Date,Country/Region,Province/State,Admin2,Confirmed,Deaths,Recovered,Latitude,Longitude,FIPS,Incidence_Rate,Case-Fatality_Ratio,Active Cases,Previous Confirmed,Previous Deaths,Previous Recovered,Previous Active,Prev2 Confirmed,Population,Daily Confirmed,Daily Deaths,Daily Recovered,Daily Active,Previous Daily Confirmed
2020-06-22,US,Alabama,Autauga,436,8,0,32.53952745,-86.64408227,1001.0,780.3970001252932,1.834862385321101,428,428,8,0,420,425,55601,8,0,0,8,3
2020-06-22,US,Alabama,Baldwin,422,9,0,30.72774991,-87.72207058,1003.0,189.03930404866642,2.1327014218009483,413,415,9,0,406,405,218022,7,0,0,7,10
2020-06-22,US,Alabama,Barbour,276,1,0,31.868263,-85.3871286,1005.0,1118.0426152475086,0.3623188405797101,275,271,1,0,270,271,24881,5,0,0,5,0
2020-06-22,US,Alabama,Bibb,126,1,0,32.99642064,-87.12511459999996,1007.0,562.6507100116104,0.7936507936507936,125,124,1,0,123,123,22400,2,0,0,2,1
2020-06-22,US,Alabama,Blount,150,1,0,33.98210918,-86.56790593,1009.0,259.39888631411475,0.6666666666666666,149,146,1,0,145,140,57840,4,0,0,4,6
2020-06-22,US,Alabama,Bullock,325,9,0,32.10030533,-85.71265535,1011.0,3217.503217503217,2.769230769230769,316,324,9,0,315,324,10138,1,0,0,1,0
2020-06-22,US,Alabama,Butler,576,26,0,31.75300095,-86.68057478,1013.0,2961.7441382147267,4.513888888888889,550,574,26,0,548,570,19680,2,0,0,2,4
2020-06-22,US,Alabama,Calhoun,207,4,0,33.77483727,-85.82630386,1015.0,182.21029004005104,1.932367149758454,203,205,4,0,201,203,114277,2,0,0,2,2
2020-06-22,US,Alabama,Chambers,514,27,0,32.91360079,-85.39072749,1017.0,1545.6787153425153,5.252918287937743,487,507,27,0,480,502,33615,7,0,0,7,5
2020-06-22,US,Alabama,Cherokee,56,6,0,34.17805983,-85.60638968,1019.0,213.77309512902733,10.714285714285714,50,56,6,0,50,56,26032,0,0,0,0,0
2020-06-22,US,Alabama,Chilton,163,2,0,32.85044126,-86.7173256,1021.0,366.88574772665885,1.2269938650306749,161,159,2,0,157,156,44153,4,0,0,4,3
2020-06-22,US,Alabama,Choctaw,185,12,0,32.02227341,-88.26564429999998,1023.0,1469.536897291286,6.486486486486488,173,185,12,0,173,185,12841,0,0,0,0,0
2020-06-22,US,Alabama,Clarke,217,5,0,31.68099859,-87.83548597,1025.0,918.6351706036743,2.3041474654377883,212,215,4,0,211,213,23920,2,1,0,1,2
2020-06-22,US,Alabama,Clay,33,2,0,33.26984193,-85.85836077,1027.0,249.3388741972044,6.0606060606060606,31,32,2,0,30,31,13275,1,0,0,1,1
2020-06-22,US,Alabama,Cleburne,22,1,0,33.67679204,-85.52005899,1029.0,147.55197853789403,4.545454545454546,21,22,1,0,21,22,14987,0,0,0,0,0
2020-06-22,US,Alabama,Coffee,313,1,0,31.39932826,-85.98901039,1031.0,597.9901417599632,0.3194888178913738,312,313,1,0,312,311,51909,0,0,0,0,2
2020-06-22,US,Alabama,Colbert,298,5,0,34.69847452,-87.80168544,1033.0,539.4543907604858,1.6778523489932886,293,297,5,0,292,295,54762,1,0,0,1,2
2020-06-22,US,Alabama,Conecuh,141,1,0,31.43401703,-86.99320044,1035.0,1168.476008950029,0.7092198581560284,140,138,1,0,137,135,12277,3,0,0,3,3
2020-06-22,US,Alabama,Coosa,50,1,0,32.93690146,-86.24847739,1037.0,468.911188220951,2.0,49,50,1,0,49,50,10715,0,0,0,0,0
2020-06-22,US,Alabama,Covington,224,2,0,31.247785399999998,-86.45050893,1039.0,604.6047126778051,0.8928571428571429,222,223,1,0,222,219,36986,1,1,0,0,4
2020-06-22,US,Alabama,Crenshaw,115,3,0,31.72941803,-86.31593104,1041.0,835.0275922160907,2.608695652173913,112,114,3,0,111,113,13824,1,0,0,1,1
2020-06-22,US,Alabama,Cullman,305,1,0,34.13020303,-86.86888037,1043.0,364.1008499665744,0.3278688524590164,304,302,1,0,301,301,83442,3,0,0,3,1
2020-06-22,US,Alabama,Dale,202,0,0,31.43037123,-85.61095742,1045.0,410.8028959570488,0.0,202,202,0,0,202,202,48956,0,0,0,0,0
2020-06-22,US,Alabama,Dallas,640,6,0,32.32688101,-87.10866709999998,1047.0,1720.6151199053659,0.9375,634,628,6,0,622,620,38310,12,0,0,12,8
2020-06-22,US,Alabama,DeKalb,414,5,0,34.45946862,-85.80782906,1049.0,578.9157216170487,1.207729468599034,409,411,5,0,406,399,71385,3,0,0,3,12
2020-06-22,US,Alabama,Elmore,677,11,0,32.59785413,-86.14415284,1051.0,833.651442574099,1.6248153618906942,666,660,11,0,649,650,81887,17,0,0,17,10
2020-06-22,US,Alabama,Escambia,158,6,0,31.1256789,-87.15918694,1053.0,431.30510741681,3.79746835443038,152,148,6,0,142,144,36748,10,0,0,10,4
2020-06-22,US,Alabama,Etowah,415,12,0,34.04567266,-86.04051873,1055.0,405.79653459537684,2.8915662650602414,403,398,12,0,386,387,102501,17,0,0,17,11
2020-06-22,US,Alabama,Fayette,58,1,0,33.72076938,-87.73886638,1057.0,355.7845663108821,1.7241379310344829,57,58,1,0,57,58,16433,0,0,0,0,0
2020-06-22,US,Alabama,Franklin,779,10,0,34.44235334,-87.84289505,1059.0,2483.897710605191,1.2836970474967908,769,778,10,0,768,772,31363,1,0,0,1,6
2020-06-22,US,Alabama,Geneva,51,0,0,31.09389027,-85.83572839,1061.0,194.1304099577481,0.0,51,51,0,0,51,51,26314,0,0,0,0,0
2020-06-22,US,Alabama,Greene,154,5,0,32.85504247,-87.95684022,1063.0,1898.6561459746024,3.2467532467532467,149,154,5,0,149,151,8233,0,0,0,0,3
2020-06-22,US,Alabama,Hale,262,18,0,32.76039258,-87.63284988,1065.0,1788.2738379632792,6.870229007633588,244,258,18,0,240,257,14726,4,0,0,4,1
2020-06-22,US,Alabama,Henry,119,3,0,31.51148016,-85.24267944,1067.0,691.6594013368207,2.5210084033613445,116,115,3,0,112,115,17209,4,0,0,4,0
2020-06-22,US,Alabama,Houston,348,4,0,31.15197924,-85.29939599,1069.0,328.66776222587407,1.1494252873563218,344,345,4,0,341,344,104722,3,0,0,3,1
2020-06-22,US,Alabama,Jackson,152,3,0,34.78144169,-85.99750489,1071.0,294.42528958276836,1.973684210526316,149,149,3,0,146,147,51736,3,0,0,3,2
2020-06-22,US,Alabama,Jefferson,3025,125,0,33.55554728,-86.89506300000002,1073.0,459.3264528002211,4.132231404958676,2900,2943,125,0,2818,2859,659300,82,0,0,82,84
2020-06-22,US,Alabama,Lamar,55,0,0,33.77995024,-88.09668032,1075.0,398.40637450199205,0.0,55,54,0,0,54,54,13844,1,0,0,1,0
2020-06-22,US,Alabama,Lauderdale,297,4,0,34.90171875,-87.65624729,1077.0,320.28815149521716,1.3468013468013469,293,296,4,0,292,293,92387,1,0,0,1,3
2020-06-22,US,Alabama,Lawrence,76,0,0,34.52041498,-87.31069453,1079.0,230.8346494958085,0.0,76,75,0,0,75,72,32957,1,0,0,1,3
2020-06-22,US,Alabama,Lee,865,35,0,32.60154883,-85.35132246,1081.0,525.7016445649135,4.0462427745664735,830,836,35,0,801,825,163941,29,0,0,29,11
2020-06-22,US,Alabama,Limestone,273,0,0,34.81185586,-86.98310072,1083.0,275.99454076732553,0.0,273,269,0,0,269,265,96174,4,0,0,4,4
2020-06-22,US,Alabama,Lowndes,420,14,0,32.1597283,-86.65158371,1085.0,4318.322023442321,3.333333333333333,406,415,14,0,401,412,9974,5,0,0,5,3
2020-06-22,US,Alabama,Macon,148,6,0,32.38759944,-85.69267724,1087.0,819.1277396502103,4.0540540540540535,142,147,6,0,141,144,18439,1,0,0,1,3
2020-06-22,US,Alabama,Madison,711,6,0,34.76327133,-86.55069633,1089.0,190.66313765556743,0.8438818565400844,705,701,6,0,695,686,366519,10,0,0,10,15
2020-06-22,US,Alabama,Marengo,237,11,0,32.24767634,-87.78796182,1091.0,1256.4279276891268,4.641350210970463,226,237,11,0,226,237,19066,0,0,0,0,0
2020-06-22,US,Alabama,Marion,168,12,0,34.13697363,-87.88704173,1093.0,565.4852065030799,7.142857142857142,156,168,12,0,156,168,29763,0,0,0,0,0
2020-06-22,US,Alabama,Marshall,1097,9,0,34.36975964,-86.30486727,1095.0,1133.5689338045345,0.8204193254329991,1088,1075,9,0,1066,1054,96109,22,0,0,22,21
2020-06-22,US,Alabama,Mobile,3014,132,0,30.78472347,-88.20842409,1097.0,729.4111952760097,4.37956204379562,2882,2994,132,0,2862,2932,413757,20,0,0,20,62
2020-06-22,US,Alabama,Monroe,162,2,0,31.56729412,-87.36995001,1099.0,781.363044421936,1.2345679012345678,160,162,2,0,160,158,21067,0,0,0,0,4
2020-06-22,US,Alabama,Montgomery,3254,79,0,32.2206831,-86.20969272,1101.0,1436.7333963247174,2.427781192378611,3175,3215,79,0,3136,3179,225763,39,0,0,39,36
2020-06-22,US,Alabama,Morgan,759,2,0,34.45500589,-86.85475946,1103.0,634.1964755721556,0.2635046113306983,757,747,2,0,745,726,119089,12,0,0,12,21
2020-06-22,US,Alabama,Perry,88,0,0,32.64048341,-87.29770589,1105.0,986.2153984086067,0.0,88,87,0,0,87,86,9140,1,0,0,1,1
2020-06-22,US,Alabama,Pickens,169,6,0,33.28094866,-88.08818103,1107.0,847.9678876066232,3.5502958579881656,163,165,6,0,159,156,19938,4,0,0,4,9
2020-06-22,US,Alabama,Pike,357,3,0,31.80396383,-85.9408295,1109.0,1078.0938575828957,0.8403361344537815,354,356,3,0,353,356,33338,1,0,0,1,0
2020-06-22,US,Alabama,Randolph,142,8,0,33.29526734,-85.45708831,1111.0,624.9449872370391,5.633802816901407,134,142,8,0,134,142,22725,0,0,0,0,0
2020-06-22,US,Alabama,Russell,366,0,0,32.28725256,-85.18415324,1113.0,631.4590845568572,0.0,366,358,0,0,358,349,57781,8,0,0,8,9
2020-06-22,US,Alabama,Shelby,779,22,0,33.26879845,-86.66232561,1117.0,357.8285913772037,2.82413350449294,757,765,22,0,743,759,215707,14,0,0,14,6
2020-06-22,US,Alabama,St. Clair,204,2,0,33.71902176,-86.31029372,1115.0,227.90240414693,0.9803921568627452,202,201,2,0,199,196,88690,3,0,0,3,5
2020-06-22,US,Alabama,Sumter,268,12,0,32.59117397,-88.19916205,1119.0,2156.594511949787,4.477611940298506,256,268,12,0,256,268,12691,0,0,0,0,0
2020-06-22,US,Alabama,Talladega,185,6,0,33.37823223,-86.16886178,1121.0,231.31361124309186,3.2432432432432434,179,182,6,0,176,178,79828,3,0,0,3,4
2020-06-22,US,Alabama,Tallapoosa,513,69,0,32.86698258,-85.79833053,1123.0,1270.8400426090618,13.45029239766082,444,510,69,0,441,506,40497,3,0,0,3,4
2020-06-22,US,Alabama,Tuscaloosa,1604,31,0,33.28726072,-87.52556818,1125.0,766.1627379331758,1.9326683291770572,1573,1581,31,0,1550,1544,208911,23,0,0,23,37
2020-06-22,US,Alabama,Unassigned,423,10,0,0.0,0.0,90001.0,0.0,2.364066193853428,413,423,10,0,413,423,,0,0,0,0,0
2020-06-22,US,Alabama,Walker,695,8,0,33.80270512,-87.30027177,1127.0,1094.1263519151146,1.1510791366906474,687,683,8,0,675,669,63711,12,0,0,12,14
2020-06-22,US,Alabama,Washington,94,6,0,31.4092794,-88.20689944,1129.0,575.7687124831557,6.382978723404255,88,92,6,0,86,92,16378,2,0,0,2,0
2020-06-22,US,Alabama,Wilcox,246,8,0,31.98773215,-87.30891118,1131.0,2371.5415019762845,3.2520325203252027,238,244,8,0,236,242,10627,2,0,0,2,2
2020-06-22,US,Alabama,Winston,177,1,0,34.15030532,-87.37325922,1133.0,749.0795209276737,0.5649717514124294,176,175,1,0,174,172,23660,2,0,0,2,3
2020-06-22,US,Alaska,Anchorage,355,6,0,61.14998174,-149.14269860000005,2020.0,123.26388888888887,1.6901408450704225,349,352,6,0,346,346,291538,3,0,0,3,6
2020-06-22,US,Alaska,Bethel,6,0,0,60.90980451,-159.8561831,2050.0,32.63352550853911,0.0,6,6,0,0,6,6,18216,0,0,0,0,0
2020-06-22,US,Alaska,Fairbanks North Star,117,2,0,64.80726247,-146.5692662,2090.0,120.80661648545673,1.709401709401709,115,117,2,0,115,114,98971,0,0,0,0,3
2020-06-22,US,Alaska,Haines,2,0,0,59.09893571,-135.4679843,2100.0,79.05138339920948,0.0,2,2,0,0,2,2,2474,0,0,0,0,0
2020-06-22,US,Alaska,Juneau,39,0,0,58.45031811,-134.200436,2110.0,121.97410395946709,0.0,39,39,0,0,39,39,32113,0,0,0,0,0
2020-06-22,US,Alaska,Kenai Peninsula,120,2,0,60.24429722,-151.53888840000005,2122.0,204.40144443687402,1.6666666666666667,118,120,2,0,118,119,58533,0,0,0,0,1
2020-06-22,US,Alaska,Ketchikan Gateway,21,0,0,55.57445008,-130.975561,2130.0,151.06826846989426,0.0,21,21,0,0,21,21,13918,0,0,0,0,0
2020-06-22,US,Alaska,Kodiak Island,3,0,0,57.65529415,-153.7493579,2150.0,23.08047391906447,0.0,3,3,0,0,3,3,13345,0,0,0,0,0
2020-06-22,US,Alaska,Matanuska-Susitna,57,1,0,62.31305045,-149.5741743,2170.0,52.623318592649355,1.7543859649122806,56,55,1,0,54,54,107610,2,0,0,2,1
2020-06-22,US,Alaska,Nome,5,0,0,64.90320724,-164.0353804,2180.0,49.980007996801284,0.0,5,5,0,0,5,5,10008,0,0,0,0,0
2020-06-22,US,Alaska,North Slope,4,0,0,69.31479216,-153.4836093,2185.0,40.68348250610252,0.0,4,3,0,0,3,3,9872,1,0,0,1,0
2020-06-22,US,Alaska,Northwest Arctic,4,0,0,67.04919196,-159.7503946,2188.0,52.48655032148013,0.0,4,4,0,0,4,4,7671,0,0,0,0,0
2020-06-22,US,Alaska,Petersburg,4,1,0,57.13978948,-132.9540995,2195.0,122.47397428046541,25.0,3,4,1,0,3,4,3221,0,0,0,0,0
2020-06-22,US,Alaska,Prince of Wales-Hyder,2,0,0,55.76261984,-133.0511621,2198.0,32.24246332419797,0.0,2,2,0,0,2,2,6422,0,0,0,0,0
2020-06-22,US,Alaska,Sitka,11,0,0,57.24124555,-135.3206587,2220.0,129.5184269398328,0.0,11,11,0,0,11,11,8647,0,0,0,0,0
2020-06-22,US,Alaska,Southeast Fairbanks,3,0,0,63.87692095,-143.2127643,2240.0,43.52241404323227,0.0,3,3,0,0,3,3,6918,0,0,0,0,0
2020-06-22,US,Alaska,Wrangell,3,0,0,56.3202004,-132.05837309999998,2275.0,119.90407673860909,0.0,3,3,0,0,3,3,2503,0,0,0,0,0
2020-06-22,US,Alaska,Yukon-Koyukuk,2,0,0,65.50815459,-151.39073869999999,2290.0,38.24091778202677,0.0,2,2,0,0,2,2,5327,0,0,0,0,0
2020-06-22,US,Arizona,Apache,2121,66,0,35.39465006,-109.4892383,4001.0,2950.4639225451056,3.111739745403112,2055,2117,66,0,2051,2116,71818,4,0,0,4,1
2020-06-22,US,Arizona,Cochise,372,6,0,31.87934684,-109.7516088,4003.0,295.4209748892171,1.6129032258064515,366,363,6,0,357,362,126770,9,0,0,9,1
2020-06-22,US,Arizona,Coconino,1541,90,0,35.83883429,-111.77071780000001,4005.0,1074.047227410856,5.840363400389358,1451,1536,90,0,1446,1490,142854,5,0,0,5,46
2020-06-22,US,Arizona,Gila,176,4,0,33.80190085,-110.8132779,4007.0,325.81732015254175,2.272727272727273,172,160,4,0,156,143,53889,16,0,0,16,17
2020-06-22,US,Arizona,Graham,65,1,0,32.93166885,-109.8882178,4009.0,167.36617143445685,1.5384615384615383,64,63,1,0,62,61,38072,2,0,0,2,2
2020-06-22,US,Arizona,Greenlee,13,1,0,33.21498827,-109.2405279,4011.0,136.870920193725,7.6923076923076925,12,13,1,0,12,13,9483,0,0,0,0,0
2020-06-22,US,Arizona,La Paz,279,3,0,33.72854224,-113.98100290000001,4012.0,1321.7737350767482,1.075268817204301,276,273,3,0,270,268,21098,6,0,0,6,5
2020-06-22,US,Arizona,Maricopa,31650,634,0,33.34835867,-112.49181540000001,4013.0,705.6204845305249,2.0031595576619274,31016,30136,632,0,29504,28303,4410824,1514,2,0,1512,1833
2020-06-22,US,Arizona,Mohave,723,73,0,35.70471703,-113.7577902,4015.0,340.7468152190818,10.096818810511756,650,721,73,0,648,717,209550,2,0,0,2,4
2020-06-22,US,Arizona,Navajo,3037,95,0,35.3997715,-110.3218983,4017.0,2737.91064152032,3.1280869278893646,2942,3009,95,0,2914,2984,110445,28,0,0,28,25
2020-06-22,US,Arizona,Pima,5587,242,0,32.0971334,-111.7890033,4019.0,533.4777074685924,4.331483801682477,5345,5370,242,0,5128,5313,1039073,217,0,0,217,57
2020-06-22,US,Arizona,Pinal,2459,50,0,32.90525627,-111.3449483,4021.0,531.3436576928146,2.03334688897926,2409,2357,50,0,2307,2171,447138,102,0,0,102,186
2020-06-22,US,Arizona,Santa Cruz,1482,13,0,31.52508998,-110.8479088,4023.0,3187.23385952084,0.8771929824561403,1469,1413,13,0,1400,1347,46511,69,0,0,69,66
2020-06-22,US,Arizona,Unassigned,0,1,0,0.0,0.0,90004.0,0.0,0.0,-1,0,1,0,-1,0,,0,0,0,0,0
2020-06-22,US,Arizona,Yavapai,490,7,0,34.59933926,-112.5538588,4025.0,208.4228346356216,1.4285714285714286,483,456,7,0,449,436,231993,34,0,0,34,20
2020-06-22,US,Arizona,Yuma,4604,65,0,32.76895712,-113.90666740000002,4027.0,2153.5453512140593,1.411815812337098,4539,4604,65,0,4539,4403,212128,0,0,0,0,201
2020-06-22,US,Arkansas,Arkansas,19,0,0,34.29145151,-91.37277296,5001.0,108.65835525563308,0.0,19,19,0,0,19,19,17769,0,0,0,0,0
2020-06-22,US,Arkansas,Ashley,56,1,0,33.19153461,-91.76984709999999,5003.0,284.8857913211578,1.7857142857142858,55,53,1,0,52,52,20046,3,0,0,3,1
2020-06-22,US,Arkansas,Baxter,15,0,0,36.28784385,-92.33782872,5005.0,35.7722026137556,0.0,15,14,0,0,14,14,41619,1,0,0,1,0
2020-06-22,US,Arkansas,Benton,2087,13,0,36.33644656,-94.25680817,5007.0,747.6508287926173,0.6229036895064686,2074,2003,13,0,1990,1904,272608,84,0,0,84,99
2020-06-22,US,Arkansas,Boone,13,0,0,36.3084504,-93.09374925,5009.0,34.72964308612952,0.0,13,11,0,0,11,11,37480,2,0,0,2,0
2020-06-22,US,Arkansas,Bradley,38,2,0,33.46755808,-92.15980837,5011.0,353.06141410387437,5.2631578947368425,36,38,2,0,36,37,10897,0,0,0,0,1
2020-06-22,US,Arkansas,Carroll,136,4,0,36.34038560000001,-93.54270261,5015.0,479.2107117688513,2.9411764705882355,132,129,4,0,125,126,28223,7,0,0,7,3
2020-06-22,US,Arkansas,Chicot,88,2,0,33.26458973,-91.29539209,5017.0,869.7371021941095,2.272727272727273,86,81,2,0,79,70,10438,7,0,0,7,11
2020-06-22,US,Arkansas,Clark,53,0,0,34.04613432,-93.17484713,5019.0,237.4551971326165,0.0,53,51,0,0,51,50,22061,2,0,0,2,1
2020-06-22,US,Arkansas,Clay,46,2,0,36.36826212,-90.4148172,5021.0,316.12947563741324,4.3478260869565215,44,40,2,0,38,33,14847,6,0,0,6,7
2020-06-22,US,Arkansas,Cleburne,77,4,0,35.53864922,-92.02640019,5023.0,309.0011637706168,5.194805194805196,73,77,4,0,73,77,24965,0,0,0,0,0
2020-06-22,US,Arkansas,Cleveland,25,0,0,33.89723187,-92.18537045,5025.0,314.228255404726,0.0,25,25,0,0,25,22,8018,0,0,0,0,3
2020-06-22,US,Arkansas,Columbia,43,2,0,33.21230701,-93.22642793,5027.0,183.3141492944537,4.651162790697675,41,38,2,0,36,32,23537,5,0,0,5,6
2020-06-22,US,Arkansas,Conway,34,3,0,35.26205537,-92.70506566,5029.0,163.10083469250696,8.823529411764708,31,34,3,0,31,29,20891,0,0,0,0,5
2020-06-22,US,Arkansas,Craighead,401,5,0,35.83018283,-90.63235729,5031.0,363.4485008882281,1.2468827930174564,396,396,5,0,391,388,108558,5,0,0,5,8
2020-06-22,US,Arkansas,Crawford,98,0,0,35.58928601,-94.2446814,5033.0,154.9235657713771,0.0,98,97,0,0,97,91,63406,1,0,0,1,6
2020-06-22,US,Arkansas,Crittenden,600,10,0,35.21247318,-90.30839406,5035.0,1251.1729746637473,1.6666666666666667,590,588,10,0,578,577,48342,12,0,0,12,11
2020-06-22,US,Arkansas,Cross,82,1,0,35.29631396,-90.77185818,5037.0,499.4214020342287,1.2195121951219512,81,82,1,0,81,82,16676,0,0,0,0,0
2020-06-22,US,Arkansas,Dallas,6,0,0,33.97042763,-92.65167437,5039.0,85.60422314167499,0.0,6,6,0,0,6,6,7182,0,0,0,0,0
2020-06-22,US,Arkansas,Desha,29,0,0,33.83011025,-91.25500948,5041.0,255.25922013907226,0.0,29,29,0,0,29,28,11512,0,0,0,0,1
2020-06-22,US,Arkansas,Drew,39,1,0,33.59035001,-91.71777921,5043.0,214.0622427136506,2.5641025641025643,38,37,1,0,36,34,18328,2,0,0,2,3
2020-06-22,US,Arkansas,Faulkner,290,3,0,35.14719007,-92.33717519,5045.0,230.14594427293721,1.0344827586206895,287,269,3,0,266,246,124806,21,0,0,21,23
2020-06-22,US,Arkansas,Franklin,13,0,0,35.51202821,-93.89299569,5047.0,73.3841377363816,0.0,13,12,0,0,12,10,17810,1,0,0,1,2
2020-06-22,US,Arkansas,Fulton,10,0,0,36.38177105,-91.81729127,5049.0,80.147471347279,0.0,10,9,0,0,9,9,12269,1,0,0,1,0
2020-06-22,US,Arkansas,Garland,180,1,0,34.57692074,-93.14921604,5051.0,181.11202785100517,0.5555555555555556,179,177,1,0,176,177,99154,3,0,0,3,0
2020-06-22,US,Arkansas,Grant,27,0,0,34.29017991,-92.42320562,5053.0,147.82370654256775,0.0,27,26,0,0,26,25,18188,1,0,0,1,1
2020-06-22,US,Arkansas,Greene,94,0,0,36.11735460000001,-90.55832668,5055.0,207.3910645339217,0.0,94,93,0,0,93,89,45325,1,0,0,1,4
2020-06-22,US,Arkansas,Hempstead,45,1,0,33.73325583,-93.66935133,5057.0,208.99126880921418,2.2222222222222223,44,44,1,0,43,44,21741,1,0,0,1,0
2020-06-22,US,Arkansas,Hot Spring,138,0,0,34.31709259,-92.95396325,5059.0,408.6346273429865,0.0,138,53,0,0,53,53,33701,85,0,0,85,0
2020-06-22,US,Arkansas,Howard,68,0,0,34.09007427,-93.9934871,5061.0,515.0734737161035,0.0,68,68,0,0,68,62,13341,0,0,0,0,6
2020-06-22,US,Arkansas,Independence,46,0,0,35.74242707,-91.57001641,5063.0,121.61269001982815,0.0,46,46,0,0,46,44,37678,0,0,0,0,2
2020-06-22,US,Arkansas,Izard,20,1,0,36.09604046,-91.90847954,5065.0,146.74590945777388,5.0,19,20,1,0,19,20,13593,0,0,0,0,0
2020-06-22,US,Arkansas,Jackson,24,0,0,35.59802983,-91.21494602,5067.0,143.54925533823794,0.0,24,21,0,0,21,21,16811,3,0,0,3,0
2020-06-22,US,Arkansas,Jefferson,657,28,0,34.26767081,-91.92619839,5069.0,983.1796959176344,4.26179604261796,629,650,28,0,622,644,68114,7,0,0,7,6
2020-06-22,US,Arkansas,Johnson,158,0,0,35.56759135,-93.46036368,5071.0,594.4766348107457,0.0,158,146,0,0,146,135,26742,12,0,0,12,11
2020-06-22,US,Arkansas,Lafayette,13,1,0,33.24116713,-93.60677071,5073.0,196.256038647343,7.6923076923076925,12,13,1,0,12,13,6682,0,0,0,0,0
2020-06-22,US,Arkansas,Lawrence,94,9,0,36.04188196,-91.10867198,5075.0,572.9611117883701,9.574468085106382,85,93,9,0,84,93,16434,1,0,0,1,0
2020-06-22,US,Arkansas,Lee,576,1,0,34.78498904,-90.78383866,5077.0,6503.33069888224,0.1736111111111111,575,574,1,0,573,572,8985,2,0,0,2,2
2020-06-22,US,Arkansas,Lincoln,1036,11,0,33.95317155,-91.74002806,5079.0,7954.545454545455,1.061776061776062,1025,1036,11,0,1025,1036,13383,0,0,0,0,0
2020-06-22,US,Arkansas,Little River,35,0,0,33.70375665,-94.23468591,5081.0,285.50452728607553,0.0,35,35,0,0,35,35,12326,0,0,0,0,0
2020-06-22,US,Arkansas,Logan,32,0,0,35.21413234,-93.71951016,5083.0,149.07295257616698,0.0,32,28,0,0,28,24,21737,4,0,0,4,4
2020-06-22,US,Arkansas,Lonoke,89,0,0,34.75392199,-91.88742357,5085.0,121.40392039176636,0.0,89,88,0,0,88,86,73657,1,0,0,1,2
2020-06-22,US,Arkansas,Madison,154,0,0,36.01038185,-93.72524943,5087.0,929.054054054054,0.0,154,146,0,0,146,142,16481,8,0,0,8,4
2020-06-22,US,Arkansas,Marion,2,0,0,36.26844485,-92.68451899,5089.0,11.980352222355338,0.0,2,2,0,0,2,2,16722,0,0,0,0,0
2020-06-22,US,Arkansas,Miller,92,2,0,33.31403423,-93.89285258,5091.0,212.68234043045052,2.1739130434782608,90,91,2,0,89,87,43592,1,0,0,1,4
2020-06-22,US,Arkansas,Mississippi,115,3,0,35.76271485,-90.05194370000002,5093.0,282.89586972030213,2.608695652173913,112,114,3,0,111,110,41239,1,0,0,1,4
2020-06-22,US,Arkansas,Monroe,7,0,0,34.6815935,-91.20540287,5095.0,104.46202059394122,0.0,7,7,0,0,7,7,6900,0,0,0,0,0
2020-06-22,US,Arkansas,Montgomery,2,0,0,34.53704874,-93.65824478,5097.0,22.2568439795237,0.0,2,2,0,0,2,2,8924,0,0,0,0,0
2020-06-22,US,Arkansas,Nevada,94,2,0,33.66340119,-93.30632432,5099.0,1139.1177896267573,2.127659574468085,92,87,2,0,85,87,8326,7,0,0,7,0
2020-06-22,US,Arkansas,Newton,4,0,0,35.91947491,-93.21612969,5101.0,51.59293176834774,0.0,4,4,0,0,4,3,7805,0,0,0,0,1
2020-06-22,US,Arkansas,Ouachita,17,0,0,33.58839816,-92.87795984,5103.0,72.70549995723206,0.0,17,17,0,0,17,17,23606,0,0,0,0,0
2020-06-22,US,Arkansas,Perry,21,0,0,34.945915299999996,-92.94372564,5105.0,200.86083213773315,0.0,21,20,0,0,20,25,10352,1,0,0,1,-5
2020-06-22,US,Arkansas,Phillips,87,2,0,34.43268455,-90.84800154,5107.0,489.25880103475424,2.2988505747126435,85,79,2,0,77,79,18029,8,0,0,8,0
2020-06-22,US,Arkansas,Pike,7,0,0,34.16250414,-93.65789349,5109.0,65.31069229333829,0.0,7,7,0,0,7,7,10673,0,0,0,0,0
2020-06-22,US,Arkansas,Poinsett,53,3,0,35.57433534,-90.66268713,5111.0,225.26351581094863,5.660377358490566,50,53,3,0,50,53,23974,0,0,0,0,0
2020-06-22,US,Arkansas,Polk,67,0,0,34.48254879,-94.22728802,5113.0,335.6040873572431,0.0,67,64,0,0,64,63,20049,3,0,0,3,1
2020-06-22,US,Arkansas,Pope,333,2,0,35.44871474,-93.03212219,5115.0,519.7278062180047,0.6006006006006006,331,326,2,0,324,322,64000,7,0,0,7,4
2020-06-22,US,Arkansas,Prairie,16,0,0,34.83624419,-91.55162157,5117.0,198.46192011907715,0.0,16,13,0,0,13,12,8074,3,0,0,3,1
2020-06-22,US,Arkansas,Pulaski,1531,52,0,34.77054088,-92.31355101,5119.0,390.6499179660688,3.3964728935336383,1479,1514,52,0,1462,1499,392680,17,0,0,17,15
2020-06-22,US,Arkansas,Randolph,39,1,0,36.3415714,-91.02455531,5121.0,217.17340461075844,2.5641025641025643,38,34,1,0,33,34,17948,5,0,0,5,0
2020-06-22,US,Arkansas,Saline,210,2,0,34.64916145,-92.67583224,5125.0,171.5167800583157,0.9523809523809524,208,209,2,0,207,200,121421,1,0,0,1,9
2020-06-22,US,Arkansas,Scott,8,0,0,34.85588887,-94.0632176,5127.0,77.81344227215251,0.0,8,8,0,0,8,8,10319,0,0,0,0,0
2020-06-22,US,Arkansas,Searcy,7,0,0,35.9109364,-92.69936482,5129.0,88.82121558177894,0.0,7,7,0,0,7,7,7958,0,0,0,0,0
2020-06-22,US,Arkansas,Sebastian,250,2,0,35.19605503,-94.27162713,5131.0,195.57683431512902,0.8,248,244,2,0,242,226,127753,6,0,0,6,18
2020-06-22,US,Arkansas,Sevier,592,6,0,33.99780401,-94.2424869,5133.0,3480.919621332393,1.0135135135135136,586,588,5,0,583,563,17139,4,1,0,3,25
2020-06-22,US,Arkansas,Sharp,51,4,0,36.16258158,-91.47819342,5135.0,292.39766081871346,7.84313725490196,47,50,4,0,46,50,17366,1,0,0,1,0
2020-06-22,US,Arkansas,St. Francis,792,3,0,35.02201976,-90.74828138,5123.0,3168.760502520605,0.3787878787878788,789,791,3,0,788,791,25439,1,0,0,1,0
2020-06-22,US,Arkansas,Stone,13,0,0,35.86251946,-92.15684085,5137.0,103.95010395010395,0.0,13,11,0,0,11,11,12457,2,0,0,2,0
2020-06-22,US,Arkansas,Unassigned,584,0,0,0.0,0.0,90005.0,0.0,0.0,584,571,0,0,571,560,,13,0,0,13,11
2020-06-22,US,Arkansas,Union,227,13,0,33.16887091,-92.59746952,5139.0,586.8362545886977,5.7268722466960345,214,224,13,0,211,223,39126,3,0,0,3,1
2020-06-22,US,Arkansas,Van Buren,30,2,0,35.58095779,-92.51295036,5141.0,181.3236627379873,6.666666666666668,28,30,2,0,28,30,16603,0,0,0,0,0
2020-06-22,US,Arkansas,Washington,2531,18,0,35.976844,-94.21800746,5143.0,1058.1678770167275,0.7111813512445674,2513,2404,18,0,2386,2321,236961,127,0,0,127,83
2020-06-22,US,Arkansas,White,76,1,0,35.25688493,-91.74908296,5145.0,96.50426015516871,1.3157894736842106,75,73,1,0,72,73,78727,3,0,0,3,0
2020-06-22,US,Arkansas,Woodruff,6,0,0,35.18902527,-91.2439489,5147.0,94.93670886075951,0.0,6,6,0,0,6,5,6490,0,0,0,0,1
2020-06-22,US,Arkansas,Yell,435,3,0,35.00292371,-93.41171338,5149.0,2038.3299751651748,0.6896551724137931,432,416,2,0,414,403,21535,19,1,0,18,13
2020-06-22,US,California,Alameda,5007,120,0,37.64629437,-121.8929271,6001.0,299.5819494545957,2.3966446974236066,4887,4924,119,0,4805,4924,1666753,83,1,0,82,0
2020-06-22,US,California,Alpine,2,0,0,38.59678594,-119.82235940000001,6003.0,177.14791851195747,0.0,2,2,0,0,2,2,1101,0,0,0,0,0
2020-06-22,US,California,Amador,22,0,0,38.44583082,-120.65696000000001,6005.0,55.34312738981686,0.0,22,13,0,0,13,13,39383,9,0,0,9,0
2020-06-22,US,California,Butte,111,1,0,39.66727762,-121.6005252,6007.0,50.641920560619745,0.9009009009009008,110,94,1,0,93,94,231256,17,0,0,17,0
2020-06-22,US,California,Calaveras,28,0,0,38.20537103,-120.55291299999999,6009.0,60.995534255527716,0.0,28,28,0,0,28,28,45602,0,0,0,0,0
2020-06-22,US,California,Colusa,7,0,0,39.17881957,-122.2331726,6011.0,32.48712117696199,0.0,7,7,0,0,7,7,21627,0,0,0,0,0
2020-06-22,US,California,Contra Costa,2369,62,0,37.91923498,-121.9289527,6013.0,205.3703167505544,2.617138032925285,2307,2294,62,0,2232,2240,1150215,75,0,0,75,54
2020-06-22,US,California,Del Norte,48,1,0,41.74228275,-123.89740630000001,6015.0,172.58737235725587,2.083333333333333,47,48,1,0,47,48,27828,0,0,0,0,0
2020-06-22,US,California,El Dorado,145,0,0,38.77965956,-120.5233166,6017.0,75.19069916979096,0.0,145,130,0,0,130,130,190678,15,0,0,15,0
2020-06-22,US,California,Fresno,3485,67,0,36.75733899,-119.6466953,6019.0,348.81358341148695,1.9225251076040173,3418,3245,66,0,3179,3245,994400,240,1,0,239,0
2020-06-22,US,California,Glenn,42,0,0,39.59875897,-122.3938452,6021.0,147.92378403127532,0.0,42,42,0,0,42,42,28047,0,0,0,0,0
2020-06-22,US,California,Humboldt,112,4,0,40.69923009,-123.876044,6023.0,82.62146092447513,3.571428571428572,108,110,4,0,106,110,136373,2,0,0,2,0
2020-06-22,US,California,Imperial,4800,64,0,33.0393082,-115.36690420000001,6025.0,2648.787352040394,1.3333333333333333,4736,4800,64,0,4736,4800,181827,0,0,0,0,0
2020-06-22,US,California,Inyo,25,1,0,36.51112084,-117.41119779999998,6027.0,138.58861355950995,4.0,24,24,1,0,23,24,17987,1,0,0,1,0
2020-06-22,US,California,Kern,3965,60,0,35.34329425,-118.72777959999999,6029.0,440.45669749678405,1.5132408575031526,3905,3890,60,0,3830,3793,896764,75,0,0,75,97
2020-06-22,US,California,Kings,2158,18,0,36.07409056,-119.8159973,6031.0,1411.0108539296455,0.8341056533827618,2140,2091,15,0,2076,2057,151366,67,3,0,64,34
2020-06-22,US,California,Lake,40,0,0,39.10124298,-122.75362439999999,6033.0,62.12530674370205,0.0,40,35,0,0,35,35,64382,5,0,0,5,0
2020-06-22,US,California,Lassen,11,0,0,40.67311306,-120.59350990000002,6035.0,35.97945899977104,0.0,11,11,0,0,11,9,30802,0,0,0,0,2
2020-06-22,US,California,Los Angeles,86017,3137,0,34.30828379,-118.22824109999999,6037.0,856.8192370098258,3.646953509190044,82880,83414,3121,0,80293,81709,10105518,2603,16,0,2587,1705
2020-06-22,US,California,Madera,334,5,0,37.21513971,-119.76655890000002,6039.0,212.29668143421029,1.497005988023952,329,314,4,0,310,314,157672,20,1,0,19,0
2020-06-22,US,California,Marin,1250,18,0,38.07122463,-122.72106310000001,6041.0,482.94993547788863,1.44,1232,1110,18,0,1092,1030,259666,140,0,0,140,80
2020-06-22,US,California,Mariposa,18,1,0,37.57978556,-119.9073334,6043.0,104.63291286403536,5.5555555555555545,17,18,1,0,17,18,17471,0,0,0,0,0
2020-06-22,US,California,Mendocino,62,0,0,39.4381191,-123.39113130000001,6045.0,71.47056450218446,0.0,62,54,0,0,54,54,87606,8,0,0,8,0
2020-06-22,US,California,Merced,661,9,0,37.18922369,-120.72090349999999,6047.0,238.0437914145779,1.361573373676248,652,616,9,0,607,564,274765,45,0,0,45,52
2020-06-22,US,California,Mono,40,1,0,37.93899289,-118.8872409,6051.0,276.93159789531984,2.5,39,37,1,0,36,37,14250,3,0,0,3,0
2020-06-22,US,California,Monterey,1291,12,0,36.21862405,-121.24133970000001,6053.0,297.4236340053587,0.9295120061967468,1279,1225,12,0,1213,1181,435594,66,0,0,66,44
2020-06-22,US,California,Napa,239,4,0,38.50735751,-122.33283899999999,6055.0,173.5102799395981,1.6736401673640169,235,224,4,0,220,224,139417,15,0,0,15,0
2020-06-22,US,California,Nevada,82,1,0,39.30394768,-120.76272809999999,6057.0,82.20139341386397,1.2195121951219512,81,75,1,0,74,75,99696,7,0,0,7,0
2020-06-22,US,California,Orange,10595,269,0,33.70147516,-117.76459979999998,6059.0,333.6280722437818,2.5389334591788577,10326,10422,269,0,10153,9988,3185968,173,0,0,173,434
2020-06-22,US,California,Placer,519,9,0,39.06167234,-120.72405690000001,6061.0,130.29430445686856,1.7341040462427746,510,502,9,0,493,490,393149,17,0,0,17,12
2020-06-22,US,California,Plumas,6,0,0,40.00355989,-120.8395236,6063.0,31.9030148349019,0.0,6,6,0,0,6,6,18804,0,0,0,0,0
2020-06-22,US,California,Riverside,13800,424,0,33.74314981,-115.9933578,6065.0,558.5809776462369,3.072463768115942,13376,12778,410,0,12368,12778,2450758,1022,14,0,1008,0
2020-06-22,US,California,Sacramento,2243,66,0,38.45106826,-121.34253740000001,6067.0,144.51779508240028,2.942487739634418,2177,2160,67,0,2093,2069,1540975,83,-1,0,84,91
2020-06-22,US,California,San Benito,181,2,0,36.60308176,-121.069975,6069.0,288.17984970067505,1.1049723756906078,179,170,2,0,168,164,61537,11,0,0,11,6
2020-06-22,US,California,San Bernardino,9361,234,0,34.84060306,-116.1774685,6071.0,429.3869275739249,2.499732934515543,9127,9156,233,0,8923,8959,2171603,205,1,0,204,197
2020-06-22,US,California,San Diego,11096,338,0,33.03484597,-116.73653259999999,6073.0,332.38175974214647,3.0461427541456385,10758,10794,338,0,10456,10484,3343364,302,0,0,302,310
2020-06-22,US,California,San Francisco,3185,48,0,37.75215114,-122.43856720000001,6075.0,361.2958553636837,1.5070643642072217,3137,3058,47,0,3011,3058,883305,127,1,0,126,0
2020-06-22,US,California,San Joaquin,2400,48,0,37.93433732,-121.2730061,6077.0,314.89946834473096,2.0,2352,2519,48,0,2471,2519,752660,-119,0,0,-119,0
2020-06-22,US,California,San Luis Obispo,442,1,0,35.38822029,-120.4039028,6079.0,156.12251025216258,0.2262443438914027,441,404,1,0,403,404,284010,38,0,0,38,0
2020-06-22,US,California,San Mateo,2825,103,0,37.422880799999994,-122.32755459999998,6081.0,368.523284801317,3.6460176991150437,2722,2721,103,0,2618,2721,769545,104,0,0,104,0
2020-06-22,US,California,Santa Barbara,2446,27,0,34.65329488,-120.0188492,6083.0,547.8175762991631,1.1038430089942763,2419,2319,22,0,2297,2319,446527,127,5,0,122,0
2020-06-22,US,California,Santa Clara,3606,154,0,37.23104908,-121.6970462,6085.0,187.04755344289916,4.270660011092623,3452,3547,152,0,3395,3458,1937570,59,2,0,57,89
2020-06-22,US,California,Santa Cruz,296,2,0,37.05580291,-122.0066524,6087.0,108.34037911812395,0.6756756756756757,294,296,2,0,294,286,274255,0,0,0,0,10
2020-06-22,US,California,Shasta,86,4,0,40.76391419,-122.0396884,6089.0,47.75655264326965,4.651162790697675,82,81,4,0,77,80,180040,5,0,0,5,1
2020-06-22,US,California,Sierra,1,0,0,39.57713498,-120.52007009999998,6091.0,33.277870216306155,0.0,1,1,0,0,1,1,2987,0,0,0,0,0
2020-06-22,US,California,Siskiyou,24,0,0,41.59198861,-122.54074340000001,6093.0,55.122993178529605,0.0,24,23,0,0,23,22,43724,1,0,0,1,1
2020-06-22,US,California,Solano,933,23,0,38.26827353,-121.9357113,6095.0,208.42501725705532,2.465166130760986,910,860,23,0,837,860,446610,73,0,0,73,0
2020-06-22,US,California,Sonoma,885,5,0,38.52746429,-122.88625060000001,6097.0,179.02802951838424,0.5649717514124294,880,853,4,0,849,835,499942,32,1,0,31,18
2020-06-22,US,California,Stanislaus,1639,37,0,37.55862499,-120.9970722,6099.0,297.6428286056732,2.2574740695546063,1602,1599,35,0,1564,1514,549815,40,2,0,38,85
2020-06-22,US,California,Sutter,161,4,0,39.03417539,-121.6945899,6101.0,166.02901898505738,2.4844720496894412,157,101,3,0,98,101,96807,60,1,0,59,0
2020-06-22,US,California,Tehama,53,1,0,40.12570935,-122.23701709999999,6103.0,81.43322475570031,1.8867924528301887,52,34,1,0,33,34,63916,19,0,0,19,0
2020-06-22,US,California,Trinity,2,0,0,40.64917670000001,-123.114713,6105.0,16.28001628001628,0.0,2,2,0,0,2,2,12535,0,0,0,0,0
2020-06-22,US,California,Tulare,3177,113,0,36.22026558,-118.8020203,6107.0,681.4744902883988,3.5568146049732454,3064,3046,111,0,2935,3046,465861,131,2,0,129,0
2020-06-22,US,California,Tuolumne,12,0,0,38.02644018,-119.95250929999999,6109.0,22.02724035390433,0.0,12,12,0,0,12,10,54539,0,0,0,0,2
2020-06-22,US,California,Ventura,2030,43,0,34.44465746,-119.09106129999999,6111.0,239.95101689586127,2.118226600985221,1987,1835,42,0,1793,1835,850967,195,1,0,194,0
2020-06-22,US,California,Yolo,347,24,0,38.68278902,-121.90182879999999,6113.0,157.36961451247166,6.916426512968299,323,330,24,0,306,321,220408,17,0,0,17,9
2020-06-22,US,California,Yuba,43,1,0,39.26255932,-121.35356440000001,6115.0,54.66009050694056,2.3255813953488373,42,42,1,0,41,42,78041,1,0,0,1,0
2020-06-22,US,Colorado,Adams,3932,153,0,39.87432092,-104.3362578,8001.0,759.9227708191202,3.891149542217701,3779,3909,152,0,3757,3872,511868,23,1,0,22,37
2020-06-22,US,Colorado,Alamosa,169,3,0,37.57250606,-105.7885451,8003.0,1041.0891394073801,1.7751479289940828,166,168,3,0,165,159,16683,1,0,0,1,9
2020-06-22,US,Colorado,Arapahoe,4975,339,0,39.64977461,-104.3353617,8005.0,757.7026759469379,6.814070351758794,4636,4941,339,0,4602,4921,651215,34,0,0,34,20
2020-06-22,US,Colorado,Archuleta,8,0,0,37.19474156,-107.0476867,8007.0,57.02473447858009,0.0,8,8,0,0,8,8,13765,0,0,0,0,0
2020-06-22,US,Colorado,Baca,12,0,0,37.31940883,-102.5603223,8009.0,335.1019268360793,0.0,12,12,0,0,12,12,3585,0,0,0,0,0
2020-06-22,US,Colorado,Bent,4,0,0,37.95474293,-103.0720195,8011.0,71.72314864622557,0.0,4,3,0,0,3,3,5882,1,0,0,1,0
2020-06-22,US,Colorado,Boulder,1259,71,0,40.09313619,-105.3546767,8013.0,385.9642668824878,5.639396346306592,1188,1243,71,0,1172,1228,326078,16,0,0,16,15
2020-06-22,US,Colorado,Broomfield,280,28,0,39.95998787,-105.0566324,8014.0,397.3603916838146,10.0,252,278,28,0,250,277,69267,2,0,0,2,1
2020-06-22,US,Colorado,Chaffee,78,20,0,38.74745778,-106.19265729999998,8015.0,383.1794065631754,25.64102564102564,58,78,20,0,58,78,20027,0,0,0,0,0
2020-06-22,US,Colorado,Cheyenne,5,0,0,38.82777431,-102.6032558,8017.0,273.07482250136536,0.0,5,5,0,0,5,5,1876,0,0,0,0,0
2020-06-22,US,Colorado,Clear Creek,18,1,0,39.68864463,-105.6463118,8019.0,185.56701030927837,5.5555555555555545,17,18,1,0,17,18,9605,0,0,0,0,0
2020-06-22,US,Colorado,Conejos,12,0,0,37.201606,-106.19174879999998,8021.0,146.25228519195613,0.0,12,12,0,0,12,12,8200,0,0,0,0,0
2020-06-22,US,Colorado,Costilla,17,0,0,37.27732493,-105.4276548,8023.0,437.35528685361464,0.0,17,17,0,0,17,17,3828,0,0,0,0,0
2020-06-22,US,Colorado,Crowley,69,1,0,38.32608609,-103.7844965,8025.0,1138.4260023098498,1.4492753623188406,68,68,1,0,67,68,5858,1,0,0,1,0
2020-06-22,US,Colorado,Custer,2,0,0,38.10883162,-105.3683478,8027.0,39.463299131807425,0.0,2,2,0,0,2,2,4954,0,0,0,0,0
2020-06-22,US,Colorado,Delta,80,1,0,38.86246243,-107.8631342,8029.0,256.7229317758809,1.25,79,80,1,0,79,80,30953,0,0,0,0,0
2020-06-22,US,Colorado,Denver,6663,367,0,39.76018276,-104.8725695,8031.0,916.2402658925675,5.508029416178899,6296,6630,367,0,6263,6603,716492,33,0,0,33,27
2020-06-22,US,Colorado,Douglas,864,51,0,39.33133796,-104.930001,8035.0,246.04589439391262,5.902777777777778,813,852,51,0,801,839,342776,12,0,0,12,13
2020-06-22,US,Colorado,Eagle,656,8,0,39.62754308,-106.6933637,8037.0,1189.9795018774828,1.2195121951219512,648,649,8,0,641,641,54993,7,0,0,7,8
2020-06-22,US,Colorado,El Paso,2113,116,0,38.83240149,-104.5251411,8041.0,293.3080511880156,5.489824893516327,1997,2101,116,0,1985,2079,713856,12,0,0,12,22
2020-06-22,US,Colorado,Elbert,54,2,0,39.28656773,-104.1358721,8039.0,202.02776011074118,3.703703703703704,52,54,2,0,52,54,26282,0,0,0,0,0
2020-06-22,US,Colorado,Fremont,31,0,0,38.47362326,-105.4399667,8043.0,64.8006856330609,0.0,31,31,0,0,31,30,48021,0,0,0,0,1
2020-06-22,US,Colorado,Garfield,224,2,0,39.59921777,-107.902708,8045.0,372.9541632673449,0.8928571428571429,222,222,2,0,220,217,59770,2,0,0,2,5
2020-06-22,US,Colorado,Gilpin,6,0,0,39.85646523,-105.5252597,8047.0,96.10764055742432,0.0,6,6,0,0,6,6,6121,0,0,0,0,0
2020-06-22,US,Colorado,Grand,18,0,0,40.10603347,-106.1178042,8049.0,114.40193212152029,0.0,18,19,0,0,19,18,15525,-1,0,0,-1,1
2020-06-22,US,Colorado,Gunnison,182,6,0,38.66611652,-107.0320729,8051.0,1042.2632000916276,3.2967032967032965,176,182,6,0,176,182,17246,0,0,0,0,0
2020-06-22,US,Colorado,Hinsdale,3,0,0,37.82247444,-107.3004345,8053.0,365.8536585365854,0.0,3,3,0,0,3,3,811,0,0,0,0,0
2020-06-22,US,Colorado,Huerfano,4,0,0,37.68473101,-104.9612585,8055.0,57.99623024503408,0.0,4,4,0,0,4,4,6889,0,0,0,0,0
2020-06-22,US,Colorado,Jefferson,2543,205,0,39.58635604,-105.2517692,8059.0,436.2811620210644,8.061344868265827,2338,2532,203,0,2329,2526,580233,11,2,0,9,6
2020-06-22,US,Colorado,Kit Carson,31,3,0,39.30497777,-102.6022199,8063.0,436.80428350007037,9.677419354838712,28,31,3,0,28,31,7163,0,0,0,0,0
2020-06-22,US,Colorado,La Plata,86,1,0,37.28632032,-107.8429014,8067.0,152.96775226338912,1.162790697674419,85,86,1,0,85,86,56310,0,0,0,0,0
2020-06-22,US,Colorado,Lake,48,0,0,39.20278823,-106.3555697,8065.0,590.6238464377999,0.0,48,48,0,0,48,46,7824,0,0,0,0,2
2020-06-22,US,Colorado,Larimer,680,29,0,40.66671597,-105.4625784,8069.0,190.53009394814782,4.264705882352942,651,680,29,0,651,673,350518,0,0,0,0,7
2020-06-22,US,Colorado,Las Animas,8,0,0,37.3153406,-104.0376458,8071.0,55.14959327174962,0.0,8,8,0,0,8,7,14503,0,0,0,0,1
2020-06-22,US,Colorado,Lincoln,4,0,0,38.98749519,-103.5136649,8073.0,70.1631292755657,0.0,4,4,0,0,4,3,5610,0,0,0,0,1
2020-06-22,US,Colorado,Logan,635,5,0,40.7249637,-103.110817,8075.0,2833.682895265295,0.7874015748031497,630,635,5,0,630,635,21528,0,0,0,0,0
2020-06-22,US,Colorado,Mesa,80,0,0,39.01787888,-108.469799,8077.0,51.87731016146813,0.0,80,79,0,0,79,79,153207,1,0,0,1,0
2020-06-22,US,Colorado,Mineral,2,0,0,37.66954283,-106.9281698,8079.0,260.0780234070221,0.0,2,2,0,0,2,2,776,0,0,0,0,0
2020-06-22,US,Colorado,Moffat,9,0,0,40.61810999,-108.2070876,8081.0,67.75577806218476,0.0,9,9,0,0,9,9,13188,0,0,0,0,0
2020-06-22,US,Colorado,Montezuma,68,3,0,37.33859579,-108.5958857,8083.0,259.71049917885654,4.411764705882354,65,67,3,0,64,67,26158,1,0,0,1,0
2020-06-22,US,Colorado,Montrose,201,12,0,38.40214114,-108.26390220000002,8085.0,470.0874690116469,5.970149253731344,189,200,12,0,188,199,42214,1,0,0,1,1
2020-06-22,US,Colorado,Morgan,649,46,0,40.26279810000001,-103.8093302,8087.0,2232.6957479014723,7.0878274268104775,603,649,46,0,603,649,28558,0,0,0,0,0
2020-06-22,US,Colorado,Otero,22,1,0,37.9014485,-103.7173385,8089.0,120.3632782580151,4.545454545454546,21,22,1,0,21,22,18432,0,0,0,0,0
2020-06-22,US,Colorado,Ouray,10,1,0,38.14717457,-107.7675136,8091.0,201.93861066235863,10.0,9,10,1,0,9,10,4833,0,0,0,0,0
2020-06-22,US,Colorado,Park,25,0,0,39.120926,-105.7182065,8093.0,132.66118333775538,0.0,25,24,0,0,24,23,18556,1,0,0,1,1
2020-06-22,US,Colorado,Phillips,15,0,0,40.59414277,-102.3577703,8095.0,351.6998827667058,0.0,15,15,0,0,15,15,4286,0,0,0,0,0
2020-06-22,US,Colorado,Pitkin,80,2,0,39.21720112,-106.9310027,8097.0,450.2729779929082,2.5,78,80,2,0,78,80,17950,0,0,0,0,0
2020-06-22,US,Colorado,Prowers,16,0,0,37.95544985,-102.3926052,8099.0,131.44922773578705,0.0,16,16,0,0,16,16,12164,0,0,0,0,0
2020-06-22,US,Colorado,Pueblo,358,24,0,38.17359144,-104.5127437,8101.0,212.55878022134613,6.70391061452514,334,357,23,0,334,355,167529,1,1,0,0,2
2020-06-22,US,Colorado,Rio Blanco,2,0,0,39.97913541,-108.2179009,8103.0,31.625553447185325,0.0,2,2,0,0,2,2,6336,0,0,0,0,0
2020-06-22,US,Colorado,Rio Grande,65,1,0,37.5836865,-106.3847838,8105.0,576.9060086979675,1.5384615384615383,64,64,1,0,63,62,11250,1,0,0,1,2
2020-06-22,US,Colorado,Routt,65,6,0,40.48596505,-106.9905548,8107.0,253.52991653015056,9.23076923076923,59,64,6,0,58,63,25733,1,0,0,1,1
2020-06-22,US,Colorado,Saguache,99,2,0,38.08054629,-106.282466,8109.0,1450.762016412661,2.0202020202020203,97,100,2,0,98,100,6843,-1,0,0,-1,0
2020-06-22,US,Colorado,San Juan,1,0,0,37.76248981,-107.67632890000002,8111.0,137.36263736263737,0.0,1,1,0,0,1,1,762,0,0,0,0,0
2020-06-22,US,Colorado,San Miguel,28,0,0,38.00450883,-108.4020725,8113.0,342.34013938134245,0.0,28,28,0,0,28,28,8191,0,0,0,0,0
2020-06-22,US,Colorado,Summit,263,3,0,39.63803232,-106.1150762,8117.0,848.0861629744286,1.1406844106463878,260,262,3,0,259,262,31007,1,0,0,1,0
2020-06-22,US,Colorado,Teller,40,2,0,38.88133511,-105.1614893,8119.0,157.5547502757208,5.0,38,39,2,0,37,39,25083,1,0,0,1,0
2020-06-22,US,Colorado,Washington,44,0,0,39.97015535,-103.202587,8121.0,896.4955175224122,0.0,44,44,0,0,44,44,4909,0,0,0,0,0
2020-06-22,US,Colorado,Weld,2724,136,0,40.55499405,-104.3929621,8123.0,839.4659960800266,4.992657856093978,2588,2721,136,0,2585,2714,314305,3,0,0,3,7
2020-06-22,US,Colorado,Yuma,50,0,0,40.00346839,-102.4258673,8125.0,499.0518015770037,0.0,50,50,0,0,50,49,10020,0,0,0,0,1
2020-06-22,US,Connecticut,Fairfield,16483,1362,0,41.26809896,-73.3881171,9001.0,1747.3169573384555,8.263058909179154,15121,16475,1361,0,15114,16469,943823,8,1,0,7,6
2020-06-22,US,Connecticut,Hartford,11414,1350,0,41.80283011,-72.73103891,9003.0,1279.9982057147984,11.827580164710007,10064,11405,1350,0,10055,11392,892697,9,0,0,9,13
2020-06-22,US,Connecticut,Litchfield,1467,135,0,41.7937534,-73.2451475,9005.0,813.4950341867544,9.202453987730062,1332,1467,135,0,1332,1467,181111,0,0,0,0,0
2020-06-22,US,Connecticut,Middlesex,1259,174,0,41.45949668,-72.53714864,9007.0,775.0744908764067,13.820492454328832,1085,1259,174,0,1085,1258,162682,0,0,0,0,1
2020-06-22,US,Connecticut,New Haven,12196,1063,0,41.408032500000004,-72.93620426,9009.0,1426.8382709939785,8.715972449983601,11133,12185,1061,0,11124,12174,857620,11,2,0,9,11
2020-06-22,US,Connecticut,New London,1214,101,0,41.48896435,-72.10430976,9011.0,457.75736597211227,8.319604612850082,1113,1217,101,0,1116,1209,266784,-3,0,0,-3,8
2020-06-22,US,Connecticut,Tolland,895,64,0,41.85853803,-72.3308481,9013.0,593.8124083571632,7.150837988826815,831,895,64,0,831,895,150921,0,0,0,0,0
2020-06-22,US,Connecticut,Unassigned,270,0,0,0.0,0.0,90009.0,0.0,0.0,270,273,0,0,273,276,,-3,0,0,-3,-3
2020-06-22,US,Connecticut,Windham,584,14,0,41.82972709,-71.98182316,9015.0,500.0770666712336,2.3972602739726026,570,579,14,0,565,575,117027,5,0,0,5,4
2020-06-22,US,Delaware,Kent,1620,84,0,39.08646628,-75.56884914,10001.0,896.0870863894327,5.185185185185184,1536,1613,84,0,1529,1606,178550,7,0,0,7,7
2020-06-22,US,Delaware,New Castle,4682,197,0,39.57992638,-75.64054974,10003.0,837.9373354594965,4.2076035882101674,4485,4647,197,0,4450,4569,559335,35,0,0,35,78
2020-06-22,US,Delaware,Sussex,4501,154,0,38.66143781,-75.39031349,10005.0,1921.6565268438467,3.421461897356143,4347,4495,154,0,4341,4487,229286,6,0,0,6,8
2020-06-22,US,Delaware,Unassigned,17,0,0,0.0,0.0,90010.0,0.0,0.0,17,20,0,0,20,19,,-3,0,0,-3,1
2020-06-22,US,District of Columbia,District of Columbia,10058,535,0,38.90417773,-77.01655992,11001.0,1425.152568406048,5.319148936170213,9523,10020,533,0,9487,9984,702455,38,2,0,36,36
2020-06-22,US,Florida,Alachua,738,11,0,29.67866525,-82.35928158,12001.0,274.30559427303444,1.4905149051490514,727,716,11,0,705,673,269956,22,0,0,22,43
2020-06-22,US,Florida,Baker,44,4,0,30.33060121,-82.28467476,12003.0,150.63334474495036,9.090909090909092,40,41,4,0,37,39,28355,3,0,0,3,2
2020-06-22,US,Florida,Bay,205,4,0,30.26548745,-85.62122584,12005.0,117.34065996966316,1.951219512195122,201,190,4,0,186,188,185287,15,0,0,15,2
2020-06-22,US,Florida,Bradford,63,2,0,29.95079741,-82.16611613,12007.0,223.3963334633524,3.1746031746031744,61,61,2,0,59,61,27732,2,0,0,2,0
2020-06-22,US,Florida,Brevard,878,16,0,28.29409504,-80.73091022,12009.0,145.8612291549684,1.8223234624145783,862,850,16,0,834,817,596849,28,0,0,28,33
2020-06-22,US,Florida,Broward,11327,373,0,26.15184651,-80.48725556,12011.0,580.0454531953965,3.293016685795003,10954,11155,373,0,10782,10837,1951260,172,0,0,172,318
2020-06-22,US,Florida,Calhoun,69,6,0,30.40666734,-85.19394153,12013.0,489.18823112371496,8.695652173913043,63,69,6,0,63,68,14587,0,0,0,0,1
2020-06-22,US,Florida,Charlotte,597,75,0,26.90131002,-81.92949121,12015.0,316.0235032555185,12.562814070351761,522,587,75,0,512,581,184998,10,0,0,10,6
2020-06-22,US,Florida,Citrus,199,12,0,28.84804315,-82.47614748,12017.0,132.9707263943551,6.030150753768845,187,189,12,0,177,183,147929,10,0,0,10,6
2020-06-22,US,Florida,Clay,519,32,0,29.98319144,-81.85609986,12019.0,236.71391823107655,6.165703275529865,487,494,32,0,462,481,216072,25,0,0,25,13
2020-06-22,US,Florida,Collier,3206,64,0,26.11091986,-81.34687065,12021.0,832.9392936383807,1.9962570180910792,3142,3159,64,0,3095,3097,378488,47,0,0,47,62
2020-06-22,US,Florida,Columbia,232,3,0,30.22509788,-82.62160164,12023.0,323.633624417599,1.293103448275862,229,227,3,0,224,219,70503,5,0,0,5,8
2020-06-22,US,Florida,DeSoto,468,10,0,27.18677893,-81.80941373,12027.0,1231.5465382489936,2.1367521367521367,458,450,10,0,440,439,37489,18,0,0,18,11
2020-06-22,US,Florida,Dixie,61,3,0,29.60631086,-83.15724673,12029.0,362.5341733032212,4.918032786885246,58,61,3,0,58,61,16700,0,0,0,0,0
2020-06-22,US,Florida,Duval,3085,60,0,30.33225875,-81.66976468,12031.0,322.10742830890985,1.9448946515397083,3025,2902,60,0,2842,2695,950181,183,0,0,183,207
2020-06-22,US,Florida,Escambia,1202,41,0,30.67652764,-87.37284571,12033.0,377.61218411892577,3.410981697171381,1161,1198,41,0,1157,1170,315534,4,0,0,4,28
2020-06-22,US,Florida,Flagler,237,5,0,29.45933576,-81.31508595,12035.0,205.94190179091248,2.109704641350211,232,226,5,0,221,224,112067,11,0,0,11,2
2020-06-22,US,Florida,Franklin,4,0,0,29.83791238,-84.82731662,12037.0,32.98969072164948,0.0,4,2,0,0,2,2,11736,2,0,0,2,0
2020-06-22,US,Florida,Gadsden,326,6,0,30.57796289,-84.61915825,12039.0,713.9728427507664,1.8404907975460123,320,322,6,0,316,322,45894,4,0,0,4,0
2020-06-22,US,Florida,Gilchrist,86,0,0,29.72856978,-82.79880657,12041.0,462.81347540630725,0.0,86,75,0,0,75,75,18256,11,0,0,11,0
2020-06-22,US,Florida,Glades,142,1,0,26.95635849,-81.18996211,12043.0,1028.1659546738108,0.7042253521126759,141,142,1,0,141,121,13724,0,0,0,0,21
2020-06-22,US,Florida,Gulf,11,0,0,29.93543004,-85.24270990000002,12045.0,80.65107412566906,0.0,11,11,0,0,11,11,16164,0,0,0,0,0
2020-06-22,US,Florida,Hamilton,302,2,0,30.49673973,-82.94998918,12047.0,2093.152204047685,0.6622516556291391,300,289,2,0,287,287,14310,13,0,0,13,2
2020-06-22,US,Florida,Hardee,305,1,0,27.49293939,-81.80956574,12049.0,1132.2715966885694,0.3278688524590164,304,289,1,0,288,272,27245,16,0,0,16,17
2020-06-22,US,Florida,Hendry,763,22,0,26.55386945,-81.16469006,12051.0,1815.7155775546146,2.8833551769331587,741,759,22,0,737,747,41556,4,0,0,4,12
2020-06-22,US,Florida,Hernando,200,5,0,28.55364461,-82.42700204,12053.0,103.13531353135313,2.5,195,185,5,0,180,171,190865,15,0,0,15,14
2020-06-22,US,Florida,Highlands,238,10,0,27.34254618,-81.34071957,12055.0,224.0611555153877,4.201680672268908,228,226,10,0,216,215,105424,12,0,0,12,11
2020-06-22,US,Florida,Hillsborough,5973,115,0,27.9276559,-82.32013172,12057.0,405.78327789734567,1.9253306546124225,5858,5580,114,0,5466,5319,1436888,393,1,0,392,261
2020-06-22,US,Florida,Holmes,58,0,0,30.86747479,-85.81319222,12059.0,295.66192588061375,0.0,58,47,0,0,47,47,19477,11,0,0,11,0
2020-06-22,US,Florida,Indian River,409,15,0,27.69308961,-80.60556721,12061.0,255.7480787629046,3.667481662591687,394,389,15,0,374,369,157413,20,0,0,20,20
2020-06-22,US,Florida,Jackson,338,2,0,30.795459700000002,-85.21500423,12063.0,728.2285517300813,0.591715976331361,336,333,2,0,331,330,48305,5,0,0,5,3
2020-06-22,US,Florida,Jefferson,36,4,0,30.43669112,-83.89442308,12065.0,252.70251298610137,11.111111111111109,32,36,4,0,32,36,14288,0,0,0,0,0
2020-06-22,US,Florida,Lafayette,20,0,0,29.98484137,-83.18166636,12067.0,237.47328425552126,0.0,20,19,0,0,19,18,8732,1,0,0,1,1
2020-06-22,US,Florida,Lake,763,20,0,28.76202069,-81.7125123,12069.0,207.8350829978372,2.6212319790301444,743,733,19,0,714,671,356495,30,1,0,29,62
2020-06-22,US,Florida,Lee,3666,149,0,26.58410348,-81.88399313,12071.0,475.74739448491204,4.064375340971085,3517,3627,143,0,3484,3556,754610,39,6,0,33,71
2020-06-22,US,Florida,Leon,587,8,0,30.45955727,-84.27491114,12073.0,199.94413826460755,1.3628620102214652,579,573,8,0,565,557,292502,14,0,0,14,16
2020-06-22,US,Florida,Levy,147,1,0,29.31829741,-82.74007147,12075.0,354.1912632821724,0.6802721088435374,146,139,1,0,138,137,40770,8,0,0,8,2
2020-06-22,US,Florida,Liberty,221,1,0,30.23766008,-84.8829258,12077.0,2645.439310509935,0.4524886877828054,220,221,1,0,220,220,8457,0,0,0,0,1
2020-06-22,US,Florida,Madison,142,3,0,30.44396917,-83.47398594,12079.0,767.8581084734766,2.112676056338028,139,123,3,0,120,109,18529,19,0,0,19,14
2020-06-22,US,Florida,Manatee,1977,126,0,27.47196942,-82.31831044,12081.0,490.2629366675511,6.3732928679817915,1851,1890,126,0,1764,1786,394855,87,0,0,87,104
2020-06-22,US,Florida,Marion,412,10,0,29.21227113,-82.05803627,12083.0,112.69793943306372,2.4271844660194173,402,395,10,0,385,389,359977,17,0,0,17,6
2020-06-22,US,Florida,Martin,1582,20,0,27.0772071,-80.43109784,12085.0,982.6086956521741,1.2642225031605565,1562,1525,20,0,1505,1460,160912,57,0,0,57,65
2020-06-22,US,Florida,Miami-Dade,26239,884,0,25.6112362,-80.55170587,12086.0,965.7555926888338,3.369030831967682,25355,25790,884,0,24906,25080,2761581,449,0,0,449,710
2020-06-22,US,Florida,Monroe,165,4,0,25.20904673,-81.07812416,12087.0,222.2880853586248,2.4242424242424243,161,162,4,0,158,158,75027,3,0,0,3,4
2020-06-22,US,Florida,Nassau,120,1,0,30.61037141,-81.80297522,12089.0,135.40197461212978,0.8333333333333334,119,115,1,0,114,111,85832,5,0,0,5,4
2020-06-22,US,Florida,Okaloosa,421,6,0,30.69143028,-86.59267105,12091.0,199.7741271151857,1.4251781472684086,415,400,6,0,394,398,207269,21,0,0,21,2
2020-06-22,US,Florida,Okeechobee,250,0,0,27.386336199999995,-80.88944347,12093.0,592.8666287232023,0.0,250,245,0,0,245,240,41537,5,0,0,5,5
2020-06-22,US,Florida,Orange,5157,49,0,28.51367621,-81.31799498,12095.0,370.08809776009514,0.9501648245103742,5108,4914,48,0,4866,4569,1380645,243,1,0,242,345
2020-06-22,US,Florida,Osceola,1080,23,0,28.06312234,-81.14882926,12097.0,287.42438476544305,2.1296296296296298,1057,1052,23,0,1029,1007,367990,28,0,0,28,45
2020-06-22,US,Florida,Palm Beach,10943,468,0,26.64676272,-80.46536002,12099.0,731.1076518102313,4.276706570410308,10475,10754,468,0,10286,10506,1485941,189,0,0,189,248
2020-06-22,US,Florida,Pasco,872,17,0,28.30810945,-82.40227529,12101.0,157.41578165420157,1.9495412844036697,855,809,17,0,792,750,539630,63,0,0,63,59
2020-06-22,US,Florida,Pinellas,3854,117,0,27.93130349,-82.72239666,12103.0,395.2836729586583,3.0358069538142187,3737,3667,115,0,3552,3438,975280,187,2,0,185,229
2020-06-22,US,Florida,Polk,2225,78,0,27.95027105,-81.69732947,12105.0,306.99097791458615,3.50561797752809,2147,2042,78,0,1964,1970,708009,183,0,0,183,72
2020-06-22,US,Florida,Putnam,238,6,0,29.60779729,-81.74230285,12107.0,319.37306262664214,2.5210084033613445,232,237,6,0,231,221,74163,1,0,0,1,16
2020-06-22,US,Florida,Santa Rosa,350,9,0,30.69341450000001,-87.02458128,12113.0,189.89436447781762,2.571428571428572,341,344,9,0,335,342,179349,6,0,0,6,2
2020-06-22,US,Florida,Sarasota,992,94,0,27.18546175,-82.33174248,12115.0,228.70738826306882,9.475806451612904,898,962,94,0,868,926,426718,30,0,0,30,36
2020-06-22,US,Florida,Seminole,1361,16,0,28.7158582,-81.24060348,12117.0,288.4537944072603,1.175606171932403,1345,1265,15,0,1250,1189,467832,96,1,0,95,76
2020-06-22,US,Florida,St. Johns,496,7,0,29.90096506,-81.43589967,12109.0,187.40176520372384,1.4112903225806452,489,461,7,0,454,433,254261,35,0,0,35,28
2020-06-22,US,Florida,St. Lucie,1226,41,0,27.37763908,-80.47106649,12111.0,373.44234031989333,3.3442088091354,1185,1214,41,0,1173,1169,321128,12,0,0,12,45
2020-06-22,US,Florida,Sumter,286,17,0,28.70181754,-82.0794267,12119.0,215.97945929617882,5.944055944055943,269,284,17,0,267,282,128754,2,0,0,2,2
2020-06-22,US,Florida,Suwannee,290,18,0,30.19746066,-82.99099670000003,12121.0,652.9031677060585,6.206896551724138,272,310,18,0,292,252,44191,-20,0,0,-20,58
2020-06-22,US,Florida,Taylor,68,0,0,30.04848048,-83.60445406,12123.0,315.26728174695165,0.0,68,65,0,0,65,63,21623,3,0,0,3,2
2020-06-22,US,Florida,Unassigned,119,0,0,0.0,0.0,90012.0,0.0,0.0,119,118,0,0,118,117,,1,0,0,1,1
2020-06-22,US,Florida,Union,42,2,0,30.04412971,-82.37497443,12125.0,275.6448119708604,4.761904761904762,40,41,2,0,39,40,14940,1,0,0,1,1
2020-06-22,US,Florida,Volusia,1263,53,0,29.05858895,-81.18263252,12127.0,228.27336413125988,4.196357878068092,1210,1218,53,0,1165,1168,547538,45,0,0,45,50
2020-06-22,US,Florida,Wakulla,40,1,0,30.16548905,-84.39895211,12129.0,118.55715937046148,2.5,39,40,1,0,39,38,32461,0,0,0,0,2
2020-06-22,US,Florida,Walton,186,9,0,30.64204028,-86.16935664,12131.0,251.11042108247486,4.838709677419356,177,181,9,0,172,174,71375,5,0,0,5,7
2020-06-22,US,Florida,Washington,96,11,0,30.61359259,-85.66002461,12133.0,376.86962666352616,11.458333333333336,85,96,11,0,85,96,24880,0,0,0,0,0
2020-06-22,US,Georgia,Appling,220,13,0,31.74847232,-82.28909114,13001.0,1196.5626019797674,5.909090909090909,207,217,13,0,204,216,18507,3,0,0,3,1
2020-06-22,US,Georgia,Atkinson,97,2,0,31.29633502,-82.87545866,13003.0,1187.9975505205146,2.061855670103093,95,91,2,0,89,90,8297,6,0,0,6,1
2020-06-22,US,Georgia,Bacon,204,4,0,31.55456473,-82.45936528,13005.0,1827.302042278753,1.96078431372549,200,196,4,0,192,194,11185,8,0,0,8,2
2020-06-22,US,Georgia,Baker,36,3,0,31.32669878,-84.44218806,13007.0,1184.990125082291,8.333333333333334,33,36,3,0,33,36,3092,0,0,0,0,0
2020-06-22,US,Georgia,Baldwin,450,33,0,33.06882326,-83.24701748,13009.0,1002.4504343951885,7.333333333333332,417,444,33,0,411,441,44823,6,0,0,6,3
2020-06-22,US,Georgia,Banks,114,0,0,34.35607081,-83.49644388,13011.0,592.7004263283768,0.0,114,114,0,0,114,114,18988,0,0,0,0,0
2020-06-22,US,Georgia,Barrow,423,25,0,33.99148694,-83.71436292,13013.0,508.16914944738113,5.91016548463357,398,416,25,0,391,415,80809,7,0,0,7,1
2020-06-22,US,Georgia,Bartow,604,39,0,34.23732119,-84.83887523,13015.0,560.619280105441,6.456953642384106,565,596,39,0,557,587,106408,8,0,0,8,9
2020-06-22,US,Georgia,Ben Hill,125,1,0,31.76095874,-83.22145359,13017.0,748.502994011976,0.8,124,122,1,0,121,119,16787,3,0,0,3,3
2020-06-22,US,Georgia,Berrien,95,0,0,31.27590016,-83.22529920000002,13019.0,489.76645873073153,0.0,95,91,0,0,91,89,19252,4,0,0,4,2
2020-06-22,US,Georgia,Bibb,609,37,0,32.80904227,-83.70489165,13021.0,397.6259965134272,6.075533661740558,572,601,37,0,564,597,153095,8,0,0,8,4
2020-06-22,US,Georgia,Bleckley,54,1,0,32.43829035,-83.33035166,13023.0,419.4826380797017,1.851851851851852,53,54,1,0,53,54,12838,0,0,0,0,0
2020-06-22,US,Georgia,Brantley,76,2,0,31.19576557,-81.97743999,13025.0,397.71835260871836,2.631578947368421,74,73,2,0,71,73,18897,3,0,0,3,0
2020-06-22,US,Georgia,Brooks,119,11,0,30.83922642,-83.58303423,13027.0,769.877725302452,9.243697478991596,108,115,11,0,104,112,15513,4,0,0,4,3
2020-06-22,US,Georgia,Bryan,101,5,0,32.00979311,-81.44002948,13029.0,254.87672546496083,4.950495049504951,96,95,5,0,90,94,38109,6,0,0,6,1
2020-06-22,US,Georgia,Bulloch,164,3,0,32.39577406,-81.74811421,13031.0,206.00944628680531,1.8292682926829267,161,151,3,0,148,147,77296,13,0,0,13,4
2020-06-22,US,Georgia,Burke,135,6,0,33.05917989,-81.99928721,13033.0,603.1363088057901,4.4444444444444455,129,133,6,0,127,132,22423,2,0,0,2,1
2020-06-22,US,Georgia,Butts,247,32,0,33.283094500000004,-83.95435040000002,13035.0,990.5357715752327,12.955465587044534,215,246,32,0,214,246,24193,1,0,0,1,0
2020-06-22,US,Georgia,Calhoun,159,6,0,31.53169785,-84.62725131,13037.0,2569.074163839069,3.7735849056603774,153,158,6,0,152,157,6352,1,0,0,1,1
2020-06-22,US,Georgia,Camden,99,1,0,30.92951916,-81.66601818,13039.0,181.09976950938423,1.0101010101010102,98,96,1,0,95,92,53677,3,0,0,3,4
2020-06-22,US,Georgia,Candler,21,0,0,32.40209349,-82.07702563,13043.0,194.3904470980283,0.0,21,21,0,0,21,21,10836,0,0,0,0,0
2020-06-22,US,Georgia,Carroll,635,39,0,33.58138199,-85.07976677,13045.0,529.2019467964531,6.141732283464568,596,625,39,0,586,622,118121,10,0,0,10,3
2020-06-22,US,Georgia,Catoosa,276,6,0,34.89872298,-85.13757014,13047.0,408.40485350695474,2.1739130434782608,270,275,6,0,269,275,67420,1,0,0,1,0
2020-06-22,US,Georgia,Charlton,41,2,0,30.78371028,-82.13951596,13049.0,306.15292712066906,4.878048780487805,39,38,2,0,36,38,12968,3,0,0,3,0
2020-06-22,US,Georgia,Chatham,807,33,0,32.00043026,-81.12489526,13051.0,278.8238952423729,4.089219330855019,774,779,32,0,747,760,289195,28,1,0,27,19
2020-06-22,US,Georgia,Chattahoochee,317,1,0,32.34341231,-84.78809239,13053.0,2906.3903914917028,0.3154574132492113,316,315,1,0,314,312,10684,2,0,0,2,3
2020-06-22,US,Georgia,Chattooga,49,2,0,34.47197698,-85.34535662,13055.0,197.66832062608412,4.081632653061225,47,49,2,0,47,49,24790,0,0,0,0,0
2020-06-22,US,Georgia,Cherokee,1114,39,0,34.24393976,-84.47431861,13057.0,430.49313490974714,3.5008976660682225,1075,1099,39,0,1060,1093,254149,15,0,0,15,6
2020-06-22,US,Georgia,Clarke,391,15,0,33.95436462,-83.37124007,13059.0,304.68086432740336,3.836317135549872,376,381,15,0,366,376,127330,10,0,0,10,5
2020-06-22,US,Georgia,Clay,56,2,0,31.62221166,-84.97713865,13061.0,1976.0056457304165,3.571428571428572,54,56,2,0,54,56,2887,0,0,0,0,0
2020-06-22,US,Georgia,Clayton,1631,76,0,33.54187245,-84.35594188,13063.0,558.0723749041937,4.659717964438994,1555,1598,76,0,1522,1567,289615,33,0,0,33,31
2020-06-22,US,Georgia,Clinch,86,2,0,30.91395822,-82.70432472,13065.0,1299.4862496222424,2.3255813953488373,84,85,2,0,83,85,6648,1,0,0,1,0
2020-06-22,US,Georgia,Cobb,3969,229,0,33.94243204,-84.5761255,13067.0,522.1399714000429,5.7697152935248175,3740,3893,230,0,3663,3841,756865,76,-1,0,77,52
2020-06-22,US,Georgia,Coffee,418,15,0,31.54892966,-82.85492059999999,13069.0,965.9602985695468,3.5885167464114827,403,408,15,0,393,406,43093,10,0,0,10,2
2020-06-22,US,Georgia,Colquitt,748,17,0,31.18810588,-83.7677946,13071.0,1640.3508771929826,2.272727272727273,731,734,17,0,717,729,45592,14,0,0,14,5
2020-06-22,US,Georgia,Columbia,345,8,0,33.54534185,-82.263524,13073.0,220.14625368505685,2.318840579710145,337,342,8,0,334,339,154291,3,0,0,3,3
2020-06-22,US,Georgia,Cook,97,1,0,31.16068491,-83.42947229,13075.0,561.667631731326,1.0309278350515465,96,91,1,0,90,90,17162,6,0,0,6,1
2020-06-22,US,Georgia,Coweta,554,14,0,33.35334302,-84.76129976,13077.0,373.04136449642783,2.527075812274368,540,550,14,0,536,545,145864,4,0,0,4,5
2020-06-22,US,Georgia,Crawford,36,0,0,32.71391813,-83.98061238,13079.0,290.22895840051603,0.0,36,36,0,0,36,36,12318,0,0,0,0,0
2020-06-22,US,Georgia,Crisp,258,11,0,31.92289565,-83.76811843,13081.0,1153.227248346147,4.263565891472869,247,257,11,0,246,257,22601,1,0,0,1,0
2020-06-22,US,Georgia,Dade,60,1,0,34.854916700000004,-85.50490424,13083.0,372.3008190618019,1.6666666666666667,59,59,1,0,58,59,16226,1,0,0,1,0
2020-06-22,US,Georgia,Dawson,124,3,0,34.44244079,-84.16964071,13085.0,474.9502068331546,2.419354838709677,121,124,3,0,121,124,25083,0,0,0,0,0
2020-06-22,US,Georgia,DeKalb,4791,165,0,33.76944049,-84.22396017,13089.0,630.9783918545708,3.443957420162805,4626,4694,165,0,4529,4666,756558,97,0,0,97,28
2020-06-22,US,Georgia,Decatur,244,8,0,30.87967778,-84.57619536,13087.0,924.1024087259506,3.278688524590164,236,243,8,0,235,243,26575,1,0,0,1,0
2020-06-22,US,Georgia,Dodge,67,2,0,32.17265114,-83.16948926,13091.0,325.16379519534087,2.985074626865672,65,67,2,0,65,67,20705,0,0,0,0,0
2020-06-22,US,Georgia,Dooly,194,12,0,32.15630737,-83.79746561,13093.0,1448.8424197162065,6.185567010309278,182,194,12,0,182,194,13706,0,0,0,0,0
2020-06-22,US,Georgia,Dougherty,1854,152,0,31.53328528,-84.21722377,13095.0,2107.87211787712,8.19848975188781,1702,1848,151,0,1697,1844,91243,6,1,0,5,4
2020-06-22,US,Georgia,Douglas,740,36,0,33.70291126,-84.77026156,13097.0,505.6613572224159,4.864864864864865,704,724,35,0,689,712,145331,16,1,0,15,12
2020-06-22,US,Georgia,Early,255,31,0,31.32155345,-84.90255207,13099.0,2502.4533856722283,12.15686274509804,224,256,31,0,225,256,10247,-1,0,0,-1,0
2020-06-22,US,Georgia,Echols,177,0,0,30.71101099,-82.89687287,13101.0,4418.372441337993,0.0,177,173,0,0,173,172,4000,4,0,0,4,1
2020-06-22,US,Georgia,Effingham,101,1,0,32.36616021,-81.34280942,13103.0,157.08597735473438,0.99009900990099,100,98,1,0,97,96,62190,3,0,0,3,2
2020-06-22,US,Georgia,Elbert,92,0,0,34.11302332,-82.83936148,13105.0,479.31645305824736,0.0,92,92,0,0,92,91,19120,0,0,0,0,1
2020-06-22,US,Georgia,Emanuel,66,2,0,32.59221302,-82.30239915,13107.0,291.442197297536,3.0303030303030303,64,64,2,0,62,59,22612,2,0,0,2,5
2020-06-22,US,Georgia,Evans,17,0,0,32.15328841,-81.8870105,13109.0,159.5644828233527,0.0,17,16,0,0,16,16,10721,1,0,0,1,0
2020-06-22,US,Georgia,Fannin,79,1,0,34.86430205,-84.316964,13111.0,301.66488468000614,1.2658227848101269,78,75,1,0,74,75,25964,4,0,0,4,0
2020-06-22,US,Georgia,Fayette,292,16,0,33.41357794,-84.49089434,13113.0,255.19790947465938,5.479452054794519,276,280,16,0,264,279,113459,12,0,0,12,1
2020-06-22,US,Georgia,Floyd,426,15,0,34.26268279,-85.21577392,13115.0,432.49609129119375,3.5211267605633805,411,414,15,0,399,404,97927,12,0,0,12,10
2020-06-22,US,Georgia,Forsyth,660,14,0,34.22604035,-84.12315129999998,13117.0,270.2127311137677,2.121212121212121,646,650,14,0,636,642,236612,10,0,0,10,8
2020-06-22,US,Georgia,Franklin,158,1,0,34.37525597,-83.23159927,13119.0,676.6885091438605,0.6329113924050633,157,156,1,0,155,156,23023,2,0,0,2,0
2020-06-22,US,Georgia,Fulton,5705,304,0,33.79216944,-84.46319413,13121.0,536.2159601555355,5.3286590709903585,5401,5496,304,0,5192,5444,1050114,209,0,0,209,52
2020-06-22,US,Georgia,Gilmer,178,2,0,34.69316688,-84.45802506,13123.0,567.4391915585452,1.1235955056179776,176,178,2,0,176,177,30816,0,0,0,0,1
2020-06-22,US,Georgia,Glascock,3,0,0,33.22879932,-82.61297636,13125.0,100.97610232245034,0.0,3,3,0,0,3,3,2995,0,0,0,0,0
2020-06-22,US,Georgia,Glynn,308,3,0,31.23279254,-81.53811412,13127.0,361.1124138254467,0.9740259740259741,305,305,3,0,302,265,85219,3,0,0,3,40
2020-06-22,US,Georgia,Gordon,298,18,0,34.50487351,-84.87296253,13129.0,514.1210772389283,6.040268456375839,280,291,18,0,273,287,57685,7,0,0,7,4
2020-06-22,US,Georgia,Grady,164,4,0,30.87454847,-84.23418364,13131.0,665.7735557991313,2.4390243902439024,160,163,4,0,159,162,24748,1,0,0,1,1
2020-06-22,US,Georgia,Greene,89,9,0,33.5769205,-83.17139104,13133.0,485.7018118314778,10.112359550561797,80,88,9,0,79,88,17698,1,0,0,1,0
2020-06-22,US,Georgia,Gwinnett,6407,162,0,33.96044201,-84.02137802,13135.0,684.3257676902538,2.528484470110816,6245,6151,162,0,5989,6043,927781,256,0,0,256,108
2020-06-22,US,Georgia,Habersham,639,34,0,34.63331566,-83.53094677,13137.0,1409.7246734909988,5.320813771517996,605,637,34,0,603,635,45388,2,0,0,2,2
2020-06-22,US,Georgia,Hall,2946,58,0,34.32207823,-83.81896936,13139.0,1441.0025386297268,1.9687712152070604,2888,2935,58,0,2877,2922,202148,11,0,0,11,13
2020-06-22,US,Georgia,Hancock,208,32,0,33.2721566,-82.99766919,13141.0,2459.501005084545,15.384615384615385,176,206,32,0,174,203,8348,2,0,0,2,3
2020-06-22,US,Georgia,Haralson,65,4,0,33.79602175,-85.21005667,13143.0,218.17937701396352,6.153846153846153,61,64,4,0,60,63,29533,1,0,0,1,1
2020-06-22,US,Georgia,Harris,252,8,0,32.73709786,-84.90538572,13145.0,715.1776592121694,3.1746031746031744,244,243,8,0,235,240,34475,9,0,0,9,3
2020-06-22,US,Georgia,Hart,50,0,0,34.34626973,-82.96567682,13147.0,190.80328181644725,0.0,50,48,0,0,48,48,26099,2,0,0,2,0
2020-06-22,US,Georgia,Heard,46,3,0,33.29686567,-85.12886832,13149.0,385.8089407028432,6.521739130434782,43,45,3,0,42,45,11879,1,0,0,1,0
2020-06-22,US,Georgia,Henry,964,31,0,33.4533428,-84.14814659999998,13151.0,410.9805125319213,3.215767634854772,933,945,31,0,914,930,230220,19,0,0,19,15
2020-06-22,US,Georgia,Houston,513,20,0,32.45802497,-83.66879087,13153.0,324.9653180289238,3.8986354775828462,493,499,20,0,479,486,155469,14,0,0,14,13
2020-06-22,US,Georgia,Irwin,46,1,0,31.60213036,-83.27501387,13155.0,488.5301614273577,2.1739130434782608,45,45,1,0,44,45,9398,1,0,0,1,0
2020-06-22,US,Georgia,Jackson,305,7,0,34.13794553,-83.56814788,13157.0,417.9398988722474,2.295081967213114,298,300,7,0,293,297,70422,5,0,0,5,3
2020-06-22,US,Georgia,Jasper,63,1,0,33.31535543,-83.68844964,13159.0,443.06913285041145,1.5873015873015872,62,61,1,0,60,61,14040,2,0,0,2,0
2020-06-22,US,Georgia,Jeff Davis,75,2,0,31.80405727,-82.63724870000001,13161.0,496.1958319550116,2.6666666666666665,73,73,2,0,71,72,15029,2,0,0,2,1
2020-06-22,US,Georgia,Jefferson,70,1,0,33.05867328,-82.41609057,13163.0,455.66983465694574,1.4285714285714286,69,67,1,0,66,67,15430,3,0,0,3,0
2020-06-22,US,Georgia,Jenkins,75,9,0,32.79248718,-81.96040187,13165.0,864.4536652835408,12.0,66,73,9,0,64,72,8683,2,0,0,2,1
2020-06-22,US,Georgia,Johnson,80,2,0,32.70211082,-82.66166794,13167.0,829.6173390023853,2.5,78,80,2,0,78,80,9708,0,0,0,0,0
2020-06-22,US,Georgia,Jones,51,0,0,33.02512137,-83.56019163,13169.0,177.4839046459022,0.0,51,51,0,0,51,51,28616,0,0,0,0,0
2020-06-22,US,Georgia,Lamar,91,6,0,33.07841647,-84.14263877,13171.0,477.0142055878808,6.593406593406592,85,87,6,0,81,87,19000,4,0,0,4,0
2020-06-22,US,Georgia,Lanier,116,2,0,31.03828570000001,-83.06472457,13173.0,1112.9233426076946,1.7241379310344829,114,114,2,0,112,112,10340,2,0,0,2,2
2020-06-22,US,Georgia,Laurens,133,1,0,32.46325233,-82.92221316,13175.0,279.7291044462205,0.7518796992481203,132,131,1,0,130,131,47325,2,0,0,2,0
2020-06-22,US,Georgia,Lee,381,22,0,31.779330600000005,-84.14324253,13177.0,1270.3387570018672,5.774278215223098,359,378,22,0,356,377,29764,3,0,0,3,1
2020-06-22,US,Georgia,Liberty,102,1,0,31.82588896,-81.49251135,13179.0,166.02913648571658,0.9803921568627452,101,101,1,0,100,100,61497,1,0,0,1,1
2020-06-22,US,Georgia,Lincoln,24,1,0,33.79201475,-82.45024131,13181.0,302.9920464587805,4.166666666666667,23,22,1,0,21,21,7915,2,0,0,2,1
2020-06-22,US,Georgia,Long,32,1,0,31.75218791,-81.74952375,13183.0,163.6075463980776,3.125,31,29,1,0,28,28,18998,3,0,0,3,1
2020-06-22,US,Georgia,Lowndes,939,4,0,30.83568832,-83.27056716,13185.0,799.78876718396,0.42598509052183176,935,911,4,0,907,871,116321,28,0,0,28,40
2020-06-22,US,Georgia,Lumpkin,120,3,0,34.57286511,-84.00425681,13187.0,357.0365962511157,2.5,117,118,2,0,116,118,32955,2,1,0,1,0
2020-06-22,US,Georgia,Macon,112,9,0,32.35207048,-84.04234127,13193.0,865.0652660848073,8.035714285714286,103,112,9,0,103,112,13143,0,0,0,0,0
2020-06-22,US,Georgia,Madison,78,4,0,34.12920917,-83.21218732,13195.0,261.04417670682733,5.128205128205129,74,78,4,0,74,77,29650,0,0,0,0,1
2020-06-22,US,Georgia,Marion,75,3,0,32.3483402,-84.52733571,13197.0,897.236511544443,4.0,72,74,3,0,71,73,8351,1,0,0,1,1
2020-06-22,US,Georgia,McDuffie,78,5,0,33.47851918,-82.48252774,13189.0,365.990990990991,6.410256410256411,73,78,5,0,73,78,21531,0,0,0,0,0
2020-06-22,US,Georgia,McIntosh,25,1,0,31.49683595,-81.40163426,13191.0,173.87675615523716,4.0,24,25,1,0,24,23,14340,0,0,0,0,2
2020-06-22,US,Georgia,Meriwether,154,2,0,33.04163534,-84.68859732,13199.0,727.5475976756271,1.2987012987012987,152,149,2,0,147,148,21068,5,0,0,5,1
2020-06-22,US,Georgia,Miller,45,0,0,31.16568912,-84.73151117,13201.0,786.9884575026233,0.0,45,45,0,0,45,45,5686,0,0,0,0,0
2020-06-22,US,Georgia,Mitchell,436,38,0,31.22483255,-84.19381821,13205.0,1994.23683849426,8.715596330275227,398,434,38,0,396,433,22192,2,0,0,2,1
2020-06-22,US,Georgia,Monroe,137,15,0,33.014289,-83.92097166,13207.0,496.7727899049967,10.94890510948905,122,135,15,0,120,135,27520,2,0,0,2,0
2020-06-22,US,Georgia,Montgomery,27,0,0,32.17201038,-82.53527476,13209.0,294.37418229393813,0.0,27,26,0,0,26,26,9193,1,0,0,1,0
2020-06-22,US,Georgia,Morgan,45,0,0,33.59232073,-83.49129491,13211.0,233.45092342809716,0.0,45,45,0,0,45,44,18853,0,0,0,0,1
2020-06-22,US,Georgia,Murray,168,1,0,34.78897608,-84.74993177,13213.0,418.9944134078213,0.5952380952380952,167,164,1,0,163,162,39921,4,0,0,4,2
2020-06-22,US,Georgia,Muscogee,1213,34,0,32.50931999,-84.87142262,13215.0,619.6078030740313,2.802967848309976,1179,1169,34,0,1135,1147,194160,44,0,0,44,22
2020-06-22,US,Georgia,Newton,493,11,0,33.55514538,-83.84547140000002,13217.0,441.18699885452463,2.231237322515213,482,474,11,0,463,466,109541,19,0,0,19,8
2020-06-22,US,Georgia,Oconee,134,10,0,33.83749973,-83.43679568,13219.0,332.6713008937438,7.462686567164179,124,133,10,0,123,132,39272,1,0,0,1,1
2020-06-22,US,Georgia,Oglethorpe,81,7,0,33.878629600000004,-83.08278123,13221.0,530.8342617471656,8.641975308641975,74,81,7,0,74,81,15054,0,0,0,0,0
2020-06-22,US,Georgia,Out of GA,3223,41,0,0.0,0.0,80013.0,0.0,1.272106732857586,3182,3208,40,0,3168,3140,,15,1,0,14,68
2020-06-22,US,Georgia,Paulding,470,13,0,33.91969522,-84.86848792,13223.0,278.65557577949454,2.765957446808511,457,466,14,0,452,460,164044,4,-1,0,5,6
2020-06-22,US,Georgia,Peach,93,9,0,32.56934316,-83.82937,13225.0,337.6170768895665,9.677419354838712,84,93,9,0,84,93,27297,0,0,0,0,0
2020-06-22,US,Georgia,Pickens,80,5,0,34.46589159,-84.46406611,13227.0,245.46653984228772,6.25,75,80,5,0,75,78,31980,0,0,0,0,2
2020-06-22,US,Georgia,Pierce,140,4,0,31.35928155,-82.21598442,13229.0,719.2396609298743,2.8571428571428568,136,137,4,0,133,135,19389,3,0,0,3,2
2020-06-22,US,Georgia,Pike,81,3,0,33.09310242,-84.38790389,13231.0,427.1701297331505,3.703703703703704,78,81,3,0,78,81,18634,0,0,0,0,0
2020-06-22,US,Georgia,Polk,184,1,0,34.00267074,-85.18677781,13233.0,431.79311477718073,0.5434782608695652,183,178,1,0,177,178,42470,6,0,0,6,0
2020-06-22,US,Georgia,Pulaski,46,2,0,32.23334561,-83.47549959999998,13235.0,413.0376223399479,4.3478260869565215,44,46,2,0,44,46,11069,0,0,0,0,0
2020-06-22,US,Georgia,Putnam,120,11,0,33.32056115,-83.37552891,13237.0,542.5200054252001,9.166666666666666,109,120,11,0,109,115,21809,0,0,0,0,5
2020-06-22,US,Georgia,Quitman,15,1,0,31.86728114,-85.01773177,13239.0,652.4575902566334,6.666666666666668,14,15,1,0,14,15,2279,0,0,0,0,0
2020-06-22,US,Georgia,Rabun,35,4,0,34.88389445,-83.40304637,13241.0,204.2364474528797,11.428571428571427,31,35,4,0,31,35,16867,0,0,0,0,0
2020-06-22,US,Georgia,Randolph,195,23,0,31.76622818,-84.75732369,13243.0,2876.954853939215,11.794871794871796,172,194,23,0,171,194,6833,1,0,0,1,0
2020-06-22,US,Georgia,Richmond,755,42,0,33.35777107,-82.07026432,13245.0,372.8063678290325,5.562913907284769,713,746,42,0,704,740,201554,9,0,0,9,6
2020-06-22,US,Georgia,Rockdale,379,9,0,33.65145002,-84.02202167,13247.0,416.96004224608345,2.3746701846965697,370,371,9,0,362,362,90594,8,0,0,8,9
2020-06-22,US,Georgia,Schley,22,1,0,32.2654021,-84.31258912,13249.0,418.48963287045837,4.545454545454546,21,21,1,0,20,21,5236,1,0,0,1,0
2020-06-22,US,Georgia,Screven,79,4,0,32.74976524,-81.60779441,13251.0,565.6594586853787,5.063291139240507,75,75,4,0,71,75,13938,4,0,0,4,0
2020-06-22,US,Georgia,Seminole,48,2,0,30.93464824,-84.86823924,13253.0,593.3250927070458,4.166666666666667,46,49,2,0,47,48,8315,-1,0,0,-1,1
2020-06-22,US,Georgia,Spalding,343,31,0,33.26310031,-84.28013991,13255.0,514.2197502361213,9.037900874635568,312,340,31,0,309,337,66100,3,0,0,3,3
2020-06-22,US,Georgia,Stephens,165,5,0,34.55151201,-83.29405315,13257.0,636.4513018322083,3.0303030303030303,160,165,5,0,160,165,26035,0,0,0,0,0
2020-06-22,US,Georgia,Stewart,84,1,0,32.07996777,-84.83208037,13259.0,1268.6905301314,1.1904761904761905,83,82,1,0,81,82,6199,2,0,0,2,0
2020-06-22,US,Georgia,Sumter,536,49,0,32.03650571,-84.19821492,13261.0,1815.4721582441407,9.141791044776118,487,532,49,0,483,532,29733,4,0,0,4,0
2020-06-22,US,Georgia,Talbot,62,2,0,32.69642758,-84.53351366,13263.0,1000.8071025020179,3.2258064516129035,60,58,2,0,56,57,6272,4,0,0,4,1
2020-06-22,US,Georgia,Taliaferro,2,0,0,33.56543317,-82.88136816,13265.0,130.1236174365647,0.0,2,2,0,0,2,2,1608,0,0,0,0,0
2020-06-22,US,Georgia,Tattnall,88,0,0,32.04785085,-82.05539188,13267.0,348.01866645574626,0.0,88,80,0,0,80,80,25391,8,0,0,8,0
2020-06-22,US,Georgia,Taylor,26,2,0,32.55792548,-84.25077141,13269.0,324.18952618453864,7.6923076923076925,24,27,2,0,25,27,8039,-1,0,0,-1,0
2020-06-22,US,Georgia,Telfair,64,2,0,31.92829517,-82.93491155,13271.0,403.530895334174,3.125,62,64,2,0,62,63,15876,0,0,0,0,1
2020-06-22,US,Georgia,Terrell,218,27,0,31.77527543,-84.44069698,13273.0,2555.386238424569,12.385321100917432,191,218,27,0,191,217,8611,0,0,0,0,1
2020-06-22,US,Georgia,Thomas,372,33,0,30.86392347,-83.91847289,13275.0,836.8765607072957,8.870967741935484,339,371,33,0,338,371,44448,1,0,0,1,0
2020-06-22,US,Georgia,Tift,549,25,0,31.45743864,-83.5236119,13277.0,1350.752878653676,4.553734061930784,524,525,25,0,500,513,40571,24,0,0,24,12
2020-06-22,US,Georgia,Toombs,163,5,0,32.12059861,-82.32957247,13279.0,607.5288855758479,3.0674846625766867,158,147,5,0,142,143,26887,16,0,0,16,4
2020-06-22,US,Georgia,Towns,36,1,0,34.91369188,-83.74107459999998,13281.0,299.077843316441,2.7777777777777777,35,36,1,0,35,36,11852,0,0,0,0,0
2020-06-22,US,Georgia,Treutlen,19,1,0,32.40422134,-82.56904553,13283.0,275.3224170410086,5.2631578947368425,18,19,1,0,18,19,6809,0,0,0,0,0
2020-06-22,US,Georgia,Troup,1027,28,0,33.03349196,-85.02812115,13285.0,1468.7794971539715,2.726387536514119,999,978,26,0,952,947,70034,49,2,0,47,31
2020-06-22,US,Georgia,Turner,170,16,0,31.71612656,-83.62069378,13287.0,2128.991859737007,9.411764705882351,154,167,16,0,151,166,7912,3,0,0,3,1
2020-06-22,US,Georgia,Twiggs,23,1,0,32.67435595,-83.43078662,13289.0,283.25123152709364,4.3478260869565215,22,23,1,0,22,23,8188,0,0,0,0,0
2020-06-22,US,Georgia,Unassigned,1792,1,0,0.0,0.0,90013.0,0.0,0.05580357142857143,1791,1958,1,0,1957,1850,,-166,0,0,-166,108
2020-06-22,US,Georgia,Union,56,3,0,34.82995757,-83.98967069,13291.0,228.46885072008487,5.357142857142857,53,56,3,0,53,56,24001,0,0,0,0,0
2020-06-22,US,Georgia,Upson,323,43,0,32.87920671,-84.30024826,13293.0,1227.2036474164133,13.312693498452013,280,319,43,0,276,319,26215,4,0,0,4,0
2020-06-22,US,Georgia,Walker,287,5,0,34.73376362,-85.30165174,13295.0,411.40465302962974,1.7421602787456445,282,284,5,0,279,283,69410,3,0,0,3,1
2020-06-22,US,Georgia,Walton,346,25,0,33.78017694,-83.73552314,13297.0,365.77759453659365,7.22543352601156,321,344,25,0,319,343,93503,2,0,0,2,1
2020-06-22,US,Georgia,Ware,331,15,0,31.05449097,-82.42224148,13299.0,926.2886886438686,4.531722054380665,316,317,15,0,302,309,35680,14,0,0,14,8
2020-06-22,US,Georgia,Warren,19,0,0,33.41146451,-82.67795848,13301.0,361.6292348686714,0.0,19,19,0,0,19,19,5251,0,0,0,0,0
2020-06-22,US,Georgia,Washington,81,1,0,32.96711864,-82.79357039,13303.0,397.56552468832825,1.2345679012345678,80,79,1,0,78,79,20386,2,0,0,2,0
2020-06-22,US,Georgia,Wayne,48,0,0,31.5521809,-81.91894878,13305.0,160.39028302202024,0.0,48,46,0,0,46,44,29808,2,0,0,2,2
2020-06-22,US,Georgia,Webster,17,1,0,32.04066113,-84.54742852,13307.0,652.0905255082472,5.882352941176472,16,17,1,0,16,17,2611,0,0,0,0,0
2020-06-22,US,Georgia,Wheeler,38,0,0,32.12009104,-82.72574721,13309.0,483.7683004455761,0.0,38,35,0,0,35,35,7879,3,0,0,3,0
2020-06-22,US,Georgia,White,129,4,0,34.64624278,-83.74905525,13311.0,418.8583674264562,3.1007751937984502,125,129,4,0,125,129,29970,0,0,0,0,0
2020-06-22,US,Georgia,Whitfield,800,10,0,34.80987459,-84.96093476,13313.0,764.6136789387162,1.25,790,763,10,0,753,741,104062,37,0,0,37,22
2020-06-22,US,Georgia,Wilcox,122,15,0,31.97496928,-83.43438555,13315.0,1412.8546612623045,12.295081967213116,107,121,15,0,106,121,8812,1,0,0,1,0
2020-06-22,US,Georgia,Wilkes,49,1,0,33.78290391,-82.74286107,13317.0,501.1762299273806,2.0408163265306123,48,43,1,0,42,43,9876,6,0,0,6,0
2020-06-22,US,Georgia,Wilkinson,74,7,0,32.80291082,-83.17140684,13319.0,826.4462809917355,9.459459459459461,67,73,7,0,66,73,9036,1,0,0,1,0
2020-06-22,US,Georgia,Worth,288,21,0,31.55162306,-83.85090513,13321.0,1422.4329530300784,7.291666666666668,267,285,21,0,264,282,20299,3,0,0,3,3
2020-06-22,US,Hawaii,Hawaii,85,0,0,19.60121157,-155.5210167,15001.0,42.18090148030152,0.0,85,85,0,0,85,83,200983,0,0,0,0,2
2020-06-22,US,Hawaii,Honolulu,568,11,0,21.45803166,-157.97121819999995,15003.0,58.28253278648994,1.9366197183098592,557,566,11,0,555,551,980080,2,0,0,2,15
2020-06-22,US,Hawaii,Kauai,29,0,0,22.03935037,-159.5966786,15007.0,40.11453391061375,0.0,29,29,0,0,29,22,72133,0,0,0,0,7
2020-06-22,US,Hawaii,Maui,122,6,0,20.86399628,-156.56890969999995,15009.0,72.87193056858024,4.918032786885246,116,122,6,0,116,121,167207,0,0,0,0,1
2020-06-22,US,Hawaii,Out of HI,12,0,0,0.0,0.0,80015.0,0.0,0.0,12,12,0,0,12,12,,0,0,0,0,0
2020-06-22,US,Idaho,Ada,1307,22,0,43.4526575,-116.24155159999998,16001.0,271.3943690340478,1.6832440703902063,1285,1166,22,0,1144,1166,469966,141,0,0,141,0
2020-06-22,US,Idaho,Adams,10,0,0,44.89333571,-116.4545247,16003.0,232.8830926874709,0.0,10,9,0,0,9,9,4250,1,0,0,1,0
2020-06-22,US,Idaho,Bannock,82,1,0,42.67002716,-112.2233311,16005.0,93.38556851311955,1.2195121951219512,81,79,1,0,78,79,87138,3,0,0,3,0
2020-06-22,US,Idaho,Benewah,21,0,0,47.21754179,-116.6586851,16009.0,225.85502258550227,0.0,21,21,0,0,21,21,9226,0,0,0,0,0
2020-06-22,US,Idaho,Bingham,32,0,0,43.21672879999999,-112.3978437,16011.0,68.36000085450003,0.0,32,30,0,0,30,30,46236,2,0,0,2,0
2020-06-22,US,Idaho,Blaine,520,5,0,43.4085812,-113.9752658,16013.0,2258.807176056644,0.9615384615384616,515,519,5,0,514,519,22601,1,0,0,1,0
2020-06-22,US,Idaho,Bonner,15,0,0,48.29996017,-116.6017932,16017.0,32.79477032729181,0.0,15,12,0,0,12,12,44727,3,0,0,3,0
2020-06-22,US,Idaho,Bonneville,95,1,0,43.38713372,-111.6161537,16019.0,79.79036132435202,1.0526315789473684,94,93,1,0,92,93,116854,2,0,0,2,0
2020-06-22,US,Idaho,Camas,1,0,0,43.46665742,-114.8065892,16025.0,90.41591320072331,0.0,1,1,0,0,1,1,1127,0,0,0,0,0
2020-06-22,US,Idaho,Canyon,470,6,0,43.61970148,-116.70954990000001,16027.0,204.48207301315207,1.2765957446808511,464,433,6,0,427,433,223499,37,0,0,37,0
2020-06-22,US,Idaho,Caribou,8,0,0,42.77149116,-111.5597683,16029.0,111.80992313067786,0.0,8,8,0,0,8,8,7060,0,0,0,0,0
2020-06-22,US,Idaho,Cassia,173,1,0,42.28347888,-113.6012409,16031.0,719.9334165626302,0.5780346820809249,172,167,1,0,166,167,23864,6,0,0,6,0
2020-06-22,US,Idaho,Custer,2,0,0,44.24186819,-114.2855494,16037.0,46.349942062572424,0.0,2,2,0,0,2,2,4280,0,0,0,0,0
2020-06-22,US,Idaho,Elmore,42,2,0,43.3507101,-115.4701578,16039.0,152.66620624477483,4.761904761904762,40,39,2,0,37,39,27259,3,0,0,3,0
2020-06-22,US,Idaho,Franklin,19,0,0,42.18332217,-111.81496659999999,16041.0,136.9270683194004,0.0,19,19,0,0,19,19,13726,0,0,0,0,0
2020-06-22,US,Idaho,Fremont,4,0,0,44.22800938,-111.48099429999999,16043.0,30.536682189480114,0.0,4,4,0,0,4,4,13168,0,0,0,0,0
2020-06-22,US,Idaho,Gem,19,0,0,44.06482372,-116.398376,16045.0,104.90282685512369,0.0,19,18,0,0,18,18,17634,1,0,0,1,0
2020-06-22,US,Idaho,Gooding,61,1,0,42.96927962,-114.81083059999999,16047.0,401.8710059951249,1.639344262295082,60,61,1,0,60,61,15196,0,0,0,0,0
2020-06-22,US,Idaho,Idaho,3,0,0,45.84721541,-115.4634436,16049.0,17.999640007199854,0.0,3,3,0,0,3,3,16513,0,0,0,0,0
2020-06-22,US,Idaho,Jefferson,15,0,0,43.82078483,-112.3131749,16051.0,50.215928492517826,0.0,15,12,0,0,12,12,29439,3,0,0,3,0
2020-06-22,US,Idaho,Jerome,225,3,0,42.68891267,-114.2655033,16053.0,921.6778633458957,1.3333333333333333,222,216,3,0,213,216,24015,9,0,0,9,0
2020-06-22,US,Idaho,Kootenai,129,1,0,47.67282258,-116.7020872,16055.0,77.85294845410598,0.7751937984496124,128,122,1,0,121,122,161505,7,0,0,7,0
2020-06-22,US,Idaho,Latah,9,0,0,46.81587887,-116.71136979999999,16057.0,22.439413583325024,0.0,9,8,0,0,8,8,40134,1,0,0,1,0
2020-06-22,US,Idaho,Lemhi,2,0,0,44.9438088,-113.9309747,16059.0,24.915908807773768,0.0,2,2,0,0,2,2,7961,0,0,0,0,0
2020-06-22,US,Idaho,Lincoln,35,0,0,43.0012336,-114.1358773,16063.0,652.2549385016772,0.0,35,35,0,0,35,35,5360,0,0,0,0,0
2020-06-22,US,Idaho,Madison,31,0,0,43.78141028,-111.65384740000002,16065.0,77.68060741223344,0.0,31,30,0,0,30,30,39304,1,0,0,1,0
2020-06-22,US,Idaho,Minidoka,124,0,0,42.85518524,-113.6357257,16067.0,589.3816246019297,0.0,124,115,0,0,115,115,20825,9,0,0,9,0
2020-06-22,US,Idaho,Nez Perce,89,19,0,46.32638236,-116.75009750000001,16069.0,220.2534151653138,21.348314606741575,70,84,19,0,65,84,40408,5,0,0,5,0
2020-06-22,US,Idaho,Owyhee,28,0,0,42.58016894,-116.16938710000001,16073.0,236.82652457075196,0.0,28,27,0,0,27,27,11693,1,0,0,1,0
2020-06-22,US,Idaho,Payette,43,2,0,44.00545243,-116.7647695,16075.0,179.53321364452424,4.651162790697675,41,43,2,0,41,43,23551,0,0,0,0,0
2020-06-22,US,Idaho,Power,16,0,0,42.69254894,-112.83957420000002,16077.0,208.30621012888943,0.0,16,14,0,0,14,14,7768,2,0,0,2,0
2020-06-22,US,Idaho,Teton,14,0,0,43.75303583,-111.2056773,16081.0,115.30225662987976,0.0,14,14,0,0,14,14,11640,0,0,0,0,0
2020-06-22,US,Idaho,Twin Falls,518,25,0,42.35440512,-114.6685381,16083.0,596.2384032781601,4.826254826254826,493,511,25,0,486,511,86081,7,0,0,7,0
2020-06-22,US,Idaho,Valley,3,0,0,44.76728382,-115.5676773,16085.0,26.33426966292135,0.0,3,3,0,0,3,3,11041,0,0,0,0,0
2020-06-22,US,Idaho,Washington,89,0,0,44.45275475,-116.78476880000001,16087.0,873.0625858348047,0.0,89,84,0,0,84,84,10161,5,0,0,5,0
2020-06-22,US,Illinois,Adams,57,1,0,39.98815591,-91.18786813,17001.0,87.10934515167723,1.7543859649122806,56,55,1,0,54,48,65691,2,0,0,2,7
2020-06-22,US,Illinois,Alexander,20,0,0,37.18049267,-89.32910838,17003.0,347.16195105016493,0.0,20,20,0,0,20,20,6060,0,0,0,0,0
2020-06-22,US,Illinois,Bond,12,1,0,38.88829622,-89.43534887,17005.0,73.0549129428954,8.333333333333334,11,12,1,0,11,12,16630,0,0,0,0,0
2020-06-22,US,Illinois,Boone,556,20,0,42.32359279,-88.82345779,17007.0,1038.398326609891,3.5971223021582728,536,555,20,0,535,554,53577,1,0,0,1,1
2020-06-22,US,Illinois,Brown,10,0,0,39.96209138,-90.75068024,17009.0,152.02189115232594,0.0,10,10,0,0,10,10,6556,0,0,0,0,0
2020-06-22,US,Illinois,Bureau,24,1,0,41.40385234,-89.5283051,17011.0,73.55645457888929,4.166666666666667,23,24,1,0,23,24,32993,0,0,0,0,0
2020-06-22,US,Illinois,Calhoun,1,0,0,39.16840183,-90.66330078,17013.0,21.101498206372653,0.0,1,1,0,0,1,1,4802,0,0,0,0,0
2020-06-22,US,Illinois,Carroll,19,2,0,42.06823429,-89.93395545,17015.0,132.82069206571128,10.526315789473683,17,19,2,0,17,18,14312,0,0,0,0,1
2020-06-22,US,Illinois,Cass,100,0,0,39.96991073,-90.24734436,17017.0,823.2485387338437,0.0,100,100,0,0,100,99,12260,0,0,0,0,1
2020-06-22,US,Illinois,Champaign,781,12,0,40.13919438,-88.20046615,17019.0,372.45635202609583,1.536491677336748,769,775,12,0,763,770,209983,6,0,0,6,5
2020-06-22,US,Illinois,Christian,42,4,0,39.54581621,-89.27780482,17021.0,130.0148588410104,9.523809523809524,38,42,4,0,38,42,32661,0,0,0,0,0
2020-06-22,US,Illinois,Clark,14,0,0,39.33425789,-87.78705622,17023.0,90.66770286898516,0.0,14,13,0,0,13,13,15596,1,0,0,1,0
2020-06-22,US,Illinois,Clay,2,0,0,38.75388572,-88.48914513,17025.0,15.169902912621357,0.0,2,2,0,0,2,2,13253,0,0,0,0,0
2020-06-22,US,Illinois,Clinton,224,17,0,38.60704876,-89.42385254,17027.0,596.3473723443907,7.5892857142857135,207,224,17,0,207,223,37639,0,0,0,0,1
2020-06-22,US,Illinois,Coles,151,17,0,39.51949084,-88.22358557,17029.0,298.2951739396693,11.258278145695362,134,151,17,0,134,146,50885,0,0,0,0,5
2020-06-22,US,Illinois,Cook,87424,4423,0,41.84144849,-87.81658794,17031.0,1697.4765996023868,5.059251464128844,83001,87177,4404,0,82773,86885,5180493,247,19,0,228,292
2020-06-22,US,Illinois,Crawford,18,0,0,39.0032229,-87.75954624,17033.0,96.42684952054428,0.0,18,18,0,0,18,17,18807,0,0,0,0,1
2020-06-22,US,Illinois,Cumberland,10,0,0,39.27432424,-88.2401158,17035.0,92.88500835965077,0.0,10,10,0,0,10,10,10808,0,0,0,0,0
2020-06-22,US,Illinois,De Witt,4,0,0,40.17514519,-88.90959682,17039.0,25.57871850620284,0.0,4,4,0,0,4,4,15769,0,0,0,0,0
2020-06-22,US,Illinois,DeKalb,524,18,0,41.89373302,-88.76958483,17037.0,499.5376416866069,3.435114503816794,506,523,18,0,505,517,104143,1,0,0,1,6
2020-06-22,US,Illinois,Douglas,42,0,0,39.76768052,-88.21854195,17041.0,215.77189827896225,0.0,42,42,0,0,42,42,19479,0,0,0,0,0
2020-06-22,US,Illinois,DuPage,8715,449,0,41.85116968,-88.08642662,17043.0,944.2845053910356,5.152036718301779,8266,8682,448,0,8234,8646,928589,33,1,0,32,36
2020-06-22,US,Illinois,Edgar,7,0,0,39.6809186,-87.74759563,17045.0,40.7901637433716,0.0,7,6,0,0,6,6,17360,1,0,0,1,0
2020-06-22,US,Illinois,Edwards,2,0,0,38.41353228,-88.05720863,17047.0,31.27443315089914,0.0,2,2,0,0,2,2,6392,0,0,0,0,0
2020-06-22,US,Illinois,Effingham,12,1,0,39.05935711,-88.58969584,17049.0,35.28581510232886,8.333333333333334,11,12,1,0,11,12,34208,0,0,0,0,0
2020-06-22,US,Illinois,Fayette,23,3,0,39.00072038,-89.02452658,17051.0,107.79902512185976,13.043478260869565,20,23,3,0,20,23,21416,0,0,0,0,0
2020-06-22,US,Illinois,Ford,25,1,0,40.59706922,-88.22350769,17053.0,192.8863513617776,4.0,24,22,1,0,21,22,13264,3,0,0,3,0
2020-06-22,US,Illinois,Franklin,12,0,0,37.99189086,-88.92567818,17055.0,31.19394837401544,0.0,12,12,0,0,12,12,38701,0,0,0,0,0
2020-06-22,US,Illinois,Fulton,12,0,0,40.47289135,-90.20862357,17057.0,34.944670937682005,0.0,12,12,0,0,12,12,34844,0,0,0,0,0
2020-06-22,US,Illinois,Gallatin,2,0,0,37.76430935,-88.22953869,17059.0,41.42502071251035,0.0,2,2,0,0,2,2,5058,0,0,0,0,0
2020-06-22,US,Illinois,Greene,8,0,0,39.35907414,-90.388865,17061.0,61.68555786876398,0.0,8,8,0,0,8,8,13044,0,0,0,0,0
2020-06-22,US,Illinois,Grundy,142,3,0,41.28569601,-88.41905692,17063.0,278.13687468170957,2.112676056338028,139,142,3,0,139,141,50972,0,0,0,0,1
2020-06-22,US,Illinois,Hamilton,2,0,0,38.08163641,-88.53883373,17065.0,24.64268112370626,0.0,2,2,0,0,2,2,8163,0,0,0,0,0
2020-06-22,US,Illinois,Hancock,18,1,0,40.40423981,-91.16313899,17067.0,101.6489722159476,5.5555555555555545,17,18,1,0,17,18,17844,0,0,0,0,0
2020-06-22,US,Illinois,Hardin,1,0,0,37.51810645,-88.26873022,17069.0,26.17115938236064,0.0,1,1,0,0,1,1,3910,0,0,0,0,0
2020-06-22,US,Illinois,Henderson,8,0,0,40.81908672,-90.92491462,17071.0,120.37315678603672,0.0,8,8,0,0,8,8,6709,0,0,0,0,0
2020-06-22,US,Illinois,Henry,75,1,0,41.3533994,-90.13296166,17073.0,153.3334696297508,1.3333333333333333,74,74,1,0,73,74,49090,1,0,0,1,0
2020-06-22,US,Illinois,Iroquois,143,5,0,40.74717633,-87.82466784,17075.0,527.4028177325367,3.4965034965034967,138,143,5,0,138,143,27604,0,0,0,0,0
2020-06-22,US,Illinois,Jackson,324,18,0,37.78595185,-89.38232563,17077.0,570.9251101321587,5.5555555555555545,306,323,18,0,305,322,57419,1,0,0,1,1
2020-06-22,US,Illinois,Jasper,46,7,0,39.01054275,-88.15437049,17079.0,478.6680541103018,15.217391304347824,39,46,7,0,39,46,9611,0,0,0,0,0
2020-06-22,US,Illinois,Jefferson,104,16,0,38.29980057,-88.9240025,17081.0,275.97919541449954,15.384615384615385,88,104,16,0,88,104,37820,0,0,0,0,0
2020-06-22,US,Illinois,Jersey,33,1,0,39.08869046,-90.35393073,17083.0,151.56386350066597,3.0303030303030303,32,31,1,0,30,29,21847,2,0,0,2,2
2020-06-22,US,Illinois,Jo Daviess,38,1,0,42.36542373,-90.21094405,17085.0,178.94984695078875,2.631578947368421,37,38,1,0,37,38,21366,0,0,0,0,0
2020-06-22,US,Illinois,Johnson,20,0,0,37.45939802,-88.88165419,17087.0,161.0695014898929,0.0,20,20,0,0,20,20,12456,0,0,0,0,0
2020-06-22,US,Illinois,Kane,7430,252,0,41.93842729,-88.42861412,17089.0,1395.559378891554,3.3916554508748322,7178,7399,251,0,7148,7331,534216,31,1,0,30,68
2020-06-22,US,Illinois,Kankakee,1149,61,0,41.13746989,-87.86205334,17091.0,1045.8575303562652,5.308964316797215,1088,1145,61,0,1084,1143,110024,4,0,0,4,2
2020-06-22,US,Illinois,Kendall,918,20,0,41.59081014,-88.42869583,17093.0,711.6830762074579,2.178649237472767,898,912,20,0,892,905,127915,6,0,0,6,7
2020-06-22,US,Illinois,Knox,117,0,0,40.93148779,-90.21330340000002,17095.0,235.41721161391575,0.0,117,117,0,0,117,117,50112,0,0,0,0,0
2020-06-22,US,Illinois,LaSalle,190,16,0,41.34426129999999,-88.88633881,17099.0,174.84287147208497,8.421052631578947,174,190,16,0,174,188,109430,0,0,0,0,2
2020-06-22,US,Illinois,Lake,9356,401,0,42.3224907,-88.00367925,17097.0,1343.2203693999586,4.2860196665241554,8955,9326,401,0,8925,9279,700832,30,0,0,30,47
2020-06-22,US,Illinois,Lawrence,5,0,0,38.71987914,-87.72884035,17101.0,31.891822936599056,0.0,5,5,0,0,5,5,15765,0,0,0,0,0
2020-06-22,US,Illinois,Lee,96,2,0,41.74583951,-89.29977132,17103.0,281.55795401220087,2.083333333333333,94,96,1,0,95,94,34223,0,1,0,-1,2
2020-06-22,US,Illinois,Livingston,37,2,0,40.89188292,-88.55784752,17105.0,103.79263913824056,5.405405405405406,35,37,2,0,35,37,35761,0,0,0,0,0
2020-06-22,US,Illinois,Logan,13,0,0,40.12581572,-89.36638784,17107.0,45.42595569222168,0.0,13,13,0,0,13,13,28925,0,0,0,0,0
2020-06-22,US,Illinois,Macon,219,21,0,39.86064913,-88.96342505,17115.0,210.55870165081868,9.58904109589041,198,218,21,0,197,218,104712,1,0,0,1,0
2020-06-22,US,Illinois,Macoupin,47,3,0,39.26119767,-89.92424028,17117.0,104.61648043449229,6.382978723404255,44,47,3,0,44,47,45313,0,0,0,0,0
2020-06-22,US,Illinois,Madison,815,67,0,38.83042506,-89.90422563,17119.0,309.9259980377692,8.220858895705522,748,813,66,0,747,800,264461,2,1,0,1,13
2020-06-22,US,Illinois,Marion,60,0,0,38.64963204,-88.91899208,17121.0,161.26864668727322,0.0,60,60,0,0,60,57,37620,0,0,0,0,3
2020-06-22,US,Illinois,Marshall,6,0,0,41.0327901,-89.34510444,17123.0,52.45672320335723,0.0,6,6,0,0,6,6,11534,0,0,0,0,0
2020-06-22,US,Illinois,Mason,19,0,0,40.23917274,-89.91824452,17125.0,142.22621453701626,0.0,19,19,0,0,19,19,13565,0,0,0,0,0
2020-06-22,US,Illinois,Massac,7,0,0,37.22078441,-88.71036614,17127.0,50.827766482718566,0.0,7,7,0,0,7,7,14080,0,0,0,0,0
2020-06-22,US,Illinois,McDonough,101,15,0,40.45674722,-90.67775541,17109.0,340.27356647126203,14.851485148514852,86,101,15,0,86,101,29955,0,0,0,0,0
2020-06-22,US,Illinois,McHenry,1921,91,0,42.32451172,-88.45248227,17111.0,624.1592857096441,4.737116085372202,1830,1911,91,0,1820,1898,308570,10,0,0,10,13
2020-06-22,US,Illinois,McLean,254,13,0,40.48996987,-88.84621113,17113.0,148.09027676556843,5.118110236220472,241,251,13,0,238,247,172828,3,0,0,3,4
2020-06-22,US,Illinois,Menard,23,0,0,40.02742725,-89.80246001,17129.0,188.58642177763198,0.0,23,23,0,0,23,23,12288,0,0,0,0,0
2020-06-22,US,Illinois,Mercer,20,0,0,41.20596782,-90.74290052,17131.0,129.55885210857028,0.0,20,20,0,0,20,19,15601,0,0,0,0,1
2020-06-22,US,Illinois,Monroe,116,12,0,38.27594376,-90.17761038,17133.0,334.901983428126,10.344827586206897,104,113,12,0,101,112,34335,3,0,0,3,1
2020-06-22,US,Illinois,Montgomery,41,1,0,39.23198845,-89.47809254,17135.0,144.29506581262757,2.4390243902439024,40,41,1,0,40,41,28601,0,0,0,0,0
2020-06-22,US,Illinois,Morgan,119,3,0,39.71654544,-90.20255104,17137.0,353.556361043437,2.5210084033613445,116,119,3,0,116,119,33976,0,0,0,0,0
2020-06-22,US,Illinois,Moultrie,15,0,0,39.64187451,-88.62099969,17139.0,103.44114199020756,0.0,15,15,0,0,15,15,14717,0,0,0,0,0
2020-06-22,US,Illinois,Ogle,236,4,0,42.04165196,-89.32184679,17141.0,466.00714807574593,1.6949152542372878,232,234,4,0,230,234,50923,2,0,0,2,0
2020-06-22,US,Illinois,Out of IL,6,0,0,0.0,0.0,80017.0,0.0,0.0,6,10,0,0,10,9,,-4,0,0,-4,1
2020-06-22,US,Illinois,Peoria,434,25,0,40.78702156,-89.76078901,17143.0,242.21588467398524,5.76036866359447,409,428,25,0,403,423,180621,6,0,0,6,5
2020-06-22,US,Illinois,Perry,44,0,0,38.08510853,-89.36856219,17145.0,210.36527060623447,0.0,44,44,0,0,44,44,21174,0,0,0,0,0
2020-06-22,US,Illinois,Piatt,18,0,0,40.01360584,-88.59319339,17147.0,110.13215859030836,0.0,18,17,0,0,17,16,16396,1,0,0,1,1
2020-06-22,US,Illinois,Pike,2,0,0,39.62265059,-90.8877017,17149.0,12.852644431591802,0.0,2,2,0,0,2,2,15611,0,0,0,0,0
2020-06-22,US,Illinois,Pope,1,0,0,37.41391284,-88.56152109,17151.0,23.94062724443381,0.0,1,1,0,0,1,1,4212,0,0,0,0,0
2020-06-22,US,Illinois,Pulaski,66,0,0,37.22631423,-89.13085001,17153.0,1237.1134020618554,0.0,66,66,0,0,66,66,5463,0,0,0,0,0
2020-06-22,US,Illinois,Putnam,1,0,0,41.2013541,-89.2869272,17155.0,17.424638438752392,0.0,1,1,0,0,1,1,5740,0,0,0,0,0
2020-06-22,US,Illinois,Randolph,278,7,0,38.05095369,-89.82512254,17157.0,874.7089547542635,2.5179856115107917,271,278,7,0,271,278,32106,0,0,0,0,0
2020-06-22,US,Illinois,Richland,4,0,0,38.71240969,-88.08475366,17159.0,25.78482563011668,0.0,4,4,0,0,4,4,15763,0,0,0,0,0
2020-06-22,US,Illinois,Rock Island,789,28,0,41.46613806,-90.57042164,17161.0,556.1076692110884,3.5487959442332064,761,785,28,0,757,772,143477,4,0,0,4,13
2020-06-22,US,Illinois,Saline,8,0,0,37.75332999,-88.54119706,17165.0,34.05559576007833,0.0,8,8,0,0,8,8,23906,0,0,0,0,0
2020-06-22,US,Illinois,Sangamon,388,31,0,39.75836914,-89.65872023,17167.0,199.30960795594638,7.9896907216494855,357,387,31,0,356,387,195348,1,0,0,1,0
2020-06-22,US,Illinois,Schuyler,13,0,0,40.1571798,-90.61114163,17169.0,192.08037825059105,0.0,13,13,0,0,13,13,6907,0,0,0,0,0
2020-06-22,US,Illinois,Shelby,16,1,0,39.39133527,-88.80611122,17173.0,73.95765924008505,6.25,15,16,1,0,15,16,21741,0,0,0,0,0
2020-06-22,US,Illinois,St. Clair,1610,126,0,38.46996033,-89.93063427,17163.0,619.9795137204162,7.826086956521738,1484,1604,125,0,1479,1584,261059,6,1,0,5,20
2020-06-22,US,Illinois,Stark,3,0,0,41.09309773,-89.79745866,17175.0,56.15874204417821,0.0,3,3,0,0,3,3,5427,0,0,0,0,0
2020-06-22,US,Illinois,Stephenson,248,5,0,42.35129217,-89.662598,17177.0,557.328419254798,2.0161290322580645,243,249,5,0,244,249,44753,-1,0,0,-1,0
2020-06-22,US,Illinois,Tazewell,112,7,0,40.50716185,-89.51404662,17179.0,84.97530405225982,6.25,105,111,7,0,104,110,132328,1,0,0,1,1
2020-06-22,US,Illinois,Unassigned,51,0,0,0.0,0.0,90017.0,0.0,0.0,51,49,0,0,49,46,,2,0,0,2,3
2020-06-22,US,Illinois,Union,182,18,0,37.47119609,-89.25548938,17181.0,1092.896174863388,9.89010989010989,164,182,18,0,164,182,16841,0,0,0,0,0
2020-06-22,US,Illinois,Vermilion,50,2,0,40.18417171,-87.73384359,17183.0,65.99963040206976,4.0,48,49,2,0,47,49,76806,1,0,0,1,0
2020-06-22,US,Illinois,Wabash,22,0,0,38.44272901,-87.84922065,17185.0,190.97222222222226,0.0,22,22,0,0,22,19,11549,0,0,0,0,3
2020-06-22,US,Illinois,Warren,129,0,0,40.84925021,-90.6147432,17187.0,765.8513417240559,0.0,129,129,0,0,129,128,17032,0,0,0,0,1
2020-06-22,US,Illinois,Washington,19,0,0,38.35309213,-89.40982703,17189.0,136.81860733059696,0.0,19,19,0,0,19,19,13995,0,0,0,0,0
2020-06-22,US,Illinois,Wayne,11,1,0,38.42955355,-88.42586459,17191.0,67.83842121492445,9.090909090909092,10,11,1,0,10,11,16332,0,0,0,0,0
2020-06-22,US,Illinois,White,3,0,0,38.08706198,-88.17657461,17193.0,22.16148334195169,0.0,3,3,0,0,3,3,13665,0,0,0,0,0
2020-06-22,US,Illinois,Whiteside,173,15,0,41.75509713,-89.91556058,17195.0,313.5478024467604,8.670520231213873,158,172,15,0,157,171,55626,1,0,0,1,1
2020-06-22,US,Illinois,Will,6398,310,0,41.44619267,-87.97862712,17197.0,926.2489811695523,4.845264145045327,6088,6367,310,0,6057,6317,692310,31,0,0,31,50
2020-06-22,US,Illinois,Williamson,93,4,0,37.73033511,-88.92994027,17199.0,139.64592999684672,4.301075268817204,89,93,4,0,89,92,67056,0,0,0,0,1
2020-06-22,US,Illinois,Winnebago,2883,82,0,42.33641854,-89.16085327,17201.0,1020.2709397958749,2.844259451959764,2801,2861,82,0,2779,2826,284081,22,0,0,22,35
2020-06-22,US,Illinois,Woodford,32,2,0,40.78579374,-89.20973757,17203.0,83.20549156244311,6.25,30,32,2,0,30,32,38463,0,0,0,0,0
2020-06-22,US,Indiana,Adams,36,1,0,40.7457653,-84.93671406,18001.0,100.62330547558487,2.7777777777777777,35,36,1,0,35,36,35636,0,0,0,0,0
2020-06-22,US,Indiana,Allen,2427,95,0,41.09194313,-85.06800636,18003.0,639.8645923137155,3.9142974866089824,2332,2414,91,0,2323,2368,375351,13,4,0,9,46
2020-06-22,US,Indiana,Bartholomew,566,43,0,39.20744865,-85.89558181,18005.0,675.5869609329308,7.597173144876325,523,567,43,0,524,565,82753,-1,0,0,-1,2
2020-06-22,US,Indiana,Benton,43,0,0,40.60626947,-87.31093999,18007.0,491.5409236396891,0.0,43,41,0,0,41,39,8653,2,0,0,2,2
2020-06-22,US,Indiana,Blackford,32,2,0,40.47388153,-85.32499702,18009.0,272.15512842320123,6.25,30,32,2,0,30,32,11930,0,0,0,0,0
2020-06-22,US,Indiana,Boone,393,40,0,40.0509304,-86.46841646,18011.0,579.2786285983816,10.178117048346056,353,390,40,0,350,388,66999,3,0,0,3,2
2020-06-22,US,Indiana,Brown,37,1,0,39.19605589,-86.22868909,18013.0,245.1630002650411,2.702702702702702,36,37,1,0,36,37,15234,0,0,0,0,0
2020-06-22,US,Indiana,Carroll,103,2,0,40.580783200000006,-86.56198812,18015.0,508.46620921163054,1.9417475728155342,101,103,2,0,101,103,20127,0,0,0,0,0
2020-06-22,US,Indiana,Cass,1625,9,0,40.76135835,-86.34830753,18017.0,4311.6028549444145,0.5538461538461539,1616,1625,9,0,1616,1624,37955,0,0,0,0,1
2020-06-22,US,Indiana,Clark,592,43,0,38.48015445,-85.70510334,18019.0,500.41419418099434,7.263513513513512,549,592,43,0,549,589,117360,0,0,0,0,3
2020-06-22,US,Indiana,Clay,56,3,0,39.39561833,-87.11723506,18021.0,213.53670162059106,5.357142857142857,53,56,3,0,53,56,26170,0,0,0,0,0
2020-06-22,US,Indiana,Clinton,273,1,0,40.30319754,-86.47277257,18023.0,842.6185993394857,0.3663003663003663,272,273,1,0,272,269,32250,0,0,0,0,4
2020-06-22,US,Indiana,Crawford,27,0,0,38.28814402,-86.44518825,18025.0,255.27087075730358,0.0,27,27,0,0,27,27,10558,0,0,0,0,0
2020-06-22,US,Indiana,Daviess,132,16,0,38.70186039,-87.07185406,18027.0,395.79023117747596,12.12121212121212,116,132,16,0,116,130,33147,0,0,0,0,2
2020-06-22,US,Indiana,DeKalb,139,4,0,41.39804622,-84.99906934,18033.0,319.7239792984474,2.8776978417266186,135,139,3,0,136,139,43226,0,1,0,-1,0
2020-06-22,US,Indiana,Dearborn,189,22,0,39.14647946,-84.97333539,18029.0,382.14242387480283,11.640211640211643,167,189,22,0,167,186,49568,0,0,0,0,3
2020-06-22,US,Indiana,Decatur,239,32,0,39.30712658,-85.50087166,18031.0,899.8832787379042,13.389121338912132,207,239,32,0,207,239,26794,0,0,0,0,0
2020-06-22,US,Indiana,Delaware,407,47,0,40.22787247,-85.39732772,18035.0,356.59525999912387,11.547911547911546,360,407,46,0,361,408,114772,0,1,0,-1,-1
2020-06-22,US,Indiana,Dubois,252,6,0,38.36597551,-86.87924170000002,18037.0,589.6667914638713,2.380952380952381,246,251,6,0,245,249,42565,1,0,0,1,2
2020-06-22,US,Indiana,Elkhart,2625,38,0,41.59761169,-85.85875695,18039.0,1272.1659776777276,1.4476190476190476,2587,2603,38,0,2565,2538,205560,22,0,0,22,65
2020-06-22,US,Indiana,Fayette,85,7,0,39.63684962,-85.17797541,18041.0,367.9335122500216,8.235294117647058,78,85,7,0,78,85,23047,0,0,0,0,0
2020-06-22,US,Indiana,Floyd,345,43,0,38.32117957,-85.90385377,18043.0,439.3673110720562,12.46376811594203,302,344,43,0,301,344,77781,1,0,0,1,0
2020-06-22,US,Indiana,Fountain,24,2,0,40.12361933,-87.24217689,18045.0,146.82491129328275,8.333333333333334,22,24,2,0,22,24,16351,0,0,0,0,0
2020-06-22,US,Indiana,Franklin,121,8,0,39.4142482,-85.06062647,18047.0,531.6811670621321,6.6115702479338845,113,121,8,0,113,120,22736,0,0,0,0,1
2020-06-22,US,Indiana,Fulton,62,1,0,41.0469907,-86.26252745,18049.0,310.40352458195656,1.6129032258064515,61,62,1,0,61,61,20092,0,0,0,0,1
2020-06-22,US,Indiana,Gibson,27,2,0,38.30393723,-87.58054938,18051.0,80.21628687720967,7.407407407407407,25,27,2,0,25,26,33452,0,0,0,0,1
2020-06-22,US,Indiana,Grant,278,26,0,40.51587228,-85.65468702,18053.0,422.6915416077483,9.352517985611511,252,278,25,0,253,275,65936,0,1,0,-1,3
2020-06-22,US,Indiana,Greene,184,29,0,39.03630547,-86.96223202,18055.0,576.4049871561932,15.76086956521739,155,184,29,0,155,184,32006,0,0,0,0,0
2020-06-22,US,Indiana,Hamilton,1374,97,0,40.07306535,-86.05244729,18057.0,406.49564659138315,7.059679767103348,1277,1369,97,0,1272,1365,330086,5,0,0,5,4
2020-06-22,US,Indiana,Hancock,393,33,0,39.82304555,-85.77566351,18059.0,502.7632790911882,8.396946564885496,360,391,33,0,358,388,76351,2,0,0,2,3
2020-06-22,US,Indiana,Harrison,200,22,0,38.19467379,-86.10948271,18061.0,493.6443292607676,11.0,178,200,22,0,178,200,40350,0,0,0,0,0
2020-06-22,US,Indiana,Hendricks,1320,94,0,39.76719009,-86.51037283,18063.0,775.052697711833,7.121212121212121,1226,1318,94,0,1224,1307,167009,2,0,0,2,11
2020-06-22,US,Indiana,Henry,210,15,0,39.93029017,-85.39625719,18065.0,437.75535729175346,7.142857142857142,195,209,15,0,194,206,48271,1,0,0,1,3
2020-06-22,US,Indiana,Howard,500,49,0,40.48527731,-86.11351892,18067.0,605.7375460360535,9.8,451,499,48,0,451,497,82366,1,1,0,0,2
2020-06-22,US,Indiana,Huntington,61,2,0,40.82907273,-85.48822092,18069.0,167.0317634173056,3.278688524590164,59,60,2,0,58,57,36240,1,0,0,1,3
2020-06-22,US,Indiana,Jackson,430,3,0,38.90915820000001,-86.03851889,18071.0,972.1688408582216,0.6976744186046512,427,431,3,0,428,428,44111,-1,0,0,-1,3
2020-06-22,US,Indiana,Jasper,92,2,0,41.02078733,-87.11553319,18073.0,274.1195399559025,2.1739130434782608,90,91,1,0,90,90,33370,1,1,0,0,1
2020-06-22,US,Indiana,Jay,64,0,0,40.43781032,-85.00576229,18075.0,313.17283225680166,0.0,64,63,0,0,63,63,20764,1,0,0,1,0
2020-06-22,US,Indiana,Jefferson,56,1,0,38.78576239,-85.43633383,18077.0,173.33168255540426,1.7857142857142858,55,56,1,0,55,56,32208,0,0,0,0,0
2020-06-22,US,Indiana,Jennings,163,9,0,38.99588883,-85.62710784,18079.0,587.7050658013342,5.521472392638037,154,161,9,0,152,159,27611,2,0,0,2,2
2020-06-22,US,Indiana,Johnson,1200,117,0,39.48994426,-86.10149107,18081.0,758.6917625041887,9.75,1083,1200,117,0,1083,1189,156225,0,0,0,0,11
2020-06-22,US,Indiana,Knox,46,0,0,38.68861576,-87.4194665,18083.0,125.70366726785812,0.0,46,44,0,0,44,41,36895,2,0,0,2,3
2020-06-22,US,Indiana,Kosciusko,390,2,0,41.24521668,-85.86312322,18085.0,490.83769633507853,0.5128205128205128,388,381,2,0,379,374,79344,9,0,0,9,7
2020-06-22,US,Indiana,LaGrange,396,6,0,41.64232188,-85.42674232,18087.0,999.6465895895392,1.5151515151515151,390,377,5,0,372,365,39330,19,1,0,18,12
2020-06-22,US,Indiana,LaPorte,489,25,0,41.54366008,-86.74072188,18091.0,444.9985439720443,5.112474437627811,464,486,25,0,461,483,110007,3,0,0,3,3
2020-06-22,US,Indiana,Lake,4437,235,0,41.41874274,-87.38277575,18089.0,913.916369546008,5.296371422132071,4202,4400,234,0,4166,4356,484411,37,1,0,36,44
2020-06-22,US,Indiana,Lawrence,196,24,0,38.84112637,-86.48361629,18093.0,432.0035265594005,12.244897959183671,172,193,24,0,169,189,45668,3,0,0,3,4
2020-06-22,US,Indiana,Madison,621,63,0,40.16143691,-85.71964711,18095.0,479.2813095725058,10.144927536231883,558,620,63,0,557,618,129641,1,0,0,1,2
2020-06-22,US,Indiana,Marion,10962,669,0,39.78163624,-86.13826325,18097.0,1136.4508149644091,6.102900930487138,10293,10945,668,0,10277,10904,954670,17,1,0,16,41
2020-06-22,US,Indiana,Marshall,365,3,0,41.32467367,-86.26185087,18099.0,789.0527043970772,0.821917808219178,362,359,3,0,356,347,46248,6,0,0,6,12
2020-06-22,US,Indiana,Martin,21,0,0,38.7099921,-86.80373186,18101.0,204.77815699658703,0.0,21,21,0,0,21,20,10217,0,0,0,0,1
2020-06-22,US,Indiana,Miami,177,2,0,40.76940965,-86.04525048,18103.0,498.3669332131997,1.1299435028248588,175,176,2,0,174,176,35567,1,0,0,1,0
2020-06-22,US,Indiana,Monroe,209,26,0,39.16130004,-86.52414358,18105.0,140.8061658278931,12.440191387559807,183,208,26,0,182,208,146917,1,0,0,1,0
2020-06-22,US,Indiana,Montgomery,273,19,0,40.04034823,-86.89335024,18107.0,712.0872241640149,6.95970695970696,254,272,19,0,253,272,38346,1,0,0,1,0
2020-06-22,US,Indiana,Morgan,305,30,0,39.47899078,-86.44573375,18109.0,432.6916256437175,9.836065573770492,275,306,30,0,276,304,70116,-1,0,0,-1,2
2020-06-22,US,Indiana,Newton,89,10,0,40.95610449,-87.39635768,18111.0,636.441647597254,11.235955056179776,79,88,10,0,78,88,14011,1,0,0,1,0
2020-06-22,US,Indiana,Noble,374,27,0,41.39672484,-85.41966713,18113.0,783.3445040214477,7.219251336898396,347,367,27,0,340,356,47532,7,0,0,7,11
2020-06-22,US,Indiana,Ohio,13,0,0,38.955305,-84.96515993,18115.0,221.27659574468086,0.0,13,13,0,0,13,13,5844,0,0,0,0,0
2020-06-22,US,Indiana,Orange,132,23,0,38.54118920000001,-86.49523093,18117.0,671.8924972004478,17.424242424242426,109,132,23,0,109,132,19489,0,0,0,0,0
2020-06-22,US,Indiana,Owen,40,1,0,39.31145587,-86.83900724,18119.0,192.316938314342,2.5,39,40,1,0,39,40,20845,0,0,0,0,0
2020-06-22,US,Indiana,Parke,20,0,0,39.77202286,-87.20375833,18121.0,118.08466670602822,0.0,20,20,0,0,20,20,16927,0,0,0,0,0
2020-06-22,US,Indiana,Perry,107,3,0,38.07809328,-86.63741946,18123.0,558.1929156450519,2.803738317757009,104,105,3,0,102,103,19102,2,0,0,2,2
2020-06-22,US,Indiana,Pike,6,0,0,38.40112197,-87.23574907,18125.0,48.43005892323836,0.0,6,6,0,0,6,6,12410,0,0,0,0,0
2020-06-22,US,Indiana,Porter,622,36,0,41.45986947,-87.06848888,18127.0,365.04703942155885,5.787781350482316,586,615,36,0,579,613,169594,7,0,0,7,2
2020-06-22,US,Indiana,Posey,26,0,0,38.02097333,-87.86480429,18129.0,102.25351004837376,0.0,26,24,0,0,24,24,25540,2,0,0,2,0
2020-06-22,US,Indiana,Pulaski,54,1,0,41.04166107,-86.69890683,18131.0,437.14077552011656,1.851851851851852,53,54,1,0,53,54,12469,0,0,0,0,0
2020-06-22,US,Indiana,Putnam,159,8,0,39.66437981,-86.84517605,18133.0,423.1424313391528,5.031446540880503,151,158,8,0,150,158,37779,1,0,0,1,0
2020-06-22,US,Indiana,Randolph,72,3,0,40.15734772,-85.01139319,18135.0,291.91161564970605,4.166666666666667,69,71,3,0,68,71,24851,1,0,0,1,0
2020-06-22,US,Indiana,Ripley,112,7,0,39.10235626,-85.26212744,18137.0,395.4243750882644,6.25,105,112,7,0,105,111,28523,0,0,0,0,1
2020-06-22,US,Indiana,Rush,52,3,0,39.62002287,-85.4655599,18139.0,313.61196550268386,5.769230769230768,49,52,3,0,49,51,16663,0,0,0,0,1
2020-06-22,US,Indiana,Scott,149,6,0,38.68672078,-85.74627859,18143.0,624.1360532819504,4.026845637583893,143,149,6,0,143,149,23878,0,0,0,0,0
2020-06-22,US,Indiana,Shelby,407,24,0,39.52305623,-85.79158570000001,18145.0,909.9242102439133,5.896805896805898,383,408,24,0,384,407,44593,-1,0,0,-1,1
2020-06-22,US,Indiana,Spencer,25,1,0,38.01519732,-87.0079644,18147.0,123.29240025644822,4.0,24,24,1,0,23,24,20327,1,0,0,1,0
2020-06-22,US,Indiana,St. Joseph,1677,57,0,41.61756781,-86.29040834,18141.0,616.9387770117647,3.3989266547406083,1620,1662,56,0,1606,1646,270771,15,1,0,14,16
2020-06-22,US,Indiana,Starke,60,3,0,41.27890281,-86.64686895,18149.0,260.9262883235486,5.0,57,60,3,0,57,58,22935,0,0,0,0,2
2020-06-22,US,Indiana,Steuben,110,2,0,41.64423868,-85.00101094,18151.0,317.9742151818234,1.818181818181818,108,109,2,0,107,108,34586,1,0,0,1,1
2020-06-22,US,Indiana,Sullivan,41,1,0,39.08952258,-87.41414469,18153.0,198.36470075959167,2.4390243902439024,40,41,1,0,40,41,20690,0,0,0,0,0
2020-06-22,US,Indiana,Switzerland,22,0,0,38.82767338,-85.03022429,18155.0,204.63212724397732,0.0,22,22,0,0,22,22,10717,0,0,0,0,0
2020-06-22,US,Indiana,Tippecanoe,539,7,0,40.38872739,-86.89413959,18157.0,275.37653526250176,1.2987012987012987,532,530,7,0,523,526,193048,9,0,0,9,4
2020-06-22,US,Indiana,Tipton,28,1,0,40.31123252,-86.05234925,18159.0,184.8428835489834,3.571428571428572,27,28,1,0,27,28,15128,0,0,0,0,0
2020-06-22,US,Indiana,Unassigned,0,190,0,0.0,0.0,90018.0,0.0,0.0,-190,0,190,0,-190,0,,0,0,0,0,0
2020-06-22,US,Indiana,Union,12,0,0,39.62550777,-84.92497066,18161.0,170.1162461015027,0.0,12,12,0,0,12,12,7037,0,0,0,0,0
2020-06-22,US,Indiana,Vanderburgh,343,6,0,38.02658833,-87.58763124,18163.0,189.03174961835427,1.749271137026239,337,342,6,0,336,341,180974,1,0,0,1,1
2020-06-22,US,Indiana,Vermillion,13,0,0,39.8523352,-87.46160542,18165.0,83.88179119886435,0.0,13,13,0,0,13,13,15479,0,0,0,0,0
2020-06-22,US,Indiana,Vigo,212,8,0,39.42944561,-87.39169027,18167.0,198.06050187783777,3.7735849056603774,204,210,8,0,202,208,107386,2,0,0,2,2
2020-06-22,US,Indiana,Wabash,95,2,0,40.84704239,-85.79328272,18169.0,306.49116014969667,2.1052631578947367,93,93,2,0,91,92,31280,2,0,0,2,1
2020-06-22,US,Indiana,Warren,14,1,0,40.34728141,-87.35602659,18171.0,169.38898971566852,7.142857142857142,13,14,1,0,13,14,8263,0,0,0,0,0
2020-06-22,US,Indiana,Warrick,181,29,0,38.08922676,-87.2716085,18173.0,287.31070827645317,16.02209944751381,152,180,29,0,151,179,62567,1,0,0,1,1
2020-06-22,US,Indiana,Washington,62,1,0,38.60219804,-86.1049363,18175.0,221.14424311599373,1.6129032258064515,61,62,1,0,61,61,27943,0,0,0,0,1
2020-06-22,US,Indiana,Wayne,110,6,0,39.8633444,-85.01044989,18177.0,166.9601117114929,5.454545454545454,104,108,6,0,102,107,65936,2,0,0,2,1
2020-06-22,US,Indiana,Wells,65,1,0,40.72934187,-85.22132966,18179.0,229.71444727169919,1.5384615384615383,64,65,1,0,64,65,28206,0,0,0,0,0
2020-06-22,US,Indiana,White,249,10,0,40.74911165,-86.86492015,18181.0,1033.1092855364698,4.016064257028113,239,249,10,0,239,246,24133,0,0,0,0,3
2020-06-22,US,Indiana,Whitley,72,4,0,41.13863784,-85.50791236,18183.0,211.98916499823346,5.5555555555555545,68,71,4,0,67,71,34074,1,0,0,1,0
2020-06-22,US,Iowa,Adair,12,0,0,41.33075609,-94.47105874,19001.0,167.78523489932888,0.0,12,12,0,0,12,12,7063,0,0,0,0,0
2020-06-22,US,Iowa,Adams,7,0,0,41.02903567,-94.69932645,19003.0,194.3364797334814,0.0,7,7,0,0,7,7,3645,0,0,0,0,0
2020-06-22,US,Iowa,Allamakee,121,4,0,43.28383218,-91.37860922,19005.0,884.050558924527,3.3057851239669422,117,121,4,0,117,121,13832,0,0,0,0,0
2020-06-22,US,Iowa,Appanoose,20,3,0,40.74324454,-92.86865906,19007.0,160.95284081764044,15.0,17,20,3,0,17,18,12437,0,0,0,0,2
2020-06-22,US,Iowa,Audubon,15,1,0,41.6844628,-94.90581859,19009.0,272.9257641921397,6.666666666666668,14,15,1,0,14,15,5506,0,0,0,0,0
2020-06-22,US,Iowa,Benton,52,1,0,42.08011739,-92.06463573,19011.0,202.7685708715149,1.9230769230769231,51,52,1,0,51,51,25642,0,0,0,0,1
2020-06-22,US,Iowa,Black Hawk,1897,56,0,42.4704581,-92.30524729,19013.0,1445.5756393452616,2.9520295202952034,1841,1892,56,0,1836,1881,132408,5,0,0,5,11
2020-06-22,US,Iowa,Boone,115,1,0,42.03657094,-93.9313999,19015.0,438.36243043378823,0.8695652173913043,114,117,1,0,116,107,26346,-2,0,0,-2,10
2020-06-22,US,Iowa,Bremer,82,6,0,42.77461496,-92.31795937,19017.0,327.18857234059533,7.317073170731707,76,82,6,0,76,81,24947,0,0,0,0,1
2020-06-22,US,Iowa,Buchanan,38,1,0,42.4709188,-91.83510825,19019.0,179.45690672963403,2.631578947368421,37,37,1,0,36,37,21199,1,0,0,1,0
2020-06-22,US,Iowa,Buena Vista,1668,10,0,42.73545875,-95.15100162,19021.0,8501.529051987767,0.5995203836930456,1658,1666,10,0,1656,1647,19874,2,0,0,2,19
2020-06-22,US,Iowa,Butler,35,2,0,42.73172833,-92.79015971,19023.0,242.39905810651703,5.7142857142857135,33,35,2,0,33,32,14539,0,0,0,0,3
2020-06-22,US,Iowa,Calhoun,25,0,0,42.38521079,-94.64046046,19025.0,258.585022755482,0.0,25,25,0,0,25,25,9699,0,0,0,0,0
2020-06-22,US,Iowa,Carroll,69,1,0,42.03617207,-94.86032705,19027.0,342.17703942474583,1.4492753623188406,68,70,1,0,69,67,20154,-1,0,0,-1,3
2020-06-22,US,Iowa,Cass,16,0,0,41.33149454,-94.92792482,19029.0,124.64942349641632,0.0,16,16,0,0,16,16,12930,0,0,0,0,0
2020-06-22,US,Iowa,Cedar,61,1,0,41.77233777,-91.13246684,19031.0,327.48161271272886,1.639344262295082,60,60,1,0,59,56,18627,1,0,0,1,4
2020-06-22,US,Iowa,Cerro Gordo,60,1,0,43.08177563,-93.2612239,19033.0,141.3427561837456,1.6666666666666667,59,59,1,0,58,57,42647,1,0,0,1,2
2020-06-22,US,Iowa,Cherokee,66,0,0,42.73538914,-95.62389402,19035.0,587.4499332443257,0.0,66,66,0,0,66,65,11321,0,0,0,0,1
2020-06-22,US,Iowa,Chickasaw,20,0,0,43.06001295,-92.31773347,19037.0,167.60244699572613,0.0,20,21,0,0,21,19,11964,-1,0,0,-1,2
2020-06-22,US,Iowa,Clarke,111,2,0,41.02868181,-93.78499767,19039.0,1181.4795103778606,1.8018018018018016,109,112,2,0,110,111,9423,-1,0,0,-1,1
2020-06-22,US,Iowa,Clay,105,0,0,43.08247182,-95.15096481,19041.0,655.5944055944055,0.0,105,105,0,0,105,103,16134,0,0,0,0,2
2020-06-22,US,Iowa,Clayton,35,3,0,42.84443388,-91.34133693,19043.0,199.44156362185882,8.571428571428571,32,35,3,0,32,35,17556,0,0,0,0,0
2020-06-22,US,Iowa,Clinton,75,1,0,41.89981633,-90.53275096,19045.0,161.53697042796531,1.3333333333333333,74,75,1,0,74,73,46518,0,0,0,0,2
2020-06-22,US,Iowa,Crawford,640,2,0,42.03718237,-95.3819718,19047.0,3804.9940546967896,0.3125,638,640,2,0,638,635,17158,0,0,0,0,5
2020-06-22,US,Iowa,Dallas,1079,29,0,41.68560356,-94.04127625,19049.0,1154.5910778680193,2.687673772011121,1050,1073,29,0,1044,1065,90180,6,0,0,6,8
2020-06-22,US,Iowa,Davis,36,1,0,40.74773536,-92.41005468,19051.0,400.0,2.7777777777777777,35,36,1,0,35,36,9017,0,0,0,0,0
2020-06-22,US,Iowa,Decatur,9,0,0,40.73742757,-93.78645949,19053.0,114.35832274459976,0.0,9,9,0,0,9,9,7890,0,0,0,0,0
2020-06-22,US,Iowa,Delaware,33,1,0,42.47104597,-91.3664492,19055.0,193.99212274410675,3.0303030303030303,32,33,1,0,32,32,17069,0,0,0,0,1
2020-06-22,US,Iowa,Des Moines,78,2,0,40.92012606,-91.18326592,19057.0,200.16937408576487,2.5641025641025643,76,76,2,0,74,74,39138,2,0,0,2,2
2020-06-22,US,Iowa,Dickinson,205,2,0,43.37787725,-95.1510206,19059.0,1187.8549078688145,0.975609756097561,203,200,2,0,198,195,17153,5,0,0,5,5
2020-06-22,US,Iowa,Dubuque,421,22,0,42.46815349,-90.88181925,19061.0,432.6335152243837,5.225653206650831,399,415,22,0,393,411,96854,6,0,0,6,4
2020-06-22,US,Iowa,Emmet,58,0,0,43.37782951,-94.67858943,19063.0,629.8870547350131,0.0,58,57,0,0,57,48,9253,1,0,0,1,9
2020-06-22,US,Iowa,Fayette,29,0,0,42.86271799,-91.84412309999999,19065.0,147.58269720101782,0.0,29,29,0,0,29,28,19660,0,0,0,0,1
2020-06-22,US,Iowa,Floyd,36,1,0,43.06000529999999,-92.78940097,19067.0,230.1495972382048,2.7777777777777777,35,33,1,0,32,31,15761,3,0,0,3,2
2020-06-22,US,Iowa,Franklin,66,0,0,42.73270384,-93.26256925,19069.0,655.4121151936445,0.0,66,60,0,0,60,60,10124,6,0,0,6,0
2020-06-22,US,Iowa,Fremont,4,0,0,40.74542720000001,-95.60129045,19071.0,57.4712643678161,0.0,4,4,0,0,4,4,6993,0,0,0,0,0
2020-06-22,US,Iowa,Greene,28,0,0,42.03614551,-94.39658081,19073.0,315.031503150315,0.0,28,28,0,0,28,27,8981,0,0,0,0,1
2020-06-22,US,Iowa,Grundy,26,0,0,42.40183723,-92.78829551,19075.0,212.55722694571617,0.0,26,26,0,0,26,26,12304,0,0,0,0,0
2020-06-22,US,Iowa,Guthrie,63,4,0,41.68378965,-94.50111014,19077.0,589.3909626719058,6.349206349206349,59,62,4,0,58,61,10720,1,0,0,1,1
2020-06-22,US,Iowa,Hamilton,168,0,0,42.38382428,-93.70197703,19079.0,1137.2097745887768,0.0,168,158,0,0,158,150,14952,10,0,0,10,8
2020-06-22,US,Iowa,Hancock,38,0,0,43.08178477,-93.73454884,19081.0,357.4788334901222,0.0,38,37,0,0,37,35,10712,1,0,0,1,2
2020-06-22,US,Iowa,Hardin,53,0,0,42.38353877,-93.23654611,19083.0,314.61474534014013,0.0,53,53,0,0,53,52,16868,0,0,0,0,1
2020-06-22,US,Iowa,Harrison,44,0,0,41.68330137,-95.81558439,19085.0,313.18955085771233,0.0,44,42,0,0,42,41,14134,2,0,0,2,1
2020-06-22,US,Iowa,Henry,78,3,0,40.98767962,-91.54436349,19087.0,390.89906785606894,3.8461538461538463,75,78,3,0,75,76,20067,0,0,0,0,2
2020-06-22,US,Iowa,Howard,14,0,0,43.35671042,-92.31702714,19089.0,152.87180607119458,0.0,14,14,0,0,14,13,9187,0,0,0,0,1
2020-06-22,US,Iowa,Humboldt,41,1,0,42.7764426,-94.20722537,19091.0,428.9600334798074,2.4390243902439024,40,40,1,0,39,39,9547,1,0,0,1,1
2020-06-22,US,Iowa,Ida,20,0,0,42.38696136,-95.51355387,19093.0,291.5451895043732,0.0,20,20,0,0,20,19,6841,0,0,0,0,1
2020-06-22,US,Iowa,Iowa,40,0,0,41.68630265,-92.0643373,19095.0,247.15768660405342,0.0,40,39,0,0,39,35,16141,1,0,0,1,4
2020-06-22,US,Iowa,Jackson,19,0,0,42.17178824,-90.57354837,19097.0,97.74165337723134,0.0,19,19,0,0,19,15,19432,0,0,0,0,4
2020-06-22,US,Iowa,Jasper,297,17,0,41.68576082,-93.05567785,19099.0,798.7091569181122,5.723905723905723,280,296,17,0,279,291,37147,1,0,0,1,5
2020-06-22,US,Iowa,Jefferson,48,0,0,41.03192394,-91.94849466,19101.0,262.3667668761957,0.0,48,47,0,0,47,46,18381,1,0,0,1,1
2020-06-22,US,Iowa,Johnson,775,8,0,41.67169354,-91.58754744,19103.0,512.7696175731111,1.032258064516129,767,756,8,0,748,722,151260,19,0,0,19,34
2020-06-22,US,Iowa,Jones,47,0,0,42.12118609,-91.13139641,19105.0,227.2617378269909,0.0,47,46,0,0,46,43,20744,1,0,0,1,3
2020-06-22,US,Iowa,Keokuk,16,1,0,41.33649833,-92.1785067,19107.0,156.15850087839158,6.25,15,16,1,0,15,16,10225,0,0,0,0,0
2020-06-22,US,Iowa,Kossuth,25,0,0,43.20405458,-94.20691791,19109.0,168.7706744076149,0.0,25,24,0,0,24,22,14908,1,0,0,1,2
2020-06-22,US,Iowa,Lee,44,1,0,40.64181461,-91.48183025,19111.0,130.73060581751196,2.272727272727273,43,45,1,0,44,42,34055,-1,0,0,-1,3
2020-06-22,US,Iowa,Linn,1099,80,0,42.07923082,-91.59809485,19113.0,484.768819528376,7.279344858962692,1019,1095,80,0,1015,1072,225909,4,0,0,4,23
2020-06-22,US,Iowa,Louisa,355,13,0,41.21842119,-91.26102611,19115.0,3217.036701404621,3.661971830985916,342,356,13,0,343,354,11169,-1,0,0,-1,2
2020-06-22,US,Iowa,Lucas,26,3,0,41.02958964,-93.32780803,19117.0,302.3255813953488,11.538461538461537,23,26,3,0,23,26,8645,0,0,0,0,0
2020-06-22,US,Iowa,Lyon,36,0,0,43.38107862,-96.20926845,19119.0,306.25265844321564,0.0,36,32,0,0,32,32,11811,4,0,0,4,0
2020-06-22,US,Iowa,Madison,34,2,0,41.33081904,-94.01554631,19121.0,208.10380707552943,5.882352941176472,32,35,2,0,33,34,16249,-1,0,0,-1,1
2020-06-22,US,Iowa,Mahaska,112,15,0,41.33521503,-92.64083907,19123.0,506.90201403032364,13.392857142857142,97,111,15,0,96,109,22000,1,0,0,1,2
2020-06-22,US,Iowa,Marion,46,0,0,41.33445101,-93.09934783,19125.0,138.33338345412443,0.0,46,45,0,0,45,45,33407,1,0,0,1,0
2020-06-22,US,Iowa,Marshall,974,18,0,42.03586837,-92.99908190000001,19127.0,2474.0277883614012,1.8480492813141685,956,974,18,0,956,968,39981,0,0,0,0,6
2020-06-22,US,Iowa,Mills,31,0,0,41.03299766,-95.61920963,19129.0,205.17572307895958,0.0,31,31,0,0,31,29,15063,0,0,0,0,2
2020-06-22,US,Iowa,Mitchell,9,0,0,43.35638371,-92.78887719,19131.0,85.01794823351597,0.0,9,8,0,0,8,8,10569,1,0,0,1,0
2020-06-22,US,Iowa,Monona,59,0,0,42.05220391,-95.95743843,19133.0,684.8520023215323,0.0,59,59,0,0,59,57,8679,0,0,0,0,2
2020-06-22,US,Iowa,Monroe,49,6,0,41.02988815,-92.8690667,19135.0,635.7856494096276,12.244897959183671,43,49,6,0,43,49,7790,0,0,0,0,0
2020-06-22,US,Iowa,Montgomery,10,2,0,41.03018714,-95.15642896,19137.0,100.83694665725521,20.0,8,10,2,0,8,10,10003,0,0,0,0,0
2020-06-22,US,Iowa,Muscatine,585,43,0,41.48370744,-91.11216970000001,19139.0,1371.1794487155448,7.35042735042735,542,583,43,0,540,581,42929,2,0,0,2,2
2020-06-22,US,Iowa,O'Brien,73,1,0,43.08310673,-95.62474482,19141.0,530.7932814658619,1.3698630136986298,72,71,1,0,70,70,13840,2,0,0,2,1
2020-06-22,US,Iowa,Osceola,49,0,0,43.37824276,-95.62422844,19143.0,822.4236320913056,0.0,49,49,0,0,49,49,6040,0,0,0,0,0
2020-06-22,US,Iowa,Page,18,0,0,40.7393172,-95.1497813,19145.0,119.1500628847554,0.0,18,18,0,0,18,18,15249,0,0,0,0,0
2020-06-22,US,Iowa,Palo Alto,22,0,0,43.08193849,-94.67824621,19147.0,247.58046365068645,0.0,22,22,0,0,22,21,8929,0,0,0,0,1
2020-06-22,US,Iowa,Plymouth,249,4,0,42.737633,-96.21366621,19149.0,988.9978949040793,1.606425702811245,245,243,4,0,239,229,25095,6,0,0,6,14
2020-06-22,US,Iowa,Pocahontas,39,1,0,42.73420133,-94.67862564,19151.0,589.2128720350506,2.5641025641025643,38,38,1,0,37,38,6740,1,0,0,1,0
2020-06-22,US,Iowa,Polk,5532,167,0,41.68679484,-93.57767461,19153.0,1128.6087632430974,3.0187997107736804,5365,5498,167,0,5331,5430,487204,34,0,0,34,68
2020-06-22,US,Iowa,Pottawattamie,626,11,0,41.33640314,-95.53907776,19155.0,671.6305817222067,1.757188498402556,615,620,11,0,609,586,93533,6,0,0,6,34
2020-06-22,US,Iowa,Poweshiek,97,8,0,41.68625425,-92.53155731,19157.0,524.210981409425,8.24742268041237,89,96,8,0,88,95,18699,1,0,0,1,1
2020-06-22,US,Iowa,Ringgold,11,0,0,40.73518949,-94.24368535,19159.0,224.76501838986516,0.0,11,11,0,0,11,11,4968,0,0,0,0,0
2020-06-22,US,Iowa,Sac,47,0,0,42.38624071,-95.10547892,19161.0,483.4893529472277,0.0,47,47,0,0,47,43,9719,0,0,0,0,4
2020-06-22,US,Iowa,Scott,451,10,0,41.63935978,-90.61959493,19163.0,260.77956320868725,2.217294900221729,441,445,10,0,435,432,173283,6,0,0,6,13
2020-06-22,US,Iowa,Shelby,78,0,0,41.6850066,-95.31015553,19165.0,680.984808800419,0.0,78,78,0,0,78,73,11578,0,0,0,0,5
2020-06-22,US,Iowa,Sioux,422,0,0,43.08221074,-96.17675679999999,19167.0,1210.7301678381868,0.0,422,419,0,0,419,409,34909,3,0,0,3,10
2020-06-22,US,Iowa,Story,483,3,0,42.03621213,-93.46499005,19169.0,497.33826209623436,0.6211180124223602,480,469,3,0,466,416,98105,14,0,0,14,53
2020-06-22,US,Iowa,Tama,432,29,0,42.07991767,-92.53266945,19171.0,2563.189747241011,6.712962962962963,403,431,29,0,402,430,16904,1,0,0,1,1
2020-06-22,US,Iowa,Taylor,76,0,0,40.73710579,-94.69778563,19173.0,1241.6271851004738,0.0,76,76,0,0,76,75,6191,0,0,0,0,1
2020-06-22,US,Iowa,Unassigned,8,0,0,0.0,0.0,90019.0,0.0,0.0,8,5,0,0,5,5,,3,0,0,3,0
2020-06-22,US,Iowa,Union,14,0,0,41.0277278,-94.24234847,19175.0,114.36974103422924,0.0,14,12,0,0,12,12,12359,2,0,0,2,0
2020-06-22,US,Iowa,Van Buren,13,0,0,40.75326764,-91.95017958,19177.0,184.5542305508234,0.0,13,12,0,0,12,11,7020,1,0,0,1,1
2020-06-22,US,Iowa,Wapello,689,27,0,41.03064984,-92.40954728,19179.0,1970.316566101404,3.918722786647315,662,688,27,0,661,681,35205,1,0,0,1,7
2020-06-22,US,Iowa,Warren,213,2,0,41.33559454,-93.56007641,19181.0,413.86546457855667,0.9389671361502347,211,210,2,0,208,209,51056,3,0,0,3,1
2020-06-22,US,Iowa,Washington,214,9,0,41.33577126,-91.71725711,19183.0,974.2772592761212,4.205607476635514,205,212,9,0,203,210,22141,2,0,0,2,2
2020-06-22,US,Iowa,Wayne,5,0,0,40.73969028,-93.32752197,19185.0,77.6276975624903,0.0,5,5,0,0,5,5,6401,0,0,0,0,0
2020-06-22,US,Iowa,Webster,126,1,0,42.42853483,-94.17987389,19187.0,350.9358288770053,0.7936507936507936,125,120,1,0,119,113,36277,6,0,0,6,7
2020-06-22,US,Iowa,Winnebago,15,0,0,43.37751174,-93.73407298,19189.0,144.8715472281244,0.0,15,15,0,0,15,13,10518,0,0,0,0,2
2020-06-22,US,Iowa,Winneshiek,24,0,0,43.29094334,-91.84422722,19191.0,120.05402431093992,0.0,24,24,0,0,24,24,20029,0,0,0,0,0
2020-06-22,US,Iowa,Woodbury,3069,42,0,42.38979414,-96.0459439,19193.0,2976.519537955716,1.3685239491691104,3027,3066,42,0,3024,3054,102539,3,0,0,3,12
2020-06-22,US,Iowa,Worth,8,0,0,43.37750768,-93.26087602,19195.0,108.38639750711286,0.0,8,6,0,0,6,6,7453,2,0,0,2,0
2020-06-22,US,Iowa,Wright,335,0,0,42.73305373,-93.73515113,19197.0,2666.7728068778856,0.0,335,332,0,0,332,319,12690,3,0,0,3,13
2020-06-22,US,Kansas,Allen,2,0,0,37.88582951,-95.30030847,20001.0,16.169455897809037,0.0,2,2,0,0,2,2,12444,0,0,0,0,0
2020-06-22,US,Kansas,Anderson,3,0,0,38.21413251,-95.29272815,20003.0,38.17765334690761,0.0,3,3,0,0,3,3,7878,0,0,0,0,0
2020-06-22,US,Kansas,Atchison,28,0,0,39.53185661,-95.30870026,20005.0,174.20518882598145,0.0,28,27,0,0,27,27,16193,1,0,0,1,0
2020-06-22,US,Kansas,Barber,1,0,0,37.2288586,-98.68460053,20007.0,22.588660492432798,0.0,1,1,0,0,1,1,4472,0,0,0,0,0
2020-06-22,US,Kansas,Barton,54,2,0,38.47889676,-98.75636726,20009.0,209.47282671942278,3.703703703703704,52,54,2,0,52,52,26111,0,0,0,0,2
2020-06-22,US,Kansas,Bourbon,14,1,0,37.85508555,-94.84865997,20011.0,96.32585661208202,7.142857142857142,13,9,1,0,8,9,14653,5,0,0,5,0
2020-06-22,US,Kansas,Brown,14,0,0,39.82652589,-95.56421698,20013.0,146.3822668339607,0.0,14,14,0,0,14,14,9598,0,0,0,0,0
2020-06-22,US,Kansas,Butler,50,0,0,37.78134351,-96.83878537,20015.0,74.7261287381746,0.0,50,47,0,0,47,47,66765,3,0,0,3,0
2020-06-22,US,Kansas,Chase,4,0,0,38.30292938,-96.59563862,20017.0,151.0574018126888,0.0,4,3,0,0,3,3,2629,1,0,0,1,0
2020-06-22,US,Kansas,Chautauqua,4,0,0,37.14994405,-96.2454192,20019.0,123.07692307692308,0.0,4,4,0,0,4,4,3309,0,0,0,0,0
2020-06-22,US,Kansas,Cherokee,18,0,0,37.16928494,-94.8462897,20021.0,90.27533978634837,0.0,18,17,0,0,17,17,20015,1,0,0,1,0
2020-06-22,US,Kansas,Cheyenne,2,0,0,39.78580976,-101.7318201,20023.0,75.27286413248024,0.0,2,2,0,0,2,2,2660,0,0,0,0,0
2020-06-22,US,Kansas,Clark,34,1,0,37.23577007,-99.81883015,20025.0,1705.1153460381142,2.9411764705882355,33,34,1,0,33,34,2005,0,0,0,0,0
2020-06-22,US,Kansas,Clay,6,2,0,39.34948772,-97.16518128,20027.0,74.9812546863284,33.333333333333336,4,6,2,0,4,6,7997,0,0,0,0,0
2020-06-22,US,Kansas,Cloud,7,0,0,39.48028352,-97.64925343,20029.0,79.6722057819258,0.0,7,7,0,0,7,7,8729,0,0,0,0,0
2020-06-22,US,Kansas,Coffey,53,8,0,38.2365018,-95.73379515,20031.0,648.0009781146838,15.094339622641508,45,52,8,0,44,52,8233,1,0,0,1,0
2020-06-22,US,Kansas,Comanche,2,0,0,37.19114520000001,-99.27113247,20033.0,117.64705882352942,0.0,2,2,0,0,2,2,1748,0,0,0,0,0
2020-06-22,US,Kansas,Cowley,59,1,0,37.23781842,-96.83776647,20035.0,169.0156984072419,1.6949152542372878,58,55,1,0,54,55,35218,4,0,0,4,0
2020-06-22,US,Kansas,Crawford,192,1,0,37.50675523,-94.85245778,20037.0,494.6158998402803,0.5208333333333334,191,167,1,0,166,167,39019,25,0,0,25,0
2020-06-22,US,Kansas,Dickinson,6,1,0,38.86600962,-97.15532383,20041.0,32.492147730965016,16.666666666666668,5,6,1,0,5,6,18717,0,0,0,0,0
2020-06-22,US,Kansas,Doniphan,24,0,0,39.79067154,-95.14056866,20043.0,315.7894736842105,0.0,24,24,0,0,24,24,7682,0,0,0,0,0
2020-06-22,US,Kansas,Douglas,102,0,0,38.88503636,-95.2925121,20045.0,83.42944077736608,0.0,102,91,0,0,91,91,121436,11,0,0,11,0
2020-06-22,US,Kansas,Edwards,6,0,0,37.88735543,-99.31263309,20047.0,214.43888491779842,0.0,6,6,0,0,6,6,2849,0,0,0,0,0
2020-06-22,US,Kansas,Ellis,14,0,0,38.91458712,-99.31751551,20051.0,49.031625398381955,0.0,14,14,0,0,14,14,28710,0,0,0,0,0
2020-06-22,US,Kansas,Ellsworth,3,0,0,38.69677695,-98.20462799,20053.0,49.164208456243855,0.0,3,3,0,0,3,3,6196,0,0,0,0,0
2020-06-22,US,Kansas,Finney,1554,10,0,38.04340344,-100.73819379999999,20055.0,4261.387007431375,0.6435006435006435,1544,1546,10,0,1536,1546,36611,8,0,0,8,0
2020-06-22,US,Kansas,Ford,1898,8,0,37.69200114,-99.88825298,20057.0,5645.617061780541,0.4214963119072708,1890,1892,8,0,1884,1892,33888,6,0,0,6,0
2020-06-22,US,Kansas,Franklin,65,0,0,38.56443815,-95.28644341,20059.0,254.46288756655187,0.0,65,57,0,0,57,57,25631,8,0,0,8,0
2020-06-22,US,Kansas,Geary,36,1,0,38.99871131,-96.7577178,20061.0,113.67224502683928,2.7777777777777777,35,33,1,0,32,33,32594,3,0,0,3,0
2020-06-22,US,Kansas,Gove,1,0,0,38.91588178,-100.4829321,20063.0,37.93626707132018,0.0,1,1,0,0,1,1,2612,0,0,0,0,0
2020-06-22,US,Kansas,Grant,24,1,0,37.56227336,-101.3079758,20067.0,335.6643356643357,4.166666666666667,23,23,1,0,22,22,7336,1,0,0,1,1
2020-06-22,US,Kansas,Gray,24,0,0,37.73836671,-100.4369088,20069.0,400.80160320641284,0.0,24,24,0,0,24,24,6033,0,0,0,0,0
2020-06-22,US,Kansas,Greenwood,11,0,0,37.8774388,-96.23250453,20073.0,183.884988298228,0.0,11,11,0,0,11,11,6055,0,0,0,0,0
2020-06-22,US,Kansas,Hamilton,28,0,0,37.99978709,-101.7921066,20075.0,1102.7963765261914,0.0,28,28,0,0,28,28,2607,0,0,0,0,0
2020-06-22,US,Kansas,Harper,2,0,0,37.19175361,-98.07578384,20077.0,36.79175864606328,0.0,2,2,0,0,2,2,5506,0,0,0,0,0
2020-06-22,US,Kansas,Harvey,20,0,0,38.04293782,-97.42747573,20079.0,58.09056318801011,0.0,20,13,0,0,13,13,34210,7,0,0,7,0
2020-06-22,US,Kansas,Haskell,23,0,0,37.562039399999996,-100.8710738,20081.0,579.6370967741935,0.0,23,23,0,0,23,23,3997,0,0,0,0,0
2020-06-22,US,Kansas,Hodgeman,9,0,0,38.08780079,-99.89829881,20083.0,501.6722408026756,0.0,9,8,0,0,8,8,1818,1,0,0,1,0
2020-06-22,US,Kansas,Jackson,104,1,0,39.41673394,-95.79356799,20085.0,789.6135449092703,0.9615384615384616,103,104,1,0,103,104,13280,0,0,0,0,0
2020-06-22,US,Kansas,Jefferson,22,0,0,39.2347941,-95.38289232,20087.0,115.52801554376936,0.0,22,22,0,0,22,22,18975,0,0,0,0,0
2020-06-22,US,Kansas,Jewell,4,0,0,39.78470589,-98.21820662,20089.0,138.9371309482459,0.0,4,4,0,0,4,4,2841,0,0,0,0,0
2020-06-22,US,Kansas,Johnson,1277,80,0,38.88548175,-94.82250877,20091.0,211.9850398654717,6.264682850430697,1197,1257,80,0,1177,1236,597555,20,0,0,20,21
2020-06-22,US,Kansas,Kearny,48,1,0,38.00017981,-101.32168100000001,20093.0,1250.6513809275666,2.083333333333333,47,46,1,0,45,46,3943,2,0,0,2,0
2020-06-22,US,Kansas,Kiowa,3,0,0,37.55848695,-99.2856537,20097.0,121.21212121212122,0.0,3,3,0,0,3,3,2516,0,0,0,0,0
2020-06-22,US,Kansas,Labette,28,0,0,37.19113093,-95.29849679,20099.0,142.72606789682942,0.0,28,28,0,0,28,28,19964,0,0,0,0,0
2020-06-22,US,Kansas,Lane,5,0,0,38.48119447,-100.46607540000001,20101.0,325.73289902280135,0.0,5,5,0,0,5,5,1560,0,0,0,0,0
2020-06-22,US,Kansas,Leavenworth,1132,7,0,39.20183497,-95.03620809,20103.0,1384.573986643509,0.6183745583038869,1125,1122,7,0,1115,1122,81352,10,0,0,10,0
2020-06-22,US,Kansas,Linn,12,0,0,38.21267844,-94.84254089,20107.0,123.67309079666084,0.0,12,12,0,0,12,12,9750,0,0,0,0,0
2020-06-22,US,Kansas,Lyon,476,6,0,38.45576156,-96.15275715,20111.0,1433.9508962193104,1.2605042016806722,470,476,6,0,470,476,33406,0,0,0,0,0
2020-06-22,US,Kansas,Marion,7,1,0,38.35855394,-97.09852509999999,20115.0,58.902726354762706,14.285714285714285,6,7,1,0,6,7,11950,0,0,0,0,0
2020-06-22,US,Kansas,McPherson,49,0,0,38.39184858,-97.64769869,20113.0,171.6768271319459,0.0,49,41,0,0,41,41,28537,8,0,0,8,0
2020-06-22,US,Kansas,Meade,30,0,0,37.23859987,-100.36483100000001,20119.0,743.86312918423,0.0,30,30,0,0,30,30,4146,0,0,0,0,0
2020-06-22,US,Kansas,Miami,20,0,0,38.56383358,-94.83832189,20121.0,58.41633320676461,0.0,20,20,0,0,20,20,33680,0,0,0,0,0
2020-06-22,US,Kansas,Mitchell,4,0,0,39.39331582,-98.20906732,20123.0,66.9008195350393,0.0,4,4,0,0,4,4,6150,0,0,0,0,0
2020-06-22,US,Kansas,Montgomery,26,3,0,37.19236568,-95.74329258,20125.0,81.68651230010367,11.538461538461537,23,25,3,0,22,25,32120,1,0,0,1,0
2020-06-22,US,Kansas,Morris,5,0,0,38.68827511,-96.65128437,20127.0,88.96797153024912,0.0,5,5,0,0,5,5,5521,0,0,0,0,0
2020-06-22,US,Kansas,Morton,6,1,0,37.19141121,-101.79925190000002,20129.0,231.92887514495555,16.666666666666668,5,6,1,0,5,6,2667,0,0,0,0,0
2020-06-22,US,Kansas,Nemaha,23,0,0,39.78345387,-96.01392079,20131.0,224.80695924152087,0.0,23,22,0,0,22,22,10155,1,0,0,1,0
2020-06-22,US,Kansas,Neosho,17,0,0,37.55862897,-95.30670046,20133.0,106.20353595302055,0.0,17,17,0,0,17,17,15951,0,0,0,0,0
2020-06-22,US,Kansas,Ness,4,0,0,38.47974157,-99.91547333,20135.0,145.45454545454547,0.0,4,4,0,0,4,4,2840,0,0,0,0,0
2020-06-22,US,Kansas,Norton,3,0,0,39.78443827,-99.90286639,20137.0,55.95970900951315,0.0,3,3,0,0,3,3,5430,0,0,0,0,0
2020-06-22,US,Kansas,Osage,10,0,0,38.65235984,-95.72707998,20139.0,62.699855790331675,0.0,10,10,0,0,10,10,15941,0,0,0,0,0
2020-06-22,US,Kansas,Osborne,2,0,0,39.3503437,-98.76753828,20141.0,58.46243788365975,0.0,2,2,0,0,2,2,3475,0,0,0,0,0
2020-06-22,US,Kansas,Ottawa,4,0,0,39.13237408,-97.65020313,20143.0,70.12622720897616,0.0,4,4,0,0,4,4,5802,0,0,0,0,0
2020-06-22,US,Kansas,Pawnee,3,0,0,38.18108732,-99.23692334,20145.0,46.772684752104766,0.0,3,3,0,0,3,3,6562,0,0,0,0,0
2020-06-22,US,Kansas,Phillips,3,0,0,39.78465501,-99.34668865,20147.0,57.3175391669851,0.0,3,2,0,0,2,2,5317,1,0,0,1,0
2020-06-22,US,Kansas,Pottawatomie,48,0,0,39.37925655,-96.34564657,20149.0,196.85846696468846,0.0,48,42,0,0,42,42,24277,6,0,0,6,0
2020-06-22,US,Kansas,Pratt,6,0,0,37.64780729,-98.73922153,20151.0,65.47359231776517,0.0,6,6,0,0,6,6,9378,0,0,0,0,0
2020-06-22,US,Kansas,Reno,60,0,0,37.95230263,-98.08607292,20155.0,96.77731539727087,0.0,60,55,0,0,55,55,62342,5,0,0,5,0
2020-06-22,US,Kansas,Republic,4,0,0,39.82799632,-97.65036709,20157.0,86.28127696289906,0.0,4,4,0,0,4,4,4664,0,0,0,0,0
2020-06-22,US,Kansas,Rice,4,0,0,38.34616184,-98.19992118,20159.0,41.94191045402118,0.0,4,4,0,0,4,4,9531,0,0,0,0,0
2020-06-22,US,Kansas,Riley,132,3,0,39.28935726,-96.73420026,20161.0,177.82088587132233,2.272727272727273,129,103,3,0,100,103,73703,29,0,0,29,0
2020-06-22,US,Kansas,Rooks,6,0,0,39.35022773,-99.32484567,20163.0,121.95121951219512,0.0,6,6,0,0,6,6,5013,0,0,0,0,0
2020-06-22,US,Kansas,Saline,50,2,0,38.78369175,-97.65185177,20169.0,92.21009147241074,4.0,48,40,2,0,38,40,54401,10,0,0,10,0
2020-06-22,US,Kansas,Scott,16,0,0,38.48222076,-100.90665390000001,20171.0,331.74372797014314,0.0,16,16,0,0,16,16,4897,0,0,0,0,0
2020-06-22,US,Kansas,Sedgwick,896,25,0,37.6842718,-97.4608198,20173.0,173.62927823704268,2.790178571428572,871,882,25,0,857,867,513607,14,0,0,14,15
2020-06-22,US,Kansas,Seward,968,2,0,37.19324632,-100.85072009999999,20175.0,4517.453798767967,0.2066115702479339,966,955,2,0,953,955,21780,13,0,0,13,0
2020-06-22,US,Kansas,Shawnee,503,9,0,39.04100763,-95.75572640000001,20177.0,284.38162544169614,1.7892644135188869,494,491,9,0,482,491,177499,12,0,0,12,0
2020-06-22,US,Kansas,Sheridan,3,0,0,39.35018161,-100.44182590000001,20179.0,119.00039666798891,0.0,3,3,0,0,3,3,2533,0,0,0,0,0
2020-06-22,US,Kansas,Sherman,7,0,0,39.35147699,-101.71976240000001,20181.0,118.30319418624303,0.0,7,7,0,0,7,7,5899,0,0,0,0,0
2020-06-22,US,Kansas,Smith,3,0,0,39.78516566,-98.78566062,20183.0,83.72871895060004,0.0,3,3,0,0,3,3,3603,0,0,0,0,0
2020-06-22,US,Kansas,Stafford,1,0,0,38.03100851,-98.71762001,20185.0,24.06159769008662,0.0,1,1,0,0,1,1,4178,0,0,0,0,0
2020-06-22,US,Kansas,Stanton,10,0,0,37.56304714,-101.78435340000001,20187.0,498.5044865403789,0.0,10,9,0,0,9,9,1987,1,0,0,1,0
2020-06-22,US,Kansas,Stevens,30,0,0,37.1923008,-101.3118967,20189.0,546.9462169553327,0.0,30,30,0,0,30,30,5559,0,0,0,0,0
2020-06-22,US,Kansas,Sumner,10,1,0,37.23682549,-97.47721621,20191.0,43.790506218251885,10.0,9,9,1,0,8,9,22996,1,0,0,1,0
2020-06-22,US,Kansas,Thomas,10,0,0,39.35107575,-101.0553705,20193.0,128.5842870001286,0.0,10,,,,,,7711,,,,,
2020-06-22,US,Kansas,Trego,1,0,0,38.91467218,-99.87284448,20195.0,35.676061362825536,0.0,1,1,0,0,1,1,2793,0,0,0,0,0
2020-06-22,US,Kansas,Unassigned,0,1,0,0.0,0.0,90020.0,0.0,0.0,-1,,,,,,,,,,,
2020-06-22,US,Kansas,Wabaunsee,32,0,0,38.95471985,-96.20350509,20197.0,461.6938392728322,0.0,32,32,0,0,32,32,6899,0,0,0,0,0
2020-06-22,US,Kansas,Washington,1,0,0,39.78420784,-97.08753229999999,20201.0,18.49796522382538,0.0,1,1,0,0,1,1,5420,0,0,0,0,0
2020-06-22,US,Kansas,Wilson,1,0,0,37.55937174,-95.74323255,20205.0,11.730205278592374,0.0,1,1,0,0,1,1,8665,0,0,0,0,0
2020-06-22,US,Kansas,Woodson,6,0,0,37.8865336,-95.74006277,20207.0,191.20458891013385,0.0,6,6,0,0,6,6,3183,0,0,0,0,0
2020-06-22,US,Kansas,Wyandotte,1896,78,0,39.11727348,-94.76378225,20209.0,1146.1110204377708,4.113924050632911,1818,1834,78,0,1756,1834,165324,62,0,0,62,0
2020-06-22,US,Kentucky,Adair,105,19,0,37.10459774,-85.28129668,21001.0,546.8180397875221,18.095238095238095,86,105,19,0,86,105,19215,0,0,0,0,0
2020-06-22,US,Kentucky,Allen,152,4,0,36.75197631,-86.19457544,21003.0,713.1128313394322,2.631578947368421,148,152,4,0,148,145,21122,0,0,0,0,7
2020-06-22,US,Kentucky,Anderson,27,1,0,38.00671029,-84.99171713,21005.0,118.69697102914671,3.703703703703704,26,27,1,0,26,27,22663,0,0,0,0,0
2020-06-22,US,Kentucky,Ballard,14,0,0,37.05842757,-88.99427697,21007.0,177.4847870182556,0.0,14,14,0,0,14,14,7979,0,0,0,0,0
2020-06-22,US,Kentucky,Barren,71,2,0,36.96469836,-85.93338945,21009.0,160.4556035164636,2.8169014084507036,69,71,2,0,69,70,44176,0,0,0,0,1
2020-06-22,US,Kentucky,Bath,10,1,0,38.14735938,-83.74588932,21011.0,80.0,10.0,9,10,1,0,9,10,12383,0,0,0,0,0
2020-06-22,US,Kentucky,Bell,5,0,0,36.73355174,-83.67766671,21013.0,19.207129686539645,0.0,5,5,0,0,5,4,26569,0,0,0,0,1
2020-06-22,US,Kentucky,Boone,571,23,0,38.97065142,-84.72615357,21015.0,427.45600047911,4.028021015761821,548,568,23,0,545,566,131533,3,0,0,3,2
2020-06-22,US,Kentucky,Bourbon,27,1,0,38.2054607,-84.21827874,21017.0,136.44633110976352,3.703703703703704,26,27,1,0,26,27,20184,0,0,0,0,0
2020-06-22,US,Kentucky,Boyd,49,3,0,38.36176608,-82.68652187,21019.0,104.88462691039857,6.1224489795918355,46,49,3,0,46,48,47240,0,0,0,0,1
2020-06-22,US,Kentucky,Boyle,34,0,0,37.62680923,-84.8633779,21021.0,113.10711909514305,0.0,34,32,0,0,32,31,30100,2,0,0,2,1
2020-06-22,US,Kentucky,Bracken,16,0,0,38.69158994,-84.08532444,21023.0,192.70143321690955,0.0,16,16,0,0,16,16,8239,0,0,0,0,0
2020-06-22,US,Kentucky,Breathitt,4,0,0,37.52333168,-83.31959161,21025.0,31.670625494853525,0.0,4,4,0,0,4,4,12726,0,0,0,0,0
2020-06-22,US,Kentucky,Breckinridge,24,2,0,37.77377239,-86.42885017,21027.0,117.2046686526347,8.333333333333334,22,24,2,0,22,24,20388,0,0,0,0,0
2020-06-22,US,Kentucky,Bullitt,145,4,0,37.97162523,-85.68955617,21029.0,177.53073118174248,2.7586206896551726,141,144,4,0,140,144,81069,1,0,0,1,0
2020-06-22,US,Kentucky,Butler,246,14,0,37.20946153,-86.68748787,21031.0,1910.0861868157465,5.691056910569106,232,246,14,0,232,246,12772,0,0,0,0,0
2020-06-22,US,Kentucky,Caldwell,13,0,0,37.14749129,-87.86948214,21033.0,101.98478073272142,0.0,13,13,0,0,13,12,12715,0,0,0,0,1
2020-06-22,US,Kentucky,Calloway,68,1,0,36.62093411,-88.2731593,21035.0,174.35450373067357,1.4705882352941178,67,66,1,0,65,65,39135,2,0,0,2,1
2020-06-22,US,Kentucky,Campbell,232,12,0,38.94384345,-84.37875208,21037.0,247.9056248931441,5.172413793103448,220,227,12,0,215,225,93152,5,0,0,5,2
2020-06-22,US,Kentucky,Carlisle,5,1,0,36.85372876,-88.96692220000001,21039.0,105.04201680672269,20.0,4,5,1,0,4,5,4771,0,0,0,0,0
2020-06-22,US,Kentucky,Carroll,29,0,0,38.66599534,-85.12601074,21041.0,272.78713197253313,0.0,29,29,0,0,29,29,10737,0,0,0,0,0
2020-06-22,US,Kentucky,Carter,21,0,0,38.31690743,-83.05092385,21043.0,78.36698137851252,0.0,21,21,0,0,21,21,27004,0,0,0,0,0
2020-06-22,US,Kentucky,Casey,13,0,0,37.32533118,-84.92726209,21045.0,80.45052292839905,0.0,13,13,0,0,13,13,15888,0,0,0,0,0
2020-06-22,US,Kentucky,Christian,147,3,0,36.89267803,-87.49055367,21047.0,208.6260484523353,2.0408163265306123,144,145,3,0,142,145,71671,2,0,0,2,0
2020-06-22,US,Kentucky,Clark,89,0,0,37.9689263,-84.14615986,21049.0,245.4292253812426,0.0,89,87,0,0,87,84,36249,2,0,0,2,3
2020-06-22,US,Kentucky,Clay,32,3,0,37.16451126,-83.712575,21051.0,160.79593990251746,9.375,29,32,3,0,29,31,20105,0,0,0,0,1
2020-06-22,US,Kentucky,Clinton,5,0,0,36.72581156,-85.13377529,21053.0,48.933255040125275,0.0,5,5,0,0,5,5,10206,0,0,0,0,0
2020-06-22,US,Kentucky,Crittenden,7,1,0,37.35839237,-88.08826090000002,21055.0,79.4912559618442,14.285714285714285,6,7,1,0,6,7,8915,0,0,0,0,0
2020-06-22,US,Kentucky,Cumberland,6,0,0,36.78926125,-85.39050034,21057.0,90.71666162685213,0.0,6,6,0,0,6,5,6659,0,0,0,0,1
2020-06-22,US,Kentucky,Daviess,382,8,0,37.73028906,-87.09019479999998,21059.0,376.31389701608686,2.094240837696335,374,381,8,0,373,375,101104,1,0,0,1,6
2020-06-22,US,Kentucky,Edmonson,71,11,0,37.21218923,-86.23955613,21061.0,584.3621399176955,15.492957746478874,60,71,11,0,60,71,12274,0,0,0,0,0
2020-06-22,US,Kentucky,Elliott,2,0,0,38.11624059,-83.09771563,21063.0,26.60635891978183,0.0,2,2,0,0,2,2,7508,0,0,0,0,0
2020-06-22,US,Kentucky,Estill,5,0,0,37.69241417,-83.95956369,21065.0,35.44590954203885,0.0,5,5,0,0,5,5,14198,0,0,0,0,0
2020-06-22,US,Kentucky,Fayette,1156,19,0,38.0368225,-84.45576892,21067.0,357.7263950091598,1.643598615916955,1137,1153,19,0,1134,1147,323780,3,0,0,3,6
2020-06-22,US,Kentucky,Fleming,12,0,0,38.36758311,-83.69657514,21069.0,82.29888210685138,0.0,12,12,0,0,12,12,14432,0,0,0,0,0
2020-06-22,US,Kentucky,Floyd,26,0,0,37.56213922,-82.74750924,21071.0,73.05628143527494,0.0,26,26,0,0,26,26,35845,0,0,0,0,0
2020-06-22,US,Kentucky,Franklin,112,3,0,38.2379395,-84.87962551,21073.0,219.6466043027201,2.6785714285714284,109,109,3,0,106,109,50815,3,0,0,3,0
2020-06-22,US,Kentucky,Fulton,16,0,0,36.55238827,-89.20140068,21075.0,268.0515999329871,0.0,16,15,0,0,15,15,6120,1,0,0,1,0
2020-06-22,US,Kentucky,Gallatin,57,7,0,38.75398691,-84.8558382,21077.0,642.6880144322922,12.280701754385964,50,57,7,0,50,57,8832,0,0,0,0,0
2020-06-22,US,Kentucky,Garrard,16,0,0,37.638866799999995,-84.53289319,21079.0,90.5694554511491,0.0,16,16,0,0,16,16,17560,0,0,0,0,0
2020-06-22,US,Kentucky,Grant,53,4,0,38.64962758,-84.62415957,21081.0,211.41649048625797,7.547169811320754,49,53,4,0,49,53,25121,0,0,0,0,0
2020-06-22,US,Kentucky,Graves,185,20,0,36.72292505,-88.65143315,21083.0,496.43106316749845,10.810810810810812,165,183,20,0,163,183,37317,2,0,0,2,0
2020-06-22,US,Kentucky,Grayson,137,10,0,37.46231118,-86.34248968,21085.0,518.4092027093503,7.299270072992702,127,137,10,0,127,137,26321,0,0,0,0,0
2020-06-22,US,Kentucky,Green,6,1,0,37.26484328,-85.5540745,21087.0,54.83959418700302,16.666666666666668,5,6,1,0,5,6,11049,0,0,0,0,0
2020-06-22,US,Kentucky,Greenup,20,0,0,38.54332505,-82.9215658,21089.0,56.98330389195966,0.0,20,19,0,0,19,16,35268,1,0,0,1,3
2020-06-22,US,Kentucky,Hancock,11,0,0,37.83766422,-86.78280584,21091.0,126.11786287548729,0.0,11,11,0,0,11,11,8758,0,0,0,0,0
2020-06-22,US,Kentucky,Hardin,134,5,0,37.6976111,-85.96319251,21093.0,120.76641612141529,3.7313432835820897,129,134,5,0,129,134,110356,0,0,0,0,0
2020-06-22,US,Kentucky,Harlan,17,1,0,36.85699301,-83.21899516,21095.0,65.359477124183,5.882352941176472,16,17,1,0,16,16,26409,0,0,0,0,1
2020-06-22,US,Kentucky,Harrison,59,0,0,38.44188174,-84.32869741,21097.0,312.4007201101345,0.0,59,59,0,0,59,58,18778,0,0,0,0,1
2020-06-22,US,Kentucky,Hart,36,0,0,37.29943898,-85.88461055,21099.0,189.12529550827423,0.0,36,36,0,0,36,35,18906,0,0,0,0,1
2020-06-22,US,Kentucky,Henderson,144,3,0,37.79344553,-87.57392021,21101.0,318.51360318513605,2.083333333333333,141,144,3,0,141,144,45591,0,0,0,0,0
2020-06-22,US,Kentucky,Henry,29,2,0,38.44942688,-85.11587507,21103.0,179.83380875604615,6.896551724137932,27,29,2,0,27,28,16106,0,0,0,0,1
2020-06-22,US,Kentucky,Hickman,5,0,0,36.67948079999999,-88.97875928,21105.0,114.15525114155253,0.0,5,5,0,0,5,5,4421,0,0,0,0,0
2020-06-22,US,Kentucky,Hopkins,233,32,0,37.30939025,-87.54670406,21107.0,521.4161034775992,13.733905579399142,201,233,32,0,201,232,45068,0,0,0,0,1
2020-06-22,US,Kentucky,Jackson,90,13,0,37.41866422,-83.99825483,21109.0,675.219446320054,14.444444444444445,77,90,13,0,77,90,13442,0,0,0,0,0
2020-06-22,US,Kentucky,Jefferson,3609,184,0,38.18664655,-85.65931031,21111.0,470.6836716195613,5.098365198115822,3425,3582,184,0,3398,3561,770517,27,0,0,27,21
2020-06-22,US,Kentucky,Jessamine,99,0,0,37.87119786,-84.58252003,21113.0,182.94373094336134,0.0,99,98,0,0,98,96,53920,1,0,0,1,2
2020-06-22,US,Kentucky,Johnson,10,0,0,37.85106355,-82.8264322,21115.0,45.06940688660537,0.0,10,9,0,0,9,9,22386,1,0,0,1,0
2020-06-22,US,Kentucky,Kenton,726,36,0,38.93950319,-84.53241199,21117.0,434.7357453382675,4.958677685950414,690,723,36,0,687,717,166051,3,0,0,3,6
2020-06-22,US,Kentucky,Knott,4,0,0,37.35388197,-82.94981134,21119.0,27.016074564365802,0.0,4,4,0,0,4,4,15126,0,0,0,0,0
2020-06-22,US,Kentucky,Knox,13,0,0,36.89225732,-83.85403396,21121.0,41.74024723069513,0.0,13,13,0,0,13,13,31304,0,0,0,0,0
2020-06-22,US,Kentucky,Larue,11,1,0,37.54567114,-85.70138352,21123.0,76.3994999305459,9.090909090909092,10,11,1,0,10,11,14307,0,0,0,0,0
2020-06-22,US,Kentucky,Laurel,55,2,0,37.10975748,-84.11321779,21125.0,90.44118856165623,3.636363636363636,53,55,2,0,53,54,60669,0,0,0,0,1
2020-06-22,US,Kentucky,Lawrence,5,0,0,38.07136018,-82.72882223,21127.0,32.64346804204479,0.0,5,5,0,0,5,5,15571,0,0,0,0,0
2020-06-22,US,Kentucky,Lee,1,0,0,37.59645942,-83.71513901,21129.0,13.508037282182901,0.0,1,1,0,0,1,1,7033,0,0,0,0,0
2020-06-22,US,Kentucky,Leslie,8,0,0,37.09246661,-83.37999606,21131.0,80.99625392325605,0.0,8,7,0,0,7,7,10143,1,0,0,1,0
2020-06-22,US,Kentucky,Letcher,8,0,0,37.12306748,-82.85346474,21133.0,37.11780262608453,0.0,8,8,0,0,8,8,21899,0,0,0,0,0
2020-06-22,US,Kentucky,Lewis,17,0,0,38.53184419,-83.37735618,21135.0,128.06026365348401,0.0,17,17,0,0,17,16,13257,0,0,0,0,1
2020-06-22,US,Kentucky,Lincoln,20,1,0,37.45475628,-84.6565327,21137.0,81.46971363395656,5.0,19,18,1,0,17,17,24644,2,0,0,2,1
2020-06-22,US,Kentucky,Livingston,8,0,0,37.21137452,-88.34797529,21139.0,87.01326952360235,0.0,8,8,0,0,8,8,9242,0,0,0,0,0
2020-06-22,US,Kentucky,Logan,202,10,0,36.85949479,-86.877635,21141.0,745.3324477898309,4.950495049504951,192,202,10,0,192,202,26989,0,0,0,0,0
2020-06-22,US,Kentucky,Lyon,18,3,0,37.02080035,-88.07886257,21143.0,219.2448233861145,16.666666666666668,15,18,3,0,15,18,8009,0,0,0,0,0
2020-06-22,US,Kentucky,Madison,95,1,0,37.71659336,-84.27220275,21151.0,102.16481873810318,1.0526315789473684,94,94,1,0,93,94,92368,1,0,0,1,0
2020-06-22,US,Kentucky,Magoffin,5,0,0,37.70820545,-83.0657714,21153.0,41.115039881588686,0.0,5,5,0,0,5,5,12362,0,0,0,0,0
2020-06-22,US,Kentucky,Marion,48,0,0,37.55218078,-85.26898542,21155.0,249.05307943755517,0.0,48,46,0,0,46,46,19404,2,0,0,2,0
2020-06-22,US,Kentucky,Marshall,52,2,0,36.88007070000001,-88.32803576,21157.0,167.20257234726688,3.8461538461538463,50,50,2,0,48,50,31191,2,0,0,2,0
2020-06-22,US,Kentucky,Martin,4,0,0,37.79990579,-82.51247478,21159.0,35.730236712818225,0.0,4,4,0,0,4,3,11323,0,0,0,0,1
2020-06-22,US,Kentucky,Mason,24,0,0,38.59471935,-83.82151043,21161.0,140.597539543058,0.0,24,24,0,0,24,24,17150,0,0,0,0,0
2020-06-22,US,Kentucky,McCracken,148,3,0,37.05350953,-88.70445755,21145.0,226.23742700785718,2.0270270270270268,145,143,3,0,140,134,65346,5,0,0,5,9
2020-06-22,US,Kentucky,McCreary,14,0,0,36.73874143,-84.48102924,21147.0,81.24891184493066,0.0,14,14,0,0,14,13,17408,0,0,0,0,1
2020-06-22,US,Kentucky,McLean,24,1,0,37.5301951,-87.26803443,21149.0,260.67122841316393,4.166666666666667,23,24,1,0,23,24,9252,0,0,0,0,0
2020-06-22,US,Kentucky,Meade,24,2,0,37.96163597,-86.21028219,21163.0,83.99832003359933,8.333333333333334,22,24,2,0,22,24,28715,0,0,0,0,0
2020-06-22,US,Kentucky,Menifee,10,0,0,37.94090733,-83.59985712,21165.0,154.10695022345507,0.0,10,10,0,0,10,10,6451,0,0,0,0,0
2020-06-22,US,Kentucky,Mercer,17,0,0,37.81474237,-84.87488475,21167.0,77.50877672912964,0.0,17,17,0,0,17,17,21774,0,0,0,0,0
2020-06-22,US,Kentucky,Metcalfe,8,2,0,36.99459295,-85.63123699,21169.0,79.43600436898024,25.0,6,8,2,0,6,8,10030,0,0,0,0,0
2020-06-22,US,Kentucky,Monroe,34,0,0,36.71225341,-85.71596443,21171.0,319.2488262910798,0.0,34,34,0,0,34,32,10718,0,0,0,0,2
2020-06-22,US,Kentucky,Montgomery,45,0,0,38.03253032,-83.9145241,21173.0,159.81816244628334,0.0,45,45,0,0,45,44,28203,0,0,0,0,1
2020-06-22,US,Kentucky,Morgan,7,0,0,37.92465657,-83.25558245,21175.0,52.59598767751147,0.0,7,7,0,0,7,7,13345,0,0,0,0,0
2020-06-22,US,Kentucky,Muhlenberg,492,8,0,37.21425819,-87.14632053,21177.0,1606.6880020900005,1.6260162601626016,484,492,8,0,484,492,30774,0,0,0,0,0
2020-06-22,US,Kentucky,Nelson,54,1,0,37.80335779,-85.4657193,21179.0,116.79968853416392,1.851851851851852,53,53,1,0,52,53,45851,1,0,0,1,0
2020-06-22,US,Kentucky,Nicholas,5,0,0,38.33342292,-84.01889177,21181.0,68.78525244187647,0.0,5,5,0,0,5,5,7166,0,0,0,0,0
2020-06-22,US,Kentucky,Ohio,171,0,0,37.47751843,-86.85368087,21183.0,712.6781695423856,0.0,171,171,0,0,171,171,24087,0,0,0,0,0
2020-06-22,US,Kentucky,Oldham,117,6,0,38.39791089,-85.448222,21185.0,175.15232263956048,5.128205128205129,111,117,6,0,111,116,66470,0,0,0,0,1
2020-06-22,US,Kentucky,Owen,5,0,0,38.51679143,-84.82404619,21187.0,45.86735161911753,0.0,5,5,0,0,5,5,10880,0,0,0,0,0
2020-06-22,US,Kentucky,Owsley,2,0,0,37.42823949,-83.68811419,21189.0,45.30011325028314,0.0,2,2,0,0,2,2,4472,0,0,0,0,0
2020-06-22,US,Kentucky,Pendleton,14,0,0,38.69607718,-84.35599463,21191.0,95.95613433858809,0.0,14,14,0,0,14,14,14529,0,0,0,0,0
2020-06-22,US,Kentucky,Perry,43,1,0,37.25023553,-83.22922731,21193.0,166.93842689649819,2.3255813953488373,42,41,1,0,40,39,26092,2,0,0,2,2
2020-06-22,US,Kentucky,Pike,63,2,0,37.47088263,-82.39487445,21195.0,108.8534107402032,3.1746031746031744,61,63,2,0,61,62,58402,0,0,0,0,1
2020-06-22,US,Kentucky,Powell,5,0,0,37.83218794,-83.82553961,21197.0,40.456347600938585,0.0,5,5,0,0,5,5,12442,0,0,0,0,0
2020-06-22,US,Kentucky,Pulaski,77,2,0,37.10466131,-84.57629079,21199.0,118.49982301974484,2.5974025974025974,75,77,2,0,75,75,64623,0,0,0,0,2
2020-06-22,US,Kentucky,Rockcastle,17,0,0,37.36642393,-84.31176452,21203.0,101.82689427972448,0.0,17,17,0,0,17,16,16750,0,0,0,0,1
2020-06-22,US,Kentucky,Rowan,17,0,0,38.19484205,-83.42088935,21205.0,69.50122649223222,0.0,17,17,0,0,17,17,24583,0,0,0,0,0
2020-06-22,US,Kentucky,Russell,38,4,0,36.99308373,-85.06070117,21207.0,212.01807733080398,10.526315789473683,34,38,4,0,34,38,17821,0,0,0,0,0
2020-06-22,US,Kentucky,Scott,67,0,0,38.29622293,-84.5816631,21209.0,117.53561153603256,0.0,67,67,0,0,67,66,56031,0,0,0,0,1
2020-06-22,US,Kentucky,Shelby,365,6,0,38.21476019,-85.194223,21211.0,744.5332898172322,1.643835616438356,359,361,6,0,355,358,48518,4,0,0,4,3
2020-06-22,US,Kentucky,Simpson,62,3,0,36.74058474,-86.58047435,21213.0,333.83588197286235,4.838709677419356,59,62,3,0,59,62,18529,0,0,0,0,0
2020-06-22,US,Kentucky,Spencer,29,0,0,38.03223971,-85.32749335,21215.0,149.8630561728076,0.0,29,29,0,0,29,29,18794,0,0,0,0,0
2020-06-22,US,Kentucky,Taylor,29,1,0,37.3677562,-85.3329931,21217.0,112.53832123869766,3.4482758620689653,28,29,1,0,28,29,25549,0,0,0,0,0
2020-06-22,US,Kentucky,Todd,23,0,0,36.8381152,-87.17878374,21219.0,187.0831299821051,0.0,23,23,0,0,23,23,12311,0,0,0,0,0
2020-06-22,US,Kentucky,Trigg,23,0,0,36.80767017,-87.87333656,21221.0,156.98587127158555,0.0,23,22,0,0,22,22,14643,1,0,0,1,0
2020-06-22,US,Kentucky,Trimble,5,0,0,38.61056487,-85.33775972,21223.0,59.024908511391814,0.0,5,5,0,0,5,5,8515,0,0,0,0,0
2020-06-22,US,Kentucky,Unassigned,21,0,0,0.0,0.0,90021.0,0.0,0.0,21,21,0,0,21,21,,0,0,0,0,0
2020-06-22,US,Kentucky,Union,25,0,0,37.66166713,-87.94300009,21225.0,173.84048397190742,0.0,25,25,0,0,25,25,14505,0,0,0,0,0
2020-06-22,US,Kentucky,Warren,1361,10,0,36.99903045,-86.42672751,21227.0,1024.1090777751024,0.7347538574577517,1351,1357,10,0,1347,1339,131264,4,0,0,4,18
2020-06-22,US,Kentucky,Washington,21,0,0,37.75599461,-85.17407732,21229.0,173.62546506821,0.0,21,18,0,0,18,18,12084,3,0,0,3,0
2020-06-22,US,Kentucky,Wayne,12,0,0,36.80310688,-84.8251971,21231.0,59.01736094034329,0.0,12,12,0,0,12,12,20468,0,0,0,0,0
2020-06-22,US,Kentucky,Webster,39,0,0,37.52168356,-87.67989953,21233.0,301.3444598980065,0.0,39,39,0,0,39,38,13111,0,0,0,0,1
2020-06-22,US,Kentucky,Whitley,21,0,0,36.75700531,-84.14541217,21235.0,57.90866975512906,0.0,21,20,0,0,20,19,36242,1,0,0,1,1
2020-06-22,US,Kentucky,Wolfe,1,0,0,37.73941626,-83.49303612,21237.0,13.972334777141258,0.0,1,1,0,0,1,1,7177,0,0,0,0,0
2020-06-22,US,Kentucky,Woodford,61,0,0,38.04178222,-84.7417556,21239.0,228.17386100097252,0.0,61,61,0,0,61,60,26533,0,0,0,0,1
2020-06-22,US,Louisiana,Acadia,669,34,0,30.295064899999996,-92.41419698,22001.0,1078.2496575066484,5.0822122571001485,635,654,32,0,622,646,62190,15,2,0,13,8
2020-06-22,US,Louisiana,Allen,228,10,0,30.65385745,-92.82442028,22003.0,889.6866586022554,4.385964912280701,218,226,10,0,216,224,25605,2,0,0,2,2
2020-06-22,US,Louisiana,Ascension,1008,58,0,30.20406249,-90.91328409999998,22005.0,796.1833749328615,5.753968253968254,950,997,58,0,939,989,124672,11,0,0,11,8
2020-06-22,US,Louisiana,Assumption,330,14,0,29.89946234,-91.06461642,22007.0,1507.468822803892,4.242424242424242,316,327,14,0,313,327,22300,3,0,0,3,0
2020-06-22,US,Louisiana,Avoyelles,206,11,0,31.07796211,-92.00079449,22009.0,513.15265045835,5.339805825242719,195,204,11,0,193,204,40462,2,0,0,2,0
2020-06-22,US,Louisiana,Beauregard,159,7,0,30.64836518,-93.34173616,22011.0,424.03392271381716,4.402515723270441,152,158,7,0,151,155,37253,1,0,0,1,3
2020-06-22,US,Louisiana,Bienville,200,26,0,32.34569994,-93.05398492,22013.0,1510.4599350502228,13.0,174,200,26,0,174,198,13308,0,0,0,0,2
2020-06-22,US,Louisiana,Bossier,668,28,0,32.67932307,-93.60460152,22015.0,525.8227788316974,4.1916167664670665,640,665,28,0,637,654,127185,3,0,0,3,11
2020-06-22,US,Louisiana,Caddo,2920,223,0,32.57991587,-93.88375652,22017.0,1215.6333782951158,7.636986301369863,2697,2905,223,0,2682,2881,242922,15,0,0,15,24
2020-06-22,US,Louisiana,Calcasieu,921,53,0,30.22931235,-93.35400434,22019.0,452.7222320533239,5.754614549402822,868,888,53,0,835,876,203112,33,0,0,33,12
2020-06-22,US,Louisiana,Caldwell,97,1,0,32.0902519,-92.11752148,22021.0,978.0197620488002,1.0309278350515465,96,95,1,0,94,94,9960,2,0,0,2,1
2020-06-22,US,Louisiana,Cameron,28,0,0,29.87592238,-93.19310676,22023.0,401.54883120608065,0.0,28,27,0,0,27,26,6968,1,0,0,1,1
2020-06-22,US,Louisiana,Catahoula,153,3,0,31.66778967,-91.84526385,22025.0,1611.5441331367178,1.96078431372549,150,152,3,0,149,152,9608,1,0,0,1,0
2020-06-22,US,Louisiana,Claiborne,106,10,0,32.82308512,-92.99526883,22027.0,676.4518187619657,9.433962264150944,96,106,10,0,96,105,15944,0,0,0,0,1
2020-06-22,US,Louisiana,Concordia,102,5,0,31.44817835,-91.63814433,22029.0,529.6225141492289,4.901960784313727,97,101,5,0,96,101,19572,1,0,0,1,0
2020-06-22,US,Louisiana,De Soto,318,18,0,32.05457447,-93.74130302,22031.0,1157.9215671995048,5.660377358490566,300,316,18,0,298,313,27436,2,0,0,2,3
2020-06-22,US,Louisiana,East Baton Rouge,4398,265,0,30.53842039,-91.09777565,22033.0,999.4114425565663,6.025466120964075,4133,4374,263,0,4111,4332,440956,24,2,0,22,42
2020-06-22,US,Louisiana,East Carroll,339,0,0,32.73926954,-91.23425694,22035.0,4940.970703979012,0.0,339,332,0,0,332,308,7037,7,0,0,7,24
2020-06-22,US,Louisiana,East Feliciana,271,32,0,30.84425359,-91.04976723,22037.0,1416.2529396394045,11.808118081180814,239,268,32,0,236,268,19305,3,0,0,3,0
2020-06-22,US,Louisiana,Evangeline,125,1,0,30.72985248,-92.39915924,22039.0,374.3075310675251,0.8,124,123,1,0,122,123,33443,2,0,0,2,0
2020-06-22,US,Louisiana,Franklin,421,14,0,32.13675181,-91.67589857,22041.0,2103.422433175119,3.32541567695962,407,416,14,0,402,414,20156,5,0,0,5,2
2020-06-22,US,Louisiana,Grant,76,1,0,31.59882456,-92.56124347,22043.0,339.4524096654607,1.3157894736842106,75,76,1,0,75,76,22482,0,0,0,0,0
2020-06-22,US,Louisiana,Iberia,482,42,0,29.86803617,-91.75871777,22045.0,690.2477445224116,8.71369294605809,440,469,42,0,427,465,70941,13,0,0,13,4
2020-06-22,US,Louisiana,Iberville,666,43,0,30.25734305,-91.3499598,22047.0,2048.537418104641,6.456456456456458,623,665,43,0,622,664,32721,1,0,0,1,1
2020-06-22,US,Louisiana,Jackson,191,16,0,32.30251776,-92.55692092,22049.0,1213.1605691056911,8.37696335078534,175,189,15,0,174,189,15902,2,1,0,1,0
2020-06-22,US,Louisiana,Jefferson,8741,477,0,29.74075478,-90.11115756,22051.0,2021.0731734386447,5.457041528429241,8264,8681,477,0,8204,8647,434051,60,0,0,60,34
2020-06-22,US,Louisiana,Jefferson Davis,240,7,0,30.26896765,-92.81210004,22053.0,765.1109410864575,2.9166666666666665,233,208,7,0,201,203,31582,32,0,0,32,5
2020-06-22,US,Louisiana,LaSalle,86,0,0,31.67884782,-92.15907765,22059.0,577.491270480795,0.0,86,86,0,0,86,86,14917,0,0,0,0,0
2020-06-22,US,Louisiana,Lafayette,1440,33,0,30.2049055,-92.06959876,22055.0,589.2221449322802,2.2916666666666665,1407,1396,33,0,1363,1364,242782,44,0,0,44,32
2020-06-22,US,Louisiana,Lafourche,1027,83,0,29.52470226,-90.40976986,22057.0,1052.1031819206262,8.081791626095422,944,1010,83,0,927,1005,98115,17,0,0,17,5
2020-06-22,US,Louisiana,Lincoln,274,18,0,32.6003154,-92.66597409999999,22061.0,586.196568396731,6.569343065693432,256,274,19,0,255,273,47196,0,-1,0,1,1
2020-06-22,US,Louisiana,Livingston,690,36,0,30.44143993,-90.73061664,22063.0,490.0951068620418,5.217391304347826,654,683,35,0,648,669,139567,7,1,0,6,14
2020-06-22,US,Louisiana,Madison,320,2,0,32.36918118,-91.23973355,22065.0,2922.1075700849237,0.625,318,317,2,0,315,308,11161,3,0,0,3,9
2020-06-22,US,Louisiana,Morehouse,188,7,0,32.81686191,-91.80421614,22067.0,755.8092787649755,3.723404255319149,181,186,6,0,180,182,25398,2,1,0,1,4
2020-06-22,US,Louisiana,Natchitoches,192,13,0,31.72321584,-93.09816516,22069.0,503.1710257351014,6.770833333333332,179,192,13,0,179,192,38659,0,0,0,0,0
2020-06-22,US,Louisiana,Orleans,7536,529,0,30.06971951,-89.92660315,22071.0,1931.5944881889764,7.01963906581741,7007,7518,529,0,6989,7491,391006,18,0,0,18,27
2020-06-22,US,Louisiana,Ouachita,1980,67,0,32.47645559,-92.15704172,22073.0,1291.7620809112793,3.383838383838384,1913,1960,66,0,1894,1927,154475,20,1,0,19,33
2020-06-22,US,Louisiana,Plaquemines,239,17,0,29.42245447,-89.60322085,22075.0,1030.3056429710741,7.112970711297071,222,239,17,0,222,237,23410,0,0,0,0,2
2020-06-22,US,Louisiana,Pointe Coupee,224,27,0,30.71409502,-91.60209535,22077.0,1030.8329498389323,12.053571428571427,197,222,27,0,195,222,21940,2,0,0,2,0
2020-06-22,US,Louisiana,Rapides,1323,51,0,31.19778499,-92.52997303,22079.0,1020.455386893743,3.8548752834467117,1272,1320,50,0,1270,1312,130562,3,1,0,2,8
2020-06-22,US,Louisiana,Red River,54,8,0,32.09530039,-93.34213308,22081.0,639.6588486140723,14.814814814814815,46,54,8,0,46,54,8477,0,0,0,0,0
2020-06-22,US,Louisiana,Richland,150,3,0,32.41391005,-91.76634876,22083.0,745.4527382963921,2.0,147,148,3,0,145,148,20192,2,0,0,2,0
2020-06-22,US,Louisiana,Sabine,61,1,0,31.56388699,-93.55433981,22085.0,255.40110534248868,1.639344262295082,60,61,1,0,60,60,24032,0,0,0,0,1
2020-06-22,US,Louisiana,St. Bernard,601,23,0,29.87761636,-89.51887093,22087.0,1272.1192109050885,3.826955074875208,578,601,23,0,578,598,46721,0,0,0,0,3
2020-06-22,US,Louisiana,St. Charles,691,46,0,29.90709658,-90.35555967,22089.0,1301.3182674199622,6.657018813314037,645,689,46,0,643,688,52879,2,0,0,2,1
2020-06-22,US,Louisiana,St. Helena,86,1,0,30.82210324,-90.71013176,22091.0,848.7958941966048,1.162790697674419,85,86,1,0,85,86,10262,0,0,0,0,0
2020-06-22,US,Louisiana,St. James,334,28,0,30.02531716,-90.80212061,22093.0,1583.2385286310198,8.383233532934131,306,334,28,0,306,333,21037,0,0,0,0,1
2020-06-22,US,Louisiana,St. John the Baptist,926,85,0,30.12597499,-90.4753503,22095.0,2161.6826575156992,9.179265658747301,841,924,85,0,839,919,43184,2,0,0,2,5
2020-06-22,US,Louisiana,St. Landry,484,55,0,30.59724262,-92.00135806,22097.0,589.3526861818713,11.363636363636365,429,465,55,0,410,462,82764,19,0,0,19,3
2020-06-22,US,Louisiana,St. Martin,526,28,0,30.13112107,-91.61403569,22099.0,984.4472310082162,5.32319391634981,498,514,28,0,486,509,53621,12,0,0,12,5
2020-06-22,US,Louisiana,St. Mary,393,35,0,29.69262097,-91.44702164,22101.0,796.3848585555646,8.9058524173028,358,384,35,0,349,378,49774,9,0,0,9,6
2020-06-22,US,Louisiana,St. Tammany,2043,172,0,30.40942847,-89.95642711,22103.0,784.5049708354612,8.418991678903572,1871,2017,170,0,1847,2003,258111,26,2,0,24,14
2020-06-22,US,Louisiana,Tangipahoa,1123,42,0,30.62888673,-90.40664996,22105.0,833.3457011828611,3.739982190560997,1081,1120,42,0,1078,1112,133777,3,0,0,3,8
2020-06-22,US,Louisiana,Tensas,24,0,0,32.00760749,-91.32915234,22107.0,553.7609598523304,0.0,24,24,0,0,24,24,4462,0,0,0,0,0
2020-06-22,US,Louisiana,Terrebonne,857,60,0,29.37343766,-90.82626855,22109.0,775.8394365432142,7.001166861143523,797,848,60,0,788,839,111021,9,0,0,9,9
2020-06-22,US,Louisiana,Unassigned,8,113,0,0.0,0.0,90022.0,0.0,1412.5,-105,8,112,0,-104,8,,0,1,0,-1,0
2020-06-22,US,Louisiana,Union,378,20,0,32.83121059,-92.3749373,22111.0,1709.7883119232856,5.291005291005291,358,375,20,0,355,375,22330,3,0,0,3,0
2020-06-22,US,Louisiana,Vermilion,139,5,0,29.83517605,-92.30292538,22113.0,233.57026432088185,3.5971223021582728,134,130,5,0,125,130,59830,9,0,0,9,0
2020-06-22,US,Louisiana,Vernon,77,5,0,31.10884837,-93.18153838,22115.0,162.34793059098862,6.493506493506493,72,76,4,0,72,74,48860,1,1,0,0,2
2020-06-22,US,Louisiana,Washington,585,44,0,30.85288548,-90.03866652,22117.0,1266.398233536823,7.521367521367521,541,581,44,0,537,579,46582,4,0,0,4,2
2020-06-22,US,Louisiana,Webster,323,9,0,32.70847669,-93.33121835,22119.0,842.4621804903494,2.7863777089783284,314,321,9,0,312,316,38798,2,0,0,2,5
2020-06-22,US,Louisiana,West Baton Rouge,234,30,0,30.46058217,-91.30989571,22121.0,884.1866616285662,12.82051282051282,204,234,30,0,204,232,26427,0,0,0,0,2
2020-06-22,US,Louisiana,West Carroll,108,3,0,32.78550125,-91.461201,22123.0,997.2299168975068,2.7777777777777777,105,107,3,0,104,105,10982,1,0,0,1,2
2020-06-22,US,Louisiana,West Feliciana,226,14,0,30.87882871,-91.41485379999999,22125.0,1451.6957862281604,6.1946902654867255,212,226,14,0,212,226,15460,0,0,0,0,0
2020-06-22,US,Louisiana,Winn,226,5,0,31.94449367,-92.63789413,22127.0,1625.4315304948216,2.2123893805309733,221,226,5,0,221,225,14134,0,0,0,0,1
2020-06-22,US,Maine,Androscoggin,453,4,0,44.1664747,-70.20380627,23001.0,418.37139928147246,0.8830022075055187,449,452,4,0,448,448,107679,1,0,0,1,4
2020-06-22,US,Maine,Aroostook,19,1,0,46.65926321,-68.59841248,23003.0,28.334948922526284,5.2631578947368425,18,17,1,0,16,11,67111,2,0,0,2,6
2020-06-22,US,Maine,Cumberland,1542,58,0,43.8370751,-70.37226999,23005.0,522.7065487469619,3.761348897535668,1484,1540,58,0,1482,1534,293557,2,0,0,2,6
2020-06-22,US,Maine,Franklin,38,1,0,44.97330019,-70.44381045,23007.0,125.83198119143015,2.631578947368421,37,38,1,0,37,38,29897,0,0,0,0,0
2020-06-22,US,Maine,Hancock,15,1,0,44.59816444,-68.38401854,23009.0,27.27917507774565,6.666666666666668,14,14,1,0,13,14,54811,1,0,0,1,0
2020-06-22,US,Maine,Kennebec,138,9,0,44.40759555,-69.76738544,23011.0,112.83544013998136,6.521739130434782,129,138,9,0,129,137,122083,0,0,0,0,1
2020-06-22,US,Maine,Knox,24,1,0,44.11486325,-69.10529169,23013.0,60.34396057527909,4.166666666666667,23,24,1,0,23,24,39771,0,0,0,0,0
2020-06-22,US,Maine,Lincoln,21,0,0,44.05996956,-69.54227124,23015.0,60.63405901715078,0.0,21,21,0,0,21,21,34342,0,0,0,0,0
2020-06-22,US,Maine,Oxford,34,0,0,44.49952995,-70.75682123,23017.0,58.64596808969383,0.0,34,34,0,0,34,34,57618,0,0,0,0,0
2020-06-22,US,Maine,Penobscot,103,2,0,45.40194593,-68.65020455,23019.0,67.6972421589505,1.9417475728155342,101,102,2,0,100,102,151096,1,0,0,1,0
2020-06-22,US,Maine,Piscataquis,2,0,0,45.83839062,-69.2860223,23021.0,11.915400655347035,0.0,2,2,0,0,2,2,16800,0,0,0,0,0
2020-06-22,US,Maine,Sagadahoc,31,0,0,43.95415864,-69.85074999,23023.0,86.45693886657742,0.0,31,30,0,0,30,30,35634,1,0,0,1,0
2020-06-22,US,Maine,Somerset,26,0,0,45.51229767,-69.95995554,23025.0,51.50146581095,0.0,26,26,0,0,26,26,50592,0,0,0,0,0
2020-06-22,US,Maine,Unassigned,2,0,0,0.0,0.0,90023.0,0.0,0.0,2,1,0,0,1,2,,1,0,0,1,-1
2020-06-22,US,Maine,Waldo,55,14,0,44.4858305,-69.12061935,23027.0,138.48671786478658,25.45454545454545,41,55,14,0,41,55,39694,0,0,0,0,0
2020-06-22,US,Maine,Washington,2,0,0,45.01607142,-67.62813524,23029.0,6.373689410115046,0.0,2,2,0,0,2,2,31490,0,0,0,0,0
2020-06-22,US,Maine,York,466,11,0,43.47808377,-70.71052375,23031.0,224.42581185796644,2.360515021459228,455,461,11,0,450,458,206229,5,0,0,5,3
2020-06-22,US,Maryland,Allegany,189,17,0,39.62357628,-78.69280486,24001.0,268.4049079754601,8.994708994708995,172,188,17,0,171,188,70975,1,0,0,1,0
2020-06-22,US,Maryland,Anne Arundel,4916,200,0,39.00670238,-76.60329337,24003.0,848.7070855647287,4.068348250610252,4716,4904,200,0,4704,4880,576031,12,0,0,12,24
2020-06-22,US,Maryland,Baltimore,7585,455,0,39.45784712,-76.62911955,24005.0,916.7603369713672,5.998681608437706,7130,7537,451,0,7086,7480,828431,48,4,0,44,57
2020-06-22,US,Maryland,Baltimore City,7095,316,0,39.30211911,-76.61151012,24510.0,1195.4708588181772,4.453840732910501,6779,7053,313,0,6740,6993,621342,42,3,0,39,60
2020-06-22,US,Maryland,Calvert,397,23,0,38.53961642,-76.56820632,24009.0,429.0732234531208,5.793450881612091,374,394,23,0,371,393,92003,3,0,0,3,1
2020-06-22,US,Maryland,Caroline,294,2,0,38.87172293,-75.82904158,24011.0,880.0814224989522,0.6802721088435374,292,294,2,0,292,290,33304,0,0,0,0,4
2020-06-22,US,Maryland,Carroll,1031,109,0,39.56453592,-77.02373735,24013.0,612.0619542051803,10.572259941804074,922,1030,109,0,921,1028,168429,1,0,0,1,2
2020-06-22,US,Maryland,Cecil,461,29,0,39.56647682,-75.94627411,24015.0,448.2037820232366,6.290672451193059,432,460,29,0,431,460,102826,1,0,0,1,0
2020-06-22,US,Maryland,Charles,1328,86,0,38.51092331,-76.98580666,24017.0,813.4413838304024,6.475903614457831,1242,1313,86,0,1227,1304,161503,15,0,0,15,9
2020-06-22,US,Maryland,Dorchester,183,4,0,38.45413522,-76.02752426,24019.0,573.1466691722259,2.1857923497267757,179,183,4,0,179,180,31998,0,0,0,0,3
2020-06-22,US,Maryland,Frederick,2407,116,0,39.47296601,-77.39999394,24021.0,927.3850208247445,4.819277108433735,2291,2393,116,0,2277,2380,255648,14,0,0,14,13
2020-06-22,US,Maryland,Garrett,10,0,0,39.52786077,-79.27355126,24023.0,34.46611980423244,0.0,10,10,0,0,10,10,29163,0,0,0,0,0
2020-06-22,US,Maryland,Harford,1060,61,0,39.55010644,-76.30775940000002,24025.0,414.96862289139176,5.754716981132076,999,1056,61,0,995,1052,253956,4,0,0,4,4
2020-06-22,US,Maryland,Howard,2436,80,0,39.25305293,-76.93126208,24027.0,747.9505050815193,3.2840722495894914,2356,2423,80,0,2343,2409,323196,13,0,0,13,14
2020-06-22,US,Maryland,Kent,194,23,0,39.24976208,-76.04741541,24029.0,998.8672639275047,11.855670103092784,171,193,23,0,170,193,19383,1,0,0,1,0
2020-06-22,US,Maryland,Montgomery,14141,723,0,39.13676329,-77.20358245,24031.0,1345.8800328927332,5.112792588925818,13418,14079,720,0,13359,14004,1052567,62,3,0,59,75
2020-06-22,US,Maryland,Prince George's,17935,661,0,38.83070039,-76.8496441,24033.0,1972.3377838775268,3.685531084471704,17274,17874,659,0,17215,17804,909308,61,2,0,59,70
2020-06-22,US,Maryland,Queen Anne's,211,15,0,39.06198912,-76.03530977,24035.0,418.8086778745956,7.109004739336492,196,205,14,0,191,204,50251,6,1,0,5,1
2020-06-22,US,Maryland,Somerset,83,3,0,38.1163542,-75.75118623,24039.0,324.0162398500937,3.614457831325301,80,83,3,0,80,83,25675,0,0,0,0,0
2020-06-22,US,Maryland,St. Mary's,599,46,0,38.30058422,-76.60629279999998,24037.0,527.7068099726896,7.6794657762938225,553,602,45,0,557,597,112664,-3,1,0,-4,5
2020-06-22,US,Maryland,Talbot,117,4,0,38.76618159,-76.10882561,24041.0,314.6768510798526,3.418803418803418,113,115,4,0,111,113,36968,2,0,0,2,2
2020-06-22,US,Maryland,Unassigned,0,22,0,0.0,0.0,90024.0,0.0,0.0,-22,0,28,0,-28,0,,0,-6,0,6,0
2020-06-22,US,Maryland,Washington,611,25,0,39.60835778,-77.82002295,24043.0,404.50449854020883,4.0916530278232415,586,603,25,0,578,602,150926,8,0,0,8,1
2020-06-22,US,Maryland,Wicomico,1046,37,0,38.37301947,-75.62705831,24045.0,1009.5648061461842,3.537284894837476,1009,1043,37,0,1006,1039,103195,3,0,0,3,4
2020-06-22,US,Maryland,Worcester,274,17,0,38.21274277,-75.33200012,24047.0,524.1410972530415,6.204379562043796,257,271,17,0,254,270,51823,3,0,0,3,1
2020-06-22,US,Massachusetts,Barnstable,1517,138,0,41.72980578,-70.28854339,25001.0,712.2400112681348,9.09690177982861,1379,1515,137,0,1378,1513,213413,2,1,0,1,2
2020-06-22,US,Massachusetts,Berkshire,591,44,0,42.37428441,-73.20524838,25003.0,473.0119093353823,7.4450084602368864,547,590,44,0,546,586,126348,1,0,0,1,4
2020-06-22,US,Massachusetts,Bristol,8057,546,0,41.79228404,-71.10872211,25005.0,1425.4702176332275,6.776715899218072,7511,8035,542,0,7493,8028,564022,22,4,0,18,7
2020-06-22,US,Massachusetts,Dukes and Nantucket,59,0,0,41.40674725,-70.68763497,0.0,205.35310292019074,0.0,59,57,0,0,57,57,26707,2,0,0,2,0
2020-06-22,US,Massachusetts,Essex,15851,1077,0,42.6687626,-70.94687179,25009.0,2008.9121634809146,6.79452400479465,14774,15829,1076,0,14753,15817,790638,22,1,0,21,12
2020-06-22,US,Massachusetts,Franklin,358,53,0,42.58119713,-72.58602547,25011.0,510.11684240524363,14.804469273743017,305,358,53,0,305,358,70963,0,0,0,0,0
2020-06-22,US,Massachusetts,Hampden,6610,647,0,42.13440424,-72.63235561,25013.0,1417.3235099877352,9.78819969742814,5963,6598,648,0,5950,6584,470406,12,-1,0,13,14
2020-06-22,US,Massachusetts,Hampshire,946,107,0,42.33997957,-72.65898478,25015.0,588.1987191444382,11.3107822410148,839,944,107,0,837,943,161355,2,0,0,2,1
2020-06-22,US,Massachusetts,Middlesex,23609,1809,0,42.48607732,-71.39049229,25017.0,1464.8516875669711,7.662332161463849,21800,23574,1807,0,21767,23544,1614714,35,2,0,33,30
2020-06-22,US,Massachusetts,Norfolk,9010,914,0,42.16073095,-71.20530408,25021.0,1274.804570054119,10.144284128745838,8096,8994,912,0,8082,8983,705388,16,2,0,14,11
2020-06-22,US,Massachusetts,Plymouth,8592,646,0,41.94070556,-70.80802823,25023.0,1648.4971277930626,7.518621973929236,7946,8583,643,0,7940,8576,518132,9,3,0,6,7
2020-06-22,US,Massachusetts,Suffolk,19567,979,0,42.327951399999996,-71.07850442,25025.0,2433.988011051029,5.0033219195584415,18588,19551,978,0,18573,19528,807252,16,1,0,15,23
2020-06-22,US,Massachusetts,Unassigned,300,10,0,0.0,0.0,90025.0,0.0,3.333333333333333,290,303,10,0,293,297,,-3,0,0,-3,6
2020-06-22,US,Massachusetts,Worcester,12143,903,0,42.35026951,-71.90493363,25027.0,1461.9164914967334,7.436383101375277,11240,12130,900,0,11230,12122,830839,13,3,0,10,8
2020-06-22,US,Michigan,Alcona,21,1,0,44.6846864,-83.59507875,26001.0,201.8260451705911,4.761904761904762,20,21,1,0,20,21,10362,0,0,0,0,0
2020-06-22,US,Michigan,Alger,2,0,0,46.41292944,-86.60260122,26003.0,21.95871761089152,0.0,2,2,0,0,2,2,9097,0,0,0,0,0
2020-06-22,US,Michigan,Allegan,301,6,0,42.59147037,-85.89102866,26005.0,254.90976533057813,1.9933554817275747,295,299,6,0,293,297,117327,2,0,0,2,2
2020-06-22,US,Michigan,Alpena,116,11,0,45.03477666,-83.62212411,26007.0,408.37880654814285,9.482758620689657,105,115,11,0,104,115,28360,1,0,0,1,0
2020-06-22,US,Michigan,Antrim,16,0,0,44.99690221,-85.15503082,26009.0,68.59886811867604,0.0,16,16,0,0,16,16,23365,0,0,0,0,0
2020-06-22,US,Michigan,Arenac,38,2,0,44.0636262,-83.89277559,26011.0,255.32486729825973,5.2631578947368425,36,38,2,0,36,38,15041,0,0,0,0,0
2020-06-22,US,Michigan,Baraga,1,0,0,46.6720582,-88.36363591,26013.0,12.181751735899622,0.0,1,1,0,0,1,1,8320,0,0,0,0,0
2020-06-22,US,Michigan,Barry,95,2,0,42.59513984,-85.30834519,26015.0,154.3460601137287,2.1052631578947367,93,94,2,0,92,93,61157,1,0,0,1,1
2020-06-22,US,Michigan,Bay,379,29,0,43.70639106,-83.98731479,26017.0,367.51158776642166,7.6517150395778355,350,378,29,0,349,378,103923,1,0,0,1,0
2020-06-22,US,Michigan,Benzie,5,0,0,44.63899297,-86.01608482,26019.0,28.14364516492176,0.0,5,5,0,0,5,5,17753,0,0,0,0,0
2020-06-22,US,Michigan,Berrien,852,60,0,41.95447397,-86.41313079999998,26021.0,555.4070703580811,7.042253521126762,792,852,60,0,792,852,154141,0,0,0,0,0
2020-06-22,US,Michigan,Branch,250,2,0,41.91600556,-85.05929476,26023.0,574.488131075212,0.8,248,250,2,0,248,250,43622,0,0,0,0,0
2020-06-22,US,Michigan,Calhoun,506,31,0,42.24633834,-85.00493569,26025.0,377.16440939482254,6.126482213438735,475,504,31,0,473,503,134487,2,0,0,2,1
2020-06-22,US,Michigan,Cass,124,4,0,41.91522292,-85.99405727,26027.0,239.44233108695232,3.2258064516129035,120,122,4,0,118,121,51653,2,0,0,2,1
2020-06-22,US,Michigan,Charlevoix,22,2,0,45.37790017,-85.19614053,26029.0,84.15254561450485,9.090909090909092,20,22,2,0,20,22,26244,0,0,0,0,0
2020-06-22,US,Michigan,Cheboygan,26,2,0,45.44787015,-84.50122149,26031.0,102.86437727488527,7.6923076923076925,24,26,2,0,24,26,25413,0,0,0,0,0
2020-06-22,US,Michigan,Chippewa,3,0,0,46.29552653,-84.54353449,26033.0,8.032343570108972,0.0,3,3,0,0,3,3,37517,0,0,0,0,0
2020-06-22,US,Michigan,Clare,27,2,0,43.98794227,-84.84819859999998,26035.0,87.23747980613894,7.407407407407407,25,27,2,0,25,26,30757,0,0,0,0,1
2020-06-22,US,Michigan,Clinton,201,11,0,42.94400871,-84.60145248,26037.0,252.52842515233368,5.472636815920398,190,201,11,0,190,199,79332,0,0,0,0,2
2020-06-22,US,Michigan,Crawford,66,5,0,44.68255561,-84.61006219,26039.0,470.45405944828565,7.575757575757576,61,66,5,0,61,66,13901,0,0,0,0,0
2020-06-22,US,Michigan,Delta,21,2,0,45.90484910000001,-86.9080745,26041.0,58.685446009389665,9.523809523809524,19,21,2,0,19,21,35857,0,0,0,0,0
2020-06-22,US,Michigan,Dickinson,7,2,0,46.00999672,-87.86961634,26043.0,27.734854788224567,28.57142857142857,5,7,2,0,5,7,25383,0,0,0,0,0
2020-06-22,US,Michigan,Eaton,271,7,0,42.59599185,-84.83740035,26045.0,245.76486378641133,2.5830258302583027,264,269,7,0,262,267,109826,2,0,0,2,2
2020-06-22,US,Michigan,Emmet,26,2,0,45.52625509,-84.89083249,26047.0,77.80936705072574,7.6923076923076925,24,26,2,0,24,26,33308,0,0,0,0,0
2020-06-22,US,Michigan,Federal Correctional Institution (FCI),169,5,0,0.0,0.0,0.0,0.0,2.9585798816568047,164,168,5,0,163,168,,1,0,0,1,0
2020-06-22,US,Michigan,Genesee,2634,284,0,43.02244215,-83.70589709,26049.0,649.0674276082826,10.782080485952923,2350,2631,284,0,2347,2625,406892,3,0,0,3,6
2020-06-22,US,Michigan,Gladwin,26,1,0,43.98901072,-84.38774817,26051.0,102.16511454281112,3.8461538461538463,25,23,1,0,22,23,25337,3,0,0,3,0
2020-06-22,US,Michigan,Gogebic,6,1,0,46.40862701,-89.69377193,26053.0,42.933810375670845,16.666666666666668,5,6,1,0,5,6,15096,0,0,0,0,0
2020-06-22,US,Michigan,Grand Traverse,39,6,0,44.69565625,-85.55585247,26055.0,41.89584049501547,15.384615384615385,33,38,5,0,33,38,92573,1,1,0,0,0
2020-06-22,US,Michigan,Gratiot,93,13,0,43.29265605,-84.60505416,26057.0,228.4394880990396,13.978494623655912,80,93,13,0,80,93,40599,0,0,0,0,0
2020-06-22,US,Michigan,Hillsdale,183,25,0,41.88753639,-84.59312019,26059.0,401.27179037386253,13.661202185792352,158,183,25,0,158,183,45749,0,0,0,0,0
2020-06-22,US,Michigan,Houghton,11,0,0,46.89988536,-88.68495385,26061.0,30.82614056720099,0.0,11,9,0,0,9,9,36219,2,0,0,2,0
2020-06-22,US,Michigan,Huron,63,3,0,43.83353985,-83.04078453,26063.0,203.35044059262128,4.761904761904762,60,63,1,0,62,60,31166,0,2,0,-2,3
2020-06-22,US,Michigan,Ingham,859,29,0,42.59716886,-84.37472069,26065.0,293.7696216903894,3.3760186263096625,830,845,29,0,816,837,292735,14,0,0,14,8
2020-06-22,US,Michigan,Ionia,192,4,0,42.94502238,-85.07413319,26067.0,296.76801088149375,2.083333333333333,188,190,4,0,186,190,64210,2,0,0,2,0
2020-06-22,US,Michigan,Iosco,111,10,0,44.35486835,-83.63484895,26069.0,441.7558801289449,9.00900900900901,101,111,10,0,101,111,25081,0,0,0,0,0
2020-06-22,US,Michigan,Iron,4,0,0,46.20974132,-88.53136251,26071.0,36.146755828664375,0.0,4,4,0,0,4,4,11117,0,0,0,0,0
2020-06-22,US,Michigan,Isabella,113,8,0,43.64060976,-84.84664923,26073.0,161.72429585527826,7.079646017699115,105,112,8,0,104,109,70562,1,0,0,1,3
2020-06-22,US,Michigan,Jackson,488,30,0,42.24807035,-84.42258681,26075.0,307.86701154501293,6.147540983606558,458,489,30,0,459,489,158823,-1,0,0,-1,0
2020-06-22,US,Michigan,Kalamazoo,996,66,0,42.24542231,-85.53038622,26077.0,375.75547222201277,6.626506024096385,930,996,65,0,931,995,264870,0,1,0,-1,1
2020-06-22,US,Michigan,Kalkaska,30,2,0,44.68512729,-85.09085699,26079.0,166.3155560483424,6.666666666666668,28,30,2,0,28,30,17824,0,0,0,0,0
2020-06-22,US,Michigan,Kent,4603,124,0,43.03197711,-85.54934642,26081.0,700.6568181991156,2.69389528568325,4479,4590,124,0,4466,4575,653786,13,0,0,13,15
2020-06-22,US,Michigan,Keweenaw,1,0,0,47.63197653,-88.41434263,26083.0,47.25897920604915,0.0,1,1,0,0,1,1,2113,0,0,0,0,0
2020-06-22,US,Michigan,Lake,7,0,0,43.99050893,-85.802173,26085.0,59.05677887454653,0.0,7,7,0,0,7,7,11881,0,0,0,0,0
2020-06-22,US,Michigan,Lapeer,266,31,0,43.09052506,-83.22153148,26087.0,303.6287054687411,11.654135338345867,235,244,31,0,213,244,88028,22,0,0,22,0
2020-06-22,US,Michigan,Leelanau,12,0,0,44.94430054,-85.80150326,26089.0,55.144524608244105,0.0,12,12,0,0,12,12,21764,0,0,0,0,0
2020-06-22,US,Michigan,Lenawee,199,6,0,41.89475156,-84.06603727,26091.0,202.13100933459285,3.0150753768844223,193,199,6,0,193,198,98266,0,0,0,0,1
2020-06-22,US,Michigan,Livingston,541,28,0,42.60302282,-83.91297209,26093.0,281.77817130654444,5.175600739371534,513,539,28,0,511,535,191224,2,0,0,2,4
2020-06-22,US,Michigan,Luce,3,0,0,46.47227431,-85.54471223,26095.0,48.16182372772515,0.0,3,3,0,0,3,3,6283,0,0,0,0,0
2020-06-22,US,Michigan,Mackinac,8,0,0,46.07028979,-85.04980537,26097.0,74.0809334197611,0.0,8,8,0,0,8,8,10787,0,0,0,0,0
2020-06-22,US,Michigan,Macomb,7165,899,0,42.69158356,-82.92752801,26099.0,819.8203146096214,12.547103977669225,6266,7152,899,0,6253,7146,874759,13,0,0,13,6
2020-06-22,US,Michigan,Manistee,15,0,0,44.33352407,-86.05626916,26101.0,61.0798924993892,0.0,15,15,0,0,15,15,24528,0,0,0,0,0
2020-06-22,US,Michigan,Marquette,63,11,0,46.4338914,-87.64043701,26103.0,94.45418971798678,17.460317460317462,52,62,11,0,51,61,66516,1,0,0,1,1
2020-06-22,US,Michigan,Mason,41,0,0,43.99509218,-86.24988902,26105.0,140.68075761734838,0.0,41,41,0,0,41,41,29100,0,0,0,0,0
2020-06-22,US,Michigan,Mecosta,29,2,0,43.64064262,-85.32463223,26107.0,66.7387752284077,6.896551724137932,27,29,2,0,27,28,43545,0,0,0,0,1
2020-06-22,US,Michigan,Menominee,9,0,0,45.58038692,-87.55370409,26109.0,39.50834064969271,0.0,9,9,0,0,9,9,22983,0,0,0,0,0
2020-06-22,US,Michigan,Michigan Department of Corrections (MDOC),4084,68,0,0.0,0.0,0.0,0.0,1.6650342801175315,4016,4083,68,0,4015,4085,,1,0,0,1,-2
2020-06-22,US,Michigan,Midland,159,9,0,43.64330771,-84.38804374,26111.0,191.20688825821347,5.660377358490566,150,159,9,0,150,158,83209,0,0,0,0,1
2020-06-22,US,Michigan,Missaukee,24,1,0,44.33772443,-85.09256478,26113.0,158.75115756052386,4.166666666666667,23,24,1,0,23,24,15113,0,0,0,0,0
2020-06-22,US,Michigan,Monroe,581,21,0,41.92734151,-83.53749864,26115.0,386.04651162790697,3.614457831325301,560,576,21,0,555,576,150439,5,0,0,5,0
2020-06-22,US,Michigan,Montcalm,83,1,0,43.31082541,-85.15252824,26117.0,129.91485098923116,1.2048192771084338,82,83,1,0,82,83,63968,0,0,0,0,0
2020-06-22,US,Michigan,Montmorency,5,0,0,45.0275929,-84.12696227,26119.0,53.60205831903945,0.0,5,5,0,0,5,5,9265,0,0,0,0,0
2020-06-22,US,Michigan,Muskegon,786,49,0,43.29123859,-86.15176712,26121.0,452.8536694974822,6.23409669211196,737,784,49,0,735,775,173588,2,0,0,2,9
2020-06-22,US,Michigan,Newaygo,142,0,0,43.554373999999996,-85.80070107,26123.0,289.91425071457735,0.0,142,139,0,0,139,134,48892,3,0,0,3,5
2020-06-22,US,Michigan,Oakland,11740,1078,0,42.66090111,-83.38595416,26125.0,933.536050076973,9.18228279386712,10662,11685,1077,0,10608,11667,1259201,55,1,0,54,18
2020-06-22,US,Michigan,Oceana,186,3,0,43.64124435,-86.26726673,26127.0,702.7619299505043,1.6129032258064515,183,176,3,0,173,173,26625,10,0,0,10,3
2020-06-22,US,Michigan,Ogemaw,32,2,0,44.33481032,-84.12725175,26129.0,152.40272419869504,6.25,30,32,2,0,30,32,20952,0,0,0,0,0
2020-06-22,US,Michigan,Osceola,26,0,0,43.98992088,-85.32566756,26133.0,110.82693947144077,0.0,26,27,0,0,27,27,23341,-1,0,0,-1,0
2020-06-22,US,Michigan,Oscoda,9,1,0,44.68192279,-84.12939244,26135.0,109.21004732435385,11.111111111111109,8,9,1,0,8,9,8276,0,0,0,0,0
2020-06-22,US,Michigan,Otsego,121,10,0,45.02085831,-84.59898295,26137.0,490.51402626885033,8.264462809917353,111,121,10,0,111,121,24665,0,0,0,0,0
2020-06-22,US,Michigan,Ottawa,971,51,0,42.95996803,-85.9969107,26139.0,332.7279580577734,5.25231719876416,920,965,51,0,914,961,290494,6,0,0,6,4
2020-06-22,US,Michigan,Out of MI,59,0,0,0.0,0.0,80026.0,0.0,0.0,59,53,0,0,53,51,,6,0,0,6,2
2020-06-22,US,Michigan,Presque Isle,12,0,0,45.34018577,-83.91498656,26141.0,95.29860228716646,0.0,12,12,0,0,12,12,12738,0,0,0,0,0
2020-06-22,US,Michigan,Roscommon,26,0,0,44.33473082,-84.61067651,26143.0,108.2476372871477,0.0,26,26,0,0,26,26,23884,0,0,0,0,0
2020-06-22,US,Michigan,Saginaw,1202,120,0,43.33433923,-84.05131209999998,26145.0,630.8419798571421,9.983361064891847,1082,1193,120,0,1073,1189,190800,9,0,0,9,4
2020-06-22,US,Michigan,Sanilac,43,6,0,43.42406072,-82.82055898,26151.0,104.44498421180471,13.953488372093025,37,43,6,0,37,43,41182,0,0,0,0,0
2020-06-22,US,Michigan,Schoolcraft,4,0,0,46.19235734,-86.19972234,26153.0,49.419322955275504,0.0,4,4,0,0,4,4,8068,0,0,0,0,0
2020-06-22,US,Michigan,Shiawassee,265,27,0,42.95392800000001,-84.14585902,26155.0,389.0079563136725,10.18867924528302,238,265,27,0,238,265,68192,0,0,0,0,0
2020-06-22,US,Michigan,St. Clair,527,48,0,42.92655373,-82.67937954,26147.0,331.1799306218893,9.108159392789373,479,525,48,0,477,525,159337,2,0,0,2,0
2020-06-22,US,Michigan,St. Joseph,228,3,0,41.91441767,-85.52797979,26149.0,373.99120792598916,1.3157894736842106,225,219,3,0,216,215,61043,9,0,0,9,4
2020-06-22,US,Michigan,Tuscola,248,26,0,43.46606813,-83.41897025,26157.0,474.6865728777874,10.483870967741936,222,246,26,0,220,246,52516,2,0,0,2,0
2020-06-22,US,Michigan,Unassigned,2,0,0,0.0,0.0,90026.0,0.0,0.0,2,2,0,0,2,1,,0,0,0,0,1
2020-06-22,US,Michigan,Van Buren,217,7,0,42.25190229,-86.01939087,26159.0,286.74498196281564,3.2258064516129035,210,216,7,0,209,215,75448,1,0,0,1,1
2020-06-22,US,Michigan,Washtenaw,1622,103,0,42.253105,-83.83853204,26161.0,441.2392784568051,6.350184956843402,1519,1615,103,0,1512,1612,370963,7,0,0,7,3
2020-06-22,US,Michigan,Wayne,22180,2689,0,42.28098405,-83.281255,26163.0,1267.9045790333855,12.123534715960323,19491,22139,2687,0,19452,22085,1753893,41,2,0,39,54
2020-06-22,US,Michigan,Wexford,18,3,0,44.33853602,-85.57712739,26165.0,53.52204811037436,16.666666666666668,15,18,3,0,15,18,33466,0,0,0,0,0
2020-06-22,US,Minnesota,Aitkin,13,0,0,46.60962049,-93.41168259999999,27001.0,81.83306055646482,0.0,13,13,0,0,13,13,15902,0,0,0,0,0
2020-06-22,US,Minnesota,Anoka,1910,103,0,45.27476015,-93.24604565,27003.0,535.1324242619515,5.3926701570680615,1807,1894,102,0,1792,1867,353813,16,1,0,15,27
2020-06-22,US,Minnesota,Becker,50,0,0,46.93479392,-95.67158144,27005.0,145.25172123289659,0.0,50,49,0,0,49,50,34371,1,0,0,1,-1
2020-06-22,US,Minnesota,Beltrami,25,0,0,47.97373527,-94.93732139,27007.0,52.979571077392556,0.0,25,25,0,0,25,24,46847,0,0,0,0,1
2020-06-22,US,Minnesota,Benton,202,3,0,45.69804958,-93.99514135,27009.0,494.0203966837047,1.4851485148514851,199,201,3,0,198,201,40545,1,0,0,1,0
2020-06-22,US,Minnesota,Big Stone,14,0,0,45.42712824,-96.41403739,27011.0,280.50490883590464,0.0,14,14,0,0,14,14,4989,0,0,0,0,0
2020-06-22,US,Minnesota,Blue Earth,227,2,0,44.03554215,-94.06699781,27013.0,335.5357485994708,0.8810572687224669,225,214,2,0,212,191,67427,13,0,0,13,23
2020-06-22,US,Minnesota,Brown,21,2,0,44.24205652,-94.72562874,27015.0,83.97312859884836,9.523809523809524,19,21,2,0,19,22,25111,0,0,0,0,-1
2020-06-22,US,Minnesota,Carlton,81,0,0,46.59180601,-92.67601019,27017.0,225.8091494522037,0.0,81,81,0,0,81,81,35837,0,0,0,0,0
2020-06-22,US,Minnesota,Carver,297,1,0,44.82017001,-93.80099179999999,27019.0,282.6175908039852,0.3367003367003367,296,294,1,0,293,293,103551,3,0,0,3,1
2020-06-22,US,Minnesota,Cass,12,2,0,46.95043611,-94.32603968,27021.0,40.296853487356856,16.666666666666668,10,12,2,0,10,12,29519,0,0,0,0,0
2020-06-22,US,Minnesota,Chippewa,67,1,0,45.02343421,-95.56403693,27023.0,567.7966101694915,1.492537313432836,66,66,1,0,65,66,11924,1,0,0,1,0
2020-06-22,US,Minnesota,Chisago,87,1,0,45.5021011,-92.90861945,27025.0,153.76729882111738,1.1494252873563218,86,87,1,0,86,83,55922,0,0,0,0,4
2020-06-22,US,Minnesota,Clay,528,37,0,46.89289518,-96.48761922,27027.0,822.1481735230917,7.007575757575758,491,526,37,0,489,522,63955,2,0,0,2,4
2020-06-22,US,Minnesota,Clearwater,6,0,0,47.57992111,-95.37790562,27029.0,68.04264005443412,0.0,6,6,0,0,6,6,8810,0,0,0,0,0
2020-06-22,US,Minnesota,Cook,1,0,0,47.90504893,-90.52629546,27031.0,18.304960644334614,0.0,1,1,0,0,1,1,5393,0,0,0,0,0
2020-06-22,US,Minnesota,Cottonwood,123,0,0,44.00715262,-95.18138802,27033.0,1098.6066452304392,0.0,123,121,0,0,121,121,11277,2,0,0,2,0
2020-06-22,US,Minnesota,Crow Wing,94,11,0,46.48096553,-94.06755609,27035.0,144.49312120513412,11.702127659574465,83,94,11,0,83,93,64889,0,0,0,0,1
2020-06-22,US,Minnesota,Dakota,1941,83,0,44.67172617,-93.06299363,27037.0,452.4254057493689,4.276146316331788,1858,1915,82,0,1833,1878,425423,26,1,0,25,37
2020-06-22,US,Minnesota,Dodge,66,0,0,44.02238415,-92.86244324,27039.0,315.27658354829464,0.0,66,65,0,0,65,63,20822,1,0,0,1,2
2020-06-22,US,Minnesota,Douglas,54,0,0,45.93348491,-95.45335469,27041.0,141.57992711255605,0.0,54,54,0,0,54,54,37964,0,0,0,0,0
2020-06-22,US,Minnesota,Faribault,33,0,0,43.67381499,-93.94787458,27043.0,241.70511975390025,0.0,33,33,0,0,33,31,13758,0,0,0,0,2
2020-06-22,US,Minnesota,Fillmore,23,1,0,43.67394126,-92.08980382,27045.0,109.17548772962454,4.3478260869565215,22,23,1,0,22,21,21058,0,0,0,0,2
2020-06-22,US,Minnesota,Freeborn,258,0,0,43.67385583,-93.34884422,27047.0,852.019418116971,0.0,258,251,0,0,251,245,30444,7,0,0,7,6
2020-06-22,US,Minnesota,Goodhue,107,7,0,44.40849741,-92.72341949999999,27049.0,230.9020284851101,6.542056074766355,100,105,7,0,98,102,46403,2,0,0,2,3
2020-06-22,US,Minnesota,Grant,6,0,0,45.93424769,-96.01139609,27051.0,100.46885465505692,0.0,6,6,0,0,6,6,6021,0,0,0,0,0
2020-06-22,US,Minnesota,Hennepin,10920,747,0,45.00761521,-93.47694895,27053.0,862.6662232204152,6.8406593406593394,10173,10830,747,0,10083,10705,1259428,90,0,0,90,125
2020-06-22,US,Minnesota,Houston,13,0,0,43.67129565,-91.49143057,27055.0,69.89247311827957,0.0,13,13,0,0,13,10,18578,0,0,0,0,3
2020-06-22,US,Minnesota,Hubbard,5,0,0,47.10778564,-94.91693868,27057.0,23.265553022195334,0.0,5,5,0,0,5,5,21332,0,0,0,0,0
2020-06-22,US,Minnesota,Isanti,56,0,0,45.56181234,-93.29487636,27059.0,137.94462508621538,0.0,56,55,0,0,55,53,39966,1,0,0,1,2
2020-06-22,US,Minnesota,Itasca,59,12,0,47.51009045,-93.63092229,27061.0,130.73343673831155,20.338983050847453,47,59,12,0,47,59,45108,0,0,0,0,0
2020-06-22,US,Minnesota,Jackson,53,0,0,43.67423373,-95.15398258,27063.0,538.2896607759496,0.0,53,52,0,0,52,50,9911,1,0,0,1,2
2020-06-22,US,Minnesota,Kanabec,13,1,0,45.9459309,-93.29275192,27065.0,79.57397318969211,7.6923076923076925,12,13,1,0,12,13,16207,0,0,0,0,0
2020-06-22,US,Minnesota,Kandiyohi,560,1,0,45.1526059,-95.00586446,27067.0,1296.326303849626,0.17857142857142858,559,560,1,0,559,560,42855,0,0,0,0,0
2020-06-22,US,Minnesota,Kittson,1,0,0,48.77754106,-96.78317184,27069.0,23.266635644485806,0.0,1,1,0,0,1,1,4248,0,0,0,0,0
2020-06-22,US,Minnesota,Koochiching,9,0,0,48.24539665,-93.78352843,27071.0,73.59555155777251,0.0,9,9,0,0,9,9,12440,0,0,0,0,0
2020-06-22,US,Minnesota,Lac qui Parle,4,0,0,44.9973857,-96.17488219,27073.0,60.3955911218481,0.0,4,4,0,0,4,4,6658,0,0,0,0,0
2020-06-22,US,Minnesota,Lake,5,0,0,47.64270764,-91.44557998,27075.0,46.988065031482,0.0,5,4,0,0,4,4,10658,1,0,0,1,0
2020-06-22,US,Minnesota,Le Sueur,62,1,0,44.37136597,-93.72844721,27079.0,214.62941807733586,1.6129032258064515,61,62,1,0,61,57,28494,0,0,0,0,5
2020-06-22,US,Minnesota,Lincoln,6,0,0,44.41311883,-96.26688165,27081.0,106.40184429863451,0.0,6,6,0,0,6,6,5673,0,0,0,0,0
2020-06-22,US,Minnesota,Lyon,276,2,0,44.41327865,-95.83806103,27083.0,1083.4576430870688,0.7246376811594203,274,274,2,0,272,270,25629,2,0,0,2,4
2020-06-22,US,Minnesota,Mahnomen,6,1,0,47.32557075,-95.80921485,27087.0,108.5579880586213,16.666666666666668,5,6,1,0,5,6,5519,0,0,0,0,0
2020-06-22,US,Minnesota,Marshall,12,0,0,48.35825983,-96.37017407,27089.0,128.53470437017995,0.0,12,12,0,0,12,12,9390,0,0,0,0,0
2020-06-22,US,Minnesota,Martin,148,5,0,43.67429718,-94.55099908,27091.0,751.9178986943048,3.3783783783783785,143,148,5,0,143,147,19785,0,0,0,0,1
2020-06-22,US,Minnesota,McLeod,68,0,0,44.82367677,-94.27287017,27085.0,189.45198228066758,0.0,68,67,0,0,67,66,35873,1,0,0,1,1
2020-06-22,US,Minnesota,Meeker,51,1,0,45.12328869,-94.52839455,27093.0,219.6193265007321,1.96078431372549,50,51,1,0,50,51,23141,0,0,0,0,0
2020-06-22,US,Minnesota,Mille Lacs,30,1,0,45.93705297,-93.63236823,27095.0,114.16828405069073,3.333333333333333,29,30,1,0,29,29,26139,0,0,0,0,1
2020-06-22,US,Minnesota,Morrison,56,1,0,46.01265363,-94.27341528,27097.0,167.7349787336009,1.7857142857142858,55,55,1,0,54,54,33169,1,0,0,1,1
2020-06-22,US,Minnesota,Mower,802,2,0,43.67142874,-92.75234549,27099.0,2001.8970595576855,0.2493765586034913,800,797,2,0,795,784,40011,5,0,0,5,13
2020-06-22,US,Minnesota,Murray,47,0,0,44.02216709,-95.76328482,27101.0,573.5904320234317,0.0,47,47,0,0,47,47,8276,0,0,0,0,0
2020-06-22,US,Minnesota,Nicollet,109,12,0,44.35291112,-94.24710352,27103.0,318.0253253194842,11.009174311926603,97,108,12,0,96,107,34220,1,0,0,1,1
2020-06-22,US,Minnesota,Nobles,1632,6,0,43.67434621,-95.75329576,27105.0,7545.425123676546,0.36764705882352944,1626,1631,6,0,1625,1630,21924,1,0,0,1,1
2020-06-22,US,Minnesota,Norman,18,0,0,47.32628443,-96.45620947,27107.0,282.35294117647067,0.0,18,18,0,0,18,18,6475,0,0,0,0,0
2020-06-22,US,Minnesota,Olmsted,910,15,0,44.00374114,-92.40209944,27109.0,574.8832860581327,1.6483516483516485,895,903,14,0,889,869,156277,7,1,0,6,34
2020-06-22,US,Minnesota,Otter Tail,85,1,0,46.40846929,-95.70835255,27111.0,144.69070234569162,1.1764705882352942,84,85,1,0,84,85,58812,0,0,0,0,0
2020-06-22,US,Minnesota,Pennington,50,0,0,48.06642577,-96.0370814,27113.0,354.1327289468092,0.0,50,50,0,0,50,50,14178,0,0,0,0,0
2020-06-22,US,Minnesota,Pine,97,0,0,46.12105238,-92.74070188,27115.0,327.9353595456236,0.0,97,97,0,0,97,96,29483,0,0,0,0,1
2020-06-22,US,Minnesota,Pipestone,15,0,0,44.02301619,-96.25841142,27117.0,164.3655489809336,0.0,15,14,0,0,14,14,9047,1,0,0,1,0
2020-06-22,US,Minnesota,Polk,72,2,0,47.77372465,-96.40134647,27119.0,229.56255579645455,2.7777777777777777,70,72,2,0,70,71,31529,0,0,0,0,1
2020-06-22,US,Minnesota,Pope,10,0,0,45.58606667,-95.44451209,27121.0,88.8967908258512,0.0,10,10,0,0,10,10,11097,0,0,0,0,0
2020-06-22,US,Minnesota,Ramsey,4352,211,0,45.01625271,-93.09872295,27123.0,790.8111811106609,4.848345588235294,4141,4306,210,0,4096,4244,550210,46,1,0,45,62
2020-06-22,US,Minnesota,Red Lake,3,0,0,47.87197525,-96.09561104,27125.0,73.98273736128236,0.0,3,3,0,0,3,3,3999,0,0,0,0,0
2020-06-22,US,Minnesota,Redwood,12,0,0,44.40555844,-95.25207021,27127.0,79.10349373764008,0.0,12,12,0,0,12,12,15249,0,0,0,0,0
2020-06-22,US,Minnesota,Renville,16,1,0,44.72836381,-94.94553734,27129.0,109.98075336816058,6.25,15,12,1,0,11,12,14612,4,0,0,4,0
2020-06-22,US,Minnesota,Rice,754,4,0,44.3543376,-93.29658715,27131.0,1125.8436361464492,0.5305039787798409,750,748,4,0,744,743,66523,6,0,0,6,5
2020-06-22,US,Minnesota,Rock,28,0,0,43.67482683,-96.25296832,27133.0,300.5904455179818,0.0,28,28,0,0,28,26,9414,0,0,0,0,2
2020-06-22,US,Minnesota,Roseau,6,0,0,48.77501878,-95.81079919,27135.0,39.564787339268044,0.0,6,6,0,0,6,6,15150,0,0,0,0,0
2020-06-22,US,Minnesota,Scott,587,4,0,44.6490231,-93.53340251,27139.0,393.92536221671935,0.6814310051107325,583,570,4,0,566,561,147381,17,0,0,17,9
2020-06-22,US,Minnesota,Sherburne,276,4,0,45.44447208,-93.77617511,27141.0,283.8396511651823,1.4492753623188406,272,275,4,0,271,273,96036,1,0,0,1,2
2020-06-22,US,Minnesota,Sibley,29,2,0,44.5796592,-94.23164924,27143.0,195.08913555331318,6.896551724137932,27,29,2,0,27,28,15028,0,0,0,0,1
2020-06-22,US,Minnesota,St. Louis,143,14,0,47.604840700000004,-92.46879855,27137.0,71.83402823127544,9.79020979020979,129,142,14,0,128,135,199754,1,0,0,1,7
2020-06-22,US,Minnesota,Stearns,2137,19,0,45.55192576,-94.61078221,27145.0,1326.711159397796,0.8890968647636874,2118,2134,19,0,2115,2131,159256,3,0,0,3,3
2020-06-22,US,Minnesota,Steele,199,0,0,44.02240351,-93.22627088,27147.0,542.9888946492401,0.0,199,194,0,0,194,186,36803,5,0,0,5,8
2020-06-22,US,Minnesota,Stevens,2,0,0,45.58613007,-96.00163705,27149.0,20.39775624681285,0.0,2,2,0,0,2,2,9753,0,0,0,0,0
2020-06-22,US,Minnesota,Swift,20,1,0,45.2829032,-95.68264092,27151.0,215.8428663932657,5.0,19,20,1,0,19,20,9345,0,0,0,0,0
2020-06-22,US,Minnesota,Todd,390,2,0,46.06996226,-94.89785296,27153.0,1581.2520272461886,0.5128205128205128,388,388,2,0,386,388,24582,2,0,0,2,0
2020-06-22,US,Minnesota,Traverse,5,0,0,45.77298854,-96.47062949,27155.0,153.42129487572873,0.0,5,5,0,0,5,5,3308,0,0,0,0,0
2020-06-22,US,Minnesota,Unassigned,80,31,0,0.0,0.0,90027.0,0.0,38.75,49,82,31,0,51,68,,-2,0,0,-2,14
2020-06-22,US,Minnesota,Wabasha,28,0,0,44.28424356,-92.23121312,27157.0,129.4677948860221,0.0,28,27,0,0,27,27,21645,1,0,0,1,0
2020-06-22,US,Minnesota,Wadena,12,0,0,46.58589171,-94.96968506,27159.0,87.706475661453,0.0,12,12,0,0,12,10,13773,0,0,0,0,2
2020-06-22,US,Minnesota,Waseca,41,0,0,44.02211116,-93.58720034,27161.0,220.28798624543305,0.0,41,40,0,0,40,37,18691,1,0,0,1,3
2020-06-22,US,Minnesota,Washington,898,38,0,45.03864533,-92.88429635,27163.0,342.17344916933394,4.23162583518931,860,885,38,0,847,868,259201,13,0,0,13,17
2020-06-22,US,Minnesota,Watonwan,157,0,0,43.97823903,-94.61413846,27165.0,1440.7635128934571,0.0,157,144,0,0,144,137,10980,13,0,0,13,7
2020-06-22,US,Minnesota,Wilkin,20,3,0,46.35721532,-96.4684375,27167.0,322.2168519413565,15.0,17,20,3,0,17,20,6254,0,0,0,0,0
2020-06-22,US,Minnesota,Winona,99,15,0,43.98772283,-91.78081305,27169.0,196.10173520323272,15.151515151515152,84,94,15,0,79,94,50825,5,0,0,5,0
2020-06-22,US,Minnesota,Wright,403,2,0,45.17297924,-93.96234781,27171.0,291.2333697073936,0.4962779156327544,401,401,2,0,399,397,136349,2,0,0,2,4
2020-06-22,US,Minnesota,Yellow Medicine,24,0,0,44.71710183,-95.86842453,27173.0,247.19332578020396,0.0,24,22,0,0,22,22,9795,2,0,0,2,0
2020-06-22,US,Mississippi,Adams,227,18,0,31.47669768,-91.35326037,28001.0,739.582315185873,7.929515418502202,209,227,18,0,209,227,31192,0,0,0,0,0
2020-06-22,US,Mississippi,Alcorn,35,1,0,34.88084463,-88.57996173,28003.0,94.71490812653911,2.8571428571428568,34,32,1,0,31,32,36925,3,0,0,3,0
2020-06-22,US,Mississippi,Amite,75,2,0,31.17467303,-90.80501621,28005.0,609.9048548426447,2.6666666666666665,73,73,2,0,71,73,12326,2,0,0,2,0
2020-06-22,US,Mississippi,Attala,336,23,0,33.08658803,-89.57838564,28007.0,1848.794981842192,6.845238095238094,313,335,23,0,312,335,18365,1,0,0,1,0
2020-06-22,US,Mississippi,Benton,20,0,0,34.81681228,-89.18945516,28009.0,242.160067804819,0.0,20,18,0,0,18,18,8271,2,0,0,2,0
2020-06-22,US,Mississippi,Bolivar,208,13,0,33.79696941,-90.87372121,28011.0,679.1171477079797,6.25,195,197,13,0,184,197,31333,11,0,0,11,0
2020-06-22,US,Mississippi,Calhoun,96,4,0,33.93683395,-89.33686647,28013.0,668.4771255483602,4.166666666666667,92,83,4,0,79,83,14436,13,0,0,13,0
2020-06-22,US,Mississippi,Carroll,133,11,0,33.44834567,-89.91994479,28015.0,1337.0865587614355,8.270676691729323,122,122,11,0,111,122,9911,11,0,0,11,0
2020-06-22,US,Mississippi,Chickasaw,196,17,0,33.91983202,-88.9481545,28017.0,1145.997778167573,8.673469387755103,179,177,16,0,161,177,17171,19,1,0,18,0
2020-06-22,US,Mississippi,Choctaw,71,3,0,33.34598242,-89.24809382,28019.0,864.7990255785628,4.225352112676056,68,71,2,0,69,71,8278,0,1,0,-1,0
2020-06-22,US,Mississippi,Claiborne,168,9,0,31.97061673,-90.90702196,28021.0,1869.1588785046729,5.357142857142857,159,144,9,0,135,144,9002,24,0,0,24,0
2020-06-22,US,Mississippi,Clarke,182,21,0,32.04158545,-88.68896219999998,28023.0,1171.095811080368,11.538461538461537,161,168,21,0,147,168,15604,14,0,0,14,0
2020-06-22,US,Mississippi,Clay,210,6,0,33.65358105,-88.77784255,28025.0,1087.1816110996062,2.8571428571428568,204,185,6,0,179,185,19386,25,0,0,25,0
2020-06-22,US,Mississippi,Coahoma,161,6,0,34.22772299,-90.60415045,28027.0,727.7165069607664,3.7267080745341614,155,156,6,0,150,156,22628,5,0,0,5,0
2020-06-22,US,Mississippi,Copiah,476,11,0,31.86977774,-90.44565118,28029.0,1696.0627115624445,2.310924369747899,465,425,7,0,418,425,28543,51,4,0,47,0
2020-06-22,US,Mississippi,Covington,238,3,0,31.63225413,-89.55389939,28031.0,1277.0980897188238,1.2605042016806722,235,213,3,0,210,213,18853,25,0,0,25,0
2020-06-22,US,Mississippi,DeSoto,912,14,0,34.87625235,-89.99091418,28033.0,493.1195760901889,1.5350877192982455,898,790,14,0,776,790,182001,122,0,0,122,0
2020-06-22,US,Mississippi,Forrest,729,42,0,31.18961454,-89.25832496,28035.0,973.3367157563054,5.761316872427983,687,697,41,0,656,697,75036,32,1,0,31,0
2020-06-22,US,Mississippi,Franklin,30,2,0,31.47786634,-90.89672989,28037.0,388.9537145079735,6.666666666666668,28,30,2,0,28,30,7788,0,0,0,0,0
2020-06-22,US,Mississippi,George,53,2,0,30.86259065,-88.64436789,28039.0,216.3265306122449,3.7735849056603774,51,41,2,0,39,41,24250,12,0,0,12,0
2020-06-22,US,Mississippi,Greene,70,5,0,31.21444233,-88.63922281,28041.0,515.2362726335933,7.142857142857142,65,56,4,0,52,56,13586,14,1,0,13,0
2020-06-22,US,Mississippi,Grenada,195,5,0,33.77036166,-89.80245083,28043.0,939.3968590422968,2.5641025641025643,190,170,4,0,166,170,21055,25,1,0,24,0
2020-06-22,US,Mississippi,Hancock,103,13,0,30.41830223,-89.48851033,28045.0,216.24118239838765,12.621359223300969,90,100,13,0,87,100,47334,3,0,0,3,0
2020-06-22,US,Mississippi,Harrison,464,7,0,30.51359752,-89.12467576,28047.0,222.9911572472126,1.5086206896551724,457,393,7,0,386,393,206650,71,0,0,71,0
2020-06-22,US,Mississippi,Hinds,1536,33,0,32.2656285,-90.44435448,28049.0,662.5258799171842,2.1484375,1503,1390,29,0,1361,1390,237085,146,4,0,142,0
2020-06-22,US,Mississippi,Holmes,489,37,0,33.12345854,-90.08923538,28051.0,2874.779541446208,7.566462167689163,452,477,35,0,442,477,17622,12,2,0,10,0
2020-06-22,US,Mississippi,Humphreys,93,9,0,33.12825718,-90.52252707,28053.0,1153.2738095238094,9.677419354838712,84,83,8,0,75,83,8257,10,1,0,9,0
2020-06-22,US,Mississippi,Itawamba,109,8,0,34.27993475,-88.3606733,28057.0,466.01111586147925,7.339449541284404,101,106,8,0,98,106,23517,3,0,0,3,0
2020-06-22,US,Mississippi,Jackson,402,16,0,30.54020656,-88.64184064,28059.0,279.91115257943,3.9800995024875614,386,385,16,0,369,385,143277,17,0,0,17,0
2020-06-22,US,Mississippi,Jasper,212,6,0,32.01922104,-89.11786866,28061.0,1294.0242934749435,2.830188679245283,206,203,4,0,199,203,16428,9,2,0,7,0
2020-06-22,US,Mississippi,Jefferson,63,2,0,31.73397872,-91.03764977,28063.0,901.2875536480688,3.1746031746031744,61,57,2,0,55,57,7106,6,0,0,6,0
2020-06-22,US,Mississippi,Jefferson Davis,90,3,0,31.56884708,-89.82670990000004,28065.0,808.7706685837527,3.333333333333333,87,86,3,0,83,86,11234,4,0,0,4,0
2020-06-22,US,Mississippi,Jones,928,47,0,31.62257767,-89.16896899999998,28067.0,1362.741930746865,5.064655172413794,881,910,44,0,866,910,68461,18,3,0,15,0
2020-06-22,US,Mississippi,Kemper,169,13,0,32.75462946,-88.64105766,28069.0,1734.7567234654075,7.6923076923076925,156,169,13,0,156,169,10027,0,0,0,0,0
2020-06-22,US,Mississippi,Lafayette,254,4,0,34.35687874,-89.48490961,28071.0,470.20492789574035,1.5748031496062993,250,209,4,0,205,209,54793,45,0,0,45,0
2020-06-22,US,Mississippi,Lamar,341,7,0,31.20572971,-89.5077704,28073.0,538.3388851175347,2.0527859237536656,334,300,6,0,294,300,62447,41,1,0,40,0
2020-06-22,US,Mississippi,Lauderdale,847,77,0,32.40419769,-88.66229662,28075.0,1142.664418212479,9.090909090909092,770,818,75,0,743,818,75317,29,2,0,27,0
2020-06-22,US,Mississippi,Lawrence,129,1,0,31.55147224,-90.10841127,28077.0,1024.9483553154296,0.7751937984496124,128,121,1,0,120,121,12455,8,0,0,8,0
2020-06-22,US,Mississippi,Leake,503,16,0,32.7536828,-89.52402044,28079.0,2207.495830773282,3.1809145129224654,487,496,16,0,480,496,22763,7,0,0,7,0
2020-06-22,US,Mississippi,Lee,374,14,0,34.291877500000005,-88.68149954,28081.0,437.75457652511824,3.7433155080213902,360,330,14,0,316,330,85202,44,0,0,44,0
2020-06-22,US,Mississippi,Leflore,420,47,0,33.55545125,-90.29900733,28083.0,1490.2600858673666,11.190476190476188,373,385,47,0,338,385,28919,35,0,0,35,0
2020-06-22,US,Mississippi,Lincoln,378,32,0,31.53288662,-90.45391915,28085.0,1106.7841770854684,8.465608465608465,346,330,32,0,298,330,34205,48,0,0,48,0
2020-06-22,US,Mississippi,Lowndes,384,10,0,33.47386518,-88.44191529999998,28087.0,655.3460192849219,2.6041666666666665,374,352,10,0,342,352,58930,32,0,0,32,0
2020-06-22,US,Mississippi,Madison,995,31,0,32.63389156,-90.03513564,28089.0,936.27672387835,3.1155778894472363,964,922,31,0,891,922,105630,73,0,0,73,0
2020-06-22,US,Mississippi,Marion,186,10,0,31.23132643,-89.8209217,28091.0,756.928335978513,5.376344086021504,176,163,9,0,154,163,24715,23,1,0,22,0
2020-06-22,US,Mississippi,Marshall,142,3,0,34.76216286,-89.50299462,28093.0,402.33467444891477,2.112676056338028,139,122,3,0,119,122,35451,20,0,0,20,0
2020-06-22,US,Mississippi,Monroe,311,27,0,33.89236763,-88.4808438,28095.0,882.2194485419267,8.681672025723472,284,301,26,0,275,301,35564,10,1,0,9,0
2020-06-22,US,Mississippi,Montgomery,104,1,0,33.49419589,-89.61729103,28097.0,1063.9386189258314,0.9615384615384616,103,98,1,0,97,98,10023,6,0,0,6,0
2020-06-22,US,Mississippi,Neshoba,921,58,0,32.75339664,-89.11726492,28099.0,3162.991963733773,6.297502714440825,863,921,56,0,865,921,29125,0,2,0,-2,0
2020-06-22,US,Mississippi,Newton,325,8,0,32.40021118,-89.11843336,28101.0,1546.2936530592826,2.4615384615384617,317,325,8,0,317,325,21443,0,0,0,0,0
2020-06-22,US,Mississippi,Noxubee,223,6,0,33.11009499,-88.56949061,28103.0,2140.731496592109,2.690582959641256,217,218,6,0,212,218,10535,5,0,0,5,0
2020-06-22,US,Mississippi,Oktibbeha,420,19,0,33.42491685,-88.87905132,28105.0,846.9961885171518,4.523809523809524,401,386,18,0,368,386,49599,34,1,0,33,0
2020-06-22,US,Mississippi,Panola,179,5,0,34.36398677,-89.95064249,28107.0,523.514272344408,2.793296089385475,174,146,4,0,142,146,34178,33,1,0,32,0
2020-06-22,US,Mississippi,Pearl River,226,32,0,30.77090935,-89.58677275,28109.0,406.95057171153326,14.15929203539823,194,224,32,0,192,224,55387,2,0,0,2,0
2020-06-22,US,Mississippi,Perry,55,4,0,31.17161885,-88.99281835,28111.0,459.36690887830946,7.272727272727272,51,55,3,0,52,55,11931,0,1,0,-1,0
2020-06-22,US,Mississippi,Pike,278,11,0,31.17507789,-90.40392572,28113.0,707.5951944614131,3.956834532374101,267,248,11,0,237,248,39563,30,0,0,30,0
2020-06-22,US,Mississippi,Pontotoc,128,3,0,34.226046000000004,-89.03636807,28115.0,397.83676260334437,2.34375,125,93,3,0,90,93,31833,35,0,0,35,0
2020-06-22,US,Mississippi,Prentiss,78,3,0,34.61810501,-88.51986294,28117.0,310.43540555599776,3.8461538461538463,75,70,3,0,67,70,25315,8,0,0,8,0
2020-06-22,US,Mississippi,Quitman,52,0,0,34.25157572,-90.28908,28119.0,765.6065959952887,0.0,52,52,0,0,52,52,7051,0,0,0,0,0
2020-06-22,US,Mississippi,Rankin,611,12,0,32.26469147,-89.94537876,28121.0,393.5055483638284,1.9639934533551555,599,563,10,0,553,563,153902,48,2,0,46,0
2020-06-22,US,Mississippi,Scott,700,14,0,32.406704100000006,-89.53789439,28123.0,2488.977385862609,2.0,686,696,12,0,684,696,28287,4,2,0,2,0
2020-06-22,US,Mississippi,Sharkey,13,0,0,32.88149103,-90.81595379999999,28125.0,300.8562832677621,0.0,13,9,0,0,9,9,4377,4,0,0,4,0
2020-06-22,US,Mississippi,Simpson,166,2,0,31.91282117,-89.91716179,28127.0,622.7023782729387,1.2048192771084338,164,126,1,0,125,126,26758,40,1,0,39,0
2020-06-22,US,Mississippi,Smith,187,11,0,32.01744532,-89.50644846,28129.0,1174.9183211862278,5.882352941176472,176,182,11,0,171,182,16002,5,0,0,5,0
2020-06-22,US,Mississippi,Stone,42,1,0,30.79187949,-89.11547539,28131.0,229.05759162303661,2.380952380952381,41,35,1,0,34,35,18717,7,0,0,7,0
2020-06-22,US,Mississippi,Sunflower,155,4,0,33.60192578,-90.58882684,28133.0,617.2839506172841,2.5806451612903225,151,128,4,0,124,128,25735,27,0,0,27,0
2020-06-22,US,Mississippi,Tallahatchie,64,1,0,33.95339918,-90.1729398,28135.0,463.4658556014194,1.5625,63,49,1,0,48,49,13987,15,0,0,15,0
2020-06-22,US,Mississippi,Tate,182,2,0,34.65133709,-89.94485778,28137.0,642.63267539988,1.0989010989010992,180,155,1,0,154,155,28759,27,1,0,26,0
2020-06-22,US,Mississippi,Tippah,106,11,0,34.76872156,-88.90988194,28139.0,481.48989325459917,10.377358490566039,95,100,11,0,89,100,21995,6,0,0,6,0
2020-06-22,US,Mississippi,Tishomingo,52,1,0,34.74023475,-88.23917219,28141.0,268.2763246143528,1.9230769230769231,51,47,1,0,46,47,19454,5,0,0,5,0
2020-06-22,US,Mississippi,Tunica,76,3,0,34.64967704,-90.37481167,28143.0,789.0365448504982,3.947368421052632,73,67,3,0,64,67,9944,9,0,0,9,0
2020-06-22,US,Mississippi,Union,128,8,0,34.49162015,-89.00776006,28145.0,444.2130834634739,6.25,120,109,8,0,101,109,28606,19,0,0,19,0
2020-06-22,US,Mississippi,Walthall,133,2,0,31.14971548,-90.10446654,28147.0,930.9813803723926,1.5037593984962403,131,111,1,0,110,111,14465,22,1,0,21,0
2020-06-22,US,Mississippi,Warren,331,14,0,32.35810271,-90.83352619,28149.0,729.3801370617659,4.229607250755286,317,280,14,0,266,280,46176,51,0,0,51,0
2020-06-22,US,Mississippi,Washington,302,9,0,33.28392041,-90.94196237,28151.0,687.7861030768179,2.9801324503311264,293,276,9,0,267,276,45063,26,0,0,26,0
2020-06-22,US,Mississippi,Wayne,434,8,0,31.64135687,-88.69573913,28153.0,2150.3245305455084,1.8433179723502304,426,409,8,0,401,409,20298,25,0,0,25,0
2020-06-22,US,Mississippi,Webster,118,10,0,33.61300486,-89.28392912,28155.0,1217.8759417896586,8.474576271186441,108,109,8,0,101,109,9788,9,2,0,7,0
2020-06-22,US,Mississippi,Wilkinson,85,9,0,31.16078225,-91.31018819,28157.0,984.936268829664,10.588235294117649,76,85,9,0,76,85,8792,0,0,0,0,0
2020-06-22,US,Mississippi,Winston,178,2,0,33.08747908,-89.03391385,28159.0,991.3673071567807,1.1235955056179776,176,158,2,0,156,158,18165,20,0,0,20,0
2020-06-22,US,Mississippi,Yalobusha,139,7,0,34.02824175,-89.70762049999998,28161.0,1148.0013214403698,5.035971223021583,132,139,7,0,132,139,12392,0,0,0,0,0
2020-06-22,US,Mississippi,Yazoo,395,6,0,32.77890365,-90.39656148,28163.0,1330.4142809026607,1.5189873417721518,389,354,6,0,348,354,28248,41,0,0,41,0
2020-06-22,US,Missouri,Adair,86,0,0,40.19058551,-92.60078167,29001.0,339.3441976088072,0.0,86,85,0,0,85,84,25339,1,0,0,1,1
2020-06-22,US,Missouri,Andrew,42,0,0,39.98492163,-94.80163024,29003.0,237.12737127371278,0.0,42,41,0,0,41,41,17607,1,0,0,1,0
2020-06-22,US,Missouri,Atchison,3,0,0,40.43238737,-95.42970639,29005.0,58.331713007972,0.0,3,3,0,0,3,3,5171,0,0,0,0,0
2020-06-22,US,Missouri,Audrain,134,1,0,39.215877,-91.84242683,29007.0,527.8084134236648,0.746268656716418,133,134,1,0,133,134,25473,0,0,0,0,0
2020-06-22,US,Missouri,Barry,31,0,0,36.70978521,-93.82919888,29009.0,86.61879348403141,0.0,31,31,0,0,31,31,35886,0,0,0,0,0
2020-06-22,US,Missouri,Barton,15,0,0,37.50207671,-94.34757022,29011.0,127.61613067891778,0.0,15,15,0,0,15,15,11798,0,0,0,0,0
2020-06-22,US,Missouri,Bates,12,1,0,38.25271289,-94.34113157,29013.0,74.20232500618353,8.333333333333334,11,12,1,0,11,12,16320,0,0,0,0,0
2020-06-22,US,Missouri,Benton,15,0,0,38.29503305,-93.28756116,29015.0,77.14858818083627,0.0,15,15,0,0,15,15,19278,0,0,0,0,0
2020-06-22,US,Missouri,Bollinger,12,0,0,37.32449052,-90.02725304,29017.0,98.90381603890215,0.0,12,13,0,0,13,12,12169,-1,0,0,-1,1
2020-06-22,US,Missouri,Boone,266,2,0,38.99186229,-92.30723575,29019.0,147.39863573142418,0.7518796992481203,264,258,2,0,256,257,180005,8,0,0,8,1
2020-06-22,US,Missouri,Buchanan,809,3,0,39.65816401,-94.80138942,29021.0,926.010713795156,0.3708281829419036,806,805,3,0,802,805,88571,4,0,0,4,0
2020-06-22,US,Missouri,Butler,62,0,0,36.71462476,-90.40421163,29023.0,145.95790762276943,0.0,62,62,0,0,62,62,42639,0,0,0,0,0
2020-06-22,US,Missouri,Caldwell,9,0,0,39.65620858,-93.98308093,29025.0,99.77827050997783,0.0,9,9,0,0,9,9,9108,0,0,0,0,0
2020-06-22,US,Missouri,Callaway,42,1,0,38.83674754,-91.92186505,29027.0,93.86943208993586,2.380952380952381,41,42,1,0,41,42,44889,0,0,0,0,0
2020-06-22,US,Missouri,Camden,50,1,0,38.02199522,-92.76083747,29029.0,107.9796998164345,2.0,49,48,1,0,47,47,45815,2,0,0,2,1
2020-06-22,US,Missouri,Cape Girardeau,121,3,0,37.38489388,-89.6843587,29031.0,153.4150701778854,2.479338842975207,118,120,3,0,117,119,78753,1,0,0,1,1
2020-06-22,US,Missouri,Carroll,11,0,0,39.42762566,-93.50626255,29033.0,126.74271229404309,0.0,11,11,0,0,11,11,8743,0,0,0,0,0
2020-06-22,US,Missouri,Carter,6,1,0,36.94160441,-90.96051322,29035.0,100.30090270812435,16.666666666666668,5,6,1,0,5,6,6054,0,0,0,0,0
2020-06-22,US,Missouri,Cass,116,8,0,38.64789422,-94.353399,29037.0,109.66156173189638,6.896551724137932,108,116,8,0,108,116,104954,0,0,0,0,0
2020-06-22,US,Missouri,Cedar,9,0,0,37.72391475,-93.85445441,29039.0,62.72214091574325,0.0,9,9,0,0,9,9,14165,0,0,0,0,0
2020-06-22,US,Missouri,Chariton,6,0,0,39.51499357,-92.9629191,29041.0,80.79719903043363,0.0,6,6,0,0,6,6,7451,0,0,0,0,0
2020-06-22,US,Missouri,Christian,32,0,0,36.9711783,-93.18537118,29043.0,36.11941983181895,0.0,32,32,0,0,32,32,86983,0,0,0,0,0
2020-06-22,US,Missouri,Clark,1,0,0,40.41040752,-91.73661677,29045.0,14.712373105781962,0.0,1,1,0,0,1,1,6842,0,0,0,0,0
2020-06-22,US,Missouri,Clay,348,8,0,39.31132056,-94.41850862,29047.0,139.2289596236017,2.2988505747126435,340,342,8,0,334,342,246365,6,0,0,6,0
2020-06-22,US,Missouri,Clinton,23,0,0,39.6013098,-94.40465394,29049.0,112.81699121989504,0.0,23,23,0,0,23,23,20470,0,0,0,0,0
2020-06-22,US,Missouri,Cole,61,1,0,38.50455671,-92.27860244,29051.0,79.48400547266922,1.639344262295082,60,60,1,0,59,60,76796,1,0,0,1,0
2020-06-22,US,Missouri,Cooper,13,0,0,38.844478,-92.80896081,29053.0,73.40900107290078,0.0,13,12,0,0,12,12,17603,1,0,0,1,0
2020-06-22,US,Missouri,Crawford,10,0,0,37.97663738,-91.30528104,29055.0,41.80602006688964,0.0,10,10,0,0,10,10,23957,0,0,0,0,0
2020-06-22,US,Missouri,Dade,1,0,0,37.431814,-93.8503345,29057.0,13.225763787858751,0.0,1,1,0,0,1,1,7569,0,0,0,0,0
2020-06-22,US,Missouri,Dallas,10,0,0,37.6811355,-93.02127031,29059.0,59.248726152387725,0.0,10,9,0,0,9,9,16762,1,0,0,1,0
2020-06-22,US,Missouri,Daviess,7,0,0,39.96145298,-93.98519678,29061.0,84.56148828219376,0.0,7,7,0,0,7,7,8313,0,0,0,0,0
2020-06-22,US,Missouri,DeKalb,10,0,0,39.89201062,-94.40476508,29063.0,79.70032677133977,0.0,10,10,0,0,10,10,12630,0,0,0,0,0
2020-06-22,US,Missouri,Dent,1,0,0,37.60663134,-91.50790473,29065.0,6.421370320426379,0.0,1,1,0,0,1,1,15441,0,0,0,0,0
2020-06-22,US,Missouri,Douglas,3,0,0,36.9325593,-92.49905109,29067.0,22.75312855517633,0.0,3,3,0,0,3,3,13373,0,0,0,0,0
2020-06-22,US,Missouri,Dunklin,79,3,0,36.27167174,-90.09122243,29069.0,271.1887679791288,3.79746835443038,76,79,3,0,76,79,29423,0,0,0,0,0
2020-06-22,US,Missouri,Franklin,191,18,0,38.41127108,-91.07522826,29071.0,183.71213942885723,9.424083769633508,173,188,18,0,170,188,103670,3,0,0,3,0
2020-06-22,US,Missouri,Gasconade,4,0,0,38.43947277,-91.50847147,29073.0,27.19978240174079,0.0,4,4,0,0,4,4,14705,0,0,0,0,0
2020-06-22,US,Missouri,Gentry,55,9,0,40.21097916,-94.40944419,29075.0,837.0111094201794,16.363636363636363,46,55,9,0,46,54,6628,0,0,0,0,1
2020-06-22,US,Missouri,Greene,228,8,0,37.2575872,-93.34230916,29077.0,77.79286625768545,3.5087719298245608,220,225,8,0,217,218,291923,3,0,0,3,7
2020-06-22,US,Missouri,Grundy,17,0,0,40.11406587,-93.56509276,29079.0,172.58883248730962,0.0,17,17,0,0,17,17,9914,0,0,0,0,0
2020-06-22,US,Missouri,Harrison,11,0,0,40.35570088,-93.99222144,29081.0,131.70498084291188,0.0,11,9,0,0,9,9,8414,2,0,0,2,0
2020-06-22,US,Missouri,Henry,17,3,0,38.38482826,-93.79293734,29083.0,77.89589442815249,17.647058823529417,14,17,3,0,14,17,21792,0,0,0,0,0
2020-06-22,US,Missouri,Holt,1,0,0,40.09799248,-95.2163888,29087.0,22.71178741766977,0.0,1,2,0,0,2,2,4404,-1,0,0,-1,0
2020-06-22,US,Missouri,Howard,5,0,0,39.1435761,-92.69756691,29089.0,49.99500049995,0.0,5,3,0,0,3,3,10137,2,0,0,2,0
2020-06-22,US,Missouri,Howell,30,0,0,36.77383887,-91.88683935,29091.0,74.78126480045866,0.0,30,30,0,0,30,30,40076,0,0,0,0,0
2020-06-22,US,Missouri,Iron,2,0,0,37.55487945,-90.7735296,29093.0,19.753086419753085,0.0,2,2,0,0,2,2,10177,0,0,0,0,0
2020-06-22,US,Missouri,Jackson,1030,23,0,39.01002188,-94.34724536,29095.0,146.5126434721505,2.2330097087378644,1007,1018,22,0,996,1016,700307,12,1,0,11,2
2020-06-22,US,Missouri,Jasper,269,0,0,37.20351921,-94.34050458,29097.0,221.71304233153103,0.0,269,266,0,0,266,239,120636,3,0,0,3,27
2020-06-22,US,Missouri,Jefferson,401,19,0,38.25926778,-90.53870896,29099.0,178.1580853115101,4.7381546134663335,382,401,19,0,382,401,224347,0,0,0,0,0
2020-06-22,US,Missouri,Johnson,89,0,0,38.74719601,-93.80691168,29101.0,164.6258000073989,0.0,89,89,0,0,89,89,53652,0,0,0,0,0
2020-06-22,US,Missouri,Kansas City,1945,31,0,39.0997,-94.5786,0.0,397.7968802089405,1.5938303341902311,1914,1921,30,0,1891,1914,491918,24,1,0,23,7
2020-06-22,US,Missouri,Knox,2,0,0,40.12699751,-92.14780832,29103.0,50.51780752715332,0.0,2,2,0,0,2,2,3947,0,0,0,0,0
2020-06-22,US,Missouri,Laclede,20,0,0,37.65896829,-92.5888493,29105.0,55.98633933320271,0.0,20,16,0,0,16,16,35713,4,0,0,4,0
2020-06-22,US,Missouri,Lafayette,86,2,0,39.06986886,-93.78076396,29107.0,262.93261587379243,2.3255813953488373,84,86,2,0,84,86,32598,0,0,0,0,0
2020-06-22,US,Missouri,Lawrence,13,0,0,37.10626634,-93.83293097,29109.0,33.89388606439838,0.0,13,13,0,0,13,11,38359,0,0,0,0,2
2020-06-22,US,Missouri,Lewis,7,1,0,40.09673161,-91.72070156,29111.0,71.6039279869067,14.285714285714285,6,7,1,0,6,7,9855,0,0,0,0,0
2020-06-22,US,Missouri,Lincoln,92,1,0,39.05345619,-90.95588181,29113.0,155.89785301543728,1.0869565217391304,91,91,1,0,90,91,57686,1,0,0,1,0
2020-06-22,US,Missouri,Linn,13,1,0,39.87001769,-93.10704106,29115.0,109.06040268456377,7.6923076923076925,12,13,1,0,12,13,12037,0,0,0,0,0
2020-06-22,US,Missouri,Livingston,7,0,0,39.78110272,-93.54645978,29117.0,45.97097261443489,0.0,7,7,0,0,7,6,15146,0,0,0,0,1
2020-06-22,US,Missouri,Macon,7,0,0,39.83049768,-92.56453089,29121.0,46.30548389230668,0.0,7,7,0,0,7,7,15153,0,0,0,0,0
2020-06-22,US,Missouri,Madison,3,0,0,37.47865134,-90.3467143,29123.0,24.81800132362674,0.0,3,3,0,0,3,3,12188,0,0,0,0,0
2020-06-22,US,Missouri,Maries,3,0,0,38.16193985,-91.92249662,29125.0,34.49465332873405,0.0,3,2,0,0,2,2,8769,1,0,0,1,0
2020-06-22,US,Missouri,Marion,11,0,0,39.80601912,-91.62203062,29127.0,38.5559060637925,0.0,11,11,0,0,11,11,28592,0,0,0,0,0
2020-06-22,US,Missouri,McDonald,371,0,0,36.62869595,-94.34867205,29119.0,1624.5566405394754,0.0,371,366,0,0,366,170,23078,5,0,0,5,196
2020-06-22,US,Missouri,Mercer,5,0,0,40.42212303,-93.5682959,29129.0,138.23610727121923,0.0,5,5,0,0,5,5,3641,0,0,0,0,0
2020-06-22,US,Missouri,Miller,11,0,0,38.21450288,-92.42610898,29131.0,42.93688278231001,0.0,11,10,0,0,10,10,25336,1,0,0,1,0
2020-06-22,US,Missouri,Mississippi,79,0,0,36.82516239,-89.29505753,29133.0,599.3930197268587,0.0,79,77,0,0,77,77,13336,2,0,0,2,0
2020-06-22,US,Missouri,Moniteau,49,1,0,38.63571781,-92.57976951,29135.0,303.74411108356065,2.0408163265306123,48,49,1,0,48,49,16121,0,0,0,0,0
2020-06-22,US,Missouri,Monroe,5,0,0,39.49593978,-92.00043978,29137.0,57.84359093012494,0.0,5,5,0,0,5,5,8664,0,0,0,0,0
2020-06-22,US,Missouri,Montgomery,13,0,0,38.94022054,-91.47000721,29139.0,112.5443684529478,0.0,13,13,0,0,13,13,11534,0,0,0,0,0
2020-06-22,US,Missouri,Morgan,12,0,0,38.4181765,-92.88791859,29141.0,58.17617685557765,0.0,12,12,0,0,12,12,20358,0,0,0,0,0
2020-06-22,US,Missouri,New Madrid,34,1,0,36.59666326,-89.66070007,29143.0,199.10986179433124,2.9411764705882355,33,36,1,0,35,34,17296,-2,0,0,-2,2
2020-06-22,US,Missouri,Newton,268,2,0,36.90519407,-94.3394104,29145.0,460.19644206332845,0.746268656716418,266,265,2,0,263,177,58266,3,0,0,3,88
2020-06-22,US,Missouri,Nodaway,17,0,0,40.36079813,-94.88133008,29147.0,76.95093246424045,0.0,17,17,0,0,17,17,22304,0,0,0,0,0
2020-06-22,US,Missouri,Oregon,6,0,0,36.68710164,-91.4033755,29149.0,56.9854687054801,0.0,6,6,0,0,6,6,10541,0,0,0,0,0
2020-06-22,US,Missouri,Osage,5,0,0,38.46036182,-91.8613635,29151.0,36.72420124862284,0.0,5,5,0,0,5,5,13714,0,0,0,0,0
2020-06-22,US,Missouri,Ozark,1,0,0,36.64916339,-92.44459066,29153.0,10.90037061260083,0.0,1,1,0,0,1,1,9017,0,0,0,0,0
2020-06-22,US,Missouri,Pemiscot,106,6,0,36.2130572,-89.78742322,29155.0,670.67383739323,5.660377358490566,100,105,6,0,99,105,16272,1,0,0,1,0
2020-06-22,US,Missouri,Perry,104,0,0,37.70660776,-89.82741088,29157.0,543.4782608695652,0.0,104,102,0,0,102,91,19150,2,0,0,2,11
2020-06-22,US,Missouri,Pettis,100,1,0,38.72798918,-93.28471706,29159.0,236.1888566097452,1.0,99,98,1,0,97,98,42542,2,0,0,2,0
2020-06-22,US,Missouri,Phelps,7,0,0,37.87736118,-91.79351727,29161.0,15.704574518206089,0.0,7,7,0,0,7,7,44732,0,0,0,0,0
2020-06-22,US,Missouri,Pike,34,1,0,39.34310674,-91.16980779,29163.0,185.77204677084472,2.9411764705882355,33,33,1,0,32,33,18504,1,0,0,1,0
2020-06-22,US,Missouri,Platte,102,4,0,39.38154439,-94.77068479,29165.0,97.68430730333851,3.92156862745098,98,102,4,0,98,102,102985,0,0,0,0,0
2020-06-22,US,Missouri,Polk,10,0,0,37.6162296,-93.39828174,29167.0,31.105166568166965,0.0,10,10,0,0,10,10,32201,0,0,0,0,0
2020-06-22,US,Missouri,Pulaski,106,1,0,37.82462075,-92.20783203,29169.0,201.49409774364628,0.9433962264150944,105,106,1,0,105,106,52014,0,0,0,0,0
2020-06-22,US,Missouri,Putnam,2,0,0,40.47942497,-93.02042674,29171.0,42.58943781942078,0.0,2,2,0,0,2,2,4757,0,0,0,0,0
2020-06-22,US,Missouri,Ralls,6,0,0,39.52817427,-91.51838643,29173.0,58.20157144242894,0.0,6,6,0,0,6,6,10212,0,0,0,0,0
2020-06-22,US,Missouri,Randolph,12,0,0,39.44007257,-92.4971374,29175.0,48.48876676903184,0.0,12,12,0,0,12,12,24763,0,0,0,0,0
2020-06-22,US,Missouri,Ray,25,0,0,39.3537468,-93.98905745,29177.0,108.61065253280043,0.0,25,25,0,0,25,25,22883,0,0,0,0,0
2020-06-22,US,Missouri,Reynolds,2,0,0,37.36085952,-90.97009925,29179.0,31.897926634768737,0.0,2,2,0,0,2,2,6254,0,0,0,0,0
2020-06-22,US,Missouri,Ripley,14,0,0,36.65460667,-90.85990261,29181.0,105.35821794099941,0.0,14,14,0,0,14,14,13401,0,0,0,0,0
2020-06-22,US,Missouri,Saline,278,4,0,39.13734288,-93.20259964,29195.0,1221.3874610078644,1.4388489208633093,274,278,4,0,274,278,22895,0,0,0,0,0
2020-06-22,US,Missouri,Schuyler,4,0,0,40.46921489,-92.52311943,29197.0,85.83690987124461,0.0,4,4,0,0,4,2,4599,0,0,0,0,2
2020-06-22,US,Missouri,Scotland,8,1,0,40.45214695,-92.14709064,29199.0,163.19869441044472,12.5,7,8,1,0,7,8,4966,0,0,0,0,0
2020-06-22,US,Missouri,Scott,160,11,0,37.05588075,-89.56474493,29201.0,417.9728317659352,6.875,149,159,10,0,149,157,38458,1,1,0,0,2
2020-06-22,US,Missouri,Shannon,6,0,0,37.15772072,-91.40190382,29203.0,73.47538574577517,0.0,6,6,0,0,6,6,8189,0,0,0,0,0
2020-06-22,US,Missouri,Shelby,2,0,0,39.79742518,-92.07634971,29205.0,33.72681281618887,0.0,2,2,0,0,2,2,6050,0,0,0,0,0
2020-06-22,US,Missouri,St. Charles,957,69,0,38.77875681,-90.66662425,29183.0,238.04667406261348,7.210031347962383,888,954,69,0,885,951,399182,3,0,0,3,3
2020-06-22,US,Missouri,St. Clair,2,0,0,38.03699437,-93.77631447,29185.0,21.283388315419813,0.0,2,2,0,0,2,2,9395,0,0,0,0,0
2020-06-22,US,Missouri,St. Francois,68,2,0,37.81214171,-90.47598685,29187.0,101.16789407126387,2.9411764705882355,66,66,2,0,64,50,66692,2,0,0,2,16
2020-06-22,US,Missouri,St. Louis,5878,551,0,38.63770039999999,-90.4458375,29189.0,591.2261555715371,9.373936713167744,5327,5850,550,0,5300,5825,996945,28,1,0,27,25
2020-06-22,US,Missouri,St. Louis City,2319,154,0,38.63555736,-90.24349225,29510.0,771.5186841264772,6.640793445450625,2165,2319,154,0,2165,2319,302838,0,0,0,0,0
2020-06-22,US,Missouri,Ste. Genevieve,16,1,0,37.89090059,-90.1949941,29186.0,89.41544651838603,6.25,15,16,1,0,15,16,17888,0,0,0,0,0
2020-06-22,US,Missouri,Stoddard,127,8,0,36.85571651,-89.9444155,29207.0,437.5538329026701,6.299212598425197,119,126,7,0,119,126,29206,1,1,0,0,0
2020-06-22,US,Missouri,Stone,10,0,0,36.75000327,-93.45256475,29209.0,31.296945418127194,0.0,10,10,0,0,10,10,31749,0,0,0,0,0
2020-06-22,US,Missouri,Sullivan,102,0,0,40.2099105,-93.11150106,29211.0,1675.1519132862536,0.0,102,101,0,0,101,96,6221,1,0,0,1,5
2020-06-22,US,Missouri,Taney,32,2,0,36.65465345,-93.04075153,29213.0,57.21642111285939,6.25,30,30,2,0,28,30,55852,2,0,0,2,0
2020-06-22,US,Missouri,Texas,2,0,0,37.31728859,-91.96564727,29215.0,7.874635798094338,0.0,2,2,0,0,2,2,25571,0,0,0,0,0
2020-06-22,US,Missouri,Vernon,13,0,0,37.8457799,-94.34127305,29217.0,63.22034722559938,0.0,13,12,0,0,12,12,20528,1,0,0,1,0
2020-06-22,US,Missouri,Warren,33,0,0,38.76529479,-91.16124662,29219.0,92.56921652781284,0.0,33,33,0,0,33,33,34711,0,0,0,0,0
2020-06-22,US,Missouri,Washington,14,1,0,37.96130078,-90.87948158,29221.0,56.61140315406389,7.142857142857142,13,14,1,0,13,14,24943,0,0,0,0,0
2020-06-22,US,Missouri,Wayne,1,0,0,37.11303869,-90.46001416,29223.0,7.768197001475956,0.0,1,1,0,0,1,1,13122,0,0,0,0,0
2020-06-22,US,Missouri,Webster,21,0,0,37.2813734,-92.876329,29225.0,53.041018387553045,0.0,21,21,0,0,21,20,39109,0,0,0,0,1
2020-06-22,US,Missouri,Worth,4,0,0,40.47945588,-94.42328751,29227.0,198.7083954297069,0.0,4,4,0,0,4,4,2040,0,0,0,0,0
2020-06-22,US,Missouri,Wright,14,0,0,37.27029221,-92.46914488,29229.0,76.54874514735633,0.0,14,14,0,0,14,14,18378,0,0,0,0,0
2020-06-22,US,Montana,Beaverhead,1,0,0,45.13434354,-112.89846940000001,30001.0,10.578652279699568,0.0,1,1,0,0,1,1,9404,0,0,0,0,0
2020-06-22,US,Montana,Big Horn,63,3,0,45.42335905,-107.492347,30003.0,473.00848412042944,4.761904761904762,60,59,3,0,56,55,13338,4,0,0,4,4
2020-06-22,US,Montana,Broadwater,5,0,0,46.33277565,-111.49558130000001,30007.0,80.1667468334135,0.0,5,5,0,0,5,4,6085,0,0,0,0,1
2020-06-22,US,Montana,Carbon,15,0,0,45.22850116,-109.0274047,30009.0,139.86013986013987,0.0,15,13,0,0,13,13,10714,2,0,0,2,0
2020-06-22,US,Montana,Cascade,22,2,0,47.30797024,-111.3467922,30013.0,27.0383206744832,9.090909090909092,20,22,2,0,20,21,81643,0,0,0,0,1
2020-06-22,US,Montana,Custer,22,0,0,46.25319932,-105.57375259999998,30017.0,192.94860550780564,0.0,22,22,0,0,22,21,11586,0,0,0,0,1
2020-06-22,US,Montana,Dawson,1,0,0,47.26584855,-104.89444170000002,30021.0,11.610356437942645,0.0,1,1,0,0,1,1,8680,0,0,0,0,0
2020-06-22,US,Montana,Deer Lodge,3,0,0,46.05953325,-113.073353,30023.0,32.822757111597376,0.0,3,3,0,0,3,3,9131,0,0,0,0,0
2020-06-22,US,Montana,Fergus,2,0,0,47.26331584,-109.2245206,30027.0,18.099547511312217,0.0,2,2,0,0,2,2,11113,0,0,0,0,0
2020-06-22,US,Montana,Flathead,48,2,0,48.29575866,-114.05205690000001,30029.0,46.2401017282238,4.166666666666667,46,46,2,0,44,45,102106,2,0,0,2,1
2020-06-22,US,Montana,Gallatin,213,1,0,45.54486106,-111.1692571,30031.0,186.13349179439683,0.4694835680751174,212,209,1,0,208,204,111876,4,0,0,4,5
2020-06-22,US,Montana,Glacier,7,0,0,48.70513576,-112.9934235,30035.0,50.89798589398677,0.0,7,7,0,0,7,7,13747,0,0,0,0,0
2020-06-22,US,Montana,Golden Valley,3,0,0,46.3816474,-109.17685220000001,30037.0,365.40803897685754,0.0,3,3,0,0,3,3,826,0,0,0,0,0
2020-06-22,US,Montana,Hill,1,0,0,48.62879827,-110.1129252,30041.0,6.066488716330987,0.0,1,1,0,0,1,1,16347,0,0,0,0,0
2020-06-22,US,Montana,Jefferson,3,0,0,46.14907081,-112.094396,30043.0,24.547909336388184,0.0,3,3,0,0,3,3,12097,0,0,0,0,0
2020-06-22,US,Montana,Lake,12,0,0,47.64514965,-114.0898013,30047.0,39.39851598923107,0.0,12,11,0,0,11,10,30250,1,0,0,1,1
2020-06-22,US,Montana,Lewis and Clark,23,0,0,47.12610041,-112.39469799999999,30049.0,33.12593616776127,0.0,23,22,0,0,22,22,68700,1,0,0,1,0
2020-06-22,US,Montana,Liberty,1,0,0,48.56084317,-111.02430700000001,30051.0,42.78990158322636,0.0,1,1,0,0,1,1,2430,0,0,0,0,0
2020-06-22,US,Montana,Lincoln,7,1,0,48.54265777,-115.4046155,30053.0,35.03503503503504,14.285714285714285,6,7,1,0,6,7,19794,0,0,0,0,0
2020-06-22,US,Montana,Madison,8,1,0,45.30080065,-111.9173017,30057.0,93.02325581395347,12.5,7,8,1,0,7,8,8768,0,0,0,0,0
2020-06-22,US,Montana,Meagher,1,0,0,46.59907074,-110.8898557,30059.0,53.705692803437174,0.0,1,1,0,0,1,1,1866,0,0,0,0,0
2020-06-22,US,Montana,Missoula,49,1,0,47.03728583,-113.92135079999998,30063.0,40.96989966555184,2.0408163265306123,48,49,1,0,48,48,118791,0,0,0,0,1
2020-06-22,US,Montana,Musselshell,1,0,0,46.49684637,-108.39498,30065.0,21.58428663932657,0.0,1,1,0,0,1,1,4651,0,0,0,0,0
2020-06-22,US,Montana,Park,9,0,0,45.48965095,-110.52643940000002,30067.0,54.197278092255814,0.0,9,9,0,0,9,9,16736,0,0,0,0,0
2020-06-22,US,Montana,Pondera,2,0,0,48.22773388,-112.22527029999999,30073.0,33.83522246658772,0.0,2,2,0,0,2,2,5972,0,0,0,0,0
2020-06-22,US,Montana,Ravalli,17,0,0,46.08520862,-114.11891640000002,30081.0,38.80746929644341,0.0,17,17,0,0,17,18,43172,0,0,0,0,-1
2020-06-22,US,Montana,Richland,8,0,0,47.78668011,-104.5610786,30083.0,74.05350365639174,0.0,8,8,0,0,8,6,10913,0,0,0,0,2
2020-06-22,US,Montana,Roosevelt,7,0,0,48.29607488,-105.00792679999999,30085.0,63.613231552162844,0.0,7,7,0,0,7,7,11059,0,0,0,0,0
2020-06-22,US,Montana,Rosebud,7,0,0,46.23397237,-106.72928799999998,30087.0,78.32606019917198,0.0,7,7,0,0,7,7,9063,0,0,0,0,0
2020-06-22,US,Montana,Silver Bow,11,0,0,45.90018933,-112.6620092,30093.0,31.505083774881854,0.0,11,11,0,0,11,11,34993,0,0,0,0,0
2020-06-22,US,Montana,Stillwater,4,0,0,45.67071407,-109.3950061,30095.0,41.48516905206389,0.0,4,3,0,0,3,3,9534,1,0,0,1,0
2020-06-22,US,Montana,Toole,31,6,0,48.65577551,-111.69424140000001,30101.0,654.5608108108107,19.354838709677423,25,31,6,0,25,31,4853,0,0,0,0,0
2020-06-22,US,Montana,Valley,1,0,0,48.36435097,-106.6669635,30105.0,13.520822065981612,0.0,1,1,0,0,1,1,7437,0,0,0,0,0
2020-06-22,US,Montana,Wheatland,1,0,0,46.46652491,-109.84646359999999,30107.0,47.036688617121364,0.0,1,1,0,0,1,1,2236,0,0,0,0,0
2020-06-22,US,Montana,Yellowstone,125,4,0,45.93955949,-108.26914860000001,30111.0,77.49535027898327,3.2,121,123,3,0,120,120,160137,2,1,0,1,3
2020-06-22,US,Nebraska,Adams,282,11,0,40.52449420000001,-98.50117804,31001.0,899.1486783789816,3.9007092198581566,271,282,11,0,271,281,31511,0,0,0,0,1
2020-06-22,US,Nebraska,Antelope,8,0,0,42.17695516,-98.06662829999999,31003.0,127.02445220704986,0.0,8,8,0,0,8,8,6336,0,0,0,0,0
2020-06-22,US,Nebraska,Banner,1,0,0,41.54634427,-103.7114332,31007.0,134.2281879194631,0.0,1,1,0,0,1,1,730,0,0,0,0,0
2020-06-22,US,Nebraska,Boone,7,0,0,41.70759415,-98.06737183,31011.0,134.82280431432974,0.0,7,7,0,0,7,7,5239,0,0,0,0,0
2020-06-22,US,Nebraska,Box Butte,3,0,0,42.22079243,-103.08788340000001,31013.0,27.821570991375317,0.0,3,3,0,0,3,3,10772,0,0,0,0,0
2020-06-22,US,Nebraska,Boyd,1,0,0,42.899727399999996,-98.76486568,31015.0,52.11047420531528,0.0,1,1,0,0,1,1,1955,0,0,0,0,0
2020-06-22,US,Nebraska,Buffalo,180,1,0,40.85486962,-99.07500296,31019.0,362.4720594454178,0.5555555555555556,179,179,1,0,178,179,49615,1,0,0,1,0
2020-06-22,US,Nebraska,Burt,11,0,0,41.85056773,-96.32605633,31021.0,170.3050007741136,0.0,11,11,0,0,11,11,6488,0,0,0,0,0
2020-06-22,US,Nebraska,Butler,51,0,0,41.22703692,-97.13106306,31023.0,636.2275449101796,0.0,51,51,0,0,51,51,8058,0,0,0,0,0
2020-06-22,US,Nebraska,Cass,61,0,0,40.90899107,-96.13971217,31025.0,232.39865894544343,0.0,61,61,0,0,61,61,26159,0,0,0,0,0
2020-06-22,US,Nebraska,Cedar,10,0,0,42.598885100000004,-97.25311951,31027.0,119.01928112354203,0.0,10,9,0,0,9,9,8446,1,0,0,1,0
2020-06-22,US,Nebraska,Chase,1,0,0,40.523719799999995,-101.69780259999999,31029.0,25.4841997961264,0.0,1,1,0,0,1,1,3977,0,0,0,0,0
2020-06-22,US,Nebraska,Cherry,1,0,0,42.54502621,-101.1244332,31031.0,17.577781683951486,0.0,1,1,0,0,1,1,5761,0,0,0,0,0
2020-06-22,US,Nebraska,Cheyenne,14,0,0,41.21999357,-102.9941693,31033.0,157.12682379349047,0.0,14,13,0,0,13,13,9310,1,0,0,1,0
2020-06-22,US,Nebraska,Clay,27,0,0,40.52439441,-98.05126296,31035.0,435.2732548766726,0.0,27,27,0,0,27,27,6214,0,0,0,0,0
2020-06-22,US,Nebraska,Colfax,661,4,0,41.57486951,-97.0868542,31037.0,6172.378373330844,0.6051437216338881,657,658,4,0,654,657,10881,3,0,0,3,1
2020-06-22,US,Nebraska,Cuming,34,0,0,41.91637624,-96.78730772,31039.0,384.35451051322633,0.0,34,34,0,0,34,34,8940,0,0,0,0,0
2020-06-22,US,Nebraska,Custer,34,4,0,41.39374521,-99.72805369,31041.0,315.4866846061056,11.764705882352944,30,34,4,0,30,34,10840,0,0,0,0,0
2020-06-22,US,Nebraska,Dakota,1741,29,0,42.39040144,-96.56656425,31043.0,8693.698192349944,1.6657093624353818,1712,1739,29,0,1710,1738,20083,2,0,0,2,1
2020-06-22,US,Nebraska,Dawes,2,0,0,42.71985036,-103.1313774,31045.0,23.285597857725,0.0,2,2,0,0,2,2,8716,0,0,0,0,0
2020-06-22,US,Nebraska,Dawson,850,8,0,40.87028216,-99.82014609999999,31047.0,3602.4581479126928,0.9411764705882352,842,850,8,0,842,849,23709,0,0,0,0,1
2020-06-22,US,Nebraska,Dixon,44,1,0,42.49188363,-96.86782408,31051.0,780.69552874379,2.272727272727273,43,43,1,0,42,40,5709,1,0,0,1,3
2020-06-22,US,Nebraska,Dodge,655,6,0,41.58071748,-96.65598179,31053.0,1791.3305073157392,0.916030534351145,649,654,6,0,648,654,36791,1,0,0,1,0
2020-06-22,US,Nebraska,Douglas,6386,80,0,41.29518299,-96.15085305,31055.0,1117.7486798278394,1.2527403695584092,6306,6299,77,0,6222,6234,566880,87,3,0,84,65
2020-06-22,US,Nebraska,Fillmore,13,1,0,40.52458567,-97.59646937,31059.0,238.00805565726841,7.6923076923076925,12,13,1,0,12,13,5527,0,0,0,0,0
2020-06-22,US,Nebraska,Franklin,6,0,0,40.17636348,-98.95299073,31061.0,201.40986908358508,0.0,6,6,0,0,6,6,3023,0,0,0,0,0
2020-06-22,US,Nebraska,Frontier,1,0,0,40.52993007,-100.3924658,31063.0,38.06623524933384,0.0,1,1,0,0,1,1,2608,0,0,0,0,0
2020-06-22,US,Nebraska,Furnas,9,1,0,40.17642064,-99.91247454,31065.0,192.4721984602224,11.111111111111109,8,9,1,0,8,9,4715,0,0,0,0,0
2020-06-22,US,Nebraska,Gage,47,4,0,40.26186809,-96.68946704,31067.0,218.47255148050016,8.51063829787234,43,47,4,0,43,47,21493,0,0,0,0,0
2020-06-22,US,Nebraska,Garden,4,0,0,41.61703149,-102.3313973,31069.0,217.74632553075668,0.0,4,4,0,0,4,4,1897,0,0,0,0,0
2020-06-22,US,Nebraska,Garfield,1,0,0,41.91428955,-98.99111827,31071.0,50.787201625190455,0.0,1,1,0,0,1,1,1987,0,0,0,0,0
2020-06-22,US,Nebraska,Gosper,13,0,0,40.51481965,-99.83020279,31073.0,653.2663316582915,0.0,13,13,0,0,13,13,1996,0,0,0,0,0
2020-06-22,US,Nebraska,Greeley,3,0,0,41.56742671,-98.52150266,31077.0,127.33446519524618,0.0,3,3,0,0,3,3,2356,0,0,0,0,0
2020-06-22,US,Nebraska,Hall,1574,45,0,40.87257079,-98.50218293,31079.0,2565.4817205352633,2.8589580686149936,1529,1574,45,0,1529,1571,61607,0,0,0,0,3
2020-06-22,US,Nebraska,Hamilton,58,11,0,40.87349452,-98.02099117,31081.0,622.050622050622,18.96551724137931,47,58,11,0,47,57,9280,0,0,0,0,1
2020-06-22,US,Nebraska,Hitchcock,1,0,0,40.17609175,-101.04164770000001,31087.0,36.205648081100655,0.0,1,1,0,0,1,1,2806,0,0,0,0,0
2020-06-22,US,Nebraska,Holt,2,0,0,42.45522056,-98.78402558,31089.0,19.86689182477401,0.0,2,1,0,0,1,1,10178,1,0,0,1,0
2020-06-22,US,Nebraska,Howard,45,4,0,41.2200529,-98.5166499,31093.0,698.2156710628393,8.888888888888891,41,44,4,0,40,44,6468,1,0,0,1,0
2020-06-22,US,Nebraska,Jefferson,9,0,0,40.17584531,-97.142601,31095.0,127.73204655123476,0.0,9,9,0,0,9,9,7097,0,0,0,0,0
2020-06-22,US,Nebraska,Johnson,6,0,0,40.39257596,-96.26522753,31097.0,118.3198580161704,0.0,6,6,0,0,6,6,5134,0,0,0,0,0
2020-06-22,US,Nebraska,Kearney,13,0,0,40.50663314,-98.94877182,31099.0,200.15396458814476,0.0,13,12,0,0,12,12,6544,1,0,0,1,0
2020-06-22,US,Nebraska,Keith,2,0,0,41.19930341,-101.66201640000001,31101.0,24.894199651481205,0.0,2,2,0,0,2,2,8021,0,0,0,0,0
2020-06-22,US,Nebraska,Kimball,8,0,0,41.19774275,-103.7148131,31105.0,220.26431718061676,0.0,8,8,0,0,8,8,3618,0,0,0,0,0
2020-06-22,US,Nebraska,Knox,16,0,0,42.63758421,-97.89178836,31107.0,192.03072491598653,0.0,16,16,0,0,16,16,8419,0,0,0,0,0
2020-06-22,US,Nebraska,Lancaster,1617,10,0,40.78416049,-96.68777155,31109.0,506.7535804945313,0.6184291898577613,1607,1601,10,0,1591,1597,317272,16,0,0,16,4
2020-06-22,US,Nebraska,Lincoln,54,2,0,41.04658298,-100.74753740000001,31111.0,154.66575012888813,3.703703703703704,52,54,2,0,52,54,35185,0,0,0,0,0
2020-06-22,US,Nebraska,Madison,350,4,0,41.91676024,-97.6005481,31119.0,997.1794068207073,1.1428571428571428,346,344,4,0,340,344,35392,6,0,0,6,0
2020-06-22,US,Nebraska,Merrick,37,0,0,41.16624273,-98.0374887,31121.0,477.1115409413282,0.0,37,37,0,0,37,37,7733,0,0,0,0,0
2020-06-22,US,Nebraska,Morrill,14,0,0,41.71711774,-103.0061405,31123.0,301.5941404566997,0.0,14,14,0,0,14,14,4686,0,0,0,0,0
2020-06-22,US,Nebraska,Nance,4,0,0,41.39750195,-97.99327291,31125.0,113.66865586814436,0.0,4,4,0,0,4,4,3532,0,0,0,0,0
2020-06-22,US,Nebraska,Nemaha,5,0,0,40.38514847,-95.85433992,31127.0,71.7154331612163,0.0,5,5,0,0,5,5,6958,0,0,0,0,0
2020-06-22,US,Nebraska,Nuckolls,1,0,0,40.17637905,-98.04743961,31129.0,24.10800385728061,0.0,1,1,0,0,1,1,4195,0,0,0,0,0
2020-06-22,US,Nebraska,Otoe,15,0,0,40.64843556,-96.13374142,31131.0,93.67974019485386,0.0,15,14,0,0,14,13,15985,1,0,0,1,1
2020-06-22,US,Nebraska,Phelps,21,0,0,40.51156033,-99.41461667,31137.0,232.45516936019482,0.0,21,21,0,0,21,21,8996,0,0,0,0,0
2020-06-22,US,Nebraska,Pierce,6,0,0,42.26434853,-97.60122773,31139.0,83.93956351426971,0.0,6,6,0,0,6,6,7142,0,0,0,0,0
2020-06-22,US,Nebraska,Platte,652,3,0,41.57246836,-97.52144359,31141.0,1948.013146100986,0.4601226993865031,649,652,2,0,650,652,33363,0,1,0,-1,0
2020-06-22,US,Nebraska,Polk,12,0,0,41.18813488,-97.56630712,31143.0,230.19374640322275,0.0,12,12,0,0,12,12,5278,0,0,0,0,0
2020-06-22,US,Nebraska,Red Willow,6,0,0,40.17556879999999,-100.476998,31145.0,55.949272659455424,0.0,6,6,0,0,6,6,10726,0,0,0,0,0
2020-06-22,US,Nebraska,Richardson,5,1,0,40.1247415,-95.71755036,31147.0,63.57279084551812,20.0,4,5,1,0,4,5,7937,0,0,0,0,0
2020-06-22,US,Nebraska,Saline,530,2,0,40.52418865,-97.14085859,31151.0,3726.096737907761,0.37735849056603776,528,525,2,0,523,525,14350,5,0,0,5,0
2020-06-22,US,Nebraska,Sarpy,1038,8,0,41.11314181,-96.11156432,31153.0,554.4990277570033,0.7707129094412332,1030,1018,8,0,1010,998,184459,20,0,0,20,20
2020-06-22,US,Nebraska,Saunders,63,2,0,41.227810299999994,-96.63773905,31155.0,291.96403744554635,3.1746031746031744,61,63,2,0,61,61,21303,0,0,0,0,2
2020-06-22,US,Nebraska,Scotts Bluff,193,3,0,41.85070896,-103.70809859999999,31157.0,541.8608568701219,1.5544041450777202,190,190,2,0,188,188,35989,3,1,0,2,2
2020-06-22,US,Nebraska,Seward,32,1,0,40.87241834,-97.139673,31159.0,185.1423281647767,3.125,31,32,1,0,31,32,17318,0,0,0,0,0
2020-06-22,US,Nebraska,Sherman,5,0,0,41.22045983,-98.97588642,31163.0,166.61112962345885,0.0,5,5,0,0,5,5,3038,0,0,0,0,0
2020-06-22,US,Nebraska,Sioux,1,0,0,42.48932059,-103.7576544,31165.0,85.76329331046313,0.0,1,1,0,0,1,1,1187,0,0,0,0,0
2020-06-22,US,Nebraska,Stanton,21,0,0,41.9169835,-97.19394708,31167.0,354.72972972972974,0.0,21,21,0,0,21,21,5970,0,0,0,0,0
2020-06-22,US,Nebraska,Thayer,1,0,0,40.17626377,-97.59504381,31169.0,19.98800719568259,0.0,1,1,0,0,1,1,5039,0,0,0,0,0
2020-06-22,US,Nebraska,Thomas,1,0,0,41.91358968,-100.5556632,31171.0,138.50415512465375,0.0,1,1,0,0,1,1,720,0,0,0,0,0
2020-06-22,US,Nebraska,Thurston,72,1,0,42.15725356,-96.54157099,31173.0,996.6777408637872,1.3888888888888888,71,72,1,0,71,72,7303,0,0,0,0,0
2020-06-22,US,Nebraska,Unassigned,187,1,0,0.0,0.0,90031.0,0.0,0.5347593582887701,186,187,1,0,186,187,,0,0,0,0,0
2020-06-22,US,Nebraska,Valley,7,0,0,41.56730777,-98.98197724,31175.0,168.3501683501684,0.0,7,7,0,0,7,7,4190,0,0,0,0,0
2020-06-22,US,Nebraska,Washington,45,1,0,41.52815707,-96.22019892,31177.0,217.0871725601814,2.2222222222222223,44,45,1,0,44,45,20667,0,0,0,0,0
2020-06-22,US,Nebraska,Wayne,26,0,0,42.20934475,-97.11926964,31179.0,277.0378263185935,0.0,26,26,0,0,26,26,9403,0,0,0,0,0
2020-06-22,US,Nebraska,Webster,6,0,0,40.17642643,-98.50019851,31181.0,172.0676799541153,0.0,6,6,0,0,6,6,3533,0,0,0,0,0
2020-06-22,US,Nebraska,York,40,0,0,40.87272618,-97.59710186,31185.0,292.41903647927484,0.0,40,40,0,0,40,40,13772,0,0,0,0,0
2020-06-22,US,Nevada,Carson City,128,5,0,39.15509045,-119.7480219,32510.0,228.91480077258743,3.90625,123,128,5,0,123,127,55414,0,0,0,0,1
2020-06-22,US,Nevada,Churchill,10,1,0,39.58105744,-118.3394607,32001.0,40.14613192018949,10.0,9,10,1,0,9,10,24440,0,0,0,0,0
2020-06-22,US,Nevada,Clark,10774,400,0,36.21458855,-115.0130241,32003.0,475.3133940526268,3.7126415444588825,10374,10486,398,0,10088,10259,2231647,288,2,0,286,227
2020-06-22,US,Nevada,Douglas,52,0,0,38.912862,-119.61713329999999,32005.0,106.32859625805132,0.0,52,52,0,0,52,49,48467,0,0,0,0,3
2020-06-22,US,Nevada,Elko,60,1,0,41.14531606,-115.3577619,32007.0,113.68373185797114,1.6666666666666667,59,60,1,0,59,58,52460,0,0,0,0,2
2020-06-22,US,Nevada,Humboldt,79,4,0,41.40692186,-118.11094270000001,32013.0,469.3719921573288,5.063291139240507,75,79,4,0,75,79,16786,0,0,0,0,0
2020-06-22,US,Nevada,Lander,24,0,0,39.933223299999995,-117.03970749999999,32015.0,433.8394793926248,0.0,24,24,0,0,24,26,5575,0,0,0,0,-2
2020-06-22,US,Nevada,Lincoln,2,0,0,37.64268459,-114.8790388,32017.0,38.58769052672198,0.0,2,2,0,0,2,2,5201,0,0,0,0,0
2020-06-22,US,Nevada,Lyon,99,2,0,39.01777974,-119.18704790000001,32019.0,172.1439749608764,2.0202020202020203,97,99,2,0,97,98,55808,0,0,0,0,1
2020-06-22,US,Nevada,Mineral,4,0,0,38.53841696,-118.4344506,32021.0,88.79023307436182,0.0,4,4,0,0,4,4,4514,0,0,0,0,0
2020-06-22,US,Nevada,Nye,78,3,0,38.04264256,-116.47227020000001,32023.0,167.65900737269737,3.8461538461538463,75,78,3,0,75,76,45346,0,0,0,0,2
2020-06-22,US,Nevada,Pershing,5,0,0,40.44003782,-118.40056409999998,32027.0,74.34944237918216,0.0,5,5,0,0,5,5,6666,0,0,0,0,0
2020-06-22,US,Nevada,Storey,1,0,0,39.44875482,-119.5250207,32029.0,24.254183846713556,0.0,1,1,0,0,1,1,4029,0,0,0,0,0
2020-06-22,US,Nevada,Washoe,2209,73,0,40.66562265,-119.6631594,32031.0,468.485893463466,3.3046627433227704,2136,2209,73,0,2136,2179,465735,0,0,0,0,30
2020-06-22,US,Nevada,White Pine,3,0,0,39.44157041,-114.89996599999999,32033.0,31.315240083507305,0.0,3,3,0,0,3,3,9475,0,0,0,0,0
2020-06-22,US,New Hampshire,Belknap,78,1,0,43.51637314,-71.41684235,33001.0,127.23683995889273,1.2820512820512822,77,78,1,0,77,78,61022,0,0,0,0,0
2020-06-22,US,New Hampshire,Carroll,52,0,0,43.87498583,-71.20430216,33003.0,106.31772643631159,0.0,52,52,0,0,52,51,48779,0,0,0,0,1
2020-06-22,US,New Hampshire,Cheshire,64,2,0,42.92015988,-72.25311043,33005.0,84.11644870868108,3.125,62,64,2,0,62,64,76493,0,0,0,0,0
2020-06-22,US,New Hampshire,Coos,6,0,0,44.69063265,-71.30633239,33007.0,19.0095998479232,0.0,6,6,0,0,6,6,31589,0,0,0,0,0
2020-06-22,US,New Hampshire,Grafton,76,1,0,43.93779815,-71.82057197,33009.0,84.55154306566095,1.3157894736842106,75,76,1,0,75,76,89786,0,0,0,0,0
2020-06-22,US,New Hampshire,Hillsborough,3134,220,0,42.91537785,-71.7200253,33011.0,751.5136982195313,7.019783024888322,2914,3126,220,0,2906,3110,415247,8,0,0,8,16
2020-06-22,US,New Hampshire,Merrimack,397,18,0,43.29662971,-71.6811573,33013.0,262.2348752567854,4.534005037783375,379,396,18,0,378,396,151132,1,0,0,1,0
2020-06-22,US,New Hampshire,Rockingham,1439,83,0,42.98499744,-71.12883377,33015.0,464.5397053933737,5.767894371091035,1356,1436,83,0,1353,1429,309176,3,0,0,3,7
2020-06-22,US,New Hampshire,Strafford,285,13,0,43.291833000000004,-71.02336013,33017.0,218.16845666868252,4.56140350877193,272,284,13,0,271,283,130090,1,0,0,1,1
2020-06-22,US,New Hampshire,Sullivan,24,1,0,43.36094111,-72.22203125,33019.0,55.62508691419831,4.166666666666667,23,24,1,0,23,24,43144,0,0,0,0,0
2020-06-22,US,New Hampshire,Unassigned,3,0,0,0.0,0.0,90033.0,0.0,0.0,3,2,0,0,2,1,,1,0,0,1,1
2020-06-22,US,New Jersey,Atlantic,2722,188,0,39.47538693,-74.65848483,34001.0,1032.3510448666893,6.906686260102866,2534,2702,188,0,2514,2638,265429,20,0,0,20,64
2020-06-22,US,New Jersey,Bergen,19037,1701,0,40.96010917,-74.07164325,34003.0,2042.153953756804,8.93523139150076,17336,19010,1696,0,17314,18996,936692,27,5,0,22,14
2020-06-22,US,New Jersey,Burlington,5046,372,0,39.87681124,-74.66927768,34005.0,1133.043972255467,7.3721759809750305,4674,5023,371,0,4652,4994,445384,23,1,0,22,29
2020-06-22,US,New Jersey,Camden,7153,417,0,39.80343818,-74.96388753,34007.0,1412.3217321426102,5.829721795051028,6736,7135,416,0,6719,7117,507078,18,1,0,17,18
2020-06-22,US,New Jersey,Cape May,692,62,0,39.15008829,-74.80170244,34009.0,751.8551918208584,8.959537572254336,630,688,62,0,626,705,92560,4,0,0,4,-17
2020-06-22,US,New Jersey,Cumberland,2876,124,0,39.37199394,-75.10712559,34011.0,1923.3984497783008,4.3115438108484,2752,2847,124,0,2723,2792,150972,29,0,0,29,55
2020-06-22,US,New Jersey,Essex,18578,1761,0,40.78681335,-74.24657979,34013.0,2325.229199912388,9.47895360103348,16817,18551,1760,0,16791,18531,799767,27,1,0,26,20
2020-06-22,US,New Jersey,Gloucester,2471,171,0,39.71581067,-75.13995546,34015.0,847.2890863953696,6.920275192229867,2300,2467,171,0,2296,2457,291408,4,0,0,4,10
2020-06-22,US,New Jersey,Hudson,19316,1308,0,40.73766234,-74.07515667,34017.0,2872.733275727962,6.7715883205632625,18008,19280,1294,0,17986,19280,676061,36,14,0,22,0
2020-06-22,US,New Jersey,Hunterdon,1060,67,0,40.56335249,-74.91284156,34019.0,852.2887168230536,6.320754716981133,993,1054,67,0,987,1053,124714,6,0,0,6,1
2020-06-22,US,New Jersey,Mercer,7549,524,0,40.28047017,-74.70479631,34021.0,2054.5410010069945,6.941316730692807,7025,7541,524,0,7017,7489,369811,8,0,0,8,52
2020-06-22,US,New Jersey,Middlesex,16618,1101,0,40.43629879,-74.41426991,34023.0,2014.1516637537545,6.625346010350222,15517,16605,1101,0,15504,16592,829685,13,0,0,13,13
2020-06-22,US,New Jersey,Monmouth,8965,696,0,40.26549699,-74.22240686,34025.0,1448.7835228145025,7.763524818739543,8269,8942,695,0,8247,8925,621354,23,1,0,22,17
2020-06-22,US,New Jersey,Morris,6718,643,0,40.86095313,-74.54553709999998,34027.0,1365.8774613953585,9.571300982435249,6075,6699,641,0,6058,6689,494228,19,2,0,17,10
2020-06-22,US,New Jersey,Ocean,9440,850,0,39.8895449,-74.28089251,34029.0,1554.7130533312688,9.004237288135592,8590,9425,847,0,8578,9413,601651,15,3,0,12,12
2020-06-22,US,New Jersey,Passaic,16772,1015,0,41.03238628,-74.29954144,34031.0,3342.194306393053,6.0517529215358925,15757,16769,1014,0,15755,16735,503310,3,1,0,2,34
2020-06-22,US,New Jersey,Salem,752,65,0,39.58719656,-75.34696629999998,34033.0,1205.417969063076,8.643617021276594,687,750,64,0,686,748,62607,2,1,0,1,2
2020-06-22,US,New Jersey,Somerset,4819,440,0,40.56465737,-74.61683016,34035.0,1465.0355390443067,9.1305250051878,4379,4813,438,0,4375,4806,331164,6,2,0,4,7
2020-06-22,US,New Jersey,Sussex,1220,189,0,41.13891592,-74.69118243,34037.0,868.4015716644838,15.491803278688526,1031,1220,189,0,1031,1216,140799,0,0,0,0,4
2020-06-22,US,New Jersey,Unassigned,53,0,0,0.0,0.0,90034.0,0.0,0.0,53,83,0,0,83,149,,-30,0,0,-30,-66
2020-06-22,US,New Jersey,Union,16340,1138,0,40.65835409,-74.30680092,34039.0,2937.047602100151,6.964504283965727,15202,16322,1135,0,15187,16298,558067,18,3,0,15,24
2020-06-22,US,New Jersey,Warren,1218,142,0,40.85951833,-74.99556527,34041.0,1157.0577673914904,11.658456486042693,1076,1216,142,0,1074,1211,105779,2,0,0,2,5
2020-06-22,US,New Mexico,Bernalillo,1828,82,0,35.05163625,-106.6703554,35001.0,269.1714731248187,4.485776805251642,1746,1805,82,0,1723,1792,678701,23,0,0,23,13
2020-06-22,US,New Mexico,Catron,2,1,0,33.91514144,-108.4046587,35003.0,56.70541536716757,50.0,1,2,1,0,1,2,3578,0,0,0,0,0
2020-06-22,US,New Mexico,Chaves,66,2,0,33.36406072,-104.4665365,35005.0,102.14346513967344,3.0303030303030303,64,64,2,0,62,64,64689,2,0,0,2,0
2020-06-22,US,New Mexico,Cibola,197,11,0,34.91131525,-107.998876,35006.0,738.5192127460167,5.583756345177664,186,196,11,0,185,194,26746,1,0,0,1,2
2020-06-22,US,New Mexico,Colfax,9,0,0,36.60569702,-104.64726740000002,35007.0,75.37057197889624,0.0,9,9,0,0,9,9,12110,0,0,0,0,0
2020-06-22,US,New Mexico,Curry,111,0,0,34.57421077,-103.34688759999999,35009.0,226.7434734648854,0.0,111,110,0,0,110,108,49437,1,0,0,1,2
2020-06-22,US,New Mexico,Dona Ana,734,6,0,32.35275771,-106.83293870000001,35013.0,336.3963427209606,0.8174386920980926,728,718,6,0,712,700,217522,16,0,0,16,18
2020-06-22,US,New Mexico,Eddy,56,1,0,32.47167456,-104.3053527,35015.0,95.79199452617172,1.7857142857142858,55,53,1,0,52,51,57900,3,0,0,3,2
2020-06-22,US,New Mexico,Grant,17,0,0,32.73911281,-108.3827845,35017.0,62.96762723164679,0.0,17,17,0,0,17,16,27346,0,0,0,0,1
2020-06-22,US,New Mexico,Guadalupe,20,0,0,34.86319296,-104.790669,35019.0,465.11627906976736,0.0,20,20,0,0,20,20,4341,0,0,0,0,0
2020-06-22,US,New Mexico,Harding,1,0,0,35.85751555,-103.82209379999999,35021.0,160.0,0.0,1,1,0,0,1,1,655,0,0,0,0,0
2020-06-22,US,New Mexico,Hidalgo,39,0,0,31.91383467,-108.7151824,35023.0,929.0138161029062,0.0,39,28,0,0,28,26,4240,11,0,0,11,2
2020-06-22,US,New Mexico,Lea,75,0,0,32.79215361,-103.4123733,35025.0,105.52975939214859,0.0,75,67,0,0,67,66,69611,8,0,0,8,1
2020-06-22,US,New Mexico,Lincoln,7,0,0,33.74526079,-105.4586166,35027.0,35.765379113018604,0.0,7,7,0,0,7,7,19556,0,0,0,0,0
2020-06-22,US,New Mexico,Los Alamos,7,0,0,35.86631386,-106.31349850000001,35028.0,36.14022406938923,0.0,7,7,0,0,7,7,19101,0,0,0,0,0
2020-06-22,US,New Mexico,Luna,55,2,0,32.18179341,-107.75088259999998,35029.0,231.97941709899197,3.636363636363636,53,54,2,0,52,49,23963,1,0,0,1,5
2020-06-22,US,New Mexico,McKinley,3105,161,0,35.58007720000001,-108.262245,35031.0,4350.750346798941,5.185185185185184,2944,3073,161,0,2912,3041,72290,32,0,0,32,32
2020-06-22,US,New Mexico,Otero,32,6,0,32.61348406,-105.7417604,35035.0,47.414431767669285,18.75,26,31,6,0,25,32,66781,1,0,0,1,-1
2020-06-22,US,New Mexico,Quay,5,1,0,35.10403332,-103.54817270000001,35037.0,60.5840300496789,20.0,4,5,1,0,4,5,8253,0,0,0,0,0
2020-06-22,US,New Mexico,Rio Arriba,79,1,0,36.51072137,-106.69316740000001,35039.0,202.97525757303256,1.2658227848101269,78,79,1,0,78,79,39006,0,0,0,0,0
2020-06-22,US,New Mexico,Roosevelt,54,1,0,34.02097406,-103.4799493,35041.0,291.8918918918919,1.851851851851852,53,53,1,0,52,53,18743,1,0,0,1,0
2020-06-22,US,New Mexico,San Juan,2194,155,0,36.50838318,-108.32043700000001,35045.0,1769.9543393730137,7.064721969006381,2039,2183,155,0,2028,2173,125043,11,0,0,11,10
2020-06-22,US,New Mexico,San Miguel,18,0,0,35.48014807,-104.8163562,35047.0,65.98966161967958,0.0,18,18,0,0,18,18,27591,0,0,0,0,0
2020-06-22,US,New Mexico,Sandoval,681,28,0,35.68862401,-106.86878030000001,35043.0,464.06083898928773,4.1116005873715125,653,675,28,0,647,672,145179,6,0,0,6,3
2020-06-22,US,New Mexico,Santa Fe,201,3,0,35.50708973,-105.9774716,35049.0,133.68094813711278,1.492537313432836,198,196,3,0,193,193,150056,5,0,0,5,3
2020-06-22,US,New Mexico,Sierra,7,0,0,33.13028233,-107.1925893,35051.0,64.86887220832175,0.0,7,5,0,0,5,5,10968,2,0,0,2,0
2020-06-22,US,New Mexico,Socorro,58,5,0,34.00715494,-106.9298354,35053.0,348.62054456933333,8.620689655172415,53,56,5,0,51,55,16735,2,0,0,2,1
2020-06-22,US,New Mexico,Taos,35,0,0,36.58006022,-105.63101979999999,35055.0,106.95840845888212,0.0,35,33,0,0,33,33,32835,2,0,0,2,0
2020-06-22,US,New Mexico,Torrance,36,1,0,34.64048375,-105.8508949,35057.0,232.84392988810555,2.7777777777777777,35,36,1,0,35,36,15591,0,0,0,0,0
2020-06-22,US,New Mexico,Unassigned,863,0,0,0.0,0.0,90035.0,0.0,0.0,863,863,0,0,863,822,,0,0,0,0,41
2020-06-22,US,New Mexico,Union,5,0,0,36.48126404,-103.4709624,35059.0,123.1830500123183,0.0,5,5,0,0,5,5,4118,0,0,0,0,0
2020-06-22,US,New Mexico,Valencia,97,2,0,34.71669834,-106.8103733,35061.0,126.48654287502607,2.061855670103093,95,96,2,0,94,96,76456,1,0,0,1,0
2020-06-22,US,New York,Albany,2060,120,0,42.60060306,-73.97723916,36001.0,674.2911759507177,5.825242718446603,1940,2054,120,0,1934,2053,307117,6,0,0,6,1
2020-06-22,US,New York,Allegany,58,0,0,42.25748406,-78.02750466,36003.0,125.83801609858757,0.0,58,58,0,0,58,58,46430,0,0,0,0,0
2020-06-22,US,New York,Broome,670,56,0,42.15903158,-75.81326086,36007.0,351.72819285204315,8.35820895522388,614,668,52,0,616,665,191659,2,4,0,-2,3
2020-06-22,US,New York,Cattaraugus,115,6,0,42.24778241,-78.67923096,36009.0,151.08320086183113,5.217391304347826,109,115,5,0,110,113,76840,0,1,0,-1,2
2020-06-22,US,New York,Cayuga,108,2,0,42.91261714,-76.55731592,36011.0,141.03635603844546,1.851851851851852,106,108,2,0,106,108,77145,0,0,0,0,0
2020-06-22,US,New York,Chautauqua,116,4,0,42.22769210000001,-79.36691763,36013.0,91.40839854061764,3.4482758620689653,112,116,4,0,112,115,127939,0,0,0,0,1
2020-06-22,US,New York,Chemung,139,2,0,42.13891056,-76.7638805,36015.0,166.55483128834356,1.4388489208633093,137,139,2,0,137,139,84254,0,0,0,0,0
2020-06-22,US,New York,Chenango,140,5,0,42.49430041,-75.60887553,36017.0,296.5661872179973,3.571428571428572,135,139,5,0,134,139,47536,1,0,0,1,0
2020-06-22,US,New York,Clinton,100,4,0,44.74530905,-73.67875352,36019.0,124.24675405355036,4.0,96,100,4,0,96,100,80695,0,0,0,0,0
2020-06-22,US,New York,Columbia,452,37,0,42.24819348,-73.63089095,36021.0,760.1621230722659,8.185840707964601,415,451,37,0,414,451,59916,1,0,0,1,0
2020-06-22,US,New York,Cortland,44,0,0,42.59509207,-76.07048931,36023.0,92.47388663542169,0.0,44,44,0,0,44,44,47823,0,0,0,0,0
2020-06-22,US,New York,Delaware,90,4,0,42.19837623,-74.96709306,36025.0,203.91979154865749,4.4444444444444455,86,90,4,0,86,90,44527,0,0,0,0,0
2020-06-22,US,New York,Dutchess,4145,151,0,41.76486060000001,-73.74356679,36027.0,1408.8193108511373,3.642943305186973,3994,4138,151,0,3987,4127,293718,7,0,0,7,11
2020-06-22,US,New York,Erie,7035,623,0,42.76249024,-78.73063652,36029.0,765.7542924691576,8.855721393034823,6412,7004,623,0,6381,6980,919719,31,0,0,31,24
2020-06-22,US,New York,Essex,41,0,0,44.11630765,-73.77297842,36031.0,111.15629659753289,0.0,41,41,0,0,41,41,37300,0,0,0,0,0
2020-06-22,US,New York,Franklin,27,0,0,44.59040891,-74.29926032,36033.0,53.976250449802095,0.0,27,27,0,0,27,27,50293,0,0,0,0,0
2020-06-22,US,New York,Fulton,244,24,0,43.11363907,-74.41798804,36035.0,457.0743495120169,9.836065573770492,220,243,24,0,219,243,53591,1,0,0,1,0
2020-06-22,US,New York,Genesee,225,5,0,43.0022601,-78.19135193,36037.0,392.8072625698324,2.2222222222222223,220,222,5,0,217,222,57511,3,0,0,3,0
2020-06-22,US,New York,Greene,256,18,0,42.275797,-74.12384884,36039.0,542.5108078324998,7.03125,238,256,18,0,238,255,47491,0,0,0,0,1
2020-06-22,US,New York,Hamilton,6,0,0,43.66146647,-74.49721957,36041.0,135.8695652173913,0.0,6,6,0,0,6,6,4434,0,0,0,0,0
2020-06-22,US,New York,Herkimer,137,3,0,43.42034246,-74.96145307,36043.0,223.42177791549113,2.18978102189781,134,136,3,0,133,134,61833,1,0,0,1,2
2020-06-22,US,New York,Jefferson,84,0,0,44.04200959,-75.94653457,36045.0,76.47905020303368,0.0,84,84,0,0,84,83,111755,0,0,0,0,1
2020-06-22,US,New York,Lewis,23,0,0,43.784415700000004,-75.44903992,36049.0,87.46577426224519,0.0,23,23,0,0,23,22,26447,0,0,0,0,1
2020-06-22,US,New York,Livingston,124,8,0,42.72596275,-77.77966158,36051.0,197.09444638713163,6.451612903225807,116,123,8,0,115,123,63227,1,0,0,1,0
2020-06-22,US,New York,Madison,347,17,0,42.91653905,-75.67266639,36053.0,489.13886187113235,4.899135446685879,330,345,17,0,328,343,70795,2,0,0,2,2
2020-06-22,US,New York,Monroe,3512,259,0,43.14638895,-77.69322942,36055.0,473.4621243781765,7.374715261958997,3253,3498,259,0,3239,3487,742474,14,0,0,14,11
2020-06-22,US,New York,Montgomery,108,4,0,42.90123494,-74.44011632,36057.0,219.41854086670327,3.703703703703704,104,106,4,0,102,106,49455,2,0,0,2,0
2020-06-22,US,New York,Nassau,41513,2178,0,40.74066522,-73.58941873,36059.0,3059.3459913746087,5.2465492737214845,39335,41479,2178,0,39301,41443,1358343,34,0,0,34,36
2020-06-22,US,New York,New York City,212741,22321,0,40.76727260000001,-73.97152637,36061.0,2551.825234978769,10.492100723414856,190420,212446,22278,0,190168,212061,1628701,295,43,0,252,385
2020-06-22,US,New York,Niagara,1193,87,0,43.19898042,-78.74777412,36063.0,570.0469703413113,7.292539815590946,1106,1192,87,0,1105,1188,210433,1,0,0,1,4
2020-06-22,US,New York,Oneida,1416,77,0,43.24375382,-75.43710392,36065.0,619.230247823292,5.437853107344632,1339,1393,77,0,1316,1378,229577,23,0,0,23,15
2020-06-22,US,New York,Onondaga,2675,178,0,43.00491923,-76.19971155,36067.0,580.8550185873606,6.654205607476635,2497,2666,178,0,2488,2644,461809,9,0,0,9,22
2020-06-22,US,New York,Ontario,242,9,0,42.85145728,-77.30874425,36069.0,220.44690600034613,3.71900826446281,233,240,9,0,231,239,109864,2,0,0,2,1
2020-06-22,US,New York,Orange,10654,473,0,41.40337468,-74.30240757,36071.0,2767.7040577752373,4.439647080908579,10181,10648,473,0,10175,10638,381951,6,0,0,6,10
2020-06-22,US,New York,Orleans,276,51,0,43.2516977,-78.2320066,36073.0,683.9809674861223,18.47826086956522,225,276,50,0,226,275,40612,0,1,0,-1,1
2020-06-22,US,New York,Oswego,173,3,0,43.42778894,-76.14635194,36075.0,147.70670400601068,1.7341040462427746,170,173,3,0,170,169,117898,0,0,0,0,4
2020-06-22,US,New York,Otsego,83,5,0,42.63492579,-75.03151402,36077.0,139.5122115206831,6.024096385542169,78,82,5,0,77,82,59749,1,0,0,1,0
2020-06-22,US,New York,Putnam,1305,62,0,41.42630093,-73.74965532,36079.0,1327.2986167615948,4.7509578544061295,1243,1301,62,0,1239,1301,98892,4,0,0,4,0
2020-06-22,US,New York,Rensselaer,528,28,0,42.71348136,-73.51089874,36083.0,332.67386619957915,5.303030303030303,500,524,28,0,496,521,159442,4,0,0,4,3
2020-06-22,US,New York,Rockland,13514,667,0,41.15027894,-74.02560498,36087.0,4148.083575565779,4.935622317596566,12847,13504,667,0,12837,13495,325695,10,0,0,10,9
2020-06-22,US,New York,Saratoga,535,14,0,43.10904162,-73.86653895,36091.0,232.7473321065156,2.616822429906542,521,533,14,0,519,531,230163,2,0,0,2,2
2020-06-22,US,New York,Schenectady,761,36,0,42.81668777,-74.05278291,36093.0,490.02247277831793,4.730617608409987,725,754,36,0,718,749,155350,7,0,0,7,5
2020-06-22,US,New York,Schoharie,57,0,0,42.58831742,-74.44339029999998,36095.0,183.87689925481467,0.0,57,57,0,0,57,56,31097,0,0,0,0,1
2020-06-22,US,New York,Schuyler,12,0,0,42.39184015,-76.8773299,36097.0,67.38922895490539,0.0,12,12,0,0,12,12,17912,0,0,0,0,0
2020-06-22,US,New York,Seneca,64,0,0,42.78081007,-76.82497064,36099.0,188.14675446848545,0.0,64,64,0,0,64,64,34300,0,0,0,0,0
2020-06-22,US,New York,St. Lawrence,217,2,0,44.4976179,-75.06550039,36089.0,201.4108037868944,0.9216589861751152,215,216,2,0,214,216,108047,1,0,0,1,0
2020-06-22,US,New York,Steuben,263,41,0,42.2689144,-77.3829924,36101.0,275.7420396523344,15.5893536121673,222,261,41,0,220,261,95796,2,0,0,2,0
2020-06-22,US,New York,Suffolk,41010,1965,0,40.88320119,-72.8012172,36103.0,2777.324409234451,4.79151426481346,39045,40972,1964,0,39008,40908,1481093,38,1,0,37,64
2020-06-22,US,New York,Sullivan,1438,45,0,41.71579493,-74.76394559,36105.0,1906.352741542051,3.129346314325452,1393,1437,45,0,1392,1435,75498,1,0,0,1,2
2020-06-22,US,New York,Tioga,140,24,0,42.16852837,-76.30835812,36107.0,290.438354459266,17.142857142857142,116,140,24,0,116,140,48560,0,0,0,0,0
2020-06-22,US,New York,Tompkins,175,0,0,42.44945765,-76.47229843,36109.0,171.26639264043845,0.0,175,175,0,0,175,174,102793,0,0,0,0,1
2020-06-22,US,New York,Ulster,1756,85,0,41.89027881,-74.26252104,36111.0,988.8890766051145,4.840546697038723,1671,1754,85,0,1669,1750,178599,2,0,0,2,4
2020-06-22,US,New York,Warren,262,30,0,43.56173026,-73.8433699,36113.0,409.7335168272238,11.450381679389313,232,261,30,0,231,261,64265,1,0,0,1,0
2020-06-22,US,New York,Washington,244,14,0,43.31153794,-73.43043448,36115.0,398.6667538069408,5.737704918032787,230,244,14,0,230,244,61197,0,0,0,0,0
2020-06-22,US,New York,Wayne,143,3,0,43.15494365,-77.02976528,36117.0,159.03378633866413,2.097902097902098,140,143,3,0,140,143,90064,0,0,0,0,0
2020-06-22,US,New York,Westchester,34557,1415,0,41.16278376,-73.75741653,36119.0,3571.76079528189,4.094684145035738,33142,34521,1414,0,33107,34486,967612,36,1,0,35,35
2020-06-22,US,New York,Wyoming,93,5,0,42.70145109,-78.22199579,36121.0,233.32246167741292,5.376344086021504,88,93,5,0,88,93,40085,0,0,0,0,0
2020-06-22,US,New York,Yates,42,6,0,42.63505484,-77.10369919,36123.0,168.58668165214948,14.285714285714285,36,41,6,0,35,41,24841,1,0,0,1,0
2020-06-22,US,North Carolina,Alamance,951,36,0,36.0434701,-79.39976137,37001.0,561.032157584553,3.785488958990536,915,939,35,0,904,919,166436,12,1,0,11,20
2020-06-22,US,North Carolina,Alexander,66,0,0,35.922379600000006,-81.17751948,37003.0,176.01408112649008,0.0,66,65,0,0,65,60,37353,1,0,0,1,5
2020-06-22,US,North Carolina,Alleghany,30,0,0,36.49360862,-81.12857041,37005.0,269.37236239561815,0.0,30,30,0,0,30,30,11161,0,0,0,0,0
2020-06-22,US,North Carolina,Anson,106,2,0,34.97403241,-80.09953279,37007.0,433.6087703509777,1.8867924528301887,104,102,1,0,101,96,24877,4,1,0,3,6
2020-06-22,US,North Carolina,Ashe,47,1,0,36.43296207,-81.49862729,37009.0,172.7750615740911,2.127659574468085,46,47,1,0,46,47,27109,0,0,0,0,0
2020-06-22,US,North Carolina,Avery,8,0,0,36.07569796,-81.92308483,37011.0,45.565871162499285,0.0,8,8,0,0,8,7,17505,0,0,0,0,1
2020-06-22,US,North Carolina,Beaufort,59,0,0,35.48531943,-76.84325809,37013.0,125.54794229050518,0.0,59,57,0,0,57,55,47079,2,0,0,2,2
2020-06-22,US,North Carolina,Bertie,136,4,0,36.0688473,-76.96545943,37015.0,717.7917348392887,2.9411764705882355,132,136,4,0,132,136,19026,0,0,0,0,0
2020-06-22,US,North Carolina,Bladen,310,2,0,34.61296243,-78.56180059,37017.0,947.374854837724,0.6451612903225806,308,307,2,0,305,262,33190,3,0,0,3,45
2020-06-22,US,North Carolina,Brunswick,356,3,0,34.070565,-78.22814204,37019.0,249.2648088503011,0.8426966292134831,353,345,3,0,342,328,136744,11,0,0,11,17
2020-06-22,US,North Carolina,Buncombe,504,37,0,35.61113393,-82.53305,37021.0,192.96223836196498,7.341269841269841,467,501,35,0,466,494,259103,3,2,0,1,7
2020-06-22,US,North Carolina,Burke,912,19,0,35.74989637,-81.70755735,37023.0,1007.9018621871028,2.083333333333333,893,911,18,0,893,895,90382,1,1,0,0,16
2020-06-22,US,North Carolina,Cabarrus,888,30,0,35.3877799,-80.55267168,37025.0,410.2507241756871,3.3783783783783785,858,869,25,0,844,835,211342,19,5,0,14,34
2020-06-22,US,North Carolina,Caldwell,315,4,0,35.95204977,-81.54799522,37027.0,383.3142690257732,1.2698412698412698,311,314,4,0,310,304,82029,1,0,0,1,10
2020-06-22,US,North Carolina,Camden,19,0,0,36.33804939,-76.15568396,37029.0,174.84126253795898,0.0,19,19,0,0,19,16,10710,0,0,0,0,3
2020-06-22,US,North Carolina,Carteret,61,3,0,34.8932941,-76.54120135,37031.0,87.80389503836021,4.918032786885246,58,53,3,0,50,52,69524,8,0,0,8,1
2020-06-22,US,North Carolina,Caswell,116,1,0,36.39312665,-79.33353281,37033.0,513.183507343833,0.8620689655172413,115,116,1,0,115,113,22698,0,0,0,0,3
2020-06-22,US,North Carolina,Catawba,600,13,0,35.66211129,-81.2132617,37035.0,376.0553052002181,2.1666666666666665,587,552,10,0,542,538,158652,48,3,0,45,14
2020-06-22,US,North Carolina,Chatham,882,39,0,35.70394416,-79.25541492,37037.0,1184.3695447831344,4.421768707482993,843,882,39,0,843,860,73139,0,0,0,0,22
2020-06-22,US,North Carolina,Cherokee,34,1,0,35.1349263,-84.05970864,37039.0,118.83125961135187,2.9411764705882355,33,32,1,0,31,32,28383,2,0,0,2,0
2020-06-22,US,North Carolina,Chowan,19,0,0,36.12908077,-76.60118385,37041.0,136.26909560352863,0.0,19,19,0,0,19,19,14029,0,0,0,0,0
2020-06-22,US,North Carolina,Clay,12,0,0,35.05704275,-83.74353633,37043.0,106.84711957973468,0.0,12,9,0,0,9,9,11139,3,0,0,3,0
2020-06-22,US,North Carolina,Cleveland,227,2,0,35.33553364,-81.55204486,37045.0,231.75799156686782,0.8810572687224669,225,225,2,0,223,213,97645,2,0,0,2,12
2020-06-22,US,North Carolina,Columbus,468,35,0,34.26744084,-78.65801424,37047.0,843.1217121856309,7.478632478632479,433,461,35,0,426,460,55655,7,0,0,7,1
2020-06-22,US,North Carolina,Craven,315,6,0,35.11833364,-77.08398081,37049.0,308.40325438862726,1.9047619047619049,309,310,6,0,304,300,102912,5,0,0,5,10
2020-06-22,US,North Carolina,Cumberland,1014,31,0,35.04762133,-78.82623165,37051.0,302.22736200817263,3.0571992110453654,983,1008,31,0,977,988,332330,6,0,0,6,20
2020-06-22,US,North Carolina,Currituck,16,0,0,36.36123664,-75.95876401,37053.0,57.630659510859786,0.0,16,16,0,0,16,16,27072,0,0,0,0,0
2020-06-22,US,North Carolina,Dare,29,1,0,35.66520691,-75.71767334,37055.0,78.35931800372882,3.4482758620689653,28,27,1,0,26,27,36501,2,0,0,2,0
2020-06-22,US,North Carolina,Davidson,771,15,0,35.79115496,-80.21256572,37057.0,459.99916472265807,1.9455252918287935,756,735,15,0,720,729,166614,36,0,0,36,6
2020-06-22,US,North Carolina,Davie,164,4,0,35.93099927,-80.54496571,37059.0,382.7661858749942,2.4390243902439024,160,156,2,0,154,155,42733,8,2,0,6,1
2020-06-22,US,North Carolina,Duplin,1345,28,0,34.93449805,-77.93140529,37061.0,2289.712466590627,2.0817843866171004,1317,1332,20,0,1312,1317,58856,13,8,0,5,15
2020-06-22,US,North Carolina,Durham,3212,60,0,36.03638492,-78.87608331,37063.0,999.1041656298213,1.8679950186799499,3152,3196,60,0,3136,3094,316739,16,0,0,16,102
2020-06-22,US,North Carolina,Edgecombe,274,9,0,35.91230639,-77.59436892,37065.0,532.3282561392601,3.2846715328467155,265,273,9,0,264,268,52005,1,0,0,1,5
2020-06-22,US,North Carolina,Forsyth,2575,28,0,36.12859861,-80.25459052,37067.0,673.5636092546332,1.087378640776699,2547,2524,28,0,2496,2497,379099,51,0,0,51,27
2020-06-22,US,North Carolina,Franklin,284,21,0,36.081519,-78.28708884,37069.0,407.5482528521202,7.394366197183099,263,280,21,0,259,264,67560,4,0,0,4,16
2020-06-22,US,North Carolina,Gaston,771,9,0,35.29373559,-81.17477045,37071.0,343.3854869526876,1.1673151750972763,762,737,9,0,728,705,222846,34,0,0,34,32
2020-06-22,US,North Carolina,Gates,25,2,0,36.44667547,-76.69749701,37073.0,216.22556651098427,8.0,23,25,2,0,23,25,11573,0,0,0,0,0
2020-06-22,US,North Carolina,Graham,6,0,0,35.3506925,-83.83369267,37075.0,71.08162539983414,0.0,6,6,0,0,6,6,8484,0,0,0,0,0
2020-06-22,US,North Carolina,Granville,742,17,0,36.30337451,-78.65184241,37077.0,1227.6028655096534,2.2911051212938007,725,735,17,0,718,723,60115,7,0,0,7,12
2020-06-22,US,North Carolina,Greene,147,2,0,35.48544173,-77.67578087,37079.0,697.707532393564,1.3605442176870748,145,144,2,0,142,140,21012,3,0,0,3,4
2020-06-22,US,North Carolina,Guilford,2434,106,0,36.07959451,-79.78824948,37081.0,453.1120270154549,4.354971240755956,2328,2402,106,0,2296,2352,533670,32,0,0,32,50
2020-06-22,US,North Carolina,Halifax,272,3,0,36.25669272,-77.6556109,37083.0,543.8912217556489,1.1029411764705883,269,265,3,0,262,259,50574,7,0,0,7,6
2020-06-22,US,North Carolina,Harnett,509,30,0,35.36731853,-78.87243571,37085.0,374.33076425251517,5.893909626719058,479,499,30,0,469,486,134214,10,0,0,10,13
2020-06-22,US,North Carolina,Haywood,72,0,0,35.55269063,-82.98196486,37087.0,115.53829613107176,0.0,72,70,0,0,70,70,61971,2,0,0,2,0
2020-06-22,US,North Carolina,Henderson,514,49,0,35.33788927,-82.4766782,37089.0,437.75603192042036,9.53307392996109,465,497,48,0,449,492,116748,17,1,0,16,5
2020-06-22,US,North Carolina,Hertford,156,7,0,36.3607755,-76.98104134,37091.0,658.8672551421209,4.487179487179487,149,156,7,0,149,154,23659,0,0,0,0,2
2020-06-22,US,North Carolina,Hoke,326,3,0,35.01888303,-79.23651674,37093.0,590.2161711988992,0.9202453987730062,323,326,3,0,323,323,54764,0,0,0,0,3
2020-06-22,US,North Carolina,Hyde,6,0,0,35.42017674,-76.15180542,37095.0,121.5312943082844,0.0,6,6,0,0,6,6,5230,0,0,0,0,0
2020-06-22,US,North Carolina,Iredell,569,7,0,35.80950511,-80.8743128,37097.0,312.9709690549267,1.2302284710017577,562,540,7,0,533,529,178435,29,0,0,29,11
2020-06-22,US,North Carolina,Jackson,77,1,0,35.28814273,-83.14093385,37099.0,175.2469388684055,1.2987012987012987,76,71,1,0,70,66,43327,6,0,0,6,5
2020-06-22,US,North Carolina,Johnston,1135,26,0,35.51745004,-78.36622717,37101.0,542.1827753070379,2.290748898678414,1109,1111,26,0,1085,1058,202675,24,0,0,24,53
2020-06-22,US,North Carolina,Jones,28,3,0,35.02254606,-77.35870791,37103.0,297.271472555473,10.714285714285714,25,28,3,0,25,26,9637,0,0,0,0,2
2020-06-22,US,North Carolina,Lee,718,7,0,35.47623147,-79.17569362,37105.0,1162.207222518979,0.9749303621169916,711,717,7,0,710,698,61452,1,0,0,1,19
2020-06-22,US,North Carolina,Lenoir,342,10,0,35.24032589999999,-77.64245615,37107.0,611.2709789272373,2.9239766081871346,332,342,10,0,332,329,55976,0,0,0,0,13
2020-06-22,US,North Carolina,Lincoln,189,1,0,35.48508185,-81.21740317,37109.0,219.48415417310216,0.5291005291005291,188,186,0,0,186,178,83770,3,1,0,2,8
2020-06-22,US,North Carolina,Macon,253,3,0,35.14867843,-83.41696617,37113.0,705.5608232472531,1.1857707509881423,250,252,1,0,251,247,35285,1,2,0,-1,5
2020-06-22,US,North Carolina,Madison,6,0,0,35.85402722,-82.71346418,37115.0,27.579866697310962,0.0,6,6,0,0,6,6,21763,0,0,0,0,0
2020-06-22,US,North Carolina,Martin,113,4,0,35.84326734,-77.10860251,37117.0,503.56506238859185,3.5398230088495577,109,112,4,0,108,111,22671,1,0,0,1,1
2020-06-22,US,North Carolina,McDowell,197,2,0,35.67736232,-82.0482425,37111.0,430.54462802692535,1.0152284263959392,195,197,1,0,196,185,45507,0,1,0,-1,12
2020-06-22,US,North Carolina,Mecklenburg,8956,143,0,35.24469268,-80.8317671,37119.0,806.588157311709,1.5966949531040644,8813,8752,135,0,8617,8511,1093901,204,8,0,196,241
2020-06-22,US,North Carolina,Mitchell,26,0,0,36.01059309,-82.1582442,37121.0,173.75033413525796,0.0,26,25,0,0,25,25,15000,1,0,0,1,0
2020-06-22,US,North Carolina,Montgomery,252,6,0,35.33155144,-79.90416657,37123.0,927.3911603429876,2.380952380952381,246,246,6,0,240,245,27271,6,0,0,6,1
2020-06-22,US,North Carolina,Moore,371,12,0,35.30885257,-79.48474178,37125.0,367.76367961934966,3.2345013477088953,359,370,11,0,359,355,98682,1,1,0,0,15
2020-06-22,US,North Carolina,Nash,352,4,0,35.96575634,-77.98422508,37127.0,373.2846932066428,1.1363636363636365,348,348,4,0,344,341,94016,4,0,0,4,7
2020-06-22,US,North Carolina,New Hanover,611,5,0,34.25758282,-77.87075626,37129.0,260.5843743202842,0.8183306055646481,606,557,5,0,552,535,232274,54,0,0,54,22
2020-06-22,US,North Carolina,Northampton,190,15,0,36.41736238,-77.39769443,37131.0,975.2091567007136,7.894736842105262,175,175,15,0,160,173,19676,15,0,0,15,2
2020-06-22,US,North Carolina,Onslow,213,3,0,34.72607366,-77.42908179,37133.0,107.60945346522648,1.4084507042253518,210,211,3,0,208,206,197683,2,0,0,2,5
2020-06-22,US,North Carolina,Orange,548,41,0,36.06092947,-79.12167935,37135.0,369.0832188367144,7.481751824817518,507,538,41,0,497,522,146027,10,0,0,10,16
2020-06-22,US,North Carolina,Pamlico,17,0,0,35.15253315,-76.66559823,37137.0,133.5847870501336,0.0,17,15,0,0,15,15,12670,2,0,0,2,0
2020-06-22,US,North Carolina,Pasquotank,164,15,0,36.26723798,-76.25134778,37139.0,411.8119726797911,9.146341463414632,149,163,15,0,148,155,39639,1,0,0,1,8
2020-06-22,US,North Carolina,Pender,182,1,0,34.52265624,-77.90352133,37141.0,288.6140183951792,0.5494505494505495,181,166,1,0,165,162,62162,16,0,0,16,4
2020-06-22,US,North Carolina,Perquimans,30,2,0,36.17847453,-76.40603143,37143.0,222.83294956547576,6.666666666666668,28,30,2,0,28,30,13422,0,0,0,0,0
2020-06-22,US,North Carolina,Person,96,1,0,36.38989032,-78.97217358,37145.0,243.09951886553557,1.0416666666666667,95,92,1,0,91,91,39507,4,0,0,4,1
2020-06-22,US,North Carolina,Pitt,567,4,0,35.59535426,-77.37353178,37147.0,313.7068307310973,0.7054673721340388,563,561,4,0,557,553,179914,6,0,0,6,8
2020-06-22,US,North Carolina,Polk,65,4,0,35.27820615,-82.16812354,37149.0,313.6460142829569,6.153846153846153,61,65,4,0,61,63,20611,0,0,0,0,2
2020-06-22,US,North Carolina,Randolph,1058,27,0,35.71015088,-79.80570339,37151.0,736.425205509964,2.5519848771266544,1031,1054,26,0,1028,1032,143351,4,1,0,3,22
2020-06-22,US,North Carolina,Richmond,234,5,0,35.00417719,-79.74491009,37153.0,521.9835374422806,2.1367521367521367,229,233,5,0,228,228,44887,1,0,0,1,5
2020-06-22,US,North Carolina,Robeson,1160,34,0,34.64244496,-79.10250529999998,37155.0,888.0382775119618,2.931034482758621,1126,1085,25,0,1060,1056,131831,75,9,0,66,29
2020-06-22,US,North Carolina,Rockingham,172,2,0,36.39593137,-79.77504841,37157.0,188.99022085485112,1.162790697674419,170,166,2,0,164,163,90690,6,0,0,6,3
2020-06-22,US,North Carolina,Rowan,1025,40,0,35.64003916,-80.52446628,37159.0,721.3839310849614,3.902439024390244,985,1019,39,0,980,995,141262,6,1,0,5,24
2020-06-22,US,North Carolina,Rutherford,263,9,0,35.40114178,-81.92112099,37161.0,392.36748273135515,3.4220532319391634,254,255,7,0,248,242,66826,8,2,0,6,13
2020-06-22,US,North Carolina,Sampson,894,6,0,34.98820368,-78.36914061,37163.0,1407.1870425461584,0.6711409395973155,888,877,5,0,872,865,63626,17,1,0,16,12
2020-06-22,US,North Carolina,Scotland,123,1,0,34.8386299,-79.4757978,37165.0,353.2148292794992,0.8130081300813008,122,123,1,0,122,123,34810,0,0,0,0,0
2020-06-22,US,North Carolina,Stanly,277,5,0,35.31647813,-80.25093221,37167.0,441.0406649046269,1.8050541516245489,272,234,5,0,229,208,62075,43,0,0,43,26
2020-06-22,US,North Carolina,Stokes,109,1,0,36.4017975,-80.23893369,37169.0,239.08227501041873,0.9174311926605504,108,105,1,0,104,102,45467,4,0,0,4,3
2020-06-22,US,North Carolina,Surry,386,2,0,36.41689489,-80.69102283,37171.0,537.7317749327835,0.5181347150259067,384,382,2,0,380,378,71948,4,0,0,4,4
2020-06-22,US,North Carolina,Swain,42,0,0,35.48665845,-83.48748932,37173.0,294.303132226193,0.0,42,40,0,0,40,40,14245,2,0,0,2,0
2020-06-22,US,North Carolina,Transylvania,19,1,0,35.20383864,-82.79638423,37175.0,55.25665261014977,5.2631578947368425,18,19,1,0,18,19,34215,0,0,0,0,0
2020-06-22,US,North Carolina,Tyrrell,5,0,0,35.87147226,-76.17055253,37177.0,124.5019920318725,0.0,5,5,0,0,5,5,4131,0,0,0,0,0
2020-06-22,US,North Carolina,Union,949,24,0,34.98960527,-80.52955873,37179.0,395.6491105190966,2.528977871443625,925,920,23,0,897,876,235908,29,1,0,28,44
2020-06-22,US,North Carolina,Vance,453,35,0,36.36880673,-78.40670845,37181.0,1017.1775008420343,7.7262693156732904,418,452,35,0,417,441,44582,1,0,0,1,11
2020-06-22,US,North Carolina,Wake,4035,44,0,35.78879266,-78.65249174,37183.0,362.9377177289003,1.090458488228005,3991,3884,44,0,3840,3721,1092305,151,0,0,151,163
2020-06-22,US,North Carolina,Warren,148,5,0,36.39728256,-78.10652228,37185.0,750.0886929197708,3.3783783783783785,143,148,4,0,144,146,19807,0,1,0,-1,2
2020-06-22,US,North Carolina,Washington,37,3,0,35.83810081,-76.57299037,37187.0,319.5164075993092,8.108108108108109,34,37,3,0,34,37,11859,0,0,0,0,0
2020-06-22,US,North Carolina,Watauga,49,0,0,36.23103603,-81.70033724,37189.0,87.2243088808587,0.0,49,47,0,0,47,45,55945,2,0,0,2,2
2020-06-22,US,North Carolina,Wayne,1658,23,0,35.36438125,-78.00027268,37191.0,1346.5333669019176,1.3872135102533172,1635,1643,23,0,1620,1622,123248,15,0,0,15,21
2020-06-22,US,North Carolina,Wilkes,555,6,0,36.2084135,-81.16232895,37193.0,811.2611822487282,1.0810810810810811,549,555,6,0,549,554,68557,0,0,0,0,1
2020-06-22,US,North Carolina,Wilson,622,18,0,35.70625477,-77.917978,37195.0,760.3819024217308,2.893890675241157,604,603,16,0,587,594,81455,19,2,0,17,9
2020-06-22,US,North Carolina,Yadkin,284,4,0,36.16222629,-80.66239436,37197.0,753.9756285342607,1.4084507042253518,280,280,4,0,276,272,37543,4,0,0,4,8
2020-06-22,US,North Carolina,Yancey,35,0,0,35.90079156,-82.31237181,37199.0,193.70192041618242,0.0,35,35,0,0,35,35,17903,0,0,0,0,0
2020-06-22,US,North Dakota,Barnes,18,0,0,46.93579637,-98.06605978,38003.0,172.8276524243879,0.0,18,18,0,0,18,16,10542,0,0,0,0,2
2020-06-22,US,North Dakota,Benson,3,0,0,48.0683985,-99.35916363,38005.0,43.911007025761116,0.0,3,3,0,0,3,3,6962,0,0,0,0,0
2020-06-22,US,North Dakota,Billings,1,0,0,47.02366884,-103.3762965,38007.0,107.75862068965515,0.0,1,1,0,0,1,1,919,0,0,0,0,0
2020-06-22,US,North Dakota,Bottineau,5,0,0,48.79106111,-100.8378166,38009.0,79.59248646927729,0.0,5,5,0,0,5,5,6411,0,0,0,0,0
2020-06-22,US,North Dakota,Bowman,1,0,0,46.11285362,-103.5203343,38011.0,33.06878306878307,0.0,1,1,0,0,1,1,3076,0,0,0,0,0
2020-06-22,US,North Dakota,Burke,5,0,0,48.79094471,-102.51821170000001,38013.0,236.40661938534282,0.0,5,5,0,0,5,5,2100,0,0,0,0,0
2020-06-22,US,North Dakota,Burleigh,202,0,0,46.97847375,-100.46452140000001,38015.0,211.239621023571,0.0,202,198,0,0,198,192,95273,4,0,0,4,6
2020-06-22,US,North Dakota,Cass,2143,64,0,46.93201724,-97.24447190000001,38017.0,1177.9708997762787,2.9864675688287448,2079,2138,64,0,2074,2118,181516,5,0,0,5,20
2020-06-22,US,North Dakota,Cavalier,2,0,0,48.77286211,-98.46685243,38019.0,53.163211057947905,0.0,2,1,0,0,1,1,3829,1,0,0,1,0
2020-06-22,US,North Dakota,Dickey,4,0,0,46.11017712,-98.50490079999999,38021.0,82.10180623973726,0.0,4,4,0,0,4,4,4903,0,0,0,0,0
2020-06-22,US,North Dakota,Divide,1,0,0,48.814938700000006,-103.48736109999999,38023.0,44.16961130742049,0.0,1,1,0,0,1,1,2283,0,0,0,0,0
2020-06-22,US,North Dakota,Dunn,13,0,0,47.35423935,-102.61604679999999,38025.0,293.8517179023508,0.0,13,12,0,0,12,12,4332,1,0,0,1,0
2020-06-22,US,North Dakota,Eddy,5,0,0,47.71701474,-98.90432337,38027.0,218.62702229995628,0.0,5,5,0,0,5,5,2313,0,0,0,0,0
2020-06-22,US,North Dakota,Emmons,4,1,0,46.28398398,-100.2389766,38029.0,123.41869793273679,25.0,3,4,1,0,3,4,3295,0,0,0,0,0
2020-06-22,US,North Dakota,Foster,1,0,0,47.457108399999996,-98.88279923,38031.0,31.152647975077887,0.0,1,1,0,0,1,1,3216,0,0,0,0,0
2020-06-22,US,North Dakota,Grand Forks,365,4,0,47.92093639,-97.45450447,38035.0,525.5503880433687,1.095890410958904,361,361,4,0,357,361,70770,4,0,0,4,0
2020-06-22,US,North Dakota,Grant,2,0,0,46.35821257,-101.63900129999999,38037.0,87.95074758135445,0.0,2,2,0,0,2,2,2374,0,0,0,0,0
2020-06-22,US,North Dakota,Griggs,2,0,0,47.45785838,-98.23850925,38039.0,89.64589870013447,0.0,2,2,0,0,2,1,2232,0,0,0,0,1
2020-06-22,US,North Dakota,Kidder,2,0,0,46.97830064,-99.77507857,38043.0,80.64516129032258,0.0,2,2,0,0,2,2,2450,0,0,0,0,0
2020-06-22,US,North Dakota,LaMoure,11,0,0,46.45681054,-98.53542355,38045.0,271.8734552644587,0.0,11,11,0,0,11,10,4062,0,0,0,0,1
2020-06-22,US,North Dakota,McHenry,3,1,0,48.23104458,-100.6324822,38049.0,52.219321148825074,33.333333333333336,2,3,1,0,2,3,5816,0,0,0,0,0
2020-06-22,US,North Dakota,McIntosh,1,0,0,46.11182017,-99.44145858,38051.0,40.04805766920305,0.0,1,1,0,0,1,1,2585,0,0,0,0,0
2020-06-22,US,North Dakota,McKenzie,24,0,0,47.74133370000001,-103.395905,38053.0,159.7444089456869,0.0,24,24,0,0,24,24,13632,0,0,0,0,0
2020-06-22,US,North Dakota,McLean,11,0,0,47.60766714,-101.3182418,38055.0,116.40211640211642,0.0,11,11,0,0,11,11,9541,0,0,0,0,0
2020-06-22,US,North Dakota,Mercer,6,0,0,47.31213126,-101.8318399,38057.0,73.28691828508613,0.0,6,6,0,0,6,6,8267,0,0,0,0,0
2020-06-22,US,North Dakota,Morton,70,2,0,46.71681782,-101.2822377,38059.0,223.1858181354419,2.8571428571428568,68,70,2,0,68,70,31095,0,0,0,0,0
2020-06-22,US,North Dakota,Mountrail,43,0,0,48.20197971,-102.3555315,38061.0,407.77619724988153,0.0,43,43,0,0,43,43,10218,0,0,0,0,0
2020-06-22,US,North Dakota,Nelson,1,0,0,47.9226426,-98.19038437,38063.0,34.734282737061484,0.0,1,1,0,0,1,1,2869,0,0,0,0,0
2020-06-22,US,North Dakota,Oliver,1,0,0,47.11530482,-101.3406158,38065.0,51.046452271567134,0.0,1,1,0,0,1,1,1952,0,0,0,0,0
2020-06-22,US,North Dakota,Pembina,7,0,0,48.76623521,-97.5523809,38067.0,102.92604028819292,0.0,7,7,0,0,7,7,6947,0,0,0,0,0
2020-06-22,US,North Dakota,Pierce,4,0,0,48.24977025,-99.96407787,38069.0,100.62893081761007,0.0,4,4,0,0,4,4,4081,0,0,0,0,0
2020-06-22,US,North Dakota,Ramsey,9,1,0,48.26886249,-98.72223879,38071.0,78.13178227276673,11.111111111111109,8,8,1,0,7,8,11481,1,0,0,1,0
2020-06-22,US,North Dakota,Ransom,15,0,0,46.45621782,-97.65742504,38073.0,287.46646224607133,0.0,15,15,0,0,15,13,5237,0,0,0,0,2
2020-06-22,US,North Dakota,Renville,3,0,0,48.71982533,-101.6603912,38075.0,128.92135797163732,0.0,3,3,0,0,3,3,2374,0,0,0,0,0
2020-06-22,US,North Dakota,Richland,39,0,0,46.26440649,-96.94852979,38077.0,241.08301910119306,0.0,39,38,0,0,38,38,16239,1,0,0,1,0
2020-06-22,US,North Dakota,Rolette,9,0,0,48.77245354,-99.84097493,38079.0,63.487584650112865,0.0,9,9,0,0,9,8,14301,0,0,0,0,1
2020-06-22,US,North Dakota,Sargent,4,0,0,46.10830372,-97.63217159,38081.0,102.6167265264238,0.0,4,4,0,0,4,4,3870,0,0,0,0,0
2020-06-22,US,North Dakota,Sheridan,1,0,0,47.57700669,-100.3426391,38083.0,76.04562737642586,0.0,1,1,0,0,1,1,1349,0,0,0,0,0
2020-06-22,US,North Dakota,Sioux,19,0,0,46.11323337,-101.04401490000001,38085.0,449.1725768321513,0.0,19,12,0,0,12,12,4358,7,0,0,7,0
2020-06-22,US,North Dakota,Slope,3,0,0,46.44737738,-103.4601547,38087.0,400.0,0.0,3,3,0,0,3,3,763,0,0,0,0,0
2020-06-22,US,North Dakota,Stark,68,2,0,46.80851182,-102.65763259999999,38089.0,215.948426434628,2.9411764705882355,66,68,2,0,66,67,30997,0,0,0,0,1
2020-06-22,US,North Dakota,Steele,1,0,0,47.45611548,-97.72728747,38091.0,52.91005291005291,0.0,1,1,0,0,1,1,1903,0,0,0,0,0
2020-06-22,US,North Dakota,Stutsman,62,1,0,46.97962541,-98.95637318,38093.0,299.4590417310665,1.6129032258064515,61,62,1,0,61,60,20917,0,0,0,0,2
2020-06-22,US,North Dakota,Traill,15,0,0,47.45367788,-97.16323288,38097.0,186.66002986560483,0.0,15,15,0,0,15,15,8037,0,0,0,0,0
2020-06-22,US,North Dakota,Walsh,17,0,0,48.36876964,-97.72574783,38099.0,159.7594211070388,0.0,17,17,0,0,17,17,10667,0,0,0,0,0
2020-06-22,US,North Dakota,Ward,53,1,0,48.22390169,-101.54367629999999,38101.0,78.35484395558906,1.8867924528301887,52,52,1,0,51,51,67744,1,0,0,1,1
2020-06-22,US,North Dakota,Wells,8,0,0,47.58614526,-99.65904998,38103.0,208.65936358894103,0.0,8,8,0,0,8,8,3957,0,0,0,0,0
2020-06-22,US,North Dakota,Williams,26,0,0,48.34522353,-103.4793387,38105.0,69.16917183218493,0.0,26,26,0,0,26,26,35350,0,0,0,0,0
2020-06-22,US,Ohio,Adams,19,1,0,38.84541072,-83.4718964,39001.0,68.5970106144848,5.2631578947368425,18,18,1,0,17,18,27724,1,0,0,1,0
2020-06-22,US,Ohio,Allen,253,37,0,40.77285242,-84.10802343,39003.0,247.18859610555836,14.624505928853756,216,251,37,0,214,248,102663,2,0,0,2,3
2020-06-22,US,Ohio,Ashland,40,0,0,40.84772277,-82.27280781,39005.0,74.78872186074341,0.0,40,39,0,0,39,39,53745,1,0,0,1,0
2020-06-22,US,Ohio,Ashtabula,410,42,0,41.70860332,-80.74830218,39007.0,421.63285034090563,10.24390243902439,368,407,42,0,365,402,97493,3,0,0,3,5
2020-06-22,US,Ohio,Athens,25,1,0,39.33425634,-82.04278644,39009.0,38.26901587398778,4.0,24,25,1,0,24,24,65818,0,0,0,0,1
2020-06-22,US,Ohio,Auglaize,90,3,0,40.55998859,-84.22421429999999,39011.0,197.1263360785001,3.333333333333333,87,90,3,0,87,89,45804,0,0,0,0,1
2020-06-22,US,Ohio,Belmont,493,21,0,40.01625942,-80.9924051,39013.0,735.7550070142972,4.259634888438134,472,484,21,0,463,477,67505,9,0,0,9,7
2020-06-22,US,Ohio,Brown,45,1,0,38.93416837,-83.86788395,39015.0,103.61024129673972,2.2222222222222223,44,43,1,0,42,43,43602,2,0,0,2,0
2020-06-22,US,Ohio,Butler,1223,39,0,39.44012838,-84.57388716,39017.0,319.2094671838052,3.1888798037612434,1184,1201,39,0,1162,1194,382378,22,0,0,22,7
2020-06-22,US,Ohio,Carroll,42,3,0,40.5789686,-81.09178213,39019.0,156.0526120234822,7.142857142857142,39,41,3,0,38,39,27081,1,0,0,1,2
2020-06-22,US,Ohio,Champaign,37,1,0,40.13923427,-83.76875242,39021.0,95.15237238009516,2.702702702702702,36,37,1,0,36,37,38754,0,0,0,0,0
2020-06-22,US,Ohio,Clark,670,8,0,39.91592258,-83.78498252,39023.0,499.69049021874514,1.1940298507462686,662,653,8,0,645,639,134585,17,0,0,17,14
2020-06-22,US,Ohio,Clermont,287,6,0,39.04847534,-84.15375786,39025.0,139.03152673086984,2.0905923344947737,281,279,6,0,273,275,205466,8,0,0,8,4
2020-06-22,US,Ohio,Clinton,55,0,0,39.41485808,-83.80852286,39027.0,131.05223027068243,0.0,55,55,0,0,55,54,42057,0,0,0,0,1
2020-06-22,US,Ohio,Columbiana,975,58,0,40.76932373,-80.78094576,39029.0,956.9800653691001,5.94871794871795,917,961,58,0,903,956,102665,14,0,0,14,5
2020-06-22,US,Ohio,Coshocton,60,0,0,40.30096166,-81.91729018,39031.0,163.93442622950818,0.0,60,60,0,0,60,59,36629,0,0,0,0,1
2020-06-22,US,Ohio,Crawford,122,5,0,40.85065156,-82.91989099,39033.0,294.01841230057363,4.0983606557377055,117,122,5,0,117,122,41550,0,0,0,0,0
2020-06-22,US,Ohio,Cuyahoga,5734,339,0,41.424119,-81.65918339,39035.0,464.26443154731066,5.9121032438088585,5395,5633,338,0,5295,5555,1243857,101,1,0,100,78
2020-06-22,US,Ohio,Darke,228,25,0,40.13412966,-84.6194517,39037.0,446.07047130866897,10.964912280701757,203,227,25,0,202,228,51323,1,0,0,1,-1
2020-06-22,US,Ohio,Defiance,42,2,0,41.32398837,-84.49076944,39039.0,110.27384671935306,4.761904761904762,40,42,2,0,40,42,38165,0,0,0,0,0
2020-06-22,US,Ohio,Delaware,433,15,0,40.27942393,-83.00457058,39041.0,207.00172581115515,3.4642032332563515,418,427,15,0,412,419,204826,6,0,0,6,8
2020-06-22,US,Ohio,Erie,218,22,0,41.36796058,-82.62904521,39043.0,293.5394393127407,10.091743119266058,196,217,22,0,195,217,74615,1,0,0,1,0
2020-06-22,US,Ohio,Fairfield,414,12,0,39.75107189,-82.63088163,39045.0,262.7336997220353,2.898550724637681,402,409,12,0,397,404,155782,5,0,0,5,5
2020-06-22,US,Ohio,Fayette,45,0,0,39.56021306,-83.4562016,39047.0,157.75635407537246,0.0,45,45,0,0,45,45,28666,0,0,0,0,0
2020-06-22,US,Ohio,Franklin,7915,358,0,39.96995815,-83.01115755,39049.0,601.0984571173399,4.523057485786482,7557,7794,358,0,7436,7694,1310300,121,0,0,121,100
2020-06-22,US,Ohio,Fulton,53,0,0,41.60213491,-84.12571393,39051.0,125.8130370792385,0.0,53,53,0,0,53,53,42276,0,0,0,0,0
2020-06-22,US,Ohio,Gallia,9,1,0,38.82708533,-82.31647569,39053.0,30.102347983142685,11.111111111111109,8,9,1,0,8,9,29979,0,0,0,0,0
2020-06-22,US,Ohio,Geauga,361,37,0,41.49952319,-81.17935342,39055.0,385.48195923074456,10.249307479224377,324,357,37,0,320,355,94031,4,0,0,4,2
2020-06-22,US,Ohio,Greene,175,8,0,39.69116283,-83.89032084,39057.0,103.58891184287634,4.571428571428571,167,169,8,0,161,165,167995,6,0,0,6,4
2020-06-22,US,Ohio,Guernsey,46,3,0,40.05026529,-81.49248905,39059.0,118.32797427652731,6.521739130434782,43,45,3,0,42,44,39022,1,0,0,1,1
2020-06-22,US,Ohio,Hamilton,4020,187,0,39.19673558,-84.54502924,39061.0,491.7593608596248,4.651741293532338,3833,3829,186,0,3643,3744,816684,191,1,0,190,85
2020-06-22,US,Ohio,Hancock,63,1,0,41.00250487,-83.66838948,39063.0,83.13210086694905,1.5873015873015872,62,62,1,0,61,62,75930,1,0,0,1,0
2020-06-22,US,Ohio,Hardin,107,10,0,40.66015414,-83.65929931,39065.0,341.14458791646734,9.345794392523365,97,107,10,0,97,107,31480,0,0,0,0,0
2020-06-22,US,Ohio,Harrison,11,1,0,40.29380509,-81.09068544,39067.0,73.13829787234044,9.090909090909092,10,11,1,0,10,11,15174,0,0,0,0,0
2020-06-22,US,Ohio,Henry,23,0,0,41.3339642,-84.06830637,39069.0,85.16625934977412,0.0,23,23,0,0,23,22,27086,0,0,0,0,1
2020-06-22,US,Ohio,Highland,39,1,0,39.1839264,-83.60331456,39071.0,90.35935219295195,2.5641025641025643,38,39,1,0,38,37,43058,0,0,0,0,2
2020-06-22,US,Ohio,Hocking,74,7,0,39.49537927,-82.47991446,39073.0,261.8171525615624,9.459459459459461,67,73,7,0,66,73,28385,1,0,0,1,0
2020-06-22,US,Ohio,Holmes,136,3,0,40.56163713,-81.92635677,39075.0,309.3721565059145,2.2058823529411766,133,127,3,0,124,111,43892,9,0,0,9,16
2020-06-22,US,Ohio,Huron,122,1,0,41.14651175,-82.59867951,39077.0,209.38454673394432,0.819672131147541,121,110,1,0,109,97,58504,12,0,0,12,13
2020-06-22,US,Ohio,Jackson,16,0,0,39.01914254,-82.61818559999998,39079.0,49.362909943541176,0.0,16,16,0,0,16,16,32384,0,0,0,0,0
2020-06-22,US,Ohio,Jefferson,74,2,0,40.38614126,-80.76259514,39081.0,113.27975507079985,2.702702702702702,72,74,2,0,72,74,65767,0,0,0,0,0
2020-06-22,US,Ohio,Knox,34,1,0,40.39830217,-82.42027563,39083.0,54.555373704309865,2.9411764705882355,33,34,1,0,33,33,61893,0,0,0,0,1
2020-06-22,US,Ohio,Lake,369,14,0,41.69710807,-81.23676539,39085.0,160.33091605872718,3.794037940379404,355,367,14,0,353,364,230514,2,0,0,2,3
2020-06-22,US,Ohio,Lawrence,45,0,0,38.59743452,-82.53466552,39087.0,75.67731194187982,0.0,45,44,0,0,44,42,59866,1,0,0,1,2
2020-06-22,US,Ohio,Licking,337,11,0,40.09136236,-82.48185785,39089.0,190.54403998597775,3.264094955489614,326,331,11,0,320,330,175769,6,0,0,6,1
2020-06-22,US,Ohio,Logan,50,0,0,40.38996525,-83.76784341,39091.0,109.47626554562972,0.0,50,48,0,0,48,48,45358,2,0,0,2,0
2020-06-22,US,Ohio,Lorain,854,66,0,41.29553751,-82.15083537,39093.0,275.6323567857524,7.728337236533957,788,843,66,0,777,831,309461,11,0,0,11,12
2020-06-22,US,Ohio,Lucas,2511,294,0,41.62101218,-83.65468618,39095.0,586.2056085239103,11.708482676224612,2217,2490,294,0,2196,2483,429899,21,0,0,21,7
2020-06-22,US,Ohio,Madison,175,7,0,39.89381073,-83.40178317,39097.0,391.227560304934,4.0,168,174,7,0,167,174,44413,1,0,0,1,0
2020-06-22,US,Ohio,Mahoning,1665,224,0,41.01631101,-80.77287029,39099.0,728.0821049225348,13.453453453453456,1441,1654,224,0,1430,1639,229642,11,0,0,11,15
2020-06-22,US,Ohio,Marion,2713,35,0,40.58610662,-83.15736305,39101.0,4167.882875270767,1.2900847769996313,2678,2715,34,0,2681,2715,65256,-2,1,0,-3,0
2020-06-22,US,Ohio,Medina,416,31,0,41.11770589,-81.89986209999998,39103.0,231.4376954146407,7.4519230769230775,385,413,31,0,382,407,179146,3,0,0,3,6
2020-06-22,US,Ohio,Meigs,9,0,0,39.09224872,-82.0305041,39105.0,39.289300213908405,0.0,9,9,0,0,9,9,23106,0,0,0,0,0
2020-06-22,US,Ohio,Mercer,257,8,0,40.54043046,-84.62912742,39107.0,624.2106285825319,3.1128404669260696,249,258,8,0,250,257,40959,-1,0,0,-1,1
2020-06-22,US,Ohio,Miami,405,30,0,40.0543329,-84.22871271,39109.0,378.5506650340696,7.407407407407407,375,400,30,0,370,399,106222,5,0,0,5,1
2020-06-22,US,Ohio,Monroe,82,15,0,39.72984936,-81.08464734,39111.0,600.5566134466089,18.29268292682927,67,82,15,0,67,82,13790,0,0,0,0,0
2020-06-22,US,Ohio,Montgomery,1292,20,0,39.75394919,-84.29050975,39113.0,243.00011096754287,1.547987616099071,1272,1263,20,0,1243,1214,532331,29,0,0,29,49
2020-06-22,US,Ohio,Morgan,6,0,0,39.62081738,-81.85308173,39115.0,41.356492969396186,0.0,6,6,0,0,6,6,14604,0,0,0,0,0
2020-06-22,US,Ohio,Morrow,110,1,0,40.52363560000001,-82.7892599,39117.0,311.3677536231884,0.9090909090909092,109,110,1,0,109,110,35112,0,0,0,0,0
2020-06-22,US,Ohio,Muskingum,65,1,0,39.96575964,-81.94363275,39119.0,75.3929130661718,1.5384615384615383,64,64,1,0,63,63,86183,1,0,0,1,1
2020-06-22,US,Ohio,Noble,6,0,0,39.76818851,-81.45937183,39121.0,41.59733777038269,0.0,6,6,0,0,6,6,14354,0,0,0,0,0
2020-06-22,US,Ohio,Ottawa,122,22,0,41.53781826,-83.0940185,39123.0,301.0487353485503,18.032786885245898,100,119,22,0,97,118,40769,3,0,0,3,1
2020-06-22,US,Ohio,Paulding,19,0,0,41.11676341,-84.5801017,39125.0,101.7566409597258,0.0,19,18,0,0,18,18,18760,1,0,0,1,0
2020-06-22,US,Ohio,Perry,26,1,0,39.73508655,-82.23804971,39127.0,71.95439198538773,3.8461538461538463,25,26,1,0,25,26,36033,0,0,0,0,0
2020-06-22,US,Ohio,Pickaway,2141,41,0,39.64170392,-83.0243386,39129.0,3662.521169406573,1.914992993928071,2100,2139,41,0,2098,2137,58086,2,0,0,2,2
2020-06-22,US,Ohio,Pike,17,0,0,39.07634001,-83.06769584,39131.0,61.212732248307645,0.0,17,14,0,0,14,13,28067,3,0,0,3,1
2020-06-22,US,Ohio,Portage,369,58,0,41.16793482,-81.19735782,39133.0,227.12444449915677,15.718157181571815,311,369,58,0,311,367,162927,0,0,0,0,2
2020-06-22,US,Ohio,Preble,52,1,0,39.7420247,-84.64787018,39135.0,127.195342693606,1.9230769230769231,51,51,1,0,50,50,40997,1,0,0,1,1
2020-06-22,US,Ohio,Putnam,105,15,0,41.02094889,-84.1336111,39137.0,310.09125542659694,14.285714285714285,90,105,15,0,90,103,33780,0,0,0,0,2
2020-06-22,US,Ohio,Richland,277,4,0,40.77180308,-82.53799609999999,39139.0,228.63463030523133,1.444043321299639,273,271,4,0,267,269,121099,6,0,0,6,2
2020-06-22,US,Ohio,Ross,85,2,0,39.33705391,-83.06000914,39141.0,110.87052930895052,2.3529411764705883,83,84,2,0,82,84,76931,1,0,0,1,0
2020-06-22,US,Ohio,Sandusky,110,13,0,41.35624126,-83.137872,39143.0,187.97634915752414,11.818181818181818,97,109,13,0,96,109,58799,1,0,0,1,0
2020-06-22,US,Ohio,Scioto,22,0,0,38.80270163,-82.98907345,39145.0,29.2110364606846,0.0,22,21,0,0,21,21,75502,1,0,0,1,0
2020-06-22,US,Ohio,Seneca,31,2,0,41.12351311,-83.12783209,39147.0,56.181811591576356,6.451612903225807,29,31,2,0,29,31,55207,0,0,0,0,0
2020-06-22,US,Ohio,Shelby,52,3,0,40.33163494,-84.20258189,39149.0,107.01790491870756,5.769230769230768,49,51,3,0,48,51,48627,1,0,0,1,0
2020-06-22,US,Ohio,Stark,957,105,0,40.81482476,-81.36437305,39151.0,258.2257167989725,10.9717868338558,852,942,105,0,837,927,371574,15,0,0,15,15
2020-06-22,US,Ohio,Summit,1780,202,0,41.12464734,-81.53123079,39153.0,329.01242668845293,11.348314606741571,1578,1756,201,0,1555,1743,541918,24,1,0,23,13
2020-06-22,US,Ohio,Trumbull,726,55,0,41.31735028,-80.76109643,39155.0,366.71482113812925,7.575757575757576,671,711,55,0,656,698,198627,15,0,0,15,13
2020-06-22,US,Ohio,Tuscarawas,436,10,0,40.44214695,-81.47226262,39157.0,473.9800189157164,2.2935779816513757,426,429,10,0,419,416,92176,7,0,0,7,13
2020-06-22,US,Ohio,Union,71,1,0,40.30016061,-83.37239023,39159.0,120.36346375534006,1.4084507042253518,70,71,1,0,70,71,57835,0,0,0,0,0
2020-06-22,US,Ohio,Van Wert,16,0,0,40.8554138,-84.59111700000003,39161.0,56.58709106984969,0.0,16,16,0,0,16,16,28281,0,0,0,0,0
2020-06-22,US,Ohio,Vinton,22,2,0,39.25208988,-82.4831444,39163.0,168.13144822315633,9.090909090909092,20,22,2,0,20,22,13139,0,0,0,0,0
2020-06-22,US,Ohio,Warren,594,20,0,39.42581994,-84.16557457,39165.0,253.1947724230825,3.3670033670033668,574,584,20,0,564,571,232173,10,0,0,10,13
2020-06-22,US,Ohio,Washington,120,20,0,39.45690571,-81.49121382,39167.0,200.29710737594098,16.666666666666668,100,119,20,0,99,119,60155,1,0,0,1,0
2020-06-22,US,Ohio,Wayne,330,52,0,40.82925852,-81.88844833,39169.0,285.1957479906664,15.757575757575758,278,327,52,0,275,323,115967,3,0,0,3,4
2020-06-22,US,Ohio,Williams,60,1,0,41.56052014,-84.58429552,39171.0,163.5233838438897,1.6666666666666667,59,59,1,0,58,59,36804,1,0,0,1,0
2020-06-22,US,Ohio,Wood,337,51,0,41.36224827,-83.62285108,39173.0,257.61177828569686,15.133531157270028,286,334,51,0,283,333,130696,3,0,0,3,1
2020-06-22,US,Ohio,Wyandot,55,4,0,40.84339621,-83.30734173,39175.0,252.6180415212199,7.272727272727272,51,55,4,0,51,55,21935,0,0,0,0,0
2020-06-22,US,Oklahoma,Adair,108,4,0,35.88494195,-94.65859267,40001.0,486.61800486618006,3.703703703703704,104,107,4,0,103,104,22082,1,0,0,1,3
2020-06-22,US,Oklahoma,Alfalfa,1,0,0,36.73090616,-98.32408495,40003.0,17.5377060680463,0.0,1,1,0,0,1,1,5754,0,0,0,0,0
2020-06-22,US,Oklahoma,Atoka,14,0,0,34.37366573,-96.03802487,40005.0,101.75897659543541,0.0,14,13,0,0,13,13,13838,1,0,0,1,0
2020-06-22,US,Oklahoma,Beaver,30,0,0,36.7496847,-100.4758872,40007.0,564.865373752589,0.0,30,30,0,0,30,30,5319,0,0,0,0,0
2020-06-22,US,Oklahoma,Beckham,9,0,0,35.26862449,-99.68128023,40009.0,41.17297223111762,0.0,9,8,0,0,8,8,21709,1,0,0,1,0
2020-06-22,US,Oklahoma,Blaine,14,0,0,35.87518314,-98.43307003,40011.0,148.47809948032662,0.0,14,14,0,0,14,14,9485,0,0,0,0,0
2020-06-22,US,Oklahoma,Bryan,72,1,0,33.96472458,-96.25903472,40013.0,150.01562662777368,1.3888888888888888,71,71,1,0,70,69,47192,1,0,0,1,2
2020-06-22,US,Oklahoma,Caddo,181,10,0,35.17364557,-98.37534464,40015.0,629.3025519783048,5.524861878453039,171,180,10,0,170,180,28977,1,0,0,1,0
2020-06-22,US,Oklahoma,Canadian,200,3,0,35.5426055,-97.98465569,40017.0,134.8563106010546,1.5,197,197,3,0,194,192,144447,3,0,0,3,5
2020-06-22,US,Oklahoma,Carter,70,1,0,34.25103751,-97.28552485,40019.0,145.49687181725594,1.4285714285714286,69,69,1,0,68,66,48177,1,0,0,1,3
2020-06-22,US,Oklahoma,Cherokee,66,1,0,35.90692775,-94.99980896,40021.0,135.6433812195573,1.5151515151515151,65,66,1,0,65,65,48675,0,0,0,0,1
2020-06-22,US,Oklahoma,Choctaw,108,1,0,34.02807439,-95.54771129,40023.0,736.0959651035988,0.925925925925926,107,107,1,0,106,107,14668,1,0,0,1,0
2020-06-22,US,Oklahoma,Cimarron,1,0,0,36.74817177,-102.5173885,40025.0,46.79457182966776,0.0,1,1,0,0,1,1,2153,0,0,0,0,0
2020-06-22,US,Oklahoma,Cleveland,684,40,0,35.20413532,-97.32519562,40027.0,240.83319836346092,5.847953216374268,644,677,40,0,637,640,281669,7,0,0,7,37
2020-06-22,US,Oklahoma,Coal,6,0,0,34.58840127,-96.29798747,40029.0,109.1901728844404,0.0,6,6,0,0,6,6,5520,0,0,0,0,0
2020-06-22,US,Oklahoma,Comanche,377,5,0,34.65973764,-98.47195055,40031.0,312.217906566514,1.326259946949602,372,365,5,0,360,364,120422,12,0,0,12,1
2020-06-22,US,Oklahoma,Cotton,5,2,0,34.28845626,-98.37053567,40033.0,88.24567596187786,40.0,3,5,2,0,3,5,5776,0,0,0,0,0
2020-06-22,US,Oklahoma,Craig,18,0,0,36.76268118,-95.20916602,40035.0,127.28044123886295,0.0,18,18,0,0,18,18,14306,0,0,0,0,0
2020-06-22,US,Oklahoma,Creek,124,7,0,35.90230551,-96.37086028,40037.0,173.37322781801404,5.645161290322582,117,123,7,0,116,122,71604,1,0,0,1,1
2020-06-22,US,Oklahoma,Custer,50,0,0,35.63853802,-99.00170785,40039.0,172.39595903872012,0.0,50,49,0,0,49,49,29036,1,0,0,1,0
2020-06-22,US,Oklahoma,Delaware,117,16,0,36.40823634,-94.80325046,40041.0,272.03608547048293,13.675213675213676,101,117,16,0,101,115,42733,0,0,0,0,2
2020-06-22,US,Oklahoma,Dewey,4,0,0,35.98772922,-99.00730714,40043.0,81.78286648947045,0.0,4,4,0,0,4,4,4894,0,0,0,0,0
2020-06-22,US,Oklahoma,Ellis,1,0,0,36.218019399999996,-99.75324573,40045.0,25.91344908007256,0.0,1,,,,,,3952,,,,,
2020-06-22,US,Oklahoma,Garfield,55,1,0,36.3791334,-97.78265517,40047.0,90.08123689727465,1.818181818181818,54,55,1,0,54,55,60913,0,0,0,0,0
2020-06-22,US,Oklahoma,Garvin,49,1,0,34.70418038,-97.30811132,40049.0,176.82508751037494,2.0408163265306123,48,45,1,0,44,43,27811,4,0,0,4,2
2020-06-22,US,Oklahoma,Grady,125,5,0,35.0167709,-97.88339847,40051.0,223.87792384568542,4.0,120,125,5,0,120,123,55551,0,0,0,0,2
2020-06-22,US,Oklahoma,Grant,2,0,0,36.796296999999996,-97.78638765,40053.0,46.15739672282484,0.0,2,2,0,0,2,2,4326,0,0,0,0,0
2020-06-22,US,Oklahoma,Greer,66,7,0,34.93535801,-99.56056120000001,40055.0,1155.4621848739494,10.606060606060606,59,66,7,0,59,66,5821,0,0,0,0,0
2020-06-22,US,Oklahoma,Harmon,1,0,0,34.7440135,-99.84741652,40057.0,37.69317753486619,0.0,1,1,0,0,1,1,2664,0,0,0,0,0
2020-06-22,US,Oklahoma,Harper,1,0,0,36.78836519,-99.6679804,40059.0,27.11496746203905,0.0,1,1,0,0,1,1,3797,0,0,0,0,0
2020-06-22,US,Oklahoma,Haskell,7,0,0,35.22257600000001,-95.11513306,40061.0,55.436762493070404,0.0,7,7,0,0,7,7,12668,0,0,0,0,0
2020-06-22,US,Oklahoma,Hughes,5,0,0,35.04912569,-96.24921145,40063.0,37.65343775886738,0.0,5,5,0,0,5,3,13335,0,0,0,0,2
2020-06-22,US,Oklahoma,Jackson,34,3,0,34.58781741,-99.41138784,40065.0,138.6057888300041,8.823529411764708,31,32,3,0,29,32,24949,2,0,0,2,0
2020-06-22,US,Oklahoma,Jefferson,4,0,0,34.11130184,-97.83182974,40067.0,66.64445184938353,0.0,4,4,0,0,4,4,6123,0,0,0,0,0
2020-06-22,US,Oklahoma,Johnston,9,0,0,34.31440473,-96.66011537,40069.0,81.19079837618403,0.0,9,8,0,0,8,8,10949,1,0,0,1,0
2020-06-22,US,Oklahoma,Kay,80,7,0,36.81799745,-97.14421435,40071.0,183.74753089255364,8.75,73,80,7,0,73,79,44161,0,0,0,0,1
2020-06-22,US,Oklahoma,Kingfisher,19,0,0,35.94530008,-97.94193268,40073.0,120.52013954963527,0.0,19,19,0,0,19,18,15816,0,0,0,0,1
2020-06-22,US,Oklahoma,Kiowa,6,0,0,34.91671958,-98.97720696,40075.0,68.90215893431328,0.0,6,6,0,0,6,6,8729,0,0,0,0,0
2020-06-22,US,Oklahoma,Latimer,7,1,0,34.87844729,-95.25215049,40077.0,69.49270326615705,14.285714285714285,6,7,1,0,6,7,10231,0,0,0,0,0
2020-06-22,US,Oklahoma,Le Flore,27,1,0,34.89851864,-94.70392124,40079.0,54.15922813070427,3.703703703703704,26,27,1,0,26,26,49980,0,0,0,0,1
2020-06-22,US,Oklahoma,Lincoln,27,2,0,35.70270942,-96.8812462,40081.0,77.41491527367606,7.407407407407407,25,26,2,0,24,25,34920,1,0,0,1,1
2020-06-22,US,Oklahoma,Logan,30,1,0,35.91899576,-97.44352845,40083.0,62.485680364916384,3.333333333333333,29,28,1,0,27,26,47291,2,0,0,2,2
2020-06-22,US,Oklahoma,Love,26,0,0,33.95273467,-97.23906784,40085.0,253.58431678533108,0.0,26,26,0,0,26,25,10134,0,0,0,0,1
2020-06-22,US,Oklahoma,Major,8,1,0,36.31149996,-98.53467076,40093.0,104.86302267662865,12.5,7,8,1,0,7,7,7644,0,0,0,0,1
2020-06-22,US,Oklahoma,Marshall,23,0,0,34.02311222,-96.76855464,40095.0,135.84549052034728,0.0,23,22,0,0,22,22,16806,1,0,0,1,0
2020-06-22,US,Oklahoma,Mayes,70,4,0,36.30179091,-95.23175116,40097.0,170.31630170316302,5.7142857142857135,66,69,4,0,65,65,41107,1,0,0,1,4
2020-06-22,US,Oklahoma,McClain,130,4,0,35.01123903,-97.44572302,40087.0,321.193852843801,3.0769230769230766,126,130,4,0,126,124,39985,0,0,0,0,6
2020-06-22,US,Oklahoma,McCurtain,331,2,0,34.11664328,-94.77222373,40089.0,1008.1627680311892,0.6042296072507553,329,302,2,0,300,245,32703,29,0,0,29,57
2020-06-22,US,Oklahoma,McIntosh,40,1,0,35.37235506,-95.66599306,40091.0,204.12329046744236,2.5,39,38,1,0,37,29,19815,2,0,0,2,9
2020-06-22,US,Oklahoma,Murray,14,0,0,34.48116015,-97.06826283,40099.0,99.48127620265757,0.0,14,13,0,0,13,13,13953,1,0,0,1,0
2020-06-22,US,Oklahoma,Muskogee,97,9,0,35.61318461,-95.37802952,40101.0,142.65335235378032,9.278350515463918,88,94,9,0,85,92,68362,3,0,0,3,2
2020-06-22,US,Oklahoma,Noble,29,0,0,36.38953329,-97.22928674,40103.0,260.5336447758512,0.0,29,28,0,0,28,26,11289,1,0,0,1,2
2020-06-22,US,Oklahoma,Nowata,28,1,0,36.79843529,-95.61902331,40105.0,277.888050813815,3.571428571428572,27,28,1,0,27,27,10218,0,0,0,0,1
2020-06-22,US,Oklahoma,Okfuskee,11,0,0,35.46485198,-96.32639984,40107.0,91.72017009922456,0.0,11,7,0,0,7,7,12098,4,0,0,4,0
2020-06-22,US,Oklahoma,Oklahoma,2147,65,0,35.55140095,-97.40716948,40109.0,269.23858275418405,3.0274802049371217,2082,2099,65,0,2034,1990,792582,48,0,0,48,109
2020-06-22,US,Oklahoma,Okmulgee,48,0,0,35.64661916,-95.96432828,40111.0,124.78876901078905,0.0,48,45,0,0,45,40,38335,3,0,0,3,5
2020-06-22,US,Oklahoma,Osage,142,8,0,36.62888819,-96.39635704,40113.0,302.3656921406213,5.633802816901407,134,140,8,0,132,130,47014,2,0,0,2,10
2020-06-22,US,Oklahoma,Ottawa,44,2,0,36.83532655,-94.81011909,40115.0,141.35637870658914,4.545454545454546,42,44,2,0,42,43,31175,0,0,0,0,1
2020-06-22,US,Oklahoma,Pawnee,50,2,0,36.31743373,-96.70331759999999,40117.0,305.32486565705915,4.0,48,48,2,0,46,47,16390,2,0,0,2,1
2020-06-22,US,Oklahoma,Payne,264,1,0,36.07695283,-96.97584944,40119.0,322.8015259708501,0.3787878787878788,263,242,1,0,241,215,82040,22,0,0,22,27
2020-06-22,US,Oklahoma,Pittsburg,50,3,0,34.92065823,-95.75134320000001,40121.0,114.53704127914969,6.0,47,48,3,0,45,48,43877,2,0,0,2,0
2020-06-22,US,Oklahoma,Pontotoc,27,2,0,34.72959848,-96.68337199,40123.0,70.52554591996656,7.407407407407407,25,27,2,0,25,23,38247,0,0,0,0,4
2020-06-22,US,Oklahoma,Pottawatomie,88,4,0,35.20614018,-96.94923008,40125.0,121.22547939166849,4.545454545454546,84,85,4,0,81,83,72679,3,0,0,3,2
2020-06-22,US,Oklahoma,Pushmataha,8,0,0,34.41635232,-95.37603505,40127.0,72.09805335255948,0.0,8,9,0,0,9,9,11179,-1,0,0,-1,0
2020-06-22,US,Oklahoma,Rogers,128,5,0,36.37004357,-95.60406759,40131.0,138.43974085811007,3.90625,123,126,5,0,121,123,91984,2,0,0,2,3
2020-06-22,US,Oklahoma,Seminole,35,3,0,35.16478725,-96.61686741,40133.0,144.28229862313464,8.571428571428571,32,35,3,0,32,33,24578,0,0,0,0,2
2020-06-22,US,Oklahoma,Sequoyah,26,3,0,35.49447108,-94.75463785,40135.0,62.54660925208689,11.538461538461537,23,25,3,0,22,22,41179,1,0,0,1,3
2020-06-22,US,Oklahoma,Stephens,49,1,0,34.48556989,-97.85141892,40137.0,113.57578286164616,2.0408163265306123,48,49,1,0,48,49,43265,0,0,0,0,0
2020-06-22,US,Oklahoma,Texas,980,6,0,36.74777635,-101.4889765,40139.0,4904.168543261771,0.6122448979591837,974,980,6,0,974,978,20455,0,0,0,0,2
2020-06-22,US,Oklahoma,Tillman,23,1,0,34.37288446,-98.92426619,40141.0,317.2413793103448,4.3478260869565215,22,23,1,0,22,23,7348,0,0,0,0,0
2020-06-22,US,Oklahoma,Tulsa,2392,66,0,36.11939621,-95.94013939,40143.0,367.1234222287706,2.759197324414716,2326,2349,66,0,2283,2206,648360,43,0,0,43,143
2020-06-22,US,Oklahoma,Wagoner,215,17,0,35.96024096,-95.51911308,40145.0,264.48843016890356,7.906976744186046,198,210,17,0,193,202,80110,5,0,0,5,8
2020-06-22,US,Oklahoma,Washington,377,38,0,36.71380786,-95.90514104,40147.0,731.6552487045627,10.079575596816976,339,375,38,0,337,367,51843,2,0,0,2,8
2020-06-22,US,Oklahoma,Washita,3,0,0,35.29071824,-98.99180434,40149.0,27.482594356907292,0.0,3,3,0,0,3,3,11127,0,0,0,0,0
2020-06-22,US,Oklahoma,Woods,5,0,0,36.76705782,-98.86573064,40151.0,56.863414079381336,0.0,5,5,0,0,5,5,8897,0,0,0,0,0
2020-06-22,US,Oklahoma,Woodward,12,0,0,36.42316318,-99.26283045,40153.0,59.373608431052396,0.0,12,12,0,0,12,12,20222,0,0,0,0,0
2020-06-22,US,Oregon,Baker,1,0,0,44.70915557,-117.6749883,41001.0,6.201935003721161,0.0,1,1,0,0,1,1,16006,0,0,0,0,0
2020-06-22,US,Oregon,Benton,69,5,0,44.49167306,-123.4316987,41003.0,74.15129012498255,7.246376811594202,64,66,5,0,61,66,92101,3,0,0,3,0
2020-06-22,US,Oregon,Clackamas,607,23,0,45.18787398,-122.2179634,41005.0,145.1503753105668,3.789126853377265,584,561,22,0,539,561,416075,46,1,0,45,0
2020-06-22,US,Oregon,Clatsop,46,0,0,45.99712889,-123.660711,41007.0,114.35958631662687,0.0,46,46,0,0,46,46,39764,0,0,0,0,0
2020-06-22,US,Oregon,Columbia,26,0,0,45.94464254,-123.08908980000001,41009.0,49.66191694999428,0.0,26,26,0,0,26,26,52377,0,0,0,0,0
2020-06-22,US,Oregon,Coos,36,0,0,43.17406868,-124.0594514,41011.0,55.82520508009366,0.0,36,33,0,0,33,33,64389,3,0,0,3,0
2020-06-22,US,Oregon,Crook,9,0,0,44.14230227,-120.356297,41013.0,36.87920013112605,0.0,9,9,0,0,9,9,23867,0,0,0,0,0
2020-06-22,US,Oregon,Curry,7,0,0,42.45911325,-124.15728200000001,41015.0,30.53435114503817,0.0,7,7,0,0,7,7,22813,0,0,0,0,0
2020-06-22,US,Oregon,Deschutes,147,0,0,43.91570171,-121.2289121,41017.0,74.35809238613602,0.0,147,142,0,0,142,142,191996,5,0,0,5,0
2020-06-22,US,Oregon,Douglas,34,0,0,43.27941273,-123.16729099999999,41019.0,30.636150657776174,0.0,34,32,0,0,32,32,110283,2,0,0,2,0
2020-06-22,US,Oregon,Grant,1,0,0,44.49024544,-119.0068631,41023.0,13.890818169190164,0.0,1,1,0,0,1,1,7176,0,0,0,0,0
2020-06-22,US,Oregon,Harney,1,0,0,43.06422669,-118.96663059999999,41025.0,13.526308670363855,0.0,1,1,0,0,1,1,7329,0,0,0,0,0
2020-06-22,US,Oregon,Hood River,88,0,0,45.51872811,-121.65520359999998,41027.0,376.35788213155416,0.0,88,87,0,0,87,87,23428,1,0,0,1,0
2020-06-22,US,Oregon,Jackson,91,0,0,42.43201126,-122.72893090000001,41029.0,41.18690708957926,0.0,91,85,0,0,85,85,219564,6,0,0,6,0
2020-06-22,US,Oregon,Jefferson,79,0,0,44.62806839,-121.17832,41031.0,320.3828372130749,0.0,79,77,0,0,77,77,24192,2,0,0,2,0
2020-06-22,US,Oregon,Josephine,26,1,0,42.3665549,-123.5561938,41033.0,29.718701064158108,3.8461538461538463,25,26,1,0,25,26,87393,0,0,0,0,0
2020-06-22,US,Oregon,Klamath,88,0,0,42.68762984,-121.64964609999998,41035.0,128.96040329435212,0.0,88,80,0,0,80,80,67653,8,0,0,8,0
2020-06-22,US,Oregon,Lake,6,0,0,42.79246693,-120.38501629999999,41037.0,76.24857033930614,0.0,6,6,0,0,6,6,7879,0,0,0,0,0
2020-06-22,US,Oregon,Lane,106,3,0,43.93727035,-122.847753,41039.0,27.743825035923017,2.830188679245283,103,93,3,0,90,93,379611,13,0,0,13,0
2020-06-22,US,Oregon,Lincoln,292,1,0,44.64252874,-123.86991200000001,41041.0,584.4441775749569,0.3424657534246575,291,261,0,0,261,261,49388,31,1,0,30,0
2020-06-22,US,Oregon,Linn,129,9,0,44.48899494,-122.53731540000001,41043.0,99.42273158174628,6.9767441860465125,120,127,9,0,118,127,127335,2,0,0,2,0
2020-06-22,US,Oregon,Malheur,51,1,0,43.1937027,-117.62273950000001,41045.0,166.82476857152201,1.96078431372549,50,43,1,0,42,43,30725,8,0,0,8,0
2020-06-22,US,Oregon,Marion,1348,35,0,44.90287942,-122.58151170000001,41047.0,387.5590107469999,2.5964391691394657,1313,1264,34,0,1230,1264,346868,84,1,0,83,0
2020-06-22,US,Oregon,Morrow,32,1,0,45.41846568,-119.584546,41049.0,275.7907437731621,3.125,31,27,0,0,27,27,11372,5,1,0,4,0
2020-06-22,US,Oregon,Multnomah,1849,68,0,45.54747959,-122.4169351,41051.0,227.46984394510707,3.6776636019469984,1781,1714,68,0,1646,1714,811880,135,0,0,135,0
2020-06-22,US,Oregon,Polk,130,12,0,44.90322804,-123.4128888,41053.0,151.0135331358541,9.23076923076923,118,131,12,0,119,131,85234,-1,0,0,-1,0
2020-06-22,US,Oregon,Sherman,1,0,0,45.41501554,-120.6827834,41055.0,56.179775280898866,0.0,1,1,0,0,1,1,1708,0,0,0,0,0
2020-06-22,US,Oregon,Tillamook,6,0,0,45.46248721,-123.712066,41057.0,22.192632046160675,0.0,6,6,0,0,6,6,26787,0,0,0,0,0
2020-06-22,US,Oregon,Umatilla,279,4,0,45.59073056,-118.7353826,41059.0,357.92174470814626,1.4336917562724014,275,230,4,0,226,230,77516,49,0,0,49,0
2020-06-22,US,Oregon,Union,263,0,0,45.30915495,-118.0068979,41061.0,980.063350102478,0.0,263,253,0,0,253,253,26461,10,0,0,10,0
2020-06-22,US,Oregon,Wallowa,8,0,0,45.57894064,-117.18353799999998,41063.0,110.98779134295229,0.0,8,5,0,0,5,5,7081,3,0,0,3,0
2020-06-22,US,Oregon,Wasco,48,1,0,45.16292781,-121.16709540000001,41065.0,179.89655947830002,2.083333333333333,47,42,1,0,41,42,26505,6,0,0,6,0
2020-06-22,US,Oregon,Washington,1078,20,0,45.55972701,-123.0955257,41067.0,179.19121264910441,1.855287569573284,1058,992,20,0,972,992,597695,86,0,0,86,0
2020-06-22,US,Oregon,Yamhill,101,8,0,45.23330449,-123.3086963,41071.0,94.30438842203549,7.920792079207921,93,97,8,0,89,97,107002,4,0,0,4,0
2020-06-22,US,Pennsylvania,Adams,317,11,0,39.87140411,-77.21610347,42001.0,307.7401003795785,3.470031545741325,306,314,11,0,303,311,102811,3,0,0,3,3
2020-06-22,US,Pennsylvania,Allegheny,2220,179,0,40.46809875,-79.98167747,42003.0,182.55903358839515,8.063063063063064,2041,2175,179,0,1996,2159,1218452,45,0,0,45,16
2020-06-22,US,Pennsylvania,Armstrong,69,6,0,40.81665618,-79.46290811,42005.0,106.58839885687806,8.695652173913043,63,69,6,0,63,69,65263,0,0,0,0,0
2020-06-22,US,Pennsylvania,Beaver,625,77,0,40.6825484,-80.34921611,42007.0,381.2626197927152,12.32,548,624,77,0,547,621,164742,1,0,0,1,3
2020-06-22,US,Pennsylvania,Bedford,66,2,0,40.00522157,-78.48998442,42009.0,137.821583695289,3.0303030303030303,64,66,2,0,64,65,48176,0,0,0,0,1
2020-06-22,US,Pennsylvania,Berks,4419,345,0,40.41570541,-75.92457766,42011.0,1049.2349773484914,7.8071961982348945,4074,4407,344,0,4063,4388,420152,12,1,0,11,19
2020-06-22,US,Pennsylvania,Blair,58,1,0,40.47961444,-78.34917412,42013.0,47.60771244941681,1.7241379310344829,57,58,1,0,57,58,122492,0,0,0,0,0
2020-06-22,US,Pennsylvania,Bradford,50,3,0,41.78869215,-76.51570822,42015.0,82.88712431410904,6.0,47,50,3,0,47,49,60833,0,0,0,0,1
2020-06-22,US,Pennsylvania,Bucks,5567,552,0,40.33682119,-75.10836643,42017.0,886.084008467697,9.915573917729477,5015,5547,552,0,4995,5535,628195,20,0,0,20,12
2020-06-22,US,Pennsylvania,Butler,271,13,0,40.91152759,-79.91351055,42019.0,144.2617365706164,4.7970479704797055,258,268,13,0,255,263,187888,3,0,0,3,5
2020-06-22,US,Pennsylvania,Cambria,61,3,0,40.49527404,-78.71377428,42021.0,46.85387735037483,4.918032786885246,58,61,3,0,58,61,131730,0,0,0,0,0
2020-06-22,US,Pennsylvania,Cameron,2,0,0,41.43625568,-78.20376845,42023.0,44.974139869575005,0.0,2,2,0,0,2,2,4492,0,0,0,0,0
2020-06-22,US,Pennsylvania,Carbon,267,24,0,40.91545395,-75.7068525,42025.0,416.00448723941287,8.98876404494382,243,267,24,0,243,267,64227,0,0,0,0,0
2020-06-22,US,Pennsylvania,Centre,184,6,0,40.92058903,-77.82200624,42027.0,113.31095852449423,3.260869565217391,178,180,6,0,174,180,162805,4,0,0,4,0
2020-06-22,US,Pennsylvania,Chester,3513,316,0,39.97291773,-75.74768357,42029.0,669.1568775726729,8.995160831198406,3197,3486,316,0,3170,3457,522046,27,0,0,27,29
2020-06-22,US,Pennsylvania,Clarion,31,2,0,41.19265812,-79.42413524,42031.0,80.64935740673292,6.451612903225807,29,31,2,0,29,31,38779,0,0,0,0,0
2020-06-22,US,Pennsylvania,Clearfield,67,0,0,41.00110782,-78.47592663,42033.0,84.537253170147,0.0,67,66,0,0,66,66,79388,1,0,0,1,0
2020-06-22,US,Pennsylvania,Clinton,71,3,0,41.23255967,-77.63785995,42035.0,183.78546282874302,4.225352112676056,68,70,3,0,67,70,38684,1,0,0,1,0
2020-06-22,US,Pennsylvania,Columbia,397,33,0,41.04821986,-76.40565017,42037.0,611.1076904131519,8.312342569269521,364,392,33,0,359,391,65456,5,0,0,5,1
2020-06-22,US,Pennsylvania,Crawford,42,0,0,41.68447709,-80.10760592,42039.0,49.62837797917972,0.0,42,40,0,0,40,40,85063,2,0,0,2,0
2020-06-22,US,Pennsylvania,Cumberland,792,61,0,40.1625372,-77.26130755,42041.0,312.58633618818334,7.7020202020202015,731,786,61,0,725,774,251423,6,0,0,6,12
2020-06-22,US,Pennsylvania,Dauphin,1810,120,0,40.41377078,-76.77993242,42043.0,650.3796276666462,6.629834254143647,1690,1762,120,0,1642,1745,277097,48,0,0,48,17
2020-06-22,US,Pennsylvania,Delaware,7051,635,0,39.91680171,-75.40243663,42045.0,1244.1177456607622,9.005814778045668,6416,7038,635,0,6403,7023,564751,13,0,0,13,15
2020-06-22,US,Pennsylvania,Elk,9,0,0,41.42822061,-78.64524744,42047.0,30.09027081243731,0.0,9,8,0,0,8,8,30169,1,0,0,1,0
2020-06-22,US,Pennsylvania,Erie,535,9,0,41.99253829,-80.03301954,42049.0,198.34796535769368,1.6822429906542056,526,532,9,0,523,524,272061,3,0,0,3,8
2020-06-22,US,Pennsylvania,Fayette,104,4,0,39.92041012,-79.64291195,42051.0,80.44927827714777,3.8461538461538463,100,104,4,0,100,103,130441,0,0,0,0,1
2020-06-22,US,Pennsylvania,Forest,7,0,0,41.51095103,-79.23229292,42053.0,96.59169311439214,0.0,7,7,0,0,7,7,7279,0,0,0,0,0
2020-06-22,US,Pennsylvania,Franklin,882,42,0,39.92956518,-77.72157791,42055.0,568.933153579699,4.761904761904762,840,879,42,0,837,876,154835,3,0,0,3,3
2020-06-22,US,Pennsylvania,Fulton,18,1,0,39.92913544,-78.11163677,42057.0,123.88162422573986,5.5555555555555545,17,18,1,0,17,18,14523,0,0,0,0,0
2020-06-22,US,Pennsylvania,Greene,35,0,0,39.85746531,-80.22357106,42059.0,96.5970248116358,0.0,35,35,0,0,35,33,36506,0,0,0,0,2
2020-06-22,US,Pennsylvania,Huntingdon,240,4,0,40.42162652,-77.97673273,42061.0,531.632110579479,1.6666666666666667,236,240,4,0,236,240,45168,0,0,0,0,0
2020-06-22,US,Pennsylvania,Indiana,98,5,0,40.65241041,-79.08963285,42063.0,116.56536581304344,5.1020408163265305,93,98,5,0,93,98,84501,0,0,0,0,0
2020-06-22,US,Pennsylvania,Jefferson,20,1,0,41.12913106,-78.9986361,42065.0,46.056419113413924,5.0,19,20,1,0,19,20,43641,0,0,0,0,0
2020-06-22,US,Pennsylvania,Juniata,108,5,0,40.53358749,-77.39975129999998,42067.0,436.1345555869645,4.62962962962963,103,108,5,0,103,109,24704,0,0,0,0,-1
2020-06-22,US,Pennsylvania,Lackawanna,1627,200,0,41.43564672,-75.60379201,42069.0,775.9665003767752,12.292562999385373,1427,1622,200,0,1422,1622,210793,5,0,0,5,0
2020-06-22,US,Pennsylvania,Lancaster,4029,347,0,40.03904563,-76.24770128,42071.0,738.2852870681883,8.612558947629685,3682,3999,346,0,3653,3949,543557,30,1,0,29,50
2020-06-22,US,Pennsylvania,Lawrence,92,9,0,40.99206278,-80.33393706,42073.0,107.58723921788756,9.782608695652174,83,90,9,0,81,90,86184,2,0,0,2,0
2020-06-22,US,Pennsylvania,Lebanon,1261,40,0,40.36680311,-76.45651841,42075.0,889.3245787873873,3.1720856463124503,1221,1251,40,0,1211,1240,141314,10,0,0,10,11
2020-06-22,US,Pennsylvania,Lehigh,4091,279,0,40.6154815,-75.59435245,42077.0,1107.7174684147535,6.819848447812271,3812,4085,278,0,3807,4072,368100,6,1,0,5,13
2020-06-22,US,Pennsylvania,Luzerne,2870,171,0,41.17823008,-75.98447579,42079.0,904.1733744569448,5.958188153310106,2699,2864,171,0,2693,2861,317646,6,0,0,6,3
2020-06-22,US,Pennsylvania,Lycoming,173,19,0,41.34310539,-77.06629984,42081.0,152.69331591629228,10.982658959537574,154,173,19,0,154,172,113664,0,0,0,0,1
2020-06-22,US,Pennsylvania,McKean,15,1,0,41.80938602,-78.56478358,42083.0,36.92307692307692,6.666666666666668,14,14,1,0,13,13,40968,1,0,0,1,1
2020-06-22,US,Pennsylvania,Mercer,119,6,0,41.30248872,-80.25816981,42085.0,108.7512794268168,5.042016806722689,113,119,6,0,113,118,110683,0,0,0,0,1
2020-06-22,US,Pennsylvania,Mifflin,61,1,0,40.61116939,-77.61070738,42087.0,132.21205947375265,1.639344262295082,60,61,1,0,60,61,46222,0,0,0,0,0
2020-06-22,US,Pennsylvania,Monroe,1378,107,0,41.05934058,-75.34031025,42089.0,809.2981188810777,7.764876632801161,1271,1376,107,0,1269,1370,169507,2,0,0,2,6
2020-06-22,US,Pennsylvania,Montgomery,8123,784,0,40.21053671,-75.36652296,42091.0,977.5969864546917,9.651606549304443,7339,8103,784,0,7319,8076,828604,20,0,0,20,27
2020-06-22,US,Pennsylvania,Montour,68,0,0,41.03023987,-76.66345939,42093.0,373.0115194733955,0.0,68,68,0,0,68,68,18240,0,0,0,0,0
2020-06-22,US,Pennsylvania,Northampton,3312,252,0,40.75182733,-75.30471829,42095.0,1084.8878916422361,7.608695652173912,3060,3309,252,0,3057,3304,304807,3,0,0,3,5
2020-06-22,US,Pennsylvania,Northumberland,279,4,0,40.84785433,-76.70798222,42097.0,307.1232786235593,1.4336917562724014,275,271,4,0,267,256,91083,8,0,0,8,15
2020-06-22,US,Pennsylvania,Perry,83,5,0,40.40206612,-77.26297447,42099.0,179.37413554633468,6.024096385542169,78,83,5,0,78,82,46139,0,0,0,0,1
2020-06-22,US,Pennsylvania,Philadelphia,25116,1553,0,40.00338507,-75.1379271,42101.0,1585.5419983030988,6.1833094441790095,23563,24841,1553,0,23288,24841,1584138,275,0,0,275,0
2020-06-22,US,Pennsylvania,Pike,489,20,0,41.33155042,-75.03208106,42103.0,876.2027629952157,4.08997955010225,469,489,20,0,469,487,55933,0,0,0,0,2
2020-06-22,US,Pennsylvania,Potter,13,0,0,41.74471626,-77.89559864,42105.0,78.66392351446206,0.0,13,13,0,0,13,13,16622,0,0,0,0,0
2020-06-22,US,Pennsylvania,Schuylkill,715,43,0,40.70497338,-76.2150785,42107.0,505.804370432728,6.013986013986014,672,714,43,0,671,713,142067,1,0,0,1,1
2020-06-22,US,Pennsylvania,Snyder,61,1,0,40.77129231,-77.06840691,42109.0,151.09481819082532,1.639344262295082,60,61,1,0,60,61,40540,0,0,0,0,0
2020-06-22,US,Pennsylvania,Somerset,48,1,0,39.97172723,-79.02699593,42111.0,65.35324792026904,2.083333333333333,47,47,1,0,46,47,73952,1,0,0,1,0
2020-06-22,US,Pennsylvania,Sullivan,3,0,0,41.44634738,-76.51246591,42113.0,49.455984174085074,0.0,3,3,0,0,3,3,6071,0,0,0,0,0
2020-06-22,US,Pennsylvania,Susquehanna,178,20,0,41.82147784,-75.80071959,42115.0,441.3806784368182,11.235955056179776,158,178,20,0,158,178,40589,0,0,0,0,0
2020-06-22,US,Pennsylvania,Tioga,23,2,0,41.77255149,-77.25433032,42117.0,56.66280702618807,8.695652173913043,21,22,2,0,20,20,40763,1,0,0,1,2
2020-06-22,US,Pennsylvania,Union,89,2,0,40.96188846,-77.05996014,42119.0,198.11677759722198,2.247191011235955,87,88,2,0,86,85,44785,1,0,0,1,3
2020-06-22,US,Pennsylvania,Venango,17,0,0,41.40323442,-79.75845449,42121.0,33.55174863819373,0.0,17,17,0,0,17,17,51266,0,0,0,0,0
2020-06-22,US,Pennsylvania,Warren,5,0,0,41.81304978,-79.26969577,42123.0,12.758031180628205,0.0,5,5,0,0,5,5,39498,0,0,0,0,0
2020-06-22,US,Pennsylvania,Washington,168,6,0,40.19208869,-80.24582867,42125.0,81.21238488869551,3.571428571428572,162,168,6,0,162,165,207346,0,0,0,0,3
2020-06-22,US,Pennsylvania,Wayne,130,9,0,41.64938475,-75.29956506,42127.0,253.1103366367477,6.9230769230769225,121,130,9,0,121,130,51276,0,0,0,0,0
2020-06-22,US,Pennsylvania,Westmoreland,546,38,0,40.31377979999999,-79.46615476,42129.0,156.49228000080254,6.95970695970696,508,530,38,0,492,519,350611,16,0,0,16,11
2020-06-22,US,Pennsylvania,Wyoming,37,7,0,41.51955538,-76.01074915,42131.0,138.09061730238113,18.918918918918923,30,37,7,0,30,36,27046,0,0,0,0,1
2020-06-22,US,Pennsylvania,York,1351,36,0,39.9210089,-76.73040131,42133.0,300.8520057542678,2.6646928201332347,1315,1296,36,0,1260,1255,448273,55,0,0,55,41
2020-06-22,US,Rhode Island,Bristol,247,0,0,41.71018079,-71.28652315,44001.0,509.49895831184637,0.0,247,240,0,0,240,240,48649,7,0,0,7,0
2020-06-22,US,Rhode Island,Kent,1169,0,0,41.67106337,-71.57641596,44003.0,711.5379933289508,0.0,1169,1128,0,0,1128,1128,163861,41,0,0,41,0
2020-06-22,US,Rhode Island,Newport,294,0,0,41.5642026,-71.26569799,44005.0,358.17840695889475,0.0,294,277,0,0,277,277,82542,17,0,0,17,0
2020-06-22,US,Rhode Island,Providence,12712,0,0,41.87064746,-71.57753536,44007.0,1989.5732090006588,0.0,12712,12363,0,0,12363,12363,636084,349,0,0,349,0
2020-06-22,US,Rhode Island,Unassigned,1514,903,0,0.0,0.0,90044.0,0.0,59.643328929986794,611,1813,894,0,919,1813,,-299,9,0,-308,0
2020-06-22,US,Rhode Island,Washington,523,0,0,41.45961631,-71.61435303,44009.0,416.4775396768517,0.0,523,516,0,0,516,516,126179,7,0,0,7,0
2020-06-22,US,South Carolina,Abbeville,87,0,0,34.22333378,-82.46170658,45001.0,354.711134667917,0.0,87,88,0,0,88,86,24541,-1,0,0,-1,2
2020-06-22,US,South Carolina,Aiken,279,9,0,33.54338026,-81.63645384,45003.0,163.28011611030482,3.2258064516129035,270,274,9,0,265,267,169401,5,0,0,5,7
2020-06-22,US,South Carolina,Allendale,46,3,0,32.98837386,-81.35321066,45005.0,529.4659300184162,6.521739130434782,43,45,3,0,42,45,8903,1,0,0,1,0
2020-06-22,US,South Carolina,Anderson,461,10,0,34.51828081,-82.63959517,45007.0,227.58913496381282,2.169197396963124,451,441,10,0,431,423,200482,20,0,0,20,18
2020-06-22,US,South Carolina,Bamberg,66,0,0,33.21927586,-81.05659969,45009.0,469.2165505474193,0.0,66,66,0,0,66,60,14275,0,0,0,0,6
2020-06-22,US,South Carolina,Barnwell,60,1,0,33.26679302,-81.43584352,45011.0,287.54912297517495,1.6666666666666667,59,59,1,0,58,59,21112,1,0,0,1,0
2020-06-22,US,South Carolina,Beaufort,884,15,0,32.39226291,-80.72619758,45013.0,460.1242960202371,1.6968325791855203,869,857,15,0,842,816,188715,27,0,0,27,41
2020-06-22,US,South Carolina,Berkeley,644,20,0,33.20222596,-79.94654523,45015.0,282.5713997376123,3.1055900621118013,624,599,20,0,579,563,221091,45,0,0,45,36
2020-06-22,US,South Carolina,Calhoun,73,1,0,33.66926881,-80.77722168,45017.0,501.614787329073,1.3698630136986298,72,69,1,0,68,62,14520,4,0,0,4,7
2020-06-22,US,South Carolina,Charleston,2044,19,0,32.82487866,-79.96512315,45019.0,496.8328123556778,0.929549902152642,2025,1836,19,0,1817,1728,405905,208,0,0,208,108
2020-06-22,US,South Carolina,Cherokee,112,6,0,35.05122251,-81.61828622,45021.0,195.46247818499126,5.357142857142857,106,106,6,0,100,103,57078,6,0,0,6,3
2020-06-22,US,South Carolina,Chester,146,1,0,34.69249168,-81.1583216,45023.0,452.79741967497836,0.6849315068493149,145,138,1,0,137,134,32251,8,0,0,8,4
2020-06-22,US,South Carolina,Chesterfield,322,10,0,34.64137396,-80.15640140000002,45025.0,705.3669222343921,3.1055900621118013,312,311,10,0,301,309,45754,11,0,0,11,2
2020-06-22,US,South Carolina,Clarendon,365,42,0,33.66610974,-80.21647898,45027.0,1081.6417246999556,11.506849315068493,323,359,41,0,318,357,33700,6,1,0,5,2
2020-06-22,US,South Carolina,Colleton,245,20,0,32.87582989,-80.67641292,45029.0,650.2640868434322,8.16326530612245,225,244,20,0,224,234,37660,1,0,0,1,10
2020-06-22,US,South Carolina,Darlington,384,14,0,34.33358335,-79.96027485,45031.0,576.4207871746373,3.6458333333333335,370,376,13,0,363,373,66802,8,1,0,7,3
2020-06-22,US,South Carolina,Dillon,230,5,0,34.39007791,-79.37741872,45033.0,754.6179336592407,2.1739130434782608,225,226,5,0,221,223,30599,4,0,0,4,3
2020-06-22,US,South Carolina,Dorchester,390,3,0,33.0794369,-80.40502652,45035.0,239.54449692584564,0.7692307692307693,387,387,3,0,384,353,160647,3,0,0,3,34
2020-06-22,US,South Carolina,Edgefield,70,2,0,33.77221995,-81.96231108,45037.0,256.78650036683786,2.8571428571428568,68,69,2,0,67,65,27052,1,0,0,1,4
2020-06-22,US,South Carolina,Fairfield,259,20,0,34.39287073,-81.1195624,45039.0,1158.9922584686985,7.722007722007723,239,257,20,0,237,253,22402,2,0,0,2,4
2020-06-22,US,South Carolina,Florence,977,47,0,34.02361754,-79.70189312,45041.0,706.4710433644507,4.81064483111566,930,921,47,0,874,901,138159,56,0,0,56,20
2020-06-22,US,South Carolina,Georgetown,269,3,0,33.43443342,-79.33202141,45043.0,429.1640076579451,1.1152416356877324,266,258,3,0,255,240,62249,11,0,0,11,18
2020-06-22,US,South Carolina,Greenville,3768,74,0,34.89502264,-82.37295012,45045.0,719.7130316192398,1.9639065817409769,3694,3670,73,0,3597,3536,514213,98,1,0,97,134
2020-06-22,US,South Carolina,Greenwood,374,5,0,34.15272415,-82.12715789,45047.0,528.1665277993532,1.3368983957219251,369,371,5,0,366,353,70741,3,0,0,3,18
2020-06-22,US,South Carolina,Hampton,55,1,0,32.77419582,-81.13845571,45049.0,286.13047549682653,1.818181818181818,54,54,1,0,53,54,19351,1,0,0,1,0
2020-06-22,US,South Carolina,Horry,2054,39,0,33.9212828,-78.99555293,45051.0,580.0932554980358,1.8987341772151896,2015,1931,39,0,1892,1818,344147,123,0,0,123,113
2020-06-22,US,South Carolina,Jasper,82,3,0,32.43171982,-81.02487495,45053.0,272.66983673062214,3.6585365853658534,79,76,3,0,73,72,28971,6,0,0,6,4
2020-06-22,US,South Carolina,Kershaw,557,16,0,34.33988254,-80.58763164,45055.0,836.952111914171,2.8725314183123882,541,531,16,0,515,519,65592,26,0,0,26,12
2020-06-22,US,South Carolina,Lancaster,335,11,0,34.68270843,-80.70513032,45057.0,341.79488225931516,3.2835820895522385,324,322,10,0,312,313,95380,13,1,0,12,9
2020-06-22,US,South Carolina,Laurens,254,4,0,34.48244419,-82.00490796,45059.0,376.33532366319463,1.5748031496062993,250,237,4,0,233,219,66994,17,0,0,17,18
2020-06-22,US,South Carolina,Lee,256,20,0,34.16393091,-80.25690731,45061.0,1521.2740670311387,7.8125,236,254,20,0,234,251,17142,2,0,0,2,3
2020-06-22,US,South Carolina,Lexington,1513,42,0,33.89665987,-81.27146426,45063.0,506.4435146443514,2.7759418374091207,1471,1491,42,0,1449,1451,295032,22,0,0,22,40
2020-06-22,US,South Carolina,Marion,155,6,0,34.07859748,-79.36400756,45067.0,505.5941546791923,3.870967741935484,149,146,5,0,141,141,31039,9,1,0,8,5
2020-06-22,US,South Carolina,Marlboro,274,3,0,34.59905577,-79.67561152,45069.0,1049.0849222758252,1.094890510948905,271,267,3,0,264,261,26398,7,0,0,7,6
2020-06-22,US,South Carolina,McCormick,11,1,0,33.90161443,-82.30794338,45065.0,116.24220648842864,9.090909090909092,10,11,1,0,10,11,9410,0,0,0,0,0
2020-06-22,US,South Carolina,Newberry,137,3,0,34.28629098,-81.59935761,45071.0,356.3995837669095,2.18978102189781,134,132,3,0,129,125,38520,5,0,0,5,7
2020-06-22,US,South Carolina,Oconee,154,1,0,34.75225169,-83.06742317,45073.0,193.59867246624594,0.6493506493506493,153,136,1,0,135,110,78374,18,0,0,18,26
2020-06-22,US,South Carolina,Orangeburg,524,8,0,33.4391073,-80.79886287,45075.0,608.0649840440963,1.5267175572519085,516,506,8,0,498,471,86934,18,0,0,18,35
2020-06-22,US,South Carolina,Pickens,529,4,0,34.88807695,-82.72791551,45077.0,416.9162384540209,0.7561436672967864,525,499,4,0,495,464,124937,30,0,0,30,35
2020-06-22,US,South Carolina,Richland,2704,80,0,34.01791263,-80.90267209,45079.0,650.3767807792495,2.9585798816568047,2624,2663,79,0,2584,2629,414576,41,1,0,40,34
2020-06-22,US,South Carolina,Saluda,185,1,0,34.00795823,-81.72713237,45081.0,903.629170126508,0.5405405405405406,184,183,1,0,182,180,20544,2,0,0,2,3
2020-06-22,US,South Carolina,Spartanburg,1247,39,0,34.92960077,-81.99225984,45083.0,389.9494973185109,3.1275060144346427,1208,1200,39,0,1161,1183,313888,47,0,0,47,17
2020-06-22,US,South Carolina,Sumter,825,21,0,33.91826534,-80.37942316,45085.0,773.0437308495984,2.5454545454545454,804,791,21,0,770,776,106512,34,0,0,34,15
2020-06-22,US,South Carolina,Union,62,0,0,34.68835752,-81.61730349,45087.0,226.97320251867038,0.0,62,58,0,0,58,54,27410,4,0,0,4,4
2020-06-22,US,South Carolina,Williamsburg,339,15,0,33.62190129,-79.72767442,45089.0,1116.3066385669126,4.424778761061948,324,333,15,0,318,329,30606,6,0,0,6,4
2020-06-22,US,South Carolina,York,859,11,0,34.97281497,-81.18085944,45091.0,305.7167973407265,1.280558789289872,848,813,11,0,802,782,274118,46,0,0,46,31
2020-06-22,US,South Dakota,Aurora,34,0,0,43.71757685,-98.56050467,46003.0,1235.9142130134496,0.0,34,34,0,0,34,34,2801,0,0,0,0,0
2020-06-22,US,South Dakota,Beadle,494,6,0,44.41464384,-98.27858469,46005.0,2677.071478892321,1.214574898785425,488,494,6,0,488,481,18883,0,0,0,0,13
2020-06-22,US,South Dakota,Bennett,2,0,0,43.19486375,-101.6665572,46007.0,59.43536404160476,0.0,2,2,0,0,2,2,3468,0,0,0,0,0
2020-06-22,US,South Dakota,Bon Homme,11,0,0,42.98914167,-97.88592746,46009.0,159.39718881321548,0.0,11,11,0,0,11,11,6980,0,0,0,0,0
2020-06-22,US,South Dakota,Brookings,52,0,0,44.36974375,-96.79079945,46011.0,148.24528893576988,0.0,52,51,0,0,51,48,35232,1,0,0,1,3
2020-06-22,US,South Dakota,Brown,326,2,0,45.58994323,-98.35165355,46013.0,839.3624964597441,0.6134969325153374,324,324,2,0,322,323,39316,2,0,0,2,1
2020-06-22,US,South Dakota,Brule,15,0,0,43.71756379,-99.08118954,46015.0,283.1791580139701,0.0,15,15,0,0,15,15,5229,0,0,0,0,0
2020-06-22,US,South Dakota,Buffalo,66,0,0,44.07657829,-99.20814467,46017.0,3363.9143730886854,0.0,66,66,0,0,66,66,2036,0,0,0,0,0
2020-06-22,US,South Dakota,Charles Mix,49,0,0,43.20660134,-98.58856175,46023.0,527.3353422298752,0.0,49,48,0,0,48,47,9338,1,0,0,1,1
2020-06-22,US,South Dakota,Clark,12,0,0,44.85834507,-97.72925109,46025.0,321.19914346895075,0.0,12,11,0,0,11,11,3739,1,0,0,1,0
2020-06-22,US,South Dakota,Clay,73,0,0,42.91296147,-96.97656917,46027.0,518.8343994314143,0.0,73,73,0,0,73,73,14041,0,0,0,0,0
2020-06-22,US,South Dakota,Codington,49,0,0,44.97788119,-97.18827677,46029.0,174.94376807454745,0.0,49,49,0,0,49,49,28015,0,0,0,0,0
2020-06-22,US,South Dakota,Corson,15,0,0,45.70889983,-101.1970473,46031.0,367.1071953010279,0.0,15,15,0,0,15,15,4165,0,0,0,0,0
2020-06-22,US,South Dakota,Custer,7,0,0,43.67741105,-103.45345209999999,46033.0,78.0205082478823,0.0,7,7,0,0,7,6,8726,0,0,0,0,1
2020-06-22,US,South Dakota,Davison,35,0,0,43.67490933,-98.14458906,46035.0,176.99115044247787,0.0,35,35,0,0,35,34,19790,0,0,0,0,1
2020-06-22,US,South Dakota,Day,13,0,0,45.367281,-97.60737498,46037.0,239.6755162241888,0.0,13,13,0,0,13,13,5505,0,0,0,0,0
2020-06-22,US,South Dakota,Deuel,1,0,0,44.75994309,-96.66943645,46039.0,22.983222247759137,0.0,1,1,0,0,1,1,4337,0,0,0,0,0
2020-06-22,US,South Dakota,Dewey,4,0,0,45.15639647,-100.8709139,46041.0,67.88866259334691,0.0,4,4,0,0,4,4,5904,0,0,0,0,0
2020-06-22,US,South Dakota,Douglas,4,0,0,43.38520741,-98.36978007,46043.0,136.93940431359124,0.0,4,4,0,0,4,4,2935,0,0,0,0,0
2020-06-22,US,South Dakota,Edmunds,5,0,0,45.41846445,-99.21545423,46045.0,130.58239749281796,0.0,5,5,0,0,5,4,3875,0,0,0,0,1
2020-06-22,US,South Dakota,Fall River,7,0,0,43.23929297,-103.5275691,46047.0,104.2752867570386,0.0,7,6,0,0,6,6,6758,1,0,0,1,0
2020-06-22,US,South Dakota,Faulk,22,0,0,45.07082625,-99.14535601,46049.0,956.9377990430623,0.0,22,22,0,0,22,21,2330,0,0,0,0,1
2020-06-22,US,South Dakota,Grant,13,0,0,45.1723937,-96.77002276,46051.0,184.344866704481,0.0,13,13,0,0,13,13,7147,0,0,0,0,0
2020-06-22,US,South Dakota,Gregory,1,0,0,43.19419064,-99.18883902,46053.0,23.894862604540023,0.0,1,1,0,0,1,1,4212,0,0,0,0,0
2020-06-22,US,South Dakota,Hamlin,11,0,0,44.67385954,-97.18829593,46057.0,178.45554834523037,0.0,11,10,0,0,10,10,6111,1,0,0,1,0
2020-06-22,US,South Dakota,Hand,7,0,0,44.54708407,-99.00386459,46059.0,219.3669696020056,0.0,7,7,0,0,7,7,3262,0,0,0,0,0
2020-06-22,US,South Dakota,Hanson,5,0,0,43.6746384,-97.78715148,46061.0,144.8016217781639,0.0,5,4,0,0,4,3,3376,1,0,0,1,1
2020-06-22,US,South Dakota,Hughes,32,0,0,44.39091534,-99.99661148,46065.0,182.58587241812165,0.0,32,32,0,0,32,31,17650,0,0,0,0,1
2020-06-22,US,South Dakota,Hutchinson,10,0,0,43.33449012,-97.75536441,46067.0,137.1553970648745,0.0,10,10,0,0,10,10,7380,0,0,0,0,0
2020-06-22,US,South Dakota,Hyde,3,0,0,44.54747703,-99.48572582,46069.0,230.59185242121444,0.0,3,3,0,0,3,3,1282,0,0,0,0,0
2020-06-22,US,South Dakota,Jackson,6,1,0,43.69318385,-101.6255063,46071.0,179.42583732057415,16.666666666666668,5,6,1,0,5,6,3307,0,0,0,0,0
2020-06-22,US,South Dakota,Jerauld,39,1,0,44.06637798,-98.62965972,46073.0,1937.4068554396426,2.5641025641025643,38,39,1,0,38,39,2043,0,0,0,0,0
2020-06-22,US,South Dakota,Kingsbury,5,0,0,44.36956169,-97.4913945,46077.0,101.23506782749544,0.0,5,5,0,0,5,4,4919,0,0,0,0,1
2020-06-22,US,South Dakota,Lake,17,1,0,44.02193107,-97.12926365,46079.0,132.84363522700633,5.882352941176472,16,17,1,0,16,17,13057,0,0,0,0,0
2020-06-22,US,South Dakota,Lawrence,16,0,0,44.35919441,-103.79294279999999,46081.0,61.90992106485064,0.0,16,16,0,0,16,16,25741,0,0,0,0,0
2020-06-22,US,South Dakota,Lincoln,323,1,0,43.27841182,-96.72039050000001,46083.0,528.3994241591415,0.30959752321981426,322,323,1,0,322,317,58807,0,0,0,0,6
2020-06-22,US,South Dakota,Lyman,48,0,0,43.89522709,-99.85201878,46085.0,1269.5054218460725,0.0,48,47,0,0,47,46,3821,1,0,0,1,1
2020-06-22,US,South Dakota,Marshall,5,0,0,45.75870838,-97.59855639,46091.0,101.31712259371834,0.0,5,5,0,0,5,5,5112,0,0,0,0,0
2020-06-22,US,South Dakota,McCook,8,1,0,43.6742571,-97.36863144,46087.0,143.21518080916576,12.5,7,8,1,0,7,8,5546,0,0,0,0,0
2020-06-22,US,South Dakota,McPherson,4,0,0,45.76626028,-99.22118798,46089.0,168.13787305590589,0.0,4,4,0,0,4,3,2407,0,0,0,0,1
2020-06-22,US,South Dakota,Meade,43,1,0,44.56676791,-102.71627409999999,46093.0,151.77184808696882,2.3255813953488373,42,42,1,0,41,42,28294,1,0,0,1,0
2020-06-22,US,South Dakota,Mellette,2,0,0,43.58078848,-100.7563186,46095.0,97.0402717127608,0.0,2,2,0,0,2,2,2042,0,0,0,0,0
2020-06-22,US,South Dakota,Miner,5,0,0,44.02197882,-97.60992207,46097.0,225.6317689530686,0.0,5,5,0,0,5,5,2213,0,0,0,0,0
2020-06-22,US,South Dakota,Minnehaha,3534,54,0,43.67441641,-96.7910885,46099.0,1829.8176395663118,1.528013582342954,3480,3523,54,0,3469,3503,192876,11,0,0,11,20
2020-06-22,US,South Dakota,Moody,21,0,0,44.02266214,-96.67081159,46101.0,319.3430656934307,0.0,21,21,0,0,21,21,6579,0,0,0,0,0
2020-06-22,US,South Dakota,Oglala Lakota,56,0,0,43.33749164,-102.55554980000001,46102.0,395.0059956267193,0.0,56,55,0,0,55,54,14309,1,0,0,1,1
2020-06-22,US,South Dakota,Pennington,462,11,0,44.0025835,-102.8240777,46103.0,406.06460118655235,2.380952380952381,451,457,11,0,446,446,111729,5,0,0,5,11
2020-06-22,US,South Dakota,Roberts,40,0,0,45.62975048,-96.94672673,46109.0,384.83740619588224,0.0,40,40,0,0,40,40,10447,0,0,0,0,0
2020-06-22,US,South Dakota,Sanborn,12,0,0,44.02351092,-98.09098159999999,46111.0,511.9453924914676,0.0,12,12,0,0,12,12,2429,0,0,0,0,0
2020-06-22,US,South Dakota,Spink,8,0,0,44.93837606,-98.34626602,46115.0,125.47051442910916,0.0,8,7,0,0,7,6,6495,1,0,0,1,1
2020-06-22,US,South Dakota,Stanley,12,0,0,44.41381872,-100.7349153,46117.0,387.34667527437057,0.0,12,12,0,0,12,12,3022,0,0,0,0,0
2020-06-22,US,South Dakota,Sully,1,0,0,44.71571812,-100.1278092,46119.0,71.89072609633357,0.0,1,1,0,0,1,1,1392,0,0,0,0,0
2020-06-22,US,South Dakota,Todd,50,1,0,43.19338568,-100.71955030000001,46121.0,491.3039206052864,2.0,49,50,1,0,49,50,10283,0,0,0,0,0
2020-06-22,US,South Dakota,Tripp,12,0,0,43.34459388,-99.8854891,46123.0,220.5476934387061,0.0,12,12,0,0,12,9,5478,0,0,0,0,3
2020-06-22,US,South Dakota,Turner,24,0,0,43.3109081,-97.14865776,46125.0,286.25954198473283,0.0,24,24,0,0,24,25,8424,0,0,0,0,-1
2020-06-22,US,South Dakota,Union,117,1,0,42.83112163,-96.6557828,46127.0,734.3710770775798,0.8547008547008547,116,117,1,0,116,116,15619,0,0,0,0,1
2020-06-22,US,South Dakota,Walworth,7,0,0,45.43019636,-100.03075140000001,46129.0,128.79484820607175,0.0,7,7,0,0,7,7,5587,0,0,0,0,0
2020-06-22,US,South Dakota,Yankton,69,0,0,43.00924485,-97.39467635,46135.0,302.4458665731568,0.0,69,68,0,0,68,65,22869,1,0,0,1,3
2020-06-22,US,South Dakota,Ziebach,2,0,0,44.97881876,-101.6654622,46137.0,72.5689404934688,0.0,2,2,0,0,2,2,2742,0,0,0,0,0
2020-06-22,US,Tennessee,Anderson,75,2,0,36.12684348,-84.19965764,47001.0,97.43043466964588,2.6666666666666665,73,74,2,0,72,74,76482,1,0,0,1,0
2020-06-22,US,Tennessee,Bedford,432,4,0,35.51123746,-86.45549096,47003.0,868.9879910687346,0.925925925925926,428,430,4,0,426,428,49038,2,0,0,2,2
2020-06-22,US,Tennessee,Benton,8,1,0,36.07110411,-88.06849355,47005.0,49.504950495049506,12.5,7,8,1,0,7,8,16184,0,0,0,0,0
2020-06-22,US,Tennessee,Bledsoe,613,1,0,35.59942968,-85.20611967,47007.0,4069.3043016463093,0.1631321370309951,612,613,1,0,612,613,14755,0,0,0,0,0
2020-06-22,US,Tennessee,Blount,130,3,0,35.68938198,-83.92847788,47009.0,97.6797307044963,2.3076923076923075,127,127,3,0,124,127,131349,3,0,0,3,0
2020-06-22,US,Tennessee,Bradley,349,3,0,35.15739424,-84.857186,47011.0,322.81935066136344,0.8595988538681948,346,338,3,0,335,328,106727,11,0,0,11,10
2020-06-22,US,Tennessee,Campbell,26,1,0,36.40355516,-84.15108559999999,47013.0,65.2577681843281,3.8461538461538463,25,26,1,0,25,26,39583,0,0,0,0,0
2020-06-22,US,Tennessee,Cannon,23,0,0,35.80990797,-86.05738983,47015.0,156.69709769723394,0.0,23,23,0,0,23,23,14462,0,0,0,0,0
2020-06-22,US,Tennessee,Carroll,36,1,0,35.97366108,-88.45189331,47017.0,129.6503043180754,2.7777777777777777,35,36,1,0,35,36,28020,0,0,0,0,0
2020-06-22,US,Tennessee,Carter,30,1,0,36.28969086,-82.12588974,47019.0,53.19997872000851,3.333333333333333,29,30,1,0,29,28,56351,0,0,0,0,2
2020-06-22,US,Tennessee,Cheatham,167,0,0,36.26136216,-87.08903581,47021.0,410.65237170187135,0.0,167,165,0,0,165,164,40439,2,0,0,2,1
2020-06-22,US,Tennessee,Chester,14,0,0,35.42527478,-88.6095842,47023.0,80.93889113719142,0.0,14,14,0,0,14,14,17276,0,0,0,0,0
2020-06-22,US,Tennessee,Claiborne,16,0,0,36.48319149,-83.65947309,47025.0,50.06414468537814,0.0,16,16,0,0,16,16,31756,0,0,0,0,0
2020-06-22,US,Tennessee,Clay,13,0,0,36.55151008,-85.53930419,47027.0,170.71569271175312,0.0,13,13,0,0,13,13,7717,0,0,0,0,0
2020-06-22,US,Tennessee,Cocke,31,0,0,35.9278914,-83.11828725,47029.0,86.10154427285858,0.0,31,29,0,0,29,29,35774,2,0,0,2,0
2020-06-22,US,Tennessee,Coffee,99,0,0,35.49090731,-86.07311784,47031.0,175.15923566878982,0.0,99,99,0,0,99,99,55700,0,0,0,0,0
2020-06-22,US,Tennessee,Crockett,25,3,0,35.81830662,-89.14916269,47033.0,175.68517217146874,12.0,22,25,3,0,22,25,14328,0,0,0,0,0
2020-06-22,US,Tennessee,Cumberland,145,3,0,35.95271721,-84.99840585,47035.0,239.5902181097158,2.0689655172413794,142,142,3,0,139,137,59673,3,0,0,3,5
2020-06-22,US,Tennessee,Davidson,7716,96,0,36.17007426,-86.78646056,47037.0,1111.5849160981006,1.2441679626749609,7620,7668,95,0,7573,7571,692587,48,1,0,47,97
2020-06-22,US,Tennessee,DeKalb,42,0,0,35.97616272,-85.83689361,47041.0,204.97803806734996,0.0,42,43,0,0,43,42,20138,-1,0,0,-1,1
2020-06-22,US,Tennessee,Decatur,15,0,0,35.60048904,-88.11043779,47039.0,128.61184943839493,0.0,15,15,0,0,15,15,11706,0,0,0,0,0
2020-06-22,US,Tennessee,Dickson,146,0,0,36.14669837,-87.35891709,47043.0,270.6309779787944,0.0,146,147,0,0,147,145,53446,-1,0,0,-1,2
2020-06-22,US,Tennessee,Dyer,164,0,0,36.05931946,-89.41542855,47045.0,441.3466454963804,0.0,164,158,0,0,158,145,37320,6,0,0,6,13
2020-06-22,US,Tennessee,Fayette,203,2,0,35.19615831,-89.41399032,47047.0,493.52101718814583,0.9852216748768472,201,195,2,0,193,193,40507,8,0,0,8,2
2020-06-22,US,Tennessee,Fentress,15,0,0,36.38128818,-84.92870012,47049.0,80.98040274253631,0.0,15,15,0,0,15,15,18217,0,0,0,0,0
2020-06-22,US,Tennessee,Franklin,69,2,0,35.15634626,-86.09201039,47051.0,163.4761182714177,2.898550724637681,67,67,2,0,65,65,41890,2,0,0,2,2
2020-06-22,US,Tennessee,Gibson,77,1,0,35.99438059,-88.93358327,47053.0,156.71748112266704,1.2987012987012987,76,77,1,0,76,75,49045,0,0,0,0,2
2020-06-22,US,Tennessee,Giles,24,0,0,35.20222469,-87.03992678,47055.0,81.45533532446375,0.0,24,24,0,0,24,24,29503,0,0,0,0,0
2020-06-22,US,Tennessee,Grainger,25,0,0,36.27469206,-83.51254721,47057.0,107.2041166380789,0.0,25,25,0,0,25,25,23145,0,0,0,0,0
2020-06-22,US,Tennessee,Greene,56,2,0,36.17470125,-82.84691273,47059.0,81.07834194790715,3.571428571428572,54,55,2,0,53,55,69087,1,0,0,1,0
2020-06-22,US,Tennessee,Grundy,48,1,0,35.38433717,-85.72142731,47061.0,357.48864228792735,2.083333333333333,47,46,1,0,45,46,13346,2,0,0,2,0
2020-06-22,US,Tennessee,Hamblen,121,4,0,36.21990035,-83.26586179,47063.0,186.34305602611886,3.3057851239669422,117,117,4,0,113,109,64569,4,0,0,4,8
2020-06-22,US,Tennessee,Hamilton,2103,26,0,35.17670231,-85.16652245,47065.0,571.7719220019358,1.2363290537327627,2077,2074,25,0,2049,2050,364286,29,1,0,28,24
2020-06-22,US,Tennessee,Hancock,3,0,0,36.52692871,-83.22375847,47067.0,45.31722054380665,0.0,3,3,0,0,3,3,6549,0,0,0,0,0
2020-06-22,US,Tennessee,Hardeman,257,1,0,35.20772017,-88.99161161,47069.0,1025.9481037924154,0.3891050583657588,256,255,1,0,254,253,25220,2,0,0,2,2
2020-06-22,US,Tennessee,Hardin,69,5,0,35.19732531,-88.18593755,47071.0,268.98487447372526,7.246376811594202,64,57,5,0,52,53,25776,12,0,0,12,4
2020-06-22,US,Tennessee,Hawkins,40,2,0,36.44355426,-82.94885298,47073.0,70.43989715775015,5.0,38,39,2,0,37,38,56530,1,0,0,1,1
2020-06-22,US,Tennessee,Haywood,48,2,0,35.58332824,-89.28536625,47075.0,277.3925104022192,4.166666666666667,46,45,2,0,43,41,17335,3,0,0,3,4
2020-06-22,US,Tennessee,Henderson,22,0,0,35.65581134,-88.38600175,47077.0,78.24447842941994,0.0,22,21,0,0,21,20,27847,1,0,0,1,1
2020-06-22,US,Tennessee,Henry,36,0,0,36.33160906,-88.30121797,47079.0,111.30004637501932,0.0,36,36,0,0,36,36,32358,0,0,0,0,0
2020-06-22,US,Tennessee,Hickman,64,0,0,35.80609681,-87.47643507,47081.0,254.19016601795215,0.0,64,64,0,0,64,64,25063,0,0,0,0,0
2020-06-22,US,Tennessee,Houston,10,0,0,36.28872054,-87.71878828,47083.0,121.93634922570419,0.0,10,10,0,0,10,10,8263,0,0,0,0,0
2020-06-22,US,Tennessee,Humphreys,18,1,0,36.03958805,-87.77992872,47085.0,96.867936712948,5.5555555555555545,17,18,1,0,17,18,18486,0,0,0,0,0
2020-06-22,US,Tennessee,Jackson,22,0,0,36.36380466,-85.67239905,47087.0,186.66214152384185,0.0,22,21,0,0,21,21,11758,1,0,0,1,0
2020-06-22,US,Tennessee,Jefferson,64,0,0,36.04818632,-83.45148924,47089.0,117.44196715294979,0.0,64,61,0,0,61,61,54012,3,0,0,3,0
2020-06-22,US,Tennessee,Johnson,26,0,0,36.45523950000001,-81.84886538,47091.0,146.16595457611876,0.0,26,26,0,0,26,26,17778,0,0,0,0,0
2020-06-22,US,Tennessee,Knox,693,5,0,35.99508821,-83.94635435,47093.0,147.34868055954226,0.7215007215007215,688,656,5,0,651,638,465289,37,0,0,37,18
2020-06-22,US,Tennessee,Lake,689,0,0,36.34180170000001,-89.48921915,47095.0,9820.410490307868,0.0,689,689,0,0,689,689,7411,0,0,0,0,0
2020-06-22,US,Tennessee,Lauderdale,75,1,0,35.75893438,-89.63015909999999,47097.0,292.59158116490465,1.3333333333333333,74,72,1,0,71,71,25825,3,0,0,3,1
2020-06-22,US,Tennessee,Lawrence,81,2,0,35.21675201,-87.39787695,47099.0,183.49870871279052,2.469135802469136,79,81,2,0,79,81,43734,0,0,0,0,0
2020-06-22,US,Tennessee,Lewis,5,0,0,35.52853208,-87.49022694,47101.0,40.75643951744376,0.0,5,5,0,0,5,5,12086,0,0,0,0,0
2020-06-22,US,Tennessee,Lincoln,49,0,0,35.13738622,-86.58910106,47103.0,142.58278531106325,0.0,49,49,0,0,49,49,34117,0,0,0,0,0
2020-06-22,US,Tennessee,Loudon,234,1,0,35.73939663,-84.31145275,47105.0,432.78834060812306,0.4273504273504273,233,232,1,0,231,230,53054,2,0,0,2,2
2020-06-22,US,Tennessee,Macon,223,3,0,36.53157855,-86.00778595,47111.0,906.430371514511,1.345291479820628,220,222,3,0,219,219,24265,1,0,0,1,3
2020-06-22,US,Tennessee,Madison,196,2,0,35.61181957,-88.84076036,47113.0,200.03265839320702,1.020408163265306,194,193,2,0,191,192,97605,3,0,0,3,1
2020-06-22,US,Tennessee,Marion,50,3,0,35.12997174,-85.62265895,47115.0,172.96848514200715,6.0,47,50,3,0,47,49,28575,0,0,0,0,1
2020-06-22,US,Tennessee,Marshall,46,1,0,35.45798777,-86.76420988,47117.0,133.8181818181818,2.1739130434782608,45,46,1,0,45,46,33683,0,0,0,0,0
2020-06-22,US,Tennessee,Maury,224,2,0,35.618741299999996,-87.07462444,47119.0,232.39648500316434,0.8928571428571429,222,220,2,0,218,218,94340,4,0,0,4,2
2020-06-22,US,Tennessee,McMinn,175,15,0,35.42812616,-84.61520715,47107.0,325.3150909023311,8.571428571428571,160,173,15,0,158,172,53285,2,0,0,2,1
2020-06-22,US,Tennessee,McNairy,42,0,0,35.17468549,-88.5647812,47109.0,163.4622869152331,0.0,42,40,0,0,40,38,25832,2,0,0,2,2
2020-06-22,US,Tennessee,Meigs,31,0,0,35.51558739,-84.81482914,47121.0,249.55723715987762,0.0,31,31,0,0,31,30,12306,0,0,0,0,1
2020-06-22,US,Tennessee,Monroe,109,4,0,35.44550387,-84.24902965,47123.0,234.18197443334407,3.669724770642202,105,108,4,0,104,107,46357,1,0,0,1,1
2020-06-22,US,Tennessee,Montgomery,385,5,0,36.49609412,-87.38550661,47125.0,184.21669625298455,1.2987012987012987,380,384,5,0,379,368,205950,1,0,0,1,16
2020-06-22,US,Tennessee,Moore,5,0,0,35.27724699,-86.36230578,47127.0,77.06535141800245,0.0,5,5,0,0,5,5,6411,0,0,0,0,0
2020-06-22,US,Tennessee,Morgan,22,1,0,36.13248031,-84.64880098,47129.0,102.78932859879455,4.545454545454546,21,22,1,0,21,22,21579,0,0,0,0,0
2020-06-22,US,Tennessee,Obion,71,1,0,36.35732446,-89.14921589,47131.0,236.1235824270844,1.4084507042253518,70,71,1,0,70,71,30267,0,0,0,0,0
2020-06-22,US,Tennessee,Out of TN,632,8,0,0.0,0.0,80047.0,0.0,1.2658227848101269,624,650,8,0,642,563,,-18,0,0,-18,87
2020-06-22,US,Tennessee,Overton,43,0,0,36.34117832,-85.28989535,47133.0,193.3366305471876,0.0,43,42,0,0,42,41,22068,1,0,0,1,1
2020-06-22,US,Tennessee,Perry,28,0,0,35.63708728,-87.86139634,47135.0,346.7062902426944,0.0,28,28,0,0,28,28,8064,0,0,0,0,0
2020-06-22,US,Tennessee,Pickett,5,0,0,36.55606529,-85.07763299999998,47137.0,99.04912836767036,0.0,5,4,0,0,4,4,5082,1,0,0,1,0
2020-06-22,US,Tennessee,Polk,36,0,0,35.12245443,-84.52075859,47139.0,213.8783269961977,0.0,36,32,0,0,32,32,16898,4,0,0,4,0
2020-06-22,US,Tennessee,Putnam,673,7,0,36.14005459,-85.50646123,47141.0,838.6815377905167,1.0401188707280833,666,663,7,0,656,655,78843,10,0,0,10,8
2020-06-22,US,Tennessee,Rhea,255,0,0,35.60536161,-84.93076643,47143.0,768.8364941055869,0.0,255,256,0,0,256,253,33044,-1,0,0,-1,3
2020-06-22,US,Tennessee,Roane,34,0,0,35.84923189,-84.52458689,47145.0,63.691881158442925,0.0,34,34,0,0,34,34,53140,0,0,0,0,0
2020-06-22,US,Tennessee,Robertson,708,10,0,36.52454807,-86.87346725,47147.0,985.8939189283276,1.4124293785310735,698,705,9,0,696,701,71012,3,1,0,2,4
2020-06-22,US,Tennessee,Rutherford,2100,32,0,35.84591405,-86.4107263,47149.0,631.9876010051613,1.5238095238095235,2068,2060,32,0,2028,2019,324890,40,0,0,40,41
2020-06-22,US,Tennessee,Scott,14,0,0,36.42325673,-84.50360494,47151.0,63.44027551205365,0.0,14,14,0,0,14,14,22039,0,0,0,0,0
2020-06-22,US,Tennessee,Sequatchie,24,0,0,35.36979721,-85.41022136,47153.0,159.72314654598696,0.0,24,24,0,0,24,22,14876,0,0,0,0,2
2020-06-22,US,Tennessee,Sevier,422,3,0,35.78077323,-83.52244332,47155.0,429.51653944020364,0.7109004739336493,419,420,3,0,417,411,97892,2,0,0,2,9
2020-06-22,US,Tennessee,Shelby,8064,165,0,35.1864775,-89.89692423,47157.0,860.4665555515245,2.046130952380953,7899,7916,163,0,7753,7737,935764,148,2,0,146,179
2020-06-22,US,Tennessee,Smith,50,1,0,36.25359775,-85.95411046,47159.0,248.05278563278264,2.0,49,50,1,0,49,49,19942,0,0,0,0,1
2020-06-22,US,Tennessee,Stewart,17,0,0,36.50235092,-87.83920548,47161.0,123.95187750637987,0.0,17,17,0,0,17,17,13561,0,0,0,0,0
2020-06-22,US,Tennessee,Sullivan,73,2,0,36.51240691,-82.30412917,47163.0,46.10099275014525,2.7397260273972597,71,72,2,0,70,72,157668,1,0,0,1,0
2020-06-22,US,Tennessee,Sumner,1196,49,0,36.46824103,-86.45917204,47165.0,625.251590575221,4.096989966555183,1147,1181,49,0,1132,1165,187149,15,0,0,15,16
2020-06-22,US,Tennessee,Tipton,563,4,0,35.501942,-89.73694895,47167.0,913.9758762317571,0.7104795737122558,559,562,4,0,558,554,61581,1,0,0,1,8
2020-06-22,US,Tennessee,Trousdale,1466,5,0,36.39026213,-86.16087954,47169.0,12991.846862814607,0.34106412005457026,1461,1466,5,0,1461,1466,11012,0,0,0,0,0
2020-06-22,US,Tennessee,Unassigned,225,0,0,0.0,0.0,90047.0,0.0,0.0,225,206,0,0,206,174,,19,0,0,19,32
2020-06-22,US,Tennessee,Unicoi,53,0,0,36.10890856,-82.43709629,47171.0,296.3708550019572,0.0,53,52,0,0,52,52,17761,1,0,0,1,0
2020-06-22,US,Tennessee,Union,10,0,0,36.28590426,-83.83651902,47173.0,50.07009813739235,0.0,10,10,0,0,10,9,19688,0,0,0,0,1
2020-06-22,US,Tennessee,Van Buren,5,0,0,35.69864497,-85.45221699,47175.0,85.14986376021798,0.0,5,5,0,0,5,5,5765,0,0,0,0,0
2020-06-22,US,Tennessee,Warren,34,0,0,35.672829899999996,-85.77969117,47177.0,82.37032730091819,0.0,34,34,0,0,34,33,40878,0,0,0,0,1
2020-06-22,US,Tennessee,Washington,103,0,0,36.29472368,-82.49454720000001,47179.0,79.61352657004831,0.0,103,102,0,0,102,101,128607,1,0,0,1,1
2020-06-22,US,Tennessee,Wayne,65,0,0,35.23868267,-87.78644456,47181.0,389.85185629460807,0.0,65,64,0,0,64,64,16558,1,0,0,1,0
2020-06-22,US,Tennessee,Weakley,43,0,0,36.29896232,-88.71990865,47183.0,129.02064330292848,0.0,43,42,0,0,42,41,33415,1,0,0,1,1
2020-06-22,US,Tennessee,White,54,3,0,35.92929884,-85.45591799,47185.0,197.4766867800329,5.5555555555555545,51,54,3,0,51,53,27107,0,0,0,0,1
2020-06-22,US,Tennessee,Williamson,793,13,0,35.89099229,-86.89281867,47187.0,332.6174856970286,1.639344262295082,780,782,13,0,769,775,231729,11,0,0,11,7
2020-06-22,US,Tennessee,Wilson,625,15,0,36.15496772,-86.29775884,47189.0,432.056519905708,2.4,610,616,15,0,601,595,140625,9,0,0,9,21
2020-06-22,US,Texas,Anderson,1006,2,0,31.81534745,-95.65354823,48001.0,1742.44392482896,0.1988071570576541,1004,1006,2,0,1004,1006,58057,0,0,0,0,0
2020-06-22,US,Texas,Andrews,44,0,0,32.30468633,-102.63765479999999,48003.0,235.2312215985031,0.0,44,44,0,0,44,42,18128,0,0,0,0,2
2020-06-22,US,Texas,Angelina,380,6,0,31.25457347,-94.60901487,48005.0,438.21714812892816,1.5789473684210529,374,380,6,0,374,380,87092,0,0,0,0,0
2020-06-22,US,Texas,Aransas,7,0,0,28.10556197,-96.9995047,48007.0,29.774564015312638,0.0,7,7,0,0,7,7,23792,0,0,0,0,0
2020-06-22,US,Texas,Archer,3,0,0,33.61569967,-98.68754589,48009.0,35.0754121360926,0.0,3,3,0,0,3,3,8786,0,0,0,0,0
2020-06-22,US,Texas,Armstrong,3,0,0,34.96507426,-101.35748740000001,48011.0,158.9825119236884,0.0,3,3,0,0,3,3,1892,0,0,0,0,0
2020-06-22,US,Texas,Atascosa,70,2,0,28.89333001,-98.52730485,48013.0,136.84436885422164,2.8571428571428568,68,70,2,0,68,69,50310,0,0,0,0,1
2020-06-22,US,Texas,Austin,48,0,0,29.88548725,-96.27736949,48015.0,159.82951518380398,0.0,48,45,0,0,45,43,29989,3,0,0,3,2
2020-06-22,US,Texas,Bailey,86,0,0,34.06854817,-102.8299707,48017.0,1228.5714285714287,0.0,86,83,0,0,83,83,7027,3,0,0,3,0
2020-06-22,US,Texas,Bandera,15,0,0,29.74619598,-99.24598147,48019.0,64.90134994807892,0.0,15,15,0,0,15,15,22824,0,0,0,0,0
2020-06-22,US,Texas,Bastrop,363,4,0,30.10370699,-97.31206354,48021.0,409.1385548279477,1.1019283746556474,359,340,4,0,336,340,86976,23,0,0,23,0
2020-06-22,US,Texas,Baylor,1,0,0,33.61640794,-99.21352901,48023.0,28.498147620404676,0.0,1,1,0,0,1,1,3582,0,0,0,0,0
2020-06-22,US,Texas,Bee,36,0,0,28.41761668,-97.74215593,48025.0,110.54813450023029,0.0,36,36,0,0,36,34,32587,0,0,0,0,2
2020-06-22,US,Texas,Bell,822,10,0,31.03736027,-97.4785025,48027.0,226.49370116057358,1.2165450121654502,812,822,10,0,812,818,355642,0,0,0,0,4
2020-06-22,US,Texas,Bexar,6882,97,0,29.44928723,-98.52019748,48029.0,343.4896189471309,1.4094739901191513,6785,6344,96,0,6248,5962,1986049,538,1,0,537,382
2020-06-22,US,Texas,Blanco,22,1,0,30.26640707,-98.3999852,48031.0,184.39359651328476,4.545454545454546,21,14,1,0,13,14,11702,8,0,0,8,0
2020-06-22,US,Texas,Bosque,10,0,0,31.89978581,-97.63613524,48035.0,53.51886540005352,0.0,10,10,0,0,10,7,18691,0,0,0,0,3
2020-06-22,US,Texas,Bowie,400,12,0,33.44626922,-94.41834132,48037.0,428.97742506300614,3.0,388,400,12,0,388,398,94324,0,0,0,0,2
2020-06-22,US,Texas,Brazoria,1762,19,0,29.18757369,-95.44563172,48039.0,470.7906718252357,1.0783200908059023,1743,1728,19,0,1709,1669,370200,34,0,0,34,59
2020-06-22,US,Texas,Brazos,1244,25,0,30.663644800000004,-96.30205577,48041.0,542.7313697859178,2.009646302250804,1219,1225,25,0,1200,1163,226758,19,0,0,19,62
2020-06-22,US,Texas,Brewster,39,0,0,29.81008251,-103.25203259999999,48043.0,423.7748560252092,0.0,39,24,0,0,24,24,9267,15,0,0,15,0
2020-06-22,US,Texas,Briscoe,1,0,0,34.53026962,-101.2084947,48045.0,64.68305304010349,0.0,1,1,0,0,1,1,1516,0,0,0,0,0
2020-06-22,US,Texas,Brooks,3,0,0,27.03103197,-98.21808402,48047.0,42.295220640067676,0.0,3,3,0,0,3,3,7114,0,0,0,0,0
2020-06-22,US,Texas,Brown,62,10,0,31.77430356,-98.99907113,48049.0,163.74392562856542,16.129032258064516,52,62,10,0,52,62,37924,0,0,0,0,0
2020-06-22,US,Texas,Burleson,60,0,0,30.49273808,-96.62158484,48051.0,325.32668221005264,0.0,60,55,0,0,55,54,18389,5,0,0,5,1
2020-06-22,US,Texas,Burnet,89,3,0,30.78801353,-98.181887,48053.0,184.81985255944343,3.3707865168539324,86,80,3,0,77,80,47542,9,0,0,9,0
2020-06-22,US,Texas,Caldwell,226,1,0,29.83668859,-97.61814775,48055.0,517.5888603884207,0.4424778761061947,225,216,1,0,215,208,43247,10,0,0,10,8
2020-06-22,US,Texas,Calhoun,55,3,0,28.47048236,-96.61633945,48057.0,258.33724753405363,5.454545454545454,52,55,3,0,52,55,21561,0,0,0,0,0
2020-06-22,US,Texas,Callahan,13,2,0,32.29760619,-99.37326312,48059.0,93.23674962346699,15.384615384615385,11,13,2,0,11,13,13994,0,0,0,0,0
2020-06-22,US,Texas,Cameron,1546,48,0,26.14524221,-97.48140372,48061.0,365.34385095105193,3.104786545924968,1498,1546,48,0,1498,1454,423908,0,0,0,0,92
2020-06-22,US,Texas,Camp,110,1,0,32.97195142,-94.97790104,48063.0,840.0794256911563,0.9090909090909092,109,110,1,0,109,110,13033,0,0,0,0,0
2020-06-22,US,Texas,Carson,6,0,0,35.40365929,-101.35426690000001,48065.0,101.24873439082012,0.0,6,6,0,0,6,6,6005,0,0,0,0,0
2020-06-22,US,Texas,Cass,36,2,0,33.07499881,-94.34646905,48067.0,119.89609005528541,5.5555555555555545,34,36,2,0,34,36,30119,0,0,0,0,0
2020-06-22,US,Texas,Castro,58,1,0,34.53016752,-102.2617243,48069.0,770.2523240371846,1.7241379310344829,57,51,1,0,50,51,7665,7,0,0,7,0
2020-06-22,US,Texas,Chambers,156,1,0,29.70972016,-94.67154501,48071.0,355.86376804982086,0.6410256410256411,155,156,1,0,155,149,42454,0,0,0,0,7
2020-06-22,US,Texas,Cherokee,67,2,0,31.837258000000002,-95.16559897,48073.0,127.26512935455685,2.985074626865672,65,67,2,0,65,67,52592,0,0,0,0,0
2020-06-22,US,Texas,Childress,6,0,0,34.529304100000004,-100.2077916,48075.0,82.12428141253764,0.0,6,6,0,0,6,6,7291,0,0,0,0,0
2020-06-22,US,Texas,Clay,5,0,0,33.78686685,-98.20771198,48077.0,47.75093114315729,0.0,5,5,0,0,5,5,10456,0,0,0,0,0
2020-06-22,US,Texas,Cochran,1,0,0,33.60425307,-102.82844990000001,48079.0,35.05082369435681,0.0,1,1,0,0,1,1,2836,0,0,0,0,0
2020-06-22,US,Texas,Coke,4,0,0,31.88911733,-100.5297533,48081.0,118.09861234130501,0.0,4,4,0,0,4,4,3370,0,0,0,0,0
2020-06-22,US,Texas,Coleman,3,0,0,31.76736834,-99.45240766,48083.0,36.697247706422026,0.0,3,3,0,0,3,3,8397,0,0,0,0,0
2020-06-22,US,Texas,Collin,2223,38,0,33.18820114,-96.57264368,48085.0,214.83865356179874,1.709401709401709,2185,2189,38,0,2151,2064,1005146,34,0,0,34,125
2020-06-22,US,Texas,Collingsworth,5,0,0,34.96489496,-100.27001109999999,48087.0,171.23287671232876,0.0,5,5,0,0,5,5,2962,0,0,0,0,0
2020-06-22,US,Texas,Colorado,55,0,0,29.622097999999998,-96.5273805,48089.0,255.89726887823943,0.0,55,55,0,0,55,55,21217,0,0,0,0,0
2020-06-22,US,Texas,Comal,280,7,0,29.80811278,-98.27647225,48091.0,179.24703442183232,2.5,273,280,7,0,273,240,148373,0,0,0,0,40
2020-06-22,US,Texas,Comanche,14,1,0,31.94854689,-98.55876441,48093.0,102.67693436010269,7.142857142857142,13,14,1,0,13,14,13534,0,0,0,0,0
2020-06-22,US,Texas,Concho,2,0,0,31.32635934,-99.86473038,48095.0,73.36757153338225,0.0,2,2,0,0,2,2,4276,0,0,0,0,0
2020-06-22,US,Texas,Cooke,27,0,0,33.63979567,-97.21240912,48097.0,65.44343990110771,0.0,27,27,0,0,27,27,40574,0,0,0,0,0
2020-06-22,US,Texas,Coryell,315,2,0,31.39078397,-97.79936155,48099.0,414.7410830667141,0.6349206349206349,313,310,2,0,308,305,74808,5,0,0,5,5
2020-06-22,US,Texas,Cottle,4,1,0,34.07783319,-100.27850620000001,48101.0,286.12303290414883,25.0,3,4,1,0,3,4,1389,0,0,0,0,0
2020-06-22,US,Texas,Crane,47,5,0,31.43052248,-102.5143314,48103.0,979.7790285595164,10.638297872340424,42,46,5,0,41,46,4794,1,0,0,1,0
2020-06-22,US,Texas,Crockett,5,0,0,30.72367027,-101.4134238,48105.0,144.3418013856813,0.0,5,5,0,0,5,5,3499,0,0,0,0,0
2020-06-22,US,Texas,Crosby,8,1,0,33.61431553,-101.30003640000001,48107.0,139.44570332926614,12.5,7,8,1,0,7,8,5779,0,0,0,0,0
2020-06-22,US,Texas,Culberson,1,0,0,31.44506775,-104.5185739,48109.0,46.061722708429286,0.0,1,1,0,0,1,1,2204,0,0,0,0,0
2020-06-22,US,Texas,Dallam,58,1,0,36.27787176,-102.60207249999999,48111.0,795.9379717304788,1.7241379310344829,57,49,1,0,48,49,7200,9,0,0,9,0
2020-06-22,US,Texas,Dallas,17299,317,0,32.76670599,-96.77796049999999,48113.0,656.3800030051042,1.8324758656569744,16982,16845,314,0,16531,16437,2637772,454,3,0,451,408
2020-06-22,US,Texas,Dawson,45,1,0,32.74255572,-101.94772420000001,48115.0,353.55122564424886,2.2222222222222223,44,45,1,0,44,45,12619,0,0,0,0,0
2020-06-22,US,Texas,DeWitt,37,1,0,29.08101855,-97.35681170000001,48123.0,183.531746031746,2.702702702702702,36,37,1,0,36,37,20187,0,0,0,0,0
2020-06-22,US,Texas,Deaf Smith,242,16,0,34.96522957,-102.6054267,48117.0,1304.8635824436535,6.6115702479338845,226,233,16,0,217,233,18760,9,0,0,9,0
2020-06-22,US,Texas,Delta,4,0,0,33.38570922,-95.66921122,48119.0,75.03282686175201,0.0,4,4,0,0,4,4,5349,0,0,0,0,0
2020-06-22,US,Texas,Denton,2163,36,0,33.20521901,-97.11691153,48121.0,243.79879780028784,1.6643550624133148,2127,2113,36,0,2077,2054,859064,50,0,0,50,59
2020-06-22,US,Texas,Dickens,2,0,0,33.61616822,-100.7788855,48125.0,90.45680687471732,0.0,2,2,0,0,2,2,2249,0,0,0,0,0
2020-06-22,US,Texas,Dimmit,3,0,0,28.42270064,-99.75645095,48127.0,29.632556301856972,0.0,3,3,0,0,3,3,10308,0,0,0,0,0
2020-06-22,US,Texas,Donley,27,0,0,34.96517499,-100.8140093,48129.0,823.672971323978,0.0,27,27,0,0,27,27,3319,0,0,0,0,0
2020-06-22,US,Texas,Duval,5,0,0,27.68184592,-98.50864568,48131.0,44.81491440351349,0.0,5,5,0,0,5,5,11212,0,0,0,0,0
2020-06-22,US,Texas,Eastland,7,0,0,32.32743996,-98.83243566,48133.0,38.12636165577342,0.0,7,7,0,0,7,7,18322,0,0,0,0,0
2020-06-22,US,Texas,Ector,325,7,0,31.86898877,-102.54294279999999,48135.0,195.52047550579644,2.1538461538461537,318,325,7,0,318,325,162124,0,0,0,0,0
2020-06-22,US,Texas,El Paso,4553,120,0,31.76980765,-106.23632749999999,48141.0,542.5159489918235,2.635624862727872,4433,4488,120,0,4368,4340,840758,65,0,0,65,148
2020-06-22,US,Texas,Ellis,510,19,0,32.34894117,-96.79371841,48139.0,275.9352039215262,3.725490196078432,491,510,19,0,491,510,179436,0,0,0,0,0
2020-06-22,US,Texas,Erath,44,1,0,32.23602653,-98.21773417,48143.0,103.04932315330929,2.272727272727273,43,44,1,0,43,44,42446,0,0,0,0,0
2020-06-22,US,Texas,Falls,23,0,0,31.25350609,-96.93630086,48145.0,132.97103543967162,0.0,23,22,0,0,22,22,17335,1,0,0,1,0
2020-06-22,US,Texas,Fannin,65,6,0,33.59564294,-96.10751083,48147.0,183.02641211916423,9.23076923076923,59,65,6,0,59,65,35286,0,0,0,0,0
2020-06-22,US,Texas,Fayette,66,2,0,29.87788372,-96.92076062,48149.0,260.39611773060835,3.0303030303030303,64,60,2,0,58,58,25349,6,0,0,6,2
2020-06-22,US,Texas,Fisher,2,1,0,32.74281316,-100.40193020000001,48151.0,52.219321148825074,50.0,1,2,1,0,1,2,3839,0,0,0,0,0
2020-06-22,US,Texas,Floyd,19,1,0,34.07227468,-101.3031546,48153.0,332.6330532212885,5.2631578947368425,18,18,1,0,17,18,5837,1,0,0,1,0
2020-06-22,US,Texas,Fort Bend,3069,50,0,29.52704478,-95.77219463,48157.0,378.10094519076296,1.6291951775822744,3019,2951,50,0,2901,2882,787858,118,0,0,118,69
2020-06-22,US,Texas,Franklin,33,0,0,33.17653242,-95.21917243,48159.0,307.6923076923077,0.0,33,33,0,0,33,31,10766,0,0,0,0,2
2020-06-22,US,Texas,Freestone,19,0,0,31.70422788,-96.15072516,48161.0,96.3635441497185,0.0,19,19,0,0,19,18,19808,0,0,0,0,1
2020-06-22,US,Texas,Frio,139,0,0,28.86751206,-99.10804207,48163.0,684.5267408647692,0.0,139,139,0,0,139,130,19816,0,0,0,0,9
2020-06-22,US,Texas,Gaines,14,0,0,32.74055318,-102.6353295,48165.0,65.14051740182393,0.0,14,14,0,0,14,14,20901,0,0,0,0,0
2020-06-22,US,Texas,Galveston,1867,40,0,29.40167322,-94.90469073,48167.0,545.6846486369575,2.1424745581146225,1827,1784,40,0,1744,1642,337890,83,0,0,83,142
2020-06-22,US,Texas,Garza,7,0,0,33.17969345,-101.2984114,48169.0,112.37758869802536,0.0,7,7,0,0,7,7,6578,0,0,0,0,0
2020-06-22,US,Texas,Gillespie,17,0,0,30.31824095,-98.94676915,48171.0,62.99095894471617,0.0,17,17,0,0,17,17,26804,0,0,0,0,0
2020-06-22,US,Texas,Glasscock,5,0,0,31.86942909,-101.5207776,48173.0,354.86160397445,0.0,5,5,0,0,5,5,1388,0,0,0,0,0
2020-06-22,US,Texas,Goliad,7,0,0,28.65696592,-97.42760647,48175.0,91.40767824497256,0.0,7,7,0,0,7,7,7584,0,0,0,0,0
2020-06-22,US,Texas,Gonzales,215,4,0,29.45634206,-97.49424032,48177.0,1031.8183999616067,1.8604651162790695,211,215,4,0,211,213,20826,0,0,0,0,2
2020-06-22,US,Texas,Gray,113,4,0,35.40081878,-100.8129222,48179.0,516.3117974961161,3.5398230088495577,109,113,4,0,109,113,21895,0,0,0,0,0
2020-06-22,US,Texas,Grayson,518,5,0,33.62744998,-96.67753461,48181.0,380.2895486447596,0.9652509652509652,513,514,5,0,509,491,133991,4,0,0,4,23
2020-06-22,US,Texas,Gregg,305,12,0,32.47940482,-94.81591935,48183.0,246.0768889426762,3.9344262295081966,293,305,12,0,293,305,123707,0,0,0,0,0
2020-06-22,US,Texas,Grimes,303,2,0,30.54579585,-95.98902499,48185.0,1049.1689750692524,0.6600660066006601,301,301,2,0,299,289,28360,2,0,0,2,12
2020-06-22,US,Texas,Guadalupe,323,1,0,29.58165339,-97.94786822,48187.0,193.5905350410856,0.30959752321981426,322,323,1,0,322,311,163694,0,0,0,0,12
2020-06-22,US,Texas,Hale,139,5,0,34.07044901,-101.82681140000001,48189.0,416.09291743998085,3.5971223021582728,134,139,5,0,134,135,33830,0,0,0,0,4
2020-06-22,US,Texas,Hall,2,1,0,34.5307555,-100.68138520000001,48191.0,67.47638326585695,50.0,1,2,1,0,1,2,3028,0,0,0,0,0
2020-06-22,US,Texas,Hamilton,19,1,0,31.70470573,-98.11083887,48193.0,224.5597447110271,5.2631578947368425,18,18,1,0,17,18,8484,1,0,0,1,0
2020-06-22,US,Texas,Hansford,23,2,0,36.27743284,-101.3545796,48195.0,426.0048157066124,8.695652173913043,21,23,2,0,21,23,5463,0,0,0,0,0
2020-06-22,US,Texas,Hardeman,4,0,0,34.28944521,-99.74632408,48197.0,101.70353419781335,0.0,4,4,0,0,4,4,3922,0,0,0,0,0
2020-06-22,US,Texas,Hardin,172,5,0,30.33364686,-94.38931817,48199.0,298.60074302975585,2.9069767441860463,167,172,5,0,167,172,57207,0,0,0,0,0
2020-06-22,US,Texas,Harris,23047,332,0,29.86,-95.39,48201.0,488.9754048362886,1.4405345598125567,22715,21053,325,0,20728,20874,4698619,1994,7,0,1987,179
2020-06-22,US,Texas,Harrison,274,32,0,32.54935988,-94.36934071,48203.0,411.7019518278666,11.678832116788321,242,272,32,0,240,271,66726,2,0,0,2,1
2020-06-22,US,Texas,Hartley,13,2,0,35.84008013,-102.6029022,48205.0,233.14203730272598,15.384615384615385,11,13,2,0,11,13,5619,0,0,0,0,0
2020-06-22,US,Texas,Haskell,4,0,0,33.17823584,-99.73037358,48207.0,70.69635913750443,0.0,4,4,0,0,4,4,5813,0,0,0,0,0
2020-06-22,US,Texas,Hays,1711,5,0,30.05669873,-98.02944344,48209.0,743.2957848047927,0.29222676797194624,1706,1608,5,0,1603,1551,222631,103,0,0,103,57
2020-06-22,US,Texas,Hemphill,3,0,0,35.83764858,-100.2703577,48211.0,78.55459544383345,0.0,3,2,0,0,2,2,3825,1,0,0,1,0
2020-06-22,US,Texas,Henderson,97,3,0,32.21128872,-95.85846587,48213.0,117.238962012159,3.0927835051546397,94,97,3,0,94,97,82299,0,0,0,0,0
2020-06-22,US,Texas,Hidalgo,1689,22,0,26.39418217,-98.18299696,48215.0,194.4268896187092,1.3025458851391356,1667,1556,21,0,1535,1556,865939,133,1,0,132,0
2020-06-22,US,Texas,Hill,49,1,0,31.99045053,-97.13423143,48217.0,133.70078310458678,2.0408163265306123,48,48,1,0,47,48,36354,1,0,0,1,0
2020-06-22,US,Texas,Hockley,30,1,0,33.60771256,-102.3431676,48219.0,130.31579861865256,3.333333333333333,29,29,1,0,28,29,22980,1,0,0,1,0
2020-06-22,US,Texas,Hood,35,4,0,32.42990927,-97.83242024,48221.0,56.778547442531995,11.428571428571427,31,35,4,0,31,35,60537,0,0,0,0,0
2020-06-22,US,Texas,Hopkins,50,2,0,33.14875072,-95.56351139,48223.0,134.82903678136122,4.0,48,50,2,0,48,48,36810,0,0,0,0,2
2020-06-22,US,Texas,Houston,148,0,0,31.31925973,-95.42226208,48225.0,644.3747823058168,0.0,148,148,0,0,148,148,23169,0,0,0,0,0
2020-06-22,US,Texas,Howard,27,1,0,32.30621324,-101.4356444,48227.0,73.64171939777437,3.703703703703704,26,26,1,0,25,26,36459,1,0,0,1,0
2020-06-22,US,Texas,Hudspeth,14,0,0,31.45628381,-105.388178,48229.0,286.5329512893983,0.0,14,14,0,0,14,14,4795,0,0,0,0,0
2020-06-22,US,Texas,Hunt,258,5,0,33.12351514,-96.08551032,48231.0,261.6792096882163,1.937984496124031,253,258,5,0,253,246,96493,0,0,0,0,12
2020-06-22,US,Texas,Hutchinson,51,0,0,35.84006574,-101.3546643,48233.0,243.57627280542556,0.0,51,49,0,0,49,49,21198,2,0,0,2,0
2020-06-22,US,Texas,Irion,1,0,0,31.30375559,-100.982439,48235.0,65.10416666666667,0.0,1,1,0,0,1,1,1522,0,0,0,0,0
2020-06-22,US,Texas,Jack,4,0,0,33.23377248,-98.17283469,48237.0,44.76776720761052,0.0,4,4,0,0,4,4,8843,0,0,0,0,0
2020-06-22,US,Texas,Jackson,25,1,0,28.95472367,-96.57749563,48239.0,169.3766937669377,4.0,24,25,1,0,24,25,14874,0,0,0,0,0
2020-06-22,US,Texas,Jasper,36,1,0,30.74685667,-94.02667579,48241.0,101.32567761546906,2.7777777777777777,35,36,1,0,35,35,35872,0,0,0,0,1
2020-06-22,US,Texas,Jefferson,1393,32,0,29.8832777,-94.16434171,48245.0,553.7336274919007,2.297200287150036,1361,1393,32,0,1361,1388,255001,0,0,0,0,5
2020-06-22,US,Texas,Jim Hogg,9,0,0,27.04453923,-98.69681870000001,48247.0,173.0769230769231,0.0,9,9,0,0,9,8,5248,0,0,0,0,1
2020-06-22,US,Texas,Jim Wells,34,0,0,27.73103938,-98.0904705,48249.0,83.98794525962154,0.0,34,27,0,0,27,22,40822,7,0,0,7,5
2020-06-22,US,Texas,Johnson,254,4,0,32.37877812,-97.36615819,48251.0,144.4683961164165,1.5748031496062993,250,254,4,0,250,254,171361,0,0,0,0,0
2020-06-22,US,Texas,Jones,650,0,0,32.73997145,-99.87861576,48253.0,3236.568241796545,0.0,650,650,0,0,650,650,19817,0,0,0,0,0
2020-06-22,US,Texas,Karnes,14,0,0,28.90705334,-97.85960149,48255.0,89.73783731812063,0.0,14,14,0,0,14,14,15650,0,0,0,0,0
2020-06-22,US,Texas,Kaufman,360,4,0,32.599141700000004,-96.28734728,48257.0,264.40648089663176,1.1111111111111112,356,360,4,0,356,360,128622,0,0,0,0,0
2020-06-22,US,Texas,Kendall,44,0,0,29.94414155,-98.7113588,48259.0,92.76633425396892,0.0,44,44,0,0,44,44,45641,0,0,0,0,0
2020-06-22,US,Texas,Kerr,33,1,0,30.06040006,-99.34930144,48265.0,62.73764258555133,3.0303030303030303,32,33,1,0,32,33,52405,0,0,0,0,0
2020-06-22,US,Texas,Kimble,1,0,0,30.48678918,-99.74856473,48267.0,23.057412958266077,0.0,1,1,0,0,1,1,4362,0,0,0,0,0
2020-06-22,US,Texas,Kinney,2,0,0,29.34967888,-100.41866379999999,48271.0,54.5404963185165,0.0,2,2,0,0,2,2,3767,0,0,0,0,0
2020-06-22,US,Texas,Kleberg,29,1,0,27.42435506,-97.69894948,48273.0,94.52411994784876,3.4482758620689653,28,27,1,0,26,25,31129,2,0,0,2,2
2020-06-22,US,Texas,Knox,1,0,0,33.60519951,-99.74229059999999,48275.0,27.29257641921397,0.0,1,1,0,0,1,1,3653,0,0,0,0,0
2020-06-22,US,Texas,La Salle,7,0,0,28.34453111,-99.09908775,48283.0,93.08510638297872,0.0,7,7,0,0,7,7,7531,0,0,0,0,0
2020-06-22,US,Texas,Lamar,205,13,0,33.66981763,-95.57404777,48277.0,411.1594697045669,6.3414634146341475,192,205,13,0,192,199,49728,0,0,0,0,6
2020-06-22,US,Texas,Lamb,31,0,0,34.06859623,-102.35162890000001,48279.0,240.44054913518963,0.0,31,29,0,0,29,29,13158,2,0,0,2,0
2020-06-22,US,Texas,Lampasas,18,0,0,31.19531316,-98.24206613,48281.0,84.00224005973493,0.0,18,17,0,0,17,16,21229,1,0,0,1,1
2020-06-22,US,Texas,Lavaca,85,1,0,29.38508402,-96.93186692,48285.0,421.7525057060633,1.1764705882352942,84,85,1,0,84,68,20110,0,0,0,0,17
2020-06-22,US,Texas,Lee,53,3,0,30.31120597,-96.97045773,48287.0,307.4424270549336,5.660377358490566,50,49,3,0,46,48,17144,4,0,0,4,1
2020-06-22,US,Texas,Leon,16,0,0,31.29872538,-95.9936328,48289.0,91.93288899103656,0.0,16,15,0,0,15,14,17270,1,0,0,1,1
2020-06-22,US,Texas,Liberty,186,3,0,30.15152688,-94.81205615,48291.0,210.83893492331586,1.6129032258064515,183,182,3,0,179,177,86323,4,0,0,4,5
2020-06-22,US,Texas,Limestone,42,1,0,31.5454767,-96.58095444,48293.0,179.20382301489101,2.380952380952381,41,41,1,0,40,41,23519,1,0,0,1,0
2020-06-22,US,Texas,Lipscomb,9,0,0,36.27783108,-100.27331509999999,48295.0,278.3792143519951,0.0,9,9,0,0,9,9,3355,0,0,0,0,0
2020-06-22,US,Texas,Live Oak,15,0,0,28.35101362,-98.1246786,48297.0,122.88031457360529,0.0,15,10,0,0,10,10,12166,5,0,0,5,0
2020-06-22,US,Texas,Llano,8,0,0,30.70645047,-98.68475262,48299.0,36.70566643725625,0.0,8,5,0,0,5,5,21646,3,0,0,3,0
2020-06-22,US,Texas,Lubbock,1320,51,0,33.61008596,-101.82047890000001,48303.0,425.0263226529369,3.863636363636364,1269,1288,51,0,1237,1208,307412,32,0,0,32,80
2020-06-22,US,Texas,Lynn,21,1,0,33.17657705,-101.8162849,48305.0,352.88186859351373,4.761904761904762,20,21,1,0,20,21,5877,0,0,0,0,0
2020-06-22,US,Texas,Madison,29,0,0,30.96694679,-95.93003775,48313.0,203.02436292355083,0.0,29,28,0,0,28,26,14422,1,0,0,1,2
2020-06-22,US,Texas,Marion,21,1,0,32.79868409,-94.35661230000001,48315.0,213.11142683174344,4.761904761904762,20,21,1,0,20,21,9928,0,0,0,0,0
2020-06-22,US,Texas,Martin,7,1,0,32.30600051,-101.9513518,48317.0,121.29613585167215,14.285714285714285,6,6,1,0,5,6,5753,1,0,0,1,0
2020-06-22,US,Texas,Mason,33,0,0,30.71780434,-99.22629416,48319.0,772.1104351895182,0.0,33,33,0,0,33,33,4280,0,0,0,0,0
2020-06-22,US,Texas,Matagorda,110,5,0,28.81955746,-96.01230294,48321.0,300.1937614278307,4.545454545454546,105,109,5,0,104,105,36552,1,0,0,1,4
2020-06-22,US,Texas,Maverick,250,2,0,28.7429195,-100.3157686,48323.0,425.7348182963796,0.8,248,223,2,0,221,223,58485,27,0,0,27,0
2020-06-22,US,Texas,McCulloch,5,0,0,31.1925468,-99.34682807,48307.0,62.62525050100201,0.0,5,5,0,0,5,5,7987,0,0,0,0,0
2020-06-22,US,Texas,McLennan,354,5,0,31.55255453,-97.20217694,48309.0,137.94554658000254,1.4124293785310735,349,303,5,0,298,262,254607,51,0,0,51,41
2020-06-22,US,Texas,Medina,250,2,0,29.355730100000002,-99.11030298,48325.0,484.6464019851117,0.8,248,250,2,0,248,245,50921,0,0,0,0,5
2020-06-22,US,Texas,Menard,1,0,0,30.88990665,-99.82047940000001,48327.0,46.772684752104766,0.0,1,,,,,,2139,,,,,
2020-06-22,US,Texas,Midland,322,13,0,31.86904128,-102.03156820000001,48329.0,182.0937386898299,4.037267080745342,309,322,13,0,309,322,172578,0,0,0,0,0
2020-06-22,US,Texas,Milam,57,1,0,30.78581830000001,-96.97718698,48331.0,229.6257503122104,1.7543859649122806,56,57,1,0,56,57,25131,0,0,0,0,0
2020-06-22,US,Texas,Mills,1,0,0,31.49557106,-98.59272068,48333.0,20.521239482864765,0.0,1,1,0,0,1,1,4921,0,0,0,0,0
2020-06-22,US,Texas,Mitchell,2,0,0,32.30623474,-100.9212058,48335.0,23.405500292568757,0.0,2,2,0,0,2,2,8145,0,0,0,0,0
2020-06-22,US,Texas,Montague,12,1,0,33.67521893,-97.72500958,48337.0,60.551014229488345,8.333333333333334,11,12,1,0,11,12,19596,0,0,0,0,0
2020-06-22,US,Texas,Montgomery,1647,34,0,30.30079133,-95.50572772,48339.0,271.15976364483504,2.0643594414086217,1613,1555,34,0,1521,1555,590925,92,0,0,92,0
2020-06-22,US,Texas,Moore,879,14,0,35.83769242,-101.8930281,48341.0,4197.707736389685,1.5927189988623436,865,877,14,0,863,877,21485,2,0,0,2,0
2020-06-22,US,Texas,Morris,34,0,0,33.11304005,-94.73255695,48343.0,274.4591540200193,0.0,34,34,0,0,34,33,12339,0,0,0,0,1
2020-06-22,US,Texas,Motley,1,0,0,34.07408766,-100.77972199999999,48345.0,83.33333333333333,0.0,1,1,0,0,1,1,1234,0,0,0,0,0
2020-06-22,US,Texas,Nacogdoches,346,25,0,31.62017125,-94.61803994,48347.0,530.6422918839335,7.22543352601156,321,345,25,0,320,343,65711,1,0,0,1,2
2020-06-22,US,Texas,Navarro,120,4,0,32.04620681,-96.47428766,48349.0,239.45882305988465,3.333333333333333,116,120,4,0,116,120,49565,0,0,0,0,0
2020-06-22,US,Texas,Newton,11,0,0,30.78548982,-93.74408813,48351.0,80.91210003677823,0.0,11,8,0,0,8,6,13746,3,0,0,3,2
2020-06-22,US,Texas,Nolan,13,0,0,32.30365282,-100.4060208,48353.0,88.35123012097324,0.0,13,10,0,0,10,10,14751,3,0,0,3,0
2020-06-22,US,Texas,Nueces,633,6,0,27.736286,-97.5433285,48355.0,174.71997880174663,0.9478672985781992,627,597,6,0,591,548,362265,36,0,0,36,49
2020-06-22,US,Texas,Ochiltree,53,2,0,36.27829105,-100.8158184,48357.0,538.8369255795038,3.7735849056603774,51,53,2,0,51,53,9947,0,0,0,0,0
2020-06-22,US,Texas,Oldham,4,1,0,35.40425596,-102.6027606,48359.0,189.3939393939394,25.0,3,4,1,0,3,4,2131,0,0,0,0,0
2020-06-22,US,Texas,Orange,143,3,0,30.11879481,-93.89412775,48361.0,171.47105376756681,2.097902097902098,140,143,3,0,140,143,83572,0,0,0,0,0
2020-06-22,US,Texas,Palo Pinto,14,2,0,32.75310985,-98.31319001,48363.0,47.96327383603412,14.285714285714285,12,14,2,0,12,14,28875,0,0,0,0,0
2020-06-22,US,Texas,Panola,209,23,0,32.163959600000005,-94.30552481,48365.0,901.0951108045184,11.004784688995215,186,209,23,0,186,209,23148,0,0,0,0,0
2020-06-22,US,Texas,Parker,124,1,0,32.77757172,-97.80500621,48367.0,86.7873290499587,0.8064516129032258,123,124,1,0,123,124,138371,0,0,0,0,0
2020-06-22,US,Texas,Parmer,158,2,0,34.52993409,-102.78446679999999,48369.0,1644.9765747006768,1.2658227848101269,156,155,0,0,155,155,9864,3,2,0,1,0
2020-06-22,US,Texas,Pecos,112,0,0,30.78097267,-102.72412609999999,48371.0,707.8303735069203,0.0,112,112,0,0,112,112,15673,0,0,0,0,0
2020-06-22,US,Texas,Polk,75,0,0,30.79472531,-94.82766240000001,48373.0,146.04794267131425,0.0,75,75,0,0,75,75,50031,0,0,0,0,0
2020-06-22,US,Texas,Potter,2822,39,0,35.40133773,-101.893964,48375.0,2403.4407869522634,1.3819985825655563,2783,2822,39,0,2783,2822,119648,0,0,0,0,0
2020-06-22,US,Texas,Presidio,13,0,0,29.99954402,-104.24080790000001,48377.0,193.91408114558476,0.0,13,11,0,0,11,11,6948,2,0,0,2,0
2020-06-22,US,Texas,Rains,8,0,0,32.87109387,-95.79232691,48379.0,63.9284001917852,0.0,8,8,0,0,8,8,12159,0,0,0,0,0
2020-06-22,US,Texas,Randall,775,6,0,34.96585996,-101.8971322,48381.0,562.7645901258413,0.7741935483870968,769,775,6,0,769,775,136271,0,0,0,0,0
2020-06-22,US,Texas,Reagan,2,0,0,31.36607041,-101.52326590000001,48383.0,51.96154845414394,0.0,2,2,0,0,2,2,3741,0,0,0,0,0
2020-06-22,US,Texas,Real,1,0,0,29.83321503,-99.82018052,48385.0,28.968713789107767,0.0,1,1,0,0,1,1,3478,0,0,0,0,0
2020-06-22,US,Texas,Red River,99,8,0,33.61886692,-95.04841765,48387.0,823.4217749313815,8.080808080808081,91,99,8,0,91,99,12175,0,0,0,0,0
2020-06-22,US,Texas,Reeves,14,0,0,31.32323325,-103.69038959999999,48389.0,87.63144717075613,0.0,14,14,0,0,14,14,15695,0,0,0,0,0
2020-06-22,US,Texas,Refugio,6,0,0,28.323897600000002,-97.15766311,48391.0,86.35578583765113,0.0,6,6,0,0,6,6,7032,0,0,0,0,0
2020-06-22,US,Texas,Roberts,3,0,0,35.83809685,-100.813175,48393.0,351.28805620608904,0.0,3,2,0,0,2,2,903,1,0,0,1,0
2020-06-22,US,Texas,Robertson,30,0,0,31.02539637,-96.51272246,48395.0,175.7057514349303,0.0,30,27,0,0,27,23,17284,3,0,0,3,4
2020-06-22,US,Texas,Rockwall,264,16,0,32.89779518,-96.40771592,48397.0,251.632273745413,6.0606060606060606,248,264,16,0,248,264,100657,0,0,0,0,0
2020-06-22,US,Texas,Runnels,3,0,0,31.8314342,-99.97616148,48399.0,29.228371005455962,0.0,3,3,0,0,3,3,10234,0,0,0,0,0
2020-06-22,US,Texas,Rusk,250,2,0,32.10773545,-94.76176432,48401.0,459.5081424842848,0.8,248,250,2,0,248,250,54450,0,0,0,0,0
2020-06-22,US,Texas,Sabine,19,1,0,31.34318809,-93.85440451,48403.0,180.23145513185355,5.2631578947368425,18,19,1,0,18,18,10589,0,0,0,0,1
2020-06-22,US,Texas,San Augustine,87,6,0,31.39457611,-94.17000399,48405.0,1056.2097851159403,6.896551724137932,81,87,6,0,81,87,8232,0,0,0,0,0
2020-06-22,US,Texas,San Jacinto,24,0,0,30.57933681,-95.16260304,48407.0,83.1629647596937,0.0,24,23,0,0,23,23,28719,1,0,0,1,0
2020-06-22,US,Texas,San Patricio,66,0,0,28.00880118,-97.51763891,48409.0,98.90603926270045,0.0,66,66,0,0,66,66,66893,0,0,0,0,0
2020-06-22,US,Texas,San Saba,3,0,0,31.1577796,-98.81758731,48411.0,49.5458298926507,0.0,3,2,0,0,2,2,6054,1,0,0,1,0
2020-06-22,US,Texas,Schleicher,12,0,0,30.89740592,-100.5384842,48413.0,429.6455424274973,0.0,12,12,0,0,12,12,2895,0,0,0,0,0
2020-06-22,US,Texas,Scurry,29,0,0,32.74613808,-100.91626640000001,48415.0,173.6215051188409,0.0,29,29,0,0,29,29,16866,0,0,0,0,0
2020-06-22,US,Texas,Shackelford,1,0,0,32.73587756,-99.35401337,48417.0,30.627871362940283,0.0,1,1,0,0,1,1,3253,0,0,0,0,0
2020-06-22,US,Texas,Shelby,254,9,0,31.79211404,-94.14550696,48419.0,1004.9853604494738,3.543307086614173,245,254,9,0,245,253,25418,0,0,0,0,1
2020-06-22,US,Texas,Sherman,30,0,0,36.27751473,-101.8933156,48421.0,992.7200529450696,0.0,30,30,0,0,30,30,3079,0,0,0,0,0
2020-06-22,US,Texas,Smith,340,4,0,32.37474036,-95.27175679999999,48423.0,146.0788568040524,1.1764705882352942,336,340,4,0,336,340,230221,0,0,0,0,0
2020-06-22,US,Texas,Somervell,3,0,0,32.22236802,-97.77403489,48425.0,32.86590709903594,0.0,3,3,0,0,3,3,9016,0,0,0,0,0
2020-06-22,US,Texas,Starr,370,1,0,26.56150059,-98.73892358,48427.0,572.4629833057418,0.2702702702702703,369,267,1,0,266,267,64525,103,0,0,103,0
2020-06-22,US,Texas,Stephens,5,0,0,32.73553157,-98.83631615,48429.0,53.38458253256459,0.0,5,5,0,0,5,5,9433,0,0,0,0,0
2020-06-22,US,Texas,Sutton,1,0,0,30.49856623,-100.5382014,48435.0,26.483050847457623,0.0,1,1,0,0,1,1,3758,0,0,0,0,0
2020-06-22,US,Texas,Swisher,23,1,0,34.53028891,-101.73491740000001,48437.0,310.9368662971475,4.3478260869565215,22,23,1,0,22,23,7462,0,0,0,0,0
2020-06-22,US,Texas,Tarrant,8955,208,0,32.77143818,-97.29101614,48439.0,425.9184833401902,2.3227247347850364,8747,8955,208,0,8747,8331,2084931,0,0,0,0,624
2020-06-22,US,Texas,Taylor,289,5,0,32.30163422,-99.89007449,48441.0,209.36870626077632,1.7301038062283738,284,282,5,0,277,278,137640,7,0,0,7,4
2020-06-22,US,Texas,Terry,14,0,0,33.17402785,-102.3354521,48445.0,113.47977628272676,0.0,14,14,0,0,14,14,12287,0,0,0,0,0
2020-06-22,US,Texas,Throckmorton,1,0,0,33.17751417,-99.21226795,48447.0,66.62225183211193,0.0,1,1,0,0,1,1,1515,0,0,0,0,0
2020-06-22,US,Texas,Titus,729,5,0,33.21339719,-94.96797273,48449.0,2225.9541984732823,0.6858710562414266,724,729,5,0,724,729,33033,0,0,0,0,0
2020-06-22,US,Texas,Tom Green,250,1,0,31.40464436,-100.46244300000001,48451.0,209.7315436241611,0.4,249,239,1,0,238,232,118189,11,0,0,11,7
2020-06-22,US,Texas,Travis,6210,110,0,30.33432034,-97.78535620000001,48453.0,487.4587308489946,1.7713365539452497,6100,5704,109,0,5595,5286,1248743,506,1,0,505,418
2020-06-22,US,Texas,Trinity,23,0,0,31.0879489,-95.1367187,48455.0,156.98587127158555,0.0,23,23,0,0,23,22,14740,0,0,0,0,1
2020-06-22,US,Texas,Tyler,18,0,0,30.77031716,-94.37690895,48457.0,83.05647840531563,0.0,18,18,0,0,18,18,21696,0,0,0,0,0
2020-06-22,US,Texas,Upshur,43,0,0,32.73706798,-94.93999853,48459.0,102.98661174047373,0.0,43,43,0,0,43,41,41260,0,0,0,0,2
2020-06-22,US,Texas,Upton,1,0,0,31.36868194,-102.0423217,48461.0,27.344818156959253,0.0,1,1,0,0,1,1,3671,0,0,0,0,0
2020-06-22,US,Texas,Uvalde,38,0,0,29.35739637,-99.76229172,48463.0,142.10388541939344,0.0,38,37,0,0,37,36,26846,1,0,0,1,1
2020-06-22,US,Texas,Val Verde,85,0,0,29.89149232,-101.1525205,48465.0,173.3809280979092,0.0,85,59,0,0,59,59,49208,26,0,0,26,0
2020-06-22,US,Texas,Van Zandt,54,3,0,32.56483801,-95.83766469,48467.0,95.42321965011486,5.5555555555555545,51,54,3,0,51,54,56019,0,0,0,0,0
2020-06-22,US,Texas,Victoria,241,8,0,28.79780988,-96.96813006,48469.0,261.7175622257938,3.319502074688797,233,241,8,0,233,241,92035,0,0,0,0,0
2020-06-22,US,Texas,Walker,1912,28,0,30.73872995,-95.57440968,48471.0,2620.218991106056,1.4644351464435146,1884,1912,28,0,1884,1905,72480,0,0,0,0,7
2020-06-22,US,Texas,Waller,114,0,0,30.01058447,-95.99011759,48473.0,206.34978097961846,0.0,114,110,0,0,110,106,53126,4,0,0,4,4
2020-06-22,US,Texas,Ward,8,0,0,31.50999644,-103.09279090000001,48475.0,66.67777962993833,0.0,8,8,0,0,8,8,11720,0,0,0,0,0
2020-06-22,US,Texas,Washington,235,27,0,30.21498498,-96.40946246,48477.0,654.924474666964,11.48936170212766,208,229,26,0,203,224,35108,6,1,0,5,5
2020-06-22,US,Texas,Webb,929,22,0,27.7610369,-99.33237355,48479.0,335.8009340254182,2.3681377825618943,907,874,22,0,852,874,275910,55,0,0,55,0
2020-06-22,US,Texas,Wharton,118,1,0,29.27765923,-96.22319248,48481.0,283.95418230821065,0.8474576271186439,117,118,1,0,117,115,41619,0,0,0,0,3
2020-06-22,US,Texas,Wheeler,16,0,0,35.40114335,-100.26995140000001,48483.0,316.4556962025317,0.0,16,16,0,0,16,16,5191,0,0,0,0,0
2020-06-22,US,Texas,Wichita,169,2,0,33.98842886,-98.70410340000001,48485.0,127.80760795583453,1.183431952662722,167,169,2,0,167,169,132064,0,0,0,0,0
2020-06-22,US,Texas,Wilbarger,7,0,0,34.07945812,-99.24178437,48487.0,54.82026783616571,0.0,7,7,0,0,7,7,12820,0,0,0,0,0
2020-06-22,US,Texas,Willacy,93,3,0,26.47411727,-97.61535848,48489.0,435.4340294035022,3.2258064516129035,90,87,3,0,84,82,21515,6,0,0,6,5
2020-06-22,US,Texas,Williamson,1411,32,0,30.64655664,-97.60048540000001,48491.0,238.92940660501802,2.2678951098511693,1379,1337,32,0,1305,1237,566719,74,0,0,74,100
2020-06-22,US,Texas,Wilson,72,5,0,29.1732598,-98.08693082,48493.0,140.9829645584492,6.9444444444444455,67,72,5,0,67,69,50224,0,0,0,0,3
2020-06-22,US,Texas,Winkler,6,0,0,31.85008651,-103.04851629999999,48495.0,74.90636704119851,0.0,6,6,0,0,6,6,7720,0,0,0,0,0
2020-06-22,US,Texas,Wise,62,5,0,33.21570665,-97.65460265,48497.0,88.59167809785093,8.064516129032258,57,62,5,0,57,62,68305,0,0,0,0,0
2020-06-22,US,Texas,Wood,71,5,0,32.78722382,-95.38236368,48499.0,155.9103186279892,7.042253521126762,66,71,5,0,66,71,45129,0,0,0,0,0
2020-06-22,US,Texas,Yoakum,13,0,0,33.17320212,-102.82764329999999,48501.0,149.20234132904855,0.0,13,13,0,0,13,13,8591,0,0,0,0,0
2020-06-22,US,Texas,Young,16,1,0,33.17659707,-98.68790885,48503.0,88.83953359244866,6.25,15,16,1,0,15,16,18045,0,0,0,0,0
2020-06-22,US,Texas,Zapata,33,0,0,27.00156391,-99.16987152,48505.0,232.73855702094647,0.0,33,33,0,0,33,32,14190,0,0,0,0,1
2020-06-22,US,Texas,Zavala,13,0,0,28.86617238,-99.76050829,48507.0,109.79729729729729,0.0,13,13,0,0,13,13,11983,0,0,0,0,0
2020-06-22,US,Utah,Bear River,1316,2,0,41.52106798,-113.08328159999999,0.0,704.4289094198633,0.1519756838905775,1314,1274,2,0,1272,1249,,42,0,0,42,25
2020-06-22,US,Utah,Central Utah,110,0,0,39.37231946,-111.5758676,0.0,134.22163652780827,0.0,110,102,0,0,102,96,,8,0,0,8,6
2020-06-22,US,Utah,Davis,877,4,0,40.99001837,-112.1139997,49011.0,246.7079815798876,0.4561003420752566,873,856,4,0,852,822,351713,21,0,0,21,34
2020-06-22,US,Utah,Salt Lake,9052,102,0,40.66616532,-111.92160109999999,49035.0,780.0509635594177,1.1268228015908086,8950,8878,102,0,8776,8687,1152633,174,0,0,174,191
2020-06-22,US,Utah,San Juan,386,7,0,37.62762978,-109.80337140000002,49037.0,2521.5573556310433,1.8134715025906736,379,383,7,0,376,382,15449,3,0,0,3,1
2020-06-22,US,Utah,Southeast Utah,31,0,0,38.99617072,-110.70139579999999,0.0,77.05883815158221,0.0,31,31,0,0,31,31,,0,0,0,0,0
2020-06-22,US,Utah,Southwest Utah,1104,10,0,37.85447192,-111.4418764,0.0,438.02223438950654,0.9057971014492754,1094,1056,10,0,1046,1031,,48,0,0,48,25
2020-06-22,US,Utah,Summit,466,0,0,40.86688146,-110.9535882,49043.0,1105.706489500534,0.0,466,463,0,0,463,460,41933,3,0,0,3,3
2020-06-22,US,Utah,Tooele,202,0,0,40.44862644,-113.12957150000001,49045.0,279.5499522550824,0.0,202,199,0,0,199,195,69907,3,0,0,3,4
2020-06-22,US,Utah,TriCounty,39,0,0,40.12491499,-109.5174415,0.0,68.87782134152803,0.0,39,38,0,0,38,38,,1,0,0,1,0
2020-06-22,US,Utah,Utah,3263,21,0,40.116672200000004,-111.66576620000001,49049.0,512.8608140074031,0.6435795280416794,3242,3136,21,0,3115,3056,622213,127,0,0,127,80
2020-06-22,US,Utah,Wasatch,384,3,0,40.33110236,-111.1691419,49051.0,1126.396996274677,0.78125,381,380,3,0,377,380,33240,4,0,0,4,0
2020-06-22,US,Utah,Weber-Morgan,676,9,0,41.27116049,-111.9145117,0.0,248.22187216573585,1.331360946745562,667,666,9,0,657,641,,10,0,0,10,25
2020-06-22,US,Vermont,Addison,67,2,0,44.03217337,-73.14130877,50001.0,182.1790793158768,2.985074626865672,65,67,2,0,65,67,36973,0,0,0,0,0
2020-06-22,US,Vermont,Bennington,69,1,0,43.03519828,-73.09048868,50003.0,194.5305892303355,1.4492753623188406,68,69,1,0,68,69,35631,0,0,0,0,0
2020-06-22,US,Vermont,Caledonia,18,0,0,44.46548598,-72.10314651,50005.0,60.01400326742907,0.0,18,18,0,0,18,17,30302,0,0,0,0,1
2020-06-22,US,Vermont,Chittenden,590,39,0,44.46322849,-73.08359212,50007.0,360.25254313871557,6.610169491525424,551,586,39,0,547,579,164572,4,0,0,4,7
2020-06-22,US,Vermont,Essex,3,0,0,44.72736416,-71.73579864,50009.0,48.67759208177836,0.0,3,3,0,0,3,3,6250,0,0,0,0,0
2020-06-22,US,Vermont,Franklin,102,6,0,44.85627605,-72.91249563,50011.0,206.4693737095664,5.882352941176472,96,102,6,0,96,102,49421,0,0,0,0,0
2020-06-22,US,Vermont,Grand Isle,8,0,0,44.797582399999996,-73.29679772,50013.0,110.573600552868,0.0,8,8,0,0,8,8,7090,0,0,0,0,0
2020-06-22,US,Vermont,Lamoille,30,1,0,44.60353043,-72.64356694,50015.0,118.28720132481665,3.333333333333333,29,30,1,0,29,30,25300,0,0,0,0,0
2020-06-22,US,Vermont,Orange,9,0,0,44.00470222,-72.37640104,50017.0,31.150491485532328,0.0,9,9,0,0,9,9,28999,0,0,0,0,0
2020-06-22,US,Vermont,Orleans,14,0,0,44.82964024,-72.24562697,50019.0,51.78089285053815,0.0,14,14,0,0,14,14,26907,0,0,0,0,0
2020-06-22,US,Vermont,Rutland,61,1,0,43.57723578,-73.03741676,50021.0,104.82720695640221,1.639344262295082,60,61,1,0,60,61,58672,0,0,0,0,0
2020-06-22,US,Vermont,Unassigned,5,0,0,0.0,0.0,90050.0,0.0,0.0,5,5,0,0,5,5,,0,0,0,0,0
2020-06-22,US,Vermont,Washington,41,1,0,44.27343241,-72.61604978,50023.0,70.19466178157475,2.4390243902439024,40,41,1,0,40,41,58140,0,0,0,0,0
2020-06-22,US,Vermont,Windham,91,3,0,42.986982,-72.71268875,50025.0,215.52745014447444,3.2967032967032965,88,91,3,0,88,87,42756,0,0,0,0,4
2020-06-22,US,Vermont,Windsor,55,2,0,43.58010937,-72.58595157,50027.0,99.88739965856672,3.636363636363636,53,55,2,0,53,55,55286,0,0,0,0,0
2020-06-22,US,Virginia,Accomack,1032,14,0,37.76707161,-75.63234615,51001.0,3193.464537690308,1.3565891472868217,1018,1031,14,0,1017,1024,32412,1,0,0,1,7
2020-06-22,US,Virginia,Albemarle,340,8,0,38.02080697,-78.55481085,51003.0,310.98509100887225,2.3529411764705883,332,334,8,0,326,321,108718,6,0,0,6,13
2020-06-22,US,Virginia,Alexandria,2236,49,0,38.814003,-77.08183073,51510.0,1402.5139875053314,2.191413237924866,2187,2227,49,0,2178,2217,160530,9,0,0,9,10
2020-06-22,US,Virginia,Alleghany,31,2,0,37.78636074,-80.00222498,51005.0,208.6137281292059,6.451612903225807,29,30,2,0,28,30,14910,1,0,0,1,0
2020-06-22,US,Virginia,Amelia,42,1,0,37.34081025,-77.98584649,51007.0,319.5131228604032,2.380952380952381,41,41,1,0,40,41,13013,1,0,0,1,0
2020-06-22,US,Virginia,Amherst,29,0,0,37.60308293,-79.14548696,51009.0,91.75763328587247,0.0,29,29,0,0,29,29,31666,0,0,0,0,0
2020-06-22,US,Virginia,Appomattox,36,0,0,37.37569884,-78.81340003,51011.0,226.25856325812333,0.0,36,36,0,0,36,36,15841,0,0,0,0,0
2020-06-22,US,Virginia,Arlington,2424,126,0,38.8767675,-77.10139853,51013.0,1023.4671215409427,5.198019801980198,2298,2418,126,0,2292,2405,237521,6,0,0,6,13
2020-06-22,US,Virginia,Augusta,171,2,0,38.16404586,-79.12461614,51015.0,226.31620741681888,1.1695906432748535,169,169,2,0,167,167,75457,2,0,0,2,2
2020-06-22,US,Virginia,Bedford,99,2,0,37.3080028,-79.5281964,51019.0,125.32121472967329,2.0202020202020203,97,99,2,0,97,98,78747,0,0,0,0,1
2020-06-22,US,Virginia,Bland,2,0,0,37.13128068,-81.13599391,51021.0,31.84713375796178,0.0,2,2,0,0,2,1,6293,0,0,0,0,1
2020-06-22,US,Virginia,Botetourt,59,4,0,37.55531756,-79.80982182,51023.0,176.5462760704988,6.779661016949151,55,58,4,0,54,58,33277,1,0,0,1,0
2020-06-22,US,Virginia,Bristol,4,0,0,36.616302399999995,-82.16359122,51520.0,23.863500775563768,0.0,4,4,0,0,4,4,16482,0,0,0,0,0
2020-06-22,US,Virginia,Brunswick,92,1,0,36.76366949,-77.8593436,51025.0,566.8165855461772,1.0869565217391304,91,91,1,0,90,90,16384,1,0,0,1,1
2020-06-22,US,Virginia,Buchanan,18,0,0,37.26818323,-82.03749726,51027.0,85.69796229289659,0.0,18,18,0,0,18,18,21221,0,0,0,0,0
2020-06-22,US,Virginia,Buckingham,553,3,0,37.57242268,-78.52518834,51029.0,3224.865873571262,0.5424954792043399,550,552,3,0,549,552,16999,1,0,0,1,0
2020-06-22,US,Virginia,Buena Vista,12,0,0,37.73484642,-79.35296097,51530.0,185.24235875270145,0.0,12,12,0,0,12,12,6237,0,0,0,0,0
2020-06-22,US,Virginia,Campbell,32,1,0,37.20553386,-79.09678609,51031.0,58.303725972487925,3.125,31,32,1,0,31,32,54973,0,0,0,0,0
2020-06-22,US,Virginia,Caroline,126,4,0,38.02679129,-77.34901405,51033.0,410.0895036615135,3.1746031746031744,122,126,4,0,122,125,30772,0,0,0,0,1
2020-06-22,US,Virginia,Carroll,189,5,0,36.73066666,-80.73455942,51035.0,634.419791212111,2.6455026455026456,184,188,5,0,183,187,29636,1,0,0,1,1
2020-06-22,US,Virginia,Charles City,37,3,0,37.35358063,-77.05634116,51036.0,531.3801522332328,8.108108108108109,34,37,2,0,35,37,6941,0,1,0,-1,0
2020-06-22,US,Virginia,Charlotte,31,0,0,37.01909701,-78.66314092,51037.0,260.94276094276097,0.0,31,31,0,0,31,31,11938,0,0,0,0,0
2020-06-22,US,Virginia,Charlottesville,172,3,0,38.03527919,-78.48569588,51540.0,363.89793932213433,1.7441860465116281,169,169,3,0,166,166,48117,3,0,0,3,3
2020-06-22,US,Virginia,Chesapeake,759,16,0,36.67670048,-76.30545744,51550.0,310.00469704086424,2.1080368906455864,743,733,16,0,717,721,242634,26,0,0,26,12
2020-06-22,US,Virginia,Chesterfield,2577,46,0,37.37373208,-77.58680140000001,51041.0,730.4380360655551,1.7850213426464885,2531,2557,46,0,2511,2541,348556,20,0,0,20,16
2020-06-22,US,Virginia,Clarke,46,0,0,39.11271747,-77.99199425,51043.0,314.6590054039264,0.0,46,45,0,0,45,44,14523,1,0,0,1,1
2020-06-22,US,Virginia,Colonial Heights,131,17,0,37.26420587,-77.39609676,51570.0,754.1738629821532,12.977099236641221,114,131,17,0,114,131,17833,0,0,0,0,0
2020-06-22,US,Virginia,Covington,4,0,0,37.7824656,-79.98631446,51580.0,72.22824124232575,0.0,4,4,0,0,4,4,5460,0,0,0,0,0
2020-06-22,US,Virginia,Craig,6,0,0,37.48133648,-80.21072274,51045.0,116.93626973299551,0.0,6,6,0,0,6,6,5064,0,0,0,0,0
2020-06-22,US,Virginia,Culpeper,795,9,0,38.48199985,-77.95630870000002,51047.0,1511.2631879098944,1.1320754716981132,786,795,9,0,786,794,51859,0,0,0,0,1
2020-06-22,US,Virginia,Cumberland,51,0,0,37.51328851,-78.24398086,51049.0,513.491743858236,0.0,51,50,0,0,50,50,9809,1,0,0,1,0
2020-06-22,US,Virginia,Danville,73,2,0,36.58022376,-79.40395668,51590.0,182.29947058235942,2.7397260273972597,71,73,2,0,71,72,40693,0,0,0,0,1
2020-06-22,US,Virginia,Dickenson,1,0,0,37.12560977,-82.35124171,51051.0,6.984215672579969,0.0,1,1,0,0,1,1,14523,0,0,0,0,0
2020-06-22,US,Virginia,Dinwiddie,123,0,0,37.07544585,-77.63451754,51053.0,430.91367713004485,0.0,123,121,0,0,121,121,28529,2,0,0,2,0
2020-06-22,US,Virginia,Emporia,116,6,0,36.69455571,-77.53406129,51595.0,2169.846614291059,5.172413793103448,110,112,6,0,106,112,5121,4,0,0,4,0
2020-06-22,US,Virginia,Essex,54,0,0,37.93357639,-76.94230311,51057.0,493.0156121610517,0.0,54,54,0,0,54,54,10919,0,0,0,0,0
2020-06-22,US,Virginia,Fairfax,13499,438,0,38.83677558,-77.27565836,51059.0,1176.350637716421,3.2446847914660344,13061,13419,435,0,12984,13341,1150795,80,3,0,77,78
2020-06-22,US,Virginia,Fairfax,13499,438,0,38.83677558,-77.27565836,51059.0,1176.350637716421,3.2446847914660344,13061,13419,435,0,12984,13341,24574,80,3,0,77,78
2020-06-22,US,Virginia,Fairfax City,68,7,0,38.85157547,-77.29779640000002,51600.0,283.10920521254013,10.294117647058824,61,68,6,0,62,68,24574,0,1,0,-1,0
2020-06-22,US,Virginia,Falls Church,59,7,0,38.88485255,-77.17560759,51610.0,403.63959772867213,11.864406779661017,52,59,7,0,52,59,14772,0,0,0,0,0
2020-06-22,US,Virginia,Fauquier,409,6,0,38.73564842,-77.80647472,51061.0,574.2607621240627,1.4669926650366751,403,404,6,0,398,403,70675,5,0,0,5,1
2020-06-22,US,Virginia,Floyd,14,1,0,36.9302126,-80.36738849,51063.0,88.89453298622135,7.142857142857142,13,14,1,0,13,10,15795,0,0,0,0,4
2020-06-22,US,Virginia,Fluvanna,105,6,0,37.84157909,-78.27715475,51065.0,385.0385038503849,5.7142857142857135,99,105,6,0,99,104,26783,0,0,0,0,1
2020-06-22,US,Virginia,Franklin,50,1,0,36.99536167,-79.88023649,51067.0,89.21880018557509,2.0,49,50,1,0,49,48,56195,0,0,0,0,2
2020-06-22,US,Virginia,Franklin,50,1,0,36.99536167,-79.88023649,51067.0,89.21880018557509,2.0,49,50,1,0,49,48,8013,0,0,0,0,2
2020-06-22,US,Virginia,Franklin City,45,2,0,36.6831435,-76.93859681,51620.0,564.8299234341661,4.4444444444444455,43,45,2,0,43,44,8013,0,0,0,0,1
2020-06-22,US,Virginia,Frederick,460,4,0,39.20172582,-78.25974949,51069.0,515.0426029805292,0.8695652173913043,456,456,4,0,452,449,88355,4,0,0,4,7
2020-06-22,US,Virginia,Fredericksburg,232,0,0,38.2977863,-77.4922454,51630.0,799.0081278413005,0.0,232,227,0,0,227,223,29144,5,0,0,5,4
2020-06-22,US,Virginia,Galax,224,11,0,36.66601852,-80.91703124,51640.0,3529.226406176146,4.910714285714286,213,223,11,0,212,222,6423,1,0,0,1,1
2020-06-22,US,Virginia,Giles,7,0,0,37.31234791,-80.70636931,51071.0,41.86602870813398,0.0,7,7,0,0,7,7,16844,0,0,0,0,0
2020-06-22,US,Virginia,Gloucester,42,1,0,37.40809042,-76.53524337,51073.0,112.45582092749277,2.380952380952381,41,42,1,0,41,42,37349,0,0,0,0,0
2020-06-22,US,Virginia,Goochland,116,6,0,37.71714806,-77.90381514,51075.0,488.3593651328253,5.172413793103448,110,115,6,0,109,115,23244,1,0,0,1,0
2020-06-22,US,Virginia,Grayson,80,2,0,36.65677234,-81.23215889,51077.0,514.4694533762058,2.5,78,79,2,0,77,77,15631,1,0,0,1,2
2020-06-22,US,Virginia,Greene,55,1,0,38.29545894,-78.46525378,51079.0,277.5114788838993,1.818181818181818,54,49,1,0,48,48,19779,6,0,0,6,1
2020-06-22,US,Virginia,Greensville,346,7,0,36.67878901,-77.56351439,51081.0,3052.223006351447,2.0231213872832368,339,343,7,0,336,343,11627,3,0,0,3,0
2020-06-22,US,Virginia,Halifax,39,1,0,36.76654925,-78.93512622,51083.0,115.00692990475069,2.5641025641025643,38,39,1,0,38,39,34120,0,0,0,0,0
2020-06-22,US,Virginia,Hampton,271,5,0,37.03513786,-76.35879121,51650.0,201.47200951602107,1.845018450184502,266,264,5,0,259,258,134313,7,0,0,7,6
2020-06-22,US,Virginia,Hanover,405,25,0,37.7583355,-77.49464673,51085.0,375.81426423918487,6.172839506172839,380,403,25,0,378,397,107239,2,0,0,2,6
2020-06-22,US,Virginia,Harrisonburg,893,23,0,38.43542574,-78.87536254,51660.0,1684.3971631205677,2.5755879059350506,870,889,23,0,866,885,54033,4,0,0,4,4
2020-06-22,US,Virginia,Henrico,2426,138,0,37.53460572,-77.39326555,51087.0,733.3337363746832,5.688375927452598,2288,2413,138,0,2275,2383,329261,13,0,0,13,30
2020-06-22,US,Virginia,Henry,227,3,0,36.68542395,-79.87634026,51089.0,448.99816049211785,1.3215859030837005,224,226,3,0,223,227,50953,1,0,0,1,-1
2020-06-22,US,Virginia,Highland,3,0,0,38.35799465,-79.56124594,51091.0,136.98630136986299,0.0,3,3,0,0,3,3,2210,0,0,0,0,0
2020-06-22,US,Virginia,Hopewell,152,2,0,37.29186313,-77.29754684,51670.0,674.6859603178126,1.3157894736842106,150,151,2,0,149,151,22596,1,0,0,1,0
2020-06-22,US,Virginia,Isle of Wight,163,8,0,36.90579348,-76.70842863,51093.0,439.24654396507583,4.9079754601227,155,161,8,0,153,161,36953,2,0,0,2,0
2020-06-22,US,Virginia,James City,245,15,0,37.31156958,-76.76950618,51095.0,320.1651790964808,6.1224489795918355,230,242,15,0,227,239,76397,3,0,0,3,3
2020-06-22,US,Virginia,King George,96,4,0,38.26818502,-77.15852768,51099.0,357.72842450439714,4.166666666666667,92,96,4,0,92,96,26575,0,0,0,0,0
2020-06-22,US,Virginia,King William,37,0,0,37.70965316,-77.09384941,51101.0,215.7686027525076,0.0,37,36,0,0,36,35,16939,1,0,0,1,1
2020-06-22,US,Virginia,King and Queen,24,1,0,37.71044922,-76.88689628,51097.0,341.6370106761566,4.166666666666667,23,24,1,0,23,24,7042,0,0,0,0,0
2020-06-22,US,Virginia,Lancaster,12,0,0,37.71889653,-76.46400482,51103.0,113.1755163632934,0.0,12,12,0,0,12,12,10783,0,0,0,0,0
2020-06-22,US,Virginia,Lee,9,0,0,36.70586667,-83.12606515,51105.0,38.42377150663877,0.0,9,9,0,0,9,9,23541,0,0,0,0,0
2020-06-22,US,Virginia,Lexington,10,0,0,37.78258621,-79.44262866,51678.0,134.30029546065,0.0,10,9,0,0,9,9,7136,1,0,0,1,0
2020-06-22,US,Virginia,Loudoun,3612,84,0,39.08990083,-77.63481877,51107.0,873.4384748197264,2.3255813953488373,3528,3585,83,0,3502,3543,406850,27,1,0,26,42
2020-06-22,US,Virginia,Louisa,109,1,0,37.97850256,-77.96274807,51109.0,289.9630230640313,0.9174311926605504,108,109,1,0,108,108,36778,0,0,0,0,1
2020-06-22,US,Virginia,Lunenburg,28,0,0,36.94618528,-78.24133319,51111.0,229.58346999016072,0.0,28,22,0,0,22,21,12086,6,0,0,6,1
2020-06-22,US,Virginia,Lynchburg,108,1,0,37.40021399,-79.19888138,51680.0,131.43802940317397,0.925925925925926,107,108,1,0,107,108,82126,0,0,0,0,0
2020-06-22,US,Virginia,Madison,43,1,0,38.41531222,-78.28220331,51113.0,324.2591056481412,2.3255813953488373,42,43,1,0,42,42,13295,0,0,0,0,1
2020-06-22,US,Virginia,Manassas,1366,16,0,38.7464321,-77.48509905,51683.0,3324.8144091517584,1.171303074670571,1350,1363,16,0,1347,1353,41641,3,0,0,3,10
2020-06-22,US,Virginia,Manassas Park,414,5,0,38.77058531,-77.44399307,51685.0,2368.692070030896,1.207729468599034,409,410,5,0,405,407,17307,4,0,0,4,3
2020-06-22,US,Virginia,Martinsville,60,1,0,36.68212094,-79.86352771,51690.0,477.9353194201052,1.6666666666666667,59,59,1,0,58,59,12902,1,0,0,1,0
2020-06-22,US,Virginia,Mathews,5,0,0,37.44164146,-76.34098896,51115.0,56.599501924383055,0.0,5,5,0,0,5,5,8802,0,0,0,0,0
2020-06-22,US,Virginia,Mecklenburg,235,24,0,36.67882005,-78.36131056,51117.0,768.3002582796613,10.212765957446807,211,234,24,0,210,234,30650,1,0,0,1,0
2020-06-22,US,Virginia,Middlesex,15,0,0,37.63191998,-76.55064617,51119.0,141.75014175014175,0.0,15,15,0,0,15,15,10769,0,0,0,0,0
2020-06-22,US,Virginia,Montgomery,110,2,0,37.17746986,-80.37868691,51121.0,111.63545948140256,1.818181818181818,108,110,2,0,108,107,98985,0,0,0,0,3
2020-06-22,US,Virginia,Nelson,18,0,0,37.78790447,-78.88498513,51125.0,120.56262558606831,0.0,18,18,0,0,18,18,14836,0,0,0,0,0
2020-06-22,US,Virginia,New Kent,49,1,0,37.50694406,-76.99828634,51127.0,212.2038889610671,2.0408163265306123,48,49,1,0,48,48,22391,0,0,0,0,1
2020-06-22,US,Virginia,Newport News,447,10,0,37.08166899,-76.51754109,51700.0,249.4071697586832,2.237136465324385,437,438,10,0,428,430,178626,9,0,0,9,8
2020-06-22,US,Virginia,Norfolk,746,7,0,36.89934014,-76.26420872,51710.0,307.3221774558997,0.9383378016085792,739,737,7,0,730,723,244076,9,0,0,9,14
2020-06-22,US,Virginia,Northampton,271,28,0,37.34062933,-75.87751591,51131.0,2314.261315115286,10.33210332103321,243,270,28,0,242,268,11735,1,0,0,1,2
2020-06-22,US,Virginia,Northumberland,28,1,0,37.89202088,-76.41949732,51133.0,231.50062009094668,3.571428571428572,27,28,1,0,27,28,12147,0,0,0,0,0
2020-06-22,US,Virginia,Norton,4,0,0,36.93357076,-82.62750411,51720.0,100.4772670183371,0.0,4,2,0,0,2,2,3968,2,0,0,2,0
2020-06-22,US,Virginia,Nottoway,99,0,0,37.1435975,-78.05065922,51135.0,649.9474789915968,0.0,99,79,0,0,79,80,15420,20,0,0,20,-1
2020-06-22,US,Virginia,Orange,138,2,0,38.24530219,-78.01560400000002,51137.0,372.459582737308,1.4492753623188406,136,137,2,0,135,137,36644,1,0,0,1,0
2020-06-22,US,Virginia,Page,263,24,0,38.61807452,-78.48797204,51139.0,1100.326332524475,9.125475285171104,239,263,24,0,239,261,23933,0,0,0,0,2
2020-06-22,US,Virginia,Patrick,39,0,0,36.680163799999995,-80.2865648,51141.0,221.49023171285782,0.0,39,38,0,0,38,36,17673,1,0,0,1,2
2020-06-22,US,Virginia,Petersburg,199,3,0,37.20530399,-77.39368102,51730.0,634.8497415938238,1.5075376884422111,196,198,3,0,195,198,31567,1,0,0,1,0
2020-06-22,US,Virginia,Pittsylvania,87,1,0,36.81980341,-79.39731264,51143.0,144.14951784471614,1.1494252873563218,86,85,1,0,84,82,60949,2,0,0,2,3
2020-06-22,US,Virginia,Poquoson,16,0,0,37.14259351,-76.35798148,51735.0,130.38872137560102,0.0,16,16,0,0,16,14,12190,0,0,0,0,2
2020-06-22,US,Virginia,Portsmouth,419,13,0,36.85914825,-76.35971629,51740.0,443.86533613000273,3.102625298329356,406,406,13,0,393,405,94632,13,0,0,13,1
2020-06-22,US,Virginia,Powhatan,62,2,0,37.55016038,-77.91267882,51145.0,209.09213543774447,3.2258064516129035,60,62,2,0,60,61,29189,0,0,0,0,1
2020-06-22,US,Virginia,Prince Edward,173,3,0,37.22554789,-78.43597949,51147.0,758.7053767213401,1.7341040462427746,170,173,3,0,170,173,22950,0,0,0,0,0
2020-06-22,US,Virginia,Prince George,215,0,0,37.18497668,-77.22922187,51149.0,560.5819622976038,0.0,215,213,0,0,213,191,38082,2,0,0,2,22
2020-06-22,US,Virginia,Prince William,6904,133,0,38.70916224,-77.48713689,51153.0,1467.8899082568807,1.9264194669756665,6771,6879,133,0,6746,6807,468011,25,0,0,25,72
2020-06-22,US,Virginia,Pulaski,36,1,0,37.06474963,-80.71229738,51155.0,105.79833661504101,2.7777777777777777,35,36,1,0,35,36,34066,0,0,0,0,0
2020-06-22,US,Virginia,Radford,10,0,0,37.12222899,-80.56027320000003,51750.0,54.797523151953534,0.0,10,10,0,0,10,9,18339,0,0,0,0,1
2020-06-22,US,Virginia,Rappahannock,17,0,0,38.68295619,-78.15826963,51157.0,230.66485753052916,0.0,17,16,0,0,16,17,7252,1,0,0,1,-1
2020-06-22,US,Virginia,Richmond,317,7,0,37.937575,-76.72920628,51159.0,3513.243932173335,2.2082018927444795,310,317,7,0,310,317,9038,0,0,0,0,0
2020-06-22,US,Virginia,Richmond City,2008,29,0,37.53255773,-77.47966921,51760.0,871.3916228367094,1.4442231075697212,1979,1985,29,0,1956,1960,228783,23,0,0,23,25
2020-06-22,US,Virginia,Roanoke,177,5,0,37.26865804,-80.06396753,51161.0,187.92601872889813,2.824858757062147,172,171,5,0,166,171,94073,6,0,0,6,0
2020-06-22,US,Virginia,Roanoke City,324,10,0,37.27791025,-79.96189766,51770.0,326.80068184339785,3.08641975308642,314,313,10,0,303,308,99920,11,0,0,11,5
2020-06-22,US,Virginia,Rockbridge,21,0,0,37.81204314,-79.44605905,51163.0,93.03149780711469,0.0,21,18,0,0,18,18,22752,3,0,0,3,0
2020-06-22,US,Virginia,Rockingham,657,9,0,38.51006137,-78.87260325,51165.0,801.7279250256261,1.3698630136986298,648,653,7,0,646,651,81244,4,2,0,2,2
2020-06-22,US,Virginia,Russell,9,0,0,36.93028320000001,-82.10095486,51167.0,33.852403520649965,0.0,9,9,0,0,9,9,26748,0,0,0,0,0
2020-06-22,US,Virginia,Salem,50,3,0,37.2836193,-80.06219455,51775.0,197.6206474052409,6.0,47,50,3,0,47,50,25643,0,0,0,0,0
2020-06-22,US,Virginia,Scott,8,2,0,36.71466456,-82.60171704,51169.0,37.095427988500425,25.0,6,8,2,0,6,8,21534,0,0,0,0,0
2020-06-22,US,Virginia,Shenandoah,542,27,0,38.85905135,-78.56813762,51171.0,1242.663242846662,4.9815498154981555,515,540,27,0,513,536,43497,2,0,0,2,4
2020-06-22,US,Virginia,Smyth,33,0,0,36.84455636,-81.53344948,51173.0,109.61998405527504,0.0,33,32,0,0,32,33,30472,1,0,0,1,-1
2020-06-22,US,Virginia,Southampton,154,2,0,36.72231125,-77.10642712,51175.0,873.4615166468152,1.2987012987012987,152,154,2,0,152,154,17586,0,0,0,0,0
2020-06-22,US,Virginia,Spotsylvania,909,21,0,38.18574462,-77.655399,51177.0,667.3273868516683,2.31023102310231,888,902,20,0,882,891,134238,7,1,0,6,11
2020-06-22,US,Virginia,Stafford,930,5,0,38.41758738,-77.45917053,51179.0,608.3122931411152,0.5376344086021505,925,924,5,0,919,920,149960,6,0,0,6,4
2020-06-22,US,Virginia,Staunton,67,0,0,38.15965544,-79.05979937,51790.0,268.730948179047,0.0,67,66,0,0,66,65,24922,1,0,0,1,1
2020-06-22,US,Virginia,Suffolk,377,34,0,36.70155394,-76.63603554,51800.0,409.3021235940418,9.018567639257297,343,365,34,0,331,356,91185,12,0,0,12,9
2020-06-22,US,Virginia,Surry,13,1,0,37.11781893,-76.88450012,51181.0,202.4291497975709,7.6923076923076925,12,13,1,0,12,13,6474,0,0,0,0,0
2020-06-22,US,Virginia,Sussex,186,2,0,36.92432914,-77.25791182,51183.0,1666.8160229411233,1.075268817204301,184,185,2,0,183,185,11237,1,0,0,1,0
2020-06-22,US,Virginia,Tazewell,9,0,0,37.12191123,-81.56685568,51185.0,22.170218007143742,0.0,9,9,0,0,9,9,40855,0,0,0,0,0
2020-06-22,US,Virginia,Virginia Beach,1006,27,0,36.73285734,-76.04566934,51810.0,223.5684728450977,2.6838966202783303,979,988,27,0,961,956,450189,18,0,0,18,32
2020-06-22,US,Virginia,Warren,265,4,0,38.90847745,-78.20280433,51187.0,659.7948411512798,1.509433962264151,261,254,4,0,250,236,40003,11,0,0,11,18
2020-06-22,US,Virginia,Washington,60,4,0,36.72341572,-81.95666289,51191.0,111.64867882396723,6.666666666666668,56,60,4,0,56,59,54402,0,0,0,0,1
2020-06-22,US,Virginia,Waynesboro,63,0,0,38.06451466,-78.90293905,51820.0,278.3915156871409,0.0,63,63,0,0,63,60,22628,0,0,0,0,3
2020-06-22,US,Virginia,Westmoreland,91,1,0,38.11021557,-76.80213247,51193.0,505.13461004718283,1.0989010989010992,90,91,1,0,90,88,17830,0,0,0,0,3
2020-06-22,US,Virginia,Williamsburg,54,5,0,37.28131268,-76.70905141,51830.0,361.10739601444425,9.25925925925926,49,54,5,0,49,54,14896,0,0,0,0,0
2020-06-22,US,Virginia,Winchester,292,3,0,39.17054517,-78.17325058,51840.0,1039.9601111190257,1.0273972602739727,289,286,3,0,283,279,28108,6,0,0,6,7
2020-06-22,US,Virginia,Wise,27,2,0,36.9746148,-82.62410519,51195.0,72.22534307037958,7.407407407407407,25,27,2,0,25,27,38012,0,0,0,0,0
2020-06-22,US,Virginia,Wythe,44,1,0,36.91582035,-81.07834059,51197.0,153.3956212522661,2.272727272727273,43,44,1,0,43,43,28754,0,0,0,0,1
2020-06-22,US,Virginia,York,101,3,0,37.24374789,-76.54412815,51199.0,147.92032806092558,2.9702970297029703,98,99,3,0,96,98,67846,2,0,0,2,1
2020-06-22,US,Washington,Adams,108,0,0,46.98299757,-118.56017340000001,53001.0,540.4593904819096,0.0,108,102,0,0,102,102,19759,6,0,0,6,0
2020-06-22,US,Washington,Asotin,20,2,0,46.18894415,-117.2022851,53003.0,88.56611460455228,10.0,18,20,2,0,18,20,22610,0,0,0,0,0
2020-06-22,US,Washington,Benton,1437,76,0,46.23946995,-119.51208340000001,53005.0,703.0676647585498,5.288796102992345,1361,1426,76,0,1350,1360,201877,11,0,0,11,66
2020-06-22,US,Washington,Chelan,286,6,0,47.87046092,-120.6173956,53007.0,370.4663212435234,2.097902097902098,280,285,6,0,279,280,77036,1,0,0,1,5
2020-06-22,US,Washington,Clallam,33,0,0,48.04754642,-123.92263190000001,53009.0,42.673701361679015,0.0,33,33,0,0,33,33,76737,0,0,0,0,0
2020-06-22,US,Washington,Clark,654,30,0,45.77568046,-122.48292040000001,53011.0,133.95024178633093,4.587155963302751,624,647,30,0,617,642,481857,7,0,0,7,5
2020-06-22,US,Washington,Columbia,2,0,0,46.29442881,-117.9051983,53013.0,50.188205771643666,0.0,2,2,0,0,2,2,4059,0,0,0,0,0
2020-06-22,US,Washington,Cowlitz,145,0,0,46.19074721,-122.6782231,53015.0,131.1113723291709,0.0,145,145,0,0,145,136,108987,0,0,0,0,9
2020-06-22,US,Washington,Douglas,196,3,0,47.7361335,-119.69293700000001,53017.0,451.3113357433972,1.5306122448979589,193,193,3,0,190,188,42907,3,0,0,3,5
2020-06-22,US,Washington,Ferry,1,0,0,48.471143100000006,-118.5154041,53019.0,13.111315064901008,0.0,1,1,0,0,1,1,7649,0,0,0,0,0
2020-06-22,US,Washington,Franklin,1306,29,0,46.53351425,-118.9018212,53021.0,1371.531788872319,2.2205206738131698,1277,1278,29,0,1249,1193,94347,28,0,0,28,85
2020-06-22,US,Washington,Grant,376,5,0,47.20753737,-119.4500749,53025.0,384.72163956902983,1.3297872340425532,371,373,5,0,368,354,97331,3,0,0,3,19
2020-06-22,US,Washington,Grays Harbor,23,0,0,47.14003705,-123.7820567,53027.0,30.64174471429904,0.0,23,24,0,0,24,24,73901,-1,0,0,-1,0
2020-06-22,US,Washington,Island,187,12,0,48.14713305,-122.5216407,53029.0,219.63566319399587,6.4171122994652405,175,188,12,0,176,188,84460,-1,0,0,-1,0
2020-06-22,US,Washington,Jefferson,33,0,0,47.75003077,-123.56097040000002,53031.0,102.41767791192079,0.0,33,33,0,0,33,33,31729,0,0,0,0,0
2020-06-22,US,Washington,King,9253,602,0,47.49137892,-121.8346131,53033.0,410.736591467794,6.505998054684968,8651,9211,600,0,8611,9154,2233163,42,2,0,40,57
2020-06-22,US,Washington,Kitsap,191,2,0,47.63479026,-122.6436061,53035.0,70.35690473822443,1.0471204188481675,189,190,2,0,188,189,269805,1,0,0,1,1
2020-06-22,US,Washington,Kittitas,99,0,0,47.12521214,-120.67943899999999,53037.0,206.52967560237823,0.0,99,98,0,0,98,95,47364,1,0,0,1,3
2020-06-22,US,Washington,Klickitat,52,3,0,45.87325839,-120.7913598,53039.0,231.88405797101453,5.769230769230768,49,51,3,0,48,51,22107,1,0,0,1,0
2020-06-22,US,Washington,Lewis,49,3,0,46.57756476,-122.39257690000001,53041.0,60.71344493042735,6.1224489795918355,46,49,3,0,46,47,79604,0,0,0,0,2
2020-06-22,US,Washington,Lincoln,2,0,0,47.57705241,-118.41943880000001,53043.0,18.283206874485785,0.0,2,2,0,0,2,2,10740,0,0,0,0,0
2020-06-22,US,Washington,Mason,43,1,0,47.35007586,-123.1863685,53045.0,64.40210879463216,2.3255813953488373,42,42,1,0,41,42,65507,1,0,0,1,0
2020-06-22,US,Washington,Okanogan,63,2,0,48.54855019,-119.73872240000001,53047.0,149.1371351466515,3.1746031746031744,61,63,2,0,61,63,42132,0,0,0,0,0
2020-06-22,US,Washington,Pacific,13,1,0,46.55418369,-123.7285716,53049.0,57.8523430198923,7.6923076923076925,12,12,1,0,11,12,22036,1,0,0,1,0
2020-06-22,US,Washington,Pend Oreille,3,0,0,48.53234021,-117.2741804,53051.0,21.85951617604197,0.0,3,3,0,0,3,3,13602,0,0,0,0,0
2020-06-22,US,Washington,Pierce,2288,92,0,47.03892768,-122.14059579999999,53053.0,252.82326681252624,4.020979020979021,2196,2281,93,0,2188,2258,891299,7,-1,0,8,23
2020-06-22,US,Washington,San Juan,19,0,0,48.60182783,-122.96745,53055.0,108.06506654533042,0.0,19,18,0,0,18,17,17128,1,0,0,1,1
2020-06-22,US,Washington,Skagit,485,15,0,48.48171488,-121.766131,53057.0,375.37247010564613,3.0927835051546397,470,485,15,0,470,482,128206,0,0,0,0,3
2020-06-22,US,Washington,Skamania,3,0,0,46.02408726,-121.91644029999999,53059.0,24.828271124720683,0.0,3,5,0,0,5,5,11924,-2,0,0,-2,0
2020-06-22,US,Washington,Snohomish,3249,164,0,48.04615983,-121.7170703,53061.0,395.21556825770637,5.047706986765158,3085,3237,163,0,3074,3226,814901,12,1,0,11,11
2020-06-22,US,Washington,Spokane,985,39,0,47.62113146,-117.4046494,53063.0,188.40929001258613,3.9593908629441614,946,974,38,0,936,954,514631,11,1,0,10,20
2020-06-22,US,Washington,Stevens,17,1,0,48.40035475,-117.8542701,53065.0,37.180412483870256,5.882352941176472,16,17,1,0,16,16,45260,0,0,0,0,1
2020-06-22,US,Washington,Thurston,216,7,0,46.9291895,-122.82906559999999,53067.0,74.3453479086929,3.2407407407407414,209,211,5,0,206,212,286419,5,2,0,3,-1
2020-06-22,US,Washington,Unassigned,36,0,0,0.0,0.0,90053.0,0.0,0.0,36,30,0,0,30,62,,6,0,0,6,-32
2020-06-22,US,Washington,Wahkiakum,4,0,0,46.29180039999999,-123.4250831,53069.0,89.12655971479502,0.0,4,4,0,0,4,4,4426,0,0,0,0,0
2020-06-22,US,Washington,Walla Walla,140,3,0,46.23040051,-118.4775539,53071.0,230.4147465437788,2.142857142857143,137,135,3,0,132,132,60922,5,0,0,5,3
2020-06-22,US,Washington,Whatcom,499,40,0,48.82227976,-121.74900179999999,53073.0,217.66915161376158,8.016032064128256,459,499,39,0,460,486,225685,0,1,0,-1,13
2020-06-22,US,Washington,Whitman,28,0,0,46.90022523,-117.52417630000001,53075.0,55.883761775506954,0.0,28,30,0,0,30,28,49791,-2,0,0,-2,2
2020-06-22,US,Washington,Yakima,6326,138,0,46.45738486,-120.73801259999999,53077.0,2521.594591685833,2.1814732848561493,6188,6283,138,0,6145,6129,251446,43,0,0,43,154
2020-06-22,US,West Virginia,Barbour,13,1,0,39.1307219,-80.00350858,54001.0,79.07061614257042,7.6923076923076925,12,12,1,0,11,11,16535,1,0,0,1,1
2020-06-22,US,West Virginia,Berkeley,433,10,0,39.46704621,-78.02414609,54003.0,363.3434308682482,2.3094688221709005,423,432,10,0,422,429,117123,1,0,0,1,3
2020-06-22,US,West Virginia,Boone,19,0,0,38.01974191,-81.69888019,54005.0,88.54919140606796,0.0,19,20,0,0,20,20,21951,-1,0,0,-1,0
2020-06-22,US,West Virginia,Braxton,3,0,0,38.70036159,-80.72011184,54007.0,21.49459052805044,0.0,3,3,0,0,3,3,14089,0,0,0,0,0
2020-06-22,US,West Virginia,Brooke,6,0,0,40.27367263,-80.57915332,54009.0,27.34855736359907,0.0,6,6,0,0,6,6,22203,0,0,0,0,0
2020-06-22,US,West Virginia,Cabell,84,0,0,38.42424062,-82.23855912,54011.0,91.35896459840123,0.0,84,83,0,0,83,81,93224,1,0,0,1,2
2020-06-22,US,West Virginia,Calhoun,2,0,0,38.84315422,-81.11934872,54013.0,28.133352088901397,0.0,2,2,0,0,2,2,7254,0,0,0,0,0
2020-06-22,US,West Virginia,Clay,10,0,0,38.46231092,-81.07652217,54015.0,117.53643629525152,0.0,10,10,0,0,10,10,8632,0,0,0,0,0
2020-06-22,US,West Virginia,Fayette,58,4,0,38.02974928,-81.08286634,54019.0,136.7730981464887,6.896551724137932,54,58,4,0,54,57,43018,0,0,0,0,1
2020-06-22,US,West Virginia,Gilmer,10,0,0,38.9251277,-80.85952723,54021.0,127.82819890067749,0.0,10,10,0,0,10,10,8026,0,0,0,0,0
2020-06-22,US,West Virginia,Grant,16,0,0,39.10314817,-79.19440518,54023.0,138.31258644536652,0.0,16,16,0,0,16,16,11626,0,0,0,0,0
2020-06-22,US,West Virginia,Greenbrier,51,0,0,37.9463652,-80.45335881,54025.0,147.1351912757487,0.0,51,50,0,0,50,48,34786,1,0,0,1,2
2020-06-22,US,West Virginia,Hampshire,40,1,0,39.32103553,-78.60826476,54027.0,172.5997842502697,2.5,39,40,1,0,39,40,23347,0,0,0,0,0
2020-06-22,US,West Virginia,Hancock,21,0,0,40.51943859,-80.57461608,54029.0,72.89135716765013,0.0,21,21,0,0,21,21,29094,0,0,0,0,0
2020-06-22,US,West Virginia,Hardy,42,0,0,39.00683177,-78.85855301,54031.0,304.8780487804878,0.0,42,41,0,0,41,41,13775,1,0,0,1,0
2020-06-22,US,West Virginia,Harrison,50,1,0,39.2853852,-80.37919577,54033.0,74.34280956345903,2.0,49,49,1,0,48,49,67554,1,0,0,1,0
2020-06-22,US,West Virginia,Jackson,141,18,0,38.84263974,-81.68148753,54035.0,493.4210526315789,12.76595744680851,123,141,18,0,123,141,28706,0,0,0,0,0
2020-06-22,US,West Virginia,Jefferson,216,4,0,39.30776166,-77.86014147,54037.0,377.97921114338715,1.851851851851852,212,215,4,0,211,215,56811,1,0,0,1,0
2020-06-22,US,West Virginia,Kanawha,268,20,0,38.33860077,-81.52857054,54039.0,150.4569850216703,7.462686567164179,248,266,20,0,246,264,180454,2,0,0,2,2
2020-06-22,US,West Virginia,Lewis,15,1,0,38.9947249,-80.49988181,54041.0,94.29810775130446,6.666666666666668,14,15,1,0,14,15,16024,0,0,0,0,0
2020-06-22,US,West Virginia,Lincoln,5,0,0,38.172154,-82.07017953,54043.0,24.498995541182808,0.0,5,5,0,0,5,5,20599,0,0,0,0,0
2020-06-22,US,West Virginia,Logan,21,1,0,37.8299889,-81.93528571,54045.0,65.58605827789751,4.761904761904762,20,21,1,0,20,21,32607,0,0,0,0,0
2020-06-22,US,West Virginia,Marion,55,2,0,39.50984542,-80.24244659,54049.0,98.08817234983593,3.636363636363636,53,55,2,0,53,53,56097,0,0,0,0,2
2020-06-22,US,West Virginia,Marshall,37,0,0,39.86064362,-80.66591062,54051.0,121.18830041597064,0.0,37,37,0,0,37,37,30785,0,0,0,0,0
2020-06-22,US,West Virginia,Mason,15,0,0,38.77071799,-82.02524219,54053.0,56.569618343641565,0.0,15,15,0,0,15,15,26718,0,0,0,0,0
2020-06-22,US,West Virginia,McDowell,6,0,0,37.38002939,-81.65083669,54047.0,34.04448479346346,0.0,6,6,0,0,6,6,18223,0,0,0,0,0
2020-06-22,US,West Virginia,Mercer,22,0,0,37.40481169,-81.11023142,54055.0,37.44171006501242,0.0,22,22,0,0,22,19,59131,0,0,0,0,3
2020-06-22,US,West Virginia,Mineral,53,2,0,39.41561583,-78.94104895,54057.0,197.26068185201729,3.7735849056603774,51,53,2,0,51,53,26940,0,0,0,0,0
2020-06-22,US,West Virginia,Mingo,14,2,0,37.73048351,-82.13338365,54059.0,59.76775956284153,14.285714285714285,12,14,2,0,12,14,23785,0,0,0,0,0
2020-06-22,US,West Virginia,Monongalia,154,5,0,39.63218457,-80.04766838,54061.0,145.81676324660074,3.2467532467532467,149,151,5,0,146,150,106420,3,0,0,3,1
2020-06-22,US,West Virginia,Monroe,9,0,0,37.56274716,-80.54577965,54063.0,67.79661016949153,0.0,9,9,0,0,9,9,13280,0,0,0,0,0
2020-06-22,US,West Virginia,Morgan,20,0,0,39.55439028,-78.26311676,54065.0,111.83180496533214,0.0,20,20,0,0,20,20,17787,0,0,0,0,0
2020-06-22,US,West Virginia,Nicholas,7,1,0,38.29617706,-80.79759588,54067.0,28.576094056172444,14.285714285714285,6,7,1,0,6,7,24842,0,0,0,0,0
2020-06-22,US,West Virginia,Ohio,72,1,0,40.0955451,-80.62203992,54069.0,173.8668469730265,1.3888888888888888,71,70,1,0,69,70,41755,2,0,0,2,0
2020-06-22,US,West Virginia,Pendleton,13,1,0,38.68314479,-79.35084086,54071.0,186.5403931697517,7.6923076923076925,12,13,1,0,12,13,6997,0,0,0,0,0
2020-06-22,US,West Virginia,Pleasants,5,0,0,39.37091679,-81.16771771,54073.0,67.02412868632706,0.0,5,4,0,0,4,4,7507,1,0,0,1,0
2020-06-22,US,West Virginia,Pocahontas,24,0,0,38.32758728,-80.00993811,54075.0,291.0149145143688,0.0,24,24,0,0,24,24,8414,0,0,0,0,0
2020-06-22,US,West Virginia,Preston,63,2,0,39.46770987,-79.66712803,54077.0,188.4422110552764,3.1746031746031744,61,61,2,0,59,48,33839,2,0,0,2,13
2020-06-22,US,West Virginia,Putnam,44,0,0,38.50782345,-81.9082131,54079.0,77.94508414526129,0.0,44,44,0,0,44,44,56682,0,0,0,0,0
2020-06-22,US,West Virginia,Raleigh,34,0,0,37.76936795,-81.2456041,54081.0,46.34615122476521,0.0,34,32,0,0,32,30,74254,2,0,0,2,2
2020-06-22,US,West Virginia,Randolph,150,0,0,38.769899,-79.87919615,54083.0,522.7391531625718,0.0,150,150,0,0,150,149,28823,0,0,0,0,1
2020-06-22,US,West Virginia,Ritchie,3,0,0,39.18094587,-81.06356878,54085.0,31.400460540087924,0.0,3,3,0,0,3,3,9721,0,0,0,0,0
2020-06-22,US,West Virginia,Roane,12,1,0,38.71622686,-81.35243568,54087.0,87.66803039158388,8.333333333333334,11,12,1,0,11,12,13932,0,0,0,0,0
2020-06-22,US,West Virginia,Summers,1,0,0,37.65390597,-80.86009693,54089.0,7.953551260637875,0.0,1,1,0,0,1,1,12760,0,0,0,0,0
2020-06-22,US,West Virginia,Taylor,13,0,0,39.33602617,-80.0421439,54091.0,77.86762503743634,0.0,13,13,0,0,13,13,16862,0,0,0,0,0
2020-06-22,US,West Virginia,Tucker,5,0,0,39.11240885,-79.57053576,54093.0,73.11010381634742,0.0,5,5,0,0,5,5,6955,0,0,0,0,0
2020-06-22,US,West Virginia,Tyler,3,0,0,39.46811972,-80.88772676,54095.0,34.920265394016994,0.0,3,3,0,0,3,3,8746,0,0,0,0,0
2020-06-22,US,West Virginia,Unassigned,1,0,0,0.0,0.0,90054.0,0.0,0.0,1,,,,,,,,,,,
2020-06-22,US,West Virginia,Upshur,11,0,0,38.89285061,-80.23689136,54097.0,45.49966909331569,0.0,11,11,0,0,11,11,24415,0,0,0,0,0
2020-06-22,US,West Virginia,Wayne,106,9,0,38.14901357,-82.42287994,54099.0,269.0218770620781,8.49056603773585,97,106,9,0,97,106,39944,0,0,0,0,0
2020-06-22,US,West Virginia,Wetzel,9,0,0,39.6065771,-80.64016540000001,54103.0,59.741121805509465,0.0,9,9,0,0,9,9,15270,0,0,0,0,0
2020-06-22,US,West Virginia,Wirt,4,0,0,39.02775007,-81.37473928,54105.0,68.7167153410067,0.0,4,4,0,0,4,4,5830,0,0,0,0,0
2020-06-22,US,West Virginia,Wood,56,2,0,39.20967886,-81.5162836,54107.0,67.05141406642879,3.571428571428572,54,56,2,0,54,56,84203,0,0,0,0,0
2020-06-22,US,West Virginia,Wyoming,7,0,0,37.612327,-81.54511071,54109.0,34.32382073158772,0.0,7,7,0,0,7,7,20786,0,0,0,0,0
2020-06-22,US,Wisconsin,Adams,11,2,0,43.96974651,-89.76782777,55001.0,54.40158259149357,18.181818181818183,9,10,2,0,8,10,20348,1,0,0,1,0
2020-06-22,US,Wisconsin,Ashland,3,0,0,46.31956891,-90.67837132,55003.0,19.27772779848349,0.0,3,3,0,0,3,3,15600,0,0,0,0,0
2020-06-22,US,Wisconsin,Barron,31,0,0,45.42372701,-91.84833627,55005.0,68.51737246927769,0.0,31,31,0,0,31,31,45164,0,0,0,0,0
2020-06-22,US,Wisconsin,Bayfield,3,1,0,46.52868768,-91.19716729,55007.0,19.952114924181963,33.333333333333336,2,3,1,0,2,3,15042,0,0,0,0,0
2020-06-22,US,Wisconsin,Brown,2581,39,0,44.452655299999996,-88.00411844,55009.0,975.648479258492,1.5110422316931422,2542,2580,39,0,2541,2572,263378,1,0,0,1,8
2020-06-22,US,Wisconsin,Buffalo,6,2,0,44.37835084,-91.75332578,55011.0,46.04404880669172,33.333333333333336,4,6,2,0,4,6,13125,0,0,0,0,0
2020-06-22,US,Wisconsin,Burnett,2,1,0,45.86303537,-92.36711412,55013.0,12.975217334890358,50.0,1,2,1,0,1,2,15392,0,0,0,0,0
2020-06-22,US,Wisconsin,Calumet,92,2,0,44.0816316,-88.21780273,55015.0,183.6730619497295,2.1739130434782608,90,92,2,0,90,90,50159,0,0,0,0,2
2020-06-22,US,Wisconsin,Chippewa,70,0,0,45.06939744,-91.28068855,55017.0,108.26193201150672,0.0,70,69,0,0,69,67,64135,1,0,0,1,2
2020-06-22,US,Wisconsin,Clark,60,6,0,44.73483377,-90.61207486,55019.0,172.54270431931903,10.0,54,58,6,0,52,58,34709,2,0,0,2,0
2020-06-22,US,Wisconsin,Columbia,69,1,0,43.46492199,-89.33589004,55021.0,119.93325453660572,1.4492753623188406,68,68,1,0,67,64,57358,1,0,0,1,4
2020-06-22,US,Wisconsin,Crawford,31,0,0,43.23870316,-90.93073686,55023.0,192.17655446035585,0.0,31,31,0,0,31,29,16291,0,0,0,0,2
2020-06-22,US,Wisconsin,Dane,1139,32,0,43.06601594,-89.41733797,55025.0,208.34286027858312,2.809482001755926,1107,1098,32,0,1066,1063,542364,41,0,0,41,35
2020-06-22,US,Wisconsin,Dodge,437,5,0,43.41576662,-88.70928178,55027.0,497.50110998531403,1.1441647597254003,432,434,5,0,429,434,87847,3,0,0,3,0
2020-06-22,US,Wisconsin,Door,40,3,0,44.95856458,-87.30002707,55029.0,144.57134595923088,7.5,37,40,3,0,37,40,27610,0,0,0,0,0
2020-06-22,US,Wisconsin,Douglas,20,0,0,46.43222285,-91.91595768,55031.0,46.349942062572424,0.0,20,20,0,0,20,20,43208,0,0,0,0,0
2020-06-22,US,Wisconsin,Dunn,29,0,0,44.94562799,-91.8962481,55033.0,63.921706929994706,0.0,29,29,0,0,29,29,45131,0,0,0,0,0
2020-06-22,US,Wisconsin,Eau Claire,163,1,0,44.726614,-91.28609183,55035.0,155.76323987538942,0.6134969325153374,162,161,0,0,161,156,104534,2,1,0,1,5
2020-06-22,US,Wisconsin,Florence,2,0,0,45.84963535,-88.39804137,55037.0,46.56577415599534,0.0,2,2,0,0,2,2,4321,0,0,0,0,0
2020-06-22,US,Wisconsin,Fond du Lac,295,6,0,43.75354908,-88.48885325,55039.0,285.2915292593058,2.0338983050847457,289,290,6,0,284,286,103066,5,0,0,5,4
2020-06-22,US,Wisconsin,Forest,35,3,0,45.66678019,-88.77084892,55041.0,388.7161261661484,8.571428571428571,32,35,3,0,32,35,8991,0,0,0,0,0
2020-06-22,US,Wisconsin,Grant,129,12,0,42.8671731,-90.7063218,55043.0,250.78248021928886,9.30232558139535,117,125,12,0,113,124,51554,4,0,0,4,1
2020-06-22,US,Wisconsin,Green,80,1,0,42.6794956,-89.60243287,55045.0,216.4502164502165,1.25,79,80,1,0,79,79,36929,0,0,0,0,1
2020-06-22,US,Wisconsin,Green Lake,24,0,0,43.80025981,-89.04679553,55047.0,126.8968434410194,0.0,24,24,0,0,24,24,18918,0,0,0,0,0
2020-06-22,US,Wisconsin,Iowa,22,0,0,43.00050278,-90.13469017,55049.0,92.91325280851423,0.0,22,21,0,0,21,19,23771,1,0,0,1,2
2020-06-22,US,Wisconsin,Iron,2,1,0,46.26302338,-90.24295041,55051.0,35.16792685071215,50.0,1,2,1,0,1,2,5676,0,0,0,0,0
2020-06-22,US,Wisconsin,Jackson,24,1,0,44.31864893,-90.80566792,55053.0,116.26217119604708,4.166666666666667,23,24,1,0,23,24,20478,0,0,0,0,0
2020-06-22,US,Wisconsin,Jefferson,181,4,0,43.02054068,-88.77529134,55055.0,213.52145241774704,2.209944751381216,177,177,4,0,173,172,85129,4,0,0,4,5
2020-06-22,US,Wisconsin,Juneau,29,1,0,43.92456975,-90.11120239,55057.0,108.66714130475512,3.4482758620689653,28,28,1,0,27,27,26617,1,0,0,1,1
2020-06-22,US,Wisconsin,Kenosha,1421,39,0,42.57639354,-88.04051686,55059.0,838.0464847459026,2.744546094299789,1382,1416,39,0,1377,1406,169290,5,0,0,5,10
2020-06-22,US,Wisconsin,Kewaunee,44,1,0,44.51727459,-87.61468386,55061.0,215.32739551727516,2.272727272727273,43,44,1,0,43,43,20383,0,0,0,0,1
2020-06-22,US,Wisconsin,La Crosse,274,0,0,43.90632465,-91.11451093,55063.0,232.1719088937093,0.0,274,250,0,0,250,229,118230,24,0,0,24,21
2020-06-22,US,Wisconsin,Lafayette,56,0,0,42.66005229,-90.1317729,55065.0,336.0336033603361,0.0,56,54,0,0,54,53,16665,2,0,0,2,1
2020-06-22,US,Wisconsin,Langlade,7,0,0,45.26271619,-89.07483625,55067.0,36.47923289384544,0.0,7,7,0,0,7,7,19268,0,0,0,0,0
2020-06-22,US,Wisconsin,Lincoln,8,0,0,45.33737523,-89.73411273,55069.0,28.99286050809988,0.0,8,8,0,0,8,8,27689,0,0,0,0,0
2020-06-22,US,Wisconsin,Manitowoc,70,1,0,44.11946801,-87.80928853,55071.0,88.62891075068687,1.4285714285714286,69,68,1,0,67,63,79074,2,0,0,2,5
2020-06-22,US,Wisconsin,Marathon,115,1,0,44.89792533,-89.75863384,55073.0,84.75075907201605,0.8695652173913043,114,111,1,0,110,107,135428,4,0,0,4,4
2020-06-22,US,Wisconsin,Marinette,42,3,0,45.38553432,-88.03324599999998,55075.0,104.089219330855,7.142857142857142,39,42,3,0,39,42,40434,0,0,0,0,0
2020-06-22,US,Wisconsin,Marquette,10,1,0,43.81911946,-89.40073763,55077.0,64.20958006934634,10.0,9,9,1,0,8,9,15434,1,0,0,1,0
2020-06-22,US,Wisconsin,Menominee,4,0,0,45.00422544,-88.70950714,55078.0,87.7963125548727,0.0,4,4,0,0,4,4,4658,0,0,0,0,0
2020-06-22,US,Wisconsin,Milwaukee,10355,371,0,43.00486062,-87.96733172,55079.0,1094.9260145116027,3.582810236600676,9984,10267,371,0,9896,10167,948201,88,0,0,88,100
2020-06-22,US,Wisconsin,Monroe,50,1,0,43.94641218,-90.61881899999999,55081.0,108.10109614511492,2.0,49,46,1,0,45,45,46051,4,0,0,4,1
2020-06-22,US,Wisconsin,Oconto,49,0,0,45.02715345,-88.26807503,55083.0,129.18534141840232,0.0,49,46,0,0,46,46,37830,3,0,0,3,0
2020-06-22,US,Wisconsin,Oneida,17,0,0,45.70677897,-89.51944105,55085.0,47.75951678606546,0.0,17,17,0,0,17,17,35470,0,0,0,0,0
2020-06-22,US,Wisconsin,Outagamie,402,8,0,44.41578887,-88.46565023,55087.0,213.96066742954463,1.9900497512437807,394,396,8,0,388,387,187365,6,0,0,6,9
2020-06-22,US,Wisconsin,Ozaukee,209,15,0,43.38352225,-87.94625009,55089.0,234.24978424361976,7.177033492822965,194,207,15,0,192,204,89147,2,0,0,2,3
2020-06-22,US,Wisconsin,Pepin,1,0,0,44.58307413,-91.99949611,55091.0,13.723068478111706,0.0,1,1,0,0,1,1,7289,0,0,0,0,0
2020-06-22,US,Wisconsin,Pierce,57,0,0,44.71850291,-92.4224416,55093.0,133.3208588670066,0.0,57,57,0,0,57,57,42555,0,0,0,0,0
2020-06-22,US,Wisconsin,Polk,40,1,0,45.46130348,-92.44182875,55095.0,91.35966014206429,2.5,39,40,1,0,39,40,43598,0,0,0,0,0
2020-06-22,US,Wisconsin,Portage,96,0,0,44.47558711,-89.50152965,55097.0,135.6468659922003,0.0,96,91,0,0,91,90,70942,5,0,0,5,1
2020-06-22,US,Wisconsin,Price,2,0,0,45.68051754,-90.36098879999999,55099.0,14.980151299528124,0.0,2,2,0,0,2,2,13397,0,0,0,0,0
2020-06-22,US,Wisconsin,Racine,2090,58,0,42.74753117,-88.05941254,55101.0,1064.6372337770172,2.7751196172248798,2032,2081,58,0,2023,2079,196584,9,0,0,9,2
2020-06-22,US,Wisconsin,Richland,15,4,0,43.3762778,-90.43012729,55103.0,86.94644099234871,26.66666666666667,11,15,4,0,11,15,17377,0,0,0,0,0
2020-06-22,US,Wisconsin,Rock,791,23,0,42.67151616,-89.07147900000002,55105.0,484.2244450702156,2.9077117572692788,768,791,23,0,768,783,163129,0,0,0,0,8
2020-06-22,US,Wisconsin,Rusk,11,0,0,45.47498854,-91.1333012,55107.0,77.58499083086474,0.0,11,11,0,0,11,11,14147,0,0,0,0,0
2020-06-22,US,Wisconsin,Sauk,96,3,0,43.42574087,-89.94966132,55111.0,148.9711678718848,3.125,93,96,3,0,93,94,64249,0,0,0,0,2
2020-06-22,US,Wisconsin,Sawyer,9,0,0,45.87931905,-91.14504927,55113.0,54.35439062688731,0.0,9,9,0,0,9,9,16489,0,0,0,0,0
2020-06-22,US,Wisconsin,Shawano,70,0,0,44.78902246,-88.76443896,55115.0,171.15332893224775,0.0,70,68,0,0,68,68,40796,2,0,0,2,0
2020-06-22,US,Wisconsin,Sheboygan,185,4,0,43.72099677,-87.94579284,55117.0,160.3953528697763,2.1621621621621623,181,185,4,0,181,179,115456,0,0,0,0,6
2020-06-22,US,Wisconsin,St. Croix,131,1,0,45.03437474,-92.45000068,55109.0,144.45289843086658,0.7633587786259542,130,128,1,0,127,126,89694,3,0,0,3,2
2020-06-22,US,Wisconsin,Taylor,8,0,0,45.21179252,-90.5004405,55119.0,39.32556653394288,0.0,8,9,0,0,9,9,20412,-1,0,0,-1,0
2020-06-22,US,Wisconsin,Trempealeau,92,0,0,44.30360275,-91.35893614,55121.0,310.29714324260516,0.0,92,91,0,0,91,91,29442,1,0,0,1,0
2020-06-22,US,Wisconsin,Vernon,30,0,0,43.59422667,-90.8324691,55123.0,97.33307377846992,0.0,30,29,0,0,29,29,30785,1,0,0,1,0
2020-06-22,US,Wisconsin,Vilas,10,0,0,46.05467334,-89.51719204,55125.0,45.05519261094841,0.0,10,10,0,0,10,10,21938,0,0,0,0,0
2020-06-22,US,Wisconsin,Walworth,498,18,0,42.66858202,-88.54163073,55127.0,479.45469249431966,3.614457831325301,480,498,18,0,480,497,103718,0,0,0,0,1
2020-06-22,US,Wisconsin,Washburn,4,0,0,45.89838588,-91.79050449,55129.0,25.44529262086514,0.0,4,4,0,0,4,4,15878,0,0,0,0,0
2020-06-22,US,Wisconsin,Washington,322,13,0,43.36863664,-88.22974712,55131.0,236.70552949997798,4.037267080745342,309,321,13,0,308,313,135693,1,0,0,1,8
2020-06-22,US,Wisconsin,Waukesha,1015,38,0,43.01833055,-88.30431188,55133.0,251.11455276869256,3.74384236453202,977,1003,38,0,965,991,403072,12,0,0,12,12
2020-06-22,US,Wisconsin,Waupaca,91,5,0,44.47068056,-88.96534501,55135.0,178.46636595410862,5.494505494505495,86,91,5,0,86,89,51128,0,0,0,0,2
2020-06-22,US,Wisconsin,Waushara,20,0,0,44.11324419,-89.24317107,55137.0,81.82301681462995,0.0,20,20,0,0,20,20,24263,0,0,0,0,0
2020-06-22,US,Wisconsin,Winnebago,608,11,0,44.06886922,-88.64477096,55139.0,353.67960583338663,1.8092105263157892,597,601,11,0,590,593,171020,7,0,0,7,8
2020-06-22,US,Wisconsin,Wood,33,1,0,44.45537896,-90.04158336,55141.0,45.20609871368101,3.0303030303030303,32,32,1,0,31,31,73055,1,0,0,1,1
2020-06-22,US,Wyoming,Albany,29,0,0,41.65498705,-105.72354150000001,56001.0,74.58847736625516,0.0,29,28,0,0,28,28,38601,1,0,0,1,0
2020-06-22,US,Wyoming,Big Horn,11,0,0,44.52405055,-107.9960365,56003.0,93.29940627650551,0.0,11,11,0,0,11,11,11881,0,0,0,0,0
2020-06-22,US,Wyoming,Campbell,47,0,0,44.24886082,-105.54744040000001,56005.0,101.42206685224748,0.0,47,47,0,0,47,46,46140,0,0,0,0,1
2020-06-22,US,Wyoming,Carbon,22,0,0,41.69357844,-106.9326084,56007.0,148.64864864864862,0.0,22,22,0,0,22,22,14971,0,0,0,0,0
2020-06-22,US,Wyoming,Converse,25,0,0,42.97272268,-105.5081848,56009.0,180.8710750976704,0.0,25,24,0,0,24,24,13640,1,0,0,1,0
2020-06-22,US,Wyoming,Crook,6,0,0,44.58855102,-104.56977049999999,56011.0,79.11392405063293,0.0,6,6,0,0,6,6,7450,0,0,0,0,0
2020-06-22,US,Wyoming,Fremont,335,0,0,43.04183996,-108.6296893,56013.0,853.2640533863121,0.0,335,329,0,0,329,327,39531,6,0,0,6,2
2020-06-22,US,Wyoming,Goshen,5,0,0,42.08798185,-104.3534743,56015.0,37.847248505033676,0.0,5,5,0,0,5,5,13376,0,0,0,0,0
2020-06-22,US,Wyoming,Hot Springs,12,0,0,43.71930657,-108.44231740000001,56017.0,271.92386131883075,0.0,12,12,0,0,12,12,4555,0,0,0,0,0
2020-06-22,US,Wyoming,Johnson,19,1,0,44.04057166,-106.58451740000001,56019.0,224.98519834221432,5.2631578947368425,18,19,1,0,18,19,8460,0,0,0,0,0
2020-06-22,US,Wyoming,Laramie,211,0,0,41.30702520000001,-104.6887497,56021.0,212.0603015075377,0.0,211,204,0,0,204,204,98976,7,0,0,7,0
2020-06-22,US,Wyoming,Lincoln,15,0,0,42.26376367,-110.6563997,56023.0,75.642965204236,0.0,15,16,0,0,16,15,19434,-1,0,0,-1,1
2020-06-22,US,Wyoming,Natrona,98,0,0,42.96180148,-106.79788500000001,56025.0,122.7178241378447,0.0,98,96,0,0,96,95,79115,2,0,0,2,1
2020-06-22,US,Wyoming,Niobrara,2,0,0,43.05607708,-104.47588959999999,56027.0,84.88964346349746,0.0,2,2,0,0,2,2,2388,0,0,0,0,0
2020-06-22,US,Wyoming,Park,12,0,0,44.52157546,-109.58528249999999,56029.0,41.10433650750154,0.0,12,11,0,0,11,11,29324,1,0,0,1,0
2020-06-22,US,Wyoming,Platte,2,0,0,42.13299116,-104.96633100000001,56031.0,23.82938162754677,0.0,2,1,0,0,1,1,8566,1,0,0,1,0
2020-06-22,US,Wyoming,Sheridan,19,0,0,44.79048913,-106.8862389,56033.0,62.325733967525004,0.0,19,19,0,0,19,19,30233,0,0,0,0,0
2020-06-22,US,Wyoming,Sublette,5,0,0,42.76558279,-109.91309220000001,56035.0,50.85952598921778,0.0,5,4,0,0,4,4,9813,1,0,0,1,0
2020-06-22,US,Wyoming,Sweetwater,56,0,0,41.65943896,-108.8827882,56037.0,132.25326500247974,0.0,56,53,0,0,53,49,43051,3,0,0,3,4
2020-06-22,US,Wyoming,Teton,111,0,0,43.93522482,-110.5890801,56039.0,473.0651210364814,0.0,111,110,0,0,110,109,23081,1,0,0,1,1
2020-06-22,US,Wyoming,Uinta,148,0,0,41.2878183,-110.54757820000002,56041.0,731.7314347869078,0.0,148,138,0,0,138,130,20299,10,0,0,10,8
2020-06-22,US,Wyoming,Unassigned,0,19,0,0.0,0.0,90056.0,0.0,0.0,-19,0,19,0,-19,0,,0,0,0,0,0
2020-06-22,US,Wyoming,Washakie,39,0,0,43.90451606,-107.68018700000002,56043.0,499.6796925048046,0.0,39,39,0,0,39,39,7885,0,0,0,0,0
2020-06-22,US,Wyoming,Weston,1,0,0,43.83961191,-104.56748809999999,56045.0,14.436263894903998,0.0,1,1,0,0,1,1,6967,0,0,0,0,0
