Date,Country/Region,Province/State,Admin2,Confirmed,Deaths,Recovered,Latitude,Longitude,FIPS,Incidence_Rate,Case-Fatality_Ratio,Active Cases,Previous Confirmed,Previous Deaths,Previous Recovered,Previous Active,Prev2 Confirmed,Population,Daily Confirmed,Daily Deaths,Daily Recovered,Daily Active,Previous Daily Confirmed
2020-10-20,US,Alabama,Autauga,2010,29,0,32.53952745,-86.64408227,1001.0,3597.701766632659,1.4427860696517414,1981,1999,28,0,1971,1989,55601,11,1,0,10,10
2020-10-20,US,Alabama,Baldwin,6405,69,0,30.72774991,-87.72207058,1003.0,2869.1865934400676,1.0772833723653397,6336,6375,67,0,6308,6369,218022,30,2,0,28,6
2020-10-20,US,Alabama,Barbour,988,9,0,31.868263,-85.3871286,1005.0,4002.268492262821,0.9109311740890688,979,981,9,0,972,981,24881,7,0,0,7,0
2020-10-20,US,Alabama,Bibb,791,14,0,32.99642064,-87.12511459999996,1007.0,3532.1961239617754,1.7699115044247788,777,789,13,0,776,785,22400,2,1,0,1,4
2020-10-20,US,Alabama,Blount,1848,24,0,33.98210918,-86.56790593,1009.0,3195.7942793898937,1.2987012987012987,1824,1838,23,0,1815,1827,57840,10,1,0,9,11
2020-10-20,US,Alabama,Bullock,635,17,0,32.10030533,-85.71265535,1011.0,6286.5062865062855,2.677165354330709,618,635,17,0,618,634,10138,0,0,0,0,1
2020-10-20,US,Alabama,Butler,998,40,0,31.75300095,-86.68057478,1013.0,5131.633072809545,4.008016032064128,958,998,40,0,958,996,19680,0,0,0,0,2
2020-10-20,US,Alabama,Calhoun,4127,59,0,33.77483727,-85.82630386,1015.0,3632.762642489327,1.4296098861158226,4068,4102,59,0,4043,4084,114277,25,0,0,25,18
2020-10-20,US,Alabama,Chambers,1301,43,0,32.91360079,-85.39072749,1017.0,3912.3113008961327,3.3051498847040737,1258,1273,43,0,1230,1266,33615,28,0,0,28,7
2020-10-20,US,Alabama,Cherokee,722,14,0,34.17805983,-85.60638968,1019.0,2756.1459764849596,1.9390581717451525,708,715,14,0,701,714,26032,7,0,0,7,1
2020-10-20,US,Alabama,Chilton,1817,31,0,32.85044126,-86.7173256,1021.0,4089.763212388584,1.7061089708310402,1786,1805,31,0,1774,1787,44153,12,0,0,12,18
2020-10-20,US,Alabama,Choctaw,387,12,0,32.02227341,-88.26564429999998,1023.0,3074.112320279609,3.1007751937984502,375,386,12,0,374,386,12841,1,0,0,1,0
2020-10-20,US,Alabama,Clarke,1271,17,0,31.68099859,-87.83548597,1025.0,5380.577427821522,1.3375295043273014,1254,1267,16,0,1251,1261,23920,4,1,0,3,6
2020-10-20,US,Alabama,Clay,719,12,0,33.26984193,-85.85836077,1027.0,5432.5651681148465,1.6689847009735743,707,707,12,0,695,703,13275,12,0,0,12,4
2020-10-20,US,Alabama,Cleburne,528,7,0,33.67679204,-85.52005899,1029.0,3541.247484909457,1.3257575757575757,521,524,7,0,517,520,14987,4,0,0,4,4
2020-10-20,US,Alabama,Coffee,1666,9,0,31.39932826,-85.98901039,1031.0,3182.9123839364183,0.5402160864345739,1657,1640,9,0,1631,1629,51909,26,0,0,26,11
2020-10-20,US,Alabama,Colbert,1922,28,0,34.69847452,-87.80168544,1033.0,3479.2997954417915,1.4568158168574399,1894,1906,27,0,1879,1889,54762,16,1,0,15,17
2020-10-20,US,Alabama,Conecuh,557,13,0,31.43401703,-86.99320044,1035.0,4615.894588547278,2.3339317773788157,544,554,13,0,541,554,12277,3,0,0,3,0
2020-10-20,US,Alabama,Coosa,197,3,0,32.93690146,-86.24847739,1037.0,1847.5100815905469,1.5228426395939083,194,196,3,0,193,196,10715,1,0,0,1,0
2020-10-20,US,Alabama,Covington,1660,29,0,31.247785399999998,-86.45050893,1039.0,4480.552781451591,1.7469879518072289,1631,1647,29,0,1618,1644,36986,13,0,0,13,3
2020-10-20,US,Alabama,Crenshaw,593,30,0,31.72941803,-86.31593104,1041.0,4305.837932036015,5.059021922428331,563,590,30,0,560,588,13824,3,0,0,3,2
2020-10-20,US,Alabama,Cullman,2276,23,0,34.13020303,-86.86888037,1043.0,2717.02798204565,1.0105448154657293,2253,2258,23,0,2235,2239,83442,18,0,0,18,19
2020-10-20,US,Alabama,Dale,1634,51,0,31.43037123,-85.61095742,1045.0,3323.029366306028,3.121175030599755,1583,1625,51,0,1574,1615,48956,9,0,0,9,10
2020-10-20,US,Alabama,Dallas,1856,27,0,32.32688101,-87.10866709999998,1047.0,4989.783847725562,1.4547413793103448,1829,1852,27,0,1825,1845,38310,4,0,0,4,7
2020-10-20,US,Alabama,DeKalb,3196,28,0,34.45946862,-85.80782906,1049.0,4469.1175031113235,0.8760951188986232,3168,3167,27,0,3140,3133,71385,29,1,0,28,34
2020-10-20,US,Alabama,Elmore,3107,52,0,32.59785413,-86.14415284,1051.0,3825.930623453066,1.6736401673640169,3055,3095,52,0,3043,3081,81887,12,0,0,12,14
2020-10-20,US,Alabama,Escambia,1713,28,0,31.1256789,-87.15918694,1053.0,4676.111702563263,1.634559252772913,1685,1709,28,0,1681,1703,36748,4,0,0,4,6
2020-10-20,US,Alabama,Etowah,4057,49,0,34.04567266,-86.04051873,1055.0,3967.0278092854073,1.207789006655164,4008,4020,49,0,3971,3991,102501,37,0,0,37,29
2020-10-20,US,Alabama,Fayette,553,12,0,33.72076938,-87.73886638,1057.0,3392.221813274445,2.16998191681736,541,547,12,0,535,540,16433,6,0,0,6,7
2020-10-20,US,Alabama,Franklin,1997,31,0,34.44235334,-87.84289505,1059.0,6367.578598303679,1.5523284927391086,1966,1991,31,0,1960,1981,31363,6,0,0,6,10
2020-10-20,US,Alabama,Geneva,841,7,0,31.09389027,-85.83572839,1061.0,3201.2485249895317,0.8323424494649228,834,833,7,0,826,829,26314,8,0,0,8,4
2020-10-20,US,Alabama,Greene,339,16,0,32.85504247,-87.95684022,1063.0,4179.50930834669,4.71976401179941,323,333,16,0,317,333,8233,6,0,0,6,0
2020-10-20,US,Alabama,Hale,745,29,0,32.76039258,-87.63284988,1065.0,5084.977134666576,3.8926174496644297,716,745,29,0,716,737,14726,0,0,0,0,8
2020-10-20,US,Alabama,Henry,637,6,0,31.51148016,-85.24267944,1067.0,3702.412089508864,0.9419152276295132,631,631,6,0,625,628,17209,6,0,0,6,3
2020-10-20,US,Alabama,Houston,3646,32,0,31.15197924,-85.29939599,1069.0,3443.4559226308534,0.8776741634668129,3614,3631,32,0,3599,3623,104722,15,0,0,15,8
2020-10-20,US,Alabama,Jackson,2009,15,0,34.78144169,-85.99750489,1071.0,3891.450044551195,0.7466401194624191,1994,1991,14,0,1977,1979,51736,18,1,0,17,12
2020-10-20,US,Alabama,Jefferson,22563,372,0,33.55554728,-86.89506300000002,1073.0,3426.0438857955,1.6487169259406993,22191,22400,372,0,22028,22300,659300,163,0,0,163,100
2020-10-20,US,Alabama,Lamar,456,5,0,33.77995024,-88.09668032,1075.0,3303.151032234697,1.0964912280701755,451,457,5,0,452,455,13844,-1,0,0,-1,2
2020-10-20,US,Alabama,Lauderdale,2087,40,0,34.90171875,-87.65624729,1077.0,2250.644350742486,1.9166267369429804,2047,2063,40,0,2023,2043,92387,24,0,0,24,20
2020-10-20,US,Alabama,Lawrence,800,31,0,34.52041498,-87.31069453,1079.0,2429.838415745353,3.875,769,792,30,0,762,788,32957,8,1,0,7,4
2020-10-20,US,Alabama,Lee,6449,66,0,32.60154883,-85.35132246,1081.0,3919.3640529469676,1.0234144828655605,6383,6439,66,0,6373,6430,163941,10,0,0,10,9
2020-10-20,US,Alabama,Limestone,2708,28,0,34.81185586,-86.98310072,1083.0,2737.704089369661,1.03397341211226,2680,2692,27,0,2665,2683,96174,16,1,0,15,9
2020-10-20,US,Alabama,Lowndes,701,27,0,32.1597283,-86.65158371,1085.0,7207.4850915073,3.8516405135520686,674,699,27,0,672,698,9974,2,0,0,2,1
2020-10-20,US,Alabama,Macon,528,20,0,32.38759944,-85.69267724,1087.0,2922.293557671021,3.787878787878788,508,529,19,0,510,528,18439,-1,1,0,-2,1
2020-10-20,US,Alabama,Madison,9048,93,0,34.76327133,-86.55069633,1089.0,2426.3292116843522,1.0278514588859415,8955,8999,92,0,8907,8951,366519,49,1,0,48,48
2020-10-20,US,Alabama,Marengo,972,21,0,32.24767634,-87.78796182,1091.0,5152.944918623761,2.1604938271604937,951,967,21,0,946,964,19066,5,0,0,5,3
2020-10-20,US,Alabama,Marion,1047,29,0,34.13697363,-87.88704173,1093.0,3524.184590528123,2.7698185291308497,1018,1042,29,0,1013,1039,29763,5,0,0,5,3
2020-10-20,US,Alabama,Marshall,4282,48,0,34.36975964,-86.30486727,1095.0,4424.742182817699,1.120971508640822,4234,4267,48,0,4219,4253,96109,15,0,0,15,14
2020-10-20,US,Alabama,Mobile,14335,314,0,30.78472347,-88.20842409,1097.0,3469.180319934175,2.1904429717474714,14021,14282,314,0,13968,14273,413757,53,0,0,53,9
2020-10-20,US,Alabama,Monroe,631,9,0,31.56729412,-87.36995001,1099.0,3043.457290310133,1.4263074484944531,622,627,9,0,618,625,21067,4,0,0,4,2
2020-10-20,US,Alabama,Montgomery,9759,196,0,32.2206831,-86.20969272,1101.0,4308.8756037900785,2.0084025002561736,9563,9691,196,0,9495,9615,225763,68,0,0,68,76
2020-10-20,US,Alabama,Morgan,3968,33,0,34.45500589,-86.85475946,1103.0,3315.5357247303205,0.8316532258064516,3935,3945,32,0,3913,3932,119089,23,1,0,22,13
2020-10-20,US,Alabama,Perry,580,6,0,32.64048341,-87.29770589,1105.0,6500.056034965819,1.0344827586206895,574,579,6,0,573,579,9140,1,0,0,1,0
2020-10-20,US,Alabama,Pickens,805,17,0,33.28094866,-88.08818103,1107.0,4039.136979427998,2.111801242236025,788,803,17,0,786,793,19938,2,0,0,2,10
2020-10-20,US,Alabama,Pike,1305,12,0,31.80396383,-85.9408295,1109.0,3940.931328139156,0.9195402298850576,1293,1302,12,0,1290,1301,33338,3,0,0,3,1
2020-10-20,US,Alabama,Randolph,798,14,0,33.29526734,-85.45708831,1111.0,3512.014787430684,1.7543859649122806,784,795,14,0,781,793,22725,3,0,0,3,2
2020-10-20,US,Alabama,Russell,1905,3,0,32.28725256,-85.18415324,1113.0,3286.6927761770844,0.15748031496062992,1902,1902,3,0,1899,1899,57781,3,0,0,3,3
2020-10-20,US,Alabama,Shelby,7099,60,0,33.26879845,-86.66232561,1117.0,3260.8795509457877,0.8451894633046908,7039,7035,60,0,6975,7002,215707,64,0,0,64,33
2020-10-20,US,Alabama,St. Clair,2821,42,0,33.71902176,-86.31029372,1115.0,3151.532755384753,1.488833746898263,2779,2797,42,0,2755,2767,88690,24,0,0,24,30
2020-10-20,US,Alabama,Sumter,467,21,0,32.59117397,-88.19916205,1119.0,3757.946407016979,4.496788008565312,446,464,21,0,443,464,12691,3,0,0,3,0
2020-10-20,US,Alabama,Talladega,2584,35,0,33.37823223,-86.16886178,1121.0,3230.8884943359426,1.3544891640866874,2549,2550,34,0,2516,2536,79828,34,1,0,33,14
2020-10-20,US,Alabama,Tallapoosa,1286,86,0,32.86698258,-85.79833053,1123.0,3185.770555156439,6.6874027993779155,1200,1272,86,0,1186,1269,40497,14,0,0,14,3
2020-10-20,US,Alabama,Tuscaloosa,10023,133,0,33.28726072,-87.52556818,1125.0,4787.561796947768,1.3269480195550234,9890,9983,132,0,9851,9886,208911,40,1,0,39,97
2020-10-20,US,Alabama,Walker,2688,92,0,33.80270512,-87.30027177,1127.0,4231.671415752271,3.4226190476190474,2596,2680,92,0,2588,2641,63711,8,0,0,8,39
2020-10-20,US,Alabama,Washington,622,12,0,31.4092794,-88.20689944,1129.0,3809.873820899179,1.929260450160772,610,621,12,0,609,620,16378,1,0,0,1,1
2020-10-20,US,Alabama,Wilcox,559,12,0,31.98773215,-87.30891118,1131.0,5388.9906487997705,2.146690518783542,547,557,12,0,545,554,10627,2,0,0,2,3
2020-10-20,US,Alabama,Winston,904,13,0,34.15030532,-87.37325922,1133.0,3825.8072707266497,1.4380530973451326,891,899,13,0,886,886,23660,5,0,0,5,13
2020-10-20,US,Alaska,Aleutians East,5,0,0,55.32222414,-161.9722021,2013.0,149.8351813005694,0.0,5,5,0,0,5,5,3515,0,0,0,0,0
2020-10-20,US,Alaska,Aleutians West,6,0,0,52.3233,-174.1596,2016.0,106.49627263045794,0.0,6,6,0,0,6,6,5723,0,0,0,0,0
2020-10-20,US,Alaska,Anchorage,6302,41,0,61.14998174,-149.14269860000005,2020.0,2188.194444444445,0.6505871152015233,6261,6188,41,0,6147,6095,291538,114,0,0,114,93
2020-10-20,US,Alaska,Bethel,269,1,0,60.90980451,-159.8561831,2050.0,1463.0697269661698,0.3717472118959108,268,258,0,0,258,253,18216,11,1,0,10,5
2020-10-20,US,Alaska,Bristol Bay plus Lake and Peninsula,34,0,0,58.62403337,-156.21405890000003,2164.0,845.7711442786069,0.0,34,34,0,0,34,,,0,0,0,0,
2020-10-20,US,Alaska,Denali,19,0,0,63.67264044,-150.0076108,2068.0,906.0562708631378,0.0,19,17,0,0,17,17,2059,2,0,0,2,0
2020-10-20,US,Alaska,Dillingham,23,0,0,59.79603738,-158.23819419999995,2070.0,467.86004882017914,0.0,23,23,0,0,23,15,5000,0,0,0,0,8
2020-10-20,US,Alaska,Fairbanks North Star,1821,13,0,64.80726247,-146.5692662,2090.0,1880.2465694018524,0.7138934651290499,1808,1802,13,0,1789,1742,98971,19,0,0,19,60
2020-10-20,US,Alaska,Haines,5,0,0,59.09893571,-135.4679843,2100.0,197.6284584980237,0.0,5,6,0,0,6,6,2474,-1,0,0,-1,0
2020-10-20,US,Alaska,Juneau,372,3,0,58.45031811,-134.200436,2110.0,1163.4452993056861,0.8064516129032258,369,367,3,0,364,363,32113,5,0,0,5,4
2020-10-20,US,Alaska,Kenai Peninsula,595,3,0,60.24429722,-151.53888840000005,2122.0,1013.4904953328336,0.5042016806722689,592,579,3,0,576,568,58533,16,0,0,16,11
2020-10-20,US,Alaska,Ketchikan Gateway,58,0,0,55.57445008,-130.975561,2130.0,417.236170059708,0.0,58,58,0,0,58,58,13918,0,0,0,0,0
2020-10-20,US,Alaska,Kodiak Island,48,0,0,57.65529415,-153.7493579,2150.0,369.2875827050315,0.0,48,47,0,0,47,47,13345,1,0,0,1,0
2020-10-20,US,Alaska,Kusilvak,29,0,0,62.15429159999999,-163.39678830000003,2158.0,348.80923743083963,0.0,29,28,0,0,28,28,8303,1,0,0,1,0
2020-10-20,US,Alaska,Matanuska-Susitna,880,2,0,62.31305045,-149.5741743,2170.0,812.4301817812532,0.2272727272727273,878,857,3,0,854,841,107610,23,-1,0,24,16
2020-10-20,US,Alaska,Nome,109,0,0,64.90320724,-164.0353804,2180.0,1089.5641743302679,0.0,109,108,0,0,108,108,10008,1,0,0,1,0
2020-10-20,US,Alaska,North Slope,211,0,0,69.31479216,-153.4836093,2185.0,2146.053702196908,0.0,211,205,0,0,205,204,9872,6,0,0,6,1
2020-10-20,US,Alaska,Northwest Arctic,206,0,0,67.04919196,-159.7503946,2188.0,2703.0573415562258,0.0,206,203,0,0,203,203,7671,3,0,0,3,0
2020-10-20,US,Alaska,Petersburg,11,1,0,57.13978948,-132.9540995,2195.0,336.80342927127987,9.090909090909092,10,11,1,0,10,11,3221,0,0,0,0,0
2020-10-20,US,Alaska,Prince of Wales-Hyder,33,0,0,55.76261984,-133.0511621,2198.0,532.0006448492667,0.0,33,33,0,0,33,34,6422,0,0,0,0,-1
2020-10-20,US,Alaska,Sitka,55,0,0,57.24124555,-135.3206587,2220.0,647.5921346991639,0.0,55,55,0,0,55,55,8647,0,0,0,0,0
2020-10-20,US,Alaska,Skagway,3,0,0,59.56149996,-135.33377480000001,2230.0,253.59256128486896,0.0,3,1,0,0,1,1,1148,2,0,0,2,0
2020-10-20,US,Alaska,Southeast Fairbanks,48,0,0,63.87692095,-143.2127643,2240.0,696.3586246917163,0.0,48,48,0,0,48,48,6918,0,0,0,0,0
2020-10-20,US,Alaska,Unassigned,3,0,0,0.0,0.0,90002.0,0.0,0.0,3,3,0,0,3,25,,0,0,0,0,-22
2020-10-20,US,Alaska,Valdez-Cordova,102,1,0,61.47502768,-144.7126799,2261.0,1108.4546837643989,0.9803921568627452,101,99,1,0,98,98,9164,3,0,0,3,1
2020-10-20,US,Alaska,Wrangell,13,0,0,56.3202004,-132.05837309999998,2275.0,519.5843325339728,0.0,13,13,0,0,13,13,2503,0,0,0,0,0
2020-10-20,US,Alaska,Yakutat,28,0,0,59.890980799999994,-140.36014509999998,2282.0,4835.9240069084635,0.0,28,27,0,0,27,26,604,1,0,0,1,1
2020-10-20,US,Alaska,Yukon-Koyukuk,103,2,0,65.50815459,-151.39073869999999,2290.0,1969.4072657743784,1.9417475728155342,101,101,2,0,99,100,5327,2,0,0,2,1
2020-10-20,US,Arizona,Apache,3798,168,0,35.39465006,-109.4892383,4001.0,5283.291833015705,4.423380726698261,3630,3781,168,0,3613,3780,71818,17,0,0,17,1
2020-10-20,US,Arizona,Cochise,2062,73,0,31.87934684,-109.7516088,4003.0,1637.521640380553,3.540252182347236,1989,2034,73,0,1961,2032,126770,28,0,0,28,2
2020-10-20,US,Arizona,Coconino,4789,147,0,35.83883429,-111.77071780000001,4005.0,3337.840475062031,3.0695343495510543,4642,4746,147,0,4599,4721,142854,43,0,0,43,25
2020-10-20,US,Arizona,Gila,1772,65,0,33.80190085,-110.8132779,4007.0,3280.388018808545,3.6681715575620766,1707,1748,65,0,1683,1741,53889,24,0,0,24,7
2020-10-20,US,Arizona,Graham,1053,27,0,32.93166885,-109.8882178,4009.0,2711.331977238201,2.5641025641025643,1026,1038,27,0,1011,1028,38072,15,0,0,15,10
2020-10-20,US,Arizona,Greenlee,82,1,0,33.21498827,-109.2405279,4011.0,863.3396504527269,1.2195121951219512,81,71,1,0,70,72,9483,11,0,0,11,-1
2020-10-20,US,Arizona,La Paz,606,16,0,33.72854224,-113.98100290000001,4012.0,2870.949403069926,2.64026402640264,590,590,16,0,574,589,21098,16,0,0,16,1
2020-10-20,US,Arizona,Maricopa,150881,3519,0,33.34835867,-112.49181540000001,4013.0,3363.814354706165,2.3323016151801745,147362,150280,3512,0,146768,149720,4410824,601,7,0,594,560
2020-10-20,US,Arizona,Mohave,4211,229,0,35.70471703,-113.7577902,4015.0,1984.6263331778052,5.438138209451437,3982,4182,229,0,3953,4183,209550,29,0,0,29,-1
2020-10-20,US,Arizona,Navajo,6149,236,0,35.3997715,-110.3218983,4017.0,5543.435144783816,3.838022442673605,5913,6100,236,0,5864,6096,110445,49,0,0,49,4
2020-10-20,US,Arizona,Pima,27019,634,0,32.0971334,-111.7890033,4019.0,2579.9237834426167,2.3464969095821457,26385,26955,634,0,26321,26911,1039073,64,0,0,64,44
2020-10-20,US,Arizona,Pinal,11476,216,0,32.90525627,-111.3449483,4021.0,2479.7477900295817,1.8821889159986056,11260,11379,216,0,11163,11334,447138,97,0,0,97,45
2020-10-20,US,Arizona,Santa Cruz,2957,65,0,31.52508998,-110.8479088,4023.0,6359.413308099272,2.1981738248224554,2892,2956,65,0,2891,2949,46511,1,0,0,1,7
2020-10-20,US,Arizona,Unassigned,0,1,0,0.0,0.0,90004.0,0.0,0.0,-1,0,1,0,-1,0,,0,0,0,0,0
2020-10-20,US,Arizona,Yavapai,2798,87,0,34.59933926,-112.5538588,4025.0,1190.1369210417736,3.1093638313080763,2711,2776,87,0,2689,2776,231993,22,0,0,22,0
2020-10-20,US,Arizona,Yuma,13284,353,0,32.76895712,-113.90666740000002,4027.0,6213.661260974708,2.6573321288768446,12931,13261,353,0,12908,13217,212128,23,0,0,23,44
2020-10-20,US,Arkansas,Arkansas,606,11,0,34.29145151,-91.37277296,5001.0,3465.6296465744012,1.8151815181518152,595,606,11,0,595,602,17769,0,0,0,0,4
2020-10-20,US,Arkansas,Ashley,503,12,0,33.19153461,-91.76984709999999,5003.0,2558.884875616829,2.3856858846918487,491,501,12,0,489,498,20046,2,0,0,2,3
2020-10-20,US,Arkansas,Baxter,566,7,0,36.28784385,-92.33782872,5005.0,1349.8044452923782,1.2367491166077738,559,552,7,0,545,550,41619,14,0,0,14,2
2020-10-20,US,Arkansas,Benton,7698,112,0,36.33644656,-94.25680817,5007.0,2757.746085311724,1.4549233567160302,7586,7632,110,0,7522,7599,272608,66,2,0,64,33
2020-10-20,US,Arkansas,Boone,959,29,0,36.3084504,-93.09374925,5009.0,2561.9790553537077,3.0239833159541187,930,951,29,0,922,951,37480,8,0,0,8,0
2020-10-20,US,Arkansas,Bradley,360,8,0,33.46755808,-92.15980837,5011.0,3344.792344141968,2.2222222222222223,352,358,8,0,350,356,10897,2,0,0,2,2
2020-10-20,US,Arkansas,Calhoun,44,0,0,33.55598792,-92.49974403,5013.0,847.9475814222394,0.0,44,42,0,0,42,42,5277,2,0,0,2,0
2020-10-20,US,Arkansas,Carroll,944,12,0,36.34038560000001,-93.54270261,5015.0,3326.2861169837915,1.2711864406779658,932,937,12,0,925,927,28223,7,0,0,7,10
2020-10-20,US,Arkansas,Chicot,1032,22,0,33.26458973,-91.29539209,5017.0,10199.644198458192,2.1317829457364343,1010,1031,22,0,1009,1030,10438,1,0,0,1,1
2020-10-20,US,Arkansas,Clark,471,4,0,34.04613432,-93.17484713,5019.0,2110.2150537634407,0.8492569002123143,467,467,4,0,463,463,22061,4,0,0,4,4
2020-10-20,US,Arkansas,Clay,443,11,0,36.36826212,-90.4148172,5021.0,3044.464297986392,2.4830699774266365,432,430,11,0,419,429,14847,13,0,0,13,1
2020-10-20,US,Arkansas,Cleburne,436,14,0,35.53864922,-92.02640019,5023.0,1749.6689273245315,3.2110091743119265,422,433,14,0,419,431,24965,3,0,0,3,2
2020-10-20,US,Arkansas,Cleveland,208,12,0,33.89723187,-92.18537045,5025.0,2614.37908496732,5.769230769230768,196,206,12,0,194,204,8018,2,0,0,2,2
2020-10-20,US,Arkansas,Columbia,660,19,0,33.21230701,-93.22642793,5027.0,2813.659035682312,2.878787878787879,641,658,19,0,639,654,23537,2,0,0,2,4
2020-10-20,US,Arkansas,Conway,330,3,0,35.26205537,-92.70506566,5029.0,1583.0375131919793,0.9090909090909092,327,329,3,0,326,329,20891,1,0,0,1,0
2020-10-20,US,Arkansas,Craighead,4114,36,0,35.83018283,-90.63235729,5031.0,3728.745966718631,0.8750607681088964,4078,4072,36,0,4036,4026,108558,42,0,0,42,46
2020-10-20,US,Arkansas,Crawford,1904,24,0,35.58928601,-94.2446814,5033.0,3009.943563558183,1.2605042016806722,1880,1877,25,0,1852,1867,63406,27,-1,0,28,10
2020-10-20,US,Arkansas,Crittenden,2217,51,0,35.21247318,-90.30839406,5035.0,4623.084141382546,2.3004059539918806,2166,2190,51,0,2139,2184,48342,27,0,0,27,6
2020-10-20,US,Arkansas,Cross,551,22,0,35.29631396,-90.77185818,5037.0,3355.868201473902,3.992740471869329,529,544,21,0,523,538,16676,7,1,0,6,6
2020-10-20,US,Arkansas,Dallas,177,5,0,33.97042763,-92.65167437,5039.0,2525.324582679413,2.824858757062147,172,177,5,0,172,177,7182,0,0,0,0,0
2020-10-20,US,Arkansas,Desha,379,7,0,33.83011025,-91.25500948,5041.0,3335.9739459554607,1.8469656992084436,372,377,7,0,370,374,11512,2,0,0,2,3
2020-10-20,US,Arkansas,Drew,406,7,0,33.59035001,-91.71777921,5043.0,2228.4428344036446,1.7241379310344829,399,403,7,0,396,403,18328,3,0,0,3,0
2020-10-20,US,Arkansas,Faulkner,3158,29,0,35.14719007,-92.33717519,5045.0,2506.2099724618474,0.9183027232425586,3129,3140,29,0,3111,3132,124806,18,0,0,18,8
2020-10-20,US,Arkansas,Franklin,468,2,0,35.51202821,-93.89299569,5047.0,2641.8289585097377,0.4273504273504273,466,465,2,0,463,458,17810,3,0,0,3,7
2020-10-20,US,Arkansas,Fulton,280,9,0,36.38177105,-91.81729127,5049.0,2244.129197723812,3.2142857142857144,271,275,9,0,266,274,12269,5,0,0,5,1
2020-10-20,US,Arkansas,Garland,2275,62,0,34.57692074,-93.14921604,5051.0,2289.0547964502043,2.7252747252747254,2213,2259,62,0,2197,2246,99154,16,0,0,16,13
2020-10-20,US,Arkansas,Grant,337,4,0,34.29017991,-92.42320562,5053.0,1845.058855735012,1.1869436201780414,333,335,4,0,331,334,18188,2,0,0,2,1
2020-10-20,US,Arkansas,Greene,1276,16,0,36.11735460000001,-90.55832668,5055.0,2815.223386651958,1.2539184952978055,1260,1259,16,0,1243,1246,45325,17,0,0,17,13
2020-10-20,US,Arkansas,Hempstead,513,5,0,33.73325583,-93.66935133,5057.0,2382.5004644250416,0.9746588693957114,508,505,5,0,500,501,21741,8,0,0,8,4
2020-10-20,US,Arkansas,Hot Spring,2112,32,0,34.31709259,-92.95396325,5059.0,6253.886470640489,1.5151515151515151,2080,2109,32,0,2077,2105,33701,3,0,0,3,4
2020-10-20,US,Arkansas,Howard,544,13,0,34.09007427,-93.9934871,5061.0,4120.587789728828,2.389705882352941,531,544,13,0,531,539,13341,0,0,0,0,5
2020-10-20,US,Arkansas,Independence,1395,39,0,35.74242707,-91.57001641,5063.0,3688.037012557832,2.795698924731183,1356,1381,39,0,1342,1368,37678,14,0,0,14,13
2020-10-20,US,Arkansas,Izard,482,1,0,36.09604046,-91.90847954,5065.0,3536.57641793235,0.2074688796680498,481,423,1,0,422,408,13593,59,0,0,59,15
2020-10-20,US,Arkansas,Jackson,642,5,0,35.59802983,-91.21494602,5067.0,3839.942580297865,0.778816199376947,637,619,5,0,614,614,16811,23,0,0,23,5
2020-10-20,US,Arkansas,Jefferson,3987,100,0,34.26767081,-91.92619839,5069.0,5966.419250568659,2.5081514923501382,3887,3967,100,0,3867,3933,68114,20,0,0,20,34
2020-10-20,US,Arkansas,Johnson,948,7,0,35.56759135,-93.46036368,5071.0,3566.8598088644744,0.7383966244725738,941,942,7,0,935,941,26742,6,0,0,6,1
2020-10-20,US,Arkansas,Lafayette,154,3,0,33.24116713,-93.60677071,5073.0,2324.8792270531408,1.9480519480519483,151,153,3,0,150,151,6682,1,0,0,1,2
2020-10-20,US,Arkansas,Lawrence,747,15,0,36.04188196,-91.10867198,5075.0,4553.212239424601,2.0080321285140563,732,731,14,0,717,722,16434,16,1,0,15,9
2020-10-20,US,Arkansas,Lee,1102,18,0,34.78498904,-90.78383866,5077.0,12442.136163486508,1.6333938294010892,1084,1102,18,0,1084,1100,8985,0,0,0,0,2
2020-10-20,US,Arkansas,Lincoln,2222,17,0,33.95317155,-91.74002806,5079.0,17060.81081081081,0.7650765076507651,2205,2219,17,0,2202,2219,13383,3,0,0,3,0
2020-10-20,US,Arkansas,Little River,420,37,0,33.70375665,-94.23468591,5081.0,3426.0543274329066,8.80952380952381,383,417,35,0,382,413,12326,3,2,0,1,4
2020-10-20,US,Arkansas,Logan,556,2,0,35.21413234,-93.71951016,5083.0,2590.1425510109007,0.3597122302158273,554,549,2,0,547,542,21737,7,0,0,7,7
2020-10-20,US,Arkansas,Lonoke,1546,23,0,34.75392199,-91.88742357,5085.0,2108.8815834345028,1.4877102199223804,1523,1530,23,0,1507,1517,73657,16,0,0,16,13
2020-10-20,US,Arkansas,Madison,416,5,0,36.01038185,-93.72524943,5087.0,2509.652509652509,1.2019230769230769,411,411,5,0,406,409,16481,5,0,0,5,2
2020-10-20,US,Arkansas,Marion,137,2,0,36.26844485,-92.68451899,5089.0,820.6541272313408,1.45985401459854,135,133,2,0,131,131,16722,4,0,0,4,2
2020-10-20,US,Arkansas,Miller,1206,15,0,33.31403423,-93.89285258,5091.0,2787.9880712948193,1.243781094527363,1191,1193,15,0,1178,1175,43592,13,0,0,13,18
2020-10-20,US,Arkansas,Mississippi,2094,64,0,35.76271485,-90.05194370000002,5093.0,5151.164792994023,3.0563514804202483,2030,2078,63,0,2015,2059,41239,16,1,0,15,19
2020-10-20,US,Arkansas,Monroe,201,0,0,34.6815935,-91.20540287,5095.0,2999.552305626026,0.0,201,199,0,0,199,198,6900,2,0,0,2,1
2020-10-20,US,Arkansas,Montgomery,181,8,0,34.53704874,-93.65824478,5097.0,2014.244380146895,4.419889502762431,173,180,8,0,172,179,8924,1,0,0,1,1
2020-10-20,US,Arkansas,Nevada,274,14,0,33.66340119,-93.30632432,5099.0,3320.40717401842,5.109489051094892,260,269,14,0,255,266,8326,5,0,0,5,3
2020-10-20,US,Arkansas,Newton,289,19,0,35.91947491,-93.21612969,5101.0,3727.5893202631237,6.57439446366782,270,287,19,0,268,287,7805,2,0,0,2,0
2020-10-20,US,Arkansas,Ouachita,342,8,0,33.58839816,-92.87795984,5103.0,1462.6635873749035,2.3391812865497075,334,336,7,0,329,333,23606,6,1,0,5,3
2020-10-20,US,Arkansas,Perry,127,0,0,34.945915299999996,-92.94372564,5105.0,1214.7297943567673,0.0,127,125,0,0,125,124,10352,2,0,0,2,1
2020-10-20,US,Arkansas,Phillips,690,15,0,34.43268455,-90.84800154,5107.0,3880.328421999775,2.1739130434782608,675,686,15,0,671,682,18029,4,0,0,4,4
2020-10-20,US,Arkansas,Pike,254,1,0,34.16250414,-93.65789349,5109.0,2369.845120358276,0.3937007874015748,253,254,1,0,253,254,10673,0,0,0,0,0
2020-10-20,US,Arkansas,Poinsett,937,17,0,35.57433534,-90.66268713,5111.0,3982.488949336961,1.8143009605122733,920,926,17,0,909,914,23974,11,0,0,11,12
2020-10-20,US,Arkansas,Polk,340,4,0,34.48254879,-94.22728802,5113.0,1703.0655179322782,1.1764705882352942,336,342,4,0,338,342,20049,-2,0,0,-2,0
2020-10-20,US,Arkansas,Pope,2584,36,0,35.44871474,-93.03212219,5115.0,4032.962916718691,1.3931888544891642,2548,2557,36,0,2521,2551,64000,27,0,0,27,6
2020-10-20,US,Arkansas,Prairie,194,4,0,34.83624419,-91.55162157,5117.0,2406.3507814438103,2.061855670103093,190,193,4,0,189,192,8074,1,0,0,1,1
2020-10-20,US,Arkansas,Pulaski,11260,195,0,34.77054088,-92.31355101,5119.0,2873.101290854301,1.7317939609236237,11065,11175,193,0,10982,11110,392680,85,2,0,83,65
2020-10-20,US,Arkansas,Randolph,594,24,0,36.3415714,-91.02455531,5121.0,3307.718008686936,4.040404040404041,570,593,23,0,570,588,17948,1,1,0,0,5
2020-10-20,US,Arkansas,Saline,2629,28,0,34.64916145,-92.67583224,5125.0,2147.2267370157715,1.0650437428680106,2601,2599,28,0,2571,2592,121421,30,0,0,30,7
2020-10-20,US,Arkansas,Scott,150,1,0,34.85588887,-94.0632176,5127.0,1459.0020426028595,0.6666666666666666,149,148,1,0,147,147,10319,2,0,0,2,1
2020-10-20,US,Arkansas,Searcy,178,1,0,35.9109364,-92.69936482,5129.0,2258.596624793808,0.5617977528089888,177,178,1,0,177,177,7958,0,0,0,0,1
2020-10-20,US,Arkansas,Sebastian,4598,90,0,35.19605503,-94.27162713,5131.0,3597.0491367238533,1.9573727707698998,4508,4563,88,0,4475,4539,127753,35,2,0,33,24
2020-10-20,US,Arkansas,Sevier,1280,16,0,33.99780401,-94.2424869,5133.0,7526.3126947727405,1.25,1264,1274,16,0,1258,1271,17139,6,0,0,6,3
2020-10-20,US,Arkansas,Sharp,310,10,0,36.16258158,-91.47819342,5135.0,1777.319114780415,3.2258064516129035,300,306,9,0,297,303,17366,4,1,0,3,3
2020-10-20,US,Arkansas,St. Francis,1663,10,0,35.02201976,-90.74828138,5123.0,6653.59686324718,0.6013229104028863,1653,1657,10,0,1647,1652,25439,6,0,0,6,5
2020-10-20,US,Arkansas,Stone,389,21,0,35.86251946,-92.15684085,5137.0,3110.5069566608026,5.398457583547557,368,389,21,0,368,389,12457,0,0,0,0,0
2020-10-20,US,Arkansas,Unassigned,1961,0,0,0.0,0.0,90005.0,0.0,0.0,1961,1990,0,0,1990,1998,,-29,0,0,-29,-8
2020-10-20,US,Arkansas,Union,1081,47,0,33.16887091,-92.59746952,5139.0,2794.581459076573,4.3478260869565215,1034,1073,47,0,1026,1072,39126,8,0,0,8,1
2020-10-20,US,Arkansas,Van Buren,200,3,0,35.58095779,-92.51295036,5141.0,1208.8244182532487,1.5,197,200,3,0,197,200,16603,0,0,0,0,0
2020-10-20,US,Arkansas,Washington,10985,141,0,35.976844,-94.21800746,5143.0,4592.640904396978,1.2835685025034138,10844,10889,140,0,10749,10851,236961,96,1,0,95,38
2020-10-20,US,Arkansas,White,1308,32,0,35.25688493,-91.74908296,5145.0,1660.8891089863246,2.4464831804281344,1276,1287,32,0,1255,1275,78727,21,0,0,21,12
2020-10-20,US,Arkansas,Woodruff,92,0,0,35.18902527,-91.2439489,5147.0,1455.6962025316454,0.0,92,90,0,0,90,88,6490,2,0,0,2,2
2020-10-20,US,Arkansas,Yell,1325,30,0,35.00292371,-93.41171338,5149.0,6208.7062461927735,2.2641509433962264,1295,1320,30,0,1290,1321,21535,5,0,0,5,-1
2020-10-20,US,California,Alameda,22807,433,0,37.64629437,-121.8929271,6001.0,1364.6026605174686,1.8985399219537864,22374,22738,433,0,22305,22636,1666753,69,0,0,69,102
2020-10-20,US,California,Alpine,3,0,0,38.59678594,-119.82235940000001,6003.0,265.72187776793623,0.0,3,3,0,0,3,3,1101,0,0,0,0,0
2020-10-20,US,California,Amador,313,16,0,38.44583082,-120.65696000000001,6005.0,787.3817669551217,5.1118210862619815,297,313,16,0,297,309,39383,0,0,0,0,4
2020-10-20,US,California,Butte,3026,51,0,39.66727762,-121.6005252,6007.0,1380.5626271750934,1.6853932584269662,2975,3019,50,0,2969,3012,231256,7,1,0,6,7
2020-10-20,US,California,Calaveras,333,17,0,38.20537103,-120.55291299999999,6009.0,725.4111752532402,5.105105105105106,316,333,17,0,316,333,45602,0,0,0,0,0
2020-10-20,US,California,Colusa,547,6,0,39.17881957,-122.2331726,6011.0,2538.6364691140298,1.0968921389396709,541,545,6,0,539,545,21627,2,0,0,2,0
2020-10-20,US,California,Contra Costa,18214,236,0,37.91923498,-121.9289527,6013.0,1578.984782310932,1.2957065993192052,17978,18157,234,0,17923,18054,1150215,57,2,0,55,103
2020-10-20,US,California,Del Norte,175,1,0,41.74228275,-123.89740630000001,6015.0,629.2247950524953,0.5714285714285714,174,173,1,0,172,173,27828,2,0,0,2,0
2020-10-20,US,California,El Dorado,1290,4,0,38.77965956,-120.5233166,6017.0,668.9379443381404,0.31007751937984496,1286,1283,4,0,1279,1277,190678,7,0,0,7,6
2020-10-20,US,California,Fresno,30152,430,0,36.75733899,-119.6466953,6019.0,3017.913103880389,1.4261077208808703,29722,30051,429,0,29622,29911,994400,101,1,0,100,140
2020-10-20,US,California,Glenn,642,3,0,39.59875897,-122.3938452,6021.0,2261.1206987637797,0.4672897196261682,639,639,3,0,636,639,28047,3,0,0,3,0
2020-10-20,US,California,Humboldt,558,9,0,40.69923009,-123.876044,6023.0,411.63192139158144,1.6129032258064515,549,554,9,0,545,544,136373,4,0,0,4,10
2020-10-20,US,California,Imperial,12534,335,0,33.0393082,-115.36690420000001,6025.0,6916.645973015478,2.6727301739269187,12199,12475,335,0,12140,12410,181827,59,0,0,59,65
2020-10-20,US,California,Inyo,218,15,0,36.51112084,-117.41119779999998,6027.0,1208.4927102389267,6.8807339449541285,203,215,15,0,200,212,17987,3,0,0,3,3
2020-10-20,US,California,Kern,33497,410,0,35.34329425,-118.72777959999999,6029.0,3721.053719054168,1.2239902080783354,33087,33448,410,0,33038,33373,896764,49,0,0,49,75
2020-10-20,US,California,Kings,8173,83,0,36.07409056,-119.8159973,6031.0,5343.925722505558,1.015538969778539,8090,8159,83,0,8076,8151,151366,14,0,0,14,8
2020-10-20,US,California,Lake,673,15,0,39.10124298,-122.75362439999999,6033.0,1045.2582859627867,2.2288261515601784,658,670,15,0,655,663,64382,3,0,0,3,7
2020-10-20,US,California,Lassen,757,1,0,40.67311306,-120.59350990000002,6035.0,2476.040951166061,0.13210039630118892,756,757,1,0,756,757,30802,0,0,0,0,0
2020-10-20,US,California,Los Angeles,290009,6912,0,34.30828379,-118.22824109999999,6037.0,2888.7927980048426,2.3833743090731665,283097,289366,6877,0,282489,288451,10105518,643,35,0,608,915
2020-10-20,US,California,Madera,4920,73,0,37.21513971,-119.76655890000002,6039.0,3127.244528911121,1.4837398373983741,4847,4886,73,0,4813,4836,157672,34,0,0,34,50
2020-10-20,US,California,Marin,7030,127,0,38.07122463,-122.72106310000001,6041.0,2716.1104371276456,1.8065433854907542,6903,7019,124,0,6895,7001,259666,11,3,0,8,18
2020-10-20,US,California,Mariposa,78,2,0,37.57978556,-119.9073334,6043.0,453.4092890774865,2.5641025641025643,76,78,2,0,76,78,17471,0,0,0,0,0
2020-10-20,US,California,Mendocino,1104,21,0,39.4381191,-123.39113130000001,6045.0,1272.6371485550267,1.9021739130434785,1083,1103,21,0,1082,1089,87606,1,0,0,1,14
2020-10-20,US,California,Merced,9375,152,0,37.18922369,-120.72090349999999,6047.0,3376.1884183232496,1.6213333333333333,9223,9314,152,0,9162,9314,274765,61,0,0,61,0
2020-10-20,US,California,Modoc,27,0,0,41.58965602,-120.7244817,6049.0,305.3953172718018,0.0,27,27,0,0,27,27,8777,0,0,0,0,0
2020-10-20,US,California,Mono,175,2,0,37.93899289,-118.8872409,6051.0,1211.5757407920246,1.1428571428571428,173,175,2,0,173,175,14250,0,0,0,0,0
2020-10-20,US,California,Monterey,11117,83,0,36.21862405,-121.24133970000001,6053.0,2561.1607585109005,0.7466042997211478,11034,11091,83,0,11008,11022,435594,26,0,0,26,69
2020-10-20,US,California,Napa,1892,14,0,38.50735751,-122.33283899999999,6055.0,1373.5625508189105,0.7399577167019028,1878,1882,14,0,1868,1866,139417,10,0,0,10,16
2020-10-20,US,California,Nevada,590,8,0,39.30394768,-120.76272809999999,6057.0,591.4490501729236,1.3559322033898304,582,582,8,0,574,581,99696,8,0,0,8,1
2020-10-20,US,California,Orange,57373,1412,0,33.70147516,-117.76459979999998,6059.0,1806.6298620899008,2.461087968208042,55961,57071,1410,0,55661,56868,3185968,302,2,0,300,203
2020-10-20,US,California,Placer,4012,55,0,39.06167234,-120.72405690000001,6061.0,1007.2076097898973,1.3708873379860418,3957,3978,52,0,3926,3898,393149,34,3,0,31,80
2020-10-20,US,California,Plumas,54,0,0,40.00355989,-120.8395236,6063.0,287.1271335141172,0.0,54,54,0,0,54,54,18804,0,0,0,0,0
2020-10-20,US,California,Riverside,64668,1273,0,33.74314981,-115.9933578,6065.0,2617.559033509192,1.9685161130698337,63395,64075,1272,0,62803,63284,2450758,593,1,0,592,791
2020-10-20,US,California,Sacramento,24582,471,0,38.45106826,-121.34253740000001,6067.0,1583.8325629583428,1.9160361239931656,24111,24425,468,0,23957,24304,1540975,157,3,0,154,121
2020-10-20,US,California,San Benito,1407,14,0,36.60308176,-121.069975,6069.0,2240.160489109668,0.9950248756218906,1393,1403,14,0,1389,1401,61537,4,0,0,4,2
2020-10-20,US,California,San Bernardino,60621,1028,0,34.84060306,-116.1774685,6071.0,2780.671395840071,1.6957819897395292,59593,59779,1021,0,58758,59696,2171603,842,7,0,835,83
2020-10-20,US,California,San Diego,53000,857,0,33.03484597,-116.73653259999999,6073.0,1587.620157384081,1.6169811320754717,52143,52735,853,0,51882,52355,3343364,265,4,0,261,380
2020-10-20,US,California,San Francisco,11937,133,0,37.75215114,-122.43856720000001,6075.0,1354.0937599611593,1.1141827929965653,11804,11901,133,0,11768,11877,883305,36,0,0,36,24
2020-10-20,US,California,San Joaquin,21196,484,0,37.93433732,-121.2730061,6077.0,2781.0871379312152,2.28344970749198,20712,21187,484,0,20703,21187,752660,9,0,0,9,0
2020-10-20,US,California,San Luis Obispo,4049,32,0,35.38822029,-120.4039028,6079.0,1430.1810950475256,0.7903185971844899,4017,4009,32,0,3977,3985,284010,40,0,0,40,24
2020-10-20,US,California,San Mateo,10889,157,0,37.422880799999994,-122.32755459999998,6081.0,1420.4778931686872,1.4418220222242633,10732,10810,157,0,10653,10743,769545,79,0,0,79,67
2020-10-20,US,California,Santa Barbara,9641,119,0,34.65329488,-120.0188492,6083.0,2159.2433577678785,1.2343117933824292,9522,9608,119,0,9489,9588,446527,33,0,0,33,20
2020-10-20,US,California,Santa Clara,23458,382,0,37.23104908,-121.6970462,6085.0,1216.794650211738,1.6284423224486315,23076,23355,378,0,22977,23224,1937570,103,4,0,99,131
2020-10-20,US,California,Santa Cruz,2722,23,0,37.05580291,-122.0066524,6087.0,996.2922701335588,0.8449669360764144,2699,2706,23,0,2683,2696,274255,16,0,0,16,10
2020-10-20,US,California,Shasta,1786,29,0,40.76391419,-122.0396884,6089.0,991.7814304753443,1.6237402015677491,1757,1723,29,0,1694,1679,180040,63,0,0,63,44
2020-10-20,US,California,Sierra,6,0,0,39.57713498,-120.52007009999998,6091.0,199.6672212978369,0.0,6,6,0,0,6,6,2987,0,0,0,0,0
2020-10-20,US,California,Siskiyou,185,0,0,41.59198861,-122.54074340000001,6093.0,424.9064057511656,0.0,185,184,0,0,184,184,43724,1,0,0,1,0
2020-10-20,US,California,Solano,7171,74,0,38.26827353,-121.9357113,6095.0,1601.9461937302717,1.0319341793334262,7097,7117,74,0,7043,7009,446610,54,0,0,54,108
2020-10-20,US,California,Sonoma,9016,134,0,38.52746429,-122.88625060000001,6097.0,1823.8606939409635,1.4862466725820762,8882,8934,129,0,8805,8810,499942,82,5,0,77,124
2020-10-20,US,California,Stanislaus,17354,393,0,37.55862499,-120.9970722,6099.0,3151.4909381469515,2.264607583266106,16961,17341,392,0,16949,17292,549815,13,1,0,12,49
2020-10-20,US,California,Sutter,1819,12,0,39.03417539,-121.6945899,6101.0,1875.818543688319,0.6597031335898845,1807,1796,12,0,1784,1796,96807,23,0,0,23,0
2020-10-20,US,California,Tehama,793,8,0,40.12570935,-122.23701709999999,6103.0,1218.4254194579312,1.008827238335435,785,774,8,0,766,764,63916,19,0,0,19,10
2020-10-20,US,California,Trinity,23,0,0,40.64917670000001,-123.114713,6105.0,187.22018722018726,0.0,23,23,0,0,23,20,12535,0,0,0,0,3
2020-10-20,US,California,Tulare,17206,276,0,36.22026558,-118.8020203,6107.0,3690.730273812461,1.6040915959548994,16930,17120,275,0,16845,17120,465861,86,1,0,85,0
2020-10-20,US,California,Tuolumne,255,4,0,38.02644018,-119.95250929999999,6109.0,468.07885752046684,1.568627450980392,251,249,4,0,245,249,54539,6,0,0,6,0
2020-10-20,US,California,Ventura,13930,160,0,34.44465746,-119.09106129999999,6111.0,1646.5604262853929,1.148600143575018,13770,13901,160,0,13741,13845,850967,29,0,0,29,56
2020-10-20,US,California,Yolo,3086,56,0,38.68278902,-121.90182879999999,6113.0,1399.5464852607709,1.8146467919637068,3030,3073,56,0,3017,3063,220408,13,0,0,13,10
2020-10-20,US,California,Yuba,1278,10,0,39.26255932,-121.35356440000001,6115.0,1624.5487364620938,0.7824726134585289,1268,1253,10,0,1243,1253,78041,25,0,0,25,0
2020-10-20,US,Colorado,Adams,12200,248,0,39.87432092,-104.3362578,8001.0,2357.8478646981853,2.0327868852459017,11952,12020,248,0,11772,11831,511868,180,0,0,180,189
2020-10-20,US,Colorado,Alamosa,288,9,0,37.57250606,-105.7885451,8003.0,1774.1637405285528,3.125,279,285,9,0,276,284,16683,3,0,0,3,1
2020-10-20,US,Colorado,Arapahoe,11378,377,0,39.64977461,-104.3353617,8005.0,1732.892672748595,3.313411847424855,11001,11252,377,0,10875,11142,651215,126,0,0,126,110
2020-10-20,US,Colorado,Archuleta,61,0,0,37.19474156,-107.04768670000001,8007.0,434.81360039917314,0.0,61,61,0,0,61,61,13765,0,0,0,0,0
2020-10-20,US,Colorado,Baca,25,0,0,37.31940883,-102.5603223,8009.0,698.1290142418318,0.0,25,24,0,0,24,23,3585,1,0,0,1,1
2020-10-20,US,Colorado,Bent,12,0,0,37.95474293,-103.0720195,8011.0,215.16944593867672,0.0,12,12,0,0,12,12,5882,0,0,0,0,0
2020-10-20,US,Colorado,Boulder,5094,84,0,40.09313619,-105.3546767,8013.0,1561.6377883235846,1.6489988221436984,5010,5042,84,0,4958,4996,326078,52,0,0,52,46
2020-10-20,US,Colorado,Broomfield,824,40,0,39.95998787,-105.0566324,8014.0,1169.374866955226,4.854368932038835,784,798,40,0,758,789,69267,26,0,0,26,9
2020-10-20,US,Colorado,Chaffee,373,20,0,38.74745778,-106.19265729999998,8015.0,1832.3835724110827,5.361930294906166,353,372,20,0,352,370,20027,1,0,0,1,2
2020-10-20,US,Colorado,Cheyenne,14,0,0,38.82777431,-102.6032558,8017.0,764.6095030038231,0.0,14,14,0,0,14,14,1876,0,0,0,0,0
2020-10-20,US,Colorado,Clear Creek,63,1,0,39.68864463,-105.6463118,8019.0,649.4845360824742,1.5873015873015872,62,63,1,0,62,63,9605,0,0,0,0,0
2020-10-20,US,Colorado,Conejos,56,0,0,37.201606,-106.19174879999998,8021.0,682.5106642291287,0.0,56,53,0,0,53,52,8200,3,0,0,3,1
2020-10-20,US,Colorado,Costilla,35,1,0,37.27732493,-105.4276548,8023.0,900.4373552868536,2.8571428571428568,34,35,1,0,34,34,3828,0,0,0,0,1
2020-10-20,US,Colorado,Crowley,81,1,0,38.32608609,-103.7844965,8025.0,1336.4131331463454,1.2345679012345678,80,81,1,0,80,80,5858,0,0,0,0,1
2020-10-20,US,Colorado,Custer,19,0,0,38.10883162,-105.3683478,8027.0,374.9013417521705,0.0,19,19,0,0,19,19,4954,0,0,0,0,0
2020-10-20,US,Colorado,Delta,195,4,0,38.86246243,-107.86313419999999,8029.0,625.7621462037097,2.051282051282051,191,195,4,0,191,195,30953,0,0,0,0,0
2020-10-20,US,Colorado,Denver,16240,441,0,39.76018276,-104.87256950000001,8031.0,2233.1895419623747,2.7155172413793105,15799,16117,440,0,15677,15947,716492,123,1,0,122,170
2020-10-20,US,Colorado,Dolores,3,0,0,37.75208676,-108.5211585,8033.0,145.98540145985402,0.0,3,3,0,0,3,3,2074,0,0,0,0,0
2020-10-20,US,Colorado,Douglas,3397,63,0,39.33133796,-104.930001,8035.0,967.3818324723628,1.854577568442744,3334,3354,63,0,3291,3296,342776,43,0,0,43,58
2020-10-20,US,Colorado,Eagle,1353,10,0,39.62754308,-106.6933637,8037.0,2454.332722622309,0.7390983000739099,1343,1344,10,0,1334,1342,54993,9,0,0,9,2
2020-10-20,US,Colorado,El Paso,8764,189,0,38.83240149,-104.5251411,8041.0,1216.5412970240268,2.1565495207667733,8575,8582,188,0,8394,8459,713856,182,1,0,181,123
2020-10-20,US,Colorado,Elbert,184,3,0,39.28656773,-104.13587209999999,8039.0,688.3908863032661,1.6304347826086956,181,183,3,0,180,180,26282,1,0,0,1,3
2020-10-20,US,Colorado,Fremont,536,1,0,38.47362326,-105.43996670000001,8043.0,1120.4247580426013,0.1865671641791045,535,513,1,0,512,467,48021,23,0,0,23,46
2020-10-20,US,Colorado,Garfield,1080,5,0,39.59921777,-107.902708,8045.0,1798.1718586104125,0.462962962962963,1075,1074,5,0,1069,1063,59770,6,0,0,6,11
2020-10-20,US,Colorado,Gilpin,25,0,0,39.85646523,-105.5252597,8047.0,400.4485023226013,0.0,25,24,0,0,24,21,6121,1,0,0,1,3
2020-10-20,US,Colorado,Grand,140,1,0,40.10603347,-106.11780420000001,8049.0,889.792805389602,0.7142857142857143,139,139,1,0,138,134,15525,1,0,0,1,5
2020-10-20,US,Colorado,Gunnison,301,7,0,38.66611652,-107.0320729,8051.0,1723.7429847669225,2.3255813953488373,294,299,7,0,292,297,17246,2,0,0,2,2
2020-10-20,US,Colorado,Hinsdale,3,0,0,37.82247444,-107.3004345,8053.0,365.8536585365854,0.0,3,3,0,0,3,3,811,0,0,0,0,0
2020-10-20,US,Colorado,Huerfano,29,2,0,37.68473101,-104.9612585,8055.0,420.47266927649696,6.896551724137932,27,28,2,0,26,29,6889,1,0,0,1,-1
2020-10-20,US,Colorado,Jackson,9,0,0,40.66593870000001,-106.3408905,8057.0,646.5517241379309,0.0,9,9,0,0,9,9,1399,0,0,0,0,0
2020-10-20,US,Colorado,Jefferson,7404,299,0,39.58635604,-105.2517692,8059.0,1270.2421248934174,4.038357644516478,7105,7252,299,0,6953,7168,580233,152,0,0,152,84
2020-10-20,US,Colorado,Kiowa,3,0,0,38.43260896,-102.7392145,8061.0,213.3712660028449,0.0,3,3,0,0,3,3,1383,0,0,0,0,0
2020-10-20,US,Colorado,Kit Carson,107,3,0,39.30497777,-102.60221990000001,8063.0,1507.6793011131463,2.803738317757009,104,103,3,0,100,103,7163,4,0,0,4,0
2020-10-20,US,Colorado,La Plata,330,2,0,37.28632032,-107.8429014,8067.0,586.9692819409117,0.6060606060606061,328,325,2,0,323,320,56310,5,0,0,5,5
2020-10-20,US,Colorado,Lake,121,0,0,39.20278823,-106.35556969999999,8065.0,1488.864279561954,0.0,121,118,0,0,118,117,7824,3,0,0,3,1
2020-10-20,US,Colorado,Larimer,3600,55,0,40.66671597,-105.4625784,8069.0,1008.6887326666647,1.5277777777777777,3545,3547,55,0,3492,3500,350518,53,0,0,53,47
2020-10-20,US,Colorado,Las Animas,57,1,0,37.3153406,-104.03764579999999,8071.0,392.94085206121605,1.7543859649122806,56,50,1,0,49,44,14503,7,0,0,7,6
2020-10-20,US,Colorado,Lincoln,24,0,0,38.98749519,-103.51366490000001,8073.0,420.97877565339417,0.0,24,24,0,0,24,24,5610,0,0,0,0,0
2020-10-20,US,Colorado,Logan,1104,10,0,40.7249637,-103.110817,8075.0,4926.591994288009,0.9057971014492754,1094,1089,10,0,1079,1081,21528,15,0,0,15,8
2020-10-20,US,Colorado,Mesa,1081,8,0,39.01787888,-108.469799,8077.0,700.992153556838,0.7400555041628122,1073,1038,8,0,1030,1015,153207,43,0,0,43,23
2020-10-20,US,Colorado,Mineral,21,0,0,37.66954283,-106.92816979999999,8079.0,2730.8192457737327,0.0,21,21,0,0,21,21,776,0,0,0,0,0
2020-10-20,US,Colorado,Moffat,55,1,0,40.61810999,-108.2070876,8081.0,414.06308815779573,1.818181818181818,54,53,1,0,52,51,13188,2,0,0,2,2
2020-10-20,US,Colorado,Montezuma,182,5,0,37.33859579,-108.59588570000001,8083.0,695.107512508116,2.7472527472527477,177,184,5,0,179,182,26158,-2,0,0,-2,2
2020-10-20,US,Colorado,Montrose,422,13,0,38.40214114,-108.26390220000002,8085.0,986.9498105617662,3.080568720379147,409,422,13,0,409,420,42214,0,0,0,0,2
2020-10-20,US,Colorado,Morgan,822,48,0,40.26279810000001,-103.8093302,8087.0,2827.8519333975505,5.8394160583941614,774,817,48,0,769,814,28558,5,0,0,5,3
2020-10-20,US,Colorado,Otero,119,6,0,37.9014485,-103.7173385,8089.0,651.0559142138089,5.042016806722689,113,119,6,0,113,115,18432,0,0,0,0,4
2020-10-20,US,Colorado,Ouray,33,1,0,38.14717457,-107.7675136,8091.0,666.3974151857834,3.0303030303030303,32,33,1,0,32,32,4833,0,0,0,0,1
2020-10-20,US,Colorado,Park,82,1,0,39.120926000000004,-105.7182065,8093.0,435.1286813478376,1.2195121951219512,81,81,1,0,80,80,18556,1,0,0,1,1
2020-10-20,US,Colorado,Phillips,39,0,0,40.59414277,-102.3577703,8095.0,914.4196951934348,0.0,39,37,0,0,37,37,4286,2,0,0,2,0
2020-10-20,US,Colorado,Pitkin,259,2,0,39.21720112,-106.9310027,8097.0,1457.75876625204,0.7722007722007722,257,256,2,0,254,258,17950,3,0,0,3,-2
2020-10-20,US,Colorado,Prowers,122,0,0,37.95544985,-102.3926052,8099.0,1002.3003614853762,0.0,122,120,0,0,120,117,12164,2,0,0,2,3
2020-10-20,US,Colorado,Pueblo,1631,40,0,38.17359144,-104.5127437,8101.0,968.3893031871942,2.452483139178418,1591,1613,40,0,1573,1582,167529,18,0,0,18,31
2020-10-20,US,Colorado,Rio Blanco,26,0,0,39.97913541,-108.2179009,8103.0,411.13219481340917,0.0,26,25,0,0,25,25,6336,1,0,0,1,0
2020-10-20,US,Colorado,Rio Grande,115,2,0,37.5836865,-106.3847838,8105.0,1020.679861542558,1.7391304347826086,113,115,2,0,113,114,11250,0,0,0,0,1
2020-10-20,US,Colorado,Routt,193,8,0,40.48596505,-106.9905548,8107.0,752.7888290818316,4.1450777202072535,185,187,8,0,179,187,25733,6,0,0,6,0
2020-10-20,US,Colorado,Saguache,123,2,0,38.08054629,-106.28246599999999,8109.0,1802.461899179367,1.6260162601626016,121,119,2,0,117,119,6843,4,0,0,4,0
2020-10-20,US,Colorado,San Juan,7,0,0,37.76248981,-107.67632890000002,8111.0,961.5384615384617,0.0,7,6,0,0,6,6,762,1,0,0,1,0
2020-10-20,US,Colorado,San Miguel,100,0,0,38.00450883,-108.4020725,8113.0,1222.643354933366,0.0,100,100,0,0,100,100,8191,0,0,0,0,0
2020-10-20,US,Colorado,Sedgwick,33,1,0,40.87595412,-102.3519227,8115.0,1467.9715302491104,3.0303030303030303,32,26,1,0,25,25,2303,7,0,0,7,1
2020-10-20,US,Colorado,Summit,592,4,0,39.63803232,-106.1150762,8117.0,1909.000032246622,0.6756756756756757,588,567,4,0,563,563,31007,25,0,0,25,4
2020-10-20,US,Colorado,Teller,196,4,0,38.88133511,-105.16148929999999,8119.0,772.018276351032,2.0408163265306123,192,195,4,0,191,192,25083,1,0,0,1,3
2020-10-20,US,Colorado,Washington,78,0,0,39.97015535,-103.202587,8121.0,1589.2420537897312,0.0,78,78,0,0,78,78,4909,0,0,0,0,0
2020-10-20,US,Colorado,Weld,5507,158,0,40.55499405,-104.39296209999999,8123.0,1697.114258594973,2.869075721808607,5349,5442,158,0,5284,5392,314305,65,0,0,65,50
2020-10-20,US,Colorado,Yuma,189,1,0,40.00346839,-102.4258673,8125.0,1886.4158099610736,0.5291005291005291,188,188,1,0,187,179,10020,1,0,0,1,9
2020-10-20,US,Connecticut,Fairfield,21754,1428,0,41.26809896,-73.3881171,9001.0,2306.0809979943438,6.564310011951826,20326,21674,1429,0,20245,21368,943823,80,-1,0,81,306
2020-10-20,US,Connecticut,Hartford,16717,1453,0,41.80283011,-72.73103891,9003.0,1874.6916072309693,8.69175091224502,15264,16568,1449,0,15119,16273,892697,149,4,0,145,295
2020-10-20,US,Connecticut,Litchfield,2051,143,0,41.7937534,-73.2451475,9005.0,1137.340364769621,6.97220867869332,1908,2033,143,0,1890,1991,181111,18,0,0,18,42
2020-10-20,US,Connecticut,Middlesex,1830,196,0,41.45949668,-72.53714864,9007.0,1126.5975522667388,10.710382513661203,1634,1809,195,0,1614,1754,162682,21,1,0,20,55
2020-10-20,US,Connecticut,New Haven,15792,1120,0,41.408032500000004,-72.93620426,9009.0,1847.542634924312,7.092198581560282,14672,15680,1120,0,14560,15455,857620,112,0,0,112,225
2020-10-20,US,Connecticut,New London,3281,134,0,41.48896435,-72.10430976,9011.0,1237.1514973266064,4.084120694910088,3147,3234,134,0,3100,3083,266784,47,0,0,47,151
2020-10-20,US,Connecticut,Tolland,1617,68,0,41.85853803,-72.3308481,9013.0,1072.8432003503162,4.205318491032776,1549,1600,67,0,1533,1565,150921,17,1,0,16,35
2020-10-20,US,Connecticut,Unassigned,141,0,0,0.0,0.0,90009.0,0.0,0.0,141,157,0,0,157,125,,-16,0,0,-16,32
2020-10-20,US,Connecticut,Windham,1272,17,0,41.82972709,-71.98182316,9015.0,1089.2089534346046,1.3364779874213837,1255,1266,17,0,1249,1216,117027,6,0,0,6,50
2020-10-20,US,Delaware,Kent,3364,119,0,39.08646628,-75.56884914,10001.0,1860.763554700032,3.5374554102259217,3245,3345,119,0,3226,3331,178550,19,0,0,19,14
2020-10-20,US,Delaware,New Castle,12277,334,0,39.57992638,-75.64054974,10003.0,2197.214153660025,2.7205343324916504,11943,12200,333,0,11867,12153,559335,77,1,0,76,47
2020-10-20,US,Delaware,Sussex,7593,215,0,38.66143781,-75.39031349,10005.0,3241.754723022735,2.8315553799552218,7378,7560,214,0,7346,7518,229286,33,1,0,32,42
2020-10-20,US,Delaware,Unassigned,91,0,0,0.0,0.0,90010.0,0.0,0.0,91,91,0,0,91,91,,0,0,0,0,0
2020-10-20,US,District of Columbia,District of Columbia,16445,642,0,38.90417773,-77.01655992,11001.0,2330.148537227825,3.90392216479173,15803,16395,641,0,15754,16370,702455,50,1,0,49,25
2020-10-20,US,Florida,Alachua,9575,74,0,29.67866525,-82.35928158,12001.0,3558.9106574042066,0.7728459530026109,9501,9496,73,0,9423,9452,269956,79,1,0,78,44
2020-10-20,US,Florida,Baker,1697,17,0,30.33060121,-82.28467476,12003.0,5809.6542280041085,1.0017678255745432,1680,1691,17,0,1674,1685,28355,6,0,0,6,6
2020-10-20,US,Florida,Bay,6479,131,0,30.26548745,-85.62122584,12005.0,3708.5372485046228,2.021916962494212,6348,6450,128,0,6322,6449,185287,29,3,0,26,1
2020-10-20,US,Florida,Bradford,1206,12,0,29.95079741,-82.16611613,12007.0,4276.4440977270315,0.9950248756218906,1194,1202,12,0,1190,1202,27732,4,0,0,4,0
2020-10-20,US,Florida,Brevard,10521,350,0,28.29409504,-80.73091022,12009.0,1747.8428154207547,3.32667997338656,10171,10427,347,0,10080,10397,596849,94,3,0,91,30
2020-10-20,US,Florida,Broward,81537,1517,0,26.15184651,-80.48725556,12011.0,4175.436224701425,1.8605050467885744,80020,81277,1515,0,79762,81107,1951260,260,2,0,258,170
2020-10-20,US,Florida,Calhoun,679,14,0,30.40666734,-85.19394153,12013.0,4813.895781637717,2.061855670103093,665,670,14,0,656,669,14587,9,0,0,9,1
2020-10-20,US,Florida,Charlotte,3388,155,0,26.90131002,-81.92949121,12015.0,1793.4466147901114,4.574970484061394,3233,3368,154,0,3214,3363,184998,20,1,0,19,5
2020-10-20,US,Florida,Citrus,3059,131,0,28.84804315,-82.47614748,12017.0,2044.0072966850867,4.282445243543641,2928,3045,131,0,2914,3040,147929,14,0,0,14,5
2020-10-20,US,Florida,Clay,5792,116,0,29.98319144,-81.85609986,12019.0,2641.709083611552,2.0027624309392267,5676,5745,116,0,5629,5722,216072,47,0,0,47,23
2020-10-20,US,Florida,Collier,13716,249,0,26.11091986,-81.34687065,12021.0,3563.504476464139,1.815398075240595,13467,13653,246,0,13407,13621,378488,63,3,0,60,32
2020-10-20,US,Florida,Columbia,4124,71,0,30.22509788,-82.62160164,12023.0,5752.86666852663,1.7216294859359844,4053,4108,71,0,4037,4107,70503,16,0,0,16,1
2020-10-20,US,Florida,DeSoto,1633,29,0,27.18677893,-81.80941373,12027.0,4297.255335385911,1.7758726270667484,1604,1627,28,0,1599,1626,37489,6,1,0,5,1
2020-10-20,US,Florida,Dixie,868,11,0,29.60631086,-83.15724673,12029.0,5158.682990609771,1.2672811059907834,857,868,11,0,857,868,16700,0,0,0,0,0
2020-10-20,US,Florida,Duval,33132,512,0,30.33225875,-81.66976468,12031.0,3459.339810285511,1.5453338162501509,32620,32951,511,0,32440,32887,950181,181,1,0,180,64
2020-10-20,US,Florida,Escambia,13030,269,0,30.67652764,-87.37284571,12033.0,4093.416604883198,2.064466615502686,12761,12997,269,0,12728,12989,315534,33,0,0,33,8
2020-10-20,US,Florida,Flagler,1993,37,0,29.45933576,-81.31508595,12035.0,1731.8236720223147,1.8564977420973408,1956,1971,37,0,1934,1956,112067,22,0,0,22,15
2020-10-20,US,Florida,Franklin,717,4,0,29.83791238,-84.82731662,12037.0,5913.4020618556715,0.5578800557880056,713,718,4,0,714,699,11736,-1,0,0,-1,19
2020-10-20,US,Florida,Gadsden,3034,54,0,30.57796289,-84.61915825,12039.0,6644.765659220324,1.7798286090969018,2980,3031,54,0,2977,3030,45894,3,0,0,3,1
2020-10-20,US,Florida,Gilchrist,590,18,0,29.72856978,-82.79880657,12041.0,3175.1157033688514,3.0508474576271185,572,540,18,0,522,540,18256,50,0,0,50,0
2020-10-20,US,Florida,Glades,589,6,0,26.95635849,-81.18996211,12043.0,4264.716530301933,1.0186757215619695,583,588,6,0,582,587,13724,1,0,0,1,1
2020-10-20,US,Florida,Gulf,926,15,0,29.93543004,-85.24270990000002,12045.0,6789.354058215413,1.6198704103671706,911,925,15,0,910,924,16164,1,0,0,1,1
2020-10-20,US,Florida,Hamilton,891,9,0,30.49673973,-82.94998918,12047.0,6175.492098696977,1.0101010101010102,882,889,9,0,880,889,14310,2,0,0,2,0
2020-10-20,US,Florida,Hardee,1543,14,0,27.49293939,-81.80956574,12049.0,5728.180569476927,0.9073233959818536,1529,1534,13,0,1521,1533,27245,9,1,0,8,1
2020-10-20,US,Florida,Hendry,2167,43,0,26.55386945,-81.16469006,12051.0,5156.822616724573,1.9843101061375168,2124,2160,43,0,2117,2154,41556,7,0,0,7,6
2020-10-20,US,Florida,Hernando,3484,158,0,28.55364461,-82.42700204,12053.0,1796.6171617161715,4.535017221584385,3326,3458,156,0,3302,3451,190865,26,2,0,24,7
2020-10-20,US,Florida,Highlands,2470,103,0,27.34254618,-81.34071957,12055.0,2325.340563542049,4.1700404858299605,2367,2443,103,0,2340,2442,105424,27,0,0,27,1
2020-10-20,US,Florida,Hillsborough,45798,754,0,27.9276559,-82.32013172,12057.0,3111.344811843736,1.6463601030612691,45044,45538,751,0,44787,45455,1436888,260,3,0,257,83
2020-10-20,US,Florida,Holmes,850,12,0,30.86747479,-85.81319222,12059.0,4332.976499974512,1.4117647058823528,838,836,11,0,825,835,19477,14,1,0,13,1
2020-10-20,US,Florida,Indian River,3569,123,0,27.69308961,-80.60556721,12061.0,2231.6990051462267,3.4463435135892406,3446,3551,122,0,3429,3542,157413,18,1,0,17,9
2020-10-20,US,Florida,Jackson,3056,83,0,30.795459700000002,-85.21500423,12063.0,6584.220278364287,2.7159685863874348,2973,3047,83,0,2964,3042,48305,9,0,0,9,5
2020-10-20,US,Florida,Jefferson,631,9,0,30.43669112,-83.89442308,12065.0,4429.3134915063865,1.4263074484944531,622,626,9,0,617,625,14288,5,0,0,5,1
2020-10-20,US,Florida,Lafayette,1263,15,0,29.98484137,-83.18166636,12067.0,14996.437900736168,1.187648456057007,1248,1262,15,0,1247,1261,8732,1,0,0,1,1
2020-10-20,US,Florida,Lake,8240,218,0,28.76202069,-81.7125123,12069.0,2244.509939583458,2.645631067961165,8022,8195,218,0,7977,8168,356495,45,0,0,45,27
2020-10-20,US,Florida,Lee,22117,497,0,26.58410348,-81.88399313,12071.0,2870.1868859309325,2.24714020888909,21620,22023,494,0,21529,21962,754610,94,3,0,91,61
2020-10-20,US,Florida,Leon,11717,101,0,30.45955727,-84.27491114,12073.0,3991.0484975236895,0.8619953913117693,11616,11646,99,0,11547,11639,292502,71,2,0,69,7
2020-10-20,US,Florida,Levy,1103,12,0,29.31829741,-82.74007147,12075.0,2657.6392068043274,1.0879419764279241,1091,1101,11,0,1090,1101,40770,2,1,0,1,0
2020-10-20,US,Florida,Liberty,530,10,0,30.23766008,-84.8829258,12077.0,6344.266219774959,1.8867924528301887,520,525,10,0,515,524,8457,5,0,0,5,1
2020-10-20,US,Florida,Madison,1063,24,0,30.44396917,-83.47398594,12079.0,5748.120910614825,2.257761053621825,1039,1059,24,0,1035,1059,18529,4,0,0,4,0
2020-10-20,US,Florida,Manatee,12648,320,0,27.47196942,-82.31831044,12081.0,3136.492474947489,2.5300442757748263,12328,12584,320,0,12264,12538,394855,64,0,0,64,46
2020-10-20,US,Florida,Marion,10509,339,0,29.21227113,-82.05803627,12083.0,2874.6180716069566,3.2258064516129035,10170,10458,335,0,10123,10444,359977,51,4,0,47,14
2020-10-20,US,Florida,Martin,5189,158,0,27.0772071,-80.43109784,12085.0,3222.981366459627,3.044902678743496,5031,5181,158,0,5023,5173,160912,8,0,0,8,8
2020-10-20,US,Florida,Miami-Dade,179286,3561,0,25.6112362,-80.55170587,12086.0,6598.820732147195,1.9862119741641848,175725,178726,3547,0,175179,178354,2761581,560,14,0,546,372
2020-10-20,US,Florida,Monroe,2093,25,0,25.20904673,-81.07812416,12087.0,2819.690682761222,1.1944577161968466,2068,2080,25,0,2055,2049,75027,13,0,0,13,31
2020-10-20,US,Florida,Nassau,2351,50,0,30.61037141,-81.80297522,12089.0,2652.750352609309,2.1267545725223314,2301,2343,50,0,2293,2342,85832,8,0,0,8,1
2020-10-20,US,Florida,Okaloosa,5860,129,0,30.69143028,-86.59267105,12091.0,2780.7040021258626,2.2013651877133107,5731,5820,129,0,5691,5793,207269,40,0,0,40,27
2020-10-20,US,Florida,Okeechobee,1680,37,0,27.386336199999995,-80.88944347,12093.0,3984.06374501992,2.202380952380953,1643,1666,37,0,1629,1665,41537,14,0,0,14,1
2020-10-20,US,Florida,Orange,43943,532,0,28.51367621,-81.31799498,12095.0,3153.535249151029,1.2106592631363358,43411,43621,534,0,43087,43453,1380645,322,-2,0,324,168
2020-10-20,US,Florida,Osceola,13560,185,0,28.06312234,-81.14882926,12097.0,3608.7728309438958,1.364306784660767,13375,13501,182,0,13319,13474,367990,59,3,0,56,27
2020-10-20,US,Florida,Palm Beach,49298,1510,0,26.64676272,-80.46536002,12099.0,3293.6256071407092,3.0630045843644766,47788,49068,1497,0,47571,49011,1485941,230,13,0,217,57
2020-10-20,US,Florida,Pasco,10294,227,0,28.30810945,-82.40227529,12101.0,1858.3005233352649,2.2051680590635323,10067,10238,224,0,10014,10216,539630,56,3,0,53,22
2020-10-20,US,Florida,Pinellas,24327,803,0,27.93130349,-82.72239666,12103.0,2495.087159331936,3.3008591277181734,23524,24169,801,0,23368,24099,975280,158,2,0,156,70
2020-10-20,US,Florida,Polk,21981,592,0,27.95027105,-81.69732947,12105.0,3032.794914849671,2.693235066648469,21389,21837,589,0,21248,21780,708009,144,3,0,141,57
2020-10-20,US,Florida,Putnam,2278,48,0,29.60779729,-81.74230285,12107.0,3056.856456569289,2.1071115013169446,2230,2272,48,0,2224,2269,74163,6,0,0,6,3
2020-10-20,US,Florida,Santa Rosa,5739,86,0,30.69341450000001,-87.02458128,12113.0,3113.725022109129,1.4985189057327062,5653,5725,85,0,5640,5722,179349,14,1,0,13,3
2020-10-20,US,Florida,Sarasota,9115,314,0,27.18546175,-82.33174248,12115.0,2101.4796814696288,3.444871091607241,8801,9057,311,0,8746,9020,426718,58,3,0,55,37
2020-10-20,US,Florida,Seminole,9802,236,0,28.7158582,-81.24060348,12117.0,2077.460758839064,2.407671903693124,9566,9737,235,0,9502,9711,467832,65,1,0,64,26
2020-10-20,US,Florida,St. Johns,6038,78,0,29.90096506,-81.43589967,12109.0,2281.3142304437188,1.2918184829413712,5960,5990,78,0,5912,5979,254261,48,0,0,48,11
2020-10-20,US,Florida,St. Lucie,8663,320,0,27.37763908,-80.47106649,12111.0,2638.76916328812,3.693870483666167,8343,8616,318,0,8298,8599,321128,47,2,0,45,17
2020-10-20,US,Florida,Sumter,2771,83,0,28.70181754,-82.0794267,12119.0,2092.5842017822088,2.9953085528690004,2688,2754,80,0,2674,2756,128754,17,3,0,14,-2
2020-10-20,US,Florida,Suwannee,2935,77,0,30.19746066,-82.99099670000003,12121.0,6607.8303352320045,2.62350936967632,2858,2922,77,0,2845,2919,44191,13,0,0,13,3
2020-10-20,US,Florida,Taylor,1430,16,0,30.04848048,-83.60445406,12123.0,6629.885483796189,1.1188811188811192,1414,1424,15,0,1409,1422,21623,6,1,0,5,2
2020-10-20,US,Florida,Unassigned,1993,0,0,0.0,0.0,90012.0,0.0,0.0,1993,1984,0,0,1984,1972,,9,0,0,9,12
2020-10-20,US,Florida,Union,1086,29,0,30.04412971,-82.37497443,12125.0,7127.387280960819,2.6703499079189688,1057,1082,28,0,1054,1081,14940,4,1,0,3,1
2020-10-20,US,Florida,Volusia,12038,310,0,29.05858895,-81.18263252,12127.0,2175.7361499699973,2.5751786010965283,11728,11976,307,0,11669,11943,547538,62,3,0,59,33
2020-10-20,US,Florida,Wakulla,1259,10,0,30.16548905,-84.39895211,12129.0,3731.586591185275,0.7942811755361397,1249,1252,10,0,1242,1246,32461,7,0,0,7,6
2020-10-20,US,Florida,Walton,2265,29,0,30.64204028,-86.16935664,12131.0,3057.876901891429,1.2803532008830023,2236,2227,29,0,2198,2217,71375,38,0,0,38,10
2020-10-20,US,Florida,Washington,1181,24,0,30.61359259,-85.66002461,12133.0,4636.28155301692,2.032176121930567,1157,1176,24,0,1152,1171,24880,5,0,0,5,5
2020-10-20,US,Georgia,Appling,1134,35,0,31.74847232,-82.28909114,13001.0,6167.736321113892,3.08641975308642,1099,1134,35,0,1099,1130,18507,0,0,0,0,4
2020-10-20,US,Georgia,Atkinson,474,5,0,31.29633502,-82.87545866,13003.0,5805.26638089406,1.0548523206751057,469,472,5,0,467,471,8297,2,0,0,2,1
2020-10-20,US,Georgia,Bacon,632,14,0,31.55456473,-82.45936528,13005.0,5661.053385883196,2.2151898734177213,618,623,14,0,609,623,11185,9,0,0,9,0
2020-10-20,US,Georgia,Baker,88,6,0,31.32669878,-84.44218806,13007.0,2896.6425279789337,6.8181818181818175,82,87,6,0,81,87,3092,1,0,0,1,0
2020-10-20,US,Georgia,Baldwin,2257,63,0,33.06882326,-83.24701748,13009.0,5027.8458453998655,2.7913159060700043,2194,2250,63,0,2187,2245,44823,7,0,0,7,5
2020-10-20,US,Georgia,Banks,544,8,0,34.35607081,-83.49644388,13011.0,2828.3248414266404,1.4705882352941178,536,541,8,0,533,540,18988,3,0,0,3,1
2020-10-20,US,Georgia,Barrow,2507,50,0,33.99148694,-83.71436292,13013.0,3011.7731859682845,1.994415636218588,2457,2487,50,0,2437,2479,80809,20,0,0,20,8
2020-10-20,US,Georgia,Bartow,3412,93,0,34.23732119,-84.83887523,13015.0,3166.9420260261004,2.7256740914419697,3319,3367,92,0,3275,3350,106408,45,1,0,44,17
2020-10-20,US,Georgia,Ben Hill,847,32,0,31.76095874,-83.22145359,13017.0,5071.856287425149,3.7780401416765055,815,846,32,0,814,846,16787,1,0,0,1,0
2020-10-20,US,Georgia,Berrien,480,12,0,31.27590016,-83.22529920000002,13019.0,2474.609475692117,2.5,468,478,12,0,466,478,19252,2,0,0,2,0
2020-10-20,US,Georgia,Bibb,6483,188,0,32.80904227,-83.70489165,13021.0,4232.856051554267,2.8998920252969302,6295,6474,188,0,6286,6458,153095,9,0,0,9,16
2020-10-20,US,Georgia,Bleckley,501,21,0,32.43829035,-83.33035166,13023.0,3891.866697739455,4.1916167664670665,480,501,21,0,480,499,12838,0,0,0,0,2
2020-10-20,US,Georgia,Brantley,410,12,0,31.19576557,-81.97743999,13025.0,2145.585849599665,2.9268292682926833,398,408,12,0,396,404,18897,2,0,0,2,4
2020-10-20,US,Georgia,Brooks,546,27,0,30.83922642,-83.58303423,13027.0,3532.380151387721,4.945054945054945,519,544,26,0,518,544,15513,2,1,0,1,0
2020-10-20,US,Georgia,Bryan,1273,14,0,32.00979311,-81.44002948,13029.0,3212.4561536326237,1.0997643362136684,1259,1264,14,0,1250,1260,38109,9,0,0,9,4
2020-10-20,US,Georgia,Bulloch,3028,33,0,32.39577406,-81.74811421,13031.0,3803.637825344186,1.0898282694848085,2995,3019,33,0,2986,3015,77296,9,0,0,9,4
2020-10-20,US,Georgia,Burke,871,11,0,33.05917989,-81.99928721,13033.0,3891.3461108877273,1.2629161882893227,860,869,11,0,858,869,22423,2,0,0,2,0
2020-10-20,US,Georgia,Butts,725,43,0,33.283094500000004,-83.95435040000002,13035.0,2907.4430542188,5.931034482758621,682,724,43,0,681,723,24193,1,0,0,1,1
2020-10-20,US,Georgia,Calhoun,261,9,0,31.53169785,-84.62725131,13037.0,4217.1594764905485,3.4482758620689653,252,261,9,0,252,261,6352,0,0,0,0,0
2020-10-20,US,Georgia,Camden,1387,17,0,30.92951916,-81.66601818,13039.0,2537.2260637324844,1.225666906993511,1370,1385,17,0,1368,1384,53677,2,0,0,2,1
2020-10-20,US,Georgia,Candler,525,24,0,32.40209349,-82.07702563,13043.0,4859.761177450708,4.571428571428571,501,522,24,0,498,520,10836,3,0,0,3,2
2020-10-20,US,Georgia,Carroll,3194,75,0,33.58138199,-85.07976677,13045.0,2661.844122941529,2.34815278647464,3119,3184,75,0,3109,3170,118121,10,0,0,10,14
2020-10-20,US,Georgia,Catoosa,1350,20,0,34.89872298,-85.13757014,13047.0,1997.632435631844,1.4814814814814814,1330,1345,20,0,1325,1341,67420,5,0,0,5,4
2020-10-20,US,Georgia,Charlton,643,10,0,30.78371028,-82.13951596,13049.0,4801.3739545997605,1.5552099533437014,633,643,10,0,633,643,12968,0,0,0,0,0
2020-10-20,US,Georgia,Chatham,9175,183,0,32.00043026,-81.12489526,13051.0,3170.023839961303,1.994550408719346,8992,9125,182,0,8943,9101,289195,50,1,0,49,24
2020-10-20,US,Georgia,Chattahoochee,1728,1,0,32.34341231,-84.78809239,13053.0,15843.036582011553,0.05787037037037038,1727,1718,1,0,1717,1718,10684,10,0,0,10,0
2020-10-20,US,Georgia,Chattooga,881,27,0,34.47197698,-85.34535662,13055.0,3553.9957239098,3.0646992054483535,854,875,27,0,848,874,24790,6,0,0,6,1
2020-10-20,US,Georgia,Cherokee,6778,100,0,34.24393976,-84.47431861,13057.0,2619.2840829607417,1.4753614635585717,6678,6756,100,0,6656,6746,254149,22,0,0,22,10
2020-10-20,US,Georgia,Clarke,5569,46,0,33.95436462,-83.37124007,13059.0,4339.559420560893,0.8260010773927097,5523,5551,46,0,5505,5551,127330,18,0,0,18,0
2020-10-20,US,Georgia,Clay,122,3,0,31.62221166,-84.97713865,13061.0,4304.8694424841215,2.459016393442623,119,122,3,0,119,122,2887,0,0,0,0,0
2020-10-20,US,Georgia,Clayton,7897,174,0,33.54187245,-84.35594188,13063.0,2702.083105222818,2.2033683677345826,7723,7859,174,0,7685,7842,289615,38,0,0,38,17
2020-10-20,US,Georgia,Clinch,430,12,0,30.91395822,-82.70432472,13065.0,6497.431248111212,2.7906976744186047,418,424,12,0,412,422,6648,6,0,0,6,2
2020-10-20,US,Georgia,Cobb,21255,448,0,33.94243204,-84.5761255,13067.0,2796.191759160472,2.1077393554457773,20807,21196,448,0,20748,21158,756865,59,0,0,59,38
2020-10-20,US,Georgia,Coffee,2193,59,0,31.54892966,-82.85492059999999,13069.0,5067.8252027823355,2.6903784769721844,2134,2187,59,0,2128,2186,43093,6,0,0,6,1
2020-10-20,US,Georgia,Colquitt,2084,39,0,31.18810588,-83.7677946,13071.0,4570.175438596491,1.8714011516314781,2045,2072,39,0,2033,2070,45592,12,0,0,12,2
2020-10-20,US,Georgia,Columbia,4206,64,0,33.54534185,-82.263524,13073.0,2683.869979708258,1.5216357584403233,4142,4180,64,0,4116,4164,154291,26,0,0,26,16
2020-10-20,US,Georgia,Cook,573,16,0,31.16068491,-83.42947229,13075.0,3317.892298784019,2.7923211169284468,557,571,16,0,555,571,17162,2,0,0,2,0
2020-10-20,US,Georgia,Coweta,2869,61,0,33.35334302,-84.76129976,13077.0,1931.869448989624,2.126176368072499,2808,2861,60,0,2801,2851,145864,8,1,0,7,10
2020-10-20,US,Georgia,Crawford,189,6,0,32.71391813,-83.98061238,13079.0,1523.7020316027088,3.1746031746031744,183,189,6,0,183,189,12318,0,0,0,0,0
2020-10-20,US,Georgia,Crisp,633,23,0,31.92289565,-83.76811843,13081.0,2829.429644198105,3.6334913112164298,610,631,23,0,608,631,22601,2,0,0,2,0
2020-10-20,US,Georgia,Dade,333,5,0,34.854916700000004,-85.50490424,13083.0,2066.2695457930013,1.5015015015015014,328,325,5,0,320,324,16226,8,0,0,8,1
2020-10-20,US,Georgia,Dawson,893,10,0,34.44244079,-84.16964071,13085.0,3420.4075379194123,1.1198208286674132,883,886,10,0,876,886,25083,7,0,0,7,0
2020-10-20,US,Georgia,DeKalb,20394,390,0,33.76944049,-84.22396017,13089.0,2685.90551523317,1.9123271550456016,20004,20306,390,0,19916,20275,756558,88,0,0,88,31
2020-10-20,US,Georgia,Decatur,1264,34,0,30.87967778,-84.57619536,13087.0,4787.1534615967275,2.6898734177215187,1230,1260,34,0,1226,1259,26575,4,0,0,4,1
2020-10-20,US,Georgia,Dodge,530,14,0,32.17265114,-83.16948926,13091.0,2572.191215724339,2.641509433962264,516,526,14,0,512,521,20705,4,0,0,4,5
2020-10-20,US,Georgia,Dooly,359,16,0,32.15630737,-83.79746561,13093.0,2681.1053024645253,4.456824512534818,343,360,16,0,344,359,13706,-1,0,0,-1,1
2020-10-20,US,Georgia,Dougherty,3271,190,0,31.53328528,-84.21722377,13095.0,3718.9049069989533,5.808621216753286,3081,3267,190,0,3077,3262,91243,4,0,0,4,5
2020-10-20,US,Georgia,Douglas,3960,72,0,33.70291126,-84.77026156,13097.0,2705.971587298333,1.818181818181818,3888,3948,71,0,3877,3945,145331,12,1,0,11,3
2020-10-20,US,Georgia,Early,532,34,0,31.32155345,-84.90255207,13099.0,5220.804710500491,6.390977443609022,498,530,34,0,496,529,10247,2,0,0,2,1
2020-10-20,US,Georgia,Echols,243,2,0,30.71101099,-82.89687287,13101.0,6065.901148277584,0.8230452674897121,241,244,2,0,242,244,4000,-1,0,0,-1,0
2020-10-20,US,Georgia,Effingham,1719,28,0,32.36616021,-81.34280942,13103.0,2673.572228443449,1.6288539848749273,1691,1707,28,0,1679,1689,62190,12,0,0,12,18
2020-10-20,US,Georgia,Elbert,752,9,0,34.11302332,-82.83936148,13105.0,3917.891007606544,1.1968085106382977,743,749,8,0,741,744,19120,3,1,0,2,5
2020-10-20,US,Georgia,Emanuel,1168,36,0,32.59221302,-82.30239915,13107.0,5157.643733992758,3.0821917808219177,1132,1165,36,0,1129,1163,22612,3,0,0,3,2
2020-10-20,US,Georgia,Evans,471,6,0,32.15328841,-81.8870105,13109.0,4420.874788811714,1.2738853503184713,465,464,6,0,458,461,10721,7,0,0,7,3
2020-10-20,US,Georgia,Fannin,783,28,0,34.86430205,-84.316964,13111.0,2989.9190468917063,3.5759897828863347,755,780,28,0,752,780,25964,3,0,0,3,0
2020-10-20,US,Georgia,Fayette,2062,53,0,33.41357794,-84.49089434,13113.0,1802.1167443039303,2.5703200775945683,2009,2049,53,0,1996,2040,113459,13,0,0,13,9
2020-10-20,US,Georgia,Floyd,3667,55,0,34.26268279,-85.21577392,13115.0,3722.9182318422713,1.4998636487592036,3612,3626,55,0,3571,3610,97927,41,0,0,41,16
2020-10-20,US,Georgia,Forsyth,4575,52,0,34.22604035,-84.12315129999998,13117.0,1873.0655224931631,1.1366120218579234,4523,4560,52,0,4508,4550,236612,15,0,0,15,10
2020-10-20,US,Georgia,Franklin,854,17,0,34.37525597,-83.23159927,13119.0,3657.544220309221,1.990632318501171,837,843,17,0,826,834,23023,11,0,0,11,9
2020-10-20,US,Georgia,Fulton,29996,608,0,33.79216944,-84.46319413,13121.0,2819.339866928211,2.026936924923323,29388,29885,607,0,29278,29819,1050114,111,1,0,110,66
2020-10-20,US,Georgia,Gilmer,984,19,0,34.69316688,-84.45802506,13123.0,3136.8548567056655,1.9308943089430892,965,982,19,0,963,979,30816,2,0,0,2,3
2020-10-20,US,Georgia,Glascock,43,2,0,33.22879932,-82.61297636,13125.0,1447.324133288455,4.651162790697675,41,43,2,0,41,43,2995,0,0,0,0,0
2020-10-20,US,Georgia,Glynn,3640,102,0,31.23279254,-81.53811412,13127.0,4267.692163391643,2.8021978021978016,3538,3628,101,0,3527,3623,85219,12,1,0,11,5
2020-10-20,US,Georgia,Gordon,2196,42,0,34.50487351,-84.87296253,13129.0,3788.623777237203,1.9125683060109289,2154,2158,42,0,2116,2154,57685,38,0,0,38,4
2020-10-20,US,Georgia,Grady,844,25,0,30.87454847,-84.23418364,13131.0,3426.298055454067,2.962085308056872,819,843,25,0,818,843,24748,1,0,0,1,0
2020-10-20,US,Georgia,Greene,557,25,0,33.5769205,-83.17139104,13133.0,3039.729316743069,4.488330341113107,532,556,25,0,531,555,17698,1,0,0,1,1
2020-10-20,US,Georgia,Gwinnett,29866,436,0,33.96044201,-84.02137802,13135.0,3189.9599465954607,1.45985401459854,29430,29748,434,0,29314,29689,927781,118,2,0,116,59
2020-10-20,US,Georgia,Habersham,1838,75,0,34.63331566,-83.53094677,13137.0,4054.888810448288,4.0805223068552765,1763,1829,75,0,1754,1828,45388,9,0,0,9,1
2020-10-20,US,Georgia,Hall,10415,168,0,34.32207823,-83.81896936,13139.0,5094.379307477463,1.6130580892942872,10247,10345,168,0,10177,10331,202148,70,0,0,70,14
2020-10-20,US,Georgia,Hancock,413,44,0,33.2721566,-82.99766919,13141.0,4883.528437980372,10.653753026634384,369,412,44,0,368,412,8348,1,0,0,1,0
2020-10-20,US,Georgia,Haralson,604,10,0,33.79602175,-85.21005667,13143.0,2027.3899033297528,1.6556291390728477,594,600,10,0,590,598,29533,4,0,0,4,2
2020-10-20,US,Georgia,Harris,840,25,0,32.73709786,-84.90538572,13145.0,2383.9255307072312,2.9761904761904763,815,837,25,0,812,835,34475,3,0,0,3,2
2020-10-20,US,Georgia,Hart,562,16,0,34.34626973,-82.96567682,13147.0,2144.628887616867,2.846975088967972,546,559,16,0,543,556,26099,3,0,0,3,3
2020-10-20,US,Georgia,Heard,212,6,0,33.29686567,-85.12886832,13149.0,1778.0759875870167,2.830188679245283,206,212,6,0,206,210,11879,0,0,0,0,2
2020-10-20,US,Georgia,Henry,5957,111,0,33.4533428,-84.14814659999998,13151.0,2539.637876714373,1.8633540372670807,5846,5936,111,0,5825,5905,230220,21,0,0,21,31
2020-10-20,US,Georgia,Houston,3468,91,0,32.45802497,-83.66879087,13153.0,2196.841565154596,2.6239907727797003,3377,3449,89,0,3360,3434,155469,19,2,0,17,15
2020-10-20,US,Georgia,Irwin,349,6,0,31.60213036,-83.27501387,13155.0,3706.4570943075614,1.7191977077363896,343,347,6,0,341,347,9398,2,0,0,2,0
2020-10-20,US,Georgia,Jackson,2282,40,0,34.13794553,-83.56814788,13157.0,3127.0126204146513,1.7528483786152498,2242,2259,40,0,2219,2253,70422,23,0,0,23,6
2020-10-20,US,Georgia,Jasper,241,4,0,33.31535543,-83.68844964,13159.0,1694.9152542372879,1.6597510373443984,237,242,4,0,238,241,14040,-1,0,0,-1,1
2020-10-20,US,Georgia,Jeff Davis,777,22,0,31.80405727,-82.63724870000001,13161.0,5140.58881905392,2.831402831402831,755,773,22,0,751,774,15029,4,0,0,4,-1
2020-10-20,US,Georgia,Jefferson,837,32,0,33.05867328,-82.41609057,13163.0,5448.509308683765,3.823178016726404,805,835,32,0,803,831,15430,2,0,0,2,4
2020-10-20,US,Georgia,Jenkins,462,32,0,32.79248718,-81.96040187,13165.0,5325.03457814661,6.926406926406926,430,462,32,0,430,462,8683,0,0,0,0,0
2020-10-20,US,Georgia,Johnson,438,22,0,32.70211082,-82.66166794,13167.0,4542.154931038059,5.0228310502283104,416,438,22,0,416,438,9708,0,0,0,0,0
2020-10-20,US,Georgia,Jones,630,15,0,33.02512137,-83.56019163,13169.0,2192.448233861145,2.380952380952381,615,628,14,0,614,627,28616,2,1,0,1,1
2020-10-20,US,Georgia,Lamar,402,19,0,33.07841647,-84.14263877,13171.0,2107.249567542067,4.726368159203981,383,402,19,0,383,402,19000,0,0,0,0,0
2020-10-20,US,Georgia,Lanier,314,7,0,31.03828570000001,-83.06472457,13173.0,3012.568358438069,2.2292993630573252,307,314,7,0,307,314,10340,0,0,0,0,0
2020-10-20,US,Georgia,Laurens,1917,86,0,32.46325233,-82.92221316,13175.0,4031.8849114541713,4.486176317162234,1831,1904,86,0,1818,1896,47325,13,0,0,13,8
2020-10-20,US,Georgia,Lee,739,27,0,31.779330600000005,-84.14324253,13177.0,2463.990397439317,3.653585926928281,712,739,27,0,712,737,29764,0,0,0,0,2
2020-10-20,US,Georgia,Liberty,1212,24,0,31.82588896,-81.49251135,13179.0,1972.8167982420443,1.98019801980198,1188,1201,24,0,1177,1196,61497,11,0,0,11,5
2020-10-20,US,Georgia,Lincoln,225,7,0,33.79201475,-82.45024131,13181.0,2840.550435551066,3.111111111111111,218,222,7,0,215,221,7915,3,0,0,3,1
2020-10-20,US,Georgia,Long,272,4,0,31.75218791,-81.74952375,13183.0,1390.6641443836593,1.4705882352941178,268,271,4,0,267,269,18998,1,0,0,1,2
2020-10-20,US,Georgia,Lowndes,4328,85,0,30.83568832,-83.27056716,13185.0,3686.353337989541,1.9639556377079483,4243,4310,85,0,4225,4300,116321,18,0,0,18,10
2020-10-20,US,Georgia,Lumpkin,1018,14,0,34.57286511,-84.00425681,13187.0,3028.860458196965,1.3752455795677798,1004,1012,14,0,998,1012,32955,6,0,0,6,0
2020-10-20,US,Georgia,Macon,244,11,0,32.35207048,-84.04234127,13193.0,1884.6064725419012,4.508196721311474,233,242,10,0,232,242,13143,2,1,0,1,0
2020-10-20,US,Georgia,Madison,757,11,0,34.12920917,-83.21218732,13195.0,2533.467202141901,1.4531043593130781,746,755,11,0,744,754,29650,2,0,0,2,1
2020-10-20,US,Georgia,Marion,195,9,0,32.3483402,-84.52733571,13197.0,2332.814930015552,4.615384615384615,186,195,9,0,186,195,8351,0,0,0,0,0
2020-10-20,US,Georgia,McDuffie,666,15,0,33.47851918,-82.48252774,13189.0,3125.0,2.2522522522522523,651,664,15,0,649,662,21531,2,0,0,2,2
2020-10-20,US,Georgia,McIntosh,302,7,0,31.49683595,-81.40163426,13191.0,2100.4312143552647,2.3178807947019866,295,300,7,0,293,300,14340,2,0,0,2,0
2020-10-20,US,Georgia,Meriwether,578,16,0,33.04163534,-84.68859732,13199.0,2730.6656588085225,2.7681660899653977,562,576,16,0,560,574,21068,2,0,0,2,2
2020-10-20,US,Georgia,Miller,300,2,0,31.16568912,-84.73151117,13201.0,5246.589716684155,0.6666666666666666,298,297,2,0,295,297,5686,3,0,0,3,0
2020-10-20,US,Georgia,Mitchell,845,45,0,31.22483255,-84.19381821,13205.0,3864.9773590083705,5.325443786982248,800,844,45,0,799,844,22192,1,0,0,1,0
2020-10-20,US,Georgia,Monroe,747,54,0,33.014289,-83.92097166,13207.0,2708.680832547683,7.2289156626506035,693,744,54,0,690,743,27520,3,0,0,3,1
2020-10-20,US,Georgia,Montgomery,359,9,0,32.17201038,-82.53527476,13209.0,3914.08634976014,2.5069637883008355,350,357,9,0,348,356,9193,2,0,0,2,1
2020-10-20,US,Georgia,Morgan,516,5,0,33.59232073,-83.49129491,13211.0,2676.9039219755136,0.9689922480620154,511,515,5,0,510,515,18853,1,0,0,1,0
2020-10-20,US,Georgia,Murray,966,8,0,34.78897608,-84.74993177,13213.0,2409.2178770949718,0.8281573498964804,958,962,8,0,954,954,39921,4,0,0,4,8
2020-10-20,US,Georgia,Muscogee,6277,173,0,32.50931999,-84.87142262,13215.0,3206.3299092297557,2.756093675322606,6104,6268,173,0,6095,6260,194160,9,0,0,9,8
2020-10-20,US,Georgia,Newton,2797,94,0,33.55514538,-83.84547140000002,13217.0,2503.042668957617,3.3607436539149087,2703,2788,94,0,2694,2783,109541,9,0,0,9,5
2020-10-20,US,Georgia,Oconee,835,27,0,33.83749973,-83.43679568,13219.0,2072.989076464746,3.2335329341317367,808,832,27,0,805,828,39272,3,0,0,3,4
2020-10-20,US,Georgia,Oglethorpe,394,11,0,33.878629600000004,-83.08278123,13221.0,2582.082705288682,2.7918781725888326,383,391,11,0,380,391,15054,3,0,0,3,0
2020-10-20,US,Georgia,Out of GA,14288,180,0,0.0,0.0,80013.0,0.0,1.2597984322508398,14108,14496,178,0,14318,14478,,-208,2,0,-210,18
2020-10-20,US,Georgia,Paulding,3037,60,0,33.91969522,-84.86848792,13223.0,1800.5893268985635,1.9756338491932828,2977,3027,60,0,2967,3022,164044,10,0,0,10,5
2020-10-20,US,Georgia,Peach,740,24,0,32.56934316,-83.82937,13225.0,2686.4154505191323,3.2432432432432434,716,737,24,0,713,734,27297,3,0,0,3,3
2020-10-20,US,Georgia,Pickens,710,10,0,34.46589159,-84.46406611,13227.0,2178.515541100304,1.4084507042253518,700,700,9,0,691,693,31980,10,1,0,9,7
2020-10-20,US,Georgia,Pierce,648,24,0,31.35928155,-82.21598442,13229.0,3329.052144875417,3.703703703703704,624,647,24,0,623,648,19389,1,0,0,1,-1
2020-10-20,US,Georgia,Pike,377,12,0,33.09310242,-84.38790389,13231.0,1988.1869001160208,3.1830238726790454,365,375,12,0,363,374,18634,2,0,0,2,1
2020-10-20,US,Georgia,Polk,1640,25,0,34.00267074,-85.18677781,13233.0,3848.590805622697,1.5243902439024388,1615,1627,25,0,1602,1619,42470,13,0,0,13,8
2020-10-20,US,Georgia,Pulaski,327,23,0,32.23334561,-83.47549959999998,13235.0,2936.158750112239,7.033639143730888,304,326,23,0,303,325,11069,1,0,0,1,1
2020-10-20,US,Georgia,Putnam,773,27,0,33.32056115,-83.37552891,13237.0,3494.7330349473305,3.4928848641655885,746,772,27,0,745,771,21809,1,0,0,1,1
2020-10-20,US,Georgia,Quitman,38,1,0,31.86728114,-85.01773177,13239.0,1652.892561983471,2.631578947368421,37,38,1,0,37,38,2279,0,0,0,0,0
2020-10-20,US,Georgia,Rabun,416,11,0,34.88389445,-83.40304637,13241.0,2427.496061154228,2.644230769230769,405,413,11,0,402,412,16867,3,0,0,3,1
2020-10-20,US,Georgia,Randolph,338,29,0,31.76622818,-84.75732369,13243.0,4986.721746827973,8.579881656804734,309,338,29,0,309,338,6833,0,0,0,0,0
2020-10-20,US,Georgia,Richmond,7754,174,0,33.35777107,-82.07026432,13245.0,3828.795465094461,2.244003095176683,7580,7728,174,0,7554,7708,201554,26,0,0,26,20
2020-10-20,US,Georgia,Rockdale,2036,40,0,33.65145002,-84.02202167,13247.0,2239.922548847034,1.9646365422396856,1996,2032,40,0,1992,2025,90594,4,0,0,4,7
2020-10-20,US,Georgia,Schley,108,2,0,32.2654021,-84.31258912,13249.0,2054.4036522731594,1.851851851851852,106,109,2,0,107,108,5236,-1,0,0,-1,1
2020-10-20,US,Georgia,Screven,445,11,0,32.74976524,-81.60779441,13251.0,3186.309609050552,2.4719101123595504,434,445,11,0,434,444,13938,0,0,0,0,1
2020-10-20,US,Georgia,Seminole,383,11,0,30.93464824,-84.86823924,13253.0,4734.239802224969,2.8720626631853787,372,382,11,0,371,380,8315,1,0,0,1,2
2020-10-20,US,Georgia,Spalding,1504,62,0,33.26310031,-84.28013991,13255.0,2254.771149723401,4.122340425531915,1442,1485,62,0,1423,1477,66100,19,0,0,19,8
2020-10-20,US,Georgia,Stephens,1252,41,0,34.55151201,-83.29405315,13257.0,4829.315332690453,3.2747603833865813,1211,1242,41,0,1201,1239,26035,10,0,0,10,3
2020-10-20,US,Georgia,Stewart,534,16,0,32.07996777,-84.83208037,13259.0,8065.246941549615,2.9962546816479403,518,527,16,0,511,526,6199,7,0,0,7,1
2020-10-20,US,Georgia,Sumter,958,69,0,32.03650571,-84.19821492,13261.0,3244.817775369191,7.202505219206682,889,958,69,0,889,955,29733,0,0,0,0,3
2020-10-20,US,Georgia,Talbot,168,7,0,32.69642758,-84.53351366,13263.0,2711.864406779661,4.166666666666667,161,169,7,0,162,168,6272,-1,0,0,-1,1
2020-10-20,US,Georgia,Taliaferro,25,0,0,33.56543317,-82.88136816,13265.0,1626.545217957059,0.0,25,25,0,0,25,25,1608,0,0,0,0,0
2020-10-20,US,Georgia,Tattnall,908,13,0,32.04785085,-82.05539188,13267.0,3590.9198766115637,1.4317180616740088,895,908,13,0,895,901,25391,0,0,0,0,7
2020-10-20,US,Georgia,Taylor,225,12,0,32.55792548,-84.25077141,13269.0,2805.4862842892767,5.333333333333333,213,225,12,0,213,225,8039,0,0,0,0,0
2020-10-20,US,Georgia,Telfair,430,23,0,31.92829517,-82.93491155,13271.0,2711.2232030264818,5.348837209302325,407,428,23,0,405,428,15876,2,0,0,2,0
2020-10-20,US,Georgia,Terrell,338,32,0,31.77527543,-84.44069698,13273.0,3962.020865080296,9.467455621301776,306,338,32,0,306,338,8611,0,0,0,0,0
2020-10-20,US,Georgia,Thomas,1576,69,0,30.86392347,-83.91847289,13275.0,3545.4770421362846,4.378172588832487,1507,1573,69,0,1504,1571,44448,3,0,0,3,2
2020-10-20,US,Georgia,Tift,1909,62,0,31.45743864,-83.5236119,13277.0,4696.880228323984,3.2477737035096914,1847,1907,61,0,1846,1905,40571,2,1,0,1,2
2020-10-20,US,Georgia,Toombs,1453,56,0,32.12059861,-82.32957247,13279.0,5415.579575102497,3.8540949759119054,1397,1449,56,0,1393,1445,26887,4,0,0,4,4
2020-10-20,US,Georgia,Towns,411,12,0,34.91369188,-83.74107459999998,13281.0,3414.4720445293683,2.9197080291970803,399,405,12,0,393,402,11852,6,0,0,6,3
2020-10-20,US,Georgia,Treutlen,295,11,0,32.40422134,-82.56904553,13283.0,4274.742790899872,3.7288135593220337,284,292,11,0,281,290,6809,3,0,0,3,2
2020-10-20,US,Georgia,Troup,2980,106,0,33.03349196,-85.02812115,13285.0,4261.8918223162955,3.5570469798657722,2874,2971,106,0,2865,2966,70034,9,0,0,9,5
2020-10-20,US,Georgia,Turner,331,24,0,31.71612656,-83.62069378,13287.0,4145.272385723231,7.250755287009063,307,331,24,0,307,330,7912,0,0,0,0,1
2020-10-20,US,Georgia,Twiggs,211,9,0,32.67435595,-83.43078662,13289.0,2598.522167487685,4.265402843601897,202,210,9,0,201,210,8188,1,0,0,1,0
2020-10-20,US,Georgia,Unassigned,1865,6,0,0.0,0.0,90013.0,0.0,0.32171581769437,1859,1940,6,0,1934,1954,,-75,0,0,-75,-14
2020-10-20,US,Georgia,Union,862,25,0,34.82995757,-83.98967069,13291.0,3516.7883807270205,2.9002320185614847,837,859,25,0,834,857,24001,3,0,0,3,2
2020-10-20,US,Georgia,Upson,828,69,0,32.87920671,-84.30024826,13293.0,3145.896656534954,8.333333333333334,759,826,69,0,757,826,26215,2,0,0,2,0
2020-10-20,US,Georgia,Walker,1781,43,0,34.73376362,-85.30165174,13295.0,2553.0023938877025,2.4143739472206627,1738,1772,43,0,1729,1767,69410,9,0,0,9,5
2020-10-20,US,Georgia,Walton,2092,66,0,33.78017694,-83.73552314,13297.0,2211.5801380651847,3.1548757170172084,2026,2064,66,0,1998,2045,93503,28,0,0,28,19
2020-10-20,US,Georgia,Ware,1715,62,0,31.05449097,-82.42224148,13299.0,4799.350758381373,3.6151603498542273,1653,1714,62,0,1652,1709,35680,1,0,0,1,5
2020-10-20,US,Georgia,Warren,163,5,0,33.41146451,-82.67795848,13301.0,3102.398172820708,3.0674846625766867,158,163,5,0,158,163,5251,0,0,0,0,0
2020-10-20,US,Georgia,Washington,731,13,0,32.96711864,-82.79357039,13303.0,3587.906154903308,1.7783857729138166,718,725,13,0,712,725,20386,6,0,0,6,0
2020-10-20,US,Georgia,Wayne,1203,30,0,31.5521809,-81.91894878,13305.0,4019.7814682393823,2.4937655860349133,1173,1201,30,0,1171,1200,29808,2,0,0,2,1
2020-10-20,US,Georgia,Webster,44,2,0,32.04066113,-84.54742852,13307.0,1687.7637130801688,4.545454545454546,42,44,2,0,42,44,2611,0,0,0,0,0
2020-10-20,US,Georgia,Wheeler,355,16,0,32.12009104,-82.72574721,13309.0,4519.414385741567,4.507042253521127,339,353,17,0,336,352,7879,2,-1,0,3,1
2020-10-20,US,Georgia,White,988,23,0,34.64624278,-83.74905525,13311.0,3208.000519514255,2.327935222672065,965,982,23,0,959,982,29970,6,0,0,6,0
2020-10-20,US,Georgia,Whitfield,5118,63,0,34.80987459,-84.96093476,13313.0,4891.616011010437,1.23094958968347,5055,5097,63,0,5034,5096,104062,21,0,0,21,1
2020-10-20,US,Georgia,Wilcox,253,25,0,31.97496928,-83.43438555,13315.0,2929.936305732484,9.881422924901186,228,252,25,0,227,252,8812,1,0,0,1,0
2020-10-20,US,Georgia,Wilkes,282,6,0,33.78290391,-82.74286107,13317.0,2884.3203436637004,2.127659574468085,276,281,6,0,275,279,9876,1,0,0,1,2
2020-10-20,US,Georgia,Wilkinson,359,17,0,32.80291082,-83.17140684,13319.0,4009.3812821085553,4.735376044568246,342,360,17,0,343,360,9036,-1,0,0,-1,0
2020-10-20,US,Georgia,Worth,593,32,0,31.55162306,-83.85090513,13321.0,2928.828962315405,5.39629005059022,561,591,32,0,559,586,20299,2,0,0,2,5
2020-10-20,US,Hawaii,Hawaii,1083,18,0,19.60121157,-155.5210167,15001.0,537.4343094490182,1.6620498614958448,1065,1059,18,0,1041,1052,200983,24,0,0,24,7
2020-10-20,US,Hawaii,Honolulu,12552,152,0,21.45803166,-157.97121819999995,15003.0,1287.9618865070806,1.2109623964308476,12400,12494,150,0,12344,12465,980080,58,2,0,56,29
2020-10-20,US,Hawaii,Kauai,60,0,0,22.03935037,-159.5966786,15007.0,82.99558740126983,0.0,60,60,0,0,60,61,72133,0,0,0,0,-1
2020-10-20,US,Hawaii,Maui,413,18,0,20.86399628,-156.56890969999995,15009.0,246.68940430183315,4.358353510895884,395,411,18,0,393,411,167207,2,0,0,2,0
2020-10-20,US,Hawaii,Out of HI,48,1,0,0.0,0.0,80015.0,0.0,2.083333333333333,47,44,1,0,43,42,,4,0,0,4,2
2020-10-20,US,Idaho,Ada,15341,157,0,43.4526575,-116.24155159999998,16001.0,3185.5095756322335,1.0234013428068574,15184,15188,157,0,15031,15132,469966,153,0,0,153,56
2020-10-20,US,Idaho,Adams,32,2,0,44.89333571,-116.4545247,16003.0,745.2258965999067,6.25,30,32,2,0,30,32,4250,0,0,0,0,0
2020-10-20,US,Idaho,Bannock,1941,11,0,42.67002716,-112.2233311,16005.0,2210.5047376093294,0.5667181865018032,1930,1928,11,0,1917,1886,87138,13,0,0,13,42
2020-10-20,US,Idaho,Bear Lake,61,1,0,42.28269683,-111.32892379999998,16007.0,995.9183673469388,1.639344262295082,60,61,1,0,60,61,6050,0,0,0,0,0
2020-10-20,US,Idaho,Benewah,167,3,0,47.21754179,-116.6586851,16009.0,1796.085179608518,1.7964071856287425,164,165,3,0,162,165,9226,2,0,0,2,0
2020-10-20,US,Idaho,Bingham,1405,13,0,43.21672879999999,-112.3978437,16011.0,3001.431287517891,0.9252669039145908,1392,1397,13,0,1384,1359,46236,8,0,0,8,38
2020-10-20,US,Idaho,Blaine,831,6,0,43.4085812,-113.9752658,16013.0,3609.747621736675,0.7220216606498195,825,813,6,0,807,809,22601,18,0,0,18,4
2020-10-20,US,Idaho,Boise,75,2,0,43.98829931,-115.7309284,16015.0,957.7320904099092,2.6666666666666665,73,75,2,0,73,75,7634,0,0,0,0,0
2020-10-20,US,Idaho,Bonner,440,1,0,48.29996017,-116.6017932,16017.0,961.9799296005597,0.2272727272727273,439,438,1,0,437,433,44727,2,0,0,2,5
2020-10-20,US,Idaho,Bonneville,4001,23,0,43.38713372,-111.6161537,16019.0,3360.4340595656045,0.5748562859285179,3978,3901,22,0,3879,3816,116854,100,1,0,99,85
2020-10-20,US,Idaho,Boundary,103,1,0,48.76684761,-116.4630179,16021.0,841.1596570028585,0.9708737864077671,102,97,1,0,96,95,11948,6,0,0,6,2
2020-10-20,US,Idaho,Butte,81,0,0,43.72592209,-113.1735463,16023.0,3118.9834424335772,0.0,81,79,0,0,79,77,2611,2,0,0,2,2
2020-10-20,US,Idaho,Camas,39,0,0,43.46665742,-114.8065892,16025.0,3526.2206148282103,0.0,39,39,0,0,39,38,1127,0,0,0,0,1
2020-10-20,US,Idaho,Canyon,9328,107,0,43.61970148,-116.70954990000001,16027.0,4058.316546950389,1.1470840480274442,9221,9240,106,0,9134,9175,223499,88,1,0,87,65
2020-10-20,US,Idaho,Caribou,213,4,0,42.77149116,-111.5597683,16029.0,2976.9392033542977,1.8779342723004693,209,212,4,0,208,204,7060,1,0,0,1,8
2020-10-20,US,Idaho,Cassia,1199,8,0,42.28347888,-113.6012409,16031.0,4989.596337910944,0.6672226855713094,1191,1176,8,0,1168,1152,23864,23,0,0,23,24
2020-10-20,US,Idaho,Clark,40,0,0,44.28496071,-112.35057040000001,16033.0,4733.727810650888,0.0,40,40,0,0,40,40,852,0,0,0,0,0
2020-10-20,US,Idaho,Clearwater,127,0,0,46.67459924,-115.6622393,16035.0,1450.4339881224305,0.0,127,124,0,0,124,120,8758,3,0,0,3,4
2020-10-20,US,Idaho,Custer,93,1,0,44.24186819,-114.2855494,16037.0,2155.2723059096174,1.075268817204301,92,93,1,0,92,93,4280,0,0,0,0,0
2020-10-20,US,Idaho,Elmore,468,4,0,43.3507101,-115.4701578,16039.0,1701.1377267274909,0.8547008547008547,464,457,4,0,453,455,27259,11,0,0,11,2
2020-10-20,US,Idaho,Franklin,286,1,0,42.18332217,-111.81496659999999,16041.0,2061.1127125972907,0.34965034965034963,285,284,1,0,283,277,13726,2,0,0,2,7
2020-10-20,US,Idaho,Fremont,367,3,0,44.22800938,-111.48099429999999,16043.0,2801.7405908848004,0.8174386920980926,364,362,3,0,359,356,13168,5,0,0,5,6
2020-10-20,US,Idaho,Gem,395,4,0,44.06482372,-116.398376,16045.0,2180.8745583038867,1.0126582278481011,391,393,4,0,389,388,17634,2,0,0,2,5
2020-10-20,US,Idaho,Gooding,470,3,0,42.96927962,-114.81083059999999,16047.0,3096.3831609460435,0.6382978723404256,467,449,2,0,447,440,15196,21,1,0,20,9
2020-10-20,US,Idaho,Idaho,303,0,0,45.84721541,-115.4634436,16049.0,1817.9636407271853,0.0,303,292,0,0,292,288,16513,11,0,0,11,4
2020-10-20,US,Idaho,Jefferson,869,3,0,43.82078483,-112.3131749,16051.0,2909.176123999866,0.34522439585730724,866,857,3,0,854,843,29439,12,0,0,12,14
2020-10-20,US,Idaho,Jerome,981,7,0,42.68891267,-114.2655033,16053.0,4018.5154841881044,0.7135575942915392,974,974,7,0,967,960,24015,7,0,0,7,14
2020-10-20,US,Idaho,Kootenai,3538,46,0,47.67282258,-116.7020872,16055.0,2135.222725818814,1.3001695873374788,3492,3418,46,0,3372,3375,161505,120,0,0,120,43
2020-10-20,US,Idaho,Latah,835,0,0,46.81587887,-116.71136979999999,16057.0,2081.878926897377,0.0,835,826,0,0,826,807,40134,9,0,0,9,19
2020-10-20,US,Idaho,Lemhi,192,0,0,44.9438088,-113.9309747,16059.0,2391.927245546281,0.0,192,181,0,0,181,173,7961,11,0,0,11,8
2020-10-20,US,Idaho,Lewis,71,2,0,46.23315327,-116.434146,16061.0,1849.921834288692,2.8169014084507036,69,71,2,0,69,65,3861,0,0,0,0,6
2020-10-20,US,Idaho,Lincoln,138,0,0,43.0012336,-114.1358773,16063.0,2571.7480432351845,0.0,138,135,0,0,135,131,5360,3,0,0,3,4
2020-10-20,US,Idaho,Madison,2159,2,0,43.78141028,-111.65384740000002,16065.0,5410.078432355226,0.09263547938860583,2157,2088,2,0,2086,1980,39304,71,0,0,71,108
2020-10-20,US,Idaho,Minidoka,1095,8,0,42.85518524,-113.6357257,16067.0,5204.619991444461,0.7305936073059359,1087,1075,8,0,1067,1061,20825,20,0,0,20,14
2020-10-20,US,Idaho,Nez Perce,681,24,0,46.32638236,-116.75009750000001,16069.0,1685.3098396357157,3.524229074889868,657,634,24,0,610,616,40408,47,0,0,47,18
2020-10-20,US,Idaho,Oneida,35,0,0,42.19494279999999,-112.5407838,16071.0,772.4564113882145,0.0,35,34,0,0,34,34,4488,1,0,0,1,0
2020-10-20,US,Idaho,Owyhee,369,5,0,42.58016894,-116.16938710000001,16073.0,3121.03527023598,1.3550135501355014,364,367,5,0,362,366,11693,2,0,0,2,1
2020-10-20,US,Idaho,Payette,1082,10,0,44.00545243,-116.7647695,16075.0,4517.556678218029,0.9242144177449167,1072,1075,10,0,1065,1069,23551,7,0,0,7,6
2020-10-20,US,Idaho,Power,339,2,0,42.69254894,-112.83957420000002,16077.0,4413.487827105846,0.5899705014749262,337,338,2,0,336,336,7768,1,0,0,1,2
2020-10-20,US,Idaho,Shoshone,237,20,0,47.35364087,-115.89167490000001,16079.0,1839.77643223102,8.438818565400844,217,236,19,0,217,230,12796,1,1,0,0,6
2020-10-20,US,Idaho,Teton,267,1,0,43.75303583,-111.2056773,16081.0,2198.9787514412783,0.3745318352059925,266,257,1,0,256,253,11640,10,0,0,10,4
2020-10-20,US,Idaho,Twin Falls,3430,42,0,42.35440512,-114.6685381,16083.0,3948.0651027878175,1.2244897959183674,3388,3353,42,0,3311,3299,86081,77,0,0,77,54
2020-10-20,US,Idaho,Unassigned,3,0,0,0.0,0.0,90016.0,0.0,0.0,3,3,0,0,3,1,,0,0,0,0,2
2020-10-20,US,Idaho,Valley,108,1,0,44.76728382,-115.5676773,16085.0,948.0337078651686,0.925925925925926,107,107,1,0,106,107,11041,1,0,0,1,0
2020-10-20,US,Idaho,Washington,428,7,0,44.45275475,-116.78476880000001,16087.0,4198.5481655876,1.6355140186915889,421,426,7,0,419,420,10161,2,0,0,2,6
2020-10-20,US,Illinois,Adams,1659,15,0,39.98815591,-91.18786813,17001.0,2535.340414151448,0.9041591320072332,1644,1633,15,0,1618,1585,65691,26,0,0,26,48
2020-10-20,US,Illinois,Alexander,109,1,0,37.18049267,-89.32910838,17003.0,1892.0326332233988,0.9174311926605504,108,108,1,0,107,107,6060,1,0,0,1,1
2020-10-20,US,Illinois,Bond,471,9,0,38.88829622,-89.43534887,17005.0,2867.405333008645,1.9108280254777068,462,466,9,0,457,460,16630,5,0,0,5,6
2020-10-20,US,Illinois,Boone,1687,25,0,42.32359279,-88.82345779,17007.0,3150.679814731809,1.4819205690574986,1662,1655,24,0,1631,1640,53577,32,1,0,31,15
2020-10-20,US,Illinois,Brown,98,0,0,39.96209138,-90.75068024,17009.0,1489.8145332927938,0.0,98,96,0,0,96,96,6556,2,0,0,2,0
2020-10-20,US,Illinois,Bureau,855,17,0,41.40385234,-89.5283051,17011.0,2620.4486943729307,1.9883040935672516,838,847,17,0,830,842,32993,8,0,0,8,5
2020-10-20,US,Illinois,Calhoun,67,0,0,39.16840183,-90.66330078,17013.0,1413.8003798269674,0.0,67,69,0,0,69,69,4802,-2,0,0,-2,0
2020-10-20,US,Illinois,Carroll,367,8,0,42.06823429,-89.93395545,17015.0,2565.5365256903187,2.1798365122615806,359,365,8,0,357,356,14312,2,0,0,2,9
2020-10-20,US,Illinois,Cass,450,11,0,39.96991073,-90.24734436,17017.0,3704.6184243022967,2.4444444444444446,439,449,11,0,438,449,12260,1,0,0,1,0
2020-10-20,US,Illinois,Champaign,5741,28,0,40.13919438,-88.20046615,17019.0,2737.864170271211,0.4877199094234454,5713,5680,28,0,5652,5660,209983,61,0,0,61,20
2020-10-20,US,Illinois,Christian,784,25,0,39.54581621,-89.27780482,17021.0,2426.944031698861,3.1887755102040822,759,771,25,0,746,763,32661,13,0,0,13,8
2020-10-20,US,Illinois,Clark,272,9,0,39.33425789,-87.78705622,17023.0,1761.543941454569,3.3088235294117645,263,266,6,0,260,253,15596,6,3,0,3,13
2020-10-20,US,Illinois,Clay,284,11,0,38.75388572,-88.48914513,17025.0,2154.126213592233,3.8732394366197194,273,281,11,0,270,279,13253,3,0,0,3,2
2020-10-20,US,Illinois,Clinton,1631,24,0,38.60704876,-89.42385254,17027.0,4342.154304882594,1.4714898835070511,1607,1587,24,0,1563,1560,37639,44,0,0,44,27
2020-10-20,US,Illinois,Coles,1798,38,0,39.51949084,-88.22358557,17029.0,3551.885581082949,2.113459399332592,1760,1788,38,0,1750,1774,50885,10,0,0,10,14
2020-10-20,US,Illinois,Cook,166457,5369,0,41.84144849,-87.81658794,17031.0,3232.02853152469,3.2254576256931218,161088,165198,5364,0,159834,163912,5180493,1259,5,0,1254,1286
2020-10-20,US,Illinois,Crawford,630,6,0,39.0032229,-87.75954624,17033.0,3374.9397332190497,0.9523809523809524,624,624,6,0,618,615,18807,6,0,0,6,9
2020-10-20,US,Illinois,Cumberland,258,6,0,39.27432424,-88.2401158,17035.0,2396.4332156789887,2.3255813953488373,252,253,6,0,247,249,10808,5,0,0,5,4
2020-10-20,US,Illinois,De Witt,233,3,0,40.17514519,-88.90959682,17039.0,1489.9603529863157,1.2875536480686696,230,227,3,0,224,225,15769,6,0,0,6,2
2020-10-20,US,Illinois,DeKalb,2138,42,0,41.89373302,-88.76958483,17037.0,2038.1898433701626,1.9644527595884005,2096,2095,42,0,2053,2072,104143,43,0,0,43,23
2020-10-20,US,Illinois,Douglas,563,8,0,39.76768052,-88.21854195,17041.0,2892.3709221679937,1.4209591474245116,555,545,8,0,537,523,19479,18,0,0,18,22
2020-10-20,US,Illinois,DuPage,21231,599,0,41.85116968,-88.08642662,17043.0,2300.4135781935834,2.821346144788281,20632,20947,598,0,20349,20724,928589,284,1,0,283,223
2020-10-20,US,Illinois,Edgar,147,8,0,39.6809186,-87.74759563,17045.0,856.5934386108037,5.442176870748299,139,139,8,0,131,138,17360,8,0,0,8,1
2020-10-20,US,Illinois,Edwards,99,0,0,38.41353228,-88.05720863,17047.0,1548.084440969507,0.0,99,98,0,0,98,98,6392,1,0,0,1,0
2020-10-20,US,Illinois,Effingham,1095,3,0,39.05935711,-88.58969584,17049.0,3219.830628087509,0.273972602739726,1092,1090,3,0,1087,1070,34208,5,0,0,5,20
2020-10-20,US,Illinois,Fayette,638,21,0,39.00072038,-89.02452658,17051.0,2990.2512185976752,3.29153605015674,617,630,19,0,611,619,21416,8,2,0,6,11
2020-10-20,US,Illinois,Ford,182,9,0,40.59706922,-88.22350769,17053.0,1404.2126379137412,4.945054945054945,173,179,9,0,170,179,13264,3,0,0,3,0
2020-10-20,US,Illinois,Franklin,866,6,0,37.99189086,-88.92567818,17055.0,2251.163274324781,0.6928406466512702,860,840,6,0,834,834,38701,26,0,0,26,6
2020-10-20,US,Illinois,Fulton,429,0,0,40.47289135,-90.20862357,17057.0,1249.2719860221314,0.0,429,403,0,0,403,391,34844,26,0,0,26,12
2020-10-20,US,Illinois,Gallatin,105,2,0,37.76430935,-88.22953869,17059.0,2174.8135874067943,1.9047619047619049,103,105,2,0,103,103,5058,0,0,0,0,2
2020-10-20,US,Illinois,Greene,270,15,0,39.35907414,-90.388865,17061.0,2081.887578070784,5.5555555555555545,255,269,15,0,254,264,13044,1,0,0,1,5
2020-10-20,US,Illinois,Grundy,889,7,0,41.28569601,-88.41905692,17063.0,1741.2935323383085,0.7874015748031497,882,877,7,0,870,859,50972,12,0,0,12,18
2020-10-20,US,Illinois,Hamilton,114,2,0,38.08163641,-88.53883373,17065.0,1404.6328240512564,1.7543859649122806,112,113,2,0,111,109,8163,1,0,0,1,4
2020-10-20,US,Illinois,Hancock,285,3,0,40.40423981,-91.16313899,17067.0,1609.4420600858368,1.0526315789473684,282,284,3,0,281,279,17844,1,0,0,1,5
2020-10-20,US,Illinois,Hardin,49,0,0,37.51810645,-88.26873022,17069.0,1282.3868097356712,0.0,49,49,0,0,49,49,3910,0,0,0,0,0
2020-10-20,US,Illinois,Henderson,111,0,0,40.81908672,-90.92491462,17071.0,1670.1775504062591,0.0,111,111,0,0,111,108,6709,0,0,0,0,3
2020-10-20,US,Illinois,Henry,798,7,0,41.3533994,-90.13296166,17073.0,1631.4681168605484,0.8771929824561403,791,794,5,0,789,790,49090,4,2,0,2,4
2020-10-20,US,Illinois,Iroquois,459,19,0,40.74717633,-87.82466784,17075.0,1692.8524009736664,4.139433551198256,440,451,19,0,432,449,27604,8,0,0,8,2
2020-10-20,US,Illinois,Jackson,1443,25,0,37.78595185,-89.38232563,17077.0,2542.7312775330397,1.7325017325017324,1418,1433,25,0,1408,1428,57419,10,0,0,10,5
2020-10-20,US,Illinois,Jasper,250,10,0,39.01054275,-88.15437049,17079.0,2601.456815816857,4.0,240,247,10,0,237,240,9611,3,0,0,3,7
2020-10-20,US,Illinois,Jefferson,867,44,0,38.29980057,-88.9240025,17081.0,2300.711177157414,5.074971164936564,823,858,44,0,814,852,37820,9,0,0,9,6
2020-10-20,US,Illinois,Jersey,456,21,0,39.08869046,-90.35393073,17083.0,2094.3370229182933,4.605263157894737,435,456,21,0,435,453,21847,0,0,0,0,3
2020-10-20,US,Illinois,Jo Daviess,436,7,0,42.36542373,-90.21094405,17085.0,2053.2140334353658,1.6055045871559632,429,427,5,0,422,416,21366,9,2,0,7,11
2020-10-20,US,Illinois,Johnson,322,0,0,37.45939802,-88.88165419,17087.0,2593.218973987276,0.0,322,313,0,0,313,311,12456,9,0,0,9,2
2020-10-20,US,Illinois,Kane,15616,342,0,41.93842729,-88.42861412,17089.0,2933.116455016219,2.190061475409836,15274,15422,341,0,15081,15234,534216,194,1,0,193,188
2020-10-20,US,Illinois,Kankakee,3190,78,0,41.13746989,-87.86205334,17091.0,2903.6427518159144,2.445141065830721,3112,3168,78,0,3090,3143,110024,22,0,0,22,25
2020-10-20,US,Illinois,Kendall,2485,27,0,41.59081014,-88.42869583,17093.0,1926.5059306923017,1.0865191146881288,2458,2470,27,0,2443,2441,127915,15,0,0,15,29
2020-10-20,US,Illinois,Knox,1151,9,0,40.93148779,-90.21330340000002,17095.0,2315.941970663393,0.7819287576020851,1142,1096,9,0,1087,1076,50112,55,0,0,55,20
2020-10-20,US,Illinois,LaSalle,2207,60,0,41.34426129999999,-88.88633881,17099.0,2030.9379859941657,2.7186225645672866,2147,2184,60,0,2124,2157,109430,23,0,0,23,27
2020-10-20,US,Illinois,Lake,19714,506,0,42.3224907,-88.00367925,17097.0,2830.2956778912762,2.5667038652734098,19208,19546,503,0,19043,19438,700832,168,3,0,165,108
2020-10-20,US,Illinois,Lawrence,306,8,0,38.71987914,-87.72884035,17101.0,1951.7795637198624,2.6143790849673203,298,306,8,0,298,306,15765,0,0,0,0,0
2020-10-20,US,Illinois,Lee,627,1,0,41.74583951,-89.29977132,17103.0,1838.925387142187,0.1594896331738437,626,612,1,0,611,592,34223,15,0,0,15,20
2020-10-20,US,Illinois,Livingston,557,10,0,40.89188292,-88.55784752,17105.0,1562.5,1.7953321364452424,547,549,10,0,539,538,35761,8,0,0,8,11
2020-10-20,US,Illinois,Logan,547,4,0,40.12581572,-89.36638784,17107.0,1911.3844433573279,0.7312614259597806,543,543,4,0,539,538,28925,4,0,0,4,5
2020-10-20,US,Illinois,Macon,2633,48,0,39.86064913,-88.96342505,17115.0,2531.5116961032213,1.8230155715913408,2585,2568,48,0,2520,2512,104712,65,0,0,65,56
2020-10-20,US,Illinois,Macoupin,741,10,0,39.26119767,-89.92424028,17117.0,1649.3789787650805,1.349527665317139,731,731,9,0,722,722,45313,10,1,0,9,9
2020-10-20,US,Illinois,Madison,6832,152,0,38.83042506,-89.90422563,17119.0,2598.0545013423794,2.2248243559718968,6680,6795,152,0,6643,6748,264461,37,0,0,37,47
2020-10-20,US,Illinois,Marion,866,13,0,38.64963204,-88.91899208,17121.0,2327.644133852977,1.5011547344110854,853,845,12,0,833,829,37620,21,1,0,20,16
2020-10-20,US,Illinois,Marshall,140,3,0,41.0327901,-89.34510444,17123.0,1223.9902080783356,2.142857142857143,137,137,3,0,134,135,11534,3,0,0,3,2
2020-10-20,US,Illinois,Mason,238,1,0,40.23917274,-89.91824452,17125.0,1781.5704768320984,0.4201680672268908,237,235,1,0,234,232,13565,3,0,0,3,3
2020-10-20,US,Illinois,Massac,141,2,0,37.22078441,-88.71036614,17127.0,1023.8164391519023,1.4184397163120568,139,141,2,0,139,139,14080,0,0,0,0,2
2020-10-20,US,Illinois,McDonough,668,15,0,40.45674722,-90.67775541,17109.0,2250.522202007951,2.245508982035928,653,665,15,0,650,654,29955,3,0,0,3,11
2020-10-20,US,Illinois,McHenry,5726,120,0,42.32451172,-88.45248227,17111.0,1860.4560489190121,2.0957038071952496,5606,5642,120,0,5522,5583,308570,84,0,0,84,59
2020-10-20,US,Illinois,McLean,3918,31,0,40.48996987,-88.84621113,17113.0,2284.321670738177,0.7912200102092904,3887,3867,30,0,3837,3849,172828,51,1,0,50,18
2020-10-20,US,Illinois,Menard,165,1,0,40.02742725,-89.80246001,17129.0,1352.9025910134476,0.6060606060606061,164,159,1,0,158,159,12288,6,0,0,6,0
2020-10-20,US,Illinois,Mercer,225,6,0,41.20596782,-90.74290052,17131.0,1457.537086221416,2.6666666666666665,219,219,6,0,213,213,15601,6,0,0,6,6
2020-10-20,US,Illinois,Monroe,861,28,0,38.27594376,-90.17761038,17133.0,2485.781101134625,3.2520325203252027,833,849,28,0,821,842,34335,12,0,0,12,7
2020-10-20,US,Illinois,Montgomery,555,15,0,39.23198845,-89.47809254,17135.0,1953.2624762441046,2.702702702702702,540,548,15,0,533,545,28601,7,0,0,7,3
2020-10-20,US,Illinois,Morgan,810,24,0,39.71654544,-90.20255104,17137.0,2406.560104581377,2.962962962962963,786,796,24,0,772,792,33976,14,0,0,14,4
2020-10-20,US,Illinois,Moultrie,378,5,0,39.64187451,-88.62099969,17139.0,2606.7167781532307,1.3227513227513228,373,375,5,0,370,360,14717,3,0,0,3,15
2020-10-20,US,Illinois,Ogle,1089,7,0,42.04165196,-89.32184679,17141.0,2150.3465434512173,0.6427915518824611,1082,1052,7,0,1045,1030,50923,37,0,0,37,22
2020-10-20,US,Illinois,Out of IL,2,0,0,0.0,0.0,80017.0,0.0,0.0,2,2,0,0,2,1,,0,0,0,0,1
2020-10-20,US,Illinois,Peoria,4310,64,0,40.78702156,-89.76078901,17143.0,2405.415813237042,1.4849187935034802,4246,4243,62,0,4181,4207,180621,67,2,0,65,36
2020-10-20,US,Illinois,Perry,409,16,0,38.08510853,-89.36856219,17145.0,1955.4408108624973,3.9119804400977993,393,406,16,0,390,403,21174,3,0,0,3,3
2020-10-20,US,Illinois,Piatt,218,0,0,40.01360584,-88.59319339,17147.0,1333.8228095937347,0.0,218,207,0,0,207,205,16396,11,0,0,11,2
2020-10-20,US,Illinois,Pike,267,4,0,39.62265059,-90.8877017,17149.0,1715.8280316175048,1.49812734082397,263,260,4,0,256,249,15611,7,0,0,7,11
2020-10-20,US,Illinois,Pope,36,1,0,37.41391284,-88.56152109,17151.0,861.8625807996167,2.7777777777777777,35,36,1,0,35,36,4212,0,0,0,0,0
2020-10-20,US,Illinois,Pulaski,226,1,0,37.22631423,-89.13085001,17153.0,4236.176194939081,0.4424778761061947,225,226,1,0,225,226,5463,0,0,0,0,0
2020-10-20,US,Illinois,Putnam,86,0,0,41.2013541,-89.2869272,17155.0,1498.518905732706,0.0,86,85,0,0,85,83,5740,1,0,0,1,2
2020-10-20,US,Illinois,Randolph,1159,14,0,38.05095369,-89.82512254,17157.0,3646.718268202127,1.207937877480587,1145,1145,14,0,1131,1141,32106,14,0,0,14,4
2020-10-20,US,Illinois,Richland,318,15,0,38.71240969,-88.08475366,17159.0,2049.8936375942762,4.716981132075472,303,317,14,0,303,316,15763,1,1,0,0,1
2020-10-20,US,Illinois,Rock Island,3721,89,0,41.46613806,-90.57042164,17161.0,2622.6573347711787,2.391830153184628,3632,3670,88,0,3582,3641,143477,51,1,0,50,29
2020-10-20,US,Illinois,Saline,505,7,0,37.75332999,-88.54119706,17165.0,2149.7594823549443,1.3861386138613858,498,503,7,0,496,497,23906,2,0,0,2,6
2020-10-20,US,Illinois,Sangamon,3556,60,0,39.75836914,-89.65872023,17167.0,1826.6622832251169,1.687289088863892,3496,3475,54,0,3421,3444,195348,81,6,0,75,31
2020-10-20,US,Illinois,Schuyler,80,1,0,40.157179799999994,-90.61114163,17169.0,1182.033096926714,1.25,79,80,1,0,79,79,6907,0,0,0,0,1
2020-10-20,US,Illinois,Scott,95,0,0,39.642916899999996,-90.47814431,17171.0,1918.8042819632396,0.0,95,93,0,0,93,93,4926,2,0,0,2,0
2020-10-20,US,Illinois,Shelby,592,8,0,39.39133527,-88.80611122,17173.0,2736.433391883147,1.351351351351351,584,586,8,0,578,580,21741,6,0,0,6,6
2020-10-20,US,Illinois,St. Clair,7623,213,0,38.46996033,-89.93063427,17163.0,2935.468219311014,2.7941755214482487,7410,7559,213,0,7346,7512,261059,64,0,0,64,47
2020-10-20,US,Illinois,Stark,80,2,0,41.09309773,-89.79745866,17175.0,1497.5664545114194,2.5,78,79,2,0,77,78,5427,1,0,0,1,1
2020-10-20,US,Illinois,Stephenson,820,7,0,42.35129217,-89.662598,17177.0,1842.7794507618319,0.8536585365853658,813,814,7,0,807,780,44753,6,0,0,6,34
2020-10-20,US,Illinois,Tazewell,2445,49,0,40.50716185,-89.51404662,17179.0,1855.0412357837079,2.0040899795501024,2396,2405,47,0,2358,2386,132328,40,2,0,38,19
2020-10-20,US,Illinois,Unassigned,3627,260,0,0.0,0.0,90017.0,0.0,7.168458781362008,3367,3627,260,0,3367,3633,,0,0,0,0,-6
2020-10-20,US,Illinois,Union,738,25,0,37.47119609,-89.25548938,17181.0,4431.633939830661,3.3875338753387534,713,730,25,0,705,725,16841,8,0,0,8,5
2020-10-20,US,Illinois,Vermilion,1562,7,0,40.18417171,-87.73384359,17183.0,2061.8284537606587,0.4481434058898848,1555,1541,7,0,1534,1513,76806,21,0,0,21,28
2020-10-20,US,Illinois,Wabash,210,5,0,38.44272901,-87.84922065,17185.0,1822.916666666667,2.380952380952381,205,205,5,0,200,203,11549,5,0,0,5,2
2020-10-20,US,Illinois,Warren,464,7,0,40.84925021,-90.6147432,17187.0,2754.6900973640472,1.5086206896551724,457,451,7,0,444,450,17032,13,0,0,13,1
2020-10-20,US,Illinois,Washington,277,1,0,38.35309213,-89.40982703,17189.0,1994.67127529344,0.36101083032490977,276,278,1,0,277,275,13995,-1,0,0,-1,3
2020-10-20,US,Illinois,Wayne,440,11,0,38.42955355,-88.42586459,17191.0,2713.536848596978,2.5,429,434,10,0,424,432,16332,6,1,0,5,2
2020-10-20,US,Illinois,White,235,1,0,38.08706198,-88.17657461,17193.0,1735.9828617862156,0.425531914893617,234,235,1,0,234,237,13665,0,0,0,0,-2
2020-10-20,US,Illinois,Whiteside,1167,22,0,41.75509713,-89.91556058,17195.0,2115.0883552333485,1.8851756640959725,1145,1152,22,0,1130,1134,55626,15,0,0,15,18
2020-10-20,US,Illinois,Will,17106,422,0,41.44619267,-87.97862712,17197.0,2476.463749904089,2.4669706535718463,16684,16898,419,0,16479,16748,692310,208,3,0,205,150
2020-10-20,US,Illinois,Williamson,1737,58,0,37.73033511,-88.92994027,17199.0,2608.2255957475563,3.3390903857225096,1679,1709,58,0,1651,1696,67056,28,0,0,28,13
2020-10-20,US,Illinois,Winnebago,9314,167,0,42.33641854,-89.16085327,17201.0,3296.151069461943,1.7929997852694868,9147,9114,165,0,8949,9027,284081,200,2,0,198,87
2020-10-20,US,Illinois,Woodford,553,11,0,40.78579374,-89.20973757,17203.0,1437.89490106347,1.9891500904159127,542,543,11,0,532,542,38463,10,0,0,10,1
2020-10-20,US,Indiana,Adams,472,5,0,40.7457653,-84.93671406,18001.0,1319.2833384576684,1.0593220338983051,467,464,5,0,459,455,35636,8,0,0,8,9
2020-10-20,US,Indiana,Allen,7880,222,0,41.09194313,-85.06800636,18003.0,2077.5166820898557,2.8172588832487313,7658,7815,221,0,7594,7756,375351,65,1,0,64,59
2020-10-20,US,Indiana,Bartholomew,1397,58,0,39.20744865,-85.89558181,18005.0,1667.4823046348126,4.151753758052972,1339,1386,57,0,1329,1375,82753,11,1,0,10,11
2020-10-20,US,Indiana,Benton,107,0,0,40.60626947,-87.31093999,18007.0,1223.1367169638775,0.0,107,107,0,0,107,106,8653,0,0,0,0,1
2020-10-20,US,Indiana,Blackford,192,3,0,40.47388153,-85.32499702,18009.0,1632.9307705392068,1.5625,189,190,3,0,187,184,11930,2,0,0,2,6
2020-10-20,US,Indiana,Boone,1188,48,0,40.0509304,-86.46841646,18011.0,1751.1018085874741,4.040404040404041,1140,1186,48,0,1138,1177,66999,2,0,0,2,9
2020-10-20,US,Indiana,Brown,130,3,0,39.19605589,-86.22868909,18013.0,861.3835144447389,2.3076923076923075,127,128,3,0,125,128,15234,2,0,0,2,0
2020-10-20,US,Indiana,Carroll,314,13,0,40.580783200000006,-86.56198812,18015.0,1550.0814533247767,4.140127388535031,301,308,13,0,295,305,20127,6,0,0,6,3
2020-10-20,US,Indiana,Cass,2220,21,0,40.76135835,-86.34830753,18017.0,5890.312823370215,0.945945945945946,2199,2210,20,0,2190,2201,37955,10,1,0,9,9
2020-10-20,US,Indiana,Clark,2854,61,0,38.48015445,-85.70510334,18019.0,2412.4697807306725,2.1373510861948137,2793,2821,57,0,2764,2808,117360,33,4,0,29,13
2020-10-20,US,Indiana,Clay,434,6,0,39.39561833,-87.11723506,18021.0,1654.9094375595803,1.3824884792626728,428,427,6,0,421,426,26170,7,0,0,7,1
2020-10-20,US,Indiana,Clinton,816,16,0,40.30319754,-86.47277257,18023.0,2518.596252970771,1.96078431372549,800,813,16,0,797,801,32250,3,0,0,3,12
2020-10-20,US,Indiana,Crawford,149,1,0,38.28814402,-86.44518825,18025.0,1408.7170275125272,0.6711409395973155,148,148,1,0,147,140,10558,1,0,0,1,8
2020-10-20,US,Indiana,Daviess,840,33,0,38.70186039,-87.07185406,18027.0,2518.6651074930287,3.928571428571429,807,837,32,0,805,827,33147,3,1,0,2,10
2020-10-20,US,Indiana,DeKalb,694,11,0,41.39804622,-84.99906934,18033.0,1596.3197239792985,1.5850144092219018,683,686,11,0,675,674,43226,8,0,0,8,12
2020-10-20,US,Indiana,Dearborn,916,28,0,39.14647946,-84.97333539,18029.0,1852.0765093614789,3.056768558951965,888,903,28,0,875,895,49568,13,0,0,13,8
2020-10-20,US,Indiana,Decatur,498,39,0,39.30712658,-85.50087166,18031.0,1875.070597537558,7.831325301204818,459,494,39,0,455,493,26794,4,0,0,4,1
2020-10-20,US,Indiana,Delaware,2820,74,0,40.22787247,-85.39732772,18035.0,2470.758312524642,2.624113475177305,2746,2796,74,0,2722,2771,114772,24,0,0,24,25
2020-10-20,US,Indiana,Dubois,1351,25,0,38.36597551,-86.87924170000002,18037.0,3161.2691875701985,1.850481125092524,1326,1337,24,0,1313,1334,42565,14,1,0,13,3
2020-10-20,US,Indiana,Elkhart,8469,132,0,41.59761169,-85.85875695,18039.0,4104.3709199819705,1.5586255756287637,8337,8371,132,0,8239,8281,205560,98,0,0,98,90
2020-10-20,US,Indiana,Fayette,585,17,0,39.63684962,-85.17797541,18041.0,2532.248290191325,2.9059829059829063,568,575,15,0,560,556,23047,10,2,0,8,19
2020-10-20,US,Indiana,Floyd,1748,67,0,38.32117957,-85.90385377,18043.0,2226.127709431752,3.832951945080092,1681,1727,66,0,1661,1708,77781,21,1,0,20,19
2020-10-20,US,Indiana,Fountain,286,3,0,40.12361933,-87.24217689,18045.0,1749.663526244953,1.048951048951049,283,274,3,0,271,273,16351,12,0,0,12,1
2020-10-20,US,Indiana,Franklin,365,25,0,39.4142482,-85.06062647,18047.0,1603.8316196502328,6.849315068493151,340,363,25,0,338,359,22736,2,0,0,2,4
2020-10-20,US,Indiana,Fulton,336,2,0,41.0469907,-86.26252745,18049.0,1682.1868428957644,0.5952380952380952,334,329,2,0,327,323,20092,7,0,0,7,6
2020-10-20,US,Indiana,Gibson,834,11,0,38.30393723,-87.58054938,18051.0,2477.7919724293647,1.3189448441247005,823,826,11,0,815,822,33452,8,0,0,8,4
2020-10-20,US,Indiana,Grant,1209,39,0,40.51587228,-85.65468702,18053.0,1838.25206404233,3.2258064516129035,1170,1180,39,0,1141,1168,65936,29,0,0,29,12
2020-10-20,US,Indiana,Greene,518,37,0,39.03630547,-86.96223202,18055.0,1622.7053442766744,7.142857142857142,481,512,37,0,475,505,32006,6,0,0,6,7
2020-10-20,US,Indiana,Hamilton,5962,113,0,40.07306535,-86.05244729,18057.0,1763.8479221090438,1.8953371351895336,5849,5923,113,0,5810,5872,330086,39,0,0,39,51
2020-10-20,US,Indiana,Hancock,1141,45,0,39.82304555,-85.77566351,18059.0,1459.6765940026612,3.943908851884312,1096,1141,44,0,1097,1128,76351,0,1,0,-1,13
2020-10-20,US,Indiana,Harrison,740,24,0,38.19467379,-86.10948271,18061.0,1826.4840182648402,3.2432432432432434,716,733,24,0,709,729,40350,7,0,0,7,4
2020-10-20,US,Indiana,Hendricks,3183,130,0,39.76719009,-86.51037283,18063.0,1868.9338915278518,4.084197298146403,3053,3140,130,0,3010,3116,167009,43,0,0,43,24
2020-10-20,US,Indiana,Henry,1226,28,0,39.93029017,-85.39625719,18065.0,2555.657466855666,2.283849918433932,1198,1218,28,0,1190,1207,48271,8,0,0,8,11
2020-10-20,US,Indiana,Howard,1588,66,0,40.48527731,-86.11351892,18067.0,1923.8224462105054,4.156171284634762,1522,1574,66,0,1508,1553,82366,14,0,0,14,21
2020-10-20,US,Indiana,Huntington,378,5,0,40.82907273,-85.48822092,18069.0,1035.0492880613363,1.3227513227513228,373,369,5,0,364,364,36240,9,0,0,9,5
2020-10-20,US,Indiana,Jackson,1087,13,0,38.90915820000001,-86.03851889,18071.0,2457.5523953788065,1.1959521619135234,1074,1074,12,0,1062,1064,44111,13,1,0,12,10
2020-10-20,US,Indiana,Jasper,562,4,0,41.02078733,-87.11553319,18073.0,1674.512841904535,0.7117437722419929,558,546,4,0,542,526,33370,16,0,0,16,20
2020-10-20,US,Indiana,Jay,287,6,0,40.43781032,-85.00576229,18075.0,1404.3844196515952,2.0905923344947737,281,281,6,0,275,275,20764,6,0,0,6,6
2020-10-20,US,Indiana,Jefferson,330,5,0,38.78576239,-85.43633383,18077.0,1021.4188436300607,1.5151515151515151,325,328,5,0,323,327,32208,2,0,0,2,1
2020-10-20,US,Indiana,Jennings,360,13,0,38.99588883,-85.62710784,18079.0,1297.9989183342348,3.611111111111111,347,359,13,0,346,358,27611,1,0,0,1,1
2020-10-20,US,Indiana,Johnson,2995,128,0,39.48994426,-86.10149107,18081.0,1893.5681905833708,4.2737896494156935,2867,2972,127,0,2845,2947,156225,23,1,0,22,25
2020-10-20,US,Indiana,Knox,703,10,0,38.68861576,-87.4194665,18083.0,1921.0799584631359,1.4224751066856332,693,696,10,0,686,686,36895,7,0,0,7,10
2020-10-20,US,Indiana,Kosciusko,1768,23,0,41.24521668,-85.86312322,18085.0,2225.130890052356,1.3009049773755657,1745,1731,21,0,1710,1692,79344,37,2,0,35,39
2020-10-20,US,Indiana,LaGrange,767,15,0,41.64232188,-85.42674232,18087.0,1936.184177311052,1.9556714471968708,752,766,15,0,751,761,39330,1,0,0,1,5
2020-10-20,US,Indiana,LaPorte,2155,57,0,41.54366008,-86.74072188,18091.0,1961.087652882936,2.645011600928074,2098,2130,57,0,2073,2088,110007,25,0,0,25,42
2020-10-20,US,Indiana,Lake,13220,352,0,41.41874274,-87.38277575,18089.0,2723.0052750503096,2.6626323751891072,12868,13079,350,0,12729,12911,484411,141,2,0,139,168
2020-10-20,US,Indiana,Lawrence,785,34,0,38.84112637,-86.48361629,18093.0,1730.218205862905,4.3312101910828025,751,778,32,0,746,767,45668,7,2,0,5,11
2020-10-20,US,Indiana,Madison,2295,93,0,40.16143691,-85.71964711,18095.0,1771.2570136375214,4.052287581699346,2202,2269,91,0,2178,2245,129641,26,2,0,24,24
2020-10-20,US,Indiana,Marion,24697,784,0,39.78163624,-86.13826325,18097.0,2560.383668780881,3.1744746325464632,23913,24564,781,0,23783,24410,954670,133,3,0,130,154
2020-10-20,US,Indiana,Marshall,1325,26,0,41.32467367,-86.26185087,18099.0,2864.369406372952,1.962264150943396,1299,1306,26,0,1280,1298,46248,19,0,0,19,8
2020-10-20,US,Indiana,Martin,195,0,0,38.7099921,-86.80373186,18101.0,1901.511457825451,0.0,195,195,0,0,195,193,10217,0,0,0,0,2
2020-10-20,US,Indiana,Miami,584,5,0,40.76940965,-86.04525048,18103.0,1644.3293163644555,0.8561643835616438,579,576,5,0,571,565,35567,8,0,0,8,11
2020-10-20,US,Indiana,Monroe,3207,38,0,39.16130004,-86.52414358,18105.0,2160.5998746892496,1.1849080137199874,3169,3194,38,0,3156,3162,146917,13,0,0,13,32
2020-10-20,US,Indiana,Montgomery,572,22,0,40.04034823,-86.89335024,18107.0,1491.9922792007928,3.8461538461538463,550,564,22,0,542,557,38346,8,0,0,8,7
2020-10-20,US,Indiana,Morgan,922,40,0,39.47899078,-86.44573375,18109.0,1308.0055044049427,4.338394793926248,882,915,40,0,875,908,70116,7,0,0,7,7
2020-10-20,US,Indiana,Newton,218,11,0,40.95610449,-87.39635768,18111.0,1558.9244851258582,5.045871559633029,207,211,11,0,200,205,14011,7,0,0,7,6
2020-10-20,US,Indiana,Noble,1135,33,0,41.39672484,-85.41966713,18113.0,2377.262064343164,2.907488986784141,1102,1113,33,0,1080,1100,47532,22,0,0,22,13
2020-10-20,US,Indiana,Ohio,122,7,0,38.955304999999996,-84.96515993,18115.0,2076.595744680851,5.737704918032787,115,118,7,0,111,116,5844,4,0,0,4,2
2020-10-20,US,Indiana,Orange,387,25,0,38.54118920000001,-86.49523093,18117.0,1969.866639519495,6.459948320413438,362,386,24,0,362,381,19489,1,1,0,0,5
2020-10-20,US,Indiana,Owen,202,1,0,39.31145587,-86.83900724,18119.0,971.2005384874273,0.4950495049504951,201,199,1,0,198,199,20845,3,0,0,3,0
2020-10-20,US,Indiana,Parke,220,3,0,39.77202286,-87.20375833,18121.0,1298.9313337663104,1.3636363636363635,217,218,2,0,216,215,16927,2,1,0,1,3
2020-10-20,US,Indiana,Perry,295,14,0,38.07809328,-86.63741946,18123.0,1538.9430851896286,4.7457627118644075,281,289,14,0,275,282,19102,6,0,0,6,7
2020-10-20,US,Indiana,Pike,319,13,0,38.40112197,-87.23574907,18125.0,2574.864799418839,4.075235109717869,306,316,12,0,304,315,12410,3,1,0,2,1
2020-10-20,US,Indiana,Porter,2978,48,0,41.45986947,-87.06848888,18127.0,1747.7654073913222,1.6118200134318337,2930,2932,48,0,2884,2889,169594,46,0,0,46,43
2020-10-20,US,Indiana,Posey,679,6,0,38.02097333,-87.86480429,18129.0,2670.389743186377,0.8836524300441826,673,674,5,0,669,669,25540,5,1,0,4,5
2020-10-20,US,Indiana,Pulaski,147,1,0,41.04166107,-86.69890683,18131.0,1189.9943333603173,0.6802721088435374,146,143,1,0,142,140,12469,4,0,0,4,3
2020-10-20,US,Indiana,Putnam,710,16,0,39.66437981,-86.84517605,18133.0,1889.5039386842664,2.2535211267605635,694,695,15,0,680,694,37779,15,1,0,14,1
2020-10-20,US,Indiana,Randolph,339,8,0,40.15734772,-85.01139319,18135.0,1374.4171903506995,2.359882005899705,331,337,8,0,329,331,24851,2,0,0,2,6
2020-10-20,US,Indiana,Ripley,422,8,0,39.10235626,-85.26212744,18137.0,1489.9025561361386,1.895734597156398,414,417,8,0,409,413,28523,5,0,0,5,4
2020-10-20,US,Indiana,Rush,204,4,0,39.62002287,-85.4655599,18139.0,1230.323864664375,1.96078431372549,200,203,4,0,199,198,16663,1,0,0,1,5
2020-10-20,US,Indiana,Scott,508,13,0,38.68672078,-85.74627859,18143.0,2127.926946759938,2.559055118110236,495,506,13,0,493,503,23878,2,0,0,2,3
2020-10-20,US,Indiana,Shelby,794,29,0,39.52305623,-85.79158570000001,18145.0,1775.1347000827207,3.6523929471032752,765,783,29,0,754,769,44593,11,0,0,11,14
2020-10-20,US,Indiana,Spencer,370,6,0,38.01519732,-87.0079644,18147.0,1824.7275237954327,1.6216216216216215,364,368,6,0,362,365,20327,2,0,0,2,3
2020-10-20,US,Indiana,St. Joseph,8877,159,0,41.61756781,-86.29040834,18141.0,3265.692023573904,1.7911456573166609,8718,8788,157,0,8631,8651,270771,89,2,0,87,137
2020-10-20,US,Indiana,Starke,393,7,0,41.27890281,-86.64686895,18149.0,1709.0671885192432,1.7811704834605595,386,384,7,0,377,378,22935,9,0,0,9,6
2020-10-20,US,Indiana,Steuben,600,8,0,41.64423868,-85.00101094,18151.0,1734.4048100826733,1.3333333333333333,592,588,8,0,580,579,34586,12,0,0,12,9
2020-10-20,US,Indiana,Sullivan,428,12,0,39.08952258,-87.41414469,18153.0,2070.7339493928107,2.803738317757009,416,424,12,0,412,406,20690,4,0,0,4,18
2020-10-20,US,Indiana,Switzerland,89,0,0,38.82767338,-85.03022429,18155.0,827.829969305181,0.0,89,84,0,0,84,84,10717,5,0,0,5,0
2020-10-20,US,Indiana,Tippecanoe,3547,14,0,40.38872739,-86.89413959,18157.0,1812.1717450391352,0.3946997462644488,3533,3509,14,0,3495,3464,193048,38,0,0,38,45
2020-10-20,US,Indiana,Tipton,268,23,0,40.31123252,-86.05234925,18159.0,1769.2104568259836,8.582089552238806,245,266,23,0,243,261,15128,2,0,0,2,5
2020-10-20,US,Indiana,Unassigned,0,233,0,0.0,0.0,90018.0,0.0,0.0,-233,0,233,0,-233,0,,0,0,0,0,0
2020-10-20,US,Indiana,Union,104,0,0,39.62550777,-84.92497066,18161.0,1474.3407995463567,0.0,104,102,0,0,102,101,7037,2,0,0,2,1
2020-10-20,US,Indiana,Vanderburgh,5593,60,0,38.02658833,-87.58763124,18163.0,3082.374856021736,1.072769533345253,5533,5530,50,0,5480,5477,180974,63,10,0,53,53
2020-10-20,US,Indiana,Vermillion,218,1,0,39.8523352,-87.46160542,18165.0,1406.6331139501874,0.4587155963302753,217,211,1,0,210,203,15479,7,0,0,7,8
2020-10-20,US,Indiana,Vigo,2526,37,0,39.42944561,-87.39169027,18167.0,2359.909564827445,1.4647664291369755,2489,2488,37,0,2451,2455,107386,38,0,0,38,33
2020-10-20,US,Indiana,Wabash,391,9,0,40.84704239,-85.79328272,18169.0,1261.4530907213834,2.301790281329924,382,385,9,0,376,376,31280,6,0,0,6,9
2020-10-20,US,Indiana,Warren,75,1,0,40.34728141,-87.35602659,18171.0,907.4410163339385,1.3333333333333333,74,73,1,0,72,72,8263,2,0,0,2,1
2020-10-20,US,Indiana,Warrick,1884,64,0,38.08922676,-87.2716085,18173.0,2990.5711292421984,3.397027600849257,1820,1865,63,0,1802,1853,62567,19,1,0,18,12
2020-10-20,US,Indiana,Washington,359,2,0,38.60219804,-86.1049363,18175.0,1280.4965044942214,0.5571030640668524,357,351,2,0,349,345,27943,8,0,0,8,6
2020-10-20,US,Indiana,Wayne,1193,27,0,39.863344399999995,-85.01044989,18177.0,1810.7583024710093,2.263202011735121,1166,1171,23,0,1148,1149,65936,22,4,0,18,22
2020-10-20,US,Indiana,Wells,415,5,0,40.72934187,-85.22132966,18179.0,1466.63839411931,1.2048192771084338,410,412,5,0,407,404,28206,3,0,0,3,8
2020-10-20,US,Indiana,White,568,15,0,40.74911165,-86.86492015,18181.0,2356.650900340221,2.640845070422535,553,562,15,0,547,556,24133,6,0,0,6,6
2020-10-20,US,Indiana,Whitley,431,6,0,41.13863784,-85.50791236,18183.0,1268.9906960310918,1.3921113689095128,425,431,6,0,425,424,34074,0,0,0,0,7
2020-10-20,US,Iowa,Adair,143,1,0,41.33075609,-94.47105874,19001.0,1999.4407158836689,0.6993006993006993,142,133,1,0,132,123,7063,10,0,0,10,10
2020-10-20,US,Iowa,Adams,70,0,0,41.02903567,-94.69932645,19003.0,1943.364797334814,0.0,70,67,0,0,67,67,3645,3,0,0,3,0
2020-10-20,US,Iowa,Allamakee,335,8,0,43.28383218,-91.37860922,19005.0,2447.577993716665,2.388059701492537,327,327,8,0,319,324,13832,8,0,0,8,3
2020-10-20,US,Iowa,Appanoose,206,3,0,40.74324454,-92.86865906,19007.0,1657.8142604216964,1.4563106796116505,203,201,3,0,198,198,12437,5,0,0,5,3
2020-10-20,US,Iowa,Audubon,134,1,0,41.6844628,-94.90581859,19009.0,2438.136826783115,0.746268656716418,133,129,1,0,128,128,5506,5,0,0,5,1
2020-10-20,US,Iowa,Benton,521,1,0,42.08011739,-92.06463573,19011.0,2031.5851043088321,0.19193857965451053,520,503,1,0,502,497,25642,18,0,0,18,6
2020-10-20,US,Iowa,Black Hawk,5265,96,0,42.4704581,-92.30524729,19013.0,4012.10107598988,1.8233618233618236,5169,5191,96,0,5095,5171,132408,74,0,0,74,20
2020-10-20,US,Iowa,Boone,681,9,0,42.03657094,-93.9313999,19015.0,2595.867957612259,1.3215859030837005,672,677,8,0,669,671,26346,4,1,0,3,6
2020-10-20,US,Iowa,Bremer,623,9,0,42.77461496,-92.31795937,19017.0,2485.8351288803765,1.4446227929373996,614,612,8,0,604,611,24947,11,1,0,10,1
2020-10-20,US,Iowa,Buchanan,403,3,0,42.4709188,-91.83510825,19019.0,1903.1877213695395,0.7444168734491315,400,393,3,0,390,389,21199,10,0,0,10,4
2020-10-20,US,Iowa,Buena Vista,2204,12,0,42.73545875,-95.15100162,19021.0,11233.435270132517,0.5444646098003629,2192,2200,12,0,2188,2195,19874,4,0,0,4,5
2020-10-20,US,Iowa,Butler,347,2,0,42.73172833,-92.79015971,19023.0,2403.213518941755,0.5763688760806917,345,344,2,0,342,340,14539,3,0,0,3,4
2020-10-20,US,Iowa,Calhoun,272,4,0,42.38521079,-94.64046046,19025.0,2813.405047579645,1.4705882352941178,268,264,4,0,260,257,9699,8,0,0,8,7
2020-10-20,US,Iowa,Carroll,1038,8,0,42.03617207,-94.86032705,19027.0,5147.532853954873,0.7707129094412332,1030,1028,8,0,1020,1023,20154,10,0,0,10,5
2020-10-20,US,Iowa,Cass,340,2,0,41.33149454,-94.92792482,19029.0,2648.800249298847,0.5882352941176471,338,305,2,0,303,302,12930,35,0,0,35,3
2020-10-20,US,Iowa,Cedar,393,5,0,41.77233777,-91.13246684,19031.0,2109.840554034466,1.272264631043257,388,385,5,0,380,379,18627,8,0,0,8,6
2020-10-20,US,Iowa,Cerro Gordo,1263,23,0,43.08177563,-93.2612239,19033.0,2975.2650176678444,1.8210609659540773,1240,1249,23,0,1226,1222,42647,14,0,0,14,27
2020-10-20,US,Iowa,Cherokee,368,2,0,42.73538914,-95.62389402,19035.0,3275.4784156653313,0.5434782608695652,366,365,2,0,363,362,11321,3,0,0,3,3
2020-10-20,US,Iowa,Chickasaw,327,1,0,43.06001295,-92.31773347,19037.0,2740.3000083801226,0.3058103975535168,326,322,1,0,321,319,11964,5,0,0,5,3
2020-10-20,US,Iowa,Clarke,316,3,0,41.02868181,-93.78499767,19039.0,3363.4912187333694,0.9493670886075948,313,312,3,0,309,308,9423,4,0,0,4,4
2020-10-20,US,Iowa,Clay,488,4,0,43.08247182,-95.15096481,19041.0,3046.953046953047,0.819672131147541,484,484,4,0,480,481,16134,4,0,0,4,3
2020-10-20,US,Iowa,Clayton,353,3,0,42.84443388,-91.34133693,19043.0,2011.510627386176,0.8498583569405099,350,350,3,0,347,350,17556,3,0,0,3,0
2020-10-20,US,Iowa,Clinton,1369,26,0,41.89981633,-90.53275096,19045.0,2948.58816687846,1.8991964937910883,1343,1355,25,0,1330,1346,46518,14,1,0,13,9
2020-10-20,US,Iowa,Crawford,1321,12,0,42.03718237,-95.3819718,19047.0,7853.745541022591,0.9084027252081756,1309,1309,12,0,1297,1303,17158,12,0,0,12,6
2020-10-20,US,Iowa,Dallas,3310,43,0,41.68560356,-94.04127625,19049.0,3541.887365841653,1.299093655589124,3267,3291,43,0,3248,3288,90180,19,0,0,19,3
2020-10-20,US,Iowa,Davis,158,4,0,40.74773536,-92.41005468,19051.0,1755.5555555555554,2.5316455696202533,154,155,4,0,151,154,9017,3,0,0,3,1
2020-10-20,US,Iowa,Decatur,129,0,0,40.73742757,-93.78645949,19053.0,1639.135959339263,0.0,129,129,0,0,129,122,7890,0,0,0,0,7
2020-10-20,US,Iowa,Delaware,689,8,0,42.47104597,-91.3664492,19055.0,4050.3203809299866,1.161103047895501,681,679,8,0,671,672,17069,10,0,0,10,7
2020-10-20,US,Iowa,Des Moines,1240,9,0,40.92012606,-91.18326592,19057.0,3182.179793158313,0.7258064516129032,1231,1213,9,0,1204,1209,39138,27,0,0,27,4
2020-10-20,US,Iowa,Dickinson,687,7,0,43.37787725,-95.1510206,19059.0,3980.76254490671,1.0189228529839884,680,684,7,0,677,683,17153,3,0,0,3,1
2020-10-20,US,Iowa,Dubuque,4763,54,0,42.46815349,-90.88181925,19061.0,4894.616230436436,1.133739239974806,4709,4679,52,0,4627,4638,96854,84,2,0,82,41
2020-10-20,US,Iowa,Emmet,402,14,0,43.37782951,-94.67858943,19063.0,4365.768896611642,3.4825870646766166,388,399,14,0,385,393,9253,3,0,0,3,6
2020-10-20,US,Iowa,Fayette,346,2,0,42.86271799,-91.84412309999999,19065.0,1760.8142493638675,0.5780346820809249,344,341,2,0,339,337,19660,5,0,0,5,4
2020-10-20,US,Iowa,Floyd,418,11,0,43.06000529999999,-92.78940097,19067.0,2672.292545710268,2.631578947368421,407,415,11,0,404,412,15761,3,0,0,3,3
2020-10-20,US,Iowa,Franklin,375,18,0,42.73270384,-93.26256925,19069.0,3723.9324726911614,4.8,357,373,18,0,355,369,10124,2,0,0,2,4
2020-10-20,US,Iowa,Fremont,182,1,0,40.74542720000001,-95.60129045,19071.0,2614.942528735632,0.5494505494505495,181,178,1,0,177,178,6993,4,0,0,4,0
2020-10-20,US,Iowa,Greene,174,0,0,42.03614551,-94.39658081,19073.0,1957.6957695769574,0.0,174,173,0,0,173,171,8981,1,0,0,1,2
2020-10-20,US,Iowa,Grundy,283,4,0,42.40183723,-92.78829551,19075.0,2313.603662524526,1.413427561837456,279,280,4,0,276,279,12304,3,0,0,3,1
2020-10-20,US,Iowa,Guthrie,372,15,0,41.68378965,-94.50111014,19077.0,3480.2133033960145,4.032258064516129,357,369,14,0,355,364,10720,3,1,0,2,5
2020-10-20,US,Iowa,Hamilton,451,3,0,42.38382428,-93.70197703,19079.0,3052.866716306776,0.6651884700665188,448,443,3,0,440,431,14952,8,0,0,8,12
2020-10-20,US,Iowa,Hancock,286,4,0,43.08178477,-93.73454884,19081.0,2690.498588899341,1.3986013986013983,282,281,4,0,277,272,10712,5,0,0,5,9
2020-10-20,US,Iowa,Hardin,431,5,0,42.38353877,-93.23654611,19083.0,2558.470853615101,1.160092807424594,426,428,5,0,423,421,16868,3,0,0,3,7
2020-10-20,US,Iowa,Harrison,586,8,0,41.68330137,-95.81558439,19085.0,4171.115381877714,1.3651877133105803,578,576,8,0,568,562,14134,10,0,0,10,14
2020-10-20,US,Iowa,Henry,986,5,0,40.98767962,-91.54436349,19087.0,4941.36513982159,0.5070993914807302,981,978,5,0,973,973,20067,8,0,0,8,5
2020-10-20,US,Iowa,Howard,251,9,0,43.35671042,-92.31702714,19089.0,2740.7730945621315,3.585657370517928,242,247,9,0,238,245,9187,4,0,0,4,2
2020-10-20,US,Iowa,Humboldt,299,3,0,42.7764426,-94.20722537,19091.0,3128.2695124503034,1.0033444816053512,296,291,3,0,288,279,9547,8,0,0,8,12
2020-10-20,US,Iowa,Ida,179,2,0,42.38696136,-95.51355387,19093.0,2609.32944606414,1.11731843575419,177,177,2,0,175,176,6841,2,0,0,2,1
2020-10-20,US,Iowa,Iowa,384,8,0,41.68630265,-92.0643373,19095.0,2372.713791398913,2.083333333333333,376,377,6,0,371,375,16141,7,2,0,5,2
2020-10-20,US,Iowa,Jackson,539,3,0,42.17178824,-90.57354837,19097.0,2772.7763773856677,0.5565862708719852,536,528,3,0,525,525,19432,11,0,0,11,3
2020-10-20,US,Iowa,Jasper,1030,34,0,41.68576082,-93.05567785,19099.0,2769.9341132176946,3.300970873786408,996,1020,34,0,986,1019,37147,10,0,0,10,1
2020-10-20,US,Iowa,Jefferson,203,1,0,41.03192394,-91.94849466,19101.0,1109.592784913911,0.4926108374384237,202,190,1,0,189,188,18381,13,0,0,13,2
2020-10-20,US,Iowa,Johnson,5660,30,0,41.67169354,-91.58754744,19103.0,3744.872303824269,0.5300353356890459,5630,5638,30,0,5608,5623,151260,22,0,0,22,15
2020-10-20,US,Iowa,Jones,413,3,0,42.12118609,-91.13139641,19105.0,1997.0020792031326,0.7263922518159807,410,411,3,0,408,405,20744,2,0,0,2,6
2020-10-20,US,Iowa,Keokuk,142,1,0,41.33649833,-92.1785067,19107.0,1385.906695295725,0.7042253521126759,141,140,1,0,139,136,10225,2,0,0,2,4
2020-10-20,US,Iowa,Kossuth,428,0,0,43.20405458,-94.20691791,19109.0,2889.3539458583678,0.0,428,422,0,0,422,415,14908,6,0,0,6,7
2020-10-20,US,Iowa,Lee,881,9,0,40.64181461,-91.48183025,19111.0,2617.583266482455,1.021566401816118,872,871,9,0,862,868,34055,10,0,0,10,3
2020-10-20,US,Iowa,Linn,5114,127,0,42.07923082,-91.59809485,19113.0,2255.785025539685,2.48337895971842,4987,5047,126,0,4921,5020,225909,67,1,0,66,27
2020-10-20,US,Iowa,Louisa,494,15,0,41.21842119,-91.26102611,19115.0,4476.665156320798,3.0364372469635628,479,491,15,0,476,490,11169,3,0,0,3,1
2020-10-20,US,Iowa,Lucas,189,6,0,41.02958964,-93.32780803,19117.0,2197.6744186046512,3.1746031746031744,183,186,6,0,180,179,8645,3,0,0,3,7
2020-10-20,US,Iowa,Lyon,517,7,0,43.38107862,-96.20926845,19119.0,4398.128455976181,1.3539651837524178,510,514,7,0,507,511,11811,3,0,0,3,3
2020-10-20,US,Iowa,Madison,344,2,0,41.33081904,-94.01554631,19121.0,2105.5208715877093,0.5813953488372093,342,343,2,0,341,337,16249,1,0,0,1,6
2020-10-20,US,Iowa,Mahaska,637,23,0,41.33521503,-92.64083907,19123.0,2883.005204797465,3.6106750392464684,614,614,22,0,592,601,22000,23,1,0,22,13
2020-10-20,US,Iowa,Marion,935,10,0,41.33445101,-93.09934783,19125.0,2811.776381078399,1.0695187165775402,925,924,10,0,914,920,33407,11,0,0,11,4
2020-10-20,US,Iowa,Marshall,1937,36,0,42.03586837,-92.99908190000001,19127.0,4920.114811145825,1.8585441404233352,1901,1926,36,0,1890,1922,39981,11,0,0,11,4
2020-10-20,US,Iowa,Mills,339,1,0,41.03299766,-95.61920963,19129.0,2243.695810444106,0.2949852507374631,338,336,1,0,335,334,15063,3,0,0,3,2
2020-10-20,US,Iowa,Mitchell,236,0,0,43.35638371,-92.78887719,19131.0,2229.359531456641,0.0,236,230,0,0,230,227,10569,6,0,0,6,3
2020-10-20,US,Iowa,Monona,231,1,0,42.05220391,-95.95743843,19133.0,2681.369704004643,0.4329004329004329,230,228,1,0,227,226,8679,3,0,0,3,2
2020-10-20,US,Iowa,Monroe,245,11,0,41.02988815,-92.8690667,19135.0,3178.928247048138,4.489795918367347,234,238,11,0,227,237,7790,7,0,0,7,1
2020-10-20,US,Iowa,Montgomery,158,5,0,41.03018714,-95.15642896,19137.0,1593.2237571846326,3.1645569620253164,153,155,5,0,150,152,10003,3,0,0,3,3
2020-10-20,US,Iowa,Muscatine,1361,58,0,41.48370744,-91.11216970000001,19139.0,3190.043127695481,4.26157237325496,1303,1339,58,0,1281,1323,42929,22,0,0,22,16
2020-10-20,US,Iowa,O'Brien,582,14,0,43.08310673,-95.62474482,19141.0,4231.8039700429,2.405498281786941,568,579,11,0,568,569,13840,3,3,0,0,10
2020-10-20,US,Iowa,Osceola,248,0,0,43.37824276,-95.62422844,19143.0,4162.470627727425,0.0,248,248,0,0,248,245,6040,0,0,0,0,3
2020-10-20,US,Iowa,Page,362,0,0,40.7393172,-95.1497813,19145.0,2396.240153571192,0.0,362,347,0,0,347,345,15249,15,0,0,15,2
2020-10-20,US,Iowa,Palo Alto,291,2,0,43.08193849,-94.67824621,19147.0,3274.814314652262,0.6872852233676976,289,286,1,0,285,283,8929,5,1,0,4,3
2020-10-20,US,Iowa,Plymouth,1544,26,0,42.737633,-96.21366621,19149.0,6132.5813242244885,1.6839378238341969,1518,1539,25,0,1514,1533,25095,5,1,0,4,6
2020-10-20,US,Iowa,Pocahontas,211,2,0,42.73420133,-94.67862564,19151.0,3187.7927179332232,0.9478672985781992,209,209,2,0,207,203,6740,2,0,0,2,6
2020-10-20,US,Iowa,Polk,18087,283,0,41.68679484,-93.57767461,19153.0,3690.0120572628175,1.5646597003372589,17804,17984,282,0,17702,17906,487204,103,1,0,102,78
2020-10-20,US,Iowa,Pottawattamie,2998,44,0,41.33640314,-95.53907776,19155.0,3216.531124605712,1.467645096731154,2954,2956,44,0,2912,2940,93533,42,0,0,42,16
2020-10-20,US,Iowa,Poweshiek,430,11,0,41.68625425,-92.53155731,19157.0,2323.821876351059,2.5581395348837206,419,428,11,0,417,428,18699,2,0,0,2,0
2020-10-20,US,Iowa,Ringgold,82,2,0,40.73518949,-94.24368535,19159.0,1675.5210461789948,2.4390243902439024,80,82,2,0,80,80,4968,0,0,0,0,2
2020-10-20,US,Iowa,Sac,369,4,0,42.38624071,-95.10547892,19161.0,3795.905771011213,1.084010840108401,365,364,3,0,361,360,9719,5,1,0,4,4
2020-10-20,US,Iowa,Scott,4105,37,0,41.63935978,-90.61959493,19163.0,2373.6144278750808,0.9013398294762484,4068,4041,34,0,4007,4024,173283,64,3,0,61,17
2020-10-20,US,Iowa,Shelby,351,1,0,41.6850066,-95.31015553,19165.0,3064.431639601885,0.2849002849002849,350,344,1,0,343,341,11578,7,0,0,7,3
2020-10-20,US,Iowa,Sioux,2304,14,0,43.08221074,-96.17675679999999,19167.0,6610.242432936451,0.6076388888888888,2290,2297,12,0,2285,2282,34909,7,2,0,5,15
2020-10-20,US,Iowa,Story,3874,18,0,42.03621213,-93.46499005,19169.0,3989.00295519837,0.4646360351058338,3856,3853,17,0,3836,3832,98105,21,1,0,20,21
2020-10-20,US,Iowa,Tama,907,37,0,42.07991767,-92.53266945,19171.0,5381.511807286104,4.079382579933848,870,900,37,0,863,893,16904,7,0,0,7,7
2020-10-20,US,Iowa,Taylor,225,2,0,40.73710579,-94.69778563,19173.0,3675.869955889561,0.8888888888888888,223,220,2,0,218,220,6191,5,0,0,5,0
2020-10-20,US,Iowa,Unassigned,5,0,0,0.0,0.0,90019.0,0.0,0.0,5,19,0,0,19,25,,-14,0,0,-14,-6
2020-10-20,US,Iowa,Union,216,4,0,41.0277278,-94.24234847,19175.0,1764.5617188138226,1.851851851851852,212,209,4,0,205,208,12359,7,0,0,7,1
2020-10-20,US,Iowa,Van Buren,162,2,0,40.75326764,-91.95017958,19177.0,2299.8296422487224,1.2345679012345678,160,157,2,0,155,156,7020,5,0,0,5,1
2020-10-20,US,Iowa,Wapello,1475,62,0,41.03064984,-92.40954728,19179.0,4218.021676341903,4.203389830508475,1413,1471,62,0,1409,1470,35205,4,0,0,4,1
2020-10-20,US,Iowa,Warren,1159,6,0,41.33559454,-93.56007641,19181.0,2251.972175805386,0.5176876617773943,1153,1149,6,0,1143,1143,51056,10,0,0,10,6
2020-10-20,US,Iowa,Washington,611,11,0,41.33577126,-91.71725711,19183.0,2781.698156157524,1.8003273322422257,600,610,11,0,599,606,22141,1,0,0,1,4
2020-10-20,US,Iowa,Wayne,112,3,0,40.73969028,-93.32752197,19185.0,1738.8604253997823,2.6785714285714284,109,112,3,0,109,111,6401,0,0,0,0,1
2020-10-20,US,Iowa,Webster,1728,14,0,42.42853483,-94.17987389,19187.0,4812.8342245989315,0.8101851851851852,1714,1700,14,0,1686,1664,36277,28,0,0,28,36
2020-10-20,US,Iowa,Winnebago,445,17,0,43.37751174,-93.73407298,19189.0,4297.855901101024,3.820224719101124,428,437,16,0,421,419,10518,8,1,0,7,18
2020-10-20,US,Iowa,Winneshiek,447,9,0,43.29094334,-91.84422722,19191.0,2236.0062027912563,2.0134228187919465,438,433,9,0,424,429,20029,14,0,0,14,4
2020-10-20,US,Iowa,Woodbury,6853,92,0,42.38979414,-96.0459439,19193.0,6646.493448553443,1.342477746972129,6761,6820,88,0,6732,6787,102539,33,4,0,29,33
2020-10-20,US,Iowa,Worth,130,0,0,43.37750768,-93.26087602,19195.0,1761.2789594905842,0.0,130,127,0,0,127,126,7453,3,0,0,3,1
2020-10-20,US,Iowa,Wright,695,1,0,42.73305373,-93.73515113,19197.0,5532.5585097914345,0.14388489208633093,694,687,1,0,686,679,12690,8,0,0,8,8
2020-10-20,US,Kansas,Allen,112,1,0,37.88582951,-95.30030847,20001.0,905.489530277306,0.8928571428571429,111,104,1,0,103,104,12444,8,0,0,8,0
2020-10-20,US,Kansas,Anderson,167,0,0,38.21413251,-95.29272815,20003.0,2125.222702977857,0.0,167,137,0,0,137,114,7878,30,0,0,30,23
2020-10-20,US,Kansas,Atchison,500,5,0,39.53185661,-95.30870026,20005.0,3110.8069433210976,1.0,495,500,5,0,495,460,16193,0,0,0,0,40
2020-10-20,US,Kansas,Barber,27,0,0,37.2288586,-98.68460053,20007.0,609.8938332956857,0.0,27,27,0,0,27,26,4472,0,0,0,0,1
2020-10-20,US,Kansas,Barton,701,7,0,38.47889676,-98.75636726,20009.0,2719.267620931766,0.9985734664764622,694,701,7,0,694,676,26111,0,0,0,0,25
2020-10-20,US,Kansas,Bourbon,306,3,0,37.85508555,-94.84865997,20011.0,2105.4080088069354,0.9803921568627452,303,267,3,0,264,267,14653,39,0,0,39,0
2020-10-20,US,Kansas,Brown,193,5,0,39.82652589,-95.56421698,20013.0,2017.9841070681725,2.5906735751295336,188,182,5,0,177,182,9598,11,0,0,11,0
2020-10-20,US,Kansas,Butler,802,3,0,37.78134351,-96.83878537,20015.0,1198.6071049603204,0.3740648379052369,799,778,3,0,775,759,66765,24,0,0,24,19
2020-10-20,US,Kansas,Chase,90,2,0,38.30292938,-96.59563862,20017.0,3398.7915407854985,2.2222222222222223,88,90,2,0,88,90,2629,0,0,0,0,0
2020-10-20,US,Kansas,Chautauqua,21,0,0,37.14994405,-96.2454192,20019.0,646.1538461538463,0.0,21,21,0,0,21,21,3309,0,0,0,0,0
2020-10-20,US,Kansas,Cherokee,636,7,0,37.16928494,-94.8462897,20021.0,3189.7286724509754,1.1006289308176103,629,621,7,0,614,621,20015,15,0,0,15,0
2020-10-20,US,Kansas,Cheyenne,95,5,0,39.78580976,-101.7318201,20023.0,3575.4610462928113,5.2631578947368425,90,95,5,0,90,94,2660,0,0,0,0,1
2020-10-20,US,Kansas,Clark,60,1,0,37.23577007,-99.81883015,20025.0,3009.027081243731,1.6666666666666667,59,60,1,0,59,59,2005,0,0,0,0,1
2020-10-20,US,Kansas,Clay,78,2,0,39.34948772,-97.16518128,20027.0,974.7563109222694,2.5641025641025643,76,78,2,0,76,76,7997,0,0,0,0,2
2020-10-20,US,Kansas,Cloud,102,1,0,39.48028352,-97.64925343,20029.0,1160.93785567949,0.9803921568627452,101,102,1,0,101,97,8729,0,0,0,0,5
2020-10-20,US,Kansas,Coffey,148,9,0,38.2365018,-95.73379515,20031.0,1809.5121653013816,6.081081081081082,139,148,9,0,139,136,8233,0,0,0,0,12
2020-10-20,US,Kansas,Comanche,19,0,0,37.19114520000001,-99.27113247,20033.0,1117.6470588235297,0.0,19,19,0,0,19,19,1748,0,0,0,0,0
2020-10-20,US,Kansas,Cowley,480,10,0,37.23781842,-96.83776647,20035.0,1375.0429700928155,2.083333333333333,470,480,10,0,470,458,35218,0,0,0,0,22
2020-10-20,US,Kansas,Crawford,1226,10,0,37.50675523,-94.85245778,20037.0,3158.3286104384565,0.8156606851549756,1216,1226,10,0,1216,1226,39019,0,0,0,0,0
2020-10-20,US,Kansas,Decatur,64,1,0,39.78468441,-100.45940809999999,20039.0,2263.883975946233,1.5625,63,64,1,0,63,45,2871,0,0,0,0,19
2020-10-20,US,Kansas,Dickinson,275,3,0,38.86600962,-97.15532383,20041.0,1489.22343766923,1.0909090909090908,272,275,3,0,272,267,18717,0,0,0,0,8
2020-10-20,US,Kansas,Doniphan,190,0,0,39.79067154,-95.14056866,20043.0,2500.0,0.0,190,159,0,0,159,153,7682,31,0,0,31,6
2020-10-20,US,Kansas,Douglas,2756,17,0,38.88503636,-95.2925121,20045.0,2254.230772376676,0.6168359941944848,2739,2743,15,0,2728,2692,121436,13,2,0,11,51
2020-10-20,US,Kansas,Edwards,61,0,0,37.88735543,-99.31263309,20047.0,2180.1286633309505,0.0,61,61,0,0,61,60,2849,0,0,0,0,1
2020-10-20,US,Kansas,Elk,13,0,0,37.45338105,-96.24369667,20049.0,513.8339920948616,0.0,13,13,0,0,13,13,2508,0,0,0,0,0
2020-10-20,US,Kansas,Ellis,1306,16,0,38.91458712,-99.31751551,20051.0,4573.950197877632,1.2251148545176107,1290,1306,16,0,1290,1277,28710,0,0,0,0,29
2020-10-20,US,Kansas,Ellsworth,167,0,0,38.69677695,-98.20462799,20053.0,2736.807604064241,0.0,167,167,0,0,167,142,6196,0,0,0,0,25
2020-10-20,US,Kansas,Finney,2714,16,0,38.04340344,-100.73819379999999,20055.0,7442.345133956728,0.5895357406042742,2698,2676,16,0,2660,2567,36611,38,0,0,38,109
2020-10-20,US,Kansas,Ford,3134,13,0,37.69200114,-99.88825298,20057.0,9322.109521401588,0.4148053605615826,3121,3134,13,0,3121,3108,33888,0,0,0,0,26
2020-10-20,US,Kansas,Franklin,495,3,0,38.56443815,-95.28644341,20059.0,1937.832759160664,0.6060606060606061,492,495,3,0,492,484,25631,0,0,0,0,11
2020-10-20,US,Kansas,Geary,369,4,0,38.99871131,-96.7577178,20061.0,1165.1405115251025,1.084010840108401,365,369,4,0,365,357,32594,0,0,0,0,12
2020-10-20,US,Kansas,Gove,148,9,0,38.91588178,-100.4829321,20063.0,5614.567526555387,6.081081081081082,139,148,9,0,139,148,2612,0,0,0,0,0
2020-10-20,US,Kansas,Graham,56,1,0,39.34987223,-99.88332493,20065.0,2256.2449637389204,1.7857142857142858,55,56,1,0,55,56,2492,0,0,0,0,0
2020-10-20,US,Kansas,Grant,400,8,0,37.56227336,-101.3079758,20067.0,5594.4055944055945,2.0,392,398,8,0,390,392,7336,2,0,0,2,6
2020-10-20,US,Kansas,Gray,197,0,0,37.73836671,-100.4369088,20069.0,3289.9131596526386,0.0,197,181,0,0,181,181,6033,16,0,0,16,0
2020-10-20,US,Kansas,Greeley,22,0,0,38.4808095,-101.8061079,20071.0,1785.7142857142858,0.0,22,22,0,0,22,22,1227,0,0,0,0,0
2020-10-20,US,Kansas,Greenwood,75,0,0,37.8774388,-96.23250453,20073.0,1253.7612838515547,0.0,75,75,0,0,75,71,6055,0,0,0,0,4
2020-10-20,US,Kansas,Hamilton,55,0,0,37.99978709,-101.7921066,20075.0,2166.2071681764473,0.0,55,55,0,0,55,51,2607,0,0,0,0,4
2020-10-20,US,Kansas,Harper,140,2,0,37.19175361,-98.07578384,20077.0,2575.42310522443,1.4285714285714286,138,140,2,0,138,133,5506,0,0,0,0,7
2020-10-20,US,Kansas,Harvey,484,7,0,38.04293782,-97.42747573,20079.0,1405.7916291498443,1.4462809917355373,477,484,7,0,477,466,34210,0,0,0,0,18
2020-10-20,US,Kansas,Haskell,103,1,0,37.562039399999996,-100.8710738,20081.0,2595.766129032258,0.9708737864077671,102,103,1,0,102,103,3997,0,0,0,0,0
2020-10-20,US,Kansas,Hodgeman,32,0,0,38.08780079,-99.89829881,20083.0,1783.7235228539575,0.0,32,32,0,0,32,30,1818,0,0,0,0,2
2020-10-20,US,Kansas,Jackson,285,4,0,39.41673394,-95.79356799,20085.0,2163.8448105686734,1.4035087719298245,281,285,4,0,281,285,13280,0,0,0,0,0
2020-10-20,US,Kansas,Jefferson,256,4,0,39.2347941,-95.38289232,20087.0,1344.3259990547708,1.5625,252,256,4,0,252,248,18975,0,0,0,0,8
2020-10-20,US,Kansas,Jewell,21,1,0,39.78470589,-98.21820662,20089.0,729.4199374782913,4.761904761904762,20,21,1,0,20,21,2841,0,0,0,0,0
2020-10-20,US,Kansas,Johnson,13154,178,0,38.88548175,-94.82250877,20091.0,2183.595312756785,1.3532005473620192,12976,13071,173,0,12898,13009,597555,83,5,0,78,62
2020-10-20,US,Kansas,Kearny,131,3,0,38.00017981,-101.32168100000001,20093.0,3413.23606044815,2.2900763358778624,128,131,3,0,128,128,3943,0,0,0,0,3
2020-10-20,US,Kansas,Kingman,109,3,0,37.55909527,-98.13638678,20095.0,1524.0492170022376,2.7522935779816518,106,109,3,0,106,107,7310,0,0,0,0,2
2020-10-20,US,Kansas,Kiowa,43,0,0,37.55848695,-99.2856537,20097.0,1737.3737373737374,0.0,43,43,0,0,43,43,2516,0,0,0,0,0
2020-10-20,US,Kansas,Labette,340,5,0,37.19113093,-95.29849679,20099.0,1733.1022530329294,1.4705882352941178,335,340,5,0,335,330,19964,0,0,0,0,10
2020-10-20,US,Kansas,Lane,17,0,0,38.48119447,-100.46607540000001,20101.0,1107.4918566775243,0.0,17,17,0,0,17,17,1560,0,0,0,0,0
2020-10-20,US,Kansas,Leavenworth,2471,17,0,39.20183497,-95.03620809,20103.0,3022.334205826953,0.6879805746661272,2454,2471,17,0,2454,2424,81352,0,0,0,0,47
2020-10-20,US,Kansas,Lincoln,17,1,0,39.04549684,-98.20756994,20105.0,573.9365293720459,5.882352941176472,16,17,1,0,16,15,3023,0,0,0,0,2
2020-10-20,US,Kansas,Linn,109,1,0,38.21267844,-94.84254089,20107.0,1123.3639080696692,0.9174311926605504,108,109,1,0,108,109,9750,0,0,0,0,0
2020-10-20,US,Kansas,Logan,68,0,0,38.91735806,-101.148475,20109.0,2433.78668575519,0.0,68,68,0,0,68,68,2844,0,0,0,0,0
2020-10-20,US,Kansas,Lyon,1263,39,0,38.45576156,-96.15275715,20111.0,3804.7898779936736,3.0878859857482186,1224,1256,39,0,1217,1243,33406,7,0,0,7,13
2020-10-20,US,Kansas,Marion,114,1,0,38.35855394,-97.09852509999999,20115.0,959.2729720632783,0.8771929824561403,113,114,1,0,113,103,11950,0,0,0,0,11
2020-10-20,US,Kansas,Marshall,64,0,0,39.78359669,-96.52278974,20117.0,659.3180179252088,0.0,64,64,0,0,64,59,9722,0,0,0,0,5
2020-10-20,US,Kansas,McPherson,359,5,0,38.39184858,-97.64769869,20113.0,1257.7955293952768,1.3927576601671308,354,338,5,0,333,338,28537,21,0,0,21,0
2020-10-20,US,Kansas,Meade,140,1,0,37.23859987,-100.36483100000001,20119.0,3471.3612695264073,0.7142857142857143,139,140,1,0,139,140,4146,0,0,0,0,0
2020-10-20,US,Kansas,Miami,477,2,0,38.56383358,-94.83832189,20121.0,1393.2295469813364,0.4192872117400419,475,477,2,0,475,474,33680,0,0,0,0,3
2020-10-20,US,Kansas,Mitchell,59,0,0,39.39331582,-98.20906732,20123.0,986.7870881418297,0.0,59,59,0,0,59,57,6150,0,0,0,0,2
2020-10-20,US,Kansas,Montgomery,631,6,0,37.19236568,-95.74329258,20125.0,1982.4688177448238,0.9508716323296356,625,631,6,0,625,612,32120,0,0,0,0,19
2020-10-20,US,Kansas,Morris,51,0,0,38.68827511,-96.65128437,20127.0,907.473309608541,0.0,51,51,0,0,51,49,5521,0,0,0,0,2
2020-10-20,US,Kansas,Morton,39,2,0,37.19141121,-101.79925190000002,20129.0,1507.537688442211,5.128205128205129,37,39,2,0,37,32,2667,0,0,0,0,7
2020-10-20,US,Kansas,Nemaha,258,1,0,39.78345387,-96.01392079,20131.0,2521.7476297527123,0.3875968992248062,257,215,1,0,214,215,10155,43,0,0,43,0
2020-10-20,US,Kansas,Neosho,212,0,0,37.55862897,-95.30670046,20133.0,1324.420566002374,0.0,212,212,0,0,212,206,15951,0,0,0,0,6
2020-10-20,US,Kansas,Ness,107,8,0,38.47974157,-99.91547333,20135.0,3890.909090909091,7.4766355140186915,99,107,8,0,99,107,2840,0,0,0,0,0
2020-10-20,US,Kansas,Norton,336,1,0,39.78443827,-99.90286639,20137.0,6267.487409065472,0.2976190476190476,335,336,1,0,335,252,5430,0,0,0,0,84
2020-10-20,US,Kansas,Osage,147,2,0,38.65235984,-95.72707998,20139.0,921.6878801178757,1.3605442176870748,145,147,2,0,145,142,15941,0,0,0,0,5
2020-10-20,US,Kansas,Osborne,21,0,0,39.3503437,-98.76753828,20141.0,613.8555977784274,0.0,21,21,0,0,21,21,3475,0,0,0,0,0
2020-10-20,US,Kansas,Ottawa,108,0,0,39.13237408,-97.65020313,20143.0,1893.4081346423568,0.0,108,108,0,0,108,104,5802,0,0,0,0,4
2020-10-20,US,Kansas,Pawnee,413,1,0,38.18108732,-99.23692334,20145.0,6439.0396008730895,0.2421307506053269,412,413,1,0,412,406,6562,0,0,0,0,7
2020-10-20,US,Kansas,Phillips,160,9,0,39.78465501,-99.34668865,20147.0,3056.935422239205,5.625,151,164,9,0,155,151,5317,-4,0,0,-4,13
2020-10-20,US,Kansas,Pottawatomie,350,0,0,39.37925655,-96.34564657,20149.0,1435.4263216175204,0.0,350,350,0,0,350,350,24277,0,0,0,0,0
2020-10-20,US,Kansas,Pratt,104,0,0,37.64780729,-98.73922153,20151.0,1134.8756001745962,0.0,104,104,0,0,104,101,9378,0,0,0,0,3
2020-10-20,US,Kansas,Rawlins,75,0,0,39.78525843,-101.07616170000001,20153.0,2964.426877470355,0.0,75,75,0,0,75,67,2508,0,0,0,0,8
2020-10-20,US,Kansas,Reno,1851,12,0,37.95230263,-98.08607292,20155.0,2985.580180005806,0.6482982171799028,1839,1837,11,0,1826,1732,62342,14,1,0,13,105
2020-10-20,US,Kansas,Republic,74,1,0,39.82799632,-97.65036709,20157.0,1596.2036238136325,1.351351351351351,73,74,1,0,73,71,4664,0,0,0,0,3
2020-10-20,US,Kansas,Rice,123,1,0,38.34616184,-98.19992118,20159.0,1289.7137464611512,0.8130081300813008,122,123,1,0,122,117,9531,0,0,0,0,6
2020-10-20,US,Kansas,Riley,2057,11,0,39.28935726,-96.73420026,20161.0,2771.0421381614397,0.5347593582887701,2046,2057,11,0,2046,2047,73703,0,0,0,0,10
2020-10-20,US,Kansas,Rooks,141,7,0,39.35022773,-99.32484567,20163.0,2865.853658536585,4.964539007092198,134,141,7,0,134,131,5013,0,0,0,0,10
2020-10-20,US,Kansas,Rush,98,0,0,38.52275276,-99.30863983,20165.0,3227.931488801054,0.0,98,98,0,0,98,93,3093,0,0,0,0,5
2020-10-20,US,Kansas,Russell,161,4,0,38.91462787,-98.76254297,20167.0,2348.3080513418904,2.4844720496894412,157,161,4,0,157,158,6907,0,0,0,0,3
2020-10-20,US,Kansas,Saline,992,13,0,38.78369175,-97.65185177,20169.0,1829.4482148126287,1.310483870967742,979,992,13,0,979,953,54401,0,0,0,0,39
2020-10-20,US,Kansas,Scott,164,1,0,38.48222076,-100.90665390000001,20171.0,3400.3732116939673,0.6097560975609756,163,164,1,0,163,164,4897,0,0,0,0,0
2020-10-20,US,Kansas,Sedgwick,10221,121,0,37.6842718,-97.4608198,20173.0,1980.6527375678727,1.1838371979258389,10100,10113,121,0,9992,10008,513607,108,0,0,108,105
2020-10-20,US,Kansas,Seward,2031,7,0,37.19324632,-100.85072009999999,20175.0,9478.252753406758,0.34465780403742,2024,1978,7,0,1971,1978,21780,53,0,0,53,0
2020-10-20,US,Kansas,Shawnee,3277,77,0,39.04100763,-95.75572640000001,20177.0,1852.7208480565369,2.349710100701861,3200,3252,73,0,3179,3175,177499,25,4,0,21,77
2020-10-20,US,Kansas,Sheridan,128,0,0,39.35018161,-100.44182590000001,20179.0,5077.350257834193,0.0,128,128,0,0,128,101,2533,0,0,0,0,27
2020-10-20,US,Kansas,Sherman,145,0,0,39.35147699,-101.71976240000001,20181.0,2450.566165286463,0.0,145,145,0,0,145,130,5899,0,0,0,0,15
2020-10-20,US,Kansas,Smith,19,0,0,39.78516566,-98.78566062,20183.0,530.2818866871337,0.0,19,19,0,0,19,19,3603,0,0,0,0,0
2020-10-20,US,Kansas,Stafford,66,1,0,38.03100851,-98.71762001,20185.0,1588.0654475457168,1.5151515151515151,65,66,1,0,65,65,4178,0,0,0,0,1
2020-10-20,US,Kansas,Stanton,48,2,0,37.56304714,-101.78435340000001,20187.0,2392.8215353938185,4.166666666666667,46,48,2,0,46,48,1987,0,0,0,0,0
2020-10-20,US,Kansas,Stevens,207,1,0,37.1923008,-101.3118967,20189.0,3773.928896991796,0.4830917874396135,206,207,1,0,206,201,5559,0,0,0,0,6
2020-10-20,US,Kansas,Sumner,244,3,0,37.23682549,-97.47721621,20191.0,1068.488351725346,1.2295081967213115,241,244,3,0,241,232,22996,0,0,0,0,12
2020-10-20,US,Kansas,Thomas,282,2,0,39.35107575,-101.0553705,20193.0,3626.076893403626,0.7092198581560284,280,278,2,0,276,262,7711,4,0,0,4,16
2020-10-20,US,Kansas,Trego,74,3,0,38.91467218,-99.87284448,20195.0,2640.0285408490904,4.0540540540540535,71,74,3,0,71,74,2793,0,0,0,0,0
2020-10-20,US,Kansas,Wabaunsee,81,1,0,38.95471985,-96.20350509,20197.0,1168.6625306593564,1.2345679012345678,80,81,1,0,80,76,6899,0,0,0,0,5
2020-10-20,US,Kansas,Wallace,28,0,0,38.91686134,-101.76388759999999,20199.0,1844.532279314888,0.0,28,28,0,0,28,27,1503,0,0,0,0,1
2020-10-20,US,Kansas,Washington,29,0,0,39.78420784,-97.08753229999999,20201.0,536.440991490936,0.0,29,29,0,0,29,27,5420,0,0,0,0,2
2020-10-20,US,Kansas,Wichita,21,0,0,38.48178252,-101.3471509,20203.0,991.0335063709296,0.0,21,21,0,0,21,16,2105,0,0,0,0,5
2020-10-20,US,Kansas,Wilson,106,2,0,37.55937174,-95.74323255,20205.0,1243.4017595307919,1.8867924528301887,104,106,2,0,104,104,8665,0,0,0,0,2
2020-10-20,US,Kansas,Woodson,27,0,0,37.8865336,-95.74006277,20207.0,860.4206500956022,0.0,27,26,0,0,26,26,3183,1,0,0,1,0
2020-10-20,US,Kansas,Wyandotte,7956,158,0,39.11727348,-94.76378225,20209.0,4809.31396550786,1.9859225741578683,7798,7916,145,0,7771,7897,165324,40,13,0,27,19
2020-10-20,US,Kentucky,Adair,451,20,0,37.10459774,-85.28129668,21001.0,2348.713675658785,4.434589800443459,431,446,20,0,426,442,19215,5,0,0,5,4
2020-10-20,US,Kentucky,Allen,489,9,0,36.75197631,-86.19457544,21003.0,2294.1590429275157,1.8404907975460123,480,474,9,0,465,470,21122,15,0,0,15,4
2020-10-20,US,Kentucky,Anderson,225,1,0,38.00671029,-84.99171713,21005.0,989.1414252428892,0.4444444444444444,224,224,1,0,223,223,22663,1,0,0,1,1
2020-10-20,US,Kentucky,Ballard,68,1,0,37.05842757,-88.99427697,21007.0,862.0689655172414,1.4705882352941178,67,68,1,0,67,66,7979,0,0,0,0,2
2020-10-20,US,Kentucky,Barren,988,13,0,36.96469836,-85.93338945,21009.0,2232.818820764311,1.3157894736842106,975,970,13,0,957,961,44176,18,0,0,18,9
2020-10-20,US,Kentucky,Bath,104,1,0,38.14735938,-83.74588932,21011.0,832.0,0.9615384615384616,103,103,1,0,102,103,12383,1,0,0,1,0
2020-10-20,US,Kentucky,Bell,623,17,0,36.73355174,-83.67766671,21013.0,2393.2083589428394,2.7287319422150884,606,606,16,0,590,601,26569,17,1,0,16,5
2020-10-20,US,Kentucky,Boone,1941,25,0,38.97065142,-84.72615357,21015.0,1453.0509578458013,1.2879958784131889,1916,1906,25,0,1881,1896,131533,35,0,0,35,10
2020-10-20,US,Kentucky,Bourbon,284,1,0,38.2054607,-84.21827874,21017.0,1435.2132605619568,0.35211267605633795,283,281,1,0,280,276,20184,3,0,0,3,5
2020-10-20,US,Kentucky,Boyd,600,19,0,38.36176608,-82.68652187,21019.0,1284.3015540048802,3.1666666666666665,581,595,18,0,577,589,47240,5,1,0,4,6
2020-10-20,US,Kentucky,Boyle,406,0,0,37.62680923,-84.8633779,21021.0,1350.6320691949436,0.0,406,401,0,0,401,394,30100,5,0,0,5,7
2020-10-20,US,Kentucky,Bracken,52,1,0,38.69158994,-84.08532444,21023.0,626.2796579549563,1.9230769230769231,51,53,1,0,52,51,8239,-1,0,0,-1,2
2020-10-20,US,Kentucky,Breathitt,112,0,0,37.52333168,-83.31959161,21025.0,886.7775138558986,0.0,112,108,0,0,108,108,12726,4,0,0,4,0
2020-10-20,US,Kentucky,Breckinridge,177,2,0,37.77377239,-86.42885017,21027.0,864.3844313131807,1.1299435028248588,175,176,2,0,174,175,20388,1,0,0,1,1
2020-10-20,US,Kentucky,Bullitt,1256,14,0,37.97162523,-85.68955617,21029.0,1537.7834369949558,1.1146496815286624,1242,1224,14,0,1210,1212,81069,32,0,0,32,12
2020-10-20,US,Kentucky,Butler,393,16,0,37.20946153,-86.68748787,21031.0,3051.479152108083,4.0712468193384215,377,390,16,0,374,390,12772,3,0,0,3,0
2020-10-20,US,Kentucky,Caldwell,239,0,0,37.14749129,-87.86948214,21033.0,1874.950968855417,0.0,239,237,0,0,237,237,12715,2,0,0,2,0
2020-10-20,US,Kentucky,Calloway,857,9,0,36.62093411,-88.2731593,21035.0,2197.379554370401,1.0501750291715286,848,849,9,0,840,847,39135,8,0,0,8,2
2020-10-20,US,Kentucky,Campbell,1085,16,0,38.94384345,-84.37875208,21037.0,1159.3862198666436,1.4746543778801844,1069,1077,16,0,1061,1070,93152,8,0,0,8,7
2020-10-20,US,Kentucky,Carlisle,101,1,0,36.85372876,-88.96692220000001,21039.0,2121.848739495799,0.99009900990099,100,99,1,0,98,98,4771,2,0,0,2,1
2020-10-20,US,Kentucky,Carroll,212,5,0,38.66599534,-85.12601074,21041.0,1994.1679992474842,2.358490566037736,207,211,5,0,206,211,10737,1,0,0,1,0
2020-10-20,US,Kentucky,Carter,303,4,0,38.31690743,-83.05092385,21043.0,1130.723588461395,1.32013201320132,299,298,4,0,294,292,27004,5,0,0,5,6
2020-10-20,US,Kentucky,Casey,304,15,0,37.32533118,-84.92726209,21045.0,1881.3045361717925,4.934210526315789,289,297,15,0,282,292,15888,7,0,0,7,5
2020-10-20,US,Kentucky,Christian,1735,26,0,36.89267803,-87.49055367,21047.0,2462.3550616653188,1.4985590778097984,1709,1700,26,0,1674,1699,71671,35,0,0,35,1
2020-10-20,US,Kentucky,Clark,452,10,0,37.9689263,-84.14615986,21049.0,1246.4495491272094,2.2123893805309733,442,445,10,0,435,441,36249,7,0,0,7,4
2020-10-20,US,Kentucky,Clay,444,6,0,37.16451126,-83.712575,21051.0,2231.0436661474296,1.351351351351351,438,434,6,0,428,430,20105,10,0,0,10,4
2020-10-20,US,Kentucky,Clinton,208,2,0,36.72581156,-85.13377529,21053.0,2035.623409669211,0.9615384615384616,206,198,2,0,196,193,10206,10,0,0,10,5
2020-10-20,US,Kentucky,Crittenden,153,1,0,37.35839237,-88.08826090000002,21055.0,1737.4517374517375,0.6535947712418301,152,150,1,0,149,147,8915,3,0,0,3,3
2020-10-20,US,Kentucky,Cumberland,125,0,0,36.78926125,-85.39050034,21057.0,1889.9304505594198,0.0,125,125,0,0,125,122,6659,0,0,0,0,3
2020-10-20,US,Kentucky,Daviess,1822,26,0,37.73028906,-87.09019479999998,21059.0,1794.8793726788226,1.4270032930845225,1796,1803,25,0,1778,1795,101104,19,1,0,18,8
2020-10-20,US,Kentucky,Edmonson,163,12,0,37.21218923,-86.23955613,21061.0,1341.5637860082304,7.361963190184048,151,160,12,0,148,160,12274,3,0,0,3,0
2020-10-20,US,Kentucky,Elliott,62,0,0,38.11624059,-83.09771563,21063.0,824.7971265132367,0.0,62,62,0,0,62,62,7508,0,0,0,0,0
2020-10-20,US,Kentucky,Estill,251,0,0,37.69241417,-83.95956369,21065.0,1779.38465901035,0.0,251,247,0,0,247,244,14198,4,0,0,4,3
2020-10-20,US,Kentucky,Fayette,10016,85,0,38.0368225,-84.45576892,21067.0,3099.4702183492604,0.8486421725239617,9931,9977,83,0,9894,9887,323780,39,2,0,37,90
2020-10-20,US,Kentucky,Fleming,143,0,0,38.36758311,-83.69657514,21069.0,980.7283451066456,0.0,143,124,0,0,124,122,14432,19,0,0,19,2
2020-10-20,US,Kentucky,Floyd,298,4,0,37.56213922,-82.74750924,21071.0,837.337379527382,1.342281879194631,294,286,4,0,282,279,35845,12,0,0,12,7
2020-10-20,US,Kentucky,Franklin,800,14,0,38.2379395,-84.87962551,21073.0,1568.9043164480006,1.75,786,789,14,0,775,789,50815,11,0,0,11,0
2020-10-20,US,Kentucky,Fulton,217,3,0,36.55238827,-89.20140068,21075.0,3635.4498240911375,1.3824884792626728,214,214,3,0,211,214,6120,3,0,0,3,0
2020-10-20,US,Kentucky,Gallatin,117,8,0,38.75398691,-84.8558382,21077.0,1319.201713834705,6.837606837606838,109,113,8,0,105,113,8832,4,0,0,4,0
2020-10-20,US,Kentucky,Garrard,258,3,0,37.638866799999995,-84.53289319,21079.0,1460.4324691497793,1.162790697674419,255,252,3,0,249,244,17560,6,0,0,6,8
2020-10-20,US,Kentucky,Grant,220,6,0,38.64962758,-84.62415957,21081.0,877.577885037297,2.727272727272727,214,217,6,0,211,215,25121,3,0,0,3,2
2020-10-20,US,Kentucky,Graves,849,29,0,36.72292505,-88.65143315,21083.0,2278.21606826598,3.415783274440518,820,847,29,0,818,844,37317,2,0,0,2,3
2020-10-20,US,Kentucky,Grayson,466,15,0,37.46231118,-86.34248968,21085.0,1763.3480909675711,3.218884120171674,451,462,15,0,447,459,26321,4,0,0,4,3
2020-10-20,US,Kentucky,Green,316,8,0,37.26484328,-85.5540745,21087.0,2888.218627182159,2.5316455696202533,308,311,8,0,303,311,11049,5,0,0,5,0
2020-10-20,US,Kentucky,Greenup,568,8,0,38.54332505,-82.9215658,21089.0,1618.3258305316544,1.4084507042253518,560,564,8,0,556,559,35268,4,0,0,4,5
2020-10-20,US,Kentucky,Hancock,120,1,0,37.83766422,-86.78280584,21091.0,1375.831231368952,0.8333333333333334,119,115,1,0,114,115,8758,5,0,0,5,0
2020-10-20,US,Kentucky,Hardin,1711,12,0,37.6976111,-85.96319251,21093.0,1542.0249103264298,0.701344243132671,1699,1693,12,0,1681,1690,110356,18,0,0,18,3
2020-10-20,US,Kentucky,Harlan,566,13,0,36.85699301,-83.21899516,21095.0,2176.086120722799,2.2968197879858656,553,562,13,0,549,560,26409,4,0,0,4,2
2020-10-20,US,Kentucky,Harrison,247,1,0,38.44188174,-84.32869741,21097.0,1307.8470824949698,0.4048582995951417,246,244,1,0,243,241,18778,3,0,0,3,3
2020-10-20,US,Kentucky,Hart,288,1,0,37.29943898,-85.88461055,21099.0,1513.0023640661939,0.3472222222222222,287,283,1,0,282,267,18906,5,0,0,5,16
2020-10-20,US,Kentucky,Henderson,1222,18,0,37.79344553,-87.57392021,21101.0,2702.941827029418,1.4729950900163666,1204,1207,18,0,1189,1192,45591,15,0,0,15,15
2020-10-20,US,Kentucky,Henry,239,2,0,38.44942688,-85.11587507,21103.0,1482.0786307825872,0.8368200836820083,237,235,2,0,233,233,16106,4,0,0,4,2
2020-10-20,US,Kentucky,Hickman,103,1,0,36.67948079999999,-88.97875928,21105.0,2351.5981735159817,0.9708737864077671,102,98,1,0,97,97,4421,5,0,0,5,1
2020-10-20,US,Kentucky,Hopkins,928,42,0,37.30939025,-87.54670406,21107.0,2076.7130644944727,4.525862068965517,886,916,41,0,875,910,45068,12,1,0,11,6
2020-10-20,US,Kentucky,Jackson,422,17,0,37.41866422,-83.99825483,21109.0,3166.028959411809,4.028436018957346,405,419,17,0,402,418,13442,3,0,0,3,1
2020-10-20,US,Kentucky,Jefferson,19842,333,0,38.18664655,-85.65931031,21111.0,2587.782048289093,1.6782582400967645,19509,19528,329,0,19199,19360,770517,314,4,0,310,168
2020-10-20,US,Kentucky,Jessamine,872,6,0,37.87119786,-84.58252003,21113.0,1611.3831654809203,0.6880733944954128,866,856,2,0,854,842,53920,16,4,0,12,14
2020-10-20,US,Kentucky,Johnson,260,2,0,37.85106355,-82.8264322,21115.0,1171.8045790517394,0.7692307692307693,258,246,2,0,244,237,22386,14,0,0,14,9
2020-10-20,US,Kentucky,Kenton,2407,49,0,38.93950319,-84.53241199,21117.0,1441.3346267619975,2.035729123390112,2358,2379,49,0,2330,2371,166051,28,0,0,28,8
2020-10-20,US,Kentucky,Knott,303,2,0,37.35388197,-82.94981134,21119.0,2046.4676482507086,0.6600660066006601,301,295,2,0,293,291,15126,8,0,0,8,4
2020-10-20,US,Kentucky,Knox,739,9,0,36.89225732,-83.85403396,21121.0,2372.772515652593,1.2178619756427604,730,731,9,0,722,729,31304,8,0,0,8,2
2020-10-20,US,Kentucky,Larue,220,1,0,37.54567114,-85.70138352,21123.0,1527.9899986109185,0.4545454545454545,219,215,1,0,214,216,14307,5,0,0,5,-1
2020-10-20,US,Kentucky,Laurel,1272,7,0,37.10975748,-84.11321779,21125.0,2091.658033644122,0.5503144654088051,1265,1227,7,0,1220,1226,60669,45,0,0,45,1
2020-10-20,US,Kentucky,Lawrence,126,0,0,38.07136018,-82.72882223,21127.0,822.6153946595286,0.0,126,119,0,0,119,119,15571,7,0,0,7,0
2020-10-20,US,Kentucky,Lee,46,0,0,37.59645942,-83.71513901,21129.0,621.3697149804134,0.0,46,41,0,0,41,39,7033,5,0,0,5,2
2020-10-20,US,Kentucky,Leslie,120,0,0,37.09246661,-83.37999606,21131.0,1214.9438088488407,0.0,120,118,0,0,118,116,10143,2,0,0,2,2
2020-10-20,US,Kentucky,Letcher,286,2,0,37.12306748,-82.85346474,21133.0,1326.9614438825222,0.6993006993006993,284,283,2,0,281,283,21899,3,0,0,3,0
2020-10-20,US,Kentucky,Lewis,264,15,0,38.53184419,-83.37735618,21135.0,1988.7005649717514,5.6818181818181825,249,262,15,0,247,261,13257,2,0,0,2,1
2020-10-20,US,Kentucky,Lincoln,283,18,0,37.45475628,-84.6565327,21137.0,1152.7964479204854,6.36042402826855,265,276,18,0,258,274,24644,7,0,0,7,2
2020-10-20,US,Kentucky,Livingston,121,1,0,37.21137452,-88.34797529,21139.0,1316.0757015444856,0.8264462809917356,120,119,1,0,118,118,9242,2,0,0,2,1
2020-10-20,US,Kentucky,Logan,699,30,0,36.85949479,-86.877635,21141.0,2579.145450520257,4.291845493562231,669,691,30,0,661,687,26989,8,0,0,8,4
2020-10-20,US,Kentucky,Lyon,98,4,0,37.02080035,-88.07886257,21143.0,1193.6662606577345,4.081632653061225,94,96,4,0,92,94,8009,2,0,0,2,2
2020-10-20,US,Kentucky,Madison,2186,11,0,37.71659336,-84.27220275,21151.0,2350.866250120985,0.5032021957913998,2175,2163,11,0,2152,2158,92368,23,0,0,23,5
2020-10-20,US,Kentucky,Magoffin,143,0,0,37.70820545,-83.0657714,21153.0,1175.8901406134364,0.0,143,132,0,0,132,131,12362,11,0,0,11,1
2020-10-20,US,Kentucky,Marion,345,9,0,37.55218078,-85.26898542,21155.0,1790.0690084574273,2.608695652173913,336,339,9,0,330,337,19404,6,0,0,6,2
2020-10-20,US,Kentucky,Marshall,429,6,0,36.88007070000001,-88.32803576,21157.0,1379.4212218649518,1.3986013986013983,423,421,5,0,416,415,31191,8,1,0,7,6
2020-10-20,US,Kentucky,Martin,143,3,0,37.79990579,-82.51247478,21159.0,1277.3559624832515,2.097902097902098,140,129,3,0,126,123,11323,14,0,0,14,6
2020-10-20,US,Kentucky,Mason,158,2,0,38.59471935,-83.82151043,21161.0,925.6004686584653,1.2658227848101269,156,150,2,0,148,149,17150,8,0,0,8,1
2020-10-20,US,Kentucky,McCracken,977,11,0,37.05350953,-88.70445755,21145.0,1493.4727445045705,1.1258955987717505,966,976,11,0,965,968,65346,1,0,0,1,8
2020-10-20,US,Kentucky,McCreary,241,1,0,36.73874143,-84.48102924,21147.0,1398.6419824734494,0.4149377593360996,240,240,1,0,239,240,17408,1,0,0,1,0
2020-10-20,US,Kentucky,McLean,145,3,0,37.5301951,-87.26803443,21149.0,1574.8886716628656,2.0689655172413794,142,135,3,0,132,134,9252,10,0,0,10,1
2020-10-20,US,Kentucky,Meade,324,3,0,37.96163597,-86.21028219,21163.0,1133.977320453591,0.925925925925926,321,317,3,0,314,313,28715,7,0,0,7,4
2020-10-20,US,Kentucky,Menifee,76,1,0,37.94090733,-83.59985712,21165.0,1171.2128216982585,1.3157894736842106,75,76,1,0,75,76,6451,0,0,0,0,0
2020-10-20,US,Kentucky,Mercer,324,6,0,37.81474237,-84.87488475,21167.0,1477.2260976610587,1.851851851851852,318,319,6,0,313,319,21774,5,0,0,5,0
2020-10-20,US,Kentucky,Metcalfe,167,2,0,36.99459295,-85.63123699,21169.0,1658.2265912024625,1.1976047904191616,165,166,2,0,164,165,10030,1,0,0,1,1
2020-10-20,US,Kentucky,Monroe,255,4,0,36.71225341,-85.71596443,21171.0,2394.3661971830984,1.568627450980392,251,251,4,0,247,249,10718,4,0,0,4,2
2020-10-20,US,Kentucky,Montgomery,385,4,0,38.03253032,-83.9145241,21173.0,1367.3331675959794,1.0389610389610389,381,375,4,0,371,374,28203,10,0,0,10,1
2020-10-20,US,Kentucky,Morgan,104,0,0,37.92465657,-83.25558245,21175.0,781.4261026373131,0.0,104,101,0,0,101,100,13345,3,0,0,3,1
2020-10-20,US,Kentucky,Muhlenberg,925,13,0,37.21425819,-87.14632053,21177.0,3020.7040689700216,1.4054054054054057,912,921,12,0,909,916,30774,4,1,0,3,5
2020-10-20,US,Kentucky,Nelson,717,4,0,37.80335779,-85.4657193,21179.0,1550.8403088702871,0.5578800557880056,713,680,4,0,676,679,45851,37,0,0,37,1
2020-10-20,US,Kentucky,Nicholas,98,1,0,38.33342292,-84.01889177,21181.0,1348.1909478607786,1.020408163265306,97,91,1,0,90,90,7166,7,0,0,7,1
2020-10-20,US,Kentucky,Ohio,570,9,0,37.47751843,-86.85368087,21183.0,2375.5938984746185,1.5789473684210529,561,560,9,0,551,560,24087,10,0,0,10,0
2020-10-20,US,Kentucky,Oldham,1342,26,0,38.39791089,-85.448222,21185.0,2009.0121109597449,1.9374068554396424,1316,1336,26,0,1310,1333,66470,6,0,0,6,3
2020-10-20,US,Kentucky,Owen,115,3,0,38.51679143,-84.82404619,21187.0,1054.9490872397027,2.608695652173913,112,113,3,0,110,113,10880,2,0,0,2,0
2020-10-20,US,Kentucky,Owsley,70,1,0,37.42823949,-83.68811419,21189.0,1585.5039637599093,1.4285714285714286,69,69,1,0,68,69,4472,1,0,0,1,0
2020-10-20,US,Kentucky,Pendleton,111,0,0,38.69607718,-84.35599463,21191.0,760.7950651130911,0.0,111,110,0,0,110,109,14529,1,0,0,1,1
2020-10-20,US,Kentucky,Perry,454,9,0,37.25023553,-83.22922731,21193.0,1762.5592049072134,1.9823788546255507,445,443,9,0,434,434,26092,11,0,0,11,9
2020-10-20,US,Kentucky,Pike,713,3,0,37.47088263,-82.39487445,21195.0,1231.9441564724584,0.4207573632538569,710,678,3,0,675,678,58402,35,0,0,35,0
2020-10-20,US,Kentucky,Powell,133,0,0,37.83218794,-83.82553961,21197.0,1076.1388461849665,0.0,133,133,0,0,133,133,12442,0,0,0,0,0
2020-10-20,US,Kentucky,Pulaski,958,13,0,37.10466131,-84.57629079,21199.0,1474.3224734144876,1.356993736951983,945,957,13,0,944,956,64623,1,0,0,1,1
2020-10-20,US,Kentucky,Robertson,16,1,0,38.51923469,-84.05055616,21201.0,759.0132827324478,6.25,15,13,1,0,12,13,2135,3,0,0,3,0
2020-10-20,US,Kentucky,Rockcastle,288,1,0,37.36642393,-84.31176452,21203.0,1725.0673854447439,0.3472222222222222,287,281,1,0,280,275,16750,7,0,0,7,6
2020-10-20,US,Kentucky,Rowan,318,1,0,38.19484205,-83.42088935,21205.0,1300.0817661488145,0.31446540880503143,317,316,1,0,315,316,24583,2,0,0,2,0
2020-10-20,US,Kentucky,Russell,352,6,0,36.99308373,-85.06070117,21207.0,1963.9569268537634,1.7045454545454546,346,351,6,0,345,347,17821,1,0,0,1,4
2020-10-20,US,Kentucky,Scott,1023,17,0,38.29622293,-84.5816631,21209.0,1794.61090449793,1.66177908113392,1006,996,17,0,979,996,56031,27,0,0,27,0
2020-10-20,US,Kentucky,Shelby,1292,24,0,38.21476019,-85.194223,21211.0,2635.443864229765,1.8575851393188851,1268,1283,24,0,1259,1277,48518,9,0,0,9,6
2020-10-20,US,Kentucky,Simpson,318,8,0,36.74058474,-86.58047435,21213.0,1712.2550075382294,2.5157232704402515,310,317,8,0,309,314,18529,1,0,0,1,3
2020-10-20,US,Kentucky,Spencer,265,0,0,38.03223971,-85.32749335,21215.0,1369.4382719239313,0.0,265,263,0,0,263,259,18794,2,0,0,2,4
2020-10-20,US,Kentucky,Taylor,434,7,0,37.3677562,-85.3329931,21217.0,1684.1941868136132,1.6129032258064515,427,426,7,0,419,424,25549,8,0,0,8,2
2020-10-20,US,Kentucky,Todd,274,10,0,36.8381152,-87.17878374,21219.0,2228.7294615259475,3.6496350364963503,264,264,10,0,254,264,12311,10,0,0,10,0
2020-10-20,US,Kentucky,Trigg,230,0,0,36.80767017,-87.87333656,21221.0,1569.8587127158555,0.0,230,226,0,0,226,226,14643,4,0,0,4,0
2020-10-20,US,Kentucky,Trimble,80,0,0,38.61056487,-85.33775972,21223.0,944.3985361822687,0.0,80,81,0,0,81,81,8515,-1,0,0,-1,0
2020-10-20,US,Kentucky,Union,484,6,0,37.66166713,-87.94300009,21225.0,3365.5517696961265,1.2396694214876034,478,481,6,0,475,471,14505,3,0,0,3,10
2020-10-20,US,Kentucky,Warren,4943,57,0,36.99903045,-86.42672751,21227.0,3719.449795328678,1.1531458628363342,4886,4913,57,0,4856,4897,131264,30,0,0,30,16
2020-10-20,US,Kentucky,Washington,200,1,0,37.75599461,-85.17407732,21229.0,1653.5758577924762,0.5,199,198,1,0,197,198,12084,2,0,0,2,0
2020-10-20,US,Kentucky,Wayne,252,1,0,36.80310688,-84.8251971,21231.0,1239.364579747209,0.3968253968253968,251,237,1,0,236,234,20468,15,0,0,15,3
2020-10-20,US,Kentucky,Webster,288,5,0,37.52168356,-87.67989953,21233.0,2225.3129346314327,1.7361111111111112,283,285,5,0,280,281,13111,3,0,0,3,4
2020-10-20,US,Kentucky,Whitley,713,6,0,36.75700531,-84.14541217,21235.0,1966.1372159717623,0.8415147265077139,707,699,6,0,693,687,36242,14,0,0,14,12
2020-10-20,US,Kentucky,Wolfe,59,0,0,37.73941626,-83.49303612,21237.0,824.3677518513342,0.0,59,59,0,0,59,59,7177,0,0,0,0,0
2020-10-20,US,Kentucky,Woodford,350,0,0,38.04178222,-84.7417556,21239.0,1309.1942844318096,0.0,350,350,0,0,350,348,26533,0,0,0,0,2
2020-10-20,US,Louisiana,Acadia,3082,100,0,30.295064899999996,-92.41419698,22001.0,4967.362398259328,3.2446463335496434,2982,3062,100,0,2962,3052,62190,20,0,0,20,10
2020-10-20,US,Louisiana,Allen,1814,54,0,30.65385745,-92.82442028,22003.0,7078.471924142506,2.9768467475192946,1760,1806,54,0,1752,1804,25605,8,0,0,8,2
2020-10-20,US,Louisiana,Ascension,3955,98,0,30.20406249,-90.91328409999998,22005.0,3123.9139363685194,2.4778761061946897,3857,3945,98,0,3847,3950,124672,10,0,0,10,-5
2020-10-20,US,Louisiana,Assumption,782,24,0,29.89946234,-91.06461642,22007.0,3572.2443013110415,3.0690537084398977,758,783,24,0,759,784,22300,-1,0,0,-1,-1
2020-10-20,US,Louisiana,Avoyelles,1676,62,0,31.07796211,-92.00079449,22009.0,4174.970107612595,3.69928400954654,1614,1667,62,0,1605,1664,40462,9,0,0,9,3
2020-10-20,US,Louisiana,Beauregard,1050,39,0,30.64836518,-93.34173616,22011.0,2800.2240179214336,3.7142857142857135,1011,1050,39,0,1011,1045,37253,0,0,0,0,5
2020-10-20,US,Louisiana,Bienville,578,33,0,32.34569994,-93.05398492,22013.0,4365.229212295144,5.709342560553633,545,563,33,0,530,564,13308,15,0,0,15,-1
2020-10-20,US,Louisiana,Bossier,3983,117,0,32.67932307,-93.60460152,22015.0,3135.2576767764226,2.9374843083103186,3866,3909,116,0,3793,3894,127185,74,1,0,73,15
2020-10-20,US,Louisiana,Caddo,9729,388,0,32.57991587,-93.88375652,22017.0,4050.30723884698,3.988076883544044,9341,9670,387,0,9283,9649,242922,59,1,0,58,21
2020-10-20,US,Louisiana,Calcasieu,8198,222,0,30.22931235,-93.35400434,22019.0,4029.768575866612,2.707977555501342,7976,8187,222,0,7965,8185,203112,11,0,0,11,2
2020-10-20,US,Louisiana,Caldwell,336,3,0,32.0902519,-92.11752148,22021.0,3387.7797943133696,0.8928571428571429,333,339,3,0,336,337,9960,-3,0,0,-3,2
2020-10-20,US,Louisiana,Cameron,242,2,0,29.87592238,-93.19310676,22023.0,3470.5291839954107,0.8264462809917356,240,237,2,0,235,239,6968,5,0,0,5,-2
2020-10-20,US,Louisiana,Catahoula,457,14,0,31.66778967,-91.84526385,22025.0,4813.566463029281,3.063457330415755,443,453,14,0,439,455,9608,4,0,0,4,-2
2020-10-20,US,Louisiana,Claiborne,591,24,0,32.82308512,-92.99526883,22027.0,3771.537970644544,4.060913705583757,567,586,24,0,562,586,15944,5,0,0,5,0
2020-10-20,US,Louisiana,Concordia,575,16,0,31.44817835,-91.63814433,22029.0,2985.6171140765355,2.782608695652174,559,562,16,0,546,561,19572,13,0,0,13,1
2020-10-20,US,Louisiana,De Soto,995,35,0,32.05457447,-93.74130302,22031.0,3623.056475985872,3.5175879396984926,960,991,35,0,956,987,27436,4,0,0,4,4
2020-10-20,US,Louisiana,East Baton Rouge,15738,456,0,30.53842039,-91.09777565,22033.0,3576.3386273204273,2.897445672893633,15282,15717,456,0,15261,15712,440956,21,0,0,21,5
2020-10-20,US,Louisiana,East Carroll,573,6,0,32.73926954,-91.23425694,22035.0,8351.55225185833,1.0471204188481675,567,568,6,0,562,564,7037,5,0,0,5,4
2020-10-20,US,Louisiana,East Feliciana,1786,75,0,30.84425359,-91.04976723,22037.0,9333.681735040502,4.1993281075028,1711,1790,75,0,1715,1787,19305,-4,0,0,-4,3
2020-10-20,US,Louisiana,Evangeline,1388,38,0,30.72985248,-92.39915924,22039.0,4156.310824973799,2.7377521613832854,1350,1383,38,0,1345,1382,33443,5,0,0,5,1
2020-10-20,US,Louisiana,Franklin,1276,44,0,32.13675181,-91.67589857,22041.0,6375.218586060455,3.4482758620689653,1232,1272,44,0,1228,1267,20156,4,0,0,4,5
2020-10-20,US,Louisiana,Grant,523,30,0,31.59882456,-92.56124347,22043.0,2335.968555987315,5.736137667304015,493,516,30,0,486,517,22482,7,0,0,7,-1
2020-10-20,US,Louisiana,Iberia,3043,93,0,29.86803617,-91.75871777,22045.0,4357.725905771159,3.056194544857049,2950,3032,93,0,2939,3036,70941,11,0,0,11,-4
2020-10-20,US,Louisiana,Iberville,1448,60,0,30.25734305,-91.3499598,22047.0,4453.877149272554,4.143646408839779,1388,1444,60,0,1384,1442,32721,4,0,0,4,2
2020-10-20,US,Louisiana,Jackson,814,22,0,32.30251776,-92.55692092,22049.0,5170.223577235773,2.702702702702702,792,809,22,0,787,806,15902,5,0,0,5,3
2020-10-20,US,Louisiana,Jefferson,18405,580,0,29.74075478,-90.11115756,22051.0,4255.560205598705,3.1513175767454498,17825,18358,580,0,17778,18344,434051,47,0,0,47,14
2020-10-20,US,Louisiana,Jefferson Davis,1330,43,0,30.26896765,-92.81210004,22053.0,4239.9897985207845,3.233082706766917,1287,1314,43,0,1271,1319,31582,16,0,0,16,-5
2020-10-20,US,Louisiana,LaSalle,480,10,0,31.67884782,-92.15907765,22059.0,3223.2070910556013,2.083333333333333,470,478,10,0,468,478,14917,2,0,0,2,0
2020-10-20,US,Louisiana,Lafayette,9315,137,0,30.2049055,-92.06959876,22055.0,3811.530750030689,1.470746108427268,9178,9297,137,0,9160,9289,242782,18,0,0,18,8
2020-10-20,US,Louisiana,Lafourche,3846,126,0,29.52470226,-90.40976986,22057.0,3940.008605323007,3.2761310452418098,3720,3842,126,0,3716,3831,98115,4,0,0,4,11
2020-10-20,US,Louisiana,Lincoln,1607,48,0,32.6003154,-92.66597409999999,22061.0,3438.0214796114838,2.9869321717486,1559,1602,48,0,1554,1604,47196,5,0,0,5,-2
2020-10-20,US,Louisiana,Livingston,4097,79,0,30.44143993,-90.73061664,22063.0,2910.028482338819,1.9282401757383447,4018,4089,79,0,4010,4085,139567,8,0,0,8,4
2020-10-20,US,Louisiana,Madison,892,8,0,32.36918118,-91.23973355,22065.0,8145.374851611725,0.8968609865470852,884,890,8,0,882,890,11161,2,0,0,2,0
2020-10-20,US,Louisiana,Morehouse,877,25,0,32.81686191,-91.80421614,22067.0,3525.7698801961888,2.8506271379703536,852,869,24,0,845,870,25398,8,1,0,7,-1
2020-10-20,US,Louisiana,Natchitoches,1409,26,0,31.72321584,-93.09816516,22069.0,3692.5415378164475,1.84528034066714,1383,1381,26,0,1355,1377,38659,28,0,0,28,4
2020-10-20,US,Louisiana,Orleans,13271,589,0,30.06971951,-89.92660315,22071.0,3401.5645505249345,4.438248813201718,12682,13218,589,0,12629,13207,391006,53,0,0,53,11
2020-10-20,US,Louisiana,Ouachita,6819,160,0,32.47645559,-92.15704172,22073.0,4448.750318047482,2.346385100454612,6659,6785,159,0,6626,6775,154475,34,1,0,33,10
2020-10-20,US,Louisiana,Plaquemines,876,19,0,29.42245447,-89.60322085,22075.0,3776.3503901366557,2.1689497716894977,857,875,19,0,856,851,23410,1,0,0,1,24
2020-10-20,US,Louisiana,Pointe Coupee,1107,40,0,30.71409502,-91.60209535,22077.0,5094.33962264151,3.613369467028003,1067,1109,40,0,1069,1100,21940,-2,0,0,-2,9
2020-10-20,US,Louisiana,Rapides,4561,153,0,31.19778499,-92.52997303,22079.0,3517.9871652474394,3.3545275158956365,4408,4566,153,0,4413,4556,130562,-5,0,0,-5,10
2020-10-20,US,Louisiana,Red River,403,24,0,32.09530039,-93.34213308,22081.0,4773.750296138356,5.955334987593052,379,401,24,0,377,402,8477,2,0,0,2,-1
2020-10-20,US,Louisiana,Richland,856,16,0,32.41391005,-91.76634876,22083.0,4254.0502932114105,1.8691588785046729,840,851,16,0,835,848,20192,5,0,0,5,3
2020-10-20,US,Louisiana,Sabine,957,14,0,31.56388699,-93.55433981,22085.0,4006.866521520683,1.4629049111807733,943,945,14,0,931,943,24032,12,0,0,12,2
2020-10-20,US,Louisiana,St. Bernard,1517,32,0,29.87761636,-89.51887093,22087.0,3210.9897553128444,2.109426499670402,1485,1512,32,0,1480,1516,46721,5,0,0,5,-4
2020-10-20,US,Louisiana,St. Charles,1920,63,0,29.90709658,-90.35555967,22089.0,3615.819209039548,3.28125,1857,1912,63,0,1849,1909,52879,8,0,0,8,3
2020-10-20,US,Louisiana,St. Helena,431,4,0,30.82210324,-90.71013176,22091.0,4253.849190682985,0.9280742459396752,427,426,4,0,422,431,10262,5,0,0,5,-5
2020-10-20,US,Louisiana,St. James,829,40,0,30.02531716,-90.80212061,22093.0,3929.6549108835798,4.82509047044632,789,830,40,0,790,830,21037,-1,0,0,-1,0
2020-10-20,US,Louisiana,St. John the Baptist,1623,106,0,30.12597499,-90.4753503,22095.0,3788.780726941663,6.531115218730745,1517,1621,106,0,1515,1619,43184,2,0,0,2,2
2020-10-20,US,Louisiana,St. Landry,3551,133,0,30.59724262,-92.00135806,22097.0,4323.949150065754,3.745423824274852,3418,3529,133,0,3396,3532,82764,22,0,0,22,-3
2020-10-20,US,Louisiana,St. Martin,2183,63,0,30.13112107,-91.61403569,22099.0,4085.643165952349,2.885936784241869,2120,2162,62,0,2100,2162,53621,21,1,0,20,0
2020-10-20,US,Louisiana,St. Mary,2000,84,0,29.69262097,-91.44702164,22101.0,4052.849152954527,4.2,1916,1998,84,0,1914,1994,49774,2,0,0,2,4
2020-10-20,US,Louisiana,St. Tammany,7559,269,0,30.40942847,-89.95642711,22103.0,2902.629992435268,3.558671781981744,7290,7534,269,0,7265,7516,258111,25,0,0,25,18
2020-10-20,US,Louisiana,Tangipahoa,4906,122,0,30.62888673,-90.40664996,22105.0,3640.600187001885,2.4867509172441906,4784,4895,122,0,4773,4889,133777,11,0,0,11,6
2020-10-20,US,Louisiana,Tensas,186,2,0,32.00760749,-91.32915234,22107.0,4291.647438855561,1.075268817204301,184,185,2,0,183,186,4462,1,0,0,1,-1
2020-10-20,US,Louisiana,Terrebonne,3819,123,0,29.37343766,-90.82626855,22109.0,3457.328830990123,3.2207384131971715,3696,3803,123,0,3680,3802,111021,16,0,0,16,1
2020-10-20,US,Louisiana,Unassigned,241,200,0,0.0,0.0,90022.0,0.0,82.98755186721992,41,250,200,0,50,252,,-9,0,0,-9,-2
2020-10-20,US,Louisiana,Union,1075,49,0,32.83121059,-92.3749373,22111.0,4862.493215125746,4.558139534883721,1026,1061,49,0,1012,1061,22330,14,0,0,14,0
2020-10-20,US,Louisiana,Vermilion,2097,70,0,29.83517605,-92.30292538,22113.0,3523.7183041790595,3.3381020505484025,2027,2084,70,0,2014,2084,59830,13,0,0,13,0
2020-10-20,US,Louisiana,Vernon,1113,55,0,31.10884837,-93.18153838,22115.0,2346.665542178836,4.941599281221922,1058,1107,55,0,1052,1106,48860,6,0,0,6,1
2020-10-20,US,Louisiana,Washington,1725,70,0,30.85288548,-90.03866652,22117.0,3734.2512014547333,4.057971014492754,1655,1720,70,0,1650,1720,46582,5,0,0,5,0
2020-10-20,US,Louisiana,Webster,1429,38,0,32.70847669,-93.33121835,22119.0,3727.1778821074604,2.6592022393282013,1391,1418,37,0,1381,1417,38798,11,1,0,10,1
2020-10-20,US,Louisiana,West Baton Rouge,952,42,0,30.46058217,-91.30989571,22121.0,3597.2038541469865,4.411764705882354,910,944,42,0,902,945,26427,8,0,0,8,-1
2020-10-20,US,Louisiana,West Carroll,368,11,0,32.78550125,-91.461201,22123.0,3397.968605724838,2.989130434782609,357,368,11,0,357,366,10982,0,0,0,0,2
2020-10-20,US,Louisiana,West Feliciana,745,25,0,30.87882871,-91.41485379999999,22125.0,4785.457348406989,3.355704697986577,720,747,25,0,722,740,15460,-2,0,0,-2,7
2020-10-20,US,Louisiana,Winn,672,19,0,31.94449367,-92.63789413,22127.0,4833.141542002301,2.827380952380953,653,665,19,0,646,666,14134,7,0,0,7,-1
2020-10-20,US,Maine,Androscoggin,839,10,0,44.1664747,-70.20380627,23001.0,774.8644679848906,1.1918951132300355,829,834,10,0,824,833,107679,5,0,0,5,1
2020-10-20,US,Maine,Aroostook,56,1,0,46.65926321,-68.59841248,23003.0,83.51353366639326,1.7857142857142858,55,56,1,0,55,56,67111,0,0,0,0,0
2020-10-20,US,Maine,Cumberland,2427,70,0,43.8370751,-70.37226999,23005.0,822.7034979305295,2.88421920065925,2357,2427,70,0,2357,2425,293557,0,0,0,0,2
2020-10-20,US,Maine,Franklin,73,1,0,44.97330019,-70.44381045,23007.0,241.72985860458957,1.3698630136986298,72,73,1,0,72,73,29897,0,0,0,0,0
2020-10-20,US,Maine,Hancock,59,1,0,44.59816444,-68.38401854,23009.0,107.29808863913289,1.6949152542372878,58,56,1,0,55,56,54811,3,0,0,3,0
2020-10-20,US,Maine,Kennebec,293,11,0,44.40759555,-69.76738544,23011.0,239.57089826822133,3.754266211604096,282,292,11,0,281,289,122083,1,0,0,1,3
2020-10-20,US,Maine,Knox,62,1,0,44.11486325,-69.10529169,23013.0,155.888564819471,1.6129032258064515,61,59,1,0,58,59,39771,3,0,0,3,0
2020-10-20,US,Maine,Lincoln,54,1,0,44.05996956,-69.54227124,23015.0,155.91615175838768,1.851851851851852,53,54,1,0,53,53,34342,0,0,0,0,1
2020-10-20,US,Maine,Oxford,157,2,0,44.49952995,-70.75682123,23017.0,270.8063820612333,1.2738853503184713,155,157,2,0,155,157,57618,0,0,0,0,0
2020-10-20,US,Maine,Penobscot,279,6,0,45.40194593,-68.65020455,23019.0,183.3740831295844,2.150537634408602,273,274,6,0,268,273,151096,5,0,0,5,1
2020-10-20,US,Maine,Piscataquis,10,0,0,45.83839062,-69.2860223,23021.0,59.577003276735184,0.0,10,10,0,0,10,10,16800,0,0,0,0,0
2020-10-20,US,Maine,Sagadahoc,77,0,0,43.95415864,-69.85074999,23023.0,214.74788041053105,0.0,77,77,0,0,77,77,35634,0,0,0,0,0
2020-10-20,US,Maine,Somerset,126,8,0,45.51229767,-69.95995554,23025.0,249.58402662229614,6.349206349206349,118,126,8,0,118,127,50592,0,0,0,0,-1
2020-10-20,US,Maine,Waldo,127,14,0,44.4858305,-69.12061935,23027.0,319.7784212514163,11.023622047244093,113,124,14,0,110,112,39694,3,0,0,3,12
2020-10-20,US,Maine,Washington,21,0,0,45.01607142,-67.62813524,23029.0,66.92373880620798,0.0,21,21,0,0,21,20,31490,0,0,0,0,1
2020-10-20,US,Maine,York,1327,20,0,43.47808377,-70.71052375,23031.0,639.0838032951102,1.5071590052750563,1307,1321,20,0,1301,1317,206229,6,0,0,6,4
2020-10-20,US,Maryland,Allegany,587,23,0,39.62357628,-78.69280486,24001.0,833.6173596909794,3.9182282793867116,564,569,23,0,546,561,70975,18,0,0,18,8
2020-10-20,US,Maryland,Anne Arundel,11391,264,0,39.00670238,-76.60329337,24003.0,1966.5627363034628,2.3176191730313405,11127,11336,263,0,11073,11265,576031,55,1,0,54,71
2020-10-20,US,Maryland,Baltimore,19749,654,0,39.45784712,-76.62911955,24005.0,2386.9610935856995,3.311560078991341,19095,19646,653,0,18993,19565,828431,103,1,0,102,81
2020-10-20,US,Maryland,Baltimore City,16937,496,0,39.30211911,-76.61151012,24510.0,2853.797031120996,2.9284997343095,16441,16906,496,0,16410,16842,621342,31,0,0,31,64
2020-10-20,US,Maryland,Calvert,1132,29,0,38.53961642,-76.56820632,24009.0,1223.453120778168,2.5618374558303887,1103,1120,29,0,1091,1117,92003,12,0,0,12,3
2020-10-20,US,Maryland,Caroline,710,8,0,38.87172293,-75.82904158,24011.0,2125.366700592708,1.1267605633802815,702,704,8,0,696,704,33304,6,0,0,6,0
2020-10-20,US,Maryland,Carroll,2152,128,0,39.56453592,-77.02373735,24013.0,1277.553176963674,5.947955390334573,2024,2141,128,0,2013,2137,168429,11,0,0,11,4
2020-10-20,US,Maryland,Cecil,1284,36,0,39.56647682,-75.94627411,24015.0,1248.3593408196004,2.803738317757009,1248,1275,36,0,1239,1269,102826,9,0,0,9,6
2020-10-20,US,Maryland,Charles,3041,101,0,38.51092331,-76.98580666,24017.0,1862.7072652321187,3.3212758960868136,2940,3029,101,0,2928,3018,161503,12,0,0,12,11
2020-10-20,US,Maryland,Dorchester,711,10,0,38.45413522,-76.02752426,24019.0,2226.815747439632,1.4064697609001406,701,695,10,0,685,687,31998,16,0,0,16,8
2020-10-20,US,Maryland,Frederick,4546,137,0,39.47296601,-77.39999394,24021.0,1751.5132134064352,3.0136383633963924,4409,4534,137,0,4397,4519,255648,12,0,0,12,15
2020-10-20,US,Maryland,Garrett,106,1,0,39.52786077,-79.27355126,24023.0,365.34086992486397,0.9433962264150944,105,105,1,0,104,100,29163,1,0,0,1,5
2020-10-20,US,Maryland,Harford,3430,79,0,39.55010644,-76.30775940000002,24025.0,1342.775826903277,2.3032069970845486,3351,3417,78,0,3339,3395,253956,13,1,0,12,22
2020-10-20,US,Maryland,Howard,5628,124,0,39.25305293,-76.93126208,24027.0,1728.023580705579,2.203269367448472,5504,5605,124,0,5481,5580,323196,23,0,0,23,25
2020-10-20,US,Maryland,Kent,332,24,0,39.24976208,-76.04741541,24029.0,1709.4017094017097,7.2289156626506035,308,332,24,0,308,329,19383,0,0,0,0,3
2020-10-20,US,Maryland,Montgomery,24560,861,0,39.13676329,-77.20358245,24031.0,2337.5159895230554,3.505700325732899,23699,24466,860,0,23606,24395,1052567,94,1,0,93,71
2020-10-20,US,Maryland,Prince George's,31617,846,0,38.83070039,-76.8496441,24033.0,3476.9670316618776,2.6757756902931966,30771,31497,846,0,30651,31442,909308,120,0,0,120,55
2020-10-20,US,Maryland,Queen Anne's,740,26,0,39.06198912,-76.03530977,24035.0,1468.8076854369706,3.5135135135135136,714,736,26,0,710,734,50251,4,0,0,4,2
2020-10-20,US,Maryland,Somerset,395,5,0,38.1163542,-75.75118623,24039.0,1542.004996876952,1.2658227848101269,390,387,5,0,382,383,25675,8,0,0,8,4
2020-10-20,US,Maryland,St. Mary's,1409,59,0,38.30058422,-76.60629279999998,24037.0,1241.3003259624702,4.18736692689851,1350,1400,59,0,1341,1395,112664,9,0,0,9,5
2020-10-20,US,Maryland,Talbot,623,6,0,38.76618159,-76.10882561,24041.0,1675.586993356822,0.9630818619582664,617,621,6,0,615,619,36968,2,0,0,2,2
2020-10-20,US,Maryland,Unassigned,0,12,0,0.0,0.0,90024.0,0.0,0.0,-12,0,7,0,-7,0,,0,5,0,-5,0
2020-10-20,US,Maryland,Washington,2116,42,0,39.60835778,-77.82002295,24043.0,1400.869916384749,1.9848771266540643,2074,2108,42,0,2066,2099,150926,8,0,0,8,9
2020-10-20,US,Maryland,Wicomico,2374,49,0,38.37301947,-75.62705831,24045.0,2291.30673976199,2.064026958719461,2325,2357,49,0,2308,2337,103195,17,0,0,17,20
2020-10-20,US,Maryland,Worcester,1174,30,0,38.21274277,-75.33200012,24047.0,2245.7724385951487,2.5553662691652472,1144,1168,30,0,1138,1165,51823,6,0,0,6,3
2020-10-20,US,Massachusetts,Barnstable,1902,181,0,41.72980578,-70.28854339,25001.0,892.9996713460725,9.516298633017877,1721,1898,181,0,1717,1896,213413,4,0,0,4,2
2020-10-20,US,Massachusetts,Berkshire,742,51,0,42.37428441,-73.20524838,25003.0,593.8660519912921,6.8733153638814,691,740,51,0,689,736,126348,2,0,0,2,4
2020-10-20,US,Massachusetts,Bristol,11126,732,0,41.79228404,-71.10872211,25005.0,1968.4475166175118,6.5791838935826,10394,11046,732,0,10314,10985,564022,80,0,0,80,61
2020-10-20,US,Massachusetts,Dukes and Nantucket,208,2,0,41.40674725,-70.68763497,0.0,723.9567018203336,0.9615384615384616,206,204,2,0,202,204,26707,4,0,0,4,0
2020-10-20,US,Massachusetts,Essex,22315,1330,0,42.6687626,-70.94687179,25009.0,2828.141753080349,5.960116513555904,20985,22192,1330,0,20862,22035,790638,123,0,0,123,157
2020-10-20,US,Massachusetts,Franklin,441,72,0,42.58119713,-72.58602547,25011.0,628.384155029923,16.3265306122449,369,438,72,0,366,437,70963,3,0,0,3,1
2020-10-20,US,Massachusetts,Hampden,9171,799,0,42.13440424,-72.63235561,25013.0,1966.4559621932706,8.712245120488497,8372,9125,799,0,8326,9074,470406,46,0,0,46,51
2020-10-20,US,Massachusetts,Hampshire,1412,153,0,42.33997957,-72.65898478,25015.0,877.9456569048064,10.8356940509915,1259,1401,153,0,1248,1400,161355,11,0,0,11,1
2020-10-20,US,Massachusetts,Middlesex,30367,2226,0,42.48607732,-71.39049229,25017.0,1884.1607521007334,7.3303256824842755,28141,30182,2226,0,27956,29986,1614714,185,0,0,185,196
2020-10-20,US,Massachusetts,Norfolk,11238,1093,0,42.16073095,-71.20530408,25021.0,1590.0392628488555,9.725929880761699,10145,11176,1093,0,10083,11128,705388,62,0,0,62,48
2020-10-20,US,Massachusetts,Plymouth,10786,806,0,41.94070556,-70.80802823,25023.0,2069.4471625204815,7.472649731132951,9980,10693,804,0,9889,10619,518132,93,2,0,91,74
2020-10-20,US,Massachusetts,Suffolk,26663,1161,0,42.327951399999996,-71.07850442,25025.0,3316.6771778327593,4.354348722949405,25502,26546,1160,0,25386,26383,807252,117,1,0,116,163
2020-10-20,US,Massachusetts,Unassigned,3471,5,0,0.0,0.0,90025.0,0.0,0.14405070584845867,3466,3303,5,0,3298,3302,,168,0,0,168,1
2020-10-20,US,Massachusetts,Worcester,15622,1147,0,42.35026951,-71.90493363,25027.0,1880.759238257595,7.342209704263219,14475,15544,1145,0,14399,15475,830839,78,2,0,76,69
2020-10-20,US,Michigan,Alcona,51,2,0,44.6846864,-83.59507875,26001.0,490.148966842864,3.92156862745098,49,51,2,0,49,51,10362,0,0,0,0,0
2020-10-20,US,Michigan,Alger,98,1,0,46.41292944,-86.60260122,26003.0,1075.9771629336847,1.020408163265306,97,96,1,0,95,88,9097,2,0,0,2,8
2020-10-20,US,Michigan,Allegan,1088,7,0,42.59147037,-85.89102866,26005.0,921.4014108959103,0.6433823529411765,1081,1061,7,0,1054,1040,117327,27,0,0,27,21
2020-10-20,US,Michigan,Alpena,155,14,0,45.03477666,-83.62212411,26007.0,545.678577715191,9.03225806451613,141,153,14,0,139,152,28360,2,0,0,2,1
2020-10-20,US,Michigan,Antrim,102,0,0,44.99690221,-85.15503082,26009.0,437.31778425655983,0.0,102,97,0,0,97,92,23365,5,0,0,5,5
2020-10-20,US,Michigan,Arenac,89,3,0,44.0636262,-83.89277559,26011.0,597.9977155143453,3.3707865168539324,86,88,3,0,85,87,15041,1,0,0,1,1
2020-10-20,US,Michigan,Baraga,74,4,0,46.6720582,-88.36363591,26013.0,901.449628456572,5.405405405405406,70,71,4,0,67,66,8320,3,0,0,3,5
2020-10-20,US,Michigan,Barry,552,5,0,42.59513984,-85.30834519,26015.0,896.8318440292445,0.9057971014492754,547,540,5,0,535,515,61157,12,0,0,12,25
2020-10-20,US,Michigan,Bay,1254,55,0,43.70639106,-83.98731479,26017.0,1215.9882085991894,4.385964912280701,1199,1246,55,0,1191,1221,103923,8,0,0,8,25
2020-10-20,US,Michigan,Benzie,109,2,0,44.63899297,-86.01608482,26019.0,613.5314645952942,1.834862385321101,107,108,2,0,106,104,17753,1,0,0,1,4
2020-10-20,US,Michigan,Berrien,2418,80,0,41.95447397,-86.41313079999998,26021.0,1576.2609109458215,3.308519437551696,2338,2378,77,0,2301,2308,154141,40,3,0,37,70
2020-10-20,US,Michigan,Branch,799,10,0,41.91600556,-85.05929476,26023.0,1836.0640669163768,1.2515644555694618,789,786,10,0,776,767,43622,13,0,0,13,19
2020-10-20,US,Michigan,Calhoun,2308,54,0,42.24633834,-85.00493569,26025.0,1720.3467527336966,2.339688041594454,2254,2267,53,0,2214,2192,134487,41,1,0,40,75
2020-10-20,US,Michigan,Cass,875,23,0,41.91522292,-85.99405727,26027.0,1689.6132233958328,2.628571428571429,852,841,23,0,818,805,51653,34,0,0,34,36
2020-10-20,US,Michigan,Charlevoix,139,4,0,45.37790017,-85.19614053,26029.0,531.6910836552805,2.8776978417266186,135,135,4,0,131,133,26244,4,0,0,4,2
2020-10-20,US,Michigan,Cheboygan,118,2,0,45.44787015,-84.50122149,26031.0,466.8460199398639,1.6949152542372878,116,119,2,0,117,112,25413,-1,0,0,-1,7
2020-10-20,US,Michigan,Chippewa,110,0,0,46.29552653,-84.54353449,26033.0,294.51926423732897,0.0,110,107,0,0,107,104,37517,3,0,0,3,3
2020-10-20,US,Michigan,Clare,219,8,0,43.98794227,-84.84819859999998,26035.0,707.5928917609046,3.6529680365296797,211,215,8,0,207,209,30757,4,0,0,4,6
2020-10-20,US,Michigan,Clinton,918,14,0,42.94400871,-84.60145248,26037.0,1153.3387775614046,1.5250544662309369,904,906,14,0,892,874,79332,12,0,0,12,32
2020-10-20,US,Michigan,Crawford,139,5,0,44.68255561,-84.61006219,26039.0,990.8047615653287,3.5971223021582728,134,137,5,0,132,136,13901,2,0,0,2,1
2020-10-20,US,Michigan,Delta,1027,19,0,45.90484910000001,-86.9080745,26041.0,2869.9977643639613,1.8500486854917235,1008,1005,18,0,987,958,35857,22,1,0,21,47
2020-10-20,US,Michigan,Dickinson,497,10,0,46.00999672,-87.86961634,26043.0,1969.1746899639447,2.0120724346076457,487,454,8,0,446,444,25383,43,2,0,41,10
2020-10-20,US,Michigan,Eaton,984,10,0,42.59599185,-84.83740035,26045.0,892.3713135270433,1.0162601626016259,974,970,10,0,960,926,109826,14,0,0,14,44
2020-10-20,US,Michigan,Emmet,191,4,0,45.52625509,-84.89083249,26047.0,571.5995810264851,2.094240837696335,187,190,4,0,186,183,33308,1,0,0,1,7
2020-10-20,US,Michigan,Federal Correctional Institution (FCI),197,5,0,0.0,0.0,0.0,0.0,2.538071065989848,192,197,5,0,192,195,,0,0,0,0,2
2020-10-20,US,Michigan,Genesee,6104,327,0,43.02244215,-83.70589709,26049.0,1504.1410699016544,5.357142857142857,5777,6025,324,0,5701,5910,406892,79,3,0,76,115
2020-10-20,US,Michigan,Gladwin,166,2,0,43.98901072,-84.38774817,26051.0,652.2849620810248,1.2048192771084338,164,167,2,0,165,156,25337,-1,0,0,-1,11
2020-10-20,US,Michigan,Gogebic,302,2,0,46.40862701,-89.69377193,26053.0,2161.001788908766,0.6622516556291391,300,277,2,0,275,264,15096,25,0,0,25,13
2020-10-20,US,Michigan,Grand Traverse,666,13,0,44.69565625,-85.55585247,26055.0,715.452045376418,1.951951951951952,653,654,13,0,641,631,92573,12,0,0,12,23
2020-10-20,US,Michigan,Gratiot,417,16,0,43.29265605,-84.60505416,26057.0,1024.293188573113,3.836930455635492,401,409,16,0,393,396,40599,8,0,0,8,13
2020-10-20,US,Michigan,Hillsdale,462,27,0,41.88753639,-84.59312019,26059.0,1013.0468150422104,5.8441558441558445,435,456,27,0,429,451,45749,6,0,0,6,5
2020-10-20,US,Michigan,Houghton,859,7,0,46.89988536,-88.68495385,26061.0,2407.241340656877,0.8149010477299186,852,853,7,0,846,846,36219,6,0,0,6,7
2020-10-20,US,Michigan,Huron,259,5,0,43.83353985,-83.04078453,26063.0,835.9962557696653,1.9305019305019304,254,258,5,0,253,257,31166,1,0,0,1,1
2020-10-20,US,Michigan,Ingham,4350,61,0,42.59716886,-84.37472069,26065.0,1487.6575720060464,1.4022988505747127,4289,4324,58,0,4266,4237,292735,26,3,0,23,87
2020-10-20,US,Michigan,Ionia,586,7,0,42.94502238,-85.07413319,26067.0,905.7606998778923,1.1945392491467577,579,584,7,0,577,560,64210,2,0,0,2,24
2020-10-20,US,Michigan,Iosco,270,15,0,44.35486835,-83.63484895,26069.0,1074.5413300433797,5.5555555555555545,255,270,15,0,255,256,25081,0,0,0,0,14
2020-10-20,US,Michigan,Iron,382,20,0,46.20974132,-88.53136251,26071.0,3452.015181637448,5.235602094240837,362,364,18,0,346,336,11117,18,2,0,16,28
2020-10-20,US,Michigan,Isabella,938,15,0,43.64060976,-84.84664923,26073.0,1342.4547744446988,1.5991471215351811,923,933,15,0,918,914,70562,5,0,0,5,19
2020-10-20,US,Michigan,Jackson,1573,62,0,42.24807035,-84.42258681,26075.0,992.3664122137404,3.9415130324221233,1511,1551,62,0,1489,1516,158823,22,0,0,22,35
2020-10-20,US,Michigan,Kalamazoo,4290,102,0,42.24542231,-85.53038622,26077.0,1618.4648351731266,2.377622377622377,4188,4199,100,0,4099,4133,264870,91,2,0,89,66
2020-10-20,US,Michigan,Kalkaska,116,4,0,44.68512729,-85.09085699,26079.0,643.0868167202573,3.4482758620689653,112,116,4,0,112,114,17824,0,0,0,0,2
2020-10-20,US,Michigan,Kent,12814,179,0,43.03197711,-85.54934642,26081.0,1950.5141143609533,1.396909630092087,12635,12667,178,0,12489,12343,653786,147,1,0,146,324
2020-10-20,US,Michigan,Keweenaw,18,0,0,47.63197653,-88.41434263,26083.0,850.6616257088847,0.0,18,18,0,0,18,17,2113,0,0,0,0,1
2020-10-20,US,Michigan,Lake,55,0,0,43.99050893,-85.802173,26085.0,464.01754830000846,0.0,55,52,0,0,52,43,11881,3,0,0,3,9
2020-10-20,US,Michigan,Lapeer,822,38,0,43.09052506,-83.22153148,26087.0,938.2811875763352,4.622871046228711,784,807,38,0,769,788,88028,15,0,0,15,19
2020-10-20,US,Michigan,Leelanau,136,2,0,44.94430054,-85.80150326,26089.0,624.9712788934332,1.4705882352941178,134,134,1,0,133,130,21764,2,1,0,1,4
2020-10-20,US,Michigan,Lenawee,1035,18,0,41.89475156,-84.06603727,26091.0,1051.2843952829326,1.7391304347826086,1017,1019,18,0,1001,1007,98266,16,0,0,16,12
2020-10-20,US,Michigan,Livingston,1817,32,0,42.60302282,-83.91297209,26093.0,946.3788119482277,1.7611447440836543,1785,1779,32,0,1747,1740,191224,38,0,0,38,39
2020-10-20,US,Michigan,Luce,43,0,0,46.47227431,-85.54471223,26095.0,690.3194734307273,0.0,43,40,0,0,40,37,6283,3,0,0,3,3
2020-10-20,US,Michigan,Mackinac,143,0,0,46.07028979,-85.04980537,26097.0,1324.1966848782295,0.0,143,140,0,0,140,137,10787,3,0,0,3,3
2020-10-20,US,Michigan,Macomb,17215,1066,0,42.69158356,-82.92752801,26099.0,1969.7427377536123,6.1922741794946266,16149,17076,1065,0,16011,16870,874759,139,1,0,138,206
2020-10-20,US,Michigan,Manistee,115,3,0,44.33352407,-86.05626916,26101.0,468.2791758286505,2.608695652173913,112,113,3,0,110,109,24528,2,0,0,2,4
2020-10-20,US,Michigan,Marquette,859,12,0,46.4338914,-87.64043701,26103.0,1287.8753804404864,1.3969732246798603,847,802,12,0,790,956,66516,57,0,0,57,-154
2020-10-20,US,Michigan,Mason,188,1,0,43.99509218,-86.24988902,26105.0,645.0727422454022,0.5319148936170213,187,187,1,0,186,173,29100,1,0,0,1,14
2020-10-20,US,Michigan,Mecosta,404,4,0,43.64064262,-85.32463223,26107.0,929.7401790440248,0.99009900990099,400,392,4,0,388,356,43545,12,0,0,12,36
2020-10-20,US,Michigan,Menominee,627,3,0,45.58038692,-87.55370409,26109.0,2752.4143985952587,0.4784688995215311,624,607,3,0,604,593,22983,20,0,0,20,14
2020-10-20,US,Michigan,Michigan Department of Corrections (MDOC),6267,75,0,0.0,0.0,0.0,0.0,1.1967448539971275,6192,6248,75,0,6173,5846,,19,0,0,19,402
2020-10-20,US,Michigan,Midland,840,13,0,43.64330771,-84.38804374,26111.0,1010.1495983452788,1.5476190476190477,827,829,13,0,816,800,83209,11,0,0,11,29
2020-10-20,US,Michigan,Missaukee,82,1,0,44.33772443,-85.09256478,26113.0,542.3997883317899,1.2195121951219512,81,80,1,0,79,78,15113,2,0,0,2,2
2020-10-20,US,Michigan,Monroe,1851,31,0,41.92734151,-83.53749864,26115.0,1229.9003322259136,1.6747703943814154,1820,1819,31,0,1788,1795,150439,32,0,0,32,24
2020-10-20,US,Michigan,Montcalm,521,8,0,43.31082541,-85.15252824,26117.0,815.4896068119209,1.5355086372360844,513,517,8,0,509,480,63968,4,0,0,4,37
2020-10-20,US,Michigan,Montmorency,21,0,0,45.0275929,-84.12696227,26119.0,225.1286449399657,0.0,21,21,0,0,21,20,9265,0,0,0,0,1
2020-10-20,US,Michigan,Muskegon,1837,76,0,43.29123859,-86.15176712,26121.0,1058.3870112810112,4.137180185084377,1761,1816,76,0,1740,1794,173588,21,0,0,21,22
2020-10-20,US,Michigan,Newaygo,539,3,0,43.554373999999996,-85.80070107,26123.0,1100.4491629236422,0.5565862708719852,536,533,3,0,530,511,48892,6,0,0,6,22
2020-10-20,US,Michigan,Oakland,23394,1228,0,42.66090111,-83.38595416,26125.0,1860.2335907581519,5.249209198939899,22166,23165,1227,0,21938,22931,1259201,229,1,0,228,234
2020-10-20,US,Michigan,Oceana,574,6,0,43.64124435,-86.26726673,26127.0,2168.7384289870406,1.0452961672473868,568,572,6,0,566,567,26625,2,0,0,2,5
2020-10-20,US,Michigan,Ogemaw,90,5,0,44.33481032,-84.12725175,26129.0,428.6326618088298,5.5555555555555545,85,90,5,0,85,84,20952,0,0,0,0,6
2020-10-20,US,Michigan,Ontonagon,73,0,0,46.665226200000006,-89.31390481,26131.0,1276.2237762237762,0.0,73,72,0,0,72,69,5795,1,0,0,1,3
2020-10-20,US,Michigan,Osceola,126,0,0,43.98992088,-85.32566756,26133.0,537.0843989769821,0.0,126,124,0,0,124,120,23341,2,0,0,2,4
2020-10-20,US,Michigan,Oscoda,54,1,0,44.68192279,-84.12939244,26135.0,655.2602839461231,1.851851851851852,53,52,1,0,51,52,8276,2,0,0,2,0
2020-10-20,US,Michigan,Otsego,215,11,0,45.02085831,-84.59898295,26137.0,871.5745094859739,5.116279069767441,204,210,11,0,199,206,24665,5,0,0,5,4
2020-10-20,US,Michigan,Ottawa,4497,72,0,42.95996803,-85.9969107,26139.0,1540.9656306753934,1.6010673782521683,4425,4433,72,0,4361,4299,290494,64,0,0,64,134
2020-10-20,US,Michigan,Out of MI,259,2,0,0.0,0.0,80026.0,0.0,0.7722007722007722,257,274,2,0,272,254,,-15,0,0,-15,20
2020-10-20,US,Michigan,Presque Isle,41,1,0,45.34018577,-83.91498656,26141.0,325.6035578144854,2.4390243902439024,40,35,1,0,34,35,12738,6,0,0,6,0
2020-10-20,US,Michigan,Roscommon,140,5,0,44.33473082,-84.61067651,26143.0,582.8718930846412,3.571428571428572,135,138,5,0,133,133,23884,2,0,0,2,5
2020-10-20,US,Michigan,Saginaw,3475,149,0,43.33433923,-84.05131209999998,26145.0,1823.773610651888,4.287769784172662,3326,3450,149,0,3301,3378,190800,25,0,0,25,72
2020-10-20,US,Michigan,Sanilac,171,7,0,43.42406072,-82.82055898,26151.0,415.3509837260141,4.093567251461988,164,169,7,0,162,165,41182,2,0,0,2,4
2020-10-20,US,Michigan,Schoolcraft,54,0,0,46.19235734,-86.19972234,26153.0,667.1608598962194,0.0,54,54,0,0,54,54,8068,0,0,0,0,0
2020-10-20,US,Michigan,Shiawassee,636,33,0,42.95392800000001,-84.14585902,26155.0,933.619095152814,5.188679245283018,603,635,33,0,602,611,68192,1,0,0,1,24
2020-10-20,US,Michigan,St. Clair,1339,63,0,42.92655373,-82.67937954,26147.0,841.4609622442308,4.705003734129948,1276,1308,63,0,1245,1279,159337,31,0,0,31,29
2020-10-20,US,Michigan,St. Joseph,1083,12,0,41.91441767,-85.52797979,26149.0,1776.4582376484482,1.10803324099723,1071,1062,12,0,1050,1037,61043,21,0,0,21,25
2020-10-20,US,Michigan,Tuscola,600,34,0,43.46606813,-83.41897025,26157.0,1148.4352569623888,5.666666666666668,566,590,34,0,556,577,52516,10,0,0,10,13
2020-10-20,US,Michigan,Unassigned,22,0,0,0.0,0.0,90026.0,0.0,0.0,22,22,0,0,22,10,,0,0,0,0,12
2020-10-20,US,Michigan,Van Buren,967,18,0,42.25190229,-86.01939087,26159.0,1277.7990670877546,1.861427094105481,949,958,18,0,940,929,75448,9,0,0,9,29
2020-10-20,US,Michigan,Washtenaw,4867,116,0,42.253105,-83.83853204,26161.0,1323.9898694508447,2.383398397370043,4751,4772,117,0,4655,4661,370963,95,-1,0,96,111
2020-10-20,US,Michigan,Wayne,38664,3025,0,42.28098405,-83.281255,26163.0,2210.201201250984,7.823815435547278,35639,38435,3025,0,35410,38146,1753893,229,0,0,229,289
2020-10-20,US,Michigan,Wexford,153,4,0,44.33853602,-85.57712739,26165.0,454.93740893818205,2.6143790849673203,149,149,4,0,145,146,33466,4,0,0,4,3
2020-10-20,US,Minnesota,Aitkin,156,2,0,46.60962049,-93.41168259999999,27001.0,981.9967266775776,1.2820512820512822,154,154,2,0,152,151,15902,2,0,0,2,3
2020-10-20,US,Minnesota,Anoka,8154,148,0,45.27476015,-93.24604565,27003.0,2284.5391557235353,1.8150600932057883,8006,8093,148,0,7945,7955,353813,61,0,0,61,138
2020-10-20,US,Minnesota,Becker,503,3,0,46.93479392,-95.67158144,27005.0,1461.2323156029404,0.5964214711729622,500,489,3,0,486,483,34371,14,0,0,14,6
2020-10-20,US,Minnesota,Beltrami,797,7,0,47.97373527,-94.93732139,27007.0,1688.9887259472748,0.8782936010037641,790,768,7,0,761,753,46847,29,0,0,29,15
2020-10-20,US,Minnesota,Benton,857,5,0,45.69804958,-93.99514135,27009.0,2095.918217613539,0.5834305717619603,852,841,5,0,836,826,40545,16,0,0,16,15
2020-10-20,US,Minnesota,Big Stone,128,0,0,45.42712824,-96.41403739,27011.0,2564.6163093568425,0.0,128,127,0,0,127,127,4989,1,0,0,1,0
2020-10-20,US,Minnesota,Blue Earth,1971,7,0,44.03554215,-94.06699781,27013.0,2913.3963017161104,0.3551496702181633,1964,1970,7,0,1963,1958,67427,1,0,0,1,12
2020-10-20,US,Minnesota,Brown,300,3,0,44.24205652,-94.72562874,27015.0,1199.6161228406909,1.0,297,298,3,0,295,290,25111,2,0,0,2,8
2020-10-20,US,Minnesota,Carlton,386,1,0,46.59180601,-92.67601019,27017.0,1076.0781689944524,0.2590673575129533,385,378,1,0,377,372,35837,8,0,0,8,6
2020-10-20,US,Minnesota,Carver,1707,7,0,44.82017001,-93.80099179999999,27019.0,1624.3374663380566,0.4100761570005858,1700,1695,7,0,1688,1686,103551,12,0,0,12,9
2020-10-20,US,Minnesota,Cass,320,5,0,46.95043611,-94.32603968,27021.0,1074.5827596628496,1.5625,315,311,5,0,306,304,29519,9,0,0,9,7
2020-10-20,US,Minnesota,Chippewa,397,3,0,45.02343421,-95.56403693,27023.0,3364.406779661017,0.7556675062972292,394,379,3,0,376,373,11924,18,0,0,18,6
2020-10-20,US,Minnesota,Chisago,879,2,0,45.5021011,-92.90861945,27025.0,1553.579950158186,0.22753128555176336,877,855,2,0,853,831,55922,24,0,0,24,24
2020-10-20,US,Minnesota,Clay,2073,43,0,46.89289518,-96.48761922,27027.0,3227.86584036623,2.074288470815244,2030,2032,43,0,1989,2008,63955,41,0,0,41,24
2020-10-20,US,Minnesota,Clearwater,84,0,0,47.57992111,-95.37790562,27029.0,952.5969607620776,0.0,84,76,0,0,76,74,8810,8,0,0,8,2
2020-10-20,US,Minnesota,Cook,11,0,0,47.90504893,-90.52629546,27031.0,201.35456708768075,0.0,11,11,0,0,11,11,5393,0,0,0,0,0
2020-10-20,US,Minnesota,Cottonwood,264,0,0,44.00715262,-95.18138802,27033.0,2357.984994640943,0.0,264,262,0,0,262,261,11277,2,0,0,2,1
2020-10-20,US,Minnesota,Crow Wing,915,21,0,46.48096553,-94.06755609,27035.0,1406.5021904542316,2.295081967213114,894,879,21,0,858,868,64889,36,0,0,36,11
2020-10-20,US,Minnesota,Dakota,9321,134,0,44.67172617,-93.06299363,27037.0,2172.6209206542335,1.4376139899152451,9187,9251,133,0,9118,9146,425423,70,1,0,69,105
2020-10-20,US,Minnesota,Dodge,366,0,0,44.02238415,-92.86244324,27039.0,1748.3519633132705,0.0,366,362,0,0,362,360,20822,4,0,0,4,2
2020-10-20,US,Minnesota,Douglas,612,3,0,45.93348491,-95.45335469,27041.0,1604.5725072756354,0.4901960784313725,609,604,3,0,601,592,37964,8,0,0,8,12
2020-10-20,US,Minnesota,Faribault,213,0,0,43.67381499,-93.94787458,27043.0,1560.0966820479016,0.0,213,209,0,0,209,208,13758,4,0,0,4,1
2020-10-20,US,Minnesota,Fillmore,238,0,0,43.67394126,-92.08980382,27045.0,1129.7289599848104,0.0,238,238,0,0,238,235,21058,0,0,0,0,3
2020-10-20,US,Minnesota,Freeborn,638,4,0,43.67385583,-93.34884422,27047.0,2106.931739374525,0.6269592476489029,634,632,4,0,628,631,30444,6,0,0,6,1
2020-10-20,US,Minnesota,Goodhue,515,11,0,44.40849741,-92.72341949999999,27049.0,1111.350884764782,2.1359223300970878,504,511,11,0,500,497,46403,4,0,0,4,14
2020-10-20,US,Minnesota,Grant,90,4,0,45.93424769,-96.01139609,27051.0,1507.032819825854,4.4444444444444455,86,89,4,0,85,86,6021,1,0,0,1,3
2020-10-20,US,Minnesota,Hennepin,32544,966,0,45.00761521,-93.47694895,27053.0,2570.934942168973,2.9682890855457233,31578,32336,965,0,31371,32050,1259428,208,1,0,207,286
2020-10-20,US,Minnesota,Houston,181,1,0,43.67129565,-91.49143057,27055.0,973.1182795698925,0.5524861878453039,180,181,1,0,180,180,18578,0,0,0,0,1
2020-10-20,US,Minnesota,Hubbard,335,2,0,47.10778564,-94.91693868,27057.0,1558.7920524870874,0.5970149253731343,333,309,2,0,307,301,21332,26,0,0,26,8
2020-10-20,US,Minnesota,Isanti,495,3,0,45.56181234,-93.29487636,27059.0,1219.3319538870826,0.6060606060606061,492,487,3,0,484,480,39966,8,0,0,8,7
2020-10-20,US,Minnesota,Itasca,684,17,0,47.51009045,-93.63092229,27061.0,1515.6215377797473,2.4853801169590644,667,676,17,0,659,671,45108,8,0,0,8,5
2020-10-20,US,Minnesota,Jackson,198,1,0,43.67423373,-95.15398258,27063.0,2010.9689213893967,0.5050505050505051,197,195,1,0,194,189,9911,3,0,0,3,6
2020-10-20,US,Minnesota,Kanabec,189,10,0,45.9459309,-93.29275192,27065.0,1156.8831486809086,5.291005291005291,179,186,10,0,176,187,16207,3,0,0,3,-1
2020-10-20,US,Minnesota,Kandiyohi,1570,4,0,45.1526059,-95.00586446,27067.0,3634.3433875784162,0.2547770700636943,1566,1549,4,0,1545,1519,42855,21,0,0,21,30
2020-10-20,US,Minnesota,Kittson,27,0,0,48.77754106,-96.78317184,27069.0,628.1991624011167,0.0,27,27,0,0,27,27,4248,0,0,0,0,0
2020-10-20,US,Minnesota,Koochiching,162,4,0,48.24539665,-93.78352843,27071.0,1324.7199280399052,2.469135802469136,158,162,4,0,158,160,12440,0,0,0,0,2
2020-10-20,US,Minnesota,Lac qui Parle,124,2,0,44.9973857,-96.17488219,27073.0,1872.2633247772912,1.6129032258064515,122,123,2,0,121,122,6658,1,0,0,1,1
2020-10-20,US,Minnesota,Lake,105,0,0,47.64270764,-91.44557998,27075.0,986.7493656611219,0.0,105,103,0,0,103,100,10658,2,0,0,2,3
2020-10-20,US,Minnesota,Lake of the Woods,42,1,0,48.77217001,-94.90274472,27077.0,1122.9946524064173,2.380952380952381,41,42,1,0,41,40,3758,0,0,0,0,2
2020-10-20,US,Minnesota,Le Sueur,585,5,0,44.37136597,-93.72844721,27079.0,2025.1324125038943,0.8547008547008547,580,585,5,0,580,582,28494,0,0,0,0,3
2020-10-20,US,Minnesota,Lincoln,167,0,0,44.41311883,-96.26688165,27081.0,2961.517999645327,0.0,167,165,0,0,165,164,5673,2,0,0,2,1
2020-10-20,US,Minnesota,Lyon,928,6,0,44.41327865,-95.83806103,27083.0,3642.93004632174,0.646551724137931,922,925,6,0,919,914,25629,3,0,0,3,11
2020-10-20,US,Minnesota,Mahnomen,97,1,0,47.32557075,-95.80921485,27087.0,1755.0208069477112,1.0309278350515465,96,94,1,0,93,91,5519,3,0,0,3,3
2020-10-20,US,Minnesota,Marshall,88,1,0,48.35825983,-96.37017407,27089.0,942.5878320479865,1.1363636363636365,87,87,1,0,86,86,9390,1,0,0,1,1
2020-10-20,US,Minnesota,Martin,589,16,0,43.67429718,-94.55099908,27091.0,2992.430015749632,2.7164685908319184,573,586,16,0,570,584,19785,3,0,0,3,2
2020-10-20,US,Minnesota,McLeod,569,3,0,44.82367677,-94.27287017,27085.0,1585.2673223191152,0.5272407732864675,566,570,3,0,567,566,35873,-1,0,0,-1,4
2020-10-20,US,Minnesota,Meeker,311,3,0,45.12328869,-94.52839455,27093.0,1339.247265524072,0.964630225080386,308,307,3,0,304,304,23141,4,0,0,4,3
2020-10-20,US,Minnesota,Mille Lacs,360,10,0,45.93705297,-93.63236823,27095.0,1370.0194086082886,2.7777777777777777,350,352,8,0,344,346,26139,8,2,0,6,6
2020-10-20,US,Minnesota,Morrison,629,6,0,46.01265363,-94.27341528,27097.0,1884.0232432756243,0.9538950715421304,623,607,6,0,601,577,33169,22,0,0,22,30
2020-10-20,US,Minnesota,Mower,1491,13,0,43.67142874,-92.75234549,27099.0,3721.731316459488,0.8718980549966465,1478,1489,12,0,1477,1489,40011,2,1,0,1,0
2020-10-20,US,Minnesota,Murray,253,3,0,44.02216709,-95.76328482,27101.0,3087.625091530388,1.1857707509881423,250,248,3,0,245,244,8276,5,0,0,5,4
2020-10-20,US,Minnesota,Nicollet,682,17,0,44.35291112,-94.24710352,27103.0,1989.846530898057,2.49266862170088,665,673,17,0,656,664,34220,9,0,0,9,9
2020-10-20,US,Minnesota,Nobles,2164,16,0,43.67434621,-95.75329576,27105.0,10005.08576448287,0.7393715341959335,2148,2140,16,0,2124,2117,21924,24,0,0,24,23
2020-10-20,US,Minnesota,Norman,97,0,0,47.32628443,-96.45620947,27107.0,1521.5686274509806,0.0,97,94,0,0,94,93,6475,3,0,0,3,1
2020-10-20,US,Minnesota,Olmsted,3089,29,0,44.00374114,-92.40209944,27109.0,1951.4444732237048,0.9388151505341534,3060,3070,29,0,3041,3050,156277,19,0,0,19,20
2020-10-20,US,Minnesota,Otter Tail,772,6,0,46.40846929,-95.70835255,27111.0,1314.1320260102816,0.7772020725388601,766,743,6,0,737,720,58812,29,0,0,29,23
2020-10-20,US,Minnesota,Pennington,165,1,0,48.06642577,-96.0370814,27113.0,1168.6380055244706,0.6060606060606061,164,163,1,0,162,162,14178,2,0,0,2,1
2020-10-20,US,Minnesota,Pine,511,0,0,46.12105238,-92.74070188,27115.0,1727.576997193955,0.0,511,509,0,0,509,504,29483,2,0,0,2,5
2020-10-20,US,Minnesota,Pipestone,328,16,0,44.02301619,-96.25841142,27117.0,3594.126671049748,4.878048780487805,312,326,16,0,310,324,9047,2,0,0,2,2
2020-10-20,US,Minnesota,Polk,502,4,0,47.77372465,-96.40134647,27119.0,1600.561152914169,0.796812749003984,498,492,4,0,488,489,31529,10,0,0,10,3
2020-10-20,US,Minnesota,Pope,148,0,0,45.58606667,-95.44451209,27121.0,1315.6725042225976,0.0,148,148,0,0,148,142,11097,0,0,0,0,6
2020-10-20,US,Minnesota,Ramsey,13430,347,0,45.01625271,-93.09872295,27123.0,2440.39387920868,2.583767684288905,13083,13342,347,0,12995,13185,550210,88,0,0,88,157
2020-10-20,US,Minnesota,Red Lake,59,2,0,47.87197525,-96.09561104,27125.0,1454.993834771887,3.3898305084745757,57,60,2,0,58,56,3999,-1,0,0,-1,4
2020-10-20,US,Minnesota,Redwood,250,11,0,44.40555844,-95.25207021,27127.0,1647.9894528675015,4.4,239,250,11,0,239,248,15249,0,0,0,0,2
2020-10-20,US,Minnesota,Renville,230,11,0,44.72836381,-94.94553734,27129.0,1580.9733296673085,4.782608695652174,219,229,11,0,218,225,14612,1,0,0,1,4
2020-10-20,US,Minnesota,Rice,1581,9,0,44.3543376,-93.29658715,27131.0,2360.6880487367857,0.5692599620493358,1572,1578,9,0,1569,1562,66523,3,0,0,3,16
2020-10-20,US,Minnesota,Rock,301,1,0,43.67482683,-96.25296832,27133.0,3231.347289318304,0.3322259136212625,300,297,1,0,296,286,9414,4,0,0,4,11
2020-10-20,US,Minnesota,Roseau,199,0,0,48.77501878,-95.81079919,27135.0,1312.232113419057,0.0,199,193,0,0,193,189,15150,6,0,0,6,4
2020-10-20,US,Minnesota,Scott,3209,34,0,44.6490231,-93.53340251,27139.0,2153.5033856106515,1.0595200997195389,3175,3185,34,0,3151,3156,147381,24,0,0,24,29
2020-10-20,US,Minnesota,Sherburne,1566,21,0,45.44447208,-93.77617511,27141.0,1610.4814990024474,1.3409961685823757,1545,1562,21,0,1541,1532,96036,4,0,0,4,30
2020-10-20,US,Minnesota,Sibley,238,3,0,44.5796592,-94.23164924,27143.0,1601.0763538513283,1.2605042016806722,235,238,3,0,235,235,15028,0,0,0,0,3
2020-10-20,US,Minnesota,St. Louis,2689,63,0,47.604840700000004,-92.46879855,27137.0,1350.7811322650325,2.342878393454816,2626,2647,63,0,2584,2585,199754,42,0,0,42,62
2020-10-20,US,Minnesota,Stearns,5443,36,0,45.55192576,-94.61078221,27145.0,3379.171193543381,0.6613999632555576,5407,5370,35,0,5335,5255,159256,73,1,0,72,115
2020-10-20,US,Minnesota,Steele,724,2,0,44.02240351,-93.22627088,27147.0,1975.4972850555268,0.27624309392265195,722,721,2,0,719,716,36803,3,0,0,3,5
2020-10-20,US,Minnesota,Stevens,168,1,0,45.58613007,-96.00163705,27149.0,1713.4115247322793,0.5952380952380952,167,168,1,0,167,163,9753,0,0,0,0,5
2020-10-20,US,Minnesota,Swift,192,1,0,45.2829032,-95.68264092,27151.0,2072.0915173753506,0.5208333333333334,191,192,1,0,191,191,9345,0,0,0,0,1
2020-10-20,US,Minnesota,Todd,732,3,0,46.06996226,-94.89785296,27153.0,2967.88842036977,0.4098360655737705,729,723,2,0,721,692,24582,9,1,0,8,31
2020-10-20,US,Minnesota,Traverse,53,0,0,45.77298854,-96.47062949,27155.0,1626.2657256827247,0.0,53,53,0,0,53,49,3308,0,0,0,0,4
2020-10-20,US,Minnesota,Unassigned,195,53,0,0.0,0.0,90027.0,0.0,27.179487179487182,142,265,53,0,212,220,,-70,0,0,-70,45
2020-10-20,US,Minnesota,Wabasha,327,0,0,44.28424356,-92.23121312,27157.0,1511.9988902760438,0.0,327,323,0,0,323,320,21645,4,0,0,4,3
2020-10-20,US,Minnesota,Wadena,198,0,0,46.58589171,-94.96968506,27159.0,1447.1568484139746,0.0,198,188,0,0,188,179,13773,10,0,0,10,9
2020-10-20,US,Minnesota,Waseca,911,9,0,44.02211116,-93.58720034,27161.0,4894.691596819256,0.9879253567508232,902,912,9,0,903,908,18691,-1,0,0,-1,4
2020-10-20,US,Minnesota,Washington,5305,67,0,45.03864533,-92.88429635,27163.0,2021.41441853376,1.2629594721960415,5238,5259,67,0,5192,5172,259201,46,0,0,46,87
2020-10-20,US,Minnesota,Watonwan,568,4,0,43.97823903,-94.61413846,27165.0,5212.443791869322,0.7042253521126759,564,567,4,0,563,563,10980,1,0,0,1,4
2020-10-20,US,Minnesota,Wilkin,125,4,0,46.35721532,-96.4684375,27167.0,2013.8553246334784,3.2,121,124,4,0,120,122,6254,1,0,0,1,2
2020-10-20,US,Minnesota,Winona,1199,18,0,43.98772283,-91.78081305,27169.0,2375.0099041280405,1.5012510425354462,1181,1189,18,0,1171,1167,50825,10,0,0,10,22
2020-10-20,US,Minnesota,Wright,2296,14,0,45.17297924,-93.96234781,27171.0,1659.2352775388974,0.6097560975609756,2282,2276,14,0,2262,2247,136349,20,0,0,20,29
2020-10-20,US,Minnesota,Yellow Medicine,267,5,0,44.71710183,-95.86842453,27173.0,2750.0257493047693,1.8726591760299625,262,265,5,0,260,265,9795,2,0,0,2,0
2020-10-20,US,Mississippi,Adams,1043,43,0,31.47669768,-91.35326037,28001.0,3398.168963607337,4.122722914669224,1000,1043,42,0,1001,1040,31192,0,1,0,-1,3
2020-10-20,US,Mississippi,Alcorn,960,12,0,34.88084463,-88.57996173,28003.0,2597.8946228993586,1.25,948,955,12,0,943,944,36925,5,0,0,5,11
2020-10-20,US,Mississippi,Amite,417,13,0,31.17467303,-90.80501621,28005.0,3391.070992925104,3.117505995203837,404,415,13,0,402,415,12326,2,0,0,2,0
2020-10-20,US,Mississippi,Attala,776,26,0,33.08658803,-89.57838564,28007.0,4269.8360294926815,3.3505154639175267,750,765,25,0,740,763,18365,11,1,0,10,2
2020-10-20,US,Mississippi,Benton,315,4,0,34.81681228,-89.18945516,28009.0,3814.021067925899,1.2698412698412698,311,305,4,0,301,300,8271,10,0,0,10,5
2020-10-20,US,Mississippi,Bolivar,1983,77,0,33.79696941,-90.87372121,28011.0,6474.46780723521,3.883005547150782,1906,1980,75,0,1905,1977,31333,3,2,0,1,3
2020-10-20,US,Mississippi,Calhoun,614,12,0,33.93683395,-89.33686647,28013.0,4275.468282153053,1.954397394136808,602,609,12,0,597,609,14436,5,0,0,5,0
2020-10-20,US,Mississippi,Carroll,463,12,0,33.44834567,-89.91994479,28015.0,4654.669749673269,2.591792656587473,451,460,12,0,448,458,9911,3,0,0,3,2
2020-10-20,US,Mississippi,Chickasaw,826,25,0,33.91983202,-88.9481545,28017.0,4829.562065134772,3.026634382566586,801,820,24,0,796,817,17171,6,1,0,5,3
2020-10-20,US,Mississippi,Choctaw,203,6,0,33.34598242,-89.24809382,28019.0,2472.594397076736,2.955665024630542,197,203,6,0,197,203,8278,0,0,0,0,0
2020-10-20,US,Mississippi,Claiborne,532,16,0,31.97061673,-90.90702196,28021.0,5919.003115264797,3.0075187969924815,516,532,16,0,516,530,9002,0,0,0,0,2
2020-10-20,US,Mississippi,Clarke,723,49,0,32.04158545,-88.68896219999998,28023.0,4652.210282478604,6.77731673582296,674,714,48,0,666,709,15604,9,1,0,8,5
2020-10-20,US,Mississippi,Clay,676,21,0,33.65358105,-88.77784255,28025.0,3499.689376682543,3.1065088757396446,655,672,21,0,651,666,19386,4,0,0,4,6
2020-10-20,US,Mississippi,Coahoma,1234,36,0,34.22772299,-90.60415045,28027.0,5577.653227264509,2.9173419773095626,1198,1231,36,0,1195,1228,22628,3,0,0,3,3
2020-10-20,US,Mississippi,Copiah,1350,36,0,31.86977774,-90.44565118,28029.0,4810.261892036344,2.6666666666666665,1314,1346,36,0,1310,1333,28543,4,0,0,4,13
2020-10-20,US,Mississippi,Covington,925,25,0,31.63225413,-89.55389939,28031.0,4963.511483150891,2.702702702702702,900,916,25,0,891,908,18853,9,0,0,9,8
2020-10-20,US,Mississippi,DeSoto,6701,78,0,34.87625235,-89.99091418,28033.0,3623.2393414258295,1.1640053723324877,6623,6636,77,0,6559,6551,182001,65,1,0,64,85
2020-10-20,US,Mississippi,Forrest,2963,77,0,31.18961454,-89.25832496,28035.0,3956.099710268769,2.5987175160310496,2886,2951,77,0,2874,2927,75036,12,0,0,12,24
2020-10-20,US,Mississippi,Franklin,237,3,0,31.47786634,-90.89672989,28037.0,3072.7343446129908,1.2658227848101269,234,230,3,0,227,228,7788,7,0,0,7,2
2020-10-20,US,Mississippi,George,939,17,0,30.86259065,-88.64436789,28039.0,3832.6530612244896,1.810436634717785,922,935,17,0,918,932,24250,4,0,0,4,3
2020-10-20,US,Mississippi,Greene,455,18,0,31.21444233,-88.63922281,28041.0,3349.035772118357,3.956043956043956,437,453,17,0,436,447,13586,2,1,0,1,6
2020-10-20,US,Mississippi,Grenada,1200,38,0,33.77036166,-89.80245083,28043.0,5780.903747952597,3.1666666666666665,1162,1201,37,0,1164,1196,21055,-1,1,0,-2,5
2020-10-20,US,Mississippi,Hancock,781,27,0,30.41830223,-89.48851033,28045.0,1639.6540141081625,3.4571062740076823,754,769,27,0,742,765,47334,12,0,0,12,4
2020-10-20,US,Mississippi,Harrison,4844,83,0,30.51359752,-89.12467576,28047.0,2327.9507881584004,1.7134599504541699,4761,4811,81,0,4730,4784,206650,33,2,0,31,27
2020-10-20,US,Mississippi,Hinds,7796,173,0,32.2656285,-90.44435448,28049.0,3362.6639061421665,2.2190867111339148,7623,7751,171,0,7580,7731,237085,45,2,0,43,20
2020-10-20,US,Mississippi,Holmes,1135,60,0,33.12345854,-90.08923538,28051.0,6672.545561434449,5.286343612334802,1075,1132,60,0,1072,1130,17622,3,0,0,3,2
2020-10-20,US,Mississippi,Humphreys,412,16,0,33.12825718,-90.52252707,28053.0,5109.126984126984,3.8834951456310685,396,399,16,0,383,399,8257,13,0,0,13,0
2020-10-20,US,Mississippi,Issaquena,106,3,0,32.72531359,-90.97392828,28055.0,7987.942727957799,2.830188679245283,103,106,3,0,103,106,1308,0,0,0,0,0
2020-10-20,US,Mississippi,Itawamba,1104,24,0,34.27993475,-88.3606733,28057.0,4719.965797349295,2.1739130434782608,1080,1090,24,0,1066,1087,23517,14,0,0,14,3
2020-10-20,US,Mississippi,Jackson,4350,81,0,30.54020656,-88.64184064,28059.0,3028.889337613235,1.862068965517241,4269,4319,78,0,4241,4291,143277,31,3,0,28,28
2020-10-20,US,Mississippi,Jasper,674,17,0,32.01922104,-89.11786866,28061.0,4114.020631142038,2.5222551928783377,657,666,16,0,650,660,16428,8,1,0,7,6
2020-10-20,US,Mississippi,Jefferson,270,10,0,31.73397872,-91.03764977,28063.0,3862.660944206009,3.703703703703704,260,263,10,0,253,262,7106,7,0,0,7,1
2020-10-20,US,Mississippi,Jefferson Davis,398,11,0,31.56884708,-89.82670990000004,28065.0,3576.5636232925954,2.7638190954773867,387,394,11,0,383,393,11234,4,0,0,4,1
2020-10-20,US,Mississippi,Jones,2837,82,0,31.62257767,-89.16896899999998,28067.0,4166.05480337161,2.890377158970744,2755,2831,82,0,2749,2816,68461,6,0,0,6,15
2020-10-20,US,Mississippi,Kemper,320,15,0,32.75462946,-88.64105766,28069.0,3284.746458632724,4.6875,305,318,15,0,303,316,10027,2,0,0,2,2
2020-10-20,US,Mississippi,Lafayette,2426,42,0,34.35687874,-89.48490961,28071.0,4491.012421555379,1.7312448474855733,2384,2417,42,0,2375,2413,54793,9,0,0,9,4
2020-10-20,US,Mississippi,Lamar,2171,38,0,31.20572971,-89.5077704,28073.0,3427.371611701372,1.7503454629203132,2133,2149,38,0,2111,2120,62447,22,0,0,22,29
2020-10-20,US,Mississippi,Lauderdale,2376,131,0,32.40419769,-88.66229662,28075.0,3205.3962900505903,5.513468013468014,2245,2344,130,0,2214,2329,75317,32,1,0,31,15
2020-10-20,US,Mississippi,Lawrence,499,14,0,31.55147224,-90.10841127,28077.0,3964.722707770539,2.8056112224448904,485,495,14,0,481,489,12455,4,0,0,4,6
2020-10-20,US,Mississippi,Leake,1133,40,0,32.7536828,-89.52402044,28079.0,4972.351443869043,3.53045013239188,1093,1122,39,0,1083,1118,22763,11,1,0,10,4
2020-10-20,US,Mississippi,Lee,3449,79,0,34.291877500000005,-88.68149954,28081.0,4036.9399316447398,2.290518991011888,3370,3413,79,0,3334,3392,85202,36,0,0,36,21
2020-10-20,US,Mississippi,Leflore,1607,87,0,33.55545125,-90.29900733,28083.0,5702.018947592521,5.413814561294338,1520,1600,86,0,1514,1587,28919,7,1,0,6,13
2020-10-20,US,Mississippi,Lincoln,1355,55,0,31.53288662,-90.45391915,28085.0,3967.440634790502,4.059040590405904,1300,1348,54,0,1294,1339,34205,7,1,0,6,9
2020-10-20,US,Mississippi,Lowndes,1749,62,0,33.47386518,-88.44191529999998,28087.0,2984.896322211793,3.5448827901658087,1687,1739,62,0,1677,1736,58930,10,0,0,10,3
2020-10-20,US,Mississippi,Madison,3739,93,0,32.63389156,-90.03513564,28089.0,3518.330322192111,2.4872960684675047,3646,3717,92,0,3625,3710,105630,22,1,0,21,7
2020-10-20,US,Mississippi,Marion,929,42,0,31.23132643,-89.8209217,28091.0,3780.5721727098853,4.520990312163617,887,932,42,0,890,926,24715,-3,0,0,-3,6
2020-10-20,US,Mississippi,Marshall,1348,26,0,34.76216286,-89.50299462,28093.0,3819.346064486882,1.9287833827893173,1322,1326,26,0,1300,1300,35451,22,0,0,22,26
2020-10-20,US,Mississippi,Monroe,1459,72,0,33.89236763,-88.4808438,28095.0,4138.7722682401,4.934886908841673,1387,1448,72,0,1376,1436,35564,11,0,0,11,12
2020-10-20,US,Mississippi,Montgomery,529,23,0,33.49419589,-89.61729103,28097.0,5411.764705882353,4.3478260869565215,506,527,23,0,504,527,10023,2,0,0,2,0
2020-10-20,US,Mississippi,Neshoba,1814,111,0,32.75339664,-89.11726492,28099.0,6229.823476887148,6.119073869900773,1703,1806,111,0,1695,1795,29125,8,0,0,8,11
2020-10-20,US,Mississippi,Newton,844,27,0,32.40021118,-89.11843336,28101.0,4015.605671329338,3.199052132701422,817,842,27,0,815,842,21443,2,0,0,2,0
2020-10-20,US,Mississippi,Noxubee,596,17,0,33.11009499,-88.56949061,28103.0,5721.416914658729,2.8523489932885906,579,595,16,0,579,595,10535,1,1,0,0,0
2020-10-20,US,Mississippi,Oktibbeha,1958,54,0,33.42491685,-88.87905132,28105.0,3948.615564563293,2.7579162410623086,1904,1946,54,0,1892,1941,49599,12,0,0,12,5
2020-10-20,US,Mississippi,Panola,1663,37,0,34.36398677,-89.95064249,28107.0,4863.7108095460935,2.2248947684906795,1626,1651,36,0,1615,1647,34178,12,1,0,11,4
2020-10-20,US,Mississippi,Pearl River,1089,58,0,30.77090935,-89.58677275,28109.0,1960.9255424507069,5.325987144168963,1031,1082,56,0,1026,1074,55387,7,2,0,5,8
2020-10-20,US,Mississippi,Perry,481,22,0,31.17161885,-88.99281835,28111.0,4017.372421281216,4.573804573804574,459,480,22,0,458,475,11931,1,0,0,1,5
2020-10-20,US,Mississippi,Pike,1372,56,0,31.17507789,-90.40392572,28113.0,3492.1604561189165,4.081632653061225,1316,1364,55,0,1309,1355,39563,8,1,0,7,9
2020-10-20,US,Mississippi,Pontotoc,1438,19,0,34.226046000000004,-89.03636807,28115.0,4469.4473798719455,1.321279554937413,1419,1435,19,0,1416,1430,31833,3,0,0,3,5
2020-10-20,US,Mississippi,Prentiss,1026,19,0,34.61810501,-88.51986294,28117.0,4083.419565390432,1.851851851851852,1007,1016,19,0,997,1009,25315,10,0,0,10,7
2020-10-20,US,Mississippi,Quitman,414,6,0,34.25157572,-90.28908,28119.0,6095.406360424028,1.4492753623188406,408,413,6,0,407,409,7051,1,0,0,1,4
2020-10-20,US,Mississippi,Rankin,3837,86,0,32.26469147,-89.94537876,28121.0,2471.163320903453,2.2413343758144384,3751,3808,86,0,3722,3800,153902,29,0,0,29,8
2020-10-20,US,Mississippi,Scott,1238,29,0,32.406704100000006,-89.53789439,28123.0,4401.934290997013,2.3424878836833605,1209,1232,29,0,1203,1227,28287,6,0,0,6,5
2020-10-20,US,Mississippi,Sharkey,278,14,0,32.88149103,-90.81595379999999,28125.0,6433.6959037259885,5.035971223021583,264,277,14,0,263,277,4377,1,0,0,1,0
2020-10-20,US,Mississippi,Simpson,1186,49,0,31.91282117,-89.91716179,28127.0,4448.945907419911,4.1315345699831365,1137,1181,48,0,1133,1176,26758,5,1,0,4,5
2020-10-20,US,Mississippi,Smith,583,16,0,32.01744532,-89.50644846,28129.0,3662.980648404122,2.74442538593482,567,581,16,0,565,577,16002,2,0,0,2,4
2020-10-20,US,Mississippi,Stone,450,14,0,30.79187949,-89.11547539,28131.0,2454.188481675393,3.111111111111111,436,450,14,0,436,446,18717,0,0,0,0,4
2020-10-20,US,Mississippi,Sunflower,1576,49,0,33.60192578,-90.58882684,28133.0,6276.383910792513,3.1091370558375635,1527,1574,49,0,1525,1567,25735,2,0,0,2,7
2020-10-20,US,Mississippi,Tallahatchie,818,25,0,33.95339918,-90.1729398,28135.0,5923.672966905641,3.056234718826406,793,818,25,0,793,817,13987,0,0,0,0,1
2020-10-20,US,Mississippi,Tate,1132,39,0,34.65133709,-89.94485778,28137.0,3997.034003036616,3.445229681978798,1093,1127,39,0,1088,1123,28759,5,0,0,5,4
2020-10-20,US,Mississippi,Tippah,859,21,0,34.76872156,-88.90988194,28139.0,3901.8850783556672,2.444703143189756,838,851,20,0,831,848,21995,8,1,0,7,3
2020-10-20,US,Mississippi,Tishomingo,793,41,0,34.74023475,-88.23917219,28141.0,4091.21395036888,5.170239596469106,752,790,40,0,750,786,19454,3,1,0,2,4
2020-10-20,US,Mississippi,Tunica,522,17,0,34.64967704,-90.37481167,28143.0,5419.4352159468435,3.2567049808429123,505,518,17,0,501,518,9944,4,0,0,4,0
2020-10-20,US,Mississippi,Union,1152,25,0,34.49162015,-89.00776006,28145.0,3997.917751171265,2.1701388888888893,1127,1139,25,0,1114,1138,28606,13,0,0,13,1
2020-10-20,US,Mississippi,Walthall,633,27,0,31.14971548,-90.10446654,28147.0,4430.9113817723655,4.265402843601897,606,633,27,0,606,634,14465,0,0,0,0,-1
2020-10-20,US,Mississippi,Warren,1527,55,0,32.35810271,-90.83352619,28149.0,3364.844318106697,3.601833660772757,1472,1521,54,0,1467,1518,46176,6,1,0,5,3
2020-10-20,US,Mississippi,Washington,2521,97,0,33.28392041,-90.94196237,28151.0,5741.4197544922445,3.8476794922649744,2424,2514,97,0,2417,2506,45063,7,0,0,7,8
2020-10-20,US,Mississippi,Wayne,987,21,0,31.64135687,-88.69573913,28153.0,4890.254174305108,2.127659574468085,966,985,21,0,964,979,20298,2,0,0,2,6
2020-10-20,US,Mississippi,Webster,366,13,0,33.61300486,-89.28392912,28155.0,3777.4796160594487,3.551912568306011,353,365,13,0,352,363,9788,1,0,0,1,2
2020-10-20,US,Mississippi,Wilkinson,330,20,0,31.16078225,-91.31018819,28157.0,3823.8702201622245,6.0606060606060606,310,329,20,0,309,329,8792,1,0,0,1,0
2020-10-20,US,Mississippi,Winston,822,21,0,33.08747908,-89.03391385,28159.0,4578.111946532999,2.554744525547445,801,815,21,0,794,814,18165,7,0,0,7,1
2020-10-20,US,Mississippi,Yalobusha,493,14,0,34.02824175,-89.70762049999998,28161.0,4071.688140072679,2.8397565922920887,479,484,14,0,470,479,12392,9,0,0,9,5
2020-10-20,US,Mississippi,Yazoo,1193,33,0,32.77890365,-90.39656148,28163.0,4018.187942068037,2.766135792120704,1160,1172,33,0,1139,1169,28248,21,0,0,21,3
2020-10-20,US,Missouri,Adair,467,0,0,40.19058551,-92.60078167,29001.0,1842.7179102710807,0.0,467,463,0,0,463,460,25339,4,0,0,4,3
2020-10-20,US,Missouri,Andrew,403,4,0,39.98492163,-94.80163024,29003.0,2275.2935862691957,0.9925558312655088,399,397,4,0,393,388,17607,6,0,0,6,9
2020-10-20,US,Missouri,Atchison,73,1,0,40.43238737,-95.42970639,29005.0,1419.4050165273184,1.3698630136986298,72,71,1,0,70,71,5171,2,0,0,2,0
2020-10-20,US,Missouri,Audrain,535,7,0,39.215877,-91.84242683,29007.0,2107.294784937766,1.308411214953271,528,533,7,0,526,527,25473,2,0,0,2,6
2020-10-20,US,Missouri,Barry,731,8,0,36.70978521,-93.82919888,29009.0,2042.5270334460308,1.0943912448700408,723,724,7,0,717,707,35886,7,1,0,6,17
2020-10-20,US,Missouri,Barton,399,2,0,37.50207671,-94.34757022,29011.0,3394.5890760592133,0.5012531328320802,397,395,2,0,393,395,11798,4,0,0,4,0
2020-10-20,US,Missouri,Bates,225,5,0,38.25271289,-94.34113157,29013.0,1391.2935938659411,2.2222222222222223,220,224,5,0,219,224,16320,1,0,0,1,0
2020-10-20,US,Missouri,Benton,462,5,0,38.29503305,-93.28756116,29015.0,2376.176515969758,1.0822510822510822,457,454,5,0,449,452,19278,8,0,0,8,2
2020-10-20,US,Missouri,Bollinger,438,2,0,37.32449052,-90.02725304,29017.0,3609.9892854199293,0.45662100456620996,436,435,2,0,433,432,12169,3,0,0,3,3
2020-10-20,US,Missouri,Boone,5646,14,0,38.99186229,-92.30723575,29019.0,3128.619162930905,0.2479631597591215,5632,5625,14,0,5611,5612,180005,21,0,0,21,13
2020-10-20,US,Missouri,Buchanan,2783,35,0,39.65816401,-94.80138942,29021.0,3185.5226409047204,1.2576356449874238,2748,2754,35,0,2719,2736,88571,29,0,0,29,18
2020-10-20,US,Missouri,Butler,1040,8,0,36.71462476,-90.40421163,29023.0,2448.326192381939,0.7692307692307693,1032,1036,8,0,1028,1017,42639,4,0,0,4,19
2020-10-20,US,Missouri,Caldwell,161,1,0,39.65620858,-93.98308093,29025.0,1784.9223946784925,0.6211180124223602,160,158,1,0,157,153,9108,3,0,0,3,5
2020-10-20,US,Missouri,Callaway,1021,5,0,38.83674754,-91.92186505,29027.0,2281.921194376774,0.4897159647404506,1016,1020,5,0,1015,1008,44889,1,0,0,1,12
2020-10-20,US,Missouri,Camden,1478,28,0,38.02199522,-92.76083747,29029.0,3191.879926573804,1.8944519621109608,1450,1451,26,0,1425,1448,45815,27,2,0,25,3
2020-10-20,US,Missouri,Cape Girardeau,2473,45,0,37.38489388,-89.6843587,29031.0,3135.499740081906,1.819652244237768,2428,2447,45,0,2402,2437,78753,26,0,0,26,10
2020-10-20,US,Missouri,Carroll,172,2,0,39.42762566,-93.50626255,29033.0,1981.7951376886733,1.162790697674419,170,172,2,0,170,171,8743,0,0,0,0,1
2020-10-20,US,Missouri,Carter,155,3,0,36.94160441,-90.96051322,29035.0,2591.1066532932127,1.935483870967742,152,153,3,0,150,153,6054,2,0,0,2,0
2020-10-20,US,Missouri,Cass,1909,28,0,38.64789422,-94.353399,29037.0,1804.688977122329,1.466736511262441,1881,1883,28,0,1855,1872,104954,26,0,0,26,11
2020-10-20,US,Missouri,Cedar,211,2,0,37.72391475,-93.85445441,29039.0,1470.4857481357583,0.9478672985781992,209,210,2,0,208,208,14165,1,0,0,1,2
2020-10-20,US,Missouri,Chariton,55,1,0,39.51499357,-92.9629191,29041.0,740.6409911123081,1.818181818181818,54,55,1,0,54,55,7451,0,0,0,0,0
2020-10-20,US,Missouri,Christian,2107,10,0,36.9711783,-93.18537118,29043.0,2378.238049551329,0.4746084480303749,2097,2093,10,0,2083,2080,86983,14,0,0,14,13
2020-10-20,US,Missouri,Clark,104,0,0,40.41040752,-91.73661677,29045.0,1530.086803001324,0.0,104,104,0,0,104,99,6842,0,0,0,0,5
2020-10-20,US,Missouri,Clay,2323,45,0,39.31132056,-94.41850862,29047.0,929.3933138092723,1.9371502367628064,2278,2300,45,0,2255,2300,246365,23,0,0,23,0
2020-10-20,US,Missouri,Clinton,431,11,0,39.6013098,-94.40465394,29049.0,2114.0923137293366,2.5522041763341066,420,427,10,0,417,420,20470,4,1,0,3,7
2020-10-20,US,Missouri,Cole,2543,18,0,38.50455671,-92.27860244,29051.0,3313.570916672096,0.7078254030672434,2525,2520,18,0,2502,2477,76796,23,0,0,23,43
2020-10-20,US,Missouri,Cooper,575,2,0,38.844478,-92.80896081,29053.0,3246.9365859167656,0.3478260869565217,573,573,2,0,571,570,17603,2,0,0,2,3
2020-10-20,US,Missouri,Crawford,561,7,0,37.97663738,-91.30528104,29055.0,2345.3177257525085,1.2477718360071302,554,554,7,0,547,545,23957,7,0,0,7,9
2020-10-20,US,Missouri,Dade,127,0,0,37.431814,-93.8503345,29057.0,1679.6720010580611,0.0,127,127,0,0,127,125,7569,0,0,0,0,2
2020-10-20,US,Missouri,Dallas,288,1,0,37.681135499999996,-93.02127031,29059.0,1706.3633131887664,0.3472222222222222,287,284,1,0,283,278,16762,4,0,0,4,6
2020-10-20,US,Missouri,Daviess,205,3,0,39.96145298,-93.98519678,29061.0,2476.443585407103,1.4634146341463414,202,202,3,0,199,199,8313,3,0,0,3,3
2020-10-20,US,Missouri,DeKalb,256,2,0,39.89201062,-94.40476508,29063.0,2040.328365346298,0.78125,254,252,2,0,250,241,12630,4,0,0,4,11
2020-10-20,US,Missouri,Dent,233,3,0,37.60663134,-91.50790473,29065.0,1496.1792846593466,1.2875536480686696,230,230,3,0,227,230,15441,3,0,0,3,0
2020-10-20,US,Missouri,Douglas,273,6,0,36.9325593,-92.49905109,29067.0,2070.5346985210467,2.1978021978021984,267,272,6,0,266,268,13373,1,0,0,1,4
2020-10-20,US,Missouri,Dunklin,1012,12,0,36.27167174,-90.09122243,29069.0,3473.962445504789,1.1857707509881423,1000,997,12,0,985,982,29423,15,0,0,15,15
2020-10-20,US,Missouri,Franklin,2379,40,0,38.41127108,-91.07522826,29071.0,2288.2260717343,1.6813787305590584,2339,2349,40,0,2309,2321,103670,30,0,0,30,28
2020-10-20,US,Missouri,Gasconade,225,24,0,38.43947277,-91.50847147,29073.0,1529.9877600979196,10.666666666666666,201,221,24,0,197,217,14705,4,0,0,4,4
2020-10-20,US,Missouri,Gentry,173,10,0,40.21097916,-94.40944419,29075.0,2632.7803987216557,5.780346820809249,163,172,10,0,162,171,6628,1,0,0,1,1
2020-10-20,US,Missouri,Greene,8436,106,0,37.2575872,-93.34230916,29077.0,2878.336051534362,1.256519677572309,8330,8352,105,0,8247,8299,291923,84,1,0,83,53
2020-10-20,US,Missouri,Grundy,244,9,0,40.11406587,-93.56509276,29079.0,2477.157360406092,3.6885245901639343,235,242,9,0,233,239,9914,2,0,0,2,3
2020-10-20,US,Missouri,Harrison,177,1,0,40.35570088,-93.99222144,29081.0,2119.2528735632186,0.5649717514124294,176,175,1,0,174,171,8414,2,0,0,2,4
2020-10-20,US,Missouri,Henry,346,5,0,38.38482826,-93.79293734,29083.0,1585.4105571847504,1.4450867052023122,341,345,5,0,340,343,21792,1,0,0,1,2
2020-10-20,US,Missouri,Hickory,181,3,0,37.94163617,-93.3203037,29085.0,1896.479463537301,1.6574585635359116,178,178,3,0,175,177,9509,3,0,0,3,1
2020-10-20,US,Missouri,Holt,111,1,0,40.09799248,-95.21638879999999,29087.0,2521.008403361345,0.9009009009009008,110,110,1,0,109,106,4404,1,0,0,1,4
2020-10-20,US,Missouri,Howard,226,2,0,39.1435761,-92.69756691,29089.0,2259.7740225977404,0.8849557522123894,224,226,2,0,224,226,10137,0,0,0,0,0
2020-10-20,US,Missouri,Howell,1030,6,0,36.77383887,-91.88683935,29091.0,2567.490091482414,0.5825242718446602,1024,1015,6,0,1009,995,40076,15,0,0,15,20
2020-10-20,US,Missouri,Iron,92,0,0,37.55487945,-90.7735296,29093.0,908.6419753086419,0.0,92,91,0,0,91,91,10177,1,0,0,1,0
2020-10-20,US,Missouri,Jackson,9310,116,0,39.01002188,-94.34724536,29095.0,1324.3036026463312,1.245972073039742,9194,9196,117,0,9079,9174,700307,114,-1,0,115,22
2020-10-20,US,Missouri,Jasper,4843,68,0,37.20351921,-94.34050458,29097.0,3991.658974020836,1.4040883749741897,4775,4812,67,0,4745,4806,120636,31,1,0,30,6
2020-10-20,US,Missouri,Jefferson,5226,78,0,38.25926778,-90.53870896,29099.0,2321.830807575939,1.492537313432836,5148,5174,77,0,5097,5132,224347,52,1,0,51,42
2020-10-20,US,Missouri,Johnson,1403,11,0,38.74719601,-93.80691168,29101.0,2595.168510228996,0.7840342124019958,1392,1402,11,0,1391,1399,53652,1,0,0,1,3
2020-10-20,US,Missouri,Kansas City,13792,172,0,39.0997,-94.5786,0.0,2820.7787001756847,1.2470997679814386,13620,13733,164,0,13569,13614,491918,59,8,0,51,119
2020-10-20,US,Missouri,Knox,59,1,0,40.12699751,-92.14780832,29103.0,1490.2753220510226,1.6949152542372878,58,59,1,0,58,59,3947,0,0,0,0,0
2020-10-20,US,Missouri,Laclede,1086,18,0,37.65896829,-92.5888493,29105.0,3040.0582257929063,1.6574585635359116,1068,1077,18,0,1059,1067,35713,9,0,0,9,10
2020-10-20,US,Missouri,Lafayette,745,24,0,39.06986886,-93.78076396,29107.0,2277.730218906689,3.2214765100671134,721,738,24,0,714,738,32598,7,0,0,7,0
2020-10-20,US,Missouri,Lawrence,992,14,0,37.10626634,-93.83293097,29109.0,2586.364228914092,1.4112903225806452,978,974,14,0,960,957,38359,18,0,0,18,17
2020-10-20,US,Missouri,Lewis,173,2,0,40.09673161,-91.72070156,29111.0,1769.6399345335517,1.1560693641618498,171,171,2,0,169,169,9855,2,0,0,2,2
2020-10-20,US,Missouri,Lincoln,1068,5,0,39.05345619,-90.95588181,29113.0,1809.7707284835544,0.4681647940074906,1063,1064,5,0,1059,1049,57686,4,0,0,4,15
2020-10-20,US,Missouri,Linn,152,2,0,39.87001769,-93.10704106,29115.0,1275.1677852348994,1.3157894736842106,150,152,2,0,150,152,12037,0,0,0,0,0
2020-10-20,US,Missouri,Livingston,544,6,0,39.78110272,-93.54645978,29117.0,3572.6013003217968,1.1029411764705883,538,542,6,0,536,542,15146,2,0,0,2,0
2020-10-20,US,Missouri,Macon,197,1,0,39.83049768,-92.56453089,29121.0,1303.1686181120592,0.5076142131979695,196,197,1,0,196,194,15153,0,0,0,0,3
2020-10-20,US,Missouri,Madison,443,2,0,37.47865134,-90.34671429999999,29123.0,3664.7915287888814,0.4514672686230248,441,433,2,0,431,428,12188,10,0,0,10,5
2020-10-20,US,Missouri,Maries,145,0,0,38.16193985,-91.92249662,29125.0,1667.2415775554791,0.0,145,140,0,0,140,139,8769,5,0,0,5,1
2020-10-20,US,Missouri,Marion,838,14,0,39.80601912,-91.62203062,29127.0,2937.259025587101,1.6706443914081146,824,822,14,0,808,813,28592,16,0,0,16,9
2020-10-20,US,Missouri,McDonald,1190,11,0,36.62869595,-94.34867205,29119.0,5210.842054560581,0.9243697478991596,1179,1189,11,0,1178,1183,23078,1,0,0,1,6
2020-10-20,US,Missouri,Mercer,31,0,0,40.42212303,-93.56829590000001,29129.0,857.0638650815595,0.0,31,31,0,0,31,31,3641,0,0,0,0,0
2020-10-20,US,Missouri,Miller,783,5,0,38.21450288,-92.42610898,29131.0,3056.3253835044293,0.6385696040868455,778,777,5,0,772,749,25336,6,0,0,6,28
2020-10-20,US,Missouri,Mississippi,398,5,0,36.82516239,-89.29505753,29133.0,3019.7268588770867,1.256281407035176,393,390,5,0,385,381,13336,8,0,0,8,9
2020-10-20,US,Missouri,Moniteau,501,8,0,38.63571781,-92.57976951,29135.0,3105.6285643441606,1.5968063872255491,493,492,7,0,485,486,16121,9,1,0,8,6
2020-10-20,US,Missouri,Monroe,135,1,0,39.49593978,-92.00043978,29137.0,1561.776955113373,0.7407407407407407,134,132,1,0,131,125,8664,3,0,0,3,7
2020-10-20,US,Missouri,Montgomery,111,1,0,38.94022054,-91.47000721,29139.0,960.9557614059387,0.9009009009009008,110,110,1,0,109,109,11534,1,0,0,1,1
2020-10-20,US,Missouri,Morgan,596,6,0,38.4181765,-92.88791859,29141.0,2889.4167838270228,1.0067114093959733,590,584,6,0,578,571,20358,12,0,0,12,13
2020-10-20,US,Missouri,New Madrid,707,20,0,36.59666326,-89.66070007,29143.0,4140.313890840946,2.8288543140028284,687,703,20,0,683,695,17296,4,0,0,4,8
2020-10-20,US,Missouri,Newton,1905,17,0,36.90519407,-94.3394104,29145.0,3271.1724706367195,0.8923884514435696,1888,1890,17,0,1873,1887,58266,15,0,0,15,3
2020-10-20,US,Missouri,Nodaway,1024,10,0,40.36079813,-94.88133008,29147.0,4635.162049610719,0.9765625,1014,1017,10,0,1007,1017,22304,7,0,0,7,0
2020-10-20,US,Missouri,Oregon,213,0,0,36.68710164,-91.4033755,29149.0,2022.984139044544,0.0,213,212,0,0,212,209,10541,1,0,0,1,3
2020-10-20,US,Missouri,Osage,424,3,0,38.46036182,-91.8613635,29151.0,3114.2122658832172,0.7075471698113207,421,413,3,0,410,397,13714,11,0,0,11,16
2020-10-20,US,Missouri,Ozark,179,1,0,36.64916339,-92.44459066,29153.0,1951.1663396555482,0.5586592178770949,178,175,1,0,174,175,9017,4,0,0,4,0
2020-10-20,US,Missouri,Pemiscot,678,12,0,36.2130572,-89.78742322,29155.0,4289.7817146472635,1.7699115044247788,666,674,12,0,662,667,16272,4,0,0,4,7
2020-10-20,US,Missouri,Perry,761,7,0,37.70660776,-89.82741088,29157.0,3976.797658862876,0.9198423127463864,754,755,7,0,748,748,19150,6,0,0,6,7
2020-10-20,US,Missouri,Pettis,1457,14,0,38.72798918,-93.28471706,29159.0,3441.271640803987,0.9608785175017158,1443,1432,14,0,1418,1411,42542,25,0,0,25,21
2020-10-20,US,Missouri,Phelps,767,19,0,37.87736118,-91.79351727,29161.0,1720.7726650662958,2.4771838331160363,748,765,19,0,746,759,44732,2,0,0,2,6
2020-10-20,US,Missouri,Pike,307,8,0,39.34310674,-91.16980779,29163.0,1677.4123046661566,2.6058631921824102,299,305,8,0,297,302,18504,2,0,0,2,3
2020-10-20,US,Missouri,Platte,921,12,0,39.38154439,-94.77068479,29165.0,882.0318335919092,1.3029315960912051,909,909,12,0,897,903,102985,12,0,0,12,6
2020-10-20,US,Missouri,Polk,890,8,0,37.616229600000004,-93.39828174,29167.0,2768.3598245668604,0.8988764044943821,882,875,8,0,867,866,32201,15,0,0,15,9
2020-10-20,US,Missouri,Pulaski,900,9,0,37.82462075,-92.20783203,29169.0,1710.7989431064307,1.0,891,894,9,0,885,891,52014,6,0,0,6,3
2020-10-20,US,Missouri,Putnam,48,1,0,40.47942497,-93.02042674,29171.0,1022.1465076660988,2.083333333333333,47,48,1,0,47,48,4757,0,0,0,0,0
2020-10-20,US,Missouri,Ralls,193,0,0,39.52817427,-91.51838643,29173.0,1872.1505480647975,0.0,193,190,0,0,190,184,10212,3,0,0,3,6
2020-10-20,US,Missouri,Randolph,508,3,0,39.44007257,-92.49713740000001,29175.0,2052.691126555681,0.5905511811023622,505,503,3,0,500,493,24763,5,0,0,5,10
2020-10-20,US,Missouri,Ray,247,2,0,39.353746799999996,-93.98905745,29177.0,1073.0732470240682,0.8097165991902834,245,236,2,0,234,233,22883,11,0,0,11,3
2020-10-20,US,Missouri,Reynolds,60,0,0,37.36085952,-90.97009925,29179.0,956.9377990430625,0.0,60,60,0,0,60,57,6254,0,0,0,0,3
2020-10-20,US,Missouri,Ripley,229,4,0,36.65460667,-90.85990261,29181.0,1723.3594220349191,1.7467248908296944,225,222,4,0,218,215,13401,7,0,0,7,7
2020-10-20,US,Missouri,Saline,907,9,0,39.13734288,-93.20259964,29195.0,3984.8864285400464,0.9922822491730982,898,895,9,0,886,891,22895,12,0,0,12,4
2020-10-20,US,Missouri,Schuyler,35,0,0,40.46921489,-92.52311943,29197.0,751.0729613733905,0.0,35,35,0,0,35,35,4599,0,0,0,0,0
2020-10-20,US,Missouri,Scotland,63,1,0,40.45214695,-92.14709064,29199.0,1285.1897184822521,1.5873015873015872,62,63,1,0,62,61,4966,0,0,0,0,2
2020-10-20,US,Missouri,Scott,1295,19,0,37.05588075,-89.56474493,29201.0,3382.9676071055383,1.4671814671814671,1276,1266,18,0,1248,1244,38458,29,1,0,28,22
2020-10-20,US,Missouri,Shannon,202,3,0,37.15772072,-91.40190382,29203.0,2473.671320107764,1.4851485148514851,199,200,3,0,197,196,8189,2,0,0,2,4
2020-10-20,US,Missouri,Shelby,96,1,0,39.79742518,-92.07634971,29205.0,1618.8870151770655,1.0416666666666667,95,97,1,0,96,96,6050,-1,0,0,-1,1
2020-10-20,US,Missouri,St. Charles,9886,144,0,38.77875681,-90.66662425,29183.0,2459.069404161961,1.4566053004248432,9742,9738,141,0,9597,9608,399182,148,3,0,145,130
2020-10-20,US,Missouri,St. Clair,108,1,0,38.03699437,-93.77631447,29185.0,1149.30296903267,0.925925925925926,107,107,1,0,106,105,9395,1,0,0,1,2
2020-10-20,US,Missouri,St. Francois,2660,22,0,37.81214171,-90.47598685,29187.0,3957.449973964145,0.8270676691729323,2638,2635,22,0,2613,2618,66692,25,0,0,25,17
2020-10-20,US,Missouri,St. Louis,28380,860,0,38.63770039999999,-90.4458375,29189.0,2854.5420713032013,3.0303030303030303,27520,28239,857,0,27382,27900,996945,141,3,0,138,339
2020-10-20,US,Missouri,St. Louis City,8008,218,0,38.63555736,-90.24349225,29510.0,2664.2180347066965,2.7222777222777217,7790,7957,218,0,7739,7891,302838,51,0,0,51,66
2020-10-20,US,Missouri,Ste. Genevieve,314,1,0,37.89090059,-90.1949941,29186.0,1754.7781379233263,0.3184713375796178,313,303,1,0,302,290,17888,11,0,0,11,13
2020-10-20,US,Missouri,Stoddard,782,15,0,36.85571651,-89.9444155,29207.0,2694.2291128337642,1.918158567774936,767,761,15,0,746,754,29206,21,0,0,21,7
2020-10-20,US,Missouri,Stone,640,7,0,36.75000327,-93.45256475,29209.0,2003.0045067601397,1.09375,633,637,7,0,630,633,31749,3,0,0,3,4
2020-10-20,US,Missouri,Sullivan,278,1,0,40.2099105,-93.11150106,29211.0,4565.610116603712,0.3597122302158273,277,277,1,0,276,275,6221,1,0,0,1,2
2020-10-20,US,Missouri,Taney,1579,33,0,36.65465345,-93.04075153,29213.0,2823.2727792876562,2.0899303356554784,1546,1567,33,0,1534,1556,55852,12,0,0,12,11
2020-10-20,US,Missouri,Texas,533,3,0,37.31728859,-91.96564727,29215.0,2098.590440192141,0.5628517823639775,530,530,3,0,527,517,25571,3,0,0,3,13
2020-10-20,US,Missouri,Vernon,294,3,0,37.8457799,-94.34127305,29217.0,1429.7524680250933,1.020408163265306,291,291,3,0,288,288,20528,3,0,0,3,3
2020-10-20,US,Missouri,Warren,577,1,0,38.76529479,-91.16124662,29219.0,1618.5587253499398,0.1733102253032929,576,574,1,0,573,570,34711,3,0,0,3,4
2020-10-20,US,Missouri,Washington,603,16,0,37.96130078,-90.87948158,29221.0,2438.334007278609,2.6533996683250414,587,601,16,0,585,596,24943,2,0,0,2,5
2020-10-20,US,Missouri,Wayne,293,1,0,37.11303869,-90.46001416,29223.0,2276.081721432456,0.3412969283276451,292,291,1,0,290,290,13122,2,0,0,2,1
2020-10-20,US,Missouri,Webster,1053,11,0,37.2813734,-92.876329,29225.0,2659.628207718731,1.0446343779677112,1042,1047,8,0,1039,1039,39109,6,3,0,3,8
2020-10-20,US,Missouri,Worth,26,0,0,40.47945588,-94.42328751,29227.0,1291.6045702930949,0.0,26,26,0,0,26,26,2040,0,0,0,0,0
2020-10-20,US,Missouri,Wright,563,1,0,37.27029221,-92.46914488,29229.0,3078.353108425829,0.17761989342806395,562,560,1,0,559,556,18378,3,0,0,3,4
2020-10-20,US,Montana,Beaverhead,237,1,0,45.13434354,-112.89846940000001,30001.0,2507.140590288797,0.4219409282700422,236,233,1,0,232,231,9404,4,0,0,4,2
2020-10-20,US,Montana,Big Horn,1181,34,0,45.42335905,-107.492347,30003.0,8867.032059463923,2.8789161727349706,1147,1129,33,0,1096,1129,13338,52,1,0,51,0
2020-10-20,US,Montana,Blaine,241,2,0,48.43175214,-108.9582723,30005.0,3607.2444244873523,0.8298755186721992,239,228,2,0,226,206,6807,13,0,0,13,22
2020-10-20,US,Montana,Broadwater,41,0,0,46.33277565,-111.49558130000001,30007.0,657.3673240339908,0.0,41,39,0,0,39,39,6085,2,0,0,2,0
2020-10-20,US,Montana,Carbon,204,0,0,45.22850116,-109.0274047,30009.0,1902.0979020979016,0.0,204,200,0,0,200,199,10714,4,0,0,4,1
2020-10-20,US,Montana,Carter,32,0,0,45.5197966,-104.53955359999999,30011.0,2555.9105431309904,0.0,32,32,0,0,32,32,1238,0,0,0,0,0
2020-10-20,US,Montana,Cascade,1508,6,0,47.30797024,-111.3467922,30013.0,1853.353980778212,0.3978779840848806,1502,1465,6,0,1459,1389,81643,43,0,0,43,76
2020-10-20,US,Montana,Chouteau,62,0,0,47.88084126,-110.4353362,30015.0,1100.2661934338953,0.0,62,56,0,0,56,54,5745,6,0,0,6,2
2020-10-20,US,Montana,Custer,198,3,0,46.25319932,-105.57375259999998,30017.0,1736.5374495702508,1.5151515151515151,195,188,2,0,186,186,11586,10,1,0,9,2
2020-10-20,US,Montana,Daniels,22,0,0,48.78420029,-105.54763429999998,30019.0,1301.775147928994,0.0,22,16,0,0,16,15,1747,6,0,0,6,1
2020-10-20,US,Montana,Dawson,167,1,0,47.26584855,-104.89444170000002,30021.0,1938.9295251364213,0.5988023952095808,166,162,1,0,161,159,8680,5,0,0,5,3
2020-10-20,US,Montana,Deer Lodge,353,0,0,46.05953325,-113.073353,30023.0,3862.144420131291,0.0,353,335,0,0,335,335,9131,18,0,0,18,0
2020-10-20,US,Montana,Fallon,37,0,0,46.33478338,-104.41835649999999,30025.0,1300.0702740688687,0.0,37,32,0,0,32,32,2920,5,0,0,5,0
2020-10-20,US,Montana,Fergus,167,2,0,47.26331584,-109.2245206,30027.0,1511.3122171945706,1.1976047904191616,165,166,2,0,164,163,11113,1,0,0,1,3
2020-10-20,US,Montana,Flathead,2658,23,0,48.29575866,-114.05205690000001,30029.0,2560.5456332003932,0.8653122648607976,2635,2535,23,0,2512,2483,102106,123,0,0,123,52
2020-10-20,US,Montana,Gallatin,2343,6,0,45.54486106,-111.1692571,30031.0,2047.4684097383645,0.2560819462227913,2337,2283,5,0,2278,2240,111876,60,1,0,59,43
2020-10-20,US,Montana,Garfield,19,0,0,47.27545948,-107.0002351,30033.0,1510.3338632750394,0.0,19,19,0,0,19,19,1268,0,0,0,0,0
2020-10-20,US,Montana,Glacier,800,2,0,48.70513576,-112.9934235,30035.0,5816.912673598487,0.25,798,779,2,0,777,777,13747,21,0,0,21,2
2020-10-20,US,Montana,Golden Valley,10,0,0,46.3816474,-109.17685220000001,30037.0,1218.026796589525,0.0,10,10,0,0,10,6,826,0,0,0,0,4
2020-10-20,US,Montana,Granite,53,0,0,46.40605220000001,-113.4414186,30039.0,1568.5113939035218,0.0,53,52,0,0,52,50,3378,1,0,0,1,2
2020-10-20,US,Montana,Hill,593,12,0,48.62879827,-110.1129252,30041.0,3597.4278087842767,2.023608768971332,581,553,10,0,543,542,16347,40,2,0,38,11
2020-10-20,US,Montana,Jefferson,137,0,0,46.14907081,-112.094396,30043.0,1121.0211930283938,0.0,137,134,0,0,134,130,12097,3,0,0,3,4
2020-10-20,US,Montana,Judith Basin,15,0,0,47.04581276,-110.26606880000001,30045.0,747.3841554559042,0.0,15,15,0,0,15,14,1952,0,0,0,0,1
2020-10-20,US,Montana,Lake,455,1,0,47.64514965,-114.0898013,30047.0,1493.8603979250115,0.21978021978021975,454,451,1,0,450,427,30250,4,0,0,4,24
2020-10-20,US,Montana,Lewis and Clark,675,3,0,47.12610041,-112.39469799999999,30049.0,972.1742136190803,0.4444444444444444,672,636,3,0,633,606,68700,39,0,0,39,30
2020-10-20,US,Montana,Liberty,28,0,0,48.56084317,-111.02430700000001,30051.0,1198.117244330338,0.0,28,28,0,0,28,28,2430,0,0,0,0,0
2020-10-20,US,Montana,Lincoln,254,3,0,48.54265777,-115.4046155,30053.0,1271.2712712712712,1.1811023622047243,251,245,3,0,242,245,19794,9,0,0,9,0
2020-10-20,US,Montana,Madison,142,1,0,45.30080065,-111.9173017,30057.0,1651.1627906976746,0.7042253521126759,141,139,1,0,138,132,8768,3,0,0,3,7
2020-10-20,US,Montana,McCone,48,0,0,47.64469406,-105.79449939999999,30055.0,2884.615384615385,0.0,48,48,0,0,48,46,1675,0,0,0,0,2
2020-10-20,US,Montana,Meagher,55,2,0,46.59907074,-110.8898557,30059.0,2953.813104189044,3.636363636363636,53,51,2,0,49,49,1866,4,0,0,4,2
2020-10-20,US,Montana,Mineral,14,0,0,47.15283992,-115.00152390000001,30061.0,318.3989083466,0.0,14,14,0,0,14,13,4316,0,0,0,0,1
2020-10-20,US,Montana,Missoula,1705,8,0,47.03728583,-113.92135079999998,30063.0,1425.5852842809365,0.469208211143695,1697,1643,7,0,1636,1581,118791,62,1,0,61,62
2020-10-20,US,Montana,Musselshell,72,1,0,46.49684637,-108.39498,30065.0,1554.068638031513,1.3888888888888888,71,72,1,0,71,67,4651,0,0,0,0,5
2020-10-20,US,Montana,Park,190,0,0,45.48965095,-110.52643940000002,30067.0,1144.1647597254005,0.0,190,187,0,0,187,177,16736,3,0,0,3,10
2020-10-20,US,Montana,Petroleum,3,0,0,47.118246299999996,-108.2508876,30069.0,616.0164271047228,0.0,3,3,0,0,3,3,513,0,0,0,0,0
2020-10-20,US,Montana,Phillips,144,0,0,48.25936577,-107.9128511,30071.0,3641.8816388467376,0.0,144,143,0,0,143,143,4074,1,0,0,1,0
2020-10-20,US,Montana,Pondera,135,1,0,48.22773388,-112.22527029999999,30073.0,2283.877516494671,0.7407407407407407,134,133,1,0,132,133,5972,2,0,0,2,0
2020-10-20,US,Montana,Powder River,47,3,0,45.39617714,-105.636738,30075.0,2794.292508917955,6.382978723404255,44,47,3,0,44,47,1716,0,0,0,0,0
2020-10-20,US,Montana,Powell,80,0,0,46.85538891,-112.93591640000001,30077.0,1161.1030478955008,0.0,80,43,0,0,43,37,6968,37,0,0,37,6
2020-10-20,US,Montana,Prairie,29,0,0,46.86048047,-105.379384,30079.0,2692.664809656453,0.0,29,29,0,0,29,29,1087,0,0,0,0,0
2020-10-20,US,Montana,Ravalli,345,4,0,46.08520862,-114.11891640000002,30081.0,787.5633474866456,1.1594202898550725,341,342,4,0,338,329,43172,3,0,0,3,13
2020-10-20,US,Montana,Richland,229,2,0,47.78668011,-104.5610786,30083.0,2119.781542164213,0.8733624454148472,227,224,2,0,222,208,10913,5,0,0,5,16
2020-10-20,US,Montana,Roosevelt,786,14,0,48.29607488,-105.00792679999999,30085.0,7142.857142857143,1.7811704834605595,772,779,14,0,765,768,11059,7,0,0,7,11
2020-10-20,US,Montana,Rosebud,735,20,0,46.23397237,-106.72928799999998,30087.0,8224.236320913058,2.7210884353741496,715,731,20,0,711,726,9063,4,0,0,4,5
2020-10-20,US,Montana,Sanders,88,1,0,47.67657534,-115.1329916,30089.0,726.4921984644596,1.1363636363636365,87,88,1,0,87,82,11844,0,0,0,0,6
2020-10-20,US,Montana,Sheridan,47,0,0,48.72085833,-104.50382900000001,30091.0,1420.3686914475672,0.0,47,46,0,0,46,46,3424,1,0,0,1,0
2020-10-20,US,Montana,Silver Bow,481,0,0,45.90018933,-112.6620092,30093.0,1377.631390519834,0.0,481,462,0,0,462,456,34993,19,0,0,19,6
2020-10-20,US,Montana,Stillwater,154,3,0,45.67071407,-109.3950061,30095.0,1597.1790085044595,1.9480519480519483,151,141,3,0,138,141,9534,13,0,0,13,0
2020-10-20,US,Montana,Sweet Grass,61,2,0,45.81367654,-109.9425686,30097.0,1632.3253947016324,3.278688524590164,59,61,2,0,59,58,3710,0,0,0,0,3
2020-10-20,US,Montana,Teton,73,0,0,47.83741052,-112.24106880000001,30099.0,1187.5711729298846,0.0,73,74,0,0,74,74,6162,-1,0,0,-1,0
2020-10-20,US,Montana,Toole,301,6,0,48.65577551,-111.69424140000001,30101.0,6355.574324324324,1.9933554817275747,295,301,6,0,295,300,4853,0,0,0,0,1
2020-10-20,US,Montana,Treasure,11,0,0,46.20973220000001,-107.26665159999999,30103.0,1580.4597701149426,0.0,11,11,0,0,11,11,679,0,0,0,0,0
2020-10-20,US,Montana,Valley,285,2,0,48.36435097,-106.6669635,30105.0,3853.43428880476,0.7017543859649122,283,280,2,0,278,264,7437,5,0,0,5,16
2020-10-20,US,Montana,Wheatland,60,2,0,46.46652491,-109.84646359999999,30107.0,2822.2013170272808,3.333333333333333,58,61,1,0,60,60,2236,-1,1,0,-2,1
2020-10-20,US,Montana,Wibaux,37,0,0,46.95925154,-104.2510927,30109.0,3818.3694530443763,0.0,37,37,0,0,37,37,1034,0,0,0,0,0
2020-10-20,US,Montana,Yellowstone,5246,81,0,45.93955949,-108.26914860000001,30111.0,3252.324860508369,1.5440335493709494,5165,5179,77,0,5102,5068,160137,67,4,0,63,111
2020-10-20,US,Nebraska,Adams,754,13,0,40.52449420000001,-98.50117804,31001.0,2404.106749992029,1.7241379310344829,741,733,13,0,720,709,31511,21,0,0,21,24
2020-10-20,US,Nebraska,Antelope,141,1,0,42.17695516,-98.06662829999999,31003.0,2238.8059701492543,0.7092198581560284,140,139,1,0,138,139,6336,2,0,0,2,0
2020-10-20,US,Nebraska,Arthur,3,0,0,41.56896142,-101.6959559,31005.0,647.9481641468683,0.0,3,3,0,0,3,3,465,0,0,0,0,0
2020-10-20,US,Nebraska,Banner,3,0,0,41.54634427,-103.7114332,31007.0,402.6845637583893,0.0,3,2,0,0,2,2,730,1,0,0,1,0
2020-10-20,US,Nebraska,Blaine,2,0,0,41.91311716,-99.97677845,31009.0,430.1075268817205,0.0,2,3,0,0,3,3,476,-1,0,0,-1,0
2020-10-20,US,Nebraska,Boone,131,0,0,41.70759415,-98.06737183,31011.0,2523.1124807395995,0.0,131,129,0,0,129,127,5239,2,0,0,2,2
2020-10-20,US,Nebraska,Box Butte,167,1,0,42.22079243,-103.08788340000001,31013.0,1548.7341185198925,0.5988023952095808,166,162,1,0,161,157,10772,5,0,0,5,5
2020-10-20,US,Nebraska,Boyd,50,0,0,42.899727399999996,-98.76486568,31015.0,2605.5237102657634,0.0,50,49,0,0,49,49,1955,1,0,0,1,0
2020-10-20,US,Nebraska,Brown,64,0,0,42.43018907,-99.92904055,31017.0,2165.8206429780034,0.0,64,65,0,0,65,65,2973,-1,0,0,-1,0
2020-10-20,US,Nebraska,Buffalo,1598,6,0,40.85486962,-99.07500296,31019.0,3217.9463944098748,0.37546933667083854,1592,1579,6,0,1573,1574,49615,19,0,0,19,5
2020-10-20,US,Nebraska,Burt,100,1,0,41.85056773,-96.32605633,31021.0,1548.2272797646694,1.0,99,101,1,0,100,100,6488,-1,0,0,-1,1
2020-10-20,US,Nebraska,Butler,231,1,0,41.22703692,-97.13106306,31023.0,2881.736526946108,0.4329004329004329,230,224,1,0,223,219,8058,7,0,0,7,5
2020-10-20,US,Nebraska,Cass,471,4,0,40.90899107,-96.13971217,31025.0,1794.4224321853094,0.8492569002123143,467,465,3,0,462,457,26159,6,1,0,5,8
2020-10-20,US,Nebraska,Cedar,133,0,0,42.598885100000004,-97.25311951,31027.0,1582.9564389431089,0.0,133,131,0,0,131,129,8446,2,0,0,2,2
2020-10-20,US,Nebraska,Chase,127,0,0,40.523719799999995,-101.69780259999999,31029.0,3236.493374108053,0.0,127,125,0,0,125,120,3977,2,0,0,2,5
2020-10-20,US,Nebraska,Cherry,62,4,0,42.54502621,-101.1244332,31031.0,1089.8224644049922,6.451612903225807,58,62,4,0,58,62,5761,0,0,0,0,0
2020-10-20,US,Nebraska,Cheyenne,77,1,0,41.21999357,-102.9941693,31033.0,864.1975308641977,1.2987012987012987,76,75,1,0,74,74,9310,2,0,0,2,1
2020-10-20,US,Nebraska,Clay,138,0,0,40.52439441,-98.05126296,31035.0,2224.72996936966,0.0,138,130,0,0,130,122,6214,8,0,0,8,8
2020-10-20,US,Nebraska,Colfax,871,7,0,41.57486951,-97.0868542,31037.0,8133.345783920067,0.8036739380022963,864,866,7,0,859,864,10881,5,0,0,5,2
2020-10-20,US,Nebraska,Cuming,247,2,0,41.91637624,-96.78730772,31039.0,2792.2224734343213,0.8097165991902834,245,243,2,0,241,239,8940,4,0,0,4,4
2020-10-20,US,Nebraska,Custer,176,4,0,41.39374521,-99.72805369,31041.0,1633.1075438433704,2.272727272727273,172,175,4,0,171,172,10840,1,0,0,1,3
2020-10-20,US,Nebraska,Dakota,2467,44,0,42.39040144,-96.56656425,31043.0,12318.98531908519,1.7835427644912847,2423,2463,44,0,2419,2457,20083,4,0,0,4,6
2020-10-20,US,Nebraska,Dawes,199,0,0,42.71985036,-103.1313774,31045.0,2316.916986843637,0.0,199,196,0,0,196,191,8716,3,0,0,3,5
2020-10-20,US,Nebraska,Dawson,1210,15,0,40.87028216,-99.82014609999999,31047.0,5128.205128205128,1.2396694214876034,1195,1202,14,0,1188,1197,23709,8,1,0,7,5
2020-10-20,US,Nebraska,Deuel,8,0,0,41.11168186,-102.33333309999999,31049.0,445.9308807134894,0.0,8,7,0,0,7,7,1825,1,0,0,1,0
2020-10-20,US,Nebraska,Dixon,150,2,0,42.49188363,-96.86782408,31051.0,2661.4620298083746,1.3333333333333333,148,152,2,0,150,150,5709,-2,0,0,-2,2
2020-10-20,US,Nebraska,Dodge,1498,17,0,41.58071748,-96.65598179,31053.0,4096.81389306714,1.1348464619492658,1481,1489,16,0,1473,1471,36791,9,1,0,8,18
2020-10-20,US,Nebraska,Douglas,20455,214,0,41.29518299,-96.15085305,31055.0,3580.2613914623325,1.0461989733561476,20241,20314,214,0,20100,20025,566880,141,0,0,141,289
2020-10-20,US,Nebraska,Dundy,18,1,0,40.17638677,-101.6876522,31057.0,1063.2014176018902,5.5555555555555545,17,18,1,0,17,16,1770,0,0,0,0,2
2020-10-20,US,Nebraska,Fillmore,80,1,0,40.52458567,-97.59646937,31059.0,1464.6649578908825,1.25,79,79,1,0,78,76,5527,1,0,0,1,3
2020-10-20,US,Nebraska,Franklin,80,0,0,40.17636348,-98.95299073,31061.0,2685.464921114468,0.0,80,75,0,0,75,72,3023,5,0,0,5,3
2020-10-20,US,Nebraska,Frontier,30,0,0,40.52993007,-100.3924658,31063.0,1141.9870574800152,0.0,30,30,0,0,30,25,2608,0,0,0,0,5
2020-10-20,US,Nebraska,Furnas,84,2,0,40.17642064,-99.91247454,31065.0,1796.4071856287424,2.380952380952381,82,79,2,0,77,78,4715,5,0,0,5,1
2020-10-20,US,Nebraska,Gage,447,5,0,40.26186809,-96.68946704,31067.0,2077.8134151443314,1.1185682326621924,442,444,5,0,439,436,21493,3,0,0,3,8
2020-10-20,US,Nebraska,Garden,18,0,0,41.61703149,-102.3313973,31069.0,979.858464888405,0.0,18,18,0,0,18,17,1897,0,0,0,0,1
2020-10-20,US,Nebraska,Garfield,19,0,0,41.91428955,-98.99111827,31071.0,964.9568308786186,0.0,19,19,0,0,19,19,1987,0,0,0,0,0
2020-10-20,US,Nebraska,Gosper,54,0,0,40.51481965,-99.83020279,31073.0,2713.56783919598,0.0,54,54,0,0,54,54,1996,0,0,0,0,0
2020-10-20,US,Nebraska,Grant,4,0,0,41.91528587,-101.740701,31075.0,642.0545746388442,0.0,4,4,0,0,4,4,660,0,0,0,0,0
2020-10-20,US,Nebraska,Greeley,45,0,0,41.56742671,-98.52150266,31077.0,1910.0169779286925,0.0,45,44,0,0,44,43,2356,1,0,0,1,1
2020-10-20,US,Nebraska,Hall,2435,49,0,40.87257079,-98.50218293,31079.0,3968.836079735302,2.0123203285420943,2386,2424,49,0,2375,2415,61607,11,0,0,11,9
2020-10-20,US,Nebraska,Hamilton,216,12,0,40.87349452,-98.02099117,31081.0,2316.6023166023165,5.5555555555555545,204,213,12,0,201,212,9280,3,0,0,3,1
2020-10-20,US,Nebraska,Harlan,51,0,0,40.17658508,-99.40438879,31083.0,1508.8757396449705,0.0,51,51,0,0,51,49,3401,0,0,0,0,2
2020-10-20,US,Nebraska,Hayes,15,0,0,40.52451972,-101.0603568,31085.0,1626.8980477223429,0.0,15,14,0,0,14,14,916,1,0,0,1,0
2020-10-20,US,Nebraska,Hitchcock,32,0,0,40.17609175,-101.04164770000001,31087.0,1158.580738595221,0.0,32,31,0,0,31,30,2806,1,0,0,1,1
2020-10-20,US,Nebraska,Holt,234,1,0,42.45522056,-98.78402558,31089.0,2324.42634349856,0.4273504273504273,233,228,1,0,227,221,10178,6,0,0,6,7
2020-10-20,US,Nebraska,Hooker,20,1,0,41.91586243,-101.1354293,31091.0,2932.551319648094,5.0,19,20,1,0,19,19,682,0,0,0,0,1
2020-10-20,US,Nebraska,Howard,132,5,0,41.2200529,-98.5166499,31093.0,2048.099301784329,3.787878787878788,127,129,5,0,124,126,6468,3,0,0,3,3
2020-10-20,US,Nebraska,Jefferson,76,0,0,40.17584531,-97.142601,31095.0,1078.6261708770933,0.0,76,74,0,0,74,70,7097,2,0,0,2,4
2020-10-20,US,Nebraska,Johnson,94,0,0,40.39257596,-96.26522753,31097.0,1853.6777755866688,0.0,94,94,0,0,94,93,5134,0,0,0,0,1
2020-10-20,US,Nebraska,Kearney,242,0,0,40.50663314,-98.94877182,31099.0,3725.9430331023855,0.0,242,238,0,0,238,236,6544,4,0,0,4,2
2020-10-20,US,Nebraska,Keith,87,0,0,41.19930341,-101.66201640000001,31101.0,1082.8976848394325,0.0,87,86,0,0,86,82,8021,1,0,0,1,4
2020-10-20,US,Nebraska,Keya Paha,8,0,0,42.87990694,-99.71343729,31103.0,992.5558312655087,0.0,8,8,0,0,8,8,810,0,0,0,0,0
2020-10-20,US,Nebraska,Kimball,40,0,0,41.19774275,-103.7148131,31105.0,1101.3215859030836,0.0,40,37,0,0,37,33,3618,3,0,0,3,4
2020-10-20,US,Nebraska,Knox,244,1,0,42.63758421,-97.89178836,31107.0,2928.468554968795,0.4098360655737705,243,240,0,0,240,238,8419,4,1,0,3,2
2020-10-20,US,Nebraska,Lancaster,8237,32,0,40.78416049,-96.68777155,31109.0,2581.403365821555,0.3884909554449436,8205,8164,30,0,8134,8059,317272,73,2,0,71,105
2020-10-20,US,Nebraska,Lincoln,701,7,0,41.04658298,-100.74753740000001,31111.0,2007.7905711176033,0.9985734664764622,694,682,7,0,675,668,35185,19,0,0,19,14
2020-10-20,US,Nebraska,Logan,8,0,0,41.56650314,-100.4817851,31113.0,1069.51871657754,0.0,8,8,0,0,8,8,749,0,0,0,0,0
2020-10-20,US,Nebraska,Loup,5,0,0,41.91371961,-99.45440415,31115.0,753.0120481927713,0.0,5,5,0,0,5,5,618,0,0,0,0,0
2020-10-20,US,Nebraska,Madison,1080,8,0,41.91676024,-97.6005481,31119.0,3077.010741046753,0.7407407407407407,1072,1071,8,0,1063,1060,35392,9,0,0,9,11
2020-10-20,US,Nebraska,McPherson,9,0,0,41.56797682,-101.05993620000001,31117.0,1821.8623481781376,0.0,9,9,0,0,9,9,492,0,0,0,0,0
2020-10-20,US,Nebraska,Merrick,123,1,0,41.16624273,-98.0374887,31121.0,1586.073500967118,0.8130081300813008,122,122,1,0,121,121,7733,1,0,0,1,1
2020-10-20,US,Nebraska,Morrill,95,0,0,41.71711774,-103.0061405,31123.0,2046.5316673847478,0.0,95,95,0,0,95,94,4686,0,0,0,0,1
2020-10-20,US,Nebraska,Nance,74,0,0,41.39750195,-97.99327291,31125.0,2102.8701335606706,0.0,74,74,0,0,74,73,3532,0,0,0,0,1
2020-10-20,US,Nebraska,Nemaha,160,0,0,40.38514847,-95.85433992,31127.0,2294.893861158921,0.0,160,159,0,0,159,159,6958,1,0,0,1,0
2020-10-20,US,Nebraska,Nuckolls,68,0,0,40.17637905,-98.04743961,31129.0,1639.344262295082,0.0,68,66,0,0,66,65,4195,2,0,0,2,1
2020-10-20,US,Nebraska,Otoe,268,1,0,40.64843556,-96.13374142,31131.0,1673.7446914813888,0.373134328358209,267,258,1,0,257,257,15985,10,0,0,10,1
2020-10-20,US,Nebraska,Pawnee,27,0,0,40.13141096,-96.23705437,31133.0,1033.2950631458093,0.0,27,27,0,0,27,27,2632,0,0,0,0,0
2020-10-20,US,Nebraska,Perkins,40,10,0,40.85082525,-101.6502942,31135.0,1383.6042891732966,25.0,30,40,10,0,30,39,2929,0,0,0,0,1
2020-10-20,US,Nebraska,Phelps,258,0,0,40.51156033,-99.41461667,31137.0,2855.87779499668,0.0,258,243,0,0,243,236,8996,15,0,0,15,7
2020-10-20,US,Nebraska,Pierce,161,8,0,42.26434853,-97.60122773,31139.0,2252.378287632904,4.9689440993788825,153,159,8,0,151,154,7142,2,0,0,2,5
2020-10-20,US,Nebraska,Platte,1437,6,0,41.57246836,-97.52144359,31141.0,4293.39707200478,0.4175365344467641,1431,1404,6,0,1398,1399,33363,33,0,0,33,5
2020-10-20,US,Nebraska,Polk,174,3,0,41.18813488,-97.56630712,31143.0,3337.809322846729,1.7241379310344829,171,173,2,0,171,172,5278,1,1,0,0,1
2020-10-20,US,Nebraska,Red Willow,170,0,0,40.17556879999999,-100.476998,31145.0,1585.2293920179038,0.0,170,162,0,0,162,154,10726,8,0,0,8,8
2020-10-20,US,Nebraska,Richardson,86,2,0,40.1247415,-95.71755036,31147.0,1093.4520025429117,2.3255813953488373,84,86,2,0,84,83,7937,0,0,0,0,3
2020-10-20,US,Nebraska,Rock,52,1,0,42.42252217,-99.44832069,31149.0,3831.982313927782,1.9230769230769231,51,52,1,0,51,51,1360,0,0,0,0,1
2020-10-20,US,Nebraska,Saline,855,2,0,40.52418865,-97.14085859,31151.0,6010.967379077615,0.23391812865497075,853,852,2,0,850,850,14350,3,0,0,3,2
2020-10-20,US,Nebraska,Sarpy,5237,35,0,41.11314181,-96.11156432,31153.0,2797.602512874207,0.6683215581439755,5202,5181,32,0,5149,5119,184459,56,3,0,53,62
2020-10-20,US,Nebraska,Saunders,620,4,0,41.227810299999994,-96.63773905,31155.0,2873.2968764482343,0.6451612903225806,616,615,4,0,611,611,21303,5,0,0,5,4
2020-10-20,US,Nebraska,Scotts Bluff,543,8,0,41.85070896,-103.70809859999999,31157.0,1524.5100791734515,1.4732965009208103,535,532,8,0,524,528,35989,11,0,0,11,4
2020-10-20,US,Nebraska,Seward,314,3,0,40.87241834,-97.139673,31159.0,1816.7090951168716,0.9554140127388536,311,311,3,0,308,308,17318,3,0,0,3,3
2020-10-20,US,Nebraska,Sheridan,109,0,0,42.50284406,-102.4126613,31161.0,2077.7735417460917,0.0,109,107,0,0,107,101,5190,2,0,0,2,6
2020-10-20,US,Nebraska,Sherman,35,3,0,41.22045983,-98.97588642,31163.0,1166.2779073642118,8.571428571428571,32,35,3,0,32,34,3038,0,0,0,0,1
2020-10-20,US,Nebraska,Sioux,12,0,0,42.48932059,-103.7576544,31165.0,1029.1595197255574,0.0,12,12,0,0,12,12,1187,0,0,0,0,0
2020-10-20,US,Nebraska,Stanton,63,0,0,41.9169835,-97.19394708,31167.0,1064.1891891891894,0.0,63,61,0,0,61,61,5970,2,0,0,2,0
2020-10-20,US,Nebraska,Thayer,51,0,0,40.17626377,-97.59504381,31169.0,1019.388366979812,0.0,51,49,0,0,49,46,5039,2,0,0,2,3
2020-10-20,US,Nebraska,Thomas,9,0,0,41.91358968,-100.5556632,31171.0,1246.5373961218836,0.0,9,8,0,0,8,8,720,1,0,0,1,0
2020-10-20,US,Nebraska,Thurston,305,4,0,42.15725356,-96.54157099,31173.0,4222.037652270211,1.3114754098360657,301,305,4,0,301,302,7303,0,0,0,0,3
2020-10-20,US,Nebraska,Unassigned,409,2,0,0.0,0.0,90031.0,0.0,0.4889975550122249,407,412,1,0,411,404,,-3,1,0,-4,8
2020-10-20,US,Nebraska,Valley,70,1,0,41.56730777,-98.98197724,31175.0,1683.5016835016834,1.4285714285714286,69,67,1,0,66,65,4190,3,0,0,3,2
2020-10-20,US,Nebraska,Washington,420,7,0,41.52815707,-96.22019892,31177.0,2026.1469438950269,1.6666666666666667,413,416,7,0,409,409,20667,4,0,0,4,7
2020-10-20,US,Nebraska,Wayne,286,0,0,42.20934475,-97.11926964,31179.0,3047.4160895045284,0.0,286,282,0,0,282,280,9403,4,0,0,4,2
2020-10-20,US,Nebraska,Webster,99,0,0,40.17642643,-98.50019851,31181.0,2839.116719242902,0.0,99,88,0,0,88,84,3533,11,0,0,11,4
2020-10-20,US,Nebraska,Wheeler,3,0,0,41.91482725,-98.52798941,31183.0,383.1417624521073,0.0,3,3,0,0,3,3,805,0,0,0,0,0
2020-10-20,US,Nebraska,York,398,2,0,40.87272618,-97.59710186,31185.0,2909.569412968785,0.5025125628140703,396,387,2,0,385,380,13772,11,0,0,11,7
2020-10-20,US,Nevada,Carson City,665,8,0,39.15509045,-119.7480219,32510.0,1189.2839258888332,1.2030075187969924,657,659,8,0,651,657,55414,6,0,0,6,2
2020-10-20,US,Nevada,Churchill,189,4,0,39.58105744,-118.3394607,32001.0,758.7618932915814,2.1164021164021163,185,188,4,0,184,188,24440,1,0,0,1,0
2020-10-20,US,Nevada,Clark,75888,1483,0,36.21458855,-115.0130241,32003.0,3347.928610345809,1.9541956567573264,74405,75410,1470,0,73940,74950,2231647,478,13,0,465,460
2020-10-20,US,Nevada,Douglas,381,1,0,38.912862,-119.61713329999999,32005.0,779.0614456599527,0.2624671916010499,380,376,1,0,375,374,48467,5,0,0,5,2
2020-10-20,US,Nevada,Elko,1227,11,0,41.14531606,-115.3577619,32007.0,2324.832316495509,0.8964955175224124,1216,1203,11,0,1192,1192,52460,24,0,0,24,11
2020-10-20,US,Nevada,Eureka,10,0,0,39.98100864,-116.26832040000001,32011.0,492.8536224741252,0.0,10,10,0,0,10,10,2003,0,0,0,0,0
2020-10-20,US,Nevada,Humboldt,157,4,0,41.40692186,-118.11094270000001,32013.0,932.8025666924127,2.5477707006369426,153,150,4,0,146,150,16786,7,0,0,7,0
2020-10-20,US,Nevada,Lander,93,2,0,39.933223299999995,-117.03970749999999,32015.0,1681.1279826464208,2.150537634408602,91,90,2,0,88,90,5575,3,0,0,3,0
2020-10-20,US,Nevada,Lincoln,36,0,0,37.64268459,-114.8790388,32017.0,694.5784294809955,0.0,36,34,0,0,34,34,5201,2,0,0,2,0
2020-10-20,US,Nevada,Lyon,554,11,0,39.01777974,-119.18704790000001,32019.0,963.3107285689446,1.985559566787004,543,548,10,0,538,546,55808,6,1,0,5,2
2020-10-20,US,Nevada,Mineral,14,0,0,38.53841696,-118.4344506,32021.0,310.7658157602664,0.0,14,14,0,0,14,14,4514,0,0,0,0,0
2020-10-20,US,Nevada,Nye,585,16,0,38.04264256,-116.47227020000001,32023.0,1257.4425552952302,2.7350427350427347,569,581,16,0,565,573,45346,4,0,0,4,8
2020-10-20,US,Nevada,Pershing,25,0,0,40.44003782,-118.40056409999998,32027.0,371.7472118959108,0.0,25,23,0,0,23,23,6666,2,0,0,2,0
2020-10-20,US,Nevada,Storey,20,0,0,39.44875482,-119.5250207,32029.0,485.0836769342712,0.0,20,20,0,0,20,20,4029,0,0,0,0,0
2020-10-20,US,Nevada,Washoe,11551,186,0,40.66562265,-119.6631594,32031.0,2449.742216114303,1.61025019478833,11365,11444,185,0,11259,11347,465735,107,1,0,106,97
2020-10-20,US,Nevada,White Pine,104,1,0,39.44157041,-114.89996599999999,32033.0,1085.5949895615863,0.9615384615384616,103,93,1,0,92,93,9475,11,0,0,11,0
2020-10-20,US,New Hampshire,Belknap,195,5,0,43.51637314,-71.41684235,33001.0,318.09209989723183,2.5641025641025643,190,192,5,0,187,188,61022,3,0,0,3,4
2020-10-20,US,New Hampshire,Carroll,136,2,0,43.87498583,-71.20430216,33003.0,278.06174606419955,1.4705882352941178,134,135,2,0,133,135,48779,1,0,0,1,0
2020-10-20,US,New Hampshire,Cheshire,176,3,0,42.92015988,-72.25311043,33005.0,231.32023394887298,1.7045454545454546,173,174,3,0,171,171,76493,2,0,0,2,3
2020-10-20,US,New Hampshire,Coos,34,0,0,44.69063265,-71.30633239,33007.0,107.72106580489815,0.0,34,34,0,0,34,31,31589,0,0,0,0,3
2020-10-20,US,New Hampshire,Grafton,185,1,0,43.93779815,-71.82057197,33009.0,205.8162561466747,0.5405405405405406,184,183,1,0,182,180,89786,2,0,0,2,3
2020-10-20,US,New Hampshire,Hillsborough,5170,311,0,42.91537785,-71.7200253,33011.0,1239.7338289071402,6.015473887814313,4859,5139,311,0,4828,5085,415247,31,0,0,31,54
2020-10-20,US,New Hampshire,Merrimack,788,26,0,43.29662971,-71.6811573,33013.0,520.5065030285816,3.2994923857868015,762,775,26,0,749,755,151132,13,0,0,13,20
2020-10-20,US,New Hampshire,Rockingham,2405,105,0,42.98499744,-71.12883377,33015.0,776.3849836491063,4.365904365904367,2300,2382,105,0,2277,2356,309176,23,0,0,23,26
2020-10-20,US,New Hampshire,Strafford,658,14,0,43.291833000000004,-71.02336013,33017.0,503.70120872980027,2.127659574468085,644,650,14,0,636,644,130090,8,0,0,8,6
2020-10-20,US,New Hampshire,Sullivan,68,1,0,43.36094111,-72.22203125,33019.0,157.60441292356185,1.4705882352941178,67,68,1,0,67,68,43144,0,0,0,0,0
2020-10-20,US,New Hampshire,Unassigned,13,0,0,0.0,0.0,90033.0,0.0,0.0,13,14,0,0,14,12,,-1,0,0,-1,2
2020-10-20,US,New Jersey,Atlantic,4779,264,0,39.47538693,-74.65848483,34001.0,1812.4928888383206,5.524168236032644,4515,4753,264,0,4489,4705,265429,26,0,0,26,48
2020-10-20,US,New Jersey,Bergen,23945,2053,0,40.96010917,-74.07164325,34003.0,2568.6492841680238,8.573814992691585,21892,23845,2051,0,21794,23738,936692,100,2,0,98,107
2020-10-20,US,New Jersey,Burlington,7928,507,0,39.87681124,-74.66927768,34005.0,1780.1768949745028,6.3950554994954585,7421,7885,507,0,7378,7825,445384,43,0,0,43,60
2020-10-20,US,New Jersey,Camden,10946,618,0,39.80343818,-74.96388753,34007.0,2161.229369499932,5.645898044947926,10328,10908,618,0,10290,10835,507078,38,0,0,38,73
2020-10-20,US,New Jersey,Cape May,1080,99,0,39.15008829,-74.80170244,34009.0,1173.4156172926696,9.166666666666666,981,1077,99,0,978,1075,92560,3,0,0,3,2
2020-10-20,US,New Jersey,Cumberland,3924,161,0,39.37199394,-75.10712559,34011.0,2624.2752145097547,4.102956167176351,3763,3914,161,0,3753,3898,150972,10,0,0,10,16
2020-10-20,US,New Jersey,Essex,22735,2136,0,40.78681335,-74.24657979,34013.0,2845.52082355518,9.395205630085773,20599,22625,2134,0,20491,22479,799767,110,2,0,108,146
2020-10-20,US,New Jersey,Gloucester,5240,236,0,39.71581067,-75.13995546,34015.0,1796.760345087712,4.5038167938931295,5004,5210,235,0,4975,5179,291408,30,1,0,29,31
2020-10-20,US,New Jersey,Hudson,21886,1525,0,40.73766234,-74.07515667,34017.0,3254.951360146105,6.967924700721923,20361,21810,1523,0,20287,21731,676061,76,2,0,74,79
2020-10-20,US,New Jersey,Hunterdon,1497,126,0,40.56335249,-74.91284156,34019.0,1203.6568010227463,8.41683366733467,1371,1494,126,0,1368,1487,124714,3,0,0,3,7
2020-10-20,US,New Jersey,Mercer,9005,638,0,40.28047017,-74.70479631,34021.0,2450.8069564270745,7.084952803997779,8367,8975,637,0,8338,8956,369811,30,1,0,29,19
2020-10-20,US,New Jersey,Middlesex,21152,1439,0,40.43629879,-74.41426991,34023.0,2563.686122982273,6.803139183055976,19713,21043,1438,0,19605,20930,829685,109,1,0,108,113
2020-10-20,US,New Jersey,Monmouth,13439,869,0,40.26549699,-74.22240686,34025.0,2171.8016467489238,6.466254929682268,12570,13395,868,0,12527,13311,621354,44,1,0,43,84
2020-10-20,US,New Jersey,Morris,8529,832,0,40.86095313,-74.54553709999998,34027.0,1734.082891967998,9.754953687419393,7697,8475,832,0,7643,8430,494228,54,0,0,54,45
2020-10-20,US,New Jersey,Ocean,16173,1056,0,39.8895449,-74.28089251,34029.0,2663.5989630854465,6.529400853273975,15117,16107,1054,0,15053,15952,601651,66,2,0,64,155
2020-10-20,US,New Jersey,Passaic,20089,1258,0,41.03238628,-74.29954144,34031.0,4003.180385233129,6.262133505898751,18831,20028,1258,0,18770,19976,503310,61,0,0,61,52
2020-10-20,US,New Jersey,Salem,1146,88,0,39.58719656,-75.34696629999998,34033.0,1836.9800432796344,7.678883071553229,1058,1143,88,0,1055,1138,62607,3,0,0,3,5
2020-10-20,US,New Jersey,Somerset,6192,590,0,40.56465737,-74.61683016,34035.0,1882.4445025445834,9.52842377260982,5602,6169,590,0,5579,6142,331164,23,0,0,23,27
2020-10-20,US,New Jersey,Sussex,1628,197,0,41.13891592,-74.69118243,34037.0,1158.8178349752293,12.1007371007371,1431,1623,197,0,1426,1616,140799,5,0,0,5,7
2020-10-20,US,New Jersey,Unassigned,416,0,0,0.0,0.0,90034.0,0.0,0.0,416,397,0,0,397,28,,19,0,0,19,369
2020-10-20,US,New Jersey,Union,18949,1364,0,40.65835409,-74.30680092,34039.0,3406.0045907096546,7.1982690379439545,17585,18815,1363,0,17452,18709,558067,134,1,0,133,106
2020-10-20,US,New Jersey,Warren,1515,171,0,40.85951833,-74.99556527,34041.0,1439.197469292371,11.287128712871285,1344,1514,171,0,1343,1507,105779,1,0,0,1,7
2020-10-20,US,New Mexico,Bernalillo,9218,187,0,35.05163625,-106.6703554,35001.0,1357.3428004729644,2.028639618138425,9031,9066,187,0,8879,8943,678701,152,0,0,152,123
2020-10-20,US,New Mexico,Catron,9,1,0,33.91514144,-108.4046587,35003.0,255.17436915225403,11.111111111111109,8,9,1,0,8,9,3578,0,0,0,0,0
2020-10-20,US,New Mexico,Chaves,1791,17,0,33.36406072,-104.4665365,35005.0,2771.8022131084113,0.9491903964265772,1774,1766,17,0,1749,1737,64689,25,0,0,25,29
2020-10-20,US,New Mexico,Cibola,507,21,0,34.91131525,-107.998876,35006.0,1900.6560449859421,4.142011834319527,486,498,21,0,477,495,26746,9,0,0,9,3
2020-10-20,US,New Mexico,Colfax,41,1,0,36.60569702,-104.64726740000002,35007.0,343.3548279038607,2.4390243902439024,40,41,1,0,40,41,12110,0,0,0,0,0
2020-10-20,US,New Mexico,Curry,1338,9,0,34.57421077,-103.34688759999999,35009.0,2733.1780855496995,0.672645739910314,1329,1293,8,0,1285,1274,49437,45,1,0,44,19
2020-10-20,US,New Mexico,De Baca,1,0,0,34.34274529,-104.4117842,35011.0,57.20823798627003,0.0,1,1,0,0,1,1,1781,0,0,0,0,0
2020-10-20,US,New Mexico,Dona Ana,4902,63,0,32.35275771,-106.83293870000001,35013.0,2246.6142670546988,1.2851897184822518,4839,4765,63,0,4702,4663,217522,137,0,0,137,102
2020-10-20,US,New Mexico,Eddy,1214,19,0,32.47167456,-104.3053527,35015.0,2076.6335956209373,1.5650741350906097,1195,1193,17,0,1176,1173,57900,21,2,0,19,20
2020-10-20,US,New Mexico,Grant,169,2,0,32.73911281,-108.3827845,35017.0,625.972294244018,1.183431952662722,167,168,2,0,166,164,27346,1,0,0,1,4
2020-10-20,US,New Mexico,Guadalupe,37,1,0,34.86319296,-104.790669,35019.0,860.4651162790698,2.702702702702702,36,37,1,0,36,37,4341,0,0,0,0,0
2020-10-20,US,New Mexico,Harding,1,0,0,35.85751555,-103.82209379999999,35021.0,160.0,0.0,1,1,0,0,1,1,655,0,0,0,0,0
2020-10-20,US,New Mexico,Hidalgo,112,2,0,31.91383467,-108.7151824,35023.0,2667.93711291091,1.7857142857142858,110,111,2,0,109,111,4240,1,0,0,1,0
2020-10-20,US,New Mexico,Lea,1855,28,0,32.79215361,-103.4123733,35025.0,2610.102715632475,1.509433962264151,1827,1837,28,0,1809,1808,69611,18,0,0,18,29
2020-10-20,US,New Mexico,Lincoln,309,4,0,33.74526079,-105.4586166,35027.0,1578.7860208461068,1.2944983818770226,305,307,4,0,303,296,19556,2,0,0,2,11
2020-10-20,US,New Mexico,Los Alamos,40,0,0,35.86631386,-106.31349850000001,35028.0,206.5155661107956,0.0,40,38,0,0,38,38,19101,2,0,0,2,0
2020-10-20,US,New Mexico,Luna,648,10,0,32.18179341,-107.75088259999998,35029.0,2733.139314184487,1.5432098765432098,638,631,10,0,621,611,23963,17,0,0,17,20
2020-10-20,US,New Mexico,McKinley,4492,261,0,35.58007720000001,-108.262245,35031.0,6294.225622486583,5.8103294746215495,4231,4476,261,0,4215,4467,72290,16,0,0,16,9
2020-10-20,US,New Mexico,Mora,14,0,0,36.01095101,-104.9497716,35033.0,309.66600309666,0.0,14,14,0,0,14,14,4506,0,0,0,0,0
2020-10-20,US,New Mexico,Otero,395,13,0,32.61348406,-105.7417604,35035.0,585.2718921321677,3.2911392405063293,382,366,13,0,353,350,66781,29,0,0,29,16
2020-10-20,US,New Mexico,Quay,93,2,0,35.10403332,-103.54817270000001,35037.0,1126.8629589240275,2.150537634408602,91,87,2,0,85,86,8253,6,0,0,6,1
2020-10-20,US,New Mexico,Rio Arriba,457,15,0,36.51072137,-106.69316740000001,35039.0,1174.173325454125,3.2822757111597376,442,454,15,0,439,443,39006,3,0,0,3,11
2020-10-20,US,New Mexico,Roosevelt,392,7,0,34.02097406,-103.4799493,35041.0,2118.9189189189187,1.7857142857142858,385,389,6,0,383,380,18743,3,1,0,2,9
2020-10-20,US,New Mexico,San Juan,3629,203,0,36.50838318,-108.32043700000001,35045.0,2927.6045112054085,5.593827500688895,3426,3599,203,0,3396,3583,125043,30,0,0,30,16
2020-10-20,US,New Mexico,San Miguel,150,0,0,35.48014807,-104.8163562,35047.0,549.9138468306631,0.0,150,147,0,0,147,143,27591,3,0,0,3,4
2020-10-20,US,New Mexico,Sandoval,1748,44,0,35.68862401,-106.86878030000001,35043.0,1191.157630768392,2.517162471395881,1704,1730,44,0,1686,1719,145179,18,0,0,18,11
2020-10-20,US,New Mexico,Santa Fe,1411,12,0,35.50708973,-105.9774716,35049.0,938.4269543356523,0.8504606661941885,1399,1379,9,0,1370,1368,150056,32,3,0,29,11
2020-10-20,US,New Mexico,Sierra,76,1,0,33.13028233,-107.1925893,35051.0,704.2906125474933,1.3157894736842106,75,75,1,0,74,75,10968,1,0,0,1,0
2020-10-20,US,New Mexico,Socorro,188,8,0,34.00715494,-106.9298354,35053.0,1130.0114203281842,4.25531914893617,180,183,8,0,175,170,16735,5,0,0,5,13
2020-10-20,US,New Mexico,Taos,175,4,0,36.58006022,-105.63101979999999,35055.0,534.7920422944106,2.2857142857142856,171,174,4,0,170,168,32835,1,0,0,1,6
2020-10-20,US,New Mexico,Torrance,93,1,0,34.64048375,-105.8508949,35057.0,601.5134855442727,1.075268817204301,92,93,1,0,92,93,15591,0,0,0,0,0
2020-10-20,US,New Mexico,Unassigned,1565,0,0,0.0,0.0,90035.0,0.0,0.0,1565,1563,0,0,1563,1535,,2,0,0,2,28
2020-10-20,US,New Mexico,Union,39,2,0,36.48126404,-103.4709624,35059.0,960.8277900960827,5.128205128205129,37,38,2,0,36,38,4118,1,0,0,1,0
2020-10-20,US,New Mexico,Valencia,787,4,0,34.71669834,-106.8103733,35061.0,1026.2361777592323,0.5082592121982211,783,773,4,0,769,754,76456,14,0,0,14,19
2020-10-20,US,New York,Albany,3436,136,0,42.60060306,-73.97723916,36001.0,1124.6914954207118,3.958090803259603,3300,3427,136,0,3291,3416,307117,9,0,0,9,11
2020-10-20,US,New York,Allegany,220,1,0,42.25748406,-78.02750466,36003.0,477.31661278774595,0.4545454545454545,219,212,1,0,211,205,46430,8,0,0,8,7
2020-10-20,US,New York,Bronx,54523,4980,0,40.85209301,-73.86282755,36005.0,3844.5022482613613,9.13376006455991,49543,54472,4979,0,49493,54409,1432132,51,1,0,50,63
2020-10-20,US,New York,Broome,3003,83,0,42.15903158,-75.81326086,36007.0,1576.4772584099787,2.7639027639027645,2920,2927,83,0,2844,2896,191659,76,0,0,76,31
2020-10-20,US,New York,Cattaraugus,417,6,0,42.24778241,-78.67923096,36009.0,547.8408239946398,1.4388489208633093,411,406,6,0,400,403,76840,11,0,0,11,3
2020-10-20,US,New York,Cayuga,302,2,0,42.91261714,-76.55731592,36011.0,394.37944003343085,0.6622516556291391,300,294,2,0,292,289,77145,8,0,0,8,5
2020-10-20,US,New York,Chautauqua,805,13,0,42.22769210000001,-79.36691763,36013.0,634.3427657344586,1.6149068322981366,792,799,13,0,786,796,127939,6,0,0,6,3
2020-10-20,US,New York,Chemung,1332,3,0,42.13891056,-76.7638805,36015.0,1596.0506134969323,0.22522522522522526,1329,1292,3,0,1289,1244,84254,40,0,0,40,48
2020-10-20,US,New York,Chenango,331,7,0,42.49430041,-75.60887553,36017.0,701.1671997796936,2.114803625377644,324,330,7,0,323,313,47536,1,0,0,1,17
2020-10-20,US,New York,Clinton,215,5,0,44.74530905,-73.67875352,36019.0,267.13052121513323,2.3255813953488373,210,199,5,0,194,197,80695,16,0,0,16,2
2020-10-20,US,New York,Columbia,657,38,0,42.24819348,-73.63089095,36021.0,1104.9259178284926,5.783866057838662,619,651,38,0,613,647,59916,6,0,0,6,4
2020-10-20,US,New York,Cortland,436,0,0,42.59509207,-76.07048931,36023.0,916.3321493873603,0.0,436,416,0,0,416,406,47823,20,0,0,20,10
2020-10-20,US,New York,Delaware,159,7,0,42.19837623,-74.96709306,36025.0,360.2582984026283,4.402515723270441,152,159,7,0,152,159,44527,0,0,0,0,0
2020-10-20,US,New York,Dutchess,5355,163,0,41.76486060000001,-73.74356679,36027.0,1820.0789890489368,3.0438842203548084,5192,5340,163,0,5177,5328,293718,15,0,0,15,12
2020-10-20,US,New York,Erie,12513,708,0,42.76249024,-78.73063652,36029.0,1362.0303428097468,5.65811555981779,11805,12468,708,0,11760,12451,919719,45,0,0,45,17
2020-10-20,US,New York,Essex,194,0,0,44.11630765,-73.77297842,36031.0,525.9590619493019,0.0,194,194,0,0,194,192,37300,0,0,0,0,2
2020-10-20,US,New York,Franklin,77,0,0,44.59040891,-74.29926032,36033.0,153.93226980128745,0.0,77,77,0,0,77,77,50293,0,0,0,0,0
2020-10-20,US,New York,Fulton,360,24,0,43.11363907,-74.41798804,36035.0,674.3719910833038,6.666666666666668,336,359,24,0,335,359,53591,1,0,0,1,0
2020-10-20,US,New York,Genesee,371,5,0,43.0022601,-78.19135193,36037.0,647.6955307262571,1.3477088948787062,366,371,5,0,366,371,57511,0,0,0,0,0
2020-10-20,US,New York,Greene,477,18,0,42.275797,-74.12384884,36039.0,1010.8502161566499,3.7735849056603774,459,474,18,0,456,472,47491,3,0,0,3,2
2020-10-20,US,New York,Hamilton,16,0,0,43.66146647,-74.49721957,36041.0,362.3188405797102,0.0,16,16,0,0,16,16,4434,0,0,0,0,0
2020-10-20,US,New York,Herkimer,371,10,0,43.42034246,-74.96145307,36043.0,605.0326978587387,2.6954177897574123,361,370,10,0,360,370,61833,1,0,0,1,0
2020-10-20,US,New York,Jefferson,192,0,0,44.04200959,-75.94653457,36045.0,174.8092576069341,0.0,192,191,0,0,191,188,111755,1,0,0,1,3
2020-10-20,US,New York,Kings,73433,7373,0,40.636182500000004,-73.94935552,36047.0,2868.585254988177,10.040445031525337,66060,73263,7372,0,65891,73123,2582830,170,1,0,169,140
2020-10-20,US,New York,Lewis,57,0,0,43.784415700000004,-75.44903992,36049.0,216.7630057803468,0.0,57,56,0,0,56,56,26447,1,0,0,1,0
2020-10-20,US,New York,Livingston,250,8,0,42.72596275,-77.77966158,36051.0,397.36783545792673,3.2,242,243,8,0,235,239,63227,7,0,0,7,4
2020-10-20,US,New York,Madison,537,17,0,42.91653905,-75.67266639,36053.0,756.9670571319829,3.165735567970205,520,536,17,0,519,533,70795,1,0,0,1,3
2020-10-20,US,New York,Monroe,6798,300,0,43.14638895,-77.69322942,36055.0,916.4565835771195,4.413062665489849,6498,6744,300,0,6444,6707,742474,54,0,0,54,37
2020-10-20,US,New York,Montgomery,256,4,0,42.90123494,-74.44011632,36057.0,520.1032079803338,1.5625,252,255,4,0,251,254,49455,1,0,0,1,1
2020-10-20,US,New York,Nassau,48731,2204,0,40.74066522,-73.58941873,36059.0,3591.284405021947,4.522788368800148,46527,48657,2204,0,46453,48596,1358343,74,0,0,74,61
2020-10-20,US,New York,New York,35125,3192,0,40.76727260000001,-73.97152637,36061.0,2156.6200406948833,9.087544483985765,31933,35054,3192,0,31862,34991,,71,0,0,71,63
2020-10-20,US,New York,Niagara,1968,101,0,43.19898042,-78.74777412,36063.0,940.3624791548206,5.132113821138211,1867,1961,101,0,1860,1958,210433,7,0,0,7,3
2020-10-20,US,New York,Oneida,2599,128,0,43.24375382,-75.43710392,36065.0,1136.567382833853,4.924971142747211,2471,2594,128,0,2466,2593,229577,5,0,0,5,1
2020-10-20,US,New York,Onondaga,5052,207,0,43.00491923,-76.19971155,36067.0,1097.0017023937742,4.097387173396674,4845,5021,207,0,4814,5011,461809,31,0,0,31,10
2020-10-20,US,New York,Ontario,598,35,0,42.85145728,-77.30874425,36069.0,544.7407016041611,5.852842809364549,563,586,35,0,551,576,109864,12,0,0,12,10
2020-10-20,US,New York,Orange,13218,502,0,41.40337468,-74.30240757,36071.0,3433.781888086455,3.7978514147374787,12716,13182,502,0,12680,13169,381951,36,0,0,36,13
2020-10-20,US,New York,Orleans,368,54,0,43.2516977,-78.2320066,36073.0,911.9746233148296,14.673913043478262,314,363,54,0,309,362,40612,5,0,0,5,1
2020-10-20,US,New York,Oswego,594,4,0,43.42778894,-76.14635194,36075.0,507.1548102865339,0.6734006734006734,590,587,4,0,583,584,117898,7,0,0,7,3
2020-10-20,US,New York,Otsego,368,5,0,42.63492579,-75.03151402,36077.0,618.5601667423058,1.358695652173913,363,367,5,0,362,364,59749,1,0,0,1,3
2020-10-20,US,New York,Putnam,1752,63,0,41.42630093,-73.74965532,36079.0,1781.9365337672907,3.595890410958904,1689,1739,63,0,1676,1736,98892,13,0,0,13,3
2020-10-20,US,New York,Queens,75344,7288,0,40.71088124,-73.81684712,36081.0,3342.890279689316,9.672966659588024,68056,75236,7288,0,67948,75109,2278906,108,0,0,108,127
2020-10-20,US,New York,Rensselaer,1040,42,0,42.71348136,-73.51089874,36083.0,655.2667061506861,4.038461538461538,998,1034,42,0,992,1027,159442,6,0,0,6,7
2020-10-20,US,New York,Richmond,16782,1091,0,40.58582155,-74.14808598,36085.0,3524.571399768557,6.501012990108451,15691,16746,1091,0,15655,16720,476179,36,0,0,36,26
2020-10-20,US,New York,Rockland,17269,680,0,41.15027894,-74.02560498,36087.0,5300.670065594602,3.937691817708032,16589,17207,680,0,16527,17171,325695,62,0,0,62,36
2020-10-20,US,New York,Saratoga,1219,17,0,43.10904162,-73.86653895,36091.0,530.3158838090516,1.394585726004922,1202,1213,17,0,1196,1207,230163,6,0,0,6,6
2020-10-20,US,New York,Schenectady,1510,50,0,42.81668777,-74.05278291,36093.0,972.3179157624968,3.3112582781456954,1460,1507,50,0,1457,1498,155350,3,0,0,3,9
2020-10-20,US,New York,Schoharie,101,0,0,42.58831742,-74.44339029999998,36095.0,325.81696183747863,0.0,101,100,0,0,100,100,31097,1,0,0,1,0
2020-10-20,US,New York,Schuyler,100,0,0,42.39184015,-76.8773299,36097.0,561.5769079575448,0.0,100,93,0,0,93,88,17912,7,0,0,7,5
2020-10-20,US,New York,Seneca,128,3,0,42.78081007,-76.82497064,36099.0,376.2935089369709,2.34375,125,128,3,0,125,127,34300,0,0,0,0,1
2020-10-20,US,New York,St. Lawrence,368,4,0,44.4976179,-75.06550039,36089.0,341.56302209021715,1.0869565217391304,364,363,4,0,359,358,108047,5,0,0,5,5
2020-10-20,US,New York,Steuben,884,57,0,42.2689144,-77.3829924,36101.0,926.828756854234,6.447963800904978,827,873,57,0,816,857,95796,11,0,0,11,16
2020-10-20,US,New York,Suffolk,48121,2016,0,40.88320119,-72.8012172,36103.0,3258.9033869000496,4.1894391222127565,46105,48080,2016,0,46064,48029,1481093,41,0,0,41,51
2020-10-20,US,New York,Sullivan,1682,48,0,41.71579493,-74.76394559,36105.0,2229.8228868384767,2.8537455410225916,1634,1680,48,0,1632,1675,75498,2,0,0,2,5
2020-10-20,US,New York,Tioga,459,25,0,42.16852837,-76.30835812,36107.0,952.2228906914509,5.446623093681917,434,448,25,0,423,435,48560,11,0,0,11,13
2020-10-20,US,New York,Tompkins,556,0,0,42.44945765,-76.47229843,36109.0,544.137796046193,0.0,556,548,0,0,548,540,102793,8,0,0,8,8
2020-10-20,US,New York,Ulster,2419,95,0,41.89027881,-74.26252104,36111.0,1362.2566493780025,3.9272426622571315,2324,2415,95,0,2320,2411,178599,4,0,0,4,4
2020-10-20,US,New York,Unassigned,0,20,0,0.0,0.0,90036.0,0.0,0.0,-20,0,22,0,-22,0,,0,-2,0,2,0
2020-10-20,US,New York,Warren,439,33,0,43.56173026,-73.8433699,36113.0,686.5382209433253,7.517084282460138,406,438,33,0,405,438,64265,1,0,0,1,0
2020-10-20,US,New York,Washington,326,14,0,43.31153794,-73.43043448,36115.0,532.6449251682898,4.294478527607362,312,326,14,0,312,326,61197,0,0,0,0,0
2020-10-20,US,New York,Wayne,386,5,0,43.15494365,-77.02976528,36117.0,429.28001067639406,1.2953367875647668,381,383,5,0,378,379,90064,3,0,0,3,4
2020-10-20,US,New York,Westchester,39616,1460,0,41.16278376,-73.75741653,36119.0,4094.651609395704,3.685379644588045,38156,39548,1460,0,38088,39476,967612,68,0,0,68,72
2020-10-20,US,New York,Wyoming,167,5,0,42.70145109,-78.22199579,36121.0,418.9768935497629,2.9940119760479043,162,167,5,0,162,166,40085,0,0,0,0,1
2020-10-20,US,New York,Yates,98,7,0,42.63505484,-77.10369919,36123.0,393.3689238550154,7.142857142857142,91,94,7,0,87,88,24841,4,0,0,4,6
2020-10-20,US,North Carolina,Alamance,4828,72,0,36.0434701,-79.39976137,37001.0,2848.226347863536,1.4913007456503728,4756,4815,68,0,4747,4790,166436,13,4,0,9,25
2020-10-20,US,North Carolina,Alexander,730,9,0,35.922379600000006,-81.17751948,37003.0,1946.8224124596634,1.2328767123287672,721,706,9,0,697,698,37353,24,0,0,24,8
2020-10-20,US,North Carolina,Alleghany,270,1,0,36.49360862,-81.12857041,37005.0,2424.351261560564,0.3703703703703704,269,269,1,0,268,265,11161,1,0,0,1,4
2020-10-20,US,North Carolina,Anson,699,8,0,34.97403241,-80.09953279,37007.0,2859.363495050315,1.1444921316165952,691,696,8,0,688,694,24877,3,0,0,3,2
2020-10-20,US,North Carolina,Ashe,370,1,0,36.43296207,-81.49862729,37009.0,1360.144101753483,0.2702702702702703,369,367,1,0,366,366,27109,3,0,0,3,1
2020-10-20,US,North Carolina,Avery,579,0,0,36.07569796,-81.92308483,37011.0,3297.8299253858863,0.0,579,574,0,0,574,570,17505,5,0,0,5,4
2020-10-20,US,North Carolina,Beaufort,1268,35,0,35.48531943,-76.84325809,37013.0,2698.21679363323,2.7602523659305995,1233,1254,35,0,1219,1251,47079,14,0,0,14,3
2020-10-20,US,North Carolina,Bertie,695,16,0,36.0688473,-76.96545943,37015.0,3668.126880244894,2.302158273381295,679,692,13,0,679,692,19026,3,3,0,0,0
2020-10-20,US,North Carolina,Bladen,1050,19,0,34.61296243,-78.56180059,37017.0,3208.8503147729357,1.809523809523809,1031,1042,19,0,1023,1035,33190,8,0,0,8,7
2020-10-20,US,North Carolina,Brunswick,2046,35,0,34.070565,-78.22814204,37019.0,1432.5724688418989,1.710654936461388,2011,2033,34,0,1999,2018,136744,13,1,0,12,15
2020-10-20,US,North Carolina,Buncombe,3800,98,0,35.61113393,-82.53305,37021.0,1454.8740193957678,2.5789473684210527,3702,3784,94,0,3690,3768,259103,16,4,0,12,16
2020-10-20,US,North Carolina,Burke,2510,46,0,35.74989637,-81.70755735,37023.0,2773.9404321158204,1.8326693227091635,2464,2503,46,0,2457,2495,90382,7,0,0,7,8
2020-10-20,US,North Carolina,Cabarrus,4638,86,0,35.3877799,-80.55267168,37025.0,2142.728444512204,1.8542475204829667,4552,4607,82,0,4525,4587,211342,31,4,0,27,20
2020-10-20,US,North Carolina,Caldwell,2222,19,0,35.95204977,-81.54799522,37027.0,2703.886685000852,0.8550855085508551,2203,2191,19,0,2172,2172,82029,31,0,0,31,19
2020-10-20,US,North Carolina,Camden,133,3,0,36.33804939,-76.15568396,37029.0,1223.8888377657127,2.255639097744361,130,133,3,0,130,133,10710,0,0,0,0,0
2020-10-20,US,North Carolina,Carteret,1009,5,0,34.8932941,-76.54120135,37031.0,1452.362788421401,0.4955401387512389,1004,997,5,0,992,996,69524,12,0,0,12,1
2020-10-20,US,North Carolina,Caswell,573,5,0,36.39312665,-79.33353281,37033.0,2534.949566448416,0.8726003490401396,568,569,5,0,564,563,22698,4,0,0,4,6
2020-10-20,US,North Carolina,Catawba,4013,59,0,35.66211129,-81.2132617,37035.0,2515.183232947459,1.4702217792175434,3954,3952,57,0,3895,3923,158652,61,2,0,59,29
2020-10-20,US,North Carolina,Chatham,1867,60,0,35.70394416,-79.25541492,37037.0,2507.0498187189473,3.213711837171933,1807,1865,60,0,1805,1860,73139,2,0,0,2,5
2020-10-20,US,North Carolina,Cherokee,738,12,0,35.1349263,-84.05970864,37039.0,2579.3373409758137,1.6260162601626016,726,733,12,0,721,731,28383,5,0,0,5,2
2020-10-20,US,North Carolina,Chowan,493,10,0,36.12908077,-76.60118385,37041.0,3535.8244280284007,2.028397565922921,483,491,10,0,481,490,14029,2,0,0,2,1
2020-10-20,US,North Carolina,Clay,185,3,0,35.05704275,-83.74353633,37043.0,1647.2264268542426,1.6216216216216215,182,181,3,0,178,175,11139,4,0,0,4,6
2020-10-20,US,North Carolina,Cleveland,2914,76,0,35.33553364,-81.55204486,37045.0,2975.078358704197,2.6080988332189436,2838,2864,76,0,2788,2849,97645,50,0,0,50,15
2020-10-20,US,North Carolina,Columbus,1591,59,0,34.26744084,-78.65801424,37047.0,2866.2535130071337,3.7083595223130112,1532,1583,59,0,1524,1574,55655,8,0,0,8,9
2020-10-20,US,North Carolina,Craven,2170,55,0,35.11833364,-77.08398081,37049.0,2124.555752454988,2.5345622119815667,2115,2122,50,0,2072,2115,102912,48,5,0,43,7
2020-10-20,US,North Carolina,Cumberland,6594,91,0,35.04762133,-78.82623165,37051.0,1965.3720168460452,1.3800424628450103,6503,6548,91,0,6457,6530,332330,46,0,0,46,18
2020-10-20,US,North Carolina,Currituck,219,4,0,36.36123664,-75.95876401,37053.0,788.8196520548931,1.8264840182648399,215,216,4,0,212,216,27072,3,0,0,3,0
2020-10-20,US,North Carolina,Dare,341,3,0,35.66520691,-75.71767334,37055.0,921.3974979059147,0.8797653958944281,338,337,3,0,334,336,36501,4,0,0,4,1
2020-10-20,US,North Carolina,Davidson,3484,42,0,35.79115496,-80.21256572,37057.0,2078.647328007446,1.2055109070034442,3442,3464,42,0,3422,3445,166614,20,0,0,20,19
2020-10-20,US,North Carolina,Davie,713,6,0,35.93099927,-80.54496571,37059.0,1664.0993324931146,0.8415147265077139,707,708,6,0,702,706,42733,5,0,0,5,2
2020-10-20,US,North Carolina,Duplin,2673,54,0,34.93449805,-77.93140529,37061.0,4550.484329514308,2.0202020202020203,2619,2664,54,0,2610,2672,58856,9,0,0,9,-8
2020-10-20,US,North Carolina,Durham,8631,98,0,36.03638492,-78.87608331,37063.0,2684.7036281291994,1.13544201135442,8533,8590,97,0,8493,8567,316739,41,1,0,40,23
2020-10-20,US,North Carolina,Edgecombe,1816,52,0,35.91230639,-77.59436892,37065.0,3528.1317998134914,2.8634361233480177,1764,1803,52,0,1751,1797,52005,13,0,0,13,6
2020-10-20,US,North Carolina,Forsyth,8201,114,0,36.12859861,-80.25459052,37067.0,2145.202003688252,1.3900743811730276,8087,8155,112,0,8043,8131,379099,46,2,0,44,24
2020-10-20,US,North Carolina,Franklin,1376,31,0,36.081519,-78.28708884,37069.0,1974.599985649709,2.252906976744186,1345,1374,31,0,1343,1373,67560,2,0,0,2,1
2020-10-20,US,North Carolina,Gaston,6786,104,0,35.29373559,-81.17477045,37071.0,3022.3267373034223,1.5325670498084292,6682,6721,104,0,6617,6684,222846,65,0,0,65,37
2020-10-20,US,North Carolina,Gates,162,3,0,36.44667547,-76.69749701,37073.0,1401.141670991178,1.851851851851852,159,162,3,0,159,161,11573,0,0,0,0,1
2020-10-20,US,North Carolina,Graham,235,7,0,35.3506925,-83.83369267,37075.0,2784.0303281601705,2.9787234042553186,228,232,7,0,225,232,8484,3,0,0,3,0
2020-10-20,US,North Carolina,Granville,1921,50,0,36.30337451,-78.65184241,37077.0,3178.2009496550468,2.6028110359187924,1871,1915,50,0,1865,1909,60115,6,0,0,6,6
2020-10-20,US,North Carolina,Greene,882,12,0,35.48544173,-77.67578087,37079.0,4186.245194361384,1.3605442176870748,870,854,12,0,842,843,21012,28,0,0,28,11
2020-10-20,US,North Carolina,Guilford,10571,195,0,36.07959451,-79.78824948,37081.0,1967.8912233280087,1.8446693784883168,10376,10514,193,0,10321,10438,533670,57,2,0,55,76
2020-10-20,US,North Carolina,Halifax,1285,25,0,36.25669272,-77.6556109,37083.0,2569.486102779444,1.9455252918287935,1260,1278,25,0,1253,1272,50574,7,0,0,7,6
2020-10-20,US,North Carolina,Harnett,2736,68,0,35.36731853,-78.87243571,37085.0,2012.119785844561,2.4853801169590644,2668,2717,66,0,2651,2704,134214,19,2,0,17,13
2020-10-20,US,North Carolina,Haywood,689,36,0,35.55269063,-82.98196486,37087.0,1105.6373060320618,5.2249637155297535,653,690,36,0,654,691,61971,-1,0,0,-1,-1
2020-10-20,US,North Carolina,Henderson,2356,64,0,35.33788927,-82.4766782,37089.0,2006.5237572072185,2.7164685908319184,2292,2346,64,0,2282,2341,116748,10,0,0,10,5
2020-10-20,US,North Carolina,Hertford,844,34,0,36.3607755,-76.98104134,37091.0,3564.640790640706,4.028436018957346,810,845,34,0,811,845,23659,-1,0,0,-1,0
2020-10-20,US,North Carolina,Hoke,1462,24,0,35.01888303,-79.23651674,37093.0,2646.9203751312602,1.6415868673050615,1438,1460,22,0,1438,1460,54764,2,2,0,0,0
2020-10-20,US,North Carolina,Hyde,174,5,0,35.42017674,-76.15180542,37095.0,3524.407534940248,2.8735632183908044,169,174,5,0,169,174,5230,0,0,0,0,0
2020-10-20,US,North Carolina,Iredell,3591,34,0,35.80950511,-80.8743128,37097.0,1975.1823372165936,0.9468114731272624,3557,3559,34,0,3525,3541,178435,32,0,0,32,18
2020-10-20,US,North Carolina,Jackson,865,7,0,35.28814273,-83.14093385,37099.0,1968.6831444307888,0.8092485549132948,858,853,7,0,846,844,43327,12,0,0,12,9
2020-10-20,US,North Carolina,Johnston,5206,60,0,35.51745004,-78.36622717,37101.0,2486.8753552849685,1.152516327314637,5146,5183,60,0,5123,5150,202675,23,0,0,23,33
2020-10-20,US,North Carolina,Jones,173,15,0,35.02254606,-77.35870791,37103.0,1836.7130268606008,8.670520231213873,158,174,15,0,159,173,9637,-1,0,0,-1,1
2020-10-20,US,North Carolina,Lee,1971,16,0,35.47623147,-79.17569362,37105.0,3190.404506385665,0.8117706747843734,1955,1959,16,0,1943,1952,61452,12,0,0,12,7
2020-10-20,US,North Carolina,Lenoir,1302,37,0,35.24032589999999,-77.64245615,37107.0,2327.1193408282543,2.8417818740399388,1265,1291,35,0,1256,1284,55976,11,2,0,9,7
2020-10-20,US,North Carolina,Lincoln,2177,16,0,35.48508185,-81.21740317,37109.0,2528.1322943642513,0.7349563619660082,2161,2164,16,0,2148,2150,83770,13,0,0,13,14
2020-10-20,US,North Carolina,Macon,707,7,0,35.14867843,-83.41696617,37113.0,1971.6660159518094,0.99009900990099,700,704,7,0,697,703,35285,3,0,0,3,1
2020-10-20,US,North Carolina,Madison,159,1,0,35.85402722,-82.71346418,37115.0,730.8664674787407,0.6289308176100629,158,154,1,0,153,149,21763,5,0,0,5,5
2020-10-20,US,North Carolina,Martin,600,16,0,35.84326734,-77.10860251,37117.0,2673.7967914438505,2.6666666666666665,584,596,16,0,580,594,22671,4,0,0,4,2
2020-10-20,US,North Carolina,McDowell,1229,31,0,35.67736232,-82.0482425,37111.0,2685.9865372847275,2.5223759153783565,1198,1215,31,0,1184,1207,45507,14,0,0,14,8
2020-10-20,US,North Carolina,Mecklenburg,32038,376,0,35.24469268,-80.8317671,37119.0,2885.380904862945,1.1736063424683192,31662,31820,376,0,31444,31688,1093901,218,0,0,218,132
2020-10-20,US,North Carolina,Mitchell,192,4,0,36.01059309,-82.1582442,37121.0,1283.0793905372893,2.083333333333333,188,189,4,0,185,187,15000,3,0,0,3,2
2020-10-20,US,North Carolina,Montgomery,1154,38,0,35.33155144,-79.90416657,37123.0,4246.862694586538,3.292894280762565,1116,1146,38,0,1108,1142,27271,8,0,0,8,4
2020-10-20,US,North Carolina,Moore,2138,38,0,35.30885257,-79.48474178,37125.0,2119.349722442506,1.7773620205799814,2100,2129,38,0,2091,2123,98682,9,0,0,9,6
2020-10-20,US,North Carolina,Nash,3146,62,0,35.96575634,-77.98422508,37127.0,3336.23194553437,1.9707565162110616,3084,3123,60,0,3063,3101,94016,23,2,0,21,22
2020-10-20,US,North Carolina,New Hanover,4937,37,0,34.25758282,-77.87075626,37129.0,2105.5729231084174,0.7494429815677537,4900,4917,37,0,4880,4894,232274,20,0,0,20,23
2020-10-20,US,North Carolina,Northampton,526,18,0,36.41736238,-77.39769443,37131.0,2699.7895601293435,3.4220532319391634,508,526,18,0,508,524,19676,0,0,0,0,2
2020-10-20,US,North Carolina,Onslow,2982,26,0,34.72607366,-77.42908179,37133.0,1506.5323485131707,0.8718980549966465,2956,2951,26,0,2925,2939,197683,31,0,0,31,12
2020-10-20,US,North Carolina,Orange,2967,58,0,36.06092947,-79.12167935,37135.0,1998.3027560009696,1.9548365352207615,2909,2953,58,0,2895,2938,146027,14,0,0,14,15
2020-10-20,US,North Carolina,Pamlico,301,2,0,35.15253315,-76.66559823,37137.0,2365.236523652365,0.6644518272425249,299,300,2,0,298,300,12670,1,0,0,1,0
2020-10-20,US,North Carolina,Pasquotank,825,33,0,36.26723798,-76.25134778,37139.0,2071.6151064684614,4.0,792,823,33,0,790,820,39639,2,0,0,2,3
2020-10-20,US,North Carolina,Pender,1202,8,0,34.52265624,-77.90352133,37141.0,1906.1211544560736,0.6655574043261231,1194,1193,8,0,1185,1186,62162,9,0,0,9,7
2020-10-20,US,North Carolina,Perquimans,230,4,0,36.17847453,-76.40603143,37143.0,1708.3859466686474,1.7391304347826086,226,230,3,0,227,229,13422,0,1,0,-1,1
2020-10-20,US,North Carolina,Person,582,9,0,36.38989032,-78.97217358,37145.0,1473.7908331223096,1.5463917525773196,573,577,9,0,568,566,39507,5,0,0,5,11
2020-10-20,US,North Carolina,Pitt,5859,35,0,35.59535426,-77.37353178,37147.0,3241.637250888007,0.5973715651135006,5824,5837,35,0,5802,5828,179914,22,0,0,22,9
2020-10-20,US,North Carolina,Polk,378,11,0,35.27820615,-82.16812354,37149.0,1823.9722061378118,2.9100529100529102,367,376,11,0,365,374,20611,2,0,0,2,2
2020-10-20,US,North Carolina,Randolph,3511,60,0,35.71015088,-79.80570339,37151.0,2443.8458379446915,1.708914839077186,3451,3493,57,0,3436,3468,143351,18,3,0,15,25
2020-10-20,US,North Carolina,Richmond,1357,24,0,35.00417719,-79.74491009,37153.0,3027.058377389636,1.7686072218128224,1333,1330,24,0,1306,1297,44887,27,0,0,27,33
2020-10-20,US,North Carolina,Robeson,5668,87,0,34.64244496,-79.10250529999998,37155.0,4339.138755980861,1.5349329569513055,5581,5637,86,0,5551,5618,131831,31,1,0,30,19
2020-10-20,US,North Carolina,Rockingham,1762,17,0,36.39593137,-79.77504841,37157.0,1936.0509834084166,0.9648127128263336,1745,1749,17,0,1732,1736,90690,13,0,0,13,13
2020-10-20,US,North Carolina,Rowan,3943,110,0,35.64003916,-80.52446628,37159.0,2775.040819773661,2.7897539944204914,3833,3927,110,0,3817,3917,141262,16,0,0,16,10
2020-10-20,US,North Carolina,Rutherford,1620,47,0,35.40114178,-81.92112099,37161.0,2416.864342299601,2.9012345679012346,1573,1601,46,0,1555,1592,66826,19,1,0,18,9
2020-10-20,US,North Carolina,Sampson,2563,28,0,34.98820368,-78.36914061,37163.0,4034.2509955769615,1.0924697619976589,2535,2548,28,0,2520,2546,63626,15,0,0,15,2
2020-10-20,US,North Carolina,Scotland,1551,22,0,34.8386299,-79.4757978,37165.0,4453.952847256124,1.4184397163120568,1529,1541,22,0,1519,1537,34810,10,0,0,10,4
2020-10-20,US,North Carolina,Stanly,2370,57,0,35.31647813,-80.25093221,37167.0,3773.5248224691913,2.4050632911392404,2313,2370,57,0,2313,2358,62075,0,0,0,0,12
2020-10-20,US,North Carolina,Stokes,631,8,0,36.4017975,-80.23893369,37169.0,1384.045096619947,1.2678288431061806,623,626,5,0,621,626,45467,5,3,0,2,0
2020-10-20,US,North Carolina,Surry,1646,26,0,36.41689489,-80.69102283,37171.0,2293.022024713372,1.5795868772782502,1620,1636,26,0,1610,1610,71948,10,0,0,10,26
2020-10-20,US,North Carolina,Swain,225,3,0,35.48665845,-83.48748932,37173.0,1576.6239226403195,1.3333333333333333,222,223,3,0,220,223,14245,2,0,0,2,0
2020-10-20,US,North Carolina,Transylvania,393,9,0,35.20383864,-82.79638423,37175.0,1142.9402355678349,2.2900763358778624,384,389,9,0,380,390,34215,4,0,0,4,-1
2020-10-20,US,North Carolina,Tyrrell,127,3,0,35.87147226,-76.17055253,37177.0,3162.3505976095616,2.3622047244094486,124,123,3,0,120,122,4131,4,0,0,4,1
2020-10-20,US,North Carolina,Union,5654,62,0,34.98960527,-80.52955873,37179.0,2357.218199025261,1.0965688008489565,5592,5616,62,0,5554,5586,235908,38,0,0,38,30
2020-10-20,US,North Carolina,Vance,1150,46,0,36.36880673,-78.40670845,37181.0,2582.2386886718314,4.0,1104,1147,46,0,1101,1147,44582,3,0,0,3,0
2020-10-20,US,North Carolina,Wake,19952,266,0,35.78879266,-78.65249174,37183.0,1794.6303207254075,1.3331996792301524,19686,19888,261,0,19627,19801,1092305,64,5,0,59,87
2020-10-20,US,North Carolina,Warren,401,7,0,36.39728256,-78.10652228,37185.0,2032.334904465055,1.745635910224439,394,402,7,0,395,402,19807,-1,0,0,-1,0
2020-10-20,US,North Carolina,Washington,238,8,0,35.83810081,-76.57299037,37187.0,2055.2677029360966,3.361344537815126,230,236,8,0,228,237,11859,2,0,0,2,-1
2020-10-20,US,North Carolina,Watauga,1316,2,0,36.23103603,-81.70033724,37189.0,2342.595724228777,0.1519756838905775,1314,1306,2,0,1304,1302,55945,10,0,0,10,4
2020-10-20,US,North Carolina,Wayne,4200,79,0,35.36438125,-78.00027268,37191.0,3411.0012913076316,1.880952380952381,4121,4190,77,0,4113,4171,123248,10,2,0,8,19
2020-10-20,US,North Carolina,Wilkes,1569,37,0,36.2084135,-81.16232895,37193.0,2293.457288195053,2.3581899298916507,1532,1566,36,0,1530,1553,68557,3,1,0,2,13
2020-10-20,US,North Carolina,Wilson,2737,62,0,35.70625477,-77.917978,37195.0,3345.924866444176,2.26525392765802,2675,2719,62,0,2657,2699,81455,18,0,0,18,20
2020-10-20,US,North Carolina,Yadkin,916,9,0,36.16222629,-80.66239436,37197.0,2431.8368863992355,0.982532751091703,907,906,9,0,897,899,37543,10,0,0,10,7
2020-10-20,US,North Carolina,Yancey,271,0,0,35.90079156,-82.31237181,37199.0,1499.8062980795835,0.0,271,271,0,0,271,268,17903,0,0,0,0,3
2020-10-20,US,North Dakota,Adams,59,0,0,46.09686891,-102.5285397,38001.0,2662.4548736462093,0.0,59,59,0,0,59,54,2294,0,0,0,0,5
2020-10-20,US,North Dakota,Barnes,311,1,0,46.93579637,-98.06605978,38003.0,2986.0777724435907,0.3215434083601286,310,300,1,0,299,297,10542,11,0,0,11,3
2020-10-20,US,North Dakota,Benson,458,8,0,48.0683985,-99.35916363,38005.0,6703.747072599533,1.7467248908296944,450,456,8,0,448,454,6962,2,0,0,2,2
2020-10-20,US,North Dakota,Billings,31,0,0,47.02366884,-103.3762965,38007.0,3340.5172413793102,0.0,31,31,0,0,31,31,919,0,0,0,0,0
2020-10-20,US,North Dakota,Bottineau,211,16,0,48.79106111,-100.8378166,38009.0,3358.8029290035024,7.582938388625592,195,206,16,0,190,193,6411,5,0,0,5,13
2020-10-20,US,North Dakota,Bowman,106,2,0,46.11285362,-103.5203343,38011.0,3505.291005291005,1.8867924528301887,104,103,2,0,101,100,3076,3,0,0,3,3
2020-10-20,US,North Dakota,Burke,51,1,0,48.79094471,-102.51821170000001,38013.0,2411.347517730497,1.96078431372549,50,46,1,0,45,45,2100,5,0,0,5,1
2020-10-20,US,North Dakota,Burleigh,5812,72,0,46.97847375,-100.46452140000001,38015.0,6077.844937569281,1.2388162422573985,5740,5591,72,0,5519,5473,95273,221,0,0,221,118
2020-10-20,US,North Dakota,Cass,7915,81,0,46.93201724,-97.24447190000001,38017.0,4350.741797353826,1.0233733417561592,7834,7753,79,0,7674,7536,181516,162,2,0,160,217
2020-10-20,US,North Dakota,Cavalier,65,1,0,48.77286211,-98.46685243,38019.0,1727.804359383307,1.5384615384615383,64,62,1,0,61,61,3829,3,0,0,3,1
2020-10-20,US,North Dakota,Dickey,221,1,0,46.11017712,-98.50490079999999,38021.0,4536.124794745484,0.4524886877828054,220,211,1,0,210,202,4903,10,0,0,10,9
2020-10-20,US,North Dakota,Divide,45,1,0,48.814938700000006,-103.48736109999999,38023.0,1987.6325088339224,2.2222222222222223,44,41,1,0,40,41,2283,4,0,0,4,0
2020-10-20,US,North Dakota,Dunn,193,5,0,47.35423935,-102.61604679999999,38025.0,4362.5678119348995,2.5906735751295336,188,190,5,0,185,190,4332,3,0,0,3,0
2020-10-20,US,North Dakota,Eddy,160,3,0,47.71701474,-98.90432337,38027.0,6996.064713598601,1.875,157,156,3,0,153,154,2313,4,0,0,4,2
2020-10-20,US,North Dakota,Emmons,270,7,0,46.28398398,-100.2389766,38029.0,8330.762110459735,2.592592592592593,263,271,7,0,264,264,3295,-1,0,0,-1,7
2020-10-20,US,North Dakota,Foster,151,2,0,47.457108399999996,-98.88279923,38031.0,4704.049844236761,1.3245033112582782,149,141,2,0,139,139,3216,10,0,0,10,2
2020-10-20,US,North Dakota,Golden Valley,107,0,0,46.94022281,-103.8465421,38033.0,6076.093128904032,0.0,107,103,0,0,103,101,1769,4,0,0,4,2
2020-10-20,US,North Dakota,Grand Forks,3337,15,0,47.92093639,-97.45450447,38035.0,4804.826424385537,0.4495055439017081,3322,3137,15,0,3122,3099,70770,200,0,0,200,38
2020-10-20,US,North Dakota,Grant,56,2,0,46.35821257,-101.63900129999999,38037.0,2462.620932277925,3.571428571428572,54,57,2,0,55,56,2374,-1,0,0,-1,1
2020-10-20,US,North Dakota,Griggs,73,1,0,47.45785838,-98.23850925,38039.0,3272.075302554908,1.3698630136986298,72,69,1,0,68,68,2232,4,0,0,4,1
2020-10-20,US,North Dakota,Hettinger,108,2,0,46.43375068,-102.4632417,38041.0,4321.728691476591,1.851851851851852,106,102,2,0,100,98,2514,6,0,0,6,4
2020-10-20,US,North Dakota,Kidder,79,1,0,46.97830064,-99.77507857,38043.0,3185.483870967741,1.2658227848101269,78,76,1,0,75,75,2450,3,0,0,3,1
2020-10-20,US,North Dakota,LaMoure,173,3,0,46.45681054,-98.53542355,38045.0,4275.827978250124,1.7341040462427746,170,175,3,0,172,165,4062,-2,0,0,-2,10
2020-10-20,US,North Dakota,Logan,116,0,0,46.45729487,-99.47719806,38047.0,6270.27027027027,0.0,116,114,0,0,114,110,1903,2,0,0,2,4
2020-10-20,US,North Dakota,McHenry,148,12,0,48.23104458,-100.6324822,38049.0,2576.1531766753697,8.108108108108109,136,144,12,0,132,141,5816,4,0,0,4,3
2020-10-20,US,North Dakota,McIntosh,151,4,0,46.11182017,-99.44145858,38051.0,6047.256708049659,2.6490066225165565,147,145,4,0,141,142,2585,6,0,0,6,3
2020-10-20,US,North Dakota,McKenzie,442,4,0,47.74133370000001,-103.395905,38053.0,2941.9595314164008,0.9049773755656108,438,433,4,0,429,425,13632,9,0,0,9,8
2020-10-20,US,North Dakota,McLean,469,7,0,47.60766714,-101.3182418,38055.0,4962.9629629629635,1.492537313432836,462,443,7,0,436,431,9541,26,0,0,26,12
2020-10-20,US,North Dakota,Mercer,379,3,0,47.31213126,-101.8318399,38057.0,4629.290338341273,0.7915567282321899,376,375,3,0,372,367,8267,4,0,0,4,8
2020-10-20,US,North Dakota,Morton,1997,48,0,46.71681782,-101.2822377,38059.0,6367.172554521108,2.4036054081121683,1949,1934,48,0,1886,1908,31095,63,0,0,63,26
2020-10-20,US,North Dakota,Mountrail,436,6,0,48.20197971,-102.3555315,38061.0,4134.660976766239,1.3761467889908257,430,427,6,0,421,416,10218,9,0,0,9,11
2020-10-20,US,North Dakota,Nelson,149,3,0,47.9226426,-98.19038437,38063.0,5175.40812782216,2.0134228187919465,146,145,3,0,142,143,2869,4,0,0,4,2
2020-10-20,US,North Dakota,Oliver,68,0,0,47.11530482,-101.3406158,38065.0,3471.1587544665645,0.0,68,67,0,0,67,65,1952,1,0,0,1,2
2020-10-20,US,North Dakota,Pembina,177,0,0,48.76623521,-97.5523809,38067.0,2602.558447287164,0.0,177,169,0,0,169,167,6947,8,0,0,8,2
2020-10-20,US,North Dakota,Pierce,62,0,0,48.24977025,-99.96407787,38069.0,1559.748427672956,0.0,62,57,0,0,57,57,4081,5,0,0,5,0
2020-10-20,US,North Dakota,Ramsey,424,4,0,48.26886249,-98.72223879,38071.0,3680.875075961455,0.9433962264150944,420,419,3,0,416,402,11481,5,1,0,4,17
2020-10-20,US,North Dakota,Ransom,137,0,0,46.45621782,-97.65742504,38073.0,2625.5270218474507,0.0,137,131,0,0,131,127,5237,6,0,0,6,4
2020-10-20,US,North Dakota,Renville,97,2,0,48.71982533,-101.6603912,38075.0,4168.45724108294,2.061855670103093,95,96,2,0,94,95,2374,1,0,0,1,1
2020-10-20,US,North Dakota,Richland,375,2,0,46.26440649,-96.94852979,38077.0,2318.105952896087,0.5333333333333333,373,357,2,0,355,346,16239,18,0,0,18,11
2020-10-20,US,North Dakota,Rolette,286,7,0,48.77245354,-99.84097493,38079.0,2017.494356659142,2.4475524475524475,279,280,7,0,273,276,14301,6,0,0,6,4
2020-10-20,US,North Dakota,Sargent,115,2,0,46.10830372,-97.63217159,38081.0,2950.230887634685,1.7391304347826086,113,112,2,0,110,112,3870,3,0,0,3,0
2020-10-20,US,North Dakota,Sheridan,38,1,0,47.57700669,-100.3426391,38083.0,2889.7338403041826,2.631578947368421,37,37,1,0,36,35,1349,1,0,0,1,2
2020-10-20,US,North Dakota,Sioux,218,4,0,46.11323337,-101.04401490000001,38085.0,5153.664302600473,1.834862385321101,214,214,4,0,210,213,4358,4,0,0,4,1
2020-10-20,US,North Dakota,Slope,12,0,0,46.44737738,-103.4601547,38087.0,1600.0,0.0,12,12,0,0,12,12,763,0,0,0,0,0
2020-10-20,US,North Dakota,Stark,2207,30,0,46.80851182,-102.65763259999999,38089.0,7008.796722665059,1.3593112822836433,2177,2189,29,0,2160,2181,30997,18,1,0,17,8
2020-10-20,US,North Dakota,Steele,36,0,0,47.45611548,-97.72728747,38091.0,1904.7619047619046,0.0,36,34,0,0,34,34,1903,2,0,0,2,0
2020-10-20,US,North Dakota,Stutsman,735,5,0,46.97962541,-98.95637318,38093.0,3550.038639876353,0.6802721088435374,730,702,5,0,697,692,20917,33,0,0,33,10
2020-10-20,US,North Dakota,Towner,81,2,0,48.68565745,-99.24564265,38095.0,3700.3197807217907,2.469135802469136,79,75,2,0,73,72,2192,6,0,0,6,3
2020-10-20,US,North Dakota,Traill,217,3,0,47.45367788,-97.16323288,38097.0,2700.348432055749,1.3824884792626728,214,212,3,0,209,208,8037,5,0,0,5,4
2020-10-20,US,North Dakota,Walsh,347,2,0,48.36876964,-97.72574783,38099.0,3260.971713184851,0.5763688760806917,345,338,2,0,336,335,10667,9,0,0,9,3
2020-10-20,US,North Dakota,Ward,2043,24,0,48.22390169,-101.54367629999999,38101.0,3020.357475495631,1.1747430249632893,2019,1961,24,0,1937,1900,67744,82,0,0,82,61
2020-10-20,US,North Dakota,Wells,79,0,0,47.58614526,-99.65904998,38103.0,2060.511215440793,0.0,79,78,0,0,78,77,3957,1,0,0,1,1
2020-10-20,US,North Dakota,Williams,1633,12,0,48.34522353,-103.4793387,38105.0,4344.35606161377,0.7348438456827924,1621,1601,12,0,1589,1593,35350,32,0,0,32,8
2020-10-20,US,Ohio,Adams,203,6,0,38.84541072,-83.4718964,39001.0,732.9049028810747,2.955665024630542,197,195,6,0,189,193,27724,8,0,0,8,2
2020-10-20,US,Ohio,Allen,2038,73,0,40.77285242,-84.10802343,39003.0,1991.187189182324,3.5819430814524043,1965,2013,73,0,1940,1958,102663,25,0,0,25,55
2020-10-20,US,Ohio,Ashland,373,5,0,40.84772277,-82.27280781,39005.0,697.4048313514322,1.3404825737265416,368,371,5,0,366,370,53745,2,0,0,2,1
2020-10-20,US,Ohio,Ashtabula,721,48,0,41.70860332,-80.74830218,39007.0,741.4567929165681,6.657420249653258,673,714,48,0,666,713,97493,7,0,0,7,1
2020-10-20,US,Ohio,Athens,1174,2,0,39.33425634,-82.04278644,39009.0,1797.1129854424664,0.17035775127768313,1172,1157,2,0,1155,1145,65818,17,0,0,17,12
2020-10-20,US,Ohio,Auglaize,951,16,0,40.55998859,-84.22421429999999,39011.0,2082.968284562817,1.6824395373291272,935,936,16,0,920,927,45804,15,0,0,15,9
2020-10-20,US,Ohio,Belmont,784,27,0,40.01625942,-80.9924051,39013.0,1170.0444736292272,3.4438775510204085,757,771,27,0,744,768,67505,13,0,0,13,3
2020-10-20,US,Ohio,Brown,368,3,0,38.93416837,-83.86788395,39015.0,847.3015288266714,0.8152173913043478,365,360,3,0,357,358,43602,8,0,0,8,2
2020-10-20,US,Ohio,Butler,8028,123,0,39.44012838,-84.57388716,39017.0,2095.3504518001537,1.5321375186846038,7905,7914,123,0,7791,7856,382378,114,0,0,114,58
2020-10-20,US,Ohio,Carroll,191,7,0,40.578968599999996,-81.09178213,39019.0,709.6678308686928,3.6649214659685865,184,186,7,0,179,188,27081,5,0,0,5,-2
2020-10-20,US,Ohio,Champaign,387,3,0,40.13923427,-83.76875242,39021.0,995.2423813809952,0.7751937984496124,384,379,3,0,376,378,38754,8,0,0,8,1
2020-10-20,US,Ohio,Clark,2424,54,0,39.91592258,-83.78498252,39023.0,1807.8354452093106,2.227722772277228,2370,2379,54,0,2325,2316,134585,45,0,0,45,63
2020-10-20,US,Ohio,Clermont,2349,37,0,39.04847534,-84.15375786,39025.0,1137.9270254035305,1.5751383567475519,2312,2302,37,0,2265,2259,205466,47,0,0,47,43
2020-10-20,US,Ohio,Clinton,436,13,0,39.41485808,-83.80852286,39027.0,1038.8867708730459,2.9816513761467887,423,426,13,0,413,420,42057,10,0,0,10,6
2020-10-20,US,Ohio,Columbiana,2101,87,0,40.76932373,-80.78094576,39029.0,2062.16935111844,4.140885292717753,2014,2096,87,0,2009,2078,102665,5,0,0,5,18
2020-10-20,US,Ohio,Coshocton,298,12,0,40.30096166,-81.91729018,39031.0,814.2076502732242,4.026845637583893,286,295,12,0,283,286,36629,3,0,0,3,9
2020-10-20,US,Ohio,Crawford,430,8,0,40.85065156,-82.91989099,39033.0,1036.2944040102184,1.8604651162790695,422,417,8,0,409,408,41550,13,0,0,13,9
2020-10-20,US,Ohio,Cuyahoga,19436,675,0,41.424119,-81.65918339,39035.0,1573.6734376619338,3.472936818275365,18761,19345,674,0,18671,19212,1243857,91,1,0,90,133
2020-10-20,US,Ohio,Darke,1101,51,0,40.13412966,-84.6194517,39037.0,2154.050828556336,4.632152588555858,1050,1099,50,0,1049,1088,51323,2,1,0,1,11
2020-10-20,US,Ohio,Defiance,444,13,0,41.32398837,-84.49076944,39039.0,1165.7520938903035,2.927927927927928,431,442,13,0,429,437,38165,2,0,0,2,5
2020-10-20,US,Ohio,Delaware,2811,27,0,40.27942393,-83.00457058,39041.0,1343.837993660871,0.96051227321238,2784,2784,27,0,2757,2759,204826,27,0,0,27,25
2020-10-20,US,Ohio,Erie,1138,53,0,41.36796058,-82.62904521,39043.0,1532.3297336600867,4.6572934973637965,1085,1134,53,0,1081,1114,74615,4,0,0,4,20
2020-10-20,US,Ohio,Fairfield,2578,56,0,39.75107189,-82.63088163,39045.0,1636.0567098633026,2.1722265321955003,2522,2561,56,0,2505,2541,155782,17,0,0,17,20
2020-10-20,US,Ohio,Fayette,432,8,0,39.56021306,-83.4562016,39047.0,1514.4609991235761,1.851851851851852,424,428,8,0,420,418,28666,4,0,0,4,10
2020-10-20,US,Ohio,Franklin,30978,635,0,39.96995815,-83.01115755,39049.0,2352.599874236381,2.0498418232293885,30343,30777,635,0,30142,30590,1310300,201,0,0,201,187
2020-10-20,US,Ohio,Fulton,505,6,0,41.60213491,-84.12571393,39051.0,1198.7845985851966,1.188118811881188,499,489,6,0,483,472,42276,16,0,0,16,17
2020-10-20,US,Ohio,Gallia,279,13,0,38.82708533,-82.31647569,39053.0,933.1727874774233,4.659498207885305,266,274,13,0,261,274,29979,5,0,0,5,0
2020-10-20,US,Ohio,Geauga,836,50,0,41.49952319,-81.17935342,39055.0,892.6950634817242,5.980861244019139,786,825,50,0,775,819,94031,11,0,0,11,6
2020-10-20,US,Ohio,Greene,2196,40,0,39.69116283,-83.89032084,39057.0,1299.8928594683225,1.8214936247723128,2156,2140,40,0,2100,2108,167995,56,0,0,56,32
2020-10-20,US,Ohio,Guernsey,287,8,0,40.05026529,-81.49248905,39059.0,738.2636655948552,2.787456445993032,279,280,8,0,272,268,39022,7,0,0,7,12
2020-10-20,US,Ohio,Hamilton,16234,338,0,39.19673558,-84.54502924,39061.0,1985.8759861181961,2.082050018479734,15896,16016,338,0,15678,15890,816684,218,0,0,218,126
2020-10-20,US,Ohio,Hancock,1030,23,0,41.00250487,-83.66838948,39063.0,1359.143871316786,2.2330097087378644,1007,995,21,0,974,975,75930,35,2,0,33,20
2020-10-20,US,Ohio,Hardin,321,13,0,40.66015414,-83.65929931,39065.0,1023.433763749402,4.0498442367601255,308,314,13,0,301,309,31480,7,0,0,7,5
2020-10-20,US,Ohio,Harrison,79,3,0,40.29380509,-81.09068544,39067.0,525.2659574468087,3.79746835443038,76,76,3,0,73,76,15174,3,0,0,3,0
2020-10-20,US,Ohio,Henry,453,17,0,41.333964200000004,-84.06830637,39069.0,1677.405021106421,3.752759381898455,436,449,17,0,432,442,27086,4,0,0,4,7
2020-10-20,US,Ohio,Highland,402,4,0,39.1839264,-83.60331456,39071.0,931.396399527351,0.9950248756218906,398,377,4,0,373,371,43058,25,0,0,25,6
2020-10-20,US,Ohio,Hocking,189,9,0,39.49537927,-82.47991446,39073.0,668.6951599207472,4.761904761904762,180,189,9,0,180,189,28385,0,0,0,0,0
2020-10-20,US,Ohio,Holmes,570,10,0,40.56163713,-81.92635677,39075.0,1296.6333030027295,1.7543859649122806,560,550,10,0,540,537,43892,20,0,0,20,13
2020-10-20,US,Ohio,Huron,699,10,0,41.14651175,-82.59867951,39077.0,1199.6704767789106,1.430615164520744,689,698,9,0,689,690,58504,1,1,0,0,8
2020-10-20,US,Ohio,Jackson,441,7,0,39.01914254,-82.61818559999998,39079.0,1360.5652053188535,1.5873015873015872,434,425,7,0,418,419,32384,16,0,0,16,6
2020-10-20,US,Ohio,Jefferson,456,4,0,40.38614126,-80.76259514,39081.0,698.0482204362802,0.8771929824561403,452,447,4,0,443,438,65767,9,0,0,9,9
2020-10-20,US,Ohio,Knox,362,15,0,40.39830217,-82.42027563,39083.0,580.8542729694169,4.143646408839779,347,356,15,0,341,352,61893,6,0,0,6,4
2020-10-20,US,Ohio,Lake,1883,57,0,41.69710807,-81.23676539,39085.0,818.165623139792,3.0270844397238448,1826,1869,57,0,1812,1847,230514,14,0,0,14,22
2020-10-20,US,Ohio,Lawrence,907,25,0,38.59743452,-82.53466552,39087.0,1525.3182651396667,2.7563395810363835,882,890,25,0,865,885,59866,17,0,0,17,5
2020-10-20,US,Ohio,Licking,2488,65,0,40.09136236,-82.48185785,39089.0,1406.746502923183,2.612540192926045,2423,2449,65,0,2384,2410,175769,39,0,0,39,39
2020-10-20,US,Ohio,Logan,402,3,0,40.38996525,-83.76784341,39091.0,880.1891749868629,0.746268656716418,399,398,3,0,395,392,45358,4,0,0,4,6
2020-10-20,US,Ohio,Lorain,2666,89,0,41.29553751,-82.15083537,39093.0,860.4635400360837,3.3383345836459117,2577,2654,89,0,2565,2623,309461,12,0,0,12,31
2020-10-20,US,Ohio,Lucas,8175,370,0,41.62101218,-83.65468618,39095.0,1908.4949620402106,4.525993883792049,7805,8123,370,0,7753,8058,429899,52,0,0,52,65
2020-10-20,US,Ohio,Madison,1035,14,0,39.89381073,-83.40178317,39097.0,2313.831570946324,1.352657004830918,1021,1023,14,0,1009,1013,44413,12,0,0,12,10
2020-10-20,US,Ohio,Mahoning,3635,283,0,41.01631101,-80.77287029,39099.0,1589.5366074434914,7.785419532324622,3352,3605,283,0,3322,3567,229642,30,0,0,30,38
2020-10-20,US,Ohio,Marion,3351,49,0,40.58610662,-83.15736305,39101.0,5148.018988216859,1.4622500746045957,3302,3330,49,0,3281,3321,65256,21,0,0,21,9
2020-10-20,US,Ohio,Medina,1802,42,0,41.11770589,-81.89986209999998,39103.0,1002.5257863874581,2.3307436182019976,1760,1777,42,0,1735,1755,179146,25,0,0,25,22
2020-10-20,US,Ohio,Meigs,210,12,0,39.09224872,-82.0305041,39105.0,916.7503383245296,5.7142857142857135,198,207,12,0,195,205,23106,3,0,0,3,2
2020-10-20,US,Ohio,Mercer,1471,28,0,40.54043046,-84.62912742,39107.0,3572.8164772175264,1.903467029231815,1443,1449,27,0,1422,1433,40959,22,1,0,21,16
2020-10-20,US,Ohio,Miami,1956,56,0,40.0543329,-84.22871271,39109.0,1828.2595081645434,2.8629856850715747,1900,1927,56,0,1871,1910,106222,29,0,0,29,17
2020-10-20,US,Ohio,Monroe,152,18,0,39.72984936,-81.08464734,39111.0,1113.2268932181046,11.842105263157894,134,143,18,0,125,141,13790,9,0,0,9,2
2020-10-20,US,Ohio,Montgomery,10083,186,0,39.75394919,-84.29050975,39113.0,1896.4165006855533,1.8446890806307648,9897,10000,185,0,9815,9883,532331,83,1,0,82,117
2020-10-20,US,Ohio,Morgan,74,0,0,39.62081738,-81.85308173,39115.0,510.0634132892197,0.0,74,71,0,0,71,69,14604,3,0,0,3,2
2020-10-20,US,Ohio,Morrow,331,2,0,40.52363560000001,-82.7892599,39117.0,936.9338768115942,0.6042296072507553,329,325,2,0,323,322,35112,6,0,0,6,3
2020-10-20,US,Ohio,Muskingum,843,4,0,39.96575964,-81.94363275,39119.0,977.7880879197355,0.4744958481613286,839,828,4,0,824,817,86183,15,0,0,15,11
2020-10-20,US,Ohio,Noble,121,0,0,39.76818851,-81.45937183,39121.0,838.879645036051,0.0,121,116,0,0,116,112,14354,5,0,0,5,4
2020-10-20,US,Ohio,Ottawa,568,30,0,41.53781826,-83.0940185,39123.0,1401.6039481801358,5.28169014084507,538,560,30,0,530,559,40769,8,0,0,8,1
2020-10-20,US,Ohio,Paulding,190,1,0,41.11676341,-84.5801017,39125.0,1017.566409597258,0.5263157894736842,189,187,1,0,186,179,18760,3,0,0,3,8
2020-10-20,US,Ohio,Perry,354,11,0,39.73508655,-82.23804971,39127.0,979.686721647202,3.1073446327683616,343,351,11,0,340,350,36033,3,0,0,3,1
2020-10-20,US,Ohio,Pickaway,2969,46,0,39.64170392,-83.0243386,39129.0,5078.9469182476005,1.5493432132030986,2923,2958,46,0,2912,2946,58086,11,0,0,11,12
2020-10-20,US,Ohio,Pike,288,0,0,39.07634001,-83.06769584,39131.0,1037.0156992654472,0.0,288,282,0,0,282,278,28067,6,0,0,6,4
2020-10-20,US,Ohio,Portage,1561,67,0,41.16793482,-81.19735782,39133.0,960.8164169733976,4.292120435618194,1494,1546,67,0,1479,1530,162927,15,0,0,15,16
2020-10-20,US,Ohio,Preble,595,17,0,39.7420247,-84.64787018,39135.0,1455.4082481287608,2.8571428571428568,578,588,17,0,571,574,40997,7,0,0,7,14
2020-10-20,US,Ohio,Putnam,915,27,0,41.02094889,-84.1336111,39137.0,2702.223797288917,2.950819672131148,888,892,27,0,865,861,33780,23,0,0,23,31
2020-10-20,US,Ohio,Richland,1286,24,0,40.77180308,-82.53799609999999,39139.0,1061.4589695759116,1.8662519440124417,1262,1275,24,0,1251,1257,121099,11,0,0,11,18
2020-10-20,US,Ohio,Ross,1338,33,0,39.33705391,-83.06000914,39141.0,1745.2325672397146,2.4663677130044843,1305,1328,33,0,1295,1305,76931,10,0,0,10,23
2020-10-20,US,Ohio,Sandusky,694,22,0,41.35624126,-83.137872,39143.0,1185.9598755938346,3.1700288184438037,672,691,22,0,669,690,58799,3,0,0,3,1
2020-10-20,US,Ohio,Scioto,805,9,0,38.80270163,-82.98907345,39145.0,1068.8583795841412,1.1180124223602483,796,791,9,0,782,770,75502,14,0,0,14,21
2020-10-20,US,Ohio,Seneca,585,14,0,41.12351311,-83.12783209,39147.0,1060.2051542281342,2.393162393162393,571,582,14,0,568,576,55207,3,0,0,3,6
2020-10-20,US,Ohio,Shelby,868,14,0,40.33163494,-84.20258189,39149.0,1786.3757974891953,1.6129032258064515,854,857,14,0,843,850,48627,11,0,0,11,7
2020-10-20,US,Ohio,Stark,3696,178,0,40.81482476,-81.36437305,39151.0,997.2855269477558,4.816017316017317,3518,3632,178,0,3454,3605,371574,64,0,0,64,27
2020-10-20,US,Ohio,Summit,6555,261,0,41.12464734,-81.53123079,39153.0,1211.6159870465222,3.9816933638443937,6294,6476,260,0,6216,6406,541918,79,1,0,78,70
2020-10-20,US,Ohio,Trumbull,2221,134,0,41.31735028,-80.76109643,39155.0,1121.8644872559023,6.033318325078794,2087,2208,134,0,2074,2174,198627,13,0,0,13,34
2020-10-20,US,Ohio,Tuscarawas,1236,22,0,40.44214695,-81.47226262,39157.0,1343.668127017948,1.779935275080906,1214,1190,22,0,1168,1178,92176,46,0,0,46,12
2020-10-20,US,Ohio,Union,734,3,0,40.30016061,-83.37239023,39159.0,1244.3208788228114,0.4087193460490463,731,726,3,0,723,720,57835,8,0,0,8,6
2020-10-20,US,Ohio,Van Wert,233,3,0,40.8554138,-84.59111700000003,39161.0,824.0495137046861,1.2875536480686696,230,221,3,0,218,215,28281,12,0,0,12,6
2020-10-20,US,Ohio,Vinton,90,3,0,39.25208988,-82.4831444,39163.0,687.8104700038211,3.333333333333333,87,88,3,0,85,85,13139,2,0,0,2,3
2020-10-20,US,Ohio,Warren,4063,60,0,39.42581994,-84.16557457,39165.0,1731.8692935269096,1.4767413241447207,4003,3981,60,0,3921,3933,232173,82,0,0,82,48
2020-10-20,US,Ohio,Washington,333,23,0,39.45690571,-81.49121382,39167.0,555.8244729682364,6.906906906906907,310,330,23,0,307,324,60155,3,0,0,3,6
2020-10-20,US,Ohio,Wayne,1315,68,0,40.82925852,-81.88844833,39169.0,1136.461844265837,5.171102661596958,1247,1296,68,0,1228,1259,115967,19,0,0,19,37
2020-10-20,US,Ohio,Williams,319,4,0,41.56052014,-84.58429552,39171.0,869.3993241033467,1.2539184952978055,315,314,4,0,310,312,36804,5,0,0,5,2
2020-10-20,US,Ohio,Wood,2446,81,0,41.36224827,-83.62285108,39173.0,1869.7875658362445,3.3115290269828286,2365,2429,81,0,2348,2401,130696,17,0,0,17,28
2020-10-20,US,Ohio,Wyandot,284,13,0,40.84339621,-83.30734173,39175.0,1304.4277053095716,4.577464788732393,271,280,13,0,267,278,21935,4,0,0,4,2
2020-10-20,US,Oklahoma,Adair,734,11,0,35.88494195,-94.65859267,40001.0,3307.2001441831126,1.4986376021798364,723,722,11,0,711,717,22082,12,0,0,12,5
2020-10-20,US,Oklahoma,Alfalfa,112,0,0,36.73090616,-98.32408495,40003.0,1964.2230796211857,0.0,112,112,0,0,112,110,5754,0,0,0,0,2
2020-10-20,US,Oklahoma,Atoka,409,1,0,34.37366573,-96.03802487,40005.0,2972.815816252363,0.2444987775061125,408,400,1,0,399,398,13838,9,0,0,9,2
2020-10-20,US,Oklahoma,Beaver,80,0,0,36.7496847,-100.4758872,40007.0,1506.307663340237,0.0,80,80,0,0,80,79,5319,0,0,0,0,1
2020-10-20,US,Oklahoma,Beckham,843,10,0,35.26862449,-99.68128023,40009.0,3856.535065648017,1.1862396204033214,833,834,10,0,824,813,21709,9,0,0,9,21
2020-10-20,US,Oklahoma,Blaine,194,1,0,35.87518314,-98.43307003,40011.0,2057.482235655955,0.5154639175257731,193,185,1,0,184,180,9485,9,0,0,9,5
2020-10-20,US,Oklahoma,Bryan,1397,11,0,33.96472458,-96.25903472,40013.0,2910.7198666527765,0.7874015748031497,1386,1383,11,0,1372,1360,47192,14,0,0,14,23
2020-10-20,US,Oklahoma,Caddo,1074,24,0,35.17364557,-98.37534464,40015.0,3734.0935957165693,2.23463687150838,1050,1059,24,0,1035,1053,28977,15,0,0,15,6
2020-10-20,US,Oklahoma,Canadian,3469,21,0,35.5426055,-97.98465569,40017.0,2339.082707375292,0.6053617757278754,3448,3386,21,0,3365,3350,144447,83,0,0,83,36
2020-10-20,US,Oklahoma,Carter,761,9,0,34.25103751,-97.28552485,40019.0,1581.7588493275964,1.1826544021024967,752,731,9,0,722,731,48177,30,0,0,30,0
2020-10-20,US,Oklahoma,Cherokee,1321,8,0,35.90692775,-94.99980896,40021.0,2714.922827136897,0.6056018168054504,1313,1307,8,0,1299,1303,48675,14,0,0,14,4
2020-10-20,US,Oklahoma,Choctaw,411,2,0,34.02807439,-95.54771129,40023.0,2801.2540894220283,0.4866180048661801,409,411,2,0,409,402,14668,0,0,0,0,9
2020-10-20,US,Oklahoma,Cimarron,33,0,0,36.74817177,-102.5173885,40025.0,1544.220870379036,0.0,33,34,0,0,34,34,2153,-1,0,0,-1,0
2020-10-20,US,Oklahoma,Cleveland,7764,86,0,35.20413532,-97.32519562,40027.0,2733.668058616829,1.1076764554353429,7678,7625,85,0,7540,7575,281669,139,1,0,138,50
2020-10-20,US,Oklahoma,Coal,82,0,0,34.58840127,-96.29798747,40029.0,1492.265696087352,0.0,82,82,0,0,82,79,5520,0,0,0,0,3
2020-10-20,US,Oklahoma,Comanche,2171,17,0,34.65973764,-98.47195055,40031.0,1797.944496434753,0.7830492860432979,2154,2116,16,0,2100,2104,120422,55,1,0,54,12
2020-10-20,US,Oklahoma,Cotton,89,3,0,34.28845626,-98.37053567,40033.0,1570.773032121426,3.3707865168539324,86,88,3,0,85,89,5776,1,0,0,1,-1
2020-10-20,US,Oklahoma,Craig,598,2,0,36.76268118,-95.20916602,40035.0,4228.5391033800015,0.33444816053511706,596,592,2,0,590,594,14306,6,0,0,6,-2
2020-10-20,US,Oklahoma,Creek,1484,37,0,35.90230551,-96.37086028,40037.0,2074.886049047845,2.4932614555256065,1447,1467,36,0,1431,1458,71604,17,1,0,16,9
2020-10-20,US,Oklahoma,Custer,999,3,0,35.63853802,-99.00170785,40039.0,3444.471261593628,0.3003003003003003,996,991,3,0,988,991,29036,8,0,0,8,0
2020-10-20,US,Oklahoma,Delaware,1146,27,0,36.40823634,-94.80325046,40041.0,2664.558580762166,2.356020942408377,1119,1138,27,0,1111,1134,42733,8,0,0,8,4
2020-10-20,US,Oklahoma,Dewey,81,1,0,35.98772922,-99.00730714,40043.0,1656.1030464117764,1.2345679012345678,80,79,1,0,78,78,4894,2,0,0,2,1
2020-10-20,US,Oklahoma,Ellis,19,0,0,36.218019399999996,-99.75324573,40045.0,492.3555325213786,0.0,19,19,0,0,19,19,3952,0,0,0,0,0
2020-10-20,US,Oklahoma,Garfield,2266,25,0,36.3791334,-97.78265517,40047.0,3711.3469601677134,1.1032656663724625,2241,2236,23,0,2213,2218,60913,30,2,0,28,18
2020-10-20,US,Oklahoma,Garvin,588,6,0,34.70418038,-97.30811132,40049.0,2121.9010501244993,1.020408163265306,582,574,6,0,568,569,27811,14,0,0,14,5
2020-10-20,US,Oklahoma,Grady,1496,16,0,35.0167709,-97.88339847,40051.0,2679.370992585163,1.0695187165775402,1480,1467,14,0,1453,1458,55551,29,2,0,27,9
2020-10-20,US,Oklahoma,Grant,79,1,0,36.796296999999996,-97.78638765,40053.0,1823.217170551581,1.2658227848101269,78,78,1,0,77,74,4326,1,0,0,1,4
2020-10-20,US,Oklahoma,Greer,139,8,0,34.93535801,-99.56056120000001,40055.0,2433.473389355743,5.755395683453237,131,133,8,0,125,132,5821,6,0,0,6,1
2020-10-20,US,Oklahoma,Harmon,63,0,0,34.7440135,-99.84741652,40057.0,2374.67018469657,0.0,63,62,0,0,62,62,2664,1,0,0,1,0
2020-10-20,US,Oklahoma,Harper,52,1,0,36.78836519,-99.6679804,40059.0,1409.9783080260306,1.9230769230769231,51,49,1,0,48,47,3797,3,0,0,3,2
2020-10-20,US,Oklahoma,Haskell,358,5,0,35.22257600000001,-95.11513306,40061.0,2835.1944246456005,1.3966480446927374,353,356,5,0,351,351,12668,2,0,0,2,5
2020-10-20,US,Oklahoma,Hughes,368,4,0,35.04912569,-96.24921145,40063.0,2771.29301905264,1.0869565217391304,364,362,4,0,358,358,13335,6,0,0,6,4
2020-10-20,US,Oklahoma,Jackson,1041,11,0,34.58781741,-99.41138784,40065.0,4243.783122706889,1.0566762728146013,1030,1019,11,0,1008,1018,24949,22,0,0,22,1
2020-10-20,US,Oklahoma,Jefferson,73,0,0,34.11130184,-97.83182974,40067.0,1216.2612462512495,0.0,73,67,0,0,67,66,6123,6,0,0,6,1
2020-10-20,US,Oklahoma,Johnston,269,4,0,34.31440473,-96.66011537,40069.0,2426.7027514659453,1.4869888475836432,265,263,4,0,259,260,10949,6,0,0,6,3
2020-10-20,US,Oklahoma,Kay,802,16,0,36.81799745,-97.14421435,40071.0,1842.0689971978506,1.9950124688279305,786,796,15,0,781,792,44161,6,1,0,5,4
2020-10-20,US,Oklahoma,Kingfisher,495,2,0,35.94530008,-97.94193268,40073.0,3139.8667935299713,0.404040404040404,493,492,2,0,490,488,15816,3,0,0,3,4
2020-10-20,US,Oklahoma,Kiowa,155,2,0,34.91671958,-98.97720696,40075.0,1779.9724391364264,1.2903225806451613,153,151,2,0,149,151,8729,4,0,0,4,0
2020-10-20,US,Oklahoma,Latimer,190,2,0,34.87844729,-95.25215049,40077.0,1886.230517224263,1.0526315789473684,188,179,2,0,177,178,10231,11,0,0,11,1
2020-10-20,US,Oklahoma,Le Flore,1583,22,0,34.89851864,-94.70392124,40079.0,3175.3354863298096,1.3897662665824384,1561,1544,21,0,1523,1534,49980,39,1,0,38,10
2020-10-20,US,Oklahoma,Lincoln,723,15,0,35.70270942,-96.8812462,40081.0,2072.9993978839925,2.074688796680498,708,714,13,0,701,711,34920,9,2,0,7,3
2020-10-20,US,Oklahoma,Logan,770,2,0,35.91899576,-97.44352845,40083.0,1603.7991293661871,0.2597402597402597,768,745,2,0,743,728,47291,25,0,0,25,17
2020-10-20,US,Oklahoma,Love,252,1,0,33.95273467,-97.23906784,40085.0,2457.817224227056,0.3968253968253968,251,250,1,0,249,251,10134,2,0,0,2,-1
2020-10-20,US,Oklahoma,Major,146,2,0,36.31149996,-98.53467076,40093.0,1913.750163848473,1.3698630136986298,144,143,2,0,141,135,7644,3,0,0,3,8
2020-10-20,US,Oklahoma,Marshall,258,2,0,34.02311222,-96.76855464,40095.0,1523.8320240978092,0.7751937984496124,256,253,2,0,251,251,16806,5,0,0,5,2
2020-10-20,US,Oklahoma,Mayes,901,11,0,36.30179091,-95.23175116,40097.0,2192.214111922141,1.2208657047724751,890,881,11,0,870,871,41107,20,0,0,20,10
2020-10-20,US,Oklahoma,McClain,1211,9,0,35.01123903,-97.44572302,40087.0,2992.0442753372536,0.7431874483897605,1202,1180,9,0,1171,1169,39985,31,0,0,31,11
2020-10-20,US,Oklahoma,McCurtain,1546,37,0,34.11664328,-94.77222373,40089.0,4708.820662768031,2.393272962483829,1509,1534,37,0,1497,1530,32703,12,0,0,12,4
2020-10-20,US,Oklahoma,McIntosh,463,9,0,35.37235506,-95.66599306,40091.0,2362.727087160645,1.9438444924406049,454,448,9,0,439,445,19815,15,0,0,15,3
2020-10-20,US,Oklahoma,Murray,268,2,0,34.48116015,-97.06826283,40099.0,1904.355858736588,0.746268656716418,266,258,2,0,256,254,13953,10,0,0,10,4
2020-10-20,US,Oklahoma,Muskogee,2207,28,0,35.61318461,-95.37802952,40101.0,3245.731429327764,1.2686905301314,2179,2185,28,0,2157,2176,68362,22,0,0,22,9
2020-10-20,US,Oklahoma,Noble,170,3,0,36.38953329,-97.22928674,40103.0,1527.2661935136111,1.7647058823529411,167,170,3,0,167,170,11289,0,0,0,0,0
2020-10-20,US,Oklahoma,Nowata,225,4,0,36.79843529,-95.61902331,40105.0,2233.0289797538708,1.7777777777777777,221,225,4,0,221,222,10218,0,0,0,0,3
2020-10-20,US,Oklahoma,Okfuskee,310,6,0,35.46485198,-96.32639984,40107.0,2584.8411573417825,1.935483870967742,304,300,6,0,294,284,12098,10,0,0,10,16
2020-10-20,US,Oklahoma,Oklahoma,22213,218,0,35.55140095,-97.40716948,40109.0,2785.559682682203,0.9814072840228696,21995,22008,216,0,21792,21854,792582,205,2,0,203,154
2020-10-20,US,Oklahoma,Okmulgee,1121,8,0,35.64661916,-95.96432828,40111.0,2914.3377096061354,0.7136485280999108,1113,1090,8,0,1082,1073,38335,31,0,0,31,17
2020-10-20,US,Oklahoma,Osage,1333,13,0,36.62888819,-96.39635704,40113.0,2838.404701573579,0.9752438109527382,1320,1322,13,0,1309,1323,47014,11,0,0,11,-1
2020-10-20,US,Oklahoma,Ottawa,1143,8,0,36.83532655,-94.81011909,40115.0,3672.053201400713,0.6999125109361329,1135,1134,8,0,1126,1131,31175,9,0,0,9,3
2020-10-20,US,Oklahoma,Pawnee,315,5,0,36.31743373,-96.70331759999999,40117.0,1923.5466536394724,1.5873015873015872,310,312,5,0,307,306,16390,3,0,0,3,6
2020-10-20,US,Oklahoma,Payne,2704,10,0,36.07695283,-96.97584944,40119.0,3306.270175095373,0.3698224852071006,2694,2695,10,0,2685,2680,82040,9,0,0,9,15
2020-10-20,US,Oklahoma,Pittsburg,1198,20,0,34.92065823,-95.75134320000001,40121.0,2744.307509048427,1.6694490818030048,1178,1184,20,0,1164,1172,43877,14,0,0,14,12
2020-10-20,US,Oklahoma,Pontotoc,663,4,0,34.72959848,-96.68337199,40123.0,1731.7939609236234,0.6033182503770739,659,645,4,0,641,626,38247,18,0,0,18,19
2020-10-20,US,Oklahoma,Pottawatomie,1939,12,0,35.20614018,-96.94923008,40125.0,2671.0932334141503,0.6188757091284167,1927,1904,12,0,1892,1887,72679,35,0,0,35,17
2020-10-20,US,Oklahoma,Pushmataha,257,4,0,34.41635232,-95.37603505,40127.0,2316.149963950973,1.5564202334630348,253,252,4,0,248,248,11179,5,0,0,5,4
2020-10-20,US,Oklahoma,Roger Mills,86,3,0,35.68711719,-99.69666167,40129.0,2400.2232765838685,3.4883720930232562,83,85,2,0,83,85,3656,1,1,0,0,0
2020-10-20,US,Oklahoma,Rogers,2292,53,0,36.37004357,-95.60406759,40131.0,2478.9366097405336,2.31239092495637,2239,2267,53,0,2214,2260,91984,25,0,0,25,7
2020-10-20,US,Oklahoma,Seminole,715,6,0,35.16478725,-96.61686741,40133.0,2947.4812433011793,0.8391608391608392,709,684,6,0,678,677,24578,31,0,0,31,7
2020-10-20,US,Oklahoma,Sequoyah,1163,13,0,35.49447108,-94.75463785,40135.0,2797.7579446221944,1.1177987962166809,1150,1144,13,0,1131,1130,41179,19,0,0,19,14
2020-10-20,US,Oklahoma,Stephens,636,8,0,34.48556989,-97.85141892,40137.0,1474.1673040817745,1.2578616352201255,628,604,8,0,596,600,43265,32,0,0,32,4
2020-10-20,US,Oklahoma,Texas,1729,10,0,36.74777635,-101.4889765,40139.0,8652.354501326125,0.578368999421631,1719,1726,10,0,1716,1721,20455,3,0,0,3,5
2020-10-20,US,Oklahoma,Tillman,135,3,0,34.37288446,-98.92426619,40141.0,1862.0689655172407,2.2222222222222223,132,133,3,0,130,134,7348,2,0,0,2,-1
2020-10-20,US,Oklahoma,Tulsa,20639,190,0,36.11939621,-95.94013939,40143.0,3167.667354255685,0.9205872377537672,20449,20448,186,0,20262,20322,648360,191,4,0,187,126
2020-10-20,US,Oklahoma,Unassigned,15,0,0,0.0,0.0,90040.0,0.0,0.0,15,21,0,0,21,21,,-6,0,0,-6,0
2020-10-20,US,Oklahoma,Wagoner,1783,27,0,35.96024096,-95.51911308,40145.0,2193.408702284442,1.5143017386427369,1756,1755,27,0,1728,1750,80110,28,0,0,28,5
2020-10-20,US,Oklahoma,Washington,1218,41,0,36.71380786,-95.90514104,40147.0,2363.80926504551,3.3661740558292284,1177,1209,41,0,1168,1207,51843,9,0,0,9,2
2020-10-20,US,Oklahoma,Washita,161,0,0,35.29071824,-98.99180434,40149.0,1474.8992304873584,0.0,161,154,0,0,154,152,11127,7,0,0,7,2
2020-10-20,US,Oklahoma,Woods,154,0,0,36.76705782,-98.86573064,40151.0,1751.3931536449447,0.0,154,150,0,0,150,147,8897,4,0,0,4,3
2020-10-20,US,Oklahoma,Woodward,1198,5,0,36.42316318,-99.26283045,40153.0,5927.465241700063,0.4173622704507513,1193,1192,5,0,1187,1189,20222,6,0,0,6,3
2020-10-20,US,Oregon,Baker,112,2,0,44.70915557,-117.6749883,41001.0,694.61672041677,1.7857142857142858,110,112,2,0,110,112,16006,0,0,0,0,0
2020-10-20,US,Oregon,Benton,419,6,0,44.49167306,-123.4316987,41003.0,450.2810226430098,1.431980906921241,413,416,6,0,410,416,92101,3,0,0,3,0
2020-10-20,US,Oregon,Clackamas,2970,65,0,45.18787398,-122.2179634,41005.0,710.2085908935478,2.1885521885521886,2905,2942,65,0,2877,2918,416075,28,0,0,28,24
2020-10-20,US,Oregon,Clatsop,235,0,0,45.99712889,-123.660711,41007.0,584.2283214001592,0.0,235,235,0,0,235,235,39764,0,0,0,0,0
2020-10-20,US,Oregon,Columbia,247,1,0,45.94464254,-123.08908980000001,41009.0,471.7882110249456,0.4048582995951417,246,247,1,0,246,247,52377,0,0,0,0,0
2020-10-20,US,Oregon,Coos,225,0,0,43.17406868,-124.0594514,41011.0,348.9075317505854,0.0,225,222,0,0,222,214,64389,3,0,0,3,8
2020-10-20,US,Oregon,Crook,86,2,0,44.14230227,-120.356297,41013.0,352.4012456974266,2.3255813953488373,84,83,2,0,81,81,23867,3,0,0,3,2
2020-10-20,US,Oregon,Curry,56,1,0,42.45911325,-124.15728200000001,41015.0,244.2748091603053,1.7857142857142858,55,56,1,0,55,56,22813,0,0,0,0,0
2020-10-20,US,Oregon,Deschutes,1065,13,0,43.91570171,-121.2289121,41017.0,538.7167917771078,1.2206572769953052,1052,1062,13,0,1049,1047,191996,3,0,0,3,15
2020-10-20,US,Oregon,Douglas,324,4,0,43.27941273,-123.16729099999999,41019.0,291.94449450351414,1.2345679012345678,320,316,4,0,312,314,110283,8,0,0,8,2
2020-10-20,US,Oregon,Gilliam,11,0,0,45.37160076,-120.20488689999999,41021.0,575.3138075313808,0.0,11,11,0,0,11,11,1894,0,0,0,0,0
2020-10-20,US,Oregon,Grant,10,0,0,44.49024544,-119.0068631,41023.0,138.90818169190166,0.0,10,10,0,0,10,10,7176,0,0,0,0,0
2020-10-20,US,Oregon,Harney,15,0,0,43.06422669,-118.96663059999999,41025.0,202.89463005545787,0.0,15,13,0,0,13,13,7329,2,0,0,2,0
2020-10-20,US,Oregon,Hood River,269,1,0,45.51872811,-121.65520359999998,41027.0,1150.4576169703191,0.3717472118959108,268,268,1,0,267,268,23428,1,0,0,1,0
2020-10-20,US,Oregon,Jackson,1519,6,0,42.43201126,-122.72893090000001,41029.0,687.5045260337462,0.3949967083607637,1513,1510,6,0,1504,1492,219564,9,0,0,9,18
2020-10-20,US,Oregon,Jefferson,597,9,0,44.62806839,-121.17832,41031.0,2421.120934382351,1.5075376884422111,588,593,9,0,584,593,24192,4,0,0,4,0
2020-10-20,US,Oregon,Josephine,257,3,0,42.3665549,-123.5561938,41033.0,293.7579297495628,1.1673151750972763,254,257,2,0,255,256,87393,0,1,0,-1,1
2020-10-20,US,Oregon,Klamath,401,3,0,42.68762984,-121.64964609999998,41035.0,587.6491104663091,0.7481296758104738,398,397,3,0,394,397,67653,4,0,0,4,0
2020-10-20,US,Oregon,Lake,35,0,0,42.79246693,-120.38501629999999,41037.0,444.7833269792858,0.0,35,35,0,0,35,35,7879,0,0,0,0,0
2020-10-20,US,Oregon,Lane,2170,26,0,43.93727035,-122.847753,41039.0,567.9632106410655,1.1981566820276497,2144,2128,25,0,2103,2091,379611,42,1,0,41,37
2020-10-20,US,Oregon,Lincoln,508,13,0,44.64252874,-123.86991200000001,41041.0,1016.7727472879387,2.559055118110236,495,508,13,0,495,508,49388,0,0,0,0,0
2020-10-20,US,Oregon,Linn,758,14,0,44.48899494,-122.53731540000001,41043.0,584.2048878989433,1.8469656992084436,744,745,14,0,731,741,127335,13,0,0,13,4
2020-10-20,US,Oregon,Malheur,1858,34,0,43.1937027,-117.62273950000001,41045.0,6077.6552942330945,1.829924650161464,1824,1847,33,0,1814,1842,30725,11,1,0,10,5
2020-10-20,US,Oregon,Marion,5547,106,0,44.90287942,-122.58151170000001,41047.0,1594.799579090214,1.910942851992068,5441,5509,105,0,5404,5470,346868,38,1,0,37,39
2020-10-20,US,Oregon,Morrow,542,6,0,45.41846568,-119.584546,41049.0,4671.205722657934,1.1070110701107012,536,540,6,0,534,540,11372,2,0,0,2,0
2020-10-20,US,Oregon,Multnomah,8689,154,0,45.54747959,-122.4169351,41051.0,1068.9483364191647,1.7723558522269536,8535,8588,154,0,8434,8520,811880,101,0,0,101,68
2020-10-20,US,Oregon,Polk,637,15,0,44.90322804,-123.4128888,41053.0,739.9663123656851,2.3547880690737832,622,631,15,0,616,628,85234,6,0,0,6,3
2020-10-20,US,Oregon,Sherman,18,0,0,45.41501554,-120.6827834,41055.0,1011.2359550561798,0.0,18,18,0,0,18,18,1708,0,0,0,0,0
2020-10-20,US,Oregon,Tillamook,69,0,0,45.46248721,-123.712066,41057.0,255.2152685308477,0.0,69,70,0,0,70,69,26787,-1,0,0,-1,1
2020-10-20,US,Oregon,Umatilla,3276,43,0,45.59073056,-118.7353826,41059.0,4202.6940346375895,1.3125763125763126,3233,3267,43,0,3224,3258,77516,9,0,0,9,9
2020-10-20,US,Oregon,Union,456,2,0,45.30915495,-118.0068979,41061.0,1699.2733370598098,0.43859649122807015,454,456,2,0,454,456,26461,0,0,0,0,0
2020-10-20,US,Oregon,Wallowa,40,2,0,45.57894064,-117.18353799999998,41063.0,554.9389567147614,5.0,38,40,2,0,38,40,7081,0,0,0,0,0
2020-10-20,US,Oregon,Wasco,334,15,0,45.16292781,-121.16709540000001,41065.0,1251.7802263698372,4.491017964071856,319,332,15,0,317,332,26505,2,0,0,2,0
2020-10-20,US,Oregon,Washington,5429,72,0,45.55972701,-123.0955257,41067.0,902.4388622189124,1.3262110885982683,5357,5385,70,0,5315,5365,597695,44,2,0,42,20
2020-10-20,US,Oregon,Wheeler,1,0,0,44.72698162,-120.02814270000002,41069.0,75.07507507507508,0.0,1,1,0,0,1,1,1366,0,0,0,0,0
2020-10-20,US,Oregon,Yamhill,951,15,0,45.23330449,-123.3086963,41071.0,887.9551820728293,1.5772870662460567,936,944,15,0,929,938,107002,7,0,0,7,6
2020-10-20,US,Pennsylvania,Adams,1030,27,0,39.87140411,-77.21610347,42001.0,999.9126289935832,2.6213592233009706,1003,1017,27,0,990,996,102811,13,0,0,13,21
2020-10-20,US,Pennsylvania,Allegheny,14277,395,0,40.46809875,-79.98167747,42003.0,1174.0519470907739,2.7666876794844857,13882,14174,392,0,13782,14075,1218452,103,3,0,100,99
2020-10-20,US,Pennsylvania,Armstrong,587,19,0,40.81665618,-79.46290811,42005.0,906.7737699853247,3.2367972742759794,568,574,19,0,555,568,65263,13,0,0,13,6
2020-10-20,US,Pennsylvania,Beaver,2162,138,0,40.6825484,-80.34921611,42007.0,1318.8636543869602,6.382978723404255,2024,2152,137,0,2015,2148,164742,10,1,0,9,4
2020-10-20,US,Pennsylvania,Bedford,342,6,0,40.00522157,-78.48998442,42009.0,714.1663882392247,1.7543859649122806,336,338,6,0,332,337,48176,4,0,0,4,1
2020-10-20,US,Pennsylvania,Berks,8458,417,0,40.41570541,-75.92457766,42011.0,2008.24381950974,4.930243556396311,8041,8377,413,0,7964,8293,420152,81,4,0,77,84
2020-10-20,US,Pennsylvania,Blair,1058,25,0,40.47961444,-78.34917412,42013.0,868.4303408876376,2.3629489603024574,1033,1034,23,0,1011,1026,122492,24,2,0,22,8
2020-10-20,US,Pennsylvania,Bradford,502,8,0,41.78869215,-76.51570822,42015.0,832.1867281136548,1.593625498007968,494,482,8,0,474,473,60833,20,0,0,20,9
2020-10-20,US,Pennsylvania,Bucks,9671,623,0,40.33682119,-75.10836643,42017.0,1539.306349181085,6.441939820080654,9048,9637,623,0,9014,9599,628195,34,0,0,34,38
2020-10-20,US,Pennsylvania,Butler,1438,27,0,40.91152759,-79.91351055,42019.0,765.4921667474035,1.877607788595271,1411,1418,27,0,1391,1413,187888,20,0,0,20,5
2020-10-20,US,Pennsylvania,Cambria,913,7,0,40.49527404,-78.71377428,42021.0,701.2719675556102,0.7667031763417306,906,889,7,0,882,886,131730,24,0,0,24,3
2020-10-20,US,Pennsylvania,Cameron,8,0,0,41.43625568,-78.20376845,42023.0,179.89655947830002,0.0,8,8,0,0,8,8,4492,0,0,0,0,0
2020-10-20,US,Pennsylvania,Carbon,548,29,0,40.91545395,-75.7068525,42025.0,853.8219438471846,5.291970802919708,519,547,29,0,518,540,64227,1,0,0,1,7
2020-10-20,US,Pennsylvania,Centre,3744,15,0,40.92058903,-77.82200624,42027.0,2305.631677802753,0.4006410256410257,3729,3719,15,0,3704,3699,162805,25,0,0,25,20
2020-10-20,US,Pennsylvania,Chester,7701,374,0,39.97291773,-75.74768357,42029.0,1466.8878776507693,4.856512141280354,7327,7656,374,0,7282,7575,522046,45,0,0,45,81
2020-10-20,US,Pennsylvania,Clarion,186,3,0,41.19265812,-79.42413524,42031.0,483.8961444403975,1.6129032258064515,183,181,3,0,178,178,38779,5,0,0,5,3
2020-10-20,US,Pennsylvania,Clearfield,400,7,0,41.00110782,-78.47592663,42033.0,504.7000189262506,1.75,393,393,7,0,386,391,79388,7,0,0,7,2
2020-10-20,US,Pennsylvania,Clinton,242,6,0,41.23255967,-77.63785995,42035.0,626.4236902050112,2.479338842975207,236,241,6,0,235,240,38684,1,0,0,1,1
2020-10-20,US,Pennsylvania,Columbia,1027,40,0,41.04821986,-76.40565017,42037.0,1580.8755618496398,3.894839337877313,987,1023,39,0,984,1022,65456,4,1,0,3,1
2020-10-20,US,Pennsylvania,Crawford,399,3,0,41.68447709,-80.10760592,42039.0,471.4695908022074,0.7518796992481203,396,392,3,0,389,386,85063,7,0,0,7,6
2020-10-20,US,Pennsylvania,Cumberland,2349,78,0,40.1625372,-77.26130755,42041.0,927.1026561944984,3.3205619412515963,2271,2254,78,0,2176,2235,251423,95,0,0,95,19
2020-10-20,US,Pennsylvania,Dauphin,4448,188,0,40.41377078,-76.77993242,42043.0,1598.2809855586975,4.226618705035971,4260,4416,186,0,4230,4386,277097,32,2,0,30,30
2020-10-20,US,Pennsylvania,Delaware,12716,767,0,39.91680171,-75.40243663,42045.0,2243.681925091796,6.0317709971689215,11949,12604,765,0,11839,12572,564751,112,2,0,110,32
2020-10-20,US,Pennsylvania,Elk,116,2,0,41.42822061,-78.64524744,42047.0,387.8301571380809,1.7241379310344829,114,111,2,0,109,105,30169,5,0,0,5,6
2020-10-20,US,Pennsylvania,Erie,1899,39,0,41.99253829,-80.03301954,42049.0,704.0425910546919,2.0537124802527646,1860,1879,39,0,1840,1866,272061,20,0,0,20,13
2020-10-20,US,Pennsylvania,Fayette,936,12,0,39.92041012,-79.64291195,42051.0,724.0435044943297,1.2820512820512822,924,930,11,0,919,927,130441,6,1,0,5,3
2020-10-20,US,Pennsylvania,Forest,18,1,0,41.51095103,-79.23229292,42053.0,248.3786394370084,5.5555555555555545,17,18,1,0,17,18,7279,0,0,0,0,0
2020-10-20,US,Pennsylvania,Franklin,2020,53,0,39.92956518,-77.72157791,42055.0,1302.998832461442,2.623762376237624,1967,2003,53,0,1950,1986,154835,17,0,0,17,17
2020-10-20,US,Pennsylvania,Fulton,64,2,0,39.92913544,-78.11163677,42057.0,440.46799724707495,3.125,62,63,2,0,61,62,14523,1,0,0,1,1
2020-10-20,US,Pennsylvania,Greene,216,1,0,39.85746531,-80.22357106,42059.0,596.1416388375237,0.462962962962963,215,214,1,0,213,213,36506,2,0,0,2,1
2020-10-20,US,Pennsylvania,Huntingdon,725,11,0,40.42162652,-77.97673273,42061.0,1605.9720007088429,1.5172413793103448,714,710,10,0,700,697,45168,15,1,0,14,13
2020-10-20,US,Pennsylvania,Indiana,966,14,0,40.65241041,-79.08963285,42063.0,1149.0014630142853,1.4492753623188406,952,954,14,0,940,945,84501,12,0,0,12,9
2020-10-20,US,Pennsylvania,Jefferson,148,3,0,41.12913106,-78.9986361,42065.0,340.8175014392632,2.0270270270270268,145,144,3,0,141,143,43641,4,0,0,4,1
2020-10-20,US,Pennsylvania,Juniata,213,8,0,40.53358749,-77.39975129999998,42067.0,860.1542624076242,3.755868544600939,205,213,8,0,205,212,24704,0,0,0,0,1
2020-10-20,US,Pennsylvania,Lackawanna,3356,217,0,41.43564672,-75.60379201,42069.0,1600.5799479191508,6.4660309892729435,3139,3314,217,0,3097,3290,210793,42,0,0,42,24
2020-10-20,US,Pennsylvania,Lancaster,9023,469,0,40.03904563,-76.24770128,42071.0,1653.3998871224285,5.197827773467805,8554,8974,468,0,8506,8946,543557,49,1,0,48,28
2020-10-20,US,Pennsylvania,Lawrence,741,26,0,40.99206278,-80.33393706,42073.0,866.5450463092899,3.5087719298245608,715,723,25,0,698,708,86184,18,1,0,17,15
2020-10-20,US,Pennsylvania,Lebanon,2645,66,0,40.36680311,-76.45651841,42075.0,1865.3953298117679,2.495274102079395,2579,2607,66,0,2541,2582,141314,38,0,0,38,25
2020-10-20,US,Pennsylvania,Lehigh,6166,363,0,40.6154815,-75.59435245,42077.0,1669.5638988622272,5.887122932208888,5803,6149,362,0,5787,6129,368100,17,1,0,16,20
2020-10-20,US,Pennsylvania,Luzerne,4781,190,0,41.17823008,-75.98447579,42079.0,1506.2205237904711,3.97406400334658,4591,4748,190,0,4558,4703,317646,33,0,0,33,45
2020-10-20,US,Pennsylvania,Lycoming,891,29,0,41.34310539,-77.06629984,42081.0,786.4147079850661,3.2547699214365884,862,888,29,0,859,882,113664,3,0,0,3,6
2020-10-20,US,Pennsylvania,McKean,101,2,0,41.80938602,-78.56478358,42083.0,248.61538461538456,1.98019801980198,99,99,2,0,97,94,40968,2,0,0,2,5
2020-10-20,US,Pennsylvania,Mercer,916,25,0,41.30248872,-80.25816981,42085.0,837.1106886971779,2.7292576419213974,891,894,25,0,869,885,110683,22,0,0,22,9
2020-10-20,US,Pennsylvania,Mifflin,324,3,0,40.61116939,-77.61070738,42087.0,702.2411027786206,0.925925925925926,321,321,3,0,318,318,46222,3,0,0,3,3
2020-10-20,US,Pennsylvania,Monroe,1940,134,0,41.05934058,-75.34031025,42089.0,1139.360196392809,6.907216494845362,1806,1938,134,0,1804,1923,169507,2,0,0,2,15
2020-10-20,US,Pennsylvania,Montgomery,13228,892,0,40.21053671,-75.36652296,42091.0,1591.9799257445104,6.7432718475960085,12336,13176,891,0,12285,13145,828604,52,1,0,51,31
2020-10-20,US,Pennsylvania,Montour,277,7,0,41.03023987,-76.66345939,42093.0,1519.4733955019199,2.527075812274368,270,276,7,0,269,274,18240,1,0,0,1,2
2020-10-20,US,Pennsylvania,Northampton,5088,309,0,40.75182733,-75.30471829,42095.0,1666.639369769232,6.07311320754717,4779,5062,309,0,4753,5049,304807,26,0,0,26,13
2020-10-20,US,Pennsylvania,Northumberland,1351,103,0,40.84785433,-76.70798222,42097.0,1487.1811807183822,7.623982235381199,1248,1346,99,0,1247,1336,91083,5,4,0,1,10
2020-10-20,US,Pennsylvania,Perry,329,6,0,40.40206612,-77.26297447,42099.0,711.0131396957123,1.82370820668693,323,325,6,0,319,315,46139,4,0,0,4,10
2020-10-20,US,Pennsylvania,Philadelphia,41094,1849,0,40.00338507,-75.1379271,42101.0,2594.213365116561,4.4994403075874825,39245,40803,1841,0,38962,40179,1584138,291,8,0,283,624
2020-10-20,US,Pennsylvania,Pike,613,23,0,41.33155042,-75.03208106,42103.0,1098.3891487036142,3.752039151712888,590,613,23,0,590,611,55933,0,0,0,0,2
2020-10-20,US,Pennsylvania,Potter,42,1,0,41.74471626,-77.89559864,42105.0,254.1449836621082,2.380952380952381,41,41,1,0,40,40,16622,1,0,0,1,1
2020-10-20,US,Pennsylvania,Schuylkill,1656,75,0,40.70497338,-76.2150785,42107.0,1171.4853670441926,4.528985507246377,1581,1632,73,0,1559,1593,142067,24,2,0,22,39
2020-10-20,US,Pennsylvania,Snyder,452,15,0,40.77129231,-77.06840691,42109.0,1119.5878331516892,3.31858407079646,437,446,15,0,431,443,40540,6,0,0,6,3
2020-10-20,US,Pennsylvania,Somerset,331,3,0,39.97172723,-79.02699593,42111.0,450.6651054501886,0.9063444108761328,328,325,3,0,322,319,73952,6,0,0,6,6
2020-10-20,US,Pennsylvania,Sullivan,16,1,0,41.44634738,-76.51246591,42113.0,263.7652489284537,6.25,15,16,1,0,15,15,6071,0,0,0,0,1
2020-10-20,US,Pennsylvania,Susquehanna,377,28,0,41.82147784,-75.80071959,42115.0,934.8343582622496,7.427055702917772,349,372,28,0,344,369,40589,5,0,0,5,3
2020-10-20,US,Pennsylvania,Tioga,155,3,0,41.77255149,-77.25433032,42117.0,381.8580473503979,1.935483870967742,152,150,3,0,147,148,40763,5,0,0,5,2
2020-10-20,US,Pennsylvania,Union,646,8,0,40.96188846,-77.05996014,42119.0,1438.0161609865772,1.238390092879257,638,646,7,0,639,641,44785,0,1,0,-1,5
2020-10-20,US,Pennsylvania,Venango,179,1,0,41.40323442,-79.75845449,42121.0,353.2801768374516,0.5586592178770949,178,173,1,0,172,168,51266,6,0,0,6,5
2020-10-20,US,Pennsylvania,Warren,59,1,0,41.81304978,-79.26969577,42123.0,150.54476793141282,1.6949152542372878,58,59,1,0,58,59,39498,0,0,0,0,0
2020-10-20,US,Pennsylvania,Washington,1699,32,0,40.19208869,-80.24582867,42125.0,821.3085828922244,1.8834608593290167,1667,1675,32,0,1643,1654,207346,24,0,0,24,21
2020-10-20,US,Pennsylvania,Wayne,281,12,0,41.64938475,-75.29956506,42127.0,547.1077276532778,4.270462633451957,269,279,12,0,267,280,51276,2,0,0,2,-1
2020-10-20,US,Pennsylvania,Westmoreland,3614,74,0,40.31377979999999,-79.46615476,42129.0,1035.8298533386453,2.0475926950747096,3540,3550,71,0,3479,3485,350611,64,3,0,61,65
2020-10-20,US,Pennsylvania,Wyoming,101,8,0,41.51955538,-76.01074915,42131.0,376.9500634470404,7.920792079207921,93,100,8,0,92,100,27046,1,0,0,1,0
2020-10-20,US,Pennsylvania,York,5971,193,0,39.9210089,-76.73040131,42133.0,1329.672336312904,3.2322893987606767,5778,5896,191,0,5705,5851,448273,75,2,0,73,45
2020-10-20,US,Puerto Rico,Adjuntas,170,0,0,18.180117000000006,-66.754367,72001.0,872.5555612585333,0.0,170,170,0,0,170,168,,0,0,0,0,2
2020-10-20,US,Puerto Rico,Aguada,400,0,0,18.360255,-67.17513100000001,72003.0,953.3115660525752,0.0,400,397,0,0,397,395,,3,0,0,3,2
2020-10-20,US,Puerto Rico,Aguadilla,527,0,0,18.459681,-67.12081500000001,72005.0,864.6573364616319,0.0,527,522,0,0,522,516,,5,0,0,5,6
2020-10-20,US,Puerto Rico,Aguas Buenas,345,0,0,18.251619,-66.126806,72007.0,1203.8103213650165,0.0,345,342,0,0,342,339,,3,0,0,3,3
2020-10-20,US,Puerto Rico,Aibonito,194,0,0,18.131361,-66.264131,72009.0,749.034749034749,0.0,194,191,0,0,191,191,,3,0,0,3,0
2020-10-20,US,Puerto Rico,Anasco,243,0,0,18.287985,-67.120611,72011.0,830.4569221831108,0.0,243,240,0,0,240,239,,3,0,0,3,1
2020-10-20,US,Puerto Rico,Arecibo,997,0,0,18.406631,-66.675077,72013.0,1033.8034010783906,0.0,997,993,0,0,993,979,,4,0,0,4,14
2020-10-20,US,Puerto Rico,Arroyo,193,0,0,17.998457000000005,-66.056546,72015.0,985.9514687100894,0.0,193,190,0,0,190,190,,3,0,0,3,0
2020-10-20,US,Puerto Rico,Barceloneta,301,0,0,18.445532999999998,-66.56053100000001,72017.0,1212.9271437782074,0.0,301,299,0,0,299,297,,2,0,0,2,2
2020-10-20,US,Puerto Rico,Barranquitas,548,0,0,18.201592,-66.30963,72019.0,1807.5070914968005,0.0,548,547,0,0,547,543,,1,0,0,1,4
2020-10-20,US,Puerto Rico,Bayamon,4530,0,0,18.34946,-66.168435,72021.0,2176.6707028772416,0.0,4530,4499,0,0,4499,4456,,31,0,0,31,43
2020-10-20,US,Puerto Rico,Cabo Rojo,485,0,0,18.040993,-67.154391,72023.0,952.5305889977808,0.0,485,484,0,0,484,473,,1,0,0,1,11
2020-10-20,US,Puerto Rico,Caguas,2001,0,0,18.211615,-66.050779,72025.0,1400.3485125233567,0.0,2001,1982,0,0,1982,1955,,19,0,0,19,27
2020-10-20,US,Puerto Rico,Camuy,344,0,0,18.418578,-66.860206,72027.0,978.4123553002077,0.0,344,342,0,0,342,336,,2,0,0,2,6
2020-10-20,US,Puerto Rico,Canovanas,845,0,0,18.328802,-65.887612,72029.0,1773.4217595701816,0.0,845,816,0,0,816,811,,29,0,0,29,5
2020-10-20,US,Puerto Rico,Carolina,3640,0,0,18.374986,-65.95683100000001,72031.0,2059.2661318609203,0.0,3640,3444,0,0,3444,3415,,196,0,0,196,29
2020-10-20,US,Puerto Rico,Catano,561,0,0,18.437269,-66.14330600000001,72033.0,1993.6034115138598,0.0,561,559,0,0,559,546,,2,0,0,2,13
2020-10-20,US,Puerto Rico,Cayey,452,0,0,18.102851,-66.14914,72035.0,939.337891477379,0.0,452,452,0,0,452,446,,0,0,0,0,6
2020-10-20,US,Puerto Rico,Ceiba,175,0,0,18.251818,-65.666416,72037.0,1283.8383097351625,0.0,175,174,0,0,174,171,,1,0,0,1,3
2020-10-20,US,Puerto Rico,Ciales,320,0,0,18.28885,-66.516475,72039.0,1703.7589181130868,0.0,320,319,0,0,319,317,,1,0,0,1,2
2020-10-20,US,Puerto Rico,Cidra,388,0,0,18.173559,-66.161179,72041.0,892.3643054277829,0.0,388,386,0,0,386,383,,2,0,0,2,3
2020-10-20,US,Puerto Rico,Coamo,360,0,0,18.097597,-66.36014,72043.0,888.6255924170616,0.0,360,360,0,0,360,354,,0,0,0,0,6
2020-10-20,US,Puerto Rico,Comerio,273,0,0,18.224687,-66.221622,72045.0,1313.8896910193473,0.0,273,271,0,0,271,270,,2,0,0,2,1
2020-10-20,US,Puerto Rico,Corozal,809,0,0,18.304264,-66.327738,72047.0,2178.1271875504817,0.0,809,798,0,0,798,786,,11,0,0,11,12
2020-10-20,US,Puerto Rico,Culebra,22,0,0,18.31586,-65.28813000000001,72049.0,1210.1210121012102,0.0,22,22,0,0,22,22,,0,0,0,0,0
2020-10-20,US,Puerto Rico,Dorado,983,0,0,18.436115,-66.278669,72051.0,2575.658325691078,0.0,983,976,0,0,976,958,,7,0,0,7,18
2020-10-20,US,Puerto Rico,Fajardo,682,0,0,18.318373,-65.666866,72053.0,1843.5920309247688,0.0,682,680,0,0,680,674,,2,0,0,2,6
2020-10-20,US,Puerto Rico,Florida,370,0,0,18.373715,-66.560488,72054.0,2917.981072555205,0.0,370,370,0,0,370,366,,0,0,0,0,4
2020-10-20,US,Puerto Rico,Guanica,141,0,0,17.982429,-66.91964300000001,72055.0,725.7939980439594,0.0,141,140,0,0,140,137,,1,0,0,1,3
2020-10-20,US,Puerto Rico,Guayama,359,0,0,18.007516,-66.13390799999999,72057.0,791.4113134341519,0.0,359,356,0,0,356,354,,3,0,0,3,2
2020-10-20,US,Puerto Rico,Guayanilla,233,0,0,18.039942,-66.79186,72059.0,1079.6533988230387,0.0,233,230,0,0,230,225,,3,0,0,3,5
2020-10-20,US,Puerto Rico,Guaynabo,2096,0,0,18.345114000000002,-66.11452299999999,72061.0,2140.4354397287693,0.0,2096,2084,0,0,2084,2068,,12,0,0,12,16
2020-10-20,US,Puerto Rico,Gurabo,685,0,0,18.266461,-65.97970500000001,72063.0,1509.8415217439222,0.0,685,674,0,0,674,667,,11,0,0,11,7
2020-10-20,US,Puerto Rico,Hatillo,394,0,0,18.410928,-66.79632600000001,72065.0,939.146187400186,0.0,394,392,0,0,392,387,,2,0,0,2,5
2020-10-20,US,Puerto Rico,Hormigueros,201,0,0,18.134532,-67.113972,72067.0,1165.2173913043478,0.0,201,201,0,0,201,199,,0,0,0,0,2
2020-10-20,US,Puerto Rico,Humacao,720,0,0,18.145211,-65.810174,72069.0,1231.4849656210447,0.0,720,713,0,0,713,702,,7,0,0,7,11
2020-10-20,US,Puerto Rico,Isabela,345,0,0,18.44981,-67.005093,72071.0,756.0649558414236,0.0,345,342,0,0,342,339,,3,0,0,3,3
2020-10-20,US,Puerto Rico,Jayuya,277,0,0,18.211446,-66.58878,72073.0,1664.4634058406439,0.0,277,274,0,0,274,272,,3,0,0,3,2
2020-10-20,US,Puerto Rico,Juana Diaz,421,0,0,18.050764,-66.49458100000001,72075.0,526.9284203411894,0.0,421,416,0,0,416,409,,5,0,0,5,7
2020-10-20,US,Puerto Rico,Juncos,533,0,0,18.223793,-65.909109,72077.0,1322.908910399603,0.0,533,529,0,0,529,523,,4,0,0,4,6
2020-10-20,US,Puerto Rico,Lajas,198,0,0,18.011661,-67.040585,72079.0,768.8424649555393,0.0,198,196,0,0,196,193,,2,0,0,2,3
2020-10-20,US,Puerto Rico,Lares,404,0,0,18.269035000000002,-66.867236,72081.0,1313.6929730432805,0.0,404,402,0,0,402,398,,2,0,0,2,4
2020-10-20,US,Puerto Rico,Las Marias,118,0,0,18.23679,-66.98362,72083.0,1194.2111122356034,0.0,118,118,0,0,118,118,,0,0,0,0,0
2020-10-20,US,Puerto Rico,Las Piedras,612,0,0,18.187527,-65.86946800000001,72085.0,1582.4175824175825,0.0,612,606,0,0,606,599,,6,0,0,6,7
2020-10-20,US,Puerto Rico,Loiza,346,0,0,18.425688,-65.89943000000001,72087.0,1151.03127079175,0.0,346,341,0,0,341,339,,5,0,0,5,2
2020-10-20,US,Puerto Rico,Luquillo,309,0,0,18.342114000000002,-65.72509699999999,72089.0,1539.7647996810842,0.0,309,305,0,0,305,303,,4,0,0,4,2
2020-10-20,US,Puerto Rico,Manati,696,0,0,18.420473,-66.490461,72091.0,1577.766191372158,0.0,696,694,0,0,694,684,,2,0,0,2,10
2020-10-20,US,Puerto Rico,Maricao,92,0,0,18.171795,-66.942126,72093.0,1465.9018483110262,0.0,92,92,0,0,92,91,,0,0,0,0,1
2020-10-20,US,Puerto Rico,Maunabo,168,0,0,18.017889,-65.922235,72095.0,1374.2331288343555,0.0,168,168,0,0,168,168,,0,0,0,0,0
2020-10-20,US,Puerto Rico,Mayaguez,962,0,0,18.2013,-67.1452,72097.0,1079.928154467894,0.0,962,956,0,0,956,945,,6,0,0,6,11
2020-10-20,US,Puerto Rico,Moca,416,0,0,18.377805,-67.080952,72099.0,1037.1737016629684,0.0,416,415,0,0,415,412,,1,0,0,1,3
2020-10-20,US,Puerto Rico,Morovis,587,0,0,18.316963,-66.420383,72101.0,1800.0613308800982,0.0,587,585,0,0,585,584,,2,0,0,2,1
2020-10-20,US,Puerto Rico,Naguabo,352,0,0,18.230636999999998,-65.753897,72103.0,1317.3652694610778,0.0,352,349,0,0,349,345,,3,0,0,3,4
2020-10-20,US,Puerto Rico,Naranjito,776,0,0,18.288019,-66.252703,72105.0,2552.4636537069932,0.0,776,773,0,0,773,768,,3,0,0,3,5
2020-10-20,US,Puerto Rico,Orocovis,402,0,0,18.215046,-66.433604,72107.0,1716.261793963199,0.0,402,399,0,0,399,396,,3,0,0,3,3
2020-10-20,US,Puerto Rico,Out of PR,804,0,0,0.0,0.0,72888.0,0.0,0.0,804,804,0,0,804,804,,0,0,0,0,0
2020-10-20,US,Puerto Rico,Patillas,192,0,0,18.03174,-66.012242,72109.0,996.0056025315142,0.0,192,190,0,0,190,190,,2,0,0,2,0
2020-10-20,US,Puerto Rico,Penuelas,146,0,0,18.059645,-66.721572,72111.0,601.2684292891854,0.0,146,143,0,0,143,141,,3,0,0,3,2
2020-10-20,US,Puerto Rico,Ponce,1159,0,0,18.059498,-66.613748,72113.0,696.8201194033438,0.0,1159,1127,0,0,1127,1089,,32,0,0,32,38
2020-10-20,US,Puerto Rico,Quebradillas,242,0,0,18.439692,-66.926113,72115.0,933.6779968362976,0.0,242,240,0,0,240,236,,2,0,0,2,4
2020-10-20,US,Puerto Rico,Rincon,231,0,0,18.335442999999998,-67.23174,72117.0,1519.7368421052633,0.0,231,231,0,0,231,229,,0,0,0,0,2
2020-10-20,US,Puerto Rico,Rio Grande,759,0,0,18.346329,-65.813742,72119.0,1397.6870948733053,0.0,759,745,0,0,745,741,,14,0,0,14,4
2020-10-20,US,Puerto Rico,Sabana Grande,228,0,0,18.08282,-66.943758,72121.0,902.4341975064316,0.0,228,227,0,0,227,221,,1,0,0,1,6
2020-10-20,US,Puerto Rico,Salinas,516,0,0,18.010386999999994,-66.256592,72123.0,1660.338503121179,0.0,516,514,0,0,514,507,,2,0,0,2,7
2020-10-20,US,Puerto Rico,San German,295,0,0,18.111484,-67.03858100000001,72125.0,830.3543783601202,0.0,295,295,0,0,295,290,,0,0,0,0,5
2020-10-20,US,Puerto Rico,San Juan,9441,0,0,18.386933,-66.061128,72127.0,2388.155598164553,0.0,9441,9333,0,0,9333,9248,,108,0,0,108,85
2020-10-20,US,Puerto Rico,San Lorenzo,666,0,0,18.147987,-65.976392,72129.0,1622.0955721174923,0.0,666,656,0,0,656,640,,10,0,0,10,16
2020-10-20,US,Puerto Rico,San Sebastian,621,0,0,18.328646,-66.971214,72131.0,1463.5870846099454,0.0,621,619,0,0,619,590,,2,0,0,2,29
2020-10-20,US,Puerto Rico,Santa Isabel,215,0,0,17.994525,-66.388913,72133.0,923.7776059121768,0.0,215,214,0,0,214,214,,1,0,0,1,0
2020-10-20,US,Puerto Rico,Toa Alta,1578,0,0,18.362406,-66.246616,72135.0,2130.5322280128535,0.0,1578,1567,0,0,1567,1555,,11,0,0,11,12
2020-10-20,US,Puerto Rico,Toa Baja,1799,0,0,18.431445999999998,-66.213553,72137.0,2007.6108426608926,0.0,1799,1782,0,0,1782,1768,,17,0,0,17,14
2020-10-20,US,Puerto Rico,Trujillo Alto,1362,0,0,18.336159,-65.99888399999999,72139.0,1819.833783169878,0.0,1362,1347,0,0,1347,1336,,15,0,0,15,11
2020-10-20,US,Puerto Rico,Unassigned,911,769,0,0.0,0.0,72999.0,0.0,84.41273326015367,142,902,768,0,134,875,,9,1,0,8,27
2020-10-20,US,Puerto Rico,Utuado,196,0,0,18.271214,-66.702984,72141.0,591.2697215602279,0.0,196,196,0,0,196,195,,0,0,0,0,1
2020-10-20,US,Puerto Rico,Vega Alta,909,0,0,18.409346,-66.33725,72143.0,2275.287226852895,0.0,909,899,0,0,899,896,,10,0,0,10,3
2020-10-20,US,Puerto Rico,Vega Baja,1128,0,0,18.428262,-66.397924,72145.0,1890.6506654151722,0.0,1128,1119,0,0,1119,1112,,9,0,0,9,7
2020-10-20,US,Puerto Rico,Vieques,102,0,0,18.123276,-65.44097099999999,72147.0,1096.6562735189764,0.0,102,102,0,0,102,101,,0,0,0,0,1
2020-10-20,US,Puerto Rico,Villalba,191,0,0,18.127951,-66.473115,72149.0,732.5585855099146,0.0,191,188,0,0,188,181,,3,0,0,3,7
2020-10-20,US,Puerto Rico,Yabucoa,449,0,0,18.070399,-65.896289,72151.0,1183.4163569753039,0.0,449,449,0,0,449,443,,0,0,0,0,6
2020-10-20,US,Puerto Rico,Yauco,502,0,0,18.080374,-66.858814,72153.0,1194.0156506433889,0.0,502,486,0,0,486,470,,16,0,0,16,16
2020-10-20,US,Rhode Island,Bristol,461,17,0,41.71018079,-71.28652315,44001.0,950.9272055941748,3.6876355748373104,444,461,17,0,444,461,48649,0,0,0,0,0
2020-10-20,US,Rhode Island,Kent,2145,116,0,41.67106337,-71.57641596,44003.0,1305.6022204367832,5.407925407925408,2029,2145,116,0,2029,2145,163861,0,0,0,0,0
2020-10-20,US,Rhode Island,Newport,582,10,0,41.5642026,-71.26569799,44005.0,709.0470505104653,1.718213058419244,572,582,10,0,572,582,82542,0,0,0,0,0
2020-10-20,US,Rhode Island,Providence,20439,909,0,41.87064746,-71.57753536,44007.0,3198.9369744150777,4.447380008806694,19530,20439,909,0,19530,20439,636084,0,0,0,0,0
2020-10-20,US,Rhode Island,Unassigned,3903,35,0,0.0,0.0,90044.0,0.0,0.8967460927491673,3868,3601,30,0,3571,2945,,302,5,0,297,656
2020-10-20,US,Rhode Island,Washington,1119,77,0,41.45961631,-71.61435303,44009.0,891.0867435915812,6.881143878462915,1042,1119,77,0,1042,1119,126179,0,0,0,0,0
2020-10-20,US,South Carolina,Abbeville,716,15,0,34.22333378,-82.46170658,45001.0,2919.231866922167,2.094972067039106,701,713,15,0,698,711,24541,3,0,0,3,2
2020-10-20,US,South Carolina,Aiken,4816,86,0,33.54338026,-81.63645384,45003.0,2818.484011423757,1.7857142857142858,4730,4776,86,0,4690,4760,169401,40,0,0,40,16
2020-10-20,US,South Carolina,Allendale,428,6,0,32.98837386,-81.35321066,45005.0,4926.33517495396,1.4018691588785046,422,428,6,0,422,428,8903,0,0,0,0,0
2020-10-20,US,South Carolina,Anderson,5275,194,0,34.51828081,-82.63959517,45007.0,2604.192379466622,3.677725118483412,5081,5241,193,0,5048,5219,200482,34,1,0,33,22
2020-10-20,US,South Carolina,Bamberg,673,35,0,33.21927586,-81.05659969,45009.0,4784.586947248686,5.200594353640416,638,670,35,0,635,670,14275,3,0,0,3,0
2020-10-20,US,South Carolina,Barnwell,856,23,0,33.26679302,-81.43584352,45011.0,4102.367487779162,2.6869158878504678,833,852,21,0,831,852,21112,4,2,0,2,0
2020-10-20,US,South Carolina,Beaufort,6002,90,0,32.39226291,-80.72619758,45013.0,3124.0565890423804,1.4995001666111296,5912,5980,89,0,5891,5970,188715,22,1,0,21,10
2020-10-20,US,South Carolina,Berkeley,5864,93,0,33.20222596,-79.94654523,45015.0,2572.9793292878235,1.5859481582537518,5771,5829,93,0,5736,5815,221091,35,0,0,35,14
2020-10-20,US,South Carolina,Calhoun,502,17,0,33.66926881,-80.77722168,45017.0,3449.460592317735,3.3864541832669324,485,500,17,0,483,500,14520,2,0,0,2,0
2020-10-20,US,South Carolina,Charleston,16707,271,0,32.82487866,-79.96512315,45019.0,4060.9519550030873,1.6220745795175675,16436,16663,271,0,16392,16628,405905,44,0,0,44,35
2020-10-20,US,South Carolina,Cherokee,1393,51,0,35.05122251,-81.61828622,45021.0,2431.064572425829,3.6611629576453697,1342,1387,48,0,1339,1372,57078,6,3,0,3,15
2020-10-20,US,South Carolina,Chester,1172,24,0,34.69249168,-81.1583216,45023.0,3634.784766158045,2.04778156996587,1148,1168,24,0,1144,1166,32251,4,0,0,4,2
2020-10-20,US,South Carolina,Chesterfield,1435,42,0,34.64137396,-80.15640140000002,45025.0,3143.483023001096,2.9268292682926833,1393,1427,41,0,1386,1423,45754,8,1,0,7,4
2020-10-20,US,South Carolina,Clarendon,1145,68,0,33.66610974,-80.21647898,45027.0,3393.095273373833,5.93886462882096,1077,1144,68,0,1076,1144,33700,1,0,0,1,0
2020-10-20,US,South Carolina,Colleton,1208,44,0,32.87582989,-80.67641292,45029.0,3206.200069007617,3.6423841059602653,1164,1197,44,0,1153,1193,37660,11,0,0,11,4
2020-10-20,US,South Carolina,Darlington,2385,64,0,34.33358335,-79.96027485,45031.0,3580.113482842475,2.6834381551362685,2321,2368,63,0,2305,2339,66802,17,1,0,16,29
2020-10-20,US,South Carolina,Dillon,1269,47,0,34.39007791,-79.37741872,45033.0,4163.52242527642,3.703703703703704,1222,1261,46,0,1215,1255,30599,8,1,0,7,6
2020-10-20,US,South Carolina,Dorchester,4625,96,0,33.0794369,-80.40502652,45035.0,2840.7520468770153,2.0756756756756762,4529,4604,94,0,4510,4596,160647,21,2,0,19,8
2020-10-20,US,South Carolina,Edgefield,883,21,0,33.77221995,-81.96231108,45037.0,3239.178283198826,2.3782559456398644,862,875,21,0,854,874,27052,8,0,0,8,1
2020-10-20,US,South Carolina,Fairfield,844,38,0,34.39287073,-81.1195624,45039.0,3776.7933055891167,4.5023696682464465,806,840,37,0,803,838,22402,4,1,0,3,2
2020-10-20,US,South Carolina,Florence,5410,199,0,34.02361754,-79.70189312,45041.0,3911.983976050849,3.6783733826247684,5211,5385,199,0,5186,5357,138159,25,0,0,25,28
2020-10-20,US,South Carolina,Georgetown,2210,47,0,33.43443342,-79.33202141,45043.0,3525.8455647734527,2.126696832579185,2163,2178,47,0,2131,2164,62249,32,0,0,32,14
2020-10-20,US,South Carolina,Greenville,16560,334,0,34.89502264,-82.37295012,45045.0,3163.0700115750024,2.0169082125603865,16226,16469,332,0,16137,16384,514213,91,2,0,89,85
2020-10-20,US,South Carolina,Greenwood,2468,74,0,34.15272415,-82.12715789,45047.0,3485.33419948878,2.9983792544570504,2394,2454,74,0,2380,2452,70741,14,0,0,14,2
2020-10-20,US,South Carolina,Hampton,742,31,0,32.77419582,-81.13845571,45049.0,3860.160233066278,4.177897574123989,711,741,31,0,710,740,19351,1,0,0,1,1
2020-10-20,US,South Carolina,Horry,11983,217,0,33.9212828,-78.99555293,45051.0,3384.2538854104005,1.8108987732621211,11766,11879,213,0,11666,11827,344147,104,4,0,100,52
2020-10-20,US,South Carolina,Jasper,883,23,0,32.43171982,-81.02487495,45053.0,2936.188607721212,2.60475651189128,860,878,23,0,855,877,28971,5,0,0,5,1
2020-10-20,US,South Carolina,Kershaw,2362,43,0,34.33988254,-80.58763164,45055.0,3549.1577887635053,1.8204911092294669,2319,2345,42,0,2303,2338,65592,17,1,0,16,7
2020-10-20,US,South Carolina,Lancaster,2450,57,0,34.68270843,-80.70513032,45057.0,2499.693915030813,2.326530612244898,2393,2438,57,0,2381,2436,95380,12,0,0,12,2
2020-10-20,US,South Carolina,Laurens,1854,59,0,34.48244419,-82.00490796,45059.0,2746.9515357148152,3.1823085221143472,1795,1847,58,0,1789,1847,66994,7,1,0,6,0
2020-10-20,US,South Carolina,Lee,764,35,0,34.16393091,-80.25690731,45061.0,4540.052293796054,4.5811518324607325,729,763,35,0,728,760,17142,1,0,0,1,3
2020-10-20,US,South Carolina,Lexington,8514,195,0,33.89665987,-81.27146426,45063.0,2849.874476987448,2.290345313601128,8319,8469,193,0,8276,8444,295032,45,2,0,43,25
2020-10-20,US,South Carolina,Marion,1074,37,0,34.07859748,-79.36400756,45067.0,3503.2782072609843,3.4450651769087517,1037,1064,37,0,1027,1056,31039,10,0,0,10,8
2020-10-20,US,South Carolina,Marlboro,1065,12,0,34.59905577,-79.67561152,45069.0,4077.6475993567656,1.1267605633802815,1053,1063,12,0,1051,1060,26398,2,0,0,2,3
2020-10-20,US,South Carolina,McCormick,264,7,0,33.90161443,-82.30794338,45065.0,2789.812955722287,2.6515151515151514,257,263,7,0,256,259,9410,1,0,0,1,4
2020-10-20,US,South Carolina,Newberry,1555,40,0,34.28629098,-81.59935761,45071.0,4045.265348595213,2.5723472668810294,1515,1550,38,0,1512,1542,38520,5,2,0,3,8
2020-10-20,US,South Carolina,Oconee,2320,31,0,34.75225169,-83.06742317,45073.0,2916.551429361627,1.3362068965517242,2289,2311,31,0,2280,2298,78374,9,0,0,9,13
2020-10-20,US,South Carolina,Orangeburg,3281,130,0,33.4391073,-80.79886287,45075.0,3807.3687264287787,3.962206644315757,3151,3273,129,0,3144,3269,86934,8,1,0,7,4
2020-10-20,US,South Carolina,Pickens,3974,56,0,34.88807695,-82.72791551,45077.0,3131.994577724536,1.4091595369904382,3918,3933,55,0,3878,3897,124937,41,1,0,40,36
2020-10-20,US,South Carolina,Richland,16729,263,0,34.01791263,-80.90267209,45079.0,4023.7252831568294,1.5721202701894914,16466,16652,262,0,16390,16626,414576,77,1,0,76,26
2020-10-20,US,South Carolina,Saluda,713,22,0,34.00795823,-81.72713237,45081.0,3482.635666487569,3.085553997194951,691,713,22,0,691,713,20544,0,0,0,0,0
2020-10-20,US,South Carolina,Spartanburg,8290,214,0,34.92960077,-81.99225984,45083.0,2592.3667464077425,2.581423401688782,8076,8261,211,0,8050,8183,313888,29,3,0,26,78
2020-10-20,US,South Carolina,Sumter,3423,85,0,33.91826534,-80.37942316,45085.0,3207.428715997789,2.483201869704937,3338,3412,84,0,3328,3406,106512,11,1,0,10,6
2020-10-20,US,South Carolina,Union,698,16,0,34.68835752,-81.61730349,45087.0,2555.278957387612,2.292263610315186,682,697,15,0,682,693,27410,1,1,0,0,4
2020-10-20,US,South Carolina,Williamsburg,1404,48,0,33.62190129,-79.72767442,45089.0,4623.287671232877,3.418803418803418,1356,1397,46,0,1351,1392,30606,7,2,0,5,5
2020-10-20,US,South Carolina,York,6305,96,0,34.97281497,-81.18085944,45091.0,2243.939938571921,1.522601110229976,6209,6251,96,0,6155,6217,274118,54,0,0,54,34
2020-10-20,US,South Dakota,Aurora,159,0,0,43.71757685,-98.56050467,46003.0,5779.716466739366,0.0,159,158,0,0,158,157,2801,1,0,0,1,1
2020-10-20,US,South Dakota,Beadle,1078,13,0,44.41464384,-98.27858469,46005.0,5841.868530862191,1.2059369202226344,1065,1075,12,0,1063,1062,18883,3,1,0,2,13
2020-10-20,US,South Dakota,Bennett,132,5,0,43.19486375,-101.6665572,46007.0,3922.7340267459135,3.787878787878788,127,127,5,0,122,125,3468,5,0,0,5,2
2020-10-20,US,South Dakota,Bon Homme,323,1,0,42.98914167,-97.88592746,46009.0,4680.481089697146,0.30959752321981426,322,317,1,0,316,310,6980,6,0,0,6,7
2020-10-20,US,South Dakota,Brookings,1231,2,0,44.36974375,-96.79079945,46011.0,3509.422128460245,0.16246953696181965,1229,1223,2,0,1221,1199,35232,8,0,0,8,24
2020-10-20,US,South Dakota,Brown,1807,4,0,45.58994323,-98.35165355,46013.0,4652.539972707845,0.22136137244050916,1803,1784,4,0,1780,1752,39316,23,0,0,23,32
2020-10-20,US,South Dakota,Brule,221,2,0,43.71756379,-99.08118954,46015.0,4172.172928072494,0.9049773755656108,219,216,2,0,214,208,5229,5,0,0,5,8
2020-10-20,US,South Dakota,Buffalo,208,3,0,44.07657829,-99.20814467,46017.0,10601.427115188582,1.4423076923076923,205,201,3,0,198,202,2036,7,0,0,7,-1
2020-10-20,US,South Dakota,Butte,239,3,0,44.90608745,-103.5079318,46019.0,2291.6866430146706,1.2552301255230125,236,235,3,0,232,221,10222,4,0,0,4,14
2020-10-20,US,South Dakota,Campbell,70,0,0,45.77074915,-100.0510181,46021.0,5087.209302325581,0.0,70,70,0,0,70,68,1377,0,0,0,0,2
2020-10-20,US,South Dakota,Charles Mix,316,0,0,43.20660134,-98.58856175,46023.0,3400.774860094705,0.0,316,312,0,0,312,311,9338,4,0,0,4,1
2020-10-20,US,South Dakota,Clark,73,0,0,44.85834507,-97.72925109,46025.0,1953.961456102784,0.0,73,71,0,0,71,70,3739,2,0,0,2,1
2020-10-20,US,South Dakota,Clay,721,8,0,42.91296147,-96.97656917,46027.0,5124.378109452737,1.1095700416088763,713,710,8,0,702,700,14041,11,0,0,11,10
2020-10-20,US,South Dakota,Codington,1285,10,0,44.97788119,-97.18827677,46029.0,4587.81106073048,0.7782101167315175,1275,1267,10,0,1257,1246,28015,18,0,0,18,21
2020-10-20,US,South Dakota,Corson,134,1,0,45.70889983,-101.1970473,46031.0,3279.490944689183,0.746268656716418,133,134,1,0,133,133,4165,0,0,0,0,1
2020-10-20,US,South Dakota,Custer,281,3,0,43.67741105,-103.45345209999999,46033.0,3131.9661168078474,1.0676156583629892,278,272,3,0,269,268,8726,9,0,0,9,4
2020-10-20,US,South Dakota,Davison,740,4,0,43.67490933,-98.14458906,46035.0,3742.098609355248,0.5405405405405406,736,732,4,0,728,704,19790,8,0,0,8,28
2020-10-20,US,South Dakota,Day,140,1,0,45.367281,-97.60737498,46037.0,2581.1209439528025,0.7142857142857143,139,134,1,0,133,128,5505,6,0,0,6,6
2020-10-20,US,South Dakota,Deuel,155,0,0,44.75994309,-96.66943645,46039.0,3562.399448402666,0.0,155,151,0,0,151,147,4337,4,0,0,4,4
2020-10-20,US,South Dakota,Dewey,275,0,0,45.15639647,-100.8709139,46041.0,4667.3455532926,0.0,275,268,0,0,268,266,5904,7,0,0,7,2
2020-10-20,US,South Dakota,Douglas,150,4,0,43.38520741,-98.36978007,46043.0,5135.227661759673,2.6666666666666665,146,148,4,0,144,148,2935,2,0,0,2,0
2020-10-20,US,South Dakota,Edmunds,126,1,0,45.41846445,-99.21545423,46045.0,3290.676416819013,0.7936507936507936,125,123,1,0,122,123,3875,3,0,0,3,0
2020-10-20,US,South Dakota,Fall River,169,6,0,43.23929297,-103.5275691,46047.0,2517.503351705646,3.5502958579881656,163,167,6,0,161,166,6758,2,0,0,2,1
2020-10-20,US,South Dakota,Faulk,166,1,0,45.07082625,-99.14535601,46049.0,7220.530665506742,0.6024096385542169,165,159,1,0,158,156,2330,7,0,0,7,3
2020-10-20,US,South Dakota,Grant,269,2,0,45.1723937,-96.77002276,46051.0,3814.520703346569,0.7434944237918215,267,262,2,0,260,257,7147,7,0,0,7,5
2020-10-20,US,South Dakota,Gregory,182,8,0,43.19419064,-99.18883902,46053.0,4348.864994026284,4.395604395604397,174,180,8,0,172,176,4212,2,0,0,2,4
2020-10-20,US,South Dakota,Haakon,68,1,0,44.29299053,-101.539099,46055.0,3580.832016850974,1.4705882352941178,67,67,1,0,66,66,1918,1,0,0,1,1
2020-10-20,US,South Dakota,Hamlin,162,0,0,44.67385954,-97.18829593,46057.0,2628.163530175211,0.0,162,159,0,0,159,157,6111,3,0,0,3,2
2020-10-20,US,South Dakota,Hand,90,1,0,44.54708407,-99.00386459,46059.0,2820.432466311501,1.1111111111111112,89,89,1,0,88,89,3262,1,0,0,1,0
2020-10-20,US,South Dakota,Hanson,68,1,0,43.6746384,-97.78715148,46061.0,1969.302056183029,1.4705882352941178,67,65,1,0,64,64,3376,3,0,0,3,1
2020-10-20,US,South Dakota,Harding,34,0,0,45.58015551,-103.4958629,46063.0,2619.4144838212633,0.0,34,33,0,0,33,32,1249,1,0,0,1,1
2020-10-20,US,South Dakota,Hughes,744,5,0,44.39091534,-99.99661148,46065.0,4245.121533721328,0.6720430107526881,739,739,5,0,734,727,17650,5,0,0,5,12
2020-10-20,US,South Dakota,Hutchinson,193,2,0,43.33449012,-97.75536441,46067.0,2647.099163352078,1.0362694300518134,191,191,2,0,189,185,7380,2,0,0,2,6
2020-10-20,US,South Dakota,Hyde,34,0,0,44.54747703,-99.48572582,46069.0,2613.3743274404305,0.0,34,33,0,0,33,32,1282,1,0,0,1,1
2020-10-20,US,South Dakota,Jackson,85,1,0,43.69318385,-101.6255063,46071.0,2541.866028708134,1.1764705882352942,84,78,1,0,77,75,3307,7,0,0,7,3
2020-10-20,US,South Dakota,Jerauld,154,6,0,44.06637798,-98.62965972,46073.0,7650.273224043716,3.8961038961038965,148,154,6,0,148,153,2043,0,0,0,0,1
2020-10-20,US,South Dakota,Jones,27,0,0,43.96278565,-100.6940008,46075.0,2990.033222591362,0.0,27,27,0,0,27,27,928,0,0,0,0,0
2020-10-20,US,South Dakota,Kingsbury,148,2,0,44.36956169,-97.4913945,46077.0,2996.558007693865,1.351351351351351,146,143,1,0,142,138,4919,5,1,0,4,5
2020-10-20,US,South Dakota,Lake,309,8,0,44.02193107,-97.12926365,46079.0,2414.6284285379384,2.588996763754045,301,304,8,0,296,298,13057,5,0,0,5,6
2020-10-20,US,South Dakota,Lawrence,693,5,0,44.35919441,-103.79294279999999,46081.0,2681.473456121344,0.7215007215007215,688,676,5,0,671,662,25741,17,0,0,17,14
2020-10-20,US,South Dakota,Lincoln,2273,16,0,43.27841182,-96.72039050000001,46083.0,3718.426907472844,0.7039155301363836,2257,2229,14,0,2215,2178,58807,44,2,0,42,51
2020-10-20,US,South Dakota,Lyman,212,4,0,43.89522709,-99.85201878,46085.0,5606.982279820152,1.8867924528301887,208,210,4,0,206,210,3821,2,0,0,2,0
2020-10-20,US,South Dakota,Marshall,60,0,0,45.75870838,-97.59855639,46091.0,1215.80547112462,0.0,60,59,0,0,59,57,5112,1,0,0,1,2
2020-10-20,US,South Dakota,McCook,187,1,0,43.6742571,-97.36863144,46087.0,3347.65485141425,0.5347593582887701,186,183,1,0,182,179,5546,4,0,0,4,4
2020-10-20,US,South Dakota,McPherson,56,0,0,45.76626028,-99.22118798,46089.0,2353.930222782682,0.0,56,56,0,0,56,54,2407,0,0,0,0,2
2020-10-20,US,South Dakota,Meade,810,9,0,44.56676791,-102.71627409999999,46093.0,2858.958068614994,1.1111111111111112,801,795,9,0,786,792,28294,15,0,0,15,3
2020-10-20,US,South Dakota,Mellette,53,1,0,43.58078848,-100.7563186,46095.0,2571.567200388161,1.8867924528301887,52,48,0,0,48,48,2042,5,1,0,4,0
2020-10-20,US,South Dakota,Miner,117,0,0,44.02197882,-97.60992207,46097.0,5279.783393501805,0.0,117,114,0,0,114,109,2213,3,0,0,3,5
2020-10-20,US,South Dakota,Minnehaha,9291,97,0,43.67441641,-96.7910885,46099.0,4810.649600795303,1.0440210956839953,9194,9163,96,0,9067,9012,192876,128,1,0,127,151
2020-10-20,US,South Dakota,Moody,176,2,0,44.02266214,-96.67081159,46101.0,2676.3990267639897,1.1363636363636365,174,171,2,0,169,166,6579,5,0,0,5,5
2020-10-20,US,South Dakota,Oglala Lakota,614,5,0,43.33749164,-102.55554980000001,46102.0,4330.958594907244,0.8143322475570033,609,584,5,0,579,568,14309,30,0,0,30,16
2020-10-20,US,South Dakota,Pennington,3687,45,0,44.0025835,-102.8240777,46103.0,3240.6064601186554,1.2205044751830756,3642,3591,44,0,3547,3554,111729,96,1,0,95,37
2020-10-20,US,South Dakota,Perkins,64,0,0,45.49049506,-102.47555859999999,46105.0,2233.8568935427575,0.0,64,62,0,0,62,61,2922,2,0,0,2,1
2020-10-20,US,South Dakota,Potter,84,0,0,45.06583079,-99.95498503,46107.0,3901.532745006967,0.0,84,84,0,0,84,83,2207,0,0,0,0,1
2020-10-20,US,South Dakota,Roberts,290,4,0,45.62975048,-96.94672673,46109.0,2790.0711949201464,1.3793103448275863,286,279,4,0,275,275,10447,11,0,0,11,4
2020-10-20,US,South Dakota,Sanborn,74,0,0,44.02351092,-98.09098159999999,46111.0,3156.9965870307174,0.0,74,74,0,0,74,73,2429,0,0,0,0,1
2020-10-20,US,South Dakota,Spink,223,1,0,44.93837606,-98.34626602,46115.0,3497.490589711417,0.4484304932735426,222,220,1,0,219,220,6495,3,0,0,3,0
2020-10-20,US,South Dakota,Stanley,75,0,0,44.41381872,-100.7349153,46117.0,2420.916720464816,0.0,75,73,0,0,73,71,3022,2,0,0,2,2
2020-10-20,US,South Dakota,Sully,38,0,0,44.71571812,-100.1278092,46119.0,2731.847591660676,0.0,38,37,0,0,37,33,1392,1,0,0,1,4
2020-10-20,US,South Dakota,Todd,341,5,0,43.19338568,-100.71955030000001,46121.0,3350.692738528053,1.4662756598240467,336,314,5,0,309,311,10283,27,0,0,27,3
2020-10-20,US,South Dakota,Tripp,240,1,0,43.34459388,-99.8854891,46123.0,4410.9538687741215,0.4166666666666667,239,236,1,0,235,232,5478,4,0,0,4,4
2020-10-20,US,South Dakota,Turner,394,8,0,43.3109081,-97.14865776,46125.0,4699.427480916031,2.0304568527918785,386,387,8,0,379,377,8424,7,0,0,7,10
2020-10-20,US,South Dakota,Union,669,10,0,42.83112163,-96.6557828,46127.0,4199.096158674366,1.4947683109118086,659,660,10,0,650,656,15619,9,0,0,9,4
2020-10-20,US,South Dakota,Walworth,247,1,0,45.43019636,-100.03075140000001,46129.0,4544.618215271389,0.4048582995951417,246,245,1,0,244,241,5587,2,0,0,2,4
2020-10-20,US,South Dakota,Yankton,642,5,0,43.00924485,-97.39467635,46135.0,2814.061541158937,0.778816199376947,637,630,5,0,625,623,22869,12,0,0,12,7
2020-10-20,US,South Dakota,Ziebach,81,1,0,44.97881876,-101.6654622,46137.0,2939.0420899854853,1.2345679012345678,80,78,1,0,77,78,2742,3,0,0,3,0
2020-10-20,US,Tennessee,Anderson,1567,13,0,36.12684348,-84.19965764,47001.0,2035.6465483644681,0.8296107211231653,1554,1555,13,0,1542,1544,76482,12,0,0,12,11
2020-10-20,US,Tennessee,Bedford,1596,20,0,35.51123746,-86.45549096,47003.0,3210.4278558928245,1.2531328320802004,1576,1590,20,0,1570,1573,49038,6,0,0,6,17
2020-10-20,US,Tennessee,Benton,391,9,0,36.07110411,-88.06849355,47005.0,2419.554455445545,2.301790281329924,382,387,9,0,378,382,16184,4,0,0,4,5
2020-10-20,US,Tennessee,Bledsoe,924,4,0,35.59942968,-85.20611967,47007.0,6133.8289962825265,0.4329004329004329,920,924,4,0,920,917,14755,0,0,0,0,7
2020-10-20,US,Tennessee,Blount,3139,32,0,35.68938198,-83.92847788,47009.0,2358.589805241645,1.0194329404268876,3107,3102,31,0,3071,3067,131349,37,1,0,36,35
2020-10-20,US,Tennessee,Bradley,3434,21,0,35.15739424,-84.857186,47011.0,3176.394413097771,0.6115317414094351,3413,3408,21,0,3387,3368,106727,26,0,0,26,40
2020-10-20,US,Tennessee,Campbell,885,7,0,36.40355516,-84.15108559999999,47013.0,2221.2740324280912,0.7909604519774012,878,864,7,0,857,849,39583,21,0,0,21,15
2020-10-20,US,Tennessee,Cannon,387,2,0,35.80990797,-86.05738983,47015.0,2636.598991688241,0.5167958656330749,385,386,2,0,384,381,14462,1,0,0,1,5
2020-10-20,US,Tennessee,Carroll,1094,24,0,35.97366108,-88.45189331,47017.0,3939.928692332625,2.1937842778793417,1070,1093,24,0,1069,1086,28020,1,0,0,1,7
2020-10-20,US,Tennessee,Carter,1428,32,0,36.28969086,-82.12588974,47019.0,2532.318987072405,2.2408963585434174,1396,1415,32,0,1383,1398,56351,13,0,0,13,17
2020-10-20,US,Tennessee,Cheatham,973,11,0,36.26136216,-87.08903581,47021.0,2392.603339316891,1.1305241521068858,962,969,11,0,958,955,40439,4,0,0,4,14
2020-10-20,US,Tennessee,Chester,713,14,0,35.42527478,-88.6095842,47023.0,4122.102098629821,1.9635343618513323,699,712,14,0,698,710,17276,1,0,0,1,2
2020-10-20,US,Tennessee,Claiborne,504,6,0,36.48319149,-83.65947309,47025.0,1577.0205575894115,1.1904761904761905,498,495,6,0,489,492,31756,9,0,0,9,3
2020-10-20,US,Tennessee,Clay,371,12,0,36.55151008,-85.53930419,47027.0,4871.963230466185,3.2345013477088953,359,363,12,0,351,362,7717,8,0,0,8,1
2020-10-20,US,Tennessee,Cocke,926,12,0,35.9278914,-83.11828725,47029.0,2571.9364515053885,1.2958963282937366,914,922,12,0,910,913,35774,4,0,0,4,9
2020-10-20,US,Tennessee,Coffee,1774,20,0,35.49090731,-86.07311784,47031.0,3138.7119603680108,1.1273957158962795,1754,1760,20,0,1740,1720,55700,14,0,0,14,40
2020-10-20,US,Tennessee,Crockett,783,21,0,35.81830662,-89.14916269,47033.0,5502.459592410401,2.681992337164751,762,766,20,0,746,751,14328,17,1,0,16,15
2020-10-20,US,Tennessee,Cumberland,1501,24,0,35.95271721,-84.99840585,47035.0,2480.1718440185064,1.5989340439706865,1477,1489,24,0,1465,1477,59673,12,0,0,12,12
2020-10-20,US,Tennessee,Davidson,29914,326,0,36.17007426,-86.78646056,47037.0,4309.480453623456,1.0897907334358494,29588,29801,325,0,29476,29425,692587,113,1,0,112,376
2020-10-20,US,Tennessee,DeKalb,677,16,0,35.97616272,-85.83689361,47041.0,3304.050756466569,2.3633677991137367,661,672,16,0,656,669,20138,5,0,0,5,3
2020-10-20,US,Tennessee,Decatur,628,11,0,35.60048904,-88.11043779,47039.0,5384.5494298208005,1.751592356687898,617,625,11,0,614,620,11706,3,0,0,3,5
2020-10-20,US,Tennessee,Dickson,1573,18,0,36.14669837,-87.35891709,47043.0,2915.770742196189,1.1443102352193262,1555,1562,18,0,1544,1535,53446,11,0,0,11,27
2020-10-20,US,Tennessee,Dyer,2037,26,0,36.05931946,-89.41542855,47045.0,5481.8482736349215,1.2763868433971526,2011,2023,26,0,1997,1995,37320,14,0,0,14,28
2020-10-20,US,Tennessee,Fayette,1570,22,0,35.19615831,-89.41399032,47047.0,3816.886684657088,1.4012738853503184,1548,1520,22,0,1498,1505,40507,50,0,0,50,15
2020-10-20,US,Tennessee,Fentress,861,8,0,36.38128818,-84.92870012,47049.0,4648.275117421584,0.9291521486643438,853,849,7,0,842,846,18217,12,1,0,11,3
2020-10-20,US,Tennessee,Franklin,1228,16,0,35.15634626,-86.09201039,47051.0,2909.4010614101594,1.3029315960912051,1212,1211,15,0,1196,1190,41890,17,1,0,16,21
2020-10-20,US,Tennessee,Gibson,2059,38,0,35.99438059,-88.93358327,47053.0,4190.6661510593685,1.8455560951918408,2021,2054,37,0,2017,2035,49045,5,1,0,4,19
2020-10-20,US,Tennessee,Giles,901,34,0,35.20222469,-87.03992678,47055.0,3057.9690469725765,3.7735849056603774,867,892,34,0,858,880,29503,9,0,0,9,12
2020-10-20,US,Tennessee,Grainger,539,4,0,36.27469206,-83.51254721,47057.0,2311.320754716981,0.7421150278293135,535,531,4,0,527,526,23145,8,0,0,8,5
2020-10-20,US,Tennessee,Greene,1565,51,0,36.17470125,-82.84691273,47059.0,2265.8500919370485,3.258785942492013,1514,1556,50,0,1506,1492,69087,9,1,0,8,64
2020-10-20,US,Tennessee,Grundy,524,8,0,35.38433717,-85.72142731,47061.0,3902.58434497654,1.5267175572519085,516,516,8,0,508,504,13346,8,0,0,8,12
2020-10-20,US,Tennessee,Hamblen,2338,43,0,36.21990035,-83.26586179,47063.0,3600.5790494964117,1.8391787852865695,2295,2327,43,0,2284,2316,64569,11,0,0,11,11
2020-10-20,US,Tennessee,Hamilton,11197,103,0,35.17670231,-85.16652245,47065.0,3044.284455851486,0.919889256050728,11094,11097,102,0,10995,10983,364286,100,1,0,99,114
2020-10-20,US,Tennessee,Hancock,112,3,0,36.52692871,-83.22375847,47067.0,1691.842900302115,2.6785714285714284,109,112,3,0,109,112,6549,0,0,0,0,0
2020-10-20,US,Tennessee,Hardeman,1795,32,0,35.20772017,-88.99161161,47069.0,7165.66866267465,1.7827298050139275,1763,1787,32,0,1755,1773,25220,8,0,0,8,14
2020-10-20,US,Tennessee,Hardin,1322,19,0,35.19732531,-88.18593755,47071.0,5153.5942616560105,1.4372163388804842,1303,1313,19,0,1294,1302,25776,9,0,0,9,11
2020-10-20,US,Tennessee,Hawkins,1105,24,0,36.44355426,-82.94885298,47073.0,1945.9021589828478,2.171945701357466,1081,1099,23,0,1076,1080,56530,6,1,0,5,19
2020-10-20,US,Tennessee,Haywood,1195,26,0,35.58332824,-89.28536625,47075.0,6905.917706888582,2.1757322175732217,1169,1190,25,0,1165,1183,17335,5,1,0,4,7
2020-10-20,US,Tennessee,Henderson,1361,25,0,35.65581134,-88.38600175,47077.0,4840.487961020023,1.836884643644379,1336,1354,25,0,1329,1346,27847,7,0,0,7,8
2020-10-20,US,Tennessee,Henry,746,10,0,36.33160906,-88.30121797,47079.0,2306.384294326789,1.3404825737265416,736,741,10,0,731,736,32358,5,0,0,5,5
2020-10-20,US,Tennessee,Hickman,744,13,0,35.80609681,-87.47643507,47081.0,2954.960679958694,1.7473118279569892,731,739,13,0,726,727,25063,5,0,0,5,12
2020-10-20,US,Tennessee,Houston,392,15,0,36.28872054,-87.71878828,47083.0,4779.904889647603,3.826530612244898,377,389,14,0,375,379,8263,3,1,0,2,10
2020-10-20,US,Tennessee,Humphreys,415,4,0,36.03958805,-87.77992872,47085.0,2233.3440964374126,0.9638554216867471,411,409,4,0,405,402,18486,6,0,0,6,7
2020-10-20,US,Tennessee,Jackson,422,5,0,36.36380466,-85.67239905,47087.0,3580.519260139148,1.1848341232227488,417,416,5,0,411,415,11758,6,0,0,6,1
2020-10-20,US,Tennessee,Jefferson,1466,19,0,36.04818632,-83.45148924,47089.0,2690.1550600972564,1.296043656207367,1447,1458,18,0,1440,1445,54012,8,1,0,7,13
2020-10-20,US,Tennessee,Johnson,1106,7,0,36.45523950000001,-81.84886538,47091.0,6217.674836968743,0.6329113924050633,1099,1104,6,0,1098,1078,17778,2,1,0,1,26
2020-10-20,US,Tennessee,Knox,11936,87,0,35.99508821,-83.94635435,47093.0,2537.884345106344,0.7288873994638071,11849,11833,87,0,11746,11679,465289,103,0,0,103,154
2020-10-20,US,Tennessee,Lake,970,3,0,36.34180170000001,-89.48921915,47095.0,13825.54161915621,0.30927835051546393,967,968,3,0,965,962,7411,2,0,0,2,6
2020-10-20,US,Tennessee,Lauderdale,1319,18,0,35.75893438,-89.63015909999999,47097.0,5145.710607420123,1.3646702047005308,1301,1308,18,0,1290,1292,25825,11,0,0,11,16
2020-10-20,US,Tennessee,Lawrence,1479,18,0,35.21675201,-87.39787695,47099.0,3350.5504961261377,1.2170385395537526,1461,1462,17,0,1445,1429,43734,17,1,0,16,33
2020-10-20,US,Tennessee,Lewis,352,2,0,35.52853208,-87.49022694,47101.0,2869.2533420280406,0.5681818181818182,350,350,2,0,348,329,12086,2,0,0,2,21
2020-10-20,US,Tennessee,Lincoln,814,2,0,35.13738622,-86.58910106,47103.0,2368.6201478205207,0.2457002457002457,812,801,2,0,799,794,34117,13,0,0,13,7
2020-10-20,US,Tennessee,Loudon,1550,10,0,35.73939663,-84.31145275,47105.0,2866.760375823037,0.6451612903225806,1540,1540,10,0,1530,1525,53054,10,0,0,10,15
2020-10-20,US,Tennessee,Macon,1263,24,0,36.53157855,-86.00778595,47111.0,5133.728965124787,1.9002375296912115,1239,1257,24,0,1233,1255,24265,6,0,0,6,2
2020-10-20,US,Tennessee,Madison,3630,79,0,35.61181957,-88.84076036,47113.0,3704.686479425213,2.176308539944904,3551,3613,78,0,3535,3599,97605,17,1,0,16,14
2020-10-20,US,Tennessee,Marion,708,9,0,35.12997174,-85.62265895,47115.0,2449.2337496108207,1.2711864406779658,699,699,9,0,690,684,28575,9,0,0,9,15
2020-10-20,US,Tennessee,Marshall,1056,8,0,35.45798777,-86.76420988,47117.0,3072.0,0.7575757575757576,1048,1052,8,0,1044,1023,33683,4,0,0,4,29
2020-10-20,US,Tennessee,Maury,3081,35,0,35.618741299999996,-87.07462444,47119.0,3196.4891531015587,1.1359948068808827,3046,3074,35,0,3039,2976,94340,7,0,0,7,98
2020-10-20,US,Tennessee,McMinn,1522,32,0,35.42812616,-84.61520715,47107.0,2829.311819161989,2.102496714848883,1490,1508,32,0,1476,1471,53285,14,0,0,14,37
2020-10-20,US,Tennessee,McNairy,1091,26,0,35.17468549,-88.5647812,47109.0,4246.127500583794,2.383134738771769,1065,1088,25,0,1063,1083,25832,3,1,0,2,5
2020-10-20,US,Tennessee,Meigs,296,5,0,35.51558739,-84.81482914,47121.0,2382.869103203993,1.6891891891891893,291,294,4,0,290,290,12306,2,1,0,1,4
2020-10-20,US,Tennessee,Monroe,1370,27,0,35.44550387,-84.24902965,47123.0,2943.3881190246,1.9708029197080288,1343,1348,23,0,1325,1319,46357,22,4,0,18,29
2020-10-20,US,Tennessee,Montgomery,3872,51,0,36.49609412,-87.38550661,47125.0,1852.6936308871589,1.3171487603305785,3821,3857,51,0,3806,3784,205950,15,0,0,15,73
2020-10-20,US,Tennessee,Moore,245,2,0,35.27724699,-86.36230578,47127.0,3776.202219482121,0.8163265306122449,243,245,2,0,243,241,6411,0,0,0,0,4
2020-10-20,US,Tennessee,Morgan,411,6,0,36.13248031,-84.64880098,47129.0,1920.291547913844,1.45985401459854,405,408,6,0,402,404,21579,3,0,0,3,4
2020-10-20,US,Tennessee,Obion,1649,18,0,36.35732446,-89.14921589,47131.0,5484.053343975523,1.0915706488781078,1631,1636,17,0,1619,1630,30267,13,1,0,12,6
2020-10-20,US,Tennessee,Out of TN,3775,35,0,0.0,0.0,80047.0,0.0,0.9271523178807948,3740,3794,35,0,3759,3618,,-19,0,0,-19,176
2020-10-20,US,Tennessee,Overton,1133,11,0,36.34117832,-85.28989535,47133.0,5094.195404882874,0.9708737864077671,1122,1112,11,0,1101,1106,22068,21,0,0,21,6
2020-10-20,US,Tennessee,Perry,208,1,0,35.63708728,-87.86139634,47135.0,2575.532441802873,0.4807692307692308,207,204,1,0,203,196,8064,4,0,0,4,8
2020-10-20,US,Tennessee,Pickett,249,5,0,36.55606529,-85.07763299999998,47137.0,4932.646592709984,2.0080321285140563,244,244,5,0,239,240,5082,5,0,0,5,4
2020-10-20,US,Tennessee,Polk,474,13,0,35.12245443,-84.52075859,47139.0,2816.06463878327,2.7426160337552736,461,469,13,0,456,460,16898,5,0,0,5,9
2020-10-20,US,Tennessee,Putnam,4156,53,0,36.14005459,-85.50646123,47141.0,5179.138887158078,1.2752646775745908,4103,4110,53,0,4057,4079,78843,46,0,0,46,31
2020-10-20,US,Tennessee,Rhea,1049,16,0,35.60536161,-84.93076643,47143.0,3162.7822835951397,1.5252621544327931,1033,1048,16,0,1032,1020,33044,1,0,0,1,28
2020-10-20,US,Tennessee,Roane,1201,7,0,35.84923189,-84.52458689,47145.0,2249.8220373908807,0.5828476269775187,1194,1185,7,0,1178,1169,53140,16,0,0,16,16
2020-10-20,US,Tennessee,Robertson,2498,39,0,36.52454807,-86.87346725,47147.0,3478.478826953337,1.5612489991993594,2459,2485,39,0,2446,2462,71012,13,0,0,13,23
2020-10-20,US,Tennessee,Rutherford,11090,106,0,35.84591405,-86.4107263,47149.0,3337.496426260589,0.9558160504959424,10984,11031,106,0,10925,10866,324890,59,0,0,59,165
2020-10-20,US,Tennessee,Scott,332,4,0,36.42325673,-84.50360494,47151.0,1504.4408192858434,1.2048192771084338,328,324,4,0,320,314,22039,8,0,0,8,10
2020-10-20,US,Tennessee,Sequatchie,329,4,0,35.36979721,-85.41022136,47153.0,2189.5381339012383,1.2158054711246202,325,329,4,0,325,321,14876,0,0,0,0,8
2020-10-20,US,Tennessee,Sevier,3173,21,0,35.78077323,-83.52244332,47155.0,3229.5165394402034,0.6618342262842736,3152,3149,20,0,3129,3124,97892,24,1,0,23,25
2020-10-20,US,Tennessee,Shelby,34523,553,0,35.1864775,-89.89692423,47157.0,3683.765736272976,1.6018306636155606,33970,34370,552,0,33818,33996,935764,153,1,0,152,374
2020-10-20,US,Tennessee,Smith,947,13,0,36.25359775,-85.95411046,47159.0,4698.119759884904,1.372756071805702,934,933,13,0,920,930,19942,14,0,0,14,3
2020-10-20,US,Tennessee,Stewart,311,7,0,36.50235092,-87.83920548,47161.0,2267.5902296755376,2.2508038585209005,304,308,7,0,301,305,13561,3,0,0,3,3
2020-10-20,US,Tennessee,Sullivan,3248,45,0,36.51240691,-82.30412917,47163.0,2051.178417157148,1.3854679802955665,3203,3188,44,0,3144,3103,157668,60,1,0,59,85
2020-10-20,US,Tennessee,Sumner,5664,107,0,36.46824103,-86.45917204,47165.0,2961.057699847869,1.8891242937853108,5557,5636,107,0,5529,5551,187149,28,0,0,28,85
2020-10-20,US,Tennessee,Tipton,2206,22,0,35.501942,-89.73694895,47167.0,3581.2269679702595,0.99728014505893,2184,2192,22,0,2170,2171,61581,14,0,0,14,21
2020-10-20,US,Tennessee,Trousdale,1743,7,0,36.39026213,-86.16087954,47169.0,15446.650124069482,0.4016064257028112,1736,1740,7,0,1733,1727,11012,3,0,0,3,13
2020-10-20,US,Tennessee,Unassigned,3726,4,0,0.0,0.0,90047.0,0.0,0.10735373054213634,3722,3765,3,0,3762,3575,,-39,1,0,-40,190
2020-10-20,US,Tennessee,Unicoi,367,2,0,36.10890856,-82.43709629,47171.0,2052.228373315439,0.5449591280653951,365,364,1,0,363,346,17761,3,1,0,2,18
2020-10-20,US,Tennessee,Union,499,2,0,36.28590426,-83.83651902,47173.0,2498.497897055878,0.4008016032064128,497,493,2,0,491,490,19688,6,0,0,6,3
2020-10-20,US,Tennessee,Van Buren,191,1,0,35.69864497,-85.45221699,47175.0,3252.724795640327,0.5235602094240838,190,191,1,0,190,191,5765,0,0,0,0,0
2020-10-20,US,Tennessee,Warren,1351,10,0,35.672829899999996,-85.77969117,47177.0,3273.0091818688375,0.7401924500370096,1341,1339,9,0,1330,1326,40878,12,1,0,11,13
2020-10-20,US,Tennessee,Washington,3132,44,0,36.29472368,-82.49454720000001,47179.0,2420.8695652173915,1.40485312899106,3088,3080,43,0,3037,2991,128607,52,1,0,51,89
2020-10-20,US,Tennessee,Wayne,1565,7,0,35.23868267,-87.78644456,47181.0,9386.433155400948,0.4472843450479233,1558,1560,7,0,1553,1553,16558,5,0,0,5,7
2020-10-20,US,Tennessee,Weakley,1444,25,0,36.29896232,-88.71990865,47183.0,4332.693230916947,1.7313019390581716,1419,1434,25,0,1409,1429,33415,10,0,0,10,5
2020-10-20,US,Tennessee,White,1102,14,0,35.92929884,-85.45591799,47185.0,4029.987200585116,1.2704174228675136,1088,1076,14,0,1062,1070,27107,26,0,0,26,6
2020-10-20,US,Tennessee,Williamson,6656,49,0,35.89099229,-86.89281867,47187.0,2791.805781588176,0.7361778846153846,6607,6618,48,0,6570,6484,231729,38,1,0,37,134
2020-10-20,US,Tennessee,Wilson,4431,53,0,36.15496772,-86.29775884,47189.0,3063.1079035235075,1.196118257729632,4378,4402,53,0,4349,4318,140625,29,0,0,29,84
2020-10-20,US,Texas,Anderson,2920,38,0,31.81534745,-95.65354823,48001.0,5057.590716203343,1.3013698630136987,2882,2909,38,0,2871,2909,58057,11,0,0,11,0
2020-10-20,US,Texas,Andrews,549,10,0,32.30468633,-102.63765479999999,48003.0,2935.0441058540496,1.8214936247723128,539,547,10,0,537,547,18128,2,0,0,2,0
2020-10-20,US,Texas,Angelina,2251,88,0,31.25457347,-94.60901487,48005.0,2595.860001153203,3.909373611728121,2163,2251,88,0,2163,2251,87092,0,0,0,0,0
2020-10-20,US,Texas,Aransas,340,18,0,28.10556197,-96.9995047,48007.0,1446.193109315185,5.294117647058823,322,341,18,0,323,341,23792,-1,0,0,-1,0
2020-10-20,US,Texas,Archer,114,1,0,33.61569967,-98.68754589,48009.0,1332.8656611715187,0.8771929824561403,113,114,1,0,113,114,8786,0,0,0,0,0
2020-10-20,US,Texas,Armstrong,18,1,0,34.96507426,-101.35748740000001,48011.0,953.8950715421304,5.5555555555555545,17,18,1,0,17,18,1892,0,0,0,0,0
2020-10-20,US,Texas,Atascosa,1257,35,0,28.89333001,-98.52730485,48013.0,2457.333880710809,2.7844073190135243,1222,1257,35,0,1222,1254,50310,0,0,0,0,3
2020-10-20,US,Texas,Austin,508,9,0,29.88548725,-96.27736949,48015.0,1691.5290356952585,1.7716535433070866,499,507,9,0,498,507,29989,1,0,0,1,0
2020-10-20,US,Texas,Bailey,264,5,0,34.06854817,-102.8299707,48017.0,3771.4285714285716,1.893939393939394,259,264,5,0,259,264,7027,0,0,0,0,0
2020-10-20,US,Texas,Bandera,183,8,0,29.74619598,-99.24598147,48019.0,791.7964693665629,4.371584699453551,175,183,8,0,175,178,22824,0,0,0,0,5
2020-10-20,US,Texas,Bastrop,1946,31,0,30.10370699,-97.31206354,48021.0,2193.343326983984,1.5930113052415211,1915,1945,31,0,1914,1945,86976,1,0,0,1,0
2020-10-20,US,Texas,Baylor,42,2,0,33.61640794,-99.21352901,48023.0,1196.9222000569964,4.761904761904762,40,42,2,0,40,42,3582,0,0,0,0,0
2020-10-20,US,Texas,Bee,1836,39,0,28.41761668,-97.74215593,48025.0,5637.954859511746,2.124183006535948,1797,1831,37,0,1794,1831,32587,5,2,0,3,0
2020-10-20,US,Texas,Bell,6133,96,0,31.03736027,-97.4785025,48027.0,1689.885485666421,1.565302462090331,6037,6064,96,0,5968,6064,355642,69,0,0,69,0
2020-10-20,US,Texas,Bexar,63594,1383,0,29.44928723,-98.52019748,48029.0,3174.059695920349,2.1747334654212658,62211,63426,1381,0,62045,63328,1986049,168,2,0,166,98
2020-10-20,US,Texas,Blanco,153,6,0,30.26640707,-98.3999852,48031.0,1282.3736484787528,3.92156862745098,147,153,6,0,147,153,11702,0,0,0,0,0
2020-10-20,US,Texas,Borden,2,0,0,32.74363984,-101.43165090000001,48033.0,305.8103975535168,0.0,2,2,0,0,2,2,648,0,0,0,0,0
2020-10-20,US,Texas,Bosque,385,10,0,31.89978581,-97.63613524,48035.0,2060.476317902061,2.5974025974025974,375,385,10,0,375,385,18691,0,0,0,0,0
2020-10-20,US,Texas,Bowie,1703,72,0,33.44626922,-94.41834132,48037.0,1826.3713872057485,4.227833235466823,1631,1681,72,0,1609,1668,94324,22,0,0,22,13
2020-10-20,US,Texas,Brazoria,12027,179,0,29.18757369,-95.44563172,48039.0,3213.5070431567024,1.488317951276295,11848,12008,179,0,11829,11954,370200,19,0,0,19,54
2020-10-20,US,Texas,Brazos,7337,66,0,30.663644800000004,-96.30205577,48041.0,3200.9807557228933,0.8995502248875562,7271,7317,66,0,7251,7291,226758,20,0,0,20,26
2020-10-20,US,Texas,Brewster,248,5,0,29.81008251,-103.25203259999999,48043.0,2694.7734434423555,2.0161290322580645,243,246,5,0,241,246,9267,2,0,0,2,0
2020-10-20,US,Texas,Briscoe,20,1,0,34.53026962,-101.2084947,48045.0,1293.6610608020699,5.0,19,18,1,0,17,18,1516,2,0,0,2,0
2020-10-20,US,Texas,Brooks,350,23,0,27.03103197,-98.21808402,48047.0,4934.442408007895,6.571428571428571,327,341,23,0,318,341,7114,9,0,0,9,0
2020-10-20,US,Texas,Brown,636,26,0,31.77430356,-98.99907113,48049.0,1679.695753222058,4.088050314465409,610,632,26,0,606,632,37924,4,0,0,4,0
2020-10-20,US,Texas,Burleson,421,6,0,30.49273808,-96.62158484,48051.0,2282.708886840536,1.4251781472684086,415,420,6,0,414,420,18389,1,0,0,1,0
2020-10-20,US,Texas,Burnet,861,12,0,30.78801353,-98.181887,48053.0,1787.976326445852,1.3937282229965158,849,854,12,0,842,854,47542,7,0,0,7,0
2020-10-20,US,Texas,Caldwell,1680,37,0,29.83668859,-97.61814775,48055.0,3847.563209967021,2.202380952380953,1643,1675,37,0,1638,1675,43247,5,0,0,5,0
2020-10-20,US,Texas,Calhoun,882,9,0,28.47048236,-96.61633945,48057.0,4142.790042273366,1.020408163265306,873,882,9,0,873,879,21561,0,0,0,0,3
2020-10-20,US,Texas,Callahan,110,4,0,32.29760619,-99.37326312,48059.0,788.9263429677975,3.636363636363636,106,110,4,0,106,110,13994,0,0,0,0,0
2020-10-20,US,Texas,Cameron,23818,1068,0,26.14524221,-97.48140372,48061.0,5628.563933992336,4.4840036946846915,22750,23709,1066,0,22643,23709,423908,109,2,0,107,0
2020-10-20,US,Texas,Camp,388,13,0,32.97195142,-94.97790104,48063.0,2963.189246983351,3.3505154639175267,375,384,13,0,371,383,13033,4,0,0,4,1
2020-10-20,US,Texas,Carson,50,0,0,35.40365929,-101.35426690000001,48065.0,843.7394532568343,0.0,50,49,0,0,49,49,6005,1,0,0,1,0
2020-10-20,US,Texas,Cass,468,21,0,33.07499881,-94.34646905,48067.0,1558.6491707187106,4.487179487179487,447,461,21,0,440,461,30119,7,0,0,7,0
2020-10-20,US,Texas,Castro,289,6,0,34.53016752,-102.2617243,48069.0,3837.981407702523,2.0761245674740483,283,287,6,0,281,287,7665,2,0,0,2,0
2020-10-20,US,Texas,Chambers,1521,8,0,29.70972016,-94.67154501,48071.0,3469.671738485754,0.5259697567389875,1513,1497,8,0,1489,1497,42454,24,0,0,24,0
2020-10-20,US,Texas,Cherokee,1615,32,0,31.837258000000002,-95.16559897,48073.0,3067.659461307601,1.9814241486068112,1583,1611,31,0,1580,1611,52592,4,1,0,3,0
2020-10-20,US,Texas,Childress,104,0,0,34.529304100000004,-100.2077916,48075.0,1423.4875444839859,0.0,104,91,0,0,91,91,7291,13,0,0,13,0
2020-10-20,US,Texas,Clay,97,2,0,33.78686685,-98.20771198,48077.0,926.3680641772514,2.061855670103093,95,97,2,0,95,97,10456,0,0,0,0,0
2020-10-20,US,Texas,Cochran,89,1,0,33.60425307,-102.82844990000001,48079.0,3119.523308797757,1.1235955056179776,88,81,1,0,80,81,2836,8,0,0,8,0
2020-10-20,US,Texas,Coke,90,4,0,31.88911733,-100.5297533,48081.0,2657.2187776793617,4.4444444444444455,86,84,4,0,80,84,3370,6,0,0,6,0
2020-10-20,US,Texas,Coleman,84,4,0,31.76736834,-99.45240766,48083.0,1027.5229357798164,4.761904761904762,80,84,4,0,80,84,8397,0,0,0,0,0
2020-10-20,US,Texas,Collin,17048,172,0,33.18820114,-96.57264368,48085.0,1647.5795618180593,1.0089160018770529,16876,16937,171,0,16766,16937,1005146,111,1,0,110,0
2020-10-20,US,Texas,Collingsworth,20,0,0,34.96489496,-100.27001109999999,48087.0,684.931506849315,0.0,20,19,0,0,19,19,2962,1,0,0,1,0
2020-10-20,US,Texas,Colorado,498,4,0,29.622097999999998,-96.5273805,48089.0,2317.033452752059,0.8032128514056225,494,498,4,0,494,498,21217,0,0,0,0,0
2020-10-20,US,Texas,Comal,2823,106,0,29.80811278,-98.27647225,48091.0,1807.1942077601168,3.75487070492384,2717,2822,105,0,2717,2822,148373,1,1,0,0,0
2020-10-20,US,Texas,Comanche,343,5,0,31.94854689,-98.55876441,48093.0,2515.584891822516,1.4577259475218658,338,343,5,0,338,343,13534,0,0,0,0,0
2020-10-20,US,Texas,Concho,141,2,0,31.32635934,-99.86473038,48095.0,5172.4137931034475,1.4184397163120568,139,140,2,0,138,140,4276,1,0,0,1,0
2020-10-20,US,Texas,Cooke,505,7,0,33.63979567,-97.21240912,48097.0,1224.0347092614584,1.3861386138613858,498,505,7,0,498,505,40574,0,0,0,0,0
2020-10-20,US,Texas,Coryell,1940,13,0,31.39078397,-97.79936155,48099.0,2554.278416347382,0.6701030927835051,1927,1941,13,0,1928,1941,74808,-1,0,0,-1,0
2020-10-20,US,Texas,Cottle,33,3,0,34.07783319,-100.27850620000001,48101.0,2360.5150214592277,9.090909090909092,30,33,3,0,30,33,1389,0,0,0,0,0
2020-10-20,US,Texas,Crane,73,2,0,31.43052248,-102.5143314,48103.0,1521.7844486137174,2.7397260273972597,71,73,2,0,71,73,4794,0,0,0,0,0
2020-10-20,US,Texas,Crockett,166,7,0,30.72367027,-101.4134238,48105.0,4792.147806004619,4.216867469879518,159,166,7,0,159,166,3499,0,0,0,0,0
2020-10-20,US,Texas,Crosby,105,6,0,33.61431553,-101.30003640000001,48107.0,1830.2248561966187,5.7142857142857135,99,105,6,0,99,105,5779,0,0,0,0,0
2020-10-20,US,Texas,Culberson,88,2,0,31.44506775,-104.5185739,48109.0,4053.431598341777,2.272727272727273,86,84,2,0,82,84,2204,4,0,0,4,0
2020-10-20,US,Texas,Dallam,332,10,0,36.27787176,-102.60207249999999,48111.0,4556.0587347330875,3.0120481927710845,322,331,10,0,321,331,7200,1,0,0,1,0
2020-10-20,US,Texas,Dallas,90318,1201,0,32.76670599,-96.77796049999999,48113.0,3426.9569981741715,1.3297460085475763,89117,90318,1194,0,89124,89987,2637772,0,7,0,-7,331
2020-10-20,US,Texas,Dawson,749,15,0,32.74255572,-101.94772420000001,48115.0,5884.663733500944,2.0026702269692924,734,713,15,0,698,713,12619,36,0,0,36,0
2020-10-20,US,Texas,DeWitt,1058,42,0,29.08101855,-97.35681170000001,48123.0,5248.015873015873,3.9697542533081287,1016,1058,42,0,1016,1058,20187,0,0,0,0,0
2020-10-20,US,Texas,Deaf Smith,968,25,0,34.96522957,-102.6054267,48117.0,5219.454329774614,2.5826446280991737,943,965,25,0,940,965,18760,3,0,0,3,0
2020-10-20,US,Texas,Delta,32,0,0,33.38570922,-95.66921122,48119.0,600.2626148940161,0.0,32,32,0,0,32,32,5349,0,0,0,0,0
2020-10-20,US,Texas,Denton,13661,166,0,33.20521901,-97.11691153,48121.0,1539.7759485666818,1.215137984042164,13495,13547,165,0,13382,13547,859064,114,1,0,113,0
2020-10-20,US,Texas,Dickens,51,2,0,33.61616822,-100.7788855,48125.0,2306.648575305292,3.92156862745098,49,51,2,0,49,51,2249,0,0,0,0,0
2020-10-20,US,Texas,Dimmit,277,7,0,28.42270064,-99.75645095,48127.0,2736.072698538127,2.527075812274368,270,276,7,0,269,275,10308,1,0,0,1,1
2020-10-20,US,Texas,Donley,83,1,0,34.96517499,-100.8140093,48129.0,2532.0317266625993,1.2048192771084338,82,82,1,0,81,82,3319,1,0,0,1,0
2020-10-20,US,Texas,Duval,470,20,0,27.68184592,-98.50864568,48131.0,4212.601953930268,4.25531914893617,450,469,20,0,449,469,11212,1,0,0,1,0
2020-10-20,US,Texas,Eastland,226,6,0,32.32743996,-98.83243566,48133.0,1230.9368191721132,2.6548672566371683,220,226,6,0,220,226,18322,0,0,0,0,0
2020-10-20,US,Texas,Ector,5832,114,0,31.86898877,-102.54294279999999,48135.0,3508.5397327686305,1.954732510288066,5718,5726,112,0,5614,5613,162124,106,2,0,104,113
2020-10-20,US,Texas,Edwards,66,2,0,29.98202582,-100.304252,48137.0,3416.149068322981,3.0303030303030303,64,66,2,0,64,66,1928,0,0,0,0,0
2020-10-20,US,Texas,El Paso,34035,576,0,31.76980765,-106.23632749999999,48141.0,4055.4646000300263,1.6923754958131336,33459,33326,575,0,32751,32758,840758,709,1,0,708,568
2020-10-20,US,Texas,Ellis,4729,75,0,32.34894117,-96.79371841,48139.0,2558.622704597838,1.5859589765278068,4654,4729,74,0,4655,4729,179436,0,1,0,-1,0
2020-10-20,US,Texas,Erath,974,13,0,32.23602653,-98.21773417,48143.0,2281.1372898028008,1.3347022587268993,961,974,13,0,961,974,42446,0,0,0,0,0
2020-10-20,US,Texas,Falls,640,5,0,31.25350609,-96.93630086,48145.0,3700.063594843036,0.78125,635,635,5,0,630,635,17335,5,0,0,5,0
2020-10-20,US,Texas,Fannin,746,16,0,33.59564294,-96.10751083,48147.0,2100.58005293687,2.1447721179624666,730,746,16,0,730,746,35286,0,0,0,0,0
2020-10-20,US,Texas,Fayette,656,22,0,29.87788372,-96.92076062,48149.0,2588.17959441332,3.3536585365853657,634,656,22,0,634,653,25349,0,0,0,0,3
2020-10-20,US,Texas,Fisher,88,3,0,32.74281316,-100.40193020000001,48151.0,2297.650130548303,3.4090909090909087,85,83,3,0,80,83,3839,5,0,0,5,0
2020-10-20,US,Texas,Floyd,120,9,0,34.07227468,-101.3031546,48153.0,2100.840336134454,7.5,111,120,9,0,111,120,5837,0,0,0,0,0
2020-10-20,US,Texas,Foard,20,0,0,33.97308618,-99.7767797,48155.0,1731.6017316017317,0.0,20,20,0,0,20,20,1200,0,0,0,0,0
2020-10-20,US,Texas,Fort Bend,17238,303,0,29.52704478,-95.77219463,48157.0,2123.722415509408,1.7577445179255131,16935,17157,303,0,16854,17126,787858,81,0,0,81,31
2020-10-20,US,Texas,Franklin,181,6,0,33.17653242,-95.21917243,48159.0,1687.6456876456878,3.3149171270718236,175,170,6,0,164,170,10766,11,0,0,11,0
2020-10-20,US,Texas,Freestone,443,4,0,31.70422788,-96.15072516,48161.0,2246.7921083329106,0.9029345372460496,439,438,4,0,434,438,19808,5,0,0,5,0
2020-10-20,US,Texas,Frio,1015,9,0,28.86751206,-99.10804207,48163.0,4998.5226041564065,0.8866995073891626,1006,1013,9,0,1004,1012,19816,2,0,0,2,1
2020-10-20,US,Texas,Gaines,484,10,0,32.74055318,-102.6353295,48165.0,2252.000744463056,2.066115702479338,474,461,10,0,451,461,20901,23,0,0,23,0
2020-10-20,US,Texas,Galveston,12123,168,0,29.40167322,-94.90469073,48167.0,3543.2967302762913,1.3857955951497154,11955,12090,166,0,11924,12090,337890,33,2,0,31,0
2020-10-20,US,Texas,Garza,120,4,0,33.17969345,-101.2984114,48169.0,1926.4729491090063,3.333333333333333,116,118,4,0,114,118,6578,2,0,0,2,0
2020-10-20,US,Texas,Gillespie,350,10,0,30.31824095,-98.94676915,48171.0,1296.8726841559214,2.8571428571428568,340,349,10,0,339,346,26804,1,0,0,1,3
2020-10-20,US,Texas,Glasscock,11,0,0,31.86942909,-101.5207776,48173.0,780.69552874379,0.0,11,11,0,0,11,11,1388,0,0,0,0,0
2020-10-20,US,Texas,Goliad,157,6,0,28.65696592,-97.42760647,48175.0,2050.1436406372422,3.8216560509554136,151,157,6,0,151,157,7584,0,0,0,0,0
2020-10-20,US,Texas,Gonzales,1095,19,0,29.45634206,-97.49424032,48177.0,5255.075106781206,1.735159817351598,1076,1095,19,0,1076,1092,20826,0,0,0,0,3
2020-10-20,US,Texas,Gray,405,10,0,35.40081878,-100.8129222,48179.0,1850.4980352736911,2.469135802469136,395,397,10,0,387,397,21895,8,0,0,8,0
2020-10-20,US,Texas,Grayson,2283,60,0,33.62744998,-96.67753461,48181.0,1676.0637829266143,2.628120893561104,2223,2280,60,0,2220,2280,133991,3,0,0,3,0
2020-10-20,US,Texas,Gregg,2444,83,0,32.47940482,-94.81591935,48183.0,1971.8423494291824,3.3960720130932898,2361,2431,82,0,2349,2431,123707,13,1,0,12,0
2020-10-20,US,Texas,Grimes,1156,35,0,30.54579585,-95.98902499,48185.0,4002.770083102493,3.027681660899654,1121,1152,35,0,1117,1152,28360,4,0,0,4,0
2020-10-20,US,Texas,Guadalupe,3801,79,0,29.58165339,-97.94786822,48187.0,2278.1350578673873,2.0784004209418576,3722,3796,79,0,3717,3784,163694,5,0,0,5,12
2020-10-20,US,Texas,Hale,2306,59,0,34.07044901,-101.82681140000001,48189.0,6902.95156558702,2.558542931483088,2247,2306,59,0,2247,2259,33830,0,0,0,0,47
2020-10-20,US,Texas,Hall,40,1,0,34.5307555,-100.68138520000001,48191.0,1349.527665317139,2.5,39,36,1,0,35,36,3028,4,0,0,4,0
2020-10-20,US,Texas,Hamilton,182,4,0,31.70470573,-98.11083887,48193.0,2151.0459756529967,2.1978021978021984,178,182,4,0,178,182,8484,0,0,0,0,0
2020-10-20,US,Texas,Hansford,187,6,0,36.27743284,-101.3545796,48195.0,3463.604371179848,3.2085561497326203,181,187,6,0,181,187,5463,0,0,0,0,0
2020-10-20,US,Texas,Hardeman,59,1,0,34.28944521,-99.74632408,48197.0,1500.1271294177473,1.6949152542372878,58,59,1,0,58,59,3922,0,0,0,0,0
2020-10-20,US,Texas,Hardin,1409,34,0,30.33364686,-94.38931817,48199.0,2446.0956216798027,2.41305890702626,1375,1405,33,0,1372,1405,57207,4,1,0,3,0
2020-10-20,US,Texas,Harris,155192,2735,0,29.85864939,-95.39339521,48201.0,3292.6225117088256,1.7623331099541213,152457,154765,2729,0,152036,154367,4698619,427,6,0,421,398
2020-10-20,US,Texas,Harrison,1017,37,0,32.54935988,-94.36934071,48203.0,1528.105419740658,3.638151425762045,980,1012,37,0,975,1012,66726,5,0,0,5,0
2020-10-20,US,Texas,Hartley,168,0,0,35.84008013,-102.6029022,48205.0,3012.9124820659968,0.0,168,163,0,0,163,163,5619,5,0,0,5,0
2020-10-20,US,Texas,Haskell,77,3,0,33.17823584,-99.73037358,48207.0,1360.90491339696,3.8961038961038965,74,77,3,0,74,77,5813,0,0,0,0,0
2020-10-20,US,Texas,Hays,6212,71,0,30.05669873,-98.02944344,48209.0,2698.628530220556,1.1429491307147457,6141,6161,71,0,6090,6155,222631,51,0,0,51,6
2020-10-20,US,Texas,Hemphill,132,0,0,35.83764858,-100.2703577,48211.0,3456.402199528673,0.0,132,132,0,0,132,132,3825,0,0,0,0,0
2020-10-20,US,Texas,Henderson,1185,28,0,32.21128872,-95.85846587,48213.0,1432.2491750969941,2.3628691983122363,1157,1163,28,0,1135,1163,82299,22,0,0,22,0
2020-10-20,US,Texas,Hidalgo,34343,1899,0,26.39418217,-98.18299696,48215.0,3953.3467555804214,5.529511108522843,32444,34179,1895,0,32284,34179,865939,164,4,0,160,0
2020-10-20,US,Texas,Hill,763,15,0,31.99045053,-97.13423143,48217.0,2081.9121940571367,1.965923984272608,748,761,15,0,746,761,36354,2,0,0,2,0
2020-10-20,US,Texas,Hockley,501,11,0,33.60771256,-102.3431676,48219.0,2176.273836931497,2.1956087824351296,490,483,11,0,472,483,22980,18,0,0,18,0
2020-10-20,US,Texas,Hood,1111,35,0,32.42990927,-97.83242024,48221.0,1802.3133202472304,3.1503150315031503,1076,1111,35,0,1076,1111,60537,0,0,0,0,0
2020-10-20,US,Texas,Hopkins,557,23,0,33.14875072,-95.56351139,48223.0,1501.995469744364,4.129263913824056,534,475,23,0,452,475,36810,82,0,0,82,0
2020-10-20,US,Texas,Houston,408,11,0,31.31925973,-95.42226208,48225.0,1776.3845350052245,2.6960784313725488,397,398,11,0,387,398,23169,10,0,0,10,0
2020-10-20,US,Texas,Howard,1040,19,0,32.30621324,-101.4356444,48227.0,2836.569932358717,1.8269230769230769,1021,1013,19,0,994,1013,36459,27,0,0,27,0
2020-10-20,US,Texas,Hudspeth,75,3,0,31.45628381,-105.388178,48229.0,1534.9979533360622,4.0,72,72,3,0,69,72,4795,3,0,0,3,0
2020-10-20,US,Texas,Hunt,1863,43,0,33.12351514,-96.08551032,48231.0,1889.567316469562,2.3081052066559318,1820,1863,43,0,1820,1863,96493,0,0,0,0,0
2020-10-20,US,Texas,Hutchinson,291,7,0,35.84006574,-101.3546643,48233.0,1389.817556595663,2.405498281786941,284,283,7,0,276,283,21198,8,0,0,8,0
2020-10-20,US,Texas,Irion,13,0,0,31.30375559,-100.982439,48235.0,846.3541666666665,0.0,13,13,0,0,13,13,1522,0,0,0,0,0
2020-10-20,US,Texas,Jack,148,3,0,33.23377248,-98.17283469,48237.0,1656.4073866815893,2.0270270270270268,145,148,3,0,145,148,8843,0,0,0,0,0
2020-10-20,US,Texas,Jackson,637,16,0,28.95472367,-96.57749563,48239.0,4315.718157181573,2.5117739403453694,621,636,16,0,620,636,14874,1,0,0,1,0
2020-10-20,US,Texas,Jasper,509,34,0,30.74685667,-94.02667579,48241.0,1432.632497396493,6.679764243614931,475,507,34,0,473,507,35872,2,0,0,2,0
2020-10-20,US,Texas,Jeff Davis,17,0,0,30.71490589,-104.1399973,48243.0,747.5813544415128,0.0,17,17,0,0,17,17,2252,0,0,0,0,0
2020-10-20,US,Texas,Jefferson,8109,146,0,29.8832777,-94.16434171,48245.0,3223.421382147755,1.8004686151190037,7963,8017,146,0,7871,8017,255001,92,0,0,92,0
2020-10-20,US,Texas,Jim Hogg,161,4,0,27.04453923,-98.69681870000001,48247.0,3096.1538461538453,2.4844720496894412,157,156,4,0,152,156,5248,5,0,0,5,0
2020-10-20,US,Texas,Jim Wells,1533,47,0,27.73103938,-98.0904705,48249.0,3786.868237735289,3.065883887801696,1486,1525,46,0,1479,1525,40822,8,1,0,7,0
2020-10-20,US,Texas,Johnson,3426,63,0,32.37877812,-97.36615819,48251.0,1948.6170279324524,1.8388791593695268,3363,3426,62,0,3364,3426,171361,0,1,0,-1,0
2020-10-20,US,Texas,Jones,586,2,0,32.73997145,-99.87861576,48253.0,2917.8907533734996,0.3412969283276451,584,586,2,0,584,586,19817,0,0,0,0,0
2020-10-20,US,Texas,Karnes,949,17,0,28.90705334,-97.85960149,48255.0,6082.943401064034,1.7913593256059008,932,946,17,0,929,946,15650,3,0,0,3,0
2020-10-20,US,Texas,Kaufman,3379,54,0,32.599141700000004,-96.28734728,48257.0,2481.748608193663,1.5981059485054752,3325,3379,52,0,3327,3379,128622,0,2,0,-2,0
2020-10-20,US,Texas,Kendall,377,10,0,29.94414155,-98.7113588,48259.0,794.8388184942337,2.6525198938992043,367,377,10,0,367,374,45641,0,0,0,0,3
2020-10-20,US,Texas,Kenedy,7,2,0,26.92601662,-97.66413984,48261.0,1732.6732673267327,28.57142857142857,5,7,2,0,5,7,442,0,0,0,0,0
2020-10-20,US,Texas,Kent,10,0,0,33.18104136,-100.7780939,48263.0,1312.3359580052493,0.0,10,10,0,0,10,10,726,0,0,0,0,0
2020-10-20,US,Texas,Kerr,679,13,0,30.06040006,-99.34930144,48265.0,1290.8745247148288,1.9145802650957289,666,670,13,0,657,669,52405,9,0,0,9,1
2020-10-20,US,Texas,Kimble,21,1,0,30.48678918,-99.74856473,48267.0,484.2056721235877,4.761904761904762,20,21,1,0,20,21,4362,0,0,0,0,0
2020-10-20,US,Texas,King,1,0,0,33.61643847,-100.2558057,48269.0,367.6470588235293,0.0,1,1,0,0,1,1,277,0,0,0,0,0
2020-10-20,US,Texas,Kinney,72,1,0,29.34967888,-100.41866379999999,48271.0,1963.4578674665936,1.3888888888888888,71,71,1,0,70,62,3767,1,0,0,1,9
2020-10-20,US,Texas,Kleberg,998,49,0,27.42435506,-97.69894948,48273.0,3252.933507170795,4.909819639278557,949,999,49,0,950,999,31129,-1,0,0,-1,0
2020-10-20,US,Texas,Knox,110,8,0,33.60519951,-99.74229059999999,48275.0,3002.183406113537,7.272727272727272,102,110,8,0,102,110,3653,0,0,0,0,0
2020-10-20,US,Texas,La Salle,370,13,0,28.34453111,-99.09908775,48283.0,4920.212765957447,3.5135135135135136,357,349,13,0,336,349,7531,21,0,0,21,0
2020-10-20,US,Texas,Lamar,1644,44,0,33.66981763,-95.57404777,48277.0,3297.298381435649,2.67639902676399,1600,1593,44,0,1549,1593,49728,51,0,0,51,0
2020-10-20,US,Texas,Lamb,469,23,0,34.06859623,-102.35162890000001,48279.0,3637.6328240130297,4.904051172707889,446,452,23,0,429,452,13158,17,0,0,17,0
2020-10-20,US,Texas,Lampasas,297,9,0,31.19531316,-98.24206613,48281.0,1386.0369609856266,3.0303030303030303,288,297,9,0,288,297,21229,0,0,0,0,0
2020-10-20,US,Texas,Lavaca,1103,37,0,29.38508402,-96.93186692,48285.0,5472.858985809268,3.354487760652765,1066,1099,37,0,1062,1087,20110,4,0,0,4,12
2020-10-20,US,Texas,Lee,235,14,0,30.31120597,-96.97045773,48287.0,1363.1881199605546,5.957446808510637,221,235,14,0,221,235,17144,0,0,0,0,0
2020-10-20,US,Texas,Leon,319,10,0,31.29872538,-95.9936328,48289.0,1832.9119742587911,3.134796238244514,309,319,10,0,309,319,17270,0,0,0,0,0
2020-10-20,US,Texas,Liberty,2272,55,0,30.15152688,-94.81205615,48291.0,2575.408925514912,2.420774647887324,2217,2269,54,0,2215,2267,86323,3,1,0,2,2
2020-10-20,US,Texas,Limestone,664,16,0,31.5454767,-96.58095444,48293.0,2833.12710671161,2.409638554216868,648,659,16,0,643,659,23519,5,0,0,5,0
2020-10-20,US,Texas,Lipscomb,65,1,0,36.27783108,-100.27331509999999,48295.0,2010.516548097742,1.5384615384615383,64,63,1,0,62,63,3355,2,0,0,2,0
2020-10-20,US,Texas,Live Oak,381,9,0,28.35101362,-98.1246786,48297.0,3121.1599901695754,2.3622047244094486,372,374,9,0,365,374,12166,7,0,0,7,0
2020-10-20,US,Texas,Llano,166,2,0,30.70645047,-98.68475262,48299.0,761.6425785730673,1.2048192771084338,164,165,2,0,163,165,21646,1,0,0,1,0
2020-10-20,US,Texas,Lubbock,15908,154,0,33.61008596,-101.82047890000001,48303.0,5122.211167244638,0.9680663816947448,15754,15626,152,0,15474,15401,307412,282,2,0,280,225
2020-10-20,US,Texas,Lynn,151,5,0,33.17657705,-101.8162849,48305.0,2537.388674172408,3.3112582781456954,146,148,5,0,143,148,5877,3,0,0,3,0
2020-10-20,US,Texas,Madison,742,6,0,30.96694679,-95.93003775,48313.0,5194.623354802577,0.8086253369272237,736,742,6,0,736,742,14422,0,0,0,0,0
2020-10-20,US,Texas,Marion,164,14,0,32.79868409,-94.35661230000001,48315.0,1664.2987619240914,8.536585365853659,150,163,14,0,149,163,9928,1,0,0,1,0
2020-10-20,US,Texas,Martin,86,7,0,32.30600051,-101.9513518,48317.0,1490.2096690348294,8.13953488372093,79,85,7,0,78,85,5753,1,0,0,1,0
2020-10-20,US,Texas,Mason,80,2,0,30.71780434,-99.22629416,48319.0,1871.7828731867105,2.5,78,80,2,0,78,80,4280,0,0,0,0,0
2020-10-20,US,Texas,Matagorda,1086,51,0,28.81955746,-96.01230294,48321.0,2963.7311355511283,4.696132596685083,1035,1085,51,0,1034,1085,36552,1,0,0,1,0
2020-10-20,US,Texas,Maverick,4027,142,0,28.7429195,-100.3157686,48323.0,6857.736453118082,3.5261981624037744,3885,3838,142,0,3696,3838,58485,189,0,0,189,0
2020-10-20,US,Texas,McCulloch,190,4,0,31.1925468,-99.34682807,48307.0,2379.7595190380757,2.1052631578947367,186,187,4,0,183,187,7987,3,0,0,3,0
2020-10-20,US,Texas,McLennan,9503,127,0,31.55255453,-97.20217694,48309.0,3703.097539971086,1.3364200778701465,9376,9431,125,0,9306,9399,254607,72,2,0,70,32
2020-10-20,US,Texas,McMullen,24,1,0,28.35251708,-98.56769164,48311.0,3230.1480484522212,4.166666666666667,23,24,1,0,23,24,749,0,0,0,0,0
2020-10-20,US,Texas,Medina,1253,48,0,29.355730100000002,-99.11030298,48325.0,2429.0477667493797,3.8308060654429372,1205,1250,48,0,1202,1250,50921,3,0,0,3,0
2020-10-20,US,Texas,Menard,40,0,0,30.88990665,-99.82047940000001,48327.0,1870.9073900841904,0.0,40,39,0,0,39,39,2139,1,0,0,1,0
2020-10-20,US,Texas,Midland,4666,89,0,31.86904128,-102.03156820000001,48329.0,2638.662685486789,1.9074153450492928,4577,4550,89,0,4461,4444,172578,116,0,0,116,106
2020-10-20,US,Texas,Milam,539,7,0,30.78581830000001,-96.97718698,48331.0,2171.3733231277442,1.2987012987012987,532,539,7,0,532,537,25131,0,0,0,0,2
2020-10-20,US,Texas,Mills,71,0,0,31.49557106,-98.59272068,48333.0,1457.0080032833982,0.0,71,71,0,0,71,71,4921,0,0,0,0,0
2020-10-20,US,Texas,Mitchell,146,2,0,32.30623474,-100.9212058,48335.0,1708.601521357519,1.3698630136986298,144,135,2,0,133,135,8145,11,0,0,11,0
2020-10-20,US,Texas,Montague,238,5,0,33.67521893,-97.72500958,48337.0,1200.928448884852,2.100840336134454,233,238,4,0,234,238,19596,0,1,0,-1,0
2020-10-20,US,Texas,Montgomery,13086,171,0,30.30079133,-95.50572772,48339.0,2154.460635735465,1.3067400275103165,12915,12991,170,0,12821,12844,590925,95,1,0,94,147
2020-10-20,US,Texas,Moore,1279,22,0,35.83769242,-101.8930281,48341.0,6107.92741165234,1.7200938232994527,1257,1268,22,0,1246,1268,21485,11,0,0,11,0
2020-10-20,US,Texas,Morris,208,5,0,33.11304005,-94.73255695,48343.0,1679.0442363577656,2.4038461538461537,203,201,5,0,196,201,12339,7,0,0,7,0
2020-10-20,US,Texas,Motley,12,0,0,34.07408766,-100.77972199999999,48345.0,1000.0,0.0,12,12,0,0,12,12,1234,0,0,0,0,0
2020-10-20,US,Texas,Nacogdoches,1758,67,0,31.62017125,-94.61803994,48347.0,2696.1536102079626,3.811149032992037,1691,1742,67,0,1675,1734,65711,16,0,0,16,8
2020-10-20,US,Texas,Navarro,1381,31,0,32.04620681,-96.47428766,48349.0,2755.7719553808392,2.24475018102824,1350,1378,30,0,1348,1378,49565,3,1,0,2,0
2020-10-20,US,Texas,Newton,188,13,0,30.78548982,-93.74408813,48351.0,1382.8613460831189,6.914893617021277,175,187,13,0,174,187,13746,1,0,0,1,0
2020-10-20,US,Texas,Nolan,370,5,0,32.30365282,-100.4060208,48353.0,2514.611934212315,1.351351351351351,365,361,5,0,356,361,14751,9,0,0,9,0
2020-10-20,US,Texas,Nueces,21027,438,0,27.736286,-97.5433285,48355.0,5803.849911949965,2.0830360964474246,20589,21005,437,0,20568,20993,362265,22,1,0,21,12
2020-10-20,US,Texas,Ochiltree,266,5,0,36.27829105,-100.8158184,48357.0,2704.3513623424155,1.8796992481203008,261,256,5,0,251,256,9947,10,0,0,10,0
2020-10-20,US,Texas,Oldham,25,2,0,35.40425596,-102.6027606,48359.0,1183.7121212121212,8.0,23,25,2,0,23,25,2131,0,0,0,0,0
2020-10-20,US,Texas,Orange,2116,46,0,30.11879481,-93.89412775,48361.0,2537.2919564487506,2.1739130434782608,2070,2071,46,0,2025,2071,83572,45,0,0,45,0
2020-10-20,US,Texas,Palo Pinto,662,17,0,32.75310985,-98.31319001,48363.0,2267.9776628181853,2.5679758308157097,645,662,17,0,645,662,28875,0,0,0,0,0
2020-10-20,US,Texas,Panola,454,27,0,32.163959600000005,-94.30552481,48365.0,1957.4027765801504,5.9471365638766525,427,448,27,0,421,447,23148,6,0,0,6,1
2020-10-20,US,Texas,Parker,2256,42,0,32.77757172,-97.80500621,48367.0,1578.9694704573133,1.8617021276595744,2214,2256,42,0,2214,2256,138371,0,0,0,0,0
2020-10-20,US,Texas,Parmer,538,17,0,34.52993409,-102.78446679999999,48369.0,5601.249349297241,3.159851301115242,521,532,16,0,516,532,9864,6,1,0,5,0
2020-10-20,US,Texas,Pecos,428,5,0,30.78097267,-102.72412609999999,48371.0,2704.9232130443024,1.1682242990654206,423,424,5,0,419,424,15673,4,0,0,4,0
2020-10-20,US,Texas,Polk,902,31,0,30.79472531,-94.82766240000001,48373.0,1756.4699238603393,3.436807095343681,871,902,30,0,872,902,50031,0,1,0,-1,0
2020-10-20,US,Texas,Potter,7342,96,0,35.40133773,-101.893964,48375.0,6253.034109781544,1.3075456278943067,7246,7239,92,0,7147,7130,119648,103,4,0,99,109
2020-10-20,US,Texas,Presidio,123,7,0,29.99954402,-104.24080790000001,48377.0,1834.72553699284,5.691056910569106,116,121,7,0,114,121,6948,2,0,0,2,0
2020-10-20,US,Texas,Rains,81,5,0,32.87109387,-95.79232691,48379.0,647.2750519418253,6.172839506172839,76,80,5,0,75,80,12159,1,0,0,1,0
2020-10-20,US,Texas,Randall,4406,49,0,34.96585996,-101.8971322,48381.0,3199.4074633476866,1.1121198365864728,4357,4291,49,0,4242,4291,136271,115,0,0,115,0
2020-10-20,US,Texas,Reagan,89,6,0,31.36607041,-101.52326590000001,48383.0,2312.288906209405,6.741573033707866,83,89,6,0,83,89,3741,0,0,0,0,0
2020-10-20,US,Texas,Real,108,8,0,29.83321503,-99.82018052,48385.0,3128.6210892236377,7.407407407407407,100,108,8,0,100,108,3478,0,0,0,0,0
2020-10-20,US,Texas,Red River,186,17,0,33.61886692,-95.04841765,48387.0,1547.0348498710807,9.13978494623656,169,181,15,0,166,181,12175,5,2,0,3,0
2020-10-20,US,Texas,Reeves,247,6,0,31.32323325,-103.69038959999999,48389.0,1546.0691036554833,2.42914979757085,241,242,6,0,236,242,15695,5,0,0,5,0
2020-10-20,US,Texas,Refugio,305,16,0,28.323897600000002,-97.15766311,48391.0,4389.752446747266,5.245901639344262,289,305,15,0,290,305,7032,0,1,0,-1,0
2020-10-20,US,Texas,Roberts,14,0,0,35.83809685,-100.813175,48393.0,1639.344262295082,0.0,14,14,0,0,14,14,903,0,0,0,0,0
2020-10-20,US,Texas,Robertson,403,4,0,31.02539637,-96.51272246,48395.0,2360.3139276092306,0.9925558312655088,399,402,4,0,398,402,17284,1,0,0,1,0
2020-10-20,US,Texas,Rockwall,1792,31,0,32.89779518,-96.40771592,48397.0,1708.049373302197,1.7299107142857142,1761,1792,31,0,1761,1792,100657,0,0,0,0,0
2020-10-20,US,Texas,Runnels,287,9,0,31.8314342,-99.97616148,48399.0,2796.1808261886213,3.1358885017421603,278,287,9,0,278,287,10234,0,0,0,0,0
2020-10-20,US,Texas,Rusk,984,21,0,32.10773545,-94.76176432,48401.0,1808.6240488181447,2.1341463414634148,963,954,20,0,934,955,54450,30,1,0,29,-1
2020-10-20,US,Texas,Sabine,89,9,0,31.34318809,-93.85440451,48403.0,844.2420793018402,10.112359550561797,80,87,9,0,78,87,10589,2,0,0,2,0
2020-10-20,US,Texas,San Augustine,213,15,0,31.39457611,-94.17000399,48405.0,2585.892922180405,7.042253521126762,198,213,15,0,198,213,8232,0,0,0,0,0
2020-10-20,US,Texas,San Jacinto,236,11,0,30.57933681,-95.16260304,48407.0,817.7691534703212,4.6610169491525415,225,235,11,0,224,231,28719,1,0,0,1,4
2020-10-20,US,Texas,San Patricio,1549,79,0,28.00880118,-97.51763891,48409.0,2321.29476996853,5.100064557779213,1470,1549,79,0,1470,1549,66893,0,0,0,0,0
2020-10-20,US,Texas,San Saba,110,0,0,31.1577796,-98.81758731,48411.0,1816.6804293971925,0.0,110,110,0,0,110,110,6054,0,0,0,0,0
2020-10-20,US,Texas,Schleicher,55,2,0,30.89740592,-100.5384842,48413.0,1969.2087361260294,3.636363636363636,53,55,2,0,53,55,2895,0,0,0,0,0
2020-10-20,US,Texas,Scurry,996,12,0,32.74613808,-100.91626640000001,48415.0,5963.00065856433,1.2048192771084338,984,957,11,0,946,957,16866,39,1,0,38,0
2020-10-20,US,Texas,Shackelford,34,0,0,32.73587756,-99.35401337,48417.0,1041.347626339969,0.0,34,34,0,0,34,34,3253,0,0,0,0,0
2020-10-20,US,Texas,Shelby,539,30,0,31.79211404,-94.14550696,48419.0,2132.6264144971115,5.565862708719852,509,539,30,0,509,538,25418,0,0,0,0,1
2020-10-20,US,Texas,Sherman,72,1,0,36.27751473,-101.8933156,48421.0,2382.528127068167,1.3888888888888888,71,72,1,0,71,72,3079,0,0,0,0,0
2020-10-20,US,Texas,Smith,4236,125,0,32.37474036,-95.27175679999999,48423.0,1819.9706982998998,2.9508970727101036,4111,4178,124,0,4054,4178,230221,58,1,0,57,0
2020-10-20,US,Texas,Somervell,154,5,0,32.22236802,-97.77403489,48425.0,1687.116564417178,3.2467532467532467,149,154,5,0,149,154,9016,0,0,0,0,0
2020-10-20,US,Texas,Starr,3492,179,0,26.56150059,-98.73892358,48427.0,5402.812804604459,5.126002290950745,3313,3477,179,0,3298,3477,64525,15,0,0,15,0
2020-10-20,US,Texas,Stephens,151,4,0,32.73553157,-98.83631615,48429.0,1612.2143924834506,2.6490066225165565,147,151,4,0,147,151,9433,0,0,0,0,0
2020-10-20,US,Texas,Sterling,12,0,0,31.82781912,-101.05007459999999,48431.0,929.5120061967468,0.0,12,11,0,0,11,11,1311,1,0,0,1,0
2020-10-20,US,Texas,Stonewall,18,1,0,33.17906744,-100.25384009999999,48433.0,1333.3333333333333,5.5555555555555545,17,18,1,0,17,18,1362,0,0,0,0,0
2020-10-20,US,Texas,Sutton,97,3,0,30.49856623,-100.5382014,48435.0,2568.85593220339,3.0927835051546397,94,95,3,0,92,95,3758,2,0,0,2,0
2020-10-20,US,Texas,Swisher,135,3,0,34.53028891,-101.73491740000001,48437.0,1825.0642152223875,2.2222222222222223,132,131,3,0,128,131,7462,4,0,0,4,0
2020-10-20,US,Texas,Tarrant,60162,786,0,32.77143818,-97.29101614,48439.0,2861.4302394988867,1.3064725241847013,59376,59662,784,0,58878,59274,2084931,500,2,0,498,388
2020-10-20,US,Texas,Taylor,1762,62,0,32.30163422,-99.89007449,48441.0,1276.4970949186431,3.5187287173666286,1700,1752,62,0,1690,1748,137640,10,0,0,10,4
2020-10-20,US,Texas,Terrell,4,0,0,30.22429013,-102.0766732,48443.0,515.4639175257731,0.0,4,4,0,0,4,4,823,0,0,0,0,0
2020-10-20,US,Texas,Terry,458,6,0,33.17402785,-102.3354521,48445.0,3712.4098241063466,1.310043668122271,452,440,6,0,434,440,12287,18,0,0,18,0
2020-10-20,US,Texas,Throckmorton,16,2,0,33.17751417,-99.21226795,48447.0,1065.9560293137909,12.5,14,16,2,0,14,16,1515,0,0,0,0,0
2020-10-20,US,Texas,Titus,1695,35,0,33.21339719,-94.96797273,48449.0,5175.572519083969,2.0648967551622417,1660,1650,35,0,1615,1650,33033,45,0,0,45,0
2020-10-20,US,Texas,Tom Green,4374,74,0,31.40464436,-100.46244300000001,48451.0,3669.463087248322,1.6918152720621855,4300,4328,74,0,4254,4290,118189,46,0,0,46,38
2020-10-20,US,Texas,Travis,31159,448,0,30.33432034,-97.78535620000001,48453.0,2445.849693160036,1.4377868352642895,30711,31053,446,0,30607,30956,1248743,106,2,0,104,97
2020-10-20,US,Texas,Trinity,204,7,0,31.0879489,-95.1367187,48455.0,1392.396423452324,3.431372549019608,197,201,7,0,194,200,14740,3,0,0,3,1
2020-10-20,US,Texas,Tyler,259,4,0,30.77031716,-94.37690895,48457.0,1195.0904392764858,1.5444015444015444,255,252,4,0,248,252,21696,7,0,0,7,0
2020-10-20,US,Texas,Upshur,463,12,0,32.73706798,-94.93999853,48459.0,1108.9023543218452,2.591792656587473,451,456,12,0,444,456,41260,7,0,0,7,0
2020-10-20,US,Texas,Upton,27,3,0,31.36868194,-102.0423217,48461.0,738.3100902378999,11.111111111111109,24,27,3,0,24,27,3671,0,0,0,0,0
2020-10-20,US,Texas,Uvalde,821,36,0,29.35739637,-99.76229172,48463.0,3070.191840245316,4.384896467722291,785,820,36,0,784,819,26846,1,0,0,1,1
2020-10-20,US,Texas,Val Verde,2421,124,0,29.89149232,-101.1525205,48465.0,4938.296787353391,5.1218504750103255,2297,2398,124,0,2274,2384,49208,23,0,0,23,14
2020-10-20,US,Texas,Van Zandt,656,25,0,32.56483801,-95.83766469,48467.0,1159.215409082877,3.8109756097560976,631,652,25,0,627,652,56019,4,0,0,4,0
2020-10-20,US,Texas,Victoria,4201,97,0,28.79780988,-96.96813006,48469.0,4562.138916641327,2.3089740537967147,4104,4193,97,0,4096,4193,92035,8,0,0,8,0
2020-10-20,US,Texas,Walker,3855,62,0,30.73872995,-95.57440968,48471.0,5282.920612298036,1.6083009079118031,3793,3855,61,0,3794,3855,72480,0,1,0,-1,0
2020-10-20,US,Texas,Waller,951,15,0,30.01058447,-95.99011759,48473.0,1721.3915939615536,1.5772870662460567,936,948,15,0,933,948,53126,3,0,0,3,0
2020-10-20,US,Texas,Ward,156,1,0,31.50999644,-103.09279090000001,48475.0,1300.2167027837972,0.6410256410256411,155,156,1,0,155,156,11720,0,0,0,0,0
2020-10-20,US,Texas,Washington,693,48,0,30.21498498,-96.40946246,48477.0,1931.3304721030042,6.926406926406926,645,692,48,0,644,692,35108,1,0,0,1,0
2020-10-20,US,Texas,Webb,14833,343,0,27.7610369,-99.33237355,48479.0,5361.609531107672,2.3124115148655027,14490,14669,337,0,14332,14669,275910,164,6,0,158,0
2020-10-20,US,Texas,Wharton,1415,58,0,29.27765923,-96.22319248,48481.0,3405.0437963230347,4.098939929328623,1357,1415,58,0,1357,1415,41619,0,0,0,0,0
2020-10-20,US,Texas,Wheeler,62,0,0,35.40114335,-100.26995140000001,48483.0,1226.26582278481,0.0,62,59,0,0,59,59,5191,3,0,0,3,0
2020-10-20,US,Texas,Wichita,3023,30,0,33.98842886,-98.70410340000001,48485.0,2286.1680405354305,0.9923916639100232,2993,2861,26,0,2835,2861,132064,162,4,0,158,0
2020-10-20,US,Texas,Wilbarger,281,3,0,34.07945812,-99.24178437,48487.0,2200.6421802803666,1.0676156583629892,278,281,3,0,278,281,12820,0,0,0,0,0
2020-10-20,US,Texas,Willacy,1202,55,0,26.47411727,-97.61535848,48489.0,5627.867777881824,4.575707154742097,1147,1200,55,0,1145,1200,21515,2,0,0,2,0
2020-10-20,US,Texas,Williamson,9137,151,0,30.64655664,-97.60048540000001,48491.0,1547.19914114107,1.6526212104629527,8986,9137,150,0,8987,9137,566719,0,1,0,-1,0
2020-10-20,US,Texas,Wilson,979,28,0,29.1732598,-98.08693082,48493.0,1916.9766986489133,2.8600612870275786,951,976,28,0,948,972,50224,3,0,0,3,4
2020-10-20,US,Texas,Winkler,133,4,0,31.85008651,-103.04851629999999,48495.0,1660.4244694132337,3.0075187969924815,129,130,4,0,126,130,7720,3,0,0,3,0
2020-10-20,US,Texas,Wise,848,15,0,33.21570665,-97.65460265,48497.0,1211.705532693187,1.768867924528302,833,848,15,0,833,848,68305,0,0,0,0,0
2020-10-20,US,Texas,Wood,610,35,0,32.78722382,-95.38236368,48499.0,1339.5111882123015,5.737704918032787,575,590,34,0,556,590,45129,20,1,0,19,0
2020-10-20,US,Texas,Yoakum,289,5,0,33.17320212,-102.82764329999999,48501.0,3316.882818776541,1.7301038062283738,284,284,5,0,279,284,8591,5,0,0,5,0
2020-10-20,US,Texas,Young,470,6,0,33.17659707,-98.68790885,48503.0,2609.661299278179,1.2765957446808511,464,470,6,0,464,470,18045,0,0,0,0,0
2020-10-20,US,Texas,Zapata,342,6,0,27.00156391,-99.16987152,48505.0,2412.017772762536,1.7543859649122806,336,342,6,0,336,342,14190,0,0,0,0,0
2020-10-20,US,Texas,Zavala,443,18,0,28.86617238,-99.76050829,48507.0,3741.554054054054,4.063205417607223,425,438,18,0,420,436,11983,5,0,0,5,2
2020-10-20,US,Utah,Bear River,4624,15,0,41.52106798,-113.08328159999999,0.0,2475.136228843045,0.32439446366782004,4609,4578,14,0,4564,4509,,46,1,0,45,69
2020-10-20,US,Utah,Central Utah,1077,6,0,39.37231946,-111.5758676,0.0,1314.151841276814,0.5571030640668524,1071,1072,6,0,1066,1058,,5,0,0,5,14
2020-10-20,US,Utah,Davis,7341,40,0,40.99001837,-112.1139997,49011.0,2065.0892734070176,0.5448848930663397,7301,7236,40,0,7196,7143,351713,105,0,0,105,93
2020-10-20,US,Utah,Salt Lake,41665,291,0,40.66616532,-111.92160109999999,49035.0,3590.457732733445,0.6984279371174847,41374,41213,289,0,40924,40713,1152633,452,2,0,450,500
2020-10-20,US,Utah,San Juan,769,30,0,37.62762978,-109.80337140000002,49037.0,5023.517115233864,3.901170351105332,739,759,29,0,730,754,15449,10,1,0,9,5
2020-10-20,US,Utah,Southeast Utah,373,3,0,38.99617072,-110.70139579999999,0.0,927.191826791618,0.8042895442359249,370,362,3,0,359,359,,11,0,0,11,3
2020-10-20,US,Utah,Southwest Utah,5423,46,0,37.85447192,-111.4418764,0.0,2151.6255227303386,0.8482389821132215,5377,5376,46,0,5330,5325,,47,0,0,47,51
2020-10-20,US,Utah,Summit,1238,1,0,40.86688146,-110.9535882,49043.0,2937.477755368371,0.08077544426494346,1237,1227,1,0,1226,1218,41933,11,0,0,11,9
2020-10-20,US,Utah,Tooele,1257,2,0,40.44862644,-113.12957150000001,49045.0,1739.5756929932604,0.15910898965791567,1255,1240,2,0,1238,1217,69907,17,0,0,17,23
2020-10-20,US,Utah,TriCounty,333,2,0,40.12491499,-109.5174415,0.0,588.1106283776624,0.6006006006006006,331,318,2,0,316,314,,15,0,0,15,4
2020-10-20,US,Utah,Utah,25772,74,0,40.116672200000004,-111.66576620000001,49049.0,4050.704535273916,0.2871333229861865,25698,25534,73,0,25461,25204,622213,238,1,0,237,330
2020-10-20,US,Utah,Wasatch,994,9,0,40.33110236,-111.1691419,49051.0,2915.725558065178,0.9054325955734408,985,986,9,0,977,979,33240,8,0,0,8,7
2020-10-20,US,Utah,Weber-Morgan,5777,32,0,41.27116049,-111.9145117,0.0,2121.268869084994,0.5539207200969362,5745,5661,32,0,5629,5601,,116,0,0,116,60
2020-10-20,US,Vermont,Addison,116,2,0,44.03217337,-73.14130877,50001.0,315.41452538271204,1.7241379310344829,114,114,2,0,112,114,36973,2,0,0,2,0
2020-10-20,US,Vermont,Bennington,134,1,0,43.03519828,-73.09048868,50003.0,377.7840428531153,0.746268656716418,133,133,1,0,132,133,35631,1,0,0,1,0
2020-10-20,US,Vermont,Caledonia,37,0,0,44.46548598,-72.10314651,50005.0,123.36211782749308,0.0,37,35,0,0,35,35,30302,2,0,0,2,0
2020-10-20,US,Vermont,Chittenden,906,39,0,44.46322849,-73.08359212,50007.0,553.2013628536887,4.304635761589403,867,905,39,0,866,902,164572,1,0,0,1,3
2020-10-20,US,Vermont,Essex,6,0,0,44.72736416,-71.73579864,50009.0,97.35518416355671,0.0,6,6,0,0,6,6,6250,0,0,0,0,0
2020-10-20,US,Vermont,Franklin,132,7,0,44.85627605,-72.91249563,50011.0,267.195660094733,5.303030303030303,125,132,7,0,125,132,49421,0,0,0,0,0
2020-10-20,US,Vermont,Grand Isle,16,0,0,44.797582399999996,-73.29679772,50013.0,221.147201105736,0.0,16,16,0,0,16,16,7090,0,0,0,0,0
2020-10-20,US,Vermont,Lamoille,61,1,0,44.60353043,-72.64356694,50015.0,240.51730936046056,1.639344262295082,60,62,1,0,61,62,25300,-1,0,0,-1,0
2020-10-20,US,Vermont,Orange,31,0,0,44.00470222,-72.37640104,50017.0,107.2961373390558,0.0,31,30,0,0,30,28,28999,1,0,0,1,2
2020-10-20,US,Vermont,Orleans,26,0,0,44.82964024,-72.24562697,50019.0,96.16451529385657,0.0,26,26,0,0,26,25,26907,0,0,0,0,1
2020-10-20,US,Vermont,Rutland,133,1,0,43.57723578,-73.03741676,50021.0,228.5576807410081,0.7518796992481203,132,133,1,0,132,133,58672,0,0,0,0,0
2020-10-20,US,Vermont,Unassigned,8,0,0,0.0,0.0,90050.0,0.0,0.0,8,8,0,0,8,8,,0,0,0,0,0
2020-10-20,US,Vermont,Washington,104,2,0,44.27343241,-72.61604978,50023.0,178.05475183618958,1.9230769230769231,102,101,2,0,99,99,58140,3,0,0,3,2
2020-10-20,US,Vermont,Windham,136,3,0,42.986982,-72.71268875,50025.0,322.1069584576761,2.2058823529411766,133,136,3,0,133,136,42756,0,0,0,0,0
2020-10-20,US,Vermont,Windsor,110,2,0,43.58010937,-72.58595157,50027.0,199.77479931713341,1.818181818181818,108,109,2,0,107,108,55286,1,0,0,1,1
2020-10-20,US,Virginia,Accomack,1202,19,0,37.76707161,-75.63234615,51001.0,3719.519742542394,1.5806988352745424,1183,1200,19,0,1181,1200,32412,2,0,0,2,0
2020-10-20,US,Virginia,Albemarle,1495,23,0,38.02080697,-78.55481085,51003.0,1367.4197384066588,1.5384615384615383,1472,1486,23,0,1463,1482,108718,9,0,0,9,4
2020-10-20,US,Virginia,Alexandria,4133,75,0,38.814003,-77.08183073,51510.0,2592.392804275284,1.8146624727800629,4058,4123,75,0,4048,4117,160530,10,0,0,10,6
2020-10-20,US,Virginia,Alleghany,89,4,0,37.78636074,-80.00222498,51005.0,598.9232839838493,4.49438202247191,85,84,4,0,80,84,14910,5,0,0,5,0
2020-10-20,US,Virginia,Amelia,139,6,0,37.34081025,-77.98584649,51007.0,1057.4362875618106,4.316546762589929,133,137,6,0,131,137,13013,2,0,0,2,0
2020-10-20,US,Virginia,Amherst,540,4,0,37.60308293,-79.14548696,51009.0,1708.5904129093499,0.7407407407407407,536,529,4,0,525,525,31666,11,0,0,11,4
2020-10-20,US,Virginia,Appomattox,269,5,0,37.37569884,-78.81340003,51011.0,1690.654264345421,1.858736059479554,264,269,5,0,264,266,15841,0,0,0,0,3
2020-10-20,US,Virginia,Arlington,4399,152,0,38.8767675,-77.10139853,51013.0,1857.3563810472808,3.455330756990225,4247,4384,152,0,4232,4372,237521,15,0,0,15,12
2020-10-20,US,Virginia,Augusta,622,8,0,38.16404586,-79.12461614,51015.0,823.2086608962651,1.2861736334405145,614,624,8,0,616,623,75457,-2,0,0,-2,1
2020-10-20,US,Virginia,Bath,22,0,0,38.05852573,-79.73912095,51017.0,530.5039787798407,0.0,22,22,0,0,22,22,4292,0,0,0,0,0
2020-10-20,US,Virginia,Bedford,1086,16,0,37.3080028,-79.5281964,51019.0,1374.7357494588402,1.4732965009208103,1070,1075,16,0,1059,1054,78747,11,0,0,11,21
2020-10-20,US,Virginia,Bland,64,5,0,37.13128068,-81.13599391,51021.0,1019.108280254777,7.8125,59,64,5,0,59,64,6293,0,0,0,0,0
2020-10-20,US,Virginia,Botetourt,357,12,0,37.55531756,-79.80982182,51023.0,1068.2545857147134,3.361344537815126,345,351,11,0,340,351,33277,6,1,0,5,0
2020-10-20,US,Virginia,Bristol,236,7,0,36.616302399999995,-82.16359122,51520.0,1407.9465457582626,2.9661016949152543,229,236,7,0,229,233,16482,0,0,0,0,3
2020-10-20,US,Virginia,Brunswick,412,5,0,36.76366949,-77.8593436,51025.0,2538.3525352720103,1.2135922330097086,407,410,5,0,405,408,16384,2,0,0,2,2
2020-10-20,US,Virginia,Buchanan,239,2,0,37.26818323,-82.03749726,51027.0,1137.8784993334602,0.8368200836820083,237,235,2,0,233,234,21221,4,0,0,4,1
2020-10-20,US,Virginia,Buckingham,725,9,0,37.57242268,-78.52518834,51029.0,4227.898297177513,1.2413793103448276,716,723,9,0,714,721,16999,2,0,0,2,2
2020-10-20,US,Virginia,Buena Vista,121,1,0,37.73484642,-79.35296097,51530.0,1867.8604507564066,0.8264462809917356,120,121,1,0,120,121,6237,0,0,0,0,0
2020-10-20,US,Virginia,Campbell,643,7,0,37.20553386,-79.09678609,51031.0,1171.5404937596793,1.088646967340591,636,634,6,0,628,628,54973,9,1,0,8,6
2020-10-20,US,Virginia,Caroline,402,5,0,38.02679129,-77.34901405,51033.0,1308.380797396257,1.243781094527363,397,400,5,0,395,399,30772,2,0,0,2,1
2020-10-20,US,Virginia,Carroll,568,27,0,36.73066666,-80.73455942,51035.0,1906.6160921083551,4.753521126760563,541,560,26,0,534,554,29636,8,1,0,7,6
2020-10-20,US,Virginia,Charles City,96,5,0,37.35358063,-77.05634116,51036.0,1378.7160706591985,5.208333333333333,91,95,5,0,90,95,6941,1,0,0,1,0
2020-10-20,US,Virginia,Charlotte,201,1,0,37.01909701,-78.66314092,51037.0,1691.919191919192,0.4975124378109453,200,198,0,0,198,197,11938,3,1,0,2,1
2020-10-20,US,Virginia,Charlottesville,1515,32,0,38.03527919,-78.48569588,51540.0,3205.2638260060085,2.1122112211221116,1483,1511,32,0,1479,1505,48117,4,0,0,4,6
2020-10-20,US,Virginia,Chesapeake,4763,79,0,36.67670048,-76.30545744,51550.0,1945.3917944738293,1.6586185177409196,4684,4748,79,0,4669,4730,242634,15,0,0,15,18
2020-10-20,US,Virginia,Chesterfield,6737,100,0,37.37373208,-77.58680140000001,51041.0,1909.5696736413056,1.48434021077631,6637,6695,99,0,6596,6679,348556,42,1,0,41,16
2020-10-20,US,Virginia,Clarke,115,1,0,39.11271747,-77.99199425,51043.0,786.647513509816,0.8695652173913043,114,113,1,0,112,112,14523,2,0,0,2,1
2020-10-20,US,Virginia,Colonial Heights,287,26,0,37.26420587,-77.39609676,51570.0,1652.2740356937247,9.059233449477352,261,286,26,0,260,286,17833,1,0,0,1,0
2020-10-20,US,Virginia,Covington,35,0,0,37.7824656,-79.98631446,51580.0,631.9971108703503,0.0,35,33,0,0,33,33,5460,2,0,0,2,0
2020-10-20,US,Virginia,Craig,42,0,0,37.48133648,-80.21072274,51045.0,818.5538881309686,0.0,42,42,0,0,42,42,5064,0,0,0,0,0
2020-10-20,US,Virginia,Culpeper,1321,18,0,38.48199985,-77.95630870000002,51047.0,2511.168139910655,1.3626040878122634,1303,1313,18,0,1295,1282,51859,8,0,0,8,31
2020-10-20,US,Virginia,Cumberland,113,2,0,37.51328851,-78.24398086,51049.0,1137.7366089407974,1.7699115044247788,111,111,2,0,109,112,9809,2,0,0,2,-1
2020-10-20,US,Virginia,Danville,1130,39,0,36.58022376,-79.40395668,51590.0,2821.8959144940563,3.4513274336283186,1091,1126,39,0,1087,1123,40693,4,0,0,4,3
2020-10-20,US,Virginia,Dickenson,121,1,0,37.12560977,-82.35124171,51051.0,845.0900963821762,0.8264462809917356,120,121,1,0,120,120,14523,0,0,0,0,1
2020-10-20,US,Virginia,Dinwiddie,485,12,0,37.07544585,-77.63451754,51053.0,1699.1311659192825,2.4742268041237114,473,481,12,0,469,478,28529,4,0,0,4,3
2020-10-20,US,Virginia,Emporia,278,27,0,36.69455571,-77.53406129,51595.0,5200.149644594088,9.712230215827338,251,276,27,0,249,275,5121,2,0,0,2,1
2020-10-20,US,Virginia,Essex,188,2,0,37.93357639,-76.94230311,51057.0,1716.424723819958,1.0638297872340423,186,189,2,0,187,188,10919,-1,0,0,-1,1
2020-10-20,US,Virginia,Fairfax,22769,602,0,38.83677558,-77.27565836,51059.0,1984.171247512052,2.643945715666037,22167,22687,602,0,22085,22616,1150795,82,0,0,82,71
2020-10-20,US,Virginia,Fairfax,22769,602,0,38.83677558,-77.27565836,51059.0,1984.171247512052,2.643945715666037,22167,22687,602,0,22085,22616,24574,82,0,0,82,71
2020-10-20,US,Virginia,Fairfax City,155,8,0,38.85157547,-77.29779640000002,51600.0,645.3224530579957,5.161290322580644,147,154,8,0,146,155,24574,1,0,0,1,-1
2020-10-20,US,Virginia,Falls Church,75,7,0,38.88485255,-77.17560759,51610.0,513.1011835533967,9.333333333333334,68,75,7,0,68,75,14772,0,0,0,0,0
2020-10-20,US,Virginia,Fauquier,1049,26,0,38.73564842,-77.80647472,51061.0,1472.8595097020584,2.478551000953289,1023,1041,26,0,1015,1036,70675,8,0,0,8,5
2020-10-20,US,Virginia,Floyd,233,16,0,36.9302126,-80.36738849,51063.0,1479.459013270684,6.866952789699571,217,232,16,0,216,232,15795,1,0,0,1,0
2020-10-20,US,Virginia,Fluvanna,410,9,0,37.84157909,-78.27715475,51065.0,1503.4836817015037,2.1951219512195124,401,410,9,0,401,409,26783,0,0,0,0,1
2020-10-20,US,Virginia,Franklin,194,1,0,36.99536167,-79.88023649,51067.0,346.1689447200313,0.5154639175257731,193,194,1,0,193,194,56195,0,0,0,0,0
2020-10-20,US,Virginia,Franklin,194,1,0,36.99536167,-79.88023649,51067.0,346.1689447200313,0.5154639175257731,193,194,1,0,193,194,8013,0,0,0,0,0
2020-10-20,US,Virginia,Franklin City,477,12,0,36.6831435,-76.93859681,51620.0,5987.1971884021605,2.5157232704402515,465,475,12,0,463,474,8013,2,0,0,2,1
2020-10-20,US,Virginia,Frederick,1107,13,0,39.20172582,-78.25974949,51069.0,1239.4612206509692,1.1743450767841013,1094,1097,13,0,1084,1085,88355,10,0,0,10,12
2020-10-20,US,Virginia,Fredericksburg,573,5,0,38.2977863,-77.4922454,51630.0,1973.4123157459705,0.8726003490401396,568,573,5,0,568,572,29144,0,0,0,0,1
2020-10-20,US,Virginia,Galax,433,30,0,36.66601852,-80.91703124,51640.0,6822.120686938712,6.928406466512703,403,431,30,0,401,431,6423,2,0,0,2,0
2020-10-20,US,Virginia,Giles,114,0,0,37.31234791,-80.70636931,51071.0,681.8181818181819,0.0,114,114,0,0,114,112,16844,0,0,0,0,2
2020-10-20,US,Virginia,Gloucester,333,3,0,37.40809042,-76.53524337,51073.0,891.6140087822641,0.9009009009009008,330,333,3,0,330,333,37349,0,0,0,0,0
2020-10-20,US,Virginia,Goochland,312,7,0,37.71714806,-77.90381514,51075.0,1313.51829242622,2.243589743589744,305,309,7,0,302,309,23244,3,0,0,3,0
2020-10-20,US,Virginia,Grayson,365,18,0,36.65677234,-81.23215889,51077.0,2347.2668810289388,4.931506849315068,347,360,18,0,342,357,15631,5,0,0,5,3
2020-10-20,US,Virginia,Greene,269,3,0,38.29545894,-78.46525378,51079.0,1357.2834149048892,1.1152416356877324,266,269,3,0,266,267,19779,0,0,0,0,2
2020-10-20,US,Virginia,Greensville,887,13,0,36.67878901,-77.56351439,51081.0,7824.6294989414255,1.4656144306651635,874,887,13,0,874,885,11627,0,0,0,0,2
2020-10-20,US,Virginia,Halifax,459,7,0,36.76654925,-78.93512622,51083.0,1353.543098109758,1.5250544662309369,452,458,7,0,451,451,34120,1,0,0,1,7
2020-10-20,US,Virginia,Hampton,2058,32,0,37.03513786,-76.35879121,51650.0,1529.9977696825515,1.554907677356657,2026,2039,31,0,2008,2033,134313,19,1,0,18,6
2020-10-20,US,Virginia,Hanover,1545,41,0,37.7583355,-77.49464673,51085.0,1433.6618228383718,2.6537216828478964,1504,1537,41,0,1496,1531,107239,8,0,0,8,6
2020-10-20,US,Virginia,Harrisonburg,2934,35,0,38.43542574,-78.87536254,51660.0,5534.178361249434,1.1929107021131562,2899,2931,35,0,2896,2919,54033,3,0,0,3,12
2020-10-20,US,Virginia,Henrico,6006,227,0,37.53460572,-77.39326555,51087.0,1815.499761198,3.77955377955378,5779,5970,224,0,5746,5962,329261,36,3,0,33,8
2020-10-20,US,Virginia,Henry,1250,31,0,36.68542395,-79.87634026,51089.0,2472.4568309037318,2.48,1219,1248,31,0,1217,1246,50953,2,0,0,2,2
2020-10-20,US,Virginia,Highland,9,0,0,38.35799465,-79.56124594,51091.0,410.958904109589,0.0,9,9,0,0,9,9,2210,0,0,0,0,0
2020-10-20,US,Virginia,Hopewell,487,7,0,37.29186313,-77.29754684,51670.0,2161.6583070708866,1.4373716632443532,480,482,7,0,475,478,22596,5,0,0,5,4
2020-10-20,US,Virginia,Isle of Wight,831,24,0,36.90579348,-76.70842863,51093.0,2239.348944999865,2.888086642599278,807,822,23,0,799,819,36953,9,1,0,8,3
2020-10-20,US,Virginia,James City,927,22,0,37.31156958,-76.76950618,51095.0,1211.4004939691335,2.373247033441208,905,922,21,0,901,919,76397,5,1,0,4,3
2020-10-20,US,Virginia,King George,265,4,0,38.26818502,-77.15852768,51099.0,987.479505142346,1.509433962264151,261,262,4,0,258,261,26575,3,0,0,3,1
2020-10-20,US,Virginia,King William,191,2,0,37.70965316,-77.09384941,51101.0,1113.8325169115933,1.0471204188481675,189,188,2,0,186,187,16939,3,0,0,3,1
2020-10-20,US,Virginia,King and Queen,86,1,0,37.71044922,-76.88689628,51097.0,1224.1992882562276,1.162790697674419,85,86,1,0,85,86,7042,0,0,0,0,0
2020-10-20,US,Virginia,Lancaster,175,1,0,37.71889653,-76.46400482,51103.0,1650.4762802980288,0.5714285714285714,174,174,0,0,174,171,10783,1,1,0,0,3
2020-10-20,US,Virginia,Lee,400,9,0,36.70586667,-83.12606515,51105.0,1707.7231780728346,2.25,391,392,9,0,383,392,23541,8,0,0,8,0
2020-10-20,US,Virginia,Lexington,208,1,0,37.78258621,-79.44262866,51678.0,2793.4461455815203,0.4807692307692308,207,205,1,0,204,205,7136,3,0,0,3,0
2020-10-20,US,Virginia,Loudoun,7599,130,0,39.08990083,-77.63481877,51107.0,1837.5578544172488,1.7107514146598235,7469,7576,129,0,7447,7558,406850,23,1,0,22,18
2020-10-20,US,Virginia,Louisa,375,7,0,37.97850256,-77.96274807,51109.0,997.5792077890984,1.8666666666666667,368,373,7,0,366,370,36778,2,0,0,2,3
2020-10-20,US,Virginia,Lunenburg,145,3,0,36.94618528,-78.24133319,51111.0,1188.9143981633322,2.0689655172413794,142,142,3,0,139,140,12086,3,0,0,3,2
2020-10-20,US,Virginia,Lynchburg,1844,24,0,37.40021399,-79.19888138,51680.0,2244.182650180119,1.3015184381778742,1820,1826,23,0,1803,1815,82126,18,1,0,17,11
2020-10-20,US,Virginia,Madison,123,3,0,38.41531222,-78.28220331,51113.0,927.5318603423572,2.4390243902439024,120,122,3,0,119,122,13295,1,0,0,1,0
2020-10-20,US,Virginia,Manassas,2013,27,0,38.7464321,-77.48509905,51683.0,4899.598393574297,1.3412816691505216,1986,2014,26,0,1988,2011,41641,-1,1,0,-2,3
2020-10-20,US,Virginia,Manassas Park,632,8,0,38.77058531,-77.44399307,51685.0,3615.9743677766332,1.2658227848101269,624,631,8,0,623,631,17307,1,0,0,1,0
2020-10-20,US,Virginia,Martinsville,460,23,0,36.68212094,-79.86352771,51690.0,3664.1707822208064,5.0,437,458,23,0,435,455,12902,2,0,0,2,3
2020-10-20,US,Virginia,Mathews,126,0,0,37.44164146,-76.34098896,51115.0,1426.3074484944532,0.0,126,131,0,0,131,131,8802,-5,0,0,-5,0
2020-10-20,US,Virginia,Mecklenburg,850,34,0,36.67882005,-78.36131056,51117.0,2778.958381011541,4.0,816,850,34,0,816,848,30650,0,0,0,0,2
2020-10-20,US,Virginia,Middlesex,140,11,0,37.63191998,-76.55064617,51119.0,1323.001323001323,7.857142857142858,129,140,11,0,129,139,10769,0,0,0,0,1
2020-10-20,US,Virginia,Montgomery,2549,5,0,37.17746986,-80.37868691,51121.0,2586.8980565281367,0.19615535504119266,2544,2529,5,0,2524,2508,98985,20,0,0,20,21
2020-10-20,US,Virginia,Nelson,126,2,0,37.78790447,-78.88498513,51125.0,843.9383791024782,1.5873015873015872,124,125,2,0,123,125,14836,1,0,0,1,0
2020-10-20,US,Virginia,New Kent,268,3,0,37.50694406,-76.99828634,51127.0,1160.6253518686935,1.1194029850746268,265,267,3,0,264,263,22391,1,0,0,1,4
2020-10-20,US,Virginia,Newport News,3071,50,0,37.08166899,-76.51754109,51700.0,1713.4886316083137,1.6281341582546405,3021,3051,49,0,3002,3044,178626,20,1,0,19,7
2020-10-20,US,Virginia,Norfolk,5209,84,0,36.89934014,-76.26420872,51710.0,2145.8997618871067,1.6125935880207334,5125,5179,84,0,5095,5179,244076,30,0,0,30,0
2020-10-20,US,Virginia,Northampton,314,31,0,37.34062933,-75.87751591,51131.0,2681.468830059778,9.872611464968152,283,314,31,0,283,312,11735,0,0,0,0,2
2020-10-20,US,Virginia,Northumberland,208,7,0,37.89202088,-76.41949732,51133.0,1719.7188921041752,3.3653846153846154,201,208,7,0,201,208,12147,0,0,0,0,0
2020-10-20,US,Virginia,Norton,45,0,0,36.93357076,-82.62750411,51720.0,1130.3692539562926,0.0,45,44,0,0,44,44,3968,1,0,0,1,0
2020-10-20,US,Virginia,Nottoway,334,20,0,37.1435975,-78.05065922,51135.0,2192.752100840336,5.9880239520958085,314,329,20,0,309,329,15420,5,0,0,5,0
2020-10-20,US,Virginia,Orange,376,5,0,38.24530219,-78.01560400000002,51137.0,1014.8174138349844,1.3297872340425532,371,373,5,0,368,371,36644,3,0,0,3,2
2020-10-20,US,Virginia,Page,459,30,0,38.61807452,-78.48797204,51139.0,1920.3413940256048,6.5359477124183005,429,457,30,0,427,455,23933,2,0,0,2,2
2020-10-20,US,Virginia,Patrick,306,26,0,36.680163799999995,-80.2865648,51141.0,1737.8464334393454,8.49673202614379,280,302,26,0,276,301,17673,4,0,0,4,1
2020-10-20,US,Virginia,Petersburg,885,29,0,37.20530399,-77.39368102,51730.0,2823.32674025394,3.2768361581920904,856,877,29,0,848,867,31567,8,0,0,8,10
2020-10-20,US,Virginia,Pittsylvania,1227,17,0,36.81980341,-79.39731264,51143.0,2033.0052689134106,1.3854930725346373,1210,1220,16,0,1204,1218,60949,7,1,0,6,2
2020-10-20,US,Virginia,Poquoson,89,2,0,37.14259351,-76.35798148,51735.0,725.2872626517807,2.247191011235955,87,89,2,0,87,88,12190,0,0,0,0,1
2020-10-20,US,Virginia,Portsmouth,2730,65,0,36.85914825,-76.35971629,51740.0,2892.01042394966,2.380952380952381,2665,2724,65,0,2659,2719,94632,6,0,0,6,5
2020-10-20,US,Virginia,Powhatan,283,5,0,37.55016038,-77.91267882,51145.0,954.404424659382,1.7667844522968197,278,280,5,0,275,280,29189,3,0,0,3,0
2020-10-20,US,Virginia,Prince Edward,725,13,0,37.22554789,-78.43597949,51147.0,3179.5456538900103,1.7931034482758617,712,720,13,0,707,715,22950,5,0,0,5,5
2020-10-20,US,Virginia,Prince George,1054,6,0,37.18497668,-77.22922187,51149.0,2748.1552942403464,0.5692599620493358,1048,1049,6,0,1043,1031,38082,5,0,0,5,18
2020-10-20,US,Virginia,Prince William,13674,221,0,38.70916224,-77.48713689,51153.0,2907.289485154199,1.6162059382770222,13453,13612,218,0,13394,13556,468011,62,3,0,59,56
2020-10-20,US,Virginia,Pulaski,273,6,0,37.06474963,-80.71229738,51155.0,802.3040526640608,2.1978021978021984,267,269,6,0,263,267,34066,4,0,0,4,2
2020-10-20,US,Virginia,Radford,870,1,0,37.12222899,-80.56027320000003,51750.0,4767.384514219957,0.11494252873563217,869,862,1,0,861,846,18339,8,0,0,8,16
2020-10-20,US,Virginia,Rappahannock,67,2,0,38.68295619,-78.15826963,51157.0,909.0909090909092,2.985074626865672,65,66,2,0,64,65,7252,1,0,0,1,1
2020-10-20,US,Virginia,Richmond,364,4,0,37.937575,-76.72920628,51159.0,4034.134988363072,1.0989010989010992,360,376,4,0,372,375,9038,-12,0,0,-12,1
2020-10-20,US,Virginia,Richmond City,5134,64,0,37.53255773,-77.47966921,51760.0,2227.9504938464474,1.2465913517724971,5070,5109,64,0,5045,5100,228783,25,0,0,25,9
2020-10-20,US,Virginia,Roanoke,1303,10,0,37.26865804,-80.06396753,51161.0,1383.4327819421146,0.7674597083653109,1293,1271,9,0,1262,1261,94073,32,1,0,31,10
2020-10-20,US,Virginia,Roanoke City,2445,35,0,37.27791025,-79.96189766,51770.0,2466.134775021938,1.4314928425357871,2410,2385,35,0,2350,2351,99920,60,0,0,60,34
2020-10-20,US,Virginia,Rockbridge,147,3,0,37.81204314,-79.44605905,51163.0,651.2204846498029,2.0408163265306123,144,147,3,0,144,147,22752,0,0,0,0,0
2020-10-20,US,Virginia,Rockingham,1699,25,0,38.51006137,-78.87260325,51165.0,2073.265973544199,1.4714537963507943,1674,1697,25,0,1672,1692,81244,2,0,0,2,5
2020-10-20,US,Virginia,Russell,414,8,0,36.93028320000001,-82.10095486,51167.0,1557.2105619498984,1.932367149758454,406,410,8,0,402,409,26748,4,0,0,4,1
2020-10-20,US,Virginia,Salem,471,6,0,37.2836193,-80.06219455,51775.0,1861.5864985573687,1.2738853503184713,465,447,6,0,441,439,25643,24,0,0,24,8
2020-10-20,US,Virginia,Scott,289,5,0,36.71466456,-82.60171704,51169.0,1340.0723360845775,1.7301038062283738,284,279,5,0,274,272,21534,10,0,0,10,7
2020-10-20,US,Virginia,Shenandoah,930,60,0,38.85905135,-78.56813762,51171.0,2132.2450476889217,6.451612903225807,870,924,59,0,865,915,43497,6,1,0,5,9
2020-10-20,US,Virginia,Smyth,603,24,0,36.84455636,-81.53344948,51173.0,2003.0560722827527,3.9800995024875614,579,596,24,0,572,589,30472,7,0,0,7,7
2020-10-20,US,Virginia,Southampton,904,32,0,36.72231125,-77.10642712,51175.0,5127.33253927741,3.5398230088495577,872,898,31,0,867,898,17586,6,1,0,5,0
2020-10-20,US,Virginia,Spotsylvania,2343,47,0,38.18574462,-77.655399,51177.0,1720.0748816209668,2.0059752454118653,2296,2327,47,0,2280,2318,134238,16,0,0,16,9
2020-10-20,US,Virginia,Stafford,2279,19,0,38.41758738,-77.45917053,51179.0,1490.692167815701,0.8336989907854322,2260,2267,19,0,2248,2260,149960,12,0,0,12,7
2020-10-20,US,Virginia,Staunton,360,1,0,38.15965544,-79.05979937,51790.0,1443.9274827530883,0.2777777777777778,359,354,1,0,353,351,24922,6,0,0,6,3
2020-10-20,US,Virginia,Suffolk,2256,78,0,36.70155394,-76.63603554,51800.0,2449.2986494115603,3.4574468085106385,2178,2249,78,0,2171,2245,91185,7,0,0,7,4
2020-10-20,US,Virginia,Surry,137,5,0,37.11781893,-76.88450012,51181.0,2133.2918094051693,3.6496350364963503,132,138,5,0,133,137,6474,-1,0,0,-1,1
2020-10-20,US,Virginia,Sussex,636,12,0,36.92432914,-77.25791182,51183.0,5699.435433282552,1.8867924528301887,624,649,12,0,637,640,11237,-13,0,0,-13,9
2020-10-20,US,Virginia,Tazewell,421,2,0,37.12191123,-81.56685568,51185.0,1037.073531223057,0.4750593824228028,419,418,2,0,416,417,40855,3,0,0,3,1
2020-10-20,US,Virginia,Virginia Beach,7593,102,0,36.73285734,-76.04566934,51810.0,1687.430829336806,1.3433425523508495,7491,7553,102,0,7451,7537,450189,40,0,0,40,16
2020-10-20,US,Virginia,Warren,529,17,0,38.90847745,-78.20280433,51187.0,1317.0998904491585,3.2136105860113418,512,520,14,0,506,517,40003,9,3,0,6,3
2020-10-20,US,Virginia,Washington,845,25,0,36.72341572,-81.95666289,51191.0,1572.3855601042055,2.9585798816568047,820,841,23,0,818,833,54402,4,2,0,2,8
2020-10-20,US,Virginia,Waynesboro,367,3,0,38.06451466,-78.90293905,51820.0,1621.741051701281,0.8174386920980926,364,362,3,0,359,355,22628,5,0,0,5,7
2020-10-20,US,Virginia,Westmoreland,331,5,0,38.11021557,-76.80213247,51193.0,1837.3577574243689,1.5105740181268883,326,333,5,0,328,333,17830,-2,0,0,-2,0
2020-10-20,US,Virginia,Williamsburg,210,8,0,37.28131268,-76.70905141,51830.0,1404.3065400561725,3.809523809523809,202,209,8,0,201,204,14896,1,0,0,1,5
2020-10-20,US,Virginia,Winchester,568,4,0,39.17054517,-78.17325058,51840.0,2022.9361065602966,0.7042253521126759,564,563,4,0,559,558,28108,5,0,0,5,5
2020-10-20,US,Virginia,Wise,534,9,0,36.9746148,-82.62410519,51195.0,1428.4567851697295,1.6853932584269662,525,527,9,0,518,520,38012,7,0,0,7,7
2020-10-20,US,Virginia,Wythe,313,6,0,36.91582035,-81.07834059,51197.0,1091.2006693627106,1.9169329073482428,307,314,6,0,308,313,28754,-1,0,0,-1,1
2020-10-20,US,Virginia,York,620,9,0,37.24374789,-76.54412815,51199.0,908.0257762155827,1.4516129032258065,611,617,9,0,608,616,67846,3,0,0,3,1
2020-10-20,US,Washington,Adams,908,10,0,46.98299757,-118.56017340000001,53001.0,4543.862282940499,1.1013215859030836,898,909,10,0,899,908,19759,-1,0,0,-1,1
2020-10-20,US,Washington,Asotin,194,7,0,46.18894415,-117.2022851,53003.0,859.0913116641573,3.608247422680413,187,194,6,0,188,182,22610,0,1,0,-1,12
2020-10-20,US,Washington,Benton,5033,135,0,46.23946995,-119.51208340000001,53005.0,2462.449239199569,2.682296840850388,4898,5017,133,0,4884,4982,201877,16,2,0,14,35
2020-10-20,US,Washington,Chelan,1959,17,0,47.87046092,-120.6173956,53007.0,2537.564766839378,0.8677896886166412,1942,1954,16,0,1938,1954,77036,5,1,0,4,0
2020-10-20,US,Washington,Clallam,252,1,0,48.04754642,-123.92263190000001,53009.0,325.87190130736695,0.3968253968253968,251,252,1,0,251,250,76737,0,0,0,0,2
2020-10-20,US,Washington,Clark,4061,77,0,45.77568046,-122.48292040000001,53011.0,831.7613637527368,1.8960847081999508,3984,3997,77,0,3920,3976,481857,64,0,0,64,21
2020-10-20,US,Washington,Columbia,14,1,0,46.29442881,-117.9051983,53013.0,351.3174404015057,7.142857142857142,13,14,1,0,13,14,4059,0,0,0,0,0
2020-10-20,US,Washington,Cowlitz,773,7,0,46.19074721,-122.6782231,53015.0,698.9592469686148,0.9055627425614488,766,766,7,0,759,761,108987,7,0,0,7,5
2020-10-20,US,Washington,Douglas,1225,9,0,47.7361335,-119.69293700000001,53017.0,2820.695848396233,0.7346938775510204,1216,1223,9,0,1214,1223,42907,2,0,0,2,0
2020-10-20,US,Washington,Ferry,33,0,0,48.471143100000006,-118.5154041,53019.0,432.6733971417334,0.0,33,32,0,0,32,31,7649,1,0,0,1,1
2020-10-20,US,Washington,Franklin,4672,67,0,46.53351425,-118.9018212,53021.0,4906.429186532524,1.4340753424657535,4605,4659,67,0,4592,4637,94347,13,0,0,13,22
2020-10-20,US,Washington,Garfield,14,0,0,46.43197502,-117.54540320000001,53023.0,629.2134831460675,0.0,14,14,0,0,14,14,2247,0,0,0,0,0
2020-10-20,US,Washington,Grant,3284,26,0,47.20753737,-119.4500749,53025.0,3360.1751711295065,0.7917174177831913,3258,3264,25,0,3239,3257,97331,20,1,0,19,7
2020-10-20,US,Washington,Grays Harbor,643,11,0,47.14003705,-123.7820567,53027.0,856.6366022301863,1.7107309486780715,632,641,11,0,630,640,73901,2,0,0,2,1
2020-10-20,US,Washington,Island,361,12,0,48.14713305,-122.5216407,53029.0,424.0025369680881,3.324099722991689,349,359,12,0,347,361,84460,2,0,0,2,-2
2020-10-20,US,Washington,Jefferson,81,0,0,47.75003077,-123.56097040000002,53031.0,251.38884578380558,0.0,81,81,0,0,81,81,31729,0,0,0,0,0
2020-10-20,US,Washington,King,25329,800,0,47.49137892,-121.8346131,53033.0,1124.3431454974339,3.158434995459749,24529,25219,794,0,24425,25093,2233163,110,6,0,104,126
2020-10-20,US,Washington,Kitsap,1425,21,0,47.63479026,-122.6436061,53035.0,524.9140798532452,1.4736842105263157,1404,1416,21,0,1395,1413,269805,9,0,0,9,3
2020-10-20,US,Washington,Kittitas,675,22,0,47.12521214,-120.67943899999999,53037.0,1408.1568791071247,3.2592592592592586,653,668,22,0,646,666,47364,7,0,0,7,2
2020-10-20,US,Washington,Klickitat,205,3,0,45.87325839,-120.7913598,53039.0,914.1583054626532,1.4634146341463414,202,204,3,0,201,204,22107,1,0,0,1,0
2020-10-20,US,Washington,Lewis,670,12,0,46.57756476,-122.39257690000001,53041.0,830.1634306813536,1.791044776119403,658,667,11,0,656,659,79604,3,1,0,2,8
2020-10-20,US,Washington,Lincoln,66,2,0,47.57705241,-118.41943880000001,53043.0,603.3458268580308,3.0303030303030303,64,65,2,0,63,64,10740,1,0,0,1,1
2020-10-20,US,Washington,Mason,499,9,0,47.35007586,-123.1863685,53045.0,747.3640067098012,1.8036072144288575,490,498,9,0,489,492,65507,1,0,0,1,6
2020-10-20,US,Washington,Okanogan,1092,10,0,48.54855019,-119.73872240000001,53047.0,2585.043675875293,0.9157509157509156,1082,1090,10,0,1080,1090,42132,2,0,0,2,0
2020-10-20,US,Washington,Pacific,112,3,0,46.55418369,-123.7285716,53049.0,498.4201860175337,2.6785714285714284,109,112,3,0,109,112,22036,0,0,0,0,0
2020-10-20,US,Washington,Pend Oreille,133,1,0,48.53234021,-117.2741804,53051.0,969.1052171378607,0.7518796992481203,132,132,1,0,131,127,13602,1,0,0,1,5
2020-10-20,US,Washington,Pierce,9357,218,0,47.03892768,-122.14059579999999,53053.0,1033.9455015580454,2.3298065619322434,9139,9324,219,0,9105,9262,891299,33,-1,0,34,62
2020-10-20,US,Washington,San Juan,30,0,0,48.60182783,-122.96745,53055.0,170.62905243999546,0.0,30,30,0,0,30,30,17128,0,0,0,0,0
2020-10-20,US,Washington,Skagit,1210,23,0,48.48171488,-121.766131,53057.0,936.4962656243954,1.900826446280992,1187,1202,23,0,1179,1200,128206,8,0,0,8,2
2020-10-20,US,Washington,Skamania,72,1,0,46.02408726,-121.91644029999999,53059.0,595.8785069932964,1.3888888888888888,71,71,1,0,70,70,11924,1,0,0,1,1
2020-10-20,US,Washington,Snohomish,8102,225,0,48.04615983,-121.7170703,53061.0,985.5452551628,2.7770920760306095,7877,8021,223,0,7798,7975,814901,81,2,0,79,46
2020-10-20,US,Washington,Spokane,8679,191,0,47.62113146,-117.4046494,53063.0,1660.1058152479543,2.200714368014748,8488,8615,186,0,8429,8548,514631,64,5,0,59,67
2020-10-20,US,Washington,Stevens,237,5,0,48.40035475,-117.8542701,53065.0,518.3386916868972,2.109704641350211,232,236,5,0,231,236,45260,1,0,0,1,0
2020-10-20,US,Washington,Thurston,1432,22,0,46.9291895,-122.82906559999999,53067.0,492.88212132059374,1.5363128491620113,1410,1425,21,0,1404,1415,286419,7,1,0,6,10
2020-10-20,US,Washington,Unassigned,350,3,0,0.0,0.0,90053.0,0.0,0.8571428571428571,347,367,4,0,363,376,,-17,-1,0,-16,-9
2020-10-20,US,Washington,Wahkiakum,10,0,0,46.29180039999999,-123.4250831,53069.0,222.81639928698758,0.0,10,10,0,0,10,10,4426,0,0,0,0,0
2020-10-20,US,Washington,Walla Walla,1010,6,0,46.23040051,-118.4775539,53071.0,1662.277814351547,0.594059405940594,1004,1003,6,0,997,995,60922,7,0,0,7,8
2020-10-20,US,Washington,Whatcom,1524,49,0,48.82227976,-121.74900179999999,53073.0,664.7851444075603,3.2152230971128613,1475,1518,49,0,1469,1515,225685,6,0,0,6,3
2020-10-20,US,Washington,Whitman,1689,9,0,46.90022523,-117.52417630000001,53075.0,3370.9883442439727,0.5328596802841918,1680,1679,3,0,1676,1670,49791,10,6,0,4,9
2020-10-20,US,Washington,Yakima,11735,267,0,46.45738486,-120.73801259999999,53077.0,4677.665591753596,2.2752449936088626,11468,11713,267,0,11446,11708,251446,22,0,0,22,5
2020-10-20,US,West Virginia,Barbour,165,1,0,39.1307219,-80.00350858,54001.0,1003.5885895018553,0.6060606060606061,164,164,1,0,163,163,16535,1,0,0,1,1
2020-10-20,US,West Virginia,Berkeley,1443,17,0,39.46704621,-78.02414609,54003.0,1210.8650594523835,1.1781011781011779,1426,1425,17,0,1408,1390,117123,18,0,0,18,35
2020-10-20,US,West Virginia,Boone,302,3,0,38.01974191,-81.69888019,54005.0,1407.466094980659,0.9933774834437086,299,299,3,0,296,292,21951,3,0,0,3,7
2020-10-20,US,West Virginia,Braxton,43,0,0,38.70036159,-80.72011184,54007.0,308.0891309020563,0.0,43,40,0,0,40,37,14089,3,0,0,3,3
2020-10-20,US,West Virginia,Brooke,199,2,0,40.27367263,-80.57915332,54009.0,907.0604858927023,1.0050251256281406,197,196,1,0,195,194,22203,3,1,0,2,2
2020-10-20,US,West Virginia,Cabell,1212,18,0,38.42424062,-82.23855912,54011.0,1318.1793463483605,1.4851485148514851,1194,1197,16,0,1181,1190,93224,15,2,0,13,7
2020-10-20,US,West Virginia,Calhoun,33,0,0,38.84315422,-81.11934872,54013.0,464.20030946687297,0.0,33,32,0,0,32,32,7254,1,0,0,1,0
2020-10-20,US,West Virginia,Clay,55,3,0,38.46231092,-81.07652217,54015.0,646.4503996238834,5.454545454545454,52,55,2,0,53,55,8632,0,1,0,-1,0
2020-10-20,US,West Virginia,Doddridge,66,1,0,39.27057157,-80.70671527,54017.0,781.25,1.5151515151515151,65,65,1,0,64,65,8406,1,0,0,1,0
2020-10-20,US,West Virginia,Fayette,722,20,0,38.02974928,-81.08286634,54019.0,1702.5892562373251,2.770083102493075,702,720,20,0,700,716,43018,2,0,0,2,4
2020-10-20,US,West Virginia,Gilmer,64,0,0,38.9251277,-80.85952723,54021.0,818.100472964336,0.0,64,64,0,0,64,62,8026,0,0,0,0,2
2020-10-20,US,West Virginia,Grant,178,8,0,39.10314817,-79.19440518,54023.0,1538.7275242047024,4.49438202247191,170,178,8,0,170,178,11626,0,0,0,0,0
2020-10-20,US,West Virginia,Greenbrier,161,3,0,37.9463652,-80.45335881,54025.0,464.485603831285,1.8633540372670807,158,160,3,0,157,156,34786,1,0,0,1,4
2020-10-20,US,West Virginia,Hampshire,119,1,0,39.32103553,-78.60826476,54027.0,513.4843581445523,0.8403361344537815,118,119,1,0,118,119,23347,0,0,0,0,0
2020-10-20,US,West Virginia,Hancock,194,0,0,40.51943859,-80.57461608,54029.0,673.3772995487677,0.0,194,191,0,0,191,191,29094,3,0,0,3,0
2020-10-20,US,West Virginia,Hardy,102,1,0,39.00683177,-78.85855301,54031.0,740.4181184668988,0.9803921568627452,101,101,1,0,100,101,13775,1,0,0,1,0
2020-10-20,US,West Virginia,Harrison,625,11,0,39.2853852,-80.37919577,54033.0,929.2851195432378,1.76,614,625,10,0,615,623,67554,0,1,0,-1,2
2020-10-20,US,West Virginia,Jackson,358,24,0,38.84263974,-81.68148753,54035.0,1252.7995520716686,6.70391061452514,334,355,24,0,331,348,28706,3,0,0,3,7
2020-10-20,US,West Virginia,Jefferson,532,4,0,39.30776166,-77.86014147,54037.0,930.94879781612,0.7518796992481203,528,525,4,0,521,521,56811,7,0,0,7,4
2020-10-20,US,West Virginia,Kanawha,3360,101,0,38.33860077,-81.52857054,54039.0,1886.3263793761648,3.0059523809523814,3259,3340,101,0,3239,3320,180454,20,0,0,20,20
2020-10-20,US,West Virginia,Lewis,66,2,0,38.9947249,-80.49988181,54041.0,414.9116741057396,3.0303030303030303,64,66,2,0,64,65,16024,0,0,0,0,1
2020-10-20,US,West Virginia,Lincoln,217,2,0,38.172154,-82.07017953,54043.0,1063.256406487334,0.9216589861751152,215,214,2,0,212,212,20599,3,0,0,3,2
2020-10-20,US,West Virginia,Logan,716,45,0,37.8299889,-81.93528571,54045.0,2236.1722727130773,6.284916201117317,671,711,43,0,668,707,32607,5,2,0,3,4
2020-10-20,US,West Virginia,Marion,359,5,0,39.50984542,-80.24244659,54049.0,640.2482522471107,1.3927576601671308,354,355,5,0,350,355,56097,4,0,0,4,0
2020-10-20,US,West Virginia,Marshall,255,2,0,39.86064362,-80.66591062,54051.0,835.2166650289868,0.7843137254901961,253,250,1,0,249,245,30785,5,1,0,4,5
2020-10-20,US,West Virginia,Mason,166,6,0,38.77071799,-82.02524219,54053.0,626.0371096696334,3.614457831325301,160,166,6,0,160,166,26718,0,0,0,0,0
2020-10-20,US,West Virginia,McDowell,106,1,0,37.38002939,-81.65083669,54047.0,601.4525646845211,0.9433962264150944,105,105,1,0,104,105,18223,1,0,0,1,0
2020-10-20,US,West Virginia,Mercer,588,30,0,37.40481169,-81.11023142,54055.0,1000.7147962830593,5.1020408163265305,558,578,30,0,548,568,59131,10,0,0,10,10
2020-10-20,US,West Virginia,Mineral,205,4,0,39.41561583,-78.94104895,54057.0,762.9894298049727,1.951219512195122,201,204,4,0,200,202,26940,1,0,0,1,2
2020-10-20,US,West Virginia,Mingo,518,10,0,37.73048351,-82.13338365,54059.0,2211.407103825137,1.9305019305019304,508,507,10,0,497,502,23785,11,0,0,11,5
2020-10-20,US,West Virginia,Monongalia,2236,5,0,39.63218457,-80.04766838,54061.0,2117.1836533727233,0.22361359570661896,2231,2228,5,0,2223,2224,106420,8,0,0,8,4
2020-10-20,US,West Virginia,Monroe,205,8,0,37.56274716,-80.54577965,54063.0,1544.256120527307,3.902439024390244,197,196,8,0,188,194,13280,9,0,0,9,2
2020-10-20,US,West Virginia,Morgan,104,0,0,39.55439028,-78.26311676,54065.0,581.5253858197271,0.0,104,102,0,0,102,98,17787,2,0,0,2,4
2020-10-20,US,West Virginia,Nicholas,174,3,0,38.29617706,-80.79759588,54067.0,710.3200522534291,1.7241379310344829,171,174,3,0,171,173,24842,0,0,0,0,1
2020-10-20,US,West Virginia,Ohio,462,8,0,40.0955451,-80.62203992,54069.0,1115.6456014102532,1.7316017316017316,454,459,7,0,452,455,41755,3,1,0,2,4
2020-10-20,US,West Virginia,Pendleton,72,1,0,38.68314479,-79.35084086,54071.0,1033.1467929401636,1.3888888888888888,71,70,1,0,69,68,6997,2,0,0,2,2
2020-10-20,US,West Virginia,Pleasants,23,3,0,39.37091679,-81.16771771,54073.0,308.3109919571045,13.043478260869565,20,23,3,0,20,23,7507,0,0,0,0,0
2020-10-20,US,West Virginia,Pocahontas,64,0,0,38.32758728,-80.00993811,54075.0,776.039772038317,0.0,64,64,0,0,64,63,8414,0,0,0,0,1
2020-10-20,US,West Virginia,Preston,179,4,0,39.46770987,-79.66712803,54077.0,535.415171093563,2.23463687150838,175,176,4,0,172,174,33839,3,0,0,3,2
2020-10-20,US,West Virginia,Putnam,802,10,0,38.50782345,-81.9082131,54079.0,1420.7263064658994,1.2468827930174564,792,796,10,0,786,782,56682,6,0,0,6,14
2020-10-20,US,West Virginia,Raleigh,674,8,0,37.76936795,-81.2456041,54081.0,918.7442919262276,1.1869436201780414,666,665,8,0,657,660,74254,9,0,0,9,5
2020-10-20,US,West Virginia,Randolph,380,1,0,38.769899,-79.87919615,54083.0,1324.272521345182,0.2631578947368421,379,378,1,0,377,375,28823,2,0,0,2,3
2020-10-20,US,West Virginia,Ritchie,32,0,0,39.18094587,-81.06356878,54085.0,334.93824576093783,0.0,32,27,0,0,27,25,9721,5,0,0,5,2
2020-10-20,US,West Virginia,Roane,91,2,0,38.71622686,-81.35243568,54087.0,664.8158971361778,2.1978021978021984,89,88,2,0,86,86,13932,3,0,0,3,2
2020-10-20,US,West Virginia,Summers,81,1,0,37.65390597,-80.86009693,54089.0,644.2376521116679,1.2345679012345678,80,80,1,0,79,77,12760,1,0,0,1,3
2020-10-20,US,West Virginia,Taylor,164,8,0,39.33602617,-80.0421439,54091.0,982.3300389338124,4.878048780487805,156,161,8,0,153,160,16862,3,0,0,3,1
2020-10-20,US,West Virginia,Tucker,56,0,0,39.11240885,-79.57053576,54093.0,818.8331627430913,0.0,56,52,0,0,52,52,6955,4,0,0,4,0
2020-10-20,US,West Virginia,Tyler,24,1,0,39.46811972,-80.88772676,54095.0,279.36212315213595,4.166666666666667,23,24,1,0,23,24,8746,0,0,0,0,0
2020-10-20,US,West Virginia,Upshur,226,1,0,38.89285061,-80.23689136,54097.0,934.8113831899403,0.4424778761061947,225,225,1,0,224,222,24415,1,0,0,1,3
2020-10-20,US,West Virginia,Wayne,507,11,0,38.14901357,-82.42287994,54099.0,1286.7367138723923,2.1696252465483234,496,495,11,0,484,487,39944,12,0,0,12,8
2020-10-20,US,West Virginia,Webster,25,0,0,38.49370949,-80.4202023,54101.0,308.1094404732561,0.0,25,24,0,0,24,19,8285,1,0,0,1,5
2020-10-20,US,West Virginia,Wetzel,93,0,0,39.6065771,-80.64016540000001,54103.0,617.3249253235978,0.0,93,82,0,0,82,81,15270,11,0,0,11,1
2020-10-20,US,West Virginia,Wirt,30,0,0,39.02775007,-81.37473928,54105.0,515.3753650575502,0.0,30,28,0,0,28,28,5830,2,0,0,2,0
2020-10-20,US,West Virginia,Wood,504,6,0,39.20967886,-81.5162836,54107.0,603.4627265978593,1.1904761904761905,498,491,6,0,485,479,84203,13,0,0,13,12
2020-10-20,US,West Virginia,Wyoming,183,5,0,37.612327,-81.54511071,54109.0,897.3227419829361,2.7322404371584703,178,178,5,0,173,172,20786,5,0,0,5,6
2020-10-20,US,Wisconsin,Adams,414,4,0,43.96974651,-89.76782777,55001.0,2047.4777448071216,0.966183574879227,410,400,4,0,396,352,20348,14,0,0,14,48
2020-10-20,US,Wisconsin,Ashland,239,3,0,46.31956891,-90.67837132,55003.0,1535.7923146125174,1.2552301255230125,236,234,3,0,231,214,15600,5,0,0,5,20
2020-10-20,US,Wisconsin,Barron,827,6,0,45.42372701,-91.84833627,55005.0,1827.8666784546012,0.7255139056831923,821,803,6,0,797,730,45164,24,0,0,24,73
2020-10-20,US,Wisconsin,Bayfield,184,1,0,46.52868768,-91.19716729,55007.0,1223.729715349827,0.5434782608695652,183,176,1,0,175,168,15042,8,0,0,8,8
2020-10-20,US,Wisconsin,Brown,13415,86,0,44.452655299999996,-88.00411844,55009.0,5071.028418927807,0.6410734252702199,13329,13251,85,0,13166,12848,263378,164,1,0,163,403
2020-10-20,US,Wisconsin,Buffalo,213,2,0,44.37835084,-91.75332578,55011.0,1634.5637326375565,0.9389671361502347,211,208,2,0,206,197,13125,5,0,0,5,11
2020-10-20,US,Wisconsin,Burnett,277,6,0,45.86303537,-92.36711412,55013.0,1797.0676008823148,2.166064981949458,271,269,6,0,263,261,15392,8,0,0,8,8
2020-10-20,US,Wisconsin,Calumet,2327,11,0,44.0816316,-88.21780273,55015.0,4645.730599532833,0.4727116458960034,2316,2275,10,0,2265,2174,50159,52,1,0,51,101
2020-10-20,US,Wisconsin,Chippewa,1130,6,0,45.06939744,-91.28068855,55017.0,1747.6569024714652,0.5309734513274337,1124,1124,5,0,1119,1017,64135,6,1,0,5,107
2020-10-20,US,Wisconsin,Clark,685,12,0,44.73483377,-90.61207486,55019.0,1969.862540978892,1.7518248175182485,673,673,12,0,661,623,34709,12,0,0,12,50
2020-10-20,US,Wisconsin,Columbia,1504,4,0,43.46492199,-89.33589004,55021.0,2614.197316276159,0.26595744680851063,1500,1464,4,0,1460,1321,57358,40,0,0,40,143
2020-10-20,US,Wisconsin,Crawford,297,0,0,43.23870316,-90.93073686,55023.0,1841.1753766040545,0.0,297,296,0,0,296,284,16291,1,0,0,1,12
2020-10-20,US,Wisconsin,Dane,12821,46,0,43.06601594,-89.41733797,55025.0,2345.1833289128313,0.3587863661180875,12775,12516,46,0,12470,12296,542364,305,0,0,305,220
2020-10-20,US,Wisconsin,Dodge,3150,22,0,43.41576662,-88.70928178,55027.0,3586.106399207641,0.6984126984126984,3128,3050,22,0,3028,2891,87847,100,0,0,100,159
2020-10-20,US,Wisconsin,Door,651,4,0,44.95856458,-87.30002707,55029.0,2352.8986554864828,0.6144393241167435,647,623,4,0,619,584,27610,28,0,0,28,39
2020-10-20,US,Wisconsin,Douglas,701,1,0,46.43222285,-91.91595768,55031.0,1624.5654692931635,0.14265335235378032,700,696,1,0,695,673,43208,5,0,0,5,23
2020-10-20,US,Wisconsin,Dunn,884,1,0,44.94562799,-91.8962481,55033.0,1948.509962969494,0.11312217194570134,883,857,1,0,856,827,45131,27,0,0,27,30
2020-10-20,US,Wisconsin,Eau Claire,2736,11,0,44.726614,-91.28609183,55035.0,2614.5289834298487,0.40204678362573104,2725,2674,9,0,2665,2558,104534,62,2,0,60,116
2020-10-20,US,Wisconsin,Florence,172,4,0,45.84963535,-88.39804137,55037.0,4004.6565774156,2.3255813953488373,168,158,4,0,154,149,4321,14,0,0,14,9
2020-10-20,US,Wisconsin,Fond du Lac,3688,17,0,43.75354908,-88.48885325,55039.0,3566.6276607061686,0.4609544468546638,3671,3543,17,0,3526,3375,103066,145,0,0,145,168
2020-10-20,US,Wisconsin,Forest,401,10,0,45.66678019,-88.77084892,55041.0,4453.576188360728,2.4937655860349133,391,398,10,0,388,392,8991,3,0,0,3,6
2020-10-20,US,Wisconsin,Grant,1623,25,0,42.8671731,-90.7063218,55043.0,3155.1935302008205,1.5403573629081948,1598,1599,23,0,1576,1550,51554,24,2,0,22,49
2020-10-20,US,Wisconsin,Green,828,4,0,42.6794956,-89.60243287,55045.0,2240.2597402597407,0.4830917874396135,824,816,4,0,812,776,36929,12,0,0,12,40
2020-10-20,US,Wisconsin,Green Lake,618,2,0,43.80025981,-89.04679553,55047.0,3267.593718606249,0.32362459546925565,616,614,2,0,612,563,18918,4,0,0,4,51
2020-10-20,US,Wisconsin,Iowa,385,1,0,43.00050278,-90.13469017,55049.0,1625.981924148999,0.2597402597402597,384,372,1,0,371,352,23771,13,0,0,13,20
2020-10-20,US,Wisconsin,Iron,170,1,0,46.26302338,-90.24295041,55051.0,2989.2737823105326,0.5882352941176471,169,164,1,0,163,159,5676,6,0,0,6,5
2020-10-20,US,Wisconsin,Jackson,299,1,0,44.31864893,-90.80566792,55053.0,1448.43288281742,0.33444816053511706,298,280,1,0,279,256,20478,19,0,0,19,24
2020-10-20,US,Wisconsin,Jefferson,2308,9,0,43.02054068,-88.77529134,55055.0,2722.6934374594484,0.38994800693240905,2299,2204,9,0,2195,2131,85129,104,0,0,104,73
2020-10-20,US,Wisconsin,Juneau,675,4,0,43.92456975,-90.11120239,55057.0,2529.321392438266,0.5925925925925926,671,621,4,0,617,581,26617,54,0,0,54,40
2020-10-20,US,Wisconsin,Kenosha,4479,71,0,42.57639354,-88.04051686,55059.0,2641.5272379851504,1.5851752623353428,4408,4428,71,0,4357,4266,169290,51,0,0,51,162
2020-10-20,US,Wisconsin,Kewaunee,937,5,0,44.51727459,-87.61468386,55061.0,4585.494763629245,0.5336179295624333,932,925,4,0,921,877,20383,12,1,0,11,48
2020-10-20,US,Wisconsin,La Crosse,3868,15,0,43.90632465,-91.11451093,55063.0,3277.5216919739696,0.3877973112719752,3853,3817,15,0,3802,3718,118230,51,0,0,51,99
2020-10-20,US,Wisconsin,Lafayette,466,1,0,42.66005229,-90.1317729,55065.0,2796.2796279627964,0.2145922746781116,465,458,1,0,457,445,16665,8,0,0,8,13
2020-10-20,US,Wisconsin,Langlade,704,8,0,45.26271619,-89.07483625,55067.0,3668.768565323884,1.1363636363636365,696,678,7,0,671,624,19268,26,1,0,25,54
2020-10-20,US,Wisconsin,Lincoln,603,5,0,45.33737523,-89.73411273,55069.0,2185.3368607980287,0.8291873963515755,598,598,5,0,593,506,27689,5,0,0,5,92
2020-10-20,US,Wisconsin,Manitowoc,2258,7,0,44.11946801,-87.80928853,55071.0,2858.915435357871,0.3100088573959256,2251,2151,7,0,2144,2004,79074,107,0,0,107,147
2020-10-20,US,Wisconsin,Marathon,3531,38,0,44.89792533,-89.75863384,55073.0,2602.216785072075,1.0761823845935996,3493,3376,33,0,3343,3165,135428,155,5,0,150,211
2020-10-20,US,Wisconsin,Marinette,1478,11,0,45.38553432,-88.03324599999998,55075.0,3662.949194547708,0.7442489851150202,1467,1419,10,0,1409,1379,40434,59,1,0,58,40
2020-10-20,US,Wisconsin,Marquette,528,2,0,43.81911946,-89.40073763,55077.0,3390.265827661487,0.3787878787878788,526,517,2,0,515,479,15434,11,0,0,11,38
2020-10-20,US,Wisconsin,Menominee,239,0,0,45.00422544,-88.70950714,55078.0,5245.829675153644,0.0,239,219,0,0,219,206,4658,20,0,0,20,13
2020-10-20,US,Wisconsin,Milwaukee,36059,557,0,43.00486062,-87.96733172,55079.0,3812.8379678680717,1.544690645885909,35502,35235,556,0,34679,34400,948201,824,1,0,823,835
2020-10-20,US,Wisconsin,Monroe,960,3,0,43.94641218,-90.61881899999999,55081.0,2075.5410459862064,0.3125,957,949,3,0,946,878,46051,11,0,0,11,71
2020-10-20,US,Wisconsin,Oconto,1817,8,0,45.02715345,-88.26807503,55083.0,4790.40337463749,0.4402861860209136,1809,1751,7,0,1744,1691,37830,66,1,0,65,60
2020-10-20,US,Wisconsin,Oneida,967,6,0,45.70677897,-89.51944105,55085.0,2716.673690125017,0.6204756980351603,961,939,6,0,933,877,35470,28,0,0,28,62
2020-10-20,US,Wisconsin,Outagamie,8026,51,0,44.41578887,-88.46565023,55087.0,4271.761982063496,0.6354348367804635,7975,7733,49,0,7684,7286,187365,293,2,0,291,447
2020-10-20,US,Wisconsin,Ozaukee,1939,23,0,43.38352225,-87.94625009,55089.0,2173.2551753510943,1.186178442496132,1916,1846,23,0,1823,1778,89147,93,0,0,93,68
2020-10-20,US,Wisconsin,Pepin,93,0,0,44.58307413,-91.99949611,55091.0,1276.2453684643883,0.0,93,92,0,0,92,86,7289,1,0,0,1,6
2020-10-20,US,Wisconsin,Pierce,612,7,0,44.71850291,-92.4224416,55093.0,1431.4450109931236,1.1437908496732023,605,593,7,0,586,582,42555,19,0,0,19,11
2020-10-20,US,Wisconsin,Polk,419,2,0,45.46130348,-92.44182875,55095.0,956.9924399881234,0.47732696897374705,417,401,2,0,399,388,43598,18,0,0,18,13
2020-10-20,US,Wisconsin,Portage,2331,17,0,44.47558711,-89.50152965,55097.0,3293.675464873113,0.7293007293007293,2314,2274,17,0,2257,2121,70942,57,0,0,57,153
2020-10-20,US,Wisconsin,Price,293,0,0,45.68051754,-90.36098879999999,55099.0,2194.5921653808705,0.0,293,284,0,0,284,272,13397,9,0,0,9,12
2020-10-20,US,Wisconsin,Racine,6454,102,0,42.74753117,-88.05941254,55101.0,3287.64052956788,1.5804152463588472,6352,6291,101,0,6190,6036,196584,163,1,0,162,255
2020-10-20,US,Wisconsin,Richland,390,6,0,43.3762778,-90.43012729,55103.0,2260.6074658010666,1.5384615384615383,384,370,6,0,364,364,17377,20,0,0,20,6
2020-10-20,US,Wisconsin,Rock,4191,39,0,42.67151616,-89.07147900000002,55105.0,2565.593741200093,0.9305654974946314,4152,4106,38,0,4068,3828,163129,85,1,0,84,278
2020-10-20,US,Wisconsin,Rusk,152,1,0,45.47498854,-91.1333012,55107.0,1072.083509662858,0.6578947368421053,151,153,1,0,152,139,14147,-1,0,0,-1,14
2020-10-20,US,Wisconsin,Sauk,1485,6,0,43.42574087,-89.94966132,55111.0,2304.3977530182183,0.404040404040404,1479,1453,6,0,1447,1383,64249,32,0,0,32,70
2020-10-20,US,Wisconsin,Sawyer,349,1,0,45.87931905,-91.14504927,55113.0,2107.742480975963,0.28653295128939826,348,342,1,0,341,319,16489,7,0,0,7,23
2020-10-20,US,Wisconsin,Shawano,1998,14,0,44.78902246,-88.76443896,55115.0,4885.205017237586,0.7007007007007007,1984,1923,8,0,1915,1840,40796,75,6,0,69,83
2020-10-20,US,Wisconsin,Sheboygan,3839,20,0,43.72099677,-87.94579284,55117.0,3328.420322524709,0.5209690023443605,3819,3616,20,0,3596,2949,115456,223,0,0,223,667
2020-10-20,US,Wisconsin,St. Croix,1467,9,0,45.03437474,-92.45000068,55109.0,1617.651923649475,0.6134969325153374,1458,1423,9,0,1414,1367,89694,44,0,0,44,56
2020-10-20,US,Wisconsin,Taylor,382,6,0,45.21179252,-90.5004405,55119.0,1877.7958019957723,1.5706806282722514,376,361,6,0,355,334,20412,21,0,0,21,27
2020-10-20,US,Wisconsin,Trempealeau,896,2,0,44.30360275,-91.35893614,55121.0,3022.0243515801544,0.22321428571428573,894,879,2,0,877,842,29442,17,0,0,17,37
2020-10-20,US,Wisconsin,Vernon,434,3,0,43.59422667,-90.8324691,55123.0,1408.0851339951985,0.6912442396313364,431,433,3,0,430,418,30785,1,0,0,1,15
2020-10-20,US,Wisconsin,Vilas,448,3,0,46.05467334,-89.51719204,55125.0,2018.4726289704888,0.6696428571428571,445,420,3,0,417,397,21938,28,0,0,28,23
2020-10-20,US,Wisconsin,Walworth,3114,36,0,42.66858202,-88.54163073,55127.0,2998.035968729541,1.1560693641618498,3078,3057,36,0,3021,3026,103718,57,0,0,57,31
2020-10-20,US,Wisconsin,Washburn,200,2,0,45.89838588,-91.79050449,55129.0,1272.264631043257,1.0,198,180,2,0,178,173,15878,20,0,0,20,7
2020-10-20,US,Wisconsin,Washington,3918,41,0,43.36863664,-88.22974712,55131.0,2880.1623123630848,1.0464522715671258,3877,3773,40,0,3733,3648,135693,145,1,0,144,125
2020-10-20,US,Wisconsin,Waukesha,10576,106,0,43.01833055,-88.30431188,55133.0,2616.539418799697,1.002269288956127,10470,10295,106,0,10189,9935,403072,281,0,0,281,360
2020-10-20,US,Wisconsin,Waupaca,2031,32,0,44.47068056,-88.96534501,55135.0,3983.133947832908,1.5755785327424914,1999,2011,29,0,1982,1849,51128,20,3,0,17,162
2020-10-20,US,Wisconsin,Waushara,817,3,0,44.11324419,-89.24317107,55137.0,3342.4702368776343,0.3671970624235006,814,786,3,0,783,741,24263,31,0,0,31,45
2020-10-20,US,Wisconsin,Winnebago,7723,51,0,44.06886922,-88.64477096,55139.0,4492.545387913232,0.6603651430791143,7672,7607,49,0,7558,7014,171020,116,2,0,114,593
2020-10-20,US,Wisconsin,Wood,1389,9,0,44.45537896,-90.04158336,55141.0,1902.7657913122096,0.6479481641468683,1380,1371,9,0,1362,1254,73055,18,0,0,18,117
2020-10-20,US,Wyoming,Albany,1131,2,0,41.65498705,-105.72354150000001,56001.0,2908.95061728395,0.1768346595932803,1129,1120,1,0,1119,1067,38601,11,1,0,10,53
2020-10-20,US,Wyoming,Big Horn,173,2,0,44.52405055,-107.9960365,56003.0,1467.345207803223,1.1560693641618498,171,163,2,0,161,157,11881,10,0,0,10,6
2020-10-20,US,Wyoming,Campbell,637,2,0,44.24886082,-105.54744040000001,56005.0,1374.592693295354,0.3139717425431711,635,631,2,0,629,600,46140,6,0,0,6,31
2020-10-20,US,Wyoming,Carbon,279,2,0,41.69357844,-106.9326084,56007.0,1885.1351351351352,0.7168458781362007,277,275,2,0,273,271,14971,4,0,0,4,4
2020-10-20,US,Wyoming,Converse,253,0,0,42.97272268,-105.5081848,56009.0,1830.4152799884243,0.0,253,243,0,0,243,235,13640,10,0,0,10,8
2020-10-20,US,Wyoming,Crook,88,0,0,44.58855102,-104.56977049999999,56011.0,1160.337552742616,0.0,88,83,0,0,83,81,7450,5,0,0,5,2
2020-10-20,US,Wyoming,Fremont,1066,15,0,43.04183996,-108.6296893,56013.0,2715.1626295815186,1.4071294559099436,1051,1043,14,0,1029,1017,39531,23,1,0,22,26
2020-10-20,US,Wyoming,Goshen,135,2,0,42.08798185,-104.3534743,56015.0,1021.8757096359096,1.4814814814814814,133,135,2,0,133,134,13376,0,0,0,0,1
2020-10-20,US,Wyoming,Hot Springs,45,0,0,43.71930657,-108.44231740000001,56017.0,1019.7144799456153,0.0,45,45,0,0,45,43,4555,0,0,0,0,2
2020-10-20,US,Wyoming,Johnson,73,2,0,44.04057166,-106.58451740000001,56019.0,864.4168146832445,2.7397260273972597,71,72,1,0,71,72,8460,1,1,0,0,0
2020-10-20,US,Wyoming,Laramie,1227,4,0,41.30702520000001,-104.6887497,56021.0,1233.1658291457284,0.32599837000815,1223,1188,4,0,1184,1155,98976,39,0,0,39,33
2020-10-20,US,Wyoming,Lincoln,312,2,0,42.26376367,-110.6563997,56023.0,1573.3736762481092,0.6410256410256411,310,307,2,0,305,302,19434,5,0,0,5,5
2020-10-20,US,Wyoming,Natrona,1065,7,0,42.96180148,-106.79788500000001,56025.0,1333.6171704775975,0.6572769953051644,1058,1040,7,0,1033,982,79115,25,0,0,25,58
2020-10-20,US,Wyoming,Niobrara,6,0,0,43.05607708,-104.47588959999999,56027.0,254.6689303904924,0.0,6,5,0,0,5,5,2388,1,0,0,1,0
2020-10-20,US,Wyoming,Park,462,3,0,44.52157546,-109.58528249999999,56029.0,1582.5169555388093,0.6493506493506493,459,443,2,0,441,440,29324,19,1,0,18,3
2020-10-20,US,Wyoming,Platte,98,1,0,42.13299116,-104.96633100000001,56031.0,1167.6396997497916,1.020408163265306,97,86,1,0,85,82,8566,12,0,0,12,4
2020-10-20,US,Wyoming,Sheridan,539,4,0,44.79048913,-106.8862389,56033.0,1768.0826636050515,0.7421150278293135,535,517,4,0,513,497,30233,22,0,0,22,20
2020-10-20,US,Wyoming,Sublette,149,1,0,42.76558279,-109.91309220000001,56035.0,1515.61387447869,0.6711409395973155,148,145,1,0,144,142,9813,4,0,0,4,3
2020-10-20,US,Wyoming,Sweetwater,428,2,0,41.65943896,-108.8827882,56037.0,1010.7928110903813,0.4672897196261682,426,422,2,0,420,415,43051,6,0,0,6,7
2020-10-20,US,Wyoming,Teton,716,1,0,43.93522482,-110.5890801,56039.0,3051.483123082169,0.13966480446927373,715,711,1,0,710,700,23081,5,0,0,5,11
2020-10-20,US,Wyoming,Uinta,404,2,0,41.2878183,-110.54757820000002,56041.0,1997.429051715613,0.4950495049504951,402,403,2,0,401,401,20299,1,0,0,1,2
2020-10-20,US,Wyoming,Washakie,139,7,0,43.90451606,-107.68018700000002,56043.0,1780.909673286355,5.035971223021583,132,135,7,0,128,134,7885,4,0,0,4,1
2020-10-20,US,Wyoming,Weston,101,0,0,43.83961191,-104.56748809999999,56045.0,1458.062653385304,0.0,101,99,0,0,99,93,6967,2,0,0,2,6
