Date,Country/Region,Province/State,Admin2,Confirmed,Deaths,Recovered,Latitude,Longitude,FIPS,Active Cases,Previous Confirmed,Previous Deaths,Previous Recovered,Previous Active,Prev2 Confirmed,Population,Daily Confirmed,Daily Deaths,Daily Recovered,Daily Active,Previous Daily Confirmed
2020-04-28,US,Alabama,Autauga,40,4,0,32.53952745,-86.64408227,1001.0,36,39,3,0,36,37,55601,1,1,0,0,2
2020-04-28,US,Alabama,Baldwin,171,3,0,30.72774991,-87.72207058,1003.0,168,168,3,0,165,161,218022,3,0,0,3,7
2020-04-28,US,Alabama,Barbour,37,0,0,31.868263,-85.3871286,1005.0,37,35,0,0,35,33,24881,2,0,0,2,2
2020-04-28,US,Alabama,Bibb,42,0,0,32.99642064,-87.12511459999996,1007.0,42,42,0,0,42,38,22400,0,0,0,0,4
2020-04-28,US,Alabama,Blount,34,0,0,33.98210918,-86.56790593,1009.0,34,34,0,0,34,34,57840,0,0,0,0,0
2020-04-28,US,Alabama,Bullock,12,0,0,32.10030533,-85.71265535,1011.0,12,12,0,0,12,12,10138,0,0,0,0,0
2020-04-28,US,Alabama,Butler,45,1,0,31.75300095,-86.68057478,1013.0,44,34,1,0,33,32,19680,11,0,0,11,2
2020-04-28,US,Alabama,Calhoun,92,3,0,33.77483727,-85.82630386,1015.0,89,90,3,0,87,91,114277,2,0,0,2,-1
2020-04-28,US,Alabama,Chambers,291,19,0,32.91360079,-85.39072749,1017.0,272,289,18,0,271,285,33615,2,1,0,1,4
2020-04-28,US,Alabama,Cherokee,15,0,0,34.17805983,-85.60638968,1019.0,15,14,0,0,14,14,26032,1,0,0,1,0
2020-04-28,US,Alabama,Chilton,52,1,0,32.85044126,-86.7173256,1021.0,51,51,1,0,50,51,44153,1,0,0,1,0
2020-04-28,US,Alabama,Choctaw,39,0,0,32.02227341,-88.26564429999998,1023.0,39,39,0,0,39,32,12841,0,0,0,0,7
2020-04-28,US,Alabama,Clarke,28,1,0,31.68099859,-87.83548597,1025.0,27,27,1,0,26,25,23920,1,0,0,1,2
2020-04-28,US,Alabama,Clay,19,1,0,33.26984193,-85.85836077,1027.0,18,19,1,0,18,19,13275,0,0,0,0,0
2020-04-28,US,Alabama,Cleburne,12,1,0,33.67679204,-85.52005899,1029.0,11,12,1,0,11,12,14987,0,0,0,0,0
2020-04-28,US,Alabama,Coffee,105,0,0,31.39932826,-85.98901039,1031.0,105,98,0,0,98,95,51909,7,0,0,7,3
2020-04-28,US,Alabama,Colbert,27,2,0,34.69847452,-87.80168544,1033.0,25,23,2,0,21,23,54762,4,0,0,4,0
2020-04-28,US,Alabama,Conecuh,9,0,0,31.43401703,-86.99320044,1035.0,9,9,0,0,9,9,12277,0,0,0,0,0
2020-04-28,US,Alabama,Coosa,31,1,0,32.93690146,-86.24847739,1037.0,30,30,1,0,29,29,10715,1,0,0,1,1
2020-04-28,US,Alabama,Covington,35,1,0,31.247785399999998,-86.45050893,1039.0,34,34,1,0,33,33,36986,1,0,0,1,1
2020-04-28,US,Alabama,Crenshaw,16,0,0,31.72941803,-86.31593104,1041.0,16,12,0,0,12,11,13824,4,0,0,4,1
2020-04-28,US,Alabama,Cullman,52,0,0,34.13020303,-86.86888037,1043.0,52,52,0,0,52,50,83442,0,0,0,0,2
2020-04-28,US,Alabama,Dale,25,0,0,31.43037123,-85.61095742,1045.0,25,25,0,0,25,25,48956,0,0,0,0,0
2020-04-28,US,Alabama,Dallas,37,3,0,32.32688101,-87.10866709999998,1047.0,34,37,3,0,34,33,38310,0,0,0,0,4
2020-04-28,US,Alabama,DeKalb,76,2,0,34.45946862,-85.80782906,1049.0,74,74,2,0,72,70,71385,2,0,0,2,4
2020-04-28,US,Alabama,Elmore,82,1,0,32.59785413,-86.14415284,1051.0,81,79,1,0,78,79,81887,3,0,0,3,0
2020-04-28,US,Alabama,Escambia,27,1,0,31.1256789,-87.15918694,1053.0,26,26,1,0,25,25,36748,1,0,0,1,1
2020-04-28,US,Alabama,Etowah,130,8,0,34.04567266,-86.04051873,1055.0,122,126,8,0,118,125,102501,4,0,0,4,1
2020-04-28,US,Alabama,Fayette,5,0,0,33.72076938,-87.73886638,1057.0,5,5,0,0,5,5,16433,0,0,0,0,0
2020-04-28,US,Alabama,Franklin,44,0,0,34.44235334,-87.84289505,1059.0,44,43,0,0,43,41,31363,1,0,0,1,2
2020-04-28,US,Alabama,Geneva,8,0,0,31.09389027,-85.83572839,1061.0,8,8,0,0,8,8,26314,0,0,0,0,0
2020-04-28,US,Alabama,Greene,47,1,0,32.85504247,-87.95684022,1063.0,46,46,0,0,46,46,8233,1,1,0,0,0
2020-04-28,US,Alabama,Hale,41,2,0,32.76039258,-87.63284988,1065.0,39,41,2,0,39,41,14726,0,0,0,0,0
2020-04-28,US,Alabama,Henry,22,1,0,31.51148016,-85.24267944,1067.0,21,22,1,0,21,22,17209,0,0,0,0,0
2020-04-28,US,Alabama,Houston,84,3,0,31.15197924,-85.29939599,1069.0,81,79,3,0,76,77,104722,5,0,0,5,2
2020-04-28,US,Alabama,Jackson,46,2,0,34.78144169,-85.99750489,1071.0,44,45,2,0,43,45,51736,1,0,0,1,0
2020-04-28,US,Alabama,Jefferson,861,41,0,33.55554728,-86.89506300000002,1073.0,820,839,36,0,803,839,659300,22,5,0,17,0
2020-04-28,US,Alabama,Lamar,10,0,0,33.77995024,-88.09668032,1075.0,10,10,0,0,10,10,13844,0,0,0,0,0
2020-04-28,US,Alabama,Lauderdale,30,2,0,34.90171875,-87.65624729,1077.0,28,31,2,0,29,31,92387,-1,0,0,-1,0
2020-04-28,US,Alabama,Lawrence,12,0,0,34.52041498,-87.31069453,1079.0,12,12,0,0,12,12,32957,0,0,0,0,0
2020-04-28,US,Alabama,Lee,377,25,0,32.60154883,-85.35132246,1081.0,352,368,24,0,344,365,163941,9,1,0,8,3
2020-04-28,US,Alabama,Limestone,44,0,0,34.81185586,-86.98310072,1083.0,44,42,0,0,42,41,96174,2,0,0,2,1
2020-04-28,US,Alabama,Lowndes,53,1,0,32.1597283,-86.65158371,1085.0,52,39,1,0,38,38,9974,14,0,0,14,1
2020-04-28,US,Alabama,Macon,35,2,0,32.38759944,-85.69267724,1087.0,33,34,2,0,32,34,18439,1,0,0,1,0
2020-04-28,US,Alabama,Madison,222,4,0,34.76327133,-86.55069633,1089.0,218,214,4,0,210,211,366519,8,0,0,8,3
2020-04-28,US,Alabama,Marengo,44,3,0,32.24767634,-87.78796182,1091.0,41,43,3,0,40,41,19066,1,0,0,1,2
2020-04-28,US,Alabama,Marion,76,6,0,34.13697363,-87.88704173,1093.0,70,75,6,0,69,74,29763,1,0,0,1,1
2020-04-28,US,Alabama,Marshall,313,6,0,34.36975964,-86.30486727,1095.0,307,310,5,0,305,307,96109,3,1,0,2,3
2020-04-28,US,Alabama,Mobile,994,46,0,30.78472347,-88.20842409,1097.0,948,942,43,0,899,917,413757,52,3,0,49,25
2020-04-28,US,Alabama,Monroe,12,1,0,31.56729412,-87.36995001,1099.0,11,11,1,0,10,12,21067,1,0,0,1,-1
2020-04-28,US,Alabama,Montgomery,302,5,0,32.2206831,-86.20969272,1101.0,297,292,5,0,287,289,225763,10,0,0,10,3
2020-04-28,US,Alabama,Morgan,68,0,0,34.45500589,-86.85475946,1103.0,68,65,0,0,65,64,119089,3,0,0,3,1
2020-04-28,US,Alabama,Perry,9,0,0,32.64048341,-87.29770589,1105.0,9,9,0,0,9,9,9140,0,0,0,0,0
2020-04-28,US,Alabama,Pickens,47,1,0,33.28094866,-88.08818103,1107.0,46,47,1,0,46,48,19938,0,0,0,0,-1
2020-04-28,US,Alabama,Pike,65,0,0,31.80396383,-85.9408295,1109.0,65,65,0,0,65,62,33338,0,0,0,0,3
2020-04-28,US,Alabama,Randolph,62,4,0,33.29526734,-85.45708831,1111.0,58,61,4,0,57,60,22725,1,0,0,1,1
2020-04-28,US,Alabama,Russell,55,0,0,32.28725256,-85.18415324,1113.0,55,53,0,0,53,53,57781,2,0,0,2,0
2020-04-28,US,Alabama,Shelby,319,10,0,33.26879845,-86.66232561,1117.0,309,318,9,0,309,311,215707,1,1,0,0,7
2020-04-28,US,Alabama,St. Clair,70,0,0,33.71902176,-86.31029372,1115.0,70,68,0,0,68,64,88690,2,0,0,2,4
2020-04-28,US,Alabama,Sumter,55,2,0,32.59117397,-88.19916205,1119.0,53,55,2,0,53,53,12691,0,0,0,0,2
2020-04-28,US,Alabama,Talladega,59,2,0,33.37823223,-86.16886178,1121.0,57,58,2,0,56,57,79828,1,0,0,1,1
2020-04-28,US,Alabama,Tallapoosa,279,17,0,32.86698258,-85.79833053,1123.0,262,275,17,0,258,274,40497,4,0,0,4,1
2020-04-28,US,Alabama,Tuscaloosa,199,0,0,33.28726072,-87.52556818,1125.0,199,195,0,0,195,192,208911,4,0,0,4,3
2020-04-28,US,Alabama,Walker,94,0,0,33.80270512,-87.30027177,1127.0,94,93,0,0,93,92,63711,1,0,0,1,1
2020-04-28,US,Alabama,Washington,33,1,0,31.4092794,-88.20689944,1129.0,32,27,1,0,26,26,16378,6,0,0,6,1
2020-04-28,US,Alabama,Wilcox,60,1,0,31.98773215,-87.30891118,1131.0,59,58,1,0,57,56,10627,2,0,0,2,2
2020-04-28,US,Alabama,Winston,13,0,0,34.15030532,-87.37325922,1133.0,13,11,0,0,11,11,23660,2,0,0,2,0
2020-04-28,US,Alaska,Anchorage,175,4,0,61.14998174,-149.14269860000005,2020.0,171,171,4,0,167,168,291538,4,0,0,4,3
2020-04-28,US,Alaska,Bethel,1,0,0,60.90980451,-159.8561831,2050.0,1,1,0,0,1,1,18216,0,0,0,0,0
2020-04-28,US,Alaska,Fairbanks North Star,81,1,0,64.80726247,-146.5692662,2090.0,80,80,1,0,79,80,98971,1,0,0,1,0
2020-04-28,US,Alaska,Juneau,27,0,0,58.45031811,-134.200436,2110.0,27,27,0,0,27,27,32113,0,0,0,0,0
2020-04-28,US,Alaska,Kenai Peninsula,19,0,0,60.24429722,-151.53888840000005,2122.0,19,19,0,0,19,19,58533,0,0,0,0,0
2020-04-28,US,Alaska,Ketchikan Gateway,16,0,0,55.57445008,-130.975561,2130.0,16,16,0,0,16,16,13918,0,0,0,0,0
2020-04-28,US,Alaska,Kodiak Island,1,0,0,57.65529415,-153.7493579,2150.0,1,1,0,0,1,1,13345,0,0,0,0,0
2020-04-28,US,Alaska,Matanuska-Susitna,21,0,0,62.31305045,-149.5741743,2170.0,21,21,0,0,21,20,107610,0,0,0,0,1
2020-04-28,US,Alaska,Nome,1,0,0,64.90320724,-164.0353804,2180.0,1,1,0,0,1,1,10008,0,0,0,0,0
2020-04-28,US,Alaska,Petersburg,4,0,0,57.13978948,-132.9540995,2195.0,4,3,0,0,3,3,3221,1,0,0,1,0
2020-04-28,US,Alaska,Prince of Wales-Hyder,2,0,0,55.76261984,-133.0511621,2198.0,2,2,0,0,2,2,6422,0,0,0,0,0
2020-04-28,US,Alaska,Sitka,1,0,0,57.24124555,-135.3206587,2220.0,1,1,0,0,1,,8647,0,0,0,0,
2020-04-28,US,Alaska,Southeast Fairbanks,1,0,0,63.87692095,-143.2127643,2240.0,1,1,0,0,1,1,6918,0,0,0,0,0
2020-04-28,US,Alaska,Unassigned,0,4,0,0.0,0.0,90002.0,-4,0,4,0,-4,0,,0,0,0,0,0
2020-04-28,US,Alaska,Yukon-Koyukuk,1,0,0,65.50815459,-151.39073869999999,2290.0,1,1,0,0,1,1,5327,0,0,0,0,0
2020-04-28,US,Arizona,Apache,380,5,0,35.39465006,-109.4892383,4001.0,375,362,5,0,357,336,71818,18,0,0,18,26
2020-04-28,US,Arizona,Cochise,37,0,0,31.87934684,-109.7516088,4003.0,37,36,0,0,36,36,126770,1,0,0,1,0
2020-04-28,US,Arizona,Coconino,439,38,0,35.83883429,-111.77071780000001,4005.0,401,425,38,0,387,420,142854,14,0,0,14,5
2020-04-28,US,Arizona,Gila,11,0,0,33.80190085,-110.8132779,4007.0,11,11,0,0,11,11,53889,0,0,0,0,0
2020-04-28,US,Arizona,Graham,9,0,0,32.93166885,-109.8882178,4009.0,9,9,0,0,9,7,38072,0,0,0,0,2
2020-04-28,US,Arizona,Greenlee,2,0,0,33.21498827,-109.2405279,4011.0,2,2,0,0,2,2,9483,0,0,0,0,0
2020-04-28,US,Arizona,La Paz,7,1,0,33.72854224,-113.98100290000001,4012.0,6,7,1,0,6,7,21098,0,0,0,0,0
2020-04-28,US,Arizona,Maricopa,3578,122,0,33.34835867,-112.49181540000001,4013.0,3456,3457,122,0,3335,3359,4410824,121,0,0,121,98
2020-04-28,US,Arizona,Mohave,99,4,0,35.70471703,-113.7577902,4015.0,95,96,4,0,92,88,209550,3,0,0,3,8
2020-04-28,US,Arizona,Navajo,665,18,0,35.3997715,-110.3218983,4017.0,647,628,18,0,610,625,110445,37,0,0,37,3
2020-04-28,US,Arizona,Pima,1188,76,0,32.0971334,-111.7890033,4019.0,1112,1164,76,0,1088,1136,1039073,24,0,0,24,28
2020-04-28,US,Arizona,Pinal,365,9,0,32.90525627,-111.3449483,4021.0,356,359,9,0,350,342,447138,6,0,0,6,17
2020-04-28,US,Arizona,Santa Cruz,31,0,0,31.52508998,-110.8479088,4023.0,31,30,0,0,30,30,46511,1,0,0,1,0
2020-04-28,US,Arizona,Yavapai,77,1,0,34.59933926,-112.5538588,4025.0,76,77,1,0,76,76,231993,0,0,0,0,1
2020-04-28,US,Arizona,Yuma,67,1,0,32.76895712,-113.90666740000002,4027.0,66,62,1,0,61,59,212128,5,0,0,5,3
2020-04-28,US,Arkansas,Arkansas,2,0,0,34.29145151,-91.37277296,5001.0,2,2,0,0,2,2,17769,0,0,0,0,0
2020-04-28,US,Arkansas,Ashley,13,0,0,33.19153461,-91.76984709999999,5003.0,13,13,0,0,13,13,20046,0,0,0,0,0
2020-04-28,US,Arkansas,Baxter,5,0,0,36.28784385,-92.33782872,5005.0,5,5,0,0,5,5,41619,0,0,0,0,0
2020-04-28,US,Arkansas,Benton,94,0,0,36.33644656,-94.25680817,5007.0,94,94,0,0,94,93,272608,0,0,0,0,1
2020-04-28,US,Arkansas,Boone,5,0,0,36.3084504,-93.09374925,5009.0,5,5,0,0,5,5,37480,0,0,0,0,0
2020-04-28,US,Arkansas,Bradley,8,1,0,33.46755808,-92.15980837,5011.0,7,8,1,0,7,8,10897,0,0,0,0,0
2020-04-28,US,Arkansas,Carroll,5,0,0,36.34038560000001,-93.54270261,5015.0,5,4,0,0,4,4,28223,1,0,0,1,0
2020-04-28,US,Arkansas,Chicot,9,0,0,33.26458973,-91.29539209,5017.0,9,9,0,0,9,9,10438,0,0,0,0,0
2020-04-28,US,Arkansas,Clark,27,0,0,34.04613432,-93.17484713,5019.0,27,27,0,0,27,28,22061,0,0,0,0,-1
2020-04-28,US,Arkansas,Clay,3,0,0,36.36826212,-90.4148172,5021.0,3,2,0,0,2,2,14847,1,0,0,1,0
2020-04-28,US,Arkansas,Cleburne,72,4,0,35.53864922,-92.02640019,5023.0,68,72,4,0,68,72,24965,0,0,0,0,0
2020-04-28,US,Arkansas,Cleveland,10,0,0,33.89723187,-92.18537045,5025.0,10,10,0,0,10,10,8018,0,0,0,0,0
2020-04-28,US,Arkansas,Columbia,12,0,0,33.21230701,-93.22642793,5027.0,12,9,0,0,9,6,23537,3,0,0,3,3
2020-04-28,US,Arkansas,Conway,12,1,0,35.26205537,-92.70506566,5029.0,11,12,1,0,11,11,20891,0,0,0,0,1
2020-04-28,US,Arkansas,Craighead,70,0,0,35.83018283,-90.63235729,5031.0,70,68,0,0,68,62,108558,2,0,0,2,6
2020-04-28,US,Arkansas,Crawford,4,0,0,35.58928601,-94.2446814,5033.0,4,4,0,0,4,4,63406,0,0,0,0,0
2020-04-28,US,Arkansas,Crittenden,177,5,0,35.21247318,-90.30839406,5035.0,172,174,5,0,169,171,48342,3,0,0,3,3
2020-04-28,US,Arkansas,Cross,16,0,0,35.29631396,-90.77185818,5037.0,16,16,0,0,16,16,16676,0,0,0,0,0
2020-04-28,US,Arkansas,Dallas,1,0,0,33.97042763,-92.65167437,5039.0,1,1,0,0,1,1,7182,0,0,0,0,0
2020-04-28,US,Arkansas,Desha,16,0,0,33.83011025,-91.25500948,5041.0,16,16,0,0,16,16,11512,0,0,0,0,0
2020-04-28,US,Arkansas,Drew,13,1,0,33.59035001,-91.71777921,5043.0,12,13,1,0,12,13,18328,0,0,0,0,0
2020-04-28,US,Arkansas,Faulkner,75,2,0,35.14719007,-92.33717519,5045.0,73,75,2,0,73,73,124806,0,0,0,0,2
2020-04-28,US,Arkansas,Franklin,2,0,0,35.51202821,-93.89299569,5047.0,2,2,0,0,2,1,17810,0,0,0,0,1
2020-04-28,US,Arkansas,Fulton,1,0,0,36.38177105,-91.81729127,5049.0,1,1,0,0,1,1,12269,0,0,0,0,0
2020-04-28,US,Arkansas,Garland,115,0,0,34.57692074,-93.14921604,5051.0,115,114,0,0,114,111,99154,1,0,0,1,3
2020-04-28,US,Arkansas,Grant,12,0,0,34.29017991,-92.42320562,5053.0,12,12,0,0,12,11,18188,0,0,0,0,1
2020-04-28,US,Arkansas,Greene,16,0,0,36.11735460000001,-90.55832668,5055.0,16,16,0,0,16,16,45325,0,0,0,0,0
2020-04-28,US,Arkansas,Hempstead,6,1,0,33.73325583,-93.66935133,5057.0,5,5,1,0,4,5,21741,1,0,0,1,0
2020-04-28,US,Arkansas,Hot Spring,15,0,0,34.31709259,-92.95396325,5059.0,15,10,0,0,10,10,33701,5,0,0,5,0
2020-04-28,US,Arkansas,Howard,13,0,0,34.09007427,-93.9934871,5061.0,13,13,0,0,13,13,13341,0,0,0,0,0
2020-04-28,US,Arkansas,Independence,9,0,0,35.74242707,-91.57001641,5063.0,9,9,0,0,9,9,37678,0,0,0,0,0
2020-04-28,US,Arkansas,Izard,5,0,0,36.09604046,-91.90847954,5065.0,5,5,0,0,5,5,13593,0,0,0,0,0
2020-04-28,US,Arkansas,Jackson,1,0,0,35.59802983,-91.21494602,5067.0,1,1,0,0,1,1,16811,0,0,0,0,0
2020-04-28,US,Arkansas,Jefferson,162,13,0,34.26767081,-91.92619839,5069.0,149,160,9,0,151,153,68114,2,4,0,-2,7
2020-04-28,US,Arkansas,Johnson,29,0,0,35.56759135,-93.46036368,5071.0,29,30,0,0,30,29,26742,-1,0,0,-1,1
2020-04-28,US,Arkansas,Lafayette,7,1,0,33.24116713,-93.60677071,5073.0,6,7,1,0,6,6,6682,0,0,0,0,1
2020-04-28,US,Arkansas,Lawrence,45,1,0,36.04188196,-91.10867198,5075.0,44,43,1,0,42,42,16434,2,0,0,2,1
2020-04-28,US,Arkansas,Lee,3,1,0,34.78498904,-90.78383866,5077.0,2,3,1,0,2,3,8985,0,0,0,0,0
2020-04-28,US,Arkansas,Lincoln,755,0,0,33.95317155,-91.74002806,5079.0,755,754,0,0,754,727,13383,1,0,0,1,27
2020-04-28,US,Arkansas,Logan,3,0,0,35.21413234,-93.71951016,5083.0,3,3,0,0,3,3,21737,0,0,0,0,0
2020-04-28,US,Arkansas,Lonoke,40,0,0,34.75392199,-91.88742357,5085.0,40,39,0,0,39,38,73657,1,0,0,1,1
2020-04-28,US,Arkansas,Madison,1,0,0,36.01038185,-93.72524943,5087.0,1,1,0,0,1,1,16481,0,0,0,0,0
2020-04-28,US,Arkansas,Marion,1,0,0,36.26844485,-92.68451899,5089.0,1,1,0,0,1,1,16722,0,0,0,0,0
2020-04-28,US,Arkansas,Miller,33,1,0,33.31403423,-93.89285258,5091.0,32,33,1,0,32,32,43592,0,0,0,0,1
2020-04-28,US,Arkansas,Mississippi,14,0,0,35.76271485,-90.05194370000002,5093.0,14,13,0,0,13,11,41239,1,0,0,1,2
2020-04-28,US,Arkansas,Monroe,4,0,0,34.6815935,-91.20540287,5095.0,4,4,0,0,4,4,6900,0,0,0,0,0
2020-04-28,US,Arkansas,Montgomery,1,0,0,34.53704874,-93.65824478,5097.0,1,,,,,,8924,,,,,
2020-04-28,US,Arkansas,Nevada,1,0,0,33.66340119,-93.30632432,5099.0,1,1,0,0,1,1,8326,0,0,0,0,0
2020-04-28,US,Arkansas,Newton,3,0,0,35.91947491,-93.21612969,5101.0,3,3,0,0,3,3,7805,0,0,0,0,0
2020-04-28,US,Arkansas,Ouachita,6,0,0,33.58839816,-92.87795984,5103.0,6,6,0,0,6,5,23606,0,0,0,0,1
2020-04-28,US,Arkansas,Perry,6,0,0,34.945915299999996,-92.94372564,5105.0,6,6,0,0,6,6,10352,0,0,0,0,0
2020-04-28,US,Arkansas,Phillips,5,1,0,34.43268455,-90.84800154,5107.0,4,5,1,0,4,4,18029,0,0,0,0,1
2020-04-28,US,Arkansas,Pike,3,0,0,34.16250414,-93.65789349,5109.0,3,3,0,0,3,3,10673,0,0,0,0,0
2020-04-28,US,Arkansas,Poinsett,18,1,0,35.57433534,-90.66268713,5111.0,17,18,0,0,18,16,23974,0,1,0,-1,2
2020-04-28,US,Arkansas,Polk,8,0,0,34.48254879,-94.22728802,5113.0,8,8,0,0,8,7,20049,0,0,0,0,1
2020-04-28,US,Arkansas,Pope,42,0,0,35.44871474,-93.03212219,5115.0,42,42,0,0,42,41,64000,0,0,0,0,1
2020-04-28,US,Arkansas,Prairie,2,0,0,34.83624419,-91.55162157,5117.0,2,2,0,0,2,2,8074,0,0,0,0,0
2020-04-28,US,Arkansas,Pulaski,490,16,0,34.77054088,-92.31355101,5119.0,474,484,15,0,469,478,392680,6,1,0,5,6
2020-04-28,US,Arkansas,Randolph,17,0,0,36.3415714,-91.02455531,5121.0,17,16,0,0,16,16,17948,1,0,0,1,0
2020-04-28,US,Arkansas,Saline,57,1,0,34.64916145,-92.67583224,5125.0,56,56,1,0,55,55,121421,1,0,0,1,1
2020-04-28,US,Arkansas,Scott,1,0,0,34.85588887,-94.0632176,5127.0,1,1,0,0,1,1,10319,0,0,0,0,0
2020-04-28,US,Arkansas,Searcy,6,0,0,35.9109364,-92.69936482,5129.0,6,6,0,0,6,6,7958,0,0,0,0,0
2020-04-28,US,Arkansas,Sebastian,12,0,0,35.19605503,-94.27162713,5131.0,12,12,0,0,12,12,127753,0,0,0,0,0
2020-04-28,US,Arkansas,Sevier,11,0,0,33.99780401,-94.2424869,5133.0,11,11,0,0,11,11,17139,0,0,0,0,0
2020-04-28,US,Arkansas,Sharp,6,0,0,36.16258158,-91.47819342,5135.0,6,3,0,0,3,2,17366,3,0,0,3,1
2020-04-28,US,Arkansas,St. Francis,82,0,0,35.02201976,-90.74828138,5123.0,82,81,0,0,81,80,25439,1,0,0,1,1
2020-04-28,US,Arkansas,Stone,7,0,0,35.86251946,-92.15684085,5137.0,7,7,0,0,7,7,12457,0,0,0,0,0
2020-04-28,US,Arkansas,Unassigned,220,0,0,0.0,0.0,90005.0,220,203,0,0,203,216,,17,0,0,17,-13
2020-04-28,US,Arkansas,Union,43,0,0,33.16887091,-92.59746952,5139.0,43,38,0,0,38,33,39126,5,0,0,5,5
2020-04-28,US,Arkansas,Van Buren,27,2,0,35.58095779,-92.51295036,5141.0,25,27,2,0,25,27,16603,0,0,0,0,0
2020-04-28,US,Arkansas,Washington,77,3,0,35.976844,-94.21800746,5143.0,74,77,3,0,74,77,236961,0,0,0,0,0
2020-04-28,US,Arkansas,White,31,1,0,35.25688493,-91.74908296,5145.0,30,31,1,0,30,31,78727,0,0,0,0,0
2020-04-28,US,Arkansas,Woodruff,1,0,0,35.18902527,-91.2439489,5147.0,1,1,0,0,1,1,6490,0,0,0,0,0
2020-04-28,US,Arkansas,Yell,3,0,0,35.00292371,-93.41171338,5149.0,3,3,0,0,3,3,21535,0,0,0,0,0
2020-04-28,US,California,Alameda,1533,55,0,37.64629437,-121.8929271,6001.0,1478,1500,52,0,1448,1470,1666753,33,3,0,30,30
2020-04-28,US,California,Alpine,2,0,0,38.59678594,-119.82235940000001,6003.0,2,2,0,0,2,2,1101,0,0,0,0,0
2020-04-28,US,California,Amador,8,0,0,38.44583082,-120.65696000000001,6005.0,8,8,0,0,8,8,39383,0,0,0,0,0
2020-04-28,US,California,Butte,16,0,0,39.66727762,-121.6005252,6007.0,16,16,0,0,16,16,231256,0,0,0,0,0
2020-04-28,US,California,Calaveras,13,0,0,38.20537103,-120.55291299999999,6009.0,13,13,0,0,13,13,45602,0,0,0,0,0
2020-04-28,US,California,Colusa,3,0,0,39.17881957,-122.2331726,6011.0,3,3,0,0,3,3,21627,0,0,0,0,0
2020-04-28,US,California,Contra Costa,842,25,0,37.91923498,-121.9289527,6013.0,817,820,25,0,795,817,1150215,22,0,0,22,3
2020-04-28,US,California,Del Norte,3,0,0,41.74228275,-123.89740630000001,6015.0,3,3,0,0,3,3,27828,0,0,0,0,0
2020-04-28,US,California,El Dorado,44,0,0,38.77965956,-120.5233166,6017.0,44,42,0,0,42,42,190678,2,0,0,2,0
2020-04-28,US,California,Fresno,498,7,0,36.75733899,-119.6466953,6019.0,491,458,7,0,451,458,994400,40,0,0,40,0
2020-04-28,US,California,Glenn,5,0,0,39.59875897,-122.3938452,6021.0,5,5,0,0,5,5,28047,0,0,0,0,0
2020-04-28,US,California,Humboldt,53,0,0,40.69923009,-123.876044,6023.0,53,53,0,0,53,53,136373,0,0,0,0,0
2020-04-28,US,California,Imperial,284,8,0,33.0393082,-115.36690420000001,6025.0,276,281,8,0,273,251,181827,3,0,0,3,30
2020-04-28,US,California,Inyo,19,1,0,36.51112084,-117.41119779999998,6027.0,18,19,1,0,18,19,17987,0,0,0,0,0
2020-04-28,US,California,Kern,847,5,0,35.34329425,-118.72777959999999,6029.0,842,828,5,0,823,809,896764,19,0,0,19,19
2020-04-28,US,California,Kings,71,1,0,36.07409056,-119.8159973,6031.0,70,67,1,0,66,52,151366,4,0,0,4,15
2020-04-28,US,California,Lake,6,0,0,39.10124298,-122.75362439999999,6033.0,6,6,0,0,6,6,64382,0,0,0,0,0
2020-04-28,US,California,Los Angeles,20996,1002,0,34.30828379,-118.22824109999999,6037.0,19994,20423,944,0,19479,19567,10105518,573,58,0,515,856
2020-04-28,US,California,Madera,44,2,0,37.21513971,-119.76655890000002,6039.0,42,41,2,0,39,40,157672,3,0,0,3,1
2020-04-28,US,California,Marin,224,12,0,38.07122463,-122.72106310000001,6041.0,212,224,12,0,212,223,259666,0,0,0,0,1
2020-04-28,US,California,Mariposa,1,0,0,37.57978556,-119.9073334,6043.0,1,,,,,,17471,,,,,
2020-04-28,US,California,Mendocino,11,0,0,39.4381191,-123.39113130000001,6045.0,11,11,0,0,11,11,87606,0,0,0,0,0
2020-04-28,US,California,Merced,116,3,0,37.18922369,-120.72090349999999,6047.0,113,108,3,0,105,103,274765,8,0,0,8,5
2020-04-28,US,California,Mono,26,1,0,37.93899289,-118.8872409,6051.0,25,24,1,0,23,24,14250,2,0,0,2,0
2020-04-28,US,California,Monterey,185,4,0,36.21862405,-121.24133970000001,6053.0,181,183,4,0,179,183,435594,2,0,0,2,0
2020-04-28,US,California,Napa,66,2,0,38.50735751,-122.33283899999999,6055.0,64,64,2,0,62,60,139417,2,0,0,2,4
2020-04-28,US,California,Nevada,39,1,0,39.30394768,-120.76272809999999,6057.0,38,37,1,0,36,37,99696,2,0,0,2,0
2020-04-28,US,California,Orange,2151,42,0,33.70147516,-117.76459979999998,6059.0,2109,2126,39,0,2087,2074,3185968,25,3,0,22,52
2020-04-28,US,California,Placer,145,8,0,39.06167234,-120.72405690000001,6061.0,137,143,8,0,135,141,393149,2,0,0,2,2
2020-04-28,US,California,Plumas,4,0,0,40.00355989,-120.8395236,6063.0,4,4,0,0,4,4,18804,0,0,0,0,0
2020-04-28,US,California,Riverside,3735,141,0,33.74314981,-115.9933578,6065.0,3594,3643,141,0,3502,3563,2450758,92,0,0,92,80
2020-04-28,US,California,Sacramento,1053,41,0,38.45106826,-121.34253740000001,6067.0,1012,1045,41,0,1004,1037,1540975,8,0,0,8,8
2020-04-28,US,California,San Benito,48,2,0,36.60308176,-121.069975,6069.0,46,47,2,0,45,47,61537,1,0,0,1,0
2020-04-28,US,California,San Bernardino,1827,85,0,34.84060306,-116.1774685,6071.0,1742,1772,82,0,1690,1732,2171603,55,3,0,52,40
2020-04-28,US,California,San Diego,3141,113,0,33.03484597,-116.73653259999999,6073.0,3028,3043,111,0,2932,2943,3343364,98,2,0,96,100
2020-04-28,US,California,San Francisco,1468,23,0,37.75215114,-122.43856720000001,6075.0,1445,1424,23,0,1401,1408,883305,44,0,0,44,16
2020-04-28,US,California,San Joaquin,529,25,0,37.93433732,-121.2730061,6077.0,504,528,25,0,503,512,752660,1,0,0,1,16
2020-04-28,US,California,San Luis Obispo,173,1,0,35.38822029,-120.4039028,6079.0,172,169,1,0,168,166,284010,4,0,0,4,3
2020-04-28,US,California,San Mateo,1099,48,0,37.422880799999994,-122.32755459999998,6081.0,1051,1080,41,0,1039,1019,769545,19,7,0,12,61
2020-04-28,US,California,Santa Barbara,473,7,0,34.65329488,-120.0188492,6083.0,466,471,7,0,464,469,446527,2,0,0,2,2
2020-04-28,US,California,Santa Clara,2122,106,0,37.23104908,-121.6970462,6085.0,2016,2105,103,0,2002,2084,1937570,17,3,0,14,21
2020-04-28,US,California,Santa Cruz,125,2,0,37.05580291,-122.0066524,6087.0,123,124,2,0,122,120,274255,1,0,0,1,4
2020-04-28,US,California,Shasta,30,4,0,40.76391419,-122.0396884,6089.0,26,30,4,0,26,30,180040,0,0,0,0,0
2020-04-28,US,California,Siskiyou,5,0,0,41.59198861,-122.54074340000001,6093.0,5,5,0,0,5,5,43724,0,0,0,0,0
2020-04-28,US,California,Solano,249,4,0,38.26827353,-121.9357113,6095.0,245,199,4,0,195,199,446610,50,0,0,50,0
2020-04-28,US,California,Sonoma,222,2,0,38.52746429,-122.88625060000001,6097.0,220,220,2,0,218,218,499942,2,0,0,2,2
2020-04-28,US,California,Stanislaus,312,7,0,37.55862499,-120.9970722,6099.0,305,294,5,0,289,286,549815,18,2,0,16,8
2020-04-28,US,California,Sutter,29,2,0,39.03417539,-121.6945899,6101.0,27,45,3,0,42,45,96807,-16,-1,0,-15,0
2020-04-28,US,California,Tehama,1,1,0,40.12570935,-122.23701709999999,6103.0,0,1,1,0,0,1,63916,0,0,0,0,0
2020-04-28,US,California,Tulare,578,35,0,36.22026558,-118.8020203,6107.0,543,532,32,0,500,504,465861,46,3,0,43,28
2020-04-28,US,California,Tuolumne,4,0,0,38.02644018,-119.95250929999999,6109.0,4,3,0,0,3,3,54539,1,0,0,1,0
2020-04-28,US,California,Unassigned,0,2,0,0.0,0.0,90006.0,-2,0,2,0,-2,0,,0,0,0,0,0
2020-04-28,US,California,Ventura,508,17,0,34.44465746,-119.09106129999999,6111.0,491,497,17,0,480,496,850967,11,0,0,11,1
2020-04-28,US,California,Yolo,162,16,0,38.68278902,-121.90182879999999,6113.0,146,161,14,0,147,161,220408,1,2,0,-1,0
2020-04-28,US,California,Yuba,16,1,0,39.26255932,-121.35356440000001,6115.0,15,16,1,0,15,16,78041,0,0,0,0,0
2020-04-28,US,Colorado,Adams,1430,61,0,39.87432092,-104.3362578,8001.0,1369,1391,60,0,1331,1348,511868,39,1,0,38,43
2020-04-28,US,Colorado,Alamosa,10,2,0,37.57250606,-105.7885451,8003.0,8,10,2,0,8,10,16683,0,0,0,0,0
2020-04-28,US,Colorado,Arapahoe,2312,136,0,39.64977461,-104.3353617,8005.0,2176,2252,130,0,2122,2160,651215,60,6,0,54,92
2020-04-28,US,Colorado,Archuleta,8,0,0,37.19474156,-107.04768670000001,8007.0,8,8,0,0,8,8,13765,0,0,0,0,0
2020-04-28,US,Colorado,Baca,10,0,0,37.31940883,-102.5603223,8009.0,10,10,0,0,10,10,3585,0,0,0,0,0
2020-04-28,US,Colorado,Boulder,543,33,0,40.09313619,-105.3546767,8013.0,510,515,33,0,482,500,326078,28,0,0,28,15
2020-04-28,US,Colorado,Broomfield,145,9,0,39.95998787,-105.0566324,8014.0,136,141,5,0,136,139,69267,4,4,0,0,2
2020-04-28,US,Colorado,Chaffee,66,13,0,38.74745778,-106.19265729999998,8015.0,53,66,12,0,54,66,20027,0,1,0,-1,0
2020-04-28,US,Colorado,Clear Creek,13,1,0,39.68864463,-105.6463118,8019.0,12,13,1,0,12,13,9605,0,0,0,0,0
2020-04-28,US,Colorado,Costilla,3,0,0,37.27732493,-105.4276548,8023.0,3,3,0,0,3,3,3828,0,0,0,0,0
2020-04-28,US,Colorado,Crowley,2,1,0,38.32608609,-103.7844965,8025.0,1,2,1,0,1,2,5858,0,0,0,0,0
2020-04-28,US,Colorado,Custer,2,0,0,38.10883162,-105.3683478,8027.0,2,2,0,0,2,2,4954,0,0,0,0,0
2020-04-28,US,Colorado,Delta,34,1,0,38.86246243,-107.86313419999999,8029.0,33,33,1,0,32,27,30953,1,0,0,1,6
2020-04-28,US,Colorado,Denver,2791,145,0,39.76018276,-104.87256950000001,8031.0,2646,2682,135,0,2547,2583,716492,109,10,0,99,99
2020-04-28,US,Colorado,Douglas,453,21,0,39.33133796,-104.930001,8035.0,432,449,19,0,430,439,342776,4,2,0,2,10
2020-04-28,US,Colorado,Eagle,540,7,0,39.62754308,-106.6933637,8037.0,533,535,7,0,528,533,54993,5,0,0,5,2
2020-04-28,US,Colorado,El Paso,884,69,0,38.83240149,-104.5251411,8041.0,815,879,68,0,811,867,713856,5,1,0,4,12
2020-04-28,US,Colorado,Elbert,27,1,0,39.28656773,-104.13587209999999,8039.0,26,27,1,0,26,27,26282,0,0,0,0,0
2020-04-28,US,Colorado,Fremont,22,0,0,38.47362326,-105.43996670000001,8043.0,22,22,0,0,22,22,48021,0,0,0,0,0
2020-04-28,US,Colorado,Garfield,89,2,0,39.59921777,-107.902708,8045.0,87,88,2,0,86,87,59770,1,0,0,1,1
2020-04-28,US,Colorado,Gilpin,1,0,0,39.85646523,-105.5252597,8047.0,1,1,0,0,1,1,6121,0,0,0,0,0
2020-04-28,US,Colorado,Grand,5,0,0,40.10603347,-106.11780420000001,8049.0,5,5,0,0,5,5,15525,0,0,0,0,0
2020-04-28,US,Colorado,Gunnison,161,4,0,38.66611652,-107.0320729,8051.0,157,158,4,0,154,158,17246,3,0,0,3,0
2020-04-28,US,Colorado,Hinsdale,3,0,0,37.82247444,-107.3004345,8053.0,3,3,0,0,3,3,811,0,0,0,0,0
2020-04-28,US,Colorado,Huerfano,2,0,0,37.68473101,-104.9612585,8055.0,2,2,0,0,2,2,6889,0,0,0,0,0
2020-04-28,US,Colorado,Jefferson,1298,68,0,39.58635604,-105.2517692,8059.0,1230,1276,65,0,1211,1265,580233,22,3,0,19,11
2020-04-28,US,Colorado,Kit Carson,20,2,0,39.30497777,-102.60221990000001,8063.0,18,20,2,0,18,20,7163,0,0,0,0,0
2020-04-28,US,Colorado,La Plata,59,0,0,37.28632032,-107.8429014,8067.0,59,59,0,0,59,59,56310,0,0,0,0,0
2020-04-28,US,Colorado,Lake,17,0,0,39.20278823,-106.35556969999999,8065.0,17,17,0,0,17,17,7824,0,0,0,0,0
2020-04-28,US,Colorado,Larimer,334,19,0,40.66671597,-105.4625784,8069.0,315,321,19,0,302,312,350518,13,0,0,13,9
2020-04-28,US,Colorado,Las Animas,3,0,0,37.3153406,-104.03764579999999,8071.0,3,3,0,0,3,3,14503,0,0,0,0,0
2020-04-28,US,Colorado,Lincoln,3,0,0,38.98749519,-103.51366490000001,8073.0,3,3,0,0,3,4,5610,0,0,0,0,-1
2020-04-28,US,Colorado,Logan,266,1,0,40.7249637,-103.110817,8075.0,265,259,1,0,258,248,21528,7,0,0,7,11
2020-04-28,US,Colorado,Mesa,42,0,0,39.01787888,-108.469799,8077.0,42,40,0,0,40,38,153207,2,0,0,2,2
2020-04-28,US,Colorado,Mineral,2,0,0,37.66954283,-106.92816979999999,8079.0,2,2,0,0,2,2,776,0,0,0,0,0
2020-04-28,US,Colorado,Moffat,6,0,0,40.61810999,-108.2070876,8081.0,6,6,0,0,6,6,13188,0,0,0,0,0
2020-04-28,US,Colorado,Montezuma,15,2,0,37.33859579,-108.59588570000001,8083.0,13,15,2,0,13,15,26158,0,0,0,0,0
2020-04-28,US,Colorado,Montrose,94,11,0,38.40214114,-108.26390220000002,8085.0,83,92,10,0,82,90,42214,2,1,0,1,2
2020-04-28,US,Colorado,Morgan,344,16,0,40.26279810000001,-103.8093302,8087.0,328,298,15,0,283,259,28558,46,1,0,45,39
2020-04-28,US,Colorado,Otero,8,1,0,37.9014485,-103.7173385,8089.0,7,8,1,0,7,8,18432,0,0,0,0,0
2020-04-28,US,Colorado,Ouray,5,1,0,38.14717457,-107.7675136,8091.0,4,5,1,0,4,5,4833,0,0,0,0,0
2020-04-28,US,Colorado,Out of CO,0,2,0,0.0,0.0,80008.0,-2,0,2,0,-2,0,,0,0,0,0,0
2020-04-28,US,Colorado,Park,11,0,0,39.120926000000004,-105.7182065,8093.0,11,7,0,0,7,7,18556,4,0,0,4,0
2020-04-28,US,Colorado,Phillips,6,0,0,40.59414277,-102.3577703,8095.0,6,6,0,0,6,5,4286,0,0,0,0,1
2020-04-28,US,Colorado,Pitkin,61,2,0,39.21720112,-106.9310027,8097.0,59,61,2,0,59,61,17950,0,0,0,0,0
2020-04-28,US,Colorado,Prowers,1,0,0,37.95544985,-102.3926052,8099.0,1,1,0,0,1,1,12164,0,0,0,0,0
2020-04-28,US,Colorado,Pueblo,136,9,0,38.17359144,-104.5127437,8101.0,127,134,9,0,125,131,167529,2,0,0,2,3
2020-04-28,US,Colorado,Rio Blanco,1,0,0,39.97913541,-108.2179009,8103.0,1,1,0,0,1,1,6336,0,0,0,0,0
2020-04-28,US,Colorado,Rio Grande,7,0,0,37.5836865,-106.3847838,8105.0,7,7,0,0,7,7,11250,0,0,0,0,0
2020-04-28,US,Colorado,Routt,55,4,0,40.48596505,-106.9905548,8107.0,51,54,4,0,50,54,25733,1,0,0,1,0
2020-04-28,US,Colorado,Saguache,3,0,0,38.08054629,-106.28246599999999,8109.0,3,3,0,0,3,3,6843,0,0,0,0,0
2020-04-28,US,Colorado,San Miguel,19,0,0,38.00450883,-108.4020725,8113.0,19,19,0,0,19,19,8191,0,0,0,0,0
2020-04-28,US,Colorado,Summit,119,1,0,39.63803232,-106.1150762,8117.0,118,106,1,0,105,105,31007,13,0,0,13,1
2020-04-28,US,Colorado,Teller,28,2,0,38.88133511,-105.16148929999999,8119.0,26,27,2,0,25,27,25083,1,0,0,1,0
2020-04-28,US,Colorado,Unassigned,165,1,0,0.0,0.0,90008.0,164,176,2,0,174,172,,-11,-1,0,-10,4
2020-04-28,US,Colorado,Washington,7,0,0,39.97015535,-103.202587,8121.0,7,6,0,0,6,6,4909,1,0,0,1,0
2020-04-28,US,Colorado,Weld,1618,88,0,40.55499405,-104.39296209999999,8123.0,1530,1544,87,0,1457,1469,314305,74,1,0,73,75
2020-04-28,US,Colorado,Yuma,7,0,0,40.00346839,-102.4258673,8125.0,7,6,0,0,6,6,10020,1,0,0,1,0
2020-04-28,US,Connecticut,Fairfield,10874,747,0,41.26809896,-73.3881171,9001.0,10127,10763,727,0,10036,10529,943823,111,20,0,91,234
2020-04-28,US,Connecticut,Hartford,5224,643,0,41.80283011,-72.73103891,9003.0,4581,5157,612,0,4545,4989,892697,67,31,0,36,168
2020-04-28,US,Connecticut,Litchfield,900,76,0,41.7937534,-73.2451475,9005.0,824,892,75,0,817,864,181111,8,1,0,7,28
2020-04-28,US,Connecticut,Middlesex,618,70,0,41.45949668,-72.53714864,9007.0,548,609,69,0,540,588,162682,9,1,0,8,21
2020-04-28,US,Connecticut,New Haven,7089,478,0,41.408032500000004,-72.93620426,9009.0,6611,6993,456,0,6537,6715,857620,96,22,0,74,278
2020-04-28,US,Connecticut,New London,530,34,0,41.48896435,-72.10430976,9011.0,496,516,34,0,482,498,266784,14,0,0,14,18
2020-04-28,US,Connecticut,Tolland,422,35,0,41.85853803,-72.3308481,9013.0,387,419,35,0,384,407,150921,3,0,0,3,12
2020-04-28,US,Connecticut,Unassigned,491,1,0,0.0,0.0,90009.0,490,484,1,0,483,522,,7,0,0,7,-38
2020-04-28,US,Connecticut,Windham,164,3,0,41.82972709,-71.98182316,9015.0,161,164,3,0,161,157,117027,0,0,0,0,7
2020-04-28,US,Delaware,Kent,728,23,0,39.08646628,-75.56884914,10001.0,705,652,23,0,629,625,178550,76,0,0,76,27
2020-04-28,US,Delaware,New Castle,1701,63,0,39.57992638,-75.64054974,10003.0,1638,1629,57,0,1572,1599,559335,72,6,0,66,30
2020-04-28,US,Delaware,Sussex,2114,51,0,38.66143781,-75.39031349,10005.0,2063,1870,45,0,1825,1801,229286,244,6,0,238,69
2020-04-28,US,Delaware,Unassigned,32,0,0,0.0,0.0,90010.0,32,11,0,0,11,9,,21,0,0,21,2
2020-04-28,US,District of Columbia,District of Columbia,3994,190,0,38.90417773,-77.01655992,11001.0,3804,3892,185,0,3707,3841,702455,102,5,0,97,51
2020-04-28,US,Florida,Alachua,255,2,0,29.67866525,-82.35928158,12001.0,253,254,2,0,252,251,269956,1,0,0,1,3
2020-04-28,US,Florida,Baker,20,3,0,30.33060121,-82.28467476,12003.0,17,20,3,0,17,20,28355,0,0,0,0,0
2020-04-28,US,Florida,Bay,70,2,0,30.26548745,-85.62122584,12005.0,68,68,2,0,66,65,185287,2,0,0,2,3
2020-04-28,US,Florida,Bradford,44,2,0,29.95079741,-82.16611613,12007.0,42,44,2,0,42,43,27732,0,0,0,0,1
2020-04-28,US,Florida,Brevard,268,8,0,28.29409504,-80.73091022,12009.0,260,266,8,0,258,252,596849,2,0,0,2,14
2020-04-28,US,Florida,Broward,4847,179,0,26.15184651,-80.48725556,12011.0,4668,4794,174,0,4620,4729,1951260,53,5,0,48,65
2020-04-28,US,Florida,Calhoun,6,0,0,30.40666734,-85.19394153,12013.0,6,6,0,0,6,6,14587,0,0,0,0,0
2020-04-28,US,Florida,Charlotte,219,15,0,26.90131002,-81.92949121,12015.0,204,211,14,0,197,203,184998,8,1,0,7,8
2020-04-28,US,Florida,Citrus,97,11,0,28.84804315,-82.47614748,12017.0,86,97,11,0,86,97,147929,0,0,0,0,0
2020-04-28,US,Florida,Clay,272,14,0,29.98319144,-81.85609986,12019.0,258,271,14,0,257,267,216072,1,0,0,1,4
2020-04-28,US,Florida,Collier,568,16,0,26.11091986,-81.34687065,12021.0,552,562,15,0,547,552,378488,6,1,0,5,10
2020-04-28,US,Florida,Columbia,55,2,0,30.22509788,-82.62160164,12023.0,53,53,0,0,53,49,70503,2,2,0,0,4
2020-04-28,US,Florida,DeSoto,26,4,0,27.18677893,-81.80941373,12027.0,22,25,4,0,21,24,37489,1,0,0,1,1
2020-04-28,US,Florida,Dixie,6,0,0,29.60631086,-83.15724673,12029.0,6,5,0,0,5,6,16700,1,0,0,1,-1
2020-04-28,US,Florida,Duval,1001,20,0,30.33225875,-81.66976468,12031.0,981,990,19,0,971,984,950181,11,1,0,10,6
2020-04-28,US,Florida,Escambia,485,11,0,30.67652764,-87.37284571,12033.0,474,470,11,0,459,457,315534,15,0,0,15,13
2020-04-28,US,Florida,Flagler,131,2,0,29.45933576,-81.31508595,12035.0,129,127,2,0,125,121,112067,4,0,0,4,6
2020-04-28,US,Florida,Franklin,2,0,0,29.83791238,-84.82731662,12037.0,2,2,0,0,2,2,11736,0,0,0,0,0
2020-04-28,US,Florida,Gadsden,94,0,0,30.57796289,-84.61915825,12039.0,94,87,0,0,87,81,45894,7,0,0,7,6
2020-04-28,US,Florida,Gilchrist,4,0,0,29.72856978,-82.79880657,12041.0,4,4,0,0,4,4,18256,0,0,0,0,0
2020-04-28,US,Florida,Glades,6,1,0,26.95635849,-81.18996211,12043.0,5,6,1,0,5,6,13724,0,0,0,0,0
2020-04-28,US,Florida,Gulf,1,0,0,29.93543004,-85.24270990000002,12045.0,1,1,0,0,1,1,16164,0,0,0,0,0
2020-04-28,US,Florida,Hamilton,6,0,0,30.49673973,-82.94998918,12047.0,6,6,0,0,6,6,14310,0,0,0,0,0
2020-04-28,US,Florida,Hardee,14,0,0,27.49293939,-81.80956574,12049.0,14,13,0,0,13,10,27245,1,0,0,1,3
2020-04-28,US,Florida,Hendry,72,2,0,26.55386945,-81.16469006,12051.0,70,68,2,0,66,65,41556,4,0,0,4,3
2020-04-28,US,Florida,Hernando,89,4,0,28.55364461,-82.42700204,12053.0,85,89,4,0,85,89,190865,0,0,0,0,0
2020-04-28,US,Florida,Highlands,81,7,0,27.34254618,-81.34071957,12055.0,74,80,7,0,73,76,105424,1,0,0,1,4
2020-04-28,US,Florida,Hillsborough,1080,22,0,27.9276559,-82.32013172,12057.0,1058,1062,21,0,1041,1048,1436888,18,1,0,17,14
2020-04-28,US,Florida,Holmes,9,0,0,30.86747479,-85.81319222,12059.0,9,9,0,0,9,9,19477,0,0,0,0,0
2020-04-28,US,Florida,Indian River,90,6,0,27.69308961,-80.60556721,12061.0,84,90,5,0,85,89,157413,0,1,0,-1,1
2020-04-28,US,Florida,Jackson,13,0,0,30.795459700000002,-85.21500423,12063.0,13,13,0,0,13,13,48305,0,0,0,0,0
2020-04-28,US,Florida,Jefferson,28,2,0,30.43669112,-83.89442308,12065.0,26,28,2,0,26,27,14288,0,0,0,0,1
2020-04-28,US,Florida,Lafayette,1,0,0,29.98484137,-83.18166636,12067.0,1,1,0,0,1,1,8732,0,0,0,0,0
2020-04-28,US,Florida,Lake,226,10,0,28.76202069,-81.7125123,12069.0,216,223,10,0,213,222,356495,3,0,0,3,1
2020-04-28,US,Florida,Lee,990,40,0,26.58410348,-81.88399313,12071.0,950,971,37,0,934,961,754610,19,3,0,16,10
2020-04-28,US,Florida,Leon,213,3,0,30.45955727,-84.27491114,12073.0,210,212,3,0,209,210,292502,1,0,0,1,2
2020-04-28,US,Florida,Levy,18,0,0,29.31829741,-82.74007147,12075.0,18,13,0,0,13,13,40770,5,0,0,5,0
2020-04-28,US,Florida,Liberty,2,0,0,30.23766008,-84.8829258,12077.0,2,2,0,0,2,2,8457,0,0,0,0,0
2020-04-28,US,Florida,Madison,49,2,0,30.44396917,-83.47398594,12079.0,47,44,2,0,42,43,18529,5,0,0,5,1
2020-04-28,US,Florida,Manatee,563,46,0,27.47196942,-82.31831044,12081.0,517,533,42,0,491,508,394855,30,4,0,26,25
2020-04-28,US,Florida,Marion,160,4,0,29.21227113,-82.05803627,12083.0,156,151,4,0,147,151,359977,9,0,0,9,0
2020-04-28,US,Florida,Martin,185,5,0,27.0772071,-80.43109784,12085.0,180,183,5,0,178,174,160912,2,0,0,2,9
2020-04-28,US,Florida,Miami-Dade,11831,324,0,25.6112362,-80.55170587,12086.0,11507,11570,302,0,11268,11351,2761581,261,22,0,239,219
2020-04-28,US,Florida,Monroe,79,3,0,25.20904673,-81.07812416,12087.0,76,79,3,0,76,78,75027,0,0,0,0,1
2020-04-28,US,Florida,Nassau,53,0,0,30.61037141,-81.80297522,12089.0,53,53,0,0,53,53,85832,0,0,0,0,0
2020-04-28,US,Florida,Okaloosa,152,3,0,30.69143028,-86.59267105,12091.0,149,149,3,0,146,149,207269,3,0,0,3,0
2020-04-28,US,Florida,Okeechobee,10,0,0,27.386336199999995,-80.88944347,12093.0,10,10,0,0,10,9,41537,0,0,0,0,1
2020-04-28,US,Florida,Orange,1363,32,0,28.51367621,-81.31799498,12095.0,1331,1339,30,0,1309,1322,1380645,24,2,0,22,17
2020-04-28,US,Florida,Osceola,474,7,0,28.06312234,-81.14882926,12097.0,467,470,7,0,463,463,367990,4,0,0,4,7
2020-04-28,US,Florida,Palm Beach,2877,173,0,26.64676272,-80.46536002,12099.0,2704,2763,156,0,2607,2697,1485941,114,17,0,97,66
2020-04-28,US,Florida,Pasco,239,6,0,28.30810945,-82.40227529,12101.0,233,237,5,0,232,233,539630,2,1,0,1,4
2020-04-28,US,Florida,Pinellas,709,31,0,27.93130349,-82.72239666,12103.0,678,698,25,0,673,687,975280,11,6,0,5,11
2020-04-28,US,Florida,Polk,457,20,0,27.95027105,-81.69732947,12105.0,437,441,18,0,423,410,708009,16,2,0,14,31
2020-04-28,US,Florida,Putnam,103,1,0,29.60779729,-81.74230285,12107.0,102,87,1,0,86,87,74163,16,0,0,16,0
2020-04-28,US,Florida,Santa Rosa,151,7,0,30.69341450000001,-87.02458128,12113.0,144,150,6,0,144,149,179349,1,1,0,0,1
2020-04-28,US,Florida,Sarasota,334,39,0,27.18546175,-82.33174248,12115.0,295,323,32,0,291,321,426718,11,7,0,4,2
2020-04-28,US,Florida,Seminole,374,8,0,28.7158582,-81.24060348,12117.0,366,367,8,0,359,357,467832,7,0,0,7,10
2020-04-28,US,Florida,St. Johns,207,4,0,29.90096506,-81.43589967,12109.0,203,204,4,0,200,204,254261,3,0,0,3,0
2020-04-28,US,Florida,St. Lucie,239,22,0,27.37763908,-80.47106649,12111.0,217,236,20,0,216,228,321128,3,2,0,1,8
2020-04-28,US,Florida,Sumter,177,13,0,28.70181754,-82.0794267,12119.0,164,173,12,0,161,171,128754,4,1,0,3,2
2020-04-28,US,Florida,Suwannee,128,14,0,30.19746066,-82.99099670000003,12121.0,114,118,11,0,107,116,44191,10,3,0,7,2
2020-04-28,US,Florida,Taylor,3,0,0,30.04848048,-83.60445406,12123.0,3,3,0,0,3,3,21623,0,0,0,0,0
2020-04-28,US,Florida,Unassigned,4,0,0,0.0,0.0,90012.0,4,1,0,0,1,1,,3,0,0,3,0
2020-04-28,US,Florida,Union,4,0,0,30.04412971,-82.37497443,12125.0,4,4,0,0,4,4,14940,0,0,0,0,0
2020-04-28,US,Florida,Volusia,445,18,0,29.05858895,-81.18263252,12127.0,427,440,18,0,422,434,547538,5,0,0,5,6
2020-04-28,US,Florida,Wakulla,22,1,0,30.16548905,-84.39895211,12129.0,21,22,1,0,21,21,32461,0,0,0,0,1
2020-04-28,US,Florida,Walton,35,0,0,30.64204028,-86.16935664,12131.0,35,35,0,0,35,35,71375,0,0,0,0,0
2020-04-28,US,Florida,Washington,12,0,0,30.61359259,-85.66002461,12133.0,12,12,0,0,12,12,24880,0,0,0,0,0
2020-04-28,US,Georgia,Appling,65,5,0,31.74847232,-82.28909114,13001.0,60,60,5,0,55,56,18507,5,0,0,5,4
2020-04-28,US,Georgia,Atkinson,7,0,0,31.29633502,-82.87545866,13003.0,7,7,0,0,7,7,8297,0,0,0,0,0
2020-04-28,US,Georgia,Bacon,22,1,0,31.55456473,-82.45936528,13005.0,21,22,1,0,21,21,11185,0,0,0,0,1
2020-04-28,US,Georgia,Baker,21,2,0,31.32669878,-84.44218806,13007.0,19,21,2,0,19,19,3092,0,0,0,0,2
2020-04-28,US,Georgia,Baldwin,202,6,0,33.06882326,-83.24701748,13009.0,196,193,6,0,187,181,44823,9,0,0,9,12
2020-04-28,US,Georgia,Banks,18,0,0,34.35607081,-83.49644388,13011.0,18,17,0,0,17,18,18988,1,0,0,1,-1
2020-04-28,US,Georgia,Barrow,123,4,0,33.99148694,-83.71436292,13013.0,119,113,4,0,109,108,80809,10,0,0,10,5
2020-04-28,US,Georgia,Bartow,298,30,0,34.23732119,-84.83887523,13015.0,268,289,29,0,260,286,106408,9,1,0,8,3
2020-04-28,US,Georgia,Ben Hill,25,0,0,31.76095874,-83.22145359,13017.0,25,24,0,0,24,23,16787,1,0,0,1,1
2020-04-28,US,Georgia,Berrien,18,0,0,31.27590016,-83.22529920000002,13019.0,18,15,0,0,15,16,19252,3,0,0,3,-1
2020-04-28,US,Georgia,Bibb,269,8,0,32.80904227,-83.70489165,13021.0,261,256,7,0,249,248,153095,13,1,0,12,8
2020-04-28,US,Georgia,Bleckley,12,0,0,32.43829035,-83.33035166,13023.0,12,9,0,0,9,9,12838,3,0,0,3,0
2020-04-28,US,Georgia,Brantley,22,2,0,31.19576557,-81.97743999,13025.0,20,21,2,0,19,21,18897,1,0,0,1,0
2020-04-28,US,Georgia,Brooks,52,6,0,30.83922642,-83.58303423,13027.0,46,52,6,0,46,39,15513,0,0,0,0,13
2020-04-28,US,Georgia,Bryan,49,2,0,32.00979311,-81.44002948,13029.0,47,48,2,0,46,47,38109,1,0,0,1,1
2020-04-28,US,Georgia,Bulloch,34,2,0,32.39577406,-81.74811421,13031.0,32,34,2,0,32,34,77296,0,0,0,0,0
2020-04-28,US,Georgia,Burke,74,3,0,33.05917989,-81.99928721,13033.0,71,77,3,0,74,77,22423,-3,0,0,-3,0
2020-04-28,US,Georgia,Butts,129,3,0,33.283094500000004,-83.95435040000002,13035.0,126,126,3,0,123,126,24193,3,0,0,3,0
2020-04-28,US,Georgia,Calhoun,87,4,0,31.53169785,-84.62725131,13037.0,83,87,3,0,84,86,6352,0,1,0,-1,1
2020-04-28,US,Georgia,Camden,31,1,0,30.92951916,-81.66601818,13039.0,30,30,1,0,29,28,53677,1,0,0,1,2
2020-04-28,US,Georgia,Candler,7,0,0,32.40209349,-82.07702563,13043.0,7,8,0,0,8,8,10836,-1,0,0,-1,0
2020-04-28,US,Georgia,Carroll,334,13,0,33.58138199,-85.07976677,13045.0,321,329,13,0,316,326,118121,5,0,0,5,3
2020-04-28,US,Georgia,Catoosa,46,0,0,34.89872298,-85.13757014,13047.0,46,46,0,0,46,46,67420,0,0,0,0,0
2020-04-28,US,Georgia,Charlton,9,0,0,30.78371028,-82.13951596,13049.0,9,8,0,0,8,7,12968,1,0,0,1,1
2020-04-28,US,Georgia,Chatham,217,7,0,32.00043026,-81.12489526,13051.0,210,208,7,0,201,206,289195,9,0,0,9,2
2020-04-28,US,Georgia,Chattahoochee,11,0,0,32.34341231,-84.78809239,13053.0,11,9,0,0,9,8,10684,2,0,0,2,1
2020-04-28,US,Georgia,Chattooga,14,1,0,34.47197698,-85.34535662,13055.0,13,14,1,0,13,13,24790,0,0,0,0,1
2020-04-28,US,Georgia,Cherokee,432,11,0,34.24393976,-84.47431861,13057.0,421,393,10,0,383,374,254149,39,1,0,38,19
2020-04-28,US,Georgia,Clarke,142,13,0,33.95436462,-83.37124007,13059.0,129,140,13,0,127,123,127330,2,0,0,2,17
2020-04-28,US,Georgia,Clay,20,2,0,31.62221166,-84.97713865,13061.0,18,20,2,0,18,20,2887,0,0,0,0,0
2020-04-28,US,Georgia,Clayton,669,24,0,33.54187245,-84.35594188,13063.0,645,649,24,0,625,641,289615,20,0,0,20,8
2020-04-28,US,Georgia,Clinch,8,0,0,30.91395822,-82.70432472,13065.0,8,7,0,0,7,7,6648,1,0,0,1,0
2020-04-28,US,Georgia,Cobb,1515,81,0,33.94243204,-84.5761255,13067.0,1434,1483,81,0,1402,1428,756865,32,0,0,32,55
2020-04-28,US,Georgia,Coffee,121,4,0,31.54892966,-82.85492059999999,13069.0,117,109,4,0,105,107,43093,12,0,0,12,2
2020-04-28,US,Georgia,Colquitt,179,6,0,31.18810588,-83.7677946,13071.0,173,172,6,0,166,165,45592,7,0,0,7,7
2020-04-28,US,Georgia,Columbia,149,3,0,33.54534185,-82.263524,13073.0,146,145,2,0,143,143,154291,4,1,0,3,2
2020-04-28,US,Georgia,Cook,20,1,0,31.16068491,-83.42947229,13075.0,19,17,1,0,16,17,17162,3,0,0,3,0
2020-04-28,US,Georgia,Coweta,191,4,0,33.35334302,-84.76129976,13077.0,187,190,4,0,186,188,145864,1,0,0,1,2
2020-04-28,US,Georgia,Crawford,15,0,0,32.71391813,-83.98061238,13079.0,15,14,0,0,14,14,12318,1,0,0,1,0
2020-04-28,US,Georgia,Crisp,159,3,0,31.92289565,-83.76811843,13081.0,156,157,3,0,154,153,22601,2,0,0,2,4
2020-04-28,US,Georgia,Dade,14,1,0,34.854916700000004,-85.50490424,13083.0,13,17,1,0,16,16,16226,-3,0,0,-3,1
2020-04-28,US,Georgia,Dawson,58,1,0,34.44244079,-84.16964071,13085.0,57,53,1,0,52,51,25083,5,0,0,5,2
2020-04-28,US,Georgia,DeKalb,1887,43,0,33.76944049,-84.22396017,13089.0,1844,1855,42,0,1813,1800,756558,32,1,0,31,55
2020-04-28,US,Georgia,Decatur,66,1,0,30.87967778,-84.57619536,13087.0,65,64,1,0,63,60,26575,2,0,0,2,4
2020-04-28,US,Georgia,Dodge,24,1,0,32.17265114,-83.16948926,13091.0,23,24,1,0,23,23,20705,0,0,0,0,1
2020-04-28,US,Georgia,Dooly,119,8,0,32.15630737,-83.79746561,13093.0,111,119,8,0,111,112,13706,0,0,0,0,7
2020-04-28,US,Georgia,Dougherty,1491,118,0,31.53328528,-84.21722377,13095.0,1373,1480,114,0,1366,1470,91243,11,4,0,7,10
2020-04-28,US,Georgia,Douglas,298,11,0,33.70291126,-84.77026156,13097.0,287,284,11,0,273,278,145331,14,0,0,14,6
2020-04-28,US,Georgia,Early,202,15,0,31.32155345,-84.90255207,13099.0,187,202,15,0,187,198,10247,0,0,0,0,4
2020-04-28,US,Georgia,Echols,5,0,0,30.71101099,-82.89687287,13101.0,5,5,0,0,5,5,4000,0,0,0,0,0
2020-04-28,US,Georgia,Effingham,34,1,0,32.36616021,-81.34280942,13103.0,33,34,1,0,33,34,62190,0,0,0,0,0
2020-04-28,US,Georgia,Elbert,19,0,0,34.11302332,-82.83936148,13105.0,19,19,0,0,19,19,19120,0,0,0,0,0
2020-04-28,US,Georgia,Emanuel,20,0,0,32.59221302,-82.30239915,13107.0,20,20,0,0,20,19,22612,0,0,0,0,1
2020-04-28,US,Georgia,Evans,4,0,0,32.15328841,-81.8870105,13109.0,4,4,0,0,4,4,10721,0,0,0,0,0
2020-04-28,US,Georgia,Fannin,27,1,0,34.86430205,-84.316964,13111.0,26,24,0,0,24,23,25964,3,1,0,2,1
2020-04-28,US,Georgia,Fayette,171,9,0,33.41357794,-84.49089434,13113.0,162,169,8,0,161,161,113459,2,1,0,1,8
2020-04-28,US,Georgia,Floyd,134,11,0,34.26268279,-85.21577392,13115.0,123,134,11,0,123,133,97927,0,0,0,0,1
2020-04-28,US,Georgia,Forsyth,284,9,0,34.22604035,-84.12315129999998,13117.0,275,271,8,0,263,252,236612,13,1,0,12,19
2020-04-28,US,Georgia,Franklin,17,0,0,34.37525597,-83.23159927,13119.0,17,17,0,0,17,17,23023,0,0,0,0,0
2020-04-28,US,Georgia,Fulton,2727,108,0,33.79216944,-84.46319413,13121.0,2619,2680,103,0,2577,2545,1050114,47,5,0,42,135
2020-04-28,US,Georgia,Gilmer,56,0,0,34.69316688,-84.45802506,13123.0,56,54,0,0,54,46,30816,2,0,0,2,8
2020-04-28,US,Georgia,Glynn,55,1,0,31.23279254,-81.53811412,13127.0,54,51,1,0,50,51,85219,4,0,0,4,0
2020-04-28,US,Georgia,Gordon,85,12,0,34.50487351,-84.87296253,13129.0,73,81,12,0,69,81,57685,4,0,0,4,0
2020-04-28,US,Georgia,Grady,58,3,0,30.87454847,-84.23418364,13131.0,55,54,3,0,51,48,24748,4,0,0,4,6
2020-04-28,US,Georgia,Greene,52,2,0,33.5769205,-83.17139104,13133.0,50,54,1,0,53,53,17698,-2,1,0,-3,1
2020-04-28,US,Georgia,Gwinnett,1603,54,0,33.96044201,-84.02137802,13135.0,1549,1545,52,0,1493,1504,927781,58,2,0,56,41
2020-04-28,US,Georgia,Habersham,212,7,0,34.63331566,-83.53094677,13137.0,205,193,4,0,189,171,45388,19,3,0,16,22
2020-04-28,US,Georgia,Hall,1183,16,0,34.32207823,-83.81896936,13139.0,1167,1098,12,0,1086,1033,202148,85,4,0,81,65
2020-04-28,US,Georgia,Hancock,37,1,0,33.2721566,-82.99766919,13141.0,36,25,0,0,25,18,8348,12,1,0,11,7
2020-04-28,US,Georgia,Haralson,27,1,0,33.79602175,-85.21005667,13143.0,26,27,1,0,26,26,29533,0,0,0,0,1
2020-04-28,US,Georgia,Harris,57,2,0,32.73709786,-84.90538572,13145.0,55,57,2,0,55,56,34475,0,0,0,0,1
2020-04-28,US,Georgia,Hart,9,0,0,34.34626973,-82.96567682,13147.0,9,9,0,0,9,6,26099,0,0,0,0,3
2020-04-28,US,Georgia,Heard,10,1,0,33.29686567,-85.12886832,13149.0,9,10,1,0,9,9,11879,0,0,0,0,1
2020-04-28,US,Georgia,Henry,487,11,0,33.4533428,-84.14814659999998,13151.0,476,464,11,0,453,451,230220,23,0,0,23,13
2020-04-28,US,Georgia,Houston,219,13,0,32.45802497,-83.66879087,13153.0,206,215,13,0,202,209,155469,4,0,0,4,6
2020-04-28,US,Georgia,Irwin,15,1,0,31.60213036,-83.27501387,13155.0,14,15,1,0,14,15,9398,0,0,0,0,0
2020-04-28,US,Georgia,Jackson,78,1,0,34.13794553,-83.56814788,13157.0,77,77,1,0,76,73,70422,1,0,0,1,4
2020-04-28,US,Georgia,Jasper,21,0,0,33.31535543,-83.68844964,13159.0,21,20,0,0,20,20,14040,1,0,0,1,0
2020-04-28,US,Georgia,Jeff Davis,14,1,0,31.80405727,-82.63724870000001,13161.0,13,14,1,0,13,11,15029,0,0,0,0,3
2020-04-28,US,Georgia,Jefferson,14,1,0,33.05867328,-82.41609057,13163.0,13,14,1,0,13,14,15430,0,0,0,0,0
2020-04-28,US,Georgia,Jenkins,16,1,0,32.79248718,-81.96040187,13165.0,15,16,1,0,15,16,8683,0,0,0,0,0
2020-04-28,US,Georgia,Johnson,39,2,0,32.70211082,-82.66166794,13167.0,37,39,2,0,37,36,9708,0,0,0,0,3
2020-04-28,US,Georgia,Jones,28,0,0,33.02512137,-83.56019163,13169.0,28,27,0,0,27,26,28616,1,0,0,1,1
2020-04-28,US,Georgia,Lamar,35,2,0,33.07841647,-84.14263877,13171.0,33,34,0,0,34,33,19000,1,2,0,-1,1
2020-04-28,US,Georgia,Lanier,8,1,0,31.03828570000001,-83.06472457,13173.0,7,8,1,0,7,8,10340,0,0,0,0,0
2020-04-28,US,Georgia,Laurens,54,1,0,32.46325233,-82.92221316,13175.0,53,54,1,0,53,52,47325,0,0,0,0,2
2020-04-28,US,Georgia,Lee,313,19,0,31.779330600000005,-84.14324253,13177.0,294,307,19,0,288,302,29764,6,0,0,6,5
2020-04-28,US,Georgia,Liberty,37,0,0,31.82588896,-81.49251135,13179.0,37,35,0,0,35,35,61497,2,0,0,2,0
2020-04-28,US,Georgia,Lincoln,11,0,0,33.79201475,-82.45024131,13181.0,11,10,0,0,10,10,7915,1,0,0,1,0
2020-04-28,US,Georgia,Long,4,0,0,31.75218791,-81.74952375,13183.0,4,4,0,0,4,3,18998,0,0,0,0,1
2020-04-28,US,Georgia,Lowndes,146,4,0,30.83568832,-83.27056716,13185.0,142,139,4,0,135,131,116321,7,0,0,7,8
2020-04-28,US,Georgia,Lumpkin,37,1,0,34.57286511,-84.00425681,13187.0,36,32,1,0,31,29,32955,5,0,0,5,3
2020-04-28,US,Georgia,Macon,75,3,0,32.35207048,-84.04234127,13193.0,72,73,3,0,70,70,13143,2,0,0,2,3
2020-04-28,US,Georgia,Madison,23,1,0,34.12920917,-83.21218732,13195.0,22,22,1,0,21,22,29650,1,0,0,1,0
2020-04-28,US,Georgia,Marion,40,1,0,32.3483402,-84.52733571,13197.0,39,40,1,0,39,38,8351,0,0,0,0,2
2020-04-28,US,Georgia,McDuffie,44,4,0,33.47851918,-82.48252774,13189.0,40,44,4,0,40,43,21531,0,0,0,0,1
2020-04-28,US,Georgia,McIntosh,4,0,0,31.49683595,-81.40163426,13191.0,4,4,0,0,4,4,14340,0,0,0,0,0
2020-04-28,US,Georgia,Meriwether,53,1,0,33.04163534,-84.68859732,13199.0,52,49,0,0,49,49,21068,4,1,0,3,0
2020-04-28,US,Georgia,Miller,29,0,0,31.16568912,-84.73151117,13201.0,29,29,0,0,29,29,5686,0,0,0,0,0
2020-04-28,US,Georgia,Mitchell,293,29,0,31.22483255,-84.19381821,13205.0,264,293,28,0,265,290,22192,0,1,0,-1,3
2020-04-28,US,Georgia,Monroe,22,1,0,33.014289,-83.92097166,13207.0,21,22,1,0,21,20,27520,0,0,0,0,2
2020-04-28,US,Georgia,Montgomery,2,0,0,32.17201038,-82.53527476,13209.0,2,2,0,0,2,2,9193,0,0,0,0,0
2020-04-28,US,Georgia,Morgan,24,0,0,33.59232073,-83.49129491,13211.0,24,25,0,0,25,23,18853,-1,0,0,-1,2
2020-04-28,US,Georgia,Murray,27,0,0,34.78897608,-84.74993177,13213.0,27,25,0,0,25,24,39921,2,0,0,2,1
2020-04-28,US,Georgia,Muscogee,291,6,0,32.50931999,-84.87142262,13215.0,285,283,4,0,279,275,194160,8,2,0,6,8
2020-04-28,US,Georgia,Newton,181,7,0,33.55514538,-83.84547140000002,13217.0,174,173,7,0,166,167,109541,8,0,0,8,6
2020-04-28,US,Georgia,Oconee,58,0,0,33.83749973,-83.43679568,13219.0,58,57,0,0,57,53,39272,1,0,0,1,4
2020-04-28,US,Georgia,Oglethorpe,48,3,0,33.878629600000004,-83.08278123,13221.0,45,48,3,0,45,47,15054,0,0,0,0,1
2020-04-28,US,Georgia,Out of GA,972,13,0,0.0,0.0,80013.0,959,1027,13,0,1014,1022,,-55,0,0,-55,5
2020-04-28,US,Georgia,Paulding,172,7,0,33.91969522,-84.86848792,13223.0,165,166,7,0,159,160,164044,6,0,0,6,6
2020-04-28,US,Georgia,Peach,44,2,0,32.56934316,-83.82937,13225.0,42,39,2,0,37,37,27297,5,0,0,5,2
2020-04-28,US,Georgia,Pickens,25,2,0,34.46589159,-84.46406611,13227.0,23,21,2,0,19,21,31980,4,0,0,4,0
2020-04-28,US,Georgia,Pierce,54,3,0,31.35928155,-82.21598442,13229.0,51,54,2,0,52,52,19389,0,1,0,-1,2
2020-04-28,US,Georgia,Pike,39,2,0,33.09310242,-84.38790389,13231.0,37,39,2,0,37,39,18634,0,0,0,0,0
2020-04-28,US,Georgia,Polk,49,0,0,34.00267074,-85.18677781,13233.0,49,49,0,0,49,46,42470,0,0,0,0,3
2020-04-28,US,Georgia,Pulaski,25,1,0,32.23334561,-83.47549959999998,13235.0,24,24,1,0,23,20,11069,1,0,0,1,4
2020-04-28,US,Georgia,Putnam,37,5,0,33.32056115,-83.37552891,13237.0,32,37,5,0,32,31,21809,0,0,0,0,6
2020-04-28,US,Georgia,Quitman,5,1,0,31.86728114,-85.01773177,13239.0,4,4,1,0,3,3,2279,1,0,0,1,1
2020-04-28,US,Georgia,Rabun,12,1,0,34.88389445,-83.40304637,13241.0,11,10,0,0,10,9,16867,2,1,0,1,1
2020-04-28,US,Georgia,Randolph,156,19,0,31.76622818,-84.75732369,13243.0,137,156,19,0,137,153,6833,0,0,0,0,3
2020-04-28,US,Georgia,Richmond,382,14,0,33.35777107,-82.07026432,13245.0,368,377,14,0,363,360,201554,5,0,0,5,17
2020-04-28,US,Georgia,Rockdale,172,6,0,33.65145002,-84.02202167,13247.0,166,166,6,0,160,161,90594,6,0,0,6,5
2020-04-28,US,Georgia,Schley,16,1,0,32.2654021,-84.31258912,13249.0,15,16,1,0,15,16,5236,0,0,0,0,0
2020-04-28,US,Georgia,Screven,15,1,0,32.74976524,-81.60779441,13251.0,14,14,1,0,13,14,13938,1,0,0,1,0
2020-04-28,US,Georgia,Seminole,30,2,0,30.93464824,-84.86823924,13253.0,28,29,2,0,27,27,8315,1,0,0,1,2
2020-04-28,US,Georgia,Spalding,199,8,0,33.26310031,-84.28013991,13255.0,191,197,8,0,189,190,66100,2,0,0,2,7
2020-04-28,US,Georgia,Stephens,71,1,0,34.55151201,-83.29405315,13257.0,70,73,1,0,72,70,26035,-2,0,0,-2,3
2020-04-28,US,Georgia,Stewart,21,0,0,32.07996777,-84.83208037,13259.0,21,18,0,0,18,17,6199,3,0,0,3,1
2020-04-28,US,Georgia,Sumter,370,26,0,32.03650571,-84.19821492,13261.0,344,362,24,0,338,356,29733,8,2,0,6,6
2020-04-28,US,Georgia,Talbot,22,1,0,32.69642758,-84.53351366,13263.0,21,21,1,0,20,21,6272,1,0,0,1,0
2020-04-28,US,Georgia,Tattnall,8,0,0,32.04785085,-82.05539188,13267.0,8,7,0,0,7,7,25391,1,0,0,1,0
2020-04-28,US,Georgia,Taylor,17,2,0,32.55792548,-84.25077141,13269.0,15,17,2,0,15,16,8039,0,0,0,0,1
2020-04-28,US,Georgia,Telfair,25,0,0,31.92829517,-82.93491155,13271.0,25,25,0,0,25,26,15876,0,0,0,0,-1
2020-04-28,US,Georgia,Terrell,170,18,0,31.77527543,-84.44069698,13273.0,152,167,18,0,149,165,8611,3,0,0,3,2
2020-04-28,US,Georgia,Thomas,173,17,0,30.86392347,-83.91847289,13275.0,156,162,16,0,146,158,44448,11,1,0,10,4
2020-04-28,US,Georgia,Tift,97,5,0,31.45743864,-83.5236119,13277.0,92,100,5,0,95,102,40571,-3,0,0,-3,-2
2020-04-28,US,Georgia,Toombs,28,3,0,32.12059861,-82.32957247,13279.0,25,28,3,0,25,27,26887,0,0,0,0,1
2020-04-28,US,Georgia,Towns,21,1,0,34.91369188,-83.74107459999998,13281.0,20,20,0,0,20,20,11852,1,1,0,0,0
2020-04-28,US,Georgia,Treutlen,3,0,0,32.40422134,-82.56904553,13283.0,3,2,0,0,2,2,6809,1,0,0,1,0
2020-04-28,US,Georgia,Troup,141,4,0,33.03349196,-85.02812115,13285.0,137,138,4,0,134,126,70034,3,0,0,3,12
2020-04-28,US,Georgia,Turner,66,8,0,31.71612656,-83.62069378,13287.0,58,64,8,0,56,63,7912,2,0,0,2,1
2020-04-28,US,Georgia,Twiggs,7,0,0,32.67435595,-83.43078662,13289.0,7,7,0,0,7,7,8188,0,0,0,0,0
2020-04-28,US,Georgia,Unassigned,608,2,0,0.0,0.0,90013.0,606,633,2,0,631,622,,-25,0,0,-25,11
2020-04-28,US,Georgia,Union,34,1,0,34.82995757,-83.98967069,13291.0,33,32,2,0,30,32,24001,2,-1,0,3,0
2020-04-28,US,Georgia,Upson,208,17,0,32.87920671,-84.30024826,13293.0,191,203,17,0,186,197,26215,5,0,0,5,6
2020-04-28,US,Georgia,Walker,58,0,0,34.73376362,-85.30165174,13295.0,58,59,0,0,59,59,69410,-1,0,0,-1,0
2020-04-28,US,Georgia,Walton,110,3,0,33.78017694,-83.73552314,13297.0,107,100,3,0,97,97,93503,10,0,0,10,3
2020-04-28,US,Georgia,Ware,112,9,0,31.05449097,-82.42224148,13299.0,103,112,8,0,104,107,35680,0,1,0,-1,5
2020-04-28,US,Georgia,Warren,12,0,0,33.41146451,-82.67795848,13301.0,12,12,0,0,12,12,5251,0,0,0,0,0
2020-04-28,US,Georgia,Washington,38,1,0,32.96711864,-82.79357039,13303.0,37,37,1,0,36,34,20386,1,0,0,1,3
2020-04-28,US,Georgia,Wayne,12,0,0,31.5521809,-81.91894878,13305.0,12,12,0,0,12,11,29808,0,0,0,0,1
2020-04-28,US,Georgia,Webster,10,2,0,32.04066113,-84.54742852,13307.0,8,10,2,0,8,8,2611,0,0,0,0,2
2020-04-28,US,Georgia,Wheeler,4,0,0,32.12009104,-82.72574721,13309.0,4,4,0,0,4,3,7879,0,0,0,0,1
2020-04-28,US,Georgia,White,56,0,0,34.64624278,-83.74905525,13311.0,56,48,0,0,48,38,29970,8,0,0,8,10
2020-04-28,US,Georgia,Whitfield,75,4,0,34.80987459,-84.96093476,13313.0,71,69,4,0,65,63,104062,6,0,0,6,6
2020-04-28,US,Georgia,Wilcox,89,8,0,31.97496928,-83.43438555,13315.0,81,72,7,0,65,68,8812,17,1,0,16,4
2020-04-28,US,Georgia,Wilkes,23,0,0,33.78290391,-82.74286107,13317.0,23,23,0,0,23,23,9876,0,0,0,0,0
2020-04-28,US,Georgia,Wilkinson,34,2,0,32.80291082,-83.17140684,13319.0,32,32,2,0,30,31,9036,2,0,0,2,1
2020-04-28,US,Georgia,Worth,144,8,0,31.55162306,-83.85090513,13321.0,136,143,9,0,134,141,20299,1,-1,0,2,2
2020-04-28,US,Hawaii,Hawaii,70,0,0,19.60121157,-155.5210167,15001.0,70,70,0,0,70,70,200983,0,0,0,0,0
2020-04-28,US,Hawaii,Honolulu,396,11,0,21.45803166,-157.97121819999995,15003.0,385,396,11,0,385,396,980080,0,0,0,0,0
2020-04-28,US,Hawaii,Kauai,21,0,0,22.03935037,-159.5966786,15007.0,21,21,0,0,21,21,72133,0,0,0,0,0
2020-04-28,US,Hawaii,Maui,115,5,0,20.86399628,-156.56890969999995,15009.0,110,113,5,0,108,112,167207,2,0,0,2,1
2020-04-28,US,Hawaii,Out of HI,7,0,0,0.0,0.0,80015.0,7,7,0,0,7,7,,0,0,0,0,0
2020-04-28,US,Idaho,Ada,662,16,0,43.4526575,-116.24155159999998,16001.0,646,650,15,0,635,650,469966,12,1,0,11,0
2020-04-28,US,Idaho,Adams,3,0,0,44.89333571,-116.4545247,16003.0,3,3,0,0,3,3,4250,0,0,0,0,0
2020-04-28,US,Idaho,Bannock,10,0,0,42.67002716,-112.2233311,16005.0,10,8,0,0,8,8,87138,2,0,0,2,0
2020-04-28,US,Idaho,Bingham,3,0,0,43.21672879999999,-112.3978437,16011.0,3,3,0,0,3,3,46236,0,0,0,0,0
2020-04-28,US,Idaho,Blaine,497,5,0,43.4085812,-113.9752658,16013.0,492,492,5,0,487,492,22601,5,0,0,5,0
2020-04-28,US,Idaho,Bonner,4,0,0,48.29996017,-116.6017932,16017.0,4,4,0,0,4,4,44727,0,0,0,0,0
2020-04-28,US,Idaho,Bonneville,27,0,0,43.38713372,-111.6161537,16019.0,27,28,0,0,28,28,116854,-1,0,0,-1,0
2020-04-28,US,Idaho,Camas,1,0,0,43.46665742,-114.8065892,16025.0,1,1,0,0,1,1,1127,0,0,0,0,0
2020-04-28,US,Idaho,Canyon,250,6,0,43.61970148,-116.70954990000001,16027.0,244,233,6,0,227,233,223499,17,0,0,17,0
2020-04-28,US,Idaho,Caribou,1,0,0,42.77149116,-111.5597683,16029.0,1,1,0,0,1,1,7060,0,0,0,0,0
2020-04-28,US,Idaho,Cassia,12,1,0,42.28347888,-113.6012409,16031.0,11,12,1,0,11,12,23864,0,0,0,0,0
2020-04-28,US,Idaho,Custer,2,0,0,44.24186819,-114.2855494,16037.0,2,2,0,0,2,2,4280,0,0,0,0,0
2020-04-28,US,Idaho,Elmore,30,2,0,43.3507101,-115.4701578,16039.0,28,29,2,0,27,29,27259,1,0,0,1,0
2020-04-28,US,Idaho,Fremont,2,0,0,44.22800938,-111.48099429999999,16043.0,2,2,0,0,2,2,13168,0,0,0,0,0
2020-04-28,US,Idaho,Gem,12,0,0,44.06482372,-116.398376,16045.0,12,12,0,0,12,12,17634,0,0,0,0,0
2020-04-28,US,Idaho,Gooding,9,0,0,42.96927962,-114.81083059999999,16047.0,9,9,0,0,9,9,15196,0,0,0,0,0
2020-04-28,US,Idaho,Idaho,3,0,0,45.84721541,-115.4634436,16049.0,3,3,0,0,3,3,16513,0,0,0,0,0
2020-04-28,US,Idaho,Jefferson,5,0,0,43.82078483,-112.3131749,16051.0,5,5,0,0,5,5,29439,0,0,0,0,0
2020-04-28,US,Idaho,Jerome,48,2,0,42.68891267,-114.2655033,16053.0,46,46,2,0,44,46,24015,2,0,0,2,0
2020-04-28,US,Idaho,Kootenai,61,0,0,47.67282258,-116.7020872,16055.0,61,61,0,0,61,61,161505,0,0,0,0,0
2020-04-28,US,Idaho,Latah,5,0,0,46.81587887,-116.71136979999999,16057.0,5,4,0,0,4,4,40134,1,0,0,1,0
2020-04-28,US,Idaho,Lemhi,1,0,0,44.9438088,-113.9309747,16059.0,1,1,0,0,1,1,7961,0,0,0,0,0
2020-04-28,US,Idaho,Lincoln,24,0,0,43.0012336,-114.1358773,16063.0,24,22,0,0,22,22,5360,2,0,0,2,0
2020-04-28,US,Idaho,Madison,9,0,0,43.78141028,-111.65384740000002,16065.0,9,8,0,0,8,8,39304,1,0,0,1,0
2020-04-28,US,Idaho,Minidoka,11,0,0,42.85518524,-113.6357257,16067.0,11,10,0,0,10,10,20825,1,0,0,1,0
2020-04-28,US,Idaho,Nez Perce,59,16,0,46.32638236,-116.75009750000001,16069.0,43,58,13,0,45,58,40408,1,3,0,-2,0
2020-04-28,US,Idaho,Owyhee,8,0,0,42.58016894,-116.16938710000001,16073.0,8,8,0,0,8,8,11693,0,0,0,0,0
2020-04-28,US,Idaho,Payette,14,1,0,44.00545243,-116.7647695,16075.0,13,13,1,0,12,13,23551,1,0,0,1,0
2020-04-28,US,Idaho,Power,2,0,0,42.69254894,-112.83957420000002,16077.0,2,2,0,0,2,2,7768,0,0,0,0,0
2020-04-28,US,Idaho,Teton,9,0,0,43.75303583,-111.2056773,16081.0,9,8,0,0,8,8,11640,1,0,0,1,0
2020-04-28,US,Idaho,Twin Falls,165,11,0,42.35440512,-114.6685381,16083.0,154,156,11,0,145,156,86081,9,0,0,9,0
2020-04-28,US,Idaho,Valley,2,0,0,44.76728382,-115.5676773,16085.0,2,2,0,0,2,2,11041,0,0,0,0,0
2020-04-28,US,Idaho,Washington,1,0,0,44.45275475,-116.78476880000001,16087.0,1,1,0,0,1,1,10161,0,0,0,0,0
2020-04-28,US,Illinois,Adams,40,0,0,39.98815591,-91.18786813,17001.0,40,33,0,0,33,32,65691,7,0,0,7,1
2020-04-28,US,Illinois,Alexander,3,0,0,37.18049267,-89.32910838,17003.0,3,3,0,0,3,3,6060,0,0,0,0,0
2020-04-28,US,Illinois,Bond,5,1,0,38.88829622,-89.43534887,17005.0,4,5,1,0,4,5,16630,0,0,0,0,0
2020-04-28,US,Illinois,Boone,81,9,0,42.32359279,-88.82345779,17007.0,72,79,9,0,70,76,53577,2,0,0,2,3
2020-04-28,US,Illinois,Bureau,11,0,0,41.40385234,-89.5283051,17011.0,11,10,0,0,10,10,32993,1,0,0,1,0
2020-04-28,US,Illinois,Calhoun,1,0,0,39.16840183,-90.66330078,17013.0,1,1,0,0,1,1,4802,0,0,0,0,0
2020-04-28,US,Illinois,Carroll,9,2,0,42.06823429,-89.93395545,17015.0,7,9,2,0,7,9,14312,0,0,0,0,0
2020-04-28,US,Illinois,Cass,27,0,0,39.96991073,-90.24734436,17017.0,27,25,0,0,25,27,12260,2,0,0,2,-2
2020-04-28,US,Illinois,Champaign,114,6,0,40.13919438,-88.20046615,17019.0,108,107,6,0,101,105,209983,7,0,0,7,2
2020-04-28,US,Illinois,Christian,28,4,0,39.54581621,-89.27780482,17021.0,24,28,4,0,24,28,32661,0,0,0,0,0
2020-04-28,US,Illinois,Clark,5,0,0,39.33425789,-87.78705622,17023.0,5,4,0,0,4,4,15596,1,0,0,1,0
2020-04-28,US,Illinois,Clay,2,0,0,38.75388572,-88.48914513,17025.0,2,2,0,0,2,2,13253,0,0,0,0,0
2020-04-28,US,Illinois,Clinton,90,1,0,38.60704876,-89.42385254,17027.0,89,85,1,0,84,84,37639,5,0,0,5,1
2020-04-28,US,Illinois,Coles,22,1,0,39.51949084,-88.22358557,17029.0,21,22,1,0,21,22,50885,0,0,0,0,0
2020-04-28,US,Illinois,Cook,33449,1457,0,41.84144849,-87.81658794,17031.0,31992,31953,1347,0,30606,30574,5180493,1496,110,0,1386,1379
2020-04-28,US,Illinois,Crawford,10,0,0,39.0032229,-87.75954624,17033.0,10,10,0,0,10,10,18807,0,0,0,0,0
2020-04-28,US,Illinois,Cumberland,3,0,0,39.27432424,-88.2401158,17035.0,3,3,0,0,3,3,10808,0,0,0,0,0
2020-04-28,US,Illinois,De Witt,2,0,0,40.17514519,-88.90959682,17039.0,2,1,0,0,1,1,15769,1,0,0,1,0
2020-04-28,US,Illinois,DeKalb,82,1,0,41.89373302,-88.76958483,17037.0,81,76,1,0,75,71,104143,6,0,0,6,5
2020-04-28,US,Illinois,Douglas,14,0,0,39.76768052,-88.21854195,17041.0,14,14,0,0,14,13,19479,0,0,0,0,1
2020-04-28,US,Illinois,DuPage,2736,139,0,41.85116968,-88.08642662,17043.0,2597,2628,133,0,2495,2443,928589,108,6,0,102,185
2020-04-28,US,Illinois,Effingham,5,1,0,39.05935711,-88.58969584,17049.0,4,5,1,0,4,5,34208,0,0,0,0,0
2020-04-28,US,Illinois,Fayette,16,2,0,39.00072038,-89.02452658,17051.0,14,16,2,0,14,16,21416,0,0,0,0,0
2020-04-28,US,Illinois,Ford,8,1,0,40.59706922,-88.22350769,17053.0,7,8,1,0,7,8,13264,0,0,0,0,0
2020-04-28,US,Illinois,Franklin,8,0,0,37.99189086,-88.92567818,17055.0,8,8,0,0,8,8,38701,0,0,0,0,0
2020-04-28,US,Illinois,Fulton,3,0,0,40.47289135,-90.20862357,17057.0,3,3,0,0,3,3,34844,0,0,0,0,0
2020-04-28,US,Illinois,Gallatin,2,0,0,37.76430935,-88.22953869,17059.0,2,2,0,0,2,2,5058,0,0,0,0,0
2020-04-28,US,Illinois,Greene,3,0,0,39.35907414,-90.388865,17061.0,3,2,0,0,2,2,13044,1,0,0,1,0
2020-04-28,US,Illinois,Grundy,30,0,0,41.28569601,-88.41905692,17063.0,30,30,0,0,30,30,50972,0,0,0,0,0
2020-04-28,US,Illinois,Hamilton,2,0,0,38.08163641,-88.53883373,17065.0,2,2,0,0,2,2,8163,0,0,0,0,0
2020-04-28,US,Illinois,Hancock,5,0,0,40.40423981,-91.16313899,17067.0,5,5,0,0,5,4,17844,0,0,0,0,1
2020-04-28,US,Illinois,Hardin,1,0,0,37.51810645,-88.26873022,17069.0,1,1,0,0,1,1,3910,0,0,0,0,0
2020-04-28,US,Illinois,Henderson,4,0,0,40.81908672,-90.92491462,17071.0,4,4,0,0,4,4,6709,0,0,0,0,0
2020-04-28,US,Illinois,Henry,38,0,0,41.3533994,-90.13296166,17073.0,38,36,0,0,36,36,49090,2,0,0,2,0
2020-04-28,US,Illinois,Iroquois,20,0,0,40.74717633,-87.82466784,17075.0,20,18,0,0,18,18,27604,2,0,0,2,0
2020-04-28,US,Illinois,Jackson,75,7,0,37.78595185,-89.38232563,17077.0,68,68,7,0,61,67,57419,7,0,0,7,1
2020-04-28,US,Illinois,Jasper,44,3,0,39.01054275,-88.15437049,17079.0,41,42,3,0,39,42,9611,2,0,0,2,0
2020-04-28,US,Illinois,Jefferson,81,9,0,38.29980057,-88.9240025,17081.0,72,83,8,0,75,83,37820,-2,1,0,-3,0
2020-04-28,US,Illinois,Jersey,12,1,0,39.08869046,-90.35393073,17083.0,11,12,1,0,11,12,21847,0,0,0,0,0
2020-04-28,US,Illinois,Jo Daviess,11,0,0,42.36542373,-90.21094405,17085.0,11,11,0,0,11,11,21366,0,0,0,0,0
2020-04-28,US,Illinois,Johnson,4,0,0,37.45939802,-88.88165419,17087.0,4,4,0,0,4,4,12456,0,0,0,0,0
2020-04-28,US,Illinois,Kane,1308,41,0,41.93842729,-88.42861412,17089.0,1267,1185,39,0,1146,1109,534216,123,2,0,121,76
2020-04-28,US,Illinois,Kankakee,313,24,0,41.13746989,-87.86205334,17091.0,289,309,23,0,286,304,110024,4,1,0,3,5
2020-04-28,US,Illinois,Kendall,235,5,0,41.59081014,-88.42869583,17093.0,230,218,5,0,213,208,127915,17,0,0,17,10
2020-04-28,US,Illinois,Knox,36,0,0,40.93148779,-90.21330340000002,17095.0,36,36,0,0,36,36,50112,0,0,0,0,0
2020-04-28,US,Illinois,LaSalle,49,1,0,41.34426129999999,-88.88633881,17099.0,48,46,1,0,45,44,109430,3,0,0,3,2
2020-04-28,US,Illinois,Lake,3192,123,0,42.3224907,-88.00367925,17097.0,3069,3080,118,0,2962,2990,700832,112,5,0,107,90
2020-04-28,US,Illinois,Lawrence,3,0,0,38.71987914,-87.72884035,17101.0,3,3,0,0,3,3,15765,0,0,0,0,0
2020-04-28,US,Illinois,Lee,22,0,0,41.74583951,-89.29977132,17103.0,22,20,0,0,20,19,34223,2,0,0,2,1
2020-04-28,US,Illinois,Livingston,20,1,0,40.89188292,-88.55784752,17105.0,19,20,1,0,19,20,35761,0,0,0,0,0
2020-04-28,US,Illinois,Logan,7,0,0,40.12581572,-89.36638784,17107.0,7,4,0,0,4,4,28925,3,0,0,3,0
2020-04-28,US,Illinois,Macon,103,11,0,39.86064913,-88.96342505,17115.0,92,103,11,0,92,102,104712,0,0,0,0,1
2020-04-28,US,Illinois,Macoupin,30,0,0,39.26119767,-89.92424028,17117.0,30,30,0,0,30,28,45313,0,0,0,0,2
2020-04-28,US,Illinois,Madison,318,18,0,38.83042506,-89.90422563,17119.0,300,306,17,0,289,305,264461,12,1,0,11,1
2020-04-28,US,Illinois,Marion,28,0,0,38.64963204,-88.91899208,17121.0,28,26,0,0,26,26,37620,2,0,0,2,0
2020-04-28,US,Illinois,Marshall,4,0,0,41.0327901,-89.34510444,17123.0,4,4,0,0,4,4,11534,0,0,0,0,0
2020-04-28,US,Illinois,Mason,10,0,0,40.23917274,-89.91824452,17125.0,10,7,0,0,7,6,13565,3,0,0,3,1
2020-04-28,US,Illinois,Massac,4,0,0,37.22078441,-88.71036614,17127.0,4,4,0,0,4,4,14080,0,0,0,0,0
2020-04-28,US,Illinois,McDonough,12,0,0,40.45674722,-90.67775541,17109.0,12,7,0,0,7,6,29955,5,0,0,5,1
2020-04-28,US,Illinois,McHenry,552,31,0,42.32451172,-88.45248227,17111.0,521,538,28,0,510,513,308570,14,3,0,11,25
2020-04-28,US,Illinois,McLean,94,3,0,40.48996987,-88.84621113,17113.0,91,92,3,0,89,88,172828,2,0,0,2,4
2020-04-28,US,Illinois,Menard,7,0,0,40.02742725,-89.80246001,17129.0,7,4,0,0,4,4,12288,3,0,0,3,0
2020-04-28,US,Illinois,Mercer,7,0,0,41.20596782,-90.74290052,17131.0,7,7,0,0,7,7,15601,0,0,0,0,0
2020-04-28,US,Illinois,Monroe,67,10,0,38.27594376,-90.17761038,17133.0,57,64,10,0,54,64,34335,3,0,0,3,0
2020-04-28,US,Illinois,Montgomery,24,1,0,39.23198845,-89.47809254,17135.0,23,23,1,0,22,23,28601,1,0,0,1,0
2020-04-28,US,Illinois,Morgan,21,1,0,39.71654544,-90.20255104,17137.0,20,18,1,0,17,16,33976,3,0,0,3,2
2020-04-28,US,Illinois,Moultrie,5,0,0,39.64187451,-88.62099969,17139.0,5,4,0,0,4,4,14717,1,0,0,1,0
2020-04-28,US,Illinois,Ogle,110,1,0,42.04165196,-89.32184679,17141.0,109,105,1,0,104,87,50923,5,0,0,5,18
2020-04-28,US,Illinois,Peoria,78,2,0,40.78702156,-89.76078901,17143.0,76,68,2,0,66,65,180621,10,0,0,10,3
2020-04-28,US,Illinois,Perry,13,0,0,38.08510853,-89.36856219,17145.0,13,9,0,0,9,8,21174,4,0,0,4,1
2020-04-28,US,Illinois,Piatt,7,0,0,40.01360584,-88.59319339,17147.0,7,7,0,0,7,7,16396,0,0,0,0,0
2020-04-28,US,Illinois,Pike,1,0,0,39.62265059,-90.8877017,17149.0,1,1,0,0,1,1,15611,0,0,0,0,0
2020-04-28,US,Illinois,Pulaski,17,0,0,37.22631423,-89.13085001,17153.0,17,17,0,0,17,15,5463,0,0,0,0,2
2020-04-28,US,Illinois,Randolph,126,1,0,38.05095369,-89.82512254,17157.0,125,109,1,0,108,104,32106,17,0,0,17,5
2020-04-28,US,Illinois,Richland,3,0,0,38.71240969,-88.08475366,17159.0,3,3,0,0,3,3,15763,0,0,0,0,0
2020-04-28,US,Illinois,Rock Island,342,9,0,41.46613806,-90.57042164,17161.0,333,323,8,0,315,304,143477,19,1,0,18,19
2020-04-28,US,Illinois,Saline,3,0,0,37.75332999,-88.54119706,17165.0,3,3,0,0,3,3,23906,0,0,0,0,0
2020-04-28,US,Illinois,Sangamon,159,8,0,39.75836914,-89.65872023,17167.0,151,113,8,0,105,104,195348,46,0,0,46,9
2020-04-28,US,Illinois,Schuyler,1,0,0,40.157179799999994,-90.61114163,17169.0,1,1,0,0,1,1,6907,0,0,0,0,0
2020-04-28,US,Illinois,Shelby,10,0,0,39.39133527,-88.80611122,17173.0,10,10,0,0,10,10,21741,0,0,0,0,0
2020-04-28,US,Illinois,St. Clair,434,25,0,38.46996033,-89.93063427,17163.0,409,403,24,0,379,391,261059,31,1,0,30,12
2020-04-28,US,Illinois,Stark,1,0,0,41.09309773,-89.79745866,17175.0,1,1,0,0,1,1,5427,0,0,0,0,0
2020-04-28,US,Illinois,Stephenson,22,0,0,42.35129217,-89.662598,17177.0,22,16,0,0,16,16,44753,6,0,0,6,0
2020-04-28,US,Illinois,Tazewell,38,3,0,40.50716185,-89.51404662,17179.0,35,37,3,0,34,36,132328,1,0,0,1,1
2020-04-28,US,Illinois,Unassigned,335,0,0,0.0,0.0,90017.0,335,338,0,0,338,307,,-3,0,0,-3,31
2020-04-28,US,Illinois,Union,8,0,0,37.47119609,-89.25548938,17181.0,8,8,0,0,8,8,16841,0,0,0,0,0
2020-04-28,US,Illinois,Vermilion,16,0,0,40.18417171,-87.73384359,17183.0,16,14,0,0,14,11,76806,2,0,0,2,3
2020-04-28,US,Illinois,Wabash,1,0,0,38.44272901,-87.84922065,17185.0,1,1,0,0,1,1,11549,0,0,0,0,0
2020-04-28,US,Illinois,Warren,53,0,0,40.84925021,-90.6147432,17187.0,53,50,0,0,50,49,17032,3,0,0,3,1
2020-04-28,US,Illinois,Washington,8,0,0,38.35309213,-89.40982703,17189.0,8,8,0,0,8,8,13995,0,0,0,0,0
2020-04-28,US,Illinois,Wayne,2,0,0,38.42955355,-88.42586459,17191.0,2,2,0,0,2,2,16332,0,0,0,0,0
2020-04-28,US,Illinois,White,2,0,0,38.08706198,-88.17657461,17193.0,2,1,0,0,1,1,13665,1,0,0,1,0
2020-04-28,US,Illinois,Whiteside,76,5,0,41.75509713,-89.91556058,17195.0,71,67,5,0,62,62,55626,9,0,0,9,5
2020-04-28,US,Illinois,Will,2254,145,0,41.44619267,-87.97862712,17197.0,2109,2173,136,0,2037,2126,692310,81,9,0,72,47
2020-04-28,US,Illinois,Williamson,28,0,0,37.73033511,-88.92994027,17199.0,28,25,0,0,25,25,67056,3,0,0,3,0
2020-04-28,US,Illinois,Winnebago,365,10,0,42.33641854,-89.16085327,17201.0,355,343,8,0,335,318,284081,22,2,0,20,25
2020-04-28,US,Illinois,Woodford,12,1,0,40.78579374,-89.20973757,17203.0,11,11,1,0,10,11,38463,1,0,0,1,0
2020-04-28,US,Indiana,Adams,7,1,0,40.7457653,-84.93671406,18001.0,6,7,1,0,6,8,35636,0,0,0,0,-1
2020-04-28,US,Indiana,Allen,504,37,0,41.09194313,-85.06800636,18003.0,467,486,33,0,453,439,375351,18,4,0,14,47
2020-04-28,US,Indiana,Bartholomew,238,11,0,39.20744865,-85.89558181,18005.0,227,232,10,0,222,206,82753,6,1,0,5,26
2020-04-28,US,Indiana,Benton,7,0,0,40.60626947,-87.31093999,18007.0,7,6,0,0,6,6,8653,1,0,0,1,0
2020-04-28,US,Indiana,Blackford,7,1,0,40.47388153,-85.32499702,18009.0,6,7,1,0,6,7,11930,0,0,0,0,0
2020-04-28,US,Indiana,Boone,185,20,0,40.0509304,-86.46841646,18011.0,165,183,20,0,163,182,66999,2,0,0,2,1
2020-04-28,US,Indiana,Brown,15,1,0,39.19605589,-86.22868909,18013.0,14,15,1,0,14,15,15234,0,0,0,0,0
2020-04-28,US,Indiana,Carroll,18,1,0,40.580783200000006,-86.56198812,18015.0,17,18,1,0,17,13,20127,0,0,0,0,5
2020-04-28,US,Indiana,Cass,1101,1,0,40.76135835,-86.34830753,18017.0,1100,1025,1,0,1024,586,37955,76,0,0,76,439
2020-04-28,US,Indiana,Clark,283,13,0,38.48015445,-85.70510334,18019.0,270,277,13,0,264,227,117360,6,0,0,6,50
2020-04-28,US,Indiana,Clay,19,1,0,39.39561833,-87.11723506,18021.0,18,19,1,0,18,19,26170,0,0,0,0,0
2020-04-28,US,Indiana,Clinton,35,1,0,40.30319754,-86.47277257,18023.0,34,32,1,0,31,31,32250,3,0,0,3,1
2020-04-28,US,Indiana,Crawford,16,0,0,38.28814402,-86.44518825,18025.0,16,16,0,0,16,16,10558,0,0,0,0,0
2020-04-28,US,Indiana,Daviess,46,11,0,38.70186039,-87.07185406,18027.0,35,45,9,0,36,43,33147,1,2,0,-1,2
2020-04-28,US,Indiana,DeKalb,16,1,0,41.39804622,-84.99906934,18033.0,15,15,1,0,14,15,43226,1,0,0,1,0
2020-04-28,US,Indiana,Dearborn,90,6,0,39.14647946,-84.97333539,18029.0,84,85,6,0,79,84,49568,5,0,0,5,1
2020-04-28,US,Indiana,Decatur,195,27,0,39.30712658,-85.50087166,18031.0,168,194,27,0,167,194,26794,1,0,0,1,0
2020-04-28,US,Indiana,Delaware,152,13,0,40.22787247,-85.39732772,18035.0,139,147,13,0,134,146,114772,5,0,0,5,1
2020-04-28,US,Indiana,Dubois,18,0,0,38.36597551,-86.87924170000002,18037.0,18,18,0,0,18,17,42565,0,0,0,0,1
2020-04-28,US,Indiana,Elkhart,269,7,0,41.59761169,-85.85875695,18039.0,262,247,5,0,242,245,205560,22,2,0,20,2
2020-04-28,US,Indiana,Fayette,26,4,0,39.63684962,-85.17797541,18041.0,22,25,4,0,21,25,23047,1,0,0,1,0
2020-04-28,US,Indiana,Floyd,173,13,0,38.32117957,-85.90385377,18043.0,160,164,12,0,152,164,77781,9,1,0,8,0
2020-04-28,US,Indiana,Fountain,10,2,0,40.12361933,-87.24217689,18045.0,8,9,2,0,7,9,16351,1,0,0,1,0
2020-04-28,US,Indiana,Franklin,95,7,0,39.4142482,-85.06062647,18047.0,88,94,7,0,87,94,22736,1,0,0,1,0
2020-04-28,US,Indiana,Fulton,26,0,0,41.0469907,-86.26252745,18049.0,26,23,0,0,23,13,20092,3,0,0,3,10
2020-04-28,US,Indiana,Gibson,6,0,0,38.30393723,-87.58054938,18051.0,6,6,0,0,6,6,33452,0,0,0,0,0
2020-04-28,US,Indiana,Grant,119,8,0,40.51587228,-85.65468702,18053.0,111,117,7,0,110,114,65936,2,1,0,1,3
2020-04-28,US,Indiana,Greene,48,6,0,39.03630547,-86.96223202,18055.0,42,47,5,0,42,47,32006,1,1,0,0,0
2020-04-28,US,Indiana,Hamilton,729,58,0,40.07306535,-86.05244729,18057.0,671,720,52,0,668,704,330086,9,6,0,3,16
2020-04-28,US,Indiana,Hancock,204,9,0,39.82304555,-85.77566351,18059.0,195,183,9,0,174,178,76351,21,0,0,21,5
2020-04-28,US,Indiana,Harrison,125,5,0,38.19467379,-86.10948271,18061.0,120,121,5,0,116,118,40350,4,0,0,4,3
2020-04-28,US,Indiana,Hendricks,645,31,0,39.76719009,-86.51037283,18063.0,614,643,29,0,614,644,167009,2,2,0,0,-1
2020-04-28,US,Indiana,Henry,36,1,0,39.93029017,-85.39625719,18065.0,35,34,1,0,33,33,48271,2,0,0,2,1
2020-04-28,US,Indiana,Howard,158,5,0,40.48527731,-86.11351892,18067.0,153,152,5,0,147,117,82366,6,0,0,6,35
2020-04-28,US,Indiana,Huntington,9,2,0,40.82907273,-85.48822092,18069.0,7,9,2,0,7,7,36240,0,0,0,0,2
2020-04-28,US,Indiana,Jackson,125,1,0,38.90915820000001,-86.03851889,18071.0,124,118,0,0,118,114,44111,7,1,0,6,4
2020-04-28,US,Indiana,Jasper,40,1,0,41.02078733,-87.11553319,18073.0,39,29,1,0,28,28,33370,11,0,0,11,1
2020-04-28,US,Indiana,Jay,12,0,0,40.43781032,-85.00576229,18075.0,12,12,0,0,12,11,20764,0,0,0,0,1
2020-04-28,US,Indiana,Jefferson,26,0,0,38.78576239,-85.43633383,18077.0,26,26,0,0,26,22,32208,0,0,0,0,4
2020-04-28,US,Indiana,Jennings,72,2,0,38.99588883,-85.62710784,18079.0,70,72,1,0,71,72,27611,0,1,0,-1,0
2020-04-28,US,Indiana,Johnson,548,58,0,39.48994426,-86.10149107,18081.0,490,538,51,0,487,533,156225,10,7,0,3,5
2020-04-28,US,Indiana,Knox,20,0,0,38.68861576,-87.4194665,18083.0,20,20,0,0,20,20,36895,0,0,0,0,0
2020-04-28,US,Indiana,Kosciusko,30,1,0,41.24521668,-85.86312322,18085.0,29,29,1,0,28,29,79344,1,0,0,1,0
2020-04-28,US,Indiana,LaGrange,24,2,0,41.64232188,-85.42674232,18087.0,22,23,2,0,21,22,39330,1,0,0,1,1
2020-04-28,US,Indiana,LaPorte,199,5,0,41.54366008,-86.74072188,18091.0,194,192,5,0,187,188,110007,7,0,0,7,4
2020-04-28,US,Indiana,Lake,1715,77,0,41.41874274,-87.38277575,18089.0,1638,1586,70,0,1516,1533,484411,129,7,0,122,53
2020-04-28,US,Indiana,Lawrence,95,11,0,38.84112637,-86.48361629,18093.0,84,93,11,0,82,92,45668,2,0,0,2,1
2020-04-28,US,Indiana,Madison,401,46,0,40.16143691,-85.71964711,18095.0,355,396,45,0,351,394,129641,5,1,0,4,2
2020-04-28,US,Indiana,Marion,5080,282,0,39.78163624,-86.13826325,18097.0,4798,4926,267,0,4659,4796,954670,154,15,0,139,130
2020-04-28,US,Indiana,Marshall,28,1,0,41.32467367,-86.26185087,18099.0,27,29,1,0,28,27,46248,-1,0,0,-1,2
2020-04-28,US,Indiana,Martin,7,0,0,38.7099921,-86.80373186,18101.0,7,7,0,0,7,7,10217,0,0,0,0,0
2020-04-28,US,Indiana,Miami,96,0,0,40.76940965,-86.04525048,18103.0,96,93,0,0,93,65,35567,3,0,0,3,28
2020-04-28,US,Indiana,Monroe,122,7,0,39.16130004,-86.52414358,18105.0,115,120,7,0,113,120,146917,2,0,0,2,0
2020-04-28,US,Indiana,Montgomery,37,0,0,40.04034823,-86.89335024,18107.0,37,35,0,0,35,33,38346,2,0,0,2,2
2020-04-28,US,Indiana,Morgan,136,4,0,39.47899078,-86.44573375,18109.0,132,132,4,0,128,131,70116,4,0,0,4,1
2020-04-28,US,Indiana,Newton,46,5,0,40.95610449,-87.39635768,18111.0,41,46,5,0,41,46,14011,0,0,0,0,0
2020-04-28,US,Indiana,Noble,58,9,0,41.39672484,-85.41966713,18113.0,49,56,7,0,49,54,47532,2,2,0,0,2
2020-04-28,US,Indiana,Ohio,4,0,0,38.955304999999996,-84.96515993,18115.0,4,3,0,0,3,3,5844,1,0,0,1,0
2020-04-28,US,Indiana,Orange,63,8,0,38.54118920000001,-86.49523093,18117.0,55,60,8,0,52,60,19489,3,0,0,3,0
2020-04-28,US,Indiana,Owen,22,1,0,39.31145587,-86.83900724,18119.0,21,22,1,0,21,22,20845,0,0,0,0,0
2020-04-28,US,Indiana,Parke,12,0,0,39.77202286,-87.20375833,18121.0,12,12,0,0,12,12,16927,0,0,0,0,0
2020-04-28,US,Indiana,Perry,10,0,0,38.07809328,-86.63741946,18123.0,10,8,0,0,8,6,19102,2,0,0,2,2
2020-04-28,US,Indiana,Pike,1,0,0,38.40112197,-87.23574907,18125.0,1,1,0,0,1,1,12410,0,0,0,0,0
2020-04-28,US,Indiana,Porter,228,5,0,41.45986947,-87.06848888,18127.0,223,215,5,0,210,212,169594,13,0,0,13,3
2020-04-28,US,Indiana,Posey,9,0,0,38.02097333,-87.86480429,18129.0,9,9,0,0,9,9,25540,0,0,0,0,0
2020-04-28,US,Indiana,Pulaski,21,0,0,41.04166107,-86.69890683,18131.0,21,18,0,0,18,13,12469,3,0,0,3,5
2020-04-28,US,Indiana,Putnam,59,4,0,39.66437981,-86.84517605,18133.0,55,58,4,0,54,58,37779,1,0,0,1,0
2020-04-28,US,Indiana,Randolph,15,2,0,40.15734772,-85.01139319,18135.0,13,14,2,0,12,14,24851,1,0,0,1,0
2020-04-28,US,Indiana,Ripley,91,5,0,39.10235626,-85.26212744,18137.0,86,90,5,0,85,89,28523,1,0,0,1,1
2020-04-28,US,Indiana,Rush,31,1,0,39.62002287,-85.4655599,18139.0,30,30,1,0,29,29,16663,1,0,0,1,1
2020-04-28,US,Indiana,Scott,39,2,0,38.68672078,-85.74627859,18143.0,37,38,2,0,36,37,23878,1,0,0,1,1
2020-04-28,US,Indiana,Shelby,191,10,0,39.52305623,-85.79158570000001,18145.0,181,184,8,0,176,180,44593,7,2,0,5,4
2020-04-28,US,Indiana,Spencer,5,0,0,38.01519732,-87.0079644,18147.0,5,5,0,0,5,5,20327,0,0,0,0,0
2020-04-28,US,Indiana,St. Joseph,602,16,0,41.61756781,-86.29040834,18141.0,586,586,15,0,571,576,270771,16,1,0,15,10
2020-04-28,US,Indiana,Starke,15,1,0,41.27890281,-86.64686895,18149.0,14,15,1,0,14,15,22935,0,0,0,0,0
2020-04-28,US,Indiana,Steuben,21,1,0,41.64423868,-85.00101094,18151.0,20,21,1,0,20,21,34586,0,0,0,0,0
2020-04-28,US,Indiana,Sullivan,13,0,0,39.08952258,-87.41414469,18153.0,13,13,0,0,13,13,20690,0,0,0,0,0
2020-04-28,US,Indiana,Switzerland,15,0,0,38.82767338,-85.03022429,18155.0,15,14,0,0,14,14,10717,1,0,0,1,0
2020-04-28,US,Indiana,Tippecanoe,95,2,0,40.38872739,-86.89413959,18157.0,93,90,2,0,88,75,193048,5,0,0,5,15
2020-04-28,US,Indiana,Tipton,18,1,0,40.31123252,-86.05234925,18159.0,17,18,1,0,17,17,15128,0,0,0,0,1
2020-04-28,US,Indiana,Union,6,0,0,39.62550777,-84.92497066,18161.0,6,6,0,0,6,6,7037,0,0,0,0,0
2020-04-28,US,Indiana,Vanderburgh,126,1,0,38.02658833,-87.58763124,18163.0,125,119,2,0,117,117,180974,7,-1,0,8,2
2020-04-28,US,Indiana,Vermillion,7,0,0,39.8523352,-87.46160542,18165.0,7,7,0,0,7,7,15479,0,0,0,0,0
2020-04-28,US,Indiana,Vigo,62,5,0,39.42944561,-87.39169027,18167.0,57,62,5,0,57,62,107386,0,0,0,0,0
2020-04-28,US,Indiana,Wabash,28,1,0,40.84704239,-85.79328272,18169.0,27,22,1,0,21,19,31280,6,0,0,6,3
2020-04-28,US,Indiana,Warren,11,1,0,40.34728141,-87.35602659,18171.0,10,11,1,0,10,11,8263,0,0,0,0,0
2020-04-28,US,Indiana,Warrick,84,14,0,38.08922676,-87.2716085,18173.0,70,83,13,0,70,82,62567,1,1,0,0,1
2020-04-28,US,Indiana,Washington,41,0,0,38.60219804,-86.1049363,18175.0,41,40,0,0,40,40,27943,1,0,0,1,0
2020-04-28,US,Indiana,Wayne,33,3,0,39.863344399999995,-85.01044989,18177.0,30,33,3,0,30,31,65936,0,0,0,0,2
2020-04-28,US,Indiana,Wells,5,0,0,40.72934187,-85.22132966,18179.0,5,5,0,0,5,5,28206,0,0,0,0,0
2020-04-28,US,Indiana,White,42,0,0,40.74911165,-86.86492015,18181.0,42,34,0,0,34,26,24133,8,0,0,8,8
2020-04-28,US,Indiana,Whitley,16,1,0,41.13863784,-85.50791236,18183.0,15,16,1,0,15,16,34074,0,0,0,0,0
2020-04-28,US,Iowa,Adair,1,0,0,41.33075609,-94.47105874,19001.0,1,1,0,0,1,1,7063,0,0,0,0,0
2020-04-28,US,Iowa,Allamakee,86,3,0,43.28383218,-91.37860922,19005.0,83,72,3,0,69,68,13832,14,0,0,14,4
2020-04-28,US,Iowa,Appanoose,2,2,0,40.74324454,-92.86865906,19007.0,0,2,2,0,0,2,12437,0,0,0,0,0
2020-04-28,US,Iowa,Audubon,1,0,0,41.6844628,-94.90581859,19009.0,1,1,0,0,1,1,5506,0,0,0,0,0
2020-04-28,US,Iowa,Benton,30,1,0,42.08011739,-92.06463573,19011.0,29,27,1,0,26,27,25642,3,0,0,3,0
2020-04-28,US,Iowa,Black Hawk,941,12,0,42.4704581,-92.30524729,19013.0,929,844,11,0,833,714,132408,97,1,0,96,130
2020-04-28,US,Iowa,Boone,8,0,0,42.03657094,-93.9313999,19015.0,8,7,0,0,7,7,26346,1,0,0,1,0
2020-04-28,US,Iowa,Bremer,48,3,0,42.77461496,-92.31795937,19017.0,45,45,3,0,42,41,24947,3,0,0,3,4
2020-04-28,US,Iowa,Buchanan,14,0,0,42.4709188,-91.83510825,19019.0,14,12,0,0,12,12,21199,2,0,0,2,0
2020-04-28,US,Iowa,Buena Vista,4,0,0,42.73545875,-95.15100162,19021.0,4,4,0,0,4,4,19874,0,0,0,0,0
2020-04-28,US,Iowa,Butler,8,0,0,42.73172833,-92.79015971,19023.0,8,8,0,0,8,4,14539,0,0,0,0,4
2020-04-28,US,Iowa,Carroll,1,0,0,42.03617207,-94.86032705,19027.0,1,1,0,0,1,1,20154,0,0,0,0,0
2020-04-28,US,Iowa,Cass,1,0,0,41.33149454,-94.92792482,19029.0,1,1,0,0,1,1,12930,0,0,0,0,0
2020-04-28,US,Iowa,Cedar,29,0,0,41.77233777,-91.13246684,19031.0,29,28,0,0,28,28,18627,1,0,0,1,0
2020-04-28,US,Iowa,Cerro Gordo,14,0,0,43.08177563,-93.2612239,19033.0,14,14,0,0,14,14,42647,0,0,0,0,0
2020-04-28,US,Iowa,Cherokee,2,0,0,42.73538914,-95.62389402,19035.0,2,2,0,0,2,2,11321,0,0,0,0,0
2020-04-28,US,Iowa,Chickasaw,4,0,0,43.06001295,-92.31773347,19037.0,4,4,0,0,4,4,11964,0,0,0,0,0
2020-04-28,US,Iowa,Clarke,2,0,0,41.02868181,-93.78499767,19039.0,2,2,0,0,2,2,9423,0,0,0,0,0
2020-04-28,US,Iowa,Clay,3,0,0,43.08247182,-95.15096481,19041.0,3,3,0,0,3,3,16134,0,0,0,0,0
2020-04-28,US,Iowa,Clayton,12,1,0,42.84443388,-91.34133693,19043.0,11,13,1,0,12,12,17556,-1,0,0,-1,1
2020-04-28,US,Iowa,Clinton,48,1,0,41.89981633,-90.53275096,19045.0,47,48,1,0,47,47,46518,0,0,0,0,1
2020-04-28,US,Iowa,Crawford,19,1,0,42.03718237,-95.3819718,19047.0,18,14,1,0,13,14,17158,5,0,0,5,0
2020-04-28,US,Iowa,Dallas,198,0,0,41.68560356,-94.04127625,19049.0,198,179,0,0,179,169,90180,19,0,0,19,10
2020-04-28,US,Iowa,Delaware,4,0,0,42.47104597,-91.3664492,19055.0,4,4,0,0,4,4,17069,0,0,0,0,0
2020-04-28,US,Iowa,Des Moines,17,1,0,40.92012606,-91.18326592,19057.0,16,17,1,0,16,16,39138,0,0,0,0,1
2020-04-28,US,Iowa,Dickinson,6,0,0,43.37787725,-95.1510206,19059.0,6,5,0,0,5,5,17153,1,0,0,1,0
2020-04-28,US,Iowa,Dubuque,88,2,0,42.46815349,-90.88181925,19061.0,86,87,2,0,85,80,96854,1,0,0,1,7
2020-04-28,US,Iowa,Fayette,17,0,0,42.86271799,-91.84412309999999,19065.0,17,16,0,0,16,15,19660,1,0,0,1,1
2020-04-28,US,Iowa,Franklin,2,0,0,42.73270384,-93.26256925,19069.0,2,2,0,0,2,2,10124,0,0,0,0,0
2020-04-28,US,Iowa,Greene,2,0,0,42.03614551,-94.39658081,19073.0,2,2,0,0,2,1,8981,0,0,0,0,1
2020-04-28,US,Iowa,Grundy,11,0,0,42.40183723,-92.78829551,19075.0,11,9,0,0,9,8,12304,2,0,0,2,1
2020-04-28,US,Iowa,Guthrie,6,0,0,41.68378965,-94.50111014,19077.0,6,6,0,0,6,6,10720,0,0,0,0,0
2020-04-28,US,Iowa,Hamilton,7,0,0,42.38382428,-93.70197703,19079.0,7,7,0,0,7,7,14952,0,0,0,0,0
2020-04-28,US,Iowa,Hancock,3,0,0,43.08178477,-93.73454884,19081.0,3,3,0,0,3,3,10712,0,0,0,0,0
2020-04-28,US,Iowa,Hardin,7,0,0,42.38353877,-93.23654611,19083.0,7,7,0,0,7,6,16868,0,0,0,0,1
2020-04-28,US,Iowa,Harrison,15,0,0,41.68330137,-95.81558439,19085.0,15,15,0,0,15,15,14134,0,0,0,0,0
2020-04-28,US,Iowa,Henry,32,1,0,40.98767962,-91.54436349,19087.0,31,32,1,0,31,31,20067,0,0,0,0,1
2020-04-28,US,Iowa,Howard,7,0,0,43.35671042,-92.31702714,19089.0,7,6,0,0,6,6,9187,1,0,0,1,0
2020-04-28,US,Iowa,Humboldt,4,0,0,42.7764426,-94.20722537,19091.0,4,4,0,0,4,4,9547,0,0,0,0,0
2020-04-28,US,Iowa,Iowa,19,0,0,41.68630265,-92.0643373,19095.0,19,18,0,0,18,17,16141,1,0,0,1,1
2020-04-28,US,Iowa,Jackson,5,0,0,42.17178824,-90.57354837,19097.0,5,5,0,0,5,5,19432,0,0,0,0,0
2020-04-28,US,Iowa,Jasper,109,0,0,41.68576082,-93.05567785,19099.0,109,91,0,0,91,83,37147,18,0,0,18,8
2020-04-28,US,Iowa,Jefferson,6,0,0,41.03192394,-91.94849466,19101.0,6,6,0,0,6,6,18381,0,0,0,0,0
2020-04-28,US,Iowa,Johnson,448,6,0,41.67169354,-91.58754744,19103.0,442,437,6,0,431,426,151260,11,0,0,11,11
2020-04-28,US,Iowa,Jones,19,0,0,42.12118609,-91.13139641,19105.0,19,19,0,0,19,18,20744,0,0,0,0,1
2020-04-28,US,Iowa,Keokuk,2,0,0,41.33649833,-92.1785067,19107.0,2,2,0,0,2,2,10225,0,0,0,0,0
2020-04-28,US,Iowa,Kossuth,1,0,0,43.20405458,-94.20691791,19109.0,1,1,0,0,1,1,14908,0,0,0,0,0
2020-04-28,US,Iowa,Lee,7,0,0,40.64181461,-91.48183025,19111.0,7,5,0,0,5,5,34055,2,0,0,2,0
2020-04-28,US,Iowa,Linn,632,36,0,42.07923082,-91.59809485,19113.0,596,613,34,0,579,573,225909,19,2,0,17,40
2020-04-28,US,Iowa,Louisa,269,2,0,41.21842119,-91.26102611,19115.0,267,267,2,0,265,266,11169,2,0,0,2,1
2020-04-28,US,Iowa,Lyon,11,0,0,43.38107862,-96.20926845,19119.0,11,9,0,0,9,7,11811,2,0,0,2,2
2020-04-28,US,Iowa,Madison,4,1,0,41.33081904,-94.01554631,19121.0,3,3,1,0,2,3,16249,1,0,0,1,0
2020-04-28,US,Iowa,Mahaska,9,1,0,41.33521503,-92.64083907,19123.0,8,9,1,0,8,9,22000,0,0,0,0,0
2020-04-28,US,Iowa,Marion,8,0,0,41.33445101,-93.09934783,19125.0,8,7,0,0,7,7,33407,1,0,0,1,0
2020-04-28,US,Iowa,Marshall,434,0,0,42.03586837,-92.99908190000001,19127.0,434,408,0,0,408,380,39981,26,0,0,26,28
2020-04-28,US,Iowa,Mills,2,0,0,41.03299766,-95.61920963,19129.0,2,3,0,0,3,2,15063,-1,0,0,-1,1
2020-04-28,US,Iowa,Mitchell,2,0,0,43.35638371,-92.78887719,19131.0,2,2,0,0,2,2,10569,0,0,0,0,0
2020-04-28,US,Iowa,Monona,7,0,0,42.05220391,-95.95743843,19133.0,7,7,0,0,7,7,8679,0,0,0,0,0
2020-04-28,US,Iowa,Montgomery,1,0,0,41.03018714,-95.15642896,19137.0,1,1,0,0,1,1,10003,0,0,0,0,0
2020-04-28,US,Iowa,Muscatine,319,8,0,41.48370744,-91.11216970000001,19139.0,311,311,7,0,304,305,42929,8,1,0,7,6
2020-04-28,US,Iowa,O'Brien,7,0,0,43.08310673,-95.62474482,19141.0,7,6,0,0,6,5,13840,1,0,0,1,1
2020-04-28,US,Iowa,Osceola,8,0,0,43.37824276,-95.62422844,19143.0,8,8,0,0,8,7,6040,0,0,0,0,1
2020-04-28,US,Iowa,Page,5,0,0,40.7393172,-95.1497813,19145.0,5,5,0,0,5,5,15249,0,0,0,0,0
2020-04-28,US,Iowa,Plymouth,12,0,0,42.737633,-96.21366621,19149.0,12,10,0,0,10,11,25095,2,0,0,2,-1
2020-04-28,US,Iowa,Pocahontas,1,0,0,42.73420133,-94.67862564,19151.0,1,1,0,0,1,,6740,0,0,0,0,
2020-04-28,US,Iowa,Polk,813,31,0,41.68679484,-93.57767461,19153.0,782,756,27,0,729,732,487204,57,4,0,53,24
2020-04-28,US,Iowa,Pottawattamie,28,1,0,41.33640314,-95.53907776,19155.0,27,27,1,0,26,25,93533,1,0,0,1,2
2020-04-28,US,Iowa,Poweshiek,50,2,0,41.68625425,-92.53155731,19157.0,48,50,2,0,48,50,18699,0,0,0,0,0
2020-04-28,US,Iowa,Scott,218,5,0,41.63935978,-90.61959493,19163.0,213,216,5,0,211,208,173283,2,0,0,2,8
2020-04-28,US,Iowa,Shelby,9,0,0,41.6850066,-95.31015553,19165.0,9,9,0,0,9,9,11578,0,0,0,0,0
2020-04-28,US,Iowa,Sioux,8,0,0,43.08221074,-96.17675679999999,19167.0,8,7,0,0,7,7,34909,1,0,0,1,0
2020-04-28,US,Iowa,Story,26,1,0,42.03621213,-93.46499005,19169.0,25,25,0,0,25,23,98105,1,1,0,0,2
2020-04-28,US,Iowa,Tama,263,7,0,42.07991767,-92.53266945,19171.0,256,259,7,0,252,263,16904,4,0,0,4,-4
2020-04-28,US,Iowa,Taylor,1,0,0,40.73710579,-94.69778563,19173.0,1,1,0,0,1,1,6191,0,0,0,0,0
2020-04-28,US,Iowa,Unassigned,13,0,0,0.0,0.0,90019.0,13,7,0,0,7,6,,6,0,0,6,1
2020-04-28,US,Iowa,Union,1,0,0,41.0277278,-94.24234847,19175.0,1,1,0,0,1,1,12359,0,0,0,0,0
2020-04-28,US,Iowa,Van Buren,8,0,0,40.75326764,-91.95017958,19177.0,8,8,0,0,8,8,7020,0,0,0,0,0
2020-04-28,US,Iowa,Wapello,10,0,0,41.03064984,-92.40954728,19179.0,10,10,0,0,10,9,35205,0,0,0,0,1
2020-04-28,US,Iowa,Warren,20,0,0,41.33559454,-93.56007641,19181.0,20,20,0,0,20,19,51056,0,0,0,0,1
2020-04-28,US,Iowa,Washington,138,6,0,41.33577126,-91.71725711,19183.0,132,136,6,0,130,132,22141,2,0,0,2,4
2020-04-28,US,Iowa,Webster,4,0,0,42.42853483,-94.17987389,19187.0,4,4,0,0,4,4,36277,0,0,0,0,0
2020-04-28,US,Iowa,Winnebago,2,0,0,43.37751174,-93.73407298,19189.0,2,2,0,0,2,2,10518,0,0,0,0,0
2020-04-28,US,Iowa,Winneshiek,15,0,0,43.29094334,-91.84422722,19191.0,15,24,0,0,24,24,20029,-9,0,0,-9,0
2020-04-28,US,Iowa,Woodbury,695,1,0,42.38979414,-96.0459439,19193.0,694,495,1,0,494,409,102539,200,0,0,200,86
2020-04-28,US,Iowa,Worth,1,0,0,43.37750768,-93.26087602,19195.0,1,1,0,0,1,1,7453,0,0,0,0,0
2020-04-28,US,Iowa,Wright,2,0,0,42.73305373,-93.73515113,19197.0,2,2,0,0,2,2,12690,0,0,0,0,0
2020-04-28,US,Kansas,Atchison,9,0,0,39.53185661,-95.30870026,20005.0,9,9,0,0,9,9,16193,0,0,0,0,0
2020-04-28,US,Kansas,Barber,1,0,0,37.2288586,-98.68460053,20007.0,1,1,0,0,1,1,4472,0,0,0,0,0
2020-04-28,US,Kansas,Barton,9,0,0,38.47889676,-98.75636726,20009.0,9,9,0,0,9,9,26111,0,0,0,0,0
2020-04-28,US,Kansas,Bourbon,6,1,0,37.85508555,-94.84865997,20011.0,5,6,1,0,5,6,14653,0,0,0,0,0
2020-04-28,US,Kansas,Butler,15,0,0,37.78134351,-96.83878537,20015.0,15,14,0,0,14,13,66765,1,0,0,1,1
2020-04-28,US,Kansas,Chase,3,0,0,38.30292938,-96.59563862,20017.0,3,1,0,0,1,1,2629,2,0,0,2,0
2020-04-28,US,Kansas,Chautauqua,4,0,0,37.14994405,-96.2454192,20019.0,4,3,0,0,3,3,3309,1,0,0,1,0
2020-04-28,US,Kansas,Cherokee,7,0,0,37.16928494,-94.8462897,20021.0,7,7,0,0,7,7,20015,0,0,0,0,0
2020-04-28,US,Kansas,Cheyenne,1,0,0,39.78580976,-101.7318201,20023.0,1,,,,,,2660,,,,,
2020-04-28,US,Kansas,Clark,1,0,0,37.23577007,-99.81883015,20025.0,1,1,0,0,1,1,2005,0,0,0,0,0
2020-04-28,US,Kansas,Clay,5,1,0,39.34948772,-97.16518128,20027.0,4,4,1,0,3,4,7997,1,0,0,1,0
2020-04-28,US,Kansas,Cloud,3,0,0,39.48028352,-97.64925343,20029.0,3,3,0,0,3,3,8729,0,0,0,0,0
2020-04-28,US,Kansas,Coffey,48,7,0,38.2365018,-95.73379515,20031.0,41,48,7,0,41,48,8233,0,0,0,0,0
2020-04-28,US,Kansas,Cowley,3,1,0,37.23781842,-96.83776647,20035.0,2,3,1,0,2,2,35218,0,0,0,0,1
2020-04-28,US,Kansas,Crawford,7,1,0,37.50675523,-94.85245778,20037.0,6,7,1,0,6,7,39019,0,0,0,0,0
2020-04-28,US,Kansas,Dickinson,2,0,0,38.86600962,-97.15532383,20041.0,2,2,0,0,2,2,18717,0,0,0,0,0
2020-04-28,US,Kansas,Doniphan,3,0,0,39.79067154,-95.14056866,20043.0,3,3,0,0,3,3,7682,0,0,0,0,0
2020-04-28,US,Kansas,Douglas,49,0,0,38.88503636,-95.2925121,20045.0,49,49,0,0,49,48,121436,0,0,0,0,1
2020-04-28,US,Kansas,Edwards,2,0,0,37.88735543,-99.31263309,20047.0,2,2,0,0,2,1,2849,0,0,0,0,1
2020-04-28,US,Kansas,Ellis,8,0,0,38.91458712,-99.31751551,20051.0,8,8,0,0,8,8,28710,0,0,0,0,0
2020-04-28,US,Kansas,Finney,270,1,0,38.04340344,-100.73819379999999,20055.0,269,238,1,0,237,202,36611,32,0,0,32,36
2020-04-28,US,Kansas,Ford,544,0,0,37.69200114,-99.88825298,20057.0,544,516,0,0,516,459,33888,28,0,0,28,57
2020-04-28,US,Kansas,Franklin,13,0,0,38.56443815,-95.28644341,20059.0,13,12,0,0,12,12,25631,1,0,0,1,0
2020-04-28,US,Kansas,Geary,11,0,0,38.99871131,-96.7577178,20061.0,11,10,0,0,10,10,32594,1,0,0,1,0
2020-04-28,US,Kansas,Gove,1,0,0,38.91588178,-100.4829321,20063.0,1,1,0,0,1,1,2612,0,0,0,0,0
2020-04-28,US,Kansas,Grant,1,0,0,37.56227336,-101.3079758,20067.0,1,1,0,0,1,1,7336,0,0,0,0,0
2020-04-28,US,Kansas,Gray,4,0,0,37.73836671,-100.4369088,20069.0,4,3,0,0,3,2,6033,1,0,0,1,1
2020-04-28,US,Kansas,Greenwood,3,0,0,37.8774388,-96.23250453,20073.0,3,3,0,0,3,3,6055,0,0,0,0,0
2020-04-28,US,Kansas,Hamilton,2,0,0,37.99978709,-101.7921066,20075.0,2,2,0,0,2,2,2607,0,0,0,0,0
2020-04-28,US,Kansas,Harvey,6,0,0,38.04293782,-97.42747573,20079.0,6,6,0,0,6,5,34210,0,0,0,0,1
2020-04-28,US,Kansas,Haskell,7,0,0,37.562039399999996,-100.8710738,20081.0,7,7,0,0,7,7,3997,0,0,0,0,0
2020-04-28,US,Kansas,Jackson,2,0,0,39.41673394,-95.79356799,20085.0,2,2,0,0,2,2,13280,0,0,0,0,0
2020-04-28,US,Kansas,Jefferson,8,0,0,39.2347941,-95.38289232,20087.0,8,8,0,0,8,8,18975,0,0,0,0,0
2020-04-28,US,Kansas,Jewell,4,0,0,39.78470589,-98.21820662,20089.0,4,4,0,0,4,4,2841,0,0,0,0,0
2020-04-28,US,Kansas,Johnson,446,40,0,38.88548175,-94.82250877,20091.0,406,440,39,0,401,430,597555,6,1,0,5,10
2020-04-28,US,Kansas,Kearny,14,0,0,38.00017981,-101.32168100000001,20093.0,14,12,0,0,12,11,3943,2,0,0,2,1
2020-04-28,US,Kansas,Kiowa,1,0,0,37.55848695,-99.2856537,20097.0,1,1,0,0,1,1,2516,0,0,0,0,0
2020-04-28,US,Kansas,Labette,21,0,0,37.19113093,-95.29849679,20099.0,21,21,0,0,21,21,19964,0,0,0,0,0
2020-04-28,US,Kansas,Leavenworth,187,4,0,39.20183497,-95.03620809,20103.0,183,184,4,0,180,177,81352,3,0,0,3,7
2020-04-28,US,Kansas,Linn,6,0,0,38.21267844,-94.84254089,20107.0,6,6,0,0,6,6,9750,0,0,0,0,0
2020-04-28,US,Kansas,Lyon,193,1,0,38.45576156,-96.15275715,20111.0,192,177,1,0,176,176,33406,16,0,0,16,1
2020-04-28,US,Kansas,Marion,5,1,0,38.35855394,-97.09852509999999,20115.0,4,5,1,0,4,5,11950,0,0,0,0,0
2020-04-28,US,Kansas,McPherson,20,0,0,38.39184858,-97.64769869,20113.0,20,20,0,0,20,20,28537,0,0,0,0,0
2020-04-28,US,Kansas,Meade,2,0,0,37.23859987,-100.36483100000001,20119.0,2,2,0,0,2,2,4146,0,0,0,0,0
2020-04-28,US,Kansas,Miami,5,0,0,38.56383358,-94.83832189,20121.0,5,5,0,0,5,5,33680,0,0,0,0,0
2020-04-28,US,Kansas,Mitchell,2,0,0,39.39331582,-98.20906732,20123.0,2,2,0,0,2,2,6150,0,0,0,0,0
2020-04-28,US,Kansas,Montgomery,16,2,0,37.19236568,-95.74329258,20125.0,14,16,2,0,14,16,32120,0,0,0,0,0
2020-04-28,US,Kansas,Morris,3,0,0,38.68827511,-96.65128437,20127.0,3,3,0,0,3,3,5521,0,0,0,0,0
2020-04-28,US,Kansas,Morton,3,0,0,37.19141121,-101.79925190000002,20129.0,3,2,0,0,2,2,2667,1,0,0,1,0
2020-04-28,US,Kansas,Nemaha,1,0,0,39.78345387,-96.01392079,20131.0,1,1,0,0,1,,10155,0,0,0,0,
2020-04-28,US,Kansas,Neosho,2,0,0,37.55862897,-95.30670046,20133.0,2,2,0,0,2,2,15951,0,0,0,0,0
2020-04-28,US,Kansas,Osage,5,0,0,38.65235984,-95.72707998,20139.0,5,5,0,0,5,5,15941,0,0,0,0,0
2020-04-28,US,Kansas,Osborne,2,0,0,39.3503437,-98.76753828,20141.0,2,2,0,0,2,2,3475,0,0,0,0,0
2020-04-28,US,Kansas,Ottawa,3,0,0,39.13237408,-97.65020313,20143.0,3,3,0,0,3,3,5802,0,0,0,0,0
2020-04-28,US,Kansas,Phillips,1,0,0,39.78465501,-99.34668865,20147.0,1,1,0,0,1,1,5317,0,0,0,0,0
2020-04-28,US,Kansas,Pottawatomie,9,0,0,39.37925655,-96.34564657,20149.0,9,9,0,0,9,9,24277,0,0,0,0,0
2020-04-28,US,Kansas,Pratt,1,0,0,37.64780729,-98.73922153,20151.0,1,1,0,0,1,1,9378,0,0,0,0,0
2020-04-28,US,Kansas,Reno,27,0,0,37.95230263,-98.08607292,20155.0,27,27,0,0,27,26,62342,0,0,0,0,1
2020-04-28,US,Kansas,Republic,4,0,0,39.82799632,-97.65036709,20157.0,4,4,0,0,4,4,4664,0,0,0,0,0
2020-04-28,US,Kansas,Rice,3,0,0,38.34616184,-98.19992118,20159.0,3,3,0,0,3,3,9531,0,0,0,0,0
2020-04-28,US,Kansas,Riley,47,0,0,39.28935726,-96.73420026,20161.0,47,45,0,0,45,44,73703,2,0,0,2,1
2020-04-28,US,Kansas,Rooks,6,0,0,39.35022773,-99.32484567,20163.0,6,6,0,0,6,6,5013,0,0,0,0,0
2020-04-28,US,Kansas,Saline,20,2,0,38.78369175,-97.65185177,20169.0,18,20,2,0,18,19,54401,0,0,0,0,1
2020-04-28,US,Kansas,Sedgwick,354,6,0,37.6842718,-97.4608198,20173.0,348,339,6,0,333,338,513607,15,0,0,15,1
2020-04-28,US,Kansas,Seward,444,0,0,37.19324632,-100.85072009999999,20175.0,444,393,0,0,393,336,21780,51,0,0,51,57
2020-04-28,US,Kansas,Shawnee,108,5,0,39.04100763,-95.75572640000001,20177.0,103,106,5,0,101,101,177499,2,0,0,2,5
2020-04-28,US,Kansas,Sheridan,2,0,0,39.35018161,-100.44182590000001,20179.0,2,2,0,0,2,2,2533,0,0,0,0,0
2020-04-28,US,Kansas,Sherman,3,0,0,39.35147699,-101.71976240000001,20181.0,3,3,0,0,3,3,5899,0,0,0,0,0
2020-04-28,US,Kansas,Smith,2,0,0,39.78516566,-98.78566062,20183.0,2,2,0,0,2,2,3603,0,0,0,0,0
2020-04-28,US,Kansas,Stafford,1,0,0,38.03100851,-98.71762001,20185.0,1,1,0,0,1,1,4178,0,0,0,0,0
2020-04-28,US,Kansas,Stanton,4,0,0,37.56304714,-101.78435340000001,20187.0,4,4,0,0,4,4,1987,0,0,0,0,0
2020-04-28,US,Kansas,Stevens,8,0,0,37.1923008,-101.3118967,20189.0,8,7,0,0,7,6,5559,1,0,0,1,1
2020-04-28,US,Kansas,Sumner,3,1,0,37.23682549,-97.47721621,20191.0,2,3,1,0,2,3,22996,0,0,0,0,0
2020-04-28,US,Kansas,Wabaunsee,15,0,0,38.95471985,-96.20350509,20197.0,15,15,0,0,15,13,6899,0,0,0,0,2
2020-04-28,US,Kansas,Wilson,1,0,0,37.55937174,-95.74323255,20205.0,1,1,0,0,1,1,8665,0,0,0,0,0
2020-04-28,US,Kansas,Woodson,5,0,0,37.8865336,-95.74006277,20207.0,5,5,0,0,5,5,3183,0,0,0,0,0
2020-04-28,US,Kansas,Wyandotte,585,53,0,39.11727348,-94.76378225,20209.0,532,573,53,0,520,565,165324,12,0,0,12,8
2020-04-28,US,Kentucky,Adair,79,10,0,37.10459774,-85.28129668,21001.0,69,77,9,0,68,83,19215,2,1,0,1,-6
2020-04-28,US,Kentucky,Allen,9,0,0,36.75197631,-86.19457544,21003.0,9,8,0,0,8,7,21122,1,0,0,1,1
2020-04-28,US,Kentucky,Anderson,8,1,0,38.00671029,-84.99171713,21005.0,7,8,1,0,7,8,22663,0,0,0,0,0
2020-04-28,US,Kentucky,Ballard,9,0,0,37.05842757,-88.99427697,21007.0,9,7,0,0,7,7,7979,2,0,0,2,0
2020-04-28,US,Kentucky,Barren,15,0,0,36.96469836,-85.93338945,21009.0,15,15,0,0,15,13,44176,0,0,0,0,2
2020-04-28,US,Kentucky,Bath,4,0,0,38.14735938,-83.74588932,21011.0,4,4,0,0,4,4,12383,0,0,0,0,0
2020-04-28,US,Kentucky,Boone,125,2,0,38.97065142,-84.72615357,21015.0,123,116,2,0,114,113,131533,9,0,0,9,3
2020-04-28,US,Kentucky,Bourbon,7,1,0,38.2054607,-84.21827874,21017.0,6,7,1,0,6,7,20184,0,0,0,0,0
2020-04-28,US,Kentucky,Boyd,33,3,0,38.36176608,-82.68652187,21019.0,30,33,3,0,30,33,47240,0,0,0,0,0
2020-04-28,US,Kentucky,Boyle,17,0,0,37.62680923,-84.8633779,21021.0,17,17,0,0,17,17,30100,0,0,0,0,0
2020-04-28,US,Kentucky,Bracken,7,0,0,38.69158994,-84.08532444,21023.0,7,7,0,0,7,7,8239,0,0,0,0,0
2020-04-28,US,Kentucky,Breathitt,2,0,0,37.52333168,-83.31959161,21025.0,2,2,0,0,2,2,12726,0,0,0,0,0
2020-04-28,US,Kentucky,Breckinridge,8,0,0,37.77377239,-86.42885017,21027.0,8,8,0,0,8,8,20388,0,0,0,0,0
2020-04-28,US,Kentucky,Bullitt,51,2,0,37.97162523,-85.68955617,21029.0,49,50,2,0,48,48,81069,1,0,0,1,2
2020-04-28,US,Kentucky,Butler,113,3,0,37.20946153,-86.68748787,21031.0,110,103,3,0,100,104,12772,10,0,0,10,-1
2020-04-28,US,Kentucky,Caldwell,13,0,0,37.14749129,-87.86948214,21033.0,13,13,0,0,13,13,12715,0,0,0,0,0
2020-04-28,US,Kentucky,Calloway,31,1,0,36.62093411,-88.2731593,21035.0,30,31,1,0,30,31,39135,0,0,0,0,0
2020-04-28,US,Kentucky,Campbell,85,9,0,38.94384345,-84.37875208,21037.0,76,81,7,0,74,79,93152,4,2,0,2,2
2020-04-28,US,Kentucky,Carlisle,2,0,0,36.85372876,-88.96692220000001,21039.0,2,2,0,0,2,1,4771,0,0,0,0,1
2020-04-28,US,Kentucky,Carroll,2,0,0,38.66599534,-85.12601074,21041.0,2,2,0,0,2,2,10737,0,0,0,0,0
2020-04-28,US,Kentucky,Carter,5,0,0,38.31690743,-83.05092385,21043.0,5,4,0,0,4,4,27004,1,0,0,1,0
2020-04-28,US,Kentucky,Casey,1,0,0,37.32533118,-84.92726209,21045.0,1,1,0,0,1,1,15888,0,0,0,0,0
2020-04-28,US,Kentucky,Christian,86,3,0,36.89267803,-87.49055367,21047.0,83,86,3,0,83,85,71671,0,0,0,0,1
2020-04-28,US,Kentucky,Clark,19,0,0,37.9689263,-84.14615986,21049.0,19,19,0,0,19,19,36249,0,0,0,0,0
2020-04-28,US,Kentucky,Clay,1,0,0,37.16451126,-83.712575,21051.0,1,1,0,0,1,1,20105,0,0,0,0,0
2020-04-28,US,Kentucky,Clinton,3,0,0,36.72581156,-85.13377529,21053.0,3,2,0,0,2,2,10206,1,0,0,1,0
2020-04-28,US,Kentucky,Crittenden,4,1,0,37.35839237,-88.08826090000002,21055.0,3,3,1,0,2,3,8915,1,0,0,1,0
2020-04-28,US,Kentucky,Cumberland,5,0,0,36.78926125,-85.39050034,21057.0,5,5,0,0,5,5,6659,0,0,0,0,0
2020-04-28,US,Kentucky,Daviess,169,3,0,37.73028906,-87.09019479999998,21059.0,166,157,3,0,154,154,101104,12,0,0,12,3
2020-04-28,US,Kentucky,Edmonson,17,0,0,37.21218923,-86.23955613,21061.0,17,17,0,0,17,15,12274,0,0,0,0,2
2020-04-28,US,Kentucky,Fayette,242,9,0,38.0368225,-84.45576892,21067.0,233,239,9,0,230,238,323780,3,0,0,3,1
2020-04-28,US,Kentucky,Fleming,2,0,0,38.36758311,-83.69657514,21069.0,2,2,0,0,2,2,14432,0,0,0,0,0
2020-04-28,US,Kentucky,Floyd,12,0,0,37.56213922,-82.74750924,21071.0,12,10,0,0,10,10,35845,2,0,0,2,0
2020-04-28,US,Kentucky,Franklin,16,0,0,38.2379395,-84.87962551,21073.0,16,16,0,0,16,16,50815,0,0,0,0,0
2020-04-28,US,Kentucky,Fulton,1,0,0,36.55238827,-89.20140068,21075.0,1,1,0,0,1,1,6120,0,0,0,0,0
2020-04-28,US,Kentucky,Gallatin,1,0,0,38.75398691,-84.8558382,21077.0,1,1,0,0,1,1,8832,0,0,0,0,0
2020-04-28,US,Kentucky,Garrard,2,0,0,37.638866799999995,-84.53289319,21079.0,2,2,0,0,2,2,17560,0,0,0,0,0
2020-04-28,US,Kentucky,Grant,20,3,0,38.64962758,-84.62415957,21081.0,17,18,3,0,15,18,25121,2,0,0,2,0
2020-04-28,US,Kentucky,Graves,122,13,0,36.72292505,-88.65143315,21083.0,109,119,11,0,108,114,37317,3,2,0,1,5
2020-04-28,US,Kentucky,Grayson,60,1,0,37.46231118,-86.34248968,21085.0,59,60,1,0,59,60,26321,0,0,0,0,0
2020-04-28,US,Kentucky,Green,1,0,0,37.26484328,-85.5540745,21087.0,1,1,0,0,1,1,11049,0,0,0,0,0
2020-04-28,US,Kentucky,Greenup,11,0,0,38.54332505,-82.9215658,21089.0,11,11,0,0,11,11,35268,0,0,0,0,0
2020-04-28,US,Kentucky,Hancock,6,0,0,37.83766422,-86.78280584,21091.0,6,6,0,0,6,6,8758,0,0,0,0,0
2020-04-28,US,Kentucky,Hardin,37,0,0,37.6976111,-85.96319251,21093.0,37,37,0,0,37,35,110356,0,0,0,0,2
2020-04-28,US,Kentucky,Harrison,17,0,0,38.44188174,-84.32869741,21097.0,17,17,0,0,17,18,18778,0,0,0,0,-1
2020-04-28,US,Kentucky,Hart,2,0,0,37.29943898,-85.88461055,21099.0,2,2,0,0,2,2,18906,0,0,0,0,0
2020-04-28,US,Kentucky,Henderson,58,1,0,37.79344553,-87.57392021,21101.0,57,49,1,0,48,45,45591,9,0,0,9,4
2020-04-28,US,Kentucky,Henry,6,0,0,38.44942688,-85.11587507,21103.0,6,6,0,0,6,6,16106,0,0,0,0,0
2020-04-28,US,Kentucky,Hickman,1,0,0,36.67948079999999,-88.97875928,21105.0,1,1,0,0,1,1,4421,0,0,0,0,0
2020-04-28,US,Kentucky,Hopkins,191,21,0,37.30939025,-87.54670406,21107.0,170,187,21,0,166,183,45068,4,0,0,4,4
2020-04-28,US,Kentucky,Jackson,59,6,0,37.41866422,-83.99825483,21109.0,53,60,6,0,54,60,13442,-1,0,0,-1,0
2020-04-28,US,Kentucky,Jefferson,1224,85,0,38.18664655,-85.65931031,21111.0,1139,1140,83,0,1057,1120,770517,84,2,0,82,20
2020-04-28,US,Kentucky,Jessamine,37,0,0,37.87119786,-84.58252003,21113.0,37,34,0,0,34,34,53920,3,0,0,3,0
2020-04-28,US,Kentucky,Johnson,3,0,0,37.85106355,-82.8264322,21115.0,3,2,0,0,2,2,22386,1,0,0,1,0
2020-04-28,US,Kentucky,Kenton,247,20,0,38.93950319,-84.53241199,21117.0,227,230,16,0,214,227,166051,17,4,0,13,3
2020-04-28,US,Kentucky,Knott,3,0,0,37.35388197,-82.94981134,21119.0,3,3,0,0,3,3,15126,0,0,0,0,0
2020-04-28,US,Kentucky,Knox,6,0,0,36.89225732,-83.85403396,21121.0,6,6,0,0,6,5,31304,0,0,0,0,1
2020-04-28,US,Kentucky,Larue,5,0,0,37.54567114,-85.70138352,21123.0,5,5,0,0,5,5,14307,0,0,0,0,0
2020-04-28,US,Kentucky,Laurel,14,2,0,37.10975748,-84.11321779,21125.0,12,14,2,0,12,14,60669,0,0,0,0,0
2020-04-28,US,Kentucky,Lawrence,1,0,0,38.07136018,-82.72882223,21127.0,1,1,0,0,1,1,15571,0,0,0,0,0
2020-04-28,US,Kentucky,Leslie,2,0,0,37.09246661,-83.37999606,21131.0,2,2,0,0,2,2,10143,0,0,0,0,0
2020-04-28,US,Kentucky,Letcher,2,0,0,37.12306748,-82.85346474,21133.0,2,2,0,0,2,2,21899,0,0,0,0,0
2020-04-28,US,Kentucky,Lewis,3,0,0,38.53184419,-83.37735618,21135.0,3,3,0,0,3,3,13257,0,0,0,0,0
2020-04-28,US,Kentucky,Lincoln,5,1,0,37.45475628,-84.6565327,21137.0,4,4,1,0,3,4,24644,1,0,0,1,0
2020-04-28,US,Kentucky,Livingston,4,0,0,37.21137452,-88.34797529,21139.0,4,4,0,0,4,1,9242,0,0,0,0,3
2020-04-28,US,Kentucky,Logan,8,0,0,36.85949479,-86.877635,21141.0,8,8,0,0,8,8,26989,0,0,0,0,0
2020-04-28,US,Kentucky,Lyon,13,3,0,37.02080035,-88.07886257,21143.0,10,14,3,0,11,14,8009,-1,0,0,-1,0
2020-04-28,US,Kentucky,Madison,29,1,0,37.71659336,-84.27220275,21151.0,28,29,1,0,28,29,92368,0,0,0,0,0
2020-04-28,US,Kentucky,Marion,16,0,0,37.55218078,-85.26898542,21155.0,16,16,0,0,16,15,19404,0,0,0,0,1
2020-04-28,US,Kentucky,Marshall,34,0,0,36.88007070000001,-88.32803576,21157.0,34,33,0,0,33,31,31191,1,0,0,1,2
2020-04-28,US,Kentucky,Martin,3,0,0,37.79990579,-82.51247478,21159.0,3,3,0,0,3,3,11323,0,0,0,0,0
2020-04-28,US,Kentucky,Mason,6,0,0,38.59471935,-83.82151043,21161.0,6,6,0,0,6,6,17150,0,0,0,0,0
2020-04-28,US,Kentucky,McCracken,48,2,0,37.05350953,-88.70445755,21145.0,46,44,2,0,42,43,65346,4,0,0,4,1
2020-04-28,US,Kentucky,McCreary,11,0,0,36.73874143,-84.48102924,21147.0,11,11,0,0,11,11,17408,0,0,0,0,0
2020-04-28,US,Kentucky,McLean,12,1,0,37.5301951,-87.26803443,21149.0,11,12,1,0,11,12,9252,0,0,0,0,0
2020-04-28,US,Kentucky,Meade,11,1,0,37.96163597,-86.21028219,21163.0,10,9,1,0,8,7,28715,2,0,0,2,2
2020-04-28,US,Kentucky,Menifee,3,0,0,37.94090733,-83.59985712,21165.0,3,3,0,0,3,3,6451,0,0,0,0,0
2020-04-28,US,Kentucky,Mercer,11,0,0,37.81474237,-84.87488475,21167.0,11,11,0,0,11,11,21774,0,0,0,0,0
2020-04-28,US,Kentucky,Monroe,4,0,0,36.71225341,-85.71596443,21171.0,4,4,0,0,4,4,10718,0,0,0,0,0
2020-04-28,US,Kentucky,Montgomery,11,0,0,38.03253032,-83.9145241,21173.0,11,10,0,0,10,10,28203,1,0,0,1,0
2020-04-28,US,Kentucky,Morgan,1,0,0,37.92465657,-83.25558245,21175.0,1,1,0,0,1,1,13345,0,0,0,0,0
2020-04-28,US,Kentucky,Muhlenberg,114,4,0,37.21425819,-87.14632053,21177.0,110,111,4,0,107,111,30774,3,0,0,3,0
2020-04-28,US,Kentucky,Nelson,20,0,0,37.80335779,-85.4657193,21179.0,20,19,0,0,19,19,45851,1,0,0,1,0
2020-04-28,US,Kentucky,Nicholas,1,0,0,38.33342292,-84.01889177,21181.0,1,1,0,0,1,1,7166,0,0,0,0,0
2020-04-28,US,Kentucky,Ohio,40,0,0,37.47751843,-86.85368087,21183.0,40,38,0,0,38,38,24087,2,0,0,2,0
2020-04-28,US,Kentucky,Oldham,28,0,0,38.39791089,-85.448222,21185.0,28,27,0,0,27,27,66470,1,0,0,1,0
2020-04-28,US,Kentucky,Owen,1,0,0,38.51679143,-84.82404619,21187.0,1,,,,,,10880,,,,,
2020-04-28,US,Kentucky,Owsley,2,0,0,37.42823949,-83.68811419,21189.0,2,2,0,0,2,3,4472,0,0,0,0,-1
2020-04-28,US,Kentucky,Pendleton,6,0,0,38.69607718,-84.35599463,21191.0,6,6,0,0,6,5,14529,0,0,0,0,1
2020-04-28,US,Kentucky,Perry,6,0,0,37.25023553,-83.22922731,21193.0,6,6,0,0,6,6,26092,0,0,0,0,0
2020-04-28,US,Kentucky,Pike,11,2,0,37.47088263,-82.39487445,21195.0,9,9,2,0,7,9,58402,2,0,0,2,0
2020-04-28,US,Kentucky,Powell,1,0,0,37.83218794,-83.82553961,21197.0,1,1,0,0,1,1,12442,0,0,0,0,0
2020-04-28,US,Kentucky,Pulaski,43,2,0,37.10466131,-84.57629079,21199.0,41,41,2,0,39,41,64623,2,0,0,2,0
2020-04-28,US,Kentucky,Rockcastle,11,0,0,37.36642393,-84.31176452,21203.0,11,11,0,0,11,11,16750,0,0,0,0,0
2020-04-28,US,Kentucky,Rowan,2,0,0,38.19484205,-83.42088935,21205.0,2,2,0,0,2,2,24583,0,0,0,0,0
2020-04-28,US,Kentucky,Russell,16,3,0,36.99308373,-85.06070117,21207.0,13,16,2,0,14,16,17821,0,1,0,-1,0
2020-04-28,US,Kentucky,Scott,24,0,0,38.29622293,-84.5816631,21209.0,24,24,0,0,24,25,56031,0,0,0,0,-1
2020-04-28,US,Kentucky,Shelby,28,3,0,38.21476019,-85.194223,21211.0,25,28,3,0,25,28,48518,0,0,0,0,0
2020-04-28,US,Kentucky,Simpson,24,2,0,36.74058474,-86.58047435,21213.0,22,24,2,0,22,24,18529,0,0,0,0,0
2020-04-28,US,Kentucky,Spencer,10,0,0,38.03223971,-85.32749335,21215.0,10,10,0,0,10,10,18794,0,0,0,0,0
2020-04-28,US,Kentucky,Taylor,8,0,0,37.3677562,-85.3329931,21217.0,8,6,0,0,6,6,25549,2,0,0,2,0
2020-04-28,US,Kentucky,Todd,12,0,0,36.8381152,-87.17878374,21219.0,12,11,0,0,11,11,12311,1,0,0,1,0
2020-04-28,US,Kentucky,Trigg,8,0,0,36.80767017,-87.87333656,21221.0,8,5,0,0,5,5,14643,3,0,0,3,0
2020-04-28,US,Kentucky,Trimble,3,0,0,38.61056487,-85.33775972,21223.0,3,3,0,0,3,3,8515,0,0,0,0,0
2020-04-28,US,Kentucky,Unassigned,50,0,0,0.0,0.0,90021.0,50,58,0,0,58,58,,-8,0,0,-8,0
2020-04-28,US,Kentucky,Union,8,0,0,37.66166713,-87.94300009,21225.0,8,8,0,0,8,8,14505,0,0,0,0,0
2020-04-28,US,Kentucky,Warren,263,0,0,36.99903045,-86.42672751,21227.0,263,234,0,0,234,219,131264,29,0,0,29,15
2020-04-28,US,Kentucky,Washington,5,0,0,37.75599461,-85.17407732,21229.0,5,5,0,0,5,5,12084,0,0,0,0,0
2020-04-28,US,Kentucky,Wayne,7,0,0,36.80310688,-84.8251971,21231.0,7,6,0,0,6,6,20468,1,0,0,1,0
2020-04-28,US,Kentucky,Webster,21,0,0,37.52168356,-87.67989953,21233.0,21,19,0,0,19,20,13111,2,0,0,2,-1
2020-04-28,US,Kentucky,Whitley,11,0,0,36.75700531,-84.14541217,21235.0,11,11,0,0,11,11,36242,0,0,0,0,0
2020-04-28,US,Kentucky,Woodford,17,0,0,38.04178222,-84.7417556,21239.0,17,19,0,0,19,19,26533,-2,0,0,-2,0
2020-04-28,US,Louisiana,Acadia,130,9,0,30.295064899999996,-92.41419698,22001.0,121,130,9,0,121,130,62190,0,0,0,0,0
2020-04-28,US,Louisiana,Allen,90,9,0,30.65385745,-92.82442028,22003.0,81,87,9,0,78,82,25605,3,0,0,3,5
2020-04-28,US,Louisiana,Ascension,576,36,0,30.20406249,-90.91328409999998,22005.0,540,574,35,0,539,568,124672,2,1,0,1,6
2020-04-28,US,Louisiana,Assumption,177,3,0,29.89946234,-91.06461642,22007.0,174,175,3,0,172,173,22300,2,0,0,2,2
2020-04-28,US,Louisiana,Avoyelles,71,7,0,31.07796211,-92.00079449,22009.0,64,69,7,0,62,69,40462,2,0,0,2,0
2020-04-28,US,Louisiana,Beauregard,37,3,0,30.64836518,-93.34173616,22011.0,34,36,3,0,33,35,37253,1,0,0,1,1
2020-04-28,US,Louisiana,Bienville,73,13,0,32.34569994,-93.05398492,22013.0,60,73,13,0,60,72,13308,0,0,0,0,1
2020-04-28,US,Louisiana,Bossier,277,14,0,32.67932307,-93.60460152,22015.0,263,274,13,0,261,270,127185,3,1,0,2,4
2020-04-28,US,Louisiana,Caddo,1497,100,0,32.57991587,-93.88375652,22017.0,1397,1470,93,0,1377,1448,242922,27,7,0,20,22
2020-04-28,US,Louisiana,Calcasieu,377,28,0,30.22931235,-93.35400434,22019.0,349,369,27,0,342,363,203112,8,1,0,7,6
2020-04-28,US,Louisiana,Caldwell,17,0,0,32.0902519,-92.11752148,22021.0,17,17,0,0,17,17,9960,0,0,0,0,0
2020-04-28,US,Louisiana,Cameron,3,0,0,29.87592238,-93.19310676,22023.0,3,3,0,0,3,3,6968,0,0,0,0,0
2020-04-28,US,Louisiana,Catahoula,25,2,0,31.66778967,-91.84526385,22025.0,23,25,2,0,23,25,9608,0,0,0,0,0
2020-04-28,US,Louisiana,Claiborne,53,7,0,32.82308512,-92.99526883,22027.0,46,52,6,0,46,52,15944,1,1,0,0,0
2020-04-28,US,Louisiana,Concordia,32,4,0,31.44817835,-91.63814433,22029.0,28,31,3,0,28,30,19572,1,1,0,0,1
2020-04-28,US,Louisiana,De Soto,189,11,0,32.05457447,-93.74130302,22031.0,178,187,11,0,176,185,27436,2,0,0,2,2
2020-04-28,US,Louisiana,East Baton Rouge,1787,125,0,30.53842039,-91.09777565,22033.0,1662,1771,124,0,1647,1739,440956,16,1,0,15,32
2020-04-28,US,Louisiana,East Carroll,8,0,0,32.73926954,-91.23425694,22035.0,8,6,0,0,6,6,7037,2,0,0,2,0
2020-04-28,US,Louisiana,East Feliciana,118,12,0,30.84425359,-91.04976723,22037.0,106,116,11,0,105,108,19305,2,1,0,1,8
2020-04-28,US,Louisiana,Evangeline,46,0,0,30.72985248,-92.39915924,22039.0,46,45,0,0,45,45,33443,1,0,0,1,0
2020-04-28,US,Louisiana,Franklin,121,3,0,32.13675181,-91.67589857,22041.0,118,119,2,0,117,116,20156,2,1,0,1,3
2020-04-28,US,Louisiana,Grant,12,0,0,31.59882456,-92.56124347,22043.0,12,12,0,0,12,11,22482,0,0,0,0,1
2020-04-28,US,Louisiana,Iberia,247,18,0,29.86803617,-91.75871777,22045.0,229,245,17,0,228,243,70941,2,1,0,1,2
2020-04-28,US,Louisiana,Iberville,443,27,0,30.25734305,-91.3499598,22047.0,416,442,26,0,416,433,32721,1,1,0,0,9
2020-04-28,US,Louisiana,Jackson,30,1,0,32.30251776,-92.55692092,22049.0,29,30,0,0,30,25,15902,0,1,0,-1,5
2020-04-28,US,Louisiana,Jefferson,6135,340,0,29.74075478,-90.11115756,22051.0,5795,6104,331,0,5773,6059,434051,31,9,0,22,45
2020-04-28,US,Louisiana,Jefferson Davis,61,6,0,30.26896765,-92.81210004,22053.0,55,61,6,0,55,59,31582,0,0,0,0,2
2020-04-28,US,Louisiana,LaSalle,21,0,0,31.67884782,-92.15907765,22059.0,21,21,0,0,21,19,14917,0,0,0,0,2
2020-04-28,US,Louisiana,Lafayette,446,21,0,30.2049055,-92.06959876,22055.0,425,443,18,0,425,443,242782,3,3,0,0,0
2020-04-28,US,Louisiana,Lafourche,635,39,0,29.52470226,-90.40976986,22057.0,596,632,39,0,593,624,98115,3,0,0,3,8
2020-04-28,US,Louisiana,Lincoln,80,5,0,32.6003154,-92.66597409999999,22061.0,75,79,4,0,75,72,47196,1,1,0,0,7
2020-04-28,US,Louisiana,Livingston,185,13,0,30.44143993,-90.73061664,22063.0,172,183,11,0,172,182,139567,2,2,0,0,1
2020-04-28,US,Louisiana,Madison,7,0,0,32.36918118,-91.23973355,22065.0,7,7,0,0,7,7,11161,0,0,0,0,0
2020-04-28,US,Louisiana,Morehouse,48,4,0,32.81686191,-91.80421614,22067.0,44,48,4,0,44,46,25398,0,0,0,0,2
2020-04-28,US,Louisiana,Natchitoches,77,3,0,31.72321584,-93.09816516,22069.0,74,77,2,0,75,73,38659,0,1,0,-1,4
2020-04-28,US,Louisiana,Orleans,6380,410,0,30.06971951,-89.92660315,22071.0,5970,6365,406,0,5959,6342,391006,15,4,0,11,23
2020-04-28,US,Louisiana,Ouachita,651,16,0,32.47645559,-92.15704172,22073.0,635,645,16,0,629,622,154475,6,0,0,6,23
2020-04-28,US,Louisiana,Plaquemines,168,17,0,29.42245447,-89.60322085,22075.0,151,168,17,0,151,168,23410,0,0,0,0,0
2020-04-28,US,Louisiana,Pointe Coupee,98,15,0,30.71409502,-91.60209535,22077.0,83,94,12,0,82,89,21940,4,3,0,1,5
2020-04-28,US,Louisiana,Rapides,255,10,0,31.19778499,-92.52997303,22079.0,245,249,9,0,240,247,130562,6,1,0,5,2
2020-04-28,US,Louisiana,Red River,23,5,0,32.09530039,-93.34213308,22081.0,18,22,5,0,17,22,8477,1,0,0,1,0
2020-04-28,US,Louisiana,Richland,53,0,0,32.41391005,-91.76634876,22083.0,53,52,0,0,52,48,20192,1,0,0,1,4
2020-04-28,US,Louisiana,Sabine,16,1,0,31.56388699,-93.55433981,22085.0,15,13,0,0,13,13,24032,3,1,0,2,0
2020-04-28,US,Louisiana,St. Bernard,452,18,0,29.87761636,-89.51887093,22087.0,434,449,15,0,434,446,46721,3,3,0,0,3
2020-04-28,US,Louisiana,St. Charles,554,37,0,29.90709658,-90.35555967,22089.0,517,549,36,0,513,542,52879,5,1,0,4,7
2020-04-28,US,Louisiana,St. Helena,28,1,0,30.82210324,-90.71013176,22091.0,27,27,1,0,26,27,10262,1,0,0,1,0
2020-04-28,US,Louisiana,St. James,240,19,0,30.02531716,-90.80212061,22093.0,221,239,18,0,221,239,21037,1,1,0,0,0
2020-04-28,US,Louisiana,St. John the Baptist,758,66,0,30.12597499,-90.4753503,22095.0,692,751,64,0,687,749,43184,7,2,0,5,2
2020-04-28,US,Louisiana,St. Landry,170,37,0,30.59724262,-92.00135806,22097.0,133,167,35,0,132,163,82764,3,2,0,1,4
2020-04-28,US,Louisiana,St. Martin,226,15,0,30.13112107,-91.61403569,22099.0,211,223,15,0,208,221,53621,3,0,0,3,2
2020-04-28,US,Louisiana,St. Mary,182,20,0,29.69262097,-91.44702164,22101.0,162,181,20,0,161,179,49774,1,0,0,1,2
2020-04-28,US,Louisiana,St. Tammany,1184,104,0,30.40942847,-89.95642711,22103.0,1080,1172,100,0,1072,1162,258111,12,4,0,8,10
2020-04-28,US,Louisiana,Tangipahoa,540,21,0,30.62888673,-90.40664996,22105.0,519,535,21,0,514,528,133777,5,0,0,5,7
2020-04-28,US,Louisiana,Tensas,1,0,0,32.00760749,-91.32915234,22107.0,1,1,0,0,1,1,4462,0,0,0,0,0
2020-04-28,US,Louisiana,Terrebonne,382,31,0,29.37343766,-90.82626855,22109.0,351,375,26,0,349,371,111021,7,5,0,2,4
2020-04-28,US,Louisiana,Unassigned,61,43,0,0.0,0.0,90022.0,18,64,43,0,21,64,,-3,0,0,-3,0
2020-04-28,US,Louisiana,Union,108,6,0,32.83121059,-92.3749373,22111.0,102,103,6,0,97,102,22330,5,0,0,5,1
2020-04-28,US,Louisiana,Vermilion,35,1,0,29.83517605,-92.30292538,22113.0,34,35,1,0,34,34,59830,0,0,0,0,1
2020-04-28,US,Louisiana,Vernon,16,2,0,31.10884837,-93.18153838,22115.0,14,16,2,0,14,16,48860,0,0,0,0,0
2020-04-28,US,Louisiana,Washington,256,18,0,30.85288548,-90.03866652,22117.0,238,253,18,0,235,245,46582,3,0,0,3,8
2020-04-28,US,Louisiana,Webster,85,4,0,32.70847669,-93.33121835,22119.0,81,83,4,0,79,83,38798,2,0,0,2,0
2020-04-28,US,Louisiana,West Baton Rouge,94,16,0,30.46058217,-91.30989571,22121.0,78,94,16,0,78,91,26427,0,0,0,0,3
2020-04-28,US,Louisiana,West Carroll,4,0,0,32.78550125,-91.461201,22123.0,4,4,0,0,4,4,10982,0,0,0,0,0
2020-04-28,US,Louisiana,West Feliciana,109,3,0,30.87882871,-91.41485379999999,22125.0,106,104,3,0,101,103,15460,5,0,0,5,1
2020-04-28,US,Louisiana,Winn,26,2,0,31.94449367,-92.63789413,22127.0,24,22,2,0,20,20,14134,4,0,0,4,2
2020-04-28,US,Maine,Androscoggin,42,2,0,44.1664747,-70.20380627,23001.0,40,42,2,0,40,42,107679,0,0,0,0,0
2020-04-28,US,Maine,Aroostook,5,0,0,46.65926321,-68.59841248,23003.0,5,4,0,0,4,4,67111,1,0,0,1,0
2020-04-28,US,Maine,Cumberland,466,24,0,43.8370751,-70.37226999,23005.0,442,459,24,0,435,454,293557,7,0,0,7,5
2020-04-28,US,Maine,Franklin,27,1,0,44.97330019,-70.44381045,23007.0,26,27,1,0,26,27,29897,0,0,0,0,0
2020-04-28,US,Maine,Hancock,10,0,0,44.59816444,-68.38401854,23009.0,10,9,0,0,9,9,54811,1,0,0,1,0
2020-04-28,US,Maine,Kennebec,103,6,0,44.40759555,-69.76738544,23011.0,97,102,6,0,96,101,122083,1,0,0,1,1
2020-04-28,US,Maine,Knox,15,0,0,44.11486325,-69.10529169,23013.0,15,14,0,0,14,14,39771,1,0,0,1,0
2020-04-28,US,Maine,Lincoln,12,0,0,44.05996956,-69.54227124,23015.0,12,12,0,0,12,12,34342,0,0,0,0,0
2020-04-28,US,Maine,Oxford,15,0,0,44.49952995,-70.75682123,23017.0,15,15,0,0,15,15,57618,0,0,0,0,0
2020-04-28,US,Maine,Penobscot,57,0,0,45.40194593,-68.65020455,23019.0,57,55,0,0,55,53,151096,2,0,0,2,2
2020-04-28,US,Maine,Piscataquis,1,0,0,45.83839062,-69.2860223,23021.0,1,1,0,0,1,1,16800,0,0,0,0,0
2020-04-28,US,Maine,Sagadahoc,18,0,0,43.95415864,-69.85074999,23023.0,18,18,0,0,18,18,35634,0,0,0,0,0
2020-04-28,US,Maine,Somerset,18,0,0,45.51229767,-69.95995554,23025.0,18,17,0,0,17,17,50592,1,0,0,1,0
2020-04-28,US,Maine,Unassigned,1,0,0,0.0,0.0,90023.0,1,2,0,0,2,2,,-1,0,0,-1,0
2020-04-28,US,Maine,Waldo,48,11,0,44.4858305,-69.12061935,23027.0,37,48,11,0,37,48,39694,0,0,0,0,0
2020-04-28,US,Maine,Washington,2,0,0,45.01607142,-67.62813524,23029.0,2,2,0,0,2,2,31490,0,0,0,0,0
2020-04-28,US,Maine,York,200,7,0,43.47808377,-70.71052375,23031.0,193,196,7,0,189,196,206229,4,0,0,4,0
2020-04-28,US,Maryland,Allegany,115,5,0,39.62357628,-78.69280486,24001.0,110,114,4,0,110,113,70975,1,1,0,0,1
2020-04-28,US,Maryland,Anne Arundel,1571,78,0,39.00670238,-76.60329337,24003.0,1493,1544,74,0,1470,1510,576031,27,4,0,23,34
2020-04-28,US,Maryland,Baltimore,2631,107,0,39.45784712,-76.62911955,24005.0,2524,2548,98,0,2450,2509,828431,83,9,0,74,39
2020-04-28,US,Maryland,Baltimore City,1977,90,0,39.30211911,-76.61151012,24510.0,1887,1933,88,0,1845,1866,621342,44,2,0,42,67
2020-04-28,US,Maryland,Calvert,139,8,0,38.53961642,-76.56820632,24009.0,131,138,7,0,131,134,92003,1,1,0,0,4
2020-04-28,US,Maryland,Caroline,69,0,0,38.87172293,-75.82904158,24011.0,69,68,0,0,68,63,33304,1,0,0,1,5
2020-04-28,US,Maryland,Carroll,416,44,0,39.56453592,-77.02373735,24013.0,372,403,37,0,366,391,168429,13,7,0,6,12
2020-04-28,US,Maryland,Cecil,163,6,0,39.56647682,-75.94627411,24015.0,157,163,5,0,158,154,102826,0,1,0,-1,9
2020-04-28,US,Maryland,Charles,539,39,0,38.51092331,-76.98580666,24017.0,500,529,37,0,492,504,161503,10,2,0,8,25
2020-04-28,US,Maryland,Dorchester,52,2,0,38.45413522,-76.02752426,24019.0,50,51,2,0,49,46,31998,1,0,0,1,5
2020-04-28,US,Maryland,Frederick,870,48,0,39.47296601,-77.39999394,24021.0,822,865,48,0,817,834,255648,5,0,0,5,31
2020-04-28,US,Maryland,Garrett,4,0,0,39.52786077,-79.27355126,24023.0,4,4,0,0,4,4,29163,0,0,0,0,0
2020-04-28,US,Maryland,Harford,358,13,0,39.55010644,-76.30775940000002,24025.0,345,352,11,0,341,319,253956,6,2,0,4,33
2020-04-28,US,Maryland,Howard,802,18,0,39.25305293,-76.93126208,24027.0,784,778,17,0,761,707,323196,24,1,0,23,71
2020-04-28,US,Maryland,Kent,73,4,0,39.24976208,-76.04741541,24029.0,69,70,4,0,66,68,19383,3,0,0,3,2
2020-04-28,US,Maryland,Montgomery,4003,221,0,39.13676329,-77.20358245,24031.0,3782,3843,210,0,3633,3645,1052567,160,11,0,149,198
2020-04-28,US,Maryland,Prince George's,5496,206,0,38.83070039,-76.8496441,24033.0,5290,5263,198,0,5065,4987,909308,233,8,0,225,276
2020-04-28,US,Maryland,Queen Anne's,55,4,0,39.06198912,-76.03530977,24035.0,51,54,3,0,51,53,50251,1,1,0,0,1
2020-04-28,US,Maryland,Somerset,20,0,0,38.1163542,-75.75118623,24039.0,20,19,0,0,19,16,25675,1,0,0,1,3
2020-04-28,US,Maryland,St. Mary's,145,7,0,38.30058422,-76.60629279999998,24037.0,138,144,6,0,138,133,112664,1,1,0,0,11
2020-04-28,US,Maryland,Talbot,34,1,0,38.76618159,-76.10882561,24041.0,33,34,1,0,33,34,36968,0,0,0,0,0
2020-04-28,US,Maryland,Unassigned,0,106,0,0.0,0.0,90024.0,-106,0,87,0,-87,0,,0,19,0,-19,0
2020-04-28,US,Maryland,Washington,187,3,0,39.60835778,-77.82002295,24043.0,184,181,3,0,178,173,150926,6,0,0,6,8
2020-04-28,US,Maryland,Wicomico,340,5,0,38.37301947,-75.62705831,24045.0,335,336,5,0,331,270,103195,4,0,0,4,66
2020-04-28,US,Maryland,Worcester,54,1,0,38.21274277,-75.33200012,24047.0,53,53,0,0,53,48,51823,1,1,0,0,5
2020-04-28,US,Massachusetts,Barnstable,820,39,0,41.72980578,-70.28854339,25001.0,781,798,39,0,759,772,213413,22,0,0,22,26
2020-04-28,US,Massachusetts,Berkshire,430,31,0,42.37428441,-73.20524838,25003.0,399,428,31,0,397,428,126348,2,0,0,2,0
2020-04-28,US,Massachusetts,Bristol,3270,155,0,41.79228404,-71.10872211,25005.0,3115,3068,137,0,2931,2923,564022,202,18,0,184,145
2020-04-28,US,Massachusetts,Dukes and Nantucket,26,1,0,41.40674725,-70.68763497,0.0,25,25,1,0,24,25,26707,1,0,0,1,0
2020-04-28,US,Massachusetts,Essex,7972,383,0,42.6687626,-70.94687179,25009.0,7589,7708,359,0,7349,7489,790638,264,24,0,240,219
2020-04-28,US,Massachusetts,Franklin,237,33,0,42.58119713,-72.58602547,25011.0,204,231,33,0,198,226,70963,6,0,0,6,5
2020-04-28,US,Massachusetts,Hampden,3546,346,0,42.13440424,-72.63235561,25013.0,3200,3381,337,0,3044,3295,470406,165,9,0,156,86
2020-04-28,US,Massachusetts,Hampshire,509,27,0,42.33997957,-72.65898478,25015.0,482,443,26,0,417,427,161355,66,1,0,65,16
2020-04-28,US,Massachusetts,Middlesex,13417,731,0,42.48607732,-71.39049229,25017.0,12686,12953,700,0,12253,12648,1614714,464,31,0,433,305
2020-04-28,US,Massachusetts,Norfolk,5567,448,0,42.16073095,-71.20530408,25021.0,5119,5398,429,0,4969,5288,705388,169,19,0,150,110
2020-04-28,US,Massachusetts,Plymouth,4744,256,0,41.94070556,-70.80802823,25023.0,4488,4607,240,0,4367,4495,518132,137,16,0,121,112
2020-04-28,US,Massachusetts,Suffolk,12140,469,0,42.327951399999996,-71.07850442,25025.0,11671,11883,448,0,11435,11543,807252,257,21,0,236,340
2020-04-28,US,Massachusetts,Unassigned,625,5,0,0.0,0.0,90025.0,620,795,8,0,787,807,,-170,-3,0,-167,-12
2020-04-28,US,Massachusetts,Worcester,4999,229,0,42.35026951,-71.90493363,25027.0,4770,4744,215,0,4529,4572,830839,255,14,0,241,172
2020-04-28,US,Michigan,Alcona,4,0,0,44.6846864,-83.59507875,26001.0,4,4,0,0,4,3,10362,0,0,0,0,1
2020-04-28,US,Michigan,Allegan,84,1,0,42.59147037,-85.89102866,26005.0,83,72,1,0,71,69,117327,12,0,0,12,3
2020-04-28,US,Michigan,Alpena,67,4,0,45.03477666,-83.62212411,26007.0,63,60,2,0,58,60,28360,7,2,0,5,0
2020-04-28,US,Michigan,Antrim,9,0,0,44.99690221,-85.15503082,26009.0,9,9,0,0,9,10,23365,0,0,0,0,-1
2020-04-28,US,Michigan,Arenac,18,1,0,44.0636262,-83.89277559,26011.0,17,15,1,0,14,16,15041,3,0,0,3,-1
2020-04-28,US,Michigan,Barry,31,1,0,42.59513984,-85.30834519,26015.0,30,31,1,0,30,29,61157,0,0,0,0,2
2020-04-28,US,Michigan,Bay,135,4,0,43.70639106,-83.98731479,26017.0,131,122,3,0,119,115,103923,13,1,0,12,7
2020-04-28,US,Michigan,Benzie,4,0,0,44.63899297,-86.01608482,26019.0,4,4,0,0,4,4,17753,0,0,0,0,0
2020-04-28,US,Michigan,Berrien,232,15,0,41.95447397,-86.41313079999998,26021.0,217,217,14,0,203,215,154141,15,1,0,14,2
2020-04-28,US,Michigan,Branch,53,2,0,41.91600556,-85.05929476,26023.0,51,50,2,0,48,48,43622,3,0,0,3,2
2020-04-28,US,Michigan,Calhoun,210,11,0,42.24633834,-85.00493569,26025.0,199,203,11,0,192,202,134487,7,0,0,7,1
2020-04-28,US,Michigan,Cass,27,2,0,41.91522292,-85.99405727,26027.0,25,27,2,0,25,26,51653,0,0,0,0,1
2020-04-28,US,Michigan,Charlevoix,13,1,0,45.37790017,-85.19614053,26029.0,12,13,1,0,12,13,26244,0,0,0,0,0
2020-04-28,US,Michigan,Cheboygan,17,1,0,45.44787015,-84.50122149,26031.0,16,17,1,0,16,17,25413,0,0,0,0,0
2020-04-28,US,Michigan,Chippewa,2,0,0,46.29552653,-84.54353449,26033.0,2,2,0,0,2,2,37517,0,0,0,0,0
2020-04-28,US,Michigan,Clare,11,1,0,43.98794227,-84.84819859999998,26035.0,10,11,1,0,10,10,30757,0,0,0,0,1
2020-04-28,US,Michigan,Clinton,114,9,0,42.94400871,-84.60145248,26037.0,105,112,9,0,103,109,79332,2,0,0,2,3
2020-04-28,US,Michigan,Crawford,51,4,0,44.68255561,-84.61006219,26039.0,47,50,3,0,47,46,13901,1,1,0,0,4
2020-04-28,US,Michigan,Delta,13,2,0,45.90484910000001,-86.9080745,26041.0,11,13,2,0,11,12,35857,0,0,0,0,1
2020-04-28,US,Michigan,Dickinson,3,2,0,46.00999672,-87.86961634,26043.0,1,3,2,0,1,3,25383,0,0,0,0,0
2020-04-28,US,Michigan,Eaton,119,6,0,42.59599185,-84.83740035,26045.0,113,116,6,0,110,115,109826,3,0,0,3,1
2020-04-28,US,Michigan,Emmet,21,2,0,45.52625509,-84.89083249,26047.0,19,21,2,0,19,21,33308,0,0,0,0,0
2020-04-28,US,Michigan,Federal Correctional Institution (FCI),82,1,0,0.0,0.0,0.0,81,81,1,0,80,81,,1,0,0,1,0
2020-04-28,US,Michigan,Genesee,1533,174,0,43.02244215,-83.70589709,26049.0,1359,1483,165,0,1318,1467,406892,50,9,0,41,16
2020-04-28,US,Michigan,Gladwin,12,1,0,43.98901072,-84.38774817,26051.0,11,11,1,0,10,11,25337,1,0,0,1,0
2020-04-28,US,Michigan,Gogebic,4,1,0,46.40862701,-89.69377193,26053.0,3,4,1,0,3,4,15096,0,0,0,0,0
2020-04-28,US,Michigan,Grand Traverse,19,5,0,44.69565625,-85.55585247,26055.0,14,19,5,0,14,19,92573,0,0,0,0,0
2020-04-28,US,Michigan,Gratiot,10,1,0,43.29265605,-84.60505416,26057.0,9,10,1,0,9,8,40599,0,0,0,0,2
2020-04-28,US,Michigan,Hillsdale,118,16,0,41.88753639,-84.59312019,26059.0,102,114,16,0,98,113,45749,4,0,0,4,1
2020-04-28,US,Michigan,Houghton,2,0,0,46.89988536,-88.68495385,26061.0,2,2,0,0,2,2,36219,0,0,0,0,0
2020-04-28,US,Michigan,Huron,13,0,0,43.83353985,-83.04078453,26063.0,13,13,0,0,13,13,31166,0,0,0,0,0
2020-04-28,US,Michigan,Ingham,426,10,0,42.59716886,-84.37472069,26065.0,416,413,10,0,403,406,292735,13,0,0,13,7
2020-04-28,US,Michigan,Ionia,53,2,0,42.94502238,-85.07413319,26067.0,51,47,2,0,45,43,64210,6,0,0,6,4
2020-04-28,US,Michigan,Iosco,48,4,0,44.35486835,-83.63484895,26069.0,44,41,4,0,37,33,25081,7,0,0,7,8
2020-04-28,US,Michigan,Isabella,59,7,0,43.64060976,-84.84664923,26073.0,52,57,7,0,50,55,70562,2,0,0,2,2
2020-04-28,US,Michigan,Jackson,342,18,0,42.24807035,-84.42258681,26075.0,324,341,18,0,323,327,158823,1,0,0,1,14
2020-04-28,US,Michigan,Kalamazoo,327,12,0,42.24542231,-85.53038622,26077.0,315,300,12,0,288,292,264870,27,0,0,27,8
2020-04-28,US,Michigan,Kalkaska,17,2,0,44.68512729,-85.09085699,26079.0,15,17,2,0,15,17,17824,0,0,0,0,0
2020-04-28,US,Michigan,Kent,1305,34,0,43.03197711,-85.54934642,26081.0,1271,1100,34,0,1066,1031,653786,205,0,0,205,69
2020-04-28,US,Michigan,Lake,2,0,0,43.99050893,-85.802173,26085.0,2,2,0,0,2,2,11881,0,0,0,0,0
2020-04-28,US,Michigan,Lapeer,166,24,0,43.09052506,-83.22153148,26087.0,142,164,24,0,140,165,88028,2,0,0,2,-1
2020-04-28,US,Michigan,Leelanau,9,0,0,44.94430054,-85.80150326,26089.0,9,9,0,0,9,9,21764,0,0,0,0,0
2020-04-28,US,Michigan,Lenawee,88,1,0,41.89475156,-84.06603727,26091.0,87,84,1,0,83,82,98266,4,0,0,4,2
2020-04-28,US,Michigan,Livingston,326,18,0,42.60302282,-83.91297209,26093.0,308,319,14,0,305,315,191224,7,4,0,3,4
2020-04-28,US,Michigan,Luce,1,0,0,46.47227431,-85.54471223,26095.0,1,1,0,0,1,1,6283,0,0,0,0,0
2020-04-28,US,Michigan,Mackinac,5,0,0,46.07028979,-85.04980537,26097.0,5,5,0,0,5,5,10787,0,0,0,0,0
2020-04-28,US,Michigan,Macomb,5339,572,0,42.69158356,-82.92752801,26099.0,4767,5245,527,0,4718,5203,874759,94,45,0,49,42
2020-04-28,US,Michigan,Manistee,11,0,0,44.33352407,-86.05626916,26101.0,11,11,0,0,11,11,24528,0,0,0,0,0
2020-04-28,US,Michigan,Marquette,43,8,0,46.4338914,-87.64043701,26103.0,35,42,7,0,35,42,66516,1,1,0,0,0
2020-04-28,US,Michigan,Mason,7,0,0,43.99509218,-86.24988902,26105.0,7,5,0,0,5,5,29100,2,0,0,2,0
2020-04-28,US,Michigan,Mecosta,15,1,0,43.64064262,-85.32463223,26107.0,14,14,1,0,13,14,43545,1,0,0,1,0
2020-04-28,US,Michigan,Menominee,5,0,0,45.58038692,-87.55370409,26109.0,5,3,0,0,3,3,22983,2,0,0,2,0
2020-04-28,US,Michigan,Michigan Department of Corrections (MDOC),1074,38,0,0.0,0.0,0.0,1036,1048,37,0,1011,1031,,26,1,0,25,17
2020-04-28,US,Michigan,Midland,56,4,0,43.64330771,-84.38804374,26111.0,52,56,3,0,53,52,83209,0,1,0,-1,4
2020-04-28,US,Michigan,Missaukee,15,1,0,44.33772443,-85.09256478,26113.0,14,15,1,0,14,15,15113,0,0,0,0,0
2020-04-28,US,Michigan,Monroe,277,12,0,41.92734151,-83.53749864,26115.0,265,275,12,0,263,273,150439,2,0,0,2,2
2020-04-28,US,Michigan,Montcalm,37,1,0,43.31082541,-85.15252824,26117.0,36,32,1,0,31,32,63968,5,0,0,5,0
2020-04-28,US,Michigan,Montmorency,5,0,0,45.0275929,-84.12696227,26119.0,5,5,0,0,5,5,9265,0,0,0,0,0
2020-04-28,US,Michigan,Muskegon,242,15,0,43.29123859,-86.15176712,26121.0,227,234,13,0,221,228,173588,8,2,0,6,6
2020-04-28,US,Michigan,Newaygo,16,0,0,43.554373999999996,-85.80070107,26123.0,16,14,0,0,14,15,48892,2,0,0,2,-1
2020-04-28,US,Michigan,Oakland,7012,654,0,42.66090111,-83.38595416,26125.0,6358,6913,631,0,6282,6928,1259201,99,23,0,76,-15
2020-04-28,US,Michigan,Oceana,8,1,0,43.64124435,-86.26726673,26127.0,7,7,1,0,6,5,26625,1,0,0,1,2
2020-04-28,US,Michigan,Ogemaw,11,0,0,44.33481032,-84.12725175,26129.0,11,10,0,0,10,9,20952,1,0,0,1,1
2020-04-28,US,Michigan,Osceola,8,0,0,43.98992088,-85.32566756,26133.0,8,8,0,0,8,8,23341,0,0,0,0,0
2020-04-28,US,Michigan,Oscoda,4,0,0,44.68192279,-84.12939244,26135.0,4,4,0,0,4,4,8276,0,0,0,0,0
2020-04-28,US,Michigan,Otsego,88,8,0,45.02085831,-84.59898295,26137.0,80,87,8,0,79,87,24665,1,0,0,1,0
2020-04-28,US,Michigan,Ottawa,210,9,0,42.95996803,-85.9969107,26139.0,201,191,9,0,182,180,290494,19,0,0,19,11
2020-04-28,US,Michigan,Out of MI,28,1,0,0.0,0.0,80026.0,27,20,1,0,19,27,,8,0,0,8,-7
2020-04-28,US,Michigan,Presque Isle,11,0,0,45.34018577,-83.91498656,26141.0,11,11,0,0,11,10,12738,0,0,0,0,1
2020-04-28,US,Michigan,Roscommon,14,0,0,44.33473082,-84.61067651,26143.0,14,13,0,0,13,13,23884,1,0,0,1,0
2020-04-28,US,Michigan,Saginaw,609,52,0,43.33433923,-84.05131209999998,26145.0,557,586,47,0,539,558,190800,23,5,0,18,28
2020-04-28,US,Michigan,Sanilac,34,4,0,43.42406072,-82.82055898,26151.0,30,34,4,0,30,34,41182,0,0,0,0,0
2020-04-28,US,Michigan,Schoolcraft,3,0,0,46.19235734,-86.19972234,26153.0,3,3,0,0,3,3,8068,0,0,0,0,0
2020-04-28,US,Michigan,Shiawassee,173,8,0,42.95392800000001,-84.14585902,26155.0,165,166,8,0,158,130,68192,7,0,0,7,36
2020-04-28,US,Michigan,St. Clair,309,21,0,42.92655373,-82.67937954,26147.0,288,304,18,0,286,302,159337,5,3,0,2,2
2020-04-28,US,Michigan,St. Joseph,30,1,0,41.91441767,-85.52797979,26149.0,29,29,1,0,28,28,61043,1,0,0,1,1
2020-04-28,US,Michigan,Tuscola,94,13,0,43.46606813,-83.41897025,26157.0,81,90,13,0,77,82,52516,4,0,0,4,8
2020-04-28,US,Michigan,Unassigned,11,2,0,0.0,0.0,90026.0,9,5,1,0,4,3,,6,1,0,5,2
2020-04-28,US,Michigan,Van Buren,43,2,0,42.25190229,-86.01939087,26159.0,41,36,2,0,34,35,75448,7,0,0,7,1
2020-04-28,US,Michigan,Washtenaw,1033,56,0,42.253105,-83.83853204,26161.0,977,1004,55,0,949,1001,370963,29,1,0,28,3
2020-04-28,US,Michigan,Wayne,16173,1682,0,42.28098405,-83.281255,26163.0,14491,15872,1622,0,14250,15748,1753893,301,60,0,241,124
2020-04-28,US,Michigan,Wexford,9,2,0,44.33853602,-85.57712739,26165.0,7,9,2,0,7,8,33466,0,0,0,0,1
2020-04-28,US,Minnesota,Aitkin,1,0,0,46.60962049,-93.41168259999999,27001.0,1,1,0,0,1,1,15902,0,0,0,0,0
2020-04-28,US,Minnesota,Anoka,186,8,0,45.27476015,-93.24604565,27003.0,178,168,5,0,163,165,353813,18,3,0,15,3
2020-04-28,US,Minnesota,Becker,2,0,0,46.93479392,-95.67158144,27005.0,2,2,0,0,2,2,34371,0,0,0,0,0
2020-04-28,US,Minnesota,Beltrami,6,0,0,47.97373527,-94.93732139,27007.0,6,6,0,0,6,6,46847,0,0,0,0,0
2020-04-28,US,Minnesota,Benton,6,0,0,45.69804958,-93.99514135,27009.0,6,4,0,0,4,4,40545,2,0,0,2,0
2020-04-28,US,Minnesota,Big Stone,2,0,0,45.42712824,-96.41403739,27011.0,2,2,0,0,2,2,4989,0,0,0,0,0
2020-04-28,US,Minnesota,Blue Earth,33,0,0,44.03554215,-94.06699781,27013.0,33,30,0,0,30,29,67427,3,0,0,3,1
2020-04-28,US,Minnesota,Brown,8,1,0,44.24205652,-94.72562874,27015.0,7,8,1,0,7,8,25111,0,0,0,0,0
2020-04-28,US,Minnesota,Carlton,53,0,0,46.59180601,-92.67601019,27017.0,53,52,0,0,52,51,35837,1,0,0,1,1
2020-04-28,US,Minnesota,Carver,19,0,0,44.82017001,-93.80099179999999,27019.0,19,17,0,0,17,17,103551,2,0,0,2,0
2020-04-28,US,Minnesota,Cass,5,0,0,46.95043611,-94.32603968,27021.0,5,5,0,0,5,5,29519,0,0,0,0,0
2020-04-28,US,Minnesota,Chippewa,2,0,0,45.02343421,-95.56403693,27023.0,2,2,0,0,2,2,11924,0,0,0,0,0
2020-04-28,US,Minnesota,Chisago,9,1,0,45.5021011,-92.90861945,27025.0,8,7,1,0,6,7,55922,2,0,0,2,0
2020-04-28,US,Minnesota,Clay,149,10,0,46.89289518,-96.48761922,27027.0,139,131,9,0,122,125,63955,18,1,0,17,6
2020-04-28,US,Minnesota,Clearwater,2,0,0,47.57992111,-95.37790562,27029.0,2,2,0,0,2,2,8810,0,0,0,0,0
2020-04-28,US,Minnesota,Cottonwood,11,0,0,44.00715262,-95.18138802,27033.0,11,9,0,0,9,6,11277,2,0,0,2,3
2020-04-28,US,Minnesota,Crow Wing,20,1,0,46.48096553,-94.06755609,27035.0,19,20,0,0,20,20,64889,0,1,0,-1,0
2020-04-28,US,Minnesota,Dakota,156,9,0,44.67172617,-93.06299363,27037.0,147,144,7,0,137,143,425423,12,2,0,10,1
2020-04-28,US,Minnesota,Dodge,19,0,0,44.02238415,-92.86244324,27039.0,19,19,0,0,19,19,20822,0,0,0,0,0
2020-04-28,US,Minnesota,Douglas,2,0,0,45.93348491,-95.45335469,27041.0,2,2,0,0,2,2,37964,0,0,0,0,0
2020-04-28,US,Minnesota,Faribault,4,0,0,43.67381499,-93.94787458,27043.0,4,4,0,0,4,4,13758,0,0,0,0,0
2020-04-28,US,Minnesota,Fillmore,12,1,0,43.67394126,-92.08980382,27045.0,11,12,1,0,11,12,21058,0,0,0,0,0
2020-04-28,US,Minnesota,Freeborn,34,0,0,43.67385583,-93.34884422,27047.0,34,33,0,0,33,33,30444,1,0,0,1,0
2020-04-28,US,Minnesota,Goodhue,19,0,0,44.40849741,-92.72341949999999,27049.0,19,19,0,0,19,19,46403,0,0,0,0,0
2020-04-28,US,Minnesota,Hennepin,1524,193,0,45.00761521,-93.47694895,27053.0,1331,1416,188,0,1228,1332,1259428,108,5,0,103,84
2020-04-28,US,Minnesota,Houston,1,0,0,43.67129565,-91.49143057,27055.0,1,1,0,0,1,1,18578,0,0,0,0,0
2020-04-28,US,Minnesota,Isanti,6,0,0,45.56181234,-93.29487636,27059.0,6,6,0,0,6,6,39966,0,0,0,0,0
2020-04-28,US,Minnesota,Itasca,2,0,0,47.51009045,-93.63092229,27061.0,2,2,0,0,2,2,45108,0,0,0,0,0
2020-04-28,US,Minnesota,Jackson,9,0,0,43.67423373,-95.15398258,27063.0,9,8,0,0,8,7,9911,1,0,0,1,1
2020-04-28,US,Minnesota,Kandiyohi,64,1,0,45.1526059,-95.00586446,27067.0,63,39,0,0,39,35,42855,25,1,0,24,4
2020-04-28,US,Minnesota,Kittson,1,0,0,48.77754106,-96.78317184,27069.0,1,1,0,0,1,1,4248,0,0,0,0,0
2020-04-28,US,Minnesota,Koochiching,1,0,0,48.24539665,-93.78352843,27071.0,1,1,0,0,1,1,12440,0,0,0,0,0
2020-04-28,US,Minnesota,Lac qui Parle,1,0,0,44.9973857,-96.17488219,27073.0,1,1,0,0,1,1,6658,0,0,0,0,0
2020-04-28,US,Minnesota,Le Sueur,24,0,0,44.37136597,-93.72844721,27079.0,24,23,0,0,23,22,28494,1,0,0,1,1
2020-04-28,US,Minnesota,Lincoln,2,0,0,44.41311883,-96.26688165,27081.0,2,2,0,0,2,2,5673,0,0,0,0,0
2020-04-28,US,Minnesota,Lyon,6,0,0,44.41327865,-95.83806103,27083.0,6,6,0,0,6,6,25629,0,0,0,0,0
2020-04-28,US,Minnesota,Mahnomen,1,0,0,47.32557075,-95.80921485,27087.0,1,1,0,0,1,1,5519,0,0,0,0,0
2020-04-28,US,Minnesota,Marshall,1,0,0,48.35825983,-96.37017407,27089.0,1,1,0,0,1,1,9390,0,0,0,0,0
2020-04-28,US,Minnesota,Martin,52,4,0,43.67429718,-94.55099908,27091.0,48,43,4,0,39,43,19785,9,0,0,9,0
2020-04-28,US,Minnesota,McLeod,4,0,0,44.82367677,-94.27287017,27085.0,4,4,0,0,4,3,35873,0,0,0,0,1
2020-04-28,US,Minnesota,Meeker,9,0,0,45.12328869,-94.52839455,27093.0,9,6,0,0,6,6,23141,3,0,0,3,0
2020-04-28,US,Minnesota,Mille Lacs,2,1,0,45.93705297,-93.63236823,27095.0,1,1,1,0,0,1,26139,1,0,0,1,0
2020-04-28,US,Minnesota,Morrison,1,0,0,46.01265363,-94.27341528,27097.0,1,1,0,0,1,1,33169,0,0,0,0,0
2020-04-28,US,Minnesota,Mower,28,0,0,43.67142874,-92.75234549,27099.0,28,28,0,0,28,28,40011,0,0,0,0,0
2020-04-28,US,Minnesota,Murray,10,0,0,44.02216709,-95.76328482,27101.0,10,10,0,0,10,8,8276,0,0,0,0,2
2020-04-28,US,Minnesota,Nicollet,9,2,0,44.35291112,-94.24710352,27103.0,7,9,2,0,7,9,34220,0,0,0,0,0
2020-04-28,US,Minnesota,Nobles,477,1,0,43.67434621,-95.75329576,27105.0,476,399,1,0,398,352,21924,78,0,0,78,47
2020-04-28,US,Minnesota,Norman,7,0,0,47.32628443,-96.45620947,27107.0,7,7,0,0,7,7,6475,0,0,0,0,0
2020-04-28,US,Minnesota,Olmsted,251,6,0,44.00374114,-92.40209944,27109.0,245,246,6,0,240,239,156277,5,0,0,5,7
2020-04-28,US,Minnesota,Otter Tail,8,0,0,46.40846929,-95.70835255,27111.0,8,8,0,0,8,8,58812,0,0,0,0,0
2020-04-28,US,Minnesota,Pennington,1,0,0,48.06642577,-96.0370814,27113.0,1,1,0,0,1,1,14178,0,0,0,0,0
2020-04-28,US,Minnesota,Pine,56,0,0,46.12105238,-92.74070188,27115.0,56,56,0,0,56,52,29483,0,0,0,0,4
2020-04-28,US,Minnesota,Pipestone,2,0,0,44.02301619,-96.25841142,27117.0,2,2,0,0,2,2,9047,0,0,0,0,0
2020-04-28,US,Minnesota,Polk,26,0,0,47.77372465,-96.40134647,27119.0,26,24,0,0,24,23,31529,2,0,0,2,1
2020-04-28,US,Minnesota,Ramsey,317,22,0,45.01625271,-93.09872295,27123.0,295,297,22,0,275,278,550210,20,0,0,20,19
2020-04-28,US,Minnesota,Red Lake,1,0,0,47.87197525,-96.09561104,27125.0,1,1,0,0,1,1,3999,0,0,0,0,0
2020-04-28,US,Minnesota,Redwood,1,0,0,44.40555844,-95.25207021,27127.0,1,1,0,0,1,1,15249,0,0,0,0,0
2020-04-28,US,Minnesota,Renville,3,0,0,44.72836381,-94.94553734,27129.0,3,3,0,0,3,3,14612,0,0,0,0,0
2020-04-28,US,Minnesota,Rice,11,1,0,44.3543376,-93.29658715,27131.0,10,10,1,0,9,9,66523,1,0,0,1,1
2020-04-28,US,Minnesota,Rock,8,0,0,43.67482683,-96.25296832,27133.0,8,6,0,0,6,5,9414,2,0,0,2,1
2020-04-28,US,Minnesota,Roseau,1,0,0,48.77501878,-95.81079919,27135.0,1,1,0,0,1,1,15150,0,0,0,0,0
2020-04-28,US,Minnesota,Scott,36,1,0,44.6490231,-93.53340251,27139.0,35,35,1,0,34,32,147381,1,0,0,1,3
2020-04-28,US,Minnesota,Sherburne,19,0,0,45.44447208,-93.77617511,27141.0,19,16,0,0,16,16,96036,3,0,0,3,0
2020-04-28,US,Minnesota,Sibley,2,0,0,44.5796592,-94.23164924,27143.0,2,1,0,0,1,1,15028,1,0,0,1,0
2020-04-28,US,Minnesota,St. Louis,69,11,0,47.604840700000004,-92.46879855,27137.0,58,67,10,0,57,61,199754,2,1,0,1,6
2020-04-28,US,Minnesota,Stearns,86,0,0,45.55192576,-94.61078221,27145.0,86,55,0,0,55,38,159256,31,0,0,31,17
2020-04-28,US,Minnesota,Steele,14,0,0,44.02240351,-93.22627088,27147.0,14,14,0,0,14,12,36803,0,0,0,0,2
2020-04-28,US,Minnesota,Swift,2,0,0,45.2829032,-95.68264092,27151.0,2,1,0,0,1,1,9345,1,0,0,1,0
2020-04-28,US,Minnesota,Todd,4,0,0,46.06996226,-94.89785296,27153.0,4,3,0,0,3,3,24582,1,0,0,1,0
2020-04-28,US,Minnesota,Traverse,2,0,0,45.77298854,-96.47062949,27155.0,2,2,0,0,2,2,3308,0,0,0,0,0
2020-04-28,US,Minnesota,Unassigned,6,0,0,0.0,0.0,90027.0,6,,,,,9,,,,,,
2020-04-28,US,Minnesota,Wabasha,8,0,0,44.28424356,-92.23121312,27157.0,8,8,0,0,8,8,21645,0,0,0,0,0
2020-04-28,US,Minnesota,Wadena,1,0,0,46.58589171,-94.96968506,27159.0,1,,,,,,13773,,,,,
2020-04-28,US,Minnesota,Waseca,4,0,0,44.02211116,-93.58720034,27161.0,4,3,0,0,3,3,18691,1,0,0,1,0
2020-04-28,US,Minnesota,Washington,117,9,0,45.03864533,-92.88429635,27163.0,108,114,8,0,106,113,259201,3,1,0,2,1
2020-04-28,US,Minnesota,Watonwan,7,0,0,43.97823903,-94.61413846,27165.0,7,7,0,0,7,7,10980,0,0,0,0,0
2020-04-28,US,Minnesota,Wilkin,12,3,0,46.35721532,-96.4684375,27167.0,9,11,3,0,8,11,6254,1,0,0,1,0
2020-04-28,US,Minnesota,Winona,66,14,0,43.98772283,-91.78081305,27169.0,52,66,14,0,52,66,50825,0,0,0,0,0
2020-04-28,US,Minnesota,Wright,35,1,0,45.17297924,-93.96234781,27171.0,34,34,1,0,33,33,136349,1,0,0,1,1
2020-04-28,US,Minnesota,Yellow Medicine,3,0,0,44.71710183,-95.86842453,27173.0,3,3,0,0,3,3,9795,0,0,0,0,0
2020-04-28,US,Mississippi,Adams,123,8,0,31.47669768,-91.35326037,28001.0,115,116,7,0,109,113,31192,7,1,0,6,3
2020-04-28,US,Mississippi,Alcorn,10,0,0,34.88084463,-88.57996173,28003.0,10,8,0,0,8,9,36925,2,0,0,2,-1
2020-04-28,US,Mississippi,Amite,26,0,0,31.17467303,-90.80501621,28005.0,26,26,0,0,26,23,12326,0,0,0,0,3
2020-04-28,US,Mississippi,Attala,89,0,0,33.08658803,-89.57838564,28007.0,89,86,0,0,86,82,18365,3,0,0,3,4
2020-04-28,US,Mississippi,Benton,9,0,0,34.81681228,-89.18945516,28009.0,9,9,0,0,9,9,8271,0,0,0,0,0
2020-04-28,US,Mississippi,Bolivar,101,7,0,33.79696941,-90.87372121,28011.0,94,101,7,0,94,96,31333,0,0,0,0,5
2020-04-28,US,Mississippi,Calhoun,50,3,0,33.93683395,-89.33686647,28013.0,47,50,3,0,47,50,14436,0,0,0,0,0
2020-04-28,US,Mississippi,Carroll,22,1,0,33.44834567,-89.91994479,28015.0,21,20,1,0,19,18,9911,2,0,0,2,2
2020-04-28,US,Mississippi,Chickasaw,67,6,0,33.91983202,-88.9481545,28017.0,61,64,5,0,59,63,17171,3,1,0,2,1
2020-04-28,US,Mississippi,Choctaw,13,1,0,33.34598242,-89.24809382,28019.0,12,13,1,0,12,13,8278,0,0,0,0,0
2020-04-28,US,Mississippi,Claiborne,19,0,0,31.97061673,-90.90702196,28021.0,19,19,0,0,19,19,9002,0,0,0,0,0
2020-04-28,US,Mississippi,Clarke,49,3,0,32.04158545,-88.68896219999998,28023.0,46,47,3,0,44,46,15604,2,0,0,2,1
2020-04-28,US,Mississippi,Clay,33,2,0,33.65358105,-88.77784255,28025.0,31,31,2,0,29,31,19386,2,0,0,2,0
2020-04-28,US,Mississippi,Coahoma,60,3,0,34.22772299,-90.60415045,28027.0,57,58,2,0,56,56,22628,2,1,0,1,2
2020-04-28,US,Mississippi,Copiah,83,1,0,31.86977774,-90.44565118,28029.0,82,79,1,0,78,71,28543,4,0,0,4,8
2020-04-28,US,Mississippi,Covington,54,0,0,31.63225413,-89.55389939,28031.0,54,51,0,0,51,50,18853,3,0,0,3,1
2020-04-28,US,Mississippi,DeSoto,272,4,0,34.87625235,-89.99091418,28033.0,268,266,4,0,262,261,182001,6,0,0,6,5
2020-04-28,US,Mississippi,Forrest,196,8,0,31.18961454,-89.25832496,28035.0,188,190,8,0,182,190,75036,6,0,0,6,0
2020-04-28,US,Mississippi,Franklin,16,1,0,31.47786634,-90.89672989,28037.0,15,17,1,0,16,16,7788,-1,0,0,-1,1
2020-04-28,US,Mississippi,George,12,1,0,30.86259065,-88.64436789,28039.0,11,11,1,0,10,11,24250,1,0,0,1,0
2020-04-28,US,Mississippi,Greene,5,1,0,31.21444233,-88.63922281,28041.0,4,4,1,0,3,4,13586,1,0,0,1,0
2020-04-28,US,Mississippi,Grenada,28,0,0,33.77036166,-89.80245083,28043.0,28,27,0,0,27,27,21055,1,0,0,1,0
2020-04-28,US,Mississippi,Hancock,61,5,0,30.41830223,-89.48851033,28045.0,56,60,5,0,55,60,47334,1,0,0,1,0
2020-04-28,US,Mississippi,Harrison,166,6,0,30.51359752,-89.12467576,28047.0,160,159,6,0,153,158,206650,7,0,0,7,1
2020-04-28,US,Mississippi,Hinds,435,7,0,32.2656285,-90.44435448,28049.0,428,421,7,0,414,415,237085,14,0,0,14,6
2020-04-28,US,Mississippi,Holmes,121,5,0,33.12345854,-90.08923538,28051.0,116,114,5,0,109,105,17622,7,0,0,7,9
2020-04-28,US,Mississippi,Humphreys,18,3,0,33.12825718,-90.52252707,28053.0,15,18,3,0,15,14,8257,0,0,0,0,4
2020-04-28,US,Mississippi,Itawamba,51,2,0,34.27993475,-88.3606733,28057.0,49,49,2,0,47,37,23517,2,0,0,2,12
2020-04-28,US,Mississippi,Jackson,252,6,0,30.54020656,-88.64184064,28059.0,246,240,6,0,234,238,143277,12,0,0,12,2
2020-04-28,US,Mississippi,Jasper,33,1,0,32.01922104,-89.11786866,28061.0,32,32,1,0,31,31,16428,1,0,0,1,1
2020-04-28,US,Mississippi,Jefferson,16,0,0,31.73397872,-91.03764977,28063.0,16,12,0,0,12,9,7106,4,0,0,4,3
2020-04-28,US,Mississippi,Jefferson Davis,29,1,0,31.56884708,-89.82670990000004,28065.0,28,27,1,0,26,25,11234,2,0,0,2,2
2020-04-28,US,Mississippi,Jones,132,1,0,31.62257767,-89.16896899999998,28067.0,131,130,1,0,129,118,68461,2,0,0,2,12
2020-04-28,US,Mississippi,Kemper,50,1,0,32.75462946,-88.64105766,28069.0,49,49,1,0,48,43,10027,1,0,0,1,6
2020-04-28,US,Mississippi,Lafayette,88,3,0,34.35687874,-89.48490961,28071.0,85,88,3,0,85,88,54793,0,0,0,0,0
2020-04-28,US,Mississippi,Lamar,94,2,0,31.20572971,-89.5077704,28073.0,92,92,2,0,90,89,62447,2,0,0,2,3
2020-04-28,US,Mississippi,Lauderdale,318,19,0,32.40419769,-88.66229662,28075.0,299,304,19,0,285,295,75317,14,0,0,14,9
2020-04-28,US,Mississippi,Lawrence,38,0,0,31.55147224,-90.10841127,28077.0,38,36,0,0,36,35,12455,2,0,0,2,1
2020-04-28,US,Mississippi,Leake,179,1,0,32.7536828,-89.52402044,28079.0,178,161,1,0,160,158,22763,18,0,0,18,3
2020-04-28,US,Mississippi,Lee,71,4,0,34.291877500000005,-88.68149954,28081.0,67,70,4,0,66,72,85202,1,0,0,1,-2
2020-04-28,US,Mississippi,Leflore,141,15,0,33.55545125,-90.29900733,28083.0,126,137,15,0,122,136,28919,4,0,0,4,1
2020-04-28,US,Mississippi,Lincoln,136,9,0,31.53288662,-90.45391915,28085.0,127,136,9,0,127,136,34205,0,0,0,0,0
2020-04-28,US,Mississippi,Lowndes,49,2,0,33.47386518,-88.44191529999998,28087.0,47,45,2,0,43,41,58930,4,0,0,4,4
2020-04-28,US,Mississippi,Madison,212,7,0,32.63389156,-90.03513564,28089.0,205,208,6,0,202,194,105630,4,1,0,3,14
2020-04-28,US,Mississippi,Marion,66,5,0,31.23132643,-89.8209217,28091.0,61,58,5,0,53,58,24715,8,0,0,8,0
2020-04-28,US,Mississippi,Marshall,42,2,0,34.76216286,-89.50299462,28093.0,40,41,2,0,39,41,35451,1,0,0,1,0
2020-04-28,US,Mississippi,Monroe,153,12,0,33.89236763,-88.4808438,28095.0,141,144,9,0,135,134,35564,9,3,0,6,10
2020-04-28,US,Mississippi,Montgomery,19,1,0,33.49419589,-89.61729103,28097.0,18,19,1,0,18,19,10023,0,0,0,0,0
2020-04-28,US,Mississippi,Neshoba,169,3,0,32.75339664,-89.11726492,28099.0,166,156,3,0,153,153,29125,13,0,0,13,3
2020-04-28,US,Mississippi,Newton,73,0,0,32.40021118,-89.11843336,28101.0,73,64,0,0,64,61,21443,9,0,0,9,3
2020-04-28,US,Mississippi,Noxubee,55,0,0,33.11009499,-88.56949061,28103.0,55,52,0,0,52,46,10535,3,0,0,3,6
2020-04-28,US,Mississippi,Oktibbeha,48,3,0,33.42491685,-88.87905132,28105.0,45,46,3,0,43,46,49599,2,0,0,2,0
2020-04-28,US,Mississippi,Panola,38,2,0,34.36398677,-89.95064249,28107.0,36,38,2,0,36,37,34178,0,0,0,0,1
2020-04-28,US,Mississippi,Pearl River,154,15,0,30.77090935,-89.58677275,28109.0,139,153,14,0,139,152,55387,1,1,0,0,1
2020-04-28,US,Mississippi,Perry,26,1,0,31.17161885,-88.99281835,28111.0,25,26,1,0,25,26,11931,0,0,0,0,0
2020-04-28,US,Mississippi,Pike,142,7,0,31.17507789,-90.40392572,28113.0,135,136,5,0,131,136,39563,6,2,0,4,0
2020-04-28,US,Mississippi,Pontotoc,18,2,0,34.226046000000004,-89.03636807,28115.0,16,18,2,0,16,18,31833,0,0,0,0,0
2020-04-28,US,Mississippi,Prentiss,31,1,0,34.61810501,-88.51986294,28117.0,30,32,1,0,31,30,25315,-1,0,0,-1,2
2020-04-28,US,Mississippi,Quitman,14,0,0,34.25157572,-90.28908,28119.0,14,14,0,0,14,14,7051,0,0,0,0,0
2020-04-28,US,Mississippi,Rankin,179,5,0,32.26469147,-89.94537876,28121.0,174,171,5,0,166,167,153902,8,0,0,8,4
2020-04-28,US,Mississippi,Scott,281,0,0,32.406704100000006,-89.53789439,28123.0,281,258,0,0,258,249,28287,23,0,0,23,9
2020-04-28,US,Mississippi,Sharkey,5,0,0,32.88149103,-90.81595379999999,28125.0,5,5,0,0,5,4,4377,0,0,0,0,1
2020-04-28,US,Mississippi,Simpson,43,0,0,31.91282117,-89.91716179,28127.0,43,40,0,0,40,40,26758,3,0,0,3,0
2020-04-28,US,Mississippi,Smith,66,4,0,32.01744532,-89.50644846,28129.0,62,65,4,0,61,60,16002,1,0,0,1,5
2020-04-28,US,Mississippi,Stone,22,0,0,30.79187949,-89.11547539,28131.0,22,22,0,0,22,22,18717,0,0,0,0,0
2020-04-28,US,Mississippi,Sunflower,52,2,0,33.60192578,-90.58882684,28133.0,50,52,2,0,50,51,25735,0,0,0,0,1
2020-04-28,US,Mississippi,Tallahatchie,11,1,0,33.95339918,-90.1729398,28135.0,10,11,1,0,10,11,13987,0,0,0,0,0
2020-04-28,US,Mississippi,Tate,39,0,0,34.65133709,-89.94485778,28137.0,39,38,0,0,38,38,28759,1,0,0,1,0
2020-04-28,US,Mississippi,Tippah,53,7,0,34.76872156,-88.90988194,28139.0,46,52,7,0,45,52,21995,1,0,0,1,0
2020-04-28,US,Mississippi,Tishomingo,7,0,0,34.74023475,-88.23917219,28141.0,7,8,0,0,8,7,19454,-1,0,0,-1,1
2020-04-28,US,Mississippi,Tunica,35,1,0,34.64967704,-90.37481167,28143.0,34,35,1,0,34,35,9944,0,0,0,0,0
2020-04-28,US,Mississippi,Union,16,1,0,34.49162015,-89.00776006,28145.0,15,15,1,0,14,15,28606,1,0,0,1,0
2020-04-28,US,Mississippi,Walthall,30,0,0,31.14971548,-90.10446654,28147.0,30,29,0,0,29,28,14465,1,0,0,1,1
2020-04-28,US,Mississippi,Warren,58,2,0,32.35810271,-90.83352619,28149.0,56,50,2,0,48,47,46176,8,0,0,8,3
2020-04-28,US,Mississippi,Washington,77,3,0,33.28392041,-90.94196237,28151.0,74,77,3,0,74,78,45063,0,0,0,0,-1
2020-04-28,US,Mississippi,Wayne,19,0,0,31.64135687,-88.69573913,28153.0,19,19,0,0,19,19,20298,0,0,0,0,0
2020-04-28,US,Mississippi,Webster,17,1,0,33.61300486,-89.28392912,28155.0,16,16,1,0,15,16,9788,1,0,0,1,0
2020-04-28,US,Mississippi,Wilkinson,68,7,0,31.16078225,-91.31018819,28157.0,61,68,7,0,61,68,8792,0,0,0,0,0
2020-04-28,US,Mississippi,Winston,41,0,0,33.08747908,-89.03391385,28159.0,41,40,0,0,40,38,18165,1,0,0,1,2
2020-04-28,US,Mississippi,Yalobusha,19,0,0,34.02824175,-89.70762049999998,28161.0,19,19,0,0,19,18,12392,0,0,0,0,1
2020-04-28,US,Mississippi,Yazoo,129,1,0,32.77890365,-90.39656148,28163.0,128,126,1,0,125,122,28248,3,0,0,3,4
2020-04-28,US,Missouri,Adair,12,0,0,40.19058551,-92.60078167,29001.0,12,12,0,0,12,12,25339,0,0,0,0,0
2020-04-28,US,Missouri,Andrew,2,0,0,39.98492163,-94.80163024,29003.0,2,2,0,0,2,1,17607,0,0,0,0,1
2020-04-28,US,Missouri,Atchison,2,0,0,40.43238737,-95.42970639,29005.0,2,2,0,0,2,2,5171,0,0,0,0,0
2020-04-28,US,Missouri,Audrain,1,0,0,39.215877,-91.84242683,29007.0,1,1,0,0,1,1,25473,0,0,0,0,0
2020-04-28,US,Missouri,Barry,6,0,0,36.70978521,-93.82919888,29009.0,6,6,0,0,6,6,35886,0,0,0,0,0
2020-04-28,US,Missouri,Bates,6,1,0,38.25271289,-94.34113157,29013.0,5,6,1,0,5,6,16320,0,0,0,0,0
2020-04-28,US,Missouri,Benton,4,0,0,38.29503305,-93.28756116,29015.0,4,4,0,0,4,4,19278,0,0,0,0,0
2020-04-28,US,Missouri,Bollinger,4,0,0,37.32449052,-90.02725304,29017.0,4,4,0,0,4,4,12169,0,0,0,0,0
2020-04-28,US,Missouri,Boone,99,1,0,38.99186229,-92.30723575,29019.0,98,98,1,0,97,98,180005,1,0,0,1,0
2020-04-28,US,Missouri,Buchanan,68,1,0,39.65816401,-94.80138942,29021.0,67,63,1,0,62,57,88571,5,0,0,5,6
2020-04-28,US,Missouri,Butler,26,0,0,36.71462476,-90.40421163,29023.0,26,26,0,0,26,26,42639,0,0,0,0,0
2020-04-28,US,Missouri,Caldwell,3,0,0,39.65620858,-93.98308093,29025.0,3,3,0,0,3,2,9108,0,0,0,0,1
2020-04-28,US,Missouri,Callaway,22,1,0,38.83674754,-91.92186505,29027.0,21,20,1,0,19,21,44889,2,0,0,2,-1
2020-04-28,US,Missouri,Camden,35,1,0,38.02199522,-92.76083747,29029.0,34,35,1,0,34,35,45815,0,0,0,0,0
2020-04-28,US,Missouri,Cape Girardeau,48,1,0,37.38489388,-89.6843587,29031.0,47,48,1,0,47,47,78753,0,0,0,0,1
2020-04-28,US,Missouri,Carroll,3,0,0,39.42762566,-93.50626255,29033.0,3,3,0,0,3,3,8743,0,0,0,0,0
2020-04-28,US,Missouri,Carter,3,1,0,36.94160441,-90.96051322,29035.0,2,3,1,0,2,3,6054,0,0,0,0,0
2020-04-28,US,Missouri,Cass,61,6,0,38.64789422,-94.353399,29037.0,55,58,6,0,52,58,104954,3,0,0,3,0
2020-04-28,US,Missouri,Cedar,5,0,0,37.72391475,-93.85445441,29039.0,5,5,0,0,5,5,14165,0,0,0,0,0
2020-04-28,US,Missouri,Chariton,5,0,0,39.51499357,-92.9629191,29041.0,5,5,0,0,5,5,7451,0,0,0,0,0
2020-04-28,US,Missouri,Christian,19,0,0,36.9711783,-93.18537118,29043.0,19,19,0,0,19,19,86983,0,0,0,0,0
2020-04-28,US,Missouri,Clark,1,0,0,40.41040752,-91.73661677,29045.0,1,1,0,0,1,1,6842,0,0,0,0,0
2020-04-28,US,Missouri,Clay,69,2,0,39.31132056,-94.41850862,29047.0,67,68,2,0,66,67,246365,1,0,0,1,1
2020-04-28,US,Missouri,Clinton,11,0,0,39.6013098,-94.40465394,29049.0,11,11,0,0,11,11,20470,0,0,0,0,0
2020-04-28,US,Missouri,Cole,50,1,0,38.50455671,-92.27860244,29051.0,49,50,1,0,49,50,76796,0,0,0,0,0
2020-04-28,US,Missouri,Cooper,7,0,0,38.844478,-92.80896081,29053.0,7,7,0,0,7,7,17603,0,0,0,0,0
2020-04-28,US,Missouri,Crawford,7,0,0,37.97663738,-91.30528104,29055.0,7,7,0,0,7,7,23957,0,0,0,0,0
2020-04-28,US,Missouri,Dallas,2,0,0,37.681135499999996,-93.02127031,29059.0,2,2,0,0,2,2,16762,0,0,0,0,0
2020-04-28,US,Missouri,Daviess,2,0,0,39.96145298,-93.98519678,29061.0,2,2,0,0,2,2,8313,0,0,0,0,0
2020-04-28,US,Missouri,DeKalb,3,0,0,39.89201062,-94.40476508,29063.0,3,3,0,0,3,3,12630,0,0,0,0,0
2020-04-28,US,Missouri,Dunklin,20,2,0,36.27167174,-90.09122243,29069.0,18,20,2,0,18,20,29423,0,0,0,0,0
2020-04-28,US,Missouri,Franklin,110,8,0,38.41127108,-91.07522826,29071.0,102,106,8,0,98,106,103670,4,0,0,4,0
2020-04-28,US,Missouri,Gasconade,2,0,0,38.43947277,-91.50847147,29073.0,2,2,0,0,2,2,14705,0,0,0,0,0
2020-04-28,US,Missouri,Gentry,1,0,0,40.21097916,-94.40944419,29075.0,1,1,0,0,1,1,6628,0,0,0,0,0
2020-04-28,US,Missouri,Greene,93,8,0,37.2575872,-93.34230916,29077.0,85,93,8,0,85,93,291923,0,0,0,0,0
2020-04-28,US,Missouri,Harrison,6,0,0,40.35570088,-93.99222144,29081.0,6,6,0,0,6,6,8414,0,0,0,0,0
2020-04-28,US,Missouri,Henry,8,1,0,38.38482826,-93.79293734,29083.0,7,8,1,0,7,8,21792,0,0,0,0,0
2020-04-28,US,Missouri,Holt,1,0,0,40.09799248,-95.21638879999999,29087.0,1,1,0,0,1,1,4404,0,0,0,0,0
2020-04-28,US,Missouri,Howard,2,0,0,39.1435761,-92.69756691,29089.0,2,2,0,0,2,2,10137,0,0,0,0,0
2020-04-28,US,Missouri,Howell,5,0,0,36.77383887,-91.88683935,29091.0,5,5,0,0,5,5,40076,0,0,0,0,0
2020-04-28,US,Missouri,Iron,2,0,0,37.55487945,-90.7735296,29093.0,2,2,0,0,2,2,10177,0,0,0,0,0
2020-04-28,US,Missouri,Jackson,309,12,0,39.01002188,-94.34724536,29095.0,297,309,12,0,297,307,700307,0,0,0,0,2
2020-04-28,US,Missouri,Jasper,24,0,0,37.20351921,-94.34050458,29097.0,24,24,0,0,24,24,120636,0,0,0,0,0
2020-04-28,US,Missouri,Jefferson,267,4,0,38.25926778,-90.53870896,29099.0,263,266,3,0,263,258,224347,1,1,0,0,8
2020-04-28,US,Missouri,Johnson,54,0,0,38.74719601,-93.80691168,29101.0,54,54,0,0,54,53,53652,0,0,0,0,1
2020-04-28,US,Missouri,Kansas City,511,16,0,39.0997,-94.5786,0.0,495,500,15,0,485,493,491918,11,1,0,10,7
2020-04-28,US,Missouri,Lafayette,35,1,0,39.06986886,-93.78076396,29107.0,34,35,1,0,34,35,32598,0,0,0,0,0
2020-04-28,US,Missouri,Lewis,6,1,0,40.09673161,-91.72070156,29111.0,5,6,1,0,5,6,9855,0,0,0,0,0
2020-04-28,US,Missouri,Lincoln,70,1,0,39.05345619,-90.95588181,29113.0,69,68,41,0,27,68,57686,2,-40,0,42,0
2020-04-28,US,Missouri,Linn,5,1,0,39.87001769,-93.10704106,29115.0,4,5,1,0,4,5,12037,0,0,0,0,0
2020-04-28,US,Missouri,Livingston,2,0,0,39.78110272,-93.54645978,29117.0,2,2,0,0,2,2,15146,0,0,0,0,0
2020-04-28,US,Missouri,Macon,2,0,0,39.83049768,-92.56453089,29121.0,2,2,0,0,2,2,15153,0,0,0,0,0
2020-04-28,US,Missouri,Madison,1,0,0,37.47865134,-90.34671429999999,29123.0,1,1,0,0,1,1,12188,0,0,0,0,0
2020-04-28,US,Missouri,Maries,2,0,0,38.16193985,-91.92249662,29125.0,2,2,0,0,2,2,8769,0,0,0,0,0
2020-04-28,US,Missouri,Marion,5,0,0,39.80601912,-91.62203062,29127.0,5,5,0,0,5,5,28592,0,0,0,0,0
2020-04-28,US,Missouri,McDonald,4,0,0,36.62869595,-94.34867205,29119.0,4,4,0,0,4,4,23078,0,0,0,0,0
2020-04-28,US,Missouri,Miller,1,0,0,38.21450288,-92.42610898,29131.0,1,1,0,0,1,1,25336,0,0,0,0,0
2020-04-28,US,Missouri,Mississippi,23,0,0,36.82516239,-89.29505753,29133.0,23,23,0,0,23,23,13336,0,0,0,0,0
2020-04-28,US,Missouri,Moniteau,52,0,0,38.63571781,-92.57976951,29135.0,52,52,0,0,52,59,16121,0,0,0,0,-7
2020-04-28,US,Missouri,Montgomery,7,0,0,38.94022054,-91.47000721,29139.0,7,7,0,0,7,7,11534,0,0,0,0,0
2020-04-28,US,Missouri,Morgan,3,0,0,38.4181765,-92.88791859,29141.0,3,3,0,0,3,3,20358,0,0,0,0,0
2020-04-28,US,Missouri,New Madrid,9,0,0,36.59666326,-89.66070007,29143.0,9,9,0,0,9,9,17296,0,0,0,0,0
2020-04-28,US,Missouri,Newton,10,1,0,36.90519407,-94.3394104,29145.0,9,10,1,0,9,10,58266,0,0,0,0,0
2020-04-28,US,Missouri,Nodaway,3,0,0,40.36079813,-94.88133008,29147.0,3,3,0,0,3,3,22304,0,0,0,0,0
2020-04-28,US,Missouri,Oregon,1,0,0,36.68710164,-91.4033755,29149.0,1,1,0,0,1,1,10541,0,0,0,0,0
2020-04-28,US,Missouri,Osage,5,0,0,38.46036182,-91.8613635,29151.0,5,5,0,0,5,5,13714,0,0,0,0,0
2020-04-28,US,Missouri,Pemiscot,21,1,0,36.2130572,-89.78742322,29155.0,20,19,1,0,18,18,16272,2,0,0,2,1
2020-04-28,US,Missouri,Perry,41,0,0,37.70660776,-89.82741088,29157.0,41,41,0,0,41,41,19150,0,0,0,0,0
2020-04-28,US,Missouri,Pettis,31,0,0,38.72798918,-93.28471706,29159.0,31,27,0,0,27,27,42542,4,0,0,4,0
2020-04-28,US,Missouri,Phelps,2,0,0,37.87736118,-91.79351727,29161.0,2,2,0,0,2,2,44732,0,0,0,0,0
2020-04-28,US,Missouri,Pike,9,0,0,39.34310674,-91.16980779,29163.0,9,9,0,0,9,8,18504,0,0,0,0,1
2020-04-28,US,Missouri,Platte,31,0,0,39.38154439,-94.77068479,29165.0,31,31,0,0,31,31,102985,0,0,0,0,0
2020-04-28,US,Missouri,Polk,1,0,0,37.616229600000004,-93.39828174,29167.0,1,1,0,0,1,1,32201,0,0,0,0,0
2020-04-28,US,Missouri,Pulaski,33,1,0,37.82462075,-92.20783203,29169.0,32,33,1,0,32,33,52014,0,0,0,0,0
2020-04-28,US,Missouri,Ralls,1,0,0,39.52817427,-91.51838643,29173.0,1,1,0,0,1,1,10212,0,0,0,0,0
2020-04-28,US,Missouri,Randolph,8,0,0,39.44007257,-92.49713740000001,29175.0,8,8,0,0,8,8,24763,0,0,0,0,0
2020-04-28,US,Missouri,Ray,12,0,0,39.353746799999996,-93.98905745,29177.0,12,11,0,0,11,11,22883,1,0,0,1,0
2020-04-28,US,Missouri,Reynolds,2,0,0,37.36085952,-90.97009925,29179.0,2,2,0,0,2,2,6254,0,0,0,0,0
2020-04-28,US,Missouri,Ripley,5,0,0,36.65460667,-90.85990261,29181.0,5,5,0,0,5,5,13401,0,0,0,0,0
2020-04-28,US,Missouri,Saline,170,0,0,39.13734288,-93.20259964,29195.0,170,168,0,0,168,162,22895,2,0,0,2,6
2020-04-28,US,Missouri,Scotland,4,0,0,40.45214695,-92.14709064,29199.0,4,4,0,0,4,4,4966,0,0,0,0,0
2020-04-28,US,Missouri,Scott,62,2,0,37.05588075,-89.56474493,29201.0,60,61,1,0,60,61,38458,1,1,0,0,0
2020-04-28,US,Missouri,Shelby,1,0,0,39.79742518,-92.07634971,29205.0,1,1,0,0,1,1,6050,0,0,0,0,0
2020-04-28,US,Missouri,St. Charles,572,32,0,38.77875681,-90.66662425,29183.0,540,572,32,0,540,526,399182,0,0,0,0,46
2020-04-28,US,Missouri,St. Clair,2,0,0,38.03699437,-93.77631447,29185.0,2,2,0,0,2,2,9395,0,0,0,0,0
2020-04-28,US,Missouri,St. Francois,28,1,0,37.81214171,-90.47598685,29187.0,27,28,1,0,27,28,66692,0,0,0,0,0
2020-04-28,US,Missouri,St. Louis,2965,159,0,38.63770039999999,-90.4458375,29189.0,2806,2898,137,0,2761,2817,996945,67,22,0,45,81
2020-04-28,US,Missouri,St. Louis City,1104,59,0,38.63555736,-90.24349225,29510.0,1045,1067,57,0,1010,1037,302838,37,2,0,35,30
2020-04-28,US,Missouri,Ste. Genevieve,7,1,0,37.89090059,-90.1949941,29186.0,6,7,1,0,6,7,17888,0,0,0,0,0
2020-04-28,US,Missouri,Stoddard,19,0,0,36.85571651,-89.9444155,29207.0,19,19,0,0,19,19,29206,0,0,0,0,0
2020-04-28,US,Missouri,Stone,3,0,0,36.75000327,-93.45256475,29209.0,3,3,0,0,3,3,31749,0,0,0,0,0
2020-04-28,US,Missouri,Taney,11,1,0,36.65465345,-93.04075153,29213.0,10,10,1,0,9,10,55852,1,0,0,1,0
2020-04-28,US,Missouri,Unassigned,1,0,0,0.0,0.0,90029.0,1,1,0,0,1,1,,0,0,0,0,0
2020-04-28,US,Missouri,Vernon,4,0,0,37.8457799,-94.34127305,29217.0,4,4,0,0,4,4,20528,0,0,0,0,0
2020-04-28,US,Missouri,Warren,22,0,0,38.76529479,-91.16124662,29219.0,22,22,0,0,22,22,34711,0,0,0,0,0
2020-04-28,US,Missouri,Washington,8,1,0,37.96130078,-90.87948158,29221.0,7,8,1,0,7,8,24943,0,0,0,0,0
2020-04-28,US,Missouri,Webster,13,0,0,37.2813734,-92.876329,29225.0,13,13,0,0,13,13,39109,0,0,0,0,0
2020-04-28,US,Missouri,Worth,1,0,0,40.47945588,-94.42328751,29227.0,1,1,0,0,1,1,2040,0,0,0,0,0
2020-04-28,US,Missouri,Wright,9,0,0,37.27029221,-92.46914488,29229.0,9,9,0,0,9,9,18378,0,0,0,0,0
2020-04-28,US,Montana,Beaverhead,1,0,0,45.13434354,-112.89846940000001,30001.0,1,1,0,0,1,1,9404,0,0,0,0,0
2020-04-28,US,Montana,Big Horn,3,0,0,45.42335905,-107.492347,30003.0,3,3,0,0,3,3,13338,0,0,0,0,0
2020-04-28,US,Montana,Broadwater,4,0,0,46.33277565,-111.49558130000001,30007.0,4,4,0,0,4,4,6085,0,0,0,0,0
2020-04-28,US,Montana,Carbon,6,0,0,45.22850116,-109.0274047,30009.0,6,6,0,0,6,6,10714,0,0,0,0,0
2020-04-28,US,Montana,Cascade,15,2,0,47.30797024,-111.3467922,30013.0,13,14,2,0,12,14,81643,1,0,0,1,0
2020-04-28,US,Montana,Deer Lodge,3,0,0,46.05953325,-113.073353,30023.0,3,3,0,0,3,3,9131,0,0,0,0,0
2020-04-28,US,Montana,Flathead,37,2,0,48.29575866,-114.05205690000001,30029.0,35,37,2,0,35,37,102106,0,0,0,0,0
2020-04-28,US,Montana,Gallatin,146,1,0,45.54486106,-111.1692571,30031.0,145,146,0,0,146,146,111876,0,1,0,-1,0
2020-04-28,US,Montana,Glacier,6,0,0,48.70513576,-112.9934235,30035.0,6,6,0,0,6,6,13747,0,0,0,0,0
2020-04-28,US,Montana,Golden Valley,3,0,0,46.3816474,-109.17685220000001,30037.0,3,3,0,0,3,3,826,0,0,0,0,0
2020-04-28,US,Montana,Hill,1,0,0,48.62879827,-110.1129252,30041.0,1,1,0,0,1,1,16347,0,0,0,0,0
2020-04-28,US,Montana,Jefferson,2,0,0,46.14907081,-112.094396,30043.0,2,2,0,0,2,2,12097,0,0,0,0,0
2020-04-28,US,Montana,Lake,5,0,0,47.64514965,-114.0898013,30047.0,5,5,0,0,5,5,30250,0,0,0,0,0
2020-04-28,US,Montana,Lewis and Clark,16,0,0,47.12610041,-112.39469799999999,30049.0,16,16,0,0,16,16,68700,0,0,0,0,0
2020-04-28,US,Montana,Liberty,1,0,0,48.56084317,-111.02430700000001,30051.0,1,1,0,0,1,1,2430,0,0,0,0,0
2020-04-28,US,Montana,Lincoln,7,1,0,48.54265777,-115.4046155,30053.0,6,7,1,0,6,7,19794,0,0,0,0,0
2020-04-28,US,Montana,Madison,8,1,0,45.30080065,-111.9173017,30057.0,7,8,1,0,7,8,8768,0,0,0,0,0
2020-04-28,US,Montana,Meagher,1,0,0,46.59907074,-110.8898557,30059.0,1,1,0,0,1,1,1866,0,0,0,0,0
2020-04-28,US,Montana,Missoula,39,1,0,47.03728583,-113.92135079999998,30063.0,38,39,1,0,38,39,118791,0,0,0,0,0
2020-04-28,US,Montana,Musselshell,1,0,0,46.49684637,-108.39498,30065.0,1,1,0,0,1,1,4651,0,0,0,0,0
2020-04-28,US,Montana,Park,7,0,0,45.48965095,-110.52643940000002,30067.0,7,7,0,0,7,7,16736,0,0,0,0,0
2020-04-28,US,Montana,Pondera,2,0,0,48.22773388,-112.22527029999999,30073.0,2,2,0,0,2,2,5972,0,0,0,0,0
2020-04-28,US,Montana,Ravalli,5,0,0,46.08520862,-114.11891640000002,30081.0,5,5,0,0,5,5,43172,0,0,0,0,0
2020-04-28,US,Montana,Richland,3,0,0,47.78668011,-104.5610786,30083.0,3,3,0,0,3,3,10913,0,0,0,0,0
2020-04-28,US,Montana,Roosevelt,7,0,0,48.29607488,-105.00792679999999,30085.0,7,7,0,0,7,7,11059,0,0,0,0,0
2020-04-28,US,Montana,Silver Bow,11,0,0,45.90018933,-112.6620092,30093.0,11,11,0,0,11,11,34993,0,0,0,0,0
2020-04-28,US,Montana,Stillwater,1,0,0,45.67071407,-109.3950061,30095.0,1,1,0,0,1,1,9534,0,0,0,0,0
2020-04-28,US,Montana,Toole,29,6,0,48.65577551,-111.69424140000001,30101.0,23,29,6,0,23,29,4853,0,0,0,0,0
2020-04-28,US,Montana,Wheatland,1,0,0,46.46652491,-109.84646359999999,30107.0,1,1,0,0,1,1,2236,0,0,0,0,0
2020-04-28,US,Montana,Yellowstone,80,1,0,45.93955949,-108.26914860000001,30111.0,79,79,1,0,78,78,160137,1,0,0,1,1
2020-04-28,US,Nebraska,Adams,143,2,0,40.52449420000001,-98.50117804,31001.0,141,141,2,0,139,129,31511,2,0,0,2,12
2020-04-28,US,Nebraska,Antelope,2,0,0,42.17695516,-98.06662829999999,31003.0,2,2,0,0,2,2,6336,0,0,0,0,0
2020-04-28,US,Nebraska,Box Butte,1,0,0,42.22079243,-103.08788340000001,31013.0,1,1,0,0,1,1,10772,0,0,0,0,0
2020-04-28,US,Nebraska,Buffalo,90,1,0,40.85486962,-99.07500296,31019.0,89,91,1,0,90,86,49615,-1,0,0,-1,5
2020-04-28,US,Nebraska,Burt,2,0,0,41.85056773,-96.32605633,31021.0,2,2,0,0,2,2,6488,0,0,0,0,0
2020-04-28,US,Nebraska,Butler,2,0,0,41.22703692,-97.13106306,31023.0,2,1,0,0,1,2,8058,1,0,0,1,-1
2020-04-28,US,Nebraska,Cass,4,0,0,40.90899107,-96.13971217,31025.0,4,4,0,0,4,4,26159,0,0,0,0,0
2020-04-28,US,Nebraska,Cedar,2,0,0,42.598885100000004,-97.25311951,31027.0,2,2,0,0,2,,8446,0,0,0,0,
2020-04-28,US,Nebraska,Cherry,1,0,0,42.54502621,-101.1244332,31031.0,1,1,0,0,1,1,5761,0,0,0,0,0
2020-04-28,US,Nebraska,Cheyenne,6,0,0,41.21999357,-102.9941693,31033.0,6,6,0,0,6,5,9310,0,0,0,0,1
2020-04-28,US,Nebraska,Clay,5,0,0,40.52439441,-98.05126296,31035.0,5,5,0,0,5,4,6214,0,0,0,0,1
2020-04-28,US,Nebraska,Colfax,23,0,0,41.57486951,-97.0868542,31037.0,23,22,0,0,22,20,10881,1,0,0,1,2
2020-04-28,US,Nebraska,Cuming,4,0,0,41.91637624,-96.78730772,31039.0,4,4,0,0,4,3,8940,0,0,0,0,1
2020-04-28,US,Nebraska,Custer,22,2,0,41.39374521,-99.72805369,31041.0,20,22,2,0,20,22,10840,0,0,0,0,0
2020-04-28,US,Nebraska,Dakota,608,0,0,42.39040144,-96.56656425,31043.0,608,459,0,0,459,403,20083,149,0,0,149,56
2020-04-28,US,Nebraska,Dawson,410,0,0,40.87028216,-99.82014609999999,31047.0,410,409,0,0,409,367,23709,1,0,0,1,42
2020-04-28,US,Nebraska,Dixon,3,0,0,42.49188363,-96.86782408,31051.0,3,3,0,0,3,2,5709,0,0,0,0,1
2020-04-28,US,Nebraska,Dodge,50,0,0,41.58071748,-96.65598179,31053.0,50,50,0,0,50,45,36791,0,0,0,0,5
2020-04-28,US,Nebraska,Douglas,484,10,0,41.29518299,-96.15085305,31055.0,474,476,10,0,466,419,566880,8,0,0,8,57
2020-04-28,US,Nebraska,Fillmore,1,0,0,40.52458567,-97.59646937,31059.0,1,1,0,0,1,1,5527,0,0,0,0,0
2020-04-28,US,Nebraska,Franklin,3,0,0,40.17636348,-98.95299073,31061.0,3,3,0,0,3,3,3023,0,0,0,0,0
2020-04-28,US,Nebraska,Furnas,2,0,0,40.17642064,-99.91247454,31065.0,2,2,0,0,2,2,4715,0,0,0,0,0
2020-04-28,US,Nebraska,Gage,33,3,0,40.26186809,-96.68946704,31067.0,30,33,3,0,30,29,21493,0,0,0,0,4
2020-04-28,US,Nebraska,Gosper,8,0,0,40.51481965,-99.83020279,31073.0,8,8,0,0,8,8,1996,0,0,0,0,0
2020-04-28,US,Nebraska,Greeley,2,0,0,41.56742671,-98.52150266,31077.0,2,2,0,0,2,1,2356,0,0,0,0,1
2020-04-28,US,Nebraska,Hall,908,12,0,40.87257079,-98.50218293,31079.0,896,908,12,0,896,876,61607,0,0,0,0,32
2020-04-28,US,Nebraska,Hamilton,41,2,0,40.87349452,-98.02099117,31081.0,39,41,2,0,39,46,9280,0,0,0,0,-5
2020-04-28,US,Nebraska,Howard,10,0,0,41.2200529,-98.5166499,31093.0,10,10,0,0,10,12,6468,0,0,0,0,-2
2020-04-28,US,Nebraska,Jefferson,3,0,0,40.17584531,-97.142601,31095.0,3,2,0,0,2,1,7097,1,0,0,1,1
2020-04-28,US,Nebraska,Johnson,4,0,0,40.39257596,-96.26522753,31097.0,4,4,0,0,4,4,5134,0,0,0,0,0
2020-04-28,US,Nebraska,Kearney,4,0,0,40.50663314,-98.94877182,31099.0,4,4,0,0,4,4,6544,0,0,0,0,0
2020-04-28,US,Nebraska,Kimball,9,0,0,41.19774275,-103.7148131,31105.0,9,9,0,0,9,9,3618,0,0,0,0,0
2020-04-28,US,Nebraska,Knox,2,0,0,42.63758421,-97.89178836,31107.0,2,2,0,0,2,2,8419,0,0,0,0,0
2020-04-28,US,Nebraska,Lancaster,158,1,0,40.78416049,-96.68777155,31109.0,157,157,1,0,156,140,317272,1,0,0,1,17
2020-04-28,US,Nebraska,Lincoln,20,1,0,41.04658298,-100.74753740000001,31111.0,19,20,1,0,19,20,35185,0,0,0,0,0
2020-04-28,US,Nebraska,Madison,95,2,0,41.91676024,-97.6005481,31119.0,93,91,2,0,89,65,35392,4,0,0,4,26
2020-04-28,US,Nebraska,Merrick,11,0,0,41.16624273,-98.0374887,31121.0,11,11,0,0,11,10,7733,0,0,0,0,1
2020-04-28,US,Nebraska,Morrill,1,0,0,41.71711774,-103.0061405,31123.0,1,1,0,0,1,1,4686,0,0,0,0,0
2020-04-28,US,Nebraska,Nance,1,0,0,41.39750195,-97.99327291,31125.0,1,1,0,0,1,1,3532,0,0,0,0,0
2020-04-28,US,Nebraska,Nemaha,1,0,0,40.38514847,-95.85433992,31127.0,1,1,0,0,1,1,6958,0,0,0,0,0
2020-04-28,US,Nebraska,Otoe,1,0,0,40.64843556,-96.13374142,31131.0,1,1,0,0,1,1,15985,0,0,0,0,0
2020-04-28,US,Nebraska,Phelps,2,0,0,40.51156033,-99.41461667,31137.0,2,2,0,0,2,1,8996,0,0,0,0,1
2020-04-28,US,Nebraska,Pierce,1,0,0,42.26434853,-97.60122773,31139.0,1,1,0,0,1,1,7142,0,0,0,0,0
2020-04-28,US,Nebraska,Platte,39,0,0,41.57246836,-97.52144359,31141.0,39,38,0,0,38,27,33363,1,0,0,1,11
2020-04-28,US,Nebraska,Polk,5,0,0,41.18813488,-97.56630712,31143.0,5,5,0,0,5,5,5278,0,0,0,0,0
2020-04-28,US,Nebraska,Red Willow,2,0,0,40.17556879999999,-100.476998,31145.0,2,2,0,0,2,1,10726,0,0,0,0,1
2020-04-28,US,Nebraska,Saline,87,0,0,40.52418865,-97.14085859,31151.0,87,87,0,0,87,60,14350,0,0,0,0,27
2020-04-28,US,Nebraska,Sarpy,91,0,0,41.11314181,-96.11156432,31153.0,91,91,0,0,91,87,184459,0,0,0,0,4
2020-04-28,US,Nebraska,Saunders,9,0,0,41.227810299999994,-96.63773905,31155.0,9,9,0,0,9,9,21303,0,0,0,0,0
2020-04-28,US,Nebraska,Scotts Bluff,27,0,0,41.85070896,-103.70809859999999,31157.0,27,27,0,0,27,27,35989,0,0,0,0,0
2020-04-28,US,Nebraska,Seward,7,1,0,40.87241834,-97.139673,31159.0,6,7,1,0,6,6,17318,0,0,0,0,1
2020-04-28,US,Nebraska,Sherman,1,0,0,41.22045983,-98.97588642,31163.0,1,1,0,0,1,1,3038,0,0,0,0,0
2020-04-28,US,Nebraska,Stanton,2,0,0,41.9169835,-97.19394708,31167.0,2,2,0,0,2,2,5970,0,0,0,0,0
2020-04-28,US,Nebraska,Thurston,3,0,0,42.15725356,-96.54157099,31173.0,3,1,0,0,1,1,7303,2,0,0,2,0
2020-04-28,US,Nebraska,Unassigned,23,18,0,0.0,0.0,90031.0,5,34,18,0,16,10,,-11,0,0,-11,24
2020-04-28,US,Nebraska,Valley,1,0,0,41.56730777,-98.98197724,31175.0,1,1,0,0,1,,4190,0,0,0,0,
2020-04-28,US,Nebraska,Washington,22,1,0,41.52815707,-96.22019892,31177.0,21,22,1,0,21,22,20667,0,0,0,0,0
2020-04-28,US,Nebraska,Wayne,1,0,0,42.20934475,-97.11926964,31179.0,1,1,0,0,1,1,9403,0,0,0,0,0
2020-04-28,US,Nebraska,Webster,3,0,0,40.17642643,-98.50019851,31181.0,3,3,0,0,3,3,3533,0,0,0,0,0
2020-04-28,US,Nebraska,York,11,0,0,40.87272618,-97.59710186,31185.0,11,11,0,0,11,10,13772,0,0,0,0,1
2020-04-28,US,Nevada,Carson City,44,1,0,39.15509045,-119.7480219,32510.0,43,39,1,0,38,37,55414,5,0,0,5,2
2020-04-28,US,Nevada,Churchill,3,0,0,39.58105744,-118.3394607,32001.0,3,3,0,0,3,3,24440,0,0,0,0,0
2020-04-28,US,Nevada,Clark,3793,186,0,36.21458855,-115.0130241,32003.0,3607,3717,174,0,3543,3665,2231647,76,12,0,64,52
2020-04-28,US,Nevada,Douglas,19,0,0,38.912862,-119.61713329999999,32005.0,19,19,0,0,19,19,48467,0,0,0,0,0
2020-04-28,US,Nevada,Elko,15,1,0,41.14531606,-115.3577619,32007.0,14,15,1,0,14,12,52460,0,0,0,0,3
2020-04-28,US,Nevada,Humboldt,37,2,0,41.40692186,-118.11094270000001,32013.0,35,36,2,0,34,36,16786,1,0,0,1,0
2020-04-28,US,Nevada,Lander,7,0,0,39.933223299999995,-117.03970749999999,32015.0,7,1,0,0,1,1,5575,6,0,0,6,0
2020-04-28,US,Nevada,Lyon,27,0,0,39.01777974,-119.18704790000001,32019.0,27,26,0,0,26,26,55808,1,0,0,1,0
2020-04-28,US,Nevada,Mineral,4,0,0,38.53841696,-118.4344506,32021.0,4,2,0,0,2,2,4514,2,0,0,2,0
2020-04-28,US,Nevada,Nye,35,0,0,38.04264256,-116.47227020000001,32023.0,35,35,0,0,35,31,45346,0,0,0,0,4
2020-04-28,US,Nevada,Washoe,834,29,0,40.66562265,-119.6631594,32031.0,805,804,27,0,777,804,465735,30,2,0,28,0
2020-04-28,US,Nevada,White Pine,3,0,0,39.44157041,-114.89996599999999,32033.0,3,3,0,0,3,3,9475,0,0,0,0,0
2020-04-28,US,New Hampshire,Belknap,34,0,0,43.51637314,-71.41684235,33001.0,34,35,0,0,35,31,61022,-1,0,0,-1,4
2020-04-28,US,New Hampshire,Carroll,31,0,0,43.87498583,-71.20430216,33003.0,31,31,0,0,31,30,48779,0,0,0,0,1
2020-04-28,US,New Hampshire,Cheshire,40,0,0,42.92015988,-72.25311043,33005.0,40,38,0,0,38,36,76493,2,0,0,2,2
2020-04-28,US,New Hampshire,Coos,2,0,0,44.69063265,-71.30633239,33007.0,2,2,0,0,2,2,31589,0,0,0,0,0
2020-04-28,US,New Hampshire,Grafton,48,0,0,43.93779815,-71.82057197,33009.0,48,48,0,0,48,48,89786,0,0,0,0,0
2020-04-28,US,New Hampshire,Hillsborough,896,2,0,42.91537785,-71.7200253,33011.0,894,859,2,0,857,824,415247,37,0,0,37,35
2020-04-28,US,New Hampshire,Merrimack,144,0,0,43.29662971,-71.6811573,33013.0,144,128,0,0,128,126,151132,16,0,0,16,2
2020-04-28,US,New Hampshire,Rockingham,664,1,0,42.98499744,-71.12883377,33015.0,663,643,1,0,642,619,309176,21,0,0,21,24
2020-04-28,US,New Hampshire,Strafford,133,0,0,43.291833000000004,-71.02336013,33017.0,133,132,0,0,132,132,130090,1,0,0,1,0
2020-04-28,US,New Hampshire,Sullivan,11,0,0,43.36094111,-72.22203125,33019.0,11,11,0,0,11,11,43144,0,0,0,0,0
2020-04-28,US,New Hampshire,Unassigned,7,57,0,0.0,0.0,90033.0,-50,11,57,0,-46,5,,-4,0,0,-4,6
2020-04-28,US,New Jersey,Atlantic,868,35,0,39.47538693,-74.65848483,34001.0,833,749,30,0,719,638,265429,119,5,0,114,111
2020-04-28,US,New Jersey,Bergen,15251,1002,0,40.96010917,-74.07164325,34003.0,14249,15104,960,0,14144,14965,936692,147,42,0,105,139
2020-04-28,US,New Jersey,Burlington,2543,106,0,39.87681124,-74.66927768,34005.0,2437,2407,98,0,2309,2333,445384,136,8,0,128,74
2020-04-28,US,New Jersey,Camden,3285,124,0,39.80343818,-74.96388753,34007.0,3161,3124,122,0,3002,2983,507078,161,2,0,159,141
2020-04-28,US,New Jersey,Cape May,299,20,0,39.15008829,-74.80170244,34009.0,279,281,18,0,263,281,92560,18,2,0,16,0
2020-04-28,US,New Jersey,Cumberland,659,10,0,39.37199394,-75.10712559,34011.0,649,595,8,0,587,520,150972,64,2,0,62,75
2020-04-28,US,New Jersey,Essex,13190,1090,0,40.78681335,-74.24657979,34013.0,12100,13047,1028,0,12019,12863,799767,143,62,0,81,184
2020-04-28,US,New Jersey,Gloucester,1179,38,0,39.71581067,-75.13995546,34015.0,1141,1111,33,0,1078,976,291408,68,5,0,63,135
2020-04-28,US,New Jersey,Hudson,14309,722,0,40.73766234,-74.07515667,34017.0,13587,13925,673,0,13252,13708,676061,384,49,0,335,217
2020-04-28,US,New Jersey,Hunterdon,573,24,0,40.56335249,-74.91284156,34019.0,549,564,23,0,541,536,124714,9,1,0,8,28
2020-04-28,US,New Jersey,Mercer,3605,212,0,40.28047017,-74.70479631,34021.0,3393,3433,194,0,3239,3355,369811,172,18,0,154,78
2020-04-28,US,New Jersey,Middlesex,11102,515,0,40.43629879,-74.41426991,34023.0,10587,10767,455,0,10312,10642,829685,335,60,0,275,125
2020-04-28,US,New Jersey,Monmouth,5826,305,0,40.26549699,-74.22240686,34025.0,5521,5759,302,0,5457,5671,621354,67,3,0,64,88
2020-04-28,US,New Jersey,Morris,5128,377,0,40.86095313,-74.54553709999998,34027.0,4751,5030,355,0,4675,4976,494228,98,22,0,76,54
2020-04-28,US,New Jersey,Ocean,6151,342,0,39.8895449,-74.28089251,34029.0,5809,6024,330,0,5694,5962,601651,127,12,0,115,62
2020-04-28,US,New Jersey,Passaic,11755,475,0,41.03238628,-74.29954144,34031.0,11280,11349,438,0,10911,11137,503310,406,37,0,369,212
2020-04-28,US,New Jersey,Salem,219,8,0,39.58719656,-75.34696629999998,34033.0,211,212,7,0,205,181,62607,7,1,0,6,31
2020-04-28,US,New Jersey,Somerset,3278,242,0,40.56465737,-74.61683016,34035.0,3036,3204,227,0,2977,3144,331164,74,15,0,59,60
2020-04-28,US,New Jersey,Sussex,882,97,0,41.13891592,-74.69118243,34037.0,785,864,93,0,771,855,140799,18,4,0,14,9
2020-04-28,US,New Jersey,Unassigned,718,0,0,0.0,0.0,90034.0,718,818,0,0,818,681,,-100,0,0,-100,137
2020-04-28,US,New Jersey,Union,12188,627,0,40.65835409,-74.30680092,34039.0,11561,12011,583,0,11428,11853,558067,177,44,0,133,158
2020-04-28,US,New Jersey,Warren,848,71,0,40.85951833,-74.99556527,34041.0,777,810,67,0,743,778,105779,38,4,0,34,32
2020-04-28,US,New Mexico,Bernalillo,738,35,0,35.05163625,-106.6703554,35001.0,703,694,33,0,661,688,678701,44,2,0,42,6
2020-04-28,US,New Mexico,Catron,1,1,0,33.91514144,-108.4046587,35003.0,0,1,1,0,0,1,3578,0,0,0,0,0
2020-04-28,US,New Mexico,Chaves,22,1,0,33.36406072,-104.4665365,35005.0,21,22,1,0,21,22,64689,0,0,0,0,0
2020-04-28,US,New Mexico,Cibola,46,2,0,34.91131525,-107.998876,35006.0,44,41,2,0,39,41,26746,5,0,0,5,0
2020-04-28,US,New Mexico,Colfax,5,0,0,36.60569702,-104.64726740000002,35007.0,5,5,0,0,5,5,12110,0,0,0,0,0
2020-04-28,US,New Mexico,Curry,13,0,0,34.57421077,-103.34688759999999,35009.0,13,13,0,0,13,13,49437,0,0,0,0,0
2020-04-28,US,New Mexico,Dona Ana,129,1,0,32.35275771,-106.83293870000001,35013.0,128,126,1,0,125,116,217522,3,0,0,3,10
2020-04-28,US,New Mexico,Eddy,12,1,0,32.47167456,-104.3053527,35015.0,11,13,1,0,12,13,57900,-1,0,0,-1,0
2020-04-28,US,New Mexico,Grant,14,0,0,32.73911281,-108.3827845,35017.0,14,14,0,0,14,14,27346,0,0,0,0,0
2020-04-28,US,New Mexico,Guadalupe,13,0,0,34.86319296,-104.790669,35019.0,13,13,0,0,13,13,4341,0,0,0,0,0
2020-04-28,US,New Mexico,Harding,1,0,0,35.85751555,-103.82209379999999,35021.0,1,1,0,0,1,1,655,0,0,0,0,0
2020-04-28,US,New Mexico,Lea,10,0,0,32.79215361,-103.4123733,35025.0,10,10,0,0,10,10,69611,0,0,0,0,0
2020-04-28,US,New Mexico,Lincoln,2,0,0,33.74526079,-105.4586166,35027.0,2,2,0,0,2,2,19556,0,0,0,0,0
2020-04-28,US,New Mexico,Los Alamos,6,0,0,35.86631386,-106.31349850000001,35028.0,6,6,0,0,6,6,19101,0,0,0,0,0
2020-04-28,US,New Mexico,Luna,3,0,0,32.18179341,-107.75088259999998,35029.0,3,3,0,0,3,3,23963,0,0,0,0,0
2020-04-28,US,New Mexico,McKinley,820,15,0,35.58007720000001,-108.262245,35031.0,805,778,12,0,766,720,72290,42,3,0,39,58
2020-04-28,US,New Mexico,Otero,4,0,0,32.61348406,-105.7417604,35035.0,4,4,0,0,4,4,66781,0,0,0,0,0
2020-04-28,US,New Mexico,Quay,4,1,0,35.10403332,-103.54817270000001,35037.0,3,4,1,0,3,4,8253,0,0,0,0,0
2020-04-28,US,New Mexico,Rio Arriba,14,0,0,36.51072137,-106.69316740000001,35039.0,14,14,0,0,14,14,39006,0,0,0,0,0
2020-04-28,US,New Mexico,Roosevelt,8,0,0,34.02097406,-103.4799493,35041.0,8,7,0,0,7,7,18743,1,0,0,1,0
2020-04-28,US,New Mexico,San Juan,508,36,0,36.50838318,-108.32043700000001,35045.0,472,463,35,0,428,442,125043,45,1,0,44,21
2020-04-28,US,New Mexico,San Miguel,2,0,0,35.48014807,-104.8163562,35047.0,2,2,0,0,2,2,27591,0,0,0,0,0
2020-04-28,US,New Mexico,Sandoval,383,11,0,35.68862401,-106.86878030000001,35043.0,372,378,11,0,367,374,145179,5,0,0,5,4
2020-04-28,US,New Mexico,Santa Fe,98,0,0,35.50708973,-105.9774716,35049.0,98,95,0,0,95,95,150056,3,0,0,3,0
2020-04-28,US,New Mexico,Socorro,41,1,0,34.00715494,-106.9298354,35053.0,40,40,1,0,39,40,16735,1,0,0,1,0
2020-04-28,US,New Mexico,Taos,17,0,0,36.58006022,-105.63101979999999,35055.0,17,17,0,0,17,17,32835,0,0,0,0,0
2020-04-28,US,New Mexico,Torrance,15,0,0,34.64048375,-105.8508949,35057.0,15,14,0,0,14,14,15591,1,0,0,1,0
2020-04-28,US,New Mexico,Union,3,0,0,36.48126404,-103.4709624,35059.0,3,3,0,0,3,3,4118,0,0,0,0,0
2020-04-28,US,New Mexico,Valencia,42,0,0,34.71669834,-106.8103733,35061.0,42,42,0,0,42,42,76456,0,0,0,0,0
2020-04-28,US,New York,Albany,1009,36,0,42.60060306,-73.97723916,36001.0,973,979,36,0,943,948,307117,30,0,0,30,31
2020-04-28,US,New York,Allegany,35,2,0,42.25748406,-78.02750466,36003.0,33,35,2,0,33,35,46430,0,0,0,0,0
2020-04-28,US,New York,Broome,266,19,0,42.15903158,-75.81326086,36007.0,247,261,19,0,242,257,191659,5,0,0,5,4
2020-04-28,US,New York,Cattaraugus,45,0,0,42.24778241,-78.67923096,36009.0,45,45,0,0,45,45,76840,0,0,0,0,0
2020-04-28,US,New York,Cayuga,48,1,0,42.91261714,-76.55731592,36011.0,47,48,1,0,47,47,77145,0,0,0,0,1
2020-04-28,US,New York,Chautauqua,30,3,0,42.22769210000001,-79.36691763,36013.0,27,30,3,0,27,29,127939,0,0,0,0,1
2020-04-28,US,New York,Chemung,113,1,0,42.13891056,-76.7638805,36015.0,112,108,1,0,107,106,84254,5,0,0,5,2
2020-04-28,US,New York,Chenango,95,0,0,42.49430041,-75.60887553,36017.0,95,95,0,0,95,93,47536,0,0,0,0,2
2020-04-28,US,New York,Clinton,59,4,0,44.74530905,-73.67875352,36019.0,55,59,4,0,55,57,80695,0,0,0,0,2
2020-04-28,US,New York,Columbia,154,13,0,42.24819348,-73.63089095,36021.0,141,146,13,0,133,143,59916,8,0,0,8,3
2020-04-28,US,New York,Cortland,28,0,0,42.59509207,-76.07048931,36023.0,28,28,0,0,28,28,47823,0,0,0,0,0
2020-04-28,US,New York,Delaware,59,4,0,42.19837623,-74.96709306,36025.0,55,58,4,0,54,58,44527,1,0,0,1,0
2020-04-28,US,New York,Dutchess,2817,36,0,41.76486060000001,-73.74356679,36027.0,2781,2793,36,0,2757,2729,293718,24,0,0,24,64
2020-04-28,US,New York,Erie,3089,207,0,42.76249024,-78.73063652,36029.0,2882,3021,207,0,2814,2954,919719,68,0,0,68,67
2020-04-28,US,New York,Essex,26,0,0,44.11630765,-73.77297842,36031.0,26,24,0,0,24,24,37300,2,0,0,2,0
2020-04-28,US,New York,Franklin,14,0,0,44.59040891,-74.29926032,36033.0,14,14,0,0,14,14,50293,0,0,0,0,0
2020-04-28,US,New York,Fulton,66,0,0,43.11363907,-74.41798804,36035.0,66,62,0,0,62,62,53591,4,0,0,4,0
2020-04-28,US,New York,Genesee,149,3,0,43.0022601,-78.19135193,36037.0,146,148,3,0,145,144,57511,1,0,0,1,4
2020-04-28,US,New York,Greene,112,5,0,42.275797,-74.12384884,36039.0,107,111,5,0,106,110,47491,1,0,0,1,1
2020-04-28,US,New York,Hamilton,3,0,0,43.66146647,-74.49721957,36041.0,3,3,0,0,3,3,4434,0,0,0,0,0
2020-04-28,US,New York,Herkimer,58,3,0,43.42034246,-74.96145307,36043.0,55,58,3,0,55,57,61833,0,0,0,0,1
2020-04-28,US,New York,Jefferson,60,0,0,44.04200959,-75.94653457,36045.0,60,60,0,0,60,60,111755,0,0,0,0,0
2020-04-28,US,New York,Lewis,9,0,0,43.784415700000004,-75.44903992,36049.0,9,9,0,0,9,9,26447,0,0,0,0,0
2020-04-28,US,New York,Livingston,65,5,0,42.72596275,-77.77966158,36051.0,60,62,5,0,57,60,63227,3,0,0,3,2
2020-04-28,US,New York,Madison,126,5,0,42.91653905,-75.67266639,36053.0,121,124,5,0,119,123,70795,2,0,0,2,1
2020-04-28,US,New York,Monroe,1371,108,0,43.14638895,-77.69322942,36055.0,1263,1331,108,0,1223,1316,742474,40,0,0,40,15
2020-04-28,US,New York,Montgomery,49,1,0,42.90123494,-74.44011632,36057.0,48,47,1,0,46,47,49455,2,0,0,2,0
2020-04-28,US,New York,Nassau,35085,1647,0,40.74066522,-73.58941873,36059.0,33438,34865,1620,0,33245,34522,1358343,220,27,0,193,343
2020-04-28,US,New York,New York City,162338,17682,0,40.76727260000001,-73.97152637,36061.0,144656,160489,17515,0,142974,158258,1628701,1849,167,0,1682,2231
2020-04-28,US,New York,Niagara,386,21,0,43.19898042,-78.74777412,36063.0,365,378,21,0,357,368,210433,8,0,0,8,10
2020-04-28,US,New York,Oneida,411,15,0,43.24375382,-75.43710392,36065.0,396,397,15,0,382,384,229577,14,0,0,14,13
2020-04-28,US,New York,Onondaga,742,26,0,43.00491923,-76.19971155,36067.0,716,726,26,0,700,692,461809,16,0,0,16,34
2020-04-28,US,New York,Ontario,90,9,0,42.85145728,-77.30874425,36069.0,81,86,9,0,77,84,109864,4,0,0,4,2
2020-04-28,US,New York,Orange,8374,299,0,41.40337468,-74.30240757,36071.0,8075,8238,299,0,7939,8106,381951,136,0,0,136,132
2020-04-28,US,New York,Orleans,80,9,0,43.2516977,-78.2320066,36073.0,71,80,9,0,71,80,40612,0,0,0,0,0
2020-04-28,US,New York,Oswego,63,3,0,43.42778894,-76.14635194,36075.0,60,61,3,0,58,61,117898,2,0,0,2,0
2020-04-28,US,New York,Otsego,65,4,0,42.63492579,-75.03151402,36077.0,61,62,4,0,58,60,59749,3,0,0,3,2
2020-04-28,US,New York,Putnam,932,7,0,41.42630093,-73.74965532,36079.0,925,925,7,0,918,904,98892,7,0,0,7,21
2020-04-28,US,New York,Rensselaer,250,11,0,42.71348136,-73.51089874,36083.0,239,246,11,0,235,242,159442,4,0,0,4,4
2020-04-28,US,New York,Rockland,11453,481,0,41.15027894,-74.02560498,36087.0,10972,11366,481,0,10885,11256,325695,87,0,0,87,110
2020-04-28,US,New York,Saratoga,343,11,0,43.10904162,-73.86653895,36091.0,332,336,11,0,325,330,230163,7,0,0,7,6
2020-04-28,US,New York,Schenectady,469,22,0,42.81668777,-74.05278291,36093.0,447,457,22,0,435,449,155350,12,0,0,12,8
2020-04-28,US,New York,Schoharie,38,0,0,42.58831742,-74.44339029999998,36095.0,38,35,0,0,35,35,31097,3,0,0,3,0
2020-04-28,US,New York,Schuyler,7,0,0,42.39184015,-76.8773299,36097.0,7,7,0,0,7,7,17912,0,0,0,0,0
2020-04-28,US,New York,Seneca,38,0,0,42.78081007,-76.82497064,36099.0,38,38,0,0,38,38,34300,0,0,0,0,0
2020-04-28,US,New York,St. Lawrence,170,0,0,44.4976179,-75.06550039,36089.0,170,169,0,0,169,167,108047,1,0,0,1,2
2020-04-28,US,New York,Steuben,210,35,0,42.2689144,-77.3829924,36101.0,175,209,35,0,174,207,95796,1,0,0,1,2
2020-04-28,US,New York,Suffolk,32724,1131,0,40.88320119,-72.8012172,36103.0,31593,32470,1102,0,31368,32059,1481093,254,29,0,225,411
2020-04-28,US,New York,Sullivan,769,21,0,41.71579493,-74.76394559,36105.0,748,748,21,0,727,724,75498,21,0,0,21,24
2020-04-28,US,New York,Tioga,82,6,0,42.16852837,-76.30835812,36107.0,76,71,6,0,65,71,48560,11,0,0,11,0
2020-04-28,US,New York,Tompkins,126,0,0,42.44945765,-76.47229843,36109.0,126,126,0,0,126,126,102793,0,0,0,0,0
2020-04-28,US,New York,Ulster,1230,24,0,41.89027881,-74.26252104,36111.0,1206,1219,24,0,1195,1190,178599,11,0,0,11,29
2020-04-28,US,New York,Warren,150,0,0,43.56173026,-73.8433699,36113.0,150,147,0,0,147,135,64265,3,0,0,3,12
2020-04-28,US,New York,Washington,131,2,0,43.31153794,-73.43043448,36115.0,129,130,2,0,128,127,61197,1,0,0,1,3
2020-04-28,US,New York,Wayne,70,1,0,43.15494365,-77.02976528,36117.0,69,69,1,0,68,65,90064,1,0,0,1,4
2020-04-28,US,New York,Westchester,28245,983,0,41.16278376,-73.75741653,36119.0,27262,28007,962,0,27045,27664,967612,238,21,0,217,343
2020-04-28,US,New York,Wyoming,63,5,0,42.70145109,-78.22199579,36121.0,58,63,5,0,58,59,40085,0,0,0,0,4
2020-04-28,US,New York,Yates,17,1,0,42.63505484,-77.10369919,36123.0,16,17,1,0,16,17,24841,0,0,0,0,0
2020-04-28,US,North Carolina,Alamance,94,1,0,36.0434701,-79.39976137,37001.0,93,91,1,0,90,90,166436,3,0,0,3,1
2020-04-28,US,North Carolina,Alexander,4,0,0,35.922379600000006,-81.17751948,37003.0,4,4,0,0,4,4,37353,0,0,0,0,0
2020-04-28,US,North Carolina,Alleghany,2,0,0,36.49360862,-81.12857041,37005.0,2,2,0,0,2,2,11161,0,0,0,0,0
2020-04-28,US,North Carolina,Anson,23,0,0,34.97403241,-80.09953279,37007.0,23,22,0,0,22,20,24877,1,0,0,1,2
2020-04-28,US,North Carolina,Ashe,4,0,0,36.43296207,-81.49862729,37009.0,4,4,0,0,4,4,27109,0,0,0,0,0
2020-04-28,US,North Carolina,Beaufort,20,0,0,35.48531943,-76.84325809,37013.0,20,20,0,0,20,20,47079,0,0,0,0,0
2020-04-28,US,North Carolina,Bertie,38,2,0,36.0688473,-76.96545943,37015.0,36,38,2,0,36,37,19026,0,0,0,0,1
2020-04-28,US,North Carolina,Bladen,13,0,0,34.61296243,-78.56180059,37017.0,13,10,0,0,10,10,33190,3,0,0,3,0
2020-04-28,US,North Carolina,Brunswick,43,2,0,34.070565,-78.22814204,37019.0,41,40,2,0,38,40,136744,3,0,0,3,0
2020-04-28,US,North Carolina,Buncombe,55,4,0,35.61113393,-82.53305,37021.0,51,54,3,0,51,52,259103,1,1,0,0,2
2020-04-28,US,North Carolina,Burke,89,8,0,35.74989637,-81.70755735,37023.0,81,88,8,0,80,88,90382,1,0,0,1,0
2020-04-28,US,North Carolina,Cabarrus,275,10,0,35.3877799,-80.55267168,37025.0,265,264,9,0,255,261,211342,11,1,0,10,3
2020-04-28,US,North Carolina,Caldwell,33,0,0,35.95204977,-81.54799522,37027.0,33,31,0,0,31,30,82029,2,0,0,2,1
2020-04-28,US,North Carolina,Camden,1,0,0,36.33804939,-76.15568396,37029.0,1,1,0,0,1,,10710,0,0,0,0,
2020-04-28,US,North Carolina,Carteret,28,3,0,34.8932941,-76.54120135,37031.0,25,28,3,0,25,27,69524,0,0,0,0,1
2020-04-28,US,North Carolina,Caswell,18,0,0,36.39312665,-79.33353281,37033.0,18,18,0,0,18,16,22698,0,0,0,0,2
2020-04-28,US,North Carolina,Catawba,53,1,0,35.66211129,-81.2132617,37035.0,52,53,1,0,52,52,158652,0,0,0,0,1
2020-04-28,US,North Carolina,Chatham,274,6,0,35.70394416,-79.25541492,37037.0,268,262,6,0,256,240,73139,12,0,0,12,22
2020-04-28,US,North Carolina,Cherokee,16,1,0,35.1349263,-84.05970864,37039.0,15,16,1,0,15,16,28383,0,0,0,0,0
2020-04-28,US,North Carolina,Chowan,7,0,0,36.12908077,-76.60118385,37041.0,7,7,0,0,7,7,14029,0,0,0,0,0
2020-04-28,US,North Carolina,Clay,6,0,0,35.05704275,-83.74353633,37043.0,6,6,0,0,6,6,11139,0,0,0,0,0
2020-04-28,US,North Carolina,Cleveland,47,2,0,35.33553364,-81.55204486,37045.0,45,47,2,0,45,46,97645,0,0,0,0,1
2020-04-28,US,North Carolina,Columbus,103,8,0,34.26744084,-78.65801424,37047.0,95,94,8,0,86,90,55655,9,0,0,9,4
2020-04-28,US,North Carolina,Craven,39,4,0,35.11833364,-77.08398081,37049.0,35,39,4,0,35,39,102912,0,0,0,0,0
2020-04-28,US,North Carolina,Cumberland,224,8,0,35.04762133,-78.82623165,37051.0,216,200,6,0,194,200,332330,24,2,0,22,0
2020-04-28,US,North Carolina,Currituck,2,0,0,36.36123664,-75.95876401,37053.0,2,2,0,0,2,2,27072,0,0,0,0,0
2020-04-28,US,North Carolina,Dare,15,1,0,35.66520691,-75.71767334,37055.0,14,15,1,0,14,15,36501,0,0,0,0,0
2020-04-28,US,North Carolina,Davidson,166,5,0,35.79115496,-80.21256572,37057.0,161,156,4,0,152,156,166614,10,1,0,9,0
2020-04-28,US,North Carolina,Davie,29,2,0,35.93099927,-80.54496571,37059.0,27,29,2,0,27,29,42733,0,0,0,0,0
2020-04-28,US,North Carolina,Duplin,74,0,0,34.93449805,-77.93140529,37061.0,74,72,0,0,72,66,58856,2,0,0,2,6
2020-04-28,US,North Carolina,Durham,712,17,0,36.03638492,-78.87608331,37063.0,695,555,15,0,540,555,316739,157,2,0,155,0
2020-04-28,US,North Carolina,Edgecombe,78,3,0,35.91230639,-77.59436892,37065.0,75,78,3,0,75,78,52005,0,0,0,0,0
2020-04-28,US,North Carolina,Forsyth,183,5,0,36.12859861,-80.25459052,37067.0,178,156,5,0,151,153,379099,27,0,0,27,3
2020-04-28,US,North Carolina,Franklin,102,18,0,36.081519,-78.28708884,37069.0,84,100,14,0,86,95,67560,2,4,0,-2,5
2020-04-28,US,North Carolina,Gaston,139,3,0,35.29373559,-81.17477045,37071.0,136,139,3,0,136,136,222846,0,0,0,0,3
2020-04-28,US,North Carolina,Gates,7,0,0,36.44667547,-76.69749701,37073.0,7,7,0,0,7,7,11573,0,0,0,0,0
2020-04-28,US,North Carolina,Graham,1,0,0,35.3506925,-83.83369267,37075.0,1,,,,,,8484,,,,,
2020-04-28,US,North Carolina,Granville,133,5,0,36.30337451,-78.65184241,37077.0,128,240,5,0,235,133,60115,-107,0,0,-107,107
2020-04-28,US,North Carolina,Greene,15,0,0,35.48544173,-77.67578087,37079.0,15,15,0,0,15,15,21012,0,0,0,0,0
2020-04-28,US,North Carolina,Guilford,345,23,0,36.07959451,-79.78824948,37081.0,322,314,21,0,293,314,533670,31,2,0,29,0
2020-04-28,US,North Carolina,Halifax,52,1,0,36.25669272,-77.6556109,37083.0,51,56,1,0,55,53,50574,-4,0,0,-4,3
2020-04-28,US,North Carolina,Harnett,145,7,0,35.36731853,-78.87243571,37085.0,138,137,5,0,132,128,134214,8,2,0,6,9
2020-04-28,US,North Carolina,Haywood,6,0,0,35.55269063,-82.98196486,37087.0,6,6,0,0,6,5,61971,0,0,0,0,1
2020-04-28,US,North Carolina,Henderson,159,16,0,35.33788927,-82.4766782,37089.0,143,159,14,0,145,158,116748,0,2,0,-2,1
2020-04-28,US,North Carolina,Hertford,32,1,0,36.3607755,-76.98104134,37091.0,31,28,1,0,27,27,23659,4,0,0,4,1
2020-04-28,US,North Carolina,Hoke,67,0,0,35.01888303,-79.23651674,37093.0,67,61,0,0,61,49,54764,6,0,0,6,12
2020-04-28,US,North Carolina,Hyde,1,0,0,35.42017674,-76.15180542,37095.0,1,1,0,0,1,1,5230,0,0,0,0,0
2020-04-28,US,North Carolina,Iredell,104,6,0,35.80950511,-80.8743128,37097.0,98,104,6,0,98,99,178435,0,0,0,0,5
2020-04-28,US,North Carolina,Jackson,10,0,0,35.28814273,-83.14093385,37099.0,10,9,0,0,9,9,43327,1,0,0,1,0
2020-04-28,US,North Carolina,Johnston,145,13,0,35.51745004,-78.36622717,37101.0,132,139,13,0,126,135,202675,6,0,0,6,4
2020-04-28,US,North Carolina,Jones,12,2,0,35.02254606,-77.35870791,37103.0,10,12,2,0,10,14,9637,0,0,0,0,-2
2020-04-28,US,North Carolina,Lee,127,0,0,35.47623147,-79.17569362,37105.0,127,125,0,0,125,104,61452,2,0,0,2,21
2020-04-28,US,North Carolina,Lenoir,56,4,0,35.24032589999999,-77.64245615,37107.0,52,45,3,0,42,43,55976,11,1,0,10,2
2020-04-28,US,North Carolina,Lincoln,25,0,0,35.48508185,-81.21740317,37109.0,25,25,0,0,25,25,83770,0,0,0,0,0
2020-04-28,US,North Carolina,Macon,2,1,0,35.14867843,-83.41696617,37113.0,1,2,1,0,1,2,35285,0,0,0,0,0
2020-04-28,US,North Carolina,Madison,1,0,0,35.85402722,-82.71346418,37115.0,1,1,0,0,1,1,21763,0,0,0,0,0
2020-04-28,US,North Carolina,Martin,16,0,0,35.84326734,-77.10860251,37117.0,16,15,0,0,15,15,22671,1,0,0,1,0
2020-04-28,US,North Carolina,McDowell,24,1,0,35.67736232,-82.0482425,37111.0,23,24,1,0,23,21,45507,0,0,0,0,3
2020-04-28,US,North Carolina,Mecklenburg,1519,43,0,35.24469268,-80.8317671,37119.0,1476,1492,43,0,1449,1482,1093901,27,0,0,27,10
2020-04-28,US,North Carolina,Mitchell,5,0,0,36.01059309,-82.1582442,37121.0,5,5,0,0,5,5,15000,0,0,0,0,0
2020-04-28,US,North Carolina,Montgomery,32,1,0,35.33155144,-79.90416657,37123.0,31,32,1,0,31,21,27271,0,0,0,0,11
2020-04-28,US,North Carolina,Moore,116,6,0,35.30885257,-79.48474178,37125.0,110,116,6,0,110,108,98682,0,0,0,0,8
2020-04-28,US,North Carolina,Nash,84,3,0,35.96575634,-77.98422508,37127.0,81,85,2,0,83,88,94016,-1,1,0,-2,-3
2020-04-28,US,North Carolina,New Hanover,79,3,0,34.25758282,-77.87075626,37129.0,76,79,3,0,76,78,232274,0,0,0,0,1
2020-04-28,US,North Carolina,Northampton,82,4,0,36.41736238,-77.39769443,37131.0,78,82,4,0,78,82,19676,0,0,0,0,0
2020-04-28,US,North Carolina,Onslow,43,1,0,34.72607366,-77.42908179,37133.0,42,43,1,0,42,42,197683,0,0,0,0,1
2020-04-28,US,North Carolina,Orange,209,14,0,36.06092947,-79.12167935,37135.0,195,208,13,0,195,208,146027,1,1,0,0,0
2020-04-28,US,North Carolina,Pamlico,7,0,0,35.15253315,-76.66559823,37137.0,7,7,0,0,7,7,12670,0,0,0,0,0
2020-04-28,US,North Carolina,Pasquotank,35,1,0,36.26723798,-76.25134778,37139.0,34,34,1,0,33,34,39639,1,0,0,1,0
2020-04-28,US,North Carolina,Pender,11,1,0,34.52265624,-77.90352133,37141.0,10,12,1,0,11,12,62162,-1,0,0,-1,0
2020-04-28,US,North Carolina,Perquimans,12,0,0,36.17847453,-76.40603143,37143.0,12,11,0,0,11,10,13422,1,0,0,1,1
2020-04-28,US,North Carolina,Person,19,0,0,36.38989032,-78.97217358,37145.0,19,19,0,0,19,19,39507,0,0,0,0,0
2020-04-28,US,North Carolina,Pitt,116,2,0,35.59535426,-77.37353178,37147.0,114,111,2,0,109,111,179914,5,0,0,5,0
2020-04-28,US,North Carolina,Polk,17,0,0,35.27820615,-82.16812354,37149.0,17,17,0,0,17,12,20611,0,0,0,0,5
2020-04-28,US,North Carolina,Randolph,154,3,0,35.71015088,-79.80570339,37151.0,151,154,3,0,151,128,143351,0,0,0,0,26
2020-04-28,US,North Carolina,Richmond,42,2,0,35.00417719,-79.74491009,37153.0,40,36,2,0,34,36,44887,6,0,0,6,0
2020-04-28,US,North Carolina,Robeson,106,3,0,34.64244496,-79.10250529999998,37155.0,103,104,3,0,101,97,131831,2,0,0,2,7
2020-04-28,US,North Carolina,Rockingham,24,2,0,36.39593137,-79.77504841,37157.0,22,24,2,0,22,24,90690,0,0,0,0,0
2020-04-28,US,North Carolina,Rowan,353,21,0,35.64003916,-80.52446628,37159.0,332,352,21,0,331,346,141262,1,0,0,1,6
2020-04-28,US,North Carolina,Rutherford,121,6,0,35.40114178,-81.92112099,37161.0,115,121,6,0,115,118,66826,0,0,0,0,3
2020-04-28,US,North Carolina,Sampson,44,0,0,34.98820368,-78.36914061,37163.0,44,39,0,0,39,39,63626,5,0,0,5,0
2020-04-28,US,North Carolina,Scotland,24,0,0,34.8386299,-79.4757978,37165.0,24,23,0,0,23,22,34810,1,0,0,1,1
2020-04-28,US,North Carolina,Stanly,29,4,0,35.31647813,-80.25093221,37167.0,25,29,4,0,25,28,62075,0,0,0,0,1
2020-04-28,US,North Carolina,Stokes,11,0,0,36.4017975,-80.23893369,37169.0,11,11,0,0,11,11,45467,0,0,0,0,0
2020-04-28,US,North Carolina,Surry,12,0,0,36.41689489,-80.69102283,37171.0,12,12,0,0,12,12,71948,0,0,0,0,0
2020-04-28,US,North Carolina,Transylvania,7,0,0,35.20383864,-82.79638423,37175.0,7,7,0,0,7,7,34215,0,0,0,0,0
2020-04-28,US,North Carolina,Tyrrell,4,0,0,35.87147226,-76.17055253,37177.0,4,4,0,0,4,4,4131,0,0,0,0,0
2020-04-28,US,North Carolina,Union,211,9,0,34.98960527,-80.52955873,37179.0,202,205,9,0,196,201,235908,6,0,0,6,4
2020-04-28,US,North Carolina,Vance,80,4,0,36.36880673,-78.40670845,37181.0,76,80,3,0,77,51,44582,0,1,0,-1,29
2020-04-28,US,North Carolina,Wake,782,16,0,35.78879266,-78.65249174,37183.0,766,752,14,0,738,663,1092305,30,2,0,28,89
2020-04-28,US,North Carolina,Warren,6,0,0,36.39728256,-78.10652228,37185.0,6,4,0,0,4,4,19807,2,0,0,2,0
2020-04-28,US,North Carolina,Washington,24,2,0,35.83810081,-76.57299037,37187.0,22,24,2,0,22,24,11859,0,0,0,0,0
2020-04-28,US,North Carolina,Watauga,8,0,0,36.23103603,-81.70033724,37189.0,8,8,0,0,8,8,55945,0,0,0,0,0
2020-04-28,US,North Carolina,Wayne,641,10,0,35.36438125,-78.00027268,37191.0,631,635,10,0,625,630,123248,6,0,0,6,5
2020-04-28,US,North Carolina,Wilkes,22,1,0,36.2084135,-81.16232895,37193.0,21,21,1,0,20,21,68557,1,0,0,1,0
2020-04-28,US,North Carolina,Wilson,155,6,0,35.70625477,-77.917978,37195.0,149,151,6,0,145,151,81455,4,0,0,4,0
2020-04-28,US,North Carolina,Yadkin,15,1,0,36.16222629,-80.66239436,37197.0,14,12,1,0,11,12,37543,3,0,0,3,0
2020-04-28,US,North Dakota,Barnes,4,0,0,46.93579637,-98.06605978,38003.0,4,4,0,0,4,4,10542,0,0,0,0,0
2020-04-28,US,North Dakota,Bowman,1,0,0,46.11285362,-103.5203343,38011.0,1,1,0,0,1,1,3076,0,0,0,0,0
2020-04-28,US,North Dakota,Burke,3,0,0,48.79094471,-102.51821170000001,38013.0,3,3,0,0,3,3,2100,0,0,0,0,0
2020-04-28,US,North Dakota,Burleigh,74,0,0,46.97847375,-100.46452140000001,38015.0,74,74,0,0,74,74,95273,0,0,0,0,0
2020-04-28,US,North Dakota,Cass,472,12,0,46.93201724,-97.24447190000001,38017.0,460,431,12,0,419,397,181516,41,0,0,41,34
2020-04-28,US,North Dakota,Divide,1,0,0,48.814938700000006,-103.48736109999999,38023.0,1,1,0,0,1,1,2283,0,0,0,0,0
2020-04-28,US,North Dakota,Dunn,10,0,0,47.35423935,-102.61604679999999,38025.0,10,10,0,0,10,10,4332,0,0,0,0,0
2020-04-28,US,North Dakota,Eddy,1,0,0,47.71701474,-98.90432337,38027.0,1,1,0,0,1,1,2313,0,0,0,0,0
2020-04-28,US,North Dakota,Emmons,1,1,0,46.28398398,-100.2389766,38029.0,0,1,1,0,0,1,3295,0,0,0,0,0
2020-04-28,US,North Dakota,Foster,1,0,0,47.457108399999996,-98.88279923,38031.0,1,1,0,0,1,1,3216,0,0,0,0,0
2020-04-28,US,North Dakota,Grand Forks,234,0,0,47.92093639,-97.45450447,38035.0,234,231,0,0,231,195,70770,3,0,0,3,36
2020-04-28,US,North Dakota,Grant,1,0,0,46.35821257,-101.63900129999999,38037.0,1,1,0,0,1,1,2374,0,0,0,0,0
2020-04-28,US,North Dakota,McHenry,1,1,0,48.23104458,-100.6324822,38049.0,0,1,1,0,0,1,5816,0,0,0,0,0
2020-04-28,US,North Dakota,McIntosh,1,0,0,46.11182017,-99.44145858,38051.0,1,1,0,0,1,1,2585,0,0,0,0,0
2020-04-28,US,North Dakota,McKenzie,12,0,0,47.74133370000001,-103.395905,38053.0,12,12,0,0,12,12,13632,0,0,0,0,0
2020-04-28,US,North Dakota,McLean,3,0,0,47.60766714,-101.3182418,38055.0,3,3,0,0,3,3,9541,0,0,0,0,0
2020-04-28,US,North Dakota,Morton,24,2,0,46.71681782,-101.2822377,38059.0,22,24,2,0,22,24,31095,0,0,0,0,0
2020-04-28,US,North Dakota,Mountrail,35,0,0,48.20197971,-102.3555315,38061.0,35,34,0,0,34,33,10218,1,0,0,1,1
2020-04-28,US,North Dakota,Nelson,1,0,0,47.9226426,-98.19038437,38063.0,1,1,0,0,1,1,2869,0,0,0,0,0
2020-04-28,US,North Dakota,Oliver,1,0,0,47.11530482,-101.3406158,38065.0,1,1,0,0,1,1,1952,0,0,0,0,0
2020-04-28,US,North Dakota,Pembina,1,0,0,48.76623521,-97.5523809,38067.0,1,1,0,0,1,1,6947,0,0,0,0,0
2020-04-28,US,North Dakota,Pierce,2,0,0,48.24977025,-99.96407787,38069.0,2,2,0,0,2,2,4081,0,0,0,0,0
2020-04-28,US,North Dakota,Ramsey,4,0,0,48.26886249,-98.72223879,38071.0,4,4,0,0,4,3,11481,0,0,0,0,1
2020-04-28,US,North Dakota,Ransom,1,0,0,46.45621782,-97.65742504,38073.0,1,1,0,0,1,1,5237,0,0,0,0,0
2020-04-28,US,North Dakota,Richland,7,0,0,46.26440649,-96.94852979,38077.0,7,7,0,0,7,7,16239,0,0,0,0,0
2020-04-28,US,North Dakota,Rolette,1,0,0,48.77245354,-99.84097493,38079.0,1,1,0,0,1,1,14301,0,0,0,0,0
2020-04-28,US,North Dakota,Sargent,1,0,0,46.10830372,-97.63217159,38081.0,1,1,0,0,1,1,3870,0,0,0,0,0
2020-04-28,US,North Dakota,Sioux,1,0,0,46.11323337,-101.04401490000001,38085.0,1,1,0,0,1,1,4358,0,0,0,0,0
2020-04-28,US,North Dakota,Slope,3,0,0,46.44737738,-103.4601547,38087.0,3,3,0,0,3,3,763,0,0,0,0,0
2020-04-28,US,North Dakota,Stark,44,2,0,46.80851182,-102.65763259999999,38089.0,42,41,2,0,39,41,30997,3,0,0,3,0
2020-04-28,US,North Dakota,Stutsman,5,0,0,46.97962541,-98.95637318,38093.0,5,4,0,0,4,4,20917,1,0,0,1,0
2020-04-28,US,North Dakota,Walsh,7,0,0,48.36876964,-97.72574783,38099.0,7,7,0,0,7,4,10667,0,0,0,0,3
2020-04-28,US,North Dakota,Ward,21,1,0,48.22390169,-101.54367629999999,38101.0,20,21,1,0,20,21,67744,0,0,0,0,0
2020-04-28,US,North Dakota,Wells,2,0,0,47.58614526,-99.65904998,38103.0,2,2,0,0,2,2,3957,0,0,0,0,0
2020-04-28,US,North Dakota,Williams,10,0,0,48.34522353,-103.4793387,38105.0,10,10,0,0,10,10,35350,0,0,0,0,0
2020-04-28,US,Ohio,Adams,4,0,0,38.84541072,-83.4718964,39001.0,4,4,0,0,4,4,27724,0,0,0,0,0
2020-04-28,US,Ohio,Allen,103,19,0,40.77285242,-84.10802343,39003.0,84,103,18,0,85,108,102663,0,1,0,-1,-5
2020-04-28,US,Ohio,Ashland,6,0,0,40.84772277,-82.27280781,39005.0,6,6,0,0,6,6,53745,0,0,0,0,0
2020-04-28,US,Ohio,Ashtabula,113,11,0,41.70860332,-80.74830218,39007.0,102,110,11,0,99,110,97493,3,0,0,3,0
2020-04-28,US,Ohio,Athens,3,1,0,39.33425634,-82.04278644,39009.0,2,3,1,0,2,3,65818,0,0,0,0,0
2020-04-28,US,Ohio,Auglaize,32,3,0,40.55998859,-84.22421429999999,39011.0,29,31,3,0,28,30,45804,1,0,0,1,1
2020-04-28,US,Ohio,Belmont,118,7,0,40.01625942,-80.9924051,39013.0,111,114,7,0,107,106,67505,4,0,0,4,8
2020-04-28,US,Ohio,Brown,11,1,0,38.93416837,-83.86788395,39015.0,10,11,1,0,10,11,43602,0,0,0,0,0
2020-04-28,US,Ohio,Butler,254,5,0,39.44012838,-84.57388716,39017.0,249,234,4,0,230,225,382378,20,1,0,19,9
2020-04-28,US,Ohio,Carroll,19,1,0,40.578968599999996,-81.09178213,39019.0,18,19,1,0,18,20,27081,0,0,0,0,-1
2020-04-28,US,Ohio,Champaign,14,1,0,40.13923427,-83.76875242,39021.0,13,12,1,0,11,12,38754,2,0,0,2,0
2020-04-28,US,Ohio,Clark,48,2,0,39.91592258,-83.78498252,39023.0,46,43,2,0,41,33,134585,5,0,0,5,10
2020-04-28,US,Ohio,Clermont,78,2,0,39.04847534,-84.15375786,39025.0,76,76,2,0,74,77,205466,2,0,0,2,-1
2020-04-28,US,Ohio,Clinton,28,0,0,39.41485808,-83.80852286,39027.0,28,28,0,0,28,28,42057,0,0,0,0,0
2020-04-28,US,Ohio,Columbiana,235,21,0,40.76932373,-80.78094576,39029.0,214,228,20,0,208,223,102665,7,1,0,6,5
2020-04-28,US,Ohio,Coshocton,17,0,0,40.30096166,-81.91729018,39031.0,17,16,0,0,16,16,36629,1,0,0,1,0
2020-04-28,US,Ohio,Crawford,41,0,0,40.85065156,-82.91989099,39033.0,41,41,0,0,41,39,41550,0,0,0,0,2
2020-04-28,US,Ohio,Cuyahoga,1984,109,0,41.424119,-81.65918339,39035.0,1875,1938,96,0,1842,1902,1243857,46,13,0,33,36
2020-04-28,US,Ohio,Darke,75,13,0,40.13412966,-84.6194517,39037.0,62,75,13,0,62,75,51323,0,0,0,0,0
2020-04-28,US,Ohio,Defiance,20,1,0,41.32398837,-84.49076944,39039.0,19,19,1,0,18,19,38165,1,0,0,1,0
2020-04-28,US,Ohio,Delaware,151,3,0,40.27942393,-83.00457058,39041.0,148,148,3,0,145,143,204826,3,0,0,3,5
2020-04-28,US,Ohio,Erie,52,3,0,41.36796058,-82.62904521,39043.0,49,49,3,0,46,47,74615,3,0,0,3,2
2020-04-28,US,Ohio,Fairfield,121,2,0,39.75107189,-82.63088163,39045.0,119,116,2,0,114,114,155782,5,0,0,5,2
2020-04-28,US,Ohio,Fayette,15,0,0,39.56021306,-83.4562016,39047.0,15,14,0,0,14,13,28666,1,0,0,1,1
2020-04-28,US,Ohio,Franklin,2090,62,0,39.96995815,-83.01115755,39049.0,2028,2005,57,0,1948,1942,1310300,85,5,0,80,63
2020-04-28,US,Ohio,Fulton,20,0,0,41.60213491,-84.12571393,39051.0,20,19,0,0,19,19,42276,1,0,0,1,0
2020-04-28,US,Ohio,Gallia,6,1,0,38.82708533,-82.31647569,39053.0,5,6,1,0,5,6,29979,0,0,0,0,0
2020-04-28,US,Ohio,Geauga,148,13,0,41.49952319,-81.17935342,39055.0,135,146,13,0,133,137,94031,2,0,0,2,9
2020-04-28,US,Ohio,Greene,45,4,0,39.69116283,-83.89032084,39057.0,41,45,3,0,42,43,167995,0,1,0,-1,2
2020-04-28,US,Ohio,Guernsey,15,0,0,40.05026529,-81.49248905,39059.0,15,15,0,0,15,15,39022,0,0,0,0,0
2020-04-28,US,Ohio,Hamilton,1091,58,0,39.19673558,-84.54502924,39061.0,1033,1048,56,0,992,1005,816684,43,2,0,41,43
2020-04-28,US,Ohio,Hancock,37,1,0,41.00250487,-83.66838948,39063.0,36,35,1,0,34,34,75930,2,0,0,2,1
2020-04-28,US,Ohio,Hardin,24,0,0,40.66015414,-83.65929931,39065.0,24,22,0,0,22,23,31480,2,0,0,2,-1
2020-04-28,US,Ohio,Harrison,4,0,0,40.29380509,-81.09068544,39067.0,4,4,0,0,4,4,15174,0,0,0,0,0
2020-04-28,US,Ohio,Henry,5,0,0,41.333964200000004,-84.06830637,39069.0,5,4,0,0,4,4,27086,1,0,0,1,0
2020-04-28,US,Ohio,Highland,10,0,0,39.1839264,-83.60331456,39071.0,10,10,0,0,10,9,43058,0,0,0,0,1
2020-04-28,US,Ohio,Hocking,16,1,0,39.49537927,-82.47991446,39073.0,15,16,1,0,15,14,28385,0,0,0,0,2
2020-04-28,US,Ohio,Holmes,5,1,0,40.56163713,-81.92635677,39075.0,4,5,1,0,4,5,43892,0,0,0,0,0
2020-04-28,US,Ohio,Huron,30,1,0,41.14651175,-82.59867951,39077.0,29,29,1,0,28,28,58504,1,0,0,1,1
2020-04-28,US,Ohio,Jackson,4,0,0,39.01914254,-82.61818559999998,39079.0,4,4,0,0,4,4,32384,0,0,0,0,0
2020-04-28,US,Ohio,Jefferson,42,1,0,40.38614126,-80.76259514,39081.0,41,39,1,0,38,37,65767,3,0,0,3,2
2020-04-28,US,Ohio,Knox,15,1,0,40.39830217,-82.42027563,39083.0,14,15,1,0,14,15,61893,0,0,0,0,0
2020-04-28,US,Ohio,Lake,160,7,0,41.69710807,-81.23676539,39085.0,153,158,7,0,151,157,230514,2,0,0,2,1
2020-04-28,US,Ohio,Lawrence,24,0,0,38.59743452,-82.53466552,39087.0,24,24,0,0,24,23,59866,0,0,0,0,1
2020-04-28,US,Ohio,Licking,114,5,0,40.09136236,-82.48185785,39089.0,109,110,5,0,105,108,175769,4,0,0,4,2
2020-04-28,US,Ohio,Logan,18,0,0,40.38996525,-83.76784341,39091.0,18,18,0,0,18,18,45358,0,0,0,0,0
2020-04-28,US,Ohio,Lorain,406,20,0,41.29553751,-82.15083537,39093.0,386,395,20,0,375,377,309461,11,0,0,11,18
2020-04-28,US,Ohio,Lucas,1166,66,0,41.62101218,-83.65468618,39095.0,1100,1130,61,0,1069,1104,429899,36,5,0,31,26
2020-04-28,US,Ohio,Madison,56,3,0,39.89381073,-83.40178317,39097.0,53,52,3,0,49,51,44413,4,0,0,4,1
2020-04-28,US,Ohio,Mahoning,784,67,0,41.01631101,-80.77287029,39099.0,717,764,65,0,699,737,229642,20,2,0,18,27
2020-04-28,US,Ohio,Marion,2191,4,0,40.58610662,-83.15736305,39101.0,2187,2188,4,0,2184,2178,65256,3,0,0,3,10
2020-04-28,US,Ohio,Medina,162,14,0,41.11770589,-81.89986209999998,39103.0,148,159,13,0,146,160,179146,3,1,0,2,-1
2020-04-28,US,Ohio,Meigs,2,0,0,39.09224872,-82.0305041,39105.0,2,2,0,0,2,2,23106,0,0,0,0,0
2020-04-28,US,Ohio,Mercer,18,1,0,40.54043046,-84.62912742,39107.0,17,18,1,0,17,18,40959,0,0,0,0,0
2020-04-28,US,Ohio,Miami,136,25,0,40.0543329,-84.22871271,39109.0,111,136,25,0,111,135,106222,0,0,0,0,1
2020-04-28,US,Ohio,Monroe,2,0,0,39.72984936,-81.08464734,39111.0,2,2,0,0,2,2,13790,0,0,0,0,0
2020-04-28,US,Ohio,Montgomery,266,8,0,39.75394919,-84.29050975,39113.0,258,262,8,0,254,260,532331,4,0,0,4,2
2020-04-28,US,Ohio,Morgan,4,0,0,39.62081738,-81.85308173,39115.0,4,4,0,0,4,4,14604,0,0,0,0,0
2020-04-28,US,Ohio,Morrow,36,1,0,40.52363560000001,-82.7892599,39117.0,35,34,1,0,33,34,35112,2,0,0,2,0
2020-04-28,US,Ohio,Muskingum,10,0,0,39.96575964,-81.94363275,39119.0,10,11,0,0,11,11,86183,-1,0,0,-1,0
2020-04-28,US,Ohio,Noble,5,0,0,39.76818851,-81.45937183,39121.0,5,5,0,0,5,5,14354,0,0,0,0,0
2020-04-28,US,Ohio,Ottawa,38,0,0,41.53781826,-83.0940185,39123.0,38,37,0,0,37,37,40769,1,0,0,1,0
2020-04-28,US,Ohio,Paulding,8,0,0,41.11676341,-84.5801017,39125.0,8,8,0,0,8,8,18760,0,0,0,0,0
2020-04-28,US,Ohio,Perry,13,0,0,39.73508655,-82.23804971,39127.0,13,12,0,0,12,13,36033,1,0,0,1,-1
2020-04-28,US,Ohio,Pickaway,1706,7,0,39.64170392,-83.0243386,39129.0,1699,1698,5,0,1693,1662,58086,8,2,0,6,36
2020-04-28,US,Ohio,Pike,3,0,0,39.07634001,-83.06769584,39131.0,3,3,0,0,3,3,28067,0,0,0,0,0
2020-04-28,US,Ohio,Portage,226,35,0,41.16793482,-81.19735782,39133.0,191,221,33,0,188,220,162927,5,2,0,3,1
2020-04-28,US,Ohio,Preble,25,1,0,39.7420247,-84.64787018,39135.0,24,25,1,0,24,25,40997,0,0,0,0,0
2020-04-28,US,Ohio,Putnam,63,6,0,41.02094889,-84.1336111,39137.0,57,54,5,0,49,54,33780,9,1,0,8,0
2020-04-28,US,Ohio,Richland,80,1,0,40.77180308,-82.53799609999999,39139.0,79,76,1,0,75,78,121099,4,0,0,4,-2
2020-04-28,US,Ohio,Ross,36,1,0,39.33705391,-83.06000914,39141.0,35,36,1,0,35,35,76931,0,0,0,0,1
2020-04-28,US,Ohio,Sandusky,19,4,0,41.35624126,-83.137872,39143.0,15,19,2,0,17,20,58799,0,2,0,-2,-1
2020-04-28,US,Ohio,Scioto,6,0,0,38.80270163,-82.98907345,39145.0,6,6,0,0,6,6,75502,0,0,0,0,0
2020-04-28,US,Ohio,Seneca,14,1,0,41.12351311,-83.12783209,39147.0,13,14,1,0,13,13,55207,0,0,0,0,1
2020-04-28,US,Ohio,Shelby,30,1,0,40.33163494,-84.20258189,39149.0,29,30,1,0,29,30,48627,0,0,0,0,0
2020-04-28,US,Ohio,Stark,324,36,0,40.81482476,-81.36437305,39151.0,288,312,35,0,277,310,371574,12,1,0,11,2
2020-04-28,US,Ohio,Summit,542,43,0,41.12464734,-81.53123079,39153.0,499,500,39,0,461,485,541918,42,4,0,38,15
2020-04-28,US,Ohio,Trumbull,299,27,0,41.31735028,-80.76109643,39155.0,272,295,27,0,268,293,198627,4,0,0,4,2
2020-04-28,US,Ohio,Tuscarawas,59,0,0,40.44214695,-81.47226262,39157.0,59,57,0,0,57,50,92176,2,0,0,2,7
2020-04-28,US,Ohio,Union,18,0,0,40.30016061,-83.37239023,39159.0,18,18,0,0,18,18,57835,0,0,0,0,0
2020-04-28,US,Ohio,Van Wert,3,0,0,40.8554138,-84.59111700000003,39161.0,3,3,0,0,3,3,28281,0,0,0,0,0
2020-04-28,US,Ohio,Vinton,3,0,0,39.25208988,-82.4831444,39163.0,3,,,,,,13139,,,,,
2020-04-28,US,Ohio,Warren,131,11,0,39.42581994,-84.16557457,39165.0,120,124,11,0,113,133,232173,7,0,0,7,-9
2020-04-28,US,Ohio,Washington,95,10,0,39.45690571,-81.49121382,39167.0,85,94,10,0,84,94,60155,1,0,0,1,0
2020-04-28,US,Ohio,Wayne,119,23,0,40.82925852,-81.88844833,39169.0,96,114,22,0,92,104,115967,5,1,0,4,10
2020-04-28,US,Ohio,Williams,31,1,0,41.56052014,-84.58429552,39171.0,30,29,1,0,28,29,36804,2,0,0,2,0
2020-04-28,US,Ohio,Wood,145,19,0,41.36224827,-83.62285108,39173.0,126,139,18,0,121,133,130696,6,1,0,5,6
2020-04-28,US,Ohio,Wyandot,24,2,0,40.84339621,-83.30734173,39175.0,22,24,2,0,22,24,21935,0,0,0,0,0
2020-04-28,US,Oklahoma,Adair,64,3,0,35.88494195,-94.65859267,40001.0,61,55,3,0,52,55,22082,9,0,0,9,0
2020-04-28,US,Oklahoma,Alfalfa,1,0,0,36.73090616,-98.32408495,40003.0,1,1,0,0,1,1,5754,0,0,0,0,0
2020-04-28,US,Oklahoma,Atoka,1,0,0,34.37366573,-96.03802487,40005.0,1,1,0,0,1,1,13838,0,0,0,0,0
2020-04-28,US,Oklahoma,Beaver,5,0,0,36.7496847,-100.4758872,40007.0,5,3,0,0,3,3,5319,2,0,0,2,0
2020-04-28,US,Oklahoma,Beckham,5,0,0,35.26862449,-99.68128023,40009.0,5,5,0,0,5,5,21709,0,0,0,0,0
2020-04-28,US,Oklahoma,Bryan,8,1,0,33.96472458,-96.25903472,40013.0,7,6,1,0,5,6,47192,2,0,0,2,0
2020-04-28,US,Oklahoma,Caddo,61,7,0,35.17364557,-98.37534464,40015.0,54,58,6,0,52,58,28977,3,1,0,2,0
2020-04-28,US,Oklahoma,Canadian,96,3,0,35.5426055,-97.98465569,40017.0,93,91,3,0,88,91,144447,5,0,0,5,0
2020-04-28,US,Oklahoma,Carter,2,1,0,34.25103751,-97.28552485,40019.0,1,2,1,0,1,2,48177,0,0,0,0,0
2020-04-28,US,Oklahoma,Cherokee,26,1,0,35.90692775,-94.99980896,40021.0,25,26,1,0,25,26,48675,0,0,0,0,0
2020-04-28,US,Oklahoma,Choctaw,3,0,0,34.02807439,-95.54771129,40023.0,3,3,0,0,3,3,14668,0,0,0,0,0
2020-04-28,US,Oklahoma,Cimarron,1,0,0,36.74817177,-102.5173885,40025.0,1,1,0,0,1,1,2153,0,0,0,0,0
2020-04-28,US,Oklahoma,Cleveland,410,28,0,35.20413532,-97.32519562,40027.0,382,404,27,0,377,403,281669,6,1,0,5,1
2020-04-28,US,Oklahoma,Comanche,79,1,0,34.65973764,-98.47195055,40031.0,78,79,1,0,78,79,120422,0,0,0,0,0
2020-04-28,US,Oklahoma,Cotton,5,1,0,34.28845626,-98.37053567,40033.0,4,5,1,0,4,5,5776,0,0,0,0,0
2020-04-28,US,Oklahoma,Craig,10,0,0,36.76268118,-95.20916602,40035.0,10,9,0,0,9,9,14306,1,0,0,1,0
2020-04-28,US,Oklahoma,Creek,76,6,0,35.90230551,-96.37086028,40037.0,70,76,6,0,70,76,71604,0,0,0,0,0
2020-04-28,US,Oklahoma,Custer,10,0,0,35.63853802,-99.00170785,40039.0,10,10,0,0,10,10,29036,0,0,0,0,0
2020-04-28,US,Oklahoma,Delaware,90,11,0,36.40823634,-94.80325046,40041.0,79,90,10,0,80,90,42733,0,1,0,-1,0
2020-04-28,US,Oklahoma,Dewey,2,0,0,35.98772922,-99.00730714,40043.0,2,2,0,0,2,2,4894,0,0,0,0,0
2020-04-28,US,Oklahoma,Garfield,15,1,0,36.3791334,-97.78265517,40047.0,14,11,1,0,10,11,60913,4,0,0,4,0
2020-04-28,US,Oklahoma,Garvin,13,0,0,34.70418038,-97.30811132,40049.0,13,13,0,0,13,13,27811,0,0,0,0,0
2020-04-28,US,Oklahoma,Grady,35,1,0,35.0167709,-97.88339847,40051.0,34,34,1,0,33,34,55551,1,0,0,1,0
2020-04-28,US,Oklahoma,Grant,2,0,0,36.796296999999996,-97.78638765,40053.0,2,2,0,0,2,2,4326,0,0,0,0,0
2020-04-28,US,Oklahoma,Greer,64,6,0,34.93535801,-99.56056120000001,40055.0,58,64,6,0,58,64,5821,0,0,0,0,0
2020-04-28,US,Oklahoma,Harper,1,0,0,36.78836519,-99.6679804,40059.0,1,1,0,0,1,1,3797,0,0,0,0,0
2020-04-28,US,Oklahoma,Haskell,5,0,0,35.22257600000001,-95.11513306,40061.0,5,5,0,0,5,5,12668,0,0,0,0,0
2020-04-28,US,Oklahoma,Jackson,15,0,0,34.58781741,-99.41138784,40065.0,15,15,0,0,15,15,24949,0,0,0,0,0
2020-04-28,US,Oklahoma,Jefferson,2,0,0,34.11130184,-97.83182974,40067.0,2,2,0,0,2,2,6123,0,0,0,0,0
2020-04-28,US,Oklahoma,Johnston,3,0,0,34.31440473,-96.66011537,40069.0,3,3,0,0,3,3,10949,0,0,0,0,0
2020-04-28,US,Oklahoma,Kay,47,6,0,36.81799745,-97.14421435,40071.0,41,47,6,0,41,47,44161,0,0,0,0,0
2020-04-28,US,Oklahoma,Kingfisher,8,0,0,35.94530008,-97.94193268,40073.0,8,8,0,0,8,8,15816,0,0,0,0,0
2020-04-28,US,Oklahoma,Kiowa,4,0,0,34.91671958,-98.97720696,40075.0,4,4,0,0,4,4,8729,0,0,0,0,0
2020-04-28,US,Oklahoma,Latimer,5,1,0,34.87844729,-95.25215049,40077.0,4,5,1,0,4,5,10231,0,0,0,0,0
2020-04-28,US,Oklahoma,Le Flore,10,0,0,34.89851864,-94.70392124,40079.0,10,10,0,0,10,9,49980,0,0,0,0,1
2020-04-28,US,Oklahoma,Lincoln,11,0,0,35.70270942,-96.8812462,40081.0,11,11,0,0,11,10,34920,0,0,0,0,1
2020-04-28,US,Oklahoma,Logan,13,0,0,35.91899576,-97.44352845,40083.0,13,13,0,0,13,13,47291,0,0,0,0,0
2020-04-28,US,Oklahoma,Love,2,0,0,33.95273467,-97.23906784,40085.0,2,2,0,0,2,2,10134,0,0,0,0,0
2020-04-28,US,Oklahoma,Major,3,1,0,36.31149996,-98.53467076,40093.0,2,2,1,0,1,2,7644,1,0,0,1,0
2020-04-28,US,Oklahoma,Marshall,2,0,0,34.02311222,-96.76855464,40095.0,2,2,0,0,2,2,16806,0,0,0,0,0
2020-04-28,US,Oklahoma,Mayes,21,3,0,36.30179091,-95.23175116,40097.0,18,21,3,0,18,21,41107,0,0,0,0,0
2020-04-28,US,Oklahoma,McClain,35,0,0,35.01123903,-97.44572302,40087.0,35,30,0,0,30,30,39985,5,0,0,5,0
2020-04-28,US,Oklahoma,McCurtain,8,0,0,34.11664328,-94.77222373,40089.0,8,8,0,0,8,8,32703,0,0,0,0,0
2020-04-28,US,Oklahoma,McIntosh,2,0,0,35.37235506,-95.66599306,40091.0,2,2,0,0,2,2,19815,0,0,0,0,0
2020-04-28,US,Oklahoma,Murray,1,0,0,34.48116015,-97.06826283,40099.0,1,1,0,0,1,1,13953,0,0,0,0,0
2020-04-28,US,Oklahoma,Muskogee,26,4,0,35.61318461,-95.37802952,40101.0,22,26,4,0,22,26,68362,0,0,0,0,0
2020-04-28,US,Oklahoma,Noble,6,0,0,36.38953329,-97.22928674,40103.0,6,6,0,0,6,6,11289,0,0,0,0,0
2020-04-28,US,Oklahoma,Nowata,20,0,0,36.79843529,-95.61902331,40105.0,20,20,0,0,20,20,10218,0,0,0,0,0
2020-04-28,US,Oklahoma,Okfuskee,1,0,0,35.46485198,-96.32639984,40107.0,1,1,0,0,1,1,12098,0,0,0,0,0
2020-04-28,US,Oklahoma,Oklahoma,729,29,0,35.55140095,-97.40716948,40109.0,700,703,29,0,674,696,792582,26,0,0,26,7
2020-04-28,US,Oklahoma,Okmulgee,16,0,0,35.64661916,-95.96432828,40111.0,16,16,0,0,16,16,38335,0,0,0,0,0
2020-04-28,US,Oklahoma,Osage,72,8,0,36.62888819,-96.39635704,40113.0,64,72,8,0,64,72,47014,0,0,0,0,0
2020-04-28,US,Oklahoma,Ottawa,32,1,0,36.83532655,-94.81011909,40115.0,31,29,1,0,28,29,31175,3,0,0,3,0
2020-04-28,US,Oklahoma,Pawnee,29,2,0,36.31743373,-96.70331759999999,40117.0,27,29,2,0,27,29,16390,0,0,0,0,0
2020-04-28,US,Oklahoma,Payne,44,1,0,36.07695283,-96.97584944,40119.0,43,44,1,0,43,44,82040,0,0,0,0,0
2020-04-28,US,Oklahoma,Pittsburg,27,2,0,34.92065823,-95.75134320000001,40121.0,25,25,2,0,23,25,43877,2,0,0,2,0
2020-04-28,US,Oklahoma,Pontotoc,10,1,0,34.72959848,-96.68337199,40123.0,9,10,1,0,9,10,38247,0,0,0,0,0
2020-04-28,US,Oklahoma,Pottawatomie,43,4,0,35.20614018,-96.94923008,40125.0,39,42,4,0,38,40,72679,1,0,0,1,2
2020-04-28,US,Oklahoma,Pushmataha,1,0,0,34.41635232,-95.37603505,40127.0,1,1,0,0,1,,11179,0,0,0,0,
2020-04-28,US,Oklahoma,Rogers,50,3,0,36.37004357,-95.60406759,40131.0,47,47,3,0,44,47,91984,3,0,0,3,0
2020-04-28,US,Oklahoma,Seminole,10,1,0,35.16478725,-96.61686741,40133.0,9,8,1,0,7,8,24578,2,0,0,2,0
2020-04-28,US,Oklahoma,Sequoyah,12,3,0,35.49447108,-94.75463785,40135.0,9,12,3,0,9,12,41179,0,0,0,0,0
2020-04-28,US,Oklahoma,Stephens,22,1,0,34.48556989,-97.85141892,40137.0,21,20,1,0,19,20,43265,2,0,0,2,0
2020-04-28,US,Oklahoma,Texas,107,1,0,36.74777635,-101.4889765,40139.0,106,85,1,0,84,73,20455,22,0,0,22,12
2020-04-28,US,Oklahoma,Tillman,1,0,0,34.37288446,-98.92426619,40141.0,1,1,0,0,1,1,7348,0,0,0,0,0
2020-04-28,US,Oklahoma,Tulsa,506,32,0,36.11939621,-95.94013939,40143.0,474,490,28,0,462,491,648360,16,4,0,12,-1
2020-04-28,US,Oklahoma,Wagoner,116,14,0,35.96024096,-95.51911308,40145.0,102,115,14,0,101,114,80110,1,0,0,1,1
2020-04-28,US,Oklahoma,Washington,244,18,0,36.71380786,-95.90514104,40147.0,226,231,15,0,216,229,51843,13,3,0,10,2
2020-04-28,US,Oklahoma,Woods,3,0,0,36.76705782,-98.86573064,40151.0,3,3,0,0,3,3,8897,0,0,0,0,0
2020-04-28,US,Oklahoma,Woodward,1,0,0,36.42316318,-99.26283045,40153.0,1,1,0,0,1,1,20222,0,0,0,0,0
2020-04-28,US,Oregon,Benton,29,5,0,44.49167306,-123.4316987,41003.0,24,29,5,0,24,29,92101,0,0,0,0,0
2020-04-28,US,Oregon,Clackamas,205,7,0,45.18787398,-122.2179634,41005.0,198,204,6,0,198,204,416075,1,1,0,0,0
2020-04-28,US,Oregon,Clatsop,6,0,0,45.99712889,-123.660711,41007.0,6,6,0,0,6,6,39764,0,0,0,0,0
2020-04-28,US,Oregon,Columbia,14,0,0,45.94464254,-123.08908980000001,41009.0,14,14,0,0,14,14,52377,0,0,0,0,0
2020-04-28,US,Oregon,Coos,15,0,0,43.17406868,-124.0594514,41011.0,15,14,0,0,14,12,64389,1,0,0,1,2
2020-04-28,US,Oregon,Crook,1,0,0,44.14230227,-120.356297,41013.0,1,1,0,0,1,1,23867,0,0,0,0,0
2020-04-28,US,Oregon,Curry,4,0,0,42.45911325,-124.15728200000001,41015.0,4,4,0,0,4,4,22813,0,0,0,0,0
2020-04-28,US,Oregon,Deschutes,75,0,0,43.91570171,-121.2289121,41017.0,75,75,0,0,75,73,191996,0,0,0,0,2
2020-04-28,US,Oregon,Douglas,23,0,0,43.27941273,-123.16729099999999,41019.0,23,23,0,0,23,23,110283,0,0,0,0,0
2020-04-28,US,Oregon,Grant,1,0,0,44.49024544,-119.0068631,41023.0,1,1,0,0,1,1,7176,0,0,0,0,0
2020-04-28,US,Oregon,Harney,1,0,0,43.06422669,-118.96663059999999,41025.0,1,,,,,,7329,,,,,
2020-04-28,US,Oregon,Hood River,5,0,0,45.51872811,-121.65520359999998,41027.0,5,5,0,0,5,5,23428,0,0,0,0,0
2020-04-28,US,Oregon,Jackson,49,0,0,42.43201126,-122.72893090000001,41029.0,49,49,0,0,49,49,219564,0,0,0,0,0
2020-04-28,US,Oregon,Jefferson,6,0,0,44.62806839,-121.17832,41031.0,6,6,0,0,6,6,24192,0,0,0,0,0
2020-04-28,US,Oregon,Josephine,20,1,0,42.3665549,-123.5561938,41033.0,19,20,1,0,19,20,87393,0,0,0,0,0
2020-04-28,US,Oregon,Klamath,37,0,0,42.68762984,-121.64964609999998,41035.0,37,36,0,0,36,36,67653,1,0,0,1,0
2020-04-28,US,Oregon,Lane,50,2,0,43.93727035,-122.847753,41039.0,48,50,2,0,48,50,379611,0,0,0,0,0
2020-04-28,US,Oregon,Lincoln,5,0,0,44.64252874,-123.86991200000001,41041.0,5,5,0,0,5,5,49388,0,0,0,0,0
2020-04-28,US,Oregon,Linn,81,7,0,44.48899494,-122.53731540000001,41043.0,74,79,7,0,72,74,127335,2,0,0,2,5
2020-04-28,US,Oregon,Malheur,7,0,0,43.1937027,-117.62273950000001,41045.0,7,7,0,0,7,6,30725,0,0,0,0,1
2020-04-28,US,Oregon,Marion,456,17,0,44.90287942,-122.58151170000001,41047.0,439,447,15,0,432,436,346868,9,2,0,7,11
2020-04-28,US,Oregon,Morrow,6,0,0,45.41846568,-119.584546,41049.0,6,5,0,0,5,5,11372,1,0,0,1,0
2020-04-28,US,Oregon,Multnomah,677,40,0,45.54747959,-122.4169351,41051.0,637,664,37,0,627,652,811880,13,3,0,10,12
2020-04-28,US,Oregon,Polk,38,1,0,44.90322804,-123.4128888,41053.0,37,38,1,0,37,38,85234,0,0,0,0,0
2020-04-28,US,Oregon,Sherman,1,0,0,45.41501554,-120.6827834,41055.0,1,1,0,0,1,1,1708,0,0,0,0,0
2020-04-28,US,Oregon,Tillamook,6,0,0,45.46248721,-123.712066,41057.0,6,6,0,0,6,6,26787,0,0,0,0,0
2020-04-28,US,Oregon,Umatilla,37,0,0,45.59073056,-118.7353826,41059.0,37,36,0,0,36,36,77516,1,0,0,1,0
2020-04-28,US,Oregon,Union,4,0,0,45.30915495,-118.0068979,41061.0,4,4,0,0,4,4,26461,0,0,0,0,0
2020-04-28,US,Oregon,Wallowa,1,0,0,45.57894064,-117.18353799999998,41063.0,1,1,0,0,1,1,7081,0,0,0,0,0
2020-04-28,US,Oregon,Wasco,13,1,0,45.16292781,-121.16709540000001,41065.0,12,12,1,0,11,12,26505,1,0,0,1,0
2020-04-28,US,Oregon,Washington,474,11,0,45.55972701,-123.0955257,41067.0,463,475,11,0,464,466,597695,-1,0,0,-1,9
2020-04-28,US,Oregon,Yamhill,38,7,0,45.23330449,-123.3086963,41071.0,31,37,6,0,31,36,107002,1,1,0,0,1
2020-04-28,US,Pennsylvania,Adams,124,1,0,39.87140411,-77.21610347,42001.0,123,122,1,0,121,117,102811,2,0,0,2,5
2020-04-28,US,Pennsylvania,Allegheny,1235,87,0,40.46809875,-79.98167747,42003.0,1148,1224,79,0,1145,1211,1218452,11,8,0,3,13
2020-04-28,US,Pennsylvania,Armstrong,50,2,0,40.81665618,-79.46290811,42005.0,48,47,2,0,45,46,65263,3,0,0,3,1
2020-04-28,US,Pennsylvania,Beaver,388,59,0,40.6825484,-80.34921611,42007.0,329,387,46,0,341,366,164742,1,13,0,-12,21
2020-04-28,US,Pennsylvania,Bedford,22,1,0,40.00522157,-78.48998442,42009.0,21,21,1,0,20,21,48176,1,0,0,1,0
2020-04-28,US,Pennsylvania,Berks,2605,91,0,40.41570541,-75.92457766,42011.0,2514,2526,89,0,2437,2491,420152,79,2,0,77,35
2020-04-28,US,Pennsylvania,Blair,21,0,0,40.47961444,-78.34917412,42013.0,21,21,0,0,21,21,122492,0,0,0,0,0
2020-04-28,US,Pennsylvania,Bradford,28,2,0,41.78869215,-76.51570822,42015.0,26,28,2,0,26,28,60833,0,0,0,0,0
2020-04-28,US,Pennsylvania,Bucks,2675,168,0,40.33682119,-75.10836643,42017.0,2507,2585,148,0,2437,2541,628195,90,20,0,70,44
2020-04-28,US,Pennsylvania,Butler,174,6,0,40.91152759,-79.91351055,42019.0,168,170,6,0,164,170,187888,4,0,0,4,0
2020-04-28,US,Pennsylvania,Cambria,22,1,0,40.49527404,-78.71377428,42021.0,21,21,1,0,20,21,131730,1,0,0,1,0
2020-04-28,US,Pennsylvania,Cameron,1,0,0,41.43625568,-78.20376845,42023.0,1,1,0,0,1,1,4492,0,0,0,0,0
2020-04-28,US,Pennsylvania,Carbon,169,13,0,40.91545395,-75.7068525,42025.0,156,164,12,0,152,163,64227,5,1,0,4,1
2020-04-28,US,Pennsylvania,Centre,93,1,0,40.92058903,-77.82200624,42027.0,92,87,1,0,86,81,162805,6,0,0,6,6
2020-04-28,US,Pennsylvania,Chester,1256,85,0,39.97291773,-75.74768357,42029.0,1171,1214,81,0,1133,1177,522046,42,4,0,38,37
2020-04-28,US,Pennsylvania,Clarion,23,1,0,41.19265812,-79.42413524,42031.0,22,22,1,0,21,22,38779,1,0,0,1,0
2020-04-28,US,Pennsylvania,Clearfield,11,0,0,41.00110782,-78.47592663,42033.0,11,11,0,0,11,11,79388,0,0,0,0,0
2020-04-28,US,Pennsylvania,Clinton,29,0,0,41.23255967,-77.63785995,42035.0,29,25,0,0,25,21,38684,4,0,0,4,4
2020-04-28,US,Pennsylvania,Columbia,279,8,0,41.04821986,-76.40565017,42037.0,271,277,7,0,270,269,65456,2,1,0,1,8
2020-04-28,US,Pennsylvania,Crawford,19,0,0,41.68447709,-80.10760592,42039.0,19,19,0,0,19,19,85063,0,0,0,0,0
2020-04-28,US,Pennsylvania,Cumberland,296,10,0,40.1625372,-77.26130755,42041.0,286,282,9,0,273,267,251423,14,1,0,13,15
2020-04-28,US,Pennsylvania,Dauphin,553,20,0,40.41377078,-76.77993242,42043.0,533,529,21,0,508,519,277097,24,-1,0,25,10
2020-04-28,US,Pennsylvania,Delaware,3463,161,0,39.91680171,-75.40243663,42045.0,3302,3361,142,0,3219,3281,564751,102,19,0,83,80
2020-04-28,US,Pennsylvania,Elk,3,0,0,41.42822061,-78.64524744,42047.0,3,3,0,0,3,3,30169,0,0,0,0,0
2020-04-28,US,Pennsylvania,Erie,86,2,0,41.99253829,-80.03301954,42049.0,84,82,2,0,80,77,272061,4,0,0,4,5
2020-04-28,US,Pennsylvania,Fayette,79,4,0,39.92041012,-79.64291195,42051.0,75,79,4,0,75,79,130441,0,0,0,0,0
2020-04-28,US,Pennsylvania,Forest,7,0,0,41.51095103,-79.23229292,42053.0,7,7,0,0,7,7,7279,0,0,0,0,0
2020-04-28,US,Pennsylvania,Franklin,237,4,0,39.92956518,-77.72157791,42055.0,233,227,2,0,225,205,154835,10,2,0,8,22
2020-04-28,US,Pennsylvania,Fulton,3,0,0,39.92913544,-78.11163677,42057.0,3,3,0,0,3,3,14523,0,0,0,0,0
2020-04-28,US,Pennsylvania,Greene,26,0,0,39.85746531,-80.22357106,42059.0,26,25,0,0,25,25,36506,1,0,0,1,0
2020-04-28,US,Pennsylvania,Huntingdon,26,0,0,40.42162652,-77.97673273,42061.0,26,24,0,0,24,22,45168,2,0,0,2,2
2020-04-28,US,Pennsylvania,Indiana,62,4,0,40.65241041,-79.08963285,42063.0,58,63,4,0,59,63,84501,-1,0,0,-1,0
2020-04-28,US,Pennsylvania,Jefferson,4,0,0,41.12913106,-78.9986361,42065.0,4,4,0,0,4,4,43641,0,0,0,0,0
2020-04-28,US,Pennsylvania,Juniata,81,0,0,40.53358749,-77.39975129999998,42067.0,81,79,0,0,79,78,24704,2,0,0,2,1
2020-04-28,US,Pennsylvania,Lackawanna,854,71,0,41.43564672,-75.60379201,42069.0,783,833,63,0,770,793,210793,21,8,0,13,40
2020-04-28,US,Pennsylvania,Lancaster,1678,164,0,40.03904563,-76.24770128,42071.0,1514,1633,152,0,1481,1577,543557,45,12,0,33,56
2020-04-28,US,Pennsylvania,Lawrence,63,5,0,40.99206278,-80.33393706,42073.0,58,63,5,0,58,61,86184,0,0,0,0,2
2020-04-28,US,Pennsylvania,Lebanon,635,8,0,40.36680311,-76.45651841,42075.0,627,621,7,0,614,612,141314,14,1,0,13,9
2020-04-28,US,Pennsylvania,Lehigh,2685,64,0,40.6154815,-75.59435245,42077.0,2621,2636,56,0,2580,2601,368100,49,8,0,41,35
2020-04-28,US,Pennsylvania,Luzerne,2078,74,0,41.17823008,-75.98447579,42079.0,2004,2035,71,0,1964,2008,317646,43,3,0,40,27
2020-04-28,US,Pennsylvania,Lycoming,58,0,0,41.34310539,-77.06629984,42081.0,58,57,0,0,57,55,113664,1,0,0,1,2
2020-04-28,US,Pennsylvania,McKean,5,0,0,41.80938602,-78.56478358,42083.0,5,5,0,0,5,5,40968,0,0,0,0,0
2020-04-28,US,Pennsylvania,Mercer,66,1,0,41.30248872,-80.25816981,42085.0,65,65,1,0,64,65,110683,1,0,0,1,0
2020-04-28,US,Pennsylvania,Mifflin,34,0,0,40.61116939,-77.61070738,42087.0,34,30,0,0,30,27,46222,4,0,0,4,3
2020-04-28,US,Pennsylvania,Monroe,1097,48,0,41.05934058,-75.34031025,42089.0,1049,1083,46,0,1037,1065,169507,14,2,0,12,18
2020-04-28,US,Pennsylvania,Montgomery,4043,249,0,40.21053671,-75.36652296,42091.0,3794,3817,232,0,3585,3733,828604,226,17,0,209,84
2020-04-28,US,Pennsylvania,Montour,47,0,0,41.03023987,-76.66345939,42093.0,47,48,0,0,48,47,18240,-1,0,0,-1,1
2020-04-28,US,Pennsylvania,Northampton,1970,55,0,40.75182733,-75.30471829,42095.0,1915,1834,49,0,1785,1813,304807,136,6,0,130,21
2020-04-28,US,Pennsylvania,Northumberland,92,0,0,40.84785433,-76.70798222,42097.0,92,90,0,0,90,90,91083,2,0,0,2,0
2020-04-28,US,Pennsylvania,Perry,27,1,0,40.40206612,-77.26297447,42099.0,26,26,1,0,25,26,46139,1,0,0,1,0
2020-04-28,US,Pennsylvania,Philadelphia,13445,516,0,40.00338507,-75.1379271,42101.0,12929,12868,484,0,12384,12566,1584138,577,32,0,545,302
2020-04-28,US,Pennsylvania,Pike,362,12,0,41.33155042,-75.03208106,42103.0,350,352,12,0,340,349,55933,10,0,0,10,3
2020-04-28,US,Pennsylvania,Potter,4,0,0,41.74471626,-77.89559864,42105.0,4,4,0,0,4,4,16622,0,0,0,0,0
2020-04-28,US,Pennsylvania,Schuylkill,330,5,0,40.70497338,-76.2150785,42107.0,325,324,5,0,319,321,142067,6,0,0,6,3
2020-04-28,US,Pennsylvania,Snyder,33,1,0,40.77129231,-77.06840691,42109.0,32,33,1,0,32,33,40540,0,0,0,0,0
2020-04-28,US,Pennsylvania,Somerset,26,0,0,39.97172723,-79.02699593,42111.0,26,25,0,0,25,25,73952,1,0,0,1,0
2020-04-28,US,Pennsylvania,Sullivan,1,0,0,41.44634738,-76.51246591,42113.0,1,1,0,0,1,1,6071,0,0,0,0,0
2020-04-28,US,Pennsylvania,Susquehanna,82,4,0,41.82147784,-75.80071959,42115.0,78,81,4,0,77,79,40589,1,0,0,1,2
2020-04-28,US,Pennsylvania,Tioga,14,1,0,41.77255149,-77.25433032,42117.0,13,14,1,0,13,14,40763,0,0,0,0,0
2020-04-28,US,Pennsylvania,Union,33,0,0,40.96188846,-77.05996014,42119.0,33,31,0,0,31,31,44785,2,0,0,2,0
2020-04-28,US,Pennsylvania,Venango,7,0,0,41.40323442,-79.75845449,42121.0,7,7,0,0,7,7,51266,0,0,0,0,0
2020-04-28,US,Pennsylvania,Warren,1,0,0,41.81304978,-79.26969577,42123.0,1,1,0,0,1,1,39498,0,0,0,0,0
2020-04-28,US,Pennsylvania,Washington,109,2,0,40.19208869,-80.24582867,42125.0,107,107,2,0,105,101,207346,2,0,0,2,6
2020-04-28,US,Pennsylvania,Wayne,93,3,0,41.64938475,-75.29956506,42127.0,90,93,3,0,90,92,51276,0,0,0,0,1
2020-04-28,US,Pennsylvania,Westmoreland,383,20,0,40.31377979999999,-79.46615476,42129.0,363,377,19,0,358,374,350611,6,1,0,5,3
2020-04-28,US,Pennsylvania,Wyoming,18,2,0,41.51955538,-76.01074915,42131.0,16,18,2,0,16,17,27046,0,0,0,0,1
2020-04-28,US,Pennsylvania,York,614,9,0,39.9210089,-76.73040131,42133.0,605,606,9,0,597,593,448273,8,0,0,8,13
2020-04-28,US,Rhode Island,Bristol,115,0,0,41.71018079,-71.28652315,44001.0,115,115,0,0,115,111,48649,0,0,0,0,4
2020-04-28,US,Rhode Island,Kent,574,0,0,41.67106337,-71.57641596,44003.0,574,565,0,0,565,526,163861,9,0,0,9,39
2020-04-28,US,Rhode Island,Newport,138,0,0,41.5642026,-71.26569799,44005.0,138,138,0,0,138,135,82542,0,0,0,0,3
2020-04-28,US,Rhode Island,Providence,5520,0,0,41.87064746,-71.57753536,44007.0,5520,5427,0,0,5427,5266,636084,93,0,0,93,161
2020-04-28,US,Rhode Island,Unassigned,1267,239,0,0.0,0.0,90044.0,1028,1160,233,0,927,1109,,107,6,0,101,51
2020-04-28,US,Rhode Island,Washington,313,0,0,41.45961631,-71.61435303,44009.0,313,303,0,0,303,292,126179,10,0,0,10,11
2020-04-28,US,South Carolina,Abbeville,29,0,0,34.22333378,-82.46170658,45001.0,29,29,0,0,29,27,24541,0,0,0,0,2
2020-04-28,US,South Carolina,Aiken,94,6,0,33.54338026,-81.63645384,45003.0,88,92,6,0,86,89,169401,2,0,0,2,3
2020-04-28,US,South Carolina,Allendale,10,1,0,32.98837386,-81.35321066,45005.0,9,8,1,0,7,8,8903,2,0,0,2,0
2020-04-28,US,South Carolina,Anderson,152,6,0,34.51828081,-82.63959517,45007.0,146,149,6,0,143,145,200482,3,0,0,3,4
2020-04-28,US,South Carolina,Bamberg,9,0,0,33.21927586,-81.05659969,45009.0,9,8,0,0,8,8,14275,1,0,0,1,0
2020-04-28,US,South Carolina,Barnwell,17,0,0,33.26679302,-81.43584352,45011.0,17,15,0,0,15,15,21112,2,0,0,2,0
2020-04-28,US,South Carolina,Beaufort,259,10,0,32.39226291,-80.72619758,45013.0,249,254,10,0,244,255,188715,5,0,0,5,-1
2020-04-28,US,South Carolina,Berkeley,174,9,0,33.20222596,-79.94654523,45015.0,165,171,8,0,163,181,221091,3,1,0,2,-10
2020-04-28,US,South Carolina,Calhoun,6,1,0,33.66926881,-80.77722168,45017.0,5,6,1,0,5,6,14520,0,0,0,0,0
2020-04-28,US,South Carolina,Charleston,438,7,0,32.82487866,-79.96512315,45019.0,431,435,6,0,429,436,405905,3,1,0,2,-1
2020-04-28,US,South Carolina,Cherokee,15,0,0,35.05122251,-81.61828622,45021.0,15,15,0,0,15,14,57078,0,0,0,0,1
2020-04-28,US,South Carolina,Chester,27,0,0,34.69249168,-81.1583216,45023.0,27,27,0,0,27,27,32251,0,0,0,0,0
2020-04-28,US,South Carolina,Chesterfield,47,0,0,34.64137396,-80.15640140000002,45025.0,47,46,0,0,46,44,45754,1,0,0,1,2
2020-04-28,US,South Carolina,Clarendon,194,14,0,33.66610974,-80.21647898,45027.0,180,185,12,0,173,181,33700,9,2,0,7,4
2020-04-28,US,South Carolina,Colleton,26,4,0,32.87582989,-80.67641292,45029.0,22,26,4,0,22,26,37660,0,0,0,0,0
2020-04-28,US,South Carolina,Darlington,110,2,0,34.33358335,-79.96027485,45031.0,108,107,1,0,106,104,66802,3,1,0,2,3
2020-04-28,US,South Carolina,Dillon,44,0,0,34.39007791,-79.37741872,45033.0,44,44,0,0,44,41,30599,0,0,0,0,3
2020-04-28,US,South Carolina,Dorchester,91,2,0,33.0794369,-80.40502652,45035.0,89,92,2,0,90,90,160647,-1,0,0,-1,2
2020-04-28,US,South Carolina,Edgefield,26,1,0,33.77221995,-81.96231108,45037.0,25,25,1,0,24,24,27052,1,0,0,1,1
2020-04-28,US,South Carolina,Fairfield,33,2,0,34.39287073,-81.1195624,45039.0,31,33,2,0,31,33,22402,0,0,0,0,0
2020-04-28,US,South Carolina,Florence,273,10,0,34.02361754,-79.70189312,45041.0,263,268,10,0,258,265,138159,5,0,0,5,3
2020-04-28,US,South Carolina,Georgetown,40,2,0,33.43443342,-79.33202141,45043.0,38,39,2,0,37,39,62249,1,0,0,1,0
2020-04-28,US,South Carolina,Greenville,661,22,0,34.89502264,-82.37295012,45045.0,639,649,20,0,629,609,514213,12,2,0,10,40
2020-04-28,US,South Carolina,Greenwood,46,0,0,34.15272415,-82.12715789,45047.0,46,45,0,0,45,44,70741,1,0,0,1,1
2020-04-28,US,South Carolina,Hampton,22,0,0,32.77419582,-81.13845571,45049.0,22,22,0,0,22,21,19351,0,0,0,0,1
2020-04-28,US,South Carolina,Horry,211,15,0,33.9212828,-78.99555293,45051.0,196,209,12,0,197,203,344147,2,3,0,-1,6
2020-04-28,US,South Carolina,Jasper,19,1,0,32.43171982,-81.02487495,45053.0,18,19,1,0,18,19,28971,0,0,0,0,0
2020-04-28,US,South Carolina,Kershaw,229,10,0,34.33988254,-80.58763164,45055.0,219,223,10,0,213,218,65592,6,0,0,6,5
2020-04-28,US,South Carolina,Lancaster,90,4,0,34.68270843,-80.70513032,45057.0,86,88,3,0,85,87,95380,2,1,0,1,1
2020-04-28,US,South Carolina,Laurens,38,1,0,34.48244419,-82.00490796,45059.0,37,35,1,0,34,29,66994,3,0,0,3,6
2020-04-28,US,South Carolina,Lee,58,7,0,34.16393091,-80.25690731,45061.0,51,55,6,0,49,51,17142,3,1,0,2,4
2020-04-28,US,South Carolina,Lexington,347,12,0,33.89665987,-81.27146426,45063.0,335,334,12,0,322,329,295032,13,0,0,13,5
2020-04-28,US,South Carolina,Marion,32,1,0,34.07859748,-79.36400756,45067.0,31,33,1,0,32,32,31039,-1,0,0,-1,1
2020-04-28,US,South Carolina,Marlboro,42,0,0,34.59905577,-79.67561152,45069.0,42,41,0,0,41,40,26398,1,0,0,1,1
2020-04-28,US,South Carolina,McCormick,6,1,0,33.90161443,-82.30794338,45065.0,5,6,1,0,5,6,9410,0,0,0,0,0
2020-04-28,US,South Carolina,Newberry,23,1,0,34.28629098,-81.59935761,45071.0,22,23,1,0,22,23,38520,0,0,0,0,0
2020-04-28,US,South Carolina,Oconee,24,0,0,34.75225169,-83.06742317,45073.0,24,24,0,0,24,22,78374,0,0,0,0,2
2020-04-28,US,South Carolina,Orangeburg,63,1,0,33.4391073,-80.79886287,45075.0,62,60,1,0,59,61,86934,3,0,0,3,-1
2020-04-28,US,South Carolina,Pickens,54,0,0,34.88807695,-82.72791551,45077.0,54,53,0,0,53,49,124937,1,0,0,1,4
2020-04-28,US,South Carolina,Richland,864,21,0,34.01791263,-80.90267209,45079.0,843,840,19,0,821,837,414576,24,2,0,22,3
2020-04-28,US,South Carolina,Saluda,41,0,0,34.00795823,-81.72713237,45081.0,41,40,0,0,40,35,20544,1,0,0,1,5
2020-04-28,US,South Carolina,Spartanburg,258,8,0,34.92960077,-81.99225984,45083.0,250,255,8,0,247,249,313888,3,0,0,3,6
2020-04-28,US,South Carolina,Sumter,220,7,0,33.91826534,-80.37942316,45085.0,213,215,6,0,209,214,106512,5,1,0,4,1
2020-04-28,US,South Carolina,Union,25,0,0,34.68835752,-81.61730349,45087.0,25,25,0,0,25,25,27410,0,0,0,0,0
2020-04-28,US,South Carolina,Williamsburg,60,0,0,33.62190129,-79.72767442,45089.0,60,59,0,0,59,56,30606,1,0,0,1,3
2020-04-28,US,South Carolina,York,188,3,0,34.97281497,-81.18085944,45091.0,185,186,3,0,183,181,274118,2,0,0,2,5
2020-04-28,US,South Dakota,Aurora,1,0,0,43.71757685,-98.56050467,46003.0,1,1,0,0,1,1,2801,0,0,0,0,0
2020-04-28,US,South Dakota,Beadle,21,2,0,44.41464384,-98.27858469,46005.0,19,21,2,0,19,21,18883,0,0,0,0,0
2020-04-28,US,South Dakota,Bon Homme,4,0,0,42.98914167,-97.88592746,46009.0,4,4,0,0,4,4,6980,0,0,0,0,0
2020-04-28,US,South Dakota,Brookings,12,0,0,44.36974375,-96.79079945,46011.0,12,12,0,0,12,11,35232,0,0,0,0,1
2020-04-28,US,South Dakota,Brown,30,0,0,45.58994323,-98.35165355,46013.0,30,30,0,0,30,30,39316,0,0,0,0,0
2020-04-28,US,South Dakota,Buffalo,1,0,0,44.07657829,-99.20814467,46017.0,1,,,,,,2036,,,,,
2020-04-28,US,South Dakota,Charles Mix,4,0,0,43.20660134,-98.58856175,46023.0,4,4,0,0,4,4,9338,0,0,0,0,0
2020-04-28,US,South Dakota,Clark,1,0,0,44.85834507,-97.72925109,46025.0,1,1,0,0,1,1,3739,0,0,0,0,0
2020-04-28,US,South Dakota,Clay,5,0,0,42.91296147,-96.97656917,46027.0,5,5,0,0,5,5,14041,0,0,0,0,0
2020-04-28,US,South Dakota,Codington,14,0,0,44.97788119,-97.18827677,46029.0,14,14,0,0,14,14,28015,0,0,0,0,0
2020-04-28,US,South Dakota,Corson,1,0,0,45.70889983,-101.1970473,46031.0,1,1,0,0,1,1,4165,0,0,0,0,0
2020-04-28,US,South Dakota,Davison,5,0,0,43.67490933,-98.14458906,46035.0,5,5,0,0,5,5,19790,0,0,0,0,0
2020-04-28,US,South Dakota,Deuel,1,0,0,44.75994309,-96.66943645,46039.0,1,1,0,0,1,1,4337,0,0,0,0,0
2020-04-28,US,South Dakota,Douglas,1,0,0,43.38520741,-98.36978007,46043.0,1,,,,,,2935,,,,,
2020-04-28,US,South Dakota,Fall River,1,0,0,43.23929297,-103.5275691,46047.0,1,1,0,0,1,1,6758,0,0,0,0,0
2020-04-28,US,South Dakota,Faulk,1,0,0,45.07082625,-99.14535601,46049.0,1,1,0,0,1,1,2330,0,0,0,0,0
2020-04-28,US,South Dakota,Hamlin,2,0,0,44.67385954,-97.18829593,46057.0,2,2,0,0,2,2,6111,0,0,0,0,0
2020-04-28,US,South Dakota,Hand,1,0,0,44.54708407,-99.00386459,46059.0,1,1,0,0,1,1,3262,0,0,0,0,0
2020-04-28,US,South Dakota,Hughes,7,0,0,44.39091534,-99.99661148,46065.0,7,7,0,0,7,7,17650,0,0,0,0,0
2020-04-28,US,South Dakota,Hutchinson,3,0,0,43.33449012,-97.75536441,46067.0,3,3,0,0,3,3,7380,0,0,0,0,0
2020-04-28,US,South Dakota,Hyde,1,0,0,44.54747703,-99.48572582,46069.0,1,1,0,0,1,1,1282,0,0,0,0,0
2020-04-28,US,South Dakota,Jerauld,6,1,0,44.06637798,-98.62965972,46073.0,5,6,1,0,5,6,2043,0,0,0,0,0
2020-04-28,US,South Dakota,Lake,4,0,0,44.02193107,-97.12926365,46079.0,4,4,0,0,4,4,13057,0,0,0,0,0
2020-04-28,US,South Dakota,Lawrence,9,0,0,44.35919441,-103.79294279999999,46081.0,9,9,0,0,9,9,25741,0,0,0,0,0
2020-04-28,US,South Dakota,Lincoln,133,0,0,43.27841182,-96.72039050000001,46083.0,133,131,0,0,131,128,58807,2,0,0,2,3
2020-04-28,US,South Dakota,Lyman,2,0,0,43.89522709,-99.85201878,46085.0,2,2,0,0,2,2,3821,0,0,0,0,0
2020-04-28,US,South Dakota,Marshall,1,0,0,45.75870838,-97.59855639,46091.0,1,1,0,0,1,1,5112,0,0,0,0,0
2020-04-28,US,South Dakota,McCook,4,1,0,43.6742571,-97.36863144,46087.0,3,4,1,0,3,4,5546,0,0,0,0,0
2020-04-28,US,South Dakota,McPherson,1,0,0,45.76626028,-99.22118798,46089.0,1,1,0,0,1,1,2407,0,0,0,0,0
2020-04-28,US,South Dakota,Meade,1,0,0,44.56676791,-102.71627409999999,46093.0,1,1,0,0,1,1,28294,0,0,0,0,0
2020-04-28,US,South Dakota,Miner,1,0,0,44.02197882,-97.60992207,46097.0,1,1,0,0,1,1,2213,0,0,0,0,0
2020-04-28,US,South Dakota,Minnehaha,1939,6,0,43.67441641,-96.7910885,46099.0,1933,1880,6,0,1874,1854,192876,59,0,0,59,26
2020-04-28,US,South Dakota,Moody,3,0,0,44.02266214,-96.67081159,46101.0,3,3,0,0,3,3,6579,0,0,0,0,0
2020-04-28,US,South Dakota,Oglala Lakota,1,0,0,43.33749164,-102.55554980000001,46102.0,1,1,0,0,1,1,14309,0,0,0,0,0
2020-04-28,US,South Dakota,Pennington,12,1,0,44.0025835,-102.8240777,46103.0,11,12,1,0,11,12,111729,0,0,0,0,0
2020-04-28,US,South Dakota,Roberts,4,0,0,45.62975048,-96.94672673,46109.0,4,4,0,0,4,4,10447,0,0,0,0,0
2020-04-28,US,South Dakota,Sanborn,3,0,0,44.02351092,-98.09098159999999,46111.0,3,3,0,0,3,3,2429,0,0,0,0,0
2020-04-28,US,South Dakota,Spink,3,0,0,44.93837606,-98.34626602,46115.0,3,3,0,0,3,3,6495,0,0,0,0,0
2020-04-28,US,South Dakota,Stanley,6,0,0,44.41381872,-100.7349153,46117.0,6,2,0,0,2,1,3022,4,0,0,4,1
2020-04-28,US,South Dakota,Sully,1,0,0,44.71571812,-100.1278092,46119.0,1,1,0,0,1,1,1392,0,0,0,0,0
2020-04-28,US,South Dakota,Todd,1,0,0,43.19338568,-100.71955030000001,46121.0,1,1,0,0,1,1,10283,0,0,0,0,0
2020-04-28,US,South Dakota,Turner,15,0,0,43.3109081,-97.14865776,46125.0,15,15,0,0,15,15,8424,0,0,0,0,0
2020-04-28,US,South Dakota,Union,14,0,0,42.83112163,-96.6557828,46127.0,14,12,0,0,12,12,15619,2,0,0,2,0
2020-04-28,US,South Dakota,Walworth,5,0,0,45.43019636,-100.03075140000001,46129.0,5,5,0,0,5,5,5587,0,0,0,0,0
2020-04-28,US,South Dakota,Yankton,27,0,0,43.00924485,-97.39467635,46135.0,27,27,0,0,27,26,22869,0,0,0,0,1
2020-04-28,US,Tennessee,Anderson,24,1,0,36.12684348,-84.19965764,47001.0,23,24,1,0,23,25,76482,0,0,0,0,-1
2020-04-28,US,Tennessee,Bedford,167,2,0,35.51123746,-86.45549096,47003.0,165,165,2,0,163,159,49038,2,0,0,2,6
2020-04-28,US,Tennessee,Benton,6,1,0,36.07110411,-88.06849355,47005.0,5,6,1,0,5,6,16184,0,0,0,0,0
2020-04-28,US,Tennessee,Bledsoe,589,0,0,35.59942968,-85.20611967,47007.0,589,588,0,0,588,588,14755,1,0,0,1,0
2020-04-28,US,Tennessee,Blount,55,3,0,35.68938198,-83.92847788,47009.0,52,54,3,0,51,53,131349,1,0,0,1,1
2020-04-28,US,Tennessee,Bradley,46,1,0,35.15739424,-84.857186,47011.0,45,45,1,0,44,43,106727,1,0,0,1,2
2020-04-28,US,Tennessee,Campbell,14,1,0,36.40355516,-84.15108559999999,47013.0,13,14,1,0,13,14,39583,0,0,0,0,0
2020-04-28,US,Tennessee,Cannon,11,0,0,35.80990797,-86.05738983,47015.0,11,11,0,0,11,10,14462,0,0,0,0,1
2020-04-28,US,Tennessee,Carroll,18,1,0,35.97366108,-88.45189331,47017.0,17,16,1,0,15,16,28020,2,0,0,2,0
2020-04-28,US,Tennessee,Carter,12,1,0,36.28969086,-82.12588974,47019.0,11,12,1,0,11,12,56351,0,0,0,0,0
2020-04-28,US,Tennessee,Cheatham,42,0,0,36.26136216,-87.08903581,47021.0,42,39,0,0,39,36,40439,3,0,0,3,3
2020-04-28,US,Tennessee,Chester,10,0,0,35.42527478,-88.6095842,47023.0,10,10,0,0,10,10,17276,0,0,0,0,0
2020-04-28,US,Tennessee,Claiborne,5,0,0,36.48319149,-83.65947309,47025.0,5,5,0,0,5,5,31756,0,0,0,0,0
2020-04-28,US,Tennessee,Clay,5,0,0,36.55151008,-85.53930419,47027.0,5,5,0,0,5,5,7717,0,0,0,0,0
2020-04-28,US,Tennessee,Cocke,16,0,0,35.9278914,-83.11828725,47029.0,16,14,0,0,14,14,35774,2,0,0,2,0
2020-04-28,US,Tennessee,Coffee,33,0,0,35.49090731,-86.07311784,47031.0,33,33,0,0,33,32,55700,0,0,0,0,1
2020-04-28,US,Tennessee,Crockett,7,0,0,35.81830662,-89.14916269,47033.0,7,6,0,0,6,7,14328,1,0,0,1,-1
2020-04-28,US,Tennessee,Cumberland,70,1,0,35.95271721,-84.99840585,47035.0,69,68,0,0,68,67,59673,2,1,0,1,1
2020-04-28,US,Tennessee,Davidson,2383,25,0,36.17007426,-86.78646056,47037.0,2358,2338,25,0,2313,2236,692587,45,0,0,45,102
2020-04-28,US,Tennessee,DeKalb,14,0,0,35.97616272,-85.83689361,47041.0,14,14,0,0,14,13,20138,0,0,0,0,1
2020-04-28,US,Tennessee,Decatur,4,0,0,35.60048904,-88.11043779,47039.0,4,4,0,0,4,4,11706,0,0,0,0,0
2020-04-28,US,Tennessee,Dickson,71,0,0,36.14669837,-87.35891709,47043.0,71,70,0,0,70,66,53446,1,0,0,1,4
2020-04-28,US,Tennessee,Dyer,33,0,0,36.05931946,-89.41542855,47045.0,33,32,0,0,32,31,37320,1,0,0,1,1
2020-04-28,US,Tennessee,Fayette,53,1,0,35.19615831,-89.41399032,47047.0,52,52,1,0,51,52,40507,1,0,0,1,0
2020-04-28,US,Tennessee,Fentress,4,0,0,36.38128818,-84.92870012,47049.0,4,4,0,0,4,4,18217,0,0,0,0,0
2020-04-28,US,Tennessee,Franklin,32,1,0,35.15634626,-86.09201039,47051.0,31,29,1,0,28,29,41890,3,0,0,3,0
2020-04-28,US,Tennessee,Gibson,41,1,0,35.99438059,-88.93358327,47053.0,40,41,1,0,40,38,49045,0,0,0,0,3
2020-04-28,US,Tennessee,Giles,5,0,0,35.20222469,-87.03992678,47055.0,5,5,0,0,5,5,29503,0,0,0,0,0
2020-04-28,US,Tennessee,Grainger,5,0,0,36.27469206,-83.51254721,47057.0,5,6,0,0,6,4,23145,-1,0,0,-1,2
2020-04-28,US,Tennessee,Greene,42,2,0,36.17470125,-82.84691273,47059.0,40,41,2,0,39,41,69087,1,0,0,1,0
2020-04-28,US,Tennessee,Grundy,28,1,0,35.38433717,-85.72142731,47061.0,27,28,1,0,27,28,13346,0,0,0,0,0
2020-04-28,US,Tennessee,Hamblen,17,2,0,36.21990035,-83.26586179,47063.0,15,16,2,0,14,15,64569,1,0,0,1,1
2020-04-28,US,Tennessee,Hamilton,149,13,0,35.17670231,-85.16652245,47065.0,136,146,13,0,133,141,364286,3,0,0,3,5
2020-04-28,US,Tennessee,Hardeman,11,0,0,35.20772017,-88.99161161,47069.0,11,11,0,0,11,11,25220,0,0,0,0,0
2020-04-28,US,Tennessee,Hardin,5,0,0,35.19732531,-88.18593755,47071.0,5,5,0,0,5,5,25776,0,0,0,0,0
2020-04-28,US,Tennessee,Hawkins,30,2,0,36.44355426,-82.94885298,47073.0,28,29,2,0,27,29,56530,1,0,0,1,0
2020-04-28,US,Tennessee,Haywood,19,1,0,35.58332824,-89.28536625,47075.0,18,19,1,0,18,18,17335,0,0,0,0,1
2020-04-28,US,Tennessee,Henderson,6,0,0,35.65581134,-88.38600175,47077.0,6,6,0,0,6,6,27847,0,0,0,0,0
2020-04-28,US,Tennessee,Henry,11,0,0,36.33160906,-88.30121797,47079.0,11,11,0,0,11,11,32358,0,0,0,0,0
2020-04-28,US,Tennessee,Hickman,43,0,0,35.80609681,-87.47643507,47081.0,43,42,0,0,42,41,25063,1,0,0,1,1
2020-04-28,US,Tennessee,Houston,4,0,0,36.28872054,-87.71878828,47083.0,4,4,0,0,4,4,8263,0,0,0,0,0
2020-04-28,US,Tennessee,Humphreys,10,1,0,36.03958805,-87.77992872,47085.0,9,10,1,0,9,9,18486,0,0,0,0,1
2020-04-28,US,Tennessee,Jackson,7,0,0,36.36380466,-85.67239905,47087.0,7,7,0,0,7,7,11758,0,0,0,0,0
2020-04-28,US,Tennessee,Jefferson,18,0,0,36.04818632,-83.45148924,47089.0,18,18,0,0,18,18,54012,0,0,0,0,0
2020-04-28,US,Tennessee,Johnson,3,0,0,36.45523950000001,-81.84886538,47091.0,3,3,0,0,3,2,17778,0,0,0,0,1
2020-04-28,US,Tennessee,Knox,214,5,0,35.99508821,-83.94635435,47093.0,209,214,4,0,210,210,465289,0,1,0,-1,4
2020-04-28,US,Tennessee,Lake,50,0,0,36.34180170000001,-89.48921915,47095.0,50,49,0,0,49,48,7411,1,0,0,1,1
2020-04-28,US,Tennessee,Lauderdale,17,0,0,35.75893438,-89.63015909999999,47097.0,17,17,0,0,17,18,25825,0,0,0,0,-1
2020-04-28,US,Tennessee,Lawrence,17,0,0,35.21675201,-87.39787695,47099.0,17,17,0,0,17,16,43734,0,0,0,0,1
2020-04-28,US,Tennessee,Lewis,2,0,0,35.52853208,-87.49022694,47101.0,2,2,0,0,2,2,12086,0,0,0,0,0
2020-04-28,US,Tennessee,Lincoln,12,0,0,35.13738622,-86.58910106,47103.0,12,12,0,0,12,12,34117,0,0,0,0,0
2020-04-28,US,Tennessee,Loudon,28,0,0,35.73939663,-84.31145275,47105.0,28,27,0,0,27,27,53054,1,0,0,1,0
2020-04-28,US,Tennessee,Macon,39,3,0,36.53157855,-86.00778595,47111.0,36,39,3,0,36,38,24265,0,0,0,0,1
2020-04-28,US,Tennessee,Madison,128,1,0,35.61181957,-88.84076036,47113.0,127,104,1,0,103,101,97605,24,0,0,24,3
2020-04-28,US,Tennessee,Marion,28,1,0,35.12997174,-85.62265895,47115.0,27,28,1,0,27,28,28575,0,0,0,0,0
2020-04-28,US,Tennessee,Marshall,22,1,0,35.45798777,-86.76420988,47117.0,21,22,1,0,21,22,33683,0,0,0,0,0
2020-04-28,US,Tennessee,Maury,40,0,0,35.618741299999996,-87.07462444,47119.0,40,41,0,0,41,40,94340,-1,0,0,-1,1
2020-04-28,US,Tennessee,McMinn,70,0,0,35.42812616,-84.61520715,47107.0,70,65,0,0,65,14,53285,5,0,0,5,51
2020-04-28,US,Tennessee,McNairy,11,0,0,35.17468549,-88.5647812,47109.0,11,11,0,0,11,11,25832,0,0,0,0,0
2020-04-28,US,Tennessee,Meigs,6,0,0,35.51558739,-84.81482914,47121.0,6,6,0,0,6,6,12306,0,0,0,0,0
2020-04-28,US,Tennessee,Monroe,14,1,0,35.44550387,-84.24902965,47123.0,13,15,1,0,14,13,46357,-1,0,0,-1,2
2020-04-28,US,Tennessee,Montgomery,139,2,0,36.49609412,-87.38550661,47125.0,137,138,2,0,136,136,205950,1,0,0,1,2
2020-04-28,US,Tennessee,Moore,3,0,0,35.27724699,-86.36230578,47127.0,3,3,0,0,3,3,6411,0,0,0,0,0
2020-04-28,US,Tennessee,Morgan,6,0,0,36.13248031,-84.64880098,47129.0,6,6,0,0,6,6,21579,0,0,0,0,0
2020-04-28,US,Tennessee,Obion,12,1,0,36.35732446,-89.14921589,47131.0,11,12,1,0,11,12,30267,0,0,0,0,0
2020-04-28,US,Tennessee,Out of TN,251,2,0,0.0,0.0,80047.0,249,283,3,0,280,332,,-32,-1,0,-31,-49
2020-04-28,US,Tennessee,Overton,8,0,0,36.34117832,-85.28989535,47133.0,8,8,0,0,8,7,22068,0,0,0,0,1
2020-04-28,US,Tennessee,Perry,8,0,0,35.63708728,-87.86139634,47135.0,8,8,0,0,8,8,8064,0,0,0,0,0
2020-04-28,US,Tennessee,Polk,8,0,0,35.12245443,-84.52075859,47139.0,8,7,0,0,7,7,16898,1,0,0,1,0
2020-04-28,US,Tennessee,Putnam,115,5,0,36.14005459,-85.50646123,47141.0,110,114,5,0,109,109,78843,1,0,0,1,5
2020-04-28,US,Tennessee,Rhea,3,0,0,35.60536161,-84.93076643,47143.0,3,3,0,0,3,3,33044,0,0,0,0,0
2020-04-28,US,Tennessee,Roane,7,0,0,35.84923189,-84.52458689,47145.0,7,7,0,0,7,7,53140,0,0,0,0,0
2020-04-28,US,Tennessee,Robertson,139,0,0,36.52454807,-86.87346725,47147.0,139,138,0,0,138,136,71012,1,0,0,1,2
2020-04-28,US,Tennessee,Rutherford,434,10,0,35.84591405,-86.4107263,47149.0,424,423,9,0,414,405,324890,11,1,0,10,18
2020-04-28,US,Tennessee,Scott,11,0,0,36.42325673,-84.50360494,47151.0,11,11,0,0,11,11,22039,0,0,0,0,0
2020-04-28,US,Tennessee,Sequatchie,5,0,0,35.36979721,-85.41022136,47153.0,5,5,0,0,5,5,14876,0,0,0,0,0
2020-04-28,US,Tennessee,Sevier,46,1,0,35.78077323,-83.52244332,47155.0,45,46,1,0,45,45,97892,0,0,0,0,1
2020-04-28,US,Tennessee,Shelby,2376,44,0,35.1864775,-89.89692423,47157.0,2332,2327,44,0,2283,2296,935764,49,0,0,49,31
2020-04-28,US,Tennessee,Smith,20,1,0,36.25359775,-85.95411046,47159.0,19,19,1,0,18,19,19942,1,0,0,1,0
2020-04-28,US,Tennessee,Stewart,7,0,0,36.50235092,-87.83920548,47161.0,7,7,0,0,7,7,13561,0,0,0,0,0
2020-04-28,US,Tennessee,Sullivan,47,1,0,36.51240691,-82.30412917,47163.0,46,47,1,0,46,47,157668,0,0,0,0,0
2020-04-28,US,Tennessee,Sumner,608,35,0,36.46824103,-86.45917204,47165.0,573,603,34,0,569,593,187149,5,1,0,4,10
2020-04-28,US,Tennessee,Tipton,96,0,0,35.501942,-89.73694895,47167.0,96,95,0,0,95,94,61581,1,0,0,1,1
2020-04-28,US,Tennessee,Trousdale,50,1,0,36.39026213,-86.16087954,47169.0,49,48,1,0,47,48,11012,2,0,0,2,0
2020-04-28,US,Tennessee,Unassigned,35,0,0,0.0,0.0,90047.0,35,49,0,0,49,37,,-14,0,0,-14,12
2020-04-28,US,Tennessee,Unicoi,1,0,0,36.10890856,-82.43709629,47171.0,1,1,0,0,1,1,17761,0,0,0,0,0
2020-04-28,US,Tennessee,Union,3,0,0,36.28590426,-83.83651902,47173.0,3,3,0,0,3,3,19688,0,0,0,0,0
2020-04-28,US,Tennessee,Van Buren,2,0,0,35.69864497,-85.45221699,47175.0,2,2,0,0,2,2,5765,0,0,0,0,0
2020-04-28,US,Tennessee,Warren,7,0,0,35.672829899999996,-85.77969117,47177.0,7,7,0,0,7,5,40878,0,0,0,0,2
2020-04-28,US,Tennessee,Washington,54,0,0,36.29472368,-82.49454720000001,47179.0,54,54,0,0,54,52,128607,0,0,0,0,2
2020-04-28,US,Tennessee,Wayne,4,0,0,35.23868267,-87.78644456,47181.0,4,2,0,0,2,2,16558,2,0,0,2,0
2020-04-28,US,Tennessee,Weakley,18,0,0,36.29896232,-88.71990865,47183.0,18,18,0,0,18,19,33415,0,0,0,0,-1
2020-04-28,US,Tennessee,White,5,0,0,35.92929884,-85.45591799,47185.0,5,4,0,0,4,4,27107,1,0,0,1,0
2020-04-28,US,Tennessee,Williamson,399,8,0,35.89099229,-86.89281867,47187.0,391,399,7,0,392,397,231729,0,1,0,-1,2
2020-04-28,US,Tennessee,Wilson,249,3,0,36.15496772,-86.29775884,47189.0,246,246,3,0,243,233,140625,3,0,0,3,13
2020-04-28,US,Texas,Anderson,26,0,0,31.81534745,-95.65354823,48001.0,26,23,0,0,23,19,58057,3,0,0,3,4
2020-04-28,US,Texas,Andrews,19,0,0,32.30468633,-102.63765479999999,48003.0,19,19,0,0,19,19,18128,0,0,0,0,0
2020-04-28,US,Texas,Angelina,46,0,0,31.25457347,-94.60901487,48005.0,46,36,0,0,36,36,87092,10,0,0,10,0
2020-04-28,US,Texas,Aransas,2,0,0,28.10556197,-96.9995047,48007.0,2,2,0,0,2,2,23792,0,0,0,0,0
2020-04-28,US,Texas,Armstrong,2,0,0,34.96507426,-101.35748740000001,48011.0,2,2,0,0,2,2,1892,0,0,0,0,0
2020-04-28,US,Texas,Atascosa,16,1,0,28.89333001,-98.52730485,48013.0,15,14,1,0,13,14,50310,2,0,0,2,0
2020-04-28,US,Texas,Austin,12,0,0,29.88548725,-96.27736949,48015.0,12,12,0,0,12,12,29989,0,0,0,0,0
2020-04-28,US,Texas,Bandera,6,0,0,29.74619598,-99.24598147,48019.0,6,6,0,0,6,6,22824,0,0,0,0,0
2020-04-28,US,Texas,Bastrop,59,2,0,30.10370699,-97.31206354,48021.0,57,59,2,0,57,58,86976,0,0,0,0,1
2020-04-28,US,Texas,Bee,5,0,0,28.41761668,-97.74215593,48025.0,5,6,0,0,6,6,32587,-1,0,0,-1,0
2020-04-28,US,Texas,Bell,173,3,0,31.03736027,-97.4785025,48027.0,170,165,3,0,162,165,355642,8,0,0,8,0
2020-04-28,US,Texas,Bexar,1275,44,0,29.44928723,-98.52019748,48029.0,1231,1334,43,0,1291,1334,1986049,-59,1,0,-60,0
2020-04-28,US,Texas,Blanco,6,0,0,30.26640707,-98.3999852,48031.0,6,6,0,0,6,6,11702,0,0,0,0,0
2020-04-28,US,Texas,Bosque,4,0,0,31.89978581,-97.63613524,48035.0,4,4,0,0,4,4,18691,0,0,0,0,0
2020-04-28,US,Texas,Bowie,69,1,0,33.44626922,-94.41834132,48037.0,68,68,1,0,67,68,94324,1,0,0,1,0
2020-04-28,US,Texas,Brazoria,464,5,0,29.18757369,-95.44563172,48039.0,459,449,3,0,446,445,370200,15,2,0,13,4
2020-04-28,US,Texas,Brazos,182,16,0,30.663644800000004,-96.30205577,48041.0,166,182,16,0,166,181,226758,0,0,0,0,1
2020-04-28,US,Texas,Brooks,1,0,0,27.03103197,-98.21808402,48047.0,1,1,0,0,1,1,7114,0,0,0,0,0
2020-04-28,US,Texas,Brown,34,3,0,31.77430356,-98.99907113,48049.0,31,28,2,0,26,17,37924,6,1,0,5,11
2020-04-28,US,Texas,Burleson,12,0,0,30.49273808,-96.62158484,48051.0,12,11,0,0,11,11,18389,1,0,0,1,0
2020-04-28,US,Texas,Burnet,15,0,0,30.78801353,-98.181887,48053.0,15,15,0,0,15,14,47542,0,0,0,0,1
2020-04-28,US,Texas,Caldwell,11,0,0,29.83668859,-97.61814775,48055.0,11,11,0,0,11,11,43247,0,0,0,0,0
2020-04-28,US,Texas,Calhoun,30,3,0,28.47048236,-96.61633945,48057.0,27,29,2,0,27,26,21561,1,1,0,0,3
2020-04-28,US,Texas,Callahan,2,0,0,32.29760619,-99.37326312,48059.0,2,1,0,0,1,1,13994,1,0,0,1,0
2020-04-28,US,Texas,Cameron,376,14,0,26.14524221,-97.48140372,48061.0,362,366,14,0,352,366,423908,10,0,0,10,0
2020-04-28,US,Texas,Camp,6,0,0,32.97195142,-94.97790104,48063.0,6,6,0,0,6,6,13033,0,0,0,0,0
2020-04-28,US,Texas,Carson,1,0,0,35.40365929,-101.35426690000001,48065.0,1,1,0,0,1,1,6005,0,0,0,0,0
2020-04-28,US,Texas,Cass,13,0,0,33.07499881,-94.34646905,48067.0,13,13,0,0,13,13,30119,0,0,0,0,0
2020-04-28,US,Texas,Castro,13,1,0,34.53016752,-102.2617243,48069.0,12,13,1,0,12,13,7665,0,0,0,0,0
2020-04-28,US,Texas,Chambers,41,0,0,29.70972016,-94.67154501,48071.0,41,41,0,0,41,41,42454,0,0,0,0,0
2020-04-28,US,Texas,Cherokee,14,1,0,31.837258000000002,-95.16559897,48073.0,13,12,1,0,11,12,52592,2,0,0,2,0
2020-04-28,US,Texas,Childress,1,0,0,34.529304100000004,-100.2077916,48075.0,1,1,0,0,1,1,7291,0,0,0,0,0
2020-04-28,US,Texas,Clay,3,0,0,33.78686685,-98.20771198,48077.0,3,3,0,0,3,3,10456,0,0,0,0,0
2020-04-28,US,Texas,Cochran,1,0,0,33.60425307,-102.82844990000001,48079.0,1,1,0,0,1,1,2836,0,0,0,0,0
2020-04-28,US,Texas,Coleman,1,0,0,31.76736834,-99.45240766,48083.0,1,1,0,0,1,1,8397,0,0,0,0,0
2020-04-28,US,Texas,Collin,676,17,0,33.18820114,-96.57264368,48085.0,659,663,17,0,646,654,1005146,13,0,0,13,9
2020-04-28,US,Texas,Colorado,10,0,0,29.622097999999998,-96.5273805,48089.0,10,10,0,0,10,10,21217,0,0,0,0,0
2020-04-28,US,Texas,Comal,49,6,0,29.80811278,-98.27647225,48091.0,43,48,6,0,42,48,148373,1,0,0,1,0
2020-04-28,US,Texas,Comanche,4,0,0,31.94854689,-98.55876441,48093.0,4,4,0,0,4,4,13534,0,0,0,0,0
2020-04-28,US,Texas,Concho,1,0,0,31.32635934,-99.86473038,48095.0,1,1,0,0,1,1,4276,0,0,0,0,0
2020-04-28,US,Texas,Cooke,4,0,0,33.63979567,-97.21240912,48097.0,4,4,0,0,4,4,40574,0,0,0,0,0
2020-04-28,US,Texas,Coryell,105,1,0,31.39078397,-97.79936155,48099.0,104,105,1,0,104,105,74808,0,0,0,0,0
2020-04-28,US,Texas,Cottle,1,0,0,34.07783319,-100.27850620000001,48101.0,1,1,0,0,1,,1389,0,0,0,0,
2020-04-28,US,Texas,Crane,2,0,0,31.43052248,-102.5143314,48103.0,2,2,0,0,2,2,4794,0,0,0,0,0
2020-04-28,US,Texas,Crosby,2,1,0,33.61431553,-101.30003640000001,48107.0,1,2,1,0,1,2,5779,0,0,0,0,0
2020-04-28,US,Texas,Dallam,8,1,0,36.27787176,-102.60207249999999,48111.0,7,8,1,0,7,8,7200,0,0,0,0,0
2020-04-28,US,Texas,Dallas,3240,94,0,32.76670599,-96.77796049999999,48113.0,3146,3014,82,0,2932,3014,2637772,226,12,0,214,0
2020-04-28,US,Texas,Dawson,21,1,0,32.74255572,-101.94772420000001,48115.0,20,21,1,0,20,21,12619,0,0,0,0,0
2020-04-28,US,Texas,DeWitt,15,1,0,29.08101855,-97.35681170000001,48123.0,14,15,1,0,14,15,20187,0,0,0,0,0
2020-04-28,US,Texas,Deaf Smith,26,0,0,34.96522957,-102.6054267,48117.0,26,25,0,0,25,21,18760,1,0,0,1,4
2020-04-28,US,Texas,Delta,1,0,0,33.38570922,-95.66921122,48119.0,1,1,0,0,1,1,5349,0,0,0,0,0
2020-04-28,US,Texas,Denton,725,20,0,33.20521901,-97.11691153,48121.0,705,713,20,0,693,702,859064,12,0,0,12,11
2020-04-28,US,Texas,Dickens,1,0,0,33.61616822,-100.7788855,48125.0,1,1,0,0,1,1,2249,0,0,0,0,0
2020-04-28,US,Texas,Dimmit,1,0,0,28.42270064,-99.75645095,48127.0,1,1,0,0,1,1,10308,0,0,0,0,0
2020-04-28,US,Texas,Donley,24,0,0,34.96517499,-100.8140093,48129.0,24,24,0,0,24,24,3319,0,0,0,0,0
2020-04-28,US,Texas,Duval,2,0,0,27.68184592,-98.50864568,48131.0,2,2,0,0,2,2,11212,0,0,0,0,0
2020-04-28,US,Texas,Eastland,3,0,0,32.32743996,-98.83243566,48133.0,3,3,0,0,3,3,18322,0,0,0,0,0
2020-04-28,US,Texas,Ector,76,4,0,31.86898877,-102.54294279999999,48135.0,72,70,4,0,66,67,162124,6,0,0,6,3
2020-04-28,US,Texas,El Paso,829,12,0,31.76980765,-106.23632749999999,48141.0,817,802,12,0,790,780,840758,27,0,0,27,22
2020-04-28,US,Texas,Ellis,133,5,0,32.34894117,-96.79371841,48139.0,128,133,5,0,128,127,179436,0,0,0,0,6
2020-04-28,US,Texas,Erath,12,1,0,32.23602653,-98.21773417,48143.0,11,13,1,0,12,13,42446,-1,0,0,-1,0
2020-04-28,US,Texas,Falls,3,0,0,31.25350609,-96.93630086,48145.0,3,3,0,0,3,2,17335,0,0,0,0,1
2020-04-28,US,Texas,Fannin,17,0,0,33.59564294,-96.10751083,48147.0,17,16,0,0,16,15,35286,1,0,0,1,1
2020-04-28,US,Texas,Fayette,15,1,0,29.87788372,-96.92076062,48149.0,14,15,1,0,14,15,25349,0,0,0,0,0
2020-04-28,US,Texas,Floyd,3,0,0,34.07227468,-101.3031546,48153.0,3,3,0,0,3,3,5837,0,0,0,0,0
2020-04-28,US,Texas,Fort Bend,957,22,0,29.52704478,-95.77219463,48157.0,935,952,21,0,931,919,787858,5,1,0,4,33
2020-04-28,US,Texas,Franklin,1,0,0,33.17653242,-95.21917243,48159.0,1,1,0,0,1,1,10766,0,0,0,0,0
2020-04-28,US,Texas,Freestone,3,0,0,31.70422788,-96.15072516,48161.0,3,3,0,0,3,3,19808,0,0,0,0,0
2020-04-28,US,Texas,Frio,4,0,0,28.86751206,-99.10804207,48163.0,4,3,0,0,3,3,19816,1,0,0,1,0
2020-04-28,US,Texas,Gaines,2,0,0,32.74055318,-102.6353295,48165.0,2,2,0,0,2,2,20901,0,0,0,0,0
2020-04-28,US,Texas,Galveston,548,24,0,29.40167322,-94.90469073,48167.0,524,541,22,0,519,539,337890,7,2,0,5,2
2020-04-28,US,Texas,Gillespie,1,0,0,30.31824095,-98.94676915,48171.0,1,1,0,0,1,1,26804,0,0,0,0,0
2020-04-28,US,Texas,Goliad,7,0,0,28.65696592,-97.42760647,48175.0,7,7,0,0,7,7,7584,0,0,0,0,0
2020-04-28,US,Texas,Gonzales,14,2,0,29.45634206,-97.49424032,48177.0,12,12,1,0,11,12,20826,2,1,0,1,0
2020-04-28,US,Texas,Gray,38,0,0,35.40081878,-100.8129222,48179.0,38,37,0,0,37,37,21895,1,0,0,1,0
2020-04-28,US,Texas,Grayson,24,0,0,33.62744998,-96.67753461,48181.0,24,23,0,0,23,22,133991,1,0,0,1,1
2020-04-28,US,Texas,Gregg,69,0,0,32.47940482,-94.81591935,48183.0,69,66,0,0,66,62,123707,3,0,0,3,4
2020-04-28,US,Texas,Grimes,16,1,0,30.54579585,-95.98902499,48185.0,15,15,1,0,14,13,28360,1,0,0,1,2
2020-04-28,US,Texas,Guadalupe,69,0,0,29.58165339,-97.94786822,48187.0,69,69,0,0,69,68,163694,0,0,0,0,1
2020-04-28,US,Texas,Hale,24,4,0,34.07044901,-101.82681140000001,48189.0,20,19,4,0,15,19,33830,5,0,0,5,0
2020-04-28,US,Texas,Hamilton,5,0,0,31.70470573,-98.11083887,48193.0,5,5,0,0,5,5,8484,0,0,0,0,0
2020-04-28,US,Texas,Hansford,5,0,0,36.27743284,-101.3545796,48195.0,5,4,0,0,4,4,5463,1,0,0,1,0
2020-04-28,US,Texas,Hardin,96,3,0,30.33364686,-94.38931817,48199.0,93,92,3,0,89,92,57207,4,0,0,4,0
2020-04-28,US,Texas,Harris,5827,98,0,29.86,-95.39,48201.0,5729,5628,84,0,5544,5628,4698619,199,14,0,185,0
2020-04-28,US,Texas,Harrison,83,7,0,32.54935988,-94.36934071,48203.0,76,86,4,0,82,71,66726,-3,3,0,-6,15
2020-04-28,US,Texas,Hartley,4,0,0,35.84008013,-102.6029022,48205.0,4,4,0,0,4,4,5619,0,0,0,0,0
2020-04-28,US,Texas,Hays,155,1,0,30.05669873,-98.02944344,48209.0,154,148,1,0,147,148,222631,7,0,0,7,0
2020-04-28,US,Texas,Hemphill,1,0,0,35.83764858,-100.2703577,48211.0,1,1,0,0,1,1,3825,0,0,0,0,0
2020-04-28,US,Texas,Henderson,24,0,0,32.21128872,-95.85846587,48213.0,24,24,0,0,24,24,82299,0,0,0,0,0
2020-04-28,US,Texas,Hidalgo,310,5,0,26.39418217,-98.18299696,48215.0,305,308,4,0,304,303,865939,2,1,0,1,5
2020-04-28,US,Texas,Hill,15,1,0,31.99045053,-97.13423143,48217.0,14,15,1,0,14,15,36354,0,0,0,0,0
2020-04-28,US,Texas,Hockley,20,1,0,33.60771256,-102.3431676,48219.0,19,20,1,0,19,20,22980,0,0,0,0,0
2020-04-28,US,Texas,Hood,17,3,0,32.42990927,-97.83242024,48221.0,14,17,3,0,14,17,60537,0,0,0,0,0
2020-04-28,US,Texas,Hopkins,4,0,0,33.14875072,-95.56351139,48223.0,4,4,0,0,4,4,36810,0,0,0,0,0
2020-04-28,US,Texas,Houston,5,0,0,31.31925973,-95.42226208,48225.0,5,6,0,0,6,6,23169,-1,0,0,-1,0
2020-04-28,US,Texas,Howard,4,1,0,32.30621324,-101.4356444,48227.0,3,4,1,0,3,4,36459,0,0,0,0,0
2020-04-28,US,Texas,Hunt,44,3,0,33.12351514,-96.08551032,48231.0,41,41,3,0,38,39,96493,3,0,0,3,2
2020-04-28,US,Texas,Hutchinson,13,0,0,35.84006574,-101.3546643,48233.0,13,13,0,0,13,11,21198,0,0,0,0,2
2020-04-28,US,Texas,Jack,4,0,0,33.23377248,-98.17283469,48237.0,4,4,0,0,4,4,8843,0,0,0,0,0
2020-04-28,US,Texas,Jackson,6,0,0,28.95472367,-96.57749563,48239.0,6,6,0,0,6,6,14874,0,0,0,0,0
2020-04-28,US,Texas,Jasper,21,2,0,30.74685667,-94.02667579,48241.0,19,14,1,0,13,14,35872,7,1,0,6,0
2020-04-28,US,Texas,Jefferson,288,19,0,29.8832777,-94.16434171,48245.0,269,268,18,0,250,266,255001,20,1,0,19,2
2020-04-28,US,Texas,Jim Hogg,3,0,0,27.04453923,-98.69681870000001,48247.0,3,1,0,0,1,1,5248,2,0,0,2,0
2020-04-28,US,Texas,Jim Wells,3,0,0,27.73103938,-98.0904705,48249.0,3,3,0,0,3,3,40822,0,0,0,0,0
2020-04-28,US,Texas,Johnson,62,3,0,32.37877812,-97.36615819,48251.0,59,58,2,0,56,57,171361,4,1,0,3,1
2020-04-28,US,Texas,Jones,13,0,0,32.73997145,-99.87861576,48253.0,13,13,0,0,13,13,19817,0,0,0,0,0
2020-04-28,US,Texas,Karnes,3,0,0,28.90705334,-97.85960149,48255.0,3,3,0,0,3,3,15650,0,0,0,0,0
2020-04-28,US,Texas,Kaufman,75,0,0,32.599141700000004,-96.28734728,48257.0,75,74,0,0,74,71,128622,1,0,0,1,3
2020-04-28,US,Texas,Kendall,16,0,0,29.94414155,-98.7113588,48259.0,16,16,0,0,16,16,45641,0,0,0,0,0
2020-04-28,US,Texas,Kerr,5,0,0,30.06040006,-99.34930144,48265.0,5,6,0,0,6,6,52405,-1,0,0,-1,0
2020-04-28,US,Texas,Kleberg,9,1,0,27.42435506,-97.69894948,48273.0,8,9,1,0,8,8,31129,0,0,0,0,1
2020-04-28,US,Texas,Knox,1,0,0,33.60519951,-99.74229059999999,48275.0,1,1,0,0,1,1,3653,0,0,0,0,0
2020-04-28,US,Texas,La Salle,1,0,0,28.34453111,-99.09908775,48283.0,1,1,0,0,1,1,7531,0,0,0,0,0
2020-04-28,US,Texas,Lamar,51,0,0,33.66981763,-95.57404777,48277.0,51,8,0,0,8,8,49728,43,0,0,43,0
2020-04-28,US,Texas,Lamb,3,0,0,34.06859623,-102.35162890000001,48279.0,3,3,0,0,3,2,13158,0,0,0,0,1
2020-04-28,US,Texas,Lampasas,3,0,0,31.19531316,-98.24206613,48281.0,3,2,0,0,2,2,21229,1,0,0,1,0
2020-04-28,US,Texas,Lavaca,5,1,0,29.38508402,-96.93186692,48285.0,4,5,1,0,4,5,20110,0,0,0,0,0
2020-04-28,US,Texas,Lee,2,0,0,30.31120597,-96.97045773,48287.0,2,2,0,0,2,2,17144,0,0,0,0,0
2020-04-28,US,Texas,Leon,5,0,0,31.29872538,-95.9936328,48289.0,5,5,0,0,5,5,17270,0,0,0,0,0
2020-04-28,US,Texas,Liberty,39,0,0,30.15152688,-94.81205615,48291.0,39,38,0,0,38,38,86323,1,0,0,1,0
2020-04-28,US,Texas,Limestone,13,1,0,31.5454767,-96.58095444,48293.0,12,12,1,0,11,11,23519,1,0,0,1,1
2020-04-28,US,Texas,Live Oak,5,0,0,28.35101362,-98.1246786,48297.0,5,5,0,0,5,5,12166,0,0,0,0,0
2020-04-28,US,Texas,Llano,3,0,0,30.70645047,-98.68475262,48299.0,3,3,0,0,3,3,21646,0,0,0,0,0
2020-04-28,US,Texas,Lubbock,504,43,0,33.61008596,-101.82047890000001,48303.0,461,499,40,0,459,497,307412,5,3,0,2,2
2020-04-28,US,Texas,Lynn,5,1,0,33.17657705,-101.8162849,48305.0,4,5,1,0,4,5,5877,0,0,0,0,0
2020-04-28,US,Texas,Madison,2,0,0,30.96694679,-95.93003775,48313.0,2,2,0,0,2,2,14422,0,0,0,0,0
2020-04-28,US,Texas,Marion,9,0,0,32.79868409,-94.35661230000001,48315.0,9,9,0,0,9,7,9928,0,0,0,0,2
2020-04-28,US,Texas,Martin,2,0,0,32.30600051,-101.9513518,48317.0,2,2,0,0,2,2,5753,0,0,0,0,0
2020-04-28,US,Texas,Mason,5,0,0,30.71780434,-99.22629416,48319.0,5,5,0,0,5,1,4280,0,0,0,0,4
2020-04-28,US,Texas,Matagorda,60,3,0,28.81955746,-96.01230294,48321.0,57,59,3,0,56,59,36552,1,0,0,1,0
2020-04-28,US,Texas,Maverick,16,0,0,28.7429195,-100.3157686,48323.0,16,16,0,0,16,16,58485,0,0,0,0,0
2020-04-28,US,Texas,McCulloch,3,0,0,31.1925468,-99.34682807,48307.0,3,3,0,0,3,3,7987,0,0,0,0,0
2020-04-28,US,Texas,McLennan,87,4,0,31.55255453,-97.20217694,48309.0,83,82,4,0,78,81,254607,5,0,0,5,1
2020-04-28,US,Texas,Medina,19,2,0,29.355730100000002,-99.11030298,48325.0,17,19,2,0,17,19,50921,0,0,0,0,0
2020-04-28,US,Texas,Midland,74,5,0,31.86904128,-102.03156820000001,48329.0,69,73,5,0,68,71,172578,1,0,0,1,2
2020-04-28,US,Texas,Milam,14,1,0,30.78581830000001,-96.97718698,48331.0,13,13,1,0,12,13,25131,1,0,0,1,0
2020-04-28,US,Texas,Mitchell,1,0,0,32.30623474,-100.9212058,48335.0,1,1,0,0,1,1,8145,0,0,0,0,0
2020-04-28,US,Texas,Montague,6,1,0,33.67521893,-97.72500958,48337.0,5,6,1,0,5,6,19596,0,0,0,0,0
2020-04-28,US,Texas,Montgomery,562,12,0,30.30079133,-95.50572772,48339.0,550,530,10,0,520,506,590925,32,2,0,30,24
2020-04-28,US,Texas,Moore,294,3,0,35.83769242,-101.8930281,48341.0,291,272,3,0,269,252,21485,22,0,0,22,20
2020-04-28,US,Texas,Morris,5,0,0,33.11304005,-94.73255695,48343.0,5,5,0,0,5,5,12339,0,0,0,0,0
2020-04-28,US,Texas,Motley,1,0,0,34.07408766,-100.77972199999999,48345.0,1,1,0,0,1,1,1234,0,0,0,0,0
2020-04-28,US,Texas,Nacogdoches,141,7,0,31.62017125,-94.61803994,48347.0,134,125,7,0,118,125,65711,16,0,0,16,0
2020-04-28,US,Texas,Navarro,28,2,0,32.04620681,-96.47428766,48349.0,26,28,2,0,26,28,49565,0,0,0,0,0
2020-04-28,US,Texas,Newton,2,0,0,30.78548982,-93.74408813,48351.0,2,2,0,0,2,2,13746,0,0,0,0,0
2020-04-28,US,Texas,Nolan,1,0,0,32.30365282,-100.4060208,48353.0,1,1,0,0,1,1,14751,0,0,0,0,0
2020-04-28,US,Texas,Nueces,99,3,0,27.736286,-97.5433285,48355.0,96,94,3,0,91,94,362265,5,0,0,5,0
2020-04-28,US,Texas,Ochiltree,24,1,0,36.27829105,-100.8158184,48357.0,23,5,1,0,4,5,9947,19,0,0,19,0
2020-04-28,US,Texas,Oldham,3,1,0,35.40425596,-102.6027606,48359.0,2,3,1,0,2,3,2131,0,0,0,0,0
2020-04-28,US,Texas,Orange,64,0,0,30.11879481,-93.89412775,48361.0,64,64,0,0,64,64,83572,0,0,0,0,0
2020-04-28,US,Texas,Palo Pinto,7,1,0,32.75310985,-98.31319001,48363.0,6,7,1,0,6,7,28875,0,0,0,0,0
2020-04-28,US,Texas,Panola,80,7,0,32.163959600000005,-94.30552481,48365.0,73,78,5,0,73,76,23148,2,2,0,0,2
2020-04-28,US,Texas,Parker,25,0,0,32.77757172,-97.80500621,48367.0,25,24,0,0,24,24,138371,1,0,0,1,0
2020-04-28,US,Texas,Parmer,6,0,0,34.52993409,-102.78446679999999,48369.0,6,4,0,0,4,4,9864,2,0,0,2,0
2020-04-28,US,Texas,Pecos,9,0,0,30.78097267,-102.72412609999999,48371.0,9,9,0,0,9,8,15673,0,0,0,0,1
2020-04-28,US,Texas,Polk,18,0,0,30.79472531,-94.82766240000001,48373.0,18,18,0,0,18,18,50031,0,0,0,0,0
2020-04-28,US,Texas,Potter,396,6,0,35.40133773,-101.893964,48375.0,390,333,6,0,327,326,119648,63,0,0,63,7
2020-04-28,US,Texas,Rains,2,0,0,32.87109387,-95.79232691,48379.0,2,2,0,0,2,2,12159,0,0,0,0,0
2020-04-28,US,Texas,Randall,191,3,0,34.96585996,-101.8971322,48381.0,188,172,3,0,169,164,136271,19,0,0,19,8
2020-04-28,US,Texas,Red River,1,0,0,33.61886692,-95.04841765,48387.0,1,1,0,0,1,1,12175,0,0,0,0,0
2020-04-28,US,Texas,Reeves,5,0,0,31.32323325,-103.69038959999999,48389.0,5,2,0,0,2,2,15695,3,0,0,3,0
2020-04-28,US,Texas,Roberts,2,0,0,35.83809685,-100.813175,48393.0,2,2,0,0,2,2,903,0,0,0,0,0
2020-04-28,US,Texas,Robertson,2,0,0,31.02539637,-96.51272246,48395.0,2,2,0,0,2,2,17284,0,0,0,0,0
2020-04-28,US,Texas,Rockwall,58,1,0,32.89779518,-96.40771592,48397.0,57,56,1,0,55,51,100657,2,0,0,2,5
2020-04-28,US,Texas,Runnels,1,0,0,31.8314342,-99.97616148,48399.0,1,,,,,,10234,,,,,
2020-04-28,US,Texas,Rusk,33,1,0,32.10773545,-94.76176432,48401.0,32,32,1,0,31,32,54450,1,0,0,1,0
2020-04-28,US,Texas,Sabine,1,0,0,31.34318809,-93.85440451,48403.0,1,1,0,0,1,1,10589,0,0,0,0,0
2020-04-28,US,Texas,San Augustine,16,1,0,31.39457611,-94.17000399,48405.0,15,16,1,0,15,16,8232,0,0,0,0,0
2020-04-28,US,Texas,San Jacinto,9,0,0,30.57933681,-95.16260304,48407.0,9,10,0,0,10,10,28719,-1,0,0,-1,0
2020-04-28,US,Texas,San Patricio,13,0,0,28.00880118,-97.51763891,48409.0,13,12,0,0,12,12,66893,1,0,0,1,0
2020-04-28,US,Texas,Scurry,2,0,0,32.74613808,-100.91626640000001,48415.0,2,2,0,0,2,2,16866,0,0,0,0,0
2020-04-28,US,Texas,Shelby,101,0,0,31.79211404,-94.14550696,48419.0,101,98,0,0,98,97,25418,3,0,0,3,1
2020-04-28,US,Texas,Sherman,14,0,0,36.27751473,-101.8933156,48421.0,14,14,0,0,14,12,3079,0,0,0,0,2
2020-04-28,US,Texas,Smith,139,3,0,32.37474036,-95.27175679999999,48423.0,136,134,3,0,131,132,230221,5,0,0,5,2
2020-04-28,US,Texas,Starr,8,0,0,26.56150059,-98.73892358,48427.0,8,7,0,0,7,7,64525,1,0,0,1,0
2020-04-28,US,Texas,Stephens,1,0,0,32.73553157,-98.83631615,48429.0,1,1,0,0,1,1,9433,0,0,0,0,0
2020-04-28,US,Texas,Swisher,9,0,0,34.53028891,-101.73491740000001,48437.0,9,9,0,0,9,9,7462,0,0,0,0,0
2020-04-28,US,Texas,Tarrant,2019,53,0,32.77143818,-97.29101614,48439.0,1966,1947,53,0,1894,1947,2084931,72,0,0,72,0
2020-04-28,US,Texas,Taylor,255,3,0,32.30163422,-99.89007449,48441.0,252,222,3,0,219,216,137640,33,0,0,33,6
2020-04-28,US,Texas,Terry,10,0,0,33.17402785,-102.3354521,48445.0,10,10,0,0,10,10,12287,0,0,0,0,0
2020-04-28,US,Texas,Titus,15,0,0,33.21339719,-94.96797273,48449.0,15,15,0,0,15,15,33033,0,0,0,0,0
2020-04-28,US,Texas,Tom Green,44,1,0,31.40464436,-100.46244300000001,48451.0,43,44,1,0,43,43,118189,0,0,0,0,1
2020-04-28,US,Texas,Travis,1464,42,0,30.33432034,-97.78535620000001,48453.0,1422,1412,39,0,1373,1396,1248743,52,3,0,49,16
2020-04-28,US,Texas,Trinity,8,0,0,31.0879489,-95.1367187,48455.0,8,8,0,0,8,8,14740,0,0,0,0,0
2020-04-28,US,Texas,Tyler,6,0,0,30.77031716,-94.37690895,48457.0,6,6,0,0,6,6,21696,0,0,0,0,0
2020-04-28,US,Texas,Upshur,13,0,0,32.73706798,-94.93999853,48459.0,13,13,0,0,13,13,41260,0,0,0,0,0
2020-04-28,US,Texas,Uvalde,6,0,0,29.35739637,-99.76229172,48463.0,6,6,0,0,6,6,26846,0,0,0,0,0
2020-04-28,US,Texas,Val Verde,13,0,0,29.89149232,-101.1525205,48465.0,13,13,0,0,13,12,49208,0,0,0,0,1
2020-04-28,US,Texas,Van Zandt,14,1,0,32.56483801,-95.83766469,48467.0,13,13,1,0,12,13,56019,1,0,0,1,0
2020-04-28,US,Texas,Victoria,127,3,0,28.79780988,-96.96813006,48469.0,124,121,2,0,119,117,92035,6,1,0,5,4
2020-04-28,US,Texas,Walker,200,2,0,30.73872995,-95.57440968,48471.0,198,192,2,0,190,164,72480,8,0,0,8,28
2020-04-28,US,Texas,Waller,31,0,0,30.01058447,-95.99011759,48473.0,31,29,0,0,29,29,53126,2,0,0,2,0
2020-04-28,US,Texas,Washington,136,11,0,30.21498498,-96.40946246,48477.0,125,113,11,0,102,113,35108,23,0,0,23,0
2020-04-28,US,Texas,Webb,346,15,0,27.7610369,-99.33237355,48479.0,331,345,15,0,330,340,275910,1,0,0,1,5
2020-04-28,US,Texas,Wharton,36,0,0,29.27765923,-96.22319248,48481.0,36,37,0,0,37,37,41619,-1,0,0,-1,0
2020-04-28,US,Texas,Wheeler,5,0,0,35.40114335,-100.26995140000001,48483.0,5,5,0,0,5,5,5191,0,0,0,0,0
2020-04-28,US,Texas,Wichita,63,2,0,33.98842886,-98.70410340000001,48485.0,61,62,2,0,60,62,132064,1,0,0,1,0
2020-04-28,US,Texas,Wilbarger,1,0,0,34.07945812,-99.24178437,48487.0,1,1,0,0,1,1,12820,0,0,0,0,0
2020-04-28,US,Texas,Willacy,13,1,0,26.47411727,-97.61535848,48489.0,12,13,1,0,12,13,21515,0,0,0,0,0
2020-04-28,US,Texas,Williamson,287,6,0,30.64655664,-97.60048540000001,48491.0,281,262,6,0,256,211,566719,25,0,0,25,51
2020-04-28,US,Texas,Wilson,29,2,0,29.1732598,-98.08693082,48493.0,27,29,2,0,27,29,50224,0,0,0,0,0
2020-04-28,US,Texas,Winkler,3,0,0,31.85008651,-103.04851629999999,48495.0,3,3,0,0,3,3,7720,0,0,0,0,0
2020-04-28,US,Texas,Wise,15,2,0,33.21570665,-97.65460265,48497.0,13,15,2,0,13,15,68305,0,0,0,0,0
2020-04-28,US,Texas,Wood,7,0,0,32.78722382,-95.38236368,48499.0,7,7,0,0,7,7,45129,0,0,0,0,0
2020-04-28,US,Texas,Yoakum,1,0,0,33.17320212,-102.82764329999999,48501.0,1,1,0,0,1,1,8591,0,0,0,0,0
2020-04-28,US,Texas,Young,4,1,0,33.17659707,-98.68790885,48503.0,3,4,1,0,3,4,18045,0,0,0,0,0
2020-04-28,US,Texas,Zapata,7,0,0,27.00156391,-99.16987152,48505.0,7,7,0,0,7,7,14190,0,0,0,0,0
2020-04-28,US,Texas,Zavala,1,0,0,28.86617238,-99.76050829,48507.0,1,1,0,0,1,1,11983,0,0,0,0,0
2020-04-28,US,Utah,Bear River,60,1,0,41.52106798,-113.08328159999999,0.0,59,60,1,0,59,60,,0,0,0,0,0
2020-04-28,US,Utah,Central Utah,22,0,0,39.37231946,-111.5758676,0.0,22,22,0,0,22,21,,0,0,0,0,1
2020-04-28,US,Utah,Davis,278,2,0,40.99001837,-112.1139997,49011.0,276,276,2,0,274,275,351713,2,0,0,2,1
2020-04-28,US,Utah,Salt Lake,2256,24,0,40.66616532,-111.92160109999999,49035.0,2232,2190,24,0,2166,2144,1152633,66,0,0,66,46
2020-04-28,US,Utah,San Juan,45,2,0,37.62762978,-109.80337140000002,49037.0,43,45,2,0,43,43,15449,0,0,0,0,2
2020-04-28,US,Utah,Southeast Utah,13,0,0,38.99617072,-110.70139579999999,0.0,13,13,0,0,13,12,,0,0,0,0,1
2020-04-28,US,Utah,Southwest Utah,91,2,0,37.85447192,-111.4418764,0.0,89,89,2,0,87,87,,2,0,0,2,2
2020-04-28,US,Utah,Summit,359,0,0,40.86688146,-110.9535882,49043.0,359,358,0,0,358,357,41933,1,0,0,1,1
2020-04-28,US,Utah,Tooele,58,0,0,40.44862644,-113.12957150000001,49045.0,58,56,0,0,56,54,69907,2,0,0,2,2
2020-04-28,US,Utah,TriCounty,11,0,0,40.12491499,-109.5174415,0.0,11,11,0,0,11,10,,0,0,0,0,1
2020-04-28,US,Utah,Utah,862,7,0,40.116672200000004,-111.66576620000001,49049.0,855,828,7,0,821,777,622213,34,0,0,34,51
2020-04-28,US,Utah,Wasatch,142,1,0,40.33110236,-111.1691419,49051.0,141,140,1,0,139,138,33240,2,0,0,2,2
2020-04-28,US,Utah,Weber-Morgan,148,2,0,41.27116049,-111.9145117,0.0,146,148,2,0,146,145,,0,0,0,0,3
2020-04-28,US,Vermont,Addison,61,2,0,44.03217337,-73.14130877,50001.0,59,61,2,0,59,61,36973,0,0,0,0,0
2020-04-28,US,Vermont,Bennington,44,1,0,43.03519828,-73.09048868,50003.0,43,40,1,0,39,40,35631,4,0,0,4,0
2020-04-28,US,Vermont,Caledonia,13,0,0,44.46548598,-72.10314651,50005.0,13,13,0,0,13,13,30302,0,0,0,0,0
2020-04-28,US,Vermont,Chittenden,416,31,0,44.46322849,-73.08359212,50007.0,385,414,31,0,383,410,164572,2,0,0,2,4
2020-04-28,US,Vermont,Essex,2,0,0,44.72736416,-71.73579864,50009.0,2,2,0,0,2,2,6250,0,0,0,0,0
2020-04-28,US,Vermont,Franklin,91,5,0,44.85627605,-72.91249563,50011.0,86,91,5,0,86,91,49421,0,0,0,0,0
2020-04-28,US,Vermont,Grand Isle,3,0,0,44.797582399999996,-73.29679772,50013.0,3,3,0,0,3,3,7090,0,0,0,0,0
2020-04-28,US,Vermont,Lamoille,26,2,0,44.60353043,-72.64356694,50015.0,24,26,2,0,24,26,25300,0,0,0,0,0
2020-04-28,US,Vermont,Orange,7,0,0,44.00470222,-72.37640104,50017.0,7,7,0,0,7,6,28999,0,0,0,0,1
2020-04-28,US,Vermont,Orleans,9,0,0,44.82964024,-72.24562697,50019.0,9,9,0,0,9,9,26907,0,0,0,0,0
2020-04-28,US,Vermont,Rutland,44,1,0,43.57723578,-73.03741676,50021.0,43,44,1,0,43,44,58672,0,0,0,0,0
2020-04-28,US,Vermont,Unassigned,3,0,0,0.0,0.0,90050.0,3,3,0,0,3,5,,0,0,0,0,-2
2020-04-28,US,Vermont,Washington,32,1,0,44.27343241,-72.61604978,50023.0,31,32,1,0,31,33,58140,0,0,0,0,-1
2020-04-28,US,Vermont,Windham,71,2,0,42.986982,-72.71268875,50025.0,69,70,2,0,68,69,42756,1,0,0,1,1
2020-04-28,US,Vermont,Windsor,40,2,0,43.58010937,-72.58595157,50027.0,38,40,2,0,38,39,55286,0,0,0,0,1
2020-04-28,US,Virginia,Accomack,223,4,0,37.76707161,-75.63234615,51001.0,219,195,3,0,192,187,32412,28,1,0,27,8
2020-04-28,US,Virginia,Albemarle,80,4,0,38.02080697,-78.55481085,51003.0,76,77,3,0,74,76,108718,3,1,0,2,1
2020-04-28,US,Virginia,Alexandria,653,20,0,38.814003,-77.08183073,51510.0,633,627,19,0,608,591,160530,26,1,0,25,36
2020-04-28,US,Virginia,Alleghany,5,0,0,37.78636074,-80.00222498,51005.0,5,5,0,0,5,5,14910,0,0,0,0,0
2020-04-28,US,Virginia,Amelia,15,1,0,37.34081025,-77.98584649,51007.0,14,15,1,0,14,15,13013,0,0,0,0,0
2020-04-28,US,Virginia,Amherst,9,0,0,37.60308293,-79.14548696,51009.0,9,9,1,0,8,9,31666,0,-1,0,1,0
2020-04-28,US,Virginia,Appomattox,17,0,0,37.37569884,-78.81340003,51011.0,17,17,0,0,17,17,15841,0,0,0,0,0
2020-04-28,US,Virginia,Arlington,865,32,0,38.8767675,-77.10139853,51013.0,833,836,32,0,804,790,237521,29,0,0,29,46
2020-04-28,US,Virginia,Augusta,39,1,0,38.16404586,-79.12461614,51015.0,38,36,1,0,35,36,75457,3,0,0,3,0
2020-04-28,US,Virginia,Bedford,25,0,0,37.3080028,-79.5281964,51019.0,25,25,0,0,25,24,78747,0,0,0,0,1
2020-04-28,US,Virginia,Botetourt,27,3,0,37.55531756,-79.80982182,51023.0,24,27,3,0,24,27,33277,0,0,0,0,0
2020-04-28,US,Virginia,Bristol,1,0,0,36.616302399999995,-82.16359122,51520.0,1,1,0,0,1,1,16482,0,0,0,0,0
2020-04-28,US,Virginia,Brunswick,13,0,0,36.76366949,-77.8593436,51025.0,13,14,0,0,14,14,16384,-1,0,0,-1,0
2020-04-28,US,Virginia,Buchanan,16,0,0,37.26818323,-82.03749726,51027.0,16,14,0,0,14,13,21221,2,0,0,2,1
2020-04-28,US,Virginia,Buckingham,55,0,0,37.57242268,-78.52518834,51029.0,55,45,0,0,45,35,16999,10,0,0,10,10
2020-04-28,US,Virginia,Buena Vista,5,0,0,37.73484642,-79.35296097,51530.0,5,5,0,0,5,5,6237,0,0,0,0,0
2020-04-28,US,Virginia,Campbell,11,0,0,37.20553386,-79.09678609,51031.0,11,11,0,0,11,11,54973,0,0,0,0,0
2020-04-28,US,Virginia,Caroline,22,0,0,38.02679129,-77.34901405,51033.0,22,21,0,0,21,21,30772,1,0,0,1,0
2020-04-28,US,Virginia,Carroll,4,0,0,36.73066666,-80.73455942,51035.0,4,4,0,0,4,3,29636,0,0,0,0,1
2020-04-28,US,Virginia,Charles City,13,1,0,37.35358063,-77.05634116,51036.0,12,13,1,0,12,13,6941,0,0,0,0,0
2020-04-28,US,Virginia,Charlotte,7,0,0,37.01909701,-78.66314092,51037.0,7,7,0,0,7,7,11938,0,0,0,0,0
2020-04-28,US,Virginia,Charlottesville,51,2,0,38.03527919,-78.48569588,51540.0,49,50,2,0,48,49,48117,1,0,0,1,1
2020-04-28,US,Virginia,Chesapeake,220,6,0,36.67670048,-76.30545744,51550.0,214,214,6,0,208,208,242634,6,0,0,6,6
2020-04-28,US,Virginia,Chesterfield,488,19,0,37.37373208,-77.58680140000001,51041.0,469,457,18,0,439,457,348556,31,1,0,30,0
2020-04-28,US,Virginia,Clarke,7,0,0,39.11271747,-77.99199425,51043.0,7,7,0,0,7,7,14523,0,0,0,0,0
2020-04-28,US,Virginia,Colonial Heights,47,4,0,37.26420587,-77.39609676,51570.0,43,45,3,0,42,45,17833,2,1,0,1,0
2020-04-28,US,Virginia,Covington,1,0,0,37.7824656,-79.98631446,51580.0,1,1,0,0,1,1,5460,0,0,0,0,0
2020-04-28,US,Virginia,Craig,2,0,0,37.48133648,-80.21072274,51045.0,2,2,0,0,2,2,5064,0,0,0,0,0
2020-04-28,US,Virginia,Culpeper,126,2,0,38.48199985,-77.95630870000002,51047.0,124,113,2,0,111,103,51859,13,0,0,13,10
2020-04-28,US,Virginia,Cumberland,11,0,0,37.51328851,-78.24398086,51049.0,11,10,0,0,10,10,9809,1,0,0,1,0
2020-04-28,US,Virginia,Danville,33,1,0,36.58022376,-79.40395668,51590.0,32,33,1,0,32,33,40693,0,0,0,0,0
2020-04-28,US,Virginia,Dinwiddie,15,0,0,37.07544585,-77.63451754,51053.0,15,15,0,0,15,14,28529,0,0,0,0,1
2020-04-28,US,Virginia,Emporia,20,2,0,36.69455571,-77.53406129,51595.0,18,20,2,0,18,18,5121,0,0,0,0,2
2020-04-28,US,Virginia,Essex,6,0,0,37.93357639,-76.94230311,51057.0,6,6,0,0,6,6,10919,0,0,0,0,0
2020-04-28,US,Virginia,Fairfax,3278,114,0,38.83677558,-77.27565836,51059.0,3164,3002,100,0,2902,2889,1150795,276,14,0,262,113
2020-04-28,US,Virginia,Fairfax,3278,114,0,38.83677558,-77.27565836,51059.0,3164,3002,100,0,2902,2889,24574,276,14,0,262,113
2020-04-28,US,Virginia,Fairfax City,27,2,0,38.85157547,-77.29779640000002,51600.0,25,27,2,0,25,26,24574,0,0,0,0,1
2020-04-28,US,Virginia,Falls Church,26,2,0,38.88485255,-77.17560759,51610.0,24,26,2,0,24,26,14772,0,0,0,0,0
2020-04-28,US,Virginia,Fauquier,105,2,0,38.73564842,-77.80647472,51061.0,103,96,2,0,94,87,70675,9,0,0,9,9
2020-04-28,US,Virginia,Floyd,1,0,0,36.9302126,-80.36738849,51063.0,1,1,0,0,1,1,15795,0,0,0,0,0
2020-04-28,US,Virginia,Fluvanna,73,5,0,37.84157909,-78.27715475,51065.0,68,73,5,0,68,72,26783,0,0,0,0,1
2020-04-28,US,Virginia,Franklin,20,0,0,36.99536167,-79.88023649,51067.0,20,19,0,0,19,19,56195,1,0,0,1,0
2020-04-28,US,Virginia,Franklin,20,0,0,36.99536167,-79.88023649,51067.0,20,19,0,0,19,19,8013,1,0,0,1,0
2020-04-28,US,Virginia,Franklin City,18,0,0,36.6831435,-76.93859681,51620.0,18,16,0,0,16,16,8013,2,0,0,2,0
2020-04-28,US,Virginia,Frederick,97,1,0,39.20172582,-78.25974949,51069.0,96,95,0,0,95,93,88355,2,1,0,1,2
2020-04-28,US,Virginia,Fredericksburg,27,0,0,38.2977863,-77.4922454,51630.0,27,24,0,0,24,23,29144,3,0,0,3,1
2020-04-28,US,Virginia,Galax,4,0,0,36.66601852,-80.91703124,51640.0,4,4,0,0,4,4,6423,0,0,0,0,0
2020-04-28,US,Virginia,Giles,4,0,0,37.31234791,-80.70636931,51071.0,4,4,0,0,4,4,16844,0,0,0,0,0
2020-04-28,US,Virginia,Gloucester,22,1,0,37.40809042,-76.53524337,51073.0,21,22,1,0,21,22,37349,0,0,0,0,0
2020-04-28,US,Virginia,Goochland,74,3,0,37.71714806,-77.90381514,51075.0,71,72,3,0,69,70,23244,2,0,0,2,2
2020-04-28,US,Virginia,Grayson,1,0,0,36.65677234,-81.23215889,51077.0,1,,,,,,15631,,,,,
2020-04-28,US,Virginia,Greene,9,1,0,38.29545894,-78.46525378,51079.0,8,10,1,0,9,10,19779,-1,0,0,-1,0
2020-04-28,US,Virginia,Greensville,36,6,0,36.67878901,-77.56351439,51081.0,30,36,6,0,30,30,11627,0,0,0,0,6
2020-04-28,US,Virginia,Halifax,17,0,0,36.76654925,-78.93512622,51083.0,17,17,0,0,17,17,34120,0,0,0,0,0
2020-04-28,US,Virginia,Hampton,108,1,0,37.03513786,-76.35879121,51650.0,107,108,1,0,107,104,134313,0,0,0,0,4
2020-04-28,US,Virginia,Hanover,109,9,0,37.7583355,-77.49464673,51085.0,100,108,7,0,101,105,107239,1,2,0,-1,3
2020-04-28,US,Virginia,Harrisonburg,406,9,0,38.43542574,-78.87536254,51660.0,397,383,9,0,374,371,54033,23,0,0,23,12
2020-04-28,US,Virginia,Henrico,835,95,0,37.53460572,-77.39326555,51087.0,740,817,89,0,728,792,329261,18,6,0,12,25
2020-04-28,US,Virginia,Henry,16,1,0,36.68542395,-79.87634026,51089.0,15,15,1,0,14,14,50953,1,0,0,1,1
2020-04-28,US,Virginia,Highland,2,0,0,38.35799465,-79.56124594,51091.0,2,1,0,0,1,1,2210,1,0,0,1,0
2020-04-28,US,Virginia,Hopewell,24,0,0,37.29186313,-77.29754684,51670.0,24,24,0,0,24,22,22596,0,0,0,0,2
2020-04-28,US,Virginia,Isle of Wight,96,2,0,36.90579348,-76.70842863,51093.0,94,93,2,0,91,93,36953,3,0,0,3,0
2020-04-28,US,Virginia,James City,155,12,0,37.31156958,-76.76950618,51095.0,143,154,12,0,142,153,76397,1,0,0,1,1
2020-04-28,US,Virginia,King George,30,4,0,38.26818502,-77.15852768,51099.0,26,28,4,0,24,27,26575,2,0,0,2,1
2020-04-28,US,Virginia,King William,5,0,0,37.70965316,-77.09384941,51101.0,5,5,0,0,5,5,16939,0,0,0,0,0
2020-04-28,US,Virginia,King and Queen,2,0,0,37.71044922,-76.88689628,51097.0,2,2,0,0,2,2,7042,0,0,0,0,0
2020-04-28,US,Virginia,Lancaster,1,0,0,37.71889653,-76.46400482,51103.0,1,1,0,0,1,1,10783,0,0,0,0,0
2020-04-28,US,Virginia,Lee,9,0,0,36.70586667,-83.12606515,51105.0,9,8,0,0,8,8,23541,1,0,0,1,0
2020-04-28,US,Virginia,Lexington,3,0,0,37.78258621,-79.44262866,51678.0,3,3,0,0,3,3,7136,0,0,0,0,0
2020-04-28,US,Virginia,Loudoun,688,12,0,39.08990083,-77.63481877,51107.0,676,628,12,0,616,596,406850,60,0,0,60,32
2020-04-28,US,Virginia,Louisa,41,0,0,37.97850256,-77.96274807,51109.0,41,41,0,0,41,40,36778,0,0,0,0,1
2020-04-28,US,Virginia,Lunenburg,4,0,0,36.94618528,-78.24133319,51111.0,4,4,0,0,4,4,12086,0,0,0,0,0
2020-04-28,US,Virginia,Lynchburg,51,1,0,37.40021399,-79.19888138,51680.0,50,51,1,0,50,50,82126,0,0,0,0,1
2020-04-28,US,Virginia,Madison,14,0,0,38.41531222,-78.28220331,51113.0,14,14,0,0,14,14,13295,0,0,0,0,0
2020-04-28,US,Virginia,Manassas,175,2,0,38.7464321,-77.48509905,51683.0,173,165,2,0,163,158,41641,10,0,0,10,7
2020-04-28,US,Virginia,Manassas Park,53,1,0,38.77058531,-77.44399307,51685.0,52,50,1,0,49,45,17307,3,0,0,3,5
2020-04-28,US,Virginia,Martinsville,2,0,0,36.68212094,-79.86352771,51690.0,2,,,,,,12902,,,,,
2020-04-28,US,Virginia,Mathews,4,0,0,37.44164146,-76.34098896,51115.0,4,4,0,0,4,4,8802,0,0,0,0,0
2020-04-28,US,Virginia,Mecklenburg,100,9,0,36.67882005,-78.36131056,51117.0,91,98,9,0,89,94,30650,2,0,0,2,4
2020-04-28,US,Virginia,Middlesex,4,0,0,37.63191998,-76.55064617,51119.0,4,4,0,0,4,4,10769,0,0,0,0,0
2020-04-28,US,Virginia,Montgomery,54,1,0,37.17746986,-80.37868691,51121.0,53,54,1,0,53,51,98985,0,0,0,0,3
2020-04-28,US,Virginia,Nelson,7,0,0,37.78790447,-78.88498513,51125.0,7,7,0,0,7,7,14836,0,0,0,0,0
2020-04-28,US,Virginia,New Kent,21,1,0,37.50694406,-76.99828634,51127.0,20,20,1,0,19,20,22391,1,0,0,1,0
2020-04-28,US,Virginia,Newport News,112,7,0,37.08166899,-76.51754109,51700.0,105,112,7,0,105,111,178626,0,0,0,0,1
2020-04-28,US,Virginia,Norfolk,188,3,0,36.89934014,-76.26420872,51710.0,185,184,3,0,181,179,244076,4,0,0,4,5
2020-04-28,US,Virginia,Northampton,35,0,0,37.34062933,-75.87751591,51131.0,35,28,0,0,28,24,11735,7,0,0,7,4
2020-04-28,US,Virginia,Northumberland,8,0,0,37.89202088,-76.41949732,51133.0,8,8,0,0,8,8,12147,0,0,0,0,0
2020-04-28,US,Virginia,Norton,2,0,0,36.93357076,-82.62750411,51720.0,2,2,0,0,2,2,3968,0,0,0,0,0
2020-04-28,US,Virginia,Nottoway,11,0,0,37.1435975,-78.05065922,51135.0,11,11,0,0,11,11,15420,0,0,0,0,0
2020-04-28,US,Virginia,Orange,27,0,0,38.24530219,-78.01560400000002,51137.0,27,26,0,0,26,26,36644,1,0,0,1,0
2020-04-28,US,Virginia,Page,89,0,0,38.61807452,-78.48797204,51139.0,89,87,0,0,87,84,23933,2,0,0,2,3
2020-04-28,US,Virginia,Patrick,2,0,0,36.680163799999995,-80.2865648,51141.0,2,2,0,0,2,2,17673,0,0,0,0,0
2020-04-28,US,Virginia,Petersburg,30,2,0,37.20530399,-77.39368102,51730.0,28,30,2,0,28,27,31567,0,0,0,0,3
2020-04-28,US,Virginia,Pittsylvania,11,1,0,36.81980341,-79.39731264,51143.0,10,11,1,0,10,11,60949,0,0,0,0,0
2020-04-28,US,Virginia,Poquoson,6,0,0,37.14259351,-76.35798148,51735.0,6,6,0,0,6,6,12190,0,0,0,0,0
2020-04-28,US,Virginia,Portsmouth,149,5,0,36.85914825,-76.35971629,51740.0,144,114,5,0,109,108,94632,35,0,0,35,6
2020-04-28,US,Virginia,Powhatan,11,0,0,37.55016038,-77.91267882,51145.0,11,11,0,0,11,11,29189,0,0,0,0,0
2020-04-28,US,Virginia,Prince Edward,41,2,0,37.22554789,-78.43597949,51147.0,39,41,2,0,39,41,22950,0,0,0,0,0
2020-04-28,US,Virginia,Prince George,31,0,0,37.18497668,-77.22922187,51149.0,31,31,0,0,31,30,38082,0,0,0,0,1
2020-04-28,US,Virginia,Prince William,1449,20,0,38.70916224,-77.48713689,51153.0,1429,1353,20,0,1333,1265,468011,96,0,0,96,88
2020-04-28,US,Virginia,Pulaski,9,0,0,37.06474963,-80.71229738,51155.0,9,10,0,0,10,10,34066,-1,0,0,-1,0
2020-04-28,US,Virginia,Radford,3,0,0,37.12222899,-80.56027320000003,51750.0,3,3,0,0,3,3,18339,0,0,0,0,0
2020-04-28,US,Virginia,Rappahannock,3,0,0,38.68295619,-78.15826963,51157.0,3,2,0,0,2,2,7252,1,0,0,1,0
2020-04-28,US,Virginia,Richmond,141,0,0,37.937575,-76.72920628,51159.0,141,132,0,0,132,89,9038,9,0,0,9,43
2020-04-28,US,Virginia,Richmond City,312,14,0,37.53255773,-77.47966921,51760.0,298,304,14,0,290,301,228783,8,0,0,8,3
2020-04-28,US,Virginia,Roanoke,41,0,0,37.26865804,-80.06396753,51161.0,41,41,0,0,41,39,94073,0,0,0,0,2
2020-04-28,US,Virginia,Roanoke City,35,0,0,37.27791025,-79.96189766,51770.0,35,33,0,0,33,33,99920,2,0,0,2,0
2020-04-28,US,Virginia,Rockbridge,5,0,0,37.81204314,-79.44605905,51163.0,5,5,0,0,5,5,22752,0,0,0,0,0
2020-04-28,US,Virginia,Rockingham,216,1,0,38.51006137,-78.87260325,51165.0,215,193,1,0,192,184,81244,23,0,0,23,9
2020-04-28,US,Virginia,Russell,3,0,0,36.93028320000001,-82.10095486,51167.0,3,3,0,0,3,3,26748,0,0,0,0,0
2020-04-28,US,Virginia,Salem,12,0,0,37.2836193,-80.06219455,51775.0,12,11,0,0,11,9,25643,1,0,0,1,2
2020-04-28,US,Virginia,Scott,7,1,0,36.71466456,-82.60171704,51169.0,6,6,1,0,5,6,21534,1,0,0,1,0
2020-04-28,US,Virginia,Shenandoah,79,2,0,38.85905135,-78.56813762,51171.0,77,78,2,0,76,74,43497,1,0,0,1,4
2020-04-28,US,Virginia,Smyth,13,0,0,36.84455636,-81.53344948,51173.0,13,13,0,0,13,13,30472,0,0,0,0,0
2020-04-28,US,Virginia,Southampton,115,1,0,36.72231125,-77.10642712,51175.0,114,115,1,0,114,115,17586,0,0,0,0,0
2020-04-28,US,Virginia,Spotsylvania,126,3,0,38.18574462,-77.655399,51177.0,123,119,3,0,116,107,134238,7,0,0,7,12
2020-04-28,US,Virginia,Stafford,221,2,0,38.41758738,-77.45917053,51179.0,219,218,2,0,216,213,149960,3,0,0,3,5
2020-04-28,US,Virginia,Staunton,11,0,0,38.15965544,-79.05979937,51790.0,11,10,0,0,10,10,24922,1,0,0,1,0
2020-04-28,US,Virginia,Suffolk,152,8,0,36.70155394,-76.63603554,51800.0,144,147,5,0,142,147,91185,5,3,0,2,0
2020-04-28,US,Virginia,Surry,4,1,0,37.11781893,-76.88450012,51181.0,3,4,1,0,3,4,6474,0,0,0,0,0
2020-04-28,US,Virginia,Sussex,30,1,0,36.92432914,-77.25791182,51183.0,29,30,1,0,29,28,11237,0,0,0,0,2
2020-04-28,US,Virginia,Tazewell,5,0,0,37.12191123,-81.56685568,51185.0,5,5,0,0,5,4,40855,0,0,0,0,1
2020-04-28,US,Virginia,Virginia Beach,359,12,0,36.73285734,-76.04566934,51810.0,347,355,10,0,345,345,450189,4,2,0,2,10
2020-04-28,US,Virginia,Warren,47,0,0,38.90847745,-78.20280433,51187.0,47,44,0,0,44,43,40003,3,0,0,3,1
2020-04-28,US,Virginia,Washington,34,3,0,36.72341572,-81.95666289,51191.0,31,34,3,0,31,34,54402,0,0,0,0,0
2020-04-28,US,Virginia,Waynesboro,11,0,0,38.06451466,-78.90293905,51820.0,11,11,0,0,11,10,22628,0,0,0,0,1
2020-04-28,US,Virginia,Westmoreland,21,0,0,38.11021557,-76.80213247,51193.0,21,20,0,0,20,20,17830,1,0,0,1,0
2020-04-28,US,Virginia,Williamsburg,18,1,0,37.28131268,-76.70905141,51830.0,17,15,1,0,14,15,14896,3,0,0,3,0
2020-04-28,US,Virginia,Winchester,36,0,0,39.17054517,-78.17325058,51840.0,36,33,0,0,33,33,28108,3,0,0,3,0
2020-04-28,US,Virginia,Wise,22,1,0,36.9746148,-82.62410519,51195.0,21,21,1,0,20,20,38012,1,0,0,1,1
2020-04-28,US,Virginia,Wythe,11,1,0,36.91582035,-81.07834059,51197.0,10,11,1,0,10,11,28754,0,0,0,0,0
2020-04-28,US,Virginia,York,45,1,0,37.24374789,-76.54412815,51199.0,44,44,1,0,43,44,67846,1,0,0,1,0
2020-04-28,US,Washington,Adams,46,0,0,46.98299757,-118.56017340000001,53001.0,46,46,0,0,46,46,19759,0,0,0,0,0
2020-04-28,US,Washington,Asotin,17,2,0,46.18894415,-117.2022851,53003.0,15,17,1,0,16,17,22610,0,1,0,-1,0
2020-04-28,US,Washington,Benton,415,39,0,46.23946995,-119.51208340000001,53005.0,376,409,38,0,371,405,201877,6,1,0,5,4
2020-04-28,US,Washington,Chelan,96,5,0,47.87046092,-120.6173956,53007.0,91,93,5,0,88,91,77036,3,0,0,3,2
2020-04-28,US,Washington,Clallam,17,0,0,48.04754642,-123.92263190000001,53009.0,17,15,0,0,15,15,76737,2,0,0,2,0
2020-04-28,US,Washington,Clark,313,18,0,45.77568046,-122.48292040000001,53011.0,295,308,18,0,290,297,481857,5,0,0,5,11
2020-04-28,US,Washington,Columbia,1,0,0,46.29442881,-117.9051983,53013.0,1,1,0,0,1,1,4059,0,0,0,0,0
2020-04-28,US,Washington,Cowlitz,39,0,0,46.19074721,-122.6782231,53015.0,39,39,0,0,39,39,108987,0,0,0,0,0
2020-04-28,US,Washington,Douglas,75,1,0,47.7361335,-119.69293700000001,53017.0,74,75,1,0,74,72,42907,0,0,0,0,3
2020-04-28,US,Washington,Ferry,1,0,0,48.471143100000006,-118.5154041,53019.0,1,1,0,0,1,1,7649,0,0,0,0,0
2020-04-28,US,Washington,Franklin,265,7,0,46.53351425,-118.9018212,53021.0,258,256,5,0,251,251,94347,9,2,0,7,5
2020-04-28,US,Washington,Grant,155,3,0,47.20753737,-119.4500749,53025.0,152,152,2,0,150,150,97331,3,1,0,2,2
2020-04-28,US,Washington,Grays Harbor,12,0,0,47.14003705,-123.7820567,53027.0,12,12,0,0,12,12,73901,0,0,0,0,0
2020-04-28,US,Washington,Island,168,9,0,48.14713305,-122.5216407,53029.0,159,164,9,0,155,160,84460,4,0,0,4,4
2020-04-28,US,Washington,Jefferson,28,0,0,47.75003077,-123.56097040000002,53031.0,28,28,0,0,28,28,31729,0,0,0,0,0
2020-04-28,US,Washington,King,6001,429,0,47.49137892,-121.8346131,53033.0,5572,5945,416,0,5529,5863,2233163,56,13,0,43,82
2020-04-28,US,Washington,Kitsap,148,2,0,47.63479026,-122.6436061,53035.0,146,147,2,0,145,144,269805,1,0,0,1,3
2020-04-28,US,Washington,Kittitas,15,0,0,47.12521214,-120.67943899999999,53037.0,15,14,0,0,14,14,47364,1,0,0,1,0
2020-04-28,US,Washington,Klickitat,16,3,0,45.87325839,-120.7913598,53039.0,13,16,3,0,13,16,22107,0,0,0,0,0
2020-04-28,US,Washington,Lewis,29,3,0,46.57756476,-122.39257690000001,53041.0,26,29,3,0,26,29,79604,0,0,0,0,0
2020-04-28,US,Washington,Lincoln,2,0,0,47.57705241,-118.41943880000001,53043.0,2,2,0,0,2,2,10740,0,0,0,0,0
2020-04-28,US,Washington,Mason,23,1,0,47.35007586,-123.1863685,53045.0,22,23,1,0,22,22,65507,0,0,0,0,1
2020-04-28,US,Washington,Okanogan,21,1,0,48.54855019,-119.73872240000001,53047.0,20,20,1,0,19,19,42132,1,0,0,1,1
2020-04-28,US,Washington,Pacific,4,0,0,46.55418369,-123.7285716,53049.0,4,4,0,0,4,4,22036,0,0,0,0,0
2020-04-28,US,Washington,Pend Oreille,2,0,0,48.53234021,-117.2741804,53051.0,2,2,0,0,2,2,13602,0,0,0,0,0
2020-04-28,US,Washington,Pierce,1293,48,0,47.03892768,-122.14059579999999,53053.0,1245,1263,47,0,1216,1244,891299,30,1,0,29,19
2020-04-28,US,Washington,San Juan,14,0,0,48.60182783,-122.96745,53055.0,14,14,0,0,14,14,17128,0,0,0,0,0
2020-04-28,US,Washington,Skagit,308,12,0,48.48171488,-121.766131,53057.0,296,305,11,0,294,299,128206,3,1,0,2,6
2020-04-28,US,Washington,Skamania,3,0,0,46.02408726,-121.91644029999999,53059.0,3,3,0,0,3,3,11924,0,0,0,0,0
2020-04-28,US,Washington,Snohomish,2365,108,0,48.04615983,-121.7170703,53061.0,2257,2332,106,0,2226,2311,814901,33,2,0,31,21
2020-04-28,US,Washington,Spokane,350,20,0,47.62113146,-117.4046494,53063.0,330,347,20,0,327,347,514631,3,0,0,3,0
2020-04-28,US,Washington,Stevens,9,1,0,48.40035475,-117.8542701,53065.0,8,9,1,0,8,9,45260,0,0,0,0,0
2020-04-28,US,Washington,Thurston,100,1,0,46.9291895,-122.82906559999999,53067.0,99,100,1,0,99,100,286419,0,0,0,0,0
2020-04-28,US,Washington,Unassigned,79,0,0,0.0,0.0,90053.0,79,103,0,0,103,123,,-24,0,0,-24,-20
2020-04-28,US,Washington,Wahkiakum,2,0,0,46.29180039999999,-123.4250831,53069.0,2,2,0,0,2,2,4426,0,0,0,0,0
2020-04-28,US,Washington,Walla Walla,57,0,0,46.23040051,-118.4775539,53071.0,57,55,0,0,55,52,60922,2,0,0,2,3
2020-04-28,US,Washington,Whatcom,293,28,0,48.82227976,-121.74900179999999,53073.0,265,287,28,0,259,288,225685,6,0,0,6,-1
2020-04-28,US,Washington,Whitman,14,0,0,46.90022523,-117.52417630000001,53075.0,14,14,0,0,14,14,49791,0,0,0,0,0
2020-04-28,US,Washington,Yakima,1046,45,0,46.45738486,-120.73801259999999,53077.0,1001,1034,45,0,989,1015,251446,12,0,0,12,19
2020-04-28,US,West Virginia,Barbour,4,1,0,39.1307219,-80.00350858,54001.0,3,4,1,0,3,4,16535,0,0,0,0,0
2020-04-28,US,West Virginia,Berkeley,141,1,0,39.46704621,-78.02414609,54003.0,140,133,1,0,132,131,117123,8,0,0,8,2
2020-04-28,US,West Virginia,Boone,2,0,0,38.01974191,-81.69888019,54005.0,2,2,0,0,2,2,21951,0,0,0,0,0
2020-04-28,US,West Virginia,Braxton,2,0,0,38.70036159,-80.72011184,54007.0,2,2,0,0,2,2,14089,0,0,0,0,0
2020-04-28,US,West Virginia,Brooke,3,0,0,40.27367263,-80.57915332,54009.0,3,4,0,0,4,4,22203,-1,0,0,-1,0
2020-04-28,US,West Virginia,Cabell,41,0,0,38.42424062,-82.23855912,54011.0,41,41,0,0,41,40,93224,0,0,0,0,1
2020-04-28,US,West Virginia,Fayette,12,0,0,38.02974928,-81.08286634,54019.0,12,10,0,0,10,9,43018,2,0,0,2,1
2020-04-28,US,West Virginia,Gilmer,2,0,0,38.9251277,-80.85952723,54021.0,2,2,0,0,2,2,8026,0,0,0,0,0
2020-04-28,US,West Virginia,Grant,1,0,0,39.10314817,-79.19440518,54023.0,1,1,0,0,1,1,11626,0,0,0,0,0
2020-04-28,US,West Virginia,Greenbrier,3,0,0,37.9463652,-80.45335881,54025.0,3,3,0,0,3,3,34786,0,0,0,0,0
2020-04-28,US,West Virginia,Hampshire,7,1,0,39.32103553,-78.60826476,54027.0,6,7,1,0,6,7,23347,0,0,0,0,0
2020-04-28,US,West Virginia,Hancock,8,0,0,40.51943859,-80.57461608,54029.0,8,8,0,0,8,8,29094,0,0,0,0,0
2020-04-28,US,West Virginia,Hardy,4,0,0,39.00683177,-78.85855301,54031.0,4,3,0,0,3,3,13775,1,0,0,1,0
2020-04-28,US,West Virginia,Harrison,30,1,0,39.2853852,-80.37919577,54033.0,29,30,1,0,29,30,67554,0,0,0,0,0
2020-04-28,US,West Virginia,Jackson,129,12,0,38.84263974,-81.68148753,54035.0,117,127,9,0,118,127,28706,2,3,0,-1,0
2020-04-28,US,West Virginia,Jefferson,77,1,0,39.30776166,-77.86014147,54037.0,76,72,0,0,72,71,56811,5,1,0,4,1
2020-04-28,US,West Virginia,Kanawha,157,4,0,38.33860077,-81.52857054,54039.0,153,155,4,0,151,153,180454,2,0,0,2,2
2020-04-28,US,West Virginia,Lewis,4,0,0,38.9947249,-80.49988181,54041.0,4,4,0,0,4,3,16024,0,0,0,0,1
2020-04-28,US,West Virginia,Lincoln,1,0,0,38.172154,-82.07017953,54043.0,1,1,0,0,1,1,20599,0,0,0,0,0
2020-04-28,US,West Virginia,Logan,12,1,0,37.8299889,-81.93528571,54045.0,11,12,1,0,11,12,32607,0,0,0,0,0
2020-04-28,US,West Virginia,Marion,45,2,0,39.50984542,-80.24244659,54049.0,43,45,2,0,43,45,56097,0,0,0,0,0
2020-04-28,US,West Virginia,Marshall,11,0,0,39.86064362,-80.66591062,54051.0,11,11,0,0,11,11,30785,0,0,0,0,0
2020-04-28,US,West Virginia,Mason,12,0,0,38.77071799,-82.02524219,54053.0,12,11,0,0,11,11,26718,1,0,0,1,0
2020-04-28,US,West Virginia,McDowell,6,0,0,37.38002939,-81.65083669,54047.0,6,6,0,0,6,6,18223,0,0,0,0,0
2020-04-28,US,West Virginia,Mercer,9,0,0,37.40481169,-81.11023142,54055.0,9,9,0,0,9,9,59131,0,0,0,0,0
2020-04-28,US,West Virginia,Mineral,15,0,0,39.41561583,-78.94104895,54057.0,15,15,0,0,15,15,26940,0,0,0,0,0
2020-04-28,US,West Virginia,Mingo,2,1,0,37.73048351,-82.13338365,54059.0,1,2,1,0,1,2,23785,0,0,0,0,0
2020-04-28,US,West Virginia,Monongalia,103,4,0,39.63218457,-80.04766838,54061.0,99,102,4,0,98,101,106420,1,0,0,1,1
2020-04-28,US,West Virginia,Monroe,5,0,0,37.56274716,-80.54577965,54063.0,5,5,0,0,5,5,13280,0,0,0,0,0
2020-04-28,US,West Virginia,Morgan,9,0,0,39.55439028,-78.26311676,54065.0,9,9,0,0,9,9,17787,0,0,0,0,0
2020-04-28,US,West Virginia,Nicholas,6,0,0,38.29617706,-80.79759588,54067.0,6,6,0,0,6,6,24842,0,0,0,0,0
2020-04-28,US,West Virginia,Ohio,26,1,0,40.0955451,-80.62203992,54069.0,25,26,1,0,25,26,41755,0,0,0,0,0
2020-04-28,US,West Virginia,Pendleton,3,0,0,38.68314479,-79.35084086,54071.0,3,3,0,0,3,3,6997,0,0,0,0,0
2020-04-28,US,West Virginia,Pleasants,2,0,0,39.37091679,-81.16771771,54073.0,2,2,0,0,2,2,7507,0,0,0,0,0
2020-04-28,US,West Virginia,Pocahontas,2,0,0,38.32758728,-80.00993811,54075.0,2,1,0,0,1,,8414,1,0,0,1,
2020-04-28,US,West Virginia,Preston,13,0,0,39.46770987,-79.66712803,54077.0,13,13,0,0,13,13,33839,0,0,0,0,0
2020-04-28,US,West Virginia,Putnam,22,0,0,38.50782345,-81.9082131,54079.0,22,18,0,0,18,18,56682,4,0,0,4,0
2020-04-28,US,West Virginia,Raleigh,8,0,0,37.76936795,-81.2456041,54081.0,8,8,0,0,8,9,74254,0,0,0,0,-1
2020-04-28,US,West Virginia,Randolph,4,0,0,38.769899,-79.87919615,54083.0,4,4,0,0,4,4,28823,0,0,0,0,0
2020-04-28,US,West Virginia,Roane,4,0,0,38.71622686,-81.35243568,54087.0,4,4,0,0,4,4,13932,0,0,0,0,0
2020-04-28,US,West Virginia,Summers,1,0,0,37.65390597,-80.86009693,54089.0,1,1,0,0,1,1,12760,0,0,0,0,0
2020-04-28,US,West Virginia,Taylor,6,0,0,39.33602617,-80.0421439,54091.0,6,6,0,0,6,6,16862,0,0,0,0,0
2020-04-28,US,West Virginia,Tucker,4,0,0,39.11240885,-79.57053576,54093.0,4,4,0,0,4,4,6955,0,0,0,0,0
2020-04-28,US,West Virginia,Tyler,3,0,0,39.46811972,-80.88772676,54095.0,3,3,0,0,3,3,8746,0,0,0,0,0
2020-04-28,US,West Virginia,Upshur,4,0,0,38.89285061,-80.23689136,54097.0,4,4,0,0,4,4,24415,0,0,0,0,0
2020-04-28,US,West Virginia,Wayne,84,6,0,38.14901357,-82.42287994,54099.0,78,82,6,0,76,82,39944,2,0,0,2,0
2020-04-28,US,West Virginia,Wetzel,3,0,0,39.6065771,-80.64016540000001,54103.0,3,3,0,0,3,3,15270,0,0,0,0,0
2020-04-28,US,West Virginia,Wirt,3,0,0,39.02775007,-81.37473928,54105.0,3,3,0,0,3,3,5830,0,0,0,0,0
2020-04-28,US,West Virginia,Wood,39,2,0,39.20967886,-81.5162836,54107.0,37,35,2,0,33,36,84203,4,0,0,4,-1
2020-04-28,US,West Virginia,Wyoming,1,0,0,37.612327,-81.54511071,54109.0,1,1,0,0,1,1,20786,0,0,0,0,0
2020-04-28,US,Wisconsin,Adams,4,1,0,43.96974651,-89.76782777,55001.0,3,4,1,0,3,4,20348,0,0,0,0,0
2020-04-28,US,Wisconsin,Ashland,2,0,0,46.31956891,-90.67837132,55003.0,2,2,0,0,2,2,15600,0,0,0,0,0
2020-04-28,US,Wisconsin,Barron,6,0,0,45.42372701,-91.84833627,55005.0,6,6,0,0,6,6,45164,0,0,0,0,0
2020-04-28,US,Wisconsin,Bayfield,3,1,0,46.52868768,-91.19716729,55007.0,2,3,1,0,2,3,15042,0,0,0,0,0
2020-04-28,US,Wisconsin,Brown,920,3,0,44.452655299999996,-88.00411844,55009.0,917,853,2,0,851,776,263378,67,1,0,66,77
2020-04-28,US,Wisconsin,Buffalo,4,1,0,44.37835084,-91.75332578,55011.0,3,4,1,0,3,4,13125,0,0,0,0,0
2020-04-28,US,Wisconsin,Calumet,10,0,0,44.0816316,-88.21780273,55015.0,10,9,0,0,9,7,50159,1,0,0,1,2
2020-04-28,US,Wisconsin,Chippewa,21,0,0,45.06939744,-91.28068855,55017.0,21,20,0,0,20,20,64135,1,0,0,1,0
2020-04-28,US,Wisconsin,Clark,20,3,0,44.73483377,-90.61207486,55019.0,17,19,2,0,17,19,34709,1,1,0,0,0
2020-04-28,US,Wisconsin,Columbia,27,1,0,43.46492199,-89.33589004,55021.0,26,27,1,0,26,27,57358,0,0,0,0,0
2020-04-28,US,Wisconsin,Crawford,3,0,0,43.23870316,-90.93073686,55023.0,3,3,0,0,3,3,16291,0,0,0,0,0
2020-04-28,US,Wisconsin,Dane,417,22,0,43.06601594,-89.41733797,55025.0,395,412,21,0,391,405,542364,5,1,0,4,7
2020-04-28,US,Wisconsin,Dodge,32,1,0,43.41576662,-88.70928178,55027.0,31,30,1,0,29,29,87847,2,0,0,2,1
2020-04-28,US,Wisconsin,Door,12,1,0,44.95856458,-87.30002707,55029.0,11,10,1,0,9,10,27610,2,0,0,2,0
2020-04-28,US,Wisconsin,Douglas,9,0,0,46.43222285,-91.91595768,55031.0,9,9,0,0,9,9,43208,0,0,0,0,0
2020-04-28,US,Wisconsin,Dunn,9,0,0,44.94562799,-91.8962481,55033.0,9,9,0,0,9,9,45131,0,0,0,0,0
2020-04-28,US,Wisconsin,Eau Claire,27,0,0,44.726614,-91.28609183,55035.0,27,25,0,0,25,25,104534,2,0,0,2,0
2020-04-28,US,Wisconsin,Florence,2,0,0,45.84963535,-88.39804137,55037.0,2,2,0,0,2,2,4321,0,0,0,0,0
2020-04-28,US,Wisconsin,Fond du Lac,69,3,0,43.75354908,-88.48885325,55039.0,66,69,3,0,66,69,103066,0,0,0,0,0
2020-04-28,US,Wisconsin,Grant,32,5,0,42.8671731,-90.7063218,55043.0,27,31,4,0,27,30,51554,1,1,0,0,1
2020-04-28,US,Wisconsin,Green,11,0,0,42.6794956,-89.60243287,55045.0,11,11,0,0,11,11,36929,0,0,0,0,0
2020-04-28,US,Wisconsin,Green Lake,2,0,0,43.80025981,-89.04679553,55047.0,2,2,0,0,2,1,18918,0,0,0,0,1
2020-04-28,US,Wisconsin,Iowa,7,0,0,43.00050278,-90.13469017,55049.0,7,7,0,0,7,7,23771,0,0,0,0,0
2020-04-28,US,Wisconsin,Iron,2,1,0,46.26302338,-90.24295041,55051.0,1,2,1,0,1,2,5676,0,0,0,0,0
2020-04-28,US,Wisconsin,Jackson,12,1,0,44.31864893,-90.80566792,55053.0,11,12,1,0,11,12,20478,0,0,0,0,0
2020-04-28,US,Wisconsin,Jefferson,42,0,0,43.02054068,-88.77529134,55055.0,42,39,0,0,39,39,85129,3,0,0,3,0
2020-04-28,US,Wisconsin,Juneau,13,1,0,43.92456975,-90.11120239,55057.0,12,13,1,0,12,12,26617,0,0,0,0,1
2020-04-28,US,Wisconsin,Kenosha,348,9,0,42.57639354,-88.04051686,55059.0,339,340,7,0,333,339,169290,8,2,0,6,1
2020-04-28,US,Wisconsin,Kewaunee,11,1,0,44.51727459,-87.61468386,55061.0,10,10,1,0,9,10,20383,1,0,0,1,0
2020-04-28,US,Wisconsin,La Crosse,27,0,0,43.90632465,-91.11451093,55063.0,27,26,0,0,26,26,118230,1,0,0,1,0
2020-04-28,US,Wisconsin,Lafayette,4,0,0,42.66005229,-90.1317729,55065.0,4,4,0,0,4,4,16665,0,0,0,0,0
2020-04-28,US,Wisconsin,Manitowoc,11,1,0,44.11946801,-87.80928853,55071.0,10,11,1,0,10,10,79074,0,0,0,0,1
2020-04-28,US,Wisconsin,Marathon,17,1,0,44.89792533,-89.75863384,55073.0,16,17,1,0,16,18,135428,0,0,0,0,-1
2020-04-28,US,Wisconsin,Marinette,7,1,0,45.38553432,-88.03324599999998,55075.0,6,7,1,0,6,7,40434,0,0,0,0,0
2020-04-28,US,Wisconsin,Marquette,3,1,0,43.81911946,-89.40073763,55077.0,2,3,1,0,2,3,15434,0,0,0,0,0
2020-04-28,US,Wisconsin,Menominee,1,0,0,45.00422544,-88.70950714,55078.0,1,1,0,0,1,1,4658,0,0,0,0,0
2020-04-28,US,Wisconsin,Milwaukee,2722,174,0,43.00486062,-87.96733172,55079.0,2548,2674,167,0,2507,2629,948201,48,7,0,41,45
2020-04-28,US,Wisconsin,Monroe,14,1,0,43.94641218,-90.61881899999999,55081.0,13,14,0,0,14,14,46051,0,1,0,-1,0
2020-04-28,US,Wisconsin,Oconto,8,0,0,45.02715345,-88.26807503,55083.0,8,8,0,0,8,7,37830,0,0,0,0,1
2020-04-28,US,Wisconsin,Oneida,6,0,0,45.70677897,-89.51944105,55085.0,6,6,0,0,6,6,35470,0,0,0,0,0
2020-04-28,US,Wisconsin,Outagamie,50,2,0,44.41578887,-88.46565023,55087.0,48,47,2,0,45,46,187365,3,0,0,3,1
2020-04-28,US,Wisconsin,Ozaukee,86,9,0,43.38352225,-87.94625009,55089.0,77,86,9,0,77,85,89147,0,0,0,0,1
2020-04-28,US,Wisconsin,Pierce,9,0,0,44.71850291,-92.4224416,55093.0,9,9,0,0,9,9,42555,0,0,0,0,0
2020-04-28,US,Wisconsin,Polk,4,0,0,45.46130348,-92.44182875,55095.0,4,4,0,0,4,4,43598,0,0,0,0,0
2020-04-28,US,Wisconsin,Portage,4,0,0,44.47558711,-89.50152965,55097.0,4,4,0,0,4,4,70942,0,0,0,0,0
2020-04-28,US,Wisconsin,Price,1,0,0,45.68051754,-90.36098879999999,55099.0,1,1,0,0,1,1,13397,0,0,0,0,0
2020-04-28,US,Wisconsin,Racine,308,12,0,42.74753117,-88.05941254,55101.0,296,273,10,0,263,270,196584,35,2,0,33,3
2020-04-28,US,Wisconsin,Richland,11,2,0,43.3762778,-90.43012729,55103.0,9,11,1,0,10,11,17377,0,1,0,-1,0
2020-04-28,US,Wisconsin,Rock,178,6,0,42.67151616,-89.07147900000002,55105.0,172,164,5,0,159,151,163129,14,1,0,13,13
2020-04-28,US,Wisconsin,Rusk,4,0,0,45.47498854,-91.1333012,55107.0,4,4,0,0,4,4,14147,0,0,0,0,0
2020-04-28,US,Wisconsin,Sauk,44,3,0,43.42574087,-89.94966132,55111.0,41,42,3,0,39,40,64249,2,0,0,2,2
2020-04-28,US,Wisconsin,Sawyer,3,0,0,45.87931905,-91.14504927,55113.0,3,3,0,0,3,3,16489,0,0,0,0,0
2020-04-28,US,Wisconsin,Shawano,8,0,0,44.78902246,-88.76443896,55115.0,8,8,0,0,8,8,40796,0,0,0,0,0
2020-04-28,US,Wisconsin,Sheboygan,46,2,0,43.72099677,-87.94579284,55117.0,44,46,2,0,44,45,115456,0,0,0,0,1
2020-04-28,US,Wisconsin,St. Croix,13,0,0,45.03437474,-92.45000068,55109.0,13,13,0,0,13,13,89694,0,0,0,0,0
2020-04-28,US,Wisconsin,Trempealeau,2,0,0,44.30360275,-91.35893614,55121.0,2,2,0,0,2,2,29442,0,0,0,0,0
2020-04-28,US,Wisconsin,Vernon,1,0,0,43.59422667,-90.8324691,55123.0,1,1,0,0,1,1,30785,0,0,0,0,0
2020-04-28,US,Wisconsin,Vilas,4,0,0,46.05467334,-89.51719204,55125.0,4,4,0,0,4,4,21938,0,0,0,0,0
2020-04-28,US,Wisconsin,Walworth,139,8,0,42.66858202,-88.54163073,55127.0,131,138,8,0,130,135,103718,1,0,0,1,3
2020-04-28,US,Wisconsin,Washburn,1,0,0,45.89838588,-91.79050449,55129.0,1,1,0,0,1,1,15878,0,0,0,0,0
2020-04-28,US,Wisconsin,Washington,96,4,0,43.36863664,-88.22974712,55131.0,92,94,4,0,90,92,135693,2,0,0,2,2
2020-04-28,US,Wisconsin,Waukesha,321,16,0,43.01833055,-88.30431188,55133.0,305,313,15,0,298,307,403072,8,1,0,7,6
2020-04-28,US,Wisconsin,Waupaca,7,1,0,44.47068056,-88.96534501,55135.0,6,7,1,0,6,7,51128,0,0,0,0,0
2020-04-28,US,Wisconsin,Waushara,2,0,0,44.11324419,-89.24317107,55137.0,2,2,0,0,2,2,24263,0,0,0,0,0
2020-04-28,US,Wisconsin,Winnebago,48,1,0,44.06886922,-88.64477096,55139.0,47,48,1,0,47,48,171020,0,0,0,0,0
2020-04-28,US,Wisconsin,Wood,2,0,0,44.45537896,-90.04158336,55141.0,2,2,0,0,2,2,73055,0,0,0,0,0
2020-04-28,US,Wyoming,Albany,8,0,0,41.65498705,-105.72354150000001,56001.0,8,7,0,0,7,6,38601,1,0,0,1,1
2020-04-28,US,Wyoming,Big Horn,2,0,0,44.52405055,-107.9960365,56003.0,2,2,0,0,2,2,11881,0,0,0,0,0
2020-04-28,US,Wyoming,Campbell,23,0,0,44.24886082,-105.54744040000001,56005.0,23,23,0,0,23,23,46140,0,0,0,0,0
2020-04-28,US,Wyoming,Carbon,4,0,0,41.69357844,-106.9326084,56007.0,4,4,0,0,4,6,14971,0,0,0,0,-2
2020-04-28,US,Wyoming,Converse,21,0,0,42.97272268,-105.5081848,56009.0,21,17,0,0,17,16,13640,4,0,0,4,1
2020-04-28,US,Wyoming,Crook,5,0,0,44.58855102,-104.56977049999999,56011.0,5,5,0,0,5,5,7450,0,0,0,0,0
2020-04-28,US,Wyoming,Fremont,109,0,0,43.04183996,-108.6296893,56013.0,109,106,0,0,106,91,39531,3,0,0,3,15
2020-04-28,US,Wyoming,Goshen,4,0,0,42.08798185,-104.3534743,56015.0,4,4,0,0,4,4,13376,0,0,0,0,0
2020-04-28,US,Wyoming,Hot Springs,3,0,0,43.71930657,-108.44231740000001,56017.0,3,3,0,0,3,3,4555,0,0,0,0,0
2020-04-28,US,Wyoming,Johnson,15,1,0,44.04057166,-106.58451740000001,56019.0,14,15,1,0,14,15,8460,0,0,0,0,0
2020-04-28,US,Wyoming,Laramie,134,0,0,41.30702520000001,-104.6887497,56021.0,134,128,0,0,128,125,98976,6,0,0,6,3
2020-04-28,US,Wyoming,Lincoln,9,0,0,42.26376367,-110.6563997,56023.0,9,9,0,0,9,9,19434,0,0,0,0,0
2020-04-28,US,Wyoming,Natrona,49,0,0,42.96180148,-106.79788500000001,56025.0,49,49,0,0,49,49,79115,0,0,0,0,0
2020-04-28,US,Wyoming,Niobrara,2,0,0,43.05607708,-104.47588959999999,56027.0,2,2,0,0,2,2,2388,0,0,0,0,0
2020-04-28,US,Wyoming,Park,1,0,0,44.52157546,-109.58528249999999,56029.0,1,1,0,0,1,1,29324,0,0,0,0,0
2020-04-28,US,Wyoming,Sheridan,16,0,0,44.79048913,-106.8862389,56033.0,16,16,0,0,16,16,30233,0,0,0,0,0
2020-04-28,US,Wyoming,Sublette,3,0,0,42.76558279,-109.91309220000001,56035.0,3,3,0,0,3,3,9813,0,0,0,0,0
2020-04-28,US,Wyoming,Sweetwater,16,0,0,41.65943896,-108.8827882,56037.0,16,16,0,0,16,16,43051,0,0,0,0,0
2020-04-28,US,Wyoming,Teton,96,0,0,43.93522482,-110.5890801,56039.0,96,95,0,0,95,95,23081,1,0,0,1,0
2020-04-28,US,Wyoming,Uinta,8,0,0,41.2878183,-110.54757820000002,56041.0,8,7,0,0,7,7,20299,1,0,0,1,0
2020-04-28,US,Wyoming,Unassigned,0,6,0,0.0,0.0,90056.0,-6,0,6,0,-6,0,,0,0,0,0,0
2020-04-28,US,Wyoming,Washakie,8,0,0,43.90451606,-107.68018700000002,56043.0,8,8,0,0,8,8,7885,0,0,0,0,0
