Date,Country/Region,Province/State,Admin2,Confirmed,Deaths,Recovered,Latitude,Longitude,FIPS,Incidence_Rate,Case-Fatality_Ratio,Active Cases,Previous Confirmed,Previous Deaths,Previous Recovered,Previous Active,Prev2 Confirmed,Population,Daily Confirmed,Daily Deaths,Daily Recovered,Daily Active,Previous Daily Confirmed
2020-07-23,US,Alabama,Autauga,877,20,0,32.53952745,-86.64408227,1001.0,1569.743507132757,2.2805017103762832,857,863,20,0,843,845,55601,14,0,0,14,18
2020-07-23,US,Alabama,Baldwin,2423,16,0,30.72774991,-87.72207058,1003.0,1085.408136753362,0.660338423442014,2407,2164,15,0,2149,2077,218022,259,1,0,258,87
2020-07-23,US,Alabama,Barbour,501,4,0,31.868263,-85.3871286,1005.0,2029.4903994166727,0.7984031936127745,497,487,4,0,483,484,24881,14,0,0,14,3
2020-07-23,US,Alabama,Bibb,284,2,0,32.99642064,-87.12511459999996,1007.0,1268.1968384388674,0.7042253521126759,282,282,2,0,280,278,22400,2,0,0,2,4
2020-07-23,US,Alabama,Blount,528,1,0,33.98210918,-86.56790593,1009.0,913.0840798256841,0.1893939393939394,527,498,1,0,497,479,57840,30,0,0,30,19
2020-07-23,US,Alabama,Bullock,403,11,0,32.10030533,-85.71265535,1011.0,3989.70398970399,2.729528535980149,392,402,11,0,391,396,10138,1,0,0,1,6
2020-07-23,US,Alabama,Butler,698,34,0,31.75300095,-86.68057478,1013.0,3589.058000822706,4.871060171919772,664,693,33,0,660,688,19680,5,1,0,4,5
2020-07-23,US,Alabama,Calhoun,908,6,0,33.77483727,-85.82630386,1015.0,799.2605959244753,0.6607929515418502,902,870,6,0,864,849,114277,38,0,0,38,21
2020-07-23,US,Alabama,Chambers,756,34,0,32.91360079,-85.39072749,1017.0,2273.4107175076683,4.497354497354498,722,748,34,0,714,743,33615,8,0,0,8,5
2020-07-23,US,Alabama,Cherokee,181,7,0,34.17805983,-85.60638968,1019.0,690.9451824706063,3.867403314917127,174,174,7,0,167,172,26032,7,0,0,7,2
2020-07-23,US,Alabama,Chilton,527,4,0,32.85044126,-86.7173256,1021.0,1186.1888898892591,0.7590132827324478,523,507,4,0,503,491,44153,20,0,0,20,16
2020-07-23,US,Alabama,Choctaw,245,12,0,32.02227341,-88.26564429999998,1023.0,1946.1434585749466,4.8979591836734695,233,244,12,0,232,238,12841,1,0,0,1,6
2020-07-23,US,Alabama,Clarke,416,9,0,31.68099859,-87.83548597,1025.0,1761.0701888070444,2.1634615384615383,407,403,8,0,395,398,23920,13,1,0,12,5
2020-07-23,US,Alabama,Clay,136,2,0,33.26984193,-85.85836077,1027.0,1027.578390630903,1.4705882352941178,134,135,2,0,133,132,13275,1,0,0,1,3
2020-07-23,US,Alabama,Cleburne,84,1,0,33.67679204,-85.52005899,1029.0,563.3802816901408,1.1904761904761905,83,82,1,0,81,80,14987,2,0,0,2,2
2020-07-23,US,Alabama,Coffee,591,5,0,31.39932826,-85.98901039,1031.0,1129.1123762943714,0.8460236886632826,586,555,4,0,551,554,51909,36,1,0,35,1
2020-07-23,US,Alabama,Colbert,823,10,0,34.69847452,-87.80168544,1033.0,1489.8354483083215,1.2150668286755772,813,805,10,0,795,785,54762,18,0,0,18,20
2020-07-23,US,Alabama,Conecuh,310,9,0,31.43401703,-86.99320044,1035.0,2568.9898069114115,2.9032258064516134,301,299,9,0,290,297,12277,11,0,0,11,2
2020-07-23,US,Alabama,Coosa,74,2,0,32.93690146,-86.24847739,1037.0,693.9885585670074,2.702702702702702,72,74,1,0,73,73,10715,0,1,0,-1,1
2020-07-23,US,Alabama,Covington,587,18,0,31.247785399999998,-86.45050893,1039.0,1584.388242597641,3.0664395229982966,569,577,17,0,560,569,36986,10,1,0,9,8
2020-07-23,US,Alabama,Crenshaw,210,3,0,31.72941803,-86.31593104,1041.0,1524.8329944815564,1.4285714285714286,207,205,3,0,202,200,13824,5,0,0,5,5
2020-07-23,US,Alabama,Cullman,888,7,0,34.13020303,-86.86888037,1043.0,1060.0706713780921,0.7882882882882883,881,859,7,0,852,839,83442,29,0,0,29,20
2020-07-23,US,Alabama,Dale,587,8,0,31.43037123,-85.61095742,1045.0,1193.7688115187505,1.3628620102214652,579,568,8,0,560,557,48956,19,0,0,19,11
2020-07-23,US,Alabama,Dallas,1173,18,0,32.32688101,-87.10866709999998,1047.0,3153.564899451554,1.5345268542199488,1155,1158,16,0,1142,1150,38310,15,2,0,13,8
2020-07-23,US,Alabama,DeKalb,1407,9,0,34.45946862,-85.80782906,1049.0,1967.4744452057666,0.6396588486140725,1398,1361,8,0,1353,1342,71385,46,1,0,45,19
2020-07-23,US,Alabama,Elmore,1371,33,0,32.59785413,-86.14415284,1051.0,1688.2365255082566,2.4070021881838075,1338,1313,33,0,1280,1290,81887,58,0,0,58,23
2020-07-23,US,Alabama,Escambia,744,15,0,31.1256789,-87.15918694,1053.0,2030.955695684219,2.0161290322580645,729,697,15,0,682,676,36748,47,0,0,47,21
2020-07-23,US,Alabama,Etowah,1495,16,0,34.04567266,-86.04051873,1055.0,1461.8453475182853,1.0702341137123743,1479,1440,15,0,1425,1422,102501,55,1,0,54,18
2020-07-23,US,Alabama,Fayette,128,5,0,33.72076938,-87.73886638,1057.0,785.1797325481537,3.90625,123,124,5,0,119,122,16433,4,0,0,4,2
2020-07-23,US,Alabama,Franklin,1051,17,0,34.44235334,-87.84289505,1059.0,3351.1893374147053,1.6175071360608944,1034,1044,17,0,1027,1038,31363,7,0,0,7,6
2020-07-23,US,Alabama,Geneva,167,0,0,31.09389027,-85.83572839,1061.0,635.6819306459594,0.0,167,158,0,0,158,150,26314,9,0,0,9,8
2020-07-23,US,Alabama,Greene,228,10,0,32.85504247,-87.95684022,1063.0,2810.9974109234367,4.385964912280701,218,225,10,0,215,224,8233,3,0,0,3,1
2020-07-23,US,Alabama,Hale,409,22,0,32.76039258,-87.63284988,1065.0,2791.6183195686303,5.378973105134474,387,403,22,0,381,402,14726,6,0,0,6,1
2020-07-23,US,Alabama,Henry,201,3,0,31.51148016,-85.24267944,1067.0,1168.2650392327812,1.492537313432836,198,198,3,0,195,194,17209,3,0,0,3,4
2020-07-23,US,Alabama,Houston,1002,8,0,31.15197924,-85.29939599,1069.0,946.3364877882927,0.7984031936127745,994,950,8,0,942,925,104722,52,0,0,52,25
2020-07-23,US,Alabama,Jackson,613,3,0,34.78144169,-85.99750489,1071.0,1187.3862007515593,0.4893964110929853,610,597,3,0,594,582,51736,16,0,0,16,15
2020-07-23,US,Alabama,Jefferson,9552,197,0,33.55554728,-86.89506300000002,1073.0,1450.4086866604007,2.062395309882747,9355,9275,190,0,9085,9088,659300,277,7,0,270,187
2020-07-23,US,Alabama,Lamar,154,1,0,33.77995024,-88.09668032,1075.0,1115.5378486055777,0.6493506493506493,153,145,1,0,144,140,13844,9,0,0,9,5
2020-07-23,US,Alabama,Lauderdale,826,9,0,34.90171875,-87.65624729,1077.0,890.7677209934325,1.089588377723971,817,815,9,0,806,798,92387,11,0,0,11,17
2020-07-23,US,Alabama,Lawrence,216,0,0,34.52041498,-87.31069453,1079.0,656.0563722512453,0.0,216,210,0,0,210,205,32957,6,0,0,6,5
2020-07-23,US,Alabama,Lee,2172,40,0,32.60154883,-85.35132246,1081.0,1320.0277132890085,1.8416206261510129,2132,2117,38,0,2079,2088,163941,55,2,0,53,29
2020-07-23,US,Alabama,Limestone,946,7,0,34.81185586,-86.98310072,1083.0,956.3766870545418,0.7399577167019028,939,930,7,0,923,904,96174,16,0,0,16,26
2020-07-23,US,Alabama,Lowndes,524,24,0,32.1597283,-86.65158371,1085.0,5387.620810199464,4.580152671755725,500,524,24,0,500,521,9974,0,0,0,0,3
2020-07-23,US,Alabama,Macon,276,12,0,32.38759944,-85.69267724,1087.0,1527.5625415098514,4.3478260869565215,264,269,11,0,258,264,18439,7,1,0,6,5
2020-07-23,US,Alabama,Madison,3886,16,0,34.76327133,-86.55069633,1089.0,1042.077289633664,0.4117344312918168,3870,3741,16,0,3725,3658,366519,145,0,0,145,83
2020-07-23,US,Alabama,Marengo,451,11,0,32.24767634,-87.78796182,1091.0,2390.924031172136,2.4390243902439024,440,438,11,0,427,433,19066,13,0,0,13,5
2020-07-23,US,Alabama,Marion,449,21,0,34.13697363,-87.88704173,1093.0,1511.3265340469218,4.67706013363029,428,441,21,0,420,436,29763,8,0,0,8,5
2020-07-23,US,Alabama,Marshall,2546,21,0,34.36975964,-86.30486727,1095.0,2630.871928410524,0.8248232521602514,2525,2461,21,0,2440,2426,96109,85,0,0,85,35
2020-07-23,US,Alabama,Mobile,6797,170,0,30.78472347,-88.20842409,1097.0,1644.9263086566152,2.5011034279829336,6627,6443,168,0,6275,6279,413757,354,2,0,352,164
2020-07-23,US,Alabama,Monroe,347,3,0,31.56729412,-87.36995001,1099.0,1673.66034823711,0.8645533141210374,344,332,3,0,329,323,21067,15,0,0,15,9
2020-07-23,US,Alabama,Montgomery,5429,130,0,32.2206831,-86.20969272,1101.0,2397.057654777779,2.394547798857985,5299,5329,127,0,5202,5244,225763,100,3,0,97,85
2020-07-23,US,Alabama,Morgan,1830,11,0,34.45500589,-86.85475946,1103.0,1529.0903165968964,0.6010928961748634,1819,1784,11,0,1773,1744,119089,46,0,0,46,40
2020-07-23,US,Alabama,Perry,359,3,0,32.64048341,-87.29770589,1105.0,4023.310545780567,0.8356545961002786,356,351,3,0,348,339,9140,8,0,0,8,12
2020-07-23,US,Alabama,Pickens,314,9,0,33.28094866,-88.08818103,1107.0,1575.5143000501755,2.8662420382165603,305,312,9,0,303,310,19938,2,0,0,2,2
2020-07-23,US,Alabama,Pike,572,7,0,31.80396383,-85.9408295,1109.0,1727.3660687322586,1.2237762237762235,565,562,6,0,556,552,33338,10,1,0,9,10
2020-07-23,US,Alabama,Randolph,348,10,0,33.29526734,-85.45708831,1111.0,1531.5553208344336,2.8735632183908044,338,338,10,0,328,337,22725,10,0,0,10,1
2020-07-23,US,Alabama,Russell,991,1,0,32.28725256,-85.18415324,1113.0,1709.7703628301792,0.10090817356205853,990,965,1,0,964,950,57781,26,0,0,26,15
2020-07-23,US,Alabama,Shelby,2459,28,0,33.26879845,-86.66232561,1117.0,1129.5256818954351,1.1386742578283855,2431,2398,27,0,2371,2339,215707,61,1,0,60,59
2020-07-23,US,Alabama,St. Clair,910,7,0,33.71902176,-86.31029372,1115.0,1016.6234694789523,0.7692307692307693,903,885,5,0,880,857,88690,25,2,0,23,28
2020-07-23,US,Alabama,Sumter,324,14,0,32.59117397,-88.19916205,1119.0,2607.2262010139207,4.320987654320987,310,325,13,0,312,325,12691,-1,1,0,-2,0
2020-07-23,US,Alabama,Talladega,652,8,0,33.37823223,-86.16886178,1121.0,815.2241866513292,1.2269938650306749,644,629,8,0,621,616,79828,23,0,0,23,13
2020-07-23,US,Alabama,Tallapoosa,733,75,0,32.86698258,-85.79833053,1123.0,1815.839671018406,10.231923601637106,658,724,74,0,650,717,40497,9,1,0,8,7
2020-07-23,US,Alabama,Tuscaloosa,3328,57,0,33.28726072,-87.52556818,1125.0,1589.6443839411527,1.7127403846153846,3271,3282,57,0,3225,3248,208911,46,0,0,46,34
2020-07-23,US,Alabama,Unassigned,1516,40,0,0.0,0.0,90001.0,0.0,2.638522427440633,1476,1400,39,0,1361,1283,,116,1,0,115,117
2020-07-23,US,Alabama,Walker,1293,54,0,33.80270512,-87.30027177,1127.0,2035.547299318336,4.176334106728539,1239,1271,53,0,1218,1258,63711,22,1,0,21,13
2020-07-23,US,Alabama,Washington,245,9,0,31.4092794,-88.20689944,1129.0,1500.6737718975867,3.673469387755102,236,234,9,0,225,225,16378,11,0,0,11,9
2020-07-23,US,Alabama,Wilcox,368,9,0,31.98773215,-87.30891118,1131.0,3547.671840354767,2.4456521739130435,359,363,9,0,354,358,10627,5,0,0,5,5
2020-07-23,US,Alabama,Winston,373,9,0,34.15030532,-87.37325922,1133.0,1578.5687079436286,2.412868632707774,364,358,9,0,349,352,23660,15,0,0,15,6
2020-07-23,US,Alaska,Aleutians East,1,0,0,55.32222414,-161.9722021,2013.0,29.96703626011388,0.0,1,1,0,0,1,1,3515,0,0,0,0,0
2020-07-23,US,Alaska,Aleutians West,1,0,0,52.3233,-174.1596,2016.0,17.749378771742986,0.0,1,1,0,0,1,1,5723,0,0,0,0,0
2020-07-23,US,Alaska,Anchorage,1098,9,0,61.14998174,-149.14269860000005,2020.0,381.25,0.819672131147541,1089,1068,9,0,1059,1027,291538,30,0,0,30,41
2020-07-23,US,Alaska,Bethel,17,0,0,60.90980451,-159.8561831,2050.0,92.46165560752745,0.0,17,17,0,0,17,17,18216,0,0,0,0,0
2020-07-23,US,Alaska,Bristol Bay,6,0,0,58.74513976,-156.701064,2060.0,717.7033492822967,0.0,6,6,0,0,6,6,877,0,0,0,0,0
2020-07-23,US,Alaska,Denali,1,0,0,63.67264044,-150.0076108,2068.0,47.687172150691474,0.0,1,1,0,0,1,1,2059,0,0,0,0,0
2020-07-23,US,Alaska,Dillingham,1,0,0,59.79603738,-158.23819419999995,2070.0,20.34174125305126,0.0,1,1,0,0,1,1,5000,0,0,0,0,0
2020-07-23,US,Alaska,Fairbanks North Star,345,3,0,64.80726247,-146.5692662,2090.0,356.22463835455187,0.8695652173913043,342,331,3,0,328,321,98971,14,0,0,14,10
2020-07-23,US,Alaska,Haines,3,0,0,59.09893571,-135.4679843,2100.0,118.57707509881423,0.0,3,3,0,0,3,3,2474,0,0,0,0,0
2020-07-23,US,Alaska,Juneau,70,2,0,58.45031811,-134.200436,2110.0,218.92787890160758,2.8571428571428568,68,71,2,0,69,64,32113,-1,0,0,-1,7
2020-07-23,US,Alaska,Kenai Peninsula,256,2,0,60.24429722,-151.53888840000005,2122.0,436.0564147986646,0.78125,254,255,2,0,253,252,58533,1,0,0,1,3
2020-07-23,US,Alaska,Ketchikan Gateway,28,0,0,55.57445008,-130.975561,2130.0,201.424357959859,0.0,28,28,0,0,28,25,13918,0,0,0,0,3
2020-07-23,US,Alaska,Kodiak Island,5,0,0,57.65529415,-153.7493579,2150.0,38.46745653177412,0.0,5,5,0,0,5,5,13345,0,0,0,0,0
2020-07-23,US,Alaska,Kusilvak,3,0,0,62.15429159999999,-163.39678830000003,2158.0,36.0837142169834,0.0,3,3,0,0,3,3,8303,0,0,0,0,0
2020-07-23,US,Alaska,Matanuska-Susitna,212,2,0,62.31305045,-149.5741743,2170.0,195.7218165200292,0.9433962264150944,210,205,2,0,203,197,107610,7,0,0,7,8
2020-07-23,US,Alaska,Nome,16,0,0,64.90320724,-164.0353804,2180.0,159.93602558976409,0.0,16,16,0,0,16,16,10008,0,0,0,0,0
2020-07-23,US,Alaska,North Slope,8,0,0,69.31479216,-153.4836093,2185.0,81.36696501220504,0.0,8,8,0,0,8,7,9872,0,0,0,0,1
2020-07-23,US,Alaska,Northwest Arctic,10,0,0,67.04919196,-159.7503946,2188.0,131.2163758037003,0.0,10,9,0,0,9,9,7671,1,0,0,1,0
2020-07-23,US,Alaska,Petersburg,6,1,0,57.13978948,-132.9540995,2195.0,183.71096142069808,16.666666666666668,5,6,1,0,5,6,3221,0,0,0,0,0
2020-07-23,US,Alaska,Prince of Wales-Hyder,2,0,0,55.76261984,-133.0511621,2198.0,32.24246332419797,0.0,2,2,0,0,2,2,6422,0,0,0,0,0
2020-07-23,US,Alaska,Sitka,18,0,0,57.24124555,-135.3206587,2220.0,211.9392440833628,0.0,18,18,0,0,18,16,8647,0,0,0,0,2
2020-07-23,US,Alaska,Southeast Fairbanks,13,0,0,63.87692095,-143.2127643,2240.0,188.59712752067315,0.0,13,12,0,0,12,12,6918,1,0,0,1,0
2020-07-23,US,Alaska,Valdez-Cordova,33,0,0,61.47502768,-144.7126799,2261.0,358.61769180612913,0.0,33,29,0,0,29,18,9164,4,0,0,4,11
2020-07-23,US,Alaska,Wrangell,3,0,0,56.3202004,-132.05837309999998,2275.0,119.90407673860909,0.0,3,3,0,0,3,3,2503,0,0,0,0,0
2020-07-23,US,Alaska,Yukon-Koyukuk,37,0,0,65.50815459,-151.39073869999999,2290.0,707.4569789674953,0.0,37,32,0,0,32,29,5327,5,0,0,5,3
2020-07-23,US,Arizona,Apache,2841,117,0,35.39465006,-109.4892383,4001.0,3952.035834017277,4.118268215417107,2724,2797,115,0,2682,2779,71818,44,2,0,42,18
2020-07-23,US,Arizona,Cochise,1311,31,0,31.87934684,-109.7516088,4003.0,1041.1206937628056,2.3646071700991613,1280,1296,29,0,1267,1287,126770,15,2,0,13,9
2020-07-23,US,Arizona,Coconino,2778,110,0,35.83883429,-111.77071780000001,4005.0,1936.2123281942625,3.9596832253419727,2668,2736,107,0,2629,2745,142854,42,3,0,39,-9
2020-07-23,US,Arizona,Gila,622,21,0,33.80190085,-110.8132779,4007.0,1151.4680291754598,3.3762057877813505,601,600,20,0,580,596,53889,22,1,0,21,4
2020-07-23,US,Arizona,Graham,328,5,0,32.93166885,-109.8882178,4009.0,844.5554497000284,1.5243902439024388,323,314,5,0,309,311,38072,14,0,0,14,3
2020-07-23,US,Arizona,Greenlee,39,1,0,33.21498827,-109.2405279,4011.0,410.612760581175,2.5641025641025643,38,39,1,0,38,39,9483,0,0,0,0,0
2020-07-23,US,Arizona,La Paz,448,9,0,33.72854224,-113.98100290000001,4012.0,2122.4180405533452,2.008928571428572,439,445,9,0,436,445,21098,3,0,0,3,0
2020-07-23,US,Arizona,Maricopa,102247,1651,0,33.34835867,-112.49181540000001,4013.0,2279.54431854005,1.614717302219136,100596,100543,1599,0,98944,98988,4410824,1704,52,0,1652,1555
2020-07-23,US,Arizona,Mohave,2525,129,0,35.70471703,-113.7577902,4015.0,1190.0217267333078,5.108910891089109,2396,2464,123,0,2341,2403,209550,61,6,0,55,61
2020-07-23,US,Arizona,Navajo,4992,165,0,35.3997715,-110.3218983,4017.0,4500.378637625762,3.3052884615384617,4827,4898,163,0,4735,4877,110445,94,2,0,92,21
2020-07-23,US,Arizona,Pima,14143,405,0,32.0971334,-111.7890033,4019.0,1350.451980799768,2.863607438308704,13738,13990,392,0,13598,13848,1039073,153,13,0,140,142
2020-07-23,US,Arizona,Pinal,6974,114,0,32.90525627,-111.3449483,4021.0,1506.9502516265507,1.6346429595640952,6860,6910,113,0,6797,6874,447138,64,1,0,63,36
2020-07-23,US,Arizona,Santa Cruz,2424,44,0,31.52508998,-110.8479088,4023.0,5213.127446341778,1.8151815181518152,2380,2401,43,0,2358,2374,46511,23,1,0,22,27
2020-07-23,US,Arizona,Yavapai,1478,51,0,34.59933926,-112.5538588,4025.0,628.6713256968341,3.4506089309878214,1427,1463,49,0,1414,1448,231993,15,2,0,13,15
2020-07-23,US,Arizona,Yuma,9794,210,0,32.76895712,-113.90666740000002,4027.0,4581.195301865876,2.144169899938738,9584,9713,206,0,9507,9669,212128,81,4,0,77,44
2020-07-23,US,Arkansas,Arkansas,157,1,0,34.29145151,-91.37277296,5001.0,897.8611460597049,0.6369426751592356,156,146,1,0,145,144,17769,11,0,0,11,2
2020-07-23,US,Arkansas,Ashley,153,4,0,33.19153461,-91.7698471,5003.0,778.3486798595917,2.6143790849673203,149,142,4,0,138,138,20046,11,0,0,11,4
2020-07-23,US,Arkansas,Baxter,49,0,0,36.28784385,-92.33782872,5005.0,116.85586187160163,0.0,49,48,0,0,48,46,41619,1,0,0,1,2
2020-07-23,US,Arkansas,Benton,4068,30,0,36.33644656,-94.25680817,5007.0,1457.3280170236544,0.7374631268436578,4038,3985,29,0,3956,3939,272608,83,1,0,82,46
2020-07-23,US,Arkansas,Boone,92,1,0,36.3084504,-93.09374925,5009.0,245.779012609532,1.0869565217391304,91,83,1,0,82,81,37480,9,0,0,9,2
2020-07-23,US,Arkansas,Bradley,106,2,0,33.46755808,-92.15980837,5011.0,984.8555235529127,1.8867924528301887,104,104,2,0,102,103,10897,2,0,0,2,1
2020-07-23,US,Arkansas,Calhoun,8,0,0,33.55598792,-92.49974403,5013.0,154.17228753131624,0.0,8,8,0,0,8,7,5277,0,0,0,0,1
2020-07-23,US,Arkansas,Carroll,304,6,0,36.34038560000001,-93.54270261,5015.0,1071.1768851303734,1.973684210526316,298,294,6,0,288,291,28223,10,0,0,10,3
2020-07-23,US,Arkansas,Chicot,282,3,0,33.26458973,-91.29539209,5017.0,2787.112077485669,1.0638297872340423,279,266,3,0,263,264,10438,16,0,0,16,2
2020-07-23,US,Arkansas,Clark,120,0,0,34.04613432,-93.17484713,5019.0,537.6344086021505,0.0,120,107,0,0,107,105,22061,13,0,0,13,2
2020-07-23,US,Arkansas,Clay,101,4,0,36.36826212,-90.4148172,5021.0,694.1103704212769,3.96039603960396,97,94,4,0,90,92,14847,7,0,0,7,2
2020-07-23,US,Arkansas,Cleburne,165,5,0,35.53864922,-92.02640019,5023.0,662.145350937036,3.0303030303030303,160,160,5,0,155,159,24965,5,0,0,5,1
2020-07-23,US,Arkansas,Cleveland,50,0,0,33.89723187,-92.18537045,5025.0,628.456510809452,0.0,50,49,0,0,49,46,8018,1,0,0,1,3
2020-07-23,US,Arkansas,Columbia,152,5,0,33.21230701,-93.22642793,5027.0,647.9942021571386,3.2894736842105265,147,147,5,0,142,141,23537,5,0,0,5,6
2020-07-23,US,Arkansas,Conway,118,3,0,35.26205537,-92.70506566,5029.0,566.0558380504654,2.5423728813559316,115,117,3,0,114,115,20891,1,0,0,1,2
2020-07-23,US,Arkansas,Craighead,873,8,0,35.83018283,-90.63235729,5031.0,791.2482326070406,0.9163802978235968,865,828,8,0,820,795,108558,45,0,0,45,33
2020-07-23,US,Arkansas,Crawford,393,3,0,35.58928601,-94.2446814,5033.0,621.2751157974611,0.7633587786259542,390,379,3,0,376,370,63406,14,0,0,14,9
2020-07-23,US,Arkansas,Crittenden,1044,15,0,35.21247318,-90.30839406,5035.0,2177.04097591492,1.4367816091954022,1029,994,15,0,979,972,48342,50,0,0,50,22
2020-07-23,US,Arkansas,Cross,131,1,0,35.29631396,-90.77185818,5037.0,797.8561422741948,0.7633587786259542,130,124,1,0,123,121,16676,7,0,0,7,3
2020-07-23,US,Arkansas,Dallas,24,0,0,33.97042763,-92.65167437,5039.0,342.41689256669997,0.0,24,22,0,0,22,21,7182,2,0,0,2,1
2020-07-23,US,Arkansas,Desha,123,1,0,33.83011025,-91.25500948,5041.0,1082.6511750726168,0.8130081300813008,122,117,1,0,116,116,11512,6,0,0,6,1
2020-07-23,US,Arkansas,Drew,124,2,0,33.59035001,-91.71777921,5043.0,680.6081563203251,1.6129032258064515,122,117,2,0,115,116,18328,7,0,0,7,1
2020-07-23,US,Arkansas,Faulkner,996,4,0,35.14719007,-92.33717519,5045.0,790.432277571881,0.4016064257028112,992,970,4,0,966,940,124806,26,0,0,26,30
2020-07-23,US,Arkansas,Franklin,61,1,0,35.51202821,-93.89299569,5047.0,344.3409539937905,1.639344262295082,60,60,1,0,59,59,17810,1,0,0,1,1
2020-07-23,US,Arkansas,Fulton,22,0,0,36.38177105,-91.81729127,5049.0,176.32443696401378,0.0,22,21,0,0,21,21,12269,1,0,0,1,0
2020-07-23,US,Arkansas,Garland,581,5,0,34.57692074,-93.14921604,5051.0,584.5893787857444,0.8605851979345955,576,549,5,0,544,519,99154,32,0,0,32,30
2020-07-23,US,Arkansas,Grant,95,0,0,34.29017991,-92.42320562,5053.0,520.1204489460717,0.0,95,94,0,0,94,90,18188,1,0,0,1,4
2020-07-23,US,Arkansas,Greene,208,0,0,36.11735460000001,-90.55832668,5055.0,458.907887479316,0.0,208,191,0,0,191,185,45325,17,0,0,17,6
2020-07-23,US,Arkansas,Hempstead,150,2,0,33.73325583,-93.66935133,5057.0,696.6375626973806,1.3333333333333333,148,145,2,0,143,134,21741,5,0,0,5,11
2020-07-23,US,Arkansas,Hot Spring,1372,2,0,34.31709259,-92.95396325,5059.0,4062.6573095259255,0.1457725947521866,1370,1367,2,0,1365,1362,33701,5,0,0,5,5
2020-07-23,US,Arkansas,Howard,217,1,0,34.09007427,-93.9934871,5061.0,1643.6903499469774,0.4608294930875576,216,209,1,0,208,196,13341,8,0,0,8,13
2020-07-23,US,Arkansas,Independence,152,0,0,35.74242707,-91.57001641,5063.0,401.85062789160605,0.0,152,126,0,0,126,125,37678,26,0,0,26,1
2020-07-23,US,Arkansas,Izard,30,1,0,36.09604046,-91.90847954,5065.0,220.1188641866608,3.333333333333333,29,29,1,0,28,29,13593,1,0,0,1,0
2020-07-23,US,Arkansas,Jackson,47,1,0,35.59802983,-91.21494602,5067.0,281.1172917040493,2.127659574468085,46,47,1,0,46,47,16811,0,0,0,0,0
2020-07-23,US,Arkansas,Jefferson,1094,32,0,34.26767081,-91.92619839,5069.0,1637.1363581946607,2.9250457038391224,1062,1069,32,0,1037,1063,68114,25,0,0,25,6
2020-07-23,US,Arkansas,Johnson,540,0,0,35.56759135,-93.46036368,5071.0,2031.7555873278648,0.0,540,515,0,0,515,506,26742,25,0,0,25,9
2020-07-23,US,Arkansas,Lafayette,42,2,0,33.24116713,-93.60677071,5073.0,634.0579710144928,4.761904761904762,40,41,2,0,39,38,6682,1,0,0,1,3
2020-07-23,US,Arkansas,Lawrence,150,9,0,36.04188196,-91.10867198,5075.0,914.2996464708034,6.0,141,148,9,0,139,144,16434,2,0,0,2,4
2020-07-23,US,Arkansas,Lee,868,6,0,34.78498904,-90.78383866,5077.0,9800.1580670656,0.6912442396313364,862,867,6,0,861,866,8985,1,0,0,1,1
2020-07-23,US,Arkansas,Lincoln,1138,11,0,33.95317155,-91.74002806,5079.0,8737.714987714988,0.9666080843585236,1127,1132,11,0,1121,1132,13383,6,0,0,6,0
2020-07-23,US,Arkansas,Little River,75,1,0,33.70375665,-94.23468591,5081.0,611.795415613019,1.3333333333333333,74,72,1,0,71,67,12326,3,0,0,3,5
2020-07-23,US,Arkansas,Logan,117,0,0,35.21413234,-93.71951016,5083.0,545.0479828566105,0.0,117,112,0,0,112,112,21737,5,0,0,5,0
2020-07-23,US,Arkansas,Lonoke,291,2,0,34.75392199,-91.88742357,5085.0,396.949897011281,0.6872852233676976,289,276,2,0,274,266,73657,15,0,0,15,10
2020-07-23,US,Arkansas,Madison,238,1,0,36.01038185,-93.72524943,5087.0,1435.8108108108108,0.4201680672268908,237,238,1,0,237,236,16481,0,0,0,0,2
2020-07-23,US,Arkansas,Marion,18,0,0,36.26844485,-92.68451899,5089.0,107.82317000119805,0.0,18,17,0,0,17,16,16722,1,0,0,1,1
2020-07-23,US,Arkansas,Miller,379,2,0,33.31403423,-93.89285258,5091.0,876.1587719906605,0.5277044854881267,377,368,2,0,366,363,43592,11,0,0,11,5
2020-07-23,US,Arkansas,Mississippi,511,7,0,35.76271485,-90.05194370000002,5093.0,1257.041647191951,1.3698630136986298,504,489,7,0,482,475,41239,22,0,0,22,14
2020-07-23,US,Arkansas,Monroe,37,0,0,34.6815935,-91.20540287,5095.0,552.156394567975,0.0,37,36,0,0,36,35,6900,1,0,0,1,1
2020-07-23,US,Arkansas,Montgomery,18,0,0,34.53704874,-93.65824478,5097.0,200.3115958157133,0.0,18,16,0,0,16,15,8924,2,0,0,2,1
2020-07-23,US,Arkansas,Nevada,117,8,0,33.66340119,-93.30632432,5099.0,1417.8380998545804,6.837606837606838,109,117,8,0,109,117,8326,0,0,0,0,0
2020-07-23,US,Arkansas,Newton,18,0,0,35.91947491,-93.21612969,5101.0,232.16819295756488,0.0,18,18,0,0,18,17,7805,0,0,0,0,1
2020-07-23,US,Arkansas,Ouachita,61,1,0,33.58839816,-92.87795984,5103.0,260.8844410230092,1.639344262295082,60,55,1,0,54,55,23606,6,0,0,6,0
2020-07-23,US,Arkansas,Perry,41,0,0,34.9459153,-92.94372564,5105.0,392.156862745098,0.0,41,39,0,0,39,39,10352,2,0,0,2,0
2020-07-23,US,Arkansas,Phillips,226,6,0,34.43268455,-90.84800154,5107.0,1270.9481498144191,2.6548672566371683,220,219,6,0,213,217,18029,7,0,0,7,2
2020-07-23,US,Arkansas,Pike,49,0,0,34.16250414,-93.65789349,5109.0,457.17484605336824,0.0,49,43,0,0,43,39,10673,6,0,0,6,4
2020-07-23,US,Arkansas,Poinsett,111,3,0,35.57433534,-90.66268713,5111.0,471.7783066984019,2.702702702702702,108,109,3,0,106,102,23974,2,0,0,2,7
2020-07-23,US,Arkansas,Polk,109,0,0,34.48254879,-94.22728802,5113.0,545.9827689841716,0.0,109,106,0,0,106,106,20049,3,0,0,3,0
2020-07-23,US,Arkansas,Pope,966,5,0,35.44871474,-93.03212219,5115.0,1507.6788612810587,0.5175983436853002,961,937,5,0,932,913,64000,29,0,0,29,24
2020-07-23,US,Arkansas,Prairie,53,0,0,34.83624419,-91.55162157,5117.0,657.4051103944431,0.0,53,52,0,0,52,52,8074,1,0,0,1,0
2020-07-23,US,Arkansas,Pulaski,4044,70,0,34.77054088,-92.31355101,5119.0,1031.8669289711183,1.7309594460929774,3974,3923,69,0,3854,3843,392680,121,1,0,120,80
2020-07-23,US,Arkansas,Randolph,121,2,0,36.3415714,-91.02455531,5121.0,673.7944091769684,1.6528925619834711,119,115,2,0,113,106,17948,6,0,0,6,9
2020-07-23,US,Arkansas,Saline,667,3,0,34.64916145,-92.67583224,5125.0,544.7699633280788,0.4497751124437781,664,637,3,0,634,625,121421,30,0,0,30,12
2020-07-23,US,Arkansas,Scott,26,0,0,34.85588887,-94.0632176,5127.0,252.8936873844957,0.0,26,21,0,0,21,21,10319,5,0,0,5,0
2020-07-23,US,Arkansas,Searcy,21,0,0,35.9109364,-92.69936482,5129.0,266.46364674533686,0.0,21,20,0,0,20,20,7958,1,0,0,1,0
2020-07-23,US,Arkansas,Sebastian,1278,13,0,35.19605503,-94.27162713,5131.0,999.7887770189396,1.0172143974960877,1265,1214,11,0,1203,1197,127753,64,2,0,62,17
2020-07-23,US,Arkansas,Sevier,893,9,0,33.99780401,-94.2424869,5133.0,5250.7790909625455,1.0078387458006721,884,880,9,0,871,869,17139,13,0,0,13,11
2020-07-23,US,Arkansas,Sharp,86,5,0,36.16258158,-91.47819342,5135.0,493.06272216488935,5.813953488372092,81,83,5,0,78,81,17366,3,0,0,3,2
2020-07-23,US,Arkansas,St. Francis,981,3,0,35.02201976,-90.74828138,5123.0,3924.941986076658,0.3058103975535168,978,968,3,0,965,964,25439,13,0,0,13,4
2020-07-23,US,Arkansas,Stone,39,1,0,35.86251946,-92.15684085,5137.0,311.85031185031187,2.5641025641025643,38,37,1,0,36,37,12457,2,0,0,2,0
2020-07-23,US,Arkansas,Unassigned,1287,0,0,0.0,0.0,90005.0,0.0,0.0,1287,1266,0,0,1266,1207,,21,0,0,21,59
2020-07-23,US,Arkansas,Union,345,15,0,33.16887091,-92.59746952,5139.0,891.8876997052893,4.3478260869565215,330,335,14,0,321,333,39126,10,1,0,9,2
2020-07-23,US,Arkansas,Van Buren,41,2,0,35.58095779,-92.51295036,5141.0,247.809005741916,4.878048780487805,39,40,2,0,38,39,16603,1,0,0,1,1
2020-07-23,US,Arkansas,Washington,5451,40,0,35.976844,-94.21800746,5143.0,2278.9700109119644,0.7338103100348559,5411,5350,39,0,5311,5312,236961,101,1,0,100,38
2020-07-23,US,Arkansas,White,185,2,0,35.25688493,-91.74908296,5145.0,234.91168590402904,1.0810810810810811,183,182,2,0,180,177,78727,3,0,0,3,5
2020-07-23,US,Arkansas,Woodruff,17,0,0,35.18902527,-91.2439489,5147.0,268.9873417721519,0.0,17,17,0,0,17,17,6490,0,0,0,0,0
2020-07-23,US,Arkansas,Yell,942,14,0,35.00292371,-93.41171338,5149.0,4414.038704840448,1.4861995753715498,928,928,14,0,914,927,21535,14,0,0,14,1
2020-07-23,US,California,Alameda,9869,173,0,37.64629437,-121.8929271,6001.0,590.4881683977243,1.7529638261222007,9696,9643,171,0,9472,9383,1666753,226,2,0,224,260
2020-07-23,US,California,Alpine,2,0,0,38.59678594,-119.82235940000001,6003.0,177.14791851195747,0.0,2,2,0,0,2,2,1101,0,0,0,0,0
2020-07-23,US,California,Amador,65,0,0,38.44583082,-120.65696000000001,6005.0,163.51378546991347,0.0,65,65,0,0,65,62,39383,0,0,0,0,3
2020-07-23,US,California,Butte,722,5,0,39.66727762,-121.6005252,6007.0,329.40060040331036,0.6925207756232687,717,683,5,0,678,658,231256,39,0,0,39,25
2020-07-23,US,California,Calaveras,94,1,0,38.20537103,-120.55291299999999,6009.0,204.77072214355732,1.0638297872340423,93,94,1,0,93,94,45602,0,0,0,0,0
2020-07-23,US,California,Colusa,250,2,0,39.17881957,-122.2331726,6011.0,1160.2543277486425,0.8,248,242,2,0,240,234,21627,8,0,0,8,8
2020-07-23,US,California,Contra Costa,6425,102,0,37.91923498,-121.9289527,6013.0,556.9878789034664,1.5875486381322956,6323,6202,102,0,6100,5931,1150215,223,0,0,223,271
2020-07-23,US,California,Del Norte,79,0,0,41.74228275,-123.89740630000001,6015.0,284.05005033798363,0.0,79,79,0,0,79,68,27828,0,0,0,0,11
2020-07-23,US,California,El Dorado,508,1,0,38.77965956,-120.5233166,6017.0,263.4267253672677,0.1968503937007874,507,486,1,0,485,464,190678,22,0,0,22,22
2020-07-23,US,California,Fresno,11756,104,0,36.75733899,-119.6466953,6019.0,1176.6578153760229,0.8846546444368832,11652,11412,104,0,11308,10970,994400,344,0,0,344,442
2020-07-23,US,California,Glenn,251,1,0,39.59875897,-122.3938452,6021.0,884.0207093297644,0.398406374501992,250,251,1,0,250,237,28047,0,0,0,0,14
2020-07-23,US,California,Humboldt,203,4,0,40.69923009,-123.876044,6023.0,149.75139792561114,1.9704433497536944,199,200,4,0,196,195,136373,3,0,0,3,5
2020-07-23,US,California,Imperial,8919,170,0,33.0393082,-115.36690420000001,6025.0,4921.777998510057,1.9060432783944388,8749,8799,165,0,8634,8606,181827,120,5,0,115,193
2020-07-23,US,California,Inyo,41,1,0,36.51112084,-117.41119779999998,6027.0,227.2853262375963,2.4390243902439024,40,41,1,0,40,40,17987,0,0,0,0,1
2020-07-23,US,California,Kern,12323,115,0,35.34329425,-118.72777959999999,6029.0,1368.914976860749,0.9332143146960968,12208,11188,115,0,11073,10068,896764,1135,0,0,1135,1120
2020-07-23,US,California,Kings,3696,45,0,36.07409056,-119.8159973,6031.0,2416.633974107493,1.2175324675324677,3651,3465,42,0,3423,3398,151366,231,3,0,228,67
2020-07-23,US,California,Lake,166,1,0,39.10124298,-122.75362439999999,6033.0,257.8200229863635,0.6024096385542169,165,158,1,0,157,156,64382,8,0,0,8,2
2020-07-23,US,California,Lassen,538,0,0,40.67311306,-120.59350990000002,6035.0,1759.722631079711,0.0,538,515,0,0,515,515,30802,23,0,0,23,0
2020-07-23,US,California,Los Angeles,166868,4263,0,34.30828379,-118.22824109999999,6037.0,1662.1797137932688,2.554713905602033,162605,165134,4215,0,160919,162025,10105518,1734,48,0,1686,3109
2020-07-23,US,California,Madera,1530,16,0,37.21513971,-119.76655890000002,6039.0,972.4967742345559,1.0457516339869282,1514,1530,16,0,1514,1451,157672,0,0,0,0,79
2020-07-23,US,California,Marin,4522,50,0,38.07122463,-122.72106310000001,6041.0,1747.1196865848099,1.1057054400707649,4472,4490,49,0,4441,4427,259666,32,1,0,31,63
2020-07-23,US,California,Mariposa,44,1,0,37.57978556,-119.9073334,6043.0,255.76934255653083,2.272727272727273,43,41,1,0,40,41,17471,3,0,0,3,0
2020-07-23,US,California,Mendocino,234,4,0,39.4381191,-123.39113130000001,6045.0,269.7437434437285,1.709401709401709,230,217,3,0,214,207,87606,17,1,0,16,10
2020-07-23,US,California,Merced,3123,27,0,37.18922369,-120.72090349999999,6047.0,1124.675885911841,0.8645533141210374,3096,2994,26,0,2968,2813,274765,129,1,0,128,181
2020-07-23,US,California,Mono,101,1,0,37.93899289,-118.8872409,6051.0,699.2522846856826,0.99009900990099,100,84,1,0,83,84,14250,17,0,0,17,0
2020-07-23,US,California,Monterey,3726,22,0,36.21862405,-121.24133970000001,6053.0,858.4046942710817,0.5904455179817498,3704,3545,21,0,3524,3379,435594,181,1,0,180,166
2020-07-23,US,California,Napa,711,8,0,38.50735751,-122.33283899999999,6055.0,516.174933209432,1.1251758087201125,703,685,7,0,678,661,139417,26,1,0,25,24
2020-07-23,US,California,Nevada,251,1,0,39.30394768,-120.76272809999999,6057.0,251.61646032780308,0.398406374501992,250,242,1,0,241,231,99696,9,0,0,9,11
2020-07-23,US,California,Orange,32648,543,0,33.70147516,-117.76459979999998,6059.0,1028.0593961882953,1.663195295270767,32105,31743,521,0,31222,30976,3185968,905,22,0,883,767
2020-07-23,US,California,Placer,1531,13,0,39.06167234,-120.72405690000001,6061.0,384.3556457099533,0.8491182233834096,1518,1479,12,0,1467,1442,393149,52,1,0,51,37
2020-07-23,US,California,Plumas,28,0,0,40.00355989,-120.8395236,6063.0,148.88073589620885,0.0,28,27,0,0,27,25,18804,1,0,0,1,2
2020-07-23,US,California,Riverside,32813,637,0,33.74314981,-115.9933578,6065.0,1328.1679434424616,1.941303751561881,32176,31982,617,0,31365,30890,2450758,831,20,0,811,1092
2020-07-23,US,California,Sacramento,8247,98,0,38.45106826,-121.34253740000001,6067.0,531.3590084906622,1.1883109009336728,8149,7971,96,0,7875,7686,1540975,276,2,0,274,285
2020-07-23,US,California,San Benito,513,2,0,36.60308176,-121.069975,6069.0,816.7749331295378,0.3898635477582846,511,494,2,0,492,486,61537,19,0,0,19,8
2020-07-23,US,California,San Bernardino,26185,358,0,34.84060306,-116.1774685,6071.0,1201.099957111764,1.367194958945961,25827,25775,337,0,25438,25067,2171603,410,21,0,389,708
2020-07-23,US,California,San Diego,25608,512,0,33.03484597,-116.73653259999999,6073.0,767.0901318922937,1.9993751952514842,25096,25107,505,0,24602,24520,3343364,501,7,0,494,587
2020-07-23,US,California,San Francisco,5564,55,0,37.75215114,-122.43856720000001,6075.0,631.1617391659454,0.9884974838245866,5509,5459,53,0,5406,5363,883305,105,2,0,103,96
2020-07-23,US,California,San Joaquin,9826,107,0,37.93433732,-121.2730061,6077.0,1289.250906648053,1.0889476898025647,9719,9595,98,0,9497,8799,752660,231,9,0,222,796
2020-07-23,US,California,San Luis Obispo,1467,8,0,35.38822029,-120.4039028,6079.0,518.1713179636256,0.5453306066803,1459,1393,7,0,1386,1369,284010,74,1,0,73,24
2020-07-23,US,California,San Mateo,4885,114,0,37.422880799999994,-122.32755459999998,6081.0,637.2517685856402,2.333674513817809,4771,4776,114,0,4662,4674,769545,109,0,0,109,102
2020-07-23,US,California,Santa Barbara,5444,32,0,34.65329488,-120.0188492,6083.0,1219.263648966739,0.5878030859662013,5412,5282,32,0,5250,5124,446527,162,0,0,162,158
2020-07-23,US,California,Santa Clara,8533,181,0,37.23104908,-121.6970462,6085.0,442.6169643727838,2.1211766084612678,8352,8321,180,0,8141,8046,1937570,212,1,0,211,275
2020-07-23,US,California,Santa Cruz,878,4,0,37.05580291,-122.0066524,6087.0,321.360989411192,0.4555808656036446,874,848,3,0,845,830,274255,30,1,0,29,18
2020-07-23,US,California,Shasta,276,7,0,40.76391419,-122.0396884,6089.0,153.26521545979566,2.5362318840579707,269,268,7,0,261,255,180040,8,0,0,8,13
2020-07-23,US,California,Sierra,1,0,0,39.57713498,-120.52007009999998,6091.0,33.277870216306155,0.0,1,1,0,0,1,1,2987,0,0,0,0,0
2020-07-23,US,California,Siskiyou,60,0,0,41.59198861,-122.54074340000001,6093.0,137.80748294632392,0.0,60,55,0,0,55,53,43724,5,0,0,5,2
2020-07-23,US,California,Solano,3070,35,0,38.26827353,-121.9357113,6095.0,685.8143654653372,1.1400651465798046,3035,2982,35,0,2947,2857,446610,88,0,0,88,125
2020-07-23,US,California,Sonoma,2300,22,0,38.52746429,-122.88625060000001,6097.0,465.27058518902123,0.9565217391304348,2278,2241,22,0,2219,2212,499942,59,0,0,59,29
2020-07-23,US,California,Stanislaus,7401,79,0,37.55862499,-120.9970722,6099.0,1344.023535393891,1.0674233211728146,7322,6984,77,0,6907,6835,549815,417,2,0,415,149
2020-07-23,US,California,Sutter,567,4,0,39.03417539,-121.6945899,6101.0,584.710892947376,0.7054673721340388,563,553,4,0,549,553,96807,14,0,0,14,0
2020-07-23,US,California,Tehama,173,1,0,40.12570935,-122.23701709999999,6103.0,265.8103374101162,0.5780346820809249,172,165,1,0,164,151,63916,8,0,0,8,14
2020-07-23,US,California,Trinity,3,0,0,40.64917670000001,-123.114713,6105.0,24.420024420024422,0.0,3,3,0,0,3,3,12535,0,0,0,0,0
2020-07-23,US,California,Tulare,7876,168,0,36.22026558,-118.8020203,6107.0,1689.4218084707047,2.1330624682579993,7708,7603,168,0,7435,7120,465861,273,0,0,273,483
2020-07-23,US,California,Tuolumne,109,0,0,38.02644018,-119.95250929999999,6109.0,200.08076654796432,0.0,109,109,0,0,109,104,54539,0,0,0,0,5
2020-07-23,US,California,Ventura,6156,63,0,34.44465746,-119.09106129999999,6111.0,727.6544137984837,1.023391812865497,6093,6049,63,0,5986,5955,850967,107,0,0,107,94
2020-07-23,US,California,Yolo,1275,37,0,38.68278902,-121.90182879999999,6113.0,578.2312925170068,2.9019607843137254,1238,1225,35,0,1190,1200,220408,50,2,0,48,25
2020-07-23,US,California,Yuba,319,3,0,39.26255932,-121.35356440000001,6115.0,405.50160166776834,0.9404388714733544,316,309,3,0,306,309,78041,10,0,0,10,0
2020-07-23,US,Colorado,Adams,5312,167,0,39.87432092,-104.3362578,8001.0,1026.6301522358003,3.1438253012048194,5145,5248,164,0,5084,5184,511868,64,3,0,61,64
2020-07-23,US,Colorado,Alamosa,216,7,0,37.57250606,-105.7885451,8003.0,1330.6228053964144,3.2407407407407414,209,214,7,0,207,208,16683,2,0,0,2,6
2020-07-23,US,Colorado,Arapahoe,6276,360,0,39.64977461,-104.3353617,8005.0,955.8476370337654,5.736137667304015,5916,6197,352,0,5845,6140,651215,79,8,0,71,57
2020-07-23,US,Colorado,Archuleta,24,0,0,37.19474156,-107.0476867,8007.0,171.07420343574023,0.0,24,24,0,0,24,22,13765,0,0,0,0,2
2020-07-23,US,Colorado,Baca,14,0,0,37.31940883,-102.5603223,8009.0,390.9522479754258,0.0,14,14,0,0,14,14,3585,0,0,0,0,0
2020-07-23,US,Colorado,Bent,5,0,0,37.95474293,-103.0720195,8011.0,89.65393580778195,0.0,5,5,0,0,5,5,5882,0,0,0,0,0
2020-07-23,US,Colorado,Boulder,1704,74,0,40.09313619,-105.3546767,8013.0,522.3853143508811,4.342723004694836,1630,1683,74,0,1609,1662,326078,21,0,0,21,21
2020-07-23,US,Colorado,Broomfield,373,32,0,39.95998787,-105.0566324,8014.0,529.3408074930817,8.579088471849866,341,371,32,0,339,364,69267,2,0,0,2,7
2020-07-23,US,Colorado,Chaffee,220,19,0,38.74745778,-106.19265729999998,8015.0,1080.7624287679312,8.636363636363637,201,220,19,0,201,215,20027,0,0,0,0,5
2020-07-23,US,Colorado,Cheyenne,7,0,0,38.82777431,-102.6032558,8017.0,382.3047515019115,0.0,7,7,0,0,7,8,1876,0,0,0,0,-1
2020-07-23,US,Colorado,Clear Creek,24,1,0,39.68864463,-105.6463118,8019.0,247.42268041237114,4.166666666666667,23,24,1,0,23,24,9605,0,0,0,0,0
2020-07-23,US,Colorado,Conejos,21,0,0,37.201606,-106.19174879999998,8021.0,255.94149908592323,0.0,21,21,0,0,21,21,8200,0,0,0,0,0
2020-07-23,US,Colorado,Costilla,22,0,0,37.27732493,-105.4276548,8023.0,565.9891947517366,0.0,22,22,0,0,22,22,3828,0,0,0,0,0
2020-07-23,US,Colorado,Crowley,72,1,0,38.32608609,-103.7844965,8025.0,1187.922785018974,1.3888888888888888,71,73,1,0,72,72,5858,-1,0,0,-1,1
2020-07-23,US,Colorado,Custer,10,0,0,38.10883162,-105.3683478,8027.0,197.3164956590371,0.0,10,10,0,0,10,10,4954,0,0,0,0,0
2020-07-23,US,Colorado,Delta,93,1,0,38.86246243,-107.8631342,8029.0,298.44040818946155,1.075268817204301,92,92,1,0,91,90,30953,1,0,0,1,2
2020-07-23,US,Colorado,Denver,8809,403,0,39.76018276,-104.8725695,8031.0,1211.3403125090242,4.574866613690544,8406,8650,402,0,8248,8532,716492,159,1,0,158,118
2020-07-23,US,Colorado,Dolores,2,0,0,37.75208676,-108.5211585,8033.0,97.32360097323601,0.0,2,2,0,0,2,2,2074,0,0,0,0,0
2020-07-23,US,Colorado,Douglas,1433,55,0,39.33133796,-104.930001,8035.0,408.0830632713852,3.8381018841591072,1378,1410,54,0,1356,1377,342776,23,1,0,22,33
2020-07-23,US,Colorado,Eagle,903,9,0,39.62754308,-106.6933637,8037.0,1638.0358082246448,0.9966777408637874,894,884,9,0,875,855,54993,19,0,0,19,29
2020-07-23,US,Colorado,El Paso,3864,122,0,38.83240149,-104.5251411,8041.0,536.366450445098,3.1573498964803317,3742,3786,122,0,3664,3686,713856,78,0,0,78,100
2020-07-23,US,Colorado,Elbert,76,2,0,39.28656773,-104.1358721,8039.0,284.33536608178383,2.631578947368421,74,75,2,0,73,73,26282,1,0,0,1,2
2020-07-23,US,Colorado,Fremont,83,0,0,38.47362326,-105.4399667,8043.0,173.49860992077598,0.0,83,82,0,0,82,78,48021,1,0,0,1,4
2020-07-23,US,Colorado,Garfield,575,4,0,39.59921777,-107.902708,8045.0,957.360017315729,0.6956521739130435,571,561,4,0,557,537,59770,14,0,0,14,24
2020-07-23,US,Colorado,Gilpin,13,0,0,39.85646523,-105.5252597,8047.0,208.23322120775268,0.0,13,13,0,0,13,13,6121,0,0,0,0,0
2020-07-23,US,Colorado,Grand,39,1,0,40.10603347,-106.1178042,8049.0,247.8708529299606,2.5641025641025643,38,39,1,0,38,37,15525,0,0,0,0,2
2020-07-23,US,Colorado,Gunnison,216,6,0,38.66611652,-107.0320729,8051.0,1236.9717099988547,2.7777777777777777,210,216,6,0,210,210,17246,0,0,0,0,6
2020-07-23,US,Colorado,Hinsdale,3,0,0,37.82247444,-107.3004345,8053.0,365.8536585365854,0.0,3,3,0,0,3,3,811,0,0,0,0,0
2020-07-23,US,Colorado,Huerfano,5,1,0,37.68473101,-104.9612585,8055.0,72.4952878062926,20.0,4,5,1,0,4,5,6889,0,0,0,0,0
2020-07-23,US,Colorado,Jackson,8,0,0,40.66593870000001,-106.3408905,8057.0,574.7126436781608,0.0,8,8,0,0,8,8,1399,0,0,0,0,0
2020-07-23,US,Colorado,Jefferson,3462,220,0,39.58635604,-105.2517692,8059.0,593.946277198948,6.354708261120741,3242,3395,219,0,3176,3348,580233,67,1,0,66,47
2020-07-23,US,Colorado,Kit Carson,41,3,0,39.30497777,-102.6022199,8063.0,577.7088910807382,7.317073170731707,38,36,3,0,33,36,7163,5,0,0,5,0
2020-07-23,US,Colorado,La Plata,180,2,0,37.28632032,-107.8429014,8067.0,320.165062876861,1.1111111111111112,178,174,2,0,172,170,56310,6,0,0,6,4
2020-07-23,US,Colorado,Lake,61,0,0,39.20278823,-106.3555697,8065.0,750.5844715147041,0.0,61,60,0,0,60,60,7824,1,0,0,1,0
2020-07-23,US,Colorado,Larimer,1183,32,0,40.66671597,-105.4625784,8069.0,331.46632520685125,2.704987320371936,1151,1158,32,0,1126,1131,350518,25,0,0,25,27
2020-07-23,US,Colorado,Las Animas,13,0,0,37.3153406,-104.0376458,8071.0,89.61808906659313,0.0,13,11,0,0,11,11,14503,2,0,0,2,0
2020-07-23,US,Colorado,Lincoln,6,0,0,38.98749519,-103.5136649,8073.0,105.24469391334854,0.0,6,6,0,0,6,7,5610,0,0,0,0,-1
2020-07-23,US,Colorado,Logan,643,5,0,40.7249637,-103.110817,8075.0,2869.3828372528887,0.7776049766718507,638,643,5,0,638,643,21528,0,0,0,0,0
2020-07-23,US,Colorado,Mesa,213,1,0,39.01787888,-108.469799,8077.0,138.12333830490886,0.4694835680751174,212,199,0,0,199,191,153207,14,1,0,13,8
2020-07-23,US,Colorado,Mineral,17,0,0,37.66954283,-106.9281698,8079.0,2210.663198959688,0.0,17,17,0,0,17,17,776,0,0,0,0,0
2020-07-23,US,Colorado,Moffat,20,1,0,40.61810999,-108.2070876,8081.0,150.56839569374392,5.0,19,20,1,0,19,18,13188,0,0,0,0,2
2020-07-23,US,Colorado,Montezuma,92,4,0,37.33859579,-108.5958857,8083.0,351.3730283008058,4.3478260869565215,88,91,4,0,87,91,26158,1,0,0,1,0
2020-07-23,US,Colorado,Montrose,248,13,0,38.40214114,-108.26390220000002,8085.0,580.0084194770569,5.241935483870968,235,245,13,0,232,236,42214,3,0,0,3,9
2020-07-23,US,Colorado,Morgan,666,46,0,40.26279810000001,-103.8093302,8087.0,2291.179303701665,6.906906906906907,620,666,46,0,620,665,28558,0,0,0,0,1
2020-07-23,US,Colorado,Otero,33,2,0,37.9014485,-103.7173385,8089.0,180.54491738702262,6.0606060606060606,31,30,2,0,28,26,18432,3,0,0,3,4
2020-07-23,US,Colorado,Ouray,12,1,0,38.14717457,-107.7675136,8091.0,242.3263327948304,8.333333333333334,11,12,1,0,11,12,4833,0,0,0,0,0
2020-07-23,US,Colorado,Park,36,1,0,39.120926,-105.7182065,8093.0,191.0321040063677,2.7777777777777777,35,35,1,0,34,35,18556,1,0,0,1,0
2020-07-23,US,Colorado,Phillips,19,0,0,40.59414277,-102.3577703,8095.0,445.48651817116064,0.0,19,17,0,0,17,17,4286,2,0,0,2,0
2020-07-23,US,Colorado,Pitkin,150,2,0,39.21720112,-106.9310027,8097.0,844.2618337367029,1.3333333333333333,148,162,2,0,160,160,17950,-12,0,0,-12,2
2020-07-23,US,Colorado,Prowers,45,0,0,37.95544985,-102.3926052,8099.0,369.7009530069011,0.0,45,45,0,0,45,45,12164,0,0,0,0,0
2020-07-23,US,Colorado,Pueblo,538,33,0,38.17359144,-104.5127437,8101.0,319.431909941576,6.133828996282528,505,535,33,0,502,524,167529,3,0,0,3,11
2020-07-23,US,Colorado,Rio Blanco,6,0,0,39.97913541,-108.2179009,8103.0,94.87666034155598,0.0,6,6,0,0,6,6,6336,0,0,0,0,0
2020-07-23,US,Colorado,Rio Grande,84,2,0,37.5836865,-106.3847838,8105.0,745.5400727789117,2.380952380952381,82,84,2,0,82,84,11250,0,0,0,0,0
2020-07-23,US,Colorado,Routt,94,6,0,40.48596505,-106.9905548,8107.0,366.6432639051408,6.382978723404255,88,93,6,0,87,91,25733,1,0,0,1,2
2020-07-23,US,Colorado,Saguache,106,2,0,38.08054629,-106.282466,8109.0,1553.3411488862835,1.8867924528301887,104,106,2,0,104,106,6843,0,0,0,0,0
2020-07-23,US,Colorado,San Juan,2,0,0,37.76248981,-107.67632890000002,8111.0,274.72527472527474,0.0,2,2,0,0,2,2,762,0,0,0,0,0
2020-07-23,US,Colorado,San Miguel,70,0,0,38.00450883,-108.4020725,8113.0,855.8503484533563,0.0,70,69,0,0,69,68,8191,1,0,0,1,1
2020-07-23,US,Colorado,Sedgwick,11,0,0,40.87595412,-102.3519227,8115.0,489.32384341637015,0.0,11,11,0,0,11,11,2303,0,0,0,0,0
2020-07-23,US,Colorado,Summit,312,4,0,39.63803232,-106.1150762,8117.0,1006.094611589436,1.2820512820512822,308,311,4,0,307,308,31007,1,0,0,1,3
2020-07-23,US,Colorado,Teller,89,2,0,38.88133511,-105.1614893,8119.0,350.5593193634788,2.247191011235955,87,87,2,0,85,85,25083,2,0,0,2,2
2020-07-23,US,Colorado,Washington,46,0,0,39.97015535,-103.202587,8121.0,937.2453137734312,0.0,46,46,0,0,46,46,4909,0,0,0,0,0
2020-07-23,US,Colorado,Weld,3319,139,0,40.55499405,-104.3929621,8123.0,1022.8295304660824,4.188008436275987,3180,3293,139,0,3154,3258,314305,26,0,0,26,35
2020-07-23,US,Colorado,Yuma,56,0,0,40.00346839,-102.4258673,8125.0,558.9380177662441,0.0,56,56,0,0,56,56,10020,0,0,0,0,0
2020-07-23,US,Connecticut,Fairfield,17184,1401,0,41.26809896,-73.3881171,9001.0,1821.6280164353589,8.152932960893855,15783,17164,1399,0,15765,17123,943823,20,2,0,18,41
2020-07-23,US,Connecticut,Hartford,12145,1408,0,41.80283011,-72.73103891,9003.0,1361.974610864397,11.593248250308768,10737,12147,1407,0,10740,12101,892697,-2,1,0,-3,46
2020-07-23,US,Connecticut,Litchfield,1530,138,0,41.7937534,-73.2451475,9005.0,848.4304037530568,9.019607843137257,1392,1530,138,0,1392,1525,181111,0,0,0,0,5
2020-07-23,US,Connecticut,Middlesex,1360,188,0,41.45949668,-72.53714864,9007.0,837.2528257282868,13.823529411764708,1172,1362,188,0,1174,1361,162682,-2,0,0,-2,1
2020-07-23,US,Connecticut,New Haven,12835,1093,0,41.408032500000004,-72.93620426,9009.0,1501.5963601351032,8.51577717179587,11742,12825,1092,0,11733,12794,857620,10,1,0,9,31
2020-07-23,US,Connecticut,New London,1352,102,0,41.48896435,-72.10430976,9011.0,509.79238780419746,7.544378698224852,1250,1364,102,0,1262,1357,266784,-12,0,0,-12,7
2020-07-23,US,Connecticut,Tolland,937,65,0,41.85853803,-72.3308481,9013.0,621.6784655091195,6.937033084311633,872,946,65,0,881,946,150921,-9,0,0,-9,0
2020-07-23,US,Connecticut,Unassigned,234,0,0,0.0,0.0,90009.0,0.0,0.0,234,230,0,0,230,236,,4,0,0,4,-6
2020-07-23,US,Connecticut,Windham,655,15,0,41.82972709,-71.98182316,9015.0,560.8741073110582,2.2900763358778624,640,655,15,0,640,653,117027,0,0,0,0,2
2020-07-23,US,Delaware,Kent,2058,87,0,39.08646628,-75.56884914,10001.0,1138.36248382065,4.227405247813412,1971,2025,87,0,1938,2017,178550,33,0,0,33,8
2020-07-23,US,Delaware,New Castle,6296,253,0,39.57992638,-75.64054974,10003.0,1126.7948449493786,4.018424396442185,6043,6231,252,0,5979,6206,559335,65,1,0,64,25
2020-07-23,US,Delaware,Sussex,5407,180,0,38.66143781,-75.39031349,10005.0,2308.464083680222,3.3290179397077857,5227,5375,179,0,5196,5365,229286,32,1,0,31,10
2020-07-23,US,Delaware,Unassigned,163,9,0,0.0,0.0,90010.0,0.0,5.521472392638037,154,161,9,0,152,158,,2,0,0,2,3
2020-07-23,US,District of Columbia,District of Columbia,11571,581,0,38.90417773,-77.01655992,11001.0,1639.5347354371027,5.021173623714459,10990,11529,580,0,10949,11427,702455,42,1,0,41,102
2020-07-23,US,Florida,Alachua,2890,16,0,29.67866525,-82.35928158,12001.0,1074.1777336708258,0.5536332179930796,2874,2809,15,0,2794,2737,269956,81,1,0,80,72
2020-07-23,US,Florida,Baker,254,4,0,30.33060121,-82.28467476,12003.0,869.5652173913044,1.5748031496062993,250,250,4,0,246,245,28355,4,0,0,4,5
2020-07-23,US,Florida,Bay,2356,14,0,30.26548745,-85.62122584,12005.0,1348.5589994562265,0.5942275042444821,2342,2269,13,0,2256,2195,185287,87,1,0,86,74
2020-07-23,US,Florida,Bradford,212,2,0,29.95079741,-82.16611613,12007.0,751.7463919719157,0.9433962264150944,210,205,2,0,203,198,27732,7,0,0,7,7
2020-07-23,US,Florida,Brevard,4658,60,0,28.29409504,-80.73091022,12009.0,773.8287077492515,1.2881064834693,4598,4561,58,0,4503,4413,596849,97,2,0,95,148
2020-07-23,US,Florida,Broward,45010,536,0,26.15184651,-80.48725556,12011.0,2304.9215015736554,1.19084647856032,44474,43747,529,0,43218,42577,1951260,1263,7,0,1256,1170
2020-07-23,US,Florida,Calhoun,232,7,0,30.40666734,-85.19394153,12013.0,1644.8068060971286,3.0172413793103448,225,230,7,0,223,229,14587,2,0,0,2,1
2020-07-23,US,Florida,Charlotte,1560,82,0,26.90131002,-81.92949121,12015.0,825.7900587581387,5.256410256410256,1478,1536,82,0,1454,1500,184998,24,0,0,24,36
2020-07-23,US,Florida,Citrus,954,18,0,28.84804315,-82.47614748,12017.0,637.4576531669084,1.8867924528301887,936,911,18,0,893,874,147929,43,0,0,43,37
2020-07-23,US,Florida,Clay,2330,45,0,29.98319144,-81.85609986,12019.0,1062.7041030412493,1.931330472103004,2285,2249,44,0,2205,2197,216072,81,1,0,80,52
2020-07-23,US,Florida,Collier,8401,114,0,26.11091986,-81.34687065,12021.0,2182.6335015146715,1.3569813117486014,8287,8249,114,0,8135,8076,378488,152,0,0,152,173
2020-07-23,US,Florida,Columbia,1792,7,0,30.22509788,-82.62160164,12023.0,2499.790754122144,0.390625,1785,1523,6,0,1517,1456,70503,269,1,0,268,67
2020-07-23,US,Florida,DeSoto,1123,14,0,27.18677893,-81.80941373,12027.0,2955.1853898581617,1.2466607301869992,1109,1112,14,0,1098,1099,37489,11,0,0,11,13
2020-07-23,US,Florida,Dixie,208,4,0,29.60631086,-83.15724673,12029.0,1236.1820991322952,1.9230769230769231,204,203,4,0,199,199,16700,5,0,0,5,4
2020-07-23,US,Florida,Duval,18357,113,0,30.33225875,-81.66976468,12031.0,1916.6697119827093,0.6155689927548075,18244,17979,108,0,17871,17544,950181,378,5,0,373,435
2020-07-23,US,Florida,Escambia,6461,73,0,30.67652764,-87.37284571,12033.0,2029.7440279470725,1.1298560594335243,6388,6302,63,0,6239,6074,315534,159,10,0,149,228
2020-07-23,US,Florida,Flagler,724,8,0,29.45933576,-81.31508595,12035.0,629.1220966102138,1.1049723756906078,716,696,7,0,689,683,112067,28,1,0,27,13
2020-07-23,US,Florida,Franklin,82,1,0,29.83791238,-84.82731662,12037.0,676.2886597938144,1.2195121951219512,81,81,1,0,80,80,11736,1,0,0,1,1
2020-07-23,US,Florida,Gadsden,1040,12,0,30.57796289,-84.61915825,12039.0,2277.7047744196234,1.1538461538461535,1028,957,12,0,945,912,45894,83,0,0,83,45
2020-07-23,US,Florida,Gilchrist,283,0,0,29.72856978,-82.79880657,12041.0,1522.9792272091272,0.0,283,277,0,0,277,266,18256,6,0,0,6,11
2020-07-23,US,Florida,Glades,292,2,0,26.95635849,-81.18996211,12043.0,2114.256751864456,0.6849315068493149,290,289,2,0,287,287,13724,3,0,0,3,2
2020-07-23,US,Florida,Gulf,212,0,0,29.93543004,-85.24270990000002,12045.0,1554.3661558765305,0.0,212,205,0,0,205,192,16164,7,0,0,7,13
2020-07-23,US,Florida,Hamilton,527,2,0,30.49673973,-82.94998918,12047.0,3652.6199057388408,0.3795066413662239,525,523,2,0,521,519,14310,4,0,0,4,4
2020-07-23,US,Florida,Hardee,733,4,0,27.49293939,-81.80956574,12049.0,2721.164197943349,0.5457025920873124,729,726,4,0,722,717,27245,7,0,0,7,9
2020-07-23,US,Florida,Hendry,1451,32,0,26.55386945,-81.16469006,12051.0,3452.953214982628,2.205375603032392,1419,1427,32,0,1395,1409,41556,24,0,0,24,18
2020-07-23,US,Florida,Hernando,1296,19,0,28.55364461,-82.42700204,12053.0,668.3168316831683,1.4660493827160497,1277,1273,16,0,1257,1229,190865,23,3,0,20,44
2020-07-23,US,Florida,Highlands,912,16,0,27.34254618,-81.34071957,12055.0,858.5872850001413,1.7543859649122806,896,876,16,0,860,809,105424,36,0,0,36,67
2020-07-23,US,Florida,Hillsborough,25432,278,0,27.9276559,-82.32013172,12057.0,1727.7549511945913,1.093111041207927,25154,24891,260,0,24631,24550,1436888,541,18,0,523,341
2020-07-23,US,Florida,Holmes,348,1,0,30.86747479,-85.81319222,12059.0,1773.9715552836826,0.28735632183908044,347,331,1,0,330,323,19477,17,0,0,17,8
2020-07-23,US,Florida,Indian River,1767,31,0,27.69308961,-80.60556721,12061.0,1104.9067363668767,1.7543859649122806,1736,1729,28,0,1701,1685,157413,38,3,0,35,44
2020-07-23,US,Florida,Jackson,963,17,0,30.795459700000002,-85.21500423,12063.0,2074.805015728013,1.7653167185877463,946,916,15,0,901,887,48305,47,2,0,45,29
2020-07-23,US,Florida,Jefferson,156,5,0,30.43669112,-83.89442308,12065.0,1095.044222939773,3.2051282051282053,151,122,5,0,117,118,14288,34,0,0,34,4
2020-07-23,US,Florida,Lafayette,75,0,0,29.98484137,-83.18166636,12067.0,890.5248159582048,0.0,75,74,0,0,74,74,8732,1,0,0,1,0
2020-07-23,US,Florida,Lake,3757,37,0,28.76202069,-81.7125123,12069.0,1023.3766799775548,0.9848283204684588,3720,3594,36,0,3558,3473,356495,163,1,0,162,121
2020-07-23,US,Florida,Lee,13768,247,0,26.58410348,-81.88399313,12071.0,1786.713073450155,1.7940151074956416,13521,13395,245,0,13150,13125,754610,373,2,0,371,270
2020-07-23,US,Florida,Leon,3480,13,0,30.45955727,-84.27491114,12073.0,1185.3587754017615,0.3735632183908046,3467,3319,13,0,3306,3265,292502,161,0,0,161,54
2020-07-23,US,Florida,Levy,424,2,0,29.31829741,-82.74007147,12075.0,1021.6128954533408,0.4716981132075472,422,414,2,0,412,398,40770,10,0,0,10,16
2020-07-23,US,Florida,Liberty,320,2,0,30.23766008,-84.8829258,12077.0,3830.500359109409,0.625,318,320,2,0,318,316,8457,0,0,0,0,4
2020-07-23,US,Florida,Madison,504,5,0,30.44396917,-83.47398594,12079.0,2725.355539934029,0.992063492063492,499,492,4,0,488,477,18529,12,1,0,11,15
2020-07-23,US,Florida,Manatee,7252,152,0,27.47196942,-82.31831044,12081.0,1798.3747176090444,2.095973524544953,7100,7078,149,0,6929,6871,394855,174,3,0,171,207
2020-07-23,US,Florida,Marion,2927,38,0,29.21227113,-82.05803627,12083.0,800.6477396130522,1.2982576016399043,2889,2826,35,0,2791,2721,359977,101,3,0,98,105
2020-07-23,US,Florida,Martin,3314,58,0,27.0772071,-80.43109784,12085.0,2058.385093167702,1.7501508750754375,3256,3250,54,0,3196,3193,160912,64,4,0,60,57
2020-07-23,US,Florida,Miami-Dade,95068,1354,0,25.6112362,-80.55170587,12086.0,3499.083527792296,1.4242436992468548,93714,92345,1342,0,91003,89557,2761581,2723,12,0,2711,2788
2020-07-23,US,Florida,Monroe,998,6,0,25.20904673,-81.07812416,12087.0,1344.506116290349,0.6012024048096193,992,978,6,0,972,935,75027,20,0,0,20,43
2020-07-23,US,Florida,Nassau,865,7,0,30.61037141,-81.80297522,12089.0,976.0225669957688,0.8092485549132948,858,838,7,0,831,811,85832,27,0,0,27,27
2020-07-23,US,Florida,Okaloosa,2134,16,0,30.69143028,-86.59267105,12091.0,1012.6317987263808,0.7497656982193065,2118,2104,16,0,2088,2062,207269,30,0,0,30,42
2020-07-23,US,Florida,Okeechobee,770,2,0,27.386336199999995,-80.88944347,12093.0,1826.029216467464,0.2597402597402597,768,694,2,0,692,684,41537,76,0,0,76,10
2020-07-23,US,Florida,Orange,25254,156,0,28.51367621,-81.31799498,12095.0,1812.3336864133105,0.6177239249227845,25098,24700,138,0,24562,24011,1380645,554,18,0,536,689
2020-07-23,US,Florida,Osceola,6844,49,0,28.06312234,-81.14882926,12097.0,1821.418971606197,0.7159555815312683,6795,6687,43,0,6644,6479,367990,157,6,0,151,208
2020-07-23,US,Florida,Palm Beach,28267,727,0,26.64676272,-80.46536002,12099.0,1888.5333083907346,2.5719036332118725,27540,27506,709,0,26797,26951,1485941,761,18,0,743,555
2020-07-23,US,Florida,Pasco,5363,65,0,28.30810945,-82.40227529,12101.0,968.1431617104164,1.2120082043632296,5298,5260,59,0,5201,5161,539630,103,6,0,97,99
2020-07-23,US,Florida,Pinellas,14371,364,0,27.93130349,-82.72239666,12103.0,1473.9547649426254,2.5328787140769604,14007,14191,342,0,13849,13925,975280,180,22,0,158,266
2020-07-23,US,Florida,Polk,10545,203,0,27.95027105,-81.69732947,12105.0,1454.9302751053085,1.9250829777145568,10342,10309,200,0,10109,10072,708009,236,3,0,233,237
2020-07-23,US,Florida,Putnam,1083,12,0,29.60779729,-81.74230285,12107.0,1453.28162531367,1.10803324099723,1071,1050,11,0,1039,1006,74163,33,1,0,32,44
2020-07-23,US,Florida,Santa Rosa,2147,19,0,30.69341450000001,-87.02458128,12113.0,1164.8662872396412,0.8849557522123894,2128,2090,18,0,2072,2018,179349,57,1,0,56,72
2020-07-23,US,Florida,Sarasota,4644,110,0,27.18546175,-82.33174248,12115.0,1070.6825716670278,2.3686477174849268,4534,4567,109,0,4458,4432,426718,77,1,0,76,135
2020-07-23,US,Florida,Seminole,5736,56,0,28.7158582,-81.24060348,12117.0,1215.7023987656464,0.9762900976290098,5680,5633,51,0,5582,5519,467832,103,5,0,98,114
2020-07-23,US,Florida,St. Johns,2708,17,0,29.90096506,-81.43589967,12109.0,1023.1531858300084,0.6277695716395865,2691,2670,17,0,2653,2612,254261,38,0,0,38,58
2020-07-23,US,Florida,St. Lucie,4004,94,0,27.37763908,-80.47106649,12111.0,1219.6273496254914,2.3476523476523483,3910,3896,87,0,3809,3807,321128,108,7,0,101,89
2020-07-23,US,Florida,Sumter,902,21,0,28.70181754,-82.0794267,12119.0,681.1659870110254,2.328159645232816,881,881,21,0,860,859,128754,21,0,0,21,22
2020-07-23,US,Florida,Suwannee,940,27,0,30.19746066,-82.99099670000003,12121.0,2116.3068194610173,2.872340425531915,913,934,26,0,908,926,44191,6,1,0,5,8
2020-07-23,US,Florida,Taylor,244,2,0,30.04848048,-83.60445406,12123.0,1131.2531874449444,0.819672131147541,242,226,2,0,224,221,21623,18,0,0,18,5
2020-07-23,US,Florida,Unassigned,433,0,0,0.0,0.0,90012.0,0.0,0.0,433,420,0,0,420,411,,13,0,0,13,9
2020-07-23,US,Florida,Union,169,3,0,30.04412971,-82.37497443,12125.0,1109.1422195970338,1.7751479289940828,166,161,3,0,158,145,14940,8,0,0,8,16
2020-07-23,US,Florida,Volusia,5803,92,0,29.05858895,-81.18263252,12127.0,1048.8284497654006,1.585386868860934,5711,5657,89,0,5568,5530,547538,146,3,0,143,127
2020-07-23,US,Florida,Wakulla,419,1,0,30.16548905,-84.39895211,12129.0,1241.886244405584,0.2386634844868735,418,341,1,0,340,309,32461,78,0,0,78,32
2020-07-23,US,Florida,Walton,931,11,0,30.64204028,-86.16935664,12131.0,1256.9021614396995,1.1815252416756177,920,898,11,0,887,866,71375,33,0,0,33,32
2020-07-23,US,Florida,Washington,389,13,0,30.61359259,-85.66002461,12133.0,1527.1071330428297,3.341902313624679,376,367,13,0,354,333,24880,22,0,0,22,34
2020-07-23,US,Georgia,Appling,465,16,0,31.74847232,-82.28909114,13001.0,2529.098226911781,3.4408602150537635,449,455,16,0,439,449,18507,10,0,0,10,6
2020-07-23,US,Georgia,Atkinson,250,2,0,31.29633502,-82.87545866,13003.0,3061.849357011635,0.8,248,246,2,0,244,226,8297,4,0,0,4,20
2020-07-23,US,Georgia,Bacon,362,5,0,31.55456473,-82.45936528,13005.0,3242.565388749553,1.3812154696132597,357,355,5,0,350,348,11185,7,0,0,7,7
2020-07-23,US,Georgia,Baker,47,3,0,31.32669878,-84.44218806,13007.0,1547.0704410796575,6.382978723404255,44,46,3,0,43,45,3092,1,0,0,1,1
2020-07-23,US,Georgia,Baldwin,790,37,0,33.06882326,-83.24701748,13009.0,1759.8574292715527,4.6835443037974684,753,770,37,0,733,755,44823,20,0,0,20,15
2020-07-23,US,Georgia,Banks,202,3,0,34.35607081,-83.49644388,13011.0,1050.2235624415098,1.4851485148514851,199,196,3,0,193,191,18988,6,0,0,6,5
2020-07-23,US,Georgia,Barrow,852,31,0,33.99148694,-83.71436292,13013.0,1023.5463719365688,3.63849765258216,821,817,31,0,786,798,80809,35,0,0,35,19
2020-07-23,US,Georgia,Bartow,1252,50,0,34.23732119,-84.83887523,13015.0,1162.0783753179007,3.9936102236421727,1202,1214,50,0,1164,1172,106408,38,0,0,38,42
2020-07-23,US,Georgia,Ben Hill,286,1,0,31.76095874,-83.22145359,13017.0,1712.5748502994013,0.34965034965034963,285,284,1,0,283,276,16787,2,0,0,2,8
2020-07-23,US,Georgia,Berrien,212,0,0,31.27590016,-83.22529920000002,13019.0,1092.9525184306854,0.0,212,205,0,0,205,201,19252,7,0,0,7,4
2020-07-23,US,Georgia,Bibb,2507,49,0,32.80904227,-83.70489165,13021.0,1636.8610398344206,1.954527323494216,2458,2390,47,0,2343,2328,153095,117,2,0,115,62
2020-07-23,US,Georgia,Bleckley,109,1,0,32.43829035,-83.33035166,13023.0,846.7334731608794,0.9174311926605504,108,103,1,0,102,103,12838,6,0,0,6,0
2020-07-23,US,Georgia,Brantley,186,3,0,31.19576557,-81.97743999,13025.0,973.3633366476528,1.6129032258064515,183,181,3,0,178,179,18897,5,0,0,5,2
2020-07-23,US,Georgia,Brooks,298,12,0,30.83922642,-83.58303423,13027.0,1927.9290936145435,4.026845637583893,286,293,12,0,281,289,15513,5,0,0,5,4
2020-07-23,US,Georgia,Bryan,421,6,0,32.00979311,-81.44002948,13029.0,1062.4069447598856,1.4251781472684086,415,396,6,0,390,384,38109,25,0,0,25,12
2020-07-23,US,Georgia,Bulloch,855,8,0,32.39577406,-81.74811421,13031.0,1074.0126620440158,0.935672514619883,847,834,8,0,826,824,77296,21,0,0,21,10
2020-07-23,US,Georgia,Burke,302,7,0,33.05917989,-81.99928721,13033.0,1349.23826118036,2.3178807947019866,295,270,7,0,263,263,22423,32,0,0,32,7
2020-07-23,US,Georgia,Butts,380,36,0,33.283094500000004,-83.95435040000002,13035.0,1523.9011870388197,9.473684210526317,344,379,36,0,343,378,24193,1,0,0,1,1
2020-07-23,US,Georgia,Calhoun,178,6,0,31.53169785,-84.62725131,13037.0,2876.0704475682664,3.3707865168539324,172,178,6,0,172,178,6352,0,0,0,0,0
2020-07-23,US,Georgia,Camden,451,3,0,30.92951916,-81.66601818,13039.0,825.0100610983061,0.6651884700665188,448,423,3,0,420,410,53677,28,0,0,28,13
2020-07-23,US,Georgia,Candler,148,1,0,32.40209349,-82.07702563,13043.0,1369.9898176432473,0.6756756756756757,147,143,1,0,142,143,10836,5,0,0,5,0
2020-07-23,US,Georgia,Carroll,1452,42,0,33.58138199,-85.07976677,13045.0,1210.080672044803,2.8925619834710745,1410,1414,42,0,1372,1392,118121,38,0,0,38,22
2020-07-23,US,Georgia,Catoosa,431,8,0,34.89872298,-85.13757014,13047.0,637.7626516720924,1.8561484918793505,423,423,8,0,415,407,67420,8,0,0,8,16
2020-07-23,US,Georgia,Charlton,232,2,0,30.78371028,-82.13951596,13049.0,1732.3775388291517,0.8620689655172413,230,207,2,0,205,204,12968,25,0,0,25,3
2020-07-23,US,Georgia,Chatham,3928,44,0,32.00043026,-81.12489526,13051.0,1357.1502608575474,1.120162932790224,3884,3723,43,0,3680,3603,289195,205,1,0,204,120
2020-07-23,US,Georgia,Chattahoochee,505,1,0,32.34341231,-84.78809239,13053.0,4630.054093701293,0.19801980198019806,504,504,1,0,503,504,10684,1,0,0,1,0
2020-07-23,US,Georgia,Chattooga,115,2,0,34.47197698,-85.34535662,13055.0,463.91544636734034,1.7391304347826086,113,101,2,0,99,98,24790,14,0,0,14,3
2020-07-23,US,Georgia,Cherokee,2312,50,0,34.24393976,-84.47431861,13057.0,893.4471525236404,2.1626297577854667,2262,2267,50,0,2217,2202,254149,45,0,0,45,65
2020-07-23,US,Georgia,Clarke,1356,15,0,33.95436462,-83.37124007,13059.0,1056.6425883068005,1.106194690265487,1341,1306,15,0,1291,1286,127330,50,0,0,50,20
2020-07-23,US,Georgia,Clay,68,2,0,31.62221166,-84.97713865,13061.0,2399.435426958363,2.9411764705882355,66,68,2,0,66,67,2887,0,0,0,0,1
2020-07-23,US,Georgia,Clayton,3737,89,0,33.54187245,-84.35594188,13063.0,1278.673491733275,2.3815895103023816,3648,3630,88,0,3542,3542,289615,107,1,0,106,88
2020-07-23,US,Georgia,Clinch,148,4,0,30.91395822,-82.70432472,13065.0,2236.32517376851,2.702702702702702,144,141,4,0,137,132,6648,7,0,0,7,9
2020-07-23,US,Georgia,Cobb,9380,276,0,33.94243204,-84.5761255,13067.0,1233.981590257597,2.942430703624733,9104,8966,274,0,8692,8759,756865,414,2,0,412,207
2020-07-23,US,Georgia,Coffee,1099,21,0,31.54892966,-82.85492059999999,13069.0,2539.6898759041433,1.9108280254777068,1078,1080,21,0,1059,1071,43093,19,0,0,19,9
2020-07-23,US,Georgia,Colquitt,1383,20,0,31.18810588,-83.7677946,13071.0,3032.894736842105,1.4461315979754157,1363,1377,20,0,1357,1361,45592,6,0,0,6,16
2020-07-23,US,Georgia,Columbia,1361,17,0,33.54534185,-82.263524,13073.0,868.4610181604704,1.2490815576781775,1344,1323,17,0,1306,1300,154291,38,0,0,38,23
2020-07-23,US,Georgia,Cook,312,5,0,31.16068491,-83.42947229,13075.0,1806.6010422698319,1.6025641025641026,307,301,5,0,296,298,17162,11,0,0,11,3
2020-07-23,US,Georgia,Coweta,1104,17,0,33.35334302,-84.76129976,13077.0,743.3892895380078,1.539855072463768,1087,1056,17,0,1039,1042,145864,48,0,0,48,14
2020-07-23,US,Georgia,Crawford,76,0,0,32.71391813,-83.98061238,13079.0,612.7055788455338,0.0,76,68,0,0,68,67,12318,8,0,0,8,1
2020-07-23,US,Georgia,Crisp,346,13,0,31.92289565,-83.76811843,13081.0,1546.5760772394065,3.757225433526012,333,340,13,0,327,340,22601,6,0,0,6,0
2020-07-23,US,Georgia,Dade,89,1,0,34.854916700000004,-85.50490424,13083.0,552.2462149416729,1.1235955056179776,88,89,1,0,88,88,16226,0,0,0,0,1
2020-07-23,US,Georgia,Dawson,217,3,0,34.44244079,-84.16964071,13085.0,831.1628619580206,1.3824884792626728,214,210,3,0,207,205,25083,7,0,0,7,5
2020-07-23,US,Georgia,DeKalb,10480,199,0,33.76944049,-84.22396017,13089.0,1380.224075691067,1.8988549618320607,10281,10203,196,0,10007,9950,756558,277,3,0,274,253
2020-07-23,US,Georgia,Decatur,445,8,0,30.87967778,-84.57619536,13087.0,1685.3507044387213,1.7977528089887642,437,417,8,0,409,398,26575,28,0,0,28,19
2020-07-23,US,Georgia,Dodge,189,2,0,32.17265114,-83.16948926,13091.0,917.2530939092453,1.058201058201058,187,179,2,0,177,174,20705,10,0,0,10,5
2020-07-23,US,Georgia,Dooly,230,14,0,32.15630737,-83.79746561,13093.0,1717.699775952203,6.086956521739131,216,226,14,0,212,226,13706,4,0,0,4,0
2020-07-23,US,Georgia,Dougherty,2411,159,0,31.53328528,-84.21722377,13095.0,2741.1432989221885,6.594773952716715,2252,2365,158,0,2207,2343,91243,46,1,0,45,22
2020-07-23,US,Georgia,Douglas,1914,44,0,33.70291126,-84.77026156,13097.0,1307.8862671941945,2.2988505747126435,1870,1853,43,0,1810,1805,145331,61,1,0,60,48
2020-07-23,US,Georgia,Early,337,31,0,31.32155345,-84.90255207,13099.0,3307.1638861629053,9.19881305637982,306,337,31,0,306,336,10247,0,0,0,0,1
2020-07-23,US,Georgia,Echols,217,0,0,30.71101099,-82.89687287,13101.0,5416.874687968048,0.0,217,217,0,0,217,211,4000,0,0,0,0,6
2020-07-23,US,Georgia,Effingham,468,1,0,32.36616021,-81.34280942,13103.0,727.8835386338188,0.21367521367521367,467,444,1,0,443,435,62190,24,0,0,24,9
2020-07-23,US,Georgia,Elbert,266,1,0,34.11302332,-82.83936148,13105.0,1385.8497447118893,0.3759398496240601,265,247,1,0,246,246,19120,19,0,0,19,1
2020-07-23,US,Georgia,Emanuel,286,5,0,32.59221302,-82.30239915,13107.0,1262.916188289323,1.7482517482517483,281,271,5,0,266,267,22612,15,0,0,15,4
2020-07-23,US,Georgia,Evans,133,1,0,32.15328841,-81.8870105,13109.0,1248.3574244415242,0.7518796992481203,132,128,0,0,128,112,10721,5,1,0,4,16
2020-07-23,US,Georgia,Fannin,214,2,0,34.86430205,-84.316964,13111.0,817.168168626852,0.9345794392523364,212,206,2,0,204,199,25964,8,0,0,8,7
2020-07-23,US,Georgia,Fayette,742,21,0,33.41357794,-84.49089434,13113.0,648.4823590075247,2.830188679245283,721,702,21,0,681,693,113459,40,0,0,40,9
2020-07-23,US,Georgia,Floyd,942,15,0,34.26268279,-85.21577392,13115.0,956.3645962354567,1.5923566878980893,927,905,15,0,890,889,97927,37,0,0,37,16
2020-07-23,US,Georgia,Forsyth,1499,16,0,34.22604035,-84.12315129999998,13117.0,613.710430211421,1.067378252168112,1483,1454,16,0,1438,1414,236612,45,0,0,45,40
2020-07-23,US,Georgia,Franklin,315,3,0,34.37525597,-83.23159927,13119.0,1349.0941796222535,0.9523809523809524,312,308,3,0,305,300,23023,7,0,0,7,8
2020-07-23,US,Georgia,Fulton,14673,356,0,33.79216944,-84.46319413,13121.0,1379.1230119828524,2.4262250391876234,14317,14169,350,0,13819,13779,1050114,504,6,0,498,390
2020-07-23,US,Georgia,Gilmer,405,3,0,34.69316688,-84.45802506,13123.0,1291.083553827027,0.7407407407407407,402,392,3,0,389,367,30816,13,0,0,13,25
2020-07-23,US,Georgia,Glascock,17,0,0,33.22879932,-82.61297636,13125.0,572.1979131605519,0.0,17,17,0,0,17,17,2995,0,0,0,0,0
2020-07-23,US,Georgia,Glynn,2008,13,0,31.23279254,-81.53811412,13127.0,2354.265347277588,0.647410358565737,1995,1948,12,0,1936,1914,85219,60,1,0,59,34
2020-07-23,US,Georgia,Gordon,749,20,0,34.50487351,-84.87296253,13129.0,1292.203647154219,2.67022696929239,729,723,20,0,703,711,57685,26,0,0,26,12
2020-07-23,US,Georgia,Grady,327,4,0,30.87454847,-84.23418364,13131.0,1327.4875167458288,1.2232415902140672,323,312,4,0,308,301,24748,15,0,0,15,11
2020-07-23,US,Georgia,Greene,189,11,0,33.5769205,-83.17139104,13133.0,1031.434184675835,5.8201058201058204,178,185,11,0,174,166,17698,4,0,0,4,19
2020-07-23,US,Georgia,Gwinnett,14442,209,0,33.96044201,-84.02137802,13135.0,1542.5367156208279,1.4471679822739232,14233,14099,209,0,13890,13878,927781,343,0,0,343,221
2020-07-23,US,Georgia,Habersham,904,43,0,34.63331566,-83.53094677,13137.0,1994.35227673844,4.756637168141593,861,890,43,0,847,876,45388,14,0,0,14,14
2020-07-23,US,Georgia,Hall,4706,69,0,34.32207823,-83.81896936,13139.0,2301.886607872198,1.4662133446663834,4637,4620,69,0,4551,4528,202148,86,0,0,86,92
2020-07-23,US,Georgia,Hancock,249,33,0,33.2721566,-82.99766919,13141.0,2944.3064916637104,13.25301204819277,216,246,33,0,213,244,8348,3,0,0,3,2
2020-07-23,US,Georgia,Haralson,146,6,0,33.79602175,-85.21005667,13143.0,490.0644468313642,4.109589041095891,140,142,6,0,136,136,29533,4,0,0,4,6
2020-07-23,US,Georgia,Harris,535,14,0,32.73709786,-84.90538572,13145.0,1518.3335225337726,2.616822429906542,521,530,14,0,516,522,34475,5,0,0,5,8
2020-07-23,US,Georgia,Hart,185,0,0,34.34626973,-82.96567682,13147.0,705.9721427208548,0.0,185,175,0,0,175,165,26099,10,0,0,10,10
2020-07-23,US,Georgia,Heard,112,3,0,33.29686567,-85.12886832,13149.0,939.3608991025748,2.6785714285714284,109,104,3,0,101,104,11879,8,0,0,8,0
2020-07-23,US,Georgia,Henry,2389,37,0,33.4533428,-84.14814659999998,13151.0,1018.4983863472612,1.5487651737128505,2352,2301,36,0,2265,2260,230220,88,1,0,87,41
2020-07-23,US,Georgia,Houston,1368,36,0,32.45802497,-83.66879087,13153.0,866.5741814104636,2.631578947368421,1332,1297,36,0,1261,1255,155469,71,0,0,71,42
2020-07-23,US,Georgia,Irwin,122,1,0,31.60213036,-83.27501387,13155.0,1295.6669498725573,0.819672131147541,121,117,1,0,116,112,9398,5,0,0,5,5
2020-07-23,US,Georgia,Jackson,694,13,0,34.13794553,-83.56814788,13157.0,950.984556778163,1.873198847262248,681,667,13,0,654,647,70422,27,0,0,27,20
2020-07-23,US,Georgia,Jasper,103,1,0,33.31535543,-83.68844964,13159.0,724.3828679935298,0.9708737864077671,102,103,1,0,102,103,14040,0,0,0,0,0
2020-07-23,US,Georgia,Jeff Davis,249,4,0,31.80405727,-82.63724870000001,13161.0,1647.3701620906384,1.606425702811245,245,232,4,0,228,231,15029,17,0,0,17,1
2020-07-23,US,Georgia,Jefferson,337,5,0,33.05867328,-82.41609057,13163.0,2193.724775419867,1.483679525222552,332,319,5,0,314,312,15430,18,0,0,18,7
2020-07-23,US,Georgia,Jenkins,205,17,0,32.79248718,-81.96040187,13165.0,2362.8400184416782,8.292682926829269,188,197,15,0,182,194,8683,8,2,0,6,3
2020-07-23,US,Georgia,Johnson,192,2,0,32.70211082,-82.66166794,13167.0,1991.0816136057244,1.0416666666666667,190,187,2,0,185,157,9708,5,0,0,5,30
2020-07-23,US,Georgia,Jones,206,1,0,33.02512137,-83.56019163,13169.0,716.8957717069777,0.4854368932038835,205,199,1,0,198,191,28616,7,0,0,7,8
2020-07-23,US,Georgia,Lamar,178,8,0,33.07841647,-84.14263877,13171.0,933.0607537872834,4.49438202247191,170,173,8,0,165,168,19000,5,0,0,5,5
2020-07-23,US,Georgia,Lanier,189,3,0,31.03828570000001,-83.06472457,13173.0,1813.2975151108126,1.5873015873015872,186,185,3,0,182,184,10340,4,0,0,4,1
2020-07-23,US,Georgia,Laurens,548,1,0,32.46325233,-82.92221316,13175.0,1152.5680393723974,0.18248175182481752,547,537,1,0,536,513,47325,11,0,0,11,24
2020-07-23,US,Georgia,Lee,464,22,0,31.779330600000005,-84.14324253,13177.0,1547.0792211256335,4.741379310344827,442,457,22,0,435,454,29764,7,0,0,7,3
2020-07-23,US,Georgia,Liberty,458,2,0,31.82588896,-81.49251135,13179.0,745.5033775535118,0.4366812227074236,456,437,2,0,435,398,61497,21,0,0,21,39
2020-07-23,US,Georgia,Lincoln,92,2,0,33.79201475,-82.45024131,13181.0,1161.469511425325,2.1739130434782608,90,91,2,0,89,92,7915,1,0,0,1,-1
2020-07-23,US,Georgia,Long,94,1,0,31.75218791,-81.74952375,13183.0,480.59716754435306,1.0638297872340423,93,90,1,0,89,88,18998,4,0,0,4,2
2020-07-23,US,Georgia,Lowndes,2495,23,0,30.83568832,-83.27056716,13185.0,2125.104338790181,0.9218436873747496,2472,2344,23,0,2321,2285,116321,151,0,0,151,59
2020-07-23,US,Georgia,Lumpkin,233,5,0,34.57286511,-84.00425681,13187.0,693.2460577209165,2.145922746781116,228,222,5,0,217,211,32955,11,0,0,11,11
2020-07-23,US,Georgia,Macon,154,10,0,32.35207048,-84.04234127,13193.0,1189.4647408666099,6.493506493506493,144,153,10,0,143,151,13143,1,0,0,1,2
2020-07-23,US,Georgia,Madison,248,4,0,34.12920917,-83.21218732,13195.0,829.9866131191433,1.6129032258064515,244,239,4,0,235,235,29650,9,0,0,9,4
2020-07-23,US,Georgia,Marion,113,4,0,32.3483402,-84.52733571,13197.0,1351.8363440602946,3.5398230088495577,109,113,4,0,109,114,8351,0,0,0,0,-1
2020-07-23,US,Georgia,McDuffie,220,8,0,33.47851918,-82.48252774,13189.0,1032.2822822822825,3.636363636363636,212,211,8,0,203,206,21531,9,0,0,9,5
2020-07-23,US,Georgia,McIntosh,114,1,0,31.49683595,-81.40163426,13191.0,792.8780080678815,0.8771929824561403,113,110,1,0,109,110,14340,4,0,0,4,0
2020-07-23,US,Georgia,Meriwether,301,5,0,33.04163534,-84.68859732,13199.0,1422.0248500023624,1.6611295681063123,296,293,5,0,288,290,21068,8,0,0,8,3
2020-07-23,US,Georgia,Miller,84,0,0,31.16568912,-84.73151117,13201.0,1469.0451206715634,0.0,84,77,0,0,77,74,5686,7,0,0,7,3
2020-07-23,US,Georgia,Mitchell,544,41,0,31.22483255,-84.19381821,13205.0,2488.222110414856,7.536764705882352,503,528,41,0,487,525,22192,16,0,0,16,3
2020-07-23,US,Georgia,Monroe,332,20,0,33.014289,-83.92097166,13207.0,1203.8581477989699,6.024096385542169,312,324,20,0,304,315,27520,8,0,0,8,9
2020-07-23,US,Georgia,Montgomery,97,0,0,32.17201038,-82.53527476,13209.0,1057.5665067597038,0.0,97,94,0,0,94,91,9193,3,0,0,3,3
2020-07-23,US,Georgia,Morgan,129,0,0,33.59232073,-83.49129491,13211.0,669.2259804938784,0.0,129,119,0,0,119,112,18853,10,0,0,10,7
2020-07-23,US,Georgia,Murray,433,2,0,34.78897608,-84.74993177,13213.0,1079.9082202713487,0.4618937644341801,431,412,2,0,410,399,39921,21,0,0,21,13
2020-07-23,US,Georgia,Muscogee,3642,72,0,32.50931999,-84.87142262,13215.0,1860.3558275314278,1.9769357495881383,3570,3550,71,0,3479,3520,194160,92,1,0,91,30
2020-07-23,US,Georgia,Newton,1294,22,0,33.55514538,-83.84547140000002,13217.0,1158.004009163803,1.7001545595054095,1272,1263,22,0,1241,1239,109541,31,0,0,31,24
2020-07-23,US,Georgia,Oconee,322,15,0,33.83749973,-83.43679568,13219.0,799.4041708043692,4.658385093167702,307,314,15,0,299,304,39272,8,0,0,8,10
2020-07-23,US,Georgia,Oglethorpe,158,7,0,33.878629600000004,-83.08278123,13221.0,1035.4544858771872,4.4303797468354436,151,150,7,0,143,145,15054,8,0,0,8,5
2020-07-23,US,Georgia,Out of GA,12731,72,0,0.0,0.0,80013.0,0.0,0.5655486607493521,12659,13182,71,0,13111,13123,,-451,1,0,-452,59
2020-07-23,US,Georgia,Paulding,1146,18,0,33.91969522,-84.86848792,13223.0,679.4452975389378,1.5706806282722514,1128,1110,18,0,1092,1080,164044,36,0,0,36,30
2020-07-23,US,Georgia,Peach,220,9,0,32.56934316,-83.82937,13225.0,798.6640528570392,4.090909090909091,211,209,9,0,200,204,27297,11,0,0,11,5
2020-07-23,US,Georgia,Pickens,200,5,0,34.46589159,-84.46406611,13227.0,613.6663496057192,2.5,195,191,5,0,186,176,31980,9,0,0,9,15
2020-07-23,US,Georgia,Pierce,337,5,0,31.35928155,-82.21598442,13229.0,1731.312612381197,1.483679525222552,332,324,5,0,319,322,19389,13,0,0,13,2
2020-07-23,US,Georgia,Pike,149,3,0,33.09310242,-84.38790389,13231.0,785.782090496783,2.0134228187919465,146,146,3,0,143,141,18634,3,0,0,3,5
2020-07-23,US,Georgia,Polk,457,3,0,34.00267074,-85.18677781,13233.0,1072.442681810715,0.6564551422319475,454,439,3,0,436,431,42470,18,0,0,18,8
2020-07-23,US,Georgia,Pulaski,73,2,0,32.23334561,-83.47549959999998,13235.0,655.4727484960042,2.7397260273972597,71,70,2,0,68,70,11069,3,0,0,3,0
2020-07-23,US,Georgia,Putnam,287,17,0,33.32056115,-83.37552891,13237.0,1297.5270129752698,5.923344947735193,270,279,16,0,263,276,21809,8,1,0,7,3
2020-07-23,US,Georgia,Quitman,25,1,0,31.86728114,-85.01773177,13239.0,1087.4293170943888,4.0,24,25,1,0,24,25,2279,0,0,0,0,0
2020-07-23,US,Georgia,Rabun,139,3,0,34.88389445,-83.40304637,13241.0,811.1104627414368,2.1582733812949644,136,134,3,0,131,125,16867,5,0,0,5,9
2020-07-23,US,Georgia,Randolph,230,26,0,31.76622818,-84.75732369,13243.0,3393.331366184715,11.304347826086955,204,229,26,0,203,228,6833,1,0,0,1,1
2020-07-23,US,Georgia,Richmond,2524,73,0,33.35777107,-82.07026432,13245.0,1246.3089700668586,2.8922345483359746,2451,2437,73,0,2364,2390,201554,87,0,0,87,47
2020-07-23,US,Georgia,Rockdale,940,12,0,33.65145002,-84.02202167,13247.0,1034.148917444112,1.2765957446808511,928,926,12,0,914,914,90594,14,0,0,14,12
2020-07-23,US,Georgia,Schley,33,1,0,32.2654021,-84.31258912,13249.0,627.7344493056877,3.0303030303030303,32,32,1,0,31,31,5236,1,0,0,1,1
2020-07-23,US,Georgia,Screven,141,8,0,32.74976524,-81.60779441,13251.0,1009.5947300587139,5.673758865248227,133,138,8,0,130,136,13938,3,0,0,3,2
2020-07-23,US,Georgia,Seminole,79,2,0,30.93464824,-84.86823924,13253.0,976.5142150803464,2.5316455696202533,77,77,2,0,75,79,8315,2,0,0,2,-2
2020-07-23,US,Georgia,Spalding,689,35,0,33.26310031,-84.28013991,13255.0,1032.9370493081274,5.079825834542817,654,676,33,0,643,664,66100,13,2,0,11,12
2020-07-23,US,Georgia,Stephens,446,6,0,34.55151201,-83.29405315,13257.0,1720.3471552555447,1.345291479820628,440,442,6,0,436,412,26035,4,0,0,4,30
2020-07-23,US,Georgia,Stewart,235,4,0,32.07996777,-84.83208037,13259.0,3549.312792629512,1.702127659574468,231,235,4,0,231,234,6199,0,0,0,0,1
2020-07-23,US,Georgia,Sumter,684,55,0,32.03650571,-84.19821492,13261.0,2316.759246714537,8.04093567251462,629,680,55,0,625,675,29733,4,0,0,4,5
2020-07-23,US,Georgia,Talbot,114,3,0,32.69642758,-84.53351366,13263.0,1840.1937046004846,2.631578947368421,111,108,3,0,105,107,6272,6,0,0,6,1
2020-07-23,US,Georgia,Taliaferro,5,0,0,33.56543317,-82.88136816,13265.0,325.3090435914118,0.0,5,5,0,0,5,3,1608,0,0,0,0,2
2020-07-23,US,Georgia,Tattnall,295,0,0,32.04785085,-82.05539188,13267.0,1166.653484141422,0.0,295,282,0,0,282,277,25391,13,0,0,13,5
2020-07-23,US,Georgia,Taylor,54,2,0,32.55792548,-84.25077141,13269.0,673.3167082294265,3.703703703703704,52,54,2,0,52,54,8039,0,0,0,0,0
2020-07-23,US,Georgia,Telfair,228,5,0,31.92829517,-82.93491155,13271.0,1437.578814627995,2.1929824561403506,223,226,5,0,221,219,15876,2,0,0,2,7
2020-07-23,US,Georgia,Terrell,271,29,0,31.77527543,-84.44069698,13273.0,3176.6498651975153,10.701107011070109,242,268,29,0,239,265,8611,3,0,0,3,3
2020-07-23,US,Georgia,Thomas,789,37,0,30.86392347,-83.91847289,13275.0,1774.9881892420867,4.689480354879595,752,755,36,0,719,714,44448,34,1,0,33,41
2020-07-23,US,Georgia,Tift,1104,32,0,31.45743864,-83.5236119,13277.0,2716.2680838500146,2.898550724637681,1072,1089,32,0,1057,1088,40571,15,0,0,15,1
2020-07-23,US,Georgia,Toombs,463,6,0,32.12059861,-82.32957247,13279.0,1725.6802087215806,1.2958963282937366,457,444,6,0,438,426,26887,19,0,0,19,18
2020-07-23,US,Georgia,Towns,94,1,0,34.91369188,-83.74107459999998,13281.0,780.9254797707069,1.0638297872340423,93,85,1,0,84,84,11852,9,0,0,9,1
2020-07-23,US,Georgia,Treutlen,66,2,0,32.40422134,-82.56904553,13283.0,956.3831328792927,3.0303030303030303,64,62,2,0,60,62,6809,4,0,0,4,0
2020-07-23,US,Georgia,Troup,1999,50,0,33.03349196,-85.02812115,13285.0,2858.899917050428,2.5012506253126565,1949,1957,49,0,1908,1939,70034,42,1,0,41,18
2020-07-23,US,Georgia,Turner,204,18,0,31.71612656,-83.62069378,13287.0,2554.7902316844084,8.823529411764708,186,204,18,0,186,204,7912,0,0,0,0,0
2020-07-23,US,Georgia,Twiggs,61,1,0,32.67435595,-83.43078662,13289.0,751.231527093596,1.639344262295082,60,61,1,0,60,58,8188,0,0,0,0,3
2020-07-23,US,Georgia,Unassigned,2223,4,0,0.0,0.0,90013.0,0.0,0.1799370220422852,2219,1917,8,0,1909,1680,,306,-4,0,310,237
2020-07-23,US,Georgia,Union,151,4,0,34.82995757,-83.98967069,13291.0,616.0499367630861,2.6490066225165565,147,147,4,0,143,144,24001,4,0,0,4,3
2020-07-23,US,Georgia,Upson,434,45,0,32.87920671,-84.30024826,13293.0,1648.936170212766,10.368663594470046,389,434,45,0,389,426,26215,0,0,0,0,8
2020-07-23,US,Georgia,Walker,425,14,0,34.73376362,-85.30165174,13295.0,609.2229182494517,3.294117647058824,411,419,14,0,405,414,69410,6,0,0,6,5
2020-07-23,US,Georgia,Walton,705,32,0,33.78017694,-83.73552314,13297.0,745.2982778852557,4.539007092198582,673,675,32,0,643,669,93503,30,0,0,30,6
2020-07-23,US,Georgia,Ware,947,17,0,31.05449097,-82.42224148,13299.0,2650.137124307383,1.795142555438226,930,914,17,0,897,896,35680,33,0,0,33,18
2020-07-23,US,Georgia,Warren,44,0,0,33.41146451,-82.67795848,13301.0,837.4571754853447,0.0,44,44,0,0,44,44,5251,0,0,0,0,0
2020-07-23,US,Georgia,Washington,273,1,0,32.96711864,-82.79357039,13303.0,1339.9430646902915,0.3663003663003663,272,254,1,0,253,250,20386,19,0,0,19,4
2020-07-23,US,Georgia,Wayne,475,2,0,31.5521809,-81.91894878,13305.0,1587.1955090720749,0.42105263157894735,473,443,1,0,442,429,29808,32,1,0,31,14
2020-07-23,US,Georgia,Webster,35,2,0,32.04066113,-84.54742852,13307.0,1342.5393172228614,5.7142857142857135,33,35,2,0,33,35,2611,0,0,0,0,0
2020-07-23,US,Georgia,Wheeler,77,0,0,32.12009104,-82.72574721,13309.0,980.2673456397197,0.0,77,76,0,0,76,77,7879,1,0,0,1,-1
2020-07-23,US,Georgia,White,241,5,0,34.64624278,-83.74905525,13311.0,782.5183453471004,2.074688796680498,236,236,5,0,231,228,29970,5,0,0,5,8
2020-07-23,US,Georgia,Whitfield,2479,23,0,34.80987459,-84.96093476,13313.0,2369.346637611347,0.927793465106898,2456,2410,23,0,2387,2347,104062,69,0,0,69,63
2020-07-23,US,Georgia,Wilcox,150,17,0,31.97496928,-83.43438555,13315.0,1737.1163867979155,11.333333333333336,133,148,17,0,131,148,8812,2,0,0,2,0
2020-07-23,US,Georgia,Wilkes,157,3,0,33.78290391,-82.74286107,13317.0,1605.8095530326275,1.9108280254777068,154,150,3,0,147,149,9876,7,0,0,7,1
2020-07-23,US,Georgia,Wilkinson,150,10,0,32.80291082,-83.17140684,13319.0,1675.2289479562207,6.666666666666668,140,145,10,0,135,140,9036,5,0,0,5,5
2020-07-23,US,Georgia,Worth,389,23,0,31.55162306,-83.85090513,13321.0,1921.2722872524325,5.912596401028278,366,383,23,0,360,377,20299,6,0,0,6,6
2020-07-23,US,Hawaii,Hawaii,117,0,0,19.60121157,-155.5210167,15001.0,58.06077027288562,0.0,117,114,0,0,114,114,200983,3,0,0,3,0
2020-07-23,US,Hawaii,Honolulu,1167,19,0,21.45803166,-157.97121819999995,15003.0,119.74597845393268,1.6281062553556127,1148,1117,18,0,1099,1100,980080,50,1,0,49,17
2020-07-23,US,Hawaii,Kauai,43,0,0,22.03935037,-159.5966786,15007.0,59.480170970910045,0.0,43,43,0,0,43,43,72133,0,0,0,0,0
2020-07-23,US,Hawaii,Maui,141,6,0,20.86399628,-156.56890969999995,15009.0,84.22083778827721,4.25531914893617,135,139,6,0,133,139,167207,2,0,0,2,0
2020-07-23,US,Hawaii,Out of HI,22,1,0,0.0,0.0,80015.0,0.0,4.545454545454546,21,22,1,0,21,22,,0,0,0,0,0
2020-07-23,US,Idaho,Ada,6587,42,0,43.4526575,-116.24155159999998,16001.0,1367.7694788272936,0.6376195536663124,6545,6423,40,0,6383,6195,469966,164,2,0,162,228
2020-07-23,US,Idaho,Adams,15,0,0,44.89333571,-116.4545247,16003.0,349.32463903120635,0.0,15,15,0,0,15,15,4250,0,0,0,0,0
2020-07-23,US,Idaho,Bannock,229,1,0,42.67002716,-112.2233311,16005.0,260.79628279883383,0.4366812227074236,228,221,1,0,220,213,87138,8,0,0,8,8
2020-07-23,US,Idaho,Bear Lake,3,0,0,42.28269683,-111.32892379999998,16007.0,48.979591836734684,0.0,3,3,0,0,3,3,6050,0,0,0,0,0
2020-07-23,US,Idaho,Benewah,38,0,0,47.21754179,-116.6586851,16009.0,408.69004086900406,0.0,38,37,0,0,37,37,9226,1,0,0,1,0
2020-07-23,US,Idaho,Bingham,133,2,0,43.21672879999999,-112.3978437,16011.0,284.1212535515157,1.5037593984962403,131,129,2,0,127,121,46236,4,0,0,4,8
2020-07-23,US,Idaho,Blaine,562,6,0,43.4085812,-113.9752658,16013.0,2441.249294122757,1.0676156583629892,556,562,6,0,556,561,22601,0,0,0,0,1
2020-07-23,US,Idaho,Boise,26,0,0,43.98829931,-115.7309284,16015.0,332.0137913421018,0.0,26,25,0,0,25,22,7634,1,0,0,1,3
2020-07-23,US,Idaho,Bonner,104,0,0,48.29996017,-116.6017932,16017.0,227.3770742692232,0.0,104,103,0,0,103,101,44727,1,0,0,1,2
2020-07-23,US,Idaho,Bonneville,417,1,0,43.38713372,-111.6161537,16019.0,350.23769128689247,0.23980815347721826,416,394,1,0,393,370,116854,23,0,0,23,24
2020-07-23,US,Idaho,Boundary,26,0,0,48.76684761,-116.4630179,16021.0,212.3315639036341,0.0,26,19,0,0,19,19,11948,7,0,0,7,0
2020-07-23,US,Idaho,Camas,1,0,0,43.46665742,-114.8065892,16025.0,90.41591320072331,0.0,1,1,0,0,1,1,1127,0,0,0,0,0
2020-07-23,US,Idaho,Canyon,3683,23,0,43.61970148,-116.70954990000001,16027.0,1602.3563295902961,0.6244909041542221,3660,3598,22,0,3576,3493,223499,85,1,0,84,105
2020-07-23,US,Idaho,Caribou,21,0,0,42.77149116,-111.5597683,16029.0,293.5010482180293,0.0,21,21,0,0,21,21,7060,0,0,0,0,0
2020-07-23,US,Idaho,Cassia,384,1,0,42.28347888,-113.6012409,16031.0,1598.0024968789014,0.2604166666666667,383,383,1,0,382,381,23864,1,0,0,1,2
2020-07-23,US,Idaho,Clark,1,0,0,44.28496071,-112.35057040000001,16033.0,118.3431952662722,0.0,1,1,0,0,1,1,852,0,0,0,0,0
2020-07-23,US,Idaho,Clearwater,14,0,0,46.67459924,-115.6622393,16035.0,159.890360895386,0.0,14,8,0,0,8,8,8758,6,0,0,6,0
2020-07-23,US,Idaho,Custer,7,0,0,44.24186819,-114.2855494,16037.0,162.22479721900348,0.0,7,7,0,0,7,7,4280,0,0,0,0,0
2020-07-23,US,Idaho,Elmore,132,2,0,43.3507101,-115.4701578,16039.0,479.8080767692922,1.5151515151515151,130,131,2,0,129,128,27259,1,0,0,1,3
2020-07-23,US,Idaho,Franklin,38,0,0,42.18332217,-111.81496659999999,16041.0,273.8541366388008,0.0,38,37,0,0,37,36,13726,1,0,0,1,1
2020-07-23,US,Idaho,Fremont,34,0,0,44.22800938,-111.48099429999999,16043.0,259.56179861058104,0.0,34,31,0,0,31,29,13168,3,0,0,3,2
2020-07-23,US,Idaho,Gem,116,0,0,44.06482372,-116.398376,16045.0,640.4593639575971,0.0,116,107,0,0,107,102,17634,9,0,0,9,5
2020-07-23,US,Idaho,Gooding,104,1,0,42.96927962,-114.81083059999999,16047.0,685.1571249752948,0.9615384615384616,103,100,1,0,99,97,15196,4,0,0,4,3
2020-07-23,US,Idaho,Idaho,24,0,0,45.84721541,-115.4634436,16049.0,143.99712005759883,0.0,24,22,0,0,22,18,16513,2,0,0,2,4
2020-07-23,US,Idaho,Jefferson,68,1,0,43.82078483,-112.3131749,16051.0,227.64554249941415,1.4705882352941178,67,61,1,0,60,59,29439,7,0,0,7,2
2020-07-23,US,Idaho,Jerome,361,6,0,42.68891267,-114.2655033,16053.0,1478.7809274127478,1.6620498614958448,355,361,6,0,355,360,24015,0,0,0,0,1
2020-07-23,US,Idaho,Kootenai,1204,1,0,47.67282258,-116.7020872,16055.0,726.6275189049893,0.08305647840531563,1203,1161,1,0,1160,1116,161505,43,0,0,43,45
2020-07-23,US,Idaho,Latah,59,0,0,46.81587887,-116.71136979999999,16057.0,147.10282237957512,0.0,59,56,0,0,56,50,40134,3,0,0,3,6
2020-07-23,US,Idaho,Lemhi,7,0,0,44.9438088,-113.9309747,16059.0,87.20568082720817,0.0,7,7,0,0,7,7,7961,0,0,0,0,0
2020-07-23,US,Idaho,Lewis,1,0,0,46.23315327,-116.434146,16061.0,26.055237102657642,0.0,1,1,0,0,1,1,3861,0,0,0,0,0
2020-07-23,US,Idaho,Lincoln,45,0,0,43.0012336,-114.1358773,16063.0,838.6134923592994,0.0,45,44,0,0,44,44,5360,1,0,0,1,0
2020-07-23,US,Idaho,Madison,111,0,0,43.78141028,-111.65384740000002,16065.0,278.1466910567069,0.0,111,108,0,0,108,104,39304,3,0,0,3,4
2020-07-23,US,Idaho,Minidoka,334,1,0,42.85518524,-113.6357257,16067.0,1587.5279243310047,0.2994011976047904,333,328,1,0,327,325,20825,6,0,0,6,3
2020-07-23,US,Idaho,Nez Perce,120,19,0,46.32638236,-116.75009750000001,16069.0,296.9708968521085,15.833333333333336,101,120,19,0,101,118,40408,0,0,0,0,2
2020-07-23,US,Idaho,Oneida,7,0,0,42.19494279999999,-112.5407838,16071.0,154.4912822776429,0.0,7,7,0,0,7,7,4488,0,0,0,0,0
2020-07-23,US,Idaho,Owyhee,169,0,0,42.58016894,-116.16938710000001,16073.0,1429.4172375877527,0.0,169,166,0,0,166,156,11693,3,0,0,3,10
2020-07-23,US,Idaho,Payette,259,2,0,44.00545243,-116.7647695,16075.0,1081.3744728821343,0.7722007722007722,257,259,2,0,257,252,23551,0,0,0,0,7
2020-07-23,US,Idaho,Power,26,0,0,42.69254894,-112.83957420000002,16077.0,338.4975914594454,0.0,26,25,0,0,25,24,7768,1,0,0,1,1
2020-07-23,US,Idaho,Shoshone,35,0,0,47.35364087,-115.89167490000001,16079.0,271.69694146871603,0.0,35,32,0,0,32,31,12796,3,0,0,3,1
2020-07-23,US,Idaho,Teton,49,0,0,43.75303583,-111.2056773,16081.0,403.55789820457915,0.0,49,49,0,0,49,49,11640,0,0,0,0,0
2020-07-23,US,Idaho,Twin Falls,983,26,0,42.35440512,-114.6685381,16083.0,1131.4717189622231,2.6449643947100707,957,960,26,0,934,951,86081,23,0,0,23,9
2020-07-23,US,Idaho,Valley,41,1,0,44.76728382,-115.5676773,16085.0,359.90168539325845,2.4390243902439024,40,40,1,0,39,38,11041,1,0,0,1,2
2020-07-23,US,Idaho,Washington,159,2,0,44.45275475,-116.78476880000001,16087.0,1559.7410241318426,1.2578616352201255,157,159,2,0,157,152,10161,0,0,0,0,7
2020-07-23,US,Illinois,Adams,302,1,0,39.98815591,-91.18786813,17001.0,461.52670589134254,0.3311258278145696,301,286,1,0,285,289,65691,16,0,0,16,-3
2020-07-23,US,Illinois,Alexander,33,0,0,37.18049267,-89.32910838,17003.0,572.8172192327721,0.0,33,32,0,0,32,32,6060,1,0,0,1,0
2020-07-23,US,Illinois,Bond,30,1,0,38.88829622,-89.43534887,17005.0,182.63728235723846,3.333333333333333,29,29,1,0,28,28,16630,1,0,0,1,1
2020-07-23,US,Illinois,Boone,669,22,0,42.32359279,-88.82345779,17007.0,1249.4397131331239,3.2884902840059786,647,663,21,0,642,659,53577,6,1,0,5,4
2020-07-23,US,Illinois,Brown,12,0,0,39.96209138,-90.75068024,17009.0,182.42626938279113,0.0,12,11,0,0,11,11,6556,1,0,0,1,0
2020-07-23,US,Illinois,Bureau,65,2,0,41.40385234,-89.5283051,17011.0,199.2153978178252,3.0769230769230766,63,62,2,0,60,57,32993,3,0,0,3,5
2020-07-23,US,Illinois,Calhoun,4,0,0,39.16840183,-90.66330078,17013.0,84.40599282549061,0.0,4,3,0,0,3,4,4802,1,0,0,1,-1
2020-07-23,US,Illinois,Carroll,27,2,0,42.06823429,-89.93395545,17015.0,188.7451939881161,7.407407407407407,25,24,2,0,22,24,14312,3,0,0,3,0
2020-07-23,US,Illinois,Cass,161,11,0,39.96991073,-90.24734436,17017.0,1325.4301473614885,6.832298136645963,150,160,11,0,149,157,12260,1,0,0,1,3
2020-07-23,US,Illinois,Champaign,1318,17,0,40.13919438,-88.20046615,17019.0,628.5499000901335,1.289833080424886,1301,1293,17,0,1276,1263,209983,25,0,0,25,30
2020-07-23,US,Illinois,Christian,65,4,0,39.54581621,-89.27780482,17021.0,201.21347201584942,6.153846153846153,61,60,4,0,56,56,32661,5,0,0,5,4
2020-07-23,US,Illinois,Clark,51,0,0,39.33425789,-87.78705622,17023.0,330.2894890227317,0.0,51,50,0,0,50,50,15596,1,0,0,1,0
2020-07-23,US,Illinois,Clay,9,0,0,38.75388572,-88.48914513,17025.0,68.26456310679612,0.0,9,9,0,0,9,9,13253,0,0,0,0,0
2020-07-23,US,Illinois,Clinton,288,17,0,38.60704876,-89.42385254,17027.0,766.7323358713594,5.902777777777778,271,278,17,0,261,273,37639,10,0,0,10,5
2020-07-23,US,Illinois,Coles,273,17,0,39.51949084,-88.22358557,17029.0,539.3018707650975,6.227106227106228,256,261,17,0,244,255,50885,12,0,0,12,6
2020-07-23,US,Illinois,Cook,100795,4810,0,41.84144849,-87.81658794,17031.0,1957.09592167966,4.7720621062552695,95985,100124,4801,0,95323,99464,5180493,671,9,0,662,660
2020-07-23,US,Illinois,Crawford,28,0,0,39.0032229,-87.75954624,17033.0,149.99732147640222,0.0,28,26,0,0,26,26,18807,2,0,0,2,0
2020-07-23,US,Illinois,Cumberland,37,1,0,39.27432424,-88.2401158,17035.0,343.67453093070776,2.702702702702702,36,36,1,0,35,37,10808,1,0,0,1,-1
2020-07-23,US,Illinois,De Witt,24,0,0,40.17514519,-88.90959682,17039.0,153.47231103721703,0.0,24,24,0,0,24,24,15769,0,0,0,0,0
2020-07-23,US,Illinois,DeKalb,749,24,0,41.89373302,-88.76958483,17037.0,714.0337664566192,3.204272363150868,725,728,24,0,704,717,104143,21,0,0,21,11
2020-07-23,US,Illinois,Douglas,92,1,0,39.76768052,-88.21854195,17041.0,472.6432057539173,1.0869565217391304,91,89,0,0,89,84,19479,3,1,0,2,5
2020-07-23,US,Illinois,DuPage,10627,502,0,41.85116968,-88.08642662,17043.0,1151.452832907692,4.723816693328316,10125,10531,500,0,10031,10414,928589,96,2,0,94,117
2020-07-23,US,Illinois,Edgar,20,0,0,39.6809186,-87.74759563,17045.0,116.54332498106173,0.0,20,18,0,0,18,18,17360,2,0,0,2,0
2020-07-23,US,Illinois,Edwards,6,0,0,38.41353228,-88.05720863,17047.0,93.82329945269743,0.0,6,6,0,0,6,6,6392,0,0,0,0,0
2020-07-23,US,Illinois,Effingham,51,1,0,39.05935711,-88.58969584,17049.0,149.9647141848977,1.96078431372549,50,48,1,0,47,46,34208,3,0,0,3,2
2020-07-23,US,Illinois,Fayette,40,3,0,39.00072038,-89.02452658,17051.0,187.47656542932134,7.5,37,39,3,0,36,39,21416,1,0,0,1,0
2020-07-23,US,Illinois,Ford,35,1,0,40.59706922,-88.22350769,17053.0,270.0408919064887,2.8571428571428568,34,33,1,0,32,33,13264,2,0,0,2,0
2020-07-23,US,Illinois,Franklin,84,0,0,37.99189086,-88.92567818,17055.0,218.3576386181081,0.0,84,79,0,0,79,79,38701,5,0,0,5,0
2020-07-23,US,Illinois,Fulton,20,0,0,40.47289135,-90.20862357,17057.0,58.24111822947,0.0,20,20,0,0,20,21,34844,0,0,0,0,-1
2020-07-23,US,Illinois,Gallatin,26,0,0,37.76430935,-88.22953869,17059.0,538.5252692626347,0.0,26,23,0,0,23,21,5058,3,0,0,3,2
2020-07-23,US,Illinois,Greene,14,0,0,39.35907414,-90.388865,17061.0,107.94972627033695,0.0,14,13,0,0,13,13,13044,1,0,0,1,0
2020-07-23,US,Illinois,Grundy,231,5,0,41.28569601,-88.41905692,17063.0,452.4620989540488,2.1645021645021645,226,226,5,0,221,215,50972,5,0,0,5,11
2020-07-23,US,Illinois,Hamilton,11,0,0,38.08163641,-88.53883373,17065.0,135.53474618038442,0.0,11,11,0,0,11,11,8163,0,0,0,0,0
2020-07-23,US,Illinois,Hancock,22,1,0,40.40423981,-91.16313899,17067.0,124.23763270838042,4.545454545454546,21,22,1,0,21,22,17844,0,0,0,0,0
2020-07-23,US,Illinois,Hardin,9,0,0,37.51810645,-88.26873022,17069.0,235.54043444124574,0.0,9,9,0,0,9,7,3910,0,0,0,0,2
2020-07-23,US,Illinois,Henderson,8,0,0,40.81908672,-90.92491462,17071.0,120.37315678603672,0.0,8,8,0,0,8,8,6709,0,0,0,0,0
2020-07-23,US,Illinois,Henry,153,1,0,41.3533994,-90.13296166,17073.0,312.8002780446916,0.6535947712418301,152,146,1,0,145,146,49090,7,0,0,7,0
2020-07-23,US,Illinois,Iroquois,202,5,0,40.74717633,-87.82466784,17075.0,745.0025816921147,2.4752475247524752,197,201,5,0,196,181,27604,1,0,0,1,20
2020-07-23,US,Illinois,Jackson,450,19,0,37.78595185,-89.38232563,17077.0,792.9515418502202,4.222222222222221,431,434,19,0,415,420,57419,16,0,0,16,14
2020-07-23,US,Illinois,Jasper,49,7,0,39.01054275,-88.15437049,17079.0,509.88553590010406,14.285714285714285,42,49,7,0,42,49,9611,0,0,0,0,0
2020-07-23,US,Illinois,Jefferson,142,17,0,38.29980057,-88.9240025,17081.0,376.817747585182,11.971830985915492,125,138,17,0,121,137,37820,4,0,0,4,1
2020-07-23,US,Illinois,Jersey,57,1,0,39.08869046,-90.35393073,17083.0,261.79212786478666,1.7543859649122806,56,56,1,0,55,54,21847,1,0,0,1,2
2020-07-23,US,Illinois,Jo Daviess,84,1,0,42.36542373,-90.21094405,17085.0,395.5733458912173,1.1904761904761905,83,80,1,0,79,70,21366,4,0,0,4,10
2020-07-23,US,Illinois,Johnson,47,0,0,37.45939802,-88.88165419,17087.0,378.51332850124834,0.0,47,42,0,0,42,42,12456,5,0,0,5,0
2020-07-23,US,Illinois,Kane,8544,294,0,41.93842729,-88.42861412,17089.0,1604.7993719043654,3.441011235955056,8250,8481,293,0,8188,8433,534216,63,1,0,62,48
2020-07-23,US,Illinois,Kankakee,1563,66,0,41.13746989,-87.86205334,17091.0,1422.693925106042,4.222648752399232,1497,1534,66,0,1468,1517,110024,29,0,0,29,17
2020-07-23,US,Illinois,Kendall,1160,21,0,41.59081014,-88.42869583,17093.0,899.2945189549578,1.8103448275862069,1139,1151,21,0,1130,1132,127915,9,0,0,9,19
2020-07-23,US,Illinois,Knox,199,1,0,40.93148779,-90.21330340000002,17095.0,400.41047103563454,0.5025125628140703,198,199,1,0,198,196,50112,0,0,0,0,3
2020-07-23,US,Illinois,LaSalle,379,18,0,41.34426129999999,-88.88633881,17099.0,348.76551730484323,4.749340369393139,361,362,18,0,344,350,109430,17,0,0,17,12
2020-07-23,US,Illinois,Lake,11159,438,0,42.3224907,-88.00367925,17097.0,1602.0731190823144,3.925082892732324,10721,11079,435,0,10644,10963,700832,80,3,0,77,116
2020-07-23,US,Illinois,Lawrence,32,0,0,38.71987914,-87.72884035,17101.0,204.107666794234,0.0,32,30,0,0,30,28,15765,2,0,0,2,2
2020-07-23,US,Illinois,Lee,120,2,0,41.74583951,-89.29977132,17103.0,351.94744251525117,1.6666666666666667,118,120,2,0,118,119,34223,0,0,0,0,1
2020-07-23,US,Illinois,Livingston,65,2,0,40.89188292,-88.55784752,17105.0,182.33842010772,3.0769230769230766,63,63,2,0,61,61,35761,2,0,0,2,2
2020-07-23,US,Illinois,Logan,59,0,0,40.12581572,-89.36638784,17107.0,206.16395275700611,0.0,59,57,0,0,57,55,28925,2,0,0,2,2
2020-07-23,US,Illinois,Macon,297,22,0,39.86064913,-88.96342505,17115.0,285.5522118278226,7.407407407407407,275,288,22,0,266,282,104712,9,0,0,9,6
2020-07-23,US,Illinois,Macoupin,101,3,0,39.26119767,-89.92424028,17117.0,224.8141388060366,2.9702970297029703,98,100,3,0,97,95,45313,1,0,0,1,5
2020-07-23,US,Illinois,Madison,1651,71,0,38.83042506,-89.90422563,17119.0,627.8378193378612,4.300423985463357,1580,1604,71,0,1533,1540,264461,47,0,0,47,64
2020-07-23,US,Illinois,Marion,107,0,0,38.64963204,-88.91899208,17121.0,287.5957532589705,0.0,107,97,0,0,97,96,37620,10,0,0,10,1
2020-07-23,US,Illinois,Marshall,15,0,0,41.0327901,-89.34510444,17123.0,131.14180800839307,0.0,15,15,0,0,15,15,11534,0,0,0,0,0
2020-07-23,US,Illinois,Mason,36,0,0,40.23917274,-89.91824452,17125.0,269.48124859645185,0.0,36,36,0,0,36,36,13565,0,0,0,0,0
2020-07-23,US,Illinois,Massac,26,0,0,37.22078441,-88.71036614,17127.0,188.78884693581185,0.0,26,24,0,0,24,22,14080,2,0,0,2,2
2020-07-23,US,Illinois,McDonough,119,15,0,40.45674722,-90.67775541,17109.0,400.9163802978237,12.605042016806722,104,119,15,0,104,118,29955,0,0,0,0,1
2020-07-23,US,Illinois,McHenry,2593,111,0,42.32451172,-88.45248227,17111.0,842.5013159006284,4.280755881218665,2482,2559,110,0,2449,2510,308570,34,1,0,33,49
2020-07-23,US,Illinois,McLean,432,15,0,40.48996987,-88.84621113,17113.0,251.87007701860455,3.4722222222222223,417,418,15,0,403,408,172828,14,0,0,14,10
2020-07-23,US,Illinois,Menard,37,0,0,40.02742725,-89.80246001,17129.0,303.3781567727124,0.0,37,36,0,0,36,35,12288,1,0,0,1,1
2020-07-23,US,Illinois,Mercer,42,0,0,41.20596782,-90.74290052,17131.0,272.0735894279977,0.0,42,39,0,0,39,38,15601,3,0,0,3,1
2020-07-23,US,Illinois,Monroe,210,13,0,38.27594376,-90.17761038,17133.0,606.2880734474695,6.190476190476191,197,205,13,0,192,199,34335,5,0,0,5,6
2020-07-23,US,Illinois,Montgomery,115,3,0,39.23198845,-89.47809254,17135.0,404.7300626451749,2.608695652173913,112,112,3,0,109,107,28601,3,0,0,3,5
2020-07-23,US,Illinois,Morgan,148,5,0,39.71654544,-90.20255104,17137.0,439.71715491116515,3.3783783783783785,143,146,5,0,141,145,33976,2,0,0,2,1
2020-07-23,US,Illinois,Moultrie,37,0,0,39.64187451,-88.62099969,17139.0,255.15481690917858,0.0,37,33,0,0,33,33,14717,4,0,0,4,0
2020-07-23,US,Illinois,Ogle,346,5,0,42.04165196,-89.32184679,17141.0,683.2138696364748,1.4450867052023122,341,345,5,0,340,344,50923,1,0,0,1,1
2020-07-23,US,Illinois,Peoria,915,32,0,40.78702156,-89.76078901,17143.0,510.6625218357062,3.4972677595628414,883,878,32,0,846,852,180621,37,0,0,37,26
2020-07-23,US,Illinois,Perry,80,1,0,38.08510853,-89.36856219,17145.0,382.48231019315364,1.25,79,73,1,0,72,70,21174,7,0,0,7,3
2020-07-23,US,Illinois,Piatt,30,0,0,40.01360584,-88.59319339,17147.0,183.55359765051395,0.0,30,30,0,0,30,31,16396,0,0,0,0,-1
2020-07-23,US,Illinois,Pike,9,0,0,39.62265059,-90.8877017,17149.0,57.83689994216311,0.0,9,9,0,0,9,9,15611,0,0,0,0,0
2020-07-23,US,Illinois,Pope,3,0,0,37.41391284,-88.56152109,17151.0,71.82188173330141,0.0,3,2,0,0,2,2,4212,1,0,0,1,0
2020-07-23,US,Illinois,Pulaski,88,0,0,37.22631423,-89.13085001,17153.0,1649.4845360824743,0.0,88,88,0,0,88,88,5463,0,0,0,0,0
2020-07-23,US,Illinois,Putnam,4,0,0,41.2013541,-89.2869272,17155.0,69.69855375500957,0.0,4,3,0,0,3,3,5740,1,0,0,1,0
2020-07-23,US,Illinois,Randolph,384,7,0,38.05095369,-89.82512254,17157.0,1208.2310741929393,1.8229166666666667,377,374,7,0,367,369,32106,10,0,0,10,5
2020-07-23,US,Illinois,Richland,9,0,0,38.71240969,-88.08475366,17159.0,58.015857667762525,0.0,9,9,0,0,9,9,15763,0,0,0,0,0
2020-07-23,US,Illinois,Rock Island,1401,30,0,41.46613806,-90.57042164,17161.0,987.4611464698793,2.1413276231263385,1371,1375,30,0,1345,1355,143477,26,0,0,26,20
2020-07-23,US,Illinois,Saline,64,0,0,37.75332999,-88.54119706,17165.0,272.4447660806266,0.0,64,60,0,0,60,59,23906,4,0,0,4,1
2020-07-23,US,Illinois,Sangamon,747,33,0,39.75836914,-89.65872023,17167.0,383.7223637708556,4.417670682730924,714,717,33,0,684,692,195348,30,0,0,30,25
2020-07-23,US,Illinois,Schuyler,14,0,0,40.1571798,-90.61114163,17169.0,206.85579196217486,0.0,14,14,0,0,14,14,6907,0,0,0,0,0
2020-07-23,US,Illinois,Scott,6,0,0,39.6429169,-90.47814431,17171.0,121.1876388608362,0.0,6,4,0,0,4,2,4926,2,0,0,2,2
2020-07-23,US,Illinois,Shelby,32,1,0,39.39133527,-88.80611122,17173.0,147.9153184801701,3.125,31,31,1,0,30,29,21741,1,0,0,1,2
2020-07-23,US,Illinois,St. Clair,2951,152,0,38.46996033,-89.93063427,17163.0,1136.3723881918934,5.150796340223653,2799,2883,152,0,2731,2794,261059,68,0,0,68,89
2020-07-23,US,Illinois,Stark,6,0,0,41.09309773,-89.79745866,17175.0,112.31748408835642,0.0,6,7,0,0,7,6,5427,-1,0,0,-1,1
2020-07-23,US,Illinois,Stephenson,296,6,0,42.35129217,-89.662598,17177.0,665.198435884759,2.0270270270270268,290,292,6,0,286,290,44753,4,0,0,4,2
2020-07-23,US,Illinois,Tazewell,251,8,0,40.50716185,-89.51404662,17179.0,190.4357260456894,3.187250996015936,243,243,8,0,235,235,132328,8,0,0,8,8
2020-07-23,US,Illinois,Unassigned,1211,193,0,0.0,0.0,90017.0,0.0,15.937241948802642,1018,1213,193,0,1020,1212,,-2,0,0,-2,1
2020-07-23,US,Illinois,Union,256,21,0,37.47119609,-89.25548938,17181.0,1537.2605536539966,8.203125,235,255,21,0,234,241,16841,1,0,0,1,14
2020-07-23,US,Illinois,Vermilion,146,2,0,40.18417171,-87.73384359,17183.0,192.71892077404357,1.3698630136986298,144,141,2,0,139,137,76806,5,0,0,5,4
2020-07-23,US,Illinois,Wabash,25,0,0,38.44272901,-87.84922065,17185.0,217.01388888888889,0.0,25,25,0,0,25,24,11549,0,0,0,0,1
2020-07-23,US,Illinois,Warren,160,0,0,40.84925021,-90.6147432,17187.0,949.8931370220848,0.0,160,158,0,0,158,154,17032,2,0,0,2,4
2020-07-23,US,Illinois,Washington,40,0,0,38.35309213,-89.40982703,17189.0,288.03917332757254,0.0,40,35,0,0,35,35,13995,5,0,0,5,0
2020-07-23,US,Illinois,Wayne,27,1,0,38.42955355,-88.42586459,17191.0,166.51248843663274,3.703703703703704,26,27,1,0,26,27,16332,0,0,0,0,0
2020-07-23,US,Illinois,White,34,0,0,38.08706198,-88.17657461,17193.0,251.16347787545246,0.0,34,33,0,0,33,32,13665,1,0,0,1,1
2020-07-23,US,Illinois,Whiteside,264,16,0,41.75509713,-89.91556058,17195.0,478.4775713638424,6.0606060606060606,248,246,16,0,230,241,55626,18,0,0,18,5
2020-07-23,US,Illinois,Will,7925,338,0,41.44619267,-87.97862712,17197.0,1147.3152822395593,4.264984227129338,7587,7845,336,0,7509,7762,692310,80,2,0,78,83
2020-07-23,US,Illinois,Williamson,222,4,0,37.73033511,-88.92994027,17199.0,333.3483490247308,1.8018018018018016,218,218,4,0,214,211,67056,4,0,0,4,7
2020-07-23,US,Illinois,Winnebago,3418,113,0,42.33641854,-89.16085327,17201.0,1209.6032161714536,3.3060269163253366,3305,3386,113,0,3273,3365,284081,32,0,0,32,21
2020-07-23,US,Illinois,Woodford,66,3,0,40.78579374,-89.20973757,17203.0,171.61132634753898,4.545454545454546,63,66,3,0,63,64,38463,0,0,0,0,2
2020-07-23,US,Indiana,Adams,66,1,0,40.7457653,-84.93671406,18001.0,184.47606003857223,1.5151515151515151,65,63,1,0,62,58,35636,3,0,0,3,5
2020-07-23,US,Indiana,Allen,3245,149,0,41.09194313,-85.06800636,18003.0,855.5255879925862,4.591679506933744,3096,3217,148,0,3069,3203,375351,28,1,0,27,14
2020-07-23,US,Indiana,Bartholomew,651,45,0,39.20744865,-85.89558181,18005.0,777.0443667267454,6.912442396313363,606,648,45,0,603,641,82753,3,0,0,3,7
2020-07-23,US,Indiana,Benton,54,0,0,40.60626947,-87.31093999,18007.0,617.2839506172841,0.0,54,54,0,0,54,54,8653,0,0,0,0,0
2020-07-23,US,Indiana,Blackford,45,2,0,40.47388153,-85.32499702,18009.0,382.71814934512673,4.4444444444444455,43,45,2,0,43,45,11930,0,0,0,0,0
2020-07-23,US,Indiana,Boone,560,45,0,40.0509304,-86.46841646,18011.0,825.4351959671594,8.035714285714286,515,554,45,0,509,547,66999,6,0,0,6,7
2020-07-23,US,Indiana,Brown,60,1,0,39.19605589,-86.22868909,18013.0,397.56162205141794,1.6666666666666667,59,58,1,0,57,55,15234,2,0,0,2,3
2020-07-23,US,Indiana,Carroll,120,2,0,40.580783200000006,-86.56198812,18015.0,592.3878165572395,1.6666666666666667,118,120,2,0,118,120,20127,0,0,0,0,0
2020-07-23,US,Indiana,Cass,1692,9,0,40.76135835,-86.34830753,18017.0,4489.373557271352,0.5319148936170213,1683,1677,9,0,1668,1674,37955,15,0,0,15,3
2020-07-23,US,Indiana,Clark,840,45,0,38.48015445,-85.70510334,18019.0,710.0471674189786,5.357142857142857,795,821,45,0,776,806,117360,19,0,0,19,15
2020-07-23,US,Indiana,Clay,76,5,0,39.39561833,-87.11723506,18021.0,289.7998093422307,6.578947368421053,71,73,5,0,68,73,26170,3,0,0,3,0
2020-07-23,US,Indiana,Clinton,316,3,0,40.30319754,-86.47277257,18023.0,975.3387450229944,0.9493670886075948,313,313,3,0,310,311,32250,3,0,0,3,2
2020-07-23,US,Indiana,Crawford,37,0,0,38.28814402,-86.44518825,18025.0,349.8156377044532,0.0,37,37,0,0,37,37,10558,0,0,0,0,0
2020-07-23,US,Indiana,Daviess,182,18,0,38.70186039,-87.07185406,18027.0,545.7107732901562,9.89010989010989,164,178,17,0,161,174,33147,4,1,0,3,4
2020-07-23,US,Indiana,DeKalb,185,4,0,41.39804622,-84.99906934,18033.0,425.531914893617,2.1621621621621623,181,180,4,0,176,179,43226,5,0,0,5,1
2020-07-23,US,Indiana,Dearborn,368,25,0,39.14647946,-84.97333539,18029.0,744.065671883214,6.793478260869565,343,355,25,0,330,346,49568,13,0,0,13,9
2020-07-23,US,Indiana,Decatur,269,32,0,39.30712658,-85.50087166,18031.0,1012.8393388305284,11.895910780669146,237,266,32,0,234,266,26794,3,0,0,3,0
2020-07-23,US,Indiana,Delaware,528,52,0,40.22787247,-85.39732772,18035.0,462.6100670258904,9.848484848484848,476,518,52,0,466,516,114772,10,0,0,10,2
2020-07-23,US,Indiana,Dubois,485,9,0,38.36597551,-86.87924170000002,18037.0,1134.8745788094348,1.855670103092784,476,469,8,0,461,446,42565,16,1,0,15,23
2020-07-23,US,Indiana,Elkhart,4189,70,0,41.59761169,-85.85875695,18039.0,2030.134583044572,1.67104320840296,4119,4150,69,0,4081,4080,205560,39,1,0,38,70
2020-07-23,US,Indiana,Fayette,127,7,0,39.63684962,-85.17797541,18041.0,549.7359535970911,5.511811023622046,120,121,7,0,114,120,23047,6,0,0,6,1
2020-07-23,US,Indiana,Floyd,522,44,0,38.32117957,-85.90385377,18043.0,664.7818445785895,8.42911877394636,478,510,44,0,466,501,77781,12,0,0,12,9
2020-07-23,US,Indiana,Fountain,47,2,0,40.12361933,-87.24217689,18045.0,287.53211794934543,4.25531914893617,45,47,2,0,45,43,16351,0,0,0,0,4
2020-07-23,US,Indiana,Franklin,160,8,0,39.4142482,-85.06062647,18047.0,703.0494771069515,5.0,152,153,8,0,145,150,22736,7,0,0,7,3
2020-07-23,US,Indiana,Fulton,102,1,0,41.0469907,-86.26252745,18049.0,510.6638630219285,0.9803921568627452,101,100,1,0,99,99,20092,2,0,0,2,1
2020-07-23,US,Indiana,Gibson,173,2,0,38.30393723,-87.58054938,18051.0,513.9784307317508,1.1560693641618498,171,170,2,0,168,162,33452,3,0,0,3,8
2020-07-23,US,Indiana,Grant,432,29,0,40.51587228,-85.65468702,18053.0,656.8444099803859,6.712962962962963,403,421,28,0,393,413,65936,11,1,0,10,8
2020-07-23,US,Indiana,Greene,218,34,0,39.03630547,-86.96223202,18055.0,682.9146043480986,15.596330275229356,184,210,33,0,177,208,32006,8,1,0,7,2
2020-07-23,US,Indiana,Hamilton,2082,103,0,40.07306535,-86.05244729,18057.0,615.9562854463318,4.9471661863592695,1979,2032,102,0,1930,1991,330086,50,1,0,49,41
2020-07-23,US,Indiana,Hancock,530,37,0,39.82304555,-85.77566351,18059.0,678.0268140415516,6.981132075471697,493,528,36,0,492,519,76351,2,1,0,1,9
2020-07-23,US,Indiana,Harrison,235,22,0,38.19467379,-86.10948271,18061.0,580.0320868814019,9.361702127659576,213,235,22,0,213,236,40350,0,0,0,0,-1
2020-07-23,US,Indiana,Hendricks,1594,105,0,39.76719009,-86.51037283,18063.0,935.9348486005016,6.587202007528231,1489,1574,104,0,1470,1573,167009,20,1,0,19,1
2020-07-23,US,Indiana,Henry,330,18,0,39.93029017,-85.39625719,18065.0,687.9012757441841,5.454545454545454,312,328,18,0,310,324,48271,2,0,0,2,4
2020-07-23,US,Indiana,Howard,704,61,0,40.48527731,-86.11351892,18067.0,852.8784648187633,8.664772727272727,643,687,60,0,627,683,82366,17,1,0,16,4
2020-07-23,US,Indiana,Huntington,111,2,0,40.82907273,-85.48822092,18069.0,303.94304490690035,1.8018018018018016,109,112,2,0,110,111,36240,-1,0,0,-1,1
2020-07-23,US,Indiana,Jackson,514,3,0,38.90915820000001,-86.03851889,18071.0,1162.0808934909905,0.5836575875486382,511,510,3,0,507,508,44111,4,0,0,4,2
2020-07-23,US,Indiana,Jasper,165,2,0,41.02078733,-87.11553319,18073.0,491.6274357904773,1.2121212121212122,163,164,2,0,162,162,33370,1,0,0,1,2
2020-07-23,US,Indiana,Jay,74,0,0,40.43781032,-85.00576229,18075.0,362.1060872969271,0.0,74,73,0,0,73,73,20764,1,0,0,1,0
2020-07-23,US,Indiana,Jefferson,137,2,0,38.78576239,-85.43633383,18077.0,424.0435805373282,1.45985401459854,135,136,2,0,134,133,32208,1,0,0,1,3
2020-07-23,US,Indiana,Jennings,188,12,0,38.99588883,-85.62710784,18079.0,677.8438795745448,6.382978723404255,176,188,12,0,176,188,27611,0,0,0,0,0
2020-07-23,US,Indiana,Johnson,1491,118,0,39.48994426,-86.10149107,18081.0,942.6745149114544,7.914151576123407,1373,1476,118,0,1358,1464,156225,15,0,0,15,12
2020-07-23,US,Indiana,Knox,93,0,0,38.68861576,-87.4194665,18083.0,254.14002295458272,0.0,93,93,0,0,93,90,36895,0,0,0,0,3
2020-07-23,US,Indiana,Kosciusko,718,9,0,41.24521668,-85.86312322,18085.0,903.6447845348367,1.2534818941504178,709,711,8,0,703,689,79344,7,1,0,6,22
2020-07-23,US,Indiana,LaGrange,507,10,0,41.64232188,-85.42674232,18087.0,1279.8505578835766,1.9723865877712032,497,504,10,0,494,500,39330,3,0,0,3,4
2020-07-23,US,Indiana,LaPorte,715,28,0,41.54366008,-86.74072188,18091.0,650.6624927198602,3.916083916083916,687,706,28,0,678,699,110007,9,0,0,9,7
2020-07-23,US,Indiana,Lake,6469,259,0,41.41874274,-87.38277575,18089.0,1332.459994273862,4.003710001545834,6210,6379,258,0,6121,6277,484411,90,1,0,89,102
2020-07-23,US,Indiana,Lawrence,287,27,0,38.84112637,-86.48361629,18093.0,632.5765924619792,9.40766550522648,260,283,26,0,257,281,45668,4,1,0,3,2
2020-07-23,US,Indiana,Madison,739,64,0,40.16143691,-85.71964711,18095.0,570.3524762867661,8.660351826792963,675,720,64,0,656,716,129641,19,0,0,19,4
2020-07-23,US,Indiana,Marion,13245,711,0,39.78163624,-86.13826325,18097.0,1373.133647528152,5.36806342015855,12534,13094,711,0,12383,12991,954670,151,0,0,151,103
2020-07-23,US,Indiana,Marshall,686,18,0,41.32467367,-86.26185087,18099.0,1482.9867266202602,2.623906705539359,668,682,16,0,666,671,46248,4,2,0,2,11
2020-07-23,US,Indiana,Martin,38,0,0,38.7099921,-86.80373186,18101.0,370.55095075572893,0.0,38,36,0,0,36,35,10217,2,0,0,2,1
2020-07-23,US,Indiana,Miami,225,2,0,40.76940965,-86.04525048,18103.0,633.5172879828808,0.8888888888888888,223,218,2,0,216,214,35567,7,0,0,7,4
2020-07-23,US,Indiana,Monroe,530,29,0,39.16130004,-86.52414358,18105.0,357.06826741044665,5.471698113207546,501,496,29,0,467,490,146917,34,0,0,34,6
2020-07-23,US,Indiana,Montgomery,308,21,0,40.04034823,-86.89335024,18107.0,803.3804580311963,6.8181818181818175,287,307,21,0,286,306,38346,1,0,0,1,1
2020-07-23,US,Indiana,Morgan,380,31,0,39.47899078,-86.44573375,18109.0,539.0912057200413,8.157894736842103,349,367,31,0,336,367,70116,13,0,0,13,0
2020-07-23,US,Indiana,Newton,103,10,0,40.95610449,-87.39635768,18111.0,736.5560640732266,9.70873786407767,93,102,10,0,92,101,14011,1,0,0,1,1
2020-07-23,US,Indiana,Noble,588,28,0,41.39672484,-85.41966713,18113.0,1231.56836461126,4.761904761904762,560,579,28,0,551,574,47532,9,0,0,9,5
2020-07-23,US,Indiana,Ohio,35,2,0,38.955304999999996,-84.96515993,18115.0,595.7446808510638,5.7142857142857135,33,33,2,0,31,33,5844,2,0,0,2,0
2020-07-23,US,Indiana,Orange,153,24,0,38.54118920000001,-86.49523093,18117.0,778.7844853914282,15.68627450980392,129,150,24,0,126,154,19489,3,0,0,3,-4
2020-07-23,US,Indiana,Owen,65,1,0,39.31145587,-86.83900724,18119.0,312.51502476080583,1.5384615384615383,64,60,1,0,59,58,20845,5,0,0,5,2
2020-07-23,US,Indiana,Parke,35,0,0,39.77202286,-87.20375833,18121.0,206.64816673554938,0.0,35,35,0,0,35,33,16927,0,0,0,0,2
2020-07-23,US,Indiana,Perry,160,12,0,38.07809328,-86.63741946,18123.0,834.680995357087,7.5,148,161,12,0,149,161,19102,-1,0,0,-1,0
2020-07-23,US,Indiana,Pike,21,0,0,38.40112197,-87.23574907,18125.0,169.50520623133426,0.0,21,21,0,0,21,21,12410,0,0,0,0,0
2020-07-23,US,Indiana,Porter,975,38,0,41.45986947,-87.06848888,18127.0,572.2200376784888,3.897435897435898,937,954,38,0,916,942,169594,21,0,0,21,12
2020-07-23,US,Indiana,Posey,130,0,0,38.02097333,-87.86480429,18129.0,511.2675502418689,0.0,130,128,0,0,128,115,25540,2,0,0,2,13
2020-07-23,US,Indiana,Pulaski,69,1,0,41.04166107,-86.69890683,18131.0,558.5687687201488,1.4492753623188406,68,69,1,0,68,67,12469,0,0,0,0,2
2020-07-23,US,Indiana,Putnam,198,8,0,39.66437981,-86.84517605,18133.0,526.9320843091335,4.040404040404041,190,197,8,0,189,196,37779,1,0,0,1,1
2020-07-23,US,Indiana,Randolph,90,4,0,40.15734772,-85.01139319,18135.0,364.8895195621327,4.4444444444444455,86,85,4,0,81,83,24851,5,0,0,5,2
2020-07-23,US,Indiana,Ripley,168,7,0,39.10235626,-85.26212744,18137.0,593.1365626323966,4.166666666666667,161,160,7,0,153,163,28523,8,0,0,8,-3
2020-07-23,US,Indiana,Rush,73,4,0,39.62002287,-85.4655599,18139.0,440.26295157107535,5.479452054794519,69,73,4,0,69,71,16663,0,0,0,0,2
2020-07-23,US,Indiana,Scott,207,10,0,38.68672078,-85.74627859,18143.0,867.0883424789511,4.8309178743961345,197,202,10,0,192,200,23878,5,0,0,5,2
2020-07-23,US,Indiana,Shelby,482,25,0,39.52305623,-85.79158570000001,18145.0,1077.600661763062,5.186721991701245,457,480,25,0,455,476,44593,2,0,0,2,4
2020-07-23,US,Indiana,Spencer,99,1,0,38.01519732,-87.0079644,18147.0,488.2379050155349,1.0101010101010102,98,95,1,0,94,93,20327,4,0,0,4,2
2020-07-23,US,Indiana,St. Joseph,2650,75,0,41.61756781,-86.29040834,18141.0,974.8883476930097,2.830188679245283,2575,2605,74,0,2531,2553,270771,45,1,0,44,52
2020-07-23,US,Indiana,Starke,142,4,0,41.27890281,-86.64686895,18149.0,617.5255490323982,2.8169014084507036,138,141,4,0,137,141,22935,1,0,0,1,0
2020-07-23,US,Indiana,Steuben,168,3,0,41.64423868,-85.00101094,18151.0,485.6333468231485,1.7857142857142858,165,165,3,0,162,162,34586,3,0,0,3,3
2020-07-23,US,Indiana,Sullivan,66,1,0,39.08952258,-87.41414469,18153.0,319.318786588611,1.5151515151515151,65,65,1,0,64,65,20690,1,0,0,1,0
2020-07-23,US,Indiana,Switzerland,36,0,0,38.82767338,-85.03022429,18155.0,334.85257185378106,0.0,36,36,0,0,36,36,10717,0,0,0,0,0
2020-07-23,US,Indiana,Tippecanoe,921,11,0,40.38872739,-86.89413959,18157.0,470.541352461529,1.1943539630836049,910,907,11,0,896,889,193048,14,0,0,14,18
2020-07-23,US,Indiana,Tipton,63,2,0,40.31123252,-86.05234925,18159.0,415.89648798521256,3.1746031746031744,61,52,2,0,50,47,15128,11,0,0,11,5
2020-07-23,US,Indiana,Unassigned,0,197,0,0.0,0.0,90018.0,0.0,0.0,-197,0,197,0,-197,0,,0,0,0,0,0
2020-07-23,US,Indiana,Union,20,0,0,39.62550777,-84.92497066,18161.0,283.5270768358378,0.0,20,20,0,0,20,18,7037,0,0,0,0,2
2020-07-23,US,Indiana,Vanderburgh,1289,7,0,38.02658833,-87.58763124,18163.0,710.3846217436113,0.5430566330488751,1282,1236,6,0,1230,1191,180974,53,1,0,52,45
2020-07-23,US,Indiana,Vermillion,20,0,0,39.8523352,-87.46160542,18165.0,129.0489095367144,0.0,20,20,0,0,20,20,15479,0,0,0,0,0
2020-07-23,US,Indiana,Vigo,332,9,0,39.42944561,-87.39169027,18167.0,310.17021992189683,2.710843373493976,323,317,9,0,308,310,107386,15,0,0,15,7
2020-07-23,US,Indiana,Wabash,135,3,0,40.84704239,-85.79328272,18169.0,435.54006968641113,2.2222222222222223,132,132,3,0,129,131,31280,3,0,0,3,1
2020-07-23,US,Indiana,Warren,18,1,0,40.34728141,-87.35602659,18171.0,217.7858439201452,5.5555555555555545,17,17,1,0,16,17,8263,1,0,0,1,0
2020-07-23,US,Indiana,Warrick,393,29,0,38.08922676,-87.2716085,18173.0,623.8293279151719,7.3791348600508915,364,381,29,0,352,358,62567,12,0,0,12,23
2020-07-23,US,Indiana,Washington,78,1,0,38.60219804,-86.1049363,18175.0,278.21372521044367,1.2820512820512822,77,77,1,0,76,77,27943,1,0,0,1,0
2020-07-23,US,Indiana,Wayne,232,7,0,39.863344399999995,-85.01044989,18177.0,352.1340537915124,3.0172413793103448,225,219,7,0,212,215,65936,13,0,0,13,4
2020-07-23,US,Indiana,Wells,106,1,0,40.72934187,-85.22132966,18179.0,374.6112524738479,0.9433962264150944,105,103,1,0,102,101,28206,3,0,0,3,2
2020-07-23,US,Indiana,White,311,10,0,40.74911165,-86.86492015,18181.0,1290.3493486017758,3.2154340836012865,301,307,10,0,297,306,24133,4,0,0,4,1
2020-07-23,US,Indiana,Whitley,127,6,0,41.13863784,-85.50791236,18183.0,373.9253327052173,4.724409448818896,121,122,6,0,116,120,34074,5,0,0,5,2
2020-07-23,US,Iowa,Adair,22,0,0,41.33075609,-94.47105874,19001.0,307.6062639821029,0.0,22,21,0,0,21,20,7063,1,0,0,1,1
2020-07-23,US,Iowa,Adams,12,0,0,41.02903567,-94.69932645,19003.0,333.14825097168233,0.0,12,12,0,0,12,12,3645,0,0,0,0,0
2020-07-23,US,Iowa,Allamakee,144,4,0,43.28383218,-91.37860922,19005.0,1052.0932271498502,2.7777777777777777,140,143,4,0,139,143,13832,1,0,0,1,0
2020-07-23,US,Iowa,Appanoose,34,3,0,40.74324454,-92.86865906,19007.0,273.61982938998875,8.823529411764708,31,34,3,0,31,34,12437,0,0,0,0,0
2020-07-23,US,Iowa,Audubon,22,1,0,41.6844628,-94.90581859,19009.0,400.2911208151383,4.545454545454546,21,22,1,0,21,22,5506,0,0,0,0,0
2020-07-23,US,Iowa,Benton,102,1,0,42.08011739,-92.06463573,19011.0,397.7383505556639,0.9803921568627452,101,99,1,0,98,97,25642,3,0,0,3,2
2020-07-23,US,Iowa,Black Hawk,2774,61,0,42.4704581,-92.30524729,19013.0,2113.878135763709,2.1989906272530644,2713,2744,61,0,2683,2717,132408,30,0,0,30,27
2020-07-23,US,Iowa,Boone,204,1,0,42.03657094,-93.9313999,19015.0,777.6168331173286,0.4901960784313725,203,194,1,0,193,189,26346,10,0,0,10,5
2020-07-23,US,Iowa,Bremer,152,7,0,42.77461496,-92.31795937,19017.0,606.495890192323,4.605263157894737,145,147,7,0,140,141,24947,5,0,0,5,6
2020-07-23,US,Iowa,Buchanan,84,1,0,42.4709188,-91.83510825,19019.0,396.6942148760331,1.1904761904761905,83,81,1,0,80,77,21199,3,0,0,3,4
2020-07-23,US,Iowa,Buena Vista,1767,12,0,42.73545875,-95.15100162,19021.0,9006.11620795107,0.6791171477079796,1755,1760,12,0,1748,1758,19874,7,0,0,7,2
2020-07-23,US,Iowa,Butler,88,2,0,42.73172833,-92.79015971,19023.0,609.4604889535286,2.272727272727273,86,87,2,0,85,85,14539,1,0,0,1,2
2020-07-23,US,Iowa,Calhoun,72,2,0,42.38521079,-94.64046046,19025.0,744.7248655357881,2.7777777777777777,70,71,2,0,69,71,9699,1,0,0,1,0
2020-07-23,US,Iowa,Carroll,149,1,0,42.03617207,-94.86032705,19027.0,738.9040416563353,0.6711409395973155,148,148,1,0,147,145,20154,1,0,0,1,3
2020-07-23,US,Iowa,Cass,32,0,0,41.33149454,-94.92792482,19029.0,249.2988469928327,0.0,32,30,0,0,30,30,12930,2,0,0,2,0
2020-07-23,US,Iowa,Cedar,106,1,0,41.77233777,-91.13246684,19031.0,569.0664089762173,0.9433962264150944,105,104,1,0,103,103,18627,2,0,0,2,1
2020-07-23,US,Iowa,Cerro Gordo,488,16,0,43.08177563,-93.2612239,19033.0,1149.587750294464,3.278688524590164,472,473,16,0,457,457,42647,15,0,0,15,16
2020-07-23,US,Iowa,Cherokee,93,1,0,42.73538914,-95.62389402,19035.0,827.7703604806409,1.075268817204301,92,92,1,0,91,89,11321,1,0,0,1,3
2020-07-23,US,Iowa,Chickasaw,41,0,0,43.06001295,-92.31773347,19037.0,343.58501634123866,0.0,41,40,0,0,40,39,11964,1,0,0,1,1
2020-07-23,US,Iowa,Clarke,156,3,0,41.02868181,-93.78499767,19039.0,1660.4576902607764,1.9230769230769231,153,154,3,0,151,152,9423,2,0,0,2,2
2020-07-23,US,Iowa,Clay,162,1,0,43.08247182,-95.15096481,19041.0,1011.4885114885112,0.6172839506172839,161,161,1,0,160,161,16134,1,0,0,1,0
2020-07-23,US,Iowa,Clayton,67,3,0,42.84443388,-91.34133693,19043.0,381.78813607612966,4.477611940298506,64,66,3,0,63,62,17556,1,0,0,1,4
2020-07-23,US,Iowa,Clinton,194,2,0,41.89981633,-90.53275096,19045.0,417.8422968403368,1.0309278350515465,192,190,2,0,188,184,46518,4,0,0,4,6
2020-07-23,US,Iowa,Crawford,689,3,0,42.03718237,-95.3819718,19047.0,4096.313912009513,0.4354136429608128,686,688,3,0,685,688,17158,1,0,0,1,0
2020-07-23,US,Iowa,Dallas,1619,34,0,41.68560356,-94.04127625,19049.0,1732.4216451050256,2.1000617665225447,1585,1600,34,0,1566,1581,90180,19,0,0,19,19
2020-07-23,US,Iowa,Davis,47,1,0,40.74773536,-92.41005468,19051.0,522.2222222222222,2.127659574468085,46,46,1,0,45,46,9017,1,0,0,1,0
2020-07-23,US,Iowa,Decatur,17,0,0,40.73742757,-93.78645949,19053.0,216.01016518424402,0.0,17,15,0,0,15,15,7890,2,0,0,2,0
2020-07-23,US,Iowa,Delaware,70,1,0,42.47104597,-91.3664492,19055.0,411.49844218446884,1.4285714285714286,69,67,1,0,66,67,17069,3,0,0,3,0
2020-07-23,US,Iowa,Des Moines,125,2,0,40.92012606,-91.18326592,19057.0,320.78425334257184,1.6,123,120,2,0,118,117,39138,5,0,0,5,3
2020-07-23,US,Iowa,Dickinson,351,4,0,43.37787725,-95.1510206,19059.0,2033.8393788387993,1.1396011396011396,347,350,4,0,346,345,17153,1,0,0,1,5
2020-07-23,US,Iowa,Dubuque,1300,26,0,42.46815349,-90.88181925,19061.0,1335.9229686263632,2.0,1274,1265,24,0,1241,1237,96854,35,2,0,33,28
2020-07-23,US,Iowa,Emmet,125,0,0,43.37782951,-94.67858943,19063.0,1357.5152041702868,0.0,125,122,0,0,122,120,9253,3,0,0,3,2
2020-07-23,US,Iowa,Fayette,68,0,0,42.86271799,-91.8441231,19065.0,346.0559796437658,0.0,68,66,0,0,66,65,19660,2,0,0,2,1
2020-07-23,US,Iowa,Floyd,96,2,0,43.06000529999999,-92.78940097,19067.0,613.7322593018797,2.083333333333333,94,95,2,0,93,95,15761,1,0,0,1,0
2020-07-23,US,Iowa,Franklin,157,3,0,42.73270384,-93.26256925,19069.0,1559.0863952333664,1.9108280254777068,154,157,3,0,154,145,10124,0,0,0,0,12
2020-07-23,US,Iowa,Fremont,16,0,0,40.74542720000001,-95.60129045,19071.0,229.88505747126442,0.0,16,16,0,0,16,14,6993,0,0,0,0,2
2020-07-23,US,Iowa,Greene,37,0,0,42.03614551,-94.39658081,19073.0,416.2916291629163,0.0,37,37,0,0,37,37,8981,0,0,0,0,0
2020-07-23,US,Iowa,Grundy,61,1,0,42.40183723,-92.78829551,19075.0,498.6919555264879,1.639344262295082,60,58,1,0,57,58,12304,3,0,0,3,0
2020-07-23,US,Iowa,Guthrie,114,5,0,41.68378965,-94.50111014,19077.0,1066.5169800729725,4.385964912280701,109,112,5,0,107,108,10720,2,0,0,2,4
2020-07-23,US,Iowa,Hamilton,216,1,0,42.38382428,-93.70197703,19079.0,1462.126853042713,0.462962962962963,215,215,1,0,214,214,14952,1,0,0,1,1
2020-07-23,US,Iowa,Hancock,95,2,0,43.08178477,-93.73454884,19081.0,893.6970837253058,2.1052631578947367,93,93,2,0,91,85,10712,2,0,0,2,8
2020-07-23,US,Iowa,Hardin,118,0,0,42.38353877,-93.23654611,19083.0,700.4630179271044,0.0,118,113,0,0,113,109,16868,5,0,0,5,4
2020-07-23,US,Iowa,Harrison,73,0,0,41.68330137,-95.81558439,19085.0,519.6099366502954,0.0,73,73,0,0,73,71,14134,0,0,0,0,2
2020-07-23,US,Iowa,Henry,101,3,0,40.98767962,-91.54436349,19087.0,506.16417760849953,2.9702970297029703,98,100,3,0,97,100,20067,1,0,0,1,0
2020-07-23,US,Iowa,Howard,45,0,0,43.35671042,-92.31702714,19089.0,491.37366237169687,0.0,45,43,0,0,43,42,9187,2,0,0,2,1
2020-07-23,US,Iowa,Humboldt,72,1,0,42.7764426,-94.20722537,19091.0,753.2956685499057,1.3888888888888888,71,72,1,0,71,70,9547,0,0,0,0,2
2020-07-23,US,Iowa,Ida,27,0,0,42.38696136,-95.51355387,19093.0,393.5860058309038,0.0,27,27,0,0,27,26,6841,0,0,0,0,1
2020-07-23,US,Iowa,Iowa,70,1,0,41.68630265,-92.0643373,19095.0,432.52595155709344,1.4285714285714286,69,69,1,0,68,68,16141,1,0,0,1,1
2020-07-23,US,Iowa,Jackson,110,0,0,42.17178824,-90.57354837,19097.0,565.8727300787077,0.0,110,105,0,0,105,100,19432,5,0,0,5,5
2020-07-23,US,Iowa,Jasper,416,20,0,41.68576082,-93.05567785,19099.0,1118.730670969477,4.807692307692308,396,416,19,0,397,414,37147,0,1,0,-1,2
2020-07-23,US,Iowa,Jefferson,68,0,0,41.03192394,-91.94849466,19101.0,371.68625307461053,0.0,68,68,0,0,68,68,18381,0,0,0,0,0
2020-07-23,US,Iowa,Johnson,1701,10,0,41.67169354,-91.58754744,19103.0,1125.4466057959507,0.5878894767783657,1691,1676,10,0,1666,1651,151260,25,0,0,25,25
2020-07-23,US,Iowa,Jones,105,1,0,42.12118609,-91.13139641,19105.0,507.71239301774574,0.9523809523809524,104,103,1,0,102,100,20744,2,0,0,2,3
2020-07-23,US,Iowa,Keokuk,26,1,0,41.33649833,-92.1785067,19107.0,253.75756392738631,3.8461538461538463,25,24,1,0,23,24,10225,2,0,0,2,0
2020-07-23,US,Iowa,Kossuth,72,0,0,43.20405458,-94.20691791,19109.0,486.05954229393103,0.0,72,73,0,0,73,71,14908,-1,0,0,-1,2
2020-07-23,US,Iowa,Lee,67,2,0,40.64181461,-91.48183025,19111.0,199.06705885848407,2.985074626865672,65,64,2,0,62,63,34055,3,0,0,3,1
2020-07-23,US,Iowa,Linn,1719,87,0,42.07923082,-91.59809485,19113.0,758.2507741303715,5.0610820244328085,1632,1667,87,0,1580,1638,225909,52,0,0,52,29
2020-07-23,US,Iowa,Louisa,375,13,0,41.21842119,-91.26102611,19115.0,3398.278205709107,3.466666666666667,362,373,13,0,360,372,11169,2,0,0,2,1
2020-07-23,US,Iowa,Lucas,39,4,0,41.02958964,-93.32780803,19117.0,453.4883720930232,10.256410256410255,35,39,4,0,35,38,8645,0,0,0,0,1
2020-07-23,US,Iowa,Lyon,84,0,0,43.38107862,-96.20926845,19119.0,714.5895363675032,0.0,84,84,0,0,84,79,11811,0,0,0,0,5
2020-07-23,US,Iowa,Madison,79,2,0,41.33081904,-94.01554631,19121.0,483.5353164402008,2.5316455696202533,77,78,2,0,76,77,16249,1,0,0,1,1
2020-07-23,US,Iowa,Mahaska,131,17,0,41.33521503,-92.64083907,19123.0,592.8943199818964,12.977099236641221,114,129,17,0,112,129,22000,2,0,0,2,0
2020-07-23,US,Iowa,Marion,113,0,0,41.33445101,-93.09934783,19125.0,339.8189637025231,0.0,113,112,0,0,112,110,33407,1,0,0,1,2
2020-07-23,US,Iowa,Marshall,1256,21,0,42.03586837,-92.9990819,19127.0,3190.32741497117,1.6719745222929936,1235,1218,21,0,1197,1206,39981,38,0,0,38,12
2020-07-23,US,Iowa,Mills,63,0,0,41.03299766,-95.61920963,19129.0,416.97001787014364,0.0,63,63,0,0,63,60,15063,0,0,0,0,3
2020-07-23,US,Iowa,Mitchell,73,0,0,43.35638371,-92.78887719,19131.0,689.5900245607406,0.0,73,70,0,0,70,68,10569,3,0,0,3,2
2020-07-23,US,Iowa,Monona,84,0,0,42.05220391,-95.95743843,19133.0,975.0435287289612,0.0,84,82,0,0,82,81,8679,2,0,0,2,1
2020-07-23,US,Iowa,Monroe,64,7,0,41.02988815,-92.8690667,19135.0,830.4139094329829,10.9375,57,63,7,0,56,61,7790,1,0,0,1,2
2020-07-23,US,Iowa,Montgomery,31,2,0,41.03018714,-95.15642896,19137.0,312.59453463749117,6.451612903225807,29,25,2,0,23,23,10003,6,0,0,6,2
2020-07-23,US,Iowa,Muscatine,748,45,0,41.48370744,-91.1121697,19139.0,1753.2345771610724,6.016042780748662,703,744,45,0,699,739,42929,4,0,0,4,5
2020-07-23,US,Iowa,O'Brien,110,1,0,43.08310673,-95.62474482,19141.0,799.825492619792,0.9090909090909092,109,110,1,0,109,108,13840,0,0,0,0,2
2020-07-23,US,Iowa,Osceola,73,0,0,43.37824276,-95.62422844,19143.0,1225.243370258476,0.0,73,72,0,0,72,71,6040,1,0,0,1,1
2020-07-23,US,Iowa,Page,39,0,0,40.7393172,-95.1497813,19145.0,258.1584695836367,0.0,39,38,0,0,38,38,15249,1,0,0,1,0
2020-07-23,US,Iowa,Palo Alto,62,0,0,43.08193849,-94.67824621,19147.0,697.7267611973891,0.0,62,61,0,0,61,62,8929,1,0,0,1,-1
2020-07-23,US,Iowa,Plymouth,397,6,0,42.737633,-96.21366621,19149.0,1576.8360011121258,1.5113350125944585,391,391,6,0,385,386,25095,6,0,0,6,5
2020-07-23,US,Iowa,Pocahontas,110,1,0,42.73420133,-94.67862564,19151.0,1661.88245958604,0.9090909090909092,109,109,1,0,108,109,6740,1,0,0,1,0
2020-07-23,US,Iowa,Polk,8786,191,0,41.68679484,-93.57767461,19153.0,1792.4722693155927,2.1739130434782608,8595,8644,191,0,8453,8557,487204,142,0,0,142,87
2020-07-23,US,Iowa,Pottawattamie,979,18,0,41.33640314,-95.53907776,19155.0,1050.3615647061347,1.838610827374872,961,961,16,0,945,944,93533,18,2,0,16,17
2020-07-23,US,Iowa,Poweshiek,118,8,0,41.68625425,-92.53155731,19157.0,637.6999567661046,6.779661016949151,110,117,8,0,109,114,18699,1,0,0,1,3
2020-07-23,US,Iowa,Ringgold,21,1,0,40.73518949,-94.24368535,19159.0,429.09685328974257,4.761904761904762,20,19,1,0,18,18,4968,2,0,0,2,1
2020-07-23,US,Iowa,Sac,75,0,0,42.38624071,-95.10547892,19161.0,771.5255632136611,0.0,75,75,0,0,75,75,9719,0,0,0,0,0
2020-07-23,US,Iowa,Scott,1398,11,0,41.63935978,-90.61959493,19163.0,808.3588234273718,0.7868383404864091,1387,1365,11,0,1354,1335,173283,33,0,0,33,30
2020-07-23,US,Iowa,Shelby,127,0,0,41.6850066,-95.31015553,19165.0,1108.7829579186314,0.0,127,126,0,0,126,126,11578,1,0,0,1,0
2020-07-23,US,Iowa,Sioux,551,1,0,43.08221074,-96.1767568,19167.0,1580.8348873906182,0.18148820326678766,550,545,0,0,545,538,34909,6,1,0,5,7
2020-07-23,US,Iowa,Story,998,10,0,42.03621213,-93.46499005,19169.0,1027.6264711636481,1.002004008016032,988,983,10,0,973,970,98105,15,0,0,15,13
2020-07-23,US,Iowa,Tama,514,29,0,42.07991767,-92.53266945,19171.0,3049.721134448796,5.642023346303503,485,513,29,0,484,511,16904,1,0,0,1,2
2020-07-23,US,Iowa,Taylor,85,0,0,40.73710579,-94.69778563,19173.0,1388.6619833360562,0.0,85,85,0,0,85,83,6191,0,0,0,0,2
2020-07-23,US,Iowa,Unassigned,1,0,0,0.0,0.0,90019.0,0.0,0.0,1,13,0,0,13,16,,-12,0,0,-12,-3
2020-07-23,US,Iowa,Union,59,1,0,41.0277278,-94.24234847,19175.0,481.9867657871088,1.6949152542372878,58,59,1,0,58,56,12359,0,0,0,0,3
2020-07-23,US,Iowa,Van Buren,22,1,0,40.75326764,-91.95017958,19177.0,312.32254400908573,4.545454545454546,21,22,1,0,21,22,7020,0,0,0,0,0
2020-07-23,US,Iowa,Wapello,773,31,0,41.03064984,-92.40954728,19179.0,2210.5293259744344,4.010349288486417,742,769,31,0,738,757,35205,4,0,0,4,12
2020-07-23,US,Iowa,Warren,432,1,0,41.33559454,-93.56007641,19181.0,839.389111257918,0.2314814814814815,431,425,1,0,424,419,51056,7,0,0,7,6
2020-07-23,US,Iowa,Washington,275,9,0,41.33577126,-91.71725711,19183.0,1251.9918051445482,3.272727272727273,266,275,9,0,266,269,22141,0,0,0,0,6
2020-07-23,US,Iowa,Wayne,12,1,0,40.73969028,-93.32752197,19185.0,186.30647414997668,8.333333333333334,11,11,1,0,10,11,6401,1,0,0,1,0
2020-07-23,US,Iowa,Webster,566,5,0,42.42853483,-94.17987389,19187.0,1576.4260249554368,0.8833922261484098,561,565,5,0,560,565,36277,1,0,0,1,0
2020-07-23,US,Iowa,Winnebago,63,0,0,43.37751174,-93.73407298,19189.0,608.4604983581224,0.0,63,59,0,0,59,59,10518,4,0,0,4,0
2020-07-23,US,Iowa,Winneshiek,66,1,0,43.29094334,-91.84422722,19191.0,330.1485668550848,1.5151515151515151,65,63,1,0,62,62,20029,3,0,0,3,1
2020-07-23,US,Iowa,Woodbury,3514,47,0,42.38979414,-96.0459439,19193.0,3408.110021628017,1.3375071143995447,3467,3495,47,0,3448,3492,102539,19,0,0,19,3
2020-07-23,US,Iowa,Worth,47,0,0,43.37750768,-93.26087602,19195.0,636.7700853542881,0.0,47,47,0,0,47,46,7453,0,0,0,0,1
2020-07-23,US,Iowa,Wright,425,1,0,42.73305373,-93.73515113,19197.0,3383.219232606273,0.2352941176470588,424,423,1,0,422,419,12690,2,0,0,2,4
2020-07-23,US,Kansas,Allen,11,0,0,37.88582951,-95.30030847,20001.0,88.9320074379497,0.0,11,11,0,0,11,10,12444,0,0,0,0,1
2020-07-23,US,Kansas,Anderson,25,0,0,38.21413251,-95.29272815,20003.0,318.14711122423006,0.0,25,24,0,0,24,24,7878,1,0,0,1,0
2020-07-23,US,Kansas,Atchison,50,0,0,39.53185661,-95.30870026,20005.0,311.0806943321098,0.0,50,50,0,0,50,49,16193,0,0,0,0,1
2020-07-23,US,Kansas,Barber,4,0,0,37.2288586,-98.68460053,20007.0,90.35464196973119,0.0,4,4,0,0,4,3,4472,0,0,0,0,1
2020-07-23,US,Kansas,Barton,81,3,0,38.47889676,-98.75636726,20009.0,314.2092400791342,3.703703703703704,78,81,3,0,78,79,26111,0,0,0,0,2
2020-07-23,US,Kansas,Bourbon,62,1,0,37.85508555,-94.84865997,20011.0,426.58593642493446,1.6129032258064515,61,59,1,0,58,59,14653,3,0,0,3,0
2020-07-23,US,Kansas,Brown,27,0,0,39.82652589,-95.56421698,20013.0,282.3086574654956,0.0,27,27,0,0,27,27,9598,0,0,0,0,0
2020-07-23,US,Kansas,Butler,138,0,0,37.78134351,-96.83878537,20015.0,206.24411531736183,0.0,138,138,0,0,138,133,66765,0,0,0,0,5
2020-07-23,US,Kansas,Chase,6,0,0,38.30292938,-96.59563862,20017.0,226.5861027190332,0.0,6,6,0,0,6,6,2629,0,0,0,0,0
2020-07-23,US,Kansas,Chautauqua,5,0,0,37.14994405,-96.2454192,20019.0,153.84615384615384,0.0,5,5,0,0,5,5,3309,0,0,0,0,0
2020-07-23,US,Kansas,Cherokee,63,1,0,37.16928494,-94.8462897,20021.0,315.9636892522193,1.5873015873015872,62,63,1,0,62,63,20015,0,0,0,0,0
2020-07-23,US,Kansas,Cheyenne,2,0,0,39.78580976,-101.7318201,20023.0,75.27286413248024,0.0,2,2,0,0,2,2,2660,0,0,0,0,0
2020-07-23,US,Kansas,Clark,38,1,0,37.23577007,-99.81883015,20025.0,1905.7171514543631,2.631578947368421,37,38,1,0,37,38,2005,0,0,0,0,0
2020-07-23,US,Kansas,Clay,13,2,0,39.34948772,-97.16518128,20027.0,162.45938515371157,15.384615384615385,11,13,2,0,11,13,7997,0,0,0,0,0
2020-07-23,US,Kansas,Cloud,26,0,0,39.48028352,-97.64925343,20029.0,295.92533576143865,0.0,26,26,0,0,26,26,8729,0,0,0,0,0
2020-07-23,US,Kansas,Coffey,61,8,0,38.2365018,-95.73379515,20031.0,745.8124465093532,13.114754098360656,53,61,8,0,53,60,8233,0,0,0,0,1
2020-07-23,US,Kansas,Comanche,3,0,0,37.19114520000001,-99.27113247,20033.0,176.47058823529412,0.0,3,3,0,0,3,3,1748,0,0,0,0,0
2020-07-23,US,Kansas,Cowley,118,2,0,37.23781842,-96.83776647,20035.0,338.0313968144838,1.6949152542372878,116,118,2,0,116,118,35218,0,0,0,0,0
2020-07-23,US,Kansas,Crawford,351,1,0,37.50675523,-94.85245778,20037.0,904.2196918955124,0.2849002849002849,350,351,1,0,350,341,39019,0,0,0,0,10
2020-07-23,US,Kansas,Decatur,5,0,0,39.78468441,-100.45940809999999,20039.0,176.86593562079943,0.0,5,5,0,0,5,4,2871,0,0,0,0,1
2020-07-23,US,Kansas,Dickinson,34,1,0,38.86600962,-97.15532383,20041.0,184.12217047546844,2.9411764705882355,33,34,1,0,33,34,18717,0,0,0,0,0
2020-07-23,US,Kansas,Doniphan,39,0,0,39.79067154,-95.14056866,20043.0,513.1578947368421,0.0,39,39,0,0,39,36,7682,0,0,0,0,3
2020-07-23,US,Kansas,Douglas,561,2,0,38.88503636,-95.2925121,20045.0,458.8619242755136,0.35650623885918004,559,542,2,0,540,536,121436,19,0,0,19,6
2020-07-23,US,Kansas,Edwards,8,0,0,37.88735543,-99.31263309,20047.0,285.91851322373117,0.0,8,8,0,0,8,8,2849,0,0,0,0,0
2020-07-23,US,Kansas,Elk,1,0,0,37.45338105,-96.24369667,20049.0,39.52569169960474,0.0,1,1,0,0,1,1,2508,0,0,0,0,0
2020-07-23,US,Kansas,Ellis,97,0,0,38.91458712,-99.31751551,20051.0,339.71911883164637,0.0,97,97,0,0,97,88,28710,0,0,0,0,9
2020-07-23,US,Kansas,Ellsworth,15,0,0,38.69677695,-98.20462799,20053.0,245.8210422812193,0.0,15,15,0,0,15,15,6196,0,0,0,0,0
2020-07-23,US,Kansas,Finney,1666,10,0,38.04340344,-100.73819379999999,20055.0,4568.513998957962,0.6002400960384153,1656,1652,10,0,1642,1646,36611,14,0,0,14,6
2020-07-23,US,Kansas,Ford,1994,8,0,37.69200114,-99.88825298,20057.0,5931.169874178292,0.4012036108324975,1986,1994,8,0,1986,1990,33888,0,0,0,0,4
2020-07-23,US,Kansas,Franklin,123,1,0,38.56443815,-95.28644341,20059.0,481.5220795490136,0.8130081300813008,122,123,1,0,122,117,25631,0,0,0,0,6
2020-07-23,US,Kansas,Geary,113,1,0,38.99871131,-96.7577178,20061.0,356.8045468898011,0.8849557522123894,112,104,1,0,103,96,32594,9,0,0,9,8
2020-07-23,US,Kansas,Gove,2,0,0,38.91588178,-100.4829321,20063.0,75.87253414264036,0.0,2,2,0,0,2,2,2612,0,0,0,0,0
2020-07-23,US,Kansas,Graham,9,0,0,39.34987223,-99.88332493,20065.0,362.61079774375503,0.0,9,9,0,0,9,9,2492,0,0,0,0,0
2020-07-23,US,Kansas,Grant,78,2,0,37.56227336,-101.3079758,20067.0,1090.909090909091,2.5641025641025643,76,78,2,0,76,78,7336,0,0,0,0,0
2020-07-23,US,Kansas,Gray,51,0,0,37.73836671,-100.4369088,20069.0,851.7034068136273,0.0,51,51,0,0,51,50,6033,0,0,0,0,1
2020-07-23,US,Kansas,Greeley,3,0,0,38.4808095,-101.8061079,20071.0,243.50649350649346,0.0,3,3,0,0,3,3,1227,0,0,0,0,0
2020-07-23,US,Kansas,Greenwood,13,0,0,37.8774388,-96.23250453,20073.0,217.31862253426948,0.0,13,13,0,0,13,11,6055,0,0,0,0,2
2020-07-23,US,Kansas,Hamilton,35,0,0,37.99978709,-101.7921066,20075.0,1378.4954706577396,0.0,35,35,0,0,35,35,2607,0,0,0,0,0
2020-07-23,US,Kansas,Harper,6,0,0,37.19175361,-98.07578384,20077.0,110.37527593818984,0.0,6,6,0,0,6,6,5506,0,0,0,0,0
2020-07-23,US,Kansas,Harvey,129,1,0,38.04293782,-97.42747573,20079.0,374.6841325626652,0.7751937984496124,128,125,1,0,124,114,34210,4,0,0,4,11
2020-07-23,US,Kansas,Haskell,33,0,0,37.562039399999996,-100.8710738,20081.0,831.6532258064516,0.0,33,33,0,0,33,33,3997,0,0,0,0,0
2020-07-23,US,Kansas,Hodgeman,10,0,0,38.08780079,-99.89829881,20083.0,557.4136008918617,0.0,10,10,0,0,10,10,1818,0,0,0,0,0
2020-07-23,US,Kansas,Jackson,131,1,0,39.41673394,-95.79356799,20085.0,994.609369068408,0.7633587786259542,130,131,1,0,130,130,13280,0,0,0,0,1
2020-07-23,US,Kansas,Jefferson,43,0,0,39.2347941,-95.38289232,20087.0,225.80475765373103,0.0,43,43,0,0,43,42,18975,0,0,0,0,1
2020-07-23,US,Kansas,Jewell,7,0,0,39.78470589,-98.21820662,20089.0,243.1399791594304,0.0,7,7,0,0,7,7,2841,0,0,0,0,0
2020-07-23,US,Kansas,Johnson,4161,96,0,38.88548175,-94.82250877,20091.0,690.7359051528799,2.3071377072819037,4065,4053,96,0,3957,3886,597555,108,0,0,108,167
2020-07-23,US,Kansas,Kearny,53,1,0,38.00017981,-101.32168100000001,20093.0,1380.9275664408551,1.8867924528301887,52,53,1,0,52,52,3943,0,0,0,0,1
2020-07-23,US,Kansas,Kingman,5,0,0,37.55909527,-98.13638678,20095.0,69.91051454138703,0.0,5,5,0,0,5,5,7310,0,0,0,0,0
2020-07-23,US,Kansas,Kiowa,6,0,0,37.55848695,-99.2856537,20097.0,242.42424242424244,0.0,6,6,0,0,6,6,2516,0,0,0,0,0
2020-07-23,US,Kansas,Labette,102,0,0,37.19113093,-95.29849679,20099.0,519.9306759098787,0.0,102,102,0,0,102,89,19964,0,0,0,0,13
2020-07-23,US,Kansas,Lane,5,0,0,38.48119447,-100.46607540000001,20101.0,325.73289902280135,0.0,5,5,0,0,5,5,1560,0,0,0,0,0
2020-07-23,US,Kansas,Leavenworth,1310,7,0,39.20183497,-95.03620809,20103.0,1602.2896841899264,0.5343511450381679,1303,1310,7,0,1303,1285,81352,0,0,0,0,25
2020-07-23,US,Kansas,Lincoln,5,0,0,39.04549684,-98.20756994,20105.0,168.8048615800135,0.0,5,5,0,0,5,5,3023,0,0,0,0,0
2020-07-23,US,Kansas,Linn,24,0,0,38.21267844,-94.84254089,20107.0,247.3461815933217,0.0,24,24,0,0,24,22,9750,0,0,0,0,2
2020-07-23,US,Kansas,Logan,2,0,0,38.91735806,-101.148475,20109.0,71.58196134574086,0.0,2,2,0,0,2,2,2844,0,0,0,0,0
2020-07-23,US,Kansas,Lyon,586,7,0,38.45576156,-96.15275715,20111.0,1765.3261033288145,1.1945392491467577,579,586,7,0,579,576,33406,0,0,0,0,10
2020-07-23,US,Kansas,Marion,34,1,0,38.35855394,-97.09852509999999,20115.0,286.09895658027597,2.9411764705882355,33,34,1,0,33,34,11950,0,0,0,0,0
2020-07-23,US,Kansas,Marshall,7,0,0,39.78359669,-96.52278974,20117.0,72.11290821056969,0.0,7,7,0,0,7,7,9722,0,0,0,0,0
2020-07-23,US,Kansas,McPherson,114,0,0,38.39184858,-97.64769869,20113.0,399.4113937355476,0.0,114,106,0,0,106,105,28537,8,0,0,8,1
2020-07-23,US,Kansas,Meade,34,0,0,37.23859987,-100.36483100000001,20119.0,843.0448797421275,0.0,34,34,0,0,34,33,4146,0,0,0,0,1
2020-07-23,US,Kansas,Miami,92,0,0,38.56383358,-94.83832189,20121.0,268.71513275111715,0.0,92,92,0,0,92,79,33680,0,0,0,0,13
2020-07-23,US,Kansas,Mitchell,25,0,0,39.39331582,-98.20906732,20123.0,418.13012209399557,0.0,25,25,0,0,25,21,6150,0,0,0,0,4
2020-07-23,US,Kansas,Montgomery,116,3,0,37.19236568,-95.74329258,20125.0,364.4475164158472,2.586206896551724,113,116,3,0,113,112,32120,0,0,0,0,4
2020-07-23,US,Kansas,Morris,6,0,0,38.68827511,-96.65128437,20127.0,106.76156583629893,0.0,6,6,0,0,6,6,5521,0,0,0,0,0
2020-07-23,US,Kansas,Morton,9,2,0,37.19141121,-101.79925190000002,20129.0,347.89331271743333,22.222222222222218,7,9,2,0,7,9,2667,0,0,0,0,0
2020-07-23,US,Kansas,Nemaha,37,0,0,39.78345387,-96.01392079,20131.0,361.6459779102727,0.0,37,37,0,0,37,37,10155,0,0,0,0,0
2020-07-23,US,Kansas,Neosho,48,0,0,37.55862897,-95.30670046,20133.0,299.86880739676394,0.0,48,48,0,0,48,49,15951,0,0,0,0,-1
2020-07-23,US,Kansas,Ness,5,0,0,38.47974157,-99.91547333,20135.0,181.8181818181818,0.0,5,5,0,0,5,5,2840,0,0,0,0,0
2020-07-23,US,Kansas,Norton,22,0,0,39.78443827,-99.90286639,20137.0,410.37119940309645,0.0,22,22,0,0,22,22,5430,0,0,0,0,0
2020-07-23,US,Kansas,Osage,34,0,0,38.65235984,-95.72707998,20139.0,213.17950968712773,0.0,34,34,0,0,34,34,15941,0,0,0,0,0
2020-07-23,US,Kansas,Osborne,3,0,0,39.3503437,-98.76753828,20141.0,87.69365682548961,0.0,3,3,0,0,3,3,3475,0,0,0,0,0
2020-07-23,US,Kansas,Ottawa,26,0,0,39.13237408,-97.65020313,20143.0,455.82047685834505,0.0,26,26,0,0,26,26,5802,0,0,0,0,0
2020-07-23,US,Kansas,Pawnee,6,0,0,38.18108732,-99.23692334,20145.0,93.54536950420956,0.0,6,6,0,0,6,6,6562,0,0,0,0,0
2020-07-23,US,Kansas,Phillips,41,7,0,39.78465501,-99.34668865,20147.0,783.3397019487962,17.073170731707318,34,40,7,0,33,40,5317,1,0,0,1,0
2020-07-23,US,Kansas,Pottawatomie,97,0,0,39.37925655,-96.34564657,20149.0,397.81815199114135,0.0,97,96,0,0,96,96,24277,1,0,0,1,0
2020-07-23,US,Kansas,Pratt,28,0,0,37.64780729,-98.73922153,20151.0,305.54343081623745,0.0,28,28,0,0,28,28,9378,0,0,0,0,0
2020-07-23,US,Kansas,Reno,173,1,0,37.95230263,-98.08607292,20155.0,279.04125939546435,0.5780346820809249,172,167,1,0,166,166,62342,6,0,0,6,1
2020-07-23,US,Kansas,Republic,21,0,0,39.82799632,-97.65036709,20157.0,452.97670405522,0.0,21,21,0,0,21,21,4664,0,0,0,0,0
2020-07-23,US,Kansas,Rice,16,0,0,38.34616184,-98.19992118,20159.0,167.76764181608473,0.0,16,16,0,0,16,16,9531,0,0,0,0,0
2020-07-23,US,Kansas,Riley,418,3,0,39.28935726,-96.73420026,20161.0,563.0994719258541,0.7177033492822966,415,411,3,0,408,405,73703,7,0,0,7,6
2020-07-23,US,Kansas,Rooks,11,0,0,39.35022773,-99.32484567,20163.0,223.57723577235768,0.0,11,11,0,0,11,11,5013,0,0,0,0,0
2020-07-23,US,Kansas,Rush,5,0,0,38.52275276,-99.30863983,20165.0,164.69038208168644,0.0,5,5,0,0,5,4,3093,0,0,0,0,1
2020-07-23,US,Kansas,Russell,7,0,0,38.91462787,-98.76254297,20167.0,102.10035005834305,0.0,7,4,0,0,4,5,6907,3,0,0,3,-1
2020-07-23,US,Kansas,Saline,307,3,0,38.78369175,-97.65185177,20169.0,566.1699616406021,0.977198697068404,304,307,3,0,304,296,54401,0,0,0,0,11
2020-07-23,US,Kansas,Scott,22,0,0,38.48222076,-100.90665390000001,20171.0,456.1476259589466,0.0,22,22,0,0,22,20,4897,0,0,0,0,2
2020-07-23,US,Kansas,Sedgwick,3114,33,0,37.6842718,-97.4608198,20173.0,603.439254944365,1.0597302504816957,3081,2918,33,0,2885,2827,513607,196,0,0,196,91
2020-07-23,US,Kansas,Seward,1149,4,0,37.19324632,-100.85072009999999,20175.0,5362.142990479746,0.3481288076588337,1145,1149,4,0,1145,1121,21780,0,0,0,0,28
2020-07-23,US,Kansas,Shawnee,1241,15,0,39.04100763,-95.75572640000001,20177.0,701.6254416961133,1.20870265914585,1226,1223,14,0,1209,1204,177499,18,1,0,17,19
2020-07-23,US,Kansas,Sheridan,7,0,0,39.35018161,-100.44182590000001,20179.0,277.66759222530743,0.0,7,7,0,0,7,7,2533,0,0,0,0,0
2020-07-23,US,Kansas,Sherman,9,0,0,39.35147699,-101.71976240000001,20181.0,152.1041068108839,0.0,9,9,0,0,9,9,5899,0,0,0,0,0
2020-07-23,US,Kansas,Smith,3,0,0,39.78516566,-98.78566062,20183.0,83.72871895060004,0.0,3,3,0,0,3,3,3603,0,0,0,0,0
2020-07-23,US,Kansas,Stafford,2,0,0,38.03100851,-98.71762001,20185.0,48.12319538017324,0.0,2,2,0,0,2,2,4178,0,0,0,0,0
2020-07-23,US,Kansas,Stanton,15,0,0,37.56304714,-101.78435340000001,20187.0,747.7567298105682,0.0,15,15,0,0,15,14,1987,0,0,0,0,1
2020-07-23,US,Kansas,Stevens,40,0,0,37.1923008,-101.3118967,20189.0,729.2616226071103,0.0,40,40,0,0,40,40,5559,0,0,0,0,0
2020-07-23,US,Kansas,Sumner,79,2,0,37.23682549,-97.47721621,20191.0,345.94499912418985,2.5316455696202533,77,76,2,0,74,76,22996,3,0,0,3,0
2020-07-23,US,Kansas,Thomas,25,0,0,39.35107575,-101.0553705,20193.0,321.46071750032144,0.0,25,23,0,0,23,23,7711,2,0,0,2,0
2020-07-23,US,Kansas,Trego,5,0,0,38.91467218,-99.87284448,20195.0,178.38030681412772,0.0,5,5,0,0,5,5,2793,0,0,0,0,0
2020-07-23,US,Kansas,Unassigned,0,1,0,0.0,0.0,90020.0,0.0,0.0,-1,0,1,0,-1,0,,0,0,0,0,0
2020-07-23,US,Kansas,Wabaunsee,40,0,0,38.95471985,-96.20350509,20197.0,577.1172990910403,0.0,40,40,0,0,40,40,6899,0,0,0,0,0
2020-07-23,US,Kansas,Washington,2,0,0,39.78420784,-97.08753229999999,20201.0,36.99593044765076,0.0,2,2,0,0,2,2,5420,0,0,0,0,0
2020-07-23,US,Kansas,Wichita,1,0,0,38.48178252,-101.3471509,20203.0,47.19207173194904,0.0,1,1,0,0,1,1,2105,0,0,0,0,0
2020-07-23,US,Kansas,Wilson,6,0,0,37.55937174,-95.74323255,20205.0,70.38123167155425,0.0,6,6,0,0,6,6,8665,0,0,0,0,0
2020-07-23,US,Kansas,Woodson,11,0,0,37.8865336,-95.74006277,20207.0,350.54174633524536,0.0,11,11,0,0,11,11,3183,0,0,0,0,0
2020-07-23,US,Kansas,Wyandotte,3894,90,0,39.11727348,-94.76378225,20209.0,2353.8799122282066,2.3112480739599386,3804,3822,90,0,3732,3749,165324,72,0,0,72,73
2020-07-23,US,Kentucky,Adair,171,19,0,37.10459774,-85.28129668,21001.0,890.532236225393,11.111111111111109,152,171,19,0,152,169,19215,0,0,0,0,2
2020-07-23,US,Kentucky,Allen,205,8,0,36.75197631,-86.19457544,21003.0,961.7640159512081,3.902439024390244,197,205,8,0,197,204,21122,0,0,0,0,1
2020-07-23,US,Kentucky,Anderson,42,1,0,38.00671029,-84.99171713,21005.0,184.639732712006,2.380952380952381,41,41,1,0,40,41,22663,1,0,0,1,0
2020-07-23,US,Kentucky,Ballard,26,0,0,37.05842757,-88.99427697,21007.0,329.61460446247463,0.0,26,26,0,0,26,25,7979,0,0,0,0,1
2020-07-23,US,Kentucky,Barren,218,2,0,36.96469836,-85.93338945,21009.0,492.6665009378743,0.9174311926605504,216,214,2,0,212,194,44176,4,0,0,4,20
2020-07-23,US,Kentucky,Bath,25,1,0,38.14735938,-83.74588932,21011.0,200.0,4.0,24,24,1,0,23,23,12383,1,0,0,1,1
2020-07-23,US,Kentucky,Bell,191,1,0,36.73355174,-83.67766671,21013.0,733.7123540258142,0.5235602094240838,190,174,1,0,173,166,26569,17,0,0,17,8
2020-07-23,US,Kentucky,Boone,880,23,0,38.97065142,-84.72615357,21015.0,658.7763229800645,2.613636363636364,857,871,23,0,848,851,131533,9,0,0,9,20
2020-07-23,US,Kentucky,Bourbon,60,1,0,38.2054607,-84.21827874,21017.0,303.2140691328077,1.6666666666666667,59,60,1,0,59,55,20184,0,0,0,0,5
2020-07-23,US,Kentucky,Boyd,132,3,0,38.36176608,-82.68652187,21019.0,282.54634188107366,2.272727272727273,129,129,3,0,126,126,47240,3,0,0,3,3
2020-07-23,US,Kentucky,Boyle,89,0,0,37.62680923,-84.8633779,21021.0,296.0745176314038,0.0,89,62,0,0,62,62,30100,27,0,0,27,0
2020-07-23,US,Kentucky,Bracken,24,0,0,38.69158994,-84.08532444,21023.0,289.0521498253643,0.0,24,24,0,0,24,24,8239,0,0,0,0,0
2020-07-23,US,Kentucky,Breathitt,18,0,0,37.52333168,-83.31959161,21025.0,142.51781472684087,0.0,18,18,0,0,18,18,12726,0,0,0,0,0
2020-07-23,US,Kentucky,Breckinridge,39,2,0,37.77377239,-86.42885017,21027.0,190.4575865605313,5.128205128205129,37,38,2,0,36,38,20388,1,0,0,1,0
2020-07-23,US,Kentucky,Bullitt,229,4,0,37.97162523,-85.68955617,21029.0,280.37612028013126,1.7467248908296944,225,221,4,0,217,211,81069,8,0,0,8,10
2020-07-23,US,Kentucky,Butler,284,14,0,37.20946153,-86.68748787,21031.0,2205.140150632813,4.929577464788731,270,283,14,0,269,281,12772,1,0,0,1,2
2020-07-23,US,Kentucky,Caldwell,41,0,0,37.14749129,-87.86948214,21033.0,321.6443084647368,0.0,41,41,0,0,41,41,12715,0,0,0,0,0
2020-07-23,US,Kentucky,Calloway,142,2,0,36.62093411,-88.2731593,21035.0,364.09322837875953,1.4084507042253518,140,139,2,0,137,135,39135,3,0,0,3,4
2020-07-23,US,Kentucky,Campbell,435,13,0,38.94384345,-84.37875208,21037.0,464.82304667464524,2.9885057471264367,422,421,13,0,408,409,93152,14,0,0,14,12
2020-07-23,US,Kentucky,Carlisle,16,1,0,36.85372876,-88.96692220000001,21039.0,336.13445378151266,6.25,15,16,1,0,15,15,4771,0,0,0,0,1
2020-07-23,US,Kentucky,Carroll,133,2,0,38.66599534,-85.12601074,21041.0,1251.0582259429968,1.5037593984962403,131,128,2,0,126,125,10737,5,0,0,5,3
2020-07-23,US,Kentucky,Carter,76,1,0,38.31690743,-83.05092385,21043.0,283.6138373698548,1.3157894736842106,75,75,1,0,74,72,27004,1,0,0,1,3
2020-07-23,US,Kentucky,Casey,125,8,0,37.32533118,-84.92726209,21045.0,773.5627204653754,6.4,117,122,7,0,115,115,15888,3,1,0,2,7
2020-07-23,US,Kentucky,Christian,380,4,0,36.89267803,-87.49055367,21047.0,539.3054313733838,1.0526315789473684,376,367,4,0,363,366,71671,13,0,0,13,1
2020-07-23,US,Kentucky,Clark,122,7,0,37.9689263,-84.14615986,21049.0,336.4310729945123,5.737704918032787,115,122,7,0,115,122,36249,0,0,0,0,0
2020-07-23,US,Kentucky,Clay,126,4,0,37.16451126,-83.712575,21051.0,633.1340133661622,3.1746031746031744,122,121,4,0,117,119,20105,5,0,0,5,2
2020-07-23,US,Kentucky,Clinton,14,0,0,36.72581156,-85.13377529,21053.0,137.01311411235076,0.0,14,14,0,0,14,14,10206,0,0,0,0,0
2020-07-23,US,Kentucky,Crittenden,22,1,0,37.35839237,-88.08826090000002,21055.0,249.82966159436748,4.545454545454546,21,21,1,0,20,21,8915,1,0,0,1,0
2020-07-23,US,Kentucky,Cumberland,20,0,0,36.78926125,-85.39050034,21057.0,302.3888720895071,0.0,20,20,0,0,20,20,6659,0,0,0,0,0
2020-07-23,US,Kentucky,Daviess,608,7,0,37.73028906,-87.09019479999998,21059.0,598.9498675020442,1.1513157894736843,601,595,7,0,588,586,101104,13,0,0,13,9
2020-07-23,US,Kentucky,Edmonson,86,12,0,37.21218923,-86.23955613,21061.0,707.8189300411522,13.953488372093025,74,84,12,0,72,84,12274,2,0,0,2,0
2020-07-23,US,Kentucky,Elliott,7,0,0,38.11624059,-83.09771563,21063.0,93.1222562192364,0.0,7,7,0,0,7,7,7508,0,0,0,0,0
2020-07-23,US,Kentucky,Estill,8,0,0,37.69241417,-83.95956369,21065.0,56.713455267262155,0.0,8,8,0,0,8,8,14198,0,0,0,0,0
2020-07-23,US,Kentucky,Fayette,2233,42,0,38.0368225,-84.45576892,21067.0,691.0060900133682,1.8808777429467085,2191,2205,41,0,2164,2173,323780,28,1,0,27,32
2020-07-23,US,Kentucky,Fleming,42,0,0,38.36758311,-83.69657514,21069.0,288.0460873739798,0.0,42,40,0,0,40,40,14432,2,0,0,2,0
2020-07-23,US,Kentucky,Floyd,66,1,0,37.56213922,-82.74750924,21071.0,185.45056056646717,1.5151515151515151,65,61,1,0,60,61,35845,5,0,0,5,0
2020-07-23,US,Kentucky,Franklin,200,5,0,38.2379395,-84.87962551,21073.0,392.2260791120002,2.5,195,198,5,0,193,190,50815,2,0,0,2,8
2020-07-23,US,Kentucky,Fulton,36,1,0,36.55238827,-89.20140068,21075.0,603.116099849221,2.7777777777777777,35,36,1,0,35,35,6120,0,0,0,0,1
2020-07-23,US,Kentucky,Gallatin,77,8,0,38.75398691,-84.8558382,21077.0,868.1925808997631,10.389610389610391,69,74,8,0,66,73,8832,3,0,0,3,1
2020-07-23,US,Kentucky,Garrard,49,0,0,37.638866799999995,-84.53289319,21079.0,277.3689573191441,0.0,49,48,0,0,48,46,17560,1,0,0,1,2
2020-07-23,US,Kentucky,Grant,80,5,0,38.64962758,-84.62415957,21081.0,319.1192309226534,6.25,75,80,5,0,75,79,25121,0,0,0,0,1
2020-07-23,US,Kentucky,Graves,411,21,0,36.72292505,-88.65143315,21083.0,1102.8819835775237,5.109489051094892,390,397,21,0,376,390,37317,14,0,0,14,7
2020-07-23,US,Kentucky,Grayson,165,11,0,37.46231118,-86.34248968,21085.0,624.3614485185607,6.666666666666668,154,163,11,0,152,162,26321,2,0,0,2,1
2020-07-23,US,Kentucky,Green,22,1,0,37.26484328,-85.5540745,21087.0,201.07851201901107,4.545454545454546,21,22,1,0,21,22,11049,0,0,0,0,0
2020-07-23,US,Kentucky,Greenup,63,0,0,38.54332505,-82.9215658,21089.0,179.49740725967288,0.0,63,63,0,0,63,59,35268,0,0,0,0,4
2020-07-23,US,Kentucky,Hancock,39,0,0,37.83766422,-86.78280584,21091.0,447.14515019490943,0.0,39,38,0,0,38,36,8758,1,0,0,1,2
2020-07-23,US,Kentucky,Hardin,404,7,0,37.6976111,-85.96319251,21093.0,364.10173218695365,1.7326732673267329,397,394,7,0,387,379,110356,10,0,0,10,15
2020-07-23,US,Kentucky,Harlan,126,2,0,36.85699301,-83.21899516,21095.0,484.42906574394476,1.5873015873015872,124,107,2,0,105,105,26409,19,0,0,19,2
2020-07-23,US,Kentucky,Harrison,107,0,0,38.44188174,-84.32869741,21097.0,566.5572381658371,0.0,107,105,0,0,105,99,18778,2,0,0,2,6
2020-07-23,US,Kentucky,Hart,61,0,0,37.29943898,-85.88461055,21099.0,320.4623062779092,0.0,61,60,0,0,60,59,18906,1,0,0,1,1
2020-07-23,US,Kentucky,Henderson,256,4,0,37.79344553,-87.57392021,21101.0,566.2464056624641,1.5625,252,247,4,0,243,246,45591,9,0,0,9,1
2020-07-23,US,Kentucky,Henry,68,2,0,38.44942688,-85.11587507,21103.0,421.67927570383233,2.9411764705882355,66,64,2,0,62,62,16106,4,0,0,4,2
2020-07-23,US,Kentucky,Hickman,16,0,0,36.67948079999999,-88.97875928,21105.0,365.296803652968,0.0,16,16,0,0,16,16,4421,0,0,0,0,0
2020-07-23,US,Kentucky,Hopkins,363,33,0,37.30939025,-87.54670406,21107.0,812.3349594951442,9.090909090909092,330,359,33,0,326,357,45068,4,0,0,4,2
2020-07-23,US,Kentucky,Jackson,124,14,0,37.41866422,-83.99825483,21109.0,930.3023482631855,11.290322580645164,110,123,14,0,109,122,13442,1,0,0,1,1
2020-07-23,US,Kentucky,Jefferson,5635,216,0,38.18664655,-85.65931031,21111.0,734.9134080288803,3.833185448092281,5419,5519,215,0,5304,5441,770517,116,1,0,115,78
2020-07-23,US,Kentucky,Jessamine,204,0,0,37.87119786,-84.58252003,21113.0,376.9749607317749,0.0,204,192,0,0,192,186,53920,12,0,0,12,6
2020-07-23,US,Kentucky,Johnson,18,0,0,37.85106355,-82.8264322,21115.0,81.12493239588967,0.0,18,17,0,0,17,17,22386,1,0,0,1,0
2020-07-23,US,Kentucky,Kenton,1116,37,0,38.93950319,-84.53241199,21117.0,668.2714763051055,3.315412186379928,1079,1100,37,0,1063,1078,166051,16,0,0,16,22
2020-07-23,US,Kentucky,Knott,30,0,0,37.35388197,-82.94981134,21119.0,202.6205592327435,0.0,30,27,0,0,27,28,15126,3,0,0,3,-1
2020-07-23,US,Kentucky,Knox,147,8,0,36.89225732,-83.85403396,21121.0,471.98587253170655,5.442176870748299,139,143,7,0,136,142,31304,4,1,0,3,1
2020-07-23,US,Kentucky,Larue,35,1,0,37.54567114,-85.70138352,21123.0,243.08931796082783,2.8571428571428568,34,31,1,0,30,28,14307,4,0,0,4,3
2020-07-23,US,Kentucky,Laurel,292,4,0,37.10975748,-84.11321779,21125.0,480.16049200006586,1.3698630136986298,288,273,4,0,269,263,60669,19,0,0,19,10
2020-07-23,US,Kentucky,Lawrence,22,0,0,38.07136018,-82.72882223,21127.0,143.6312593849971,0.0,22,21,0,0,21,20,15571,1,0,0,1,1
2020-07-23,US,Kentucky,Lee,3,0,0,37.59645942,-83.71513901,21129.0,40.52411184654871,0.0,3,3,0,0,3,3,7033,0,0,0,0,0
2020-07-23,US,Kentucky,Leslie,19,0,0,37.09246661,-83.37999606,21131.0,192.36610306773312,0.0,19,16,0,0,16,13,10143,3,0,0,3,3
2020-07-23,US,Kentucky,Letcher,28,0,0,37.12306748,-82.85346474,21133.0,129.91230919129586,0.0,28,26,0,0,26,26,21899,2,0,0,2,0
2020-07-23,US,Kentucky,Lewis,27,0,0,38.53184419,-83.37735618,21135.0,203.38983050847457,0.0,27,26,0,0,26,26,13257,1,0,0,1,0
2020-07-23,US,Kentucky,Lincoln,75,1,0,37.45475628,-84.6565327,21137.0,305.5114261273372,1.3333333333333333,74,75,1,0,74,75,24644,0,0,0,0,0
2020-07-23,US,Kentucky,Livingston,28,0,0,37.21137452,-88.34797529,21139.0,304.54644333260825,0.0,28,27,0,0,27,27,9242,1,0,0,1,0
2020-07-23,US,Kentucky,Logan,282,19,0,36.85949479,-86.877635,21141.0,1040.5136152313482,6.73758865248227,263,278,19,0,259,275,26989,4,0,0,4,3
2020-07-23,US,Kentucky,Lyon,26,3,0,37.02080035,-88.07886257,21143.0,316.68696711327647,11.538461538461537,23,25,3,0,22,25,8009,1,0,0,1,0
2020-07-23,US,Kentucky,Madison,295,1,0,37.71659336,-84.27220275,21151.0,317.24864766042566,0.3389830508474576,294,287,1,0,286,280,92368,8,0,0,8,7
2020-07-23,US,Kentucky,Magoffin,10,0,0,37.70820545,-83.0657714,21153.0,82.23007976317737,0.0,10,9,0,0,9,7,12362,1,0,0,1,2
2020-07-23,US,Kentucky,Marion,86,0,0,37.55218078,-85.26898542,21155.0,446.22010065895296,0.0,86,85,0,0,85,84,19404,1,0,0,1,1
2020-07-23,US,Kentucky,Marshall,100,2,0,36.88007070000001,-88.32803576,21157.0,321.54340836012864,2.0,98,98,2,0,96,94,31191,2,0,0,2,4
2020-07-23,US,Kentucky,Martin,20,0,0,37.79990579,-82.51247478,21159.0,178.6511835640911,0.0,20,20,0,0,20,18,11323,0,0,0,0,2
2020-07-23,US,Kentucky,Mason,45,1,0,38.59471935,-83.82151043,21161.0,263.62038664323376,2.2222222222222223,44,45,1,0,44,44,17150,0,0,0,0,1
2020-07-23,US,Kentucky,McCracken,270,3,0,37.05350953,-88.70445755,21145.0,412.7304411629827,1.1111111111111112,267,267,3,0,264,259,65346,3,0,0,3,8
2020-07-23,US,Kentucky,McCreary,21,0,0,36.73874143,-84.48102924,21147.0,121.87336776739599,0.0,21,21,0,0,21,20,17408,0,0,0,0,1
2020-07-23,US,Kentucky,McLean,35,1,0,37.5301951,-87.26803443,21149.0,380.145541435864,2.8571428571428568,34,35,1,0,34,35,9252,0,0,0,0,0
2020-07-23,US,Kentucky,Meade,55,2,0,37.96163597,-86.21028219,21163.0,192.49615007699845,3.636363636363636,53,52,2,0,50,51,28715,3,0,0,3,1
2020-07-23,US,Kentucky,Menifee,19,0,0,37.94090733,-83.59985712,21165.0,292.8032054245646,0.0,19,19,0,0,19,19,6451,0,0,0,0,0
2020-07-23,US,Kentucky,Mercer,36,0,0,37.81474237,-84.87488475,21167.0,164.13623307345097,0.0,36,34,0,0,34,33,21774,2,0,0,2,1
2020-07-23,US,Kentucky,Metcalfe,20,2,0,36.99459295,-85.63123699,21169.0,198.5900109224506,10.0,18,20,2,0,18,19,10030,0,0,0,0,1
2020-07-23,US,Kentucky,Monroe,70,2,0,36.71225341,-85.71596443,21171.0,657.2769953051643,2.8571428571428568,68,65,2,0,63,63,10718,5,0,0,5,2
2020-07-23,US,Kentucky,Montgomery,92,0,0,38.03253032,-83.9145241,21173.0,326.73935433462367,0.0,92,89,0,0,89,89,28203,3,0,0,3,0
2020-07-23,US,Kentucky,Morgan,24,0,0,37.92465657,-83.25558245,21175.0,180.32910060861067,0.0,24,24,0,0,24,24,13345,0,0,0,0,0
2020-07-23,US,Kentucky,Muhlenberg,586,9,0,37.21425819,-87.14632053,21177.0,1913.6568480177648,1.5358361774744027,577,584,9,0,575,580,30774,2,0,0,2,4
2020-07-23,US,Kentucky,Nelson,162,2,0,37.80335779,-85.4657193,21179.0,350.3990656024917,1.2345679012345678,160,159,2,0,157,151,45851,3,0,0,3,8
2020-07-23,US,Kentucky,Nicholas,17,0,0,38.33342292,-84.01889177,21181.0,233.86985830237998,0.0,17,16,0,0,16,16,7166,1,0,0,1,0
2020-07-23,US,Kentucky,Ohio,310,3,0,37.47751843,-86.85368087,21183.0,1291.989664082687,0.967741935483871,307,300,1,0,299,294,24087,10,2,0,8,6
2020-07-23,US,Kentucky,Oldham,445,8,0,38.39791089,-85.448222,21185.0,666.1776373897812,1.7977528089887642,437,413,8,0,405,409,66470,32,0,0,32,4
2020-07-23,US,Kentucky,Owen,25,0,0,38.51679143,-84.82404619,21187.0,229.33675809558758,0.0,25,24,0,0,24,23,10880,1,0,0,1,1
2020-07-23,US,Kentucky,Owsley,5,0,0,37.42823949,-83.68811419,21189.0,113.2502831257078,0.0,5,4,0,0,4,4,4472,1,0,0,1,0
2020-07-23,US,Kentucky,Pendleton,28,0,0,38.69607718,-84.35599463,21191.0,191.91226867717614,0.0,28,28,0,0,28,28,14529,0,0,0,0,0
2020-07-23,US,Kentucky,Perry,144,2,0,37.25023553,-83.22922731,21193.0,559.0496156533892,1.3888888888888888,142,141,2,0,139,128,26092,3,0,0,3,13
2020-07-23,US,Kentucky,Pike,173,3,0,37.47088263,-82.39487445,21195.0,298.914921556431,1.7341040462427746,170,166,3,0,163,160,58402,7,0,0,7,6
2020-07-23,US,Kentucky,Powell,30,0,0,37.83218794,-83.82553961,21197.0,242.73808560563148,0.0,30,31,0,0,31,33,12442,-1,0,0,-1,-2
2020-07-23,US,Kentucky,Pulaski,164,2,0,37.10466131,-84.57629079,21199.0,252.3892334446513,1.2195121951219512,162,164,2,0,162,162,64623,0,0,0,0,2
2020-07-23,US,Kentucky,Robertson,2,0,0,38.51923469,-84.05055616,21201.0,94.87666034155598,0.0,2,2,0,0,2,2,2135,0,0,0,0,0
2020-07-23,US,Kentucky,Rockcastle,44,0,0,37.36642393,-84.31176452,21203.0,263.5519616651692,0.0,44,44,0,0,44,44,16750,0,0,0,0,0
2020-07-23,US,Kentucky,Rowan,46,0,0,38.19484205,-83.42088935,21205.0,188.0621422730989,0.0,46,46,0,0,46,46,24583,0,0,0,0,0
2020-07-23,US,Kentucky,Russell,79,5,0,36.99308373,-85.06070117,21207.0,440.7744239245662,6.329113924050633,74,79,5,0,74,78,17821,0,0,0,0,1
2020-07-23,US,Kentucky,Scott,205,0,0,38.29622293,-84.5816631,21209.0,359.6238860430847,0.0,205,193,0,0,193,174,56031,12,0,0,12,19
2020-07-23,US,Kentucky,Shelby,639,22,0,38.21476019,-85.194223,21211.0,1303.4432114882507,3.442879499217528,617,635,22,0,613,628,48518,4,0,0,4,7
2020-07-23,US,Kentucky,Simpson,115,5,0,36.74058474,-86.58047435,21213.0,619.2117165625672,4.3478260869565215,110,113,5,0,108,113,18529,2,0,0,2,0
2020-07-23,US,Kentucky,Spencer,65,0,0,38.03223971,-85.32749335,21215.0,335.89995349077566,0.0,65,63,0,0,63,63,18794,2,0,0,2,0
2020-07-23,US,Kentucky,Taylor,73,1,0,37.3677562,-85.3329931,21217.0,283.28611898017004,1.3698630136986298,72,73,1,0,72,73,25549,0,0,0,0,0
2020-07-23,US,Kentucky,Todd,30,0,0,36.8381152,-87.17878374,21219.0,244.0214738897023,0.0,30,30,0,0,30,30,12311,0,0,0,0,0
2020-07-23,US,Kentucky,Trigg,44,0,0,36.80767017,-87.87333656,21221.0,300.32079721520716,0.0,44,38,0,0,38,38,14643,6,0,0,6,0
2020-07-23,US,Kentucky,Trimble,25,0,0,38.61056487,-85.33775972,21223.0,295.12454255695906,0.0,25,25,0,0,25,25,8515,0,0,0,0,0
2020-07-23,US,Kentucky,Unassigned,4,0,0,0.0,0.0,90021.0,0.0,0.0,4,,,,,4,,,,,,
2020-07-23,US,Kentucky,Union,42,0,0,37.66166713,-87.94300009,21225.0,292.05201307280436,0.0,42,40,0,0,40,40,14505,2,0,0,2,0
2020-07-23,US,Kentucky,Warren,2105,19,0,36.99903045,-86.42672751,21227.0,1583.945340717553,0.9026128266033254,2086,2057,19,0,2038,2013,131264,48,0,0,48,44
2020-07-23,US,Kentucky,Washington,45,0,0,37.75599461,-85.17407732,21229.0,372.05456800330717,0.0,45,43,0,0,43,42,12084,2,0,0,2,1
2020-07-23,US,Kentucky,Wayne,44,0,0,36.80310688,-84.8251971,21231.0,216.39699011459203,0.0,44,42,0,0,42,41,20468,2,0,0,2,1
2020-07-23,US,Kentucky,Webster,71,1,0,37.52168356,-87.67989953,21233.0,548.6014526348323,1.4084507042253518,70,69,1,0,68,66,13111,2,0,0,2,3
2020-07-23,US,Kentucky,Whitley,82,1,0,36.75700531,-84.14541217,21235.0,226.11956761526585,1.2195121951219512,81,77,0,0,77,75,36242,5,1,0,4,2
2020-07-23,US,Kentucky,Wolfe,7,0,0,37.73941626,-83.49303612,21237.0,97.80634343998881,0.0,7,7,0,0,7,7,7177,0,0,0,0,0
2020-07-23,US,Kentucky,Woodford,104,0,0,38.04178222,-84.7417556,21239.0,389.0177302311663,0.0,104,103,0,0,103,100,26533,1,0,0,1,3
2020-07-23,US,Louisiana,Acadia,2084,61,0,30.2950649,-92.41419698,22001.0,3358.852445805464,2.927063339731286,2023,2011,59,0,1952,1920,62190,73,2,0,71,91
2020-07-23,US,Louisiana,Allen,847,16,0,30.65385745,-92.82442028,22003.0,3305.1078940180278,1.8890200708382527,831,777,16,0,761,753,25605,70,0,0,70,24
2020-07-23,US,Louisiana,Ascension,2132,65,0,30.20406249,-90.91328409999998,22005.0,1683.9910271397428,3.0487804878048776,2067,2077,65,0,2012,2022,124672,55,0,0,55,55
2020-07-23,US,Louisiana,Assumption,477,18,0,29.89946234,-91.06461642,22007.0,2178.9776620528987,3.7735849056603774,459,463,18,0,445,462,22300,14,0,0,14,1
2020-07-23,US,Louisiana,Avoyelles,754,23,0,31.07796211,-92.00079449,22009.0,1878.238341968912,3.0503978779840852,731,741,23,0,718,699,40462,13,0,0,13,42
2020-07-23,US,Louisiana,Beauregard,572,9,0,30.64836518,-93.34173616,22011.0,1525.4553697629144,1.573426573426573,563,529,9,0,520,497,37253,43,0,0,43,32
2020-07-23,US,Louisiana,Bienville,333,28,0,32.34569994,-93.05398492,22013.0,2514.915791858621,8.408408408408409,305,327,28,0,299,317,13308,6,0,0,6,10
2020-07-23,US,Louisiana,Bossier,1742,53,0,32.67932307,-93.60460152,22015.0,1371.232456174875,3.0424799081515497,1689,1701,53,0,1648,1655,127185,41,0,0,41,46
2020-07-23,US,Louisiana,Caddo,5357,263,0,32.57991587,-93.88375652,22017.0,2230.1876738105943,4.909464252380063,5094,5254,263,0,4991,5093,242922,103,0,0,103,161
2020-07-23,US,Louisiana,Calcasieu,4995,92,0,30.22931235,-93.35400434,22019.0,2455.317642895063,1.8418418418418416,4903,4742,92,0,4650,4578,203112,253,0,0,253,164
2020-07-23,US,Louisiana,Caldwell,166,1,0,32.0902519,-92.11752148,22021.0,1673.7245412381528,0.6024096385542169,165,166,1,0,165,158,9960,0,0,0,0,8
2020-07-23,US,Louisiana,Cameron,150,0,0,29.87592238,-93.19310676,22023.0,2151.154452889717,0.0,150,147,0,0,147,145,6968,3,0,0,3,2
2020-07-23,US,Louisiana,Catahoula,237,3,0,31.66778967,-91.84526385,22025.0,2496.313461133348,1.2658227848101269,234,235,3,0,232,233,9608,2,0,0,2,2
2020-07-23,US,Louisiana,Claiborne,186,10,0,32.82308512,-92.99526883,22027.0,1186.9814932992979,5.376344086021504,176,186,10,0,176,178,15944,0,0,0,0,8
2020-07-23,US,Louisiana,Concordia,216,7,0,31.44817835,-91.63814433,22029.0,1121.5535593748377,3.2407407407407414,209,208,7,0,201,204,19572,8,0,0,8,4
2020-07-23,US,Louisiana,De Soto,540,23,0,32.05457447,-93.74130302,22031.0,1966.2819065651968,4.25925925925926,517,534,23,0,511,519,27436,6,0,0,6,15
2020-07-23,US,Louisiana,East Baton Rouge,9169,301,0,30.53842039,-91.09777565,22033.0,2083.5842466578347,3.282800741629404,8868,8919,300,0,8619,8700,440956,250,1,0,249,219
2020-07-23,US,Louisiana,East Carroll,482,1,0,32.73926954,-91.23425694,22035.0,7025.214983238595,0.2074688796680498,481,480,1,0,479,483,7037,2,0,0,2,-3
2020-07-23,US,Louisiana,East Feliciana,428,34,0,30.84425359,-91.04976723,22037.0,2236.738960020904,7.94392523364486,394,419,34,0,385,403,19305,9,0,0,9,16
2020-07-23,US,Louisiana,Evangeline,579,2,0,30.72985248,-92.39915924,22039.0,1733.7924839047766,0.3454231433506045,577,562,2,0,560,520,33443,17,0,0,17,42
2020-07-23,US,Louisiana,Franklin,669,16,0,32.13675181,-91.67589857,22041.0,3342.493130152385,2.391629297458894,653,649,16,0,633,641,20156,20,0,0,20,8
2020-07-23,US,Louisiana,Grant,188,3,0,31.59882456,-92.56124347,22043.0,839.6980660145607,1.5957446808510638,185,184,3,0,181,179,22482,4,0,0,4,5
2020-07-23,US,Louisiana,Iberia,1852,56,0,29.86803617,-91.75871777,22045.0,2652.1552341400547,3.0237580993520514,1796,1813,55,0,1758,1715,70941,39,1,0,38,98
2020-07-23,US,Louisiana,Iberville,987,44,0,30.25734305,-91.3499598,22047.0,3035.895543046969,4.457953394123607,943,964,44,0,920,933,32721,23,0,0,23,31
2020-07-23,US,Louisiana,Jackson,330,18,0,32.30251776,-92.55692092,22049.0,2096.0365853658536,5.454545454545454,312,325,18,0,307,320,15902,5,0,0,5,5
2020-07-23,US,Louisiana,Jefferson,12945,507,0,29.74075478,-90.11115756,22051.0,2993.1120272466837,3.9165701042873695,12438,12812,507,0,12305,12637,434051,133,0,0,133,175
2020-07-23,US,Louisiana,Jefferson Davis,859,22,0,30.26896765,-92.81210004,22053.0,2738.459576638613,2.561117578579744,837,845,20,0,825,825,31582,14,2,0,12,20
2020-07-23,US,Louisiana,LaSalle,179,1,0,31.67884782,-92.15907765,22059.0,1201.9876443728176,0.5586592178770949,178,174,1,0,173,165,14917,5,0,0,5,9
2020-07-23,US,Louisiana,Lafayette,5458,71,0,30.2049055,-92.06959876,22055.0,2233.31560211138,1.3008427995602785,5387,5339,67,0,5272,5125,242782,119,4,0,115,214
2020-07-23,US,Louisiana,Lafourche,2194,94,0,29.52470226,-90.40976986,22057.0,2247.6284139570143,4.284412032816773,2100,2140,95,0,2045,2095,98115,54,-1,0,55,45
2020-07-23,US,Louisiana,Lincoln,571,20,0,32.6003154,-92.6659741,22061.0,1221.5994180822386,3.5026269702276713,551,568,20,0,548,556,47196,3,0,0,3,12
2020-07-23,US,Louisiana,Livingston,2166,46,0,30.44143993,-90.73061664,22063.0,1538.4724658886703,2.123730378578024,2120,2097,45,0,2052,2043,139567,69,1,0,68,54
2020-07-23,US,Louisiana,Madison,508,6,0,32.36918118,-91.23973355,22065.0,4638.845767509816,1.1811023622047243,502,499,6,0,493,497,11161,9,0,0,9,2
2020-07-23,US,Louisiana,Morehouse,366,11,0,32.81686191,-91.80421614,22067.0,1471.415936319048,3.0054644808743167,355,358,11,0,347,345,25398,8,0,0,8,13
2020-07-23,US,Louisiana,Natchitoches,562,15,0,31.72321584,-93.09816516,22069.0,1472.8235232454529,2.6690391459074734,547,548,15,0,533,493,38659,14,0,0,14,55
2020-07-23,US,Louisiana,Orleans,9649,546,0,30.06971951,-89.92660315,22071.0,2473.1893864829394,5.658617473313298,9103,9586,546,0,9040,9451,391006,63,0,0,63,135
2020-07-23,US,Louisiana,Ouachita,3845,97,0,32.47645559,-92.15704172,22073.0,2508.4975763150856,2.522756827048114,3748,3778,98,0,3680,3669,154475,67,-1,0,68,109
2020-07-23,US,Louisiana,Plaquemines,362,18,0,29.42245447,-89.60322085,22075.0,1560.54662240807,4.972375690607736,344,357,18,0,339,344,23410,5,0,0,5,13
2020-07-23,US,Louisiana,Pointe Coupee,568,29,0,30.71409502,-91.60209535,22077.0,2613.8978370915784,5.105633802816901,539,555,29,0,526,539,21940,13,0,0,13,16
2020-07-23,US,Louisiana,Rapides,2538,94,0,31.19778499,-92.52997303,22079.0,1957.608293224732,3.703703703703704,2444,2492,94,0,2398,2429,130562,46,0,0,46,63
2020-07-23,US,Louisiana,Red River,141,9,0,32.09530039,-93.34213308,22081.0,1670.2203269367444,6.382978723404255,132,136,9,0,127,130,8477,5,0,0,5,6
2020-07-23,US,Louisiana,Richland,438,5,0,32.41391005,-91.76634876,22083.0,2176.7219958254645,1.1415525114155252,433,409,5,0,404,387,20192,29,0,0,29,22
2020-07-23,US,Louisiana,Sabine,426,4,0,31.56388699,-93.55433981,22085.0,1783.6208340311505,0.9389671361502347,422,417,4,0,413,388,24032,9,0,0,9,29
2020-07-23,US,Louisiana,St. Bernard,891,24,0,29.87761636,-89.51887093,22087.0,1885.953771907544,2.6936026936026938,867,874,24,0,850,839,46721,17,0,0,17,35
2020-07-23,US,Louisiana,St. Charles,1139,50,0,29.90709658,-90.35555967,22089.0,2145.009416195857,4.3898156277436335,1089,1088,50,0,1038,1068,52879,51,0,0,51,20
2020-07-23,US,Louisiana,St. Helena,204,1,0,30.82210324,-90.71013176,22091.0,2013.4228187919464,0.4901960784313725,203,200,1,0,199,198,10262,4,0,0,4,2
2020-07-23,US,Louisiana,St. James,537,30,0,30.02531716,-90.80212061,22093.0,2545.506257110353,5.58659217877095,507,533,30,0,503,519,21037,4,0,0,4,14
2020-07-23,US,Louisiana,St. John the Baptist,1203,88,0,30.12597499,-90.4753503,22095.0,2808.319910357868,7.315045719035744,1115,1191,88,0,1103,1175,43184,12,0,0,12,16
2020-07-23,US,Louisiana,St. Landry,1737,68,0,30.59724262,-92.00135806,22097.0,2115.0942477229555,3.914795624640184,1669,1655,67,0,1588,1552,82764,82,1,0,81,103
2020-07-23,US,Louisiana,St. Martin,1353,34,0,30.13112107,-91.61403569,22099.0,2532.2378394564953,2.5129342202512928,1319,1333,32,0,1301,1287,53621,20,2,0,18,46
2020-07-23,US,Louisiana,St. Mary,1215,40,0,29.69262097,-91.44702164,22101.0,2462.1058604198747,3.2921810699588483,1175,1189,39,0,1150,1137,49774,26,1,0,25,52
2020-07-23,US,Louisiana,St. Tammany,4022,190,0,30.40942847,-89.95642711,22103.0,1544.4341618699098,4.724017901541521,3832,3954,190,0,3764,3859,258111,68,0,0,68,95
2020-07-23,US,Louisiana,Tangipahoa,2624,53,0,30.62888673,-90.40664996,22105.0,1947.194229656124,2.019817073170732,2571,2536,53,0,2483,2464,133777,88,0,0,88,72
2020-07-23,US,Louisiana,Tensas,46,0,0,32.00760749,-91.32915234,22107.0,1061.3751730503,0.0,46,45,0,0,45,43,4462,1,0,0,1,2
2020-07-23,US,Louisiana,Terrebonne,2254,69,0,29.37343766,-90.82626855,22109.0,2040.5391948289441,3.0612244897959178,2185,2173,69,0,2104,2136,111021,81,0,0,81,37
2020-07-23,US,Louisiana,Unassigned,9,0,0,0.0,0.0,90022.0,0.0,0.0,9,9,0,0,9,6,,0,0,0,0,3
2020-07-23,US,Louisiana,Union,525,31,0,32.83121059,-92.3749373,22111.0,2374.705988782341,5.904761904761906,494,519,30,0,489,511,22330,6,1,0,5,8
2020-07-23,US,Louisiana,Vermilion,969,12,0,29.83517605,-92.30292538,22113.0,1628.270403790896,1.238390092879257,957,947,12,0,935,878,59830,22,0,0,22,69
2020-07-23,US,Louisiana,Vernon,520,17,0,31.10884837,-93.18153838,22115.0,1096.3756351599231,3.2692307692307687,503,478,16,0,462,445,48860,42,1,0,41,33
2020-07-23,US,Louisiana,Washington,1046,55,0,30.85288548,-90.03866652,22117.0,2264.3633372299428,5.258126195028682,991,1033,54,0,979,1008,46582,13,1,0,12,25
2020-07-23,US,Louisiana,Webster,733,12,0,32.70847669,-93.33121835,22119.0,1911.8414188836725,1.6371077762619373,721,721,12,0,709,682,38798,12,0,0,12,39
2020-07-23,US,Louisiana,West Baton Rouge,502,33,0,30.46058217,-91.30989571,22121.0,1896.8448894766675,6.573705179282869,469,490,33,0,457,484,26427,12,0,0,12,6
2020-07-23,US,Louisiana,West Carroll,213,5,0,32.78550125,-91.461201,22123.0,1966.759002770083,2.347417840375587,208,211,5,0,206,206,10982,2,0,0,2,5
2020-07-23,US,Louisiana,West Feliciana,314,15,0,30.87882871,-91.4148538,22125.0,2016.9578622816034,4.777070063694269,299,313,15,0,298,307,15460,1,0,0,1,6
2020-07-23,US,Louisiana,Winn,347,5,0,31.94449367,-92.63789413,22127.0,2495.6846950517843,1.4409221902017288,342,339,5,0,334,334,14134,8,0,0,8,5
2020-07-23,US,Maine,Androscoggin,515,5,0,44.1664747,-70.20380627,23001.0,475.63194399549286,0.9708737864077671,510,513,5,0,508,513,107679,2,0,0,2,0
2020-07-23,US,Maine,Aroostook,32,1,0,46.65926321,-68.59841248,23003.0,47.722019237938994,3.125,31,30,1,0,29,30,67111,2,0,0,2,0
2020-07-23,US,Maine,Cumberland,1986,68,0,43.8370751,-70.37226999,23005.0,673.2134927441416,3.4239677744209467,1918,1974,68,0,1906,1963,293557,12,0,0,12,11
2020-07-23,US,Maine,Franklin,45,1,0,44.97330019,-70.44381045,23007.0,149.01155667406206,2.2222222222222223,44,45,1,0,44,44,29897,0,0,0,0,1
2020-07-23,US,Maine,Hancock,19,1,0,44.59816444,-68.38401854,23009.0,34.553621765144484,5.2631578947368425,18,21,1,0,20,19,54811,-2,0,0,-2,2
2020-07-23,US,Maine,Kennebec,154,10,0,44.40759555,-69.76738544,23011.0,125.91781001128356,6.493506493506493,144,153,10,0,143,150,122083,1,0,0,1,3
2020-07-23,US,Maine,Knox,25,1,0,44.11486325,-69.10529169,23013.0,62.858292265915715,4.0,24,25,1,0,24,25,39771,0,0,0,0,0
2020-07-23,US,Maine,Lincoln,31,0,0,44.05996956,-69.54227124,23015.0,89.50742045388924,0.0,31,31,0,0,31,31,34342,0,0,0,0,0
2020-07-23,US,Maine,Oxford,48,0,0,44.49952995,-70.75682123,23017.0,82.79430789133247,0.0,48,48,0,0,48,49,57618,0,0,0,0,-1
2020-07-23,US,Maine,Penobscot,136,5,0,45.40194593,-68.65020455,23019.0,89.38664984094434,3.6764705882352944,131,136,5,0,131,136,151096,0,0,0,0,0
2020-07-23,US,Maine,Piscataquis,3,0,0,45.83839062,-69.2860223,23021.0,17.873100983020553,0.0,3,4,0,0,4,4,16800,-1,0,0,-1,0
2020-07-23,US,Maine,Sagadahoc,38,0,0,43.95415864,-69.85074999,23023.0,105.97947344935295,0.0,38,39,0,0,39,36,35634,-1,0,0,-1,3
2020-07-23,US,Maine,Somerset,32,0,0,45.51229767,-69.95995554,23025.0,63.38641945963077,0.0,32,32,0,0,32,33,50592,0,0,0,0,-1
2020-07-23,US,Maine,Unassigned,3,0,0,0.0,0.0,90023.0,0.0,0.0,3,3,0,0,3,23,,0,0,0,0,-20
2020-07-23,US,Maine,Waldo,60,14,0,44.4858305,-69.12061935,23027.0,151.07641948885808,23.33333333333333,46,60,14,0,46,60,39694,0,0,0,0,0
2020-07-23,US,Maine,Washington,6,0,0,45.01607142,-67.62813524,23029.0,19.12106823034513,0.0,6,6,0,0,6,6,31490,0,0,0,0,0
2020-07-23,US,Maine,York,604,12,0,43.47808377,-70.71052375,23031.0,290.8866745970208,1.9867549668874167,592,602,12,0,590,601,206229,2,0,0,2,1
2020-07-23,US,Maryland,Allegany,244,18,0,39.62357628,-78.69280486,24001.0,346.5121563281072,7.3770491803278695,226,240,18,0,222,240,70975,4,0,0,4,0
2020-07-23,US,Maryland,Anne Arundel,6144,214,0,39.00670238,-76.60329337,24003.0,1060.7112151565689,3.4830729166666665,5930,6105,214,0,5891,6062,576031,39,0,0,39,43
2020-07-23,US,Maryland,Baltimore,10345,520,0,39.45784712,-76.62911955,24005.0,1250.3474866142112,5.0265828902851615,9825,10153,519,0,9634,9994,828431,192,1,0,191,159
2020-07-23,US,Maryland,Baltimore City,9842,392,0,39.30211911,-76.61151012,24510.0,1658.3261723028186,3.982930298719773,9450,9738,390,0,9348,9644,621342,104,2,0,102,94
2020-07-23,US,Maryland,Calvert,509,27,0,38.53961642,-76.56820632,24009.0,550.1215887597947,5.304518664047151,482,503,27,0,476,495,92003,6,0,0,6,8
2020-07-23,US,Maryland,Caroline,371,3,0,38.87172293,-75.82904158,24011.0,1110.5789379153448,0.8086253369272237,368,368,3,0,365,367,33304,3,0,0,3,1
2020-07-23,US,Maryland,Carroll,1316,115,0,39.56453592,-77.02373735,24013.0,781.2546379573398,8.738601823708208,1201,1311,116,0,1195,1296,168429,5,-1,0,6,15
2020-07-23,US,Maryland,Cecil,576,30,0,39.56647682,-75.94627411,24015.0,560.0116669097273,5.208333333333333,546,570,30,0,540,566,102826,6,0,0,6,4
2020-07-23,US,Maryland,Charles,1679,90,0,38.51092331,-76.98580666,24017.0,1028.439821875938,5.360333531864205,1589,1659,90,0,1569,1642,161503,20,0,0,20,17
2020-07-23,US,Maryland,Dorchester,294,5,0,38.45413522,-76.02752426,24019.0,920.7930094898056,1.7006802721088434,289,288,5,0,283,246,31998,6,0,0,6,42
2020-07-23,US,Maryland,Frederick,2820,120,0,39.47296601,-77.39999394,24021.0,1086.5084165873618,4.25531914893617,2700,2797,120,0,2677,2785,255648,23,0,0,23,12
2020-07-23,US,Maryland,Garrett,38,0,0,39.52786077,-79.27355126,24023.0,130.97125525608328,0.0,38,37,0,0,37,34,29163,1,0,0,1,3
2020-07-23,US,Maryland,Harford,1514,66,0,39.55010644,-76.30775940000002,24025.0,592.7004670354406,4.359313077939234,1448,1472,66,0,1406,1452,253956,42,0,0,42,20
2020-07-23,US,Maryland,Howard,3242,100,0,39.25305293,-76.93126208,24027.0,995.4250974853387,3.0845157310302285,3142,3198,99,0,3099,3177,323196,44,1,0,43,21
2020-07-23,US,Maryland,Kent,223,23,0,39.24976208,-76.04741541,24029.0,1148.1824734836782,10.31390134529148,200,221,23,0,198,224,19383,2,0,0,2,-3
2020-07-23,US,Maryland,Montgomery,16654,781,0,39.13676329,-77.20358245,24031.0,1585.056648595967,4.689564068692206,15873,16593,776,0,15817,16520,1052567,61,5,0,56,73
2020-07-23,US,Maryland,Prince George's,21038,725,0,38.83070039,-76.8496441,24033.0,2313.579163491241,3.446145070824223,20313,20958,725,0,20233,20867,909308,80,0,0,80,91
2020-07-23,US,Maryland,Queen Anne's,341,23,0,39.06198912,-76.03530977,24035.0,676.8424604513606,6.744868035190616,318,340,23,0,317,335,50251,1,0,0,1,5
2020-07-23,US,Maryland,Somerset,111,3,0,38.1163542,-75.75118623,24039.0,433.3229231730169,2.702702702702702,108,110,3,0,107,110,25675,1,0,0,1,0
2020-07-23,US,Maryland,St. Mary's,790,52,0,38.30058422,-76.60629279999998,24037.0,695.9739230023787,6.582278481012659,738,789,53,0,736,785,112664,1,-1,0,2,4
2020-07-23,US,Maryland,Talbot,274,4,0,38.76618159,-76.10882561,24041.0,736.9355315887146,1.45985401459854,270,268,4,0,264,265,36968,6,0,0,6,3
2020-07-23,US,Maryland,Unassigned,0,9,0,0.0,0.0,90024.0,0.0,0.0,-9,0,12,0,-12,0,,0,-3,0,3,0
2020-07-23,US,Maryland,Washington,826,29,0,39.60835778,-77.82002295,24043.0,546.8424153751432,3.5108958837772395,797,818,29,0,789,816,150926,8,0,0,8,2
2020-07-23,US,Maryland,Wicomico,1206,42,0,38.37301947,-75.62705831,24045.0,1163.9915451360405,3.4825870646766166,1164,1201,42,0,1159,1195,103195,5,0,0,5,6
2020-07-23,US,Maryland,Worcester,439,18,0,38.21274277,-75.33200012,24047.0,839.7735098324279,4.100227790432802,421,435,18,0,417,428,51823,4,0,0,4,7
2020-07-23,US,Massachusetts,Barnstable,1668,155,0,41.72980578,-70.28854339,25001.0,783.1353584675337,9.292565947242208,1513,1644,154,0,1490,1639,213413,24,1,0,23,5
2020-07-23,US,Massachusetts,Berkshire,629,45,0,42.37428441,-73.20524838,25003.0,503.4255346395185,7.154213036565977,584,626,45,0,581,625,126348,3,0,0,3,1
2020-07-23,US,Massachusetts,Bristol,8788,615,0,41.79228404,-71.10872211,25005.0,1554.8010764007452,6.998179335457442,8173,8761,615,0,8146,8745,564022,27,0,0,27,16
2020-07-23,US,Massachusetts,Dukes and Nantucket,93,1,0,41.40674725,-70.68763497,0.0,323.6921791792837,1.075268817204301,92,93,1,0,92,93,26707,0,0,0,0,0
2020-07-23,US,Massachusetts,Essex,16856,1157,0,42.6687626,-70.94687179,25009.0,2136.283100601495,6.864024679639297,15699,16815,1152,0,15663,16784,790638,41,5,0,36,31
2020-07-23,US,Massachusetts,Franklin,391,57,0,42.58119713,-72.58602547,25011.0,557.1387859789114,14.578005115089516,334,390,57,0,333,390,70963,1,0,0,1,0
2020-07-23,US,Massachusetts,Hampden,7220,681,0,42.13440424,-72.63235561,25013.0,1548.1203845856955,9.43213296398892,6539,7180,680,0,6500,7152,470406,40,1,0,39,28
2020-07-23,US,Massachusetts,Hampshire,1065,125,0,42.33997957,-72.65898478,25015.0,662.1898899459056,11.737089201877936,940,1063,125,0,938,1057,161355,2,0,0,2,6
2020-07-23,US,Massachusetts,Middlesex,25123,1951,0,42.48607732,-71.39049229,25017.0,1558.7898236581395,7.765792301874776,23172,25084,1951,0,23133,25011,1614714,39,0,0,39,73
2020-07-23,US,Massachusetts,Norfolk,9849,974,0,42.16073095,-71.20530408,25021.0,1393.51278695483,9.889328865874706,8875,9821,972,0,8849,9779,705388,28,2,0,26,42
2020-07-23,US,Massachusetts,Plymouth,8940,701,0,41.94070556,-70.80802823,25023.0,1715.2658662092624,7.841163310961969,8239,8917,700,0,8217,8903,518132,23,1,0,22,14
2020-07-23,US,Massachusetts,Suffolk,20732,1042,0,42.327951399999996,-71.07850442,25025.0,2578.9052713808937,5.026046691105537,19690,20678,1039,0,19639,20650,807252,54,3,0,51,28
2020-07-23,US,Massachusetts,Unassigned,321,6,0,0.0,0.0,90025.0,0.0,1.8691588785046729,315,315,6,0,309,311,,6,0,0,6,4
2020-07-23,US,Massachusetts,Worcester,12972,974,0,42.35026951,-71.90493363,25027.0,1561.721216148862,7.508479802651865,11998,12933,971,0,11962,12894,830839,39,3,0,36,39
2020-07-23,US,Michigan,Alcona,27,1,0,44.6846864,-83.59507875,26001.0,259.4906295050457,3.703703703703704,26,27,1,0,26,27,10362,0,0,0,0,0
2020-07-23,US,Michigan,Alger,5,0,0,46.41292944,-86.60260122,26003.0,54.89679402722882,0.0,5,4,0,0,4,4,9097,1,0,0,1,0
2020-07-23,US,Michigan,Allegan,449,7,0,42.59147037,-85.89102866,26005.0,380.2474572539188,1.55902004454343,442,443,8,0,435,440,117327,6,-1,0,7,3
2020-07-23,US,Michigan,Alpena,125,13,0,45.03477666,-83.62212411,26007.0,440.06336912515405,10.4,112,125,13,0,112,125,28360,0,0,0,0,0
2020-07-23,US,Michigan,Antrim,31,0,0,44.99690221,-85.15503082,26009.0,132.91030697993486,0.0,31,31,0,0,31,29,23365,0,0,0,0,2
2020-07-23,US,Michigan,Arenac,39,2,0,44.0636262,-83.89277559,26011.0,262.0439427534771,5.128205128205129,37,39,2,0,37,39,15041,0,0,0,0,0
2020-07-23,US,Michigan,Baraga,5,0,0,46.6720582,-88.36363591,26013.0,60.9087586794981,0.0,5,5,0,0,5,5,8320,0,0,0,0,0
2020-07-23,US,Michigan,Barry,164,2,0,42.59513984,-85.30834519,26015.0,266.45004061738416,1.2195121951219512,162,160,2,0,158,156,61157,4,0,0,4,4
2020-07-23,US,Michigan,Bay,497,31,0,43.70639106,-83.98731479,26017.0,481.93472063301203,6.237424547283702,466,493,31,0,462,484,103923,4,0,0,4,9
2020-07-23,US,Michigan,Benzie,28,1,0,44.63899297,-86.01608482,26019.0,157.60441292356185,3.571428571428572,27,24,1,0,23,24,17753,4,0,0,4,0
2020-07-23,US,Michigan,Berrien,1184,63,0,41.95447397,-86.41313079999998,26021.0,771.8332996525446,5.3209459459459465,1121,1155,61,0,1094,1149,154141,29,2,0,27,6
2020-07-23,US,Michigan,Branch,304,2,0,41.91600556,-85.05929476,26023.0,698.5775673874577,0.6578947368421053,302,303,2,0,301,296,43622,1,0,0,1,7
2020-07-23,US,Michigan,Calhoun,680,39,0,42.24633834,-85.00493569,26025.0,506.8612616373111,5.735294117647059,641,676,39,0,637,670,134487,4,0,0,4,6
2020-07-23,US,Michigan,Cass,247,8,0,41.91522292,-85.99405727,26027.0,476.95367563288085,3.238866396761133,239,237,8,0,229,230,51653,10,0,0,10,7
2020-07-23,US,Michigan,Charlevoix,41,2,0,45.37790017,-85.19614053,26029.0,156.829744099759,4.878048780487805,39,42,2,0,40,41,26244,-1,0,0,-1,1
2020-07-23,US,Michigan,Cheboygan,32,2,0,45.44787015,-84.50122149,26031.0,126.60231049216648,6.25,30,32,2,0,30,31,25413,0,0,0,0,1
2020-07-23,US,Michigan,Chippewa,25,0,0,46.29552653,-84.54353449,26033.0,66.93619641757476,0.0,25,25,0,0,25,25,37517,0,0,0,0,0
2020-07-23,US,Michigan,Clare,44,3,0,43.98794227,-84.84819859999998,26035.0,142.16478190630048,6.8181818181818175,41,42,3,0,39,39,30757,2,0,0,2,3
2020-07-23,US,Michigan,Clinton,338,12,0,42.94400871,-84.60145248,26037.0,424.6497895596457,3.5502958579881656,326,334,12,0,322,332,79332,4,0,0,4,2
2020-07-23,US,Michigan,Crawford,92,5,0,44.68255561,-84.61006219,26039.0,655.784446503671,5.434782608695652,87,92,5,0,87,87,13901,0,0,0,0,5
2020-07-23,US,Michigan,Delta,56,3,0,45.90484910000001,-86.9080745,26041.0,156.49452269170578,5.357142857142857,53,55,3,0,52,52,35857,1,0,0,1,3
2020-07-23,US,Michigan,Dickinson,37,2,0,46.00999672,-87.86961634,26043.0,146.59851816632988,5.405405405405406,35,35,2,0,33,35,25383,2,0,0,2,0
2020-07-23,US,Michigan,Eaton,399,7,0,42.59599185,-84.83740035,26045.0,361.84568505822176,1.7543859649122806,392,394,7,0,387,389,109826,5,0,0,5,5
2020-07-23,US,Michigan,Emmet,51,2,0,45.52625509,-84.89083249,26047.0,152.626066137962,3.92156862745098,49,51,2,0,49,46,33308,0,0,0,0,5
2020-07-23,US,Michigan,Federal Correctional Institution (FCI),189,5,0,0.0,0.0,0.0,0.0,2.6455026455026456,184,189,5,0,184,188,,0,0,0,0,1
2020-07-23,US,Michigan,Genesee,3221,294,0,43.02244215,-83.70589709,26049.0,793.7153319386023,9.127600124185038,2927,3183,293,0,2890,3154,406892,38,1,0,37,29
2020-07-23,US,Michigan,Gladwin,30,2,0,43.98901072,-84.38774817,26051.0,117.88282447247437,6.666666666666668,28,30,2,0,28,30,25337,0,0,0,0,0
2020-07-23,US,Michigan,Gogebic,48,1,0,46.40862701,-89.69377193,26053.0,343.47048300536665,2.083333333333333,47,45,1,0,44,45,15096,3,0,0,3,0
2020-07-23,US,Michigan,Grand Traverse,149,5,0,44.69565625,-85.55585247,26055.0,160.0635957373668,3.355704697986577,144,138,5,0,133,134,92573,11,0,0,11,4
2020-07-23,US,Michigan,Gratiot,120,15,0,43.29265605,-84.60505416,26057.0,294.7606298052124,12.5,105,118,15,0,103,120,40599,2,0,0,2,-2
2020-07-23,US,Michigan,Hillsdale,222,25,0,41.88753639,-84.59312019,26059.0,486.78872930599715,11.26126126126126,197,220,25,0,195,218,45749,2,0,0,2,2
2020-07-23,US,Michigan,Houghton,39,0,0,46.89988536,-88.68495385,26061.0,109.2926801928035,0.0,39,38,0,0,38,37,36219,1,0,0,1,1
2020-07-23,US,Michigan,Huron,114,3,0,43.83353985,-83.04078453,26063.0,367.96746392950513,2.631578947368421,111,108,3,0,105,103,31166,6,0,0,6,5
2020-07-23,US,Michigan,Ingham,1318,29,0,42.59716886,-84.37472069,26065.0,450.74314480551016,2.200303490136571,1289,1308,29,0,1279,1301,292735,10,0,0,10,7
2020-07-23,US,Michigan,Ionia,241,5,0,42.94502238,-85.07413319,26067.0,372.5056803252083,2.074688796680498,236,242,5,0,237,240,64210,-1,0,0,-1,2
2020-07-23,US,Michigan,Iosco,124,11,0,44.35486835,-83.63484895,26069.0,493.49305527918176,8.870967741935484,113,124,11,0,113,123,25081,0,0,0,0,1
2020-07-23,US,Michigan,Iron,10,1,0,46.20974132,-88.53136251,26071.0,90.36688957166096,10.0,9,10,1,0,9,10,11117,0,0,0,0,0
2020-07-23,US,Michigan,Isabella,188,8,0,43.64060976,-84.84664923,26073.0,269.0634302724983,4.25531914893617,180,186,8,0,178,185,70562,2,0,0,2,1
2020-07-23,US,Michigan,Jackson,608,32,0,42.24807035,-84.42258681,26075.0,383.57201438395066,5.2631578947368425,576,597,32,0,565,591,158823,11,0,0,11,6
2020-07-23,US,Michigan,Kalamazoo,1391,74,0,42.24542231,-85.53038622,26077.0,524.7749617076503,5.3199137311286835,1317,1370,74,0,1296,1351,264870,21,0,0,21,19
2020-07-23,US,Michigan,Kalkaska,48,4,0,44.68512729,-85.09085699,26079.0,266.10488967734784,8.333333333333334,44,48,4,0,44,45,17824,0,0,0,0,3
2020-07-23,US,Michigan,Kent,6568,150,0,43.03197711,-85.54934642,26081.0,999.7640629875716,2.2838002436053597,6418,6486,150,0,6336,6424,653786,82,0,0,82,62
2020-07-23,US,Michigan,Keweenaw,2,0,0,47.63197653,-88.41434263,26083.0,94.5179584120983,0.0,2,2,0,0,2,2,2113,0,0,0,0,0
2020-07-23,US,Michigan,Lake,15,0,0,43.99050893,-85.802173,26085.0,126.55024044545685,0.0,15,14,0,0,14,14,11881,1,0,0,1,0
2020-07-23,US,Michigan,Lapeer,348,32,0,43.09052506,-83.22153148,26087.0,397.2285319666237,9.195402298850574,316,343,32,0,311,341,88028,5,0,0,5,2
2020-07-23,US,Michigan,Leelanau,58,0,0,44.94430054,-85.80150326,26089.0,266.5318689398465,0.0,58,56,0,0,56,55,21764,2,0,0,2,1
2020-07-23,US,Michigan,Lenawee,339,11,0,41.89475156,-84.06603727,26091.0,344.33372946948236,3.2448377581120944,328,334,11,0,323,328,98266,5,0,0,5,6
2020-07-23,US,Michigan,Livingston,690,28,0,42.60302282,-83.91297209,26093.0,359.3843589676813,4.057971014492754,662,683,28,0,655,676,191224,7,0,0,7,7
2020-07-23,US,Michigan,Luce,3,0,0,46.47227431,-85.54471223,26095.0,48.16182372772515,0.0,3,3,0,0,3,3,6283,0,0,0,0,0
2020-07-23,US,Michigan,Mackinac,13,0,0,46.07028979,-85.04980537,26097.0,120.38151680711177,0.0,13,13,0,0,13,10,10787,0,0,0,0,3
2020-07-23,US,Michigan,Macomb,8649,936,0,42.69158356,-82.92752801,26099.0,989.6198047534704,10.822060353798127,7713,8586,936,0,7650,8504,874759,63,0,0,63,82
2020-07-23,US,Michigan,Manistee,31,0,0,44.33352407,-86.05626916,26101.0,126.23177783207102,0.0,31,31,0,0,31,31,24528,0,0,0,0,0
2020-07-23,US,Michigan,Marquette,110,11,0,46.4338914,-87.64043701,26103.0,164.92001379331023,10.0,99,107,11,0,96,107,66516,3,0,0,3,0
2020-07-23,US,Michigan,Mason,96,0,0,43.99509218,-86.24988902,26105.0,329.3988471040352,0.0,96,104,0,0,104,92,29100,-8,0,0,-8,12
2020-07-23,US,Michigan,Mecosta,48,2,0,43.64064262,-85.32463223,26107.0,110.46417968839896,4.166666666666667,46,48,2,0,46,46,43545,0,0,0,0,2
2020-07-23,US,Michigan,Menominee,62,0,0,45.58038692,-87.55370409,26109.0,272.1685689201054,0.0,62,61,0,0,61,58,22983,1,0,0,1,3
2020-07-23,US,Michigan,Michigan Department of Corrections (MDOC),4120,68,0,0.0,0.0,0.0,0.0,1.6504854368932038,4052,4130,68,0,4062,4130,,-10,0,0,-10,0
2020-07-23,US,Michigan,Midland,250,9,0,43.64330771,-84.38804374,26111.0,300.6397614122853,3.6,241,243,9,0,234,236,83209,7,0,0,7,7
2020-07-23,US,Michigan,Missaukee,40,1,0,44.33772443,-85.09256478,26113.0,264.58526260087314,2.5,39,40,1,0,39,40,15113,0,0,0,0,0
2020-07-23,US,Michigan,Monroe,765,21,0,41.92734151,-83.53749864,26115.0,508.3056478405316,2.7450980392156863,744,754,21,0,733,747,150439,11,0,0,11,7
2020-07-23,US,Michigan,Montcalm,165,1,0,43.31082541,-85.15252824,26117.0,258.2644628099173,0.6060606060606061,164,160,1,0,159,157,63968,5,0,0,5,3
2020-07-23,US,Michigan,Montmorency,7,0,0,45.0275929,-84.12696227,26119.0,75.04288164665523,0.0,7,7,0,0,7,7,9265,0,0,0,0,0
2020-07-23,US,Michigan,Muskegon,1069,55,0,43.29123859,-86.15176712,26121.0,615.9040365048454,5.144995322731526,1014,1052,55,0,997,1046,173588,17,0,0,17,6
2020-07-23,US,Michigan,Newaygo,240,0,0,43.554373999999996,-85.80070107,26123.0,489.9959167006942,0.0,240,232,0,0,232,230,48892,8,0,0,8,2
2020-07-23,US,Michigan,Oakland,13711,1122,0,42.66090111,-83.38595416,26125.0,1090.265143322434,8.18321056086354,12589,13644,1121,0,12523,13492,1259201,67,1,0,66,152
2020-07-23,US,Michigan,Oceana,452,5,0,43.64124435,-86.26726673,26127.0,1707.787055578645,1.106194690265487,447,445,5,0,440,442,26625,7,0,0,7,3
2020-07-23,US,Michigan,Ogemaw,48,2,0,44.33481032,-84.12725175,26129.0,228.60408629804257,4.166666666666667,46,48,2,0,46,47,20952,0,0,0,0,1
2020-07-23,US,Michigan,Ontonagon,2,0,0,46.665226200000006,-89.31390481,26131.0,34.96503496503497,0.0,2,1,0,0,1,1,5795,1,0,0,1,0
2020-07-23,US,Michigan,Osceola,62,0,0,43.98992088,-85.32566756,26133.0,264.27962489343565,0.0,62,63,0,0,63,63,23341,-1,0,0,-1,0
2020-07-23,US,Michigan,Oscoda,23,1,0,44.68192279,-84.12939244,26135.0,279.09234316223757,4.3478260869565215,22,23,1,0,22,23,8276,0,0,0,0,0
2020-07-23,US,Michigan,Otsego,128,10,0,45.02085831,-84.59898295,26137.0,518.8908707637426,7.8125,118,128,10,0,118,128,24665,0,0,0,0,0
2020-07-23,US,Michigan,Ottawa,1555,53,0,42.95996803,-85.9969107,26139.0,532.8444642428811,3.4083601286173635,1502,1524,53,0,1471,1511,290494,31,0,0,31,13
2020-07-23,US,Michigan,Out of MI,53,0,0,0.0,0.0,80026.0,0.0,0.0,53,40,0,0,40,81,,13,0,0,13,-41
2020-07-23,US,Michigan,Presque Isle,14,0,0,45.34018577,-83.91498656,26141.0,111.18170266836088,0.0,14,14,0,0,14,14,12738,0,0,0,0,0
2020-07-23,US,Michigan,Roscommon,45,0,0,44.33473082,-84.61067651,26143.0,187.35167992006328,0.0,45,44,0,0,44,44,23884,1,0,0,1,0
2020-07-23,US,Michigan,Saginaw,1655,124,0,43.33433923,-84.05131209999998,26145.0,868.5885829147837,7.492447129909365,1531,1617,125,0,1492,1602,190800,38,-1,0,39,15
2020-07-23,US,Michigan,Sanilac,80,6,0,43.42406072,-82.82055898,26151.0,194.31624969638085,7.5,74,79,6,0,73,81,41182,1,0,0,1,-2
2020-07-23,US,Michigan,Schoolcraft,8,0,0,46.19235734,-86.19972234,26153.0,98.838645910551,0.0,8,8,0,0,8,8,8068,0,0,0,0,0
2020-07-23,US,Michigan,Shiawassee,296,28,0,42.95392800000001,-84.14585902,26155.0,434.5145474296116,9.459459459459461,268,296,28,0,268,296,68192,0,0,0,0,0
2020-07-23,US,Michigan,St. Clair,670,53,0,42.92655373,-82.67937954,26147.0,421.0446935800112,7.91044776119403,617,668,53,0,615,661,159337,2,0,0,2,7
2020-07-23,US,Michigan,St. Joseph,473,6,0,41.91441767,-85.52797979,26149.0,775.8677252148807,1.2684989429175475,467,461,6,0,455,453,61043,12,0,0,12,8
2020-07-23,US,Michigan,Tuscola,262,27,0,43.46606813,-83.41897025,26157.0,501.4833955402431,10.305343511450381,235,258,27,0,231,254,52516,4,0,0,4,4
2020-07-23,US,Michigan,Unassigned,8,0,0,0.0,0.0,90026.0,0.0,0.0,8,33,0,0,33,29,,-25,0,0,-25,4
2020-07-23,US,Michigan,Van Buren,339,10,0,42.25190229,-86.01939087,26159.0,447.9564464764724,2.949852507374631,329,325,9,0,316,313,75448,14,1,0,13,12
2020-07-23,US,Michigan,Washtenaw,2195,110,0,42.253105,-83.83853204,26161.0,597.1148065429637,5.0113895216400905,2085,2169,110,0,2059,2139,370963,26,0,0,26,30
2020-07-23,US,Michigan,Wayne,25649,2788,0,42.28098405,-83.281255,26163.0,1466.2075990814835,10.86981948613981,22861,25520,2784,0,22736,25410,1753893,129,4,0,125,110
2020-07-23,US,Michigan,Wexford,55,4,0,44.33853602,-85.57712739,26165.0,163.53959144836608,7.272727272727272,51,55,4,0,51,53,33466,0,0,0,0,2
2020-07-23,US,Minnesota,Aitkin,24,0,0,46.60962049,-93.41168259999999,27001.0,151.07641948885808,0.0,24,22,0,0,22,21,15902,2,0,0,2,1
2020-07-23,US,Minnesota,Anoka,2848,111,0,45.27476015,-93.24604565,27003.0,797.9356776429518,3.89747191011236,2737,2790,110,0,2680,2752,353813,58,1,0,57,38
2020-07-23,US,Minnesota,Becker,92,0,0,46.93479392,-95.67158144,27005.0,267.2631670685297,0.0,92,85,0,0,85,83,34371,7,0,0,7,2
2020-07-23,US,Minnesota,Beltrami,122,0,0,47.97373527,-94.93732139,27007.0,258.5403068576757,0.0,122,115,0,0,115,113,46847,7,0,0,7,2
2020-07-23,US,Minnesota,Benton,276,3,0,45.69804958,-93.99514135,27009.0,674.9981657658539,1.0869565217391304,273,274,3,0,271,272,40545,2,0,0,2,2
2020-07-23,US,Minnesota,Big Stone,20,0,0,45.42712824,-96.41403739,27011.0,400.7212983370066,0.0,20,20,0,0,20,21,4989,0,0,0,0,-1
2020-07-23,US,Minnesota,Blue Earth,726,3,0,44.03554215,-94.06699781,27013.0,1073.1231430978673,0.4132231404958678,723,710,3,0,707,701,67427,16,0,0,16,9
2020-07-23,US,Minnesota,Brown,63,2,0,44.24205652,-94.72562874,27015.0,251.9193857965451,3.1746031746031744,61,61,2,0,59,60,25111,2,0,0,2,1
2020-07-23,US,Minnesota,Carlton,110,0,0,46.59180601,-92.67601019,27017.0,306.65440049064705,0.0,110,107,0,0,107,105,35837,3,0,0,3,2
2020-07-23,US,Minnesota,Carver,618,2,0,44.82017001,-93.80099179999999,27019.0,588.072966723444,0.32362459546925565,616,602,2,0,600,596,103551,16,0,0,16,6
2020-07-23,US,Minnesota,Cass,36,2,0,46.95043611,-94.32603968,27021.0,120.89056046207058,5.5555555555555545,34,33,2,0,31,34,29519,3,0,0,3,-1
2020-07-23,US,Minnesota,Chippewa,87,1,0,45.02343421,-95.56403693,27023.0,737.2881355932202,1.1494252873563218,86,87,1,0,86,87,11924,0,0,0,0,0
2020-07-23,US,Minnesota,Chisago,138,1,0,45.5021011,-92.90861945,27025.0,243.90674985418616,0.7246376811594203,137,135,1,0,134,128,55922,3,0,0,3,7
2020-07-23,US,Minnesota,Clay,686,39,0,46.89289518,-96.48761922,27027.0,1068.169786054623,5.685131195335277,647,679,39,0,640,678,63955,7,0,0,7,1
2020-07-23,US,Minnesota,Clearwater,14,0,0,47.57992111,-95.37790562,27029.0,158.76616012701294,0.0,14,14,0,0,14,14,8810,0,0,0,0,0
2020-07-23,US,Minnesota,Cook,2,0,0,47.90504893,-90.52629546,27031.0,36.60992128866923,0.0,2,2,0,0,2,2,5393,0,0,0,0,0
2020-07-23,US,Minnesota,Cottonwood,153,0,0,44.00715262,-95.18138802,27033.0,1366.5594855305467,0.0,153,150,0,0,150,150,11277,3,0,0,3,0
2020-07-23,US,Minnesota,Crow Wing,144,12,0,46.48096553,-94.06755609,27035.0,221.3511643993544,8.333333333333334,132,137,12,0,125,136,64889,7,0,0,7,1
2020-07-23,US,Minnesota,Dakota,3263,101,0,44.67172617,-93.06299363,27037.0,760.5688299640344,3.0953110634385537,3162,3194,100,0,3094,3138,425423,69,1,0,68,56
2020-07-23,US,Minnesota,Dodge,118,0,0,44.02238415,-92.86244324,27039.0,563.6763160408905,0.0,118,114,0,0,114,113,20822,4,0,0,4,1
2020-07-23,US,Minnesota,Douglas,108,0,0,45.93348491,-95.45335469,27041.0,283.1598542251121,0.0,108,105,0,0,105,104,37964,3,0,0,3,1
2020-07-23,US,Minnesota,Faribault,73,0,0,43.67381499,-93.94787458,27043.0,534.6810224859005,0.0,73,72,0,0,72,72,13758,1,0,0,1,0
2020-07-23,US,Minnesota,Fillmore,50,0,0,43.67394126,-92.08980382,27045.0,237.33801680353162,0.0,50,50,0,0,50,48,21058,0,0,0,0,2
2020-07-23,US,Minnesota,Freeborn,333,1,0,43.67385583,-93.34884422,27047.0,1099.6994815230673,0.3003003003003003,332,331,1,0,330,329,30444,2,0,0,2,2
2020-07-23,US,Minnesota,Goodhue,154,8,0,44.40849741,-92.72341949999999,27049.0,332.32628398791536,5.194805194805196,146,153,8,0,145,151,46403,1,0,0,1,2
2020-07-23,US,Minnesota,Grant,33,1,0,45.93424769,-96.01139609,27051.0,552.5787006028131,3.0303030303030303,32,33,1,0,32,33,6021,0,0,0,0,0
2020-07-23,US,Minnesota,Hennepin,15537,804,0,45.00761521,-93.47694895,27053.0,1227.403398367728,5.174744159104074,14733,15273,803,0,14470,15125,1259428,264,1,0,263,148
2020-07-23,US,Minnesota,Houston,33,0,0,43.67129565,-91.49143057,27055.0,177.41935483870967,0.0,33,33,0,0,33,33,18578,0,0,0,0,0
2020-07-23,US,Minnesota,Hubbard,13,0,0,47.10778564,-94.91693868,27057.0,60.49043785770788,0.0,13,12,0,0,12,12,21332,1,0,0,1,0
2020-07-23,US,Minnesota,Isanti,96,0,0,45.56181234,-93.29487636,27059.0,236.47650014779785,0.0,96,94,0,0,94,93,39966,2,0,0,2,1
2020-07-23,US,Minnesota,Itasca,113,12,0,47.51009045,-93.63092229,27061.0,250.38776866829159,10.619469026548671,101,108,12,0,96,103,45108,5,0,0,5,5
2020-07-23,US,Minnesota,Jackson,60,0,0,43.67423373,-95.15398258,27063.0,609.3845216331505,0.0,60,60,0,0,60,60,9911,0,0,0,0,0
2020-07-23,US,Minnesota,Kanabec,22,1,0,45.9459309,-93.29275192,27065.0,134.66364693640205,4.545454545454546,21,20,1,0,19,19,16207,2,0,0,2,1
2020-07-23,US,Minnesota,Kandiyohi,631,1,0,45.1526059,-95.00586446,27067.0,1460.681960230561,0.15847860538827258,630,627,1,0,626,622,42855,4,0,0,4,5
2020-07-23,US,Minnesota,Kittson,3,0,0,48.77754106,-96.78317184,27069.0,69.79990693345742,0.0,3,2,0,0,2,2,4248,1,0,0,1,0
2020-07-23,US,Minnesota,Koochiching,49,3,0,48.24539665,-93.78352843,27071.0,400.6868918145392,6.1224489795918355,46,48,3,0,45,46,12440,1,0,0,1,2
2020-07-23,US,Minnesota,Lac qui Parle,6,0,0,44.9973857,-96.17488219,27073.0,90.59338668277216,0.0,6,6,0,0,6,6,6658,0,0,0,0,0
2020-07-23,US,Minnesota,Lake,13,0,0,47.64270764,-91.44557998,27075.0,122.1689690818532,0.0,13,14,0,0,14,14,10658,-1,0,0,-1,0
2020-07-23,US,Minnesota,Le Sueur,165,1,0,44.37136597,-93.72844721,27079.0,571.1911932703293,0.6060606060606061,164,162,1,0,161,160,28494,3,0,0,3,2
2020-07-23,US,Minnesota,Lincoln,51,0,0,44.41311883,-96.26688165,27081.0,904.4156765383932,0.0,51,51,0,0,51,51,5673,0,0,0,0,0
2020-07-23,US,Minnesota,Lyon,390,3,0,44.41327865,-95.83806103,27083.0,1530.972756536076,0.7692307692307693,387,385,3,0,382,383,25629,5,0,0,5,2
2020-07-23,US,Minnesota,Mahnomen,17,1,0,47.32557075,-95.80921485,27087.0,307.58096616609373,5.882352941176472,16,18,1,0,17,18,5519,-1,0,0,-1,0
2020-07-23,US,Minnesota,Marshall,25,0,0,48.35825983,-96.37017407,27089.0,267.78063410454155,0.0,25,23,0,0,23,23,9390,2,0,0,2,0
2020-07-23,US,Minnesota,Martin,190,5,0,43.67429718,-94.55099908,27091.0,965.3000050805264,2.631578947368421,185,190,5,0,185,190,19785,0,0,0,0,0
2020-07-23,US,Minnesota,McLeod,115,0,0,44.82367677,-94.27287017,27085.0,320.3967347393642,0.0,115,114,0,0,114,112,35873,1,0,0,1,2
2020-07-23,US,Minnesota,Meeker,77,2,0,45.12328869,-94.52839455,27093.0,331.58212040306614,2.5974025974025974,75,76,2,0,74,76,23141,1,0,0,1,0
2020-07-23,US,Minnesota,Mille Lacs,50,3,0,45.93705297,-93.63236823,27095.0,190.28047341781783,6.0,47,48,3,0,45,47,26139,2,0,0,2,1
2020-07-23,US,Minnesota,Morrison,74,1,0,46.01265363,-94.27341528,27097.0,221.64979332654408,1.351351351351351,73,74,1,0,73,74,33169,0,0,0,0,0
2020-07-23,US,Minnesota,Mower,1024,2,0,43.67142874,-92.75234549,27099.0,2556.038140881633,0.1953125,1022,1019,2,0,1017,1019,40011,5,0,0,5,0
2020-07-23,US,Minnesota,Murray,109,0,0,44.02216709,-95.76328482,27101.0,1330.2416402245547,0.0,109,104,0,0,104,103,8276,5,0,0,5,1
2020-07-23,US,Minnesota,Nicollet,249,13,0,44.35291112,-94.24710352,27103.0,726.4982202252437,5.220883534136545,236,243,13,0,230,238,34220,6,0,0,6,5
2020-07-23,US,Minnesota,Nobles,1714,6,0,43.67434621,-95.75329576,27105.0,7924.545748763235,0.3500583430571762,1708,1713,6,0,1707,1711,21924,1,0,0,1,2
2020-07-23,US,Minnesota,Norman,26,0,0,47.32628443,-96.45620947,27107.0,407.843137254902,0.0,26,24,0,0,24,23,6475,2,0,0,2,1
2020-07-23,US,Minnesota,Olmsted,1466,21,0,44.00374114,-92.40209944,27109.0,926.130656440904,1.4324693042291952,1445,1448,21,0,1427,1436,156277,18,0,0,18,12
2020-07-23,US,Minnesota,Otter Tail,137,1,0,46.40846929,-95.70835255,27111.0,233.20736731011473,0.7299270072992701,136,134,1,0,133,132,58812,3,0,0,3,2
2020-07-23,US,Minnesota,Pennington,60,1,0,48.06642577,-96.0370814,27113.0,424.9592747361711,1.6666666666666667,59,60,0,0,60,60,14178,0,1,0,-1,0
2020-07-23,US,Minnesota,Pine,119,0,0,46.12105238,-92.74070188,27115.0,402.312451401332,0.0,119,119,0,0,119,118,29483,0,0,0,0,1
2020-07-23,US,Minnesota,Pipestone,124,6,0,44.02301619,-96.25841142,27117.0,1358.7552049090511,4.838709677419356,118,124,5,0,119,122,9047,0,1,0,-1,2
2020-07-23,US,Minnesota,Polk,104,3,0,47.77372465,-96.40134647,27119.0,331.59035837265657,2.8846153846153846,101,96,3,0,93,95,31529,8,0,0,8,1
2020-07-23,US,Minnesota,Pope,30,0,0,45.58606667,-95.44451209,27121.0,266.6903724775536,0.0,30,28,0,0,28,27,11097,2,0,0,2,1
2020-07-23,US,Minnesota,Ramsey,5985,253,0,45.01625271,-93.09872295,27123.0,1087.5470861551712,4.227234753550543,5732,5890,251,0,5639,5825,550210,95,2,0,93,65
2020-07-23,US,Minnesota,Red Lake,5,0,0,47.87197525,-96.09561104,27125.0,123.30456226880396,0.0,5,5,0,0,5,5,3999,0,0,0,0,0
2020-07-23,US,Minnesota,Redwood,27,0,0,44.40555844,-95.25207021,27127.0,177.98286090969017,0.0,27,27,0,0,27,27,15249,0,0,0,0,0
2020-07-23,US,Minnesota,Renville,44,4,0,44.72836381,-94.94553734,27129.0,302.4470717624416,9.090909090909092,40,44,4,0,40,44,14612,0,0,0,0,0
2020-07-23,US,Minnesota,Rice,928,8,0,44.3543376,-93.29658715,27131.0,1385.6537060263986,0.8620689655172413,920,924,8,0,916,919,66523,4,0,0,4,5
2020-07-23,US,Minnesota,Rock,45,0,0,43.67482683,-96.25296832,27133.0,483.0917874396137,0.0,45,45,0,0,45,44,9414,0,0,0,0,1
2020-07-23,US,Minnesota,Roseau,34,0,0,48.77501878,-95.81079919,27135.0,224.20046158918564,0.0,34,34,0,0,34,32,15150,0,0,0,0,2
2020-07-23,US,Minnesota,Scott,1094,9,0,44.6490231,-93.53340251,27139.0,734.164133330649,0.8226691042047533,1085,1072,8,0,1064,1046,147381,22,1,0,21,26
2020-07-23,US,Minnesota,Sherburne,472,5,0,45.44447208,-93.77617511,27141.0,485.40693967379013,1.0593220338983051,467,459,5,0,454,457,96036,13,0,0,13,2
2020-07-23,US,Minnesota,Sibley,69,2,0,44.5796592,-94.23164924,27143.0,464.1775983854692,2.898550724637681,67,69,2,0,67,70,15028,0,0,0,0,-1
2020-07-23,US,Minnesota,St. Louis,305,16,0,47.604840700000004,-92.46879855,27137.0,153.2124378359371,5.245901639344262,289,299,16,0,283,294,199754,6,0,0,6,5
2020-07-23,US,Minnesota,Stearns,2678,19,0,45.55192576,-94.61078221,27145.0,1662.5795436908272,0.7094846900672144,2659,2666,19,0,2647,2659,159256,12,0,0,12,7
2020-07-23,US,Minnesota,Steele,292,1,0,44.02240351,-93.22627088,27147.0,796.7475238069252,0.3424657534246575,291,291,1,0,290,290,36803,1,0,0,1,1
2020-07-23,US,Minnesota,Stevens,14,0,0,45.58613007,-96.00163705,27149.0,142.78429372768994,0.0,14,14,0,0,14,14,9753,0,0,0,0,0
2020-07-23,US,Minnesota,Swift,47,1,0,45.2829032,-95.68264092,27151.0,507.23073602417435,2.127659574468085,46,47,1,0,46,46,9345,0,0,0,0,1
2020-07-23,US,Minnesota,Todd,405,2,0,46.06996226,-94.89785296,27153.0,1642.0694129095034,0.4938271604938271,403,405,2,0,403,405,24582,0,0,0,0,0
2020-07-23,US,Minnesota,Traverse,9,0,0,45.77298854,-96.47062949,27155.0,276.15833077631174,0.0,9,9,0,0,9,9,3308,0,0,0,0,0
2020-07-23,US,Minnesota,Unassigned,130,40,0,0.0,0.0,90027.0,0.0,30.76923076923077,90,122,40,0,82,111,,8,0,0,8,11
2020-07-23,US,Minnesota,Wabasha,63,0,0,44.28424356,-92.23121312,27157.0,291.3025384935497,0.0,63,59,0,0,59,56,21645,4,0,0,4,3
2020-07-23,US,Minnesota,Wadena,20,0,0,46.58589171,-94.96968506,27159.0,146.177459435755,0.0,20,20,0,0,20,20,13773,0,0,0,0,0
2020-07-23,US,Minnesota,Waseca,99,0,0,44.02211116,-93.58720034,27161.0,531.9148936170212,0.0,99,98,0,0,98,95,18691,1,0,0,1,3
2020-07-23,US,Minnesota,Washington,1572,41,0,45.03864533,-92.88429635,27163.0,598.9940557841792,2.6081424936386766,1531,1550,40,0,1510,1515,259201,22,1,0,21,35
2020-07-23,US,Minnesota,Watonwan,283,0,0,43.97823903,-94.61413846,27165.0,2597.045058272919,0.0,283,282,0,0,282,280,10980,1,0,0,1,2
2020-07-23,US,Minnesota,Wilkin,23,3,0,46.35721532,-96.4684375,27167.0,370.54937973256006,13.043478260869565,20,23,3,0,20,23,6254,0,0,0,0,0
2020-07-23,US,Minnesota,Winona,193,16,0,43.98772283,-91.78081305,27169.0,382.2993423658982,8.290155440414507,177,193,16,0,177,193,50825,0,0,0,0,0
2020-07-23,US,Minnesota,Wright,664,4,0,45.17297924,-93.96234781,27171.0,479.84852974121424,0.6024096385542169,660,652,4,0,648,647,136349,12,0,0,12,5
2020-07-23,US,Minnesota,Yellow Medicine,38,0,0,44.71710183,-95.86842453,27173.0,391.38943248532286,0.0,38,37,0,0,37,37,9795,1,0,0,1,0
2020-07-23,US,Mississippi,Adams,466,22,0,31.47669768,-91.35326037,28001.0,1518.2614928485325,4.721030042918455,444,455,22,0,433,449,31192,11,0,0,11,6
2020-07-23,US,Mississippi,Alcorn,198,2,0,34.88084463,-88.57996173,28003.0,535.8157659729927,1.0101010101010102,196,190,2,0,188,179,36925,8,0,0,8,11
2020-07-23,US,Mississippi,Amite,156,4,0,31.17467303,-90.80501621,28005.0,1268.6020980727008,2.5641025641025643,152,151,4,0,147,145,12326,5,0,0,5,6
2020-07-23,US,Mississippi,Attala,435,23,0,33.08658803,-89.57838564,28007.0,2393.5292175635527,5.287356321839081,412,432,23,0,409,423,18365,3,0,0,3,9
2020-07-23,US,Mississippi,Benton,85,0,0,34.81681228,-89.18945516,28009.0,1029.1802881704807,0.0,85,84,0,0,84,80,8271,1,0,0,1,4
2020-07-23,US,Mississippi,Bolivar,673,24,0,33.79696941,-90.87372121,28011.0,2197.335771189761,3.566121842496285,649,634,22,0,612,605,31333,39,2,0,37,29
2020-07-23,US,Mississippi,Calhoun,315,5,0,33.93683395,-89.33686647,28013.0,2193.4405682055567,1.5873015873015872,310,303,5,0,298,270,14436,12,0,0,12,33
2020-07-23,US,Mississippi,Carroll,230,11,0,33.44834567,-89.91994479,28015.0,2312.2549512415803,4.782608695652174,219,225,11,0,214,221,9911,5,0,0,5,4
2020-07-23,US,Mississippi,Chickasaw,360,19,0,33.91983202,-88.9481545,28017.0,2104.8938782669707,5.277777777777779,341,350,19,0,331,348,17171,10,0,0,10,2
2020-07-23,US,Mississippi,Choctaw,100,4,0,33.34598242,-89.24809382,28019.0,1218.026796589525,4.0,96,97,4,0,93,95,8278,3,0,0,3,2
2020-07-23,US,Mississippi,Claiborne,363,12,0,31.97061673,-90.90702196,28021.0,4038.718291054739,3.3057851239669422,351,359,12,0,347,354,9002,4,0,0,4,5
2020-07-23,US,Mississippi,Clarke,263,25,0,32.04158545,-88.68896219999998,28023.0,1692.2977929348176,9.505703422053232,238,263,25,0,238,257,15604,0,0,0,0,6
2020-07-23,US,Mississippi,Clay,313,13,0,33.65358105,-88.77784255,28025.0,1620.4183060675089,4.15335463258786,300,310,13,0,297,309,19386,3,0,0,3,1
2020-07-23,US,Mississippi,Coahoma,471,7,0,34.22772299,-90.60415045,28027.0,2128.90978123305,1.4861995753715498,464,465,7,0,458,443,22628,6,0,0,6,22
2020-07-23,US,Mississippi,Copiah,786,21,0,31.86977774,-90.44565118,28029.0,2800.6413682522716,2.6717557251908395,765,783,21,0,762,777,28543,3,0,0,3,6
2020-07-23,US,Mississippi,Covington,506,8,0,31.63225413,-89.55389939,28031.0,2715.174930242541,1.5810276679841897,498,498,7,0,491,476,18853,8,1,0,7,22
2020-07-23,US,Mississippi,DeSoto,2668,21,0,34.87625235,-89.99091418,28033.0,1442.5910405796315,0.7871064467766117,2647,2619,20,0,2599,2474,182001,49,1,0,48,145
2020-07-23,US,Mississippi,Forrest,1294,45,0,31.18961454,-89.25832496,28035.0,1727.7060496415077,3.4775888717156107,1249,1267,45,0,1222,1232,75036,27,0,0,27,35
2020-07-23,US,Mississippi,Franklin,79,2,0,31.47786634,-90.89672989,28037.0,1024.2447815376636,2.5316455696202533,77,78,2,0,76,74,7788,1,0,0,1,4
2020-07-23,US,Mississippi,George,202,3,0,30.86259065,-88.64436789,28039.0,824.4897959183673,1.4851485148514851,199,196,3,0,193,192,24250,6,0,0,6,4
2020-07-23,US,Mississippi,Greene,173,10,0,31.21444233,-88.63922281,28041.0,1273.3696452230238,5.780346820809249,163,170,10,0,160,165,13586,3,0,0,3,5
2020-07-23,US,Mississippi,Grenada,741,16,0,33.77036166,-89.80245083,28043.0,3569.7080643607287,2.1592442645074224,725,730,16,0,714,721,21055,11,0,0,11,9
2020-07-23,US,Mississippi,Hancock,219,14,0,30.41830223,-89.48851033,28045.0,459.77494121598914,6.392694063926941,205,214,14,0,200,212,47334,5,0,0,5,2
2020-07-23,US,Mississippi,Harrison,1628,21,0,30.51359752,-89.12467576,28047.0,782.3913879277202,1.28992628992629,1607,1573,21,0,1552,1521,206650,55,0,0,55,52
2020-07-23,US,Mississippi,Hinds,4070,78,0,32.2656285,-90.44435448,28049.0,1755.52104899931,1.9164619164619163,3992,3952,77,0,3875,3835,237085,118,1,0,117,117
2020-07-23,US,Mississippi,Holmes,697,43,0,33.12345854,-90.08923538,28051.0,4097.589653145209,6.169296987087518,654,687,43,0,644,675,17622,10,0,0,10,12
2020-07-23,US,Mississippi,Humphreys,229,10,0,33.12825718,-90.52252707,28053.0,2839.781746031746,4.366812227074236,219,227,10,0,217,222,8257,2,0,0,2,5
2020-07-23,US,Mississippi,Issaquena,16,1,0,32.72531359,-90.97392828,28055.0,1205.7272042200452,6.25,15,16,1,0,15,16,1308,0,0,0,0,0
2020-07-23,US,Mississippi,Itawamba,227,9,0,34.27993475,-88.3606733,28057.0,970.500213766567,3.9647577092511015,218,220,9,0,211,208,23517,7,0,0,7,12
2020-07-23,US,Mississippi,Jackson,1384,24,0,30.54020656,-88.64184064,28059.0,963.6742168406247,1.7341040462427746,1360,1368,23,0,1345,1183,143277,16,1,0,15,185
2020-07-23,US,Mississippi,Jasper,311,6,0,32.01922104,-89.11786866,28061.0,1898.309222975035,1.929260450160772,305,308,6,0,302,304,16428,3,0,0,3,4
2020-07-23,US,Mississippi,Jefferson,152,4,0,31.73397872,-91.03764977,28063.0,2174.5350500715313,2.631578947368421,148,151,4,0,147,145,7106,1,0,0,1,6
2020-07-23,US,Mississippi,Jefferson Davis,160,4,0,31.56884708,-89.82670990000004,28065.0,1437.8145219266714,2.5,156,159,4,0,155,153,11234,1,0,0,1,6
2020-07-23,US,Mississippi,Jones,1455,53,0,31.62257767,-89.16896899999998,28067.0,2136.6266263326384,3.642611683848797,1402,1432,53,0,1379,1422,68461,23,0,0,23,10
2020-07-23,US,Mississippi,Kemper,205,15,0,32.75462946,-88.64105766,28069.0,2104.290700061589,7.317073170731707,190,204,15,0,189,201,10027,1,0,0,1,3
2020-07-23,US,Mississippi,Lafayette,653,4,0,34.35687874,-89.48490961,28071.0,1208.8339288028287,0.6125574272588055,649,633,4,0,629,613,54793,20,0,0,20,20
2020-07-23,US,Mississippi,Lamar,866,9,0,31.20572971,-89.5077704,28073.0,1367.1597493014224,1.039260969976905,857,845,9,0,836,832,62447,21,0,0,21,13
2020-07-23,US,Mississippi,Lauderdale,1155,83,0,32.40419769,-88.66229662,28075.0,1558.1787521079261,7.186147186147187,1072,1154,83,0,1071,1115,75317,1,0,0,1,39
2020-07-23,US,Mississippi,Lawrence,235,3,0,31.55147224,-90.10841127,28077.0,1867.15398061338,1.2765957446808511,232,222,3,0,219,214,12455,13,0,0,13,8
2020-07-23,US,Mississippi,Leake,710,23,0,32.7536828,-89.52402044,28079.0,3115.948389361889,3.2394366197183104,687,699,23,0,676,693,22763,11,0,0,11,6
2020-07-23,US,Mississippi,Lee,896,26,0,34.291877500000005,-88.68149954,28081.0,1048.7382368088395,2.9017857142857144,870,879,26,0,853,863,85202,17,0,0,17,16
2020-07-23,US,Mississippi,Leflore,691,57,0,33.55545125,-90.29900733,28083.0,2451.832665081787,8.24891461649783,634,681,57,0,624,663,28919,10,0,0,10,18
2020-07-23,US,Mississippi,Lincoln,640,37,0,31.53288662,-90.45391915,28085.0,1873.9202998272478,5.78125,603,622,37,0,585,618,34205,18,0,0,18,4
2020-07-23,US,Mississippi,Lowndes,745,20,0,33.47386518,-88.44191529999998,28087.0,1271.4395426230908,2.684563758389262,725,714,19,0,695,671,58930,31,1,0,30,43
2020-07-23,US,Mississippi,Madison,1893,50,0,32.63389156,-90.03513564,28089.0,1781.2782294489612,2.6413100898045427,1843,1852,47,0,1805,1804,105630,41,3,0,38,48
2020-07-23,US,Mississippi,Marion,462,15,0,31.23132643,-89.8209217,28091.0,1880.112318398242,3.2467532467532467,447,449,15,0,434,433,24715,13,0,0,13,16
2020-07-23,US,Mississippi,Marshall,423,5,0,34.76216286,-89.50299462,28093.0,1198.5039950133164,1.182033096926714,418,407,5,0,402,392,35451,16,0,0,16,15
2020-07-23,US,Mississippi,Monroe,547,44,0,33.89236763,-88.4808438,28095.0,1551.6850107795306,8.043875685557587,503,536,44,0,492,525,35564,11,0,0,11,11
2020-07-23,US,Mississippi,Montgomery,243,3,0,33.49419589,-89.61729103,28097.0,2485.933503836317,1.2345679012345678,240,237,3,0,234,229,10023,6,0,0,6,8
2020-07-23,US,Mississippi,Neshoba,1130,82,0,32.75339664,-89.11726492,28099.0,3880.7610412803083,7.256637168141593,1048,1129,82,0,1047,1113,29125,1,0,0,1,16
2020-07-23,US,Mississippi,Newton,454,10,0,32.40021118,-89.11843336,28101.0,2160.053287658198,2.202643171806167,444,452,10,0,442,442,21443,2,0,0,2,10
2020-07-23,US,Mississippi,Noxubee,343,10,0,33.11009499,-88.56949061,28103.0,3292.6946337717195,2.915451895043732,333,341,10,0,331,328,10535,2,0,0,2,13
2020-07-23,US,Mississippi,Oktibbeha,733,30,0,33.42491685,-88.87905132,28105.0,1478.2100147216006,4.092769440654844,703,712,30,0,682,705,49599,21,0,0,21,7
2020-07-23,US,Mississippi,Panola,640,8,0,34.36398677,-89.95064249,28107.0,1871.7828731867105,1.25,632,617,7,0,610,596,34178,23,1,0,22,21
2020-07-23,US,Mississippi,Pearl River,392,32,0,30.77090935,-89.58677275,28109.0,705.861168632394,8.16326530612245,360,391,32,0,359,383,55387,1,0,0,1,8
2020-07-23,US,Mississippi,Perry,151,6,0,31.17161885,-88.99281835,28111.0,1261.1709680113588,3.9735099337748334,145,143,6,0,137,127,11931,8,0,0,8,16
2020-07-23,US,Mississippi,Pike,664,27,0,31.17507789,-90.40392572,28113.0,1690.083486051721,4.066265060240964,637,649,26,0,623,624,39563,15,1,0,14,25
2020-07-23,US,Mississippi,Pontotoc,560,6,0,34.226046000000004,-89.03636807,28115.0,1740.5358363896314,1.0714285714285714,554,538,6,0,532,533,31833,22,0,0,22,5
2020-07-23,US,Mississippi,Prentiss,224,6,0,34.61810501,-88.51986294,28117.0,891.5068056992758,2.6785714285714284,218,219,6,0,213,203,25315,5,0,0,5,16
2020-07-23,US,Mississippi,Quitman,141,1,0,34.25157572,-90.28908,28119.0,2075.9717314487634,0.7092198581560284,140,138,1,0,137,139,7051,3,0,0,3,-1
2020-07-23,US,Mississippi,Rankin,1644,23,0,32.26469147,-89.94537876,28121.0,1058.7939795583206,1.3990267639902676,1621,1623,23,0,1600,1537,153902,21,0,0,21,86
2020-07-23,US,Mississippi,Scott,917,16,0,32.406704100000006,-89.53789439,28123.0,3260.5603754800172,1.7448200654307524,901,911,16,0,895,901,28287,6,0,0,6,10
2020-07-23,US,Mississippi,Sharkey,91,0,0,32.88149103,-90.8159538,28125.0,2105.9939828743345,0.0,91,86,0,0,86,79,4377,5,0,0,5,7
2020-07-23,US,Mississippi,Simpson,589,11,0,31.91282117,-89.91716179,28127.0,2209.4680771250655,1.867572156196944,578,576,10,0,566,548,26758,13,1,0,12,28
2020-07-23,US,Mississippi,Smith,331,12,0,32.01744532,-89.50644846,28129.0,2079.6682583563706,3.625377643504532,319,325,12,0,313,318,16002,6,0,0,6,7
2020-07-23,US,Mississippi,Stone,113,2,0,30.79187949,-89.11547539,28131.0,616.2739965095986,1.7699115044247788,111,111,2,0,109,109,18717,2,0,0,2,2
2020-07-23,US,Mississippi,Sunflower,721,13,0,33.60192578,-90.58882684,28133.0,2871.36598964556,1.8030513176144245,708,699,13,0,686,688,25735,22,0,0,22,11
2020-07-23,US,Mississippi,Tallahatchie,322,4,0,33.95339918,-90.1729398,28135.0,2331.8125859946413,1.2422360248447204,318,318,4,0,314,301,13987,4,0,0,4,17
2020-07-23,US,Mississippi,Tate,531,19,0,34.65133709,-89.94485778,28137.0,1874.9337947106387,3.5781544256120528,512,511,19,0,492,493,28759,20,0,0,20,18
2020-07-23,US,Mississippi,Tippah,216,11,0,34.76872156,-88.90988194,28139.0,981.149216443334,5.092592592592593,205,212,11,0,201,203,21995,4,0,0,4,9
2020-07-23,US,Mississippi,Tishomingo,190,3,0,34.74023475,-88.23917219,28141.0,980.2404168601352,1.5789473684210529,187,184,3,0,181,178,19454,6,0,0,6,6
2020-07-23,US,Mississippi,Tunica,173,3,0,34.64967704,-90.37481167,28143.0,1796.09634551495,1.7341040462427746,170,168,3,0,165,155,9944,5,0,0,5,13
2020-07-23,US,Mississippi,Union,374,11,0,34.49162015,-89.00776006,28145.0,1297.9351032448378,2.9411764705882355,363,353,11,0,342,338,28606,21,0,0,21,15
2020-07-23,US,Mississippi,Walthall,378,14,0,31.14971548,-90.10446654,28147.0,2645.947081058379,3.703703703703704,364,372,14,0,358,358,14465,6,0,0,6,14
2020-07-23,US,Mississippi,Warren,776,23,0,32.35810271,-90.83352619,28149.0,1709.9667261629315,2.963917525773196,753,762,23,0,739,748,46176,14,0,0,14,14
2020-07-23,US,Mississippi,Washington,1138,20,0,33.28392041,-90.94196237,28151.0,2591.723792388804,1.7574692442882252,1118,1128,20,0,1108,1105,45063,10,0,0,10,23
2020-07-23,US,Mississippi,Wayne,656,21,0,31.64135687,-88.69573913,28153.0,3250.2601199028886,3.2012195121951224,635,654,21,0,633,650,20298,2,0,0,2,4
2020-07-23,US,Mississippi,Webster,150,11,0,33.61300486,-89.28392912,28155.0,1548.1473836309217,7.333333333333332,139,148,11,0,137,146,9788,2,0,0,2,2
2020-07-23,US,Mississippi,Wilkinson,137,12,0,31.16078225,-91.31018819,28157.0,1587.4855156431054,8.75912408759124,125,134,12,0,122,129,8792,3,0,0,3,5
2020-07-23,US,Mississippi,Winston,461,14,0,33.08747908,-89.03391385,28159.0,2567.529935950989,3.0368763557483733,447,458,14,0,444,411,18165,3,0,0,3,47
2020-07-23,US,Mississippi,Yalobusha,260,9,0,34.02824175,-89.70762049999998,28161.0,2147.3406012553687,3.4615384615384617,251,256,9,0,247,245,12392,4,0,0,4,11
2020-07-23,US,Mississippi,Yazoo,664,8,0,32.77890365,-90.39656148,28163.0,2236.443246884473,1.2048192771084338,656,653,8,0,645,640,28248,11,0,0,11,13
2020-07-23,US,Missouri,Adair,116,0,0,40.19058551,-92.60078167,29001.0,457.72008049560037,0.0,116,117,0,0,117,114,25339,-1,0,0,-1,3
2020-07-23,US,Missouri,Andrew,72,1,0,39.98492163,-94.80163024,29003.0,406.5040650406504,1.3888888888888888,71,69,1,0,68,68,17607,3,0,0,3,1
2020-07-23,US,Missouri,Atchison,9,0,0,40.43238737,-95.42970639,29005.0,174.995139023916,0.0,9,7,0,0,7,6,5171,2,0,0,2,1
2020-07-23,US,Missouri,Audrain,178,1,0,39.215877,-91.84242683,29007.0,701.1186387269577,0.5617977528089888,177,168,1,0,167,163,25473,10,0,0,10,5
2020-07-23,US,Missouri,Barry,179,0,0,36.70978521,-93.82919888,29009.0,500.15367850456846,0.0,179,173,0,0,173,172,35886,6,0,0,6,1
2020-07-23,US,Missouri,Barton,52,0,0,37.50207671,-94.34757022,29011.0,442.40258635358185,0.0,52,51,0,0,51,51,11798,1,0,0,1,0
2020-07-23,US,Missouri,Bates,24,1,0,38.25271289,-94.34113157,29013.0,148.40465001236706,4.166666666666667,23,24,1,0,23,20,16320,0,0,0,0,4
2020-07-23,US,Missouri,Benton,46,0,0,38.29503305,-93.28756116,29015.0,236.58900375456463,0.0,46,38,0,0,38,33,19278,8,0,0,8,5
2020-07-23,US,Missouri,Bollinger,50,0,0,37.32449052,-90.02725304,29017.0,412.0992334954257,0.0,50,47,0,0,47,46,12169,3,0,0,3,1
2020-07-23,US,Missouri,Boone,839,3,0,38.99186229,-92.30723575,29019.0,464.9152457844543,0.3575685339690107,836,800,2,0,798,758,180005,39,1,0,38,42
2020-07-23,US,Missouri,Buchanan,1003,10,0,39.65816401,-94.80138942,29021.0,1148.0701433084566,0.9970089730807578,993,997,9,0,988,991,88571,6,1,0,5,6
2020-07-23,US,Missouri,Butler,169,1,0,36.71462476,-90.40421163,29023.0,397.8530062620652,0.591715976331361,168,154,0,0,154,151,42639,15,1,0,14,3
2020-07-23,US,Missouri,Caldwell,24,1,0,39.65620858,-93.98308093,29025.0,266.0753880266075,4.166666666666667,23,24,1,0,23,24,9108,0,0,0,0,0
2020-07-23,US,Missouri,Callaway,87,1,0,38.83674754,-91.92186505,29027.0,194.44382361486717,1.1494252873563218,86,83,1,0,82,81,44889,4,0,0,4,2
2020-07-23,US,Missouri,Camden,151,3,0,38.02199522,-92.76083747,29029.0,326.0986934456322,1.9867549668874167,148,139,2,0,137,114,45815,12,1,0,11,25
2020-07-23,US,Missouri,Cape Girardeau,509,3,0,37.38489388,-89.6843587,29031.0,645.3576092606916,0.5893909626719057,506,496,3,0,493,473,78753,13,0,0,13,23
2020-07-23,US,Missouri,Carroll,54,0,0,39.42762566,-93.50626255,29033.0,622.1914967162114,0.0,54,53,0,0,53,49,8743,1,0,0,1,4
2020-07-23,US,Missouri,Carter,10,1,0,36.94160441,-90.96051322,29035.0,167.16817118020728,10.0,9,9,1,0,8,9,6054,1,0,0,1,0
2020-07-23,US,Missouri,Cass,372,8,0,38.64789422,-94.353399,29037.0,351.67328417470225,2.150537634408602,364,349,8,0,341,314,104954,23,0,0,23,35
2020-07-23,US,Missouri,Cedar,29,0,0,37.72391475,-93.85445441,29039.0,202.10467628406158,0.0,29,29,0,0,29,29,14165,0,0,0,0,0
2020-07-23,US,Missouri,Chariton,13,0,0,39.51499357,-92.9629191,29041.0,175.06059789927284,0.0,13,12,0,0,12,12,7451,1,0,0,1,0
2020-07-23,US,Missouri,Christian,145,1,0,36.9711783,-93.18537118,29043.0,163.66612111292963,0.6896551724137931,144,128,1,0,127,126,86983,17,0,0,17,2
2020-07-23,US,Missouri,Clark,2,0,0,40.41040752,-91.73661677,29045.0,29.424746211563924,0.0,2,2,0,0,2,2,6842,0,0,0,0,0
2020-07-23,US,Missouri,Clay,685,18,0,39.31132056,-94.41850862,29047.0,274.0570038568021,2.627737226277372,667,655,13,0,642,646,246365,30,5,0,25,9
2020-07-23,US,Missouri,Clinton,46,0,0,39.6013098,-94.40465394,29049.0,225.6339824397901,0.0,46,43,0,0,43,42,20470,3,0,0,3,1
2020-07-23,US,Missouri,Cole,196,2,0,38.50455671,-92.27860244,29051.0,255.39123069906842,1.020408163265306,194,186,2,0,184,167,76796,10,0,0,10,19
2020-07-23,US,Missouri,Cooper,38,0,0,38.844478,-92.80896081,29053.0,214.58015698232538,0.0,38,38,0,0,38,34,17603,0,0,0,0,4
2020-07-23,US,Missouri,Crawford,32,0,0,37.97663738,-91.30528104,29055.0,133.77926421404683,0.0,32,31,0,0,31,30,23957,1,0,0,1,1
2020-07-23,US,Missouri,Dade,10,0,0,37.431814,-93.8503345,29057.0,132.2576378785875,0.0,10,9,0,0,9,4,7569,1,0,0,1,5
2020-07-23,US,Missouri,Dallas,33,1,0,37.6811355,-93.02127031,29059.0,195.5207963028795,3.0303030303030303,32,32,1,0,31,31,16762,1,0,0,1,1
2020-07-23,US,Missouri,Daviess,16,0,0,39.96145298,-93.98519678,29061.0,193.28340178787147,0.0,16,15,0,0,15,14,8313,1,0,0,1,1
2020-07-23,US,Missouri,DeKalb,23,1,0,39.89201062,-94.40476508,29063.0,183.31075157408142,4.3478260869565215,22,22,1,0,21,21,12630,1,0,0,1,1
2020-07-23,US,Missouri,Dent,9,0,0,37.60663134,-91.50790473,29065.0,57.792332883837396,0.0,9,10,0,0,10,10,15441,-1,0,0,-1,0
2020-07-23,US,Missouri,Douglas,36,1,0,36.9325593,-92.49905109,29067.0,273.03754266211604,2.7777777777777777,35,32,1,0,31,31,13373,4,0,0,4,1
2020-07-23,US,Missouri,Dunklin,176,3,0,36.27167174,-90.09122243,29069.0,604.1673818269198,1.7045454545454546,173,168,3,0,165,160,29423,8,0,0,8,8
2020-07-23,US,Missouri,Franklin,408,18,0,38.41127108,-91.07522826,29071.0,392.4322140679253,4.411764705882354,390,394,18,0,376,382,103670,14,0,0,14,12
2020-07-23,US,Missouri,Gasconade,14,0,0,38.43947277,-91.50847147,29073.0,95.19923840609276,0.0,14,14,0,0,14,14,14705,0,0,0,0,0
2020-07-23,US,Missouri,Gentry,71,9,0,40.21097916,-94.40944419,29075.0,1080.5052503424135,12.676056338028172,62,71,9,0,62,70,6628,0,0,0,0,1
2020-07-23,US,Missouri,Greene,724,9,0,37.2575872,-93.34230916,29077.0,247.0264700463345,1.2430939226519335,715,684,9,0,675,668,291923,40,0,0,40,16
2020-07-23,US,Missouri,Grundy,24,1,0,40.11406587,-93.56509276,29079.0,243.65482233502541,4.166666666666667,23,24,1,0,23,22,9914,0,0,0,0,2
2020-07-23,US,Missouri,Harrison,41,1,0,40.35570088,-93.99222144,29081.0,490.90038314176246,2.4390243902439024,40,37,1,0,36,37,8414,4,0,0,4,0
2020-07-23,US,Missouri,Henry,46,3,0,38.38482826,-93.79293734,29083.0,210.7771260997068,6.521739130434782,43,43,3,0,40,42,21792,3,0,0,3,1
2020-07-23,US,Missouri,Hickory,7,0,0,37.94163617,-93.3203037,29085.0,73.34450963956412,0.0,7,3,0,0,3,2,9509,4,0,0,4,1
2020-07-23,US,Missouri,Holt,2,0,0,40.09799248,-95.2163888,29087.0,45.42357483533954,0.0,2,2,0,0,2,2,4404,0,0,0,0,0
2020-07-23,US,Missouri,Howard,29,0,0,39.1435761,-92.69756691,29089.0,289.97100289971,0.0,29,29,0,0,29,24,10137,0,0,0,0,5
2020-07-23,US,Missouri,Howell,72,0,0,36.77383887,-91.88683935,29091.0,179.47503552110078,0.0,72,68,0,0,68,65,40076,4,0,0,4,3
2020-07-23,US,Missouri,Iron,7,0,0,37.55487945,-90.7735296,29093.0,69.1358024691358,0.0,7,6,0,0,6,4,10177,1,0,0,1,2
2020-07-23,US,Missouri,Jackson,2233,50,0,39.01002188,-94.34724536,29095.0,317.6337212362253,2.2391401701746534,2183,2115,48,0,2067,1988,700307,118,2,0,116,127
2020-07-23,US,Missouri,Jasper,1366,21,0,37.20351921,-94.34050458,29097.0,1125.8736647764738,1.5373352855051243,1345,1323,20,0,1303,1290,120636,43,1,0,42,33
2020-07-23,US,Missouri,Jefferson,832,23,0,38.25926778,-90.53870896,29099.0,369.6447056837316,2.7644230769230766,809,789,23,0,766,763,224347,43,0,0,43,26
2020-07-23,US,Missouri,Johnson,397,1,0,38.74719601,-93.80691168,29101.0,734.3420517183972,0.2518891687657431,396,389,1,0,388,381,53652,8,0,0,8,8
2020-07-23,US,Missouri,Kansas City,4366,43,0,39.0997,-94.5786,0.0,892.9466215898378,0.9848831882730188,4323,4102,42,0,4060,3924,491918,264,1,0,263,178
2020-07-23,US,Missouri,Knox,4,0,0,40.12699751,-92.14780832,29103.0,101.03561505430665,0.0,4,4,0,0,4,3,3947,0,0,0,0,1
2020-07-23,US,Missouri,Laclede,162,1,0,37.65896829,-92.5888493,29105.0,453.48934859894166,0.6172839506172839,161,151,1,0,150,148,35713,11,0,0,11,3
2020-07-23,US,Missouri,Lafayette,124,2,0,39.06986886,-93.78076396,29107.0,379.1121438180262,1.6129032258064515,122,122,2,0,120,120,32598,2,0,0,2,2
2020-07-23,US,Missouri,Lawrence,122,2,0,37.10626634,-93.83293097,29109.0,318.08108460435415,1.639344262295082,120,110,2,0,108,106,38359,12,0,0,12,4
2020-07-23,US,Missouri,Lewis,13,1,0,40.09673161,-91.72070156,29111.0,132.9787234042553,7.6923076923076925,12,13,1,0,12,12,9855,0,0,0,0,1
2020-07-23,US,Missouri,Lincoln,185,1,0,39.05345619,-90.95588181,29113.0,313.4902479114771,0.5405405405405406,184,172,1,0,171,160,57686,13,0,0,13,12
2020-07-23,US,Missouri,Linn,27,1,0,39.87001769,-93.10704106,29115.0,226.510067114094,3.703703703703704,26,25,1,0,24,24,12037,2,0,0,2,1
2020-07-23,US,Missouri,Livingston,31,0,0,39.78110272,-93.54645978,29117.0,203.5857358639259,0.0,31,30,0,0,30,30,15146,1,0,0,1,0
2020-07-23,US,Missouri,Macon,37,0,0,39.83049768,-92.56453089,29121.0,244.7575577164781,0.0,37,36,0,0,36,36,15153,1,0,0,1,0
2020-07-23,US,Missouri,Madison,13,0,0,37.47865134,-90.3467143,29123.0,107.5446724023825,0.0,13,13,0,0,13,12,12188,0,0,0,0,1
2020-07-23,US,Missouri,Maries,9,0,0,38.16193985,-91.92249662,29125.0,103.48395998620217,0.0,9,8,0,0,8,8,8769,1,0,0,1,0
2020-07-23,US,Missouri,Marion,68,1,0,39.80601912,-91.62203062,29127.0,238.34560112162634,1.4705882352941178,67,58,1,0,57,53,28592,10,0,0,10,5
2020-07-23,US,Missouri,McDonald,854,6,0,36.62869595,-94.34867205,29119.0,3739.545474449359,0.7025761124121779,848,824,1,0,823,822,23078,30,5,0,25,2
2020-07-23,US,Missouri,Mercer,8,0,0,40.42212303,-93.5682959,29129.0,221.1777716339508,0.0,8,8,0,0,8,8,3641,0,0,0,0,0
2020-07-23,US,Missouri,Miller,50,0,0,38.21450288,-92.42610898,29131.0,195.16764901049999,0.0,50,43,0,0,43,44,25336,7,0,0,7,-1
2020-07-23,US,Missouri,Mississippi,121,0,0,36.82516239,-89.29505753,29133.0,918.0576631259484,0.0,121,121,0,0,121,104,13336,0,0,0,0,17
2020-07-23,US,Missouri,Moniteau,76,2,0,38.63571781,-92.57976951,29135.0,471.1133151500123,2.631578947368421,74,71,2,0,69,71,16121,5,0,0,5,0
2020-07-23,US,Missouri,Monroe,9,0,0,39.49593978,-92.00043978,29137.0,104.11846367422493,0.0,9,8,0,0,8,8,8664,1,0,0,1,0
2020-07-23,US,Missouri,Montgomery,26,0,0,38.94022054,-91.47000721,29139.0,225.0887369058956,0.0,26,24,0,0,24,24,11534,2,0,0,2,0
2020-07-23,US,Missouri,Morgan,38,0,0,38.4181765,-92.88791859,29141.0,184.22456004266246,0.0,38,37,0,0,37,34,20358,1,0,0,1,3
2020-07-23,US,Missouri,New Madrid,122,1,0,36.59666326,-89.66070007,29143.0,714.453033497306,0.819672131147541,121,114,1,0,113,109,17296,8,0,0,8,5
2020-07-23,US,Missouri,Newton,707,3,0,36.90519407,-94.3394104,29145.0,1214.0256885775125,0.4243281471004243,704,699,3,0,696,678,58266,8,0,0,8,21
2020-07-23,US,Missouri,Nodaway,55,0,0,40.36079813,-94.88133008,29147.0,248.95889914901318,0.0,55,51,0,0,51,45,22304,4,0,0,4,6
2020-07-23,US,Missouri,Oregon,11,0,0,36.68710164,-91.4033755,29149.0,104.47335929338018,0.0,11,11,0,0,11,11,10541,0,0,0,0,0
2020-07-23,US,Missouri,Osage,28,0,0,38.46036182,-91.8613635,29151.0,205.6555269922879,0.0,28,27,0,0,27,28,13714,1,0,0,1,-1
2020-07-23,US,Missouri,Ozark,4,0,0,36.64916339,-92.44459066,29153.0,43.60148245040332,0.0,4,3,0,0,3,3,9017,1,0,0,1,0
2020-07-23,US,Missouri,Pemiscot,173,6,0,36.2130572,-89.78742322,29155.0,1094.5903195191395,3.4682080924855487,167,172,6,0,166,165,16272,1,0,0,1,7
2020-07-23,US,Missouri,Perry,185,3,0,37.70660776,-89.82741088,29157.0,966.7642140468229,1.6216216216216215,182,184,3,0,181,183,19150,1,0,0,1,1
2020-07-23,US,Missouri,Pettis,232,3,0,38.72798918,-93.28471706,29159.0,547.9581473346087,1.293103448275862,229,206,2,0,204,204,42542,26,1,0,25,2
2020-07-23,US,Missouri,Phelps,61,0,0,37.87736118,-91.79351727,29161.0,136.85414937293876,0.0,61,60,0,0,60,59,44732,1,0,0,1,1
2020-07-23,US,Missouri,Pike,54,1,0,39.34310674,-91.16980779,29163.0,295.0497213419298,1.851851851851852,53,49,1,0,48,50,18504,5,0,0,5,-1
2020-07-23,US,Missouri,Platte,228,6,0,39.38154439,-94.77068479,29165.0,218.3531575015802,2.631578947368421,222,223,6,0,217,213,102985,5,0,0,5,10
2020-07-23,US,Missouri,Polk,137,0,0,37.6162296,-93.39828174,29167.0,426.1407819838875,0.0,137,125,0,0,125,114,32201,12,0,0,12,11
2020-07-23,US,Missouri,Pulaski,164,1,0,37.82462075,-92.20783203,29169.0,311.7455851882829,0.6097560975609756,163,162,1,0,161,157,52014,2,0,0,2,5
2020-07-23,US,Missouri,Putnam,4,0,0,40.47942497,-93.02042674,29171.0,85.17887563884156,0.0,4,4,0,0,4,4,4757,0,0,0,0,0
2020-07-23,US,Missouri,Ralls,16,0,0,39.52817427,-91.51838643,29173.0,155.20419051314389,0.0,16,15,0,0,15,14,10212,1,0,0,1,1
2020-07-23,US,Missouri,Randolph,25,1,0,39.44007257,-92.4971374,29175.0,101.0182641021497,4.0,24,23,1,0,22,21,24763,2,0,0,2,2
2020-07-23,US,Missouri,Ray,42,0,0,39.3537468,-93.98905745,29177.0,182.46589625510467,0.0,42,39,0,0,39,38,22883,3,0,0,3,1
2020-07-23,US,Missouri,Reynolds,10,0,0,37.36085952,-90.97009925,29179.0,159.48963317384369,0.0,10,10,0,0,10,10,6254,0,0,0,0,0
2020-07-23,US,Missouri,Ripley,36,0,0,36.65460667,-90.85990261,29181.0,270.9211318482842,0.0,36,34,0,0,34,30,13401,2,0,0,2,4
2020-07-23,US,Missouri,Saline,359,6,0,39.13734288,-93.20259964,29195.0,1577.2593471288608,1.6713091922005572,353,351,6,0,345,349,22895,8,0,0,8,2
2020-07-23,US,Missouri,Schuyler,9,0,0,40.46921489,-92.52311943,29197.0,193.13304721030042,0.0,9,8,0,0,8,7,4599,1,0,0,1,1
2020-07-23,US,Missouri,Scotland,11,1,0,40.45214695,-92.14709064,29199.0,224.3982048143615,9.090909090909092,10,11,1,0,10,11,4966,0,0,0,0,0
2020-07-23,US,Missouri,Scott,272,13,0,37.05588075,-89.56474493,29201.0,710.5538140020899,4.779411764705882,259,266,13,0,253,250,38458,6,0,0,6,16
2020-07-23,US,Missouri,Shannon,37,0,0,37.15772072,-91.40190382,29203.0,453.0982120989468,0.0,37,35,0,0,35,35,8189,2,0,0,2,0
2020-07-23,US,Missouri,Shelby,9,0,0,39.79742518,-92.07634971,29205.0,151.7706576728499,0.0,9,8,0,0,8,8,6050,1,0,0,1,0
2020-07-23,US,Missouri,St. Charles,2151,79,0,38.77875681,-90.66662425,29183.0,535.0453457770968,3.6727103672710366,2072,2012,79,0,1933,1909,399182,139,0,0,139,103
2020-07-23,US,Missouri,St. Clair,12,0,0,38.03699437,-93.77631447,29185.0,127.70032989251892,0.0,12,11,0,0,11,10,9395,1,0,0,1,1
2020-07-23,US,Missouri,St. Francois,216,2,0,37.81214171,-90.47598685,29187.0,321.3568399910734,0.925925925925926,214,214,2,0,212,207,66692,2,0,0,2,7
2020-07-23,US,Missouri,St. Louis,9944,626,0,38.63770039999999,-90.4458375,29189.0,1000.1961366116644,6.295253419147223,9318,9624,615,0,9009,9361,996945,320,11,0,309,263
2020-07-23,US,Missouri,St. Louis City,3733,164,0,38.63555736,-90.24349225,29510.0,1241.948791653359,4.393249397267613,3569,3635,164,0,3471,3518,302838,98,0,0,98,117
2020-07-23,US,Missouri,Ste. Genevieve,33,1,0,37.89090059,-90.1949941,29186.0,184.4193584441712,3.0303030303030303,32,31,1,0,30,30,17888,2,0,0,2,1
2020-07-23,US,Missouri,Stoddard,185,9,0,36.85571651,-89.9444155,29207.0,637.3815676141257,4.864864864864865,176,177,9,0,168,176,29206,8,0,0,8,1
2020-07-23,US,Missouri,Stone,50,1,0,36.75000327,-93.45256475,29209.0,156.48472709063594,2.0,49,47,1,0,46,41,31749,3,0,0,3,6
2020-07-23,US,Missouri,Sullivan,125,0,0,40.2099105,-93.11150106,29211.0,2052.882246674331,0.0,125,125,0,0,125,125,6221,0,0,0,0,0
2020-07-23,US,Missouri,Taney,212,3,0,36.65465345,-93.04075153,29213.0,379.05878987269347,1.4150943396226414,209,205,3,0,202,184,55852,7,0,0,7,21
2020-07-23,US,Missouri,Texas,18,0,0,37.31728859,-91.96564727,29215.0,70.87172218284904,0.0,18,16,0,0,16,16,25571,2,0,0,2,0
2020-07-23,US,Missouri,Vernon,44,0,0,37.8457799,-94.34127305,29217.0,213.97655984049013,0.0,44,41,0,0,41,41,20528,3,0,0,3,0
2020-07-23,US,Missouri,Warren,103,0,0,38.76529479,-91.16124662,29219.0,288.9281606777189,0.0,103,99,0,0,99,97,34711,4,0,0,4,2
2020-07-23,US,Missouri,Washington,42,1,0,37.96130078,-90.87948158,29221.0,169.8342094621917,2.380952380952381,41,41,1,0,40,41,24943,1,0,0,1,0
2020-07-23,US,Missouri,Wayne,8,0,0,37.11303869,-90.46001416,29223.0,62.14557601180765,0.0,8,5,0,0,5,5,13122,3,0,0,3,0
2020-07-23,US,Missouri,Webster,87,1,0,37.2813734,-92.876329,29225.0,219.7413618912912,1.1494252873563218,86,86,1,0,85,80,39109,1,0,0,1,6
2020-07-23,US,Missouri,Worth,5,0,0,40.47945588,-94.42328751,29227.0,248.38549428713364,0.0,5,5,0,0,5,5,2040,0,0,0,0,0
2020-07-23,US,Missouri,Wright,52,0,0,37.27029221,-92.46914488,29229.0,284.3239105473235,0.0,52,52,0,0,52,51,18378,0,0,0,0,1
2020-07-23,US,Montana,Beaverhead,17,0,0,45.13434354,-112.89846940000001,30001.0,179.83708875489262,0.0,17,13,0,0,13,12,9404,4,0,0,4,1
2020-07-23,US,Montana,Big Horn,176,5,0,45.42335905,-107.492347,30003.0,1321.4205270665966,2.8409090909090913,171,173,5,0,168,158,13338,3,0,0,3,15
2020-07-23,US,Montana,Blaine,7,0,0,48.43175214,-108.9582723,30005.0,104.77473432120941,0.0,7,6,0,0,6,6,6807,1,0,0,1,0
2020-07-23,US,Montana,Broadwater,9,0,0,46.33277565,-111.49558130000001,30007.0,144.3001443001443,0.0,9,9,0,0,9,9,6085,0,0,0,0,0
2020-07-23,US,Montana,Carbon,42,0,0,45.22850116,-109.0274047,30009.0,391.6083916083916,0.0,42,42,0,0,42,41,10714,0,0,0,0,1
2020-07-23,US,Montana,Cascade,81,2,0,47.30797024,-111.3467922,30013.0,99.55018066514269,2.469135802469136,79,81,2,0,79,81,81643,0,0,0,0,0
2020-07-23,US,Montana,Chouteau,3,0,0,47.88084126,-110.4353362,30015.0,53.23868677905946,0.0,3,3,0,0,3,3,5745,0,0,0,0,0
2020-07-23,US,Montana,Custer,43,0,0,46.25319932,-105.57375259999998,30017.0,377.12681985616564,0.0,43,43,0,0,43,41,11586,0,0,0,0,2
2020-07-23,US,Montana,Dawson,8,0,0,47.26584855,-104.89444170000002,30021.0,92.88285150354116,0.0,8,8,0,0,8,8,8680,0,0,0,0,0
2020-07-23,US,Montana,Deer Lodge,10,0,0,46.05953325,-113.073353,30023.0,109.40919037199123,0.0,10,8,0,0,8,8,9131,2,0,0,2,0
2020-07-23,US,Montana,Fallon,1,0,0,46.33478338,-104.41835649999999,30025.0,35.137034434293746,0.0,1,1,0,0,1,1,2920,0,0,0,0,0
2020-07-23,US,Montana,Fergus,4,0,0,47.26331584,-109.2245206,30027.0,36.199095022624434,0.0,4,4,0,0,4,4,11113,0,0,0,0,0
2020-07-23,US,Montana,Flathead,159,2,0,48.29575866,-114.05205690000001,30029.0,153.1703369747413,1.2578616352201255,157,149,2,0,147,142,102106,10,0,0,10,7
2020-07-23,US,Montana,Gallatin,695,1,0,45.54486106,-111.1692571,30031.0,607.3369802681021,0.14388489208633093,694,664,1,0,663,630,111876,31,0,0,31,34
2020-07-23,US,Montana,Garfield,12,0,0,47.27545948,-107.0002351,30033.0,953.8950715421304,0.0,12,12,0,0,12,11,1268,0,0,0,0,1
2020-07-23,US,Montana,Glacier,35,0,0,48.70513576,-112.9934235,30035.0,254.48992946993386,0.0,35,35,0,0,35,35,13747,0,0,0,0,0
2020-07-23,US,Montana,Golden Valley,3,0,0,46.3816474,-109.17685220000001,30037.0,365.4080389768576,0.0,3,3,0,0,3,3,826,0,0,0,0,0
2020-07-23,US,Montana,Granite,6,0,0,46.40605220000001,-113.4414186,30039.0,177.56732761171943,0.0,6,6,0,0,6,6,3378,0,0,0,0,0
2020-07-23,US,Montana,Hill,34,0,0,48.62879827,-110.1129252,30041.0,206.2606163552536,0.0,34,34,0,0,34,34,16347,0,0,0,0,0
2020-07-23,US,Montana,Jefferson,18,0,0,46.14907081,-112.094396,30043.0,147.2874560183291,0.0,18,17,0,0,17,16,12097,1,0,0,1,1
2020-07-23,US,Montana,Judith Basin,1,0,0,47.04581276,-110.26606880000001,30045.0,49.82561036372696,0.0,1,1,0,0,1,,1952,0,0,0,0,
2020-07-23,US,Montana,Lake,116,0,0,47.64514965,-114.0898013,30047.0,380.8523212292337,0.0,116,116,0,0,116,117,30250,0,0,0,0,-1
2020-07-23,US,Montana,Lewis and Clark,93,1,0,47.12610041,-112.39469799999999,30049.0,133.94400276529555,1.075268817204301,92,88,1,0,87,83,68700,5,0,0,5,5
2020-07-23,US,Montana,Liberty,1,0,0,48.56084317,-111.02430700000001,30051.0,42.78990158322636,0.0,1,1,0,0,1,1,2430,0,0,0,0,0
2020-07-23,US,Montana,Lincoln,50,1,0,48.54265777,-115.4046155,30053.0,250.25025025025025,2.0,49,48,1,0,47,48,19794,2,0,0,2,0
2020-07-23,US,Montana,Madison,51,1,0,45.30080065,-111.9173017,30057.0,593.0232558139535,1.96078431372549,50,47,1,0,46,47,8768,4,0,0,4,0
2020-07-23,US,Montana,Meagher,4,0,0,46.59907074,-110.8898557,30059.0,214.8227712137487,0.0,4,4,0,0,4,4,1866,0,0,0,0,0
2020-07-23,US,Montana,Missoula,173,1,0,47.03728583,-113.92135079999998,30063.0,144.64882943143812,0.5780346820809249,172,169,1,0,168,169,118791,4,0,0,4,0
2020-07-23,US,Montana,Musselshell,1,0,0,46.49684637,-108.39498,30065.0,21.58428663932657,0.0,1,1,0,0,1,1,4651,0,0,0,0,0
2020-07-23,US,Montana,Park,34,0,0,45.48965095,-110.52643940000002,30067.0,204.74527279296643,0.0,34,33,0,0,33,32,16736,1,0,0,1,1
2020-07-23,US,Montana,Pondera,8,0,0,48.22773388,-112.22527029999999,30073.0,135.34088986635086,0.0,8,8,0,0,8,7,5972,0,0,0,0,1
2020-07-23,US,Montana,Powder River,1,0,0,45.39617714,-105.636738,30075.0,59.453032104637344,0.0,1,,,,,,1716,,,,,
2020-07-23,US,Montana,Ravalli,51,1,0,46.08520862,-114.11891640000002,30081.0,116.42240788933023,1.96078431372549,50,51,1,0,50,51,43172,0,0,0,0,0
2020-07-23,US,Montana,Richland,37,0,0,47.78668011,-104.5610786,30083.0,342.4974544108118,0.0,37,37,0,0,37,34,10913,0,0,0,0,3
2020-07-23,US,Montana,Roosevelt,9,0,0,48.29607488,-105.00792679999999,30085.0,81.78844056706652,0.0,9,8,0,0,8,11,11059,1,0,0,1,-3
2020-07-23,US,Montana,Rosebud,17,1,0,46.23397237,-106.72928799999998,30087.0,190.22043191227482,5.882352941176472,16,17,1,0,16,16,9063,0,0,0,0,1
2020-07-23,US,Montana,Sanders,7,0,0,47.67657534,-115.1329916,30089.0,57.78915215058203,0.0,7,5,0,0,5,5,11844,2,0,0,2,0
2020-07-23,US,Montana,Sheridan,3,0,0,48.72085833,-104.50382900000001,30091.0,90.66183136899366,0.0,3,3,0,0,3,2,3424,0,0,0,0,1
2020-07-23,US,Montana,Silver Bow,32,0,0,45.90018933,-112.6620092,30093.0,91.6511527996563,0.0,32,31,0,0,31,30,34993,1,0,0,1,1
2020-07-23,US,Montana,Stillwater,15,0,0,45.67071407,-109.3950061,30095.0,155.56938394523957,0.0,15,15,0,0,15,14,9534,0,0,0,0,1
2020-07-23,US,Montana,Sweet Grass,4,1,0,45.81367654,-109.9425686,30097.0,107.03773080010704,25.0,3,4,1,0,3,3,3710,0,0,0,0,1
2020-07-23,US,Montana,Teton,15,0,0,47.83741052,-112.24106880000001,30099.0,244.0214738897023,0.0,15,15,0,0,15,15,6162,0,0,0,0,0
2020-07-23,US,Montana,Toole,31,6,0,48.65577551,-111.69424140000001,30101.0,654.5608108108107,19.354838709677423,25,31,6,0,25,31,4853,0,0,0,0,0
2020-07-23,US,Montana,Treasure,2,0,0,46.20973220000001,-107.26665159999999,30103.0,287.3563218390805,0.0,2,2,0,0,2,2,679,0,0,0,0,0
2020-07-23,US,Montana,Valley,7,0,0,48.36435097,-106.6669635,30105.0,94.64575446187128,0.0,7,7,0,0,7,5,7437,0,0,0,0,2
2020-07-23,US,Montana,Wheatland,2,0,0,46.46652491,-109.84646359999999,30107.0,94.07337723424273,0.0,2,2,0,0,2,2,2236,0,0,0,0,0
2020-07-23,US,Montana,Wibaux,1,0,0,46.95925154,-104.2510927,30109.0,103.19917440660471,0.0,1,1,0,0,1,1,1034,0,0,0,0,0
2020-07-23,US,Montana,Yellowstone,780,20,0,45.93955949,-108.26914860000001,30111.0,483.57098574085563,2.5641025641025643,760,756,19,0,737,731,160137,24,1,0,23,25
2020-07-23,US,Nebraska,Adams,320,11,0,40.52449420000001,-98.50117804,31001.0,1020.3105570257947,3.4375,309,320,11,0,309,320,31511,0,0,0,0,0
2020-07-23,US,Nebraska,Antelope,17,1,0,42.17695516,-98.06662829999999,31003.0,269.92696093998103,5.882352941176472,16,17,1,0,16,17,6336,0,0,0,0,0
2020-07-23,US,Nebraska,Banner,2,0,0,41.54634427,-103.7114332,31007.0,268.4563758389262,0.0,2,2,0,0,2,2,730,0,0,0,0,0
2020-07-23,US,Nebraska,Boone,7,0,0,41.70759415,-98.06737183,31011.0,134.82280431432974,0.0,7,7,0,0,7,7,5239,0,0,0,0,0
2020-07-23,US,Nebraska,Box Butte,9,0,0,42.22079243,-103.08788340000001,31013.0,83.46471297412594,0.0,9,8,0,0,8,7,10772,1,0,0,1,1
2020-07-23,US,Nebraska,Boyd,1,0,0,42.899727399999996,-98.76486568,31015.0,52.110474205315285,0.0,1,1,0,0,1,1,1955,0,0,0,0,0
2020-07-23,US,Nebraska,Buffalo,261,1,0,40.85486962,-99.07500296,31019.0,525.5844861958558,0.3831417624521073,260,253,1,0,252,242,49615,8,0,0,8,11
2020-07-23,US,Nebraska,Burt,17,0,0,41.85056773,-96.32605633,31021.0,263.1986375599938,0.0,17,17,0,0,17,17,6488,0,0,0,0,0
2020-07-23,US,Nebraska,Butler,53,0,0,41.22703692,-97.13106306,31023.0,661.1776447105789,0.0,53,53,0,0,53,53,8058,0,0,0,0,0
2020-07-23,US,Nebraska,Cass,129,1,0,40.90899107,-96.13971217,31025.0,491.46601645839684,0.7751937984496124,128,125,1,0,124,115,26159,4,0,0,4,10
2020-07-23,US,Nebraska,Cedar,20,0,0,42.598885100000004,-97.25311951,31027.0,238.0385622470841,0.0,20,20,0,0,20,20,8446,0,0,0,0,0
2020-07-23,US,Nebraska,Chase,4,0,0,40.523719799999995,-101.69780259999999,31029.0,101.9367991845056,0.0,4,4,0,0,4,4,3977,0,0,0,0,0
2020-07-23,US,Nebraska,Cherry,3,0,0,42.54502621,-101.1244332,31031.0,52.73334505185446,0.0,3,3,0,0,3,3,5761,0,0,0,0,0
2020-07-23,US,Nebraska,Cheyenne,23,0,0,41.21999357,-102.9941693,31033.0,258.1369248035914,0.0,23,21,0,0,21,21,9310,2,0,0,2,0
2020-07-23,US,Nebraska,Clay,41,0,0,40.52439441,-98.05126296,31035.0,660.9704981460584,0.0,41,40,0,0,40,39,6214,1,0,0,1,1
2020-07-23,US,Nebraska,Colfax,685,4,0,41.57486951,-97.0868542,31037.0,6396.48893454104,0.583941605839416,681,684,4,0,680,687,10881,1,0,0,1,-3
2020-07-23,US,Nebraska,Cuming,44,0,0,41.91637624,-96.78730772,31039.0,497.39995478182226,0.0,44,42,0,0,42,42,8940,2,0,0,2,0
2020-07-23,US,Nebraska,Custer,41,4,0,41.39374521,-99.72805369,31041.0,380.4398255544215,9.75609756097561,37,40,4,0,36,40,10840,1,0,0,1,0
2020-07-23,US,Nebraska,Dakota,1880,38,0,42.39040144,-96.56656425,31043.0,9387.795865375012,2.0212765957446805,1842,1877,37,0,1840,1873,20083,3,1,0,2,4
2020-07-23,US,Nebraska,Dawes,4,0,0,42.71985036,-103.1313774,31045.0,46.57119571545,0.0,4,4,0,0,4,4,8716,0,0,0,0,0
2020-07-23,US,Nebraska,Dawson,898,8,0,40.87028216,-99.82014609999999,31047.0,3805.891078618352,0.8908685968819601,890,892,8,0,884,887,23709,6,0,0,6,5
2020-07-23,US,Nebraska,Deuel,1,0,0,41.11168186,-102.33333309999999,31049.0,55.74136008918617,0.0,1,1,0,0,1,1,1825,0,0,0,0,0
2020-07-23,US,Nebraska,Dixon,56,2,0,42.49188363,-96.86782408,31051.0,993.61249112846,3.571428571428572,54,56,2,0,54,56,5709,0,0,0,0,0
2020-07-23,US,Nebraska,Dodge,731,8,0,41.58071748,-96.65598179,31053.0,1999.179543279092,1.0943912448700408,723,727,8,0,719,724,36791,4,0,0,4,3
2020-07-23,US,Nebraska,Douglas,9180,121,0,41.29518299,-96.15085305,31055.0,1606.7856061414914,1.3180827886710242,9059,9022,117,0,8905,8900,566880,158,4,0,154,122
2020-07-23,US,Nebraska,Dundy,1,0,0,40.17638677,-101.6876522,31057.0,59.06674542232722,0.0,1,1,0,0,1,1,1770,0,0,0,0,0
2020-07-23,US,Nebraska,Fillmore,21,1,0,40.52458567,-97.59646937,31059.0,384.4745514463567,4.761904761904762,20,21,1,0,20,20,5527,0,0,0,0,1
2020-07-23,US,Nebraska,Franklin,8,0,0,40.17636348,-98.95299073,31061.0,268.5464921114468,0.0,8,8,0,0,8,8,3023,0,0,0,0,0
2020-07-23,US,Nebraska,Frontier,3,0,0,40.52993007,-100.3924658,31063.0,114.19870574800152,0.0,3,3,0,0,3,3,2608,0,0,0,0,0
2020-07-23,US,Nebraska,Furnas,12,1,0,40.17642064,-99.91247454,31065.0,256.6295979469632,8.333333333333334,11,12,1,0,11,12,4715,0,0,0,0,0
2020-07-23,US,Nebraska,Gage,72,4,0,40.26186809,-96.68946704,31067.0,334.6813554594896,5.5555555555555545,68,71,4,0,67,70,21493,1,0,0,1,1
2020-07-23,US,Nebraska,Garden,4,0,0,41.61703149,-102.3313973,31069.0,217.74632553075668,0.0,4,4,0,0,4,4,1897,0,0,0,0,0
2020-07-23,US,Nebraska,Garfield,3,0,0,41.91428955,-98.99111827,31071.0,152.36160487557137,0.0,3,3,0,0,3,3,1987,0,0,0,0,0
2020-07-23,US,Nebraska,Gosper,13,0,0,40.51481965,-99.83020279,31073.0,653.2663316582915,0.0,13,13,0,0,13,13,1996,0,0,0,0,0
2020-07-23,US,Nebraska,Greeley,7,0,0,41.56742671,-98.52150266,31077.0,297.11375212224107,0.0,7,6,0,0,6,6,2356,1,0,0,1,0
2020-07-23,US,Nebraska,Hall,1662,46,0,40.87257079,-98.50218293,31079.0,2708.913989535964,2.7677496991576414,1616,1658,47,0,1611,1657,61607,4,-1,0,5,1
2020-07-23,US,Nebraska,Hamilton,84,12,0,40.87349452,-98.02099117,31081.0,900.9009009009008,14.285714285714285,72,81,12,0,69,80,9280,3,0,0,3,1
2020-07-23,US,Nebraska,Harlan,1,0,0,40.17658508,-99.40438879,31083.0,29.58579881656805,0.0,1,1,0,0,1,1,3401,0,0,0,0,0
2020-07-23,US,Nebraska,Hitchcock,1,0,0,40.17609175,-101.04164770000001,31087.0,36.205648081100655,0.0,1,1,0,0,1,1,2806,0,0,0,0,0
2020-07-23,US,Nebraska,Holt,6,0,0,42.45522056,-98.78402558,31089.0,59.600675474322045,0.0,6,4,0,0,4,4,10178,2,0,0,2,0
2020-07-23,US,Nebraska,Hooker,4,0,0,41.91586243,-101.1354293,31091.0,586.5102639296188,0.0,4,4,0,0,4,4,682,0,0,0,0,0
2020-07-23,US,Nebraska,Howard,51,4,0,41.2200529,-98.5166499,31093.0,791.311093871218,7.84313725490196,47,51,4,0,47,51,6468,0,0,0,0,0
2020-07-23,US,Nebraska,Jefferson,13,0,0,40.17584531,-97.142601,31095.0,184.50184501845013,0.0,13,12,0,0,12,12,7097,1,0,0,1,0
2020-07-23,US,Nebraska,Johnson,10,0,0,40.39257596,-96.26522753,31097.0,197.199763360284,0.0,10,10,0,0,10,9,5134,0,0,0,0,1
2020-07-23,US,Nebraska,Kearney,20,0,0,40.50663314,-98.94877182,31099.0,307.92917628945344,0.0,20,20,0,0,20,20,6544,0,0,0,0,0
2020-07-23,US,Nebraska,Keith,11,0,0,41.19930341,-101.66201640000001,31101.0,136.91809808314662,0.0,11,10,0,0,10,10,8021,1,0,0,1,0
2020-07-23,US,Nebraska,Kimball,15,0,0,41.19774275,-103.7148131,31105.0,412.9955947136564,0.0,15,15,0,0,15,15,3618,0,0,0,0,0
2020-07-23,US,Nebraska,Knox,27,0,0,42.63758421,-97.89178836,31107.0,324.0518482957273,0.0,27,26,0,0,26,26,8419,1,0,0,1,0
2020-07-23,US,Nebraska,Lancaster,2661,14,0,40.78416049,-96.68777155,31109.0,833.9339998119651,0.5261180007515971,2647,2605,14,0,2591,2541,317272,56,0,0,56,64
2020-07-23,US,Nebraska,Lincoln,74,2,0,41.04658298,-100.74753740000001,31111.0,211.9493612877356,2.702702702702702,72,69,2,0,67,68,35185,5,0,0,5,1
2020-07-23,US,Nebraska,Madison,394,5,0,41.91676024,-97.6005481,31119.0,1122.5391036781675,1.269035532994924,389,394,5,0,389,393,35392,0,0,0,0,1
2020-07-23,US,Nebraska,McPherson,4,0,0,41.56797682,-101.05993620000001,31117.0,809.7165991902832,0.0,4,4,0,0,4,4,492,0,0,0,0,0
2020-07-23,US,Nebraska,Merrick,42,0,0,41.16624273,-98.0374887,31121.0,541.5860735009671,0.0,42,41,0,0,41,41,7733,1,0,0,1,0
2020-07-23,US,Nebraska,Morrill,55,0,0,41.71711774,-103.0061405,31123.0,1184.8341232227488,0.0,55,55,0,0,55,55,4686,0,0,0,0,0
2020-07-23,US,Nebraska,Nance,6,0,0,41.39750195,-97.99327291,31125.0,170.50298380221653,0.0,6,6,0,0,6,6,3532,0,0,0,0,0
2020-07-23,US,Nebraska,Nemaha,10,0,0,40.38514847,-95.85433992,31127.0,143.4308663224326,0.0,10,10,0,0,10,10,6958,0,0,0,0,0
2020-07-23,US,Nebraska,Nuckolls,5,0,0,40.17637905,-98.04743961,31129.0,120.54001928640308,0.0,5,5,0,0,5,5,4195,0,0,0,0,0
2020-07-23,US,Nebraska,Otoe,38,0,0,40.64843556,-96.13374142,31131.0,237.32200849362977,0.0,38,36,0,0,36,35,15985,2,0,0,2,1
2020-07-23,US,Nebraska,Pawnee,2,0,0,40.13141096,-96.23705437,31133.0,76.54037504783773,0.0,2,1,0,0,1,1,2632,1,0,0,1,0
2020-07-23,US,Nebraska,Perkins,8,0,0,40.85082525,-101.6502942,31135.0,276.7208578346593,0.0,8,8,0,0,8,8,2929,0,0,0,0,0
2020-07-23,US,Nebraska,Phelps,32,0,0,40.51156033,-99.41461667,31137.0,354.21740092982066,0.0,32,32,0,0,32,32,8996,0,0,0,0,0
2020-07-23,US,Nebraska,Pierce,17,0,0,42.26434853,-97.60122773,31139.0,237.82876329043086,0.0,17,17,0,0,17,16,7142,0,0,0,0,1
2020-07-23,US,Nebraska,Platte,724,3,0,41.57246836,-97.52144359,31141.0,2163.131162234837,0.4143646408839779,721,721,3,0,718,715,33363,3,0,0,3,6
2020-07-23,US,Nebraska,Polk,19,0,0,41.18813488,-97.56630712,31143.0,364.4734318051026,0.0,19,17,0,0,17,16,5278,2,0,0,2,1
2020-07-23,US,Nebraska,Red Willow,12,0,0,40.17556879999999,-100.476998,31145.0,111.89854531891085,0.0,12,11,0,0,11,11,10726,1,0,0,1,0
2020-07-23,US,Nebraska,Richardson,16,1,0,40.1247415,-95.71755036,31147.0,203.432930705658,6.25,15,11,1,0,10,11,7937,5,0,0,5,0
2020-07-23,US,Nebraska,Rock,2,0,0,42.42252217,-99.44832069,31149.0,147.38393515106853,0.0,2,2,0,0,2,2,1360,0,0,0,0,0
2020-07-23,US,Nebraska,Saline,563,2,0,40.52418865,-97.14085859,31151.0,3958.0989876265467,0.3552397868561279,561,560,2,0,558,559,14350,3,0,0,3,1
2020-07-23,US,Nebraska,Sarpy,1649,8,0,41.11314181,-96.11156432,31153.0,880.8948909164726,0.4851425106124924,1641,1612,8,0,1604,1569,184459,37,0,0,37,43
2020-07-23,US,Nebraska,Saunders,108,2,0,41.227810299999994,-96.63773905,31155.0,500.5097784780795,1.851851851851852,106,107,2,0,105,105,21303,1,0,0,1,2
2020-07-23,US,Nebraska,Scotts Bluff,269,6,0,41.85070896,-103.70809859999999,31157.0,755.2361165702735,2.2304832713754648,263,265,5,0,260,258,35989,4,1,0,3,7
2020-07-23,US,Nebraska,Seward,61,1,0,40.87241834,-97.139673,31159.0,352.9275630641055,1.639344262295082,60,61,1,0,60,59,17318,0,0,0,0,2
2020-07-23,US,Nebraska,Sheridan,8,0,0,42.50284406,-102.4126613,31161.0,152.49714067861228,0.0,8,8,0,0,8,8,5190,0,0,0,0,0
2020-07-23,US,Nebraska,Sherman,5,0,0,41.22045983,-98.97588642,31163.0,166.61112962345885,0.0,5,5,0,0,5,5,3038,0,0,0,0,0
2020-07-23,US,Nebraska,Sioux,5,0,0,42.48932059,-103.7576544,31165.0,428.8164665523156,0.0,5,5,0,0,5,6,1187,0,0,0,0,-1
2020-07-23,US,Nebraska,Stanton,23,0,0,41.9169835,-97.19394708,31167.0,388.5135135135135,0.0,23,23,0,0,23,23,5970,0,0,0,0,0
2020-07-23,US,Nebraska,Thayer,23,0,0,40.17626377,-97.59504381,31169.0,459.7241655006996,0.0,23,22,0,0,22,21,5039,1,0,0,1,1
2020-07-23,US,Nebraska,Thomas,1,0,0,41.91358968,-100.5556632,31171.0,138.50415512465375,0.0,1,1,0,0,1,1,720,0,0,0,0,0
2020-07-23,US,Nebraska,Thurston,182,2,0,42.15725356,-96.54157099,31173.0,2519.3798449612405,1.0989010989010992,180,181,2,0,179,183,7303,1,0,0,1,-2
2020-07-23,US,Nebraska,Unassigned,130,2,0,0.0,0.0,90031.0,0.0,1.5384615384615383,128,127,2,0,125,120,,3,0,0,3,7
2020-07-23,US,Nebraska,Valley,9,0,0,41.56730777,-98.98197724,31175.0,216.4502164502165,0.0,9,9,0,0,9,9,4190,0,0,0,0,0
2020-07-23,US,Nebraska,Washington,80,1,0,41.52815707,-96.22019892,31177.0,385.9327512181002,1.25,79,79,1,0,78,78,20667,1,0,0,1,1
2020-07-23,US,Nebraska,Wayne,35,0,0,42.20934475,-97.11926964,31179.0,372.9355354288759,0.0,35,35,0,0,35,35,9403,0,0,0,0,0
2020-07-23,US,Nebraska,Webster,9,0,0,40.17642643,-98.50019851,31181.0,258.1015199311729,0.0,9,9,0,0,9,9,3533,0,0,0,0,0
2020-07-23,US,Nebraska,York,61,0,0,40.87272618,-97.59710186,31185.0,445.9390306308941,0.0,61,61,0,0,61,60,13772,0,0,0,0,1
2020-07-23,US,Nevada,Carson City,267,7,0,39.15509045,-119.7480219,32510.0,477.5019672365692,2.621722846441948,260,260,7,0,253,258,55414,7,0,0,7,2
2020-07-23,US,Nevada,Churchill,37,1,0,39.58105744,-118.3394607,32001.0,148.5406881047011,2.702702702702702,36,36,1,0,35,35,24440,1,0,0,1,1
2020-07-23,US,Nevada,Clark,34209,580,0,36.21458855,-115.0130241,32003.0,1509.1884070119092,1.6954602589961707,33629,33057,577,0,32480,32025,2231647,1152,3,0,1149,1032
2020-07-23,US,Nevada,Douglas,112,0,0,38.912862,-119.61713329999999,32005.0,229.01543809426445,0.0,112,109,0,0,109,106,48467,3,0,0,3,3
2020-07-23,US,Nevada,Elko,350,2,0,41.14531606,-115.3577619,32007.0,663.1551025048316,0.5714285714285714,348,343,2,0,341,341,52460,7,0,0,7,2
2020-07-23,US,Nevada,Eureka,2,0,0,39.98100864,-116.26832040000001,32011.0,98.57072449482504,0.0,2,2,0,0,2,2,2003,0,0,0,0,0
2020-07-23,US,Nevada,Humboldt,91,4,0,41.40692186,-118.11094270000001,32013.0,540.6690036242646,4.395604395604397,87,91,4,0,87,92,16786,0,0,0,0,-1
2020-07-23,US,Nevada,Lander,47,0,0,39.933223299999995,-117.03970749999999,32015.0,849.6023138105568,0.0,47,47,0,0,47,47,5575,0,0,0,0,0
2020-07-23,US,Nevada,Lincoln,3,0,0,37.64268459,-114.8790388,32017.0,57.88153579008296,0.0,3,3,0,0,3,3,5201,0,0,0,0,0
2020-07-23,US,Nevada,Lyon,162,2,0,39.01777974,-119.18704790000001,32019.0,281.6901408450704,1.2345679012345678,160,161,2,0,159,159,55808,1,0,0,1,2
2020-07-23,US,Nevada,Mineral,11,0,0,38.53841696,-118.4344506,32021.0,244.173140954495,0.0,11,10,0,0,10,10,4514,1,0,0,1,0
2020-07-23,US,Nevada,Nye,270,7,0,38.04264256,-116.47227020000001,32023.0,580.3581024439525,2.592592592592593,263,270,5,0,265,251,45346,0,2,0,-2,19
2020-07-23,US,Nevada,Pershing,13,0,0,40.44003782,-118.40056409999998,32027.0,193.3085501858736,0.0,13,13,0,0,13,13,6666,0,0,0,0,0
2020-07-23,US,Nevada,Storey,2,0,0,39.44875482,-119.5250207,32029.0,48.508367693427104,0.0,2,2,0,0,2,2,4029,0,0,0,0,0
2020-07-23,US,Nevada,Washoe,4332,105,0,40.66562265,-119.6631594,32031.0,918.7328612420707,2.4238227146814406,4227,4242,105,0,4137,4173,465735,90,0,0,90,69
2020-07-23,US,Nevada,White Pine,11,1,0,39.44157041,-114.89996599999999,32033.0,114.82254697286012,9.090909090909092,10,11,1,0,10,11,9475,0,0,0,0,0
2020-07-23,US,New Hampshire,Belknap,98,4,0,43.51637314,-71.41684235,33001.0,159.86167071758317,4.081632653061225,94,98,4,0,94,97,61022,0,0,0,0,1
2020-07-23,US,New Hampshire,Carroll,77,1,0,43.87498583,-71.20430216,33003.0,157.43201799223058,1.2987012987012987,76,76,1,0,75,73,48779,1,0,0,1,3
2020-07-23,US,New Hampshire,Cheshire,80,2,0,42.92015988,-72.25311043,33005.0,105.14556088585137,2.5,78,80,2,0,78,80,76493,0,0,0,0,0
2020-07-23,US,New Hampshire,Coos,14,0,0,44.69063265,-71.30633239,33007.0,44.355732978487474,0.0,14,14,0,0,14,14,31589,0,0,0,0,0
2020-07-23,US,New Hampshire,Grafton,98,1,0,43.93779815,-71.82057197,33009.0,109.02698974256279,1.020408163265306,97,99,1,0,98,99,89786,-1,0,0,-1,0
2020-07-23,US,New Hampshire,Hillsborough,3590,270,0,42.91537785,-71.7200253,33011.0,860.8596606918051,7.520891364902508,3320,3575,267,0,3308,3557,415247,15,3,0,12,18
2020-07-23,US,New Hampshire,Merrimack,444,20,0,43.29662971,-71.6811573,33013.0,293.28031388920084,4.504504504504505,424,443,20,0,423,441,151132,1,0,0,1,2
2020-07-23,US,New Hampshire,Rockingham,1569,93,0,42.98499744,-71.12883377,33015.0,506.5064612662985,5.927342256214149,1476,1562,93,0,1469,1556,309176,7,0,0,7,6
2020-07-23,US,New Hampshire,Strafford,310,13,0,43.291833000000004,-71.02336013,33017.0,237.306040586988,4.193548387096774,297,310,13,0,297,307,130090,0,0,0,0,3
2020-07-23,US,New Hampshire,Sullivan,38,1,0,43.36094111,-72.22203125,33019.0,88.07305428081398,2.631578947368421,37,38,1,0,37,38,43144,0,0,0,0,0
2020-07-23,US,New Jersey,Atlantic,3169,240,0,39.47538693,-74.65848483,34001.0,1201.8811393029166,7.573366992742191,2929,3161,240,0,2921,3148,265429,8,0,0,8,13
2020-07-23,US,New Jersey,Bergen,20133,2034,0,40.96010917,-74.07164325,34003.0,2159.725038135512,10.102816271792578,18099,20099,2031,0,18068,20052,936692,34,3,0,31,47
2020-07-23,US,New Jersey,Burlington,5502,468,0,39.87681124,-74.66927768,34005.0,1235.4355797363417,8.505997818974919,5034,5490,467,0,5023,5478,445384,12,1,0,11,12
2020-07-23,US,New Jersey,Camden,7910,564,0,39.80343818,-74.96388753,34007.0,1561.7873481403674,7.130214917825537,7346,7888,563,0,7325,7867,507078,22,1,0,21,21
2020-07-23,US,New Jersey,Cape May,767,86,0,39.15008829,-74.80170244,34009.0,833.3423874661827,11.212516297262061,681,762,85,0,677,760,92560,5,1,0,4,2
2020-07-23,US,New Jersey,Cumberland,3100,154,0,39.37199394,-75.10712559,34011.0,2073.2041704842604,4.967741935483871,2946,3095,154,0,2941,3088,150972,5,0,0,5,7
2020-07-23,US,New Jersey,Essex,19198,2094,0,40.78681335,-74.24657979,34013.0,2402.828624174724,10.907386186061046,17104,19173,2089,0,17084,19153,799767,25,5,0,20,20
2020-07-23,US,New Jersey,Gloucester,2894,200,0,39.71581067,-75.13995546,34015.0,992.3329081457707,6.91085003455425,2694,2870,199,0,2671,2855,291408,24,1,0,23,15
2020-07-23,US,New Jersey,Hudson,19289,1494,0,40.73766234,-74.07515667,34017.0,2868.7177549967205,7.745347089014463,17795,19281,1491,0,17790,19267,676061,8,3,0,5,14
2020-07-23,US,New Jersey,Hunterdon,1102,126,0,40.56335249,-74.91284156,34019.0,886.0586471122687,11.433756805807624,976,1102,126,0,976,1101,124714,0,0,0,0,1
2020-07-23,US,New Jersey,Mercer,7869,608,0,40.28047017,-74.70479631,34021.0,2141.6324197806384,7.7265217943830224,7261,7858,608,0,7250,7839,369811,11,0,0,11,19
2020-07-23,US,New Jersey,Middlesex,17442,1396,0,40.43629879,-74.41426991,34023.0,2114.0229461543495,8.003669303978901,16046,17379,1392,0,15987,17155,829685,63,4,0,59,224
2020-07-23,US,New Jersey,Monmouth,9748,851,0,40.26549699,-74.22240686,34025.0,1575.3197747234549,8.729995896594174,8897,9720,851,0,8869,9683,621354,28,0,0,28,37
2020-07-23,US,New Jersey,Morris,7016,827,0,40.86095313,-74.54553709999998,34027.0,1426.465654830282,11.787343215507413,6189,7010,825,0,6185,6990,494228,6,2,0,4,20
2020-07-23,US,New Jersey,Ocean,10074,1012,0,39.8895449,-74.28089251,34029.0,1659.129163057119,10.04566210045662,9062,10054,1011,0,9043,9988,601651,20,1,0,19,66
2020-07-23,US,New Jersey,Passaic,17214,1238,0,41.03238628,-74.29954144,34031.0,3430.2726443030056,7.191820611130475,15976,17196,1238,0,15958,17181,503310,18,0,0,18,15
2020-07-23,US,New Jersey,Salem,843,81,0,39.58719656,-75.34696629999998,34033.0,1351.2863669151238,9.608540925266905,762,841,81,0,760,837,62607,2,0,0,2,4
2020-07-23,US,New Jersey,Somerset,5094,550,0,40.56465737,-74.61683016,34035.0,1548.6389366863864,10.797016097369454,4544,5082,550,0,4532,5072,331164,12,0,0,12,10
2020-07-23,US,New Jersey,Sussex,1259,195,0,41.13891592,-74.69118243,34037.0,896.1619497750697,15.488482922954724,1064,1256,195,0,1061,1253,140799,3,0,0,3,3
2020-07-23,US,New Jersey,Unassigned,671,0,0,0.0,0.0,90034.0,0.0,0.0,671,682,0,0,682,688,,-11,0,0,-11,-6
2020-07-23,US,New Jersey,Union,16297,1343,0,40.65835409,-74.30680092,34039.0,2929.3185294630453,8.240780511750629,14954,16351,1342,0,15009,16515,558067,-54,1,0,-55,-164
2020-07-23,US,New Jersey,Warren,1296,169,0,40.85951833,-74.99556527,34041.0,1231.1550628402065,13.040123456790125,1127,1295,169,0,1126,1286,105779,1,0,0,1,9
2020-07-23,US,New Mexico,Bernalillo,4131,106,0,35.05163625,-106.6703554,35001.0,608.2862994959661,2.5659646574679256,4025,4005,104,0,3901,3920,678701,126,2,0,124,85
2020-07-23,US,New Mexico,Catron,4,1,0,33.91514144,-108.4046587,35003.0,113.41083073433514,25.0,3,4,1,0,3,4,3578,0,0,0,0,0
2020-07-23,US,New Mexico,Chaves,235,4,0,33.36406072,-104.4665365,35005.0,363.69264102762514,1.702127659574468,231,229,4,0,225,223,64689,6,0,0,6,6
2020-07-23,US,New Mexico,Cibola,283,17,0,34.91131525,-107.998876,35006.0,1060.9184629803187,6.007067137809187,266,278,17,0,261,271,26746,5,0,0,5,7
2020-07-23,US,New Mexico,Colfax,11,1,0,36.60569702,-104.64726740000002,35007.0,92.11958797420652,9.090909090909092,10,11,1,0,10,11,12110,0,0,0,0,0
2020-07-23,US,New Mexico,Curry,335,1,0,34.57421077,-103.34688759999999,35009.0,684.3158883850145,0.29850746268656714,334,328,1,0,327,327,49437,7,0,0,7,1
2020-07-23,US,New Mexico,Dona Ana,1864,15,0,32.35275771,-106.83293870000001,35013.0,854.2817204793878,0.8047210300429185,1849,1838,14,0,1824,1786,217522,26,1,0,25,52
2020-07-23,US,New Mexico,Eddy,207,2,0,32.47167456,-104.3053527,35015.0,354.0882654806705,0.966183574879227,205,202,2,0,200,196,57900,5,0,0,5,6
2020-07-23,US,New Mexico,Grant,63,1,0,32.73911281,-108.3827845,35017.0,233.3506185643381,1.5873015873015872,62,59,1,0,58,55,27346,4,0,0,4,4
2020-07-23,US,New Mexico,Guadalupe,27,0,0,34.86319296,-104.790669,35019.0,627.9069767441861,0.0,27,26,0,0,26,26,4341,1,0,0,1,0
2020-07-23,US,New Mexico,Harding,1,0,0,35.85751555,-103.82209379999999,35021.0,160.0,0.0,1,1,0,0,1,1,655,0,0,0,0,0
2020-07-23,US,New Mexico,Hidalgo,84,0,0,31.91383467,-108.7151824,35023.0,2000.9528346831823,0.0,84,81,0,0,81,80,4240,3,0,0,3,1
2020-07-23,US,New Mexico,Lea,465,2,0,32.79215361,-103.4123733,35025.0,654.2845082313213,0.4301075268817205,463,431,1,0,430,411,69611,34,1,0,33,20
2020-07-23,US,New Mexico,Lincoln,47,1,0,33.74526079,-105.4586166,35027.0,240.13897404455346,2.127659574468085,46,44,1,0,43,41,19556,3,0,0,3,3
2020-07-23,US,New Mexico,Los Alamos,16,0,0,35.86631386,-106.31349850000001,35028.0,82.60622644431824,0.0,16,16,0,0,16,16,19101,0,0,0,0,0
2020-07-23,US,New Mexico,Luna,175,3,0,32.18179341,-107.75088259999998,35029.0,738.1163271331562,1.7142857142857142,172,168,3,0,165,165,23963,7,0,0,7,3
2020-07-23,US,New Mexico,McKinley,3844,209,0,35.58007720000001,-108.262245,35031.0,5386.242941415499,5.437044745057231,3635,3818,208,0,3610,3783,72290,26,1,0,25,35
2020-07-23,US,New Mexico,Mora,6,0,0,36.01095101,-104.9497716,35033.0,132.71400132713998,0.0,6,6,0,0,6,3,4506,0,0,0,0,3
2020-07-23,US,New Mexico,Otero,127,10,0,32.61348406,-105.7417604,35035.0,188.17602607793748,7.874015748031495,117,120,10,0,110,113,66781,7,0,0,7,7
2020-07-23,US,New Mexico,Quay,28,1,0,35.10403332,-103.54817270000001,35037.0,339.2705682782019,3.571428571428572,27,28,1,0,27,26,8253,0,0,0,0,2
2020-07-23,US,New Mexico,Rio Arriba,261,1,0,36.51072137,-106.69316740000001,35039.0,670.5891421083734,0.3831417624521073,260,256,1,0,255,251,39006,5,0,0,5,5
2020-07-23,US,New Mexico,Roosevelt,101,1,0,34.02097406,-103.4799493,35041.0,545.9459459459459,0.99009900990099,100,95,1,0,94,92,18743,6,0,0,6,3
2020-07-23,US,New Mexico,San Juan,2890,176,0,36.50838318,-108.32043700000001,35045.0,2331.4348408331853,6.089965397923876,2714,2869,176,0,2693,2861,125043,21,0,0,21,8
2020-07-23,US,New Mexico,San Miguel,35,0,0,35.48014807,-104.8163562,35047.0,128.3132309271547,0.0,35,36,0,0,36,34,27591,-1,0,0,-1,2
2020-07-23,US,New Mexico,Sandoval,972,32,0,35.68862401,-106.86878030000001,35043.0,662.3599640199526,3.2921810699588483,940,957,32,0,925,942,145179,15,0,0,15,15
2020-07-23,US,New Mexico,Santa Fe,462,3,0,35.50708973,-105.9774716,35049.0,307.2666569121696,0.6493506493506493,459,456,3,0,453,436,150056,6,0,0,6,20
2020-07-23,US,New Mexico,Sierra,22,0,0,33.13028233,-107.1925893,35051.0,203.8735983690112,0.0,22,21,0,0,21,21,10968,1,0,0,1,0
2020-07-23,US,New Mexico,Socorro,68,5,0,34.00715494,-106.9298354,35053.0,408.72753501232194,7.352941176470589,63,67,5,0,62,67,16735,1,0,0,1,0
2020-07-23,US,New Mexico,Taos,81,1,0,36.58006022,-105.63101979999999,35055.0,247.5323167191272,1.2345679012345678,80,74,1,0,73,71,32835,7,0,0,7,3
2020-07-23,US,New Mexico,Torrance,52,1,0,34.64048375,-105.8508949,35057.0,336.33012094948583,1.9230769230769231,51,51,1,0,50,51,15591,1,0,0,1,0
2020-07-23,US,New Mexico,Unassigned,964,0,0,0.0,0.0,90035.0,0.0,0.0,964,961,0,0,961,955,,3,0,0,3,6
2020-07-23,US,New Mexico,Union,17,0,0,36.48126404,-103.4709624,35059.0,418.82237004188215,0.0,17,14,0,0,14,14,4118,3,0,0,3,0
2020-07-23,US,New Mexico,Valencia,285,2,0,34.71669834,-106.8103733,35061.0,371.63571875651985,0.7017543859649122,283,278,2,0,276,264,76456,7,0,0,7,14
2020-07-23,US,New York,Albany,2401,122,0,42.60060306,-73.97723916,36001.0,785.9092783775114,5.081216159933361,2279,2369,122,0,2247,2351,307117,32,0,0,32,18
2020-07-23,US,New York,Allegany,72,1,0,42.25748406,-78.02750466,36003.0,156.21270963962596,1.3888888888888888,71,72,1,0,71,72,46430,0,0,0,0,0
2020-07-23,US,New York,Broome,934,62,0,42.15903158,-75.81326086,36007.0,490.3196001847886,6.638115631691649,872,930,62,0,868,917,191659,4,0,0,4,13
2020-07-23,US,New York,Cattaraugus,148,6,0,42.24778241,-78.67923096,36009.0,194.4375106743566,4.0540540540540535,142,147,6,0,141,147,76840,1,0,0,1,0
2020-07-23,US,New York,Cayuga,135,2,0,42.91261714,-76.55731592,36011.0,176.29544504805682,1.4814814814814814,133,134,2,0,132,131,77145,1,0,0,1,3
2020-07-23,US,New York,Chautauqua,212,7,0,42.22769210000001,-79.36691763,36013.0,167.0567283673357,3.30188679245283,205,210,7,0,203,206,127939,2,0,0,2,4
2020-07-23,US,New York,Chemung,157,2,0,42.13891056,-76.7638805,36015.0,188.12308282208588,1.2738853503184713,155,156,2,0,154,155,84254,1,0,0,1,1
2020-07-23,US,New York,Chenango,194,6,0,42.49430041,-75.60887553,36017.0,410.9560022877963,3.0927835051546397,188,191,6,0,185,188,47536,3,0,0,3,3
2020-07-23,US,New York,Clinton,114,4,0,44.74530905,-73.67875352,36019.0,141.6412996210474,3.5087719298245608,110,114,4,0,110,114,80695,0,0,0,0,0
2020-07-23,US,New York,Columbia,497,37,0,42.24819348,-73.63089095,36021.0,835.8419804577791,7.44466800804829,460,497,37,0,460,495,59916,0,0,0,0,2
2020-07-23,US,New York,Cortland,80,0,0,42.59509207,-76.07048931,36023.0,168.13433933713037,0.0,80,77,0,0,77,73,47823,3,0,0,3,4
2020-07-23,US,New York,Delaware,95,4,0,42.19837623,-74.96709306,36025.0,215.24866885691628,4.2105263157894735,91,93,4,0,89,93,44527,2,0,0,2,0
2020-07-23,US,New York,Dutchess,4400,153,0,41.76486060000001,-73.74356679,36027.0,1495.4897389010864,3.477272727272727,4247,4387,153,0,4234,4380,293718,13,0,0,13,7
2020-07-23,US,New York,Erie,8187,663,0,42.76249024,-78.73063652,36029.0,891.1485987839363,8.098204470502013,7524,8135,663,0,7472,8106,919719,52,0,0,52,29
2020-07-23,US,New York,Essex,54,0,0,44.11630765,-73.77297842,36031.0,146.40097600650668,0.0,54,54,0,0,54,51,37300,0,0,0,0,3
2020-07-23,US,New York,Franklin,42,0,0,44.59040891,-74.29926032,36033.0,83.96305625524771,0.0,42,42,0,0,42,42,50293,0,0,0,0,0
2020-07-23,US,New York,Fulton,268,24,0,43.11363907,-74.41798804,36035.0,502.0324822509039,8.955223880597012,244,267,24,0,243,267,53591,1,0,0,1,0
2020-07-23,US,New York,Genesee,260,5,0,43.0022601,-78.19135193,36037.0,453.9106145251397,1.9230769230769231,255,258,5,0,253,258,57511,2,0,0,2,0
2020-07-23,US,New York,Greene,273,18,0,42.275797,-74.12384884,36039.0,578.5369161651267,6.593406593406592,255,272,18,0,254,272,47491,1,0,0,1,0
2020-07-23,US,New York,Hamilton,6,0,0,43.66146647,-74.49721957,36041.0,135.8695652173913,0.0,6,6,0,0,6,6,4434,0,0,0,0,0
2020-07-23,US,New York,Herkimer,213,4,0,43.42034246,-74.96145307,36043.0,347.3637861021869,1.8779342723004693,209,211,4,0,207,208,61833,2,0,0,2,3
2020-07-23,US,New York,Jefferson,120,0,0,44.04200959,-75.94653457,36045.0,109.2557860043338,0.0,120,113,0,0,113,112,111755,7,0,0,7,1
2020-07-23,US,New York,Lewis,34,0,0,43.784415700000004,-75.44903992,36049.0,129.29723151810163,0.0,34,33,0,0,33,33,26447,1,0,0,1,0
2020-07-23,US,New York,Livingston,161,8,0,42.72596275,-77.77966158,36051.0,255.90488603490482,4.9689440993788825,153,161,8,0,153,160,63227,0,0,0,0,1
2020-07-23,US,New York,Madison,388,17,0,42.91653905,-75.67266639,36053.0,546.9333671642631,4.3814432989690735,371,388,17,0,371,387,70795,0,0,0,0,1
2020-07-23,US,New York,Monroe,4511,277,0,43.14638895,-77.69322942,36055.0,608.1399894846111,6.140545333628907,4234,4492,277,0,4215,4452,742474,19,0,0,19,40
2020-07-23,US,New York,Montgomery,145,4,0,42.90123494,-74.44011632,36057.0,294.5897076451108,2.7586206896551726,141,144,4,0,140,144,49455,1,0,0,1,0
2020-07-23,US,New York,Nassau,42816,2193,0,40.74066522,-73.58941873,36059.0,3155.372003148297,5.121917040358745,40623,42765,2193,0,40572,42729,1358343,51,0,0,51,36
2020-07-23,US,New York,New York City,222832,23463,0,40.76727260000001,-73.97152637,36061.0,2672.8666348319753,10.529457169526818,199369,222444,23428,0,199016,222094,1628701,388,35,0,353,350
2020-07-23,US,New York,Niagara,1405,96,0,43.19898042,-78.74777412,36063.0,671.3461804941683,6.832740213523133,1309,1395,96,0,1299,1388,210433,10,0,0,10,7
2020-07-23,US,New York,Oneida,1980,111,0,43.24375382,-75.43710392,36065.0,865.8728041596878,5.606060606060606,1869,1975,111,0,1864,1962,229577,5,0,0,5,13
2020-07-23,US,New York,Onondaga,3344,194,0,43.00491923,-76.19971155,36067.0,726.1230587499566,5.801435406698563,3150,3326,194,0,3132,3312,461809,18,0,0,18,14
2020-07-23,US,New York,Ontario,334,34,0,42.85145728,-77.30874425,36069.0,304.2531677856017,10.179640718562874,300,333,34,0,299,329,109864,1,0,0,1,4
2020-07-23,US,New York,Orange,10968,489,0,41.40337468,-74.30240757,36071.0,2849.2752117213067,4.458424507658644,10479,10960,489,0,10471,10953,381951,8,0,0,8,7
2020-07-23,US,New York,Orleans,288,54,0,43.2516977,-78.2320066,36073.0,713.7192704203012,18.75,234,288,54,0,234,288,40612,0,0,0,0,0
2020-07-23,US,New York,Oswego,234,3,0,43.42778894,-76.14635194,36075.0,199.78825859772547,1.2820512820512822,231,232,3,0,229,231,117898,2,0,0,2,1
2020-07-23,US,New York,Otsego,102,5,0,42.63492579,-75.03151402,36077.0,171.44874186879127,4.901960784313727,97,101,5,0,96,100,59749,1,0,0,1,1
2020-07-23,US,New York,Putnam,1397,63,0,41.42630093,-73.74965532,36079.0,1420.8706265256305,4.5096635647816745,1334,1394,63,0,1331,1393,98892,3,0,0,3,1
2020-07-23,US,New York,Rensselaer,669,30,0,42.71348136,-73.51089874,36083.0,421.51291001423937,4.484304932735426,639,668,30,0,638,658,159442,1,0,0,1,10
2020-07-23,US,New York,Rockland,13820,673,0,41.15027894,-74.02560498,36087.0,4242.0093987212595,4.869753979739508,13147,13812,673,0,13139,13806,325695,8,0,0,8,6
2020-07-23,US,New York,Saratoga,663,17,0,43.10904162,-73.86653895,36091.0,288.4326751151773,2.5641025641025643,646,650,17,0,633,646,230163,13,0,0,13,4
2020-07-23,US,New York,Schenectady,946,37,0,42.81668777,-74.05278291,36093.0,609.1475154379616,3.911205073995772,909,936,37,0,899,926,155350,10,0,0,10,10
2020-07-23,US,New York,Schoharie,66,0,0,42.58831742,-74.44339029999998,36095.0,212.910093873996,0.0,66,64,0,0,64,64,31097,2,0,0,2,0
2020-07-23,US,New York,Schuyler,20,0,0,42.39184015,-76.8773299,36097.0,112.31538159150897,0.0,20,20,0,0,20,20,17912,0,0,0,0,0
2020-07-23,US,New York,Seneca,80,0,0,42.78081007,-76.82497064,36099.0,235.1834430856068,0.0,80,80,0,0,80,80,34300,0,0,0,0,0
2020-07-23,US,New York,St. Lawrence,253,2,0,44.4976179,-75.06550039,36089.0,234.82457768702432,0.7905138339920948,251,250,2,0,248,247,108047,3,0,0,3,3
2020-07-23,US,New York,Steuben,284,42,0,42.2689144,-77.3829924,36101.0,297.7594648717223,14.788732394366198,242,283,42,0,241,283,95796,1,0,0,1,0
2020-07-23,US,New York,Suffolk,42715,1995,0,40.88320119,-72.8012172,36103.0,2892.7922979870673,4.670490460025752,40720,42621,1995,0,40626,42575,1481093,94,0,0,94,46
2020-07-23,US,New York,Sullivan,1475,48,0,41.71579493,-74.76394559,36105.0,1955.4035422632305,3.254237288135593,1427,1473,48,0,1425,1473,75498,2,0,0,2,0
2020-07-23,US,New York,Tioga,175,24,0,42.16852837,-76.30835812,36107.0,363.04794307408247,13.714285714285715,151,175,24,0,151,174,48560,0,0,0,0,1
2020-07-23,US,New York,Tompkins,213,0,0,42.44945765,-76.47229843,36109.0,208.4556664709336,0.0,213,209,0,0,209,209,102793,4,0,0,4,0
2020-07-23,US,New York,Ulster,1911,90,0,41.89027881,-74.26252104,36111.0,1076.177121521853,4.709576138147567,1821,1909,90,0,1819,1906,178599,2,0,0,2,3
2020-07-23,US,New York,Warren,290,33,0,43.56173026,-73.8433699,36113.0,453.5218316026523,11.379310344827585,257,288,33,0,255,288,64265,2,0,0,2,0
2020-07-23,US,New York,Washington,252,14,0,43.31153794,-73.43043448,36115.0,411.737794915365,5.5555555555555545,238,251,14,0,237,250,61197,1,0,0,1,1
2020-07-23,US,New York,Wayne,238,3,0,43.15494365,-77.02976528,36117.0,264.68560243777665,1.2605042016806722,235,236,3,0,233,232,90064,2,0,0,2,4
2020-07-23,US,New York,Westchester,35667,1443,0,41.16278376,-73.75741653,36119.0,3686.488765961141,4.04575658171419,34224,35636,1442,0,34194,35587,967612,31,1,0,30,49
2020-07-23,US,New York,Wyoming,108,5,0,42.70145109,-78.22199579,36121.0,270.95511678667305,4.62962962962963,103,108,5,0,103,107,40085,0,0,0,0,1
2020-07-23,US,New York,Yates,51,7,0,42.63505484,-77.10369919,36123.0,204.71239914903862,13.725490196078429,44,51,7,0,44,51,24841,0,0,0,0,0
2020-07-23,US,North Carolina,Alamance,1842,40,0,36.0434701,-79.39976137,37001.0,1086.6679645328566,2.1715526601520088,1802,1809,40,0,1769,1772,166436,33,0,0,33,37
2020-07-23,US,North Carolina,Alexander,235,2,0,35.922379600000006,-81.17751948,37003.0,626.7168040109875,0.851063829787234,233,225,2,0,223,221,37353,10,0,0,10,4
2020-07-23,US,North Carolina,Alleghany,55,0,0,36.49360862,-81.12857041,37005.0,493.84933105863337,0.0,55,54,0,0,54,54,11161,1,0,0,1,0
2020-07-23,US,North Carolina,Anson,271,2,0,34.97403241,-80.09953279,37007.0,1108.5658185388202,0.7380073800738007,269,267,2,0,265,267,24877,4,0,0,4,0
2020-07-23,US,North Carolina,Ashe,82,1,0,36.43296207,-81.49862729,37009.0,301.43734146969086,1.2195121951219512,81,79,1,0,78,79,27109,3,0,0,3,0
2020-07-23,US,North Carolina,Avery,65,0,0,36.07569796,-81.92308483,37011.0,370.2227031953068,0.0,65,65,0,0,65,56,17505,0,0,0,0,9
2020-07-23,US,North Carolina,Beaufort,224,1,0,35.48531943,-76.84325809,37013.0,476.6565944588671,0.44642857142857145,223,218,1,0,217,209,47079,6,0,0,6,9
2020-07-23,US,North Carolina,Bertie,191,4,0,36.0688473,-76.96545943,37015.0,1008.075157016942,2.094240837696335,187,190,4,0,186,181,19026,1,0,0,1,9
2020-07-23,US,North Carolina,Bladen,509,5,0,34.61296243,-78.56180059,37017.0,1555.528390685166,0.9823182711198428,504,509,5,0,504,493,33190,0,0,0,0,16
2020-07-23,US,North Carolina,Brunswick,1021,12,0,34.070565,-78.22814204,37019.0,714.8858703262848,1.1753183153770812,1009,992,12,0,980,987,136744,29,0,0,29,5
2020-07-23,US,North Carolina,Buncombe,1292,42,0,35.61113393,-82.53305,37021.0,494.65716659456115,3.2507739938080493,1250,1248,42,0,1206,1223,259103,44,0,0,44,25
2020-07-23,US,North Carolina,Burke,1419,25,0,35.74989637,-81.70755735,37023.0,1568.2157263634854,1.7618040873854828,1394,1360,24,0,1336,1337,90382,59,1,0,58,23
2020-07-23,US,North Carolina,Cabarrus,2050,37,0,35.3877799,-80.55267168,37025.0,947.087820450629,1.804878048780488,2013,2028,35,0,1993,1989,211342,22,2,0,20,39
2020-07-23,US,North Carolina,Caldwell,869,10,0,35.95204977,-81.54799522,37027.0,1057.4606342330064,1.150747986191024,859,835,9,0,826,809,82029,34,1,0,33,26
2020-07-23,US,North Carolina,Camden,50,2,0,36.33804939,-76.15568396,37029.0,460.1085856262078,4.0,48,48,2,0,46,47,10710,2,0,0,2,1
2020-07-23,US,North Carolina,Carteret,189,5,0,34.8932941,-76.54120135,37031.0,272.0481338073784,2.6455026455026456,184,188,5,0,183,188,69524,1,0,0,1,0
2020-07-23,US,North Carolina,Caswell,170,2,0,36.39312665,-79.33353281,37033.0,752.0792780038931,1.1764705882352942,168,168,2,0,166,168,22698,2,0,0,2,0
2020-07-23,US,North Carolina,Catawba,1624,20,0,35.66211129,-81.2132617,37035.0,1017.8563594085904,1.2315270935960592,1604,1574,17,0,1557,1568,158652,50,3,0,47,6
2020-07-23,US,North Carolina,Chatham,1128,47,0,35.70394416,-79.25541492,37037.0,1514.7039076138046,4.166666666666667,1081,1124,47,0,1077,1116,73139,4,0,0,4,8
2020-07-23,US,North Carolina,Cherokee,178,2,0,35.1349263,-84.05970864,37039.0,622.116594435901,1.1235955056179776,176,155,2,0,153,155,28383,23,0,0,23,0
2020-07-23,US,North Carolina,Chowan,72,0,0,36.12908077,-76.60118385,37041.0,516.3881517607401,0.0,72,72,0,0,72,65,14029,0,0,0,0,7
2020-07-23,US,North Carolina,Clay,44,0,0,35.05704275,-83.74353633,37043.0,391.7727717923605,0.0,44,41,0,0,41,41,11139,3,0,0,3,0
2020-07-23,US,North Carolina,Cleveland,753,13,0,35.33553364,-81.55204486,37045.0,768.7831174002266,1.7264276228419655,740,735,11,0,724,708,97645,18,2,0,16,27
2020-07-23,US,North Carolina,Columbus,725,40,0,34.26744084,-78.65801424,37047.0,1306.118037039706,5.517241379310344,685,714,40,0,674,713,55655,11,0,0,11,1
2020-07-23,US,North Carolina,Craven,555,8,0,35.11833364,-77.08398081,37049.0,543.3771624942481,1.4414414414414414,547,529,8,0,521,529,102912,26,0,0,26,0
2020-07-23,US,North Carolina,Cumberland,2142,48,0,35.04762133,-78.82623165,37051.0,638.4329481474416,2.2408963585434174,2094,2106,48,0,2058,2032,332330,36,0,0,36,74
2020-07-23,US,North Carolina,Currituck,57,0,0,36.36123664,-75.95876401,37053.0,205.30922450743802,0.0,57,56,0,0,56,52,27072,1,0,0,1,4
2020-07-23,US,North Carolina,Dare,163,1,0,35.66520691,-75.71767334,37055.0,440.4334080899241,0.6134969325153374,162,163,1,0,162,162,36501,0,0,0,0,1
2020-07-23,US,North Carolina,Davidson,1477,16,0,35.79115496,-80.21256572,37057.0,881.2175957138339,1.0832769126607988,1461,1457,16,0,1441,1447,166614,20,0,0,20,10
2020-07-23,US,North Carolina,Davie,294,4,0,35.93099927,-80.54496571,37059.0,686.1784063856602,1.3605442176870748,290,294,4,0,290,294,42733,0,0,0,0,0
2020-07-23,US,North Carolina,Duplin,1820,40,0,34.93449805,-77.93140529,37061.0,3098.346980814082,2.1978021978021984,1780,1807,35,0,1772,1787,58856,13,5,0,8,20
2020-07-23,US,North Carolina,Durham,5269,74,0,36.03638492,-78.87608331,37063.0,1638.9414223859055,1.4044410704118429,5195,5220,73,0,5147,5169,316739,49,1,0,48,51
2020-07-23,US,North Carolina,Edgecombe,477,10,0,35.91230639,-77.59436892,37065.0,926.7174386073982,2.0964360587002098,467,473,10,0,463,463,52005,4,0,0,4,10
2020-07-23,US,North Carolina,Forsyth,4402,41,0,36.12859861,-80.25459052,37067.0,1151.4667991995711,0.9313948205361199,4361,4343,41,0,4302,4297,379099,59,0,0,59,46
2020-07-23,US,North Carolina,Franklin,648,23,0,36.081519,-78.28708884,37069.0,929.8988304513167,3.5493827160493834,625,641,23,0,618,611,67560,7,0,0,7,30
2020-07-23,US,North Carolina,Gaston,2500,22,0,35.29373559,-81.17477045,37071.0,1113.441916189,0.88,2478,2432,22,0,2410,2359,222846,68,0,0,68,73
2020-07-23,US,North Carolina,Gates,35,2,0,36.44667547,-76.69749701,37073.0,302.71579311537795,5.7142857142857135,33,34,2,0,32,33,11573,1,0,0,1,1
2020-07-23,US,North Carolina,Graham,17,0,0,35.3506925,-83.83369267,37075.0,201.3979386328634,0.0,17,15,0,0,15,12,8484,2,0,0,2,3
2020-07-23,US,North Carolina,Granville,1059,25,0,36.30337451,-78.65184241,37077.0,1752.063927998279,2.3607176581680833,1034,1055,25,0,1030,1038,60115,4,0,0,4,17
2020-07-23,US,North Carolina,Greene,269,3,0,35.48544173,-77.67578087,37079.0,1276.7573211827805,1.1152416356877324,266,264,3,0,261,260,21012,5,0,0,5,4
2020-07-23,US,North Carolina,Guilford,4486,134,0,36.07959451,-79.78824948,37081.0,835.1111557893718,2.9870708872046365,4352,4412,134,0,4278,4314,533670,74,0,0,74,98
2020-07-23,US,North Carolina,Halifax,510,5,0,36.25669272,-77.6556109,37083.0,1019.7960407918416,0.9803921568627452,505,499,5,0,494,493,50574,11,0,0,11,6
2020-07-23,US,North Carolina,Harnett,953,34,0,35.36731853,-78.87243571,37085.0,700.8589751132553,3.5676810073452256,919,932,34,0,898,902,134214,21,0,0,21,30
2020-07-23,US,North Carolina,Haywood,200,0,0,35.55269063,-82.98196486,37087.0,320.9397114751994,0.0,200,192,0,0,192,192,61971,8,0,0,8,0
2020-07-23,US,North Carolina,Henderson,1210,52,0,35.33788927,-82.4766782,37089.0,1030.5151724196667,4.297520661157025,1158,1191,52,0,1139,1137,116748,19,0,0,19,54
2020-07-23,US,North Carolina,Hertford,219,11,0,36.3607755,-76.98104134,37091.0,924.9482620264392,5.0228310502283104,208,219,11,0,208,205,23659,0,0,0,0,14
2020-07-23,US,North Carolina,Hoke,582,7,0,35.01888303,-79.23651674,37093.0,1053.6988087047832,1.2027491408934707,575,577,7,0,570,555,54764,5,0,0,5,22
2020-07-23,US,North Carolina,Hyde,35,0,0,35.42017674,-76.15180542,37095.0,708.9325501316589,0.0,35,35,0,0,35,34,5230,0,0,0,0,1
2020-07-23,US,North Carolina,Iredell,1436,15,0,35.80950511,-80.8743128,37097.0,789.8529201456497,1.0445682451253482,1421,1399,13,0,1386,1385,178435,37,2,0,35,14
2020-07-23,US,North Carolina,Jackson,317,3,0,35.28814273,-83.14093385,37099.0,721.4711639127862,0.946372239747634,314,308,3,0,305,293,43327,9,0,0,9,15
2020-07-23,US,North Carolina,Johnston,2522,41,0,35.51745004,-78.36622717,37101.0,1204.744457554493,1.6256938937351308,2481,2490,41,0,2449,2437,202675,32,0,0,32,53
2020-07-23,US,North Carolina,Jones,44,3,0,35.02254606,-77.35870791,37103.0,467.1408854443147,6.8181818181818175,41,44,3,0,41,43,9637,0,0,0,0,1
2020-07-23,US,North Carolina,Lee,1037,9,0,35.47623147,-79.17569362,37105.0,1678.5639133038735,0.8678881388621023,1028,1037,8,0,1029,1006,61452,0,1,0,-1,31
2020-07-23,US,North Carolina,Lenoir,468,11,0,35.24032589999999,-77.64245615,37107.0,836.4760764267457,2.3504273504273505,457,462,11,0,451,459,55976,6,0,0,6,3
2020-07-23,US,North Carolina,Lincoln,611,2,0,35.48508185,-81.21740317,37109.0,709.5493026442615,0.3273322422258593,609,589,2,0,587,576,83770,22,0,0,22,13
2020-07-23,US,North Carolina,Macon,415,2,0,35.14867843,-83.41696617,37113.0,1157.3428523620946,0.4819277108433735,413,407,2,0,405,401,35285,8,0,0,8,6
2020-07-23,US,North Carolina,Madison,27,0,0,35.85402722,-82.71346418,37115.0,124.1094001378993,0.0,27,25,0,0,25,24,21763,2,0,0,2,1
2020-07-23,US,North Carolina,Martin,196,6,0,35.84326734,-77.10860251,37117.0,873.4402852049911,3.0612244897959178,190,192,6,0,186,190,22671,4,0,0,4,2
2020-07-23,US,North Carolina,McDowell,429,4,0,35.67736232,-82.0482425,37111.0,937.581956464726,0.9324009324009324,425,416,4,0,412,411,45507,13,0,0,13,5
2020-07-23,US,North Carolina,Mecklenburg,18403,181,0,35.24469268,-80.8317671,37119.0,1657.3963665707215,0.983535293158724,18222,18079,179,0,17900,17800,1093901,324,2,0,322,279
2020-07-23,US,North Carolina,Mitchell,90,1,0,36.01059309,-82.1582442,37121.0,601.4434643143544,1.1111111111111112,89,90,1,0,89,60,15000,0,0,0,0,30
2020-07-23,US,North Carolina,Montgomery,514,13,0,35.33155144,-79.90416657,37123.0,1891.583557207522,2.5291828793774314,501,514,13,0,501,472,27271,0,0,0,0,42
2020-07-23,US,North Carolina,Moore,755,18,0,35.30885257,-79.48474178,37125.0,748.4139571768437,2.384105960264901,737,755,18,0,737,720,98682,0,0,0,0,35
2020-07-23,US,North Carolina,Nash,806,10,0,35.96575634,-77.98422508,37127.0,854.7371100129378,1.2406947890818858,796,794,10,0,784,776,94016,12,0,0,12,18
2020-07-23,US,North Carolina,New Hanover,1991,14,0,34.25758282,-77.87075626,37129.0,849.1382803137249,0.7031642390758412,1977,1950,14,0,1936,1889,232274,41,0,0,41,61
2020-07-23,US,North Carolina,Northampton,279,16,0,36.41736238,-77.39769443,37131.0,1432.0176564184162,5.734767025089606,263,272,16,0,256,272,19676,7,0,0,7,0
2020-07-23,US,North Carolina,Onslow,702,9,0,34.72607366,-77.42908179,37133.0,354.6565086037042,1.2820512820512822,693,628,8,0,620,628,197683,74,1,0,73,0
2020-07-23,US,North Carolina,Orange,1137,45,0,36.06092947,-79.12167935,37135.0,765.7803281338397,3.9577836411609497,1092,1127,45,0,1082,1112,146027,10,0,0,10,15
2020-07-23,US,North Carolina,Pamlico,50,1,0,35.15253315,-76.66559823,37137.0,392.89643250039285,2.0,49,47,1,0,46,47,12670,3,0,0,3,0
2020-07-23,US,North Carolina,Pasquotank,281,17,0,36.26723798,-76.25134778,37139.0,705.6046605062274,6.049822064056939,264,278,17,0,261,271,39639,3,0,0,3,7
2020-07-23,US,North Carolina,Pender,538,3,0,34.52265624,-77.90352133,37141.0,853.1557247066286,0.5576208178438662,535,518,3,0,515,501,62162,20,0,0,20,17
2020-07-23,US,North Carolina,Perquimans,50,2,0,36.17847453,-76.40603143,37143.0,371.3882492757929,4.0,48,50,2,0,48,48,13422,0,0,0,0,2
2020-07-23,US,North Carolina,Person,159,1,0,36.38989032,-78.97217358,37145.0,402.6335781210434,0.6289308176100629,158,157,1,0,156,151,39507,2,0,0,2,6
2020-07-23,US,North Carolina,Pitt,1313,10,0,35.59535426,-77.37353178,37147.0,726.4498567018179,0.7616146230007617,1303,1293,10,0,1283,1239,179914,20,0,0,20,54
2020-07-23,US,North Carolina,Polk,121,5,0,35.27820615,-82.16812354,37149.0,583.864118895966,4.132231404958676,116,121,5,0,116,117,20611,0,0,0,0,4
2020-07-23,US,North Carolina,Randolph,1829,36,0,35.71015088,-79.80570339,37151.0,1273.0828930791345,1.9682886823400765,1793,1810,35,0,1775,1768,143351,19,1,0,18,42
2020-07-23,US,North Carolina,Richmond,418,8,0,35.00417719,-79.74491009,37153.0,932.4321309866381,1.9138755980861244,410,418,8,0,410,406,44887,0,0,0,0,12
2020-07-23,US,North Carolina,Robeson,2071,50,0,34.64244496,-79.10250529999998,37155.0,1585.4545454545455,2.4142926122646067,2021,2015,49,0,1966,1994,131831,56,1,0,55,21
2020-07-23,US,North Carolina,Rockingham,383,4,0,36.39593137,-79.77504841,37157.0,420.8328755081859,1.0443864229765014,379,375,4,0,371,363,90690,8,0,0,8,12
2020-07-23,US,North Carolina,Rowan,1794,45,0,35.64003916,-80.52446628,37159.0,1262.597826698947,2.508361204013378,1749,1778,45,0,1733,1744,141262,16,0,0,16,34
2020-07-23,US,North Carolina,Rutherford,529,13,0,35.40114178,-81.92112099,37161.0,789.2106401706723,2.457466918714556,516,524,13,0,511,473,66826,5,0,0,5,51
2020-07-23,US,North Carolina,Sampson,1351,8,0,34.98820368,-78.36914061,37163.0,2126.520911051298,0.5921539600296077,1343,1340,8,0,1332,1328,63626,11,0,0,11,12
2020-07-23,US,North Carolina,Scotland,215,2,0,34.8386299,-79.4757978,37165.0,617.4080349194497,0.9302325581395348,213,203,2,0,201,200,34810,12,0,0,12,3
2020-07-23,US,North Carolina,Stanly,723,8,0,35.31647813,-80.25093221,37167.0,1151.1639015380695,1.1065006915629323,715,723,8,0,715,685,62075,0,0,0,0,38
2020-07-23,US,North Carolina,Stokes,207,1,0,36.4017975,-80.23893369,37169.0,454.0369809830888,0.4830917874396135,206,202,1,0,201,200,45467,5,0,0,5,2
2020-07-23,US,North Carolina,Surry,712,4,0,36.41689489,-80.69102283,37171.0,991.8782998760154,0.5617977528089888,708,699,4,0,695,688,71948,13,0,0,13,11
2020-07-23,US,North Carolina,Swain,86,2,0,35.48665845,-83.48748932,37173.0,602.6206993202999,2.3255813953488373,84,86,2,0,84,84,14245,0,0,0,0,2
2020-07-23,US,North Carolina,Transylvania,101,1,0,35.20383864,-82.79638423,37175.0,293.7327322960593,0.99009900990099,100,98,1,0,97,98,34215,3,0,0,3,0
2020-07-23,US,North Carolina,Tyrrell,83,1,0,35.87147226,-76.17055253,37177.0,2066.733067729084,1.2048192771084338,82,80,1,0,79,78,4131,3,0,0,3,2
2020-07-23,US,North Carolina,Union,2356,34,0,34.98960527,-80.52955873,37179.0,982.2437348608977,1.4431239388794568,2322,2287,33,0,2254,2251,235908,69,1,0,68,36
2020-07-23,US,North Carolina,Vance,650,40,0,36.36880673,-78.40670845,37181.0,1459.5262153362523,6.153846153846153,610,650,40,0,610,638,44582,0,0,0,0,12
2020-07-23,US,North Carolina,Wake,9377,99,0,35.78879266,-78.65249174,37183.0,843.4366738894421,1.055774768049483,9278,9252,99,0,9153,9093,1092305,125,0,0,125,159
2020-07-23,US,North Carolina,Warren,214,6,0,36.39728256,-78.10652228,37185.0,1084.5877046272362,2.803738317757009,208,212,6,0,206,208,19807,2,0,0,2,4
2020-07-23,US,North Carolina,Washington,95,3,0,35.83810081,-76.57299037,37187.0,820.3799654576857,3.1578947368421053,92,89,3,0,86,80,11859,6,0,0,6,9
2020-07-23,US,North Carolina,Watauga,203,0,0,36.23103603,-81.70033724,37189.0,361.3578510778432,0.0,203,203,0,0,203,193,55945,0,0,0,0,10
2020-07-23,US,North Carolina,Wayne,2167,35,0,35.36438125,-78.00027268,37191.0,1759.9142376818186,1.6151361329026304,2132,2152,35,0,2117,2152,123248,15,0,0,15,0
2020-07-23,US,North Carolina,Wilkes,676,7,0,36.2084135,-81.16232895,37193.0,988.13073729755,1.0355029585798816,669,672,7,0,665,665,68557,4,0,0,4,7
2020-07-23,US,North Carolina,Wilson,1231,29,0,35.70625477,-77.917978,37195.0,1504.8715785870588,2.3558082859463845,1202,1200,29,0,1171,1174,81455,31,0,0,31,26
2020-07-23,US,North Carolina,Yadkin,434,6,0,36.16222629,-80.66239436,37197.0,1152.2021929009475,1.3824884792626728,428,430,6,0,424,415,37543,4,0,0,4,15
2020-07-23,US,North Carolina,Yancey,92,0,0,35.90079156,-82.31237181,37199.0,509.15933366539383,0.0,92,92,0,0,92,87,17903,0,0,0,0,5
2020-07-23,US,North Dakota,Barnes,27,0,0,46.93579637,-98.06605978,38003.0,259.24147863658186,0.0,27,28,0,0,28,27,10542,-1,0,0,-1,1
2020-07-23,US,North Dakota,Benson,38,1,0,48.0683985,-99.35916363,38005.0,556.2060889929743,2.631578947368421,37,32,1,0,31,27,6962,6,0,0,6,5
2020-07-23,US,North Dakota,Billings,1,0,0,47.02366884,-103.3762965,38007.0,107.75862068965515,0.0,1,1,0,0,1,1,919,0,0,0,0,0
2020-07-23,US,North Dakota,Bottineau,8,0,0,48.79106111,-100.8378166,38009.0,127.34797835084369,0.0,8,7,0,0,7,7,6411,1,0,0,1,0
2020-07-23,US,North Dakota,Bowman,5,0,0,46.11285362,-103.5203343,38011.0,165.34391534391534,0.0,5,3,0,0,3,1,3076,2,0,0,2,2
2020-07-23,US,North Dakota,Burke,11,0,0,48.79094471,-102.5182117,38013.0,520.0945626477542,0.0,11,11,0,0,11,8,2100,0,0,0,0,3
2020-07-23,US,North Dakota,Burleigh,680,3,0,46.97847375,-100.4645214,38015.0,711.1036747328133,0.4411764705882353,677,633,2,0,631,595,95273,47,1,0,46,38
2020-07-23,US,North Dakota,Cass,2734,75,0,46.93201724,-97.2444719,38017.0,1502.8336164201335,2.7432333577176298,2659,2715,75,0,2640,2673,181516,19,0,0,19,42
2020-07-23,US,North Dakota,Cavalier,26,0,0,48.77286211,-98.46685243,38019.0,691.1217437533228,0.0,26,25,0,0,25,24,3829,1,0,0,1,1
2020-07-23,US,North Dakota,Dickey,8,0,0,46.11017712,-98.5049008,38021.0,164.20361247947451,0.0,8,8,0,0,8,8,4903,0,0,0,0,0
2020-07-23,US,North Dakota,Divide,1,0,0,48.814938700000006,-103.4873611,38023.0,44.16961130742049,0.0,1,1,0,0,1,1,2283,0,0,0,0,0
2020-07-23,US,North Dakota,Dunn,26,0,0,47.35423935,-102.6160468,38025.0,587.7034358047016,0.0,26,27,0,0,27,27,4332,-1,0,0,-1,0
2020-07-23,US,North Dakota,Eddy,8,0,0,47.71701474,-98.90432337,38027.0,349.80323567992997,0.0,8,6,0,0,6,5,2313,2,0,0,2,1
2020-07-23,US,North Dakota,Emmons,10,1,0,46.28398398,-100.2389766,38029.0,308.5467448318421,10.0,9,10,1,0,9,9,3295,0,0,0,0,1
2020-07-23,US,North Dakota,Foster,3,0,0,47.4571084,-98.88279923,38031.0,93.45794392523364,0.0,3,3,0,0,3,3,3216,0,0,0,0,0
2020-07-23,US,North Dakota,Golden Valley,3,0,0,46.94022281,-103.8465421,38033.0,170.35775127768312,0.0,3,3,0,0,3,2,1769,0,0,0,0,1
2020-07-23,US,North Dakota,Grand Forks,560,4,0,47.92093639,-97.45450447,38035.0,806.3238830254422,0.7142857142857143,556,555,4,0,551,549,70770,5,0,0,5,6
2020-07-23,US,North Dakota,Grant,4,0,0,46.35821257,-101.6390013,38037.0,175.9014951627089,0.0,4,4,0,0,4,4,2374,0,0,0,0,0
2020-07-23,US,North Dakota,Griggs,4,0,0,47.45785838,-98.23850925,38039.0,179.2917974002689,0.0,4,4,0,0,4,4,2232,0,0,0,0,0
2020-07-23,US,North Dakota,Hettinger,6,0,0,46.43375068,-102.4632417,38041.0,240.09603841536614,0.0,6,6,0,0,6,6,2514,0,0,0,0,0
2020-07-23,US,North Dakota,Kidder,6,0,0,46.97830064,-99.77507857,38043.0,241.9354838709677,0.0,6,5,0,0,5,4,2450,1,0,0,1,1
2020-07-23,US,North Dakota,LaMoure,14,0,0,46.45681054,-98.53542355,38045.0,346.02076124567475,0.0,14,14,0,0,14,14,4062,0,0,0,0,0
2020-07-23,US,North Dakota,Logan,1,0,0,46.45729487,-99.47719806,38047.0,54.05405405405406,0.0,1,1,0,0,1,1,1903,0,0,0,0,0
2020-07-23,US,North Dakota,McHenry,12,1,0,48.23104458,-100.6324822,38049.0,208.87728459530032,8.333333333333334,11,11,1,0,10,11,5816,1,0,0,1,0
2020-07-23,US,North Dakota,McIntosh,11,0,0,46.11182017,-99.44145858,38051.0,440.5286343612335,0.0,11,11,0,0,11,11,2585,0,0,0,0,0
2020-07-23,US,North Dakota,McKenzie,61,0,0,47.74133370000001,-103.395905,38053.0,406.0170394036209,0.0,61,58,0,0,58,56,13632,3,0,0,3,2
2020-07-23,US,North Dakota,McLean,17,0,0,47.60766714,-101.3182418,38055.0,179.89417989417993,0.0,17,16,0,0,16,14,9541,1,0,0,1,2
2020-07-23,US,North Dakota,Mercer,14,0,0,47.31213126,-101.8318399,38057.0,171.0028093318676,0.0,14,14,0,0,14,13,8267,0,0,0,0,1
2020-07-23,US,North Dakota,Morton,198,3,0,46.71681782,-101.2822377,38059.0,631.29702844025,1.5151515151515151,195,187,3,0,184,175,31095,11,0,0,11,12
2020-07-23,US,North Dakota,Mountrail,98,1,0,48.20197971,-102.3555315,38061.0,929.3504030346137,1.020408163265306,97,97,1,0,96,93,10218,1,0,0,1,4
2020-07-23,US,North Dakota,Nelson,3,0,0,47.9226426,-98.19038437,38063.0,104.20284821118445,0.0,3,3,0,0,3,3,2869,0,0,0,0,0
2020-07-23,US,North Dakota,Oliver,4,0,0,47.11530482,-101.3406158,38065.0,204.1858090862685,0.0,4,4,0,0,4,3,1952,0,0,0,0,1
2020-07-23,US,North Dakota,Pembina,21,0,0,48.76623521,-97.5523809,38067.0,308.77812086457874,0.0,21,21,0,0,21,21,6947,0,0,0,0,0
2020-07-23,US,North Dakota,Pierce,8,0,0,48.24977025,-99.96407787,38069.0,201.2578616352201,0.0,8,8,0,0,8,8,4081,0,0,0,0,0
2020-07-23,US,North Dakota,Ramsey,28,1,0,48.26886249,-98.72223879,38071.0,243.0766559597187,3.571428571428572,27,26,1,0,25,26,11481,2,0,0,2,0
2020-07-23,US,North Dakota,Ransom,25,0,0,46.45621782,-97.65742504,38073.0,479.11077041011885,0.0,25,24,0,0,24,23,5237,1,0,0,1,1
2020-07-23,US,North Dakota,Renville,8,0,0,48.71982533,-101.6603912,38075.0,343.79028792436617,0.0,8,8,0,0,8,8,2374,0,0,0,0,0
2020-07-23,US,North Dakota,Richland,58,0,0,46.26440649,-96.94852979,38077.0,358.5337207145948,0.0,58,57,0,0,57,53,16239,1,0,0,1,4
2020-07-23,US,North Dakota,Rolette,14,0,0,48.77245354,-99.84097493,38079.0,98.75846501128667,0.0,14,13,0,0,13,13,14301,1,0,0,1,0
2020-07-23,US,North Dakota,Sargent,8,0,0,46.10830372,-97.63217159,38081.0,205.2334530528476,0.0,8,9,0,0,9,8,3870,-1,0,0,-1,1
2020-07-23,US,North Dakota,Sheridan,4,0,0,47.57700669,-100.3426391,38083.0,304.18250950570336,0.0,4,4,0,0,4,4,1349,0,0,0,0,0
2020-07-23,US,North Dakota,Sioux,47,0,0,46.11323337,-101.0440149,38085.0,1111.111111111111,0.0,47,47,0,0,47,46,4358,0,0,0,0,1
2020-07-23,US,North Dakota,Slope,3,0,0,46.44737738,-103.4601547,38087.0,400.0,0.0,3,3,0,0,3,3,763,0,0,0,0,0
2020-07-23,US,North Dakota,Stark,126,3,0,46.80851182,-102.6576326,38089.0,400.13973133475184,2.380952380952381,123,124,3,0,121,122,30997,2,0,0,2,2
2020-07-23,US,North Dakota,Steele,6,0,0,47.45611548,-97.72728747,38091.0,317.46031746031747,0.0,6,6,0,0,6,6,1903,0,0,0,0,0
2020-07-23,US,North Dakota,Stutsman,85,2,0,46.97962541,-98.95637318,38093.0,410.548686244204,2.3529411764705883,83,84,2,0,82,76,20917,1,0,0,1,8
2020-07-23,US,North Dakota,Towner,4,0,0,48.68565745,-99.24564265,38095.0,182.7318410232983,0.0,4,4,0,0,4,4,2192,0,0,0,0,0
2020-07-23,US,North Dakota,Traill,33,0,0,47.45367788,-97.16323288,38097.0,410.6520657043306,0.0,33,33,0,0,33,33,8037,0,0,0,0,0
2020-07-23,US,North Dakota,Walsh,86,0,0,48.36876964,-97.72574783,38099.0,808.1947185414905,0.0,86,85,0,0,85,83,10667,1,0,0,1,2
2020-07-23,US,North Dakota,Ward,130,1,0,48.22390169,-101.5436763,38101.0,192.1911266835204,0.7692307692307693,129,119,1,0,118,114,67744,11,0,0,11,5
2020-07-23,US,North Dakota,Wells,12,0,0,47.58614526,-99.65904998,38103.0,312.9890453834116,0.0,12,12,0,0,12,11,3957,0,0,0,0,1
2020-07-23,US,North Dakota,Williams,185,1,0,48.34522353,-103.4793387,38105.0,492.16526111362367,0.5405405405405406,184,177,1,0,176,166,35350,8,0,0,8,11
2020-07-23,US,Ohio,Adams,40,2,0,38.84541072,-83.4718964,39001.0,144.41475918838904,5.0,38,39,2,0,37,37,27724,1,0,0,1,2
2020-07-23,US,Ohio,Allen,501,41,0,40.77285242,-84.10802343,39003.0,489.4920420904533,8.183632734530939,460,486,41,0,445,479,102663,15,0,0,15,7
2020-07-23,US,Ohio,Ashland,107,4,0,40.84772277,-82.27280781,39005.0,200.0598309774886,3.7383177570093458,103,103,4,0,99,103,53745,4,0,0,4,0
2020-07-23,US,Ohio,Ashtabula,497,44,0,41.70860332,-80.74830218,39007.0,511.10128443763426,8.853118712273641,453,489,44,0,445,480,97493,8,0,0,8,9
2020-07-23,US,Ohio,Athens,303,1,0,39.33425634,-82.04278644,39009.0,463.82047239273203,0.33003300330033003,302,292,1,0,291,284,65818,11,0,0,11,8
2020-07-23,US,Ohio,Auglaize,151,5,0,40.55998859,-84.22421429999999,39011.0,330.73418608726126,3.3112582781456954,146,147,5,0,142,138,45804,4,0,0,4,9
2020-07-23,US,Ohio,Belmont,578,26,0,40.01625942,-80.9924051,39013.0,862.6093185684862,4.498269896193771,552,578,26,0,552,577,67505,0,0,0,0,1
2020-07-23,US,Ohio,Brown,76,1,0,38.93416837,-83.86788395,39015.0,174.9861853011604,1.3157894736842106,75,76,1,0,75,73,43602,0,0,0,0,3
2020-07-23,US,Ohio,Butler,2269,53,0,39.44012838,-84.57388716,39017.0,592.2209983974275,2.335830762450419,2216,2230,52,0,2178,2182,382378,39,1,0,38,48
2020-07-23,US,Ohio,Carroll,93,4,0,40.5789686,-81.09178213,39019.0,345.5450694805678,4.301075268817204,89,90,4,0,86,88,27081,3,0,0,3,2
2020-07-23,US,Ohio,Champaign,77,1,0,40.13923427,-83.76875242,39021.0,198.01980198019803,1.2987012987012987,76,77,1,0,76,71,38754,0,0,0,0,6
2020-07-23,US,Ohio,Clark,964,11,0,39.91592258,-83.78498252,39023.0,718.9576605535377,1.1410788381742738,953,951,11,0,940,924,134585,13,0,0,13,27
2020-07-23,US,Ohio,Clermont,689,9,0,39.04847534,-84.15375786,39025.0,333.7725502354332,1.3062409288824384,680,671,9,0,662,643,205466,18,0,0,18,28
2020-07-23,US,Ohio,Clinton,120,4,0,39.41485808,-83.80852286,39027.0,285.932138772398,3.333333333333333,116,119,4,0,115,111,42057,1,0,0,1,8
2020-07-23,US,Ohio,Columbiana,1483,60,0,40.76932373,-80.78094576,39029.0,1455.5912173767954,4.045853000674309,1423,1477,62,0,1415,1469,102665,6,-2,0,8,8
2020-07-23,US,Ohio,Coshocton,169,4,0,40.30096166,-81.91729018,39031.0,461.74863387978144,2.366863905325444,165,167,4,0,163,166,36629,2,0,0,2,1
2020-07-23,US,Ohio,Crawford,153,5,0,40.85065156,-82.91989099,39033.0,368.7280088687521,3.2679738562091503,148,153,5,0,148,152,41550,0,0,0,0,1
2020-07-23,US,Ohio,Cuyahoga,11206,435,0,41.424119,-81.65918339,39035.0,907.3155249248626,3.881849009459218,10771,11015,432,0,10583,10828,1243857,191,3,0,188,187
2020-07-23,US,Ohio,Darke,272,26,0,40.13412966,-84.6194517,39037.0,532.1542464734999,9.558823529411764,246,271,26,0,245,266,51323,1,0,0,1,5
2020-07-23,US,Ohio,Defiance,96,4,0,41.32398837,-84.49076944,39039.0,252.0545067870927,4.166666666666667,92,88,4,0,84,80,38165,8,0,0,8,8
2020-07-23,US,Ohio,Delaware,991,16,0,40.27942393,-83.00457058,39041.0,473.7614556093643,1.6145307769929365,975,977,15,0,962,959,204826,14,1,0,13,18
2020-07-23,US,Ohio,Erie,400,22,0,41.36796058,-82.62904521,39043.0,538.604475803194,5.5,378,390,22,0,368,380,74615,10,0,0,10,10
2020-07-23,US,Ohio,Fairfield,988,18,0,39.75107189,-82.63088163,39045.0,627.0069935395434,1.8218623481781375,970,970,18,0,952,934,155782,18,0,0,18,36
2020-07-23,US,Ohio,Fayette,64,0,0,39.56021306,-83.4562016,39047.0,224.364592462752,0.0,64,64,0,0,64,64,28666,0,0,0,0,0
2020-07-23,US,Ohio,Franklin,14993,484,0,39.96995815,-83.01115755,39049.0,1138.6316067669334,3.228173147468819,14509,14736,478,0,14258,14432,1310300,257,6,0,251,304
2020-07-23,US,Ohio,Fulton,105,0,0,41.60213491,-84.12571393,39051.0,249.25224327018944,0.0,105,102,0,0,102,96,42276,3,0,0,3,6
2020-07-23,US,Ohio,Gallia,39,1,0,38.82708533,-82.31647569,39053.0,130.44350792695164,2.5641025641025643,38,37,1,0,36,33,29979,2,0,0,2,4
2020-07-23,US,Ohio,Geauga,482,43,0,41.49952319,-81.17935342,39055.0,514.6878236820468,8.921161825726141,439,474,43,0,431,468,94031,8,0,0,8,6
2020-07-23,US,Ohio,Greene,507,10,0,39.69116283,-83.89032084,39057.0,300.1118760247903,1.9723865877712032,497,503,10,0,493,485,167995,4,0,0,4,18
2020-07-23,US,Ohio,Guernsey,95,6,0,40.05026529,-81.49248905,39059.0,244.3729903536977,6.315789473684211,89,90,6,0,84,89,39022,5,0,0,5,1
2020-07-23,US,Ohio,Hamilton,8203,224,0,39.19673558,-84.54502924,39061.0,1003.4582181919158,2.730708277459466,7979,8071,220,0,7851,8020,816684,132,4,0,128,51
2020-07-23,US,Ohio,Hancock,177,2,0,41.00250487,-83.66838948,39063.0,233.5616167214283,1.1299435028248588,175,148,2,0,146,140,75930,29,0,0,29,8
2020-07-23,US,Ohio,Hardin,141,12,0,40.66015414,-83.65929931,39065.0,449.5456719273075,8.51063829787234,129,140,12,0,128,140,31480,1,0,0,1,0
2020-07-23,US,Ohio,Harrison,15,1,0,40.29380509,-81.09068544,39067.0,99.73404255319149,6.666666666666668,14,14,1,0,13,14,15174,1,0,0,1,0
2020-07-23,US,Ohio,Henry,85,0,0,41.3339642,-84.06830637,39069.0,314.74487151003484,0.0,85,78,0,0,78,73,27086,7,0,0,7,5
2020-07-23,US,Ohio,Highland,87,1,0,39.1839264,-83.60331456,39071.0,201.57086258427742,1.1494252873563218,86,83,1,0,82,77,43058,4,0,0,4,6
2020-07-23,US,Ohio,Hocking,98,9,0,39.49537927,-82.47991446,39073.0,346.7308236626098,9.183673469387756,89,98,9,0,89,95,28385,0,0,0,0,3
2020-07-23,US,Ohio,Holmes,300,5,0,40.56163713,-81.92635677,39075.0,682.4385805277525,1.6666666666666667,295,297,5,0,292,297,43892,3,0,0,3,0
2020-07-23,US,Ohio,Huron,317,3,0,41.14651175,-82.59867951,39077.0,544.0565681529537,0.946372239747634,314,311,3,0,308,309,58504,6,0,0,6,2
2020-07-23,US,Ohio,Jackson,51,0,0,39.01914254,-82.61818559999998,39079.0,157.34427544503745,0.0,51,49,0,0,49,44,32384,2,0,0,2,5
2020-07-23,US,Ohio,Jefferson,164,2,0,40.38614126,-80.76259514,39081.0,251.05243015690777,1.2195121951219512,162,162,2,0,160,162,65767,2,0,0,2,0
2020-07-23,US,Ohio,Knox,103,2,0,40.39830217,-82.42027563,39083.0,165.27069092776227,1.9417475728155342,101,95,2,0,93,89,61893,8,0,0,8,6
2020-07-23,US,Ohio,Lake,851,26,0,41.69710807,-81.23676539,39085.0,369.76045952839246,3.0552291421856634,825,837,25,0,812,823,230514,14,1,0,13,14
2020-07-23,US,Ohio,Lawrence,164,0,0,38.59743452,-82.53466552,39087.0,275.8017590770732,0.0,164,162,0,0,162,152,59866,2,0,0,2,10
2020-07-23,US,Ohio,Licking,829,19,0,40.09136236,-82.48185785,39089.0,468.7270301138742,2.2919179734620023,810,808,17,0,791,766,175769,21,2,0,19,42
2020-07-23,US,Ohio,Logan,94,1,0,40.38996525,-83.76784341,39091.0,205.81537922578386,1.0638297872340423,93,91,1,0,90,89,45358,3,0,0,3,2
2020-07-23,US,Ohio,Lorain,1404,75,0,41.29553751,-82.15083537,39093.0,453.1473406641642,5.3418803418803416,1329,1375,75,0,1300,1351,309461,29,0,0,29,24
2020-07-23,US,Ohio,Lucas,3853,310,0,41.62101218,-83.65468618,39095.0,899.5022738521016,8.045678691928368,3543,3742,308,0,3434,3629,429899,111,2,0,109,113
2020-07-23,US,Ohio,Madison,262,9,0,39.89381073,-83.40178317,39097.0,585.7235474279582,3.435114503816794,253,259,9,0,250,257,44413,3,0,0,3,2
2020-07-23,US,Ohio,Mahoning,2188,241,0,41.01631101,-80.77287029,39099.0,956.7829703126164,11.014625228519193,1947,2187,247,0,1940,2148,229642,1,-6,0,7,39
2020-07-23,US,Ohio,Marion,2807,41,0,40.58610662,-83.15736305,39101.0,4312.291644262824,1.460634128963306,2766,2805,41,0,2764,2794,65256,2,0,0,2,11
2020-07-23,US,Ohio,Medina,719,32,0,41.11770589,-81.89986209999998,39103.0,400.00890144982367,4.450625869262865,687,709,32,0,677,698,179146,10,0,0,10,11
2020-07-23,US,Ohio,Meigs,22,0,0,39.09224872,-82.0305041,39105.0,96.04051163399834,0.0,22,20,0,0,20,21,23106,2,0,0,2,-1
2020-07-23,US,Ohio,Mercer,382,11,0,40.54043046,-84.62912742,39107.0,927.815019916448,2.8795811518324608,371,379,11,0,368,368,40959,3,0,0,3,11
2020-07-23,US,Ohio,Miami,616,34,0,40.0543329,-84.22871271,39109.0,575.7708880518194,5.51948051948052,582,599,33,0,566,588,106222,17,1,0,16,11
2020-07-23,US,Ohio,Monroe,89,17,0,39.72984936,-81.08464734,39111.0,651.8236414237588,19.101123595505623,72,89,17,0,72,89,13790,0,0,0,0,0
2020-07-23,US,Ohio,Montgomery,3283,51,0,39.75394919,-84.29050975,39113.0,617.4685482248015,1.5534572037770331,3232,3200,50,0,3150,3083,532331,83,1,0,82,117
2020-07-23,US,Ohio,Morgan,16,0,0,39.62081738,-81.85308173,39115.0,110.28398125172319,0.0,16,15,0,0,15,15,14604,1,0,0,1,0
2020-07-23,US,Ohio,Morrow,142,1,0,40.52363560000001,-82.7892599,39117.0,401.947463768116,0.7042253521126759,141,138,1,0,137,136,35112,4,0,0,4,2
2020-07-23,US,Ohio,Muskingum,134,1,0,39.96575964,-81.94363275,39119.0,155.42539001333876,0.746268656716418,133,125,1,0,124,120,86183,9,0,0,9,5
2020-07-23,US,Ohio,Noble,16,0,0,39.76818851,-81.45937183,39121.0,110.92623405435387,0.0,16,16,0,0,16,16,14354,0,0,0,0,0
2020-07-23,US,Ohio,Ottawa,288,24,0,41.53781826,-83.0940185,39123.0,710.6724244293646,8.333333333333334,264,277,24,0,253,271,40769,11,0,0,11,6
2020-07-23,US,Ohio,Paulding,45,0,0,41.11676341,-84.5801017,39125.0,241.0025706940874,0.0,45,46,0,0,46,45,18760,-1,0,0,-1,1
2020-07-23,US,Ohio,Perry,66,1,0,39.73508655,-82.23804971,39127.0,182.6534565782919,1.5151515151515151,65,63,1,0,62,62,36033,3,0,0,3,1
2020-07-23,US,Ohio,Pickaway,2298,42,0,39.64170392,-83.0243386,39129.0,3931.094650768941,1.827676240208877,2256,2290,42,0,2248,2283,58086,8,0,0,8,7
2020-07-23,US,Ohio,Pike,43,0,0,39.07634001,-83.06769584,39131.0,154.83220509866052,0.0,43,43,0,0,43,40,28067,0,0,0,0,3
2020-07-23,US,Ohio,Portage,608,59,0,41.16793482,-81.19735782,39133.0,374.2321470338409,9.703947368421053,549,586,59,0,527,577,162927,22,0,0,22,9
2020-07-23,US,Ohio,Preble,113,2,0,39.7420247,-84.64787018,39135.0,276.40526393033605,1.7699115044247788,111,114,2,0,112,110,40997,-1,0,0,-1,4
2020-07-23,US,Ohio,Putnam,168,16,0,41.02094889,-84.1336111,39137.0,496.14600868255513,9.523809523809524,152,165,16,0,149,163,33780,3,0,0,3,2
2020-07-23,US,Ohio,Richland,465,8,0,40.77180308,-82.53799609999999,39139.0,383.8090364329696,1.7204301075268815,457,461,8,0,453,450,121099,4,0,0,4,11
2020-07-23,US,Ohio,Ross,218,5,0,39.33705391,-83.06000914,39141.0,284.3502986982496,2.2935779816513757,213,212,5,0,207,201,76931,6,0,0,6,11
2020-07-23,US,Ohio,Sandusky,254,15,0,41.35624126,-83.137872,39143.0,434.0544789637377,5.905511811023621,239,240,15,0,225,234,58799,14,0,0,14,6
2020-07-23,US,Ohio,Scioto,115,0,0,38.80270163,-82.98907345,39145.0,152.69405422630587,0.0,115,110,0,0,110,106,75502,5,0,0,5,4
2020-07-23,US,Ohio,Seneca,96,2,0,41.12351311,-83.12783209,39147.0,173.98238428359127,2.083333333333333,94,88,2,0,86,81,55207,8,0,0,8,7
2020-07-23,US,Ohio,Shelby,103,4,0,40.33163494,-84.20258189,39149.0,211.97777320436302,3.8834951456310685,99,96,4,0,92,91,48627,7,0,0,7,5
2020-07-23,US,Ohio,Stark,1449,122,0,40.81482476,-81.36437305,39151.0,390.9812577238361,8.41959972394755,1327,1412,121,0,1291,1391,371574,37,1,0,36,21
2020-07-23,US,Ohio,Summit,2771,212,0,41.12464734,-81.53123079,39153.0,512.1873226706198,7.650667629014796,2559,2712,212,0,2500,2667,541918,59,0,0,59,45
2020-07-23,US,Ohio,Trumbull,1242,91,0,41.31735028,-80.76109643,39155.0,627.3551072363038,7.326892109500805,1151,1210,85,0,1125,1179,198627,32,6,0,26,31
2020-07-23,US,Ohio,Tuscarawas,706,11,0,40.44214695,-81.47226262,39157.0,767.4997554002196,1.5580736543909348,695,694,11,0,683,691,92176,12,0,0,12,3
2020-07-23,US,Ohio,Union,163,1,0,40.30016061,-83.37239023,39159.0,276.3273886214145,0.6134969325153374,162,162,1,0,161,152,57835,1,0,0,1,10
2020-07-23,US,Ohio,Van Wert,58,1,0,40.8554138,-84.59111700000003,39161.0,205.12820512820514,1.7241379310344829,57,58,1,0,57,56,28281,0,0,0,0,2
2020-07-23,US,Ohio,Vinton,26,2,0,39.25208988,-82.4831444,39163.0,198.7008024455484,7.6923076923076925,24,25,2,0,23,25,13139,1,0,0,1,0
2020-07-23,US,Ohio,Warren,1326,28,0,39.42581994,-84.16557457,39165.0,565.2125727828408,2.1116138763197587,1298,1307,28,0,1279,1272,232173,19,0,0,19,35
2020-07-23,US,Ohio,Washington,177,21,0,39.45690571,-81.49121382,39167.0,295.43823337951295,11.864406779661017,156,171,21,0,150,168,60155,6,0,0,6,3
2020-07-23,US,Ohio,Wayne,421,57,0,40.82925852,-81.88844833,39169.0,363.840636072941,13.539192399049881,364,418,57,0,361,412,115967,3,0,0,3,6
2020-07-23,US,Ohio,Williams,97,3,0,41.56052014,-84.58429552,39171.0,264.36280388095497,3.0927835051546397,94,96,3,0,93,95,36804,1,0,0,1,1
2020-07-23,US,Ohio,Wood,666,54,0,41.36224827,-83.62285108,39173.0,509.10814343701514,8.108108108108109,612,648,54,0,594,626,130696,18,0,0,18,22
2020-07-23,US,Ohio,Wyandot,84,5,0,40.84339621,-83.30734173,39175.0,385.8166452324086,5.9523809523809526,79,74,5,0,69,73,21935,10,0,0,10,1
2020-07-23,US,Oklahoma,Adair,209,4,0,35.88494195,-94.65859267,40001.0,941.695953861404,1.9138755980861244,205,205,4,0,201,196,22082,4,0,0,4,9
2020-07-23,US,Oklahoma,Alfalfa,1,0,0,36.73090616,-98.32408495,40003.0,17.5377060680463,0.0,1,1,0,0,1,1,5754,0,0,0,0,0
2020-07-23,US,Oklahoma,Atoka,50,0,0,34.37366573,-96.03802487,40005.0,363.4249164122692,0.0,50,48,0,0,48,47,13838,2,0,0,2,1
2020-07-23,US,Oklahoma,Beaver,33,0,0,36.7496847,-100.4758872,40007.0,621.3519111278479,0.0,33,33,0,0,33,33,5319,0,0,0,0,0
2020-07-23,US,Oklahoma,Beckham,27,0,0,35.26862449,-99.68128023,40009.0,123.51891669335285,0.0,27,27,0,0,27,27,21709,0,0,0,0,0
2020-07-23,US,Oklahoma,Blaine,24,0,0,35.87518314,-98.43307003,40011.0,254.53388482341708,0.0,24,24,0,0,24,23,9485,0,0,0,0,1
2020-07-23,US,Oklahoma,Bryan,268,1,0,33.96472458,-96.25903472,40013.0,558.3914991144911,0.373134328358209,267,259,1,0,258,252,47192,9,0,0,9,7
2020-07-23,US,Oklahoma,Caddo,243,11,0,35.17364557,-98.37534464,40015.0,844.8647521034699,4.526748971193416,232,236,11,0,225,232,28977,7,0,0,7,4
2020-07-23,US,Oklahoma,Canadian,744,4,0,35.5426055,-97.98465569,40017.0,501.66547543592316,0.5376344086021505,740,717,4,0,713,686,144447,27,0,0,27,31
2020-07-23,US,Oklahoma,Carter,232,3,0,34.25103751,-97.28552485,40019.0,482.2182037371912,1.293103448275862,229,231,3,0,228,224,48177,1,0,0,1,7
2020-07-23,US,Oklahoma,Cherokee,189,1,0,35.90692775,-94.99980896,40021.0,388.43331894691414,0.5291005291005291,188,182,1,0,181,169,48675,7,0,0,7,13
2020-07-23,US,Oklahoma,Choctaw,148,1,0,34.02807439,-95.54771129,40023.0,1008.7241003271538,0.6756756756756757,147,148,1,0,147,147,14668,0,0,0,0,1
2020-07-23,US,Oklahoma,Cimarron,1,0,0,36.74817177,-102.5173885,40025.0,46.79457182966776,0.0,1,1,0,0,1,1,2153,0,0,0,0,0
2020-07-23,US,Oklahoma,Cleveland,1887,40,0,35.20413532,-97.32519562,40027.0,664.4038674149866,2.1197668256491786,1847,1847,40,0,1807,1760,281669,40,0,0,40,87
2020-07-23,US,Oklahoma,Coal,20,0,0,34.58840127,-96.29798747,40029.0,363.9672429481345,0.0,20,20,0,0,20,19,5520,0,0,0,0,1
2020-07-23,US,Oklahoma,Comanche,613,9,0,34.65973764,-98.47195055,40031.0,507.66465974873495,1.4681892332789561,604,609,9,0,600,607,120422,4,0,0,4,2
2020-07-23,US,Oklahoma,Cotton,14,2,0,34.28845626,-98.37053567,40033.0,247.08789269325803,14.285714285714285,12,12,2,0,10,12,5776,2,0,0,2,0
2020-07-23,US,Oklahoma,Craig,44,0,0,36.76268118,-95.20916602,40035.0,311.1299674727761,0.0,44,44,0,0,44,41,14306,0,0,0,0,3
2020-07-23,US,Oklahoma,Creek,308,9,0,35.90230551,-96.37086028,40037.0,430.6367271608737,2.9220779220779223,299,299,9,0,290,287,71604,9,0,0,9,12
2020-07-23,US,Oklahoma,Custer,131,0,0,35.63853802,-99.00170785,40039.0,451.6774126814468,0.0,131,126,0,0,126,121,29036,5,0,0,5,5
2020-07-23,US,Oklahoma,Delaware,323,19,0,36.40823634,-94.80325046,40041.0,751.0056034783416,5.882352941176472,304,316,19,0,297,300,42733,7,0,0,7,16
2020-07-23,US,Oklahoma,Dewey,4,0,0,35.98772922,-99.00730714,40043.0,81.78286648947045,0.0,4,4,0,0,4,6,4894,0,0,0,0,-2
2020-07-23,US,Oklahoma,Ellis,2,0,0,36.218019399999996,-99.75324573,40045.0,51.82689816014511,0.0,2,1,0,0,1,1,3952,1,0,0,1,0
2020-07-23,US,Oklahoma,Garfield,201,2,0,36.3791334,-97.78265517,40047.0,329.2059748427673,0.9950248756218906,199,186,2,0,184,183,60913,15,0,0,15,3
2020-07-23,US,Oklahoma,Garvin,154,3,0,34.70418038,-97.30811132,40049.0,555.7359893183211,1.9480519480519483,151,152,3,0,149,151,27811,2,0,0,2,1
2020-07-23,US,Oklahoma,Grady,328,6,0,35.0167709,-97.88339847,40051.0,587.4556721710785,1.8292682926829267,322,325,5,0,320,309,55551,3,1,0,2,16
2020-07-23,US,Oklahoma,Grant,5,0,0,36.796296999999996,-97.78638765,40053.0,115.39349180706208,0.0,5,5,0,0,5,5,4326,0,0,0,0,0
2020-07-23,US,Oklahoma,Greer,73,7,0,34.93535801,-99.56056120000001,40055.0,1278.0112044817927,9.58904109589041,66,72,7,0,65,71,5821,1,0,0,1,1
2020-07-23,US,Oklahoma,Harmon,4,0,0,34.7440135,-99.84741652,40057.0,150.77271013946475,0.0,4,4,0,0,4,4,2664,0,0,0,0,0
2020-07-23,US,Oklahoma,Harper,2,0,0,36.78836519,-99.6679804,40059.0,54.2299349240781,0.0,2,2,0,0,2,2,3797,0,0,0,0,0
2020-07-23,US,Oklahoma,Haskell,23,0,0,35.22257600000001,-95.11513306,40061.0,182.14936247723134,0.0,23,23,0,0,23,22,12668,0,0,0,0,1
2020-07-23,US,Oklahoma,Hughes,28,1,0,35.04912569,-96.24921145,40063.0,210.85925144965736,3.571428571428572,27,25,1,0,24,22,13335,3,0,0,3,3
2020-07-23,US,Oklahoma,Jackson,252,3,0,34.58781741,-99.41138784,40065.0,1027.3134936812066,1.1904761904761905,249,228,3,0,225,219,24949,24,0,0,24,9
2020-07-23,US,Oklahoma,Jefferson,23,0,0,34.11130184,-97.83182974,40067.0,383.20559813395516,0.0,23,23,0,0,23,22,6123,0,0,0,0,1
2020-07-23,US,Oklahoma,Johnston,26,0,0,34.31440473,-96.66011537,40069.0,234.5511953089761,0.0,26,25,0,0,25,23,10949,1,0,0,1,2
2020-07-23,US,Oklahoma,Kay,164,9,0,36.81799745,-97.14421435,40071.0,376.68243832973496,5.487804878048781,155,156,9,0,147,153,44161,8,0,0,8,3
2020-07-23,US,Oklahoma,Kingfisher,71,0,0,35.94530008,-97.94193268,40073.0,450.36473200126864,0.0,71,70,0,0,70,68,15816,1,0,0,1,2
2020-07-23,US,Oklahoma,Kiowa,19,1,0,34.91671958,-98.97720696,40075.0,218.19016995865871,5.2631578947368425,18,19,1,0,18,18,8729,0,0,0,0,1
2020-07-23,US,Oklahoma,Latimer,31,1,0,34.87844729,-95.25215049,40077.0,307.75340017869564,3.2258064516129035,30,29,1,0,28,27,10231,2,0,0,2,2
2020-07-23,US,Oklahoma,Le Flore,108,1,0,34.89851864,-94.70392124,40079.0,216.63691252281708,0.925925925925926,107,102,1,0,101,100,49980,6,0,0,6,2
2020-07-23,US,Oklahoma,Lincoln,66,2,0,35.70270942,-96.8812462,40081.0,189.23645955787478,3.0303030303030303,64,63,2,0,61,60,34920,3,0,0,3,3
2020-07-23,US,Oklahoma,Logan,130,1,0,35.91899576,-97.44352845,40083.0,270.77128158130427,0.7692307692307693,129,128,1,0,127,123,47291,2,0,0,2,5
2020-07-23,US,Oklahoma,Love,57,0,0,33.95273467,-97.23906784,40085.0,555.934848337072,0.0,57,57,0,0,57,56,10134,0,0,0,0,1
2020-07-23,US,Oklahoma,Major,20,1,0,36.31149996,-98.53467076,40093.0,262.15755669157164,5.0,19,18,1,0,17,17,7644,2,0,0,2,1
2020-07-23,US,Oklahoma,Marshall,59,0,0,34.02311222,-96.76855464,40095.0,348.4732148130648,0.0,59,58,0,0,58,51,16806,1,0,0,1,7
2020-07-23,US,Oklahoma,Mayes,214,5,0,36.30179091,-95.23175116,40097.0,520.6812652068127,2.336448598130841,209,202,5,0,197,192,41107,12,0,0,12,10
2020-07-23,US,Oklahoma,McClain,322,4,0,35.01123903,-97.44572302,40087.0,795.5724662746454,1.2422360248447204,318,315,4,0,311,302,39985,7,0,0,7,13
2020-07-23,US,Oklahoma,McCurtain,739,19,0,34.11664328,-94.77222373,40089.0,2250.852826510721,2.571041948579161,720,728,17,0,711,708,32703,11,2,0,9,20
2020-07-23,US,Oklahoma,McIntosh,110,1,0,35.37235506,-95.66599306,40091.0,561.3390487854664,0.9090909090909092,109,109,1,0,108,102,19815,1,0,0,1,7
2020-07-23,US,Oklahoma,Murray,40,0,0,34.48116015,-97.06826283,40099.0,284.23221772187884,0.0,40,39,0,0,39,31,13953,1,0,0,1,8
2020-07-23,US,Oklahoma,Muskogee,294,16,0,35.61318461,-95.37802952,40101.0,432.3720164124888,5.442176870748299,278,288,16,0,272,276,68362,6,0,0,6,12
2020-07-23,US,Oklahoma,Noble,66,2,0,36.38953329,-97.22928674,40103.0,592.9386398346959,3.0303030303030303,64,65,2,0,63,61,11289,1,0,0,1,4
2020-07-23,US,Oklahoma,Nowata,44,1,0,36.79843529,-95.61902331,40105.0,436.6812227074236,2.272727272727273,43,45,1,0,44,42,10218,-1,0,0,-1,3
2020-07-23,US,Oklahoma,Okfuskee,25,0,0,35.46485198,-96.32639984,40107.0,208.45493204369217,0.0,25,24,0,0,24,24,12098,1,0,0,1,0
2020-07-23,US,Oklahoma,Oklahoma,6981,85,0,35.55140095,-97.40716948,40109.0,875.432951190945,1.2175906030654633,6896,6762,85,0,6677,6492,792582,219,0,0,219,270
2020-07-23,US,Oklahoma,Okmulgee,251,0,0,35.64661916,-95.96432828,40111.0,652.5412712855842,0.0,251,242,0,0,242,233,38335,9,0,0,9,9
2020-07-23,US,Oklahoma,Osage,270,9,0,36.62888819,-96.39635704,40113.0,574.9206822392096,3.333333333333333,261,257,9,0,248,252,47014,13,0,0,13,5
2020-07-23,US,Oklahoma,Ottawa,244,2,0,36.83532655,-94.81011909,40115.0,783.8853728274487,0.819672131147541,242,233,2,0,231,224,31175,11,0,0,11,9
2020-07-23,US,Oklahoma,Pawnee,92,3,0,36.31743373,-96.70331759999999,40117.0,561.7977528089888,3.260869565217391,89,86,3,0,83,84,16390,6,0,0,6,2
2020-07-23,US,Oklahoma,Payne,565,2,0,36.07695283,-96.97584944,40119.0,690.8441748997359,0.3539823008849557,563,560,2,0,558,551,82040,5,0,0,5,9
2020-07-23,US,Oklahoma,Pittsburg,103,3,0,34.92065823,-95.75134320000001,40121.0,235.9463050350484,2.9126213592233015,100,100,3,0,97,89,43877,3,0,0,3,11
2020-07-23,US,Oklahoma,Pontotoc,116,2,0,34.72959848,-96.68337199,40123.0,302.99864173022667,1.7241379310344829,114,115,2,0,113,106,38247,1,0,0,1,9
2020-07-23,US,Oklahoma,Pottawatomie,246,6,0,35.20614018,-96.94923008,40125.0,338.88031739034597,2.4390243902439024,240,237,6,0,231,216,72679,9,0,0,9,21
2020-07-23,US,Oklahoma,Pushmataha,47,0,0,34.41635232,-95.37603505,40127.0,423.57606344628687,0.0,47,46,0,0,46,40,11179,1,0,0,1,6
2020-07-23,US,Oklahoma,Roger Mills,6,0,0,35.68711719,-99.69666167,40129.0,167.45743790120008,0.0,6,3,0,0,3,3,3656,3,0,0,3,0
2020-07-23,US,Oklahoma,Rogers,499,11,0,36.37004357,-95.60406759,40131.0,539.6986772515385,2.2044088176352705,488,488,11,0,477,465,91984,11,0,0,11,23
2020-07-23,US,Oklahoma,Seminole,106,5,0,35.16478725,-96.61686741,40133.0,436.9692472586363,4.716981132075472,101,102,5,0,97,89,24578,4,0,0,4,13
2020-07-23,US,Oklahoma,Sequoyah,118,3,0,35.49447108,-94.75463785,40135.0,283.86538045177895,2.5423728813559316,115,111,3,0,108,102,41179,7,0,0,7,9
2020-07-23,US,Oklahoma,Stephens,130,1,0,34.48556989,-97.85141892,40137.0,301.32350555130614,0.7692307692307693,129,130,1,0,129,130,43265,0,0,0,0,0
2020-07-23,US,Oklahoma,Texas,1010,7,0,36.74777635,-101.4889765,40139.0,5054.2961517289705,0.6930693069306929,1003,1009,7,0,1002,1008,20455,1,0,0,1,1
2020-07-23,US,Oklahoma,Tillman,38,1,0,34.37288446,-98.92426619,40141.0,524.1379310344828,2.631578947368421,37,36,1,0,35,35,7348,2,0,0,2,1
2020-07-23,US,Oklahoma,Tulsa,6856,89,0,36.11939621,-95.94013939,40143.0,1052.2567653848043,1.2981330221703618,6767,6744,89,0,6655,6536,648360,112,0,0,112,208
2020-07-23,US,Oklahoma,Wagoner,516,19,0,35.96024096,-95.51911308,40145.0,634.7722324053685,3.682170542635659,497,507,19,0,488,488,80110,9,0,0,9,19
2020-07-23,US,Oklahoma,Washington,506,39,0,36.71380786,-95.90514104,40147.0,982.0094319482988,7.707509881422925,467,505,39,0,466,502,51843,1,0,0,1,3
2020-07-23,US,Oklahoma,Washita,14,0,0,35.29071824,-98.99180434,40149.0,128.2521069989007,0.0,14,12,0,0,12,12,11127,2,0,0,2,0
2020-07-23,US,Oklahoma,Woods,16,0,0,36.76705782,-98.86573064,40151.0,181.96292505402025,0.0,16,15,0,0,15,12,8897,1,0,0,1,3
2020-07-23,US,Oklahoma,Woodward,26,0,0,36.42316318,-99.26283045,40153.0,128.6428182672802,0.0,26,23,0,0,23,21,20222,3,0,0,3,2
2020-07-23,US,Oregon,Baker,16,0,0,44.70915557,-117.6749883,41001.0,99.23096005953856,0.0,16,16,0,0,16,15,16006,0,0,0,0,1
2020-07-23,US,Oregon,Benton,132,6,0,44.49167306,-123.4316987,41003.0,141.85464197822745,4.545454545454546,126,132,6,0,126,129,92101,0,0,0,0,3
2020-07-23,US,Oregon,Clackamas,1201,33,0,45.18787398,-122.2179634,41005.0,287.1920934892763,2.747710241465445,1168,1181,33,0,1148,1156,416075,20,0,0,20,25
2020-07-23,US,Oregon,Clatsop,68,0,0,45.99712889,-123.660711,41007.0,169.0533015115354,0.0,68,68,0,0,68,67,39764,0,0,0,0,1
2020-07-23,US,Oregon,Columbia,66,0,0,45.94464254,-123.08908980000001,41009.0,126.06486610383159,0.0,66,63,0,0,63,63,52377,3,0,0,3,0
2020-07-23,US,Oregon,Coos,76,0,0,43.17406868,-124.0594514,41011.0,117.85321072464218,0.0,76,73,0,0,73,70,64389,3,0,0,3,3
2020-07-23,US,Oregon,Crook,29,1,0,44.14230227,-120.356297,41013.0,118.83297820029505,3.4482758620689653,28,30,1,0,29,30,23867,-1,0,0,-1,0
2020-07-23,US,Oregon,Curry,11,0,0,42.45911325,-124.15728200000001,41015.0,47.982551799345686,0.0,11,11,0,0,11,10,22813,0,0,0,0,1
2020-07-23,US,Oregon,Deschutes,405,1,0,43.91570171,-121.2289121,41017.0,204.86413208425228,0.2469135802469136,404,387,1,0,386,378,191996,18,0,0,18,9
2020-07-23,US,Oregon,Douglas,105,1,0,43.27941273,-123.16729099999999,41019.0,94.61164173724994,0.9523809523809524,104,92,1,0,91,90,110283,13,0,0,13,2
2020-07-23,US,Oregon,Gilliam,2,0,0,45.37160076,-120.20488689999999,41021.0,104.60251046025104,0.0,2,2,0,0,2,2,1894,0,0,0,0,0
2020-07-23,US,Oregon,Grant,2,0,0,44.49024544,-119.0068631,41023.0,27.781636338380327,0.0,2,2,0,0,2,1,7176,0,0,0,0,1
2020-07-23,US,Oregon,Harney,5,0,0,43.06422669,-118.96663059999999,41025.0,67.63154335181929,0.0,5,5,0,0,5,5,7329,0,0,0,0,0
2020-07-23,US,Oregon,Hood River,140,0,0,45.51872811,-121.65520359999998,41027.0,598.7511761183816,0.0,140,139,0,0,139,135,23428,1,0,0,1,4
2020-07-23,US,Oregon,Jackson,265,0,0,42.43201126,-122.72893090000001,41029.0,119.93989427185171,0.0,265,257,0,0,257,247,219564,8,0,0,8,10
2020-07-23,US,Oregon,Jefferson,222,0,0,44.62806839,-121.17832,41031.0,900.316327358261,0.0,222,219,0,0,219,214,24192,3,0,0,3,5
2020-07-23,US,Oregon,Josephine,78,1,0,42.3665549,-123.5561938,41033.0,89.15610319247429,1.2820512820512822,77,75,1,0,74,74,87393,3,0,0,3,1
2020-07-23,US,Oregon,Klamath,175,1,0,42.68762984,-121.64964609999998,41035.0,256.4553474603593,0.5714285714285714,174,162,1,0,161,156,67653,13,0,0,13,6
2020-07-23,US,Oregon,Lake,31,0,0,42.79246693,-120.38501629999999,41037.0,393.95094675308167,0.0,31,30,0,0,30,30,7879,1,0,0,1,0
2020-07-23,US,Oregon,Lane,419,3,0,43.93727035,-122.847753,41039.0,109.66662915143156,0.7159904534606205,416,407,3,0,404,401,379611,12,0,0,12,6
2020-07-23,US,Oregon,Lincoln,378,8,0,44.64252874,-123.86991200000001,41041.0,756.5749969977182,2.1164021164021163,370,373,8,0,365,371,49388,5,0,0,5,2
2020-07-23,US,Oregon,Linn,207,10,0,44.48899494,-122.53731540000001,41043.0,159.53880184047662,4.8309178743961345,197,204,10,0,194,198,127335,3,0,0,3,6
2020-07-23,US,Oregon,Malheur,539,6,0,43.1937027,-117.62273950000001,41045.0,1763.1088286284387,1.1131725417439704,533,530,6,0,524,517,30725,9,0,0,9,13
2020-07-23,US,Oregon,Marion,2277,63,0,44.90287942,-122.58151170000001,41047.0,654.6527206757557,2.766798418972332,2214,2238,62,0,2176,2210,346868,39,1,0,38,28
2020-07-23,US,Oregon,Morrow,212,1,0,45.41846568,-119.584546,41049.0,1827.1136774971994,0.4716981132075472,211,208,1,0,207,205,11372,4,0,0,4,3
2020-07-23,US,Oregon,Multnomah,3743,76,0,45.54747959,-122.4169351,41051.0,460.4757306038592,2.0304568527918785,3667,3678,76,0,3602,3631,811880,65,0,0,65,47
2020-07-23,US,Oregon,Polk,225,12,0,44.90322804,-123.4128888,41053.0,261.3695765812859,5.333333333333333,213,212,12,0,200,207,85234,13,0,0,13,5
2020-07-23,US,Oregon,Sherman,8,0,0,45.41501554,-120.6827834,41055.0,449.438202247191,0.0,8,8,0,0,8,8,1708,0,0,0,0,0
2020-07-23,US,Oregon,Tillamook,24,0,0,45.46248721,-123.712066,41057.0,88.7705281846427,0.0,24,23,0,0,23,23,26787,1,0,0,1,0
2020-07-23,US,Oregon,Umatilla,1503,13,0,45.59073056,-118.7353826,41059.0,1928.1590763309807,0.8649367930805056,1490,1462,12,0,1450,1438,77516,41,1,0,40,24
2020-07-23,US,Oregon,Union,385,2,0,45.30915495,-118.0068979,41061.0,1434.6934972983045,0.5194805194805194,383,385,2,0,383,385,26461,0,0,0,0,0
2020-07-23,US,Oregon,Wallowa,18,1,0,45.57894064,-117.18353799999998,41063.0,249.7225305216426,5.5555555555555545,17,18,1,0,17,18,7081,0,0,0,0,0
2020-07-23,US,Oregon,Wasco,138,3,0,45.16292781,-121.16709540000001,41065.0,517.2026085001124,2.1739130434782608,135,132,3,0,129,131,26505,6,0,0,6,1
2020-07-23,US,Oregon,Washington,2352,22,0,45.55972701,-123.0955257,41067.0,390.9626457798642,0.935374149659864,2330,2319,22,0,2297,2276,597695,33,0,0,33,43
2020-07-23,US,Oregon,Yamhill,256,9,0,45.23330449,-123.3086963,41071.0,239.02894491129783,3.515625,247,252,9,0,243,248,107002,4,0,0,4,4
2020-07-23,US,Pennsylvania,Adams,437,16,0,39.87140411,-77.21610347,42001.0,424.23477560213183,3.6613272311212817,421,424,15,0,409,421,102811,13,1,0,12,3
2020-07-23,US,Pennsylvania,Allegheny,6817,214,0,40.46809875,-79.98167747,42003.0,560.587807194635,3.1392107965380665,6603,6670,214,0,6456,6574,1218452,147,0,0,147,96
2020-07-23,US,Pennsylvania,Armstrong,134,6,0,40.81665618,-79.46290811,42005.0,206.9977600988646,4.477611940298506,128,129,6,0,123,122,65263,5,0,0,5,7
2020-07-23,US,Pennsylvania,Beaver,1053,82,0,40.6825484,-80.34921611,42007.0,642.3512618267665,7.78727445394112,971,1046,82,0,964,1011,164742,7,0,0,7,35
2020-07-23,US,Pennsylvania,Bedford,109,4,0,40.00522157,-78.48998442,42009.0,227.61443367858337,3.669724770642202,105,109,4,0,105,106,48176,0,0,0,0,3
2020-07-23,US,Pennsylvania,Berks,4919,362,0,40.41570541,-75.92457766,42011.0,1167.9535762790742,7.3592193535271395,4557,4889,362,0,4527,4865,420152,30,0,0,30,24
2020-07-23,US,Pennsylvania,Blair,157,2,0,40.47961444,-78.34917412,42013.0,128.86915266480065,1.2738853503184713,155,159,1,0,158,149,122492,-2,1,0,-3,10
2020-07-23,US,Pennsylvania,Bradford,71,3,0,41.78869215,-76.51570822,42015.0,117.69971652603485,4.225352112676056,68,69,3,0,66,68,60833,2,0,0,2,1
2020-07-23,US,Pennsylvania,Bucks,6542,574,0,40.33682119,-75.10836643,42017.0,1041.2720645582312,8.774075206358912,5968,6513,573,0,5940,6467,628195,29,1,0,28,46
2020-07-23,US,Pennsylvania,Butler,519,14,0,40.91152759,-79.91351055,42019.0,276.2798571223244,2.697495183044316,505,513,14,0,499,508,187888,6,0,0,6,5
2020-07-23,US,Pennsylvania,Cambria,191,3,0,40.49527404,-78.71377428,42021.0,146.70640285117364,1.5706806282722514,188,182,3,0,179,181,131730,9,0,0,9,1
2020-07-23,US,Pennsylvania,Cameron,5,0,0,41.43625568,-78.20376845,42023.0,112.4353496739375,0.0,5,5,0,0,5,5,4492,0,0,0,0,0
2020-07-23,US,Pennsylvania,Carbon,336,28,0,40.91545395,-75.7068525,42025.0,523.5112648406096,8.333333333333334,308,335,28,0,307,330,64227,1,0,0,1,5
2020-07-23,US,Pennsylvania,Centre,304,9,0,40.92058903,-77.82200624,42027.0,187.209409736121,2.9605263157894735,295,299,9,0,290,294,162805,5,0,0,5,5
2020-07-23,US,Pennsylvania,Chester,4517,342,0,39.97291773,-75.74768357,42029.0,860.3989797881479,7.571396944874919,4175,4459,342,0,4117,4422,522046,58,0,0,58,37
2020-07-23,US,Pennsylvania,Clarion,71,2,0,41.19265812,-79.42413524,42031.0,184.7130443831625,2.8169014084507036,69,70,2,0,68,69,38779,1,0,0,1,1
2020-07-23,US,Pennsylvania,Clearfield,107,0,0,41.00110782,-78.47592663,42033.0,135.00725506277206,0.0,107,105,0,0,105,104,79388,2,0,0,2,1
2020-07-23,US,Pennsylvania,Clinton,105,5,0,41.23255967,-77.63785995,42035.0,271.79540277490156,4.761904761904762,100,105,5,0,100,104,38684,0,0,0,0,1
2020-07-23,US,Pennsylvania,Columbia,443,35,0,41.04821986,-76.40565017,42037.0,681.9161381688318,7.900677200902934,408,438,35,0,403,436,65456,5,0,0,5,2
2020-07-23,US,Pennsylvania,Crawford,114,1,0,41.68447709,-80.10760592,42039.0,134.70559737205923,0.8771929824561403,113,114,1,0,113,112,85063,0,0,0,0,2
2020-07-23,US,Pennsylvania,Cumberland,1066,69,0,40.1625372,-77.26130755,42041.0,420.7285787583376,6.472795497185742,997,1058,69,0,989,1046,251423,8,0,0,8,12
2020-07-23,US,Pennsylvania,Dauphin,2480,152,0,40.41377078,-76.77993242,42043.0,891.1278876316479,6.129032258064517,2328,2466,152,0,2314,2446,277097,14,0,0,14,20
2020-07-23,US,Pennsylvania,Delaware,8049,676,0,39.91680171,-75.40243663,42045.0,1420.2104289921253,8.398558827183503,7373,8003,675,0,7328,7962,564751,46,1,0,45,41
2020-07-23,US,Pennsylvania,Elk,38,2,0,41.42822061,-78.64524744,42047.0,127.04781009695749,5.2631578947368425,36,38,2,0,36,38,30169,0,0,0,0,0
2020-07-23,US,Pennsylvania,Erie,818,14,0,41.99253829,-80.03301954,42049.0,303.2684778740064,1.7114914425427872,804,813,13,0,800,805,272061,5,1,0,4,8
2020-07-23,US,Pennsylvania,Fayette,294,4,0,39.92041012,-79.64291195,42051.0,227.4239212834754,1.3605442176870748,290,288,4,0,284,279,130441,6,0,0,6,9
2020-07-23,US,Pennsylvania,Forest,7,0,0,41.51095103,-79.23229292,42053.0,96.59169311439214,0.0,7,7,0,0,7,7,7279,0,0,0,0,0
2020-07-23,US,Pennsylvania,Franklin,1146,46,0,39.92956518,-77.72157791,42055.0,739.2260702974321,4.013961605584642,1100,1109,46,0,1063,1096,154835,37,0,0,37,13
2020-07-23,US,Pennsylvania,Fulton,20,1,0,39.92913544,-78.11163677,42057.0,137.64624913971093,5.0,19,19,1,0,18,19,14523,1,0,0,1,0
2020-07-23,US,Pennsylvania,Greene,93,0,0,39.85746531,-80.22357106,42059.0,256.6720944994894,0.0,93,91,0,0,91,91,36506,2,0,0,2,0
2020-07-23,US,Pennsylvania,Huntingdon,273,4,0,40.42162652,-77.97673273,42061.0,604.7315257841574,1.465201465201465,269,272,4,0,268,271,45168,1,0,0,1,1
2020-07-23,US,Pennsylvania,Indiana,186,6,0,40.65241041,-79.08963285,42063.0,221.23630654312325,3.2258064516129035,180,185,6,0,179,181,84501,1,0,0,1,4
2020-07-23,US,Pennsylvania,Jefferson,48,1,0,41.12913106,-78.9986361,42065.0,110.53540587219344,2.083333333333333,47,48,1,0,47,48,43641,0,0,0,0,0
2020-07-23,US,Pennsylvania,Juniata,121,6,0,40.53358749,-77.39975129999998,42067.0,488.6322335742842,4.958677685950414,115,120,6,0,114,120,24704,1,0,0,1,0
2020-07-23,US,Pennsylvania,Lackawanna,1833,212,0,41.43564672,-75.60379201,42069.0,874.2142564171046,11.565739225313694,1621,1823,212,0,1611,1817,210793,10,0,0,10,6
2020-07-23,US,Pennsylvania,Lancaster,5122,395,0,40.03904563,-76.24770128,42071.0,938.5696799114572,7.711831315892231,4727,5122,393,0,4729,5122,543557,0,2,0,-2,0
2020-07-23,US,Pennsylvania,Lawrence,261,9,0,40.99206278,-80.33393706,42073.0,305.220319955094,3.4482758620689653,252,257,9,0,248,243,86184,4,0,0,4,14
2020-07-23,US,Pennsylvania,Lebanon,1529,54,0,40.36680311,-76.45651841,42075.0,1078.3324987834378,3.5317200784826683,1475,1518,52,0,1466,1509,141314,11,2,0,9,9
2020-07-23,US,Pennsylvania,Lehigh,4609,334,0,40.6154815,-75.59435245,42077.0,1247.9759990035686,7.246691256237796,4275,4600,334,0,4266,4585,368100,9,0,0,9,15
2020-07-23,US,Pennsylvania,Luzerne,3091,183,0,41.17823008,-75.98447579,42079.0,973.7978747200057,5.920414105467486,2908,3085,183,0,2902,3083,317646,6,0,0,6,2
2020-07-23,US,Pennsylvania,Lycoming,282,20,0,41.34310539,-77.06629984,42081.0,248.89893114678856,7.092198581560282,262,279,20,0,259,276,113664,3,0,0,3,3
2020-07-23,US,Pennsylvania,McKean,26,1,0,41.80938602,-78.56478358,42083.0,64.0,3.8461538461538463,25,26,1,0,25,25,40968,0,0,0,0,1
2020-07-23,US,Pennsylvania,Mercer,282,9,0,41.30248872,-80.25816981,42085.0,257.7131159526246,3.191489361702128,273,276,9,0,267,259,110683,6,0,0,6,17
2020-07-23,US,Pennsylvania,Mifflin,84,1,0,40.61116939,-77.61070738,42087.0,182.06250812779044,1.1904761904761905,83,82,1,0,81,83,46222,2,0,0,2,-1
2020-07-23,US,Pennsylvania,Monroe,1536,120,0,41.05934058,-75.34031025,42089.0,902.0913719893581,7.8125,1416,1534,120,0,1414,1530,169507,2,0,0,2,4
2020-07-23,US,Pennsylvania,Montgomery,9311,842,0,40.21053671,-75.36652296,42091.0,1120.5718996527924,9.043067339705726,8469,9282,839,0,8443,9222,828604,29,3,0,26,60
2020-07-23,US,Pennsylvania,Montour,86,3,0,41.03023987,-76.66345939,42093.0,471.74986286341203,3.4883720930232562,83,86,3,0,83,87,18240,0,0,0,0,-1
2020-07-23,US,Pennsylvania,Northampton,3686,288,0,40.75182733,-75.30471829,42095.0,1207.3963673288895,7.81334780249593,3398,3669,288,0,3381,3657,304807,17,0,0,17,12
2020-07-23,US,Pennsylvania,Northumberland,369,11,0,40.84785433,-76.70798222,42097.0,406.1953039859978,2.9810298102981028,358,366,11,0,355,365,91083,3,0,0,3,1
2020-07-23,US,Pennsylvania,Perry,101,5,0,40.40206612,-77.26297447,42099.0,218.27455048409405,4.950495049504951,96,98,5,0,93,97,46139,3,0,0,3,1
2020-07-23,US,Pennsylvania,Philadelphia,29102,1675,0,40.00338507,-75.1379271,42101.0,1837.1732455254328,5.755618170572469,27427,28874,1673,0,27201,28742,1584138,228,2,0,226,132
2020-07-23,US,Pennsylvania,Pike,517,21,0,41.33155042,-75.03208106,42103.0,926.3738823487253,4.061895551257253,496,517,21,0,496,515,55933,0,0,0,0,2
2020-07-23,US,Pennsylvania,Potter,20,0,0,41.74471626,-77.89559864,42105.0,121.0214207914801,0.0,20,20,0,0,20,19,16622,0,0,0,0,1
2020-07-23,US,Pennsylvania,Schuylkill,830,49,0,40.70497338,-76.2150785,42107.0,587.157520921908,5.903614457831326,781,828,49,0,779,826,142067,2,0,0,2,2
2020-07-23,US,Pennsylvania,Snyder,85,2,0,40.77129231,-77.06840691,42109.0,210.5419597741009,2.3529411764705883,83,85,2,0,83,82,40540,0,0,0,0,3
2020-07-23,US,Pennsylvania,Somerset,105,1,0,39.97172723,-79.02699593,42111.0,142.96022982558853,0.9523809523809524,104,100,1,0,99,97,73952,5,0,0,5,3
2020-07-23,US,Pennsylvania,Sullivan,10,0,0,41.44634738,-76.51246591,42113.0,164.85328058028355,0.0,10,10,0,0,10,10,6071,0,0,0,0,0
2020-07-23,US,Pennsylvania,Susquehanna,203,26,0,41.82147784,-75.80071959,42115.0,503.37234675659585,12.807881773399014,177,202,26,0,176,201,40589,1,0,0,1,1
2020-07-23,US,Pennsylvania,Tioga,33,2,0,41.77255149,-77.25433032,42117.0,81.29881008105245,6.0606060606060606,31,33,2,0,31,33,40763,0,0,0,0,0
2020-07-23,US,Pennsylvania,Union,115,2,0,40.96188846,-77.05996014,42119.0,255.99358903011824,1.7391304347826086,113,113,2,0,111,113,44785,2,0,0,2,0
2020-07-23,US,Pennsylvania,Venango,53,0,0,41.40323442,-79.75845449,42121.0,104.60251046025104,0.0,53,53,0,0,53,53,51266,0,0,0,0,0
2020-07-23,US,Pennsylvania,Warren,14,1,0,41.81304978,-79.26969577,42123.0,35.72248730575897,7.142857142857142,13,14,1,0,13,14,39498,0,0,0,0,0
2020-07-23,US,Pennsylvania,Washington,613,10,0,40.19208869,-80.24582867,42125.0,296.3285234331569,1.6313213703099512,603,603,10,0,593,592,207346,10,0,0,10,11
2020-07-23,US,Pennsylvania,Wayne,151,8,0,41.64938475,-75.29956506,42127.0,293.99739101653006,5.298013245033113,143,148,8,0,140,149,51276,3,0,0,3,-1
2020-07-23,US,Pennsylvania,Westmoreland,1234,41,0,40.31377979999999,-79.46615476,42129.0,353.6840174377112,3.322528363047001,1193,1214,41,0,1173,1193,350611,20,0,0,20,21
2020-07-23,US,Pennsylvania,Wyoming,56,7,0,41.51955538,-76.01074915,42131.0,209.00201537657685,12.5,49,53,7,0,46,52,27046,3,0,0,3,1
2020-07-23,US,Pennsylvania,York,2098,78,0,39.9210089,-76.73040131,42133.0,467.20022803290436,3.717826501429933,2020,2067,76,0,1991,2052,448273,31,2,0,29,15
2020-07-23,US,Puerto Rico,Adjuntas,72,0,0,18.180117000000006,-66.754367,72001.0,369.5529435918492,0.0,72,72,0,0,72,72,,0,0,0,0,0
2020-07-23,US,Puerto Rico,Aguada,82,0,0,18.360255,-67.17513100000001,72003.0,195.4288710407779,0.0,82,78,0,0,78,75,,4,0,0,4,3
2020-07-23,US,Puerto Rico,Aguadilla,130,0,0,18.459681,-67.12081500000001,72005.0,213.2930811005923,0.0,130,121,0,0,121,120,,9,0,0,9,1
2020-07-23,US,Puerto Rico,Aguas Buenas,85,0,0,18.251619,-66.126806,72007.0,296.59094874210547,0.0,85,83,0,0,83,82,,2,0,0,2,1
2020-07-23,US,Puerto Rico,Aibonito,64,0,0,18.131361,-66.264131,72009.0,247.1042471042471,0.0,64,62,0,0,62,62,,2,0,0,2,0
2020-07-23,US,Puerto Rico,Anasco,97,0,0,18.287985,-67.120611,72011.0,331.4992652335874,0.0,97,92,0,0,92,92,,5,0,0,5,0
2020-07-23,US,Puerto Rico,Arecibo,202,0,0,18.406631,-66.675077,72013.0,209.4566569888013,0.0,202,193,0,0,193,189,,9,0,0,9,4
2020-07-23,US,Puerto Rico,Arroyo,67,0,0,17.998457000000005,-66.056546,72015.0,342.2733077905492,0.0,67,67,0,0,67,65,,0,0,0,0,2
2020-07-23,US,Puerto Rico,Barceloneta,43,0,0,18.445533,-66.56053100000001,72017.0,173.27530625402966,0.0,43,40,0,0,40,40,,3,0,0,3,0
2020-07-23,US,Puerto Rico,Barranquitas,138,0,0,18.201592,-66.30963,72019.0,455.1751434791214,0.0,138,135,0,0,135,135,,3,0,0,3,0
2020-07-23,US,Puerto Rico,Bayamon,839,0,0,18.34946,-66.168435,72021.0,403.1405562282573,0.0,839,792,0,0,792,785,,47,0,0,47,7
2020-07-23,US,Puerto Rico,Cabo Rojo,144,0,0,18.040993,-67.154391,72023.0,282.8132058055266,0.0,144,142,0,0,142,140,,2,0,0,2,2
2020-07-23,US,Puerto Rico,Caguas,456,0,0,18.211615,-66.050779,72025.0,319.1199009048728,0.0,456,439,0,0,439,432,,17,0,0,17,7
2020-07-23,US,Puerto Rico,Camuy,70,0,0,18.418578,-66.860206,72027.0,199.09553741573998,0.0,70,70,0,0,70,69,,0,0,0,0,1
2020-07-23,US,Puerto Rico,Canovanas,236,0,0,18.328802,-65.887612,72029.0,495.2988582941571,0.0,236,228,0,0,228,225,,8,0,0,8,3
2020-07-23,US,Puerto Rico,Carolina,676,0,0,18.374986,-65.95683100000001,72031.0,382.4351387741708,0.0,676,647,0,0,647,636,,29,0,0,29,11
2020-07-23,US,Puerto Rico,Catano,104,0,0,18.437269,-66.14330600000001,72033.0,369.5806680881308,0.0,104,102,0,0,102,101,,2,0,0,2,1
2020-07-23,US,Puerto Rico,Cayey,142,0,0,18.102851,-66.14914,72035.0,295.1017269685571,0.0,142,138,0,0,138,137,,4,0,0,4,1
2020-07-23,US,Puerto Rico,Ceiba,45,0,0,18.251818,-65.666416,72037.0,330.12985107475606,0.0,45,43,0,0,43,41,,2,0,0,2,2
2020-07-23,US,Puerto Rico,Ciales,89,0,0,18.28885,-66.516475,72039.0,473.8579491002024,0.0,89,83,0,0,83,82,,6,0,0,6,1
2020-07-23,US,Puerto Rico,Cidra,107,0,0,18.173559,-66.161179,72041.0,246.09015639374425,0.0,107,103,0,0,103,102,,4,0,0,4,1
2020-07-23,US,Puerto Rico,Coamo,79,0,0,18.097597,-66.36014,72043.0,195.00394944707745,0.0,79,75,0,0,75,75,,4,0,0,4,0
2020-07-23,US,Puerto Rico,Comerio,86,0,0,18.224687,-66.221622,72045.0,413.8993165848494,0.0,86,84,0,0,84,84,,2,0,0,2,0
2020-07-23,US,Puerto Rico,Corozal,92,0,0,18.304264,-66.327738,72047.0,247.69802380054924,0.0,92,89,0,0,89,89,,3,0,0,3,0
2020-07-23,US,Puerto Rico,Culebra,13,0,0,18.31586,-65.28813000000001,72049.0,715.0715071507152,0.0,13,13,0,0,13,11,,0,0,0,0,2
2020-07-23,US,Puerto Rico,Dorado,189,0,0,18.436115,-66.278669,72051.0,495.2181317961483,0.0,189,186,0,0,186,185,,3,0,0,3,1
2020-07-23,US,Puerto Rico,Fajardo,144,0,0,18.318373,-65.666866,72053.0,389.2628335090423,0.0,144,135,0,0,135,133,,9,0,0,9,2
2020-07-23,US,Puerto Rico,Florida,100,0,0,18.373715,-66.560488,72054.0,788.6435331230284,0.0,100,88,0,0,88,85,,12,0,0,12,3
2020-07-23,US,Puerto Rico,Guanica,51,0,0,17.982429,-66.91964300000001,72055.0,262.52123333504915,0.0,51,51,0,0,51,51,,0,0,0,0,0
2020-07-23,US,Puerto Rico,Guayama,105,0,0,18.007516,-66.13390799999999,72057.0,231.4712755169525,0.0,105,104,0,0,104,103,,1,0,0,1,1
2020-07-23,US,Puerto Rico,Guayanilla,94,0,0,18.039942,-66.79186,72059.0,435.56832398869375,0.0,94,94,0,0,94,93,,0,0,0,0,1
2020-07-23,US,Puerto Rico,Guaynabo,568,0,0,18.345114,-66.11452299999999,72061.0,580.0416649646662,0.0,568,553,0,0,553,552,,15,0,0,15,1
2020-07-23,US,Puerto Rico,Gurabo,163,0,0,18.266461,-65.97970500000001,72063.0,359.2761577288456,0.0,163,156,0,0,156,156,,7,0,0,7,0
2020-07-23,US,Puerto Rico,Hatillo,70,0,0,18.410928,-66.79632600000001,72065.0,166.85338354825637,0.0,70,65,0,0,65,64,,5,0,0,5,1
2020-07-23,US,Puerto Rico,Hormigueros,71,0,0,18.134532,-67.113972,72067.0,411.5942028985508,0.0,71,68,0,0,68,67,,3,0,0,3,1
2020-07-23,US,Puerto Rico,Humacao,128,0,0,18.145211,-65.810174,72069.0,218.9306605548524,0.0,128,125,0,0,125,123,,3,0,0,3,2
2020-07-23,US,Puerto Rico,Isabela,88,0,0,18.44981,-67.005093,72071.0,192.8513510552037,0.0,88,84,0,0,84,83,,4,0,0,4,1
2020-07-23,US,Puerto Rico,Jayuya,171,0,0,18.211446,-66.58878,72073.0,1027.5207306814084,0.0,171,169,0,0,169,169,,2,0,0,2,0
2020-07-23,US,Puerto Rico,Juana Diaz,140,0,0,18.050764,-66.49458100000001,72075.0,175.22560296381593,0.0,140,135,0,0,135,135,,5,0,0,5,0
2020-07-23,US,Puerto Rico,Juncos,75,0,0,18.223793,-65.909109,72077.0,186.15040953090096,0.0,75,75,0,0,75,74,,0,0,0,0,1
2020-07-23,US,Puerto Rico,Lajas,61,0,0,18.011661,-67.040585,72079.0,236.86560789034286,0.0,61,60,0,0,60,60,,1,0,0,1,0
2020-07-23,US,Puerto Rico,Lares,107,0,0,18.269035,-66.867236,72081.0,347.9335349396807,0.0,107,103,0,0,103,103,,4,0,0,4,0
2020-07-23,US,Puerto Rico,Las Marias,36,0,0,18.23679,-66.98362,72083.0,364.3355935634045,0.0,36,34,0,0,34,34,,2,0,0,2,0
2020-07-23,US,Puerto Rico,Las Piedras,109,0,0,18.187527,-65.86946800000001,72085.0,281.835811247576,0.0,109,107,0,0,107,107,,2,0,0,2,0
2020-07-23,US,Puerto Rico,Loiza,65,0,0,18.425688,-65.89943000000001,72087.0,216.23419827012643,0.0,65,65,0,0,65,65,,0,0,0,0,0
2020-07-23,US,Puerto Rico,Luquillo,73,0,0,18.342114,-65.72509699999999,72089.0,363.763205102651,0.0,73,73,0,0,73,73,,0,0,0,0,0
2020-07-23,US,Puerto Rico,Manati,107,0,0,18.420473,-66.490461,72091.0,242.55888286899554,0.0,107,101,0,0,101,97,,6,0,0,6,4
2020-07-23,US,Puerto Rico,Maricao,36,0,0,18.171795,-66.942126,72093.0,573.6137667304015,0.0,36,36,0,0,36,36,,0,0,0,0,0
2020-07-23,US,Puerto Rico,Maunabo,41,0,0,18.017889,-65.922235,72095.0,335.37832310838445,0.0,41,39,0,0,39,39,,2,0,0,2,0
2020-07-23,US,Puerto Rico,Mayaguez,341,0,0,18.2013,-67.1452,72097.0,382.8019757521329,0.0,341,336,0,0,336,332,,5,0,0,5,4
2020-07-23,US,Puerto Rico,Moca,104,0,0,18.377805,-67.080952,72099.0,259.2934254157421,0.0,104,99,0,0,99,98,,5,0,0,5,1
2020-07-23,US,Puerto Rico,Morovis,141,0,0,18.316963,-66.420383,72101.0,432.3827046918123,0.0,141,134,0,0,134,133,,7,0,0,7,1
2020-07-23,US,Puerto Rico,Naguabo,64,0,0,18.230637,-65.753897,72103.0,239.5209580838324,0.0,64,64,0,0,64,64,,0,0,0,0,0
2020-07-23,US,Puerto Rico,Naranjito,127,0,0,18.288019,-66.252703,72105.0,417.7356752845208,0.0,127,125,0,0,125,124,,2,0,0,2,1
2020-07-23,US,Puerto Rico,Orocovis,126,0,0,18.215046,-66.433604,72107.0,537.9328010929428,0.0,126,119,0,0,119,119,,7,0,0,7,0
2020-07-23,US,Puerto Rico,Out of PR,499,0,0,0.0,0.0,72888.0,0.0,0.0,499,481,0,0,481,466,,18,0,0,18,15
2020-07-23,US,Puerto Rico,Patillas,83,0,0,18.03174,-66.012242,72109.0,430.56492192768576,0.0,83,77,0,0,77,75,,6,0,0,6,2
2020-07-23,US,Puerto Rico,Penuelas,48,0,0,18.059645,-66.721572,72111.0,197.677291821102,0.0,48,48,0,0,48,47,,0,0,0,0,1
2020-07-23,US,Puerto Rico,Ponce,331,0,0,18.059498,-66.613748,72113.0,199.00557335850465,0.0,331,325,0,0,325,323,,6,0,0,6,2
2020-07-23,US,Puerto Rico,Quebradillas,55,0,0,18.439692,-66.926113,72115.0,212.19954473552212,0.0,55,55,0,0,55,54,,0,0,0,0,1
2020-07-23,US,Puerto Rico,Rincon,73,0,0,18.335443,-67.23174,72117.0,480.26315789473676,0.0,73,69,0,0,69,68,,4,0,0,4,1
2020-07-23,US,Puerto Rico,Rio Grande,177,0,0,18.346329,-65.813742,72119.0,325.9428403064232,0.0,177,172,0,0,172,172,,5,0,0,5,0
2020-07-23,US,Puerto Rico,Sabana Grande,95,0,0,18.08282,-66.943758,72121.0,376.01424896101327,0.0,95,94,0,0,94,94,,1,0,0,1,0
2020-07-23,US,Puerto Rico,Salinas,127,0,0,18.010386999999994,-66.256592,72123.0,408.6492052255615,0.0,127,124,0,0,124,124,,3,0,0,3,0
2020-07-23,US,Puerto Rico,San German,114,0,0,18.111484,-67.03858100000001,72125.0,320.88270892560587,0.0,114,112,0,0,112,112,,2,0,0,2,0
2020-07-23,US,Puerto Rico,San Juan,1801,0,0,18.386933,-66.061128,72127.0,455.5733748855375,0.0,1801,1721,0,0,1721,1701,,80,0,0,80,20
2020-07-23,US,Puerto Rico,San Lorenzo,101,0,0,18.147987,-65.976392,72129.0,245.9934726484485,0.0,101,98,0,0,98,96,,3,0,0,3,2
2020-07-23,US,Puerto Rico,San Sebastian,142,0,0,18.328646,-66.971214,72131.0,334.66886636813575,0.0,142,141,0,0,141,139,,1,0,0,1,2
2020-07-23,US,Puerto Rico,Santa Isabel,75,0,0,17.994525,-66.388913,72133.0,322.24800206238723,0.0,75,73,0,0,73,73,,2,0,0,2,0
2020-07-23,US,Puerto Rico,Toa Alta,301,0,0,18.362406,-66.246616,72135.0,406.39429697837056,0.0,301,292,0,0,292,288,,9,0,0,9,4
2020-07-23,US,Puerto Rico,Toa Baja,296,0,0,18.431446,-66.213553,72137.0,330.32396299478853,0.0,296,287,0,0,287,287,,9,0,0,9,0
2020-07-23,US,Puerto Rico,Trujillo Alto,304,0,0,18.336159,-65.99888399999999,72139.0,406.18903824056014,0.0,304,281,0,0,281,275,,23,0,0,23,6
2020-07-23,US,Puerto Rico,Unassigned,281,188,0,0.0,0.0,72999.0,0.0,66.90391459074733,93,317,185,0,132,361,,-36,3,0,-39,-44
2020-07-23,US,Puerto Rico,Utuado,45,0,0,18.271214,-66.702984,72141.0,135.7507013786238,0.0,45,43,0,0,43,41,,2,0,0,2,2
2020-07-23,US,Puerto Rico,Vega Alta,130,0,0,18.409346,-66.33725,72143.0,325.39861330129406,0.0,130,129,0,0,129,129,,1,0,0,1,0
2020-07-23,US,Puerto Rico,Vega Baja,224,0,0,18.428262,-66.397924,72145.0,375.44835908953775,0.0,224,216,0,0,216,210,,8,0,0,8,6
2020-07-23,US,Puerto Rico,Vieques,31,0,0,18.123276,-65.44097099999999,72147.0,333.29749489302225,0.0,31,30,0,0,30,30,,1,0,0,1,0
2020-07-23,US,Puerto Rico,Villalba,66,0,0,18.127951,-66.473115,72149.0,253.1354274536877,0.0,66,64,0,0,64,64,,2,0,0,2,0
2020-07-23,US,Puerto Rico,Yabucoa,65,0,0,18.070399,-65.896289,72151.0,171.31862628818428,0.0,65,64,0,0,64,64,,1,0,0,1,0
2020-07-23,US,Puerto Rico,Yauco,156,0,0,18.080374,-66.858814,72153.0,371.04868824774627,0.0,156,151,0,0,151,149,,5,0,0,5,2
2020-07-23,US,Rhode Island,Bristol,290,0,0,41.71018079,-71.28652315,44001.0,598.1971575321272,0.0,290,290,0,0,290,283,48649,0,0,0,0,7
2020-07-23,US,Rhode Island,Kent,1351,0,0,41.67106337,-71.57641596,44003.0,822.3163635478294,0.0,1351,1351,0,0,1351,1316,163861,0,0,0,0,35
2020-07-23,US,Rhode Island,Newport,365,0,0,41.5642026,-71.26569799,44005.0,444.6772739455666,0.0,365,365,0,0,365,365,82542,0,0,0,0,0
2020-07-23,US,Rhode Island,Providence,14033,0,0,41.87064746,-71.57753536,44007.0,2196.324798765438,0.0,14033,14033,0,0,14033,13674,636084,0,0,0,0,359
2020-07-23,US,Rhode Island,Unassigned,1535,1001,0,0.0,0.0,90044.0,0.0,65.21172638436482,534,1449,997,0,452,1784,,86,4,0,82,-335
2020-07-23,US,Rhode Island,Washington,574,0,0,41.45961631,-71.61435303,44009.0,457.0900722266021,0.0,574,574,0,0,574,564,126179,0,0,0,0,10
2020-07-23,US,South Carolina,Abbeville,255,2,0,34.22333378,-82.46170658,45001.0,1039.6705671301015,0.7843137254901961,253,249,2,0,247,246,24541,6,0,0,6,3
2020-07-23,US,South Carolina,Aiken,1123,20,0,33.54338026,-81.63645384,45003.0,657.2170981787536,1.7809439002671417,1103,1109,20,0,1089,1061,169401,14,0,0,14,48
2020-07-23,US,South Carolina,Allendale,136,3,0,32.98837386,-81.35321066,45005.0,1565.377532228361,2.2058823529411766,133,132,3,0,129,129,8903,4,0,0,4,3
2020-07-23,US,South Carolina,Anderson,1572,31,0,34.51828081,-82.63959517,45007.0,776.0740133690103,1.9720101781170485,1541,1519,28,0,1491,1487,200482,53,3,0,50,32
2020-07-23,US,South Carolina,Bamberg,336,4,0,33.21927586,-81.05659969,45009.0,2388.738802786862,1.1904761904761905,332,328,3,0,325,320,14275,8,1,0,7,8
2020-07-23,US,South Carolina,Barnwell,240,2,0,33.26679302,-81.43584352,45011.0,1150.1964919006998,0.8333333333333334,238,231,1,0,230,225,21112,9,1,0,8,6
2020-07-23,US,South Carolina,Beaufort,2725,31,0,32.39226291,-80.72619758,45013.0,1418.3695776641925,1.1376146788990826,2694,2663,29,0,2634,2584,188715,62,2,0,60,79
2020-07-23,US,South Carolina,Berkeley,3258,41,0,33.20222596,-79.94654523,45015.0,1429.5304663744425,1.2584407612031923,3217,3177,39,0,3138,3092,221091,81,2,0,79,85
2020-07-23,US,South Carolina,Calhoun,243,3,0,33.66926881,-80.77722168,45017.0,1669.7588126159555,1.2345679012345678,240,233,3,0,230,231,14520,10,0,0,10,2
2020-07-23,US,South Carolina,Charleston,10134,120,0,32.82487866,-79.96512315,45019.0,2463.260137188082,1.1841326228537596,10014,9968,117,0,9851,9785,405905,166,3,0,163,183
2020-07-23,US,South Carolina,Cherokee,389,14,0,35.05122251,-81.61828622,45021.0,678.8830715532288,3.5989717223650386,375,379,14,0,365,360,57078,10,0,0,10,19
2020-07-23,US,South Carolina,Chester,410,6,0,34.69249168,-81.1583216,45023.0,1271.5543977174048,1.4634146341463414,404,397,6,0,391,379,32251,13,0,0,13,18
2020-07-23,US,South Carolina,Chesterfield,581,18,0,34.64137396,-80.15640140000002,45025.0,1272.7272727272727,3.0981067125645443,563,565,17,0,548,551,45754,16,1,0,15,14
2020-07-23,US,South Carolina,Clarendon,632,48,0,33.66610974,-80.21647898,45027.0,1872.8700548229367,7.594936708860758,584,608,48,0,560,593,33700,24,0,0,24,15
2020-07-23,US,South Carolina,Colleton,628,29,0,32.87582989,-80.67641292,45029.0,1666.7993736231656,4.617834394904459,599,617,29,0,588,593,37660,11,0,0,11,24
2020-07-23,US,South Carolina,Darlington,796,23,0,34.33358335,-79.96027485,45031.0,1194.8722567474256,2.8894472361809047,773,783,22,0,761,751,66802,13,1,0,12,32
2020-07-23,US,South Carolina,Dillon,471,20,0,34.39007791,-79.37741872,45033.0,1545.3262902326196,4.246284501061571,451,462,19,0,443,455,30599,9,1,0,8,7
2020-07-23,US,South Carolina,Dorchester,2287,25,0,33.0794369,-80.40502652,45035.0,1404.71349863951,1.0931351114997814,2262,2246,24,0,2222,2165,160647,41,1,0,40,81
2020-07-23,US,South Carolina,Edgefield,187,4,0,33.77221995,-81.96231108,45037.0,685.986793837124,2.1390374331550803,183,185,4,0,181,176,27052,2,0,0,2,9
2020-07-23,US,South Carolina,Fairfield,461,23,0,34.39287073,-81.1195624,45039.0,2062.9167226025866,4.989154013015185,438,457,23,0,434,457,22402,4,0,0,4,0
2020-07-23,US,South Carolina,Florence,2258,74,0,34.02361754,-79.70189312,45041.0,1632.7652158822214,3.2772364924712134,2184,2194,69,0,2125,2148,138159,64,5,0,59,46
2020-07-23,US,South Carolina,Georgetown,1049,13,0,33.43443342,-79.33202141,45043.0,1673.5800893426929,1.2392755004766445,1036,1033,13,0,1020,1021,62249,16,0,0,16,12
2020-07-23,US,South Carolina,Greenville,8965,142,0,34.89502264,-82.37295012,45045.0,1712.3745563870712,1.5839375348577802,8823,8832,137,0,8695,8728,514213,133,5,0,128,104
2020-07-23,US,South Carolina,Greenwood,1075,14,0,34.15272415,-82.12715789,45047.0,1518.125714931296,1.3023255813953492,1061,1056,13,0,1043,1046,70741,19,1,0,18,10
2020-07-23,US,South Carolina,Hampton,206,4,0,32.77419582,-81.13845571,45049.0,1071.6886900426593,1.9417475728155342,202,202,4,0,198,201,19351,4,0,0,4,1
2020-07-23,US,South Carolina,Horry,7178,98,0,33.9212828,-78.99555293,45051.0,2027.2197604502924,1.3652828085817776,7080,7086,94,0,6992,6974,344147,92,4,0,88,112
2020-07-23,US,South Carolina,Jasper,388,5,0,32.43171982,-81.02487495,45053.0,1290.1938616034315,1.2886597938144329,383,381,5,0,376,361,28971,7,0,0,7,20
2020-07-23,US,South Carolina,Kershaw,1087,19,0,34.33988254,-80.58763164,45055.0,1633.333834202341,1.7479300827966882,1068,1066,19,0,1047,1045,65592,21,0,0,21,21
2020-07-23,US,South Carolina,Lancaster,842,19,0,34.68270843,-80.70513032,45057.0,859.0784801860997,2.256532066508313,823,823,19,0,804,797,95380,19,0,0,19,26
2020-07-23,US,South Carolina,Laurens,1034,24,0,34.48244419,-82.00490796,45059.0,1532.0107270383594,2.3210831721470018,1010,1003,23,0,980,961,66994,31,1,0,30,42
2020-07-23,US,South Carolina,Lee,412,25,0,34.16393091,-80.25690731,45061.0,2448.3004516282385,6.067961165048544,387,404,25,0,379,399,17142,8,0,0,8,5
2020-07-23,US,South Carolina,Lexington,3954,79,0,33.89665987,-81.27146426,45063.0,1323.5146443514645,1.997976732422863,3875,3849,75,0,3774,3763,295032,105,4,0,101,86
2020-07-23,US,South Carolina,Marion,425,11,0,34.07859748,-79.36400756,45067.0,1386.3065531526242,2.588235294117647,414,419,11,0,408,411,31039,6,0,0,6,8
2020-07-23,US,South Carolina,Marlboro,379,4,0,34.59905577,-79.67561152,45069.0,1451.1065165786056,1.0554089709762533,375,372,4,0,368,368,26398,7,0,0,7,4
2020-07-23,US,South Carolina,McCormick,91,2,0,33.90161443,-82.30794338,45065.0,961.6400718588188,2.1978021978021984,89,85,2,0,83,85,9410,6,0,0,6,0
2020-07-23,US,South Carolina,Newberry,620,6,0,34.28629098,-81.59935761,45071.0,1612.9032258064515,0.967741935483871,614,607,6,0,601,562,38520,13,0,0,13,45
2020-07-23,US,South Carolina,Oconee,615,2,0,34.75225169,-83.06742317,45073.0,773.1375556281903,0.3252032520325203,613,585,2,0,583,577,78374,30,0,0,30,8
2020-07-23,US,South Carolina,Orangeburg,1743,42,0,33.4391073,-80.79886287,45075.0,2022.628372497824,2.409638554216868,1701,1697,39,0,1658,1638,86934,46,3,0,43,59
2020-07-23,US,South Carolina,Pickens,1494,16,0,34.88807695,-82.72791551,45077.0,1177.4534220232656,1.07095046854083,1478,1484,16,0,1468,1470,124937,10,0,0,10,14
2020-07-23,US,South Carolina,Richland,6687,122,0,34.01791263,-80.90267209,45079.0,1608.383703058743,1.8244354718109763,6565,6581,116,0,6465,6408,414576,106,6,0,100,173
2020-07-23,US,South Carolina,Saluda,366,5,0,34.00795823,-81.72713237,45081.0,1787.7204122502808,1.3661202185792352,361,366,4,0,362,361,20544,0,1,0,-1,5
2020-07-23,US,South Carolina,Spartanburg,3298,69,0,34.92960077,-81.99225984,45083.0,1031.3179167252997,2.0921770770163737,3229,3252,68,0,3184,3166,313888,46,1,0,45,86
2020-07-23,US,South Carolina,Sumter,1970,35,0,33.91826534,-80.37942316,45085.0,1845.9347269984353,1.7766497461928934,1935,1877,35,0,1842,1810,106512,93,0,0,93,67
2020-07-23,US,South Carolina,Union,249,1,0,34.68835752,-81.61730349,45087.0,911.5536681798213,0.4016064257028112,248,238,0,0,238,224,27410,11,1,0,10,14
2020-07-23,US,South Carolina,Williamsburg,690,18,0,33.62190129,-79.72767442,45089.0,2272.128556375132,2.608695652173913,672,671,18,0,653,659,30606,19,0,0,19,12
2020-07-23,US,South Carolina,York,2667,18,0,34.97281497,-81.18085944,45091.0,949.18125553867,0.6749156355455568,2649,2571,17,0,2554,2514,274118,96,1,0,95,57
2020-07-23,US,South Dakota,Aurora,36,0,0,43.71757685,-98.56050467,46003.0,1308.6150490730645,0.0,36,36,0,0,36,35,2801,0,0,0,0,1
2020-07-23,US,South Dakota,Beadle,575,9,0,44.41464384,-98.27858469,46005.0,3116.024494662114,1.5652173913043481,566,574,9,0,565,571,18883,1,0,0,1,3
2020-07-23,US,South Dakota,Bennett,5,0,0,43.19486375,-101.6665572,46007.0,148.5884101040119,0.0,5,5,0,0,5,5,3468,0,0,0,0,0
2020-07-23,US,South Dakota,Bon Homme,13,0,0,42.98914167,-97.88592746,46009.0,188.37849587016373,0.0,13,13,0,0,13,13,6980,0,0,0,0,0
2020-07-23,US,South Dakota,Brookings,107,0,0,44.36974375,-96.79079945,46011.0,305.04319069475724,0.0,107,107,0,0,107,105,35232,0,0,0,0,2
2020-07-23,US,South Dakota,Brown,371,2,0,45.58994323,-98.35165355,46013.0,955.2254177501995,0.5390835579514824,369,369,2,0,367,368,39316,2,0,0,2,1
2020-07-23,US,South Dakota,Brule,38,0,0,43.71756379,-99.08118954,46015.0,717.3872003020577,0.0,38,38,0,0,38,38,5229,0,0,0,0,0
2020-07-23,US,South Dakota,Buffalo,104,3,0,44.07657829,-99.20814467,46017.0,5300.713557594291,2.8846153846153846,101,105,3,0,102,104,2036,-1,0,0,-1,1
2020-07-23,US,South Dakota,Butte,7,1,0,44.90608745,-103.5079318,46019.0,67.12052929331671,14.285714285714285,6,7,1,0,6,7,10222,0,0,0,0,0
2020-07-23,US,South Dakota,Campbell,1,0,0,45.77074915,-100.0510181,46021.0,72.67441860465118,0.0,1,1,0,0,1,1,1377,0,0,0,0,0
2020-07-23,US,South Dakota,Charles Mix,98,0,0,43.20660134,-98.58856175,46023.0,1054.6706844597504,0.0,98,98,0,0,98,98,9338,0,0,0,0,0
2020-07-23,US,South Dakota,Clark,16,0,0,44.85834507,-97.72925109,46025.0,428.2655246252677,0.0,16,16,0,0,16,16,3739,0,0,0,0,0
2020-07-23,US,South Dakota,Clay,101,0,0,42.91296147,-96.97656917,46027.0,717.8393745557927,0.0,101,100,0,0,100,99,14041,1,0,0,1,1
2020-07-23,US,South Dakota,Codington,109,0,0,44.97788119,-97.18827677,46029.0,389.1606269413404,0.0,109,108,0,0,108,107,28015,1,0,0,1,1
2020-07-23,US,South Dakota,Corson,23,0,0,45.70889983,-101.1970473,46031.0,562.8976994615762,0.0,23,23,0,0,23,23,4165,0,0,0,0,0
2020-07-23,US,South Dakota,Custer,11,0,0,43.67741105,-103.45345209999999,46033.0,122.60365581810076,0.0,11,11,0,0,11,11,8726,0,0,0,0,0
2020-07-23,US,South Dakota,Davison,75,0,0,43.67490933,-98.14458906,46035.0,379.2667509481669,0.0,75,73,0,0,73,71,19790,2,0,0,2,2
2020-07-23,US,South Dakota,Day,20,0,0,45.367281,-97.60737498,46037.0,368.73156342182887,0.0,20,20,0,0,20,19,5505,0,0,0,0,1
2020-07-23,US,South Dakota,Deuel,6,0,0,44.75994309,-96.66943645,46039.0,137.89933348655478,0.0,6,5,0,0,5,5,4337,1,0,0,1,0
2020-07-23,US,South Dakota,Dewey,49,0,0,45.15639647,-100.8709139,46041.0,831.6361167684996,0.0,49,47,0,0,47,45,5904,2,0,0,2,2
2020-07-23,US,South Dakota,Douglas,16,0,0,43.38520741,-98.36978007,46043.0,547.757617254365,0.0,16,15,0,0,15,15,2935,1,0,0,1,0
2020-07-23,US,South Dakota,Edmunds,10,0,0,45.41846445,-99.21545423,46045.0,261.1647949856359,0.0,10,10,0,0,10,10,3875,0,0,0,0,0
2020-07-23,US,South Dakota,Fall River,14,0,0,43.23929297,-103.5275691,46047.0,208.5505735140772,0.0,14,14,0,0,14,14,6758,0,0,0,0,0
2020-07-23,US,South Dakota,Faulk,24,1,0,45.07082625,-99.14535601,46049.0,1043.9321444106133,4.166666666666667,23,24,1,0,23,24,2330,0,0,0,0,0
2020-07-23,US,South Dakota,Grant,18,0,0,45.1723937,-96.77002276,46051.0,255.24673851389682,0.0,18,17,0,0,17,17,7147,1,0,0,1,0
2020-07-23,US,South Dakota,Gregory,6,0,0,43.19419064,-99.18883902,46053.0,143.36917562724008,0.0,6,6,0,0,6,6,4212,0,0,0,0,0
2020-07-23,US,South Dakota,Haakon,1,0,0,44.29299053,-101.539099,46055.0,52.6592943654555,0.0,1,1,0,0,1,1,1918,0,0,0,0,0
2020-07-23,US,South Dakota,Hamlin,14,0,0,44.67385954,-97.18829593,46057.0,227.125243348475,0.0,14,14,0,0,14,13,6111,0,0,0,0,1
2020-07-23,US,South Dakota,Hand,7,0,0,44.54708407,-99.00386459,46059.0,219.36696960200558,0.0,7,7,0,0,7,7,3262,0,0,0,0,0
2020-07-23,US,South Dakota,Hanson,15,0,0,43.6746384,-97.78715148,46061.0,434.40486533449183,0.0,15,15,0,0,15,15,3376,0,0,0,0,0
2020-07-23,US,South Dakota,Hughes,81,2,0,44.39091534,-99.99661148,46065.0,462.1704895583704,2.469135802469136,79,78,2,0,76,78,17650,3,0,0,3,0
2020-07-23,US,South Dakota,Hutchinson,21,0,0,43.33449012,-97.75536441,46067.0,288.0263338362365,0.0,21,21,0,0,21,21,7380,0,0,0,0,0
2020-07-23,US,South Dakota,Hyde,3,0,0,44.54747703,-99.48572582,46069.0,230.59185242121444,0.0,3,3,0,0,3,3,1282,0,0,0,0,0
2020-07-23,US,South Dakota,Jackson,7,1,0,43.69318385,-101.6255063,46071.0,209.33014354066987,14.285714285714285,6,7,1,0,6,7,3307,0,0,0,0,0
2020-07-23,US,South Dakota,Jerauld,39,1,0,44.06637798,-98.62965972,46073.0,1937.4068554396426,2.5641025641025643,38,39,1,0,38,39,2043,0,0,0,0,0
2020-07-23,US,South Dakota,Jones,1,0,0,43.96278565,-100.6940008,46075.0,110.74197120708747,0.0,1,1,0,0,1,1,928,0,0,0,0,0
2020-07-23,US,South Dakota,Kingsbury,9,0,0,44.36956169,-97.4913945,46077.0,182.2231220894918,0.0,9,8,0,0,8,8,4919,1,0,0,1,0
2020-07-23,US,South Dakota,Lake,56,2,0,44.02193107,-97.12926365,46079.0,437.6025631007268,3.571428571428572,54,54,1,0,53,48,13057,2,1,0,1,6
2020-07-23,US,South Dakota,Lawrence,26,0,0,44.35919441,-103.79294279999999,46081.0,100.60362173038229,0.0,26,24,0,0,24,24,25741,2,0,0,2,0
2020-07-23,US,South Dakota,Lincoln,440,1,0,43.27841182,-96.72039050000001,46083.0,719.8010731579635,0.2272727272727273,439,431,1,0,430,422,58807,9,0,0,9,9
2020-07-23,US,South Dakota,Lyman,84,1,0,43.89522709,-99.85201878,46085.0,2221.6344882306266,1.1904761904761905,83,84,1,0,83,84,3821,0,0,0,0,0
2020-07-23,US,South Dakota,Marshall,6,0,0,45.75870838,-97.59855639,46091.0,121.580547112462,0.0,6,6,0,0,6,5,5112,0,0,0,0,1
2020-07-23,US,South Dakota,McCook,22,1,0,43.6742571,-97.36863144,46087.0,393.84174722520584,4.545454545454546,21,21,1,0,20,21,5546,1,0,0,1,0
2020-07-23,US,South Dakota,McPherson,6,0,0,45.76626028,-99.22118798,46089.0,252.20680958385879,0.0,6,6,0,0,6,6,2407,0,0,0,0,0
2020-07-23,US,South Dakota,Meade,63,1,0,44.56676791,-102.71627409999999,46093.0,222.36340533672168,1.5873015873015872,62,60,1,0,59,59,28294,3,0,0,3,1
2020-07-23,US,South Dakota,Mellette,21,0,0,43.58078848,-100.7563186,46095.0,1018.9228529839884,0.0,21,17,0,0,17,17,2042,4,0,0,4,0
2020-07-23,US,South Dakota,Miner,11,0,0,44.02197882,-97.60992207,46097.0,496.38989169675085,0.0,11,11,0,0,11,11,2213,0,0,0,0,0
2020-07-23,US,South Dakota,Minnehaha,3920,62,0,43.67441641,-96.7910885,46099.0,2029.678875806435,1.5816326530612246,3858,3907,62,0,3845,3889,192876,13,0,0,13,18
2020-07-23,US,South Dakota,Moody,26,0,0,44.02266214,-96.67081159,46101.0,395.37712895377126,0.0,26,26,0,0,26,26,6579,0,0,0,0,0
2020-07-23,US,South Dakota,Oglala Lakota,132,1,0,43.33749164,-102.55554980000001,46102.0,931.085561120124,0.7575757575757576,131,132,1,0,131,132,14309,0,0,0,0,0
2020-07-23,US,South Dakota,Pennington,765,25,0,44.0025835,-102.8240777,46103.0,672.3796967699407,3.2679738562091503,740,756,24,0,732,750,111729,9,1,0,8,6
2020-07-23,US,South Dakota,Perkins,4,0,0,45.49049506,-102.47555859999999,46105.0,139.61605584642234,0.0,4,4,0,0,4,4,2922,0,0,0,0,0
2020-07-23,US,South Dakota,Potter,1,0,0,45.06583079,-99.95498503,46107.0,46.44681839294008,0.0,1,,,,,,2207,,,,,
2020-07-23,US,South Dakota,Roberts,62,0,0,45.62975048,-96.94672673,46109.0,596.4979796036175,0.0,62,62,0,0,62,62,10447,0,0,0,0,0
2020-07-23,US,South Dakota,Sanborn,12,0,0,44.02351092,-98.09098159999999,46111.0,511.9453924914676,0.0,12,12,0,0,12,12,2429,0,0,0,0,0
2020-07-23,US,South Dakota,Spink,17,0,0,44.93837606,-98.34626602,46115.0,266.624843161857,0.0,17,17,0,0,17,17,6495,0,0,0,0,0
2020-07-23,US,South Dakota,Stanley,14,0,0,44.41381872,-100.7349153,46117.0,451.9044544867656,0.0,14,14,0,0,14,14,3022,0,0,0,0,0
2020-07-23,US,South Dakota,Sully,1,0,0,44.71571812,-100.1278092,46119.0,71.89072609633357,0.0,1,1,0,0,1,1,1392,0,0,0,0,0
2020-07-23,US,South Dakota,Todd,66,3,0,43.19338568,-100.71955030000001,46121.0,648.5211751989781,4.545454545454546,63,66,3,0,63,65,10283,0,0,0,0,1
2020-07-23,US,South Dakota,Tripp,19,0,0,43.34459388,-99.8854891,46123.0,349.2005146112847,0.0,19,19,0,0,19,19,5478,0,0,0,0,0
2020-07-23,US,South Dakota,Turner,34,0,0,43.3109081,-97.14865776,46125.0,405.5343511450382,0.0,34,33,0,0,33,33,8424,1,0,0,1,0
2020-07-23,US,South Dakota,Union,168,2,0,42.83112163,-96.6557828,46127.0,1054.481546572935,1.1904761904761905,166,166,2,0,164,166,15619,2,0,0,2,0
2020-07-23,US,South Dakota,Walworth,18,0,0,45.43019636,-100.03075140000001,46129.0,331.1867525298988,0.0,18,18,0,0,18,18,5587,0,0,0,0,0
2020-07-23,US,South Dakota,Yankton,95,2,0,43.00924485,-97.39467635,46135.0,416.4109757166652,2.1052631578947367,93,91,2,0,89,91,22869,4,0,0,4,0
2020-07-23,US,South Dakota,Ziebach,3,0,0,44.97881876,-101.6654622,46137.0,108.8534107402032,0.0,3,3,0,0,3,3,2742,0,0,0,0,0
2020-07-23,US,Tennessee,Anderson,374,3,0,36.12684348,-84.19965764,47001.0,485.8531008859674,0.8021390374331551,371,335,3,0,332,327,76482,39,0,0,39,8
2020-07-23,US,Tennessee,Bedford,711,10,0,35.51123746,-86.45549096,47003.0,1430.2094019672925,1.4064697609001406,701,696,10,0,686,695,49038,15,0,0,15,1
2020-07-23,US,Tennessee,Benton,37,1,0,36.07110411,-88.06849355,47005.0,228.96039603960395,2.702702702702702,36,33,1,0,32,32,16184,4,0,0,4,1
2020-07-23,US,Tennessee,Bledsoe,646,1,0,35.59942968,-85.20611967,47007.0,4288.369622942114,0.15479876160990713,645,643,1,0,642,643,14755,3,0,0,3,0
2020-07-23,US,Tennessee,Blount,709,7,0,35.68938198,-83.92847788,47009.0,532.730223611445,0.9873060648801129,702,663,6,0,657,592,131349,46,1,0,45,71
2020-07-23,US,Tennessee,Bradley,1330,9,0,35.15739424,-84.857186,47011.0,1230.2284710017575,0.6766917293233082,1321,1284,8,0,1276,1271,106727,46,1,0,45,13
2020-07-23,US,Tennessee,Campbell,115,1,0,36.40355516,-84.15108559999999,47013.0,288.640128507605,0.8695652173913043,114,106,1,0,105,102,39583,9,0,0,9,4
2020-07-23,US,Tennessee,Cannon,87,0,0,35.80990797,-86.05738983,47015.0,592.7238043330152,0.0,87,78,0,0,78,72,14462,9,0,0,9,6
2020-07-23,US,Tennessee,Carroll,107,2,0,35.97366108,-88.45189331,47017.0,385.3495156120575,1.8691588785046729,105,90,2,0,88,85,28020,17,0,0,17,5
2020-07-23,US,Tennessee,Carter,250,2,0,36.28969086,-82.12588974,47019.0,443.33315600007086,0.8,248,225,2,0,223,220,56351,25,0,0,25,5
2020-07-23,US,Tennessee,Cheatham,397,4,0,36.26136216,-87.08903581,47021.0,976.2215063810953,1.0075566750629723,393,382,4,0,378,375,40439,15,0,0,15,7
2020-07-23,US,Tennessee,Chester,132,0,0,35.42527478,-88.6095842,47023.0,763.1381164363762,0.0,132,126,0,0,126,125,17276,6,0,0,6,1
2020-07-23,US,Tennessee,Claiborne,135,0,0,36.48319149,-83.65947309,47025.0,422.41622078287804,0.0,135,127,0,0,127,124,31756,8,0,0,8,3
2020-07-23,US,Tennessee,Clay,41,0,0,36.55151008,-85.53930419,47027.0,538.4110308601445,0.0,41,39,0,0,39,35,7717,2,0,0,2,4
2020-07-23,US,Tennessee,Cocke,251,1,0,35.9278914,-83.11828725,47029.0,697.1447616931453,0.398406374501992,250,238,1,0,237,231,35774,13,0,0,13,7
2020-07-23,US,Tennessee,Coffee,233,0,0,35.49090731,-86.07311784,47031.0,412.2434536447275,0.0,233,221,0,0,221,220,55700,12,0,0,12,1
2020-07-23,US,Tennessee,Crockett,130,3,0,35.81830662,-89.14916269,47033.0,913.5628952916372,2.3076923076923075,127,115,3,0,112,113,14328,15,0,0,15,2
2020-07-23,US,Tennessee,Cumberland,287,6,0,35.95271721,-84.99840585,47035.0,474.22339722405815,2.0905923344947737,281,276,6,0,270,273,59673,11,0,0,11,3
2020-07-23,US,Tennessee,Davidson,16956,179,0,36.17007426,-86.78646056,47037.0,2442.720818735017,1.0556735079028072,16777,16695,173,0,16522,16545,692587,261,6,0,255,150
2020-07-23,US,Tennessee,DeKalb,192,1,0,35.97616272,-85.83689361,47041.0,937.0424597364567,0.5208333333333334,191,184,1,0,183,180,20138,8,0,0,8,4
2020-07-23,US,Tennessee,Decatur,85,0,0,35.60048904,-88.11043779,47039.0,728.8004801509047,0.0,85,75,0,0,75,69,11706,10,0,0,10,6
2020-07-23,US,Tennessee,Dickson,421,0,0,36.14669837,-87.35891709,47043.0,780.3811077333728,0.0,421,402,0,0,402,398,53446,19,0,0,19,4
2020-07-23,US,Tennessee,Dyer,400,5,0,36.05931946,-89.41542855,47045.0,1076.455232918001,1.25,395,383,5,0,378,383,37320,17,0,0,17,0
2020-07-23,US,Tennessee,Fayette,510,8,0,35.19615831,-89.41399032,47047.0,1239.8803880096273,1.568627450980392,502,495,8,0,487,495,40507,15,0,0,15,0
2020-07-23,US,Tennessee,Fentress,48,0,0,36.38128818,-84.92870012,47049.0,259.1372887761162,0.0,48,46,0,0,46,45,18217,2,0,0,2,1
2020-07-23,US,Tennessee,Franklin,171,3,0,35.15634626,-86.09201039,47051.0,405.13646702047004,1.7543859649122806,168,168,3,0,165,166,41890,3,0,0,3,2
2020-07-23,US,Tennessee,Gibson,346,1,0,35.99438059,-88.93358327,47053.0,704.2110190706858,0.28901734104046245,345,330,1,0,329,327,49045,16,0,0,16,3
2020-07-23,US,Tennessee,Giles,234,4,0,35.20222469,-87.03992678,47055.0,794.1895194135216,1.709401709401709,230,223,4,0,219,213,29503,11,0,0,11,10
2020-07-23,US,Tennessee,Grainger,97,0,0,36.27469206,-83.51254721,47057.0,415.9519725557462,0.0,97,92,0,0,92,92,23145,5,0,0,5,0
2020-07-23,US,Tennessee,Greene,243,4,0,36.17470125,-82.84691273,47059.0,351.8220909525258,1.6460905349794241,239,237,4,0,233,238,69087,6,0,0,6,-1
2020-07-23,US,Tennessee,Grundy,77,2,0,35.38433717,-85.72142731,47061.0,573.4713636702168,2.5974025974025974,75,74,2,0,72,73,13346,3,0,0,3,1
2020-07-23,US,Tennessee,Hamblen,793,6,0,36.21990035,-83.26586179,47063.0,1221.2400283364648,0.7566204287515763,787,743,6,0,737,738,64569,50,0,0,50,5
2020-07-23,US,Tennessee,Hamilton,4604,41,0,35.17670231,-85.16652245,47065.0,1251.7536514012895,0.8905299739357081,4563,4523,40,0,4483,4424,364286,81,1,0,80,99
2020-07-23,US,Tennessee,Hancock,43,0,0,36.52692871,-83.22375847,47067.0,649.546827794562,0.0,43,39,0,0,39,37,6549,4,0,0,4,2
2020-07-23,US,Tennessee,Hardeman,614,9,0,35.20772017,-88.99161161,47069.0,2451.097804391218,1.4657980456026058,605,579,8,0,571,577,25220,35,1,0,34,2
2020-07-23,US,Tennessee,Hardin,260,7,0,35.19732531,-88.18593755,47071.0,1013.5661936691097,2.6923076923076925,253,238,7,0,231,231,25776,22,0,0,22,7
2020-07-23,US,Tennessee,Hawkins,162,2,0,36.44355426,-82.94885298,47073.0,285.28158348888815,1.2345679012345678,160,155,2,0,153,153,56530,7,0,0,7,2
2020-07-23,US,Tennessee,Haywood,224,4,0,35.58332824,-89.28536625,47075.0,1294.4983818770227,1.7857142857142858,220,206,4,0,202,203,17335,18,0,0,18,3
2020-07-23,US,Tennessee,Henderson,252,0,0,35.65581134,-88.38600175,47077.0,896.2549347369917,0.0,252,211,0,0,211,206,27847,41,0,0,41,5
2020-07-23,US,Tennessee,Henry,88,1,0,36.33160906,-88.30121797,47079.0,272.066780027825,1.1363636363636365,87,75,1,0,74,69,32358,13,0,0,13,6
2020-07-23,US,Tennessee,Hickman,161,0,0,35.80609681,-87.47643507,47081.0,639.447136388911,0.0,161,154,0,0,154,150,25063,7,0,0,7,4
2020-07-23,US,Tennessee,Houston,34,0,0,36.28872054,-87.71878828,47083.0,414.58358736739416,0.0,34,31,0,0,31,31,8263,3,0,0,3,0
2020-07-23,US,Tennessee,Humphreys,63,3,0,36.03958805,-87.77992872,47085.0,339.0377784953181,4.761904761904762,60,63,2,0,61,62,18486,0,1,0,-1,1
2020-07-23,US,Tennessee,Jackson,91,0,0,36.36380466,-85.67239905,47087.0,772.1024944849823,0.0,91,90,0,0,90,87,11758,1,0,0,1,3
2020-07-23,US,Tennessee,Jefferson,317,1,0,36.04818632,-83.45148924,47089.0,581.7047435544547,0.3154574132492113,316,289,1,0,288,284,54012,28,0,0,28,5
2020-07-23,US,Tennessee,Johnson,54,0,0,36.45523950000001,-81.84886538,47091.0,303.5754441196312,0.0,54,52,0,0,52,52,17778,2,0,0,2,0
2020-07-23,US,Tennessee,Knox,2703,21,0,35.99508821,-83.94635435,47093.0,574.7236414898164,0.7769145394006659,2682,2578,21,0,2557,2539,465289,125,0,0,125,39
2020-07-23,US,Tennessee,Lake,703,0,0,36.34180170000001,-89.48921915,47095.0,10019.954389965793,0.0,703,702,0,0,702,702,7411,1,0,0,1,0
2020-07-23,US,Tennessee,Lauderdale,287,6,0,35.75893438,-89.63015909999999,47097.0,1119.650450591035,2.0905923344947737,281,268,5,0,263,267,25825,19,1,0,18,1
2020-07-23,US,Tennessee,Lawrence,332,6,0,35.21675201,-87.39787695,47099.0,752.1181641067468,1.8072289156626504,326,324,6,0,318,321,43734,8,0,0,8,3
2020-07-23,US,Tennessee,Lewis,27,0,0,35.52853208,-87.49022694,47101.0,220.08477339419628,0.0,27,22,0,0,22,21,12086,5,0,0,5,1
2020-07-23,US,Tennessee,Lincoln,165,1,0,35.13738622,-86.58910106,47103.0,480.12570563929467,0.6060606060606061,164,152,0,0,152,148,34117,13,1,0,12,4
2020-07-23,US,Tennessee,Loudon,484,3,0,35.73939663,-84.31145275,47105.0,895.1690463860324,0.6198347107438017,481,443,3,0,440,437,53054,41,0,0,41,6
2020-07-23,US,Tennessee,Macon,747,10,0,36.53157855,-86.00778595,47111.0,3036.338509064304,1.3386880856760377,737,736,9,0,727,729,24265,11,1,0,10,7
2020-07-23,US,Tennessee,Madison,562,8,0,35.61181957,-88.84076036,47113.0,573.5630306988896,1.4234875444839858,554,530,3,0,527,522,97605,32,5,0,27,8
2020-07-23,US,Tennessee,Marion,143,4,0,35.12997174,-85.62265895,47115.0,494.6898675061404,2.797202797202797,139,135,4,0,131,134,28575,8,0,0,8,1
2020-07-23,US,Tennessee,Marshall,178,2,0,35.45798777,-86.76420988,47117.0,517.8181818181819,1.1235955056179776,176,173,2,0,171,173,33683,5,0,0,5,0
2020-07-23,US,Tennessee,Maury,758,4,0,35.618741299999996,-87.07462444,47119.0,786.4131055017792,0.5277044854881267,754,712,4,0,708,689,94340,46,0,0,46,23
2020-07-23,US,Tennessee,McMinn,393,20,0,35.42812616,-84.61520715,47107.0,730.5647469978064,5.089058524173028,373,384,19,0,365,382,53285,9,1,0,8,2
2020-07-23,US,Tennessee,McNairy,195,1,0,35.17468549,-88.5647812,47109.0,758.9320463921538,0.5128205128205128,194,178,1,0,177,178,25832,17,0,0,17,0
2020-07-23,US,Tennessee,Meigs,62,0,0,35.51558739,-84.81482914,47121.0,499.1144743197554,0.0,62,61,0,0,61,60,12306,1,0,0,1,1
2020-07-23,US,Tennessee,Monroe,225,7,0,35.44550387,-84.24902965,47123.0,483.40315823396713,3.111111111111111,218,213,7,0,206,213,46357,12,0,0,12,0
2020-07-23,US,Tennessee,Montgomery,1288,9,0,36.49609412,-87.38550661,47125.0,616.2885838281665,0.6987577639751553,1279,1222,9,0,1213,1196,205950,66,0,0,66,26
2020-07-23,US,Tennessee,Moore,35,0,0,35.27724699,-86.36230578,47127.0,539.4574599260171,0.0,35,34,0,0,34,32,6411,1,0,0,1,2
2020-07-23,US,Tennessee,Morgan,50,1,0,36.13248031,-84.64880098,47129.0,233.61211045180585,2.0,49,46,1,0,45,45,21579,4,0,0,4,1
2020-07-23,US,Tennessee,Obion,230,4,0,36.35732446,-89.14921589,47131.0,764.9073796933719,1.7391304347826086,226,191,3,0,188,191,30267,39,1,0,38,0
2020-07-23,US,Tennessee,Out of TN,2345,12,0,0.0,0.0,80047.0,0.0,0.511727078891258,2333,2268,10,0,2258,2179,,77,2,0,75,89
2020-07-23,US,Tennessee,Overton,102,1,0,36.34117832,-85.28989535,47133.0,458.61247246077073,0.9803921568627452,101,100,1,0,99,98,22068,2,0,0,2,2
2020-07-23,US,Tennessee,Perry,56,0,0,35.63708728,-87.86139634,47135.0,693.4125804853888,0.0,56,53,0,0,53,52,8064,3,0,0,3,1
2020-07-23,US,Tennessee,Pickett,16,1,0,36.55606529,-85.07763299999998,47137.0,316.9572107765452,6.25,15,13,1,0,12,13,5082,3,0,0,3,0
2020-07-23,US,Tennessee,Polk,85,0,0,35.12245443,-84.52075859,47139.0,504.99049429657794,0.0,85,79,0,0,79,75,16898,6,0,0,6,4
2020-07-23,US,Tennessee,Putnam,1313,9,0,36.14005459,-85.50646123,47141.0,1636.2390180073526,0.6854531607006854,1304,1275,8,0,1267,1267,78843,38,1,0,37,8
2020-07-23,US,Tennessee,Rhea,410,1,0,35.60536161,-84.93076643,47143.0,1236.1684807187867,0.24390243902439024,409,409,1,0,408,409,33044,1,0,0,1,0
2020-07-23,US,Tennessee,Roane,189,0,0,35.84923189,-84.52458689,47145.0,354.05192761605036,0.0,189,156,0,0,156,147,53140,33,0,0,33,9
2020-07-23,US,Tennessee,Robertson,1197,16,0,36.52454807,-86.87346725,47147.0,1666.8291256457746,1.3366750208855471,1181,1184,15,0,1169,1160,71012,13,1,0,12,24
2020-07-23,US,Tennessee,Rutherford,5016,45,0,35.84591405,-86.4107263,47149.0,1509.547526972328,0.8971291866028708,4971,4828,43,0,4785,4716,324890,188,2,0,186,112
2020-07-23,US,Tennessee,Scott,39,0,0,36.42325673,-84.50360494,47151.0,176.72648178357804,0.0,39,39,0,0,39,38,22039,0,0,0,0,1
2020-07-23,US,Tennessee,Sequatchie,69,0,0,35.36979721,-85.41022136,47153.0,459.2040463197125,0.0,69,68,0,0,68,64,14876,1,0,0,1,4
2020-07-23,US,Tennessee,Sevier,1269,4,0,35.78077323,-83.52244332,47155.0,1291.6030534351144,0.3152088258471237,1265,1174,4,0,1170,1156,97892,95,0,0,95,18
2020-07-23,US,Tennessee,Shelby,17278,260,0,35.1864775,-89.89692423,47157.0,1843.6434953892904,1.5048037967357333,17018,16966,257,0,16709,16904,935764,312,3,0,309,62
2020-07-23,US,Tennessee,Smith,268,2,0,36.25359775,-85.95411046,47159.0,1329.5629309917153,0.746268656716418,266,261,2,0,259,259,19942,7,0,0,7,2
2020-07-23,US,Tennessee,Stewart,50,0,0,36.50235092,-87.83920548,47161.0,364.5643456069996,0.0,50,48,0,0,48,47,13561,2,0,0,2,1
2020-07-23,US,Tennessee,Sullivan,489,6,0,36.51240691,-82.30412917,47163.0,308.81349938111,1.2269938650306749,483,457,6,0,451,444,157668,32,0,0,32,13
2020-07-23,US,Tennessee,Sumner,2721,65,0,36.46824103,-86.45917204,47165.0,1422.4996471197128,2.388827636898199,2656,2670,62,0,2608,2571,187149,51,3,0,48,99
2020-07-23,US,Tennessee,Tipton,877,8,0,35.501942,-89.73694895,47167.0,1423.7244111105701,0.9122006841505133,869,840,8,0,832,835,61581,37,0,0,37,5
2020-07-23,US,Tennessee,Trousdale,1556,6,0,36.39026213,-86.16087954,47169.0,13789.436370081534,0.3856041131105398,1550,1548,6,0,1542,1547,11012,8,0,0,8,1
2020-07-23,US,Tennessee,Unassigned,2721,3,0,0.0,0.0,90047.0,0.0,0.11025358324145534,2718,2707,2,0,2705,1381,,14,1,0,13,1326
2020-07-23,US,Tennessee,Unicoi,77,0,0,36.10890856,-82.43709629,47171.0,430.5765251915226,0.0,77,75,0,0,75,70,17761,2,0,0,2,5
2020-07-23,US,Tennessee,Union,61,0,0,36.28590426,-83.83651902,47173.0,305.4275986380933,0.0,61,59,0,0,59,56,19688,2,0,0,2,3
2020-07-23,US,Tennessee,Van Buren,19,0,0,35.69864497,-85.45221699,47175.0,323.5694822888284,0.0,19,15,0,0,15,15,5765,4,0,0,4,0
2020-07-23,US,Tennessee,Warren,262,3,0,35.672829899999996,-85.77969117,47177.0,634.7360515541342,1.1450381679389312,259,248,3,0,245,248,40878,14,0,0,14,0
2020-07-23,US,Tennessee,Washington,523,0,0,36.29472368,-82.49454720000001,47179.0,404.2512077294686,0.0,523,502,0,0,502,490,128607,21,0,0,21,12
2020-07-23,US,Tennessee,Wayne,169,0,0,35.23868267,-87.78644456,47181.0,1013.6148263659807,0.0,169,159,0,0,159,157,16558,10,0,0,10,2
2020-07-23,US,Tennessee,Weakley,123,1,0,36.29896232,-88.71990865,47183.0,369.05904944791166,0.8130081300813008,122,109,1,0,108,109,33415,14,0,0,14,0
2020-07-23,US,Tennessee,White,145,3,0,35.92929884,-85.45591799,47185.0,530.2614737611995,2.0689655172413794,142,138,3,0,135,132,27107,7,0,0,7,6
2020-07-23,US,Tennessee,Williamson,2717,21,0,35.89099229,-86.89281867,47187.0,1139.6238444373605,0.7729112992270887,2696,2648,19,0,2629,2599,231729,69,2,0,67,49
2020-07-23,US,Tennessee,Wilson,1746,20,0,36.15496772,-86.29775884,47189.0,1206.9930940085858,1.145475372279496,1726,1688,19,0,1669,1664,140625,58,1,0,57,24
2020-07-23,US,Texas,Anderson,2077,4,0,31.81534745,-95.65354823,48001.0,3597.471204641898,0.19258545979778527,2073,2062,4,0,2058,2051,58057,15,0,0,15,11
2020-07-23,US,Texas,Andrews,215,3,0,32.30468633,-102.63765479999999,48003.0,1149.425287356322,1.3953488372093024,212,212,3,0,209,198,18128,3,0,0,3,14
2020-07-23,US,Texas,Angelina,1234,14,0,31.25457347,-94.60901487,48005.0,1423.0525283976244,1.1345218800648298,1220,1234,14,0,1220,1000,87092,0,0,0,0,234
2020-07-23,US,Texas,Aransas,114,0,0,28.10556197,-96.9995047,48007.0,484.9000425350915,0.0,114,111,0,0,111,106,23792,3,0,0,3,5
2020-07-23,US,Texas,Archer,13,0,0,33.61569967,-98.68754589,48009.0,151.9934525897346,0.0,13,13,0,0,13,13,8786,0,0,0,0,0
2020-07-23,US,Texas,Armstrong,3,0,0,34.96507426,-101.35748740000001,48011.0,158.9825119236884,0.0,3,3,0,0,3,3,1892,0,0,0,0,0
2020-07-23,US,Texas,Atascosa,390,3,0,28.89333001,-98.52730485,48013.0,762.4186264735208,0.7692307692307693,387,379,3,0,376,370,50310,11,0,0,11,9
2020-07-23,US,Texas,Austin,170,0,0,29.88548725,-96.27736949,48015.0,566.0628662759722,0.0,170,169,0,0,169,165,29989,1,0,0,1,4
2020-07-23,US,Texas,Bailey,128,1,0,34.06854817,-102.8299707,48017.0,1828.571428571429,0.78125,127,126,1,0,125,126,7027,2,0,0,2,0
2020-07-23,US,Texas,Bandera,56,0,0,29.74619598,-99.24598147,48019.0,242.29837313949463,0.0,56,54,0,0,54,51,22824,2,0,0,2,3
2020-07-23,US,Texas,Bastrop,1110,12,0,30.10370699,-97.31206354,48021.0,1251.0848370771953,1.0810810810810811,1098,1056,12,0,1044,1046,86976,54,0,0,54,10
2020-07-23,US,Texas,Baylor,2,0,0,33.61640794,-99.21352901,48023.0,56.99629524080935,0.0,2,2,0,0,2,2,3582,0,0,0,0,0
2020-07-23,US,Texas,Bee,285,1,0,28.41761668,-97.74215593,48025.0,875.1727314601566,0.3508771929824561,284,268,1,0,267,268,32587,17,0,0,17,0
2020-07-23,US,Texas,Bell,2931,18,0,31.03736027,-97.4785025,48027.0,807.607102313432,0.6141248720573184,2913,2875,18,0,2857,2788,355642,56,0,0,56,87
2020-07-23,US,Texas,Bexar,34663,298,0,29.44928723,-98.52019748,48029.0,1730.0756555600697,0.8597063150910192,34365,33555,283,0,33272,31316,1986049,1108,15,0,1093,2239
2020-07-23,US,Texas,Blanco,78,1,0,30.26640707,-98.3999852,48031.0,653.7591149107368,1.2820512820512822,77,76,1,0,75,76,11702,2,0,0,2,0
2020-07-23,US,Texas,Bosque,95,0,0,31.89978581,-97.63613524,48035.0,508.42922130050835,0.0,95,83,0,0,83,76,18691,12,0,0,12,7
2020-07-23,US,Texas,Bowie,661,17,0,33.44626922,-94.41834132,48037.0,708.8851949166175,2.571860816944024,644,649,17,0,632,630,94324,12,0,0,12,19
2020-07-23,US,Texas,Brazoria,5177,35,0,29.18757369,-95.44563172,48039.0,1383.2481884445206,0.6760672203979139,5142,5068,34,0,5034,4896,370200,109,1,0,108,172
2020-07-23,US,Texas,Brazos,3522,42,0,30.663644800000004,-96.30205577,48041.0,1536.5754697636676,1.192504258943782,3480,3442,42,0,3400,3407,226758,80,0,0,80,35
2020-07-23,US,Texas,Brewster,164,1,0,29.81008251,-103.25203259999999,48043.0,1782.0275996957516,0.6097560975609756,163,162,1,0,161,162,9267,2,0,0,2,0
2020-07-23,US,Texas,Briscoe,9,1,0,34.53026962,-101.2084947,48045.0,582.1474773609315,11.111111111111109,8,9,1,0,8,9,1516,0,0,0,0,0
2020-07-23,US,Texas,Brooks,57,0,0,27.03103197,-98.21808402,48047.0,803.6091921612857,0.0,57,57,0,0,57,56,7114,0,0,0,0,1
2020-07-23,US,Texas,Brown,303,16,0,31.77430356,-98.99907113,48049.0,800.2324107331502,5.2805280528052805,287,299,13,0,286,289,37924,4,3,0,1,10
2020-07-23,US,Texas,Burleson,212,0,0,30.49273808,-96.62158484,48051.0,1149.4876104755192,0.0,212,201,0,0,201,197,18389,11,0,0,11,4
2020-07-23,US,Texas,Burnet,379,6,0,30.78801353,-98.181887,48053.0,787.0418440452705,1.5831134564643798,373,361,6,0,355,345,47542,18,0,0,18,16
2020-07-23,US,Texas,Caldwell,941,7,0,29.83668859,-97.61814775,48055.0,2155.0934408208136,0.7438894792773645,934,904,7,0,897,870,43247,37,0,0,37,34
2020-07-23,US,Texas,Calhoun,322,3,0,28.47048236,-96.61633945,48057.0,1512.447158290277,0.9316770186335404,319,277,3,0,274,258,21561,45,0,0,45,19
2020-07-23,US,Texas,Callahan,37,2,0,32.29760619,-99.37326312,48059.0,265.36613354371366,5.405405405405406,35,37,2,0,35,36,13994,0,0,0,0,1
2020-07-23,US,Texas,Cameron,6854,137,0,26.14524221,-97.48140372,48061.0,1619.706826920123,1.9988327983659175,6717,6520,126,0,6394,6213,423908,334,11,0,323,307
2020-07-23,US,Texas,Camp,176,2,0,32.97195142,-94.97790104,48063.0,1344.12708110585,1.1363636363636365,174,175,2,0,173,170,13033,1,0,0,1,5
2020-07-23,US,Texas,Carson,10,0,0,35.40365929,-101.35426690000001,48065.0,168.74789065136684,0.0,10,10,0,0,10,10,6005,0,0,0,0,0
2020-07-23,US,Texas,Cass,99,3,0,33.07499881,-94.34646905,48067.0,329.7142476520349,3.0303030303030303,96,96,3,0,93,92,30119,3,0,0,3,4
2020-07-23,US,Texas,Castro,146,1,0,34.53016752,-102.2617243,48069.0,1938.911022576361,0.6849315068493149,145,146,1,0,145,146,7665,0,0,0,0,0
2020-07-23,US,Texas,Chambers,777,5,0,29.70972016,-94.67154501,48071.0,1772.4753062481464,0.6435006435006435,772,756,5,0,751,735,42454,21,0,0,21,21
2020-07-23,US,Texas,Cherokee,583,2,0,31.837258000000002,-95.16559897,48073.0,1107.3965733389052,0.3430531732418525,581,583,2,0,581,516,52592,0,0,0,0,67
2020-07-23,US,Texas,Childress,14,0,0,34.529304100000004,-100.2077916,48075.0,191.62332329592118,0.0,14,14,0,0,14,9,7291,0,0,0,0,5
2020-07-23,US,Texas,Clay,21,0,0,33.78686685,-98.20771198,48077.0,200.55391080126066,0.0,21,20,0,0,20,19,10456,1,0,0,1,1
2020-07-23,US,Texas,Cochran,10,0,0,33.60425307,-102.82844990000001,48079.0,350.5082369435682,0.0,10,9,0,0,9,9,2836,1,0,0,1,0
2020-07-23,US,Texas,Coke,17,1,0,31.88911733,-100.5297533,48081.0,501.91910245054635,5.882352941176472,16,14,1,0,13,10,3370,3,0,0,3,4
2020-07-23,US,Texas,Coleman,8,0,0,31.76736834,-99.45240766,48083.0,97.85932721712538,0.0,8,7,0,0,7,7,8397,1,0,0,1,0
2020-07-23,US,Texas,Collin,5748,72,0,33.18820114,-96.57264368,48085.0,555.5072337711287,1.2526096033402925,5676,5614,66,0,5548,5456,1005146,134,6,0,128,158
2020-07-23,US,Texas,Collingsworth,6,0,0,34.96489496,-100.27001109999999,48087.0,205.4794520547945,0.0,6,6,0,0,6,6,2962,0,0,0,0,0
2020-07-23,US,Texas,Colorado,219,0,0,29.622097999999998,-96.5273805,48089.0,1018.9363978969898,0.0,219,216,0,0,216,215,21217,3,0,0,3,1
2020-07-23,US,Texas,Comal,1415,43,0,29.80811278,-98.27647225,48091.0,905.8376918103313,3.03886925795053,1372,1406,43,0,1363,1380,148373,9,0,0,9,26
2020-07-23,US,Texas,Comanche,194,2,0,31.94854689,-98.55876441,48093.0,1422.8089475614227,1.0309278350515465,192,188,2,0,186,187,13534,6,0,0,6,1
2020-07-23,US,Texas,Concho,20,0,0,31.32635934,-99.86473038,48095.0,733.6757153338225,0.0,20,20,0,0,20,19,4276,0,0,0,0,1
2020-07-23,US,Texas,Cooke,166,0,0,33.63979567,-97.21240912,48097.0,402.35596383643997,0.0,166,156,0,0,156,153,40574,10,0,0,10,3
2020-07-23,US,Texas,Coryell,490,3,0,31.39078397,-97.79936155,48099.0,645.1527958815552,0.6122448979591837,487,472,3,0,469,445,74808,18,0,0,18,27
2020-07-23,US,Texas,Cottle,6,1,0,34.07783319,-100.27850620000001,48101.0,429.1845493562232,16.666666666666668,5,6,1,0,5,6,1389,0,0,0,0,0
2020-07-23,US,Texas,Crane,65,10,0,31.43052248,-102.5143314,48103.0,1355.0135501355016,15.384615384615385,55,65,10,0,55,65,4794,0,0,0,0,0
2020-07-23,US,Texas,Crockett,126,1,0,30.72367027,-101.4134238,48105.0,3637.4133949191687,0.7936507936507936,125,118,1,0,117,115,3499,8,0,0,8,3
2020-07-23,US,Texas,Crosby,37,3,0,33.61431553,-101.30003640000001,48107.0,644.936377897856,8.108108108108109,34,37,3,0,34,36,5779,0,0,0,0,1
2020-07-23,US,Texas,Culberson,13,1,0,31.44506775,-104.5185739,48109.0,598.8023952095807,7.6923076923076925,12,13,1,0,12,13,2204,0,0,0,0,0
2020-07-23,US,Texas,Dallam,171,1,0,36.27787176,-102.60207249999999,48111.0,2346.6447097571013,0.5847953216374269,170,158,1,0,157,150,7200,13,0,0,13,8
2020-07-23,US,Texas,Dallas,44087,579,0,32.76670599,-96.77796049999999,48113.0,1672.803352360601,1.3133123142876586,43508,43439,567,0,42872,43026,2637772,648,12,0,636,413
2020-07-23,US,Texas,Dawson,112,1,0,32.74255572,-101.94772420000001,48115.0,879.9497171590193,0.8928571428571429,111,112,1,0,111,106,12619,0,0,0,0,6
2020-07-23,US,Texas,DeWitt,442,11,0,29.08101855,-97.35681170000001,48123.0,2192.4603174603176,2.4886877828054303,431,442,11,0,431,307,20187,0,0,0,0,135
2020-07-23,US,Texas,Deaf Smith,491,19,0,34.96522957,-102.6054267,48117.0,2647.471152809231,3.8696537678207736,472,486,19,0,467,468,18760,5,0,0,5,18
2020-07-23,US,Texas,Delta,12,0,0,33.38570922,-95.66921122,48119.0,225.09848058525608,0.0,12,12,0,0,12,11,5349,0,0,0,0,1
2020-07-23,US,Texas,Denton,5544,46,0,33.20521901,-97.11691153,48121.0,624.8823555269514,0.8297258297258298,5498,5316,45,0,5271,5098,859064,228,1,0,227,218
2020-07-23,US,Texas,Dickens,4,0,0,33.61616822,-100.7788855,48125.0,180.91361374943463,0.0,4,4,0,0,4,4,2249,0,0,0,0,0
2020-07-23,US,Texas,Dimmit,72,0,0,28.42270064,-99.75645095,48127.0,711.1813512445674,0.0,72,61,0,0,61,60,10308,11,0,0,11,1
2020-07-23,US,Texas,Donley,37,0,0,34.96517499,-100.8140093,48129.0,1128.7370347773033,0.0,37,37,0,0,37,35,3319,0,0,0,0,2
2020-07-23,US,Texas,Duval,110,0,0,27.68184592,-98.50864568,48131.0,985.9281168772967,0.0,110,109,0,0,109,106,11212,1,0,0,1,3
2020-07-23,US,Texas,Eastland,35,0,0,32.32743996,-98.83243566,48133.0,190.6318082788671,0.0,35,34,0,0,34,34,18322,1,0,0,1,0
2020-07-23,US,Texas,Ector,2659,34,0,31.86898877,-102.54294279999999,48135.0,1599.658290368962,1.2786761940579163,2625,2659,34,0,2625,2403,162124,0,0,0,0,256
2020-07-23,US,Texas,Edwards,20,0,0,29.98202582,-100.304252,48137.0,1035.1966873706003,0.0,20,18,0,0,18,15,1928,2,0,0,2,3
2020-07-23,US,Texas,El Paso,12501,211,0,31.76980765,-106.23632749999999,48141.0,1489.5655344491074,1.687864970802336,12290,12297,196,0,12101,12041,840758,204,15,0,189,256
2020-07-23,US,Texas,Ellis,2183,21,0,32.34894117,-96.79371841,48139.0,1181.1108826680231,0.9619789280806228,2162,2129,21,0,2108,2090,179436,54,0,0,54,39
2020-07-23,US,Texas,Erath,358,3,0,32.23602653,-98.21773417,48143.0,838.4467656564709,0.8379888268156425,355,353,3,0,350,350,42446,5,0,0,5,3
2020-07-23,US,Texas,Falls,95,0,0,31.25350609,-96.93630086,48145.0,549.2281898595131,0.0,95,78,0,0,78,75,17335,17,0,0,17,3
2020-07-23,US,Texas,Fannin,181,8,0,33.59564294,-96.10751083,48147.0,509.6581629779805,4.419889502762431,173,181,8,0,173,175,35286,0,0,0,0,6
2020-07-23,US,Texas,Fayette,326,5,0,29.87788372,-96.92076062,48149.0,1286.1990057602775,1.5337423312883436,321,309,5,0,304,247,25349,17,0,0,17,62
2020-07-23,US,Texas,Fisher,23,1,0,32.74281316,-100.40193020000001,48151.0,600.5221932114882,4.3478260869565215,22,23,1,0,22,22,3839,0,0,0,0,1
2020-07-23,US,Texas,Floyd,63,4,0,34.07227468,-101.3031546,48153.0,1102.9411764705883,6.349206349206349,59,63,4,0,59,63,5837,0,0,0,0,0
2020-07-23,US,Texas,Foard,1,0,0,33.97308618,-99.7767797,48155.0,86.5800865800866,0.0,1,1,0,0,1,2,1200,0,0,0,0,-1
2020-07-23,US,Texas,Fort Bend,6352,85,0,29.52704478,-95.77219463,48157.0,782.566700505613,1.3381612090680102,6267,6239,78,0,6161,5995,787858,113,7,0,106,244
2020-07-23,US,Texas,Franklin,71,1,0,33.17653242,-95.21917243,48159.0,662.004662004662,1.4084507042253518,70,70,1,0,69,68,10766,1,0,0,1,2
2020-07-23,US,Texas,Freestone,119,0,0,31.70422788,-96.15072516,48161.0,603.5400923061318,0.0,119,108,0,0,108,106,19808,11,0,0,11,2
2020-07-23,US,Texas,Frio,413,1,0,28.86751206,-99.10804207,48163.0,2033.8816113464002,0.2421307506053269,412,382,1,0,381,380,19816,31,0,0,31,2
2020-07-23,US,Texas,Gaines,77,0,0,32.74055318,-102.6353295,48165.0,358.2728457100317,0.0,77,68,0,0,68,60,20901,9,0,0,9,8
2020-07-23,US,Texas,Galveston,7794,68,0,29.40167322,-94.90469073,48167.0,2278.0215058791896,0.8724659994867847,7726,7663,68,0,7595,7354,337890,131,0,0,131,309
2020-07-23,US,Texas,Garza,88,1,0,33.17969345,-101.2984114,48169.0,1412.7468293466047,1.1363636363636365,87,82,1,0,81,82,6578,6,0,0,6,0
2020-07-23,US,Texas,Gillespie,143,0,0,30.31824095,-98.94676915,48171.0,529.8651252408478,0.0,143,133,0,0,133,124,26804,10,0,0,10,9
2020-07-23,US,Texas,Glasscock,6,0,0,31.86942909,-101.5207776,48173.0,425.83392476934,0.0,6,6,0,0,6,6,1388,0,0,0,0,0
2020-07-23,US,Texas,Goliad,59,1,0,28.65696592,-97.42760647,48175.0,770.436145207626,1.6949152542372878,58,52,0,0,52,34,7584,7,1,0,6,18
2020-07-23,US,Texas,Gonzales,537,6,0,29.45634206,-97.49424032,48177.0,2577.146422229688,1.11731843575419,531,499,6,0,493,476,20826,38,0,0,38,23
2020-07-23,US,Texas,Gray,141,4,0,35.40081878,-100.8129222,48179.0,644.2474641323222,2.8368794326241136,137,141,4,0,137,140,21895,0,0,0,0,1
2020-07-23,US,Texas,Grayson,898,8,0,33.62744998,-96.67753461,48181.0,659.2664376119578,0.8908685968819601,890,880,8,0,872,862,133991,18,0,0,18,18
2020-07-23,US,Texas,Gregg,1147,15,0,32.47940482,-94.81591935,48183.0,925.4104643188513,1.3077593722755012,1132,1122,15,0,1107,1093,123707,25,0,0,25,29
2020-07-23,US,Texas,Grimes,788,2,0,30.54579585,-95.98902499,48185.0,2728.5318559556786,0.2538071065989848,786,766,2,0,764,739,28360,22,0,0,22,27
2020-07-23,US,Texas,Guadalupe,1458,6,0,29.58165339,-97.94786822,48187.0,873.8544894424233,0.41152263374485604,1452,1412,6,0,1406,1364,163694,46,0,0,46,48
2020-07-23,US,Texas,Hale,1032,21,0,34.07044901,-101.82681140000001,48189.0,3089.2654014248938,2.0348837209302326,1011,974,21,0,953,934,33830,58,0,0,58,40
2020-07-23,US,Texas,Hall,4,1,0,34.5307555,-100.68138520000001,48191.0,134.9527665317139,25.0,3,4,1,0,3,2,3028,0,0,0,0,2
2020-07-23,US,Texas,Hamilton,49,1,0,31.70470573,-98.11083887,48193.0,579.1277626758067,2.0408163265306123,48,49,1,0,48,47,8484,0,0,0,0,2
2020-07-23,US,Texas,Hansford,45,2,0,36.27743284,-101.3545796,48195.0,833.4876829042415,4.4444444444444455,43,45,2,0,43,44,5463,0,0,0,0,1
2020-07-23,US,Texas,Hardeman,10,0,0,34.28944521,-99.74632408,48197.0,254.25883549453343,0.0,10,10,0,0,10,8,3922,0,0,0,0,2
2020-07-23,US,Texas,Hardin,636,5,0,30.33364686,-94.38931817,48199.0,1104.1283288774696,0.7861635220125787,631,624,5,0,619,568,57207,12,0,0,12,56
2020-07-23,US,Texas,Harris,61411,597,0,29.86,-95.39,48201.0,1302.9230956914705,0.9721385419550244,60814,59901,576,0,59325,58457,4698619,1510,21,0,1489,1444
2020-07-23,US,Texas,Harrison,540,34,0,32.54935988,-94.36934071,48203.0,811.3834087118538,6.296296296296298,506,527,34,0,493,519,66726,13,0,0,13,8
2020-07-23,US,Texas,Hartley,74,2,0,35.84008013,-102.6029022,48205.0,1327.116212338594,2.702702702702702,72,72,2,0,70,71,5619,2,0,0,2,1
2020-07-23,US,Texas,Haskell,25,0,0,33.17823584,-99.73037358,48207.0,441.85224460940265,0.0,25,25,0,0,25,25,5813,0,0,0,0,0
2020-07-23,US,Texas,Hays,4091,22,0,30.05669873,-98.02944344,48209.0,1777.2197870464092,0.5377658274260572,4069,4045,22,0,4023,4004,222631,46,0,0,46,41
2020-07-23,US,Texas,Hemphill,28,0,0,35.83764858,-100.2703577,48211.0,733.1762241424457,0.0,28,27,0,0,27,23,3825,1,0,0,1,4
2020-07-23,US,Texas,Henderson,466,5,0,32.21128872,-95.85846587,48213.0,563.2304772955267,1.072961373390558,461,444,5,0,439,430,82299,22,0,0,22,14
2020-07-23,US,Texas,Hidalgo,13776,400,0,26.39418217,-98.18299696,48215.0,1585.8051103536636,2.9036004645760745,13376,13126,367,0,12759,12787,865939,650,33,0,617,339
2020-07-23,US,Texas,Hill,232,2,0,31.99045053,-97.13423143,48217.0,633.0322791890637,0.8620689655172413,230,215,2,0,213,210,36354,17,0,0,17,5
2020-07-23,US,Texas,Hockley,145,4,0,33.60771256,-102.3431676,48219.0,629.8596933234872,2.7586206896551726,141,143,4,0,139,131,22980,2,0,0,2,12
2020-07-23,US,Texas,Hood,291,5,0,32.42990927,-97.83242024,48221.0,472.0730658793375,1.718213058419244,286,288,5,0,283,288,60537,3,0,0,3,0
2020-07-23,US,Texas,Hopkins,142,1,0,33.14875072,-95.56351139,48223.0,382.91446445906575,0.7042253521126759,141,137,1,0,136,136,36810,5,0,0,5,1
2020-07-23,US,Texas,Houston,229,0,0,31.31925973,-95.42226208,48225.0,997.0393591083248,0.0,229,224,0,0,224,217,23169,5,0,0,5,7
2020-07-23,US,Texas,Howard,113,2,0,32.30621324,-101.4356444,48227.0,308.2042330351298,1.7699115044247788,111,104,2,0,102,98,36459,9,0,0,9,6
2020-07-23,US,Texas,Hudspeth,18,0,0,31.45628381,-105.388178,48229.0,368.3995088006549,0.0,18,18,0,0,18,18,4795,0,0,0,0,0
2020-07-23,US,Texas,Hunt,908,8,0,33.12351514,-96.08551032,48231.0,920.9485364220948,0.8810572687224669,900,898,8,0,890,850,96493,10,0,0,10,48
2020-07-23,US,Texas,Hutchinson,100,1,0,35.84006574,-101.3546643,48233.0,477.60053491259913,1.0,99,96,1,0,95,95,21198,4,0,0,4,1
2020-07-23,US,Texas,Irion,5,0,0,31.30375559,-100.982439,48235.0,325.5208333333333,0.0,5,4,0,0,4,4,1522,1,0,0,1,0
2020-07-23,US,Texas,Jack,23,0,0,33.23377248,-98.17283469,48237.0,257.4146614437605,0.0,23,23,0,0,23,19,8843,0,0,0,0,4
2020-07-23,US,Texas,Jackson,171,1,0,28.95472367,-96.57749563,48239.0,1158.5365853658534,0.5847953216374269,170,159,1,0,158,150,14874,12,0,0,12,9
2020-07-23,US,Texas,Jasper,97,1,0,30.74685667,-94.02667579,48241.0,273.0164091305694,1.0309278350515465,96,95,1,0,94,95,35872,2,0,0,2,0
2020-07-23,US,Texas,Jeff Davis,7,0,0,30.71490589,-104.1399973,48243.0,307.82761653474057,0.0,7,7,0,0,7,7,2252,0,0,0,0,0
2020-07-23,US,Texas,Jefferson,4697,49,0,29.8832777,-94.16434171,48245.0,1867.1118796334945,1.0432190760059612,4648,4622,49,0,4573,4493,255001,75,0,0,75,129
2020-07-23,US,Texas,Jim Hogg,44,0,0,27.04453923,-98.69681870000001,48247.0,846.1538461538463,0.0,44,44,0,0,44,43,5248,0,0,0,0,1
2020-07-23,US,Texas,Jim Wells,466,0,0,27.73103938,-98.0904705,48249.0,1151.1288967936364,0.0,466,449,0,0,449,433,40822,17,0,0,17,16
2020-07-23,US,Texas,Johnson,1133,7,0,32.37877812,-97.36615819,48251.0,644.4200503933067,0.617828773168579,1126,1085,7,0,1078,1057,171361,48,0,0,48,28
2020-07-23,US,Texas,Jones,652,0,0,32.73997145,-99.87861576,48253.0,3246.5269133097645,0.0,652,653,0,0,653,659,19817,-1,0,0,-1,-6
2020-07-23,US,Texas,Karnes,181,0,0,28.90705334,-97.85960149,48255.0,1160.1820396128453,0.0,181,171,0,0,171,170,15650,10,0,0,10,1
2020-07-23,US,Texas,Kaufman,1363,5,0,32.599141700000004,-96.28734728,48257.0,1001.0723151725251,0.3668378576669112,1358,1317,5,0,1312,1279,128622,46,0,0,46,38
2020-07-23,US,Texas,Kendall,131,0,0,29.94414155,-98.7113588,48259.0,276.19067698340746,0.0,131,129,0,0,129,122,45641,2,0,0,2,7
2020-07-23,US,Texas,Kenedy,3,0,0,26.92601662,-97.66413984,48261.0,742.5742574257425,0.0,3,3,0,0,3,3,442,0,0,0,0,0
2020-07-23,US,Texas,Kent,2,0,0,33.18104136,-100.7780939,48263.0,262.46719160104993,0.0,2,2,0,0,2,2,726,0,0,0,0,0
2020-07-23,US,Texas,Kerr,295,1,0,30.06040006,-99.34930144,48265.0,560.8365019011407,0.3389830508474576,294,279,1,0,278,274,52405,16,0,0,16,5
2020-07-23,US,Texas,Kimble,13,0,0,30.48678918,-99.74856473,48267.0,299.7463684574591,0.0,13,12,0,0,12,12,4362,1,0,0,1,0
2020-07-23,US,Texas,Kinney,14,0,0,29.34967888,-100.41866379999999,48271.0,381.7834742296155,0.0,14,11,0,0,11,6,3767,3,0,0,3,5
2020-07-23,US,Texas,Kleberg,284,2,0,27.42435506,-97.69894948,48273.0,925.6844850065187,0.7042253521126759,282,283,2,0,281,279,31129,1,0,0,1,4
2020-07-23,US,Texas,Knox,18,0,0,33.60519951,-99.74229059999999,48275.0,491.26637554585153,0.0,18,17,0,0,17,17,3653,1,0,0,1,0
2020-07-23,US,Texas,La Salle,347,0,0,28.34453111,-99.09908775,48283.0,4614.36170212766,0.0,347,339,0,0,339,335,7531,8,0,0,8,4
2020-07-23,US,Texas,Lamar,523,15,0,33.66981763,-95.57404777,48277.0,1048.95806173409,2.8680688336520075,508,483,15,0,468,483,49728,40,0,0,40,0
2020-07-23,US,Texas,Lamb,157,7,0,34.06859623,-102.35162890000001,48279.0,1217.7150391685416,4.4585987261146505,150,146,4,0,142,131,13158,11,3,0,8,15
2020-07-23,US,Texas,Lampasas,65,0,0,31.19531316,-98.24206613,48281.0,303.34142243793167,0.0,65,54,0,0,54,50,21229,11,0,0,11,4
2020-07-23,US,Texas,Lavaca,525,1,0,29.38508402,-96.93186692,48285.0,2604.941947008038,0.19047619047619047,524,510,1,0,509,495,20110,15,0,0,15,15
2020-07-23,US,Texas,Lee,128,3,0,30.31120597,-96.97045773,48287.0,742.502465340217,2.34375,125,125,3,0,122,121,17144,3,0,0,3,4
2020-07-23,US,Texas,Leon,127,0,0,31.29872538,-95.9936328,48289.0,729.7173063663525,0.0,127,125,0,0,125,120,17270,2,0,0,2,5
2020-07-23,US,Texas,Liberty,700,3,0,30.15152688,-94.81205615,48291.0,793.4798626146295,0.42857142857142855,697,682,3,0,679,669,86323,18,0,0,18,13
2020-07-23,US,Texas,Limestone,139,1,0,31.5454767,-96.58095444,48293.0,593.0793190254725,0.7194244604316546,138,129,1,0,128,121,23519,10,0,0,10,8
2020-07-23,US,Texas,Lipscomb,12,0,0,36.27783108,-100.27331509999999,48295.0,371.17228580266,0.0,12,12,0,0,12,12,3355,0,0,0,0,0
2020-07-23,US,Texas,Live Oak,106,1,0,28.35101362,-98.1246786,48297.0,868.3542229868109,0.9433962264150944,105,106,1,0,105,106,12166,0,0,0,0,0
2020-07-23,US,Texas,Llano,71,0,0,30.70645047,-98.68475262,48299.0,325.76278963064925,0.0,71,69,0,0,69,62,21646,2,0,0,2,7
2020-07-23,US,Texas,Lubbock,4769,68,0,33.61008596,-101.82047890000001,48303.0,1535.5685854029218,1.4258754455860767,4701,4656,67,0,4589,4556,307412,113,1,0,112,100
2020-07-23,US,Texas,Lynn,57,3,0,33.17657705,-101.8162849,48305.0,957.8222147538228,5.2631578947368425,54,57,3,0,54,55,5877,0,0,0,0,2
2020-07-23,US,Texas,Madison,229,0,0,30.96694679,-95.93003775,48313.0,1603.1923830859705,0.0,229,208,0,0,208,188,14422,21,0,0,21,20
2020-07-23,US,Texas,Marion,113,4,0,32.79868409,-94.35661230000001,48315.0,1146.742439618429,3.5398230088495577,109,111,4,0,107,111,9928,2,0,0,2,0
2020-07-23,US,Texas,Martin,38,1,0,32.30600051,-101.9513518,48317.0,658.464737480506,2.631578947368421,37,35,1,0,34,34,5753,3,0,0,3,1
2020-07-23,US,Texas,Mason,38,0,0,30.71780434,-99.22629416,48319.0,889.0968647636874,0.0,38,38,0,0,38,38,4280,0,0,0,0,0
2020-07-23,US,Texas,Matagorda,523,5,0,28.81955746,-96.01230294,48321.0,1427.284883879595,0.9560229445506692,518,513,5,0,508,487,36552,10,0,0,10,26
2020-07-23,US,Texas,Maverick,1440,26,0,28.7429195,-100.3157686,48323.0,2452.2325533871467,1.805555555555556,1414,1390,23,0,1367,1283,58485,50,3,0,47,107
2020-07-23,US,Texas,McCulloch,33,0,0,31.1925468,-99.34682807,48307.0,413.32665330661325,0.0,33,31,0,0,31,30,7987,2,0,0,2,1
2020-07-23,US,Texas,McLennan,3688,28,0,31.55255453,-97.20217694,48309.0,1437.127615217654,0.7592190889370932,3660,3575,25,0,3550,3472,254607,113,3,0,110,103
2020-07-23,US,Texas,McMullen,6,0,0,28.35251708,-98.56769164,48311.0,807.5370121130553,0.0,6,4,0,0,4,4,749,2,0,0,2,0
2020-07-23,US,Texas,Medina,527,7,0,29.355730100000002,-99.11030298,48325.0,1021.6346153846154,1.3282732447817838,520,526,7,0,519,524,50921,1,0,0,1,2
2020-07-23,US,Texas,Menard,16,0,0,30.88990665,-99.82047940000001,48327.0,748.3629560336763,0.0,16,16,0,0,16,15,2139,0,0,0,0,1
2020-07-23,US,Texas,Midland,1738,31,0,31.86904128,-102.03156820000001,48329.0,982.8537821208831,1.7836593785960877,1707,1656,29,0,1627,1522,172578,82,2,0,80,134
2020-07-23,US,Texas,Milam,260,2,0,30.78581830000001,-96.97718698,48331.0,1047.415703178504,0.7692307692307693,258,257,2,0,255,240,25131,3,0,0,3,17
2020-07-23,US,Texas,Mills,11,0,0,31.49557106,-98.59272068,48333.0,225.73363431151242,0.0,11,10,0,0,10,8,4921,1,0,0,1,2
2020-07-23,US,Texas,Mitchell,34,0,0,32.30623474,-100.9212058,48335.0,397.8935049736688,0.0,34,34,0,0,34,31,8145,0,0,0,0,3
2020-07-23,US,Texas,Montague,39,1,0,33.67521893,-97.72500958,48337.0,196.79079624583719,2.5641025641025643,38,37,1,0,36,37,19596,2,0,0,2,0
2020-07-23,US,Texas,Montgomery,5444,53,0,30.30079133,-95.50572772,48339.0,896.292503510918,0.9735488611315211,5391,5294,50,0,5244,5169,590925,150,3,0,147,125
2020-07-23,US,Texas,Moore,967,15,0,35.83769242,-101.8930281,48341.0,4617.956064947469,1.5511892450879008,952,961,15,0,946,951,21485,6,0,0,6,10
2020-07-23,US,Texas,Morris,70,0,0,33.11304005,-94.73255695,48343.0,565.0629641588636,0.0,70,68,0,0,68,65,12339,2,0,0,2,3
2020-07-23,US,Texas,Motley,3,0,0,34.07408766,-100.77972199999999,48345.0,250.0,0.0,3,2,0,0,2,2,1234,1,0,0,1,0
2020-07-23,US,Texas,Nacogdoches,810,36,0,31.62017125,-94.61803994,48347.0,1242.2550763756826,4.4444444444444455,774,793,35,0,758,743,65711,17,1,0,16,50
2020-07-23,US,Texas,Navarro,637,10,0,32.04620681,-96.47428766,48349.0,1271.1272524095543,1.5698587127158556,627,626,10,0,616,596,49565,11,0,0,11,30
2020-07-23,US,Texas,Newton,32,0,0,30.78548982,-93.74408813,48351.0,235.38065465244568,0.0,32,30,0,0,30,30,13746,2,0,0,2,0
2020-07-23,US,Texas,Nolan,110,1,0,32.30365282,-100.4060208,48353.0,747.5873317928504,0.9090909090909092,109,110,1,0,109,90,14751,0,0,0,0,20
2020-07-23,US,Texas,Nueces,9961,124,0,27.736286,-97.5433285,48355.0,2749.4245005437565,1.2448549342435498,9837,9607,116,0,9491,9105,362265,354,8,0,346,502
2020-07-23,US,Texas,Ochiltree,63,2,0,36.27829105,-100.8158184,48357.0,640.5042700284669,3.1746031746031744,61,63,2,0,61,62,9947,0,0,0,0,1
2020-07-23,US,Texas,Oldham,12,1,0,35.40425596,-102.6027606,48359.0,568.1818181818181,8.333333333333334,11,12,1,0,11,12,2131,0,0,0,0,0
2020-07-23,US,Texas,Orange,813,8,0,30.11879481,-93.89412775,48361.0,974.8669000911316,0.9840098400984009,805,784,8,0,776,766,83572,29,0,0,29,18
2020-07-23,US,Texas,Palo Pinto,119,2,0,32.75310985,-98.31319001,48363.0,407.68782760629006,1.680672268907563,117,108,2,0,106,95,28875,11,0,0,11,13
2020-07-23,US,Texas,Panola,253,24,0,32.163959600000005,-94.30552481,48365.0,1090.7993446581013,9.48616600790514,229,252,24,0,228,250,23148,1,0,0,1,2
2020-07-23,US,Texas,Parker,896,1,0,32.77757172,-97.80500621,48367.0,627.1084421674435,0.11160714285714286,895,754,1,0,753,743,138371,142,0,0,142,11
2020-07-23,US,Texas,Parmer,284,8,0,34.52993409,-102.78446679999999,48369.0,2956.793336803749,2.8169014084507036,276,277,8,0,269,269,9864,7,0,0,7,8
2020-07-23,US,Texas,Pecos,188,1,0,30.78097267,-102.72412609999999,48371.0,1188.1438412437592,0.5319148936170213,187,185,1,0,184,178,15673,3,0,0,3,7
2020-07-23,US,Texas,Polk,533,1,0,30.79472531,-94.82766240000001,48373.0,1037.9140459174732,0.18761726078799248,532,533,1,0,532,414,50031,0,0,0,0,119
2020-07-23,US,Texas,Potter,3294,42,0,35.40133773,-101.893964,48375.0,2805.433718008773,1.275045537340619,3252,3263,41,0,3222,3212,119648,31,1,0,30,51
2020-07-23,US,Texas,Presidio,32,0,0,29.99954402,-104.24080790000001,48377.0,477.326968973747,0.0,32,28,0,0,28,28,6948,4,0,0,4,0
2020-07-23,US,Texas,Rains,32,1,0,32.87109387,-95.79232691,48379.0,255.7136007671408,3.125,31,29,1,0,28,28,12159,3,0,0,3,1
2020-07-23,US,Texas,Randall,1394,16,0,34.96585996,-101.8971322,48381.0,1012.2501143682877,1.147776183644189,1378,1355,15,0,1340,1307,136271,39,1,0,38,48
2020-07-23,US,Texas,Reagan,53,3,0,31.36607041,-101.52326590000001,48383.0,1376.9810340348142,5.660377358490566,50,51,2,0,49,51,3741,2,1,0,1,0
2020-07-23,US,Texas,Real,63,0,0,29.83321503,-99.82018052,48385.0,1825.028968713789,0.0,63,13,0,0,13,10,3478,50,0,0,50,3
2020-07-23,US,Texas,Red River,129,12,0,33.61886692,-95.04841765,48387.0,1072.9435249105882,9.30232558139535,117,129,12,0,117,130,12175,0,0,0,0,-1
2020-07-23,US,Texas,Reeves,103,2,0,31.32323325,-103.69038959999999,48389.0,644.7170756134201,1.9417475728155342,101,99,2,0,97,92,15695,4,0,0,4,7
2020-07-23,US,Texas,Refugio,123,0,0,28.323897600000002,-97.15766311,48391.0,1770.2936096718481,0.0,123,118,0,0,118,106,7032,5,0,0,5,12
2020-07-23,US,Texas,Roberts,6,0,0,35.83809685,-100.813175,48393.0,702.5761124121782,0.0,6,6,0,0,6,6,903,0,0,0,0,0
2020-07-23,US,Texas,Robertson,186,0,0,31.02539637,-96.51272246,48395.0,1089.375658896568,0.0,186,178,0,0,178,164,17284,8,0,0,8,14
2020-07-23,US,Texas,Rockwall,622,17,0,32.89779518,-96.40771592,48397.0,592.860887385026,2.733118971061093,605,610,17,0,593,565,100657,12,0,0,12,45
2020-07-23,US,Texas,Runnels,53,0,0,31.8314342,-99.97616148,48399.0,516.3678877630554,0.0,53,47,0,0,47,44,10234,6,0,0,6,3
2020-07-23,US,Texas,Rusk,292,3,0,32.10773545,-94.76176432,48401.0,536.7055104216447,1.0273972602739727,289,280,3,0,277,265,54450,12,0,0,12,15
2020-07-23,US,Texas,Sabine,39,1,0,31.34318809,-93.85440451,48403.0,369.94877632327825,2.5641025641025643,38,39,1,0,38,39,10589,0,0,0,0,0
2020-07-23,US,Texas,San Augustine,142,12,0,31.39457611,-94.17000399,48405.0,1723.928614786937,8.450704225352112,130,142,12,0,130,139,8232,0,0,0,0,3
2020-07-23,US,Texas,San Jacinto,130,2,0,30.57933681,-95.16260304,48407.0,450.4660591150074,1.5384615384615383,128,127,2,0,125,124,28719,3,0,0,3,3
2020-07-23,US,Texas,San Patricio,557,0,0,28.00880118,-97.51763891,48409.0,834.7070283230928,0.0,557,492,0,0,492,440,66893,65,0,0,65,52
2020-07-23,US,Texas,San Saba,15,0,0,31.1577796,-98.81758731,48411.0,247.72914946325352,0.0,15,13,0,0,13,12,6054,2,0,0,2,1
2020-07-23,US,Texas,Schleicher,33,1,0,30.89740592,-100.5384842,48413.0,1181.5252416756175,3.0303030303030303,32,33,1,0,32,31,2895,0,0,0,0,2
2020-07-23,US,Texas,Scurry,376,1,0,32.74613808,-100.91626640000001,48415.0,2251.092618092558,0.26595744680851063,375,376,1,0,375,371,16866,0,0,0,0,5
2020-07-23,US,Texas,Shackelford,15,0,0,32.73587756,-99.35401337,48417.0,459.41807044410416,0.0,15,17,0,0,17,18,3253,-2,0,0,-2,-1
2020-07-23,US,Texas,Shelby,335,14,0,31.79211404,-94.14550696,48419.0,1325.4728179156446,4.17910447761194,321,332,14,0,318,327,25418,3,0,0,3,5
2020-07-23,US,Texas,Sherman,35,0,0,36.27751473,-101.8933156,48421.0,1158.173395102581,0.0,35,35,0,0,35,34,3079,0,0,0,0,1
2020-07-23,US,Texas,Smith,2006,11,0,32.37474036,-95.27175679999999,48423.0,861.8652551439093,0.5483549351944168,1995,1960,11,0,1949,1907,230221,46,0,0,46,53
2020-07-23,US,Texas,Somervell,39,0,0,32.22236802,-97.77403489,48425.0,427.2567922874672,0.0,39,39,0,0,39,39,9016,0,0,0,0,0
2020-07-23,US,Texas,Starr,1519,20,0,26.56150059,-98.73892358,48427.0,2350.192626057896,1.3166556945358792,1499,1475,19,0,1456,1432,64525,44,1,0,43,43
2020-07-23,US,Texas,Stephens,18,0,0,32.73553157,-98.83631615,48429.0,192.18449711723247,0.0,18,18,0,0,18,18,9433,0,0,0,0,0
2020-07-23,US,Texas,Sterling,1,0,0,31.82781912,-101.05007459999999,48431.0,77.45933384972889,0.0,1,1,0,0,1,1,1311,0,0,0,0,0
2020-07-23,US,Texas,Stonewall,4,0,0,33.17906744,-100.25384009999999,48433.0,296.2962962962963,0.0,4,4,0,0,4,4,1362,0,0,0,0,0
2020-07-23,US,Texas,Sutton,48,0,0,30.49856623,-100.5382014,48435.0,1271.1864406779664,0.0,48,47,0,0,47,46,3758,1,0,0,1,1
2020-07-23,US,Texas,Swisher,69,1,0,34.53028891,-101.73491740000001,48437.0,932.8105988914424,1.4492753623188406,68,69,1,0,68,67,7462,0,0,0,0,2
2020-07-23,US,Texas,Tarrant,23967,319,0,32.77143818,-97.29101614,48439.0,1139.920523753695,1.3309967872491342,23648,23536,310,0,23226,22002,2084931,431,9,0,422,1534
2020-07-23,US,Texas,Taylor,976,13,0,32.30163422,-99.89007449,48441.0,707.0721706246287,1.3319672131147542,963,960,13,0,947,947,137640,16,0,0,16,13
2020-07-23,US,Texas,Terrell,2,0,0,30.22429013,-102.0766732,48443.0,257.73195876288656,0.0,2,2,0,0,2,2,823,0,0,0,0,0
2020-07-23,US,Texas,Terry,71,0,0,33.17402785,-102.3354521,48445.0,575.5045797195428,0.0,71,67,0,0,67,63,12287,4,0,0,4,4
2020-07-23,US,Texas,Throckmorton,2,0,0,33.17751417,-99.21226795,48447.0,133.24450366422386,0.0,2,2,0,0,2,2,1515,0,0,0,0,0
2020-07-23,US,Texas,Titus,1087,6,0,33.21339719,-94.96797273,48449.0,3319.083969465649,0.5519779208831647,1081,1087,6,0,1081,1087,33033,0,0,0,0,0
2020-07-23,US,Texas,Tom Green,1773,14,0,31.40464436,-100.46244300000001,48451.0,1487.4161073825503,0.7896221094190637,1759,1690,14,0,1676,1635,118189,83,0,0,83,55
2020-07-23,US,Texas,Travis,18696,222,0,30.33432034,-97.78535620000001,48453.0,1467.556913357939,1.1874197689345314,18474,18394,218,0,18176,17791,1248743,302,4,0,298,603
2020-07-23,US,Texas,Trinity,115,0,0,31.0879489,-95.1367187,48455.0,784.9293563579278,0.0,115,107,0,0,107,104,14740,8,0,0,8,3
2020-07-23,US,Texas,Tyler,51,0,0,30.77031716,-94.37690895,48457.0,235.3266888150609,0.0,51,50,0,0,50,49,21696,1,0,0,1,1
2020-07-23,US,Texas,Upshur,144,0,0,32.73706798,-94.93999853,48459.0,344.8853974564702,0.0,144,142,0,0,142,136,41260,2,0,0,2,6
2020-07-23,US,Texas,Upton,14,0,0,31.36868194,-102.0423217,48461.0,382.82745419742963,0.0,14,13,0,0,13,13,3671,1,0,0,1,0
2020-07-23,US,Texas,Uvalde,374,5,0,29.35739637,-99.76229172,48463.0,1398.6013986013986,1.3368983957219251,369,352,5,0,347,337,26846,22,0,0,22,15
2020-07-23,US,Texas,Val Verde,964,8,0,29.89149232,-101.1525205,48465.0,1966.3437021927589,0.8298755186721992,956,964,8,0,956,964,49208,0,0,0,0,0
2020-07-23,US,Texas,Van Zandt,281,3,0,32.56483801,-95.83766469,48467.0,496.55416151263466,1.0676156583629892,278,269,3,0,266,264,56019,12,0,0,12,5
2020-07-23,US,Texas,Victoria,2681,24,0,28.79780988,-96.96813006,48469.0,2911.4721341383947,0.8951883625512869,2657,2578,24,0,2554,2578,92035,103,0,0,103,0
2020-07-23,US,Texas,Walker,2661,28,0,30.73872995,-95.57440968,48471.0,3646.6541502788778,1.0522360015031942,2633,2649,28,0,2621,2635,72480,12,0,0,12,14
2020-07-23,US,Texas,Waller,332,0,0,30.01058447,-95.99011759,48473.0,600.948484958187,0.0,332,318,0,0,318,307,53126,14,0,0,14,11
2020-07-23,US,Texas,Ward,75,1,0,31.50999644,-103.09279090000001,48475.0,625.1041840306717,1.3333333333333333,74,67,1,0,66,67,11720,8,0,0,8,0
2020-07-23,US,Texas,Washington,435,34,0,30.21498498,-96.40946246,48477.0,1212.3070062984227,7.816091954022988,401,426,34,0,392,396,35108,9,0,0,9,30
2020-07-23,US,Texas,Webb,4472,77,0,27.7610369,-99.33237355,48479.0,1616.4712346196663,1.721824686940966,4395,4276,71,0,4205,4131,275910,196,6,0,190,145
2020-07-23,US,Texas,Wharton,453,1,0,29.27765923,-96.22319248,48481.0,1090.0952930984697,0.22075055187637968,452,446,1,0,445,439,41619,7,0,0,7,7
2020-07-23,US,Texas,Wheeler,28,0,0,35.40114335,-100.26995140000001,48483.0,553.7974683544304,0.0,28,28,0,0,28,27,5191,0,0,0,0,1
2020-07-23,US,Texas,Wichita,800,9,0,33.98842886,-98.70410340000001,48485.0,605.0064281932996,1.125,791,795,9,0,786,751,132064,5,0,0,5,44
2020-07-23,US,Texas,Wilbarger,28,0,0,34.07945812,-99.24178437,48487.0,219.28107134466285,0.0,28,27,0,0,27,27,12820,1,0,0,1,0
2020-07-23,US,Texas,Willacy,535,4,0,26.47411727,-97.61535848,48489.0,2504.9161906545555,0.7476635514018691,531,520,4,0,516,497,21515,15,0,0,15,23
2020-07-23,US,Texas,Williamson,5145,89,0,30.64655664,-97.60048540000001,48491.0,871.2202671742152,1.7298347910592808,5056,5071,79,0,4992,4981,566719,74,10,0,64,90
2020-07-23,US,Texas,Wilson,385,6,0,29.1732598,-98.08693082,48493.0,753.8672410417073,1.5584415584415583,379,379,6,0,373,364,50224,6,0,0,6,15
2020-07-23,US,Texas,Winkler,63,0,0,31.85008651,-103.04851629999999,48495.0,786.5168539325842,0.0,63,58,0,0,58,56,7720,5,0,0,5,2
2020-07-23,US,Texas,Wise,265,5,0,33.21570665,-97.65460265,48497.0,378.6579789666209,1.8867924528301887,260,250,5,0,245,242,68305,15,0,0,15,8
2020-07-23,US,Texas,Wood,205,5,0,32.78722382,-95.38236368,48499.0,450.16359603856034,2.4390243902439024,200,196,5,0,191,193,45129,9,0,0,9,3
2020-07-23,US,Texas,Yoakum,61,1,0,33.17320212,-102.82764329999999,48501.0,700.1032939286124,1.639344262295082,60,55,1,0,54,55,8591,6,0,0,6,0
2020-07-23,US,Texas,Young,85,1,0,33.17659707,-98.68790885,48503.0,471.96002220988333,1.1764705882352942,84,81,1,0,80,73,18045,4,0,0,4,8
2020-07-23,US,Texas,Zapata,116,1,0,27.00156391,-99.16987152,48505.0,818.1112913463572,0.8620689655172413,115,115,1,0,114,115,14190,1,0,0,1,0
2020-07-23,US,Texas,Zavala,128,0,0,28.86617238,-99.76050829,48507.0,1081.081081081081,0.0,128,111,0,0,111,105,11983,17,0,0,17,6
2020-07-23,US,Utah,Bear River,2000,5,0,41.52106798,-113.0832816,0.0,1070.5606526137738,0.25,1995,1978,5,0,1973,1959,,22,0,0,22,19
2020-07-23,US,Utah,Central Utah,318,1,0,39.37231946,-111.5758676,0.0,388.02254923493683,0.31446540880503143,317,312,1,0,311,309,,6,0,0,6,3
2020-07-23,US,Utah,Davis,2520,9,0,40.99001837,-112.1139997,49011.0,708.8986471850816,0.35714285714285715,2511,2468,9,0,2459,2415,351713,52,0,0,52,53
2020-07-23,US,Utah,Salt Lake,17353,152,0,40.66616532,-111.9216011,49035.0,1495.3849282640936,0.8759292341381893,17201,17123,145,0,16978,16871,1152633,230,7,0,223,252
2020-07-23,US,Utah,San Juan,553,19,0,37.62762978,-109.80337140000002,49037.0,3612.490201201986,3.4358047016274864,534,550,19,0,531,545,15449,3,0,0,3,5
2020-07-23,US,Utah,Southeast Utah,67,0,0,38.99617072,-110.7013958,0.0,166.5465211663228,0.0,67,63,0,0,63,63,,4,0,0,4,0
2020-07-23,US,Utah,Southwest Utah,2594,21,0,37.85447192,-111.4418764,0.0,1029.193547107228,0.8095605242868157,2573,2563,21,0,2542,2526,,31,0,0,31,37
2020-07-23,US,Utah,Summit,651,1,0,40.86688146,-110.9535882,49043.0,1544.6672203108317,0.15360983102918588,650,645,1,0,644,643,41933,6,0,0,6,2
2020-07-23,US,Utah,Tooele,463,0,0,40.44862644,-113.1295715,49045.0,640.7506331391245,0.0,463,448,0,0,448,443,69907,15,0,0,15,5
2020-07-23,US,Utah,TriCounty,128,0,0,40.12491499,-109.5174415,0.0,226.0605418388612,0.0,128,123,0,0,123,115,,5,0,0,5,8
2020-07-23,US,Utah,Utah,6753,31,0,40.1166722,-111.6657662,49049.0,1061.4002687686154,0.45905523471049897,6722,6659,31,0,6628,6516,622213,94,0,0,94,143
2020-07-23,US,Utah,Wasatch,498,4,0,40.33110236,-111.1691419,49051.0,1460.7961045437216,0.8032128514056225,494,497,4,0,493,495,33240,1,0,0,1,2
2020-07-23,US,Utah,Weber-Morgan,2201,24,0,41.27116049,-111.9145117,0.0,808.189853012995,1.0904134484325307,2177,2149,24,0,2125,2112,,52,0,0,52,37
2020-07-23,US,Vermont,Addison,71,2,0,44.03217337,-73.14130877,50001.0,193.0554422601081,2.8169014084507036,69,71,2,0,69,71,36973,0,0,0,0,0
2020-07-23,US,Vermont,Bennington,80,1,0,43.03519828,-73.09048868,50003.0,225.5427121511136,1.25,79,80,1,0,79,80,35631,0,0,0,0,0
2020-07-23,US,Vermont,Caledonia,25,0,0,44.46548598,-72.10314651,50005.0,83.3527823158737,0.0,25,25,0,0,25,25,30302,0,0,0,0,0
2020-07-23,US,Vermont,Chittenden,705,39,0,44.46322849,-73.08359212,50007.0,430.4712591742279,5.531914893617022,666,695,39,0,656,696,164572,10,0,0,10,-1
2020-07-23,US,Vermont,Essex,4,0,0,44.72736416,-71.73579864,50009.0,64.9034561090378,0.0,4,4,0,0,4,4,6250,0,0,0,0,0
2020-07-23,US,Vermont,Franklin,111,6,0,44.85627605,-72.91249563,50011.0,224.6872596251164,5.405405405405406,105,111,6,0,105,111,49421,0,0,0,0,0
2020-07-23,US,Vermont,Grand Isle,13,0,0,44.797582399999996,-73.29679772,50013.0,179.68210089841045,0.0,13,13,0,0,13,13,7090,0,0,0,0,0
2020-07-23,US,Vermont,Lamoille,42,1,0,44.60353043,-72.64356694,50015.0,165.60208185474332,2.380952380952381,41,42,1,0,41,42,25300,0,0,0,0,0
2020-07-23,US,Vermont,Orange,11,0,0,44.00470222,-72.37640104,50017.0,38.07282292676173,0.0,11,11,0,0,11,11,28999,0,0,0,0,0
2020-07-23,US,Vermont,Orleans,14,0,0,44.82964024,-72.24562697,50019.0,51.78089285053815,0.0,14,14,0,0,14,14,26907,0,0,0,0,0
2020-07-23,US,Vermont,Rutland,80,1,0,43.57723578,-73.03741676,50021.0,137.47830420511764,1.25,79,80,1,0,79,80,58672,0,0,0,0,0
2020-07-23,US,Vermont,Unassigned,7,0,0,0.0,0.0,90050.0,0.0,0.0,7,7,0,0,7,7,,0,0,0,0,0
2020-07-23,US,Vermont,Washington,45,1,0,44.27343241,-72.61604978,50023.0,77.04292146758205,2.2222222222222223,44,45,1,0,44,45,58140,0,0,0,0,0
2020-07-23,US,Vermont,Windham,100,3,0,42.986982,-72.71268875,50025.0,236.84335180711483,3.0,97,100,3,0,97,100,42756,0,0,0,0,0
2020-07-23,US,Vermont,Windsor,69,2,0,43.58010937,-72.58595157,50027.0,125.31328320802004,2.898550724637681,67,68,2,0,66,67,55286,1,0,0,1,1
2020-07-23,US,Virginia,Accomack,1059,15,0,37.76707161,-75.63234615,51001.0,3277.014481990345,1.4164305949008498,1044,1057,15,0,1042,1057,32412,2,0,0,2,0
2020-07-23,US,Virginia,Albemarle,671,10,0,38.02080697,-78.55481085,51003.0,613.7382237263332,1.4903129657228018,661,647,10,0,637,638,108718,24,0,0,24,9
2020-07-23,US,Virginia,Alexandria,2639,56,0,38.814003,-77.08183073,51510.0,1655.2926712998972,2.122015915119364,2583,2618,56,0,2562,2582,160530,21,0,0,21,36
2020-07-23,US,Virginia,Alleghany,56,2,0,37.78636074,-80.00222498,51005.0,376.8506056527591,3.571428571428572,54,56,2,0,54,55,14910,0,0,0,0,1
2020-07-23,US,Virginia,Amelia,61,1,0,37.34081025,-77.98584649,51007.0,464.05477367820464,1.639344262295082,60,60,1,0,59,60,13013,1,0,0,1,0
2020-07-23,US,Virginia,Amherst,67,0,0,37.60308293,-79.14548696,51009.0,211.99177345356748,0.0,67,66,0,0,66,61,31666,1,0,0,1,5
2020-07-23,US,Virginia,Appomattox,55,0,0,37.37569884,-78.81340003,51011.0,345.6728049776884,0.0,55,55,0,0,55,54,15841,0,0,0,0,1
2020-07-23,US,Virginia,Arlington,2776,135,0,38.8767675,-77.10139853,51013.0,1172.0894098175156,4.863112391930835,2641,2763,135,0,2628,2750,237521,13,0,0,13,13
2020-07-23,US,Virginia,Augusta,233,2,0,38.16404586,-79.12461614,51015.0,308.37237618782916,0.8583690987124464,231,230,2,0,228,227,75457,3,0,0,3,3
2020-07-23,US,Virginia,Bath,3,0,0,38.05852573,-79.73912095,51017.0,72.34145165179649,0.0,3,2,0,0,2,2,4292,1,0,0,1,0
2020-07-23,US,Virginia,Bedford,212,4,0,37.3080028,-79.5281964,51019.0,268.36462144132054,1.8867924528301887,208,207,4,0,203,201,78747,5,0,0,5,6
2020-07-23,US,Virginia,Bland,7,0,0,37.13128068,-81.13599391,51021.0,111.46496815286623,0.0,7,7,0,0,7,7,6293,0,0,0,0,0
2020-07-23,US,Virginia,Botetourt,168,4,0,37.55531756,-79.80982182,51023.0,502.7080403363356,2.380952380952381,164,166,4,0,162,166,33277,2,0,0,2,0
2020-07-23,US,Virginia,Bristol,31,0,0,36.616302399999995,-82.16359122,51520.0,184.94213101061925,0.0,31,27,0,0,27,25,16482,4,0,0,4,2
2020-07-23,US,Virginia,Brunswick,163,1,0,36.76366949,-77.8593436,51025.0,1004.2511243915964,0.6134969325153374,162,162,1,0,161,161,16384,1,0,0,1,1
2020-07-23,US,Virginia,Buchanan,62,0,0,37.26818323,-82.03749726,51027.0,295.1818701199772,0.0,62,61,0,0,61,54,21221,1,0,0,1,7
2020-07-23,US,Virginia,Buckingham,590,6,0,37.57242268,-78.52518834,51029.0,3440.634476323769,1.0169491525423728,584,587,6,0,581,587,16999,3,0,0,3,0
2020-07-23,US,Virginia,Buena Vista,37,0,0,37.73484642,-79.35296097,51530.0,571.1639394874961,0.0,37,36,0,0,36,31,6237,1,0,0,1,5
2020-07-23,US,Virginia,Campbell,89,1,0,37.20553386,-79.09678609,51031.0,162.15723786098206,1.1235955056179776,88,89,1,0,88,84,54973,0,0,0,0,5
2020-07-23,US,Virginia,Caroline,167,4,0,38.02679129,-77.34901405,51033.0,543.5313262815297,2.395209580838323,163,163,4,0,159,161,30772,4,0,0,4,2
2020-07-23,US,Virginia,Carroll,284,10,0,36.73066666,-80.73455942,51035.0,953.3080460541776,3.5211267605633805,274,281,10,0,271,280,29636,3,0,0,3,1
2020-07-23,US,Virginia,Charles City,45,3,0,37.35358063,-77.05634116,51036.0,646.2731581214994,6.666666666666668,42,45,3,0,42,45,6941,0,0,0,0,0
2020-07-23,US,Virginia,Charlotte,43,0,0,37.01909701,-78.66314092,51037.0,361.952861952862,0.0,43,42,0,0,42,40,11938,1,0,0,1,2
2020-07-23,US,Virginia,Charlottesville,385,8,0,38.03527919,-78.48569588,51540.0,814.5389920873355,2.0779220779220777,377,371,8,0,363,367,48117,14,0,0,14,4
2020-07-23,US,Virginia,Chesapeake,1867,24,0,36.67670048,-76.30545744,51550.0,762.5543733534828,1.2854847348687737,1843,1850,24,0,1826,1790,242634,17,0,0,17,60
2020-07-23,US,Virginia,Chesterfield,3609,65,0,37.37373208,-77.58680140000001,51041.0,1022.953384618001,1.8010529232474368,3544,3564,65,0,3499,3538,348556,45,0,0,45,26
2020-07-23,US,Virginia,Clarke,62,0,0,39.11271747,-77.99199425,51043.0,424.1056159792051,0.0,62,64,0,0,64,64,14523,-2,0,0,-2,0
2020-07-23,US,Virginia,Colonial Heights,168,20,0,37.26420587,-77.39609676,51570.0,967.1848013816923,11.904761904761903,148,168,20,0,148,167,17833,0,0,0,0,1
2020-07-23,US,Virginia,Covington,7,0,0,37.7824656,-79.98631446,51580.0,126.39942217407007,0.0,7,7,0,0,7,7,5460,0,0,0,0,0
2020-07-23,US,Virginia,Craig,11,0,0,37.48133648,-80.21072274,51045.0,214.38316117715846,0.0,11,11,0,0,11,11,5064,0,0,0,0,0
2020-07-23,US,Virginia,Culpeper,915,12,0,38.48199985,-77.95630870000002,51047.0,1739.3783860849728,1.3114754098360657,903,912,12,0,900,909,51859,3,0,0,3,3
2020-07-23,US,Virginia,Cumberland,60,0,0,37.51328851,-78.24398086,51049.0,604.1079339508659,0.0,60,60,0,0,60,60,9809,0,0,0,0,0
2020-07-23,US,Virginia,Danville,229,3,0,36.58022376,-79.40395668,51590.0,571.8709419638398,1.310043668122271,226,214,3,0,211,196,40693,15,0,0,15,18
2020-07-23,US,Virginia,Dickenson,11,0,0,37.12560977,-82.35124171,51051.0,76.82637239837966,0.0,11,10,0,0,10,10,14523,1,0,0,1,0
2020-07-23,US,Virginia,Dinwiddie,172,2,0,37.07544585,-77.63451754,51053.0,602.5784753363229,1.162790697674419,170,172,2,0,170,169,28529,0,0,0,0,3
2020-07-23,US,Virginia,Emporia,156,15,0,36.69455571,-77.53406129,51595.0,2918.0695847362513,9.615384615384617,141,154,15,0,139,152,5121,2,0,0,2,2
2020-07-23,US,Virginia,Essex,72,0,0,37.93357639,-76.94230311,51057.0,657.354149548069,0.0,72,72,0,0,72,71,10919,0,0,0,0,1
2020-07-23,US,Virginia,Fairfax,15126,511,0,38.83677558,-77.27565836,51059.0,1318.1331762425798,3.3782890387412405,14615,15078,510,0,14568,14994,1150795,48,1,0,47,84
2020-07-23,US,Virginia,Fairfax,15126,511,0,38.83677558,-77.27565836,51059.0,1318.1331762425798,3.3782890387412405,14615,15078,510,0,14568,14994,24574,48,1,0,47,84
2020-07-23,US,Virginia,Fairfax City,74,7,0,38.85157547,-77.29779640000002,51600.0,308.08942920188184,9.459459459459461,67,74,7,0,67,73,24574,0,0,0,0,1
2020-07-23,US,Virginia,Falls Church,55,6,0,38.88485255,-77.17560759,51610.0,376.27420127249087,10.909090909090908,49,54,6,0,48,54,14772,1,0,0,1,0
2020-07-23,US,Virginia,Fauquier,551,8,0,38.73564842,-77.80647472,51061.0,773.6373592429304,1.4519056261343013,543,545,8,0,537,536,70675,6,0,0,6,9
2020-07-23,US,Virginia,Floyd,26,1,0,36.9302126,-80.36738849,51063.0,165.08984697441107,3.8461538461538463,25,27,1,0,26,28,15795,-1,0,0,-1,-1
2020-07-23,US,Virginia,Fluvanna,154,8,0,37.84157909,-78.27715475,51065.0,564.7231389805647,5.194805194805196,146,151,8,0,143,151,26783,3,0,0,3,0
2020-07-23,US,Virginia,Franklin,132,1,0,36.99536167,-79.88023649,51067.0,235.53763248991828,0.7575757575757576,131,132,1,0,131,125,56195,0,0,0,0,7
2020-07-23,US,Virginia,Franklin,132,1,0,36.99536167,-79.88023649,51067.0,235.53763248991828,0.7575757575757576,131,132,1,0,131,125,8013,0,0,0,0,7
2020-07-23,US,Virginia,Franklin City,97,4,0,36.6831435,-76.93859681,51620.0,1217.5222794025356,4.123711340206185,93,96,4,0,92,96,8013,1,0,0,1,0
2020-07-23,US,Virginia,Frederick,614,7,0,39.20172582,-78.25974949,51069.0,687.4699091957498,1.1400651465798046,607,607,7,0,600,597,88355,7,0,0,7,10
2020-07-23,US,Virginia,Fredericksburg,308,1,0,38.2977863,-77.4922454,51630.0,1060.7521697203472,0.3246753246753247,307,302,1,0,301,300,29144,6,0,0,6,2
2020-07-23,US,Virginia,Galax,306,16,0,36.66601852,-80.91703124,51640.0,4821.175358437057,5.2287581699346415,290,305,16,0,289,305,6423,1,0,0,1,0
2020-07-23,US,Virginia,Giles,18,0,0,37.31234791,-80.70636931,51071.0,107.65550239234449,0.0,18,18,0,0,18,18,16844,0,0,0,0,0
2020-07-23,US,Virginia,Gloucester,115,1,0,37.40809042,-76.53524337,51073.0,307.9147477776588,0.8695652173913043,114,112,1,0,111,109,37349,3,0,0,3,3
2020-07-23,US,Virginia,Goochland,143,6,0,37.71714806,-77.90381514,51075.0,602.0292173620172,4.195804195804196,137,142,6,0,136,141,23244,1,0,0,1,1
2020-07-23,US,Virginia,Grayson,110,4,0,36.65677234,-81.23215889,51077.0,707.395498392283,3.636363636363636,106,107,4,0,103,107,15631,3,0,0,3,0
2020-07-23,US,Virginia,Greene,108,2,0,38.29545894,-78.46525378,51079.0,544.9316312629295,1.851851851851852,106,105,2,0,103,100,19779,3,0,0,3,5
2020-07-23,US,Virginia,Greensville,394,9,0,36.67878901,-77.56351439,51081.0,3475.6527875793927,2.2842639593908634,385,390,9,0,381,389,11627,4,0,0,4,1
2020-07-23,US,Virginia,Halifax,110,1,0,36.76654925,-78.93512622,51083.0,324.37852024416856,0.9090909090909092,109,109,1,0,108,108,34120,1,0,0,1,1
2020-07-23,US,Virginia,Hampton,786,4,0,37.03513786,-76.35879121,51650.0,584.3431715114117,0.5089058524173028,782,772,4,0,768,751,134313,14,0,0,14,21
2020-07-23,US,Virginia,Hanover,539,30,0,37.7583355,-77.49464673,51085.0,500.1577491973349,5.565862708719852,509,531,30,0,501,532,107239,8,0,0,8,-1
2020-07-23,US,Virginia,Harrisonburg,1015,29,0,38.43542574,-78.87536254,51660.0,1914.5163724158747,2.8571428571428568,986,1013,29,0,984,1010,54033,2,0,0,2,3
2020-07-23,US,Virginia,Henrico,3139,177,0,37.53460572,-77.39326555,51087.0,948.8600983017852,5.638738451736223,2962,3112,177,0,2935,3097,329261,27,0,0,27,15
2020-07-23,US,Virginia,Henry,422,5,0,36.68542395,-79.87634026,51089.0,834.7014261131003,1.1848341232227488,417,413,5,0,408,410,50953,9,0,0,9,3
2020-07-23,US,Virginia,Highland,3,0,0,38.35799465,-79.56124594,51091.0,136.98630136986299,0.0,3,3,0,0,3,3,2210,0,0,0,0,0
2020-07-23,US,Virginia,Hopewell,238,5,0,37.29186313,-77.29754684,51670.0,1056.416174708154,2.100840336134454,233,236,5,0,231,234,22596,2,0,0,2,2
2020-07-23,US,Virginia,Isle of Wight,294,9,0,36.90579348,-76.70842863,51093.0,792.2606375811798,3.0612244897959178,285,288,9,0,279,283,36953,6,0,0,6,5
2020-07-23,US,Virginia,James City,471,16,0,37.31156958,-76.76950618,51095.0,615.5012218548671,3.397027600849257,455,464,16,0,448,456,76397,7,0,0,7,8
2020-07-23,US,Virginia,King George,111,4,0,38.26818502,-77.15852768,51099.0,413.62349083320913,3.603603603603604,107,110,4,0,106,108,26575,1,0,0,1,2
2020-07-23,US,Virginia,King William,67,2,0,37.70965316,-77.09384941,51101.0,390.71611849778395,2.985074626865672,65,67,2,0,65,66,16939,0,0,0,0,1
2020-07-23,US,Virginia,King and Queen,32,1,0,37.71044922,-76.88689628,51097.0,455.5160142348754,3.125,31,32,1,0,31,32,7042,0,0,0,0,0
2020-07-23,US,Virginia,Lancaster,24,0,0,37.71889653,-76.46400482,51103.0,226.3510327265868,0.0,24,23,0,0,23,23,10783,1,0,0,1,0
2020-07-23,US,Virginia,Lee,58,0,0,36.70586667,-83.12606515,51105.0,247.6198608205609,0.0,58,52,0,0,52,44,23541,6,0,0,6,8
2020-07-23,US,Virginia,Lexington,26,0,0,37.78258621,-79.44262866,51678.0,349.18076819769004,0.0,26,26,0,0,26,23,7136,0,0,0,0,3
2020-07-23,US,Virginia,Loudoun,4758,106,0,39.08990083,-77.63481877,51107.0,1150.5593198206695,2.2278268179907523,4652,4738,106,0,4632,4695,406850,20,0,0,20,43
2020-07-23,US,Virginia,Louisa,157,2,0,37.97850256,-77.96274807,51109.0,417.6531616610358,1.2738853503184713,155,155,2,0,153,155,36778,2,0,0,2,0
2020-07-23,US,Virginia,Lunenburg,45,0,0,36.94618528,-78.24133319,51111.0,368.9734339127583,0.0,45,44,0,0,44,44,12086,1,0,0,1,0
2020-07-23,US,Virginia,Lynchburg,295,1,0,37.40021399,-79.19888138,51680.0,359.0205432771882,0.3389830508474576,294,294,1,0,293,270,82126,1,0,0,1,24
2020-07-23,US,Virginia,Madison,51,1,0,38.41531222,-78.28220331,51113.0,384.5863811175628,1.96078431372549,50,52,1,0,51,51,13295,-1,0,0,-1,1
2020-07-23,US,Virginia,Manassas,1553,20,0,38.7464321,-77.48509905,51683.0,3779.968358281612,1.28783000643915,1533,1544,20,0,1524,1531,41641,9,0,0,9,13
2020-07-23,US,Virginia,Manassas Park,479,7,0,38.77058531,-77.44399307,51685.0,2740.5881679826066,1.4613778705636744,472,478,7,0,471,477,17307,1,0,0,1,1
2020-07-23,US,Virginia,Martinsville,147,1,0,36.68212094,-79.86352771,51690.0,1170.9415325792575,0.6802721088435374,146,145,1,0,144,143,12902,2,0,0,2,2
2020-07-23,US,Virginia,Mathews,9,0,0,37.44164146,-76.34098896,51115.0,101.87910346388952,0.0,9,9,0,0,9,9,8802,0,0,0,0,0
2020-07-23,US,Virginia,Mecklenburg,286,30,0,36.67882005,-78.36131056,51117.0,935.0377611403537,10.48951048951049,256,283,30,0,253,281,30650,3,0,0,3,2
2020-07-23,US,Virginia,Middlesex,21,1,0,37.63191998,-76.55064617,51119.0,198.45019845019849,4.761904761904762,20,21,1,0,20,20,10769,0,0,0,0,1
2020-07-23,US,Virginia,Montgomery,232,3,0,37.17746986,-80.37868691,51121.0,235.44933272441259,1.293103448275862,229,224,3,0,221,220,98985,8,0,0,8,4
2020-07-23,US,Virginia,Nelson,30,0,0,37.78790447,-78.88498513,51125.0,200.93770931011383,0.0,30,29,0,0,29,29,14836,1,0,0,1,0
2020-07-23,US,Virginia,New Kent,99,1,0,37.50694406,-76.99828634,51127.0,428.7384695335845,1.0101010101010102,98,98,1,0,97,94,22391,1,0,0,1,4
2020-07-23,US,Virginia,Newport News,1308,14,0,37.08166899,-76.51754109,51700.0,729.8088994280931,1.0703363914373092,1294,1276,14,0,1262,1237,178626,32,0,0,32,39
2020-07-23,US,Virginia,Norfolk,2489,20,0,36.89934014,-76.26420872,51710.0,1025.3684982409306,0.8035355564483728,2469,2389,20,0,2369,2329,244076,100,0,0,100,60
2020-07-23,US,Virginia,Northampton,289,28,0,37.34062933,-75.87751591,51131.0,2467.976088812981,9.688581314878894,261,285,28,0,257,281,11735,4,0,0,4,4
2020-07-23,US,Virginia,Northumberland,55,1,0,37.89202088,-76.41949732,51133.0,454.733360892931,1.818181818181818,54,55,1,0,54,55,12147,0,0,0,0,0
2020-07-23,US,Virginia,Norton,8,0,0,36.93357076,-82.62750411,51720.0,200.9545340366742,0.0,8,5,0,0,5,5,3968,3,0,0,3,0
2020-07-23,US,Virginia,Nottoway,157,6,0,37.1435975,-78.05065922,51135.0,1030.7247899159663,3.8216560509554136,151,157,6,0,151,152,15420,0,0,0,0,5
2020-07-23,US,Virginia,Orange,188,3,0,38.24530219,-78.01560400000002,51137.0,507.4087069174922,1.5957446808510638,185,187,3,0,184,185,36644,1,0,0,1,2
2020-07-23,US,Virginia,Page,326,24,0,38.61807452,-78.48797204,51139.0,1363.902602292695,7.361963190184048,302,324,23,0,301,317,23933,2,1,0,1,7
2020-07-23,US,Virginia,Patrick,67,3,0,36.680163799999995,-80.2865648,51141.0,380.5088596092685,4.477611940298506,64,67,2,0,65,57,17673,0,1,0,-1,10
2020-07-23,US,Virginia,Petersburg,380,9,0,37.20530399,-77.39368102,51730.0,1212.2758884706184,2.3684210526315788,371,374,9,0,365,371,31567,6,0,0,6,3
2020-07-23,US,Virginia,Pittsylvania,253,2,0,36.81980341,-79.39731264,51143.0,419.19342545647345,0.7905138339920948,251,248,2,0,246,232,60949,5,0,0,5,16
2020-07-23,US,Virginia,Poquoson,30,0,0,37.14259351,-76.35798148,51735.0,244.4788525792519,0.0,30,30,0,0,30,28,12190,0,0,0,0,2
2020-07-23,US,Virginia,Portsmouth,1115,21,0,36.85914825,-76.35971629,51740.0,1181.1690925655205,1.8834080717488793,1094,1085,21,0,1064,1046,94632,30,0,0,30,39
2020-07-23,US,Virginia,Powhatan,108,3,0,37.55016038,-77.91267882,51145.0,364.22501011736136,2.7777777777777777,105,105,3,0,102,105,29189,3,0,0,3,0
2020-07-23,US,Virginia,Prince Edward,242,6,0,37.22554789,-78.43597949,51147.0,1061.310411367424,2.479338842975207,236,242,6,0,236,242,22950,0,0,0,0,0
2020-07-23,US,Virginia,Prince George,298,2,0,37.18497668,-77.22922187,51149.0,776.9926733241208,0.6711409395973155,296,293,2,0,291,293,38082,5,0,0,5,0
2020-07-23,US,Virginia,Prince William,8321,165,0,38.70916224,-77.48713689,51153.0,1769.1645316636013,1.982934743420262,8156,8265,165,0,8100,8240,468011,56,0,0,56,25
2020-07-23,US,Virginia,Pulaski,62,2,0,37.06474963,-80.71229738,51155.0,182.2082463925706,3.2258064516129035,60,61,2,0,59,61,34066,1,0,0,1,0
2020-07-23,US,Virginia,Radford,21,0,0,37.12222899,-80.56027320000003,51750.0,115.0747986191024,0.0,21,21,0,0,21,21,18339,0,0,0,0,0
2020-07-23,US,Virginia,Rappahannock,36,1,0,38.68295619,-78.15826963,51157.0,488.4667571234736,2.7777777777777777,35,36,1,0,35,34,7252,0,0,0,0,2
2020-07-23,US,Virginia,Richmond,318,4,0,37.937575,-76.72920628,51159.0,3524.326720602904,1.2578616352201255,314,319,4,0,315,314,9038,-1,0,0,-1,5
2020-07-23,US,Virginia,Richmond City,2670,35,0,37.53255773,-77.47966921,51760.0,1158.673123991043,1.310861423220974,2635,2643,35,0,2608,2623,228783,27,0,0,27,20
2020-07-23,US,Virginia,Roanoke,383,6,0,37.26865804,-80.06396753,51161.0,406.6421761195932,1.566579634464752,377,377,6,0,371,365,94073,6,0,0,6,12
2020-07-23,US,Virginia,Roanoke City,684,10,0,37.27791025,-79.96189766,51770.0,689.9125505582845,1.4619883040935673,674,679,10,0,669,665,99920,5,0,0,5,14
2020-07-23,US,Virginia,Rockbridge,51,0,0,37.81204314,-79.44605905,51163.0,225.93363753156424,0.0,51,51,0,0,51,47,22752,0,0,0,0,4
2020-07-23,US,Virginia,Rockingham,838,16,0,38.51006137,-78.87260325,51165.0,1022.5996973690633,1.9093078758949882,822,836,16,0,820,833,81244,2,0,0,2,3
2020-07-23,US,Virginia,Russell,36,0,0,36.93028320000001,-82.10095486,51167.0,135.40961408259986,0.0,36,35,0,0,35,31,26748,1,0,0,1,4
2020-07-23,US,Virginia,Salem,117,3,0,37.2836193,-80.06219455,51775.0,462.4323149282637,2.5641025641025643,114,116,3,0,113,113,25643,1,0,0,1,3
2020-07-23,US,Virginia,Scott,30,2,0,36.71466456,-82.60171704,51169.0,139.10785495687657,6.666666666666668,28,30,2,0,28,30,21534,0,0,0,0,0
2020-07-23,US,Virginia,Shenandoah,649,40,0,38.85905135,-78.56813762,51171.0,1487.9860601614087,6.163328197226503,609,655,40,0,615,654,43497,-6,0,0,-6,1
2020-07-23,US,Virginia,Smyth,75,1,0,36.84455636,-81.53344948,51173.0,249.1363273983524,1.3333333333333333,74,74,1,0,73,73,30472,1,0,0,1,1
2020-07-23,US,Virginia,Southampton,210,11,0,36.72231125,-77.10642712,51175.0,1191.0838863365664,5.238095238095238,199,205,11,0,194,204,17586,5,0,0,5,1
2020-07-23,US,Virginia,Spotsylvania,1212,33,0,38.18574462,-77.655399,51177.0,889.7698491355577,2.722772277227723,1179,1197,33,0,1164,1168,134238,15,0,0,15,29
2020-07-23,US,Virginia,Stafford,1163,7,0,38.41758738,-77.45917053,51179.0,760.7174160463626,0.6018916595012898,1156,1151,6,0,1145,1140,149960,12,1,0,11,11
2020-07-23,US,Virginia,Staunton,124,0,0,38.15965544,-79.05979937,51790.0,497.3527996149527,0.0,124,122,0,0,122,118,24922,2,0,0,2,4
2020-07-23,US,Virginia,Suffolk,826,45,0,36.70155394,-76.63603554,51800.0,896.7733530203674,5.447941888619853,781,797,45,0,752,780,91185,29,0,0,29,17
2020-07-23,US,Virginia,Surry,31,1,0,37.11781893,-76.88450012,51181.0,482.71566490189974,3.2258064516129035,30,30,1,0,29,29,6474,1,0,0,1,1
2020-07-23,US,Virginia,Sussex,245,7,0,36.92432914,-77.25791182,51183.0,2195.5372345192222,2.8571428571428568,238,238,7,0,231,236,11237,7,0,0,7,2
2020-07-23,US,Virginia,Tazewell,55,0,0,37.12191123,-81.56685568,51185.0,135.48466559921172,0.0,55,54,0,0,54,48,40855,1,0,0,1,6
2020-07-23,US,Virginia,Virginia Beach,3030,39,0,36.73285734,-76.04566934,51810.0,673.3722392849364,1.2871287128712872,2991,2968,39,0,2929,2829,450189,62,0,0,62,139
2020-07-23,US,Virginia,Warren,339,7,0,38.90847745,-78.20280433,51187.0,844.0394383029578,2.0648967551622417,332,340,8,0,332,334,40003,-1,-1,0,0,6
2020-07-23,US,Virginia,Washington,119,4,0,36.72341572,-81.95666289,51191.0,221.4365463342017,3.361344537815126,115,118,4,0,114,114,54402,1,0,0,1,4
2020-07-23,US,Virginia,Waynesboro,154,2,0,38.06451466,-78.90293905,51820.0,680.5125939019001,1.2987012987012987,152,150,2,0,148,149,22628,4,0,0,4,1
2020-07-23,US,Virginia,Westmoreland,187,2,0,38.11021557,-76.80213247,51193.0,1038.0238689980572,1.0695187165775402,185,187,2,0,185,187,17830,0,0,0,0,0
2020-07-23,US,Virginia,Williamsburg,99,6,0,37.28131268,-76.70905141,51830.0,662.0302260264813,6.0606060606060606,93,97,6,0,91,96,14896,2,0,0,2,1
2020-07-23,US,Virginia,Winchester,382,4,0,39.17054517,-78.17325058,51840.0,1360.4957618063966,1.0471204188481675,378,380,4,0,376,378,28108,2,0,0,2,2
2020-07-23,US,Virginia,Wise,61,3,0,36.9746148,-82.62410519,51195.0,163.17577508493162,4.918032786885246,58,58,3,0,55,54,38012,3,0,0,3,4
2020-07-23,US,Virginia,Wythe,83,2,0,36.91582035,-81.07834059,51197.0,289.35992190768366,2.409638554216868,81,78,2,0,76,73,28754,5,0,0,5,5
2020-07-23,US,Virginia,York,243,3,0,37.24374789,-76.54412815,51199.0,355.88752196836555,1.2345679012345678,240,237,3,0,234,234,67846,6,0,0,6,3
2020-07-23,US,Washington,Adams,322,0,0,46.98299757,-118.56017340000001,53001.0,1611.3696642145826,0.0,322,318,0,0,318,314,19759,4,0,0,4,4
2020-07-23,US,Washington,Asotin,22,2,0,46.18894415,-117.2022851,53003.0,97.42272606500751,9.090909090909092,20,22,2,0,20,21,22610,0,0,0,0,1
2020-07-23,US,Washington,Benton,3017,103,0,46.23946995,-119.51208340000001,53005.0,1476.0996134840257,3.4139874047066625,2914,2983,102,0,2881,2946,201877,34,1,0,33,37
2020-07-23,US,Washington,Chelan,836,8,0,47.87046092,-120.6173956,53007.0,1082.9015544041451,0.9569377990430622,828,818,6,0,812,778,77036,18,2,0,16,40
2020-07-23,US,Washington,Clallam,70,0,0,48.04754642,-123.92263190000001,53009.0,90.51997258537972,0.0,70,71,0,0,71,72,76737,-1,0,0,-1,-1
2020-07-23,US,Washington,Clark,1297,33,0,45.77568046,-122.48292040000001,53011.0,265.64749785454313,2.5443330763299925,1264,1271,32,0,1239,1260,481857,26,1,0,25,11
2020-07-23,US,Washington,Columbia,10,0,0,46.29442881,-117.9051983,53013.0,250.94102885821832,0.0,10,10,0,0,10,10,4059,0,0,0,0,0
2020-07-23,US,Washington,Cowlitz,378,3,0,46.19074721,-122.6782231,53015.0,341.79378441673526,0.7936507936507936,375,367,2,0,365,365,108987,11,1,0,10,2
2020-07-23,US,Washington,Douglas,581,4,0,47.7361335,-119.69293700000001,53017.0,1337.815745239356,0.6884681583476764,577,576,4,0,572,544,42907,5,0,0,5,32
2020-07-23,US,Washington,Ferry,7,0,0,48.471143100000006,-118.5154041,53019.0,91.77920545430706,0.0,7,6,0,0,6,6,7649,1,0,0,1,0
2020-07-23,US,Washington,Franklin,2907,44,0,46.53351425,-118.9018212,53021.0,3052.865934342904,1.5135878912968697,2863,2882,44,0,2838,2846,94347,25,0,0,25,36
2020-07-23,US,Washington,Garfield,2,0,0,46.43197502,-117.54540320000001,53023.0,89.88764044943821,0.0,2,2,0,0,2,2,2247,0,0,0,0,0
2020-07-23,US,Washington,Grant,1015,8,0,47.20753737,-119.4500749,53025.0,1038.5437876663973,0.7881773399014779,1007,1004,8,0,996,992,97331,11,0,0,11,12
2020-07-23,US,Washington,Grays Harbor,70,2,0,47.14003705,-123.7820567,53027.0,93.25748391308404,2.8571428571428568,68,66,2,0,64,66,73901,4,0,0,4,0
2020-07-23,US,Washington,Island,221,11,0,48.14713305,-122.5216407,53029.0,259.56942013835874,4.977375565610861,210,219,11,0,208,217,84460,2,0,0,2,2
2020-07-23,US,Washington,Jefferson,50,0,0,47.75003077,-123.56097040000002,53031.0,155.1782998665467,0.0,50,50,0,0,50,50,31729,0,0,0,0,0
2020-07-23,US,Washington,King,13835,638,0,47.49137892,-121.8346131,53033.0,614.1295518163763,4.611492591254065,13197,13627,638,0,12989,13450,2233163,208,0,0,208,177
2020-07-23,US,Washington,Kitsap,442,3,0,47.63479026,-122.6436061,53035.0,162.8154549439539,0.6787330316742082,439,423,3,0,420,407,269805,19,0,0,19,16
2020-07-23,US,Washington,Kittitas,306,6,0,47.12521214,-120.67943899999999,53037.0,638.3644518618963,1.96078431372549,300,304,4,0,300,303,47364,2,2,0,0,1
2020-07-23,US,Washington,Klickitat,85,3,0,45.87325839,-120.7913598,53039.0,379.041248606466,3.5294117647058822,82,85,3,0,82,83,22107,0,0,0,0,2
2020-07-23,US,Washington,Lewis,137,3,0,46.57756476,-122.39257690000001,53041.0,169.74983582588868,2.18978102189781,134,132,3,0,129,132,79604,5,0,0,5,0
2020-07-23,US,Washington,Lincoln,7,0,0,47.57705241,-118.41943880000001,53043.0,63.991224060700254,0.0,7,6,0,0,6,6,10740,1,0,0,1,0
2020-07-23,US,Washington,Mason,89,1,0,47.35007586,-123.1863685,53045.0,133.29738797028514,1.1235955056179776,88,88,1,0,87,84,65507,1,0,0,1,4
2020-07-23,US,Washington,Okanogan,524,2,0,48.54855019,-119.73872240000001,53047.0,1240.4422034419906,0.3816793893129771,522,506,2,0,504,482,42132,18,0,0,18,24
2020-07-23,US,Washington,Pacific,27,1,0,46.55418369,-123.7285716,53049.0,120.154866272084,3.703703703703704,26,26,1,0,25,25,22036,1,0,0,1,1
2020-07-23,US,Washington,Pend Oreille,28,0,0,48.53234021,-117.2741804,53051.0,204.02215097639169,0.0,28,26,0,0,26,26,13602,2,0,0,2,0
2020-07-23,US,Washington,Pierce,4123,117,0,47.03892768,-122.14059579999999,53053.0,455.5901787884815,2.8377395100654863,4006,4003,115,0,3888,3913,891299,120,2,0,118,90
2020-07-23,US,Washington,San Juan,25,0,0,48.60182783,-122.96745,53055.0,142.1908770333295,0.0,25,25,0,0,25,24,17128,0,0,0,0,1
2020-07-23,US,Washington,Skagit,723,18,0,48.48171488,-121.766131,53057.0,559.5758678069733,2.489626556016597,705,712,17,0,695,707,128206,11,1,0,10,5
2020-07-23,US,Washington,Skamania,44,1,0,46.02408726,-121.91644029999999,53059.0,364.1479764959033,2.272727272727273,43,43,1,0,42,45,11924,1,0,0,1,-2
2020-07-23,US,Washington,Snohomish,4562,182,0,48.04615983,-121.7170703,53061.0,554.9318012901374,3.98947829899167,4380,4512,181,0,4331,4454,814901,50,1,0,49,58
2020-07-23,US,Washington,Spokane,2970,47,0,47.62113146,-117.4046494,53063.0,568.0970470430261,1.5824915824915824,2923,2896,45,0,2851,2820,514631,74,2,0,72,76
2020-07-23,US,Washington,Stevens,50,1,0,48.40035475,-117.8542701,53065.0,109.3541543643243,2.0,49,48,1,0,47,46,45260,2,0,0,2,2
2020-07-23,US,Washington,Thurston,496,5,0,46.9291895,-122.82906559999999,53067.0,170.7189470495911,1.0080645161290325,491,484,5,0,479,475,286419,12,0,0,12,9
2020-07-23,US,Washington,Unassigned,168,1,0,0.0,0.0,90053.0,0.0,0.5952380952380952,167,146,1,0,145,179,,22,0,0,22,-33
2020-07-23,US,Washington,Wahkiakum,6,0,0,46.29180039999999,-123.4250831,53069.0,133.6898395721925,0.0,6,6,0,0,6,6,4426,0,0,0,0,0
2020-07-23,US,Washington,Walla Walla,314,4,0,46.23040051,-118.4775539,53071.0,516.7873601053325,1.2738853503184713,310,308,3,0,305,300,60922,6,1,0,5,8
2020-07-23,US,Washington,Whatcom,818,37,0,48.82227976,-121.74900179999999,53073.0,356.8203727856853,4.52322738386308,781,807,37,0,770,802,225685,11,0,0,11,5
2020-07-23,US,Washington,Whitman,58,0,0,46.90022523,-117.52417630000001,53075.0,115.75922082069296,0.0,58,57,0,0,57,56,49791,1,0,0,1,1
2020-07-23,US,Washington,Yakima,9367,194,0,46.45738486,-120.73801259999999,53077.0,3733.761704129181,2.07110067257393,9173,9312,194,0,9118,9261,251446,55,0,0,55,51
2020-07-23,US,West Virginia,Barbour,27,1,0,39.1307219,-80.00350858,54001.0,164.22358737303082,3.703703703703704,26,26,1,0,25,26,16535,1,0,0,1,0
2020-07-23,US,West Virginia,Berkeley,570,10,0,39.46704621,-78.02414609,54003.0,478.30428543857147,1.7543859649122806,560,569,10,0,559,568,117123,1,0,0,1,1
2020-07-23,US,West Virginia,Boone,63,0,0,38.01974191,-81.69888019,54005.0,293.61047676748854,0.0,63,61,0,0,61,61,21951,2,0,0,2,0
2020-07-23,US,West Virginia,Braxton,7,0,0,38.70036159,-80.72011184,54007.0,50.15404456545103,0.0,7,7,0,0,7,7,14089,0,0,0,0,0
2020-07-23,US,West Virginia,Brooke,41,0,0,40.27367263,-80.57915332,54009.0,186.8818086512603,0.0,41,40,0,0,40,39,22203,1,0,0,1,1
2020-07-23,US,West Virginia,Cabell,249,2,0,38.42424062,-82.23855912,54011.0,270.81407363097503,0.8032128514056225,247,229,2,0,227,229,93224,20,0,0,20,0
2020-07-23,US,West Virginia,Calhoun,5,0,0,38.84315422,-81.11934872,54013.0,70.33338022225348,0.0,5,5,0,0,5,5,7254,0,0,0,0,0
2020-07-23,US,West Virginia,Clay,17,1,0,38.46231092,-81.07652217,54015.0,199.8119417019276,5.882352941176472,16,17,1,0,16,17,8632,0,0,0,0,0
2020-07-23,US,West Virginia,Fayette,107,5,0,38.02974928,-81.08286634,54019.0,252.32278451162568,4.672897196261682,102,102,4,0,98,102,43018,5,1,0,4,0
2020-07-23,US,West Virginia,Gilmer,13,0,0,38.9251277,-80.85952723,54021.0,166.17665857088068,0.0,13,13,0,0,13,13,8026,0,0,0,0,0
2020-07-23,US,West Virginia,Grant,35,0,0,39.10314817,-79.19440518,54023.0,302.5587828492392,0.0,35,26,0,0,26,26,11626,9,0,0,9,0
2020-07-23,US,West Virginia,Greenbrier,81,3,0,37.9463652,-80.45335881,54025.0,233.6853037908949,3.703703703703704,78,80,3,0,77,80,34786,1,0,0,1,0
2020-07-23,US,West Virginia,Hampshire,55,1,0,39.32103553,-78.60826476,54027.0,237.32470334412082,1.818181818181818,54,51,1,0,50,51,23347,4,0,0,4,0
2020-07-23,US,West Virginia,Hancock,69,0,0,40.51943859,-80.57461608,54029.0,239.5001735508504,0.0,69,68,0,0,68,65,29094,1,0,0,1,3
2020-07-23,US,West Virginia,Hardy,50,0,0,39.00683177,-78.85855301,54031.0,362.95005807200926,0.0,50,50,0,0,50,50,13775,0,0,0,0,0
2020-07-23,US,West Virginia,Harrison,148,1,0,39.2853852,-80.37919577,54033.0,220.05471630783867,0.6756756756756757,147,143,1,0,142,142,67554,5,0,0,5,1
2020-07-23,US,West Virginia,Jackson,151,19,0,38.84263974,-81.68148753,54035.0,528.4154535274356,12.582781456953642,132,150,19,0,131,149,28706,1,0,0,1,1
2020-07-23,US,West Virginia,Jefferson,275,4,0,39.30776166,-77.86014147,54037.0,481.22353270570125,1.4545454545454546,271,274,4,0,270,274,56811,1,0,0,1,0
2020-07-23,US,West Virginia,Kanawha,601,20,0,38.33860077,-81.52857054,54039.0,337.40540297770093,3.3277870216306162,581,552,20,0,532,546,180454,49,0,0,49,6
2020-07-23,US,West Virginia,Lewis,25,2,0,38.9947249,-80.49988181,54041.0,157.16351291884075,8.0,23,25,2,0,23,25,16024,0,0,0,0,0
2020-07-23,US,West Virginia,Lincoln,37,0,0,38.172154,-82.07017953,54043.0,181.2925670047528,0.0,37,30,0,0,30,30,20599,7,0,0,7,0
2020-07-23,US,West Virginia,Logan,59,1,0,37.8299889,-81.93528571,54045.0,184.2655923045692,1.6949152542372878,58,49,1,0,48,47,32607,10,0,0,10,2
2020-07-23,US,West Virginia,Marion,148,2,0,39.50984542,-80.24244659,54049.0,263.94635468683117,1.351351351351351,146,143,2,0,141,140,56097,5,0,0,5,3
2020-07-23,US,West Virginia,Marshall,89,0,0,39.86064362,-80.66591062,54051.0,291.50699289246995,0.0,89,86,0,0,86,83,30785,3,0,0,3,3
2020-07-23,US,West Virginia,Mason,32,0,0,38.77071799,-82.02524219,54053.0,120.68185246643536,0.0,32,30,0,0,30,30,26718,2,0,0,2,0
2020-07-23,US,West Virginia,McDowell,12,0,0,37.38002939,-81.65083669,54047.0,68.08896958692692,0.0,12,12,0,0,12,12,18223,0,0,0,0,0
2020-07-23,US,West Virginia,Mercer,76,0,0,37.40481169,-81.11023142,54055.0,129.34408931549746,0.0,76,74,0,0,74,74,59131,2,0,0,2,0
2020-07-23,US,West Virginia,Mineral,86,3,0,39.41561583,-78.94104895,54057.0,320.0833705523299,3.4883720930232562,83,78,3,0,75,78,26940,8,0,0,8,0
2020-07-23,US,West Virginia,Mingo,75,2,0,37.73048351,-82.13338365,54059.0,320.1844262295082,2.6666666666666665,73,65,2,0,63,62,23785,10,0,0,10,3
2020-07-23,US,West Virginia,Monongalia,799,5,0,39.63218457,-80.04766838,54061.0,756.5428171041168,0.6257822277847309,794,767,5,0,762,763,106420,32,0,0,32,4
2020-07-23,US,West Virginia,Monroe,18,0,0,37.56274716,-80.54577965,54063.0,135.59322033898306,0.0,18,17,0,0,17,17,13280,1,0,0,1,0
2020-07-23,US,West Virginia,Morgan,24,0,0,39.55439028,-78.26311676,54065.0,134.19816595839856,0.0,24,22,0,0,22,22,17787,2,0,0,2,0
2020-07-23,US,West Virginia,Nicholas,23,1,0,38.29617706,-80.79759588,54067.0,93.89288047028086,4.3478260869565215,22,23,1,0,22,23,24842,0,0,0,0,0
2020-07-23,US,West Virginia,Ohio,210,3,0,40.0955451,-80.62203992,54069.0,507.1116370046606,1.4285714285714286,207,181,3,0,178,179,41755,29,0,0,29,2
2020-07-23,US,West Virginia,Pendleton,25,1,0,38.68314479,-79.35084086,54071.0,358.7315253264457,4.0,24,21,1,0,20,20,6997,4,0,0,4,1
2020-07-23,US,West Virginia,Pleasants,6,0,0,39.37091679,-81.16771771,54073.0,80.42895442359249,0.0,6,6,0,0,6,6,7507,0,0,0,0,0
2020-07-23,US,West Virginia,Pocahontas,40,0,0,38.32758728,-80.00993811,54075.0,485.0248575239481,0.0,40,40,0,0,40,39,8414,0,0,0,0,1
2020-07-23,US,West Virginia,Preston,114,2,0,39.46770987,-79.66712803,54077.0,340.99066762383364,1.7543859649122806,112,114,2,0,112,114,33839,0,0,0,0,0
2020-07-23,US,West Virginia,Putnam,125,0,0,38.50782345,-81.9082131,54079.0,221.43489813994685,0.0,125,117,0,0,117,116,56682,8,0,0,8,1
2020-07-23,US,West Virginia,Raleigh,118,0,0,37.76936795,-81.2456041,54081.0,160.84840719183217,0.0,118,111,0,0,111,111,74254,7,0,0,7,0
2020-07-23,US,West Virginia,Randolph,202,0,0,38.769899,-79.87919615,54083.0,703.9553929255968,0.0,202,202,0,0,202,202,28823,0,0,0,0,0
2020-07-23,US,West Virginia,Ritchie,3,0,0,39.18094587,-81.06356878,54085.0,31.400460540087924,0.0,3,3,0,0,3,3,9721,0,0,0,0,0
2020-07-23,US,West Virginia,Roane,12,1,0,38.71622686,-81.35243568,54087.0,87.66803039158388,8.333333333333334,11,12,1,0,11,12,13932,0,0,0,0,0
2020-07-23,US,West Virginia,Summers,2,0,0,37.65390597,-80.86009693,54089.0,15.90710252127575,0.0,2,2,0,0,2,2,12760,0,0,0,0,0
2020-07-23,US,West Virginia,Taylor,34,0,0,39.33602617,-80.0421439,54091.0,203.65378855944888,0.0,34,31,0,0,31,30,16862,3,0,0,3,1
2020-07-23,US,West Virginia,Tucker,7,0,0,39.11240885,-79.57053576,54093.0,102.35414534288635,0.0,7,7,0,0,7,7,6955,0,0,0,0,0
2020-07-23,US,West Virginia,Tyler,10,0,0,39.46811972,-80.88772676,54095.0,116.40088464672331,0.0,10,10,0,0,10,10,8746,0,0,0,0,0
2020-07-23,US,West Virginia,Upshur,34,0,0,38.89285061,-80.23689136,54097.0,140.63534083388484,0.0,34,34,0,0,34,33,24415,0,0,0,0,1
2020-07-23,US,West Virginia,Wayne,166,9,0,38.14901357,-82.42287994,54099.0,421.29841124816,5.421686746987952,157,162,9,0,153,162,39944,4,0,0,4,0
2020-07-23,US,West Virginia,Webster,3,0,0,38.49370949,-80.4202023,54101.0,36.973132856790734,0.0,3,2,0,0,2,2,8285,1,0,0,1,0
2020-07-23,US,West Virginia,Wetzel,42,0,0,39.6065771,-80.64016540000001,54103.0,278.7919017590441,0.0,42,42,0,0,42,42,15270,0,0,0,0,0
2020-07-23,US,West Virginia,Wirt,6,0,0,39.02775007,-81.37473928,54105.0,103.07507301151009,0.0,6,6,0,0,6,6,5830,0,0,0,0,0
2020-07-23,US,West Virginia,Wood,214,3,0,39.20967886,-81.5162836,54107.0,256.2321894681386,1.4018691588785046,211,214,3,0,211,212,84203,0,0,0,0,2
2020-07-23,US,West Virginia,Wyoming,12,0,0,37.612327,-81.54511071,54109.0,58.840835539864656,0.0,12,11,0,0,11,8,20786,1,0,0,1,3
2020-07-23,US,Wisconsin,Adams,54,2,0,43.96974651,-89.76782777,55001.0,267.06231454005933,3.703703703703704,52,54,2,0,52,54,20348,0,0,0,0,0
2020-07-23,US,Wisconsin,Ashland,13,0,0,46.31956891,-90.67837132,55003.0,83.53682046009509,0.0,13,11,0,0,11,11,15600,2,0,0,2,0
2020-07-23,US,Wisconsin,Barron,87,2,0,45.42372701,-91.84833627,55005.0,192.29069047829543,2.2988505747126435,85,82,2,0,80,78,45164,5,0,0,5,4
2020-07-23,US,Wisconsin,Bayfield,15,1,0,46.52868768,-91.19716729,55007.0,99.76057462090981,6.666666666666668,14,14,1,0,13,13,15042,1,0,0,1,1
2020-07-23,US,Wisconsin,Brown,3667,49,0,44.452655299999996,-88.00411844,55009.0,1386.1693039290546,1.3362421598036542,3618,3629,47,0,3582,3596,263378,38,2,0,36,33
2020-07-23,US,Wisconsin,Buffalo,33,2,0,44.37835084,-91.75332578,55011.0,253.24226843680455,6.0606060606060606,31,28,2,0,26,29,13125,5,0,0,5,-1
2020-07-23,US,Wisconsin,Burnett,7,1,0,45.86303537,-92.36711412,55013.0,45.41326067211626,14.285714285714285,6,6,1,0,5,5,15392,1,0,0,1,1
2020-07-23,US,Wisconsin,Calumet,201,2,0,44.0816316,-88.21780273,55015.0,401.2857114336482,0.9950248756218906,199,192,2,0,190,190,50159,9,0,0,9,2
2020-07-23,US,Wisconsin,Chippewa,177,0,0,45.06939744,-91.28068855,55017.0,273.7480280862384,0.0,177,172,0,0,172,165,64135,5,0,0,5,7
2020-07-23,US,Wisconsin,Clark,152,7,0,44.73483377,-90.61207486,55019.0,437.1081842756082,4.605263157894737,145,147,7,0,140,142,34709,5,0,0,5,5
2020-07-23,US,Wisconsin,Columbia,173,1,0,43.46492199,-89.33589004,55021.0,300.70221789612737,0.5780346820809249,172,171,1,0,170,166,57358,2,0,0,2,5
2020-07-23,US,Wisconsin,Crawford,49,0,0,43.23870316,-90.93073686,55023.0,303.76294092120764,0.0,49,49,0,0,49,48,16291,0,0,0,0,1
2020-07-23,US,Wisconsin,Dane,3669,33,0,43.06601594,-89.41733797,55025.0,671.1237527323281,0.8994276369582993,3636,3633,33,0,3600,3586,542364,36,0,0,36,47
2020-07-23,US,Wisconsin,Dodge,592,5,0,43.41576662,-88.70928178,55027.0,673.9603137558488,0.8445945945945946,587,584,5,0,579,577,87847,8,0,0,8,7
2020-07-23,US,Wisconsin,Door,78,3,0,44.95856458,-87.30002707,55029.0,281.91412462050016,3.8461538461538463,75,75,3,0,72,74,27610,3,0,0,3,1
2020-07-23,US,Wisconsin,Douglas,82,0,0,46.43222285,-91.91595768,55031.0,190.0347624565469,0.0,82,77,0,0,77,75,43208,5,0,0,5,2
2020-07-23,US,Wisconsin,Dunn,79,0,0,44.94562799,-91.8962481,55033.0,174.1315464644684,0.0,79,74,0,0,74,71,45131,5,0,0,5,3
2020-07-23,US,Wisconsin,Eau Claire,421,3,0,44.726614,-91.28609183,55035.0,402.3087361198709,0.7125890736342043,418,409,2,0,407,407,104534,12,1,0,11,2
2020-07-23,US,Wisconsin,Florence,5,0,0,45.84963535,-88.39804137,55037.0,116.41443538998837,0.0,5,5,0,0,5,5,4321,0,0,0,0,0
2020-07-23,US,Wisconsin,Fond du Lac,463,6,0,43.75354908,-88.48885325,55039.0,447.7626374476562,1.2958963282937366,457,458,6,0,452,451,103066,5,0,0,5,7
2020-07-23,US,Wisconsin,Forest,53,4,0,45.66678019,-88.77084892,55041.0,588.6272767658817,7.547169811320754,49,51,4,0,47,50,8991,2,0,0,2,1
2020-07-23,US,Wisconsin,Grant,261,14,0,42.8671731,-90.7063218,55043.0,507.3971111413518,5.363984674329502,247,256,14,0,242,252,51554,5,0,0,5,4
2020-07-23,US,Wisconsin,Green,119,1,0,42.6794956,-89.60243287,55045.0,321.969696969697,0.8403361344537815,118,118,1,0,117,118,36929,1,0,0,1,0
2020-07-23,US,Wisconsin,Green Lake,49,0,0,43.80025981,-89.04679553,55047.0,259.081055358748,0.0,49,49,0,0,49,48,18918,0,0,0,0,1
2020-07-23,US,Wisconsin,Iowa,54,0,0,43.00050278,-90.13469017,55049.0,228.0598023481713,0.0,54,54,0,0,54,51,23771,0,0,0,0,3
2020-07-23,US,Wisconsin,Iron,40,1,0,46.26302338,-90.24295041,55051.0,703.358537014243,2.5,39,37,1,0,36,33,5676,3,0,0,3,4
2020-07-23,US,Wisconsin,Jackson,38,1,0,44.31864893,-90.80566792,55053.0,184.08177106040787,2.631578947368421,37,37,1,0,36,36,20478,1,0,0,1,1
2020-07-23,US,Wisconsin,Jefferson,461,4,0,43.02054068,-88.77529134,55055.0,543.8308815722729,0.8676789587852495,457,449,4,0,445,441,85129,12,0,0,12,8
2020-07-23,US,Wisconsin,Juneau,84,1,0,43.92456975,-90.11120239,55057.0,314.7599955034286,1.1904761904761905,83,80,1,0,79,77,26617,4,0,0,4,3
2020-07-23,US,Wisconsin,Kenosha,2144,49,0,42.57639354,-88.04051686,55059.0,1264.441705344979,2.2854477611940296,2095,2102,47,0,2055,2082,169290,42,2,0,40,20
2020-07-23,US,Wisconsin,Kewaunee,96,1,0,44.51727459,-87.61468386,55061.0,469.80522658314567,1.0416666666666667,95,93,1,0,92,91,20383,3,0,0,3,2
2020-07-23,US,Wisconsin,La Crosse,697,1,0,43.90632465,-91.11451093,55063.0,590.597885032538,0.14347202295552364,696,685,1,0,684,685,118230,12,0,0,12,0
2020-07-23,US,Wisconsin,Lafayette,94,0,0,42.66005229,-90.1317729,55065.0,564.0564056405641,0.0,94,87,0,0,87,87,16665,7,0,0,7,0
2020-07-23,US,Wisconsin,Langlade,14,1,0,45.26271619,-89.07483625,55067.0,72.95846578769088,7.142857142857142,13,13,1,0,12,13,19268,1,0,0,1,0
2020-07-23,US,Wisconsin,Lincoln,49,0,0,45.33737523,-89.73411273,55069.0,177.58127061211178,0.0,49,46,0,0,46,40,27689,3,0,0,3,6
2020-07-23,US,Wisconsin,Manitowoc,219,1,0,44.11946801,-87.80928853,55071.0,277.2818779200061,0.45662100456620996,218,212,1,0,211,207,79074,7,0,0,7,5
2020-07-23,US,Wisconsin,Marathon,432,3,0,44.89792533,-89.75863384,55073.0,318.36806886183416,0.6944444444444444,429,410,3,0,407,388,135428,22,0,0,22,22
2020-07-23,US,Wisconsin,Marinette,202,3,0,45.38553432,-88.03324599999998,55075.0,500.61957868649324,1.4851485148514851,199,196,3,0,193,189,40434,6,0,0,6,7
2020-07-23,US,Wisconsin,Marquette,61,1,0,43.81911946,-89.40073763,55077.0,391.6784384230127,1.639344262295082,60,60,1,0,59,58,15434,1,0,0,1,2
2020-07-23,US,Wisconsin,Menominee,14,0,0,45.00422544,-88.70950714,55078.0,307.28709394205436,0.0,14,10,0,0,10,10,4658,4,0,0,4,0
2020-07-23,US,Wisconsin,Milwaukee,17197,422,0,43.00486062,-87.96733172,55079.0,1818.3913733999066,2.453916380764087,16775,16777,417,0,16360,16570,948201,420,5,0,415,207
2020-07-23,US,Wisconsin,Monroe,162,1,0,43.94641218,-90.61881899999999,55081.0,350.24755151017234,0.6172839506172839,161,163,1,0,162,163,46051,-1,0,0,-1,0
2020-07-23,US,Wisconsin,Oconto,135,0,0,45.02715345,-88.26807503,55083.0,355.91879778539413,0.0,135,129,0,0,129,125,37830,6,0,0,6,4
2020-07-23,US,Wisconsin,Oneida,59,0,0,45.70677897,-89.51944105,55085.0,165.75361708105072,0.0,59,53,0,0,53,52,35470,6,0,0,6,1
2020-07-23,US,Wisconsin,Outagamie,883,12,0,44.41578887,-88.46565023,55087.0,469.9683316922585,1.359003397508494,871,858,11,0,847,840,187365,25,1,0,24,18
2020-07-23,US,Wisconsin,Ozaukee,440,16,0,43.38352225,-87.94625009,55089.0,493.1574405128837,3.636363636363636,424,422,16,0,406,409,89147,18,0,0,18,13
2020-07-23,US,Wisconsin,Pepin,32,0,0,44.58307413,-91.99949611,55091.0,439.13819129957466,0.0,32,29,0,0,29,27,7289,3,0,0,3,2
2020-07-23,US,Wisconsin,Pierce,140,0,0,44.71850291,-92.4224416,55093.0,327.45474107685834,0.0,140,136,0,0,136,133,42555,4,0,0,4,3
2020-07-23,US,Wisconsin,Polk,91,2,0,45.46130348,-92.44182875,55095.0,207.84322682319612,2.1978021978021984,89,88,2,0,86,84,43598,3,0,0,3,4
2020-07-23,US,Wisconsin,Portage,310,0,0,44.47558711,-89.50152965,55097.0,438.02633809981353,0.0,310,303,0,0,303,296,70942,7,0,0,7,7
2020-07-23,US,Wisconsin,Price,18,0,0,45.68051754,-90.36098879999999,55099.0,134.82136169575313,0.0,18,16,0,0,16,14,13397,2,0,0,2,2
2020-07-23,US,Wisconsin,Racine,2794,69,0,42.74753117,-88.05941254,55101.0,1423.2518809440126,2.46957766642806,2725,2739,69,0,2670,2715,196584,55,0,0,55,24
2020-07-23,US,Wisconsin,Richland,19,4,0,43.3762778,-90.43012729,55103.0,110.13215859030836,21.05263157894737,15,19,4,0,15,19,17377,0,0,0,0,0
2020-07-23,US,Wisconsin,Rock,1244,25,0,42.67151616,-89.07147900000002,55105.0,761.5362954075197,2.009646302250804,1219,1228,25,0,1203,1200,163129,16,0,0,16,28
2020-07-23,US,Wisconsin,Rusk,13,1,0,45.47498854,-91.1333012,55107.0,91.69135280011284,7.6923076923076925,12,13,1,0,12,13,14147,0,0,0,0,0
2020-07-23,US,Wisconsin,Sauk,253,3,0,43.42574087,-89.94966132,55111.0,392.60109866236303,1.1857707509881423,250,247,3,0,244,232,64249,6,0,0,6,15
2020-07-23,US,Wisconsin,Sawyer,19,0,0,45.87931905,-91.14504927,55113.0,114.74815799009542,0.0,19,19,0,0,19,19,16489,0,0,0,0,0
2020-07-23,US,Wisconsin,Shawano,119,0,0,44.78902246,-88.76443896,55115.0,290.9606591848212,0.0,119,118,0,0,118,116,40796,1,0,0,1,2
2020-07-23,US,Wisconsin,Sheboygan,433,5,0,43.72099677,-87.94579284,55117.0,375.411825906017,1.1547344110854505,428,419,5,0,414,410,115456,14,0,0,14,9
2020-07-23,US,Wisconsin,St. Croix,356,2,0,45.03437474,-92.45000068,55109.0,392.55902168998864,0.5617977528089888,354,346,2,0,344,337,89694,10,0,0,10,9
2020-07-23,US,Wisconsin,Taylor,37,0,0,45.21179252,-90.5004405,55119.0,181.88074521948585,0.0,37,34,0,0,34,34,20412,3,0,0,3,0
2020-07-23,US,Wisconsin,Trempealeau,245,1,0,44.30360275,-91.35893614,55121.0,826.3347836351985,0.4081632653061225,244,242,1,0,241,238,29442,3,0,0,3,4
2020-07-23,US,Wisconsin,Vernon,46,0,0,43.59422667,-90.8324691,55123.0,149.24404646032056,0.0,46,46,0,0,46,46,30785,0,0,0,0,0
2020-07-23,US,Wisconsin,Vilas,21,0,0,46.05467334,-89.51719204,55125.0,94.6159044829917,0.0,21,20,0,0,20,21,21938,1,0,0,1,-1
2020-07-23,US,Wisconsin,Walworth,993,20,0,42.66858202,-88.54163073,55127.0,956.0211037085534,2.014098690835851,973,983,19,0,964,964,103718,10,1,0,9,19
2020-07-23,US,Wisconsin,Washburn,9,0,0,45.89838588,-91.79050449,55129.0,57.25190839694658,0.0,9,8,0,0,8,8,15878,1,0,0,1,0
2020-07-23,US,Wisconsin,Washington,631,19,0,43.36863664,-88.22974712,55131.0,463.8546245791492,3.0110935023771788,612,608,19,0,589,591,135693,23,0,0,23,17
2020-07-23,US,Wisconsin,Waukesha,2632,42,0,43.01833055,-88.30431188,55133.0,651.1660126967478,1.5957446808510638,2590,2540,42,0,2498,2449,403072,92,0,0,92,91
2020-07-23,US,Wisconsin,Waupaca,259,14,0,44.47068056,-88.96534501,55135.0,507.9427338693861,5.405405405405406,245,248,14,0,234,239,51128,11,0,0,11,9
2020-07-23,US,Wisconsin,Waushara,58,0,0,44.11324419,-89.24317107,55137.0,237.28674876242687,0.0,58,57,0,0,57,56,24263,1,0,0,1,1
2020-07-23,US,Wisconsin,Winnebago,901,16,0,44.06886922,-88.64477096,55139.0,524.1206000919102,1.7758046614872365,885,884,15,0,869,876,171020,17,1,0,16,8
2020-07-23,US,Wisconsin,Wood,152,1,0,44.45537896,-90.04158336,55141.0,208.22203043877315,0.6578947368421053,151,140,1,0,139,140,73055,12,0,0,12,0
2020-07-23,US,Wyoming,Albany,74,0,0,41.65498705,-105.72354150000001,56001.0,190.32921810699588,0.0,74,75,0,0,75,73,38601,-1,0,0,-1,2
2020-07-23,US,Wyoming,Big Horn,33,0,0,44.52405055,-107.9960365,56003.0,279.89821882951657,0.0,33,33,0,0,33,32,11881,0,0,0,0,1
2020-07-23,US,Wyoming,Campbell,101,0,0,44.24886082,-105.54744040000001,56005.0,217.94954791653183,0.0,101,96,0,0,96,97,46140,5,0,0,5,-1
2020-07-23,US,Wyoming,Carbon,59,0,0,41.69357844,-106.9326084,56007.0,398.6486486486488,0.0,59,49,0,0,49,42,14971,10,0,0,10,7
2020-07-23,US,Wyoming,Converse,30,0,0,42.97272268,-105.5081848,56009.0,217.04529011720444,0.0,30,30,0,0,30,30,13640,0,0,0,0,0
2020-07-23,US,Wyoming,Crook,9,0,0,44.58855102,-104.56977049999999,56011.0,118.67088607594937,0.0,9,9,0,0,9,9,7450,0,0,0,0,0
2020-07-23,US,Wyoming,Fremont,440,0,0,43.04183996,-108.6296893,56013.0,1120.705025343216,0.0,440,438,0,0,438,431,39531,2,0,0,2,7
2020-07-23,US,Wyoming,Goshen,11,0,0,42.08798185,-104.3534743,56015.0,83.2639467110741,0.0,11,11,0,0,11,11,13376,0,0,0,0,0
2020-07-23,US,Wyoming,Hot Springs,16,0,0,43.71930657,-108.44231740000001,56017.0,362.5651484251076,0.0,16,14,0,0,14,14,4555,2,0,0,2,0
2020-07-23,US,Wyoming,Johnson,22,1,0,44.04057166,-106.58451740000001,56019.0,260.5091770278271,4.545454545454546,21,22,1,0,21,22,8460,0,0,0,0,0
2020-07-23,US,Wyoming,Laramie,400,0,0,41.30702520000001,-104.6887497,56021.0,402.0100502512564,0.0,400,392,0,0,392,388,98976,8,0,0,8,4
2020-07-23,US,Wyoming,Lincoln,72,0,0,42.26376367,-110.6563997,56023.0,363.08623298033285,0.0,72,70,0,0,70,64,19434,2,0,0,2,6
2020-07-23,US,Wyoming,Natrona,184,0,0,42.96180148,-106.79788500000001,56025.0,230.40897593227984,0.0,184,182,0,0,182,181,79115,2,0,0,2,1
2020-07-23,US,Wyoming,Niobrara,2,0,0,43.05607708,-104.47588959999999,56027.0,84.88964346349746,0.0,2,2,0,0,2,2,2388,0,0,0,0,0
2020-07-23,US,Wyoming,Park,95,0,0,44.52157546,-109.58528249999999,56029.0,325.40933068438716,0.0,95,94,0,0,94,89,29324,1,0,0,1,5
2020-07-23,US,Wyoming,Platte,5,0,0,42.13299116,-104.96633100000001,56031.0,59.57345406886692,0.0,5,5,0,0,5,4,8566,0,0,0,0,1
2020-07-23,US,Wyoming,Sheridan,40,0,0,44.79048913,-106.8862389,56033.0,131.21207151057897,0.0,40,40,0,0,40,40,30233,0,0,0,0,0
2020-07-23,US,Wyoming,Sublette,18,0,0,42.76558279,-109.91309220000001,56035.0,183.094293561184,0.0,18,18,0,0,18,18,9813,0,0,0,0,0
2020-07-23,US,Wyoming,Sweetwater,206,0,0,41.65943896,-108.8827882,56037.0,486.5030819734076,0.0,206,201,0,0,201,194,43051,5,0,0,5,7
2020-07-23,US,Wyoming,Teton,254,0,0,43.93522482,-110.5890801,56039.0,1082.509376065462,0.0,254,234,0,0,234,226,23081,20,0,0,20,8
2020-07-23,US,Wyoming,Uinta,227,0,0,41.2878183,-110.54757820000002,56041.0,1122.3178087610006,0.0,227,224,0,0,224,223,20299,3,0,0,3,1
2020-07-23,US,Wyoming,Unassigned,0,24,0,0.0,0.0,90056.0,0.0,0.0,-24,0,24,0,-24,0,,0,0,0,0,0
2020-07-23,US,Wyoming,Washakie,45,0,0,43.90451606,-107.68018700000002,56043.0,576.5534913516976,0.0,45,45,0,0,45,44,7885,0,0,0,0,1
2020-07-23,US,Wyoming,Weston,4,0,0,43.83961191,-104.56748809999999,56045.0,57.74505557961599,0.0,4,4,0,0,4,4,6967,0,0,0,0,0
