Date,Country/Region,Province/State,Admin2,Confirmed,Deaths,Recovered,Latitude,Longitude,FIPS,Active Cases,Previous Confirmed,Previous Deaths,Previous Recovered,Previous Active,Prev2 Confirmed,Population,Daily Confirmed,Daily Deaths,Daily Recovered,Daily Active,Previous Daily Confirmed
2020-05-14,US,Alabama,Autauga,104,4,0,32.53952745,-86.64408227,1001.0,100,93,4,0,89,91,55601,11,0,0,11,2
2020-05-14,US,Alabama,Baldwin,243,8,0,30.72774991,-87.72207058,1003.0,235,231,7,0,224,227,218022,12,1,0,11,4
2020-05-14,US,Alabama,Barbour,74,1,0,31.868263,-85.3871286,1005.0,73,69,1,0,68,67,24881,5,0,0,5,2
2020-05-14,US,Alabama,Bibb,46,1,0,32.99642064,-87.12511459999996,1007.0,45,46,1,0,45,46,22400,0,0,0,0,0
2020-05-14,US,Alabama,Blount,45,0,0,33.98210918,-86.56790593,1009.0,45,45,0,0,45,45,57840,0,0,0,0,0
2020-05-14,US,Alabama,Bullock,28,1,0,32.10030533,-85.71265535,1011.0,27,28,1,0,27,26,10138,0,0,0,0,2
2020-05-14,US,Alabama,Butler,249,8,0,31.75300095,-86.68057478,1013.0,241,230,6,0,224,224,19680,19,2,0,17,6
2020-05-14,US,Alabama,Calhoun,128,3,0,33.77483727,-85.82630386,1015.0,125,127,3,0,124,126,114277,1,0,0,1,1
2020-05-14,US,Alabama,Chambers,326,22,0,32.91360079,-85.39072749,1017.0,304,324,22,0,302,324,33615,2,0,0,2,0
2020-05-14,US,Alabama,Cherokee,25,0,0,34.17805983,-85.60638968,1019.0,25,24,0,0,24,24,26032,1,0,0,1,0
2020-05-14,US,Alabama,Chilton,74,1,0,32.85044126,-86.7173256,1021.0,73,73,1,0,72,69,44153,1,0,0,1,4
2020-05-14,US,Alabama,Choctaw,77,3,0,32.02227341,-88.26564429999998,1023.0,74,72,2,0,70,69,12841,5,1,0,4,3
2020-05-14,US,Alabama,Clarke,68,2,0,31.68099859,-87.83548597,1025.0,66,65,1,0,64,64,23920,3,1,0,2,1
2020-05-14,US,Alabama,Clay,27,2,0,33.26984193,-85.85836077,1027.0,25,27,1,0,26,27,13275,0,1,0,-1,0
2020-05-14,US,Alabama,Cleburne,13,1,0,33.67679204,-85.52005899,1029.0,12,13,1,0,12,13,14987,0,0,0,0,0
2020-05-14,US,Alabama,Coffee,159,1,0,31.39932826,-85.98901039,1031.0,158,158,1,0,157,155,51909,1,0,0,1,3
2020-05-14,US,Alabama,Colbert,79,2,0,34.69847452,-87.80168544,1033.0,77,74,2,0,72,72,54762,5,0,0,5,2
2020-05-14,US,Alabama,Conecuh,17,0,0,31.43401703,-86.99320044,1035.0,17,16,0,0,16,14,12277,1,0,0,1,2
2020-05-14,US,Alabama,Coosa,34,1,0,32.93690146,-86.24847739,1037.0,33,33,1,0,32,33,10715,1,0,0,1,0
2020-05-14,US,Alabama,Covington,56,1,0,31.247785399999998,-86.45050893,1039.0,55,56,1,0,55,56,36986,0,0,0,0,0
2020-05-14,US,Alabama,Crenshaw,50,1,0,31.72941803,-86.31593104,1041.0,49,48,1,0,47,46,13824,2,0,0,2,2
2020-05-14,US,Alabama,Cullman,67,0,0,34.13020303,-86.86888037,1043.0,67,67,0,0,67,67,83442,0,0,0,0,0
2020-05-14,US,Alabama,Dale,53,0,0,31.43037123,-85.61095742,1045.0,53,53,0,0,53,52,48956,0,0,0,0,1
2020-05-14,US,Alabama,Dallas,132,3,0,32.32688101,-87.10866709999998,1047.0,129,129,3,0,126,124,38310,3,0,0,3,5
2020-05-14,US,Alabama,DeKalb,185,2,0,34.45946862,-85.80782906,1049.0,183,179,2,0,177,167,71385,6,0,0,6,12
2020-05-14,US,Alabama,Elmore,169,6,0,32.59785413,-86.14415284,1051.0,163,157,5,0,152,156,81887,12,1,0,11,1
2020-05-14,US,Alabama,Escambia,39,3,0,31.1256789,-87.15918694,1053.0,36,38,3,0,35,38,36748,1,0,0,1,0
2020-05-14,US,Alabama,Etowah,198,10,0,34.04567266,-86.04051873,1055.0,188,197,10,0,187,196,102501,1,0,0,1,1
2020-05-14,US,Alabama,Fayette,10,0,0,33.72076938,-87.73886638,1057.0,10,9,0,0,9,9,16433,1,0,0,1,0
2020-05-14,US,Alabama,Franklin,288,3,0,34.44235334,-87.84289505,1059.0,285,270,3,0,267,264,31363,18,0,0,18,6
2020-05-14,US,Alabama,Geneva,18,0,0,31.09389027,-85.83572839,1061.0,18,17,0,0,17,16,26314,1,0,0,1,1
2020-05-14,US,Alabama,Greene,76,4,0,32.85504247,-87.95684022,1063.0,72,74,4,0,70,73,8233,2,0,0,2,1
2020-05-14,US,Alabama,Hale,79,2,0,32.76039258,-87.63284988,1065.0,77,74,2,0,72,74,14726,5,0,0,5,0
2020-05-14,US,Alabama,Henry,35,1,0,31.51148016,-85.24267944,1067.0,34,33,1,0,32,32,17209,2,0,0,2,1
2020-05-14,US,Alabama,Houston,125,4,0,31.15197924,-85.29939599,1069.0,121,115,4,0,111,114,104722,10,0,0,10,1
2020-05-14,US,Alabama,Jackson,60,2,0,34.78144169,-85.99750489,1071.0,58,60,2,0,58,60,51736,0,0,0,0,0
2020-05-14,US,Alabama,Jefferson,1237,69,0,33.55554728,-86.89506300000002,1073.0,1168,1199,64,0,1135,1153,659300,38,5,0,33,46
2020-05-14,US,Alabama,Lamar,14,0,0,33.77995024,-88.09668032,1075.0,14,14,0,0,14,13,13844,0,0,0,0,1
2020-05-14,US,Alabama,Lauderdale,109,2,0,34.90171875,-87.65624729,1077.0,107,102,2,0,100,99,92387,7,0,0,7,3
2020-05-14,US,Alabama,Lawrence,28,0,0,34.52041498,-87.31069453,1079.0,28,26,0,0,26,26,32957,2,0,0,2,0
2020-05-14,US,Alabama,Lee,447,30,0,32.60154883,-85.35132246,1081.0,417,436,30,0,406,432,163941,11,0,0,11,4
2020-05-14,US,Alabama,Limestone,62,0,0,34.81185586,-86.98310072,1083.0,62,60,0,0,60,58,96174,2,0,0,2,2
2020-05-14,US,Alabama,Lowndes,117,9,0,32.1597283,-86.65158371,1085.0,108,111,8,0,103,111,9974,6,1,0,5,0
2020-05-14,US,Alabama,Macon,53,2,0,32.38759944,-85.69267724,1087.0,51,53,2,0,51,51,18439,0,0,0,0,2
2020-05-14,US,Alabama,Madison,272,4,0,34.76327133,-86.55069633,1089.0,268,259,4,0,255,255,366519,13,0,0,13,4
2020-05-14,US,Alabama,Marengo,97,5,0,32.24767634,-87.78796182,1091.0,92,91,5,0,86,89,19066,6,0,0,6,2
2020-05-14,US,Alabama,Marion,101,9,0,34.13697363,-87.88704173,1093.0,92,100,9,0,91,97,29763,1,0,0,1,3
2020-05-14,US,Alabama,Marshall,599,9,0,34.36975964,-86.30486727,1095.0,590,586,9,0,577,581,96109,13,0,0,13,5
2020-05-14,US,Alabama,Mobile,1608,98,0,30.78472347,-88.20842409,1097.0,1510,1545,96,0,1449,1507,413757,63,2,0,61,38
2020-05-14,US,Alabama,Monroe,18,2,0,31.56729412,-87.36995001,1099.0,16,18,2,0,16,15,21067,0,0,0,0,3
2020-05-14,US,Alabama,Montgomery,753,20,0,32.2206831,-86.20969272,1101.0,733,705,19,0,686,684,225763,48,1,0,47,21
2020-05-14,US,Alabama,Morgan,104,1,0,34.45500589,-86.85475946,1103.0,103,99,1,0,98,98,119089,5,0,0,5,1
2020-05-14,US,Alabama,Perry,19,0,0,32.64048341,-87.29770589,1105.0,19,19,0,0,19,19,9140,0,0,0,0,0
2020-05-14,US,Alabama,Pickens,71,2,0,33.28094866,-88.08818103,1107.0,69,70,2,0,68,70,19938,1,0,0,1,0
2020-05-14,US,Alabama,Pike,103,0,0,31.80396383,-85.9408295,1109.0,103,102,0,0,102,100,33338,1,0,0,1,2
2020-05-14,US,Alabama,Randolph,118,7,0,33.29526734,-85.45708831,1111.0,111,117,7,0,110,117,22725,1,0,0,1,0
2020-05-14,US,Alabama,Russell,91,0,0,32.28725256,-85.18415324,1113.0,91,88,0,0,88,83,57781,3,0,0,3,5
2020-05-14,US,Alabama,Shelby,390,19,0,33.26879845,-86.66232561,1117.0,371,381,18,0,363,378,215707,9,1,0,8,3
2020-05-14,US,Alabama,St. Clair,88,1,0,33.71902176,-86.31029372,1115.0,87,87,1,0,86,86,88690,1,0,0,1,1
2020-05-14,US,Alabama,Sumter,115,4,0,32.59117397,-88.19916205,1119.0,111,110,4,0,106,110,12691,5,0,0,5,0
2020-05-14,US,Alabama,Talladega,76,2,0,33.37823223,-86.16886178,1121.0,74,76,2,0,74,74,79828,0,0,0,0,2
2020-05-14,US,Alabama,Tallapoosa,345,56,0,32.86698258,-85.79833053,1123.0,289,338,51,0,287,330,40497,7,5,0,2,8
2020-05-14,US,Alabama,Tuscaloosa,319,8,0,33.28726072,-87.52556818,1125.0,311,302,8,0,294,291,208911,17,0,0,17,11
2020-05-14,US,Alabama,Walker,116,0,0,33.80270512,-87.30027177,1127.0,116,111,0,0,111,110,63711,5,0,0,5,1
2020-05-14,US,Alabama,Washington,59,5,0,31.4092794,-88.20689944,1129.0,54,57,5,0,52,55,16378,2,0,0,2,2
2020-05-14,US,Alabama,Wilcox,89,5,0,31.98773215,-87.30891118,1131.0,84,89,5,0,84,87,10627,0,0,0,0,2
2020-05-14,US,Alabama,Winston,27,1,0,34.15030532,-87.37325922,1133.0,26,25,0,0,25,25,23660,2,1,0,1,0
2020-05-14,US,Alaska,Anchorage,194,4,0,61.14998174,-149.14269860000005,2020.0,190,194,4,0,190,194,291538,0,0,0,0,0
2020-05-14,US,Alaska,Bethel,1,0,0,60.90980451,-159.8561831,2050.0,1,1,0,0,1,1,18216,0,0,0,0,0
2020-05-14,US,Alaska,Fairbanks North Star,84,2,0,64.80726247,-146.5692662,2090.0,82,84,2,0,82,84,98971,0,0,0,0,0
2020-05-14,US,Alaska,Juneau,27,0,0,58.45031811,-134.200436,2110.0,27,27,0,0,27,27,32113,0,0,0,0,0
2020-05-14,US,Alaska,Kenai Peninsula,24,2,0,60.24429722,-151.53888840000005,2122.0,22,24,2,0,22,24,58533,0,0,0,0,0
2020-05-14,US,Alaska,Ketchikan Gateway,16,0,0,55.57445008,-130.975561,2130.0,16,16,0,0,16,16,13918,0,0,0,0,0
2020-05-14,US,Alaska,Kodiak Island,1,0,0,57.65529415,-153.7493579,2150.0,1,1,0,0,1,1,13345,0,0,0,0,0
2020-05-14,US,Alaska,Matanuska-Susitna,21,1,0,62.31305045,-149.5741743,2170.0,20,21,1,0,20,21,107610,0,0,0,0,0
2020-05-14,US,Alaska,Nome,1,0,0,64.90320724,-164.0353804,2180.0,1,1,0,0,1,1,10008,0,0,0,0,0
2020-05-14,US,Alaska,Petersburg,4,1,0,57.13978948,-132.9540995,2195.0,3,4,1,0,3,4,3221,0,0,0,0,0
2020-05-14,US,Alaska,Prince of Wales-Hyder,2,0,0,55.76261984,-133.0511621,2198.0,2,2,0,0,2,2,6422,0,0,0,0,0
2020-05-14,US,Alaska,Sitka,1,0,0,57.24124555,-135.3206587,2220.0,1,1,0,0,1,1,8647,0,0,0,0,0
2020-05-14,US,Alaska,Southeast Fairbanks,2,0,0,63.87692095,-143.2127643,2240.0,2,2,0,0,2,2,6918,0,0,0,0,0
2020-05-14,US,Alaska,Unassigned,4,0,0,0.0,0.0,90002.0,4,4,0,0,4,4,,0,0,0,0,0
2020-05-14,US,Alaska,Yukon-Koyukuk,1,0,0,65.50815459,-151.39073869999999,2290.0,1,1,0,0,1,1,5327,0,0,0,0,0
2020-05-14,US,Arizona,Apache,859,12,0,35.39465006,-109.4892383,4001.0,847,817,12,0,805,744,71818,42,0,0,42,73
2020-05-14,US,Arizona,Cochise,44,1,0,31.87934684,-109.7516088,4003.0,43,43,1,0,42,43,126770,1,0,0,1,0
2020-05-14,US,Arizona,Coconino,795,59,0,35.83883429,-111.77071780000001,4005.0,736,772,58,0,714,720,142854,23,1,0,22,52
2020-05-14,US,Arizona,Gila,21,1,0,33.80190085,-110.8132779,4007.0,20,19,1,0,18,19,53889,2,0,0,2,0
2020-05-14,US,Arizona,Graham,21,0,0,32.93166885,-109.8882178,4009.0,21,21,0,0,21,20,38072,0,0,0,0,1
2020-05-14,US,Arizona,Greenlee,2,0,0,33.21498827,-109.2405279,4011.0,2,2,0,0,2,2,9483,0,0,0,0,0
2020-05-14,US,Arizona,La Paz,27,1,0,33.72854224,-113.98100290000001,4012.0,26,25,1,0,24,22,21098,2,0,0,2,3
2020-05-14,US,Arizona,Maricopa,6599,292,0,33.34835867,-112.49181540000001,4013.0,6307,6341,281,0,6060,6219,4410824,258,11,0,247,122
2020-05-14,US,Arizona,Mohave,220,26,0,35.70471703,-113.7577902,4015.0,194,213,26,0,187,207,209550,7,0,0,7,6
2020-05-14,US,Arizona,Navajo,1150,43,0,35.3997715,-110.3218983,4017.0,1107,1099,42,0,1057,1017,110445,51,1,0,50,82
2020-05-14,US,Arizona,Pima,1696,152,0,32.0971334,-111.7890033,4019.0,1544,1661,144,0,1517,1623,1039073,35,8,0,27,38
2020-05-14,US,Arizona,Pinal,650,28,0,32.90525627,-111.3449483,4021.0,622,643,20,0,623,636,447138,7,8,0,-1,7
2020-05-14,US,Arizona,Santa Cruz,62,0,0,31.52508998,-110.8479088,4023.0,62,50,0,0,50,51,46511,12,0,0,12,-1
2020-05-14,US,Arizona,Unassigned,0,1,0,0.0,0.0,90004.0,-1,0,1,0,-1,0,,0,0,0,0,0
2020-05-14,US,Arizona,Yavapai,243,4,0,34.59933926,-112.5538588,4025.0,239,227,4,0,223,206,231993,16,0,0,16,21
2020-05-14,US,Arizona,Yuma,285,4,0,32.76895712,-113.90666740000002,4027.0,281,283,4,0,279,207,212128,2,0,0,2,76
2020-05-14,US,Arkansas,Arkansas,2,0,0,34.29145151,-91.37277296,5001.0,2,2,0,0,2,2,17769,0,0,0,0,0
2020-05-14,US,Arkansas,Ashley,18,0,0,33.19153461,-91.76984709999999,5003.0,18,18,0,0,18,18,20046,0,0,0,0,0
2020-05-14,US,Arkansas,Baxter,6,0,0,36.28784385,-92.33782872,5005.0,6,5,0,0,5,5,41619,1,0,0,1,0
2020-05-14,US,Arkansas,Benton,136,0,0,36.33644656,-94.25680817,5007.0,136,131,0,0,131,127,272608,5,0,0,5,4
2020-05-14,US,Arkansas,Boone,4,0,0,36.3084504,-93.09374925,5009.0,4,4,0,0,4,4,37480,0,0,0,0,0
2020-05-14,US,Arkansas,Bradley,12,1,0,33.46755808,-92.15980837,5011.0,11,12,1,0,11,11,10897,0,0,0,0,1
2020-05-14,US,Arkansas,Carroll,6,0,0,36.34038560000001,-93.54270261,5015.0,6,6,0,0,6,6,28223,0,0,0,0,0
2020-05-14,US,Arkansas,Chicot,10,0,0,33.26458973,-91.29539209,5017.0,10,10,0,0,10,10,10438,0,0,0,0,0
2020-05-14,US,Arkansas,Clark,35,0,0,34.04613432,-93.17484713,5019.0,35,35,0,0,35,34,22061,0,0,0,0,1
2020-05-14,US,Arkansas,Clay,3,0,0,36.36826212,-90.4148172,5021.0,3,3,0,0,3,3,14847,0,0,0,0,0
2020-05-14,US,Arkansas,Cleburne,72,4,0,35.53864922,-92.02640019,5023.0,68,72,4,0,68,72,24965,0,0,0,0,0
2020-05-14,US,Arkansas,Cleveland,15,0,0,33.89723187,-92.18537045,5025.0,15,15,0,0,15,13,8018,0,0,0,0,2
2020-05-14,US,Arkansas,Columbia,15,2,0,33.21230701,-93.22642793,5027.0,13,15,2,0,13,15,23537,0,0,0,0,0
2020-05-14,US,Arkansas,Conway,14,1,0,35.26205537,-92.70506566,5029.0,13,14,1,0,13,13,20891,0,0,0,0,1
2020-05-14,US,Arkansas,Craighead,127,0,0,35.83018283,-90.63235729,5031.0,127,113,0,0,113,103,108558,14,0,0,14,10
2020-05-14,US,Arkansas,Crawford,8,0,0,35.58928601,-94.2446814,5033.0,8,8,0,0,8,8,63406,0,0,0,0,0
2020-05-14,US,Arkansas,Crittenden,219,7,0,35.21247318,-90.30839406,5035.0,212,216,7,0,209,212,48342,3,0,0,3,4
2020-05-14,US,Arkansas,Cross,35,0,0,35.29631396,-90.77185818,5037.0,35,34,0,0,34,31,16676,1,0,0,1,3
2020-05-14,US,Arkansas,Dallas,1,0,0,33.97042763,-92.65167437,5039.0,1,1,0,0,1,1,7182,0,0,0,0,0
2020-05-14,US,Arkansas,Desha,18,0,0,33.83011025,-91.25500948,5041.0,18,17,0,0,17,17,11512,1,0,0,1,0
2020-05-14,US,Arkansas,Drew,19,1,0,33.59035001,-91.71777921,5043.0,18,19,1,0,18,19,18328,0,0,0,0,0
2020-05-14,US,Arkansas,Faulkner,83,3,0,35.14719007,-92.33717519,5045.0,80,83,3,0,80,82,124806,0,0,0,0,1
2020-05-14,US,Arkansas,Franklin,2,0,0,35.51202821,-93.89299569,5047.0,2,2,0,0,2,2,17810,0,0,0,0,0
2020-05-14,US,Arkansas,Fulton,3,0,0,36.38177105,-91.81729127,5049.0,3,3,0,0,3,3,12269,0,0,0,0,0
2020-05-14,US,Arkansas,Garland,126,1,0,34.57692074,-93.14921604,5051.0,125,121,1,0,120,120,99154,5,0,0,5,1
2020-05-14,US,Arkansas,Grant,16,0,0,34.29017991,-92.42320562,5053.0,16,16,0,0,16,15,18188,0,0,0,0,1
2020-05-14,US,Arkansas,Greene,24,0,0,36.11735460000001,-90.55832668,5055.0,24,24,0,0,24,24,45325,0,0,0,0,0
2020-05-14,US,Arkansas,Hempstead,7,1,0,33.73325583,-93.66935133,5057.0,6,7,1,0,6,7,21741,0,0,0,0,0
2020-05-14,US,Arkansas,Hot Spring,29,0,0,34.31709259,-92.95396325,5059.0,29,28,0,0,28,27,33701,1,0,0,1,1
2020-05-14,US,Arkansas,Howard,14,0,0,34.09007427,-93.9934871,5061.0,14,14,0,0,14,14,13341,0,0,0,0,0
2020-05-14,US,Arkansas,Independence,22,0,0,35.74242707,-91.57001641,5063.0,22,19,0,0,19,17,37678,3,0,0,3,2
2020-05-14,US,Arkansas,Izard,13,0,0,36.09604046,-91.90847954,5065.0,13,13,0,0,13,13,13593,0,0,0,0,0
2020-05-14,US,Arkansas,Jackson,1,0,0,35.59802983,-91.21494602,5067.0,1,1,0,0,1,1,16811,0,0,0,0,0
2020-05-14,US,Arkansas,Jefferson,300,19,0,34.26767081,-91.92619839,5069.0,281,280,19,0,261,273,68114,20,0,0,20,7
2020-05-14,US,Arkansas,Johnson,35,0,0,35.56759135,-93.46036368,5071.0,35,35,0,0,35,35,26742,0,0,0,0,0
2020-05-14,US,Arkansas,Lafayette,9,1,0,33.24116713,-93.60677071,5073.0,8,9,1,0,8,9,6682,0,0,0,0,0
2020-05-14,US,Arkansas,Lawrence,72,4,0,36.04188196,-91.10867198,5075.0,68,71,4,0,67,71,16434,1,0,0,1,0
2020-05-14,US,Arkansas,Lee,10,1,0,34.78498904,-90.78383866,5077.0,9,9,1,0,8,9,8985,1,0,0,1,0
2020-05-14,US,Arkansas,Lincoln,949,8,0,33.95317155,-91.74002806,5079.0,941,942,7,0,935,942,13383,7,1,0,6,0
2020-05-14,US,Arkansas,Logan,4,0,0,35.21413234,-93.71951016,5083.0,4,4,0,0,4,3,21737,0,0,0,0,1
2020-05-14,US,Arkansas,Lonoke,44,0,0,34.75392199,-91.88742357,5085.0,44,43,0,0,43,44,73657,1,0,0,1,-1
2020-05-14,US,Arkansas,Madison,1,0,0,36.01038185,-93.72524943,5087.0,1,1,0,0,1,1,16481,0,0,0,0,0
2020-05-14,US,Arkansas,Marion,1,0,0,36.26844485,-92.68451899,5089.0,1,1,0,0,1,1,16722,0,0,0,0,0
2020-05-14,US,Arkansas,Miller,40,1,0,33.31403423,-93.89285258,5091.0,39,40,1,0,39,38,43592,0,0,0,0,2
2020-05-14,US,Arkansas,Mississippi,55,0,0,35.76271485,-90.05194370000002,5093.0,55,54,0,0,54,53,41239,1,0,0,1,1
2020-05-14,US,Arkansas,Monroe,5,0,0,34.6815935,-91.20540287,5095.0,5,5,0,0,5,5,6900,0,0,0,0,0
2020-05-14,US,Arkansas,Montgomery,1,0,0,34.53704874,-93.65824478,5097.0,1,1,0,0,1,1,8924,0,0,0,0,0
2020-05-14,US,Arkansas,Nevada,3,0,0,33.66340119,-93.30632432,5099.0,3,3,0,0,3,3,8326,0,0,0,0,0
2020-05-14,US,Arkansas,Newton,3,0,0,35.91947491,-93.21612969,5101.0,3,3,0,0,3,3,7805,0,0,0,0,0
2020-05-14,US,Arkansas,Ouachita,9,0,0,33.58839816,-92.87795984,5103.0,9,9,0,0,9,8,23606,0,0,0,0,1
2020-05-14,US,Arkansas,Perry,10,0,0,34.945915299999996,-92.94372564,5105.0,10,8,0,0,8,8,10352,2,0,0,2,0
2020-05-14,US,Arkansas,Phillips,4,1,0,34.43268455,-90.84800154,5107.0,3,4,1,0,3,4,18029,0,0,0,0,0
2020-05-14,US,Arkansas,Pike,3,0,0,34.16250414,-93.65789349,5109.0,3,3,0,0,3,3,10673,0,0,0,0,0
2020-05-14,US,Arkansas,Poinsett,25,2,0,35.57433534,-90.66268713,5111.0,23,25,2,0,23,25,23974,0,0,0,0,0
2020-05-14,US,Arkansas,Polk,7,0,0,34.48254879,-94.22728802,5113.0,7,7,0,0,7,7,20049,0,0,0,0,0
2020-05-14,US,Arkansas,Pope,52,0,0,35.44871474,-93.03212219,5115.0,52,51,0,0,51,48,64000,1,0,0,1,3
2020-05-14,US,Arkansas,Prairie,2,0,0,34.83624419,-91.55162157,5117.0,2,2,0,0,2,2,8074,0,0,0,0,0
2020-05-14,US,Arkansas,Pulaski,661,23,0,34.77054088,-92.31355101,5119.0,638,647,23,0,624,640,392680,14,0,0,14,7
2020-05-14,US,Arkansas,Randolph,22,0,0,36.3415714,-91.02455531,5121.0,22,22,0,0,22,22,17948,0,0,0,0,0
2020-05-14,US,Arkansas,Saline,78,1,0,34.64916145,-92.67583224,5125.0,77,76,1,0,75,75,121421,2,0,0,2,1
2020-05-14,US,Arkansas,Scott,1,0,0,34.85588887,-94.0632176,5127.0,1,1,0,0,1,1,10319,0,0,0,0,0
2020-05-14,US,Arkansas,Searcy,6,0,0,35.9109364,-92.69936482,5129.0,6,6,0,0,6,6,7958,0,0,0,0,0
2020-05-14,US,Arkansas,Sebastian,15,0,0,35.19605503,-94.27162713,5131.0,15,15,0,0,15,15,127753,0,0,0,0,0
2020-05-14,US,Arkansas,Sevier,24,1,0,33.99780401,-94.2424869,5133.0,23,24,1,0,23,21,17139,0,0,0,0,3
2020-05-14,US,Arkansas,Sharp,36,2,0,36.16258158,-91.47819342,5135.0,34,26,2,0,24,25,17366,10,0,0,10,1
2020-05-14,US,Arkansas,St. Francis,316,0,0,35.02201976,-90.74828138,5123.0,316,310,0,0,310,305,25439,6,0,0,6,5
2020-05-14,US,Arkansas,Stone,8,0,0,35.86251946,-92.15684085,5137.0,8,8,0,0,8,8,12457,0,0,0,0,0
2020-05-14,US,Arkansas,Unassigned,135,0,0,0.0,0.0,90005.0,135,140,0,0,140,137,,-5,0,0,-5,3
2020-05-14,US,Arkansas,Union,105,4,0,33.16887091,-92.59746952,5139.0,101,84,4,0,80,80,39126,21,0,0,21,4
2020-05-14,US,Arkansas,Van Buren,28,2,0,35.58095779,-92.51295036,5141.0,26,28,2,0,26,28,16603,0,0,0,0,0
2020-05-14,US,Arkansas,Washington,126,5,0,35.976844,-94.21800746,5143.0,121,114,5,0,109,111,236961,12,0,0,12,3
2020-05-14,US,Arkansas,White,36,1,0,35.25688493,-91.74908296,5145.0,35,36,1,0,35,37,78727,0,0,0,0,-1
2020-05-14,US,Arkansas,Woodruff,1,0,0,35.18902527,-91.2439489,5147.0,1,1,0,0,1,1,6490,0,0,0,0,0
2020-05-14,US,Arkansas,Yell,9,1,0,35.00292371,-93.41171338,5149.0,8,7,1,0,6,7,21535,2,0,0,2,0
2020-05-14,US,California,Alameda,2234,79,0,37.64629437,-121.8929271,6001.0,2155,2178,76,0,2102,2133,1666753,56,3,0,53,45
2020-05-14,US,California,Alpine,2,0,0,38.59678594,-119.82235940000001,6003.0,2,2,0,0,2,2,1101,0,0,0,0,0
2020-05-14,US,California,Amador,9,0,0,38.44583082,-120.65696000000001,6005.0,9,9,0,0,9,8,39383,0,0,0,0,1
2020-05-14,US,California,Butte,22,0,0,39.66727762,-121.6005252,6007.0,22,20,0,0,20,20,231256,2,0,0,2,0
2020-05-14,US,California,Calaveras,13,0,0,38.20537103,-120.55291299999999,6009.0,13,13,0,0,13,13,45602,0,0,0,0,0
2020-05-14,US,California,Colusa,3,0,0,39.17881957,-122.2331726,6011.0,3,3,0,0,3,3,21627,0,0,0,0,0
2020-05-14,US,California,Contra Costa,1089,33,0,37.91923498,-121.9289527,6013.0,1056,1080,33,0,1047,1066,1150215,9,0,0,9,14
2020-05-14,US,California,Del Norte,4,0,0,41.74228275,-123.89740630000001,6015.0,4,4,0,0,4,3,27828,0,0,0,0,1
2020-05-14,US,California,El Dorado,62,0,0,38.77965956,-120.5233166,6017.0,62,60,0,0,60,60,190678,2,0,0,2,0
2020-05-14,US,California,Fresno,1074,13,0,36.75733899,-119.6466953,6019.0,1061,984,10,0,974,984,994400,90,3,0,87,0
2020-05-14,US,California,Glenn,9,0,0,39.59875897,-122.3938452,6021.0,9,6,0,0,6,6,28047,3,0,0,3,0
2020-05-14,US,California,Humboldt,68,0,0,40.69923009,-123.876044,6023.0,68,64,0,0,64,64,136373,4,0,0,4,0
2020-05-14,US,California,Imperial,712,15,0,33.0393082,-115.36690420000001,6025.0,697,647,14,0,633,603,181827,65,1,0,64,44
2020-05-14,US,California,Inyo,19,1,0,36.51112084,-117.41119779999998,6027.0,18,19,1,0,18,19,17987,0,0,0,0,0
2020-05-14,US,California,Kern,1393,21,0,35.34329425,-118.72777959999999,6029.0,1372,1343,17,0,1326,1316,896764,50,4,0,46,27
2020-05-14,US,California,Kings,348,1,0,36.07409056,-119.8159973,6031.0,347,325,1,0,324,319,151366,23,0,0,23,6
2020-05-14,US,California,Lake,8,0,0,39.10124298,-122.75362439999999,6033.0,8,8,0,0,8,8,64382,0,0,0,0,0
2020-05-14,US,California,Los Angeles,35392,1711,0,34.30828379,-118.22824109999999,6037.0,33681,34538,1660,0,32878,33211,10105518,854,51,0,803,1327
2020-05-14,US,California,Madera,69,2,0,37.21513971,-119.76655890000002,6039.0,67,69,2,0,67,69,157672,0,0,0,0,0
2020-05-14,US,California,Marin,279,14,0,38.07122463,-122.72106310000001,6041.0,265,271,14,0,257,271,259666,8,0,0,8,0
2020-05-14,US,California,Mariposa,15,0,0,37.57978556,-119.9073334,6043.0,15,15,0,0,15,15,17471,0,0,0,0,0
2020-05-14,US,California,Mendocino,13,0,0,39.4381191,-123.39113130000001,6045.0,13,12,0,0,12,12,87606,1,0,0,1,0
2020-05-14,US,California,Merced,189,4,0,37.18922369,-120.72090349999999,6047.0,185,180,4,0,176,177,274765,9,0,0,9,3
2020-05-14,US,California,Mono,33,1,0,37.93899289,-118.8872409,6051.0,32,33,1,0,32,32,14250,0,0,0,0,1
2020-05-14,US,California,Monterey,308,6,0,36.21862405,-121.24133970000001,6053.0,302,299,6,0,293,299,435594,9,0,0,9,0
2020-05-14,US,California,Napa,83,3,0,38.50735751,-122.33283899999999,6055.0,80,81,3,0,78,81,139417,2,0,0,2,0
2020-05-14,US,California,Nevada,41,1,0,39.30394768,-120.76272809999999,6057.0,40,41,1,0,40,41,99696,0,0,0,0,0
2020-05-14,US,California,Orange,3968,80,0,33.70147516,-117.76459979999998,6059.0,3888,3749,80,0,3669,3602,3185968,219,0,0,219,147
2020-05-14,US,California,Placer,172,8,0,39.06167234,-120.72405690000001,6061.0,164,170,8,0,162,170,393149,2,0,0,2,0
2020-05-14,US,California,Plumas,4,0,0,40.00355989,-120.8395236,6063.0,4,4,0,0,4,4,18804,0,0,0,0,0
2020-05-14,US,California,Riverside,5440,235,0,33.74314981,-115.9933578,6065.0,5205,5248,225,0,5023,5248,2450758,192,10,0,182,0
2020-05-14,US,California,Sacramento,1194,54,0,38.45106826,-121.34253740000001,6067.0,1140,1183,51,0,1132,1181,1540975,11,3,0,8,2
2020-05-14,US,California,San Benito,59,2,0,36.60308176,-121.069975,6069.0,57,58,2,0,56,58,61537,1,0,0,1,0
2020-05-14,US,California,San Bernardino,3198,139,0,34.84060306,-116.1774685,6071.0,3059,3153,138,0,3015,3078,2171603,45,1,0,44,75
2020-05-14,US,California,San Diego,5391,200,0,33.03484597,-116.73653259999999,6073.0,5191,5161,190,0,4971,5161,3343364,230,10,0,220,0
2020-05-14,US,California,San Francisco,1999,35,0,37.75215114,-122.43856720000001,6075.0,1964,1994,35,0,1959,1977,883305,5,0,0,5,17
2020-05-14,US,California,San Joaquin,644,31,0,37.93433732,-121.2730061,6077.0,613,638,31,0,607,629,752660,6,0,0,6,9
2020-05-14,US,California,San Luis Obispo,237,1,0,35.38822029,-120.4039028,6079.0,236,232,1,0,231,227,284010,5,0,0,5,5
2020-05-14,US,California,San Mateo,1536,65,0,37.422880799999994,-122.32755459999998,6081.0,1471,1515,65,0,1450,1497,769545,21,0,0,21,18
2020-05-14,US,California,Santa Barbara,1387,11,0,34.65329488,-120.0188492,6083.0,1376,1371,11,0,1360,1371,446527,16,0,0,16,0
2020-05-14,US,California,Santa Clara,2391,134,0,37.23104908,-121.6970462,6085.0,2257,2364,130,0,2234,2362,1937570,27,4,0,23,2
2020-05-14,US,California,Santa Cruz,149,2,0,37.05580291,-122.0066524,6087.0,147,146,2,0,144,146,274255,3,0,0,3,0
2020-05-14,US,California,Shasta,33,4,0,40.76391419,-122.0396884,6089.0,29,32,4,0,28,32,180040,1,0,0,1,0
2020-05-14,US,California,Siskiyou,5,0,0,41.59198861,-122.54074340000001,6093.0,5,5,0,0,5,5,43724,0,0,0,0,0
2020-05-14,US,California,Solano,408,14,0,38.26827353,-121.9357113,6095.0,394,388,11,0,377,388,446610,20,3,0,17,0
2020-05-14,US,California,Sonoma,337,4,0,38.52746429,-122.88625060000001,6097.0,333,333,4,0,329,312,499942,4,0,0,4,21
2020-05-14,US,California,Stanislaus,537,23,0,37.55862499,-120.9970722,6099.0,514,517,22,0,495,517,549815,20,1,0,19,0
2020-05-14,US,California,Sutter,37,2,0,39.03417539,-121.6945899,6101.0,35,35,2,0,33,34,96807,2,0,0,2,1
2020-05-14,US,California,Tehama,1,1,0,40.12570935,-122.23701709999999,6103.0,0,1,1,0,0,1,63916,0,0,0,0,0
2020-05-14,US,California,Trinity,1,0,0,40.64917670000001,-123.114713,6105.0,1,2,0,0,2,2,12535,-1,0,0,-1,0
2020-05-14,US,California,Tulare,1295,54,0,36.22026558,-118.8020203,6107.0,1241,1268,54,0,1214,1241,465861,27,0,0,27,27
2020-05-14,US,California,Tuolumne,2,0,0,38.02644018,-119.95250929999999,6109.0,2,2,0,0,2,2,54539,0,0,0,0,0
2020-05-14,US,California,Ventura,748,25,0,34.44465746,-119.09106129999999,6111.0,723,725,24,0,701,698,850967,23,1,0,22,27
2020-05-14,US,California,Yolo,182,22,0,38.68278902,-121.90182879999999,6113.0,160,177,22,0,155,177,220408,5,0,0,5,0
2020-05-14,US,California,Yuba,25,1,0,39.26255932,-121.35356440000001,6115.0,24,23,1,0,22,23,78041,2,0,0,2,0
2020-05-14,US,Colorado,Adams,2448,91,0,39.87432092,-104.3362578,8001.0,2357,2374,86,0,2288,2322,511868,74,5,0,69,52
2020-05-14,US,Colorado,Alamosa,37,2,0,37.57250606,-105.7885451,8003.0,35,33,2,0,31,33,16683,4,0,0,4,0
2020-05-14,US,Colorado,Arapahoe,3526,213,0,39.64977461,-104.3353617,8005.0,3313,3464,200,0,3264,3370,651215,62,13,0,49,94
2020-05-14,US,Colorado,Archuleta,8,0,0,37.19474156,-107.0476867,8007.0,8,8,0,0,8,8,13765,0,0,0,0,0
2020-05-14,US,Colorado,Baca,12,0,0,37.31940883,-102.5603223,8009.0,12,12,0,0,12,12,3585,0,0,0,0,0
2020-05-14,US,Colorado,Bent,1,0,0,37.95474293,-103.0720195,8011.0,1,1,0,0,1,1,5882,0,0,0,0,0
2020-05-14,US,Colorado,Boulder,805,58,0,40.09313619,-105.3546767,8013.0,747,797,57,0,740,788,326078,8,1,0,7,9
2020-05-14,US,Colorado,Broomfield,204,20,0,39.95998787,-105.0566324,8014.0,184,203,20,0,183,201,69267,1,0,0,1,2
2020-05-14,US,Colorado,Chaffee,69,17,0,38.74745778,-106.19265729999998,8015.0,52,69,16,0,53,68,20027,0,1,0,-1,1
2020-05-14,US,Colorado,Cheyenne,5,0,0,38.82777431,-102.6032558,8017.0,5,4,0,0,4,5,1876,1,0,0,1,-1
2020-05-14,US,Colorado,Clear Creek,15,1,0,39.68864463,-105.6463118,8019.0,14,15,1,0,14,15,9605,0,0,0,0,0
2020-05-14,US,Colorado,Conejos,1,0,0,37.201606,-106.19174879999998,8021.0,1,1,0,0,1,1,8200,0,0,0,0,0
2020-05-14,US,Colorado,Costilla,4,0,0,37.27732493,-105.4276548,8023.0,4,4,0,0,4,3,3828,0,0,0,0,1
2020-05-14,US,Colorado,Crowley,39,1,0,38.32608609,-103.7844965,8025.0,38,39,1,0,38,39,5858,0,0,0,0,0
2020-05-14,US,Colorado,Custer,2,0,0,38.10883162,-105.3683478,8027.0,2,2,0,0,2,2,4954,0,0,0,0,0
2020-05-14,US,Colorado,Delta,54,1,0,38.86246243,-107.8631342,8029.0,53,54,1,0,53,55,30953,0,0,0,0,-1
2020-05-14,US,Colorado,Denver,4359,237,0,39.76018276,-104.8725695,8031.0,4122,4254,233,0,4021,4187,716492,105,4,0,101,67
2020-05-14,US,Colorado,Douglas,621,30,0,39.33133796,-104.930001,8035.0,591,612,30,0,582,607,342776,9,0,0,9,5
2020-05-14,US,Colorado,Eagle,564,8,0,39.62754308,-106.6933637,8037.0,556,562,8,0,554,561,54993,2,0,0,2,1
2020-05-14,US,Colorado,El Paso,1204,81,0,38.83240149,-104.5251411,8041.0,1123,1175,81,0,1094,1157,713856,29,0,0,29,18
2020-05-14,US,Colorado,Elbert,41,2,0,39.28656773,-104.1358721,8039.0,39,41,2,0,39,40,26282,0,0,0,0,1
2020-05-14,US,Colorado,Fremont,25,0,0,38.47362326,-105.4399667,8043.0,25,23,0,0,23,23,48021,2,0,0,2,0
2020-05-14,US,Colorado,Garfield,112,2,0,39.59921777,-107.902708,8045.0,110,112,2,0,110,111,59770,0,0,0,0,1
2020-05-14,US,Colorado,Gilpin,2,0,0,39.85646523,-105.5252597,8047.0,2,1,0,0,1,1,6121,1,0,0,1,0
2020-05-14,US,Colorado,Grand,5,0,0,40.10603347,-106.1178042,8049.0,5,5,0,0,5,5,15525,0,0,0,0,0
2020-05-14,US,Colorado,Gunnison,182,6,0,38.66611652,-107.0320729,8051.0,176,180,6,0,174,174,17246,2,0,0,2,6
2020-05-14,US,Colorado,Hinsdale,3,0,0,37.82247444,-107.3004345,8053.0,3,3,0,0,3,3,811,0,0,0,0,0
2020-05-14,US,Colorado,Huerfano,3,0,0,37.68473101,-104.9612585,8055.0,3,3,0,0,3,3,6889,0,0,0,0,0
2020-05-14,US,Colorado,Jefferson,1748,107,0,39.58635604,-105.2517692,8059.0,1641,1716,105,0,1611,1678,580233,32,2,0,30,38
2020-05-14,US,Colorado,Kit Carson,25,2,0,39.30497777,-102.6022199,8063.0,23,25,2,0,23,25,7163,0,0,0,0,0
2020-05-14,US,Colorado,La Plata,66,1,0,37.28632032,-107.8429014,8067.0,65,66,1,0,65,66,56310,0,0,0,0,0
2020-05-14,US,Colorado,Lake,23,0,0,39.20278823,-106.3555697,8065.0,23,23,0,0,23,23,7824,0,0,0,0,0
2020-05-14,US,Colorado,Larimer,463,19,0,40.66671597,-105.4625784,8069.0,444,456,19,0,437,455,350518,7,0,0,7,1
2020-05-14,US,Colorado,Las Animas,4,0,0,37.3153406,-104.0376458,8071.0,4,4,0,0,4,4,14503,0,0,0,0,0
2020-05-14,US,Colorado,Lincoln,3,0,0,38.98749519,-103.5136649,8073.0,3,3,0,0,3,3,5610,0,0,0,0,0
2020-05-14,US,Colorado,Logan,483,3,0,40.7249637,-103.110817,8075.0,480,480,3,0,477,473,21528,3,0,0,3,7
2020-05-14,US,Colorado,Mesa,51,0,0,39.01787888,-108.469799,8077.0,51,51,0,0,51,51,153207,0,0,0,0,0
2020-05-14,US,Colorado,Mineral,2,0,0,37.66954283,-106.9281698,8079.0,2,2,0,0,2,2,776,0,0,0,0,0
2020-05-14,US,Colorado,Moffat,6,0,0,40.61810999,-108.2070876,8081.0,6,6,0,0,6,6,13188,0,0,0,0,0
2020-05-14,US,Colorado,Montezuma,25,3,0,37.33859579,-108.5958857,8083.0,22,25,3,0,22,25,26158,0,0,0,0,0
2020-05-14,US,Colorado,Montrose,129,11,0,38.40214114,-108.26390220000002,8085.0,118,128,11,0,117,127,42214,1,0,0,1,1
2020-05-14,US,Colorado,Morgan,534,24,0,40.26279810000001,-103.8093302,8087.0,510,527,24,0,503,521,28558,7,0,0,7,6
2020-05-14,US,Colorado,Otero,11,1,0,37.9014485,-103.7173385,8089.0,10,11,1,0,10,10,18432,0,0,0,0,1
2020-05-14,US,Colorado,Ouray,6,1,0,38.14717457,-107.7675136,8091.0,5,6,1,0,5,6,4833,0,0,0,0,0
2020-05-14,US,Colorado,Park,16,0,0,39.120926,-105.7182065,8093.0,16,16,0,0,16,16,18556,0,0,0,0,0
2020-05-14,US,Colorado,Phillips,9,0,0,40.59414277,-102.3577703,8095.0,9,9,0,0,9,9,4286,0,0,0,0,0
2020-05-14,US,Colorado,Pitkin,54,2,0,39.21720112,-106.9310027,8097.0,52,54,2,0,52,54,17950,0,0,0,0,0
2020-05-14,US,Colorado,Prowers,9,0,0,37.95544985,-102.3926052,8099.0,9,9,0,0,9,9,12164,0,0,0,0,0
2020-05-14,US,Colorado,Pueblo,186,13,0,38.17359144,-104.5127437,8101.0,173,188,12,0,176,188,167529,-2,1,0,-3,0
2020-05-14,US,Colorado,Rio Blanco,1,0,0,39.97913541,-108.2179009,8103.0,1,1,0,0,1,1,6336,0,0,0,0,0
2020-05-14,US,Colorado,Rio Grande,7,0,0,37.5836865,-106.3847838,8105.0,7,7,0,0,7,7,11250,0,0,0,0,0
2020-05-14,US,Colorado,Routt,59,6,0,40.48596505,-106.9905548,8107.0,53,59,6,0,53,59,25733,0,0,0,0,0
2020-05-14,US,Colorado,Saguache,15,0,0,38.08054629,-106.282466,8109.0,15,8,0,0,8,8,6843,7,0,0,7,0
2020-05-14,US,Colorado,San Juan,1,0,0,37.76248981,-107.67632890000002,8111.0,1,1,0,0,1,1,762,0,0,0,0,0
2020-05-14,US,Colorado,San Miguel,22,0,0,38.00450883,-108.4020725,8113.0,22,22,0,0,22,22,8191,0,0,0,0,0
2020-05-14,US,Colorado,Summit,175,1,0,39.63803232,-106.1150762,8117.0,174,174,1,0,173,171,31007,1,0,0,1,3
2020-05-14,US,Colorado,Teller,31,2,0,38.88133511,-105.1614893,8119.0,29,31,2,0,29,31,25083,0,0,0,0,0
2020-05-14,US,Colorado,Unassigned,71,1,0,0.0,0.0,90008.0,70,85,3,0,82,101,,-14,-2,0,-12,-16
2020-05-14,US,Colorado,Washington,9,0,0,39.97015535,-103.202587,8121.0,9,9,0,0,9,9,4909,0,0,0,0,0
2020-05-14,US,Colorado,Weld,2232,119,0,40.55499405,-104.3929621,8123.0,2113,2211,119,0,2092,2190,314305,21,0,0,21,21
2020-05-14,US,Colorado,Yuma,11,0,0,40.00346839,-102.4258673,8125.0,11,11,0,0,11,11,10020,0,0,0,0,0
2020-05-14,US,Connecticut,Fairfield,13836,1093,0,41.26809896,-73.3881171,9001.0,12743,13636,1068,0,12568,13488,943823,200,25,0,175,148
2020-05-14,US,Connecticut,Hartford,7935,999,0,41.80283011,-72.73103891,9003.0,6936,7732,963,0,6769,7528,892697,203,36,0,167,204
2020-05-14,US,Connecticut,Litchfield,1203,115,0,41.7937534,-73.2451475,9005.0,1088,1179,110,0,1069,1171,181111,24,5,0,19,8
2020-05-14,US,Connecticut,Middlesex,863,118,0,41.45949668,-72.53714864,9007.0,745,837,116,0,721,823,162682,26,2,0,24,14
2020-05-14,US,Connecticut,New Haven,9712,767,0,41.408032500000004,-72.93620426,9009.0,8945,9570,745,0,8825,9430,857620,142,22,0,120,140
2020-05-14,US,Connecticut,New London,821,62,0,41.48896435,-72.10430976,9011.0,759,804,60,0,744,793,266784,17,2,0,15,11
2020-05-14,US,Connecticut,Tolland,568,51,0,41.85853803,-72.3308481,9013.0,517,560,49,0,511,556,150921,8,2,0,6,4
2020-05-14,US,Connecticut,Unassigned,235,3,0,0.0,0.0,90009.0,232,250,5,0,245,263,,-15,-2,0,-13,-13
2020-05-14,US,Connecticut,Windham,291,11,0,41.82972709,-71.98182316,9015.0,280,287,9,0,278,281,117027,4,2,0,2,6
2020-05-14,US,Delaware,Kent,1115,46,0,39.08646628,-75.56884914,10001.0,1069,1084,45,0,1039,1060,178550,31,1,0,30,24
2020-05-14,US,Delaware,New Castle,2560,108,0,39.57992638,-75.64054974,10003.0,2452,2496,102,0,2394,2440,559335,64,6,0,58,56
2020-05-14,US,Delaware,Sussex,3503,105,0,38.66143781,-75.39031349,10005.0,3398,3336,99,0,3237,3205,229286,167,6,0,161,131
2020-05-14,US,Delaware,Unassigned,45,1,0,0.0,0.0,90010.0,44,36,1,0,35,36,,9,0,0,9,0
2020-05-14,US,District of Columbia,District of Columbia,6736,358,0,38.90417773,-77.01655992,11001.0,6378,6584,350,0,6234,6485,702455,152,8,0,144,99
2020-05-14,US,Florida,Alachua,330,5,0,29.67866525,-82.35928158,12001.0,325,326,5,0,321,324,269956,4,0,0,4,2
2020-05-14,US,Florida,Baker,26,3,0,30.33060121,-82.28467476,12003.0,23,26,3,0,23,25,28355,0,0,0,0,1
2020-05-14,US,Florida,Bay,78,3,0,30.26548745,-85.62122584,12005.0,75,77,3,0,74,77,185287,1,0,0,1,0
2020-05-14,US,Florida,Bradford,49,2,0,29.95079741,-82.16611613,12007.0,47,48,2,0,46,48,27732,1,0,0,1,0
2020-05-14,US,Florida,Brevard,348,9,0,28.29409504,-80.73091022,12009.0,339,344,9,0,335,346,596849,4,0,0,4,-2
2020-05-14,US,Florida,Broward,6057,267,0,26.15184651,-80.48725556,12011.0,5790,5998,267,0,5731,5973,1951260,59,0,0,59,25
2020-05-14,US,Florida,Calhoun,33,1,0,30.40666734,-85.19394153,12013.0,32,31,0,0,31,27,14587,2,1,0,1,4
2020-05-14,US,Florida,Charlotte,357,38,0,26.90131002,-81.92949121,12015.0,319,350,37,0,313,347,184998,7,1,0,6,3
2020-05-14,US,Florida,Citrus,109,11,0,28.84804315,-82.47614748,12017.0,98,109,11,0,98,107,147929,0,0,0,0,2
2020-05-14,US,Florida,Clay,306,22,0,29.98319144,-81.85609986,12019.0,284,303,22,0,281,303,216072,3,0,0,3,0
2020-05-14,US,Florida,Collier,882,35,0,26.11091986,-81.34687065,12021.0,847,864,34,0,830,843,378488,18,1,0,17,21
2020-05-14,US,Florida,Columbia,107,2,0,30.22509788,-82.62160164,12023.0,105,107,2,0,105,105,70503,0,0,0,0,2
2020-05-14,US,Florida,DeSoto,58,6,0,27.18677893,-81.80941373,12027.0,52,52,6,0,46,52,37489,6,0,0,6,0
2020-05-14,US,Florida,Dixie,18,0,0,29.60631086,-83.15724673,12029.0,18,15,0,0,15,14,16700,3,0,0,3,1
2020-05-14,US,Florida,Duval,1215,32,0,30.33225875,-81.66976468,12031.0,1183,1199,32,0,1167,1186,950181,16,0,0,16,13
2020-05-14,US,Florida,Escambia,671,19,0,30.67652764,-87.37284571,12033.0,652,665,19,0,646,659,315534,6,0,0,6,6
2020-05-14,US,Florida,Flagler,148,4,0,29.45933576,-81.31508595,12035.0,144,148,4,0,144,147,112067,0,0,0,0,1
2020-05-14,US,Florida,Franklin,2,0,0,29.83791238,-84.82731662,12037.0,2,2,0,0,2,2,11736,0,0,0,0,0
2020-05-14,US,Florida,Gadsden,140,1,0,30.57796289,-84.61915825,12039.0,139,139,1,0,138,137,45894,1,0,0,1,2
2020-05-14,US,Florida,Gilchrist,7,0,0,29.72856978,-82.79880657,12041.0,7,7,0,0,7,6,18256,0,0,0,0,1
2020-05-14,US,Florida,Glades,9,1,0,26.95635849,-81.18996211,12043.0,8,8,1,0,7,8,13724,1,0,0,1,0
2020-05-14,US,Florida,Gulf,1,0,0,29.93543004,-85.24270990000002,12045.0,1,1,0,0,1,1,16164,0,0,0,0,0
2020-05-14,US,Florida,Hamilton,134,0,0,30.49673973,-82.94998918,12047.0,134,86,0,0,86,19,14310,48,0,0,48,67
2020-05-14,US,Florida,Hardee,39,0,0,27.49293939,-81.80956574,12049.0,39,37,0,0,37,36,27245,2,0,0,2,1
2020-05-14,US,Florida,Hendry,176,11,0,26.55386945,-81.16469006,12051.0,165,165,6,0,159,159,41556,11,5,0,6,6
2020-05-14,US,Florida,Hernando,104,5,0,28.55364461,-82.42700204,12053.0,99,101,5,0,96,101,190865,3,0,0,3,0
2020-05-14,US,Florida,Highlands,103,8,0,27.34254618,-81.34071957,12055.0,95,100,8,0,92,99,105424,3,0,0,3,1
2020-05-14,US,Florida,Hillsborough,1530,46,0,27.9276559,-82.32013172,12057.0,1484,1494,44,0,1450,1473,1436888,36,2,0,34,21
2020-05-14,US,Florida,Holmes,10,0,0,30.86747479,-85.81319222,12059.0,10,10,0,0,10,10,19477,0,0,0,0,0
2020-05-14,US,Florida,Indian River,103,9,0,27.69308961,-80.60556721,12061.0,94,102,9,0,93,102,157413,1,0,0,1,0
2020-05-14,US,Florida,Jackson,105,0,0,30.795459700000002,-85.21500423,12063.0,105,106,0,0,106,131,48305,-1,0,0,-1,-25
2020-05-14,US,Florida,Jefferson,28,2,0,30.43669112,-83.89442308,12065.0,26,28,2,0,26,28,14288,0,0,0,0,0
2020-05-14,US,Florida,Lafayette,5,0,0,29.98484137,-83.18166636,12067.0,5,5,0,0,5,5,8732,0,0,0,0,0
2020-05-14,US,Florida,Lake,248,14,0,28.76202069,-81.7125123,12069.0,234,247,14,0,233,246,356495,1,0,0,1,1
2020-05-14,US,Florida,Lee,1350,73,0,26.58410348,-81.88399313,12071.0,1277,1332,70,0,1262,1317,754610,18,3,0,15,15
2020-05-14,US,Florida,Leon,275,6,0,30.45955727,-84.27491114,12073.0,269,271,6,0,265,266,292502,4,0,0,4,5
2020-05-14,US,Florida,Levy,22,0,0,29.31829741,-82.74007147,12075.0,22,22,0,0,22,22,40770,0,0,0,0,0
2020-05-14,US,Florida,Liberty,199,0,0,30.23766008,-84.8829258,12077.0,199,198,0,0,198,198,8457,1,0,0,1,0
2020-05-14,US,Florida,Madison,62,3,0,30.44396917,-83.47398594,12079.0,59,61,3,0,58,61,18529,1,0,0,1,0
2020-05-14,US,Florida,Manatee,813,78,0,27.47196942,-82.31831044,12081.0,735,806,75,0,731,795,394855,7,3,0,4,11
2020-05-14,US,Florida,Marion,217,5,0,29.21227113,-82.05803627,12083.0,212,217,5,0,212,213,359977,0,0,0,0,4
2020-05-14,US,Florida,Martin,281,6,0,27.0772071,-80.43109784,12085.0,275,275,6,0,269,274,160912,6,0,0,6,1
2020-05-14,US,Florida,Miami-Dade,14742,535,0,25.6112362,-80.55170587,12086.0,14207,14468,518,0,13950,14385,2761581,274,17,0,257,83
2020-05-14,US,Florida,Monroe,95,3,0,25.20904673,-81.07812416,12087.0,92,96,3,0,93,95,75027,-1,0,0,-1,1
2020-05-14,US,Florida,Nassau,63,1,0,30.61037141,-81.80297522,12089.0,62,62,1,0,61,61,85832,1,0,0,1,1
2020-05-14,US,Florida,Okaloosa,172,5,0,30.69143028,-86.59267105,12091.0,167,170,5,0,165,169,207269,2,0,0,2,1
2020-05-14,US,Florida,Okeechobee,32,0,0,27.386336199999995,-80.88944347,12093.0,32,25,0,0,25,28,41537,7,0,0,7,-3
2020-05-14,US,Florida,Orange,1577,36,0,28.51367621,-81.31799498,12095.0,1541,1553,36,0,1517,1537,1380645,24,0,0,24,16
2020-05-14,US,Florida,Osceola,594,16,0,28.06312234,-81.14882926,12097.0,578,586,16,0,570,580,367990,8,0,0,8,6
2020-05-14,US,Florida,Palm Beach,4278,263,0,26.64676272,-80.46536002,12099.0,4015,4176,254,0,3922,4093,1485941,102,9,0,93,83
2020-05-14,US,Florida,Pasco,308,9,0,28.30810945,-82.40227529,12101.0,299,306,9,0,297,302,539630,2,0,0,2,4
2020-05-14,US,Florida,Pinellas,962,65,0,27.93130349,-82.72239666,12103.0,897,923,63,0,860,909,975280,39,2,0,37,14
2020-05-14,US,Florida,Polk,698,37,0,27.95027105,-81.69732947,12105.0,661,687,36,0,651,675,708009,11,1,0,10,12
2020-05-14,US,Florida,Putnam,127,3,0,29.60779729,-81.74230285,12107.0,124,127,2,0,125,127,74163,0,1,0,-1,0
2020-05-14,US,Florida,Santa Rosa,180,9,0,30.69341450000001,-87.02458128,12113.0,171,179,9,0,170,179,179349,1,0,0,1,0
2020-05-14,US,Florida,Sarasota,487,57,0,27.18546175,-82.33174248,12115.0,430,440,57,0,383,435,426718,47,0,0,47,5
2020-05-14,US,Florida,Seminole,426,11,0,28.7158582,-81.24060348,12117.0,415,422,11,0,411,418,467832,4,0,0,4,4
2020-05-14,US,Florida,St. Johns,231,5,0,29.90096506,-81.43589967,12109.0,226,229,4,0,225,223,254261,2,1,0,1,6
2020-05-14,US,Florida,St. Lucie,301,26,0,27.37763908,-80.47106649,12111.0,275,299,26,0,273,290,321128,2,0,0,2,9
2020-05-14,US,Florida,Sumter,246,16,0,28.70181754,-82.0794267,12119.0,230,245,15,0,230,244,128754,1,1,0,0,1
2020-05-14,US,Florida,Suwannee,151,18,0,30.19746066,-82.99099670000003,12121.0,133,149,18,0,131,148,44191,2,0,0,2,1
2020-05-14,US,Florida,Taylor,3,0,0,30.04848048,-83.60445406,12123.0,3,3,0,0,3,3,21623,0,0,0,0,0
2020-05-14,US,Florida,Unassigned,76,0,0,0.0,0.0,90012.0,76,88,0,0,88,57,,-12,0,0,-12,31
2020-05-14,US,Florida,Union,14,0,0,30.04412971,-82.37497443,12125.0,14,10,0,0,10,7,14940,4,0,0,4,3
2020-05-14,US,Florida,Volusia,576,30,0,29.05858895,-81.18263252,12127.0,546,566,30,0,536,557,547538,10,0,0,10,9
2020-05-14,US,Florida,Wakulla,31,1,0,30.16548905,-84.39895211,12129.0,30,31,1,0,30,31,32461,0,0,0,0,0
2020-05-14,US,Florida,Walton,73,2,0,30.64204028,-86.16935664,12131.0,71,68,2,0,66,66,71375,5,0,0,5,2
2020-05-14,US,Florida,Washington,12,0,0,30.61359259,-85.66002461,12133.0,12,12,0,0,12,12,24880,0,0,0,0,0
2020-05-14,US,Georgia,Appling,108,10,0,31.74847232,-82.28909114,13001.0,98,99,10,0,89,96,18507,9,0,0,9,3
2020-05-14,US,Georgia,Atkinson,20,2,0,31.29633502,-82.87545866,13003.0,18,20,2,0,18,20,8297,0,0,0,0,0
2020-05-14,US,Georgia,Bacon,51,2,0,31.55456473,-82.45936528,13005.0,49,48,2,0,46,51,11185,3,0,0,3,-3
2020-05-14,US,Georgia,Baker,33,2,0,31.32669878,-84.44218806,13007.0,31,34,2,0,32,34,3092,-1,0,0,-1,0
2020-05-14,US,Georgia,Baldwin,280,12,0,33.06882326,-83.24701748,13009.0,268,277,12,0,265,276,44823,3,0,0,3,1
2020-05-14,US,Georgia,Banks,41,0,0,34.35607081,-83.49644388,13011.0,41,39,0,0,39,38,18988,2,0,0,2,1
2020-05-14,US,Georgia,Barrow,255,7,0,33.99148694,-83.71436292,13013.0,248,254,7,0,247,232,80809,1,0,0,1,22
2020-05-14,US,Georgia,Bartow,382,35,0,34.23732119,-84.83887523,13015.0,347,377,35,0,342,368,106408,5,0,0,5,9
2020-05-14,US,Georgia,Ben Hill,44,1,0,31.76095874,-83.22145359,13017.0,43,43,0,0,43,43,16787,1,1,0,0,0
2020-05-14,US,Georgia,Berrien,20,0,0,31.27590016,-83.22529920000002,13019.0,20,19,0,0,19,19,19252,1,0,0,1,0
2020-05-14,US,Georgia,Bibb,384,16,0,32.80904227,-83.70489165,13021.0,368,378,14,0,364,376,153095,6,2,0,4,2
2020-05-14,US,Georgia,Bleckley,32,0,0,32.43829035,-83.33035166,13023.0,32,32,0,0,32,29,12838,0,0,0,0,3
2020-05-14,US,Georgia,Brantley,28,2,0,31.19576557,-81.97743999,13025.0,26,28,2,0,26,27,18897,0,0,0,0,1
2020-05-14,US,Georgia,Brooks,64,8,0,30.83922642,-83.58303423,13027.0,56,64,7,0,57,64,15513,0,1,0,-1,0
2020-05-14,US,Georgia,Bryan,61,4,0,32.00979311,-81.44002948,13029.0,57,61,4,0,57,61,38109,0,0,0,0,0
2020-05-14,US,Georgia,Bulloch,45,2,0,32.39577406,-81.74811421,13031.0,43,45,2,0,43,45,77296,0,0,0,0,0
2020-05-14,US,Georgia,Burke,112,3,0,33.05917989,-81.99928721,13033.0,109,113,3,0,110,110,22423,-1,0,0,-1,3
2020-05-14,US,Georgia,Butts,196,17,0,33.283094500000004,-83.95435040000002,13035.0,179,192,17,0,175,191,24193,4,0,0,4,1
2020-05-14,US,Georgia,Calhoun,117,5,0,31.53169785,-84.62725131,13037.0,112,117,5,0,112,117,6352,0,0,0,0,0
2020-05-14,US,Georgia,Camden,46,1,0,30.92951916,-81.66601818,13039.0,45,43,1,0,42,37,53677,3,0,0,3,6
2020-05-14,US,Georgia,Candler,10,0,0,32.40209349,-82.07702563,13043.0,10,10,0,0,10,10,10836,0,0,0,0,0
2020-05-14,US,Georgia,Carroll,400,19,0,33.58138199,-85.07976677,13045.0,381,397,19,0,378,398,118121,3,0,0,3,-1
2020-05-14,US,Georgia,Catoosa,70,0,0,34.89872298,-85.13757014,13047.0,70,66,0,0,66,61,67420,4,0,0,4,5
2020-05-14,US,Georgia,Charlton,20,1,0,30.78371028,-82.13951596,13049.0,19,19,1,0,18,17,12968,1,0,0,1,2
2020-05-14,US,Georgia,Chatham,344,14,0,32.00043026,-81.12489526,13051.0,330,337,14,0,323,327,289195,7,0,0,7,10
2020-05-14,US,Georgia,Chattahoochee,17,0,0,32.34341231,-84.78809239,13053.0,17,16,0,0,16,15,10684,1,0,0,1,1
2020-05-14,US,Georgia,Chattooga,16,2,0,34.47197698,-85.34535662,13055.0,14,16,2,0,14,16,24790,0,0,0,0,0
2020-05-14,US,Georgia,Cherokee,676,21,0,34.24393976,-84.47431861,13057.0,655,655,21,0,634,635,254149,21,0,0,21,20
2020-05-14,US,Georgia,Clarke,192,13,0,33.95436462,-83.37124007,13059.0,179,190,13,0,177,189,127330,2,0,0,2,1
2020-05-14,US,Georgia,Clay,28,3,0,31.62221166,-84.97713865,13061.0,25,26,3,0,23,27,2887,2,0,0,2,-1
2020-05-14,US,Georgia,Clayton,983,36,0,33.54187245,-84.35594188,13063.0,947,955,35,0,920,951,289615,28,1,0,27,4
2020-05-14,US,Georgia,Clinch,36,0,0,30.91395822,-82.70432472,13065.0,36,36,0,0,36,36,6648,0,0,0,0,0
2020-05-14,US,Georgia,Cobb,2363,129,0,33.94243204,-84.5761255,13067.0,2234,2280,127,0,2153,2253,756865,83,2,0,81,27
2020-05-14,US,Georgia,Coffee,191,11,0,31.54892966,-82.85492059999999,13069.0,180,187,11,0,176,184,43093,4,0,0,4,3
2020-05-14,US,Georgia,Colquitt,241,11,0,31.18810588,-83.7677946,13071.0,230,229,11,0,218,221,45592,12,0,0,12,8
2020-05-14,US,Georgia,Columbia,197,6,0,33.54534185,-82.263524,13073.0,191,191,6,0,185,186,154291,6,0,0,6,5
2020-05-14,US,Georgia,Cook,32,2,0,31.16068491,-83.42947229,13075.0,30,32,3,0,29,33,17162,0,-1,0,1,-1
2020-05-14,US,Georgia,Coweta,280,4,0,33.35334302,-84.76129976,13077.0,276,280,4,0,276,280,145864,0,0,0,0,0
2020-05-14,US,Georgia,Crawford,19,0,0,32.71391813,-83.98061238,13079.0,19,19,0,0,19,20,12318,0,0,0,0,-1
2020-05-14,US,Georgia,Crisp,193,7,0,31.92289565,-83.76811843,13081.0,186,191,7,0,184,190,22601,2,0,0,2,1
2020-05-14,US,Georgia,Dade,17,1,0,34.854916700000004,-85.50490424,13083.0,16,17,1,0,16,17,16226,0,0,0,0,0
2020-05-14,US,Georgia,Dawson,84,1,0,34.44244079,-84.16964071,13085.0,83,81,1,0,80,81,25083,3,0,0,3,0
2020-05-14,US,Georgia,DeKalb,2664,75,0,33.76944049,-84.22396017,13089.0,2589,2632,73,0,2559,2605,756558,32,2,0,30,27
2020-05-14,US,Georgia,Decatur,115,3,0,30.87967778,-84.57619536,13087.0,112,115,3,0,112,113,26575,0,0,0,0,2
2020-05-14,US,Georgia,Dodge,38,1,0,32.17265114,-83.16948926,13091.0,37,36,1,0,35,35,20705,2,0,0,2,1
2020-05-14,US,Georgia,Dooly,152,12,0,32.15630737,-83.79746561,13093.0,140,151,12,0,139,148,13706,1,0,0,1,3
2020-05-14,US,Georgia,Dougherty,1643,132,0,31.53328528,-84.21722377,13095.0,1511,1644,130,0,1514,1643,91243,-1,2,0,-3,1
2020-05-14,US,Georgia,Douglas,429,14,0,33.70291126,-84.77026156,13097.0,415,422,14,0,408,417,145331,7,0,0,7,5
2020-05-14,US,Georgia,Early,238,28,0,31.32155345,-84.90255207,13099.0,210,229,29,0,200,229,10247,9,-1,0,10,0
2020-05-14,US,Georgia,Echols,12,0,0,30.71101099,-82.89687287,13101.0,12,10,0,0,10,8,4000,2,0,0,2,2
2020-05-14,US,Georgia,Effingham,38,1,0,32.36616021,-81.34280942,13103.0,37,38,1,0,37,39,62190,0,0,0,0,-1
2020-05-14,US,Georgia,Elbert,46,0,0,34.11302332,-82.83936148,13105.0,46,46,0,0,46,43,19120,0,0,0,0,3
2020-05-14,US,Georgia,Emanuel,25,1,0,32.59221302,-82.30239915,13107.0,24,25,1,0,24,24,22612,0,0,0,0,1
2020-05-14,US,Georgia,Evans,4,0,0,32.15328841,-81.8870105,13109.0,4,4,0,0,4,5,10721,0,0,0,0,-1
2020-05-14,US,Georgia,Fannin,36,1,0,34.86430205,-84.316964,13111.0,35,36,1,0,35,35,25964,0,0,0,0,1
2020-05-14,US,Georgia,Fayette,204,11,0,33.41357794,-84.49089434,13113.0,193,202,12,0,190,202,113459,2,-1,0,3,0
2020-05-14,US,Georgia,Floyd,169,12,0,34.26268279,-85.21577392,13115.0,157,166,12,0,154,160,97927,3,0,0,3,6
2020-05-14,US,Georgia,Forsyth,395,11,0,34.22604035,-84.12315129999998,13117.0,384,393,11,0,382,400,236612,2,0,0,2,-7
2020-05-14,US,Georgia,Franklin,30,1,0,34.37525597,-83.23159927,13119.0,29,29,1,0,28,28,23023,1,0,0,1,1
2020-05-14,US,Georgia,Fulton,3625,159,0,33.79216944,-84.46319413,13121.0,3466,3614,152,0,3462,3595,1050114,11,7,0,4,19
2020-05-14,US,Georgia,Gilmer,105,1,0,34.69316688,-84.45802506,13123.0,104,102,1,0,101,100,30816,3,0,0,3,2
2020-05-14,US,Georgia,Glascock,1,0,0,33.22879932,-82.61297636,13125.0,1,1,0,0,1,1,2995,0,0,0,0,0
2020-05-14,US,Georgia,Glynn,74,1,0,31.23279254,-81.53811412,13127.0,73,75,1,0,74,74,85219,-1,0,0,-1,1
2020-05-14,US,Georgia,Gordon,124,15,0,34.50487351,-84.87296253,13129.0,109,124,16,0,108,125,57685,0,-1,0,1,-1
2020-05-14,US,Georgia,Grady,88,4,0,30.87454847,-84.23418364,13131.0,84,88,4,0,84,88,24748,0,0,0,0,0
2020-05-14,US,Georgia,Greene,57,5,0,33.5769205,-83.17139104,13133.0,52,57,5,0,52,58,17698,0,0,0,0,-1
2020-05-14,US,Georgia,Gwinnett,2552,101,0,33.96044201,-84.02137802,13135.0,2451,2510,101,0,2409,2496,927781,42,0,0,42,14
2020-05-14,US,Georgia,Habersham,400,15,0,34.63331566,-83.53094677,13137.0,385,398,15,0,383,392,45388,2,0,0,2,6
2020-05-14,US,Georgia,Hall,2125,40,0,34.32207823,-83.81896936,13139.0,2085,2112,37,0,2075,2060,202148,13,3,0,10,52
2020-05-14,US,Georgia,Hancock,142,4,0,33.2721566,-82.99766919,13141.0,138,140,4,0,136,138,8348,2,0,0,2,2
2020-05-14,US,Georgia,Haralson,34,2,0,33.79602175,-85.21005667,13143.0,32,34,2,0,32,33,29533,0,0,0,0,1
2020-05-14,US,Georgia,Harris,74,2,0,32.73709786,-84.90538572,13145.0,72,73,2,0,71,68,34475,1,0,0,1,5
2020-05-14,US,Georgia,Hart,19,0,0,34.34626973,-82.96567682,13147.0,19,19,0,0,19,18,26099,0,0,0,0,1
2020-05-14,US,Georgia,Heard,17,1,0,33.29686567,-85.12886832,13149.0,16,17,1,0,16,17,11879,0,0,0,0,0
2020-05-14,US,Georgia,Henry,621,17,0,33.4533428,-84.14814659999998,13151.0,604,615,16,0,599,614,230220,6,1,0,5,1
2020-05-14,US,Georgia,Houston,306,17,0,32.45802497,-83.66879087,13153.0,289,290,16,0,274,291,155469,16,1,0,15,-1
2020-05-14,US,Georgia,Irwin,22,1,0,31.60213036,-83.27501387,13155.0,21,22,1,0,21,22,9398,0,0,0,0,0
2020-05-14,US,Georgia,Jackson,126,3,0,34.13794553,-83.56814788,13157.0,123,126,3,0,123,125,70422,0,0,0,0,1
2020-05-14,US,Georgia,Jasper,26,0,0,33.31535543,-83.68844964,13159.0,26,26,0,0,26,26,14040,0,0,0,0,0
2020-05-14,US,Georgia,Jeff Davis,24,1,0,31.80405727,-82.63724870000001,13161.0,23,24,1,0,23,24,15029,0,0,0,0,0
2020-05-14,US,Georgia,Jefferson,22,1,0,33.05867328,-82.41609057,13163.0,21,19,1,0,18,18,15430,3,0,0,3,1
2020-05-14,US,Georgia,Jenkins,16,1,0,32.79248718,-81.96040187,13165.0,15,16,1,0,15,18,8683,0,0,0,0,-2
2020-05-14,US,Georgia,Johnson,70,2,0,32.70211082,-82.66166794,13167.0,68,70,2,0,68,69,9708,0,0,0,0,1
2020-05-14,US,Georgia,Jones,30,0,0,33.02512137,-83.56019163,13169.0,30,30,0,0,30,30,28616,0,0,0,0,0
2020-05-14,US,Georgia,Lamar,41,1,0,33.07841647,-84.14263877,13171.0,40,40,1,0,39,40,19000,1,0,0,1,0
2020-05-14,US,Georgia,Lanier,11,2,0,31.03828570000001,-83.06472457,13173.0,9,11,2,0,9,11,10340,0,0,0,0,0
2020-05-14,US,Georgia,Laurens,86,1,0,32.46325233,-82.92221316,13175.0,85,85,1,0,84,82,47325,1,0,0,1,3
2020-05-14,US,Georgia,Lee,343,22,0,31.779330600000005,-84.14324253,13177.0,321,343,22,0,321,343,29764,0,0,0,0,0
2020-05-14,US,Georgia,Liberty,45,0,0,31.82588896,-81.49251135,13179.0,45,45,0,0,45,44,61497,0,0,0,0,1
2020-05-14,US,Georgia,Lincoln,12,0,0,33.79201475,-82.45024131,13181.0,12,12,0,0,12,12,7915,0,0,0,0,0
2020-05-14,US,Georgia,Long,5,0,0,31.75218791,-81.74952375,13183.0,5,5,0,0,5,5,18998,0,0,0,0,0
2020-05-14,US,Georgia,Lowndes,201,4,0,30.83568832,-83.27056716,13185.0,197,196,4,0,192,194,116321,5,0,0,5,2
2020-05-14,US,Georgia,Lumpkin,82,1,0,34.57286511,-84.00425681,13187.0,81,80,1,0,79,77,32955,2,0,0,2,3
2020-05-14,US,Georgia,Macon,89,5,0,32.35207048,-84.04234127,13193.0,84,88,5,0,83,85,13143,1,0,0,1,3
2020-05-14,US,Georgia,Madison,29,1,0,34.12920917,-83.21218732,13195.0,28,29,1,0,28,29,29650,0,0,0,0,0
2020-05-14,US,Georgia,Marion,38,1,0,32.3483402,-84.52733571,13197.0,37,38,1,0,37,40,8351,0,0,0,0,-2
2020-05-14,US,Georgia,McDuffie,53,4,0,33.47851918,-82.48252774,13189.0,49,53,4,0,49,52,21531,0,0,0,0,1
2020-05-14,US,Georgia,McIntosh,9,0,0,31.49683595,-81.40163426,13191.0,9,9,0,0,9,8,14340,0,0,0,0,1
2020-05-14,US,Georgia,Meriwether,72,1,0,33.04163534,-84.68859732,13199.0,71,68,1,0,67,66,21068,4,0,0,4,2
2020-05-14,US,Georgia,Miller,36,0,0,31.16568912,-84.73151117,13201.0,36,35,0,0,35,34,5686,1,0,0,1,1
2020-05-14,US,Georgia,Mitchell,387,32,0,31.22483255,-84.19381821,13205.0,355,381,32,0,349,357,22192,6,0,0,6,24
2020-05-14,US,Georgia,Monroe,45,4,0,33.014289,-83.92097166,13207.0,41,44,4,0,40,44,27520,1,0,0,1,0
2020-05-14,US,Georgia,Montgomery,5,0,0,32.17201038,-82.53527476,13209.0,5,5,0,0,5,5,9193,0,0,0,0,0
2020-05-14,US,Georgia,Morgan,33,0,0,33.59232073,-83.49129491,13211.0,33,33,0,0,33,33,18853,0,0,0,0,0
2020-05-14,US,Georgia,Murray,55,1,0,34.78897608,-84.74993177,13213.0,54,53,1,0,52,50,39921,2,0,0,2,3
2020-05-14,US,Georgia,Muscogee,411,15,0,32.50931999,-84.87142262,13215.0,396,398,15,0,383,391,194160,13,0,0,13,7
2020-05-14,US,Georgia,Newton,263,8,0,33.55514538,-83.84547140000002,13217.0,255,262,8,0,254,261,109541,1,0,0,1,1
2020-05-14,US,Georgia,Oconee,80,0,0,33.83749973,-83.43679568,13219.0,80,66,0,0,66,66,39272,14,0,0,14,0
2020-05-14,US,Georgia,Oglethorpe,55,4,0,33.878629600000004,-83.08278123,13221.0,51,56,4,0,52,56,15054,-1,0,0,-1,0
2020-05-14,US,Georgia,Out of GA,1555,23,0,0.0,0.0,80013.0,1532,1561,23,0,1538,1582,,-6,0,0,-6,-21
2020-05-14,US,Georgia,Paulding,236,10,0,33.91969522,-84.86848792,13223.0,226,234,10,0,224,230,164044,2,0,0,2,4
2020-05-14,US,Georgia,Peach,69,2,0,32.56934316,-83.82937,13225.0,67,69,2,0,67,68,27297,0,0,0,0,1
2020-05-14,US,Georgia,Pickens,35,3,0,34.46589159,-84.46406611,13227.0,32,36,3,0,33,35,31980,-1,0,0,-1,1
2020-05-14,US,Georgia,Pierce,69,4,0,31.35928155,-82.21598442,13229.0,65,69,4,0,65,68,19389,0,0,0,0,1
2020-05-14,US,Georgia,Pike,44,2,0,33.09310242,-84.38790389,13231.0,42,45,2,0,43,47,18634,-1,0,0,-1,-2
2020-05-14,US,Georgia,Polk,71,0,0,34.00267074,-85.18677781,13233.0,71,69,0,0,69,69,42470,2,0,0,2,0
2020-05-14,US,Georgia,Pulaski,38,1,0,32.23334561,-83.47549959999998,13235.0,37,34,1,0,33,34,11069,4,0,0,4,0
2020-05-14,US,Georgia,Putnam,60,6,0,33.32056115,-83.37552891,13237.0,54,59,6,0,53,59,21809,1,0,0,1,0
2020-05-14,US,Georgia,Quitman,7,1,0,31.86728114,-85.01773177,13239.0,6,7,1,0,6,7,2279,0,0,0,0,0
2020-05-14,US,Georgia,Rabun,14,1,0,34.88389445,-83.40304637,13241.0,13,14,1,0,13,14,16867,0,0,0,0,0
2020-05-14,US,Georgia,Randolph,169,21,0,31.76622818,-84.75732369,13243.0,148,169,21,0,148,169,6833,0,0,0,0,0
2020-05-14,US,Georgia,Richmond,480,17,0,33.35777107,-82.07026432,13245.0,463,471,17,0,454,469,201554,9,0,0,9,2
2020-05-14,US,Georgia,Rockdale,249,8,0,33.65145002,-84.02202167,13247.0,241,248,7,0,241,245,90594,1,1,0,0,3
2020-05-14,US,Georgia,Schley,15,1,0,32.2654021,-84.31258912,13249.0,14,15,1,0,14,15,5236,0,0,0,0,0
2020-05-14,US,Georgia,Screven,18,1,0,32.74976524,-81.60779441,13251.0,17,18,1,0,17,17,13938,0,0,0,0,1
2020-05-14,US,Georgia,Seminole,38,2,0,30.93464824,-84.86823924,13253.0,36,39,2,0,37,36,8315,-1,0,0,-1,3
2020-05-14,US,Georgia,Spalding,239,12,0,33.26310031,-84.28013991,13255.0,227,236,12,0,224,237,66100,3,0,0,3,-1
2020-05-14,US,Georgia,Stephens,94,1,0,34.55151201,-83.29405315,13257.0,93,94,1,0,93,93,26035,0,0,0,0,1
2020-05-14,US,Georgia,Stewart,37,0,0,32.07996777,-84.83208037,13259.0,37,35,0,0,35,35,6199,2,0,0,2,0
2020-05-14,US,Georgia,Sumter,412,38,0,32.03650571,-84.19821492,13261.0,374,409,35,0,374,406,29733,3,3,0,0,3
2020-05-14,US,Georgia,Talbot,27,1,0,32.69642758,-84.53351366,13263.0,26,27,1,0,26,27,6272,0,0,0,0,0
2020-05-14,US,Georgia,Taliaferro,1,0,0,33.56543317,-82.88136816,13265.0,1,1,0,0,1,1,1608,0,0,0,0,0
2020-05-14,US,Georgia,Tattnall,11,0,0,32.04785085,-82.05539188,13267.0,11,10,0,0,10,10,25391,1,0,0,1,0
2020-05-14,US,Georgia,Taylor,22,2,0,32.55792548,-84.25077141,13269.0,20,22,2,0,20,22,8039,0,0,0,0,0
2020-05-14,US,Georgia,Telfair,29,1,0,31.92829517,-82.93491155,13271.0,28,29,1,0,28,28,15876,0,0,0,0,1
2020-05-14,US,Georgia,Terrell,199,24,0,31.77527543,-84.44069698,13273.0,175,199,24,0,175,198,8611,0,0,0,0,1
2020-05-14,US,Georgia,Thomas,276,28,0,30.86392347,-83.91847289,13275.0,248,267,28,0,239,264,44448,9,0,0,9,3
2020-05-14,US,Georgia,Tift,170,10,0,31.45743864,-83.5236119,13277.0,160,164,6,0,158,161,40571,6,4,0,2,3
2020-05-14,US,Georgia,Toombs,43,4,0,32.12059861,-82.32957247,13279.0,39,41,4,0,37,41,26887,2,0,0,2,0
2020-05-14,US,Georgia,Towns,21,1,0,34.91369188,-83.74107459999998,13281.0,20,21,1,0,20,20,11852,0,0,0,0,1
2020-05-14,US,Georgia,Treutlen,7,0,0,32.40422134,-82.56904553,13283.0,7,7,0,0,7,5,6809,0,0,0,0,2
2020-05-14,US,Georgia,Troup,192,5,0,33.03349196,-85.02812115,13285.0,187,192,5,0,187,196,70034,0,0,0,0,-4
2020-05-14,US,Georgia,Turner,81,12,0,31.71612656,-83.62069378,13287.0,69,80,12,0,68,78,7912,1,0,0,1,2
2020-05-14,US,Georgia,Twiggs,9,0,0,32.67435595,-83.43078662,13289.0,9,8,0,0,8,8,8188,1,0,0,1,0
2020-05-14,US,Georgia,Unassigned,1363,0,0,0.0,0.0,90013.0,1363,1284,0,0,1284,1135,,79,0,0,79,149
2020-05-14,US,Georgia,Union,36,1,0,34.82995757,-83.98967069,13291.0,35,36,1,0,35,36,24001,0,0,0,0,0
2020-05-14,US,Georgia,Upson,255,27,0,32.87920671,-84.30024826,13293.0,228,255,25,0,230,254,26215,0,2,0,-2,1
2020-05-14,US,Georgia,Walker,74,0,0,34.73376362,-85.30165174,13295.0,74,73,0,0,73,68,69410,1,0,0,1,5
2020-05-14,US,Georgia,Walton,158,7,0,33.78017694,-83.73552314,13297.0,151,159,7,0,152,152,93503,-1,0,0,-1,7
2020-05-14,US,Georgia,Ware,169,12,0,31.05449097,-82.42224148,13299.0,157,166,12,0,154,167,35680,3,0,0,3,-1
2020-05-14,US,Georgia,Warren,16,0,0,33.41146451,-82.67795848,13301.0,16,16,0,0,16,16,5251,0,0,0,0,0
2020-05-14,US,Georgia,Washington,63,1,0,32.96711864,-82.79357039,13303.0,62,62,1,0,61,63,20386,1,0,0,1,-1
2020-05-14,US,Georgia,Wayne,14,0,0,31.5521809,-81.91894878,13305.0,14,14,0,0,14,13,29808,0,0,0,0,1
2020-05-14,US,Georgia,Webster,11,1,0,32.04066113,-84.54742852,13307.0,10,11,2,0,9,11,2611,0,-1,0,1,0
2020-05-14,US,Georgia,Wheeler,9,0,0,32.12009104,-82.72574721,13309.0,9,6,0,0,6,6,7879,3,0,0,3,0
2020-05-14,US,Georgia,White,88,2,0,34.64624278,-83.74905525,13311.0,86,88,1,0,87,88,29970,0,1,0,-1,0
2020-05-14,US,Georgia,Whitfield,175,6,0,34.80987459,-84.96093476,13313.0,169,173,6,0,167,171,104062,2,0,0,2,2
2020-05-14,US,Georgia,Wilcox,98,12,0,31.97496928,-83.43438555,13315.0,86,99,12,0,87,95,8812,-1,0,0,-1,4
2020-05-14,US,Georgia,Wilkes,28,1,0,33.78290391,-82.74286107,13317.0,27,27,1,0,26,27,9876,1,0,0,1,0
2020-05-14,US,Georgia,Wilkinson,40,3,0,32.80291082,-83.17140684,13319.0,37,40,3,0,37,40,9036,0,0,0,0,0
2020-05-14,US,Georgia,Worth,191,17,0,31.55162306,-83.85090513,13321.0,174,191,18,0,173,188,20299,0,-1,0,1,3
2020-05-14,US,Hawaii,Hawaii,75,0,0,19.60121157,-155.5210167,15001.0,75,75,0,0,75,75,200983,0,0,0,0,0
2020-05-14,US,Hawaii,Honolulu,414,11,0,21.45803166,-157.97121819999995,15003.0,403,414,11,0,403,411,980080,0,0,0,0,3
2020-05-14,US,Hawaii,Kauai,21,0,0,22.03935037,-159.5966786,15007.0,21,21,0,0,21,21,72133,0,0,0,0,0
2020-05-14,US,Hawaii,Maui,117,6,0,20.86399628,-156.56890969999995,15009.0,111,117,6,0,111,117,167207,0,0,0,0,0
2020-05-14,US,Hawaii,Out of HI,10,0,0,0.0,0.0,80015.0,10,11,0,0,11,11,,-1,0,0,-1,0
2020-05-14,US,Idaho,Ada,759,22,0,43.4526575,-116.24155159999998,16001.0,737,744,21,0,723,744,469966,15,1,0,14,0
2020-05-14,US,Idaho,Adams,3,0,0,44.89333571,-116.4545247,16003.0,3,3,0,0,3,3,4250,0,0,0,0,0
2020-05-14,US,Idaho,Bannock,13,0,0,42.67002716,-112.2233311,16005.0,13,13,0,0,13,13,87138,0,0,0,0,0
2020-05-14,US,Idaho,Bingham,6,0,0,43.21672879999999,-112.3978437,16011.0,6,4,0,0,4,4,46236,2,0,0,2,0
2020-05-14,US,Idaho,Blaine,507,5,0,43.4085812,-113.9752658,16013.0,502,506,5,0,501,506,22601,1,0,0,1,0
2020-05-14,US,Idaho,Bonner,4,0,0,48.29996017,-116.6017932,16017.0,4,4,0,0,4,4,44727,0,0,0,0,0
2020-05-14,US,Idaho,Bonneville,30,0,0,43.38713372,-111.6161537,16019.0,30,30,0,0,30,30,116854,0,0,0,0,0
2020-05-14,US,Idaho,Camas,1,0,0,43.46665742,-114.8065892,16025.0,1,1,0,0,1,1,1127,0,0,0,0,0
2020-05-14,US,Idaho,Canyon,276,6,0,43.61970148,-116.70954990000001,16027.0,270,274,6,0,268,274,223499,2,0,0,2,0
2020-05-14,US,Idaho,Caribou,1,0,0,42.77149116,-111.5597683,16029.0,1,1,0,0,1,1,7060,0,0,0,0,0
2020-05-14,US,Idaho,Cassia,16,1,0,42.28347888,-113.6012409,16031.0,15,15,1,0,14,15,23864,1,0,0,1,0
2020-05-14,US,Idaho,Custer,2,0,0,44.24186819,-114.2855494,16037.0,2,2,0,0,2,2,4280,0,0,0,0,0
2020-05-14,US,Idaho,Elmore,31,2,0,43.3507101,-115.4701578,16039.0,29,31,2,0,29,31,27259,0,0,0,0,0
2020-05-14,US,Idaho,Fremont,3,0,0,44.22800938,-111.48099429999999,16043.0,3,3,0,0,3,3,13168,0,0,0,0,0
2020-05-14,US,Idaho,Gem,16,0,0,44.06482372,-116.398376,16045.0,16,16,0,0,16,16,17634,0,0,0,0,0
2020-05-14,US,Idaho,Gooding,22,0,0,42.96927962,-114.81083059999999,16047.0,22,20,0,0,20,20,15196,2,0,0,2,0
2020-05-14,US,Idaho,Idaho,3,0,0,45.84721541,-115.4634436,16049.0,3,3,0,0,3,3,16513,0,0,0,0,0
2020-05-14,US,Idaho,Jefferson,5,0,0,43.82078483,-112.3131749,16051.0,5,5,0,0,5,5,29439,0,0,0,0,0
2020-05-14,US,Idaho,Jerome,87,2,0,42.68891267,-114.2655033,16053.0,85,81,2,0,79,81,24015,6,0,0,6,0
2020-05-14,US,Idaho,Kootenai,64,0,0,47.67282258,-116.7020872,16055.0,64,64,0,0,64,64,161505,0,0,0,0,0
2020-05-14,US,Idaho,Latah,6,0,0,46.81587887,-116.71136979999999,16057.0,6,5,0,0,5,5,40134,1,0,0,1,0
2020-05-14,US,Idaho,Lemhi,1,0,0,44.9438088,-113.9309747,16059.0,1,1,0,0,1,1,7961,0,0,0,0,0
2020-05-14,US,Idaho,Lincoln,29,0,0,43.0012336,-114.1358773,16063.0,29,29,0,0,29,29,5360,0,0,0,0,0
2020-05-14,US,Idaho,Madison,18,0,0,43.78141028,-111.65384740000002,16065.0,18,18,0,0,18,18,39304,0,0,0,0,0
2020-05-14,US,Idaho,Minidoka,15,0,0,42.85518524,-113.6357257,16067.0,15,12,0,0,12,12,20825,3,0,0,3,0
2020-05-14,US,Idaho,Nez Perce,79,19,0,46.32638236,-116.75009750000001,16069.0,60,79,19,0,60,79,40408,0,0,0,0,0
2020-05-14,US,Idaho,Owyhee,8,0,0,42.58016894,-116.16938710000001,16073.0,8,8,0,0,8,8,11693,0,0,0,0,0
2020-05-14,US,Idaho,Payette,19,2,0,44.00545243,-116.7647695,16075.0,17,17,2,0,15,17,23551,2,0,0,2,0
2020-05-14,US,Idaho,Power,3,0,0,42.69254894,-112.83957420000002,16077.0,3,3,0,0,3,3,7768,0,0,0,0,0
2020-05-14,US,Idaho,Teton,11,0,0,43.75303583,-111.2056773,16081.0,11,11,0,0,11,11,11640,0,0,0,0,0
2020-05-14,US,Idaho,Twin Falls,298,13,0,42.35440512,-114.6685381,16083.0,285,280,11,0,269,280,86081,18,2,0,16,0
2020-05-14,US,Idaho,Valley,2,0,0,44.76728382,-115.5676773,16085.0,2,2,0,0,2,2,11041,0,0,0,0,0
2020-05-14,US,Idaho,Washington,13,0,0,44.45275475,-116.78476880000001,16087.0,13,8,0,0,8,8,10161,5,0,0,5,0
2020-05-14,US,Illinois,Adams,41,1,0,39.98815591,-91.18786813,17001.0,40,41,1,0,40,41,65691,0,0,0,0,0
2020-05-14,US,Illinois,Alexander,8,0,0,37.18049267,-89.32910838,17003.0,8,8,0,0,8,8,6060,0,0,0,0,0
2020-05-14,US,Illinois,Bond,10,1,0,38.88829622,-89.43534887,17005.0,9,10,1,0,9,9,16630,0,0,0,0,1
2020-05-14,US,Illinois,Boone,268,13,0,42.32359279,-88.82345779,17007.0,255,253,13,0,240,244,53577,15,0,0,15,9
2020-05-14,US,Illinois,Brown,9,0,0,39.96209138,-90.75068024,17009.0,9,9,0,0,9,9,6556,0,0,0,0,0
2020-05-14,US,Illinois,Bureau,15,1,0,41.40385234,-89.5283051,17011.0,14,15,1,0,14,15,32993,0,0,0,0,0
2020-05-14,US,Illinois,Calhoun,1,0,0,39.16840183,-90.66330078,17013.0,1,1,0,0,1,1,4802,0,0,0,0,0
2020-05-14,US,Illinois,Carroll,12,2,0,42.06823429,-89.93395545,17015.0,10,12,2,0,10,12,14312,0,0,0,0,0
2020-05-14,US,Illinois,Cass,66,0,0,39.96991073,-90.24734436,17017.0,66,62,0,0,62,64,12260,4,0,0,4,-2
2020-05-14,US,Illinois,Champaign,324,6,0,40.13919438,-88.20046615,17019.0,318,318,6,0,312,303,209983,6,0,0,6,15
2020-05-14,US,Illinois,Christian,30,4,0,39.54581621,-89.27780482,17021.0,26,30,4,0,26,30,32661,0,0,0,0,0
2020-05-14,US,Illinois,Clark,9,0,0,39.33425789,-87.78705622,17023.0,9,8,0,0,8,8,15596,1,0,0,1,0
2020-05-14,US,Illinois,Clay,2,0,0,38.75388572,-88.48914513,17025.0,2,2,0,0,2,2,13253,0,0,0,0,0
2020-05-14,US,Illinois,Clinton,155,13,0,38.60704876,-89.42385254,17027.0,142,142,13,0,129,128,37639,13,0,0,13,14
2020-05-14,US,Illinois,Coles,62,4,0,39.51949084,-88.22358557,17029.0,58,62,2,0,60,58,50885,0,2,0,-2,4
2020-05-14,US,Illinois,Cook,58457,2675,0,41.84144849,-87.81658794,17031.0,55782,56406,2589,0,53817,55470,5180493,2051,86,0,1965,936
2020-05-14,US,Illinois,Crawford,11,0,0,39.0032229,-87.75954624,17033.0,11,11,0,0,11,11,18807,0,0,0,0,0
2020-05-14,US,Illinois,Cumberland,8,0,0,39.27432424,-88.2401158,17035.0,8,7,0,0,7,6,10808,1,0,0,1,1
2020-05-14,US,Illinois,De Witt,4,0,0,40.17514519,-88.90959682,17039.0,4,3,0,0,3,3,15769,1,0,0,1,0
2020-05-14,US,Illinois,DeKalb,217,2,0,41.89373302,-88.76958483,17037.0,215,211,2,0,209,203,104143,6,0,0,6,8
2020-05-14,US,Illinois,Douglas,22,0,0,39.76768052,-88.21854195,17041.0,22,22,0,0,22,20,19479,0,0,0,0,2
2020-05-14,US,Illinois,DuPage,5453,279,0,41.85116968,-88.08642662,17043.0,5174,5244,271,0,4973,5121,928589,209,8,0,201,123
2020-05-14,US,Illinois,Edwards,2,0,0,38.41353228,-88.05720863,17047.0,2,2,0,0,2,,6392,0,0,0,0,
2020-05-14,US,Illinois,Effingham,6,1,0,39.05935711,-88.58969584,17049.0,5,6,1,0,5,6,34208,0,0,0,0,0
2020-05-14,US,Illinois,Fayette,17,2,0,39.00072038,-89.02452658,17051.0,15,17,2,0,15,17,21416,0,0,0,0,0
2020-05-14,US,Illinois,Ford,15,1,0,40.59706922,-88.22350769,17053.0,14,14,1,0,13,14,13264,1,0,0,1,0
2020-05-14,US,Illinois,Franklin,11,0,0,37.99189086,-88.92567818,17055.0,11,12,0,0,12,10,38701,-1,0,0,-1,2
2020-05-14,US,Illinois,Fulton,6,0,0,40.47289135,-90.20862357,17057.0,6,4,0,0,4,3,34844,2,0,0,2,1
2020-05-14,US,Illinois,Gallatin,2,0,0,37.76430935,-88.22953869,17059.0,2,2,0,0,2,2,5058,0,0,0,0,0
2020-05-14,US,Illinois,Greene,4,0,0,39.35907414,-90.388865,17061.0,4,4,0,0,4,4,13044,0,0,0,0,0
2020-05-14,US,Illinois,Grundy,65,1,0,41.28569601,-88.41905692,17063.0,64,62,1,0,61,61,50972,3,0,0,3,1
2020-05-14,US,Illinois,Hamilton,2,0,0,38.08163641,-88.53883373,17065.0,2,2,0,0,2,2,8163,0,0,0,0,0
2020-05-14,US,Illinois,Hancock,12,0,0,40.40423981,-91.16313899,17067.0,12,12,0,0,12,12,17844,0,0,0,0,0
2020-05-14,US,Illinois,Hardin,1,0,0,37.51810645,-88.26873022,17069.0,1,1,0,0,1,1,3910,0,0,0,0,0
2020-05-14,US,Illinois,Henderson,7,0,0,40.81908672,-90.92491462,17071.0,7,7,0,0,7,7,6709,0,0,0,0,0
2020-05-14,US,Illinois,Henry,62,0,0,41.3533994,-90.13296166,17073.0,62,61,0,0,61,60,49090,1,0,0,1,1
2020-05-14,US,Illinois,Iroquois,107,3,0,40.74717633,-87.82466784,17075.0,104,101,3,0,98,99,27604,6,0,0,6,2
2020-05-14,US,Illinois,Jackson,175,10,0,37.78595185,-89.38232563,17077.0,165,171,10,0,161,167,57419,4,0,0,4,4
2020-05-14,US,Illinois,Jasper,45,7,0,39.01054275,-88.15437049,17079.0,38,45,7,0,38,46,9611,0,0,0,0,-1
2020-05-14,US,Illinois,Jefferson,98,17,0,38.29980057,-88.9240025,17081.0,81,97,16,0,81,95,37820,1,1,0,0,2
2020-05-14,US,Illinois,Jersey,18,1,0,39.08869046,-90.35393073,17083.0,17,17,1,0,16,17,21847,1,0,0,1,0
2020-05-14,US,Illinois,Jo Daviess,18,0,0,42.36542373,-90.21094405,17085.0,18,19,1,0,18,18,21366,-1,-1,0,0,1
2020-05-14,US,Illinois,Johnson,6,0,0,37.45939802,-88.88165419,17087.0,6,6,0,0,6,4,12456,0,0,0,0,2
2020-05-14,US,Illinois,Kane,3995,104,0,41.93842729,-88.42861412,17089.0,3891,3744,98,0,3646,3592,534216,251,6,0,245,152
2020-05-14,US,Illinois,Kankakee,623,31,0,41.13746989,-87.86205334,17091.0,592,607,31,0,576,583,110024,16,0,0,16,24
2020-05-14,US,Illinois,Kendall,518,17,0,41.59081014,-88.42869583,17093.0,501,496,15,0,481,477,127915,22,2,0,20,19
2020-05-14,US,Illinois,Knox,79,0,0,40.93148779,-90.21330340000002,17095.0,79,79,0,0,79,77,50112,0,0,0,0,2
2020-05-14,US,Illinois,LaSalle,113,5,0,41.34426129999999,-88.88633881,17099.0,108,111,5,0,106,106,109430,2,0,0,2,5
2020-05-14,US,Illinois,Lake,5992,202,0,42.3224907,-88.00367925,17097.0,5790,5758,194,0,5564,5662,700832,234,8,0,226,96
2020-05-14,US,Illinois,Lawrence,4,0,0,38.71987914,-87.72884035,17101.0,4,4,0,0,4,3,15765,0,0,0,0,1
2020-05-14,US,Illinois,Lee,70,1,0,41.74583951,-89.29977132,17103.0,69,70,0,0,70,69,34223,0,1,0,-1,1
2020-05-14,US,Illinois,Livingston,25,1,0,40.89188292,-88.55784752,17105.0,24,25,1,0,24,25,35761,0,0,0,0,0
2020-05-14,US,Illinois,Logan,10,0,0,40.12581572,-89.36638784,17107.0,10,11,0,0,11,9,28925,-1,0,0,-1,2
2020-05-14,US,Illinois,Macon,154,16,0,39.86064913,-88.96342505,17115.0,138,151,16,0,135,149,104712,3,0,0,3,2
2020-05-14,US,Illinois,Macoupin,41,1,0,39.26119767,-89.92424028,17117.0,40,39,1,0,38,39,45313,2,0,0,2,0
2020-05-14,US,Illinois,Madison,461,35,0,38.83042506,-89.90422563,17119.0,426,449,35,0,414,445,264461,12,0,0,12,4
2020-05-14,US,Illinois,Marion,47,0,0,38.64963204,-88.91899208,17121.0,47,47,0,0,47,47,37620,0,0,0,0,0
2020-05-14,US,Illinois,Marshall,4,0,0,41.0327901,-89.34510444,17123.0,4,4,0,0,4,4,11534,0,0,0,0,0
2020-05-14,US,Illinois,Mason,16,0,0,40.23917274,-89.91824452,17125.0,16,15,0,0,15,15,13565,1,0,0,1,0
2020-05-14,US,Illinois,Massac,6,0,0,37.22078441,-88.71036614,17127.0,6,6,0,0,6,6,14080,0,0,0,0,0
2020-05-14,US,Illinois,McDonough,58,2,0,40.45674722,-90.67775541,17109.0,56,54,2,0,52,52,29955,4,0,0,4,2
2020-05-14,US,Illinois,McHenry,1083,57,0,42.32451172,-88.45248227,17111.0,1026,1049,56,0,993,1026,308570,34,1,0,33,23
2020-05-14,US,Illinois,McLean,130,3,0,40.48996987,-88.84621113,17113.0,127,127,3,0,124,126,172828,3,0,0,3,1
2020-05-14,US,Illinois,Menard,17,0,0,40.02742725,-89.80246001,17129.0,17,17,0,0,17,17,12288,0,0,0,0,0
2020-05-14,US,Illinois,Mercer,13,0,0,41.20596782,-90.74290052,17131.0,13,12,0,0,12,12,15601,1,0,0,1,0
2020-05-14,US,Illinois,Monroe,82,11,0,38.27594376,-90.17761038,17133.0,71,81,11,0,70,81,34335,1,0,0,1,0
2020-05-14,US,Illinois,Montgomery,36,1,0,39.23198845,-89.47809254,17135.0,35,34,1,0,33,34,28601,2,0,0,2,0
2020-05-14,US,Illinois,Morgan,34,1,0,39.71654544,-90.20255104,17137.0,33,33,1,0,32,32,33976,1,0,0,1,1
2020-05-14,US,Illinois,Moultrie,6,0,0,39.64187451,-88.62099969,17139.0,6,6,0,0,6,6,14717,0,0,0,0,0
2020-05-14,US,Illinois,Ogle,163,2,0,42.04165196,-89.32184679,17141.0,161,160,2,0,158,160,50923,3,0,0,3,0
2020-05-14,US,Illinois,Out of IL,86,2,0,0.0,0.0,80017.0,84,82,1,0,81,86,,4,1,0,3,-4
2020-05-14,US,Illinois,Peoria,151,6,0,40.78702156,-89.76078901,17143.0,145,148,6,0,142,143,180621,3,0,0,3,5
2020-05-14,US,Illinois,Perry,38,0,0,38.08510853,-89.36856219,17145.0,38,38,0,0,38,38,21174,0,0,0,0,0
2020-05-14,US,Illinois,Piatt,8,0,0,40.01360584,-88.59319339,17147.0,8,8,0,0,8,8,16396,0,0,0,0,0
2020-05-14,US,Illinois,Pike,1,0,0,39.62265059,-90.8877017,17149.0,1,1,0,0,1,1,15611,0,0,0,0,0
2020-05-14,US,Illinois,Pope,1,0,0,37.41391284,-88.56152109,17151.0,1,1,0,0,1,1,4212,0,0,0,0,0
2020-05-14,US,Illinois,Pulaski,33,0,0,37.22631423,-89.13085001,17153.0,33,31,0,0,31,27,5463,2,0,0,2,4
2020-05-14,US,Illinois,Randolph,233,3,0,38.05095369,-89.82512254,17157.0,230,227,3,0,224,222,32106,6,0,0,6,5
2020-05-14,US,Illinois,Richland,3,0,0,38.71240969,-88.08475366,17159.0,3,3,0,0,3,3,15763,0,0,0,0,0
2020-05-14,US,Illinois,Rock Island,543,17,0,41.46613806,-90.57042164,17161.0,526,538,17,0,521,530,143477,5,0,0,5,8
2020-05-14,US,Illinois,Saline,6,0,0,37.75332999,-88.54119706,17165.0,6,5,0,0,5,5,23906,1,0,0,1,0
2020-05-14,US,Illinois,Sangamon,289,24,0,39.75836914,-89.65872023,17167.0,265,279,23,0,256,276,195348,10,1,0,9,3
2020-05-14,US,Illinois,Schuyler,7,0,0,40.157179799999994,-90.61114163,17169.0,7,7,0,0,7,7,6907,0,0,0,0,0
2020-05-14,US,Illinois,Shelby,11,1,0,39.39133527,-88.80611122,17173.0,10,10,1,0,9,10,21741,1,0,0,1,0
2020-05-14,US,Illinois,St. Clair,759,61,0,38.46996033,-89.93063427,17163.0,698,737,59,0,678,727,261059,22,2,0,20,10
2020-05-14,US,Illinois,Stark,1,0,0,41.09309773,-89.79745866,17175.0,1,1,0,0,1,1,5427,0,0,0,0,0
2020-05-14,US,Illinois,Stephenson,119,0,0,42.35129217,-89.662598,17177.0,119,118,0,0,118,110,44753,1,0,0,1,8
2020-05-14,US,Illinois,Tazewell,58,3,0,40.50716185,-89.51404662,17179.0,55,59,3,0,56,58,132328,-1,0,0,-1,1
2020-05-14,US,Illinois,Unassigned,65,1,0,0.0,0.0,90017.0,64,46,1,0,45,61,,19,0,0,19,-15
2020-05-14,US,Illinois,Union,113,1,0,37.47119609,-89.25548938,17181.0,112,105,1,0,104,63,16841,8,0,0,8,42
2020-05-14,US,Illinois,Vermilion,29,1,0,40.18417171,-87.73384359,17183.0,28,29,1,0,28,26,76806,0,0,0,0,3
2020-05-14,US,Illinois,Wabash,1,0,0,38.44272901,-87.84922065,17185.0,1,1,0,0,1,1,11549,0,0,0,0,0
2020-05-14,US,Illinois,Warren,105,0,0,40.84925021,-90.6147432,17187.0,105,105,0,0,105,106,17032,0,0,0,0,-1
2020-05-14,US,Illinois,Washington,17,0,0,38.35309213,-89.40982703,17189.0,17,17,0,0,17,17,13995,0,0,0,0,0
2020-05-14,US,Illinois,Wayne,11,1,0,38.42955355,-88.42586459,17191.0,10,10,0,0,10,3,16332,1,1,0,0,7
2020-05-14,US,Illinois,White,2,0,0,38.08706198,-88.17657461,17193.0,2,2,0,0,2,2,13665,0,0,0,0,0
2020-05-14,US,Illinois,Whiteside,111,8,0,41.75509713,-89.91556058,17195.0,103,110,8,0,102,110,55626,1,0,0,1,0
2020-05-14,US,Illinois,Will,4090,231,0,41.44619267,-87.97862712,17197.0,3859,3973,214,0,3759,3896,692310,117,17,0,100,77
2020-05-14,US,Illinois,Williamson,52,1,0,37.73033511,-88.92994027,17199.0,51,52,1,0,51,44,67056,0,0,0,0,8
2020-05-14,US,Illinois,Winnebago,1337,32,0,42.33641854,-89.16085327,17201.0,1305,1208,32,0,1176,1159,284081,129,0,0,129,49
2020-05-14,US,Illinois,Woodford,14,1,0,40.78579374,-89.20973757,17203.0,13,15,1,0,14,15,38463,-1,0,0,-1,0
2020-05-14,US,Indiana,Adams,9,1,0,40.7457653,-84.93671406,18001.0,8,8,1,0,7,8,35636,1,0,0,1,0
2020-05-14,US,Indiana,Allen,898,61,0,41.09194313,-85.06800636,18003.0,837,877,60,0,817,867,375351,21,1,0,20,10
2020-05-14,US,Indiana,Bartholomew,383,29,0,39.20744865,-85.89558181,18005.0,354,370,27,0,343,367,82753,13,2,0,11,3
2020-05-14,US,Indiana,Benton,17,0,0,40.60626947,-87.31093999,18007.0,17,17,0,0,17,16,8653,0,0,0,0,1
2020-05-14,US,Indiana,Blackford,14,1,0,40.47388153,-85.32499702,18009.0,13,14,1,0,13,14,11930,0,0,0,0,0
2020-05-14,US,Indiana,Boone,249,31,0,40.0509304,-86.46841646,18011.0,218,235,31,0,204,235,66999,14,0,0,14,0
2020-05-14,US,Indiana,Brown,29,1,0,39.19605589,-86.22868909,18013.0,28,28,1,0,27,28,15234,1,0,0,1,0
2020-05-14,US,Indiana,Carroll,75,2,0,40.580783200000006,-86.56198812,18015.0,73,73,2,0,71,71,20127,2,0,0,2,2
2020-05-14,US,Indiana,Cass,1546,4,0,40.76135835,-86.34830753,18017.0,1542,1544,4,0,1540,1542,37955,2,0,0,2,2
2020-05-14,US,Indiana,Clark,395,27,0,38.48015445,-85.70510334,18019.0,368,394,27,0,367,389,117360,1,0,0,1,5
2020-05-14,US,Indiana,Clay,26,1,0,39.39561833,-87.11723506,18021.0,25,24,1,0,23,24,26170,2,0,0,2,0
2020-05-14,US,Indiana,Clinton,116,1,0,40.30319754,-86.47277257,18023.0,115,111,1,0,110,100,32250,5,0,0,5,11
2020-05-14,US,Indiana,Crawford,21,0,0,38.28814402,-86.44518825,18025.0,21,21,0,0,21,20,10558,0,0,0,0,1
2020-05-14,US,Indiana,Daviess,57,15,0,38.70186039,-87.07185406,18027.0,42,56,15,0,41,55,33147,1,0,0,1,1
2020-05-14,US,Indiana,DeKalb,25,1,0,41.39804622,-84.99906934,18033.0,24,24,1,0,23,24,43226,1,0,0,1,0
2020-05-14,US,Indiana,Dearborn,154,17,0,39.14647946,-84.97333539,18029.0,137,154,17,0,137,154,49568,0,0,0,0,0
2020-05-14,US,Indiana,Decatur,216,31,0,39.30712658,-85.50087166,18031.0,185,215,30,0,185,215,26794,1,1,0,0,0
2020-05-14,US,Indiana,Delaware,235,19,0,40.22787247,-85.39732772,18035.0,216,230,19,0,211,228,114772,5,0,0,5,2
2020-05-14,US,Indiana,Dubois,69,2,0,38.36597551,-86.87924170000002,18037.0,67,66,2,0,64,59,42565,3,0,0,3,7
2020-05-14,US,Indiana,Elkhart,589,22,0,41.59761169,-85.85875695,18039.0,567,549,21,0,528,525,205560,40,1,0,39,24
2020-05-14,US,Indiana,Fayette,40,4,0,39.63684962,-85.17797541,18041.0,36,39,4,0,35,39,23047,1,0,0,1,0
2020-05-14,US,Indiana,Floyd,250,32,0,38.32117957,-85.90385377,18043.0,218,246,31,0,215,238,77781,4,1,0,3,8
2020-05-14,US,Indiana,Fountain,16,2,0,40.12361933,-87.24217689,18045.0,14,16,2,0,14,16,16351,0,0,0,0,0
2020-05-14,US,Indiana,Franklin,107,7,0,39.4142482,-85.06062647,18047.0,100,106,7,0,99,106,22736,1,0,0,1,0
2020-05-14,US,Indiana,Fulton,39,1,0,41.0469907,-86.26252745,18049.0,38,37,1,0,36,37,20092,2,0,0,2,0
2020-05-14,US,Indiana,Gibson,8,0,0,38.30393723,-87.58054938,18051.0,8,8,0,0,8,8,33452,0,0,0,0,0
2020-05-14,US,Indiana,Grant,155,17,0,40.51587228,-85.65468702,18053.0,138,153,17,0,136,153,65936,2,0,0,2,0
2020-05-14,US,Indiana,Greene,153,17,0,39.03630547,-86.96223202,18055.0,136,151,17,0,134,151,32006,2,0,0,2,0
2020-05-14,US,Indiana,Hamilton,968,84,0,40.07306535,-86.05244729,18057.0,884,960,84,0,876,956,330086,8,0,0,8,4
2020-05-14,US,Indiana,Hancock,278,20,0,39.82304555,-85.77566351,18059.0,258,276,20,0,256,270,76351,2,0,0,2,6
2020-05-14,US,Indiana,Harrison,166,14,0,38.19467379,-86.10948271,18061.0,152,165,13,0,152,162,40350,1,1,0,0,3
2020-05-14,US,Indiana,Hendricks,997,57,0,39.76719009,-86.51037283,18063.0,940,989,56,0,933,984,167009,8,1,0,7,5
2020-05-14,US,Indiana,Henry,100,2,0,39.93029017,-85.39625719,18065.0,98,97,2,0,95,92,48271,3,0,0,3,5
2020-05-14,US,Indiana,Howard,258,10,0,40.48527731,-86.11351892,18067.0,248,258,9,0,249,260,82366,0,1,0,-1,-2
2020-05-14,US,Indiana,Huntington,18,2,0,40.82907273,-85.48822092,18069.0,16,17,2,0,15,17,36240,1,0,0,1,0
2020-05-14,US,Indiana,Jackson,304,1,0,38.90915820000001,-86.03851889,18071.0,303,299,1,0,298,285,44111,5,0,0,5,14
2020-05-14,US,Indiana,Jasper,40,1,0,41.02078733,-87.11553319,18073.0,39,40,1,0,39,39,33370,0,0,0,0,1
2020-05-14,US,Indiana,Jay,23,0,0,40.43781032,-85.00576229,18075.0,23,22,0,0,22,22,20764,1,0,0,1,0
2020-05-14,US,Indiana,Jefferson,35,1,0,38.78576239,-85.43633383,18077.0,34,35,0,0,35,35,32208,0,1,0,-1,0
2020-05-14,US,Indiana,Jennings,109,4,0,38.99588883,-85.62710784,18079.0,105,108,4,0,104,98,27611,1,0,0,1,10
2020-05-14,US,Indiana,Johnson,952,91,0,39.48994426,-86.10149107,18081.0,861,838,91,0,747,840,156225,114,0,0,114,-2
2020-05-14,US,Indiana,Knox,22,0,0,38.68861576,-87.4194665,18083.0,22,22,0,0,22,21,36895,0,0,0,0,1
2020-05-14,US,Indiana,Kosciusko,50,1,0,41.24521668,-85.86312322,18085.0,49,48,1,0,47,47,79344,2,0,0,2,1
2020-05-14,US,Indiana,LaGrange,46,2,0,41.64232188,-85.42674232,18087.0,44,41,2,0,39,41,39330,5,0,0,5,0
2020-05-14,US,Indiana,LaPorte,346,13,0,41.54366008,-86.74072188,18091.0,333,340,12,0,328,335,110007,6,1,0,5,5
2020-05-14,US,Indiana,Lake,2684,134,0,41.41874274,-87.38277575,18089.0,2550,2588,132,0,2456,2534,484411,96,2,0,94,54
2020-05-14,US,Indiana,Lawrence,124,16,0,38.84112637,-86.48361629,18093.0,108,124,16,0,108,122,45668,0,0,0,0,2
2020-05-14,US,Indiana,Madison,527,57,0,40.16143691,-85.71964711,18095.0,470,527,57,0,470,512,129641,0,0,0,0,15
2020-05-14,US,Indiana,Marion,7793,451,0,39.78163624,-86.13826325,18097.0,7342,7703,440,0,7263,7632,954670,90,11,0,79,71
2020-05-14,US,Indiana,Marshall,39,1,0,41.32467367,-86.26185087,18099.0,38,37,1,0,36,36,46248,2,0,0,2,1
2020-05-14,US,Indiana,Martin,7,0,0,38.7099921,-86.80373186,18101.0,7,7,0,0,7,7,10217,0,0,0,0,0
2020-05-14,US,Indiana,Miami,129,1,0,40.76940965,-86.04525048,18103.0,128,129,1,0,128,130,35567,0,0,0,0,-1
2020-05-14,US,Indiana,Monroe,146,10,0,39.16130004,-86.52414358,18105.0,136,145,10,0,135,145,146917,1,0,0,1,0
2020-05-14,US,Indiana,Montgomery,154,9,0,40.04034823,-86.89335024,18107.0,145,147,9,0,138,144,38346,7,0,0,7,3
2020-05-14,US,Indiana,Morgan,226,12,0,39.47899078,-86.44573375,18109.0,214,224,12,0,212,210,70116,2,0,0,2,14
2020-05-14,US,Indiana,Newton,68,9,0,40.95610449,-87.39635768,18111.0,59,68,9,0,59,67,14011,0,0,0,0,1
2020-05-14,US,Indiana,Noble,144,17,0,41.39672484,-85.41966713,18113.0,127,142,17,0,125,136,47532,2,0,0,2,6
2020-05-14,US,Indiana,Ohio,11,0,0,38.955304999999996,-84.96515993,18115.0,11,11,0,0,11,10,5844,0,0,0,0,1
2020-05-14,US,Indiana,Orange,119,19,0,38.54118920000001,-86.49523093,18117.0,100,118,18,0,100,118,19489,1,1,0,0,0
2020-05-14,US,Indiana,Owen,27,1,0,39.31145587,-86.83900724,18119.0,26,27,1,0,26,27,20845,0,0,0,0,0
2020-05-14,US,Indiana,Parke,16,0,0,39.77202286,-87.20375833,18121.0,16,16,0,0,16,16,16927,0,0,0,0,0
2020-05-14,US,Indiana,Perry,19,0,0,38.07809328,-86.63741946,18123.0,19,19,0,0,19,19,19102,0,0,0,0,0
2020-05-14,US,Indiana,Pike,3,0,0,38.40112197,-87.23574907,18125.0,3,3,0,0,3,3,12410,0,0,0,0,0
2020-05-14,US,Indiana,Porter,372,9,0,41.45986947,-87.06848888,18127.0,363,363,9,0,354,353,169594,9,0,0,9,10
2020-05-14,US,Indiana,Posey,16,0,0,38.02097333,-87.86480429,18129.0,16,16,0,0,16,16,25540,0,0,0,0,0
2020-05-14,US,Indiana,Pulaski,34,0,0,41.04166107,-86.69890683,18131.0,34,34,0,0,34,34,12469,0,0,0,0,0
2020-05-14,US,Indiana,Putnam,94,5,0,39.66437981,-86.84517605,18133.0,89,92,5,0,87,91,37779,2,0,0,2,1
2020-05-14,US,Indiana,Randolph,27,3,0,40.15734772,-85.01139319,18135.0,24,26,3,0,23,24,24851,1,0,0,1,2
2020-05-14,US,Indiana,Ripley,105,6,0,39.10235626,-85.26212744,18137.0,99,105,6,0,99,104,28523,0,0,0,0,1
2020-05-14,US,Indiana,Rush,39,2,0,39.62002287,-85.4655599,18139.0,37,37,2,0,35,37,16663,2,0,0,2,0
2020-05-14,US,Indiana,Scott,90,2,0,38.68672078,-85.74627859,18143.0,88,89,2,0,87,85,23878,1,0,0,1,4
2020-05-14,US,Indiana,Shelby,275,18,0,39.52305623,-85.79158570000001,18145.0,257,273,18,0,255,272,44593,2,0,0,2,1
2020-05-14,US,Indiana,Spencer,7,1,0,38.01519732,-87.0079644,18147.0,6,7,1,0,6,7,20327,0,0,0,0,0
2020-05-14,US,Indiana,St. Joseph,897,28,0,41.61756781,-86.29040834,18141.0,869,857,28,0,829,847,270771,40,0,0,40,10
2020-05-14,US,Indiana,Starke,24,2,0,41.27890281,-86.64686895,18149.0,22,24,2,0,22,23,22935,0,0,0,0,1
2020-05-14,US,Indiana,Steuben,67,2,0,41.64423868,-85.00101094,18151.0,65,64,2,0,62,62,34586,3,0,0,3,2
2020-05-14,US,Indiana,Sullivan,24,0,0,39.08952258,-87.41414469,18153.0,24,22,0,0,22,20,20690,2,0,0,2,2
2020-05-14,US,Indiana,Switzerland,14,0,0,38.82767338,-85.03022429,18155.0,14,14,0,0,14,14,10717,0,0,0,0,0
2020-05-14,US,Indiana,Tippecanoe,268,2,0,40.38872739,-86.89413959,18157.0,266,261,2,0,259,248,193048,7,0,0,7,13
2020-05-14,US,Indiana,Tipton,21,1,0,40.31123252,-86.05234925,18159.0,20,21,1,0,20,21,15128,0,0,0,0,0
2020-05-14,US,Indiana,Unassigned,0,138,0,0.0,0.0,90018.0,-138,0,137,0,-137,0,,0,1,0,-1,0
2020-05-14,US,Indiana,Union,8,0,0,39.62550777,-84.92497066,18161.0,8,8,0,0,8,8,7037,0,0,0,0,0
2020-05-14,US,Indiana,Vanderburgh,195,2,0,38.02658833,-87.58763124,18163.0,193,194,2,0,192,195,180974,1,0,0,1,-1
2020-05-14,US,Indiana,Vermillion,7,0,0,39.8523352,-87.46160542,18165.0,7,7,0,0,7,7,15479,0,0,0,0,0
2020-05-14,US,Indiana,Vigo,98,6,0,39.42944561,-87.39169027,18167.0,92,86,6,0,80,86,107386,12,0,0,12,0
2020-05-14,US,Indiana,Wabash,68,2,0,40.84704239,-85.79328272,18169.0,66,67,2,0,65,67,31280,1,0,0,1,0
2020-05-14,US,Indiana,Warren,12,1,0,40.34728141,-87.35602659,18171.0,11,12,1,0,11,12,8263,0,0,0,0,0
2020-05-14,US,Indiana,Warrick,140,21,0,38.08922676,-87.2716085,18173.0,119,133,20,0,113,128,62567,7,1,0,6,5
2020-05-14,US,Indiana,Washington,50,1,0,38.60219804,-86.1049363,18175.0,49,49,1,0,48,48,27943,1,0,0,1,1
2020-05-14,US,Indiana,Wayne,58,5,0,39.863344399999995,-85.01044989,18177.0,53,56,5,0,51,57,65936,2,0,0,2,-1
2020-05-14,US,Indiana,Wells,13,0,0,40.72934187,-85.22132966,18179.0,13,12,0,0,12,12,28206,1,0,0,1,0
2020-05-14,US,Indiana,White,164,2,0,40.74911165,-86.86492015,18181.0,162,165,2,0,163,165,24133,-1,0,0,-1,0
2020-05-14,US,Indiana,Whitley,27,1,0,41.13863784,-85.50791236,18183.0,26,23,1,0,22,23,34074,4,0,0,4,0
2020-05-14,US,Iowa,Adair,4,0,0,41.33075609,-94.47105874,19001.0,4,4,0,0,4,3,7063,0,0,0,0,1
2020-05-14,US,Iowa,Allamakee,115,4,0,43.28383218,-91.37860922,19005.0,111,113,4,0,109,113,13832,2,0,0,2,0
2020-05-14,US,Iowa,Appanoose,7,3,0,40.74324454,-92.86865906,19007.0,4,7,3,0,4,7,12437,0,0,0,0,0
2020-05-14,US,Iowa,Audubon,11,1,0,41.6844628,-94.90581859,19009.0,10,10,1,0,9,10,5506,1,0,0,1,0
2020-05-14,US,Iowa,Benton,36,1,0,42.08011739,-92.06463573,19011.0,35,35,1,0,34,35,25642,1,0,0,1,0
2020-05-14,US,Iowa,Black Hawk,1533,29,0,42.4704581,-92.30524729,19013.0,1504,1528,28,0,1500,1521,132408,5,1,0,4,7
2020-05-14,US,Iowa,Boone,41,0,0,42.03657094,-93.9313999,19015.0,41,41,0,0,41,36,26346,0,0,0,0,5
2020-05-14,US,Iowa,Bremer,62,5,0,42.77461496,-92.31795937,19017.0,57,62,5,0,57,60,24947,0,0,0,0,2
2020-05-14,US,Iowa,Buchanan,24,0,0,42.4709188,-91.83510825,19019.0,24,24,0,0,24,23,21199,0,0,0,0,1
2020-05-14,US,Iowa,Buena Vista,74,0,0,42.73545875,-95.15100162,19021.0,74,45,0,0,45,41,19874,29,0,0,29,4
2020-05-14,US,Iowa,Butler,13,0,0,42.73172833,-92.79015971,19023.0,13,12,0,0,12,12,14539,1,0,0,1,0
2020-05-14,US,Iowa,Calhoun,1,0,0,42.38521079,-94.64046046,19025.0,1,1,0,0,1,1,9699,0,0,0,0,0
2020-05-14,US,Iowa,Carroll,8,0,0,42.03617207,-94.86032705,19027.0,8,7,0,0,7,6,20154,1,0,0,1,1
2020-05-14,US,Iowa,Cass,1,0,0,41.33149454,-94.92792482,19029.0,1,1,0,0,1,1,12930,0,0,0,0,0
2020-05-14,US,Iowa,Cedar,43,1,0,41.77233777,-91.13246684,19031.0,42,44,1,0,43,44,18627,-1,0,0,-1,0
2020-05-14,US,Iowa,Cerro Gordo,15,0,0,43.08177563,-93.2612239,19033.0,15,14,0,0,14,14,42647,1,0,0,1,0
2020-05-14,US,Iowa,Cherokee,6,0,0,42.73538914,-95.62389402,19035.0,6,6,0,0,6,6,11321,0,0,0,0,0
2020-05-14,US,Iowa,Chickasaw,7,0,0,43.06001295,-92.31773347,19037.0,7,7,0,0,7,7,11964,0,0,0,0,0
2020-05-14,US,Iowa,Clarke,11,0,0,41.02868181,-93.78499767,19039.0,11,9,0,0,9,8,9423,2,0,0,2,1
2020-05-14,US,Iowa,Clay,9,0,0,43.08247182,-95.15096481,19041.0,9,9,0,0,9,9,16134,0,0,0,0,0
2020-05-14,US,Iowa,Clayton,28,3,0,42.84443388,-91.34133693,19043.0,25,28,3,0,25,28,17556,0,0,0,0,0
2020-05-14,US,Iowa,Clinton,60,1,0,41.89981633,-90.53275096,19045.0,59,58,1,0,57,58,46518,2,0,0,2,0
2020-05-14,US,Iowa,Crawford,300,1,0,42.03718237,-95.3819718,19047.0,299,207,1,0,206,197,17158,93,0,0,93,10
2020-05-14,US,Iowa,Dallas,755,9,0,41.68560356,-94.04127625,19049.0,746,741,8,0,733,712,90180,14,1,0,13,29
2020-05-14,US,Iowa,Davis,13,0,0,40.74773536,-92.41005468,19051.0,13,12,0,0,12,11,9017,1,0,0,1,1
2020-05-14,US,Iowa,Delaware,11,0,0,42.47104597,-91.3664492,19055.0,11,10,0,0,10,10,17069,1,0,0,1,0
2020-05-14,US,Iowa,Des Moines,46,1,0,40.92012606,-91.18326592,19057.0,45,44,1,0,43,43,39138,2,0,0,2,1
2020-05-14,US,Iowa,Dickinson,6,0,0,43.37787725,-95.1510206,19059.0,6,6,0,0,6,6,17153,0,0,0,0,0
2020-05-14,US,Iowa,Dubuque,238,10,0,42.46815349,-90.88181925,19061.0,228,235,9,0,226,203,96854,3,1,0,2,32
2020-05-14,US,Iowa,Emmet,1,0,0,43.37782951,-94.67858943,19063.0,1,1,0,0,1,,9253,0,0,0,0,
2020-05-14,US,Iowa,Fayette,24,0,0,42.86271799,-91.84412309999999,19065.0,24,24,0,0,24,24,19660,0,0,0,0,0
2020-05-14,US,Iowa,Floyd,9,1,0,43.06000529999999,-92.78940097,19067.0,8,9,1,0,8,6,15761,0,0,0,0,3
2020-05-14,US,Iowa,Franklin,7,0,0,42.73270384,-93.26256925,19069.0,7,7,0,0,7,7,10124,0,0,0,0,0
2020-05-14,US,Iowa,Fremont,3,0,0,40.74542720000001,-95.60129045,19071.0,3,3,0,0,3,3,6993,0,0,0,0,0
2020-05-14,US,Iowa,Greene,14,0,0,42.03614551,-94.39658081,19073.0,14,13,0,0,13,13,8981,1,0,0,1,0
2020-05-14,US,Iowa,Grundy,18,0,0,42.40183723,-92.78829551,19075.0,18,16,0,0,16,16,12304,2,0,0,2,0
2020-05-14,US,Iowa,Guthrie,36,2,0,41.68378965,-94.50111014,19077.0,34,36,2,0,34,35,10720,0,0,0,0,1
2020-05-14,US,Iowa,Hamilton,11,0,0,42.38382428,-93.70197703,19079.0,11,11,0,0,11,11,14952,0,0,0,0,0
2020-05-14,US,Iowa,Hancock,3,0,0,43.08178477,-93.73454884,19081.0,3,3,0,0,3,3,10712,0,0,0,0,0
2020-05-14,US,Iowa,Hardin,11,0,0,42.38353877,-93.23654611,19083.0,11,12,0,0,12,12,16868,-1,0,0,-1,0
2020-05-14,US,Iowa,Harrison,17,0,0,41.68330137,-95.81558439,19085.0,17,17,0,0,17,17,14134,0,0,0,0,0
2020-05-14,US,Iowa,Henry,43,1,0,40.98767962,-91.54436349,19087.0,42,43,1,0,42,43,20067,0,0,0,0,0
2020-05-14,US,Iowa,Howard,12,0,0,43.35671042,-92.31702714,19089.0,12,12,0,0,12,12,9187,0,0,0,0,0
2020-05-14,US,Iowa,Humboldt,7,0,0,42.7764426,-94.20722537,19091.0,7,7,0,0,7,7,9547,0,0,0,0,0
2020-05-14,US,Iowa,Ida,2,0,0,42.38696136,-95.51355387,19093.0,2,2,0,0,2,1,6841,0,0,0,0,1
2020-05-14,US,Iowa,Iowa,28,0,0,41.68630265,-92.0643373,19095.0,28,26,0,0,26,26,16141,2,0,0,2,0
2020-05-14,US,Iowa,Jackson,7,0,0,42.17178824,-90.57354837,19097.0,7,7,0,0,7,7,19432,0,0,0,0,0
2020-05-14,US,Iowa,Jasper,240,11,0,41.68576082,-93.05567785,19099.0,229,239,10,0,229,239,37147,1,1,0,0,0
2020-05-14,US,Iowa,Jefferson,9,0,0,41.03192394,-91.94849466,19101.0,9,9,0,0,9,8,18381,0,0,0,0,1
2020-05-14,US,Iowa,Johnson,562,7,0,41.67169354,-91.58754744,19103.0,555,558,7,0,551,559,151260,4,0,0,4,-1
2020-05-14,US,Iowa,Jones,35,0,0,42.12118609,-91.13139641,19105.0,35,34,0,0,34,34,20744,1,0,0,1,0
2020-05-14,US,Iowa,Keokuk,9,0,0,41.33649833,-92.1785067,19107.0,9,9,0,0,9,9,10225,0,0,0,0,0
2020-05-14,US,Iowa,Kossuth,2,0,0,43.20405458,-94.20691791,19109.0,2,2,0,0,2,2,14908,0,0,0,0,0
2020-05-14,US,Iowa,Lee,18,0,0,40.64181461,-91.48183025,19111.0,18,18,0,0,18,18,34055,0,0,0,0,0
2020-05-14,US,Iowa,Linn,871,65,0,42.07923082,-91.59809485,19113.0,806,858,63,0,795,849,225909,13,2,0,11,9
2020-05-14,US,Iowa,Louisa,291,3,0,41.21842119,-91.26102611,19115.0,288,289,3,0,286,287,11169,2,0,0,2,2
2020-05-14,US,Iowa,Lyon,16,0,0,43.38107862,-96.20926845,19119.0,16,16,0,0,16,16,11811,0,0,0,0,0
2020-05-14,US,Iowa,Madison,13,1,0,41.33081904,-94.01554631,19121.0,12,13,1,0,12,12,16249,0,0,0,0,1
2020-05-14,US,Iowa,Mahaska,21,1,0,41.33521503,-92.64083907,19123.0,20,21,1,0,20,21,22000,0,0,0,0,0
2020-05-14,US,Iowa,Marion,17,0,0,41.33445101,-93.09934783,19125.0,17,17,0,0,17,16,33407,0,0,0,0,1
2020-05-14,US,Iowa,Marshall,759,5,0,42.03586837,-92.99908190000001,19127.0,754,748,3,0,745,738,39981,11,2,0,9,10
2020-05-14,US,Iowa,Mills,9,0,0,41.03299766,-95.61920963,19129.0,9,9,0,0,9,9,15063,0,0,0,0,0
2020-05-14,US,Iowa,Mitchell,3,0,0,43.35638371,-92.78887719,19131.0,3,3,0,0,3,3,10569,0,0,0,0,0
2020-05-14,US,Iowa,Monona,14,0,0,42.05220391,-95.95743843,19133.0,14,13,0,0,13,13,8679,1,0,0,1,0
2020-05-14,US,Iowa,Monroe,18,0,0,41.02988815,-92.8690667,19135.0,18,18,0,0,18,7,7790,0,0,0,0,11
2020-05-14,US,Iowa,Montgomery,5,0,0,41.03018714,-95.15642896,19137.0,5,5,0,0,5,5,10003,0,0,0,0,0
2020-05-14,US,Iowa,Muscatine,515,28,0,41.48370744,-91.11216970000001,19139.0,487,513,27,0,486,502,42929,2,1,0,1,11
2020-05-14,US,Iowa,O'Brien,21,0,0,43.08310673,-95.62474482,19141.0,21,19,0,0,19,18,13840,2,0,0,2,1
2020-05-14,US,Iowa,Osceola,25,0,0,43.37824276,-95.62422844,19143.0,25,23,0,0,23,23,6040,2,0,0,2,0
2020-05-14,US,Iowa,Page,10,0,0,40.7393172,-95.1497813,19145.0,10,10,0,0,10,10,15249,0,0,0,0,0
2020-05-14,US,Iowa,Palo Alto,1,0,0,43.08193849,-94.67824621,19147.0,1,1,0,0,1,1,8929,0,0,0,0,0
2020-05-14,US,Iowa,Plymouth,74,0,0,42.737633,-96.21366621,19149.0,74,71,0,0,71,67,25095,3,0,0,3,4
2020-05-14,US,Iowa,Pocahontas,3,0,0,42.73420133,-94.67862564,19151.0,3,3,0,0,3,3,6740,0,0,0,0,0
2020-05-14,US,Iowa,Polk,2634,67,0,41.68679484,-93.57767461,19153.0,2567,2551,65,0,2486,2447,487204,83,2,0,81,104
2020-05-14,US,Iowa,Pottawattamie,138,2,0,41.33640314,-95.53907776,19155.0,136,105,2,0,103,91,93533,33,0,0,33,14
2020-05-14,US,Iowa,Poweshiek,83,8,0,41.68625425,-92.53155731,19157.0,75,83,8,0,75,81,18699,0,0,0,0,2
2020-05-14,US,Iowa,Sac,4,0,0,42.38624071,-95.10547892,19161.0,4,3,0,0,3,2,9719,1,0,0,1,1
2020-05-14,US,Iowa,Scott,293,8,0,41.63935978,-90.61959493,19163.0,285,291,8,0,283,286,173283,2,0,0,2,5
2020-05-14,US,Iowa,Shelby,20,0,0,41.6850066,-95.31015553,19165.0,20,20,0,0,20,21,11578,0,0,0,0,-1
2020-05-14,US,Iowa,Sioux,111,0,0,43.08221074,-96.17675679999999,19167.0,111,103,0,0,103,100,34909,8,0,0,8,3
2020-05-14,US,Iowa,Story,66,1,0,42.03621213,-93.46499005,19169.0,65,65,1,0,64,64,98105,1,0,0,1,1
2020-05-14,US,Iowa,Tama,348,13,0,42.07991767,-92.53266945,19171.0,335,345,13,0,332,341,16904,3,0,0,3,4
2020-05-14,US,Iowa,Taylor,1,0,0,40.73710579,-94.69778563,19173.0,1,1,0,0,1,1,6191,0,0,0,0,0
2020-05-14,US,Iowa,Unassigned,8,0,0,0.0,0.0,90019.0,8,5,0,0,5,6,,3,0,0,3,-1
2020-05-14,US,Iowa,Union,1,0,0,41.0277278,-94.24234847,19175.0,1,2,0,0,2,2,12359,-1,0,0,-1,0
2020-05-14,US,Iowa,Van Buren,8,0,0,40.75326764,-91.95017958,19177.0,8,8,0,0,8,8,7020,0,0,0,0,0
2020-05-14,US,Iowa,Wapello,328,2,0,41.03064984,-92.40954728,19179.0,326,306,2,0,304,283,35205,22,0,0,22,23
2020-05-14,US,Iowa,Warren,53,0,0,41.33559454,-93.56007641,19181.0,53,52,0,0,52,49,51056,1,0,0,1,3
2020-05-14,US,Iowa,Washington,163,8,0,41.33577126,-91.71725711,19183.0,155,163,8,0,155,163,22141,0,0,0,0,0
2020-05-14,US,Iowa,Wayne,1,0,0,40.73969028,-93.32752197,19185.0,1,1,0,0,1,1,6401,0,0,0,0,0
2020-05-14,US,Iowa,Webster,13,1,0,42.42853483,-94.17987389,19187.0,12,12,0,0,12,10,36277,1,1,0,0,2
2020-05-14,US,Iowa,Winnebago,6,0,0,43.37751174,-93.73407298,19189.0,6,5,0,0,5,5,10518,1,0,0,1,0
2020-05-14,US,Iowa,Winneshiek,18,0,0,43.29094334,-91.84422722,19191.0,18,18,0,0,18,18,20029,0,0,0,0,0
2020-05-14,US,Iowa,Woodbury,2078,14,0,42.38979414,-96.0459439,19193.0,2064,2054,14,0,2040,1988,102539,24,0,0,24,66
2020-05-14,US,Iowa,Worth,2,0,0,43.37750768,-93.26087602,19195.0,2,2,0,0,2,2,7453,0,0,0,0,0
2020-05-14,US,Iowa,Wright,6,0,0,42.73305373,-93.73515113,19197.0,6,6,0,0,6,6,12690,0,0,0,0,0
2020-05-14,US,Kansas,Anderson,1,0,0,38.21413251,-95.29272815,20003.0,1,1,0,0,1,1,7878,0,0,0,0,0
2020-05-14,US,Kansas,Atchison,15,0,0,39.53185661,-95.30870026,20005.0,15,15,0,0,15,14,16193,0,0,0,0,1
2020-05-14,US,Kansas,Barber,1,0,0,37.2288586,-98.68460053,20007.0,1,1,0,0,1,1,4472,0,0,0,0,0
2020-05-14,US,Kansas,Barton,28,1,0,38.47889676,-98.75636726,20009.0,27,24,1,0,23,23,26111,4,0,0,4,1
2020-05-14,US,Kansas,Bourbon,6,1,0,37.85508555,-94.84865997,20011.0,5,6,1,0,5,6,14653,0,0,0,0,0
2020-05-14,US,Kansas,Brown,1,0,0,39.82652589,-95.56421698,20013.0,1,1,0,0,1,1,9598,0,0,0,0,0
2020-05-14,US,Kansas,Butler,14,0,0,37.78134351,-96.83878537,20015.0,14,14,0,0,14,14,66765,0,0,0,0,0
2020-05-14,US,Kansas,Chase,3,0,0,38.30292938,-96.59563862,20017.0,3,3,0,0,3,3,2629,0,0,0,0,0
2020-05-14,US,Kansas,Chautauqua,4,0,0,37.14994405,-96.2454192,20019.0,4,4,0,0,4,4,3309,0,0,0,0,0
2020-05-14,US,Kansas,Cherokee,8,0,0,37.16928494,-94.8462897,20021.0,8,8,0,0,8,8,20015,0,0,0,0,0
2020-05-14,US,Kansas,Cheyenne,2,0,0,39.78580976,-101.7318201,20023.0,2,2,0,0,2,2,2660,0,0,0,0,0
2020-05-14,US,Kansas,Clark,19,1,0,37.23577007,-99.81883015,20025.0,18,19,1,0,18,19,2005,0,0,0,0,0
2020-05-14,US,Kansas,Clay,4,1,0,39.34948772,-97.16518128,20027.0,3,4,1,0,3,4,7997,0,0,0,0,0
2020-05-14,US,Kansas,Cloud,4,0,0,39.48028352,-97.64925343,20029.0,4,4,0,0,4,4,8729,0,0,0,0,0
2020-05-14,US,Kansas,Coffey,50,8,0,38.2365018,-95.73379515,20031.0,42,50,8,0,42,50,8233,0,0,0,0,0
2020-05-14,US,Kansas,Cowley,4,1,0,37.23781842,-96.83776647,20035.0,3,3,1,0,2,3,35218,1,0,0,1,0
2020-05-14,US,Kansas,Crawford,8,1,0,37.50675523,-94.85245778,20037.0,7,8,1,0,7,8,39019,0,0,0,0,0
2020-05-14,US,Kansas,Dickinson,2,0,0,38.86600962,-97.15532383,20041.0,2,2,0,0,2,2,18717,0,0,0,0,0
2020-05-14,US,Kansas,Doniphan,9,0,0,39.79067154,-95.14056866,20043.0,9,9,0,0,9,8,7682,0,0,0,0,1
2020-05-14,US,Kansas,Douglas,58,0,0,38.88503636,-95.2925121,20045.0,58,58,0,0,58,58,121436,0,0,0,0,0
2020-05-14,US,Kansas,Edwards,4,0,0,37.88735543,-99.31263309,20047.0,4,4,0,0,4,4,2849,0,0,0,0,0
2020-05-14,US,Kansas,Ellis,8,0,0,38.91458712,-99.31751551,20051.0,8,8,0,0,8,8,28710,0,0,0,0,0
2020-05-14,US,Kansas,Ellsworth,2,0,0,38.69677695,-98.20462799,20053.0,2,2,0,0,2,2,6196,0,0,0,0,0
2020-05-14,US,Kansas,Finney,1175,5,0,38.04340344,-100.73819379999999,20055.0,1170,1101,5,0,1096,994,36611,74,0,0,74,107
2020-05-14,US,Kansas,Ford,1250,8,0,37.69200114,-99.88825298,20057.0,1242,1229,8,0,1221,1170,33888,21,0,0,21,59
2020-05-14,US,Kansas,Franklin,30,0,0,38.56443815,-95.28644341,20059.0,30,30,0,0,30,28,25631,0,0,0,0,2
2020-05-14,US,Kansas,Geary,14,0,0,38.99871131,-96.7577178,20061.0,14,14,0,0,14,14,32594,0,0,0,0,0
2020-05-14,US,Kansas,Gove,1,0,0,38.91588178,-100.4829321,20063.0,1,1,0,0,1,1,2612,0,0,0,0,0
2020-05-14,US,Kansas,Grant,12,0,0,37.56227336,-101.3079758,20067.0,12,12,0,0,12,11,7336,0,0,0,0,1
2020-05-14,US,Kansas,Gray,10,0,0,37.73836671,-100.4369088,20069.0,10,10,0,0,10,8,6033,0,0,0,0,2
2020-05-14,US,Kansas,Greenwood,3,0,0,37.8774388,-96.23250453,20073.0,3,3,0,0,3,3,6055,0,0,0,0,0
2020-05-14,US,Kansas,Hamilton,8,0,0,37.99978709,-101.7921066,20075.0,8,8,0,0,8,7,2607,0,0,0,0,1
2020-05-14,US,Kansas,Harper,1,0,0,37.19175361,-98.07578384,20077.0,1,1,0,0,1,1,5506,0,0,0,0,0
2020-05-14,US,Kansas,Harvey,10,0,0,38.04293782,-97.42747573,20079.0,10,9,0,0,9,9,34210,1,0,0,1,0
2020-05-14,US,Kansas,Haskell,16,0,0,37.562039399999996,-100.8710738,20081.0,16,16,0,0,16,15,3997,0,0,0,0,1
2020-05-14,US,Kansas,Jackson,23,0,0,39.41673394,-95.79356799,20085.0,23,12,0,0,12,4,13280,11,0,0,11,8
2020-05-14,US,Kansas,Jefferson,19,0,0,39.2347941,-95.38289232,20087.0,19,16,0,0,16,15,18975,3,0,0,3,1
2020-05-14,US,Kansas,Jewell,4,0,0,39.78470589,-98.21820662,20089.0,4,4,0,0,4,4,2841,0,0,0,0,0
2020-05-14,US,Kansas,Johnson,619,54,0,38.88548175,-94.82250877,20091.0,565,612,54,0,558,607,597555,7,0,0,7,5
2020-05-14,US,Kansas,Kearny,34,0,0,38.00017981,-101.32168100000001,20093.0,34,34,0,0,34,32,3943,0,0,0,0,2
2020-05-14,US,Kansas,Kiowa,2,0,0,37.55848695,-99.2856537,20097.0,2,2,0,0,2,2,2516,0,0,0,0,0
2020-05-14,US,Kansas,Labette,22,0,0,37.19113093,-95.29849679,20099.0,22,22,0,0,22,22,19964,0,0,0,0,0
2020-05-14,US,Kansas,Leavenworth,955,6,0,39.20183497,-95.03620809,20103.0,949,950,6,0,944,938,81352,5,0,0,5,12
2020-05-14,US,Kansas,Linn,6,0,0,38.21267844,-94.84254089,20107.0,6,6,0,0,6,6,9750,0,0,0,0,0
2020-05-14,US,Kansas,Lyon,308,2,0,38.45576156,-96.15275715,20111.0,306,305,2,0,303,303,33406,3,0,0,3,2
2020-05-14,US,Kansas,Marion,5,1,0,38.35855394,-97.09852509999999,20115.0,4,5,1,0,4,5,11950,0,0,0,0,0
2020-05-14,US,Kansas,McPherson,26,0,0,38.39184858,-97.64769869,20113.0,26,26,0,0,26,26,28537,0,0,0,0,0
2020-05-14,US,Kansas,Meade,22,0,0,37.23859987,-100.36483100000001,20119.0,22,22,0,0,22,22,4146,0,0,0,0,0
2020-05-14,US,Kansas,Miami,6,0,0,38.56383358,-94.83832189,20121.0,6,6,0,0,6,6,33680,0,0,0,0,0
2020-05-14,US,Kansas,Mitchell,3,0,0,39.39331582,-98.20906732,20123.0,3,3,0,0,3,3,6150,0,0,0,0,0
2020-05-14,US,Kansas,Montgomery,20,2,0,37.19236568,-95.74329258,20125.0,18,20,2,0,18,21,32120,0,0,0,0,-1
2020-05-14,US,Kansas,Morris,3,0,0,38.68827511,-96.65128437,20127.0,3,3,0,0,3,3,5521,0,0,0,0,0
2020-05-14,US,Kansas,Morton,4,0,0,37.19141121,-101.79925190000002,20129.0,4,4,0,0,4,4,2667,0,0,0,0,0
2020-05-14,US,Kansas,Nemaha,1,0,0,39.78345387,-96.01392079,20131.0,1,1,0,0,1,1,10155,0,0,0,0,0
2020-05-14,US,Kansas,Neosho,2,0,0,37.55862897,-95.30670046,20133.0,2,2,0,0,2,2,15951,0,0,0,0,0
2020-05-14,US,Kansas,Norton,2,0,0,39.78443827,-99.90286639,20137.0,2,2,0,0,2,2,5430,0,0,0,0,0
2020-05-14,US,Kansas,Osage,6,0,0,38.65235984,-95.72707998,20139.0,6,6,0,0,6,6,15941,0,0,0,0,0
2020-05-14,US,Kansas,Osborne,2,0,0,39.3503437,-98.76753828,20141.0,2,2,0,0,2,2,3475,0,0,0,0,0
2020-05-14,US,Kansas,Ottawa,4,0,0,39.13237408,-97.65020313,20143.0,4,4,0,0,4,4,5802,0,0,0,0,0
2020-05-14,US,Kansas,Phillips,2,0,0,39.78465501,-99.34668865,20147.0,2,1,0,0,1,1,5317,1,0,0,1,0
2020-05-14,US,Kansas,Pottawatomie,18,0,0,39.37925655,-96.34564657,20149.0,18,18,0,0,18,19,24277,0,0,0,0,-1
2020-05-14,US,Kansas,Pratt,1,0,0,37.64780729,-98.73922153,20151.0,1,1,0,0,1,1,9378,0,0,0,0,0
2020-05-14,US,Kansas,Reno,41,0,0,37.95230263,-98.08607292,20155.0,41,41,0,0,41,41,62342,0,0,0,0,0
2020-05-14,US,Kansas,Republic,4,0,0,39.82799632,-97.65036709,20157.0,4,4,0,0,4,4,4664,0,0,0,0,0
2020-05-14,US,Kansas,Rice,4,0,0,38.34616184,-98.19992118,20159.0,4,4,0,0,4,3,9531,0,0,0,0,1
2020-05-14,US,Kansas,Riley,59,1,0,39.28935726,-96.73420026,20161.0,58,59,1,0,58,58,73703,0,0,0,0,1
2020-05-14,US,Kansas,Rooks,6,0,0,39.35022773,-99.32484567,20163.0,6,6,0,0,6,6,5013,0,0,0,0,0
2020-05-14,US,Kansas,Saline,23,2,0,38.78369175,-97.65185177,20169.0,21,23,2,0,21,23,54401,0,0,0,0,0
2020-05-14,US,Kansas,Scott,6,0,0,38.48222076,-100.90665390000001,20171.0,6,6,0,0,6,4,4897,0,0,0,0,2
2020-05-14,US,Kansas,Sedgwick,527,20,0,37.6842718,-97.4608198,20173.0,507,507,20,0,487,471,513607,20,0,0,20,36
2020-05-14,US,Kansas,Seward,754,1,0,37.19324632,-100.85072009999999,20175.0,753,743,1,0,742,727,21780,11,0,0,11,16
2020-05-14,US,Kansas,Shawnee,179,5,0,39.04100763,-95.75572640000001,20177.0,174,178,5,0,173,173,177499,1,0,0,1,5
2020-05-14,US,Kansas,Sheridan,2,0,0,39.35018161,-100.44182590000001,20179.0,2,2,0,0,2,2,2533,0,0,0,0,0
2020-05-14,US,Kansas,Sherman,5,0,0,39.35147699,-101.71976240000001,20181.0,5,5,0,0,5,5,5899,0,0,0,0,0
2020-05-14,US,Kansas,Smith,2,0,0,39.78516566,-98.78566062,20183.0,2,2,0,0,2,2,3603,0,0,0,0,0
2020-05-14,US,Kansas,Stafford,1,0,0,38.03100851,-98.71762001,20185.0,1,1,0,0,1,1,4178,0,0,0,0,0
2020-05-14,US,Kansas,Stanton,9,0,0,37.56304714,-101.78435340000001,20187.0,9,9,0,0,9,9,1987,0,0,0,0,0
2020-05-14,US,Kansas,Stevens,26,0,0,37.1923008,-101.3118967,20189.0,26,18,0,0,18,18,5559,8,0,0,8,0
2020-05-14,US,Kansas,Sumner,5,1,0,37.23682549,-97.47721621,20191.0,4,5,1,0,4,4,22996,0,0,0,0,1
2020-05-14,US,Kansas,Wabaunsee,27,0,0,38.95471985,-96.20350509,20197.0,27,27,0,0,27,27,6899,0,0,0,0,0
2020-05-14,US,Kansas,Wilson,1,0,0,37.55937174,-95.74323255,20205.0,1,1,0,0,1,1,8665,0,0,0,0,0
2020-05-14,US,Kansas,Woodson,6,0,0,37.8865336,-95.74006277,20207.0,6,6,0,0,6,6,3183,0,0,0,0,0
2020-05-14,US,Kansas,Wyandotte,1114,67,0,39.11727348,-94.76378225,20209.0,1047,1098,66,0,1032,1086,165324,16,1,0,15,12
2020-05-14,US,Kentucky,Adair,91,14,0,37.10459774,-85.28129668,21001.0,77,88,13,0,75,88,19215,3,1,0,2,0
2020-05-14,US,Kentucky,Allen,33,1,0,36.75197631,-86.19457544,21003.0,32,30,1,0,29,30,21122,3,0,0,3,0
2020-05-14,US,Kentucky,Anderson,10,1,0,38.00671029,-84.99171713,21005.0,9,10,1,0,9,10,22663,0,0,0,0,0
2020-05-14,US,Kentucky,Ballard,10,0,0,37.05842757,-88.99427697,21007.0,10,8,0,0,8,8,7979,2,0,0,2,0
2020-05-14,US,Kentucky,Barren,34,0,0,36.96469836,-85.93338945,21009.0,34,30,0,0,30,30,44176,4,0,0,4,0
2020-05-14,US,Kentucky,Bath,7,1,0,38.14735938,-83.74588932,21011.0,6,7,1,0,6,7,12383,0,0,0,0,0
2020-05-14,US,Kentucky,Boone,276,8,0,38.97065142,-84.72615357,21015.0,268,238,5,0,233,238,131533,38,3,0,35,0
2020-05-14,US,Kentucky,Bourbon,8,1,0,38.2054607,-84.21827874,21017.0,7,8,1,0,7,8,20184,0,0,0,0,0
2020-05-14,US,Kentucky,Boyd,38,3,0,38.36176608,-82.68652187,21019.0,35,37,3,0,34,37,47240,1,0,0,1,0
2020-05-14,US,Kentucky,Boyle,18,0,0,37.62680923,-84.8633779,21021.0,18,17,0,0,17,17,30100,1,0,0,1,0
2020-05-14,US,Kentucky,Bracken,9,0,0,38.69158994,-84.08532444,21023.0,9,9,0,0,9,9,8239,0,0,0,0,0
2020-05-14,US,Kentucky,Breathitt,2,0,0,37.52333168,-83.31959161,21025.0,2,2,0,0,2,2,12726,0,0,0,0,0
2020-05-14,US,Kentucky,Breckinridge,14,0,0,37.77377239,-86.42885017,21027.0,14,13,0,0,13,13,20388,1,0,0,1,0
2020-05-14,US,Kentucky,Bullitt,89,4,0,37.97162523,-85.68955617,21029.0,85,86,4,0,82,86,81069,3,0,0,3,0
2020-05-14,US,Kentucky,Butler,205,6,0,37.20946153,-86.68748787,21031.0,199,200,6,0,194,200,12772,5,0,0,5,0
2020-05-14,US,Kentucky,Caldwell,12,0,0,37.14749129,-87.86948214,21033.0,12,12,0,0,12,12,12715,0,0,0,0,0
2020-05-14,US,Kentucky,Calloway,43,1,0,36.62093411,-88.2731593,21035.0,42,43,1,0,42,43,39135,0,0,0,0,0
2020-05-14,US,Kentucky,Campbell,128,9,0,38.94384345,-84.37875208,21037.0,119,120,9,0,111,120,93152,8,0,0,8,0
2020-05-14,US,Kentucky,Carlisle,3,1,0,36.85372876,-88.96692220000001,21039.0,2,3,1,0,2,3,4771,0,0,0,0,0
2020-05-14,US,Kentucky,Carroll,2,0,0,38.66599534,-85.12601074,21041.0,2,2,0,0,2,2,10737,0,0,0,0,0
2020-05-14,US,Kentucky,Carter,7,0,0,38.31690743,-83.05092385,21043.0,7,7,0,0,7,7,27004,0,0,0,0,0
2020-05-14,US,Kentucky,Casey,2,0,0,37.32533118,-84.92726209,21045.0,2,1,0,0,1,1,15888,1,0,0,1,0
2020-05-14,US,Kentucky,Christian,95,3,0,36.89267803,-87.49055367,21047.0,92,95,3,0,92,95,71671,0,0,0,0,0
2020-05-14,US,Kentucky,Clark,20,0,0,37.9689263,-84.14615986,21049.0,20,20,0,0,20,20,36249,0,0,0,0,0
2020-05-14,US,Kentucky,Clay,2,0,0,37.16451126,-83.712575,21051.0,2,2,0,0,2,2,20105,0,0,0,0,0
2020-05-14,US,Kentucky,Clinton,3,0,0,36.72581156,-85.13377529,21053.0,3,3,0,0,3,3,10206,0,0,0,0,0
2020-05-14,US,Kentucky,Crittenden,4,1,0,37.35839237,-88.08826090000002,21055.0,3,4,1,0,3,4,8915,0,0,0,0,0
2020-05-14,US,Kentucky,Cumberland,5,0,0,36.78926125,-85.39050034,21057.0,5,5,0,0,5,5,6659,0,0,0,0,0
2020-05-14,US,Kentucky,Daviess,277,4,0,37.73028906,-87.09019479999998,21059.0,273,274,4,0,270,274,101104,3,0,0,3,0
2020-05-14,US,Kentucky,Edmonson,46,6,0,37.21218923,-86.23955613,21061.0,40,45,6,0,39,45,12274,1,0,0,1,0
2020-05-14,US,Kentucky,Fayette,467,10,0,38.0368225,-84.45576892,21067.0,457,409,10,0,399,409,323780,58,0,0,58,0
2020-05-14,US,Kentucky,Fleming,2,0,0,38.36758311,-83.69657514,21069.0,2,1,0,0,1,1,14432,1,0,0,1,0
2020-05-14,US,Kentucky,Floyd,16,0,0,37.56213922,-82.74750924,21071.0,16,15,0,0,15,15,35845,1,0,0,1,0
2020-05-14,US,Kentucky,Franklin,18,0,0,38.2379395,-84.87962551,21073.0,18,18,0,0,18,18,50815,0,0,0,0,0
2020-05-14,US,Kentucky,Fulton,1,0,0,36.55238827,-89.20140068,21075.0,1,1,0,0,1,1,6120,0,0,0,0,0
2020-05-14,US,Kentucky,Gallatin,2,0,0,38.75398691,-84.8558382,21077.0,2,1,0,0,1,1,8832,1,0,0,1,0
2020-05-14,US,Kentucky,Garrard,4,0,0,37.638866799999995,-84.53289319,21079.0,4,4,0,0,4,4,17560,0,0,0,0,0
2020-05-14,US,Kentucky,Grant,31,3,0,38.64962758,-84.62415957,21081.0,28,31,3,0,28,31,25121,0,0,0,0,0
2020-05-14,US,Kentucky,Graves,152,18,0,36.72292505,-88.65143315,21083.0,134,149,18,0,131,149,37317,3,0,0,3,0
2020-05-14,US,Kentucky,Grayson,101,8,0,37.46231118,-86.34248968,21085.0,93,99,6,0,93,99,26321,2,2,0,0,0
2020-05-14,US,Kentucky,Green,1,0,0,37.26484328,-85.5540745,21087.0,1,1,0,0,1,1,11049,0,0,0,0,0
2020-05-14,US,Kentucky,Greenup,13,0,0,38.54332505,-82.9215658,21089.0,13,13,0,0,13,13,35268,0,0,0,0,0
2020-05-14,US,Kentucky,Hancock,7,0,0,37.83766422,-86.78280584,21091.0,7,6,0,0,6,6,8758,1,0,0,1,0
2020-05-14,US,Kentucky,Hardin,72,2,0,37.6976111,-85.96319251,21093.0,70,63,2,0,61,63,110356,9,0,0,9,0
2020-05-14,US,Kentucky,Harlan,1,0,0,36.85699301,-83.21899516,21095.0,1,1,0,0,1,1,26409,0,0,0,0,0
2020-05-14,US,Kentucky,Harrison,19,0,0,38.44188174,-84.32869741,21097.0,19,19,0,0,19,19,18778,0,0,0,0,0
2020-05-14,US,Kentucky,Hart,16,0,0,37.29943898,-85.88461055,21099.0,16,9,0,0,9,9,18906,7,0,0,7,0
2020-05-14,US,Kentucky,Henderson,83,3,0,37.79344553,-87.57392021,21101.0,80,80,3,0,77,80,45591,3,0,0,3,0
2020-05-14,US,Kentucky,Henry,11,0,0,38.44942688,-85.11587507,21103.0,11,10,0,0,10,10,16106,1,0,0,1,0
2020-05-14,US,Kentucky,Hickman,5,0,0,36.67948079999999,-88.97875928,21105.0,5,5,0,0,5,5,4421,0,0,0,0,0
2020-05-14,US,Kentucky,Hopkins,215,27,0,37.30939025,-87.54670406,21107.0,188,214,27,0,187,214,45068,1,0,0,1,0
2020-05-14,US,Kentucky,Jackson,57,12,0,37.41866422,-83.99825483,21109.0,45,56,12,0,44,56,13442,1,0,0,1,0
2020-05-14,US,Kentucky,Jefferson,1741,115,0,38.18664655,-85.65931031,21111.0,1626,1713,115,0,1598,1713,770517,28,0,0,28,0
2020-05-14,US,Kentucky,Jessamine,50,0,0,37.87119786,-84.58252003,21113.0,50,49,0,0,49,49,53920,1,0,0,1,0
2020-05-14,US,Kentucky,Johnson,5,0,0,37.85106355,-82.8264322,21115.0,5,5,0,0,5,5,22386,0,0,0,0,0
2020-05-14,US,Kentucky,Kenton,432,30,0,38.93950319,-84.53241199,21117.0,402,408,30,0,378,408,166051,24,0,0,24,0
2020-05-14,US,Kentucky,Knott,4,0,0,37.35388197,-82.94981134,21119.0,4,4,0,0,4,4,15126,0,0,0,0,0
2020-05-14,US,Kentucky,Knox,7,0,0,36.89225732,-83.85403396,21121.0,7,7,0,0,7,7,31304,0,0,0,0,0
2020-05-14,US,Kentucky,Larue,6,0,0,37.54567114,-85.70138352,21123.0,6,6,0,0,6,6,14307,0,0,0,0,0
2020-05-14,US,Kentucky,Laurel,21,2,0,37.10975748,-84.11321779,21125.0,19,21,2,0,19,21,60669,0,0,0,0,0
2020-05-14,US,Kentucky,Lawrence,2,0,0,38.07136018,-82.72882223,21127.0,2,1,0,0,1,1,15571,1,0,0,1,0
2020-05-14,US,Kentucky,Leslie,6,0,0,37.09246661,-83.37999606,21131.0,6,5,0,0,5,5,10143,1,0,0,1,0
2020-05-14,US,Kentucky,Letcher,5,0,0,37.12306748,-82.85346474,21133.0,5,3,0,0,3,3,21899,2,0,0,2,0
2020-05-14,US,Kentucky,Lewis,8,0,0,38.53184419,-83.37735618,21135.0,8,6,0,0,6,6,13257,2,0,0,2,0
2020-05-14,US,Kentucky,Lincoln,5,1,0,37.45475628,-84.6565327,21137.0,4,5,1,0,4,5,24644,0,0,0,0,0
2020-05-14,US,Kentucky,Livingston,7,0,0,37.21137452,-88.34797529,21139.0,7,7,0,0,7,7,9242,0,0,0,0,0
2020-05-14,US,Kentucky,Logan,77,1,0,36.85949479,-86.877635,21141.0,76,69,1,0,68,69,26989,8,0,0,8,0
2020-05-14,US,Kentucky,Lyon,14,3,0,37.02080035,-88.07886257,21143.0,11,14,3,0,11,14,8009,0,0,0,0,0
2020-05-14,US,Kentucky,Madison,41,1,0,37.71659336,-84.27220275,21151.0,40,35,1,0,34,35,92368,6,0,0,6,0
2020-05-14,US,Kentucky,Marion,17,0,0,37.55218078,-85.26898542,21155.0,17,17,0,0,17,17,19404,0,0,0,0,0
2020-05-14,US,Kentucky,Marshall,34,2,0,36.88007070000001,-88.32803576,21157.0,32,34,1,0,33,34,31191,0,1,0,-1,0
2020-05-14,US,Kentucky,Martin,3,0,0,37.79990579,-82.51247478,21159.0,3,3,0,0,3,3,11323,0,0,0,0,0
2020-05-14,US,Kentucky,Mason,8,0,0,38.59471935,-83.82151043,21161.0,8,7,0,0,7,7,17150,1,0,0,1,0
2020-05-14,US,Kentucky,McCracken,76,2,0,37.05350953,-88.70445755,21145.0,74,73,2,0,71,73,65346,3,0,0,3,0
2020-05-14,US,Kentucky,McCreary,13,0,0,36.73874143,-84.48102924,21147.0,13,13,0,0,13,13,17408,0,0,0,0,0
2020-05-14,US,Kentucky,McLean,18,1,0,37.5301951,-87.26803443,21149.0,17,17,1,0,16,17,9252,1,0,0,1,0
2020-05-14,US,Kentucky,Meade,18,2,0,37.96163597,-86.21028219,21163.0,16,18,2,0,16,18,28715,0,0,0,0,0
2020-05-14,US,Kentucky,Menifee,3,0,0,37.94090733,-83.59985712,21165.0,3,3,0,0,3,3,6451,0,0,0,0,0
2020-05-14,US,Kentucky,Mercer,12,0,0,37.81474237,-84.87488475,21167.0,12,12,0,0,12,12,21774,0,0,0,0,0
2020-05-14,US,Kentucky,Metcalfe,3,0,0,36.99459295,-85.63123699,21169.0,3,3,0,0,3,3,10030,0,0,0,0,0
2020-05-14,US,Kentucky,Monroe,6,0,0,36.71225341,-85.71596443,21171.0,6,6,0,0,6,6,10718,0,0,0,0,0
2020-05-14,US,Kentucky,Montgomery,16,0,0,38.03253032,-83.9145241,21173.0,16,13,0,0,13,13,28203,3,0,0,3,0
2020-05-14,US,Kentucky,Morgan,1,0,0,37.92465657,-83.25558245,21175.0,1,1,0,0,1,1,13345,0,0,0,0,0
2020-05-14,US,Kentucky,Muhlenberg,457,6,0,37.21425819,-87.14632053,21177.0,451,457,6,0,451,457,30774,0,0,0,0,0
2020-05-14,US,Kentucky,Nelson,32,0,0,37.80335779,-85.4657193,21179.0,32,31,0,0,31,31,45851,1,0,0,1,0
2020-05-14,US,Kentucky,Nicholas,1,0,0,38.33342292,-84.01889177,21181.0,1,1,0,0,1,1,7166,0,0,0,0,0
2020-05-14,US,Kentucky,Ohio,85,0,0,37.47751843,-86.85368087,21183.0,85,73,0,0,73,73,24087,12,0,0,12,0
2020-05-14,US,Kentucky,Oldham,50,0,0,38.39791089,-85.448222,21185.0,50,41,0,0,41,41,66470,9,0,0,9,0
2020-05-14,US,Kentucky,Owen,1,0,0,38.51679143,-84.82404619,21187.0,1,1,0,0,1,1,10880,0,0,0,0,0
2020-05-14,US,Kentucky,Owsley,2,0,0,37.42823949,-83.68811419,21189.0,2,2,0,0,2,2,4472,0,0,0,0,0
2020-05-14,US,Kentucky,Pendleton,6,0,0,38.69607718,-84.35599463,21191.0,6,6,0,0,6,6,14529,0,0,0,0,0
2020-05-14,US,Kentucky,Perry,18,0,0,37.25023553,-83.22922731,21193.0,18,16,0,0,16,16,26092,2,0,0,2,0
2020-05-14,US,Kentucky,Pike,22,2,0,37.47088263,-82.39487445,21195.0,20,18,2,0,16,18,58402,4,0,0,4,0
2020-05-14,US,Kentucky,Powell,1,0,0,37.83218794,-83.82553961,21197.0,1,1,0,0,1,1,12442,0,0,0,0,0
2020-05-14,US,Kentucky,Pulaski,47,2,0,37.10466131,-84.57629079,21199.0,45,45,2,0,43,45,64623,2,0,0,2,0
2020-05-14,US,Kentucky,Rockcastle,12,0,0,37.36642393,-84.31176452,21203.0,12,13,0,0,13,13,16750,-1,0,0,-1,0
2020-05-14,US,Kentucky,Rowan,6,0,0,38.19484205,-83.42088935,21205.0,6,6,0,0,6,6,24583,0,0,0,0,0
2020-05-14,US,Kentucky,Russell,19,4,0,36.99308373,-85.06070117,21207.0,15,18,4,0,14,18,17821,1,0,0,1,0
2020-05-14,US,Kentucky,Scott,33,0,0,38.29622293,-84.5816631,21209.0,33,33,0,0,33,33,56031,0,0,0,0,0
2020-05-14,US,Kentucky,Shelby,54,3,0,38.21476019,-85.194223,21211.0,51,54,3,0,51,54,48518,0,0,0,0,0
2020-05-14,US,Kentucky,Simpson,35,2,0,36.74058474,-86.58047435,21213.0,33,32,2,0,30,32,18529,3,0,0,3,0
2020-05-14,US,Kentucky,Spencer,16,0,0,38.03223971,-85.32749335,21215.0,16,16,0,0,16,16,18794,0,0,0,0,0
2020-05-14,US,Kentucky,Taylor,9,0,0,37.3677562,-85.3329931,21217.0,9,9,0,0,9,9,25549,0,0,0,0,0
2020-05-14,US,Kentucky,Todd,15,0,0,36.8381152,-87.17878374,21219.0,15,15,0,0,15,15,12311,0,0,0,0,0
2020-05-14,US,Kentucky,Trigg,9,0,0,36.80767017,-87.87333656,21221.0,9,9,0,0,9,9,14643,0,0,0,0,0
2020-05-14,US,Kentucky,Trimble,3,0,0,38.61056487,-85.33775972,21223.0,3,3,0,0,3,3,8515,0,0,0,0,0
2020-05-14,US,Kentucky,Unassigned,31,0,0,0.0,0.0,90021.0,31,31,0,0,31,31,,0,0,0,0,0
2020-05-14,US,Kentucky,Union,10,0,0,37.66166713,-87.94300009,21225.0,10,10,0,0,10,10,14505,0,0,0,0,0
2020-05-14,US,Kentucky,Warren,730,2,0,36.99903045,-86.42672751,21227.0,728,637,2,0,635,637,131264,93,0,0,93,0
2020-05-14,US,Kentucky,Washington,5,0,0,37.75599461,-85.17407732,21229.0,5,5,0,0,5,5,12084,0,0,0,0,0
2020-05-14,US,Kentucky,Wayne,8,0,0,36.80310688,-84.8251971,21231.0,8,8,0,0,8,8,20468,0,0,0,0,0
2020-05-14,US,Kentucky,Webster,31,0,0,37.52168356,-87.67989953,21233.0,31,29,0,0,29,29,13111,2,0,0,2,0
2020-05-14,US,Kentucky,Whitley,12,0,0,36.75700531,-84.14541217,21235.0,12,12,0,0,12,12,36242,0,0,0,0,0
2020-05-14,US,Kentucky,Woodford,19,0,0,38.04178222,-84.7417556,21239.0,19,19,0,0,19,19,26533,0,0,0,0,0
2020-05-14,US,Louisiana,Acadia,159,11,0,30.295064899999996,-92.41419698,22001.0,148,151,11,0,140,152,62190,8,0,0,8,-1
2020-05-14,US,Louisiana,Allen,94,10,0,30.65385745,-92.82442028,22003.0,84,94,10,0,84,90,25605,0,0,0,0,4
2020-05-14,US,Louisiana,Ascension,745,48,0,30.20406249,-90.91328409999998,22005.0,697,704,48,0,656,701,124672,41,0,0,41,3
2020-05-14,US,Louisiana,Assumption,234,11,0,29.89946234,-91.06461642,22007.0,223,231,11,0,220,230,22300,3,0,0,3,1
2020-05-14,US,Louisiana,Avoyelles,79,9,0,31.07796211,-92.00079449,22009.0,70,79,9,0,70,76,40462,0,0,0,0,3
2020-05-14,US,Louisiana,Beauregard,49,4,0,30.64836518,-93.34173616,22011.0,45,48,4,0,44,46,37253,1,0,0,1,2
2020-05-14,US,Louisiana,Bienville,81,20,0,32.34569994,-93.05398492,22013.0,61,80,20,0,60,77,13308,1,0,0,1,3
2020-05-14,US,Louisiana,Bossier,327,22,0,32.67932307,-93.60460152,22015.0,305,324,22,0,302,313,127185,3,0,0,3,11
2020-05-14,US,Louisiana,Caddo,1818,143,0,32.57991587,-93.88375652,22017.0,1675,1800,140,0,1660,1784,242922,18,3,0,15,16
2020-05-14,US,Louisiana,Calcasieu,507,40,0,30.22931235,-93.35400434,22019.0,467,505,40,0,465,496,203112,2,0,0,2,9
2020-05-14,US,Louisiana,Caldwell,48,0,0,32.0902519,-92.11752148,22021.0,48,48,0,0,48,48,9960,0,0,0,0,0
2020-05-14,US,Louisiana,Cameron,3,0,0,29.87592238,-93.19310676,22023.0,3,3,0,0,3,3,6968,0,0,0,0,0
2020-05-14,US,Louisiana,Catahoula,103,3,0,31.66778967,-91.84526385,22025.0,100,103,3,0,100,86,9608,0,0,0,0,17
2020-05-14,US,Louisiana,Claiborne,59,10,0,32.82308512,-92.99526883,22027.0,49,59,10,0,49,59,15944,0,0,0,0,0
2020-05-14,US,Louisiana,Concordia,54,4,0,31.44817835,-91.63814433,22029.0,50,51,4,0,47,43,19572,3,0,0,3,8
2020-05-14,US,Louisiana,De Soto,223,14,0,32.05457447,-93.74130302,22031.0,209,221,14,0,207,215,27436,2,0,0,2,6
2020-05-14,US,Louisiana,East Baton Rouge,2898,201,0,30.53842039,-91.09777565,22033.0,2697,2487,199,0,2288,2445,440956,411,2,0,409,42
2020-05-14,US,Louisiana,East Carroll,25,0,0,32.73926954,-91.23425694,22035.0,25,25,0,0,25,24,7037,0,0,0,0,1
2020-05-14,US,Louisiana,East Feliciana,169,21,0,30.84425359,-91.04976723,22037.0,148,145,21,0,124,140,19305,24,0,0,24,5
2020-05-14,US,Louisiana,Evangeline,74,1,0,30.72985248,-92.39915924,22039.0,73,74,1,0,73,68,33443,0,0,0,0,6
2020-05-14,US,Louisiana,Franklin,266,8,0,32.13675181,-91.67589857,22041.0,258,256,7,0,249,208,20156,10,1,0,9,48
2020-05-14,US,Louisiana,Grant,18,1,0,31.59882456,-92.56124347,22043.0,17,18,1,0,17,18,22482,0,0,0,0,0
2020-05-14,US,Louisiana,Iberia,352,33,0,29.86803617,-91.75871777,22045.0,319,352,26,0,326,287,70941,0,7,0,-7,65
2020-05-14,US,Louisiana,Iberville,537,38,0,30.25734305,-91.3499598,22047.0,499,507,38,0,469,504,32721,30,0,0,30,3
2020-05-14,US,Louisiana,Jackson,70,8,0,32.30251776,-92.55692092,22049.0,62,67,8,0,59,67,15902,3,0,0,3,0
2020-05-14,US,Louisiana,Jefferson,6860,423,0,29.74075478,-90.11115756,22051.0,6437,6833,408,0,6425,6789,434051,27,15,0,12,44
2020-05-14,US,Louisiana,Jefferson Davis,69,6,0,30.26896765,-92.81210004,22053.0,63,69,6,0,63,68,31582,0,0,0,0,1
2020-05-14,US,Louisiana,LaSalle,35,0,0,31.67884782,-92.15907765,22059.0,35,35,0,0,35,33,14917,0,0,0,0,2
2020-05-14,US,Louisiana,Lafayette,541,23,0,30.2049055,-92.06959876,22055.0,518,537,22,0,515,512,242782,4,1,0,3,25
2020-05-14,US,Louisiana,Lafourche,719,60,0,29.52470226,-90.40976986,22057.0,659,716,60,0,656,715,98115,3,0,0,3,1
2020-05-14,US,Louisiana,Lincoln,116,13,0,32.6003154,-92.66597409999999,22061.0,103,115,13,0,102,107,47196,1,0,0,1,8
2020-05-14,US,Louisiana,Livingston,343,23,0,30.44143993,-90.73061664,22063.0,320,293,23,0,270,283,139567,50,0,0,50,10
2020-05-14,US,Louisiana,Madison,18,0,0,32.36918118,-91.23973355,22065.0,18,14,0,0,14,14,11161,4,0,0,4,0
2020-05-14,US,Louisiana,Morehouse,89,5,0,32.81686191,-91.80421614,22067.0,84,87,5,0,82,67,25398,2,0,0,2,20
2020-05-14,US,Louisiana,Natchitoches,102,10,0,31.72321584,-93.09816516,22069.0,92,100,9,0,91,100,38659,2,1,0,1,0
2020-05-14,US,Louisiana,Orleans,6768,482,0,30.06971951,-89.92660315,22071.0,6286,6753,481,0,6272,6718,391006,15,1,0,14,35
2020-05-14,US,Louisiana,Ouachita,869,31,0,32.47645559,-92.15704172,22073.0,838,861,31,0,830,856,154475,8,0,0,8,5
2020-05-14,US,Louisiana,Plaquemines,192,16,0,29.42245447,-89.60322085,22075.0,176,191,16,0,175,191,23410,1,0,0,1,0
2020-05-14,US,Louisiana,Pointe Coupee,152,17,0,30.71409502,-91.60209535,22077.0,135,139,16,0,123,138,21940,13,1,0,12,1
2020-05-14,US,Louisiana,Rapides,417,13,0,31.19778499,-92.52997303,22079.0,404,394,13,0,381,376,130562,23,0,0,23,18
2020-05-14,US,Louisiana,Red River,38,6,0,32.09530039,-93.34213308,22081.0,32,37,6,0,31,36,8477,1,0,0,1,1
2020-05-14,US,Louisiana,Richland,104,1,0,32.41391005,-91.76634876,22083.0,103,104,1,0,103,103,20192,0,0,0,0,1
2020-05-14,US,Louisiana,Sabine,29,0,0,31.56388699,-93.55433981,22085.0,29,28,0,0,28,19,24032,1,0,0,1,9
2020-05-14,US,Louisiana,St. Bernard,516,18,0,29.87761636,-89.51887093,22087.0,498,515,18,0,497,515,46721,1,0,0,1,0
2020-05-14,US,Louisiana,St. Charles,602,42,0,29.90709658,-90.35555967,22089.0,560,600,43,0,557,596,52879,2,-1,0,3,4
2020-05-14,US,Louisiana,St. Helena,38,1,0,30.82210324,-90.71013176,22091.0,37,38,1,0,37,38,10262,0,0,0,0,0
2020-05-14,US,Louisiana,St. James,284,22,0,30.02531716,-90.80212061,22093.0,262,268,22,0,246,256,21037,16,0,0,16,12
2020-05-14,US,Louisiana,St. John the Baptist,820,78,0,30.12597499,-90.4753503,22095.0,742,808,77,0,731,804,43184,12,1,0,11,4
2020-05-14,US,Louisiana,St. Landry,244,51,0,30.59724262,-92.00135806,22097.0,193,241,51,0,190,215,82764,3,0,0,3,26
2020-05-14,US,Louisiana,St. Martin,278,22,0,30.13112107,-91.61403569,22099.0,256,276,22,0,254,264,53621,2,0,0,2,12
2020-05-14,US,Louisiana,St. Mary,263,27,0,29.69262097,-91.44702164,22101.0,236,257,26,0,231,251,49774,6,1,0,5,6
2020-05-14,US,Louisiana,St. Tammany,1511,142,0,30.40942847,-89.95642711,22103.0,1369,1492,142,0,1350,1477,258111,19,0,0,19,15
2020-05-14,US,Louisiana,Tangipahoa,696,30,0,30.62888673,-90.40664996,22105.0,666,687,30,0,657,679,133777,9,0,0,9,8
2020-05-14,US,Louisiana,Tensas,6,0,0,32.00760749,-91.32915234,22107.0,6,6,0,0,6,6,4462,0,0,0,0,0
2020-05-14,US,Louisiana,Terrebonne,550,41,0,29.37343766,-90.82626855,22109.0,509,542,39,0,503,533,111021,8,2,0,6,9
2020-05-14,US,Louisiana,Unassigned,65,66,0,0.0,0.0,90022.0,-1,64,66,0,-2,64,,1,0,0,1,0
2020-05-14,US,Louisiana,Union,231,11,0,32.83121059,-92.3749373,22111.0,220,227,11,0,216,171,22330,4,0,0,4,56
2020-05-14,US,Louisiana,Vermilion,42,2,0,29.83517605,-92.30292538,22113.0,40,42,2,0,40,41,59830,0,0,0,0,1
2020-05-14,US,Louisiana,Vernon,19,2,0,31.10884837,-93.18153838,22115.0,17,19,2,0,17,18,48860,0,0,0,0,1
2020-05-14,US,Louisiana,Washington,356,29,0,30.85288548,-90.03866652,22117.0,327,350,29,0,321,347,46582,6,0,0,6,3
2020-05-14,US,Louisiana,Webster,112,5,0,32.70847669,-93.33121835,22119.0,107,112,4,0,108,101,38798,0,1,0,-1,11
2020-05-14,US,Louisiana,West Baton Rouge,150,30,0,30.46058217,-91.30989571,22121.0,120,124,30,0,94,124,26427,26,0,0,26,0
2020-05-14,US,Louisiana,West Carroll,6,0,0,32.78550125,-91.461201,22123.0,6,5,0,0,5,5,10982,1,0,0,1,0
2020-05-14,US,Louisiana,West Feliciana,181,7,0,30.87882871,-91.41485379999999,22125.0,174,187,7,0,180,186,15460,-6,0,0,-6,1
2020-05-14,US,Louisiana,Winn,66,2,0,31.94449367,-92.63789413,22127.0,64,64,2,0,62,54,14134,2,0,0,2,10
2020-05-14,US,Maine,Androscoggin,109,2,0,44.1664747,-70.20380627,23001.0,107,103,2,0,101,97,107679,6,0,0,6,6
2020-05-14,US,Maine,Aroostook,7,0,0,46.65926321,-68.59841248,23003.0,7,6,0,0,6,6,67111,1,0,0,1,0
2020-05-14,US,Maine,Cumberland,778,34,0,43.8370751,-70.37226999,23005.0,744,744,32,0,712,721,293557,34,2,0,32,23
2020-05-14,US,Maine,Franklin,31,1,0,44.97330019,-70.44381045,23007.0,30,31,1,0,30,31,29897,0,0,0,0,0
2020-05-14,US,Maine,Hancock,10,1,0,44.59816444,-68.38401854,23009.0,9,10,1,0,9,10,54811,0,0,0,0,0
2020-05-14,US,Maine,Kennebec,113,8,0,44.40759555,-69.76738544,23011.0,105,112,8,0,104,111,122083,1,0,0,1,1
2020-05-14,US,Maine,Knox,19,0,0,44.11486325,-69.10529169,23013.0,19,19,0,0,19,19,39771,0,0,0,0,0
2020-05-14,US,Maine,Lincoln,15,0,0,44.05996956,-69.54227124,23015.0,15,15,0,0,15,15,34342,0,0,0,0,0
2020-05-14,US,Maine,Oxford,17,0,0,44.49952995,-70.75682123,23017.0,17,17,0,0,17,17,57618,0,0,0,0,0
2020-05-14,US,Maine,Penobscot,91,1,0,45.40194593,-68.65020455,23019.0,90,90,0,0,90,90,151096,1,1,0,0,0
2020-05-14,US,Maine,Piscataquis,1,0,0,45.83839062,-69.2860223,23021.0,1,1,0,0,1,1,16800,0,0,0,0,0
2020-05-14,US,Maine,Sagadahoc,25,0,0,43.95415864,-69.85074999,23023.0,25,23,0,0,23,21,35634,2,0,0,2,2
2020-05-14,US,Maine,Somerset,18,0,0,45.51229767,-69.95995554,23025.0,18,18,0,0,18,17,50592,0,0,0,0,1
2020-05-14,US,Maine,Unassigned,2,0,0,0.0,0.0,90023.0,2,6,0,0,6,6,,-4,0,0,-4,0
2020-05-14,US,Maine,Waldo,50,14,0,44.4858305,-69.12061935,23027.0,36,49,14,0,35,49,39694,1,0,0,1,0
2020-05-14,US,Maine,Washington,2,0,0,45.01607142,-67.62813524,23029.0,2,2,0,0,2,2,31490,0,0,0,0,0
2020-05-14,US,Maine,York,277,8,0,43.47808377,-70.71052375,23031.0,269,269,8,0,261,264,206229,8,0,0,8,5
2020-05-14,US,Maryland,Allegany,150,13,0,39.62357628,-78.69280486,24001.0,137,149,13,0,136,148,70975,1,0,0,1,1
2020-05-14,US,Maryland,Anne Arundel,2661,135,0,39.00670238,-76.60329337,24003.0,2526,2596,133,0,2463,2520,576031,65,2,0,63,76
2020-05-14,US,Maryland,Baltimore,4290,223,0,39.45784712,-76.62911955,24005.0,4067,4160,218,0,3942,4051,828431,130,5,0,125,109
2020-05-14,US,Maryland,Baltimore City,3505,192,0,39.30211911,-76.61151012,24510.0,3313,3476,186,0,3290,3404,621342,29,6,0,23,72
2020-05-14,US,Maryland,Calvert,225,13,0,38.53961642,-76.56820632,24009.0,212,214,13,0,201,211,92003,11,0,0,11,3
2020-05-14,US,Maryland,Caroline,183,0,0,38.87172293,-75.82904158,24011.0,183,177,0,0,177,174,33304,6,0,0,6,3
2020-05-14,US,Maryland,Carroll,619,62,0,39.56453592,-77.02373735,24013.0,557,595,61,0,534,589,168429,24,1,0,23,6
2020-05-14,US,Maryland,Cecil,291,17,0,39.56647682,-75.94627411,24015.0,274,271,15,0,256,270,102826,20,2,0,18,1
2020-05-14,US,Maryland,Charles,796,59,0,38.51092331,-76.98580666,24017.0,737,778,57,0,721,761,161503,18,2,0,16,17
2020-05-14,US,Maryland,Dorchester,104,2,0,38.45413522,-76.02752426,24019.0,102,102,2,0,100,102,31998,2,0,0,2,0
2020-05-14,US,Maryland,Frederick,1325,84,0,39.47296601,-77.39999394,24021.0,1241,1302,80,0,1222,1282,255648,23,4,0,19,20
2020-05-14,US,Maryland,Garrett,6,0,0,39.52786077,-79.27355126,24023.0,6,6,0,0,6,6,29163,0,0,0,0,0
2020-05-14,US,Maryland,Harford,663,32,0,39.55010644,-76.30775940000002,24025.0,631,629,28,0,601,614,253956,34,4,0,30,15
2020-05-14,US,Maryland,Howard,1285,40,0,39.25305293,-76.93126208,24027.0,1245,1258,38,0,1220,1234,323196,27,2,0,25,24
2020-05-14,US,Maryland,Kent,125,14,0,39.24976208,-76.04741541,24029.0,111,123,13,0,110,120,19383,2,1,0,1,3
2020-05-14,US,Maryland,Montgomery,7548,437,0,39.13676329,-77.20358245,24031.0,7111,7283,422,0,6861,7130,1052567,265,15,0,250,153
2020-05-14,US,Maryland,Prince George's,10449,398,0,38.83070039,-76.8496441,24033.0,10051,10072,389,0,9683,9892,909308,377,9,0,368,180
2020-05-14,US,Maryland,Queen Anne's,106,9,0,39.06198912,-76.03530977,24035.0,97,104,9,0,95,103,50251,2,0,0,2,1
2020-05-14,US,Maryland,Somerset,51,0,0,38.1163542,-75.75118623,24039.0,51,51,0,0,51,51,25675,0,0,0,0,0
2020-05-14,US,Maryland,St. Mary's,271,9,0,38.30058422,-76.60629279999998,24037.0,262,254,9,0,245,246,112664,17,0,0,17,8
2020-05-14,US,Maryland,Talbot,64,1,0,38.76618159,-76.10882561,24041.0,63,62,1,0,61,61,36968,2,0,0,2,1
2020-05-14,US,Maryland,Unassigned,0,95,0,0.0,0.0,90024.0,-95,0,92,0,-92,0,,0,3,0,-3,0
2020-05-14,US,Maryland,Washington,305,9,0,39.60835778,-77.82002295,24043.0,296,287,9,0,278,284,150926,18,0,0,18,3
2020-05-14,US,Maryland,Wicomico,754,17,0,38.37301947,-75.62705831,24045.0,737,738,17,0,721,694,103195,16,0,0,16,44
2020-05-14,US,Maryland,Worcester,127,5,0,38.21274277,-75.33200012,24047.0,122,125,4,0,121,114,51823,2,1,0,1,11
2020-05-14,US,Massachusetts,Barnstable,1119,82,0,41.72980578,-70.28854339,25001.0,1037,1111,79,0,1032,1093,213413,8,3,0,5,18
2020-05-14,US,Massachusetts,Berkshire,488,37,0,42.37428441,-73.20524838,25003.0,451,486,37,0,449,485,126348,2,0,0,2,1
2020-05-14,US,Massachusetts,Bristol,5440,297,0,41.79228404,-71.10872211,25005.0,5143,5249,288,0,4961,5125,564022,191,9,0,182,124
2020-05-14,US,Massachusetts,Dukes and Nantucket,36,1,0,41.40674725,-70.68763497,0.0,35,35,1,0,34,35,26707,1,0,0,1,0
2020-05-14,US,Massachusetts,Essex,11950,725,0,42.6687626,-70.94687179,25009.0,11225,11703,704,0,10999,11572,790638,247,21,0,226,131
2020-05-14,US,Massachusetts,Franklin,302,43,0,42.58119713,-72.58602547,25011.0,259,302,43,0,259,297,70963,0,0,0,0,5
2020-05-14,US,Massachusetts,Hampden,4974,487,0,42.13440424,-72.63235561,25013.0,4487,4889,475,0,4414,4831,470406,85,12,0,73,58
2020-05-14,US,Massachusetts,Hampshire,724,66,0,42.33997957,-72.65898478,25015.0,658,708,64,0,644,702,161355,16,2,0,14,6
2020-05-14,US,Massachusetts,Middlesex,18381,1327,0,42.48607732,-71.39049229,25017.0,17054,18201,1282,0,16919,17953,1614714,180,45,0,135,248
2020-05-14,US,Massachusetts,Norfolk,7258,696,0,42.16073095,-71.20530408,25021.0,6562,7129,676,0,6453,7046,705388,129,20,0,109,83
2020-05-14,US,Massachusetts,Plymouth,6774,435,0,41.94070556,-70.80802823,25023.0,6339,6592,424,0,6168,6507,518132,182,11,0,171,85
2020-05-14,US,Massachusetts,Suffolk,15881,759,0,42.327951399999996,-71.07850442,25025.0,15122,15587,749,0,14838,15454,807252,294,10,0,284,133
2020-05-14,US,Massachusetts,Unassigned,300,3,0,0.0,0.0,90025.0,297,264,4,0,260,273,,36,-1,0,37,-9
2020-05-14,US,Massachusetts,Worcester,8555,524,0,42.35026951,-71.90493363,25027.0,8031,8241,489,0,7752,7959,830839,314,35,0,279,282
2020-05-14,US,Michigan,Alcona,5,1,0,44.6846864,-83.59507875,26001.0,4,4,1,0,3,4,10362,1,0,0,1,0
2020-05-14,US,Michigan,Allegan,168,2,0,42.59147037,-85.89102866,26005.0,166,165,2,0,163,161,117327,3,0,0,3,4
2020-05-14,US,Michigan,Alpena,88,8,0,45.03477666,-83.62212411,26007.0,80,88,8,0,80,87,28360,0,0,0,0,1
2020-05-14,US,Michigan,Antrim,10,0,0,44.99690221,-85.15503082,26009.0,10,10,0,0,10,10,23365,0,0,0,0,0
2020-05-14,US,Michigan,Arenac,29,1,0,44.0636262,-83.89277559,26011.0,28,28,1,0,27,28,15041,1,0,0,1,0
2020-05-14,US,Michigan,Baraga,1,0,0,46.6720582,-88.36363591,26013.0,1,1,0,0,1,1,8320,0,0,0,0,0
2020-05-14,US,Michigan,Barry,58,1,0,42.59513984,-85.30834519,26015.0,57,54,1,0,53,52,61157,4,0,0,4,2
2020-05-14,US,Michigan,Bay,226,12,0,43.70639106,-83.98731479,26017.0,214,214,10,0,204,214,103923,12,2,0,10,0
2020-05-14,US,Michigan,Benzie,4,0,0,44.63899297,-86.01608482,26019.0,4,4,0,0,4,4,17753,0,0,0,0,0
2020-05-14,US,Michigan,Berrien,470,27,0,41.95447397,-86.41313079999998,26021.0,443,425,26,0,399,411,154141,45,1,0,44,14
2020-05-14,US,Michigan,Branch,90,2,0,41.91600556,-85.05929476,26023.0,88,84,2,0,82,82,43622,6,0,0,6,2
2020-05-14,US,Michigan,Calhoun,286,18,0,42.24633834,-85.00493569,26025.0,268,280,17,0,263,275,134487,6,1,0,5,5
2020-05-14,US,Michigan,Cass,46,2,0,41.91522292,-85.99405727,26027.0,44,44,2,0,42,43,51653,2,0,0,2,1
2020-05-14,US,Michigan,Charlevoix,13,1,0,45.37790017,-85.19614053,26029.0,12,13,1,0,12,13,26244,0,0,0,0,0
2020-05-14,US,Michigan,Cheboygan,19,1,0,45.44787015,-84.50122149,26031.0,18,19,1,0,18,19,25413,0,0,0,0,0
2020-05-14,US,Michigan,Chippewa,2,0,0,46.29552653,-84.54353449,26033.0,2,2,0,0,2,2,37517,0,0,0,0,0
2020-05-14,US,Michigan,Clare,14,2,0,43.98794227,-84.84819859999998,26035.0,12,12,2,0,10,12,30757,2,0,0,2,0
2020-05-14,US,Michigan,Clinton,129,10,0,42.94400871,-84.60145248,26037.0,119,127,10,0,117,126,79332,2,0,0,2,1
2020-05-14,US,Michigan,Crawford,57,4,0,44.68255561,-84.61006219,26039.0,53,57,4,0,53,57,13901,0,0,0,0,0
2020-05-14,US,Michigan,Delta,14,2,0,45.90484910000001,-86.9080745,26041.0,12,14,2,0,12,14,35857,0,0,0,0,0
2020-05-14,US,Michigan,Dickinson,5,2,0,46.00999672,-87.86961634,26043.0,3,5,2,0,3,5,25383,0,0,0,0,0
2020-05-14,US,Michigan,Eaton,161,6,0,42.59599185,-84.83740035,26045.0,155,155,6,0,149,152,109826,6,0,0,6,3
2020-05-14,US,Michigan,Emmet,21,2,0,45.52625509,-84.89083249,26047.0,19,21,2,0,19,21,33308,0,0,0,0,0
2020-05-14,US,Michigan,Federal Correctional Institution (FCI),115,3,0,0.0,0.0,0.0,112,114,3,0,111,114,,1,0,0,1,0
2020-05-14,US,Michigan,Genesee,1813,228,0,43.02244215,-83.70589709,26049.0,1585,1784,227,0,1557,1782,406892,29,1,0,28,2
2020-05-14,US,Michigan,Gladwin,17,1,0,43.98901072,-84.38774817,26051.0,16,18,1,0,17,18,25337,-1,0,0,-1,0
2020-05-14,US,Michigan,Gogebic,4,1,0,46.40862701,-89.69377193,26053.0,3,4,1,0,3,4,15096,0,0,0,0,0
2020-05-14,US,Michigan,Grand Traverse,23,5,0,44.69565625,-85.55585247,26055.0,18,21,5,0,16,21,92573,2,0,0,2,0
2020-05-14,US,Michigan,Gratiot,35,4,0,43.29265605,-84.60505416,26057.0,31,34,4,0,30,33,40599,1,0,0,1,1
2020-05-14,US,Michigan,Hillsdale,155,22,0,41.88753639,-84.59312019,26059.0,133,152,22,0,130,152,45749,3,0,0,3,0
2020-05-14,US,Michigan,Houghton,2,0,0,46.89988536,-88.68495385,26061.0,2,2,0,0,2,2,36219,0,0,0,0,0
2020-05-14,US,Michigan,Huron,39,1,0,43.83353985,-83.04078453,26063.0,38,36,1,0,35,36,31166,3,0,0,3,0
2020-05-14,US,Michigan,Ingham,619,19,0,42.59716886,-84.37472069,26065.0,600,605,18,0,587,594,292735,14,1,0,13,11
2020-05-14,US,Michigan,Ionia,114,3,0,42.94502238,-85.07413319,26067.0,111,111,3,0,108,110,64210,3,0,0,3,1
2020-05-14,US,Michigan,Iosco,56,8,0,44.35486835,-83.63484895,26069.0,48,55,8,0,47,55,25081,1,0,0,1,0
2020-05-14,US,Michigan,Isabella,62,7,0,43.64060976,-84.84664923,26073.0,55,61,7,0,54,61,70562,1,0,0,1,0
2020-05-14,US,Michigan,Jackson,411,26,0,42.24807035,-84.42258681,26075.0,385,405,26,0,379,401,158823,6,0,0,6,4
2020-05-14,US,Michigan,Kalamazoo,669,40,0,42.24542231,-85.53038622,26077.0,629,643,36,0,607,636,264870,26,4,0,22,7
2020-05-14,US,Michigan,Kalkaska,17,2,0,44.68512729,-85.09085699,26079.0,15,17,2,0,15,17,17824,0,0,0,0,0
2020-05-14,US,Michigan,Kent,2627,48,0,43.03197711,-85.54934642,26081.0,2579,2446,47,0,2399,2416,653786,181,1,0,180,30
2020-05-14,US,Michigan,Lake,2,0,0,43.99050893,-85.802173,26085.0,2,2,0,0,2,2,11881,0,0,0,0,0
2020-05-14,US,Michigan,Lapeer,176,30,0,43.09052506,-83.22153148,26087.0,146,175,30,0,145,175,88028,1,0,0,1,0
2020-05-14,US,Michigan,Leelanau,10,0,0,44.94430054,-85.80150326,26089.0,10,9,0,0,9,9,21764,1,0,0,1,0
2020-05-14,US,Michigan,Lenawee,132,3,0,41.89475156,-84.06603727,26091.0,129,129,2,0,127,129,98266,3,1,0,2,0
2020-05-14,US,Michigan,Livingston,380,23,0,42.60302282,-83.91297209,26093.0,357,378,23,0,355,377,191224,2,0,0,2,1
2020-05-14,US,Michigan,Luce,1,0,0,46.47227431,-85.54471223,26095.0,1,1,0,0,1,1,6283,0,0,0,0,0
2020-05-14,US,Michigan,Mackinac,6,0,0,46.07028979,-85.04980537,26097.0,6,6,0,0,6,6,10787,0,0,0,0,0
2020-05-14,US,Michigan,Macomb,6232,728,0,42.69158356,-82.92752801,26099.0,5504,6137,717,0,5420,6097,874759,95,11,0,84,40
2020-05-14,US,Michigan,Manistee,11,0,0,44.33352407,-86.05626916,26101.0,11,11,0,0,11,11,24528,0,0,0,0,0
2020-05-14,US,Michigan,Marquette,51,10,0,46.4338914,-87.64043701,26103.0,41,51,10,0,41,51,66516,0,0,0,0,0
2020-05-14,US,Michigan,Mason,23,0,0,43.99509218,-86.24988902,26105.0,23,22,0,0,22,23,29100,1,0,0,1,-1
2020-05-14,US,Michigan,Mecosta,17,2,0,43.64064262,-85.32463223,26107.0,15,16,2,0,14,16,43545,1,0,0,1,0
2020-05-14,US,Michigan,Menominee,7,0,0,45.58038692,-87.55370409,26109.0,7,6,0,0,6,6,22983,1,0,0,1,0
2020-05-14,US,Michigan,Michigan Department of Corrections (MDOC),2171,56,0,0.0,0.0,0.0,2115,2145,56,0,2089,2144,,26,0,0,26,1
2020-05-14,US,Michigan,Midland,67,8,0,43.64330771,-84.38804374,26111.0,59,67,8,0,59,67,83209,0,0,0,0,0
2020-05-14,US,Michigan,Missaukee,16,1,0,44.33772443,-85.09256478,26113.0,15,16,1,0,15,16,15113,0,0,0,0,0
2020-05-14,US,Michigan,Monroe,415,18,0,41.92734151,-83.53749864,26115.0,397,404,18,0,386,399,150439,11,0,0,11,5
2020-05-14,US,Michigan,Montcalm,52,1,0,43.31082541,-85.15252824,26117.0,51,52,1,0,51,47,63968,0,0,0,0,5
2020-05-14,US,Michigan,Montmorency,5,0,0,45.0275929,-84.12696227,26119.0,5,5,0,0,5,5,9265,0,0,0,0,0
2020-05-14,US,Michigan,Muskegon,435,21,0,43.29123859,-86.15176712,26121.0,414,406,20,0,386,401,173588,29,1,0,28,5
2020-05-14,US,Michigan,Newaygo,38,0,0,43.554373999999996,-85.80070107,26123.0,38,37,0,0,37,36,48892,1,0,0,1,1
2020-05-14,US,Michigan,Oakland,7952,888,0,42.66090111,-83.38595416,26125.0,7064,7830,874,0,6956,7784,1259201,122,14,0,108,46
2020-05-14,US,Michigan,Oceana,44,2,0,43.64124435,-86.26726673,26127.0,42,38,2,0,36,34,26625,6,0,0,6,4
2020-05-14,US,Michigan,Ogemaw,16,0,0,44.33481032,-84.12725175,26129.0,16,15,0,0,15,15,20952,1,0,0,1,0
2020-05-14,US,Michigan,Osceola,9,0,0,43.98992088,-85.32566756,26133.0,9,9,0,0,9,9,23341,0,0,0,0,0
2020-05-14,US,Michigan,Oscoda,5,1,0,44.68192279,-84.12939244,26135.0,4,5,1,0,4,5,8276,0,0,0,0,0
2020-05-14,US,Michigan,Otsego,98,10,0,45.02085831,-84.59898295,26137.0,88,98,10,0,88,98,24665,0,0,0,0,0
2020-05-14,US,Michigan,Ottawa,483,23,0,42.95996803,-85.9969107,26139.0,460,444,21,0,423,430,290494,39,2,0,37,14
2020-05-14,US,Michigan,Out of MI,93,0,0,0.0,0.0,80026.0,93,84,0,0,84,75,,9,0,0,9,9
2020-05-14,US,Michigan,Presque Isle,11,0,0,45.34018577,-83.91498656,26141.0,11,11,0,0,11,11,12738,0,0,0,0,0
2020-05-14,US,Michigan,Roscommon,20,0,0,44.33473082,-84.61067651,26143.0,20,20,0,0,20,20,23884,0,0,0,0,0
2020-05-14,US,Michigan,Saginaw,866,93,0,43.33433923,-84.05131209999998,26145.0,773,849,90,0,759,829,190800,17,3,0,14,20
2020-05-14,US,Michigan,Sanilac,38,5,0,43.42406072,-82.82055898,26151.0,33,38,5,0,33,38,41182,0,0,0,0,0
2020-05-14,US,Michigan,Schoolcraft,4,0,0,46.19235734,-86.19972234,26153.0,4,4,0,0,4,4,8068,0,0,0,0,0
2020-05-14,US,Michigan,Shiawassee,219,19,0,42.95392800000001,-84.14585902,26155.0,200,213,19,0,194,214,68192,6,0,0,6,-1
2020-05-14,US,Michigan,St. Clair,394,28,0,42.92655373,-82.67937954,26147.0,366,373,28,0,345,366,159337,21,0,0,21,7
2020-05-14,US,Michigan,St. Joseph,79,1,0,41.91441767,-85.52797979,26149.0,78,76,1,0,75,71,61043,3,0,0,3,5
2020-05-14,US,Michigan,Tuscola,163,17,0,43.46606813,-83.41897025,26157.0,146,161,17,0,144,162,52516,2,0,0,2,-1
2020-05-14,US,Michigan,Unassigned,35,1,0,0.0,0.0,90026.0,34,10,2,0,8,8,,25,-1,0,26,2
2020-05-14,US,Michigan,Van Buren,100,5,0,42.25190229,-86.01939087,26159.0,95,94,4,0,90,94,75448,6,1,0,5,0
2020-05-14,US,Michigan,Washtenaw,1231,86,0,42.253105,-83.83853204,26161.0,1145,1210,83,0,1127,1206,370963,21,3,0,18,4
2020-05-14,US,Michigan,Wayne,18770,2183,0,42.28098405,-83.281255,26163.0,16587,18389,2156,0,16233,18274,1753893,381,27,0,354,115
2020-05-14,US,Michigan,Wexford,11,2,0,44.33853602,-85.57712739,26165.0,9,11,2,0,9,11,33466,0,0,0,0,0
2020-05-14,US,Minnesota,Aitkin,2,0,0,46.60962049,-93.41168259999999,27001.0,2,2,0,0,2,2,15902,0,0,0,0,0
2020-05-14,US,Minnesota,Anoka,678,35,0,45.27476015,-93.24604565,27003.0,643,640,33,0,607,613,353813,38,2,0,36,27
2020-05-14,US,Minnesota,Becker,30,0,0,46.93479392,-95.67158144,27005.0,30,28,0,0,28,25,34371,2,0,0,2,3
2020-05-14,US,Minnesota,Beltrami,8,0,0,47.97373527,-94.93732139,27007.0,8,6,0,0,6,6,46847,2,0,0,2,0
2020-05-14,US,Minnesota,Benton,109,2,0,45.69804958,-93.99514135,27009.0,107,102,2,0,100,100,40545,7,0,0,7,2
2020-05-14,US,Minnesota,Big Stone,2,0,0,45.42712824,-96.41403739,27011.0,2,2,0,0,2,2,4989,0,0,0,0,0
2020-05-14,US,Minnesota,Blue Earth,71,0,0,44.03554215,-94.06699781,27013.0,71,69,0,0,69,67,67427,2,0,0,2,2
2020-05-14,US,Minnesota,Brown,10,2,0,44.24205652,-94.72562874,27015.0,8,10,1,0,9,9,25111,0,1,0,-1,1
2020-05-14,US,Minnesota,Carlton,66,0,0,46.59180601,-92.67601019,27017.0,66,65,0,0,65,65,35837,1,0,0,1,0
2020-05-14,US,Minnesota,Carver,103,1,0,44.82017001,-93.80099179999999,27019.0,102,99,1,0,98,95,103551,4,0,0,4,4
2020-05-14,US,Minnesota,Cass,9,2,0,46.95043611,-94.32603968,27021.0,7,8,2,0,6,8,29519,1,0,0,1,0
2020-05-14,US,Minnesota,Chippewa,27,0,0,45.02343421,-95.56403693,27023.0,27,26,0,0,26,21,11924,1,0,0,1,5
2020-05-14,US,Minnesota,Chisago,25,1,0,45.5021011,-92.90861945,27025.0,24,25,1,0,24,23,55922,0,0,0,0,2
2020-05-14,US,Minnesota,Clay,273,18,0,46.89289518,-96.48761922,27027.0,255,256,17,0,239,254,63955,17,1,0,16,2
2020-05-14,US,Minnesota,Clearwater,2,0,0,47.57992111,-95.37790562,27029.0,2,2,0,0,2,2,8810,0,0,0,0,0
2020-05-14,US,Minnesota,Cottonwood,51,0,0,44.00715262,-95.18138802,27033.0,51,47,0,0,47,47,11277,4,0,0,4,0
2020-05-14,US,Minnesota,Crow Wing,24,1,0,46.48096553,-94.06755609,27035.0,23,23,1,0,22,23,64889,1,0,0,1,0
2020-05-14,US,Minnesota,Dakota,562,16,0,44.67172617,-93.06299363,27037.0,546,524,15,0,509,508,425423,38,1,0,37,16
2020-05-14,US,Minnesota,Dodge,28,0,0,44.02238415,-92.86244324,27039.0,28,26,0,0,26,26,20822,2,0,0,2,0
2020-05-14,US,Minnesota,Douglas,17,0,0,45.93348491,-95.45335469,27041.0,17,17,0,0,17,17,37964,0,0,0,0,0
2020-05-14,US,Minnesota,Faribault,9,0,0,43.67381499,-93.94787458,27043.0,9,8,0,0,8,10,13758,1,0,0,1,-2
2020-05-14,US,Minnesota,Fillmore,16,1,0,43.67394126,-92.08980382,27045.0,15,14,1,0,13,14,21058,2,0,0,2,0
2020-05-14,US,Minnesota,Freeborn,52,0,0,43.67385583,-93.34884422,27047.0,52,47,0,0,47,46,30444,5,0,0,5,1
2020-05-14,US,Minnesota,Goodhue,29,0,0,44.40849741,-92.72341949999999,27049.0,29,27,0,0,27,26,46403,2,0,0,2,1
2020-05-14,US,Minnesota,Grant,2,0,0,45.93424769,-96.01139609,27051.0,2,2,0,0,2,2,6021,0,0,0,0,0
2020-05-14,US,Minnesota,Hennepin,4331,441,0,45.00761521,-93.47694895,27053.0,3890,4183,426,0,3757,4033,1259428,148,15,0,133,150
2020-05-14,US,Minnesota,Houston,2,0,0,43.67129565,-91.49143057,27055.0,2,2,0,0,2,2,18578,0,0,0,0,0
2020-05-14,US,Minnesota,Isanti,11,0,0,45.56181234,-93.29487636,27059.0,11,10,0,0,10,10,39966,1,0,0,1,0
2020-05-14,US,Minnesota,Itasca,41,2,0,47.51009045,-93.63092229,27061.0,39,40,2,0,38,35,45108,1,0,0,1,5
2020-05-14,US,Minnesota,Jackson,34,0,0,43.67423373,-95.15398258,27063.0,34,33,0,0,33,33,9911,1,0,0,1,0
2020-05-14,US,Minnesota,Kanabec,10,0,0,45.9459309,-93.29275192,27065.0,10,11,0,0,11,10,16207,-1,0,0,-1,1
2020-05-14,US,Minnesota,Kandiyohi,386,1,0,45.1526059,-95.00586446,27067.0,385,383,1,0,382,367,42855,3,0,0,3,16
2020-05-14,US,Minnesota,Kittson,1,0,0,48.77754106,-96.78317184,27069.0,1,1,0,0,1,1,4248,0,0,0,0,0
2020-05-14,US,Minnesota,Koochiching,3,0,0,48.24539665,-93.78352843,27071.0,3,2,0,0,2,2,12440,1,0,0,1,0
2020-05-14,US,Minnesota,Lac qui Parle,2,0,0,44.9973857,-96.17488219,27073.0,2,2,0,0,2,2,6658,0,0,0,0,0
2020-05-14,US,Minnesota,Lake,1,0,0,47.64270764,-91.44557998,27075.0,1,1,0,0,1,1,10658,0,0,0,0,0
2020-05-14,US,Minnesota,Le Sueur,31,1,0,44.37136597,-93.72844721,27079.0,30,31,1,0,30,31,28494,0,0,0,0,0
2020-05-14,US,Minnesota,Lincoln,4,0,0,44.41311883,-96.26688165,27081.0,4,4,0,0,4,4,5673,0,0,0,0,0
2020-05-14,US,Minnesota,Lyon,22,0,0,44.41327865,-95.83806103,27083.0,22,22,0,0,22,20,25629,0,0,0,0,2
2020-05-14,US,Minnesota,Mahnomen,5,1,0,47.32557075,-95.80921485,27087.0,4,3,1,0,2,3,5519,2,0,0,2,0
2020-05-14,US,Minnesota,Marshall,8,0,0,48.35825983,-96.37017407,27089.0,8,8,0,0,8,8,9390,0,0,0,0,0
2020-05-14,US,Minnesota,Martin,113,4,0,43.67429718,-94.55099908,27091.0,109,113,4,0,109,112,19785,0,0,0,0,1
2020-05-14,US,Minnesota,McLeod,15,0,0,44.82367677,-94.27287017,27085.0,15,15,0,0,15,14,35873,0,0,0,0,1
2020-05-14,US,Minnesota,Meeker,24,0,0,45.12328869,-94.52839455,27093.0,24,23,0,0,23,23,23141,1,0,0,1,0
2020-05-14,US,Minnesota,Mille Lacs,7,1,0,45.93705297,-93.63236823,27095.0,6,7,1,0,6,7,26139,0,0,0,0,0
2020-05-14,US,Minnesota,Morrison,21,0,0,46.01265363,-94.27341528,27097.0,21,18,0,0,18,16,33169,3,0,0,3,2
2020-05-14,US,Minnesota,Mower,50,0,0,43.67142874,-92.75234549,27099.0,50,48,0,0,48,45,40011,2,0,0,2,3
2020-05-14,US,Minnesota,Murray,30,0,0,44.02216709,-95.76328482,27101.0,30,30,0,0,30,29,8276,0,0,0,0,1
2020-05-14,US,Minnesota,Nicollet,23,2,0,44.35291112,-94.24710352,27103.0,21,23,2,0,21,22,34220,0,0,0,0,1
2020-05-14,US,Minnesota,Nobles,1319,2,0,43.67434621,-95.75329576,27105.0,1317,1290,2,0,1288,1291,21924,29,0,0,29,-1
2020-05-14,US,Minnesota,Norman,11,0,0,47.32628443,-96.45620947,27107.0,11,11,0,0,11,11,6475,0,0,0,0,0
2020-05-14,US,Minnesota,Olmsted,399,9,0,44.00374114,-92.40209944,27109.0,390,385,9,0,376,378,156277,14,0,0,14,7
2020-05-14,US,Minnesota,Otter Tail,33,0,0,46.40846929,-95.70835255,27111.0,33,27,0,0,27,25,58812,6,0,0,6,2
2020-05-14,US,Minnesota,Pennington,1,0,0,48.06642577,-96.0370814,27113.0,1,1,0,0,1,1,14178,0,0,0,0,0
2020-05-14,US,Minnesota,Pine,80,0,0,46.12105238,-92.74070188,27115.0,80,73,0,0,73,73,29483,7,0,0,7,0
2020-05-14,US,Minnesota,Pipestone,9,0,0,44.02301619,-96.25841142,27117.0,9,8,0,0,8,7,9047,1,0,0,1,1
2020-05-14,US,Minnesota,Polk,55,2,0,47.77372465,-96.40134647,27119.0,53,55,1,0,54,54,31529,0,1,0,-1,1
2020-05-14,US,Minnesota,Pope,5,0,0,45.58606667,-95.44451209,27121.0,5,5,0,0,5,5,11097,0,0,0,0,0
2020-05-14,US,Minnesota,Ramsey,1167,56,0,45.01625271,-93.09872295,27123.0,1111,1124,55,0,1069,1052,550210,43,1,0,42,72
2020-05-14,US,Minnesota,Red Lake,2,0,0,47.87197525,-96.09561104,27125.0,2,2,0,0,2,2,3999,0,0,0,0,0
2020-05-14,US,Minnesota,Redwood,3,0,0,44.40555844,-95.25207021,27127.0,3,3,0,0,3,3,15249,0,0,0,0,0
2020-05-14,US,Minnesota,Renville,5,0,0,44.72836381,-94.94553734,27129.0,5,6,0,0,6,6,14612,-1,0,0,-1,0
2020-05-14,US,Minnesota,Rice,181,2,0,44.3543376,-93.29658715,27131.0,179,153,2,0,151,134,66523,28,0,0,28,19
2020-05-14,US,Minnesota,Rock,19,0,0,43.67482683,-96.25296832,27133.0,19,19,0,0,19,19,9414,0,0,0,0,0
2020-05-14,US,Minnesota,Roseau,1,0,0,48.77501878,-95.81079919,27135.0,1,1,0,0,1,1,15150,0,0,0,0,0
2020-05-14,US,Minnesota,Scott,186,1,0,44.6490231,-93.53340251,27139.0,185,177,1,0,176,168,147381,9,0,0,9,9
2020-05-14,US,Minnesota,Sherburne,130,1,0,45.44447208,-93.77617511,27141.0,129,126,1,0,125,122,96036,4,0,0,4,4
2020-05-14,US,Minnesota,Sibley,4,0,0,44.5796592,-94.23164924,27143.0,4,4,0,0,4,4,15028,0,0,0,0,0
2020-05-14,US,Minnesota,St. Louis,100,12,0,47.604840700000004,-92.46879855,27137.0,88,99,12,0,87,96,199754,1,0,0,1,3
2020-05-14,US,Minnesota,Stearns,1609,9,0,45.55192576,-94.61078221,27145.0,1600,1558,7,0,1551,1512,159256,51,2,0,49,46
2020-05-14,US,Minnesota,Steele,85,0,0,44.02240351,-93.22627088,27147.0,85,77,0,0,77,73,36803,8,0,0,8,4
2020-05-14,US,Minnesota,Stevens,1,0,0,45.58613007,-96.00163705,27149.0,1,1,0,0,1,1,9753,0,0,0,0,0
2020-05-14,US,Minnesota,Swift,10,0,0,45.2829032,-95.68264092,27151.0,10,10,0,0,10,9,9345,0,0,0,0,1
2020-05-14,US,Minnesota,Todd,46,0,0,46.06996226,-94.89785296,27153.0,46,44,0,0,44,42,24582,2,0,0,2,2
2020-05-14,US,Minnesota,Traverse,3,0,0,45.77298854,-96.47062949,27155.0,3,3,0,0,3,3,3308,0,0,0,0,0
2020-05-14,US,Minnesota,Unassigned,21,9,0,0.0,0.0,90027.0,12,16,0,0,16,30,,5,9,0,-4,-14
2020-05-14,US,Minnesota,Wabasha,16,0,0,44.28424356,-92.23121312,27157.0,16,15,0,0,15,13,21645,1,0,0,1,2
2020-05-14,US,Minnesota,Wadena,4,0,0,46.58589171,-94.96968506,27159.0,4,4,0,0,4,4,13773,0,0,0,0,0
2020-05-14,US,Minnesota,Waseca,18,0,0,44.02211116,-93.58720034,27161.0,18,18,0,0,18,16,18691,0,0,0,0,2
2020-05-14,US,Minnesota,Washington,282,18,0,45.03864533,-92.88429635,27163.0,264,274,17,0,257,266,259201,8,1,0,7,8
2020-05-14,US,Minnesota,Watonwan,32,0,0,43.97823903,-94.61413846,27165.0,32,30,0,0,30,28,10980,2,0,0,2,2
2020-05-14,US,Minnesota,Wilkin,11,3,0,46.35721532,-96.4684375,27167.0,8,11,3,0,8,11,6254,0,0,0,0,0
2020-05-14,US,Minnesota,Winona,74,15,0,43.98772283,-91.78081305,27169.0,59,72,15,0,57,71,50825,2,0,0,2,1
2020-05-14,US,Minnesota,Wright,130,1,0,45.17297924,-93.96234781,27171.0,129,124,1,0,123,119,136349,6,0,0,6,5
2020-05-14,US,Minnesota,Yellow Medicine,3,0,0,44.71710183,-95.86842453,27173.0,3,3,0,0,3,3,9795,0,0,0,0,0
2020-05-14,US,Mississippi,Adams,164,15,0,31.47669768,-91.35326037,28001.0,149,163,15,0,148,161,31192,1,0,0,1,2
2020-05-14,US,Mississippi,Alcorn,12,1,0,34.88084463,-88.57996173,28003.0,11,11,1,0,10,11,36925,1,0,0,1,0
2020-05-14,US,Mississippi,Amite,39,0,0,31.17467303,-90.80501621,28005.0,39,38,0,0,38,38,12326,1,0,0,1,0
2020-05-14,US,Mississippi,Attala,212,5,0,33.08658803,-89.57838564,28007.0,207,206,5,0,201,205,18365,6,0,0,6,1
2020-05-14,US,Mississippi,Benton,14,0,0,34.81681228,-89.18945516,28009.0,14,14,0,0,14,14,8271,0,0,0,0,0
2020-05-14,US,Mississippi,Bolivar,120,10,0,33.79696941,-90.87372121,28011.0,110,120,9,0,111,120,31333,0,1,0,-1,0
2020-05-14,US,Mississippi,Calhoun,58,4,0,33.93683395,-89.33686647,28013.0,54,58,4,0,54,58,14436,0,0,0,0,0
2020-05-14,US,Mississippi,Carroll,106,4,0,33.44834567,-89.91994479,28015.0,102,105,4,0,101,105,9911,1,0,0,1,0
2020-05-14,US,Mississippi,Chickasaw,110,10,0,33.91983202,-88.9481545,28017.0,100,95,10,0,85,94,17171,15,0,0,15,1
2020-05-14,US,Mississippi,Choctaw,18,2,0,33.34598242,-89.24809382,28019.0,16,17,2,0,15,16,8278,1,0,0,1,1
2020-05-14,US,Mississippi,Claiborne,48,0,0,31.97061673,-90.90702196,28021.0,48,41,0,0,41,41,9002,7,0,0,7,0
2020-05-14,US,Mississippi,Clarke,97,11,0,32.04158545,-88.68896219999998,28023.0,86,90,9,0,81,87,15604,7,2,0,5,3
2020-05-14,US,Mississippi,Clay,75,3,0,33.65358105,-88.77784255,28025.0,72,72,3,0,69,68,19386,3,0,0,3,4
2020-05-14,US,Mississippi,Coahoma,73,3,0,34.22772299,-90.60415045,28027.0,70,72,3,0,69,72,22628,1,0,0,1,0
2020-05-14,US,Mississippi,Copiah,191,1,0,31.86977774,-90.44565118,28029.0,190,170,1,0,169,165,28543,21,0,0,21,5
2020-05-14,US,Mississippi,Covington,101,1,0,31.63225413,-89.55389939,28031.0,100,99,1,0,98,100,18853,2,0,0,2,-1
2020-05-14,US,Mississippi,DeSoto,355,5,0,34.87625235,-89.99091418,28033.0,350,350,5,0,345,346,182001,5,0,0,5,4
2020-05-14,US,Mississippi,Forrest,357,24,0,31.18961454,-89.25832496,28035.0,333,336,23,0,313,331,75036,21,1,0,20,5
2020-05-14,US,Mississippi,Franklin,19,1,0,31.47786634,-90.89672989,28037.0,18,19,1,0,18,19,7788,0,0,0,0,0
2020-05-14,US,Mississippi,George,16,1,0,30.86259065,-88.64436789,28039.0,15,16,1,0,15,15,24250,0,0,0,0,1
2020-05-14,US,Mississippi,Greene,7,1,0,31.21444233,-88.63922281,28041.0,6,6,1,0,5,6,13586,1,0,0,1,0
2020-05-14,US,Mississippi,Grenada,56,2,0,33.77036166,-89.80245083,28043.0,54,55,2,0,53,52,21055,1,0,0,1,3
2020-05-14,US,Mississippi,Hancock,79,10,0,30.41830223,-89.48851033,28045.0,69,75,10,0,65,74,47334,4,0,0,4,1
2020-05-14,US,Mississippi,Harrison,223,6,0,30.51359752,-89.12467576,28047.0,217,210,6,0,204,201,206650,13,0,0,13,9
2020-05-14,US,Mississippi,Hinds,717,18,0,32.2656285,-90.44435448,28049.0,699,698,17,0,681,681,237085,19,1,0,18,17
2020-05-14,US,Mississippi,Holmes,262,19,0,33.12345854,-90.08923538,28051.0,243,231,19,0,212,224,17622,31,0,0,31,7
2020-05-14,US,Mississippi,Humphreys,39,5,0,33.12825718,-90.52252707,28053.0,34,39,4,0,35,38,8257,0,1,0,-1,1
2020-05-14,US,Mississippi,Itawamba,73,7,0,34.27993475,-88.3606733,28057.0,66,71,7,0,64,70,23517,2,0,0,2,1
2020-05-14,US,Mississippi,Jackson,280,13,0,30.54020656,-88.64184064,28059.0,267,278,13,0,265,276,143277,2,0,0,2,2
2020-05-14,US,Mississippi,Jasper,104,3,0,32.01922104,-89.11786866,28061.0,101,97,3,0,94,92,16428,7,0,0,7,5
2020-05-14,US,Mississippi,Jefferson,33,0,0,31.73397872,-91.03764977,28063.0,33,32,0,0,32,32,7106,1,0,0,1,0
2020-05-14,US,Mississippi,Jefferson Davis,63,1,0,31.56884708,-89.82670990000004,28065.0,62,60,1,0,59,58,11234,3,0,0,3,2
2020-05-14,US,Mississippi,Jones,287,7,0,31.62257767,-89.16896899999998,28067.0,280,264,6,0,258,260,68461,23,1,0,22,4
2020-05-14,US,Mississippi,Kemper,100,7,0,32.75462946,-88.64105766,28069.0,93,99,7,0,92,97,10027,1,0,0,1,2
2020-05-14,US,Mississippi,Lafayette,106,3,0,34.35687874,-89.48490961,28071.0,103,102,3,0,99,101,54793,4,0,0,4,1
2020-05-14,US,Mississippi,Lamar,164,4,0,31.20572971,-89.5077704,28073.0,160,158,4,0,154,156,62447,6,0,0,6,2
2020-05-14,US,Mississippi,Lauderdale,557,45,0,32.40419769,-88.66229662,28075.0,512,523,45,0,478,501,75317,34,0,0,34,22
2020-05-14,US,Mississippi,Lawrence,74,0,0,31.55147224,-90.10841127,28077.0,74,71,0,0,71,70,12455,3,0,0,3,1
2020-05-14,US,Mississippi,Leake,332,5,0,32.7536828,-89.52402044,28079.0,327,323,5,0,318,318,22763,9,0,0,9,5
2020-05-14,US,Mississippi,Lee,83,4,0,34.291877500000005,-88.68149954,28081.0,79,81,4,0,77,81,85202,2,0,0,2,0
2020-05-14,US,Mississippi,Leflore,197,22,0,33.55545125,-90.29900733,28083.0,175,192,21,0,171,191,28919,5,1,0,4,1
2020-05-14,US,Mississippi,Lincoln,194,16,0,31.53288662,-90.45391915,28085.0,178,191,15,0,176,189,34205,3,1,0,2,2
2020-05-14,US,Mississippi,Lowndes,100,4,0,33.47386518,-88.44191529999998,28087.0,96,93,4,0,89,91,58930,7,0,0,7,2
2020-05-14,US,Mississippi,Madison,502,15,0,32.63389156,-90.03513564,28089.0,487,493,15,0,478,491,105630,9,0,0,9,2
2020-05-14,US,Mississippi,Marion,86,7,0,31.23132643,-89.8209217,28091.0,79,86,7,0,79,84,24715,0,0,0,0,2
2020-05-14,US,Mississippi,Marshall,63,2,0,34.76216286,-89.50299462,28093.0,61,62,2,0,60,58,35451,1,0,0,1,4
2020-05-14,US,Mississippi,Monroe,209,22,0,33.89236763,-88.4808438,28095.0,187,203,21,0,182,202,35564,6,1,0,5,1
2020-05-14,US,Mississippi,Montgomery,70,1,0,33.49419589,-89.61729103,28097.0,69,69,1,0,68,69,10023,1,0,0,1,0
2020-05-14,US,Mississippi,Neshoba,354,18,0,32.75339664,-89.11726492,28099.0,336,338,16,0,322,326,29125,16,2,0,14,12
2020-05-14,US,Mississippi,Newton,161,2,0,32.40021118,-89.11843336,28101.0,159,155,1,0,154,147,21443,6,1,0,5,8
2020-05-14,US,Mississippi,Noxubee,118,2,0,33.11009499,-88.56949061,28103.0,116,117,2,0,115,117,10535,1,0,0,1,0
2020-05-14,US,Mississippi,Oktibbeha,97,6,0,33.42491685,-88.87905132,28105.0,91,94,6,0,88,91,49599,3,0,0,3,3
2020-05-14,US,Mississippi,Panola,46,2,0,34.36398677,-89.95064249,28107.0,44,45,2,0,43,45,34178,1,0,0,1,0
2020-05-14,US,Mississippi,Pearl River,193,26,0,30.77090935,-89.58677275,28109.0,167,190,25,0,165,190,55387,3,1,0,2,0
2020-05-14,US,Mississippi,Perry,35,1,0,31.17161885,-88.99281835,28111.0,34,35,1,0,34,35,11931,0,0,0,0,0
2020-05-14,US,Mississippi,Pike,173,10,0,31.17507789,-90.40392572,28113.0,163,173,10,0,163,173,39563,0,0,0,0,0
2020-05-14,US,Mississippi,Pontotoc,25,2,0,34.226046000000004,-89.03636807,28115.0,23,24,2,0,22,23,31833,1,0,0,1,1
2020-05-14,US,Mississippi,Prentiss,36,2,0,34.61810501,-88.51986294,28117.0,34,36,2,0,34,36,25315,0,0,0,0,0
2020-05-14,US,Mississippi,Quitman,19,0,0,34.25157572,-90.28908,28119.0,19,18,0,0,18,17,7051,1,0,0,1,1
2020-05-14,US,Mississippi,Rankin,271,6,0,32.26469147,-89.94537876,28121.0,265,262,6,0,256,256,153902,9,0,0,9,6
2020-05-14,US,Mississippi,Scott,487,6,0,32.406704100000006,-89.53789439,28123.0,481,483,6,0,477,475,28287,4,0,0,4,8
2020-05-14,US,Mississippi,Sharkey,5,0,0,32.88149103,-90.81595379999999,28125.0,5,5,0,0,5,5,4377,0,0,0,0,0
2020-05-14,US,Mississippi,Simpson,72,0,0,31.91282117,-89.91716179,28127.0,72,65,0,0,65,63,26758,7,0,0,7,2
2020-05-14,US,Mississippi,Smith,107,7,0,32.01744532,-89.50644846,28129.0,100,107,7,0,100,105,16002,0,0,0,0,2
2020-05-14,US,Mississippi,Stone,26,0,0,30.79187949,-89.11547539,28131.0,26,23,0,0,23,23,18717,3,0,0,3,0
2020-05-14,US,Mississippi,Sunflower,65,3,0,33.60192578,-90.58882684,28133.0,62,64,3,0,61,64,25735,1,0,0,1,0
2020-05-14,US,Mississippi,Tallahatchie,15,1,0,33.95339918,-90.1729398,28135.0,14,14,1,0,13,13,13987,1,0,0,1,1
2020-05-14,US,Mississippi,Tate,55,0,0,34.65133709,-89.94485778,28137.0,55,54,0,0,54,54,28759,1,0,0,1,0
2020-05-14,US,Mississippi,Tippah,66,11,0,34.76872156,-88.90988194,28139.0,55,66,11,0,55,66,21995,0,0,0,0,0
2020-05-14,US,Mississippi,Tishomingo,11,0,0,34.74023475,-88.23917219,28141.0,11,10,0,0,10,10,19454,1,0,0,1,0
2020-05-14,US,Mississippi,Tunica,40,2,0,34.64967704,-90.37481167,28143.0,38,40,2,0,38,40,9944,0,0,0,0,0
2020-05-14,US,Mississippi,Union,57,4,0,34.49162015,-89.00776006,28145.0,53,55,4,0,51,54,28606,2,0,0,2,1
2020-05-14,US,Mississippi,Walthall,42,0,0,31.14971548,-90.10446654,28147.0,42,42,0,0,42,42,14465,0,0,0,0,0
2020-05-14,US,Mississippi,Warren,127,3,0,32.35810271,-90.83352619,28149.0,124,123,2,0,121,122,46176,4,1,0,3,1
2020-05-14,US,Mississippi,Washington,92,4,0,33.28392041,-90.94196237,28151.0,88,87,4,0,83,86,45063,5,0,0,5,1
2020-05-14,US,Mississippi,Wayne,32,0,0,31.64135687,-88.69573913,28153.0,32,29,0,0,29,29,20298,3,0,0,3,0
2020-05-14,US,Mississippi,Webster,22,1,0,33.61300486,-89.28392912,28155.0,21,22,1,0,21,22,9788,0,0,0,0,0
2020-05-14,US,Mississippi,Wilkinson,78,9,0,31.16078225,-91.31018819,28157.0,69,78,9,0,69,78,8792,0,0,0,0,0
2020-05-14,US,Mississippi,Winston,70,0,0,33.08747908,-89.03391385,28159.0,70,67,0,0,67,67,18165,3,0,0,3,0
2020-05-14,US,Mississippi,Yalobusha,65,0,0,34.02824175,-89.70762049999998,28161.0,65,44,0,0,44,36,12392,21,0,0,21,8
2020-05-14,US,Mississippi,Yazoo,176,2,0,32.77890365,-90.39656148,28163.0,174,171,2,0,169,169,28248,5,0,0,5,2
2020-05-14,US,Missouri,Adair,15,0,0,40.19058551,-92.60078167,29001.0,15,12,0,0,12,12,25339,3,0,0,3,0
2020-05-14,US,Missouri,Andrew,11,0,0,39.98492163,-94.80163024,29003.0,11,11,0,0,11,8,17607,0,0,0,0,3
2020-05-14,US,Missouri,Atchison,2,0,0,40.43238737,-95.42970639,29005.0,2,2,0,0,2,2,5171,0,0,0,0,0
2020-05-14,US,Missouri,Audrain,2,0,0,39.215877,-91.84242683,29007.0,2,2,0,0,2,2,25473,0,0,0,0,0
2020-05-14,US,Missouri,Barry,6,0,0,36.70978521,-93.82919888,29009.0,6,6,0,0,6,6,35886,0,0,0,0,0
2020-05-14,US,Missouri,Bates,6,1,0,38.25271289,-94.34113157,29013.0,5,6,1,0,5,6,16320,0,0,0,0,0
2020-05-14,US,Missouri,Benton,9,0,0,38.29503305,-93.28756116,29015.0,9,8,0,0,8,8,19278,1,0,0,1,0
2020-05-14,US,Missouri,Bollinger,4,0,0,37.32449052,-90.02725304,29017.0,4,4,0,0,4,4,12169,0,0,0,0,0
2020-05-14,US,Missouri,Boone,100,1,0,38.99186229,-92.30723575,29019.0,99,100,1,0,99,100,180005,0,0,0,0,0
2020-05-14,US,Missouri,Buchanan,496,2,0,39.65816401,-94.80138942,29021.0,494,476,2,0,474,464,88571,20,0,0,20,12
2020-05-14,US,Missouri,Butler,27,0,0,36.71462476,-90.40421163,29023.0,27,27,0,0,27,27,42639,0,0,0,0,0
2020-05-14,US,Missouri,Caldwell,3,0,0,39.65620858,-93.98308093,29025.0,3,3,0,0,3,3,9108,0,0,0,0,0
2020-05-14,US,Missouri,Callaway,23,1,0,38.83674754,-91.92186505,29027.0,22,23,1,0,22,23,44889,0,0,0,0,0
2020-05-14,US,Missouri,Camden,36,1,0,38.02199522,-92.76083747,29029.0,35,36,1,0,35,36,45815,0,0,0,0,0
2020-05-14,US,Missouri,Cape Girardeau,52,1,0,37.38489388,-89.6843587,29031.0,51,52,1,0,51,52,78753,0,0,0,0,0
2020-05-14,US,Missouri,Carroll,4,0,0,39.42762566,-93.50626255,29033.0,4,4,0,0,4,4,8743,0,0,0,0,0
2020-05-14,US,Missouri,Carter,3,1,0,36.94160441,-90.96051322,29035.0,2,3,1,0,2,3,6054,0,0,0,0,0
2020-05-14,US,Missouri,Cass,71,8,0,38.64789422,-94.353399,29037.0,63,69,8,0,61,69,104954,2,0,0,2,0
2020-05-14,US,Missouri,Cedar,9,0,0,37.72391475,-93.85445441,29039.0,9,9,0,0,9,9,14165,0,0,0,0,0
2020-05-14,US,Missouri,Chariton,6,0,0,39.51499357,-92.9629191,29041.0,6,6,0,0,6,5,7451,0,0,0,0,1
2020-05-14,US,Missouri,Christian,21,0,0,36.9711783,-93.18537118,29043.0,21,21,0,0,21,21,86983,0,0,0,0,0
2020-05-14,US,Missouri,Clark,1,0,0,40.41040752,-91.73661677,29045.0,1,1,0,0,1,1,6842,0,0,0,0,0
2020-05-14,US,Missouri,Clay,105,1,0,39.31132056,-94.41850862,29047.0,104,102,1,0,101,96,246365,3,0,0,3,6
2020-05-14,US,Missouri,Clinton,14,0,0,39.6013098,-94.40465394,29049.0,14,14,0,0,14,14,20470,0,0,0,0,0
2020-05-14,US,Missouri,Cole,56,1,0,38.50455671,-92.27860244,29051.0,55,56,1,0,55,56,76796,0,0,0,0,0
2020-05-14,US,Missouri,Cooper,9,0,0,38.844478,-92.80896081,29053.0,9,9,0,0,9,9,17603,0,0,0,0,0
2020-05-14,US,Missouri,Crawford,8,0,0,37.97663738,-91.30528104,29055.0,8,8,0,0,8,8,23957,0,0,0,0,0
2020-05-14,US,Missouri,Dallas,2,0,0,37.681135499999996,-93.02127031,29059.0,2,2,0,0,2,2,16762,0,0,0,0,0
2020-05-14,US,Missouri,Daviess,3,0,0,39.96145298,-93.98519678,29061.0,3,3,0,0,3,3,8313,0,0,0,0,0
2020-05-14,US,Missouri,DeKalb,4,0,0,39.89201062,-94.40476508,29063.0,4,4,0,0,4,4,12630,0,0,0,0,0
2020-05-14,US,Missouri,Dunklin,24,2,0,36.27167174,-90.09122243,29069.0,22,24,2,0,22,24,29423,0,0,0,0,0
2020-05-14,US,Missouri,Franklin,134,14,0,38.41127108,-91.07522826,29071.0,120,133,14,0,119,131,103670,1,0,0,1,2
2020-05-14,US,Missouri,Gasconade,2,0,0,38.43947277,-91.50847147,29073.0,2,2,0,0,2,2,14705,0,0,0,0,0
2020-05-14,US,Missouri,Gentry,2,0,0,40.21097916,-94.40944419,29075.0,2,1,0,0,1,1,6628,1,0,0,1,0
2020-05-14,US,Missouri,Greene,105,8,0,37.2575872,-93.34230916,29077.0,97,104,8,0,96,103,291923,1,0,0,1,1
2020-05-14,US,Missouri,Harrison,7,0,0,40.35570088,-93.99222144,29081.0,7,7,0,0,7,6,8414,0,0,0,0,1
2020-05-14,US,Missouri,Henry,9,1,0,38.38482826,-93.79293734,29083.0,8,9,1,0,8,9,21792,0,0,0,0,0
2020-05-14,US,Missouri,Holt,1,0,0,40.09799248,-95.21638879999999,29087.0,1,1,0,0,1,1,4404,0,0,0,0,0
2020-05-14,US,Missouri,Howard,3,0,0,39.1435761,-92.69756691,29089.0,3,3,0,0,3,3,10137,0,0,0,0,0
2020-05-14,US,Missouri,Howell,5,0,0,36.77383887,-91.88683935,29091.0,5,5,0,0,5,5,40076,0,0,0,0,0
2020-05-14,US,Missouri,Iron,2,0,0,37.55487945,-90.7735296,29093.0,2,2,0,0,2,2,10177,0,0,0,0,0
2020-05-14,US,Missouri,Jackson,395,16,0,39.01002188,-94.34724536,29095.0,379,401,16,0,385,402,700307,-6,0,0,-6,-1
2020-05-14,US,Missouri,Jasper,29,0,0,37.20351921,-94.34050458,29097.0,29,29,0,0,29,29,120636,0,0,0,0,0
2020-05-14,US,Missouri,Jefferson,316,13,0,38.25926778,-90.53870896,29099.0,303,314,13,0,301,310,224347,2,0,0,2,4
2020-05-14,US,Missouri,Johnson,69,0,0,38.74719601,-93.80691168,29101.0,69,65,0,0,65,65,53652,4,0,0,4,0
2020-05-14,US,Missouri,Kansas City,838,17,0,39.0997,-94.5786,0.0,821,808,16,0,792,791,491918,30,1,0,29,17
2020-05-14,US,Missouri,Laclede,3,0,0,37.65896829,-92.5888493,29105.0,3,3,0,0,3,3,35713,0,0,0,0,0
2020-05-14,US,Missouri,Lafayette,67,3,0,39.06986886,-93.78076396,29107.0,64,65,3,0,62,62,32598,2,0,0,2,3
2020-05-14,US,Missouri,Lawrence,7,0,0,37.10626634,-93.83293097,29109.0,7,7,0,0,7,7,38359,0,0,0,0,0
2020-05-14,US,Missouri,Lewis,6,1,0,40.09673161,-91.72070156,29111.0,5,6,1,0,5,6,9855,0,0,0,0,0
2020-05-14,US,Missouri,Lincoln,103,1,0,39.05345619,-90.95588181,29113.0,102,103,1,0,102,103,57686,0,0,0,0,0
2020-05-14,US,Missouri,Linn,5,1,0,39.87001769,-93.10704106,29115.0,4,5,1,0,4,5,12037,0,0,0,0,0
2020-05-14,US,Missouri,Livingston,3,0,0,39.78110272,-93.54645978,29117.0,3,3,0,0,3,3,15146,0,0,0,0,0
2020-05-14,US,Missouri,Macon,2,0,0,39.83049768,-92.56453089,29121.0,2,2,0,0,2,2,15153,0,0,0,0,0
2020-05-14,US,Missouri,Madison,3,0,0,37.47865134,-90.34671429999999,29123.0,3,3,0,0,3,3,12188,0,0,0,0,0
2020-05-14,US,Missouri,Maries,2,0,0,38.16193985,-91.92249662,29125.0,2,2,0,0,2,2,8769,0,0,0,0,0
2020-05-14,US,Missouri,Marion,5,0,0,39.80601912,-91.62203062,29127.0,5,5,0,0,5,5,28592,0,0,0,0,0
2020-05-14,US,Missouri,McDonald,6,0,0,36.62869595,-94.34867205,29119.0,6,5,0,0,5,5,23078,1,0,0,1,0
2020-05-14,US,Missouri,Miller,4,0,0,38.21450288,-92.42610898,29131.0,4,4,0,0,4,4,25336,0,0,0,0,0
2020-05-14,US,Missouri,Mississippi,49,0,0,36.82516239,-89.29505753,29133.0,49,49,0,0,49,49,13336,0,0,0,0,0
2020-05-14,US,Missouri,Moniteau,44,0,0,38.63571781,-92.57976951,29135.0,44,44,0,0,44,44,16121,0,0,0,0,0
2020-05-14,US,Missouri,Montgomery,7,0,0,38.94022054,-91.47000721,29139.0,7,7,0,0,7,7,11534,0,0,0,0,0
2020-05-14,US,Missouri,Morgan,7,0,0,38.4181765,-92.88791859,29141.0,7,7,0,0,7,7,20358,0,0,0,0,0
2020-05-14,US,Missouri,New Madrid,13,0,0,36.59666326,-89.66070007,29143.0,13,13,0,0,13,13,17296,0,0,0,0,0
2020-05-14,US,Missouri,Newton,12,1,0,36.90519407,-94.3394104,29145.0,11,12,1,0,11,11,58266,0,0,0,0,1
2020-05-14,US,Missouri,Nodaway,5,0,0,40.36079813,-94.88133008,29147.0,5,5,0,0,5,5,22304,0,0,0,0,0
2020-05-14,US,Missouri,Oregon,2,0,0,36.68710164,-91.4033755,29149.0,2,2,0,0,2,2,10541,0,0,0,0,0
2020-05-14,US,Missouri,Osage,5,0,0,38.46036182,-91.8613635,29151.0,5,5,0,0,5,5,13714,0,0,0,0,0
2020-05-14,US,Missouri,Pemiscot,67,3,0,36.2130572,-89.78742322,29155.0,64,67,3,0,64,65,16272,0,0,0,0,2
2020-05-14,US,Missouri,Perry,46,0,0,37.70660776,-89.82741088,29157.0,46,46,0,0,46,45,19150,0,0,0,0,1
2020-05-14,US,Missouri,Pettis,70,1,0,38.72798918,-93.28471706,29159.0,69,69,1,0,68,68,42542,1,0,0,1,1
2020-05-14,US,Missouri,Phelps,2,0,0,37.87736118,-91.79351727,29161.0,2,2,0,0,2,2,44732,0,0,0,0,0
2020-05-14,US,Missouri,Pike,14,1,0,39.34310674,-91.16980779,29163.0,13,13,1,0,12,13,18504,1,0,0,1,0
2020-05-14,US,Missouri,Platte,50,0,0,39.38154439,-94.77068479,29165.0,50,50,0,0,50,45,102985,0,0,0,0,5
2020-05-14,US,Missouri,Polk,1,0,0,37.616229600000004,-93.39828174,29167.0,1,1,0,0,1,1,32201,0,0,0,0,0
2020-05-14,US,Missouri,Pulaski,36,1,0,37.82462075,-92.20783203,29169.0,35,36,1,0,35,36,52014,0,0,0,0,0
2020-05-14,US,Missouri,Ralls,2,0,0,39.52817427,-91.51838643,29173.0,2,2,0,0,2,2,10212,0,0,0,0,0
2020-05-14,US,Missouri,Randolph,8,0,0,39.44007257,-92.49713740000001,29175.0,8,8,0,0,8,8,24763,0,0,0,0,0
2020-05-14,US,Missouri,Ray,12,0,0,39.353746799999996,-93.98905745,29177.0,12,12,0,0,12,12,22883,0,0,0,0,0
2020-05-14,US,Missouri,Reynolds,2,0,0,37.36085952,-90.97009925,29179.0,2,2,0,0,2,2,6254,0,0,0,0,0
2020-05-14,US,Missouri,Ripley,6,0,0,36.65460667,-90.85990261,29181.0,6,5,0,0,5,5,13401,1,0,0,1,0
2020-05-14,US,Missouri,Saline,227,0,0,39.13734288,-93.20259964,29195.0,227,227,0,0,227,219,22895,0,0,0,0,8
2020-05-14,US,Missouri,Scotland,4,0,0,40.45214695,-92.14709064,29199.0,4,4,0,0,4,4,4966,0,0,0,0,0
2020-05-14,US,Missouri,Scott,84,6,0,37.05588075,-89.56474493,29201.0,78,83,6,0,77,82,38458,1,0,0,1,1
2020-05-14,US,Missouri,Shelby,1,0,0,39.79742518,-92.07634971,29205.0,1,1,0,0,1,1,6050,0,0,0,0,0
2020-05-14,US,Missouri,St. Charles,688,52,0,38.77875681,-90.66662425,29183.0,636,680,50,0,630,673,399182,8,2,0,6,7
2020-05-14,US,Missouri,St. Clair,2,0,0,38.03699437,-93.77631447,29185.0,2,2,0,0,2,2,9395,0,0,0,0,0
2020-05-14,US,Missouri,St. Francois,33,2,0,37.81214171,-90.47598685,29187.0,31,33,2,0,31,33,66692,0,0,0,0,0
2020-05-14,US,Missouri,St. Louis,4104,305,0,38.63770039999999,-90.4458375,29189.0,3799,4022,293,0,3729,3986,996945,82,12,0,70,36
2020-05-14,US,Missouri,St. Louis City,1596,95,0,38.63555736,-90.24349225,29510.0,1501,1571,95,0,1476,1549,302838,25,0,0,25,22
2020-05-14,US,Missouri,Ste. Genevieve,8,1,0,37.89090059,-90.1949941,29186.0,7,8,1,0,7,8,17888,0,0,0,0,0
2020-05-14,US,Missouri,Stoddard,30,0,0,36.85571651,-89.9444155,29207.0,30,30,0,0,30,29,29206,0,0,0,0,1
2020-05-14,US,Missouri,Stone,3,0,0,36.75000327,-93.45256475,29209.0,3,3,0,0,3,3,31749,0,0,0,0,0
2020-05-14,US,Missouri,Sullivan,9,0,0,40.2099105,-93.11150106,29211.0,9,3,0,0,3,2,6221,6,0,0,6,1
2020-05-14,US,Missouri,Taney,12,2,0,36.65465345,-93.04075153,29213.0,10,12,2,0,10,12,55852,0,0,0,0,0
2020-05-14,US,Missouri,Vernon,4,0,0,37.8457799,-94.34127305,29217.0,4,4,0,0,4,4,20528,0,0,0,0,0
2020-05-14,US,Missouri,Warren,28,0,0,38.76529479,-91.16124662,29219.0,28,28,0,0,28,28,34711,0,0,0,0,0
2020-05-14,US,Missouri,Washington,9,1,0,37.96130078,-90.87948158,29221.0,8,9,1,0,8,9,24943,0,0,0,0,0
2020-05-14,US,Missouri,Webster,16,0,0,37.2813734,-92.876329,29225.0,16,16,0,0,16,16,39109,0,0,0,0,0
2020-05-14,US,Missouri,Worth,1,0,0,40.47945588,-94.42328751,29227.0,1,1,0,0,1,1,2040,0,0,0,0,0
2020-05-14,US,Missouri,Wright,10,0,0,37.27029221,-92.46914488,29229.0,10,10,0,0,10,10,18378,0,0,0,0,0
2020-05-14,US,Montana,Beaverhead,1,0,0,45.13434354,-112.89846940000001,30001.0,1,1,0,0,1,1,9404,0,0,0,0,0
2020-05-14,US,Montana,Big Horn,4,0,0,45.42335905,-107.492347,30003.0,4,4,0,0,4,4,13338,0,0,0,0,0
2020-05-14,US,Montana,Broadwater,4,0,0,46.33277565,-111.49558130000001,30007.0,4,4,0,0,4,4,6085,0,0,0,0,0
2020-05-14,US,Montana,Carbon,6,0,0,45.22850116,-109.0274047,30009.0,6,6,0,0,6,6,10714,0,0,0,0,0
2020-05-14,US,Montana,Cascade,17,2,0,47.30797024,-111.3467922,30013.0,15,17,2,0,15,17,81643,0,0,0,0,0
2020-05-14,US,Montana,Deer Lodge,3,0,0,46.05953325,-113.073353,30023.0,3,3,0,0,3,3,9131,0,0,0,0,0
2020-05-14,US,Montana,Flathead,37,2,0,48.29575866,-114.05205690000001,30029.0,35,37,2,0,35,37,102106,0,0,0,0,0
2020-05-14,US,Montana,Gallatin,149,1,0,45.54486106,-111.1692571,30031.0,148,149,1,0,148,149,111876,0,0,0,0,0
2020-05-14,US,Montana,Glacier,6,0,0,48.70513576,-112.9934235,30035.0,6,6,0,0,6,6,13747,0,0,0,0,0
2020-05-14,US,Montana,Golden Valley,3,0,0,46.3816474,-109.17685220000001,30037.0,3,3,0,0,3,3,826,0,0,0,0,0
2020-05-14,US,Montana,Hill,1,0,0,48.62879827,-110.1129252,30041.0,1,1,0,0,1,1,16347,0,0,0,0,0
2020-05-14,US,Montana,Jefferson,3,0,0,46.14907081,-112.094396,30043.0,3,3,0,0,3,3,12097,0,0,0,0,0
2020-05-14,US,Montana,Lake,5,0,0,47.64514965,-114.0898013,30047.0,5,5,0,0,5,5,30250,0,0,0,0,0
2020-05-14,US,Montana,Lewis and Clark,16,0,0,47.12610041,-112.39469799999999,30049.0,16,16,0,0,16,16,68700,0,0,0,0,0
2020-05-14,US,Montana,Liberty,1,0,0,48.56084317,-111.02430700000001,30051.0,1,1,0,0,1,1,2430,0,0,0,0,0
2020-05-14,US,Montana,Lincoln,7,1,0,48.54265777,-115.4046155,30053.0,6,7,1,0,6,7,19794,0,0,0,0,0
2020-05-14,US,Montana,Madison,8,1,0,45.30080065,-111.9173017,30057.0,7,8,1,0,7,8,8768,0,0,0,0,0
2020-05-14,US,Montana,Meagher,1,0,0,46.59907074,-110.8898557,30059.0,1,1,0,0,1,1,1866,0,0,0,0,0
2020-05-14,US,Montana,Missoula,39,1,0,47.03728583,-113.92135079999998,30063.0,38,39,1,0,38,39,118791,0,0,0,0,0
2020-05-14,US,Montana,Musselshell,1,0,0,46.49684637,-108.39498,30065.0,1,1,0,0,1,1,4651,0,0,0,0,0
2020-05-14,US,Montana,Park,8,0,0,45.48965095,-110.52643940000002,30067.0,8,8,0,0,8,8,16736,0,0,0,0,0
2020-05-14,US,Montana,Pondera,2,0,0,48.22773388,-112.22527029999999,30073.0,2,2,0,0,2,2,5972,0,0,0,0,0
2020-05-14,US,Montana,Ravalli,5,0,0,46.08520862,-114.11891640000002,30081.0,5,5,0,0,5,5,43172,0,0,0,0,0
2020-05-14,US,Montana,Richland,3,0,0,47.78668011,-104.5610786,30083.0,3,3,0,0,3,3,10913,0,0,0,0,0
2020-05-14,US,Montana,Roosevelt,7,0,0,48.29607488,-105.00792679999999,30085.0,7,7,0,0,7,7,11059,0,0,0,0,0
2020-05-14,US,Montana,Silver Bow,11,0,0,45.90018933,-112.6620092,30093.0,11,11,0,0,11,11,34993,0,0,0,0,0
2020-05-14,US,Montana,Stillwater,1,0,0,45.67071407,-109.3950061,30095.0,1,1,0,0,1,1,9534,0,0,0,0,0
2020-05-14,US,Montana,Toole,29,6,0,48.65577551,-111.69424140000001,30101.0,23,29,6,0,23,29,4853,0,0,0,0,0
2020-05-14,US,Montana,Wheatland,1,0,0,46.46652491,-109.84646359999999,30107.0,1,1,0,0,1,1,2236,0,0,0,0,0
2020-05-14,US,Montana,Yellowstone,83,2,0,45.93955949,-108.26914860000001,30111.0,81,83,2,0,81,82,160137,0,0,0,0,1
2020-05-14,US,Nebraska,Adams,238,3,0,40.52449420000001,-98.50117804,31001.0,235,236,3,0,233,228,31511,2,0,0,2,8
2020-05-14,US,Nebraska,Antelope,5,0,0,42.17695516,-98.06662829999999,31003.0,5,5,0,0,5,5,6336,0,0,0,0,0
2020-05-14,US,Nebraska,Boone,3,0,0,41.70759415,-98.06737183,31011.0,3,2,0,0,2,2,5239,1,0,0,1,0
2020-05-14,US,Nebraska,Box Butte,1,0,0,42.22079243,-103.08788340000001,31013.0,1,1,0,0,1,1,10772,0,0,0,0,0
2020-05-14,US,Nebraska,Buffalo,130,1,0,40.85486962,-99.07500296,31019.0,129,128,1,0,127,126,49615,2,0,0,2,2
2020-05-14,US,Nebraska,Burt,5,0,0,41.85056773,-96.32605633,31021.0,5,5,0,0,5,6,6488,0,0,0,0,-1
2020-05-14,US,Nebraska,Butler,27,0,0,41.22703692,-97.13106306,31023.0,27,23,0,0,23,23,8058,4,0,0,4,0
2020-05-14,US,Nebraska,Cass,15,0,0,40.90899107,-96.13971217,31025.0,15,15,0,0,15,13,26159,0,0,0,0,2
2020-05-14,US,Nebraska,Cedar,6,0,0,42.598885100000004,-97.25311951,31027.0,6,6,0,0,6,6,8446,0,0,0,0,0
2020-05-14,US,Nebraska,Cherry,1,0,0,42.54502621,-101.1244332,31031.0,1,1,0,0,1,1,5761,0,0,0,0,0
2020-05-14,US,Nebraska,Cheyenne,8,0,0,41.21999357,-102.9941693,31033.0,8,8,0,0,8,8,9310,0,0,0,0,0
2020-05-14,US,Nebraska,Clay,14,0,0,40.52439441,-98.05126296,31035.0,14,13,0,0,13,11,6214,1,0,0,1,2
2020-05-14,US,Nebraska,Colfax,467,0,0,41.57486951,-97.0868542,31037.0,467,446,0,0,446,431,10881,21,0,0,21,15
2020-05-14,US,Nebraska,Cuming,15,0,0,41.91637624,-96.78730772,31039.0,15,15,0,0,15,14,8940,0,0,0,0,1
2020-05-14,US,Nebraska,Custer,29,3,0,41.39374521,-99.72805369,31041.0,26,29,3,0,26,27,10840,0,0,0,0,2
2020-05-14,US,Nebraska,Dakota,1412,3,0,42.39040144,-96.56656425,31043.0,1409,1376,3,0,1373,1362,20083,36,0,0,36,14
2020-05-14,US,Nebraska,Dawes,1,0,0,42.71985036,-103.1313774,31045.0,1,1,0,0,1,1,8716,0,0,0,0,0
2020-05-14,US,Nebraska,Dawson,756,0,0,40.87028216,-99.82014609999999,31047.0,756,753,0,0,753,717,23709,3,0,0,3,36
2020-05-14,US,Nebraska,Dixon,25,0,0,42.49188363,-96.86782408,31051.0,25,25,0,0,25,24,5709,0,0,0,0,1
2020-05-14,US,Nebraska,Dodge,203,0,0,41.58071748,-96.65598179,31053.0,203,202,0,0,202,166,36791,1,0,0,1,36
2020-05-14,US,Nebraska,Douglas,1960,14,0,41.29518299,-96.15085305,31055.0,1946,1779,14,0,1765,1668,566880,181,0,0,181,111
2020-05-14,US,Nebraska,Fillmore,4,0,0,40.52458567,-97.59646937,31059.0,4,3,0,0,3,3,5527,1,0,0,1,0
2020-05-14,US,Nebraska,Franklin,5,0,0,40.17636348,-98.95299073,31061.0,5,5,0,0,5,5,3023,0,0,0,0,0
2020-05-14,US,Nebraska,Frontier,1,0,0,40.52993007,-100.3924658,31063.0,1,1,0,0,1,1,2608,0,0,0,0,0
2020-05-14,US,Nebraska,Furnas,4,0,0,40.17642064,-99.91247454,31065.0,4,4,0,0,4,4,4715,0,0,0,0,0
2020-05-14,US,Nebraska,Gage,41,3,0,40.26186809,-96.68946704,31067.0,38,41,3,0,38,41,21493,0,0,0,0,0
2020-05-14,US,Nebraska,Gosper,13,0,0,40.51481965,-99.83020279,31073.0,13,13,0,0,13,13,1996,0,0,0,0,0
2020-05-14,US,Nebraska,Greeley,2,0,0,41.56742671,-98.52150266,31077.0,2,2,0,0,2,2,2356,0,0,0,0,0
2020-05-14,US,Nebraska,Hall,1392,28,0,40.87257079,-98.50218293,31079.0,1364,1377,28,0,1349,1344,61607,15,0,0,15,33
2020-05-14,US,Nebraska,Hamilton,47,7,0,40.87349452,-98.02099117,31081.0,40,47,7,0,40,46,9280,0,0,0,0,1
2020-05-14,US,Nebraska,Hitchcock,1,0,0,40.17609175,-101.04164770000001,31087.0,1,1,0,0,1,1,2806,0,0,0,0,0
2020-05-14,US,Nebraska,Holt,1,0,0,42.45522056,-98.78402558,31089.0,1,1,0,0,1,1,10178,0,0,0,0,0
2020-05-14,US,Nebraska,Howard,28,0,0,41.2200529,-98.5166499,31093.0,28,28,0,0,28,23,6468,0,0,0,0,5
2020-05-14,US,Nebraska,Jefferson,5,0,0,40.17584531,-97.142601,31095.0,5,6,0,0,6,5,7097,-1,0,0,-1,1
2020-05-14,US,Nebraska,Johnson,5,0,0,40.39257596,-96.26522753,31097.0,5,5,0,0,5,5,5134,0,0,0,0,0
2020-05-14,US,Nebraska,Kearney,10,0,0,40.50663314,-98.94877182,31099.0,10,9,0,0,9,9,6544,1,0,0,1,0
2020-05-14,US,Nebraska,Keith,2,0,0,41.19930341,-101.66201640000001,31101.0,2,2,0,0,2,2,8021,0,0,0,0,0
2020-05-14,US,Nebraska,Kimball,9,0,0,41.19774275,-103.7148131,31105.0,9,9,0,0,9,9,3618,0,0,0,0,0
2020-05-14,US,Nebraska,Knox,6,0,0,42.63758421,-97.89178836,31107.0,6,6,0,0,6,6,8419,0,0,0,0,0
2020-05-14,US,Nebraska,Lancaster,701,1,0,40.78416049,-96.68777155,31109.0,700,687,1,0,686,650,317272,14,0,0,14,37
2020-05-14,US,Nebraska,Lincoln,40,1,0,41.04658298,-100.74753740000001,31111.0,39,40,1,0,39,40,35185,0,0,0,0,0
2020-05-14,US,Nebraska,Madison,281,3,0,41.91676024,-97.6005481,31119.0,278,264,3,0,261,256,35392,17,0,0,17,8
2020-05-14,US,Nebraska,Merrick,26,0,0,41.16624273,-98.0374887,31121.0,26,26,0,0,26,23,7733,0,0,0,0,3
2020-05-14,US,Nebraska,Morrill,10,0,0,41.71711774,-103.0061405,31123.0,10,9,0,0,9,9,4686,1,0,0,1,0
2020-05-14,US,Nebraska,Nance,4,0,0,41.39750195,-97.99327291,31125.0,4,4,0,0,4,4,3532,0,0,0,0,0
2020-05-14,US,Nebraska,Nemaha,2,0,0,40.38514847,-95.85433992,31127.0,2,2,0,0,2,1,6958,0,0,0,0,1
2020-05-14,US,Nebraska,Otoe,5,0,0,40.64843556,-96.13374142,31131.0,5,4,0,0,4,2,15985,1,0,0,1,2
2020-05-14,US,Nebraska,Phelps,11,0,0,40.51156033,-99.41461667,31137.0,11,11,0,0,11,11,8996,0,0,0,0,0
2020-05-14,US,Nebraska,Pierce,1,0,0,42.26434853,-97.60122773,31139.0,1,1,0,0,1,1,7142,0,0,0,0,0
2020-05-14,US,Nebraska,Platte,407,0,0,41.57246836,-97.52144359,31141.0,407,390,0,0,390,382,33363,17,0,0,17,8
2020-05-14,US,Nebraska,Polk,9,0,0,41.18813488,-97.56630712,31143.0,9,9,0,0,9,9,5278,0,0,0,0,0
2020-05-14,US,Nebraska,Red Willow,5,0,0,40.17556879999999,-100.476998,31145.0,5,5,0,0,5,5,10726,0,0,0,0,0
2020-05-14,US,Nebraska,Richardson,1,0,0,40.1247415,-95.71755036,31147.0,1,1,0,0,1,,7937,0,0,0,0,
2020-05-14,US,Nebraska,Saline,395,0,0,40.52418865,-97.14085859,31151.0,395,392,0,0,392,367,14350,3,0,0,3,25
2020-05-14,US,Nebraska,Sarpy,291,1,0,41.11314181,-96.11156432,31153.0,290,272,1,0,271,257,184459,19,0,0,19,15
2020-05-14,US,Nebraska,Saunders,15,0,0,41.227810299999994,-96.63773905,31155.0,15,12,0,0,12,11,21303,3,0,0,3,1
2020-05-14,US,Nebraska,Scotts Bluff,48,0,0,41.85070896,-103.70809859999999,31157.0,48,47,0,0,47,46,35989,1,0,0,1,1
2020-05-14,US,Nebraska,Seward,19,1,0,40.87241834,-97.139673,31159.0,18,18,1,0,17,17,17318,1,0,0,1,1
2020-05-14,US,Nebraska,Sherman,2,0,0,41.22045983,-98.97588642,31163.0,2,3,0,0,3,2,3038,-1,0,0,-1,1
2020-05-14,US,Nebraska,Stanton,8,0,0,41.9169835,-97.19394708,31167.0,8,8,0,0,8,8,5970,0,0,0,0,0
2020-05-14,US,Nebraska,Thomas,1,0,0,41.91358968,-100.5556632,31171.0,1,1,0,0,1,1,720,0,0,0,0,0
2020-05-14,US,Nebraska,Thurston,19,0,0,42.15725356,-96.54157099,31173.0,19,19,0,0,19,13,7303,0,0,0,0,6
2020-05-14,US,Nebraska,Unassigned,0,33,0,0.0,0.0,90031.0,-33,0,33,0,-33,0,,0,0,0,0,0
2020-05-14,US,Nebraska,Valley,3,0,0,41.56730777,-98.98197724,31175.0,3,2,0,0,2,1,4190,1,0,0,1,1
2020-05-14,US,Nebraska,Washington,24,1,0,41.52815707,-96.22019892,31177.0,23,23,1,0,22,23,20667,1,0,0,1,0
2020-05-14,US,Nebraska,Wayne,3,0,0,42.20934475,-97.11926964,31179.0,3,3,0,0,3,2,9403,0,0,0,0,1
2020-05-14,US,Nebraska,Webster,5,0,0,40.17642643,-98.50019851,31181.0,5,5,0,0,5,5,3533,0,0,0,0,0
2020-05-14,US,Nebraska,York,27,0,0,40.87272618,-97.59710186,31185.0,27,25,0,0,25,25,13772,2,0,0,2,0
2020-05-14,US,Nevada,Carson City,63,2,0,39.15509045,-119.7480219,32510.0,61,58,2,0,56,58,55414,5,0,0,5,0
2020-05-14,US,Nevada,Churchill,5,0,0,39.58105744,-118.3394607,32001.0,5,5,0,0,5,5,24440,0,0,0,0,0
2020-05-14,US,Nevada,Clark,5045,275,0,36.21458855,-115.0130241,32003.0,4770,5045,275,0,4770,4869,2231647,0,0,0,0,176
2020-05-14,US,Nevada,Douglas,24,0,0,38.912862,-119.61713329999999,32005.0,24,24,0,0,24,24,48467,0,0,0,0,0
2020-05-14,US,Nevada,Elko,18,1,0,41.14531606,-115.3577619,32007.0,17,18,1,0,17,18,52460,0,0,0,0,0
2020-05-14,US,Nevada,Humboldt,71,3,0,41.40692186,-118.11094270000001,32013.0,68,71,3,0,68,71,16786,0,0,0,0,0
2020-05-14,US,Nevada,Lander,19,0,0,39.933223299999995,-117.03970749999999,32015.0,19,19,0,0,19,19,5575,0,0,0,0,0
2020-05-14,US,Nevada,Lincoln,2,0,0,37.64268459,-114.8790388,32017.0,2,2,0,0,2,2,5201,0,0,0,0,0
2020-05-14,US,Nevada,Lyon,46,0,0,39.01777974,-119.18704790000001,32019.0,46,46,0,0,46,45,55808,0,0,0,0,1
2020-05-14,US,Nevada,Mineral,4,0,0,38.53841696,-118.4344506,32021.0,4,4,0,0,4,4,4514,0,0,0,0,0
2020-05-14,US,Nevada,Nye,49,0,0,38.04264256,-116.47227020000001,32023.0,49,49,0,0,49,48,45346,0,0,0,0,1
2020-05-14,US,Nevada,Storey,1,0,0,39.44875482,-119.5250207,32029.0,1,,,,,,4029,,,,,
2020-05-14,US,Nevada,Unassigned,0,7,0,0.0,0.0,90032.0,-7,0,7,0,-7,31,,0,0,0,0,-31
2020-05-14,US,Nevada,Washoe,1154,45,0,40.66562265,-119.6631594,32031.0,1109,1132,43,0,1089,1116,465735,22,2,0,20,16
2020-05-14,US,Nevada,White Pine,3,0,0,39.44157041,-114.89996599999999,32033.0,3,3,0,0,3,3,9475,0,0,0,0,0
2020-05-14,US,New Hampshire,Belknap,49,0,0,43.51637314,-71.41684235,33001.0,49,47,0,0,47,47,61022,2,0,0,2,0
2020-05-14,US,New Hampshire,Carroll,39,0,0,43.87498583,-71.20430216,33003.0,39,37,0,0,37,37,48779,2,0,0,2,0
2020-05-14,US,New Hampshire,Cheshire,45,2,0,42.92015988,-72.25311043,33005.0,43,45,2,0,43,44,76493,0,0,0,0,1
2020-05-14,US,New Hampshire,Coos,2,0,0,44.69063265,-71.30633239,33007.0,2,2,0,0,2,2,31589,0,0,0,0,0
2020-05-14,US,New Hampshire,Grafton,59,1,0,43.93779815,-71.82057197,33009.0,58,58,1,0,57,57,89786,1,0,0,1,1
2020-05-14,US,New Hampshire,Hillsborough,1624,54,0,42.91537785,-71.7200253,33011.0,1570,1592,40,0,1552,1551,415247,32,14,0,18,41
2020-05-14,US,New Hampshire,Merrimack,261,10,0,43.29662971,-71.6811573,33013.0,251,256,6,0,250,252,151132,5,4,0,1,4
2020-05-14,US,New Hampshire,Rockingham,1040,53,0,42.98499744,-71.12883377,33015.0,987,1021,28,0,993,1010,309176,19,25,0,-6,11
2020-05-14,US,New Hampshire,Strafford,215,11,0,43.291833000000004,-71.02336013,33017.0,204,201,8,0,193,199,130090,14,3,0,11,2
2020-05-14,US,New Hampshire,Sullivan,14,1,0,43.36094111,-72.22203125,33019.0,13,14,1,0,13,14,43144,0,0,0,0,0
2020-05-14,US,New Hampshire,Unassigned,34,19,0,0.0,0.0,90033.0,15,26,64,0,-38,26,,8,-45,0,53,0
2020-05-14,US,New Jersey,Atlantic,1649,99,0,39.47538693,-74.65848483,34001.0,1550,1584,88,0,1496,1558,265429,65,11,0,54,26
2020-05-14,US,New Jersey,Bergen,17080,1423,0,40.96010917,-74.07164325,34003.0,15657,17150,1409,0,15741,17091,936692,-70,14,0,-84,59
2020-05-14,US,New Jersey,Burlington,3782,228,0,39.87681124,-74.66927768,34005.0,3554,3726,214,0,3512,3697,445384,56,14,0,42,29
2020-05-14,US,New Jersey,Camden,5172,256,0,39.80343818,-74.96388753,34007.0,4916,5099,246,0,4853,5043,507078,73,10,0,63,56
2020-05-14,US,New Jersey,Cape May,483,39,0,39.15008829,-74.80170244,34009.0,444,479,37,0,442,471,92560,4,2,0,2,8
2020-05-14,US,New Jersey,Cumberland,1471,48,0,39.37199394,-75.10712559,34011.0,1423,1447,43,0,1404,1427,150972,24,5,0,19,20
2020-05-14,US,New Jersey,Essex,15905,1496,0,40.78681335,-74.24657979,34013.0,14409,15905,1482,0,14423,15826,799767,0,14,0,-14,79
2020-05-14,US,New Jersey,Gloucester,1756,98,0,39.71581067,-75.13995546,34015.0,1658,1728,92,0,1636,1710,291408,28,6,0,22,18
2020-05-14,US,New Jersey,Hudson,17602,1032,0,40.73766234,-74.07515667,34017.0,16570,17451,1007,0,16444,17677,676061,151,25,0,126,-226
2020-05-14,US,New Jersey,Hunterdon,764,48,0,40.56335249,-74.91284156,34019.0,716,732,47,0,685,729,124714,32,1,0,31,3
2020-05-14,US,New Jersey,Mercer,5612,374,0,40.28047017,-74.70479631,34021.0,5238,5499,360,0,5139,5426,369811,113,14,0,99,73
2020-05-14,US,New Jersey,Middlesex,14332,841,0,40.43629879,-74.41426991,34023.0,13491,14241,819,0,13422,14121,829685,91,22,0,69,120
2020-05-14,US,New Jersey,Monmouth,7164,480,0,40.26549699,-74.22240686,34025.0,6684,7090,466,0,6624,7041,621354,74,14,0,60,49
2020-05-14,US,New Jersey,Morris,5954,539,0,40.86095313,-74.54553709999998,34027.0,5415,5926,531,0,5395,5908,494228,28,8,0,20,18
2020-05-14,US,New Jersey,Ocean,7742,595,0,39.8895449,-74.28089251,34029.0,7147,7688,571,0,7117,7633,601651,54,24,0,30,55
2020-05-14,US,New Jersey,Passaic,14887,802,0,41.03238628,-74.29954144,34031.0,14085,14757,785,0,13972,14716,503310,130,17,0,113,41
2020-05-14,US,New Jersey,Salem,438,18,0,39.58719656,-75.34696629999998,34033.0,420,428,18,0,410,418,62607,10,0,0,10,10
2020-05-14,US,New Jersey,Somerset,4159,348,0,40.56465737,-74.61683016,34035.0,3811,4127,340,0,3787,4115,331164,32,8,0,24,12
2020-05-14,US,New Jersey,Sussex,1046,137,0,41.13891592,-74.69118243,34037.0,909,1042,137,0,905,1046,140799,4,0,0,4,-4
2020-05-14,US,New Jersey,Unassigned,253,0,0,0.0,0.0,90034.0,253,89,0,0,89,,,164,0,0,164,
2020-05-14,US,New Jersey,Union,14385,930,0,40.65835409,-74.30680092,34039.0,13455,14306,908,0,13398,14203,558067,79,22,0,57,103
2020-05-14,US,New Jersey,Warren,1068,115,0,40.85951833,-74.99556527,34041.0,953,1066,114,0,952,1061,105779,2,1,0,1,5
2020-05-14,US,New Mexico,Bernalillo,1149,54,0,35.05163625,-106.6703554,35001.0,1095,1124,53,0,1071,1111,678701,25,1,0,24,13
2020-05-14,US,New Mexico,Catron,2,1,0,33.91514144,-108.4046587,35003.0,1,2,1,0,1,2,3578,0,0,0,0,0
2020-05-14,US,New Mexico,Chaves,30,2,0,33.36406072,-104.4665365,35005.0,28,30,2,0,28,28,64689,0,0,0,0,2
2020-05-14,US,New Mexico,Cibola,100,4,0,34.91131525,-107.998876,35006.0,96,93,4,0,89,89,26746,7,0,0,7,4
2020-05-14,US,New Mexico,Colfax,5,0,0,36.60569702,-104.64726740000002,35007.0,5,5,0,0,5,5,12110,0,0,0,0,0
2020-05-14,US,New Mexico,Curry,34,0,0,34.57421077,-103.34688759999999,35009.0,34,34,0,0,34,32,49437,0,0,0,0,2
2020-05-14,US,New Mexico,Dona Ana,259,2,0,32.35275771,-106.83293870000001,35013.0,257,249,2,0,247,245,217522,10,0,0,10,4
2020-05-14,US,New Mexico,Eddy,17,1,0,32.47167456,-104.3053527,35015.0,16,14,1,0,13,14,57900,3,0,0,3,0
2020-05-14,US,New Mexico,Grant,16,0,0,32.73911281,-108.3827845,35017.0,16,15,0,0,15,15,27346,1,0,0,1,0
2020-05-14,US,New Mexico,Guadalupe,17,0,0,34.86319296,-104.790669,35019.0,17,17,0,0,17,17,4341,0,0,0,0,0
2020-05-14,US,New Mexico,Harding,1,0,0,35.85751555,-103.82209379999999,35021.0,1,1,0,0,1,1,655,0,0,0,0,0
2020-05-14,US,New Mexico,Lea,15,0,0,32.79215361,-103.4123733,35025.0,15,15,0,0,15,15,69611,0,0,0,0,0
2020-05-14,US,New Mexico,Lincoln,2,0,0,33.74526079,-105.4586166,35027.0,2,2,0,0,2,2,19556,0,0,0,0,0
2020-05-14,US,New Mexico,Los Alamos,6,0,0,35.86631386,-106.31349850000001,35028.0,6,6,0,0,6,6,19101,0,0,0,0,0
2020-05-14,US,New Mexico,Luna,8,1,0,32.18179341,-107.75088259999998,35029.0,7,8,1,0,7,8,23963,0,0,0,0,0
2020-05-14,US,New Mexico,McKinley,1730,63,0,35.58007720000001,-108.262245,35031.0,1667,1681,57,0,1624,1628,72290,49,6,0,43,53
2020-05-14,US,New Mexico,Otero,8,1,0,32.61348406,-105.7417604,35035.0,7,8,0,0,8,9,66781,0,1,0,-1,-1
2020-05-14,US,New Mexico,Quay,5,1,0,35.10403332,-103.54817270000001,35037.0,4,5,1,0,4,5,8253,0,0,0,0,0
2020-05-14,US,New Mexico,Rio Arriba,30,0,0,36.51072137,-106.69316740000001,35039.0,30,28,0,0,28,28,39006,2,0,0,2,0
2020-05-14,US,New Mexico,Roosevelt,14,0,0,34.02097406,-103.4799493,35041.0,14,13,0,0,13,12,18743,1,0,0,1,1
2020-05-14,US,New Mexico,San Juan,1237,81,0,36.50838318,-108.32043700000001,35045.0,1156,1203,80,0,1123,1149,125043,34,1,0,33,54
2020-05-14,US,New Mexico,San Miguel,7,0,0,35.48014807,-104.8163562,35047.0,7,7,0,0,7,7,27591,0,0,0,0,0
2020-05-14,US,New Mexico,Sandoval,479,22,0,35.68862401,-106.86878030000001,35043.0,457,477,22,0,455,474,145179,2,0,0,2,3
2020-05-14,US,New Mexico,Santa Fe,113,3,0,35.50708973,-105.9774716,35049.0,110,113,2,0,111,112,150056,0,1,0,-1,1
2020-05-14,US,New Mexico,Sierra,1,0,0,33.13028233,-107.1925893,35051.0,1,1,0,0,1,1,10968,0,0,0,0,0
2020-05-14,US,New Mexico,Socorro,49,4,0,34.00715494,-106.9298354,35053.0,45,49,3,0,46,49,16735,0,1,0,-1,0
2020-05-14,US,New Mexico,Taos,22,0,0,36.58006022,-105.63101979999999,35055.0,22,22,0,0,22,21,32835,0,0,0,0,1
2020-05-14,US,New Mexico,Torrance,18,1,0,34.64048375,-105.8508949,35057.0,17,18,1,0,17,18,15591,0,0,0,0,0
2020-05-14,US,New Mexico,Unassigned,66,0,0,0.0,0.0,90035.0,66,62,0,0,62,49,,4,0,0,4,13
2020-05-14,US,New Mexico,Union,3,0,0,36.48126404,-103.4709624,35059.0,3,3,0,0,3,3,4118,0,0,0,0,0
2020-05-14,US,New Mexico,Valencia,60,1,0,34.71669834,-106.8103733,35061.0,59,59,1,0,58,57,76456,1,0,0,1,2
2020-05-14,US,New York,Albany,1509,66,0,42.60060306,-73.97723916,36001.0,1443,1494,62,0,1432,1479,307117,15,4,0,11,15
2020-05-14,US,New York,Allegany,44,0,0,42.25748406,-78.02750466,36003.0,44,44,0,0,44,42,46430,0,0,0,0,2
2020-05-14,US,New York,Broome,383,28,0,42.15903158,-75.81326086,36007.0,355,382,28,0,354,379,191659,1,0,0,1,3
2020-05-14,US,New York,Cattaraugus,64,0,0,42.24778241,-78.67923096,36009.0,64,61,0,0,61,61,76840,3,0,0,3,0
2020-05-14,US,New York,Cayuga,60,1,0,42.91261714,-76.55731592,36011.0,59,60,1,0,59,60,77145,0,0,0,0,0
2020-05-14,US,New York,Chautauqua,44,4,0,42.22769210000001,-79.36691763,36013.0,40,43,4,0,39,42,127939,1,0,0,1,1
2020-05-14,US,New York,Chemung,132,1,0,42.13891056,-76.7638805,36015.0,131,132,1,0,131,131,84254,0,0,0,0,1
2020-05-14,US,New York,Chenango,112,0,0,42.49430041,-75.60887553,36017.0,112,112,0,0,112,112,47536,0,0,0,0,0
2020-05-14,US,New York,Clinton,81,4,0,44.74530905,-73.67875352,36019.0,77,78,4,0,74,77,80695,3,0,0,3,1
2020-05-14,US,New York,Columbia,327,24,0,42.24819348,-73.63089095,36021.0,303,318,24,0,294,314,59916,9,0,0,9,4
2020-05-14,US,New York,Cortland,33,0,0,42.59509207,-76.07048931,36023.0,33,31,0,0,31,30,47823,2,0,0,2,1
2020-05-14,US,New York,Delaware,67,4,0,42.19837623,-74.96709306,36025.0,63,66,4,0,62,65,44527,1,0,0,1,1
2020-05-14,US,New York,Dutchess,3474,114,0,41.76486060000001,-73.74356679,36027.0,3360,3429,108,0,3321,3399,293718,45,6,0,39,30
2020-05-14,US,New York,Erie,4671,400,0,42.76249024,-78.73063652,36029.0,4271,4606,400,0,4206,4530,919719,65,0,0,65,76
2020-05-14,US,New York,Essex,32,0,0,44.11630765,-73.77297842,36031.0,32,32,0,0,32,32,37300,0,0,0,0,0
2020-05-14,US,New York,Franklin,17,0,0,44.59040891,-74.29926032,36033.0,17,17,0,0,17,17,50293,0,0,0,0,0
2020-05-14,US,New York,Fulton,144,0,0,43.11363907,-74.41798804,36035.0,144,140,0,0,140,135,53591,4,0,0,4,5
2020-05-14,US,New York,Genesee,175,3,0,43.0022601,-78.19135193,36037.0,172,174,3,0,171,174,57511,1,0,0,1,0
2020-05-14,US,New York,Greene,207,14,0,42.275797,-74.12384884,36039.0,193,206,14,0,192,206,47491,1,0,0,1,0
2020-05-14,US,New York,Hamilton,5,0,0,43.66146647,-74.49721957,36041.0,5,5,0,0,5,5,4434,0,0,0,0,0
2020-05-14,US,New York,Herkimer,86,3,0,43.42034246,-74.96145307,36043.0,83,84,3,0,81,81,61833,2,0,0,2,3
2020-05-14,US,New York,Jefferson,69,0,0,44.04200959,-75.94653457,36045.0,69,68,0,0,68,68,111755,1,0,0,1,0
2020-05-14,US,New York,Lewis,12,0,0,43.784415700000004,-75.44903992,36049.0,12,11,0,0,11,11,26447,1,0,0,1,0
2020-05-14,US,New York,Livingston,106,7,0,42.72596275,-77.77966158,36051.0,99,103,7,0,96,102,63227,3,0,0,3,1
2020-05-14,US,New York,Madison,255,7,0,42.91653905,-75.67266639,36053.0,248,253,7,0,246,251,70795,2,0,0,2,2
2020-05-14,US,New York,Monroe,2019,163,0,43.14638895,-77.69322942,36055.0,1856,1959,156,0,1803,1890,742474,60,7,0,53,69
2020-05-14,US,New York,Montgomery,69,1,0,42.90123494,-74.44011632,36057.0,68,68,1,0,67,67,49455,1,0,0,1,1
2020-05-14,US,New York,Nassau,38743,2016,0,40.74066522,-73.58941873,36059.0,36727,38587,2004,0,36583,38434,1358343,156,12,0,144,153
2020-05-14,US,New York,New York City,188545,20406,0,40.76727260000001,-73.97152637,36061.0,168139,187250,20316,0,166934,186123,1628701,1295,90,0,1205,1127
2020-05-14,US,New York,Niagara,710,44,0,43.19898042,-78.74777412,36063.0,666,690,44,0,646,671,210433,20,0,0,20,19
2020-05-14,US,New York,Oneida,698,23,0,43.24375382,-75.43710392,36065.0,675,686,23,0,663,676,229577,12,0,0,12,10
2020-05-14,US,New York,Onondaga,1423,84,0,43.00491923,-76.19971155,36067.0,1339,1395,82,0,1313,1308,461809,28,2,0,26,87
2020-05-14,US,New York,Ontario,129,9,0,42.85145728,-77.30874425,36069.0,120,109,9,0,100,107,109864,20,0,0,20,2
2020-05-14,US,New York,Orange,9771,403,0,41.40337468,-74.30240757,36071.0,9368,9693,398,0,9295,9632,381951,78,5,0,73,61
2020-05-14,US,New York,Orleans,145,20,0,43.2516977,-78.2320066,36073.0,125,142,20,0,122,133,40612,3,0,0,3,9
2020-05-14,US,New York,Oswego,78,3,0,43.42778894,-76.14635194,36075.0,75,76,3,0,73,76,117898,2,0,0,2,0
2020-05-14,US,New York,Otsego,67,4,0,42.63492579,-75.03151402,36077.0,63,67,4,0,63,67,59749,0,0,0,0,0
2020-05-14,US,New York,Putnam,1115,7,0,41.42630093,-73.74965532,36079.0,1108,1108,7,0,1101,1098,98892,7,0,0,7,10
2020-05-14,US,New York,Rensselaer,423,23,0,42.71348136,-73.51089874,36083.0,400,420,23,0,397,416,159442,3,0,0,3,4
2020-05-14,US,New York,Rockland,12596,594,0,41.15027894,-74.02560498,36087.0,12002,12543,586,0,11957,12504,325695,53,8,0,45,39
2020-05-14,US,New York,Saratoga,415,11,0,43.10904162,-73.86653895,36091.0,404,410,11,0,399,407,230163,5,0,0,5,3
2020-05-14,US,New York,Schenectady,597,28,0,42.81668777,-74.05278291,36093.0,569,587,28,0,559,581,155350,10,0,0,10,6
2020-05-14,US,New York,Schoharie,47,0,0,42.58831742,-74.44339029999998,36095.0,47,47,0,0,47,46,31097,0,0,0,0,1
2020-05-14,US,New York,Schuyler,8,0,0,42.39184015,-76.8773299,36097.0,8,8,0,0,8,8,17912,0,0,0,0,0
2020-05-14,US,New York,Seneca,49,0,0,42.78081007,-76.82497064,36099.0,49,49,0,0,49,49,34300,0,0,0,0,0
2020-05-14,US,New York,St. Lawrence,192,0,0,44.4976179,-75.06550039,36089.0,192,192,0,0,192,191,108047,0,0,0,0,1
2020-05-14,US,New York,Steuben,230,39,0,42.2689144,-77.3829924,36101.0,191,230,39,0,191,229,95796,0,0,0,0,1
2020-05-14,US,New York,Suffolk,37544,1697,0,40.88320119,-72.8012172,36103.0,35847,37305,1680,0,35625,37062,1481093,239,17,0,222,243
2020-05-14,US,New York,Sullivan,1168,25,0,41.71579493,-74.76394559,36105.0,1143,1135,25,0,1110,1119,75498,33,0,0,33,16
2020-05-14,US,New York,Tioga,108,20,0,42.16852837,-76.30835812,36107.0,88,108,20,0,88,107,48560,0,0,0,0,1
2020-05-14,US,New York,Tompkins,136,0,0,42.44945765,-76.47229843,36109.0,136,136,0,0,136,132,102793,0,0,0,0,4
2020-05-14,US,New York,Ulster,1495,64,0,41.89027881,-74.26252104,36111.0,1431,1481,62,0,1419,1465,178599,14,2,0,12,16
2020-05-14,US,New York,Warren,227,0,0,43.56173026,-73.8433699,36113.0,227,223,0,0,223,221,64265,4,0,0,4,2
2020-05-14,US,New York,Washington,215,13,0,43.31153794,-73.43043448,36115.0,202,214,13,0,201,210,61197,1,0,0,1,4
2020-05-14,US,New York,Wayne,89,2,0,43.15494365,-77.02976528,36117.0,87,84,2,0,82,83,90064,5,0,0,5,1
2020-05-14,US,New York,Westchester,31792,1256,0,41.16278376,-73.75741653,36119.0,30536,31611,1245,0,30366,31472,967612,181,11,0,170,139
2020-05-14,US,New York,Wyoming,77,5,0,42.70145109,-78.22199579,36121.0,72,77,5,0,72,77,40085,0,0,0,0,0
2020-05-14,US,New York,Yates,22,1,0,42.63505484,-77.10369919,36123.0,21,22,1,0,21,21,24841,0,0,0,0,1
2020-05-14,US,North Carolina,Alamance,196,9,0,36.0434701,-79.39976137,37001.0,187,190,9,0,181,183,166436,6,0,0,6,7
2020-05-14,US,North Carolina,Alexander,15,0,0,35.922379600000006,-81.17751948,37003.0,15,14,0,0,14,13,37353,1,0,0,1,1
2020-05-14,US,North Carolina,Alleghany,10,0,0,36.49360862,-81.12857041,37005.0,10,10,0,0,10,8,11161,0,0,0,0,2
2020-05-14,US,North Carolina,Anson,41,0,0,34.97403241,-80.09953279,37007.0,41,40,0,0,40,39,24877,1,0,0,1,1
2020-05-14,US,North Carolina,Ashe,17,0,0,36.43296207,-81.49862729,37009.0,17,16,0,0,16,14,27109,1,0,0,1,2
2020-05-14,US,North Carolina,Beaufort,27,0,0,35.48531943,-76.84325809,37013.0,27,27,0,0,27,25,47079,0,0,0,0,2
2020-05-14,US,North Carolina,Bertie,74,3,0,36.0688473,-76.96545943,37015.0,71,72,3,0,69,67,19026,2,0,0,2,5
2020-05-14,US,North Carolina,Bladen,66,2,0,34.61296243,-78.56180059,37017.0,64,64,2,0,62,60,33190,2,0,0,2,4
2020-05-14,US,North Carolina,Brunswick,51,2,0,34.070565,-78.22814204,37019.0,49,51,2,0,49,51,136744,0,0,0,0,0
2020-05-14,US,North Carolina,Buncombe,116,4,0,35.61113393,-82.53305,37021.0,112,108,4,0,104,105,259103,8,0,0,8,3
2020-05-14,US,North Carolina,Burke,175,14,0,35.74989637,-81.70755735,37023.0,161,162,13,0,149,146,90382,13,1,0,12,16
2020-05-14,US,North Carolina,Cabarrus,371,20,0,35.3877799,-80.55267168,37025.0,351,361,18,0,343,356,211342,10,2,0,8,5
2020-05-14,US,North Carolina,Caldwell,75,1,0,35.95204977,-81.54799522,37027.0,74,69,1,0,68,64,82029,6,0,0,6,5
2020-05-14,US,North Carolina,Camden,2,0,0,36.33804939,-76.15568396,37029.0,2,2,0,0,2,2,10710,0,0,0,0,0
2020-05-14,US,North Carolina,Carteret,36,3,0,34.8932941,-76.54120135,37031.0,33,35,3,0,32,35,69524,1,0,0,1,0
2020-05-14,US,North Carolina,Caswell,42,1,0,36.39312665,-79.33353281,37033.0,41,42,1,0,41,42,22698,0,0,0,0,0
2020-05-14,US,North Carolina,Catawba,96,2,0,35.66211129,-81.2132617,37035.0,94,92,2,0,90,83,158652,4,0,0,4,9
2020-05-14,US,North Carolina,Chatham,490,11,0,35.70394416,-79.25541492,37037.0,479,468,11,0,457,461,73139,22,0,0,22,7
2020-05-14,US,North Carolina,Cherokee,27,1,0,35.1349263,-84.05970864,37039.0,26,27,1,0,26,27,28383,0,0,0,0,0
2020-05-14,US,North Carolina,Chowan,12,0,0,36.12908077,-76.60118385,37041.0,12,12,0,0,12,11,14029,0,0,0,0,1
2020-05-14,US,North Carolina,Clay,8,0,0,35.05704275,-83.74353633,37043.0,8,8,0,0,8,8,11139,0,0,0,0,0
2020-05-14,US,North Carolina,Cleveland,53,2,0,35.33553364,-81.55204486,37045.0,51,51,2,0,49,50,97645,2,0,0,2,1
2020-05-14,US,North Carolina,Columbus,229,17,0,34.26744084,-78.65801424,37047.0,212,226,17,0,209,213,55655,3,0,0,3,13
2020-05-14,US,North Carolina,Craven,79,4,0,35.11833364,-77.08398081,37049.0,75,70,4,0,66,57,102912,9,0,0,9,13
2020-05-14,US,North Carolina,Cumberland,426,11,0,35.04762133,-78.82623165,37051.0,415,425,11,0,414,399,332330,1,0,0,1,26
2020-05-14,US,North Carolina,Currituck,11,0,0,36.36123664,-75.95876401,37053.0,11,9,0,0,9,9,27072,2,0,0,2,0
2020-05-14,US,North Carolina,Dare,21,1,0,35.66520691,-75.71767334,37055.0,20,21,1,0,20,21,36501,0,0,0,0,0
2020-05-14,US,North Carolina,Davidson,256,10,0,35.79115496,-80.21256572,37057.0,246,242,10,0,232,227,166614,14,0,0,14,15
2020-05-14,US,North Carolina,Davie,41,2,0,35.93099927,-80.54496571,37059.0,39,40,2,0,38,37,42733,1,0,0,1,3
2020-05-14,US,North Carolina,Duplin,305,6,0,34.93449805,-77.93140529,37061.0,299,285,6,0,279,266,58856,20,0,0,20,19
2020-05-14,US,North Carolina,Durham,949,37,0,36.03638492,-78.87608331,37063.0,912,932,37,0,895,914,316739,17,0,0,17,18
2020-05-14,US,North Carolina,Edgecombe,161,7,0,35.91230639,-77.59436892,37065.0,154,157,7,0,150,156,52005,4,0,0,4,1
2020-05-14,US,North Carolina,Forsyth,555,7,0,36.12859861,-80.25459052,37067.0,548,495,5,0,490,445,379099,60,2,0,58,50
2020-05-14,US,North Carolina,Franklin,121,22,0,36.081519,-78.28708884,37069.0,99,119,22,0,97,114,67560,2,0,0,2,5
2020-05-14,US,North Carolina,Gaston,201,5,0,35.29373559,-81.17477045,37071.0,196,195,5,0,190,178,222846,6,0,0,6,17
2020-05-14,US,North Carolina,Gates,12,0,0,36.44667547,-76.69749701,37073.0,12,11,0,0,11,11,11573,1,0,0,1,0
2020-05-14,US,North Carolina,Graham,2,0,0,35.3506925,-83.83369267,37075.0,2,2,0,0,2,2,8484,0,0,0,0,0
2020-05-14,US,North Carolina,Granville,181,6,0,36.30337451,-78.65184241,37077.0,175,171,6,0,165,170,60115,10,0,0,10,1
2020-05-14,US,North Carolina,Greene,40,1,0,35.48544173,-77.67578087,37079.0,39,38,1,0,37,37,21012,2,0,0,2,1
2020-05-14,US,North Carolina,Guilford,720,45,0,36.07959451,-79.78824948,37081.0,675,683,44,0,639,649,533670,37,1,0,36,34
2020-05-14,US,North Carolina,Halifax,107,1,0,36.25669272,-77.6556109,37083.0,106,100,1,0,99,96,50574,7,0,0,7,4
2020-05-14,US,North Carolina,Harnett,235,15,0,35.36731853,-78.87243571,37085.0,220,233,15,0,218,228,134214,2,0,0,2,5
2020-05-14,US,North Carolina,Haywood,19,0,0,35.55269063,-82.98196486,37087.0,19,19,0,0,19,18,61971,0,0,0,0,1
2020-05-14,US,North Carolina,Henderson,262,35,0,35.33788927,-82.4766782,37089.0,227,260,30,0,230,237,116748,2,5,0,-3,23
2020-05-14,US,North Carolina,Hertford,51,1,0,36.3607755,-76.98104134,37091.0,50,51,1,0,50,51,23659,0,0,0,0,0
2020-05-14,US,North Carolina,Hoke,134,0,0,35.01888303,-79.23651674,37093.0,134,128,0,0,128,123,54764,6,0,0,6,5
2020-05-14,US,North Carolina,Hyde,1,0,0,35.42017674,-76.15180542,37095.0,1,1,0,0,1,1,5230,0,0,0,0,0
2020-05-14,US,North Carolina,Iredell,168,6,0,35.80950511,-80.8743128,37097.0,162,164,6,0,158,158,178435,4,0,0,4,6
2020-05-14,US,North Carolina,Jackson,23,1,0,35.28814273,-83.14093385,37099.0,22,23,1,0,22,22,43327,0,0,0,0,1
2020-05-14,US,North Carolina,Johnston,228,19,0,35.51745004,-78.36622717,37101.0,209,220,19,0,201,214,202675,8,0,0,8,6
2020-05-14,US,North Carolina,Jones,21,3,0,35.02254606,-77.35870791,37103.0,18,21,3,0,18,20,9637,0,0,0,0,1
2020-05-14,US,North Carolina,Lee,299,3,0,35.47623147,-79.17569362,37105.0,296,290,3,0,287,278,61452,9,0,0,9,12
2020-05-14,US,North Carolina,Lenoir,141,5,0,35.24032589999999,-77.64245615,37107.0,136,132,5,0,127,124,55976,9,0,0,9,8
2020-05-14,US,North Carolina,Lincoln,44,0,0,35.48508185,-81.21740317,37109.0,44,44,0,0,44,40,83770,0,0,0,0,4
2020-05-14,US,North Carolina,Macon,3,1,0,35.14867843,-83.41696617,37113.0,2,3,1,0,2,3,35285,0,0,0,0,0
2020-05-14,US,North Carolina,Madison,1,0,0,35.85402722,-82.71346418,37115.0,1,1,0,0,1,1,21763,0,0,0,0,0
2020-05-14,US,North Carolina,Martin,34,4,0,35.84326734,-77.10860251,37117.0,30,33,4,0,29,33,22671,1,0,0,1,0
2020-05-14,US,North Carolina,McDowell,30,1,0,35.67736232,-82.0482425,37111.0,29,30,1,0,29,30,45507,0,0,0,0,0
2020-05-14,US,North Carolina,Mecklenburg,2342,63,0,35.24469268,-80.8317671,37119.0,2279,2283,63,0,2220,2158,1093901,59,0,0,59,125
2020-05-14,US,North Carolina,Mitchell,5,0,0,36.01059309,-82.1582442,37121.0,5,5,0,0,5,5,15000,0,0,0,0,0
2020-05-14,US,North Carolina,Montgomery,47,3,0,35.33155144,-79.90416657,37123.0,44,46,2,0,44,46,27271,1,1,0,0,0
2020-05-14,US,North Carolina,Moore,164,10,0,35.30885257,-79.48474178,37125.0,154,162,10,0,152,156,98682,2,0,0,2,6
2020-05-14,US,North Carolina,Nash,146,3,0,35.96575634,-77.98422508,37127.0,143,137,3,0,134,129,94016,9,0,0,9,8
2020-05-14,US,North Carolina,New Hanover,124,3,0,34.25758282,-77.87075626,37129.0,121,117,3,0,114,117,232274,7,0,0,7,0
2020-05-14,US,North Carolina,Northampton,128,9,0,36.41736238,-77.39769443,37131.0,119,125,9,0,116,123,19676,3,0,0,3,2
2020-05-14,US,North Carolina,Onslow,63,2,0,34.72607366,-77.42908179,37133.0,61,63,2,0,61,58,197683,0,0,0,0,5
2020-05-14,US,North Carolina,Orange,263,34,0,36.06092947,-79.12167935,37135.0,229,259,34,0,225,259,146027,4,0,0,4,0
2020-05-14,US,North Carolina,Pamlico,8,0,0,35.15253315,-76.66559823,37137.0,8,8,0,0,8,8,12670,0,0,0,0,0
2020-05-14,US,North Carolina,Pasquotank,81,5,0,36.26723798,-76.25134778,37139.0,76,82,5,0,77,82,39639,-1,0,0,-1,0
2020-05-14,US,North Carolina,Pender,43,1,0,34.52265624,-77.90352133,37141.0,42,42,1,0,41,39,62162,1,0,0,1,3
2020-05-14,US,North Carolina,Perquimans,20,2,0,36.17847453,-76.40603143,37143.0,18,19,2,0,17,19,13422,1,0,0,1,0
2020-05-14,US,North Carolina,Person,32,1,0,36.38989032,-78.97217358,37145.0,31,32,1,0,31,31,39507,0,0,0,0,1
2020-05-14,US,North Carolina,Pitt,185,2,0,35.59535426,-77.37353178,37147.0,183,182,2,0,180,178,179914,3,0,0,3,4
2020-05-14,US,North Carolina,Polk,32,3,0,35.27820615,-82.16812354,37149.0,29,31,3,0,28,31,20611,1,0,0,1,0
2020-05-14,US,North Carolina,Randolph,407,6,0,35.71015088,-79.80570339,37151.0,401,389,6,0,383,355,143351,18,0,0,18,34
2020-05-14,US,North Carolina,Richmond,103,2,0,35.00417719,-79.74491009,37153.0,101,98,2,0,96,91,44887,5,0,0,5,7
2020-05-14,US,North Carolina,Robeson,519,11,0,34.64244496,-79.10250529999998,37155.0,508,459,10,0,449,417,131831,60,1,0,59,42
2020-05-14,US,North Carolina,Rockingham,44,2,0,36.39593137,-79.77504841,37157.0,42,43,2,0,41,43,90690,1,0,0,1,0
2020-05-14,US,North Carolina,Rowan,510,26,0,35.64003916,-80.52446628,37159.0,484,497,26,0,471,488,141262,13,0,0,13,9
2020-05-14,US,North Carolina,Rutherford,154,7,0,35.40114178,-81.92112099,37161.0,147,154,7,0,147,154,66826,0,0,0,0,0
2020-05-14,US,North Carolina,Sampson,211,1,0,34.98820368,-78.36914061,37163.0,210,193,1,0,192,170,63626,18,0,0,18,23
2020-05-14,US,North Carolina,Scotland,46,0,0,34.8386299,-79.4757978,37165.0,46,44,0,0,44,43,34810,2,0,0,2,1
2020-05-14,US,North Carolina,Stanly,32,4,0,35.31647813,-80.25093221,37167.0,28,30,4,0,26,30,62075,2,0,0,2,0
2020-05-14,US,North Carolina,Stokes,22,0,0,36.4017975,-80.23893369,37169.0,22,22,0,0,22,14,45467,0,0,0,0,8
2020-05-14,US,North Carolina,Surry,62,1,0,36.41689489,-80.69102283,37171.0,61,47,1,0,46,45,71948,15,0,0,15,2
2020-05-14,US,North Carolina,Swain,5,0,0,35.48665845,-83.48748932,37173.0,5,5,0,0,5,5,14245,0,0,0,0,0
2020-05-14,US,North Carolina,Transylvania,7,0,0,35.20383864,-82.79638423,37175.0,7,7,0,0,7,7,34215,0,0,0,0,0
2020-05-14,US,North Carolina,Tyrrell,4,0,0,35.87147226,-76.17055253,37177.0,4,4,0,0,4,4,4131,0,0,0,0,0
2020-05-14,US,North Carolina,Union,320,17,0,34.98960527,-80.52955873,37179.0,303,313,17,0,296,301,235908,7,0,0,7,12
2020-05-14,US,North Carolina,Vance,175,16,0,36.36880673,-78.40670845,37181.0,159,173,16,0,157,168,44582,2,0,0,2,5
2020-05-14,US,North Carolina,Wake,1132,28,0,35.78879266,-78.65249174,37183.0,1104,1102,26,0,1076,1076,1092305,30,2,0,28,26
2020-05-14,US,North Carolina,Warren,25,0,0,36.39728256,-78.10652228,37185.0,25,23,0,0,23,23,19807,2,0,0,2,0
2020-05-14,US,North Carolina,Washington,26,3,0,35.83810081,-76.57299037,37187.0,23,25,3,0,22,25,11859,1,0,0,1,0
2020-05-14,US,North Carolina,Watauga,9,0,0,36.23103603,-81.70033724,37189.0,9,9,0,0,9,9,55945,0,0,0,0,0
2020-05-14,US,North Carolina,Wayne,775,14,0,35.36438125,-78.00027268,37191.0,761,760,13,0,747,755,123248,15,1,0,14,5
2020-05-14,US,North Carolina,Wilkes,277,1,0,36.2084135,-81.16232895,37193.0,276,262,1,0,261,243,68557,15,0,0,15,19
2020-05-14,US,North Carolina,Wilson,221,9,0,35.70625477,-77.917978,37195.0,212,217,9,0,208,216,81455,4,0,0,4,1
2020-05-14,US,North Carolina,Yadkin,80,1,0,36.16222629,-80.66239436,37197.0,79,79,1,0,78,60,37543,1,0,0,1,19
2020-05-14,US,North Carolina,Yancey,8,0,0,35.90079156,-82.31237181,37199.0,8,9,0,0,9,9,17903,-1,0,0,-1,0
2020-05-14,US,North Dakota,Barnes,4,0,0,46.93579637,-98.06605978,38003.0,4,4,0,0,4,4,10542,0,0,0,0,0
2020-05-14,US,North Dakota,Benson,1,0,0,48.0683985,-99.35916363,38005.0,1,2,0,0,2,2,6962,-1,0,0,-1,0
2020-05-14,US,North Dakota,Bowman,1,0,0,46.11285362,-103.5203343,38011.0,1,1,0,0,1,1,3076,0,0,0,0,0
2020-05-14,US,North Dakota,Burke,5,0,0,48.79094471,-102.51821170000001,38013.0,5,5,0,0,5,5,2100,0,0,0,0,0
2020-05-14,US,North Dakota,Burleigh,107,0,0,46.97847375,-100.46452140000001,38015.0,107,106,0,0,106,105,95273,1,0,0,1,1
2020-05-14,US,North Dakota,Cass,991,25,0,46.93201724,-97.24447190000001,38017.0,966,935,23,0,912,866,181516,56,2,0,54,69
2020-05-14,US,North Dakota,Divide,1,0,0,48.814938700000006,-103.48736109999999,38023.0,1,1,0,0,1,1,2283,0,0,0,0,0
2020-05-14,US,North Dakota,Dunn,11,0,0,47.35423935,-102.61604679999999,38025.0,11,11,0,0,11,11,4332,0,0,0,0,0
2020-05-14,US,North Dakota,Eddy,2,0,0,47.71701474,-98.90432337,38027.0,2,2,0,0,2,2,2313,0,0,0,0,0
2020-05-14,US,North Dakota,Emmons,1,1,0,46.28398398,-100.2389766,38029.0,0,1,1,0,0,1,3295,0,0,0,0,0
2020-05-14,US,North Dakota,Foster,1,0,0,47.457108399999996,-98.88279923,38031.0,1,1,0,0,1,1,3216,0,0,0,0,0
2020-05-14,US,North Dakota,Grand Forks,304,2,0,47.92093639,-97.45450447,38035.0,302,297,2,0,295,293,70770,7,0,0,7,4
2020-05-14,US,North Dakota,Grant,2,0,0,46.35821257,-101.63900129999999,38037.0,2,2,0,0,2,2,2374,0,0,0,0,0
2020-05-14,US,North Dakota,McHenry,2,1,0,48.23104458,-100.6324822,38049.0,1,2,1,0,1,2,5816,0,0,0,0,0
2020-05-14,US,North Dakota,McIntosh,1,0,0,46.11182017,-99.44145858,38051.0,1,1,0,0,1,1,2585,0,0,0,0,0
2020-05-14,US,North Dakota,McKenzie,15,0,0,47.74133370000001,-103.395905,38053.0,15,15,0,0,15,15,13632,0,0,0,0,0
2020-05-14,US,North Dakota,McLean,5,0,0,47.60766714,-101.3182418,38055.0,5,5,0,0,5,5,9541,0,0,0,0,0
2020-05-14,US,North Dakota,Mercer,4,0,0,47.31213126,-101.8318399,38057.0,4,4,0,0,4,4,8267,0,0,0,0,0
2020-05-14,US,North Dakota,Morton,37,2,0,46.71681782,-101.2822377,38059.0,35,38,2,0,36,37,31095,-1,0,0,-1,1
2020-05-14,US,North Dakota,Mountrail,38,0,0,48.20197971,-102.3555315,38061.0,38,37,0,0,37,37,10218,1,0,0,1,0
2020-05-14,US,North Dakota,Nelson,1,0,0,47.9226426,-98.19038437,38063.0,1,1,0,0,1,1,2869,0,0,0,0,0
2020-05-14,US,North Dakota,Oliver,1,0,0,47.11530482,-101.3406158,38065.0,1,1,0,0,1,1,1952,0,0,0,0,0
2020-05-14,US,North Dakota,Pembina,6,0,0,48.76623521,-97.5523809,38067.0,6,6,0,0,6,6,6947,0,0,0,0,0
2020-05-14,US,North Dakota,Pierce,3,0,0,48.24977025,-99.96407787,38069.0,3,3,0,0,3,3,4081,0,0,0,0,0
2020-05-14,US,North Dakota,Ramsey,7,0,0,48.26886249,-98.72223879,38071.0,7,7,0,0,7,7,11481,0,0,0,0,0
2020-05-14,US,North Dakota,Ransom,3,0,0,46.45621782,-97.65742504,38073.0,3,3,0,0,3,3,5237,0,0,0,0,0
2020-05-14,US,North Dakota,Renville,1,0,0,48.71982533,-101.6603912,38075.0,1,1,0,0,1,1,2374,0,0,0,0,0
2020-05-14,US,North Dakota,Richland,9,0,0,46.26440649,-96.94852979,38077.0,9,8,0,0,8,8,16239,1,0,0,1,0
2020-05-14,US,North Dakota,Rolette,3,0,0,48.77245354,-99.84097493,38079.0,3,3,0,0,3,3,14301,0,0,0,0,0
2020-05-14,US,North Dakota,Sargent,3,0,0,46.10830372,-97.63217159,38081.0,3,3,0,0,3,3,3870,0,0,0,0,0
2020-05-14,US,North Dakota,Sioux,1,0,0,46.11323337,-101.04401490000001,38085.0,1,1,0,0,1,1,4358,0,0,0,0,0
2020-05-14,US,North Dakota,Slope,3,0,0,46.44737738,-103.4601547,38087.0,3,3,0,0,3,3,763,0,0,0,0,0
2020-05-14,US,North Dakota,Stark,61,2,0,46.80851182,-102.65763259999999,38089.0,59,61,2,0,59,61,30997,0,0,0,0,0
2020-05-14,US,North Dakota,Stutsman,16,0,0,46.97962541,-98.95637318,38093.0,16,16,0,0,16,16,20917,0,0,0,0,0
2020-05-14,US,North Dakota,Traill,1,0,0,47.45367788,-97.16323288,38097.0,1,1,0,0,1,1,8037,0,0,0,0,0
2020-05-14,US,North Dakota,Unassigned,0,6,0,0.0,0.0,90038.0,-6,0,8,0,-8,0,,0,-2,0,2,0
2020-05-14,US,North Dakota,Walsh,9,0,0,48.36876964,-97.72574783,38099.0,9,9,0,0,9,8,10667,0,0,0,0,1
2020-05-14,US,North Dakota,Ward,28,1,0,48.22390169,-101.54367629999999,38101.0,27,28,1,0,27,28,67744,0,0,0,0,0
2020-05-14,US,North Dakota,Wells,2,0,0,47.58614526,-99.65904998,38103.0,2,2,0,0,2,2,3957,0,0,0,0,0
2020-05-14,US,North Dakota,Williams,21,0,0,48.34522353,-103.4793387,38105.0,21,20,0,0,20,20,35350,1,0,0,1,0
2020-05-14,US,Ohio,Adams,7,0,0,38.84541072,-83.4718964,39001.0,7,6,0,0,6,6,27724,1,0,0,1,0
2020-05-14,US,Ohio,Allen,164,30,0,40.77285242,-84.10802343,39003.0,134,155,30,0,125,154,102663,9,0,0,9,1
2020-05-14,US,Ohio,Ashland,15,0,0,40.84772277,-82.27280781,39005.0,15,15,0,0,15,15,53745,0,0,0,0,0
2020-05-14,US,Ohio,Ashtabula,212,26,0,41.70860332,-80.74830218,39007.0,186,208,26,0,182,199,97493,4,0,0,4,9
2020-05-14,US,Ohio,Athens,6,1,0,39.33425634,-82.04278644,39009.0,5,6,1,0,5,6,65818,0,0,0,0,0
2020-05-14,US,Ohio,Auglaize,51,3,0,40.55998859,-84.22421429999999,39011.0,48,47,3,0,44,46,45804,4,0,0,4,1
2020-05-14,US,Ohio,Belmont,296,8,0,40.01625942,-80.9924051,39013.0,288,276,7,0,269,266,67505,20,1,0,19,10
2020-05-14,US,Ohio,Brown,21,1,0,38.93416837,-83.86788395,39015.0,20,21,1,0,20,20,43602,0,0,0,0,1
2020-05-14,US,Ohio,Butler,542,16,0,39.44012838,-84.57388716,39017.0,526,509,15,0,494,496,382378,33,1,0,32,13
2020-05-14,US,Ohio,Carroll,24,2,0,40.578968599999996,-81.09178213,39019.0,22,24,2,0,22,24,27081,0,0,0,0,0
2020-05-14,US,Ohio,Champaign,20,1,0,40.13923427,-83.76875242,39021.0,19,21,2,0,19,19,38754,-1,-1,0,0,2
2020-05-14,US,Ohio,Clark,122,3,0,39.91592258,-83.78498252,39023.0,119,114,3,0,111,104,134585,8,0,0,8,10
2020-05-14,US,Ohio,Clermont,136,4,0,39.04847534,-84.15375786,39025.0,132,129,3,0,126,125,205466,7,1,0,6,4
2020-05-14,US,Ohio,Clinton,37,0,0,39.41485808,-83.80852286,39027.0,37,36,0,0,36,35,42057,1,0,0,1,1
2020-05-14,US,Ohio,Columbiana,367,43,0,40.76932373,-80.78094576,39029.0,324,354,39,0,315,343,102665,13,4,0,9,11
2020-05-14,US,Ohio,Coshocton,19,0,0,40.30096166,-81.91729018,39031.0,19,19,0,0,19,19,36629,0,0,0,0,0
2020-05-14,US,Ohio,Crawford,89,2,0,40.85065156,-82.91989099,39033.0,87,86,2,0,84,79,41550,3,0,0,3,7
2020-05-14,US,Ohio,Cuyahoga,3066,157,0,41.424119,-81.65918339,39035.0,2909,2979,153,0,2826,2908,1243857,87,4,0,83,71
2020-05-14,US,Ohio,Darke,95,16,0,40.13412966,-84.6194517,39037.0,79,93,15,0,78,90,51323,2,1,0,1,3
2020-05-14,US,Ohio,Defiance,25,1,0,41.32398837,-84.49076944,39039.0,24,25,1,0,24,25,38165,0,0,0,0,0
2020-05-14,US,Ohio,Delaware,240,4,0,40.27942393,-83.00457058,39041.0,236,234,4,0,230,232,204826,6,0,0,6,2
2020-05-14,US,Ohio,Erie,86,3,0,41.36796058,-82.62904521,39043.0,83,86,3,0,83,85,74615,0,0,0,0,1
2020-05-14,US,Ohio,Fairfield,198,3,0,39.75107189,-82.63088163,39045.0,195,191,3,0,188,188,155782,7,0,0,7,3
2020-05-14,US,Ohio,Fayette,23,0,0,39.56021306,-83.4562016,39047.0,23,23,0,0,23,23,28666,0,0,0,0,0
2020-05-14,US,Ohio,Franklin,4227,150,0,39.96995815,-83.01115755,39049.0,4077,4113,148,0,3965,4002,1310300,114,2,0,112,111
2020-05-14,US,Ohio,Fulton,32,0,0,41.60213491,-84.12571393,39051.0,32,32,0,0,32,32,42276,0,0,0,0,0
2020-05-14,US,Ohio,Gallia,6,1,0,38.82708533,-82.31647569,39053.0,5,6,1,0,5,6,29979,0,0,0,0,0
2020-05-14,US,Ohio,Geauga,206,23,0,41.49952319,-81.17935342,39055.0,183,198,21,0,177,195,94031,8,2,0,6,3
2020-05-14,US,Ohio,Greene,70,5,0,39.69116283,-83.89032084,39057.0,65,68,5,0,63,67,167995,2,0,0,2,1
2020-05-14,US,Ohio,Guernsey,22,0,0,40.05026529,-81.49248905,39059.0,22,21,0,0,21,21,39022,1,0,0,1,0
2020-05-14,US,Ohio,Hamilton,1927,105,0,39.19673558,-84.54502924,39061.0,1822,1886,105,0,1781,1859,816684,41,0,0,41,27
2020-05-14,US,Ohio,Hancock,42,1,0,41.00250487,-83.66838948,39063.0,41,40,1,0,39,39,75930,2,0,0,2,1
2020-05-14,US,Ohio,Hardin,30,0,0,40.66015414,-83.65929931,39065.0,30,29,0,0,29,28,31480,1,0,0,1,1
2020-05-14,US,Ohio,Harrison,8,0,0,40.29380509,-81.09068544,39067.0,8,8,0,0,8,7,15174,0,0,0,0,1
2020-05-14,US,Ohio,Henry,10,0,0,41.333964200000004,-84.06830637,39069.0,10,10,0,0,10,10,27086,0,0,0,0,0
2020-05-14,US,Ohio,Highland,14,1,0,39.1839264,-83.60331456,39071.0,13,14,1,0,13,14,43058,0,0,0,0,0
2020-05-14,US,Ohio,Hocking,29,1,0,39.49537927,-82.47991446,39073.0,28,28,1,0,27,22,28385,1,0,0,1,6
2020-05-14,US,Ohio,Holmes,10,1,0,40.56163713,-81.92635677,39075.0,9,8,1,0,7,8,43892,2,0,0,2,0
2020-05-14,US,Ohio,Huron,40,1,0,41.14651175,-82.59867951,39077.0,39,39,1,0,38,39,58504,1,0,0,1,0
2020-05-14,US,Ohio,Jackson,9,0,0,39.01914254,-82.61818559999998,39079.0,9,9,0,0,9,8,32384,0,0,0,0,1
2020-05-14,US,Ohio,Jefferson,58,2,0,40.38614126,-80.76259514,39081.0,56,56,2,0,54,56,65767,2,0,0,2,0
2020-05-14,US,Ohio,Knox,20,1,0,40.39830217,-82.42027563,39083.0,19,20,1,0,19,20,61893,0,0,0,0,0
2020-05-14,US,Ohio,Lake,210,8,0,41.69710807,-81.23676539,39085.0,202,206,8,0,198,203,230514,4,0,0,4,3
2020-05-14,US,Ohio,Lawrence,27,0,0,38.59743452,-82.53466552,39087.0,27,26,0,0,26,25,59866,1,0,0,1,1
2020-05-14,US,Ohio,Licking,180,7,0,40.09136236,-82.48185785,39089.0,173,175,7,0,168,172,175769,5,0,0,5,3
2020-05-14,US,Ohio,Logan,23,0,0,40.38996525,-83.76784341,39091.0,23,23,0,0,23,23,45358,0,0,0,0,0
2020-05-14,US,Ohio,Lorain,576,53,0,41.29553751,-82.15083537,39093.0,523,569,49,0,520,560,309461,7,4,0,3,9
2020-05-14,US,Ohio,Lucas,1883,195,0,41.62101218,-83.65468618,39095.0,1688,1858,187,0,1671,1836,429899,25,8,0,17,22
2020-05-14,US,Ohio,Madison,93,5,0,39.89381073,-83.40178317,39097.0,88,88,5,0,83,87,44413,5,0,0,5,1
2020-05-14,US,Ohio,Mahoning,1174,138,0,41.01631101,-80.77287029,39099.0,1036,1163,134,0,1029,1150,229642,11,4,0,7,13
2020-05-14,US,Ohio,Marion,2431,15,0,40.58610662,-83.15736305,39101.0,2416,2419,15,0,2404,2412,65256,12,0,0,12,7
2020-05-14,US,Ohio,Medina,207,18,0,41.11770589,-81.89986209999998,39103.0,189,205,17,0,188,203,179146,2,1,0,1,2
2020-05-14,US,Ohio,Meigs,3,0,0,39.09224872,-82.0305041,39105.0,3,3,0,0,3,3,23106,0,0,0,0,0
2020-05-14,US,Ohio,Mercer,109,1,0,40.54043046,-84.62912742,39107.0,108,90,1,0,89,86,40959,19,0,0,19,4
2020-05-14,US,Ohio,Miami,317,30,0,40.0543329,-84.22871271,39109.0,287,316,28,0,288,314,106222,1,2,0,-1,2
2020-05-14,US,Ohio,Monroe,28,0,0,39.72984936,-81.08464734,39111.0,28,25,0,0,25,22,13790,3,0,0,3,3
2020-05-14,US,Ohio,Montgomery,468,11,0,39.75394919,-84.29050975,39113.0,457,442,11,0,431,433,532331,26,0,0,26,9
2020-05-14,US,Ohio,Morgan,5,0,0,39.62081738,-81.85308173,39115.0,5,5,0,0,5,5,14604,0,0,0,0,0
2020-05-14,US,Ohio,Morrow,93,1,0,40.52363560000001,-82.7892599,39117.0,92,91,1,0,90,87,35112,2,0,0,2,4
2020-05-14,US,Ohio,Muskingum,31,0,0,39.96575964,-81.94363275,39119.0,31,32,0,0,32,31,86183,-1,0,0,-1,1
2020-05-14,US,Ohio,Noble,5,0,0,39.76818851,-81.45937183,39121.0,5,5,0,0,5,5,14354,0,0,0,0,0
2020-05-14,US,Ohio,Ottawa,56,2,0,41.53781826,-83.0940185,39123.0,54,52,2,0,50,49,40769,4,0,0,4,3
2020-05-14,US,Ohio,Paulding,10,0,0,41.11676341,-84.5801017,39125.0,10,10,0,0,10,9,18760,0,0,0,0,1
2020-05-14,US,Ohio,Perry,15,1,0,39.73508655,-82.23804971,39127.0,14,14,1,0,13,14,36033,1,0,0,1,0
2020-05-14,US,Ohio,Pickaway,1990,25,0,39.64170392,-83.0243386,39129.0,1965,1958,25,0,1933,1955,58086,32,0,0,32,3
2020-05-14,US,Ohio,Pike,5,0,0,39.07634001,-83.06769584,39131.0,5,5,0,0,5,5,28067,0,0,0,0,0
2020-05-14,US,Ohio,Portage,284,51,0,41.16793482,-81.19735782,39133.0,233,280,50,0,230,275,162927,4,1,0,3,5
2020-05-14,US,Ohio,Preble,28,1,0,39.7420247,-84.64787018,39135.0,27,28,1,0,27,28,40997,0,0,0,0,0
2020-05-14,US,Ohio,Putnam,77,13,0,41.02094889,-84.1336111,39137.0,64,77,13,0,64,77,33780,0,0,0,0,0
2020-05-14,US,Ohio,Richland,143,2,0,40.77180308,-82.53799609999999,39139.0,141,135,2,0,133,130,121099,8,0,0,8,5
2020-05-14,US,Ohio,Ross,56,1,0,39.33705391,-83.06000914,39141.0,55,55,1,0,54,55,76931,1,0,0,1,0
2020-05-14,US,Ohio,Sandusky,54,8,0,41.35624126,-83.137872,39143.0,46,53,8,0,45,53,58799,1,0,0,1,0
2020-05-14,US,Ohio,Scioto,13,0,0,38.80270163,-82.98907345,39145.0,13,13,0,0,13,13,75502,0,0,0,0,0
2020-05-14,US,Ohio,Seneca,15,1,0,41.12351311,-83.12783209,39147.0,14,14,1,0,13,14,55207,1,0,0,1,0
2020-05-14,US,Ohio,Shelby,34,1,0,40.33163494,-84.20258189,39149.0,33,33,1,0,32,33,48627,1,0,0,1,0
2020-05-14,US,Ohio,Stark,538,69,0,40.81482476,-81.36437305,39151.0,469,526,68,0,458,515,371574,12,1,0,11,11
2020-05-14,US,Ohio,Summit,976,101,0,41.12464734,-81.53123079,39153.0,875,946,88,0,858,930,541918,30,13,0,17,16
2020-05-14,US,Ohio,Trumbull,432,36,0,41.31735028,-80.76109643,39155.0,396,420,36,0,384,413,198627,12,0,0,12,7
2020-05-14,US,Ohio,Tuscarawas,235,1,0,40.44214695,-81.47226262,39157.0,234,229,1,0,228,223,92176,6,0,0,6,6
2020-05-14,US,Ohio,Union,28,0,0,40.30016061,-83.37239023,39159.0,28,28,0,0,28,28,57835,0,0,0,0,0
2020-05-14,US,Ohio,Van Wert,3,0,0,40.8554138,-84.59111700000003,39161.0,3,3,0,0,3,3,28281,0,0,0,0,0
2020-05-14,US,Ohio,Vinton,15,0,0,39.25208988,-82.4831444,39163.0,15,15,0,0,15,15,13139,0,0,0,0,0
2020-05-14,US,Ohio,Warren,252,13,0,39.42581994,-84.16557457,39165.0,239,237,13,0,224,213,232173,15,0,0,15,24
2020-05-14,US,Ohio,Washington,116,17,0,39.45690571,-81.49121382,39167.0,99,115,17,0,98,114,60155,1,0,0,1,1
2020-05-14,US,Ohio,Wayne,194,48,0,40.82925852,-81.88844833,39169.0,146,192,47,0,145,190,115967,2,1,0,1,2
2020-05-14,US,Ohio,Williams,44,1,0,41.56052014,-84.58429552,39171.0,43,44,1,0,43,44,36804,0,0,0,0,0
2020-05-14,US,Ohio,Wood,233,42,0,41.36224827,-83.62285108,39173.0,191,229,41,0,188,229,130696,4,1,0,3,0
2020-05-14,US,Ohio,Wyandot,27,2,0,40.84339621,-83.30734173,39175.0,25,27,2,0,25,26,21935,0,0,0,0,1
2020-05-14,US,Oklahoma,Adair,74,3,0,35.88494195,-94.65859267,40001.0,71,74,3,0,71,74,22082,0,0,0,0,0
2020-05-14,US,Oklahoma,Alfalfa,1,0,0,36.73090616,-98.32408495,40003.0,1,1,0,0,1,1,5754,0,0,0,0,0
2020-05-14,US,Oklahoma,Atoka,1,0,0,34.37366573,-96.03802487,40005.0,1,2,0,0,2,2,13838,-1,0,0,-1,0
2020-05-14,US,Oklahoma,Beaver,20,0,0,36.7496847,-100.4758872,40007.0,20,20,0,0,20,19,5319,0,0,0,0,1
2020-05-14,US,Oklahoma,Beckham,6,0,0,35.26862449,-99.68128023,40009.0,6,6,0,0,6,6,21709,0,0,0,0,0
2020-05-14,US,Oklahoma,Blaine,1,0,0,35.87518314,-98.43307003,40011.0,1,2,0,0,2,2,9485,-1,0,0,-1,0
2020-05-14,US,Oklahoma,Bryan,12,1,0,33.96472458,-96.25903472,40013.0,11,12,1,0,11,12,47192,0,0,0,0,0
2020-05-14,US,Oklahoma,Caddo,110,9,0,35.17364557,-98.37534464,40015.0,101,110,9,0,101,109,28977,0,0,0,0,1
2020-05-14,US,Oklahoma,Canadian,116,3,0,35.5426055,-97.98465569,40017.0,113,115,3,0,112,114,144447,1,0,0,1,1
2020-05-14,US,Oklahoma,Carter,7,1,0,34.25103751,-97.28552485,40019.0,6,6,1,0,5,6,48177,1,0,0,1,0
2020-05-14,US,Oklahoma,Cherokee,29,1,0,35.90692775,-94.99980896,40021.0,28,30,1,0,29,30,48675,-1,0,0,-1,0
2020-05-14,US,Oklahoma,Choctaw,3,0,0,34.02807439,-95.54771129,40023.0,3,3,0,0,3,3,14668,0,0,0,0,0
2020-05-14,US,Oklahoma,Cimarron,1,0,0,36.74817177,-102.5173885,40025.0,1,1,0,0,1,1,2153,0,0,0,0,0
2020-05-14,US,Oklahoma,Cleveland,458,35,0,35.20413532,-97.32519562,40027.0,423,458,33,0,425,457,281669,0,2,0,-2,1
2020-05-14,US,Oklahoma,Comanche,197,3,0,34.65973764,-98.47195055,40031.0,194,184,2,0,182,151,120422,13,1,0,12,33
2020-05-14,US,Oklahoma,Cotton,5,2,0,34.28845626,-98.37053567,40033.0,3,5,2,0,3,5,5776,0,0,0,0,0
2020-05-14,US,Oklahoma,Craig,13,0,0,36.76268118,-95.20916602,40035.0,13,12,0,0,12,12,14306,1,0,0,1,0
2020-05-14,US,Oklahoma,Creek,83,7,0,35.90230551,-96.37086028,40037.0,76,83,7,0,76,82,71604,0,0,0,0,1
2020-05-14,US,Oklahoma,Custer,12,0,0,35.63853802,-99.00170785,40039.0,12,12,0,0,12,12,29036,0,0,0,0,0
2020-05-14,US,Oklahoma,Delaware,93,16,0,36.40823634,-94.80325046,40041.0,77,94,16,0,78,94,42733,-1,0,0,-1,0
2020-05-14,US,Oklahoma,Dewey,2,0,0,35.98772922,-99.00730714,40043.0,2,2,0,0,2,2,4894,0,0,0,0,0
2020-05-14,US,Oklahoma,Garfield,22,1,0,36.3791334,-97.78265517,40047.0,21,22,1,0,21,21,60913,0,0,0,0,1
2020-05-14,US,Oklahoma,Garvin,15,1,0,34.70418038,-97.30811132,40049.0,14,15,1,0,14,15,27811,0,0,0,0,0
2020-05-14,US,Oklahoma,Grady,58,2,0,35.0167709,-97.88339847,40051.0,56,54,2,0,52,52,55551,4,0,0,4,2
2020-05-14,US,Oklahoma,Grant,2,0,0,36.796296999999996,-97.78638765,40053.0,2,2,0,0,2,2,4326,0,0,0,0,0
2020-05-14,US,Oklahoma,Greer,66,7,0,34.93535801,-99.56056120000001,40055.0,59,66,7,0,59,66,5821,0,0,0,0,0
2020-05-14,US,Oklahoma,Harper,1,0,0,36.78836519,-99.6679804,40059.0,1,1,0,0,1,1,3797,0,0,0,0,0
2020-05-14,US,Oklahoma,Haskell,5,0,0,35.22257600000001,-95.11513306,40061.0,5,5,0,0,5,5,12668,0,0,0,0,0
2020-05-14,US,Oklahoma,Jackson,21,1,0,34.58781741,-99.41138784,40065.0,20,20,1,0,19,20,24949,1,0,0,1,0
2020-05-14,US,Oklahoma,Jefferson,3,0,0,34.11130184,-97.83182974,40067.0,3,3,0,0,3,3,6123,0,0,0,0,0
2020-05-14,US,Oklahoma,Johnston,3,0,0,34.31440473,-96.66011537,40069.0,3,3,0,0,3,3,10949,0,0,0,0,0
2020-05-14,US,Oklahoma,Kay,49,7,0,36.81799745,-97.14421435,40071.0,42,49,7,0,42,48,44161,0,0,0,0,1
2020-05-14,US,Oklahoma,Kingfisher,10,0,0,35.94530008,-97.94193268,40073.0,10,10,0,0,10,9,15816,0,0,0,0,1
2020-05-14,US,Oklahoma,Kiowa,6,0,0,34.91671958,-98.97720696,40075.0,6,6,0,0,6,6,8729,0,0,0,0,0
2020-05-14,US,Oklahoma,Latimer,5,1,0,34.87844729,-95.25215049,40077.0,4,5,1,0,4,5,10231,0,0,0,0,0
2020-05-14,US,Oklahoma,Le Flore,14,1,0,34.89851864,-94.70392124,40079.0,13,13,1,0,12,13,49980,1,0,0,1,0
2020-05-14,US,Oklahoma,Lincoln,17,2,0,35.70270942,-96.8812462,40081.0,15,17,2,0,15,17,34920,0,0,0,0,0
2020-05-14,US,Oklahoma,Logan,18,1,0,35.91899576,-97.44352845,40083.0,17,18,1,0,17,18,47291,0,0,0,0,0
2020-05-14,US,Oklahoma,Love,3,0,0,33.95273467,-97.23906784,40085.0,3,3,0,0,3,3,10134,0,0,0,0,0
2020-05-14,US,Oklahoma,Major,6,1,0,36.31149996,-98.53467076,40093.0,5,6,1,0,5,6,7644,0,0,0,0,0
2020-05-14,US,Oklahoma,Marshall,2,0,0,34.02311222,-96.76855464,40095.0,2,2,0,0,2,2,16806,0,0,0,0,0
2020-05-14,US,Oklahoma,Mayes,26,4,0,36.30179091,-95.23175116,40097.0,22,26,4,0,22,26,41107,0,0,0,0,0
2020-05-14,US,Oklahoma,McClain,86,2,0,35.01123903,-97.44572302,40087.0,84,86,2,0,84,85,39985,0,0,0,0,1
2020-05-14,US,Oklahoma,McCurtain,9,0,0,34.11664328,-94.77222373,40089.0,9,8,0,0,8,8,32703,1,0,0,1,0
2020-05-14,US,Oklahoma,McIntosh,5,0,0,35.37235506,-95.66599306,40091.0,5,5,0,0,5,5,19815,0,0,0,0,0
2020-05-14,US,Oklahoma,Murray,2,0,0,34.48116015,-97.06826283,40099.0,2,2,0,0,2,2,13953,0,0,0,0,0
2020-05-14,US,Oklahoma,Muskogee,30,6,0,35.61318461,-95.37802952,40101.0,24,29,6,0,23,29,68362,1,0,0,1,0
2020-05-14,US,Oklahoma,Noble,7,0,0,36.38953329,-97.22928674,40103.0,7,7,0,0,7,7,11289,0,0,0,0,0
2020-05-14,US,Oklahoma,Nowata,23,0,0,36.79843529,-95.61902331,40105.0,23,23,0,0,23,23,10218,0,0,0,0,0
2020-05-14,US,Oklahoma,Okfuskee,2,0,0,35.46485198,-96.32639984,40107.0,2,2,0,0,2,1,12098,0,0,0,0,1
2020-05-14,US,Oklahoma,Oklahoma,1013,45,0,35.55140095,-97.40716948,40109.0,968,1007,43,0,964,997,792582,6,2,0,4,10
2020-05-14,US,Oklahoma,Okmulgee,16,0,0,35.64661916,-95.96432828,40111.0,16,16,0,0,16,16,38335,0,0,0,0,0
2020-05-14,US,Oklahoma,Osage,90,8,0,36.62888819,-96.39635704,40113.0,82,90,8,0,82,90,47014,0,0,0,0,0
2020-05-14,US,Oklahoma,Ottawa,34,2,0,36.83532655,-94.81011909,40115.0,32,34,2,0,32,34,31175,0,0,0,0,0
2020-05-14,US,Oklahoma,Pawnee,29,2,0,36.31743373,-96.70331759999999,40117.0,27,29,2,0,27,29,16390,0,0,0,0,0
2020-05-14,US,Oklahoma,Payne,44,1,0,36.07695283,-96.97584944,40119.0,43,44,1,0,43,44,82040,0,0,0,0,0
2020-05-14,US,Oklahoma,Pittsburg,39,3,0,34.92065823,-95.75134320000001,40121.0,36,39,3,0,36,39,43877,0,0,0,0,0
2020-05-14,US,Oklahoma,Pontotoc,10,2,0,34.72959848,-96.68337199,40123.0,8,10,2,0,8,10,38247,0,0,0,0,0
2020-05-14,US,Oklahoma,Pottawatomie,55,4,0,35.20614018,-96.94923008,40125.0,51,55,4,0,51,54,72679,0,0,0,0,1
2020-05-14,US,Oklahoma,Pushmataha,1,0,0,34.41635232,-95.37603505,40127.0,1,1,0,0,1,1,11179,0,0,0,0,0
2020-05-14,US,Oklahoma,Rogers,72,5,0,36.37004357,-95.60406759,40131.0,67,72,5,0,67,71,91984,0,0,0,0,1
2020-05-14,US,Oklahoma,Seminole,21,2,0,35.16478725,-96.61686741,40133.0,19,21,2,0,19,21,24578,0,0,0,0,0
2020-05-14,US,Oklahoma,Sequoyah,14,3,0,35.49447108,-94.75463785,40135.0,11,14,3,0,11,14,41179,0,0,0,0,0
2020-05-14,US,Oklahoma,Stephens,22,1,0,34.48556989,-97.85141892,40137.0,21,22,1,0,21,22,43265,0,0,0,0,0
2020-05-14,US,Oklahoma,Texas,541,4,0,36.74777635,-101.4889765,40139.0,537,474,4,0,470,424,20455,67,0,0,67,50
2020-05-14,US,Oklahoma,Tillman,21,1,0,34.37288446,-98.92426619,40141.0,20,20,1,0,19,19,7348,1,0,0,1,1
2020-05-14,US,Oklahoma,Tulsa,743,37,0,36.11939621,-95.94013939,40143.0,706,734,37,0,697,717,648360,9,0,0,9,17
2020-05-14,US,Oklahoma,Unassigned,1,0,0,0.0,0.0,90040.0,1,1,0,0,1,1,,0,0,0,0,0
2020-05-14,US,Oklahoma,Wagoner,131,17,0,35.96024096,-95.51911308,40145.0,114,131,17,0,114,130,80110,0,0,0,0,1
2020-05-14,US,Oklahoma,Washington,301,29,0,36.71380786,-95.90514104,40147.0,272,300,28,0,272,300,51843,1,1,0,0,0
2020-05-14,US,Oklahoma,Washita,1,0,0,35.29071824,-98.99180434,40149.0,1,,,,,,11127,,,,,
2020-05-14,US,Oklahoma,Woods,3,0,0,36.76705782,-98.86573064,40151.0,3,3,0,0,3,3,8897,0,0,0,0,0
2020-05-14,US,Oklahoma,Woodward,1,0,0,36.42316318,-99.26283045,40153.0,1,1,0,0,1,1,20222,0,0,0,0,0
2020-05-14,US,Oregon,Baker,1,0,0,44.70915557,-117.6749883,41001.0,1,1,0,0,1,1,16006,0,0,0,0,0
2020-05-14,US,Oregon,Benton,50,5,0,44.49167306,-123.4316987,41003.0,45,50,5,0,45,50,92101,0,0,0,0,0
2020-05-14,US,Oregon,Clackamas,271,9,0,45.18787398,-122.2179634,41005.0,262,274,9,0,265,274,416075,-3,0,0,-3,0
2020-05-14,US,Oregon,Clatsop,36,0,0,45.99712889,-123.660711,41007.0,36,37,0,0,37,34,39764,-1,0,0,-1,3
2020-05-14,US,Oregon,Columbia,16,0,0,45.94464254,-123.08908980000001,41009.0,16,16,0,0,16,15,52377,0,0,0,0,1
2020-05-14,US,Oregon,Coos,30,0,0,43.17406868,-124.0594514,41011.0,30,30,0,0,30,29,64389,0,0,0,0,1
2020-05-14,US,Oregon,Crook,1,0,0,44.14230227,-120.356297,41013.0,1,1,0,0,1,1,23867,0,0,0,0,0
2020-05-14,US,Oregon,Curry,4,0,0,42.45911325,-124.15728200000001,41015.0,4,4,0,0,4,4,22813,0,0,0,0,0
2020-05-14,US,Oregon,Deschutes,91,0,0,43.91570171,-121.2289121,41017.0,91,89,0,0,89,90,191996,2,0,0,2,-1
2020-05-14,US,Oregon,Douglas,24,0,0,43.27941273,-123.16729099999999,41019.0,24,24,0,0,24,24,110283,0,0,0,0,0
2020-05-14,US,Oregon,Grant,1,0,0,44.49024544,-119.0068631,41023.0,1,1,0,0,1,1,7176,0,0,0,0,0
2020-05-14,US,Oregon,Harney,1,0,0,43.06422669,-118.96663059999999,41025.0,1,1,0,0,1,1,7329,0,0,0,0,0
2020-05-14,US,Oregon,Hood River,14,0,0,45.51872811,-121.65520359999998,41027.0,14,14,0,0,14,13,23428,0,0,0,0,1
2020-05-14,US,Oregon,Jackson,50,0,0,42.43201126,-122.72893090000001,41029.0,50,50,0,0,50,50,219564,0,0,0,0,0
2020-05-14,US,Oregon,Jefferson,24,0,0,44.62806839,-121.17832,41031.0,24,24,0,0,24,24,24192,0,0,0,0,0
2020-05-14,US,Oregon,Josephine,25,1,0,42.3665549,-123.5561938,41033.0,24,25,1,0,24,25,87393,0,0,0,0,0
2020-05-14,US,Oregon,Klamath,41,0,0,42.68762984,-121.64964609999998,41035.0,41,41,0,0,41,41,67653,0,0,0,0,0
2020-05-14,US,Oregon,Lane,61,2,0,43.93727035,-122.847753,41039.0,59,61,2,0,59,61,379611,0,0,0,0,0
2020-05-14,US,Oregon,Lincoln,6,0,0,44.64252874,-123.86991200000001,41041.0,6,6,0,0,6,6,49388,0,0,0,0,0
2020-05-14,US,Oregon,Linn,107,8,0,44.48899494,-122.53731540000001,41043.0,99,105,8,0,97,104,127335,2,0,0,2,1
2020-05-14,US,Oregon,Malheur,16,0,0,43.1937027,-117.62273950000001,41045.0,16,15,0,0,15,14,30725,1,0,0,1,1
2020-05-14,US,Oregon,Marion,779,23,0,44.90287942,-122.58151170000001,41047.0,756,746,23,0,723,723,346868,33,0,0,33,23
2020-05-14,US,Oregon,Morrow,12,0,0,45.41846568,-119.584546,41049.0,12,12,0,0,12,12,11372,0,0,0,0,0
2020-05-14,US,Oregon,Multnomah,940,55,0,45.54747959,-122.4169351,41051.0,885,921,53,0,868,908,811880,19,2,0,17,13
2020-05-14,US,Oregon,Polk,91,9,0,44.90322804,-123.4128888,41053.0,82,90,9,0,81,89,85234,1,0,0,1,1
2020-05-14,US,Oregon,Sherman,1,0,0,45.41501554,-120.6827834,41055.0,1,1,0,0,1,1,1708,0,0,0,0,0
2020-05-14,US,Oregon,Tillamook,6,0,0,45.46248721,-123.712066,41057.0,6,6,0,0,6,6,26787,0,0,0,0,0
2020-05-14,US,Oregon,Umatilla,88,2,0,45.59073056,-118.7353826,41059.0,86,86,2,0,84,85,77516,2,0,0,2,1
2020-05-14,US,Oregon,Union,4,0,0,45.30915495,-118.0068979,41061.0,4,4,0,0,4,4,26461,0,0,0,0,0
2020-05-14,US,Oregon,Wallowa,1,0,0,45.57894064,-117.18353799999998,41063.0,1,1,0,0,1,1,7081,0,0,0,0,0
2020-05-14,US,Oregon,Wasco,16,1,0,45.16292781,-121.16709540000001,41065.0,15,16,1,0,15,16,26505,0,0,0,0,0
2020-05-14,US,Oregon,Washington,616,15,0,45.55972701,-123.0955257,41067.0,601,614,14,0,600,601,597695,2,1,0,1,13
2020-05-14,US,Oregon,Yamhill,55,7,0,45.23330449,-123.3086963,41071.0,48,50,7,0,43,50,107002,5,0,0,5,0
2020-05-14,US,Pennsylvania,Adams,174,5,0,39.87140411,-77.21610347,42001.0,169,169,5,0,164,167,102811,5,0,0,5,2
2020-05-14,US,Pennsylvania,Allegheny,1551,139,0,40.46809875,-79.98167747,42003.0,1412,1545,139,0,1406,1526,1218452,6,0,0,6,19
2020-05-14,US,Pennsylvania,Armstrong,56,5,0,40.81665618,-79.46290811,42005.0,51,56,5,0,51,55,65263,0,0,0,0,1
2020-05-14,US,Pennsylvania,Beaver,512,82,0,40.6825484,-80.34921611,42007.0,430,509,78,0,431,493,164742,3,4,0,-1,16
2020-05-14,US,Pennsylvania,Bedford,30,1,0,40.00522157,-78.48998442,42009.0,29,29,1,0,28,29,48176,1,0,0,1,0
2020-05-14,US,Pennsylvania,Berks,3530,196,0,40.41570541,-75.92457766,42011.0,3334,3485,179,0,3306,3453,420152,45,17,0,28,32
2020-05-14,US,Pennsylvania,Blair,32,0,0,40.47961444,-78.34917412,42013.0,32,31,0,0,31,30,122492,1,0,0,1,1
2020-05-14,US,Pennsylvania,Bradford,41,2,0,41.78869215,-76.51570822,42015.0,39,39,2,0,37,37,60833,2,0,0,2,2
2020-05-14,US,Pennsylvania,Bucks,4248,395,0,40.33682119,-75.10836643,42017.0,3853,4166,373,0,3793,4116,628195,82,22,0,60,50
2020-05-14,US,Pennsylvania,Butler,199,6,0,40.91152759,-79.91351055,42019.0,193,197,6,0,191,198,187888,2,0,0,2,-1
2020-05-14,US,Pennsylvania,Cambria,45,1,0,40.49527404,-78.71377428,42021.0,44,45,1,0,44,44,131730,0,0,0,0,1
2020-05-14,US,Pennsylvania,Cameron,2,0,0,41.43625568,-78.20376845,42023.0,2,2,0,0,2,2,4492,0,0,0,0,0
2020-05-14,US,Pennsylvania,Carbon,206,17,0,40.91545395,-75.7068525,42025.0,189,205,17,0,188,198,64227,1,0,0,1,7
2020-05-14,US,Pennsylvania,Centre,128,6,0,40.92058903,-77.82200624,42027.0,122,126,4,0,122,122,162805,2,2,0,0,4
2020-05-14,US,Pennsylvania,Chester,2008,213,0,39.97291773,-75.74768357,42029.0,1795,1955,197,0,1758,1929,522046,53,16,0,37,26
2020-05-14,US,Pennsylvania,Clarion,24,1,0,41.19265812,-79.42413524,42031.0,23,24,1,0,23,23,38779,0,0,0,0,1
2020-05-14,US,Pennsylvania,Clearfield,33,0,0,41.00110782,-78.47592663,42033.0,33,31,0,0,31,30,79388,2,0,0,2,1
2020-05-14,US,Pennsylvania,Clinton,43,0,0,41.23255967,-77.63785995,42035.0,43,41,0,0,41,41,38684,2,0,0,2,0
2020-05-14,US,Pennsylvania,Columbia,333,31,0,41.04821986,-76.40565017,42037.0,302,330,28,0,302,330,65456,3,3,0,0,0
2020-05-14,US,Pennsylvania,Crawford,21,0,0,41.68447709,-80.10760592,42039.0,21,21,0,0,21,21,85063,0,0,0,0,0
2020-05-14,US,Pennsylvania,Cumberland,477,37,0,40.1625372,-77.26130755,42041.0,440,463,35,0,428,461,251423,14,2,0,12,2
2020-05-14,US,Pennsylvania,Dauphin,895,40,0,40.41377078,-76.77993242,42043.0,855,871,39,0,832,851,277097,24,1,0,23,20
2020-05-14,US,Pennsylvania,Delaware,5252,448,0,39.91680171,-75.40243663,42045.0,4804,5157,419,0,4738,5084,564751,95,29,0,66,73
2020-05-14,US,Pennsylvania,Elk,6,1,0,41.42822061,-78.64524744,42047.0,5,6,1,0,5,5,30169,0,0,0,0,1
2020-05-14,US,Pennsylvania,Erie,127,3,0,41.99253829,-80.03301954,42049.0,124,125,2,0,123,124,272061,2,1,0,1,1
2020-05-14,US,Pennsylvania,Fayette,87,4,0,39.92041012,-79.64291195,42051.0,83,85,4,0,81,85,130441,2,0,0,2,0
2020-05-14,US,Pennsylvania,Forest,7,0,0,41.51095103,-79.23229292,42053.0,7,7,0,0,7,7,7279,0,0,0,0,0
2020-05-14,US,Pennsylvania,Franklin,563,15,0,39.92956518,-77.72157791,42055.0,548,545,13,0,532,522,154835,18,2,0,16,23
2020-05-14,US,Pennsylvania,Fulton,11,0,0,39.92913544,-78.11163677,42057.0,11,8,0,0,8,8,14523,3,0,0,3,0
2020-05-14,US,Pennsylvania,Greene,27,1,0,39.85746531,-80.22357106,42059.0,26,27,1,0,26,27,36506,0,0,0,0,0
2020-05-14,US,Pennsylvania,Huntingdon,200,0,0,40.42162652,-77.97673273,42061.0,200,197,0,0,197,190,45168,3,0,0,3,7
2020-05-14,US,Pennsylvania,Indiana,82,5,0,40.65241041,-79.08963285,42063.0,77,78,5,0,73,76,84501,4,0,0,4,2
2020-05-14,US,Pennsylvania,Jefferson,7,0,0,41.12913106,-78.9986361,42065.0,7,7,0,0,7,7,43641,0,0,0,0,0
2020-05-14,US,Pennsylvania,Juniata,94,1,0,40.53358749,-77.39975129999998,42067.0,93,94,1,0,93,94,24704,0,0,0,0,0
2020-05-14,US,Pennsylvania,Lackawanna,1256,135,0,41.43564672,-75.60379201,42069.0,1121,1232,128,0,1104,1211,210793,24,7,0,17,21
2020-05-14,US,Pennsylvania,Lancaster,2364,245,0,40.03904563,-76.24770128,42071.0,2119,2325,241,0,2084,2295,543557,39,4,0,35,30
2020-05-14,US,Pennsylvania,Lawrence,71,7,0,40.99206278,-80.33393706,42073.0,64,71,7,0,64,71,86184,0,0,0,0,0
2020-05-14,US,Pennsylvania,Lebanon,856,19,0,40.36680311,-76.45651841,42075.0,837,849,19,0,830,825,141314,7,0,0,7,24
2020-05-14,US,Pennsylvania,Lehigh,3378,133,0,40.6154815,-75.59435245,42077.0,3245,3318,129,0,3189,3286,368100,60,4,0,56,32
2020-05-14,US,Pennsylvania,Luzerne,2477,124,0,41.17823008,-75.98447579,42079.0,2353,2467,123,0,2344,2449,317646,10,1,0,9,18
2020-05-14,US,Pennsylvania,Lycoming,139,7,0,41.34310539,-77.06629984,42081.0,132,139,7,0,132,132,113664,0,0,0,0,7
2020-05-14,US,Pennsylvania,McKean,8,1,0,41.80938602,-78.56478358,42083.0,7,8,1,0,7,8,40968,0,0,0,0,0
2020-05-14,US,Pennsylvania,Mercer,81,2,0,41.30248872,-80.25816981,42085.0,79,78,2,0,76,77,110683,3,0,0,3,1
2020-05-14,US,Pennsylvania,Mifflin,54,0,0,40.61116939,-77.61070738,42087.0,54,53,0,0,53,52,46222,1,0,0,1,1
2020-05-14,US,Pennsylvania,Monroe,1240,69,0,41.05934058,-75.34031025,42089.0,1171,1228,65,0,1163,1229,169507,12,4,0,8,-1
2020-05-14,US,Pennsylvania,Montgomery,5583,587,0,40.21053671,-75.36652296,42091.0,4996,5513,556,0,4957,5442,828604,70,31,0,39,71
2020-05-14,US,Pennsylvania,Montour,50,0,0,41.03023987,-76.66345939,42093.0,50,50,0,0,50,49,18240,0,0,0,0,1
2020-05-14,US,Pennsylvania,Northampton,2566,182,0,40.75182733,-75.30471829,42095.0,2384,2518,162,0,2356,2499,304807,48,20,0,28,19
2020-05-14,US,Pennsylvania,Northumberland,132,0,0,40.84785433,-76.70798222,42097.0,132,128,0,0,128,126,91083,4,0,0,4,2
2020-05-14,US,Pennsylvania,Perry,36,1,0,40.40206612,-77.26297447,42099.0,35,35,1,0,34,35,46139,1,0,0,1,0
2020-05-14,US,Pennsylvania,Philadelphia,19093,1008,0,40.00338507,-75.1379271,42101.0,18085,18779,986,0,17793,18537,1584138,314,22,0,292,242
2020-05-14,US,Pennsylvania,Pike,454,21,0,41.33155042,-75.03208106,42103.0,433,451,21,0,430,441,55933,3,0,0,3,10
2020-05-14,US,Pennsylvania,Potter,4,0,0,41.74471626,-77.89559864,42105.0,4,4,0,0,4,4,16622,0,0,0,0,0
2020-05-14,US,Pennsylvania,Schuylkill,490,14,0,40.70497338,-76.2150785,42107.0,476,478,14,0,464,459,142067,12,0,0,12,19
2020-05-14,US,Pennsylvania,Snyder,33,1,0,40.77129231,-77.06840691,42109.0,32,33,1,0,32,33,40540,0,0,0,0,0
2020-05-14,US,Pennsylvania,Somerset,32,1,0,39.97172723,-79.02699593,42111.0,31,32,1,0,31,32,73952,0,0,0,0,0
2020-05-14,US,Pennsylvania,Sullivan,1,0,0,41.44634738,-76.51246591,42113.0,1,1,0,0,1,1,6071,0,0,0,0,0
2020-05-14,US,Pennsylvania,Susquehanna,82,14,0,41.82147784,-75.80071959,42115.0,68,81,13,0,68,81,40589,1,1,0,0,0
2020-05-14,US,Pennsylvania,Tioga,16,1,0,41.77255149,-77.25433032,42117.0,15,16,1,0,15,16,40763,0,0,0,0,0
2020-05-14,US,Pennsylvania,Union,43,1,0,40.96188846,-77.05996014,42119.0,42,42,1,0,41,41,44785,1,0,0,1,1
2020-05-14,US,Pennsylvania,Venango,7,0,0,41.40323442,-79.75845449,42121.0,7,7,0,0,7,7,51266,0,0,0,0,0
2020-05-14,US,Pennsylvania,Warren,2,0,0,41.81304978,-79.26969577,42123.0,2,2,0,0,2,1,39498,0,0,0,0,1
2020-05-14,US,Pennsylvania,Washington,129,4,0,40.19208869,-80.24582867,42125.0,125,127,4,0,123,126,207346,2,0,0,2,1
2020-05-14,US,Pennsylvania,Wayne,107,5,0,41.64938475,-75.29956506,42127.0,102,107,5,0,102,117,51276,0,0,0,0,-10
2020-05-14,US,Pennsylvania,Westmoreland,422,32,0,40.31377979999999,-79.46615476,42129.0,390,419,32,0,387,419,350611,3,0,0,3,0
2020-05-14,US,Pennsylvania,Wyoming,31,4,0,41.51955538,-76.01074915,42131.0,27,31,4,0,27,31,27046,0,0,0,0,0
2020-05-14,US,Pennsylvania,York,817,15,0,39.9210089,-76.73040131,42133.0,802,803,14,0,789,793,448273,14,1,0,13,10
2020-05-14,US,Rhode Island,Bristol,172,0,0,41.71018079,-71.28652315,44001.0,172,172,0,0,172,172,48649,0,0,0,0,0
2020-05-14,US,Rhode Island,Kent,883,0,0,41.67106337,-71.57641596,44003.0,883,883,0,0,883,850,163861,0,0,0,0,33
2020-05-14,US,Rhode Island,Newport,197,0,0,41.5642026,-71.26569799,44005.0,197,197,0,0,197,185,82542,0,0,0,0,12
2020-05-14,US,Rhode Island,Providence,9112,0,0,41.87064746,-71.57753536,44007.0,9112,9112,0,0,9112,8798,636084,0,0,0,0,314
2020-05-14,US,Rhode Island,Unassigned,1227,468,0,0.0,0.0,90044.0,759,1046,462,0,584,1198,,181,6,0,175,-152
2020-05-14,US,Rhode Island,Washington,425,0,0,41.45961631,-71.61435303,44009.0,425,425,0,0,425,411,126179,0,0,0,0,14
2020-05-14,US,South Carolina,Abbeville,34,0,0,34.22333378,-82.46170658,45001.0,34,34,0,0,34,34,24541,0,0,0,0,0
2020-05-14,US,South Carolina,Aiken,135,7,0,33.54338026,-81.63645384,45003.0,128,132,7,0,125,123,169401,3,0,0,3,9
2020-05-14,US,South Carolina,Allendale,29,3,0,32.98837386,-81.35321066,45005.0,26,29,3,0,26,27,8903,0,0,0,0,2
2020-05-14,US,South Carolina,Anderson,201,8,0,34.51828081,-82.63959517,45007.0,193,191,8,0,183,188,200482,10,0,0,10,3
2020-05-14,US,South Carolina,Bamberg,16,0,0,33.21927586,-81.05659969,45009.0,16,16,0,0,16,16,14275,0,0,0,0,0
2020-05-14,US,South Carolina,Barnwell,36,0,0,33.26679302,-81.43584352,45011.0,36,36,0,0,36,35,21112,0,0,0,0,1
2020-05-14,US,South Carolina,Beaufort,284,12,0,32.39226291,-80.72619758,45013.0,272,282,12,0,270,282,188715,2,0,0,2,0
2020-05-14,US,South Carolina,Berkeley,199,15,0,33.20222596,-79.94654523,45015.0,184,198,15,0,183,197,221091,1,0,0,1,1
2020-05-14,US,South Carolina,Calhoun,9,1,0,33.66926881,-80.77722168,45017.0,8,9,1,0,8,8,14520,0,0,0,0,1
2020-05-14,US,South Carolina,Charleston,491,10,0,32.82487866,-79.96512315,45019.0,481,491,10,0,481,497,405905,0,0,0,0,-6
2020-05-14,US,South Carolina,Cherokee,22,0,0,35.05122251,-81.61828622,45021.0,22,22,0,0,22,22,57078,0,0,0,0,0
2020-05-14,US,South Carolina,Chester,39,0,0,34.69249168,-81.1583216,45023.0,39,39,0,0,39,39,32251,0,0,0,0,0
2020-05-14,US,South Carolina,Chesterfield,90,1,0,34.64137396,-80.15640140000002,45025.0,89,85,1,0,84,80,45754,5,0,0,5,5
2020-05-14,US,South Carolina,Clarendon,266,31,0,33.66610974,-80.21647898,45027.0,235,266,29,0,237,267,33700,0,2,0,-2,-1
2020-05-14,US,South Carolina,Colleton,41,4,0,32.87582989,-80.67641292,45029.0,37,33,4,0,29,32,37660,8,0,0,8,1
2020-05-14,US,South Carolina,Darlington,181,5,0,34.33358335,-79.96027485,45031.0,176,177,5,0,172,179,66802,4,0,0,4,-2
2020-05-14,US,South Carolina,Dillon,113,0,0,34.39007791,-79.37741872,45033.0,113,104,0,0,104,102,30599,9,0,0,9,2
2020-05-14,US,South Carolina,Dorchester,110,3,0,33.0794369,-80.40502652,45035.0,107,109,3,0,106,109,160647,1,0,0,1,0
2020-05-14,US,South Carolina,Edgefield,41,2,0,33.77221995,-81.96231108,45037.0,39,41,2,0,39,39,27052,0,0,0,0,2
2020-05-14,US,South Carolina,Fairfield,96,7,0,34.39287073,-81.1195624,45039.0,89,83,5,0,78,82,22402,13,2,0,11,1
2020-05-14,US,South Carolina,Florence,487,26,0,34.02361754,-79.70189312,45041.0,461,469,26,0,443,455,138159,18,0,0,18,14
2020-05-14,US,South Carolina,Georgetown,51,3,0,33.43443342,-79.33202141,45043.0,48,51,3,0,48,53,62249,0,0,0,0,-2
2020-05-14,US,South Carolina,Greenville,996,46,0,34.89502264,-82.37295012,45045.0,950,981,46,0,935,971,514213,15,0,0,15,10
2020-05-14,US,South Carolina,Greenwood,68,1,0,34.15272415,-82.12715789,45047.0,67,67,0,0,67,63,70741,1,1,0,0,4
2020-05-14,US,South Carolina,Hampton,29,1,0,32.77419582,-81.13845571,45049.0,28,28,1,0,27,28,19351,1,0,0,1,0
2020-05-14,US,South Carolina,Horry,278,18,0,33.9212828,-78.99555293,45051.0,260,273,18,0,255,269,344147,5,0,0,5,4
2020-05-14,US,South Carolina,Jasper,25,1,0,32.43171982,-81.02487495,45053.0,24,25,1,0,24,25,28971,0,0,0,0,0
2020-05-14,US,South Carolina,Kershaw,257,12,0,34.33988254,-80.58763164,45055.0,245,257,12,0,245,259,65592,0,0,0,0,-2
2020-05-14,US,South Carolina,Lancaster,108,5,0,34.68270843,-80.70513032,45057.0,103,110,5,0,105,115,95380,-2,0,0,-2,-5
2020-05-14,US,South Carolina,Laurens,50,3,0,34.48244419,-82.00490796,45059.0,47,47,2,0,45,47,66994,3,1,0,2,0
2020-05-14,US,South Carolina,Lee,123,10,0,34.16393091,-80.25690731,45061.0,113,122,10,0,112,117,17142,1,0,0,1,5
2020-05-14,US,South Carolina,Lexington,503,26,0,33.89665987,-81.27146426,45063.0,477,492,25,0,467,482,295032,11,1,0,10,10
2020-05-14,US,South Carolina,Marion,47,4,0,34.07859748,-79.36400756,45067.0,43,48,4,0,44,50,31039,-1,0,0,-1,-2
2020-05-14,US,South Carolina,Marlboro,67,0,0,34.59905577,-79.67561152,45069.0,67,60,0,0,60,59,26398,7,0,0,7,1
2020-05-14,US,South Carolina,McCormick,7,1,0,33.90161443,-82.30794338,45065.0,6,7,1,0,6,7,9410,0,0,0,0,0
2020-05-14,US,South Carolina,Newberry,30,1,0,34.28629098,-81.59935761,45071.0,29,31,1,0,30,32,38520,-1,0,0,-1,-1
2020-05-14,US,South Carolina,Oconee,41,0,0,34.75225169,-83.06742317,45073.0,41,39,0,0,39,39,78374,2,0,0,2,0
2020-05-14,US,South Carolina,Orangeburg,108,2,0,33.4391073,-80.79886287,45075.0,106,106,2,0,104,104,86934,2,0,0,2,2
2020-05-14,US,South Carolina,Pickens,87,2,0,34.88807695,-82.72791551,45077.0,85,85,1,0,84,77,124937,2,1,0,1,8
2020-05-14,US,South Carolina,Richland,1180,60,0,34.01791263,-80.90267209,45079.0,1120,1167,59,0,1108,1145,414576,13,1,0,12,22
2020-05-14,US,South Carolina,Saluda,94,0,0,34.00795823,-81.72713237,45081.0,94,92,0,0,92,91,20544,2,0,0,2,1
2020-05-14,US,South Carolina,Spartanburg,358,13,0,34.92960077,-81.99225984,45083.0,345,354,13,0,341,351,313888,4,0,0,4,3
2020-05-14,US,South Carolina,Sumter,301,13,0,33.91826534,-80.37942316,45085.0,288,296,13,0,283,294,106512,5,0,0,5,2
2020-05-14,US,South Carolina,Union,31,0,0,34.68835752,-81.61730349,45087.0,31,31,0,0,31,31,27410,0,0,0,0,0
2020-05-14,US,South Carolina,Williamsburg,158,9,0,33.62190129,-79.72767442,45089.0,149,150,9,0,141,147,30606,8,0,0,8,3
2020-05-14,US,South Carolina,York,272,5,0,34.97281497,-81.18085944,45091.0,267,265,5,0,260,258,274118,7,0,0,7,7
2020-05-14,US,South Dakota,Aurora,2,0,0,43.71757685,-98.56050467,46003.0,2,2,0,0,2,2,2801,0,0,0,0,0
2020-05-14,US,South Dakota,Beadle,22,2,0,44.41464384,-98.27858469,46005.0,20,22,2,0,20,22,18883,0,0,0,0,0
2020-05-14,US,South Dakota,Bon Homme,4,0,0,42.98914167,-97.88592746,46009.0,4,4,0,0,4,4,6980,0,0,0,0,0
2020-05-14,US,South Dakota,Brookings,14,0,0,44.36974375,-96.79079945,46011.0,14,14,0,0,14,14,35232,0,0,0,0,0
2020-05-14,US,South Dakota,Brown,154,0,0,45.58994323,-98.35165355,46013.0,154,143,0,0,143,132,39316,11,0,0,11,11
2020-05-14,US,South Dakota,Buffalo,1,0,0,44.07657829,-99.20814467,46017.0,1,1,0,0,1,1,2036,0,0,0,0,0
2020-05-14,US,South Dakota,Charles Mix,7,0,0,43.20660134,-98.58856175,46023.0,7,6,0,0,6,5,9338,1,0,0,1,1
2020-05-14,US,South Dakota,Clark,4,0,0,44.85834507,-97.72925109,46025.0,4,3,0,0,3,3,3739,1,0,0,1,0
2020-05-14,US,South Dakota,Clay,11,0,0,42.91296147,-96.97656917,46027.0,11,11,0,0,11,10,14041,0,0,0,0,1
2020-05-14,US,South Dakota,Codington,16,0,0,44.97788119,-97.18827677,46029.0,16,16,0,0,16,15,28015,0,0,0,0,1
2020-05-14,US,South Dakota,Corson,2,0,0,45.70889983,-101.1970473,46031.0,2,2,0,0,2,2,4165,0,0,0,0,0
2020-05-14,US,South Dakota,Davison,9,0,0,43.67490933,-98.14458906,46035.0,9,8,0,0,8,8,19790,1,0,0,1,0
2020-05-14,US,South Dakota,Day,10,0,0,45.367281,-97.60737498,46037.0,10,10,0,0,10,10,5505,0,0,0,0,0
2020-05-14,US,South Dakota,Deuel,1,0,0,44.75994309,-96.66943645,46039.0,1,1,0,0,1,1,4337,0,0,0,0,0
2020-05-14,US,South Dakota,Douglas,1,0,0,43.38520741,-98.36978007,46043.0,1,1,0,0,1,1,2935,0,0,0,0,0
2020-05-14,US,South Dakota,Fall River,2,0,0,43.23929297,-103.5275691,46047.0,2,2,0,0,2,2,6758,0,0,0,0,0
2020-05-14,US,South Dakota,Faulk,1,0,0,45.07082625,-99.14535601,46049.0,1,1,0,0,1,1,2330,0,0,0,0,0
2020-05-14,US,South Dakota,Grant,5,0,0,45.1723937,-96.77002276,46051.0,5,4,0,0,4,3,7147,1,0,0,1,1
2020-05-14,US,South Dakota,Hamlin,2,0,0,44.67385954,-97.18829593,46057.0,2,2,0,0,2,2,6111,0,0,0,0,0
2020-05-14,US,South Dakota,Hand,1,0,0,44.54708407,-99.00386459,46059.0,1,1,0,0,1,1,3262,0,0,0,0,0
2020-05-14,US,South Dakota,Hughes,15,0,0,44.39091534,-99.99661148,46065.0,15,15,0,0,15,15,17650,0,0,0,0,0
2020-05-14,US,South Dakota,Hutchinson,3,0,0,43.33449012,-97.75536441,46067.0,3,3,0,0,3,3,7380,0,0,0,0,0
2020-05-14,US,South Dakota,Hyde,1,0,0,44.54747703,-99.48572582,46069.0,1,1,0,0,1,1,1282,0,0,0,0,0
2020-05-14,US,South Dakota,Jerauld,6,1,0,44.06637798,-98.62965972,46073.0,5,6,1,0,5,6,2043,0,0,0,0,0
2020-05-14,US,South Dakota,Lake,5,0,0,44.02193107,-97.12926365,46079.0,5,5,0,0,5,5,13057,0,0,0,0,0
2020-05-14,US,South Dakota,Lawrence,9,0,0,44.35919441,-103.79294279999999,46081.0,9,9,0,0,9,9,25741,0,0,0,0,0
2020-05-14,US,South Dakota,Lincoln,195,0,0,43.27841182,-96.72039050000001,46083.0,195,193,0,0,193,190,58807,2,0,0,2,3
2020-05-14,US,South Dakota,Lyman,4,0,0,43.89522709,-99.85201878,46085.0,4,3,0,0,3,3,3821,1,0,0,1,0
2020-05-14,US,South Dakota,Marshall,1,0,0,45.75870838,-97.59855639,46091.0,1,1,0,0,1,1,5112,0,0,0,0,0
2020-05-14,US,South Dakota,McCook,5,1,0,43.6742571,-97.36863144,46087.0,4,5,1,0,4,5,5546,0,0,0,0,0
2020-05-14,US,South Dakota,McPherson,1,0,0,45.76626028,-99.22118798,46089.0,1,1,0,0,1,1,2407,0,0,0,0,0
2020-05-14,US,South Dakota,Meade,5,0,0,44.56676791,-102.71627409999999,46093.0,5,5,0,0,5,4,28294,0,0,0,0,1
2020-05-14,US,South Dakota,Miner,1,0,0,44.02197882,-97.60992207,46097.0,1,1,0,0,1,1,2213,0,0,0,0,0
2020-05-14,US,South Dakota,Minnehaha,3050,38,0,43.67441641,-96.7910885,46099.0,3012,3017,29,0,2988,2978,192876,33,9,0,24,39
2020-05-14,US,South Dakota,Moody,17,0,0,44.02266214,-96.67081159,46101.0,17,17,0,0,17,15,6579,0,0,0,0,2
2020-05-14,US,South Dakota,Oglala Lakota,3,0,0,43.33749164,-102.55554980000001,46102.0,3,3,0,0,3,1,14309,0,0,0,0,2
2020-05-14,US,South Dakota,Pennington,40,1,0,44.0025835,-102.8240777,46103.0,39,36,1,0,35,32,111729,4,0,0,4,4
2020-05-14,US,South Dakota,Roberts,17,0,0,45.62975048,-96.94672673,46109.0,17,14,0,0,14,14,10447,3,0,0,3,0
2020-05-14,US,South Dakota,Sanborn,3,0,0,44.02351092,-98.09098159999999,46111.0,3,3,0,0,3,3,2429,0,0,0,0,0
2020-05-14,US,South Dakota,Spink,4,0,0,44.93837606,-98.34626602,46115.0,4,4,0,0,4,4,6495,0,0,0,0,0
2020-05-14,US,South Dakota,Stanley,8,0,0,44.41381872,-100.7349153,46117.0,8,8,0,0,8,8,3022,0,0,0,0,0
2020-05-14,US,South Dakota,Sully,1,0,0,44.71571812,-100.1278092,46119.0,1,1,0,0,1,1,1392,0,0,0,0,0
2020-05-14,US,South Dakota,Todd,13,0,0,43.19338568,-100.71955030000001,46121.0,13,14,0,0,14,13,10283,-1,0,0,-1,1
2020-05-14,US,South Dakota,Tripp,1,0,0,43.34459388,-99.8854891,46123.0,1,,,,,,5478,,,,,
2020-05-14,US,South Dakota,Turner,18,0,0,43.3109081,-97.14865776,46125.0,18,18,0,0,18,18,8424,0,0,0,0,0
2020-05-14,US,South Dakota,Union,57,0,0,42.83112163,-96.6557828,46127.0,57,56,0,0,56,56,15619,1,0,0,1,0
2020-05-14,US,South Dakota,Walworth,5,0,0,45.43019636,-100.03075140000001,46129.0,5,5,0,0,5,5,5587,0,0,0,0,0
2020-05-14,US,South Dakota,Yankton,34,0,0,43.00924485,-97.39467635,46135.0,34,33,0,0,33,31,22869,1,0,0,1,2
2020-05-14,US,South Dakota,Ziebach,1,0,0,44.97881876,-101.6654622,46137.0,1,1,0,0,1,1,2742,0,0,0,0,0
2020-05-14,US,Tennessee,Anderson,35,1,0,36.12684348,-84.19965764,47001.0,34,35,1,0,34,34,76482,0,0,0,0,1
2020-05-14,US,Tennessee,Bedford,248,4,0,35.51123746,-86.45549096,47003.0,244,246,3,0,243,239,49038,2,1,0,1,7
2020-05-14,US,Tennessee,Benton,6,1,0,36.07110411,-88.06849355,47005.0,5,6,1,0,5,6,16184,0,0,0,0,0
2020-05-14,US,Tennessee,Bledsoe,603,1,0,35.59942968,-85.20611967,47007.0,602,603,1,0,602,604,14755,0,0,0,0,-1
2020-05-14,US,Tennessee,Blount,75,3,0,35.68938198,-83.92847788,47009.0,72,74,3,0,71,73,131349,1,0,0,1,1
2020-05-14,US,Tennessee,Bradley,80,1,0,35.15739424,-84.857186,47011.0,79,75,1,0,74,74,106727,5,0,0,5,1
2020-05-14,US,Tennessee,Campbell,17,1,0,36.40355516,-84.15108559999999,47013.0,16,17,1,0,16,17,39583,0,0,0,0,0
2020-05-14,US,Tennessee,Cannon,13,0,0,35.80990797,-86.05738983,47015.0,13,13,0,0,13,13,14462,0,0,0,0,0
2020-05-14,US,Tennessee,Carroll,23,1,0,35.97366108,-88.45189331,47017.0,22,22,1,0,21,22,28020,1,0,0,1,0
2020-05-14,US,Tennessee,Carter,19,1,0,36.28969086,-82.12588974,47019.0,18,18,1,0,17,18,56351,1,0,0,1,0
2020-05-14,US,Tennessee,Cheatham,85,0,0,36.26136216,-87.08903581,47021.0,85,78,0,0,78,76,40439,7,0,0,7,2
2020-05-14,US,Tennessee,Chester,12,0,0,35.42527478,-88.6095842,47023.0,12,12,0,0,12,12,17276,0,0,0,0,0
2020-05-14,US,Tennessee,Claiborne,7,0,0,36.48319149,-83.65947309,47025.0,7,7,0,0,7,7,31756,0,0,0,0,0
2020-05-14,US,Tennessee,Clay,6,0,0,36.55151008,-85.53930419,47027.0,6,6,0,0,6,6,7717,0,0,0,0,0
2020-05-14,US,Tennessee,Cocke,20,0,0,35.9278914,-83.11828725,47029.0,20,19,0,0,19,19,35774,1,0,0,1,0
2020-05-14,US,Tennessee,Coffee,57,0,0,35.49090731,-86.07311784,47031.0,57,56,0,0,56,54,55700,1,0,0,1,2
2020-05-14,US,Tennessee,Crockett,13,1,0,35.81830662,-89.14916269,47033.0,12,12,1,0,11,12,14328,1,0,0,1,0
2020-05-14,US,Tennessee,Cumberland,87,1,0,35.95271721,-84.99840585,47035.0,86,87,1,0,86,86,59673,0,0,0,0,1
2020-05-14,US,Tennessee,Davidson,3745,40,0,36.17007426,-86.78646056,47037.0,3705,3623,37,0,3586,3580,692587,122,3,0,119,43
2020-05-14,US,Tennessee,DeKalb,28,0,0,35.97616272,-85.83689361,47041.0,28,28,0,0,28,28,20138,0,0,0,0,0
2020-05-14,US,Tennessee,Decatur,5,0,0,35.60048904,-88.11043779,47039.0,5,4,0,0,4,4,11706,1,0,0,1,0
2020-05-14,US,Tennessee,Dickson,88,0,0,36.14669837,-87.35891709,47043.0,88,88,0,0,88,88,53446,0,0,0,0,0
2020-05-14,US,Tennessee,Dyer,44,0,0,36.05931946,-89.41542855,47045.0,44,44,0,0,44,43,37320,0,0,0,0,1
2020-05-14,US,Tennessee,Fayette,86,2,0,35.19615831,-89.41399032,47047.0,84,85,1,0,84,82,40507,1,1,0,0,3
2020-05-14,US,Tennessee,Fentress,6,0,0,36.38128818,-84.92870012,47049.0,6,6,0,0,6,6,18217,0,0,0,0,0
2020-05-14,US,Tennessee,Franklin,41,1,0,35.15634626,-86.09201039,47051.0,40,41,1,0,40,41,41890,0,0,0,0,0
2020-05-14,US,Tennessee,Gibson,57,1,0,35.99438059,-88.93358327,47053.0,56,57,1,0,56,57,49045,0,0,0,0,0
2020-05-14,US,Tennessee,Giles,9,0,0,35.20222469,-87.03992678,47055.0,9,9,0,0,9,9,29503,0,0,0,0,0
2020-05-14,US,Tennessee,Grainger,6,0,0,36.27469206,-83.51254721,47057.0,6,6,0,0,6,6,23145,0,0,0,0,0
2020-05-14,US,Tennessee,Greene,46,2,0,36.17470125,-82.84691273,47059.0,44,47,2,0,45,46,69087,-1,0,0,-1,1
2020-05-14,US,Tennessee,Grundy,30,1,0,35.38433717,-85.72142731,47061.0,29,30,1,0,29,30,13346,0,0,0,0,0
2020-05-14,US,Tennessee,Hamblen,25,2,0,36.21990035,-83.26586179,47063.0,23,25,2,0,23,23,64569,0,0,0,0,2
2020-05-14,US,Tennessee,Hamilton,319,13,0,35.17670231,-85.16652245,47065.0,306,286,13,0,273,258,364286,33,0,0,33,28
2020-05-14,US,Tennessee,Hardeman,179,0,0,35.20772017,-88.99161161,47069.0,179,177,0,0,177,170,25220,2,0,0,2,7
2020-05-14,US,Tennessee,Hardin,9,0,0,35.19732531,-88.18593755,47071.0,9,8,0,0,8,8,25776,1,0,0,1,0
2020-05-14,US,Tennessee,Hawkins,32,2,0,36.44355426,-82.94885298,47073.0,30,31,2,0,29,32,56530,1,0,0,1,-1
2020-05-14,US,Tennessee,Haywood,29,1,0,35.58332824,-89.28536625,47075.0,28,28,1,0,27,28,17335,1,0,0,1,0
2020-05-14,US,Tennessee,Henderson,11,0,0,35.65581134,-88.38600175,47077.0,11,10,0,0,10,10,27847,1,0,0,1,0
2020-05-14,US,Tennessee,Henry,16,0,0,36.33160906,-88.30121797,47079.0,16,15,0,0,15,15,32358,1,0,0,1,0
2020-05-14,US,Tennessee,Hickman,52,0,0,35.80609681,-87.47643507,47081.0,52,52,0,0,52,52,25063,0,0,0,0,0
2020-05-14,US,Tennessee,Houston,6,0,0,36.28872054,-87.71878828,47083.0,6,6,0,0,6,6,8263,0,0,0,0,0
2020-05-14,US,Tennessee,Humphreys,12,1,0,36.03958805,-87.77992872,47085.0,11,12,1,0,11,12,18486,0,0,0,0,0
2020-05-14,US,Tennessee,Jackson,10,0,0,36.36380466,-85.67239905,47087.0,10,10,0,0,10,10,11758,0,0,0,0,0
2020-05-14,US,Tennessee,Jefferson,26,0,0,36.04818632,-83.45148924,47089.0,26,26,0,0,26,26,54012,0,0,0,0,0
2020-05-14,US,Tennessee,Johnson,15,0,0,36.45523950000001,-81.84886538,47091.0,15,15,0,0,15,11,17778,0,0,0,0,4
2020-05-14,US,Tennessee,Knox,297,5,0,35.99508821,-83.94635435,47093.0,292,295,5,0,290,286,465289,2,0,0,2,9
2020-05-14,US,Tennessee,Lake,401,0,0,36.34180170000001,-89.48921915,47095.0,401,300,0,0,300,99,7411,101,0,0,101,201
2020-05-14,US,Tennessee,Lauderdale,43,0,0,35.75893438,-89.63015909999999,47097.0,43,40,0,0,40,40,25825,3,0,0,3,0
2020-05-14,US,Tennessee,Lawrence,21,0,0,35.21675201,-87.39787695,47099.0,21,21,0,0,21,21,43734,0,0,0,0,0
2020-05-14,US,Tennessee,Lewis,2,0,0,35.52853208,-87.49022694,47101.0,2,2,0,0,2,2,12086,0,0,0,0,0
2020-05-14,US,Tennessee,Lincoln,16,0,0,35.13738622,-86.58910106,47103.0,16,16,0,0,16,16,34117,0,0,0,0,0
2020-05-14,US,Tennessee,Loudon,46,0,0,35.73939663,-84.31145275,47105.0,46,46,0,0,46,44,53054,0,0,0,0,2
2020-05-14,US,Tennessee,Macon,74,3,0,36.53157855,-86.00778595,47111.0,71,71,3,0,68,69,24265,3,0,0,3,2
2020-05-14,US,Tennessee,Madison,157,2,0,35.61181957,-88.84076036,47113.0,155,156,1,0,155,157,97605,1,1,0,0,-1
2020-05-14,US,Tennessee,Marion,30,1,0,35.12997174,-85.62265895,47115.0,29,29,1,0,28,29,28575,1,0,0,1,0
2020-05-14,US,Tennessee,Marshall,25,1,0,35.45798777,-86.76420988,47117.0,24,24,1,0,23,24,33683,1,0,0,1,0
2020-05-14,US,Tennessee,Maury,60,0,0,35.618741299999996,-87.07462444,47119.0,60,58,0,0,58,57,94340,2,0,0,2,1
2020-05-14,US,Tennessee,McMinn,123,10,0,35.42812616,-84.61520715,47107.0,113,123,9,0,114,122,53285,0,1,0,-1,1
2020-05-14,US,Tennessee,McNairy,12,0,0,35.17468549,-88.5647812,47109.0,12,12,0,0,12,11,25832,0,0,0,0,1
2020-05-14,US,Tennessee,Meigs,22,0,0,35.51558739,-84.81482914,47121.0,22,22,0,0,22,22,12306,0,0,0,0,0
2020-05-14,US,Tennessee,Monroe,37,1,0,35.44550387,-84.24902965,47123.0,36,33,1,0,32,33,46357,4,0,0,4,0
2020-05-14,US,Tennessee,Montgomery,199,2,0,36.49609412,-87.38550661,47125.0,197,191,2,0,189,188,205950,8,0,0,8,3
2020-05-14,US,Tennessee,Moore,3,0,0,35.27724699,-86.36230578,47127.0,3,3,0,0,3,3,6411,0,0,0,0,0
2020-05-14,US,Tennessee,Morgan,12,0,0,36.13248031,-84.64880098,47129.0,12,12,0,0,12,12,21579,0,0,0,0,0
2020-05-14,US,Tennessee,Obion,17,1,0,36.35732446,-89.14921589,47131.0,16,16,1,0,15,16,30267,1,0,0,1,0
2020-05-14,US,Tennessee,Out of TN,340,4,0,0.0,0.0,80047.0,336,318,4,0,314,395,,22,0,0,22,-77
2020-05-14,US,Tennessee,Overton,14,0,0,36.34117832,-85.28989535,47133.0,14,14,0,0,14,14,22068,0,0,0,0,0
2020-05-14,US,Tennessee,Perry,13,0,0,35.63708728,-87.86139634,47135.0,13,13,0,0,13,13,8064,0,0,0,0,0
2020-05-14,US,Tennessee,Pickett,1,0,0,36.55606529,-85.07763299999998,47137.0,1,1,0,0,1,1,5082,0,0,0,0,0
2020-05-14,US,Tennessee,Polk,12,0,0,35.12245443,-84.52075859,47139.0,12,12,0,0,12,12,16898,0,0,0,0,0
2020-05-14,US,Tennessee,Putnam,204,5,0,36.14005459,-85.50646123,47141.0,199,190,5,0,185,180,78843,14,0,0,14,10
2020-05-14,US,Tennessee,Rhea,6,0,0,35.60536161,-84.93076643,47143.0,6,6,0,0,6,6,33044,0,0,0,0,0
2020-05-14,US,Tennessee,Roane,8,0,0,35.84923189,-84.52458689,47145.0,8,8,0,0,8,8,53140,0,0,0,0,0
2020-05-14,US,Tennessee,Robertson,250,0,0,36.52454807,-86.87346725,47147.0,250,245,0,0,245,244,71012,5,0,0,5,1
2020-05-14,US,Tennessee,Rutherford,796,19,0,35.84591405,-86.4107263,47149.0,777,780,20,0,760,764,324890,16,-1,0,17,16
2020-05-14,US,Tennessee,Scott,11,0,0,36.42325673,-84.50360494,47151.0,11,11,0,0,11,11,22039,0,0,0,0,0
2020-05-14,US,Tennessee,Sequatchie,10,0,0,35.36979721,-85.41022136,47153.0,10,7,0,0,7,6,14876,3,0,0,3,1
2020-05-14,US,Tennessee,Sevier,65,2,0,35.78077323,-83.52244332,47155.0,63,65,2,0,63,65,97892,0,0,0,0,0
2020-05-14,US,Tennessee,Shelby,3542,81,0,35.1864775,-89.89692423,47157.0,3461,3475,75,0,3400,3429,935764,67,6,0,61,46
2020-05-14,US,Tennessee,Smith,24,1,0,36.25359775,-85.95411046,47159.0,23,24,1,0,23,24,19942,0,0,0,0,0
2020-05-14,US,Tennessee,Stewart,7,0,0,36.50235092,-87.83920548,47161.0,7,7,0,0,7,7,13561,0,0,0,0,0
2020-05-14,US,Tennessee,Sullivan,56,2,0,36.51240691,-82.30412917,47163.0,54,54,2,0,52,54,157668,2,0,0,2,0
2020-05-14,US,Tennessee,Sumner,720,41,0,36.46824103,-86.45917204,47165.0,679,714,40,0,674,708,187149,6,1,0,5,6
2020-05-14,US,Tennessee,Tipton,402,2,0,35.501942,-89.73694895,47167.0,400,400,2,0,398,395,61581,2,0,0,2,5
2020-05-14,US,Tennessee,Trousdale,1382,3,0,36.39026213,-86.16087954,47169.0,1379,1381,3,0,1378,1364,11012,1,0,0,1,17
2020-05-14,US,Tennessee,Unassigned,0,1,0,0.0,0.0,90047.0,-1,128,0,0,128,224,,-128,1,0,-129,-96
2020-05-14,US,Tennessee,Unicoi,3,0,0,36.10890856,-82.43709629,47171.0,3,3,0,0,3,3,17761,0,0,0,0,0
2020-05-14,US,Tennessee,Union,4,0,0,36.28590426,-83.83651902,47173.0,4,4,0,0,4,3,19688,0,0,0,0,1
2020-05-14,US,Tennessee,Van Buren,2,0,0,35.69864497,-85.45221699,47175.0,2,2,0,0,2,2,5765,0,0,0,0,0
2020-05-14,US,Tennessee,Warren,14,0,0,35.672829899999996,-85.77969117,47177.0,14,13,0,0,13,13,40878,1,0,0,1,0
2020-05-14,US,Tennessee,Washington,66,0,0,36.29472368,-82.49454720000001,47179.0,66,64,0,0,64,65,128607,2,0,0,2,-1
2020-05-14,US,Tennessee,Wayne,3,0,0,35.23868267,-87.78644456,47181.0,3,3,0,0,3,3,16558,0,0,0,0,0
2020-05-14,US,Tennessee,Weakley,24,0,0,36.29896232,-88.71990865,47183.0,24,24,0,0,24,24,33415,0,0,0,0,0
2020-05-14,US,Tennessee,White,17,0,0,35.92929884,-85.45591799,47185.0,17,17,0,0,17,17,27107,0,0,0,0,0
2020-05-14,US,Tennessee,Williamson,456,10,0,35.89099229,-86.89281867,47187.0,446,453,10,0,443,447,231729,3,0,0,3,6
2020-05-14,US,Tennessee,Wilson,312,8,0,36.15496772,-86.29775884,47189.0,304,309,8,0,301,306,140625,3,0,0,3,3
2020-05-14,US,Texas,Anderson,51,0,0,31.81534745,-95.65354823,48001.0,51,50,0,0,50,50,58057,1,0,0,1,0
2020-05-14,US,Texas,Andrews,22,0,0,32.30468633,-102.63765479999999,48003.0,22,22,0,0,22,22,18128,0,0,0,0,0
2020-05-14,US,Texas,Angelina,119,1,0,31.25457347,-94.60901487,48005.0,118,117,1,0,116,117,87092,2,0,0,2,0
2020-05-14,US,Texas,Aransas,3,0,0,28.10556197,-96.9995047,48007.0,3,2,0,0,2,2,23792,1,0,0,1,0
2020-05-14,US,Texas,Armstrong,2,0,0,34.96507426,-101.35748740000001,48011.0,2,2,0,0,2,2,1892,0,0,0,0,0
2020-05-14,US,Texas,Atascosa,27,1,0,28.89333001,-98.52730485,48013.0,26,27,1,0,26,27,50310,0,0,0,0,0
2020-05-14,US,Texas,Austin,16,0,0,29.88548725,-96.27736949,48015.0,16,15,0,0,15,15,29989,1,0,0,1,0
2020-05-14,US,Texas,Bailey,3,0,0,34.06854817,-102.8299707,48017.0,3,3,0,0,3,3,7027,0,0,0,0,0
2020-05-14,US,Texas,Bandera,6,0,0,29.74619598,-99.24598147,48019.0,6,6,0,0,6,6,22824,0,0,0,0,0
2020-05-14,US,Texas,Bastrop,125,2,0,30.10370699,-97.31206354,48021.0,123,120,2,0,118,117,86976,5,0,0,5,3
2020-05-14,US,Texas,Bee,6,0,0,28.41761668,-97.74215593,48025.0,6,6,0,0,6,6,32587,0,0,0,0,0
2020-05-14,US,Texas,Bell,237,3,0,31.03736027,-97.4785025,48027.0,234,231,3,0,228,223,355642,6,0,0,6,8
2020-05-14,US,Texas,Bexar,1976,58,0,29.44928723,-98.52019748,48029.0,1918,1942,57,0,1885,1901,1986049,34,1,0,33,41
2020-05-14,US,Texas,Blanco,6,0,0,30.26640707,-98.3999852,48031.0,6,6,0,0,6,6,11702,0,0,0,0,0
2020-05-14,US,Texas,Bosque,6,0,0,31.89978581,-97.63613524,48035.0,6,6,0,0,6,6,18691,0,0,0,0,0
2020-05-14,US,Texas,Bowie,120,2,0,33.44626922,-94.41834132,48037.0,118,82,2,0,80,80,94324,38,0,0,38,2
2020-05-14,US,Texas,Brazoria,710,9,0,29.18757369,-95.44563172,48039.0,701,686,9,0,677,673,370200,24,0,0,24,13
2020-05-14,US,Texas,Brazos,301,18,0,30.663644800000004,-96.30205577,48041.0,283,287,18,0,269,278,226758,14,0,0,14,9
2020-05-14,US,Texas,Brewster,1,0,0,29.81008251,-103.25203259999999,48043.0,1,1,0,0,1,1,9267,0,0,0,0,0
2020-05-14,US,Texas,Briscoe,1,0,0,34.53026962,-101.2084947,48045.0,1,1,0,0,1,1,1516,0,0,0,0,0
2020-05-14,US,Texas,Brooks,1,0,0,27.03103197,-98.21808402,48047.0,1,1,0,0,1,1,7114,0,0,0,0,0
2020-05-14,US,Texas,Brown,51,7,0,31.77430356,-98.99907113,48049.0,44,51,7,0,44,38,37924,0,0,0,0,13
2020-05-14,US,Texas,Burleson,17,0,0,30.49273808,-96.62158484,48051.0,17,16,0,0,16,16,18389,1,0,0,1,0
2020-05-14,US,Texas,Burnet,28,0,0,30.78801353,-98.181887,48053.0,28,28,0,0,28,28,47542,0,0,0,0,0
2020-05-14,US,Texas,Caldwell,33,0,0,29.83668859,-97.61814775,48055.0,33,33,0,0,33,31,43247,0,0,0,0,2
2020-05-14,US,Texas,Calhoun,36,3,0,28.47048236,-96.61633945,48057.0,33,36,3,0,33,36,21561,0,0,0,0,0
2020-05-14,US,Texas,Callahan,8,1,0,32.29760619,-99.37326312,48059.0,7,7,1,0,6,6,13994,1,0,0,1,1
2020-05-14,US,Texas,Cameron,569,25,0,26.14524221,-97.48140372,48061.0,544,544,25,0,519,527,423908,25,0,0,25,17
2020-05-14,US,Texas,Camp,13,0,0,32.97195142,-94.97790104,48063.0,13,11,0,0,11,7,13033,2,0,0,2,4
2020-05-14,US,Texas,Carson,3,0,0,35.40365929,-101.35426690000001,48065.0,3,3,0,0,3,3,6005,0,0,0,0,0
2020-05-14,US,Texas,Cass,21,0,0,33.07499881,-94.34646905,48067.0,21,21,0,0,21,21,30119,0,0,0,0,0
2020-05-14,US,Texas,Castro,25,1,0,34.53016752,-102.2617243,48069.0,24,24,1,0,23,23,7665,1,0,0,1,1
2020-05-14,US,Texas,Chambers,50,0,0,29.70972016,-94.67154501,48071.0,50,50,0,0,50,50,42454,0,0,0,0,0
2020-05-14,US,Texas,Cherokee,27,1,0,31.837258000000002,-95.16559897,48073.0,26,27,1,0,26,23,52592,0,0,0,0,4
2020-05-14,US,Texas,Childress,2,0,0,34.529304100000004,-100.2077916,48075.0,2,2,0,0,2,2,7291,0,0,0,0,0
2020-05-14,US,Texas,Clay,3,0,0,33.78686685,-98.20771198,48077.0,3,3,0,0,3,3,10456,0,0,0,0,0
2020-05-14,US,Texas,Cochran,1,0,0,33.60425307,-102.82844990000001,48079.0,1,1,0,0,1,1,2836,0,0,0,0,0
2020-05-14,US,Texas,Coke,1,0,0,31.88911733,-100.5297533,48081.0,1,1,0,0,1,1,3370,0,0,0,0,0
2020-05-14,US,Texas,Coleman,2,0,0,31.76736834,-99.45240766,48083.0,2,2,0,0,2,2,8397,0,0,0,0,0
2020-05-14,US,Texas,Collin,978,30,0,33.18820114,-96.57264368,48085.0,948,963,29,0,934,939,1005146,15,1,0,14,24
2020-05-14,US,Texas,Collingsworth,4,0,0,34.96489496,-100.27001109999999,48087.0,4,4,0,0,4,4,2962,0,0,0,0,0
2020-05-14,US,Texas,Colorado,18,0,0,29.622097999999998,-96.5273805,48089.0,18,18,0,0,18,16,21217,0,0,0,0,2
2020-05-14,US,Texas,Comal,68,6,0,29.80811278,-98.27647225,48091.0,62,68,6,0,62,65,148373,0,0,0,0,3
2020-05-14,US,Texas,Comanche,3,1,0,31.94854689,-98.55876441,48093.0,2,3,1,0,2,3,13534,0,0,0,0,0
2020-05-14,US,Texas,Concho,1,0,0,31.32635934,-99.86473038,48095.0,1,1,0,0,1,1,4276,0,0,0,0,0
2020-05-14,US,Texas,Cooke,13,0,0,33.63979567,-97.21240912,48097.0,13,13,0,0,13,12,40574,0,0,0,0,1
2020-05-14,US,Texas,Coryell,220,2,0,31.39078397,-97.79936155,48099.0,218,217,2,0,215,211,74808,3,0,0,3,6
2020-05-14,US,Texas,Cottle,4,1,0,34.07783319,-100.27850620000001,48101.0,3,4,1,0,3,4,1389,0,0,0,0,0
2020-05-14,US,Texas,Crane,2,0,0,31.43052248,-102.5143314,48103.0,2,2,0,0,2,2,4794,0,0,0,0,0
2020-05-14,US,Texas,Crosby,2,1,0,33.61431553,-101.30003640000001,48107.0,1,2,1,0,1,2,5779,0,0,0,0,0
2020-05-14,US,Texas,Dallam,19,1,0,36.27787176,-102.60207249999999,48111.0,18,17,1,0,16,16,7200,2,0,0,2,1
2020-05-14,US,Texas,Dallas,6837,159,0,32.76670599,-96.77796049999999,48113.0,6678,6602,153,0,6449,6123,2637772,235,6,0,229,479
2020-05-14,US,Texas,Dawson,32,1,0,32.74255572,-101.94772420000001,48115.0,31,32,1,0,31,30,12619,0,0,0,0,2
2020-05-14,US,Texas,DeWitt,17,1,0,29.08101855,-97.35681170000001,48123.0,16,17,1,0,16,17,20187,0,0,0,0,0
2020-05-14,US,Texas,Deaf Smith,93,2,0,34.96522957,-102.6054267,48117.0,91,92,2,0,90,67,18760,1,0,0,1,25
2020-05-14,US,Texas,Delta,1,0,0,33.38570922,-95.66921122,48119.0,1,1,0,0,1,1,5349,0,0,0,0,0
2020-05-14,US,Texas,Denton,989,25,0,33.20521901,-97.11691153,48121.0,964,968,25,0,943,946,859064,21,0,0,21,22
2020-05-14,US,Texas,Dickens,1,0,0,33.61616822,-100.7788855,48125.0,1,1,0,0,1,1,2249,0,0,0,0,0
2020-05-14,US,Texas,Dimmit,1,0,0,28.42270064,-99.75645095,48127.0,1,1,0,0,1,1,10308,0,0,0,0,0
2020-05-14,US,Texas,Donley,25,0,0,34.96517499,-100.8140093,48129.0,25,25,0,0,25,25,3319,0,0,0,0,0
2020-05-14,US,Texas,Duval,5,0,0,27.68184592,-98.50864568,48131.0,5,5,0,0,5,5,11212,0,0,0,0,0
2020-05-14,US,Texas,Eastland,4,0,0,32.32743996,-98.83243566,48133.0,4,3,0,0,3,3,18322,1,0,0,1,0
2020-05-14,US,Texas,Ector,102,4,0,31.86898877,-102.54294279999999,48135.0,98,100,4,0,96,100,162124,2,0,0,2,0
2020-05-14,US,Texas,El Paso,1456,41,0,31.76980765,-106.23632749999999,48141.0,1415,1413,33,0,1380,1348,840758,43,8,0,35,65
2020-05-14,US,Texas,Ellis,236,11,0,32.34894117,-96.79371841,48139.0,225,221,11,0,210,216,179436,15,0,0,15,5
2020-05-14,US,Texas,Erath,15,1,0,32.23602653,-98.21773417,48143.0,14,14,1,0,13,14,42446,1,0,0,1,0
2020-05-14,US,Texas,Falls,6,0,0,31.25350609,-96.93630086,48145.0,6,6,0,0,6,6,17335,0,0,0,0,0
2020-05-14,US,Texas,Fannin,24,1,0,33.59564294,-96.10751083,48147.0,23,24,1,0,23,23,35286,0,0,0,0,1
2020-05-14,US,Texas,Fayette,28,2,0,29.87788372,-96.92076062,48149.0,26,26,1,0,25,26,25349,2,1,0,1,0
2020-05-14,US,Texas,Floyd,4,0,0,34.07227468,-101.3031546,48153.0,4,4,0,0,4,4,5837,0,0,0,0,0
2020-05-14,US,Texas,Fort Bend,1452,40,0,29.52704478,-95.77219463,48157.0,1412,1404,40,0,1364,1404,787858,48,0,0,48,0
2020-05-14,US,Texas,Franklin,4,0,0,33.17653242,-95.21917243,48159.0,4,3,0,0,3,3,10766,1,0,0,1,0
2020-05-14,US,Texas,Freestone,8,0,0,31.70422788,-96.15072516,48161.0,8,7,0,0,7,7,19808,1,0,0,1,0
2020-05-14,US,Texas,Frio,34,0,0,28.86751206,-99.10804207,48163.0,34,34,0,0,34,34,19816,0,0,0,0,0
2020-05-14,US,Texas,Gaines,4,0,0,32.74055318,-102.6353295,48165.0,4,4,0,0,4,4,20901,0,0,0,0,0
2020-05-14,US,Texas,Galveston,691,30,0,29.40167322,-94.90469073,48167.0,661,688,29,0,659,686,337890,3,1,0,2,2
2020-05-14,US,Texas,Garza,4,0,0,33.17969345,-101.2984114,48169.0,4,4,0,0,4,4,6578,0,0,0,0,0
2020-05-14,US,Texas,Gillespie,4,0,0,30.31824095,-98.94676915,48171.0,4,4,0,0,4,4,26804,0,0,0,0,0
2020-05-14,US,Texas,Glasscock,1,0,0,31.86942909,-101.5207776,48173.0,1,1,0,0,1,1,1388,0,0,0,0,0
2020-05-14,US,Texas,Goliad,7,0,0,28.65696592,-97.42760647,48175.0,7,7,0,0,7,7,7584,0,0,0,0,0
2020-05-14,US,Texas,Gonzales,70,2,0,29.45634206,-97.49424032,48177.0,68,62,2,0,60,59,20826,8,0,0,8,3
2020-05-14,US,Texas,Gray,77,0,0,35.40081878,-100.8129222,48179.0,77,77,0,0,77,76,21895,0,0,0,0,1
2020-05-14,US,Texas,Grayson,122,0,0,33.62744998,-96.67753461,48181.0,122,112,0,0,112,105,133991,10,0,0,10,7
2020-05-14,US,Texas,Gregg,138,0,0,32.47940482,-94.81591935,48183.0,138,136,0,0,136,132,123707,2,0,0,2,4
2020-05-14,US,Texas,Grimes,56,1,0,30.54579585,-95.98902499,48185.0,55,54,1,0,53,42,28360,2,0,0,2,12
2020-05-14,US,Texas,Guadalupe,101,0,0,29.58165339,-97.94786822,48187.0,101,99,0,0,99,99,163694,2,0,0,2,0
2020-05-14,US,Texas,Hale,41,4,0,34.07044901,-101.82681140000001,48189.0,37,40,4,0,36,39,33830,1,0,0,1,1
2020-05-14,US,Texas,Hamilton,7,0,0,31.70470573,-98.11083887,48193.0,7,7,0,0,7,7,8484,0,0,0,0,0
2020-05-14,US,Texas,Hansford,15,2,0,36.27743284,-101.3545796,48195.0,13,13,2,0,11,13,5463,2,0,0,2,0
2020-05-14,US,Texas,Hardin,116,4,0,30.33364686,-94.38931817,48199.0,112,115,3,0,112,115,57207,1,1,0,0,0
2020-05-14,US,Texas,Harris,8817,193,0,29.86,-95.39,48201.0,8624,8621,188,0,8433,8416,4698619,196,5,0,191,205
2020-05-14,US,Texas,Harrison,195,9,0,32.54935988,-94.36934071,48203.0,186,192,9,0,183,189,66726,3,0,0,3,3
2020-05-14,US,Texas,Hartley,9,2,0,35.84008013,-102.6029022,48205.0,7,9,2,0,7,9,5619,0,0,0,0,0
2020-05-14,US,Texas,Hays,217,3,0,30.05669873,-98.02944344,48209.0,214,214,3,0,211,203,222631,3,0,0,3,11
2020-05-14,US,Texas,Hemphill,1,0,0,35.83764858,-100.2703577,48211.0,1,1,0,0,1,1,3825,0,0,0,0,0
2020-05-14,US,Texas,Henderson,47,0,0,32.21128872,-95.85846587,48213.0,47,47,0,0,47,46,82299,0,0,0,0,1
2020-05-14,US,Texas,Hidalgo,409,10,0,26.39418217,-98.18299696,48215.0,399,403,8,0,395,394,865939,6,2,0,4,9
2020-05-14,US,Texas,Hill,22,1,0,31.99045053,-97.13423143,48217.0,21,21,1,0,20,21,36354,1,0,0,1,0
2020-05-14,US,Texas,Hockley,22,1,0,33.60771256,-102.3431676,48219.0,21,23,1,0,22,20,22980,-1,0,0,-1,3
2020-05-14,US,Texas,Hood,22,3,0,32.42990927,-97.83242024,48221.0,19,22,3,0,19,22,60537,0,0,0,0,0
2020-05-14,US,Texas,Hopkins,8,0,0,33.14875072,-95.56351139,48223.0,8,8,0,0,8,8,36810,0,0,0,0,0
2020-05-14,US,Texas,Houston,71,0,0,31.31925973,-95.42226208,48225.0,71,21,0,0,21,14,23169,50,0,0,50,7
2020-05-14,US,Texas,Howard,6,1,0,32.30621324,-101.4356444,48227.0,5,6,1,0,5,6,36459,0,0,0,0,0
2020-05-14,US,Texas,Hunt,58,3,0,33.12351514,-96.08551032,48231.0,55,58,3,0,55,58,96493,0,0,0,0,0
2020-05-14,US,Texas,Hutchinson,25,0,0,35.84006574,-101.3546643,48233.0,25,25,0,0,25,22,21198,0,0,0,0,3
2020-05-14,US,Texas,Jack,4,0,0,33.23377248,-98.17283469,48237.0,4,4,0,0,4,4,8843,0,0,0,0,0
2020-05-14,US,Texas,Jackson,15,1,0,28.95472367,-96.57749563,48239.0,14,15,0,0,15,15,14874,0,1,0,-1,0
2020-05-14,US,Texas,Jasper,19,1,0,30.74685667,-94.02667579,48241.0,18,19,1,0,18,19,35872,0,0,0,0,0
2020-05-14,US,Texas,Jefferson,418,26,0,29.8832777,-94.16434171,48245.0,392,399,26,0,373,385,255001,19,0,0,19,14
2020-05-14,US,Texas,Jim Hogg,3,0,0,27.04453923,-98.69681870000001,48247.0,3,3,0,0,3,3,5248,0,0,0,0,0
2020-05-14,US,Texas,Jim Wells,7,0,0,27.73103938,-98.0904705,48249.0,7,7,0,0,7,7,40822,0,0,0,0,0
2020-05-14,US,Texas,Johnson,117,4,0,32.37877812,-97.36615819,48251.0,113,110,4,0,106,107,171361,7,0,0,7,3
2020-05-14,US,Texas,Jones,110,0,0,32.73997145,-99.87861576,48253.0,110,101,0,0,101,96,19817,9,0,0,9,5
2020-05-14,US,Texas,Karnes,4,0,0,28.90705334,-97.85960149,48255.0,4,4,0,0,4,3,15650,0,0,0,0,1
2020-05-14,US,Texas,Kaufman,137,1,0,32.599141700000004,-96.28734728,48257.0,136,133,1,0,132,127,128622,4,0,0,4,6
2020-05-14,US,Texas,Kendall,20,0,0,29.94414155,-98.7113588,48259.0,20,20,0,0,20,20,45641,0,0,0,0,0
2020-05-14,US,Texas,Kerr,10,0,0,30.06040006,-99.34930144,48265.0,10,9,0,0,9,9,52405,1,0,0,1,0
2020-05-14,US,Texas,Kimble,1,0,0,30.48678918,-99.74856473,48267.0,1,1,0,0,1,1,4362,0,0,0,0,0
2020-05-14,US,Texas,Kleberg,11,1,0,27.42435506,-97.69894948,48273.0,10,11,1,0,10,11,31129,0,0,0,0,0
2020-05-14,US,Texas,Knox,1,0,0,33.60519951,-99.74229059999999,48275.0,1,1,0,0,1,1,3653,0,0,0,0,0
2020-05-14,US,Texas,La Salle,4,0,0,28.34453111,-99.09908775,48283.0,4,3,0,0,3,2,7531,1,0,0,1,1
2020-05-14,US,Texas,Lamar,105,4,0,33.66981763,-95.57404777,48277.0,101,104,4,0,100,96,49728,1,0,0,1,8
2020-05-14,US,Texas,Lamb,10,0,0,34.06859623,-102.35162890000001,48279.0,10,8,0,0,8,8,13158,2,0,0,2,0
2020-05-14,US,Texas,Lampasas,8,0,0,31.19531316,-98.24206613,48281.0,8,8,0,0,8,8,21229,0,0,0,0,0
2020-05-14,US,Texas,Lavaca,7,1,0,29.38508402,-96.93186692,48285.0,6,7,1,0,6,6,20110,0,0,0,0,1
2020-05-14,US,Texas,Lee,6,0,0,30.31120597,-96.97045773,48287.0,6,6,0,0,6,6,17144,0,0,0,0,0
2020-05-14,US,Texas,Leon,9,0,0,31.29872538,-95.9936328,48289.0,9,9,0,0,9,9,17270,0,0,0,0,0
2020-05-14,US,Texas,Liberty,72,2,0,30.15152688,-94.81205615,48291.0,70,72,1,0,71,70,86323,0,1,0,-1,2
2020-05-14,US,Texas,Limestone,15,1,0,31.5454767,-96.58095444,48293.0,14,15,1,0,14,15,23519,0,0,0,0,0
2020-05-14,US,Texas,Lipscomb,2,0,0,36.27783108,-100.27331509999999,48295.0,2,2,0,0,2,2,3355,0,0,0,0,0
2020-05-14,US,Texas,Live Oak,5,0,0,28.35101362,-98.1246786,48297.0,5,5,0,0,5,5,12166,0,0,0,0,0
2020-05-14,US,Texas,Llano,3,0,0,30.70645047,-98.68475262,48299.0,3,3,0,0,3,3,21646,0,0,0,0,0
2020-05-14,US,Texas,Lubbock,607,50,0,33.61008596,-101.82047890000001,48303.0,557,605,50,0,555,598,307412,2,0,0,2,7
2020-05-14,US,Texas,Lynn,5,1,0,33.17657705,-101.8162849,48305.0,4,5,1,0,4,5,5877,0,0,0,0,0
2020-05-14,US,Texas,Madison,4,0,0,30.96694679,-95.93003775,48313.0,4,2,0,0,2,3,14422,2,0,0,2,-1
2020-05-14,US,Texas,Marion,15,0,0,32.79868409,-94.35661230000001,48315.0,15,15,0,0,15,15,9928,0,0,0,0,0
2020-05-14,US,Texas,Martin,3,1,0,32.30600051,-101.9513518,48317.0,2,3,1,0,2,3,5753,0,0,0,0,0
2020-05-14,US,Texas,Mason,28,0,0,30.71780434,-99.22629416,48319.0,28,28,0,0,28,28,4280,0,0,0,0,0
2020-05-14,US,Texas,Matagorda,65,5,0,28.81955746,-96.01230294,48321.0,60,64,3,0,61,64,36552,1,2,0,-1,0
2020-05-14,US,Texas,Maverick,52,0,0,28.7429195,-100.3157686,48323.0,52,45,0,0,45,45,58485,7,0,0,7,0
2020-05-14,US,Texas,McCulloch,3,0,0,31.1925468,-99.34682807,48307.0,3,3,0,0,3,3,7987,0,0,0,0,0
2020-05-14,US,Texas,McLennan,96,4,0,31.55255453,-97.20217694,48309.0,92,96,4,0,92,94,254607,0,0,0,0,2
2020-05-14,US,Texas,Medina,47,2,0,29.355730100000002,-99.11030298,48325.0,45,45,2,0,43,38,50921,2,0,0,2,7
2020-05-14,US,Texas,Midland,115,12,0,31.86904128,-102.03156820000001,48329.0,103,112,12,0,100,107,172578,3,0,0,3,5
2020-05-14,US,Texas,Milam,22,1,0,30.78581830000001,-96.97718698,48331.0,21,20,1,0,19,20,25131,2,0,0,2,0
2020-05-14,US,Texas,Mills,1,0,0,31.49557106,-98.59272068,48333.0,1,1,0,0,1,1,4921,0,0,0,0,0
2020-05-14,US,Texas,Mitchell,1,0,0,32.30623474,-100.9212058,48335.0,1,1,0,0,1,1,8145,0,0,0,0,0
2020-05-14,US,Texas,Montague,9,1,0,33.67521893,-97.72500958,48337.0,8,9,1,0,8,9,19596,0,0,0,0,0
2020-05-14,US,Texas,Montgomery,773,18,0,30.30079133,-95.50572772,48339.0,755,758,17,0,741,742,590925,15,1,0,14,16
2020-05-14,US,Texas,Moore,534,9,0,35.83769242,-101.8930281,48341.0,525,526,9,0,517,535,21485,8,0,0,8,-9
2020-05-14,US,Texas,Morris,10,0,0,33.11304005,-94.73255695,48343.0,10,9,0,0,9,9,12339,1,0,0,1,0
2020-05-14,US,Texas,Motley,1,0,0,34.07408766,-100.77972199999999,48345.0,1,1,0,0,1,1,1234,0,0,0,0,0
2020-05-14,US,Texas,Nacogdoches,227,9,0,31.62017125,-94.61803994,48347.0,218,224,9,0,215,221,65711,3,0,0,3,3
2020-05-14,US,Texas,Navarro,37,2,0,32.04620681,-96.47428766,48349.0,35,37,2,0,35,36,49565,0,0,0,0,1
2020-05-14,US,Texas,Newton,4,0,0,30.78548982,-93.74408813,48351.0,4,4,0,0,4,4,13746,0,0,0,0,0
2020-05-14,US,Texas,Nolan,2,0,0,32.30365282,-100.4060208,48353.0,2,2,0,0,2,2,14751,0,0,0,0,0
2020-05-14,US,Texas,Nueces,186,3,0,27.736286,-97.5433285,48355.0,183,174,3,0,171,147,362265,12,0,0,12,27
2020-05-14,US,Texas,Ochiltree,40,2,0,36.27829105,-100.8158184,48357.0,38,40,1,0,39,29,9947,0,1,0,-1,11
2020-05-14,US,Texas,Oldham,3,1,0,35.40425596,-102.6027606,48359.0,2,3,1,0,2,3,2131,0,0,0,0,0
2020-05-14,US,Texas,Orange,84,2,0,30.11879481,-93.89412775,48361.0,82,84,2,0,82,85,83572,0,0,0,0,-1
2020-05-14,US,Texas,Palo Pinto,9,2,0,32.75310985,-98.31319001,48363.0,7,9,2,0,7,9,28875,0,0,0,0,0
2020-05-14,US,Texas,Panola,175,8,0,32.163959600000005,-94.30552481,48365.0,167,162,8,0,154,162,23148,13,0,0,13,0
2020-05-14,US,Texas,Parker,56,0,0,32.77757172,-97.80500621,48367.0,56,47,0,0,47,45,138371,9,0,0,9,2
2020-05-14,US,Texas,Parmer,23,0,0,34.52993409,-102.78446679999999,48369.0,23,22,0,0,22,21,9864,1,0,0,1,1
2020-05-14,US,Texas,Pecos,20,0,0,30.78097267,-102.72412609999999,48371.0,20,20,0,0,20,19,15673,0,0,0,0,1
2020-05-14,US,Texas,Polk,46,0,0,30.79472531,-94.82766240000001,48373.0,46,40,0,0,40,40,50031,6,0,0,6,0
2020-05-14,US,Texas,Potter,1421,21,0,35.40133773,-101.893964,48375.0,1400,1327,17,0,1310,1179,119648,94,4,0,90,148
2020-05-14,US,Texas,Rains,2,0,0,32.87109387,-95.79232691,48379.0,2,2,0,0,2,2,12159,0,0,0,0,0
2020-05-14,US,Texas,Randall,444,4,0,34.96585996,-101.8971322,48381.0,440,413,4,0,409,379,136271,31,0,0,31,34
2020-05-14,US,Texas,Red River,33,0,0,33.61886692,-95.04841765,48387.0,33,28,0,0,28,27,12175,5,0,0,5,1
2020-05-14,US,Texas,Reeves,7,0,0,31.32323325,-103.69038959999999,48389.0,7,7,0,0,7,7,15695,0,0,0,0,0
2020-05-14,US,Texas,Refugio,3,0,0,28.323897600000002,-97.15766311,48391.0,3,3,0,0,3,2,7032,0,0,0,0,1
2020-05-14,US,Texas,Roberts,2,0,0,35.83809685,-100.813175,48393.0,2,2,0,0,2,2,903,0,0,0,0,0
2020-05-14,US,Texas,Robertson,6,0,0,31.02539637,-96.51272246,48395.0,6,6,0,0,6,5,17284,0,0,0,0,1
2020-05-14,US,Texas,Rockwall,138,5,0,32.89779518,-96.40771592,48397.0,133,126,5,0,121,113,100657,12,0,0,12,13
2020-05-14,US,Texas,Runnels,2,0,0,31.8314342,-99.97616148,48399.0,2,2,0,0,2,2,10234,0,0,0,0,0
2020-05-14,US,Texas,Rusk,40,1,0,32.10773545,-94.76176432,48401.0,39,40,1,0,39,40,54450,0,0,0,0,0
2020-05-14,US,Texas,Sabine,3,0,0,31.34318809,-93.85440451,48403.0,3,3,0,0,3,3,10589,0,0,0,0,0
2020-05-14,US,Texas,San Augustine,22,1,0,31.39457611,-94.17000399,48405.0,21,22,1,0,21,22,8232,0,0,0,0,0
2020-05-14,US,Texas,San Jacinto,12,0,0,30.57933681,-95.16260304,48407.0,12,11,0,0,11,11,28719,1,0,0,1,0
2020-05-14,US,Texas,San Patricio,23,0,0,28.00880118,-97.51763891,48409.0,23,22,0,0,22,22,66893,1,0,0,1,0
2020-05-14,US,Texas,Scurry,2,0,0,32.74613808,-100.91626640000001,48415.0,2,2,0,0,2,2,16866,0,0,0,0,0
2020-05-14,US,Texas,Shackelford,1,0,0,32.73587756,-99.35401337,48417.0,1,1,0,0,1,1,3253,0,0,0,0,0
2020-05-14,US,Texas,Shelby,167,5,0,31.79211404,-94.14550696,48419.0,162,163,5,0,158,158,25418,4,0,0,4,5
2020-05-14,US,Texas,Sherman,23,0,0,36.27751473,-101.8933156,48421.0,23,23,0,0,23,23,3079,0,0,0,0,0
2020-05-14,US,Texas,Smith,186,3,0,32.37474036,-95.27175679999999,48423.0,183,185,3,0,182,177,230221,1,0,0,1,8
2020-05-14,US,Texas,Starr,14,0,0,26.56150059,-98.73892358,48427.0,14,14,0,0,14,14,64525,0,0,0,0,0
2020-05-14,US,Texas,Stephens,2,0,0,32.73553157,-98.83631615,48429.0,2,2,0,0,2,1,9433,0,0,0,0,1
2020-05-14,US,Texas,Swisher,13,0,0,34.53028891,-101.73491740000001,48437.0,13,13,0,0,13,13,7462,0,0,0,0,0
2020-05-14,US,Texas,Tarrant,4076,114,0,32.77143818,-97.29101614,48439.0,3962,3810,109,0,3701,3745,2084931,266,5,0,261,65
2020-05-14,US,Texas,Taylor,214,6,0,32.30163422,-99.89007449,48441.0,208,213,6,0,207,210,137640,1,0,0,1,3
2020-05-14,US,Texas,Terry,12,0,0,33.17402785,-102.3354521,48445.0,12,12,0,0,12,12,12287,0,0,0,0,0
2020-05-14,US,Texas,Titus,74,0,0,33.21339719,-94.96797273,48449.0,74,59,0,0,59,37,33033,15,0,0,15,22
2020-05-14,US,Texas,Tom Green,85,1,0,31.40464436,-100.46244300000001,48451.0,84,84,1,0,83,84,118189,1,0,0,1,0
2020-05-14,US,Texas,Travis,2345,74,0,30.33432034,-97.78535620000001,48453.0,2271,2288,72,0,2216,2235,1248743,57,2,0,55,53
2020-05-14,US,Texas,Trinity,11,0,0,31.0879489,-95.1367187,48455.0,11,11,0,0,11,11,14740,0,0,0,0,0
2020-05-14,US,Texas,Tyler,7,0,0,30.77031716,-94.37690895,48457.0,7,7,0,0,7,7,21696,0,0,0,0,0
2020-05-14,US,Texas,Upshur,17,0,0,32.73706798,-94.93999853,48459.0,17,17,0,0,17,17,41260,0,0,0,0,0
2020-05-14,US,Texas,Uvalde,6,0,0,29.35739637,-99.76229172,48463.0,6,6,0,0,6,6,26846,0,0,0,0,0
2020-05-14,US,Texas,Val Verde,13,0,0,29.89149232,-101.1525205,48465.0,13,13,0,0,13,13,49208,0,0,0,0,0
2020-05-14,US,Texas,Van Zandt,22,1,0,32.56483801,-95.83766469,48467.0,21,22,1,0,21,18,56019,0,0,0,0,4
2020-05-14,US,Texas,Victoria,154,6,0,28.79780988,-96.96813006,48469.0,148,150,6,0,144,150,92035,4,0,0,4,0
2020-05-14,US,Texas,Walker,374,19,0,30.73872995,-95.57440968,48471.0,355,393,2,0,391,342,72480,-19,17,0,-36,51
2020-05-14,US,Texas,Waller,37,0,0,30.01058447,-95.99011759,48473.0,37,39,0,0,39,39,53126,-2,0,0,-2,0
2020-05-14,US,Texas,Washington,175,22,0,30.21498498,-96.40946246,48477.0,153,175,22,0,153,170,35108,0,0,0,0,5
2020-05-14,US,Texas,Webb,445,17,0,27.7610369,-99.33237355,48479.0,428,444,17,0,427,444,275910,1,0,0,1,0
2020-05-14,US,Texas,Wharton,42,0,0,29.27765923,-96.22319248,48481.0,42,42,0,0,42,42,41619,0,0,0,0,0
2020-05-14,US,Texas,Wheeler,14,0,0,35.40114335,-100.26995140000001,48483.0,14,14,0,0,14,14,5191,0,0,0,0,0
2020-05-14,US,Texas,Wichita,77,2,0,33.98842886,-98.70410340000001,48485.0,75,76,2,0,74,75,132064,1,0,0,1,1
2020-05-14,US,Texas,Wilbarger,2,0,0,34.07945812,-99.24178437,48487.0,2,2,0,0,2,2,12820,0,0,0,0,0
2020-05-14,US,Texas,Willacy,14,1,0,26.47411727,-97.61535848,48489.0,13,14,1,0,13,14,21515,0,0,0,0,0
2020-05-14,US,Texas,Williamson,442,19,0,30.64655664,-97.60048540000001,48491.0,423,424,16,0,408,397,566719,18,3,0,15,27
2020-05-14,US,Texas,Wilson,36,4,0,29.1732598,-98.08693082,48493.0,32,36,4,0,32,36,50224,0,0,0,0,0
2020-05-14,US,Texas,Winkler,3,0,0,31.85008651,-103.04851629999999,48495.0,3,3,0,0,3,3,7720,0,0,0,0,0
2020-05-14,US,Texas,Wise,36,2,0,33.21570665,-97.65460265,48497.0,34,35,2,0,33,31,68305,1,0,0,1,4
2020-05-14,US,Texas,Wood,15,0,0,32.78722382,-95.38236368,48499.0,15,15,0,0,15,15,45129,0,0,0,0,0
2020-05-14,US,Texas,Yoakum,2,0,0,33.17320212,-102.82764329999999,48501.0,2,2,0,0,2,2,8591,0,0,0,0,0
2020-05-14,US,Texas,Young,4,1,0,33.17659707,-98.68790885,48503.0,3,4,1,0,3,4,18045,0,0,0,0,0
2020-05-14,US,Texas,Zapata,7,0,0,27.00156391,-99.16987152,48505.0,7,7,0,0,7,7,14190,0,0,0,0,0
2020-05-14,US,Texas,Zavala,9,0,0,28.86617238,-99.76050829,48507.0,9,9,0,0,9,7,11983,0,0,0,0,2
2020-05-14,US,Utah,Bear River,83,1,0,41.52106798,-113.08328159999999,0.0,82,83,1,0,82,80,,0,0,0,0,3
2020-05-14,US,Utah,Central Utah,29,0,0,39.37231946,-111.5758676,0.0,29,29,0,0,29,28,,0,0,0,0,1
2020-05-14,US,Utah,Davis,349,2,0,40.99001837,-112.1139997,49011.0,347,344,2,0,342,340,351713,5,0,0,5,4
2020-05-14,US,Utah,Salt Lake,3604,51,0,40.66616532,-111.92160109999999,49035.0,3553,3530,51,0,3479,3414,1152633,74,0,0,74,116
2020-05-14,US,Utah,San Juan,154,3,0,37.62762978,-109.80337140000002,49037.0,151,152,3,0,149,152,15449,2,0,0,2,0
2020-05-14,US,Utah,Southeast Utah,13,0,0,38.99617072,-110.70139579999999,0.0,13,13,0,0,13,13,,0,0,0,0,0
2020-05-14,US,Utah,Southwest Utah,187,3,0,37.85447192,-111.4418764,90049.0,184,180,3,0,177,167,,7,0,0,7,13
2020-05-14,US,Utah,Summit,393,0,0,40.86688146,-110.9535882,49043.0,393,392,0,0,392,388,41933,1,0,0,1,4
2020-05-14,US,Utah,Tooele,84,0,0,40.44862644,-113.12957150000001,49045.0,84,85,0,0,85,78,69907,-1,0,0,-1,7
2020-05-14,US,Utah,TriCounty,16,0,0,40.12491499,-109.5174415,0.0,16,16,0,0,16,16,,0,0,0,0,0
2020-05-14,US,Utah,Utah,1435,11,0,40.116672200000004,-111.66576620000001,49049.0,1424,1400,11,0,1389,1365,622213,35,0,0,35,35
2020-05-14,US,Utah,Wasatch,188,1,0,40.33110236,-111.1691419,49051.0,187,185,1,0,184,184,33240,3,0,0,3,1
2020-05-14,US,Utah,Weber-Morgan,214,3,0,41.27116049,-111.9145117,0.0,211,211,3,0,208,207,,3,0,0,3,4
2020-05-14,US,Vermont,Addison,62,2,0,44.03217337,-73.14130877,50001.0,60,62,2,0,60,62,36973,0,0,0,0,0
2020-05-14,US,Vermont,Bennington,60,1,0,43.03519828,-73.09048868,50003.0,59,60,1,0,59,60,35631,0,0,0,0,0
2020-05-14,US,Vermont,Caledonia,14,0,0,44.46548598,-72.10314651,50005.0,14,14,0,0,14,14,30302,0,0,0,0,0
2020-05-14,US,Vermont,Chittenden,432,37,0,44.46322849,-73.08359212,50007.0,395,432,37,0,395,432,164572,0,0,0,0,0
2020-05-14,US,Vermont,Essex,2,0,0,44.72736416,-71.73579864,50009.0,2,2,0,0,2,2,6250,0,0,0,0,0
2020-05-14,US,Vermont,Franklin,99,5,0,44.85627605,-72.91249563,50011.0,94,99,5,0,94,99,49421,0,0,0,0,0
2020-05-14,US,Vermont,Grand Isle,4,0,0,44.797582399999996,-73.29679772,50013.0,4,4,0,0,4,4,7090,0,0,0,0,0
2020-05-14,US,Vermont,Lamoille,27,1,0,44.60353043,-72.64356694,50015.0,26,27,1,0,26,26,25300,0,0,0,0,1
2020-05-14,US,Vermont,Orange,8,0,0,44.00470222,-72.37640104,50017.0,8,8,0,0,8,8,28999,0,0,0,0,0
2020-05-14,US,Vermont,Orleans,9,0,0,44.82964024,-72.24562697,50019.0,9,9,0,0,9,9,26907,0,0,0,0,0
2020-05-14,US,Vermont,Rutland,49,1,0,43.57723578,-73.03741676,50021.0,48,49,1,0,48,49,58672,0,0,0,0,0
2020-05-14,US,Vermont,Unassigned,4,0,0,0.0,0.0,90050.0,4,4,0,0,4,4,,0,0,0,0,0
2020-05-14,US,Vermont,Washington,38,1,0,44.27343241,-72.61604978,50023.0,37,38,1,0,37,38,58140,0,0,0,0,0
2020-05-14,US,Vermont,Windham,77,3,0,42.986982,-72.71268875,50025.0,74,75,3,0,72,75,42756,2,0,0,2,0
2020-05-14,US,Vermont,Windsor,47,2,0,43.58010937,-72.58595157,50027.0,45,46,2,0,44,45,55286,1,0,0,1,1
2020-05-14,US,Virginia,Accomack,593,8,0,37.76707161,-75.63234615,51001.0,585,545,7,0,538,530,32412,48,1,0,47,15
2020-05-14,US,Virginia,Albemarle,130,4,0,38.02080697,-78.55481085,51003.0,126,126,4,0,122,124,108718,4,0,0,4,2
2020-05-14,US,Virginia,Alexandria,1349,32,0,38.814003,-77.08183073,51510.0,1317,1305,31,0,1274,1240,160530,44,1,0,43,65
2020-05-14,US,Virginia,Alleghany,6,0,0,37.78636074,-80.00222498,51005.0,6,6,0,0,6,6,14910,0,0,0,0,0
2020-05-14,US,Virginia,Amelia,17,1,0,37.34081025,-77.98584649,51007.0,16,17,1,0,16,17,13013,0,0,0,0,0
2020-05-14,US,Virginia,Amherst,21,0,0,37.60308293,-79.14548696,51009.0,21,20,0,0,20,17,31666,1,0,0,1,3
2020-05-14,US,Virginia,Appomattox,22,0,0,37.37569884,-78.81340003,51011.0,22,22,0,0,22,22,15841,0,0,0,0,0
2020-05-14,US,Virginia,Arlington,1499,70,0,38.8767675,-77.10139853,51013.0,1429,1460,69,0,1391,1416,237521,39,1,0,38,44
2020-05-14,US,Virginia,Augusta,70,1,0,38.16404586,-79.12461614,51015.0,69,66,1,0,65,64,75457,4,0,0,4,2
2020-05-14,US,Virginia,Bedford,40,1,0,37.3080028,-79.5281964,51019.0,39,40,1,0,39,38,78747,0,0,0,0,2
2020-05-14,US,Virginia,Botetourt,30,3,0,37.55531756,-79.80982182,51023.0,27,30,3,0,27,30,33277,0,0,0,0,0
2020-05-14,US,Virginia,Bristol,3,0,0,36.616302399999995,-82.16359122,51520.0,3,3,0,0,3,3,16482,0,0,0,0,0
2020-05-14,US,Virginia,Brunswick,20,0,0,36.76366949,-77.8593436,51025.0,20,20,0,0,20,20,16384,0,0,0,0,0
2020-05-14,US,Virginia,Buchanan,16,0,0,37.26818323,-82.03749726,51027.0,16,16,0,0,16,16,21221,0,0,0,0,0
2020-05-14,US,Virginia,Buckingham,348,2,0,37.57242268,-78.52518834,51029.0,346,347,2,0,345,301,16999,1,0,0,1,46
2020-05-14,US,Virginia,Buena Vista,8,0,0,37.73484642,-79.35296097,51530.0,8,8,0,0,8,8,6237,0,0,0,0,0
2020-05-14,US,Virginia,Campbell,13,1,0,37.20553386,-79.09678609,51031.0,12,13,0,0,13,13,54973,0,1,0,-1,0
2020-05-14,US,Virginia,Caroline,41,2,0,38.02679129,-77.34901405,51033.0,39,39,2,0,37,38,30772,2,0,0,2,1
2020-05-14,US,Virginia,Carroll,40,0,0,36.73066666,-80.73455942,51035.0,40,39,0,0,39,34,29636,1,0,0,1,5
2020-05-14,US,Virginia,Charles City,21,1,0,37.35358063,-77.05634116,51036.0,20,21,1,0,20,21,6941,0,0,0,0,0
2020-05-14,US,Virginia,Charlotte,11,0,0,37.01909701,-78.66314092,51037.0,11,11,0,0,11,11,11938,0,0,0,0,0
2020-05-14,US,Virginia,Charlottesville,68,2,0,38.03527919,-78.48569588,51540.0,66,68,2,0,66,68,48117,0,0,0,0,0
2020-05-14,US,Virginia,Chesapeake,362,9,0,36.67670048,-76.30545744,51550.0,353,354,9,0,345,343,242634,8,0,0,8,11
2020-05-14,US,Virginia,Chesterfield,909,29,0,37.37373208,-77.58680140000001,51041.0,880,862,29,0,833,837,348556,47,0,0,47,25
2020-05-14,US,Virginia,Clarke,16,0,0,39.11271747,-77.99199425,51043.0,16,16,0,0,16,16,14523,0,0,0,0,0
2020-05-14,US,Virginia,Colonial Heights,73,7,0,37.26420587,-77.39609676,51570.0,66,71,7,0,64,67,17833,2,0,0,2,4
2020-05-14,US,Virginia,Covington,2,0,0,37.7824656,-79.98631446,51580.0,2,1,0,0,1,1,5460,1,0,0,1,0
2020-05-14,US,Virginia,Craig,4,0,0,37.48133648,-80.21072274,51045.0,4,4,0,0,4,4,5064,0,0,0,0,0
2020-05-14,US,Virginia,Culpeper,329,5,0,38.48199985,-77.95630870000002,51047.0,324,320,5,0,315,291,51859,9,0,0,9,29
2020-05-14,US,Virginia,Cumberland,18,0,0,37.51328851,-78.24398086,51049.0,18,18,0,0,18,16,9809,0,0,0,0,2
2020-05-14,US,Virginia,Danville,43,1,0,36.58022376,-79.40395668,51590.0,42,41,1,0,40,41,40693,2,0,0,2,0
2020-05-14,US,Virginia,Dinwiddie,33,0,0,37.07544585,-77.63451754,51053.0,33,30,0,0,30,30,28529,3,0,0,3,0
2020-05-14,US,Virginia,Emporia,50,3,0,36.69455571,-77.53406129,51595.0,47,50,3,0,47,49,5121,0,0,0,0,1
2020-05-14,US,Virginia,Essex,29,0,0,37.93357639,-76.94230311,51057.0,29,29,0,0,29,26,10919,0,0,0,0,3
2020-05-14,US,Virginia,Fairfax,6951,267,0,38.83677558,-77.27565836,51059.0,6684,6666,262,0,6404,6470,1150795,285,5,0,280,196
2020-05-14,US,Virginia,Fairfax,6951,267,0,38.83677558,-77.27565836,51059.0,6684,6666,262,0,6404,6470,24574,285,5,0,280,196
2020-05-14,US,Virginia,Fairfax City,45,3,0,38.85157547,-77.29779640000002,51600.0,42,43,3,0,40,40,24574,2,0,0,2,3
2020-05-14,US,Virginia,Falls Church,39,4,0,38.88485255,-77.17560759,51610.0,35,39,4,0,35,37,14772,0,0,0,0,2
2020-05-14,US,Virginia,Fauquier,200,5,0,38.73564842,-77.80647472,51061.0,195,190,5,0,185,180,70675,10,0,0,10,10
2020-05-14,US,Virginia,Floyd,4,0,0,36.9302126,-80.36738849,51063.0,4,4,0,0,4,3,15795,0,0,0,0,1
2020-05-14,US,Virginia,Fluvanna,79,6,0,37.84157909,-78.27715475,51065.0,73,79,6,0,73,78,26783,0,0,0,0,1
2020-05-14,US,Virginia,Franklin,30,1,0,36.99536167,-79.88023649,51067.0,29,30,0,0,30,28,56195,0,1,0,-1,2
2020-05-14,US,Virginia,Franklin,30,1,0,36.99536167,-79.88023649,51067.0,29,30,0,0,30,28,8013,0,1,0,-1,2
2020-05-14,US,Virginia,Franklin City,26,1,0,36.6831435,-76.93859681,51620.0,25,25,1,0,24,26,8013,1,0,0,1,-1
2020-05-14,US,Virginia,Frederick,191,3,0,39.20172582,-78.25974949,51069.0,188,182,2,0,180,175,88355,9,1,0,8,7
2020-05-14,US,Virginia,Fredericksburg,80,0,0,38.2977863,-77.4922454,51630.0,80,72,0,0,72,66,29144,8,0,0,8,6
2020-05-14,US,Virginia,Galax,65,0,0,36.66601852,-80.91703124,51640.0,65,64,0,0,64,56,6423,1,0,0,1,8
2020-05-14,US,Virginia,Giles,5,0,0,37.31234791,-80.70636931,51071.0,5,5,0,0,5,8,16844,0,0,0,0,-3
2020-05-14,US,Virginia,Gloucester,28,1,0,37.40809042,-76.53524337,51073.0,27,28,1,0,27,27,37349,0,0,0,0,1
2020-05-14,US,Virginia,Goochland,86,5,0,37.71714806,-77.90381514,51075.0,81,82,5,0,77,82,23244,4,0,0,4,0
2020-05-14,US,Virginia,Grayson,18,0,0,36.65677234,-81.23215889,51077.0,18,18,0,0,18,16,15631,0,0,0,0,2
2020-05-14,US,Virginia,Greene,16,1,0,38.29545894,-78.46525378,51079.0,15,16,1,0,15,16,19779,0,0,0,0,0
2020-05-14,US,Virginia,Greensville,49,7,0,36.67878901,-77.56351439,51081.0,42,49,7,0,42,48,11627,0,0,0,0,1
2020-05-14,US,Virginia,Halifax,27,0,0,36.76654925,-78.93512622,51083.0,27,25,0,0,25,24,34120,2,0,0,2,1
2020-05-14,US,Virginia,Hampton,156,3,0,37.03513786,-76.35879121,51650.0,153,148,3,0,145,147,134313,8,0,0,8,1
2020-05-14,US,Virginia,Hanover,198,18,0,37.7583355,-77.49464673,51085.0,180,183,17,0,166,174,107239,15,1,0,14,9
2020-05-14,US,Virginia,Harrisonburg,615,21,0,38.43542574,-78.87536254,51660.0,594,607,21,0,586,584,54033,8,0,0,8,23
2020-05-14,US,Virginia,Henrico,1174,112,0,37.53460572,-77.39326555,51087.0,1062,1146,112,0,1034,1106,329261,28,0,0,28,40
2020-05-14,US,Virginia,Henry,28,1,0,36.68542395,-79.87634026,51089.0,27,28,1,0,27,27,50953,0,0,0,0,1
2020-05-14,US,Virginia,Highland,2,0,0,38.35799465,-79.56124594,51091.0,2,2,0,0,2,2,2210,0,0,0,0,0
2020-05-14,US,Virginia,Hopewell,48,0,0,37.29186313,-77.29754684,51670.0,48,45,0,0,45,44,22596,3,0,0,3,1
2020-05-14,US,Virginia,Isle of Wight,114,3,0,36.90579348,-76.70842863,51093.0,111,113,3,0,110,113,36953,1,0,0,1,0
2020-05-14,US,Virginia,James City,174,15,0,37.31156958,-76.76950618,51095.0,159,174,15,0,159,174,76397,0,0,0,0,0
2020-05-14,US,Virginia,King George,44,4,0,38.26818502,-77.15852768,51099.0,40,44,4,0,40,44,26575,0,0,0,0,0
2020-05-14,US,Virginia,King William,12,1,0,37.70965316,-77.09384941,51101.0,11,12,1,0,11,12,16939,0,0,0,0,0
2020-05-14,US,Virginia,King and Queen,7,0,0,37.71044922,-76.88689628,51097.0,7,6,0,0,6,6,7042,1,0,0,1,0
2020-05-14,US,Virginia,Lancaster,7,0,0,37.71889653,-76.46400482,51103.0,7,7,0,0,7,7,10783,0,0,0,0,0
2020-05-14,US,Virginia,Lee,10,0,0,36.70586667,-83.12606515,51105.0,10,10,0,0,10,10,23541,0,0,0,0,0
2020-05-14,US,Virginia,Lexington,5,0,0,37.78258621,-79.44262866,51678.0,5,5,0,0,5,5,7136,0,0,0,0,0
2020-05-14,US,Virginia,Loudoun,1339,44,0,39.08990083,-77.63481877,51107.0,1295,1283,38,0,1245,1210,406850,56,6,0,50,73
2020-05-14,US,Virginia,Louisa,59,0,0,37.97850256,-77.96274807,51109.0,59,59,0,0,59,56,36778,0,0,0,0,3
2020-05-14,US,Virginia,Lunenburg,6,0,0,36.94618528,-78.24133319,51111.0,6,6,0,0,6,6,12086,0,0,0,0,0
2020-05-14,US,Virginia,Lynchburg,73,1,0,37.40021399,-79.19888138,51680.0,72,72,1,0,71,70,82126,1,0,0,1,2
2020-05-14,US,Virginia,Madison,23,1,0,38.41531222,-78.28220331,51113.0,22,22,1,0,21,21,13295,1,0,0,1,1
2020-05-14,US,Virginia,Manassas,515,5,0,38.7464321,-77.48509905,51683.0,510,459,4,0,455,430,41641,56,1,0,55,29
2020-05-14,US,Virginia,Manassas Park,170,3,0,38.77058531,-77.44399307,51685.0,167,152,3,0,149,139,17307,18,0,0,18,13
2020-05-14,US,Virginia,Martinsville,3,0,0,36.68212094,-79.86352771,51690.0,3,2,0,0,2,2,12902,1,0,0,1,0
2020-05-14,US,Virginia,Mathews,5,0,0,37.44164146,-76.34098896,51115.0,5,5,0,0,5,5,8802,0,0,0,0,0
2020-05-14,US,Virginia,Mecklenburg,146,13,0,36.67882005,-78.36131056,51117.0,133,138,13,0,125,138,30650,8,0,0,8,0
2020-05-14,US,Virginia,Middlesex,11,0,0,37.63191998,-76.55064617,51119.0,11,10,0,0,10,10,10769,1,0,0,1,0
2020-05-14,US,Virginia,Montgomery,66,1,0,37.17746986,-80.37868691,51121.0,65,66,1,0,65,66,98985,0,0,0,0,0
2020-05-14,US,Virginia,Nelson,12,0,0,37.78790447,-78.88498513,51125.0,12,12,0,0,12,12,14836,0,0,0,0,0
2020-05-14,US,Virginia,New Kent,28,2,0,37.50694406,-76.99828634,51127.0,26,28,1,0,27,26,22391,0,1,0,-1,2
2020-05-14,US,Virginia,Newport News,179,10,0,37.08166899,-76.51754109,51700.0,169,171,10,0,161,166,178626,8,0,0,8,5
2020-05-14,US,Virginia,Norfolk,338,5,0,36.89934014,-76.26420872,51710.0,333,327,5,0,322,319,244076,11,0,0,11,8
2020-05-14,US,Virginia,Northampton,184,6,0,37.34062933,-75.87751591,51131.0,178,174,5,0,169,171,11735,10,1,0,9,3
2020-05-14,US,Virginia,Northumberland,15,1,0,37.89202088,-76.41949732,51133.0,14,11,1,0,10,10,12147,4,0,0,4,1
2020-05-14,US,Virginia,Norton,2,0,0,36.93357076,-82.62750411,51720.0,2,2,0,0,2,2,3968,0,0,0,0,0
2020-05-14,US,Virginia,Nottoway,14,0,0,37.1435975,-78.05065922,51135.0,14,14,0,0,14,14,15420,0,0,0,0,0
2020-05-14,US,Virginia,Orange,50,0,0,38.24530219,-78.01560400000002,51137.0,50,50,0,0,50,48,36644,0,0,0,0,2
2020-05-14,US,Virginia,Page,143,16,0,38.61807452,-78.48797204,51139.0,127,140,16,0,124,129,23933,3,0,0,3,11
2020-05-14,US,Virginia,Patrick,6,0,0,36.680163799999995,-80.2865648,51141.0,6,6,0,0,6,5,17673,0,0,0,0,1
2020-05-14,US,Virginia,Petersburg,57,2,0,37.20530399,-77.39368102,51730.0,55,53,2,0,51,53,31567,4,0,0,4,0
2020-05-14,US,Virginia,Pittsylvania,17,1,0,36.81980341,-79.39731264,51143.0,16,17,1,0,16,17,60949,0,0,0,0,0
2020-05-14,US,Virginia,Poquoson,7,0,0,37.14259351,-76.35798148,51735.0,7,7,0,0,7,7,12190,0,0,0,0,0
2020-05-14,US,Virginia,Portsmouth,217,9,0,36.85914825,-76.35971629,51740.0,208,213,9,0,204,210,94632,4,0,0,4,3
2020-05-14,US,Virginia,Powhatan,23,0,0,37.55016038,-77.91267882,51145.0,23,22,0,0,22,21,29189,1,0,0,1,1
2020-05-14,US,Virginia,Prince Edward,72,2,0,37.22554789,-78.43597949,51147.0,70,69,2,0,67,68,22950,3,0,0,3,1
2020-05-14,US,Virginia,Prince George,48,0,0,37.18497668,-77.22922187,51149.0,48,46,0,0,46,45,38082,2,0,0,2,1
2020-05-14,US,Virginia,Prince William,3351,66,0,38.70916224,-77.48713689,51153.0,3285,3181,65,0,3116,3078,468011,170,1,0,169,103
2020-05-14,US,Virginia,Pulaski,10,0,0,37.06474963,-80.71229738,51155.0,10,9,0,0,9,9,34066,1,0,0,1,0
2020-05-14,US,Virginia,Radford,3,0,0,37.12222899,-80.56027320000003,51750.0,3,3,0,0,3,3,18339,0,0,0,0,0
2020-05-14,US,Virginia,Rappahannock,10,0,0,38.68295619,-78.15826963,51157.0,10,10,0,0,10,10,7252,0,0,0,0,0
2020-05-14,US,Virginia,Richmond,203,4,0,37.937575,-76.72920628,51159.0,199,200,3,0,197,200,9038,3,1,0,2,0
2020-05-14,US,Virginia,Richmond City,611,18,0,37.53255773,-77.47966921,51760.0,593,592,18,0,574,565,228783,19,0,0,19,27
2020-05-14,US,Virginia,Roanoke,83,1,0,37.26865804,-80.06396753,51161.0,82,80,0,0,80,79,94073,3,1,0,2,1
2020-05-14,US,Virginia,Roanoke City,120,1,0,37.27791025,-79.96189766,51770.0,119,116,1,0,115,108,99920,4,0,0,4,8
2020-05-14,US,Virginia,Rockbridge,11,0,0,37.81204314,-79.44605905,51163.0,11,11,0,0,11,9,22752,0,0,0,0,2
2020-05-14,US,Virginia,Rockingham,381,2,0,38.51006137,-78.87260325,51165.0,379,373,2,0,371,364,81244,8,0,0,8,9
2020-05-14,US,Virginia,Russell,6,0,0,36.93028320000001,-82.10095486,51167.0,6,6,0,0,6,6,26748,0,0,0,0,0
2020-05-14,US,Virginia,Salem,32,0,0,37.2836193,-80.06219455,51775.0,32,32,0,0,32,32,25643,0,0,0,0,0
2020-05-14,US,Virginia,Scott,7,2,0,36.71466456,-82.60171704,51169.0,5,7,2,0,5,7,21534,0,0,0,0,0
2020-05-14,US,Virginia,Shenandoah,278,9,0,38.85905135,-78.56813762,51171.0,269,271,8,0,263,260,43497,7,1,0,6,11
2020-05-14,US,Virginia,Smyth,15,0,0,36.84455636,-81.53344948,51173.0,15,15,0,0,15,13,30472,0,0,0,0,2
2020-05-14,US,Virginia,Southampton,134,2,0,36.72231125,-77.10642712,51175.0,132,132,2,0,130,131,17586,2,0,0,2,1
2020-05-14,US,Virginia,Spotsylvania,282,4,0,38.18574462,-77.655399,51177.0,278,270,4,0,266,261,134238,12,0,0,12,9
2020-05-14,US,Virginia,Stafford,426,4,0,38.41758738,-77.45917053,51179.0,422,413,4,0,409,396,149960,13,0,0,13,17
2020-05-14,US,Virginia,Staunton,23,0,0,38.15965544,-79.05979937,51790.0,23,21,0,0,21,18,24922,2,0,0,2,3
2020-05-14,US,Virginia,Suffolk,221,22,0,36.70155394,-76.63603554,51800.0,199,221,21,0,200,219,91185,0,1,0,-1,2
2020-05-14,US,Virginia,Surry,6,1,0,37.11781893,-76.88450012,51181.0,5,6,1,0,5,6,6474,0,0,0,0,0
2020-05-14,US,Virginia,Sussex,53,1,0,36.92432914,-77.25791182,51183.0,52,38,1,0,37,38,11237,15,0,0,15,0
2020-05-14,US,Virginia,Tazewell,6,0,0,37.12191123,-81.56685568,51185.0,6,6,0,0,6,7,40855,0,0,0,0,-1
2020-05-14,US,Virginia,Virginia Beach,528,19,0,36.73285734,-76.04566934,51810.0,509,519,18,0,501,509,450189,9,1,0,8,10
2020-05-14,US,Virginia,Warren,90,2,0,38.90847745,-78.20280433,51187.0,88,88,1,0,87,87,40003,2,1,0,1,1
2020-05-14,US,Virginia,Washington,49,3,0,36.72341572,-81.95666289,51191.0,46,49,3,0,46,48,54402,0,0,0,0,1
2020-05-14,US,Virginia,Waynesboro,21,0,0,38.06451466,-78.90293905,51820.0,21,21,0,0,21,21,22628,0,0,0,0,0
2020-05-14,US,Virginia,Westmoreland,42,0,0,38.11021557,-76.80213247,51193.0,42,42,0,0,42,41,17830,0,0,0,0,1
2020-05-14,US,Virginia,Williamsburg,42,3,0,37.28131268,-76.70905141,51830.0,39,42,3,0,39,42,14896,0,0,0,0,0
2020-05-14,US,Virginia,Winchester,75,1,0,39.17054517,-78.17325058,51840.0,74,73,1,0,72,69,28108,2,0,0,2,4
2020-05-14,US,Virginia,Wise,23,2,0,36.9746148,-82.62410519,51195.0,21,23,2,0,21,22,38012,0,0,0,0,1
2020-05-14,US,Virginia,Wythe,15,1,0,36.91582035,-81.07834059,51197.0,14,15,1,0,14,14,28754,0,0,0,0,1
2020-05-14,US,Virginia,York,61,2,0,37.24374789,-76.54412815,51199.0,59,60,2,0,58,59,67846,1,0,0,1,1
2020-05-14,US,Washington,Adams,50,0,0,46.98299757,-118.56017340000001,53001.0,50,50,0,0,50,50,19759,0,0,0,0,0
2020-05-14,US,Washington,Asotin,18,2,0,46.18894415,-117.2022851,53003.0,16,18,2,0,16,18,22610,0,0,0,0,0
2020-05-14,US,Washington,Benton,605,55,0,46.23946995,-119.51208340000001,53005.0,550,595,53,0,542,588,201877,10,2,0,8,7
2020-05-14,US,Washington,Chelan,163,6,0,47.87046092,-120.6173956,53007.0,157,153,6,0,147,150,77036,10,0,0,10,3
2020-05-14,US,Washington,Clallam,19,0,0,48.04754642,-123.92263190000001,53009.0,19,19,0,0,19,19,76737,0,0,0,0,0
2020-05-14,US,Washington,Clark,380,22,0,45.77568046,-122.48292040000001,53011.0,358,377,22,0,355,362,481857,3,0,0,3,15
2020-05-14,US,Washington,Columbia,1,0,0,46.29442881,-117.9051983,53013.0,1,1,0,0,1,1,4059,0,0,0,0,0
2020-05-14,US,Washington,Cowlitz,68,0,0,46.19074721,-122.6782231,53015.0,68,66,0,0,66,66,108987,2,0,0,2,0
2020-05-14,US,Washington,Douglas,120,3,0,47.7361335,-119.69293700000001,53017.0,117,116,3,0,113,114,42907,4,0,0,4,2
2020-05-14,US,Washington,Ferry,1,0,0,48.471143100000006,-118.5154041,53019.0,1,1,0,0,1,1,7649,0,0,0,0,0
2020-05-14,US,Washington,Franklin,427,17,0,46.53351425,-118.9018212,53021.0,410,422,16,0,406,422,94347,5,1,0,4,0
2020-05-14,US,Washington,Grant,185,3,0,47.20753737,-119.4500749,53025.0,182,185,3,0,182,183,97331,0,0,0,0,2
2020-05-14,US,Washington,Grays Harbor,13,0,0,47.14003705,-123.7820567,53027.0,13,13,0,0,13,13,73901,0,0,0,0,0
2020-05-14,US,Washington,Island,176,10,0,48.14713305,-122.5216407,53029.0,166,176,9,0,167,174,84460,0,1,0,-1,2
2020-05-14,US,Washington,Jefferson,29,0,0,47.75003077,-123.56097040000002,53031.0,29,29,0,0,29,29,31729,0,0,0,0,0
2020-05-14,US,Washington,King,7290,519,0,47.49137892,-121.8346131,53033.0,6771,7212,518,0,6694,7137,2233163,78,1,0,77,75
2020-05-14,US,Washington,Kitsap,157,2,0,47.63479026,-122.6436061,53035.0,155,156,2,0,154,156,269805,1,0,0,1,0
2020-05-14,US,Washington,Kittitas,39,0,0,47.12521214,-120.67943899999999,53037.0,39,40,0,0,40,40,47364,-1,0,0,-1,0
2020-05-14,US,Washington,Klickitat,22,3,0,45.87325839,-120.7913598,53039.0,19,22,3,0,19,21,22107,0,0,0,0,1
2020-05-14,US,Washington,Lewis,32,3,0,46.57756476,-122.39257690000001,53041.0,29,33,3,0,30,32,79604,-1,0,0,-1,1
2020-05-14,US,Washington,Lincoln,2,0,0,47.57705241,-118.41943880000001,53043.0,2,2,0,0,2,2,10740,0,0,0,0,0
2020-05-14,US,Washington,Mason,30,1,0,47.35007586,-123.1863685,53045.0,29,30,1,0,29,29,65507,0,0,0,0,1
2020-05-14,US,Washington,Okanogan,31,1,0,48.54855019,-119.73872240000001,53047.0,30,29,1,0,28,30,42132,2,0,0,2,-1
2020-05-14,US,Washington,Pacific,9,1,0,46.55418369,-123.7285716,53049.0,8,9,1,0,8,9,22036,0,0,0,0,0
2020-05-14,US,Washington,Pend Oreille,2,0,0,48.53234021,-117.2741804,53051.0,2,2,0,0,2,2,13602,0,0,0,0,0
2020-05-14,US,Washington,Pierce,1626,60,0,47.03892768,-122.14059579999999,53053.0,1566,1604,60,0,1544,1593,891299,22,0,0,22,11
2020-05-14,US,Washington,San Juan,15,0,0,48.60182783,-122.96745,53055.0,15,15,0,0,15,15,17128,0,0,0,0,0
2020-05-14,US,Washington,Skagit,416,14,0,48.48171488,-121.766131,53057.0,402,411,14,0,397,406,128206,5,0,0,5,5
2020-05-14,US,Washington,Skamania,3,0,0,46.02408726,-121.91644029999999,53059.0,3,3,0,0,3,3,11924,0,0,0,0,0
2020-05-14,US,Washington,Snohomish,2739,122,0,48.04615983,-121.7170703,53061.0,2617,2720,121,0,2599,2711,814901,19,1,0,18,9
2020-05-14,US,Washington,Spokane,393,29,0,47.62113146,-117.4046494,53063.0,364,387,29,0,358,385,514631,6,0,0,6,2
2020-05-14,US,Washington,Stevens,9,1,0,48.40035475,-117.8542701,53065.0,8,9,1,0,8,9,45260,0,0,0,0,0
2020-05-14,US,Washington,Thurston,123,1,0,46.9291895,-122.82906559999999,53067.0,122,122,1,0,121,122,286419,1,0,0,1,0
2020-05-14,US,Washington,Unassigned,110,0,0,0.0,0.0,90053.0,110,73,0,0,73,57,,37,0,0,37,16
2020-05-14,US,Washington,Wahkiakum,4,0,0,46.29180039999999,-123.4250831,53069.0,4,4,0,0,4,4,4426,0,0,0,0,0
2020-05-14,US,Washington,Walla Walla,105,2,0,46.23040051,-118.4775539,53071.0,103,105,2,0,103,106,60922,0,0,0,0,-1
2020-05-14,US,Washington,Whatcom,343,35,0,48.82227976,-121.74900179999999,53073.0,308,341,35,0,306,340,225685,2,0,0,2,1
2020-05-14,US,Washington,Whitman,16,0,0,46.90022523,-117.52417630000001,53075.0,16,16,0,0,16,15,49791,0,0,0,0,1
2020-05-14,US,Washington,Yakima,2002,71,0,46.45738486,-120.73801259999999,53077.0,1931,1946,68,0,1878,1916,251446,56,3,0,53,30
2020-05-14,US,West Virginia,Barbour,7,1,0,39.1307219,-80.00350858,54001.0,6,7,1,0,6,7,16535,0,0,0,0,0
2020-05-14,US,West Virginia,Berkeley,200,6,0,39.46704621,-78.02414609,54003.0,194,197,6,0,191,191,117123,3,0,0,3,6
2020-05-14,US,West Virginia,Boone,9,0,0,38.01974191,-81.69888019,54005.0,9,9,0,0,9,9,21951,0,0,0,0,0
2020-05-14,US,West Virginia,Braxton,2,0,0,38.70036159,-80.72011184,54007.0,2,2,0,0,2,2,14089,0,0,0,0,0
2020-05-14,US,West Virginia,Brooke,3,0,0,40.27367263,-80.57915332,54009.0,3,3,0,0,3,3,22203,0,0,0,0,0
2020-05-14,US,West Virginia,Cabell,53,0,0,38.42424062,-82.23855912,54011.0,53,53,0,0,53,53,93224,0,0,0,0,0
2020-05-14,US,West Virginia,Clay,2,0,0,38.46231092,-81.07652217,54015.0,2,2,0,0,2,2,8632,0,0,0,0,0
2020-05-14,US,West Virginia,Fayette,36,0,0,38.02974928,-81.08286634,54019.0,36,34,0,0,34,34,43018,2,0,0,2,0
2020-05-14,US,West Virginia,Gilmer,8,0,0,38.9251277,-80.85952723,54021.0,8,8,0,0,8,8,8026,0,0,0,0,0
2020-05-14,US,West Virginia,Grant,6,0,0,39.10314817,-79.19440518,54023.0,6,5,0,0,5,3,11626,1,0,0,1,2
2020-05-14,US,West Virginia,Greenbrier,8,0,0,37.9463652,-80.45335881,54025.0,8,8,0,0,8,8,34786,0,0,0,0,0
2020-05-14,US,West Virginia,Hampshire,11,1,0,39.32103553,-78.60826476,54027.0,10,10,1,0,9,10,23347,1,0,0,1,0
2020-05-14,US,West Virginia,Hancock,12,0,0,40.51943859,-80.57461608,54029.0,12,12,0,0,12,12,29094,0,0,0,0,0
2020-05-14,US,West Virginia,Hardy,25,0,0,39.00683177,-78.85855301,54031.0,25,20,0,0,20,17,13775,5,0,0,5,3
2020-05-14,US,West Virginia,Harrison,34,1,0,39.2853852,-80.37919577,54033.0,33,34,1,0,33,34,67554,0,0,0,0,0
2020-05-14,US,West Virginia,Jackson,137,17,0,38.84263974,-81.68148753,54035.0,120,136,16,0,120,136,28706,1,1,0,0,0
2020-05-14,US,West Virginia,Jefferson,95,1,0,39.30776166,-77.86014147,54037.0,94,91,1,0,90,88,56811,4,0,0,4,3
2020-05-14,US,West Virginia,Kanawha,198,13,0,38.33860077,-81.52857054,54039.0,185,189,12,0,177,186,180454,9,1,0,8,3
2020-05-14,US,West Virginia,Lewis,4,0,0,38.9947249,-80.49988181,54041.0,4,4,0,0,4,4,16024,0,0,0,0,0
2020-05-14,US,West Virginia,Lincoln,5,0,0,38.172154,-82.07017953,54043.0,5,5,0,0,5,5,20599,0,0,0,0,0
2020-05-14,US,West Virginia,Logan,14,1,0,37.8299889,-81.93528571,54045.0,13,14,1,0,13,14,32607,0,0,0,0,0
2020-05-14,US,West Virginia,Marion,47,2,0,39.50984542,-80.24244659,54049.0,45,46,2,0,44,46,56097,1,0,0,1,0
2020-05-14,US,West Virginia,Marshall,23,0,0,39.86064362,-80.66591062,54051.0,23,22,0,0,22,22,30785,1,0,0,1,0
2020-05-14,US,West Virginia,Mason,14,0,0,38.77071799,-82.02524219,54053.0,14,14,0,0,14,14,26718,0,0,0,0,0
2020-05-14,US,West Virginia,McDowell,6,0,0,37.38002939,-81.65083669,54047.0,6,6,0,0,6,6,18223,0,0,0,0,0
2020-05-14,US,West Virginia,Mercer,12,0,0,37.40481169,-81.11023142,54055.0,12,12,0,0,12,12,59131,0,0,0,0,0
2020-05-14,US,West Virginia,Mineral,25,0,0,39.41561583,-78.94104895,54057.0,25,25,0,0,25,23,26940,0,0,0,0,2
2020-05-14,US,West Virginia,Mingo,3,1,0,37.73048351,-82.13338365,54059.0,2,3,1,0,2,3,23785,0,0,0,0,0
2020-05-14,US,West Virginia,Monongalia,114,5,0,39.63218457,-80.04766838,54061.0,109,114,5,0,109,114,106420,0,0,0,0,0
2020-05-14,US,West Virginia,Monroe,6,0,0,37.56274716,-80.54577965,54063.0,6,6,0,0,6,6,13280,0,0,0,0,0
2020-05-14,US,West Virginia,Morgan,17,0,0,39.55439028,-78.26311676,54065.0,17,17,0,0,17,17,17787,0,0,0,0,0
2020-05-14,US,West Virginia,Nicholas,9,1,0,38.29617706,-80.79759588,54067.0,8,8,1,0,7,8,24842,1,0,0,1,0
2020-05-14,US,West Virginia,Ohio,37,1,0,40.0955451,-80.62203992,54069.0,36,37,1,0,36,37,41755,0,0,0,0,0
2020-05-14,US,West Virginia,Pendleton,5,0,0,38.68314479,-79.35084086,54071.0,5,5,0,0,5,5,6997,0,0,0,0,0
2020-05-14,US,West Virginia,Pleasants,2,0,0,39.37091679,-81.16771771,54073.0,2,2,0,0,2,2,7507,0,0,0,0,0
2020-05-14,US,West Virginia,Pocahontas,2,0,0,38.32758728,-80.00993811,54075.0,2,2,0,0,2,2,8414,0,0,0,0,0
2020-05-14,US,West Virginia,Preston,14,0,0,39.46770987,-79.66712803,54077.0,14,14,0,0,14,14,33839,0,0,0,0,0
2020-05-14,US,West Virginia,Putnam,29,0,0,38.50782345,-81.9082131,54079.0,29,29,0,0,29,28,56682,0,0,0,0,1
2020-05-14,US,West Virginia,Raleigh,10,0,0,37.76936795,-81.2456041,54081.0,10,10,0,0,10,10,74254,0,0,0,0,0
2020-05-14,US,West Virginia,Randolph,5,0,0,38.769899,-79.87919615,54083.0,5,5,0,0,5,5,28823,0,0,0,0,0
2020-05-14,US,West Virginia,Ritchie,1,0,0,39.18094587,-81.06356878,54085.0,1,1,0,0,1,1,9721,0,0,0,0,0
2020-05-14,US,West Virginia,Roane,8,0,0,38.71622686,-81.35243568,54087.0,8,8,0,0,8,8,13932,0,0,0,0,0
2020-05-14,US,West Virginia,Summers,1,0,0,37.65390597,-80.86009693,54089.0,1,1,0,0,1,1,12760,0,0,0,0,0
2020-05-14,US,West Virginia,Taylor,8,0,0,39.33602617,-80.0421439,54091.0,8,8,0,0,8,8,16862,0,0,0,0,0
2020-05-14,US,West Virginia,Tucker,4,0,0,39.11240885,-79.57053576,54093.0,4,4,0,0,4,4,6955,0,0,0,0,0
2020-05-14,US,West Virginia,Tyler,3,0,0,39.46811972,-80.88772676,54095.0,3,3,0,0,3,3,8746,0,0,0,0,0
2020-05-14,US,West Virginia,Upshur,6,0,0,38.89285061,-80.23689136,54097.0,6,6,0,0,6,6,24415,0,0,0,0,0
2020-05-14,US,West Virginia,Wayne,93,7,0,38.14901357,-82.42287994,54099.0,86,93,7,0,86,93,39944,0,0,0,0,0
2020-05-14,US,West Virginia,Wetzel,6,0,0,39.6065771,-80.64016540000001,54103.0,6,6,0,0,6,6,15270,0,0,0,0,0
2020-05-14,US,West Virginia,Wirt,3,0,0,39.02775007,-81.37473928,54105.0,3,3,0,0,3,3,5830,0,0,0,0,0
2020-05-14,US,West Virginia,Wood,44,2,0,39.20967886,-81.5162836,54107.0,42,44,2,0,42,44,84203,0,0,0,0,0
2020-05-14,US,West Virginia,Wyoming,1,0,0,37.612327,-81.54511071,54109.0,1,1,0,0,1,1,20786,0,0,0,0,0
2020-05-14,US,Wisconsin,Adams,4,1,0,43.96974651,-89.76782777,55001.0,3,4,1,0,3,4,20348,0,0,0,0,0
2020-05-14,US,Wisconsin,Ashland,2,0,0,46.31956891,-90.67837132,55003.0,2,2,0,0,2,2,15600,0,0,0,0,0
2020-05-14,US,Wisconsin,Barron,11,0,0,45.42372701,-91.84833627,55005.0,11,11,0,0,11,11,45164,0,0,0,0,0
2020-05-14,US,Wisconsin,Bayfield,3,1,0,46.52868768,-91.19716729,55007.0,2,3,1,0,2,3,15042,0,0,0,0,0
2020-05-14,US,Wisconsin,Brown,1999,21,0,44.452655299999996,-88.00411844,55009.0,1978,1982,20,0,1962,1958,263378,17,1,0,16,24
2020-05-14,US,Wisconsin,Buffalo,5,1,0,44.37835084,-91.75332578,55011.0,4,5,1,0,4,5,13125,0,0,0,0,0
2020-05-14,US,Wisconsin,Burnett,1,1,0,45.86303537,-92.36711412,55013.0,0,,,,,,15392,,,,,
2020-05-14,US,Wisconsin,Calumet,46,1,0,44.0816316,-88.21780273,55015.0,45,44,1,0,43,43,50159,2,0,0,2,1
2020-05-14,US,Wisconsin,Chippewa,33,0,0,45.06939744,-91.28068855,55017.0,33,31,0,0,31,31,64135,2,0,0,2,0
2020-05-14,US,Wisconsin,Clark,25,4,0,44.73483377,-90.61207486,55019.0,21,24,4,0,20,24,34709,1,0,0,1,0
2020-05-14,US,Wisconsin,Columbia,34,1,0,43.46492199,-89.33589004,55021.0,33,34,1,0,33,34,57358,0,0,0,0,0
2020-05-14,US,Wisconsin,Crawford,18,0,0,43.23870316,-90.93073686,55023.0,18,17,0,0,17,17,16291,1,0,0,1,0
2020-05-14,US,Wisconsin,Dane,494,22,0,43.06601594,-89.41733797,55025.0,472,490,22,0,468,477,542364,4,0,0,4,13
2020-05-14,US,Wisconsin,Dodge,83,1,0,43.41576662,-88.70928178,55027.0,82,79,1,0,78,75,87847,4,0,0,4,4
2020-05-14,US,Wisconsin,Door,23,3,0,44.95856458,-87.30002707,55029.0,20,23,3,0,20,22,27610,0,0,0,0,1
2020-05-14,US,Wisconsin,Douglas,12,0,0,46.43222285,-91.91595768,55031.0,12,11,0,0,11,11,43208,1,0,0,1,0
2020-05-14,US,Wisconsin,Dunn,20,0,0,44.94562799,-91.8962481,55033.0,20,19,0,0,19,14,45131,1,0,0,1,5
2020-05-14,US,Wisconsin,Eau Claire,63,0,0,44.726614,-91.28609183,55035.0,63,61,0,0,61,60,104534,2,0,0,2,1
2020-05-14,US,Wisconsin,Florence,2,0,0,45.84963535,-88.39804137,55037.0,2,2,0,0,2,2,4321,0,0,0,0,0
2020-05-14,US,Wisconsin,Fond du Lac,119,3,0,43.75354908,-88.48885325,55039.0,116,111,3,0,108,108,103066,8,0,0,8,3
2020-05-14,US,Wisconsin,Forest,5,0,0,45.66678019,-88.77084892,55041.0,5,5,0,0,5,4,8991,0,0,0,0,1
2020-05-14,US,Wisconsin,Grant,71,10,0,42.8671731,-90.7063218,55043.0,61,70,9,0,61,69,51554,1,1,0,0,1
2020-05-14,US,Wisconsin,Green,39,0,0,42.6794956,-89.60243287,55045.0,39,36,0,0,36,34,36929,3,0,0,3,2
2020-05-14,US,Wisconsin,Green Lake,10,0,0,43.80025981,-89.04679553,55047.0,10,10,0,0,10,8,18918,0,0,0,0,2
2020-05-14,US,Wisconsin,Iowa,11,0,0,43.00050278,-90.13469017,55049.0,11,10,0,0,10,10,23771,1,0,0,1,0
2020-05-14,US,Wisconsin,Iron,2,1,0,46.26302338,-90.24295041,55051.0,1,2,1,0,1,2,5676,0,0,0,0,0
2020-05-14,US,Wisconsin,Jackson,15,1,0,44.31864893,-90.80566792,55053.0,14,14,1,0,13,14,20478,1,0,0,1,0
2020-05-14,US,Wisconsin,Jefferson,56,2,0,43.02054068,-88.77529134,55055.0,54,54,2,0,52,52,85129,2,0,0,2,2
2020-05-14,US,Wisconsin,Juneau,21,1,0,43.92456975,-90.11120239,55057.0,20,21,1,0,20,21,26617,0,0,0,0,0
2020-05-14,US,Wisconsin,Kenosha,762,17,0,42.57639354,-88.04051686,55059.0,745,736,17,0,719,716,169290,26,0,0,26,20
2020-05-14,US,Wisconsin,Kewaunee,29,1,0,44.51727459,-87.61468386,55061.0,28,29,1,0,28,29,20383,0,0,0,0,0
2020-05-14,US,Wisconsin,La Crosse,37,0,0,43.90632465,-91.11451093,55063.0,37,34,0,0,34,34,118230,3,0,0,3,0
2020-05-14,US,Wisconsin,Lafayette,15,0,0,42.66005229,-90.1317729,55065.0,15,14,0,0,14,13,16665,1,0,0,1,1
2020-05-14,US,Wisconsin,Lincoln,2,0,0,45.33737523,-89.73411273,55069.0,2,1,0,0,1,1,27689,1,0,0,1,0
2020-05-14,US,Wisconsin,Manitowoc,20,1,0,44.11946801,-87.80928853,55071.0,19,20,1,0,19,20,79074,0,0,0,0,0
2020-05-14,US,Wisconsin,Marathon,29,1,0,44.89792533,-89.75863384,55073.0,28,28,1,0,27,25,135428,1,0,0,1,3
2020-05-14,US,Wisconsin,Marinette,21,2,0,45.38553432,-88.03324599999998,55075.0,19,21,1,0,20,21,40434,0,1,0,-1,0
2020-05-14,US,Wisconsin,Marquette,3,1,0,43.81911946,-89.40073763,55077.0,2,3,1,0,2,3,15434,0,0,0,0,0
2020-05-14,US,Wisconsin,Menominee,2,0,0,45.00422544,-88.70950714,55078.0,2,2,0,0,2,2,4658,0,0,0,0,0
2020-05-14,US,Wisconsin,Milwaukee,4387,242,0,43.00486062,-87.96733172,55079.0,4145,4215,236,0,3979,4069,948201,172,6,0,166,146
2020-05-14,US,Wisconsin,Monroe,15,1,0,43.94641218,-90.61881899999999,55081.0,14,15,1,0,14,15,46051,0,0,0,0,0
2020-05-14,US,Wisconsin,Oconto,28,0,0,45.02715345,-88.26807503,55083.0,28,28,0,0,28,28,37830,0,0,0,0,0
2020-05-14,US,Wisconsin,Oneida,7,0,0,45.70677897,-89.51944105,55085.0,7,7,0,0,7,7,35470,0,0,0,0,0
2020-05-14,US,Wisconsin,Outagamie,124,4,0,44.41578887,-88.46565023,55087.0,120,122,2,0,120,117,187365,2,2,0,0,5
2020-05-14,US,Wisconsin,Ozaukee,113,10,0,43.38352225,-87.94625009,55089.0,103,110,10,0,100,107,89147,3,0,0,3,3
2020-05-14,US,Wisconsin,Pepin,1,0,0,44.58307413,-91.99949611,55091.0,1,,,,,,7289,,,,,
2020-05-14,US,Wisconsin,Pierce,15,0,0,44.71850291,-92.4224416,55093.0,15,14,0,0,14,14,42555,1,0,0,1,0
2020-05-14,US,Wisconsin,Polk,6,0,0,45.46130348,-92.44182875,55095.0,6,5,0,0,5,5,43598,1,0,0,1,0
2020-05-14,US,Wisconsin,Portage,7,0,0,44.47558711,-89.50152965,55097.0,7,7,0,0,7,7,70942,0,0,0,0,0
2020-05-14,US,Wisconsin,Price,1,0,0,45.68051754,-90.36098879999999,55099.0,1,1,0,0,1,1,13397,0,0,0,0,0
2020-05-14,US,Wisconsin,Racine,833,17,0,42.74753117,-88.05941254,55101.0,816,785,17,0,768,763,196584,48,0,0,48,22
2020-05-14,US,Wisconsin,Richland,13,2,0,43.3762778,-90.43012729,55103.0,11,13,2,0,11,13,17377,0,0,0,0,0
2020-05-14,US,Wisconsin,Rock,393,14,0,42.67151616,-89.07147900000002,55105.0,379,380,13,0,367,369,163129,13,1,0,12,11
2020-05-14,US,Wisconsin,Rusk,4,0,0,45.47498854,-91.1333012,55107.0,4,4,0,0,4,4,14147,0,0,0,0,0
2020-05-14,US,Wisconsin,Sauk,74,3,0,43.42574087,-89.94966132,55111.0,71,73,3,0,70,73,64249,1,0,0,1,0
2020-05-14,US,Wisconsin,Sawyer,4,0,0,45.87931905,-91.14504927,55113.0,4,4,0,0,4,4,16489,0,0,0,0,0
2020-05-14,US,Wisconsin,Shawano,28,0,0,44.78902246,-88.76443896,55115.0,28,27,0,0,27,25,40796,1,0,0,1,2
2020-05-14,US,Wisconsin,Sheboygan,67,3,0,43.72099677,-87.94579284,55117.0,64,66,3,0,63,66,115456,1,0,0,1,0
2020-05-14,US,Wisconsin,St. Croix,37,0,0,45.03437474,-92.45000068,55109.0,37,36,0,0,36,31,89694,1,0,0,1,5
2020-05-14,US,Wisconsin,Trempealeau,7,0,0,44.30360275,-91.35893614,55121.0,7,6,0,0,6,6,29442,1,0,0,1,0
2020-05-14,US,Wisconsin,Vernon,7,0,0,43.59422667,-90.8324691,55123.0,7,6,0,0,6,4,30785,1,0,0,1,2
2020-05-14,US,Wisconsin,Vilas,4,0,0,46.05467334,-89.51719204,55125.0,4,4,0,0,4,4,21938,0,0,0,0,0
2020-05-14,US,Wisconsin,Walworth,251,11,0,42.66858202,-88.54163073,55127.0,240,243,11,0,232,244,103718,8,0,0,8,-1
2020-05-14,US,Wisconsin,Washburn,1,0,0,45.89838588,-91.79050449,55129.0,1,1,0,0,1,1,15878,0,0,0,0,0
2020-05-14,US,Wisconsin,Washington,125,4,0,43.36863664,-88.22974712,55131.0,121,122,4,0,118,119,135693,3,0,0,3,3
2020-05-14,US,Wisconsin,Waukesha,444,23,0,43.01833055,-88.30431188,55133.0,421,421,23,0,398,414,403072,23,0,0,23,7
2020-05-14,US,Wisconsin,Waupaca,15,1,0,44.47068056,-88.96534501,55135.0,14,14,1,0,13,13,51128,1,0,0,1,1
2020-05-14,US,Wisconsin,Waushara,4,0,0,44.11324419,-89.24317107,55137.0,4,4,0,0,4,4,24263,0,0,0,0,0
2020-05-14,US,Wisconsin,Winnebago,108,1,0,44.06886922,-88.64477096,55139.0,107,102,1,0,101,101,171020,6,0,0,6,1
2020-05-14,US,Wisconsin,Wood,5,0,0,44.45537896,-90.04158336,55141.0,5,4,0,0,4,4,73055,1,0,0,1,0
2020-05-14,US,Wyoming,Albany,8,0,0,41.65498705,-105.72354150000001,56001.0,8,8,0,0,8,8,38601,0,0,0,0,0
2020-05-14,US,Wyoming,Big Horn,3,0,0,44.52405055,-107.9960365,56003.0,3,3,0,0,3,3,11881,0,0,0,0,0
2020-05-14,US,Wyoming,Campbell,29,0,0,44.24886082,-105.54744040000001,56005.0,29,29,0,0,29,30,46140,0,0,0,0,-1
2020-05-14,US,Wyoming,Carbon,7,0,0,41.69357844,-106.9326084,56007.0,7,5,0,0,5,5,14971,2,0,0,2,0
2020-05-14,US,Wyoming,Converse,23,0,0,42.97272268,-105.5081848,56009.0,23,23,0,0,23,23,13640,0,0,0,0,0
2020-05-14,US,Wyoming,Crook,5,0,0,44.58855102,-104.56977049999999,56011.0,5,5,0,0,5,5,7450,0,0,0,0,0
2020-05-14,US,Wyoming,Fremont,208,0,0,43.04183996,-108.6296893,56013.0,208,202,0,0,202,193,39531,6,0,0,6,9
2020-05-14,US,Wyoming,Goshen,5,0,0,42.08798185,-104.3534743,56015.0,5,5,0,0,5,5,13376,0,0,0,0,0
2020-05-14,US,Wyoming,Hot Springs,3,0,0,43.71930657,-108.44231740000001,56017.0,3,3,0,0,3,3,4555,0,0,0,0,0
2020-05-14,US,Wyoming,Johnson,15,1,0,44.04057166,-106.58451740000001,56019.0,14,15,1,0,14,15,8460,0,0,0,0,0
2020-05-14,US,Wyoming,Laramie,173,0,0,41.30702520000001,-104.6887497,56021.0,173,173,0,0,173,170,98976,0,0,0,0,3
2020-05-14,US,Wyoming,Lincoln,14,0,0,42.26376367,-110.6563997,56023.0,14,11,0,0,11,11,19434,3,0,0,3,0
2020-05-14,US,Wyoming,Natrona,49,0,0,42.96180148,-106.79788500000001,56025.0,49,48,0,0,48,47,79115,1,0,0,1,1
2020-05-14,US,Wyoming,Niobrara,2,0,0,43.05607708,-104.47588959999999,56027.0,2,2,0,0,2,2,2388,0,0,0,0,0
2020-05-14,US,Wyoming,Park,1,0,0,44.52157546,-109.58528249999999,56029.0,1,1,0,0,1,1,29324,0,0,0,0,0
2020-05-14,US,Wyoming,Sheridan,16,0,0,44.79048913,-106.8862389,56033.0,16,16,0,0,16,16,30233,0,0,0,0,0
2020-05-14,US,Wyoming,Sublette,3,0,0,42.76558279,-109.91309220000001,56035.0,3,3,0,0,3,3,9813,0,0,0,0,0
2020-05-14,US,Wyoming,Sweetwater,21,0,0,41.65943896,-108.8827882,56037.0,21,20,0,0,20,20,43051,1,0,0,1,0
2020-05-14,US,Wyoming,Teton,99,0,0,43.93522482,-110.5890801,56039.0,99,99,0,0,99,98,23081,0,0,0,0,1
2020-05-14,US,Wyoming,Uinta,9,0,0,41.2878183,-110.54757820000002,56041.0,9,9,0,0,9,9,20299,0,0,0,0,0
2020-05-14,US,Wyoming,Unassigned,0,6,0,0.0,0.0,90056.0,-6,0,6,0,-6,0,,0,0,0,0,0
2020-05-14,US,Wyoming,Washakie,8,0,0,43.90451606,-107.68018700000002,56043.0,8,8,0,0,8,8,7885,0,0,0,0,0
