Date,Country/Region,Province/State,Admin2,Confirmed,Deaths,Recovered,Latitude,Longitude,FIPS,Active Cases,Previous Confirmed,Previous Deaths,Previous Recovered,Previous Active,Prev2 Confirmed,Population,Daily Confirmed,Daily Deaths,Daily Recovered,Daily Active,Previous Daily Confirmed
2020-04-21,US,Alabama,Autauga,30,1,0,32.53952745,-86.64408227,1001.0,29,28,1,0,27,26,55601,2,0,0,2,2
2020-04-21,US,Alabama,Baldwin,123,3,0,30.72774991,-87.72207058,1003.0,120,117,3,0,114,112,218022,6,0,0,6,5
2020-04-21,US,Alabama,Barbour,28,0,0,31.868263,-85.3871286,1005.0,28,22,0,0,22,20,24881,6,0,0,6,2
2020-04-21,US,Alabama,Bibb,32,0,0,32.99642064,-87.12511459999996,1007.0,32,32,0,0,32,28,22400,0,0,0,0,4
2020-04-21,US,Alabama,Blount,26,0,0,33.98210918,-86.56790593,1009.0,26,22,0,0,22,21,57840,4,0,0,4,1
2020-04-21,US,Alabama,Bullock,11,0,0,32.10030533,-85.71265535,1011.0,11,11,0,0,11,9,10138,0,0,0,0,2
2020-04-21,US,Alabama,Butler,15,0,0,31.75300095,-86.68057478,1013.0,15,14,0,0,14,14,19680,1,0,0,1,0
2020-04-21,US,Alabama,Calhoun,83,3,0,33.77483727,-85.82630386,1015.0,80,80,3,0,77,71,114277,3,0,0,3,9
2020-04-21,US,Alabama,Chambers,259,16,0,32.91360079,-85.39072749,1017.0,243,257,13,0,244,245,33615,2,3,0,-1,12
2020-04-21,US,Alabama,Cherokee,13,0,0,34.17805983,-85.60638968,1019.0,13,12,0,0,12,12,26032,1,0,0,1,0
2020-04-21,US,Alabama,Chilton,44,0,0,32.85044126,-86.7173256,1021.0,44,43,0,0,43,41,44153,1,0,0,1,2
2020-04-21,US,Alabama,Choctaw,18,0,0,32.02227341,-88.26564429999998,1023.0,18,17,0,0,17,14,12841,1,0,0,1,3
2020-04-21,US,Alabama,Clarke,24,1,0,31.68099859,-87.83548597,1025.0,23,24,0,0,24,24,23920,0,1,0,-1,0
2020-04-21,US,Alabama,Clay,19,0,0,33.26984193,-85.85836077,1027.0,19,19,0,0,19,18,13275,0,0,0,0,1
2020-04-21,US,Alabama,Cleburne,12,1,0,33.67679204,-85.52005899,1029.0,11,12,1,0,11,12,14987,0,0,0,0,0
2020-04-21,US,Alabama,Coffee,68,1,0,31.39932826,-85.98901039,1031.0,67,64,0,0,64,59,51909,4,1,0,3,5
2020-04-21,US,Alabama,Colbert,16,1,0,34.69847452,-87.80168544,1033.0,15,16,1,0,15,16,54762,0,0,0,0,0
2020-04-21,US,Alabama,Conecuh,9,0,0,31.43401703,-86.99320044,1035.0,9,9,0,0,9,10,12277,0,0,0,0,-1
2020-04-21,US,Alabama,Coosa,24,1,0,32.93690146,-86.24847739,1037.0,23,23,1,0,22,22,10715,1,0,0,1,1
2020-04-21,US,Alabama,Covington,26,0,0,31.247785399999998,-86.45050893,1039.0,26,24,0,0,24,22,36986,2,0,0,2,2
2020-04-21,US,Alabama,Crenshaw,6,0,0,31.72941803,-86.31593104,1041.0,6,6,0,0,6,6,13824,0,0,0,0,0
2020-04-21,US,Alabama,Cullman,45,0,0,34.13020303,-86.86888037,1043.0,45,44,0,0,44,42,83442,1,0,0,1,2
2020-04-21,US,Alabama,Dale,21,0,0,31.43037123,-85.61095742,1045.0,21,21,0,0,21,20,48956,0,0,0,0,1
2020-04-21,US,Alabama,Dallas,29,2,0,32.32688101,-87.10866709999998,1047.0,27,26,2,0,24,25,38310,3,0,0,3,1
2020-04-21,US,Alabama,DeKalb,51,2,0,34.45946862,-85.80782906,1049.0,49,46,2,0,44,42,71385,5,0,0,5,4
2020-04-21,US,Alabama,Elmore,73,1,0,32.59785413,-86.14415284,1051.0,72,69,1,0,68,63,81887,4,0,0,4,6
2020-04-21,US,Alabama,Escambia,17,0,0,31.1256789,-87.15918694,1053.0,17,16,0,0,16,14,36748,1,0,0,1,2
2020-04-21,US,Alabama,Etowah,109,8,0,34.04567266,-86.04051873,1055.0,101,100,7,0,93,98,102501,9,1,0,8,2
2020-04-21,US,Alabama,Fayette,4,0,0,33.72076938,-87.73886638,1057.0,4,3,0,0,3,4,16433,1,0,0,1,-1
2020-04-21,US,Alabama,Franklin,18,0,0,34.44235334,-87.84289505,1059.0,18,18,0,0,18,17,31363,0,0,0,0,1
2020-04-21,US,Alabama,Geneva,4,0,0,31.09389027,-85.83572839,1061.0,4,4,0,0,4,4,26314,0,0,0,0,0
2020-04-21,US,Alabama,Greene,32,0,0,32.85504247,-87.95684022,1063.0,32,32,0,0,32,29,8233,0,0,0,0,3
2020-04-21,US,Alabama,Hale,34,1,0,32.76039258,-87.63284988,1065.0,33,31,1,0,30,25,14726,3,0,0,3,6
2020-04-21,US,Alabama,Henry,20,0,0,31.51148016,-85.24267944,1067.0,20,18,0,0,18,17,17209,2,0,0,2,1
2020-04-21,US,Alabama,Houston,73,3,0,31.15197924,-85.29939599,1069.0,70,70,2,0,68,66,104722,3,1,0,2,4
2020-04-21,US,Alabama,Jackson,41,2,0,34.78144169,-85.99750489,1071.0,39,39,2,0,37,38,51736,2,0,0,2,1
2020-04-21,US,Alabama,Jefferson,698,26,0,33.55554728,-86.89506300000002,1073.0,672,688,26,0,662,682,659300,10,0,0,10,6
2020-04-21,US,Alabama,Lamar,9,0,0,33.77995024,-88.09668032,1075.0,9,9,0,0,9,8,13844,0,0,0,0,1
2020-04-21,US,Alabama,Lauderdale,25,4,0,34.90171875,-87.65624729,1077.0,21,24,4,0,20,23,92387,1,0,0,1,1
2020-04-21,US,Alabama,Lawrence,10,0,0,34.52041498,-87.31069453,1079.0,10,10,0,0,10,9,32957,0,0,0,0,1
2020-04-21,US,Alabama,Lee,319,19,0,32.60154883,-85.35132246,1081.0,300,311,15,0,296,308,163941,8,4,0,4,3
2020-04-21,US,Alabama,Limestone,40,0,0,34.81185586,-86.98310072,1083.0,40,40,0,0,40,40,96174,0,0,0,0,0
2020-04-21,US,Alabama,Lowndes,32,0,0,32.1597283,-86.65158371,1085.0,32,31,0,0,31,28,9974,1,0,0,1,3
2020-04-21,US,Alabama,Macon,27,2,0,32.38759944,-85.69267724,1087.0,25,26,2,0,24,25,18439,1,0,0,1,1
2020-04-21,US,Alabama,Madison,203,4,0,34.76327133,-86.55069633,1089.0,199,202,4,0,198,199,366519,1,0,0,1,3
2020-04-21,US,Alabama,Marengo,35,2,0,32.24767634,-87.78796182,1091.0,33,30,2,0,28,26,19066,5,0,0,5,4
2020-04-21,US,Alabama,Marion,65,5,0,34.13697363,-87.88704173,1093.0,60,63,5,0,58,61,29763,2,0,0,2,2
2020-04-21,US,Alabama,Marshall,194,5,0,34.36975964,-86.30486727,1095.0,189,167,3,0,164,149,96109,27,2,0,25,18
2020-04-21,US,Alabama,Mobile,714,37,0,30.78472347,-88.20842409,1097.0,677,680,33,0,647,661,413757,34,4,0,30,19
2020-04-21,US,Alabama,Monroe,9,1,0,31.56729412,-87.36995001,1099.0,8,9,1,0,8,9,21067,0,0,0,0,0
2020-04-21,US,Alabama,Montgomery,245,3,0,32.2206831,-86.20969272,1101.0,242,231,3,0,228,226,225763,14,0,0,14,5
2020-04-21,US,Alabama,Morgan,51,0,0,34.45500589,-86.85475946,1103.0,51,48,0,0,48,47,119089,3,0,0,3,1
2020-04-21,US,Alabama,Perry,9,0,0,32.64048341,-87.29770589,1105.0,9,9,0,0,9,9,9140,0,0,0,0,0
2020-04-21,US,Alabama,Pickens,43,0,0,33.28094866,-88.08818103,1107.0,43,40,0,0,40,38,19938,3,0,0,3,2
2020-04-21,US,Alabama,Pike,46,0,0,31.80396383,-85.9408295,1109.0,46,41,0,0,41,37,33338,5,0,0,5,4
2020-04-21,US,Alabama,Randolph,59,3,0,33.29526734,-85.45708831,1111.0,56,56,3,0,53,53,22725,3,0,0,3,3
2020-04-21,US,Alabama,Russell,48,0,0,32.28725256,-85.18415324,1113.0,48,48,0,0,48,43,57781,0,0,0,0,5
2020-04-21,US,Alabama,Shelby,273,6,0,33.26879845,-86.66232561,1117.0,267,273,6,0,267,268,215707,0,0,0,0,5
2020-04-21,US,Alabama,St. Clair,59,0,0,33.71902176,-86.31029372,1115.0,59,57,0,0,57,54,88690,2,0,0,2,3
2020-04-21,US,Alabama,Sumter,44,0,0,32.59117397,-88.19916205,1119.0,44,40,0,0,40,36,12691,4,0,0,4,4
2020-04-21,US,Alabama,Talladega,50,2,0,33.37823223,-86.16886178,1121.0,48,47,1,0,46,46,79828,3,1,0,2,1
2020-04-21,US,Alabama,Tallapoosa,228,14,0,32.86698258,-85.79833053,1123.0,214,193,12,0,181,195,40497,35,2,0,33,-2
2020-04-21,US,Alabama,Tuscaloosa,158,1,0,33.28726072,-87.52556818,1125.0,157,153,1,0,152,145,208911,5,0,0,5,8
2020-04-21,US,Alabama,Walker,91,0,0,33.80270512,-87.30027177,1127.0,91,90,0,0,90,85,63711,1,0,0,1,5
2020-04-21,US,Alabama,Washington,17,1,0,31.4092794,-88.20689944,1129.0,16,16,1,0,15,16,16378,1,0,0,1,0
2020-04-21,US,Alabama,Wilcox,49,1,0,31.98773215,-87.30891118,1131.0,48,49,1,0,48,47,10627,0,0,0,0,2
2020-04-21,US,Alabama,Winston,10,0,0,34.15030532,-87.37325922,1133.0,10,9,0,0,9,9,23660,1,0,0,1,0
2020-04-21,US,Alaska,Anchorage,160,4,0,61.14998174,-149.14269860000005,2020.0,156,155,4,0,151,154,291538,5,0,0,5,1
2020-04-21,US,Alaska,Bethel,1,0,0,60.90980451,-159.8561831,2050.0,1,1,0,0,1,1,18216,0,0,0,0,0
2020-04-21,US,Alaska,Fairbanks North Star,79,1,0,64.80726247,-146.5692662,2090.0,78,79,1,0,78,79,98971,0,0,0,0,0
2020-04-21,US,Alaska,Juneau,26,0,0,58.45031811,-134.200436,2110.0,26,24,0,0,24,24,32113,2,0,0,2,0
2020-04-21,US,Alaska,Kenai Peninsula,19,0,0,60.24429722,-151.53888840000005,2122.0,19,19,0,0,19,19,58533,0,0,0,0,0
2020-04-21,US,Alaska,Ketchikan Gateway,16,0,0,55.57445008,-130.975561,2130.0,16,15,0,0,15,15,13918,1,0,0,1,0
2020-04-21,US,Alaska,Kodiak Island,1,0,0,57.65529415,-153.7493579,2150.0,1,1,0,0,1,1,13345,0,0,0,0,0
2020-04-21,US,Alaska,Matanuska-Susitna,19,0,0,62.31305045,-149.5741743,2170.0,19,19,0,0,19,18,107610,0,0,0,0,1
2020-04-21,US,Alaska,Nome,1,0,0,64.90320724,-164.0353804,2180.0,1,1,0,0,1,1,10008,0,0,0,0,0
2020-04-21,US,Alaska,Petersburg,3,0,0,57.13978948,-132.9540995,2195.0,3,3,0,0,3,3,3221,0,0,0,0,0
2020-04-21,US,Alaska,Prince of Wales-Hyder,2,0,0,55.76261984,-133.0511621,2198.0,2,2,0,0,2,2,6422,0,0,0,0,0
2020-04-21,US,Alaska,Southeast Fairbanks,1,0,0,63.87692095,-143.2127643,2240.0,1,1,0,0,1,1,6918,0,0,0,0,0
2020-04-21,US,Alaska,Unassigned,0,4,0,0.0,0.0,90002.0,-4,0,4,0,-4,0,,0,0,0,0,0
2020-04-21,US,Alaska,Yukon-Koyukuk,1,0,0,65.50815459,-151.39073869999999,2290.0,1,1,0,0,1,1,5327,0,0,0,0,0
2020-04-21,US,Arizona,Apache,226,5,0,35.39465006,-109.4892383,4001.0,221,202,4,0,198,178,71818,24,1,0,23,24
2020-04-21,US,Arizona,Cochise,29,0,0,31.87934684,-109.7516088,4003.0,29,28,0,0,28,24,126770,1,0,0,1,4
2020-04-21,US,Arizona,Coconino,342,31,0,35.83883429,-111.77071780000001,4005.0,311,337,31,0,306,333,142854,5,0,0,5,4
2020-04-21,US,Arizona,Gila,9,0,0,33.80190085,-110.8132779,4007.0,9,8,0,0,8,7,53889,1,0,0,1,1
2020-04-21,US,Arizona,Graham,2,0,0,32.93166885,-109.8882178,4009.0,2,2,0,0,2,2,38072,0,0,0,0,0
2020-04-21,US,Arizona,Greenlee,2,0,0,33.21498827,-109.2405279,4011.0,2,2,0,0,2,2,9483,0,0,0,0,0
2020-04-21,US,Arizona,La Paz,6,1,0,33.72854224,-113.98100290000001,4012.0,5,5,1,0,4,5,21098,1,0,0,1,0
2020-04-21,US,Arizona,Maricopa,2738,83,0,33.34835867,-112.49181540000001,4013.0,2655,2636,75,0,2561,2589,4410824,102,8,0,94,47
2020-04-21,US,Arizona,Mohave,59,3,0,35.70471703,-113.7577902,4015.0,56,56,1,0,55,54,209550,3,2,0,1,2
2020-04-21,US,Arizona,Navajo,485,11,0,35.3997715,-110.3218983,4017.0,474,473,11,0,462,459,110445,12,0,0,12,14
2020-04-21,US,Arizona,Pima,963,65,0,32.0971334,-111.7890033,4019.0,898,941,58,0,883,913,1039073,22,7,0,15,28
2020-04-21,US,Arizona,Pinal,268,7,0,32.90525627,-111.3449483,4021.0,261,256,7,0,249,247,447138,12,0,0,12,9
2020-04-21,US,Arizona,Santa Cruz,23,0,0,31.52508998,-110.8479088,4023.0,23,20,0,0,20,19,46511,3,0,0,3,1
2020-04-21,US,Arizona,Yavapai,72,1,0,34.59933926,-112.5538588,4025.0,71,71,1,0,70,72,231993,1,0,0,1,-1
2020-04-21,US,Arizona,Yuma,32,1,0,32.76895712,-113.90666740000002,4027.0,31,31,1,0,30,29,212128,1,0,0,1,2
2020-04-21,US,Arkansas,Arkansas,2,0,0,34.29145151,-91.37277296,5001.0,2,2,0,0,2,2,17769,0,0,0,0,0
2020-04-21,US,Arkansas,Ashley,12,0,0,33.19153461,-91.76984709999999,5003.0,12,12,0,0,12,11,20046,0,0,0,0,1
2020-04-21,US,Arkansas,Baxter,5,0,0,36.28784385,-92.33782872,5005.0,5,5,0,0,5,5,41619,0,0,0,0,0
2020-04-21,US,Arkansas,Benton,66,0,0,36.33644656,-94.25680817,5007.0,66,62,0,0,62,62,272608,4,0,0,4,0
2020-04-21,US,Arkansas,Boone,3,0,0,36.3084504,-93.09374925,5009.0,3,3,0,0,3,3,37480,0,0,0,0,0
2020-04-21,US,Arkansas,Bradley,7,1,0,33.46755808,-92.15980837,5011.0,6,7,1,0,6,7,10897,0,0,0,0,0
2020-04-21,US,Arkansas,Carroll,2,0,0,36.34038560000001,-93.54270261,5015.0,2,2,0,0,2,2,28223,0,0,0,0,0
2020-04-21,US,Arkansas,Chicot,7,0,0,33.26458973,-91.29539209,5017.0,7,7,0,0,7,7,10438,0,0,0,0,0
2020-04-21,US,Arkansas,Clark,27,0,0,34.04613432,-93.17484713,5019.0,27,27,0,0,27,27,22061,0,0,0,0,0
2020-04-21,US,Arkansas,Clay,1,0,0,36.36826212,-90.4148172,5021.0,1,1,0,0,1,1,14847,0,0,0,0,0
2020-04-21,US,Arkansas,Cleburne,71,4,0,35.53864922,-92.02640019,5023.0,67,71,4,0,67,70,24965,0,0,0,0,1
2020-04-21,US,Arkansas,Cleveland,8,0,0,33.89723187,-92.18537045,5025.0,8,8,0,0,8,8,8018,0,0,0,0,0
2020-04-21,US,Arkansas,Columbia,5,0,0,33.21230701,-93.22642793,5027.0,5,5,0,0,5,5,23537,0,0,0,0,0
2020-04-21,US,Arkansas,Conway,5,1,0,35.26205537,-92.70506566,5029.0,4,5,1,0,4,5,20891,0,0,0,0,0
2020-04-21,US,Arkansas,Craighead,45,1,0,35.83018283,-90.63235729,5031.0,44,44,1,0,43,43,108558,1,0,0,1,1
2020-04-21,US,Arkansas,Crawford,4,0,0,35.58928601,-94.2446814,5033.0,4,4,0,0,4,4,63406,0,0,0,0,0
2020-04-21,US,Arkansas,Crittenden,145,5,0,35.21247318,-90.30839406,5035.0,140,142,5,0,137,139,48342,3,0,0,3,3
2020-04-21,US,Arkansas,Cross,8,0,0,35.29631396,-90.77185818,5037.0,8,8,0,0,8,8,16676,0,0,0,0,0
2020-04-21,US,Arkansas,Dallas,1,0,0,33.97042763,-92.65167437,5039.0,1,1,0,0,1,1,7182,0,0,0,0,0
2020-04-21,US,Arkansas,Desha,7,0,0,33.83011025,-91.25500948,5041.0,7,7,0,0,7,7,11512,0,0,0,0,0
2020-04-21,US,Arkansas,Drew,6,1,0,33.59035001,-91.71777921,5043.0,5,6,1,0,5,6,18328,0,0,0,0,0
2020-04-21,US,Arkansas,Faulkner,62,2,0,35.14719007,-92.33717519,5045.0,60,62,2,0,60,62,124806,0,0,0,0,0
2020-04-21,US,Arkansas,Franklin,1,0,0,35.51202821,-93.89299569,5047.0,1,1,0,0,1,1,17810,0,0,0,0,0
2020-04-21,US,Arkansas,Garland,109,0,0,34.57692074,-93.14921604,5051.0,109,108,0,0,108,107,99154,1,0,0,1,1
2020-04-21,US,Arkansas,Grant,11,0,0,34.29017991,-92.42320562,5053.0,11,11,0,0,11,11,18188,0,0,0,0,0
2020-04-21,US,Arkansas,Greene,9,0,0,36.11735460000001,-90.55832668,5055.0,9,8,0,0,8,8,45325,1,0,0,1,0
2020-04-21,US,Arkansas,Hempstead,5,1,0,33.73325583,-93.66935133,5057.0,4,5,1,0,4,5,21741,0,0,0,0,0
2020-04-21,US,Arkansas,Hot Spring,8,0,0,34.31709259,-92.95396325,5059.0,8,8,0,0,8,8,33701,0,0,0,0,0
2020-04-21,US,Arkansas,Howard,14,0,0,34.09007427,-93.9934871,5061.0,14,14,0,0,14,14,13341,0,0,0,0,0
2020-04-21,US,Arkansas,Independence,8,0,0,35.74242707,-91.57001641,5063.0,8,8,0,0,8,8,37678,0,0,0,0,0
2020-04-21,US,Arkansas,Izard,2,0,0,36.09604046,-91.90847954,5065.0,2,2,0,0,2,2,13593,0,0,0,0,0
2020-04-21,US,Arkansas,Jackson,1,0,0,35.59802983,-91.21494602,5067.0,1,1,0,0,1,1,16811,0,0,0,0,0
2020-04-21,US,Arkansas,Jefferson,126,7,0,34.26767081,-91.92619839,5069.0,119,126,7,0,119,118,68114,0,0,0,0,8
2020-04-21,US,Arkansas,Johnson,22,0,0,35.56759135,-93.46036368,5071.0,22,22,0,0,22,22,26742,0,0,0,0,0
2020-04-21,US,Arkansas,Lafayette,4,0,0,33.24116713,-93.60677071,5073.0,4,4,0,0,4,4,6682,0,0,0,0,0
2020-04-21,US,Arkansas,Lawrence,26,1,0,36.04188196,-91.10867198,5075.0,25,26,1,0,25,26,16434,0,0,0,0,0
2020-04-21,US,Arkansas,Lee,3,1,0,34.78498904,-90.78383866,5077.0,2,3,1,0,2,3,8985,0,0,0,0,0
2020-04-21,US,Arkansas,Lincoln,258,0,0,33.95317155,-91.74002806,5079.0,258,258,0,0,258,111,13383,0,0,0,0,147
2020-04-21,US,Arkansas,Logan,3,0,0,35.21413234,-93.71951016,5083.0,3,3,0,0,3,3,21737,0,0,0,0,0
2020-04-21,US,Arkansas,Lonoke,26,0,0,34.75392199,-91.88742357,5085.0,26,26,0,0,26,26,73657,0,0,0,0,0
2020-04-21,US,Arkansas,Madison,1,0,0,36.01038185,-93.72524943,5087.0,1,1,0,0,1,1,16481,0,0,0,0,0
2020-04-21,US,Arkansas,Marion,1,0,0,36.26844485,-92.68451899,5089.0,1,1,0,0,1,1,16722,0,0,0,0,0
2020-04-21,US,Arkansas,Miller,30,0,0,33.31403423,-93.89285258,5091.0,30,30,0,0,30,29,43592,0,0,0,0,1
2020-04-21,US,Arkansas,Mississippi,9,0,0,35.76271485,-90.05194370000002,5093.0,9,9,0,0,9,8,41239,0,0,0,0,1
2020-04-21,US,Arkansas,Monroe,4,0,0,34.6815935,-91.20540287,5095.0,4,4,0,0,4,3,6900,0,0,0,0,1
2020-04-21,US,Arkansas,Nevada,1,0,0,33.66340119,-93.30632432,5099.0,1,1,0,0,1,1,8326,0,0,0,0,0
2020-04-21,US,Arkansas,Newton,2,0,0,35.91947491,-93.21612969,5101.0,2,2,0,0,2,2,7805,0,0,0,0,0
2020-04-21,US,Arkansas,Ouachita,5,0,0,33.58839816,-92.87795984,5103.0,5,5,0,0,5,5,23606,0,0,0,0,0
2020-04-21,US,Arkansas,Perry,3,0,0,34.945915299999996,-92.94372564,5105.0,3,3,0,0,3,3,10352,0,0,0,0,0
2020-04-21,US,Arkansas,Phillips,4,1,0,34.43268455,-90.84800154,5107.0,3,4,1,0,3,4,18029,0,0,0,0,0
2020-04-21,US,Arkansas,Pike,2,0,0,34.16250414,-93.65789349,5109.0,2,2,0,0,2,2,10673,0,0,0,0,0
2020-04-21,US,Arkansas,Poinsett,10,0,0,35.57433534,-90.66268713,5111.0,10,10,0,0,10,10,23974,0,0,0,0,0
2020-04-21,US,Arkansas,Polk,7,0,0,34.48254879,-94.22728802,5113.0,7,7,0,0,7,7,20049,0,0,0,0,0
2020-04-21,US,Arkansas,Pope,35,0,0,35.44871474,-93.03212219,5115.0,35,35,0,0,35,35,64000,0,0,0,0,0
2020-04-21,US,Arkansas,Prairie,2,0,0,34.83624419,-91.55162157,5117.0,2,2,0,0,2,2,8074,0,0,0,0,0
2020-04-21,US,Arkansas,Pulaski,390,12,0,34.77054088,-92.31355101,5119.0,378,388,12,0,376,377,392680,2,0,0,2,11
2020-04-21,US,Arkansas,Randolph,14,0,0,36.3415714,-91.02455531,5121.0,14,14,0,0,14,11,17948,0,0,0,0,3
2020-04-21,US,Arkansas,Saline,45,1,0,34.64916145,-92.67583224,5125.0,44,45,1,0,44,43,121421,0,0,0,0,2
2020-04-21,US,Arkansas,Scott,1,0,0,34.85588887,-94.0632176,5127.0,1,1,0,0,1,1,10319,0,0,0,0,0
2020-04-21,US,Arkansas,Searcy,6,0,0,35.9109364,-92.69936482,5129.0,6,6,0,0,6,6,7958,0,0,0,0,0
2020-04-21,US,Arkansas,Sebastian,11,0,0,35.19605503,-94.27162713,5131.0,11,11,0,0,11,11,127753,0,0,0,0,0
2020-04-21,US,Arkansas,Sevier,10,0,0,33.99780401,-94.2424869,5133.0,10,10,0,0,10,9,17139,0,0,0,0,1
2020-04-21,US,Arkansas,Sharp,2,0,0,36.16258158,-91.47819342,5135.0,2,2,0,0,2,2,17366,0,0,0,0,0
2020-04-21,US,Arkansas,St. Francis,65,0,0,35.02201976,-90.74828138,5123.0,65,65,0,0,65,64,25439,0,0,0,0,1
2020-04-21,US,Arkansas,Stone,7,0,0,35.86251946,-92.15684085,5137.0,7,7,0,0,7,7,12457,0,0,0,0,0
2020-04-21,US,Arkansas,Unassigned,45,0,0,0.0,0.0,90005.0,45,45,0,0,45,46,,0,0,0,0,-1
2020-04-21,US,Arkansas,Union,26,0,0,33.16887091,-92.59746952,5139.0,26,26,0,0,26,24,39126,0,0,0,0,2
2020-04-21,US,Arkansas,Van Buren,26,2,0,35.58095779,-92.51295036,5141.0,24,26,2,0,24,26,16603,0,0,0,0,0
2020-04-21,US,Arkansas,Washington,59,0,0,35.976844,-94.21800746,5143.0,59,54,0,0,54,46,236961,5,0,0,5,8
2020-04-21,US,Arkansas,White,29,1,0,35.25688493,-91.74908296,5145.0,28,29,0,0,29,29,78727,0,1,0,-1,0
2020-04-21,US,Arkansas,Woodruff,1,0,0,35.18902527,-91.2439489,5147.0,1,1,0,0,1,1,6490,0,0,0,0,0
2020-04-21,US,Arkansas,Yell,2,0,0,35.00292371,-93.41171338,5149.0,2,2,0,0,2,2,21535,0,0,0,0,0
2020-04-21,US,California,Alameda,1241,43,0,37.64629437,-121.8929271,6001.0,1198,1193,42,0,1151,1164,1666753,48,1,0,47,29
2020-04-21,US,California,Alpine,1,0,0,38.59678594,-119.82235940000001,6003.0,1,1,0,0,1,2,1101,0,0,0,0,-1
2020-04-21,US,California,Amador,7,0,0,38.44583082,-120.65696000000001,6005.0,7,7,0,0,7,7,39383,0,0,0,0,0
2020-04-21,US,California,Butte,16,0,0,39.66727762,-121.6005252,6007.0,16,16,0,0,16,16,231256,0,0,0,0,0
2020-04-21,US,California,Calaveras,12,0,0,38.20537103,-120.55291299999999,6009.0,12,12,0,0,12,12,45602,0,0,0,0,0
2020-04-21,US,California,Colusa,3,0,0,39.17881957,-122.2331726,6011.0,3,3,0,0,3,3,21627,0,0,0,0,0
2020-04-21,US,California,Contra Costa,749,22,0,37.91923498,-121.9289527,6013.0,727,707,22,0,685,693,1150215,42,0,0,42,14
2020-04-21,US,California,Del Norte,2,0,0,41.74228275,-123.89740630000001,6015.0,2,2,0,0,2,2,27828,0,0,0,0,0
2020-04-21,US,California,El Dorado,38,0,0,38.77965956,-120.5233166,6017.0,38,36,0,0,36,36,190678,2,0,0,2,0
2020-04-21,US,California,Fresno,351,7,0,36.75733899,-119.6466953,6019.0,344,315,7,0,308,315,994400,36,0,0,36,0
2020-04-21,US,California,Glenn,4,0,0,39.59875897,-122.3938452,6021.0,4,4,0,0,4,4,28047,0,0,0,0,0
2020-04-21,US,California,Humboldt,52,0,0,40.69923009,-123.876044,6023.0,52,52,0,0,52,52,136373,0,0,0,0,0
2020-04-21,US,California,Imperial,175,4,0,33.0393082,-115.36690420000001,6025.0,171,160,3,0,157,155,181827,15,1,0,14,5
2020-04-21,US,California,Inyo,18,0,0,36.51112084,-117.41119779999998,6027.0,18,18,0,0,18,18,17987,0,0,0,0,0
2020-04-21,US,California,Kern,671,3,0,35.34329425,-118.72777959999999,6029.0,668,643,3,0,640,623,896764,28,0,0,28,20
2020-04-21,US,California,Kings,32,1,0,36.07409056,-119.8159973,6031.0,31,30,1,0,29,28,151366,2,0,0,2,2
2020-04-21,US,California,Lake,6,0,0,39.10124298,-122.75362439999999,6033.0,6,6,0,0,6,6,64382,0,0,0,0,0
2020-04-21,US,California,Los Angeles,15153,663,0,34.30828379,-118.22824109999999,6037.0,14490,13823,619,0,13204,12341,10105518,1330,44,0,1286,1482
2020-04-21,US,California,Madera,36,2,0,37.21513971,-119.76655890000002,6039.0,34,34,2,0,32,34,157672,2,0,0,2,0
2020-04-21,US,California,Marin,199,10,0,38.07122463,-122.72106310000001,6041.0,189,195,10,0,185,189,259666,4,0,0,4,6
2020-04-21,US,California,Mendocino,5,0,0,39.4381191,-123.39113130000001,6045.0,5,5,0,0,5,5,87606,0,0,0,0,0
2020-04-21,US,California,Merced,92,3,0,37.18922369,-120.72090349999999,6047.0,89,90,3,0,87,90,274765,2,0,0,2,0
2020-04-21,US,California,Mono,24,1,0,37.93899289,-118.8872409,6051.0,23,24,1,0,23,23,14250,0,0,0,0,1
2020-04-21,US,California,Monterey,148,4,0,36.21862405,-121.24133970000001,6053.0,144,141,4,0,137,136,435594,7,0,0,7,5
2020-04-21,US,California,Napa,48,2,0,38.50735751,-122.33283899999999,6055.0,46,48,2,0,46,47,139417,0,0,0,0,1
2020-04-21,US,California,Nevada,38,1,0,39.30394768,-120.76272809999999,6057.0,37,36,1,0,35,36,99696,2,0,0,2,0
2020-04-21,US,California,Orange,1691,33,0,33.70147516,-117.76459979999998,6059.0,1658,1676,33,0,1643,1636,3185968,15,0,0,15,40
2020-04-21,US,California,Placer,133,8,0,39.06167234,-120.72405690000001,6061.0,125,132,8,0,124,132,393149,1,0,0,1,0
2020-04-21,US,California,Plumas,4,0,0,40.00355989,-120.8395236,6063.0,4,4,0,0,4,4,18804,0,0,0,0,0
2020-04-21,US,California,Riverside,2847,85,0,33.74314981,-115.9933578,6065.0,2762,2847,85,0,2762,2638,2450758,0,0,0,0,209
2020-04-21,US,California,Sacramento,954,35,0,38.45106826,-121.34253740000001,6067.0,919,940,34,0,906,925,1540975,14,1,0,13,15
2020-04-21,US,California,San Benito,44,2,0,36.60308176,-121.069975,6069.0,42,44,2,0,42,44,61537,0,0,0,0,0
2020-04-21,US,California,San Bernardino,1489,67,0,34.84060306,-116.1774685,6071.0,1422,1406,60,0,1346,1286,2171603,83,7,0,76,120
2020-04-21,US,California,San Diego,2325,72,0,33.03484597,-116.73653259999999,6073.0,2253,2268,71,0,2197,2213,3343364,57,1,0,56,55
2020-04-21,US,California,San Francisco,1231,20,0,37.75215114,-122.43856720000001,6075.0,1211,1216,20,0,1196,1157,883305,15,0,0,15,59
2020-04-21,US,California,San Joaquin,449,18,0,37.93433732,-121.2730061,6077.0,431,428,17,0,411,415,752660,21,1,0,20,13
2020-04-21,US,California,San Luis Obispo,134,1,0,35.38822029,-120.4039028,6079.0,133,132,1,0,131,132,284010,2,0,0,2,0
2020-04-21,US,California,San Mateo,935,28,0,37.422880799999994,-122.32755459999998,6081.0,907,920,28,0,892,838,769545,15,0,0,15,82
2020-04-21,US,California,Santa Barbara,416,4,0,34.65329488,-120.0188492,6083.0,412,394,4,0,390,385,446527,22,0,0,22,9
2020-04-21,US,California,Santa Clara,1922,83,0,37.23104908,-121.6970462,6085.0,1839,1922,83,0,1839,1870,1937570,0,0,0,0,52
2020-04-21,US,California,Santa Cruz,108,2,0,37.05580291,-122.0066524,6087.0,106,106,2,0,104,104,274255,2,0,0,2,2
2020-04-21,US,California,Shasta,26,3,0,40.76391419,-122.0396884,6089.0,23,26,3,0,23,26,180040,0,0,0,0,0
2020-04-21,US,California,Siskiyou,5,0,0,41.59198861,-122.54074340000001,6093.0,5,5,0,0,5,5,43724,0,0,0,0,0
2020-04-21,US,California,Solano,180,2,0,38.26827353,-121.9357113,6095.0,178,180,2,0,178,169,446610,0,0,0,0,11
2020-04-21,US,California,Sonoma,182,2,0,38.52746429,-122.88625060000001,6097.0,180,181,2,0,179,180,499942,1,0,0,1,1
2020-04-21,US,California,Stanislaus,232,4,0,37.55862499,-120.9970722,6099.0,228,226,4,0,222,221,549815,6,0,0,6,5
2020-04-21,US,California,Sutter,26,2,0,39.03417539,-121.6945899,6101.0,24,26,2,0,24,25,96807,0,0,0,0,1
2020-04-21,US,California,Tehama,1,1,0,40.12570935,-122.23701709999999,6103.0,0,1,1,0,0,1,63916,0,0,0,0,0
2020-04-21,US,California,Tulare,422,18,0,36.22026558,-118.8020203,6107.0,404,422,18,0,404,411,465861,0,0,0,0,11
2020-04-21,US,California,Tuolumne,2,0,0,38.02644018,-119.95250929999999,6109.0,2,2,0,0,2,2,54539,0,0,0,0,0
2020-04-21,US,California,Unassigned,0,2,0,0.0,0.0,90006.0,-2,0,2,0,-2,0,,0,0,0,0,0
2020-04-21,US,California,Ventura,428,13,0,34.44465746,-119.09106129999999,6111.0,415,428,13,0,415,422,850967,0,0,0,0,6
2020-04-21,US,California,Yolo,142,10,0,38.68278902,-121.90182879999999,6113.0,132,137,9,0,128,137,220408,5,1,0,4,0
2020-04-21,US,California,Yuba,16,1,0,39.26255932,-121.35356440000001,6115.0,15,16,1,0,15,16,78041,0,0,0,0,0
2020-04-21,US,Colorado,Adams,996,46,0,39.87432092,-104.3362578,8001.0,950,915,35,0,880,915,511868,81,11,0,70,0
2020-04-21,US,Colorado,Alamosa,9,2,0,37.57250606,-105.7885451,8003.0,7,7,2,0,5,7,16683,2,0,0,2,0
2020-04-21,US,Colorado,Arapahoe,1649,80,0,39.64977461,-104.3353617,8005.0,1569,1536,65,0,1471,1536,651215,113,15,0,98,0
2020-04-21,US,Colorado,Archuleta,7,0,0,37.19474156,-107.04768670000001,8007.0,7,7,0,0,7,7,13765,0,0,0,0,0
2020-04-21,US,Colorado,Baca,10,0,0,37.31940883,-102.5603223,8009.0,10,10,0,0,10,10,3585,0,0,0,0,0
2020-04-21,US,Colorado,Boulder,390,18,0,40.09313619,-105.3546767,8013.0,372,352,17,0,335,352,326078,38,1,0,37,0
2020-04-21,US,Colorado,Broomfield,106,2,0,39.95998787,-105.0566324,8014.0,104,101,2,0,99,101,69267,5,0,0,5,0
2020-04-21,US,Colorado,Chaffee,38,4,0,38.74745778,-106.19265729999998,8015.0,34,38,4,0,34,38,20027,0,0,0,0,0
2020-04-21,US,Colorado,Clear Creek,11,0,0,39.68864463,-105.6463118,8019.0,11,11,0,0,11,11,9605,0,0,0,0,0
2020-04-21,US,Colorado,Costilla,3,0,0,37.27732493,-105.4276548,8023.0,3,3,0,0,3,3,3828,0,0,0,0,0
2020-04-21,US,Colorado,Crowley,2,1,0,38.32608609,-103.7844965,8025.0,1,2,1,0,1,2,5858,0,0,0,0,0
2020-04-21,US,Colorado,Custer,2,0,0,38.10883162,-105.3683478,8027.0,2,2,0,0,2,2,4954,0,0,0,0,0
2020-04-21,US,Colorado,Delta,25,1,0,38.86246243,-107.86313419999999,8029.0,24,22,1,0,21,22,30953,3,0,0,3,0
2020-04-21,US,Colorado,Denver,2004,91,0,39.76018276,-104.87256950000001,8031.0,1913,1784,75,0,1709,1784,716492,220,16,0,204,0
2020-04-21,US,Colorado,Douglas,384,17,0,39.33133796,-104.930001,8035.0,367,368,16,0,352,368,342776,16,1,0,15,0
2020-04-21,US,Colorado,Eagle,487,7,0,39.62754308,-106.6933637,8037.0,480,485,7,0,478,485,54993,2,0,0,2,0
2020-04-21,US,Colorado,El Paso,744,53,0,38.83240149,-104.5251411,8041.0,691,731,49,0,682,731,713856,13,4,0,9,0
2020-04-21,US,Colorado,Elbert,24,1,0,39.28656773,-104.13587209999999,8039.0,23,23,1,0,22,23,26282,1,0,0,1,0
2020-04-21,US,Colorado,Fremont,11,0,0,38.47362326,-105.43996670000001,8043.0,11,10,0,0,10,10,48021,1,0,0,1,0
2020-04-21,US,Colorado,Garfield,71,2,0,39.59921777,-107.902708,8045.0,69,70,2,0,68,70,59770,1,0,0,1,0
2020-04-21,US,Colorado,Gilpin,1,0,0,39.85646523,-105.5252597,8047.0,1,1,0,0,1,1,6121,0,0,0,0,0
2020-04-21,US,Colorado,Grand,5,0,0,40.10603347,-106.11780420000001,8049.0,5,4,0,0,4,4,15525,1,0,0,1,0
2020-04-21,US,Colorado,Gunnison,121,3,0,38.66611652,-107.0320729,8051.0,118,114,3,0,111,114,17246,7,0,0,7,0
2020-04-21,US,Colorado,Hinsdale,3,0,0,37.82247444,-107.3004345,8053.0,3,3,0,0,3,3,811,0,0,0,0,0
2020-04-21,US,Colorado,Huerfano,1,0,0,37.68473101,-104.9612585,8055.0,1,1,0,0,1,1,6889,0,0,0,0,0
2020-04-21,US,Colorado,Jefferson,1011,40,0,39.58635604,-105.2517692,8059.0,971,957,36,0,921,957,580233,54,4,0,50,0
2020-04-21,US,Colorado,Kit Carson,18,1,0,39.30497777,-102.60221990000001,8063.0,17,18,1,0,17,18,7163,0,0,0,0,0
2020-04-21,US,Colorado,La Plata,51,0,0,37.28632032,-107.8429014,8067.0,51,52,0,0,52,52,56310,-1,0,0,-1,0
2020-04-21,US,Colorado,Lake,8,0,0,39.20278823,-106.35556969999999,8065.0,8,8,0,0,8,8,7824,0,0,0,0,0
2020-04-21,US,Colorado,Larimer,250,13,0,40.66671597,-105.4625784,8069.0,237,239,12,0,227,239,350518,11,1,0,10,0
2020-04-21,US,Colorado,Las Animas,3,0,0,37.3153406,-104.03764579999999,8071.0,3,3,0,0,3,3,14503,0,0,0,0,0
2020-04-21,US,Colorado,Lincoln,3,0,0,38.98749519,-103.51366490000001,8073.0,3,3,0,0,3,3,5610,0,0,0,0,0
2020-04-21,US,Colorado,Logan,23,1,0,40.7249637,-103.110817,8075.0,22,17,1,0,16,17,21528,6,0,0,6,0
2020-04-21,US,Colorado,Mesa,35,0,0,39.01787888,-108.469799,8077.0,35,35,0,0,35,35,153207,0,0,0,0,0
2020-04-21,US,Colorado,Mineral,2,0,0,37.66954283,-106.92816979999999,8079.0,2,2,0,0,2,2,776,0,0,0,0,0
2020-04-21,US,Colorado,Moffat,6,0,0,40.61810999,-108.2070876,8081.0,6,4,0,0,4,4,13188,2,0,0,2,0
2020-04-21,US,Colorado,Montezuma,13,2,0,37.33859579,-108.59588570000001,8083.0,11,13,2,0,11,13,26158,0,0,0,0,0
2020-04-21,US,Colorado,Montrose,80,9,0,38.40214114,-108.26390220000002,8085.0,71,77,7,0,70,77,42214,3,2,0,1,0
2020-04-21,US,Colorado,Morgan,180,4,0,40.26279810000001,-103.8093302,8087.0,176,157,2,0,155,157,28558,23,2,0,21,0
2020-04-21,US,Colorado,Otero,7,0,0,37.9014485,-103.7173385,8089.0,7,6,0,0,6,6,18432,1,0,0,1,0
2020-04-21,US,Colorado,Ouray,5,1,0,38.14717457,-107.7675136,8091.0,4,5,1,0,4,5,4833,0,0,0,0,0
2020-04-21,US,Colorado,Park,6,0,0,39.120926000000004,-105.7182065,8093.0,6,6,0,0,6,6,18556,0,0,0,0,0
2020-04-21,US,Colorado,Phillips,5,0,0,40.59414277,-102.3577703,8095.0,5,5,0,0,5,5,4286,0,0,0,0,0
2020-04-21,US,Colorado,Pitkin,58,2,0,39.21720112,-106.9310027,8097.0,56,57,2,0,55,57,17950,1,0,0,1,0
2020-04-21,US,Colorado,Prowers,1,0,0,37.95544985,-102.3926052,8099.0,1,1,0,0,1,1,12164,0,0,0,0,0
2020-04-21,US,Colorado,Pueblo,92,7,0,38.17359144,-104.5127437,8101.0,85,87,6,0,81,87,167529,5,1,0,4,0
2020-04-21,US,Colorado,Rio Blanco,1,0,0,39.97913541,-108.2179009,8103.0,1,1,0,0,1,1,6336,0,0,0,0,0
2020-04-21,US,Colorado,Rio Grande,7,0,0,37.5836865,-106.3847838,8105.0,7,7,0,0,7,7,11250,0,0,0,0,0
2020-04-21,US,Colorado,Routt,51,2,0,40.48596505,-106.9905548,8107.0,49,49,2,0,47,49,25733,2,0,0,2,0
2020-04-21,US,Colorado,Saguache,3,0,0,38.08054629,-106.28246599999999,8109.0,3,3,0,0,3,3,6843,0,0,0,0,0
2020-04-21,US,Colorado,San Miguel,17,0,0,38.00450883,-108.4020725,8113.0,17,15,0,0,15,15,8191,2,0,0,2,0
2020-04-21,US,Colorado,Summit,93,1,0,39.63803232,-106.1150762,8117.0,92,93,1,0,92,93,31007,0,0,0,0,0
2020-04-21,US,Colorado,Teller,25,2,0,38.88133511,-105.16148929999999,8119.0,23,24,2,0,22,24,25083,1,0,0,1,0
2020-04-21,US,Colorado,Unassigned,126,1,0,0.0,0.0,90008.0,125,114,1,0,113,114,,12,0,0,12,0
2020-04-21,US,Colorado,Washington,6,0,0,39.97015535,-103.202587,8121.0,6,6,0,0,6,6,4909,0,0,0,0,0
2020-04-21,US,Colorado,Weld,1180,69,0,40.55499405,-104.39296209999999,8123.0,1111,1063,64,0,999,1063,314305,117,5,0,112,0
2020-04-21,US,Colorado,Yuma,3,0,0,40.00346839,-102.4258673,8125.0,3,3,0,0,3,3,10020,0,0,0,0,0
2020-04-21,US,Connecticut,Fairfield,8472,544,0,41.26809896,-73.3881171,9001.0,7928,8320,512,0,7808,7434,943823,152,32,0,120,886
2020-04-21,US,Connecticut,Hartford,3951,402,0,41.80283011,-72.73103891,9003.0,3549,3823,369,0,3454,3351,892697,128,33,0,95,472
2020-04-21,US,Connecticut,Litchfield,643,59,0,41.7937534,-73.2451475,9005.0,584,639,58,0,581,600,181111,4,1,0,3,39
2020-04-21,US,Connecticut,Middlesex,512,47,0,41.45949668,-72.53714864,9007.0,465,484,45,0,439,462,162682,28,2,0,26,22
2020-04-21,US,Connecticut,New Haven,5493,322,0,41.408032500000004,-72.93620426,9009.0,5171,5272,301,0,4971,4871,857620,221,21,0,200,401
2020-04-21,US,Connecticut,New London,369,13,0,41.48896435,-72.10430976,9011.0,356,356,13,0,343,339,266784,13,0,0,13,17
2020-04-21,US,Connecticut,Tolland,305,30,0,41.85853803,-72.3308481,9013.0,275,299,27,0,272,276,150921,6,3,0,3,23
2020-04-21,US,Connecticut,Unassigned,503,4,0,0.0,0.0,90009.0,499,514,4,0,510,529,,-11,0,0,-11,-15
2020-04-21,US,Connecticut,Windham,112,2,0,41.82972709,-71.98182316,9015.0,110,108,2,0,106,100,117027,4,0,0,4,8
2020-04-21,US,Delaware,Kent,459,14,0,39.08646628,-75.56884914,10001.0,445,430,13,0,417,417,178550,29,1,0,28,13
2020-04-21,US,Delaware,New Castle,1303,36,0,39.57992638,-75.64054974,10003.0,1267,1229,33,0,1196,1205,559335,74,3,0,71,24
2020-04-21,US,Delaware,Sussex,1139,32,0,38.66143781,-75.39031349,10005.0,1107,1055,26,0,1029,886,229286,84,6,0,78,169
2020-04-21,US,Delaware,Unassigned,30,0,0,0.0,0.0,90010.0,30,31,0,0,31,30,,-1,0,0,-1,1
2020-04-21,US,District of Columbia,District of Columbia,3098,112,0,38.90417773,-77.01655992,11001.0,2986,2927,105,0,2822,2793,702455,171,7,0,164,134
2020-04-21,US,Federal Bureau of Prisons,Inmates,497,22,0,0.0,0.0,0.0,475,,,,,,,,,,,
2020-04-21,US,Federal Bureau of Prisons,Staff,319,0,0,0.0,0.0,0.0,319,,,,,,,,,,,
2020-04-21,US,Florida,Alachua,224,1,0,29.67866525,-82.35928158,12001.0,223,218,0,0,218,210,269956,6,1,0,5,8
2020-04-21,US,Florida,Baker,17,3,0,30.33060121,-82.28467476,12003.0,14,17,3,0,14,17,28355,0,0,0,0,0
2020-04-21,US,Florida,Bay,58,2,0,30.26548745,-85.62122584,12005.0,56,57,2,0,55,55,185287,1,0,0,1,2
2020-04-21,US,Florida,Bradford,42,2,0,29.95079741,-82.16611613,12007.0,40,42,2,0,40,42,27732,0,0,0,0,0
2020-04-21,US,Florida,Brevard,224,7,0,28.29409504,-80.73091022,12009.0,217,218,7,0,211,215,596849,6,0,0,6,3
2020-04-21,US,Florida,Broward,4168,126,0,26.15184651,-80.48725556,12011.0,4042,4078,122,0,3956,3971,1951260,90,4,0,86,107
2020-04-21,US,Florida,Calhoun,6,0,0,30.40666734,-85.19394153,12013.0,6,6,0,0,6,6,14587,0,0,0,0,0
2020-04-21,US,Florida,Charlotte,143,11,0,26.90131002,-81.92949121,12015.0,132,139,11,0,128,138,184998,4,0,0,4,1
2020-04-21,US,Florida,Citrus,92,8,0,28.84804315,-82.47614748,12017.0,84,86,8,0,78,84,147929,6,0,0,6,2
2020-04-21,US,Florida,Clay,256,11,0,29.98319144,-81.85609986,12019.0,245,249,11,0,238,247,216072,7,0,0,7,2
2020-04-21,US,Florida,Collier,477,10,0,26.11091986,-81.34687065,12021.0,467,470,9,0,461,463,378488,7,1,0,6,7
2020-04-21,US,Florida,Columbia,43,0,0,30.22509788,-82.62160164,12023.0,43,40,0,0,40,39,70503,3,0,0,3,1
2020-04-21,US,Florida,DeSoto,24,4,0,27.18677893,-81.80941373,12027.0,20,24,4,0,20,24,37489,0,0,0,0,0
2020-04-21,US,Florida,Dixie,4,0,0,29.60631086,-83.15724673,12029.0,4,4,0,0,4,3,16700,0,0,0,0,1
2020-04-21,US,Florida,Duval,909,17,0,30.33225875,-81.66976468,12031.0,892,896,16,0,880,854,950181,13,1,0,12,42
2020-04-21,US,Florida,Escambia,340,10,0,30.67652764,-87.37284571,12033.0,330,315,8,0,307,309,315534,25,2,0,23,6
2020-04-21,US,Florida,Flagler,78,2,0,29.45933576,-81.31508595,12035.0,76,76,2,0,74,75,112067,2,0,0,2,1
2020-04-21,US,Florida,Franklin,2,0,0,29.83791238,-84.82731662,12037.0,2,2,0,0,2,2,11736,0,0,0,0,0
2020-04-21,US,Florida,Gadsden,57,0,0,30.57796289,-84.61915825,12039.0,57,57,0,0,57,51,45894,0,0,0,0,6
2020-04-21,US,Florida,Gilchrist,4,0,0,29.72856978,-82.79880657,12041.0,4,4,0,0,4,4,18256,0,0,0,0,0
2020-04-21,US,Florida,Glades,5,1,0,26.95635849,-81.18996211,12043.0,4,5,1,0,4,5,13724,0,0,0,0,0
2020-04-21,US,Florida,Gulf,1,0,0,29.93543004,-85.24270990000002,12045.0,1,1,0,0,1,1,16164,0,0,0,0,0
2020-04-21,US,Florida,Hamilton,4,0,0,30.49673973,-82.94998918,12047.0,4,3,0,0,3,3,14310,1,0,0,1,0
2020-04-21,US,Florida,Hardee,4,0,0,27.49293939,-81.80956574,12049.0,4,4,0,0,4,4,27245,0,0,0,0,0
2020-04-21,US,Florida,Hendry,46,1,0,26.55386945,-81.16469006,12051.0,45,44,1,0,43,41,41556,2,0,0,2,3
2020-04-21,US,Florida,Hernando,84,3,0,28.55364461,-82.42700204,12053.0,81,84,3,0,81,84,190865,0,0,0,0,0
2020-04-21,US,Florida,Highlands,71,7,0,27.34254618,-81.34071957,12055.0,64,71,7,0,64,70,105424,0,0,0,0,1
2020-04-21,US,Florida,Hillsborough,979,20,0,27.9276559,-82.32013172,12057.0,959,973,19,0,954,960,1436888,6,1,0,5,13
2020-04-21,US,Florida,Holmes,8,0,0,30.86747479,-85.81319222,12059.0,8,6,0,0,6,6,19477,2,0,0,2,0
2020-04-21,US,Florida,Indian River,85,4,0,27.69308961,-80.60556721,12061.0,81,85,4,0,81,84,157413,0,0,0,0,1
2020-04-21,US,Florida,Jackson,11,0,0,30.795459700000002,-85.21500423,12063.0,11,9,0,0,9,8,48305,2,0,0,2,1
2020-04-21,US,Florida,Jefferson,26,1,0,30.43669112,-83.89442308,12065.0,25,26,1,0,25,26,14288,0,0,0,0,0
2020-04-21,US,Florida,Lafayette,1,0,0,29.98484137,-83.18166636,12067.0,1,1,0,0,1,1,8732,0,0,0,0,0
2020-04-21,US,Florida,Lake,213,7,0,28.76202069,-81.7125123,12069.0,206,211,7,0,204,207,356495,2,0,0,2,4
2020-04-21,US,Florida,Lee,795,29,0,26.58410348,-81.88399313,12071.0,766,785,28,0,757,769,754610,10,1,0,9,16
2020-04-21,US,Florida,Leon,186,1,0,30.45955727,-84.27491114,12073.0,185,184,1,0,183,176,292502,2,0,0,2,8
2020-04-21,US,Florida,Levy,12,0,0,29.31829741,-82.74007147,12075.0,12,13,0,0,13,12,40770,-1,0,0,-1,1
2020-04-21,US,Florida,Liberty,2,0,0,30.23766008,-84.8829258,12077.0,2,2,0,0,2,2,8457,0,0,0,0,0
2020-04-21,US,Florida,Madison,26,2,0,30.44396917,-83.47398594,12079.0,24,23,0,0,23,21,18529,3,2,0,1,2
2020-04-21,US,Florida,Manatee,443,34,0,27.47196942,-82.31831044,12081.0,409,433,33,0,400,417,394855,10,1,0,9,16
2020-04-21,US,Florida,Marion,130,3,0,29.21227113,-82.05803627,12083.0,127,129,3,0,126,121,359977,1,0,0,1,8
2020-04-21,US,Florida,Martin,160,4,0,27.0772071,-80.43109784,12085.0,156,155,4,0,151,151,160912,5,0,0,5,4
2020-04-21,US,Florida,Miami-Dade,10056,233,0,25.6112362,-80.55170587,12086.0,9823,9657,223,0,9434,9354,2761581,399,10,0,389,303
2020-04-21,US,Florida,Monroe,73,3,0,25.20904673,-81.07812416,12087.0,70,73,3,0,70,73,75027,0,0,0,0,0
2020-04-21,US,Florida,Nassau,46,0,0,30.61037141,-81.80297522,12089.0,46,46,0,0,46,44,85832,0,0,0,0,2
2020-04-21,US,Florida,Okaloosa,134,3,0,30.69143028,-86.59267105,12091.0,131,131,3,0,128,131,207269,3,0,0,3,0
2020-04-21,US,Florida,Okeechobee,8,0,0,27.386336199999995,-80.88944347,12093.0,8,7,0,0,7,7,41537,1,0,0,1,0
2020-04-21,US,Florida,Orange,1235,27,0,28.51367621,-81.31799498,12095.0,1208,1216,27,0,1189,1198,1380645,19,0,0,19,18
2020-04-21,US,Florida,Osceola,417,6,0,28.06312234,-81.14882926,12097.0,411,410,5,0,405,409,367990,7,1,0,6,1
2020-04-21,US,Florida,Palm Beach,2320,131,0,26.64676272,-80.46536002,12099.0,2189,2260,122,0,2138,2170,1485941,60,9,0,51,90
2020-04-21,US,Florida,Pasco,213,3,0,28.30810945,-82.40227529,12101.0,210,209,3,0,206,205,539630,4,0,0,4,4
2020-04-21,US,Florida,Pinellas,632,18,0,27.93130349,-82.72239666,12103.0,614,607,16,0,591,592,975280,25,2,0,23,15
2020-04-21,US,Florida,Polk,356,15,0,27.95027105,-81.69732947,12105.0,341,335,14,0,321,326,708009,21,1,0,20,9
2020-04-21,US,Florida,Putnam,59,1,0,29.60779729,-81.74230285,12107.0,58,58,1,0,57,56,74163,1,0,0,1,2
2020-04-21,US,Florida,Santa Rosa,139,6,0,30.69341450000001,-87.02458128,12113.0,133,140,6,0,134,138,179349,-1,0,0,-1,2
2020-04-21,US,Florida,Sarasota,297,30,0,27.18546175,-82.33174248,12115.0,267,291,28,0,263,284,426718,6,2,0,4,7
2020-04-21,US,Florida,Seminole,328,6,0,28.7158582,-81.24060348,12117.0,322,325,5,0,320,320,467832,3,1,0,2,5
2020-04-21,US,Florida,St. Johns,194,4,0,29.90096506,-81.43589967,12109.0,190,192,4,0,188,190,254261,2,0,0,2,2
2020-04-21,US,Florida,St. Lucie,206,16,0,27.37763908,-80.47106649,12111.0,190,204,15,0,189,202,321128,2,1,0,1,2
2020-04-21,US,Florida,Sumter,163,11,0,28.70181754,-82.0794267,12119.0,152,153,11,0,142,147,128754,10,0,0,10,6
2020-04-21,US,Florida,Suwannee,102,9,0,30.19746066,-82.99099670000003,12121.0,93,98,8,0,90,98,44191,4,1,0,3,0
2020-04-21,US,Florida,Taylor,2,0,0,30.04848048,-83.60445406,12123.0,2,2,0,0,2,1,21623,0,0,0,0,1
2020-04-21,US,Florida,Unassigned,4,0,0,0.0,0.0,90012.0,4,3,0,0,3,3,,1,0,0,1,0
2020-04-21,US,Florida,Union,3,0,0,30.04412971,-82.37497443,12125.0,3,2,0,0,2,3,14940,1,0,0,1,-1
2020-04-21,US,Florida,Volusia,366,13,0,29.05858895,-81.18263252,12127.0,353,342,10,0,332,333,547538,24,3,0,21,9
2020-04-21,US,Florida,Wakulla,15,1,0,30.16548905,-84.39895211,12129.0,14,15,1,0,14,14,32461,0,0,0,0,1
2020-04-21,US,Florida,Walton,32,0,0,30.64204028,-86.16935664,12131.0,32,32,0,0,32,32,71375,0,0,0,0,0
2020-04-21,US,Florida,Washington,9,0,0,30.61359259,-85.66002461,12133.0,9,6,0,0,6,6,24880,3,0,0,3,0
2020-04-21,US,Georgia,Appling,21,0,0,31.74847232,-82.28909114,13001.0,21,21,0,0,21,20,18507,0,0,0,0,1
2020-04-21,US,Georgia,Atkinson,5,0,0,31.29633502,-82.87545866,13003.0,5,5,0,0,5,5,8297,0,0,0,0,0
2020-04-21,US,Georgia,Bacon,19,1,0,31.55456473,-82.45936528,13005.0,18,19,1,0,18,18,11185,0,0,0,0,1
2020-04-21,US,Georgia,Baker,20,2,0,31.32669878,-84.44218806,13007.0,18,20,2,0,18,17,3092,0,0,0,0,3
2020-04-21,US,Georgia,Baldwin,132,4,0,33.06882326,-83.24701748,13009.0,128,130,4,0,126,110,44823,2,0,0,2,20
2020-04-21,US,Georgia,Banks,15,0,0,34.35607081,-83.49644388,13011.0,15,15,0,0,15,14,18988,0,0,0,0,1
2020-04-21,US,Georgia,Barrow,99,3,0,33.99148694,-83.71436292,13013.0,96,93,3,0,90,90,80809,6,0,0,6,3
2020-04-21,US,Georgia,Bartow,256,24,0,34.23732119,-84.83887523,13015.0,232,255,24,0,231,248,106408,1,0,0,1,7
2020-04-21,US,Georgia,Ben Hill,19,0,0,31.76095874,-83.22145359,13017.0,19,15,0,0,15,15,16787,4,0,0,4,0
2020-04-21,US,Georgia,Berrien,10,0,0,31.27590016,-83.22529920000002,13019.0,10,10,0,0,10,10,19252,0,0,0,0,0
2020-04-21,US,Georgia,Bibb,203,2,0,32.80904227,-83.70489165,13021.0,201,203,1,0,202,199,153095,0,1,0,-1,4
2020-04-21,US,Georgia,Bleckley,5,0,0,32.43829035,-83.33035166,13023.0,5,5,0,0,5,6,12838,0,0,0,0,-1
2020-04-21,US,Georgia,Brantley,20,2,0,31.19576557,-81.97743999,13025.0,18,20,2,0,18,18,18897,0,0,0,0,2
2020-04-21,US,Georgia,Brooks,30,6,0,30.83922642,-83.58303423,13027.0,24,23,6,0,17,23,15513,7,0,0,7,0
2020-04-21,US,Georgia,Bryan,34,2,0,32.00979311,-81.44002948,13029.0,32,35,2,0,33,33,38109,-1,0,0,-1,2
2020-04-21,US,Georgia,Bulloch,31,2,0,32.39577406,-81.74811421,13031.0,29,30,2,0,28,27,77296,1,0,0,1,3
2020-04-21,US,Georgia,Burke,51,3,0,33.05917989,-81.99928721,13033.0,48,48,3,0,45,47,22423,3,0,0,3,1
2020-04-21,US,Georgia,Butts,82,2,0,33.283094500000004,-83.95435040000002,13035.0,80,80,2,0,78,43,24193,2,0,0,2,37
2020-04-21,US,Georgia,Calhoun,61,2,0,31.53169785,-84.62725131,13037.0,59,61,2,0,59,57,6352,0,0,0,0,4
2020-04-21,US,Georgia,Camden,27,0,0,30.92951916,-81.66601818,13039.0,27,27,0,0,27,28,53677,0,0,0,0,-1
2020-04-21,US,Georgia,Candler,7,0,0,32.40209349,-82.07702563,13043.0,7,7,0,0,7,5,10836,0,0,0,0,2
2020-04-21,US,Georgia,Carroll,307,11,0,33.58138199,-85.07976677,13045.0,296,305,11,0,294,281,118121,2,0,0,2,24
2020-04-21,US,Georgia,Catoosa,26,0,0,34.89872298,-85.13757014,13047.0,26,23,0,0,23,19,67420,3,0,0,3,4
2020-04-21,US,Georgia,Charlton,7,0,0,30.78371028,-82.13951596,13049.0,7,6,0,0,6,6,12968,1,0,0,1,0
2020-04-21,US,Georgia,Chatham,185,6,0,32.00043026,-81.12489526,13051.0,179,185,6,0,179,179,289195,0,0,0,0,6
2020-04-21,US,Georgia,Chattahoochee,7,0,0,32.34341231,-84.78809239,13053.0,7,7,0,0,7,6,10684,0,0,0,0,1
2020-04-21,US,Georgia,Chattooga,10,1,0,34.47197698,-85.34535662,13055.0,9,9,1,0,8,9,24790,1,0,0,1,0
2020-04-21,US,Georgia,Cherokee,322,10,0,34.24393976,-84.47431861,13057.0,312,317,9,0,308,293,254149,5,1,0,4,24
2020-04-21,US,Georgia,Clarke,114,13,0,33.95436462,-83.37124007,13059.0,101,114,13,0,101,108,127330,0,0,0,0,6
2020-04-21,US,Georgia,Clay,20,2,0,31.62221166,-84.97713865,13061.0,18,20,2,0,18,20,2887,0,0,0,0,0
2020-04-21,US,Georgia,Clayton,546,20,0,33.54187245,-84.35594188,13063.0,526,540,20,0,520,519,289615,6,0,0,6,21
2020-04-21,US,Georgia,Clinch,7,0,0,30.91395822,-82.70432472,13065.0,7,7,0,0,7,7,6648,0,0,0,0,0
2020-04-21,US,Georgia,Cobb,1215,59,0,33.94243204,-84.5761255,13067.0,1156,1196,56,0,1140,1125,756865,19,3,0,16,71
2020-04-21,US,Georgia,Coffee,83,4,0,31.54892966,-82.85492059999999,13069.0,79,83,4,0,79,79,43093,0,0,0,0,4
2020-04-21,US,Georgia,Colquitt,154,5,0,31.18810588,-83.7677946,13071.0,149,145,5,0,140,122,45592,9,0,0,9,23
2020-04-21,US,Georgia,Columbia,120,2,0,33.54534185,-82.263524,13073.0,118,116,2,0,114,101,154291,4,0,0,4,15
2020-04-21,US,Georgia,Cook,13,1,0,31.16068491,-83.42947229,13075.0,12,13,1,0,12,12,17162,0,0,0,0,1
2020-04-21,US,Georgia,Coweta,170,4,0,33.35334302,-84.76129976,13077.0,166,169,4,0,165,161,145864,1,0,0,1,8
2020-04-21,US,Georgia,Crawford,14,0,0,32.71391813,-83.98061238,13079.0,14,14,0,0,14,13,12318,0,0,0,0,1
2020-04-21,US,Georgia,Crisp,125,2,0,31.92289565,-83.76811843,13081.0,123,125,2,0,123,118,22601,0,0,0,0,7
2020-04-21,US,Georgia,Dade,12,1,0,34.854916700000004,-85.50490424,13083.0,11,10,1,0,9,8,16226,2,0,0,2,2
2020-04-21,US,Georgia,Dawson,45,1,0,34.44244079,-84.16964071,13085.0,44,45,1,0,44,44,25083,0,0,0,0,1
2020-04-21,US,Georgia,DeKalb,1534,29,0,33.76944049,-84.22396017,13089.0,1505,1521,27,0,1494,1452,756558,13,2,0,11,69
2020-04-21,US,Georgia,Decatur,59,1,0,30.87967778,-84.57619536,13087.0,58,61,1,0,60,61,26575,-2,0,0,-2,0
2020-04-21,US,Georgia,Dodge,19,0,0,32.17265114,-83.16948926,13091.0,19,19,0,0,19,19,20705,0,0,0,0,0
2020-04-21,US,Georgia,Dooly,73,5,0,32.15630737,-83.79746561,13093.0,68,71,5,0,66,70,13706,2,0,0,2,1
2020-04-21,US,Georgia,Dougherty,1446,103,0,31.53328528,-84.21722377,13095.0,1343,1436,98,0,1338,1422,91243,10,5,0,5,14
2020-04-21,US,Georgia,Douglas,244,7,0,33.70291126,-84.77026156,13097.0,237,243,6,0,237,230,145331,1,1,0,0,13
2020-04-21,US,Georgia,Early,173,10,0,31.32155345,-84.90255207,13099.0,163,173,10,0,163,169,10247,0,0,0,0,4
2020-04-21,US,Georgia,Echols,4,0,0,30.71101099,-82.89687287,13101.0,4,4,0,0,4,4,4000,0,0,0,0,0
2020-04-21,US,Georgia,Effingham,29,1,0,32.36616021,-81.34280942,13103.0,28,27,1,0,26,26,62190,2,0,0,2,1
2020-04-21,US,Georgia,Elbert,7,0,0,34.11302332,-82.83936148,13105.0,7,7,0,0,7,7,19120,0,0,0,0,0
2020-04-21,US,Georgia,Emanuel,14,0,0,32.59221302,-82.30239915,13107.0,14,14,0,0,14,12,22612,0,0,0,0,2
2020-04-21,US,Georgia,Evans,4,0,0,32.15328841,-81.8870105,13109.0,4,3,0,0,3,2,10721,1,0,0,1,1
2020-04-21,US,Georgia,Fannin,19,1,0,34.86430205,-84.316964,13111.0,18,19,1,0,18,16,25964,0,0,0,0,3
2020-04-21,US,Georgia,Fayette,144,8,0,33.41357794,-84.49089434,13113.0,136,143,8,0,135,139,113459,1,0,0,1,4
2020-04-21,US,Georgia,Floyd,127,9,0,34.26268279,-85.21577392,13115.0,118,126,9,0,117,122,97927,1,0,0,1,4
2020-04-21,US,Georgia,Forsyth,213,8,0,34.22604035,-84.12315129999998,13117.0,205,211,7,0,204,200,236612,2,1,0,1,11
2020-04-21,US,Georgia,Franklin,12,0,0,34.37525597,-83.23159927,13119.0,12,12,0,0,12,10,23023,0,0,0,0,2
2020-04-21,US,Georgia,Fulton,2208,82,0,33.79216944,-84.46319413,13121.0,2126,2198,80,0,2118,2110,1050114,10,2,0,8,88
2020-04-21,US,Georgia,Gilmer,18,0,0,34.69316688,-84.45802506,13123.0,18,15,0,0,15,11,30816,3,0,0,3,4
2020-04-21,US,Georgia,Glynn,49,0,0,31.23279254,-81.53811412,13127.0,49,49,0,0,49,49,85219,0,0,0,0,0
2020-04-21,US,Georgia,Gordon,66,6,0,34.50487351,-84.87296253,13129.0,60,67,6,0,61,64,57685,-1,0,0,-1,3
2020-04-21,US,Georgia,Grady,34,1,0,30.87454847,-84.23418364,13131.0,33,34,1,0,33,31,24748,0,0,0,0,3
2020-04-21,US,Georgia,Greene,45,1,0,33.5769205,-83.17139104,13133.0,44,45,1,0,44,43,17698,0,0,0,0,2
2020-04-21,US,Georgia,Gwinnett,1222,42,0,33.96044201,-84.02137802,13135.0,1180,1181,42,0,1139,1099,927781,41,0,0,41,82
2020-04-21,US,Georgia,Habersham,107,2,0,34.63331566,-83.53094677,13137.0,105,99,3,0,96,74,45388,8,-1,0,9,25
2020-04-21,US,Georgia,Hall,720,9,0,34.32207823,-83.81896936,13139.0,711,702,9,0,693,621,202148,18,0,0,18,81
2020-04-21,US,Georgia,Hancock,10,0,0,33.2721566,-82.99766919,13141.0,10,10,0,0,10,7,8348,0,0,0,0,3
2020-04-21,US,Georgia,Haralson,23,1,0,33.79602175,-85.21005667,13143.0,22,22,1,0,21,20,29533,1,0,0,1,2
2020-04-21,US,Georgia,Harris,44,2,0,32.73709786,-84.90538572,13145.0,42,45,2,0,43,39,34475,-1,0,0,-1,6
2020-04-21,US,Georgia,Hart,6,0,0,34.34626973,-82.96567682,13147.0,6,6,0,0,6,6,26099,0,0,0,0,0
2020-04-21,US,Georgia,Heard,7,1,0,33.29686567,-85.12886832,13149.0,6,7,1,0,6,8,11879,0,0,0,0,-1
2020-04-21,US,Georgia,Henry,384,11,0,33.4533428,-84.14814659999998,13151.0,373,382,11,0,371,367,230220,2,0,0,2,15
2020-04-21,US,Georgia,Houston,185,12,0,32.45802497,-83.66879087,13153.0,173,182,11,0,171,166,155469,3,1,0,2,16
2020-04-21,US,Georgia,Irwin,15,0,0,31.60213036,-83.27501387,13155.0,15,15,0,0,15,15,9398,0,0,0,0,0
2020-04-21,US,Georgia,Jackson,56,1,0,34.13794553,-83.56814788,13157.0,55,55,1,0,54,48,70422,1,0,0,1,7
2020-04-21,US,Georgia,Jasper,17,0,0,33.31535543,-83.68844964,13159.0,17,18,0,0,18,17,14040,-1,0,0,-1,1
2020-04-21,US,Georgia,Jeff Davis,7,1,0,31.80405727,-82.63724870000001,13161.0,6,7,1,0,6,6,15029,0,0,0,0,1
2020-04-21,US,Georgia,Jefferson,11,1,0,33.05867328,-82.41609057,13163.0,10,11,1,0,10,11,15430,0,0,0,0,0
2020-04-21,US,Georgia,Jenkins,13,1,0,32.79248718,-81.96040187,13165.0,12,13,1,0,12,12,8683,0,0,0,0,1
2020-04-21,US,Georgia,Johnson,34,1,0,32.70211082,-82.66166794,13167.0,33,34,1,0,33,33,9708,0,0,0,0,1
2020-04-21,US,Georgia,Jones,20,0,0,33.02512137,-83.56019163,13169.0,20,20,0,0,20,17,28616,0,0,0,0,3
2020-04-21,US,Georgia,Lamar,29,0,0,33.07841647,-84.14263877,13171.0,29,27,0,0,27,25,19000,2,0,0,2,2
2020-04-21,US,Georgia,Lanier,7,1,0,31.03828570000001,-83.06472457,13173.0,6,7,1,0,6,6,10340,0,0,0,0,1
2020-04-21,US,Georgia,Laurens,43,1,0,32.46325233,-82.92221316,13175.0,42,43,1,0,42,43,47325,0,0,0,0,0
2020-04-21,US,Georgia,Lee,277,17,0,31.779330600000005,-84.14324253,13177.0,260,276,16,0,260,272,29764,1,1,0,0,4
2020-04-21,US,Georgia,Liberty,34,0,0,31.82588896,-81.49251135,13179.0,34,34,0,0,34,32,61497,0,0,0,0,2
2020-04-21,US,Georgia,Lincoln,9,0,0,33.79201475,-82.45024131,13181.0,9,9,0,0,9,9,7915,0,0,0,0,0
2020-04-21,US,Georgia,Long,2,0,0,31.75218791,-81.74952375,13183.0,2,2,0,0,2,2,18998,0,0,0,0,0
2020-04-21,US,Georgia,Lowndes,105,3,0,30.83568832,-83.27056716,13185.0,102,101,3,0,98,95,116321,4,0,0,4,6
2020-04-21,US,Georgia,Lumpkin,25,0,0,34.57286511,-84.00425681,13187.0,25,24,0,0,24,23,32955,1,0,0,1,1
2020-04-21,US,Georgia,Macon,55,1,0,32.35207048,-84.04234127,13193.0,54,53,1,0,52,49,13143,2,0,0,2,4
2020-04-21,US,Georgia,Madison,16,1,0,34.12920917,-83.21218732,13195.0,15,15,1,0,14,14,29650,1,0,0,1,1
2020-04-21,US,Georgia,Marion,29,1,0,32.3483402,-84.52733571,13197.0,28,29,1,0,28,28,8351,0,0,0,0,1
2020-04-21,US,Georgia,McDuffie,37,3,0,33.47851918,-82.48252774,13189.0,34,37,3,0,34,37,21531,0,0,0,0,0
2020-04-21,US,Georgia,McIntosh,4,0,0,31.49683595,-81.40163426,13191.0,4,4,0,0,4,4,14340,0,0,0,0,0
2020-04-21,US,Georgia,Meriwether,47,0,0,33.04163534,-84.68859732,13199.0,47,46,0,0,46,42,21068,1,0,0,1,4
2020-04-21,US,Georgia,Miller,23,0,0,31.16568912,-84.73151117,13201.0,23,23,0,0,23,22,5686,0,0,0,0,1
2020-04-21,US,Georgia,Mitchell,214,23,0,31.22483255,-84.19381821,13205.0,191,210,23,0,187,213,22192,4,0,0,4,-3
2020-04-21,US,Georgia,Monroe,15,0,0,33.014289,-83.92097166,13207.0,15,15,1,0,14,15,27520,0,-1,0,1,0
2020-04-21,US,Georgia,Montgomery,2,0,0,32.17201038,-82.53527476,13209.0,2,2,0,0,2,2,9193,0,0,0,0,0
2020-04-21,US,Georgia,Morgan,22,0,0,33.59232073,-83.49129491,13211.0,22,22,0,0,22,21,18853,0,0,0,0,1
2020-04-21,US,Georgia,Murray,19,0,0,34.78897608,-84.74993177,13213.0,19,18,0,0,18,18,39921,1,0,0,1,0
2020-04-21,US,Georgia,Muscogee,234,4,0,32.50931999,-84.87142262,13215.0,230,229,4,0,225,219,194160,5,0,0,5,10
2020-04-21,US,Georgia,Newton,139,4,0,33.55514538,-83.84547140000002,13217.0,135,139,3,0,136,128,109541,0,1,0,-1,11
2020-04-21,US,Georgia,Oconee,53,0,0,33.83749973,-83.43679568,13219.0,53,51,0,0,51,50,39272,2,0,0,2,1
2020-04-21,US,Georgia,Oglethorpe,34,3,0,33.878629600000004,-83.08278123,13221.0,31,34,2,0,32,32,15054,0,1,0,-1,2
2020-04-21,US,Georgia,Out of GA,970,7,0,0.0,0.0,80013.0,963,951,7,0,944,868,,19,0,0,19,83
2020-04-21,US,Georgia,Paulding,143,7,0,33.91969522,-84.86848792,13223.0,136,141,7,0,134,133,164044,2,0,0,2,8
2020-04-21,US,Georgia,Peach,35,2,0,32.56934316,-83.82937,13225.0,33,35,2,0,33,32,27297,0,0,0,0,3
2020-04-21,US,Georgia,Pickens,18,2,0,34.46589159,-84.46406611,13227.0,16,18,2,0,16,18,31980,0,0,0,0,0
2020-04-21,US,Georgia,Pierce,51,2,0,31.35928155,-82.21598442,13229.0,49,51,2,0,49,51,19389,0,0,0,0,0
2020-04-21,US,Georgia,Pike,34,2,0,33.09310242,-84.38790389,13231.0,32,33,2,0,31,32,18634,1,0,0,1,1
2020-04-21,US,Georgia,Polk,36,0,0,34.00267074,-85.18677781,13233.0,36,36,0,0,36,30,42470,0,0,0,0,6
2020-04-21,US,Georgia,Pulaski,17,1,0,32.23334561,-83.47549959999998,13235.0,16,18,1,0,17,16,11069,-1,0,0,-1,2
2020-04-21,US,Georgia,Putnam,26,2,0,33.32056115,-83.37552891,13237.0,24,25,2,0,23,21,21809,1,0,0,1,4
2020-04-21,US,Georgia,Quitman,3,1,0,31.86728114,-85.01773177,13239.0,2,3,1,0,2,3,2279,0,0,0,0,0
2020-04-21,US,Georgia,Rabun,8,0,0,34.88389445,-83.40304637,13241.0,8,8,0,0,8,7,16867,0,0,0,0,1
2020-04-21,US,Georgia,Randolph,146,16,0,31.76622818,-84.75732369,13243.0,130,145,15,0,130,141,6833,1,1,0,0,4
2020-04-21,US,Georgia,Richmond,295,12,0,33.35777107,-82.07026432,13245.0,283,283,11,0,272,264,201554,12,1,0,11,19
2020-04-21,US,Georgia,Rockdale,140,6,0,33.65145002,-84.02202167,13247.0,134,140,6,0,134,128,90594,0,0,0,0,12
2020-04-21,US,Georgia,Schley,16,1,0,32.2654021,-84.31258912,13249.0,15,16,1,0,15,16,5236,0,0,0,0,0
2020-04-21,US,Georgia,Screven,12,1,0,32.74976524,-81.60779441,13251.0,11,11,1,0,10,11,13938,1,0,0,1,0
2020-04-21,US,Georgia,Seminole,25,2,0,30.93464824,-84.86823924,13253.0,23,25,2,0,23,21,8315,0,0,0,0,4
2020-04-21,US,Georgia,Spalding,136,7,0,33.26310031,-84.28013991,13255.0,129,135,7,0,128,128,66100,1,0,0,1,7
2020-04-21,US,Georgia,Stephens,41,1,0,34.55151201,-83.29405315,13257.0,40,40,1,0,39,35,26035,1,0,0,1,5
2020-04-21,US,Georgia,Stewart,17,0,0,32.07996777,-84.83208037,13259.0,17,17,0,0,17,15,6199,0,0,0,0,2
2020-04-21,US,Georgia,Sumter,333,18,0,32.03650571,-84.19821492,13261.0,315,332,18,0,314,332,29733,1,0,0,1,0
2020-04-21,US,Georgia,Talbot,20,1,0,32.69642758,-84.53351366,13263.0,19,19,1,0,18,16,6272,1,0,0,1,3
2020-04-21,US,Georgia,Tattnall,5,0,0,32.04785085,-82.05539188,13267.0,5,5,0,0,5,5,25391,0,0,0,0,0
2020-04-21,US,Georgia,Taylor,13,2,0,32.55792548,-84.25077141,13269.0,11,13,2,0,11,11,8039,0,0,0,0,2
2020-04-21,US,Georgia,Telfair,15,0,0,31.92829517,-82.93491155,13271.0,15,15,0,0,15,14,15876,0,0,0,0,1
2020-04-21,US,Georgia,Terrell,156,18,0,31.77527543,-84.44069698,13273.0,138,150,18,0,132,148,8611,6,0,0,6,2
2020-04-21,US,Georgia,Thomas,133,14,0,30.86392347,-83.91847289,13275.0,119,126,13,0,113,127,44448,7,1,0,6,-1
2020-04-21,US,Georgia,Tift,93,4,0,31.45743864,-83.5236119,13277.0,89,92,3,0,89,86,40571,1,1,0,0,6
2020-04-21,US,Georgia,Toombs,20,3,0,32.12059861,-82.32957247,13279.0,17,20,3,0,17,20,26887,0,0,0,0,0
2020-04-21,US,Georgia,Towns,15,0,0,34.91369188,-83.74107459999998,13281.0,15,15,0,0,15,13,11852,0,0,0,0,2
2020-04-21,US,Georgia,Treutlen,2,0,0,32.40422134,-82.56904553,13283.0,2,2,0,0,2,1,6809,0,0,0,0,1
2020-04-21,US,Georgia,Troup,105,4,0,33.03349196,-85.02812115,13285.0,101,100,4,0,96,87,70034,5,0,0,5,13
2020-04-21,US,Georgia,Turner,59,4,0,31.71612656,-83.62069378,13287.0,55,59,4,0,55,56,7912,0,0,0,0,3
2020-04-21,US,Georgia,Twiggs,4,0,0,32.67435595,-83.43078662,13289.0,4,4,0,0,4,4,8188,0,0,0,0,0
2020-04-21,US,Georgia,Unassigned,470,0,0,0.0,0.0,90013.0,470,296,2,0,294,254,,174,-2,0,176,42
2020-04-21,US,Georgia,Union,15,1,0,34.82995757,-83.98967069,13291.0,14,16,1,0,15,14,24001,-1,0,0,-1,2
2020-04-21,US,Georgia,Upson,179,11,0,32.87920671,-84.30024826,13293.0,168,175,10,0,165,170,26215,4,1,0,3,5
2020-04-21,US,Georgia,Walker,28,0,0,34.73376362,-85.30165174,13295.0,28,19,0,0,19,15,69410,9,0,0,9,4
2020-04-21,US,Georgia,Walton,64,3,0,33.78017694,-83.73552314,13297.0,61,63,3,0,60,60,93503,1,0,0,1,3
2020-04-21,US,Georgia,Ware,92,7,0,31.05449097,-82.42224148,13299.0,85,88,6,0,82,85,35680,4,1,0,3,3
2020-04-21,US,Georgia,Warren,10,0,0,33.41146451,-82.67795848,13301.0,10,10,0,0,10,10,5251,0,0,0,0,0
2020-04-21,US,Georgia,Washington,25,1,0,32.96711864,-82.79357039,13303.0,24,25,1,0,24,25,20386,0,0,0,0,0
2020-04-21,US,Georgia,Wayne,9,0,0,31.5521809,-81.91894878,13305.0,9,8,0,0,8,7,29808,1,0,0,1,1
2020-04-21,US,Georgia,Webster,7,0,0,32.04066113,-84.54742852,13307.0,7,6,0,0,6,5,2611,1,0,0,1,1
2020-04-21,US,Georgia,Wheeler,3,0,0,32.12009104,-82.72574721,13309.0,3,3,0,0,3,3,7879,0,0,0,0,0
2020-04-21,US,Georgia,White,31,0,0,34.64624278,-83.74905525,13311.0,31,30,0,0,30,20,29970,1,0,0,1,10
2020-04-21,US,Georgia,Whitfield,46,4,0,34.80987459,-84.96093476,13313.0,42,45,4,0,41,43,104062,1,0,0,1,2
2020-04-21,US,Georgia,Wilcox,45,5,0,31.97496928,-83.43438555,13315.0,40,44,4,0,40,43,8812,1,1,0,0,1
2020-04-21,US,Georgia,Wilkes,19,0,0,33.78290391,-82.74286107,13317.0,19,18,0,0,18,17,9876,1,0,0,1,1
2020-04-21,US,Georgia,Wilkinson,22,2,0,32.80291082,-83.17140684,13319.0,20,22,2,0,20,20,9036,0,0,0,0,2
2020-04-21,US,Georgia,Worth,129,8,0,31.55162306,-83.85090513,13321.0,121,128,8,0,120,121,20299,1,0,0,1,7
2020-04-21,US,Hawaii,Hawaii,64,0,0,19.60121157,-155.5210167,15001.0,64,64,0,0,64,62,200983,0,0,0,0,2
2020-04-21,US,Hawaii,Honolulu,385,6,0,21.45803166,-157.97121819999995,15003.0,379,385,6,0,379,385,980080,0,0,0,0,0
2020-04-21,US,Hawaii,Kauai,21,0,0,22.03935037,-159.5966786,15007.0,21,21,0,0,21,21,72133,0,0,0,0,0
2020-04-21,US,Hawaii,Maui,110,4,0,20.86399628,-156.56890969999995,15009.0,106,108,4,0,104,106,167207,2,0,0,2,2
2020-04-21,US,Hawaii,Out of HI,6,0,0,0.0,0.0,80015.0,6,6,0,0,6,6,,0,0,0,0,0
2020-04-21,US,Idaho,Ada,616,12,0,43.4526575,-116.24155159999998,16001.0,604,598,10,0,588,598,469966,18,2,0,16,0
2020-04-21,US,Idaho,Adams,3,0,0,44.89333571,-116.4545247,16003.0,3,1,0,0,1,1,4250,2,0,0,2,0
2020-04-21,US,Idaho,Bannock,8,0,0,42.67002716,-112.2233311,16005.0,8,8,0,0,8,8,87138,0,0,0,0,0
2020-04-21,US,Idaho,Bingham,3,0,0,43.21672879999999,-112.3978437,16011.0,3,3,0,0,3,3,46236,0,0,0,0,0
2020-04-21,US,Idaho,Blaine,478,5,0,43.4085812,-113.9752658,16013.0,473,476,5,0,471,475,22601,2,0,0,2,1
2020-04-21,US,Idaho,Bonner,4,0,0,48.29996017,-116.6017932,16017.0,4,4,0,0,4,4,44727,0,0,0,0,0
2020-04-21,US,Idaho,Bonneville,24,0,0,43.38713372,-111.6161537,16019.0,24,24,0,0,24,24,116854,0,0,0,0,0
2020-04-21,US,Idaho,Camas,1,0,0,43.46665742,-114.8065892,16025.0,1,1,0,0,1,1,1127,0,0,0,0,0
2020-04-21,US,Idaho,Canyon,207,5,0,43.61970148,-116.70954990000001,16027.0,202,187,5,0,182,187,223499,20,0,0,20,0
2020-04-21,US,Idaho,Caribou,1,0,0,42.77149116,-111.5597683,16029.0,1,1,0,0,1,1,7060,0,0,0,0,0
2020-04-21,US,Idaho,Cassia,11,1,0,42.28347888,-113.6012409,16031.0,10,10,1,0,9,10,23864,1,0,0,1,0
2020-04-21,US,Idaho,Custer,2,0,0,44.24186819,-114.2855494,16037.0,2,2,0,0,2,2,4280,0,0,0,0,0
2020-04-21,US,Idaho,Elmore,24,1,0,43.3507101,-115.4701578,16039.0,23,22,0,0,22,22,27259,2,1,0,1,0
2020-04-21,US,Idaho,Fremont,2,0,0,44.22800938,-111.48099429999999,16043.0,2,2,0,0,2,2,13168,0,0,0,0,0
2020-04-21,US,Idaho,Gem,10,0,0,44.06482372,-116.398376,16045.0,10,10,0,0,10,10,17634,0,0,0,0,0
2020-04-21,US,Idaho,Gooding,8,0,0,42.96927962,-114.81083059999999,16047.0,8,8,0,0,8,8,15196,0,0,0,0,0
2020-04-21,US,Idaho,Idaho,3,0,0,45.84721541,-115.4634436,16049.0,3,3,0,0,3,3,16513,0,0,0,0,0
2020-04-21,US,Idaho,Jefferson,5,0,0,43.82078483,-112.3131749,16051.0,5,5,0,0,5,5,29439,0,0,0,0,0
2020-04-21,US,Idaho,Jerome,44,2,0,42.68891267,-114.2655033,16053.0,42,44,2,0,42,44,24015,0,0,0,0,0
2020-04-21,US,Idaho,Kootenai,52,0,0,47.67282258,-116.7020872,16055.0,52,51,0,0,51,50,161505,1,0,0,1,1
2020-04-21,US,Idaho,Latah,4,0,0,46.81587887,-116.71136979999999,16057.0,4,3,0,0,3,3,40134,1,0,0,1,0
2020-04-21,US,Idaho,Lincoln,17,0,0,43.0012336,-114.1358773,16063.0,17,17,0,0,17,17,5360,0,0,0,0,0
2020-04-21,US,Idaho,Madison,8,0,0,43.78141028,-111.65384740000002,16065.0,8,8,0,0,8,8,39304,0,0,0,0,0
2020-04-21,US,Idaho,Minidoka,10,0,0,42.85518524,-113.6357257,16067.0,10,10,0,0,10,10,20825,0,0,0,0,0
2020-04-21,US,Idaho,Nez Perce,40,11,0,46.32638236,-116.75009750000001,16069.0,29,30,11,0,19,30,40408,10,0,0,10,0
2020-04-21,US,Idaho,Owyhee,4,0,0,42.58016894,-116.16938710000001,16073.0,4,4,0,0,4,4,11693,0,0,0,0,0
2020-04-21,US,Idaho,Payette,11,1,0,44.00545243,-116.7647695,16075.0,10,10,1,0,9,10,23551,1,0,0,1,0
2020-04-21,US,Idaho,Power,2,0,0,42.69254894,-112.83957420000002,16077.0,2,2,0,0,2,2,7768,0,0,0,0,0
2020-04-21,US,Idaho,Teton,8,0,0,43.75303583,-111.2056773,16081.0,8,8,0,0,8,8,11640,0,0,0,0,0
2020-04-21,US,Idaho,Twin Falls,123,10,0,42.35440512,-114.6685381,16083.0,113,117,10,0,107,115,86081,6,0,0,6,2
2020-04-21,US,Idaho,Valley,2,0,0,44.76728382,-115.5676773,16085.0,2,2,0,0,2,2,11041,0,0,0,0,0
2020-04-21,US,Idaho,Washington,1,0,0,44.45275475,-116.78476880000001,16087.0,1,1,0,0,1,1,10161,0,0,0,0,0
2020-04-21,US,Illinois,Adams,29,0,0,39.98815591,-91.18786813,17001.0,29,34,0,0,34,34,65691,-5,0,0,-5,0
2020-04-21,US,Illinois,Alexander,2,0,0,37.18049267,-89.32910838,17003.0,2,2,0,0,2,2,6060,0,0,0,0,0
2020-04-21,US,Illinois,Bond,4,1,0,38.88829622,-89.43534887,17005.0,3,4,1,0,3,4,16630,0,0,0,0,0
2020-04-21,US,Illinois,Boone,35,6,0,42.32359279,-88.82345779,17007.0,29,33,3,0,30,30,53577,2,3,0,-1,3
2020-04-21,US,Illinois,Bureau,8,0,0,41.40385234,-89.5283051,17011.0,8,8,0,0,8,8,32993,0,0,0,0,0
2020-04-21,US,Illinois,Calhoun,1,0,0,39.16840183,-90.66330078,17013.0,1,1,0,0,1,1,4802,0,0,0,0,0
2020-04-21,US,Illinois,Carroll,7,2,0,42.06823429,-89.93395545,17015.0,5,6,1,0,5,6,14312,1,1,0,0,0
2020-04-21,US,Illinois,Cass,6,0,0,39.96991073,-90.24734436,17017.0,6,,,,,,12260,,,,,
2020-04-21,US,Illinois,Champaign,97,4,0,40.13919438,-88.20046615,17019.0,93,95,4,0,91,95,209983,2,0,0,2,0
2020-04-21,US,Illinois,Christian,26,4,0,39.54581621,-89.27780482,17021.0,22,27,4,0,23,25,32661,-1,0,0,-1,2
2020-04-21,US,Illinois,Clark,4,0,0,39.33425789,-87.78705622,17023.0,4,4,0,0,4,4,15596,0,0,0,0,0
2020-04-21,US,Illinois,Clay,1,0,0,38.75388572,-88.48914513,17025.0,1,1,0,0,1,1,13253,0,0,0,0,0
2020-04-21,US,Illinois,Clinton,46,0,0,38.60704876,-89.42385254,17027.0,46,45,0,0,45,45,37639,1,0,0,1,0
2020-04-21,US,Illinois,Coles,17,0,0,39.51949084,-88.22358557,17029.0,17,16,0,0,16,16,50885,1,0,0,1,0
2020-04-21,US,Illinois,Cook,23181,1002,0,41.84144849,-87.81658794,17031.0,22179,22101,915,0,21186,21272,5180493,1080,87,0,993,829
2020-04-21,US,Illinois,Crawford,7,0,0,39.0032229,-87.75954624,17033.0,7,4,0,0,4,4,18807,3,0,0,3,0
2020-04-21,US,Illinois,Cumberland,2,0,0,39.27432424,-88.2401158,17035.0,2,2,0,0,2,2,10808,0,0,0,0,0
2020-04-21,US,Illinois,De Witt,1,0,0,40.17514519,-88.90959682,17039.0,1,1,0,0,1,1,15769,0,0,0,0,0
2020-04-21,US,Illinois,DeKalb,56,1,0,41.89373302,-88.76958483,17037.0,55,55,1,0,54,55,104143,1,0,0,1,0
2020-04-21,US,Illinois,Douglas,12,0,0,39.76768052,-88.21854195,17041.0,12,12,0,0,12,12,19479,0,0,0,0,0
2020-04-21,US,Illinois,DuPage,1864,98,0,41.85116968,-88.08642662,17043.0,1766,1761,90,0,1671,1695,928589,103,8,0,95,66
2020-04-21,US,Illinois,Effingham,5,1,0,39.05935711,-88.58969584,17049.0,4,4,1,0,3,4,34208,1,0,0,1,0
2020-04-21,US,Illinois,Fayette,15,1,0,39.00072038,-89.02452658,17051.0,14,15,1,0,14,15,21416,0,0,0,0,0
2020-04-21,US,Illinois,Ford,6,1,0,40.59706922,-88.22350769,17053.0,5,6,1,0,5,5,13264,0,0,0,0,1
2020-04-21,US,Illinois,Franklin,6,0,0,37.99189086,-88.92567818,17055.0,6,5,0,0,5,5,38701,1,0,0,1,0
2020-04-21,US,Illinois,Fulton,1,0,0,40.47289135,-90.20862357,17057.0,1,1,0,0,1,1,34844,0,0,0,0,0
2020-04-21,US,Illinois,Gallatin,2,0,0,37.76430935,-88.22953869,17059.0,2,2,0,0,2,2,5058,0,0,0,0,0
2020-04-21,US,Illinois,Greene,1,0,0,39.35907414,-90.388865,17061.0,1,1,0,0,1,1,13044,0,0,0,0,0
2020-04-21,US,Illinois,Grundy,26,0,0,41.28569601,-88.41905692,17063.0,26,26,0,0,26,26,50972,0,0,0,0,0
2020-04-21,US,Illinois,Hamilton,2,0,0,38.08163641,-88.53883373,17065.0,2,1,0,0,1,1,8163,1,0,0,1,0
2020-04-21,US,Illinois,Hancock,4,0,0,40.40423981,-91.16313899,17067.0,4,3,0,0,3,3,17844,1,0,0,1,0
2020-04-21,US,Illinois,Henderson,2,0,0,40.81908672,-90.92491462,17071.0,2,2,0,0,2,2,6709,0,0,0,0,0
2020-04-21,US,Illinois,Henry,31,0,0,41.3533994,-90.13296166,17073.0,31,30,0,0,30,30,49090,1,0,0,1,0
2020-04-21,US,Illinois,Iroquois,14,0,0,40.74717633,-87.82466784,17075.0,14,13,0,0,13,13,27604,1,0,0,1,0
2020-04-21,US,Illinois,Jackson,48,6,0,37.78595185,-89.38232563,17077.0,42,44,5,0,39,42,57419,4,1,0,3,2
2020-04-21,US,Illinois,Jasper,36,2,0,39.01054275,-88.15437049,17079.0,34,20,2,0,18,20,9611,16,0,0,16,0
2020-04-21,US,Illinois,Jefferson,34,0,0,38.29980057,-88.9240025,17081.0,34,32,0,0,32,31,37820,2,0,0,2,1
2020-04-21,US,Illinois,Jersey,10,0,0,39.08869046,-90.35393073,17083.0,10,8,0,0,8,8,21847,2,0,0,2,0
2020-04-21,US,Illinois,Jo Daviess,12,0,0,42.36542373,-90.21094405,17085.0,12,12,0,0,12,12,21366,0,0,0,0,0
2020-04-21,US,Illinois,Johnson,2,0,0,37.45939802,-88.88165419,17087.0,2,2,0,0,2,2,12456,0,0,0,0,0
2020-04-21,US,Illinois,Kane,684,33,0,41.93842729,-88.42861412,17089.0,651,638,31,0,607,605,534216,46,2,0,44,33
2020-04-21,US,Illinois,Kankakee,278,13,0,41.13746989,-87.86205334,17091.0,265,278,12,0,266,275,110024,0,1,0,-1,3
2020-04-21,US,Illinois,Kendall,146,3,0,41.59081014,-88.42869583,17093.0,143,138,3,0,135,135,127915,8,0,0,8,3
2020-04-21,US,Illinois,Knox,11,0,0,40.93148779,-90.21330340000002,17095.0,11,10,0,0,10,9,50112,1,0,0,1,1
2020-04-21,US,Illinois,LaSalle,33,1,0,41.34426129999999,-88.88633881,17099.0,32,30,1,0,29,28,109430,3,0,0,3,2
2020-04-21,US,Illinois,Lake,2287,87,0,42.3224907,-88.00367925,17097.0,2200,2216,82,0,2134,2162,700832,71,5,0,66,54
2020-04-21,US,Illinois,Lawrence,2,0,0,38.71987914,-87.72884035,17101.0,2,2,0,0,2,2,15765,0,0,0,0,0
2020-04-21,US,Illinois,Lee,17,0,0,41.74583951,-89.29977132,17103.0,17,17,0,0,17,17,34223,0,0,0,0,0
2020-04-21,US,Illinois,Livingston,18,1,0,40.89188292,-88.55784752,17105.0,17,17,0,0,17,17,35761,1,1,0,0,0
2020-04-21,US,Illinois,Logan,4,0,0,40.12581572,-89.36638784,17107.0,4,4,0,0,4,4,28925,0,0,0,0,0
2020-04-21,US,Illinois,Macon,60,9,0,39.86064913,-88.96342505,17115.0,51,55,9,0,46,54,104712,5,0,0,5,1
2020-04-21,US,Illinois,Macoupin,22,0,0,39.26119767,-89.92424028,17117.0,22,21,0,0,21,21,45313,1,0,0,1,0
2020-04-21,US,Illinois,Madison,190,10,0,38.83042506,-89.90422563,17119.0,180,184,8,0,176,180,264461,6,2,0,4,4
2020-04-21,US,Illinois,Marion,25,0,0,38.64963204,-88.91899208,17121.0,25,20,0,0,20,20,37620,5,0,0,5,0
2020-04-21,US,Illinois,Marshall,4,0,0,41.0327901,-89.34510444,17123.0,4,4,0,0,4,4,11534,0,0,0,0,0
2020-04-21,US,Illinois,Mason,5,0,0,40.23917274,-89.91824452,17125.0,5,5,0,0,5,4,13565,0,0,0,0,1
2020-04-21,US,Illinois,Massac,3,0,0,37.22078441,-88.71036614,17127.0,3,3,0,0,3,3,14080,0,0,0,0,0
2020-04-21,US,Illinois,McDonough,3,0,0,40.45674722,-90.67775541,17109.0,3,3,0,0,3,3,29955,0,0,0,0,0
2020-04-21,US,Illinois,McHenry,368,20,0,42.32451172,-88.45248227,17111.0,348,351,17,0,334,340,308570,17,3,0,14,11
2020-04-21,US,Illinois,McLean,86,3,0,40.48996987,-88.84621113,17113.0,83,86,3,0,83,85,172828,0,0,0,0,1
2020-04-21,US,Illinois,Menard,3,0,0,40.02742725,-89.80246001,17129.0,3,3,0,0,3,3,12288,0,0,0,0,0
2020-04-21,US,Illinois,Mercer,5,0,0,41.20596782,-90.74290052,17131.0,5,5,0,0,5,5,15601,0,0,0,0,0
2020-04-21,US,Illinois,Monroe,55,7,0,38.27594376,-90.17761038,17133.0,48,54,7,0,47,53,34335,1,0,0,1,1
2020-04-21,US,Illinois,Montgomery,17,1,0,39.23198845,-89.47809254,17135.0,16,16,1,0,15,14,28601,1,0,0,1,2
2020-04-21,US,Illinois,Morgan,13,1,0,39.71654544,-90.20255104,17137.0,12,13,1,0,12,12,33976,0,0,0,0,1
2020-04-21,US,Illinois,Moultrie,2,0,0,39.64187451,-88.62099969,17139.0,2,2,0,0,2,2,14717,0,0,0,0,0
2020-04-21,US,Illinois,Ogle,59,1,0,42.04165196,-89.32184679,17141.0,58,58,1,0,57,48,50923,1,0,0,1,10
2020-04-21,US,Illinois,Peoria,44,2,0,40.78702156,-89.76078901,17143.0,42,43,2,0,41,39,180621,1,0,0,1,4
2020-04-21,US,Illinois,Perry,1,0,0,38.08510853,-89.36856219,17145.0,1,1,0,0,1,1,21174,0,0,0,0,0
2020-04-21,US,Illinois,Piatt,7,0,0,40.01360584,-88.59319339,17147.0,7,7,0,0,7,7,16396,0,0,0,0,0
2020-04-21,US,Illinois,Pike,1,0,0,39.62265059,-90.8877017,17149.0,1,1,0,0,1,1,15611,0,0,0,0,0
2020-04-21,US,Illinois,Pulaski,10,0,0,37.22631423,-89.13085001,17153.0,10,9,0,0,9,9,5463,1,0,0,1,0
2020-04-21,US,Illinois,Randolph,61,1,0,38.05095369,-89.82512254,17157.0,60,58,1,0,57,57,32106,3,0,0,3,1
2020-04-21,US,Illinois,Richland,2,0,0,38.71240969,-88.08475366,17159.0,2,2,0,0,2,2,15763,0,0,0,0,0
2020-04-21,US,Illinois,Rock Island,217,5,0,41.46613806,-90.57042164,17161.0,212,211,4,0,207,188,143477,6,1,0,5,23
2020-04-21,US,Illinois,Saline,3,0,0,37.75332999,-88.54119706,17165.0,3,3,0,0,3,3,23906,0,0,0,0,0
2020-04-21,US,Illinois,Sangamon,68,4,0,39.75836914,-89.65872023,17167.0,64,64,4,0,60,62,195348,4,0,0,4,2
2020-04-21,US,Illinois,Schuyler,1,0,0,40.157179799999994,-90.61114163,17169.0,1,1,0,0,1,1,6907,0,0,0,0,0
2020-04-21,US,Illinois,Shelby,4,0,0,39.39133527,-88.80611122,17173.0,4,4,0,0,4,4,21741,0,0,0,0,0
2020-04-21,US,Illinois,St. Clair,289,18,0,38.46996033,-89.93063427,17163.0,271,276,18,0,258,271,261059,13,0,0,13,5
2020-04-21,US,Illinois,Stark,1,0,0,41.09309773,-89.79745866,17175.0,1,1,0,0,1,1,5427,0,0,0,0,0
2020-04-21,US,Illinois,Stephenson,13,0,0,42.35129217,-89.662598,17177.0,13,12,0,0,12,12,44753,1,0,0,1,0
2020-04-21,US,Illinois,Tazewell,30,3,0,40.50716185,-89.51404662,17179.0,27,26,3,0,23,26,132328,4,0,0,4,0
2020-04-21,US,Illinois,Unassigned,192,2,0,0.0,0.0,90017.0,190,130,3,0,127,115,,62,-1,0,63,15
2020-04-21,US,Illinois,Union,5,0,0,37.47119609,-89.25548938,17181.0,5,5,0,0,5,5,16841,0,0,0,0,0
2020-04-21,US,Illinois,Vermilion,10,0,0,40.18417171,-87.73384359,17183.0,10,9,0,0,9,9,76806,1,0,0,1,0
2020-04-21,US,Illinois,Wabash,1,0,0,38.44272901,-87.84922065,17185.0,1,1,0,0,1,1,11549,0,0,0,0,0
2020-04-21,US,Illinois,Warren,15,0,0,40.84925021,-90.6147432,17187.0,15,15,0,0,15,13,17032,0,0,0,0,2
2020-04-21,US,Illinois,Washington,7,0,0,38.35309213,-89.40982703,17189.0,7,7,0,0,7,7,13995,0,0,0,0,0
2020-04-21,US,Illinois,Wayne,1,0,0,38.42955355,-88.42586459,17191.0,1,1,0,0,1,1,16332,0,0,0,0,0
2020-04-21,US,Illinois,White,1,0,0,38.08706198,-88.17657461,17193.0,1,,,,,,13665,,,,,
2020-04-21,US,Illinois,Whiteside,42,3,0,41.75509713,-89.91556058,17195.0,39,41,3,0,38,36,55626,1,0,0,1,5
2020-04-21,US,Illinois,Will,1736,105,0,41.44619267,-87.97862712,17197.0,1631,1692,102,0,1590,1643,692310,44,3,0,41,49
2020-04-21,US,Illinois,Williamson,16,0,0,37.73033511,-88.92994027,17199.0,16,15,0,0,15,14,67056,1,0,0,1,1
2020-04-21,US,Illinois,Winnebago,207,5,0,42.33641854,-89.16085327,17201.0,202,195,4,0,191,178,284081,12,1,0,11,17
2020-04-21,US,Illinois,Woodford,11,1,0,40.78579374,-89.20973757,17203.0,10,11,0,0,11,11,38463,0,1,0,-1,0
2020-04-21,US,Indiana,Adams,7,1,0,40.7457653,-84.93671406,18001.0,6,7,1,0,6,7,35636,0,0,0,0,0
2020-04-21,US,Indiana,Allen,336,27,0,41.09194313,-85.06800636,18003.0,309,327,27,0,300,301,375351,9,0,0,9,26
2020-04-21,US,Indiana,Bartholomew,140,7,0,39.20744865,-85.89558181,18005.0,133,140,6,0,134,136,82753,0,1,0,-1,4
2020-04-21,US,Indiana,Benton,4,0,0,40.60626947,-87.31093999,18007.0,4,4,0,0,4,4,8653,0,0,0,0,0
2020-04-21,US,Indiana,Blackford,6,1,0,40.47388153,-85.32499702,18009.0,5,6,1,0,5,6,11930,0,0,0,0,0
2020-04-21,US,Indiana,Boone,161,17,0,40.0509304,-86.46841646,18011.0,144,154,8,0,146,153,66999,7,9,0,-2,1
2020-04-21,US,Indiana,Brown,14,1,0,39.19605589,-86.22868909,18013.0,13,14,1,0,13,14,15234,0,0,0,0,0
2020-04-21,US,Indiana,Carroll,8,1,0,40.580783200000006,-86.56198812,18015.0,7,7,1,0,6,6,20127,1,0,0,1,1
2020-04-21,US,Indiana,Cass,107,1,0,40.76135835,-86.34830753,18017.0,106,87,1,0,86,71,37955,20,0,0,20,16
2020-04-21,US,Indiana,Clark,181,11,0,38.48015445,-85.70510334,18019.0,170,177,11,0,166,162,117360,4,0,0,4,15
2020-04-21,US,Indiana,Clay,19,0,0,39.39561833,-87.11723506,18021.0,19,20,0,0,20,18,26170,-1,0,0,-1,2
2020-04-21,US,Indiana,Clinton,20,1,0,40.30319754,-86.47277257,18023.0,19,19,1,0,18,18,32250,1,0,0,1,1
2020-04-21,US,Indiana,Crawford,13,0,0,38.28814402,-86.44518825,18025.0,13,13,0,0,13,12,10558,0,0,0,0,1
2020-04-21,US,Indiana,Daviess,38,5,0,38.70186039,-87.07185406,18027.0,33,34,3,0,31,34,33147,4,2,0,2,0
2020-04-21,US,Indiana,DeKalb,13,1,0,41.39804622,-84.99906934,18033.0,12,13,1,0,12,13,43226,0,0,0,0,0
2020-04-21,US,Indiana,Dearborn,70,5,0,39.14647946,-84.97333539,18029.0,65,68,5,0,63,68,49568,2,0,0,2,0
2020-04-21,US,Indiana,Decatur,171,20,0,39.30712658,-85.50087166,18031.0,151,168,18,0,150,168,26794,3,2,0,1,0
2020-04-21,US,Indiana,Delaware,116,9,0,40.22787247,-85.39732772,18035.0,107,114,7,0,107,110,114772,2,2,0,0,4
2020-04-21,US,Indiana,Dubois,16,0,0,38.36597551,-86.87924170000002,18037.0,16,16,0,0,16,16,42565,0,0,0,0,0
2020-04-21,US,Indiana,Elkhart,179,3,0,41.59761169,-85.85875695,18039.0,176,164,3,0,161,152,205560,15,0,0,15,12
2020-04-21,US,Indiana,Fayette,22,4,0,39.63684962,-85.17797541,18041.0,18,22,4,0,18,22,23047,0,0,0,0,0
2020-04-21,US,Indiana,Floyd,142,7,0,38.32117957,-85.90385377,18043.0,135,142,7,0,135,142,77781,0,0,0,0,0
2020-04-21,US,Indiana,Fountain,8,2,0,40.12361933,-87.24217689,18045.0,6,8,2,0,6,6,16351,0,0,0,0,2
2020-04-21,US,Indiana,Franklin,91,7,0,39.4142482,-85.06062647,18047.0,84,90,7,0,83,89,22736,1,0,0,1,1
2020-04-21,US,Indiana,Fulton,6,0,0,41.0469907,-86.26252745,18049.0,6,6,0,0,6,6,20092,0,0,0,0,0
2020-04-21,US,Indiana,Gibson,5,0,0,38.30393723,-87.58054938,18051.0,5,5,0,0,5,5,33452,0,0,0,0,0
2020-04-21,US,Indiana,Grant,97,4,0,40.51587228,-85.65468702,18053.0,93,78,3,0,75,75,65936,19,1,0,18,3
2020-04-21,US,Indiana,Greene,44,4,0,39.03630547,-86.96223202,18055.0,40,42,4,0,38,42,32006,2,0,0,2,0
2020-04-21,US,Indiana,Hamilton,615,39,0,40.07306535,-86.05244729,18057.0,576,598,35,0,563,583,330086,17,4,0,13,15
2020-04-21,US,Indiana,Hancock,149,7,0,39.82304555,-85.77566351,18059.0,142,151,7,0,144,143,76351,-2,0,0,-2,8
2020-04-21,US,Indiana,Harrison,103,2,0,38.19467379,-86.10948271,18061.0,101,101,2,0,99,87,40350,2,0,0,2,14
2020-04-21,US,Indiana,Hendricks,511,18,0,39.76719009,-86.51037283,18063.0,493,499,17,0,482,471,167009,12,1,0,11,28
2020-04-21,US,Indiana,Henry,28,1,0,39.93029017,-85.39625719,18065.0,27,31,1,0,30,31,48271,-3,0,0,-3,0
2020-04-21,US,Indiana,Howard,71,4,0,40.48527731,-86.11351892,18067.0,67,72,4,0,68,68,82366,-1,0,0,-1,4
2020-04-21,US,Indiana,Huntington,6,1,0,40.82907273,-85.48822092,18069.0,5,6,1,0,5,6,36240,0,0,0,0,0
2020-04-21,US,Indiana,Jackson,98,0,0,38.90915820000001,-86.03851889,18071.0,98,89,0,0,89,90,44111,9,0,0,9,-1
2020-04-21,US,Indiana,Jasper,26,1,0,41.02078733,-87.11553319,18073.0,25,25,1,0,24,22,33370,1,0,0,1,3
2020-04-21,US,Indiana,Jay,9,0,0,40.43781032,-85.00576229,18075.0,9,10,0,0,10,9,20764,-1,0,0,-1,1
2020-04-21,US,Indiana,Jefferson,21,0,0,38.78576239,-85.43633383,18077.0,21,20,0,0,20,18,32208,1,0,0,1,2
2020-04-21,US,Indiana,Jennings,64,1,0,38.99588883,-85.62710784,18079.0,63,64,1,0,63,64,27611,0,0,0,0,0
2020-04-21,US,Indiana,Johnson,451,39,0,39.48994426,-86.10149107,18081.0,412,426,33,0,393,411,156225,25,6,0,19,15
2020-04-21,US,Indiana,Knox,18,0,0,38.68861576,-87.4194665,18083.0,18,18,0,0,18,18,36895,0,0,0,0,0
2020-04-21,US,Indiana,Kosciusko,22,1,0,41.24521668,-85.86312322,18085.0,21,22,1,0,21,22,79344,0,0,0,0,0
2020-04-21,US,Indiana,LaGrange,18,1,0,41.64232188,-85.42674232,18087.0,17,17,1,0,16,16,39330,1,0,0,1,1
2020-04-21,US,Indiana,LaPorte,140,5,0,41.54366008,-86.74072188,18091.0,135,140,5,0,135,140,110007,0,0,0,0,0
2020-04-21,US,Indiana,Lake,1227,54,0,41.41874274,-87.38277575,18089.0,1173,1182,47,0,1135,1105,484411,45,7,0,38,77
2020-04-21,US,Indiana,Lawrence,83,9,0,38.84112637,-86.48361629,18093.0,74,81,9,0,72,79,45668,2,0,0,2,2
2020-04-21,US,Indiana,Madison,346,34,0,40.16143691,-85.71964711,18095.0,312,340,32,0,308,332,129641,6,2,0,4,8
2020-04-21,US,Indiana,Marion,4176,206,0,39.78163624,-86.13826325,18097.0,3970,4052,192,0,3860,3889,954670,124,14,0,110,163
2020-04-21,US,Indiana,Marshall,24,0,0,41.32467367,-86.26185087,18099.0,24,24,0,0,24,23,46248,0,0,0,0,1
2020-04-21,US,Indiana,Martin,6,0,0,38.7099921,-86.80373186,18101.0,6,6,0,0,6,5,10217,0,0,0,0,1
2020-04-21,US,Indiana,Miami,26,0,0,40.76940965,-86.04525048,18103.0,26,22,0,0,22,22,35567,4,0,0,4,0
2020-04-21,US,Indiana,Monroe,115,5,0,39.16130004,-86.52414358,18105.0,110,114,4,0,110,114,146917,1,1,0,0,0
2020-04-21,US,Indiana,Montgomery,26,0,0,40.04034823,-86.89335024,18107.0,26,26,0,0,26,25,38346,0,0,0,0,1
2020-04-21,US,Indiana,Morgan,124,3,0,39.47899078,-86.44573375,18109.0,121,119,3,0,116,116,70116,5,0,0,5,3
2020-04-21,US,Indiana,Newton,33,4,0,40.95610449,-87.39635768,18111.0,29,31,4,0,27,31,14011,2,0,0,2,0
2020-04-21,US,Indiana,Noble,40,4,0,41.39672484,-85.41966713,18113.0,36,38,4,0,34,36,47532,2,0,0,2,2
2020-04-21,US,Indiana,Ohio,2,0,0,38.955304999999996,-84.96515993,18115.0,2,1,0,0,1,1,5844,1,0,0,1,0
2020-04-21,US,Indiana,Orange,34,4,0,38.54118920000001,-86.49523093,18117.0,30,34,4,0,30,30,19489,0,0,0,0,4
2020-04-21,US,Indiana,Owen,22,1,0,39.31145587,-86.83900724,18119.0,21,21,1,0,20,21,20845,1,0,0,1,0
2020-04-21,US,Indiana,Parke,9,0,0,39.77202286,-87.20375833,18121.0,9,9,0,0,9,9,16927,0,0,0,0,0
2020-04-21,US,Indiana,Perry,6,0,0,38.07809328,-86.63741946,18123.0,6,6,0,0,6,5,19102,0,0,0,0,1
2020-04-21,US,Indiana,Pike,1,0,0,38.40112197,-87.23574907,18125.0,1,1,0,0,1,1,12410,0,0,0,0,0
2020-04-21,US,Indiana,Porter,183,5,0,41.45986947,-87.06848888,18127.0,178,180,3,0,177,175,169594,3,2,0,1,5
2020-04-21,US,Indiana,Posey,8,0,0,38.02097333,-87.86480429,18129.0,8,7,0,0,7,7,25540,1,0,0,1,0
2020-04-21,US,Indiana,Pulaski,1,0,0,41.04166107,-86.69890683,18131.0,1,1,0,0,1,1,12469,0,0,0,0,0
2020-04-21,US,Indiana,Putnam,53,4,0,39.66437981,-86.84517605,18133.0,49,51,4,0,47,51,37779,2,0,0,2,0
2020-04-21,US,Indiana,Randolph,12,2,0,40.15734772,-85.01139319,18135.0,10,12,1,0,11,12,24851,0,1,0,-1,0
2020-04-21,US,Indiana,Ripley,83,3,0,39.10235626,-85.26212744,18137.0,80,82,3,0,79,82,28523,1,0,0,1,0
2020-04-21,US,Indiana,Rush,22,1,0,39.62002287,-85.4655599,18139.0,21,21,1,0,20,19,16663,1,0,0,1,2
2020-04-21,US,Indiana,Scott,25,2,0,38.68672078,-85.74627859,18143.0,23,24,2,0,22,24,23878,1,0,0,1,0
2020-04-21,US,Indiana,Shelby,120,6,0,39.52305623,-85.79158570000001,18145.0,114,111,4,0,107,105,44593,9,2,0,7,6
2020-04-21,US,Indiana,Spencer,5,0,0,38.01519732,-87.0079644,18147.0,5,4,0,0,4,4,20327,1,0,0,1,0
2020-04-21,US,Indiana,St. Joseph,442,9,0,41.61756781,-86.29040834,18141.0,433,412,9,0,403,402,270771,30,0,0,30,10
2020-04-21,US,Indiana,Starke,11,1,0,41.27890281,-86.64686895,18149.0,10,11,1,0,10,11,22935,0,0,0,0,0
2020-04-21,US,Indiana,Steuben,17,1,0,41.64423868,-85.00101094,18151.0,16,17,1,0,16,17,34586,0,0,0,0,0
2020-04-21,US,Indiana,Sullivan,10,0,0,39.08952258,-87.41414469,18153.0,10,9,0,0,9,8,20690,1,0,0,1,1
2020-04-21,US,Indiana,Switzerland,13,0,0,38.82767338,-85.03022429,18155.0,13,13,0,0,13,13,10717,0,0,0,0,0
2020-04-21,US,Indiana,Tippecanoe,59,2,0,40.38872739,-86.89413959,18157.0,57,58,2,0,56,56,193048,1,0,0,1,2
2020-04-21,US,Indiana,Tipton,14,1,0,40.31123252,-86.05234925,18159.0,13,13,1,0,12,13,15128,1,0,0,1,0
2020-04-21,US,Indiana,Union,6,0,0,39.62550777,-84.92497066,18161.0,6,6,0,0,6,6,7037,0,0,0,0,0
2020-04-21,US,Indiana,Vanderburgh,88,1,0,38.02658833,-87.58763124,18163.0,87,87,1,0,86,85,180974,1,0,0,1,2
2020-04-21,US,Indiana,Vermillion,6,0,0,39.8523352,-87.46160542,18165.0,6,6,0,0,6,6,15479,0,0,0,0,0
2020-04-21,US,Indiana,Vigo,60,5,0,39.42944561,-87.39169027,18167.0,55,58,5,0,53,57,107386,2,0,0,2,1
2020-04-21,US,Indiana,Wabash,10,0,0,40.84704239,-85.79328272,18169.0,10,10,0,0,10,9,31280,0,0,0,0,1
2020-04-21,US,Indiana,Warren,7,1,0,40.34728141,-87.35602659,18171.0,6,7,1,0,6,7,8263,0,0,0,0,0
2020-04-21,US,Indiana,Warrick,69,5,0,38.08922676,-87.2716085,18173.0,64,59,4,0,55,58,62567,10,1,0,9,1
2020-04-21,US,Indiana,Washington,31,0,0,38.60219804,-86.1049363,18175.0,31,31,0,0,31,29,27943,0,0,0,0,2
2020-04-21,US,Indiana,Wayne,28,2,0,39.863344399999995,-85.01044989,18177.0,26,28,2,0,26,27,65936,0,0,0,0,1
2020-04-21,US,Indiana,Wells,6,0,0,40.72934187,-85.22132966,18179.0,6,5,0,0,5,5,28206,1,0,0,1,0
2020-04-21,US,Indiana,White,8,0,0,40.74911165,-86.86492015,18181.0,8,8,0,0,8,7,24133,0,0,0,0,1
2020-04-21,US,Indiana,Whitley,16,1,0,41.13863784,-85.50791236,18183.0,15,16,1,0,15,16,34074,0,0,0,0,0
2020-04-21,US,Iowa,Adair,1,0,0,41.33075609,-94.47105874,19001.0,1,1,0,0,1,1,7063,0,0,0,0,0
2020-04-21,US,Iowa,Allamakee,44,3,0,43.28383218,-91.37860922,19005.0,41,40,3,0,37,36,13832,4,0,0,4,4
2020-04-21,US,Iowa,Appanoose,2,2,0,40.74324454,-92.86865906,19007.0,0,2,2,0,0,2,12437,0,0,0,0,0
2020-04-21,US,Iowa,Audubon,1,0,0,41.6844628,-94.90581859,19009.0,1,1,0,0,1,1,5506,0,0,0,0,0
2020-04-21,US,Iowa,Benton,24,1,0,42.08011739,-92.06463573,19011.0,23,23,1,0,22,23,25642,1,0,0,1,0
2020-04-21,US,Iowa,Black Hawk,366,2,0,42.4704581,-92.30524729,19013.0,364,259,2,0,257,192,132408,107,0,0,107,67
2020-04-21,US,Iowa,Boone,6,0,0,42.03657094,-93.9313999,19015.0,6,6,0,0,6,6,26346,0,0,0,0,0
2020-04-21,US,Iowa,Bremer,32,0,0,42.77461496,-92.31795937,19017.0,32,28,0,0,28,26,24947,4,0,0,4,2
2020-04-21,US,Iowa,Buchanan,11,0,0,42.4709188,-91.83510825,19019.0,11,11,0,0,11,8,21199,0,0,0,0,3
2020-04-21,US,Iowa,Buena Vista,2,0,0,42.73545875,-95.15100162,19021.0,2,2,0,0,2,2,19874,0,0,0,0,0
2020-04-21,US,Iowa,Butler,2,0,0,42.73172833,-92.79015971,19023.0,2,1,0,0,1,1,14539,1,0,0,1,0
2020-04-21,US,Iowa,Carroll,1,0,0,42.03617207,-94.86032705,19027.0,1,1,0,0,1,1,20154,0,0,0,0,0
2020-04-21,US,Iowa,Cass,1,0,0,41.33149454,-94.92792482,19029.0,1,1,0,0,1,1,12930,0,0,0,0,0
2020-04-21,US,Iowa,Cedar,26,0,0,41.77233777,-91.13246684,19031.0,26,26,0,0,26,26,18627,0,0,0,0,0
2020-04-21,US,Iowa,Cerro Gordo,14,0,0,43.08177563,-93.2612239,19033.0,14,14,0,0,14,14,42647,0,0,0,0,0
2020-04-21,US,Iowa,Cherokee,1,0,0,42.73538914,-95.62389402,19035.0,1,,,,,,11321,,,,,
2020-04-21,US,Iowa,Chickasaw,3,0,0,43.06001295,-92.31773347,19037.0,3,3,0,0,3,3,11964,0,0,0,0,0
2020-04-21,US,Iowa,Clarke,2,0,0,41.02868181,-93.78499767,19039.0,2,2,0,0,2,2,9423,0,0,0,0,0
2020-04-21,US,Iowa,Clay,3,0,0,43.08247182,-95.15096481,19041.0,3,3,0,0,3,3,16134,0,0,0,0,0
2020-04-21,US,Iowa,Clayton,8,1,0,42.84443388,-91.34133693,19043.0,7,7,1,0,6,7,17556,1,0,0,1,0
2020-04-21,US,Iowa,Clinton,44,0,0,41.89981633,-90.53275096,19045.0,44,42,0,0,42,41,46518,2,0,0,2,1
2020-04-21,US,Iowa,Crawford,6,1,0,42.03718237,-95.3819718,19047.0,5,6,1,0,5,6,17158,0,0,0,0,0
2020-04-21,US,Iowa,Dallas,55,0,0,41.68560356,-94.04127625,19049.0,55,52,0,0,52,45,90180,3,0,0,3,7
2020-04-21,US,Iowa,Delaware,3,0,0,42.47104597,-91.3664492,19055.0,3,2,0,0,2,2,17069,1,0,0,1,0
2020-04-21,US,Iowa,Des Moines,13,0,0,40.92012606,-91.18326592,19057.0,13,13,0,0,13,11,39138,0,0,0,0,2
2020-04-21,US,Iowa,Dickinson,2,0,0,43.37787725,-95.1510206,19059.0,2,1,0,0,1,1,17153,1,0,0,1,0
2020-04-21,US,Iowa,Dubuque,48,1,0,42.46815349,-90.88181925,19061.0,47,46,1,0,45,44,96854,2,0,0,2,2
2020-04-21,US,Iowa,Fayette,7,0,0,42.86271799,-91.84412309999999,19065.0,7,6,0,0,6,6,19660,1,0,0,1,0
2020-04-21,US,Iowa,Franklin,1,0,0,42.73270384,-93.26256925,19069.0,1,1,0,0,1,1,10124,0,0,0,0,0
2020-04-21,US,Iowa,Greene,1,0,0,42.03614551,-94.39658081,19073.0,1,1,0,0,1,1,8981,0,0,0,0,0
2020-04-21,US,Iowa,Grundy,6,0,0,42.40183723,-92.78829551,19075.0,6,5,0,0,5,4,12304,1,0,0,1,1
2020-04-21,US,Iowa,Guthrie,4,0,0,41.68378965,-94.50111014,19077.0,4,4,0,0,4,4,10720,0,0,0,0,0
2020-04-21,US,Iowa,Hamilton,2,0,0,42.38382428,-93.70197703,19079.0,2,2,0,0,2,2,14952,0,0,0,0,0
2020-04-21,US,Iowa,Hancock,3,0,0,43.08178477,-93.73454884,19081.0,3,3,0,0,3,3,10712,0,0,0,0,0
2020-04-21,US,Iowa,Hardin,4,0,0,42.38353877,-93.23654611,19083.0,4,3,0,0,3,2,16868,1,0,0,1,1
2020-04-21,US,Iowa,Harrison,14,0,0,41.68330137,-95.81558439,19085.0,14,14,0,0,14,13,14134,0,0,0,0,1
2020-04-21,US,Iowa,Henry,29,1,0,40.98767962,-91.54436349,19087.0,28,27,1,0,26,27,20067,2,0,0,2,0
2020-04-21,US,Iowa,Howard,4,0,0,43.35671042,-92.31702714,19089.0,4,4,0,0,4,4,9187,0,0,0,0,0
2020-04-21,US,Iowa,Humboldt,1,0,0,42.7764426,-94.20722537,19091.0,1,,,,,,9547,,,,,
2020-04-21,US,Iowa,Iowa,13,0,0,41.68630265,-92.0643373,19095.0,13,13,0,0,13,12,16141,0,0,0,0,1
2020-04-21,US,Iowa,Jackson,5,0,0,42.17178824,-90.57354837,19097.0,5,5,0,0,5,4,19432,0,0,0,0,1
2020-04-21,US,Iowa,Jasper,53,0,0,41.68576082,-93.05567785,19099.0,53,42,0,0,42,36,37147,11,0,0,11,6
2020-04-21,US,Iowa,Jefferson,7,0,0,41.03192394,-91.94849466,19101.0,7,6,0,0,6,4,18381,1,0,0,1,2
2020-04-21,US,Iowa,Johnson,372,3,0,41.67169354,-91.58754744,19103.0,369,303,3,0,300,285,151260,69,0,0,69,18
2020-04-21,US,Iowa,Jones,16,0,0,42.12118609,-91.13139641,19105.0,16,15,0,0,15,14,20744,1,0,0,1,1
2020-04-21,US,Iowa,Keokuk,3,0,0,41.33649833,-92.1785067,19107.0,3,3,0,0,3,3,10225,0,0,0,0,0
2020-04-21,US,Iowa,Kossuth,1,0,0,43.20405458,-94.20691791,19109.0,1,1,0,0,1,1,14908,0,0,0,0,0
2020-04-21,US,Iowa,Lee,3,0,0,40.64181461,-91.48183025,19111.0,3,3,0,0,3,3,34055,0,0,0,0,0
2020-04-21,US,Iowa,Linn,460,28,0,42.07923082,-91.59809485,19113.0,432,409,27,0,382,395,225909,51,1,0,50,14
2020-04-21,US,Iowa,Louisa,242,2,0,41.21842119,-91.26102611,19115.0,240,215,2,0,213,212,11169,27,0,0,27,3
2020-04-21,US,Iowa,Lyon,5,0,0,43.38107862,-96.20926845,19119.0,5,5,0,0,5,5,11811,0,0,0,0,0
2020-04-21,US,Iowa,Madison,4,1,0,41.33081904,-94.01554631,19121.0,3,3,1,0,2,3,16249,1,0,0,1,0
2020-04-21,US,Iowa,Mahaska,8,1,0,41.33521503,-92.64083907,19123.0,7,8,1,0,7,8,22000,0,0,0,0,0
2020-04-21,US,Iowa,Marion,5,0,0,41.33445101,-93.09934783,19125.0,5,5,0,0,5,4,33407,0,0,0,0,1
2020-04-21,US,Iowa,Marshall,224,0,0,42.03586837,-92.99908190000001,19127.0,224,173,0,0,173,155,39981,51,0,0,51,18
2020-04-21,US,Iowa,Mills,2,0,0,41.03299766,-95.61920963,19129.0,2,2,0,0,2,2,15063,0,0,0,0,0
2020-04-21,US,Iowa,Mitchell,2,0,0,43.35638371,-92.78887719,19131.0,2,2,0,0,2,2,10569,0,0,0,0,0
2020-04-21,US,Iowa,Monona,7,0,0,42.05220391,-95.95743843,19133.0,7,7,0,0,7,6,8679,0,0,0,0,1
2020-04-21,US,Iowa,Montgomery,1,0,0,41.03018714,-95.15642896,19137.0,1,1,0,0,1,1,10003,0,0,0,0,0
2020-04-21,US,Iowa,Muscatine,230,4,0,41.48370744,-91.11216970000001,19139.0,226,218,4,0,214,207,42929,12,0,0,12,11
2020-04-21,US,Iowa,O'Brien,3,0,0,43.08310673,-95.62474482,19141.0,3,3,0,0,3,3,13840,0,0,0,0,0
2020-04-21,US,Iowa,Osceola,4,0,0,43.37824276,-95.62422844,19143.0,4,3,0,0,3,3,6040,1,0,0,1,0
2020-04-21,US,Iowa,Page,4,0,0,40.7393172,-95.1497813,19145.0,4,4,0,0,4,4,15249,0,0,0,0,0
2020-04-21,US,Iowa,Plymouth,9,0,0,42.737633,-96.21366621,19149.0,9,8,0,0,8,8,25095,1,0,0,1,0
2020-04-21,US,Iowa,Polk,415,16,0,41.68679484,-93.57767461,19153.0,399,387,13,0,374,333,487204,28,3,0,25,54
2020-04-21,US,Iowa,Pottawattamie,18,1,0,41.33640314,-95.53907776,19155.0,17,18,1,0,17,18,93533,0,0,0,0,0
2020-04-21,US,Iowa,Poweshiek,14,1,0,41.68625425,-92.53155731,19157.0,13,13,1,0,12,10,18699,1,0,0,1,3
2020-04-21,US,Iowa,Scott,179,3,0,41.63935978,-90.61959493,19163.0,176,171,3,0,168,159,173283,8,0,0,8,12
2020-04-21,US,Iowa,Shelby,9,0,0,41.6850066,-95.31015553,19165.0,9,9,0,0,9,9,11578,0,0,0,0,0
2020-04-21,US,Iowa,Sioux,7,0,0,43.08221074,-96.17675679999999,19167.0,7,7,0,0,7,7,34909,0,0,0,0,0
2020-04-21,US,Iowa,Story,19,0,0,42.03621213,-93.46499005,19169.0,19,20,0,0,20,18,98105,-1,0,0,-1,2
2020-04-21,US,Iowa,Tama,223,6,0,42.07991767,-92.53266945,19171.0,217,197,6,0,191,187,16904,26,0,0,26,10
2020-04-21,US,Iowa,Taylor,1,0,0,40.73710579,-94.69778563,19173.0,1,1,0,0,1,1,6191,0,0,0,0,0
2020-04-21,US,Iowa,Unassigned,21,0,0,0.0,0.0,90019.0,21,2,0,0,2,7,,19,0,0,19,-5
2020-04-21,US,Iowa,Union,1,0,0,41.0277278,-94.24234847,19175.0,1,1,0,0,1,1,12359,0,0,0,0,0
2020-04-21,US,Iowa,Van Buren,8,0,0,40.75326764,-91.95017958,19177.0,8,8,0,0,8,8,7020,0,0,0,0,0
2020-04-21,US,Iowa,Wapello,6,0,0,41.03064984,-92.40954728,19179.0,6,6,0,0,6,6,35205,0,0,0,0,0
2020-04-21,US,Iowa,Warren,20,0,0,41.33559454,-93.56007641,19181.0,20,20,0,0,20,18,51056,0,0,0,0,2
2020-04-21,US,Iowa,Washington,124,5,0,41.33577126,-91.71725711,19183.0,119,121,5,0,116,118,22141,3,0,0,3,3
2020-04-21,US,Iowa,Webster,3,0,0,42.42853483,-94.17987389,19187.0,3,4,0,0,4,3,36277,-1,0,0,-1,1
2020-04-21,US,Iowa,Winnebago,2,0,0,43.37751174,-93.73407298,19189.0,2,2,0,0,2,2,10518,0,0,0,0,0
2020-04-21,US,Iowa,Winneshiek,7,0,0,43.29094334,-91.84422722,19191.0,7,6,0,0,6,6,20029,1,0,0,1,0
2020-04-21,US,Iowa,Woodbury,81,0,0,42.38979414,-96.0459439,19193.0,81,44,0,0,44,37,102539,37,0,0,37,7
2020-04-21,US,Iowa,Worth,1,0,0,43.37750768,-93.26087602,19195.0,1,1,0,0,1,1,7453,0,0,0,0,0
2020-04-21,US,Iowa,Wright,2,0,0,42.73305373,-93.73515113,19197.0,2,1,0,0,1,1,12690,1,0,0,1,0
2020-04-21,US,Kansas,Atchison,6,0,0,39.53185661,-95.30870026,20005.0,6,6,0,0,6,5,16193,0,0,0,0,1
2020-04-21,US,Kansas,Barber,1,0,0,37.2288586,-98.68460053,20007.0,1,1,0,0,1,1,4472,0,0,0,0,0
2020-04-21,US,Kansas,Barton,9,0,0,38.47889676,-98.75636726,20009.0,9,7,0,0,7,6,26111,2,0,0,2,1
2020-04-21,US,Kansas,Bourbon,7,1,0,37.85508555,-94.84865997,20011.0,6,7,1,0,6,7,14653,0,0,0,0,0
2020-04-21,US,Kansas,Butler,12,0,0,37.78134351,-96.83878537,20015.0,12,12,0,0,12,12,66765,0,0,0,0,0
2020-04-21,US,Kansas,Chase,1,0,0,38.30292938,-96.59563862,20017.0,1,1,0,0,1,1,2629,0,0,0,0,0
2020-04-21,US,Kansas,Chautauqua,3,0,0,37.14994405,-96.2454192,20019.0,3,3,0,0,3,3,3309,0,0,0,0,0
2020-04-21,US,Kansas,Cherokee,7,0,0,37.16928494,-94.8462897,20021.0,7,7,0,0,7,7,20015,0,0,0,0,0
2020-04-21,US,Kansas,Clay,5,0,0,39.34948772,-97.16518128,20027.0,5,5,0,0,5,2,7997,0,0,0,0,3
2020-04-21,US,Kansas,Cloud,3,0,0,39.48028352,-97.64925343,20029.0,3,3,0,0,3,3,8729,0,0,0,0,0
2020-04-21,US,Kansas,Coffey,47,6,0,38.2365018,-95.73379515,20031.0,41,47,6,0,41,47,8233,0,0,0,0,0
2020-04-21,US,Kansas,Cowley,1,1,0,37.23781842,-96.83776647,20035.0,0,1,1,0,0,1,35218,0,0,0,0,0
2020-04-21,US,Kansas,Crawford,6,1,0,37.50675523,-94.85245778,20037.0,5,6,1,0,5,6,39019,0,0,0,0,0
2020-04-21,US,Kansas,Dickinson,1,0,0,38.86600962,-97.15532383,20041.0,1,1,0,0,1,1,18717,0,0,0,0,0
2020-04-21,US,Kansas,Doniphan,3,0,0,39.79067154,-95.14056866,20043.0,3,1,0,0,1,1,7682,2,0,0,2,0
2020-04-21,US,Kansas,Douglas,43,0,0,38.88503636,-95.2925121,20045.0,43,43,0,0,43,43,121436,0,0,0,0,0
2020-04-21,US,Kansas,Edwards,1,0,0,37.88735543,-99.31263309,20047.0,1,1,0,0,1,,2849,0,0,0,0,
2020-04-21,US,Kansas,Ellis,8,0,0,38.91458712,-99.31751551,20051.0,8,8,0,0,8,8,28710,0,0,0,0,0
2020-04-21,US,Kansas,Finney,42,1,0,38.04340344,-100.73819379999999,20055.0,41,41,1,0,40,35,36611,1,0,0,1,6
2020-04-21,US,Kansas,Ford,187,0,0,37.69200114,-99.88825298,20057.0,187,180,0,0,180,127,33888,7,0,0,7,53
2020-04-21,US,Kansas,Franklin,12,0,0,38.56443815,-95.28644341,20059.0,12,12,0,0,12,12,25631,0,0,0,0,0
2020-04-21,US,Kansas,Geary,9,0,0,38.99871131,-96.7577178,20061.0,9,9,0,0,9,9,32594,0,0,0,0,0
2020-04-21,US,Kansas,Gove,1,0,0,38.91588178,-100.4829321,20063.0,1,1,0,0,1,1,2612,0,0,0,0,0
2020-04-21,US,Kansas,Greenwood,2,0,0,37.8774388,-96.23250453,20073.0,2,2,0,0,2,2,6055,0,0,0,0,0
2020-04-21,US,Kansas,Hamilton,1,0,0,37.99978709,-101.7921066,20075.0,1,1,0,0,1,1,2607,0,0,0,0,0
2020-04-21,US,Kansas,Harvey,5,0,0,38.04293782,-97.42747573,20079.0,5,5,0,0,5,5,34210,0,0,0,0,0
2020-04-21,US,Kansas,Haskell,1,0,0,37.562039399999996,-100.8710738,20081.0,1,1,0,0,1,,3997,0,0,0,0,
2020-04-21,US,Kansas,Jackson,1,0,0,39.41673394,-95.79356799,20085.0,1,1,0,0,1,1,13280,0,0,0,0,0
2020-04-21,US,Kansas,Jefferson,6,0,0,39.2347941,-95.38289232,20087.0,6,6,0,0,6,5,18975,0,0,0,0,1
2020-04-21,US,Kansas,Jewell,4,0,0,39.78470589,-98.21820662,20089.0,4,4,0,0,4,4,2841,0,0,0,0,0
2020-04-21,US,Kansas,Johnson,384,35,0,38.88548175,-94.82250877,20091.0,349,377,30,0,347,372,597555,7,5,0,2,5
2020-04-21,US,Kansas,Kearny,4,0,0,38.00017981,-101.32168100000001,20093.0,4,2,0,0,2,1,3943,2,0,0,2,1
2020-04-21,US,Kansas,Labette,20,0,0,37.19113093,-95.29849679,20099.0,20,20,0,0,20,20,19964,0,0,0,0,0
2020-04-21,US,Kansas,Leavenworth,136,3,0,39.20183497,-95.03620809,20103.0,133,135,3,0,132,128,81352,1,0,0,1,7
2020-04-21,US,Kansas,Linn,6,0,0,38.21267844,-94.84254089,20107.0,6,6,0,0,6,6,9750,0,0,0,0,0
2020-04-21,US,Kansas,Lyon,111,1,0,38.45576156,-96.15275715,20111.0,110,77,1,0,76,77,33406,34,0,0,34,0
2020-04-21,US,Kansas,Marion,5,0,0,38.35855394,-97.09852509999999,20115.0,5,5,0,0,5,5,11950,0,0,0,0,0
2020-04-21,US,Kansas,McPherson,19,0,0,38.39184858,-97.64769869,20113.0,19,17,0,0,17,16,28537,2,0,0,2,1
2020-04-21,US,Kansas,Miami,4,0,0,38.56383358,-94.83832189,20121.0,4,4,0,0,4,4,33680,0,0,0,0,0
2020-04-21,US,Kansas,Mitchell,2,0,0,39.39331582,-98.20906732,20123.0,2,2,0,0,2,2,6150,0,0,0,0,0
2020-04-21,US,Kansas,Montgomery,12,2,0,37.19236568,-95.74329258,20125.0,10,12,2,0,10,12,32120,0,0,0,0,0
2020-04-21,US,Kansas,Morris,2,0,0,38.68827511,-96.65128437,20127.0,2,2,0,0,2,2,5521,0,0,0,0,0
2020-04-21,US,Kansas,Morton,2,0,0,37.19141121,-101.79925190000002,20129.0,2,2,0,0,2,2,2667,0,0,0,0,0
2020-04-21,US,Kansas,Neosho,2,0,0,37.55862897,-95.30670046,20133.0,2,2,0,0,2,2,15951,0,0,0,0,0
2020-04-21,US,Kansas,Osage,4,0,0,38.65235984,-95.72707998,20139.0,4,4,0,0,4,4,15941,0,0,0,0,0
2020-04-21,US,Kansas,Osborne,2,0,0,39.3503437,-98.76753828,20141.0,2,2,0,0,2,2,3475,0,0,0,0,0
2020-04-21,US,Kansas,Ottawa,3,0,0,39.13237408,-97.65020313,20143.0,3,3,0,0,3,3,5802,0,0,0,0,0
2020-04-21,US,Kansas,Phillips,1,0,0,39.78465501,-99.34668865,20147.0,1,1,0,0,1,1,5317,0,0,0,0,0
2020-04-21,US,Kansas,Pottawatomie,6,0,0,39.37925655,-96.34564657,20149.0,6,6,0,0,6,6,24277,0,0,0,0,0
2020-04-21,US,Kansas,Pratt,1,0,0,37.64780729,-98.73922153,20151.0,1,1,0,0,1,1,9378,0,0,0,0,0
2020-04-21,US,Kansas,Reno,15,0,0,37.95230263,-98.08607292,20155.0,15,15,0,0,15,14,62342,0,0,0,0,1
2020-04-21,US,Kansas,Republic,4,0,0,39.82799632,-97.65036709,20157.0,4,4,0,0,4,4,4664,0,0,0,0,0
2020-04-21,US,Kansas,Riley,31,0,0,39.28935726,-96.73420026,20161.0,31,29,0,0,29,27,73703,2,0,0,2,2
2020-04-21,US,Kansas,Rooks,4,0,0,39.35022773,-99.32484567,20163.0,4,4,0,0,4,4,5013,0,0,0,0,0
2020-04-21,US,Kansas,Saline,17,2,0,38.78369175,-97.65185177,20169.0,15,17,2,0,15,15,54401,0,0,0,0,2
2020-04-21,US,Kansas,Scott,1,0,0,38.48222076,-100.90665390000001,20171.0,1,1,0,0,1,1,4897,0,0,0,0,0
2020-04-21,US,Kansas,Sedgwick,283,5,0,37.6842718,-97.4608198,20173.0,278,250,4,0,246,242,513607,33,1,0,32,8
2020-04-21,US,Kansas,Seward,96,0,0,37.19324632,-100.85072009999999,20175.0,96,79,0,0,79,47,21780,17,0,0,17,32
2020-04-21,US,Kansas,Shawnee,94,5,0,39.04100763,-95.75572640000001,20177.0,89,94,5,0,89,91,177499,0,0,0,0,3
2020-04-21,US,Kansas,Sheridan,2,0,0,39.35018161,-100.44182590000001,20179.0,2,1,0,0,1,,2533,1,0,0,1,
2020-04-21,US,Kansas,Sherman,1,0,0,39.35147699,-101.71976240000001,20181.0,1,1,0,0,1,1,5899,0,0,0,0,0
2020-04-21,US,Kansas,Smith,2,0,0,39.78516566,-98.78566062,20183.0,2,2,0,0,2,2,3603,0,0,0,0,0
2020-04-21,US,Kansas,Stafford,1,0,0,38.03100851,-98.71762001,20185.0,1,1,0,0,1,1,4178,0,0,0,0,0
2020-04-21,US,Kansas,Stanton,4,0,0,37.56304714,-101.78435340000001,20187.0,4,4,0,0,4,3,1987,0,0,0,0,1
2020-04-21,US,Kansas,Stevens,4,0,0,37.1923008,-101.3118967,20189.0,4,4,0,0,4,3,5559,0,0,0,0,1
2020-04-21,US,Kansas,Sumner,3,1,0,37.23682549,-97.47721621,20191.0,2,3,1,0,2,3,22996,0,0,0,0,0
2020-04-21,US,Kansas,Wabaunsee,2,0,0,38.95471985,-96.20350509,20197.0,2,2,0,0,2,1,6899,0,0,0,0,1
2020-04-21,US,Kansas,Wilson,1,0,0,37.55937174,-95.74323255,20205.0,1,1,0,0,1,1,8665,0,0,0,0,0
2020-04-21,US,Kansas,Woodson,5,0,0,37.8865336,-95.74006277,20207.0,5,5,0,0,5,5,3183,0,0,0,0,0
2020-04-21,US,Kansas,Wyandotte,433,45,0,39.11727348,-94.76378225,20209.0,388,427,44,0,383,417,165324,6,1,0,5,10
2020-04-21,US,Kentucky,Adair,54,4,0,37.10459774,-85.28129668,21001.0,50,54,4,0,50,53,19215,0,0,0,0,1
2020-04-21,US,Kentucky,Allen,4,0,0,36.75197631,-86.19457544,21003.0,4,4,0,0,4,4,21122,0,0,0,0,0
2020-04-21,US,Kentucky,Anderson,7,1,0,38.00671029,-84.99171713,21005.0,6,6,1,0,5,6,22663,1,0,0,1,0
2020-04-21,US,Kentucky,Ballard,4,0,0,37.05842757,-88.99427697,21007.0,4,4,0,0,4,4,7979,0,0,0,0,0
2020-04-21,US,Kentucky,Barren,7,0,0,36.96469836,-85.93338945,21009.0,7,6,0,0,6,6,44176,1,0,0,1,0
2020-04-21,US,Kentucky,Bath,3,0,0,38.14735938,-83.74588932,21011.0,3,3,0,0,3,3,12383,0,0,0,0,0
2020-04-21,US,Kentucky,Boone,86,2,0,38.97065142,-84.72615357,21015.0,84,81,2,0,79,81,131533,5,0,0,5,0
2020-04-21,US,Kentucky,Bourbon,7,1,0,38.2054607,-84.21827874,21017.0,6,7,1,0,6,7,20184,0,0,0,0,0
2020-04-21,US,Kentucky,Boyd,29,2,0,38.36176608,-82.68652187,21019.0,27,29,2,0,27,29,47240,0,0,0,0,0
2020-04-21,US,Kentucky,Boyle,13,0,0,37.62680923,-84.8633779,21021.0,13,13,0,0,13,13,30100,0,0,0,0,0
2020-04-21,US,Kentucky,Bracken,7,0,0,38.69158994,-84.08532444,21023.0,7,7,0,0,7,7,8239,0,0,0,0,0
2020-04-21,US,Kentucky,Breathitt,1,0,0,37.52333168,-83.31959161,21025.0,1,1,0,0,1,1,12726,0,0,0,0,0
2020-04-21,US,Kentucky,Breckinridge,6,0,0,37.77377239,-86.42885017,21027.0,6,6,0,0,6,6,20388,0,0,0,0,0
2020-04-21,US,Kentucky,Bullitt,33,2,0,37.97162523,-85.68955617,21029.0,31,33,2,0,31,33,81069,0,0,0,0,0
2020-04-21,US,Kentucky,Butler,74,3,0,37.20946153,-86.68748787,21031.0,71,72,2,0,70,73,12772,2,1,0,1,-1
2020-04-21,US,Kentucky,Caldwell,12,0,0,37.14749129,-87.86948214,21033.0,12,11,0,0,11,11,12715,1,0,0,1,0
2020-04-21,US,Kentucky,Calloway,22,1,0,36.62093411,-88.2731593,21035.0,21,21,1,0,20,21,39135,1,0,0,1,0
2020-04-21,US,Kentucky,Campbell,60,6,0,38.94384345,-84.37875208,21037.0,54,58,6,0,52,56,93152,2,0,0,2,2
2020-04-21,US,Kentucky,Carroll,2,0,0,38.66599534,-85.12601074,21041.0,2,2,0,0,2,2,10737,0,0,0,0,0
2020-04-21,US,Kentucky,Carter,4,0,0,38.31690743,-83.05092385,21043.0,4,4,0,0,4,4,27004,0,0,0,0,0
2020-04-21,US,Kentucky,Casey,1,0,0,37.32533118,-84.92726209,21045.0,1,1,0,0,1,1,15888,0,0,0,0,0
2020-04-21,US,Kentucky,Christian,79,3,0,36.89267803,-87.49055367,21047.0,76,79,3,0,76,79,71671,0,0,0,0,0
2020-04-21,US,Kentucky,Clark,19,0,0,37.9689263,-84.14615986,21049.0,19,18,0,0,18,18,36249,1,0,0,1,0
2020-04-21,US,Kentucky,Clay,1,0,0,37.16451126,-83.712575,21051.0,1,1,0,0,1,1,20105,0,0,0,0,0
2020-04-21,US,Kentucky,Clinton,2,0,0,36.72581156,-85.13377529,21053.0,2,2,0,0,2,2,10206,0,0,0,0,0
2020-04-21,US,Kentucky,Crittenden,3,1,0,37.35839237,-88.08826090000002,21055.0,2,3,1,0,2,3,8915,0,0,0,0,0
2020-04-21,US,Kentucky,Cumberland,3,0,0,36.78926125,-85.39050034,21057.0,3,3,0,0,3,3,6659,0,0,0,0,0
2020-04-21,US,Kentucky,Daviess,130,3,0,37.73028906,-87.09019479999998,21059.0,127,130,3,0,127,125,101104,0,0,0,0,5
2020-04-21,US,Kentucky,Edmonson,7,0,0,37.21218923,-86.23955613,21061.0,7,7,0,0,7,7,12274,0,0,0,0,0
2020-04-21,US,Kentucky,Fayette,219,7,0,38.0368225,-84.45576892,21067.0,212,219,7,0,212,219,323780,0,0,0,0,0
2020-04-21,US,Kentucky,Fleming,2,0,0,38.36758311,-83.69657514,21069.0,2,2,0,0,2,2,14432,0,0,0,0,0
2020-04-21,US,Kentucky,Floyd,4,0,0,37.56213922,-82.74750924,21071.0,4,4,0,0,4,4,35845,0,0,0,0,0
2020-04-21,US,Kentucky,Franklin,13,0,0,38.2379395,-84.87962551,21073.0,13,13,0,0,13,13,50815,0,0,0,0,0
2020-04-21,US,Kentucky,Fulton,1,0,0,36.55238827,-89.20140068,21075.0,1,1,0,0,1,1,6120,0,0,0,0,0
2020-04-21,US,Kentucky,Gallatin,1,0,0,38.75398691,-84.8558382,21077.0,1,1,0,0,1,1,8832,0,0,0,0,0
2020-04-21,US,Kentucky,Garrard,1,0,0,37.638866799999995,-84.53289319,21079.0,1,1,0,0,1,1,17560,0,0,0,0,0
2020-04-21,US,Kentucky,Grant,17,2,0,38.64962758,-84.62415957,21081.0,15,16,1,0,15,16,25121,1,1,0,0,0
2020-04-21,US,Kentucky,Graves,68,6,0,36.72292505,-88.65143315,21083.0,62,63,3,0,60,51,37317,5,3,0,2,12
2020-04-21,US,Kentucky,Grayson,16,1,0,37.46231118,-86.34248968,21085.0,15,16,1,0,15,14,26321,0,0,0,0,2
2020-04-21,US,Kentucky,Green,1,0,0,37.26484328,-85.5540745,21087.0,1,1,0,0,1,1,11049,0,0,0,0,0
2020-04-21,US,Kentucky,Greenup,10,0,0,38.54332505,-82.9215658,21089.0,10,10,0,0,10,10,35268,0,0,0,0,0
2020-04-21,US,Kentucky,Hancock,6,0,0,37.83766422,-86.78280584,21091.0,6,6,0,0,6,6,8758,0,0,0,0,0
2020-04-21,US,Kentucky,Hardin,30,0,0,37.6976111,-85.96319251,21093.0,30,29,0,0,29,29,110356,1,0,0,1,0
2020-04-21,US,Kentucky,Harrison,16,0,0,38.44188174,-84.32869741,21097.0,16,16,0,0,16,16,18778,0,0,0,0,0
2020-04-21,US,Kentucky,Hart,2,0,0,37.29943898,-85.88461055,21099.0,2,2,0,0,2,1,18906,0,0,0,0,1
2020-04-21,US,Kentucky,Henderson,36,0,0,37.79344553,-87.57392021,21101.0,36,33,0,0,33,28,45591,3,0,0,3,5
2020-04-21,US,Kentucky,Henry,4,0,0,38.44942688,-85.11587507,21103.0,4,4,0,0,4,4,16106,0,0,0,0,0
2020-04-21,US,Kentucky,Hopkins,144,16,0,37.30939025,-87.54670406,21107.0,128,112,11,0,101,111,45068,32,5,0,27,1
2020-04-21,US,Kentucky,Jackson,57,4,0,37.41866422,-83.99825483,21109.0,53,57,3,0,54,55,13442,0,1,0,-1,2
2020-04-21,US,Kentucky,Jefferson,925,70,0,38.18664655,-85.65931031,21111.0,855,867,67,0,800,814,770517,58,3,0,55,53
2020-04-21,US,Kentucky,Jessamine,32,0,0,37.87119786,-84.58252003,21113.0,32,32,0,0,32,32,53920,0,0,0,0,0
2020-04-21,US,Kentucky,Johnson,1,0,0,37.85106355,-82.8264322,21115.0,1,1,0,0,1,1,22386,0,0,0,0,0
2020-04-21,US,Kentucky,Kenton,169,13,0,38.93950319,-84.53241199,21117.0,156,156,11,0,145,149,166051,13,2,0,11,7
2020-04-21,US,Kentucky,Knott,3,0,0,37.35388197,-82.94981134,21119.0,3,3,0,0,3,3,15126,0,0,0,0,0
2020-04-21,US,Kentucky,Knox,5,0,0,36.89225732,-83.85403396,21121.0,5,5,0,0,5,5,31304,0,0,0,0,0
2020-04-21,US,Kentucky,Larue,5,0,0,37.54567114,-85.70138352,21123.0,5,5,0,0,5,5,14307,0,0,0,0,0
2020-04-21,US,Kentucky,Laurel,14,2,0,37.10975748,-84.11321779,21125.0,12,13,2,0,11,13,60669,1,0,0,1,0
2020-04-21,US,Kentucky,Lawrence,1,0,0,38.07136018,-82.72882223,21127.0,1,1,0,0,1,1,15571,0,0,0,0,0
2020-04-21,US,Kentucky,Leslie,2,0,0,37.09246661,-83.37999606,21131.0,2,2,0,0,2,2,10143,0,0,0,0,0
2020-04-21,US,Kentucky,Letcher,1,0,0,37.12306748,-82.85346474,21133.0,1,1,0,0,1,1,21899,0,0,0,0,0
2020-04-21,US,Kentucky,Lewis,3,0,0,38.53184419,-83.37735618,21135.0,3,3,0,0,3,3,13257,0,0,0,0,0
2020-04-21,US,Kentucky,Lincoln,4,1,0,37.45475628,-84.6565327,21137.0,3,4,1,0,3,4,24644,0,0,0,0,0
2020-04-21,US,Kentucky,Livingston,1,0,0,37.21137452,-88.34797529,21139.0,1,1,0,0,1,1,9242,0,0,0,0,0
2020-04-21,US,Kentucky,Logan,8,0,0,36.85949479,-86.877635,21141.0,8,8,0,0,8,8,26989,0,0,0,0,0
2020-04-21,US,Kentucky,Lyon,14,3,0,37.02080035,-88.07886257,21143.0,11,13,2,0,11,13,8009,1,1,0,0,0
2020-04-21,US,Kentucky,Madison,21,1,0,37.71659336,-84.27220275,21151.0,20,21,1,0,20,21,92368,0,0,0,0,0
2020-04-21,US,Kentucky,Marion,13,0,0,37.55218078,-85.26898542,21155.0,13,13,0,0,13,13,19404,0,0,0,0,0
2020-04-21,US,Kentucky,Marshall,16,0,0,36.88007070000001,-88.32803576,21157.0,16,14,0,0,14,12,31191,2,0,0,2,2
2020-04-21,US,Kentucky,Martin,3,0,0,37.79990579,-82.51247478,21159.0,3,2,0,0,2,2,11323,1,0,0,1,0
2020-04-21,US,Kentucky,Mason,6,0,0,38.59471935,-83.82151043,21161.0,6,6,0,0,6,6,17150,0,0,0,0,0
2020-04-21,US,Kentucky,McCracken,30,2,0,37.05350953,-88.70445755,21145.0,28,29,2,0,27,29,65346,1,0,0,1,0
2020-04-21,US,Kentucky,McCreary,10,0,0,36.73874143,-84.48102924,21147.0,10,10,0,0,10,10,17408,0,0,0,0,0
2020-04-21,US,Kentucky,McLean,8,1,0,37.5301951,-87.26803443,21149.0,7,8,1,0,7,8,9252,0,0,0,0,0
2020-04-21,US,Kentucky,Meade,3,1,0,37.96163597,-86.21028219,21163.0,2,3,1,0,2,3,28715,0,0,0,0,0
2020-04-21,US,Kentucky,Menifee,3,0,0,37.94090733,-83.59985712,21165.0,3,3,0,0,3,3,6451,0,0,0,0,0
2020-04-21,US,Kentucky,Mercer,10,0,0,37.81474237,-84.87488475,21167.0,10,9,0,0,9,9,21774,1,0,0,1,0
2020-04-21,US,Kentucky,Monroe,3,0,0,36.71225341,-85.71596443,21171.0,3,3,0,0,3,3,10718,0,0,0,0,0
2020-04-21,US,Kentucky,Montgomery,9,0,0,38.03253032,-83.9145241,21173.0,9,9,0,0,9,9,28203,0,0,0,0,0
2020-04-21,US,Kentucky,Morgan,1,0,0,37.92465657,-83.25558245,21175.0,1,1,0,0,1,1,13345,0,0,0,0,0
2020-04-21,US,Kentucky,Muhlenberg,76,2,0,37.21425819,-87.14632053,21177.0,74,76,2,0,74,75,30774,0,0,0,0,1
2020-04-21,US,Kentucky,Nelson,13,0,0,37.80335779,-85.4657193,21179.0,13,13,0,0,13,13,45851,0,0,0,0,0
2020-04-21,US,Kentucky,Nicholas,1,0,0,38.33342292,-84.01889177,21181.0,1,1,0,0,1,1,7166,0,0,0,0,0
2020-04-21,US,Kentucky,Ohio,17,0,0,37.47751843,-86.85368087,21183.0,17,17,0,0,17,17,24087,0,0,0,0,0
2020-04-21,US,Kentucky,Oldham,24,0,0,38.39791089,-85.448222,21185.0,24,22,0,0,22,22,66470,2,0,0,2,0
2020-04-21,US,Kentucky,Owsley,2,0,0,37.42823949,-83.68811419,21189.0,2,2,0,0,2,2,4472,0,0,0,0,0
2020-04-21,US,Kentucky,Pendleton,5,0,0,38.69607718,-84.35599463,21191.0,5,5,0,0,5,5,14529,0,0,0,0,0
2020-04-21,US,Kentucky,Perry,5,0,0,37.25023553,-83.22922731,21193.0,5,4,0,0,4,4,26092,1,0,0,1,0
2020-04-21,US,Kentucky,Pike,6,2,0,37.47088263,-82.39487445,21195.0,4,6,2,0,4,6,58402,0,0,0,0,0
2020-04-21,US,Kentucky,Powell,1,0,0,37.83218794,-83.82553961,21197.0,1,1,0,0,1,1,12442,0,0,0,0,0
2020-04-21,US,Kentucky,Pulaski,36,2,0,37.10466131,-84.57629079,21199.0,34,35,2,0,33,35,64623,1,0,0,1,0
2020-04-21,US,Kentucky,Rockcastle,11,0,0,37.36642393,-84.31176452,21203.0,11,11,0,0,11,11,16750,0,0,0,0,0
2020-04-21,US,Kentucky,Rowan,2,0,0,38.19484205,-83.42088935,21205.0,2,1,0,0,1,1,24583,1,0,0,1,0
2020-04-21,US,Kentucky,Russell,16,2,0,36.99308373,-85.06070117,21207.0,14,15,2,0,13,15,17821,1,0,0,1,0
2020-04-21,US,Kentucky,Scott,22,0,0,38.29622293,-84.5816631,21209.0,22,22,0,0,22,23,56031,0,0,0,0,-1
2020-04-21,US,Kentucky,Shelby,24,2,0,38.21476019,-85.194223,21211.0,22,22,2,0,20,23,48518,2,0,0,2,-1
2020-04-21,US,Kentucky,Simpson,22,2,0,36.74058474,-86.58047435,21213.0,20,21,2,0,19,21,18529,1,0,0,1,0
2020-04-21,US,Kentucky,Spencer,9,0,0,38.03223971,-85.32749335,21215.0,9,9,0,0,9,9,18794,0,0,0,0,0
2020-04-21,US,Kentucky,Taylor,4,0,0,37.3677562,-85.3329931,21217.0,4,4,0,0,4,5,25549,0,0,0,0,-1
2020-04-21,US,Kentucky,Todd,9,0,0,36.8381152,-87.17878374,21219.0,9,9,0,0,9,9,12311,0,0,0,0,0
2020-04-21,US,Kentucky,Trigg,4,0,0,36.80767017,-87.87333656,21221.0,4,4,0,0,4,4,14643,0,0,0,0,0
2020-04-21,US,Kentucky,Trimble,2,0,0,38.61056487,-85.33775972,21223.0,2,2,0,0,2,2,8515,0,0,0,0,0
2020-04-21,US,Kentucky,Unassigned,73,0,0,0.0,0.0,90021.0,73,73,0,0,73,79,,0,0,0,0,-6
2020-04-21,US,Kentucky,Union,8,0,0,37.66166713,-87.94300009,21225.0,8,8,0,0,8,8,14505,0,0,0,0,0
2020-04-21,US,Kentucky,Warren,112,0,0,36.99903045,-86.42672751,21227.0,112,101,0,0,101,95,131264,11,0,0,11,6
2020-04-21,US,Kentucky,Washington,3,0,0,37.75599461,-85.17407732,21229.0,3,3,0,0,3,3,12084,0,0,0,0,0
2020-04-21,US,Kentucky,Wayne,6,0,0,36.80310688,-84.8251971,21231.0,6,6,0,0,6,6,20468,0,0,0,0,0
2020-04-21,US,Kentucky,Webster,13,0,0,37.52168356,-87.67989953,21233.0,13,13,0,0,13,13,13111,0,0,0,0,0
2020-04-21,US,Kentucky,Whitley,8,0,0,36.75700531,-84.14541217,21235.0,8,8,0,0,8,8,36242,0,0,0,0,0
2020-04-21,US,Kentucky,Woodford,18,0,0,38.04178222,-84.7417556,21239.0,18,18,0,0,18,18,26533,0,0,0,0,0
2020-04-21,US,Louisiana,Acadia,114,7,0,30.295064899999996,-92.41419698,22001.0,107,114,7,0,107,110,62190,0,0,0,0,4
2020-04-21,US,Louisiana,Allen,79,9,0,30.65385745,-92.82442028,22003.0,70,79,9,0,70,79,25605,0,0,0,0,0
2020-04-21,US,Louisiana,Ascension,515,31,0,30.20406249,-90.91328409999998,22005.0,484,512,31,0,481,508,124672,3,0,0,3,4
2020-04-21,US,Louisiana,Assumption,151,1,0,29.89946234,-91.06461642,22007.0,150,146,1,0,145,146,22300,5,0,0,5,0
2020-04-21,US,Louisiana,Avoyelles,69,7,0,31.07796211,-92.00079449,22009.0,62,69,3,0,66,69,40462,0,4,0,-4,0
2020-04-21,US,Louisiana,Beauregard,36,2,0,30.64836518,-93.34173616,22011.0,34,36,2,0,34,35,37253,0,0,0,0,1
2020-04-21,US,Louisiana,Bienville,66,9,0,32.34569994,-93.05398492,22013.0,57,66,9,0,57,66,13308,0,0,0,0,0
2020-04-21,US,Louisiana,Bossier,241,11,0,32.67932307,-93.60460152,22015.0,230,233,11,0,222,233,127185,8,0,0,8,0
2020-04-21,US,Louisiana,Caddo,1310,83,0,32.57991587,-93.88375652,22017.0,1227,1276,72,0,1204,1261,242922,34,11,0,23,15
2020-04-21,US,Louisiana,Calcasieu,334,20,0,30.22931235,-93.35400434,22019.0,314,324,19,0,305,323,203112,10,1,0,9,1
2020-04-21,US,Louisiana,Caldwell,15,0,0,32.0902519,-92.11752148,22021.0,15,15,0,0,15,15,9960,0,0,0,0,0
2020-04-21,US,Louisiana,Cameron,3,0,0,29.87592238,-93.19310676,22023.0,3,3,0,0,3,3,6968,0,0,0,0,0
2020-04-21,US,Louisiana,Catahoula,24,1,0,31.66778967,-91.84526385,22025.0,23,24,1,0,23,24,9608,0,0,0,0,0
2020-04-21,US,Louisiana,Claiborne,50,5,0,32.82308512,-92.99526883,22027.0,45,50,5,0,45,50,15944,0,0,0,0,0
2020-04-21,US,Louisiana,Concordia,26,2,0,31.44817835,-91.63814433,22029.0,24,26,2,0,24,26,19572,0,0,0,0,0
2020-04-21,US,Louisiana,De Soto,168,10,0,32.05457447,-93.74130302,22031.0,158,158,9,0,149,156,27436,10,1,0,9,2
2020-04-21,US,Louisiana,East Baton Rouge,1560,90,0,30.53842039,-91.09777565,22033.0,1470,1534,74,0,1460,1512,440956,26,16,0,10,22
2020-04-21,US,Louisiana,East Carroll,1,0,0,32.73926954,-91.23425694,22035.0,1,1,0,0,1,1,7037,0,0,0,0,0
2020-04-21,US,Louisiana,East Feliciana,101,8,0,30.84425359,-91.04976723,22037.0,93,95,7,0,88,93,19305,6,1,0,5,2
2020-04-21,US,Louisiana,Evangeline,43,0,0,30.72985248,-92.39915924,22039.0,43,43,0,0,43,43,33443,0,0,0,0,0
2020-04-21,US,Louisiana,Franklin,87,2,0,32.13675181,-91.67589857,22041.0,85,83,2,0,81,81,20156,4,0,0,4,2
2020-04-21,US,Louisiana,Grant,12,0,0,31.59882456,-92.56124347,22043.0,12,12,0,0,12,12,22482,0,0,0,0,0
2020-04-21,US,Louisiana,Iberia,195,10,0,29.86803617,-91.75871777,22045.0,185,194,9,0,185,184,70941,1,1,0,0,10
2020-04-21,US,Louisiana,Iberville,281,21,0,30.25734305,-91.3499598,22047.0,260,282,21,0,261,274,32721,-1,0,0,-1,8
2020-04-21,US,Louisiana,Jackson,15,0,0,32.30251776,-92.55692092,22049.0,15,15,0,0,15,14,15902,0,0,0,0,1
2020-04-21,US,Louisiana,Jefferson,5802,288,0,29.74075478,-90.11115756,22051.0,5514,5761,286,0,5475,5592,434051,41,2,0,39,169
2020-04-21,US,Louisiana,Jefferson Davis,57,5,0,30.26896765,-92.81210004,22053.0,52,55,5,0,50,55,31582,2,0,0,2,0
2020-04-21,US,Louisiana,LaSalle,14,0,0,31.67884782,-92.15907765,22059.0,14,14,0,0,14,13,14917,0,0,0,0,1
2020-04-21,US,Louisiana,Lafayette,429,17,0,30.2049055,-92.06959876,22055.0,412,423,17,0,406,419,242782,6,0,0,6,4
2020-04-21,US,Louisiana,Lafourche,576,30,0,29.52470226,-90.40976986,22057.0,546,573,27,0,546,566,98115,3,3,0,0,7
2020-04-21,US,Louisiana,Lincoln,52,2,0,32.6003154,-92.66597409999999,22061.0,50,51,2,0,49,49,47196,1,0,0,1,2
2020-04-21,US,Louisiana,Livingston,158,9,0,30.44143993,-90.73061664,22063.0,149,149,8,0,141,148,139567,9,1,0,8,1
2020-04-21,US,Louisiana,Madison,4,0,0,32.36918118,-91.23973355,22065.0,4,4,0,0,4,4,11161,0,0,0,0,0
2020-04-21,US,Louisiana,Morehouse,39,4,0,32.81686191,-91.80421614,22067.0,35,38,3,0,35,37,25398,1,1,0,0,1
2020-04-21,US,Louisiana,Natchitoches,58,1,0,31.72321584,-93.09816516,22069.0,57,58,1,0,57,57,38659,0,0,0,0,1
2020-04-21,US,Louisiana,Orleans,6169,344,0,30.06971951,-89.92660315,22071.0,5825,6148,339,0,5809,6000,391006,21,5,0,16,148
2020-04-21,US,Louisiana,Ouachita,532,13,0,32.47645559,-92.15704172,22073.0,519,518,13,0,505,511,154475,14,0,0,14,7
2020-04-21,US,Louisiana,Plaquemines,164,13,0,29.42245447,-89.60322085,22075.0,151,164,13,0,151,157,23410,0,0,0,0,7
2020-04-21,US,Louisiana,Pointe Coupee,80,10,0,30.71409502,-91.60209535,22077.0,70,71,7,0,64,69,21940,9,3,0,6,2
2020-04-21,US,Louisiana,Rapides,213,7,0,31.19778499,-92.52997303,22079.0,206,210,7,0,203,210,130562,3,0,0,3,0
2020-04-21,US,Louisiana,Red River,21,4,0,32.09530039,-93.34213308,22081.0,17,21,4,0,17,20,8477,0,0,0,0,1
2020-04-21,US,Louisiana,Richland,38,0,0,32.41391005,-91.76634876,22083.0,38,34,0,0,34,33,20192,4,0,0,4,1
2020-04-21,US,Louisiana,Sabine,14,0,0,31.56388699,-93.55433981,22085.0,14,13,0,0,13,13,24032,1,0,0,1,0
2020-04-21,US,Louisiana,St. Bernard,428,12,0,29.87761636,-89.51887093,22087.0,416,423,12,0,411,411,46721,5,0,0,5,12
2020-04-21,US,Louisiana,St. Charles,516,29,0,29.90709658,-90.35555967,22089.0,487,508,28,0,480,488,52879,8,1,0,7,20
2020-04-21,US,Louisiana,St. Helena,21,1,0,30.82210324,-90.71013176,22091.0,20,20,1,0,19,19,10262,1,0,0,1,1
2020-04-21,US,Louisiana,St. James,228,16,0,30.02531716,-90.80212061,22093.0,212,222,15,0,207,218,21037,6,1,0,5,4
2020-04-21,US,Louisiana,St. John the Baptist,686,57,0,30.12597499,-90.4753503,22095.0,629,669,53,0,616,642,43184,17,4,0,13,27
2020-04-21,US,Louisiana,St. Landry,136,26,0,30.59724262,-92.00135806,22097.0,110,136,20,0,116,134,82764,0,6,0,-6,2
2020-04-21,US,Louisiana,St. Martin,193,13,0,30.13112107,-91.61403569,22099.0,180,193,12,0,181,190,53621,0,1,0,-1,3
2020-04-21,US,Louisiana,St. Mary,160,16,0,29.69262097,-91.44702164,22101.0,144,156,12,0,144,149,49774,4,4,0,0,7
2020-04-21,US,Louisiana,St. Tammany,1067,74,0,30.40942847,-89.95642711,22103.0,993,1057,73,0,984,1011,258111,10,1,0,9,46
2020-04-21,US,Louisiana,Tangipahoa,489,19,0,30.62888673,-90.40664996,22105.0,470,452,19,0,433,442,133777,37,0,0,37,10
2020-04-21,US,Louisiana,Tensas,1,0,0,32.00760749,-91.32915234,22107.0,1,1,0,0,1,1,4462,0,0,0,0,0
2020-04-21,US,Louisiana,Terrebonne,346,25,0,29.37343766,-90.82626855,22109.0,321,342,21,0,321,320,111021,4,4,0,0,22
2020-04-21,US,Louisiana,Unassigned,59,2,0,0.0,0.0,90022.0,57,59,1,0,58,58,,0,1,0,-1,1
2020-04-21,US,Louisiana,Union,82,5,0,32.83121059,-92.3749373,22111.0,77,79,5,0,74,78,22330,3,0,0,3,1
2020-04-21,US,Louisiana,Vermilion,33,1,0,29.83517605,-92.30292538,22113.0,32,33,1,0,32,30,59830,0,0,0,0,3
2020-04-21,US,Louisiana,Vernon,14,1,0,31.10884837,-93.18153838,22115.0,13,14,1,0,13,14,48860,0,0,0,0,0
2020-04-21,US,Louisiana,Washington,206,13,0,30.85288548,-90.03866652,22117.0,193,195,11,0,184,191,46582,11,2,0,9,4
2020-04-21,US,Louisiana,Webster,79,4,0,32.70847669,-93.33121835,22119.0,75,78,4,0,74,76,38798,1,0,0,1,2
2020-04-21,US,Louisiana,West Baton Rouge,90,12,0,30.46058217,-91.30989571,22121.0,78,90,10,0,80,88,26427,0,2,0,-2,2
2020-04-21,US,Louisiana,West Carroll,4,0,0,32.78550125,-91.461201,22123.0,4,4,0,0,4,4,10982,0,0,0,0,0
2020-04-21,US,Louisiana,West Feliciana,81,1,0,30.87882871,-91.41485379999999,22125.0,80,78,1,0,77,74,15460,3,0,0,3,4
2020-04-21,US,Louisiana,Winn,19,2,0,31.94449367,-92.63789413,22127.0,17,19,2,0,17,19,14134,0,0,0,0,0
2020-04-21,US,Maine,Androscoggin,36,1,0,44.1664747,-70.20380627,23001.0,35,35,1,0,34,35,107679,1,0,0,1,0
2020-04-21,US,Maine,Aroostook,2,0,0,46.65926321,-68.59841248,23003.0,2,2,0,0,2,2,67111,0,0,0,0,0
2020-04-21,US,Maine,Cumberland,386,17,0,43.8370751,-70.37226999,23005.0,369,380,16,0,364,378,293557,6,1,0,5,2
2020-04-21,US,Maine,Franklin,13,0,0,44.97330019,-70.44381045,23007.0,13,13,0,0,13,12,29897,0,0,0,0,1
2020-04-21,US,Maine,Hancock,6,0,0,44.59816444,-68.38401854,23009.0,6,6,0,0,6,6,54811,0,0,0,0,0
2020-04-21,US,Maine,Kennebec,97,4,0,44.40759555,-69.76738544,23011.0,93,97,4,0,93,97,122083,0,0,0,0,0
2020-04-21,US,Maine,Knox,13,0,0,44.11486325,-69.10529169,23013.0,13,12,0,0,12,12,39771,1,0,0,1,0
2020-04-21,US,Maine,Lincoln,12,0,0,44.05996956,-69.54227124,23015.0,12,12,0,0,12,12,34342,0,0,0,0,0
2020-04-21,US,Maine,Oxford,14,0,0,44.49952995,-70.75682123,23017.0,14,14,0,0,14,14,57618,0,0,0,0,0
2020-04-21,US,Maine,Penobscot,46,0,0,45.40194593,-68.65020455,23019.0,46,44,0,0,44,43,151096,2,0,0,2,1
2020-04-21,US,Maine,Piscataquis,1,0,0,45.83839062,-69.2860223,23021.0,1,1,0,0,1,1,16800,0,0,0,0,0
2020-04-21,US,Maine,Sagadahoc,17,0,0,43.95415864,-69.85074999,23023.0,17,16,0,0,16,16,35634,1,0,0,1,0
2020-04-21,US,Maine,Somerset,16,0,0,45.51229767,-69.95995554,23025.0,16,16,0,0,16,16,50592,0,0,0,0,0
2020-04-21,US,Maine,Unassigned,1,0,0,0.0,0.0,90023.0,1,1,0,0,1,2,,0,0,0,0,-1
2020-04-21,US,Maine,Waldo,43,8,0,44.4858305,-69.12061935,23027.0,35,43,8,0,35,42,39694,0,0,0,0,1
2020-04-21,US,Maine,Washington,2,0,0,45.01607142,-67.62813524,23029.0,2,2,0,0,2,2,31490,0,0,0,0,0
2020-04-21,US,Maine,York,183,6,0,43.47808377,-70.71052375,23031.0,177,181,6,0,175,177,206229,2,0,0,2,4
2020-04-21,US,Maryland,Allegany,56,2,0,39.62357628,-78.69280486,24001.0,54,32,1,0,31,33,70975,24,1,0,23,-1
2020-04-21,US,Maryland,Anne Arundel,1157,52,0,39.00670238,-76.60329337,24003.0,1105,1098,48,0,1050,1047,576031,59,4,0,55,51
2020-04-21,US,Maryland,Baltimore,1925,58,0,39.45784712,-76.62911955,24005.0,1867,1875,50,0,1825,1733,828431,50,8,0,42,142
2020-04-21,US,Maryland,Baltimore City,1542,59,0,39.30211911,-76.61151012,24510.0,1483,1511,54,0,1457,1392,621342,31,5,0,26,119
2020-04-21,US,Maryland,Calvert,116,4,0,38.53961642,-76.56820632,24009.0,112,114,3,0,111,113,92003,2,1,0,1,1
2020-04-21,US,Maryland,Caroline,41,0,0,38.87172293,-75.82904158,24011.0,41,39,0,0,39,33,33304,2,0,0,2,6
2020-04-21,US,Maryland,Carroll,330,31,0,39.56453592,-77.02373735,24013.0,299,335,31,0,304,313,168429,-5,0,0,-5,22
2020-04-21,US,Maryland,Cecil,134,3,0,39.56647682,-75.94627411,24015.0,131,134,3,0,131,131,102826,0,0,0,0,3
2020-04-21,US,Maryland,Charles,401,23,0,38.51092331,-76.98580666,24017.0,378,392,20,0,372,370,161503,9,3,0,6,22
2020-04-21,US,Maryland,Dorchester,25,1,0,38.45413522,-76.02752426,24019.0,24,23,1,0,22,21,31998,2,0,0,2,2
2020-04-21,US,Maryland,Frederick,632,33,0,39.47296601,-77.39999394,24021.0,599,616,30,0,586,591,255648,16,3,0,13,25
2020-04-21,US,Maryland,Garrett,4,0,0,39.52786077,-79.27355126,24023.0,4,4,0,0,4,4,29163,0,0,0,0,0
2020-04-21,US,Maryland,Harford,232,7,0,39.55010644,-76.30775940000002,24025.0,225,226,6,0,220,210,253956,6,1,0,5,16
2020-04-21,US,Maryland,Howard,565,13,0,39.25305293,-76.93126208,24027.0,552,538,13,0,525,515,323196,27,0,0,27,23
2020-04-21,US,Maryland,Kent,29,1,0,39.24976208,-76.04741541,24029.0,28,28,1,0,27,18,19383,1,0,0,1,10
2020-04-21,US,Maryland,Montgomery,2768,116,0,39.13676329,-77.20358245,24031.0,2652,2647,106,0,2541,2507,1052567,121,10,0,111,140
2020-04-21,US,Maryland,Prince George's,3734,118,0,38.83070039,-76.8496441,24033.0,3616,3583,112,0,3471,3345,909308,151,6,0,145,238
2020-04-21,US,Maryland,Queen Anne's,27,2,0,39.06198912,-76.03530977,24035.0,25,26,2,0,24,25,50251,1,0,0,1,1
2020-04-21,US,Maryland,Somerset,11,0,0,38.1163542,-75.75118623,24039.0,11,11,0,0,11,10,25675,0,0,0,0,1
2020-04-21,US,Maryland,St. Mary's,107,3,0,38.30058422,-76.60629279999998,24037.0,104,107,2,0,105,122,112664,0,1,0,-1,-15
2020-04-21,US,Maryland,Talbot,22,1,0,38.76618159,-76.10882561,24041.0,21,22,1,0,21,19,36968,0,0,0,0,3
2020-04-21,US,Maryland,Unassigned,0,120,0,0.0,0.0,90024.0,-120,0,92,0,-92,,,0,28,0,-28,
2020-04-21,US,Maryland,Washington,126,3,0,39.60835778,-77.82002295,24043.0,123,123,3,0,120,117,150926,3,0,0,3,6
2020-04-21,US,Maryland,Wicomico,176,2,0,38.37301947,-75.62705831,24045.0,174,166,3,0,163,145,103195,10,-1,0,11,21
2020-04-21,US,Maryland,Worcester,33,0,0,38.21274277,-75.33200012,24047.0,33,34,0,0,34,33,51823,-1,0,0,-1,1
2020-04-21,US,Massachusetts,Barnstable,672,22,0,41.72980578,-70.28854339,25001.0,650,632,21,0,611,632,213413,40,1,0,39,0
2020-04-21,US,Massachusetts,Berkshire,404,29,0,42.37428441,-73.20524838,25003.0,375,387,27,0,360,387,126348,17,2,0,15,0
2020-04-21,US,Massachusetts,Bristol,1852,96,0,41.79228404,-71.10872211,25005.0,1756,1731,87,0,1644,1731,564022,121,9,0,112,0
2020-04-21,US,Massachusetts,Dukes and Nantucket,23,1,0,41.40674725,-70.68763497,0.0,22,23,1,0,22,23,26707,0,0,0,0,0
2020-04-21,US,Massachusetts,Essex,5521,245,0,42.6687626,-70.94687179,25009.0,5276,5153,209,0,4944,5153,790638,368,36,0,332,0
2020-04-21,US,Massachusetts,Franklin,192,29,0,42.58119713,-72.58602547,25011.0,163,181,26,0,155,181,70963,11,3,0,8,0
2020-04-21,US,Massachusetts,Hampden,2533,244,0,42.13440424,-72.63235561,25013.0,2289,2337,211,0,2126,2337,470406,196,33,0,163,0
2020-04-21,US,Massachusetts,Hampshire,337,10,0,42.33997957,-72.65898478,25015.0,327,317,7,0,310,317,161355,20,3,0,17,0
2020-04-21,US,Massachusetts,Middlesex,9621,428,0,42.48607732,-71.39049229,25017.0,9193,8737,372,0,8365,8737,1614714,884,56,0,828,0
2020-04-21,US,Massachusetts,Norfolk,4062,290,0,42.16073095,-71.20530408,25021.0,3772,3789,244,0,3545,3789,705388,273,46,0,227,0
2020-04-21,US,Massachusetts,Plymouth,3043,141,0,41.94070556,-70.80802823,25023.0,2902,2832,131,0,2701,2832,518132,211,10,0,201,0
2020-04-21,US,Massachusetts,Suffolk,8669,285,0,42.327951399999996,-71.07850442,25025.0,8384,8074,236,0,7838,8074,807252,595,49,0,546,0
2020-04-21,US,Massachusetts,Unassigned,929,8,0,0.0,0.0,90025.0,921,815,20,0,795,815,,114,-12,0,126,0
2020-04-21,US,Massachusetts,Worcester,3341,133,0,42.35026951,-71.90493363,25027.0,3208,3069,114,0,2955,3069,830839,272,19,0,253,0
2020-04-21,US,Michigan,Alcona,4,0,0,44.6846864,-83.59507875,26001.0,4,4,0,0,4,1,10362,0,0,0,0,3
2020-04-21,US,Michigan,Allegan,47,0,0,42.59147037,-85.89102866,26005.0,47,42,0,0,42,41,117327,5,0,0,5,1
2020-04-21,US,Michigan,Alpena,35,1,0,45.03477666,-83.62212411,26007.0,34,15,1,0,14,14,28360,20,0,0,20,1
2020-04-21,US,Michigan,Antrim,9,0,0,44.99690221,-85.15503082,26009.0,9,9,0,0,9,9,23365,0,0,0,0,0
2020-04-21,US,Michigan,Arenac,13,1,0,44.0636262,-83.89277559,26011.0,12,12,1,0,11,11,15041,1,0,0,1,1
2020-04-21,US,Michigan,Barry,26,1,0,42.59513984,-85.30834519,26015.0,25,26,1,0,25,25,61157,0,0,0,0,1
2020-04-21,US,Michigan,Bay,86,2,0,43.70639106,-83.98731479,26017.0,84,85,2,0,83,82,103923,1,0,0,1,3
2020-04-21,US,Michigan,Benzie,4,0,0,44.63899297,-86.01608482,26019.0,4,4,0,0,4,3,17753,0,0,0,0,1
2020-04-21,US,Michigan,Berrien,170,10,0,41.95447397,-86.41313079999998,26021.0,160,164,8,0,156,158,154141,6,2,0,4,6
2020-04-21,US,Michigan,Branch,43,2,0,41.91600556,-85.05929476,26023.0,41,40,2,0,38,38,43622,3,0,0,3,2
2020-04-21,US,Michigan,Calhoun,156,5,0,42.24633834,-85.00493569,26025.0,151,148,5,0,143,141,134487,8,0,0,8,7
2020-04-21,US,Michigan,Cass,22,1,0,41.91522292,-85.99405727,26027.0,21,22,1,0,21,22,51653,0,0,0,0,0
2020-04-21,US,Michigan,Charlevoix,12,1,0,45.37790017,-85.19614053,26029.0,11,12,1,0,11,12,26244,0,0,0,0,0
2020-04-21,US,Michigan,Cheboygan,14,1,0,45.44787015,-84.50122149,26031.0,13,14,1,0,13,14,25413,0,0,0,0,0
2020-04-21,US,Michigan,Chippewa,2,0,0,46.29552653,-84.54353449,26033.0,2,2,0,0,2,1,37517,0,0,0,0,1
2020-04-21,US,Michigan,Clare,9,1,0,43.98794227,-84.84819859999998,26035.0,8,9,1,0,8,8,30757,0,0,0,0,1
2020-04-21,US,Michigan,Clinton,105,7,0,42.94400871,-84.60145248,26037.0,98,104,7,0,97,103,79332,1,0,0,1,1
2020-04-21,US,Michigan,Crawford,30,2,0,44.68255561,-84.61006219,26039.0,28,29,2,0,27,29,13901,1,0,0,1,0
2020-04-21,US,Michigan,Delta,13,2,0,45.90484910000001,-86.9080745,26041.0,11,13,1,0,12,12,35857,0,1,0,-1,1
2020-04-21,US,Michigan,Dickinson,3,2,0,46.00999672,-87.86961634,26043.0,1,3,2,0,1,3,25383,0,0,0,0,0
2020-04-21,US,Michigan,Eaton,99,5,0,42.59599185,-84.83740035,26045.0,94,90,5,0,85,88,109826,9,0,0,9,2
2020-04-21,US,Michigan,Emmet,21,2,0,45.52625509,-84.89083249,26047.0,19,21,2,0,19,21,33308,0,0,0,0,0
2020-04-21,US,Michigan,Federal Correctional Institution (FCI),57,0,0,0.0,0.0,0.0,57,55,0,0,55,51,,2,0,0,2,4
2020-04-21,US,Michigan,Genesee,1298,131,0,43.02244215,-83.70589709,26049.0,1167,1256,123,0,1133,1240,406892,42,8,0,34,16
2020-04-21,US,Michigan,Gladwin,9,1,0,43.98901072,-84.38774817,26051.0,8,9,1,0,8,9,25337,0,0,0,0,0
2020-04-21,US,Michigan,Gogebic,4,1,0,46.40862701,-89.69377193,26053.0,3,4,1,0,3,4,15096,0,0,0,0,0
2020-04-21,US,Michigan,Grand Traverse,19,5,0,44.69565625,-85.55585247,26055.0,14,19,4,0,15,18,92573,0,1,0,-1,1
2020-04-21,US,Michigan,Gratiot,8,1,0,43.29265605,-84.60505416,26057.0,7,8,1,0,7,8,40599,0,0,0,0,0
2020-04-21,US,Michigan,Hillsdale,94,11,0,41.88753639,-84.59312019,26059.0,83,90,11,0,79,90,45749,4,0,0,4,0
2020-04-21,US,Michigan,Houghton,2,0,0,46.89988536,-88.68495385,26061.0,2,2,0,0,2,2,36219,0,0,0,0,0
2020-04-21,US,Michigan,Huron,10,1,0,43.83353985,-83.04078453,26063.0,9,10,1,0,9,10,31166,0,0,0,0,0
2020-04-21,US,Michigan,Ingham,335,6,0,42.59716886,-84.37472069,26065.0,329,314,6,0,308,308,292735,21,0,0,21,6
2020-04-21,US,Michigan,Ionia,26,2,0,42.94502238,-85.07413319,26067.0,24,23,2,0,21,24,64210,3,0,0,3,-1
2020-04-21,US,Michigan,Iosco,15,2,0,44.35486835,-83.63484895,26069.0,13,13,2,0,11,11,25081,2,0,0,2,2
2020-04-21,US,Michigan,Isabella,53,7,0,43.64060976,-84.84664923,26073.0,46,52,7,0,45,52,70562,1,0,0,1,0
2020-04-21,US,Michigan,Jackson,280,12,0,42.24807035,-84.42258681,26075.0,268,260,10,0,250,248,158823,20,2,0,18,12
2020-04-21,US,Michigan,Kalamazoo,201,10,0,42.24542231,-85.53038622,26077.0,191,185,9,0,176,166,264870,16,1,0,15,19
2020-04-21,US,Michigan,Kalkaska,17,2,0,44.68512729,-85.09085699,26079.0,15,17,2,0,15,17,17824,0,0,0,0,0
2020-04-21,US,Michigan,Kent,626,25,0,43.03197711,-85.54934642,26081.0,601,550,24,0,526,503,653786,76,1,0,75,47
2020-04-21,US,Michigan,Lake,2,0,0,43.99050893,-85.802173,26085.0,2,2,0,0,2,2,11881,0,0,0,0,0
2020-04-21,US,Michigan,Lapeer,148,22,0,43.09052506,-83.22153148,26087.0,126,145,20,0,125,143,88028,3,2,0,1,2
2020-04-21,US,Michigan,Leelanau,7,0,0,44.94430054,-85.80150326,26089.0,7,7,0,0,7,8,21764,0,0,0,0,-1
2020-04-21,US,Michigan,Lenawee,71,0,0,41.89475156,-84.06603727,26091.0,71,65,0,0,65,64,98266,6,0,0,6,1
2020-04-21,US,Michigan,Livingston,301,11,0,42.60302282,-83.91297209,26093.0,290,288,11,0,277,279,191224,13,0,0,13,9
2020-04-21,US,Michigan,Luce,1,0,0,46.47227431,-85.54471223,26095.0,1,1,0,0,1,1,6283,0,0,0,0,0
2020-04-21,US,Michigan,Mackinac,4,0,0,46.07028979,-85.04980537,26097.0,4,4,0,0,4,4,10787,0,0,0,0,0
2020-04-21,US,Michigan,Macomb,4544,445,0,42.69158356,-82.92752801,26099.0,4099,4425,403,0,4022,4360,874759,119,42,0,77,65
2020-04-21,US,Michigan,Manistee,11,0,0,44.33352407,-86.05626916,26101.0,11,11,0,0,11,11,24528,0,0,0,0,0
2020-04-21,US,Michigan,Marquette,35,6,0,46.4338914,-87.64043701,26103.0,29,32,6,0,26,32,66516,3,0,0,3,0
2020-04-21,US,Michigan,Mason,4,0,0,43.99509218,-86.24988902,26105.0,4,4,0,0,4,4,29100,0,0,0,0,0
2020-04-21,US,Michigan,Mecosta,14,1,0,43.64064262,-85.32463223,26107.0,13,13,1,0,12,12,43545,1,0,0,1,1
2020-04-21,US,Michigan,Menominee,1,0,0,45.58038692,-87.55370409,26109.0,1,1,0,0,1,1,22983,0,0,0,0,0
2020-04-21,US,Michigan,Michigan Department of Corrections (MDOC),615,20,0,0.0,0.0,0.0,595,561,19,0,542,556,,54,1,0,53,5
2020-04-21,US,Michigan,Midland,48,3,0,43.64330771,-84.38804374,26111.0,45,47,3,0,44,45,83209,1,0,0,1,2
2020-04-21,US,Michigan,Missaukee,6,1,0,44.33772443,-85.09256478,26113.0,5,5,1,0,4,4,15113,1,0,0,1,1
2020-04-21,US,Michigan,Monroe,241,10,0,41.92734151,-83.53749864,26115.0,231,236,10,0,226,233,150439,5,0,0,5,3
2020-04-21,US,Michigan,Montcalm,26,1,0,43.31082541,-85.15252824,26117.0,25,26,1,0,25,24,63968,0,0,0,0,2
2020-04-21,US,Michigan,Montmorency,4,0,0,45.0275929,-84.12696227,26119.0,4,4,0,0,4,4,9265,0,0,0,0,0
2020-04-21,US,Michigan,Muskegon,160,10,0,43.29123859,-86.15176712,26121.0,150,149,7,0,142,143,173588,11,3,0,8,6
2020-04-21,US,Michigan,Newaygo,10,0,0,43.554373999999996,-85.80070107,26123.0,10,7,0,0,7,7,48892,3,0,0,3,0
2020-04-21,US,Michigan,Oakland,6306,506,0,42.66090111,-83.38595416,26125.0,5800,6178,479,0,5699,6109,1259201,128,27,0,101,69
2020-04-21,US,Michigan,Oceana,4,1,0,43.64124435,-86.26726673,26127.0,3,3,1,0,2,3,26625,1,0,0,1,0
2020-04-21,US,Michigan,Ogemaw,6,0,0,44.33481032,-84.12725175,26129.0,6,6,0,0,6,6,20952,0,0,0,0,0
2020-04-21,US,Michigan,Osceola,8,0,0,43.98992088,-85.32566756,26133.0,8,7,0,0,7,6,23341,1,0,0,1,1
2020-04-21,US,Michigan,Oscoda,4,1,0,44.68192279,-84.12939244,26135.0,3,4,1,0,3,5,8276,0,0,0,0,-1
2020-04-21,US,Michigan,Otsego,77,6,0,45.02085831,-84.59898295,26137.0,71,72,5,0,67,72,24665,5,1,0,4,0
2020-04-21,US,Michigan,Ottawa,129,7,0,42.95996803,-85.9969107,26139.0,122,119,7,0,112,107,290494,10,0,0,10,12
2020-04-21,US,Michigan,Out of MI,69,2,0,0.0,0.0,80026.0,67,69,2,0,67,76,,0,0,0,0,-7
2020-04-21,US,Michigan,Presque Isle,6,0,0,45.34018577,-83.91498656,26141.0,6,2,0,0,2,2,12738,4,0,0,4,0
2020-04-21,US,Michigan,Roscommon,11,0,0,44.33473082,-84.61067651,26143.0,11,11,0,0,11,10,23884,0,0,0,0,1
2020-04-21,US,Michigan,Saginaw,433,32,0,43.33433923,-84.05131209999998,26145.0,401,419,29,0,390,404,190800,14,3,0,11,15
2020-04-21,US,Michigan,Sanilac,32,3,0,43.42406072,-82.82055898,26151.0,29,32,3,0,29,33,41182,0,0,0,0,-1
2020-04-21,US,Michigan,Schoolcraft,3,0,0,46.19235734,-86.19972234,26153.0,3,3,0,0,3,3,8068,0,0,0,0,0
2020-04-21,US,Michigan,Shiawassee,121,3,0,42.95392800000001,-84.14585902,26155.0,118,109,2,0,107,94,68192,12,1,0,11,15
2020-04-21,US,Michigan,St. Clair,259,15,0,42.92655373,-82.67937954,26147.0,244,252,11,0,241,244,159337,7,4,0,3,8
2020-04-21,US,Michigan,St. Joseph,25,1,0,41.91441767,-85.52797979,26149.0,24,25,1,0,24,25,61043,0,0,0,0,0
2020-04-21,US,Michigan,Tuscola,63,12,0,43.46606813,-83.41897025,26157.0,51,63,12,0,51,61,52516,0,0,0,0,2
2020-04-21,US,Michigan,Unassigned,28,4,0,0.0,0.0,90026.0,24,28,4,0,24,29,,0,0,0,0,-1
2020-04-21,US,Michigan,Van Buren,34,2,0,42.25190229,-86.01939087,26159.0,32,33,2,0,31,32,75448,1,0,0,1,1
2020-04-21,US,Michigan,Washtenaw,900,38,0,42.253105,-83.83853204,26161.0,862,878,31,0,847,870,370963,22,7,0,15,8
2020-04-21,US,Michigan,Wayne,13912,1148,0,42.28098405,-83.281255,26163.0,12764,13912,1148,0,12764,13692,1753893,0,0,0,0,220
2020-04-21,US,Michigan,Wexford,7,1,0,44.33853602,-85.57712739,26165.0,6,7,1,0,6,7,33466,0,0,0,0,0
2020-04-21,US,Minnesota,Aitkin,1,0,0,46.60962049,-93.41168259999999,27001.0,1,1,0,0,1,1,15902,0,0,0,0,0
2020-04-21,US,Minnesota,Anoka,97,2,0,45.27476015,-93.24604565,27003.0,95,95,2,0,93,93,353813,2,0,0,2,2
2020-04-21,US,Minnesota,Becker,1,0,0,46.93479392,-95.67158144,27005.0,1,1,0,0,1,1,34371,0,0,0,0,0
2020-04-21,US,Minnesota,Beltrami,5,0,0,47.97373527,-94.93732139,27007.0,5,5,0,0,5,5,46847,0,0,0,0,0
2020-04-21,US,Minnesota,Benton,4,0,0,45.69804958,-93.99514135,27009.0,4,4,0,0,4,4,40545,0,0,0,0,0
2020-04-21,US,Minnesota,Big Stone,1,0,0,45.42712824,-96.41403739,27011.0,1,1,0,0,1,1,4989,0,0,0,0,0
2020-04-21,US,Minnesota,Blue Earth,24,0,0,44.03554215,-94.06699781,27013.0,24,24,0,0,24,23,67427,0,0,0,0,1
2020-04-21,US,Minnesota,Brown,8,1,0,44.24205652,-94.72562874,27015.0,7,7,1,0,6,7,25111,1,0,0,1,0
2020-04-21,US,Minnesota,Carlton,37,0,0,46.59180601,-92.67601019,27017.0,37,37,0,0,37,36,35837,0,0,0,0,1
2020-04-21,US,Minnesota,Carver,14,0,0,44.82017001,-93.80099179999999,27019.0,14,14,0,0,14,14,103551,0,0,0,0,0
2020-04-21,US,Minnesota,Cass,4,0,0,46.95043611,-94.32603968,27021.0,4,4,0,0,4,4,29519,0,0,0,0,0
2020-04-21,US,Minnesota,Chippewa,1,0,0,45.02343421,-95.56403693,27023.0,1,1,0,0,1,,11924,0,0,0,0,
2020-04-21,US,Minnesota,Chisago,7,1,0,45.5021011,-92.90861945,27025.0,6,7,1,0,6,7,55922,0,0,0,0,0
2020-04-21,US,Minnesota,Clay,68,3,0,46.89289518,-96.48761922,27027.0,65,62,3,0,59,55,63955,6,0,0,6,7
2020-04-21,US,Minnesota,Clearwater,3,0,0,47.57992111,-95.37790562,27029.0,3,3,0,0,3,3,8810,0,0,0,0,0
2020-04-21,US,Minnesota,Cottonwood,6,0,0,44.00715262,-95.18138802,27033.0,6,6,0,0,6,6,11277,0,0,0,0,0
2020-04-21,US,Minnesota,Crow Wing,20,0,0,46.48096553,-94.06755609,27035.0,20,20,0,0,20,19,64889,0,0,0,0,1
2020-04-21,US,Minnesota,Dakota,127,6,0,44.67172617,-93.06299363,27037.0,121,124,6,0,118,116,425423,3,0,0,3,8
2020-04-21,US,Minnesota,Dodge,18,0,0,44.02238415,-92.86244324,27039.0,18,18,0,0,18,18,20822,0,0,0,0,0
2020-04-21,US,Minnesota,Douglas,2,0,0,45.93348491,-95.45335469,27041.0,2,2,0,0,2,2,37964,0,0,0,0,0
2020-04-21,US,Minnesota,Faribault,4,0,0,43.67381499,-93.94787458,27043.0,4,4,0,0,4,4,13758,0,0,0,0,0
2020-04-21,US,Minnesota,Fillmore,11,0,0,43.67394126,-92.08980382,27045.0,11,11,0,0,11,10,21058,0,0,0,0,1
2020-04-21,US,Minnesota,Freeborn,33,0,0,43.67385583,-93.34884422,27047.0,33,33,0,0,33,34,30444,0,0,0,0,-1
2020-04-21,US,Minnesota,Goodhue,19,0,0,44.40849741,-92.72341949999999,27049.0,19,19,0,0,19,19,46403,0,0,0,0,0
2020-04-21,US,Minnesota,Hennepin,1013,95,0,45.00761521,-93.47694895,27053.0,918,975,80,0,895,924,1259428,38,15,0,23,51
2020-04-21,US,Minnesota,Houston,1,0,0,43.67129565,-91.49143057,27055.0,1,1,0,0,1,1,18578,0,0,0,0,0
2020-04-21,US,Minnesota,Isanti,6,0,0,45.56181234,-93.29487636,27059.0,6,6,0,0,6,5,39966,0,0,0,0,1
2020-04-21,US,Minnesota,Itasca,2,0,0,47.51009045,-93.63092229,27061.0,2,2,0,0,2,2,45108,0,0,0,0,0
2020-04-21,US,Minnesota,Jackson,2,0,0,43.67423373,-95.15398258,27063.0,2,2,0,0,2,2,9911,0,0,0,0,0
2020-04-21,US,Minnesota,Kandiyohi,3,0,0,45.1526059,-95.00586446,27067.0,3,3,0,0,3,2,42855,0,0,0,0,1
2020-04-21,US,Minnesota,Kittson,1,0,0,48.77754106,-96.78317184,27069.0,1,1,0,0,1,1,4248,0,0,0,0,0
2020-04-21,US,Minnesota,Koochiching,1,0,0,48.24539665,-93.78352843,27071.0,1,1,0,0,1,1,12440,0,0,0,0,0
2020-04-21,US,Minnesota,Lac qui Parle,1,0,0,44.9973857,-96.17488219,27073.0,1,1,0,0,1,1,6658,0,0,0,0,0
2020-04-21,US,Minnesota,Le Sueur,22,0,0,44.37136597,-93.72844721,27079.0,22,22,0,0,22,22,28494,0,0,0,0,0
2020-04-21,US,Minnesota,Lincoln,2,0,0,44.41311883,-96.26688165,27081.0,2,2,0,0,2,2,5673,0,0,0,0,0
2020-04-21,US,Minnesota,Lyon,5,0,0,44.41327865,-95.83806103,27083.0,5,5,0,0,5,5,25629,0,0,0,0,0
2020-04-21,US,Minnesota,Mahnomen,1,0,0,47.32557075,-95.80921485,27087.0,1,1,0,0,1,1,5519,0,0,0,0,0
2020-04-21,US,Minnesota,Marshall,1,0,0,48.35825983,-96.37017407,27089.0,1,1,0,0,1,1,9390,0,0,0,0,0
2020-04-21,US,Minnesota,Martin,41,4,0,43.67429718,-94.55099908,27091.0,37,41,4,0,37,39,19785,0,0,0,0,2
2020-04-21,US,Minnesota,McLeod,3,0,0,44.82367677,-94.27287017,27085.0,3,3,0,0,3,3,35873,0,0,0,0,0
2020-04-21,US,Minnesota,Meeker,3,0,0,45.12328869,-94.52839455,27093.0,3,3,0,0,3,3,23141,0,0,0,0,0
2020-04-21,US,Minnesota,Mille Lacs,1,1,0,45.93705297,-93.63236823,27095.0,0,1,1,0,0,1,26139,0,0,0,0,0
2020-04-21,US,Minnesota,Morrison,1,0,0,46.01265363,-94.27341528,27097.0,1,1,0,0,1,1,33169,0,0,0,0,0
2020-04-21,US,Minnesota,Mower,26,0,0,43.67142874,-92.75234549,27099.0,26,26,0,0,26,27,40011,0,0,0,0,-1
2020-04-21,US,Minnesota,Murray,3,0,0,44.02216709,-95.76328482,27101.0,3,3,0,0,3,3,8276,0,0,0,0,0
2020-04-21,US,Minnesota,Nicollet,7,2,0,44.35291112,-94.24710352,27103.0,5,7,2,0,5,7,34220,0,0,0,0,0
2020-04-21,US,Minnesota,Nobles,101,0,0,43.67434621,-95.75329576,27105.0,101,76,0,0,76,60,21924,25,0,0,25,16
2020-04-21,US,Minnesota,Norman,5,0,0,47.32628443,-96.45620947,27107.0,5,5,0,0,5,4,6475,0,0,0,0,1
2020-04-21,US,Minnesota,Olmsted,198,4,0,44.00374114,-92.40209944,27109.0,194,197,4,0,193,194,156277,1,0,0,1,3
2020-04-21,US,Minnesota,Otter Tail,6,0,0,46.40846929,-95.70835255,27111.0,6,6,0,0,6,6,58812,0,0,0,0,0
2020-04-21,US,Minnesota,Pennington,1,0,0,48.06642577,-96.0370814,27113.0,1,,,,,,14178,,,,,
2020-04-21,US,Minnesota,Pine,12,0,0,46.12105238,-92.74070188,27115.0,12,11,0,0,11,10,29483,1,0,0,1,1
2020-04-21,US,Minnesota,Pipestone,2,0,0,44.02301619,-96.25841142,27117.0,2,2,0,0,2,2,9047,0,0,0,0,0
2020-04-21,US,Minnesota,Polk,4,0,0,47.77372465,-96.40134647,27119.0,4,3,0,0,3,3,31529,1,0,0,1,0
2020-04-21,US,Minnesota,Ramsey,215,11,0,45.01625271,-93.09872295,27123.0,204,202,10,0,192,196,550210,13,1,0,12,6
2020-04-21,US,Minnesota,Red Lake,1,0,0,47.87197525,-96.09561104,27125.0,1,2,0,0,2,1,3999,-1,0,0,-1,1
2020-04-21,US,Minnesota,Redwood,1,0,0,44.40555844,-95.25207021,27127.0,1,1,0,0,1,1,15249,0,0,0,0,0
2020-04-21,US,Minnesota,Renville,3,0,0,44.72836381,-94.94553734,27129.0,3,3,0,0,3,3,14612,0,0,0,0,0
2020-04-21,US,Minnesota,Rice,7,1,0,44.3543376,-93.29658715,27131.0,6,7,1,0,6,8,66523,0,0,0,0,-1
2020-04-21,US,Minnesota,Rock,5,0,0,43.67482683,-96.25296832,27133.0,5,4,0,0,4,3,9414,1,0,0,1,1
2020-04-21,US,Minnesota,Roseau,1,0,0,48.77501878,-95.81079919,27135.0,1,1,0,0,1,1,15150,0,0,0,0,0
2020-04-21,US,Minnesota,Scott,27,1,0,44.6490231,-93.53340251,27139.0,26,27,1,0,26,25,147381,0,0,0,0,2
2020-04-21,US,Minnesota,Sherburne,13,0,0,45.44447208,-93.77617511,27141.0,13,13,0,0,13,13,96036,0,0,0,0,0
2020-04-21,US,Minnesota,Sibley,1,0,0,44.5796592,-94.23164924,27143.0,1,1,0,0,1,1,15028,0,0,0,0,0
2020-04-21,US,Minnesota,St. Louis,53,10,0,47.604840700000004,-92.46879855,27137.0,43,52,10,0,42,48,199754,1,0,0,1,4
2020-04-21,US,Minnesota,Stearns,18,0,0,45.55192576,-94.61078221,27145.0,18,17,0,0,17,16,159256,1,0,0,1,1
2020-04-21,US,Minnesota,Steele,9,0,0,44.02240351,-93.22627088,27147.0,9,9,0,0,9,9,36803,0,0,0,0,0
2020-04-21,US,Minnesota,Swift,1,0,0,45.2829032,-95.68264092,27151.0,1,1,0,0,1,1,9345,0,0,0,0,0
2020-04-21,US,Minnesota,Todd,3,0,0,46.06996226,-94.89785296,27153.0,3,3,0,0,3,2,24582,0,0,0,0,1
2020-04-21,US,Minnesota,Traverse,2,0,0,45.77298854,-96.47062949,27155.0,2,2,0,0,2,2,3308,0,0,0,0,0
2020-04-21,US,Minnesota,Unassigned,4,0,0,0.0,0.0,90027.0,4,4,0,0,4,4,,0,0,0,0,0
2020-04-21,US,Minnesota,Wabasha,8,0,0,44.28424356,-92.23121312,27157.0,8,8,0,0,8,8,21645,0,0,0,0,0
2020-04-21,US,Minnesota,Waseca,3,0,0,44.02211116,-93.58720034,27161.0,3,3,0,0,3,3,18691,0,0,0,0,0
2020-04-21,US,Minnesota,Washington,98,5,0,45.03864533,-92.88429635,27163.0,93,97,4,0,93,94,259201,1,1,0,0,3
2020-04-21,US,Minnesota,Watonwan,4,0,0,43.97823903,-94.61413846,27165.0,4,4,0,0,4,4,10980,0,0,0,0,0
2020-04-21,US,Minnesota,Wilkin,9,2,0,46.35721532,-96.4684375,27167.0,7,9,2,0,7,9,6254,0,0,0,0,0
2020-04-21,US,Minnesota,Winona,61,10,0,43.98772283,-91.78081305,27169.0,51,61,10,0,51,61,50825,0,0,0,0,0
2020-04-21,US,Minnesota,Wright,27,1,0,45.17297924,-93.96234781,27171.0,26,25,1,0,24,25,136349,2,0,0,2,0
2020-04-21,US,Minnesota,Yellow Medicine,3,0,0,44.71710183,-95.86842453,27173.0,3,3,0,0,3,3,9795,0,0,0,0,0
2020-04-21,US,Mississippi,Adams,90,6,0,31.47669768,-91.35326037,28001.0,84,83,6,0,77,81,31192,7,0,0,7,2
2020-04-21,US,Mississippi,Alcorn,7,0,0,34.88084463,-88.57996173,28003.0,7,7,0,0,7,8,36925,0,0,0,0,-1
2020-04-21,US,Mississippi,Amite,18,0,0,31.17467303,-90.80501621,28005.0,18,17,0,0,17,17,12326,1,0,0,1,0
2020-04-21,US,Mississippi,Attala,49,0,0,33.08658803,-89.57838564,28007.0,49,44,0,0,44,36,18365,5,0,0,5,8
2020-04-21,US,Mississippi,Benton,9,0,0,34.81681228,-89.18945516,28009.0,9,8,0,0,8,7,8271,1,0,0,1,1
2020-04-21,US,Mississippi,Bolivar,86,6,0,33.79696941,-90.87372121,28011.0,80,85,6,0,79,82,31333,1,0,0,1,3
2020-04-21,US,Mississippi,Calhoun,42,2,0,33.93683395,-89.33686647,28013.0,40,42,2,0,40,39,14436,0,0,0,0,3
2020-04-21,US,Mississippi,Carroll,14,1,0,33.44834567,-89.91994479,28015.0,13,14,1,0,13,14,9911,0,0,0,0,0
2020-04-21,US,Mississippi,Chickasaw,51,4,0,33.91983202,-88.9481545,28017.0,47,45,4,0,41,43,17171,6,0,0,6,2
2020-04-21,US,Mississippi,Choctaw,13,1,0,33.34598242,-89.24809382,28019.0,12,13,1,0,12,12,8278,0,0,0,0,1
2020-04-21,US,Mississippi,Claiborne,10,0,0,31.97061673,-90.90702196,28021.0,10,10,0,0,10,10,9002,0,0,0,0,0
2020-04-21,US,Mississippi,Clarke,31,2,0,32.04158545,-88.68896219999998,28023.0,29,29,2,0,27,27,15604,2,0,0,2,2
2020-04-21,US,Mississippi,Clay,27,1,0,33.65358105,-88.77784255,28025.0,26,26,1,0,25,25,19386,1,0,0,1,1
2020-04-21,US,Mississippi,Coahoma,52,2,0,34.22772299,-90.60415045,28027.0,50,49,2,0,47,48,22628,3,0,0,3,1
2020-04-21,US,Mississippi,Copiah,51,1,0,31.86977774,-90.44565118,28029.0,50,46,1,0,45,46,28543,5,0,0,5,0
2020-04-21,US,Mississippi,Covington,37,0,0,31.63225413,-89.55389939,28031.0,37,33,0,0,33,29,18853,4,0,0,4,4
2020-04-21,US,Mississippi,DeSoto,239,3,0,34.87625235,-89.99091418,28033.0,236,238,3,0,235,234,182001,1,0,0,1,4
2020-04-21,US,Mississippi,Forrest,151,4,0,31.18961454,-89.25832496,28035.0,147,147,4,0,143,144,75036,4,0,0,4,3
2020-04-21,US,Mississippi,Franklin,17,0,0,31.47786634,-90.89672989,28037.0,17,16,0,0,16,16,7788,1,0,0,1,0
2020-04-21,US,Mississippi,George,10,1,0,30.86259065,-88.64436789,28039.0,9,10,1,0,9,10,24250,0,0,0,0,0
2020-04-21,US,Mississippi,Greene,4,0,0,31.21444233,-88.63922281,28041.0,4,3,0,0,3,3,13586,1,0,0,1,0
2020-04-21,US,Mississippi,Grenada,26,0,0,33.77036166,-89.80245083,28043.0,26,26,0,0,26,20,21055,0,0,0,0,6
2020-04-21,US,Mississippi,Hancock,53,5,0,30.41830223,-89.48851033,28045.0,48,53,5,0,48,52,47334,0,0,0,0,1
2020-04-21,US,Mississippi,Harrison,151,5,0,30.51359752,-89.12467576,28047.0,146,145,5,0,140,144,206650,6,0,0,6,1
2020-04-21,US,Mississippi,Hinds,357,6,0,32.2656285,-90.44435448,28049.0,351,347,5,0,342,337,237085,10,1,0,9,10
2020-04-21,US,Mississippi,Holmes,61,5,0,33.12345854,-90.08923538,28051.0,56,60,4,0,56,58,17622,1,1,0,0,2
2020-04-21,US,Mississippi,Humphreys,13,3,0,33.12825718,-90.52252707,28053.0,10,12,3,0,9,12,8257,1,0,0,1,0
2020-04-21,US,Mississippi,Itawamba,26,1,0,34.27993475,-88.3606733,28057.0,25,26,1,0,25,21,23517,0,0,0,0,5
2020-04-21,US,Mississippi,Jackson,211,6,0,30.54020656,-88.64184064,28059.0,205,209,6,0,203,205,143277,2,0,0,2,4
2020-04-21,US,Mississippi,Jasper,23,1,0,32.01922104,-89.11786866,28061.0,22,23,1,0,22,23,16428,0,0,0,0,0
2020-04-21,US,Mississippi,Jefferson,5,0,0,31.73397872,-91.03764977,28063.0,5,6,0,0,6,4,7106,-1,0,0,-1,2
2020-04-21,US,Mississippi,Jefferson Davis,12,1,0,31.56884708,-89.82670990000004,28065.0,11,10,1,0,9,8,11234,2,0,0,2,2
2020-04-21,US,Mississippi,Jones,80,0,0,31.62257767,-89.16896899999998,28067.0,80,74,0,0,74,70,68461,6,0,0,6,4
2020-04-21,US,Mississippi,Kemper,23,0,0,32.75462946,-88.64105766,28069.0,23,21,0,0,21,19,10027,2,0,0,2,2
2020-04-21,US,Mississippi,Lafayette,68,3,0,34.35687874,-89.48490961,28071.0,65,67,3,0,64,64,54793,1,0,0,1,3
2020-04-21,US,Mississippi,Lamar,76,2,0,31.20572971,-89.5077704,28073.0,74,71,2,0,69,67,62447,5,0,0,5,4
2020-04-21,US,Mississippi,Lauderdale,232,17,0,32.40419769,-88.66229662,28075.0,215,220,15,0,205,202,75317,12,2,0,10,18
2020-04-21,US,Mississippi,Lawrence,20,0,0,31.55147224,-90.10841127,28077.0,20,17,0,0,17,16,12455,3,0,0,3,1
2020-04-21,US,Mississippi,Leake,99,1,0,32.7536828,-89.52402044,28079.0,98,86,1,0,85,77,22763,13,0,0,13,9
2020-04-21,US,Mississippi,Lee,64,4,0,34.291877500000005,-88.68149954,28081.0,60,63,4,0,59,60,85202,1,0,0,1,3
2020-04-21,US,Mississippi,Leflore,109,12,0,33.55545125,-90.29900733,28083.0,97,105,10,0,95,91,28919,4,2,0,2,14
2020-04-21,US,Mississippi,Lincoln,109,6,0,31.53288662,-90.45391915,28085.0,103,107,6,0,101,101,34205,2,0,0,2,6
2020-04-21,US,Mississippi,Lowndes,35,1,0,33.47386518,-88.44191529999998,28087.0,34,34,1,0,33,32,58930,1,0,0,1,2
2020-04-21,US,Mississippi,Madison,144,4,0,32.63389156,-90.03513564,28089.0,140,140,4,0,136,135,105630,4,0,0,4,5
2020-04-21,US,Mississippi,Marion,47,1,0,31.23132643,-89.8209217,28091.0,46,47,1,0,46,43,24715,0,0,0,0,4
2020-04-21,US,Mississippi,Marshall,39,2,0,34.76216286,-89.50299462,28093.0,37,38,2,0,36,38,35451,1,0,0,1,0
2020-04-21,US,Mississippi,Monroe,95,8,0,33.89236763,-88.4808438,28095.0,87,75,5,0,70,68,35564,20,3,0,17,7
2020-04-21,US,Mississippi,Montgomery,17,1,0,33.49419589,-89.61729103,28097.0,16,15,1,0,14,15,10023,2,0,0,2,0
2020-04-21,US,Mississippi,Neshoba,82,2,0,32.75339664,-89.11726492,28099.0,80,73,2,0,71,65,29125,9,0,0,9,8
2020-04-21,US,Mississippi,Newton,32,0,0,32.40021118,-89.11843336,28101.0,32,30,0,0,30,26,21443,2,0,0,2,4
2020-04-21,US,Mississippi,Noxubee,24,0,0,33.11009499,-88.56949061,28103.0,24,22,0,0,22,22,10535,2,0,0,2,0
2020-04-21,US,Mississippi,Oktibbeha,44,3,0,33.42491685,-88.87905132,28105.0,41,43,2,0,41,43,49599,1,1,0,0,0
2020-04-21,US,Mississippi,Panola,37,2,0,34.36398677,-89.95064249,28107.0,35,36,2,0,34,35,34178,1,0,0,1,1
2020-04-21,US,Mississippi,Pearl River,134,10,0,30.77090935,-89.58677275,28109.0,124,132,10,0,122,126,55387,2,0,0,2,6
2020-04-21,US,Mississippi,Perry,22,1,0,31.17161885,-88.99281835,28111.0,21,22,1,0,21,22,11931,0,0,0,0,0
2020-04-21,US,Mississippi,Pike,118,3,0,31.17507789,-90.40392572,28113.0,115,115,2,0,113,104,39563,3,1,0,2,11
2020-04-21,US,Mississippi,Pontotoc,18,2,0,34.226046000000004,-89.03636807,28115.0,16,18,2,0,16,18,31833,0,0,0,0,0
2020-04-21,US,Mississippi,Prentiss,27,0,0,34.61810501,-88.51986294,28117.0,27,25,0,0,25,19,25315,2,0,0,2,6
2020-04-21,US,Mississippi,Quitman,13,0,0,34.25157572,-90.28908,28119.0,13,13,0,0,13,13,7051,0,0,0,0,0
2020-04-21,US,Mississippi,Rankin,146,4,0,32.26469147,-89.94537876,28121.0,142,141,2,0,139,133,153902,5,2,0,3,8
2020-04-21,US,Mississippi,Scott,158,0,0,32.406704100000006,-89.53789439,28123.0,158,148,0,0,148,130,28287,10,0,0,10,18
2020-04-21,US,Mississippi,Sharkey,3,0,0,32.88149103,-90.81595379999999,28125.0,3,3,0,0,3,3,4377,0,0,0,0,0
2020-04-21,US,Mississippi,Simpson,32,0,0,31.91282117,-89.91716179,28127.0,32,28,0,0,28,21,26758,4,0,0,4,7
2020-04-21,US,Mississippi,Smith,50,2,0,32.01744532,-89.50644846,28129.0,48,47,2,0,45,45,16002,3,0,0,3,2
2020-04-21,US,Mississippi,Stone,19,0,0,30.79187949,-89.11547539,28131.0,19,19,0,0,19,18,18717,0,0,0,0,1
2020-04-21,US,Mississippi,Sunflower,48,2,0,33.60192578,-90.58882684,28133.0,46,47,2,0,45,47,25735,1,0,0,1,0
2020-04-21,US,Mississippi,Tallahatchie,8,1,0,33.95339918,-90.1729398,28135.0,7,8,1,0,7,8,13987,0,0,0,0,0
2020-04-21,US,Mississippi,Tate,34,0,0,34.65133709,-89.94485778,28137.0,34,34,0,0,34,31,28759,0,0,0,0,3
2020-04-21,US,Mississippi,Tippah,49,7,0,34.76872156,-88.90988194,28139.0,42,47,7,0,40,47,21995,2,0,0,2,0
2020-04-21,US,Mississippi,Tishomingo,4,0,0,34.74023475,-88.23917219,28141.0,4,4,0,0,4,4,19454,0,0,0,0,0
2020-04-21,US,Mississippi,Tunica,33,1,0,34.64967704,-90.37481167,28143.0,32,32,1,0,31,31,9944,1,0,0,1,1
2020-04-21,US,Mississippi,Union,12,1,0,34.49162015,-89.00776006,28145.0,11,11,1,0,10,11,28606,1,0,0,1,0
2020-04-21,US,Mississippi,Walthall,24,0,0,31.14971548,-90.10446654,28147.0,24,24,0,0,24,24,14465,0,0,0,0,0
2020-04-21,US,Mississippi,Warren,25,2,0,32.35810271,-90.83352619,28149.0,23,22,2,0,20,21,46176,3,0,0,3,1
2020-04-21,US,Mississippi,Washington,71,3,0,33.28392041,-90.94196237,28151.0,68,71,3,0,68,71,45063,0,0,0,0,0
2020-04-21,US,Mississippi,Wayne,12,0,0,31.64135687,-88.69573913,28153.0,12,12,0,0,12,11,20298,0,0,0,0,1
2020-04-21,US,Mississippi,Webster,16,1,0,33.61300486,-89.28392912,28155.0,15,15,1,0,14,15,9788,1,0,0,1,0
2020-04-21,US,Mississippi,Wilkinson,64,6,0,31.16078225,-91.31018819,28157.0,58,61,5,0,56,58,8792,3,1,0,2,3
2020-04-21,US,Mississippi,Winston,34,0,0,33.08747908,-89.03391385,28159.0,34,36,0,0,36,33,18165,-2,0,0,-2,3
2020-04-21,US,Mississippi,Yalobusha,17,0,0,34.02824175,-89.70762049999998,28161.0,17,16,0,0,16,15,12392,1,0,0,1,1
2020-04-21,US,Mississippi,Yazoo,103,1,0,32.77890365,-90.39656148,28163.0,102,95,1,0,94,91,28248,8,0,0,8,4
2020-04-21,US,Missouri,Adair,12,0,0,40.19058551,-92.60078167,29001.0,12,12,0,0,12,12,25339,0,0,0,0,0
2020-04-21,US,Missouri,Andrew,1,0,0,39.98492163,-94.80163024,29003.0,1,1,0,0,1,1,17607,0,0,0,0,0
2020-04-21,US,Missouri,Atchison,2,0,0,40.43238737,-95.42970639,29005.0,2,2,0,0,2,2,5171,0,0,0,0,0
2020-04-21,US,Missouri,Audrain,1,0,0,39.215877,-91.84242683,29007.0,1,,,,,,25473,,,,,
2020-04-21,US,Missouri,Barry,5,0,0,36.70978521,-93.82919888,29009.0,5,4,0,0,4,3,35886,1,0,0,1,1
2020-04-21,US,Missouri,Bates,6,1,0,38.25271289,-94.34113157,29013.0,5,6,1,0,5,6,16320,0,0,0,0,0
2020-04-21,US,Missouri,Benton,3,0,0,38.29503305,-93.28756116,29015.0,3,3,0,0,3,3,19278,0,0,0,0,0
2020-04-21,US,Missouri,Bollinger,3,0,0,37.32449052,-90.02725304,29017.0,3,3,0,0,3,3,12169,0,0,0,0,0
2020-04-21,US,Missouri,Boone,96,1,0,38.99186229,-92.30723575,29019.0,95,94,1,0,93,93,180005,2,0,0,2,1
2020-04-21,US,Missouri,Buchanan,33,1,0,39.65816401,-94.80138942,29021.0,32,32,1,0,31,31,88571,1,0,0,1,1
2020-04-21,US,Missouri,Butler,24,0,0,36.71462476,-90.40421163,29023.0,24,24,0,0,24,23,42639,0,0,0,0,1
2020-04-21,US,Missouri,Caldwell,2,0,0,39.65620858,-93.98308093,29025.0,2,2,0,0,2,2,9108,0,0,0,0,0
2020-04-21,US,Missouri,Callaway,21,1,0,38.83674754,-91.92186505,29027.0,20,21,1,0,20,21,44889,0,0,0,0,0
2020-04-21,US,Missouri,Camden,35,1,0,38.02199522,-92.76083747,29029.0,34,33,1,0,32,32,45815,2,0,0,2,1
2020-04-21,US,Missouri,Cape Girardeau,37,1,0,37.38489388,-89.6843587,29031.0,36,36,1,0,35,36,78753,1,0,0,1,0
2020-04-21,US,Missouri,Carter,3,1,0,36.94160441,-90.96051322,29035.0,2,3,1,0,2,3,6054,0,0,0,0,0
2020-04-21,US,Missouri,Cass,54,6,0,38.64789422,-94.353399,29037.0,48,53,6,0,47,53,104954,1,0,0,1,0
2020-04-21,US,Missouri,Cedar,5,0,0,37.72391475,-93.85445441,29039.0,5,5,0,0,5,5,14165,0,0,0,0,0
2020-04-21,US,Missouri,Chariton,4,0,0,39.51499357,-92.9629191,29041.0,4,4,0,0,4,4,7451,0,0,0,0,0
2020-04-21,US,Missouri,Christian,19,0,0,36.9711783,-93.18537118,29043.0,19,19,0,0,19,19,86983,0,0,0,0,0
2020-04-21,US,Missouri,Clark,1,0,0,40.41040752,-91.73661677,29045.0,1,1,0,0,1,1,6842,0,0,0,0,0
2020-04-21,US,Missouri,Clay,61,1,0,39.31132056,-94.41850862,29047.0,60,59,1,0,58,57,246365,2,0,0,2,2
2020-04-21,US,Missouri,Clinton,11,0,0,39.6013098,-94.40465394,29049.0,11,11,0,0,11,11,20470,0,0,0,0,0
2020-04-21,US,Missouri,Cole,46,1,0,38.50455671,-92.27860244,29051.0,45,46,1,0,45,46,76796,0,0,0,0,0
2020-04-21,US,Missouri,Cooper,5,0,0,38.844478,-92.80896081,29053.0,5,4,0,0,4,4,17603,1,0,0,1,0
2020-04-21,US,Missouri,Crawford,5,0,0,37.97663738,-91.30528104,29055.0,5,6,0,0,6,6,23957,-1,0,0,-1,0
2020-04-21,US,Missouri,Dallas,2,0,0,37.681135499999996,-93.02127031,29059.0,2,2,0,0,2,2,16762,0,0,0,0,0
2020-04-21,US,Missouri,Daviess,2,0,0,39.96145298,-93.98519678,29061.0,2,2,0,0,2,2,8313,0,0,0,0,0
2020-04-21,US,Missouri,DeKalb,3,0,0,39.89201062,-94.40476508,29063.0,3,3,0,0,3,3,12630,0,0,0,0,0
2020-04-21,US,Missouri,Dunklin,19,2,0,36.27167174,-90.09122243,29069.0,17,19,2,0,17,19,29423,0,0,0,0,0
2020-04-21,US,Missouri,Franklin,102,8,0,38.41127108,-91.07522826,29071.0,94,99,7,0,92,98,103670,3,1,0,2,1
2020-04-21,US,Missouri,Gasconade,2,0,0,38.43947277,-91.50847147,29073.0,2,2,0,0,2,2,14705,0,0,0,0,0
2020-04-21,US,Missouri,Gentry,1,0,0,40.21097916,-94.40944419,29075.0,1,1,0,0,1,1,6628,0,0,0,0,0
2020-04-21,US,Missouri,Greene,92,8,0,37.2575872,-93.34230916,29077.0,84,90,8,0,82,90,291923,2,0,0,2,0
2020-04-21,US,Missouri,Harrison,6,0,0,40.35570088,-93.99222144,29081.0,6,6,0,0,6,6,8414,0,0,0,0,0
2020-04-21,US,Missouri,Henry,6,1,0,38.38482826,-93.79293734,29083.0,5,6,1,0,5,6,21792,0,0,0,0,0
2020-04-21,US,Missouri,Holt,1,0,0,40.09799248,-95.21638879999999,29087.0,1,1,0,0,1,1,4404,0,0,0,0,0
2020-04-21,US,Missouri,Howard,2,0,0,39.1435761,-92.69756691,29089.0,2,2,0,0,2,2,10137,0,0,0,0,0
2020-04-21,US,Missouri,Howell,5,0,0,36.77383887,-91.88683935,29091.0,5,5,0,0,5,5,40076,0,0,0,0,0
2020-04-21,US,Missouri,Iron,2,0,0,37.55487945,-90.7735296,29093.0,2,2,0,0,2,2,10177,0,0,0,0,0
2020-04-21,US,Missouri,Jackson,279,11,0,39.01002188,-94.34724536,29095.0,268,271,11,0,260,268,700307,8,0,0,8,3
2020-04-21,US,Missouri,Jasper,29,0,0,37.20351921,-94.34050458,29097.0,29,28,0,0,28,28,120636,1,0,0,1,0
2020-04-21,US,Missouri,Jefferson,231,4,0,38.25926778,-90.53870896,29099.0,227,222,4,0,218,214,224347,9,0,0,9,8
2020-04-21,US,Missouri,Johnson,52,0,0,38.74719601,-93.80691168,29101.0,52,50,0,0,50,48,53652,2,0,0,2,2
2020-04-21,US,Missouri,Kansas City,438,13,0,39.0997,-94.5786,0.0,425,420,13,0,407,418,491918,18,0,0,18,2
2020-04-21,US,Missouri,Lafayette,30,1,0,39.06986886,-93.78076396,29107.0,29,30,1,0,29,30,32598,0,0,0,0,0
2020-04-21,US,Missouri,Lewis,1,0,0,40.09673161,-91.72070156,29111.0,1,,,,,,9855,,,,,
2020-04-21,US,Missouri,Lincoln,59,1,0,39.05345619,-90.95588181,29113.0,58,56,1,0,55,35,57686,3,0,0,3,21
2020-04-21,US,Missouri,Linn,5,1,0,39.87001769,-93.10704106,29115.0,4,5,1,0,4,5,12037,0,0,0,0,0
2020-04-21,US,Missouri,Livingston,2,0,0,39.78110272,-93.54645978,29117.0,2,2,0,0,2,2,15146,0,0,0,0,0
2020-04-21,US,Missouri,Macon,2,0,0,39.83049768,-92.56453089,29121.0,2,2,0,0,2,2,15153,0,0,0,0,0
2020-04-21,US,Missouri,Madison,1,0,0,37.47865134,-90.34671429999999,29123.0,1,1,0,0,1,1,12188,0,0,0,0,0
2020-04-21,US,Missouri,Maries,2,0,0,38.16193985,-91.92249662,29125.0,2,2,0,0,2,2,8769,0,0,0,0,0
2020-04-21,US,Missouri,Marion,3,0,0,39.80601912,-91.62203062,29127.0,3,,,,,,28592,,,,,
2020-04-21,US,Missouri,McDonald,4,0,0,36.62869595,-94.34867205,29119.0,4,4,0,0,4,4,23078,0,0,0,0,0
2020-04-21,US,Missouri,Miller,1,0,0,38.21450288,-92.42610898,29131.0,1,1,0,0,1,1,25336,0,0,0,0,0
2020-04-21,US,Missouri,Moniteau,53,0,0,38.63571781,-92.57976951,29135.0,53,39,0,0,39,39,16121,14,0,0,14,0
2020-04-21,US,Missouri,Montgomery,7,0,0,38.94022054,-91.47000721,29139.0,7,7,0,0,7,7,11534,0,0,0,0,0
2020-04-21,US,Missouri,Morgan,2,0,0,38.4181765,-92.88791859,29141.0,2,2,0,0,2,2,20358,0,0,0,0,0
2020-04-21,US,Missouri,New Madrid,9,0,0,36.59666326,-89.66070007,29143.0,9,9,0,0,9,9,17296,0,0,0,0,0
2020-04-21,US,Missouri,Newton,10,0,0,36.90519407,-94.3394104,29145.0,10,9,0,0,9,9,58266,1,0,0,1,0
2020-04-21,US,Missouri,Nodaway,3,0,0,40.36079813,-94.88133008,29147.0,3,3,0,0,3,3,22304,0,0,0,0,0
2020-04-21,US,Missouri,Oregon,1,0,0,36.68710164,-91.4033755,29149.0,1,1,0,0,1,1,10541,0,0,0,0,0
2020-04-21,US,Missouri,Osage,5,0,0,38.46036182,-91.8613635,29151.0,5,4,0,0,4,4,13714,1,0,0,1,0
2020-04-21,US,Missouri,Pemiscot,13,0,0,36.2130572,-89.78742322,29155.0,13,13,0,0,13,13,16272,0,0,0,0,0
2020-04-21,US,Missouri,Perry,38,0,0,37.70660776,-89.82741088,29157.0,38,41,0,0,41,41,19150,-3,0,0,-3,0
2020-04-21,US,Missouri,Pettis,14,0,0,38.72798918,-93.28471706,29159.0,14,13,0,0,13,13,42542,1,0,0,1,0
2020-04-21,US,Missouri,Phelps,1,0,0,37.87736118,-91.79351727,29161.0,1,1,0,0,1,1,44732,0,0,0,0,0
2020-04-21,US,Missouri,Pike,6,0,0,39.34310674,-91.16980779,29163.0,6,6,0,0,6,6,18504,0,0,0,0,0
2020-04-21,US,Missouri,Platte,27,0,0,39.38154439,-94.77068479,29165.0,27,27,0,0,27,27,102985,0,0,0,0,0
2020-04-21,US,Missouri,Polk,1,0,0,37.616229600000004,-93.39828174,29167.0,1,1,0,0,1,1,32201,0,0,0,0,0
2020-04-21,US,Missouri,Pulaski,31,1,0,37.82462075,-92.20783203,29169.0,30,31,1,0,30,31,52014,0,0,0,0,0
2020-04-21,US,Missouri,Ralls,1,0,0,39.52817427,-91.51838643,29173.0,1,1,0,0,1,1,10212,0,0,0,0,0
2020-04-21,US,Missouri,Randolph,8,0,0,39.44007257,-92.49713740000001,29175.0,8,8,0,0,8,8,24763,0,0,0,0,0
2020-04-21,US,Missouri,Ray,7,0,0,39.353746799999996,-93.98905745,29177.0,7,7,0,0,7,7,22883,0,0,0,0,0
2020-04-21,US,Missouri,Reynolds,2,0,0,37.36085952,-90.97009925,29179.0,2,2,0,0,2,2,6254,0,0,0,0,0
2020-04-21,US,Missouri,Ripley,3,0,0,36.65460667,-90.85990261,29181.0,3,4,0,0,4,4,13401,-1,0,0,-1,0
2020-04-21,US,Missouri,Saline,72,0,0,39.13734288,-93.20259964,29195.0,72,67,0,0,67,64,22895,5,0,0,5,3
2020-04-21,US,Missouri,Scotland,4,0,0,40.45214695,-92.14709064,29199.0,4,4,0,0,4,4,4966,0,0,0,0,0
2020-04-21,US,Missouri,Scott,52,1,0,37.05588075,-89.56474493,29201.0,51,51,1,0,50,51,38458,1,0,0,1,0
2020-04-21,US,Missouri,Shelby,1,0,0,39.79742518,-92.07634971,29205.0,1,1,0,0,1,1,6050,0,0,0,0,0
2020-04-21,US,Missouri,St. Charles,469,23,0,38.77875681,-90.66662425,29183.0,446,458,19,0,439,443,399182,11,4,0,7,15
2020-04-21,US,Missouri,St. Clair,2,0,0,38.03699437,-93.77631447,29185.0,2,2,0,0,2,2,9395,0,0,0,0,0
2020-04-21,US,Missouri,St. Francois,24,1,0,37.81214171,-90.47598685,29187.0,23,24,1,0,23,24,66692,0,0,0,0,0
2020-04-21,US,Missouri,St. Louis,2349,91,0,38.63770039999999,-90.4458375,29189.0,2258,2289,82,0,2207,2235,996945,60,9,0,51,54
2020-04-21,US,Missouri,St. Louis City,882,40,0,38.63555736,-90.24349225,29510.0,842,859,30,0,829,831,302838,23,10,0,13,28
2020-04-21,US,Missouri,Ste. Genevieve,7,1,0,37.89090059,-90.1949941,29186.0,6,7,1,0,6,7,17888,0,0,0,0,0
2020-04-21,US,Missouri,Stoddard,19,0,0,36.85571651,-89.9444155,29207.0,19,18,0,0,18,18,29206,1,0,0,1,0
2020-04-21,US,Missouri,Stone,3,0,0,36.75000327,-93.45256475,29209.0,3,3,0,0,3,3,31749,0,0,0,0,0
2020-04-21,US,Missouri,Taney,9,1,0,36.65465345,-93.04075153,29213.0,8,9,1,0,8,9,55852,0,0,0,0,0
2020-04-21,US,Missouri,Vernon,4,0,0,37.8457799,-94.34127305,29217.0,4,4,0,0,4,4,20528,0,0,0,0,0
2020-04-21,US,Missouri,Warren,22,0,0,38.76529479,-91.16124662,29219.0,22,22,0,0,22,22,34711,0,0,0,0,0
2020-04-21,US,Missouri,Washington,6,0,0,37.96130078,-90.87948158,29221.0,6,5,0,0,5,4,24943,1,0,0,1,1
2020-04-21,US,Missouri,Webster,10,0,0,37.2813734,-92.876329,29225.0,10,10,0,0,10,8,39109,0,0,0,0,2
2020-04-21,US,Missouri,Worth,1,0,0,40.47945588,-94.42328751,29227.0,1,1,0,0,1,1,2040,0,0,0,0,0
2020-04-21,US,Missouri,Wright,9,0,0,37.27029221,-92.46914488,29229.0,9,9,0,0,9,9,18378,0,0,0,0,0
2020-04-21,US,Montana,Beaverhead,1,0,0,45.13434354,-112.89846940000001,30001.0,1,1,0,0,1,1,9404,0,0,0,0,0
2020-04-21,US,Montana,Big Horn,3,0,0,45.42335905,-107.492347,30003.0,3,3,0,0,3,3,13338,0,0,0,0,0
2020-04-21,US,Montana,Broadwater,4,0,0,46.33277565,-111.49558130000001,30007.0,4,4,0,0,4,4,6085,0,0,0,0,0
2020-04-21,US,Montana,Carbon,6,0,0,45.22850116,-109.0274047,30009.0,6,6,0,0,6,6,10714,0,0,0,0,0
2020-04-21,US,Montana,Cascade,13,2,0,47.30797024,-111.3467922,30013.0,11,13,1,0,12,13,81643,0,1,0,-1,0
2020-04-21,US,Montana,Deer Lodge,3,0,0,46.05953325,-113.073353,30023.0,3,3,0,0,3,3,9131,0,0,0,0,0
2020-04-21,US,Montana,Flathead,37,1,0,48.29575866,-114.05205690000001,30029.0,36,37,1,0,36,37,102106,0,0,0,0,0
2020-04-21,US,Montana,Gallatin,145,0,0,45.54486106,-111.1692571,30031.0,145,143,0,0,143,143,111876,2,0,0,2,0
2020-04-21,US,Montana,Glacier,4,0,0,48.70513576,-112.9934235,30035.0,4,4,0,0,4,4,13747,0,0,0,0,0
2020-04-21,US,Montana,Golden Valley,3,0,0,46.3816474,-109.17685220000001,30037.0,3,3,0,0,3,3,826,0,0,0,0,0
2020-04-21,US,Montana,Hill,1,0,0,48.62879827,-110.1129252,30041.0,1,1,0,0,1,1,16347,0,0,0,0,0
2020-04-21,US,Montana,Jefferson,2,0,0,46.14907081,-112.094396,30043.0,2,2,0,0,2,2,12097,0,0,0,0,0
2020-04-21,US,Montana,Lake,5,0,0,47.64514965,-114.0898013,30047.0,5,5,0,0,5,5,30250,0,0,0,0,0
2020-04-21,US,Montana,Lewis and Clark,16,0,0,47.12610041,-112.39469799999999,30049.0,16,16,0,0,16,16,68700,0,0,0,0,0
2020-04-21,US,Montana,Liberty,1,0,0,48.56084317,-111.02430700000001,30051.0,1,1,0,0,1,1,2430,0,0,0,0,0
2020-04-21,US,Montana,Lincoln,7,1,0,48.54265777,-115.4046155,30053.0,6,7,1,0,6,7,19794,0,0,0,0,0
2020-04-21,US,Montana,Madison,8,1,0,45.30080065,-111.9173017,30057.0,7,8,1,0,7,8,8768,0,0,0,0,0
2020-04-21,US,Montana,Meagher,1,0,0,46.59907074,-110.8898557,30059.0,1,1,0,0,1,1,1866,0,0,0,0,0
2020-04-21,US,Montana,Missoula,38,1,0,47.03728583,-113.92135079999998,30063.0,37,38,1,0,37,38,118791,0,0,0,0,0
2020-04-21,US,Montana,Musselshell,1,0,0,46.49684637,-108.39498,30065.0,1,1,0,0,1,1,4651,0,0,0,0,0
2020-04-21,US,Montana,Park,7,0,0,45.48965095,-110.52643940000002,30067.0,7,7,0,0,7,7,16736,0,0,0,0,0
2020-04-21,US,Montana,Pondera,2,0,0,48.22773388,-112.22527029999999,30073.0,2,2,0,0,2,2,5972,0,0,0,0,0
2020-04-21,US,Montana,Ravalli,5,0,0,46.08520862,-114.11891640000002,30081.0,5,5,0,0,5,5,43172,0,0,0,0,0
2020-04-21,US,Montana,Richland,3,0,0,47.78668011,-104.5610786,30083.0,3,3,0,0,3,3,10913,0,0,0,0,0
2020-04-21,US,Montana,Roosevelt,7,0,0,48.29607488,-105.00792679999999,30085.0,7,6,0,0,6,6,11059,1,0,0,1,0
2020-04-21,US,Montana,Silver Bow,11,0,0,45.90018933,-112.6620092,30093.0,11,11,0,0,11,11,34993,0,0,0,0,0
2020-04-21,US,Montana,Stillwater,1,0,0,45.67071407,-109.3950061,30095.0,1,1,0,0,1,1,9534,0,0,0,0,0
2020-04-21,US,Montana,Toole,29,5,0,48.65577551,-111.69424140000001,30101.0,24,29,4,0,25,29,4853,0,1,0,-1,0
2020-04-21,US,Montana,Yellowstone,73,1,0,45.93955949,-108.26914860000001,30111.0,72,72,1,0,71,72,160137,1,0,0,1,0
2020-04-21,US,Nebraska,Adams,101,0,0,40.52449420000001,-98.50117804,31001.0,101,100,0,0,100,98,31511,1,0,0,1,2
2020-04-21,US,Nebraska,Antelope,1,0,0,42.17695516,-98.06662829999999,31003.0,1,1,0,0,1,1,6336,0,0,0,0,0
2020-04-21,US,Nebraska,Box Butte,1,0,0,42.22079243,-103.08788340000001,31013.0,1,1,0,0,1,1,10772,0,0,0,0,0
2020-04-21,US,Nebraska,Buffalo,55,1,0,40.85486962,-99.07500296,31019.0,54,55,1,0,54,52,49615,0,0,0,0,3
2020-04-21,US,Nebraska,Burt,1,0,0,41.85056773,-96.32605633,31021.0,1,1,0,0,1,1,6488,0,0,0,0,0
2020-04-21,US,Nebraska,Butler,1,0,0,41.22703692,-97.13106306,31023.0,1,1,0,0,1,1,8058,0,0,0,0,0
2020-04-21,US,Nebraska,Cass,4,0,0,40.90899107,-96.13971217,31025.0,4,4,0,0,4,5,26159,0,0,0,0,-1
2020-04-21,US,Nebraska,Cherry,1,0,0,42.54502621,-101.1244332,31031.0,1,1,0,0,1,1,5761,0,0,0,0,0
2020-04-21,US,Nebraska,Cheyenne,4,0,0,41.21999357,-102.9941693,31033.0,4,4,0,0,4,4,9310,0,0,0,0,0
2020-04-21,US,Nebraska,Clay,5,0,0,40.52439441,-98.05126296,31035.0,5,4,0,0,4,4,6214,1,0,0,1,0
2020-04-21,US,Nebraska,Colfax,5,0,0,41.57486951,-97.0868542,31037.0,5,5,0,0,5,4,10881,0,0,0,0,1
2020-04-21,US,Nebraska,Cuming,2,0,0,41.91637624,-96.78730772,31039.0,2,2,0,0,2,2,8940,0,0,0,0,0
2020-04-21,US,Nebraska,Custer,20,0,0,41.39374521,-99.72805369,31041.0,20,20,0,0,20,20,10840,0,0,0,0,0
2020-04-21,US,Nebraska,Dakota,73,0,0,42.39040144,-96.56656425,31043.0,73,51,0,0,51,29,20083,22,0,0,22,22
2020-04-21,US,Nebraska,Dawson,175,0,0,40.87028216,-99.82014609999999,31047.0,175,172,0,0,172,124,23709,3,0,0,3,48
2020-04-21,US,Nebraska,Dixon,1,0,0,42.49188363,-96.86782408,31051.0,1,1,0,0,1,,5709,0,0,0,0,
2020-04-21,US,Nebraska,Dodge,18,0,0,41.58071748,-96.65598179,31053.0,18,18,0,0,18,16,36791,0,0,0,0,2
2020-04-21,US,Nebraska,Douglas,296,8,0,41.29518299,-96.15085305,31055.0,288,291,8,0,283,280,566880,5,0,0,5,11
2020-04-21,US,Nebraska,Franklin,3,0,0,40.17636348,-98.95299073,31061.0,3,3,0,0,3,3,3023,0,0,0,0,0
2020-04-21,US,Nebraska,Furnas,2,0,0,40.17642064,-99.91247454,31065.0,2,2,0,0,2,2,4715,0,0,0,0,0
2020-04-21,US,Nebraska,Gage,28,1,0,40.26186809,-96.68946704,31067.0,27,28,1,0,27,28,21493,0,0,0,0,0
2020-04-21,US,Nebraska,Gosper,6,0,0,40.51481965,-99.83020279,31073.0,6,6,0,0,6,5,1996,0,0,0,0,1
2020-04-21,US,Nebraska,Hall,554,4,0,40.87257079,-98.50218293,31079.0,550,531,4,0,527,457,61607,23,0,0,23,74
2020-04-21,US,Nebraska,Hamilton,22,0,0,40.87349452,-98.02099117,31081.0,22,20,0,0,20,19,9280,2,0,0,2,1
2020-04-21,US,Nebraska,Howard,4,0,0,41.2200529,-98.5166499,31093.0,4,3,0,0,3,3,6468,1,0,0,1,0
2020-04-21,US,Nebraska,Johnson,2,0,0,40.39257596,-96.26522753,31097.0,2,2,0,0,2,2,5134,0,0,0,0,0
2020-04-21,US,Nebraska,Kearney,4,0,0,40.50663314,-98.94877182,31099.0,4,4,0,0,4,4,6544,0,0,0,0,0
2020-04-21,US,Nebraska,Kimball,9,0,0,41.19774275,-103.7148131,31105.0,9,9,0,0,9,9,3618,0,0,0,0,0
2020-04-21,US,Nebraska,Knox,2,0,0,42.63758421,-97.89178836,31107.0,2,2,0,0,2,2,8419,0,0,0,0,0
2020-04-21,US,Nebraska,Lancaster,92,1,0,40.78416049,-96.68777155,31109.0,91,85,1,0,84,81,317272,7,0,0,7,4
2020-04-21,US,Nebraska,Lincoln,18,1,0,41.04658298,-100.74753740000001,31111.0,17,18,1,0,17,18,35185,0,0,0,0,0
2020-04-21,US,Nebraska,Madison,14,2,0,41.91676024,-97.6005481,31119.0,12,11,2,0,9,9,35392,3,0,0,3,2
2020-04-21,US,Nebraska,Merrick,9,0,0,41.16624273,-98.0374887,31121.0,9,9,0,0,9,7,7733,0,0,0,0,2
2020-04-21,US,Nebraska,Morrill,1,0,0,41.71711774,-103.0061405,31123.0,1,1,0,0,1,1,4686,0,0,0,0,0
2020-04-21,US,Nebraska,Nance,1,0,0,41.39750195,-97.99327291,31125.0,1,1,0,0,1,1,3532,0,0,0,0,0
2020-04-21,US,Nebraska,Nemaha,1,0,0,40.38514847,-95.85433992,31127.0,1,1,0,0,1,1,6958,0,0,0,0,0
2020-04-21,US,Nebraska,Otoe,1,0,0,40.64843556,-96.13374142,31131.0,1,1,0,0,1,1,15985,0,0,0,0,0
2020-04-21,US,Nebraska,Phelps,1,0,0,40.51156033,-99.41461667,31137.0,1,1,0,0,1,1,8996,0,0,0,0,0
2020-04-21,US,Nebraska,Pierce,1,0,0,42.26434853,-97.60122773,31139.0,1,1,0,0,1,1,7142,0,0,0,0,0
2020-04-21,US,Nebraska,Platte,8,0,0,41.57246836,-97.52144359,31141.0,8,7,0,0,7,7,33363,1,0,0,1,0
2020-04-21,US,Nebraska,Polk,6,0,0,41.18813488,-97.56630712,31143.0,6,6,0,0,6,5,5278,0,0,0,0,1
2020-04-21,US,Nebraska,Red Willow,1,0,0,40.17556879999999,-100.476998,31145.0,1,1,0,0,1,1,10726,0,0,0,0,0
2020-04-21,US,Nebraska,Saline,11,0,0,40.52418865,-97.14085859,31151.0,11,8,0,0,8,7,14350,3,0,0,3,1
2020-04-21,US,Nebraska,Sarpy,55,0,0,41.11314181,-96.11156432,31153.0,55,55,0,0,55,53,184459,0,0,0,0,2
2020-04-21,US,Nebraska,Saunders,6,0,0,41.227810299999994,-96.63773905,31155.0,6,6,0,0,6,6,21303,0,0,0,0,0
2020-04-21,US,Nebraska,Scotts Bluff,22,0,0,41.85070896,-103.70809859999999,31157.0,22,22,0,0,22,22,35989,0,0,0,0,0
2020-04-21,US,Nebraska,Seward,4,0,0,40.87241834,-97.139673,31159.0,4,2,0,0,2,2,17318,2,0,0,2,0
2020-04-21,US,Nebraska,Stanton,2,0,0,41.9169835,-97.19394708,31167.0,2,2,0,0,2,2,5970,0,0,0,0,0
2020-04-21,US,Nebraska,Unassigned,0,15,0,0.0,0.0,90031.0,-15,37,15,0,22,40,,-37,0,0,-37,-3
2020-04-21,US,Nebraska,Washington,21,0,0,41.52815707,-96.22019892,31177.0,21,21,0,0,21,20,20667,0,0,0,0,1
2020-04-21,US,Nebraska,Wayne,1,0,0,42.20934475,-97.11926964,31179.0,1,1,0,0,1,1,9403,0,0,0,0,0
2020-04-21,US,Nebraska,Webster,2,0,0,40.17642643,-98.50019851,31181.0,2,2,0,0,2,2,3533,0,0,0,0,0
2020-04-21,US,Nebraska,York,7,0,0,40.87272618,-97.59710186,31185.0,7,7,0,0,7,7,13772,0,0,0,0,0
2020-04-21,US,Nevada,Carson City,28,0,0,39.15509045,-119.7480219,32510.0,28,28,0,0,28,28,55414,0,0,0,0,0
2020-04-21,US,Nevada,Churchill,3,1,0,39.58105744,-118.3394607,32001.0,2,3,1,0,2,3,24440,0,0,0,0,0
2020-04-21,US,Nevada,Clark,3099,141,0,36.21458855,-115.0130241,32003.0,2958,2998,137,0,2861,2940,2231647,101,4,0,97,58
2020-04-21,US,Nevada,Douglas,15,0,0,38.912862,-119.61713329999999,32005.0,15,15,0,0,15,15,48467,0,0,0,0,0
2020-04-21,US,Nevada,Elko,12,1,0,41.14531606,-115.3577619,32007.0,11,12,1,0,11,12,52460,0,0,0,0,0
2020-04-21,US,Nevada,Humboldt,34,2,0,41.40692186,-118.11094270000001,32013.0,32,27,2,0,25,26,16786,7,0,0,7,1
2020-04-21,US,Nevada,Lyon,18,0,0,39.01777974,-119.18704790000001,32019.0,18,18,0,0,18,16,55808,0,0,0,0,2
2020-04-21,US,Nevada,Nye,29,0,0,38.04264256,-116.47227020000001,32023.0,29,28,0,0,28,28,45346,1,0,0,1,0
2020-04-21,US,Nevada,Unassigned,34,0,0,0.0,0.0,90032.0,34,36,0,0,36,20,,-2,0,0,-2,16
2020-04-21,US,Nevada,Washoe,662,18,0,40.66562265,-119.6631594,32031.0,644,662,18,0,644,637,465735,0,0,0,0,25
2020-04-21,US,Nevada,White Pine,3,0,0,39.44157041,-114.89996599999999,32033.0,3,3,0,0,3,3,9475,0,0,0,0,0
2020-04-21,US,New Hampshire,Belknap,28,0,0,43.51637314,-71.41684235,33001.0,28,26,0,0,26,26,61022,2,0,0,2,0
2020-04-21,US,New Hampshire,Carroll,30,0,0,43.87498583,-71.20430216,33003.0,30,30,0,0,30,30,48779,0,0,0,0,0
2020-04-21,US,New Hampshire,Cheshire,30,0,0,42.92015988,-72.25311043,33005.0,30,30,0,0,30,29,76493,0,0,0,0,1
2020-04-21,US,New Hampshire,Coos,2,0,0,44.69063265,-71.30633239,33007.0,2,2,0,0,2,2,31589,0,0,0,0,0
2020-04-21,US,New Hampshire,Grafton,45,0,0,43.93779815,-71.82057197,33009.0,45,45,0,0,45,45,89786,0,0,0,0,0
2020-04-21,US,New Hampshire,Hillsborough,626,2,0,42.91537785,-71.7200253,33011.0,624,604,2,0,602,581,415247,22,0,0,22,23
2020-04-21,US,New Hampshire,Merrimack,101,0,0,43.29662971,-71.6811573,33013.0,101,96,0,0,96,94,151132,5,0,0,5,2
2020-04-21,US,New Hampshire,Rockingham,493,1,0,42.98499744,-71.12883377,33015.0,492,489,1,0,488,479,309176,4,0,0,4,10
2020-04-21,US,New Hampshire,Strafford,111,0,0,43.291833000000004,-71.02336013,33017.0,111,111,0,0,111,94,130090,0,0,0,0,17
2020-04-21,US,New Hampshire,Sullivan,10,0,0,43.36094111,-72.22203125,33019.0,10,10,0,0,10,10,43144,0,0,0,0,0
2020-04-21,US,New Hampshire,Unassigned,14,39,0,0.0,0.0,90033.0,-25,4,39,0,-35,0,,10,0,0,10,4
2020-04-21,US,New Jersey,Atlantic,469,19,0,39.47538693,-74.65848483,34001.0,450,410,19,0,391,398,265429,59,0,0,59,12
2020-04-21,US,New Jersey,Bergen,13356,787,0,40.96010917,-74.07164325,34003.0,12569,13011,787,0,12224,12639,936692,345,0,0,345,372
2020-04-21,US,New Jersey,Burlington,1765,61,0,39.87681124,-74.66927768,34005.0,1704,1663,61,0,1602,1587,445384,102,0,0,102,76
2020-04-21,US,New Jersey,Camden,2379,81,0,39.80343818,-74.96388753,34007.0,2298,2255,81,0,2174,2131,507078,124,0,0,124,124
2020-04-21,US,New Jersey,Cape May,217,15,0,39.15008829,-74.80170244,34009.0,202,212,15,0,197,206,92560,5,0,0,5,6
2020-04-21,US,New Jersey,Cumberland,360,4,0,39.37199394,-75.10712559,34011.0,356,338,4,0,334,308,150972,22,0,0,22,30
2020-04-21,US,New Jersey,Essex,11128,751,0,40.78681335,-74.24657979,34013.0,10377,10729,751,0,9978,10304,799767,399,0,0,399,425
2020-04-21,US,New Jersey,Gloucester,808,25,0,39.71581067,-75.13995546,34015.0,783,770,25,0,745,737,291408,38,0,0,38,33
2020-04-21,US,New Jersey,Hudson,11221,636,0,40.73766234,-74.07515667,34017.0,10585,11150,612,0,10538,10486,676061,71,24,0,47,664
2020-04-21,US,New Jersey,Hunterdon,423,18,0,40.56335249,-74.91284156,34019.0,405,419,18,0,401,407,124714,4,0,0,4,12
2020-04-21,US,New Jersey,Mercer,2591,122,0,40.28047017,-74.70479631,34021.0,2469,2591,122,0,2469,2395,369811,0,0,0,0,196
2020-04-21,US,New Jersey,Middlesex,8346,345,0,40.43629879,-74.41426991,34023.0,8001,8346,345,0,8001,8017,829685,0,0,0,0,329
2020-04-21,US,New Jersey,Monmouth,4787,230,0,40.26549699,-74.22240686,34025.0,4557,4787,230,0,4557,4669,621354,0,0,0,0,118
2020-04-21,US,New Jersey,Morris,4236,269,0,40.86095313,-74.54553709999998,34027.0,3967,4236,269,0,3967,4136,494228,0,0,0,0,100
2020-04-21,US,New Jersey,Ocean,4868,222,0,39.8895449,-74.28089251,34029.0,4646,4868,222,0,4646,4648,601651,0,0,0,0,220
2020-04-21,US,New Jersey,Passaic,8479,263,0,41.03238628,-74.29954144,34031.0,8216,8479,263,0,8216,8288,503310,0,0,0,0,191
2020-04-21,US,New Jersey,Salem,120,4,0,39.58719656,-75.34696629999998,34033.0,116,120,4,0,116,116,62607,0,0,0,0,4
2020-04-21,US,New Jersey,Somerset,2488,170,0,40.56465737,-74.61683016,34035.0,2318,2488,170,0,2318,2384,331164,0,0,0,0,104
2020-04-21,US,New Jersey,Sussex,688,64,0,41.13891592,-74.69118243,34037.0,624,680,64,0,616,659,140799,8,0,0,8,21
2020-04-21,US,New Jersey,Unassigned,3073,233,0,0.0,0.0,90034.0,2840,585,0,0,585,585,,2488,233,0,2255,0
2020-04-21,US,New Jersey,Union,9972,387,0,40.65835409,-74.30680092,34039.0,9585,9972,387,0,9585,9609,558067,0,0,0,0,363
2020-04-21,US,New Jersey,Warren,613,47,0,40.85951833,-74.99556527,34041.0,566,613,47,0,566,592,105779,0,0,0,0,21
2020-04-21,US,New Mexico,Bernalillo,566,24,0,35.05163625,-106.6703554,35001.0,542,566,24,0,542,542,678701,0,0,0,0,24
2020-04-21,US,New Mexico,Catron,1,0,0,33.91514144,-108.4046587,35003.0,1,1,0,0,1,1,3578,0,0,0,0,0
2020-04-21,US,New Mexico,Chaves,21,0,0,33.36406072,-104.4665365,35005.0,21,21,0,0,21,21,64689,0,0,0,0,0
2020-04-21,US,New Mexico,Cibola,33,2,0,34.91131525,-107.998876,35006.0,31,33,2,0,31,33,26746,0,0,0,0,0
2020-04-21,US,New Mexico,Colfax,5,0,0,36.60569702,-104.64726740000002,35007.0,5,5,0,0,5,4,12110,0,0,0,0,1
2020-04-21,US,New Mexico,Curry,10,0,0,34.57421077,-103.34688759999999,35009.0,10,10,0,0,10,10,49437,0,0,0,0,0
2020-04-21,US,New Mexico,Dona Ana,73,1,0,32.35275771,-106.83293870000001,35013.0,72,73,1,0,72,69,217522,0,0,0,0,4
2020-04-21,US,New Mexico,Eddy,10,1,0,32.47167456,-104.3053527,35015.0,9,10,1,0,9,9,57900,0,0,0,0,1
2020-04-21,US,New Mexico,Grant,14,0,0,32.73911281,-108.3827845,35017.0,14,14,0,0,14,13,27346,0,0,0,0,1
2020-04-21,US,New Mexico,Guadalupe,1,0,0,34.86319296,-104.790669,35019.0,1,1,0,0,1,1,4341,0,0,0,0,0
2020-04-21,US,New Mexico,Lea,2,0,0,32.79215361,-103.4123733,35025.0,2,2,0,0,2,2,69611,0,0,0,0,0
2020-04-21,US,New Mexico,Lincoln,1,0,0,33.74526079,-105.4586166,35027.0,1,1,0,0,1,1,19556,0,0,0,0,0
2020-04-21,US,New Mexico,Los Alamos,6,0,0,35.86631386,-106.31349850000001,35028.0,6,6,0,0,6,6,19101,0,0,0,0,0
2020-04-21,US,New Mexico,Luna,3,0,0,32.18179341,-107.75088259999998,35029.0,3,3,0,0,3,3,23963,0,0,0,0,0
2020-04-21,US,New Mexico,McKinley,416,5,0,35.58007720000001,-108.262245,35031.0,411,416,5,0,411,363,72290,0,0,0,0,53
2020-04-21,US,New Mexico,Otero,3,0,0,32.61348406,-105.7417604,35035.0,3,3,0,0,3,3,66781,0,0,0,0,0
2020-04-21,US,New Mexico,Quay,3,1,0,35.10403332,-103.54817270000001,35037.0,2,3,1,0,2,2,8253,0,0,0,0,1
2020-04-21,US,New Mexico,Rio Arriba,11,0,0,36.51072137,-106.69316740000001,35039.0,11,11,0,0,11,10,39006,0,0,0,0,1
2020-04-21,US,New Mexico,Roosevelt,1,0,0,34.02097406,-103.4799493,35041.0,1,1,0,0,1,1,18743,0,0,0,0,0
2020-04-21,US,New Mexico,San Juan,293,17,0,36.50838318,-108.32043700000001,35045.0,276,293,17,0,276,275,125043,0,0,0,0,18
2020-04-21,US,New Mexico,San Miguel,2,0,0,35.48014807,-104.8163562,35047.0,2,2,0,0,2,2,27591,0,0,0,0,0
2020-04-21,US,New Mexico,Sandoval,317,6,0,35.68862401,-106.86878030000001,35043.0,311,317,6,0,311,315,145179,0,0,0,0,2
2020-04-21,US,New Mexico,Santa Fe,86,0,0,35.50708973,-105.9774716,35049.0,86,86,0,0,86,83,150056,0,0,0,0,3
2020-04-21,US,New Mexico,Socorro,31,1,0,34.00715494,-106.9298354,35053.0,30,31,1,0,30,20,16735,0,0,0,0,11
2020-04-21,US,New Mexico,Taos,16,0,0,36.58006022,-105.63101979999999,35055.0,16,16,0,0,16,15,32835,0,0,0,0,1
2020-04-21,US,New Mexico,Torrance,13,0,0,34.64048375,-105.8508949,35057.0,13,13,0,0,13,12,15591,0,0,0,0,1
2020-04-21,US,New Mexico,Valencia,33,0,0,34.71669834,-106.8103733,35061.0,33,33,0,0,33,29,76456,0,0,0,0,4
2020-04-21,US,New York,Albany,704,23,0,42.60060306,-73.97723916,36001.0,681,687,22,0,665,682,307117,17,1,0,16,5
2020-04-21,US,New York,Allegany,30,2,0,42.25748406,-78.02750466,36003.0,28,30,2,0,28,30,46430,0,0,0,0,0
2020-04-21,US,New York,Broome,205,11,0,42.15903158,-75.81326086,36007.0,194,199,10,0,189,192,191659,6,1,0,5,7
2020-04-21,US,New York,Cattaraugus,35,0,0,42.24778241,-78.67923096,36009.0,35,34,0,0,34,34,76840,1,0,0,1,0
2020-04-21,US,New York,Cayuga,36,1,0,42.91261714,-76.55731592,36011.0,35,36,1,0,35,36,77145,0,0,0,0,0
2020-04-21,US,New York,Chautauqua,25,3,0,42.22769210000001,-79.36691763,36013.0,22,25,3,0,22,25,127939,0,0,0,0,0
2020-04-21,US,New York,Chemung,75,1,0,42.13891056,-76.7638805,36015.0,74,73,1,0,72,73,84254,2,0,0,2,0
2020-04-21,US,New York,Chenango,79,0,0,42.49430041,-75.60887553,36017.0,79,78,0,0,78,78,47536,1,0,0,1,0
2020-04-21,US,New York,Clinton,56,3,0,44.74530905,-73.67875352,36019.0,53,51,3,0,48,49,80695,5,0,0,5,2
2020-04-21,US,New York,Columbia,120,12,0,42.24819348,-73.63089095,36021.0,108,111,11,0,100,107,59916,9,1,0,8,4
2020-04-21,US,New York,Cortland,25,0,0,42.59509207,-76.07048931,36023.0,25,25,0,0,25,25,47823,0,0,0,0,0
2020-04-21,US,New York,Delaware,62,4,0,42.19837623,-74.96709306,36025.0,58,49,4,0,45,49,44527,13,0,0,13,0
2020-04-21,US,New York,Dutchess,2331,28,0,41.76486060000001,-73.74356679,36027.0,2303,2284,28,0,2256,2240,293718,47,0,0,47,44
2020-04-21,US,New York,Erie,2284,162,0,42.76249024,-78.73063652,36029.0,2122,2192,135,0,2057,2192,919719,92,27,0,65,0
2020-04-21,US,New York,Essex,21,0,0,44.11630765,-73.77297842,36031.0,21,20,0,0,20,18,37300,1,0,0,1,2
2020-04-21,US,New York,Franklin,13,0,0,44.59040891,-74.29926032,36033.0,13,13,0,0,13,13,50293,0,0,0,0,0
2020-04-21,US,New York,Fulton,27,0,0,43.11363907,-74.41798804,36035.0,27,27,0,0,27,27,53591,0,0,0,0,0
2020-04-21,US,New York,Genesee,121,2,0,43.0022601,-78.19135193,36037.0,119,119,2,0,117,117,57511,2,0,0,2,2
2020-04-21,US,New York,Greene,87,0,0,42.275797,-74.12384884,36039.0,87,86,0,0,86,85,47491,1,0,0,1,1
2020-04-21,US,New York,Hamilton,3,0,0,43.66146647,-74.49721957,36041.0,3,3,0,0,3,3,4434,0,0,0,0,0
2020-04-21,US,New York,Herkimer,50,3,0,43.42034246,-74.96145307,36043.0,47,49,3,0,46,49,61833,1,0,0,1,0
2020-04-21,US,New York,Jefferson,54,0,0,44.04200959,-75.94653457,36045.0,54,54,0,0,54,54,111755,0,0,0,0,0
2020-04-21,US,New York,Lewis,9,0,0,43.784415700000004,-75.44903992,36049.0,9,9,0,0,9,8,26447,0,0,0,0,1
2020-04-21,US,New York,Livingston,39,4,0,42.72596275,-77.77966158,36051.0,35,39,3,0,36,39,63227,0,1,0,-1,0
2020-04-21,US,New York,Madison,117,5,0,42.91653905,-75.67266639,36053.0,112,117,5,0,112,117,70795,0,0,0,0,0
2020-04-21,US,New York,Monroe,1070,81,0,43.14638895,-77.69322942,36055.0,989,1054,71,0,983,1032,742474,16,10,0,6,22
2020-04-21,US,New York,Montgomery,37,1,0,42.90123494,-74.44011632,36057.0,36,35,1,0,34,35,49455,2,0,0,2,0
2020-04-21,US,New York,Nassau,31079,1390,0,40.74066522,-73.58941873,36059.0,29689,30677,1329,0,29348,30013,1358343,402,61,0,341,664
2020-04-21,US,New York,New York City,144190,14887,0,40.76727260000001,-73.97152637,36061.0,129303,141235,14604,0,126631,138700,1628701,2955,283,0,2672,2535
2020-04-21,US,New York,Niagara,260,16,0,43.19898042,-78.74777412,36063.0,244,255,15,0,240,246,210433,5,1,0,4,9
2020-04-21,US,New York,Oneida,284,8,0,43.24375382,-75.43710392,36065.0,276,279,7,0,272,275,229577,5,1,0,4,4
2020-04-21,US,New York,Onondaga,646,21,0,43.00491923,-76.19971155,36067.0,625,646,21,0,625,637,461809,0,0,0,0,9
2020-04-21,US,New York,Ontario,72,0,0,42.85145728,-77.30874425,36069.0,72,71,0,0,71,70,109864,1,0,0,1,1
2020-04-21,US,New York,Orange,7029,231,0,41.40337468,-74.30240757,36071.0,6798,6514,211,0,6303,6514,381951,515,20,0,495,0
2020-04-21,US,New York,Orleans,53,1,0,43.2516977,-78.2320066,36073.0,52,46,1,0,45,46,40612,7,0,0,7,0
2020-04-21,US,New York,Oswego,52,2,0,43.42778894,-76.14635194,36075.0,50,52,2,0,50,47,117898,0,0,0,0,5
2020-04-21,US,New York,Otsego,49,4,0,42.63492579,-75.03151402,36077.0,45,49,4,0,45,48,59749,0,0,0,0,1
2020-04-21,US,New York,Putnam,807,7,0,41.42630093,-73.74965532,36079.0,800,778,7,0,771,778,98892,29,0,0,29,0
2020-04-21,US,New York,Rensselaer,186,6,0,42.71348136,-73.51089874,36083.0,180,186,6,0,180,186,159442,0,0,0,0,0
2020-04-21,US,New York,Rockland,9568,401,0,41.15027894,-74.02560498,36087.0,9167,9457,334,0,9123,9364,325695,111,67,0,44,93
2020-04-21,US,New York,Saratoga,272,7,0,43.10904162,-73.86653895,36091.0,265,254,7,0,247,251,230163,18,0,0,18,3
2020-04-21,US,New York,Schenectady,336,14,0,42.81668777,-74.05278291,36093.0,322,295,14,0,281,295,155350,41,0,0,41,0
2020-04-21,US,New York,Schoharie,20,0,0,42.58831742,-74.44339029999998,36095.0,20,20,0,0,20,20,31097,0,0,0,0,0
2020-04-21,US,New York,Schuyler,8,0,0,42.39184015,-76.8773299,36097.0,8,8,0,0,8,8,17912,0,0,0,0,0
2020-04-21,US,New York,Seneca,18,0,0,42.78081007,-76.82497064,36099.0,18,18,0,0,18,18,34300,0,0,0,0,0
2020-04-21,US,New York,St. Lawrence,120,0,0,44.4976179,-75.06550039,36089.0,120,110,0,0,110,105,108047,10,0,0,10,5
2020-04-21,US,New York,Steuben,195,27,0,42.2689144,-77.3829924,36101.0,168,195,27,0,168,181,95796,0,0,0,0,14
2020-04-21,US,New York,Suffolk,28701,888,0,40.88320119,-72.8012172,36103.0,27813,28127,859,0,27268,26888,1481093,574,29,0,545,1239
2020-04-21,US,New York,Sullivan,592,14,0,41.71579493,-74.76394559,36105.0,578,560,13,0,547,537,75498,32,1,0,31,23
2020-04-21,US,New York,Tioga,37,0,0,42.16852837,-76.30835812,36107.0,37,37,0,0,37,35,48560,0,0,0,0,2
2020-04-21,US,New York,Tompkins,123,0,0,42.44945765,-76.47229843,36109.0,123,119,0,0,119,119,102793,4,0,0,4,0
2020-04-21,US,New York,Ulster,1018,17,0,41.89027881,-74.26252104,36111.0,1001,997,16,0,981,960,178599,21,1,0,20,37
2020-04-21,US,New York,Unassigned,0,3,0,0.0,0.0,90036.0,-3,0,48,0,-48,0,,0,-45,0,45,0
2020-04-21,US,New York,Warren,102,0,0,43.56173026,-73.8433699,36113.0,102,101,0,0,101,96,64265,1,0,0,1,5
2020-04-21,US,New York,Washington,68,2,0,43.31153794,-73.43043448,36115.0,66,65,2,0,63,63,61197,3,0,0,3,2
2020-04-21,US,New York,Wayne,51,0,0,43.15494365,-77.02976528,36117.0,51,50,0,0,50,50,90064,1,0,0,1,0
2020-04-21,US,New York,Westchester,24656,809,0,41.16278376,-73.75741653,36119.0,23847,24306,776,0,23530,23803,967612,350,33,0,317,503
2020-04-21,US,New York,Wyoming,44,3,0,42.70145109,-78.22199579,36121.0,41,44,3,0,41,44,40085,0,0,0,0,0
2020-04-21,US,New York,Yates,10,0,0,42.63505484,-77.10369919,36123.0,10,10,0,0,10,9,24841,0,0,0,0,1
2020-04-21,US,North Carolina,Alamance,58,0,0,36.0434701,-79.39976137,37001.0,58,50,0,0,50,50,166436,8,0,0,8,0
2020-04-21,US,North Carolina,Alexander,4,0,0,35.922379600000006,-81.17751948,37003.0,4,3,0,0,3,3,37353,1,0,0,1,0
2020-04-21,US,North Carolina,Alleghany,2,0,0,36.49360862,-81.12857041,37005.0,2,2,0,0,2,2,11161,0,0,0,0,0
2020-04-21,US,North Carolina,Anson,19,0,0,34.97403241,-80.09953279,37007.0,19,18,0,0,18,16,24877,1,0,0,1,2
2020-04-21,US,North Carolina,Ashe,4,0,0,36.43296207,-81.49862729,37009.0,4,4,0,0,4,4,27109,0,0,0,0,0
2020-04-21,US,North Carolina,Beaufort,15,0,0,35.48531943,-76.84325809,37013.0,15,15,0,0,15,14,47079,0,0,0,0,1
2020-04-21,US,North Carolina,Bertie,25,1,0,36.0688473,-76.96545943,37015.0,24,24,1,0,23,21,19026,1,0,0,1,3
2020-04-21,US,North Carolina,Bladen,4,0,0,34.61296243,-78.56180059,37017.0,4,2,0,0,2,2,33190,2,0,0,2,0
2020-04-21,US,North Carolina,Brunswick,38,2,0,34.070565,-78.22814204,37019.0,36,36,2,0,34,36,136744,2,0,0,2,0
2020-04-21,US,North Carolina,Buncombe,48,3,0,35.61113393,-82.53305,37021.0,45,47,3,0,44,47,259103,1,0,0,1,0
2020-04-21,US,North Carolina,Burke,75,8,0,35.74989637,-81.70755735,37023.0,67,70,6,0,64,68,90382,5,2,0,3,2
2020-04-21,US,North Carolina,Cabarrus,223,7,0,35.3877799,-80.55267168,37025.0,216,212,7,0,205,208,211342,11,0,0,11,4
2020-04-21,US,North Carolina,Caldwell,23,0,0,35.95204977,-81.54799522,37027.0,23,23,0,0,23,23,82029,0,0,0,0,0
2020-04-21,US,North Carolina,Carteret,24,2,0,34.8932941,-76.54120135,37031.0,22,24,2,0,22,24,69524,0,0,0,0,0
2020-04-21,US,North Carolina,Caswell,8,0,0,36.39312665,-79.33353281,37033.0,8,8,0,0,8,7,22698,0,0,0,0,1
2020-04-21,US,North Carolina,Catawba,46,1,0,35.66211129,-81.2132617,37035.0,45,43,1,0,42,43,158652,3,0,0,3,0
2020-04-21,US,North Carolina,Chatham,131,1,0,35.70394416,-79.25541492,37037.0,130,127,1,0,126,119,73139,4,0,0,4,8
2020-04-21,US,North Carolina,Cherokee,18,1,0,35.1349263,-84.05970864,37039.0,17,16,1,0,15,16,28383,2,0,0,2,0
2020-04-21,US,North Carolina,Chowan,6,0,0,36.12908077,-76.60118385,37041.0,6,6,0,0,6,6,14029,0,0,0,0,0
2020-04-21,US,North Carolina,Clay,6,0,0,35.05704275,-83.74353633,37043.0,6,5,0,0,5,5,11139,1,0,0,1,0
2020-04-21,US,North Carolina,Cleveland,44,2,0,35.33553364,-81.55204486,37045.0,42,44,2,0,42,44,97645,0,0,0,0,0
2020-04-21,US,North Carolina,Columbus,61,3,0,34.26744084,-78.65801424,37047.0,58,59,3,0,56,58,55655,2,0,0,2,1
2020-04-21,US,North Carolina,Craven,36,3,0,35.11833364,-77.08398081,37049.0,33,36,3,0,33,34,102912,0,0,0,0,2
2020-04-21,US,North Carolina,Cumberland,127,6,0,35.04762133,-78.82623165,37051.0,121,113,6,0,107,113,332330,14,0,0,14,0
2020-04-21,US,North Carolina,Currituck,3,0,0,36.36123664,-75.95876401,37053.0,3,3,0,0,3,3,27072,0,0,0,0,0
2020-04-21,US,North Carolina,Dare,15,1,0,35.66520691,-75.71767334,37055.0,14,15,1,0,14,15,36501,0,0,0,0,0
2020-04-21,US,North Carolina,Davidson,96,2,0,35.79115496,-80.21256572,37057.0,94,94,2,0,92,94,166614,2,0,0,2,0
2020-04-21,US,North Carolina,Davie,24,2,0,35.93099927,-80.54496571,37059.0,22,23,2,0,21,23,42733,1,0,0,1,0
2020-04-21,US,North Carolina,Duplin,32,0,0,34.93449805,-77.93140529,37061.0,32,26,0,0,26,24,58856,6,0,0,6,2
2020-04-21,US,North Carolina,Durham,439,6,0,36.03638492,-78.87608331,37063.0,433,435,5,0,430,409,316739,4,1,0,3,26
2020-04-21,US,North Carolina,Edgecombe,58,1,0,35.91230639,-77.59436892,37065.0,57,58,1,0,57,58,52005,0,0,0,0,0
2020-04-21,US,North Carolina,Forsyth,131,5,0,36.12859861,-80.25459052,37067.0,126,126,5,0,121,126,379099,5,0,0,5,0
2020-04-21,US,North Carolina,Franklin,74,11,0,36.081519,-78.28708884,37069.0,63,71,8,0,63,69,67560,3,3,0,0,2
2020-04-21,US,North Carolina,Gaston,120,3,0,35.29373559,-81.17477045,37071.0,117,112,3,0,109,111,222846,8,0,0,8,1
2020-04-21,US,North Carolina,Gates,4,0,0,36.44667547,-76.69749701,37073.0,4,4,0,0,4,4,11573,0,0,0,0,0
2020-04-21,US,North Carolina,Granville,114,5,0,36.30337451,-78.65184241,37077.0,109,112,5,0,107,110,60115,2,0,0,2,2
2020-04-21,US,North Carolina,Greene,14,0,0,35.48544173,-77.67578087,37079.0,14,14,0,0,14,14,21012,0,0,0,0,0
2020-04-21,US,North Carolina,Guilford,201,15,0,36.07959451,-79.78824948,37081.0,186,176,13,0,163,176,533670,25,2,0,23,0
2020-04-21,US,North Carolina,Halifax,36,1,0,36.25669272,-77.6556109,37083.0,35,33,1,0,32,32,50574,3,0,0,3,1
2020-04-21,US,North Carolina,Harnett,62,5,0,35.36731853,-78.87243571,37085.0,57,61,3,0,58,58,134214,1,2,0,-1,3
2020-04-21,US,North Carolina,Haywood,5,0,0,35.55269063,-82.98196486,37087.0,5,5,0,0,5,5,61971,0,0,0,0,0
2020-04-21,US,North Carolina,Henderson,129,13,0,35.33788927,-82.4766782,37089.0,116,128,11,0,117,120,116748,1,2,0,-1,8
2020-04-21,US,North Carolina,Hertford,10,1,0,36.3607755,-76.98104134,37091.0,9,9,1,0,8,9,23659,1,0,0,1,0
2020-04-21,US,North Carolina,Hoke,25,0,0,35.01888303,-79.23651674,37093.0,25,23,0,0,23,23,54764,2,0,0,2,0
2020-04-21,US,North Carolina,Iredell,88,3,0,35.80950511,-80.8743128,37097.0,85,82,3,0,79,81,178435,6,0,0,6,1
2020-04-21,US,North Carolina,Jackson,5,0,0,35.28814273,-83.14093385,37099.0,5,5,0,0,5,5,43327,0,0,0,0,0
2020-04-21,US,North Carolina,Johnston,123,10,0,35.51745004,-78.36622717,37101.0,113,123,9,0,114,123,202675,0,1,0,-1,0
2020-04-21,US,North Carolina,Jones,9,1,0,35.02254606,-77.35870791,37103.0,8,9,1,0,8,9,9637,0,0,0,0,0
2020-04-21,US,North Carolina,Lee,45,0,0,35.47623147,-79.17569362,37105.0,45,38,0,0,38,34,61452,7,0,0,7,4
2020-04-21,US,North Carolina,Lenoir,27,1,0,35.24032589999999,-77.64245615,37107.0,26,21,1,0,20,21,55976,6,0,0,6,0
2020-04-21,US,North Carolina,Lincoln,22,0,0,35.48508185,-81.21740317,37109.0,22,19,0,0,19,19,83770,3,0,0,3,0
2020-04-21,US,North Carolina,Macon,2,1,0,35.14867843,-83.41696617,37113.0,1,2,1,0,1,2,35285,0,0,0,0,0
2020-04-21,US,North Carolina,Martin,11,0,0,35.84326734,-77.10860251,37117.0,11,9,0,0,9,9,22671,2,0,0,2,0
2020-04-21,US,North Carolina,McDowell,21,0,0,35.67736232,-82.0482425,37111.0,21,20,0,0,20,20,45507,1,0,0,1,0
2020-04-21,US,North Carolina,Mecklenburg,1255,36,0,35.24469268,-80.8317671,37119.0,1219,1231,36,0,1195,1183,1093901,24,0,0,24,48
2020-04-21,US,North Carolina,Mitchell,7,0,0,36.01059309,-82.1582442,37121.0,7,5,0,0,5,5,15000,2,0,0,2,0
2020-04-21,US,North Carolina,Montgomery,18,1,0,35.33155144,-79.90416657,37123.0,17,18,1,0,17,18,27271,0,0,0,0,0
2020-04-21,US,North Carolina,Moore,95,6,0,35.30885257,-79.48474178,37125.0,89,93,4,0,89,93,98682,2,2,0,0,0
2020-04-21,US,North Carolina,Nash,67,1,0,35.96575634,-77.98422508,37127.0,66,61,1,0,60,61,94016,6,0,0,6,0
2020-04-21,US,North Carolina,New Hanover,69,3,0,34.25758282,-77.87075626,37129.0,66,68,1,0,67,68,232274,1,2,0,-1,0
2020-04-21,US,North Carolina,Northampton,74,2,0,36.41736238,-77.39769443,37131.0,72,72,2,0,70,72,19676,2,0,0,2,0
2020-04-21,US,North Carolina,Onslow,38,1,0,34.72607366,-77.42908179,37133.0,37,37,1,0,36,37,197683,1,0,0,1,0
2020-04-21,US,North Carolina,Orange,189,3,0,36.06092947,-79.12167935,37135.0,186,187,3,0,184,187,146027,2,0,0,2,0
2020-04-21,US,North Carolina,Pamlico,6,0,0,35.15253315,-76.66559823,37137.0,6,6,0,0,6,6,12670,0,0,0,0,0
2020-04-21,US,North Carolina,Pasquotank,32,1,0,36.26723798,-76.25134778,37139.0,31,32,0,0,32,20,39639,0,1,0,-1,12
2020-04-21,US,North Carolina,Pender,9,0,0,34.52265624,-77.90352133,37141.0,9,8,0,0,8,7,62162,1,0,0,1,1
2020-04-21,US,North Carolina,Perquimans,8,0,0,36.17847453,-76.40603143,37143.0,8,8,0,0,8,8,13422,0,0,0,0,0
2020-04-21,US,North Carolina,Person,18,0,0,36.38989032,-78.97217358,37145.0,18,16,0,0,16,16,39507,2,0,0,2,0
2020-04-21,US,North Carolina,Pitt,96,2,0,35.59535426,-77.37353178,37147.0,94,93,1,0,92,93,179914,3,1,0,2,0
2020-04-21,US,North Carolina,Polk,10,0,0,35.27820615,-82.16812354,37149.0,10,10,0,0,10,10,20611,0,0,0,0,0
2020-04-21,US,North Carolina,Randolph,78,2,0,35.71015088,-79.80570339,37151.0,76,77,2,0,75,74,143351,1,0,0,1,3
2020-04-21,US,North Carolina,Richmond,20,2,0,35.00417719,-79.74491009,37153.0,18,20,2,0,18,19,44887,0,0,0,0,1
2020-04-21,US,North Carolina,Robeson,34,2,0,34.64244496,-79.10250529999998,37155.0,32,27,2,0,25,25,131831,7,0,0,7,2
2020-04-21,US,North Carolina,Rockingham,20,2,0,36.39593137,-79.77504841,37157.0,18,19,2,0,17,18,90690,1,0,0,1,1
2020-04-21,US,North Carolina,Rowan,256,15,0,35.64003916,-80.52446628,37159.0,241,250,12,0,238,248,141262,6,3,0,3,2
2020-04-21,US,North Carolina,Rutherford,84,4,0,35.40114178,-81.92112099,37161.0,80,84,4,0,80,75,66826,0,0,0,0,9
2020-04-21,US,North Carolina,Sampson,22,0,0,34.98820368,-78.36914061,37163.0,22,22,0,0,22,22,63626,0,0,0,0,0
2020-04-21,US,North Carolina,Scotland,13,0,0,34.8386299,-79.4757978,37165.0,13,12,0,0,12,12,34810,1,0,0,1,0
2020-04-21,US,North Carolina,Stanly,21,3,0,35.31647813,-80.25093221,37167.0,18,21,3,0,18,20,62075,0,0,0,0,1
2020-04-21,US,North Carolina,Stokes,10,0,0,36.4017975,-80.23893369,37169.0,10,10,0,0,10,10,45467,0,0,0,0,0
2020-04-21,US,North Carolina,Surry,17,0,0,36.41689489,-80.69102283,37171.0,17,17,0,0,17,17,71948,0,0,0,0,0
2020-04-21,US,North Carolina,Transylvania,8,0,0,35.20383864,-82.79638423,37175.0,8,8,0,0,8,7,34215,0,0,0,0,1
2020-04-21,US,North Carolina,Tyrrell,4,0,0,35.87147226,-76.17055253,37177.0,4,4,0,0,4,4,4131,0,0,0,0,0
2020-04-21,US,North Carolina,Union,171,6,0,34.98960527,-80.52955873,37179.0,165,163,6,0,157,149,235908,8,0,0,8,14
2020-04-21,US,North Carolina,Vance,34,1,0,36.36880673,-78.40670845,37181.0,33,33,1,0,32,32,44582,1,0,0,1,1
2020-04-21,US,North Carolina,Wake,613,9,0,35.78879266,-78.65249174,37183.0,604,605,8,0,597,592,1092305,8,1,0,7,13
2020-04-21,US,North Carolina,Warren,3,0,0,36.39728256,-78.10652228,37185.0,3,3,0,0,3,3,19807,0,0,0,0,0
2020-04-21,US,North Carolina,Washington,22,2,0,35.83810081,-76.57299037,37187.0,20,21,2,0,19,20,11859,1,0,0,1,1
2020-04-21,US,North Carolina,Watauga,8,0,0,36.23103603,-81.70033724,37189.0,8,8,0,0,8,8,55945,0,0,0,0,0
2020-04-21,US,North Carolina,Wayne,581,6,0,35.36438125,-78.00027268,37191.0,575,572,4,0,568,463,123248,9,2,0,7,109
2020-04-21,US,North Carolina,Wilkes,5,1,0,36.2084135,-81.16232895,37193.0,4,4,1,0,3,4,68557,1,0,0,1,0
2020-04-21,US,North Carolina,Wilson,118,6,0,35.70625477,-77.917978,37195.0,112,116,4,0,112,112,81455,2,2,0,0,4
2020-04-21,US,North Carolina,Yadkin,11,1,0,36.16222629,-80.66239436,37197.0,10,11,1,0,10,11,37543,0,0,0,0,0
2020-04-21,US,North Dakota,Barnes,3,0,0,46.93579637,-98.06605978,38003.0,3,3,0,0,3,3,10542,0,0,0,0,0
2020-04-21,US,North Dakota,Bowman,1,0,0,46.11285362,-103.5203343,38011.0,1,1,0,0,1,1,3076,0,0,0,0,0
2020-04-21,US,North Dakota,Burke,2,0,0,48.79094471,-102.51821170000001,38013.0,2,2,0,0,2,2,2100,0,0,0,0,0
2020-04-21,US,North Dakota,Burleigh,63,0,0,46.97847375,-100.46452140000001,38015.0,63,63,0,0,63,63,95273,0,0,0,0,0
2020-04-21,US,North Dakota,Cass,255,6,0,46.93201724,-97.24447190000001,38017.0,249,246,2,0,244,212,181516,9,4,0,5,34
2020-04-21,US,North Dakota,Divide,1,0,0,48.814938700000006,-103.48736109999999,38023.0,1,1,0,0,1,1,2283,0,0,0,0,0
2020-04-21,US,North Dakota,Dunn,10,0,0,47.35423935,-102.61604679999999,38025.0,10,10,0,0,10,9,4332,0,0,0,0,1
2020-04-21,US,North Dakota,Eddy,1,0,0,47.71701474,-98.90432337,38027.0,1,1,0,0,1,1,2313,0,0,0,0,0
2020-04-21,US,North Dakota,Emmons,1,1,0,46.28398398,-100.2389766,38029.0,0,1,1,0,0,1,3295,0,0,0,0,0
2020-04-21,US,North Dakota,Foster,1,0,0,47.457108399999996,-98.88279923,38031.0,1,1,0,0,1,1,3216,0,0,0,0,0
2020-04-21,US,North Dakota,Grand Forks,143,0,0,47.92093639,-97.45450447,38035.0,143,138,0,0,138,133,70770,5,0,0,5,5
2020-04-21,US,North Dakota,Grant,1,0,0,46.35821257,-101.63900129999999,38037.0,1,1,0,0,1,1,2374,0,0,0,0,0
2020-04-21,US,North Dakota,McHenry,1,1,0,48.23104458,-100.6324822,38049.0,0,1,1,0,0,1,5816,0,0,0,0,0
2020-04-21,US,North Dakota,McIntosh,1,0,0,46.11182017,-99.44145858,38051.0,1,1,0,0,1,1,2585,0,0,0,0,0
2020-04-21,US,North Dakota,McKenzie,10,0,0,47.74133370000001,-103.395905,38053.0,10,10,0,0,10,10,13632,0,0,0,0,0
2020-04-21,US,North Dakota,McLean,3,0,0,47.60766714,-101.3182418,38055.0,3,3,0,0,3,3,9541,0,0,0,0,0
2020-04-21,US,North Dakota,Morton,23,2,0,46.71681782,-101.2822377,38059.0,21,22,2,0,20,22,31095,1,0,0,1,0
2020-04-21,US,North Dakota,Mountrail,31,0,0,48.20197971,-102.3555315,38061.0,31,30,0,0,30,30,10218,1,0,0,1,0
2020-04-21,US,North Dakota,Nelson,1,0,0,47.9226426,-98.19038437,38063.0,1,1,0,0,1,1,2869,0,0,0,0,0
2020-04-21,US,North Dakota,Oliver,1,0,0,47.11530482,-101.3406158,38065.0,1,1,0,0,1,1,1952,0,0,0,0,0
2020-04-21,US,North Dakota,Pierce,2,0,0,48.24977025,-99.96407787,38069.0,2,2,0,0,2,2,4081,0,0,0,0,0
2020-04-21,US,North Dakota,Ramsey,3,0,0,48.26886249,-98.72223879,38071.0,3,3,0,0,3,3,11481,0,0,0,0,0
2020-04-21,US,North Dakota,Richland,5,0,0,46.26440649,-96.94852979,38077.0,5,5,0,0,5,5,16239,0,0,0,0,0
2020-04-21,US,North Dakota,Rolette,1,0,0,48.77245354,-99.84097493,38079.0,1,1,0,0,1,1,14301,0,0,0,0,0
2020-04-21,US,North Dakota,Sargent,1,0,0,46.10830372,-97.63217159,38081.0,1,1,0,0,1,1,3870,0,0,0,0,0
2020-04-21,US,North Dakota,Sioux,2,0,0,46.11323337,-101.04401490000001,38085.0,2,1,0,0,1,1,4358,1,0,0,1,0
2020-04-21,US,North Dakota,Slope,3,0,0,46.44737738,-103.4601547,38087.0,3,3,0,0,3,3,763,0,0,0,0,0
2020-04-21,US,North Dakota,Stark,39,2,0,46.80851182,-102.65763259999999,38089.0,37,39,2,0,37,39,30997,0,0,0,0,0
2020-04-21,US,North Dakota,Stutsman,3,0,0,46.97962541,-98.95637318,38093.0,3,3,0,0,3,1,20917,0,0,0,0,2
2020-04-21,US,North Dakota,Walsh,3,0,0,48.36876964,-97.72574783,38099.0,3,3,0,0,3,3,10667,0,0,0,0,0
2020-04-21,US,North Dakota,Ward,20,1,0,48.22390169,-101.54367629999999,38101.0,19,20,1,0,19,20,67744,0,0,0,0,0
2020-04-21,US,North Dakota,Williams,9,0,0,48.34522353,-103.4793387,38105.0,9,9,0,0,9,9,35350,0,0,0,0,0
2020-04-21,US,Ohio,Adams,3,0,0,38.84541072,-83.4718964,39001.0,3,3,0,0,3,3,27724,0,0,0,0,0
2020-04-21,US,Ohio,Allen,88,12,0,40.77285242,-84.10802343,39003.0,76,84,11,0,73,79,102663,4,1,0,3,5
2020-04-21,US,Ohio,Ashland,5,0,0,40.84772277,-82.27280781,39005.0,5,5,0,0,5,6,53745,0,0,0,0,-1
2020-04-21,US,Ohio,Ashtabula,70,6,0,41.70860332,-80.74830218,39007.0,64,68,6,0,62,66,97493,2,0,0,2,2
2020-04-21,US,Ohio,Athens,3,1,0,39.33425634,-82.04278644,39009.0,2,3,1,0,2,3,65818,0,0,0,0,0
2020-04-21,US,Ohio,Auglaize,23,3,0,40.55998859,-84.22421429999999,39011.0,20,23,2,0,21,22,45804,0,1,0,-1,1
2020-04-21,US,Ohio,Belmont,84,6,0,40.01625942,-80.9924051,39013.0,78,73,5,0,68,68,67505,11,1,0,10,5
2020-04-21,US,Ohio,Brown,9,1,0,38.93416837,-83.86788395,39015.0,8,9,1,0,8,9,43602,0,0,0,0,0
2020-04-21,US,Ohio,Butler,184,2,0,39.44012838,-84.57388716,39017.0,182,180,2,0,178,166,382378,4,0,0,4,14
2020-04-21,US,Ohio,Carroll,16,0,0,40.578968599999996,-81.09178213,39019.0,16,16,0,0,16,15,27081,0,0,0,0,1
2020-04-21,US,Ohio,Champaign,7,1,0,40.13923427,-83.76875242,39021.0,6,8,1,0,7,8,38754,-1,0,0,-1,0
2020-04-21,US,Ohio,Clark,28,0,0,39.91592258,-83.78498252,39023.0,28,26,0,0,26,25,134585,2,0,0,2,1
2020-04-21,US,Ohio,Clermont,74,3,0,39.04847534,-84.15375786,39025.0,71,72,2,0,70,72,205466,2,1,0,1,0
2020-04-21,US,Ohio,Clinton,26,0,0,39.41485808,-83.80852286,39027.0,26,26,0,0,26,26,42057,0,0,0,0,0
2020-04-21,US,Ohio,Columbiana,185,16,0,40.76932373,-80.78094576,39029.0,169,182,13,0,169,167,102665,3,3,0,0,15
2020-04-21,US,Ohio,Coshocton,16,0,0,40.30096166,-81.91729018,39031.0,16,16,0,0,16,16,36629,0,0,0,0,0
2020-04-21,US,Ohio,Crawford,37,0,0,40.85065156,-82.91989099,39033.0,37,37,0,0,37,41,41550,0,0,0,0,-4
2020-04-21,US,Ohio,Cuyahoga,1653,64,0,41.424119,-81.65918339,39035.0,1589,1577,55,0,1522,1466,1243857,76,9,0,67,111
2020-04-21,US,Ohio,Darke,58,11,0,40.13412966,-84.6194517,39037.0,47,57,11,0,46,56,51323,1,0,0,1,1
2020-04-21,US,Ohio,Defiance,15,0,0,41.32398837,-84.49076944,39039.0,15,15,0,0,15,14,38165,0,0,0,0,1
2020-04-21,US,Ohio,Delaware,127,3,0,40.27942393,-83.00457058,39041.0,124,122,3,0,119,123,204826,5,0,0,5,-1
2020-04-21,US,Ohio,Erie,37,3,0,41.36796058,-82.62904521,39043.0,34,37,2,0,35,33,74615,0,1,0,-1,4
2020-04-21,US,Ohio,Fairfield,101,2,0,39.75107189,-82.63088163,39045.0,99,99,2,0,97,97,155782,2,0,0,2,2
2020-04-21,US,Ohio,Fayette,13,0,0,39.56021306,-83.4562016,39047.0,13,13,0,0,13,13,28666,0,0,0,0,0
2020-04-21,US,Ohio,Franklin,1557,37,0,39.96995815,-83.01115755,39049.0,1520,1510,35,0,1475,1513,1310300,47,2,0,45,-3
2020-04-21,US,Ohio,Fulton,16,0,0,41.60213491,-84.12571393,39051.0,16,16,0,0,16,17,42276,0,0,0,0,-1
2020-04-21,US,Ohio,Gallia,6,1,0,38.82708533,-82.31647569,39053.0,5,6,1,0,5,6,29979,0,0,0,0,0
2020-04-21,US,Ohio,Geauga,113,9,0,41.49952319,-81.17935342,39055.0,104,105,9,0,96,100,94031,8,0,0,8,5
2020-04-21,US,Ohio,Greene,39,3,0,39.69116283,-83.89032084,39057.0,36,39,2,0,37,38,167995,0,1,0,-1,1
2020-04-21,US,Ohio,Guernsey,12,0,0,40.05026529,-81.49248905,39059.0,12,12,0,0,12,11,39022,0,0,0,0,1
2020-04-21,US,Ohio,Hamilton,768,39,0,39.19673558,-84.54502924,39061.0,729,735,37,0,698,718,816684,33,2,0,31,17
2020-04-21,US,Ohio,Hancock,29,1,0,41.00250487,-83.66838948,39063.0,28,30,1,0,29,29,75930,-1,0,0,-1,1
2020-04-21,US,Ohio,Hardin,20,0,0,40.66015414,-83.65929931,39065.0,20,17,0,0,17,17,31480,3,0,0,3,0
2020-04-21,US,Ohio,Harrison,2,0,0,40.29380509,-81.09068544,39067.0,2,2,0,0,2,2,15174,0,0,0,0,0
2020-04-21,US,Ohio,Henry,4,0,0,41.333964200000004,-84.06830637,39069.0,4,3,0,0,3,3,27086,1,0,0,1,0
2020-04-21,US,Ohio,Highland,7,0,0,39.1839264,-83.60331456,39071.0,7,7,0,0,7,7,43058,0,0,0,0,0
2020-04-21,US,Ohio,Hocking,5,0,0,39.49537927,-82.47991446,39073.0,5,4,0,0,4,4,28385,1,0,0,1,0
2020-04-21,US,Ohio,Holmes,4,1,0,40.56163713,-81.92635677,39075.0,3,4,1,0,3,3,43892,0,0,0,0,1
2020-04-21,US,Ohio,Huron,23,1,0,41.14651175,-82.59867951,39077.0,22,20,1,0,19,16,58504,3,0,0,3,4
2020-04-21,US,Ohio,Jackson,4,0,0,39.01914254,-82.61818559999998,39079.0,4,4,0,0,4,5,32384,0,0,0,0,-1
2020-04-21,US,Ohio,Jefferson,31,0,0,40.38614126,-80.76259514,39081.0,31,30,0,0,30,28,65767,1,0,0,1,2
2020-04-21,US,Ohio,Knox,13,1,0,40.39830217,-82.42027563,39083.0,12,13,1,0,12,11,61893,0,0,0,0,2
2020-04-21,US,Ohio,Lake,139,6,0,41.69710807,-81.23676539,39085.0,133,135,6,0,129,133,230514,4,0,0,4,2
2020-04-21,US,Ohio,Lawrence,23,0,0,38.59743452,-82.53466552,39087.0,23,21,0,0,21,21,59866,2,0,0,2,0
2020-04-21,US,Ohio,Licking,102,4,0,40.09136236,-82.48185785,39089.0,98,100,4,0,96,102,175769,2,0,0,2,-2
2020-04-21,US,Ohio,Logan,13,0,0,40.38996525,-83.76784341,39091.0,13,13,0,0,13,13,45358,0,0,0,0,0
2020-04-21,US,Ohio,Lorain,320,19,0,41.29553751,-82.15083537,39093.0,301,303,18,0,285,294,309461,17,1,0,16,9
2020-04-21,US,Ohio,Lucas,853,36,0,41.62101218,-83.65468618,39095.0,817,823,33,0,790,789,429899,30,3,0,27,34
2020-04-21,US,Ohio,Madison,30,3,0,39.89381073,-83.40178317,39097.0,27,30,3,0,27,30,44413,0,0,0,0,0
2020-04-21,US,Ohio,Mahoning,621,54,0,41.01631101,-80.77287029,39099.0,567,604,50,0,554,589,229642,17,4,0,13,15
2020-04-21,US,Ohio,Marion,2132,1,0,40.58610662,-83.15736305,39101.0,2131,2073,1,0,2072,1834,65256,59,0,0,59,239
2020-04-21,US,Ohio,Medina,142,11,0,41.11770589,-81.89986209999998,39103.0,131,139,11,0,128,135,179146,3,0,0,3,4
2020-04-21,US,Ohio,Meigs,2,0,0,39.09224872,-82.0305041,39105.0,2,2,0,0,2,2,23106,0,0,0,0,0
2020-04-21,US,Ohio,Mercer,13,1,0,40.54043046,-84.62912742,39107.0,12,13,1,0,12,13,40959,0,0,0,0,0
2020-04-21,US,Ohio,Miami,133,22,0,40.0543329,-84.22871271,39109.0,111,131,22,0,109,129,106222,2,0,0,2,2
2020-04-21,US,Ohio,Monroe,2,0,0,39.72984936,-81.08464734,39111.0,2,2,0,0,2,2,13790,0,0,0,0,0
2020-04-21,US,Ohio,Montgomery,237,8,0,39.75394919,-84.29050975,39113.0,229,235,8,0,227,232,532331,2,0,0,2,3
2020-04-21,US,Ohio,Morgan,3,0,0,39.62081738,-81.85308173,39115.0,3,3,0,0,3,3,14604,0,0,0,0,0
2020-04-21,US,Ohio,Morrow,24,0,0,40.52363560000001,-82.7892599,39117.0,24,23,0,0,23,20,35112,1,0,0,1,3
2020-04-21,US,Ohio,Muskingum,9,0,0,39.96575964,-81.94363275,39119.0,9,9,0,0,9,8,86183,0,0,0,0,1
2020-04-21,US,Ohio,Noble,3,0,0,39.76818851,-81.45937183,39121.0,3,4,0,0,4,6,14354,-1,0,0,-1,-2
2020-04-21,US,Ohio,Ottawa,32,0,0,41.53781826,-83.0940185,39123.0,32,29,0,0,29,27,40769,3,0,0,3,2
2020-04-21,US,Ohio,Paulding,5,0,0,41.11676341,-84.5801017,39125.0,5,5,0,0,5,5,18760,0,0,0,0,0
2020-04-21,US,Ohio,Perry,10,0,0,39.73508655,-82.23804971,39127.0,10,9,0,0,9,9,36033,1,0,0,1,0
2020-04-21,US,Ohio,Pickaway,1635,5,0,39.64170392,-83.0243386,39129.0,1630,1246,5,0,1241,477,58086,389,0,0,389,769
2020-04-21,US,Ohio,Pike,2,0,0,39.07634001,-83.06769584,39131.0,2,2,0,0,2,1,28067,0,0,0,0,1
2020-04-21,US,Ohio,Portage,186,30,0,41.16793482,-81.19735782,39133.0,156,180,24,0,156,176,162927,6,6,0,0,4
2020-04-21,US,Ohio,Preble,25,1,0,39.7420247,-84.64787018,39135.0,24,24,1,0,23,21,40997,1,0,0,1,3
2020-04-21,US,Ohio,Putnam,22,0,0,41.02094889,-84.1336111,39137.0,22,21,0,0,21,18,33780,1,0,0,1,3
2020-04-21,US,Ohio,Richland,66,1,0,40.77180308,-82.53799609999999,39139.0,65,64,1,0,63,65,121099,2,0,0,2,-1
2020-04-21,US,Ohio,Ross,30,0,0,39.33705391,-83.06000914,39141.0,30,29,0,0,29,36,76931,1,0,0,1,-7
2020-04-21,US,Ohio,Sandusky,17,2,0,41.35624126,-83.137872,39143.0,15,17,2,0,15,18,58799,0,0,0,0,-1
2020-04-21,US,Ohio,Scioto,6,0,0,38.80270163,-82.98907345,39145.0,6,6,0,0,6,9,75502,0,0,0,0,-3
2020-04-21,US,Ohio,Seneca,11,1,0,41.12351311,-83.12783209,39147.0,10,13,1,0,12,12,55207,-2,0,0,-2,1
2020-04-21,US,Ohio,Shelby,28,0,0,40.33163494,-84.20258189,39149.0,28,28,0,0,28,29,48627,0,0,0,0,-1
2020-04-21,US,Ohio,Stark,251,28,0,40.81482476,-81.36437305,39151.0,223,237,25,0,212,224,371574,14,3,0,11,13
2020-04-21,US,Ohio,Summit,385,28,0,41.12464734,-81.53123079,39153.0,357,370,24,0,346,350,541918,15,4,0,11,20
2020-04-21,US,Ohio,Trumbull,257,21,0,41.31735028,-80.76109643,39155.0,236,249,20,0,229,237,198627,8,1,0,7,12
2020-04-21,US,Ohio,Tuscarawas,34,0,0,40.44214695,-81.47226262,39157.0,34,32,0,0,32,31,92176,2,0,0,2,1
2020-04-21,US,Ohio,Union,16,0,0,40.30016061,-83.37239023,39159.0,16,13,0,0,13,12,57835,3,0,0,3,1
2020-04-21,US,Ohio,Van Wert,3,0,0,40.8554138,-84.59111700000003,39161.0,3,3,0,0,3,3,28281,0,0,0,0,0
2020-04-21,US,Ohio,Warren,117,10,0,39.42581994,-84.16557457,39165.0,107,116,9,0,107,112,232173,1,1,0,0,4
2020-04-21,US,Ohio,Washington,69,6,0,39.45690571,-81.49121382,39167.0,63,65,6,0,59,65,60155,4,0,0,4,0
2020-04-21,US,Ohio,Wayne,82,16,0,40.82925852,-81.88844833,39169.0,66,81,14,0,67,79,115967,1,2,0,-1,2
2020-04-21,US,Ohio,Williams,8,1,0,41.56052014,-84.58429552,39171.0,7,8,1,0,7,8,36804,0,0,0,0,0
2020-04-21,US,Ohio,Wood,92,13,0,41.36224827,-83.62285108,39173.0,79,84,12,0,72,84,130696,8,1,0,7,0
2020-04-21,US,Ohio,Wyandot,20,2,0,40.84339621,-83.30734173,39175.0,18,17,2,0,15,17,21935,3,0,0,3,0
2020-04-21,US,Oklahoma,Adair,47,3,0,35.88494195,-94.65859267,40001.0,44,46,3,0,43,43,22082,1,0,0,1,3
2020-04-21,US,Oklahoma,Alfalfa,1,0,0,36.73090616,-98.32408495,40003.0,1,1,0,0,1,1,5754,0,0,0,0,0
2020-04-21,US,Oklahoma,Atoka,1,0,0,34.37366573,-96.03802487,40005.0,1,1,0,0,1,1,13838,0,0,0,0,0
2020-04-21,US,Oklahoma,Beaver,1,0,0,36.7496847,-100.4758872,40007.0,1,1,0,0,1,1,5319,0,0,0,0,0
2020-04-21,US,Oklahoma,Beckham,2,0,0,35.26862449,-99.68128023,40009.0,2,2,0,0,2,2,21709,0,0,0,0,0
2020-04-21,US,Oklahoma,Bryan,6,1,0,33.96472458,-96.25903472,40013.0,5,5,0,0,5,5,47192,1,1,0,0,0
2020-04-21,US,Oklahoma,Caddo,52,3,0,35.17364557,-98.37534464,40015.0,49,52,3,0,49,51,28977,0,0,0,0,1
2020-04-21,US,Oklahoma,Canadian,76,3,0,35.5426055,-97.98465569,40017.0,73,75,3,0,72,73,144447,1,0,0,1,2
2020-04-21,US,Oklahoma,Carter,1,0,0,34.25103751,-97.28552485,40019.0,1,1,0,0,1,1,48177,0,0,0,0,0
2020-04-21,US,Oklahoma,Cherokee,24,1,0,35.90692775,-94.99980896,40021.0,23,24,1,0,23,24,48675,0,0,0,0,0
2020-04-21,US,Oklahoma,Choctaw,3,0,0,34.02807439,-95.54771129,40023.0,3,3,0,0,3,3,14668,0,0,0,0,0
2020-04-21,US,Oklahoma,Cimarron,1,0,0,36.74817177,-102.5173885,40025.0,1,,,,,,2153,,,,,
2020-04-21,US,Oklahoma,Cleveland,345,23,0,35.20413532,-97.32519562,40027.0,322,324,23,0,301,313,281669,21,0,0,21,11
2020-04-21,US,Oklahoma,Comanche,72,1,0,34.65973764,-98.47195055,40031.0,71,71,0,0,71,67,120422,1,1,0,0,4
2020-04-21,US,Oklahoma,Cotton,5,0,0,34.28845626,-98.37053567,40033.0,5,5,0,0,5,5,5776,0,0,0,0,0
2020-04-21,US,Oklahoma,Craig,8,0,0,36.76268118,-95.20916602,40035.0,8,8,0,0,8,8,14306,0,0,0,0,0
2020-04-21,US,Oklahoma,Creek,69,4,0,35.90230551,-96.37086028,40037.0,65,68,4,0,64,68,71604,1,0,0,1,0
2020-04-21,US,Oklahoma,Custer,10,0,0,35.63853802,-99.00170785,40039.0,10,10,0,0,10,9,29036,0,0,0,0,1
2020-04-21,US,Oklahoma,Delaware,87,9,0,36.40823634,-94.80325046,40041.0,78,86,5,0,81,83,42733,1,4,0,-3,3
2020-04-21,US,Oklahoma,Dewey,2,0,0,35.98772922,-99.00730714,40043.0,2,2,0,0,2,2,4894,0,0,0,0,0
2020-04-21,US,Oklahoma,Garfield,11,1,0,36.3791334,-97.78265517,40047.0,10,11,1,0,10,11,60913,0,0,0,0,0
2020-04-21,US,Oklahoma,Garvin,12,0,0,34.70418038,-97.30811132,40049.0,12,11,0,0,11,10,27811,1,0,0,1,1
2020-04-21,US,Oklahoma,Grady,23,1,0,35.0167709,-97.88339847,40051.0,22,23,1,0,22,20,55551,0,0,0,0,3
2020-04-21,US,Oklahoma,Grant,2,0,0,36.796296999999996,-97.78638765,40053.0,2,2,0,0,2,2,4326,0,0,0,0,0
2020-04-21,US,Oklahoma,Greer,57,6,0,34.93535801,-99.56056120000001,40055.0,51,57,5,0,52,55,5821,0,1,0,-1,2
2020-04-21,US,Oklahoma,Harper,1,0,0,36.78836519,-99.6679804,40059.0,1,1,0,0,1,1,3797,0,0,0,0,0
2020-04-21,US,Oklahoma,Haskell,3,0,0,35.22257600000001,-95.11513306,40061.0,3,2,0,0,2,2,12668,1,0,0,1,0
2020-04-21,US,Oklahoma,Jackson,8,0,0,34.58781741,-99.41138784,40065.0,8,6,0,0,6,6,24949,2,0,0,2,0
2020-04-21,US,Oklahoma,Jefferson,2,0,0,34.11130184,-97.83182974,40067.0,2,1,0,0,1,1,6123,1,0,0,1,0
2020-04-21,US,Oklahoma,Johnston,3,0,0,34.31440473,-96.66011537,40069.0,3,3,0,0,3,3,10949,0,0,0,0,0
2020-04-21,US,Oklahoma,Kay,46,6,0,36.81799745,-97.14421435,40071.0,40,46,4,0,42,46,44161,0,2,0,-2,0
2020-04-21,US,Oklahoma,Kingfisher,6,0,0,35.94530008,-97.94193268,40073.0,6,6,0,0,6,6,15816,0,0,0,0,0
2020-04-21,US,Oklahoma,Kiowa,3,0,0,34.91671958,-98.97720696,40075.0,3,3,0,0,3,3,8729,0,0,0,0,0
2020-04-21,US,Oklahoma,Latimer,4,1,0,34.87844729,-95.25215049,40077.0,3,4,1,0,3,4,10231,0,0,0,0,0
2020-04-21,US,Oklahoma,Le Flore,7,0,0,34.89851864,-94.70392124,40079.0,7,6,0,0,6,6,49980,1,0,0,1,0
2020-04-21,US,Oklahoma,Lincoln,10,0,0,35.70270942,-96.8812462,40081.0,10,10,0,0,10,10,34920,0,0,0,0,0
2020-04-21,US,Oklahoma,Logan,10,0,0,35.91899576,-97.44352845,40083.0,10,9,0,0,9,9,47291,1,0,0,1,0
2020-04-21,US,Oklahoma,Love,2,0,0,33.95273467,-97.23906784,40085.0,2,2,0,0,2,2,10134,0,0,0,0,0
2020-04-21,US,Oklahoma,Major,2,1,0,36.31149996,-98.53467076,40093.0,1,2,1,0,1,2,7644,0,0,0,0,0
2020-04-21,US,Oklahoma,Marshall,2,0,0,34.02311222,-96.76855464,40095.0,2,2,0,0,2,2,16806,0,0,0,0,0
2020-04-21,US,Oklahoma,Mayes,19,3,0,36.30179091,-95.23175116,40097.0,16,19,3,0,16,19,41107,0,0,0,0,0
2020-04-21,US,Oklahoma,McClain,23,0,0,35.01123903,-97.44572302,40087.0,23,22,0,0,22,,39985,1,0,0,1,
2020-04-21,US,Oklahoma,McCurtain,8,0,0,34.11664328,-94.77222373,40089.0,8,8,0,0,8,,32703,0,0,0,0,
2020-04-21,US,Oklahoma,McIntosh,2,0,0,35.37235506,-95.66599306,40091.0,2,2,0,0,2,,19815,0,0,0,0,
2020-04-21,US,Oklahoma,Murray,1,0,0,34.48116015,-97.06826283,40099.0,1,1,0,0,1,1,13953,0,0,0,0,0
2020-04-21,US,Oklahoma,Muskogee,26,3,0,35.61318461,-95.37802952,40101.0,23,26,3,0,23,26,68362,0,0,0,0,0
2020-04-21,US,Oklahoma,Noble,6,0,0,36.38953329,-97.22928674,40103.0,6,6,0,0,6,6,11289,0,0,0,0,0
2020-04-21,US,Oklahoma,Nowata,13,0,0,36.79843529,-95.61902331,40105.0,13,13,0,0,13,13,10218,0,0,0,0,0
2020-04-21,US,Oklahoma,Okfuskee,1,0,0,35.46485198,-96.32639984,40107.0,1,1,0,0,1,1,12098,0,0,0,0,0
2020-04-21,US,Oklahoma,Oklahoma,590,24,0,35.55140095,-97.40716948,40109.0,566,574,23,0,551,560,792582,16,1,0,15,14
2020-04-21,US,Oklahoma,Okmulgee,15,0,0,35.64661916,-95.96432828,40111.0,15,15,0,0,15,15,38335,0,0,0,0,0
2020-04-21,US,Oklahoma,Osage,65,8,0,36.62888819,-96.39635704,40113.0,57,65,8,0,57,64,47014,0,0,0,0,1
2020-04-21,US,Oklahoma,Ottawa,27,0,0,36.83532655,-94.81011909,40115.0,27,27,0,0,27,27,31175,0,0,0,0,0
2020-04-21,US,Oklahoma,Pawnee,28,2,0,36.31743373,-96.70331759999999,40117.0,26,28,2,0,26,28,16390,0,0,0,0,0
2020-04-21,US,Oklahoma,Payne,39,0,0,36.07695283,-96.97584944,40119.0,39,39,0,0,39,37,82040,0,0,0,0,2
2020-04-21,US,Oklahoma,Pittsburg,20,1,0,34.92065823,-95.75134320000001,40121.0,19,18,1,0,17,17,43877,2,0,0,2,1
2020-04-21,US,Oklahoma,Pontotoc,10,1,0,34.72959848,-96.68337199,40123.0,9,10,1,0,9,10,38247,0,0,0,0,0
2020-04-21,US,Oklahoma,Pottawatomie,36,4,0,35.20614018,-96.94923008,40125.0,32,36,4,0,32,36,72679,0,0,0,0,0
2020-04-21,US,Oklahoma,Rogers,40,2,0,36.37004357,-95.60406759,40131.0,38,38,2,0,36,38,91984,2,0,0,2,0
2020-04-21,US,Oklahoma,Seminole,9,1,0,35.16478725,-96.61686741,40133.0,8,7,1,0,6,7,24578,2,0,0,2,0
2020-04-21,US,Oklahoma,Sequoyah,10,2,0,35.49447108,-94.75463785,40135.0,8,10,2,0,8,10,41179,0,0,0,0,0
2020-04-21,US,Oklahoma,Stephens,19,1,0,34.48556989,-97.85141892,40137.0,18,19,1,0,18,15,43265,0,0,0,0,4
2020-04-21,US,Oklahoma,Texas,32,1,0,36.74777635,-101.4889765,40139.0,31,20,1,0,19,13,20455,12,0,0,12,7
2020-04-21,US,Oklahoma,Tillman,1,0,0,34.37288446,-98.92426619,40141.0,1,2,0,0,2,2,7348,-1,0,0,-1,0
2020-04-21,US,Oklahoma,Tulsa,432,25,0,36.11939621,-95.94013939,40143.0,407,422,22,0,400,411,648360,10,3,0,7,11
2020-04-21,US,Oklahoma,Wagoner,112,12,0,35.96024096,-95.51911308,40145.0,100,108,8,0,100,108,80110,4,4,0,0,0
2020-04-21,US,Oklahoma,Washington,192,10,0,36.71380786,-95.90514104,40147.0,182,148,6,0,142,140,51843,44,4,0,40,8
2020-04-21,US,Oklahoma,Woods,3,0,0,36.76705782,-98.86573064,40151.0,3,3,0,0,3,1,8897,0,0,0,0,2
2020-04-21,US,Oklahoma,Woodward,1,0,0,36.42316318,-99.26283045,40153.0,1,1,0,0,1,1,20222,0,0,0,0,0
2020-04-21,US,Oregon,Benton,28,5,0,44.49167306,-123.4316987,41003.0,23,28,5,0,23,27,92101,0,0,0,0,1
2020-04-21,US,Oregon,Clackamas,173,5,0,45.18787398,-122.2179634,41005.0,168,171,5,0,166,161,416075,2,0,0,2,10
2020-04-21,US,Oregon,Clatsop,6,0,0,45.99712889,-123.660711,41007.0,6,6,0,0,6,6,39764,0,0,0,0,0
2020-04-21,US,Oregon,Columbia,14,0,0,45.94464254,-123.08908980000001,41009.0,14,14,0,0,14,14,52377,0,0,0,0,0
2020-04-21,US,Oregon,Coos,2,0,0,43.17406868,-124.0594514,41011.0,2,1,0,0,1,1,64389,1,0,0,1,0
2020-04-21,US,Oregon,Crook,1,0,0,44.14230227,-120.356297,41013.0,1,1,0,0,1,1,23867,0,0,0,0,0
2020-04-21,US,Oregon,Curry,4,0,0,42.45911325,-124.15728200000001,41015.0,4,4,0,0,4,4,22813,0,0,0,0,0
2020-04-21,US,Oregon,Deschutes,64,0,0,43.91570171,-121.2289121,41017.0,64,64,0,0,64,64,191996,0,0,0,0,0
2020-04-21,US,Oregon,Douglas,23,0,0,43.27941273,-123.16729099999999,41019.0,23,23,0,0,23,22,110283,0,0,0,0,1
2020-04-21,US,Oregon,Grant,1,0,0,44.49024544,-119.0068631,41023.0,1,1,0,0,1,1,7176,0,0,0,0,0
2020-04-21,US,Oregon,Hood River,4,0,0,45.51872811,-121.65520359999998,41027.0,4,4,0,0,4,4,23428,0,0,0,0,0
2020-04-21,US,Oregon,Jackson,48,0,0,42.43201126,-122.72893090000001,41029.0,48,49,0,0,49,49,219564,-1,0,0,-1,0
2020-04-21,US,Oregon,Jefferson,1,0,0,44.62806839,-121.17832,41031.0,1,1,0,0,1,1,24192,0,0,0,0,0
2020-04-21,US,Oregon,Josephine,19,1,0,42.3665549,-123.5561938,41033.0,18,19,1,0,18,19,87393,0,0,0,0,0
2020-04-21,US,Oregon,Klamath,33,0,0,42.68762984,-121.64964609999998,41035.0,33,31,0,0,31,30,67653,2,0,0,2,1
2020-04-21,US,Oregon,Lane,48,1,0,43.93727035,-122.847753,41039.0,47,48,1,0,47,48,379611,0,0,0,0,0
2020-04-21,US,Oregon,Lincoln,5,0,0,44.64252874,-123.86991200000001,41041.0,5,5,0,0,5,4,49388,0,0,0,0,1
2020-04-21,US,Oregon,Linn,62,6,0,44.48899494,-122.53731540000001,41043.0,56,61,6,0,55,59,127335,1,0,0,1,2
2020-04-21,US,Oregon,Malheur,5,0,0,43.1937027,-117.62273950000001,41045.0,5,5,0,0,5,5,30725,0,0,0,0,0
2020-04-21,US,Oregon,Marion,381,14,0,44.90287942,-122.58151170000001,41047.0,367,371,14,0,357,358,346868,10,0,0,10,13
2020-04-21,US,Oregon,Morrow,5,0,0,45.41846568,-119.584546,41049.0,5,5,0,0,5,5,11372,0,0,0,0,0
2020-04-21,US,Oregon,Multnomah,542,29,0,45.54747959,-122.4169351,41051.0,513,520,28,0,492,514,811880,22,1,0,21,6
2020-04-21,US,Oregon,Polk,33,1,0,44.90322804,-123.4128888,41053.0,32,33,1,0,32,32,85234,0,0,0,0,1
2020-04-21,US,Oregon,Sherman,1,0,0,45.41501554,-120.6827834,41055.0,1,1,0,0,1,1,1708,0,0,0,0,0
2020-04-21,US,Oregon,Tillamook,6,0,0,45.46248721,-123.712066,41057.0,6,6,0,0,6,6,26787,0,0,0,0,0
2020-04-21,US,Oregon,Umatilla,29,0,0,45.59073056,-118.7353826,41059.0,29,27,0,0,27,26,77516,2,0,0,2,1
2020-04-21,US,Oregon,Union,4,0,0,45.30915495,-118.0068979,41061.0,4,4,0,0,4,4,26461,0,0,0,0,0
2020-04-21,US,Oregon,Wallowa,1,0,0,45.57894064,-117.18353799999998,41063.0,1,1,0,0,1,1,7081,0,0,0,0,0
2020-04-21,US,Oregon,Wasco,11,0,0,45.16292781,-121.16709540000001,41065.0,11,10,0,0,10,10,26505,1,0,0,1,0
2020-04-21,US,Oregon,Washington,415,10,0,45.55972701,-123.0955257,41067.0,405,408,8,0,400,399,597695,7,2,0,5,9
2020-04-21,US,Oregon,Yamhill,35,6,0,45.23330449,-123.3086963,41071.0,29,35,6,0,29,34,107002,0,0,0,0,1
2020-04-21,US,Pennsylvania,Adams,91,2,0,39.87140411,-77.21610347,42001.0,89,85,1,0,84,80,102811,6,1,0,5,5
2020-04-21,US,Pennsylvania,Allegheny,1059,67,0,40.46809875,-79.98167747,42003.0,992,1042,55,0,987,1035,1218452,17,12,0,5,7
2020-04-21,US,Pennsylvania,Armstrong,38,2,0,40.81665618,-79.46290811,42005.0,36,38,2,0,36,38,65263,0,0,0,0,0
2020-04-21,US,Pennsylvania,Beaver,303,43,0,40.6825484,-80.34921611,42007.0,260,298,36,0,262,288,164742,5,7,0,-2,10
2020-04-21,US,Pennsylvania,Bedford,16,1,0,40.00522157,-78.48998442,42009.0,15,15,1,0,14,15,48176,1,0,0,1,0
2020-04-21,US,Pennsylvania,Berks,1988,82,0,40.41570541,-75.92457766,42011.0,1906,1945,74,0,1871,1898,420152,43,8,0,35,47
2020-04-21,US,Pennsylvania,Blair,14,0,0,40.47961444,-78.34917412,42013.0,14,14,0,0,14,13,122492,0,0,0,0,1
2020-04-21,US,Pennsylvania,Bradford,31,5,0,41.78869215,-76.51570822,42015.0,26,25,1,0,24,25,60833,6,4,0,2,0
2020-04-21,US,Pennsylvania,Bucks,1977,116,0,40.33682119,-75.10836643,42017.0,1861,1886,90,0,1796,1797,628195,91,26,0,65,89
2020-04-21,US,Pennsylvania,Butler,162,6,0,40.91152759,-79.91351055,42019.0,156,161,5,0,156,161,187888,1,1,0,0,0
2020-04-21,US,Pennsylvania,Cambria,20,2,0,40.49527404,-78.71377428,42021.0,18,19,1,0,18,19,131730,1,1,0,0,0
2020-04-21,US,Pennsylvania,Cameron,1,0,0,41.43625568,-78.20376845,42023.0,1,1,0,0,1,1,4492,0,0,0,0,0
2020-04-21,US,Pennsylvania,Carbon,150,11,0,40.91545395,-75.7068525,42025.0,139,144,9,0,135,140,64227,6,2,0,4,4
2020-04-21,US,Pennsylvania,Centre,77,2,0,40.92058903,-77.82200624,42027.0,75,73,1,0,72,73,162805,4,1,0,3,0
2020-04-21,US,Pennsylvania,Chester,943,65,0,39.97291773,-75.74768357,42029.0,878,915,44,0,871,877,522046,28,21,0,7,38
2020-04-21,US,Pennsylvania,Clarion,18,1,0,41.19265812,-79.42413524,42031.0,17,18,1,0,17,18,38779,0,0,0,0,0
2020-04-21,US,Pennsylvania,Clearfield,11,0,0,41.00110782,-78.47592663,42033.0,11,11,0,0,11,11,79388,0,0,0,0,0
2020-04-21,US,Pennsylvania,Clinton,11,0,0,41.23255967,-77.63785995,42035.0,11,11,0,0,11,11,38684,0,0,0,0,0
2020-04-21,US,Pennsylvania,Columbia,225,8,0,41.04821986,-76.40565017,42037.0,217,208,7,0,201,202,65456,17,1,0,16,6
2020-04-21,US,Pennsylvania,Crawford,17,0,0,41.68447709,-80.10760592,42039.0,17,16,0,0,16,16,85063,1,0,0,1,0
2020-04-21,US,Pennsylvania,Cumberland,194,6,0,40.1625372,-77.26130755,42041.0,188,186,4,0,182,182,251423,8,2,0,6,4
2020-04-21,US,Pennsylvania,Dauphin,400,11,0,40.41377078,-76.77993242,42043.0,389,386,9,0,377,368,277097,14,2,0,12,18
2020-04-21,US,Pennsylvania,Delaware,2654,118,0,39.91680171,-75.40243663,42045.0,2536,2545,100,0,2445,2460,564751,109,18,0,91,85
2020-04-21,US,Pennsylvania,Elk,2,0,0,41.42822061,-78.64524744,42047.0,2,2,0,0,2,2,30169,0,0,0,0,0
2020-04-21,US,Pennsylvania,Erie,60,0,0,41.99253829,-80.03301954,42049.0,60,60,0,0,60,58,272061,0,0,0,0,2
2020-04-21,US,Pennsylvania,Fayette,69,3,0,39.92041012,-79.64291195,42051.0,66,67,3,0,64,66,130441,2,0,0,2,1
2020-04-21,US,Pennsylvania,Forest,7,0,0,41.51095103,-79.23229292,42053.0,7,7,0,0,7,7,7279,0,0,0,0,0
2020-04-21,US,Pennsylvania,Franklin,143,10,0,39.92956518,-77.72157791,42055.0,133,115,0,0,115,111,154835,28,10,0,18,4
2020-04-21,US,Pennsylvania,Fulton,2,0,0,39.92913544,-78.11163677,42057.0,2,2,0,0,2,2,14523,0,0,0,0,0
2020-04-21,US,Pennsylvania,Greene,25,0,0,39.85746531,-80.22357106,42059.0,25,25,0,0,25,24,36506,0,0,0,0,1
2020-04-21,US,Pennsylvania,Huntingdon,13,0,0,40.42162652,-77.97673273,42061.0,13,13,0,0,13,13,45168,0,0,0,0,0
2020-04-21,US,Pennsylvania,Indiana,55,4,0,40.65241041,-79.08963285,42063.0,51,53,4,0,49,51,84501,2,0,0,2,2
2020-04-21,US,Pennsylvania,Jefferson,3,0,0,41.12913106,-78.9986361,42065.0,3,3,0,0,3,2,43641,0,0,0,0,1
2020-04-21,US,Pennsylvania,Juniata,72,0,0,40.53358749,-77.39975129999998,42067.0,72,72,0,0,72,70,24704,0,0,0,0,2
2020-04-21,US,Pennsylvania,Lackawanna,666,53,0,41.43564672,-75.60379201,42069.0,613,646,41,0,605,636,210793,20,12,0,8,10
2020-04-21,US,Pennsylvania,Lancaster,1295,107,0,40.03904563,-76.24770128,42071.0,1188,1236,101,0,1135,1188,543557,59,6,0,53,48
2020-04-21,US,Pennsylvania,Lawrence,60,6,0,40.99206278,-80.33393706,42073.0,54,59,5,0,54,59,86184,1,1,0,0,0
2020-04-21,US,Pennsylvania,Lebanon,525,8,0,40.36680311,-76.45651841,42075.0,517,502,5,0,497,484,141314,23,3,0,20,18
2020-04-21,US,Pennsylvania,Lehigh,2295,49,0,40.6154815,-75.59435245,42077.0,2246,2245,33,0,2212,2203,368100,50,16,0,34,42
2020-04-21,US,Pennsylvania,Luzerne,1800,50,0,41.17823008,-75.98447579,42079.0,1750,1767,36,0,1731,1741,317646,33,14,0,19,26
2020-04-21,US,Pennsylvania,Lycoming,42,2,0,41.34310539,-77.06629984,42081.0,40,40,0,0,40,37,113664,2,2,0,0,3
2020-04-21,US,Pennsylvania,McKean,5,0,0,41.80938602,-78.56478358,42083.0,5,4,0,0,4,4,40968,1,0,0,1,0
2020-04-21,US,Pennsylvania,Mercer,59,1,0,41.30248872,-80.25816981,42085.0,58,59,1,0,58,59,110683,0,0,0,0,0
2020-04-21,US,Pennsylvania,Mifflin,21,0,0,40.61116939,-77.61070738,42087.0,21,20,0,0,20,20,46222,1,0,0,1,0
2020-04-21,US,Pennsylvania,Monroe,995,46,0,41.05934058,-75.34031025,42089.0,949,970,39,0,931,963,169507,25,7,0,18,7
2020-04-21,US,Pennsylvania,Montgomery,3154,223,0,40.21053671,-75.36652296,42091.0,2931,3040,184,0,2856,2913,828604,114,39,0,75,127
2020-04-21,US,Pennsylvania,Montour,47,0,0,41.03023987,-76.66345939,42093.0,47,48,0,0,48,48,18240,-1,0,0,-1,0
2020-04-21,US,Pennsylvania,Northampton,1544,43,0,40.75182733,-75.30471829,42095.0,1501,1469,36,0,1433,1441,304807,75,7,0,68,28
2020-04-21,US,Pennsylvania,Northumberland,77,0,0,40.84785433,-76.70798222,42097.0,77,73,0,0,73,67,91083,4,0,0,4,6
2020-04-21,US,Pennsylvania,Perry,20,1,0,40.40206612,-77.26297447,42099.0,19,20,1,0,19,20,46139,0,0,0,0,0
2020-04-21,US,Pennsylvania,Philadelphia,10028,394,0,40.00338507,-75.1379271,42101.0,9634,9553,370,0,9183,9214,1584138,475,24,0,451,339
2020-04-21,US,Pennsylvania,Pike,314,12,0,41.33155042,-75.03208106,42103.0,302,304,9,0,295,301,55933,10,3,0,7,3
2020-04-21,US,Pennsylvania,Potter,4,0,0,41.74471626,-77.89559864,42105.0,4,4,0,0,4,4,16622,0,0,0,0,0
2020-04-21,US,Pennsylvania,Schuylkill,277,7,0,40.70497338,-76.2150785,42107.0,270,267,5,0,262,261,142067,10,2,0,8,6
2020-04-21,US,Pennsylvania,Snyder,30,1,0,40.77129231,-77.06840691,42109.0,29,28,1,0,27,27,40540,2,0,0,2,1
2020-04-21,US,Pennsylvania,Somerset,19,0,0,39.97172723,-79.02699593,42111.0,19,19,0,0,19,18,73952,0,0,0,0,1
2020-04-21,US,Pennsylvania,Sullivan,1,0,0,41.44634738,-76.51246591,42113.0,1,1,0,0,1,1,6071,0,0,0,0,0
2020-04-21,US,Pennsylvania,Susquehanna,71,4,0,41.82147784,-75.80071959,42115.0,67,66,4,0,62,63,40589,5,0,0,5,3
2020-04-21,US,Pennsylvania,Tioga,15,2,0,41.77255149,-77.25433032,42117.0,13,14,1,0,13,14,40763,1,1,0,0,0
2020-04-21,US,Pennsylvania,Union,29,0,0,40.96188846,-77.05996014,42119.0,29,28,0,0,28,27,44785,1,0,0,1,1
2020-04-21,US,Pennsylvania,Venango,6,0,0,41.40323442,-79.75845449,42121.0,6,6,0,0,6,6,51266,0,0,0,0,0
2020-04-21,US,Pennsylvania,Warren,2,1,0,41.81304978,-79.26969577,42123.0,1,1,0,0,1,1,39498,1,1,0,0,0
2020-04-21,US,Pennsylvania,Washington,86,2,0,40.19208869,-80.24582867,42125.0,84,83,2,0,81,82,207346,3,0,0,3,1
2020-04-21,US,Pennsylvania,Wayne,86,3,0,41.64938475,-75.29956506,42127.0,83,85,3,0,82,84,51276,1,0,0,1,1
2020-04-21,US,Pennsylvania,Westmoreland,291,20,0,40.31377979999999,-79.46615476,42129.0,271,286,16,0,270,284,350611,5,4,0,1,2
2020-04-21,US,Pennsylvania,Wyoming,17,1,0,41.51955538,-76.01074915,42131.0,16,17,1,0,16,17,27046,0,0,0,0,0
2020-04-21,US,Pennsylvania,York,517,13,0,39.9210089,-76.73040131,42133.0,504,493,6,0,487,481,448273,24,7,0,17,12
2020-04-21,US,Rhode Island,Bristol,68,0,0,41.71018079,-71.28652315,44001.0,68,67,0,0,67,59,48649,1,0,0,1,8
2020-04-21,US,Rhode Island,Kent,386,0,0,41.67106337,-71.57641596,44003.0,386,366,0,0,366,316,163861,20,0,0,20,50
2020-04-21,US,Rhode Island,Newport,110,0,0,41.5642026,-71.26569799,44005.0,110,107,0,0,107,103,82542,3,0,0,3,4
2020-04-21,US,Rhode Island,Providence,3727,3,0,41.87064746,-71.57753536,44007.0,3724,3491,3,0,3488,3014,636084,236,0,0,236,477
2020-04-21,US,Rhode Island,Unassigned,1000,168,0,0.0,0.0,90044.0,832,861,152,0,709,1030,,139,16,0,123,-169
2020-04-21,US,Rhode Island,Washington,209,0,0,41.45961631,-71.61435303,44009.0,209,198,0,0,198,184,126179,11,0,0,11,14
2020-04-21,US,South Carolina,Abbeville,17,0,0,34.22333378,-82.46170658,45001.0,17,17,0,0,17,17,24541,0,0,0,0,0
2020-04-21,US,South Carolina,Aiken,70,4,0,33.54338026,-81.63645384,45003.0,66,70,4,0,66,69,169401,0,0,0,0,1
2020-04-21,US,South Carolina,Allendale,6,0,0,32.98837386,-81.35321066,45005.0,6,6,0,0,6,6,8903,0,0,0,0,0
2020-04-21,US,South Carolina,Anderson,134,5,0,34.51828081,-82.63959517,45007.0,129,134,5,0,129,132,200482,0,0,0,0,2
2020-04-21,US,South Carolina,Bamberg,7,0,0,33.21927586,-81.05659969,45009.0,7,7,0,0,7,7,14275,0,0,0,0,0
2020-04-21,US,South Carolina,Barnwell,6,0,0,33.26679302,-81.43584352,45011.0,6,6,0,0,6,5,21112,0,0,0,0,1
2020-04-21,US,South Carolina,Beaufort,225,6,0,32.39226291,-80.72619758,45013.0,219,225,6,0,219,225,188715,0,0,0,0,0
2020-04-21,US,South Carolina,Berkeley,138,3,0,33.20222596,-79.94654523,45015.0,135,138,3,0,135,132,221091,0,0,0,0,6
2020-04-21,US,South Carolina,Calhoun,6,1,0,33.66926881,-80.77722168,45017.0,5,6,1,0,5,6,14520,0,0,0,0,0
2020-04-21,US,South Carolina,Charleston,391,3,0,32.82487866,-79.96512315,45019.0,388,391,3,0,388,390,405905,0,0,0,0,1
2020-04-21,US,South Carolina,Cherokee,14,0,0,35.05122251,-81.61828622,45021.0,14,14,0,0,14,13,57078,0,0,0,0,1
2020-04-21,US,South Carolina,Chester,25,0,0,34.69249168,-81.1583216,45023.0,25,25,0,0,25,24,32251,0,0,0,0,1
2020-04-21,US,South Carolina,Chesterfield,36,0,0,34.64137396,-80.15640140000002,45025.0,36,36,0,0,36,36,45754,0,0,0,0,0
2020-04-21,US,South Carolina,Clarendon,120,7,0,33.66610974,-80.21647898,45027.0,113,120,7,0,113,112,33700,0,0,0,0,8
2020-04-21,US,South Carolina,Colleton,23,1,0,32.87582989,-80.67641292,45029.0,22,23,1,0,22,23,37660,0,0,0,0,0
2020-04-21,US,South Carolina,Darlington,69,0,0,34.33358335,-79.96027485,45031.0,69,69,0,0,69,64,66802,0,0,0,0,5
2020-04-21,US,South Carolina,Dillon,22,0,0,34.39007791,-79.37741872,45033.0,22,22,0,0,22,20,30599,0,0,0,0,2
2020-04-21,US,South Carolina,Dorchester,83,1,0,33.0794369,-80.40502652,45035.0,82,88,1,0,87,88,160647,-5,0,0,-5,0
2020-04-21,US,South Carolina,Edgefield,12,1,0,33.77221995,-81.96231108,45037.0,11,12,0,0,12,12,27052,0,1,0,-1,0
2020-04-21,US,South Carolina,Fairfield,25,0,0,34.39287073,-81.1195624,45039.0,25,25,0,0,25,25,22402,0,0,0,0,0
2020-04-21,US,South Carolina,Florence,153,8,0,34.02361754,-79.70189312,45041.0,145,153,8,0,145,150,138159,0,0,0,0,3
2020-04-21,US,South Carolina,Georgetown,34,2,0,33.43443342,-79.33202141,45043.0,32,34,2,0,32,33,62249,0,0,0,0,1
2020-04-21,US,South Carolina,Greenville,498,11,0,34.89502264,-82.37295012,45045.0,487,498,11,0,487,492,514213,0,0,0,0,6
2020-04-21,US,South Carolina,Greenwood,37,0,0,34.15272415,-82.12715789,45047.0,37,37,0,0,37,36,70741,0,0,0,0,1
2020-04-21,US,South Carolina,Hampton,21,0,0,32.77419582,-81.13845571,45049.0,21,21,0,0,21,21,19351,0,0,0,0,0
2020-04-21,US,South Carolina,Horry,185,12,0,33.9212828,-78.99555293,45051.0,173,185,12,0,173,185,344147,0,0,0,0,0
2020-04-21,US,South Carolina,Jasper,15,1,0,32.43171982,-81.02487495,45053.0,14,15,1,0,14,15,28971,0,0,0,0,0
2020-04-21,US,South Carolina,Kershaw,201,9,0,34.33988254,-80.58763164,45055.0,192,201,9,0,192,197,65592,0,0,0,0,4
2020-04-21,US,South Carolina,Lancaster,79,3,0,34.68270843,-80.70513032,45057.0,76,79,3,0,76,79,95380,0,0,0,0,0
2020-04-21,US,South Carolina,Laurens,20,1,0,34.48244419,-82.00490796,45059.0,19,20,1,0,19,20,66994,0,0,0,0,0
2020-04-21,US,South Carolina,Lee,42,5,0,34.16393091,-80.25690731,45061.0,37,42,5,0,37,42,17142,0,0,0,0,0
2020-04-21,US,South Carolina,Lexington,274,9,0,33.89665987,-81.27146426,45063.0,265,274,9,0,265,273,295032,0,0,0,0,1
2020-04-21,US,South Carolina,Marion,15,1,0,34.07859748,-79.36400756,45067.0,14,15,1,0,14,15,31039,0,0,0,0,0
2020-04-21,US,South Carolina,Marlboro,29,0,0,34.59905577,-79.67561152,45069.0,29,29,0,0,29,28,26398,0,0,0,0,1
2020-04-21,US,South Carolina,McCormick,6,1,0,33.90161443,-82.30794338,45065.0,5,6,1,0,5,6,9410,0,0,0,0,0
2020-04-21,US,South Carolina,Newberry,20,1,0,34.28629098,-81.59935761,45071.0,19,21,1,0,20,21,38520,-1,0,0,-1,0
2020-04-21,US,South Carolina,Oconee,17,0,0,34.75225169,-83.06742317,45073.0,17,17,0,0,17,17,78374,0,0,0,0,0
2020-04-21,US,South Carolina,Orangeburg,44,0,0,33.4391073,-80.79886287,45075.0,44,44,0,0,44,43,86934,0,0,0,0,1
2020-04-21,US,South Carolina,Pickens,38,0,0,34.88807695,-82.72791551,45077.0,38,39,0,0,39,39,124937,-1,0,0,-1,0
2020-04-21,US,South Carolina,Richland,657,14,0,34.01791263,-80.90267209,45079.0,643,657,14,0,643,652,414576,0,0,0,0,5
2020-04-21,US,South Carolina,Saluda,12,0,0,34.00795823,-81.72713237,45081.0,12,12,0,0,12,12,20544,0,0,0,0,0
2020-04-21,US,South Carolina,Spartanburg,219,5,0,34.92960077,-81.99225984,45083.0,214,219,5,0,214,213,313888,0,0,0,0,6
2020-04-21,US,South Carolina,Sumter,185,6,0,33.91826534,-80.37942316,45085.0,179,185,6,0,179,181,106512,0,0,0,0,4
2020-04-21,US,South Carolina,Union,24,0,0,34.68835752,-81.61730349,45087.0,24,24,0,0,24,24,27410,0,0,0,0,0
2020-04-21,US,South Carolina,Williamsburg,26,0,0,33.62190129,-79.72767442,45089.0,26,26,0,0,26,21,30606,0,0,0,0,5
2020-04-21,US,South Carolina,York,159,3,0,34.97281497,-81.18085944,45091.0,156,159,3,0,156,156,274118,0,0,0,0,3
2020-04-21,US,South Dakota,Aurora,1,0,0,43.71757685,-98.56050467,46003.0,1,1,0,0,1,1,2801,0,0,0,0,0
2020-04-21,US,South Dakota,Beadle,21,2,0,44.41464384,-98.27858469,46005.0,19,21,2,0,19,21,18883,0,0,0,0,0
2020-04-21,US,South Dakota,Bon Homme,4,0,0,42.98914167,-97.88592746,46009.0,4,4,0,0,4,4,6980,0,0,0,0,0
2020-04-21,US,South Dakota,Brookings,9,0,0,44.36974375,-96.79079945,46011.0,9,9,0,0,9,9,35232,0,0,0,0,0
2020-04-21,US,South Dakota,Brown,20,0,0,45.58994323,-98.35165355,46013.0,20,20,0,0,20,20,39316,0,0,0,0,0
2020-04-21,US,South Dakota,Charles Mix,4,0,0,43.20660134,-98.58856175,46023.0,4,4,0,0,4,4,9338,0,0,0,0,0
2020-04-21,US,South Dakota,Clark,1,0,0,44.85834507,-97.72925109,46025.0,1,1,0,0,1,1,3739,0,0,0,0,0
2020-04-21,US,South Dakota,Clay,5,0,0,42.91296147,-96.97656917,46027.0,5,5,0,0,5,5,14041,0,0,0,0,0
2020-04-21,US,South Dakota,Codington,13,0,0,44.97788119,-97.18827677,46029.0,13,13,0,0,13,13,28015,0,0,0,0,0
2020-04-21,US,South Dakota,Corson,1,0,0,45.70889983,-101.1970473,46031.0,1,1,0,0,1,1,4165,0,0,0,0,0
2020-04-21,US,South Dakota,Davison,4,0,0,43.67490933,-98.14458906,46035.0,4,3,0,0,3,3,19790,1,0,0,1,0
2020-04-21,US,South Dakota,Deuel,1,0,0,44.75994309,-96.66943645,46039.0,1,1,0,0,1,1,4337,0,0,0,0,0
2020-04-21,US,South Dakota,Fall River,1,0,0,43.23929297,-103.5275691,46047.0,1,1,0,0,1,1,6758,0,0,0,0,0
2020-04-21,US,South Dakota,Faulk,1,0,0,45.07082625,-99.14535601,46049.0,1,1,0,0,1,1,2330,0,0,0,0,0
2020-04-21,US,South Dakota,Hamlin,2,0,0,44.67385954,-97.18829593,46057.0,2,2,0,0,2,2,6111,0,0,0,0,0
2020-04-21,US,South Dakota,Hughes,5,0,0,44.39091534,-99.99661148,46065.0,5,5,0,0,5,5,17650,0,0,0,0,0
2020-04-21,US,South Dakota,Hutchinson,2,0,0,43.33449012,-97.75536441,46067.0,2,2,0,0,2,2,7380,0,0,0,0,0
2020-04-21,US,South Dakota,Hyde,1,0,0,44.54747703,-99.48572582,46069.0,1,1,0,0,1,1,1282,0,0,0,0,0
2020-04-21,US,South Dakota,Jerauld,4,0,0,44.06637798,-98.62965972,46073.0,4,4,0,0,4,4,2043,0,0,0,0,0
2020-04-21,US,South Dakota,Lake,3,0,0,44.02193107,-97.12926365,46079.0,3,3,0,0,3,3,13057,0,0,0,0,0
2020-04-21,US,South Dakota,Lawrence,9,0,0,44.35919441,-103.79294279999999,46081.0,9,9,0,0,9,9,25741,0,0,0,0,0
2020-04-21,US,South Dakota,Lincoln,99,0,0,43.27841182,-96.72039050000001,46083.0,99,95,0,0,95,90,58807,4,0,0,4,5
2020-04-21,US,South Dakota,Lyman,2,0,0,43.89522709,-99.85201878,46085.0,2,2,0,0,2,2,3821,0,0,0,0,0
2020-04-21,US,South Dakota,Marshall,1,0,0,45.75870838,-97.59855639,46091.0,1,1,0,0,1,1,5112,0,0,0,0,0
2020-04-21,US,South Dakota,McCook,3,1,0,43.6742571,-97.36863144,46087.0,2,3,1,0,2,3,5546,0,0,0,0,0
2020-04-21,US,South Dakota,Meade,1,0,0,44.56676791,-102.71627409999999,46093.0,1,1,0,0,1,1,28294,0,0,0,0,0
2020-04-21,US,South Dakota,Miner,1,0,0,44.02197882,-97.60992207,46097.0,1,1,0,0,1,1,2213,0,0,0,0,0
2020-04-21,US,South Dakota,Minnehaha,1469,4,0,43.67441641,-96.7910885,46099.0,1465,1405,3,0,1402,1362,192876,64,1,0,63,43
2020-04-21,US,South Dakota,Moody,2,0,0,44.02266214,-96.67081159,46101.0,2,1,0,0,1,1,6579,1,0,0,1,0
2020-04-21,US,South Dakota,Oglala Lakota,1,0,0,43.33749164,-102.55554980000001,46102.0,1,1,0,0,1,1,14309,0,0,0,0,0
2020-04-21,US,South Dakota,Pennington,11,1,0,44.0025835,-102.8240777,46103.0,10,11,1,0,10,10,111729,0,0,0,0,1
2020-04-21,US,South Dakota,Roberts,4,0,0,45.62975048,-96.94672673,46109.0,4,4,0,0,4,4,10447,0,0,0,0,0
2020-04-21,US,South Dakota,Sanborn,3,0,0,44.02351092,-98.09098159999999,46111.0,3,3,0,0,3,3,2429,0,0,0,0,0
2020-04-21,US,South Dakota,Spink,3,0,0,44.93837606,-98.34626602,46115.0,3,3,0,0,3,3,6495,0,0,0,0,0
2020-04-21,US,South Dakota,Sully,1,0,0,44.71571812,-100.1278092,46119.0,1,1,0,0,1,1,1392,0,0,0,0,0
2020-04-21,US,South Dakota,Todd,1,0,0,43.19338568,-100.71955030000001,46121.0,1,1,0,0,1,1,10283,0,0,0,0,0
2020-04-21,US,South Dakota,Turner,6,0,0,43.3109081,-97.14865776,46125.0,6,6,0,0,6,6,8424,0,0,0,0,0
2020-04-21,US,South Dakota,Union,7,0,0,42.83112163,-96.6557828,46127.0,7,7,0,0,7,6,15619,0,0,0,0,1
2020-04-21,US,South Dakota,Walworth,5,0,0,45.43019636,-100.03075140000001,46129.0,5,5,0,0,5,5,5587,0,0,0,0,0
2020-04-21,US,South Dakota,Yankton,23,0,0,43.00924485,-97.39467635,46135.0,23,23,0,0,23,23,22869,0,0,0,0,0
2020-04-21,US,Tennessee,Anderson,21,1,0,36.12684348,-84.19965764,47001.0,20,16,1,0,15,16,76482,5,0,0,5,0
2020-04-21,US,Tennessee,Bedford,105,2,0,35.51123746,-86.45549096,47003.0,103,76,2,0,74,71,49038,29,0,0,29,5
2020-04-21,US,Tennessee,Benton,4,0,0,36.07110411,-88.06849355,47005.0,4,4,0,0,4,4,16184,0,0,0,0,0
2020-04-21,US,Tennessee,Bledsoe,11,0,0,35.59942968,-85.20611967,47007.0,11,10,0,0,10,9,14755,1,0,0,1,1
2020-04-21,US,Tennessee,Blount,46,3,0,35.68938198,-83.92847788,47009.0,43,46,3,0,43,46,131349,0,0,0,0,0
2020-04-21,US,Tennessee,Bradley,37,1,0,35.15739424,-84.857186,47011.0,36,37,1,0,36,37,106727,0,0,0,0,0
2020-04-21,US,Tennessee,Campbell,13,1,0,36.40355516,-84.15108559999999,47013.0,12,13,1,0,12,12,39583,0,0,0,0,1
2020-04-21,US,Tennessee,Cannon,8,0,0,35.80990797,-86.05738983,47015.0,8,8,0,0,8,8,14462,0,0,0,0,0
2020-04-21,US,Tennessee,Carroll,14,1,0,35.97366108,-88.45189331,47017.0,13,15,1,0,14,15,28020,-1,0,0,-1,0
2020-04-21,US,Tennessee,Carter,5,1,0,36.28969086,-82.12588974,47019.0,4,5,1,0,4,5,56351,0,0,0,0,0
2020-04-21,US,Tennessee,Cheatham,22,0,0,36.26136216,-87.08903581,47021.0,22,22,0,0,22,22,40439,0,0,0,0,0
2020-04-21,US,Tennessee,Chester,9,0,0,35.42527478,-88.6095842,47023.0,9,8,0,0,8,8,17276,1,0,0,1,0
2020-04-21,US,Tennessee,Claiborne,5,0,0,36.48319149,-83.65947309,47025.0,5,5,0,0,5,5,31756,0,0,0,0,0
2020-04-21,US,Tennessee,Clay,5,0,0,36.55151008,-85.53930419,47027.0,5,5,0,0,5,5,7717,0,0,0,0,0
2020-04-21,US,Tennessee,Cocke,11,0,0,35.9278914,-83.11828725,47029.0,11,11,0,0,11,11,35774,0,0,0,0,0
2020-04-21,US,Tennessee,Coffee,21,0,0,35.49090731,-86.07311784,47031.0,21,20,0,0,20,20,55700,1,0,0,1,0
2020-04-21,US,Tennessee,Crockett,6,0,0,35.81830662,-89.14916269,47033.0,6,6,0,0,6,5,14328,0,0,0,0,1
2020-04-21,US,Tennessee,Cumberland,59,0,0,35.95271721,-84.99840585,47035.0,59,58,0,0,58,57,59673,1,0,0,1,1
2020-04-21,US,Tennessee,Davidson,1719,20,0,36.17007426,-86.78646056,47037.0,1699,1675,19,0,1656,1638,692587,44,1,0,43,37
2020-04-21,US,Tennessee,DeKalb,12,0,0,35.97616272,-85.83689361,47041.0,12,12,0,0,12,10,20138,0,0,0,0,2
2020-04-21,US,Tennessee,Decatur,4,0,0,35.60048904,-88.11043779,47039.0,4,4,0,0,4,4,11706,0,0,0,0,0
2020-04-21,US,Tennessee,Dickson,46,0,0,36.14669837,-87.35891709,47043.0,46,46,0,0,46,45,53446,0,0,0,0,1
2020-04-21,US,Tennessee,Dyer,28,0,0,36.05931946,-89.41542855,47045.0,28,28,0,0,28,28,37320,0,0,0,0,0
2020-04-21,US,Tennessee,Fayette,48,1,0,35.19615831,-89.41399032,47047.0,47,46,1,0,45,45,40507,2,0,0,2,1
2020-04-21,US,Tennessee,Fentress,4,0,0,36.38128818,-84.92870012,47049.0,4,4,0,0,4,4,18217,0,0,0,0,0
2020-04-21,US,Tennessee,Franklin,27,1,0,35.15634626,-86.09201039,47051.0,26,27,1,0,26,26,41890,0,0,0,0,1
2020-04-21,US,Tennessee,Gibson,32,0,0,35.99438059,-88.93358327,47053.0,32,31,0,0,31,31,49045,1,0,0,1,0
2020-04-21,US,Tennessee,Giles,6,0,0,35.20222469,-87.03992678,47055.0,6,5,0,0,5,5,29503,1,0,0,1,0
2020-04-21,US,Tennessee,Grainger,4,0,0,36.27469206,-83.51254721,47057.0,4,4,0,0,4,4,23145,0,0,0,0,0
2020-04-21,US,Tennessee,Greene,37,2,0,36.17470125,-82.84691273,47059.0,35,35,2,0,33,30,69087,2,0,0,2,5
2020-04-21,US,Tennessee,Grundy,26,1,0,35.38433717,-85.72142731,47061.0,25,25,1,0,24,25,13346,1,0,0,1,0
2020-04-21,US,Tennessee,Hamblen,13,1,0,36.21990035,-83.26586179,47063.0,12,8,1,0,7,8,64569,5,0,0,5,0
2020-04-21,US,Tennessee,Hamilton,124,12,0,35.17670231,-85.16652245,47065.0,112,118,12,0,106,116,364286,6,0,0,6,2
2020-04-21,US,Tennessee,Hardeman,8,0,0,35.20772017,-88.99161161,47069.0,8,7,0,0,7,7,25220,1,0,0,1,0
2020-04-21,US,Tennessee,Hardin,4,0,0,35.19732531,-88.18593755,47071.0,4,4,0,0,4,4,25776,0,0,0,0,0
2020-04-21,US,Tennessee,Hawkins,28,2,0,36.44355426,-82.94885298,47073.0,26,27,2,0,25,27,56530,1,0,0,1,0
2020-04-21,US,Tennessee,Haywood,13,1,0,35.58332824,-89.28536625,47075.0,12,13,1,0,12,13,17335,0,0,0,0,0
2020-04-21,US,Tennessee,Henderson,5,0,0,35.65581134,-88.38600175,47077.0,5,4,0,0,4,4,27847,1,0,0,1,0
2020-04-21,US,Tennessee,Henry,9,0,0,36.33160906,-88.30121797,47079.0,9,9,0,0,9,9,32358,0,0,0,0,0
2020-04-21,US,Tennessee,Hickman,3,0,0,35.80609681,-87.47643507,47081.0,3,2,0,0,2,2,25063,1,0,0,1,0
2020-04-21,US,Tennessee,Houston,4,0,0,36.28872054,-87.71878828,47083.0,4,4,0,0,4,4,8263,0,0,0,0,0
2020-04-21,US,Tennessee,Humphreys,6,0,0,36.03958805,-87.77992872,47085.0,6,6,0,0,6,7,18486,0,0,0,0,-1
2020-04-21,US,Tennessee,Jackson,6,0,0,36.36380466,-85.67239905,47087.0,6,6,0,0,6,6,11758,0,0,0,0,0
2020-04-21,US,Tennessee,Jefferson,16,0,0,36.04818632,-83.45148924,47089.0,16,16,0,0,16,15,54012,0,0,0,0,1
2020-04-21,US,Tennessee,Johnson,2,0,0,36.45523950000001,-81.84886538,47091.0,2,2,0,0,2,2,17778,0,0,0,0,0
2020-04-21,US,Tennessee,Knox,196,4,0,35.99508821,-83.94635435,47093.0,192,193,4,0,189,194,465289,3,0,0,3,-1
2020-04-21,US,Tennessee,Lake,4,0,0,36.34180170000001,-89.48921915,47095.0,4,4,0,0,4,4,7411,0,0,0,0,0
2020-04-21,US,Tennessee,Lauderdale,16,0,0,35.75893438,-89.63015909999999,47097.0,16,16,0,0,16,15,25825,0,0,0,0,1
2020-04-21,US,Tennessee,Lawrence,16,0,0,35.21675201,-87.39787695,47099.0,16,15,0,0,15,15,43734,1,0,0,1,0
2020-04-21,US,Tennessee,Lewis,2,0,0,35.52853208,-87.49022694,47101.0,2,2,0,0,2,2,12086,0,0,0,0,0
2020-04-21,US,Tennessee,Lincoln,11,0,0,35.13738622,-86.58910106,47103.0,11,10,0,0,10,10,34117,1,0,0,1,0
2020-04-21,US,Tennessee,Loudon,23,0,0,35.73939663,-84.31145275,47105.0,23,23,0,0,23,22,53054,0,0,0,0,1
2020-04-21,US,Tennessee,Macon,34,3,0,36.53157855,-86.00778595,47111.0,31,34,3,0,31,33,24265,0,0,0,0,1
2020-04-21,US,Tennessee,Madison,90,1,0,35.61181957,-88.84076036,47113.0,89,87,1,0,86,86,97605,3,0,0,3,1
2020-04-21,US,Tennessee,Marion,28,1,0,35.12997174,-85.62265895,47115.0,27,28,1,0,27,28,28575,0,0,0,0,0
2020-04-21,US,Tennessee,Marshall,22,1,0,35.45798777,-86.76420988,47117.0,21,16,1,0,15,16,33683,6,0,0,6,0
2020-04-21,US,Tennessee,Maury,34,0,0,35.618741299999996,-87.07462444,47119.0,34,34,0,0,34,34,94340,0,0,0,0,0
2020-04-21,US,Tennessee,McMinn,6,0,0,35.42812616,-84.61520715,47107.0,6,6,0,0,6,6,53285,0,0,0,0,0
2020-04-21,US,Tennessee,McNairy,9,0,0,35.17468549,-88.5647812,47109.0,9,9,0,0,9,9,25832,0,0,0,0,0
2020-04-21,US,Tennessee,Meigs,3,0,0,35.51558739,-84.81482914,47121.0,3,3,0,0,3,3,12306,0,0,0,0,0
2020-04-21,US,Tennessee,Monroe,11,1,0,35.44550387,-84.24902965,47123.0,10,11,1,0,10,10,46357,0,0,0,0,1
2020-04-21,US,Tennessee,Montgomery,124,2,0,36.49609412,-87.38550661,47125.0,122,122,2,0,120,119,205950,2,0,0,2,3
2020-04-21,US,Tennessee,Moore,2,0,0,35.27724699,-86.36230578,47127.0,2,2,0,0,2,2,6411,0,0,0,0,0
2020-04-21,US,Tennessee,Morgan,5,0,0,36.13248031,-84.64880098,47129.0,5,5,0,0,5,5,21579,0,0,0,0,0
2020-04-21,US,Tennessee,Obion,9,1,0,36.35732446,-89.14921589,47131.0,8,9,1,0,8,9,30267,0,0,0,0,0
2020-04-21,US,Tennessee,Out of TN,265,1,0,0.0,0.0,80047.0,264,273,1,0,272,274,,-8,0,0,-8,-1
2020-04-21,US,Tennessee,Overton,7,0,0,36.34117832,-85.28989535,47133.0,7,7,0,0,7,7,22068,0,0,0,0,0
2020-04-21,US,Tennessee,Perry,6,0,0,35.63708728,-87.86139634,47135.0,6,6,0,0,6,6,8064,0,0,0,0,0
2020-04-21,US,Tennessee,Polk,5,0,0,35.12245443,-84.52075859,47139.0,5,5,0,0,5,5,16898,0,0,0,0,0
2020-04-21,US,Tennessee,Putnam,95,3,0,36.14005459,-85.50646123,47141.0,92,96,3,0,93,95,78843,-1,0,0,-1,1
2020-04-21,US,Tennessee,Rhea,3,0,0,35.60536161,-84.93076643,47143.0,3,2,0,0,2,2,33044,1,0,0,1,0
2020-04-21,US,Tennessee,Roane,8,0,0,35.84923189,-84.52458689,47145.0,8,8,0,0,8,8,53140,0,0,0,0,0
2020-04-21,US,Tennessee,Robertson,117,0,0,36.52454807,-86.87346725,47147.0,117,116,0,0,116,113,71012,1,0,0,1,3
2020-04-21,US,Tennessee,Rutherford,338,7,0,35.84591405,-86.4107263,47149.0,331,328,7,0,321,309,324890,10,0,0,10,19
2020-04-21,US,Tennessee,Scott,12,0,0,36.42325673,-84.50360494,47151.0,12,11,0,0,11,11,22039,1,0,0,1,0
2020-04-21,US,Tennessee,Sequatchie,3,0,0,35.36979721,-85.41022136,47153.0,3,3,0,0,3,3,14876,0,0,0,0,0
2020-04-21,US,Tennessee,Sevier,29,1,0,35.78077323,-83.52244332,47155.0,28,26,1,0,25,24,97892,3,0,0,3,2
2020-04-21,US,Tennessee,Shelby,1873,39,0,35.1864775,-89.89692423,47157.0,1834,1839,35,0,1804,1778,935764,34,4,0,30,61
2020-04-21,US,Tennessee,Smith,14,1,0,36.25359775,-85.95411046,47159.0,13,14,1,0,13,13,19942,0,0,0,0,1
2020-04-21,US,Tennessee,Stewart,6,0,0,36.50235092,-87.83920548,47161.0,6,6,0,0,6,6,13561,0,0,0,0,0
2020-04-21,US,Tennessee,Sullivan,45,1,0,36.51240691,-82.30412917,47163.0,44,45,1,0,44,45,157668,0,0,0,0,0
2020-04-21,US,Tennessee,Sumner,530,31,0,36.46824103,-86.45917204,47165.0,499,518,31,0,487,509,187149,12,0,0,12,9
2020-04-21,US,Tennessee,Tipton,83,0,0,35.501942,-89.73694895,47167.0,83,83,0,0,83,56,61581,0,0,0,0,27
2020-04-21,US,Tennessee,Trousdale,23,1,0,36.39026213,-86.16087954,47169.0,22,21,1,0,20,22,11012,2,0,0,2,-1
2020-04-21,US,Tennessee,Unassigned,36,0,0,0.0,0.0,90047.0,36,57,0,0,57,88,,-21,0,0,-21,-31
2020-04-21,US,Tennessee,Unicoi,1,0,0,36.10890856,-82.43709629,47171.0,1,1,0,0,1,1,17761,0,0,0,0,0
2020-04-21,US,Tennessee,Union,3,0,0,36.28590426,-83.83651902,47173.0,3,3,0,0,3,3,19688,0,0,0,0,0
2020-04-21,US,Tennessee,Van Buren,1,0,0,35.69864497,-85.45221699,47175.0,1,1,0,0,1,1,5765,0,0,0,0,0
2020-04-21,US,Tennessee,Warren,4,0,0,35.672829899999996,-85.77969117,47177.0,4,5,0,0,5,5,40878,-1,0,0,-1,0
2020-04-21,US,Tennessee,Washington,46,0,0,36.29472368,-82.49454720000001,47179.0,46,46,0,0,46,46,128607,0,0,0,0,0
2020-04-21,US,Tennessee,Wayne,2,0,0,35.23868267,-87.78644456,47181.0,2,2,0,0,2,2,16558,0,0,0,0,0
2020-04-21,US,Tennessee,Weakley,8,0,0,36.29896232,-88.71990865,47183.0,8,8,0,0,8,8,33415,0,0,0,0,0
2020-04-21,US,Tennessee,White,4,0,0,35.92929884,-85.45591799,47185.0,4,4,0,0,4,4,27107,0,0,0,0,0
2020-04-21,US,Tennessee,Williamson,359,6,0,35.89099229,-86.89281867,47187.0,353,357,6,0,351,348,231729,2,0,0,2,9
2020-04-21,US,Tennessee,Wilson,187,1,0,36.15496772,-86.29775884,47189.0,186,185,1,0,184,181,140625,2,0,0,2,4
2020-04-21,US,Texas,Anderson,10,0,0,31.81534745,-95.65354823,48001.0,10,8,0,0,8,8,58057,2,0,0,2,0
2020-04-21,US,Texas,Andrews,19,0,0,32.30468633,-102.63765479999999,48003.0,19,19,0,0,19,19,18128,0,0,0,0,0
2020-04-21,US,Texas,Angelina,30,0,0,31.25457347,-94.60901487,48005.0,30,23,0,0,23,23,87092,7,0,0,7,0
2020-04-21,US,Texas,Aransas,2,0,0,28.10556197,-96.9995047,48007.0,2,2,0,0,2,2,23792,0,0,0,0,0
2020-04-21,US,Texas,Armstrong,1,0,0,34.96507426,-101.35748740000001,48011.0,1,1,0,0,1,1,1892,0,0,0,0,0
2020-04-21,US,Texas,Atascosa,14,1,0,28.89333001,-98.52730485,48013.0,13,12,1,0,11,12,50310,2,0,0,2,0
2020-04-21,US,Texas,Austin,12,0,0,29.88548725,-96.27736949,48015.0,12,12,0,0,12,12,29989,0,0,0,0,0
2020-04-21,US,Texas,Bandera,4,0,0,29.74619598,-99.24598147,48019.0,4,4,0,0,4,4,22824,0,0,0,0,0
2020-04-21,US,Texas,Bastrop,49,2,0,30.10370699,-97.31206354,48021.0,47,44,2,0,42,44,86976,5,0,0,5,0
2020-04-21,US,Texas,Bee,5,0,0,28.41761668,-97.74215593,48025.0,5,5,0,0,5,5,32587,0,0,0,0,0
2020-04-21,US,Texas,Bell,135,3,0,31.03736027,-97.4785025,48027.0,132,126,3,0,123,126,355642,9,0,0,9,0
2020-04-21,US,Texas,Bexar,1029,39,0,29.44928723,-98.52019748,48029.0,990,1015,39,0,976,992,1986049,14,0,0,14,23
2020-04-21,US,Texas,Blanco,5,0,0,30.26640707,-98.3999852,48031.0,5,5,0,0,5,5,11702,0,0,0,0,0
2020-04-21,US,Texas,Bosque,3,0,0,31.89978581,-97.63613524,48035.0,3,1,0,0,1,1,18691,2,0,0,2,0
2020-04-21,US,Texas,Bowie,64,1,0,33.44626922,-94.41834132,48037.0,63,57,1,0,56,57,94324,7,0,0,7,0
2020-04-21,US,Texas,Brazoria,333,3,0,29.18757369,-95.44563172,48039.0,330,315,3,0,312,304,370200,18,0,0,18,11
2020-04-21,US,Texas,Brazos,170,16,0,30.663644800000004,-96.30205577,48041.0,154,170,16,0,154,169,226758,0,0,0,0,1
2020-04-21,US,Texas,Brown,13,1,0,31.77430356,-98.99907113,48049.0,12,13,1,0,12,13,37924,0,0,0,0,0
2020-04-21,US,Texas,Burleson,9,0,0,30.49273808,-96.62158484,48051.0,9,9,0,0,9,9,18389,0,0,0,0,0
2020-04-21,US,Texas,Burnet,13,0,0,30.78801353,-98.181887,48053.0,13,9,0,0,9,8,47542,4,0,0,4,1
2020-04-21,US,Texas,Caldwell,9,0,0,29.83668859,-97.61814775,48055.0,9,8,0,0,8,7,43247,1,0,0,1,1
2020-04-21,US,Texas,Calhoun,21,1,0,28.47048236,-96.61633945,48057.0,20,21,1,0,20,21,21561,0,0,0,0,0
2020-04-21,US,Texas,Callahan,1,0,0,32.29760619,-99.37326312,48059.0,1,1,0,0,1,1,13994,0,0,0,0,0
2020-04-21,US,Texas,Cameron,310,7,0,26.14524221,-97.48140372,48061.0,303,298,6,0,292,298,423908,12,1,0,11,0
2020-04-21,US,Texas,Camp,6,0,0,32.97195142,-94.97790104,48063.0,6,6,0,0,6,6,13033,0,0,0,0,0
2020-04-21,US,Texas,Carson,1,0,0,35.40365929,-101.35426690000001,48065.0,1,1,0,0,1,1,6005,0,0,0,0,0
2020-04-21,US,Texas,Cass,13,0,0,33.07499881,-94.34646905,48067.0,13,11,0,0,11,11,30119,2,0,0,2,0
2020-04-21,US,Texas,Castro,11,1,0,34.53016752,-102.2617243,48069.0,10,11,1,0,10,11,7665,0,0,0,0,0
2020-04-21,US,Texas,Chambers,35,0,0,29.70972016,-94.67154501,48071.0,35,35,0,0,35,35,42454,0,0,0,0,0
2020-04-21,US,Texas,Cherokee,10,1,0,31.837258000000002,-95.16559897,48073.0,9,10,1,0,9,10,52592,0,0,0,0,0
2020-04-21,US,Texas,Childress,1,0,0,34.529304100000004,-100.2077916,48075.0,1,1,0,0,1,1,7291,0,0,0,0,0
2020-04-21,US,Texas,Clay,3,0,0,33.78686685,-98.20771198,48077.0,3,3,0,0,3,3,10456,0,0,0,0,0
2020-04-21,US,Texas,Collin,570,14,0,33.18820114,-96.57264368,48085.0,556,527,13,0,514,522,1005146,43,1,0,42,5
2020-04-21,US,Texas,Colorado,9,0,0,29.622097999999998,-96.5273805,48089.0,9,8,0,0,8,8,21217,1,0,0,1,0
2020-04-21,US,Texas,Comal,43,6,0,29.80811278,-98.27647225,48091.0,37,43,6,0,37,43,148373,0,0,0,0,0
2020-04-21,US,Texas,Comanche,4,0,0,31.94854689,-98.55876441,48093.0,4,4,0,0,4,4,13534,0,0,0,0,0
2020-04-21,US,Texas,Concho,1,0,0,31.32635934,-99.86473038,48095.0,1,1,0,0,1,1,4276,0,0,0,0,0
2020-04-21,US,Texas,Cooke,4,0,0,33.63979567,-97.21240912,48097.0,4,4,0,0,4,4,40574,0,0,0,0,0
2020-04-21,US,Texas,Coryell,84,1,0,31.39078397,-97.79936155,48099.0,83,75,1,0,74,75,74808,9,0,0,9,0
2020-04-21,US,Texas,Crane,2,0,0,31.43052248,-102.5143314,48103.0,2,2,0,0,2,2,4794,0,0,0,0,0
2020-04-21,US,Texas,Crosby,1,1,0,33.61431553,-101.30003640000001,48107.0,0,1,1,0,0,1,5779,0,0,0,0,0
2020-04-21,US,Texas,Dallam,3,0,0,36.27787176,-102.60207249999999,48111.0,3,3,0,0,3,3,7200,0,0,0,0,0
2020-04-21,US,Texas,Dallas,2512,60,0,32.76670599,-96.77796049999999,48113.0,2452,2512,60,0,2452,2428,2637772,0,0,0,0,84
2020-04-21,US,Texas,Dawson,14,1,0,32.74255572,-101.94772420000001,48115.0,13,13,1,0,12,12,12619,1,0,0,1,1
2020-04-21,US,Texas,DeWitt,14,1,0,29.08101855,-97.35681170000001,48123.0,13,13,0,0,13,13,20187,1,1,0,0,0
2020-04-21,US,Texas,Deaf Smith,14,0,0,34.96522957,-102.6054267,48117.0,14,12,0,0,12,12,18760,2,0,0,2,0
2020-04-21,US,Texas,Delta,1,0,0,33.38570922,-95.66921122,48119.0,1,1,0,0,1,1,5349,0,0,0,0,0
2020-04-21,US,Texas,Denton,598,17,0,33.20521901,-97.11691153,48121.0,581,593,16,0,577,592,859064,5,1,0,4,1
2020-04-21,US,Texas,Dickens,1,0,0,33.61616822,-100.7788855,48125.0,1,1,0,0,1,1,2249,0,0,0,0,0
2020-04-21,US,Texas,Dimmit,1,0,0,28.42270064,-99.75645095,48127.0,1,1,0,0,1,1,10308,0,0,0,0,0
2020-04-21,US,Texas,Donley,24,0,0,34.96517499,-100.8140093,48129.0,24,23,0,0,23,23,3319,1,0,0,1,0
2020-04-21,US,Texas,Duval,1,0,0,27.68184592,-98.50864568,48131.0,1,1,0,0,1,1,11212,0,0,0,0,0
2020-04-21,US,Texas,Eastland,3,0,0,32.32743996,-98.83243566,48133.0,3,3,0,0,3,3,18322,0,0,0,0,0
2020-04-21,US,Texas,Ector,60,4,0,31.86898877,-102.54294279999999,48135.0,56,58,4,0,54,58,162124,2,0,0,2,0
2020-04-21,US,Texas,El Paso,540,9,0,31.76980765,-106.23632749999999,48141.0,531,531,8,0,523,505,840758,9,1,0,8,26
2020-04-21,US,Texas,Ellis,100,4,0,32.34894117,-96.79371841,48139.0,96,90,3,0,87,83,179436,10,1,0,9,7
2020-04-21,US,Texas,Erath,13,1,0,32.23602653,-98.21773417,48143.0,12,13,1,0,12,13,42446,0,0,0,0,0
2020-04-21,US,Texas,Falls,1,0,0,31.25350609,-96.93630086,48145.0,1,1,0,0,1,1,17335,0,0,0,0,0
2020-04-21,US,Texas,Fannin,9,0,0,33.59564294,-96.10751083,48147.0,9,8,0,0,8,7,35286,1,0,0,1,1
2020-04-21,US,Texas,Fayette,15,0,0,29.87788372,-96.92076062,48149.0,15,15,0,0,15,15,25349,0,0,0,0,0
2020-04-21,US,Texas,Floyd,2,0,0,34.07227468,-101.3031546,48153.0,2,2,0,0,2,2,5837,0,0,0,0,0
2020-04-21,US,Texas,Fort Bend,808,18,0,29.52704478,-95.77219463,48157.0,790,783,17,0,766,755,787858,25,1,0,24,28
2020-04-21,US,Texas,Franklin,1,0,0,33.17653242,-95.21917243,48159.0,1,1,0,0,1,1,10766,0,0,0,0,0
2020-04-21,US,Texas,Freestone,3,0,0,31.70422788,-96.15072516,48161.0,3,3,0,0,3,3,19808,0,0,0,0,0
2020-04-21,US,Texas,Frio,1,0,0,28.86751206,-99.10804207,48163.0,1,1,0,0,1,1,19816,0,0,0,0,0
2020-04-21,US,Texas,Gaines,2,0,0,32.74055318,-102.6353295,48165.0,2,2,0,0,2,2,20901,0,0,0,0,0
2020-04-21,US,Texas,Galveston,468,19,0,29.40167322,-94.90469073,48167.0,449,455,17,0,438,450,337890,13,2,0,11,5
2020-04-21,US,Texas,Gillespie,1,0,0,30.31824095,-98.94676915,48171.0,1,1,0,0,1,1,26804,0,0,0,0,0
2020-04-21,US,Texas,Goliad,6,0,0,28.65696592,-97.42760647,48175.0,6,5,0,0,5,5,7584,1,0,0,1,0
2020-04-21,US,Texas,Gonzales,2,0,0,29.45634206,-97.49424032,48177.0,2,2,0,0,2,2,20826,0,0,0,0,0
2020-04-21,US,Texas,Gray,20,0,0,35.40081878,-100.8129222,48179.0,20,17,0,0,17,17,21895,3,0,0,3,0
2020-04-21,US,Texas,Grayson,19,0,0,33.62744998,-96.67753461,48181.0,19,19,0,0,19,19,133991,0,0,0,0,0
2020-04-21,US,Texas,Gregg,52,0,0,32.47940482,-94.81591935,48183.0,52,52,0,0,52,52,123707,0,0,0,0,0
2020-04-21,US,Texas,Grimes,10,1,0,30.54579585,-95.98902499,48185.0,9,10,1,0,9,10,28360,0,0,0,0,0
2020-04-21,US,Texas,Guadalupe,60,0,0,29.58165339,-97.94786822,48187.0,60,58,0,0,58,57,163694,2,0,0,2,1
2020-04-21,US,Texas,Hale,15,2,0,34.07044901,-101.82681140000001,48189.0,13,12,2,0,10,12,33830,3,0,0,3,0
2020-04-21,US,Texas,Hamilton,5,0,0,31.70470573,-98.11083887,48193.0,5,5,0,0,5,5,8484,0,0,0,0,0
2020-04-21,US,Texas,Hansford,1,0,0,36.27743284,-101.3545796,48195.0,1,1,0,0,1,1,5463,0,0,0,0,0
2020-04-21,US,Texas,Hardin,88,2,0,30.33364686,-94.38931817,48199.0,86,75,2,0,73,75,57207,13,0,0,13,0
2020-04-21,US,Texas,Harris,5143,79,0,29.86,-95.39,48201.0,5064,4977,78,0,4899,4823,4698619,166,1,0,165,154
2020-04-21,US,Texas,Harrison,59,4,0,32.54935988,-94.36934071,48203.0,55,47,4,0,43,44,66726,12,0,0,12,3
2020-04-21,US,Texas,Hartley,1,0,0,35.84008013,-102.6029022,48205.0,1,1,0,0,1,1,5619,0,0,0,0,0
2020-04-21,US,Texas,Hays,128,1,0,30.05669873,-98.02944344,48209.0,127,128,1,0,127,121,222631,0,0,0,0,7
2020-04-21,US,Texas,Hemphill,1,0,0,35.83764858,-100.2703577,48211.0,1,1,0,0,1,1,3825,0,0,0,0,0
2020-04-21,US,Texas,Henderson,19,0,0,32.21128872,-95.85846587,48213.0,19,13,0,0,13,13,82299,6,0,0,6,0
2020-04-21,US,Texas,Hidalgo,268,3,0,26.39418217,-98.18299696,48215.0,265,261,3,0,258,255,865939,7,0,0,7,6
2020-04-21,US,Texas,Hill,11,1,0,31.99045053,-97.13423143,48217.0,10,10,1,0,9,10,36354,1,0,0,1,0
2020-04-21,US,Texas,Hockley,16,1,0,33.60771256,-102.3431676,48219.0,15,16,1,0,15,16,22980,0,0,0,0,0
2020-04-21,US,Texas,Hood,17,3,0,32.42990927,-97.83242024,48221.0,14,17,3,0,14,17,60537,0,0,0,0,0
2020-04-21,US,Texas,Hopkins,4,0,0,33.14875072,-95.56351139,48223.0,4,4,0,0,4,4,36810,0,0,0,0,0
2020-04-21,US,Texas,Houston,3,0,0,31.31925973,-95.42226208,48225.0,3,3,0,0,3,3,23169,0,0,0,0,0
2020-04-21,US,Texas,Howard,1,1,0,32.30621324,-101.4356444,48227.0,0,1,1,0,0,1,36459,0,0,0,0,0
2020-04-21,US,Texas,Hunt,35,2,0,33.12351514,-96.08551032,48231.0,33,32,2,0,30,26,96493,3,0,0,3,6
2020-04-21,US,Texas,Hutchinson,9,0,0,35.84006574,-101.3546643,48233.0,9,8,0,0,8,7,21198,1,0,0,1,1
2020-04-21,US,Texas,Jack,4,0,0,33.23377248,-98.17283469,48237.0,4,3,0,0,3,3,8843,1,0,0,1,0
2020-04-21,US,Texas,Jackson,6,0,0,28.95472367,-96.57749563,48239.0,6,4,0,0,4,4,14874,2,0,0,2,0
2020-04-21,US,Texas,Jasper,13,1,0,30.74685667,-94.02667579,48241.0,12,9,1,0,8,9,35872,4,0,0,4,0
2020-04-21,US,Texas,Jefferson,196,10,0,29.8832777,-94.16434171,48245.0,186,180,10,0,170,171,255001,16,0,0,16,9
2020-04-21,US,Texas,Jim Wells,2,0,0,27.73103938,-98.0904705,48249.0,2,2,0,0,2,2,40822,0,0,0,0,0
2020-04-21,US,Texas,Johnson,44,1,0,32.37877812,-97.36615819,48251.0,43,41,1,0,40,44,171361,3,0,0,3,-3
2020-04-21,US,Texas,Jones,4,0,0,32.73997145,-99.87861576,48253.0,4,4,0,0,4,4,19817,0,0,0,0,0
2020-04-21,US,Texas,Karnes,3,0,0,28.90705334,-97.85960149,48255.0,3,3,0,0,3,3,15650,0,0,0,0,0
2020-04-21,US,Texas,Kaufman,48,0,0,32.599141700000004,-96.28734728,48257.0,48,44,0,0,44,42,128622,4,0,0,4,2
2020-04-21,US,Texas,Kendall,14,0,0,29.94414155,-98.7113588,48259.0,14,14,0,0,14,14,45641,0,0,0,0,0
2020-04-21,US,Texas,Kerr,4,0,0,30.06040006,-99.34930144,48265.0,4,4,0,0,4,4,52405,0,0,0,0,0
2020-04-21,US,Texas,Kleberg,6,1,0,27.42435506,-97.69894948,48273.0,5,6,1,0,5,6,31129,0,0,0,0,0
2020-04-21,US,Texas,Knox,1,0,0,33.60519951,-99.74229059999999,48275.0,1,1,0,0,1,1,3653,0,0,0,0,0
2020-04-21,US,Texas,La Salle,1,0,0,28.34453111,-99.09908775,48283.0,1,1,0,0,1,1,7531,0,0,0,0,0
2020-04-21,US,Texas,Lamar,7,0,0,33.66981763,-95.57404777,48277.0,7,7,0,0,7,7,49728,0,0,0,0,0
2020-04-21,US,Texas,Lamb,2,0,0,34.06859623,-102.35162890000001,48279.0,2,2,0,0,2,2,13158,0,0,0,0,0
2020-04-21,US,Texas,Lampasas,2,0,0,31.19531316,-98.24206613,48281.0,2,2,0,0,2,2,21229,0,0,0,0,0
2020-04-21,US,Texas,Lavaca,4,0,0,29.38508402,-96.93186692,48285.0,4,4,0,0,4,4,20110,0,0,0,0,0
2020-04-21,US,Texas,Lee,2,0,0,30.31120597,-96.97045773,48287.0,2,2,0,0,2,2,17144,0,0,0,0,0
2020-04-21,US,Texas,Leon,5,0,0,31.29872538,-95.9936328,48289.0,5,5,0,0,5,5,17270,0,0,0,0,0
2020-04-21,US,Texas,Liberty,33,0,0,30.15152688,-94.81205615,48291.0,33,32,0,0,32,32,86323,1,0,0,1,0
2020-04-21,US,Texas,Limestone,11,1,0,31.5454767,-96.58095444,48293.0,10,11,1,0,10,11,23519,0,0,0,0,0
2020-04-21,US,Texas,Live Oak,3,0,0,28.35101362,-98.1246786,48297.0,3,3,0,0,3,3,12166,0,0,0,0,0
2020-04-21,US,Texas,Llano,3,0,0,30.70645047,-98.68475262,48299.0,3,3,0,0,3,3,21646,0,0,0,0,0
2020-04-21,US,Texas,Lubbock,445,36,0,33.61008596,-101.82047890000001,48303.0,409,430,32,0,398,419,307412,15,4,0,11,11
2020-04-21,US,Texas,Lynn,5,0,0,33.17657705,-101.8162849,48305.0,5,5,0,0,5,5,5877,0,0,0,0,0
2020-04-21,US,Texas,Madison,2,0,0,30.96694679,-95.93003775,48313.0,2,2,0,0,2,2,14422,0,0,0,0,0
2020-04-21,US,Texas,Marion,6,0,0,32.79868409,-94.35661230000001,48315.0,6,3,0,0,3,3,9928,3,0,0,3,0
2020-04-21,US,Texas,Martin,2,0,0,32.30600051,-101.9513518,48317.0,2,2,0,0,2,2,5753,0,0,0,0,0
2020-04-21,US,Texas,Mason,1,0,0,30.71780434,-99.22629416,48319.0,1,1,0,0,1,1,4280,0,0,0,0,0
2020-04-21,US,Texas,Matagorda,56,3,0,28.81955746,-96.01230294,48321.0,53,55,3,0,52,51,36552,1,0,0,1,4
2020-04-21,US,Texas,Maverick,15,0,0,28.7429195,-100.3157686,48323.0,15,12,0,0,12,12,58485,3,0,0,3,0
2020-04-21,US,Texas,McCulloch,3,0,0,31.1925468,-99.34682807,48307.0,3,3,0,0,3,3,7987,0,0,0,0,0
2020-04-21,US,Texas,McLennan,77,4,0,31.55255453,-97.20217694,48309.0,73,76,4,0,72,76,254607,1,0,0,1,0
2020-04-21,US,Texas,Medina,15,2,0,29.355730100000002,-99.11030298,48325.0,13,15,2,0,13,15,50921,0,0,0,0,0
2020-04-21,US,Texas,Midland,64,3,0,31.86904128,-102.03156820000001,48329.0,61,43,3,0,40,42,172578,21,0,0,21,1
2020-04-21,US,Texas,Milam,12,0,0,30.78581830000001,-96.97718698,48331.0,12,12,0,0,12,11,25131,0,0,0,0,1
2020-04-21,US,Texas,Mitchell,1,0,0,32.30623474,-100.9212058,48335.0,1,1,0,0,1,1,8145,0,0,0,0,0
2020-04-21,US,Texas,Montague,6,1,0,33.67521893,-97.72500958,48337.0,5,5,0,0,5,5,19596,1,1,0,0,0
2020-04-21,US,Texas,Montgomery,393,7,0,30.30079133,-95.50572772,48339.0,386,377,7,0,370,377,590925,16,0,0,16,0
2020-04-21,US,Texas,Moore,139,2,0,35.83769242,-101.8930281,48341.0,137,121,2,0,119,106,21485,18,0,0,18,15
2020-04-21,US,Texas,Morris,5,0,0,33.11304005,-94.73255695,48343.0,5,5,0,0,5,5,12339,0,0,0,0,0
2020-04-21,US,Texas,Motley,1,0,0,34.07408766,-100.77972199999999,48345.0,1,1,0,0,1,1,1234,0,0,0,0,0
2020-04-21,US,Texas,Nacogdoches,96,6,0,31.62017125,-94.61803994,48347.0,90,91,6,0,85,89,65711,5,0,0,5,2
2020-04-21,US,Texas,Navarro,23,2,0,32.04620681,-96.47428766,48349.0,21,20,2,0,18,20,49565,3,0,0,3,0
2020-04-21,US,Texas,Newton,2,0,0,30.78548982,-93.74408813,48351.0,2,2,0,0,2,2,13746,0,0,0,0,0
2020-04-21,US,Texas,Nueces,90,1,0,27.736286,-97.5433285,48355.0,89,90,0,0,90,90,362265,0,1,0,-1,0
2020-04-21,US,Texas,Oldham,3,1,0,35.40425596,-102.6027606,48359.0,2,3,1,0,2,3,2131,0,0,0,0,0
2020-04-21,US,Texas,Orange,58,0,0,30.11879481,-93.89412775,48361.0,58,53,0,0,53,53,83572,5,0,0,5,0
2020-04-21,US,Texas,Palo Pinto,7,1,0,32.75310985,-98.31319001,48363.0,6,7,1,0,6,7,28875,0,0,0,0,0
2020-04-21,US,Texas,Panola,55,4,0,32.163959600000005,-94.30552481,48365.0,51,38,3,0,35,38,23148,17,1,0,16,0
2020-04-21,US,Texas,Parker,21,0,0,32.77757172,-97.80500621,48367.0,21,21,0,0,21,21,138371,0,0,0,0,0
2020-04-21,US,Texas,Parmer,2,0,0,34.52993409,-102.78446679999999,48369.0,2,1,0,0,1,1,9864,1,0,0,1,0
2020-04-21,US,Texas,Pecos,5,0,0,30.78097267,-102.72412609999999,48371.0,5,5,0,0,5,5,15673,0,0,0,0,0
2020-04-21,US,Texas,Polk,15,0,0,30.79472531,-94.82766240000001,48373.0,15,14,0,0,14,14,50031,1,0,0,1,0
2020-04-21,US,Texas,Potter,160,4,0,35.40133773,-101.893964,48375.0,156,142,3,0,139,130,119648,18,1,0,17,12
2020-04-21,US,Texas,Rains,2,0,0,32.87109387,-95.79232691,48379.0,2,2,0,0,2,2,12159,0,0,0,0,0
2020-04-21,US,Texas,Randall,115,3,0,34.96585996,-101.8971322,48381.0,112,112,3,0,109,103,136271,3,0,0,3,9
2020-04-21,US,Texas,Red River,1,0,0,33.61886692,-95.04841765,48387.0,1,1,0,0,1,1,12175,0,0,0,0,0
2020-04-21,US,Texas,Reeves,2,0,0,31.32323325,-103.69038959999999,48389.0,2,2,0,0,2,2,15695,0,0,0,0,0
2020-04-21,US,Texas,Roberts,2,0,0,35.83809685,-100.813175,48393.0,2,2,0,0,2,2,903,0,0,0,0,0
2020-04-21,US,Texas,Robertson,2,0,0,31.02539637,-96.51272246,48395.0,2,2,0,0,2,2,17284,0,0,0,0,0
2020-04-21,US,Texas,Rockwall,41,0,0,32.89779518,-96.40771592,48397.0,41,41,0,0,41,41,100657,0,0,0,0,0
2020-04-21,US,Texas,Rusk,29,1,0,32.10773545,-94.76176432,48401.0,28,28,1,0,27,28,54450,1,0,0,1,0
2020-04-21,US,Texas,Sabine,1,0,0,31.34318809,-93.85440451,48403.0,1,1,0,0,1,1,10589,0,0,0,0,0
2020-04-21,US,Texas,San Augustine,14,1,0,31.39457611,-94.17000399,48405.0,13,14,1,0,13,14,8232,0,0,0,0,0
2020-04-21,US,Texas,San Jacinto,10,0,0,30.57933681,-95.16260304,48407.0,10,10,0,0,10,10,28719,0,0,0,0,0
2020-04-21,US,Texas,San Patricio,8,0,0,28.00880118,-97.51763891,48409.0,8,8,0,0,8,8,66893,0,0,0,0,0
2020-04-21,US,Texas,Scurry,2,0,0,32.74613808,-100.91626640000001,48415.0,2,2,0,0,2,2,16866,0,0,0,0,0
2020-04-21,US,Texas,Shelby,69,0,0,31.79211404,-94.14550696,48419.0,69,60,0,0,60,60,25418,9,0,0,9,0
2020-04-21,US,Texas,Sherman,7,0,0,36.27751473,-101.8933156,48421.0,7,7,0,0,7,7,3079,0,0,0,0,0
2020-04-21,US,Texas,Smith,124,3,0,32.37474036,-95.27175679999999,48423.0,121,121,2,0,119,121,230221,3,1,0,2,0
2020-04-21,US,Texas,Starr,7,0,0,26.56150059,-98.73892358,48427.0,7,7,0,0,7,7,64525,0,0,0,0,0
2020-04-21,US,Texas,Stephens,1,0,0,32.73553157,-98.83631615,48429.0,1,1,0,0,1,1,9433,0,0,0,0,0
2020-04-21,US,Texas,Swisher,5,0,0,34.53028891,-101.73491740000001,48437.0,5,5,0,0,5,4,7462,0,0,0,0,1
2020-04-21,US,Texas,Tarrant,1333,42,0,32.77143818,-97.29101614,48439.0,1291,1242,39,0,1203,1229,2084931,91,3,0,88,13
2020-04-21,US,Texas,Taylor,144,3,0,32.30163422,-99.89007449,48441.0,141,144,2,0,142,142,137640,0,1,0,-1,2
2020-04-21,US,Texas,Terry,10,0,0,33.17402785,-102.3354521,48445.0,10,10,0,0,10,10,12287,0,0,0,0,0
2020-04-21,US,Texas,Titus,11,0,0,33.21339719,-94.96797273,48449.0,11,9,0,0,9,9,33033,2,0,0,2,0
2020-04-21,US,Texas,Tom Green,41,1,0,31.40464436,-100.46244300000001,48451.0,40,41,1,0,40,41,118189,0,0,0,0,0
2020-04-21,US,Texas,Travis,1174,26,0,30.33432034,-97.78535620000001,48453.0,1148,1108,25,0,1083,1092,1248743,66,1,0,65,16
2020-04-21,US,Texas,Trinity,8,0,0,31.0879489,-95.1367187,48455.0,8,7,0,0,7,7,14740,1,0,0,1,0
2020-04-21,US,Texas,Tyler,6,0,0,30.77031716,-94.37690895,48457.0,6,6,0,0,6,6,21696,0,0,0,0,0
2020-04-21,US,Texas,Upshur,10,0,0,32.73706798,-94.93999853,48459.0,10,9,0,0,9,9,41260,1,0,0,1,0
2020-04-21,US,Texas,Uvalde,6,0,0,29.35739637,-99.76229172,48463.0,6,6,0,0,6,6,26846,0,0,0,0,0
2020-04-21,US,Texas,Val Verde,12,0,0,29.89149232,-101.1525205,48465.0,12,12,0,0,12,12,49208,0,0,0,0,0
2020-04-21,US,Texas,Van Zandt,13,1,0,32.56483801,-95.83766469,48467.0,12,12,1,0,11,12,56019,1,0,0,1,0
2020-04-21,US,Texas,Victoria,95,1,0,28.79780988,-96.96813006,48469.0,94,93,1,0,92,93,92035,2,0,0,2,0
2020-04-21,US,Texas,Walker,114,0,0,30.73872995,-95.57440968,48471.0,114,73,0,0,73,77,72480,41,0,0,41,-4
2020-04-21,US,Texas,Waller,24,0,0,30.01058447,-95.99011759,48473.0,24,24,0,0,24,24,53126,0,0,0,0,0
2020-04-21,US,Texas,Washington,68,6,0,30.21498498,-96.40946246,48477.0,62,61,4,0,57,52,35108,7,2,0,5,9
2020-04-21,US,Texas,Webb,281,11,0,27.7610369,-99.33237355,48479.0,270,280,11,0,269,267,275910,1,0,0,1,13
2020-04-21,US,Texas,Wharton,36,0,0,29.27765923,-96.22319248,48481.0,36,34,0,0,34,34,41619,2,0,0,2,0
2020-04-21,US,Texas,Wichita,60,2,0,33.98842886,-98.70410340000001,48485.0,58,60,2,0,58,59,132064,0,0,0,0,1
2020-04-21,US,Texas,Wilbarger,1,0,0,34.07945812,-99.24178437,48487.0,1,1,0,0,1,1,12820,0,0,0,0,0
2020-04-21,US,Texas,Willacy,9,1,0,26.47411727,-97.61535848,48489.0,8,8,1,0,7,8,21515,1,0,0,1,0
2020-04-21,US,Texas,Williamson,156,4,0,30.64655664,-97.60048540000001,48491.0,152,155,4,0,151,151,566719,1,0,0,1,4
2020-04-21,US,Texas,Wilson,22,1,0,29.1732598,-98.08693082,48493.0,21,21,1,0,20,21,50224,1,0,0,1,0
2020-04-21,US,Texas,Winkler,3,0,0,31.85008651,-103.04851629999999,48495.0,3,3,0,0,3,3,7720,0,0,0,0,0
2020-04-21,US,Texas,Wise,12,2,0,33.21570665,-97.65460265,48497.0,10,9,2,0,7,9,68305,3,0,0,3,0
2020-04-21,US,Texas,Wood,6,0,0,32.78722382,-95.38236368,48499.0,6,6,0,0,6,6,45129,0,0,0,0,0
2020-04-21,US,Texas,Yoakum,1,0,0,33.17320212,-102.82764329999999,48501.0,1,1,0,0,1,1,8591,0,0,0,0,0
2020-04-21,US,Texas,Young,4,1,0,33.17659707,-98.68790885,48503.0,3,4,1,0,3,4,18045,0,0,0,0,0
2020-04-21,US,Texas,Zapata,6,0,0,27.00156391,-99.16987152,48505.0,6,6,0,0,6,6,14190,0,0,0,0,0
2020-04-21,US,Texas,Zavala,1,0,0,28.86617238,-99.76050829,48507.0,1,1,0,0,1,1,11983,0,0,0,0,0
2020-04-21,US,US Military,Air Force,800,1,0,0.0,0.0,0.0,799,,,,,,,,,,,
2020-04-21,US,US Military,Army,841,2,0,0.0,0.0,0.0,839,,,,,,,,,,,
2020-04-21,US,US Military,Marine Corps,253,0,0,0.0,0.0,0.0,253,,,,,,,,,,,
2020-04-21,US,US Military,Navy,1631,7,0,0.0,0.0,0.0,1624,,,,,,,,,,,
2020-04-21,US,US Military,Unassigned,1810,12,0,0.0,0.0,0.0,1798,,,,,,,,,,,
2020-04-21,US,Utah,Bear River,55,1,0,41.52106798,-113.08328159999999,0.0,54,55,1,0,54,54,,0,0,0,0,1
2020-04-21,US,Utah,Central Utah,17,0,0,39.37231946,-111.5758676,0.0,17,17,0,0,17,15,,0,0,0,0,2
2020-04-21,US,Utah,Davis,243,2,0,40.99001837,-112.1139997,49011.0,241,242,2,0,240,236,351713,1,0,0,1,6
2020-04-21,US,Utah,Salt Lake,1714,18,0,40.66616532,-111.92160109999999,49035.0,1696,1671,15,0,1656,1615,1152633,43,3,0,40,56
2020-04-21,US,Utah,San Juan,34,2,0,37.62762978,-109.80337140000002,49037.0,32,29,2,0,27,22,15449,5,0,0,5,7
2020-04-21,US,Utah,Southeast Utah,7,0,0,38.99617072,-110.70139579999999,0.0,7,7,0,0,7,6,,0,0,0,0,1
2020-04-21,US,Utah,Southwest Utah,70,1,0,37.85447192,-111.4418764,0.0,69,70,1,0,69,66,,0,0,0,0,4
2020-04-21,US,Utah,Summit,335,0,0,40.86688146,-110.9535882,49043.0,335,331,0,0,331,318,41933,4,0,0,4,13
2020-04-21,US,Utah,Tooele,41,0,0,40.44862644,-113.12957150000001,49045.0,41,41,0,0,41,42,69907,0,0,0,0,-1
2020-04-21,US,Utah,TriCounty,10,0,0,40.12491499,-109.5174415,0.0,10,10,0,0,10,10,,0,0,0,0,0
2020-04-21,US,Utah,Utah,523,5,0,40.116672200000004,-111.66576620000001,49049.0,518,498,5,0,493,455,622213,25,0,0,25,43
2020-04-21,US,Utah,Wasatch,122,1,0,40.33110236,-111.1691419,49051.0,121,118,1,0,117,111,33240,4,0,0,4,7
2020-04-21,US,Utah,Weber-Morgan,126,2,0,41.27116049,-111.9145117,0.0,124,124,1,0,123,119,,2,1,0,1,5
2020-04-21,US,Vermont,Addison,61,2,0,44.03217337,-73.14130877,50001.0,59,61,2,0,59,61,36973,0,0,0,0,0
2020-04-21,US,Vermont,Bennington,37,1,0,43.03519828,-73.09048868,50003.0,36,37,1,0,36,37,35631,0,0,0,0,0
2020-04-21,US,Vermont,Caledonia,12,0,0,44.46548598,-72.10314651,50005.0,12,12,0,0,12,12,30302,0,0,0,0,0
2020-04-21,US,Vermont,Chittenden,391,25,0,44.46322849,-73.08359212,50007.0,366,385,24,0,361,385,164572,6,1,0,5,0
2020-04-21,US,Vermont,Essex,2,0,0,44.72736416,-71.73579864,50009.0,2,2,0,0,2,2,6250,0,0,0,0,0
2020-04-21,US,Vermont,Franklin,92,4,0,44.85627605,-72.91249563,50011.0,88,93,3,0,90,91,49421,-1,1,0,-2,2
2020-04-21,US,Vermont,Grand Isle,3,0,0,44.797582399999996,-73.29679772,50013.0,3,3,0,0,3,3,7090,0,0,0,0,0
2020-04-21,US,Vermont,Lamoille,23,2,0,44.60353043,-72.64356694,50015.0,21,23,2,0,21,23,25300,0,0,0,0,0
2020-04-21,US,Vermont,Orange,6,0,0,44.00470222,-72.37640104,50017.0,6,5,0,0,5,5,28999,1,0,0,1,0
2020-04-21,US,Vermont,Orleans,9,0,0,44.82964024,-72.24562697,50019.0,9,9,0,0,9,9,26907,0,0,0,0,0
2020-04-21,US,Vermont,Rutland,44,1,0,43.57723578,-73.03741676,50021.0,43,43,1,0,42,43,58672,1,0,0,1,0
2020-04-21,US,Vermont,Unassigned,3,0,0,0.0,0.0,90050.0,3,11,0,0,11,10,,-8,0,0,-8,1
2020-04-21,US,Vermont,Washington,32,1,0,44.27343241,-72.61604978,50023.0,31,32,1,0,31,32,58140,0,0,0,0,0
2020-04-21,US,Vermont,Windham,65,2,0,42.986982,-72.71268875,50025.0,63,63,2,0,61,63,42756,2,0,0,2,0
2020-04-21,US,Vermont,Windsor,38,2,0,43.58010937,-72.58595157,50027.0,36,37,2,0,35,37,55286,1,0,0,1,0
2020-04-21,US,Virginia,Accomack,52,0,0,37.76707161,-75.63234615,51001.0,52,52,0,0,52,42,32412,0,0,0,0,10
2020-04-21,US,Virginia,Albemarle,66,0,0,38.02080697,-78.55481085,51003.0,66,61,0,0,61,57,108718,5,0,0,5,4
2020-04-21,US,Virginia,Alexandria,462,8,0,38.814003,-77.08183073,51510.0,454,421,8,0,413,383,160530,41,0,0,41,38
2020-04-21,US,Virginia,Alleghany,5,0,0,37.78636074,-80.00222498,51005.0,5,5,0,0,5,5,14910,0,0,0,0,0
2020-04-21,US,Virginia,Amelia,15,0,0,37.34081025,-77.98584649,51007.0,15,14,0,0,14,14,13013,1,0,0,1,0
2020-04-21,US,Virginia,Amherst,10,0,0,37.60308293,-79.14548696,51009.0,10,10,0,0,10,10,31666,0,0,0,0,0
2020-04-21,US,Virginia,Appomattox,7,0,0,37.37569884,-78.81340003,51011.0,7,7,0,0,7,7,15841,0,0,0,0,0
2020-04-21,US,Virginia,Arlington,625,22,0,38.8767675,-77.10139853,51013.0,603,593,22,0,571,575,237521,32,0,0,32,18
2020-04-21,US,Virginia,Augusta,28,0,0,38.16404586,-79.12461614,51015.0,28,24,0,0,24,22,75457,4,0,0,4,2
2020-04-21,US,Virginia,Bedford,19,0,0,37.3080028,-79.5281964,51019.0,19,18,0,0,18,18,78747,1,0,0,1,0
2020-04-21,US,Virginia,Botetourt,25,0,0,37.55531756,-79.80982182,51023.0,25,24,0,0,24,24,33277,1,0,0,1,0
2020-04-21,US,Virginia,Bristol,1,0,0,36.616302399999995,-82.16359122,51520.0,1,1,0,0,1,1,16482,0,0,0,0,0
2020-04-21,US,Virginia,Brunswick,12,0,0,36.76366949,-77.8593436,51025.0,12,12,0,0,12,12,16384,0,0,0,0,0
2020-04-21,US,Virginia,Buchanan,12,0,0,37.26818323,-82.03749726,51027.0,12,12,0,0,12,12,21221,0,0,0,0,0
2020-04-21,US,Virginia,Buckingham,27,0,0,37.57242268,-78.52518834,51029.0,27,26,0,0,26,26,16999,1,0,0,1,0
2020-04-21,US,Virginia,Buena Vista,5,0,0,37.73484642,-79.35296097,51530.0,5,5,0,0,5,5,6237,0,0,0,0,0
2020-04-21,US,Virginia,Campbell,10,0,0,37.20553386,-79.09678609,51031.0,10,9,0,0,9,9,54973,1,0,0,1,0
2020-04-21,US,Virginia,Caroline,17,0,0,38.02679129,-77.34901405,51033.0,17,14,0,0,14,13,30772,3,0,0,3,1
2020-04-21,US,Virginia,Carroll,3,0,0,36.73066666,-80.73455942,51035.0,3,3,0,0,3,3,29636,0,0,0,0,0
2020-04-21,US,Virginia,Charles City,11,0,0,37.35358063,-77.05634116,51036.0,11,11,0,0,11,11,6941,0,0,0,0,0
2020-04-21,US,Virginia,Charlotte,8,0,0,37.01909701,-78.66314092,51037.0,8,8,0,0,8,8,11938,0,0,0,0,0
2020-04-21,US,Virginia,Charlottesville,41,1,0,38.03527919,-78.48569588,51540.0,40,41,1,0,40,41,48117,0,0,0,0,0
2020-04-21,US,Virginia,Chesapeake,176,5,0,36.67670048,-76.30545744,51550.0,171,166,5,0,161,162,242634,10,0,0,10,4
2020-04-21,US,Virginia,Chesterfield,346,0,0,37.37373208,-77.58680140000001,51041.0,346,331,0,0,331,311,348556,15,0,0,15,20
2020-04-21,US,Virginia,Clarke,6,0,0,39.11271747,-77.99199425,51043.0,6,6,0,0,6,6,14523,0,0,0,0,0
2020-04-21,US,Virginia,Colonial Heights,36,0,0,37.26420587,-77.39609676,51570.0,36,26,0,0,26,23,17833,10,0,0,10,3
2020-04-21,US,Virginia,Covington,1,0,0,37.7824656,-79.98631446,51580.0,1,1,0,0,1,1,5460,0,0,0,0,0
2020-04-21,US,Virginia,Craig,2,0,0,37.48133648,-80.21072274,51045.0,2,2,0,0,2,2,5064,0,0,0,0,0
2020-04-21,US,Virginia,Culpeper,65,0,0,38.48199985,-77.95630870000002,51047.0,65,51,0,0,51,43,51859,14,0,0,14,8
2020-04-21,US,Virginia,Cumberland,10,0,0,37.51328851,-78.24398086,51049.0,10,10,0,0,10,10,9809,0,0,0,0,0
2020-04-21,US,Virginia,Danville,29,0,0,36.58022376,-79.40395668,51590.0,29,28,0,0,28,27,40693,1,0,0,1,1
2020-04-21,US,Virginia,Dinwiddie,8,0,0,37.07544585,-77.63451754,51053.0,8,8,0,0,8,7,28529,0,0,0,0,1
2020-04-21,US,Virginia,Emporia,12,0,0,36.69455571,-77.53406129,51595.0,12,11,0,0,11,7,5121,1,0,0,1,4
2020-04-21,US,Virginia,Essex,2,0,0,37.93357639,-76.94230311,51057.0,2,2,0,0,2,2,10919,0,0,0,0,0
2020-04-21,US,Virginia,Fairfax,2077,37,0,38.83677558,-77.27565836,51059.0,2040,1925,37,0,1888,1809,1150795,152,0,0,152,116
2020-04-21,US,Virginia,Fairfax,2077,37,0,38.83677558,-77.27565836,51059.0,2040,1925,37,0,1888,1809,24574,152,0,0,152,116
2020-04-21,US,Virginia,Fairfax City,22,0,0,38.85157547,-77.29779640000002,51600.0,22,21,0,0,21,11,24574,1,0,0,1,10
2020-04-21,US,Virginia,Falls Church,24,0,0,38.88485255,-77.17560759,51610.0,24,24,0,0,24,,14772,0,0,0,0,
2020-04-21,US,Virginia,Fauquier,49,0,0,38.73564842,-77.80647472,51061.0,49,41,0,0,41,39,70675,8,0,0,8,2
2020-04-21,US,Virginia,Floyd,1,0,0,36.9302126,-80.36738849,51063.0,1,1,0,0,1,1,15795,0,0,0,0,0
2020-04-21,US,Virginia,Fluvanna,68,0,0,37.84157909,-78.27715475,51065.0,68,68,0,0,68,66,26783,0,0,0,0,2
2020-04-21,US,Virginia,Franklin,16,0,0,36.99536167,-79.88023649,51067.0,16,16,0,0,16,15,56195,0,0,0,0,1
2020-04-21,US,Virginia,Franklin,16,0,0,36.99536167,-79.88023649,51067.0,16,16,0,0,16,15,8013,0,0,0,0,1
2020-04-21,US,Virginia,Franklin City,12,0,0,36.6831435,-76.93859681,51620.0,12,12,0,0,12,15,8013,0,0,0,0,-3
2020-04-21,US,Virginia,Frederick,83,0,0,39.20172582,-78.25974949,51069.0,83,81,0,0,81,81,88355,2,0,0,2,0
2020-04-21,US,Virginia,Fredericksburg,17,0,0,38.2977863,-77.4922454,51630.0,17,17,0,0,17,17,29144,0,0,0,0,0
2020-04-21,US,Virginia,Galax,1,0,0,36.66601852,-80.91703124,51640.0,1,1,0,0,1,1,6423,0,0,0,0,0
2020-04-21,US,Virginia,Giles,4,0,0,37.31234791,-80.70636931,51071.0,4,4,0,0,4,4,16844,0,0,0,0,0
2020-04-21,US,Virginia,Gloucester,21,0,0,37.40809042,-76.53524337,51073.0,21,21,0,0,21,21,37349,0,0,0,0,0
2020-04-21,US,Virginia,Goochland,62,0,0,37.71714806,-77.90381514,51075.0,62,58,0,0,58,55,23244,4,0,0,4,3
2020-04-21,US,Virginia,Greene,8,0,0,38.29545894,-78.46525378,51079.0,8,8,0,0,8,8,19779,0,0,0,0,0
2020-04-21,US,Virginia,Greensville,23,0,0,36.67878901,-77.56351439,51081.0,23,21,0,0,21,18,11627,2,0,0,2,3
2020-04-21,US,Virginia,Halifax,12,0,0,36.76654925,-78.93512622,51083.0,12,10,0,0,10,8,34120,2,0,0,2,2
2020-04-21,US,Virginia,Hampton,92,1,0,37.03513786,-76.35879121,51650.0,91,90,1,0,89,83,134313,2,0,0,2,7
2020-04-21,US,Virginia,Hanover,93,0,0,37.7583355,-77.49464673,51085.0,93,91,0,0,91,84,107239,2,0,0,2,7
2020-04-21,US,Virginia,Harrisonburg,264,0,0,38.43542574,-78.87536254,51660.0,264,252,0,0,252,236,54033,12,0,0,12,16
2020-04-21,US,Virginia,Henrico,621,72,0,37.53460572,-77.39326555,51087.0,549,598,72,0,526,584,329261,23,0,0,23,14
2020-04-21,US,Virginia,Henry,10,0,0,36.68542395,-79.87634026,51089.0,10,10,0,0,10,10,50953,0,0,0,0,0
2020-04-21,US,Virginia,Hopewell,16,0,0,37.29186313,-77.29754684,51670.0,16,16,0,0,16,16,22596,0,0,0,0,0
2020-04-21,US,Virginia,Isle of Wight,88,0,0,36.90579348,-76.70842863,51093.0,88,86,0,0,86,86,36953,2,0,0,2,0
2020-04-21,US,Virginia,James City,146,2,0,37.31156958,-76.76950618,51095.0,144,141,2,0,139,141,76397,5,0,0,5,0
2020-04-21,US,Virginia,King George,19,0,0,38.26818502,-77.15852768,51099.0,19,18,0,0,18,18,26575,1,0,0,1,0
2020-04-21,US,Virginia,King William,2,0,0,37.70965316,-77.09384941,51101.0,2,2,0,0,2,2,16939,0,0,0,0,0
2020-04-21,US,Virginia,King and Queen,2,0,0,37.71044922,-76.88689628,51097.0,2,2,0,0,2,2,7042,0,0,0,0,0
2020-04-21,US,Virginia,Lancaster,1,0,0,37.71889653,-76.46400482,51103.0,1,1,0,0,1,1,10783,0,0,0,0,0
2020-04-21,US,Virginia,Lee,7,0,0,36.70586667,-83.12606515,51105.0,7,7,0,0,7,7,23541,0,0,0,0,0
2020-04-21,US,Virginia,Lexington,3,0,0,37.78258621,-79.44262866,51678.0,3,3,0,0,3,3,7136,0,0,0,0,0
2020-04-21,US,Virginia,Loudoun,468,8,0,39.08990083,-77.63481877,51107.0,460,446,8,0,438,425,406850,22,0,0,22,21
2020-04-21,US,Virginia,Louisa,35,0,0,37.97850256,-77.96274807,51109.0,35,33,0,0,33,33,36778,2,0,0,2,0
2020-04-21,US,Virginia,Lunenburg,3,0,0,36.94618528,-78.24133319,51111.0,3,3,0,0,3,3,12086,0,0,0,0,0
2020-04-21,US,Virginia,Lynchburg,43,0,0,37.40021399,-79.19888138,51680.0,43,38,0,0,38,38,82126,5,0,0,5,0
2020-04-21,US,Virginia,Madison,12,0,0,38.41531222,-78.28220331,51113.0,12,8,0,0,8,8,13295,4,0,0,4,0
2020-04-21,US,Virginia,Manassas,110,0,0,38.7464321,-77.48509905,51683.0,110,96,0,0,96,93,41641,14,0,0,14,3
2020-04-21,US,Virginia,Manassas Park,31,0,0,38.77058531,-77.44399307,51685.0,31,30,0,0,30,25,17307,1,0,0,1,5
2020-04-21,US,Virginia,Mathews,3,0,0,37.44164146,-76.34098896,51115.0,3,3,0,0,3,3,8802,0,0,0,0,0
2020-04-21,US,Virginia,Mecklenburg,68,0,0,36.67882005,-78.36131056,51117.0,68,65,0,0,65,65,30650,3,0,0,3,0
2020-04-21,US,Virginia,Middlesex,3,0,0,37.63191998,-76.55064617,51119.0,3,3,0,0,3,3,10769,0,0,0,0,0
2020-04-21,US,Virginia,Montgomery,48,0,0,37.17746986,-80.37868691,51121.0,48,44,0,0,44,42,98985,4,0,0,4,2
2020-04-21,US,Virginia,Nelson,6,0,0,37.78790447,-78.88498513,51125.0,6,5,0,0,5,5,14836,1,0,0,1,0
2020-04-21,US,Virginia,New Kent,20,0,0,37.50694406,-76.99828634,51127.0,20,18,0,0,18,17,22391,2,0,0,2,1
2020-04-21,US,Virginia,Newport News,101,1,0,37.08166899,-76.51754109,51700.0,100,102,1,0,101,102,178626,-1,0,0,-1,0
2020-04-21,US,Virginia,Norfolk,118,2,0,36.89934014,-76.26420872,51710.0,116,113,2,0,111,111,244076,5,0,0,5,2
2020-04-21,US,Virginia,Northampton,7,0,0,37.34062933,-75.87751591,51131.0,7,7,0,0,7,7,11735,0,0,0,0,0
2020-04-21,US,Virginia,Northumberland,5,0,0,37.89202088,-76.41949732,51133.0,5,5,0,0,5,5,12147,0,0,0,0,0
2020-04-21,US,Virginia,Norton,2,0,0,36.93357076,-82.62750411,51720.0,2,2,0,0,2,2,3968,0,0,0,0,0
2020-04-21,US,Virginia,Nottoway,8,0,0,37.1435975,-78.05065922,51135.0,8,8,0,0,8,8,15420,0,0,0,0,0
2020-04-21,US,Virginia,Orange,21,0,0,38.24530219,-78.01560400000002,51137.0,21,21,0,0,21,20,36644,0,0,0,0,1
2020-04-21,US,Virginia,Page,14,0,0,38.61807452,-78.48797204,51139.0,14,14,0,0,14,13,23933,0,0,0,0,1
2020-04-21,US,Virginia,Patrick,1,0,0,36.680163799999995,-80.2865648,51141.0,1,,,,,,17673,,,,,
2020-04-21,US,Virginia,Petersburg,24,0,0,37.20530399,-77.39368102,51730.0,24,21,0,0,21,21,31567,3,0,0,3,0
2020-04-21,US,Virginia,Pittsylvania,7,0,0,36.81980341,-79.39731264,51143.0,7,6,0,0,6,6,60949,1,0,0,1,0
2020-04-21,US,Virginia,Poquoson,6,0,0,37.14259351,-76.35798148,51735.0,6,6,0,0,6,6,12190,0,0,0,0,0
2020-04-21,US,Virginia,Portsmouth,82,4,0,36.85914825,-76.35971629,51740.0,78,65,4,0,61,65,94632,17,0,0,17,0
2020-04-21,US,Virginia,Powhatan,8,0,0,37.55016038,-77.91267882,51145.0,8,8,0,0,8,9,29189,0,0,0,0,-1
2020-04-21,US,Virginia,Prince Edward,19,0,0,37.22554789,-78.43597949,51147.0,19,17,0,0,17,17,22950,2,0,0,2,0
2020-04-21,US,Virginia,Prince George,28,0,0,37.18497668,-77.22922187,51149.0,28,28,0,0,28,28,38082,0,0,0,0,0
2020-04-21,US,Virginia,Prince William,867,1,0,38.70916224,-77.48713689,51153.0,866,793,1,0,792,742,468011,74,0,0,74,51
2020-04-21,US,Virginia,Pulaski,8,0,0,37.06474963,-80.71229738,51155.0,8,8,0,0,8,8,34066,0,0,0,0,0
2020-04-21,US,Virginia,Radford,1,0,0,37.12222899,-80.56027320000003,51750.0,1,1,0,0,1,1,18339,0,0,0,0,0
2020-04-21,US,Virginia,Rappahannock,1,0,0,38.68295619,-78.15826963,51157.0,1,1,0,0,1,1,7252,0,0,0,0,0
2020-04-21,US,Virginia,Richmond,53,0,0,37.937575,-76.72920628,51159.0,53,9,0,0,9,9,9038,44,0,0,44,0
2020-04-21,US,Virginia,Richmond City,246,10,0,37.53255773,-77.47966921,51760.0,236,236,10,0,226,231,228783,10,0,0,10,5
2020-04-21,US,Virginia,Roanoke,25,0,0,37.26865804,-80.06396753,51161.0,25,24,0,0,24,22,94073,1,0,0,1,2
2020-04-21,US,Virginia,Roanoke City,25,0,0,37.27791025,-79.96189766,51770.0,25,24,0,0,24,24,99920,1,0,0,1,0
2020-04-21,US,Virginia,Rockbridge,5,0,0,37.81204314,-79.44605905,51163.0,5,5,0,0,5,5,22752,0,0,0,0,0
2020-04-21,US,Virginia,Rockingham,122,0,0,38.51006137,-78.87260325,51165.0,122,106,0,0,106,100,81244,16,0,0,16,6
2020-04-21,US,Virginia,Russell,2,0,0,36.93028320000001,-82.10095486,51167.0,2,2,0,0,2,2,26748,0,0,0,0,0
2020-04-21,US,Virginia,Salem,6,0,0,37.2836193,-80.06219455,51775.0,6,6,0,0,6,6,25643,0,0,0,0,0
2020-04-21,US,Virginia,Scott,5,0,0,36.71466456,-82.60171704,51169.0,5,4,0,0,4,4,21534,1,0,0,1,0
2020-04-21,US,Virginia,Shenandoah,45,0,0,38.85905135,-78.56813762,51171.0,45,41,0,0,41,39,43497,4,0,0,4,2
2020-04-21,US,Virginia,Smyth,13,0,0,36.84455636,-81.53344948,51173.0,13,13,0,0,13,12,30472,0,0,0,0,1
2020-04-21,US,Virginia,Southampton,18,0,0,36.72231125,-77.10642712,51175.0,18,17,0,0,17,16,17586,1,0,0,1,1
2020-04-21,US,Virginia,Spotsylvania,79,0,0,38.18574462,-77.655399,51177.0,79,77,0,0,77,74,134238,2,0,0,2,3
2020-04-21,US,Virginia,Stafford,164,0,0,38.41758738,-77.45917053,51179.0,164,161,0,0,161,152,149960,3,0,0,3,9
2020-04-21,US,Virginia,Staunton,10,0,0,38.15965544,-79.05979937,51790.0,10,8,0,0,8,5,24922,2,0,0,2,3
2020-04-21,US,Virginia,Suffolk,111,0,0,36.70155394,-76.63603554,51800.0,111,92,0,0,92,91,91185,19,0,0,19,1
2020-04-21,US,Virginia,Surry,4,0,0,37.11781893,-76.88450012,51181.0,4,4,0,0,4,3,6474,0,0,0,0,1
2020-04-21,US,Virginia,Sussex,23,0,0,36.92432914,-77.25791182,51183.0,23,12,0,0,12,11,11237,11,0,0,11,1
2020-04-21,US,Virginia,Tazewell,4,0,0,37.12191123,-81.56685568,51185.0,4,4,0,0,4,4,40855,0,0,0,0,0
2020-04-21,US,Virginia,Unassigned,0,140,0,0.0,0.0,90051.0,-140,0,116,0,-116,0,,0,24,0,-24,0
2020-04-21,US,Virginia,Virginia Beach,288,8,0,36.73285734,-76.04566934,51810.0,280,281,8,0,273,273,450189,7,0,0,7,8
2020-04-21,US,Virginia,Warren,26,0,0,38.90847745,-78.20280433,51187.0,26,24,0,0,24,24,40003,2,0,0,2,0
2020-04-21,US,Virginia,Washington,29,0,0,36.72341572,-81.95666289,51191.0,29,29,0,0,29,29,54402,0,0,0,0,0
2020-04-21,US,Virginia,Waynesboro,8,0,0,38.06451466,-78.90293905,51820.0,8,8,0,0,8,7,22628,0,0,0,0,1
2020-04-21,US,Virginia,Westmoreland,10,0,0,38.11021557,-76.80213247,51193.0,10,10,0,0,10,10,17830,0,0,0,0,0
2020-04-21,US,Virginia,Williamsburg,15,1,0,37.28131268,-76.70905141,51830.0,14,19,1,0,18,19,14896,-4,0,0,-4,0
2020-04-21,US,Virginia,Winchester,27,0,0,39.17054517,-78.17325058,51840.0,27,25,0,0,25,25,28108,2,0,0,2,0
2020-04-21,US,Virginia,Wise,18,0,0,36.9746148,-82.62410519,51195.0,18,18,0,0,18,18,38012,0,0,0,0,0
2020-04-21,US,Virginia,Wythe,10,0,0,36.91582035,-81.07834059,51197.0,10,10,0,0,10,10,28754,0,0,0,0,0
2020-04-21,US,Virginia,York,43,1,0,37.24374789,-76.54412815,51199.0,42,44,1,0,43,44,67846,-1,0,0,-1,0
2020-04-21,US,Washington,Adams,43,0,0,46.98299757,-118.56017340000001,53001.0,43,41,0,0,41,41,19759,2,0,0,2,0
2020-04-21,US,Washington,Asotin,13,0,0,46.18894415,-117.2022851,53003.0,13,13,0,0,13,13,22610,0,0,0,0,0
2020-04-21,US,Washington,Benton,423,34,0,46.23946995,-119.51208340000001,53005.0,389,314,34,0,280,313,201877,109,0,0,109,1
2020-04-21,US,Washington,Chelan,81,5,0,47.87046092,-120.6173956,53007.0,76,75,5,0,70,73,77036,6,0,0,6,2
2020-04-21,US,Washington,Clallam,14,0,0,48.04754642,-123.92263190000001,53009.0,14,14,0,0,14,15,76737,0,0,0,0,-1
2020-04-21,US,Washington,Clark,306,16,0,45.77568046,-122.48292040000001,53011.0,290,296,16,0,280,277,481857,10,0,0,10,19
2020-04-21,US,Washington,Columbia,1,0,0,46.29442881,-117.9051983,53013.0,1,1,0,0,1,1,4059,0,0,0,0,0
2020-04-21,US,Washington,Cowlitz,32,0,0,46.19074721,-122.6782231,53015.0,32,32,0,0,32,29,108987,0,0,0,0,3
2020-04-21,US,Washington,Douglas,59,1,0,47.7361335,-119.69293700000001,53017.0,58,32,1,0,31,34,42907,27,0,0,27,-2
2020-04-21,US,Washington,Ferry,1,0,0,48.471143100000006,-118.5154041,53019.0,1,1,0,0,1,1,7649,0,0,0,0,0
2020-04-21,US,Washington,Franklin,266,4,0,46.53351425,-118.9018212,53021.0,262,191,4,0,187,191,94347,75,0,0,75,0
2020-04-21,US,Washington,Grant,143,2,0,47.20753737,-119.4500749,53025.0,141,143,2,0,141,143,97331,0,0,0,0,0
2020-04-21,US,Washington,Grays Harbor,12,0,0,47.14003705,-123.7820567,53027.0,12,12,0,0,12,12,73901,0,0,0,0,0
2020-04-21,US,Washington,Island,166,8,0,48.14713305,-122.5216407,53029.0,158,166,8,0,158,166,84460,0,0,0,0,0
2020-04-21,US,Washington,Jefferson,28,0,0,47.75003077,-123.56097040000002,53031.0,28,28,0,0,28,29,31729,0,0,0,0,-1
2020-04-21,US,Washington,King,5293,360,0,47.49137892,-121.8346131,53033.0,4933,5174,346,0,4828,5174,2233163,119,14,0,105,0
2020-04-21,US,Washington,Kitsap,138,1,0,47.63479026,-122.6436061,53035.0,137,138,1,0,137,138,269805,0,0,0,0,0
2020-04-21,US,Washington,Kittitas,14,0,0,47.12521214,-120.67943899999999,53037.0,14,14,0,0,14,14,47364,0,0,0,0,0
2020-04-21,US,Washington,Klickitat,16,3,0,45.87325839,-120.7913598,53039.0,13,16,3,0,13,16,22107,0,0,0,0,0
2020-04-21,US,Washington,Lewis,21,2,0,46.57756476,-122.39257690000001,53041.0,19,21,2,0,19,20,79604,0,0,0,0,1
2020-04-21,US,Washington,Lincoln,2,0,0,47.57705241,-118.41943880000001,53043.0,2,2,0,0,2,2,10740,0,0,0,0,0
2020-04-21,US,Washington,Mason,22,0,0,47.35007586,-123.1863685,53045.0,22,22,0,0,22,22,65507,0,0,0,0,0
2020-04-21,US,Washington,Okanogan,14,0,0,48.54855019,-119.73872240000001,53047.0,14,14,0,0,14,15,42132,0,0,0,0,-1
2020-04-21,US,Washington,Pacific,3,0,0,46.55418369,-123.7285716,53049.0,3,3,0,0,3,1,22036,0,0,0,0,2
2020-04-21,US,Washington,Pend Oreille,2,0,0,48.53234021,-117.2741804,53051.0,2,2,0,0,2,2,13602,0,0,0,0,0
2020-04-21,US,Washington,Pierce,1219,36,0,47.03892768,-122.14059579999999,53053.0,1183,1188,34,0,1154,1143,891299,31,2,0,29,45
2020-04-21,US,Washington,San Juan,15,0,0,48.60182783,-122.96745,53055.0,15,15,0,0,15,15,17128,0,0,0,0,0
2020-04-21,US,Washington,Skagit,252,8,0,48.48171488,-121.766131,53057.0,244,245,8,0,237,240,128206,7,0,0,7,5
2020-04-21,US,Washington,Skamania,3,0,0,46.02408726,-121.91644029999999,53059.0,3,3,0,0,3,3,11924,0,0,0,0,0
2020-04-21,US,Washington,Snohomish,2189,98,0,48.04615983,-121.7170703,53061.0,2091,2163,97,0,2066,2143,814901,26,1,0,25,20
2020-04-21,US,Washington,Spokane,315,19,0,47.62113146,-117.4046494,53063.0,296,313,17,0,296,307,514631,2,2,0,0,6
2020-04-21,US,Washington,Stevens,8,1,0,48.40035475,-117.8542701,53065.0,7,8,1,0,7,8,45260,0,0,0,0,0
2020-04-21,US,Washington,Thurston,94,1,0,46.9291895,-122.82906559999999,53067.0,93,94,1,0,93,93,286419,0,0,0,0,1
2020-04-21,US,Washington,Unassigned,159,0,0,0.0,0.0,90053.0,159,159,0,0,159,436,,0,0,0,0,-277
2020-04-21,US,Washington,Wahkiakum,2,0,0,46.29180039999999,-123.4250831,53069.0,2,2,0,0,2,2,4426,0,0,0,0,0
2020-04-21,US,Washington,Walla Walla,33,0,0,46.23040051,-118.4775539,53071.0,33,33,0,0,33,27,60922,0,0,0,0,6
2020-04-21,US,Washington,Whatcom,280,27,0,48.82227976,-121.74900179999999,53073.0,253,278,27,0,251,277,225685,2,0,0,2,1
2020-04-21,US,Washington,Whitman,13,0,0,46.90022523,-117.52417630000001,53075.0,13,13,0,0,13,15,49791,0,0,0,0,-2
2020-04-21,US,Washington,Yakima,868,38,0,46.45738486,-120.73801259999999,53077.0,830,835,36,0,799,804,251446,33,2,0,31,31
2020-04-21,US,West Virginia,Barbour,4,0,0,39.1307219,-80.00350858,54001.0,4,4,0,0,4,4,16535,0,0,0,0,0
2020-04-21,US,West Virginia,Berkeley,113,1,0,39.46704621,-78.02414609,54003.0,112,111,1,0,110,109,117123,2,0,0,2,2
2020-04-21,US,West Virginia,Boone,2,0,0,38.01974191,-81.69888019,54005.0,2,2,0,0,2,2,21951,0,0,0,0,0
2020-04-21,US,West Virginia,Braxton,1,0,0,38.70036159,-80.72011184,54007.0,1,1,0,0,1,1,14089,0,0,0,0,0
2020-04-21,US,West Virginia,Brooke,3,0,0,40.27367263,-80.57915332,54009.0,3,3,0,0,3,3,22203,0,0,0,0,0
2020-04-21,US,West Virginia,Cabell,34,0,0,38.42424062,-82.23855912,54011.0,34,34,0,0,34,34,93224,0,0,0,0,0
2020-04-21,US,West Virginia,Fayette,5,0,0,38.02974928,-81.08286634,54019.0,5,5,0,0,5,5,43018,0,0,0,0,0
2020-04-21,US,West Virginia,Grant,1,0,0,39.10314817,-79.19440518,54023.0,1,1,0,0,1,1,11626,0,0,0,0,0
2020-04-21,US,West Virginia,Greenbrier,3,0,0,37.9463652,-80.45335881,54025.0,3,3,0,0,3,3,34786,0,0,0,0,0
2020-04-21,US,West Virginia,Hampshire,6,0,0,39.32103553,-78.60826476,54027.0,6,6,0,0,6,6,23347,0,0,0,0,0
2020-04-21,US,West Virginia,Hancock,7,0,0,40.51943859,-80.57461608,54029.0,7,7,0,0,7,7,29094,0,0,0,0,0
2020-04-21,US,West Virginia,Hardy,3,0,0,39.00683177,-78.85855301,54031.0,3,3,0,0,3,3,13775,0,0,0,0,0
2020-04-21,US,West Virginia,Harrison,30,1,0,39.2853852,-80.37919577,54033.0,29,30,1,0,29,30,67554,0,0,0,0,0
2020-04-21,US,West Virginia,Jackson,101,1,0,38.84263974,-81.68148753,54035.0,100,101,1,0,100,100,28706,0,0,0,0,1
2020-04-21,US,West Virginia,Jefferson,61,0,0,39.30776166,-77.86014147,54037.0,61,61,0,0,61,60,56811,0,0,0,0,1
2020-04-21,US,West Virginia,Kanawha,133,0,0,38.33860077,-81.52857054,54039.0,133,128,0,0,128,127,180454,5,0,0,5,1
2020-04-21,US,West Virginia,Lewis,2,0,0,38.9947249,-80.49988181,54041.0,2,2,0,0,2,2,16024,0,0,0,0,0
2020-04-21,US,West Virginia,Lincoln,1,0,0,38.172154,-82.07017953,54043.0,1,1,0,0,1,1,20599,0,0,0,0,0
2020-04-21,US,West Virginia,Logan,8,1,0,37.8299889,-81.93528571,54045.0,7,8,1,0,7,8,32607,0,0,0,0,0
2020-04-21,US,West Virginia,Marion,44,1,0,39.50984542,-80.24244659,54049.0,43,44,1,0,43,42,56097,0,0,0,0,2
2020-04-21,US,West Virginia,Marshall,8,0,0,39.86064362,-80.66591062,54051.0,8,8,0,0,8,8,30785,0,0,0,0,0
2020-04-21,US,West Virginia,Mason,11,0,0,38.77071799,-82.02524219,54053.0,11,11,0,0,11,11,26718,0,0,0,0,0
2020-04-21,US,West Virginia,McDowell,6,0,0,37.38002939,-81.65083669,54047.0,6,6,0,0,6,6,18223,0,0,0,0,0
2020-04-21,US,West Virginia,Mercer,8,0,0,37.40481169,-81.11023142,54055.0,8,8,0,0,8,8,59131,0,0,0,0,0
2020-04-21,US,West Virginia,Mineral,8,0,0,39.41561583,-78.94104895,54057.0,8,8,0,0,8,8,26940,0,0,0,0,0
2020-04-21,US,West Virginia,Mingo,2,0,0,37.73048351,-82.13338365,54059.0,2,2,0,0,2,2,23785,0,0,0,0,0
2020-04-21,US,West Virginia,Monongalia,89,2,0,39.63218457,-80.04766838,54061.0,87,90,2,0,88,87,106420,-1,0,0,-1,3
2020-04-21,US,West Virginia,Monroe,5,0,0,37.56274716,-80.54577965,54063.0,5,5,0,0,5,5,13280,0,0,0,0,0
2020-04-21,US,West Virginia,Morgan,9,0,0,39.55439028,-78.26311676,54065.0,9,9,0,0,9,8,17787,0,0,0,0,1
2020-04-21,US,West Virginia,Nicholas,4,0,0,38.29617706,-80.79759588,54067.0,4,4,0,0,4,4,24842,0,0,0,0,0
2020-04-21,US,West Virginia,Ohio,22,0,0,40.0955451,-80.62203992,54069.0,22,22,0,0,22,22,41755,0,0,0,0,0
2020-04-21,US,West Virginia,Pendleton,2,0,0,38.68314479,-79.35084086,54071.0,2,2,0,0,2,2,6997,0,0,0,0,0
2020-04-21,US,West Virginia,Pleasants,2,0,0,39.37091679,-81.16771771,54073.0,2,2,0,0,2,1,7507,0,0,0,0,1
2020-04-21,US,West Virginia,Preston,10,0,0,39.46770987,-79.66712803,54077.0,10,10,0,0,10,10,33839,0,0,0,0,0
2020-04-21,US,West Virginia,Putnam,14,0,0,38.50782345,-81.9082131,54079.0,14,14,0,0,14,14,56682,0,0,0,0,0
2020-04-21,US,West Virginia,Raleigh,7,0,0,37.76936795,-81.2456041,54081.0,7,7,0,0,7,7,74254,0,0,0,0,0
2020-04-21,US,West Virginia,Randolph,4,0,0,38.769899,-79.87919615,54083.0,4,4,0,0,4,4,28823,0,0,0,0,0
2020-04-21,US,West Virginia,Roane,3,0,0,38.71622686,-81.35243568,54087.0,3,3,0,0,3,3,13932,0,0,0,0,0
2020-04-21,US,West Virginia,Summers,1,0,0,37.65390597,-80.86009693,54089.0,1,1,0,0,1,1,12760,0,0,0,0,0
2020-04-21,US,West Virginia,Taylor,5,0,0,39.33602617,-80.0421439,54091.0,5,5,0,0,5,5,16862,0,0,0,0,0
2020-04-21,US,West Virginia,Tucker,4,0,0,39.11240885,-79.57053576,54093.0,4,4,0,0,4,4,6955,0,0,0,0,0
2020-04-21,US,West Virginia,Tyler,3,0,0,39.46811972,-80.88772676,54095.0,3,3,0,0,3,3,8746,0,0,0,0,0
2020-04-21,US,West Virginia,Unassigned,0,19,0,0.0,0.0,90054.0,-19,0,17,0,-17,0,,0,2,0,-2,0
2020-04-21,US,West Virginia,Upshur,4,0,0,38.89285061,-80.23689136,54097.0,4,4,0,0,4,4,24415,0,0,0,0,0
2020-04-21,US,West Virginia,Wayne,78,0,0,38.14901357,-82.42287994,54099.0,78,78,0,0,78,78,39944,0,0,0,0,0
2020-04-21,US,West Virginia,Wetzel,3,0,0,39.6065771,-80.64016540000001,54103.0,3,3,0,0,3,3,15270,0,0,0,0,0
2020-04-21,US,West Virginia,Wirt,2,0,0,39.02775007,-81.37473928,54105.0,2,2,0,0,2,2,5830,0,0,0,0,0
2020-04-21,US,West Virginia,Wood,31,0,0,39.20967886,-81.5162836,54107.0,31,31,0,0,31,31,84203,0,0,0,0,0
2020-04-21,US,West Virginia,Wyoming,1,0,0,37.612327,-81.54511071,54109.0,1,1,0,0,1,1,20786,0,0,0,0,0
2020-04-21,US,Wisconsin,Adams,4,1,0,43.96974651,-89.76782777,55001.0,3,4,1,0,3,4,20348,0,0,0,0,0
2020-04-21,US,Wisconsin,Ashland,2,0,0,46.31956891,-90.67837132,55003.0,2,2,0,0,2,2,15600,0,0,0,0,0
2020-04-21,US,Wisconsin,Barron,6,0,0,45.42372701,-91.84833627,55005.0,6,6,0,0,6,6,45164,0,0,0,0,0
2020-04-21,US,Wisconsin,Bayfield,3,1,0,46.52868768,-91.19716729,55007.0,2,3,1,0,2,3,15042,0,0,0,0,0
2020-04-21,US,Wisconsin,Brown,314,2,0,44.452655299999996,-88.00411844,55009.0,312,285,1,0,284,215,263378,29,1,0,28,70
2020-04-21,US,Wisconsin,Buffalo,4,1,0,44.37835084,-91.75332578,55011.0,3,4,1,0,3,4,13125,0,0,0,0,0
2020-04-21,US,Wisconsin,Calumet,6,0,0,44.0816316,-88.21780273,55015.0,6,6,0,0,6,6,50159,0,0,0,0,0
2020-04-21,US,Wisconsin,Chippewa,20,0,0,45.06939744,-91.28068855,55017.0,20,20,0,0,20,20,64135,0,0,0,0,0
2020-04-21,US,Wisconsin,Clark,17,1,0,44.73483377,-90.61207486,55019.0,16,16,1,0,15,16,34709,1,0,0,1,0
2020-04-21,US,Wisconsin,Columbia,27,1,0,43.46492199,-89.33589004,55021.0,26,27,1,0,26,27,57358,0,0,0,0,0
2020-04-21,US,Wisconsin,Crawford,3,0,0,43.23870316,-90.93073686,55023.0,3,3,0,0,3,3,16291,0,0,0,0,0
2020-04-21,US,Wisconsin,Dane,382,20,0,43.06601594,-89.41733797,55025.0,362,364,19,0,345,361,542364,18,1,0,17,3
2020-04-21,US,Wisconsin,Dodge,19,1,0,43.41576662,-88.70928178,55027.0,18,19,1,0,18,19,87847,0,0,0,0,0
2020-04-21,US,Wisconsin,Door,9,1,0,44.95856458,-87.30002707,55029.0,8,9,1,0,8,9,27610,0,0,0,0,0
2020-04-21,US,Wisconsin,Douglas,8,0,0,46.43222285,-91.91595768,55031.0,8,8,0,0,8,8,43208,0,0,0,0,0
2020-04-21,US,Wisconsin,Dunn,9,0,0,44.94562799,-91.8962481,55033.0,9,9,0,0,9,9,45131,0,0,0,0,0
2020-04-21,US,Wisconsin,Eau Claire,22,0,0,44.726614,-91.28609183,55035.0,22,22,0,0,22,22,104534,0,0,0,0,0
2020-04-21,US,Wisconsin,Florence,2,0,0,45.84963535,-88.39804137,55037.0,2,2,0,0,2,2,4321,0,0,0,0,0
2020-04-21,US,Wisconsin,Fond du Lac,65,3,0,43.75354908,-88.48885325,55039.0,62,65,3,0,62,62,103066,0,0,0,0,3
2020-04-21,US,Wisconsin,Grant,23,3,0,42.8671731,-90.7063218,55043.0,20,23,3,0,20,18,51554,0,0,0,0,5
2020-04-21,US,Wisconsin,Green,9,0,0,42.6794956,-89.60243287,55045.0,9,9,0,0,9,9,36929,0,0,0,0,0
2020-04-21,US,Wisconsin,Green Lake,1,0,0,43.80025981,-89.04679553,55047.0,1,1,0,0,1,1,18918,0,0,0,0,0
2020-04-21,US,Wisconsin,Iowa,7,0,0,43.00050278,-90.13469017,55049.0,7,6,0,0,6,6,23771,1,0,0,1,0
2020-04-21,US,Wisconsin,Iron,2,1,0,46.26302338,-90.24295041,55051.0,1,2,1,0,1,2,5676,0,0,0,0,0
2020-04-21,US,Wisconsin,Jackson,12,1,0,44.31864893,-90.80566792,55053.0,11,12,1,0,11,12,20478,0,0,0,0,0
2020-04-21,US,Wisconsin,Jefferson,32,0,0,43.02054068,-88.77529134,55055.0,32,32,0,0,32,32,85129,0,0,0,0,0
2020-04-21,US,Wisconsin,Juneau,10,1,0,43.92456975,-90.11120239,55057.0,9,10,1,0,9,10,26617,0,0,0,0,0
2020-04-21,US,Wisconsin,Kenosha,264,6,0,42.57639354,-88.04051686,55059.0,258,257,5,0,252,248,169290,7,1,0,6,9
2020-04-21,US,Wisconsin,Kewaunee,8,1,0,44.51727459,-87.61468386,55061.0,7,8,1,0,7,8,20383,0,0,0,0,0
2020-04-21,US,Wisconsin,La Crosse,26,0,0,43.90632465,-91.11451093,55063.0,26,25,0,0,25,25,118230,1,0,0,1,0
2020-04-21,US,Wisconsin,Lafayette,3,0,0,42.66005229,-90.1317729,55065.0,3,3,0,0,3,3,16665,0,0,0,0,0
2020-04-21,US,Wisconsin,Manitowoc,7,0,0,44.11946801,-87.80928853,55071.0,7,7,0,0,7,6,79074,0,0,0,0,1
2020-04-21,US,Wisconsin,Marathon,17,1,0,44.89792533,-89.75863384,55073.0,16,17,1,0,16,17,135428,0,0,0,0,0
2020-04-21,US,Wisconsin,Marinette,6,1,0,45.38553432,-88.03324599999998,55075.0,5,5,1,0,4,5,40434,1,0,0,1,0
2020-04-21,US,Wisconsin,Marquette,3,1,0,43.81911946,-89.40073763,55077.0,2,3,1,0,2,3,15434,0,0,0,0,0
2020-04-21,US,Wisconsin,Menominee,1,0,0,45.00422544,-88.70950714,55078.0,1,1,0,0,1,1,4658,0,0,0,0,0
2020-04-21,US,Wisconsin,Milwaukee,2234,139,0,43.00486062,-87.96733172,55079.0,2095,2191,132,0,2059,2150,948201,43,7,0,36,41
2020-04-21,US,Wisconsin,Monroe,13,1,0,43.94641218,-90.61881899999999,55081.0,12,13,0,0,13,13,46051,0,1,0,-1,0
2020-04-21,US,Wisconsin,Oconto,5,0,0,45.02715345,-88.26807503,55083.0,5,5,0,0,5,4,37830,0,0,0,0,1
2020-04-21,US,Wisconsin,Oneida,6,0,0,45.70677897,-89.51944105,55085.0,6,6,0,0,6,6,35470,0,0,0,0,0
2020-04-21,US,Wisconsin,Outagamie,35,2,0,44.41578887,-88.46565023,55087.0,33,35,2,0,33,35,187365,0,0,0,0,0
2020-04-21,US,Wisconsin,Ozaukee,80,9,0,43.38352225,-87.94625009,55089.0,71,80,9,0,71,79,89147,0,0,0,0,1
2020-04-21,US,Wisconsin,Pierce,8,0,0,44.71850291,-92.4224416,55093.0,8,7,0,0,7,7,42555,1,0,0,1,0
2020-04-21,US,Wisconsin,Polk,4,0,0,45.46130348,-92.44182875,55095.0,4,4,0,0,4,4,43598,0,0,0,0,0
2020-04-21,US,Wisconsin,Portage,4,0,0,44.47558711,-89.50152965,55097.0,4,4,0,0,4,4,70942,0,0,0,0,0
2020-04-21,US,Wisconsin,Price,1,0,0,45.68051754,-90.36098879999999,55099.0,1,1,0,0,1,1,13397,0,0,0,0,0
2020-04-21,US,Wisconsin,Racine,185,10,0,42.74753117,-88.05941254,55101.0,175,174,10,0,164,168,196584,11,0,0,11,6
2020-04-21,US,Wisconsin,Richland,8,1,0,43.3762778,-90.43012729,55103.0,7,8,1,0,7,8,17377,0,0,0,0,0
2020-04-21,US,Wisconsin,Rock,83,4,0,42.67151616,-89.07147900000002,55105.0,79,80,4,0,76,74,163129,3,0,0,3,6
2020-04-21,US,Wisconsin,Rusk,4,0,0,45.47498854,-91.1333012,55107.0,4,4,0,0,4,4,14147,0,0,0,0,0
2020-04-21,US,Wisconsin,Sauk,34,3,0,43.42574087,-89.94966132,55111.0,31,34,3,0,31,33,64249,0,0,0,0,1
2020-04-21,US,Wisconsin,Sawyer,2,0,0,45.87931905,-91.14504927,55113.0,2,2,0,0,2,2,16489,0,0,0,0,0
2020-04-21,US,Wisconsin,Shawano,6,0,0,44.78902246,-88.76443896,55115.0,6,6,0,0,6,6,40796,0,0,0,0,0
2020-04-21,US,Wisconsin,Sheboygan,43,2,0,43.72099677,-87.94579284,55117.0,41,43,2,0,41,40,115456,0,0,0,0,3
2020-04-21,US,Wisconsin,St. Croix,11,0,0,45.03437474,-92.45000068,55109.0,11,11,0,0,11,11,89694,0,0,0,0,0
2020-04-21,US,Wisconsin,Trempealeau,1,0,0,44.30360275,-91.35893614,55121.0,1,1,0,0,1,1,29442,0,0,0,0,0
2020-04-21,US,Wisconsin,Vilas,4,0,0,46.05467334,-89.51719204,55125.0,4,4,0,0,4,4,21938,0,0,0,0,0
2020-04-21,US,Wisconsin,Walworth,90,7,0,42.66858202,-88.54163073,55127.0,83,86,6,0,80,89,103718,4,1,0,3,-3
2020-04-21,US,Wisconsin,Washburn,1,0,0,45.89838588,-91.79050449,55129.0,1,1,0,0,1,1,15878,0,0,0,0,0
2020-04-21,US,Wisconsin,Washington,87,3,0,43.36863664,-88.22974712,55131.0,84,86,3,0,83,84,135693,1,0,0,1,2
2020-04-21,US,Wisconsin,Waukesha,274,13,0,43.01833055,-88.30431188,55133.0,261,269,11,0,258,265,403072,5,2,0,3,4
2020-04-21,US,Wisconsin,Waupaca,4,1,0,44.47068056,-88.96534501,55135.0,3,4,1,0,3,4,51128,0,0,0,0,0
2020-04-21,US,Wisconsin,Waushara,2,0,0,44.11324419,-89.24317107,55137.0,2,2,0,0,2,2,24263,0,0,0,0,0
2020-04-21,US,Wisconsin,Winnebago,41,1,0,44.06886922,-88.64477096,55139.0,40,41,1,0,40,41,171020,0,0,0,0,0
2020-04-21,US,Wisconsin,Wood,2,0,0,44.45537896,-90.04158336,55141.0,2,2,0,0,2,2,73055,0,0,0,0,0
2020-04-21,US,Wyoming,Albany,6,0,0,41.65498705,-105.72354150000001,56001.0,6,6,0,0,6,6,38601,0,0,0,0,0
2020-04-21,US,Wyoming,Big Horn,3,0,0,44.52405055,-107.9960365,56003.0,3,1,0,0,1,1,11881,2,0,0,2,0
2020-04-21,US,Wyoming,Campbell,18,0,0,44.24886082,-105.54744040000001,56005.0,18,13,0,0,13,13,46140,5,0,0,5,0
2020-04-21,US,Wyoming,Carbon,4,0,0,41.69357844,-106.9326084,56007.0,4,4,0,0,4,4,14971,0,0,0,0,0
2020-04-21,US,Wyoming,Converse,15,0,0,42.97272268,-105.5081848,56009.0,15,9,0,0,9,9,13640,6,0,0,6,0
2020-04-21,US,Wyoming,Crook,5,0,0,44.58855102,-104.56977049999999,56011.0,5,4,0,0,4,4,7450,1,0,0,1,0
2020-04-21,US,Wyoming,Fremont,58,0,0,43.04183996,-108.6296893,56013.0,58,51,0,0,51,49,39531,7,0,0,7,2
2020-04-21,US,Wyoming,Goshen,4,0,0,42.08798185,-104.3534743,56015.0,4,3,0,0,3,3,13376,1,0,0,1,0
2020-04-21,US,Wyoming,Hot Springs,3,0,0,43.71930657,-108.44231740000001,56017.0,3,1,0,0,1,1,4555,2,0,0,2,0
2020-04-21,US,Wyoming,Johnson,15,1,0,44.04057166,-106.58451740000001,56019.0,14,11,1,0,10,11,8460,4,0,0,4,0
2020-04-21,US,Wyoming,Laramie,110,0,0,41.30702520000001,-104.6887497,56021.0,110,73,0,0,73,71,98976,37,0,0,37,2
2020-04-21,US,Wyoming,Lincoln,9,0,0,42.26376367,-110.6563997,56023.0,9,5,0,0,5,5,19434,4,0,0,4,0
2020-04-21,US,Wyoming,Natrona,48,0,0,42.96180148,-106.79788500000001,56025.0,48,38,0,0,38,38,79115,10,0,0,10,0
2020-04-21,US,Wyoming,Niobrara,2,0,0,43.05607708,-104.47588959999999,56027.0,2,1,0,0,1,1,2388,1,0,0,1,0
2020-04-21,US,Wyoming,Park,1,0,0,44.52157546,-109.58528249999999,56029.0,1,1,0,0,1,1,29324,0,0,0,0,0
2020-04-21,US,Wyoming,Sheridan,16,0,0,44.79048913,-106.8862389,56033.0,16,12,0,0,12,12,30233,4,0,0,4,0
2020-04-21,US,Wyoming,Sublette,3,0,0,42.76558279,-109.91309220000001,56035.0,3,1,0,0,1,1,9813,2,0,0,2,0
2020-04-21,US,Wyoming,Sweetwater,16,0,0,41.65943896,-108.8827882,56037.0,16,10,0,0,10,10,43051,6,0,0,6,0
2020-04-21,US,Wyoming,Teton,92,0,0,43.93522482,-110.5890801,56039.0,92,62,0,0,62,62,23081,30,0,0,30,0
2020-04-21,US,Wyoming,Uinta,7,0,0,41.2878183,-110.54757820000002,56041.0,7,6,0,0,6,6,20299,1,0,0,1,0
2020-04-21,US,Wyoming,Unassigned,0,1,0,0.0,0.0,90056.0,-1,0,1,0,-1,0,,0,0,0,0,0
2020-04-21,US,Wyoming,Washakie,8,0,0,43.90451606,-107.68018700000002,56043.0,8,5,0,0,5,5,7885,3,0,0,3,0
