Date,Country/Region,Province/State,Admin2,Confirmed,Deaths,Recovered,Latitude,Longitude,FIPS,Incidence_Rate,Case-Fatality_Ratio,Active Cases,Previous Confirmed,Previous Deaths,Previous Recovered,Previous Active,Prev2 Confirmed,Population,Daily Confirmed,Daily Deaths,Daily Recovered,Daily Active,Previous Daily Confirmed
2020-06-29,US,Alabama,Autauga,521,11,0,32.53952745,-86.64408227,1001.0,932.5386171221968,2.111324376,510,497,11,0,486,492,55601,24,0,0,24,5
2020-06-29,US,Alabama,Baldwin,626,9,0,30.72774991,-87.72207058,1003.0,280.4232330200597,1.437699681,617,559,9,0,550,539,218022,67,0,0,67,20
2020-06-29,US,Alabama,Barbour,319,1,0,31.868263,-85.3871286,1005.0,1292.230413999838,0.3134796238,318,314,1,0,313,314,24881,5,0,0,5,0
2020-06-29,US,Alabama,Bibb,162,1,0,32.99642064,-87.12511459999996,1007.0,723.4080557292133,0.6172839506000001,161,159,1,0,158,158,22400,3,0,0,3,1
2020-06-29,US,Alabama,Blount,196,1,0,33.98210918,-86.56790593,1009.0,338.94787811710995,0.5102040816,195,186,1,0,185,185,57840,10,0,0,10,1
2020-06-29,US,Alabama,Bullock,360,9,0,32.10030533,-85.71265535,1011.0,3564.003564003564,2.5,351,353,10,0,343,354,10138,7,-1,0,8,-1
2020-06-29,US,Alabama,Butler,602,27,0,31.75300095,-86.68057478,1013.0,3095.433977786919,4.485049834,575,599,27,0,572,597,19680,3,0,0,3,2
2020-06-29,US,Alabama,Calhoun,261,5,0,33.77483727,-85.82630386,1015.0,229.74340918093392,1.9157088119999999,256,237,5,0,232,237,114277,24,0,0,24,0
2020-06-29,US,Alabama,Chambers,571,27,0,32.91360079,-85.39072749,1017.0,1717.086666265713,4.72854641,544,547,27,0,520,547,33615,24,0,0,24,0
2020-06-29,US,Alabama,Cherokee,70,7,0,34.17805983,-85.60638968,1019.0,267.2163689112842,10.0,63,67,7,0,60,66,26032,3,0,0,3,1
2020-06-29,US,Alabama,Chilton,203,2,0,32.85044126,-86.7173256,1021.0,456.9190600522193,0.9852216748999999,201,195,2,0,193,193,44153,8,0,0,8,2
2020-06-29,US,Alabama,Choctaw,191,12,0,32.02227341,-88.26564429999998,1023.0,1517.1975534196522,6.2827225129999995,179,188,12,0,176,188,12841,3,0,0,3,0
2020-06-29,US,Alabama,Clarke,261,5,0,31.68099859,-87.83548597,1025.0,1104.9022098044195,1.9157088119999999,256,256,5,0,251,256,23920,5,0,0,5,0
2020-06-29,US,Alabama,Clay,48,2,0,33.26984193,-85.85836077,1027.0,362.67472610502455,4.166666667,46,35,2,0,33,35,13275,13,0,0,13,0
2020-06-29,US,Alabama,Cleburne,30,1,0,33.67679204,-85.52005899,1029.0,201.20724346076457,3.333333333,29,25,1,0,24,25,14987,5,0,0,5,0
2020-06-29,US,Alabama,Coffee,346,1,0,31.39932826,-85.98901039,1031.0,661.0370257154866,0.28901734100000004,345,340,1,0,339,339,51909,6,0,0,6,1
2020-06-29,US,Alabama,Colbert,358,5,0,34.69847452,-87.80168544,1033.0,648.0693687659527,1.396648045,353,347,5,0,342,341,54762,11,0,0,11,6
2020-06-29,US,Alabama,Conecuh,176,4,0,31.43401703,-86.99320044,1035.0,1458.5232452142209,2.272727273,172,163,3,0,160,163,12277,13,1,0,12,0
2020-06-29,US,Alabama,Coosa,55,1,0,32.93690146,-86.24847739,1037.0,515.8023070430461,1.8181818180000002,54,55,1,0,54,55,10715,0,0,0,0,0
2020-06-29,US,Alabama,Covington,302,4,0,31.2477854,-86.45050893,1039.0,815.1367108423981,1.324503311,298,294,4,0,290,293,36986,8,0,0,8,1
2020-06-29,US,Alabama,Crenshaw,122,3,0,31.72941803,-86.31593104,1041.0,885.855358698809,2.459016393,119,121,3,0,118,121,13824,1,0,0,1,0
2020-06-29,US,Alabama,Cullman,393,3,0,34.13020303,-86.86888037,1043.0,469.15289848152037,0.7633587786,390,374,3,0,371,372,83442,19,0,0,19,2
2020-06-29,US,Alabama,Dale,235,0,0,31.43037123,-85.61095742,1045.0,477.91426014805165,0.0,235,233,0,0,233,230,48956,2,0,0,2,3
2020-06-29,US,Alabama,Dallas,781,8,0,32.32688101,-87.10866709999998,1047.0,2099.688138509517,1.024327785,773,747,8,0,739,744,38310,34,0,0,34,3
2020-06-29,US,Alabama,DeKalb,562,5,0,34.45946862,-85.80782906,1049.0,785.8711003593753,0.8896797153,557,539,5,0,534,528,71385,23,0,0,23,11
2020-06-29,US,Alabama,Elmore,796,14,0,32.59785413,-86.14415284,1051.0,980.1869250945093,1.75879397,782,774,13,0,761,771,81887,22,1,0,21,3
2020-06-29,US,Alabama,Escambia,248,6,0,31.1256789,-87.15918694,1053.0,676.9852318947397,2.419354839,242,216,6,0,210,215,36748,32,0,0,32,1
2020-06-29,US,Alabama,Etowah,597,13,0,34.04567266,-86.04051873,1055.0,583.7603160323855,2.177554439,584,551,13,0,538,547,102501,46,0,0,46,4
2020-06-29,US,Alabama,Fayette,66,1,0,33.72076938,-87.73886638,1057.0,404.85829959514166,1.515151515,65,66,1,0,65,65,16433,0,0,0,0,1
2020-06-29,US,Alabama,Franklin,831,11,0,34.44235334,-87.84289505,1059.0,2649.703462789363,1.323706378,820,835,11,0,824,829,31363,-4,0,0,-4,6
2020-06-29,US,Alabama,Geneva,59,0,0,31.09389027,-85.83572839,1061.0,224.58223897072816,0.0,59,60,0,0,60,60,26314,-1,0,0,-1,0
2020-06-29,US,Alabama,Greene,164,7,0,32.85504247,-87.95684022,1063.0,2021.9455061028234,4.268292683,157,164,7,0,157,164,8233,0,0,0,0,0
2020-06-29,US,Alabama,Hale,281,20,0,32.76039258,-87.63284988,1065.0,1917.9578185789367,7.117437722000001,261,275,20,0,255,273,14726,6,0,0,6,2
2020-06-29,US,Alabama,Henry,128,3,0,31.51148016,-85.24267944,1067.0,743.9697762278407,2.34375,125,132,4,0,128,132,17209,-4,-1,0,-3,0
2020-06-29,US,Alabama,Houston,420,4,0,31.15197924,-85.29939599,1069.0,396.6679888932963,0.9523809524,416,425,4,0,421,420,104722,-5,0,0,-5,5
2020-06-29,US,Alabama,Jackson,204,2,0,34.78144169,-85.99750489,1071.0,395.1497307558207,0.9803921568999999,202,196,2,0,194,194,51736,8,0,0,8,2
2020-06-29,US,Alabama,Jefferson,4053,134,0,33.55554728,-86.89506300000002,1073.0,615.4215250245608,3.306192943,3919,3682,133,0,3549,3603,659300,371,1,0,370,79
2020-06-29,US,Alabama,Lamar,70,1,0,33.77995024,-88.09668032,1075.0,507.06265845708083,1.428571429,69,68,1,0,67,64,13844,2,0,0,2,4
2020-06-29,US,Alabama,Lauderdale,392,4,0,34.90171875,-87.65624729,1077.0,422.7372235223069,1.020408163,388,372,4,0,368,363,92387,20,0,0,20,9
2020-06-29,US,Alabama,Lawrence,97,0,0,34.52041498,-87.31069453,1079.0,294.61790790912397,0.0,97,94,0,0,94,90,32957,3,0,0,3,4
2020-06-29,US,Alabama,Lee,1135,37,0,32.60154883,-85.35132246,1081.0,689.793487377083,3.2599118939999996,1098,1064,36,0,1028,1044,163941,71,1,0,70,20
2020-06-29,US,Alabama,Limestone,394,0,0,34.81185586,-86.98310072,1083.0,398.3217914370924,0.0,394,359,0,0,359,351,96174,35,0,0,35,8
2020-06-29,US,Alabama,Lowndes,456,18,0,32.1597283,-86.65158371,1085.0,4688.463911165947,3.947368421,438,437,17,0,420,436,9974,19,1,0,18,1
2020-06-29,US,Alabama,Macon,165,8,0,32.38759944,-85.69267724,1087.0,913.216736772194,4.848484848,157,161,7,0,154,160,18439,4,1,0,3,1
2020-06-29,US,Alabama,Madison,996,6,0,34.76327133,-86.55069633,1089.0,267.089289880373,0.6024096386,990,905,6,0,899,896,366519,91,0,0,91,9
2020-06-29,US,Alabama,Marengo,273,11,0,32.24767634,-87.78796182,1091.0,1447.277739490007,4.0293040289999995,262,266,11,0,255,264,19066,7,0,0,7,2
2020-06-29,US,Alabama,Marion,197,12,0,34.13697363,-87.88704173,1093.0,663.098724292302,6.0913705579999995,185,189,12,0,177,188,29763,8,0,0,8,1
2020-06-29,US,Alabama,Marshall,1453,9,0,34.36975964,-86.30486727,1095.0,1501.4363362060058,0.6194081211,1444,1408,9,0,1399,1389,96109,45,0,0,45,19
2020-06-29,US,Alabama,Mobile,3537,133,0,30.78472347,-88.20842409,1097.0,855.9812202028024,3.760248798,3404,3418,133,0,3285,3362,413757,119,0,0,119,56
2020-06-29,US,Alabama,Monroe,189,2,0,31.56729412,-87.36995001,1099.0,911.5902184922587,1.0582010579999999,187,188,2,0,186,187,21067,1,0,0,1,1
2020-06-29,US,Alabama,Montgomery,3727,93,0,32.2206831,-86.20969272,1101.0,1645.5763270135903,2.495304534,3634,3582,92,0,3490,3576,225763,145,1,0,144,6
2020-06-29,US,Alabama,Morgan,939,3,0,34.45500589,-86.85475946,1103.0,784.5988017948011,0.3194888179,936,916,3,0,913,907,119089,23,0,0,23,9
2020-06-29,US,Alabama,Perry,132,0,0,32.64048341,-87.29770589,1105.0,1479.3230976129105,0.0,132,117,0,0,117,110,9140,15,0,0,15,7
2020-06-29,US,Alabama,Pickens,198,6,0,33.28094866,-88.08818103,1107.0,993.4771700953336,3.03030303,192,192,6,0,186,190,19938,6,0,0,6,2
2020-06-29,US,Alabama,Pike,395,5,0,31.80396383,-85.9408295,1109.0,1192.8489460651085,1.265822785,390,389,5,0,384,388,33338,6,0,0,6,1
2020-06-29,US,Alabama,Randolph,163,9,0,33.29526734,-85.45708831,1111.0,717.3664290115307,5.521472393,154,154,9,0,145,154,22725,9,0,0,9,0
2020-06-29,US,Alabama,Russell,452,0,0,32.28725256,-85.18415324,1113.0,779.8347164472663,0.0,452,422,0,0,422,415,57781,30,0,0,30,7
2020-06-29,US,Alabama,Shelby,1018,23,0,33.26879845,-86.66232561,1117.0,467.61168937354734,2.259332024,995,951,23,0,928,942,215707,67,0,0,67,9
2020-06-29,US,Alabama,St. Clair,277,2,0,33.71902176,-86.31029372,1115.0,309.455715434802,0.7220216606000001,275,249,2,0,247,247,88690,28,0,0,28,2
2020-06-29,US,Alabama,Sumter,274,12,0,32.59117397,-88.19916205,1119.0,2204.87647863523,4.379562044,262,274,12,0,262,274,12691,0,0,0,0,0
2020-06-29,US,Alabama,Talladega,245,5,0,33.37823223,-86.16886178,1121.0,306.33424191652705,2.040816327,240,223,5,0,218,220,79828,22,0,0,22,3
2020-06-29,US,Alabama,Tallapoosa,556,69,0,32.86698258,-85.79833053,1123.0,1377.3626972527065,12.41007194,487,543,69,0,474,539,40497,13,0,0,13,4
2020-06-29,US,Alabama,Tuscaloosa,1925,36,0,33.28726072,-87.52556818,1125.0,919.4908170332687,1.87012987,1889,1845,36,0,1809,1839,208911,80,0,0,80,6
2020-06-29,US,Alabama,Unassigned,493,24,0,0.0,0.0,90001.0,0.0,4.868154158,469,477,21,0,456,478,,16,3,0,13,-1
2020-06-29,US,Alabama,Walker,827,15,0,33.80270512,-87.30027177,1127.0,1301.9316446529494,1.813784764,812,786,13,0,773,780,63711,41,2,0,39,6
2020-06-29,US,Alabama,Washington,98,6,0,31.4092794,-88.20689944,1129.0,600.2695087590347,6.12244898,92,98,6,0,92,98,16378,0,0,0,0,0
2020-06-29,US,Alabama,Wilcox,278,8,0,31.98773215,-87.30891118,1131.0,2680.0347054853946,2.877697842,270,270,8,0,262,271,10627,8,0,0,8,-1
2020-06-29,US,Alabama,Winston,226,3,0,34.15030532,-87.37325922,1133.0,956.4518176816624,1.3274336279999999,223,218,3,0,215,216,23660,8,0,0,8,2
2020-06-29,US,Alaska,Anchorage,418,6,0,61.14998174,-149.14269860000005,2020.0,145.13888888888889,1.435406699,412,411,6,0,405,396,291538,7,0,0,7,15
2020-06-29,US,Alaska,Bethel,9,0,0,60.90980451,-159.8561831,2050.0,48.950288262808655,0.0,9,9,0,0,9,9,18216,0,0,0,0,0
2020-06-29,US,Alaska,Fairbanks North Star,139,2,0,64.80726247,-146.5692662,2090.0,143.52239052545715,1.438848921,137,137,2,0,135,134,98971,2,0,0,2,3
2020-06-29,US,Alaska,Haines,2,0,0,59.09893571,-135.4679843,2100.0,79.05138339920948,0.0,2,2,0,0,2,2,2474,0,0,0,0,0
2020-06-29,US,Alaska,Juneau,44,2,0,58.45031811,-134.200436,2110.0,137.61180959529617,4.545454545,42,44,2,0,42,43,32113,0,0,0,0,1
2020-06-29,US,Alaska,Kenai Peninsula,141,2,0,60.24429722,-151.53888840000005,2122.0,240.17169721332692,1.418439716,139,133,2,0,131,130,58533,8,0,0,8,3
2020-06-29,US,Alaska,Ketchikan Gateway,21,0,0,55.57445008,-130.975561,2130.0,151.06826846989426,0.0,21,21,0,0,21,21,13918,0,0,0,0,0
2020-06-29,US,Alaska,Kodiak Island,3,0,0,57.65529415,-153.7493579,2150.0,23.08047391906447,0.0,3,3,0,0,3,3,13345,0,0,0,0,0
2020-06-29,US,Alaska,Matanuska-Susitna,78,1,0,62.31305045,-149.5741743,2170.0,72.01085702152018,1.282051282,77,75,1,0,74,71,107610,3,0,0,3,4
2020-06-29,US,Alaska,Nome,7,0,0,64.90320724,-164.0353804,2180.0,69.97201119552179,0.0,7,6,0,0,6,6,10008,1,0,0,1,0
2020-06-29,US,Alaska,North Slope,4,0,0,69.31479216,-153.4836093,2185.0,40.68348250610252,0.0,4,4,0,0,4,4,9872,0,0,0,0,0
2020-06-29,US,Alaska,Northwest Arctic,4,0,0,67.04919196,-159.7503946,2188.0,52.48655032148013,0.0,4,4,0,0,4,4,7671,0,0,0,0,0
2020-06-29,US,Alaska,Petersburg,4,1,0,57.13978948,-132.9540995,2195.0,122.47397428046541,25.0,3,4,1,0,3,4,3221,0,0,0,0,0
2020-06-29,US,Alaska,Prince of Wales-Hyder,2,0,0,55.76261984,-133.0511621,2198.0,32.24246332419797,0.0,2,2,0,0,2,2,6422,0,0,0,0,0
2020-06-29,US,Alaska,Sitka,12,0,0,57.24124555,-135.3206587,2220.0,141.2928293889085,0.0,12,12,0,0,12,12,8647,0,0,0,0,0
2020-06-29,US,Alaska,Southeast Fairbanks,5,0,0,63.87692095,-143.2127643,2240.0,72.53735673872046,0.0,5,5,0,0,5,3,6918,0,0,0,0,2
2020-06-29,US,Alaska,Valdez-Cordova,2,0,0,61.47502768,-144.7126799,2261.0,21.734405564007826,0.0,2,2,0,0,2,1,9164,0,0,0,0,1
2020-06-29,US,Alaska,Wrangell,3,0,0,56.3202004,-132.05837309999998,2275.0,119.90407673860909,0.0,3,3,0,0,3,3,2503,0,0,0,0,0
2020-06-29,US,Alaska,Yukon-Koyukuk,3,0,0,65.50815459,-151.3907387,2290.0,57.361376673040155,0.0,3,3,0,0,3,3,5327,0,0,0,0,0
2020-06-29,US,Arizona,Apache,2309,85,0,35.39465006,-109.4892383,4001.0,3211.985477207284,3.681247293,2224,2303,85,0,2218,2250,71818,6,0,0,6,53
2020-06-29,US,Arizona,Cochise,580,6,0,31.87934684,-109.7516088,4003.0,460.6025952573816,1.034482759,574,561,6,0,555,538,126770,19,0,0,19,23
2020-06-29,US,Arizona,Coconino,1850,92,0,35.83883429,-111.7707178,4005.0,1289.4142574367838,4.972972973,1758,1819,92,0,1727,1735,142854,31,0,0,31,84
2020-06-29,US,Arizona,Gila,271,5,0,33.80190085,-110.8132779,4007.0,501.68462364397055,1.84501845,266,268,5,0,263,249,53889,3,0,0,3,19
2020-06-29,US,Arizona,Graham,92,1,0,32.93166885,-109.8882178,4009.0,236.88750418415432,1.086956522,91,85,1,0,84,82,38072,7,0,0,7,3
2020-06-29,US,Arizona,Greenlee,18,1,0,33.21498827,-109.2405279,4011.0,189.5135818066961,5.555555556,17,18,1,0,17,18,9483,0,0,0,0,0
2020-06-29,US,Arizona,La Paz,332,5,0,33.72854224,-113.9810029,4012.0,1572.8633693386396,1.506024096,327,328,5,0,323,315,21098,4,0,0,4,13
2020-06-29,US,Arizona,Maricopa,45178,746,0,33.34835867,-112.4918154,4013.0,1007.2202922628767,1.651246182,44432,44962,746,0,44216,42374,4410824,216,0,0,216,2588
2020-06-29,US,Arizona,Mohave,1028,85,0,35.70471703,-113.7577902,4015.0,484.49201389379823,8.26848249,943,1004,85,0,919,962,209550,24,0,0,24,42
2020-06-29,US,Arizona,Navajo,3570,124,0,35.3997715,-110.3218983,4017.0,3218.4198189751532,3.473389356,3446,3537,124,0,3413,3397,110445,33,0,0,33,140
2020-06-29,US,Arizona,Pima,7568,268,0,32.0971334,-111.7890033,4019.0,722.6345606089686,3.541226216,7300,7525,268,0,7257,7086,1039073,43,0,0,43,439
2020-06-29,US,Arizona,Pinal,3382,63,0,32.90525627,-111.3449483,4021.0,730.7866003729563,1.862803075,3319,3350,63,0,3287,3154,447138,32,0,0,32,196
2020-06-29,US,Arizona,Santa Cruz,1717,18,0,31.52508998,-110.8479088,4023.0,3692.6319411587597,1.048340128,1699,1698,18,0,1680,1654,46511,19,0,0,19,44
2020-06-29,US,Arizona,Unassigned,0,1,0,0.0,0.0,90004.0,0.0,0.0,-1,1,1,0,0,2,,-1,0,0,-1,-1
2020-06-29,US,Arizona,Yavapai,755,8,0,34.59933926,-112.5538588,4025.0,321.14130642835573,1.0596026490000001,747,668,8,0,660,628,231993,87,0,0,87,40
2020-06-29,US,Arizona,Yuma,5895,90,0,32.76895712,-113.90666740000002,4027.0,2757.417429497584,1.5267175569999998,5805,5793,86,0,5707,5680,212128,102,4,0,98,113
2020-06-29,US,Arkansas,Arkansas,28,0,0,34.29145151,-91.37277296,5001.0,160.1281024819856,0.0,28,26,0,0,26,26,17769,2,0,0,2,0
2020-06-29,US,Arkansas,Ashley,70,1,0,33.19153461,-91.7698471,5003.0,356.1072391514473,1.428571429,69,68,1,0,67,68,20046,2,0,0,2,0
2020-06-29,US,Arkansas,Baxter,20,0,0,36.28784385,-92.33782872,5005.0,47.696270151674135,0.0,20,20,0,0,20,18,41619,0,0,0,0,2
2020-06-29,US,Arkansas,Benton,2679,18,0,36.33644656,-94.25680817,5007.0,959.7300289101207,0.6718924972,2661,2623,18,0,2605,2573,272608,56,0,0,56,50
2020-06-29,US,Arkansas,Boone,22,1,0,36.3084504,-93.09374925,5009.0,58.773242145757635,4.545454545,21,22,1,0,21,22,37480,0,0,0,0,0
2020-06-29,US,Arkansas,Bradley,51,2,0,33.46755808,-92.15980837,5011.0,473.8455820867788,3.921568627,49,42,2,0,40,42,10897,9,0,0,9,0
2020-06-29,US,Arkansas,Carroll,169,5,0,36.34038560000001,-93.54270261,5015.0,595.4897815362932,2.958579882,164,166,5,0,161,161,28223,3,0,0,3,5
2020-06-29,US,Arkansas,Chicot,129,3,0,33.26458973,-91.29539209,5017.0,1274.955524807274,2.325581395,126,120,3,0,117,120,10438,9,0,0,9,0
2020-06-29,US,Arkansas,Clark,56,0,0,34.04613432,-93.17484713,5019.0,250.89605734767025,0.0,56,56,0,0,56,55,22061,0,0,0,0,1
2020-06-29,US,Arkansas,Clay,54,3,0,36.36826212,-90.4148172,5021.0,371.10851487870247,5.555555556,51,54,3,0,51,52,14847,0,0,0,0,2
2020-06-29,US,Arkansas,Cleburne,85,4,0,35.53864922,-92.02640019,5023.0,341.1051807857458,4.705882353,81,84,4,0,80,83,24965,1,0,0,1,1
2020-06-29,US,Arkansas,Cleveland,25,0,0,33.89723187,-92.18537045,5025.0,314.228255404726,0.0,25,25,0,0,25,25,8018,0,0,0,0,0
2020-06-29,US,Arkansas,Columbia,84,3,0,33.21230701,-93.22642793,5027.0,358.10205908683974,3.571428571,81,84,3,0,81,74,23537,0,0,0,0,10
2020-06-29,US,Arkansas,Conway,48,3,0,35.26205537,-92.70506566,5029.0,230.26000191883327,6.25,45,47,3,0,44,44,20891,1,0,0,1,3
2020-06-29,US,Arkansas,Craighead,447,6,0,35.83018283,-90.63235729,5031.0,405.1408476235362,1.342281879,441,442,6,0,436,436,108558,5,0,0,5,6
2020-06-29,US,Arkansas,Crawford,155,0,0,35.58928601,-94.2446814,5033.0,245.0321703526883,0.0,155,148,0,0,148,135,63406,7,0,0,7,13
2020-06-29,US,Arkansas,Crittenden,737,11,0,35.21247318,-90.30839406,5035.0,1536.857470545303,1.4925373130000001,726,731,11,0,720,696,48342,6,0,0,6,35
2020-06-29,US,Arkansas,Cross,85,1,0,35.29631396,-90.77185818,5037.0,517.6929167427978,1.176470588,84,85,1,0,84,85,16676,0,0,0,0,0
2020-06-29,US,Arkansas,Dallas,10,0,0,33.97042763,-92.65167437,5039.0,142.673705236125,0.0,10,9,0,0,9,7,7182,1,0,0,1,2
2020-06-29,US,Arkansas,Desha,45,0,0,33.83011025,-91.25500948,5041.0,396.09189331925,0.0,45,44,0,0,44,42,11512,1,0,0,1,2
2020-06-29,US,Arkansas,Drew,64,1,0,33.59035001,-91.71777921,5043.0,351.2816290685548,1.5625,63,63,1,0,62,53,18328,1,0,0,1,10
2020-06-29,US,Arkansas,Faulkner,453,3,0,35.14719007,-92.33717519,5045.0,359.5038370884157,0.6622516556,450,437,3,0,434,409,124806,16,0,0,16,28
2020-06-29,US,Arkansas,Franklin,18,0,0,35.51202821,-93.89299569,5047.0,101.60880609652835,0.0,18,17,0,0,17,16,17810,1,0,0,1,1
2020-06-29,US,Arkansas,Fulton,12,0,0,36.38177105,-91.81729127,5049.0,96.17696561673479,0.0,12,12,0,0,12,12,12269,0,0,0,0,0
2020-06-29,US,Arkansas,Garland,240,1,0,34.57692074,-93.14921604,5051.0,241.48270380134025,0.4166666667,239,237,1,0,236,214,99154,3,0,0,3,23
2020-06-29,US,Arkansas,Grant,40,0,0,34.29017991,-92.42320562,5053.0,218.99808376676705,0.0,40,34,0,0,34,34,18188,6,0,0,6,0
2020-06-29,US,Arkansas,Greene,114,0,0,36.11735460000001,-90.55832668,5055.0,251.5168229453944,0.0,114,114,0,0,114,112,45325,0,0,0,0,2
2020-06-29,US,Arkansas,Hempstead,50,1,0,33.73325583,-93.66935133,5057.0,232.2125208991269,2.0,49,48,1,0,47,47,21741,2,0,0,2,1
2020-06-29,US,Arkansas,Hot Spring,428,0,0,34.31709259,-92.95396325,5059.0,1267.3595688608568,0.0,428,423,0,0,423,420,33701,5,0,0,5,3
2020-06-29,US,Arkansas,Howard,86,1,0,34.09007427,-93.9934871,5061.0,651.4164520527193,1.162790698,85,82,1,0,81,76,13341,4,0,0,4,6
2020-06-29,US,Arkansas,Independence,55,0,0,35.74242707,-91.57001641,5063.0,145.40647719762063,0.0,55,54,0,0,54,51,37678,1,0,0,1,3
2020-06-29,US,Arkansas,Izard,20,1,0,36.09604046,-91.90847954,5065.0,146.74590945777388,5.0,19,20,1,0,19,20,13593,0,0,0,0,0
2020-06-29,US,Arkansas,Jackson,27,0,0,35.59802983,-91.21494602,5067.0,161.4929122555177,0.0,27,27,0,0,27,26,16811,0,0,0,0,1
2020-06-29,US,Arkansas,Jefferson,693,28,0,34.26767081,-91.92619839,5069.0,1037.0525559679156,4.04040404,665,683,28,0,655,680,68114,10,0,0,10,3
2020-06-29,US,Arkansas,Johnson,211,0,0,35.56759135,-93.46036368,5071.0,793.8896831966288,0.0,211,210,0,0,210,207,26742,1,0,0,1,3
2020-06-29,US,Arkansas,Lafayette,16,1,0,33.24116713,-93.60677071,5073.0,241.54589371980686,6.25,15,16,1,0,15,15,6682,0,0,0,0,1
2020-06-29,US,Arkansas,Lawrence,99,9,0,36.04188196,-91.10867198,5075.0,603.4377666707303,9.090909091,90,99,9,0,90,99,16434,0,0,0,0,0
2020-06-29,US,Arkansas,Lee,641,2,0,34.78498904,-90.78383866,5077.0,7237.213503443603,0.3120124805,639,628,2,0,626,626,8985,13,0,0,13,2
2020-06-29,US,Arkansas,Lincoln,1038,11,0,33.95317155,-91.74002806,5079.0,7969.90171990172,1.05973025,1027,1037,11,0,1026,1036,13383,1,0,0,1,1
2020-06-29,US,Arkansas,Little River,38,0,0,33.70375665,-94.23468591,5081.0,309.9763439105963,0.0,38,38,0,0,38,38,12326,0,0,0,0,0
2020-06-29,US,Arkansas,Logan,45,0,0,35.21413234,-93.71951016,5083.0,209.6338395602348,0.0,45,46,0,0,46,46,21737,-1,0,0,-1,0
2020-06-29,US,Arkansas,Lonoke,134,1,0,34.75392199,-91.88742357,5085.0,182.78792508423248,0.7462686567,133,132,1,0,131,127,73657,2,0,0,2,5
2020-06-29,US,Arkansas,Madison,190,0,0,36.01038185,-93.72524943,5087.0,1146.2355212355212,0.0,190,188,0,0,188,175,16481,2,0,0,2,13
2020-06-29,US,Arkansas,Marion,4,0,0,36.26844485,-92.68451899,5089.0,23.960704444710675,0.0,4,4,0,0,4,4,16722,0,0,0,0,0
2020-06-29,US,Arkansas,Miller,114,2,0,33.31403423,-93.89285258,5091.0,263.541160968167,1.754385965,112,111,2,0,109,107,43592,3,0,0,3,4
2020-06-29,US,Arkansas,Mississippi,161,3,0,35.76271485,-90.05194370000002,5093.0,396.05421760842285,1.863354037,158,157,3,0,154,149,41239,4,0,0,4,8
2020-06-29,US,Arkansas,Monroe,12,0,0,34.6815935,-91.20540287,5095.0,179.0777495896135,0.0,12,12,0,0,12,12,6900,0,0,0,0,0
2020-06-29,US,Arkansas,Montgomery,4,0,0,34.53704874,-93.65824478,5097.0,44.513687959047395,0.0,4,4,0,0,4,4,8924,0,0,0,0,0
2020-06-29,US,Arkansas,Nevada,101,2,0,33.66340119,-93.30632432,5099.0,1223.9457101308776,1.98019802,99,101,2,0,99,101,8326,0,0,0,0,0
2020-06-29,US,Arkansas,Newton,5,0,0,35.91947491,-93.21612969,5101.0,64.49116471043467,0.0,5,5,0,0,5,5,7805,0,0,0,0,0
2020-06-29,US,Arkansas,Ouachita,20,0,0,33.58839816,-92.87795984,5103.0,85.53588230262595,0.0,20,21,0,0,21,19,23606,-1,0,0,-1,2
2020-06-29,US,Arkansas,Perry,29,0,0,34.9459153,-92.94372564,5105.0,277.3792443806791,0.0,29,29,0,0,29,27,10352,0,0,0,0,2
2020-06-29,US,Arkansas,Phillips,140,3,0,34.43268455,-90.84800154,5107.0,787.3130131593747,2.142857143,137,132,3,0,129,127,18029,8,0,0,8,5
2020-06-29,US,Arkansas,Pike,8,0,0,34.16250414,-93.65789349,5109.0,74.64079119238664,0.0,8,8,0,0,8,8,10673,0,0,0,0,0
2020-06-29,US,Arkansas,Poinsett,57,3,0,35.57433534,-90.66268713,5111.0,242.26453587215232,5.263157895,54,57,3,0,54,56,23974,0,0,0,0,1
2020-06-29,US,Arkansas,Polk,74,0,0,34.48254879,-94.22728802,5113.0,370.6672009617311,0.0,74,72,0,0,72,70,20049,2,0,0,2,2
2020-06-29,US,Arkansas,Pope,416,3,0,35.44871474,-93.03212219,5115.0,649.2695717318018,0.7211538462,413,414,3,0,411,402,64000,2,0,0,2,12
2020-06-29,US,Arkansas,Prairie,20,0,0,34.83624419,-91.55162157,5117.0,248.07740014884644,0.0,20,20,0,0,20,20,8074,0,0,0,0,0
2020-06-29,US,Arkansas,Pulaski,1916,57,0,34.77054088,-92.31355101,5119.0,488.8865073958119,2.974947808,1859,1862,56,0,1806,1810,392680,54,1,0,53,52
2020-06-29,US,Arkansas,Randolph,47,1,0,36.3415714,-91.02455531,5121.0,261.72179530014483,2.127659574,46,46,1,0,45,46,17948,1,0,0,1,0
2020-06-29,US,Arkansas,Saline,261,2,0,34.64916145,-92.67583224,5125.0,213.1708552153352,0.7662835249,259,250,2,0,248,246,121421,11,0,0,11,4
2020-06-29,US,Arkansas,Scott,11,0,0,34.85588887,-94.0632176,5127.0,106.9934831242097,0.0,11,10,0,0,10,10,10319,1,0,0,1,0
2020-06-29,US,Arkansas,Searcy,7,0,0,35.9109364,-92.69936482,5129.0,88.82121558177894,0.0,7,7,0,0,7,7,7958,0,0,0,0,0
2020-06-29,US,Arkansas,Sebastian,457,5,0,35.19605503,-94.27162713,5131.0,357.5144531280559,1.0940919040000001,452,435,5,0,430,378,127753,22,0,0,22,57
2020-06-29,US,Arkansas,Sevier,693,7,0,33.99780401,-94.2424869,5133.0,4074.7927324043044,1.01010101,686,661,7,0,654,652,17139,32,0,0,32,9
2020-06-29,US,Arkansas,Sharp,53,4,0,36.16258158,-91.47819342,5135.0,303.8642357527806,7.547169811,49,53,4,0,49,53,17366,0,0,0,0,0
2020-06-29,US,Arkansas,St. Francis,811,3,0,35.02201976,-90.74828138,5123.0,3244.778746899256,0.3699136868,808,810,3,0,807,809,25439,1,0,0,1,1
2020-06-29,US,Arkansas,Stone,14,0,0,35.86251946,-92.15684085,5137.0,111.94626579241964,0.0,14,13,0,0,13,13,12457,1,0,0,1,0
2020-06-29,US,Arkansas,Unassigned,731,0,0,0.0,0.0,90005.0,0.0,0.0,731,712,0,0,712,733,,19,0,0,19,-21
2020-06-29,US,Arkansas,Union,247,13,0,33.16887091,-92.59746952,5139.0,638.5398893542216,5.263157895,234,245,13,0,232,245,39126,2,0,0,2,0
2020-06-29,US,Arkansas,Van Buren,34,2,0,35.58095779,-92.51295036,5141.0,205.50015110305233,5.882352941000001,32,34,2,0,32,34,16603,0,0,0,0,0
2020-06-29,US,Arkansas,Washington,3417,30,0,35.976844,-94.21800746,5143.0,1428.5893464109672,0.8779631255,3387,3320,30,0,3290,3238,236961,97,0,0,97,82
2020-06-29,US,Arkansas,White,85,1,0,35.25688493,-91.74908296,5145.0,107.93239622617551,1.176470588,84,84,1,0,83,82,78727,1,0,0,1,2
2020-06-29,US,Arkansas,Woodruff,6,0,0,35.18902527,-91.2439489,5147.0,94.93670886075951,0.0,6,6,0,0,6,6,6490,0,0,0,0,0
2020-06-29,US,Arkansas,Yell,591,3,0,35.00292371,-93.41171338,5149.0,2769.3172766037205,0.5076142132,588,582,3,0,579,534,21535,9,0,0,9,48
2020-06-29,US,California,Alameda,5762,133,0,37.64629437,-121.8929271,6001.0,344.7555807384423,2.30822631,5629,5670,133,0,5537,5493,1666753,92,0,0,92,177
2020-06-29,US,California,Alpine,2,0,0,38.59678594,-119.8223594,6003.0,177.14791851195747,0.0,2,2,0,0,2,2,1101,0,0,0,0,0
2020-06-29,US,California,Amador,22,0,0,38.44583082,-120.65696,6005.0,55.34312738981686,0.0,22,21,0,0,21,20,39383,1,0,0,1,1
2020-06-29,US,California,Butte,168,2,0,39.66727762,-121.6005252,6007.0,76.64723111877585,1.19047619,166,143,2,0,141,143,231256,25,0,0,25,0
2020-06-29,US,California,Calaveras,32,0,0,38.20537103,-120.552913,6009.0,69.70918200631739,0.0,32,32,0,0,32,32,45602,0,0,0,0,0
2020-06-29,US,California,Colusa,35,0,0,39.17881957,-122.2331726,6011.0,162.43560588480997,0.0,35,17,0,0,17,17,21627,18,0,0,18,0
2020-06-29,US,California,Contra Costa,2971,76,0,37.91923498,-121.9289527,6013.0,257.55813046259897,2.558061259,2895,2802,74,0,2728,2688,1150215,169,2,0,167,114
2020-06-29,US,California,Del Norte,50,1,0,41.74228275,-123.8974063,6015.0,179.77851287214153,2.0,49,50,1,0,49,50,27828,0,0,0,0,0
2020-06-29,US,California,El Dorado,178,0,0,38.77965956,-120.5233166,6017.0,92.3030651877434,0.0,178,158,0,0,158,158,190678,20,0,0,20,0
2020-06-29,US,California,Fresno,4811,72,0,36.75733899,-119.6466953,6019.0,481.5328980753697,1.49657036,4739,4474,72,0,4402,4474,994400,337,0,0,337,0
2020-06-29,US,California,Glenn,103,0,0,39.59875897,-122.3938452,6021.0,362.7654703624133,0.0,103,87,0,0,87,87,28047,16,0,0,16,0
2020-06-29,US,California,Humboldt,133,4,0,40.69923009,-123.876044,6023.0,98.11298484781422,3.007518797,129,129,4,0,125,129,136373,4,0,0,4,0
2020-06-29,US,California,Imperial,6187,81,0,33.0393082,-115.3669042,6025.0,3414.1765306404,1.309196703,6106,6041,81,0,5960,6041,181827,146,0,0,146,0
2020-06-29,US,California,Inyo,31,1,0,36.51112084,-117.41119779999998,6027.0,171.84988081379234,3.225806452,30,30,1,0,29,27,17987,1,0,0,1,3
2020-06-29,US,California,Kern,4548,68,0,35.34329425,-118.7277796,6029.0,505.2199395246844,1.4951627090000001,4480,4478,67,0,4411,4340,896764,70,1,0,69,138
2020-06-29,US,California,Kings,2394,28,0,36.07409056,-119.8159973,6031.0,1565.319733228717,1.169590643,2366,2318,22,0,2296,2318,151366,76,6,0,70,0
2020-06-29,US,California,Lake,56,0,0,39.10124298,-122.7536244,6033.0,86.97542944118288,0.0,56,51,0,0,51,45,64382,5,0,0,5,6
2020-06-29,US,California,Lassen,229,0,0,40.67311306,-120.59350990000002,6035.0,749.0269191770517,0.0,229,220,0,0,220,220,30802,9,0,0,9,0
2020-06-29,US,California,Los Angeles,100958,3331,0,34.30828379,-118.2282411,6037.0,1005.6472154346001,3.2993918260000004,97627,97918,3305,0,94613,95385,10105518,3040,26,0,3014,2533
2020-06-29,US,California,Madera,488,5,0,37.21513971,-119.76655890000002,6039.0,310.1819776643552,1.0245901640000001,483,415,5,0,410,415,157672,73,0,0,73,0
2020-06-29,US,California,Marin,2210,18,0,38.07122463,-122.7210631,6041.0,853.855485924907,0.814479638,2192,1936,18,0,1918,1746,259666,274,0,0,274,190
2020-06-29,US,California,Mariposa,25,1,0,37.57978556,-119.9073334,6043.0,145.32349008893797,4.0,24,23,1,0,22,23,17471,2,0,0,2,0
2020-06-29,US,California,Mendocino,76,0,0,39.4381191,-123.3911313,6045.0,87.60907906719385,0.0,76,76,0,0,76,76,87606,0,0,0,0,0
2020-06-29,US,California,Merced,824,11,0,37.18922369,-120.7209035,6047.0,296.74445404782483,1.334951456,813,824,11,0,813,824,274765,0,0,0,0,0
2020-06-29,US,California,Mono,41,1,0,37.93899289,-118.8872409,6051.0,283.85488784270285,2.43902439,40,40,1,0,39,40,14250,1,0,0,1,0
2020-06-29,US,California,Monterey,1605,14,0,36.21862405,-121.2413397,6053.0,369.7636968075915,0.8722741433,1591,1548,13,0,1535,1444,435594,57,1,0,56,104
2020-06-29,US,California,Napa,310,4,0,38.50735751,-122.332839,6055.0,225.0551748170519,1.2903225809999999,306,270,4,0,266,270,139417,40,0,0,40,0
2020-06-29,US,California,Nevada,113,1,0,39.30394768,-120.7627281,6057.0,113.27752994837351,0.8849557522,112,108,1,0,107,108,99696,5,0,0,5,0
2020-06-29,US,California,Orange,13064,330,0,33.70147516,-117.76459979999998,6059.0,411.37490663452246,2.52602572,12734,12608,326,0,12282,12462,3185968,456,4,0,452,146
2020-06-29,US,California,Placer,643,11,0,39.06167234,-120.7240569,6061.0,161.42435022305682,1.710730949,632,627,11,0,616,611,393149,16,0,0,16,16
2020-06-29,US,California,Plumas,8,0,0,40.00355989,-120.8395236,6063.0,42.53735311320253,0.0,8,7,0,0,7,7,18804,1,0,0,1,0
2020-06-29,US,California,Riverside,16634,440,0,33.74314981,-115.9933578,6065.0,673.2924624759062,2.645184562,16194,15643,438,0,15205,15643,2450758,991,2,0,989,0
2020-06-29,US,California,Sacramento,3004,68,0,38.45106826,-121.3425374,6067.0,193.54946786782452,2.263648469,2936,2776,66,0,2710,2666,1540975,228,2,0,226,110
2020-06-29,US,California,San Benito,213,2,0,36.60308176,-121.069975,6069.0,339.12877340466184,0.9389671362,211,205,2,0,203,205,61537,8,0,0,8,0
2020-06-29,US,California,San Bernardino,11797,249,0,34.84060306,-116.1774685,6071.0,541.1256900533696,2.110706112,11548,11501,249,0,11252,11290,2171603,296,0,0,296,211
2020-06-29,US,California,San Diego,13832,361,0,33.03484597,-116.7365326,6073.0,414.3389059799362,2.60989011,13471,13334,361,0,12973,12837,3343364,498,0,0,498,497
2020-06-29,US,California,San Francisco,3561,50,0,37.75215114,-122.4385672,6075.0,403.9480505337763,1.4040999719999998,3511,3512,50,0,3462,3468,883305,49,0,0,49,44
2020-06-29,US,California,San Joaquin,3291,52,0,37.93433732,-121.2730061,6077.0,431.80589596771233,1.580066849,3239,3093,52,0,3041,3093,752660,198,0,0,198,0
2020-06-29,US,California,San Luis Obispo,567,1,0,35.38822029,-120.4039028,6079.0,200.2748038755117,0.176366843,566,508,1,0,507,508,284010,59,0,0,59,0
2020-06-29,US,California,San Mateo,3141,106,0,37.4228808,-122.32755459999998,6081.0,409.74571241095117,3.3747214260000002,3035,3083,106,0,2977,3083,769545,58,0,0,58,0
2020-06-29,US,California,Santa Barbara,2896,29,0,34.65329488,-120.0188492,6083.0,648.6016765994998,1.001381215,2867,2712,28,0,2684,2712,446527,184,1,0,183,0
2020-06-29,US,California,Santa Clara,4265,156,0,37.23104908,-121.6970462,6085.0,221.23067538379502,3.6576787810000004,4109,4162,155,0,4007,3984,1937570,103,1,0,102,178
2020-06-29,US,California,Santa Cruz,349,3,0,37.05580291,-122.0066524,6087.0,127.73916321697723,0.8595988539,346,349,3,0,346,349,274255,0,0,0,0,0
2020-06-29,US,California,Shasta,112,4,0,40.76391419,-122.0396884,6089.0,62.194580186583735,3.571428571,108,105,4,0,101,101,180040,7,0,0,7,4
2020-06-29,US,California,Sierra,1,0,0,39.57713498,-120.52007009999998,6091.0,33.277870216306155,0.0,1,1,0,0,1,1,2987,0,0,0,0,0
2020-06-29,US,California,Siskiyou,28,0,0,41.59198861,-122.5407434,6093.0,64.31015870828453,0.0,28,27,0,0,27,27,43724,1,0,0,1,0
2020-06-29,US,California,Solano,1126,24,0,38.26827353,-121.9357113,6095.0,251.5397314377752,2.131438721,1102,1118,23,0,1095,1118,446610,8,1,0,7,0
2020-06-29,US,California,Sonoma,1118,5,0,38.52746429,-122.8862506,6097.0,226.16196271361991,0.4472271914,1113,1092,5,0,1087,1006,499942,26,0,0,26,86
2020-06-29,US,California,Stanislaus,2165,42,0,37.55862499,-120.9970722,6099.0,393.1645661569752,1.9399538109999999,2123,2115,41,0,2074,2000,549815,50,1,0,49,115
2020-06-29,US,California,Sutter,176,3,0,39.03417539,-121.6945899,6101.0,181.4975611265224,1.704545455,173,160,3,0,157,152,96807,16,0,0,16,8
2020-06-29,US,California,Tehama,75,1,0,40.12570935,-122.2370171,6103.0,115.23569540900988,1.333333333,74,62,1,0,61,62,63916,13,0,0,13,0
2020-06-29,US,California,Trinity,2,0,0,40.64917670000001,-123.114713,6105.0,16.28001628001628,0.0,2,2,0,0,2,2,12535,0,0,0,0,0
2020-06-29,US,California,Tulare,3872,124,0,36.22026558,-118.8020203,6107.0,830.5537382425812,3.202479339,3748,3705,122,0,3583,3705,465861,167,2,0,165,0
2020-06-29,US,California,Tuolumne,28,0,0,38.02644018,-119.9525093,6109.0,51.3968941591101,0.0,28,28,0,0,28,22,54539,0,0,0,0,6
2020-06-29,US,California,Ventura,2740,45,0,34.44465746,-119.0910613,6111.0,323.87477157372405,1.642335766,2695,2336,44,0,2292,2336,850967,404,1,0,403,0
2020-06-29,US,California,Yolo,505,24,0,38.68278902,-121.9018288,6113.0,229.0249433106576,4.7524752480000005,481,479,24,0,455,458,220408,26,0,0,26,21
2020-06-29,US,California,Yuba,71,1,0,39.26255932,-121.3535644,6115.0,90.25270758122744,1.408450704,70,65,1,0,64,61,78041,6,0,0,6,4
2020-06-29,US,Colorado,Adams,4170,155,0,39.87432092,-104.3362578,8001.0,805.9201308025766,3.7170263789999995,4015,4148,154,0,3994,4093,511868,22,1,0,21,55
2020-06-29,US,Colorado,Alamosa,188,3,0,37.57250606,-105.7885451,8003.0,1158.1346639561384,1.595744681,185,187,3,0,184,184,16683,1,0,0,1,3
2020-06-29,US,Colorado,Arapahoe,5172,343,0,39.64977461,-104.3353617,8005.0,787.7061788939825,6.631863882,4829,5157,342,0,4815,5127,651215,15,1,0,14,30
2020-06-29,US,Colorado,Archuleta,8,0,0,37.19474156,-107.04768670000001,8007.0,57.02473447858009,0.0,8,8,0,0,8,8,13765,0,0,0,0,0
2020-06-29,US,Colorado,Baca,14,0,0,37.31940883,-102.5603223,8009.0,390.9522479754258,0.0,14,13,0,0,13,13,3585,1,0,0,1,0
2020-06-29,US,Colorado,Bent,4,0,0,37.95474293,-103.0720195,8011.0,71.72314864622557,0.0,4,4,0,0,4,4,5882,0,0,0,0,0
2020-06-29,US,Colorado,Boulder,1367,71,0,40.09313619,-105.3546767,8013.0,419.07319525683937,5.193855157,1296,1360,71,0,1289,1347,326078,7,0,0,7,13
2020-06-29,US,Colorado,Broomfield,297,30,0,39.95998787,-105.0566324,8014.0,421.4858440360463,10.1010101,267,295,29,0,266,291,69267,2,1,0,1,4
2020-06-29,US,Colorado,Chaffee,78,19,0,38.74745778,-106.19265729999998,8015.0,383.17940656317535,24.35897436,59,78,19,0,59,77,20027,0,0,0,0,1
2020-06-29,US,Colorado,Cheyenne,5,0,0,38.82777431,-102.6032558,8017.0,273.07482250136536,0.0,5,5,0,0,5,5,1876,0,0,0,0,0
2020-06-29,US,Colorado,Clear Creek,18,1,0,39.68864463,-105.6463118,8019.0,185.5670103092784,5.555555556,17,18,1,0,17,18,9605,0,0,0,0,0
2020-06-29,US,Colorado,Conejos,13,0,0,37.201606,-106.19174879999998,8021.0,158.4399756246191,0.0,13,13,0,0,13,13,8200,0,0,0,0,0
2020-06-29,US,Colorado,Costilla,20,0,0,37.27732493,-105.4276548,8023.0,514.5356315924878,0.0,20,20,0,0,20,20,3828,0,0,0,0,0
2020-06-29,US,Colorado,Crowley,70,1,0,38.32608609,-103.7844965,8025.0,1154.9249298795578,1.428571429,69,70,1,0,69,70,5858,0,0,0,0,0
2020-06-29,US,Colorado,Custer,2,0,0,38.10883162,-105.3683478,8027.0,39.463299131807425,0.0,2,2,0,0,2,2,4954,0,0,0,0,0
2020-06-29,US,Colorado,Delta,82,1,0,38.86246243,-107.86313419999999,8029.0,263.1410050702779,1.219512195,81,82,1,0,81,82,30953,0,0,0,0,0
2020-06-29,US,Colorado,Denver,7065,376,0,39.76018276,-104.87256950000001,8031.0,971.5199577564148,5.322009908,6689,7007,375,0,6632,6947,716492,58,1,0,57,60
2020-06-29,US,Colorado,Douglas,946,52,0,39.33133796,-104.930001,8035.0,269.39747233407564,5.496828753,894,939,52,0,887,922,342776,7,0,0,7,17
2020-06-29,US,Colorado,Eagle,688,8,0,39.62754308,-106.6933637,8037.0,1248.0272824568726,1.162790698,680,686,8,0,678,685,54993,2,0,0,2,1
2020-06-29,US,Colorado,El Paso,2360,119,0,38.83240149,-104.5251411,8041.0,327.5944159033208,5.042372881,2241,2327,119,0,2208,2296,713856,33,0,0,33,31
2020-06-29,US,Colorado,Elbert,56,2,0,39.28656773,-104.13587209999999,8039.0,209.51026974447228,3.571428571,54,57,2,0,55,56,26282,-1,0,0,-1,1
2020-06-29,US,Colorado,Fremont,36,0,0,38.47362326,-105.43996670000001,8043.0,75.25240912226427,0.0,36,36,0,0,36,34,48021,0,0,0,0,2
2020-06-29,US,Colorado,Garfield,277,2,0,39.59921777,-107.902708,8045.0,461.1977822547077,0.7220216606000001,275,273,2,0,271,266,59770,4,0,0,4,7
2020-06-29,US,Colorado,Gilpin,7,0,0,39.85646523,-105.5252597,8047.0,112.12558065032835,0.0,7,7,0,0,7,7,6121,0,0,0,0,0
2020-06-29,US,Colorado,Grand,21,0,0,40.10603347,-106.11780420000001,8049.0,133.46892080844032,0.0,21,19,0,0,19,18,15525,2,0,0,2,1
2020-06-29,US,Colorado,Gunnison,186,6,0,38.66611652,-107.0320729,8051.0,1065.170083610125,3.225806452,180,186,6,0,180,186,17246,0,0,0,0,0
2020-06-29,US,Colorado,Hinsdale,3,0,0,37.82247444,-107.3004345,8053.0,365.8536585365854,0.0,3,3,0,0,3,3,811,0,0,0,0,0
2020-06-29,US,Colorado,Huerfano,4,0,0,37.68473101,-104.9612585,8055.0,57.99623024503408,0.0,4,4,0,0,4,4,6889,0,0,0,0,0
2020-06-29,US,Colorado,Jackson,1,0,0,40.66593870000001,-106.3408905,8057.0,71.83908045977013,0.0,1,1,0,0,1,1,1399,0,0,0,0,0
2020-06-29,US,Colorado,Jefferson,2671,209,0,39.58635604,-105.2517692,8059.0,458.24104748653673,7.824784725,2462,2656,208,0,2448,2633,580233,15,1,0,14,23
2020-06-29,US,Colorado,Kit Carson,31,3,0,39.30497777,-102.60221990000001,8063.0,436.80428350007037,9.677419355,28,31,3,0,28,31,7163,0,0,0,0,0
2020-06-29,US,Colorado,La Plata,106,1,0,37.28632032,-107.8429014,8067.0,188.54164813859592,0.9433962264,105,101,1,0,100,94,56310,5,0,0,5,7
2020-06-29,US,Colorado,Lake,51,0,0,39.20278823,-106.35556969999999,8065.0,627.5378368401623,0.0,51,51,0,0,51,50,7824,0,0,0,0,1
2020-06-29,US,Colorado,Larimer,723,29,0,40.66671597,-105.4625784,8069.0,202.57832047722184,4.011065007,694,718,29,0,689,713,350518,5,0,0,5,5
2020-06-29,US,Colorado,Las Animas,7,0,0,37.3153406,-104.03764579999999,8071.0,48.25589411278092,0.0,7,7,0,0,7,7,14503,0,0,0,0,0
2020-06-29,US,Colorado,Lincoln,4,0,0,38.98749519,-103.51366490000001,8073.0,70.1631292755657,0.0,4,4,0,0,4,4,5610,0,0,0,0,0
2020-06-29,US,Colorado,Logan,637,5,0,40.7249637,-103.110817,8075.0,2842.6078807621943,0.7849293564000001,632,637,5,0,632,636,21528,0,0,0,0,1
2020-06-29,US,Colorado,Mesa,95,0,0,39.01787888,-108.469799,8077.0,61.604305816743405,0.0,95,89,0,0,89,89,153207,6,0,0,6,0
2020-06-29,US,Colorado,Mineral,5,0,0,37.66954283,-106.92816979999999,8079.0,650.1950585175553,0.0,5,5,0,0,5,5,776,0,0,0,0,0
2020-06-29,US,Colorado,Moffat,10,0,0,40.61810999,-108.2070876,8081.0,75.28419784687196,0.0,10,10,0,0,10,10,13188,0,0,0,0,0
2020-06-29,US,Colorado,Montezuma,71,3,0,37.33859579,-108.59588570000001,8083.0,271.1683153191002,4.2253521130000005,68,70,3,0,67,70,26158,1,0,0,1,0
2020-06-29,US,Colorado,Montrose,205,12,0,38.40214114,-108.26390220000002,8085.0,479.4424435193413,5.853658537,193,204,12,0,192,203,42214,1,0,0,1,1
2020-06-29,US,Colorado,Morgan,652,46,0,40.26279810000001,-103.8093302,8087.0,2243.016375395624,7.055214724,606,652,46,0,606,651,28558,0,0,0,0,1
2020-06-29,US,Colorado,Otero,22,1,0,37.9014485,-103.7173385,8089.0,120.3632782580151,4.545454545,21,22,1,0,21,22,18432,0,0,0,0,0
2020-06-29,US,Colorado,Ouray,10,1,0,38.14717457,-107.7675136,8091.0,201.93861066235863,10.0,9,10,1,0,9,10,4833,0,0,0,0,0
2020-06-29,US,Colorado,Park,27,0,0,39.120926000000004,-105.7182065,8093.0,143.27407800477582,0.0,27,27,0,0,27,27,18556,0,0,0,0,0
2020-06-29,US,Colorado,Phillips,16,0,0,40.59414277,-102.3577703,8095.0,375.14654161781954,0.0,16,16,0,0,16,15,4286,0,0,0,0,1
2020-06-29,US,Colorado,Pitkin,94,2,0,39.21720112,-106.9310027,8097.0,529.0707491416671,2.127659574,92,93,2,0,91,92,17950,1,0,0,1,1
2020-06-29,US,Colorado,Prowers,20,0,0,37.95544985,-102.3926052,8099.0,164.31153466973382,0.0,20,19,0,0,19,18,12164,1,0,0,1,1
2020-06-29,US,Colorado,Pueblo,385,28,0,38.17359144,-104.5127437,8101.0,228.58974967938062,7.272727272999999,357,383,28,0,355,378,167529,2,0,0,2,5
2020-06-29,US,Colorado,Rio Blanco,3,0,0,39.97913541,-108.2179009,8103.0,47.43833017077799,0.0,3,3,0,0,3,3,6336,0,0,0,0,0
2020-06-29,US,Colorado,Rio Grande,74,2,0,37.5836865,-106.3847838,8105.0,656.7853022099937,2.702702703,72,73,2,0,71,73,11250,1,0,0,1,0
2020-06-29,US,Colorado,Routt,73,6,0,40.48596505,-106.9905548,8107.0,284.7335985646306,8.219178082,67,72,6,0,66,71,25733,1,0,0,1,1
2020-06-29,US,Colorado,Saguache,102,2,0,38.08054629,-106.28246599999999,8109.0,1494.7245017584994,1.960784314,100,102,2,0,100,100,6843,0,0,0,0,2
2020-06-29,US,Colorado,San Juan,1,0,0,37.76248981,-107.67632890000002,8111.0,137.36263736263737,0.0,1,1,0,0,1,1,762,0,0,0,0,0
2020-06-29,US,Colorado,San Miguel,37,0,0,38.00450883,-108.4020725,8113.0,452.3780413253454,0.0,37,36,0,0,36,35,8191,1,0,0,1,1
2020-06-29,US,Colorado,Summit,269,3,0,39.63803232,-106.1150762,8117.0,867.4341362742254,1.115241636,266,269,3,0,266,267,31007,0,0,0,0,2
2020-06-29,US,Colorado,Teller,41,2,0,38.88133511,-105.16148929999999,8119.0,161.49361903261382,4.87804878,39,41,2,0,39,41,25083,0,0,0,0,0
2020-06-29,US,Colorado,Washington,44,0,0,39.97015535,-103.202587,8121.0,896.4955175224122,0.0,44,44,0,0,44,44,4909,0,0,0,0,0
2020-06-29,US,Colorado,Weld,2798,137,0,40.55499405,-104.39296209999999,8123.0,862.2708726255192,4.896354539,2661,2788,137,0,2651,2783,314305,10,0,0,10,5
2020-06-29,US,Colorado,Yuma,52,0,0,40.00346839,-102.4258673,8125.0,519.0138736400838,0.0,52,51,0,0,51,51,10020,1,0,0,1,0
2020-06-29,US,Connecticut,Fairfield,16664,1376,0,41.26809896,-73.3881171,9001.0,1766.5042636102667,8.257321171000001,15288,16633,1375,0,15258,16606,943823,31,1,0,30,27
2020-06-29,US,Connecticut,Hartford,11623,1370,0,41.80283011,-72.73103891,9003.0,1303.4360561611268,11.7869741,10253,11587,1369,0,10218,11558,892697,36,1,0,35,29
2020-06-29,US,Connecticut,Litchfield,1487,136,0,41.7937534,-73.2451475,9005.0,824.5856276998662,9.145931406,1351,1482,136,0,1346,1482,181111,5,0,0,5,0
2020-06-29,US,Connecticut,Middlesex,1295,183,0,41.45949668,-72.53714864,9007.0,797.2370656750967,14.13127413,1112,1292,183,0,1109,1287,162682,3,0,0,3,5
2020-06-29,US,Connecticut,New Haven,12318,1075,0,41.4080325,-72.93620426,9009.0,1441.1113333965095,8.727066082,11243,12299,1073,0,11226,12275,857620,19,2,0,17,24
2020-06-29,US,Connecticut,New London,1255,102,0,41.48896435,-72.10430976,9011.0,473.2170463714999,8.12749004,1153,1244,102,0,1142,1241,266784,11,0,0,11,3
2020-06-29,US,Connecticut,Tolland,909,64,0,41.85853803,-72.3308481,9013.0,603.1010940744819,7.04070407,845,910,64,0,846,906,150921,-1,0,0,-1,4
2020-06-29,US,Connecticut,Unassigned,205,0,0,0.0,0.0,90009.0,0.0,0.0,205,251,0,0,251,252,,-46,0,0,-46,-1
2020-06-29,US,Connecticut,Windham,606,14,0,41.82972709,-71.98182316,9015.0,518.9155863061088,2.310231023,592,605,14,0,591,599,117027,1,0,0,1,6
2020-06-29,US,Delaware,Kent,1672,89,0,39.08646628,-75.56884914,10001.0,924.85037558218,5.322966507,1583,1663,89,0,1574,1652,178550,9,0,0,9,11
2020-06-29,US,Delaware,New Castle,5031,242,0,39.57992638,-75.64054974,10003.0,900.3978502128847,4.810176903,4789,4925,242,0,4683,4871,559335,106,0,0,106,54
2020-06-29,US,Delaware,Sussex,4637,176,0,38.66143781,-75.39031349,10005.0,1979.7203543601238,3.795557473,4461,4608,176,0,4432,4542,229286,29,0,0,29,66
2020-06-29,US,Delaware,Unassigned,36,0,0,0.0,0.0,90010.0,0.0,0.0,36,30,0,0,30,26,,6,0,0,6,4
2020-06-29,US,District of Columbia,District of Columbia,10292,551,0,38.90417773,-77.01655992,11001.0,1458.3088321768787,5.353672756,9741,10248,550,0,9698,10216,702455,44,1,0,43,32
2020-06-29,US,Florida,Alachua,1159,12,0,29.67866525,-82.35928158,12001.0,430.7861568596841,1.035375324,1147,1124,12,0,1112,1033,269956,35,0,0,35,91
2020-06-29,US,Florida,Baker,57,4,0,30.33060121,-82.28467476,12003.0,195.13865114686752,7.01754386,53,55,4,0,51,51,28355,2,0,0,2,4
2020-06-29,US,Florida,Bay,347,4,0,30.26548745,-85.62122584,12005.0,198.62053175352744,1.152737752,343,322,4,0,318,305,185287,25,0,0,25,17
2020-06-29,US,Florida,Bradford,83,2,0,29.95079741,-82.16611613,12007.0,294.3158044040992,2.4096385540000003,81,82,2,0,80,80,27732,1,0,0,1,2
2020-06-29,US,Florida,Brevard,1716,17,0,28.29409504,-80.73091022,12009.0,285.07729980629364,0.9906759906999999,1699,1631,17,0,1614,1547,596849,85,0,0,85,84
2020-06-29,US,Florida,Broward,15045,382,0,26.15184651,-80.48725556,12011.0,770.4408796084348,2.539049518,14663,14620,382,0,14238,14046,1951260,425,0,0,425,574
2020-06-29,US,Florida,Calhoun,75,6,0,30.40666734,-85.19394153,12013.0,531.7263381779511,8.0,69,76,6,0,70,72,14587,-1,0,0,-1,4
2020-06-29,US,Florida,Charlotte,749,76,0,26.90131002,-81.92949121,12015.0,396.4850987242602,10.14686248,673,714,76,0,638,687,184998,35,0,0,35,27
2020-06-29,US,Florida,Citrus,284,13,0,28.84804315,-82.47614748,12017.0,189.7672678190796,4.5774647889999995,271,277,12,0,265,264,147929,7,1,0,6,13
2020-06-29,US,Florida,Clay,682,34,0,29.98319144,-81.85609986,12019.0,311.05759582580777,4.985337243,648,659,34,0,625,616,216072,23,0,0,23,43
2020-06-29,US,Florida,Collier,4147,71,0,26.11091986,-81.34687065,12021.0,1077.4171087705442,1.7120810219999998,4076,4087,71,0,4016,3966,378488,60,0,0,60,121
2020-06-29,US,Florida,Columbia,281,3,0,30.22509788,-82.62160164,12023.0,391.98727785062636,1.067615658,278,269,3,0,266,261,70503,12,0,0,12,8
2020-06-29,US,Florida,DeSoto,600,10,0,27.18677893,-81.80941373,12027.0,1578.9058182679403,1.6666666669999999,590,585,10,0,575,574,37489,15,0,0,15,11
2020-06-29,US,Florida,Dixie,65,4,0,29.60631086,-83.15724673,12029.0,386.3069059788424,6.153846154,61,65,4,0,61,65,16700,0,0,0,0,0
2020-06-29,US,Florida,Duval,5839,64,0,30.33225875,-81.66976468,12031.0,609.6548699824068,1.0960780959999998,5775,5588,64,0,5524,4848,950181,251,0,0,251,740
2020-06-29,US,Florida,Escambia,1702,44,0,30.67652764,-87.37284571,12033.0,534.6887998089949,2.58519389,1658,1660,44,0,1616,1611,315534,42,0,0,42,49
2020-06-29,US,Florida,Flagler,302,5,0,29.45933576,-81.31508595,12035.0,262.4238579782936,1.655629139,297,293,5,0,288,279,112067,9,0,0,9,14
2020-06-29,US,Florida,Franklin,6,0,0,29.83791238,-84.82731662,12037.0,49.48453608247422,0.0,6,6,0,0,6,6,11736,0,0,0,0,0
2020-06-29,US,Florida,Gadsden,376,7,0,30.57796289,-84.61915825,12039.0,823.4778799824793,1.8617021280000001,369,373,7,0,366,365,45894,3,0,0,3,8
2020-06-29,US,Florida,Gilchrist,96,0,0,29.72856978,-82.79880657,12041.0,516.6289958023896,0.0,96,97,0,0,97,94,18256,-1,0,0,-1,3
2020-06-29,US,Florida,Glades,167,1,0,26.95635849,-81.18996211,12043.0,1209.1810875389185,0.5988023952,166,161,1,0,160,158,13724,6,0,0,6,3
2020-06-29,US,Florida,Gulf,22,0,0,29.93543004,-85.24270990000002,12045.0,161.3021482513381,0.0,22,22,0,0,22,22,16164,0,0,0,0,0
2020-06-29,US,Florida,Hamilton,327,2,0,30.49673973,-82.94998918,12047.0,2266.42639312448,0.6116207951,325,325,2,0,323,322,14310,2,0,0,2,3
2020-06-29,US,Florida,Hardee,426,3,0,27.49293939,-81.80956574,12049.0,1581.4678694732156,0.7042253520999999,423,411,3,0,408,403,27245,15,0,0,15,8
2020-06-29,US,Florida,Hendry,938,25,0,26.55386945,-81.16469006,12051.0,2232.1641045166816,2.665245203,913,923,25,0,898,895,41556,15,0,0,15,28
2020-06-29,US,Florida,Hernando,361,5,0,28.55364461,-82.42700204,12053.0,186.15924092409242,1.385041551,356,346,5,0,341,312,190865,15,0,0,15,34
2020-06-29,US,Florida,Highlands,345,11,0,27.34254618,-81.34071957,12055.0,324.7945321546587,3.1884057969999997,334,324,11,0,313,373,105424,21,0,0,21,-49
2020-06-29,US,Florida,Hillsborough,10323,135,0,27.9276559,-82.32013172,12057.0,701.3060066523186,1.307759372,10188,9918,132,0,9786,9130,1436888,405,3,0,402,788
2020-06-29,US,Florida,Holmes,161,0,0,30.86747479,-85.81319222,12059.0,820.7167252892899,0.0,161,161,0,0,161,161,19477,0,0,0,0,0
2020-06-29,US,Florida,Indian River,686,16,0,27.69308961,-80.60556721,12061.0,428.9564352844807,2.3323615159999997,670,655,16,0,639,620,157413,31,0,0,31,35
2020-06-29,US,Florida,Jackson,359,2,0,30.7954597,-85.21500423,12063.0,773.4735209204117,0.5571030641,357,359,2,0,357,353,48305,0,0,0,0,6
2020-06-29,US,Florida,Jefferson,46,4,0,30.43669112,-83.89442308,12065.0,322.8976554822406,8.695652174,42,47,4,0,43,45,14288,-1,0,0,-1,2
2020-06-29,US,Florida,Lafayette,31,0,0,29.98484137,-83.18166636,12067.0,368.08359059605795,0.0,31,30,0,0,30,31,8732,1,0,0,1,-1
2020-06-29,US,Florida,Lake,1252,22,0,28.76202069,-81.7125123,12069.0,341.03476266486524,1.757188498,1230,1192,22,0,1170,1098,356495,60,0,0,60,94
2020-06-29,US,Florida,Lee,5363,156,0,26.58410348,-81.88399313,12071.0,695.9719794387842,2.90881969,5207,5188,156,0,5032,4956,754610,175,0,0,175,232
2020-06-29,US,Florida,Leon,998,8,0,30.45955727,-84.27491114,12073.0,339.9390970836086,0.8016032064,990,951,8,0,943,775,292502,47,0,0,47,176
2020-06-29,US,Florida,Levy,173,1,0,29.31829741,-82.74007147,12075.0,416.8373370599716,0.5780346821,172,171,1,0,170,168,40770,2,0,0,2,3
2020-06-29,US,Florida,Liberty,222,1,0,30.23766008,-84.8829258,12077.0,2657.409624132152,0.4504504505,221,221,1,0,220,221,8457,1,0,0,1,0
2020-06-29,US,Florida,Madison,191,3,0,30.44396917,-83.47398594,12079.0,1032.823230411507,1.570680628,188,187,3,0,184,179,18529,4,0,0,4,8
2020-06-29,US,Florida,Manatee,2810,130,0,27.47196942,-82.31831044,12081.0,696.8330055821034,4.62633452,2680,2737,130,0,2607,2642,394855,73,0,0,73,95
2020-06-29,US,Florida,Marion,655,10,0,29.21227113,-82.05803627,12083.0,179.16784060353578,1.5267175569999998,645,631,10,0,621,598,359977,24,0,0,24,33
2020-06-29,US,Florida,Martin,1979,25,0,27.0772071,-80.43109784,12085.0,1229.192546583851,1.263264275,1954,1910,25,0,1885,1850,160912,69,0,0,69,60
2020-06-29,US,Florida,Miami-Dade,35222,975,0,25.6112362,-80.55170587,12086.0,1296.384903604791,2.768156266,34247,33714,953,0,32761,31562,2761581,1508,22,0,1486,2152
2020-06-29,US,Florida,Monroe,236,4,0,25.20904673,-81.07812416,12087.0,317.93932208869967,1.694915254,232,219,4,0,215,204,75027,17,0,0,17,15
2020-06-29,US,Florida,Nassau,175,1,0,30.61037141,-81.80297522,12089.0,197.46121297602258,0.5714285714,174,169,1,0,168,158,85832,6,0,0,6,11
2020-06-29,US,Florida,Okaloosa,636,6,0,30.69143028,-86.59267105,12091.0,301.7965435754349,0.9433962264,630,601,6,0,595,563,207269,35,0,0,35,38
2020-06-29,US,Florida,Okeechobee,360,0,0,27.386336199999995,-80.88944347,12093.0,853.7279453614115,0.0,360,343,0,0,343,333,41537,17,0,0,17,10
2020-06-29,US,Florida,Orange,10014,56,0,28.51367621,-81.31799498,12095.0,718.646928634786,0.5592170961,9958,9671,56,0,9615,8837,1380645,343,0,0,343,834
2020-06-29,US,Florida,Osceola,1919,24,0,28.06312234,-81.14882926,12097.0,510.7105503378568,1.250651381,1895,1833,24,0,1809,1649,367990,86,0,0,86,184
2020-06-29,US,Florida,Palm Beach,13711,503,0,26.64676272,-80.46536002,12099.0,916.0392044201848,3.6685872660000003,13208,13389,503,0,12886,12928,1485941,322,0,0,322,461
2020-06-29,US,Florida,Pasco,1909,17,0,28.30810945,-82.40227529,12101.0,344.6178063966408,0.8905185961,1892,1780,17,0,1763,1630,539630,129,0,0,129,150
2020-06-29,US,Florida,Pinellas,6260,154,0,27.93130349,-82.72239666,12103.0,642.0539161186302,2.460063898,6106,6020,154,0,5866,5713,975280,240,0,0,240,307
2020-06-29,US,Florida,Polk,3682,93,0,27.95027105,-81.69732947,12105.0,508.01832839618254,2.525801195,3589,3495,93,0,3402,3182,708009,187,0,0,187,313
2020-06-29,US,Florida,Putnam,327,6,0,29.60779729,-81.74230285,12107.0,438.8024852055125,1.834862385,321,318,6,0,312,297,74163,9,0,0,9,21
2020-06-29,US,Florida,Santa Rosa,482,9,0,30.69341450000001,-87.02458128,12113.0,261.51166765230886,1.867219917,473,468,9,0,459,442,179349,14,0,0,14,26
2020-06-29,US,Florida,Sarasota,1447,96,0,27.18546175,-82.33174248,12115.0,333.60845848453687,6.634416033,1351,1401,96,0,1305,1341,426718,46,0,0,46,60
2020-06-29,US,Florida,Seminole,2477,16,0,28.7158582,-81.24060348,12117.0,524.981666970451,0.6459426725999999,2461,2366,16,0,2350,2202,467832,111,0,0,111,164
2020-06-29,US,Florida,St. Johns,895,7,0,29.90096506,-81.43589967,12109.0,338.15439487365495,0.782122905,888,837,7,0,830,756,254261,58,0,0,58,81
2020-06-29,US,Florida,St. Lucie,1691,45,0,27.37763908,-80.47106649,12111.0,515.082379674502,2.66114725,1646,1652,45,0,1607,1576,321128,39,0,0,39,76
2020-06-29,US,Florida,Sumter,334,17,0,28.70181754,-82.0794267,12119.0,252.227760157076,5.089820359,317,327,17,0,310,319,128754,7,0,0,7,8
2020-06-29,US,Florida,Suwannee,439,20,0,30.19746066,-82.99099670000003,12121.0,988.3603124929643,4.555808656,419,433,20,0,413,393,44191,6,0,0,6,40
2020-06-29,US,Florida,Taylor,76,0,0,30.04848048,-83.60445406,12123.0,352.35755018776945,0.0,76,74,0,0,74,73,21623,2,0,0,2,1
2020-06-29,US,Florida,Unassigned,138,0,0,0.0,0.0,90012.0,0.0,0.0,138,143,0,0,143,139,,-5,0,0,-5,4
2020-06-29,US,Florida,Union,61,2,0,30.04412971,-82.37497443,12125.0,400.3412745291069,3.278688525,59,61,2,0,59,58,14940,0,0,0,0,3
2020-06-29,US,Florida,Volusia,2024,56,0,29.05858895,-81.18263252,12127.0,365.815747428084,2.7667984189999997,1968,1933,54,0,1879,1745,547538,91,2,0,89,188
2020-06-29,US,Florida,Wakulla,55,1,0,30.16548905,-84.39895211,12129.0,163.01609413438453,1.8181818180000002,54,54,1,0,53,47,32461,1,0,0,1,7
2020-06-29,US,Florida,Walton,213,9,0,30.64204028,-86.16935664,12131.0,287.5619338202536,4.2253521130000005,204,211,9,0,202,210,71375,2,0,0,2,1
2020-06-29,US,Florida,Washington,112,12,0,30.61359259,-85.66002461,12133.0,439.6812311074471,10.71428571,100,110,12,0,98,106,24880,2,0,0,2,4
2020-06-29,US,Georgia,Appling,256,14,0,31.74847232,-82.28909114,13001.0,1392.3637550310018,5.46875,242,254,14,0,240,247,18507,2,0,0,2,7
2020-06-29,US,Georgia,Atkinson,139,2,0,31.29633502,-82.87545866,13003.0,1702.388242498469,1.438848921,137,137,2,0,135,119,8297,2,0,0,2,18
2020-06-29,US,Georgia,Bacon,229,4,0,31.55456473,-82.45936528,13005.0,2051.236116087424,1.746724891,225,228,4,0,224,226,11185,1,0,0,1,2
2020-06-29,US,Georgia,Baker,43,3,0,31.32669878,-84.44218806,13007.0,1415.4048716260697,6.976744186,40,43,3,0,40,43,3092,0,0,0,0,0
2020-06-29,US,Georgia,Baldwin,483,33,0,33.06882326,-83.24701748,13009.0,1075.9634662508354,6.832298137,450,479,33,0,446,476,44823,4,0,0,4,3
2020-06-29,US,Georgia,Banks,130,0,0,34.35607081,-83.49644388,13011.0,675.8864510762191,0.0,130,130,0,0,130,129,18988,0,0,0,0,1
2020-06-29,US,Georgia,Barrow,485,25,0,33.99148694,-83.71436292,13013.0,582.6525708793847,5.154639175,460,466,25,0,441,466,80809,19,0,0,19,0
2020-06-29,US,Georgia,Bartow,677,42,0,34.23732119,-84.83887523,13015.0,628.3762460784495,6.203840473,635,671,42,0,629,659,106408,6,0,0,6,12
2020-06-29,US,Georgia,Ben Hill,159,1,0,31.76095874,-83.22145359,13017.0,952.0958083832336,0.6289308176,158,156,1,0,155,150,16787,3,0,0,3,6
2020-06-29,US,Georgia,Berrien,114,0,0,31.27590016,-83.22529920000002,13019.0,587.7197504768777,0.0,114,113,0,0,113,110,19252,1,0,0,1,3
2020-06-29,US,Georgia,Bibb,775,38,0,32.80904227,-83.70489165,13021.0,506.0100940852317,4.903225806,737,730,38,0,692,724,153095,45,0,0,45,6
2020-06-29,US,Georgia,Bleckley,58,1,0,32.43829035,-83.33035166,13023.0,450.55542608560546,1.724137931,57,56,1,0,55,55,12838,2,0,0,2,1
2020-06-29,US,Georgia,Brantley,85,2,0,31.19576557,-81.97743999,13025.0,444.8165785755404,2.352941176,83,85,2,0,83,85,18897,0,0,0,0,0
2020-06-29,US,Georgia,Brooks,145,11,0,30.83922642,-83.58303423,13027.0,938.0863039399624,7.586206897,134,143,11,0,132,141,15513,2,0,0,2,2
2020-06-29,US,Georgia,Bryan,117,5,0,32.00979311,-81.44002948,13029.0,295.25323642970704,4.2735042739999995,112,116,5,0,111,116,38109,1,0,0,1,0
2020-06-29,US,Georgia,Bulloch,299,4,0,32.39577406,-81.74811421,13031.0,375.5903929253341,1.337792642,295,286,4,0,282,272,77296,13,0,0,13,14
2020-06-29,US,Georgia,Burke,143,6,0,33.05917989,-81.99928721,13033.0,638.8777196979852,4.195804196,137,141,6,0,135,138,22423,2,0,0,2,3
2020-06-29,US,Georgia,Butts,265,33,0,33.283094500000004,-83.95435040000002,13035.0,1062.7205646454925,12.45283019,232,264,33,0,231,263,24193,1,0,0,1,1
2020-06-29,US,Georgia,Calhoun,162,5,0,31.53169785,-84.62725131,13037.0,2617.547261269995,3.086419753,157,161,5,0,156,161,6352,1,0,0,1,0
2020-06-29,US,Georgia,Camden,114,2,0,30.92951916,-81.66601818,13039.0,208.53912852595764,1.754385965,112,113,2,0,111,114,53677,1,0,0,1,-1
2020-06-29,US,Georgia,Candler,33,0,0,32.40209349,-82.07702563,13043.0,305.470702582616,0.0,33,32,0,0,32,29,10836,1,0,0,1,3
2020-06-29,US,Georgia,Carroll,678,39,0,33.58138199,-85.07976677,13045.0,565.0376691779453,5.752212388999999,639,673,39,0,634,669,118121,5,0,0,5,4
2020-06-29,US,Georgia,Catoosa,304,7,0,34.89872298,-85.13757014,13047.0,449.8372299496892,2.3026315790000003,297,303,7,0,296,303,67420,1,0,0,1,0
2020-06-29,US,Georgia,Charlton,46,2,0,30.78371028,-82.13951596,13049.0,343.48864994026286,4.347826087,44,45,2,0,43,43,12968,1,0,0,1,2
2020-06-29,US,Georgia,Chatham,1140,37,0,32.00043026,-81.12489526,13051.0,393.8776215319767,3.245614035,1103,1095,37,0,1058,1088,289195,45,0,0,45,7
2020-06-29,US,Georgia,Chattahoochee,405,0,0,32.34341231,-84.78809239,13053.0,3713.2116989089577,0.0,405,404,0,0,404,398,10684,1,0,0,1,6
2020-06-29,US,Georgia,Chattooga,56,2,0,34.47197698,-85.34535662,13055.0,225.9066521440961,3.571428571,54,56,2,0,54,56,24790,0,0,0,0,0
2020-06-29,US,Georgia,Cherokee,1283,44,0,34.24393976,-84.47431861,13057.0,495.80133939785065,3.429462198,1239,1253,44,0,1209,1219,254149,30,0,0,30,34
2020-06-29,US,Georgia,Clarke,490,15,0,33.95436462,-83.37124007,13059.0,381.82512409316536,3.06122449,475,485,15,0,470,481,127330,5,0,0,5,4
2020-06-29,US,Georgia,Clay,57,2,0,31.62221166,-84.97713865,13061.0,2011.2914608327453,3.50877193,55,57,2,0,55,57,2887,0,0,0,0,0
2020-06-29,US,Georgia,Clayton,1888,79,0,33.54187245,-84.35594188,13063.0,646.0089784298698,4.184322034,1809,1884,79,0,1805,1864,289615,4,0,0,4,20
2020-06-29,US,Georgia,Clinch,104,3,0,30.91395822,-82.70432472,13065.0,1571.4717437292236,2.884615385,101,103,3,0,100,100,6648,1,0,0,1,3
2020-06-29,US,Georgia,Cobb,4630,240,0,33.94243204,-84.5761255,13067.0,609.0975226964472,5.183585313,4390,4607,240,0,4367,4526,756865,23,0,0,23,81
2020-06-29,US,Georgia,Coffee,534,17,0,31.54892966,-82.85492059999999,13069.0,1234.025835971622,3.183520599,517,532,17,0,515,483,43093,2,0,0,2,49
2020-06-29,US,Georgia,Colquitt,911,18,0,31.18810588,-83.7677946,13071.0,1997.8070175438602,1.9758507140000001,893,907,18,0,889,895,45592,4,0,0,4,12
2020-06-29,US,Georgia,Columbia,444,9,0,33.54534185,-82.263524,13073.0,283.318656916421,2.027027027,435,422,9,0,413,410,154291,22,0,0,22,12
2020-06-29,US,Georgia,Cook,130,1,0,31.16068491,-83.42947229,13075.0,752.7504342790967,0.7692307692,129,130,1,0,129,126,17162,0,0,0,0,4
2020-06-29,US,Georgia,Coweta,647,15,0,33.35334302,-84.76129976,13077.0,435.6638318216404,2.318392581,632,643,15,0,628,634,145864,4,0,0,4,9
2020-06-29,US,Georgia,Crawford,39,0,0,32.71391813,-83.98061238,13079.0,314.41470493389227,0.0,39,39,0,0,39,39,12318,0,0,0,0,0
2020-06-29,US,Georgia,Crisp,271,12,0,31.92289565,-83.76811843,13081.0,1211.3355980690148,4.42804428,259,268,12,0,256,267,22601,3,0,0,3,1
2020-06-29,US,Georgia,Dade,65,1,0,34.854916700000004,-85.50490424,13083.0,403.3258873169521,1.5384615380000002,64,64,1,0,63,63,16226,1,0,0,1,1
2020-06-29,US,Georgia,Dawson,136,3,0,34.44244079,-84.16964071,13085.0,520.9131300750728,2.2058823530000002,133,133,3,0,130,131,25083,3,0,0,3,2
2020-06-29,US,Georgia,DeKalb,5469,171,0,33.76944049,-84.22396017,13089.0,720.2715143086302,3.126714207,5298,5448,171,0,5277,5404,756558,21,0,0,21,44
2020-06-29,US,Georgia,Decatur,250,8,0,30.87967778,-84.57619536,13087.0,946.8262384487199,3.2,242,249,8,0,241,249,26575,1,0,0,1,0
2020-06-29,US,Georgia,Dodge,96,2,0,32.17265114,-83.16948926,13091.0,465.90633341421983,2.083333333,94,92,2,0,90,88,20705,4,0,0,4,4
2020-06-29,US,Georgia,Dooly,205,12,0,32.15630737,-83.79746561,13093.0,1530.9932785660944,5.853658537,193,200,12,0,188,200,13706,5,0,0,5,0
2020-06-29,US,Georgia,Dougherty,1887,154,0,31.53328528,-84.21722377,13095.0,2145.39087725681,8.161102279,1733,1883,154,0,1729,1883,91243,4,0,0,4,0
2020-06-29,US,Georgia,Douglas,879,36,0,33.70291126,-84.77026156,13097.0,600.6436932412212,4.09556314,843,878,36,0,842,864,145331,1,0,0,1,14
2020-06-29,US,Georgia,Early,260,31,0,31.32155345,-84.90255207,13099.0,2551.521099116781,11.92307692,229,260,31,0,229,260,10247,0,0,0,0,0
2020-06-29,US,Georgia,Echols,183,0,0,30.71101099,-82.89687287,13101.0,4568.147778332501,0.0,183,182,0,0,182,181,4000,1,0,0,1,1
2020-06-29,US,Georgia,Effingham,131,1,0,32.36616021,-81.34280942,13103.0,203.7451785492099,0.7633587786,130,126,1,0,125,123,62190,5,0,0,5,3
2020-06-29,US,Georgia,Elbert,100,0,0,34.11302332,-82.83936148,13105.0,520.9961446285298,0.0,100,99,0,0,99,97,19120,1,0,0,1,2
2020-06-29,US,Georgia,Emanuel,106,3,0,32.59221302,-82.30239915,13107.0,468.0738320233153,2.830188679,103,105,3,0,102,101,22612,1,0,0,1,4
2020-06-29,US,Georgia,Evans,19,0,0,32.15328841,-81.8870105,13109.0,178.33677492021775,0.0,19,19,0,0,19,18,10721,0,0,0,0,1
2020-06-29,US,Georgia,Fannin,94,1,0,34.86430205,-84.316964,13111.0,358.94302734076683,1.063829787,93,94,1,0,93,94,25964,0,0,0,0,0
2020-06-29,US,Georgia,Fayette,326,17,0,33.41357794,-84.49089434,13113.0,284.9127345504759,5.2147239260000005,309,326,17,0,309,324,113459,0,0,0,0,2
2020-06-29,US,Georgia,Floyd,502,15,0,34.26268279,-85.21577392,13115.0,509.6550183760077,2.9880478089999998,487,495,15,0,480,493,97927,7,0,0,7,2
2020-06-29,US,Georgia,Forsyth,792,15,0,34.22604035,-84.12315129999998,13117.0,324.2552773365213,1.893939394,777,788,15,0,773,778,236612,4,0,0,4,10
2020-06-29,US,Georgia,Franklin,187,1,0,34.37525597,-83.23159927,13119.0,800.8908304424173,0.5347593583,186,187,1,0,186,181,23023,0,0,0,0,6
2020-06-29,US,Georgia,Fulton,6648,312,0,33.79216944,-84.46319413,13121.0,624.8490277149867,4.693140794,6336,6610,311,0,6299,6506,1050114,38,1,0,37,104
2020-06-29,US,Georgia,Gilmer,185,2,0,34.69316688,-84.45802506,13123.0,589.7542159456789,1.081081081,183,181,2,0,179,181,30816,4,0,0,4,0
2020-06-29,US,Georgia,Glascock,8,0,0,33.22879932,-82.61297636,13125.0,269.26960619320096,0.0,8,7,0,0,7,5,2995,1,0,0,1,2
2020-06-29,US,Georgia,Glynn,547,4,0,31.23279254,-81.53811412,13127.0,641.3262674107773,0.731261426,543,533,4,0,529,538,85219,14,0,0,14,-5
2020-06-29,US,Georgia,Gordon,356,18,0,34.50487351,-84.87296253,13129.0,614.1849110639546,5.056179775,338,351,18,0,333,345,57685,5,0,0,5,6
2020-06-29,US,Georgia,Grady,189,4,0,30.87454847,-84.23418364,13131.0,767.2634271099744,2.1164021159999997,185,185,4,0,181,181,24748,4,0,0,4,4
2020-06-29,US,Georgia,Greene,97,9,0,33.5769205,-83.17139104,13133.0,529.3604016590264,9.278350515,88,97,9,0,88,97,17698,0,0,0,0,0
2020-06-29,US,Georgia,Gwinnett,7755,170,0,33.96044201,-84.02137802,13135.0,828.3044058744994,2.1921341069999998,7585,7685,169,0,7516,7604,927781,70,1,0,69,81
2020-06-29,US,Georgia,Habersham,666,35,0,34.63331566,-83.53094677,13137.0,1469.2905047652664,5.255255255,631,662,35,0,627,659,45388,4,0,0,4,3
2020-06-29,US,Georgia,Hall,3138,59,0,34.32207823,-83.81896936,13139.0,1534.9171643652692,1.880178458,3079,3117,59,0,3058,3101,202148,21,0,0,21,16
2020-06-29,US,Georgia,Hancock,210,32,0,33.2721566,-82.99766919,13141.0,2483.1500532103587,15.23809524,178,210,32,0,178,210,8348,0,0,0,0,0
2020-06-29,US,Georgia,Haralson,68,5,0,33.79602175,-85.21005667,13143.0,228.249194414608,7.352941176,63,68,5,0,63,68,29533,0,0,0,0,0
2020-06-29,US,Georgia,Harris,307,9,0,32.73709786,-84.90538572,13145.0,871.2680213418097,2.9315960910000003,298,306,9,0,297,304,34475,1,0,0,1,2
2020-06-29,US,Georgia,Hart,56,0,0,34.34626973,-82.96567682,13147.0,213.69967563442088,0.0,56,56,0,0,56,55,26099,0,0,0,0,1
2020-06-29,US,Georgia,Heard,48,3,0,33.29686567,-85.12886832,13149.0,402.5832424725321,6.25,45,48,3,0,45,48,11879,0,0,0,0,0
2020-06-29,US,Georgia,Henry,1141,33,0,33.4533428,-84.14814659999998,13151.0,486.4406273847741,2.892199825,1108,1141,33,0,1108,1128,230220,0,0,0,0,13
2020-06-29,US,Georgia,Houston,604,23,0,32.45802497,-83.66879087,13153.0,382.61023799116964,3.80794702,581,578,23,0,555,575,155469,26,0,0,26,3
2020-06-29,US,Georgia,Irwin,59,1,0,31.60213036,-83.27501387,13155.0,626.5930331350893,1.694915254,58,56,1,0,55,50,9398,3,0,0,3,6
2020-06-29,US,Georgia,Jackson,355,10,0,34.13794553,-83.56814788,13157.0,486.45463639228797,2.816901408,345,354,10,0,344,347,70422,1,0,0,1,7
2020-06-29,US,Georgia,Jasper,66,1,0,33.31535543,-83.68844964,13159.0,464.1676629861453,1.515151515,65,66,1,0,65,67,14040,0,0,0,0,-1
2020-06-29,US,Georgia,Jeff Davis,104,2,0,31.80405727,-82.63724870000001,13161.0,688.0582203109494,1.9230769230000002,102,99,2,0,97,79,15029,5,0,0,5,20
2020-06-29,US,Georgia,Jefferson,95,1,0,33.05867328,-82.41609057,13163.0,618.4090613201406,1.052631579,94,88,1,0,87,86,15430,7,0,0,7,2
2020-06-29,US,Georgia,Jenkins,96,11,0,32.79248718,-81.96040187,13165.0,1106.5006915629324,11.45833333,85,95,11,0,84,94,8683,1,0,0,1,1
2020-06-29,US,Georgia,Johnson,88,2,0,32.70211082,-82.66166794,13167.0,912.5790729026236,2.272727273,86,87,2,0,85,85,9708,1,0,0,1,2
2020-06-29,US,Georgia,Jones,62,0,0,33.02512137,-83.56019163,13169.0,215.7647468244301,0.0,62,62,0,0,62,61,28616,0,0,0,0,1
2020-06-29,US,Georgia,Lamar,112,6,0,33.07841647,-84.14263877,13171.0,587.0944068773916,5.3571428569999995,106,112,6,0,106,110,19000,0,0,0,0,2
2020-06-29,US,Georgia,Lanier,129,3,0,31.03828570000001,-83.06472457,13173.0,1237.6475103137293,2.325581395,126,129,3,0,126,127,10340,0,0,0,0,2
2020-06-29,US,Georgia,Laurens,158,1,0,32.46325233,-82.92221316,13175.0,332.3097631767132,0.6329113924,157,156,1,0,155,151,47325,2,0,0,2,5
2020-06-29,US,Georgia,Lee,385,22,0,31.779330600000005,-84.14324253,13177.0,1283.675646839157,5.714285714,363,385,22,0,363,385,29764,0,0,0,0,0
2020-06-29,US,Georgia,Liberty,114,1,0,31.82588896,-81.49251135,13179.0,185.5619760722715,0.8771929825,113,114,1,0,113,114,61497,0,0,0,0,0
2020-06-29,US,Georgia,Lincoln,36,1,0,33.79201475,-82.45024131,13181.0,454.4880696881707,2.777777778,35,36,1,0,35,33,7915,0,0,0,0,3
2020-06-29,US,Georgia,Long,37,1,0,31.75218791,-81.74952375,13183.0,189.1712255227773,2.702702703,36,37,1,0,36,36,18998,0,0,0,0,1
2020-06-29,US,Georgia,Lowndes,1150,9,0,30.83568832,-83.27056716,13185.0,979.5070098632096,0.7826086956999999,1141,1136,9,0,1127,1129,116321,14,0,0,14,7
2020-06-29,US,Georgia,Lumpkin,138,3,0,34.57286511,-84.00425681,13187.0,410.59208568878313,2.173913043,135,135,3,0,132,134,32955,3,0,0,3,1
2020-06-29,US,Georgia,Macon,113,9,0,32.35207048,-84.04234127,13193.0,872.7890631034218,7.96460177,104,113,9,0,104,113,13143,0,0,0,0,0
2020-06-29,US,Georgia,Madison,89,4,0,34.12920917,-83.21218732,13195.0,297.8580990629183,4.494382022,85,89,4,0,85,87,29650,0,0,0,0,2
2020-06-29,US,Georgia,Marion,78,2,0,32.3483402,-84.52733571,13197.0,933.1259720062205,2.564102564,76,78,2,0,76,78,8351,0,0,0,0,0
2020-06-29,US,Georgia,McDuffie,91,6,0,33.47851918,-82.48252774,13189.0,426.98948948948953,6.593406592999999,85,89,6,0,83,89,21531,2,0,0,2,0
2020-06-29,US,Georgia,McIntosh,31,1,0,31.49683595,-81.40163426,13191.0,215.60717763249409,3.225806452,30,30,1,0,29,30,14340,1,0,0,1,0
2020-06-29,US,Georgia,Meriwether,177,2,0,33.04163534,-84.68859732,13199.0,836.207303821987,1.129943503,175,177,2,0,175,175,21068,0,0,0,0,2
2020-06-29,US,Georgia,Miller,47,0,0,31.16568912,-84.73151117,13201.0,821.9657222805174,0.0,47,47,0,0,47,47,5686,0,0,0,0,0
2020-06-29,US,Georgia,Mitchell,446,38,0,31.22483255,-84.19381821,13205.0,2039.9762155239448,8.520179372000001,408,444,38,0,406,444,22192,2,0,0,2,0
2020-06-29,US,Georgia,Monroe,156,17,0,33.014289,-83.92097166,13207.0,565.6682863151788,10.8974359,139,156,16,0,140,154,27520,0,1,0,-1,2
2020-06-29,US,Georgia,Montgomery,31,0,0,32.17201038,-82.53527476,13209.0,337.9851722634104,0.0,31,31,0,0,31,31,9193,0,0,0,0,0
2020-06-29,US,Georgia,Morgan,49,0,0,33.59232073,-83.49129491,13211.0,254.20211662170576,0.0,49,49,0,0,49,46,18853,0,0,0,0,3
2020-06-29,US,Georgia,Murray,210,2,0,34.78897608,-84.74993177,13213.0,523.7430167597765,0.9523809524,208,194,2,0,192,191,39921,16,0,0,16,3
2020-06-29,US,Georgia,Muscogee,1536,43,0,32.50931999,-84.87142262,13215.0,784.5981743789874,2.799479167,1493,1520,43,0,1477,1496,194160,16,0,0,16,24
2020-06-29,US,Georgia,Newton,571,11,0,33.55514538,-83.84547140000002,13217.0,510.9894043528064,1.926444834,560,571,11,0,560,561,109541,0,0,0,0,10
2020-06-29,US,Georgia,Oconee,148,10,0,33.83749973,-83.43679568,13219.0,367.4280039721946,6.756756757000001,138,146,10,0,136,146,39272,2,0,0,2,0
2020-06-29,US,Georgia,Oglethorpe,88,7,0,33.878629600000004,-83.08278123,13221.0,576.7088275771675,7.954545455,81,88,7,0,81,88,15054,0,0,0,0,0
2020-06-29,US,Georgia,Out of GA,4601,45,0,0.0,0.0,80013.0,0.0,0.9780482504000001,4556,4410,43,0,4367,3919,,191,2,0,189,491
2020-06-29,US,Georgia,Paulding,565,15,0,33.91969522,-84.86848792,13223.0,334.9795751391796,2.654867257,550,560,15,0,545,554,164044,5,0,0,5,6
2020-06-29,US,Georgia,Peach,101,9,0,32.56934316,-83.82937,13225.0,366.65940608436796,8.910891089,92,98,9,0,89,98,27297,3,0,0,3,0
2020-06-29,US,Georgia,Pickens,92,5,0,34.46589159,-84.46406611,13227.0,282.2865208186309,5.434782609,87,89,5,0,84,88,31980,3,0,0,3,1
2020-06-29,US,Georgia,Pierce,162,4,0,31.35928155,-82.21598442,13229.0,832.2630362188544,2.469135802,158,161,4,0,157,158,19389,1,0,0,1,3
2020-06-29,US,Georgia,Pike,88,3,0,33.09310242,-84.38790389,13231.0,464.08606687058335,3.4090909089999997,85,87,3,0,84,87,18634,1,0,0,1,0
2020-06-29,US,Georgia,Polk,206,1,0,34.00267074,-85.18677781,13233.0,483.4205524135827,0.4854368932,205,205,1,0,204,203,42470,1,0,0,1,2
2020-06-29,US,Georgia,Pulaski,49,2,0,32.23334561,-83.47549959999998,13235.0,439.97485857950966,4.081632653,47,49,2,0,47,49,11069,0,0,0,0,0
2020-06-29,US,Georgia,Putnam,142,12,0,33.32056115,-83.37552891,13237.0,641.9820064198201,8.450704225,130,137,12,0,125,136,21809,5,0,0,5,1
2020-06-29,US,Georgia,Quitman,15,1,0,31.86728114,-85.01773177,13239.0,652.4575902566334,6.666666667,14,15,1,0,14,15,2279,0,0,0,0,0
2020-06-29,US,Georgia,Rabun,42,3,0,34.88389445,-83.40304637,13241.0,245.0837369434557,7.142857143,39,41,3,0,38,41,16867,1,0,0,1,0
2020-06-29,US,Georgia,Randolph,198,25,0,31.76622818,-84.75732369,13243.0,2921.2156978459725,12.62626263,173,197,25,0,172,197,6833,1,0,0,1,0
2020-06-29,US,Georgia,Richmond,896,48,0,33.35777107,-82.07026432,13245.0,442.42980870836175,5.3571428569999995,848,852,48,0,804,822,201554,44,0,0,44,30
2020-06-29,US,Georgia,Rockdale,436,11,0,33.65145002,-84.02202167,13247.0,479.66907234641786,2.52293578,425,436,11,0,425,430,90594,0,0,0,0,6
2020-06-29,US,Georgia,Schley,25,1,0,32.2654021,-84.31258912,13249.0,475.55640098915734,4.0,24,24,1,0,23,24,5236,1,0,0,1,0
2020-06-29,US,Georgia,Screven,91,6,0,32.74976524,-81.60779441,13251.0,651.5824144350565,6.593406592999999,85,89,6,0,83,89,13938,2,0,0,2,0
2020-06-29,US,Georgia,Seminole,50,2,0,30.93464824,-84.86823924,13253.0,618.0469715698392,4.0,48,50,2,0,48,50,8315,0,0,0,0,0
2020-06-29,US,Georgia,Spalding,383,32,0,33.26310031,-84.28013991,13255.0,574.1870680479137,8.355091384,351,383,32,0,351,380,66100,0,0,0,0,3
2020-06-29,US,Georgia,Stephens,216,6,0,34.55151201,-83.29405315,13257.0,833.1726133076181,2.777777778,210,212,6,0,206,195,26035,4,0,0,4,17
2020-06-29,US,Georgia,Stewart,113,3,0,32.07996777,-84.83208037,13259.0,1706.6908322005738,2.654867257,110,112,3,0,109,111,6199,1,0,0,1,1
2020-06-29,US,Georgia,Sumter,551,50,0,32.03650571,-84.19821492,13261.0,1866.2782820755995,9.074410163,501,550,50,0,500,550,29733,1,0,0,1,0
2020-06-29,US,Georgia,Talbot,69,2,0,32.69642758,-84.53351366,13263.0,1113.8014527845037,2.898550725,67,68,2,0,66,68,6272,1,0,0,1,0
2020-06-29,US,Georgia,Taliaferro,2,0,0,33.56543317,-82.88136816,13265.0,130.1236174365647,0.0,2,2,0,0,2,2,1608,0,0,0,0,0
2020-06-29,US,Georgia,Tattnall,130,0,0,32.04785085,-82.05539188,13267.0,514.1184845368979,0.0,130,128,0,0,128,119,25391,2,0,0,2,9
2020-06-29,US,Georgia,Taylor,28,2,0,32.55792548,-84.25077141,13269.0,349.12718204488783,7.142857143,26,27,2,0,25,27,8039,1,0,0,1,0
2020-06-29,US,Georgia,Telfair,112,3,0,31.92829517,-82.93491155,13271.0,706.1790668348045,2.6785714290000002,109,106,3,0,103,89,15876,6,0,0,6,17
2020-06-29,US,Georgia,Terrell,225,27,0,31.77527543,-84.44069698,13273.0,2637.4399249794865,12.0,198,225,27,0,198,224,8611,0,0,0,0,1
2020-06-29,US,Georgia,Thomas,421,32,0,30.86392347,-83.91847289,13275.0,947.1103012305684,7.600950119,389,417,32,0,385,415,44448,4,0,0,4,2
2020-06-29,US,Georgia,Tift,721,26,0,31.45743864,-83.5236119,13277.0,1773.9395728766856,3.606102635,695,695,25,0,670,686,40571,26,1,0,25,9
2020-06-29,US,Georgia,Toombs,236,5,0,32.12059861,-82.32957247,13279.0,879.612374207976,2.118644068,231,230,5,0,225,225,26887,6,0,0,6,5
2020-06-29,US,Georgia,Towns,38,1,0,34.91369188,-83.74107459999998,13281.0,315.69327905624317,2.631578947,37,38,1,0,37,38,11852,0,0,0,0,0
2020-06-29,US,Georgia,Treutlen,23,1,0,32.40422134,-82.56904553,13283.0,333.2850311549052,4.347826087,22,23,1,0,22,23,6809,0,0,0,0,0
2020-06-29,US,Georgia,Troup,1336,31,0,33.03349196,-85.02812115,13285.0,1910.7004948371039,2.320359281,1305,1335,31,0,1304,1300,70034,1,0,0,1,35
2020-06-29,US,Georgia,Turner,176,16,0,31.71612656,-83.62069378,13287.0,2204.1327489041955,9.090909091,160,176,16,0,160,175,7912,0,0,0,0,1
2020-06-29,US,Georgia,Twiggs,24,1,0,32.67435595,-83.43078662,13289.0,295.5665024630542,4.166666667,23,23,1,0,22,23,8188,1,0,0,1,0
2020-06-29,US,Georgia,Unassigned,3621,2,0,0.0,0.0,90013.0,0.0,0.05523336095,3619,2379,2,0,2377,1593,,1242,0,0,1242,786
2020-06-29,US,Georgia,Union,68,3,0,34.82995757,-83.98967069,13291.0,277.4264615886745,4.4117647060000005,65,68,3,0,65,67,24001,0,0,0,0,1
2020-06-29,US,Georgia,Upson,348,43,0,32.87920671,-84.30024826,13293.0,1322.1884498480242,12.35632184,305,348,43,0,305,348,26215,0,0,0,0,0
2020-06-29,US,Georgia,Walker,315,11,0,34.73376362,-85.30165174,13295.0,451.54169234959363,3.4920634919999998,304,315,11,0,304,313,69410,0,0,0,0,2
2020-06-29,US,Georgia,Walton,383,28,0,33.78017694,-83.73552314,13297.0,404.8925396170964,7.310704961,355,383,28,0,355,381,93503,0,0,0,0,2
2020-06-29,US,Georgia,Ware,397,15,0,31.05449097,-82.42224148,13299.0,1110.9867353221023,3.778337531,382,395,15,0,380,394,35680,2,0,0,2,1
2020-06-29,US,Georgia,Warren,20,0,0,33.41146451,-82.67795848,13301.0,380.6623524933384,0.0,20,19,0,0,19,19,5251,1,0,0,1,0
2020-06-29,US,Georgia,Washington,94,1,0,32.96711864,-82.79357039,13303.0,461.3723372926278,1.063829787,93,91,1,0,90,91,20386,3,0,0,3,0
2020-06-29,US,Georgia,Wayne,59,0,0,31.5521809,-81.91894878,13305.0,197.1463895478999,0.0,59,57,0,0,57,55,29808,2,0,0,2,2
2020-06-29,US,Georgia,Webster,21,1,0,32.04066113,-84.54742852,13307.0,805.5235903337169,4.7619047619999995,20,21,1,0,20,21,2611,0,0,0,0,0
2020-06-29,US,Georgia,Wheeler,48,0,0,32.12009104,-82.72574721,13309.0,611.075747931254,0.0,48,45,0,0,45,43,7879,3,0,0,3,2
2020-06-29,US,Georgia,White,140,4,0,34.64624278,-83.74905525,13311.0,454.5749724008052,2.857142857,136,139,4,0,135,139,29970,1,0,0,1,0
2020-06-29,US,Georgia,Whitfield,1055,10,0,34.80987459,-84.96093476,13313.0,1008.334289100432,0.9478672986,1045,1001,10,0,991,976,104062,54,0,0,54,25
2020-06-29,US,Georgia,Wilcox,127,15,0,31.97496928,-83.43438555,13315.0,1470.758540822235,11.81102362,112,126,15,0,111,126,8812,1,0,0,1,0
2020-06-29,US,Georgia,Wilkes,54,1,0,33.78290391,-82.74286107,13317.0,552.3166615526235,1.8518518519999998,53,53,1,0,52,52,9876,1,0,0,1,1
2020-06-29,US,Georgia,Wilkinson,76,8,0,32.80291082,-83.17140684,13319.0,848.7826669644853,10.52631579,68,75,8,0,67,75,9036,1,0,0,1,0
2020-06-29,US,Georgia,Worth,305,22,0,31.55162306,-83.85090513,13321.0,1506.3960092853265,7.213114753999999,283,303,22,0,281,300,20299,2,0,0,2,3
2020-06-29,US,Hawaii,Hawaii,87,0,0,19.60121157,-155.5210167,15001.0,43.17339327983803,0.0,87,87,0,0,87,86,200983,0,0,0,0,1
2020-06-29,US,Hawaii,Honolulu,638,12,0,21.45803166,-157.97121819999995,15003.0,65.46523929186722,1.880877743,626,636,12,0,624,613,980080,2,0,0,2,23
2020-06-29,US,Hawaii,Kauai,37,0,0,22.03935037,-159.5966786,15007.0,51.18061223078306,0.0,37,37,0,0,37,35,72133,0,0,0,0,2
2020-06-29,US,Hawaii,Maui,122,6,0,20.86399628,-156.56890969999995,15009.0,72.87193056858024,4.918032787,116,123,6,0,117,122,167207,-1,0,0,-1,1
2020-06-29,US,Hawaii,Out of HI,16,0,0,0.0,0.0,80015.0,0.0,0.0,16,16,0,0,16,16,,0,0,0,0,0
2020-06-29,US,Idaho,Ada,2040,23,0,43.4526575,-116.24155159999998,16001.0,423.5994742382997,1.12745098,2017,1841,23,0,1818,1841,469966,199,0,0,199,0
2020-06-29,US,Idaho,Adams,10,0,0,44.89333571,-116.4545247,16003.0,232.8830926874709,0.0,10,10,0,0,10,10,4250,0,0,0,0,0
2020-06-29,US,Idaho,Bannock,95,1,0,42.67002716,-112.2233311,16005.0,108.1905976676385,1.052631579,94,95,1,0,94,95,87138,0,0,0,0,0
2020-06-29,US,Idaho,Benewah,21,0,0,47.21754179,-116.6586851,16009.0,225.85502258550227,0.0,21,21,0,0,21,21,9226,0,0,0,0,0
2020-06-29,US,Idaho,Bingham,37,0,0,43.21672879999999,-112.3978437,16011.0,79.04125098801562,0.0,37,36,0,0,36,36,46236,1,0,0,1,0
2020-06-29,US,Idaho,Blaine,532,5,0,43.4085812,-113.9752658,16013.0,2310.933495504105,0.9398496241,527,529,5,0,524,529,22601,3,0,0,3,0
2020-06-29,US,Idaho,Boise,4,0,0,43.98829931,-115.7309284,16015.0,51.07904482186183,0.0,4,2,0,0,2,2,7634,2,0,0,2,0
2020-06-29,US,Idaho,Bonner,31,0,0,48.29996017,-116.6017932,16017.0,67.77585867640308,0.0,31,24,0,0,24,24,44727,7,0,0,7,0
2020-06-29,US,Idaho,Bonneville,113,1,0,43.38713372,-111.6161537,16019.0,94.90853504896609,0.8849557522,112,107,1,0,106,107,116854,6,0,0,6,0
2020-06-29,US,Idaho,Boundary,1,0,0,48.76684761,-116.4630179,16021.0,8.166598611678237,0.0,1,1,0,0,1,1,11948,0,0,0,0,0
2020-06-29,US,Idaho,Camas,1,0,0,43.46665742,-114.8065892,16025.0,90.41591320072331,0.0,1,1,0,0,1,1,1127,0,0,0,0,0
2020-06-29,US,Idaho,Canyon,763,6,0,43.61970148,-116.7095499,16027.0,331.95706746603213,0.7863695937,757,692,6,0,686,692,223499,71,0,0,71,0
2020-06-29,US,Idaho,Caribou,10,0,0,42.77149116,-111.5597683,16029.0,139.7624039133473,0.0,10,10,0,0,10,10,7060,0,0,0,0,0
2020-06-29,US,Idaho,Cassia,228,1,0,42.28347888,-113.6012409,16031.0,948.8139825218477,0.4385964912,227,209,1,0,208,209,23864,19,0,0,19,0
2020-06-29,US,Idaho,Clearwater,1,0,0,46.67459924,-115.6622393,16035.0,11.420740063956144,0.0,1,1,0,0,1,1,8758,0,0,0,0,0
2020-06-29,US,Idaho,Custer,4,0,0,44.24186819,-114.2855494,16037.0,92.69988412514485,0.0,4,3,0,0,3,3,4280,1,0,0,1,0
2020-06-29,US,Idaho,Elmore,54,2,0,43.3507101,-115.4701578,16039.0,196.2851223147105,3.7037037039999996,52,52,2,0,50,52,27259,2,0,0,2,0
2020-06-29,US,Idaho,Franklin,25,0,0,42.18332217,-111.8149666,16041.0,180.16719515710582,0.0,25,23,0,0,23,23,13726,2,0,0,2,0
2020-06-29,US,Idaho,Fremont,6,0,0,44.22800938,-111.4809943,16043.0,45.80502328422017,0.0,6,5,0,0,5,5,13168,1,0,0,1,0
2020-06-29,US,Idaho,Gem,23,0,0,44.06482372,-116.398376,16045.0,126.98763250883393,0.0,23,21,0,0,21,21,17634,2,0,0,2,0
2020-06-29,US,Idaho,Gooding,64,1,0,42.96927962,-114.8108306,16047.0,421.6351538309506,1.5625,63,62,1,0,61,62,15196,2,0,0,2,0
2020-06-29,US,Idaho,Idaho,4,0,0,45.84721541,-115.4634436,16049.0,23.99952000959981,0.0,4,3,0,0,3,3,16513,1,0,0,1,0
2020-06-29,US,Idaho,Jefferson,18,0,0,43.82078483,-112.3131749,16051.0,60.259114191021396,0.0,18,18,0,0,18,18,29439,0,0,0,0,0
2020-06-29,US,Idaho,Jerome,237,4,0,42.68891267,-114.2655033,16053.0,970.8340160576764,1.687763713,233,232,4,0,228,232,24015,5,0,0,5,0
2020-06-29,US,Idaho,Kootenai,234,1,0,47.67282258,-116.7020872,16055.0,141.22162742837833,0.4273504274,233,187,1,0,186,187,161505,47,0,0,47,0
2020-06-29,US,Idaho,Latah,14,0,0,46.81587887,-116.7113698,16057.0,34.905754462950036,0.0,14,11,0,0,11,11,40134,3,0,0,3,0
2020-06-29,US,Idaho,Lemhi,2,0,0,44.9438088,-113.9309747,16059.0,24.91590880777377,0.0,2,2,0,0,2,2,7961,0,0,0,0,0
2020-06-29,US,Idaho,Lincoln,36,0,0,43.0012336,-114.1358773,16063.0,670.8907938874395,0.0,36,36,0,0,36,36,5360,0,0,0,0,0
2020-06-29,US,Idaho,Madison,36,0,0,43.78141028,-111.65384740000002,16065.0,90.20973764001305,0.0,36,33,0,0,33,33,39304,3,0,0,3,0
2020-06-29,US,Idaho,Minidoka,175,0,0,42.85518524,-113.6357257,16067.0,831.7885831075621,0.0,175,153,0,0,153,153,20825,22,0,0,22,0
2020-06-29,US,Idaho,Nez Perce,95,19,0,46.32638236,-116.7500975,16069.0,235.1019600079192,20.0,76,93,19,0,74,93,40408,2,0,0,2,0
2020-06-29,US,Idaho,Owyhee,40,0,0,42.58016894,-116.1693871,16073.0,338.3236065296456,0.0,40,34,0,0,34,34,11693,6,0,0,6,0
2020-06-29,US,Idaho,Payette,89,2,0,44.00545243,-116.7647695,16075.0,371.59200033401527,2.247191011,87,82,2,0,80,82,23551,7,0,0,7,0
2020-06-29,US,Idaho,Power,16,0,0,42.69254894,-112.83957420000002,16077.0,208.30621012888943,0.0,16,16,0,0,16,16,7768,0,0,0,0,0
2020-06-29,US,Idaho,Teton,16,0,0,43.75303583,-111.2056773,16081.0,131.77400757700545,0.0,16,16,0,0,16,16,11640,0,0,0,0,0
2020-06-29,US,Idaho,Twin Falls,566,25,0,42.35440512,-114.6685381,16083.0,651.4882939294182,4.416961131,541,551,25,0,526,551,86081,15,0,0,15,0
2020-06-29,US,Idaho,Valley,11,0,0,44.76728382,-115.5676773,16085.0,96.55898876404491,0.0,11,11,0,0,11,11,11041,0,0,0,0,0
2020-06-29,US,Idaho,Washington,100,0,0,44.45275475,-116.7847688,16087.0,980.9691975671964,0.0,100,98,0,0,98,98,10161,2,0,0,2,0
2020-06-29,US,Illinois,Adams,88,1,0,39.98815591,-91.18786813,17001.0,134.48460304118592,1.136363636,87,83,1,0,82,77,65691,5,0,0,5,6
2020-06-29,US,Illinois,Alexander,22,0,0,37.18049267,-89.32910838,17003.0,381.87814615518135,0.0,22,22,0,0,22,22,6060,0,0,0,0,0
2020-06-29,US,Illinois,Bond,13,1,0,38.88829622,-89.43534887,17005.0,79.14282235480336,7.692307692000001,12,13,1,0,12,13,16630,0,0,0,0,0
2020-06-29,US,Illinois,Boone,579,21,0,42.32359279,-88.82345779,17007.0,1081.353653070372,3.626943005,558,577,21,0,556,572,53577,2,0,0,2,5
2020-06-29,US,Illinois,Brown,10,0,0,39.96209138,-90.75068024,17009.0,152.02189115232594,0.0,10,10,0,0,10,10,6556,0,0,0,0,0
2020-06-29,US,Illinois,Bureau,25,1,0,41.40385234,-89.5283051,17011.0,76.62130685300968,4.0,24,25,1,0,24,24,32993,0,0,0,0,1
2020-06-29,US,Illinois,Calhoun,1,0,0,39.16840183,-90.66330078,17013.0,21.101498206372653,0.0,1,1,0,0,1,1,4802,0,0,0,0,0
2020-06-29,US,Illinois,Carroll,21,2,0,42.06823429,-89.93395545,17015.0,146.8018175463125,9.523809523999999,19,21,2,0,19,21,14312,0,0,0,0,0
2020-06-29,US,Illinois,Cass,129,1,0,39.96991073,-90.24734436,17017.0,1061.9906149666583,0.7751937984,128,127,1,0,126,127,12260,2,0,0,2,0
2020-06-29,US,Illinois,Champaign,854,12,0,40.13919438,-88.20046615,17019.0,407.2698138672033,1.405152225,842,847,12,0,835,837,209983,7,0,0,7,10
2020-06-29,US,Illinois,Christian,43,4,0,39.54581621,-89.27780482,17021.0,133.1104507181773,9.302325581,39,43,4,0,39,43,32661,0,0,0,0,0
2020-06-29,US,Illinois,Clark,15,0,0,39.33425789,-87.78705622,17023.0,97.14396735962696,0.0,15,15,0,0,15,14,15596,0,0,0,0,1
2020-06-29,US,Illinois,Clay,2,0,0,38.75388572,-88.48914513,17025.0,15.169902912621355,0.0,2,2,0,0,2,2,13253,0,0,0,0,0
2020-06-29,US,Illinois,Clinton,236,17,0,38.60704876,-89.42385254,17027.0,628.2945530056973,7.203389831,219,233,17,0,216,231,37639,3,0,0,3,2
2020-06-29,US,Illinois,Coles,161,17,0,39.51949084,-88.22358557,17029.0,318.04982122044214,10.55900621,144,161,17,0,144,158,50885,0,0,0,0,3
2020-06-29,US,Illinois,Cook,90122,4554,0,41.84144849,-87.81658794,17031.0,1749.8625790328326,5.053150174,85568,89755,4542,0,85213,89407,5180493,367,12,0,355,348
2020-06-29,US,Illinois,Crawford,18,0,0,39.0032229,-87.75954624,17033.0,96.42684952054428,0.0,18,18,0,0,18,18,18807,0,0,0,0,0
2020-06-29,US,Illinois,Cumberland,11,0,0,39.27432424,-88.2401158,17035.0,102.1735091956158,0.0,11,11,0,0,11,11,10808,0,0,0,0,0
2020-06-29,US,Illinois,De Witt,4,0,0,40.17514519,-88.90959682,17039.0,25.57871850620284,0.0,4,4,0,0,4,4,15769,0,0,0,0,0
2020-06-29,US,Illinois,DeKalb,542,18,0,41.89373302,-88.76958483,17037.0,516.6973316682079,3.32103321,524,541,18,0,523,537,104143,1,0,0,1,4
2020-06-29,US,Illinois,Douglas,50,0,0,39.76768052,-88.21854195,17041.0,256.8713074749551,0.0,50,48,0,0,48,47,19479,2,0,0,2,1
2020-06-29,US,Illinois,DuPage,8993,470,0,41.85116968,-88.08642662,17043.0,974.406260124106,5.226287112,8523,8951,469,0,8482,8919,928589,42,1,0,41,32
2020-06-29,US,Illinois,Edgar,10,0,0,39.6809186,-87.74759563,17045.0,58.271662490530865,0.0,10,9,0,0,9,9,17360,1,0,0,1,0
2020-06-29,US,Illinois,Edwards,2,0,0,38.41353228,-88.05720863,17047.0,31.27443315089914,0.0,2,2,0,0,2,2,6392,0,0,0,0,0
2020-06-29,US,Illinois,Effingham,11,1,0,39.05935711,-88.58969584,17049.0,32.34533051046812,9.090909091,10,11,1,0,10,11,34208,0,0,0,0,0
2020-06-29,US,Illinois,Fayette,23,3,0,39.00072038,-89.02452658,17051.0,107.79902512185976,13.04347826,20,23,3,0,20,23,21416,0,0,0,0,0
2020-06-29,US,Illinois,Ford,31,1,0,40.59706922,-88.22350769,17053.0,239.17907568860429,3.225806452,30,30,1,0,29,30,13264,1,0,0,1,0
2020-06-29,US,Illinois,Franklin,14,0,0,37.99189086,-88.92567818,17055.0,36.39293976968468,0.0,14,13,0,0,13,13,38701,1,0,0,1,0
2020-06-29,US,Illinois,Fulton,15,0,0,40.47289135,-90.20862357,17057.0,43.68083867210249,0.0,15,15,0,0,15,15,34844,0,0,0,0,0
2020-06-29,US,Illinois,Gallatin,2,0,0,37.76430935,-88.22953869,17059.0,41.42502071251035,0.0,2,2,0,0,2,2,5058,0,0,0,0,0
2020-06-29,US,Illinois,Greene,9,0,0,39.35907414,-90.388865,17061.0,69.39625260235947,0.0,9,9,0,0,9,9,13044,0,0,0,0,0
2020-06-29,US,Illinois,Grundy,160,4,0,41.28569601,-88.41905692,17063.0,313.3936616131939,2.5,156,160,4,0,156,160,50972,0,0,0,0,0
2020-06-29,US,Illinois,Hamilton,4,0,0,38.08163641,-88.53883373,17065.0,49.28536224741252,0.0,4,4,0,0,4,4,8163,0,0,0,0,0
2020-06-29,US,Illinois,Hancock,18,1,0,40.40423981,-91.16313899,17067.0,101.6489722159476,5.555555556,17,18,1,0,17,18,17844,0,0,0,0,0
2020-06-29,US,Illinois,Hardin,1,0,0,37.51810645,-88.26873022,17069.0,26.17115938236064,0.0,1,1,0,0,1,1,3910,0,0,0,0,0
2020-06-29,US,Illinois,Henderson,8,0,0,40.81908672,-90.92491462,17071.0,120.37315678603672,0.0,8,8,0,0,8,8,6709,0,0,0,0,0
2020-06-29,US,Illinois,Henry,86,1,0,41.3533994,-90.13296166,17073.0,175.8223785087809,1.162790698,85,83,1,0,82,79,49090,3,0,0,3,4
2020-06-29,US,Illinois,Iroquois,157,5,0,40.74717633,-87.82466784,17075.0,579.0366600280298,3.1847133760000004,152,156,5,0,151,156,27604,1,0,0,1,0
2020-06-29,US,Illinois,Jackson,329,19,0,37.78595185,-89.38232563,17077.0,579.7356828193832,5.775075987999999,310,329,19,0,310,329,57419,0,0,0,0,0
2020-06-29,US,Illinois,Jasper,46,7,0,39.01054275,-88.15437049,17079.0,478.6680541103018,15.2173913,39,46,7,0,39,46,9611,0,0,0,0,0
2020-06-29,US,Illinois,Jefferson,107,17,0,38.29980057,-88.9240025,17081.0,283.9401337437639,15.88785047,90,106,17,0,89,106,37820,1,0,0,1,0
2020-06-29,US,Illinois,Jersey,35,1,0,39.08869046,-90.35393073,17083.0,160.74955219767602,2.857142857,34,35,1,0,34,35,21847,0,0,0,0,0
2020-06-29,US,Illinois,Jo Daviess,42,1,0,42.36542373,-90.21094405,17085.0,197.78667294560867,2.3809523809999997,41,42,1,0,41,40,21366,0,0,0,0,2
2020-06-29,US,Illinois,Johnson,20,0,0,37.45939802,-88.88165419,17087.0,161.0695014898929,0.0,20,20,0,0,20,20,12456,0,0,0,0,0
2020-06-29,US,Illinois,Kane,7674,265,0,41.93842729,-88.42861412,17089.0,1441.3893235011826,3.45321866,7409,7626,265,0,7361,7604,534216,48,0,0,48,22
2020-06-29,US,Illinois,Kankakee,1269,65,0,41.13746989,-87.86205334,17091.0,1155.085470863447,5.12214342,1204,1268,65,0,1203,1266,110024,1,0,0,1,2
2020-06-29,US,Illinois,Kendall,955,20,0,41.59081014,-88.42869583,17093.0,740.3674703465385,2.094240838,935,950,20,0,930,946,127915,5,0,0,5,4
2020-06-29,US,Illinois,Knox,125,0,0,40.93148779,-90.21330340000002,17095.0,251.51411497213226,0.0,125,124,0,0,124,124,50112,1,0,0,1,0
2020-06-29,US,Illinois,LaSalle,208,17,0,41.34426129999999,-88.88633881,17099.0,191.4069329799667,8.173076923,191,205,17,0,188,205,109430,3,0,0,3,0
2020-06-29,US,Illinois,Lake,9695,415,0,42.3224907,-88.00367925,17097.0,1391.8898547811664,4.280556988,9280,9644,415,0,9229,9608,700832,51,0,0,51,36
2020-06-29,US,Illinois,Lawrence,7,0,0,38.71987914,-87.72884035,17101.0,44.64855211123868,0.0,7,7,0,0,7,7,15765,0,0,0,0,0
2020-06-29,US,Illinois,Lee,97,2,0,41.74583951,-89.29977132,17103.0,284.4908493664946,2.06185567,95,97,2,0,95,97,34223,0,0,0,0,0
2020-06-29,US,Illinois,Livingston,43,2,0,40.89188292,-88.55784752,17105.0,120.62387791741472,4.651162791,41,43,2,0,41,42,35761,0,0,0,0,1
2020-06-29,US,Illinois,Logan,13,0,0,40.12581572,-89.36638784,17107.0,45.42595569222168,0.0,13,13,0,0,13,13,28925,0,0,0,0,0
2020-06-29,US,Illinois,Macon,228,22,0,39.86064913,-88.96342505,17115.0,219.21179897893447,9.649122807000001,206,227,22,0,205,227,104712,1,0,0,1,0
2020-06-29,US,Illinois,Macoupin,51,3,0,39.26119767,-89.92424028,17117.0,113.5200106842363,5.882352941000001,48,51,3,0,48,51,45313,0,0,0,0,0
2020-06-29,US,Illinois,Madison,931,68,0,38.83042506,-89.90422563,17119.0,354.0381646296479,7.303974221,863,917,68,0,849,903,264461,14,0,0,14,14
2020-06-29,US,Illinois,Marion,65,0,0,38.64963204,-88.91899208,17121.0,174.7077005778793,0.0,65,65,0,0,65,65,37620,0,0,0,0,0
2020-06-29,US,Illinois,Marshall,8,0,0,41.0327901,-89.34510444,17123.0,69.94229760447631,0.0,8,8,0,0,8,8,11534,0,0,0,0,0
2020-06-29,US,Illinois,Mason,22,0,0,40.23917274,-89.91824452,17125.0,164.68298525338722,0.0,22,22,0,0,22,22,13565,0,0,0,0,0
2020-06-29,US,Illinois,Massac,11,0,0,37.22078441,-88.71036614,17127.0,79.87220447284345,0.0,11,11,0,0,11,10,14080,0,0,0,0,1
2020-06-29,US,Illinois,McDonough,100,15,0,40.45674722,-90.67775541,17109.0,336.9045212586753,15.0,85,100,15,0,85,100,29955,0,0,0,0,0
2020-06-29,US,Illinois,McHenry,2010,97,0,42.32451172,-88.45248227,17111.0,653.0766081605334,4.8258706469999995,1913,1999,97,0,1902,1991,308570,11,0,0,11,8
2020-06-29,US,Illinois,McLean,257,13,0,40.48996987,-88.84621113,17113.0,149.83937452264206,5.058365759,244,257,13,0,244,256,172828,0,0,0,0,1
2020-06-29,US,Illinois,Menard,24,0,0,40.02742725,-89.80246001,17129.0,196.78583142013767,0.0,24,24,0,0,24,24,12288,0,0,0,0,0
2020-06-29,US,Illinois,Mercer,19,0,0,41.20596782,-90.74290052,17131.0,123.0809095031418,0.0,19,19,0,0,19,20,15601,0,0,0,0,-1
2020-06-29,US,Illinois,Monroe,126,13,0,38.27594376,-90.17761038,17133.0,363.7728440684817,10.31746032,113,123,13,0,110,123,34335,3,0,0,3,0
2020-06-29,US,Illinois,Montgomery,42,1,0,39.23198845,-89.47809254,17135.0,147.81445766171606,2.3809523809999997,41,41,1,0,40,41,28601,1,0,0,1,0
2020-06-29,US,Illinois,Morgan,127,3,0,39.71654544,-90.20255104,17137.0,377.3248559034999,2.362204724,124,126,3,0,123,126,33976,1,0,0,1,0
2020-06-29,US,Illinois,Moultrie,17,0,0,39.64187451,-88.62099969,17139.0,117.23329425556858,0.0,17,17,0,0,17,17,14717,0,0,0,0,0
2020-06-29,US,Illinois,Ogle,256,4,0,42.04165196,-89.32184679,17141.0,505.4992792686057,1.5625,252,252,4,0,248,247,50923,4,0,0,4,5
2020-06-29,US,Illinois,Out of IL,1,0,0,0.0,0.0,80017.0,0.0,0.0,1,,,,,,,,,,,
2020-06-29,US,Illinois,Peoria,487,28,0,40.78702156,-89.76078901,17143.0,271.795243862283,5.749486653,459,475,28,0,447,468,180621,12,0,0,12,7
2020-06-29,US,Illinois,Perry,50,1,0,38.08510853,-89.36856219,17145.0,239.05144387072102,2.0,49,49,0,0,49,49,21174,1,1,0,0,0
2020-06-29,US,Illinois,Piatt,19,0,0,40.01360584,-88.59319339,17147.0,116.25061184532551,0.0,19,19,0,0,19,19,16396,0,0,0,0,0
2020-06-29,US,Illinois,Pike,2,0,0,39.62265059,-90.8877017,17149.0,12.852644431591802,0.0,2,2,0,0,2,2,15611,0,0,0,0,0
2020-06-29,US,Illinois,Pope,1,0,0,37.41391284,-88.56152109,17151.0,23.94062724443381,0.0,1,1,0,0,1,1,4212,0,0,0,0,0
2020-06-29,US,Illinois,Pulaski,74,0,0,37.22631423,-89.13085001,17153.0,1387.0665417057169,0.0,74,74,0,0,74,74,5463,0,0,0,0,0
2020-06-29,US,Illinois,Putnam,1,0,0,41.2013541,-89.2869272,17155.0,17.424638438752392,0.0,1,1,0,0,1,1,5740,0,0,0,0,0
2020-06-29,US,Illinois,Randolph,281,7,0,38.05095369,-89.82512254,17157.0,884.1482600213957,2.491103203,274,279,7,0,272,279,32106,2,0,0,2,0
2020-06-29,US,Illinois,Richland,4,0,0,38.71240969,-88.08475366,17159.0,25.784825630116682,0.0,4,4,0,0,4,4,15763,0,0,0,0,0
2020-06-29,US,Illinois,Rock Island,912,28,0,41.46613806,-90.57042164,17161.0,642.8012602287864,3.070175439,884,899,28,0,871,882,143477,13,0,0,13,17
2020-06-29,US,Illinois,Saline,9,0,0,37.75332999,-88.54119706,17165.0,38.31254523008812,0.0,9,9,0,0,9,9,23906,0,0,0,0,0
2020-06-29,US,Illinois,Sangamon,419,31,0,39.75836914,-89.65872023,17167.0,215.23382921015858,7.398568019,388,411,31,0,380,408,195348,8,0,0,8,3
2020-06-29,US,Illinois,Schuyler,13,0,0,40.157179799999994,-90.61114163,17169.0,192.08037825059105,0.0,13,13,0,0,13,13,6907,0,0,0,0,0
2020-06-29,US,Illinois,Shelby,18,1,0,39.39133527,-88.80611122,17173.0,83.20236664509571,5.555555556,17,18,1,0,17,16,21741,0,0,0,0,2
2020-06-29,US,Illinois,St. Clair,1863,135,0,38.46996033,-89.93063427,17163.0,717.4048658764816,7.246376812,1728,1801,135,0,1666,1759,261059,62,0,0,62,42
2020-06-29,US,Illinois,Stark,3,0,0,41.09309773,-89.79745866,17175.0,56.15874204417821,0.0,3,3,0,0,3,3,5427,0,0,0,0,0
2020-06-29,US,Illinois,Stephenson,268,5,0,42.35129217,-89.662598,17177.0,602.2742595172816,1.865671642,263,268,5,0,263,268,44753,0,0,0,0,0
2020-06-29,US,Illinois,Tazewell,122,7,0,40.50716185,-89.51404662,17179.0,92.56238477121158,5.7377049179999995,115,120,7,0,113,117,132328,2,0,0,2,3
2020-06-29,US,Illinois,Unassigned,43,0,0,0.0,0.0,90017.0,0.0,0.0,43,29,0,0,29,29,,14,0,0,14,0
2020-06-29,US,Illinois,Union,184,19,0,37.47119609,-89.25548938,17181.0,1104.9060229388099,10.32608696,165,184,19,0,165,183,16841,0,0,0,0,1
2020-06-29,US,Illinois,Vermilion,66,2,0,40.18417171,-87.73384359,17183.0,87.11951213073206,3.03030303,64,65,2,0,63,58,76806,1,0,0,1,7
2020-06-29,US,Illinois,Wabash,22,0,0,38.44272901,-87.84922065,17185.0,190.97222222222226,0.0,22,22,0,0,22,22,11549,0,0,0,0,0
2020-06-29,US,Illinois,Warren,135,0,0,40.84925021,-90.6147432,17187.0,801.4723343623842,0.0,135,135,0,0,135,133,17032,0,0,0,0,2
2020-06-29,US,Illinois,Washington,19,0,0,38.35309213,-89.40982703,17189.0,136.81860733059696,0.0,19,19,0,0,19,19,13995,0,0,0,0,0
2020-06-29,US,Illinois,Wayne,13,1,0,38.42955355,-88.42586459,17191.0,80.172679617638,7.692307692000001,12,12,1,0,11,12,16332,1,0,0,1,0
2020-06-29,US,Illinois,White,4,0,0,38.08706198,-88.17657461,17193.0,29.548644455935587,0.0,4,4,0,0,4,4,13665,0,0,0,0,0
2020-06-29,US,Illinois,Whiteside,183,15,0,41.75509713,-89.91556058,17195.0,331.67195287720887,8.196721311000001,168,183,15,0,168,183,55626,0,0,0,0,0
2020-06-29,US,Illinois,Will,6635,319,0,41.44619267,-87.97862712,17197.0,960.5598609034039,4.807837227,6316,6608,319,0,6289,6577,692310,27,0,0,27,31
2020-06-29,US,Illinois,Williamson,114,4,0,37.73033511,-88.92994027,17199.0,171.17888193161855,3.50877193,110,113,4,0,109,106,67056,1,0,0,1,7
2020-06-29,US,Illinois,Winnebago,3014,92,0,42.33641854,-89.16085327,17201.0,1066.6308055999887,3.0524220310000003,2922,3004,92,0,2912,2992,284081,10,0,0,10,12
2020-06-29,US,Illinois,Woodford,33,2,0,40.78579374,-89.20973757,17203.0,85.80566317376946,6.0606060610000005,31,33,2,0,31,33,38463,0,0,0,0,0
2020-06-29,US,Indiana,Adams,45,1,0,40.7457653,-84.93671406,18001.0,125.77913184448109,2.222222222,44,44,1,0,43,43,35636,1,0,0,1,1
2020-06-29,US,Indiana,Allen,2621,106,0,41.09194313,-85.06800636,18003.0,691.0115766189734,4.0442579169999995,2515,2598,104,0,2494,2575,375351,23,2,0,21,23
2020-06-29,US,Indiana,Bartholomew,578,44,0,39.20744865,-85.89558181,18005.0,689.9103593979397,7.612456747,534,577,44,0,533,576,82753,1,0,0,1,1
2020-06-29,US,Indiana,Benton,46,0,0,40.60626947,-87.31093999,18007.0,525.8344764517605,0.0,46,46,0,0,46,44,8653,0,0,0,0,2
2020-06-29,US,Indiana,Blackford,35,2,0,40.47388153,-85.32499702,18009.0,297.6696717128763,5.714285714,33,35,2,0,33,35,11930,0,0,0,0,0
2020-06-29,US,Indiana,Boone,416,41,0,40.0509304,-86.46841646,18011.0,613.1804312898897,9.855769231,375,411,41,0,370,409,66999,5,0,0,5,2
2020-06-29,US,Indiana,Brown,38,1,0,39.19605589,-86.22868909,18013.0,251.78902729923138,2.631578947,37,38,1,0,37,37,15234,0,0,0,0,1
2020-06-29,US,Indiana,Carroll,107,2,0,40.580783200000006,-86.56198812,18015.0,528.2124697635385,1.869158879,105,107,2,0,105,107,20127,0,0,0,0,0
2020-06-29,US,Indiana,Cass,1636,9,0,40.76135835,-86.34830753,18017.0,4340.789089654806,0.5501222494,1627,1635,9,0,1626,1633,37955,1,0,0,1,2
2020-06-29,US,Indiana,Clark,614,44,0,38.48015445,-85.70510334,18019.0,519.0106676133962,7.166123778999999,570,613,44,0,569,613,117360,1,0,0,1,0
2020-06-29,US,Indiana,Clay,59,4,0,39.39561833,-87.11723506,18021.0,224.97616777883698,6.7796610170000005,55,59,4,0,55,59,26170,0,0,0,0,0
2020-06-29,US,Indiana,Clinton,278,1,0,40.30319754,-86.47277257,18023.0,858.0511744189636,0.35971223020000004,277,277,1,0,276,276,32250,1,0,0,1,1
2020-06-29,US,Indiana,Crawford,28,0,0,38.28814402,-86.44518825,18025.0,264.7253474520185,0.0,28,28,0,0,28,27,10558,0,0,0,0,1
2020-06-29,US,Indiana,Daviess,135,16,0,38.70186039,-87.07185406,18027.0,404.7854637042368,11.85185185,119,134,16,0,118,133,33147,1,0,0,1,1
2020-06-29,US,Indiana,DeKalb,156,4,0,41.39804622,-84.99906934,18033.0,358.8269120184014,2.564102564,152,155,4,0,151,151,43226,1,0,0,1,4
2020-06-29,US,Indiana,Dearborn,199,22,0,39.14647946,-84.97333539,18029.0,402.36159974119454,11.05527638,177,198,22,0,176,197,49568,1,0,0,1,1
2020-06-29,US,Indiana,Decatur,242,32,0,39.30712658,-85.50087166,18031.0,911.1788847471666,13.2231405,210,241,32,0,209,241,26794,1,0,0,1,0
2020-06-29,US,Indiana,Delaware,423,48,0,40.22787247,-85.39732772,18035.0,370.6137468786963,11.34751773,375,422,48,0,374,419,114772,1,0,0,1,3
2020-06-29,US,Indiana,Dubois,258,6,0,38.36597551,-86.87924170000002,18037.0,603.7064769749157,2.325581395,252,258,6,0,252,256,42565,0,0,0,0,2
2020-06-29,US,Indiana,Elkhart,3003,42,0,41.59761169,-85.85875695,18039.0,1455.3578784633207,1.3986013990000001,2961,2976,42,0,2934,2928,205560,27,0,0,27,48
2020-06-29,US,Indiana,Fayette,95,7,0,39.63684962,-85.17797541,18041.0,411.21980780884763,7.368421053,88,95,7,0,88,94,23047,0,0,0,0,1
2020-06-29,US,Indiana,Floyd,358,44,0,38.32117957,-85.90385377,18043.0,455.92318076462647,12.29050279,314,357,44,0,313,357,77781,1,0,0,1,0
2020-06-29,US,Indiana,Fountain,28,2,0,40.12361933,-87.24217689,18045.0,171.29572984216318,7.142857143,26,27,2,0,25,26,16351,1,0,0,1,1
2020-06-29,US,Indiana,Franklin,124,8,0,39.4142482,-85.06062647,18047.0,544.8633447578874,6.451612902999999,116,124,8,0,116,124,22736,0,0,0,0,0
2020-06-29,US,Indiana,Fulton,65,1,0,41.0469907,-86.26252745,18049.0,325.42304996495443,1.5384615380000002,64,65,1,0,64,65,20092,0,0,0,0,0
2020-06-29,US,Indiana,Gibson,36,2,0,38.30393723,-87.58054938,18051.0,106.95504916961289,5.555555556,34,32,2,0,30,31,33452,4,0,0,4,1
2020-06-29,US,Indiana,Grant,283,26,0,40.51587228,-85.65468702,18053.0,430.2939074640028,9.187279152,257,283,26,0,257,284,65936,0,0,0,0,-1
2020-06-29,US,Indiana,Greene,183,31,0,39.03630547,-86.96223202,18055.0,573.2723513564313,16.93989071,152,183,31,0,152,183,32006,0,0,0,0,0
2020-06-29,US,Indiana,Hamilton,1447,98,0,40.07306535,-86.05244729,18057.0,428.0925768688001,6.772633034,1349,1432,97,0,1335,1428,330086,15,1,0,14,4
2020-06-29,US,Indiana,Hancock,413,35,0,39.82304555,-85.77566351,18059.0,528.3491966021902,8.474576271,378,408,35,0,373,404,76351,5,0,0,5,4
2020-06-29,US,Indiana,Harrison,206,22,0,38.19467379,-86.10948271,18061.0,508.45365913859047,10.67961165,184,205,22,0,183,203,40350,1,0,0,1,2
2020-06-29,US,Indiana,Hendricks,1361,99,0,39.76719009,-86.51037283,18063.0,799.1263042316702,7.274063189,1262,1358,99,0,1259,1356,167009,3,0,0,3,2
2020-06-29,US,Indiana,Henry,232,15,0,39.93029017,-85.39625719,18065.0,483.6154423413658,6.465517241000001,217,220,15,0,205,216,48271,12,0,0,12,4
2020-06-29,US,Indiana,Howard,538,55,0,40.48527731,-86.11351892,18067.0,651.7735995347938,10.22304833,483,537,55,0,482,536,82366,1,0,0,1,1
2020-06-29,US,Indiana,Huntington,70,2,0,40.82907273,-85.48822092,18069.0,191.67579408543259,2.857142857,68,67,2,0,65,66,36240,3,0,0,3,1
2020-06-29,US,Indiana,Jackson,451,3,0,38.90915820000001,-86.03851889,18071.0,1019.6468540164136,0.6651884700999999,448,446,3,0,443,443,44111,5,0,0,5,3
2020-06-29,US,Indiana,Jasper,107,2,0,41.02078733,-87.11553319,18073.0,318.8129432095824,1.869158879,105,106,2,0,104,102,33370,1,0,0,1,4
2020-06-29,US,Indiana,Jay,66,0,0,40.43781032,-85.00576229,18075.0,322.9594832648268,0.0,66,65,0,0,65,65,20764,1,0,0,1,0
2020-06-29,US,Indiana,Jefferson,63,1,0,38.78576239,-85.43633383,18077.0,194.9981428748297,1.5873015869999998,62,63,1,0,62,62,32208,0,0,0,0,1
2020-06-29,US,Indiana,Jennings,170,9,0,38.99588883,-85.62710784,18079.0,612.9439336578331,5.294117647,161,168,9,0,159,168,27611,2,0,0,2,0
2020-06-29,US,Indiana,Johnson,1231,117,0,39.48994426,-86.10149107,18081.0,778.2912997022135,9.504467912,1114,1227,117,0,1110,1220,156225,4,0,0,4,7
2020-06-29,US,Indiana,Knox,59,0,0,38.68861576,-87.4194665,18083.0,161.22861671312236,0.0,59,58,0,0,58,56,36895,1,0,0,1,2
2020-06-29,US,Indiana,Kosciusko,477,2,0,41.24521668,-85.86312322,18085.0,600.3322593636731,0.4192872117,475,468,2,0,466,449,79344,9,0,0,9,19
2020-06-29,US,Indiana,LaGrange,449,6,0,41.64232188,-85.42674232,18087.0,1133.4376735497553,1.336302895,443,446,6,0,440,437,39330,3,0,0,3,9
2020-06-29,US,Indiana,LaPorte,522,25,0,41.54366008,-86.74072188,18091.0,475.02912055911474,4.789272031,497,521,25,0,496,512,110007,1,0,0,1,9
2020-06-29,US,Indiana,Lake,4781,239,0,41.41874274,-87.38277575,18089.0,984.7721800314321,4.9989541939999995,4542,4741,239,0,4502,4696,484411,40,0,0,40,45
2020-06-29,US,Indiana,Lawrence,218,24,0,38.84112637,-86.48361629,18093.0,480.4937183160679,11.00917431,194,217,24,0,193,213,45668,1,0,0,1,4
2020-06-29,US,Indiana,Madison,642,63,0,40.16143691,-85.71964711,18095.0,495.48889008945036,9.813084112,579,639,63,0,576,638,129641,3,0,0,3,1
2020-06-29,US,Indiana,Marion,11279,677,0,39.78163624,-86.13826325,18097.0,1169.3147912774652,6.0023051689999996,10602,11236,677,0,10559,11182,954670,43,0,0,43,54
2020-06-29,US,Indiana,Marshall,407,3,0,41.32467367,-86.26185087,18099.0,879.8478101085217,0.7371007370999999,404,403,3,0,400,401,46248,4,0,0,4,2
2020-06-29,US,Indiana,Martin,24,0,0,38.7099921,-86.80373186,18101.0,234.03217942467086,0.0,24,22,0,0,22,22,10217,2,0,0,2,0
2020-06-29,US,Indiana,Miami,180,2,0,40.76940965,-86.04525048,18103.0,506.8138303863048,1.111111111,178,179,2,0,177,178,35567,1,0,0,1,1
2020-06-29,US,Indiana,Monroe,237,28,0,39.16130004,-86.52414358,18105.0,159.67014976655818,11.81434599,209,233,28,0,205,227,146917,4,0,0,4,6
2020-06-29,US,Indiana,Montgomery,284,20,0,40.04034823,-86.89335024,18107.0,740.7793833794146,7.042253521,264,281,19,0,262,281,38346,3,1,0,2,0
2020-06-29,US,Indiana,Morgan,316,31,0,39.47899078,-86.44573375,18109.0,448.296897388245,9.810126582,285,314,31,0,283,313,70116,2,0,0,2,1
2020-06-29,US,Indiana,Newton,93,10,0,40.95610449,-87.39635768,18111.0,665.045766590389,10.75268817,83,93,10,0,83,91,14011,0,0,0,0,2
2020-06-29,US,Indiana,Noble,431,28,0,41.39672484,-85.41966713,18113.0,902.7312332439676,6.496519722,403,427,28,0,399,417,47532,4,0,0,4,10
2020-06-29,US,Indiana,Ohio,14,0,0,38.955304999999996,-84.96515993,18115.0,238.2978723404256,0.0,14,14,0,0,14,14,5844,0,0,0,0,0
2020-06-29,US,Indiana,Orange,133,23,0,38.54118920000001,-86.49523093,18117.0,676.9825918762089,17.29323308,110,133,23,0,110,133,19489,0,0,0,0,0
2020-06-29,US,Indiana,Owen,43,1,0,39.31145587,-86.83900724,18119.0,206.74070868791767,2.325581395,42,43,1,0,42,42,20845,0,0,0,0,1
2020-06-29,US,Indiana,Parke,22,0,0,39.77202286,-87.20375833,18121.0,129.89313337663106,0.0,22,22,0,0,22,22,16927,0,0,0,0,0
2020-06-29,US,Indiana,Perry,119,7,0,38.07809328,-86.63741946,18123.0,620.7939902968334,5.882352941000001,112,118,7,0,111,118,19102,1,0,0,1,0
2020-06-29,US,Indiana,Pike,6,0,0,38.40112197,-87.23574907,18125.0,48.43005892323836,0.0,6,6,0,0,6,6,12410,0,0,0,0,0
2020-06-29,US,Indiana,Porter,676,36,0,41.45986947,-87.06848888,18127.0,396.73922612375213,5.325443787,640,668,36,0,632,660,169594,8,0,0,8,8
2020-06-29,US,Indiana,Posey,30,0,0,38.02097333,-87.86480429,18129.0,117.98481928658512,0.0,30,29,0,0,29,28,25540,1,0,0,1,1
2020-06-29,US,Indiana,Pulaski,55,1,0,41.04166107,-86.69890683,18131.0,445.2359750667853,1.8181818180000002,54,55,1,0,54,55,12469,0,0,0,0,0
2020-06-29,US,Indiana,Putnam,164,8,0,39.66437981,-86.84517605,18133.0,436.44879710453483,4.87804878,156,162,8,0,154,162,37779,2,0,0,2,0
2020-06-29,US,Indiana,Randolph,75,4,0,40.15734772,-85.01139319,18135.0,304.07459963511053,5.333333333,71,75,4,0,71,75,24851,0,0,0,0,0
2020-06-29,US,Indiana,Ripley,112,7,0,39.10235626,-85.26212744,18137.0,395.4243750882644,6.25,105,112,7,0,105,112,28523,0,0,0,0,0
2020-06-29,US,Indiana,Rush,53,3,0,39.62002287,-85.4655599,18139.0,319.6429648392739,5.660377358,50,53,3,0,50,53,16663,0,0,0,0,0
2020-06-29,US,Indiana,Scott,154,6,0,38.68672078,-85.74627859,18143.0,645.0802161437607,3.896103896,148,154,6,0,148,154,23878,0,0,0,0,0
2020-06-29,US,Indiana,Shelby,413,25,0,39.52305623,-85.79158570000001,18145.0,923.3383263654453,6.053268765,388,412,25,0,387,410,44593,1,0,0,1,2
2020-06-29,US,Indiana,Spencer,30,1,0,38.01519732,-87.0079644,18147.0,147.95088030773783,3.333333333,29,30,1,0,29,30,20327,0,0,0,0,0
2020-06-29,US,Indiana,St. Joseph,1819,65,0,41.61756781,-86.29040834,18141.0,669.1780771522957,3.5733919739999997,1754,1812,64,0,1748,1798,270771,7,1,0,6,14
2020-06-29,US,Indiana,Starke,67,3,0,41.27890281,-86.64686895,18149.0,291.3676886279626,4.47761194,64,66,3,0,63,65,22935,1,0,0,1,1
2020-06-29,US,Indiana,Steuben,121,2,0,41.64423868,-85.00101094,18151.0,349.7716367000058,1.652892562,119,120,2,0,118,120,34586,1,0,0,1,0
2020-06-29,US,Indiana,Sullivan,45,1,0,39.08952258,-87.41414469,18153.0,217.7173544922348,2.222222222,44,45,1,0,44,45,20690,0,0,0,0,0
2020-06-29,US,Indiana,Switzerland,23,0,0,38.82767338,-85.03022429,18155.0,213.933587573249,0.0,23,23,0,0,23,23,10717,0,0,0,0,0
2020-06-29,US,Indiana,Tippecanoe,624,8,0,40.38872739,-86.89413959,18157.0,318.8032616025995,1.282051282,616,609,8,0,601,599,193048,15,0,0,15,10
2020-06-29,US,Indiana,Tipton,30,1,0,40.31123252,-86.05234925,18159.0,198.045946659625,3.333333333,29,30,1,0,29,30,15128,0,0,0,0,0
2020-06-29,US,Indiana,Unassigned,0,192,0,0.0,0.0,90018.0,0.0,0.0,-192,0,192,0,-192,0,,0,0,0,0,0
2020-06-29,US,Indiana,Union,13,0,0,39.62550777,-84.92497066,18161.0,184.2925999432946,0.0,13,13,0,0,13,13,7037,0,0,0,0,0
2020-06-29,US,Indiana,Vanderburgh,407,6,0,38.02658833,-87.58763124,18163.0,224.3029798678431,1.474201474,401,400,6,0,394,388,180974,7,0,0,7,12
2020-06-29,US,Indiana,Vermillion,13,0,0,39.8523352,-87.46160542,18165.0,83.88179119886435,0.0,13,13,0,0,13,13,15479,0,0,0,0,0
2020-06-29,US,Indiana,Vigo,220,8,0,39.42944561,-87.39169027,18167.0,205.53448308077503,3.6363636360000005,212,218,8,0,210,219,107386,2,0,0,2,-1
2020-06-29,US,Indiana,Wabash,106,2,0,40.84704239,-85.79328272,18169.0,341.9796102722932,1.8867924530000002,104,106,2,0,104,105,31280,0,0,0,0,1
2020-06-29,US,Indiana,Warren,14,1,0,40.34728141,-87.35602659,18171.0,169.38898971566852,7.142857143,13,14,1,0,13,14,8263,0,0,0,0,0
2020-06-29,US,Indiana,Warrick,194,29,0,38.08922676,-87.2716085,18173.0,307.9462840090161,14.94845361,165,190,29,0,161,185,62567,4,0,0,4,5
2020-06-29,US,Indiana,Washington,63,1,0,38.60219804,-86.1049363,18175.0,224.71108574689686,1.5873015869999998,62,63,1,0,62,63,27943,0,0,0,0,0
2020-06-29,US,Indiana,Wayne,126,6,0,39.863344399999995,-85.01044989,18177.0,191.24521886952823,4.7619047619999995,120,124,6,0,118,120,65936,2,0,0,2,4
2020-06-29,US,Indiana,Wells,67,1,0,40.72934187,-85.22132966,18179.0,236.7825841108284,1.4925373130000001,66,67,1,0,66,66,28206,0,0,0,0,1
2020-06-29,US,Indiana,White,255,10,0,40.74911165,-86.86492015,18181.0,1058.0034851879511,3.921568627,245,255,10,0,245,253,24133,0,0,0,0,2
2020-06-29,US,Indiana,Whitley,79,4,0,41.13863784,-85.50791236,18183.0,232.59922270639495,5.0632911389999995,75,78,4,0,74,77,34074,1,0,0,1,1
2020-06-29,US,Iowa,Adair,15,0,0,41.33075609,-94.47105874,19001.0,209.7315436241611,0.0,15,15,0,0,15,14,7063,0,0,0,0,1
2020-06-29,US,Iowa,Adams,8,0,0,41.02903567,-94.69932645,19003.0,222.0988339811216,0.0,8,8,0,0,8,8,3645,0,0,0,0,0
2020-06-29,US,Iowa,Allamakee,123,4,0,43.28383218,-91.37860922,19005.0,898.6629648571637,3.25203252,119,123,4,0,119,122,13832,0,0,0,0,1
2020-06-29,US,Iowa,Appanoose,20,3,0,40.74324454,-92.86865906,19007.0,160.95284081764044,15.0,17,20,3,0,17,20,12437,0,0,0,0,0
2020-06-29,US,Iowa,Audubon,17,1,0,41.6844628,-94.90581859,19009.0,309.315866084425,5.882352941000001,16,17,1,0,16,17,5506,0,0,0,0,0
2020-06-29,US,Iowa,Benton,58,1,0,42.08011739,-92.06463573,19011.0,226.16494443361282,1.724137931,57,56,1,0,55,55,25642,2,0,0,2,1
2020-06-29,US,Iowa,Black Hawk,2079,57,0,42.4704581,-92.30524729,19013.0,1584.2655530831837,2.7417027419999997,2022,2059,57,0,2002,2008,132408,20,0,0,20,51
2020-06-29,US,Iowa,Boone,135,1,0,42.03657094,-93.9313999,19015.0,514.5993748570556,0.7407407407,134,134,1,0,133,131,26346,1,0,0,1,3
2020-06-29,US,Iowa,Bremer,87,6,0,42.77461496,-92.31795937,19017.0,347.1390950442902,6.896551724,81,86,6,0,80,85,24947,1,0,0,1,1
2020-06-29,US,Iowa,Buchanan,44,1,0,42.4709188,-91.83510825,19019.0,207.7922077922078,2.272727273,43,43,1,0,42,42,21199,1,0,0,1,1
2020-06-29,US,Iowa,Buena Vista,1694,11,0,42.73545875,-95.15100162,19021.0,8634.046890927624,0.6493506494,1683,1692,11,0,1681,1689,19874,2,0,0,2,3
2020-06-29,US,Iowa,Butler,45,2,0,42.73172833,-92.79015971,19023.0,311.6559318512363,4.444444444,43,42,2,0,40,41,14539,3,0,0,3,1
2020-06-29,US,Iowa,Calhoun,43,1,0,42.38521079,-94.64046046,19025.0,444.7662391394291,2.325581395,42,41,0,0,41,39,9699,2,1,0,1,2
2020-06-29,US,Iowa,Carroll,82,1,0,42.03617207,-94.86032705,19027.0,406.64517728737917,1.219512195,81,79,1,0,78,76,20154,3,0,0,3,3
2020-06-29,US,Iowa,Cass,17,0,0,41.33149454,-94.92792482,19029.0,132.44001246494236,0.0,17,17,0,0,17,17,12930,0,0,0,0,0
2020-06-29,US,Iowa,Cedar,74,1,0,41.77233777,-91.13246684,19031.0,397.2727760777366,1.351351351,73,71,1,0,70,70,18627,3,0,0,3,1
2020-06-29,US,Iowa,Cerro Gordo,99,1,0,43.08177563,-93.2612239,19033.0,233.21554770318025,1.01010101,98,93,1,0,92,85,42647,6,0,0,6,8
2020-06-29,US,Iowa,Cherokee,71,0,0,42.73538914,-95.62389402,19035.0,631.9537160658656,0.0,71,71,0,0,71,69,11321,0,0,0,0,2
2020-06-29,US,Iowa,Chickasaw,25,0,0,43.06001295,-92.31773347,19037.0,209.50305874465766,0.0,25,24,0,0,24,24,11964,1,0,0,1,0
2020-06-29,US,Iowa,Clarke,123,2,0,41.02868181,-93.78499767,19039.0,1309.2070250133052,1.62601626,121,123,2,0,121,120,9423,0,0,0,0,3
2020-06-29,US,Iowa,Clay,119,0,0,43.08247182,-95.15096481,19041.0,743.006993006993,0.0,119,119,0,0,119,116,16134,0,0,0,0,3
2020-06-29,US,Iowa,Clayton,38,3,0,42.84443388,-91.34133693,19043.0,216.53655478944668,7.894736842,35,39,3,0,36,38,17556,-1,0,0,-1,1
2020-06-29,US,Iowa,Clinton,92,1,0,41.89981633,-90.53275096,19045.0,198.1520170583041,1.086956522,91,88,1,0,87,87,46518,4,0,0,4,1
2020-06-29,US,Iowa,Crawford,667,2,0,42.03718237,-95.3819718,19047.0,3965.5172413793102,0.299850075,665,661,2,0,659,658,17158,6,0,0,6,3
2020-06-29,US,Iowa,Dallas,1173,29,0,41.68560356,-94.04127625,19049.0,1255.1763988314979,2.472293265,1144,1172,29,0,1143,1140,90180,1,0,0,1,32
2020-06-29,US,Iowa,Davis,37,1,0,40.74773536,-92.41005468,19051.0,411.1111111111112,2.702702703,36,37,1,0,36,37,9017,0,0,0,0,0
2020-06-29,US,Iowa,Decatur,9,0,0,40.73742757,-93.78645949,19053.0,114.35832274459976,0.0,9,9,0,0,9,9,7890,0,0,0,0,0
2020-06-29,US,Iowa,Delaware,40,1,0,42.47104597,-91.3664492,19055.0,235.1419669625536,2.5,39,41,1,0,40,40,17069,-1,0,0,-1,1
2020-06-29,US,Iowa,Des Moines,84,2,0,40.92012606,-91.18326592,19057.0,215.56701824620842,2.3809523809999997,82,84,2,0,82,82,39138,0,0,0,0,2
2020-06-29,US,Iowa,Dickinson,239,2,0,43.37787725,-95.1510206,19059.0,1384.864990149496,0.8368200837,237,237,2,0,235,235,17153,2,0,0,2,2
2020-06-29,US,Iowa,Dubuque,501,22,0,42.46815349,-90.88181925,19061.0,514.8441594475445,4.391217565,479,500,22,0,478,495,96854,1,0,0,1,5
2020-06-29,US,Iowa,Emmet,75,0,0,43.37782951,-94.67858943,19063.0,814.509122502172,0.0,75,75,0,0,75,74,9253,0,0,0,0,1
2020-06-29,US,Iowa,Fayette,32,0,0,42.86271799,-91.84412309999999,19065.0,162.8498727735369,0.0,32,31,0,0,31,31,19660,1,0,0,1,0
2020-06-29,US,Iowa,Floyd,65,2,0,43.06000529999999,-92.78940097,19067.0,415.5478839023143,3.076923077,63,64,2,0,62,61,15761,1,0,0,1,3
2020-06-29,US,Iowa,Franklin,74,0,0,42.73270384,-93.26256925,19069.0,734.8560079443891,0.0,74,74,0,0,74,71,10124,0,0,0,0,3
2020-06-29,US,Iowa,Fremont,7,0,0,40.74542720000001,-95.60129045,19071.0,100.57471264367815,0.0,7,7,0,0,7,6,6993,0,0,0,0,1
2020-06-29,US,Iowa,Greene,28,0,0,42.03614551,-94.39658081,19073.0,315.031503150315,0.0,28,28,0,0,28,28,8981,0,0,0,0,0
2020-06-29,US,Iowa,Grundy,33,0,0,42.40183723,-92.78829551,19075.0,269.7841726618705,0.0,33,30,0,0,30,27,12304,3,0,0,3,3
2020-06-29,US,Iowa,Guthrie,64,4,0,41.68378965,-94.50111014,19077.0,598.7463747778088,6.25,60,64,4,0,60,64,10720,0,0,0,0,0
2020-06-29,US,Iowa,Hamilton,183,1,0,42.38382428,-93.70197703,19079.0,1238.7463616056318,0.5464480874000001,182,182,0,0,182,182,14952,1,1,0,0,0
2020-06-29,US,Iowa,Hancock,46,0,0,43.08178477,-93.73454884,19081.0,432.7375352775165,0.0,46,45,0,0,45,43,10712,1,0,0,1,2
2020-06-29,US,Iowa,Hardin,66,0,0,42.38353877,-93.23654611,19083.0,391.78439985753295,0.0,66,65,0,0,65,61,16868,1,0,0,1,4
2020-06-29,US,Iowa,Harrison,49,0,0,41.68330137,-95.81558439,19085.0,348.7792725460887,0.0,49,49,0,0,49,49,14134,0,0,0,0,0
2020-06-29,US,Iowa,Henry,81,3,0,40.98767962,-91.54436349,19087.0,405.9336473889947,3.7037037039999996,78,81,3,0,78,80,20067,0,0,0,0,1
2020-06-29,US,Iowa,Howard,21,0,0,43.35671042,-92.31702714,19089.0,229.30770910679192,0.0,21,21,0,0,21,17,9187,0,0,0,0,4
2020-06-29,US,Iowa,Humboldt,48,1,0,42.7764426,-94.20722537,19091.0,502.1971123666039,2.083333333,47,46,1,0,45,45,9547,2,0,0,2,1
2020-06-29,US,Iowa,Ida,21,0,0,42.38696136,-95.51355387,19093.0,306.1224489795918,0.0,21,21,0,0,21,21,6841,0,0,0,0,0
2020-06-29,US,Iowa,Iowa,47,0,0,41.68630265,-92.0643373,19095.0,290.4102817597627,0.0,47,47,0,0,47,47,16141,0,0,0,0,0
2020-06-29,US,Iowa,Jackson,23,0,0,42.17178824,-90.57354837,19097.0,118.31884356191162,0.0,23,23,0,0,23,23,19432,0,0,0,0,0
2020-06-29,US,Iowa,Jasper,315,17,0,41.68576082,-93.05567785,19099.0,847.1157724889067,5.396825397000001,298,313,17,0,296,309,37147,2,0,0,2,4
2020-06-29,US,Iowa,Jefferson,52,0,0,41.03192394,-91.94849466,19101.0,284.23066411587865,0.0,52,50,0,0,50,50,18381,2,0,0,2,0
2020-06-29,US,Iowa,Johnson,1115,8,0,41.67169354,-91.58754744,19103.0,737.7266110890565,0.7174887892,1107,1033,8,0,1025,988,151260,82,0,0,82,45
2020-06-29,US,Iowa,Jones,52,0,0,42.12118609,-91.13139641,19105.0,251.4385184468836,0.0,52,51,0,0,51,51,20744,1,0,0,1,0
2020-06-29,US,Iowa,Keokuk,19,1,0,41.33649833,-92.1785067,19107.0,185.43821979308998,5.263157895,18,19,1,0,18,19,10225,0,0,0,0,0
2020-06-29,US,Iowa,Kossuth,32,0,0,43.20405458,-94.20691791,19109.0,216.02646324174708,0.0,32,32,0,0,32,32,14908,0,0,0,0,0
2020-06-29,US,Iowa,Lee,47,1,0,40.64181461,-91.48183025,19111.0,139.64405621416049,2.127659574,46,47,1,0,46,45,34055,0,0,0,0,2
2020-06-29,US,Iowa,Linn,1194,82,0,42.07923082,-91.59809485,19113.0,526.6733125722302,6.867671692,1112,1181,82,0,1099,1169,225909,13,0,0,13,12
2020-06-29,US,Iowa,Louisa,359,13,0,41.21842119,-91.26102611,19115.0,3253.285002265519,3.6211699160000004,346,359,13,0,346,358,11169,0,0,0,0,1
2020-06-29,US,Iowa,Lucas,30,4,0,41.02958964,-93.32780803,19117.0,348.8372093023256,13.33333333,26,29,4,0,25,29,8645,1,0,0,1,0
2020-06-29,US,Iowa,Lyon,39,0,0,43.38107862,-96.20926845,19119.0,331.7737133134836,0.0,39,39,0,0,39,38,11811,0,0,0,0,1
2020-06-29,US,Iowa,Madison,37,2,0,41.33081904,-94.01554631,19121.0,226.4659076998409,5.405405405,35,37,2,0,35,35,16249,0,0,0,0,2
2020-06-29,US,Iowa,Mahaska,115,17,0,41.33521503,-92.64083907,19123.0,520.479746548993,14.7826087,98,117,17,0,100,117,22000,-2,0,0,-2,0
2020-06-29,US,Iowa,Marion,63,0,0,41.33445101,-93.09934783,19125.0,189.4565903828226,0.0,63,60,0,0,60,58,33407,3,0,0,3,2
2020-06-29,US,Iowa,Marshall,1011,18,0,42.03586837,-92.99908190000001,19127.0,2568.0103634839593,1.78041543,993,1009,18,0,991,1009,39981,2,0,0,2,0
2020-06-29,US,Iowa,Mills,32,0,0,41.03299766,-95.61920963,19129.0,211.7942947911841,0.0,32,32,0,0,32,32,15063,0,0,0,0,0
2020-06-29,US,Iowa,Mitchell,22,0,0,43.35638371,-92.78887719,19131.0,207.82165123748348,0.0,22,21,0,0,21,16,10569,1,0,0,1,5
2020-06-29,US,Iowa,Monona,70,0,0,42.05220391,-95.95743843,19133.0,812.5362739408009,0.0,70,69,0,0,69,67,8679,1,0,0,1,2
2020-06-29,US,Iowa,Monroe,50,6,0,41.02988815,-92.8690667,19135.0,648.760866744518,12.0,44,50,6,0,44,50,7790,0,0,0,0,0
2020-06-29,US,Iowa,Montgomery,10,2,0,41.03018714,-95.15642896,19137.0,100.83694665725521,20.0,8,10,2,0,8,10,10003,0,0,0,0,0
2020-06-29,US,Iowa,Muscatine,610,44,0,41.48370744,-91.11216970000001,19139.0,1429.7768610538155,7.213114753999999,566,606,44,0,562,602,42929,4,0,0,4,4
2020-06-29,US,Iowa,O'Brien,81,1,0,43.08310673,-95.62474482,19141.0,588.9624082018469,1.234567901,80,80,1,0,79,80,13840,1,0,0,1,0
2020-06-29,US,Iowa,Osceola,51,0,0,43.37824276,-95.62422844,19143.0,855.9919436052368,0.0,51,51,0,0,51,50,6040,0,0,0,0,1
2020-06-29,US,Iowa,Page,20,0,0,40.7393172,-95.1497813,19145.0,132.38895876083936,0.0,20,20,0,0,20,20,15249,0,0,0,0,0
2020-06-29,US,Iowa,Palo Alto,30,0,0,43.08193849,-94.67824621,19147.0,337.609723160027,0.0,30,29,0,0,29,24,8929,1,0,0,1,5
2020-06-29,US,Iowa,Plymouth,296,4,0,42.737633,-96.21366621,19149.0,1175.6762124160941,1.351351351,292,291,4,0,287,288,25095,5,0,0,5,3
2020-06-29,US,Iowa,Pocahontas,73,1,0,42.73420133,-94.67862564,19151.0,1102.8856322707359,1.369863014,72,70,1,0,69,65,6740,3,0,0,3,5
2020-06-29,US,Iowa,Polk,6000,176,0,41.68679484,-93.57767461,19153.0,1224.087595708349,2.933333333,5824,5947,174,0,5773,5851,487204,53,2,0,51,96
2020-06-29,US,Iowa,Pottawattamie,683,11,0,41.33640314,-95.53907776,19155.0,732.7854429972319,1.610541728,672,674,11,0,663,668,93533,9,0,0,9,6
2020-06-29,US,Iowa,Poweshiek,104,8,0,41.68625425,-92.53155731,19157.0,562.0406398616516,7.692307692000001,96,104,8,0,96,103,18699,0,0,0,0,1
2020-06-29,US,Iowa,Ringgold,14,0,0,40.73518949,-94.24368535,19159.0,286.0645688598284,0.0,14,13,0,0,13,12,4968,1,0,0,1,1
2020-06-29,US,Iowa,Sac,62,0,0,42.38624071,-95.10547892,19161.0,637.7944655899597,0.0,62,60,0,0,60,58,9719,2,0,0,2,2
2020-06-29,US,Iowa,Scott,621,10,0,41.63935978,-90.61959493,19163.0,359.0778464580816,1.610305958,611,598,10,0,588,576,173283,23,0,0,23,22
2020-06-29,US,Iowa,Shelby,103,0,0,41.6850066,-95.31015553,19165.0,899.2491705954253,0.0,103,103,0,0,103,102,11578,0,0,0,0,1
2020-06-29,US,Iowa,Sioux,449,0,0,43.08221074,-96.17675679999999,19167.0,1288.1939463491608,0.0,449,445,0,0,445,445,34909,4,0,0,4,0
2020-06-29,US,Iowa,Story,677,3,0,42.03621213,-93.46499005,19169.0,697.0973156090075,0.44313146229999995,674,673,3,0,670,651,98105,4,0,0,4,22
2020-06-29,US,Iowa,Tama,438,29,0,42.07991767,-92.53266945,19171.0,2598.7896048415805,6.621004566,409,438,29,0,409,437,16904,0,0,0,0,1
2020-06-29,US,Iowa,Taylor,78,0,0,40.73710579,-94.69778563,19173.0,1274.3015847083811,0.0,78,77,0,0,77,77,6191,1,0,0,1,0
2020-06-29,US,Iowa,Unassigned,6,0,0,0.0,0.0,90019.0,0.0,0.0,6,6,0,0,6,4,,0,0,0,0,2
2020-06-29,US,Iowa,Union,25,0,0,41.0277278,-94.24234847,19175.0,204.23168041826648,0.0,25,26,0,0,26,24,12359,-1,0,0,-1,2
2020-06-29,US,Iowa,Van Buren,19,0,0,40.75326764,-91.95017958,19177.0,269.73310618966497,0.0,19,18,0,0,18,18,7020,1,0,0,1,0
2020-06-29,US,Iowa,Wapello,699,30,0,41.03064984,-92.40954728,19179.0,1998.9133232291456,4.2918454939999995,669,696,29,0,667,694,35205,3,1,0,2,2
2020-06-29,US,Iowa,Warren,243,2,0,41.33559454,-93.56007641,19181.0,472.1563750825788,0.8230452675,241,237,2,0,235,228,51056,6,0,0,6,9
2020-06-29,US,Iowa,Washington,225,9,0,41.33577126,-91.71725711,19183.0,1024.356931481903,4.0,216,221,9,0,212,220,22141,4,0,0,4,1
2020-06-29,US,Iowa,Wayne,8,0,0,40.73969028,-93.32752197,19185.0,124.2043160999845,0.0,8,8,0,0,8,8,6401,0,0,0,0,0
2020-06-29,US,Iowa,Webster,160,2,0,42.42853483,-94.17987389,19187.0,445.63279857397515,1.25,158,150,1,0,149,143,36277,10,1,0,9,7
2020-06-29,US,Iowa,Winnebago,23,0,0,43.37751174,-93.73407298,19189.0,222.13637241645745,0.0,23,22,0,0,22,20,10518,1,0,0,1,2
2020-06-29,US,Iowa,Winneshiek,28,0,0,43.29094334,-91.84422722,19191.0,140.06302836276322,0.0,28,27,0,0,27,24,20029,1,0,0,1,3
2020-06-29,US,Iowa,Woodbury,3152,43,0,42.38979414,-96.0459439,19193.0,3057.018437157516,1.364213198,3109,3140,44,0,3096,3127,102539,12,-1,0,13,13
2020-06-29,US,Iowa,Worth,13,0,0,43.37750768,-93.26087602,19195.0,176.12789594905846,0.0,13,12,0,0,12,11,7453,1,0,0,1,1
2020-06-29,US,Iowa,Wright,369,0,0,42.73305373,-93.73515113,19197.0,2937.4303454863875,0.0,369,366,0,0,366,362,12690,3,0,0,3,4
2020-06-29,US,Kansas,Allen,4,0,0,37.88582951,-95.30030847,20001.0,32.338911795618074,0.0,4,5,0,0,5,5,12444,-1,0,0,-1,0
2020-06-29,US,Kansas,Anderson,4,0,0,38.21413251,-95.29272815,20003.0,50.903537795876815,0.0,4,3,0,0,3,3,7878,1,0,0,1,0
2020-06-29,US,Kansas,Atchison,34,0,0,39.53185661,-95.30870026,20005.0,211.53487214583458,0.0,34,31,0,0,31,31,16193,3,0,0,3,0
2020-06-29,US,Kansas,Barber,1,0,0,37.2288586,-98.68460053,20007.0,22.588660492432798,0.0,1,1,0,0,1,1,4472,0,0,0,0,0
2020-06-29,US,Kansas,Barton,56,2,0,38.47889676,-98.75636726,20009.0,217.23107956088288,3.571428571,54,55,2,0,53,55,26111,1,0,0,1,0
2020-06-29,US,Kansas,Bourbon,21,1,0,37.85508555,-94.84865997,20011.0,144.48878491812303,4.7619047619999995,20,21,1,0,20,21,14653,0,0,0,0,0
2020-06-29,US,Kansas,Brown,14,0,0,39.82652589,-95.56421698,20013.0,146.3822668339607,0.0,14,14,0,0,14,14,9598,0,0,0,0,0
2020-06-29,US,Kansas,Butler,53,0,0,37.78134351,-96.83878537,20015.0,79.20969646246506,0.0,53,51,0,0,51,51,66765,2,0,0,2,0
2020-06-29,US,Kansas,Chase,4,0,0,38.30292938,-96.59563862,20017.0,151.0574018126888,0.0,4,4,0,0,4,4,2629,0,0,0,0,0
2020-06-29,US,Kansas,Chautauqua,4,0,0,37.14994405,-96.2454192,20019.0,123.07692307692308,0.0,4,4,0,0,4,4,3309,0,0,0,0,0
2020-06-29,US,Kansas,Cherokee,29,0,0,37.16928494,-94.8462897,20021.0,145.4436029891168,0.0,29,29,0,0,29,29,20015,0,0,0,0,0
2020-06-29,US,Kansas,Cheyenne,2,0,0,39.78580976,-101.7318201,20023.0,75.27286413248024,0.0,2,2,0,0,2,2,2660,0,0,0,0,0
2020-06-29,US,Kansas,Clark,34,1,0,37.23577007,-99.81883015,20025.0,1705.1153460381142,2.9411764710000003,33,34,1,0,33,34,2005,0,0,0,0,0
2020-06-29,US,Kansas,Clay,6,2,0,39.34948772,-97.16518128,20027.0,74.9812546863284,33.33333333,4,6,2,0,4,6,7997,0,0,0,0,0
2020-06-29,US,Kansas,Cloud,18,0,0,39.48028352,-97.64925343,20029.0,204.87138629638056,0.0,18,10,0,0,10,10,8729,8,0,0,8,0
2020-06-29,US,Kansas,Coffey,53,8,0,38.2365018,-95.73379515,20031.0,648.0009781146838,15.09433962,45,53,8,0,45,53,8233,0,0,0,0,0
2020-06-29,US,Kansas,Comanche,2,0,0,37.19114520000001,-99.27113247,20033.0,117.64705882352942,0.0,2,2,0,0,2,2,1748,0,0,0,0,0
2020-06-29,US,Kansas,Cowley,70,1,0,37.23781842,-96.83776647,20035.0,200.52709980520225,1.428571429,69,66,1,0,65,66,35218,4,0,0,4,0
2020-06-29,US,Kansas,Crawford,256,1,0,37.50675523,-94.85245778,20037.0,659.4878664537069,0.390625,255,246,1,0,245,246,39019,10,0,0,10,0
2020-06-29,US,Kansas,Dickinson,8,1,0,38.86600962,-97.15532383,20041.0,43.32286364128669,12.5,7,8,1,0,7,8,18717,0,0,0,0,0
2020-06-29,US,Kansas,Doniphan,25,0,0,39.79067154,-95.14056866,20043.0,328.9473684210526,0.0,25,26,0,0,26,26,7682,-1,0,0,-1,0
2020-06-29,US,Kansas,Douglas,157,0,0,38.88503636,-95.2925121,20045.0,128.4159039416321,0.0,157,124,0,0,124,124,121436,33,0,0,33,0
2020-06-29,US,Kansas,Edwards,6,0,0,37.88735543,-99.31263309,20047.0,214.43888491779842,0.0,6,6,0,0,6,6,2849,0,0,0,0,0
2020-06-29,US,Kansas,Elk,1,0,0,37.45338105,-96.24369667,20049.0,39.52569169960474,0.0,1,1,0,0,1,1,2508,0,0,0,0,0
2020-06-29,US,Kansas,Ellis,18,0,0,38.91458712,-99.31751551,20051.0,63.040661226491096,0.0,18,15,0,0,15,15,28710,3,0,0,3,0
2020-06-29,US,Kansas,Ellsworth,3,0,0,38.69677695,-98.20462799,20053.0,49.164208456243855,0.0,3,3,0,0,3,3,6196,0,0,0,0,0
2020-06-29,US,Kansas,Finney,1563,10,0,38.04340344,-100.7381938,20055.0,4286.0668549647635,0.6397952655,1553,1563,10,0,1553,1563,36611,0,0,0,0,0
2020-06-29,US,Kansas,Ford,1944,8,0,37.69200114,-99.88825298,20057.0,5782.444451054465,0.4115226337,1936,1937,8,0,1929,1937,33888,7,0,0,7,0
2020-06-29,US,Kansas,Franklin,71,0,0,38.56443815,-95.28644341,20059.0,277.951769495772,0.0,71,67,0,0,67,67,25631,4,0,0,4,0
2020-06-29,US,Kansas,Geary,57,1,0,38.99871131,-96.7577178,20061.0,179.98105462582885,1.754385965,56,45,1,0,44,43,32594,12,0,0,12,2
2020-06-29,US,Kansas,Gove,1,0,0,38.91588178,-100.4829321,20063.0,37.93626707132018,0.0,1,1,0,0,1,1,2612,0,0,0,0,0
2020-06-29,US,Kansas,Grant,47,1,0,37.56227336,-101.3079758,20067.0,657.3426573426574,2.127659574,46,47,1,0,46,47,7336,0,0,0,0,0
2020-06-29,US,Kansas,Gray,24,0,0,37.73836671,-100.4369088,20069.0,400.80160320641284,0.0,24,24,0,0,24,24,6033,0,0,0,0,0
2020-06-29,US,Kansas,Greenwood,11,0,0,37.8774388,-96.23250453,20073.0,183.884988298228,0.0,11,11,0,0,11,11,6055,0,0,0,0,0
2020-06-29,US,Kansas,Hamilton,29,0,0,37.99978709,-101.7921066,20075.0,1142.1819614021267,0.0,29,29,0,0,29,29,2607,0,0,0,0,0
2020-06-29,US,Kansas,Harper,2,0,0,37.19175361,-98.07578384,20077.0,36.79175864606328,0.0,2,2,0,0,2,2,5506,0,0,0,0,0
2020-06-29,US,Kansas,Harvey,37,0,0,38.04293782,-97.42747573,20079.0,107.4675418978187,0.0,37,28,0,0,28,28,34210,9,0,0,9,0
2020-06-29,US,Kansas,Haskell,23,0,0,37.5620394,-100.8710738,20081.0,579.6370967741935,0.0,23,23,0,0,23,23,3997,0,0,0,0,0
2020-06-29,US,Kansas,Hodgeman,9,0,0,38.08780079,-99.89829881,20083.0,501.6722408026756,0.0,9,9,0,0,9,9,1818,0,0,0,0,0
2020-06-29,US,Kansas,Jackson,106,1,0,39.41673394,-95.79356799,20085.0,804.7984207729103,0.9433962264,105,105,1,0,104,105,13280,1,0,0,1,0
2020-06-29,US,Kansas,Jefferson,24,0,0,39.2347941,-95.38289232,20087.0,126.03056241138478,0.0,24,24,0,0,24,24,18975,0,0,0,0,0
2020-06-29,US,Kansas,Jewell,4,0,0,39.78470589,-98.21820662,20089.0,138.9371309482459,0.0,4,4,0,0,4,4,2841,0,0,0,0,0
2020-06-29,US,Kansas,Johnson,1651,86,0,38.88548175,-94.82250877,20091.0,274.0699301627985,5.208964264,1565,1613,86,0,1527,1550,597555,38,0,0,38,63
2020-06-29,US,Kansas,Kearny,48,1,0,38.00017981,-101.321681,20093.0,1250.6513809275666,2.083333333,47,48,1,0,47,48,3943,0,0,0,0,0
2020-06-29,US,Kansas,Kiowa,4,0,0,37.55848695,-99.2856537,20097.0,161.6161616161616,0.0,4,4,0,0,4,4,2516,0,0,0,0,0
2020-06-29,US,Kansas,Labette,57,0,0,37.19113093,-95.29849679,20099.0,290.5494953614028,0.0,57,55,0,0,55,55,19964,2,0,0,2,0
2020-06-29,US,Kansas,Lane,5,0,0,38.48119447,-100.4660754,20101.0,325.73289902280135,0.0,5,5,0,0,5,5,1560,0,0,0,0,0
2020-06-29,US,Kansas,Leavenworth,1162,7,0,39.20183497,-95.03620809,20103.0,1421.2676435333544,0.6024096386,1155,1146,7,0,1139,1146,81352,16,0,0,16,0
2020-06-29,US,Kansas,Lincoln,1,0,0,39.04549684,-98.20756994,20105.0,33.7609723160027,0.0,1,,,,,,3023,,,,,
2020-06-29,US,Kansas,Linn,14,0,0,38.21267844,-94.84254089,20107.0,144.2852725961043,0.0,14,13,0,0,13,13,9750,1,0,0,1,0
2020-06-29,US,Kansas,Logan,1,0,0,38.91735806,-101.148475,20109.0,35.79098067287043,0.0,1,1,0,0,1,1,2844,0,0,0,0,0
2020-06-29,US,Kansas,Lyon,489,6,0,38.45576156,-96.15275715,20111.0,1473.113420695888,1.226993865,483,479,6,0,473,479,33406,10,0,0,10,0
2020-06-29,US,Kansas,Marion,9,1,0,38.35855394,-97.0985251,20115.0,75.73207674183777,11.11111111,8,8,1,0,7,8,11950,1,0,0,1,0
2020-06-29,US,Kansas,Marshall,2,0,0,39.78359669,-96.52278974,20117.0,20.603688060162767,0.0,2,1,0,0,1,1,9722,1,0,0,1,0
2020-06-29,US,Kansas,McPherson,72,0,0,38.39184858,-97.64769869,20113.0,252.25982762245118,0.0,72,72,0,0,72,60,28537,0,0,0,0,12
2020-06-29,US,Kansas,Meade,30,0,0,37.23859987,-100.364831,20119.0,743.86312918423,0.0,30,30,0,0,30,30,4146,0,0,0,0,0
2020-06-29,US,Kansas,Miami,27,0,0,38.56383358,-94.83832189,20121.0,78.86204982913223,0.0,27,26,0,0,26,26,33680,1,0,0,1,0
2020-06-29,US,Kansas,Mitchell,4,0,0,39.39331582,-98.20906732,20123.0,66.9008195350393,0.0,4,4,0,0,4,4,6150,0,0,0,0,0
2020-06-29,US,Kansas,Montgomery,38,3,0,37.19236568,-95.74329258,20125.0,119.38797951553612,7.894736842,35,32,3,0,29,32,32120,6,0,0,6,0
2020-06-29,US,Kansas,Morris,5,0,0,38.68827511,-96.65128437,20127.0,88.96797153024912,0.0,5,5,0,0,5,5,5521,0,0,0,0,0
2020-06-29,US,Kansas,Morton,6,1,0,37.19141121,-101.79925190000002,20129.0,231.92887514495555,16.66666667,5,6,1,0,5,6,2667,0,0,0,0,0
2020-06-29,US,Kansas,Nemaha,24,0,0,39.78345387,-96.01392079,20131.0,234.58117486071743,0.0,24,24,0,0,24,24,10155,0,0,0,0,0
2020-06-29,US,Kansas,Neosho,32,0,0,37.55862897,-95.30670046,20133.0,199.91253826450927,0.0,32,29,0,0,29,29,15951,3,0,0,3,0
2020-06-29,US,Kansas,Ness,4,0,0,38.47974157,-99.91547333,20135.0,145.45454545454547,0.0,4,4,0,0,4,4,2840,0,0,0,0,0
2020-06-29,US,Kansas,Norton,4,0,0,39.78443827,-99.90286639,20137.0,74.61294534601755,0.0,4,3,0,0,3,3,5430,1,0,0,1,0
2020-06-29,US,Kansas,Osage,13,0,0,38.65235984,-95.72707998,20139.0,81.50981252743121,0.0,13,11,0,0,11,11,15941,2,0,0,2,0
2020-06-29,US,Kansas,Osborne,2,0,0,39.3503437,-98.76753828,20141.0,58.46243788365975,0.0,2,2,0,0,2,2,3475,0,0,0,0,0
2020-06-29,US,Kansas,Ottawa,6,0,0,39.13237408,-97.65020313,20143.0,105.18934081346424,0.0,6,5,0,0,5,5,5802,1,0,0,1,0
2020-06-29,US,Kansas,Pawnee,3,0,0,38.18108732,-99.23692334,20145.0,46.772684752104766,0.0,3,3,0,0,3,3,6562,0,0,0,0,0
2020-06-29,US,Kansas,Phillips,3,0,0,39.78465501,-99.34668865,20147.0,57.3175391669851,0.0,3,3,0,0,3,3,5317,0,0,0,0,0
2020-06-29,US,Kansas,Pottawatomie,65,0,0,39.37925655,-96.34564657,20149.0,266.5791740146824,0.0,65,58,0,0,58,58,24277,7,0,0,7,0
2020-06-29,US,Kansas,Pratt,11,0,0,37.64780729,-98.73922153,20151.0,120.03491924923614,0.0,11,11,0,0,11,11,9378,0,0,0,0,0
2020-06-29,US,Kansas,Reno,63,0,0,37.95230263,-98.08607292,20155.0,101.61618116713444,0.0,63,62,0,0,62,60,62342,1,0,0,1,2
2020-06-29,US,Kansas,Republic,9,0,0,39.82799632,-97.65036709,20157.0,194.13287316652287,0.0,9,9,0,0,9,9,4664,0,0,0,0,0
2020-06-29,US,Kansas,Rice,4,0,0,38.34616184,-98.19992118,20159.0,41.94191045402118,0.0,4,4,0,0,4,4,9531,0,0,0,0,0
2020-06-29,US,Kansas,Riley,222,3,0,39.28935726,-96.73420026,20161.0,299.06239896540575,1.351351351,219,184,3,0,181,184,73703,38,0,0,38,0
2020-06-29,US,Kansas,Rooks,7,0,0,39.35022773,-99.32484567,20163.0,142.27642276422762,0.0,7,6,0,0,6,6,5013,1,0,0,1,0
2020-06-29,US,Kansas,Rush,1,0,0,38.52275276,-99.30863983,20165.0,32.93807641633729,0.0,1,,,,,,3093,,,,,
2020-06-29,US,Kansas,Saline,105,2,0,38.78369175,-97.65185177,20169.0,193.64119209206257,1.904761905,103,93,2,0,91,93,54401,12,0,0,12,0
2020-06-29,US,Kansas,Scott,16,0,0,38.48222076,-100.9066539,20171.0,331.7437279701432,0.0,16,16,0,0,16,16,4897,0,0,0,0,0
2020-06-29,US,Kansas,Sedgwick,1161,28,0,37.6842718,-97.4608198,20173.0,224.98168753706088,2.41171404,1133,1120,28,0,1092,1067,513607,41,0,0,41,53
2020-06-29,US,Kansas,Seward,1011,2,0,37.19324632,-100.8507201,20175.0,4718.1258166884445,0.1978239367,1009,1001,2,0,999,1001,21780,10,0,0,10,0
2020-06-29,US,Kansas,Shawnee,621,11,0,39.04100763,-95.7557264,20177.0,351.09540636042396,1.7713365540000001,610,596,9,0,587,596,177499,25,2,0,23,0
2020-06-29,US,Kansas,Sheridan,4,0,0,39.35018161,-100.4418259,20179.0,158.66719555731854,0.0,4,3,0,0,3,3,2533,1,0,0,1,0
2020-06-29,US,Kansas,Sherman,7,0,0,39.35147699,-101.7197624,20181.0,118.30319418624303,0.0,7,7,0,0,7,7,5899,0,0,0,0,0
2020-06-29,US,Kansas,Smith,3,0,0,39.78516566,-98.78566062,20183.0,83.72871895060004,0.0,3,3,0,0,3,3,3603,0,0,0,0,0
2020-06-29,US,Kansas,Stafford,1,0,0,38.03100851,-98.71762001,20185.0,24.06159769008662,0.0,1,1,0,0,1,1,4178,0,0,0,0,0
2020-06-29,US,Kansas,Stanton,10,0,0,37.56304714,-101.7843534,20187.0,498.5044865403789,0.0,10,10,0,0,10,10,1987,0,0,0,0,0
2020-06-29,US,Kansas,Stevens,31,0,0,37.1923008,-101.3118967,20189.0,565.1777575205105,0.0,31,31,0,0,31,31,5559,0,0,0,0,0
2020-06-29,US,Kansas,Sumner,11,1,0,37.23682549,-97.47721621,20191.0,48.169556840077064,9.090909091,10,11,1,0,10,11,22996,0,0,0,0,0
2020-06-29,US,Kansas,Thomas,15,0,0,39.35107575,-101.0553705,20193.0,192.87643050019287,0.0,15,15,0,0,15,15,7711,0,0,0,0,0
2020-06-29,US,Kansas,Trego,1,0,0,38.91467218,-99.87284448,20195.0,35.67606136282553,0.0,1,1,0,0,1,1,2793,0,0,0,0,0
2020-06-29,US,Kansas,Unassigned,0,1,0,0.0,0.0,90020.0,0.0,0.0,-1,0,1,0,-1,0,,0,0,0,0,0
2020-06-29,US,Kansas,Wabaunsee,35,0,0,38.95471985,-96.20350509,20197.0,504.9776367046602,0.0,35,33,0,0,33,33,6899,2,0,0,2,0
2020-06-29,US,Kansas,Washington,1,0,0,39.78420784,-97.0875323,20201.0,18.49796522382538,0.0,1,1,0,0,1,1,5420,0,0,0,0,0
2020-06-29,US,Kansas,Wilson,1,0,0,37.55937174,-95.74323255,20205.0,11.730205278592374,0.0,1,1,0,0,1,1,8665,0,0,0,0,0
2020-06-29,US,Kansas,Woodson,8,0,0,37.8865336,-95.74006277,20207.0,254.93945188017844,0.0,8,8,0,0,8,8,3183,0,0,0,0,0
2020-06-29,US,Kansas,Wyandotte,2234,82,0,39.11727348,-94.76378225,20209.0,1350.428280410327,3.670546106,2152,2191,80,0,2111,2093,165324,43,2,0,41,98
2020-06-29,US,Kentucky,Adair,115,19,0,37.10459774,-85.28129668,21001.0,598.8959483387148,16.52173913,96,111,19,0,92,111,19215,4,0,0,4,0
2020-06-29,US,Kentucky,Allen,165,5,0,36.75197631,-86.19457544,21003.0,774.1027445460942,3.03030303,160,165,5,0,160,165,21122,0,0,0,0,0
2020-06-29,US,Kentucky,Anderson,26,1,0,38.00671029,-84.99171713,21005.0,114.30078691695608,3.8461538460000004,25,26,1,0,25,26,22663,0,0,0,0,0
2020-06-29,US,Kentucky,Ballard,14,0,0,37.05842757,-88.99427697,21007.0,177.4847870182556,0.0,14,14,0,0,14,14,7979,0,0,0,0,0
2020-06-29,US,Kentucky,Barren,85,2,0,36.96469836,-85.93338945,21009.0,192.09473660421705,2.352941176,83,84,2,0,82,84,44176,1,0,0,1,0
2020-06-29,US,Kentucky,Bath,13,1,0,38.14735938,-83.74588932,21011.0,104.0,7.692307692000001,12,13,1,0,12,13,12383,0,0,0,0,0
2020-06-29,US,Kentucky,Bell,8,0,0,36.73355174,-83.67766671,21013.0,30.73140749846343,0.0,8,8,0,0,8,8,26569,0,0,0,0,0
2020-06-29,US,Kentucky,Boone,594,23,0,38.97065142,-84.72615357,21015.0,444.67401801154364,3.872053872,571,594,23,0,571,594,131533,0,0,0,0,0
2020-06-29,US,Kentucky,Bourbon,30,1,0,38.2054607,-84.21827874,21017.0,151.60703456640385,3.333333333,29,30,1,0,29,30,20184,0,0,0,0,0
2020-06-29,US,Kentucky,Boyd,61,3,0,38.36176608,-82.68652187,21019.0,130.57065799049616,4.918032787,58,61,3,0,58,60,47240,0,0,0,0,1
2020-06-29,US,Kentucky,Boyle,38,0,0,37.62680923,-84.8633779,21021.0,126.41383898868929,0.0,38,38,0,0,38,38,30100,0,0,0,0,0
2020-06-29,US,Kentucky,Bracken,17,0,0,38.69158994,-84.08532444,21023.0,204.74527279296643,0.0,17,17,0,0,17,17,8239,0,0,0,0,0
2020-06-29,US,Kentucky,Breathitt,8,0,0,37.52333168,-83.31959161,21025.0,63.34125098970705,0.0,8,8,0,0,8,8,12726,0,0,0,0,0
2020-06-29,US,Kentucky,Breckinridge,24,2,0,37.77377239,-86.42885017,21027.0,117.2046686526347,8.333333332999999,22,24,2,0,22,24,20388,0,0,0,0,0
2020-06-29,US,Kentucky,Bullitt,149,4,0,37.97162523,-85.68955617,21029.0,182.42813066261814,2.684563758,145,148,4,0,144,148,81069,1,0,0,1,0
2020-06-29,US,Kentucky,Butler,255,14,0,37.20946153,-86.68748787,21031.0,1979.96738877242,5.490196077999999,241,253,14,0,239,252,12772,2,0,0,2,1
2020-06-29,US,Kentucky,Caldwell,13,0,0,37.14749129,-87.86948214,21033.0,101.98478073272142,0.0,13,13,0,0,13,13,12715,0,0,0,0,0
2020-06-29,US,Kentucky,Calloway,79,1,0,36.62093411,-88.2731593,21035.0,202.5589087459296,1.265822785,78,79,1,0,78,79,39135,0,0,0,0,0
2020-06-29,US,Kentucky,Campbell,249,12,0,38.94384345,-84.37875208,21037.0,266.07112326893485,4.8192771080000005,237,248,12,0,236,246,93152,1,0,0,1,2
2020-06-29,US,Kentucky,Carlisle,5,1,0,36.85372876,-88.96692220000001,21039.0,105.04201680672269,20.0,4,5,1,0,4,5,4771,0,0,0,0,0
2020-06-29,US,Kentucky,Carroll,37,0,0,38.66599534,-85.12601074,21041.0,348.03875458564573,0.0,37,37,0,0,37,37,10737,0,0,0,0,0
2020-06-29,US,Kentucky,Carter,22,0,0,38.31690743,-83.05092385,21043.0,82.09874239653692,0.0,22,22,0,0,22,22,27004,0,0,0,0,0
2020-06-29,US,Kentucky,Casey,18,0,0,37.32533118,-84.92726209,21045.0,111.39303174701405,0.0,18,15,0,0,15,15,15888,3,0,0,3,0
2020-06-29,US,Kentucky,Christian,192,4,0,36.89267803,-87.49055367,21047.0,272.4911653254992,2.083333333,188,190,4,0,186,188,71671,2,0,0,2,2
2020-06-29,US,Kentucky,Clark,98,5,0,37.9689263,-84.14615986,21049.0,270.2479110939525,5.102040816000001,93,98,5,0,93,98,36249,0,0,0,0,0
2020-06-29,US,Kentucky,Clay,53,3,0,37.16451126,-83.712575,21051.0,266.3182754635445,5.660377358,50,53,3,0,50,53,20105,0,0,0,0,0
2020-06-29,US,Kentucky,Clinton,5,0,0,36.72581156,-85.13377529,21053.0,48.93325504012528,0.0,5,5,0,0,5,5,10206,0,0,0,0,0
2020-06-29,US,Kentucky,Crittenden,8,1,0,37.35839237,-88.08826090000002,21055.0,90.84714967067907,12.5,7,8,1,0,7,8,8915,0,0,0,0,0
2020-06-29,US,Kentucky,Cumberland,6,0,0,36.78926125,-85.39050034,21057.0,90.71666162685213,0.0,6,6,0,0,6,6,6659,0,0,0,0,0
2020-06-29,US,Kentucky,Daviess,431,8,0,37.73028906,-87.09019479999998,21059.0,424.5845277851661,1.856148492,423,428,8,0,420,428,101104,3,0,0,3,0
2020-06-29,US,Kentucky,Edmonson,75,11,0,37.21218923,-86.23955613,21061.0,617.2839506172841,14.66666667,64,74,11,0,63,74,12274,1,0,0,1,0
2020-06-29,US,Kentucky,Elliott,3,0,0,38.11624059,-83.09771563,21063.0,39.90953837967274,0.0,3,3,0,0,3,3,7508,0,0,0,0,0
2020-06-29,US,Kentucky,Estill,4,0,0,37.69241417,-83.95956369,21065.0,28.356727633631078,0.0,4,4,0,0,4,4,14198,0,0,0,0,0
2020-06-29,US,Kentucky,Fayette,1387,26,0,38.0368225,-84.45576892,21067.0,429.20978363123237,1.8745493869999998,1361,1378,24,0,1354,1372,323780,9,2,0,7,6
2020-06-29,US,Kentucky,Fleming,18,0,0,38.36758311,-83.69657514,21069.0,123.44832316027708,0.0,18,18,0,0,18,17,14432,0,0,0,0,1
2020-06-29,US,Kentucky,Floyd,27,0,0,37.56213922,-82.74750924,21071.0,75.86613841355475,0.0,27,27,0,0,27,27,35845,0,0,0,0,0
2020-06-29,US,Kentucky,Franklin,128,4,0,38.2379395,-84.87962551,21073.0,251.0246906316801,3.125,124,128,4,0,124,128,50815,0,0,0,0,0
2020-06-29,US,Kentucky,Fulton,23,0,0,36.55238827,-89.20140068,21075.0,385.3241749036689,0.0,23,21,0,0,21,21,6120,2,0,0,2,0
2020-06-29,US,Kentucky,Gallatin,61,7,0,38.75398691,-84.8558382,21077.0,687.7889277257865,11.47540984,54,61,7,0,54,61,8832,0,0,0,0,0
2020-06-29,US,Kentucky,Garrard,21,0,0,37.6388668,-84.53289319,21079.0,118.8724102796332,0.0,21,20,0,0,20,19,17560,1,0,0,1,1
2020-06-29,US,Kentucky,Grant,57,4,0,38.64962758,-84.62415957,21081.0,227.37245203239056,7.01754386,53,57,4,0,53,57,25121,0,0,0,0,0
2020-06-29,US,Kentucky,Graves,200,21,0,36.72292505,-88.65143315,21083.0,536.6822304513497,10.5,179,199,21,0,178,196,37317,1,0,0,1,3
2020-06-29,US,Kentucky,Grayson,137,10,0,37.46231118,-86.34248968,21085.0,518.4092027093503,7.299270073,127,137,10,0,127,137,26321,0,0,0,0,0
2020-06-29,US,Kentucky,Green,4,1,0,37.26484328,-85.5540745,21087.0,36.55972945800201,25.0,3,4,1,0,3,4,11049,0,0,0,0,0
2020-06-29,US,Kentucky,Greenup,28,0,0,38.54332505,-82.9215658,21089.0,79.77662544874352,0.0,28,28,0,0,28,28,35268,0,0,0,0,0
2020-06-29,US,Kentucky,Hancock,17,0,0,37.83766422,-86.78280584,21091.0,194.90942444393485,0.0,17,17,0,0,17,17,8758,0,0,0,0,0
2020-06-29,US,Kentucky,Hardin,146,5,0,37.6976111,-85.96319251,21093.0,131.58131905766146,3.4246575339999996,141,145,5,0,140,145,110356,1,0,0,1,0
2020-06-29,US,Kentucky,Harlan,23,2,0,36.85699301,-83.21899516,21095.0,88.42752787389465,8.695652174,21,22,2,0,20,21,26409,1,0,0,1,1
2020-06-29,US,Kentucky,Harrison,68,0,0,38.44188174,-84.32869741,21097.0,360.05506724557875,0.0,68,68,0,0,68,68,18778,0,0,0,0,0
2020-06-29,US,Kentucky,Hart,40,0,0,37.29943898,-85.88461055,21099.0,210.1392172314158,0.0,40,39,0,0,39,39,18906,1,0,0,1,0
2020-06-29,US,Kentucky,Henderson,157,3,0,37.79344553,-87.57392021,21101.0,347.26830347268304,1.910828025,154,156,3,0,153,156,45591,1,0,0,1,0
2020-06-29,US,Kentucky,Henry,33,2,0,38.44942688,-85.11587507,21103.0,204.63847203274216,6.0606060610000005,31,33,2,0,31,33,16106,0,0,0,0,0
2020-06-29,US,Kentucky,Hickman,5,0,0,36.67948079999999,-88.97875928,21105.0,114.15525114155253,0.0,5,5,0,0,5,5,4421,0,0,0,0,0
2020-06-29,US,Kentucky,Hopkins,250,32,0,37.30939025,-87.54670406,21107.0,559.4593384952782,12.8,218,250,32,0,218,250,45068,0,0,0,0,0
2020-06-29,US,Kentucky,Jackson,104,13,0,37.41866422,-83.99825483,21109.0,780.2535824142848,12.5,91,104,13,0,91,104,13442,0,0,0,0,0
2020-06-29,US,Kentucky,Jefferson,3852,190,0,38.18664655,-85.65931031,21111.0,502.3755896587837,4.932502596,3662,3829,190,0,3639,3820,770517,23,0,0,23,9
2020-06-29,US,Kentucky,Jessamine,104,0,0,37.87119786,-84.58252003,21113.0,192.1833133142382,0.0,104,104,0,0,104,104,53920,0,0,0,0,0
2020-06-29,US,Kentucky,Johnson,10,0,0,37.85106355,-82.8264322,21115.0,45.06940688660537,0.0,10,10,0,0,10,10,22386,0,0,0,0,0
2020-06-29,US,Kentucky,Kenton,787,36,0,38.93950319,-84.53241199,21117.0,471.2631288997473,4.57433291,751,787,36,0,751,785,166051,0,0,0,0,2
2020-06-29,US,Kentucky,Knott,7,0,0,37.35388197,-82.94981134,21119.0,47.278130487640155,0.0,7,7,0,0,7,7,15126,0,0,0,0,0
2020-06-29,US,Kentucky,Knox,64,0,0,36.89225732,-83.85403396,21121.0,205.49044790496063,0.0,64,63,0,0,63,63,31304,1,0,0,1,0
2020-06-29,US,Kentucky,Larue,15,1,0,37.54567114,-85.70138352,21123.0,104.18113626892624,6.666666667,14,15,1,0,14,15,14307,0,0,0,0,0
2020-06-29,US,Kentucky,Laurel,90,3,0,37.10975748,-84.11321779,21125.0,147.9946721918011,3.333333333,87,85,3,0,82,84,60669,5,0,0,5,1
2020-06-29,US,Kentucky,Lawrence,7,0,0,38.07136018,-82.72882223,21127.0,45.7008552588627,0.0,7,7,0,0,7,6,15571,0,0,0,0,1
2020-06-29,US,Kentucky,Lee,1,0,0,37.59645942,-83.71513901,21129.0,13.508037282182901,0.0,1,1,0,0,1,1,7033,0,0,0,0,0
2020-06-29,US,Kentucky,Leslie,8,0,0,37.09246661,-83.37999606,21131.0,80.99625392325605,0.0,8,8,0,0,8,8,10143,0,0,0,0,0
2020-06-29,US,Kentucky,Letcher,15,0,0,37.12306748,-82.85346474,21133.0,69.5958799239085,0.0,15,15,0,0,15,15,21899,0,0,0,0,0
2020-06-29,US,Kentucky,Lewis,22,0,0,38.53184419,-83.37735618,21135.0,165.72504708097932,0.0,22,21,0,0,21,21,13257,1,0,0,1,0
2020-06-29,US,Kentucky,Lincoln,25,1,0,37.45475628,-84.6565327,21137.0,101.83714204244572,4.0,24,25,1,0,24,25,24644,0,0,0,0,0
2020-06-29,US,Kentucky,Livingston,10,0,0,37.21137452,-88.34797529,21139.0,108.76658690450293,0.0,10,10,0,0,10,9,9242,0,0,0,0,1
2020-06-29,US,Kentucky,Logan,216,11,0,36.85949479,-86.877635,21141.0,796.9891520920966,5.092592593,205,213,11,0,202,211,26989,3,0,0,3,2
2020-06-29,US,Kentucky,Lyon,20,3,0,37.02080035,-88.07886257,21143.0,243.605359317905,15.0,17,20,3,0,17,19,8009,0,0,0,0,1
2020-06-29,US,Kentucky,Madison,115,1,0,37.71659336,-84.27220275,21151.0,123.67320163033544,0.8695652173999999,114,114,1,0,113,112,92368,1,0,0,1,2
2020-06-29,US,Kentucky,Magoffin,5,0,0,37.70820545,-83.0657714,21153.0,41.115039881588686,0.0,5,5,0,0,5,5,12362,0,0,0,0,0
2020-06-29,US,Kentucky,Marion,51,0,0,37.55218078,-85.26898542,21155.0,264.6188969024023,0.0,51,49,0,0,49,49,19404,2,0,0,2,0
2020-06-29,US,Kentucky,Marshall,56,2,0,36.88007070000001,-88.32803576,21157.0,180.06430868167203,3.571428571,54,55,2,0,53,54,31191,1,0,0,1,1
2020-06-29,US,Kentucky,Martin,5,0,0,37.79990579,-82.51247478,21159.0,44.662795891022775,0.0,5,5,0,0,5,5,11323,0,0,0,0,0
2020-06-29,US,Kentucky,Mason,30,0,0,38.59471935,-83.82151043,21161.0,175.74692442882252,0.0,30,29,0,0,29,29,17150,1,0,0,1,0
2020-06-29,US,Kentucky,McCracken,161,3,0,37.05350953,-88.70445755,21145.0,246.10963343422299,1.863354037,158,159,3,0,156,155,65346,2,0,0,2,4
2020-06-29,US,Kentucky,McCreary,18,0,0,36.73874143,-84.48102924,21147.0,104.46288665776798,0.0,18,17,0,0,17,17,17408,1,0,0,1,0
2020-06-29,US,Kentucky,McLean,24,1,0,37.5301951,-87.26803443,21149.0,260.671228413164,4.166666667,23,24,1,0,23,24,9252,0,0,0,0,0
2020-06-29,US,Kentucky,Meade,25,2,0,37.96163597,-86.21028219,21163.0,87.49825003499929,8.0,23,25,2,0,23,25,28715,0,0,0,0,0
2020-06-29,US,Kentucky,Menifee,12,0,0,37.94090733,-83.59985712,21165.0,184.9283402681461,0.0,12,12,0,0,12,12,6451,0,0,0,0,0
2020-06-29,US,Kentucky,Mercer,23,0,0,37.81474237,-84.87488475,21167.0,104.86481557470478,0.0,23,23,0,0,23,23,21774,0,0,0,0,0
2020-06-29,US,Kentucky,Metcalfe,9,2,0,36.99459295,-85.63123699,21169.0,89.3655049151028,22.22222222,7,9,2,0,7,9,10030,0,0,0,0,0
2020-06-29,US,Kentucky,Monroe,35,1,0,36.71225341,-85.71596443,21171.0,328.63849765258215,2.857142857,34,35,1,0,34,34,10718,0,0,0,0,1
2020-06-29,US,Kentucky,Montgomery,48,0,0,38.03253032,-83.9145241,21173.0,170.47270660936888,0.0,48,47,0,0,47,47,28203,1,0,0,1,0
2020-06-29,US,Kentucky,Morgan,8,0,0,37.92465657,-83.25558245,21175.0,60.10970020287024,0.0,8,8,0,0,8,8,13345,0,0,0,0,0
2020-06-29,US,Kentucky,Muhlenberg,498,8,0,37.21425819,-87.14632053,21177.0,1626.2817582130497,1.6064257030000002,490,496,8,0,488,495,30774,2,0,0,2,1
2020-06-29,US,Kentucky,Nelson,70,1,0,37.80335779,-85.4657193,21179.0,151.40700365539766,1.428571429,69,69,1,0,68,69,45851,1,0,0,1,0
2020-06-29,US,Kentucky,Nicholas,5,0,0,38.33342292,-84.01889177,21181.0,68.78525244187647,0.0,5,5,0,0,5,5,7166,0,0,0,0,0
2020-06-29,US,Kentucky,Ohio,184,0,0,37.47751843,-86.85368087,21183.0,766.8583812619821,0.0,184,183,0,0,183,183,24087,1,0,0,1,0
2020-06-29,US,Kentucky,Oldham,129,6,0,38.39791089,-85.448222,21185.0,193.1166634231052,4.651162791,123,129,6,0,123,129,66470,0,0,0,0,0
2020-06-29,US,Kentucky,Owen,6,0,0,38.51679143,-84.82404619,21187.0,55.04082194294103,0.0,6,6,0,0,6,6,10880,0,0,0,0,0
2020-06-29,US,Kentucky,Owsley,2,0,0,37.42823949,-83.68811419,21189.0,45.30011325028314,0.0,2,2,0,0,2,2,4472,0,0,0,0,0
2020-06-29,US,Kentucky,Pendleton,16,0,0,38.69607718,-84.35599463,21191.0,109.66415352981493,0.0,16,16,0,0,16,15,14529,0,0,0,0,1
2020-06-29,US,Kentucky,Perry,57,1,0,37.25023553,-83.22922731,21193.0,221.2904728627999,1.754385965,56,57,1,0,56,57,26092,0,0,0,0,0
2020-06-29,US,Kentucky,Pike,76,2,0,37.47088263,-82.39487445,21195.0,131.3152256548483,2.631578947,74,76,2,0,74,71,58402,0,0,0,0,5
2020-06-29,US,Kentucky,Powell,6,0,0,37.83218794,-83.82553961,21197.0,48.54761712112631,0.0,6,6,0,0,6,6,12442,0,0,0,0,0
2020-06-29,US,Kentucky,Pulaski,94,2,0,37.10466131,-84.57629079,21199.0,144.6621216085197,2.127659574,92,89,2,0,87,89,64623,5,0,0,5,0
2020-06-29,US,Kentucky,Rockcastle,19,0,0,37.36642393,-84.31176452,21203.0,113.80652890086851,0.0,19,19,0,0,19,19,16750,0,0,0,0,0
2020-06-29,US,Kentucky,Rowan,22,0,0,38.19484205,-83.42088935,21205.0,89.94276369582992,0.0,22,22,0,0,22,22,24583,0,0,0,0,0
2020-06-29,US,Kentucky,Russell,43,4,0,36.99308373,-85.06070117,21207.0,239.9151927690677,9.302325581,39,40,4,0,36,40,17821,3,0,0,3,0
2020-06-29,US,Kentucky,Scott,83,0,0,38.29622293,-84.5816631,21209.0,145.60381727598062,0.0,83,82,0,0,82,82,56031,1,0,0,1,0
2020-06-29,US,Kentucky,Shelby,408,11,0,38.21476019,-85.194223,21211.0,832.2454308093995,2.696078431,397,406,11,0,395,405,48518,2,0,0,2,1
2020-06-29,US,Kentucky,Simpson,76,3,0,36.74058474,-86.58047435,21213.0,409.2181779022184,3.947368421,73,75,3,0,72,73,18529,1,0,0,1,2
2020-06-29,US,Kentucky,Spencer,36,0,0,38.03223971,-85.32749335,21215.0,186.0368973179681,0.0,36,36,0,0,36,36,18794,0,0,0,0,0
2020-06-29,US,Kentucky,Taylor,38,1,0,37.3677562,-85.3329931,21217.0,147.46400714036244,2.631578947,37,38,1,0,37,37,25549,0,0,0,0,1
2020-06-29,US,Kentucky,Todd,25,0,0,36.8381152,-87.17878374,21219.0,203.35122824141857,0.0,25,25,0,0,25,25,12311,0,0,0,0,0
2020-06-29,US,Kentucky,Trigg,24,0,0,36.80767017,-87.87333656,21221.0,163.81134393556758,0.0,24,24,0,0,24,24,14643,0,0,0,0,0
2020-06-29,US,Kentucky,Trimble,6,0,0,38.61056487,-85.33775972,21223.0,70.82989021367017,0.0,6,6,0,0,6,6,8515,0,0,0,0,0
2020-06-29,US,Kentucky,Unassigned,2,0,0,0.0,0.0,90021.0,0.0,0.0,2,2,0,0,2,2,,0,0,0,0,0
2020-06-29,US,Kentucky,Union,29,0,0,37.66166713,-87.94300009,21225.0,201.65496140741257,0.0,29,29,0,0,29,29,14505,0,0,0,0,0
2020-06-29,US,Kentucky,Warren,1508,13,0,36.99903045,-86.42672751,21227.0,1134.7218877919574,0.8620689655,1495,1491,13,0,1478,1481,131264,17,0,0,17,10
2020-06-29,US,Kentucky,Washington,23,0,0,37.75599461,-85.17407732,21229.0,190.1612236461348,0.0,23,22,0,0,22,22,12084,1,0,0,1,0
2020-06-29,US,Kentucky,Wayne,14,0,0,36.80310688,-84.8251971,21231.0,68.85358776373383,0.0,14,13,0,0,13,13,20468,1,0,0,1,0
2020-06-29,US,Kentucky,Webster,40,0,0,37.52168356,-87.67989953,21233.0,309.0712409210323,0.0,40,40,0,0,40,40,13111,0,0,0,0,0
2020-06-29,US,Kentucky,Whitley,27,0,0,36.75700531,-84.14541217,21235.0,74.45400397088021,0.0,27,25,0,0,25,25,36242,2,0,0,2,0
2020-06-29,US,Kentucky,Wolfe,2,0,0,37.73941626,-83.49303612,21237.0,27.944669554282516,0.0,2,2,0,0,2,2,7177,0,0,0,0,0
2020-06-29,US,Kentucky,Woodford,67,0,0,38.04178222,-84.7417556,21239.0,250.6171915912321,0.0,67,66,0,0,66,65,26533,1,0,0,1,1
2020-06-29,US,Louisiana,Acadia,850,37,0,30.2950649,-92.41419698,22001.0,1369.9734063985816,4.352941176,813,812,36,0,776,783,62190,38,1,0,37,29
2020-06-29,US,Louisiana,Allen,287,10,0,30.65385745,-92.82442028,22003.0,1119.9125921879267,3.4843205569999998,277,284,10,0,274,274,25605,3,0,0,3,10
2020-06-29,US,Louisiana,Ascension,1157,58,0,30.20406249,-90.91328409999998,22005.0,913.8731793624214,5.012964564,1099,1146,58,0,1088,1115,124672,11,0,0,11,31
2020-06-29,US,Louisiana,Assumption,351,14,0,29.89946234,-91.06461642,22007.0,1603.3986569823214,3.9886039889999996,337,343,14,0,329,338,22300,8,0,0,8,5
2020-06-29,US,Louisiana,Avoyelles,309,11,0,31.07796211,-92.00079449,22009.0,769.7289756875249,3.55987055,298,308,11,0,297,294,40462,1,0,0,1,14
2020-06-29,US,Louisiana,Beauregard,193,8,0,30.64836518,-93.34173616,22011.0,514.7078432941302,4.14507772,185,191,8,0,183,184,37253,2,0,0,2,7
2020-06-29,US,Louisiana,Bienville,220,26,0,32.34569994,-93.05398492,22013.0,1661.505928555245,11.81818182,194,220,26,0,194,211,13308,0,0,0,0,9
2020-06-29,US,Louisiana,Bossier,836,29,0,32.67932307,-93.60460152,22015.0,658.0656333881723,3.468899522,807,825,29,0,796,780,127185,11,0,0,11,45
2020-06-29,US,Louisiana,Caddo,3260,232,0,32.57991587,-93.88375652,22017.0,1357.1797305623554,7.116564417,3028,3211,232,0,2979,3161,242922,49,0,0,49,50
2020-06-29,US,Louisiana,Calcasieu,1257,54,0,30.22931235,-93.35400434,22019.0,617.8847401639828,4.295942721,1203,1205,54,0,1151,1138,203112,52,0,0,52,67
2020-06-29,US,Louisiana,Caldwell,104,1,0,32.0902519,-92.11752148,22021.0,1048.598507763662,0.9615384615000001,103,103,1,0,102,103,9960,1,0,0,1,0
2020-06-29,US,Louisiana,Cameron,40,0,0,29.87592238,-93.19310676,22023.0,573.6411874372577,0.0,40,40,0,0,40,38,6968,0,0,0,0,2
2020-06-29,US,Louisiana,Catahoula,190,3,0,31.66778967,-91.84526385,22025.0,2001.2639561828528,1.5789473680000001,187,188,3,0,185,160,9608,2,0,0,2,28
2020-06-29,US,Louisiana,Claiborne,116,11,0,32.82308512,-92.99526883,22027.0,740.2680280791321,9.482758621,105,114,11,0,103,114,15944,2,0,0,2,0
2020-06-29,US,Louisiana,Concordia,110,6,0,31.44817835,-91.63814433,22029.0,571.1615348668155,5.454545455,104,107,6,0,101,106,19572,3,0,0,3,1
2020-06-29,US,Louisiana,De Soto,341,18,0,32.05457447,-93.74130302,22031.0,1241.6706113680225,5.278592375,323,336,18,0,318,329,27436,5,0,0,5,7
2020-06-29,US,Louisiana,East Baton Rouge,5034,270,0,30.53842039,-91.09777565,22033.0,1143.9375174692484,5.36352801,4764,4963,268,0,4695,4833,440956,71,2,0,69,130
2020-06-29,US,Louisiana,East Carroll,432,1,0,32.73926954,-91.23425694,22035.0,6296.458242238741,0.23148148149999997,431,427,1,0,426,425,7037,5,0,0,5,2
2020-06-29,US,Louisiana,East Feliciana,299,33,0,30.84425359,-91.04976723,22037.0,1562.5816566501176,11.0367893,266,298,33,0,265,288,19305,1,0,0,1,10
2020-06-29,US,Louisiana,Evangeline,177,1,0,30.72985248,-92.39915924,22039.0,530.0194639916156,0.5649717514,176,173,1,0,172,168,33443,4,0,0,4,5
2020-06-29,US,Louisiana,Franklin,468,14,0,32.13675181,-91.67589857,22041.0,2338.2463152635523,2.991452991,454,464,14,0,450,455,20156,4,0,0,4,9
2020-06-29,US,Louisiana,Grant,83,1,0,31.59882456,-92.56124347,22043.0,370.7177631872793,1.2048192770000001,82,82,1,0,81,82,22482,1,0,0,1,0
2020-06-29,US,Louisiana,Iberia,673,44,0,29.86803617,-91.75871777,22045.0,963.769153658886,6.537890045,629,636,44,0,592,610,70941,37,0,0,37,26
2020-06-29,US,Louisiana,Iberville,702,43,0,30.25734305,-91.3499598,22047.0,2159.269170434622,6.125356125,659,699,43,0,656,692,32721,3,0,0,3,7
2020-06-29,US,Louisiana,Jackson,212,16,0,32.30251776,-92.55692092,22049.0,1346.5447154471544,7.547169811,196,209,16,0,193,206,15902,3,0,0,3,3
2020-06-29,US,Louisiana,Jefferson,9403,483,0,29.74075478,-90.11115756,22051.0,2174.1392346234506,5.136658513,8920,9342,483,0,8859,9169,434051,61,0,0,61,173
2020-06-29,US,Louisiana,Jefferson Davis,339,8,0,30.26896765,-92.81210004,22053.0,1080.7192042846214,2.359882006,331,328,8,0,320,316,31582,11,0,0,11,12
2020-06-29,US,Louisiana,LaSalle,96,0,0,31.67884782,-92.15907765,22059.0,644.64141821112,0.0,96,91,0,0,91,90,14917,5,0,0,5,1
2020-06-29,US,Louisiana,Lafayette,2058,41,0,30.2049055,-92.06959876,22055.0,842.0966487990507,1.992225462,2017,1972,41,0,1931,1862,242782,86,0,0,86,110
2020-06-29,US,Louisiana,Lafourche,1119,86,0,29.52470226,-90.40976986,22057.0,1146.3519577109842,7.685433422999999,1033,1097,86,0,1011,1071,98115,22,0,0,22,26
2020-06-29,US,Louisiana,Lincoln,314,18,0,32.6003154,-92.6659741,22061.0,671.7727097685165,5.732484076,296,312,18,0,294,300,47196,2,0,0,2,12
2020-06-29,US,Louisiana,Livingston,860,37,0,30.44143993,-90.73061664,22063.0,610.8431766686317,4.302325581,823,846,37,0,809,814,139567,14,0,0,14,32
2020-06-29,US,Louisiana,Madison,352,2,0,32.36918118,-91.23973355,22065.0,3214.318327093416,0.5681818182,350,347,2,0,345,331,11161,5,0,0,5,16
2020-06-29,US,Louisiana,Morehouse,237,8,0,32.81686191,-91.80421614,22067.0,952.8021226984,3.375527426,229,236,8,0,228,227,25398,1,0,0,1,9
2020-06-29,US,Louisiana,Natchitoches,280,14,0,31.72321584,-93.09816516,22069.0,733.7910791970229,5.0,266,280,14,0,266,231,38659,0,0,0,0,49
2020-06-29,US,Louisiana,Orleans,7796,532,0,30.06971951,-89.92660315,22071.0,1998.2365485564303,6.824012314,7264,7760,531,0,7229,7681,391006,36,1,0,35,79
2020-06-29,US,Louisiana,Ouachita,2331,73,0,32.47645559,-92.15704172,22073.0,1520.7562679819152,3.1317031319999997,2258,2267,73,0,2194,2199,154475,64,0,0,64,68
2020-06-29,US,Louisiana,Plaquemines,260,17,0,29.42245447,-89.60322085,22075.0,1120.8345906798293,6.538461538,243,257,17,0,240,252,23410,3,0,0,3,5
2020-06-29,US,Louisiana,Pointe Coupee,237,27,0,30.71409502,-91.60209535,22077.0,1090.6580763920847,11.39240506,210,234,27,0,207,231,21940,3,0,0,3,3
2020-06-29,US,Louisiana,Rapides,1499,57,0,31.19778499,-92.52997303,22079.0,1156.2075774404539,3.802535023,1442,1498,57,0,1441,1453,130562,1,0,0,1,45
2020-06-29,US,Louisiana,Red River,60,8,0,32.09530039,-93.34213308,22081.0,710.7320540156361,13.33333333,52,60,8,0,52,56,8477,0,0,0,0,4
2020-06-29,US,Louisiana,Richland,183,4,0,32.41391005,-91.76634876,22083.0,909.4523407215984,2.18579235,179,175,4,0,171,168,20192,8,0,0,8,7
2020-06-29,US,Louisiana,Sabine,77,1,0,31.56388699,-93.55433981,22085.0,322.3915592028136,1.298701299,76,77,1,0,76,76,24032,0,0,0,0,1
2020-06-29,US,Louisiana,St. Bernard,611,23,0,29.87761636,-89.51887093,22087.0,1293.2859199051732,3.7643207860000003,588,607,23,0,584,605,46721,4,0,0,4,2
2020-06-29,US,Louisiana,St. Charles,741,49,0,29.90709658,-90.35555967,22089.0,1395.4802259887006,6.61268556,692,736,49,0,687,726,52879,5,0,0,5,10
2020-06-29,US,Louisiana,St. Helena,90,1,0,30.82210324,-90.71013176,22091.0,888.2747729964467,1.111111111,89,89,1,0,88,89,10262,1,0,0,1,0
2020-06-29,US,Louisiana,St. James,351,28,0,30.02531716,-90.80212061,22093.0,1663.8225255972695,7.977207977000001,323,349,28,0,321,345,21037,2,0,0,2,4
2020-06-29,US,Louisiana,St. John the Baptist,960,86,0,30.12597499,-90.4753503,22095.0,2241.0532950486727,8.958333332999999,874,952,86,0,866,939,43184,8,0,0,8,13
2020-06-29,US,Louisiana,St. Landry,619,57,0,30.59724262,-92.00135806,22097.0,753.7382494764015,9.208400646,562,605,57,0,548,578,82764,14,0,0,14,27
2020-06-29,US,Louisiana,St. Martin,685,26,0,30.13112107,-91.61403569,22099.0,1282.0272875297112,3.7956204380000003,659,661,26,0,635,638,53621,24,0,0,24,23
2020-06-29,US,Louisiana,St. Mary,457,38,0,29.69262097,-91.44702164,22101.0,926.0760314501094,8.315098468,419,443,38,0,405,426,49774,14,0,0,14,17
2020-06-29,US,Louisiana,St. Tammany,2327,175,0,30.40942847,-89.95642711,22103.0,893.5599937024564,7.5204125479999995,2152,2288,174,0,2114,2211,258111,39,1,0,38,77
2020-06-29,US,Louisiana,Tangipahoa,1295,43,0,30.62888673,-90.40664996,22105.0,960.9819083097107,3.32046332,1252,1273,43,0,1230,1248,133777,22,0,0,22,25
2020-06-29,US,Louisiana,Tensas,24,0,0,32.00760749,-91.32915234,22107.0,553.7609598523304,0.0,24,24,0,0,24,24,4462,0,0,0,0,0
2020-06-29,US,Louisiana,Terrebonne,1011,61,0,29.37343766,-90.82626855,22109.0,915.2551579290429,6.033630069,950,988,61,0,927,931,111021,23,0,0,23,57
2020-06-29,US,Louisiana,Unassigned,11,108,0,0.0,0.0,90022.0,0.0,981.8181818,-97,11,113,0,-102,11,,0,-5,0,5,0
2020-06-29,US,Louisiana,Union,417,24,0,32.83121059,-92.3749373,22111.0,1886.1950425185453,5.755395683,393,412,24,0,388,405,22330,5,0,0,5,7
2020-06-29,US,Louisiana,Vermilion,238,6,0,29.83517605,-92.30292538,22113.0,399.926064088992,2.521008403,232,229,6,0,223,220,59830,9,0,0,9,9
2020-06-29,US,Louisiana,Vernon,116,7,0,31.10884837,-93.18153838,22115.0,244.57610322798286,6.034482758999999,109,111,7,0,104,107,48860,5,0,0,5,4
2020-06-29,US,Louisiana,Washington,663,46,0,30.85288548,-90.03866652,22117.0,1435.2513313417328,6.938159879,617,647,46,0,601,625,46582,16,0,0,16,22
2020-06-29,US,Louisiana,Webster,409,10,0,32.70847669,-93.33121835,22119.0,1066.770996348461,2.444987775,399,402,10,0,392,391,38798,7,0,0,7,11
2020-06-29,US,Louisiana,West Baton Rouge,252,30,0,30.46058217,-91.30989571,22121.0,952.2010202153788,11.9047619,222,248,30,0,218,243,26427,4,0,0,4,5
2020-06-29,US,Louisiana,West Carroll,118,5,0,32.78550125,-91.461201,22123.0,1089.5660203139428,4.237288136,113,115,5,0,110,114,10982,3,0,0,3,1
2020-06-29,US,Louisiana,West Feliciana,242,14,0,30.87882871,-91.4148538,22125.0,1554.4707091469681,5.7851239670000005,228,242,14,0,228,241,15460,0,0,0,0,1
2020-06-29,US,Louisiana,Winn,242,5,0,31.94449367,-92.63789413,22127.0,1740.506329113924,2.066115702,237,241,5,0,236,238,14134,1,0,0,1,3
2020-06-29,US,Maine,Androscoggin,476,4,0,44.1664747,-70.20380627,23001.0,439.6132142560285,0.8403361345,472,476,4,0,472,469,107679,0,0,0,0,7
2020-06-29,US,Maine,Aroostook,22,1,0,46.65926321,-68.59841248,23003.0,32.808888226083056,4.545454545,21,23,1,0,22,23,67111,-1,0,0,-1,0
2020-06-29,US,Maine,Cumberland,1697,60,0,43.8370751,-70.37226999,23005.0,575.2483873045359,3.5356511489999995,1637,1682,60,0,1622,1656,293557,15,0,0,15,26
2020-06-29,US,Maine,Franklin,41,1,0,44.97330019,-70.44381045,23007.0,135.76608496970098,2.43902439,40,39,1,0,38,39,29897,2,0,0,2,0
2020-06-29,US,Maine,Hancock,16,1,0,44.59816444,-68.38401854,23009.0,29.09778674959536,6.25,15,16,1,0,15,16,54811,0,0,0,0,0
2020-06-29,US,Maine,Kennebec,146,10,0,44.40759555,-69.76738544,23011.0,119.37662507563243,6.849315067999999,136,143,9,0,134,143,122083,3,1,0,2,0
2020-06-29,US,Maine,Knox,24,1,0,44.11486325,-69.10529169,23013.0,60.34396057527909,4.166666667,23,24,1,0,23,24,39771,0,0,0,0,0
2020-06-29,US,Maine,Lincoln,23,0,0,44.05996956,-69.54227124,23015.0,66.40873130449847,0.0,23,23,0,0,23,23,34342,0,0,0,0,0
2020-06-29,US,Maine,Oxford,37,0,0,44.49952995,-70.75682123,23017.0,63.820612332902115,0.0,37,35,0,0,35,35,57618,2,0,0,2,0
2020-06-29,US,Maine,Penobscot,106,2,0,45.40194593,-68.65020455,23019.0,69.66900649367722,1.8867924530000002,104,105,2,0,103,105,151096,1,0,0,1,0
2020-06-29,US,Maine,Piscataquis,3,0,0,45.83839062,-69.2860223,23021.0,17.873100983020553,0.0,3,3,0,0,3,3,16800,0,0,0,0,0
2020-06-29,US,Maine,Sagadahoc,34,0,0,43.95415864,-69.85074999,23023.0,94.82373940205264,0.0,34,34,0,0,34,34,35634,0,0,0,0,0
2020-06-29,US,Maine,Somerset,28,0,0,45.51229767,-69.95995554,23025.0,55.463117027176935,0.0,28,27,0,0,27,27,50592,1,0,0,1,0
2020-06-29,US,Maine,Unassigned,5,0,0,0.0,0.0,90023.0,0.0,0.0,5,5,0,0,5,3,,0,0,0,0,2
2020-06-29,US,Maine,Waldo,55,14,0,44.4858305,-69.12061935,23027.0,138.48671786478658,25.45454545,41,55,14,0,41,55,39694,0,0,0,0,0
2020-06-29,US,Maine,Washington,2,0,0,45.01607142,-67.62813524,23029.0,6.373689410115046,0.0,2,2,0,0,2,2,31490,0,0,0,0,0
2020-06-29,US,Maine,York,504,11,0,43.47808377,-70.71052375,23031.0,242.7266291339379,2.1825396830000003,493,499,11,0,488,497,206229,5,0,0,5,2
2020-06-29,US,Maryland,Allegany,204,17,0,39.62357628,-78.69280486,24001.0,289.70688479890936,8.333333332999999,187,204,17,0,187,204,70975,0,0,0,0,0
2020-06-29,US,Maryland,Anne Arundel,5092,207,0,39.00670238,-76.60329337,24003.0,879.0920422489012,4.065200314,4885,5055,207,0,4848,5042,576031,37,0,0,37,13
2020-06-29,US,Maryland,Baltimore,7929,470,0,39.45784712,-76.62911955,24005.0,958.3378657674316,5.927607517,7459,7847,467,0,7380,7800,828431,82,3,0,79,47
2020-06-29,US,Maryland,Baltimore City,7498,335,0,39.30211911,-76.61151012,24510.0,1263.3742775783921,4.467858095,7163,7416,335,0,7081,7363,621342,82,0,0,82,53
2020-06-29,US,Maryland,Calvert,413,26,0,38.53961642,-76.56820632,24009.0,446.3658470683599,6.295399516,387,410,26,0,384,408,92003,3,0,0,3,2
2020-06-29,US,Maryland,Caroline,318,3,0,38.87172293,-75.82904158,24011.0,951.9248039274382,0.9433962264,315,315,3,0,312,315,33304,3,0,0,3,0
2020-06-29,US,Maryland,Carroll,1114,112,0,39.56453592,-77.02373735,24013.0,661.335612982125,10.05385996,1002,1105,111,0,994,1104,168429,9,1,0,8,1
2020-06-29,US,Maryland,Cecil,478,29,0,39.56647682,-75.94627411,24015.0,464.7319041368917,6.066945607,449,473,29,0,444,473,102826,5,0,0,5,0
2020-06-29,US,Maryland,Charles,1383,86,0,38.51092331,-76.98580666,24017.0,847.1305977691617,6.2183658710000005,1297,1371,86,0,1285,1362,161503,12,0,0,12,9
2020-06-29,US,Maryland,Dorchester,188,5,0,38.45413522,-76.02752426,24019.0,588.8064142315764,2.659574468,183,185,5,0,180,183,31998,3,0,0,3,2
2020-06-29,US,Maryland,Frederick,2486,117,0,39.47296601,-77.39999394,24021.0,957.8226679560927,4.706355591,2369,2471,117,0,2354,2465,255648,15,0,0,15,6
2020-06-29,US,Maryland,Garrett,11,0,0,39.52786077,-79.27355126,24023.0,37.91273178465568,0.0,11,11,0,0,11,10,29163,0,0,0,0,1
2020-06-29,US,Maryland,Harford,1108,62,0,39.55010644,-76.30775940000002,24025.0,433.7596548713793,5.59566787,1046,1096,61,0,1035,1090,253956,12,1,0,11,6
2020-06-29,US,Maryland,Howard,2527,85,0,39.25305293,-76.93126208,24027.0,775.8911848690473,3.363672339,2442,2501,85,0,2416,2490,323196,26,0,0,26,11
2020-06-29,US,Maryland,Kent,199,23,0,39.24976208,-76.04741541,24029.0,1024.611265575121,11.55778894,176,198,23,0,175,196,19383,1,0,0,1,2
2020-06-29,US,Maryland,Montgomery,14675,736,0,39.13676329,-77.20358245,24031.0,1396.7038740330145,5.015332198,13939,14607,735,0,13872,14520,1052567,68,1,0,67,87
2020-06-29,US,Maryland,Prince George's,18505,680,0,38.83070039,-76.8496441,24033.0,2035.0215049151736,3.674682518,17825,18414,678,0,17736,18342,909308,91,2,0,89,72
2020-06-29,US,Maryland,Queen Anne's,227,17,0,39.06198912,-76.03530977,24035.0,450.56668188404365,7.488986784,210,226,17,0,209,224,50251,1,0,0,1,2
2020-06-29,US,Maryland,Somerset,87,3,0,38.1163542,-75.75118623,24039.0,339.631480324797,3.448275862,84,86,3,0,83,86,25675,1,0,0,1,0
2020-06-29,US,Maryland,St. Mary's,633,51,0,38.30058422,-76.60629279999998,24037.0,557.660118051273,8.056872038,582,620,51,0,569,619,112664,13,0,0,13,1
2020-06-29,US,Maryland,Talbot,136,4,0,38.76618159,-76.10882561,24041.0,365.7782200586322,2.9411764710000003,132,130,4,0,126,130,36968,6,0,0,6,0
2020-06-29,US,Maryland,Unassigned,0,24,0,0.0,0.0,90024.0,0.0,0.0,-24,0,26,0,-26,0,,0,-2,0,2,0
2020-06-29,US,Maryland,Washington,695,26,0,39.60835778,-77.82002295,24043.0,460.1155916292064,3.741007194,669,694,26,0,668,684,150926,1,0,0,1,10
2020-06-29,US,Maryland,Wicomico,1062,41,0,38.37301947,-75.62705831,24045.0,1025.0074800451696,3.860640301,1021,1060,40,0,1020,1058,103195,2,1,0,1,2
2020-06-29,US,Maryland,Worcester,286,16,0,38.21274277,-75.33200012,24047.0,547.0961818042697,5.5944055939999995,270,282,16,0,266,282,51823,4,0,0,4,0
2020-06-29,US,Massachusetts,Barnstable,1535,145,0,41.72980578,-70.28854339,25001.0,720.6911122587915,9.446254072,1390,1532,144,0,1388,1531,213413,3,1,0,2,1
2020-06-29,US,Massachusetts,Berkshire,594,44,0,42.37428441,-73.20524838,25003.0,475.41298501728767,7.407407407000001,550,594,44,0,550,594,126348,0,0,0,0,0
2020-06-29,US,Massachusetts,Bristol,8208,575,0,41.79228404,-71.10872211,25005.0,1452.1856207438916,7.005360624,7633,8198,568,0,7630,8176,564022,10,7,0,3,22
2020-06-29,US,Massachusetts,Dukes and Nantucket,64,0,0,41.40674725,-70.68763497,0.0,222.75590825241028,0.0,64,63,0,0,63,63,26707,1,0,0,1,0
2020-06-29,US,Massachusetts,Essex,16069,1106,0,42.6687626,-70.94687179,25009.0,2036.5408841697567,6.882817847999999,14963,16053,1099,0,14954,16028,790638,16,7,0,9,25
2020-06-29,US,Massachusetts,Franklin,366,54,0,42.58119713,-72.58602547,25011.0,521.5161014534056,14.75409836,312,366,54,0,312,366,70963,0,0,0,0,0
2020-06-29,US,Massachusetts,Hampden,6765,664,0,42.13440424,-72.63235561,25013.0,1450.5587814019711,9.815225425,6101,6760,663,0,6097,6729,470406,5,1,0,4,31
2020-06-29,US,Massachusetts,Hampshire,959,110,0,42.33997957,-72.65898478,25015.0,596.2817882235901,11.47028154,849,958,110,0,848,955,161355,1,0,0,1,3
2020-06-29,US,Massachusetts,Middlesex,23946,1862,0,42.48607732,-71.39049229,25017.0,1485.761299101135,7.775828947999999,22084,23915,1855,0,22060,23859,1614714,31,7,0,24,56
2020-06-29,US,Massachusetts,Norfolk,9161,930,0,42.16073095,-71.20530408,25021.0,1296.1692193413744,10.15173016,8231,9151,927,0,8224,9125,705388,10,3,0,7,26
2020-06-29,US,Massachusetts,Plymouth,8676,666,0,41.94070556,-70.80802823,25023.0,1664.6137198245597,7.676348547999999,8010,8671,663,0,8008,8661,518132,5,3,0,2,10
2020-06-29,US,Massachusetts,Suffolk,19795,1007,0,42.3279514,-71.07850442,25025.0,2462.349500626316,5.0871432180000005,18788,19795,1004,0,18791,19764,807252,0,3,0,-3,31
2020-06-29,US,Massachusetts,Unassigned,288,7,0,0.0,0.0,90025.0,0.0,2.430555556,281,287,7,0,280,289,,1,0,0,1,-2
2020-06-29,US,Massachusetts,Worcester,12342,924,0,42.35026951,-71.90493363,25027.0,1485.8744410815027,7.4866310160000005,11418,12324,921,0,11403,12303,830839,18,3,0,15,21
2020-06-29,US,Michigan,Alcona,21,1,0,44.6846864,-83.59507875,26001.0,201.8260451705911,4.7619047619999995,20,21,1,0,20,21,10362,0,0,0,0,0
2020-06-29,US,Michigan,Alger,3,0,0,46.41292944,-86.60260122,26003.0,32.93807641633729,0.0,3,3,0,0,3,3,9097,0,0,0,0,0
2020-06-29,US,Michigan,Allegan,308,6,0,42.59147037,-85.89102866,26005.0,260.8378994080335,1.948051948,302,306,6,0,300,303,117327,2,0,0,2,3
2020-06-29,US,Michigan,Alpena,119,11,0,45.03477666,-83.62212411,26007.0,418.9403274071465,9.243697479,108,118,11,0,107,117,28360,1,0,0,1,1
2020-06-29,US,Michigan,Antrim,18,0,0,44.99690221,-85.15503082,26009.0,77.17372663351055,0.0,18,18,0,0,18,18,23365,0,0,0,0,0
2020-06-29,US,Michigan,Arenac,38,2,0,44.0636262,-83.89277559,26011.0,255.32486729825973,5.263157895,36,39,2,0,37,38,15041,-1,0,0,-1,1
2020-06-29,US,Michigan,Baraga,5,0,0,46.6720582,-88.36363591,26013.0,60.9087586794981,0.0,5,4,0,0,4,4,8320,1,0,0,1,0
2020-06-29,US,Michigan,Barry,98,2,0,42.59513984,-85.30834519,26015.0,159.22014622258325,2.040816327,96,97,2,0,95,96,61157,1,0,0,1,1
2020-06-29,US,Michigan,Bay,387,30,0,43.70639106,-83.98731479,26017.0,375.26908829974985,7.751937984,357,386,30,0,356,386,103923,1,0,0,1,0
2020-06-29,US,Michigan,Benzie,9,0,0,44.63899297,-86.01608482,26019.0,50.65856129685917,0.0,9,7,0,0,7,7,17753,2,0,0,2,0
2020-06-29,US,Michigan,Berrien,879,60,0,41.95447397,-86.41313079999998,26021.0,573.0079986440768,6.825938567000001,819,870,60,0,810,865,154141,9,0,0,9,5
2020-06-29,US,Michigan,Branch,257,2,0,41.91600556,-85.05929476,26023.0,590.573798745318,0.7782101167000001,255,257,2,0,255,255,43622,0,0,0,0,2
2020-06-29,US,Michigan,Calhoun,532,33,0,42.24633834,-85.00493569,26025.0,396.54439881036683,6.203007519,499,526,32,0,494,523,134487,6,1,0,5,3
2020-06-29,US,Michigan,Cass,139,5,0,41.91522292,-85.99405727,26027.0,268.4071292023095,3.597122302,134,136,4,0,132,134,51653,3,1,0,2,2
2020-06-29,US,Michigan,Charlevoix,26,2,0,45.37790017,-85.19614053,26029.0,99.45300845350573,7.692307692000001,24,26,2,0,24,26,26244,0,0,0,0,0
2020-06-29,US,Michigan,Cheboygan,27,2,0,45.44787015,-84.50122149,26031.0,106.82069947776549,7.407407407000001,25,27,2,0,25,28,25413,0,0,0,0,-1
2020-06-29,US,Michigan,Chippewa,5,0,0,46.29552653,-84.54353449,26033.0,13.387239283514953,0.0,5,5,0,0,5,3,37517,0,0,0,0,2
2020-06-29,US,Michigan,Clare,27,3,0,43.98794227,-84.84819859999998,26035.0,87.23747980613894,11.11111111,24,27,3,0,24,27,30757,0,0,0,0,0
2020-06-29,US,Michigan,Clinton,220,12,0,42.94400871,-84.60145248,26037.0,276.399271311012,5.454545455,208,217,12,0,205,215,79332,3,0,0,3,2
2020-06-29,US,Michigan,Crawford,71,5,0,44.68255561,-84.61006219,26039.0,506.0945184973983,7.042253521,66,68,5,0,63,68,13901,3,0,0,3,0
2020-06-29,US,Michigan,Delta,21,3,0,45.90484910000001,-86.9080745,26041.0,58.685446009389665,14.28571429,18,21,3,0,18,21,35857,0,0,0,0,0
2020-06-29,US,Michigan,Dickinson,7,2,0,46.00999672,-87.86961634,26043.0,27.734854788224567,28.57142857,5,7,2,0,5,7,25383,0,0,0,0,0
2020-06-29,US,Michigan,Eaton,319,7,0,42.59599185,-84.83740035,26045.0,289.29517176334025,2.194357367,312,314,7,0,307,311,109826,5,0,0,5,3
2020-06-29,US,Michigan,Emmet,27,2,0,45.52625509,-84.89083249,26047.0,80.80203501421518,7.407407407000001,25,27,2,0,25,27,33308,0,0,0,0,0
2020-06-29,US,Michigan,Federal Correctional Institution (FCI),181,5,0,0.0,0.0,0.0,0.0,2.7624309389999997,176,181,5,0,176,181,,0,0,0,0,0
2020-06-29,US,Michigan,Genesee,2715,288,0,43.02244215,-83.70589709,26049.0,669.0273598923643,10.60773481,2427,2690,288,0,2402,2683,406892,25,0,0,25,7
2020-06-29,US,Michigan,Gladwin,26,1,0,43.98901072,-84.38774817,26051.0,102.16511454281112,3.8461538460000004,25,26,1,0,25,26,25337,0,0,0,0,0
2020-06-29,US,Michigan,Gogebic,7,1,0,46.40862701,-89.69377193,26053.0,50.08944543828265,14.28571429,6,7,1,0,6,7,15096,0,0,0,0,0
2020-06-29,US,Michigan,Grand Traverse,47,5,0,44.69565625,-85.55585247,26055.0,50.48985905809557,10.63829787,42,44,5,0,39,42,92573,3,0,0,3,2
2020-06-29,US,Michigan,Gratiot,92,13,0,43.29265605,-84.60505416,26057.0,225.98314951732948,14.13043478,79,92,13,0,79,92,40599,0,0,0,0,0
2020-06-29,US,Michigan,Hillsdale,194,25,0,41.88753639,-84.59312019,26059.0,425.39195263677226,12.88659794,169,193,25,0,168,192,45749,1,0,0,1,1
2020-06-29,US,Michigan,Houghton,11,0,0,46.89988536,-88.68495385,26061.0,30.82614056720099,0.0,11,11,0,0,11,11,36219,0,0,0,0,0
2020-06-29,US,Michigan,Huron,65,3,0,43.83353985,-83.04078453,26063.0,209.80601013524415,4.615384615,62,65,3,0,62,65,31166,0,0,0,0,0
2020-06-29,US,Michigan,Ingham,1002,29,0,42.59716886,-84.37472069,26065.0,342.67422693104794,2.894211577,973,992,29,0,963,980,292735,10,0,0,10,12
2020-06-29,US,Michigan,Ionia,194,4,0,42.94502238,-85.07413319,26067.0,299.85934432817595,2.06185567,190,193,4,0,189,193,64210,1,0,0,1,0
2020-06-29,US,Michigan,Iosco,113,10,0,44.35486835,-83.63484895,26069.0,449.71544553667366,8.849557522000001,103,112,10,0,102,111,25081,1,0,0,1,1
2020-06-29,US,Michigan,Iron,5,1,0,46.20974132,-88.53136251,26071.0,45.18344478583048,20.0,4,5,1,0,4,5,11117,0,0,0,0,0
2020-06-29,US,Michigan,Isabella,122,8,0,43.64060976,-84.84664923,26073.0,174.60499198534458,6.557377048999999,114,122,8,0,114,121,70562,0,0,0,0,1
2020-06-29,US,Michigan,Jackson,497,30,0,42.24807035,-84.42258681,26075.0,313.54488675793317,6.036217304,467,494,30,0,464,494,158823,3,0,0,3,0
2020-06-29,US,Michigan,Kalamazoo,1069,67,0,42.24542231,-85.53038622,26077.0,403.2957829370798,6.267539757000001,1002,1063,67,0,996,1055,264870,6,0,0,6,8
2020-06-29,US,Michigan,Kalkaska,32,2,0,44.68512729,-85.09085699,26079.0,177.4032597848986,6.25,30,32,2,0,30,32,17824,0,0,0,0,0
2020-06-29,US,Michigan,Kent,4862,132,0,43.03197711,-85.54934642,26081.0,740.08113188879,2.714932127,4730,4849,132,0,4717,4816,653786,13,0,0,13,33
2020-06-29,US,Michigan,Keweenaw,1,0,0,47.63197653,-88.41434263,26083.0,47.25897920604915,0.0,1,1,0,0,1,1,2113,0,0,0,0,0
2020-06-29,US,Michigan,Lake,7,0,0,43.99050893,-85.802173,26085.0,59.05677887454653,0.0,7,7,0,0,7,7,11881,0,0,0,0,0
2020-06-29,US,Michigan,Lapeer,291,31,0,43.09052506,-83.22153148,26087.0,332.16523793760774,10.65292096,260,288,31,0,257,288,88028,3,0,0,3,0
2020-06-29,US,Michigan,Leelanau,16,0,0,44.94430054,-85.80150326,26089.0,73.52603281099215,0.0,16,16,0,0,16,16,21764,0,0,0,0,0
2020-06-29,US,Michigan,Lenawee,214,6,0,41.89475156,-84.06603727,26091.0,217.367015063331,2.803738318,208,210,6,0,204,209,98266,4,0,0,4,1
2020-06-29,US,Michigan,Livingston,568,28,0,42.60302282,-83.91297209,26093.0,295.84103752701895,4.929577465,540,566,28,0,538,561,191224,2,0,0,2,5
2020-06-29,US,Michigan,Luce,3,0,0,46.47227431,-85.54471223,26095.0,48.16182372772515,0.0,3,3,0,0,3,3,6283,0,0,0,0,0
2020-06-29,US,Michigan,Mackinac,8,0,0,46.07028979,-85.04980537,26097.0,74.0809334197611,0.0,8,8,0,0,8,8,10787,0,0,0,0,0
2020-06-29,US,Michigan,Macomb,7317,907,0,42.69158356,-82.92752801,26099.0,837.2121761337892,12.39579062,6410,7297,907,0,6390,7271,874759,20,0,0,20,26
2020-06-29,US,Michigan,Manistee,16,0,0,44.33352407,-86.05626916,26101.0,65.15188533268181,0.0,16,16,0,0,16,16,24528,0,0,0,0,0
2020-06-29,US,Michigan,Marquette,64,11,0,46.4338914,-87.64043701,26103.0,95.95346257065323,17.1875,53,64,11,0,53,64,66516,0,0,0,0,0
2020-06-29,US,Michigan,Mason,46,0,0,43.99509218,-86.24988902,26105.0,157.8369475706835,0.0,46,45,0,0,45,45,29100,1,0,0,1,0
2020-06-29,US,Michigan,Mecosta,29,2,0,43.64064262,-85.32463223,26107.0,66.7387752284077,6.896551724,27,29,2,0,27,29,43545,0,0,0,0,0
2020-06-29,US,Michigan,Menominee,16,0,0,45.58038692,-87.55370409,26109.0,70.23705004389814,0.0,16,16,0,0,16,15,22983,0,0,0,0,1
2020-06-29,US,Michigan,Michigan Department of Corrections (MDOC),4106,68,0,0.0,0.0,0.0,0.0,1.656113005,4038,4104,68,0,4036,4101,,2,0,0,2,3
2020-06-29,US,Michigan,Midland,164,9,0,43.64330771,-84.38804374,26111.0,197.2196834864592,5.4878048779999995,155,164,9,0,155,160,83209,0,0,0,0,4
2020-06-29,US,Michigan,Missaukee,29,1,0,44.33772443,-85.09256478,26113.0,191.824315385633,3.448275862,28,28,1,0,27,28,15113,1,0,0,1,0
2020-06-29,US,Michigan,Monroe,606,21,0,41.92734151,-83.53749864,26115.0,402.6578073089701,3.465346535,585,603,21,0,582,602,150439,3,0,0,3,1
2020-06-29,US,Michigan,Montcalm,87,1,0,43.31082541,-85.15252824,26117.0,136.17580766341098,1.1494252870000001,86,86,1,0,85,86,63968,1,0,0,1,0
2020-06-29,US,Michigan,Montmorency,5,0,0,45.0275929,-84.12696227,26119.0,53.60205831903945,0.0,5,5,0,0,5,5,9265,0,0,0,0,0
2020-06-29,US,Michigan,Muskegon,811,50,0,43.29123859,-86.15176712,26121.0,467.2574121659772,6.1652281129999995,761,807,50,0,757,806,173588,4,0,0,4,1
2020-06-29,US,Michigan,Newaygo,165,0,0,43.554374,-85.80070107,26123.0,336.87219273172724,0.0,165,163,0,0,163,163,48892,2,0,0,2,0
2020-06-29,US,Michigan,Oakland,11942,1085,0,42.66090111,-83.38595416,26125.0,949.5985954019773,9.085580305,10857,11916,1085,0,10831,11886,1259201,26,0,0,26,30
2020-06-29,US,Michigan,Oceana,280,3,0,43.64124435,-86.26726673,26127.0,1057.921184871727,1.071428571,277,263,3,0,260,249,26625,17,0,0,17,14
2020-06-29,US,Michigan,Ogemaw,33,2,0,44.33481032,-84.12725175,26129.0,157.16530932990426,6.0606060610000005,31,32,2,0,30,32,20952,1,0,0,1,0
2020-06-29,US,Michigan,Osceola,29,0,0,43.98992088,-85.32566756,26133.0,123.614663256607,0.0,29,27,0,0,27,26,23341,2,0,0,2,1
2020-06-29,US,Michigan,Oscoda,16,1,0,44.68192279,-84.12939244,26135.0,194.15119524329566,6.25,15,16,1,0,15,14,8276,0,0,0,0,2
2020-06-29,US,Michigan,Otsego,122,10,0,45.02085831,-84.59898295,26137.0,494.5678611966922,8.196721311000001,112,122,10,0,112,122,24665,0,0,0,0,0
2020-06-29,US,Michigan,Ottawa,1013,51,0,42.95996803,-85.9969107,26139.0,347.1198985710859,5.0345508389999996,962,1012,51,0,961,1008,290494,1,0,0,1,4
2020-06-29,US,Michigan,Out of MI,99,0,0,0.0,0.0,80026.0,0.0,0.0,99,96,0,0,96,90,,3,0,0,3,6
2020-06-29,US,Michigan,Presque Isle,12,0,0,45.34018577,-83.91498656,26141.0,95.29860228716646,0.0,12,12,0,0,12,12,12738,0,0,0,0,0
2020-06-29,US,Michigan,Roscommon,26,0,0,44.33473082,-84.61067651,26143.0,108.2476372871477,0.0,26,26,0,0,26,26,23884,0,0,0,0,0
2020-06-29,US,Michigan,Saginaw,1275,123,0,43.33433923,-84.05131209999998,26145.0,669.1543463542898,9.647058824,1152,1268,123,0,1145,1260,190800,7,0,0,7,8
2020-06-29,US,Michigan,Sanilac,46,6,0,43.42406072,-82.82055898,26151.0,111.731843575419,13.04347826,40,44,6,0,38,44,41182,2,0,0,2,0
2020-06-29,US,Michigan,Schoolcraft,4,0,0,46.19235734,-86.19972234,26153.0,49.4193229552755,0.0,4,4,0,0,4,4,8068,0,0,0,0,0
2020-06-29,US,Michigan,Shiawassee,272,27,0,42.95392800000001,-84.14585902,26155.0,399.283638178562,9.926470587999999,245,269,27,0,242,269,68192,3,0,0,3,0
2020-06-29,US,Michigan,St. Clair,552,49,0,42.92655373,-82.67937954,26147.0,346.8905535166658,8.876811594,503,549,49,0,500,547,159337,3,0,0,3,2
2020-06-29,US,Michigan,St. Joseph,307,4,0,41.91441767,-85.52797979,26149.0,503.5758808477134,1.3029315959999999,303,289,3,0,286,276,61043,18,1,0,17,13
2020-06-29,US,Michigan,Tuscola,234,26,0,43.46606813,-83.41897025,26157.0,447.8897502153317,11.11111111,208,233,26,0,207,233,52516,1,0,0,1,0
2020-06-29,US,Michigan,Unassigned,3,0,0,0.0,0.0,90026.0,0.0,0.0,3,7,0,0,7,3,,-4,0,0,-4,4
2020-06-29,US,Michigan,Van Buren,226,7,0,42.25190229,-86.01939087,26159.0,298.6376309843148,3.097345133,219,225,7,0,218,224,75448,1,0,0,1,1
2020-06-29,US,Michigan,Washtenaw,1683,104,0,42.253105,-83.83853204,26161.0,457.83335736301046,6.179441474,1579,1670,104,0,1566,1661,370963,13,0,0,13,9
2020-06-29,US,Michigan,Wayne,22662,2711,0,42.28098405,-83.281255,26163.0,1295.4577804352834,11.96275704,19951,22621,2710,0,19911,22579,1753893,41,1,0,40,42
2020-06-29,US,Michigan,Wexford,21,3,0,44.33853602,-85.57712739,26165.0,62.44238946210341,14.28571429,18,21,3,0,18,21,33466,0,0,0,0,0
2020-06-29,US,Minnesota,Aitkin,13,0,0,46.60962049,-93.4116826,27001.0,81.83306055646482,0.0,13,13,0,0,13,13,15902,0,0,0,0,0
2020-06-29,US,Minnesota,Anoka,2076,107,0,45.27476015,-93.24604565,27003.0,581.6413155852415,5.1541425819999995,1969,2053,106,0,1947,2020,353813,23,1,0,22,33
2020-06-29,US,Minnesota,Becker,54,0,0,46.93479392,-95.67158144,27005.0,156.87185893152838,0.0,54,54,0,0,54,54,34371,0,0,0,0,0
2020-06-29,US,Minnesota,Beltrami,27,0,0,47.97373527,-94.93732139,27007.0,57.217936763583964,0.0,27,27,0,0,27,27,46847,0,0,0,0,0
2020-06-29,US,Minnesota,Benton,208,3,0,45.69804958,-93.99514135,27009.0,508.6942698525276,1.442307692,205,208,3,0,205,207,40545,0,0,0,0,1
2020-06-29,US,Minnesota,Big Stone,14,0,0,45.42712824,-96.41403739,27011.0,280.50490883590464,0.0,14,14,0,0,14,14,4989,0,0,0,0,0
2020-06-29,US,Minnesota,Blue Earth,377,2,0,44.03554215,-94.06699781,27013.0,557.2554062643194,0.5305039788,375,368,2,0,366,335,67427,9,0,0,9,33
2020-06-29,US,Minnesota,Brown,27,2,0,44.24205652,-94.72562874,27015.0,107.96545105566221,7.407407407000001,25,27,2,0,25,23,25111,0,0,0,0,4
2020-06-29,US,Minnesota,Carlton,81,0,0,46.59180601,-92.67601019,27017.0,225.80914945220368,0.0,81,81,0,0,81,81,35837,0,0,0,0,0
2020-06-29,US,Minnesota,Carver,338,1,0,44.82017001,-93.8009918,27019.0,321.6321403762525,0.2958579882,337,333,1,0,332,323,103551,5,0,0,5,10
2020-06-29,US,Minnesota,Cass,12,2,0,46.95043611,-94.32603968,27021.0,40.296853487356856,16.66666667,10,12,2,0,10,11,29519,0,0,0,0,1
2020-06-29,US,Minnesota,Chippewa,74,1,0,45.02343421,-95.56403693,27023.0,627.1186440677966,1.351351351,73,74,1,0,73,74,11924,0,0,0,0,0
2020-06-29,US,Minnesota,Chisago,93,1,0,45.5021011,-92.90861945,27025.0,164.37194011912547,1.075268817,92,92,1,0,91,90,55922,1,0,0,1,2
2020-06-29,US,Minnesota,Clay,560,37,0,46.89289518,-96.48761922,27027.0,871.9753355547944,6.607142857,523,557,37,0,520,556,63955,3,0,0,3,1
2020-06-29,US,Minnesota,Clearwater,7,0,0,47.57992111,-95.37790562,27029.0,79.38308006350647,0.0,7,7,0,0,7,7,8810,0,0,0,0,0
2020-06-29,US,Minnesota,Cook,1,0,0,47.90504893,-90.52629546,27031.0,18.304960644334614,0.0,1,1,0,0,1,1,5393,0,0,0,0,0
2020-06-29,US,Minnesota,Cottonwood,132,0,0,44.00715262,-95.18138802,27033.0,1178.9924973204716,0.0,132,131,0,0,131,131,11277,1,0,0,1,0
2020-06-29,US,Minnesota,Crow Wing,102,12,0,46.48096553,-94.06755609,27035.0,156.79040811620936,11.76470588,90,102,12,0,90,101,64889,0,0,0,0,1
2020-06-29,US,Minnesota,Dakota,2157,87,0,44.67172617,-93.06299363,27037.0,502.77259155146254,4.033379694,2070,2133,87,0,2046,2090,425423,24,0,0,24,43
2020-06-29,US,Minnesota,Dodge,79,0,0,44.02238415,-92.86244324,27039.0,377.3765166714437,0.0,79,79,0,0,79,74,20822,0,0,0,0,5
2020-06-29,US,Minnesota,Douglas,58,0,0,45.93348491,-95.45335469,27041.0,152.06732912089353,0.0,58,58,0,0,58,58,37964,0,0,0,0,0
2020-06-29,US,Minnesota,Faribault,53,0,0,43.67381499,-93.94787458,27043.0,388.19307111990037,0.0,53,48,0,0,48,45,13758,5,0,0,5,3
2020-06-29,US,Minnesota,Fillmore,25,0,0,43.67394126,-92.08980382,27045.0,118.66900840176581,0.0,25,25,0,0,25,25,21058,0,0,0,0,0
2020-06-29,US,Minnesota,Freeborn,282,0,0,43.67385583,-93.34884422,27047.0,931.277038406922,0.0,282,280,0,0,280,271,30444,2,0,0,2,9
2020-06-29,US,Minnesota,Goodhue,117,8,0,44.40849741,-92.7234195,27049.0,252.48165731549412,6.837606837999999,109,117,8,0,109,113,46403,0,0,0,0,4
2020-06-29,US,Minnesota,Grant,6,0,0,45.93424769,-96.01139609,27051.0,100.46885465505692,0.0,6,6,0,0,6,6,6021,0,0,0,0,0
2020-06-29,US,Minnesota,Hennepin,11656,773,0,45.00761521,-93.47694895,27053.0,920.8092946755639,6.631777625,10883,11556,767,0,10789,11415,1259428,100,6,0,94,141
2020-06-29,US,Minnesota,Houston,23,0,0,43.67129565,-91.49143057,27055.0,123.65591397849462,0.0,23,21,0,0,21,20,18578,2,0,0,2,1
2020-06-29,US,Minnesota,Hubbard,5,0,0,47.10778564,-94.91693868,27057.0,23.26555302219533,0.0,5,5,0,0,5,5,21332,0,0,0,0,0
2020-06-29,US,Minnesota,Isanti,61,0,0,45.56181234,-93.29487636,27059.0,150.2611094689132,0.0,61,60,0,0,60,58,39966,1,0,0,1,2
2020-06-29,US,Minnesota,Itasca,64,12,0,47.51009045,-93.63092229,27061.0,141.81254154664302,18.75,52,64,12,0,52,64,45108,0,0,0,0,0
2020-06-29,US,Minnesota,Jackson,54,0,0,43.67423373,-95.15398258,27063.0,548.4460694698355,0.0,54,54,0,0,54,53,9911,0,0,0,0,1
2020-06-29,US,Minnesota,Kanabec,14,1,0,45.9459309,-93.29275192,27065.0,85.69504805043766,7.142857143,13,13,1,0,12,13,16207,1,0,0,1,0
2020-06-29,US,Minnesota,Kandiyohi,565,1,0,45.1526059,-95.00586446,27067.0,1307.9006458482836,0.1769911504,564,565,1,0,564,564,42855,0,0,0,0,1
2020-06-29,US,Minnesota,Kittson,2,0,0,48.77754106,-96.78317184,27069.0,46.533271288971605,0.0,2,2,0,0,2,2,4248,0,0,0,0,0
2020-06-29,US,Minnesota,Koochiching,12,1,0,48.24539665,-93.78352843,27071.0,98.12740207702998,8.333333332999999,11,12,1,0,11,10,12440,0,0,0,0,2
2020-06-29,US,Minnesota,Lac qui Parle,4,0,0,44.9973857,-96.17488219,27073.0,60.3955911218481,0.0,4,4,0,0,4,4,6658,0,0,0,0,0
2020-06-29,US,Minnesota,Lake,6,0,0,47.64270764,-91.44557998,27075.0,56.385678037778405,0.0,6,6,0,0,6,5,10658,0,0,0,0,1
2020-06-29,US,Minnesota,Le Sueur,79,1,0,44.37136597,-93.72844721,27079.0,273.4794198082182,1.265822785,78,77,1,0,76,75,28494,2,0,0,2,2
2020-06-29,US,Minnesota,Lincoln,9,0,0,44.41311883,-96.26688165,27081.0,159.60276644795175,0.0,9,7,0,0,7,7,5673,2,0,0,2,0
2020-06-29,US,Minnesota,Lyon,295,2,0,44.41327865,-95.83806103,27083.0,1158.0434953285705,0.6779661017,293,294,2,0,292,291,25629,1,0,0,1,3
2020-06-29,US,Minnesota,Mahnomen,7,1,0,47.32557075,-95.80921485,27087.0,126.65098606839152,14.28571429,6,7,1,0,6,7,5519,0,0,0,0,0
2020-06-29,US,Minnesota,Marshall,12,0,0,48.35825983,-96.37017407,27089.0,128.53470437017995,0.0,12,12,0,0,12,12,9390,0,0,0,0,0
2020-06-29,US,Minnesota,Martin,155,5,0,43.67429718,-94.55099908,27091.0,787.4815830920082,3.225806452,150,154,5,0,149,152,19785,1,0,0,1,2
2020-06-29,US,Minnesota,McLeod,81,0,0,44.82367677,-94.27287017,27085.0,225.67074359903046,0.0,81,79,0,0,79,80,35873,2,0,0,2,-1
2020-06-29,US,Minnesota,Meeker,57,1,0,45.12328869,-94.52839455,27093.0,245.45689432434762,1.754385965,56,57,1,0,56,57,23141,0,0,0,0,0
2020-06-29,US,Minnesota,Mille Lacs,32,1,0,45.93705297,-93.63236823,27095.0,121.77950298740343,3.125,31,32,1,0,31,32,26139,0,0,0,0,0
2020-06-29,US,Minnesota,Morrison,58,1,0,46.01265363,-94.27341528,27097.0,173.72551368837242,1.724137931,57,57,1,0,56,57,33169,1,0,0,1,0
2020-06-29,US,Minnesota,Mower,911,2,0,43.67142874,-92.75234549,27099.0,2273.97533822575,0.2195389682,909,910,2,0,908,894,40011,1,0,0,1,16
2020-06-29,US,Minnesota,Murray,50,0,0,44.02216709,-95.76328482,27101.0,610.2025872589701,0.0,50,49,0,0,49,48,8276,1,0,0,1,1
2020-06-29,US,Minnesota,Nicollet,136,12,0,44.35291112,-94.24710352,27103.0,396.8022407655949,8.823529412000001,124,128,12,0,116,123,34220,8,0,0,8,5
2020-06-29,US,Minnesota,Nobles,1651,6,0,43.67434621,-95.75329576,27105.0,7633.270146562487,0.3634161114,1645,1649,6,0,1643,1644,21924,2,0,0,2,5
2020-06-29,US,Minnesota,Norman,19,0,0,47.32628443,-96.45620947,27107.0,298.0392156862745,0.0,19,19,0,0,19,19,6475,0,0,0,0,0
2020-06-29,US,Minnesota,Olmsted,1027,15,0,44.00374114,-92.40209944,27109.0,648.796851408464,1.4605647519999998,1012,1020,15,0,1005,998,156277,7,0,0,7,22
2020-06-29,US,Minnesota,Otter Tail,91,1,0,46.40846929,-95.70835255,27111.0,154.90416368774044,1.098901099,90,88,1,0,87,87,58812,3,0,0,3,1
2020-06-29,US,Minnesota,Pennington,50,0,0,48.06642577,-96.0370814,27113.0,354.13272894680915,0.0,50,50,0,0,50,50,14178,0,0,0,0,0
2020-06-29,US,Minnesota,Pine,100,0,0,46.12105238,-92.74070188,27115.0,338.07769025322017,0.0,100,99,0,0,99,98,29483,1,0,0,1,1
2020-06-29,US,Minnesota,Pipestone,20,1,0,44.02301619,-96.25841142,27117.0,219.15406530791145,5.0,19,20,1,0,19,16,9047,0,0,0,0,4
2020-06-29,US,Minnesota,Polk,79,2,0,47.77372465,-96.40134647,27119.0,251.88113760999872,2.53164557,77,79,2,0,77,77,31529,0,0,0,0,2
2020-06-29,US,Minnesota,Pope,10,0,0,45.58606667,-95.44451209,27121.0,88.89679082585121,0.0,10,10,0,0,10,10,11097,0,0,0,0,0
2020-06-29,US,Minnesota,Ramsey,4629,217,0,45.01625271,-93.09872295,27123.0,841.1454405701401,4.687837546,4412,4610,217,0,4393,4563,550210,19,0,0,19,47
2020-06-29,US,Minnesota,Red Lake,3,0,0,47.87197525,-96.09561104,27125.0,73.98273736128236,0.0,3,3,0,0,3,3,3999,0,0,0,0,0
2020-06-29,US,Minnesota,Redwood,16,0,0,44.40555844,-95.25207021,27127.0,105.47132498352006,0.0,16,14,0,0,14,14,15249,2,0,0,2,0
2020-06-29,US,Minnesota,Renville,24,2,0,44.72836381,-94.94553734,27129.0,164.97113005224085,8.333333332999999,22,24,1,0,23,19,14612,0,1,0,-1,5
2020-06-29,US,Minnesota,Rice,804,6,0,44.3543376,-93.29658715,27131.0,1200.501702203906,0.7462686567,798,793,4,0,789,783,66523,11,2,0,9,10
2020-06-29,US,Minnesota,Rock,30,0,0,43.67482683,-96.25296832,27133.0,322.0611916264089,0.0,30,29,0,0,29,29,9414,1,0,0,1,0
2020-06-29,US,Minnesota,Roseau,6,0,0,48.77501878,-95.81079919,27135.0,39.564787339268044,0.0,6,6,0,0,6,6,15150,0,0,0,0,0
2020-06-29,US,Minnesota,Scott,641,4,0,44.6490231,-93.53340251,27139.0,430.16381121110237,0.624024961,637,637,4,0,633,627,147381,4,0,0,4,10
2020-06-29,US,Minnesota,Sherburne,291,4,0,45.44447208,-93.77617511,27141.0,299.26571916329004,1.374570447,287,291,4,0,287,287,96036,0,0,0,0,4
2020-06-29,US,Minnesota,Sibley,46,2,0,44.5796592,-94.23164924,27143.0,309.4517322569795,4.347826087,44,43,2,0,41,40,15028,3,0,0,3,3
2020-06-29,US,Minnesota,St. Louis,158,14,0,47.6048407,-92.46879855,27137.0,79.369066157633,8.860759494,144,156,14,0,142,152,199754,2,0,0,2,4
2020-06-29,US,Minnesota,Stearns,2228,19,0,45.55192576,-94.61078221,27145.0,1383.2065807853485,0.8527827648,2209,2200,19,0,2181,2166,159256,28,0,0,28,34
2020-06-29,US,Minnesota,Steele,215,0,0,44.02240351,-93.22627088,27147.0,586.6462932140031,0.0,215,212,0,0,212,212,36803,3,0,0,3,0
2020-06-29,US,Minnesota,Stevens,3,0,0,45.58613007,-96.00163705,27149.0,30.596634370219284,0.0,3,3,0,0,3,3,9753,0,0,0,0,0
2020-06-29,US,Minnesota,Swift,20,1,0,45.2829032,-95.68264092,27151.0,215.8428663932657,5.0,19,20,1,0,19,20,9345,0,0,0,0,0
2020-06-29,US,Minnesota,Todd,397,2,0,46.06996226,-94.89785296,27153.0,1609.6334738890691,0.5037783375,395,397,2,0,395,395,24582,0,0,0,0,2
2020-06-29,US,Minnesota,Traverse,5,0,0,45.77298854,-96.47062949,27155.0,153.42129487572873,0.0,5,5,0,0,5,5,3308,0,0,0,0,0
2020-06-29,US,Minnesota,Unassigned,82,35,0,0.0,0.0,90027.0,0.0,42.68292683,47,82,35,0,47,82,,0,0,0,0,0
2020-06-29,US,Minnesota,Wabasha,30,0,0,44.28424356,-92.23121312,27157.0,138.71549452073796,0.0,30,30,0,0,30,30,21645,0,0,0,0,0
2020-06-29,US,Minnesota,Wadena,15,0,0,46.58589171,-94.96968506,27159.0,109.63309457681623,0.0,15,15,0,0,15,15,13773,0,0,0,0,0
2020-06-29,US,Minnesota,Waseca,57,0,0,44.02211116,-93.58720034,27161.0,306.254029658285,0.0,57,55,0,0,55,52,18691,2,0,0,2,3
2020-06-29,US,Minnesota,Washington,995,40,0,45.03864533,-92.88429635,27163.0,379.13427831123306,4.020100503,955,984,40,0,944,968,259201,11,0,0,11,16
2020-06-29,US,Minnesota,Watonwan,200,0,0,43.97823903,-94.61413846,27165.0,1835.3675323483526,0.0,200,196,0,0,196,190,10980,4,0,0,4,6
2020-06-29,US,Minnesota,Wilkin,20,3,0,46.35721532,-96.4684375,27167.0,322.2168519413565,15.0,17,20,3,0,17,20,6254,0,0,0,0,0
2020-06-29,US,Minnesota,Winona,113,15,0,43.98772283,-91.78081305,27169.0,223.83329371682117,13.27433628,98,112,15,0,97,110,50825,1,0,0,1,2
2020-06-29,US,Minnesota,Wright,438,4,0,45.17297924,-93.96234781,27171.0,316.52659040158414,0.9132420091,434,426,4,0,422,420,136349,12,0,0,12,6
2020-06-29,US,Minnesota,Yellow Medicine,27,0,0,44.71710183,-95.86842453,27173.0,278.09249150272944,0.0,27,27,0,0,27,25,9795,0,0,0,0,2
2020-06-29,US,Mississippi,Adams,253,18,0,31.47669768,-91.35326037,28001.0,824.2921838855765,7.114624506,235,252,18,0,234,248,31192,1,0,0,1,4
2020-06-29,US,Mississippi,Alcorn,53,1,0,34.88084463,-88.57996173,28003.0,143.4254323059021,1.8867924530000002,52,53,1,0,52,53,36925,0,0,0,0,0
2020-06-29,US,Mississippi,Amite,80,2,0,31.17467303,-90.80501621,28005.0,650.5651784988207,2.5,78,80,2,0,78,80,12326,0,0,0,0,0
2020-06-29,US,Mississippi,Attala,347,23,0,33.08658803,-89.57838564,28007.0,1909.3210080334545,6.628242075,324,346,23,0,323,345,18365,1,0,0,1,1
2020-06-29,US,Mississippi,Benton,27,0,0,34.81681228,-89.18945516,28009.0,326.91609153650563,0.0,27,25,0,0,25,25,8271,2,0,0,2,0
2020-06-29,US,Mississippi,Bolivar,254,13,0,33.79696941,-90.87372121,28011.0,829.3065169126289,5.118110236000001,241,247,13,0,234,242,31333,7,0,0,7,5
2020-06-29,US,Mississippi,Calhoun,114,4,0,33.93683395,-89.33686647,28013.0,793.8165865886776,3.50877193,110,110,4,0,106,110,14436,4,0,0,4,0
2020-06-29,US,Mississippi,Carroll,149,11,0,33.44834567,-89.91994479,28015.0,1497.9390771086762,7.382550336,138,146,11,0,135,147,9911,3,0,0,3,-1
2020-06-29,US,Mississippi,Chickasaw,246,18,0,33.91983202,-88.9481545,28017.0,1438.3441501490963,7.3170731710000005,228,235,18,0,217,232,17171,11,0,0,11,3
2020-06-29,US,Mississippi,Choctaw,71,4,0,33.34598242,-89.24809382,28019.0,864.7990255785628,5.633802817,67,71,4,0,67,70,8278,0,0,0,0,1
2020-06-29,US,Mississippi,Claiborne,220,10,0,31.97061673,-90.90702196,28021.0,2447.7080551846907,4.545454545,210,212,10,0,202,211,9002,8,0,0,8,1
2020-06-29,US,Mississippi,Clarke,196,24,0,32.04158545,-88.68896219999998,28023.0,1261.1801042403965,12.24489796,172,196,22,0,174,194,15604,0,2,0,-2,2
2020-06-29,US,Mississippi,Clay,237,8,0,33.65358105,-88.77784255,28025.0,1226.9621039552705,3.375527426,229,235,7,0,228,234,19386,2,1,0,1,1
2020-06-29,US,Mississippi,Coahoma,180,6,0,34.22772299,-90.60415045,28027.0,813.5960947387453,3.333333333,174,178,6,0,172,177,22628,2,0,0,2,1
2020-06-29,US,Mississippi,Copiah,558,13,0,31.86977774,-90.44565118,28029.0,1988.2415820416888,2.3297491040000002,545,538,13,0,525,536,28543,20,0,0,20,2
2020-06-29,US,Mississippi,Covington,269,5,0,31.63225413,-89.55389939,28031.0,1443.4427988838806,1.8587360590000002,264,268,5,0,263,264,18853,1,0,0,1,4
2020-06-29,US,Mississippi,DeSoto,1293,15,0,34.87625235,-89.99091418,28033.0,699.1267674173403,1.160092807,1278,1224,15,0,1209,1201,182001,69,0,0,69,23
2020-06-29,US,Mississippi,Forrest,786,42,0,31.18961454,-89.25832496,28035.0,1049.44123262614,5.34351145,744,777,42,0,735,775,75036,9,0,0,9,2
2020-06-29,US,Mississippi,Franklin,35,2,0,31.47786634,-90.89672989,28037.0,453.7793335926358,5.714285714,33,34,2,0,32,33,7788,1,0,0,1,1
2020-06-29,US,Mississippi,George,72,3,0,30.86259065,-88.64436789,28039.0,293.8775510204082,4.166666667,69,65,3,0,62,66,24250,7,0,0,7,-1
2020-06-29,US,Mississippi,Greene,88,7,0,31.21444233,-88.63922281,28041.0,647.7255998822318,7.954545455,81,83,7,0,76,78,13586,5,0,0,5,5
2020-06-29,US,Mississippi,Grenada,355,5,0,33.77036166,-89.80245083,28043.0,1710.1840254359765,1.408450704,350,296,5,0,291,288,21055,59,0,0,59,8
2020-06-29,US,Mississippi,Hancock,120,13,0,30.41830223,-89.48851033,28045.0,251.9314746388982,10.83333333,107,116,13,0,103,116,47334,4,0,0,4,0
2020-06-29,US,Mississippi,Harrison,688,7,0,30.51359752,-89.12467576,28047.0,330.64206074586696,1.01744186,681,642,7,0,635,634,206650,46,0,0,46,8
2020-06-29,US,Mississippi,Hinds,2048,38,0,32.2656285,-90.44435448,28049.0,883.367839889579,1.85546875,2010,1957,36,0,1921,1893,237085,91,2,0,89,64
2020-06-29,US,Mississippi,Holmes,514,40,0,33.12345854,-90.08923538,28051.0,3021.7519106407995,7.782101167,474,507,39,0,468,507,17622,7,1,0,6,0
2020-06-29,US,Mississippi,Humphreys,115,9,0,33.12825718,-90.52252707,28053.0,1426.0912698412699,7.826086957,106,111,9,0,102,111,8257,4,0,0,4,0
2020-06-29,US,Mississippi,Issaquena,6,1,0,32.72531359,-90.97392828,28055.0,452.14770158251696,16.66666667,5,6,1,0,5,6,1308,0,0,0,0,0
2020-06-29,US,Mississippi,Itawamba,119,8,0,34.27993475,-88.3606733,28057.0,508.76442924326636,6.722689076,111,115,8,0,107,113,23517,4,0,0,4,2
2020-06-29,US,Mississippi,Jackson,493,16,0,30.54020656,-88.64184064,28059.0,343.27412492950003,3.245436105,477,475,16,0,459,473,143277,18,0,0,18,2
2020-06-29,US,Mississippi,Jasper,239,6,0,32.01922104,-89.11786866,28061.0,1458.8292742476956,2.510460251,233,234,6,0,228,229,16428,5,0,0,5,5
2020-06-29,US,Mississippi,Jefferson,83,3,0,31.73397872,-91.03764977,28063.0,1187.4105865522176,3.614457831,80,80,3,0,77,78,7106,3,0,0,3,2
2020-06-29,US,Mississippi,Jefferson Davis,102,4,0,31.56884708,-89.82670990000004,28065.0,916.606757728253,3.921568627,98,101,4,0,97,100,11234,1,0,0,1,1
2020-06-29,US,Mississippi,Jones,1033,49,0,31.62257767,-89.16896899999998,28067.0,1516.9314811007666,4.743465634,984,1027,48,0,979,1014,68461,6,1,0,5,13
2020-06-29,US,Mississippi,Kemper,172,13,0,32.75462946,-88.64105766,28069.0,1765.551221515089,7.558139535,159,171,13,0,158,171,10027,1,0,0,1,0
2020-06-29,US,Mississippi,Lafayette,330,4,0,34.35687874,-89.48490961,28071.0,610.8961661637572,1.212121212,326,323,4,0,319,320,54793,7,0,0,7,3
2020-06-29,US,Mississippi,Lamar,393,7,0,31.20572971,-89.5077704,28073.0,620.4316183319388,1.7811704830000001,386,384,7,0,377,382,62447,9,0,0,9,2
2020-06-29,US,Mississippi,Lauderdale,872,78,0,32.40419769,-88.66229662,28075.0,1176.3912310286678,8.944954128,794,869,78,0,791,869,75317,3,0,0,3,0
2020-06-29,US,Mississippi,Lawrence,149,1,0,31.55147224,-90.10841127,28077.0,1183.85507706976,0.6711409396,148,146,1,0,145,147,12455,3,0,0,3,-1
2020-06-29,US,Mississippi,Leake,533,19,0,32.7536828,-89.52402044,28079.0,2339.1556218730802,3.564727955,514,533,17,0,516,534,22763,0,2,0,-2,-1
2020-06-29,US,Mississippi,Lee,460,15,0,34.291877500000005,-88.68149954,28081.0,538.4147197902523,3.260869565,445,452,15,0,437,447,85202,8,0,0,8,5
2020-06-29,US,Mississippi,Leflore,455,48,0,33.55545125,-90.29900733,28083.0,1614.448426356314,10.54945055,407,454,48,0,406,449,28919,1,0,0,1,5
2020-06-29,US,Mississippi,Lincoln,430,33,0,31.53288662,-90.45391915,28085.0,1259.0402014464325,7.674418605,397,422,33,0,389,420,34205,8,0,0,8,2
2020-06-29,US,Mississippi,Lowndes,438,11,0,33.47386518,-88.44191529999998,28087.0,747.504053246864,2.511415525,427,431,11,0,420,425,58930,7,0,0,7,6
2020-06-29,US,Mississippi,Madison,1181,32,0,32.63389156,-90.03513564,28089.0,1111.2993074375188,2.709568163,1149,1145,32,0,1113,1127,105630,36,0,0,36,18
2020-06-29,US,Mississippi,Marion,233,11,0,31.23132643,-89.8209217,28091.0,948.1951735644814,4.721030043,222,228,11,0,217,225,24715,5,0,0,5,3
2020-06-29,US,Mississippi,Marshall,195,3,0,34.76216286,-89.50299462,28093.0,552.5018416728054,1.5384615380000002,192,185,3,0,182,171,35451,10,0,0,10,14
2020-06-29,US,Mississippi,Monroe,342,29,0,33.89236763,-88.4808438,28095.0,970.1577215477137,8.479532164,313,340,29,0,311,338,35564,2,0,0,2,2
2020-06-29,US,Mississippi,Montgomery,112,2,0,33.49419589,-89.61729103,28097.0,1145.7800511508951,1.785714286,110,111,2,0,109,111,10023,1,0,0,1,0
2020-06-29,US,Mississippi,Neshoba,938,68,0,32.75339664,-89.11726492,28099.0,3221.3750944432995,7.2494669510000005,870,933,64,0,869,932,29125,5,4,0,1,1
2020-06-29,US,Mississippi,Newton,329,9,0,32.40021118,-89.11843336,28101.0,1565.3249595584734,2.73556231,320,329,8,0,321,330,21443,0,1,0,-1,-1
2020-06-29,US,Mississippi,Noxubee,242,8,0,33.11009499,-88.56949061,28103.0,2323.125659978881,3.305785124,234,234,7,0,227,233,10535,8,1,0,7,1
2020-06-29,US,Mississippi,Oktibbeha,477,24,0,33.42491685,-88.87905132,28105.0,961.9456712444794,5.031446541,453,466,23,0,443,465,49599,11,1,0,10,1
2020-06-29,US,Mississippi,Panola,246,6,0,34.36398677,-89.95064249,28107.0,719.4665418811418,2.43902439,240,240,6,0,234,237,34178,6,0,0,6,3
2020-06-29,US,Mississippi,Pearl River,237,32,0,30.77090935,-89.58677275,28109.0,426.75790042315657,13.502109699999998,205,236,32,0,204,236,55387,1,0,0,1,0
2020-06-29,US,Mississippi,Perry,59,4,0,31.17161885,-88.99281835,28111.0,492.77541134218666,6.7796610170000005,55,56,4,0,52,56,11931,3,0,0,3,0
2020-06-29,US,Mississippi,Pike,347,11,0,31.17507789,-90.40392572,28113.0,883.2213398493178,3.170028818,336,334,11,0,323,331,39563,13,0,0,13,3
2020-06-29,US,Mississippi,Pontotoc,203,3,0,34.226046000000004,-89.03636807,28115.0,630.9442406912414,1.477832512,200,202,3,0,199,194,31833,1,0,0,1,8
2020-06-29,US,Mississippi,Prentiss,94,3,0,34.61810501,-88.51986294,28117.0,374.11446310594596,3.191489362,91,91,3,0,88,91,25315,3,0,0,3,0
2020-06-29,US,Mississippi,Quitman,65,0,0,34.25157572,-90.28908,28119.0,957.0082449941107,0.0,65,63,0,0,63,63,7051,2,0,0,2,0
2020-06-29,US,Mississippi,Rankin,798,12,0,32.26469147,-89.94537876,28121.0,513.9401433622505,1.5037593980000001,786,773,12,0,761,715,153902,25,0,0,25,58
2020-06-29,US,Mississippi,Scott,733,15,0,32.406704100000006,-89.53789439,28123.0,2606.314891196132,2.04638472,718,726,14,0,712,725,28287,7,1,0,6,1
2020-06-29,US,Mississippi,Sharkey,24,0,0,32.88149103,-90.81595379999999,28125.0,555.42698449433,0.0,24,23,0,0,23,22,4377,1,0,0,1,1
2020-06-29,US,Mississippi,Simpson,209,3,0,31.91282117,-89.91716179,28127.0,784.0048015605072,1.435406699,206,198,3,0,195,195,26758,11,0,0,11,3
2020-06-29,US,Mississippi,Smith,203,11,0,32.01744532,-89.50644846,28129.0,1275.4460919829105,5.418719212,192,204,11,0,193,204,16002,-1,0,0,-1,0
2020-06-29,US,Mississippi,Stone,50,1,0,30.79187949,-89.11547539,28131.0,272.6876090750436,2.0,49,48,1,0,47,49,18717,2,0,0,2,-1
2020-06-29,US,Mississippi,Sunflower,247,6,0,33.60192578,-90.58882684,28133.0,983.6718438868976,2.429149798,241,238,6,0,232,232,25735,9,0,0,9,6
2020-06-29,US,Mississippi,Tallahatchie,93,3,0,33.95339918,-90.1729398,28135.0,673.4738214208126,3.225806452,90,93,2,0,91,91,13987,0,1,0,-1,2
2020-06-29,US,Mississippi,Tate,242,6,0,34.65133709,-89.94485778,28137.0,854.4896013558844,2.4793388430000003,236,234,6,0,228,233,28759,8,0,0,8,1
2020-06-29,US,Mississippi,Tippah,119,11,0,34.76872156,-88.90988194,28139.0,540.5405405405405,9.243697479,108,116,11,0,105,116,21995,3,0,0,3,0
2020-06-29,US,Mississippi,Tishomingo,61,1,0,34.74023475,-88.23917219,28141.0,314.7087654129908,1.6393442619999998,60,60,1,0,59,60,19454,1,0,0,1,0
2020-06-29,US,Mississippi,Tunica,88,3,0,34.64967704,-90.37481167,28143.0,913.6212624584717,3.4090909089999997,85,82,3,0,79,82,9944,6,0,0,6,0
2020-06-29,US,Mississippi,Union,166,9,0,34.49162015,-89.00776006,28145.0,576.0888426166928,5.421686747000001,157,161,8,0,153,160,28606,5,1,0,4,1
2020-06-29,US,Mississippi,Walthall,168,3,0,31.14971548,-90.10446654,28147.0,1175.9764804703907,1.785714286,165,166,3,0,163,165,14465,2,0,0,2,1
2020-06-29,US,Mississippi,Warren,409,17,0,32.35810271,-90.83352619,28149.0,901.2582358255656,4.156479218,392,398,17,0,381,392,46176,11,0,0,11,6
2020-06-29,US,Mississippi,Washington,427,9,0,33.28392041,-90.94196237,28151.0,972.4657815026532,2.1077283369999997,418,419,9,0,410,403,45063,8,0,0,8,16
2020-06-29,US,Mississippi,Wayne,509,10,0,31.64135687,-88.69573913,28153.0,2521.9243918148936,1.9646365419999998,499,499,10,0,489,468,20298,10,0,0,10,31
2020-06-29,US,Mississippi,Webster,122,10,0,33.61300486,-89.28392912,28155.0,1259.1598720198162,8.196721311000001,112,122,10,0,112,123,9788,0,0,0,0,-1
2020-06-29,US,Mississippi,Wilkinson,89,9,0,31.16078225,-91.31018819,28157.0,1031.2862108922363,10.11235955,80,89,9,0,80,89,8792,0,0,0,0,0
2020-06-29,US,Mississippi,Winston,230,5,0,33.08747908,-89.03391385,28159.0,1280.9802283486495,2.173913043,225,230,4,0,226,228,18165,0,1,0,-1,2
2020-06-29,US,Mississippi,Yalobusha,151,7,0,34.02824175,-89.70762049999998,28161.0,1247.1093491906179,4.6357615889999995,144,148,7,0,141,148,12392,3,0,0,3,0
2020-06-29,US,Mississippi,Yazoo,454,6,0,32.77890365,-90.39656148,28163.0,1529.1343886830582,1.321585903,448,445,6,0,439,444,28248,9,0,0,9,1
2020-06-29,US,Missouri,Adair,90,0,0,40.19058551,-92.60078167,29001.0,355.12764866037963,0.0,90,90,0,0,90,90,25339,0,0,0,0,0
2020-06-29,US,Missouri,Andrew,49,0,0,39.98492163,-94.80163024,29003.0,276.64859981933154,0.0,49,49,0,0,49,49,17607,0,0,0,0,0
2020-06-29,US,Missouri,Atchison,3,0,0,40.43238737,-95.42970639,29005.0,58.331713007972,0.0,3,3,0,0,3,3,5171,0,0,0,0,0
2020-06-29,US,Missouri,Audrain,138,1,0,39.215877,-91.84242683,29007.0,543.5638884512368,0.7246376812,137,138,1,0,137,138,25473,0,0,0,0,0
2020-06-29,US,Missouri,Barry,43,0,0,36.70978521,-93.82919888,29009.0,120.14864902623712,0.0,43,43,0,0,43,43,35886,0,0,0,0,0
2020-06-29,US,Missouri,Barton,21,0,0,37.50207671,-94.34757022,29011.0,178.66258295048493,0.0,21,21,0,0,21,21,11798,0,0,0,0,0
2020-06-29,US,Missouri,Bates,12,1,0,38.25271289,-94.34113157,29013.0,74.20232500618353,8.333333332999999,11,12,1,0,11,12,16320,0,0,0,0,0
2020-06-29,US,Missouri,Benton,17,0,0,38.29503305,-93.28756116,29015.0,87.43506660494779,0.0,17,17,0,0,17,17,19278,0,0,0,0,0
2020-06-29,US,Missouri,Bollinger,12,0,0,37.32449052,-90.02725304,29017.0,98.90381603890215,0.0,12,12,0,0,12,12,12169,0,0,0,0,0
2020-06-29,US,Missouri,Boone,313,2,0,38.99186229,-92.30723575,29019.0,173.44275557870586,0.6389776358,311,313,2,0,311,313,180005,0,0,0,0,0
2020-06-29,US,Missouri,Buchanan,838,3,0,39.65816401,-94.80138942,29021.0,959.2051645986903,0.3579952267,835,838,3,0,835,838,88571,0,0,0,0,0
2020-06-29,US,Missouri,Butler,75,0,0,36.71462476,-90.40421163,29023.0,176.56198502754367,0.0,75,75,0,0,75,75,42639,0,0,0,0,0
2020-06-29,US,Missouri,Caldwell,9,0,0,39.65620858,-93.98308093,29025.0,99.77827050997783,0.0,9,9,0,0,9,9,9108,0,0,0,0,0
2020-06-29,US,Missouri,Callaway,44,1,0,38.83674754,-91.92186505,29027.0,98.33940504659948,2.272727273,43,44,1,0,43,44,44889,0,0,0,0,0
2020-06-29,US,Missouri,Camden,60,1,0,38.02199522,-92.76083747,29029.0,129.5756397797214,1.6666666669999999,59,60,1,0,59,60,45815,0,0,0,0,0
2020-06-29,US,Missouri,Cape Girardeau,141,3,0,37.38489388,-89.6843587,29031.0,178.7729330172053,2.127659574,138,141,3,0,138,141,78753,0,0,0,0,0
2020-06-29,US,Missouri,Carroll,11,0,0,39.42762566,-93.50626255,29033.0,126.74271229404309,0.0,11,11,0,0,11,11,8743,0,0,0,0,0
2020-06-29,US,Missouri,Carter,6,1,0,36.94160441,-90.96051322,29035.0,100.30090270812435,16.66666667,5,6,1,0,5,6,6054,0,0,0,0,0
2020-06-29,US,Missouri,Cass,125,8,0,38.64789422,-94.353399,29037.0,118.16978634902628,6.4,117,125,8,0,117,125,104954,0,0,0,0,0
2020-06-29,US,Missouri,Cedar,9,0,0,37.72391475,-93.85445441,29039.0,62.722140915743246,0.0,9,9,0,0,9,9,14165,0,0,0,0,0
2020-06-29,US,Missouri,Chariton,6,0,0,39.51499357,-92.9629191,29041.0,80.79719903043363,0.0,6,6,0,0,6,6,7451,0,0,0,0,0
2020-06-29,US,Missouri,Christian,40,0,0,36.9711783,-93.18537118,29043.0,45.149274789773685,0.0,40,40,0,0,40,40,86983,0,0,0,0,0
2020-06-29,US,Missouri,Clark,2,0,0,40.41040752,-91.73661677,29045.0,29.424746211563924,0.0,2,2,0,0,2,2,6842,0,0,0,0,0
2020-06-29,US,Missouri,Clay,414,10,0,39.31132056,-94.41850862,29047.0,165.63445196600892,2.415458937,404,414,10,0,404,414,246365,0,0,0,0,0
2020-06-29,US,Missouri,Clinton,23,0,0,39.6013098,-94.40465394,29049.0,112.81699121989504,0.0,23,23,0,0,23,23,20470,0,0,0,0,0
2020-06-29,US,Missouri,Cole,72,2,0,38.50455671,-92.27860244,29051.0,93.81718678741288,2.777777778,70,72,2,0,70,72,76796,0,0,0,0,0
2020-06-29,US,Missouri,Cooper,14,0,0,38.844478,-92.80896081,29053.0,79.05584730927777,0.0,14,14,0,0,14,14,17603,0,0,0,0,0
2020-06-29,US,Missouri,Crawford,11,0,0,37.97663738,-91.30528104,29055.0,45.986622073578594,0.0,11,11,0,0,11,11,23957,0,0,0,0,0
2020-06-29,US,Missouri,Dade,1,0,0,37.431814,-93.8503345,29057.0,13.225763787858751,0.0,1,1,0,0,1,1,7569,0,0,0,0,0
2020-06-29,US,Missouri,Dallas,12,1,0,37.681135499999996,-93.02127031,29059.0,71.09847138286527,8.333333332999999,11,12,1,0,11,12,16762,0,0,0,0,0
2020-06-29,US,Missouri,Daviess,8,0,0,39.96145298,-93.98519678,29061.0,96.64170089393572,0.0,8,8,0,0,8,8,8313,0,0,0,0,0
2020-06-29,US,Missouri,DeKalb,11,0,0,39.89201062,-94.40476508,29063.0,87.67035944847376,0.0,11,11,0,0,11,11,12630,0,0,0,0,0
2020-06-29,US,Missouri,Dent,3,0,0,37.60663134,-91.50790473,29065.0,19.264110961279137,0.0,3,3,0,0,3,3,15441,0,0,0,0,0
2020-06-29,US,Missouri,Douglas,3,0,0,36.9325593,-92.49905109,29067.0,22.75312855517633,0.0,3,3,0,0,3,3,13373,0,0,0,0,0
2020-06-29,US,Missouri,Dunklin,92,3,0,36.27167174,-90.09122243,29069.0,315.8147677731626,3.260869565,89,92,3,0,89,92,29423,0,0,0,0,0
2020-06-29,US,Missouri,Franklin,204,18,0,38.41127108,-91.07522826,29071.0,196.21610703396263,8.823529412000001,186,204,18,0,186,204,103670,0,0,0,0,0
2020-06-29,US,Missouri,Gasconade,11,0,0,38.43947277,-91.50847147,29073.0,74.79940160478716,0.0,11,11,0,0,11,11,14705,0,0,0,0,0
2020-06-29,US,Missouri,Gentry,57,9,0,40.21097916,-94.40944419,29075.0,867.4478770354589,15.78947368,48,57,9,0,48,57,6628,0,0,0,0,0
2020-06-29,US,Missouri,Greene,265,8,0,37.2575872,-93.34230916,29077.0,90.41714718546774,3.018867925,257,265,8,0,257,265,291923,0,0,0,0,0
2020-06-29,US,Missouri,Grundy,18,0,0,40.11406587,-93.56509276,29079.0,182.74111675126903,0.0,18,18,0,0,18,18,9914,0,0,0,0,0
2020-06-29,US,Missouri,Harrison,13,0,0,40.35570088,-93.99222144,29081.0,155.65134099616859,0.0,13,13,0,0,13,13,8414,0,0,0,0,0
2020-06-29,US,Missouri,Henry,19,3,0,38.38482826,-93.79293734,29083.0,87.0601173020528,15.78947368,16,19,3,0,16,19,21792,0,0,0,0,0
2020-06-29,US,Missouri,Holt,1,0,0,40.09799248,-95.21638879999999,29087.0,22.71178741766977,0.0,1,1,0,0,1,1,4404,0,0,0,0,0
2020-06-29,US,Missouri,Howard,5,0,0,39.1435761,-92.69756691,29089.0,49.99500049995,0.0,5,5,0,0,5,5,10137,0,0,0,0,0
2020-06-29,US,Missouri,Howell,36,0,0,36.77383887,-91.88683935,29091.0,89.73751776055039,0.0,36,36,0,0,36,36,40076,0,0,0,0,0
2020-06-29,US,Missouri,Iron,3,0,0,37.55487945,-90.7735296,29093.0,29.62962962962963,0.0,3,3,0,0,3,3,10177,0,0,0,0,0
2020-06-29,US,Missouri,Jackson,1126,24,0,39.01002188,-94.34724536,29095.0,160.16819082489462,2.131438721,1102,1126,24,0,1102,1126,700307,0,0,0,0,0
2020-06-29,US,Missouri,Jasper,447,3,0,37.20351921,-94.34050458,29097.0,368.422787814849,0.6711409396,444,447,3,0,444,447,120636,0,0,0,0,0
2020-06-29,US,Missouri,Jefferson,445,19,0,38.25926778,-90.53870896,29099.0,197.70660340055358,4.269662921,426,445,19,0,426,445,224347,0,0,0,0,0
2020-06-29,US,Missouri,Johnson,112,0,0,38.74719601,-93.80691168,29101.0,207.1695460767268,0.0,112,112,0,0,112,112,53652,0,0,0,0,0
2020-06-29,US,Missouri,Kansas City,2242,31,0,39.0997,-94.5786,0.0,458.54015703261916,1.3826940230000002,2211,2242,31,0,2211,2242,491918,0,0,0,0,0
2020-06-29,US,Missouri,Knox,2,0,0,40.12699751,-92.14780832,29103.0,50.51780752715332,0.0,2,2,0,0,2,2,3947,0,0,0,0,0
2020-06-29,US,Missouri,Laclede,25,0,0,37.65896829,-92.5888493,29105.0,69.98292416650337,0.0,25,25,0,0,25,25,35713,0,0,0,0,0
2020-06-29,US,Missouri,Lafayette,87,2,0,39.06986886,-93.78076396,29107.0,265.9899718723248,2.298850575,85,87,2,0,85,87,32598,0,0,0,0,0
2020-06-29,US,Missouri,Lawrence,30,0,0,37.10626634,-93.83293097,29109.0,78.21666014861167,0.0,30,30,0,0,30,30,38359,0,0,0,0,0
2020-06-29,US,Missouri,Lewis,7,1,0,40.09673161,-91.72070156,29111.0,71.6039279869067,14.28571429,6,7,1,0,6,7,9855,0,0,0,0,0
2020-06-29,US,Missouri,Lincoln,96,1,0,39.05345619,-90.95588181,29113.0,162.6760205378476,1.041666667,95,96,1,0,95,96,57686,0,0,0,0,0
2020-06-29,US,Missouri,Linn,15,1,0,39.87001769,-93.10704106,29115.0,125.83892617449663,6.666666667,14,15,1,0,14,15,12037,0,0,0,0,0
2020-06-29,US,Missouri,Livingston,11,0,0,39.78110272,-93.54645978,29117.0,72.24009982268339,0.0,11,11,0,0,11,11,15146,0,0,0,0,0
2020-06-29,US,Missouri,Macon,7,0,0,39.83049768,-92.56453089,29121.0,46.30548389230668,0.0,7,7,0,0,7,7,15153,0,0,0,0,0
2020-06-29,US,Missouri,Madison,4,0,0,37.47865134,-90.34671429999999,29123.0,33.090668431502316,0.0,4,4,0,0,4,4,12188,0,0,0,0,0
2020-06-29,US,Missouri,Maries,4,0,0,38.16193985,-91.92249662,29125.0,45.992871104978725,0.0,4,4,0,0,4,4,8769,0,0,0,0,0
2020-06-29,US,Missouri,Marion,15,0,0,39.80601912,-91.62203062,29127.0,52.57623554153521,0.0,15,15,0,0,15,15,28592,0,0,0,0,0
2020-06-29,US,Missouri,McDonald,498,1,0,36.62869595,-94.34867205,29119.0,2180.6717169505628,0.2008032129,497,498,1,0,497,498,23078,0,0,0,0,0
2020-06-29,US,Missouri,Mercer,6,0,0,40.42212303,-93.56829590000001,29129.0,165.8833287254631,0.0,6,6,0,0,6,6,3641,0,0,0,0,0
2020-06-29,US,Missouri,Miller,12,0,0,38.21450288,-92.42610898,29131.0,46.840235762519995,0.0,12,12,0,0,12,12,25336,0,0,0,0,0
2020-06-29,US,Missouri,Mississippi,88,0,0,36.82516239,-89.29505753,29133.0,667.6783004552352,0.0,88,88,0,0,88,88,13336,0,0,0,0,0
2020-06-29,US,Missouri,Moniteau,49,1,0,38.63571781,-92.57976951,29135.0,303.74411108356065,2.040816327,48,49,1,0,48,49,16121,0,0,0,0,0
2020-06-29,US,Missouri,Monroe,5,0,0,39.49593978,-92.00043978,29137.0,57.84359093012494,0.0,5,5,0,0,5,5,8664,0,0,0,0,0
2020-06-29,US,Missouri,Montgomery,16,0,0,38.94022054,-91.47000721,29139.0,138.51614578824345,0.0,16,16,0,0,16,16,11534,0,0,0,0,0
2020-06-29,US,Missouri,Morgan,13,0,0,38.4181765,-92.88791859,29141.0,63.024191593542454,0.0,13,13,0,0,13,13,20358,0,0,0,0,0
2020-06-29,US,Missouri,New Madrid,38,1,0,36.59666326,-89.66070007,29143.0,222.53455141719368,2.631578947,37,38,1,0,37,38,17296,0,0,0,0,0
2020-06-29,US,Missouri,Newton,348,2,0,36.90519407,-94.3394104,29145.0,597.5685143210385,0.5747126437,346,348,2,0,346,348,58266,0,0,0,0,0
2020-06-29,US,Missouri,Nodaway,17,0,0,40.36079813,-94.88133008,29147.0,76.95093246424045,0.0,17,17,0,0,17,17,22304,0,0,0,0,0
2020-06-29,US,Missouri,Oregon,7,0,0,36.68710164,-91.4033755,29149.0,66.48304682306012,0.0,7,7,0,0,7,7,10541,0,0,0,0,0
2020-06-29,US,Missouri,Osage,7,0,0,38.46036182,-91.8613635,29151.0,51.413881748071965,0.0,7,7,0,0,7,7,13714,0,0,0,0,0
2020-06-29,US,Missouri,Ozark,1,0,0,36.64916339,-92.44459066,29153.0,10.90037061260083,0.0,1,1,0,0,1,1,9017,0,0,0,0,0
2020-06-29,US,Missouri,Pemiscot,110,6,0,36.2130572,-89.78742322,29155.0,695.9822840873143,5.454545455,104,110,6,0,104,110,16272,0,0,0,0,0
2020-06-29,US,Missouri,Perry,123,0,0,37.70660776,-89.82741088,29157.0,642.7675585284281,0.0,123,123,0,0,123,123,19150,0,0,0,0,0
2020-06-29,US,Missouri,Pettis,116,1,0,38.72798918,-93.28471706,29159.0,273.9790736673044,0.8620689655,115,116,1,0,115,116,42542,0,0,0,0,0
2020-06-29,US,Missouri,Phelps,21,0,0,37.87736118,-91.79351727,29161.0,47.11372355461828,0.0,21,21,0,0,21,21,44732,0,0,0,0,0
2020-06-29,US,Missouri,Pike,36,1,0,39.34310674,-91.16980779,29163.0,196.69981422795325,2.777777778,35,36,1,0,35,36,18504,0,0,0,0,0
2020-06-29,US,Missouri,Platte,114,6,0,39.38154439,-94.77068479,29165.0,109.1765787507901,5.263157895,108,114,6,0,108,114,102985,0,0,0,0,0
2020-06-29,US,Missouri,Polk,13,0,0,37.616229600000004,-93.39828174,29167.0,40.43671653861706,0.0,13,13,0,0,13,13,32201,0,0,0,0,0
2020-06-29,US,Missouri,Pulaski,120,1,0,37.82462075,-92.20783203,29169.0,228.1065257475241,0.8333333333,119,120,1,0,119,120,52014,0,0,0,0,0
2020-06-29,US,Missouri,Putnam,2,0,0,40.47942497,-93.02042674,29171.0,42.58943781942078,0.0,2,2,0,0,2,2,4757,0,0,0,0,0
2020-06-29,US,Missouri,Ralls,9,0,0,39.52817427,-91.51838643,29173.0,87.30235716364342,0.0,9,9,0,0,9,9,10212,0,0,0,0,0
2020-06-29,US,Missouri,Randolph,12,0,0,39.44007257,-92.49713740000001,29175.0,48.48876676903184,0.0,12,12,0,0,12,12,24763,0,0,0,0,0
2020-06-29,US,Missouri,Ray,25,0,0,39.353746799999996,-93.98905745,29177.0,108.61065253280044,0.0,25,25,0,0,25,25,22883,0,0,0,0,0
2020-06-29,US,Missouri,Reynolds,2,0,0,37.36085952,-90.97009925,29179.0,31.897926634768734,0.0,2,2,0,0,2,2,6254,0,0,0,0,0
2020-06-29,US,Missouri,Ripley,17,0,0,36.65460667,-90.85990261,29181.0,127.9349789283564,0.0,17,17,0,0,17,17,13401,0,0,0,0,0
2020-06-29,US,Missouri,Saline,282,4,0,39.13734288,-93.20259964,29195.0,1238.9613813101355,1.418439716,278,282,4,0,278,282,22895,0,0,0,0,0
2020-06-29,US,Missouri,Schuyler,5,0,0,40.46921489,-92.52311943,29197.0,107.2961373390558,0.0,5,5,0,0,5,5,4599,0,0,0,0,0
2020-06-29,US,Missouri,Scotland,11,1,0,40.45214695,-92.14709064,29199.0,224.3982048143615,9.090909091,10,11,1,0,10,11,4966,0,0,0,0,0
2020-06-29,US,Missouri,Scott,161,11,0,37.05588075,-89.56474493,29201.0,420.58516196447226,6.832298137,150,161,11,0,150,161,38458,0,0,0,0,0
2020-06-29,US,Missouri,Shannon,6,0,0,37.15772072,-91.40190382,29203.0,73.47538574577517,0.0,6,6,0,0,6,6,8189,0,0,0,0,0
2020-06-29,US,Missouri,Shelby,3,0,0,39.79742518,-92.07634971,29205.0,50.590219224283295,0.0,3,3,0,0,3,3,6050,0,0,0,0,0
2020-06-29,US,Missouri,St. Charles,1010,73,0,38.77875681,-90.66662425,29183.0,251.23003218729323,7.227722772000001,937,1010,73,0,937,1010,399182,0,0,0,0,0
2020-06-29,US,Missouri,St. Clair,2,0,0,38.03699437,-93.77631447,29185.0,21.283388315419813,0.0,2,2,0,0,2,2,9395,0,0,0,0,0
2020-06-29,US,Missouri,St. Francois,138,2,0,37.81214171,-90.47598685,29187.0,205.31131443874142,1.4492753619999998,136,138,2,0,136,138,66692,0,0,0,0,0
2020-06-29,US,Missouri,St. Louis,6446,568,0,38.63770039999999,-90.4458375,29189.0,648.3572301487118,8.81166615,5878,6357,568,0,5789,6293,996945,89,0,0,89,64
2020-06-29,US,Missouri,St. Louis City,2453,155,0,38.63555736,-90.24349225,29510.0,816.099755136804,6.318793314,2298,2406,155,0,2251,2353,302838,47,0,0,47,53
2020-06-29,US,Missouri,Ste. Genevieve,17,1,0,37.89090059,-90.1949941,29186.0,95.00391192578518,5.882352941000001,16,17,1,0,16,17,17888,0,0,0,0,0
2020-06-29,US,Missouri,Stoddard,134,8,0,36.85571651,-89.9444155,29207.0,461.67097329888026,5.970149254,126,134,8,0,126,134,29206,0,0,0,0,0
2020-06-29,US,Missouri,Stone,12,0,0,36.75000327,-93.45256475,29209.0,37.55633450175264,0.0,12,12,0,0,12,12,31749,0,0,0,0,0
2020-06-29,US,Missouri,Sullivan,108,0,0,40.2099105,-93.11150106,29211.0,1773.690261126622,0.0,108,108,0,0,108,108,6221,0,0,0,0,0
2020-06-29,US,Missouri,Taney,48,2,0,36.65465345,-93.04075153,29213.0,85.82463166928909,4.166666667,46,48,2,0,46,48,55852,0,0,0,0,0
2020-06-29,US,Missouri,Texas,4,0,0,37.31728859,-91.96564727,29215.0,15.749271596188676,0.0,4,4,0,0,4,4,25571,0,0,0,0,0
2020-06-29,US,Missouri,Vernon,16,0,0,37.8457799,-94.34127305,29217.0,77.80965812381461,0.0,16,16,0,0,16,16,20528,0,0,0,0,0
2020-06-29,US,Missouri,Warren,40,0,0,38.76529479,-91.16124662,29219.0,112.20511094280344,0.0,40,40,0,0,40,40,34711,0,0,0,0,0
2020-06-29,US,Missouri,Washington,21,1,0,37.96130078,-90.87948158,29221.0,84.91710473109583,4.7619047619999995,20,21,1,0,20,21,24943,0,0,0,0,0
2020-06-29,US,Missouri,Wayne,3,0,0,37.11303869,-90.46001416,29223.0,23.30459100442788,0.0,3,3,0,0,3,3,13122,0,0,0,0,0
2020-06-29,US,Missouri,Webster,27,1,0,37.2813734,-92.876329,29225.0,68.19559506971105,3.7037037039999996,26,27,1,0,26,27,39109,0,0,0,0,0
2020-06-29,US,Missouri,Worth,4,0,0,40.47945588,-94.42328751,29227.0,198.7083954297069,0.0,4,4,0,0,4,4,2040,0,0,0,0,0
2020-06-29,US,Missouri,Wright,14,0,0,37.27029221,-92.46914488,29229.0,76.54874514735633,0.0,14,14,0,0,14,14,18378,0,0,0,0,0
2020-06-29,US,Montana,Beaverhead,1,0,0,45.13434354,-112.8984694,30001.0,10.578652279699568,0.0,1,1,0,0,1,1,9404,0,0,0,0,0
2020-06-29,US,Montana,Big Horn,73,3,0,45.42335905,-107.492347,30003.0,548.0891958855768,4.109589041,70,72,3,0,69,72,13338,1,0,0,1,0
2020-06-29,US,Montana,Broadwater,5,0,0,46.33277565,-111.4955813,30007.0,80.1667468334135,0.0,5,5,0,0,5,5,6085,0,0,0,0,0
2020-06-29,US,Montana,Carbon,19,0,0,45.22850116,-109.0274047,30009.0,177.15617715617714,0.0,19,18,0,0,18,18,10714,1,0,0,1,0
2020-06-29,US,Montana,Cascade,28,2,0,47.30797024,-111.3467922,30013.0,34.41240813116043,7.142857143,26,27,2,0,25,27,81643,1,0,0,1,0
2020-06-29,US,Montana,Custer,27,0,0,46.25319932,-105.57375259999998,30017.0,236.8005613050342,0.0,27,25,0,0,25,25,11586,2,0,0,2,0
2020-06-29,US,Montana,Dawson,8,0,0,47.26584855,-104.89444170000002,30021.0,92.88285150354116,0.0,8,8,0,0,8,8,8680,0,0,0,0,0
2020-06-29,US,Montana,Deer Lodge,3,0,0,46.05953325,-113.073353,30023.0,32.822757111597376,0.0,3,3,0,0,3,3,9131,0,0,0,0,0
2020-06-29,US,Montana,Fergus,2,0,0,47.26331584,-109.2245206,30027.0,18.099547511312217,0.0,2,2,0,0,2,2,11113,0,0,0,0,0
2020-06-29,US,Montana,Flathead,59,2,0,48.29575866,-114.0520569,30029.0,56.836791707608434,3.389830508,57,53,2,0,51,53,102106,6,0,0,6,0
2020-06-29,US,Montana,Gallatin,253,1,0,45.54486106,-111.1692571,30031.0,221.0881381407624,0.39525691700000004,252,240,1,0,239,239,111876,13,0,0,13,1
2020-06-29,US,Montana,Glacier,18,0,0,48.70513576,-112.9934235,30035.0,130.88053515596596,0.0,18,9,0,0,9,8,13747,9,0,0,9,1
2020-06-29,US,Montana,Golden Valley,3,0,0,46.3816474,-109.1768522,30037.0,365.4080389768576,0.0,3,3,0,0,3,3,826,0,0,0,0,0
2020-06-29,US,Montana,Granite,3,0,0,46.40605220000001,-113.4414186,30039.0,88.78366380585972,0.0,3,2,0,0,2,2,3378,1,0,0,1,0
2020-06-29,US,Montana,Hill,1,0,0,48.62879827,-110.1129252,30041.0,6.066488716330987,0.0,1,1,0,0,1,1,16347,0,0,0,0,0
2020-06-29,US,Montana,Jefferson,4,0,0,46.14907081,-112.094396,30043.0,32.730545781850914,0.0,4,4,0,0,4,3,12097,0,0,0,0,1
2020-06-29,US,Montana,Lake,16,0,0,47.64514965,-114.0898013,30047.0,52.5313546523081,0.0,16,16,0,0,16,12,30250,0,0,0,0,4
2020-06-29,US,Montana,Lewis and Clark,25,0,0,47.12610041,-112.394698,30049.0,36.00645235626224,0.0,25,25,0,0,25,25,68700,0,0,0,0,0
2020-06-29,US,Montana,Liberty,1,0,0,48.56084317,-111.024307,30051.0,42.78990158322636,0.0,1,1,0,0,1,1,2430,0,0,0,0,0
2020-06-29,US,Montana,Lincoln,8,1,0,48.54265777,-115.4046155,30053.0,40.04004004004004,12.5,7,7,1,0,6,7,19794,1,0,0,1,0
2020-06-29,US,Montana,Madison,8,1,0,45.30080065,-111.9173017,30057.0,93.02325581395347,12.5,7,8,1,0,7,8,8768,0,0,0,0,0
2020-06-29,US,Montana,Meagher,1,0,0,46.59907074,-110.8898557,30059.0,53.705692803437174,0.0,1,1,0,0,1,1,1866,0,0,0,0,0
2020-06-29,US,Montana,Missoula,66,1,0,47.03728583,-113.92135079999998,30063.0,55.183946488294325,1.515151515,65,66,1,0,65,66,118791,0,0,0,0,0
2020-06-29,US,Montana,Musselshell,1,0,0,46.49684637,-108.39498,30065.0,21.58428663932657,0.0,1,1,0,0,1,1,4651,0,0,0,0,0
2020-06-29,US,Montana,Park,9,0,0,45.48965095,-110.52643940000002,30067.0,54.197278092255814,0.0,9,9,0,0,9,9,16736,0,0,0,0,0
2020-06-29,US,Montana,Pondera,2,0,0,48.22773388,-112.2252703,30073.0,33.83522246658772,0.0,2,2,0,0,2,2,5972,0,0,0,0,0
2020-06-29,US,Montana,Ravalli,27,0,0,46.08520862,-114.11891640000002,30081.0,61.635392411998346,0.0,27,23,0,0,23,22,43172,4,0,0,4,1
2020-06-29,US,Montana,Richland,12,0,0,47.78668011,-104.5610786,30083.0,111.0802554845876,0.0,12,10,0,0,10,10,10913,2,0,0,2,0
2020-06-29,US,Montana,Roosevelt,7,0,0,48.29607488,-105.0079268,30085.0,63.613231552162844,0.0,7,8,0,0,8,8,11059,-1,0,0,-1,0
2020-06-29,US,Montana,Rosebud,9,1,0,46.23397237,-106.72928799999998,30087.0,100.70493454179257,11.11111111,8,9,1,0,8,9,9063,0,0,0,0,0
2020-06-29,US,Montana,Silver Bow,14,0,0,45.90018933,-112.6620092,30093.0,40.09737934984963,0.0,14,14,0,0,14,13,34993,0,0,0,0,1
2020-06-29,US,Montana,Stillwater,5,0,0,45.67071407,-109.3950061,30095.0,51.85646131507986,0.0,5,4,0,0,4,4,9534,1,0,0,1,0
2020-06-29,US,Montana,Toole,31,6,0,48.65577551,-111.6942414,30101.0,654.5608108108107,19.35483871,25,31,6,0,25,31,4853,0,0,0,0,0
2020-06-29,US,Montana,Treasure,2,0,0,46.20973220000001,-107.2666516,30103.0,287.3563218390805,0.0,2,2,0,0,2,2,679,0,0,0,0,0
2020-06-29,US,Montana,Valley,2,0,0,48.36435097,-106.6669635,30105.0,27.041644131963224,0.0,2,1,0,0,1,1,7437,1,0,0,1,0
2020-06-29,US,Montana,Wheatland,1,0,0,46.46652491,-109.8464636,30107.0,47.036688617121364,0.0,1,1,0,0,1,1,2236,0,0,0,0,0
2020-06-29,US,Montana,Yellowstone,165,4,0,45.93955949,-108.2691486,30111.0,102.2938623682579,2.424242424,161,151,4,0,147,149,160137,14,0,0,14,2
2020-06-29,US,Nebraska,Adams,292,11,0,40.52449420000001,-98.50117804,31001.0,931.0333832860376,3.767123288,281,288,11,0,277,287,31511,4,0,0,4,1
2020-06-29,US,Nebraska,Antelope,9,1,0,42.17695516,-98.0666283,31003.0,142.9025087329311,11.11111111,8,9,1,0,8,9,6336,0,0,0,0,0
2020-06-29,US,Nebraska,Banner,1,0,0,41.54634427,-103.7114332,31007.0,134.2281879194631,0.0,1,1,0,0,1,1,730,0,0,0,0,0
2020-06-29,US,Nebraska,Boone,7,0,0,41.70759415,-98.06737183,31011.0,134.82280431432974,0.0,7,7,0,0,7,7,5239,0,0,0,0,0
2020-06-29,US,Nebraska,Box Butte,3,0,0,42.22079243,-103.0878834,31013.0,27.82157099137532,0.0,3,3,0,0,3,3,10772,0,0,0,0,0
2020-06-29,US,Nebraska,Boyd,1,0,0,42.8997274,-98.76486568,31015.0,52.110474205315285,0.0,1,1,0,0,1,1,1955,0,0,0,0,0
2020-06-29,US,Nebraska,Buffalo,184,1,0,40.85486962,-99.07500296,31019.0,370.5269940997604,0.5434782609000001,183,183,1,0,182,183,49615,1,0,0,1,0
2020-06-29,US,Nebraska,Burt,13,0,0,41.85056773,-96.32605633,31021.0,201.26954636940704,0.0,13,13,0,0,13,12,6488,0,0,0,0,1
2020-06-29,US,Nebraska,Butler,51,0,0,41.22703692,-97.13106306,31023.0,636.2275449101796,0.0,51,51,0,0,51,51,8058,0,0,0,0,0
2020-06-29,US,Nebraska,Cass,66,1,0,40.90899107,-96.13971217,31025.0,251.4477293508077,1.515151515,65,65,1,0,64,65,26159,1,0,0,1,0
2020-06-29,US,Nebraska,Cedar,17,0,0,42.5988851,-97.25311951,31027.0,202.33277791002143,0.0,17,13,0,0,13,13,8446,4,0,0,4,0
2020-06-29,US,Nebraska,Chase,1,0,0,40.5237198,-101.6978026,31029.0,25.4841997961264,0.0,1,1,0,0,1,1,3977,0,0,0,0,0
2020-06-29,US,Nebraska,Cherry,1,0,0,42.54502621,-101.1244332,31031.0,17.577781683951486,0.0,1,1,0,0,1,1,5761,0,0,0,0,0
2020-06-29,US,Nebraska,Cheyenne,18,0,0,41.21999357,-102.9941693,31033.0,202.020202020202,0.0,18,18,0,0,18,18,9310,0,0,0,0,0
2020-06-29,US,Nebraska,Clay,27,0,0,40.52439441,-98.05126296,31035.0,435.2732548766726,0.0,27,27,0,0,27,27,6214,0,0,0,0,0
2020-06-29,US,Nebraska,Colfax,667,4,0,41.57486951,-97.0868542,31037.0,6228.406013633394,0.5997001499,663,666,4,0,662,665,10881,1,0,0,1,1
2020-06-29,US,Nebraska,Cuming,36,0,0,41.91637624,-96.78730772,31039.0,406.9635993669455,0.0,36,35,0,0,35,34,8940,1,0,0,1,1
2020-06-29,US,Nebraska,Custer,40,4,0,41.39374521,-99.72805369,31041.0,371.16080541894775,10.0,36,40,4,0,36,40,10840,0,0,0,0,0
2020-06-29,US,Nebraska,Dakota,1761,31,0,42.39040144,-96.56656425,31043.0,8793.56836113053,1.76036343,1730,1760,31,0,1729,1755,20083,1,0,0,1,5
2020-06-29,US,Nebraska,Dawes,2,0,0,42.71985036,-103.1313774,31045.0,23.285597857725,0.0,2,2,0,0,2,2,8716,0,0,0,0,0
2020-06-29,US,Nebraska,Dawson,857,8,0,40.87028216,-99.8201461,31047.0,3632.125450307269,0.9334889148000001,849,857,8,0,849,857,23709,0,0,0,0,0
2020-06-29,US,Nebraska,Dixon,47,2,0,42.49188363,-96.86782408,31051.0,833.9247693399574,4.255319149,45,46,2,0,44,46,5709,1,0,0,1,0
2020-06-29,US,Nebraska,Dodge,684,8,0,41.58071748,-96.65598179,31053.0,1870.6413236701765,1.169590643,676,681,8,0,673,679,36791,3,0,0,3,2
2020-06-29,US,Nebraska,Douglas,7019,88,0,41.29518299,-96.15085305,31055.0,1228.5433735846548,1.253739849,6931,6962,88,0,6874,6878,566880,57,0,0,57,84
2020-06-29,US,Nebraska,Fillmore,14,1,0,40.52458567,-97.59646937,31059.0,256.31636763090444,7.142857143,13,13,1,0,12,13,5527,1,0,0,1,0
2020-06-29,US,Nebraska,Franklin,6,0,0,40.17636348,-98.95299073,31061.0,201.40986908358508,0.0,6,7,0,0,7,7,3023,-1,0,0,-1,0
2020-06-29,US,Nebraska,Frontier,1,0,0,40.52993007,-100.3924658,31063.0,38.06623524933384,0.0,1,1,0,0,1,1,2608,0,0,0,0,0
2020-06-29,US,Nebraska,Furnas,10,1,0,40.17642064,-99.91247454,31065.0,213.85799828913602,10.0,9,10,1,0,9,10,4715,0,0,0,0,0
2020-06-29,US,Nebraska,Gage,49,4,0,40.26186809,-96.68946704,31067.0,227.7692557988193,8.163265306,45,50,4,0,46,50,21493,-1,0,0,-1,0
2020-06-29,US,Nebraska,Garden,4,0,0,41.61703149,-102.3313973,31069.0,217.74632553075668,0.0,4,5,0,0,5,4,1897,-1,0,0,-1,1
2020-06-29,US,Nebraska,Garfield,1,0,0,41.91428955,-98.99111827,31071.0,50.787201625190455,0.0,1,1,0,0,1,1,1987,0,0,0,0,0
2020-06-29,US,Nebraska,Gosper,13,0,0,40.51481965,-99.83020279,31073.0,653.2663316582915,0.0,13,13,0,0,13,13,1996,0,0,0,0,0
2020-06-29,US,Nebraska,Greeley,3,0,0,41.56742671,-98.52150266,31077.0,127.33446519524618,0.0,3,3,0,0,3,3,2356,0,0,0,0,0
2020-06-29,US,Nebraska,Hall,1587,47,0,40.87257079,-98.50218293,31079.0,2586.6705784558208,2.9615626969999997,1540,1590,46,0,1544,1587,61607,-3,1,0,-4,3
2020-06-29,US,Nebraska,Hamilton,64,12,0,40.87349452,-98.02099117,31081.0,686.4006864006864,18.75,52,58,11,0,47,58,9280,6,1,0,5,0
2020-06-29,US,Nebraska,Harlan,1,0,0,40.17658508,-99.40438879,31083.0,29.58579881656805,0.0,1,1,0,0,1,1,3401,0,0,0,0,0
2020-06-29,US,Nebraska,Hitchcock,1,0,0,40.17609175,-101.0416477,31087.0,36.205648081100655,0.0,1,1,0,0,1,1,2806,0,0,0,0,0
2020-06-29,US,Nebraska,Holt,3,0,0,42.45522056,-98.78402558,31089.0,29.800337737161023,0.0,3,3,0,0,3,3,10178,0,0,0,0,0
2020-06-29,US,Nebraska,Howard,46,4,0,41.2200529,-98.5166499,31093.0,713.7315748642359,8.695652174,42,46,4,0,42,46,6468,0,0,0,0,0
2020-06-29,US,Nebraska,Jefferson,9,0,0,40.17584531,-97.142601,31095.0,127.73204655123476,0.0,9,9,0,0,9,9,7097,0,0,0,0,0
2020-06-29,US,Nebraska,Johnson,6,0,0,40.39257596,-96.26522753,31097.0,118.3198580161704,0.0,6,6,0,0,6,6,5134,0,0,0,0,0
2020-06-29,US,Nebraska,Kearney,13,0,0,40.50663314,-98.94877182,31099.0,200.1539645881448,0.0,13,13,0,0,13,13,6544,0,0,0,0,0
2020-06-29,US,Nebraska,Keith,4,0,0,41.19930341,-101.6620164,31101.0,49.78839930296241,0.0,4,3,0,0,3,3,8021,1,0,0,1,0
2020-06-29,US,Nebraska,Kimball,9,0,0,41.19774275,-103.7148131,31105.0,247.79735682819384,0.0,9,9,0,0,9,9,3618,0,0,0,0,0
2020-06-29,US,Nebraska,Knox,21,0,0,42.63758421,-97.89178836,31107.0,252.0403264522324,0.0,21,21,0,0,21,21,8419,0,0,0,0,0
2020-06-29,US,Nebraska,Lancaster,1708,12,0,40.78416049,-96.68777155,31109.0,535.2721802626219,0.7025761124,1696,1692,12,0,1680,1685,317272,16,0,0,16,7
2020-06-29,US,Nebraska,Lincoln,57,2,0,41.04658298,-100.7475374,31111.0,163.25829180271523,3.50877193,55,55,2,0,53,54,35185,2,0,0,2,1
2020-06-29,US,Nebraska,Madison,361,4,0,41.91676024,-97.6005481,31119.0,1028.5193310350721,1.108033241,357,359,4,0,355,358,35392,2,0,0,2,1
2020-06-29,US,Nebraska,Merrick,38,0,0,41.16624273,-98.0374887,31121.0,490.006447453256,0.0,38,38,0,0,38,38,7733,0,0,0,0,0
2020-06-29,US,Nebraska,Morrill,31,0,0,41.71711774,-103.0061405,31123.0,667.8155967255492,0.0,31,25,0,0,25,24,4686,6,0,0,6,1
2020-06-29,US,Nebraska,Nance,4,0,0,41.39750195,-97.99327291,31125.0,113.66865586814436,0.0,4,4,0,0,4,4,3532,0,0,0,0,0
2020-06-29,US,Nebraska,Nemaha,5,0,0,40.38514847,-95.85433992,31127.0,71.7154331612163,0.0,5,5,0,0,5,5,6958,0,0,0,0,0
2020-06-29,US,Nebraska,Nuckolls,1,0,0,40.17637905,-98.04743961,31129.0,24.108003857280607,0.0,1,1,0,0,1,1,4195,0,0,0,0,0
2020-06-29,US,Nebraska,Otoe,20,0,0,40.64843556,-96.13374142,31131.0,124.90632025980514,0.0,20,18,0,0,18,16,15985,2,0,0,2,2
2020-06-29,US,Nebraska,Phelps,25,0,0,40.51156033,-99.41461667,31137.0,276.73234447642244,0.0,25,23,0,0,23,23,8996,2,0,0,2,0
2020-06-29,US,Nebraska,Pierce,8,0,0,42.26434853,-97.60122773,31139.0,111.9194180190263,0.0,8,8,0,0,8,8,7142,0,0,0,0,0
2020-06-29,US,Nebraska,Platte,663,3,0,41.57246836,-97.52144359,31141.0,1980.8783985658802,0.4524886878,660,660,3,0,657,659,33363,3,0,0,3,1
2020-06-29,US,Nebraska,Polk,12,0,0,41.18813488,-97.56630712,31143.0,230.19374640322275,0.0,12,12,0,0,12,12,5278,0,0,0,0,0
2020-06-29,US,Nebraska,Red Willow,6,0,0,40.17556879999999,-100.476998,31145.0,55.949272659455424,0.0,6,6,0,0,6,6,10726,0,0,0,0,0
2020-06-29,US,Nebraska,Richardson,5,1,0,40.1247415,-95.71755036,31147.0,63.57279084551812,20.0,4,5,1,0,4,5,7937,0,0,0,0,0
2020-06-29,US,Nebraska,Rock,1,0,0,42.42252217,-99.44832069,31149.0,73.69196757553426,0.0,1,1,0,0,1,1,1360,0,0,0,0,0
2020-06-29,US,Nebraska,Saline,534,2,0,40.52418865,-97.14085859,31151.0,3754.21822272216,0.37453183520000005,532,533,2,0,531,533,14350,1,0,0,1,0
2020-06-29,US,Nebraska,Sarpy,1145,8,0,41.11314181,-96.11156432,31153.0,611.6583687685634,0.6986899563,1137,1123,8,0,1115,1111,184459,22,0,0,22,12
2020-06-29,US,Nebraska,Saunders,74,2,0,41.2278103,-96.63773905,31155.0,342.94188525349887,2.702702703,72,74,2,0,72,73,21303,0,0,0,0,1
2020-06-29,US,Nebraska,Scotts Bluff,213,3,0,41.85070896,-103.7080986,31157.0,598.0122410017407,1.408450704,210,209,3,0,206,209,35989,4,0,0,4,0
2020-06-29,US,Nebraska,Seward,33,1,0,40.87241834,-97.139673,31159.0,190.92802591992594,3.03030303,32,33,1,0,32,33,17318,0,0,0,0,0
2020-06-29,US,Nebraska,Sheridan,4,0,0,42.50284406,-102.4126613,31161.0,76.24857033930614,0.0,4,2,0,0,2,2,5190,2,0,0,2,0
2020-06-29,US,Nebraska,Sherman,5,0,0,41.22045983,-98.97588642,31163.0,166.61112962345885,0.0,5,5,0,0,5,5,3038,0,0,0,0,0
2020-06-29,US,Nebraska,Sioux,6,0,0,42.48932059,-103.7576544,31165.0,514.5797598627787,0.0,6,6,0,0,6,6,1187,0,0,0,0,0
2020-06-29,US,Nebraska,Stanton,21,0,0,41.9169835,-97.19394708,31167.0,354.72972972972974,0.0,21,21,0,0,21,21,5970,0,0,0,0,0
2020-06-29,US,Nebraska,Thayer,1,0,0,40.17626377,-97.59504381,31169.0,19.98800719568259,0.0,1,1,0,0,1,1,5039,0,0,0,0,0
2020-06-29,US,Nebraska,Thomas,1,0,0,41.91358968,-100.5556632,31171.0,138.50415512465375,0.0,1,1,0,0,1,1,720,0,0,0,0,0
2020-06-29,US,Nebraska,Thurston,85,1,0,42.15725356,-96.54157099,31173.0,1176.6334440753046,1.176470588,84,84,1,0,83,84,7303,1,0,0,1,0
2020-06-29,US,Nebraska,Unassigned,175,1,0,0.0,0.0,90031.0,0.0,0.5714285714,174,173,1,0,172,174,,2,0,0,2,-1
2020-06-29,US,Nebraska,Valley,8,0,0,41.56730777,-98.98197724,31175.0,192.40019240019242,0.0,8,8,0,0,8,8,4190,0,0,0,0,0
2020-06-29,US,Nebraska,Washington,48,1,0,41.52815707,-96.22019892,31177.0,231.55965073086014,2.083333333,47,46,1,0,45,46,20667,2,0,0,2,0
2020-06-29,US,Nebraska,Wayne,28,0,0,42.20934475,-97.11926964,31179.0,298.3484283431007,0.0,28,28,0,0,28,28,9403,0,0,0,0,0
2020-06-29,US,Nebraska,Webster,6,0,0,40.17642643,-98.50019851,31181.0,172.0676799541153,0.0,6,6,0,0,6,6,3533,0,0,0,0,0
2020-06-29,US,Nebraska,York,41,0,0,40.87272618,-97.59710186,31185.0,299.72951239125666,0.0,41,41,0,0,41,41,13772,0,0,0,0,0
2020-06-29,US,Nevada,Carson City,151,5,0,39.15509045,-119.7480219,32510.0,270.0479290364117,3.311258278,146,149,5,0,144,147,55414,2,0,0,2,2
2020-06-29,US,Nevada,Churchill,11,1,0,39.58105744,-118.3394607,32001.0,44.16074511220843,9.090909091,10,10,1,0,9,10,24440,1,0,0,1,0
2020-06-29,US,Nevada,Clark,14607,414,0,36.21458855,-115.0130241,32003.0,644.4127294344459,2.834257548,14193,13910,410,0,13500,13174,2231647,697,4,0,693,736
2020-06-29,US,Nevada,Douglas,64,0,0,38.912862,-119.6171333,32005.0,130.86596462529394,0.0,64,64,0,0,64,62,48467,0,0,0,0,2
2020-06-29,US,Nevada,Elko,111,1,0,41.14531606,-115.3577619,32007.0,210.31490393724656,0.9009009009000001,110,115,1,0,114,105,52460,-4,0,0,-4,10
2020-06-29,US,Nevada,Eureka,1,0,0,39.98100864,-116.2683204,32011.0,49.28536224741252,0.0,1,1,0,0,1,1,2003,0,0,0,0,0
2020-06-29,US,Nevada,Humboldt,83,4,0,41.40692186,-118.1109427,32013.0,493.1376626463074,4.8192771080000005,79,82,4,0,78,81,16786,1,0,0,1,1
2020-06-29,US,Nevada,Lander,35,0,0,39.9332233,-117.0397075,32015.0,632.6825741142444,0.0,35,35,0,0,35,32,5575,0,0,0,0,3
2020-06-29,US,Nevada,Lincoln,2,0,0,37.64268459,-114.8790388,32017.0,38.58769052672198,0.0,2,2,0,0,2,2,5201,0,0,0,0,0
2020-06-29,US,Nevada,Lyon,112,2,0,39.01777974,-119.1870479,32019.0,194.74873934967832,1.785714286,110,110,2,0,108,108,55808,2,0,0,2,2
2020-06-29,US,Nevada,Mineral,5,0,0,38.53841696,-118.4344506,32021.0,110.98779134295229,0.0,5,4,0,0,4,4,4514,1,0,0,1,0
2020-06-29,US,Nevada,Nye,100,3,0,38.04264256,-116.4722702,32023.0,214.947445349612,3.0,97,94,3,0,91,90,45346,6,0,0,6,4
2020-06-29,US,Nevada,Pershing,6,0,0,40.44003782,-118.40056409999998,32027.0,89.21933085501858,0.0,6,6,0,0,6,6,6666,0,0,0,0,0
2020-06-29,US,Nevada,Storey,2,0,0,39.44875482,-119.5250207,32029.0,48.508367693427104,0.0,2,2,0,0,2,2,4029,0,0,0,0,0
2020-06-29,US,Nevada,Washoe,2600,74,0,40.66562265,-119.6631594,32031.0,551.409381170218,2.8461538460000004,2526,2573,74,0,2499,2512,465735,27,0,0,27,61
2020-06-29,US,Nevada,White Pine,4,0,0,39.44157041,-114.899966,32033.0,41.7536534446764,0.0,4,3,0,0,3,3,9475,1,0,0,1,0
2020-06-29,US,New Hampshire,Belknap,81,1,0,43.51637314,-71.41684235,33001.0,132.13056457269627,1.234567901,80,81,1,0,80,81,61022,0,0,0,0,0
2020-06-29,US,New Hampshire,Carroll,54,0,0,43.87498583,-71.20430216,33003.0,110.40686976078513,0.0,54,54,0,0,54,53,48779,0,0,0,0,1
2020-06-29,US,New Hampshire,Cheshire,69,2,0,42.92015988,-72.25311043,33005.0,90.6880462640468,2.898550725,67,67,2,0,65,67,76493,2,0,0,2,0
2020-06-29,US,New Hampshire,Coos,6,0,0,44.69063265,-71.30633239,33007.0,19.0095998479232,0.0,6,6,0,0,6,6,31589,0,0,0,0,0
2020-06-29,US,New Hampshire,Grafton,84,1,0,43.93779815,-71.82057197,33009.0,93.45170549362524,1.19047619,83,84,1,0,83,83,89786,0,0,0,0,1
2020-06-29,US,New Hampshire,Hillsborough,3263,242,0,42.91537785,-71.7200253,33011.0,782.4470954978717,7.416487895,3021,3254,242,0,3012,3231,415247,9,0,0,9,23
2020-06-29,US,New Hampshire,Merrimack,409,18,0,43.29662971,-71.6811573,33013.0,270.16137022676384,4.400977995,391,407,18,0,389,408,151132,2,0,0,2,-1
2020-06-29,US,New Hampshire,Rockingham,1470,89,0,42.98499744,-71.12883377,33015.0,474.5471625630712,6.054421769,1381,1470,89,0,1381,1465,309176,0,0,0,0,5
2020-06-29,US,New Hampshire,Strafford,292,13,0,43.291833,-71.02336013,33017.0,223.52698016580803,4.452054795,279,291,13,0,278,290,130090,1,0,0,1,1
2020-06-29,US,New Hampshire,Sullivan,31,1,0,43.36094111,-72.22203125,33019.0,71.84907059750614,3.225806452,30,31,1,0,30,31,43144,0,0,0,0,0
2020-06-29,US,New Hampshire,Unassigned,1,0,0,0.0,0.0,90033.0,0.0,0.0,1,2,0,0,2,2,,-1,0,0,-1,0
2020-06-29,US,New Jersey,Atlantic,2845,214,0,39.47538693,-74.65848483,34001.0,1079.0002654833693,7.521968366,2631,2839,211,0,2628,2822,265429,6,3,0,3,17
2020-06-29,US,New Jersey,Bergen,19375,1985,0,40.96010917,-74.07164325,34003.0,2078.412189632719,10.24516129,17390,19354,1983,0,17371,19275,936692,21,2,0,19,79
2020-06-29,US,New Jersey,Burlington,5142,421,0,39.87681124,-74.66927768,34005.0,1154.6001001461775,8.18747569,4721,5136,419,0,4717,5125,445384,6,2,0,4,11
2020-06-29,US,New Jersey,Camden,7297,485,0,39.80343818,-74.96388753,34007.0,1440.7537647762656,6.646567082000001,6812,7284,483,0,6801,7278,507078,13,2,0,11,6
2020-06-29,US,New Jersey,Cape May,712,68,0,39.15008829,-74.80170244,34009.0,773.5851106596118,9.550561798,644,732,68,0,664,705,92560,-20,0,0,-20,27
2020-06-29,US,New Jersey,Cumberland,2946,141,0,39.37199394,-75.10712559,34011.0,1970.2127374989127,4.7861507130000005,2805,2942,141,0,2801,2936,150972,4,0,0,4,6
2020-06-29,US,New Jersey,Essex,18731,2021,0,40.78681335,-74.24657979,34013.0,2344.378735254545,10.78960013,16710,18716,2021,0,16695,18696,799767,15,0,0,15,20
2020-06-29,US,New Jersey,Gloucester,2563,182,0,39.71581067,-75.13995546,34015.0,878.8352603930928,7.101053453,2381,2557,181,0,2376,2547,291408,6,1,0,5,10
2020-06-29,US,New Jersey,Hudson,18838,1449,0,40.73766234,-74.07515667,34017.0,2801.643686485989,7.691899352,17389,18834,1449,0,17385,18814,676061,4,0,0,4,20
2020-06-29,US,New Jersey,Hunterdon,1076,123,0,40.56335249,-74.91284156,34019.0,865.1534521713263,11.43122677,953,1074,123,0,951,1065,124714,2,0,0,2,9
2020-06-29,US,New Jersey,Mercer,7634,578,0,40.28047017,-74.70479631,34021.0,2077.674659118744,7.571391145,7056,7626,578,0,7048,7619,369811,8,0,0,8,7
2020-06-29,US,New Jersey,Middlesex,16764,1319,0,40.43629879,-74.41426991,34023.0,2031.8473035965783,7.868050585,15445,16764,1318,0,15446,16724,829685,0,1,0,-1,40
2020-06-29,US,New Jersey,Monmouth,9110,805,0,40.26549699,-74.22240686,34025.0,1472.2161620569007,8.836443468999999,8305,9108,805,0,8303,9082,621354,2,0,0,2,26
2020-06-29,US,New Jersey,Morris,6735,796,0,40.86095313,-74.54553709999998,34027.0,1369.333834846344,11.81885672,5939,6730,795,0,5935,6715,494228,5,1,0,4,15
2020-06-29,US,New Jersey,Ocean,9575,946,0,39.8895449,-74.28089251,34029.0,1576.9467675473413,9.879895561,8629,9570,944,0,8626,9545,601651,5,2,0,3,25
2020-06-29,US,New Jersey,Passaic,16876,1183,0,41.03238628,-74.29954144,34031.0,3362.9186211953943,7.0099549660000005,15693,16867,1181,0,15686,16868,503310,9,2,0,7,-1
2020-06-29,US,New Jersey,Salem,762,75,0,39.58719656,-75.34696629999998,34033.0,1221.4474633325322,9.842519685,687,756,75,0,681,755,62607,6,0,0,6,1
2020-06-29,US,New Jersey,Somerset,4858,528,0,40.56465737,-74.61683016,34035.0,1476.892020891729,10.86867023,4330,4857,527,0,4330,4841,331164,1,1,0,0,16
2020-06-29,US,New Jersey,Sussex,1190,192,0,41.13891592,-74.69118243,34037.0,847.0474346563408,16.13445378,998,1189,192,0,997,1184,140799,1,0,0,1,5
2020-06-29,US,New Jersey,Unassigned,636,0,0,0.0,0.0,90034.0,0.0,0.0,636,651,0,0,651,697,,-15,0,0,-15,-46
2020-06-29,US,New Jersey,Union,16377,1325,0,40.65835409,-74.30680092,34039.0,2943.6981994855682,8.090614887000001,15052,16368,1325,0,15043,16353,558067,9,0,0,9,15
2020-06-29,US,New Jersey,Warren,1230,156,0,40.85951833,-74.99556527,34041.0,1168.4573513066773,12.68292683,1074,1228,156,0,1072,1227,105779,2,0,0,2,1
2020-06-29,US,New Mexico,Bernalillo,2109,85,0,35.05163625,-106.6703554,35001.0,310.5484884136995,4.030346136,2024,2064,85,0,1979,2021,678701,45,0,0,45,43
2020-06-29,US,New Mexico,Catron,2,1,0,33.91514144,-108.4046587,35003.0,56.70541536716757,50.0,1,2,1,0,1,2,3578,0,0,0,0,0
2020-06-29,US,New Mexico,Chaves,89,2,0,33.36406072,-104.4665365,35005.0,137.73891511258995,2.247191011,87,83,2,0,81,79,64689,6,0,0,6,4
2020-06-29,US,New Mexico,Cibola,211,14,0,34.91131525,-107.998876,35006.0,791.0028116213682,6.63507109,197,211,14,0,197,207,26746,0,0,0,0,4
2020-06-29,US,New Mexico,Colfax,9,1,0,36.60569702,-104.64726740000002,35007.0,75.37057197889624,11.11111111,8,9,1,0,8,9,12110,0,0,0,0,0
2020-06-29,US,New Mexico,Curry,153,0,0,34.57421077,-103.3468876,35009.0,312.5383012624096,0.0,153,142,0,0,142,136,49437,11,0,0,11,6
2020-06-29,US,New Mexico,Dona Ana,929,9,0,32.35275771,-106.8329387,35013.0,425.7659433075918,0.9687836383,920,895,9,0,886,868,217522,34,0,0,34,27
2020-06-29,US,New Mexico,Eddy,78,1,0,32.47167456,-104.3053527,35015.0,133.42456380431065,1.282051282,77,69,1,0,68,66,57900,9,0,0,9,3
2020-06-29,US,New Mexico,Grant,18,0,0,32.73911281,-108.3827845,35017.0,66.6716053040966,0.0,18,18,0,0,18,18,27346,0,0,0,0,0
2020-06-29,US,New Mexico,Guadalupe,20,0,0,34.86319296,-104.790669,35019.0,465.11627906976736,0.0,20,20,0,0,20,20,4341,0,0,0,0,0
2020-06-29,US,New Mexico,Harding,1,0,0,35.85751555,-103.8220938,35021.0,160.0,0.0,1,1,0,0,1,1,655,0,0,0,0,0
2020-06-29,US,New Mexico,Hidalgo,49,0,0,31.91383467,-108.7151824,35023.0,1167.2224868985236,0.0,49,46,0,0,46,46,4240,3,0,0,3,0
2020-06-29,US,New Mexico,Lea,113,0,0,32.79215361,-103.4123733,35025.0,158.99817081750388,0.0,113,106,0,0,106,100,69611,7,0,0,7,6
2020-06-29,US,New Mexico,Lincoln,11,0,0,33.74526079,-105.4586166,35027.0,56.202738606172076,0.0,11,11,0,0,11,11,19556,0,0,0,0,0
2020-06-29,US,New Mexico,Los Alamos,8,0,0,35.86631386,-106.3134985,35028.0,41.30311322215912,0.0,8,8,0,0,8,7,19101,0,0,0,0,1
2020-06-29,US,New Mexico,Luna,77,2,0,32.18179341,-107.75088259999998,35029.0,324.77118393858865,2.597402597,75,73,2,0,71,67,23963,4,0,0,4,6
2020-06-29,US,New Mexico,McKinley,3347,166,0,35.58007720000001,-108.262245,35031.0,4689.842644359438,4.959665372,3181,3336,166,0,3170,3309,72290,11,0,0,11,27
2020-06-29,US,New Mexico,Otero,41,6,0,32.61348406,-105.7417604,35035.0,60.74974070232627,14.63414634,35,38,6,0,32,35,66781,3,0,0,3,3
2020-06-29,US,New Mexico,Quay,6,1,0,35.10403332,-103.5481727,35037.0,72.70083605961469,16.66666667,5,6,1,0,5,6,8253,0,0,0,0,0
2020-06-29,US,New Mexico,Rio Arriba,96,1,0,36.51072137,-106.6931674,35039.0,246.6534775571029,1.041666667,95,93,1,0,92,93,39006,3,0,0,3,0
2020-06-29,US,New Mexico,Roosevelt,57,1,0,34.02097406,-103.4799493,35041.0,308.1081081081081,1.754385965,56,57,1,0,56,55,18743,0,0,0,0,2
2020-06-29,US,New Mexico,San Juan,2405,162,0,36.50838318,-108.320437,35045.0,1940.1732844995886,6.735966736,2243,2392,161,0,2231,2357,125043,13,1,0,12,35
2020-06-29,US,New Mexico,San Miguel,21,0,0,35.48014807,-104.8163562,35047.0,76.98793855629283,0.0,21,21,0,0,21,20,27591,0,0,0,0,1
2020-06-29,US,New Mexico,Sandoval,720,29,0,35.68862401,-106.8687803,35043.0,490.63701038515006,4.027777778,691,716,29,0,687,713,145179,4,0,0,4,3
2020-06-29,US,New Mexico,Santa Fe,234,3,0,35.50708973,-105.9774716,35049.0,155.62856648798203,1.282051282,231,228,3,0,225,218,150056,6,0,0,6,10
2020-06-29,US,New Mexico,Sierra,12,0,0,33.13028233,-107.1925893,35051.0,111.20378092855157,0.0,12,12,0,0,12,12,10968,0,0,0,0,0
2020-06-29,US,New Mexico,Socorro,60,5,0,34.00715494,-106.9298354,35053.0,360.6419426579311,8.333333332999999,55,59,5,0,54,59,16735,1,0,0,1,0
2020-06-29,US,New Mexico,Taos,40,1,0,36.58006022,-105.6310198,35055.0,122.23818109586529,2.5,39,40,1,0,39,39,32835,0,0,0,0,1
2020-06-29,US,New Mexico,Torrance,43,1,0,34.64048375,-105.8508949,35057.0,278.1191384774594,2.325581395,42,42,1,0,41,41,15591,1,0,0,1,1
2020-06-29,US,New Mexico,Unassigned,900,0,0,0.0,0.0,90035.0,0.0,0.0,900,899,0,0,899,893,,1,0,0,1,6
2020-06-29,US,New Mexico,Union,7,0,0,36.48126404,-103.4709624,35059.0,172.45627001724563,0.0,7,7,0,0,7,7,4118,0,0,0,0,0
2020-06-29,US,New Mexico,Valencia,116,2,0,34.71669834,-106.8103733,35061.0,151.2622574587941,1.724137931,114,105,2,0,103,104,76456,11,0,0,11,1
2020-06-29,US,New York,Albany,2099,121,0,42.60060306,-73.97723916,36001.0,687.0568826798819,5.764649832999999,1978,2097,121,0,1976,2091,307117,2,0,0,2,6
2020-06-29,US,New York,Allegany,59,0,0,42.25748406,-78.02750466,36003.0,128.0076370658046,0.0,59,59,0,0,59,58,46430,0,0,0,0,1
2020-06-29,US,New York,Broome,710,58,0,42.15903158,-75.81326086,36007.0,372.7268909327622,8.169014085,652,703,58,0,645,701,191659,7,0,0,7,2
2020-06-29,US,New York,Cattaraugus,123,6,0,42.24778241,-78.67923096,36009.0,161.59333657395848,4.87804878,117,123,6,0,117,123,76840,0,0,0,0,0
2020-06-29,US,New York,Cayuga,114,2,0,42.91261714,-76.55731592,36011.0,148.87170915169244,1.754385965,112,113,2,0,111,111,77145,1,0,0,1,2
2020-06-29,US,New York,Chautauqua,123,7,0,42.22769210000001,-79.36691763,36013.0,96.92442259048252,5.691056911,116,123,7,0,116,123,127939,0,0,0,0,0
2020-06-29,US,New York,Chemung,140,2,0,42.13891056,-76.7638805,36015.0,167.75306748466258,1.428571429,138,140,2,0,138,139,84254,0,0,0,0,1
2020-06-29,US,New York,Chenango,78,5,0,42.49430041,-75.60887553,36017.0,165.22973287859853,6.41025641,73,146,5,0,141,146,47536,-68,0,0,-68,0
2020-06-29,US,New York,Clinton,219,4,0,44.74530905,-73.67875352,36019.0,272.1003913772753,1.8264840180000002,215,101,4,0,97,101,80695,118,0,0,118,0
2020-06-29,US,New York,Columbia,463,37,0,42.24819348,-73.63089095,36021.0,778.6616437665024,7.991360691000001,426,463,37,0,426,461,59916,0,0,0,0,2
2020-06-29,US,New York,Cortland,49,0,0,42.59509207,-76.07048931,36023.0,102.98228284399237,0.0,49,46,0,0,46,44,47823,3,0,0,3,2
2020-06-29,US,New York,Delaware,91,4,0,42.19837623,-74.96709306,36025.0,206.18556701030928,4.395604396,87,91,4,0,87,91,44527,0,0,0,0,0
2020-06-29,US,New York,Dutchess,4201,151,0,41.76486060000001,-73.74356679,36027.0,1427.8528166189694,3.59438229,4050,4198,151,0,4047,4191,293718,3,0,0,3,7
2020-06-29,US,New York,Erie,7249,634,0,42.76249024,-78.73063652,36029.0,789.0480264547156,8.746033936,6615,7228,634,0,6594,7206,919719,21,0,0,21,22
2020-06-29,US,New York,Essex,59,0,0,44.11630765,-73.77297842,36031.0,159.95662193303508,0.0,59,42,0,0,42,42,37300,17,0,0,17,0
2020-06-29,US,New York,Franklin,120,0,0,44.59040891,-74.29926032,36033.0,239.89444644356485,0.0,120,29,0,0,29,29,50293,91,0,0,91,0
2020-06-29,US,New York,Fulton,256,24,0,43.11363907,-74.41798804,36035.0,479.55341588146035,9.375,232,255,24,0,231,249,53591,1,0,0,1,6
2020-06-29,US,New York,Genesee,238,5,0,43.0022601,-78.19135193,36037.0,415.5027932960894,2.100840336,233,238,5,0,233,237,57511,0,0,0,0,1
2020-06-29,US,New York,Greene,319,18,0,42.275797,-74.12384884,36039.0,676.0193269475292,5.642633228999999,301,260,18,0,242,260,47491,59,0,0,59,0
2020-06-29,US,New York,Hamilton,6,0,0,43.66146647,-74.49721957,36041.0,135.8695652173913,0.0,6,6,0,0,6,6,4434,0,0,0,0,0
2020-06-29,US,New York,Herkimer,159,3,0,43.42034246,-74.96145307,36043.0,259.29972765374515,1.8867924530000002,156,158,3,0,155,154,61833,1,0,0,1,4
2020-06-29,US,New York,Jefferson,91,0,0,44.04200959,-75.94653457,36045.0,82.85230438661979,0.0,91,85,0,0,85,85,111755,6,0,0,6,0
2020-06-29,US,New York,Lewis,37,0,0,43.7844157,-75.44903992,36049.0,140.7058107696988,0.0,37,29,0,0,29,26,26447,8,0,0,8,3
2020-06-29,US,New York,Livingston,128,8,0,42.72596275,-77.77966158,36051.0,203.45233175445847,6.25,120,128,8,0,120,126,63227,0,0,0,0,2
2020-06-29,US,New York,Madison,375,17,0,42.91653905,-75.67266639,36053.0,528.6082801200998,4.533333333,358,352,17,0,335,351,70795,23,0,0,23,1
2020-06-29,US,New York,Monroe,3709,266,0,43.14638895,-77.69322942,36055.0,500.0202219016677,7.171744406,3443,3690,266,0,3424,3676,742474,19,0,0,19,14
2020-06-29,US,New York,Montgomery,118,4,0,42.90123494,-74.44011632,36057.0,239.73507242843502,3.389830508,114,118,4,0,114,116,49455,0,0,0,0,2
2020-06-29,US,New York,Nassau,41780,2182,0,40.74066522,-73.58941873,36059.0,3079.022848737291,5.2225945430000005,39598,41754,2182,0,39572,41725,1358343,26,0,0,26,29
2020-06-29,US,New York,New York City,214750,22470,0,40.76727260000001,-73.97152637,36061.0,2575.923161081741,10.46332945,192280,214750,22470,0,192280,214434,1628701,0,0,0,0,316
2020-06-29,US,New York,Niagara,1228,88,0,43.19898042,-78.74777412,36063.0,586.7708965457924,7.166123778999999,1140,1226,88,0,1138,1223,210433,2,0,0,2,3
2020-06-29,US,New York,Oneida,1616,90,0,43.24375382,-75.43710392,36065.0,706.6921472333612,5.569306931,1526,1586,90,0,1496,1547,229577,30,0,0,30,39
2020-06-29,US,New York,Onondaga,2822,184,0,43.00491923,-76.19971155,36067.0,612.7749018517875,6.520198441000001,2638,2816,184,0,2632,2791,461809,6,0,0,6,25
2020-06-29,US,New York,Ontario,257,9,0,42.85145728,-77.30874425,36069.0,234.11097042185523,3.501945525,248,256,9,0,247,254,109864,1,0,0,1,2
2020-06-29,US,New York,Orange,10744,478,0,41.40337468,-74.30240757,36071.0,2791.084324829844,4.448994788,10266,10713,478,0,10235,10710,381951,31,0,0,31,3
2020-06-29,US,New York,Orleans,281,51,0,43.2516977,-78.2320066,36073.0,696.3719270420302,18.14946619,230,281,51,0,230,280,40612,0,0,0,0,1
2020-06-29,US,New York,Oswego,196,3,0,43.42778894,-76.14635194,36075.0,167.34401147501794,1.530612245,193,195,3,0,192,194,117898,1,0,0,1,1
2020-06-29,US,New York,Otsego,84,5,0,42.63492579,-75.03151402,36077.0,141.1930815390046,5.952380952,79,84,5,0,79,84,59749,0,0,0,0,0
2020-06-29,US,New York,Putnam,1499,63,0,41.42630093,-73.74965532,36079.0,1524.613506916192,4.202801868,1436,1323,63,0,1260,1319,98892,176,0,0,176,4
2020-06-29,US,New York,Rensselaer,553,28,0,42.71348136,-73.51089874,36083.0,348.42546971281683,5.0632911389999995,525,551,28,0,523,550,159442,2,0,0,2,1
2020-06-29,US,New York,Rockland,13580,667,0,41.15027894,-74.02560498,36087.0,4168.342086442453,4.911634757,12913,13576,667,0,12909,13566,325695,4,0,0,4,10
2020-06-29,US,New York,Saratoga,549,14,0,43.10904162,-73.86653895,36091.0,238.837916498088,2.550091075,535,548,14,0,534,546,230163,1,0,0,1,2
2020-06-29,US,New York,Schenectady,867,37,0,42.81668777,-74.05278291,36093.0,558.2779026265462,4.267589388999999,830,792,37,0,755,786,155350,75,0,0,75,6
2020-06-29,US,New York,Schoharie,58,0,0,42.58831742,-74.44339029999998,36095.0,187.10280976805703,0.0,58,58,0,0,58,57,31097,0,0,0,0,1
2020-06-29,US,New York,Schuyler,14,0,0,42.39184015,-76.8773299,36097.0,78.62076711405626,0.0,14,12,0,0,12,12,17912,2,0,0,2,0
2020-06-29,US,New York,Seneca,69,0,0,42.78081007,-76.82497064,36099.0,202.84571966133583,0.0,69,69,0,0,69,69,34300,0,0,0,0,0
2020-06-29,US,New York,St. Lawrence,219,2,0,44.4976179,-75.06550039,36089.0,203.26712455912383,0.9132420091,217,218,2,0,216,218,108047,1,0,0,1,0
2020-06-29,US,New York,Steuben,285,41,0,42.2689144,-77.3829924,36101.0,298.8079136916932,14.38596491,244,266,41,0,225,264,95796,19,0,0,19,2
2020-06-29,US,New York,Suffolk,41339,1979,0,40.88320119,-72.8012172,36103.0,2799.605309762082,4.78724691,39360,41306,1978,0,39328,41253,1481093,33,1,0,32,53
2020-06-29,US,New York,Sullivan,1451,45,0,41.71579493,-74.76394559,36105.0,1923.5868066603039,3.101309442,1406,1451,45,0,1406,1451,75498,0,0,0,0,0
2020-06-29,US,New York,Tioga,144,24,0,42.16852837,-76.30835812,36107.0,298.7365931581022,16.66666667,120,142,24,0,118,142,48560,2,0,0,2,0
2020-06-29,US,New York,Tompkins,177,0,0,42.44945765,-76.47229843,36109.0,173.22372284204346,0.0,177,176,0,0,176,175,102793,1,0,0,1,1
2020-06-29,US,New York,Ulster,1796,85,0,41.89027881,-74.26252104,36111.0,1011.4150236804021,4.732739421000001,1711,1778,85,0,1693,1773,178599,18,0,0,18,5
2020-06-29,US,New York,Warren,263,30,0,43.56173026,-73.8433699,36113.0,411.2973852120605,11.40684411,233,263,30,0,233,263,64265,0,0,0,0,0
2020-06-29,US,New York,Washington,246,14,0,43.31153794,-73.43043448,36115.0,401.9345140840468,5.691056911,232,246,14,0,232,245,61197,0,0,0,0,1
2020-06-29,US,New York,Wayne,165,3,0,43.15494365,-77.02976528,36117.0,183.50052269845852,1.8181818180000002,162,162,3,0,159,161,90064,3,0,0,3,1
2020-06-29,US,New York,Westchester,34798,1424,0,41.16278376,-73.75741653,36119.0,3596.670201528467,4.0921892060000005,33374,34780,1419,0,33361,34748,967612,18,5,0,13,32
2020-06-29,US,New York,Wyoming,95,5,0,42.70145109,-78.22199579,36121.0,238.34014902531425,5.263157895,90,95,5,0,90,95,40085,0,0,0,0,0
2020-06-29,US,New York,Yates,46,6,0,42.63505484,-77.10369919,36123.0,184.6425560952113,13.04347826,40,45,6,0,39,45,24841,1,0,0,1,0
2020-06-29,US,North Carolina,Alamance,1114,37,0,36.0434701,-79.39976137,37001.0,657.1922434796973,3.321364452,1077,1088,37,0,1051,1066,166436,26,0,0,26,22
2020-06-29,US,North Carolina,Alexander,88,0,0,35.922379600000006,-81.17751948,37003.0,234.68544150198682,0.0,88,88,0,0,88,88,37353,0,0,0,0,0
2020-06-29,US,North Carolina,Alleghany,31,0,0,36.49360862,-81.12857041,37005.0,278.3514411421388,0.0,31,31,0,0,31,31,11161,0,0,0,0,0
2020-06-29,US,North Carolina,Anson,126,2,0,34.97403241,-80.09953279,37007.0,515.4217458888978,1.5873015869999998,124,125,2,0,123,121,24877,1,0,0,1,4
2020-06-29,US,North Carolina,Ashe,52,1,0,36.43296207,-81.49862729,37009.0,191.15538727346248,1.9230769230000002,51,52,1,0,51,52,27109,0,0,0,0,0
2020-06-29,US,North Carolina,Avery,11,0,0,36.07569796,-81.92308483,37011.0,62.65307284843653,0.0,11,11,0,0,11,11,17505,0,0,0,0,0
2020-06-29,US,North Carolina,Beaufort,80,0,0,35.48531943,-76.84325809,37013.0,170.23449802102397,0.0,80,77,0,0,77,74,47079,3,0,0,3,3
2020-06-29,US,North Carolina,Bertie,145,4,0,36.0688473,-76.96545943,37015.0,765.292658468359,2.75862069,141,141,4,0,137,141,19026,4,0,0,4,0
2020-06-29,US,North Carolina,Bladen,366,3,0,34.61296243,-78.56180059,37017.0,1118.5135382922804,0.8196721311,363,357,3,0,354,349,33190,9,0,0,9,8
2020-06-29,US,North Carolina,Brunswick,499,5,0,34.070565,-78.22814204,37019.0,349.3908416188209,1.002004008,494,479,4,0,475,459,136744,20,1,0,19,20
2020-06-29,US,North Carolina,Buncombe,574,37,0,35.61113393,-82.53305,37021.0,219.76254924557125,6.445993031,537,547,37,0,510,536,259103,27,0,0,27,11
2020-06-29,US,North Carolina,Burke,1022,20,0,35.74989637,-81.70755735,37023.0,1129.4689727579155,1.9569471619999999,1002,1016,20,0,996,1000,90382,6,0,0,6,16
2020-06-29,US,North Carolina,Cabarrus,1164,32,0,35.3877799,-80.55267168,37025.0,537.7610843924547,2.7491408930000003,1132,1064,31,0,1033,1021,211342,100,1,0,99,43
2020-06-29,US,North Carolina,Caldwell,411,4,0,35.95204977,-81.54799522,37027.0,500.13385577648523,0.9732360097,407,398,4,0,394,358,82029,13,0,0,13,40
2020-06-29,US,North Carolina,Camden,26,0,0,36.33804939,-76.15568396,37029.0,239.25646452562802,0.0,26,24,0,0,24,24,10710,2,0,0,2,0
2020-06-29,US,North Carolina,Carteret,84,3,0,34.8932941,-76.54120135,37031.0,120.91028169216818,3.571428571,81,77,3,0,74,77,69524,7,0,0,7,0
2020-06-29,US,North Carolina,Caswell,135,1,0,36.39312665,-79.33353281,37033.0,597.2394266501502,0.7407407407,134,135,1,0,134,134,22698,0,0,0,0,1
2020-06-29,US,North Carolina,Catawba,776,13,0,35.66211129,-81.2132617,37035.0,486.3648613922821,1.675257732,763,720,13,0,707,704,158652,56,0,0,56,16
2020-06-29,US,North Carolina,Chatham,947,42,0,35.70394416,-79.25541492,37037.0,1271.6530146367666,4.435058078,905,936,42,0,894,924,73139,11,0,0,11,12
2020-06-29,US,North Carolina,Cherokee,36,1,0,35.1349263,-84.05970864,37039.0,125.82133370613728,2.777777778,35,36,1,0,35,36,28383,0,0,0,0,0
2020-06-29,US,North Carolina,Chowan,24,0,0,36.12908077,-76.60118385,37041.0,172.1293839202467,0.0,24,24,0,0,24,22,14029,0,0,0,0,2
2020-06-29,US,North Carolina,Clay,12,0,0,35.05704275,-83.74353633,37043.0,106.84711957973468,0.0,12,12,0,0,12,12,11139,0,0,0,0,0
2020-06-29,US,North Carolina,Cleveland,283,4,0,35.33553364,-81.55204486,37045.0,288.9317692221304,1.4134275619999999,279,277,3,0,274,268,97645,6,1,0,5,9
2020-06-29,US,North Carolina,Columbus,517,37,0,34.26744084,-78.65801424,37047.0,931.3972760683143,7.156673114,480,513,37,0,476,502,55655,4,0,0,4,11
2020-06-29,US,North Carolina,Craven,365,6,0,35.11833364,-77.08398081,37049.0,357.35615191063164,1.6438356159999998,359,354,6,0,348,350,102912,11,0,0,11,4
2020-06-29,US,North Carolina,Cumberland,1157,41,0,35.04762133,-78.82623165,37051.0,344.8491694708637,3.543647364,1116,1142,41,0,1101,1121,332330,15,0,0,15,21
2020-06-29,US,North Carolina,Currituck,19,0,0,36.36123664,-75.95876401,37053.0,68.43640816914599,0.0,19,18,0,0,18,18,27072,1,0,0,1,0
2020-06-29,US,North Carolina,Dare,48,1,0,35.66520691,-75.71767334,37055.0,129.6981815234132,2.083333333,47,43,1,0,42,42,36501,5,0,0,5,1
2020-06-29,US,North Carolina,Davidson,936,15,0,35.79115496,-80.21256572,37057.0,558.4425657333437,1.6025641030000002,921,925,15,0,910,908,166614,11,0,0,11,17
2020-06-29,US,North Carolina,Davie,193,4,0,35.93099927,-80.54496571,37059.0,450.4504504504504,2.07253886,189,190,4,0,186,190,42733,3,0,0,3,0
2020-06-29,US,North Carolina,Duplin,1460,28,0,34.93449805,-77.93140529,37061.0,2485.4871384552525,1.917808219,1432,1438,28,0,1410,1422,58856,22,0,0,22,16
2020-06-29,US,North Carolina,Durham,3627,63,0,36.03638492,-78.87608331,37063.0,1128.1914099437615,1.736972705,3564,3571,63,0,3508,3532,316739,56,0,0,56,39
2020-06-29,US,North Carolina,Edgecombe,313,9,0,35.91230639,-77.59436892,37065.0,608.0976064656512,2.8753993610000004,304,309,9,0,300,302,52005,4,0,0,4,7
2020-06-29,US,North Carolina,Forsyth,2978,34,0,36.12859861,-80.25459052,37067.0,778.9795838292418,1.141705843,2944,2935,34,0,2901,2871,379099,43,0,0,43,64
2020-06-29,US,North Carolina,Franklin,338,21,0,36.081519,-78.28708884,37069.0,485.03982205639664,6.213017751000001,317,332,21,0,311,326,67560,6,0,0,6,6
2020-06-29,US,North Carolina,Gaston,1041,12,0,35.29373559,-81.17477045,37071.0,463.6372139010997,1.152737752,1029,1004,12,0,992,972,222846,37,0,0,37,32
2020-06-29,US,North Carolina,Gates,28,2,0,36.44667547,-76.69749701,37073.0,242.1726344923024,7.142857143,26,27,2,0,25,26,11573,1,0,0,1,1
2020-06-29,US,North Carolina,Graham,9,0,0,35.3506925,-83.83369267,37075.0,106.62243809975122,0.0,9,9,0,0,9,9,8484,0,0,0,0,0
2020-06-29,US,North Carolina,Granville,788,19,0,36.30337451,-78.65184241,37077.0,1303.7076253660473,2.411167513,769,786,19,0,767,786,60115,2,0,0,2,0
2020-06-29,US,North Carolina,Greene,174,2,0,35.48544173,-77.67578087,37079.0,825.8578954862593,1.1494252870000001,172,174,2,0,172,172,21012,0,0,0,0,2
2020-06-29,US,North Carolina,Guilford,2775,111,0,36.07959451,-79.78824948,37081.0,516.592389058294,4.0,2664,2743,111,0,2632,2690,533670,32,0,0,32,53
2020-06-29,US,North Carolina,Halifax,306,4,0,36.25669272,-77.6556109,37083.0,611.877624475105,1.307189542,302,298,4,0,294,297,50574,8,0,0,8,1
2020-06-29,US,North Carolina,Harnett,621,30,0,35.36731853,-78.87243571,37085.0,456.6982408660352,4.830917874,591,615,30,0,585,598,134214,6,0,0,6,17
2020-06-29,US,North Carolina,Haywood,89,0,0,35.55269063,-82.98196486,37087.0,142.81817160646372,0.0,89,89,0,0,89,86,61971,0,0,0,0,3
2020-06-29,US,North Carolina,Henderson,593,50,0,35.33788927,-82.4766782,37089.0,505.0376010288118,8.431703204,543,569,50,0,519,558,116748,24,0,0,24,11
2020-06-29,US,North Carolina,Hertford,161,10,0,36.3607755,-76.98104134,37091.0,679.9847953710351,6.211180124,151,160,10,0,150,160,23659,1,0,0,1,0
2020-06-29,US,North Carolina,Hoke,361,3,0,35.01888303,-79.23651674,37093.0,653.5829380454068,0.8310249306999999,358,357,3,0,354,352,54764,4,0,0,4,5
2020-06-29,US,North Carolina,Hyde,11,0,0,35.42017674,-76.15180542,37095.0,222.80737289852138,0.0,11,10,0,0,10,9,5230,1,0,0,1,1
2020-06-29,US,North Carolina,Iredell,748,9,0,35.80950511,-80.8743128,37097.0,411.42756564689836,1.2032085559999999,739,731,9,0,722,707,178435,17,0,0,17,24
2020-06-29,US,North Carolina,Jackson,105,1,0,35.28814273,-83.14093385,37099.0,238.97309845691657,0.9523809524,104,96,1,0,95,91,43327,9,0,0,9,5
2020-06-29,US,North Carolina,Johnston,1431,29,0,35.51745004,-78.36622717,37101.0,683.580221554512,2.026554857,1402,1393,29,0,1364,1346,202675,38,0,0,38,47
2020-06-29,US,North Carolina,Jones,35,3,0,35.02254606,-77.35870791,37103.0,371.5893406943412,8.571428571,32,35,3,0,32,32,9637,0,0,0,0,3
2020-06-29,US,North Carolina,Lee,821,8,0,35.47623147,-79.17569362,37105.0,1328.930542741061,0.9744214373000001,813,798,8,0,790,770,61452,23,0,0,23,28
2020-06-29,US,North Carolina,Lenoir,367,10,0,35.24032589999999,-77.64245615,37107.0,655.9545300184096,2.72479564,357,363,10,0,353,358,55976,4,0,0,4,5
2020-06-29,US,North Carolina,Lincoln,246,2,0,35.48508185,-81.21740317,37109.0,285.6777879713393,0.8130081301000001,244,240,2,0,238,232,83770,6,0,0,6,8
2020-06-29,US,North Carolina,Macon,280,3,0,35.14867843,-83.41696617,37113.0,780.8578280997267,1.071428571,277,277,3,0,274,266,35285,3,0,0,3,11
2020-06-29,US,North Carolina,Madison,13,0,0,35.85402722,-82.71346418,37115.0,59.756377844173755,0.0,13,12,0,0,12,11,21763,1,0,0,1,1
2020-06-29,US,North Carolina,Martin,128,4,0,35.84326734,-77.10860251,37117.0,570.409982174688,3.125,124,123,4,0,119,123,22671,5,0,0,5,0
2020-06-29,US,North Carolina,McDowell,226,2,0,35.67736232,-82.0482425,37111.0,493.9242940816505,0.8849557522,224,222,2,0,220,220,45507,4,0,0,4,2
2020-06-29,US,North Carolina,Mecklenburg,10863,146,0,35.24469268,-80.8317671,37119.0,978.3348763819893,1.344011783,10717,10592,146,0,10446,10287,1093901,271,0,0,271,305
2020-06-29,US,North Carolina,Mitchell,30,0,0,36.01059309,-82.1582442,37121.0,200.4811547714515,0.0,30,29,0,0,29,27,15000,1,0,0,1,2
2020-06-29,US,North Carolina,Montgomery,305,7,0,35.33155144,-79.90416657,37123.0,1122.4377139071871,2.295081967,298,298,7,0,291,298,27271,7,0,0,7,0
2020-06-29,US,North Carolina,Moore,450,14,0,35.30885257,-79.48474178,37125.0,446.07454401268836,3.111111111,436,439,14,0,425,421,98682,11,0,0,11,18
2020-06-29,US,North Carolina,Nash,461,4,0,35.96575634,-77.98422508,37127.0,488.8756919552907,0.8676789587999999,457,437,4,0,433,403,94016,24,0,0,24,34
2020-06-29,US,North Carolina,New Hanover,840,5,0,34.25758282,-77.87075626,37129.0,358.25020364818124,0.5952380952,835,810,5,0,805,805,232274,30,0,0,30,5
2020-06-29,US,North Carolina,Northampton,193,15,0,36.41736238,-77.39769443,37131.0,990.6071960170405,7.772020725,178,193,15,0,178,193,19676,0,0,0,0,0
2020-06-29,US,North Carolina,Onslow,270,3,0,34.72607366,-77.42908179,37133.0,136.40634946296316,1.111111111,267,261,3,0,258,261,197683,9,0,0,9,0
2020-06-29,US,North Carolina,Orange,651,41,0,36.06092947,-79.12167935,37135.0,438.4546997494545,6.298003072,610,635,41,0,594,616,146027,16,0,0,16,19
2020-06-29,US,North Carolina,Pamlico,19,0,0,35.15253315,-76.66559823,37137.0,149.3006443501493,0.0,19,19,0,0,19,18,12670,0,0,0,0,1
2020-06-29,US,North Carolina,Pasquotank,204,15,0,36.26723798,-76.25134778,37139.0,512.2539172358377,7.352941176,189,204,15,0,189,198,39639,0,0,0,0,6
2020-06-29,US,North Carolina,Pender,243,1,0,34.52265624,-77.90352133,37141.0,385.3472882968602,0.4115226337,242,235,1,0,234,222,62162,8,0,0,8,13
2020-06-29,US,North Carolina,Perquimans,36,2,0,36.17847453,-76.40603143,37143.0,267.3995394785709,5.555555556,34,36,2,0,34,36,13422,0,0,0,0,0
2020-06-29,US,North Carolina,Person,107,1,0,36.38989032,-78.97217358,37145.0,270.95467206887815,0.9345794393000001,106,104,1,0,103,103,39507,3,0,0,3,1
2020-06-29,US,North Carolina,Pitt,679,6,0,35.59535426,-77.37353178,37147.0,375.67361211007966,0.88365243,673,660,6,0,654,650,179914,19,0,0,19,10
2020-06-29,US,North Carolina,Polk,73,4,0,35.27820615,-82.16812354,37149.0,352.248600656244,5.479452055,69,72,4,0,68,68,20611,1,0,0,1,4
2020-06-29,US,North Carolina,Randolph,1155,29,0,35.71015088,-79.80570339,37151.0,803.9424502495352,2.5108225109999998,1126,1149,29,0,1120,1137,143351,6,0,0,6,12
2020-06-29,US,North Carolina,Richmond,276,5,0,35.00417719,-79.74491009,37153.0,615.6728903165363,1.811594203,271,273,5,0,268,257,44887,3,0,0,3,16
2020-06-29,US,North Carolina,Robeson,1240,39,0,34.64244496,-79.10250529999998,37155.0,949.2822966507176,3.14516129,1201,1240,39,0,1201,1240,131831,0,0,0,0,0
2020-06-29,US,North Carolina,Rockingham,229,2,0,36.39593137,-79.77504841,37157.0,251.62070102186573,0.8733624454000001,227,218,2,0,216,210,90690,11,0,0,11,8
2020-06-29,US,North Carolina,Rowan,1183,42,0,35.64003916,-80.52446628,37159.0,832.5826248522043,3.550295858,1141,1163,41,0,1122,1137,141262,20,1,0,19,26
2020-06-29,US,North Carolina,Rutherford,291,9,0,35.40114178,-81.92112099,37161.0,434.1404466723358,3.092783505,282,281,9,0,272,281,66826,10,0,0,10,0
2020-06-29,US,North Carolina,Sampson,1030,6,0,34.98820368,-78.36914061,37163.0,1621.2557649021735,0.5825242718,1024,1018,6,0,1012,986,63626,12,0,0,12,32
2020-06-29,US,North Carolina,Scotland,136,2,0,34.8386299,-79.4757978,37165.0,390.5464779025357,1.470588235,134,134,2,0,132,133,34810,2,0,0,2,1
2020-06-29,US,North Carolina,Stanly,373,5,0,35.31647813,-80.25093221,37167.0,593.8923032831258,1.3404825740000001,368,359,5,0,354,340,62075,14,0,0,14,19
2020-06-29,US,North Carolina,Stokes,125,1,0,36.4017975,-80.23893369,37169.0,274.1769208835077,0.8,124,125,1,0,124,124,45467,0,0,0,0,1
2020-06-29,US,North Carolina,Surry,464,2,0,36.41689489,-80.69102283,37171.0,646.392599919201,0.4310344828,462,451,2,0,449,444,71948,13,0,0,13,7
2020-06-29,US,North Carolina,Swain,52,0,0,35.48665845,-83.48748932,37173.0,364.3753065657628,0.0,52,51,0,0,51,51,14245,1,0,0,1,0
2020-06-29,US,North Carolina,Transylvania,22,1,0,35.20383864,-82.79638423,37175.0,63.981387232805005,4.545454545,21,21,1,0,20,20,34215,1,0,0,1,1
2020-06-29,US,North Carolina,Tyrrell,9,0,0,35.87147226,-76.17055253,37177.0,224.10358565737053,0.0,9,8,0,0,8,8,4131,1,0,0,1,0
2020-06-29,US,North Carolina,Union,1173,24,0,34.98960527,-80.52955873,37179.0,489.0373094192838,2.046035806,1149,1151,24,0,1127,1123,235908,22,0,0,22,28
2020-06-29,US,North Carolina,Vance,501,36,0,36.36880673,-78.40670845,37181.0,1124.95789828225,7.185628743,465,499,36,0,463,492,44582,2,0,0,2,7
2020-06-29,US,North Carolina,Wake,5009,47,0,35.78879266,-78.65249174,37183.0,450.5464753665581,0.9383110401000001,4962,4816,46,0,4770,4675,1092305,193,1,0,192,141
2020-06-29,US,North Carolina,Warren,159,5,0,36.39728256,-78.10652228,37185.0,805.8385282043484,3.1446540880000002,154,159,5,0,154,157,19807,0,0,0,0,2
2020-06-29,US,North Carolina,Washington,38,3,0,35.83810081,-76.57299037,37187.0,328.15198618307426,7.894736842,35,38,3,0,35,38,11859,0,0,0,0,0
2020-06-29,US,North Carolina,Watauga,67,0,0,36.23103603,-81.70033724,37189.0,119.26589173505172,0.0,67,65,0,0,65,58,55945,2,0,0,2,7
2020-06-29,US,North Carolina,Wayne,1795,25,0,35.36438125,-78.00027268,37191.0,1457.7969804517138,1.39275766,1770,1767,25,0,1742,1740,123248,28,0,0,28,27
2020-06-29,US,North Carolina,Wilkes,576,6,0,36.2084135,-81.16232895,37193.0,841.9575513067882,1.041666667,570,570,6,0,564,567,68557,6,0,0,6,3
2020-06-29,US,North Carolina,Wilson,721,18,0,35.70625477,-77.917978,37195.0,881.4073177589515,2.496532594,703,686,18,0,668,675,81455,35,0,0,35,11
2020-06-29,US,North Carolina,Yadkin,330,4,0,36.16222629,-80.66239436,37197.0,876.0984416067114,1.212121212,326,322,4,0,318,306,37543,8,0,0,8,16
2020-06-29,US,North Carolina,Yancey,44,0,0,35.90079156,-82.31237181,37199.0,243.5109856660579,0.0,44,44,0,0,44,44,17903,0,0,0,0,0
2020-06-29,US,North Dakota,Barnes,19,0,0,46.93579637,-98.06605978,38003.0,182.4291886701872,0.0,19,19,0,0,19,19,10542,0,0,0,0,0
2020-06-29,US,North Dakota,Benson,3,0,0,48.0683985,-99.35916363,38005.0,43.911007025761116,0.0,3,3,0,0,3,3,6962,0,0,0,0,0
2020-06-29,US,North Dakota,Billings,1,0,0,47.02366884,-103.3762965,38007.0,107.75862068965515,0.0,1,1,0,0,1,1,919,0,0,0,0,0
2020-06-29,US,North Dakota,Bottineau,5,0,0,48.79106111,-100.8378166,38009.0,79.59248646927729,0.0,5,5,0,0,5,5,6411,0,0,0,0,0
2020-06-29,US,North Dakota,Bowman,1,0,0,46.11285362,-103.5203343,38011.0,33.06878306878307,0.0,1,1,0,0,1,1,3076,0,0,0,0,0
2020-06-29,US,North Dakota,Burke,5,0,0,48.79094471,-102.5182117,38013.0,236.40661938534282,0.0,5,5,0,0,5,5,2100,0,0,0,0,0
2020-06-29,US,North Dakota,Burleigh,249,0,0,46.97847375,-100.4645214,38015.0,260.38943383598604,0.0,249,241,0,0,241,234,95273,8,0,0,8,7
2020-06-29,US,North Dakota,Cass,2233,66,0,46.93201724,-97.2444719,38017.0,1227.4423794682366,2.955665025,2167,2208,66,0,2142,2193,181516,25,0,0,25,15
2020-06-29,US,North Dakota,Cavalier,2,0,0,48.77286211,-98.46685243,38019.0,53.163211057947905,0.0,2,2,0,0,2,2,3829,0,0,0,0,0
2020-06-29,US,North Dakota,Dickey,4,0,0,46.11017712,-98.5049008,38021.0,82.10180623973726,0.0,4,4,0,0,4,4,4903,0,0,0,0,0
2020-06-29,US,North Dakota,Divide,1,0,0,48.814938700000006,-103.4873611,38023.0,44.16961130742049,0.0,1,1,0,0,1,1,2283,0,0,0,0,0
2020-06-29,US,North Dakota,Dunn,13,0,0,47.35423935,-102.6160468,38025.0,293.8517179023508,0.0,13,13,0,0,13,13,4332,0,0,0,0,0
2020-06-29,US,North Dakota,Eddy,5,0,0,47.71701474,-98.90432337,38027.0,218.62702229995628,0.0,5,5,0,0,5,5,2313,0,0,0,0,0
2020-06-29,US,North Dakota,Emmons,4,1,0,46.28398398,-100.2389766,38029.0,123.41869793273679,25.0,3,4,1,0,3,4,3295,0,0,0,0,0
2020-06-29,US,North Dakota,Foster,2,0,0,47.4571084,-98.88279923,38031.0,62.30529595015578,0.0,2,2,0,0,2,2,3216,0,0,0,0,0
2020-06-29,US,North Dakota,Grand Forks,385,4,0,47.92093639,-97.45450447,38035.0,554.3476695799917,1.0389610390000001,381,384,4,0,380,379,70770,1,0,0,1,5
2020-06-29,US,North Dakota,Grant,3,0,0,46.35821257,-101.6390013,38037.0,131.9261213720317,0.0,3,3,0,0,3,2,2374,0,0,0,0,1
2020-06-29,US,North Dakota,Griggs,2,0,0,47.45785838,-98.23850925,38039.0,89.64589870013447,0.0,2,2,0,0,2,2,2232,0,0,0,0,0
2020-06-29,US,North Dakota,Hettinger,1,0,0,46.43375068,-102.4632417,38041.0,40.01600640256103,0.0,1,1,0,0,1,1,2514,0,0,0,0,0
2020-06-29,US,North Dakota,Kidder,2,0,0,46.97830064,-99.77507857,38043.0,80.64516129032258,0.0,2,2,0,0,2,2,2450,0,0,0,0,0
2020-06-29,US,North Dakota,LaMoure,13,0,0,46.45681054,-98.53542355,38045.0,321.3049925852694,0.0,13,13,0,0,13,13,4062,0,0,0,0,0
2020-06-29,US,North Dakota,McHenry,3,1,0,48.23104458,-100.6324822,38049.0,52.219321148825074,33.33333333,2,3,1,0,2,3,5816,0,0,0,0,0
2020-06-29,US,North Dakota,McIntosh,2,0,0,46.11182017,-99.44145858,38051.0,80.0961153384061,0.0,2,2,0,0,2,1,2585,0,0,0,0,1
2020-06-29,US,North Dakota,McKenzie,27,0,0,47.74133370000001,-103.395905,38053.0,179.71246006389774,0.0,27,27,0,0,27,27,13632,0,0,0,0,0
2020-06-29,US,North Dakota,McLean,11,0,0,47.60766714,-101.3182418,38055.0,116.40211640211642,0.0,11,11,0,0,11,11,9541,0,0,0,0,0
2020-06-29,US,North Dakota,Mercer,6,0,0,47.31213126,-101.8318399,38057.0,73.28691828508613,0.0,6,6,0,0,6,6,8267,0,0,0,0,0
2020-06-29,US,North Dakota,Morton,81,2,0,46.71681782,-101.2822377,38059.0,258.2578752710114,2.469135802,79,78,2,0,76,78,31095,3,0,0,3,0
2020-06-29,US,North Dakota,Mountrail,47,0,0,48.20197971,-102.3555315,38061.0,445.7088667614983,0.0,47,45,0,0,45,44,10218,2,0,0,2,1
2020-06-29,US,North Dakota,Nelson,1,0,0,47.9226426,-98.19038437,38063.0,34.734282737061484,0.0,1,1,0,0,1,1,2869,0,0,0,0,0
2020-06-29,US,North Dakota,Oliver,2,0,0,47.11530482,-101.3406158,38065.0,102.09290454313421,0.0,2,1,0,0,1,1,1952,1,0,0,1,0
2020-06-29,US,North Dakota,Pembina,9,0,0,48.76623521,-97.5523809,38067.0,132.33348037053378,0.0,9,9,0,0,9,9,6947,0,0,0,0,0
2020-06-29,US,North Dakota,Pierce,4,0,0,48.24977025,-99.96407787,38069.0,100.62893081761007,0.0,4,4,0,0,4,4,4081,0,0,0,0,0
2020-06-29,US,North Dakota,Ramsey,10,1,0,48.26886249,-98.72223879,38071.0,86.81309141418525,10.0,9,10,1,0,9,10,11481,0,0,0,0,0
2020-06-29,US,North Dakota,Ransom,17,0,0,46.45621782,-97.65742504,38073.0,325.7953238788808,0.0,17,17,0,0,17,17,5237,0,0,0,0,0
2020-06-29,US,North Dakota,Renville,5,0,0,48.71982533,-101.6603912,38075.0,214.86892995272885,0.0,5,5,0,0,5,5,2374,0,0,0,0,0
2020-06-29,US,North Dakota,Richland,41,0,0,46.26440649,-96.94852979,38077.0,253.4462508499722,0.0,41,41,0,0,41,41,16239,0,0,0,0,0
2020-06-29,US,North Dakota,Rolette,10,0,0,48.77245354,-99.84097493,38079.0,70.54176072234762,0.0,10,10,0,0,10,10,14301,0,0,0,0,0
2020-06-29,US,North Dakota,Sargent,6,0,0,46.10830372,-97.63217159,38081.0,153.9250897896357,0.0,6,6,0,0,6,6,3870,0,0,0,0,0
2020-06-29,US,North Dakota,Sheridan,1,0,0,47.57700669,-100.3426391,38083.0,76.04562737642586,0.0,1,1,0,0,1,1,1349,0,0,0,0,0
2020-06-29,US,North Dakota,Sioux,24,0,0,46.11323337,-101.0440149,38085.0,567.3758865248228,0.0,24,21,0,0,21,21,4358,3,0,0,3,0
2020-06-29,US,North Dakota,Slope,3,0,0,46.44737738,-103.4601547,38087.0,400.0,0.0,3,3,0,0,3,3,763,0,0,0,0,0
2020-06-29,US,North Dakota,Stark,73,2,0,46.80851182,-102.6576326,38089.0,231.82698720188003,2.7397260269999997,71,73,2,0,71,71,30997,0,0,0,0,2
2020-06-29,US,North Dakota,Steele,1,0,0,47.45611548,-97.72728747,38091.0,52.91005291005291,0.0,1,1,0,0,1,1,1903,0,0,0,0,0
2020-06-29,US,North Dakota,Stutsman,63,1,0,46.97962541,-98.95637318,38093.0,304.28902627511593,1.5873015869999998,62,63,1,0,62,63,20917,0,0,0,0,0
2020-06-29,US,North Dakota,Traill,17,0,0,47.45367788,-97.16323288,38097.0,211.54803384768545,0.0,17,17,0,0,17,16,8037,0,0,0,0,1
2020-06-29,US,North Dakota,Walsh,22,0,0,48.36876964,-97.72574783,38099.0,206.74748613852088,0.0,22,22,0,0,22,21,10667,0,0,0,0,1
2020-06-29,US,North Dakota,Ward,60,1,0,48.22390169,-101.5436763,38101.0,88.70359693085554,1.6666666669999999,59,59,1,0,58,59,67744,1,0,0,1,0
2020-06-29,US,North Dakota,Wells,8,0,0,47.58614526,-99.65904998,38103.0,208.65936358894103,0.0,8,8,0,0,8,8,3957,0,0,0,0,0
2020-06-29,US,North Dakota,Williams,32,0,0,48.34522353,-103.4793387,38105.0,85.131288408843,0.0,32,32,0,0,32,29,35350,0,0,0,0,3
2020-06-29,US,Ohio,Adams,21,1,0,38.84541072,-83.4718964,39001.0,75.81774857390425,4.7619047619999995,20,20,1,0,19,20,27724,1,0,0,1,0
2020-06-29,US,Ohio,Allen,284,38,0,40.77285242,-84.10802343,39003.0,277.47652685367024,13.38028169,246,269,38,0,231,265,102663,15,0,0,15,4
2020-06-29,US,Ohio,Ashland,51,1,0,40.84772277,-82.27280781,39005.0,95.35562037244786,1.960784314,50,46,1,0,45,45,53745,5,0,0,5,1
2020-06-29,US,Ohio,Ashtabula,419,43,0,41.70860332,-80.74830218,39007.0,430.8882055922914,10.26252983,376,415,43,0,372,412,97493,4,0,0,4,3
2020-06-29,US,Ohio,Athens,32,1,0,39.33425634,-82.04278644,39009.0,48.984340318704355,3.125,31,30,1,0,29,30,65818,2,0,0,2,0
2020-06-29,US,Ohio,Auglaize,98,3,0,40.55998859,-84.22421429999999,39011.0,214.6486770632557,3.06122449,95,98,3,0,95,96,45804,0,0,0,0,2
2020-06-29,US,Ohio,Belmont,524,21,0,40.01625942,-80.9924051,39013.0,782.0195206399428,4.007633588,503,523,21,0,502,521,67505,1,0,0,1,2
2020-06-29,US,Ohio,Brown,53,1,0,38.93416837,-83.86788395,39015.0,122.02983974949345,1.8867924530000002,52,53,1,0,52,52,43602,0,0,0,0,1
2020-06-29,US,Ohio,Butler,1388,44,0,39.44012838,-84.57388716,39017.0,362.27533969838237,3.170028818,1344,1371,44,0,1327,1350,382378,17,0,0,17,21
2020-06-29,US,Ohio,Carroll,50,3,0,40.578968599999996,-81.09178213,39019.0,185.7769190755741,6.0,47,48,3,0,45,47,27081,2,0,0,2,1
2020-06-29,US,Ohio,Champaign,37,1,0,40.13923427,-83.76875242,39021.0,95.15237238009516,2.702702703,36,37,1,0,36,37,38754,0,0,0,0,0
2020-06-29,US,Ohio,Clark,728,8,0,39.91592258,-83.78498252,39023.0,542.9472789242484,1.098901099,720,727,8,0,719,722,134585,1,0,0,1,5
2020-06-29,US,Ohio,Clermont,336,6,0,39.04847534,-84.15375786,39025.0,162.76861666053054,1.785714286,330,327,6,0,321,319,205466,9,0,0,9,8
2020-06-29,US,Ohio,Clinton,60,0,0,39.41485808,-83.80852286,39027.0,142.966069386199,0.0,60,60,0,0,60,56,42057,0,0,0,0,4
2020-06-29,US,Ohio,Columbiana,1202,59,0,40.76932373,-80.78094576,39029.0,1179.7846549473416,4.908485857,1143,1197,59,0,1138,1093,102665,5,0,0,5,104
2020-06-29,US,Ohio,Coshocton,75,1,0,40.30096166,-81.91729018,39031.0,204.91803278688525,1.333333333,74,70,0,0,70,67,36629,5,1,0,4,3
2020-06-29,US,Ohio,Crawford,132,6,0,40.85065156,-82.91989099,39033.0,318.11828216127634,4.545454545,126,130,6,0,124,129,41550,2,0,0,2,1
2020-06-29,US,Ohio,Cuyahoga,6694,352,0,41.424119,-81.65918339,39035.0,541.9926935433723,5.258440394,6342,6571,351,0,6220,6429,1243857,123,1,0,122,142
2020-06-29,US,Ohio,Darke,233,25,0,40.13412966,-84.6194517,39037.0,455.8527184864908,10.72961373,208,233,25,0,208,233,51323,0,0,0,0,0
2020-06-29,US,Ohio,Defiance,45,3,0,41.32398837,-84.49076944,39039.0,118.1505500564497,6.666666667,42,45,3,0,42,44,38165,0,0,0,0,1
2020-06-29,US,Ohio,Delaware,482,15,0,40.27942393,-83.00457058,39041.0,230.4268633740803,3.112033195,467,471,15,0,456,461,204826,11,0,0,11,10
2020-06-29,US,Ohio,Erie,226,22,0,41.36796058,-82.62904521,39043.0,304.31152882880457,9.734513274,204,225,22,0,203,225,74615,1,0,0,1,0
2020-06-29,US,Ohio,Fairfield,476,15,0,39.75107189,-82.63088163,39045.0,302.080292434031,3.1512605039999997,461,470,15,0,455,458,155782,6,0,0,6,12
2020-06-29,US,Ohio,Fayette,46,0,0,39.56021306,-83.4562016,39047.0,161.26205083260297,0.0,46,45,0,0,45,45,28666,1,0,0,1,0
2020-06-29,US,Ohio,Franklin,8982,395,0,39.96995815,-83.01115755,39049.0,682.1309339011934,4.397684257,8587,8840,393,0,8447,8694,1310300,142,2,0,140,146
2020-06-29,US,Ohio,Fulton,57,0,0,41.60213491,-84.12571393,39051.0,135.30836063238854,0.0,57,57,0,0,57,56,42276,0,0,0,0,1
2020-06-29,US,Ohio,Gallia,11,1,0,38.82708533,-82.31647569,39053.0,36.79175864606328,9.090909091,10,10,1,0,9,10,29979,1,0,0,1,0
2020-06-29,US,Ohio,Geauga,383,41,0,41.49952319,-81.17935342,39055.0,408.9739345855268,10.70496084,342,382,41,0,341,379,94031,1,0,0,1,3
2020-06-29,US,Ohio,Greene,201,9,0,39.69116283,-83.89032084,39057.0,118.97926445953225,4.47761194,192,194,9,0,185,193,167995,7,0,0,7,1
2020-06-29,US,Ohio,Guernsey,59,3,0,40.05026529,-81.49248905,39059.0,151.76848874598068,5.084745763,56,58,3,0,55,51,39022,1,0,0,1,7
2020-06-29,US,Ohio,Hamilton,4922,191,0,39.19673558,-84.54502924,39061.0,602.0993965549933,3.880536367,4731,4794,191,0,4603,4661,816684,128,0,0,128,133
2020-06-29,US,Ohio,Hancock,72,1,0,41.00250487,-83.66838948,39063.0,95.0081152765132,1.388888889,71,69,1,0,68,71,75930,3,0,0,3,-2
2020-06-29,US,Ohio,Hardin,111,12,0,40.66015414,-83.65929931,39065.0,353.89765662362504,10.81081081,99,111,12,0,99,111,31480,0,0,0,0,0
2020-06-29,US,Ohio,Harrison,12,1,0,40.29380509,-81.09068544,39067.0,79.78723404255321,8.333333332999999,11,12,1,0,11,12,15174,0,0,0,0,0
2020-06-29,US,Ohio,Henry,28,0,0,41.333964200000004,-84.06830637,39069.0,103.68066355624676,0.0,28,27,0,0,27,26,27086,1,0,0,1,1
2020-06-29,US,Ohio,Highland,42,1,0,39.1839264,-83.60331456,39071.0,97.3100715924098,2.3809523809999997,41,43,1,0,42,43,43058,-1,0,0,-1,0
2020-06-29,US,Ohio,Hocking,76,7,0,39.49537927,-82.47991446,39073.0,268.893291819983,9.210526316000001,69,76,7,0,69,76,28385,0,0,0,0,0
2020-06-29,US,Ohio,Holmes,197,3,0,40.56163713,-81.92635677,39075.0,448.1346678798908,1.52284264,194,190,3,0,187,184,43892,7,0,0,7,6
2020-06-29,US,Ohio,Huron,165,1,0,41.14651175,-82.59867951,39077.0,283.1840181237772,0.6060606061,164,159,1,0,158,153,58504,6,0,0,6,6
2020-06-29,US,Ohio,Jackson,17,0,0,39.01914254,-82.61818559999998,39079.0,52.4480918150125,0.0,17,17,0,0,17,17,32384,0,0,0,0,0
2020-06-29,US,Ohio,Jefferson,76,2,0,40.38614126,-80.76259514,39081.0,116.34137007271336,2.631578947,74,76,2,0,74,76,65767,0,0,0,0,0
2020-06-29,US,Ohio,Knox,38,1,0,40.39830217,-82.42027563,39083.0,60.973652963640454,2.631578947,37,38,1,0,37,38,61893,0,0,0,0,0
2020-06-29,US,Ohio,Lake,422,17,0,41.69710807,-81.23676539,39085.0,183.3594758178397,4.028436019,405,415,17,0,398,405,230514,7,0,0,7,10
2020-06-29,US,Ohio,Lawrence,60,0,0,38.59743452,-82.53466552,39087.0,100.90308258917307,0.0,60,59,0,0,59,57,59866,1,0,0,1,2
2020-06-29,US,Ohio,Licking,396,11,0,40.09136236,-82.48185785,39089.0,223.9033822980629,2.777777778,385,381,11,0,370,371,175769,15,0,0,15,10
2020-06-29,US,Ohio,Logan,56,0,0,40.38996525,-83.76784341,39091.0,122.61341741110529,0.0,56,56,0,0,56,54,45358,0,0,0,0,2
2020-06-29,US,Ohio,Lorain,937,67,0,41.29553751,-82.15083537,39093.0,302.42098162558534,7.150480256,870,925,67,0,858,912,309461,12,0,0,12,13
2020-06-29,US,Ohio,Lucas,2584,299,0,41.62101218,-83.65468618,39095.0,603.2478265335661,11.57120743,2285,2567,299,0,2268,2549,429899,17,0,0,17,18
2020-06-29,US,Ohio,Madison,185,8,0,39.89381073,-83.40178317,39097.0,413.5834208937873,4.324324324,177,184,8,0,176,182,44413,1,0,0,1,2
2020-06-29,US,Ohio,Mahoning,1736,228,0,41.01631101,-80.77287029,39099.0,759.1294499372494,13.13364055,1508,1720,228,0,1492,1705,229642,16,0,0,16,15
2020-06-29,US,Ohio,Marion,2724,37,0,40.58610662,-83.15736305,39101.0,4184.781773769837,1.3582966230000002,2687,2721,37,0,2684,2719,65256,3,0,0,3,2
2020-06-29,US,Ohio,Medina,469,31,0,41.11770589,-81.89986209999998,39103.0,260.92374795544816,6.609808102000001,438,464,31,0,433,460,179146,5,0,0,5,4
2020-06-29,US,Ohio,Meigs,11,0,0,39.09224872,-82.0305041,39105.0,48.02025581699917,0.0,11,11,0,0,11,11,23106,0,0,0,0,0
2020-06-29,US,Ohio,Mercer,266,8,0,40.54043046,-84.62912742,39107.0,646.0701447585737,3.007518797,258,266,8,0,258,265,40959,0,0,0,0,1
2020-06-29,US,Ohio,Miami,431,31,0,40.0543329,-84.22871271,39109.0,402.8526830362568,7.1925754060000004,400,425,30,0,395,421,106222,6,1,0,5,4
2020-06-29,US,Ohio,Monroe,85,17,0,39.72984936,-81.08464734,39111.0,622.5281968653875,20.0,68,85,17,0,68,85,13790,0,0,0,0,0
2020-06-29,US,Ohio,Montgomery,1646,23,0,39.75394919,-84.29050975,39113.0,309.58063672799966,1.397326853,1623,1603,22,0,1581,1553,532331,43,1,0,42,50
2020-06-29,US,Ohio,Morgan,7,0,0,39.62081738,-81.85308173,39115.0,48.2492417976289,0.0,7,7,0,0,7,7,14604,0,0,0,0,0
2020-06-29,US,Ohio,Morrow,114,1,0,40.52363560000001,-82.7892599,39117.0,322.6902173913044,0.8771929825,113,113,1,0,112,113,35112,1,0,0,1,0
2020-06-29,US,Ohio,Muskingum,73,1,0,39.96575964,-81.94363275,39119.0,84.67204082816215,1.369863014,72,74,1,0,73,73,86183,-1,0,0,-1,1
2020-06-29,US,Ohio,Noble,9,0,0,39.76818851,-81.45937183,39121.0,62.396006655574034,0.0,9,9,0,0,9,8,14354,0,0,0,0,1
2020-06-29,US,Ohio,Ottawa,127,23,0,41.53781826,-83.0940185,39123.0,313.38679827267123,18.11023622,104,127,23,0,104,127,40769,0,0,0,0,0
2020-06-29,US,Ohio,Paulding,22,0,0,41.11676341,-84.5801017,39125.0,117.82347900599831,0.0,22,22,0,0,22,22,18760,0,0,0,0,0
2020-06-29,US,Ohio,Perry,28,1,0,39.73508655,-82.23804971,39127.0,77.48934521503294,3.571428571,27,26,1,0,25,26,36033,2,0,0,2,0
2020-06-29,US,Ohio,Pickaway,2169,41,0,39.64170392,-83.0243386,39129.0,3710.41962468139,1.890272015,2128,2164,41,0,2123,2162,58086,5,0,0,5,2
2020-06-29,US,Ohio,Pike,20,0,0,39.07634001,-83.06769584,39131.0,72.01497911565606,0.0,20,20,0,0,20,20,28067,0,0,0,0,0
2020-06-29,US,Ohio,Portage,409,58,0,41.16793482,-81.19735782,39133.0,251.74498048822517,14.1809291,351,407,58,0,349,400,162927,2,0,0,2,7
2020-06-29,US,Ohio,Preble,60,1,0,39.7420247,-84.64787018,39135.0,146.76385695416076,1.6666666669999999,59,59,1,0,58,57,40997,1,0,0,1,2
2020-06-29,US,Ohio,Putnam,113,15,0,41.02094889,-84.1336111,39137.0,333.717255840052,13.27433628,98,112,15,0,97,110,33780,1,0,0,1,2
2020-06-29,US,Ohio,Richland,312,4,0,40.77180308,-82.53799609999999,39139.0,257.52348250986347,1.282051282,308,310,4,0,306,306,121099,2,0,0,2,4
2020-06-29,US,Ohio,Ross,105,2,0,39.33705391,-83.06000914,39141.0,136.9577126757624,1.904761905,103,100,2,0,98,97,76931,5,0,0,5,3
2020-06-29,US,Ohio,Sandusky,120,13,0,41.35624126,-83.137872,39143.0,205.06510817184457,10.83333333,107,115,13,0,102,114,58799,5,0,0,5,1
2020-06-29,US,Ohio,Scioto,34,0,0,38.80270163,-82.98907345,39145.0,45.14432907560346,0.0,34,34,0,0,34,33,75502,0,0,0,0,1
2020-06-29,US,Ohio,Seneca,32,2,0,41.12351311,-83.12783209,39147.0,57.99412809453043,6.25,30,31,2,0,29,31,55207,1,0,0,1,0
2020-06-29,US,Ohio,Shelby,58,4,0,40.33163494,-84.20258189,39149.0,119.36612471701996,6.896551724,54,56,4,0,52,55,48627,2,0,0,2,1
2020-06-29,US,Ohio,Stark,1026,111,0,40.81482476,-81.36437305,39151.0,276.843871928679,10.81871345,915,1016,111,0,905,1008,371574,10,0,0,10,8
2020-06-29,US,Ohio,Summit,1920,204,0,41.12464734,-81.53123079,39153.0,354.88980856282564,10.625,1716,1896,202,0,1694,1884,541918,24,2,0,22,12
2020-06-29,US,Ohio,Trumbull,824,61,0,41.31735028,-80.76109643,39155.0,416.21627082344145,7.4029126210000005,763,809,58,0,751,800,198627,15,3,0,12,9
2020-06-29,US,Ohio,Tuscarawas,498,10,0,40.44214695,-81.47226262,39157.0,541.3808472936394,2.008032129,488,486,10,0,476,475,92176,12,0,0,12,11
2020-06-29,US,Ohio,Union,77,1,0,40.30016061,-83.37239023,39159.0,130.53502407269275,1.298701299,76,77,1,0,76,76,57835,0,0,0,0,1
2020-06-29,US,Ohio,Van Wert,23,0,0,40.8554138,-84.59111700000003,39161.0,81.34394341290894,0.0,23,21,0,0,21,21,28281,2,0,0,2,0
2020-06-29,US,Ohio,Vinton,22,2,0,39.25208988,-82.4831444,39163.0,168.13144822315633,9.090909091,20,22,2,0,20,22,13139,0,0,0,0,0
2020-06-29,US,Ohio,Warren,731,20,0,39.42581994,-84.16557457,39165.0,311.59154653413015,2.7359781119999997,711,725,20,0,705,708,232173,6,0,0,6,17
2020-06-29,US,Ohio,Washington,124,20,0,39.45690571,-81.49121382,39167.0,206.97367762180568,16.12903226,104,122,20,0,102,122,60155,2,0,0,2,0
2020-06-29,US,Ohio,Wayne,352,52,0,40.82925852,-81.88844833,39169.0,304.2087978567108,14.77272727,300,350,52,0,298,348,115967,2,0,0,2,2
2020-06-29,US,Ohio,Williams,63,1,0,41.56052014,-84.58429552,39171.0,171.69955303608415,1.5873015869999998,62,63,1,0,62,63,36804,0,0,0,0,0
2020-06-29,US,Ohio,Wood,368,51,0,41.36224827,-83.62285108,39173.0,281.30900418141374,13.85869565,317,363,51,0,312,354,130696,5,0,0,5,9
2020-06-29,US,Ohio,Wyandot,57,4,0,40.84339621,-83.30734173,39175.0,261.8041521219916,7.01754386,53,57,4,0,53,57,21935,0,0,0,0,0
2020-06-29,US,Oklahoma,Adair,114,4,0,35.88494195,-94.65859267,40001.0,513.6523384698568,3.50877193,110,112,4,0,108,111,22082,2,0,0,2,1
2020-06-29,US,Oklahoma,Alfalfa,1,0,0,36.73090616,-98.32408495,40003.0,17.5377060680463,0.0,1,1,0,0,1,1,5754,0,0,0,0,0
2020-06-29,US,Oklahoma,Atoka,19,0,0,34.37366573,-96.03802487,40005.0,138.1014682366623,0.0,19,19,0,0,19,18,13838,0,0,0,0,1
2020-06-29,US,Oklahoma,Beaver,30,0,0,36.7496847,-100.4758872,40007.0,564.865373752589,0.0,30,30,0,0,30,30,5319,0,0,0,0,0
2020-06-29,US,Oklahoma,Beckham,11,0,0,35.26862449,-99.68128023,40009.0,50.32252161581042,0.0,11,12,0,0,12,12,21709,-1,0,0,-1,0
2020-06-29,US,Oklahoma,Blaine,14,0,0,35.87518314,-98.43307003,40011.0,148.47809948032662,0.0,14,15,0,0,15,15,9485,-1,0,0,-1,0
2020-06-29,US,Oklahoma,Bryan,86,1,0,33.96472458,-96.25903472,40013.0,179.18533180539643,1.162790698,85,85,1,0,84,85,47192,1,0,0,1,0
2020-06-29,US,Oklahoma,Caddo,185,11,0,35.17364557,-98.37534464,40015.0,643.2097906960573,5.945945946,174,184,11,0,173,184,28977,1,0,0,1,0
2020-06-29,US,Oklahoma,Canadian,266,3,0,35.5426055,-97.98465569,40017.0,179.3588930994026,1.127819549,263,258,3,0,255,249,144447,8,0,0,8,9
2020-06-29,US,Oklahoma,Carter,82,1,0,34.25103751,-97.28552485,40019.0,170.4391927002141,1.219512195,81,82,1,0,81,82,48177,0,0,0,0,0
2020-06-29,US,Oklahoma,Cherokee,74,1,0,35.90692775,-94.99980896,40021.0,152.08500318556426,1.351351351,73,74,1,0,73,74,48675,0,0,0,0,0
2020-06-29,US,Oklahoma,Choctaw,110,1,0,34.02807439,-95.54771129,40023.0,749.7273718647765,0.9090909091,109,110,1,0,109,110,14668,0,0,0,0,0
2020-06-29,US,Oklahoma,Cimarron,1,0,0,36.74817177,-102.5173885,40025.0,46.79457182966776,0.0,1,1,0,0,1,1,2153,0,0,0,0,0
2020-06-29,US,Oklahoma,Cleveland,873,40,0,35.20413532,-97.32519562,40027.0,307.3792137007331,4.581901489,833,852,40,0,812,795,281669,21,0,0,21,57
2020-06-29,US,Oklahoma,Coal,8,0,0,34.58840127,-96.29798747,40029.0,145.5868971792539,0.0,8,8,0,0,8,7,5520,0,0,0,0,1
2020-06-29,US,Oklahoma,Comanche,399,5,0,34.65973764,-98.47195055,40031.0,330.4375191512973,1.253132832,394,392,5,0,387,391,120422,7,0,0,7,1
2020-06-29,US,Oklahoma,Cotton,6,2,0,34.28845626,-98.37053567,40033.0,105.89481115425345,33.33333333,4,6,2,0,4,6,5776,0,0,0,0,0
2020-06-29,US,Oklahoma,Craig,19,0,0,36.76268118,-95.20916602,40035.0,134.35157686324422,0.0,19,19,0,0,19,19,14306,0,0,0,0,0
2020-06-29,US,Oklahoma,Creek,140,7,0,35.90230551,-96.37086028,40037.0,195.74396689130612,5.0,133,140,7,0,133,139,71604,0,0,0,0,1
2020-06-29,US,Oklahoma,Custer,55,0,0,35.63853802,-99.00170785,40039.0,189.63555494259214,0.0,55,55,0,0,55,54,29036,0,0,0,0,1
2020-06-29,US,Oklahoma,Delaware,136,16,0,36.40823634,-94.80325046,40041.0,316.21288567509134,11.76470588,120,132,16,0,116,127,42733,4,0,0,4,5
2020-06-29,US,Oklahoma,Dewey,5,0,0,35.98772922,-99.00730714,40043.0,102.22858311183808,0.0,5,5,0,0,5,5,4894,0,0,0,0,0
2020-06-29,US,Oklahoma,Ellis,1,0,0,36.2180194,-99.75324573,40045.0,25.91344908007256,0.0,1,1,0,0,1,1,3952,0,0,0,0,0
2020-06-29,US,Oklahoma,Garfield,66,2,0,36.3791334,-97.78265517,40047.0,108.09748427672956,3.03030303,64,65,2,0,63,64,60913,1,0,0,1,1
2020-06-29,US,Oklahoma,Garvin,69,1,0,34.70418038,-97.30811132,40049.0,248.99859261665043,1.4492753619999998,68,68,1,0,67,62,27811,1,0,0,1,6
2020-06-29,US,Oklahoma,Grady,138,5,0,35.0167709,-97.88339847,40051.0,247.16122792563667,3.623188406,133,135,5,0,130,130,55551,3,0,0,3,5
2020-06-29,US,Oklahoma,Grant,2,0,0,36.796297,-97.78638765,40053.0,46.15739672282484,0.0,2,2,0,0,2,2,4326,0,0,0,0,0
2020-06-29,US,Oklahoma,Greer,66,7,0,34.93535801,-99.5605612,40055.0,1155.4621848739494,10.60606061,59,66,7,0,59,66,5821,0,0,0,0,0
2020-06-29,US,Oklahoma,Harmon,1,0,0,34.7440135,-99.84741652,40057.0,37.69317753486619,0.0,1,1,0,0,1,1,2664,0,0,0,0,0
2020-06-29,US,Oklahoma,Harper,1,0,0,36.78836519,-99.6679804,40059.0,27.11496746203905,0.0,1,1,0,0,1,1,3797,0,0,0,0,0
2020-06-29,US,Oklahoma,Haskell,9,0,0,35.22257600000001,-95.11513306,40061.0,71.27583749109051,0.0,9,8,0,0,8,8,12668,1,0,0,1,0
2020-06-29,US,Oklahoma,Hughes,10,0,0,35.04912569,-96.24921145,40063.0,75.30687551773477,0.0,10,10,0,0,10,7,13335,0,0,0,0,3
2020-06-29,US,Oklahoma,Jackson,35,3,0,34.58781741,-99.41138784,40065.0,142.68242967794538,8.571428571,32,35,3,0,32,35,24949,0,0,0,0,0
2020-06-29,US,Oklahoma,Jefferson,6,0,0,34.11130184,-97.83182974,40067.0,99.96667777407532,0.0,6,5,0,0,5,5,6123,1,0,0,1,0
2020-06-29,US,Oklahoma,Johnston,12,0,0,34.31440473,-96.66011537,40069.0,108.25439783491207,0.0,12,10,0,0,10,10,10949,2,0,0,2,0
2020-06-29,US,Oklahoma,Kay,92,7,0,36.81799745,-97.14421435,40071.0,211.3096605264367,7.608695652000001,85,91,7,0,84,91,44161,1,0,0,1,0
2020-06-29,US,Oklahoma,Kingfisher,27,0,0,35.94530008,-97.94193268,40073.0,171.26546146527116,0.0,27,27,0,0,27,26,15816,0,0,0,0,1
2020-06-29,US,Oklahoma,Kiowa,8,1,0,34.91671958,-98.97720696,40075.0,91.86954524575104,12.5,7,8,1,0,7,6,8729,0,0,0,0,2
2020-06-29,US,Oklahoma,Latimer,9,1,0,34.87844729,-95.25215049,40077.0,89.34776134220192,11.11111111,8,9,1,0,8,9,10231,0,0,0,0,0
2020-06-29,US,Oklahoma,Le Flore,31,1,0,34.89851864,-94.70392124,40079.0,62.1828174834012,3.225806452,30,30,1,0,29,30,49980,1,0,0,1,0
2020-06-29,US,Oklahoma,Lincoln,29,2,0,35.70270942,-96.8812462,40081.0,83.14935344209653,6.896551724,27,29,2,0,27,29,34920,0,0,0,0,0
2020-06-29,US,Oklahoma,Logan,44,1,0,35.91899576,-97.44352845,40083.0,91.64566453521068,2.272727273,43,43,1,0,42,41,47291,1,0,0,1,2
2020-06-29,US,Oklahoma,Love,30,0,0,33.95273467,-97.23906784,40085.0,292.597288598459,0.0,30,29,0,0,29,29,10134,1,0,0,1,0
2020-06-29,US,Oklahoma,Major,8,1,0,36.31149996,-98.53467076,40093.0,104.86302267662865,12.5,7,8,1,0,7,8,7644,0,0,0,0,0
2020-06-29,US,Oklahoma,Marshall,26,0,0,34.02311222,-96.76855464,40095.0,153.5644675447404,0.0,26,25,0,0,25,25,16806,1,0,0,1,0
2020-06-29,US,Oklahoma,Mayes,79,4,0,36.30179091,-95.23175116,40097.0,192.21411192214111,5.0632911389999995,75,78,4,0,74,76,41107,1,0,0,1,2
2020-06-29,US,Oklahoma,McClain,154,4,0,35.01123903,-97.44572302,40087.0,380.49117952265647,2.597402597,150,151,4,0,147,142,39985,3,0,0,3,9
2020-06-29,US,Oklahoma,McCurtain,436,4,0,34.11664328,-94.77222373,40089.0,1327.9727095516569,0.9174311927,432,421,4,0,417,406,32703,15,0,0,15,15
2020-06-29,US,Oklahoma,McIntosh,52,1,0,35.37235506,-95.66599306,40091.0,265.360277607675,1.9230769230000002,51,50,1,0,49,49,19815,2,0,0,2,1
2020-06-29,US,Oklahoma,Murray,19,0,0,34.48116015,-97.06826283,40099.0,135.01030341789243,0.0,19,18,0,0,18,18,13953,1,0,0,1,0
2020-06-29,US,Oklahoma,Muskogee,106,11,0,35.61318461,-95.37802952,40101.0,155.88923040722383,10.37735849,95,106,11,0,95,105,68362,0,0,0,0,1
2020-06-29,US,Oklahoma,Noble,38,0,0,36.38953329,-97.22928674,40103.0,341.38891384421885,0.0,38,37,0,0,37,37,11289,1,0,0,1,0
2020-06-29,US,Oklahoma,Nowata,34,1,0,36.79843529,-95.61902331,40105.0,337.43549027391816,2.9411764710000003,33,34,1,0,33,33,10218,0,0,0,0,1
2020-06-29,US,Oklahoma,Okfuskee,14,0,0,35.46485198,-96.32639984,40107.0,116.7347619444676,0.0,14,14,0,0,14,13,12098,0,0,0,0,1
2020-06-29,US,Oklahoma,Oklahoma,2732,70,0,35.55140095,-97.40716948,40109.0,342.5988859266096,2.562225476,2662,2663,70,0,2593,2600,792582,69,0,0,69,63
2020-06-29,US,Oklahoma,Okmulgee,61,0,0,35.64661916,-95.96432828,40111.0,158.58572728454442,0.0,61,59,0,0,59,54,38335,2,0,0,2,5
2020-06-29,US,Oklahoma,Osage,160,8,0,36.62888819,-96.39635704,40113.0,340.69373762323534,5.0,152,158,8,0,150,156,47014,2,0,0,2,2
2020-06-29,US,Oklahoma,Ottawa,50,2,0,36.83532655,-94.81011909,40115.0,160.6322485302149,4.0,48,47,2,0,45,44,31175,3,0,0,3,3
2020-06-29,US,Oklahoma,Pawnee,54,2,0,36.31743373,-96.7033176,40117.0,329.7508549096238,3.7037037039999996,52,53,2,0,51,51,16390,1,0,0,1,2
2020-06-29,US,Oklahoma,Payne,358,1,0,36.07695283,-96.97584944,40119.0,437.73843294531935,0.2793296089,357,354,1,0,353,345,82040,4,0,0,4,9
2020-06-29,US,Oklahoma,Pittsburg,58,3,0,34.92065823,-95.7513432,40121.0,132.86296788381364,5.1724137930000005,55,57,3,0,54,56,43877,1,0,0,1,1
2020-06-29,US,Oklahoma,Pontotoc,38,2,0,34.72959848,-96.68337199,40123.0,99.2581757392122,5.263157895,36,37,2,0,35,35,38247,1,0,0,1,2
2020-06-29,US,Oklahoma,Pottawatomie,102,4,0,35.20614018,-96.94923008,40125.0,140.5113511130703,3.921568627,98,99,4,0,95,97,72679,3,0,0,3,2
2020-06-29,US,Oklahoma,Pushmataha,10,0,0,34.41635232,-95.37603505,40127.0,90.12256669069937,0.0,10,10,0,0,10,10,11179,0,0,0,0,0
2020-06-29,US,Oklahoma,Rogers,167,5,0,36.37004357,-95.60406759,40131.0,180.6205994008155,2.9940119760000004,162,164,5,0,159,161,91984,3,0,0,3,3
2020-06-29,US,Oklahoma,Seminole,37,3,0,35.16478725,-96.61686741,40133.0,152.52700140159948,8.108108108,34,36,3,0,33,36,24578,1,0,0,1,0
2020-06-29,US,Oklahoma,Sequoyah,32,3,0,35.49447108,-94.75463785,40135.0,76.98044215641464,9.375,29,32,3,0,29,32,41179,0,0,0,0,0
2020-06-29,US,Oklahoma,Stephens,55,1,0,34.48556989,-97.85141892,40137.0,127.48302157939872,1.8181818180000002,54,55,1,0,54,55,43265,0,0,0,0,0
2020-06-29,US,Oklahoma,Texas,986,6,0,36.74777635,-101.4889765,40139.0,4934.194064955212,0.6085192697999999,980,985,6,0,979,984,20455,1,0,0,1,1
2020-06-29,US,Oklahoma,Tillman,23,1,0,34.37288446,-98.92426619,40141.0,317.2413793103448,4.347826087,22,23,1,0,22,23,7348,0,0,0,0,0
2020-06-29,US,Oklahoma,Tulsa,3304,67,0,36.11939621,-95.94013939,40143.0,507.09690093806785,2.027845036,3237,3251,67,0,3184,3178,648360,53,0,0,53,73
2020-06-29,US,Oklahoma,Wagoner,246,19,0,35.96024096,-95.51911308,40145.0,302.6239712630245,7.723577236000001,227,242,19,0,223,238,80110,4,0,0,4,4
2020-06-29,US,Oklahoma,Washington,396,39,0,36.71380786,-95.90514104,40147.0,768.5291206551905,9.848484848,357,395,39,0,356,391,51843,1,0,0,1,4
2020-06-29,US,Oklahoma,Washita,3,0,0,35.29071824,-98.99180434,40149.0,27.482594356907292,0.0,3,3,0,0,3,3,11127,0,0,0,0,0
2020-06-29,US,Oklahoma,Woods,5,0,0,36.76705782,-98.86573064,40151.0,56.86341407938134,0.0,5,5,0,0,5,5,8897,0,0,0,0,0
2020-06-29,US,Oklahoma,Woodward,12,0,0,36.42316318,-99.26283045,40153.0,59.373608431052396,0.0,12,12,0,0,12,12,20222,0,0,0,0,0
2020-06-29,US,Oregon,Baker,1,0,0,44.70915557,-117.6749883,41001.0,6.201935003721161,0.0,1,1,0,0,1,1,16006,0,0,0,0,0
2020-06-29,US,Oregon,Benton,82,5,0,44.49167306,-123.4316987,41003.0,88.12182304708071,6.0975609760000005,77,82,5,0,77,82,92101,0,0,0,0,0
2020-06-29,US,Oregon,Clackamas,716,24,0,45.18787398,-122.2179634,41005.0,171.21526972383168,3.351955307,692,699,24,0,675,681,416075,17,0,0,17,18
2020-06-29,US,Oregon,Clatsop,49,0,0,45.99712889,-123.660711,41007.0,121.81782020684167,0.0,49,49,0,0,49,48,39764,0,0,0,0,1
2020-06-29,US,Oregon,Columbia,29,0,0,45.94464254,-123.08908980000001,41009.0,55.39213813653207,0.0,29,29,0,0,29,28,52377,0,0,0,0,1
2020-06-29,US,Oregon,Coos,40,0,0,43.17406868,-124.0594514,41011.0,62.028005644548514,0.0,40,40,0,0,40,40,64389,0,0,0,0,0
2020-06-29,US,Oregon,Crook,10,0,0,44.14230227,-120.356297,41013.0,40.976889034584495,0.0,10,10,0,0,10,10,23867,0,0,0,0,0
2020-06-29,US,Oregon,Curry,7,0,0,42.45911325,-124.15728200000001,41015.0,30.53435114503817,0.0,7,7,0,0,7,7,22813,0,0,0,0,0
2020-06-29,US,Oregon,Deschutes,172,0,0,43.91570171,-121.2289121,41017.0,87.00402646541085,0.0,172,170,0,0,170,162,191996,2,0,0,2,8
2020-06-29,US,Oregon,Douglas,40,0,0,43.27941273,-123.16729099999999,41019.0,36.04253018561903,0.0,40,38,0,0,38,38,110283,2,0,0,2,0
2020-06-29,US,Oregon,Grant,1,0,0,44.49024544,-119.0068631,41023.0,13.890818169190164,0.0,1,1,0,0,1,1,7176,0,0,0,0,0
2020-06-29,US,Oregon,Harney,1,0,0,43.06422669,-118.96663059999999,41025.0,13.526308670363855,0.0,1,1,0,0,1,1,7329,0,0,0,0,0
2020-06-29,US,Oregon,Hood River,88,0,0,45.51872811,-121.65520359999998,41027.0,376.35788213155416,0.0,88,88,0,0,88,88,23428,0,0,0,0,0
2020-06-29,US,Oregon,Jackson,109,0,0,42.43201126,-122.72893090000001,41029.0,49.33376783257297,0.0,109,106,0,0,106,97,219564,3,0,0,3,9
2020-06-29,US,Oregon,Jefferson,100,0,0,44.62806839,-121.17832,41031.0,405.54789520642396,0.0,100,97,0,0,97,94,24192,3,0,0,3,3
2020-06-29,US,Oregon,Josephine,32,1,0,42.3665549,-123.5561938,41033.0,36.576862848194594,3.125,31,31,1,0,30,30,87393,1,0,0,1,1
2020-06-29,US,Oregon,Klamath,116,0,0,42.68762984,-121.64964609999998,41035.0,169.99325888800962,0.0,116,111,0,0,111,111,67653,5,0,0,5,0
2020-06-29,US,Oregon,Lake,15,0,0,42.79246693,-120.38501629999999,41037.0,190.62142584826526,0.0,15,13,0,0,13,13,7879,2,0,0,2,0
2020-06-29,US,Oregon,Lane,145,3,0,43.93727035,-122.847753,41039.0,37.951458775555075,2.068965517,142,139,3,0,136,136,379611,6,0,0,6,3
2020-06-29,US,Oregon,Lincoln,310,2,0,44.64252874,-123.86991200000001,41041.0,620.4715583843721,0.6451612903,308,310,2,0,308,307,49388,0,0,0,0,3
2020-06-29,US,Oregon,Linn,140,9,0,44.48899494,-122.53731540000001,41043.0,107.90063892592623,6.428571429,131,140,9,0,131,140,127335,0,0,0,0,0
2020-06-29,US,Oregon,Malheur,101,1,0,43.1937027,-117.62273950000001,41045.0,330.3784632494848,0.9900990099,100,96,1,0,95,85,30725,5,0,0,5,11
2020-06-29,US,Oregon,Marion,1489,43,0,44.90287942,-122.58151170000001,41047.0,428.0974532657883,2.887844191,1446,1475,41,0,1434,1432,346868,14,2,0,12,43
2020-06-29,US,Oregon,Morrow,61,1,0,45.41846568,-119.584546,41049.0,525.7261053175903,1.6393442619999998,60,61,1,0,60,53,11372,0,0,0,0,8
2020-06-29,US,Oregon,Multnomah,2167,69,0,45.54747959,-122.4169351,41051.0,266.59121245486585,3.1841255189999997,2098,2139,69,0,2070,2087,811880,28,0,0,28,52
2020-06-29,US,Oregon,Polk,139,12,0,44.90322804,-123.4128888,41053.0,161.46831619910552,8.633093525,127,139,12,0,127,136,85234,0,0,0,0,3
2020-06-29,US,Oregon,Sherman,1,0,0,45.41501554,-120.6827834,41055.0,56.179775280898866,0.0,1,1,0,0,1,1,1708,0,0,0,0,0
2020-06-29,US,Oregon,Tillamook,9,0,0,45.46248721,-123.712066,41057.0,33.288948069241016,0.0,9,7,0,0,7,7,26787,2,0,0,2,0
2020-06-29,US,Oregon,Umatilla,482,4,0,45.59073056,-118.7353826,41059.0,618.3450930083387,0.8298755187000001,478,467,4,0,463,419,77516,15,0,0,15,48
2020-06-29,US,Oregon,Union,327,1,0,45.30915495,-118.0068979,41061.0,1218.557853549469,0.3058103976,326,322,1,0,321,320,26461,5,0,0,5,2
2020-06-29,US,Oregon,Wallowa,8,0,0,45.57894064,-117.18353799999998,41063.0,110.98779134295229,0.0,8,8,0,0,8,8,7081,0,0,0,0,0
2020-06-29,US,Oregon,Wasco,68,1,0,45.16292781,-121.16709540000001,41065.0,254.85345926092498,1.470588235,67,63,1,0,62,60,26505,5,0,0,5,3
2020-06-29,US,Oregon,Washington,1315,20,0,45.55972701,-123.0955257,41067.0,218.58668333355496,1.520912548,1295,1287,20,0,1267,1258,597695,28,0,0,28,29
2020-06-29,US,Oregon,Yamhill,115,8,0,45.23330449,-123.3086963,41071.0,107.37628384687208,6.956521738999999,107,114,8,0,106,113,107002,1,0,0,1,1
2020-06-29,US,Pennsylvania,Adams,332,12,0,39.87140411,-77.21610347,42001.0,322.30193478239767,3.614457831,320,328,12,0,316,327,102811,4,0,0,4,1
2020-06-29,US,Pennsylvania,Allegheny,2651,183,0,40.46809875,-79.98167747,42003.0,218.00180092019627,6.903055451,2468,2568,183,0,2385,2472,1218452,83,0,0,83,96
2020-06-29,US,Pennsylvania,Armstrong,73,6,0,40.81665618,-79.46290811,42005.0,112.76743647176953,8.219178082,67,73,6,0,67,73,65263,0,0,0,0,0
2020-06-29,US,Pennsylvania,Beaver,651,78,0,40.6825484,-80.34921611,42007.0,397.1231447760922,11.98156682,573,648,78,0,570,642,164742,3,0,0,3,6
2020-06-29,US,Pennsylvania,Bedford,81,3,0,40.00522157,-78.48998442,42009.0,169.14467089876382,3.7037037039999996,78,81,3,0,78,77,48176,0,0,0,0,4
2020-06-29,US,Pennsylvania,Berks,4521,350,0,40.41570541,-75.92457766,42011.0,1073.4535715303302,7.741650077,4171,4498,350,0,4148,4487,420152,23,0,0,23,11
2020-06-29,US,Pennsylvania,Blair,72,1,0,40.47961444,-78.34917412,42013.0,59.0992292475519,1.388888889,71,71,1,0,70,71,122492,1,0,0,1,0
2020-06-29,US,Pennsylvania,Bradford,56,3,0,41.78869215,-76.51570822,42015.0,92.83357923180212,5.3571428569999995,53,56,3,0,53,56,60833,0,0,0,0,0
2020-06-29,US,Pennsylvania,Bucks,5729,563,0,40.33682119,-75.10836643,42017.0,911.8691008642784,9.827194973,5166,5718,564,0,5154,5704,628195,11,-1,0,12,14
2020-06-29,US,Pennsylvania,Butler,302,13,0,40.91152759,-79.91351055,42019.0,160.76400163957987,4.304635762,289,295,13,0,282,291,187888,7,0,0,7,4
2020-06-29,US,Pennsylvania,Cambria,78,3,0,40.49527404,-78.71377428,42021.0,59.911515300479294,3.8461538460000004,75,77,3,0,74,73,131730,1,0,0,1,4
2020-06-29,US,Pennsylvania,Cameron,3,0,0,41.43625568,-78.20376845,42023.0,67.4612098043625,0.0,3,3,0,0,3,3,4492,0,0,0,0,0
2020-06-29,US,Pennsylvania,Carbon,278,25,0,40.91545395,-75.7068525,42025.0,433.14324888598054,8.992805755,253,274,25,0,249,273,64227,4,0,0,4,1
2020-06-29,US,Pennsylvania,Centre,201,7,0,40.92058903,-77.82200624,42027.0,123.7799057794747,3.482587065,194,201,7,0,194,200,162805,0,0,0,0,1
2020-06-29,US,Pennsylvania,Chester,3677,323,0,39.97291773,-75.74768357,42029.0,700.3956273369537,8.784335056,3354,3658,323,0,3335,3639,522046,19,0,0,19,19
2020-06-29,US,Pennsylvania,Clarion,34,2,0,41.19265812,-79.42413524,42031.0,88.45413392996514,5.882352941000001,32,35,2,0,33,33,38779,-1,0,0,-1,2
2020-06-29,US,Pennsylvania,Clearfield,72,0,0,41.00110782,-78.47592663,42033.0,90.84600340672512,0.0,72,72,0,0,72,72,79388,0,0,0,0,0
2020-06-29,US,Pennsylvania,Clinton,77,4,0,41.23255967,-77.63785995,42035.0,199.31662870159454,5.194805195,73,75,4,0,71,75,38684,2,0,0,2,0
2020-06-29,US,Pennsylvania,Columbia,400,33,0,41.04821986,-76.40565017,42037.0,615.7256326580874,8.25,367,399,33,0,366,399,65456,1,0,0,1,0
2020-06-29,US,Pennsylvania,Crawford,53,0,0,41.68447709,-80.10760592,42039.0,62.62628649753631,0.0,53,53,0,0,53,53,85063,0,0,0,0,0
2020-06-29,US,Pennsylvania,Cumberland,847,63,0,40.1625372,-77.26130755,42041.0,334.293720645696,7.4380165289999995,784,840,63,0,777,833,251423,7,0,0,7,7
2020-06-29,US,Pennsylvania,Dauphin,1971,133,0,40.41377078,-76.77993242,42043.0,708.2310752104753,6.747843734,1838,1942,132,0,1810,1932,277097,29,1,0,28,10
2020-06-29,US,Pennsylvania,Delaware,7170,653,0,39.91680171,-75.40243663,42045.0,1265.1147690239204,9.107391911,6517,7154,653,0,6501,7133,564751,16,0,0,16,21
2020-06-29,US,Pennsylvania,Elk,13,0,0,41.42822061,-78.64524744,42047.0,43.46372450685389,0.0,13,13,0,0,13,12,30169,0,0,0,0,1
2020-06-29,US,Pennsylvania,Erie,595,10,0,41.99253829,-80.03301954,42049.0,220.5925969865939,1.680672269,585,589,10,0,579,582,272061,6,0,0,6,7
2020-06-29,US,Pennsylvania,Fayette,112,4,0,39.92041012,-79.64291195,42051.0,86.63768429846682,3.571428571,108,111,4,0,107,110,130441,1,0,0,1,1
2020-06-29,US,Pennsylvania,Forest,7,0,0,41.51095103,-79.23229292,42053.0,96.59169311439214,0.0,7,7,0,0,7,7,7279,0,0,0,0,0
2020-06-29,US,Pennsylvania,Franklin,915,42,0,39.92956518,-77.72157791,42055.0,590.2197681694156,4.590163934,873,913,42,0,871,912,154835,2,0,0,2,1
2020-06-29,US,Pennsylvania,Fulton,18,1,0,39.92913544,-78.11163677,42057.0,123.88162422573986,5.555555556,17,18,1,0,17,18,14523,0,0,0,0,0
2020-06-29,US,Pennsylvania,Greene,39,0,0,39.85746531,-80.22357106,42059.0,107.63668479010843,0.0,39,39,0,0,39,35,36506,0,0,0,0,4
2020-06-29,US,Pennsylvania,Huntingdon,251,4,0,40.42162652,-77.97673273,42061.0,555.9985823143718,1.5936254980000002,247,245,4,0,241,245,45168,6,0,0,6,0
2020-06-29,US,Pennsylvania,Indiana,104,6,0,40.65241041,-79.08963285,42063.0,123.7020208628216,5.769230769,98,102,6,0,96,101,84501,2,0,0,2,1
2020-06-29,US,Pennsylvania,Jefferson,21,1,0,41.12913106,-78.9986361,42065.0,48.35924006908464,4.7619047619999995,20,21,1,0,20,21,43641,0,0,0,0,0
2020-06-29,US,Pennsylvania,Juniata,111,5,0,40.53358749,-77.39975129999998,42067.0,448.249404353269,4.504504505,106,111,5,0,106,111,24704,0,0,0,0,0
2020-06-29,US,Pennsylvania,Lackawanna,1694,202,0,41.43564672,-75.60379201,42069.0,807.9208676326108,11.9244392,1492,1684,202,0,1482,1680,210793,10,0,0,10,4
2020-06-29,US,Pennsylvania,Lancaster,4414,356,0,40.03904563,-76.24770128,42071.0,808.8337694512244,8.065246942,4058,4388,356,0,4032,4326,543557,26,0,0,26,62
2020-06-29,US,Pennsylvania,Lawrence,101,9,0,40.99206278,-80.33393706,42073.0,118.11207783702869,8.910891089,92,102,9,0,93,101,86184,-1,0,0,-1,1
2020-06-29,US,Pennsylvania,Lebanon,1331,43,0,40.36680311,-76.45651841,42075.0,938.6923190848632,3.2306536439999998,1288,1324,43,0,1281,1309,141314,7,0,0,7,15
2020-06-29,US,Pennsylvania,Lehigh,4220,294,0,40.6154815,-75.59435245,42077.0,1142.6467163799218,6.966824645,3926,4214,292,0,3922,4205,368100,6,2,0,4,9
2020-06-29,US,Pennsylvania,Luzerne,2906,177,0,41.17823008,-75.98447579,42079.0,915.5149220111084,6.090846524,2729,2903,176,0,2727,2898,317646,3,1,0,2,5
2020-06-29,US,Pennsylvania,Lycoming,179,19,0,41.34310539,-77.06629984,42081.0,157.98903785558562,10.61452514,160,177,19,0,158,176,113664,2,0,0,2,1
2020-06-29,US,Pennsylvania,McKean,15,1,0,41.80938602,-78.56478358,42083.0,36.92307692307692,6.666666667,14,15,1,0,14,15,40968,0,0,0,0,0
2020-06-29,US,Pennsylvania,Mercer,136,6,0,41.30248872,-80.25816981,42085.0,124.28717648779062,4.4117647060000005,130,135,6,0,129,132,110683,1,0,0,1,3
2020-06-29,US,Pennsylvania,Mifflin,63,1,0,40.61116939,-77.61070738,42087.0,136.5468810958429,1.5873015869999998,62,62,1,0,61,62,46222,1,0,0,1,0
2020-06-29,US,Pennsylvania,Monroe,1409,108,0,41.05934058,-75.34031025,42089.0,827.5043900605507,7.665010646,1301,1405,108,0,1297,1401,169507,4,0,0,4,4
2020-06-29,US,Pennsylvania,Montgomery,8413,798,0,40.21053671,-75.36652296,42091.0,1012.4982699794805,9.485320338,7615,8377,798,0,7579,8351,828604,36,0,0,36,26
2020-06-29,US,Pennsylvania,Montour,73,0,0,41.03023987,-76.66345939,42093.0,400.4388370817334,0.0,73,73,0,0,73,70,18240,0,0,0,0,3
2020-06-29,US,Pennsylvania,Northampton,3407,266,0,40.75182733,-75.30471829,42095.0,1116.0063547177228,7.807455238999999,3141,3389,265,0,3124,3377,304807,18,1,0,17,12
2020-06-29,US,Pennsylvania,Northumberland,302,5,0,40.84785433,-76.70798222,42097.0,332.4416851050714,1.655629139,297,299,5,0,294,294,91083,3,0,0,3,5
2020-06-29,US,Pennsylvania,Perry,86,5,0,40.40206612,-77.26297447,42099.0,185.85753803596126,5.813953487999999,81,86,5,0,81,86,46139,0,0,0,0,0
2020-06-29,US,Pennsylvania,Philadelphia,25991,1595,0,40.00338507,-75.1379271,42101.0,1640.7796654680621,6.136739641,24396,25782,1592,0,24190,25782,1584138,209,3,0,206,0
2020-06-29,US,Pennsylvania,Pike,494,20,0,41.33155042,-75.03208106,42103.0,885.1618914511996,4.048582996,474,493,20,0,473,492,55933,1,0,0,1,1
2020-06-29,US,Pennsylvania,Potter,15,0,0,41.74471626,-77.89559864,42105.0,90.76606559361008,0.0,15,15,0,0,15,15,16622,0,0,0,0,0
2020-06-29,US,Pennsylvania,Schuylkill,741,44,0,40.70497338,-76.2150785,42107.0,524.1972566302818,5.937921727000001,697,740,44,0,696,739,142067,1,0,0,1,1
2020-06-29,US,Pennsylvania,Snyder,65,2,0,40.77129231,-77.06840691,42109.0,161.00267512137125,3.076923077,63,65,2,0,63,63,40540,0,0,0,0,2
2020-06-29,US,Pennsylvania,Somerset,61,1,0,39.97172723,-79.02699593,42111.0,83.05308589867523,1.6393442619999998,60,61,1,0,60,57,73952,0,0,0,0,4
2020-06-29,US,Pennsylvania,Sullivan,5,0,0,41.44634738,-76.51246591,42113.0,82.42664029014178,0.0,5,5,0,0,5,4,6071,0,0,0,0,1
2020-06-29,US,Pennsylvania,Susquehanna,182,22,0,41.82147784,-75.80071959,42115.0,451.29934536798254,12.08791209,160,181,22,0,159,181,40589,1,0,0,1,0
2020-06-29,US,Pennsylvania,Tioga,25,2,0,41.77255149,-77.25433032,42117.0,61.59000763716094,8.0,23,24,2,0,22,24,40763,1,0,0,1,0
2020-06-29,US,Pennsylvania,Union,92,2,0,40.96188846,-77.05996014,42119.0,204.79487122409455,2.173913043,90,90,2,0,88,90,44785,2,0,0,2,0
2020-06-29,US,Pennsylvania,Venango,18,0,0,41.40323442,-79.75845449,42121.0,35.52538091102865,0.0,18,18,0,0,18,18,51266,0,0,0,0,0
2020-06-29,US,Pennsylvania,Warren,5,0,0,41.81304978,-79.26969577,42123.0,12.758031180628205,0.0,5,5,0,0,5,5,39498,0,0,0,0,0
2020-06-29,US,Pennsylvania,Washington,216,6,0,40.19208869,-80.24582867,42125.0,104.4159234283228,2.777777778,210,211,6,0,205,197,207346,5,0,0,5,14
2020-06-29,US,Pennsylvania,Wayne,139,9,0,41.64938475,-75.29956506,42127.0,270.6333599423687,6.474820144,130,139,9,0,130,137,51276,0,0,0,0,2
2020-06-29,US,Pennsylvania,Westmoreland,640,38,0,40.31377979999999,-79.46615476,42129.0,183.43417435991503,5.9375,602,620,38,0,582,607,350611,20,0,0,20,13
2020-06-29,US,Pennsylvania,Wyoming,37,7,0,41.51955538,-76.01074915,42131.0,138.09061730238113,18.91891892,30,37,7,0,30,37,27046,0,0,0,0,0
2020-06-29,US,Pennsylvania,York,1477,45,0,39.9210089,-76.73040131,42133.0,328.9107420422306,3.046716317,1432,1456,44,0,1412,1443,448273,21,1,0,20,13
2020-06-29,US,Rhode Island,Bristol,253,0,0,41.71018079,-71.28652315,44001.0,521.8754512263042,0.0,253,247,0,0,247,247,48649,6,0,0,6,0
2020-06-29,US,Rhode Island,Kent,1199,0,0,41.67106337,-71.57641596,44003.0,729.7981642441507,0.0,1199,1169,0,0,1169,1169,163861,30,0,0,30,0
2020-06-29,US,Rhode Island,Newport,308,0,0,41.5642026,-71.26569799,44005.0,375.234521575985,0.0,308,294,0,0,294,294,82542,14,0,0,14,0
2020-06-29,US,Rhode Island,Providence,12937,0,0,41.87064746,-71.57753536,44007.0,2024.7882791725563,0.0,12937,12712,0,0,12712,12712,636084,225,0,0,225,0
2020-06-29,US,Rhode Island,Unassigned,1535,946,0,0.0,0.0,90044.0,0.0,61.6286645,589,1716,927,0,789,1716,,-181,19,0,-200,0
2020-06-29,US,Rhode Island,Washington,532,0,0,41.45961631,-71.61435303,44009.0,423.64445718563115,0.0,532,523,0,0,523,523,126179,9,0,0,9,0
2020-06-29,US,South Carolina,Abbeville,106,0,0,34.22333378,-82.46170658,45001.0,432.17678476780685,0.0,106,103,0,0,103,103,24541,3,0,0,3,0
2020-06-29,US,South Carolina,Aiken,358,9,0,33.54338026,-81.63645384,45003.0,209.51355400533728,2.51396648,349,345,9,0,336,335,169401,13,0,0,13,10
2020-06-29,US,South Carolina,Allendale,48,3,0,32.98837386,-81.35321066,45005.0,552.4861878453039,6.25,45,48,3,0,45,48,8903,0,0,0,0,0
2020-06-29,US,South Carolina,Anderson,578,11,0,34.51828081,-82.63959517,45007.0,285.35036878326207,1.903114187,567,563,10,0,553,552,200482,15,1,0,14,11
2020-06-29,US,South Carolina,Bamberg,103,1,0,33.21927586,-81.05659969,45009.0,732.2621925209726,0.9708737864,102,91,1,0,90,84,14275,12,0,0,12,7
2020-06-29,US,South Carolina,Barnwell,77,1,0,33.26679302,-81.43584352,45011.0,369.02137448480784,1.298701299,76,75,1,0,74,73,21112,2,0,0,2,2
2020-06-29,US,South Carolina,Beaufort,1152,18,0,32.39226291,-80.72619758,45013.0,599.6189920987706,1.5625,1134,1125,17,0,1108,1066,188715,27,1,0,26,59
2020-06-29,US,South Carolina,Berkeley,1007,21,0,33.20222596,-79.94654523,45015.0,441.8468936890925,2.085402185,986,949,21,0,928,892,221091,58,0,0,58,57
2020-06-29,US,South Carolina,Calhoun,83,1,0,33.66926881,-80.77722168,45017.0,570.3291417577133,1.2048192770000001,82,82,1,0,81,78,14520,1,0,0,1,4
2020-06-29,US,South Carolina,Charleston,3654,23,0,32.82487866,-79.96512315,45019.0,888.1737261974789,0.6294471812,3631,3381,23,0,3358,3142,405905,273,0,0,273,239
2020-06-29,US,South Carolina,Cherokee,145,7,0,35.05122251,-81.61828622,45021.0,253.05410122164048,4.8275862069999995,138,142,7,0,135,136,57078,3,0,0,3,6
2020-06-29,US,South Carolina,Chester,173,1,0,34.69249168,-81.1583216,45023.0,536.5339287929537,0.5780346821,172,171,1,0,170,162,32251,2,0,0,2,9
2020-06-29,US,South Carolina,Chesterfield,363,14,0,34.64137396,-80.15640140000002,45025.0,795.1807228915663,3.856749311,349,359,13,0,346,354,45754,4,1,0,3,5
2020-06-29,US,South Carolina,Clarendon,409,42,0,33.66610974,-80.21647898,45027.0,1212.031412061046,10.26894866,367,407,42,0,365,406,33700,2,0,0,2,1
2020-06-29,US,South Carolina,Colleton,324,21,0,32.87582989,-80.67641292,45029.0,859.9410781113147,6.481481481,303,307,21,0,286,295,37660,17,0,0,17,12
2020-06-29,US,South Carolina,Darlington,433,14,0,34.33358335,-79.96027485,45031.0,649.9744813714011,3.233256351,419,427,14,0,413,416,66802,6,0,0,6,11
2020-06-29,US,South Carolina,Dillon,298,8,0,34.39007791,-79.37741872,45033.0,977.7223662193643,2.684563758,290,289,8,0,281,263,30599,9,0,0,9,26
2020-06-29,US,South Carolina,Dorchester,627,3,0,33.0794369,-80.40502652,45035.0,385.1138450577057,0.47846889950000004,624,594,3,0,591,551,160647,33,0,0,33,43
2020-06-29,US,South Carolina,Edgefield,76,2,0,33.77221995,-81.96231108,45037.0,278.79677182685253,2.631578947,74,73,2,0,71,73,27052,3,0,0,3,0
2020-06-29,US,South Carolina,Fairfield,288,21,0,34.39287073,-81.1195624,45039.0,1288.763592428514,7.291666667,267,280,21,0,259,279,22402,8,0,0,8,1
2020-06-29,US,South Carolina,Florence,1159,49,0,34.02361754,-79.70189312,45041.0,838.0756798970302,4.2277825710000005,1110,1134,49,0,1085,1104,138159,25,0,0,25,30
2020-06-29,US,South Carolina,Georgetown,440,3,0,33.43443342,-79.33202141,45043.0,701.9783024888321,0.6818181818000001,437,435,3,0,432,426,62249,5,0,0,5,9
2020-06-29,US,South Carolina,Greenville,4895,80,0,34.89502264,-82.37295012,45045.0,934.977518518094,1.634320735,4815,4741,80,0,4661,4546,514213,154,0,0,154,195
2020-06-29,US,South Carolina,Greenwood,467,7,0,34.15272415,-82.12715789,45047.0,659.5020547655025,1.498929336,460,458,7,0,451,448,70741,9,0,0,9,10
2020-06-29,US,South Carolina,Hampton,68,2,0,32.77419582,-81.13845571,45049.0,353.7613151597128,2.9411764710000003,66,65,2,0,63,63,19351,3,0,0,3,2
2020-06-29,US,South Carolina,Horry,3152,44,0,33.9212828,-78.99555293,45051.0,890.1917922735195,1.395939086,3108,2987,44,0,2943,2803,344147,165,0,0,165,184
2020-06-29,US,South Carolina,Jasper,122,3,0,32.43171982,-81.02487495,45053.0,405.6795131845842,2.459016393,119,121,3,0,118,110,28971,1,0,0,1,11
2020-06-29,US,South Carolina,Kershaw,640,15,0,34.33988254,-80.58763164,45055.0,961.6684948385448,2.34375,625,628,15,0,613,615,65592,12,0,0,12,13
2020-06-29,US,South Carolina,Lancaster,447,12,0,34.68270843,-80.70513032,45057.0,456.0666040892952,2.684563758,435,421,12,0,409,412,95380,26,0,0,26,9
2020-06-29,US,South Carolina,Laurens,422,5,0,34.48244419,-82.00490796,45059.0,625.2500259286147,1.184834123,417,407,5,0,402,372,66994,15,0,0,15,35
2020-06-29,US,South Carolina,Lee,285,22,0,34.16393091,-80.25690731,45061.0,1693.6058949370097,7.719298246,263,283,22,0,261,276,17142,2,0,0,2,7
2020-06-29,US,South Carolina,Lexington,1971,48,0,33.89665987,-81.27146426,45063.0,659.7489539748954,2.435312024,1923,1901,48,0,1853,1846,295032,70,0,0,70,55
2020-06-29,US,South Carolina,Marion,193,7,0,34.07859748,-79.36400756,45067.0,629.5462700198975,3.626943005,186,191,7,0,184,176,31039,2,0,0,2,15
2020-06-29,US,South Carolina,Marlboro,301,4,0,34.59905577,-79.67561152,45069.0,1152.4619036679685,1.328903654,297,298,4,0,294,297,26398,3,0,0,3,1
2020-06-29,US,South Carolina,McCormick,15,1,0,33.90161443,-82.30794338,45065.0,158.51209975694812,6.666666667,14,12,1,0,11,11,9410,3,0,0,3,1
2020-06-29,US,South Carolina,Newberry,246,4,0,34.28629098,-81.59935761,45071.0,639.9583766909469,1.62601626,242,221,4,0,217,190,38520,25,0,0,25,31
2020-06-29,US,South Carolina,Oconee,252,1,0,34.75225169,-83.06742317,45073.0,316.7978276720388,0.3968253968,251,244,1,0,243,224,78374,8,0,0,8,20
2020-06-29,US,South Carolina,Orangeburg,694,10,0,33.4391073,-80.79886287,45075.0,805.3379750507687,1.44092219,684,670,10,0,660,643,86934,24,0,0,24,27
2020-06-29,US,South Carolina,Pickens,809,4,0,34.88807695,-82.72791551,45077.0,637.5902399041644,0.4944375773,805,778,4,0,774,751,124937,31,0,0,31,27
2020-06-29,US,South Carolina,Richland,3363,82,0,34.01791263,-80.90267209,45079.0,808.8820686984527,2.438299138,3281,3285,81,0,3204,3192,414576,78,1,0,77,93
2020-06-29,US,South Carolina,Saluda,206,1,0,34.00795823,-81.72713237,45081.0,1006.2032921408684,0.4854368932,205,203,1,0,202,200,20544,3,0,0,3,3
2020-06-29,US,South Carolina,Spartanburg,1544,45,0,34.92960077,-81.99225984,45083.0,482.8243976421658,2.914507772,1499,1472,45,0,1427,1429,313888,72,0,0,72,43
2020-06-29,US,South Carolina,Sumter,1022,23,0,33.91826534,-80.37942316,45085.0,957.637203549442,2.250489237,999,1003,23,0,980,996,106512,19,0,0,19,7
2020-06-29,US,South Carolina,Union,84,0,0,34.68835752,-81.61730349,45087.0,307.51208083174686,0.0,84,73,0,0,73,73,27410,11,0,0,11,0
2020-06-29,US,South Carolina,Williamsburg,389,15,0,33.62190129,-79.72767442,45089.0,1280.9536354056904,3.8560411310000005,374,383,15,0,368,381,30606,6,0,0,6,2
2020-06-29,US,South Carolina,York,1156,12,0,34.97281497,-81.18085944,45091.0,411.4186469451453,1.038062284,1144,1095,12,0,1083,1047,274118,61,0,0,61,48
2020-06-29,US,South Dakota,Aurora,34,0,0,43.71757685,-98.56050467,46003.0,1235.9142130134496,0.0,34,34,0,0,34,34,2801,0,0,0,0,0
2020-06-29,US,South Dakota,Beadle,523,6,0,44.41464384,-98.27858469,46005.0,2834.2274968839756,1.147227533,517,522,6,0,516,518,18883,1,0,0,1,4
2020-06-29,US,South Dakota,Bennett,5,0,0,43.19486375,-101.6665572,46007.0,148.5884101040119,0.0,5,5,0,0,5,5,3468,0,0,0,0,0
2020-06-29,US,South Dakota,Bon Homme,11,0,0,42.98914167,-97.88592746,46009.0,159.39718881321548,0.0,11,11,0,0,11,11,6980,0,0,0,0,0
2020-06-29,US,South Dakota,Brookings,61,0,0,44.36974375,-96.79079945,46011.0,173.90312740542237,0.0,61,61,0,0,61,58,35232,0,0,0,0,3
2020-06-29,US,South Dakota,Brown,342,2,0,45.58994323,-98.35165355,46013.0,880.5582018074617,0.5847953215999999,340,341,2,0,339,339,39316,1,0,0,1,2
2020-06-29,US,South Dakota,Brule,20,0,0,43.71756379,-99.08118954,46015.0,377.57221068529367,0.0,20,18,0,0,18,18,5229,2,0,0,2,0
2020-06-29,US,South Dakota,Buffalo,71,1,0,44.07657829,-99.20814467,46017.0,3618.756371049949,1.408450704,70,72,1,0,71,71,2036,-1,0,0,-1,1
2020-06-29,US,South Dakota,Charles Mix,75,0,0,43.20660134,-98.58856175,46023.0,807.1459319845027,0.0,75,70,0,0,70,68,9338,5,0,0,5,2
2020-06-29,US,South Dakota,Clark,14,0,0,44.85834507,-97.72925109,46025.0,374.73233404710925,0.0,14,14,0,0,14,14,3739,0,0,0,0,0
2020-06-29,US,South Dakota,Clay,80,0,0,42.91296147,-96.97656917,46027.0,568.5856432125089,0.0,80,80,0,0,80,80,14041,0,0,0,0,0
2020-06-29,US,South Dakota,Codington,61,0,0,44.97788119,-97.18827677,46029.0,217.787139847906,0.0,61,57,0,0,57,53,28015,4,0,0,4,4
2020-06-29,US,South Dakota,Corson,17,0,0,45.70889983,-101.1970473,46031.0,416.05482134116494,0.0,17,17,0,0,17,17,4165,0,0,0,0,0
2020-06-29,US,South Dakota,Custer,8,0,0,43.67741105,-103.4534521,46033.0,89.16629514043692,0.0,8,8,0,0,8,8,8726,0,0,0,0,0
2020-06-29,US,South Dakota,Davison,40,0,0,43.67490933,-98.14458906,46035.0,202.275600505689,0.0,40,39,0,0,39,37,19790,1,0,0,1,2
2020-06-29,US,South Dakota,Day,16,0,0,45.367281,-97.60737498,46037.0,294.9852507374631,0.0,16,16,0,0,16,15,5505,0,0,0,0,1
2020-06-29,US,South Dakota,Deuel,3,0,0,44.75994309,-96.66943645,46039.0,68.94966674327739,0.0,3,3,0,0,3,3,4337,0,0,0,0,0
2020-06-29,US,South Dakota,Dewey,4,0,0,45.15639647,-100.8709139,46041.0,67.88866259334691,0.0,4,4,0,0,4,4,5904,0,0,0,0,0
2020-06-29,US,South Dakota,Douglas,4,0,0,43.38520741,-98.36978007,46043.0,136.93940431359124,0.0,4,4,0,0,4,4,2935,0,0,0,0,0
2020-06-29,US,South Dakota,Edmunds,7,0,0,45.41846445,-99.21545423,46045.0,182.81535648994515,0.0,7,7,0,0,7,7,3875,0,0,0,0,0
2020-06-29,US,South Dakota,Fall River,12,0,0,43.23929297,-103.5275691,46047.0,178.75763444063756,0.0,12,11,0,0,11,10,6758,1,0,0,1,1
2020-06-29,US,South Dakota,Faulk,23,1,0,45.07082625,-99.14535601,46049.0,1000.4349717268376,4.347826087,22,23,1,0,22,23,2330,0,0,0,0,0
2020-06-29,US,South Dakota,Grant,13,0,0,45.1723937,-96.77002276,46051.0,184.344866704481,0.0,13,13,0,0,13,13,7147,0,0,0,0,0
2020-06-29,US,South Dakota,Gregory,3,0,0,43.19419064,-99.18883902,46053.0,71.68458781362006,0.0,3,2,0,0,2,2,4212,1,0,0,1,0
2020-06-29,US,South Dakota,Hamlin,11,0,0,44.67385954,-97.18829593,46057.0,178.45554834523037,0.0,11,11,0,0,11,11,6111,0,0,0,0,0
2020-06-29,US,South Dakota,Hand,7,0,0,44.54708407,-99.00386459,46059.0,219.36696960200558,0.0,7,7,0,0,7,7,3262,0,0,0,0,0
2020-06-29,US,South Dakota,Hanson,7,0,0,43.6746384,-97.78715148,46061.0,202.72227048942955,0.0,7,6,0,0,6,6,3376,1,0,0,1,0
2020-06-29,US,South Dakota,Hughes,52,0,0,44.39091534,-99.99661148,46065.0,296.7020426794477,0.0,52,51,0,0,51,49,17650,1,0,0,1,2
2020-06-29,US,South Dakota,Hutchinson,12,0,0,43.33449012,-97.75536441,46067.0,164.5864764778494,0.0,12,12,0,0,12,11,7380,0,0,0,0,1
2020-06-29,US,South Dakota,Hyde,3,0,0,44.54747703,-99.48572582,46069.0,230.59185242121444,0.0,3,3,0,0,3,3,1282,0,0,0,0,0
2020-06-29,US,South Dakota,Jackson,6,1,0,43.69318385,-101.6255063,46071.0,179.42583732057415,16.66666667,5,6,1,0,5,6,3307,0,0,0,0,0
2020-06-29,US,South Dakota,Jerauld,39,1,0,44.06637798,-98.62965972,46073.0,1937.4068554396426,2.564102564,38,39,1,0,38,39,2043,0,0,0,0,0
2020-06-29,US,South Dakota,Kingsbury,6,0,0,44.36956169,-97.4913945,46077.0,121.48208139299452,0.0,6,6,0,0,6,6,4919,0,0,0,0,0
2020-06-29,US,South Dakota,Lake,21,1,0,44.02193107,-97.12926365,46079.0,164.10096116277253,4.7619047619999995,20,20,1,0,19,19,13057,1,0,0,1,1
2020-06-29,US,South Dakota,Lawrence,19,0,0,44.35919441,-103.7929428,46081.0,73.51803126451014,0.0,19,19,0,0,19,19,25741,0,0,0,0,0
2020-06-29,US,South Dakota,Lincoln,341,1,0,43.27841182,-96.7203905,46083.0,557.8458316974218,0.293255132,340,339,1,0,338,337,58807,2,0,0,2,2
2020-06-29,US,South Dakota,Lyman,59,0,0,43.89522709,-99.85201878,46085.0,1560.4337476857975,0.0,59,59,0,0,59,57,3821,0,0,0,0,2
2020-06-29,US,South Dakota,Marshall,5,0,0,45.75870838,-97.59855639,46091.0,101.31712259371834,0.0,5,5,0,0,5,5,5112,0,0,0,0,0
2020-06-29,US,South Dakota,McCook,10,1,0,43.6742571,-97.36863144,46087.0,179.01897601145726,10.0,9,10,1,0,9,10,5546,0,0,0,0,0
2020-06-29,US,South Dakota,McPherson,4,0,0,45.76626028,-99.22118798,46089.0,168.13787305590589,0.0,4,4,0,0,4,5,2407,0,0,0,0,-1
2020-06-29,US,South Dakota,Meade,47,1,0,44.56676791,-102.7162741,46093.0,165.89015953691938,2.127659574,46,47,1,0,46,47,28294,0,0,0,0,0
2020-06-29,US,South Dakota,Mellette,3,0,0,43.58078848,-100.7563186,46095.0,145.56040756914118,0.0,3,3,0,0,3,3,2042,0,0,0,0,0
2020-06-29,US,South Dakota,Miner,9,0,0,44.02197882,-97.60992207,46097.0,406.1371841155234,0.0,9,9,0,0,9,8,2213,0,0,0,0,1
2020-06-29,US,South Dakota,Minnehaha,3600,57,0,43.67441641,-96.7910885,46099.0,1863.990804312032,1.5833333330000001,3543,3598,57,0,3541,3586,192876,2,0,0,2,12
2020-06-29,US,South Dakota,Moody,21,0,0,44.02266214,-96.67081159,46101.0,319.3430656934307,0.0,21,21,0,0,21,21,6579,0,0,0,0,0
2020-06-29,US,South Dakota,Oglala Lakota,85,0,0,43.33749164,-102.5555498,46102.0,599.5626719334132,0.0,85,84,0,0,84,83,14309,1,0,0,1,1
2020-06-29,US,South Dakota,Pennington,513,16,0,44.0025835,-102.8240777,46103.0,450.8899143045483,3.118908382,497,507,16,0,491,497,111729,6,0,0,6,10
2020-06-29,US,South Dakota,Roberts,45,0,0,45.62975048,-96.94672673,46109.0,432.9420819703675,0.0,45,41,0,0,41,40,10447,4,0,0,4,1
2020-06-29,US,South Dakota,Sanborn,12,0,0,44.02351092,-98.0909816,46111.0,511.9453924914676,0.0,12,12,0,0,12,12,2429,0,0,0,0,0
2020-06-29,US,South Dakota,Spink,11,0,0,44.93837606,-98.34626602,46115.0,172.5219573400251,0.0,11,11,0,0,11,11,6495,0,0,0,0,0
2020-06-29,US,South Dakota,Stanley,12,0,0,44.41381872,-100.7349153,46117.0,387.34667527437057,0.0,12,12,0,0,12,12,3022,0,0,0,0,0
2020-06-29,US,South Dakota,Sully,1,0,0,44.71571812,-100.1278092,46119.0,71.89072609633357,0.0,1,1,0,0,1,1,1392,0,0,0,0,0
2020-06-29,US,South Dakota,Todd,57,1,0,43.19338568,-100.7195503,46121.0,560.0864694900265,1.754385965,56,56,1,0,55,56,10283,1,0,0,1,0
2020-06-29,US,South Dakota,Tripp,16,0,0,43.34459388,-99.8854891,46123.0,294.0635912516082,0.0,16,15,0,0,15,15,5478,1,0,0,1,0
2020-06-29,US,South Dakota,Turner,24,0,0,43.3109081,-97.14865776,46125.0,286.25954198473283,0.0,24,24,0,0,24,25,8424,0,0,0,0,-1
2020-06-29,US,South Dakota,Union,121,1,0,42.83112163,-96.6557828,46127.0,759.4777805674115,0.826446281,120,121,1,0,120,119,15619,0,0,0,0,2
2020-06-29,US,South Dakota,Walworth,9,0,0,45.43019636,-100.0307514,46129.0,165.5933762649494,0.0,9,9,0,0,9,9,5587,0,0,0,0,0
2020-06-29,US,South Dakota,Yankton,78,0,0,43.00924485,-97.39467635,46135.0,341.8953274305251,0.0,78,78,0,0,78,77,22869,0,0,0,0,1
2020-06-29,US,South Dakota,Ziebach,3,0,0,44.97881876,-101.6654622,46137.0,108.8534107402032,0.0,3,3,0,0,3,2,2742,0,0,0,0,1
2020-06-29,US,Tennessee,Anderson,97,2,0,36.12684348,-84.19965764,47001.0,126.01002883940866,2.06185567,95,90,2,0,88,90,76482,7,0,0,7,0
2020-06-29,US,Tennessee,Bedford,502,5,0,35.51123746,-86.45549096,47003.0,1009.7962303622796,0.9960159363,497,482,5,0,477,482,49038,20,0,0,20,0
2020-06-29,US,Tennessee,Benton,12,1,0,36.07110411,-88.06849355,47005.0,74.25742574257426,8.333333332999999,11,12,1,0,11,12,16184,0,0,0,0,0
2020-06-29,US,Tennessee,Bledsoe,616,1,0,35.59942968,-85.20611967,47007.0,4089.2193308550177,0.1623376623,615,616,1,0,615,616,14755,0,0,0,0,0
2020-06-29,US,Tennessee,Blount,162,3,0,35.68938198,-83.92847788,47009.0,121.72397210867996,1.8518518519999998,159,156,3,0,153,156,131349,6,0,0,6,0
2020-06-29,US,Tennessee,Bradley,493,3,0,35.15739424,-84.857186,47011.0,456.01701970215515,0.6085192697999999,490,444,3,0,441,444,106727,49,0,0,49,0
2020-06-29,US,Tennessee,Campbell,31,1,0,36.40355516,-84.15108559999999,47013.0,77.80733898900658,3.225806452,30,31,1,0,30,31,39583,0,0,0,0,0
2020-06-29,US,Tennessee,Cannon,26,0,0,35.80990797,-86.05738983,47015.0,177.13584957078618,0.0,26,25,0,0,25,25,14462,1,0,0,1,0
2020-06-29,US,Tennessee,Carroll,39,1,0,35.97366108,-88.45189331,47017.0,140.45449634458168,2.564102564,38,38,1,0,37,38,28020,1,0,0,1,0
2020-06-29,US,Tennessee,Carter,52,1,0,36.28969086,-82.12588974,47019.0,92.21329644801477,1.9230769230000002,51,49,1,0,48,49,56351,3,0,0,3,0
2020-06-29,US,Tennessee,Cheatham,195,1,0,36.26136216,-87.08903581,47021.0,479.50426635847253,0.5128205128,194,194,0,0,194,194,40439,1,1,0,0,0
2020-06-29,US,Tennessee,Chester,21,0,0,35.42527478,-88.6095842,47023.0,121.40833670578716,0.0,21,19,0,0,19,19,17276,2,0,0,2,0
2020-06-29,US,Tennessee,Claiborne,24,0,0,36.48319149,-83.65947309,47025.0,75.09621702806722,0.0,24,21,0,0,21,21,31756,3,0,0,3,0
2020-06-29,US,Tennessee,Clay,14,0,0,36.55151008,-85.53930419,47027.0,183.84766907419566,0.0,14,13,0,0,13,13,7717,1,0,0,1,0
2020-06-29,US,Tennessee,Cocke,51,0,0,35.9278914,-83.11828725,47029.0,141.6509276747028,0.0,51,48,0,0,48,48,35774,3,0,0,3,0
2020-06-29,US,Tennessee,Coffee,105,0,0,35.49090731,-86.07311784,47031.0,185.77494692144367,0.0,105,103,0,0,103,103,55700,2,0,0,2,0
2020-06-29,US,Tennessee,Crockett,30,3,0,35.81830662,-89.14916269,47033.0,210.8222066057625,10.0,27,28,3,0,25,28,14328,2,0,0,2,0
2020-06-29,US,Tennessee,Cumberland,165,3,0,35.95271721,-84.99840585,47035.0,272.63714474553865,1.8181818180000002,162,159,3,0,156,159,59673,6,0,0,6,0
2020-06-29,US,Tennessee,Davidson,9016,110,0,36.17007426,-86.78646056,47037.0,1298.8659413608705,1.220053239,8906,8675,110,0,8565,8675,692587,341,0,0,341,0
2020-06-29,US,Tennessee,DeKalb,50,0,0,35.97616272,-85.83689361,47041.0,244.0214738897023,0.0,50,47,0,0,47,47,20138,3,0,0,3,0
2020-06-29,US,Tennessee,Decatur,19,0,0,35.60048904,-88.11043779,47039.0,162.9083426219669,0.0,19,18,0,0,18,18,11706,1,0,0,1,0
2020-06-29,US,Tennessee,Dickson,168,0,0,36.14669837,-87.35891709,47043.0,311.4109883591607,0.0,168,159,0,0,159,159,53446,9,0,0,9,0
2020-06-29,US,Tennessee,Dyer,206,0,0,36.05931946,-89.41542855,47045.0,554.3744449527704,0.0,206,192,0,0,192,192,37320,14,0,0,14,0
2020-06-29,US,Tennessee,Fayette,263,2,0,35.19615831,-89.41399032,47047.0,639.3892981304549,0.7604562737999999,261,244,2,0,242,244,40507,19,0,0,19,0
2020-06-29,US,Tennessee,Fentress,17,0,0,36.38128818,-84.92870012,47049.0,91.77778977487448,0.0,17,16,0,0,16,16,18217,1,0,0,1,0
2020-06-29,US,Tennessee,Franklin,73,3,0,35.15634626,-86.09201039,47051.0,172.95299469294918,4.109589041,70,73,3,0,70,73,41890,0,0,0,0,0
2020-06-29,US,Tennessee,Gibson,97,1,0,35.99438059,-88.93358327,47053.0,197.42332037530784,1.030927835,96,90,1,0,89,90,49045,7,0,0,7,0
2020-06-29,US,Tennessee,Giles,50,1,0,35.20222469,-87.03992678,47055.0,169.69861525929952,2.0,49,45,0,0,45,45,29503,5,1,0,4,0
2020-06-29,US,Tennessee,Grainger,32,0,0,36.27469206,-83.51254721,47057.0,137.221269296741,0.0,32,28,0,0,28,28,23145,4,0,0,4,0
2020-06-29,US,Tennessee,Greene,81,2,0,36.17470125,-82.84691273,47059.0,117.2740303175086,2.469135802,79,74,2,0,72,74,69087,7,0,0,7,0
2020-06-29,US,Tennessee,Grundy,59,1,0,35.38433717,-85.72142731,47061.0,439.413122812244,1.694915254,58,59,1,0,58,59,13346,0,0,0,0,0
2020-06-29,US,Tennessee,Hamblen,204,4,0,36.21990035,-83.26586179,47063.0,314.1651523084978,1.960784314,200,181,4,0,177,181,64569,23,0,0,23,0
2020-06-29,US,Tennessee,Hamilton,2433,30,0,35.17670231,-85.16652245,47065.0,661.4936216028103,1.233045623,2403,2321,29,0,2292,2321,364286,112,1,0,111,0
2020-06-29,US,Tennessee,Hancock,3,0,0,36.52692871,-83.22375847,47067.0,45.31722054380665,0.0,3,3,0,0,3,3,6549,0,0,0,0,0
2020-06-29,US,Tennessee,Hardeman,287,1,0,35.20772017,-88.99161161,47069.0,1145.7085828343313,0.3484320557,286,276,1,0,275,276,25220,11,0,0,11,0
2020-06-29,US,Tennessee,Hardin,89,5,0,35.19732531,-88.18593755,47071.0,346.95150475596444,5.617977528,84,89,5,0,84,89,25776,0,0,0,0,0
2020-06-29,US,Tennessee,Hawkins,49,2,0,36.44355426,-82.94885298,47073.0,86.28887401824394,4.081632653,47,45,2,0,43,45,56530,4,0,0,4,0
2020-06-29,US,Tennessee,Haywood,67,2,0,35.58332824,-89.28536625,47075.0,387.19371243643087,2.985074627,65,62,2,0,60,62,17335,5,0,0,5,0
2020-06-29,US,Tennessee,Henderson,31,0,0,35.65581134,-88.38600175,47077.0,110.25358324145536,0.0,31,31,0,0,31,31,27847,0,0,0,0,0
2020-06-29,US,Tennessee,Henry,42,0,0,36.33160906,-88.30121797,47079.0,129.8500541041892,0.0,42,40,0,0,40,40,32358,2,0,0,2,0
2020-06-29,US,Tennessee,Hickman,70,0,0,35.80609681,-87.47643507,47081.0,278.0204940821352,0.0,70,69,0,0,69,69,25063,1,0,0,1,0
2020-06-29,US,Tennessee,Houston,12,0,0,36.28872054,-87.71878828,47083.0,146.32361907084498,0.0,12,10,0,0,10,10,8263,2,0,0,2,0
2020-06-29,US,Tennessee,Humphreys,20,1,0,36.03958805,-87.77992872,47085.0,107.63104079216446,5.0,19,20,1,0,19,20,18486,0,0,0,0,0
2020-06-29,US,Tennessee,Jackson,23,0,0,36.36380466,-85.67239905,47087.0,195.1467843203801,0.0,23,22,0,0,22,22,11758,1,0,0,1,0
2020-06-29,US,Tennessee,Jefferson,99,0,0,36.04818632,-83.45148924,47089.0,181.66804293971924,0.0,99,91,0,0,91,91,54012,8,0,0,8,0
2020-06-29,US,Tennessee,Johnson,35,0,0,36.45523950000001,-81.84886538,47091.0,196.7618619293906,0.0,35,34,0,0,34,34,17778,1,0,0,1,0
2020-06-29,US,Tennessee,Knox,947,5,0,35.99508821,-83.94635435,47093.0,201.35526766217396,0.5279831045000001,942,878,5,0,873,878,465289,69,0,0,69,0
2020-06-29,US,Tennessee,Lake,691,0,0,36.34180170000001,-89.48921915,47095.0,9848.916761687571,0.0,691,691,0,0,691,691,7411,0,0,0,0,0
2020-06-29,US,Tennessee,Lauderdale,111,2,0,35.75893438,-89.63015909999999,47097.0,433.03554012405885,1.801801802,109,99,2,0,97,99,25825,12,0,0,12,0
2020-06-29,US,Tennessee,Lawrence,116,4,0,35.21675201,-87.39787695,47099.0,262.7882742059716,3.448275862,112,113,4,0,109,113,43734,3,0,0,3,0
2020-06-29,US,Tennessee,Lewis,5,0,0,35.52853208,-87.49022694,47101.0,40.75643951744376,0.0,5,5,0,0,5,5,12086,0,0,0,0,0
2020-06-29,US,Tennessee,Lincoln,53,0,0,35.13738622,-86.58910106,47103.0,154.22219635686434,0.0,53,52,0,0,52,52,34117,1,0,0,1,0
2020-06-29,US,Tennessee,Loudon,254,1,0,35.73939663,-84.31145275,47105.0,469.77879707035584,0.39370078740000003,253,248,1,0,247,248,53054,6,0,0,6,0
2020-06-29,US,Tennessee,Macon,361,3,0,36.53157855,-86.00778595,47111.0,1467.3603772051056,0.8310249306999999,358,293,3,0,290,293,24265,68,0,0,68,0
2020-06-29,US,Tennessee,Madison,233,2,0,35.61181957,-88.84076036,47113.0,237.79392553886348,0.8583690987,231,228,2,0,226,228,97605,5,0,0,5,0
2020-06-29,US,Tennessee,Marion,61,4,0,35.12997174,-85.62265895,47115.0,211.02155187324868,6.557377048999999,57,57,4,0,53,57,28575,4,0,0,4,0
2020-06-29,US,Tennessee,Marshall,67,1,0,35.45798777,-86.76420988,47117.0,194.9090909090909,1.4925373130000001,66,60,1,0,59,60,33683,7,0,0,7,0
2020-06-29,US,Tennessee,Maury,282,3,0,35.6187413,-87.07462444,47119.0,292.5705748700551,1.063829787,279,276,3,0,273,276,94340,6,0,0,6,0
2020-06-29,US,Tennessee,McMinn,212,17,0,35.42812616,-84.61520715,47107.0,394.09599583596685,8.018867925,195,203,17,0,186,203,53285,9,0,0,9,0
2020-06-29,US,Tennessee,McNairy,56,0,0,35.17468549,-88.5647812,47109.0,217.94971588697757,0.0,56,52,0,0,52,52,25832,4,0,0,4,0
2020-06-29,US,Tennessee,Meigs,32,0,0,35.51558739,-84.81482914,47121.0,257.6074706166479,0.0,32,32,0,0,32,32,12306,0,0,0,0,0
2020-06-29,US,Tennessee,Monroe,118,4,0,35.44550387,-84.24902965,47123.0,253.51810076270283,3.389830508,114,118,4,0,114,118,46357,0,0,0,0,0
2020-06-29,US,Tennessee,Montgomery,464,7,0,36.49609412,-87.38550661,47125.0,222.01700535424632,1.50862069,457,438,7,0,431,438,205950,26,0,0,26,0
2020-06-29,US,Tennessee,Moore,6,0,0,35.27724699,-86.36230578,47127.0,92.47842170160295,0.0,6,6,0,0,6,6,6411,0,0,0,0,0
2020-06-29,US,Tennessee,Morgan,23,1,0,36.13248031,-84.64880098,47129.0,107.4615708078307,4.347826087,22,23,1,0,22,23,21579,0,0,0,0,0
2020-06-29,US,Tennessee,Obion,93,2,0,36.35732446,-89.14921589,47131.0,309.2886361368852,2.150537634,91,87,2,0,85,87,30267,6,0,0,6,0
2020-06-29,US,Tennessee,Out of TN,909,7,0,0.0,0.0,80047.0,0.0,0.7700770077,902,766,7,0,759,766,,143,0,0,143,0
2020-06-29,US,Tennessee,Overton,55,0,0,36.34117832,-85.28989535,47133.0,247.2910390719842,0.0,55,51,0,0,51,51,22068,4,0,0,4,0
2020-06-29,US,Tennessee,Perry,30,0,0,35.63708728,-87.86139634,47135.0,371.4710252600297,0.0,30,29,0,0,29,29,8064,1,0,0,1,0
2020-06-29,US,Tennessee,Pickett,6,0,0,36.55606529,-85.07763299999998,47137.0,118.85895404120443,0.0,6,6,0,0,6,6,5082,0,0,0,0,0
2020-06-29,US,Tennessee,Polk,41,0,0,35.12245443,-84.52075859,47139.0,243.5836501901141,0.0,41,38,0,0,38,38,16898,3,0,0,3,0
2020-06-29,US,Tennessee,Putnam,773,7,0,36.14005459,-85.50646123,47141.0,963.2998940743972,0.9055627426,766,735,7,0,728,735,78843,38,0,0,38,0
2020-06-29,US,Tennessee,Rhea,266,0,0,35.60536161,-84.93076643,47143.0,802.0019899297495,0.0,266,262,0,0,262,262,33044,4,0,0,4,0
2020-06-29,US,Tennessee,Roane,43,0,0,35.84923189,-84.52458689,47145.0,80.55149675920723,0.0,43,43,0,0,43,43,53140,0,0,0,0,0
2020-06-29,US,Tennessee,Robertson,768,11,0,36.52454807,-86.87346725,47147.0,1069.4442510408976,1.4322916669999999,757,751,11,0,740,751,71012,17,0,0,17,0
2020-06-29,US,Tennessee,Rutherford,2450,34,0,35.84591405,-86.4107263,47149.0,737.3188678393547,1.3877551019999999,2416,2362,34,0,2328,2362,324890,88,0,0,88,0
2020-06-29,US,Tennessee,Scott,14,0,0,36.42325673,-84.50360494,47151.0,63.44027551205365,0.0,14,14,0,0,14,14,22039,0,0,0,0,0
2020-06-29,US,Tennessee,Sequatchie,24,0,0,35.36979721,-85.41022136,47153.0,159.72314654598696,0.0,24,24,0,0,24,24,14876,0,0,0,0,0
2020-06-29,US,Tennessee,Sevier,588,3,0,35.78077323,-83.52244332,47155.0,598.4732824427481,0.5102040816,585,549,3,0,546,549,97892,39,0,0,39,0
2020-06-29,US,Tennessee,Shelby,9671,186,0,35.1864775,-89.89692423,47157.0,1031.9409795062986,1.923275773,9485,9139,182,0,8957,9139,935764,532,4,0,528,0
2020-06-29,US,Tennessee,Smith,79,1,0,36.25359775,-85.95411046,47159.0,391.9234012997966,1.265822785,78,67,1,0,66,67,19942,12,0,0,12,0
2020-06-29,US,Tennessee,Stewart,20,0,0,36.50235092,-87.83920548,47161.0,145.82573824279984,0.0,20,19,0,0,19,19,13561,1,0,0,1,0
2020-06-29,US,Tennessee,Sullivan,87,2,0,36.51240691,-82.30412917,47163.0,54.942279030995024,2.298850575,85,83,2,0,81,83,157668,4,0,0,4,0
2020-06-29,US,Tennessee,Sumner,1371,51,0,36.46824103,-86.45917204,47165.0,716.7390724737692,3.719912473,1320,1318,51,0,1267,1318,187149,53,0,0,53,0
2020-06-29,US,Tennessee,Tipton,605,4,0,35.501942,-89.73694895,47167.0,982.1588012792416,0.6611570247999999,601,593,4,0,589,593,61581,12,0,0,12,0
2020-06-29,US,Tennessee,Trousdale,1482,5,0,36.39026213,-86.16087954,47169.0,13133.640552995394,0.33738191630000003,1477,1476,5,0,1471,1476,11012,6,0,0,6,0
2020-06-29,US,Tennessee,Unassigned,385,0,0,0.0,0.0,90047.0,0.0,0.0,385,246,0,0,246,246,,139,0,0,139,0
2020-06-29,US,Tennessee,Unicoi,53,0,0,36.10890856,-82.43709629,47171.0,296.3708550019572,0.0,53,53,0,0,53,53,17761,0,0,0,0,0
2020-06-29,US,Tennessee,Union,12,0,0,36.28590426,-83.83651902,47173.0,60.084117764870825,0.0,12,11,0,0,11,11,19688,1,0,0,1,0
2020-06-29,US,Tennessee,Van Buren,7,0,0,35.69864497,-85.45221699,47175.0,119.2098092643052,0.0,7,6,0,0,6,6,5765,1,0,0,1,0
2020-06-29,US,Tennessee,Warren,58,0,0,35.6728299,-85.77969117,47177.0,140.51408774862514,0.0,58,55,0,0,55,55,40878,3,0,0,3,0
2020-06-29,US,Tennessee,Washington,128,0,0,36.29472368,-82.49454720000001,47179.0,98.93719806763285,0.0,128,121,0,0,121,121,128607,7,0,0,7,0
2020-06-29,US,Tennessee,Wayne,75,0,0,35.23868267,-87.78644456,47181.0,449.829064955317,0.0,75,74,0,0,74,74,16558,1,0,0,1,0
2020-06-29,US,Tennessee,Weakley,56,1,0,36.29896232,-88.71990865,47183.0,168.02688430148825,1.785714286,55,49,1,0,48,49,33415,7,0,0,7,0
2020-06-29,US,Tennessee,White,63,3,0,35.92929884,-85.45591799,47185.0,230.3894679100384,4.7619047619999995,60,61,3,0,58,61,27107,2,0,0,2,0
2020-06-29,US,Tennessee,Williamson,1001,14,0,35.89099229,-86.89281867,47187.0,419.86141637165906,1.3986013990000001,987,945,14,0,931,945,231729,56,0,0,56,0
2020-06-29,US,Tennessee,Wilson,762,17,0,36.15496772,-86.29775884,47189.0,526.7633090690391,2.2309711290000003,745,725,16,0,709,725,140625,37,1,0,36,0
2020-06-29,US,Texas,Anderson,1016,2,0,31.81534745,-95.65354823,48001.0,1759.7644409803409,0.19685039370000001,1014,1016,2,0,1014,1017,58057,0,0,0,0,-1
2020-06-29,US,Texas,Andrews,73,0,0,32.30468633,-102.6376548,48003.0,390.2699812884255,0.0,73,73,0,0,73,63,18128,0,0,0,0,10
2020-06-29,US,Texas,Angelina,464,6,0,31.25457347,-94.60901487,48005.0,535.0862019258492,1.2931034479999999,458,464,6,0,458,464,87092,0,0,0,0,0
2020-06-29,US,Texas,Aransas,20,0,0,28.10556197,-96.9995047,48007.0,85.07018290089323,0.0,20,17,0,0,17,16,23792,3,0,0,3,1
2020-06-29,US,Texas,Archer,6,0,0,33.61569967,-98.68754589,48009.0,70.1508242721852,0.0,6,6,0,0,6,6,8786,0,0,0,0,0
2020-06-29,US,Texas,Armstrong,3,0,0,34.96507426,-101.3574874,48011.0,158.9825119236884,0.0,3,3,0,0,3,3,1892,0,0,0,0,0
2020-06-29,US,Texas,Atascosa,90,2,0,28.89333001,-98.52730485,48013.0,175.94275995542785,2.222222222,88,90,2,0,88,87,50310,0,0,0,0,3
2020-06-29,US,Texas,Austin,69,0,0,29.88548725,-96.27736949,48015.0,229.75492807671813,0.0,69,67,0,0,67,61,29989,2,0,0,2,6
2020-06-29,US,Texas,Bailey,93,1,0,34.06854817,-102.8299707,48017.0,1328.5714285714287,1.075268817,92,93,1,0,92,93,7027,0,0,0,0,0
2020-06-29,US,Texas,Bandera,16,0,0,29.74619598,-99.24598147,48019.0,69.22810661128418,0.0,16,16,0,0,16,16,22824,0,0,0,0,0
2020-06-29,US,Texas,Bastrop,439,6,0,30.10370699,-97.31206354,48021.0,494.7984175467466,1.3667425969999998,433,417,6,0,411,415,86976,22,0,0,22,2
2020-06-29,US,Texas,Baylor,1,0,0,33.61640794,-99.21352901,48023.0,28.498147620404676,0.0,1,1,0,0,1,1,3582,0,0,0,0,0
2020-06-29,US,Texas,Bee,46,0,0,28.41761668,-97.74215593,48025.0,141.25594963918317,0.0,46,43,0,0,43,43,32587,3,0,0,3,0
2020-06-29,US,Texas,Bell,1128,12,0,31.03736027,-97.4785025,48027.0,310.8088745853126,1.063829787,1116,1128,12,0,1116,1128,355642,0,0,0,0,0
2020-06-29,US,Texas,Bexar,10797,109,0,29.44928723,-98.52019748,48029.0,538.8923882261222,1.009539687,10688,10147,109,0,10038,8857,1986049,650,0,0,650,1290
2020-06-29,US,Texas,Blanco,27,1,0,30.26640707,-98.3999852,48031.0,226.3012320844858,3.7037037039999996,26,26,1,0,25,26,11702,1,0,0,1,0
2020-06-29,US,Texas,Bosque,13,0,0,31.89978581,-97.63613524,48035.0,69.57452502006957,0.0,13,10,0,0,10,10,18691,3,0,0,3,0
2020-06-29,US,Texas,Bowie,430,13,0,33.44626922,-94.41834132,48037.0,461.1507319427314,3.0232558139999997,417,418,13,0,405,418,94324,12,0,0,12,0
2020-06-29,US,Texas,Brazoria,2217,21,0,29.18757369,-95.44563172,48039.0,592.3626103499134,0.9472259811,2196,2161,21,0,2140,2064,370200,56,0,0,56,97
2020-06-29,US,Texas,Brazos,1822,29,0,30.663644800000004,-96.30205577,48041.0,794.9007682877349,1.591657519,1793,1720,29,0,1691,1720,226758,102,0,0,102,0
2020-06-29,US,Texas,Brewster,85,0,0,29.81008251,-103.2520326,48043.0,923.6118656959687,0.0,85,85,0,0,85,85,9267,0,0,0,0,0
2020-06-29,US,Texas,Briscoe,2,0,0,34.53026962,-101.2084947,48045.0,129.36610608020698,0.0,2,2,0,0,2,2,1516,0,0,0,0,0
2020-06-29,US,Texas,Brooks,3,0,0,27.03103197,-98.21808402,48047.0,42.295220640067676,0.0,3,3,0,0,3,3,7114,0,0,0,0,0
2020-06-29,US,Texas,Brown,73,10,0,31.77430356,-98.99907113,48049.0,192.79526727234315,13.69863014,63,68,10,0,58,68,37924,5,0,0,5,0
2020-06-29,US,Texas,Burleson,76,0,0,30.49273808,-96.62158484,48051.0,412.0804641327333,0.0,76,74,0,0,74,70,18389,2,0,0,2,4
2020-06-29,US,Texas,Burnet,129,3,0,30.78801353,-98.181887,48053.0,267.88495483335066,2.325581395,126,117,3,0,114,116,47542,12,0,0,12,1
2020-06-29,US,Texas,Caldwell,332,2,0,29.83668859,-97.61814775,48055.0,760.3517772077686,0.6024096386,330,307,2,0,305,303,43247,25,0,0,25,4
2020-06-29,US,Texas,Calhoun,72,3,0,28.47048236,-96.61633945,48057.0,338.1869422263974,4.166666667,69,72,3,0,69,72,21561,0,0,0,0,0
2020-06-29,US,Texas,Callahan,16,2,0,32.29760619,-99.37326312,48059.0,114.75292261349782,12.5,14,16,2,0,14,16,13994,0,0,0,0,0
2020-06-29,US,Texas,Cameron,2183,55,0,26.14524221,-97.48140372,48061.0,515.876860689616,2.519468621,2128,2183,55,0,2128,2085,423908,0,0,0,0,98
2020-06-29,US,Texas,Camp,117,1,0,32.97195142,-94.97790104,48063.0,893.5390255078662,0.8547008547,116,117,1,0,116,117,13033,0,0,0,0,0
2020-06-29,US,Texas,Carson,6,0,0,35.40365929,-101.3542669,48065.0,101.24873439082012,0.0,6,6,0,0,6,6,6005,0,0,0,0,0
2020-06-29,US,Texas,Cass,38,2,0,33.07499881,-94.34646905,48067.0,126.55698394724571,5.263157895,36,37,2,0,35,37,30119,1,0,0,1,0
2020-06-29,US,Texas,Castro,74,1,0,34.53016752,-102.2617243,48069.0,982.7357237715803,1.351351351,73,74,1,0,73,74,7665,0,0,0,0,0
2020-06-29,US,Texas,Chambers,272,2,0,29.70972016,-94.67154501,48071.0,620.4804160868672,0.7352941176000001,270,272,2,0,270,250,42454,0,0,0,0,22
2020-06-29,US,Texas,Cherokee,130,2,0,31.837258,-95.16559897,48073.0,246.9323405386924,1.5384615380000002,128,105,2,0,103,105,52592,25,0,0,25,0
2020-06-29,US,Texas,Childress,7,0,0,34.529304100000004,-100.2077916,48075.0,95.81166164796059,0.0,7,7,0,0,7,7,7291,0,0,0,0,0
2020-06-29,US,Texas,Clay,6,0,0,33.78686685,-98.20771198,48077.0,57.30111737178875,0.0,6,6,0,0,6,6,10456,0,0,0,0,0
2020-06-29,US,Texas,Cochran,1,0,0,33.60425307,-102.8284499,48079.0,35.05082369435681,0.0,1,1,0,0,1,1,2836,0,0,0,0,0
2020-06-29,US,Texas,Coke,5,1,0,31.88911733,-100.5297533,48081.0,147.62326542663124,20.0,4,5,1,0,4,5,3370,0,0,0,0,0
2020-06-29,US,Texas,Coleman,3,0,0,31.76736834,-99.45240766,48083.0,36.697247706422026,0.0,3,3,0,0,3,3,8397,0,0,0,0,0
2020-06-29,US,Texas,Collin,2763,42,0,33.18820114,-96.57264368,48085.0,267.02618074280247,1.5200868619999999,2721,2671,42,0,2629,2532,1005146,92,0,0,92,139
2020-06-29,US,Texas,Collingsworth,6,0,0,34.96489496,-100.2700111,48087.0,205.4794520547945,0.0,6,6,0,0,6,6,2962,0,0,0,0,0
2020-06-29,US,Texas,Colorado,87,0,0,29.622098,-96.5273805,48089.0,404.7829525892151,0.0,87,87,0,0,87,82,21217,0,0,0,0,5
2020-06-29,US,Texas,Comal,470,7,0,29.80811278,-98.27647225,48091.0,300.87895063664706,1.4893617019999998,463,470,7,0,463,435,148373,0,0,0,0,35
2020-06-29,US,Texas,Comanche,23,1,0,31.94854689,-98.55876441,48093.0,168.68353502016868,4.347826087,22,20,1,0,19,20,13534,3,0,0,3,0
2020-06-29,US,Texas,Concho,7,0,0,31.32635934,-99.86473038,48095.0,256.78650036683786,0.0,7,7,0,0,7,7,4276,0,0,0,0,0
2020-06-29,US,Texas,Cooke,35,0,0,33.63979567,-97.21240912,48097.0,84.83408876069515,0.0,35,35,0,0,35,35,40574,0,0,0,0,0
2020-06-29,US,Texas,Coryell,330,2,0,31.39078397,-97.79936155,48099.0,434.4906584508433,0.6060606061,328,327,2,0,325,326,74808,3,0,0,3,1
2020-06-29,US,Texas,Cottle,4,1,0,34.07783319,-100.2785062,48101.0,286.12303290414883,25.0,3,4,1,0,3,4,1389,0,0,0,0,0
2020-06-29,US,Texas,Crane,50,8,0,31.43052248,-102.5143314,48103.0,1042.3181154888473,16.0,42,50,8,0,42,50,4794,0,0,0,0,0
2020-06-29,US,Texas,Crockett,8,0,0,30.72367027,-101.4134238,48105.0,230.94688221709012,0.0,8,7,0,0,7,7,3499,1,0,0,1,0
2020-06-29,US,Texas,Crosby,15,1,0,33.61431553,-101.3000364,48107.0,261.4606937423741,6.666666667,14,15,1,0,14,15,5779,0,0,0,0,0
2020-06-29,US,Texas,Culberson,3,0,0,31.44506775,-104.5185739,48109.0,138.18516812528787,0.0,3,3,0,0,3,3,2204,0,0,0,0,0
2020-06-29,US,Texas,Dallam,84,1,0,36.27787176,-102.6020725,48111.0,1152.7377521613832,1.19047619,83,84,1,0,83,84,7200,0,0,0,0,0
2020-06-29,US,Texas,Dallas,20737,353,0,32.76670599,-96.7779605,48113.0,786.8288411073961,1.702271303,20384,19595,351,0,19244,19595,2637772,1142,2,0,1140,0
2020-06-29,US,Texas,Dawson,45,1,0,32.74255572,-101.9477242,48115.0,353.55122564424886,2.222222222,44,45,1,0,44,45,12619,0,0,0,0,0
2020-06-29,US,Texas,DeWitt,56,1,0,29.08101855,-97.3568117,48123.0,277.77777777777777,1.785714286,55,56,1,0,55,56,20187,0,0,0,0,0
2020-06-29,US,Texas,Deaf Smith,287,16,0,34.96522957,-102.6054267,48117.0,1547.5035047988786,5.574912892,271,287,16,0,271,287,18760,0,0,0,0,0
2020-06-29,US,Texas,Delta,6,0,0,33.38570922,-95.66921122,48119.0,112.54924029262804,0.0,6,5,0,0,5,5,5349,1,0,0,1,0
2020-06-29,US,Texas,Denton,2670,37,0,33.20521901,-97.11691153,48121.0,300.94442446914866,1.38576779,2633,2630,37,0,2593,2581,859064,40,0,0,40,49
2020-06-29,US,Texas,Dickens,2,0,0,33.61616822,-100.7788855,48125.0,90.45680687471732,0.0,2,2,0,0,2,2,2249,0,0,0,0,0
2020-06-29,US,Texas,Dimmit,11,0,0,28.42270064,-99.75645095,48127.0,108.65270644014223,0.0,11,11,0,0,11,11,10308,0,0,0,0,0
2020-06-29,US,Texas,Donley,27,0,0,34.96517499,-100.8140093,48129.0,823.672971323978,0.0,27,27,0,0,27,27,3319,0,0,0,0,0
2020-06-29,US,Texas,Duval,20,0,0,27.68184592,-98.50864568,48131.0,179.25965761405396,0.0,20,15,0,0,15,10,11212,5,0,0,5,5
2020-06-29,US,Texas,Eastland,9,0,0,32.32743996,-98.83243566,48133.0,49.01960784313725,0.0,9,9,0,0,9,9,18322,0,0,0,0,0
2020-06-29,US,Texas,Ector,506,7,0,31.86898877,-102.5429428,48135.0,304.4103403259477,1.383399209,499,506,7,0,499,506,162124,0,0,0,0,0
2020-06-29,US,Texas,Edwards,2,0,0,29.98202582,-100.304252,48137.0,103.51966873706004,0.0,2,2,0,0,2,2,1928,0,0,0,0,0
2020-06-29,US,Texas,El Paso,5745,128,0,31.76980765,-106.2363275,48141.0,684.5495556683562,2.228024369,5617,5614,127,0,5487,5330,840758,131,1,0,130,284
2020-06-29,US,Texas,Ellis,711,19,0,32.34894117,-96.79371841,48139.0,384.6861372317748,2.672292546,692,711,19,0,692,711,179436,0,0,0,0,0
2020-06-29,US,Texas,Erath,142,1,0,32.23602653,-98.21773417,48143.0,332.56827017658907,0.7042253520999999,141,120,1,0,119,120,42446,22,0,0,22,0
2020-06-29,US,Texas,Falls,28,0,0,31.25350609,-96.93630086,48145.0,161.87778227438284,0.0,28,26,0,0,26,25,17335,2,0,0,2,1
2020-06-29,US,Texas,Fannin,82,7,0,33.59564294,-96.10751083,48147.0,230.89485836571487,8.536585366,75,82,7,0,75,82,35286,0,0,0,0,0
2020-06-29,US,Texas,Fayette,86,2,0,29.87788372,-96.92076062,48149.0,339.3040321944291,2.325581395,84,80,2,0,78,75,25349,6,0,0,6,5
2020-06-29,US,Texas,Fisher,5,1,0,32.74281316,-100.4019302,48151.0,130.54830287206266,20.0,4,5,1,0,4,5,3839,0,0,0,0,0
2020-06-29,US,Texas,Floyd,22,1,0,34.07227468,-101.3031546,48153.0,385.15406162464967,4.545454545,21,22,1,0,21,22,5837,0,0,0,0,0
2020-06-29,US,Texas,Fort Bend,3716,53,0,29.52704478,-95.77219463,48157.0,457.81137579956834,1.4262648009999999,3663,3716,53,0,3663,3645,787858,0,0,0,0,71
2020-06-29,US,Texas,Franklin,41,0,0,33.17653242,-95.21917243,48159.0,382.28438228438233,0.0,41,41,0,0,41,41,10766,0,0,0,0,0
2020-06-29,US,Texas,Freestone,28,0,0,31.70422788,-96.15072516,48161.0,142.00943348379568,0.0,28,20,0,0,20,20,19808,8,0,0,8,0
2020-06-29,US,Texas,Frio,178,0,0,28.86751206,-99.10804207,48163.0,876.5882005318625,0.0,178,178,0,0,178,181,19816,0,0,0,0,-3
2020-06-29,US,Texas,Gaines,15,0,0,32.74055318,-102.6353295,48165.0,69.79341150195421,0.0,15,15,0,0,15,15,20901,0,0,0,0,0
2020-06-29,US,Texas,Galveston,2923,40,0,29.40167322,-94.90469073,48167.0,854.3311344219746,1.368457065,2883,2821,40,0,2781,2821,337890,102,0,0,102,0
2020-06-29,US,Texas,Garza,12,0,0,33.17969345,-101.2984114,48169.0,192.6472949109006,0.0,12,12,0,0,12,12,6578,0,0,0,0,0
2020-06-29,US,Texas,Gillespie,33,0,0,30.31824095,-98.94676915,48171.0,122.27656736327258,0.0,33,33,0,0,33,33,26804,0,0,0,0,0
2020-06-29,US,Texas,Glasscock,5,0,0,31.86942909,-101.5207776,48173.0,354.86160397445,0.0,5,5,0,0,5,5,1388,0,0,0,0,0
2020-06-29,US,Texas,Goliad,12,0,0,28.65696592,-97.42760647,48175.0,156.69887699138158,0.0,12,12,0,0,12,12,7584,0,0,0,0,0
2020-06-29,US,Texas,Gonzales,248,4,0,29.45634206,-97.49424032,48177.0,1190.1905264673414,1.612903226,244,248,4,0,244,247,20826,0,0,0,0,1
2020-06-29,US,Texas,Gray,114,4,0,35.40081878,-100.8129222,48179.0,520.8809284474092,3.50877193,110,114,4,0,110,114,21895,0,0,0,0,0
2020-06-29,US,Texas,Grayson,566,5,0,33.62744998,-96.67753461,48181.0,415.5287346195637,0.8833922261,561,563,5,0,558,558,133991,3,0,0,3,5
2020-06-29,US,Texas,Gregg,339,13,0,32.47940482,-94.81591935,48183.0,273.508410988745,3.83480826,326,339,13,0,326,331,123707,0,0,0,0,8
2020-06-29,US,Texas,Grimes,355,2,0,30.54579585,-95.98902499,48185.0,1229.2243767313016,0.5633802817,353,344,2,0,342,341,28360,11,0,0,11,3
2020-06-29,US,Texas,Guadalupe,638,1,0,29.58165339,-97.94786822,48187.0,382.3862580687696,0.1567398119,637,638,1,0,637,636,163694,0,0,0,0,2
2020-06-29,US,Texas,Hale,235,7,0,34.07044901,-101.8268114,48189.0,703.4664431539246,2.9787234039999997,228,235,7,0,228,235,33830,0,0,0,0,0
2020-06-29,US,Texas,Hall,2,1,0,34.5307555,-100.6813852,48191.0,67.47638326585695,50.0,1,2,1,0,1,2,3028,0,0,0,0,0
2020-06-29,US,Texas,Hamilton,20,1,0,31.70470573,-98.11083887,48193.0,236.37867864318642,5.0,19,19,1,0,18,19,8484,1,0,0,1,0
2020-06-29,US,Texas,Hansford,28,2,0,36.27743284,-101.3545796,48195.0,518.614558251528,7.142857143,26,28,2,0,26,28,5463,0,0,0,0,0
2020-06-29,US,Texas,Hardeman,4,0,0,34.28944521,-99.74632408,48197.0,101.70353419781335,0.0,4,4,0,0,4,4,3922,0,0,0,0,0
2020-06-29,US,Texas,Hardin,217,5,0,30.33364686,-94.38931817,48199.0,376.72303045033163,2.304147465,212,217,5,0,212,217,57207,0,0,0,0,0
2020-06-29,US,Texas,Harris,30729,376,0,29.86,-95.39,48201.0,651.960134300096,1.223599857,30353,29276,371,0,28905,29162,4698619,1453,5,0,1448,114
2020-06-29,US,Texas,Harrison,289,30,0,32.54935988,-94.36934071,48203.0,434.24037984764016,10.38062284,259,288,30,0,258,288,66726,1,0,0,1,0
2020-06-29,US,Texas,Hartley,22,2,0,35.84008013,-102.6029022,48205.0,394.5480631276901,9.090909091,20,22,2,0,20,22,5619,0,0,0,0,0
2020-06-29,US,Texas,Haskell,4,0,0,33.17823584,-99.73037358,48207.0,70.69635913750443,0.0,4,4,0,0,4,4,5813,0,0,0,0,0
2020-06-29,US,Texas,Hays,2586,6,0,30.05669873,-98.02944344,48209.0,1123.4149032759751,0.2320185615,2580,2469,6,0,2463,2469,222631,117,0,0,117,0
2020-06-29,US,Texas,Hemphill,7,0,0,35.83764858,-100.2703577,48211.0,183.29405603561142,0.0,7,7,0,0,7,7,3825,0,0,0,0,0
2020-06-29,US,Texas,Henderson,117,4,0,32.21128872,-95.85846587,48213.0,141.41194387033613,3.4188034189999996,113,117,4,0,113,116,82299,0,0,0,0,1
2020-06-29,US,Texas,Hidalgo,3294,32,0,26.39418217,-98.18299696,48215.0,379.1842358816034,0.9714632665,3262,2892,31,0,2861,2892,865939,402,1,0,401,0
2020-06-29,US,Texas,Hill,66,1,0,31.99045053,-97.13423143,48217.0,180.0867690796475,1.515151515,65,59,1,0,58,58,36354,7,0,0,7,1
2020-06-29,US,Texas,Hockley,36,1,0,33.60771256,-102.3431676,48219.0,156.37895834238302,2.777777778,35,36,1,0,35,36,22980,0,0,0,0,0
2020-06-29,US,Texas,Hood,57,4,0,32.42990927,-97.83242024,48221.0,92.46792012069496,7.01754386,53,57,4,0,53,57,60537,0,0,0,0,0
2020-06-29,US,Texas,Hopkins,54,1,0,33.14875072,-95.56351139,48223.0,145.61535972387009,1.8518518519999998,53,54,1,0,53,54,36810,0,0,0,0,0
2020-06-29,US,Texas,Houston,160,0,0,31.31925973,-95.42226208,48225.0,696.6213862765587,0.0,160,160,0,0,160,160,23169,0,0,0,0,0
2020-06-29,US,Texas,Howard,34,1,0,32.30621324,-101.4356444,48227.0,92.7340170194196,2.9411764710000003,33,34,1,0,33,34,36459,0,0,0,0,0
2020-06-29,US,Texas,Hudspeth,15,0,0,31.45628381,-105.388178,48229.0,306.99959066721243,0.0,15,15,0,0,15,15,4795,0,0,0,0,0
2020-06-29,US,Texas,Hunt,392,6,0,33.12351514,-96.08551032,48231.0,397.590117045662,1.530612245,386,392,6,0,386,364,96493,0,0,0,0,28
2020-06-29,US,Texas,Hutchinson,57,0,0,35.84006574,-101.3546643,48233.0,272.2323049001815,0.0,57,57,0,0,57,57,21198,0,0,0,0,0
2020-06-29,US,Texas,Irion,2,0,0,31.30375559,-100.982439,48235.0,130.20833333333334,0.0,2,2,0,0,2,2,1522,0,0,0,0,0
2020-06-29,US,Texas,Jack,7,0,0,33.23377248,-98.17283469,48237.0,78.3435926133184,0.0,7,7,0,0,7,7,8843,0,0,0,0,0
2020-06-29,US,Texas,Jackson,40,1,0,28.95472367,-96.57749563,48239.0,271.00271002710025,2.5,39,40,1,0,39,39,14874,0,0,0,0,1
2020-06-29,US,Texas,Jasper,51,1,0,30.74685667,-94.02667579,48241.0,143.54470995524784,1.960784314,50,51,1,0,50,43,35872,0,0,0,0,8
2020-06-29,US,Texas,Jeff Davis,1,0,0,30.71490589,-104.1399973,48243.0,43.975373790677224,0.0,1,1,0,0,1,1,2252,0,0,0,0,0
2020-06-29,US,Texas,Jefferson,1638,32,0,29.8832777,-94.16434171,48245.0,651.1239639854509,1.953601954,1606,1631,32,0,1599,1621,255001,7,0,0,7,10
2020-06-29,US,Texas,Jim Hogg,14,0,0,27.04453923,-98.6968187,48247.0,269.23076923076917,0.0,14,13,0,0,13,13,5248,1,0,0,1,0
2020-06-29,US,Texas,Jim Wells,124,0,0,27.73103938,-98.0904705,48249.0,306.30897682920806,0.0,124,105,0,0,105,81,40822,19,0,0,19,24
2020-06-29,US,Texas,Johnson,372,4,0,32.37877812,-97.36615819,48251.0,211.58363525711394,1.075268817,368,372,4,0,368,372,171361,0,0,0,0,0
2020-06-29,US,Texas,Jones,607,0,0,32.73997145,-99.87861576,48253.0,3022.4568042623114,0.0,607,607,0,0,607,607,19817,0,0,0,0,0
2020-06-29,US,Texas,Karnes,21,0,0,28.90705334,-97.85960149,48255.0,134.60675597718094,0.0,21,21,0,0,21,21,15650,0,0,0,0,0
2020-06-29,US,Texas,Kaufman,518,4,0,32.599141700000004,-96.28734728,48257.0,380.4515475123757,0.7722007721999999,514,518,4,0,514,518,128622,0,0,0,0,0
2020-06-29,US,Texas,Kendall,61,0,0,29.94414155,-98.7113588,48259.0,128.6078724884569,0.0,61,61,0,0,61,61,45641,0,0,0,0,0
2020-06-29,US,Texas,Kerr,72,1,0,30.06040006,-99.34930144,48265.0,136.88212927756658,1.388888889,71,72,1,0,71,72,52405,0,0,0,0,0
2020-06-29,US,Texas,Kimble,4,0,0,30.48678918,-99.74856473,48267.0,92.22965183306431,0.0,4,1,0,0,1,1,4362,3,0,0,3,0
2020-06-29,US,Texas,Kinney,2,0,0,29.34967888,-100.4186638,48271.0,54.5404963185165,0.0,2,2,0,0,2,2,3767,0,0,0,0,0
2020-06-29,US,Texas,Kleberg,59,1,0,27.42435506,-97.69894948,48273.0,192.3076923076923,1.694915254,58,52,1,0,51,42,31129,7,0,0,7,10
2020-06-29,US,Texas,Knox,1,0,0,33.60519951,-99.7422906,48275.0,27.29257641921397,0.0,1,1,0,0,1,1,3653,0,0,0,0,0
2020-06-29,US,Texas,La Salle,10,0,0,28.34453111,-99.09908775,48283.0,132.9787234042553,0.0,10,10,0,0,10,10,7531,0,0,0,0,0
2020-06-29,US,Texas,Lamar,265,13,0,33.66981763,-95.57404777,48277.0,531.4988266912694,4.905660377,252,265,13,0,252,244,49728,0,0,0,0,21
2020-06-29,US,Texas,Lamb,36,0,0,34.06859623,-102.3516289,48279.0,279.22128286667186,0.0,36,36,0,0,36,36,13158,0,0,0,0,0
2020-06-29,US,Texas,Lampasas,20,0,0,31.19531316,-98.24206613,48281.0,93.33582228859436,0.0,20,19,0,0,19,19,21229,1,0,0,1,0
2020-06-29,US,Texas,Lavaca,123,1,0,29.38508402,-96.93186692,48285.0,610.3006847275975,0.8130081301000001,122,123,1,0,122,122,20110,0,0,0,0,1
2020-06-29,US,Texas,Lee,58,3,0,30.31120597,-96.97045773,48287.0,336.4464296072858,5.1724137930000005,55,56,3,0,53,56,17144,2,0,0,2,0
2020-06-29,US,Texas,Leon,27,0,0,31.29872538,-95.9936328,48289.0,155.13675017237418,0.0,27,20,0,0,20,20,17270,7,0,0,7,0
2020-06-29,US,Texas,Liberty,287,3,0,30.15152688,-94.81205615,48291.0,325.32674367199814,1.045296167,284,275,3,0,272,262,86323,12,0,0,12,13
2020-06-29,US,Texas,Limestone,47,1,0,31.5454767,-96.58095444,48293.0,200.5376114690446,2.127659574,46,45,1,0,44,45,23519,2,0,0,2,0
2020-06-29,US,Texas,Lipscomb,9,0,0,36.27783108,-100.2733151,48295.0,278.3792143519951,0.0,9,9,0,0,9,9,3355,0,0,0,0,0
2020-06-29,US,Texas,Live Oak,21,0,0,28.35101362,-98.1246786,48297.0,172.03244040304745,0.0,21,21,0,0,21,21,12166,0,0,0,0,0
2020-06-29,US,Texas,Llano,9,0,0,30.70645047,-98.68475262,48299.0,41.29387474191329,0.0,9,8,0,0,8,8,21646,1,0,0,1,0
2020-06-29,US,Texas,Lubbock,2041,51,0,33.61008596,-101.8204789,48303.0,657.1808519201852,2.49877511,1990,1984,51,0,1933,1916,307412,57,0,0,57,68
2020-06-29,US,Texas,Lynn,28,1,0,33.17657705,-101.8162849,48305.0,470.5091581246849,3.571428571,27,28,1,0,27,28,5877,0,0,0,0,0
2020-06-29,US,Texas,Madison,29,0,0,30.96694679,-95.93003775,48313.0,203.02436292355083,0.0,29,30,0,0,30,28,14422,-1,0,0,-1,2
2020-06-29,US,Texas,Marion,26,1,0,32.79868409,-94.3566123,48315.0,263.8522427440633,3.8461538460000004,25,26,1,0,25,26,9928,0,0,0,0,0
2020-06-29,US,Texas,Martin,14,1,0,32.30600051,-101.9513518,48317.0,242.5922717033443,7.142857143,13,11,1,0,10,11,5753,3,0,0,3,0
2020-06-29,US,Texas,Mason,33,0,0,30.71780434,-99.22629416,48319.0,772.1104351895183,0.0,33,33,0,0,33,33,4280,0,0,0,0,0
2020-06-29,US,Texas,Matagorda,158,5,0,28.81955746,-96.01230294,48321.0,431.1874027781568,3.164556962,153,152,5,0,147,149,36552,6,0,0,6,3
2020-06-29,US,Texas,Maverick,311,2,0,28.7429195,-100.3157686,48323.0,529.6141139606962,0.6430868167,309,311,2,0,309,311,58485,0,0,0,0,0
2020-06-29,US,Texas,McCulloch,11,0,0,31.1925468,-99.34682807,48307.0,137.77555110220442,0.0,11,11,0,0,11,11,7987,0,0,0,0,0
2020-06-29,US,Texas,McLennan,744,6,0,31.55255453,-97.20217694,48309.0,289.91945382915793,0.8064516129000001,738,697,6,0,691,624,254607,47,0,0,47,73
2020-06-29,US,Texas,Medina,254,2,0,29.3557301,-99.11030298,48325.0,492.40074441687347,0.7874015748000001,252,254,2,0,252,254,50921,0,0,0,0,0
2020-06-29,US,Texas,Menard,3,0,0,30.88990665,-99.8204794,48327.0,140.31805425631433,0.0,3,3,0,0,3,3,2139,0,0,0,0,0
2020-06-29,US,Texas,Midland,563,14,0,31.86904128,-102.0315682,48329.0,318.38128845457834,2.4866785080000002,549,563,14,0,549,563,172578,0,0,0,0,0
2020-06-29,US,Texas,Milam,80,1,0,30.78581830000001,-96.97718698,48331.0,322.28175482415503,1.25,79,80,1,0,79,80,25131,0,0,0,0,0
2020-06-29,US,Texas,Mills,1,0,0,31.49557106,-98.59272068,48333.0,20.521239482864765,0.0,1,1,0,0,1,1,4921,0,0,0,0,0
2020-06-29,US,Texas,Mitchell,4,0,0,32.30623474,-100.9212058,48335.0,46.81100058513751,0.0,4,4,0,0,4,4,8145,0,0,0,0,0
2020-06-29,US,Texas,Montague,17,1,0,33.67521893,-97.72500958,48337.0,85.78060349177515,5.882352941000001,16,17,1,0,16,17,19596,0,0,0,0,0
2020-06-29,US,Texas,Montgomery,2028,36,0,30.30079133,-95.50572772,48339.0,333.887067803112,1.775147929,1992,1952,36,0,1916,1952,590925,76,0,0,76,0
2020-06-29,US,Texas,Moore,888,15,0,35.83769242,-101.8930281,48341.0,4240.687679083095,1.6891891890000001,873,888,15,0,873,888,21485,0,0,0,0,0
2020-06-29,US,Texas,Morris,38,0,0,33.11304005,-94.73255695,48343.0,306.74846625766867,0.0,38,37,0,0,37,37,12339,1,0,0,1,0
2020-06-29,US,Texas,Motley,1,0,0,34.07408766,-100.779722,48345.0,83.33333333333333,0.0,1,1,0,0,1,1,1234,0,0,0,0,0
2020-06-29,US,Texas,Nacogdoches,381,26,0,31.62017125,-94.61803994,48347.0,584.3199803693025,6.824146982,355,381,26,0,355,379,65711,0,0,0,0,2
2020-06-29,US,Texas,Navarro,185,6,0,32.04620681,-96.47428766,48349.0,369.1656855506555,3.243243243,179,185,6,0,179,185,49565,0,0,0,0,0
2020-06-29,US,Texas,Newton,12,0,0,30.78548982,-93.74408813,48351.0,88.26774549466715,0.0,12,12,0,0,12,12,13746,0,0,0,0,0
2020-06-29,US,Texas,Nolan,33,0,0,32.30365282,-100.4060208,48353.0,224.27619953785512,0.0,33,33,0,0,33,24,14751,0,0,0,0,9
2020-06-29,US,Texas,Nueces,2120,8,0,27.736286,-97.5433285,48355.0,585.1601185777297,0.37735849060000004,2112,1727,6,0,1721,1499,362265,393,2,0,391,228
2020-06-29,US,Texas,Ochiltree,53,2,0,36.27829105,-100.8158184,48357.0,538.8369255795038,3.7735849060000004,51,53,2,0,51,53,9947,0,0,0,0,0
2020-06-29,US,Texas,Oldham,4,1,0,35.40425596,-102.6027606,48359.0,189.3939393939394,25.0,3,4,1,0,3,4,2131,0,0,0,0,0
2020-06-29,US,Texas,Orange,198,3,0,30.11879481,-93.89412775,48361.0,237.4214590627848,1.515151515,195,198,3,0,195,198,83572,0,0,0,0,0
2020-06-29,US,Texas,Palo Pinto,17,2,0,32.75310985,-98.31319001,48363.0,58.24111822947,11.76470588,15,17,2,0,15,17,28875,0,0,0,0,0
2020-06-29,US,Texas,Panola,209,25,0,32.163959600000005,-94.30552481,48365.0,901.0951108045184,11.96172249,184,209,25,0,184,209,23148,0,0,0,0,0
2020-06-29,US,Texas,Parker,255,1,0,32.77757172,-97.80500621,48367.0,178.47394280435054,0.39215686270000005,254,255,1,0,254,260,138371,0,0,0,0,-5
2020-06-29,US,Texas,Parmer,188,8,0,34.52993409,-102.7844668,48369.0,1957.3138990109321,4.255319149,180,188,8,0,180,188,9864,0,0,0,0,0
2020-06-29,US,Texas,Pecos,120,0,0,30.78097267,-102.7241261,48371.0,758.3896859002717,0.0,120,117,0,0,117,120,15673,3,0,0,3,-3
2020-06-29,US,Texas,Polk,106,0,0,30.79472531,-94.8276624,48373.0,206.4144256421241,0.0,106,106,0,0,106,106,50031,0,0,0,0,0
2020-06-29,US,Texas,Potter,2858,39,0,35.40133773,-101.893964,48375.0,2434.1012647447087,1.3645906230000002,2819,2858,39,0,2819,2858,119648,0,0,0,0,0
2020-06-29,US,Texas,Presidio,15,0,0,29.99954402,-104.2408079,48377.0,223.7470167064439,0.0,15,15,0,0,15,15,6948,0,0,0,0,0
2020-06-29,US,Texas,Rains,8,0,0,32.87109387,-95.79232691,48379.0,63.9284001917852,0.0,8,8,0,0,8,8,12159,0,0,0,0,0
2020-06-29,US,Texas,Randall,825,6,0,34.96585996,-101.8971322,48381.0,599.071983037186,0.7272727273,819,825,6,0,819,825,136271,0,0,0,0,0
2020-06-29,US,Texas,Reagan,2,0,0,31.36607041,-101.5232659,48383.0,51.96154845414394,0.0,2,2,0,0,2,2,3741,0,0,0,0,0
2020-06-29,US,Texas,Real,1,0,0,29.83321503,-99.82018052,48385.0,28.96871378910777,0.0,1,1,0,0,1,1,3478,0,0,0,0,0
2020-06-29,US,Texas,Red River,105,10,0,33.61886692,-95.04841765,48387.0,873.3261249272227,9.523809523999999,95,105,10,0,95,105,12175,0,0,0,0,0
2020-06-29,US,Texas,Reeves,20,0,0,31.32323325,-103.6903896,48389.0,125.18778167250878,0.0,20,19,0,0,19,19,15695,1,0,0,1,0
2020-06-29,US,Texas,Refugio,12,0,0,28.3238976,-97.15766311,48391.0,172.71157167530225,0.0,12,10,0,0,10,10,7032,2,0,0,2,0
2020-06-29,US,Texas,Roberts,3,0,0,35.83809685,-100.813175,48393.0,351.2880562060891,0.0,3,3,0,0,3,3,903,0,0,0,0,0
2020-06-29,US,Texas,Robertson,42,0,0,31.02539637,-96.51272246,48395.0,245.98805200890243,0.0,42,35,0,0,35,34,17284,7,0,0,7,1
2020-06-29,US,Texas,Rockwall,331,16,0,32.89779518,-96.40771592,48397.0,315.49349473383216,4.833836858,315,331,16,0,315,331,100657,0,0,0,0,0
2020-06-29,US,Texas,Runnels,5,0,0,31.8314342,-99.97616148,48399.0,48.71395167575994,0.0,5,5,0,0,5,5,10234,0,0,0,0,0
2020-06-29,US,Texas,Rusk,266,3,0,32.10773545,-94.76176432,48401.0,488.9166636032791,1.127819549,263,264,3,0,261,264,54450,2,0,0,2,0
2020-06-29,US,Texas,Sabine,23,1,0,31.34318809,-93.85440451,48403.0,218.17491937013855,4.347826087,22,23,1,0,22,21,10589,0,0,0,0,2
2020-06-29,US,Texas,San Augustine,103,7,0,31.39457611,-94.17000399,48405.0,1250.455262838412,6.796116505,96,103,7,0,96,103,8232,0,0,0,0,0
2020-06-29,US,Texas,San Jacinto,31,0,0,30.57933681,-95.16260304,48407.0,107.418829481271,0.0,31,31,0,0,31,31,28719,0,0,0,0,0
2020-06-29,US,Texas,San Patricio,109,0,0,28.00880118,-97.51763891,48409.0,163.34482241870222,0.0,109,109,0,0,109,109,66893,0,0,0,0,0
2020-06-29,US,Texas,San Saba,4,0,0,31.1577796,-98.81758731,48411.0,66.06110652353426,0.0,4,4,0,0,4,4,6054,0,0,0,0,0
2020-06-29,US,Texas,Schleicher,15,0,0,30.89740592,-100.5384842,48413.0,537.0569280343716,0.0,15,14,0,0,14,14,2895,1,0,0,1,0
2020-06-29,US,Texas,Scurry,32,0,0,32.74613808,-100.9162664,48415.0,191.58235047596241,0.0,32,32,0,0,32,32,16866,0,0,0,0,0
2020-06-29,US,Texas,Shackelford,1,0,0,32.73587756,-99.35401337,48417.0,30.627871362940283,0.0,1,1,0,0,1,1,3253,0,0,0,0,0
2020-06-29,US,Texas,Shelby,275,9,0,31.79211404,-94.14550696,48419.0,1088.0747012740367,3.272727273,266,275,9,0,266,275,25418,0,0,0,0,0
2020-06-29,US,Texas,Sherman,30,0,0,36.27751473,-101.8933156,48421.0,992.7200529450696,0.0,30,30,0,0,30,30,3079,0,0,0,0,0
2020-06-29,US,Texas,Smith,499,4,0,32.37474036,-95.2717568,48423.0,214.39220454477103,0.8016032064,495,499,4,0,495,455,230221,0,0,0,0,44
2020-06-29,US,Texas,Somervell,5,0,0,32.22236802,-97.77403489,48425.0,54.77651183172656,0.0,5,5,0,0,5,5,9016,0,0,0,0,0
2020-06-29,US,Texas,Starr,598,3,0,26.56150059,-98.73892358,48427.0,925.2239568022528,0.5016722408,595,496,3,0,493,483,64525,102,0,0,102,13
2020-06-29,US,Texas,Stephens,7,0,0,32.73553157,-98.83631615,48429.0,74.73841554559044,0.0,7,7,0,0,7,7,9433,0,0,0,0,0
2020-06-29,US,Texas,Sutton,4,0,0,30.49856623,-100.5382014,48435.0,105.93220338983048,0.0,4,3,0,0,3,3,3758,1,0,0,1,0
2020-06-29,US,Texas,Swisher,31,1,0,34.53028891,-101.7349174,48437.0,419.0888197918074,3.225806452,30,31,1,0,30,31,7462,0,0,0,0,0
2020-06-29,US,Texas,Tarrant,11739,225,0,32.77143818,-97.29101614,48439.0,558.331331762199,1.9166879630000002,11514,11476,225,0,11251,11083,2084931,263,0,0,263,393
2020-06-29,US,Texas,Taylor,352,5,0,32.30163422,-99.89007449,48441.0,255.00963530724314,1.420454545,347,346,5,0,341,346,137640,6,0,0,6,0
2020-06-29,US,Texas,Terrell,1,0,0,30.22429013,-102.0766732,48443.0,128.86597938144328,0.0,1,1,0,0,1,1,823,0,0,0,0,0
2020-06-29,US,Texas,Terry,16,0,0,33.17402785,-102.3354521,48445.0,129.69117289454488,0.0,16,16,0,0,16,16,12287,0,0,0,0,0
2020-06-29,US,Texas,Throckmorton,1,0,0,33.17751417,-99.21226795,48447.0,66.62225183211193,0.0,1,1,0,0,1,1,1515,0,0,0,0,0
2020-06-29,US,Texas,Titus,766,5,0,33.21339719,-94.96797273,48449.0,2338.9312977099235,0.6527415144,761,766,5,0,761,766,33033,0,0,0,0,0
2020-06-29,US,Texas,Tom Green,379,2,0,31.40464436,-100.462443,48451.0,317.95302013422815,0.5277044854999999,377,358,2,0,356,342,118189,21,0,0,21,16
2020-06-29,US,Texas,Travis,8461,117,0,30.33432034,-97.7853562,48453.0,664.1527088105222,1.38281527,8344,7825,117,0,7708,7097,1248743,636,0,0,636,728
2020-06-29,US,Texas,Trinity,32,0,0,31.0879489,-95.1367187,48455.0,218.4151252474234,0.0,32,32,0,0,32,32,14740,0,0,0,0,0
2020-06-29,US,Texas,Tyler,25,0,0,30.77031716,-94.37690895,48457.0,115.35622000738279,0.0,25,25,0,0,25,21,21696,0,0,0,0,4
2020-06-29,US,Texas,Upshur,46,0,0,32.73706798,-94.93999853,48459.0,110.17172418748352,0.0,46,46,0,0,46,46,41260,0,0,0,0,0
2020-06-29,US,Texas,Upton,2,0,0,31.36868194,-102.0423217,48461.0,54.689636313918506,0.0,2,2,0,0,2,2,3671,0,0,0,0,0
2020-06-29,US,Texas,Uvalde,73,1,0,29.35739637,-99.76229172,48463.0,272.989043042519,1.369863014,72,70,1,0,69,62,26846,3,0,0,3,8
2020-06-29,US,Texas,Val Verde,191,0,0,29.89149232,-101.1525205,48465.0,389.59714431412544,0.0,191,123,0,0,123,123,49208,68,0,0,68,0
2020-06-29,US,Texas,Van Zandt,78,3,0,32.56483801,-95.83766469,48467.0,137.83353949461036,3.8461538460000004,75,78,3,0,75,71,56019,0,0,0,0,7
2020-06-29,US,Texas,Victoria,480,8,0,28.79780988,-96.96813006,48469.0,521.2631944746101,1.6666666669999999,472,480,8,0,472,480,92035,0,0,0,0,0
2020-06-29,US,Texas,Walker,1981,28,0,30.73872995,-95.57440968,48471.0,2714.777103232791,1.4134275619999999,1953,1967,28,0,1939,1961,72480,14,0,0,14,6
2020-06-29,US,Texas,Waller,149,0,0,30.01058447,-95.99011759,48473.0,269.70278391195745,0.0,149,145,0,0,145,133,53126,4,0,0,4,12
2020-06-29,US,Texas,Ward,14,0,0,31.50999644,-103.0927909,48475.0,116.68611435239208,0.0,14,14,0,0,14,14,11720,0,0,0,0,0
2020-06-29,US,Texas,Washington,265,31,0,30.21498498,-96.40946246,48477.0,738.5318544116827,11.69811321,234,261,31,0,230,260,35108,4,0,0,4,1
2020-06-29,US,Texas,Webb,1457,25,0,27.7610369,-99.33237355,48479.0,526.6544250538583,1.715854496,1432,1262,24,0,1238,1212,275910,195,1,0,194,50
2020-06-29,US,Texas,Wharton,192,1,0,29.27765923,-96.22319248,48481.0,462.0271440947155,0.5208333333,191,189,1,0,188,181,41619,3,0,0,3,8
2020-06-29,US,Texas,Wheeler,16,0,0,35.40114335,-100.2699514,48483.0,316.4556962025317,0.0,16,16,0,0,16,16,5191,0,0,0,0,0
2020-06-29,US,Texas,Wichita,300,2,0,33.98842886,-98.7041034,48485.0,226.8774105724873,0.6666666667,298,300,2,0,298,270,132064,0,0,0,0,30
2020-06-29,US,Texas,Wilbarger,9,0,0,34.07945812,-99.24178437,48487.0,70.48320150364164,0.0,9,9,0,0,9,9,12820,0,0,0,0,0
2020-06-29,US,Texas,Willacy,151,3,0,26.47411727,-97.61535848,48489.0,706.9950369884821,1.986754967,148,137,3,0,134,129,21515,14,0,0,14,8
2020-06-29,US,Texas,Williamson,2100,37,0,30.64655664,-97.6004854,48491.0,355.60010905070015,1.761904762,2063,2019,35,0,1984,1850,566719,81,2,0,79,169
2020-06-29,US,Texas,Wilson,86,5,0,29.1732598,-98.08693082,48493.0,168.39631877814762,5.813953487999999,81,86,5,0,81,88,50224,0,0,0,0,-2
2020-06-29,US,Texas,Winkler,16,0,0,31.85008651,-103.0485163,48495.0,199.75031210986268,0.0,16,14,0,0,14,14,7720,2,0,0,2,0
2020-06-29,US,Texas,Wise,90,5,0,33.21570665,-97.65460265,48497.0,128.6008230452675,5.555555556,85,90,5,0,85,90,68305,0,0,0,0,0
2020-06-29,US,Texas,Wood,80,5,0,32.78722382,-95.38236368,48499.0,175.6735984540723,6.25,75,80,5,0,75,78,45129,0,0,0,0,2
2020-06-29,US,Texas,Yoakum,21,0,0,33.17320212,-102.8276433,48501.0,241.0191667623092,0.0,21,21,0,0,21,21,8591,0,0,0,0,0
2020-06-29,US,Texas,Young,22,1,0,33.17659707,-98.68790885,48503.0,122.15435868961687,4.545454545,21,22,1,0,21,22,18045,0,0,0,0,0
2020-06-29,US,Texas,Zapata,45,0,0,27.00156391,-99.16987152,48505.0,317.37075957401794,0.0,45,45,0,0,45,44,14190,0,0,0,0,1
2020-06-29,US,Texas,Zavala,19,0,0,28.86617238,-99.76050829,48507.0,160.47297297297297,0.0,19,19,0,0,19,19,11983,0,0,0,0,0
2020-06-29,US,Utah,Bear River,1504,2,0,41.52106798,-113.0832816,0.0,805.0616107655577,0.1329787234,1502,1471,2,0,1469,1454,,33,0,0,33,17
2020-06-29,US,Utah,Central Utah,159,0,0,39.37231946,-111.5758676,0.0,194.01127461746842,0.0,159,143,0,0,143,134,,16,0,0,16,9
2020-06-29,US,Utah,Davis,1155,5,0,40.99001837,-112.1139997,49011.0,324.91187995982915,0.43290043289999997,1150,1113,4,0,1109,1080,351713,42,1,0,41,33
2020-06-29,US,Utah,Salt Lake,10887,106,0,40.66616532,-111.9216011,49035.0,938.1810473123488,0.9736382842,10781,10629,106,0,10523,10417,1152633,258,0,0,258,212
2020-06-29,US,Utah,San Juan,400,8,0,37.62762978,-109.80337140000002,49037.0,2613.012803762739,2.0,392,399,8,0,391,399,15449,1,0,0,1,0
2020-06-29,US,Utah,Southeast Utah,35,0,0,38.99617072,-110.7013958,0.0,87.00191404210892,0.0,35,35,0,0,35,34,,0,0,0,0,1
2020-06-29,US,Utah,Southwest Utah,1467,10,0,37.85447192,-111.4418764,0.0,582.0458495012738,0.6816632584000001,1457,1428,10,0,1418,1361,,39,0,0,39,67
2020-06-29,US,Utah,Summit,485,0,0,40.86688146,-110.9535882,49043.0,1150.788942935105,0.0,485,483,0,0,483,482,41933,2,0,0,2,1
2020-06-29,US,Utah,Tooele,234,0,0,40.44862644,-113.1295715,49045.0,323.8350932063826,0.0,234,229,0,0,229,225,69907,5,0,0,5,4
2020-06-29,US,Utah,TriCounty,48,0,0,40.12491499,-109.5174415,0.0,84.77270318957295,0.0,48,48,0,0,48,46,,0,0,0,0,2
2020-06-29,US,Utah,Utah,3965,22,0,40.1166722,-111.6657662,49049.0,623.1974034751312,0.5548549811,3943,3850,22,0,3828,3751,622213,115,0,0,115,99
2020-06-29,US,Utah,Wasatch,406,3,0,40.33110236,-111.1691419,49051.0,1190.93015751958,0.7389162562,403,400,3,0,397,399,33240,6,0,0,6,1
2020-06-29,US,Utah,Weber-Morgan,919,12,0,41.27116049,-111.9145117,0.0,337.44955698270894,1.305767138,907,872,12,0,860,846,,47,0,0,47,26
2020-06-29,US,Vermont,Addison,68,2,0,44.03217337,-73.14130877,50001.0,184.89817005193458,2.9411764710000003,66,68,2,0,66,68,36973,0,0,0,0,0
2020-06-29,US,Vermont,Bennington,72,1,0,43.03519828,-73.09048868,50003.0,202.98844093600223,1.388888889,71,71,1,0,70,71,35631,1,0,0,1,0
2020-06-29,US,Vermont,Caledonia,19,0,0,44.46548598,-72.10314651,50005.0,63.34811456006401,0.0,19,19,0,0,19,19,30302,0,0,0,0,0
2020-06-29,US,Vermont,Chittenden,607,39,0,44.46322849,-73.08359212,50007.0,370.6327011613565,6.4250411860000005,568,602,39,0,563,601,164572,5,0,0,5,1
2020-06-29,US,Vermont,Essex,3,0,0,44.72736416,-71.73579864,50009.0,48.67759208177836,0.0,3,3,0,0,3,3,6250,0,0,0,0,0
2020-06-29,US,Vermont,Franklin,104,6,0,44.85627605,-72.91249563,50011.0,210.51779280191087,5.769230769,98,104,6,0,98,104,49421,0,0,0,0,0
2020-06-29,US,Vermont,Grand Isle,10,0,0,44.7975824,-73.29679772,50013.0,138.217000691085,0.0,10,10,0,0,10,10,7090,0,0,0,0,0
2020-06-29,US,Vermont,Lamoille,30,1,0,44.60353043,-72.64356694,50015.0,118.28720132481665,3.333333333,29,30,1,0,29,30,25300,0,0,0,0,0
2020-06-29,US,Vermont,Orange,9,0,0,44.00470222,-72.37640104,50017.0,31.150491485532328,0.0,9,9,0,0,9,9,28999,0,0,0,0,0
2020-06-29,US,Vermont,Orleans,14,0,0,44.82964024,-72.24562697,50019.0,51.78089285053815,0.0,14,14,0,0,14,14,26907,0,0,0,0,0
2020-06-29,US,Vermont,Rutland,73,1,0,43.57723578,-73.03741676,50021.0,125.44895258716984,1.369863014,72,73,1,0,72,73,58672,0,0,0,0,0
2020-06-29,US,Vermont,Unassigned,6,0,0,0.0,0.0,90050.0,0.0,0.0,6,6,0,0,6,5,,0,0,0,0,1
2020-06-29,US,Vermont,Washington,41,1,0,44.27343241,-72.61604978,50023.0,70.19466178157475,2.43902439,40,41,1,0,40,41,58140,0,0,0,0,0
2020-06-29,US,Vermont,Windham,94,3,0,42.986982,-72.71268875,50025.0,222.6327506986879,3.191489362,91,94,3,0,91,94,42756,0,0,0,0,0
2020-06-29,US,Vermont,Windsor,58,2,0,43.58010937,-72.58595157,50027.0,105.3358032763067,3.448275862,56,58,2,0,56,58,55286,0,0,0,0,0
2020-06-29,US,Virginia,Accomack,1039,14,0,37.76707161,-75.63234615,51001.0,3215.1256343606883,1.347449471,1025,1039,14,0,1025,1039,32412,0,0,0,0,0
2020-06-29,US,Virginia,Albemarle,394,8,0,38.02080697,-78.55481085,51003.0,360.3768407573402,2.030456853,386,393,8,0,385,382,108718,1,0,0,1,11
2020-06-29,US,Virginia,Alexandria,2317,57,0,38.814003,-77.08183073,51510.0,1453.3206212208645,2.460077687,2260,2312,57,0,2255,2303,160530,5,0,0,5,9
2020-06-29,US,Virginia,Alleghany,31,2,0,37.78636074,-80.00222498,51005.0,208.6137281292059,6.451612902999999,29,31,2,0,29,31,14910,0,0,0,0,0
2020-06-29,US,Virginia,Amelia,44,1,0,37.34081025,-77.98584649,51007.0,334.72803347280336,2.272727273,43,42,1,0,41,42,13013,2,0,0,2,0
2020-06-29,US,Virginia,Amherst,35,0,0,37.60308293,-79.14548696,51009.0,110.74197120708747,0.0,35,35,0,0,35,35,31666,0,0,0,0,0
2020-06-29,US,Virginia,Appomattox,39,0,0,37.37569884,-78.81340003,51011.0,245.1134435296336,0.0,39,39,0,0,39,38,15841,0,0,0,0,1
2020-06-29,US,Virginia,Arlington,2466,132,0,38.8767675,-77.10139853,51013.0,1041.2004627557612,5.352798054,2334,2464,132,0,2332,2454,237521,2,0,0,2,10
2020-06-29,US,Virginia,Augusta,183,2,0,38.16404586,-79.12461614,51015.0,242.1980465337886,1.092896175,181,183,2,0,181,179,75457,0,0,0,0,4
2020-06-29,US,Virginia,Bedford,114,3,0,37.3080028,-79.5281964,51019.0,144.30927756750256,2.631578947,111,109,3,0,106,107,78747,5,0,0,5,2
2020-06-29,US,Virginia,Bland,2,0,0,37.13128068,-81.13599391,51021.0,31.84713375796178,0.0,2,2,0,0,2,2,6293,0,0,0,0,0
2020-06-29,US,Virginia,Botetourt,86,4,0,37.55531756,-79.80982182,51023.0,257.3386396959813,4.651162791,82,73,4,0,69,69,33277,13,0,0,13,4
2020-06-29,US,Virginia,Bristol,4,0,0,36.6163024,-82.16359122,51520.0,23.863500775563768,0.0,4,4,0,0,4,4,16482,0,0,0,0,0
2020-06-29,US,Virginia,Brunswick,102,1,0,36.76366949,-77.8593436,51025.0,628.4270839751092,0.9803921568999999,101,102,1,0,101,99,16384,0,0,0,0,3
2020-06-29,US,Virginia,Buchanan,31,0,0,37.26818323,-82.03749726,51027.0,147.59093505998857,0.0,31,31,0,0,31,31,21221,0,0,0,0,0
2020-06-29,US,Virginia,Buckingham,556,4,0,37.57242268,-78.52518834,51029.0,3242.360625145789,0.7194244604000001,552,556,4,0,552,556,16999,0,0,0,0,0
2020-06-29,US,Virginia,Buena Vista,14,0,0,37.73484642,-79.35296097,51530.0,216.11608521148503,0.0,14,14,0,0,14,14,6237,0,0,0,0,0
2020-06-29,US,Virginia,Campbell,44,1,0,37.20553386,-79.09678609,51031.0,80.16762321217091,2.272727273,43,43,1,0,42,41,54973,1,0,0,1,2
2020-06-29,US,Virginia,Caroline,128,4,0,38.02679129,-77.34901405,51033.0,416.5988608624898,3.125,124,128,4,0,124,128,30772,0,0,0,0,0
2020-06-29,US,Virginia,Carroll,209,8,0,36.73066666,-80.73455942,51035.0,701.5541606525461,3.8277511960000004,201,206,8,0,198,203,29636,3,0,0,3,3
2020-06-29,US,Virginia,Charles City,40,3,0,37.35358063,-77.05634116,51036.0,574.4650294413328,7.5,37,39,3,0,36,39,6941,1,0,0,1,0
2020-06-29,US,Virginia,Charlotte,31,0,0,37.01909701,-78.66314092,51037.0,260.94276094276097,0.0,31,30,0,0,30,30,11938,1,0,0,1,0
2020-06-29,US,Virginia,Charlottesville,211,3,0,38.03527919,-78.48569588,51540.0,446.4096813777345,1.421800948,208,209,3,0,206,200,48117,2,0,0,2,9
2020-06-29,US,Virginia,Chesapeake,887,20,0,36.67670048,-76.30545744,51550.0,362.2848040517083,2.2547914319999998,867,879,20,0,859,854,242634,8,0,0,8,25
2020-06-29,US,Virginia,Chesterfield,2869,49,0,37.37373208,-77.58680140000001,51041.0,813.2040067800069,1.707912165,2820,2856,49,0,2807,2842,348556,13,0,0,13,14
2020-06-29,US,Virginia,Clarke,49,0,0,39.11271747,-77.99199425,51043.0,335.1802448867912,0.0,49,49,0,0,49,49,14523,0,0,0,0,0
2020-06-29,US,Virginia,Colonial Heights,143,17,0,37.26420587,-77.39609676,51570.0,823.2584916522743,11.88811189,126,143,17,0,126,143,17833,0,0,0,0,0
2020-06-29,US,Virginia,Covington,3,0,0,37.7824656,-79.98631446,51580.0,54.17118093174431,0.0,3,3,0,0,3,3,5460,0,0,0,0,0
2020-06-29,US,Virginia,Craig,7,0,0,37.48133648,-80.21072274,51045.0,136.4256480218281,0.0,7,6,0,0,6,6,5064,1,0,0,1,0
2020-06-29,US,Virginia,Culpeper,808,10,0,38.48199985,-77.95630870000002,51047.0,1535.9756677121948,1.2376237620000001,798,808,10,0,798,807,51859,0,0,0,0,1
2020-06-29,US,Virginia,Cumberland,50,0,0,37.51328851,-78.24398086,51049.0,503.42327829238815,0.0,50,50,0,0,50,50,9809,0,0,0,0,0
2020-06-29,US,Virginia,Danville,82,2,0,36.58022376,-79.40395668,51590.0,204.7747477774448,2.43902439,80,80,2,0,78,79,40693,2,0,0,2,1
2020-06-29,US,Virginia,Dickenson,4,0,0,37.12560977,-82.35124171,51051.0,27.936862690319877,0.0,4,3,0,0,3,3,14523,1,0,0,1,0
2020-06-29,US,Virginia,Dinwiddie,140,0,0,37.07544585,-77.63451754,51053.0,490.47085201793715,0.0,140,141,0,0,141,141,28529,-1,0,0,-1,0
2020-06-29,US,Virginia,Emporia,133,12,0,36.69455571,-77.53406129,51595.0,2487.841376730265,9.022556391,121,133,10,0,123,133,5121,0,2,0,-2,0
2020-06-29,US,Virginia,Essex,57,0,0,37.93357639,-76.94230311,51057.0,520.4053683922214,0.0,57,56,0,0,56,56,10919,1,0,0,1,0
2020-06-29,US,Virginia,Fairfax,13840,478,0,38.83677558,-77.27565836,51059.0,1206.0665846355482,3.453757225,13362,13778,473,0,13305,13728,1150795,62,5,0,57,50
2020-06-29,US,Virginia,Fairfax,13840,478,0,38.83677558,-77.27565836,51059.0,1206.0665846355482,3.453757225,13362,13778,473,0,13305,13728,24574,62,5,0,57,50
2020-06-29,US,Virginia,Fairfax City,70,7,0,38.85157547,-77.29779640000002,51600.0,291.4359465423206,10.0,63,70,7,0,63,70,24574,0,0,0,0,0
2020-06-29,US,Virginia,Falls Church,56,8,0,38.88485255,-77.17560759,51610.0,383.1155503865362,14.28571429,48,56,7,0,49,56,14772,0,1,0,-1,0
2020-06-29,US,Virginia,Fauquier,417,6,0,38.73564842,-77.80647472,51061.0,585.4932464687878,1.438848921,411,417,6,0,411,417,70675,0,0,0,0,0
2020-06-29,US,Virginia,Floyd,17,1,0,36.9302126,-80.36738849,51063.0,107.94336148326876,5.882352941000001,16,16,1,0,15,15,15795,1,0,0,1,1
2020-06-29,US,Virginia,Fluvanna,110,6,0,37.84157909,-78.27715475,51065.0,403.37367070040335,5.454545455,104,109,6,0,103,109,26783,1,0,0,1,0
2020-06-29,US,Virginia,Franklin,72,1,0,36.99536167,-79.88023649,51067.0,128.47507226722814,1.388888889,71,66,1,0,65,60,56195,6,0,0,6,6
2020-06-29,US,Virginia,Franklin,72,1,0,36.99536167,-79.88023649,51067.0,128.47507226722814,1.388888889,71,66,1,0,65,60,8013,6,0,0,6,6
2020-06-29,US,Virginia,Franklin City,50,2,0,36.6831435,-76.93859681,51620.0,627.5888038157399,4.0,48,47,2,0,45,47,8013,3,0,0,3,0
2020-06-29,US,Virginia,Frederick,491,5,0,39.20172582,-78.25974949,51069.0,549.7519957900865,1.018329939,486,488,5,0,483,479,88355,3,0,0,3,9
2020-06-29,US,Virginia,Fredericksburg,247,0,0,38.2977863,-77.4922454,51630.0,850.6681361069017,0.0,247,246,0,0,246,239,29144,1,0,0,1,7
2020-06-29,US,Virginia,Galax,253,13,0,36.66601852,-80.91703124,51640.0,3986.1351819757374,5.138339921,240,252,13,0,239,244,6423,1,0,0,1,8
2020-06-29,US,Virginia,Giles,14,0,0,37.31234791,-80.70636931,51071.0,83.73205741626796,0.0,14,13,0,0,13,8,16844,1,0,0,1,5
2020-06-29,US,Virginia,Gloucester,48,1,0,37.40809042,-76.53524337,51073.0,128.52093820284887,2.083333333,47,45,1,0,44,44,37349,3,0,0,3,1
2020-06-29,US,Virginia,Goochland,119,6,0,37.71714806,-77.90381514,51075.0,500.9893487138466,5.0420168069999995,113,119,6,0,113,118,23244,0,0,0,0,1
2020-06-29,US,Virginia,Grayson,84,2,0,36.65677234,-81.23215889,51077.0,540.1929260450161,2.3809523809999997,82,84,2,0,82,84,15631,0,0,0,0,0
2020-06-29,US,Virginia,Greene,65,1,0,38.29545894,-78.46525378,51079.0,327.9681114082446,1.5384615380000002,64,65,1,0,64,60,19779,0,0,0,0,5
2020-06-29,US,Virginia,Greensville,354,7,0,36.67878901,-77.56351439,51081.0,3122.7946365561047,1.97740113,347,355,7,0,348,355,11627,-1,0,0,-1,0
2020-06-29,US,Virginia,Halifax,50,1,0,36.76654925,-78.93512622,51083.0,147.44478192916753,2.0,49,49,1,0,48,49,34120,1,0,0,1,0
2020-06-29,US,Virginia,Hampton,316,5,0,37.03513786,-76.35879121,51650.0,234.9267712437737,1.582278481,311,310,5,0,305,305,134313,6,0,0,6,5
2020-06-29,US,Virginia,Hanover,423,26,0,37.7583355,-77.49464673,51085.0,392.51712042759317,6.146572104,397,420,26,0,394,416,107239,3,0,0,3,4
2020-06-29,US,Virginia,Harrisonburg,936,24,0,38.43542574,-78.87536254,51660.0,1765.5047532820279,2.564102564,912,933,24,0,909,925,54033,3,0,0,3,8
2020-06-29,US,Virginia,Henrico,2584,141,0,37.53460572,-77.39326555,51087.0,781.0941363529191,5.456656347000001,2443,2579,141,0,2438,2560,329261,5,0,0,5,19
2020-06-29,US,Virginia,Henry,250,4,0,36.68542395,-79.87634026,51089.0,494.4913661807465,1.6,246,249,4,0,245,243,50953,1,0,0,1,6
2020-06-29,US,Virginia,Highland,3,0,0,38.35799465,-79.56124594,51091.0,136.98630136986299,0.0,3,3,0,0,3,3,2210,0,0,0,0,0
2020-06-29,US,Virginia,Hopewell,169,2,0,37.29186313,-77.29754684,51670.0,750.1442585112521,1.183431953,167,169,2,0,167,169,22596,0,0,0,0,0
2020-06-29,US,Virginia,Isle of Wight,178,8,0,36.90579348,-76.70842863,51093.0,479.66800506615647,4.494382022,170,177,8,0,169,177,36953,1,0,0,1,0
2020-06-29,US,Virginia,James City,258,15,0,37.31156958,-76.76950618,51095.0,337.1535355383349,5.813953487999999,243,254,15,0,239,252,76397,4,0,0,4,2
2020-06-29,US,Virginia,King George,97,4,0,38.26818502,-77.15852768,51099.0,361.4547622596512,4.12371134,93,97,4,0,93,97,26575,0,0,0,0,0
2020-06-29,US,Virginia,King William,42,0,0,37.70965316,-77.09384941,51101.0,244.926522043387,0.0,42,42,0,0,42,40,16939,0,0,0,0,2
2020-06-29,US,Virginia,King and Queen,23,1,0,37.71044922,-76.88689628,51097.0,327.40213523131666,4.347826087,22,23,1,0,22,23,7042,0,0,0,0,0
2020-06-29,US,Virginia,Lancaster,11,0,0,37.71889653,-76.46400482,51103.0,103.74422333301895,0.0,11,11,0,0,11,10,10783,0,0,0,0,1
2020-06-29,US,Virginia,Lee,9,0,0,36.70586667,-83.12606515,51105.0,38.42377150663877,0.0,9,9,0,0,9,9,23541,0,0,0,0,0
2020-06-29,US,Virginia,Lexington,10,0,0,37.78258621,-79.44262866,51678.0,134.30029546065,0.0,10,10,0,0,10,10,7136,0,0,0,0,0
2020-06-29,US,Virginia,Loudoun,3968,87,0,39.08990083,-77.63481877,51107.0,959.5248804221136,2.1925403230000002,3881,3932,87,0,3845,3890,406850,36,0,0,36,42
2020-06-29,US,Virginia,Louisa,118,1,0,37.97850256,-77.96274807,51109.0,313.90492405096967,0.8474576270999999,117,118,1,0,117,117,36778,0,0,0,0,1
2020-06-29,US,Virginia,Lunenburg,31,0,0,36.94618528,-78.24133319,51111.0,254.18169891767792,0.0,31,30,0,0,30,30,12086,1,0,0,1,0
2020-06-29,US,Virginia,Lynchburg,139,1,0,37.40021399,-79.19888138,51680.0,169.16561191704798,0.7194244604000001,138,134,1,0,133,132,82126,5,0,0,5,2
2020-06-29,US,Virginia,Madison,43,1,0,38.41531222,-78.28220331,51113.0,324.2591056481412,2.325581395,42,43,1,0,42,43,13295,0,0,0,0,0
2020-06-29,US,Virginia,Manassas,1385,16,0,38.7464321,-77.48509905,51683.0,3371.0599975660216,1.155234657,1369,1387,16,0,1371,1382,41641,-2,0,0,-2,5
2020-06-29,US,Virginia,Manassas Park,427,5,0,38.77058531,-77.44399307,51685.0,2443.071289621238,1.170960187,422,428,5,0,423,422,17307,-1,0,0,-1,6
2020-06-29,US,Virginia,Martinsville,74,1,0,36.68212094,-79.86352771,51690.0,589.4535606181297,1.351351351,73,72,1,0,71,70,12902,2,0,0,2,2
2020-06-29,US,Virginia,Mathews,5,0,0,37.44164146,-76.34098896,51115.0,56.599501924383055,0.0,5,5,0,0,5,5,8802,0,0,0,0,0
2020-06-29,US,Virginia,Mecklenburg,240,26,0,36.67882005,-78.36131056,51117.0,784.6470722856116,10.83333333,214,240,26,0,214,240,30650,0,0,0,0,0
2020-06-29,US,Virginia,Middlesex,15,0,0,37.63191998,-76.55064617,51119.0,141.75014175014175,0.0,15,15,0,0,15,15,10769,0,0,0,0,0
2020-06-29,US,Virginia,Montgomery,143,2,0,37.17746986,-80.37868691,51121.0,145.1260973258233,1.3986013990000001,141,136,2,0,134,126,98985,7,0,0,7,10
2020-06-29,US,Virginia,Nelson,18,0,0,37.78790447,-78.88498513,51125.0,120.56262558606831,0.0,18,18,0,0,18,18,14836,0,0,0,0,0
2020-06-29,US,Virginia,New Kent,57,1,0,37.50694406,-76.99828634,51127.0,246.84942185266988,1.754385965,56,57,1,0,56,57,22391,0,0,0,0,0
2020-06-29,US,Virginia,Newport News,513,10,0,37.08166899,-76.51754109,51700.0,286.23238945459616,1.949317739,503,500,10,0,490,490,178626,13,0,0,13,10
2020-06-29,US,Virginia,Norfolk,889,9,0,36.89934014,-76.26420872,51710.0,366.2324608020038,1.012373453,880,855,9,0,846,842,244076,34,0,0,34,13
2020-06-29,US,Virginia,Northampton,269,28,0,37.34062933,-75.87751591,51131.0,2297.1818958155427,10.40892193,241,269,28,0,241,269,11735,0,0,0,0,0
2020-06-29,US,Virginia,Northumberland,39,1,0,37.89202088,-76.41949732,51133.0,322.4472922695328,2.564102564,38,38,1,0,37,38,12147,1,0,0,1,0
2020-06-29,US,Virginia,Norton,4,0,0,36.93357076,-82.62750411,51720.0,100.4772670183371,0.0,4,4,0,0,4,4,3968,0,0,0,0,0
2020-06-29,US,Virginia,Nottoway,110,2,0,37.1435975,-78.05065922,51135.0,722.1638655462185,1.8181818180000002,108,109,2,0,107,109,15420,1,0,0,1,0
2020-06-29,US,Virginia,Orange,146,3,0,38.24530219,-78.01560400000002,51137.0,394.05144260613747,2.054794521,143,145,3,0,142,145,36644,1,0,0,1,0
2020-06-29,US,Virginia,Page,267,24,0,38.61807452,-78.48797204,51139.0,1117.0613337796,8.988764045,243,267,24,0,243,267,23933,0,0,0,0,0
2020-06-29,US,Virginia,Patrick,42,1,0,36.6801638,-80.2865648,51141.0,238.5279418446161,2.3809523809999997,41,42,1,0,41,41,17673,0,0,0,0,1
2020-06-29,US,Virginia,Petersburg,226,3,0,37.20530399,-77.39368102,51730.0,720.9851336693677,1.3274336279999999,223,221,3,0,218,221,31567,5,0,0,5,0
2020-06-29,US,Virginia,Pittsylvania,117,1,0,36.81980341,-79.39731264,51143.0,193.8562481359976,0.8547008547,116,108,1,0,107,107,60949,9,0,0,9,1
2020-06-29,US,Virginia,Poquoson,19,0,0,37.14259351,-76.35798148,51735.0,154.8366066335262,0.0,19,19,0,0,19,19,12190,0,0,0,0,0
2020-06-29,US,Virginia,Portsmouth,471,16,0,36.85914825,-76.35971629,51740.0,498.9512489671391,3.3970276010000005,455,459,16,0,443,455,94632,12,0,0,12,4
2020-06-29,US,Virginia,Powhatan,79,2,0,37.55016038,-77.91267882,51145.0,266.4238499932551,2.53164557,77,77,2,0,75,77,29189,2,0,0,2,0
2020-06-29,US,Virginia,Prince Edward,186,3,0,37.22554789,-78.43597949,51147.0,815.7179194807474,1.612903226,183,182,3,0,179,182,22950,4,0,0,4,0
2020-06-29,US,Virginia,Prince George,235,1,0,37.18497668,-77.22922187,51149.0,612.7291215811017,0.42553191490000003,234,229,1,0,228,228,38082,6,0,0,6,1
2020-06-29,US,Virginia,Prince William,7210,139,0,38.70916224,-77.48713689,51153.0,1532.949918674987,1.9278779469999998,7071,7204,139,0,7065,7166,468011,6,0,0,6,38
2020-06-29,US,Virginia,Pulaski,45,2,0,37.06474963,-80.71229738,51155.0,132.24792076880124,4.444444444,43,39,2,0,37,39,34066,6,0,0,6,0
2020-06-29,US,Virginia,Radford,11,0,0,37.12222899,-80.56027320000003,51750.0,60.27727546714888,0.0,11,11,0,0,11,11,18339,0,0,0,0,0
2020-06-29,US,Virginia,Rappahannock,20,0,0,38.68295619,-78.15826963,51157.0,271.370420624152,0.0,20,20,0,0,20,20,7252,0,0,0,0,0
2020-06-29,US,Virginia,Richmond,296,4,0,37.937575,-76.72920628,51159.0,3280.5053751523883,1.351351351,292,296,4,0,292,296,9038,0,0,0,0,0
2020-06-29,US,Virginia,Richmond City,2195,30,0,37.53255773,-77.47966921,51760.0,952.5421375132356,1.3667425969999998,2165,2184,30,0,2154,2159,228783,11,0,0,11,25
2020-06-29,US,Virginia,Roanoke,234,5,0,37.26865804,-80.06396753,51161.0,248.4445671331196,2.1367521369999998,229,206,5,0,201,200,94073,28,0,0,28,6
2020-06-29,US,Virginia,Roanoke City,403,10,0,37.27791025,-79.96189766,51770.0,406.48356414472033,2.481389578,393,368,10,0,358,363,99920,35,0,0,35,5
2020-06-29,US,Virginia,Rockbridge,30,0,0,37.81204314,-79.44605905,51163.0,132.90213972444957,0.0,30,30,0,0,30,29,22752,0,0,0,0,1
2020-06-29,US,Virginia,Rockingham,713,10,0,38.51006137,-78.87260325,51165.0,870.0639429882367,1.402524544,703,707,10,0,697,701,81244,6,0,0,6,6
2020-06-29,US,Virginia,Russell,11,0,0,36.93028320000001,-82.10095486,51167.0,41.375159858572175,0.0,11,9,0,0,9,9,26748,2,0,0,2,0
2020-06-29,US,Virginia,Salem,59,3,0,37.2836193,-80.06219455,51775.0,233.19236393818423,5.084745763,56,51,3,0,48,51,25643,8,0,0,8,0
2020-06-29,US,Virginia,Scott,10,2,0,36.71466456,-82.60171704,51169.0,46.369284985625534,20.0,8,10,2,0,8,9,21534,0,0,0,0,1
2020-06-29,US,Virginia,Shenandoah,559,29,0,38.85905135,-78.56813762,51171.0,1281.639765223771,5.18783542,530,558,29,0,529,558,43497,1,0,0,1,0
2020-06-29,US,Virginia,Smyth,36,1,0,36.84455636,-81.53344948,51173.0,119.58543715120912,2.777777778,35,35,1,0,34,33,30472,1,0,0,1,2
2020-06-29,US,Virginia,Southampton,155,2,0,36.72231125,-77.10642712,51175.0,879.1333446769894,1.2903225809999999,153,155,2,0,153,155,17586,0,0,0,0,0
2020-06-29,US,Virginia,Spotsylvania,985,29,0,38.18574462,-77.655399,51177.0,723.1215358073633,2.9441624369999997,956,981,29,0,952,975,134238,4,0,0,4,6
2020-06-29,US,Virginia,Stafford,985,5,0,38.41758738,-77.45917053,51179.0,644.2877513376329,0.5076142132,980,983,5,0,978,974,149960,2,0,0,2,9
2020-06-29,US,Virginia,Staunton,72,0,0,38.15965544,-79.05979937,51790.0,288.78549655061767,0.0,72,68,0,0,68,68,24922,4,0,0,4,0
2020-06-29,US,Virginia,Suffolk,403,34,0,36.70155394,-76.63603554,51800.0,437.5298562556998,8.436724566,369,398,34,0,364,397,91185,5,0,0,5,1
2020-06-29,US,Virginia,Surry,14,1,0,37.11781893,-76.88450012,51181.0,218.0006228589224,7.142857143,13,14,1,0,13,14,6474,0,0,0,0,0
2020-06-29,US,Virginia,Sussex,195,2,0,36.92432914,-77.25791182,51183.0,1747.4684111479526,1.025641026,193,195,2,0,193,195,11237,0,0,0,0,0
2020-06-29,US,Virginia,Tazewell,15,0,0,37.12191123,-81.56685568,51185.0,36.95036334523957,0.0,15,15,0,0,15,15,40855,0,0,0,0,0
2020-06-29,US,Virginia,Virginia Beach,1145,29,0,36.73285734,-76.04566934,51810.0,254.4591465284661,2.532751092,1116,1123,29,0,1094,1092,450189,22,0,0,22,31
2020-06-29,US,Virginia,Warren,285,5,0,38.90847745,-78.20280433,51187.0,709.5906782193007,1.754385965,280,285,5,0,280,278,40003,0,0,0,0,7
2020-06-29,US,Virginia,Washington,63,4,0,36.72341572,-81.95666289,51191.0,117.23111276516563,6.349206349,59,63,4,0,59,63,54402,0,0,0,0,0
2020-06-29,US,Virginia,Waynesboro,81,0,0,38.06451466,-78.90293905,51820.0,357.9319487406098,0.0,81,77,0,0,77,74,22628,4,0,0,4,3
2020-06-29,US,Virginia,Westmoreland,105,2,0,38.11021557,-76.80213247,51193.0,582.8476269775188,1.904761905,103,104,2,0,102,100,17830,1,0,0,1,4
2020-06-29,US,Virginia,Williamsburg,56,6,0,37.28131268,-76.70905141,51830.0,374.48174401497926,10.71428571,50,55,6,0,49,55,14896,1,0,0,1,0
2020-06-29,US,Virginia,Winchester,314,3,0,39.17054517,-78.17325058,51840.0,1118.3132701759384,0.9554140126999999,311,311,3,0,308,310,28108,3,0,0,3,1
2020-06-29,US,Virginia,Wise,27,2,0,36.9746148,-82.62410519,51195.0,72.22534307037958,7.407407407000001,25,27,2,0,25,27,38012,0,0,0,0,0
2020-06-29,US,Virginia,Wythe,49,1,0,36.91582035,-81.07834059,51197.0,170.8269418491145,2.040816327,48,49,1,0,48,47,28754,0,0,0,0,2
2020-06-29,US,Virginia,York,115,3,0,37.24374789,-76.54412815,51199.0,168.4241359109549,2.6086956519999998,112,114,3,0,111,110,67846,1,0,0,1,4
2020-06-29,US,Washington,Adams,130,0,0,46.98299757,-118.5601734,53001.0,650.5529700245207,0.0,130,130,0,0,130,113,19759,0,0,0,0,17
2020-06-29,US,Washington,Asotin,21,2,0,46.18894415,-117.2022851,53003.0,92.99442033477993,9.523809523999999,19,21,2,0,19,20,22610,0,0,0,0,1
2020-06-29,US,Washington,Benton,1718,79,0,46.23946995,-119.5120834,53005.0,840.5499290571946,4.5983701980000005,1639,1686,75,0,1611,1657,201877,32,4,0,28,29
2020-06-29,US,Washington,Chelan,325,6,0,47.87046092,-120.6173956,53007.0,420.9844559585492,1.846153846,319,315,6,0,309,314,77036,10,0,0,10,1
2020-06-29,US,Washington,Clallam,36,0,0,48.04754642,-123.9226319,53009.0,46.553128758195285,0.0,36,36,0,0,36,35,76737,0,0,0,0,1
2020-06-29,US,Washington,Clark,700,30,0,45.77568046,-122.4829204,53011.0,143.37181842573648,4.285714286,670,697,30,0,667,692,481857,3,0,0,3,5
2020-06-29,US,Washington,Columbia,8,0,0,46.29442881,-117.9051983,53013.0,200.75282308657467,0.0,8,8,0,0,8,8,4059,0,0,0,0,0
2020-06-29,US,Washington,Cowlitz,172,0,0,46.19074721,-122.6782231,53015.0,155.52521407322345,0.0,172,170,0,0,170,170,108987,2,0,0,2,0
2020-06-29,US,Washington,Douglas,233,3,0,47.7361335,-119.692937,53017.0,536.5078634092426,1.287553648,230,230,3,0,227,223,42907,3,0,0,3,7
2020-06-29,US,Washington,Ferry,1,0,0,48.471143100000006,-118.5154041,53019.0,13.111315064901008,0.0,1,1,0,0,1,1,7649,0,0,0,0,0
2020-06-29,US,Washington,Franklin,1610,33,0,46.53351425,-118.9018212,53021.0,1690.7857427905317,2.049689441,1577,1578,32,0,1546,1555,94347,32,1,0,31,23
2020-06-29,US,Washington,Grant,487,6,0,47.20753737,-119.4500749,53025.0,498.29637890988715,1.232032854,481,472,6,0,466,457,97331,15,0,0,15,15
2020-06-29,US,Washington,Grays Harbor,26,0,0,47.14003705,-123.7820567,53027.0,34.63849402485978,0.0,26,26,0,0,26,25,73901,0,0,0,0,1
2020-06-29,US,Washington,Island,192,12,0,48.14713305,-122.5216407,53029.0,225.5082745093433,6.25,180,192,12,0,180,192,84460,0,0,0,0,0
2020-06-29,US,Washington,Jefferson,38,0,0,47.75003077,-123.56097040000002,53031.0,117.93550789857548,0.0,38,37,0,0,37,37,31729,1,0,0,1,0
2020-06-29,US,Washington,King,10019,610,0,47.49137892,-121.8346131,53033.0,444.7389938307392,6.088431979,9409,9895,610,0,9285,9809,2233163,124,0,0,124,86
2020-06-29,US,Washington,Kitsap,212,2,0,47.63479026,-122.6436061,53035.0,78.09248065185119,0.9433962264,210,213,2,0,211,211,269805,-1,0,0,-1,2
2020-06-29,US,Washington,Kittitas,127,0,0,47.12521214,-120.679439,53037.0,264.94210910608115,0.0,127,122,0,0,122,117,47364,5,0,0,5,5
2020-06-29,US,Washington,Klickitat,60,3,0,45.87325839,-120.7913598,53039.0,267.55852842809367,5.0,57,59,3,0,56,57,22107,1,0,0,1,2
2020-06-29,US,Washington,Lewis,64,3,0,46.57756476,-122.3925769,53041.0,79.29919337851736,4.6875,61,64,3,0,61,60,79604,0,0,0,0,4
2020-06-29,US,Washington,Lincoln,3,0,0,47.57705241,-118.4194388,53043.0,27.424810311728677,0.0,3,3,0,0,3,3,10740,0,0,0,0,0
2020-06-29,US,Washington,Mason,47,1,0,47.35007586,-123.1863685,53045.0,70.39300263599328,2.127659574,46,47,1,0,46,46,65507,0,0,0,0,1
2020-06-29,US,Washington,Okanogan,70,2,0,48.54855019,-119.7387224,53047.0,165.70792794072392,2.857142857,68,67,2,0,65,67,42132,3,0,0,3,0
2020-06-29,US,Washington,Pacific,13,1,0,46.55418369,-123.7285716,53049.0,57.8523430198923,7.692307692000001,12,13,1,0,12,12,22036,0,0,0,0,1
2020-06-29,US,Washington,Pend Oreille,4,0,0,48.53234021,-117.2741804,53051.0,29.146021568055957,0.0,4,3,0,0,3,3,13602,1,0,0,1,0
2020-06-29,US,Washington,Pierce,2510,98,0,47.03892768,-122.1405958,53053.0,277.35419567283253,3.90438247,2412,2485,97,0,2388,2465,891299,25,1,0,24,20
2020-06-29,US,Washington,San Juan,19,0,0,48.60182783,-122.96745,53055.0,108.06506654533042,0.0,19,19,0,0,19,19,17128,0,0,0,0,0
2020-06-29,US,Washington,Skagit,512,15,0,48.48171488,-121.766131,53057.0,396.2694942146202,2.9296875,497,503,15,0,488,502,128206,9,0,0,9,1
2020-06-29,US,Washington,Skamania,4,0,0,46.02408726,-121.9164403,53059.0,33.10436149962758,0.0,4,4,0,0,4,4,11924,0,0,0,0,0
2020-06-29,US,Washington,Snohomish,3463,170,0,48.04615983,-121.7170703,53061.0,421.2470030398391,4.9090384060000005,3293,3438,168,0,3270,3431,814901,25,2,0,23,7
2020-06-29,US,Washington,Spokane,1236,39,0,47.62113146,-117.4046494,53063.0,236.42018523406742,3.155339806,1197,1193,39,0,1154,1179,514631,43,0,0,43,14
2020-06-29,US,Washington,Stevens,17,1,0,48.40035475,-117.8542701,53065.0,37.180412483870256,5.882352941000001,16,17,1,0,16,16,45260,0,0,0,0,1
2020-06-29,US,Washington,Thurston,241,7,0,46.9291895,-122.8290656,53067.0,82.9501335462731,2.904564315,234,237,7,0,230,230,286419,4,0,0,4,7
2020-06-29,US,Washington,Unassigned,109,0,0,0.0,0.0,90053.0,0.0,0.0,109,51,0,0,51,53,,58,0,0,58,-2
2020-06-29,US,Washington,Wahkiakum,5,0,0,46.29180039999999,-123.4250831,53069.0,111.40819964349377,0.0,5,5,0,0,5,5,4426,0,0,0,0,0
2020-06-29,US,Washington,Walla Walla,161,3,0,46.23040051,-118.4775539,53071.0,264.9769585253456,1.863354037,158,158,3,0,155,152,60922,3,0,0,3,6
2020-06-29,US,Washington,Whatcom,615,40,0,48.82227976,-121.7490018,53073.0,268.2695956762793,6.5040650410000005,575,600,40,0,560,599,225685,15,0,0,15,1
2020-06-29,US,Washington,Whitman,37,0,0,46.90022523,-117.5241763,53075.0,73.84639948906275,0.0,37,37,0,0,37,37,49791,0,0,0,0,0
2020-06-29,US,Washington,Yakima,7008,154,0,46.45738486,-120.7380126,53077.0,2793.445289050635,2.1974885840000002,6854,6920,152,0,6768,6828,251446,88,2,0,86,92
2020-06-29,US,West Virginia,Barbour,15,1,0,39.1307219,-80.00350858,54001.0,91.23532631835043,6.666666667,14,15,1,0,14,15,16535,0,0,0,0,0
2020-06-29,US,West Virginia,Berkeley,454,10,0,39.46704621,-78.02414609,54003.0,380.9651677001955,2.2026431719999997,444,450,10,0,440,449,117123,4,0,0,4,1
2020-06-29,US,West Virginia,Boone,20,0,0,38.01974191,-81.69888019,54005.0,93.20967516428206,0.0,20,20,0,0,20,20,21951,0,0,0,0,0
2020-06-29,US,West Virginia,Braxton,4,0,0,38.70036159,-80.72011184,54007.0,28.659454037400586,0.0,4,4,0,0,4,3,14089,0,0,0,0,1
2020-06-29,US,West Virginia,Brooke,9,0,0,40.27367263,-80.57915332,54009.0,41.022836045398606,0.0,9,9,0,0,9,9,22203,0,0,0,0,0
2020-06-29,US,West Virginia,Cabell,122,0,0,38.42424062,-82.23855912,54011.0,132.68802001196372,0.0,122,118,0,0,118,116,93224,4,0,0,4,2
2020-06-29,US,West Virginia,Calhoun,2,0,0,38.84315422,-81.11934872,54013.0,28.1333520889014,0.0,2,2,0,0,2,2,7254,0,0,0,0,0
2020-06-29,US,West Virginia,Clay,10,1,0,38.46231092,-81.07652217,54015.0,117.53643629525152,10.0,9,10,1,0,9,10,8632,0,0,0,0,0
2020-06-29,US,West Virginia,Fayette,66,4,0,38.02974928,-81.08286634,54019.0,155.63835306324575,6.0606060610000005,62,67,4,0,63,64,43018,-1,0,0,-1,3
2020-06-29,US,West Virginia,Gilmer,12,0,0,38.9251277,-80.85952723,54021.0,153.39383868081302,0.0,12,12,0,0,12,12,8026,0,0,0,0,0
2020-06-29,US,West Virginia,Grant,16,0,0,39.10314817,-79.19440518,54023.0,138.31258644536652,0.0,16,16,0,0,16,16,11626,0,0,0,0,0
2020-06-29,US,West Virginia,Greenbrier,58,1,0,37.9463652,-80.45335881,54025.0,167.33021752928278,1.724137931,57,59,1,0,58,58,34786,-1,0,0,-1,1
2020-06-29,US,West Virginia,Hampshire,41,1,0,39.32103553,-78.60826476,54027.0,176.91477885652642,2.43902439,40,41,1,0,40,40,23347,0,0,0,0,1
2020-06-29,US,West Virginia,Hancock,22,0,0,40.51943859,-80.57461608,54029.0,76.36237417563345,0.0,22,22,0,0,22,22,29094,0,0,0,0,0
2020-06-29,US,West Virginia,Hardy,43,0,0,39.00683177,-78.85855301,54031.0,312.137049941928,0.0,43,43,0,0,43,43,13775,0,0,0,0,0
2020-06-29,US,West Virginia,Harrison,60,1,0,39.2853852,-80.37919577,54033.0,89.21137147615083,1.6666666669999999,59,61,1,0,60,60,67554,-1,0,0,-1,1
2020-06-29,US,West Virginia,Jackson,143,18,0,38.84263974,-81.68148753,54035.0,500.41993281075025,12.58741259,125,142,18,0,124,142,28706,1,0,0,1,0
2020-06-29,US,West Virginia,Jefferson,224,4,0,39.30776166,-77.86014147,54037.0,391.97844118573477,1.785714286,220,224,4,0,220,222,56811,0,0,0,0,2
2020-06-29,US,West Virginia,Kanawha,309,20,0,38.33860077,-81.52857054,54039.0,173.47465810334373,6.4724919089999995,289,301,20,0,281,292,180454,8,0,0,8,9
2020-06-29,US,West Virginia,Lewis,17,2,0,38.9947249,-80.49988181,54041.0,106.87118878481172,11.76470588,15,17,2,0,15,16,16024,0,0,0,0,1
2020-06-29,US,West Virginia,Lincoln,8,0,0,38.172154,-82.07017953,54043.0,39.1983928658925,0.0,8,7,0,0,7,5,20599,1,0,0,1,2
2020-06-29,US,West Virginia,Logan,23,1,0,37.8299889,-81.93528571,54045.0,71.83234954245917,4.347826087,22,23,1,0,22,22,32607,0,0,0,0,1
2020-06-29,US,West Virginia,Marion,55,2,0,39.50984542,-80.24244659,54049.0,98.08817234983593,3.6363636360000005,53,56,2,0,54,56,56097,-1,0,0,-1,0
2020-06-29,US,West Virginia,Marshall,42,0,0,39.86064362,-80.66591062,54051.0,137.56509776948022,0.0,42,42,0,0,42,43,30785,0,0,0,0,-1
2020-06-29,US,West Virginia,Mason,17,0,0,38.77071799,-82.02524219,54053.0,64.11223412279378,0.0,17,16,0,0,16,16,26718,1,0,0,1,0
2020-06-29,US,West Virginia,McDowell,6,0,0,37.38002939,-81.65083669,54047.0,34.04448479346346,0.0,6,6,0,0,6,6,18223,0,0,0,0,0
2020-06-29,US,West Virginia,Mercer,37,0,0,37.40481169,-81.11023142,54055.0,62.970148745702716,0.0,37,36,0,0,36,33,59131,1,0,0,1,3
2020-06-29,US,West Virginia,Mineral,56,3,0,39.41561583,-78.94104895,54057.0,208.426380824773,5.3571428569999995,53,55,3,0,52,55,26940,1,0,0,1,0
2020-06-29,US,West Virginia,Mingo,18,2,0,37.73048351,-82.13338365,54059.0,76.84426229508195,11.11111111,16,17,2,0,15,17,23785,1,0,0,1,0
2020-06-29,US,West Virginia,Monongalia,171,5,0,39.63218457,-80.04766838,54061.0,161.9134189296671,2.9239766080000003,166,167,5,0,162,166,106420,4,0,0,4,1
2020-06-29,US,West Virginia,Monroe,12,0,0,37.56274716,-80.54577965,54063.0,90.3954802259887,0.0,12,11,0,0,11,11,13280,1,0,0,1,0
2020-06-29,US,West Virginia,Morgan,20,0,0,39.55439028,-78.26311676,54065.0,111.83180496533214,0.0,20,20,0,0,20,20,17787,0,0,0,0,0
2020-06-29,US,West Virginia,Nicholas,10,1,0,38.29617706,-80.79759588,54067.0,40.82299150881777,10.0,9,8,1,0,7,8,24842,2,0,0,2,0
2020-06-29,US,West Virginia,Ohio,89,1,0,40.0955451,-80.62203992,54069.0,214.9187413972133,1.123595506,88,87,1,0,86,84,41755,2,0,0,2,3
2020-06-29,US,West Virginia,Pendleton,13,1,0,38.68314479,-79.35084086,54071.0,186.5403931697517,7.692307692000001,12,13,1,0,12,13,6997,0,0,0,0,0
2020-06-29,US,West Virginia,Pleasants,5,0,0,39.37091679,-81.16771771,54073.0,67.02412868632706,0.0,5,5,0,0,5,5,7507,0,0,0,0,0
2020-06-29,US,West Virginia,Pocahontas,24,0,0,38.32758728,-80.00993811,54075.0,291.0149145143688,0.0,24,24,0,0,24,24,8414,0,0,0,0,0
2020-06-29,US,West Virginia,Preston,77,2,0,39.46770987,-79.66712803,54077.0,230.31825795644886,2.597402597,75,75,2,0,73,74,33839,2,0,0,2,1
2020-06-29,US,West Virginia,Putnam,53,0,0,38.50782345,-81.9082131,54079.0,93.88839681133749,0.0,53,52,0,0,52,51,56682,1,0,0,1,1
2020-06-29,US,West Virginia,Raleigh,52,0,0,37.76936795,-81.2456041,54081.0,70.88234893199383,0.0,52,51,0,0,51,47,74254,1,0,0,1,4
2020-06-29,US,West Virginia,Randolph,156,0,0,38.769899,-79.87919615,54083.0,543.6487192890747,0.0,156,155,0,0,155,155,28823,1,0,0,1,0
2020-06-29,US,West Virginia,Ritchie,2,0,0,39.18094587,-81.06356878,54085.0,20.933640360058615,0.0,2,2,0,0,2,2,9721,0,0,0,0,0
2020-06-29,US,West Virginia,Roane,11,1,0,38.71622686,-81.35243568,54087.0,80.3623611922852,9.090909091,10,11,1,0,10,11,13932,0,0,0,0,0
2020-06-29,US,West Virginia,Summers,2,0,0,37.65390597,-80.86009693,54089.0,15.90710252127575,0.0,2,2,0,0,2,1,12760,0,0,0,0,1
2020-06-29,US,West Virginia,Taylor,16,0,0,39.33602617,-80.0421439,54091.0,95.83707696915243,0.0,16,16,0,0,16,16,16862,0,0,0,0,0
2020-06-29,US,West Virginia,Tucker,6,0,0,39.11240885,-79.57053576,54093.0,87.73212457961691,0.0,6,6,0,0,6,6,6955,0,0,0,0,0
2020-06-29,US,West Virginia,Tyler,4,0,0,39.46811972,-80.88772676,54095.0,46.560353858689325,0.0,4,4,0,0,4,4,8746,0,0,0,0,0
2020-06-29,US,West Virginia,Upshur,19,0,0,38.89285061,-80.23689136,54097.0,78.590337524818,0.0,19,16,0,0,16,14,24415,3,0,0,3,2
2020-06-29,US,West Virginia,Wayne,111,9,0,38.14901357,-82.42287994,54099.0,281.71158824425163,8.108108108,102,111,9,0,102,110,39944,0,0,0,0,1
2020-06-29,US,West Virginia,Webster,1,0,0,38.49370949,-80.4202023,54101.0,12.324377618930244,0.0,1,1,0,0,1,1,8285,0,0,0,0,0
2020-06-29,US,West Virginia,Wetzel,10,0,0,39.6065771,-80.64016540000001,54103.0,66.37902422834384,0.0,10,10,0,0,10,10,15270,0,0,0,0,0
2020-06-29,US,West Virginia,Wirt,4,0,0,39.02775007,-81.37473928,54105.0,68.7167153410067,0.0,4,4,0,0,4,4,5830,0,0,0,0,0
2020-06-29,US,West Virginia,Wood,86,2,0,39.20967886,-81.5162836,54107.0,102.97181445915852,2.325581395,84,83,2,0,81,74,84203,3,0,0,3,9
2020-06-29,US,West Virginia,Wyoming,7,0,0,37.612327,-81.54511071,54109.0,34.32382073158772,0.0,7,7,0,0,7,7,20786,0,0,0,0,0
2020-06-29,US,Wisconsin,Adams,19,2,0,43.96974651,-89.76782777,55001.0,93.96636993076164,10.52631579,17,15,2,0,13,15,20348,4,0,0,4,0
2020-06-29,US,Wisconsin,Ashland,3,0,0,46.31956891,-90.67837132,55003.0,19.27772779848349,0.0,3,3,0,0,3,3,15600,0,0,0,0,0
2020-06-29,US,Wisconsin,Barron,34,0,0,45.42372701,-91.84833627,55005.0,75.14808593404649,0.0,34,34,0,0,34,34,45164,0,0,0,0,0
2020-06-29,US,Wisconsin,Bayfield,3,1,0,46.52868768,-91.19716729,55007.0,19.952114924181963,33.33333333,2,3,1,0,2,3,15042,0,0,0,0,0
2020-06-29,US,Wisconsin,Brown,2825,42,0,44.4526553,-88.00411844,55009.0,1067.8833606761875,1.4867256640000002,2783,2826,42,0,2784,2777,263378,-1,0,0,-1,49
2020-06-29,US,Wisconsin,Buffalo,7,2,0,44.37835084,-91.75332578,55011.0,53.718056941140354,28.57142857,5,7,2,0,5,7,13125,0,0,0,0,0
2020-06-29,US,Wisconsin,Burnett,3,1,0,45.86303537,-92.36711412,55013.0,19.46282600233554,33.33333333,2,3,1,0,2,3,15392,0,0,0,0,0
2020-06-29,US,Wisconsin,Calumet,106,2,0,44.0816316,-88.21780273,55015.0,211.62331050729702,1.8867924530000002,104,103,2,0,101,97,50159,3,0,0,3,6
2020-06-29,US,Wisconsin,Chippewa,84,0,0,45.06939744,-91.28068855,55017.0,129.91431841380805,0.0,84,82,0,0,82,82,64135,2,0,0,2,0
2020-06-29,US,Wisconsin,Clark,70,6,0,44.73483377,-90.61207486,55019.0,201.2998217058722,8.571428571,64,70,6,0,64,69,34709,0,0,0,0,1
2020-06-29,US,Wisconsin,Columbia,83,1,0,43.46492199,-89.33589004,55021.0,144.2675380657721,1.2048192770000001,82,80,1,0,79,79,57358,3,0,0,3,1
2020-06-29,US,Wisconsin,Crawford,33,0,0,43.23870316,-90.93073686,55023.0,204.5750418448949,0.0,33,33,0,0,33,32,16291,0,0,0,0,1
2020-06-29,US,Wisconsin,Dane,1727,32,0,43.06601594,-89.41733797,55025.0,315.8982613705997,1.8529241459999999,1695,1647,32,0,1615,1530,542364,80,0,0,80,117
2020-06-29,US,Wisconsin,Dodge,456,5,0,43.41576662,-88.70928178,55027.0,519.1315930281538,1.0964912279999999,451,453,5,0,448,450,87847,3,0,0,3,3
2020-06-29,US,Wisconsin,Door,43,3,0,44.95856458,-87.30002707,55029.0,155.4141969061732,6.976744186,40,43,3,0,40,43,27610,0,0,0,0,0
2020-06-29,US,Wisconsin,Douglas,24,0,0,46.43222285,-91.91595768,55031.0,55.619930475086896,0.0,24,24,0,0,24,22,43208,0,0,0,0,2
2020-06-29,US,Wisconsin,Dunn,37,0,0,44.94562799,-91.8962481,55033.0,81.55528125551051,0.0,37,38,0,0,38,36,45131,-1,0,0,-1,2
2020-06-29,US,Wisconsin,Eau Claire,218,1,0,44.726614,-91.28609183,55035.0,208.32138829960056,0.45871559630000003,217,208,1,0,207,194,104534,10,0,0,10,14
2020-06-29,US,Wisconsin,Florence,3,0,0,45.84963535,-88.39804137,55037.0,69.848661233993,0.0,3,3,0,0,3,3,4321,0,0,0,0,0
2020-06-29,US,Wisconsin,Fond du Lac,309,6,0,43.75354908,-88.48885325,55039.0,298.8307882750017,1.9417475730000002,303,308,6,0,302,307,103066,1,0,0,1,1
2020-06-29,US,Wisconsin,Forest,38,3,0,45.66678019,-88.77084892,55041.0,422.034651266104,7.894736842,35,38,3,0,35,38,8991,0,0,0,0,0
2020-06-29,US,Wisconsin,Grant,152,13,0,42.8671731,-90.7063218,55043.0,295.49563560722413,8.552631579,139,150,13,0,137,145,51554,2,0,0,2,5
2020-06-29,US,Wisconsin,Green,88,1,0,42.6794956,-89.60243287,55045.0,238.09523809523807,1.136363636,87,88,1,0,87,85,36929,0,0,0,0,3
2020-06-29,US,Wisconsin,Green Lake,32,0,0,43.80025981,-89.04679553,55047.0,169.19579125469255,0.0,32,32,0,0,32,30,18918,0,0,0,0,2
2020-06-29,US,Wisconsin,Iowa,29,0,0,43.00050278,-90.13469017,55049.0,122.4765605203142,0.0,29,29,0,0,29,29,23771,0,0,0,0,0
2020-06-29,US,Wisconsin,Iron,6,1,0,46.26302338,-90.24295041,55051.0,105.50378055213643,16.66666667,5,5,1,0,4,5,5676,1,0,0,1,0
2020-06-29,US,Wisconsin,Jackson,26,1,0,44.31864893,-90.80566792,55053.0,125.95068546238434,3.8461538460000004,25,26,1,0,25,26,20478,0,0,0,0,0
2020-06-29,US,Wisconsin,Jefferson,234,4,0,43.02054068,-88.77529134,55055.0,276.04430865056804,1.709401709,230,228,4,0,224,222,85129,6,0,0,6,6
2020-06-29,US,Wisconsin,Juneau,35,1,0,43.92456975,-90.11120239,55057.0,131.14999812642859,2.857142857,34,32,1,0,31,32,26617,3,0,0,3,0
2020-06-29,US,Wisconsin,Kenosha,1490,43,0,42.57639354,-88.04051686,55059.0,878.7398045541133,2.88590604,1447,1478,43,0,1435,1468,169290,12,0,0,12,10
2020-06-29,US,Wisconsin,Kewaunee,55,1,0,44.51727459,-87.61468386,55061.0,269.1592443965939,1.8181818180000002,54,55,1,0,54,54,20383,0,0,0,0,1
2020-06-29,US,Wisconsin,La Crosse,404,0,0,43.90632465,-91.11451093,55063.0,342.32646420824295,0.0,404,403,0,0,403,396,118230,1,0,0,1,7
2020-06-29,US,Wisconsin,Lafayette,70,0,0,42.66005229,-90.1317729,55065.0,420.04200420042,0.0,70,70,0,0,70,68,16665,0,0,0,0,2
2020-06-29,US,Wisconsin,Langlade,8,0,0,45.26271619,-89.07483625,55067.0,41.690551878680495,0.0,8,7,0,0,7,7,19268,1,0,0,1,0
2020-06-29,US,Wisconsin,Lincoln,9,0,0,45.33737523,-89.73411273,55069.0,32.616968071612355,0.0,9,9,0,0,9,9,27689,0,0,0,0,0
2020-06-29,US,Wisconsin,Manitowoc,92,1,0,44.11946801,-87.80928853,55071.0,116.48371127233132,1.086956522,91,91,1,0,90,87,79074,1,0,0,1,4
2020-06-29,US,Wisconsin,Marathon,158,1,0,44.89792533,-89.75863384,55073.0,116.44017333372636,0.6329113924,157,150,1,0,149,148,135428,8,0,0,8,2
2020-06-29,US,Wisconsin,Marinette,53,3,0,45.38553432,-88.03324599999998,55075.0,131.35068153655513,5.660377358,50,53,3,0,50,50,40434,0,0,0,0,3
2020-06-29,US,Wisconsin,Marquette,13,1,0,43.81911946,-89.40073763,55077.0,83.47245409015025,7.692307692000001,12,13,1,0,12,12,15434,0,0,0,0,1
2020-06-29,US,Wisconsin,Menominee,6,0,0,45.00422544,-88.70950714,55078.0,131.69446883230904,0.0,6,6,0,0,6,6,4658,0,0,0,0,0
2020-06-29,US,Wisconsin,Milwaukee,11216,389,0,43.00486062,-87.96733172,55079.0,1185.9671828838375,3.468259629,10827,11110,389,0,10721,10980,948201,106,0,0,106,130
2020-06-29,US,Wisconsin,Monroe,63,1,0,43.94641218,-90.618819,55081.0,136.20738114284478,1.5873015869999998,62,61,1,0,60,61,46051,2,0,0,2,0
2020-06-29,US,Wisconsin,Oconto,56,0,0,45.02715345,-88.26807503,55083.0,147.64039019245982,0.0,56,56,0,0,56,53,37830,0,0,0,0,3
2020-06-29,US,Wisconsin,Oneida,19,0,0,45.70677897,-89.51944105,55085.0,53.37828346677905,0.0,19,19,0,0,19,19,35470,0,0,0,0,0
2020-06-29,US,Wisconsin,Outagamie,463,8,0,44.41578887,-88.46565023,55087.0,246.42733587034616,1.727861771,455,454,8,0,446,447,187365,9,0,0,9,7
2020-06-29,US,Wisconsin,Ozaukee,223,15,0,43.38352225,-87.94625009,55089.0,249.9411573508479,6.726457399,208,222,15,0,207,217,89147,1,0,0,1,5
2020-06-29,US,Wisconsin,Pepin,1,0,0,44.58307413,-91.99949611,55091.0,13.723068478111706,0.0,1,1,0,0,1,1,7289,0,0,0,0,0
2020-06-29,US,Wisconsin,Pierce,68,0,0,44.71850291,-92.4224416,55093.0,159.0494456659026,0.0,68,66,0,0,66,65,42555,2,0,0,2,1
2020-06-29,US,Wisconsin,Polk,48,1,0,45.46130348,-92.44182875,55095.0,109.63159217047712,2.083333333,47,46,1,0,45,43,43598,2,0,0,2,3
2020-06-29,US,Wisconsin,Portage,135,0,0,44.47558711,-89.50152965,55097.0,190.75340530153167,0.0,135,130,0,0,130,128,70942,5,0,0,5,2
2020-06-29,US,Wisconsin,Price,2,0,0,45.68051754,-90.3609888,55099.0,14.980151299528124,0.0,2,2,0,0,2,2,13397,0,0,0,0,0
2020-06-29,US,Wisconsin,Racine,2155,61,0,42.74753117,-88.05941254,55101.0,1097.747961143288,2.83062645,2094,2151,61,0,2090,2148,196584,4,0,0,4,3
2020-06-29,US,Wisconsin,Richland,15,4,0,43.3762778,-90.43012729,55103.0,86.94644099234871,26.66666667,11,15,4,0,11,15,17377,0,0,0,0,0
2020-06-29,US,Wisconsin,Rock,853,23,0,42.67151616,-89.07147900000002,55105.0,522.178826352584,2.696365768,830,848,23,0,825,839,163129,5,0,0,5,9
2020-06-29,US,Wisconsin,Rusk,11,0,0,45.47498854,-91.1333012,55107.0,77.58499083086474,0.0,11,11,0,0,11,11,14147,0,0,0,0,0
2020-06-29,US,Wisconsin,Sauk,105,3,0,43.42574087,-89.94966132,55111.0,162.937214859874,2.857142857,102,102,3,0,99,100,64249,3,0,0,3,2
2020-06-29,US,Wisconsin,Sawyer,12,0,0,45.87931905,-91.14504927,55113.0,72.47252083584974,0.0,12,12,0,0,12,12,16489,0,0,0,0,0
2020-06-29,US,Wisconsin,Shawano,76,0,0,44.78902246,-88.76443896,55115.0,185.8236142692976,0.0,76,75,0,0,75,75,40796,1,0,0,1,0
2020-06-29,US,Wisconsin,Sheboygan,201,4,0,43.72099677,-87.94579284,55117.0,174.26738338824345,1.990049751,197,198,4,0,194,195,115456,3,0,0,3,3
2020-06-29,US,Wisconsin,St. Croix,159,1,0,45.03437474,-92.45000068,55109.0,175.3283271031129,0.6289308176,158,158,1,0,157,155,89694,1,0,0,1,3
2020-06-29,US,Wisconsin,Taylor,12,0,0,45.21179252,-90.5004405,55119.0,58.988349800914314,0.0,12,12,0,0,12,11,20412,0,0,0,0,1
2020-06-29,US,Wisconsin,Trempealeau,111,0,0,44.30360275,-91.35893614,55121.0,374.3802489122737,0.0,111,112,0,0,112,111,29442,-1,0,0,-1,1
2020-06-29,US,Wisconsin,Vernon,32,0,0,43.59422667,-90.8324691,55123.0,103.82194536370123,0.0,32,32,0,0,32,32,30785,0,0,0,0,0
2020-06-29,US,Wisconsin,Vilas,10,0,0,46.05467334,-89.51719204,55125.0,45.05519261094841,0.0,10,10,0,0,10,10,21938,0,0,0,0,0
2020-06-29,US,Wisconsin,Walworth,574,18,0,42.66858202,-88.54163073,55127.0,552.6244849231717,3.135888502,556,572,18,0,554,570,103718,2,0,0,2,2
2020-06-29,US,Wisconsin,Washburn,4,0,0,45.89838588,-91.79050449,55129.0,25.44529262086514,0.0,4,4,0,0,4,4,15878,0,0,0,0,0
2020-06-29,US,Wisconsin,Washington,358,15,0,43.36863664,-88.22974712,55131.0,263.1695017422115,4.189944134,343,354,15,0,339,348,135693,4,0,0,4,6
2020-06-29,US,Wisconsin,Waukesha,1151,38,0,43.01833055,-88.30431188,55133.0,284.76142880469473,3.301476977,1113,1133,38,0,1095,1119,403072,18,0,0,18,14
2020-06-29,US,Wisconsin,Waupaca,106,6,0,44.47068056,-88.96534501,55135.0,207.88389880368698,5.660377358,100,106,6,0,100,106,51128,0,0,0,0,0
2020-06-29,US,Wisconsin,Waushara,23,0,0,44.11324419,-89.24317107,55137.0,94.09646933682446,0.0,23,23,0,0,23,21,24263,0,0,0,0,2
2020-06-29,US,Wisconsin,Winnebago,662,11,0,44.06886922,-88.64477096,55139.0,385.0919392462204,1.66163142,651,655,11,0,644,643,171020,7,0,0,7,12
2020-06-29,US,Wisconsin,Wood,49,1,0,44.45537896,-90.04158336,55141.0,67.12420718092028,2.040816327,48,47,1,0,46,42,73055,2,0,0,2,5
2020-06-29,US,Wyoming,Albany,34,0,0,41.65498705,-105.7235415,56001.0,87.4485596707819,0.0,34,32,0,0,32,32,38601,2,0,0,2,0
2020-06-29,US,Wyoming,Big Horn,14,0,0,44.52405055,-107.9960365,56003.0,118.74469889737064,0.0,14,12,0,0,12,12,11881,2,0,0,2,0
2020-06-29,US,Wyoming,Campbell,55,0,0,44.24886082,-105.5474404,56005.0,118.68539738028959,0.0,55,55,0,0,55,55,46140,0,0,0,0,0
2020-06-29,US,Wyoming,Carbon,22,0,0,41.69357844,-106.9326084,56007.0,148.64864864864862,0.0,22,22,0,0,22,22,14971,0,0,0,0,0
2020-06-29,US,Wyoming,Converse,26,0,0,42.97272268,-105.5081848,56009.0,188.10591810157717,0.0,26,26,0,0,26,26,13640,0,0,0,0,0
2020-06-29,US,Wyoming,Crook,7,0,0,44.58855102,-104.5697705,56011.0,92.2995780590717,0.0,7,7,0,0,7,7,7450,0,0,0,0,0
2020-06-29,US,Wyoming,Fremont,356,0,0,43.04183996,-108.6296893,56013.0,906.7522477776927,0.0,356,355,0,0,355,352,39531,1,0,0,1,3
2020-06-29,US,Wyoming,Goshen,5,0,0,42.08798185,-104.3534743,56015.0,37.847248505033676,0.0,5,5,0,0,5,5,13376,0,0,0,0,0
2020-06-29,US,Wyoming,Hot Springs,12,0,0,43.71930657,-108.4423174,56017.0,271.92386131883075,0.0,12,12,0,0,12,12,4555,0,0,0,0,0
2020-06-29,US,Wyoming,Johnson,20,1,0,44.04057166,-106.5845174,56019.0,236.82652457075199,5.0,19,20,1,0,19,20,8460,0,0,0,0,0
2020-06-29,US,Wyoming,Laramie,256,0,0,41.30702520000001,-104.6887497,56021.0,257.286432160804,0.0,256,250,0,0,250,246,98976,6,0,0,6,4
2020-06-29,US,Wyoming,Lincoln,18,0,0,42.26376367,-110.6563997,56023.0,90.7715582450832,0.0,18,17,0,0,17,17,19434,1,0,0,1,0
2020-06-29,US,Wyoming,Natrona,120,0,0,42.96180148,-106.797885,56025.0,150.26672343409552,0.0,120,118,0,0,118,114,79115,2,0,0,2,4
2020-06-29,US,Wyoming,Niobrara,2,0,0,43.05607708,-104.4758896,56027.0,84.88964346349746,0.0,2,2,0,0,2,2,2388,0,0,0,0,0
2020-06-29,US,Wyoming,Park,40,0,0,44.52157546,-109.5852825,56029.0,137.01445502500513,0.0,40,37,0,0,37,31,29324,3,0,0,3,6
2020-06-29,US,Wyoming,Platte,2,0,0,42.13299116,-104.966331,56031.0,23.82938162754677,0.0,2,2,0,0,2,2,8566,0,0,0,0,0
2020-06-29,US,Wyoming,Sheridan,26,0,0,44.79048913,-106.8862389,56033.0,85.28784648187633,0.0,26,26,0,0,26,24,30233,0,0,0,0,2
2020-06-29,US,Wyoming,Sublette,6,0,0,42.76558279,-109.9130922,56035.0,61.03143118706135,0.0,6,6,0,0,6,6,9813,0,0,0,0,0
2020-06-29,US,Wyoming,Sweetwater,86,0,0,41.65943896,-108.8827882,56037.0,203.10322839666526,0.0,86,82,0,0,82,81,43051,4,0,0,4,1
2020-06-29,US,Wyoming,Teton,128,0,0,43.93522482,-110.5890801,56039.0,545.5165359699965,0.0,128,123,0,0,123,119,23081,5,0,0,5,4
2020-06-29,US,Wyoming,Uinta,174,0,0,41.2878183,-110.54757820000002,56041.0,860.2788490062295,0.0,174,168,0,0,168,167,20299,6,0,0,6,1
2020-06-29,US,Wyoming,Unassigned,0,19,0,0.0,0.0,90056.0,0.0,0.0,-19,0,19,0,-19,0,,0,0,0,0,0
2020-06-29,US,Wyoming,Washakie,39,0,0,43.90451606,-107.68018700000002,56043.0,499.6796925048046,0.0,39,39,0,0,39,39,7885,0,0,0,0,0
2020-06-29,US,Wyoming,Weston,2,0,0,43.83961191,-104.5674881,56045.0,28.872527789808,0.0,2,1,0,0,1,1,6967,1,0,0,1,0
