Date,Country/Region,Province/State,Admin2,Confirmed,Deaths,Recovered,Latitude,Longitude,FIPS,Incidence_Rate,Case-Fatality_Ratio,Active Cases,Previous Confirmed,Previous Deaths,Previous Recovered,Previous Active,Prev2 Confirmed,Population,Daily Confirmed,Daily Deaths,Daily Recovered,Daily Active,Previous Daily Confirmed
2020-08-06,US,Alabama,Autauga,1050,21,0,32.53952745,-86.64408227,1001.0,1879.3964452558664,2.0,1029,1030,21,0,1009,1030,55601,20,0,0,20,0
2020-08-06,US,Alabama,Baldwin,3380,23,0,30.72774991,-87.72207058,1003.0,1514.1062741338685,0.6804733727810651,3357,3322,23,0,3299,3263,218022,58,0,0,58,59
2020-08-06,US,Alabama,Barbour,565,5,0,31.868263,-85.3871286,1005.0,2288.7466580247915,0.8849557522123894,560,564,5,0,559,563,24881,1,0,0,1,1
2020-08-06,US,Alabama,Bibb,413,4,0,32.99642064,-87.12511459999996,1007.0,1844.243993926945,0.9685230024213076,409,384,4,0,380,381,22400,29,0,0,29,3
2020-08-06,US,Alabama,Blount,759,3,0,33.98210918,-86.56790593,1009.0,1312.558364749421,0.3952569169960474,756,745,3,0,742,741,57840,14,0,0,14,4
2020-08-06,US,Alabama,Bullock,450,11,0,32.10030533,-85.71265535,1011.0,4455.004455004455,2.4444444444444446,439,444,11,0,433,441,10138,6,0,0,6,3
2020-08-06,US,Alabama,Butler,756,35,0,31.75300095,-86.68057478,1013.0,3887.2891814068294,4.62962962962963,721,754,35,0,719,751,19680,2,0,0,2,3
2020-08-06,US,Alabama,Calhoun,1672,13,0,33.77483727,-85.82630386,1015.0,1471.7662074732627,0.7775119617224879,1659,1627,13,0,1614,1590,114277,45,0,0,45,37
2020-08-06,US,Alabama,Chambers,835,38,0,32.91360079,-85.39072749,1017.0,2510.976123173152,4.550898203592816,797,832,38,0,794,828,33615,3,0,0,3,4
2020-08-06,US,Alabama,Cherokee,258,7,0,34.17805983,-85.60638968,1019.0,984.8831882730188,2.713178294573644,251,249,7,0,242,247,26032,9,0,0,9,2
2020-08-06,US,Alabama,Chilton,745,6,0,32.85044126,-86.7173256,1021.0,1676.8704420635636,0.8053691275167785,739,738,6,0,732,722,44153,7,0,0,7,16
2020-08-06,US,Alabama,Choctaw,277,12,0,32.02227341,-88.26564429999998,1023.0,2200.3336245928986,4.332129963898917,265,276,12,0,264,276,12841,1,0,0,1,0
2020-08-06,US,Alabama,Clarke,494,9,0,31.68099859,-87.83548597,1025.0,2091.270849208365,1.8218623481781375,485,491,9,0,482,487,23920,3,0,0,3,4
2020-08-06,US,Alabama,Clay,237,5,0,33.26984193,-85.85836077,1027.0,1790.7064601435584,2.109704641350211,232,225,5,0,220,223,13275,12,0,0,12,2
2020-08-06,US,Alabama,Cleburne,125,1,0,33.67679204,-85.52005899,1029.0,838.3635144198524,0.8,124,121,1,0,120,121,14987,4,0,0,4,0
2020-08-06,US,Alabama,Coffee,736,5,0,31.39932826,-85.98901039,1031.0,1406.1365633716712,0.6793478260869565,731,725,5,0,720,716,51909,11,0,0,11,9
2020-08-06,US,Alabama,Colbert,1141,13,0,34.69847452,-87.80168544,1033.0,2065.4948317372964,1.1393514460999123,1128,1122,13,0,1109,1107,54762,19,0,0,19,15
2020-08-06,US,Alabama,Conecuh,378,10,0,31.43401703,-86.99320044,1035.0,3132.510151653269,2.6455026455026456,368,373,10,0,363,372,12277,5,0,0,5,1
2020-08-06,US,Alabama,Coosa,101,2,0,32.93690146,-86.24847739,1037.0,947.2006002063208,1.98019801980198,99,95,2,0,93,92,10715,6,0,0,6,3
2020-08-06,US,Alabama,Covington,716,20,0,31.247785399999998,-86.45050893,1039.0,1932.5757780236984,2.793296089385475,696,716,20,0,696,715,36986,0,0,0,0,1
2020-08-06,US,Alabama,Crenshaw,312,3,0,31.72941803,-86.31593104,1041.0,2265.4661632297416,0.9615384615384616,309,307,3,0,304,297,13824,5,0,0,5,10
2020-08-06,US,Alabama,Cullman,1189,12,0,34.13020303,-86.86888037,1043.0,1419.3964282303507,1.0092514718250631,1177,1171,12,0,1159,1157,83442,18,0,0,18,14
2020-08-06,US,Alabama,Dale,802,23,0,31.43037123,-85.61095742,1045.0,1631.0095176116488,2.8678304239401498,779,798,23,0,775,787,48956,4,0,0,4,11
2020-08-06,US,Alabama,Dallas,1305,23,0,32.32688101,-87.10866709999998,1047.0,3508.441767932037,1.7624521072796937,1282,1298,23,0,1275,1294,38310,7,0,0,7,4
2020-08-06,US,Alabama,DeKalb,1745,13,0,34.45946862,-85.80782906,1049.0,2440.1157831443234,0.7449856733524355,1732,1721,13,0,1708,1718,71385,24,0,0,24,3
2020-08-06,US,Alabama,Elmore,1672,38,0,32.59785413,-86.14415284,1051.0,2058.8850989422353,2.272727272727273,1634,1633,37,0,1596,1626,81887,39,1,0,38,7
2020-08-06,US,Alabama,Escambia,1044,16,0,31.1256789,-87.15918694,1053.0,2849.889443943985,1.5325670498084292,1028,981,15,0,966,979,36748,63,1,0,62,2
2020-08-06,US,Alabama,Etowah,2041,28,0,34.04567266,-86.04051873,1055.0,1995.7366918293112,1.3718765311122,2013,1967,28,0,1939,1957,102501,74,0,0,74,10
2020-08-06,US,Alabama,Fayette,183,5,0,33.72076938,-87.73886638,1057.0,1122.5616488774383,2.7322404371584703,178,178,5,0,173,176,16433,5,0,0,5,2
2020-08-06,US,Alabama,Franklin,1238,20,0,34.44235334,-87.84289505,1059.0,3947.452330846247,1.615508885298869,1218,1215,20,0,1195,1206,31363,23,0,0,23,9
2020-08-06,US,Alabama,Geneva,248,0,0,31.09389027,-85.83572839,1061.0,944.0066994023828,0.0,248,243,0,0,243,242,26314,5,0,0,5,1
2020-08-06,US,Alabama,Greene,249,11,0,32.85504247,-87.95684022,1063.0,3069.9050671927007,4.417670682730924,238,247,11,0,236,245,8233,2,0,0,2,2
2020-08-06,US,Alabama,Hale,464,26,0,32.76039258,-87.63284988,1065.0,3167.0193160876397,5.603448275862068,438,459,26,0,433,457,14726,5,0,0,5,2
2020-08-06,US,Alabama,Henry,249,3,0,31.51148016,-85.24267944,1067.0,1447.2537053182214,1.2048192771084338,246,247,3,0,244,246,17209,2,0,0,2,1
2020-08-06,US,Alabama,Houston,1348,12,0,31.15197924,-85.29939599,1069.0,1273.1153548289606,0.8902077151335311,1336,1334,12,0,1322,1327,104722,14,0,0,14,7
2020-08-06,US,Alabama,Jackson,924,4,0,34.78144169,-85.99750489,1071.0,1789.795839305776,0.4329004329004329,920,890,4,0,886,870,51736,34,0,0,34,20
2020-08-06,US,Alabama,Jefferson,12486,232,0,33.55554728,-86.89506300000002,1073.0,1895.9173850127472,1.85808105077687,12254,12186,230,0,11956,12039,659300,300,2,0,298,147
2020-08-06,US,Alabama,Lamar,212,2,0,33.77995024,-88.09668032,1075.0,1535.6754798985876,0.9433962264150944,210,205,2,0,203,203,13844,7,0,0,7,2
2020-08-06,US,Alabama,Lauderdale,1123,15,0,34.90171875,-87.65624729,1077.0,1211.0558724886498,1.3357079252003559,1108,1111,13,0,1098,1095,92387,12,2,0,10,16
2020-08-06,US,Alabama,Lawrence,332,1,0,34.52041498,-87.31069453,1079.0,1008.3829425343216,0.3012048192771085,331,325,1,0,324,324,32957,7,0,0,7,1
2020-08-06,US,Alabama,Lee,2588,44,0,32.60154883,-85.35132246,1081.0,1572.850700732943,1.7001545595054095,2544,2554,42,0,2512,2519,163941,34,2,0,32,35
2020-08-06,US,Alabama,Limestone,1261,13,0,34.81185586,-86.98310072,1083.0,1274.8319264014556,1.0309278350515465,1248,1227,13,0,1214,1208,96174,34,0,0,34,19
2020-08-06,US,Alabama,Lowndes,567,24,0,32.1597283,-86.65158371,1085.0,5829.734731647131,4.232804232804233,543,561,24,0,537,558,9974,6,0,0,6,3
2020-08-06,US,Alabama,Macon,320,13,0,32.38759944,-85.69267724,1087.0,1771.0870046491034,4.0625,307,316,13,0,303,311,18439,4,0,0,4,5
2020-08-06,US,Alabama,Madison,5161,30,0,34.76327133,-86.55069633,1089.0,1383.9837601130566,0.5812826971517148,5131,5122,27,0,5095,5082,366519,39,3,0,36,40
2020-08-06,US,Alabama,Marengo,536,14,0,32.24767634,-87.78796182,1091.0,2841.5416423686584,2.611940298507463,522,529,14,0,515,526,19066,7,0,0,7,3
2020-08-06,US,Alabama,Marion,562,24,0,34.13697363,-87.88704173,1093.0,1891.682655087684,4.270462633451957,538,547,24,0,523,547,29763,15,0,0,15,0
2020-08-06,US,Alabama,Marshall,3060,34,0,34.36975964,-86.30486727,1095.0,3162.006324012648,1.1111111111111112,3026,3001,34,0,2967,2984,96109,59,0,0,59,17
2020-08-06,US,Alabama,Mobile,9420,204,0,30.78472347,-88.20842409,1097.0,2279.7124948573364,2.165605095541401,9216,9269,204,0,9065,9170,413757,151,0,0,151,99
2020-08-06,US,Alabama,Monroe,408,4,0,31.56729412,-87.36995001,1099.0,1967.8772970626533,0.9803921568627452,404,396,4,0,392,395,21067,12,0,0,12,1
2020-08-06,US,Alabama,Montgomery,6449,148,0,32.2206831,-86.20969272,1101.0,2847.416617362663,2.2949294464258023,6301,6350,148,0,6202,6305,225763,99,0,0,99,45
2020-08-06,US,Alabama,Morgan,2295,17,0,34.45500589,-86.85475946,1103.0,1917.629659338731,0.7407407407407407,2278,2270,15,0,2255,2243,119089,25,2,0,23,27
2020-08-06,US,Alabama,Perry,436,4,0,32.64048341,-87.29770589,1105.0,4886.2490193880985,0.9174311926605504,432,432,4,0,428,431,9140,4,0,0,4,1
2020-08-06,US,Alabama,Pickens,377,9,0,33.28094866,-88.08818103,1107.0,1891.6206723532364,2.3872679045092844,368,376,9,0,367,371,19938,1,0,0,1,5
2020-08-06,US,Alabama,Pike,687,7,0,31.80396383,-85.9408295,1109.0,2074.6512049284293,1.0189228529839884,680,672,7,0,665,660,33338,15,0,0,15,12
2020-08-06,US,Alabama,Randolph,394,10,0,33.29526734,-85.45708831,1111.0,1734.0022885309393,2.538071065989848,384,392,10,0,382,391,22725,2,0,0,2,1
2020-08-06,US,Alabama,Russell,1277,2,0,32.28725256,-85.18415324,1113.0,2203.2056037680513,0.15661707126076746,1275,1267,2,0,1265,1247,57781,10,0,0,10,20
2020-08-06,US,Alabama,Shelby,3164,32,0,33.26879845,-86.66232561,1117.0,1453.3628538093355,1.011378002528445,3132,3119,32,0,3087,3075,215707,45,0,0,45,44
2020-08-06,US,Alabama,St. Clair,1289,15,0,33.71902176,-86.31029372,1115.0,1440.0303869872196,1.1636927851047325,1274,1252,14,0,1238,1236,88690,37,1,0,36,16
2020-08-06,US,Alabama,Sumter,360,18,0,32.59117397,-88.19916205,1119.0,2896.9180011265794,5.0,342,360,18,0,342,359,12691,0,0,0,0,1
2020-08-06,US,Alabama,Talladega,967,13,0,33.37823223,-86.16886178,1121.0,1209.082497686864,1.3443640124095142,954,946,13,0,933,927,79828,21,0,0,21,19
2020-08-06,US,Alabama,Tallapoosa,841,79,0,32.86698258,-85.79833053,1123.0,2083.3849431466297,9.393579072532699,762,827,78,0,749,822,40497,14,1,0,13,5
2020-08-06,US,Alabama,Tuscaloosa,4057,69,0,33.28726072,-87.52556818,1125.0,1937.8567504955693,1.7007641114123735,3988,4002,69,0,3933,3984,208911,55,0,0,55,18
2020-08-06,US,Alabama,Unassigned,3190,60,0,0.0,0.0,90001.0,0.0,1.8808777429467085,3130,2878,56,0,2822,2812,,312,4,0,308,66
2020-08-06,US,Alabama,Walker,1498,64,0,33.80270512,-87.30027177,1127.0,2358.2752160702757,4.272363150867824,1434,1479,64,0,1415,1474,63711,19,0,0,19,5
2020-08-06,US,Alabama,Washington,320,12,0,31.4092794,-88.20689944,1129.0,1960.0637020703173,3.75,308,315,12,0,303,314,16378,5,0,0,5,1
2020-08-06,US,Alabama,Wilcox,414,10,0,31.98773215,-87.30891118,1131.0,3991.130820399113,2.415458937198068,404,411,10,0,401,408,10627,3,0,0,3,3
2020-08-06,US,Alabama,Winston,440,11,0,34.15030532,-87.37325922,1133.0,1862.1185830970417,2.5,429,435,11,0,424,432,23660,5,0,0,5,3
2020-08-06,US,Alaska,Aleutians East,2,0,0,55.32222414,-161.9722021,2013.0,59.93407252022774,0.0,2,2,0,0,2,2,3515,0,0,0,0,0
2020-08-06,US,Alaska,Aleutians West,4,0,0,52.3233,-174.1596,2016.0,70.99751508697194,0.0,4,4,0,0,4,4,5723,0,0,0,0,0
2020-08-06,US,Alaska,Anchorage,2016,13,0,61.14998174,-149.14269860000005,2020.0,700.0,0.6448412698412699,2003,1993,13,0,1980,1956,291538,23,0,0,23,37
2020-08-06,US,Alaska,Bethel,22,0,0,60.90980451,-159.8561831,2050.0,119.65626019797672,0.0,22,22,0,0,22,22,18216,0,0,0,0,0
2020-08-06,US,Alaska,Bristol Bay,7,0,0,58.74513976,-156.701064,2060.0,837.3205741626795,0.0,7,7,0,0,7,6,877,0,0,0,0,1
2020-08-06,US,Alaska,Denali,1,0,0,63.67264044,-150.0076108,2068.0,47.687172150691474,0.0,1,1,0,0,1,1,2059,0,0,0,0,0
2020-08-06,US,Alaska,Dillingham,1,0,0,59.79603738,-158.23819419999995,2070.0,20.34174125305126,0.0,1,1,0,0,1,1,5000,0,0,0,0,0
2020-08-06,US,Alaska,Fairbanks North Star,420,5,0,64.80726247,-146.5692662,2090.0,433.6647771272807,1.1904761904761905,415,415,5,0,410,413,98971,5,0,0,5,2
2020-08-06,US,Alaska,Haines,4,0,0,59.09893571,-135.4679843,2100.0,158.10276679841897,0.0,4,4,0,0,4,4,2474,0,0,0,0,0
2020-08-06,US,Alaska,Juneau,95,1,0,58.45031811,-134.200436,2110.0,297.11640708075316,1.0526315789473684,94,93,1,0,92,92,32113,2,0,0,2,1
2020-08-06,US,Alaska,Kenai Peninsula,308,2,0,60.24429722,-151.53888840000005,2122.0,524.6303740546433,0.6493506493506493,306,306,2,0,304,304,58533,2,0,0,2,2
2020-08-06,US,Alaska,Ketchikan Gateway,37,0,0,55.57445008,-130.975561,2130.0,266.1679015898137,0.0,37,37,0,0,37,36,13918,0,0,0,0,1
2020-08-06,US,Alaska,Kodiak Island,6,0,0,57.65529415,-153.7493579,2150.0,46.16094783812894,0.0,6,6,0,0,6,6,13345,0,0,0,0,0
2020-08-06,US,Alaska,Kusilvak,6,0,0,62.15429159999999,-163.39678830000003,2158.0,72.1674284339668,0.0,6,6,0,0,6,6,8303,0,0,0,0,0
2020-08-06,US,Alaska,Matanuska-Susitna,315,2,0,62.31305045,-149.5741743,2170.0,290.81307643306224,0.6349206349206349,313,314,2,0,312,311,107610,1,0,0,1,3
2020-08-06,US,Alaska,Nome,19,0,0,64.90320724,-164.0353804,2180.0,189.92403038784485,0.0,19,19,0,0,19,19,10008,0,0,0,0,0
2020-08-06,US,Alaska,North Slope,16,0,0,69.31479216,-153.4836093,2185.0,162.73393002441009,0.0,16,16,0,0,16,16,9872,0,0,0,0,0
2020-08-06,US,Alaska,Northwest Arctic,39,0,0,67.04919196,-159.7503946,2188.0,511.74386563443113,0.0,39,37,0,0,37,33,7671,2,0,0,2,4
2020-08-06,US,Alaska,Petersburg,6,1,0,57.13978948,-132.9540995,2195.0,183.71096142069808,16.666666666666668,5,6,1,0,5,6,3221,0,0,0,0,0
2020-08-06,US,Alaska,Prince of Wales-Hyder,7,0,0,55.76261984,-133.0511621,2198.0,112.84862163469288,0.0,7,7,0,0,7,8,6422,0,0,0,0,-1
2020-08-06,US,Alaska,Sitka,25,0,0,57.24124555,-135.3206587,2220.0,294.36006122689275,0.0,25,25,0,0,25,23,8647,0,0,0,0,2
2020-08-06,US,Alaska,Southeast Fairbanks,15,0,0,63.87692095,-143.2127643,2240.0,217.6120702161613,0.0,15,15,0,0,15,14,6918,0,0,0,0,1
2020-08-06,US,Alaska,Valdez-Cordova,49,0,0,61.47502768,-144.7126799,2261.0,532.4929363181917,0.0,49,48,0,0,48,48,9164,1,0,0,1,0
2020-08-06,US,Alaska,Wrangell,8,0,0,56.3202004,-132.05837309999998,2275.0,319.744204636291,0.0,8,9,0,0,9,9,2503,-1,0,0,-1,0
2020-08-06,US,Alaska,Yakutat,7,0,0,59.890980799999994,-140.36014509999998,2282.0,1208.9810017271154,0.0,7,7,0,0,7,7,604,0,0,0,0,0
2020-08-06,US,Alaska,Yukon-Koyukuk,48,1,0,65.50815459,-151.39073869999999,2290.0,917.7820267686425,2.083333333333333,47,48,1,0,47,47,5327,0,0,0,0,1
2020-08-06,US,Arizona,Apache,3119,138,0,35.39465006,-109.4892383,4001.0,4338.753877613477,4.4244950304584805,2981,3119,137,0,2982,3098,71818,0,1,0,-1,21
2020-08-06,US,Arizona,Cochise,1565,52,0,31.87934684,-109.7516088,4003.0,1242.832864789314,3.322683706070288,1513,1560,52,0,1508,1554,126770,5,0,0,5,6
2020-08-06,US,Arizona,Coconino,3043,115,0,35.83883429,-111.77071780000001,4005.0,2120.9122083135853,3.779165297403878,2928,3033,117,0,2916,3013,142854,10,-2,0,12,20
2020-08-06,US,Arizona,Gila,884,36,0,33.80190085,-110.8132779,4007.0,1636.4915398570847,4.072398190045249,848,871,34,0,837,846,53889,13,2,0,11,25
2020-08-06,US,Arizona,Graham,518,12,0,32.93166885,-109.8882178,4009.0,1333.7796431238253,2.3166023166023164,506,511,12,0,499,492,38072,7,0,0,7,19
2020-08-06,US,Arizona,Greenlee,58,1,0,33.21498827,-109.2405279,4011.0,610.6548747104654,1.7241379310344829,57,57,1,0,56,57,9483,1,0,0,1,0
2020-08-06,US,Arizona,La Paz,477,11,0,33.72854224,-113.98100290000001,4012.0,2259.806708357021,2.3060796645702304,466,476,10,0,466,476,21098,1,1,0,0,0
2020-08-06,US,Arizona,Maricopa,124022,2259,0,33.34835867,-112.49181540000001,4013.0,2765.0067529998346,1.8214510328812632,121763,123082,2204,0,120878,121789,4410824,940,55,0,885,1293
2020-08-06,US,Arizona,Mohave,3078,161,0,35.70471703,-113.7577902,4015.0,1450.6482672812365,5.230669265756986,2917,3073,161,0,2912,3048,209550,5,0,0,5,25
2020-08-06,US,Arizona,Navajo,5330,197,0,35.3997715,-110.3218983,4017.0,4805.091774548339,3.6960600375234516,5133,5309,197,0,5112,5301,110445,21,0,0,21,8
2020-08-06,US,Arizona,Pima,17293,480,0,32.0971334,-111.7890033,4019.0,1651.2314292561966,2.7756895853813686,16813,16964,469,0,16495,16809,1039073,329,11,0,318,155
2020-08-06,US,Arizona,Pinal,8323,147,0,32.90525627,-111.3449483,4021.0,1798.4437832359888,1.7661900756938604,8176,8297,145,0,8152,8304,447138,26,2,0,24,-7
2020-08-06,US,Arizona,Santa Cruz,2643,51,0,31.52508998,-110.8479088,4023.0,5684.115445825628,1.9296254256526677,2592,2633,51,0,2582,2618,46511,10,0,0,10,15
2020-08-06,US,Arizona,Unassigned,0,1,0,0.0,0.0,90004.0,0.0,0.0,-1,0,1,0,-1,0,,0,0,0,0,0
2020-08-06,US,Arizona,Yavapai,1936,65,0,34.59933926,-112.5538588,4025.0,823.4828731725785,3.357438016528925,1871,1904,65,0,1839,1883,231993,32,0,0,32,21
2020-08-06,US,Arizona,Yuma,11367,276,0,32.76895712,-113.90666740000002,4027.0,5316.974371687708,2.4280812879387703,11091,11314,276,0,11038,11217,212128,53,0,0,53,97
2020-08-06,US,Arkansas,Arkansas,208,1,0,34.29145151,-91.37277296,5001.0,1189.5230470090355,0.4807692307692308,207,209,1,0,208,206,17769,-1,0,0,-1,3
2020-08-06,US,Arkansas,Ashley,298,5,0,33.19153461,-91.7698471,5003.0,1515.9993895304474,1.6778523489932886,293,284,5,0,279,262,20046,14,0,0,14,22
2020-08-06,US,Arkansas,Baxter,68,0,0,36.28784385,-92.33782872,5005.0,162.1673185156921,0.0,68,68,0,0,68,64,41619,0,0,0,0,4
2020-08-06,US,Arkansas,Benton,4663,40,0,36.33644656,-94.25680817,5007.0,1670.4819428174292,0.8578168561012224,4623,4634,40,0,4594,4611,272608,29,0,0,29,23
2020-08-06,US,Arkansas,Boone,193,1,0,36.3084504,-93.09374925,5009.0,515.601624278692,0.5181347150259067,192,184,1,0,183,184,37480,9,0,0,9,0
2020-08-06,US,Arkansas,Bradley,173,3,0,33.46755808,-92.15980837,5011.0,1607.3585431571125,1.7341040462427746,170,167,3,0,164,155,10897,6,0,0,6,12
2020-08-06,US,Arkansas,Calhoun,13,0,0,33.55598792,-92.49974403,5013.0,250.5299672383889,0.0,13,13,0,0,13,13,5277,0,0,0,0,0
2020-08-06,US,Arkansas,Carroll,350,7,0,36.34038560000001,-93.54270261,5015.0,1233.2628611698378,2.0,343,346,7,0,339,341,28223,4,0,0,4,5
2020-08-06,US,Arkansas,Chicot,707,8,0,33.26458973,-91.29539209,5017.0,6987.546946036768,1.1315417256011315,699,700,8,0,692,552,10438,7,0,0,7,148
2020-08-06,US,Arkansas,Clark,175,1,0,34.04613432,-93.17484713,5019.0,784.0501792114695,0.5714285714285714,174,170,1,0,169,164,22061,5,0,0,5,6
2020-08-06,US,Arkansas,Clay,118,4,0,36.36826212,-90.4148172,5021.0,810.9408288090166,3.3898305084745757,114,114,4,0,110,112,14847,4,0,0,4,2
2020-08-06,US,Arkansas,Cleburne,188,5,0,35.53864922,-92.02640019,5023.0,754.4443998555321,2.6595744680851063,183,187,5,0,182,183,24965,1,0,0,1,4
2020-08-06,US,Arkansas,Cleveland,87,2,0,33.89723187,-92.18537045,5025.0,1093.5143288084464,2.2988505747126435,85,83,2,0,81,76,8018,4,0,0,4,7
2020-08-06,US,Arkansas,Columbia,209,8,0,33.21230701,-93.22642793,5027.0,890.9920279660656,3.827751196172249,201,209,7,0,202,207,23537,0,1,0,-1,2
2020-08-06,US,Arkansas,Conway,143,3,0,35.26205537,-92.70506566,5029.0,685.9829223831912,2.097902097902098,140,143,3,0,140,138,20891,0,0,0,0,5
2020-08-06,US,Arkansas,Craighead,1264,12,0,35.83018283,-90.63235729,5031.0,1145.6331798571584,0.9493670886075948,1252,1196,12,0,1184,1156,108558,68,0,0,68,40
2020-08-06,US,Arkansas,Crawford,582,3,0,35.58928601,-94.2446814,5033.0,920.0562783565456,0.5154639175257731,579,569,3,0,566,566,63406,13,0,0,13,3
2020-08-06,US,Arkansas,Crittenden,1315,20,0,35.21247318,-90.30839406,5035.0,2742.154102804713,1.520912547528517,1295,1291,20,0,1271,1269,48342,24,0,0,24,22
2020-08-06,US,Arkansas,Cross,183,3,0,35.29631396,-90.77185818,5037.0,1114.5623972227297,1.639344262295082,180,173,3,0,170,172,16676,10,0,0,10,1
2020-08-06,US,Arkansas,Dallas,59,0,0,33.97042763,-92.65167437,5039.0,841.7748608931372,0.0,59,59,0,0,59,59,7182,0,0,0,0,0
2020-08-06,US,Arkansas,Desha,179,2,0,33.83011025,-91.25500948,5041.0,1575.565531203239,1.11731843575419,177,174,2,0,172,165,11512,5,0,0,5,9
2020-08-06,US,Arkansas,Drew,182,3,0,33.59035001,-91.71777921,5043.0,998.9571326637027,1.6483516483516485,179,175,3,0,172,171,18328,7,0,0,7,4
2020-08-06,US,Arkansas,Faulkner,1252,5,0,35.14719007,-92.33717519,5045.0,993.5955938955773,0.3993610223642173,1247,1239,5,0,1234,1229,124806,13,0,0,13,10
2020-08-06,US,Arkansas,Franklin,119,2,0,35.51202821,-93.89299569,5047.0,671.7471069714927,1.680672268907563,117,113,2,0,111,111,17810,6,0,0,6,2
2020-08-06,US,Arkansas,Fulton,30,0,0,36.38177105,-91.81729127,5049.0,240.44241404183697,0.0,30,30,0,0,30,29,12269,0,0,0,0,1
2020-08-06,US,Arkansas,Garland,939,8,0,34.57692074,-93.14921604,5051.0,944.8010786227437,0.8519701810436635,931,910,8,0,902,879,99154,29,0,0,29,31
2020-08-06,US,Arkansas,Grant,131,0,0,34.29017991,-92.42320562,5053.0,717.2187243361618,0.0,131,130,0,0,130,130,18188,1,0,0,1,0
2020-08-06,US,Arkansas,Greene,445,1,0,36.11735460000001,-90.55832668,5055.0,981.7981246552677,0.2247191011235955,444,422,1,0,421,403,45325,23,0,0,23,19
2020-08-06,US,Arkansas,Hempstead,227,2,0,33.73325583,-93.66935133,5057.0,1054.244844882036,0.8810572687224669,225,227,2,0,225,224,21741,0,0,0,0,3
2020-08-06,US,Arkansas,Hot Spring,1484,12,0,34.31709259,-92.95396325,5059.0,4394.302804181102,0.8086253369272237,1472,1479,12,0,1467,1475,33701,5,0,0,5,4
2020-08-06,US,Arkansas,Howard,322,3,0,34.09007427,-93.9934871,5061.0,2439.0243902439024,0.9316770186335404,319,308,2,0,306,303,13341,14,1,0,13,5
2020-08-06,US,Arkansas,Independence,443,1,0,35.74242707,-91.57001641,5063.0,1171.1830799735624,0.2257336343115124,442,433,1,0,432,413,37678,10,0,0,10,20
2020-08-06,US,Arkansas,Izard,47,1,0,36.09604046,-91.90847954,5065.0,344.85288722576865,2.127659574468085,46,45,1,0,44,45,13593,2,0,0,2,0
2020-08-06,US,Arkansas,Jackson,63,1,0,35.59802983,-91.21494602,5067.0,376.8167952628745,1.5873015873015872,62,62,1,0,61,61,16811,1,0,0,1,1
2020-08-06,US,Arkansas,Jefferson,1423,40,0,34.26767081,-91.92619839,5069.0,2129.474440320843,2.8109627547435,1383,1412,40,0,1372,1404,68114,11,0,0,11,8
2020-08-06,US,Arkansas,Johnson,652,2,0,35.56759135,-93.46036368,5071.0,2453.156746181052,0.3067484662576687,650,646,2,0,644,639,26742,6,0,0,6,7
2020-08-06,US,Arkansas,Lafayette,52,2,0,33.24116713,-93.60677071,5073.0,785.024154589372,3.8461538461538463,50,52,2,0,50,50,6682,0,0,0,0,2
2020-08-06,US,Arkansas,Lawrence,205,9,0,36.04188196,-91.10867198,5075.0,1249.5428501767647,4.390243902439025,196,191,9,0,182,186,16434,14,0,0,14,5
2020-08-06,US,Arkansas,Lee,890,8,0,34.78498904,-90.78383866,5077.0,10048.549170147906,0.8988764044943821,882,890,8,0,882,890,8985,0,0,0,0,0
2020-08-06,US,Arkansas,Lincoln,1197,11,0,33.95317155,-91.74002806,5079.0,9190.724815724816,0.9189640768588136,1186,1196,11,0,1185,1195,13383,1,0,0,1,1
2020-08-06,US,Arkansas,Little River,164,1,0,33.70375665,-94.23468591,5081.0,1337.7926421404684,0.6097560975609756,163,160,1,0,159,158,12326,4,0,0,4,2
2020-08-06,US,Arkansas,Logan,225,1,0,35.21413234,-93.71951016,5083.0,1048.169197801174,0.4444444444444444,224,208,1,0,207,196,21737,17,0,0,17,12
2020-08-06,US,Arkansas,Lonoke,482,2,0,34.75392199,-91.88742357,5085.0,657.4908947059706,0.4149377593360996,480,474,2,0,472,469,73657,8,0,0,8,5
2020-08-06,US,Arkansas,Madison,269,2,0,36.01038185,-93.72524943,5087.0,1622.828185328185,0.7434944237918215,267,267,1,0,266,265,16481,2,1,0,1,2
2020-08-06,US,Arkansas,Marion,25,0,0,36.26844485,-92.68451899,5089.0,149.75440277944168,0.0,25,26,0,0,26,24,16722,-1,0,0,-1,2
2020-08-06,US,Arkansas,Miller,495,5,0,33.31403423,-93.89285258,5091.0,1144.32346209862,1.0101010101010102,490,489,5,0,484,475,43592,6,0,0,6,14
2020-08-06,US,Arkansas,Mississippi,914,13,0,35.76271485,-90.05194370000002,5093.0,2248.4071732552707,1.4223194748358865,901,891,12,0,879,853,41239,23,1,0,22,38
2020-08-06,US,Arkansas,Monroe,55,0,0,34.6815935,-91.20540287,5095.0,820.7730189523953,0.0,55,52,0,0,52,53,6900,3,0,0,3,-1
2020-08-06,US,Arkansas,Montgomery,34,1,0,34.53704874,-93.65824478,5097.0,378.36634765190286,2.9411764705882355,33,31,0,0,31,29,8924,3,1,0,2,2
2020-08-06,US,Arkansas,Nevada,136,9,0,33.66340119,-93.30632432,5099.0,1648.0853126514785,6.617647058823528,127,134,9,0,125,134,8326,2,0,0,2,0
2020-08-06,US,Arkansas,Newton,102,6,0,35.91947491,-93.21612969,5101.0,1315.6197600928672,5.882352941176472,96,100,5,0,95,100,7805,2,1,0,1,0
2020-08-06,US,Arkansas,Ouachita,84,2,0,33.58839816,-92.87795984,5103.0,359.250705671029,2.380952380952381,82,84,2,0,82,81,23606,0,0,0,0,3
2020-08-06,US,Arkansas,Perry,50,0,0,34.9459153,-92.94372564,5105.0,478.24007651841225,0.0,50,50,0,0,50,49,10352,0,0,0,0,1
2020-08-06,US,Arkansas,Phillips,298,7,0,34.43268455,-90.84800154,5107.0,1675.851985153526,2.348993288590604,291,298,7,0,291,289,18029,0,0,0,0,9
2020-08-06,US,Arkansas,Pike,91,1,0,34.16250414,-93.65789349,5109.0,849.0389998133977,1.0989010989010992,90,88,1,0,87,84,10673,3,0,0,3,4
2020-08-06,US,Arkansas,Poinsett,217,3,0,35.57433534,-90.66268713,5111.0,922.3053383202993,1.3824884792626728,214,190,3,0,187,173,23974,27,0,0,27,17
2020-08-06,US,Arkansas,Polk,137,1,0,34.48254879,-94.22728802,5113.0,686.2352234021237,0.7299270072992701,136,134,1,0,133,132,20049,3,0,0,3,2
2020-08-06,US,Arkansas,Pope,1276,10,0,35.44871474,-93.03212219,5115.0,1991.5095517542763,0.7836990595611285,1266,1266,10,0,1256,1241,64000,10,0,0,10,25
2020-08-06,US,Arkansas,Prairie,80,0,0,34.83624419,-91.55162157,5117.0,992.3096005953856,0.0,80,78,0,0,78,76,8074,2,0,0,2,2
2020-08-06,US,Arkansas,Pulaski,5222,81,0,34.77054088,-92.31355101,5119.0,1332.4453766288775,1.551129835312141,5141,5151,81,0,5070,5054,392680,71,0,0,71,97
2020-08-06,US,Arkansas,Randolph,199,3,0,36.3415714,-91.02455531,5121.0,1108.1412183984853,1.5075376884422111,196,198,3,0,195,178,17948,1,0,0,1,20
2020-08-06,US,Arkansas,Saline,975,6,0,34.64916145,-92.67583224,5125.0,796.3279074136085,0.6153846153846154,969,949,6,0,943,922,121421,26,0,0,26,27
2020-08-06,US,Arkansas,Scott,51,0,0,34.85588887,-94.0632176,5127.0,496.06069448497215,0.0,51,46,0,0,46,45,10319,5,0,0,5,1
2020-08-06,US,Arkansas,Searcy,28,0,0,35.9109364,-92.69936482,5129.0,355.2848623271158,0.0,28,28,0,0,28,27,7958,0,0,0,0,1
2020-08-06,US,Arkansas,Sebastian,2038,17,0,35.19605503,-94.27162713,5131.0,1594.342353336932,0.8341511285574092,2021,1977,17,0,1960,1919,127753,61,0,0,61,58
2020-08-06,US,Arkansas,Sevier,969,10,0,33.99780401,-94.2424869,5133.0,5697.653907214676,1.0319917440660475,959,958,10,0,948,944,17139,11,0,0,11,14
2020-08-06,US,Arkansas,Sharp,107,5,0,36.16258158,-91.47819342,5135.0,613.4617589725949,4.672897196261682,102,106,5,0,101,106,17366,1,0,0,1,0
2020-08-06,US,Arkansas,St. Francis,1165,3,0,35.02201976,-90.74828138,5123.0,4661.118668480435,0.2575107296137339,1162,1148,3,0,1145,1144,25439,17,0,0,17,4
2020-08-06,US,Arkansas,Stone,61,1,0,35.86251946,-92.15684085,5137.0,487.765872381257,1.639344262295082,60,59,1,0,58,59,12457,2,0,0,2,0
2020-08-06,US,Arkansas,Unassigned,1733,0,0,0.0,0.0,90005.0,0.0,0.0,1733,1686,0,0,1686,1652,,47,0,0,47,34
2020-08-06,US,Arkansas,Union,464,17,0,33.16887091,-92.59746952,5139.0,1199.524326560157,3.6637931034482767,447,458,17,0,441,452,39126,6,0,0,6,6
2020-08-06,US,Arkansas,Van Buren,52,2,0,35.58095779,-92.51295036,5141.0,314.2943487458447,3.8461538461538463,50,52,2,0,50,52,16603,0,0,0,0,0
2020-08-06,US,Arkansas,Washington,6188,51,0,35.976844,-94.21800746,5143.0,2587.0971248437413,0.8241758241758241,6137,6168,50,0,6118,6120,236961,20,1,0,19,48
2020-08-06,US,Arkansas,White,289,2,0,35.25688493,-91.74908296,5145.0,366.97014716899673,0.6920415224913494,287,284,2,0,282,271,78727,5,0,0,5,13
2020-08-06,US,Arkansas,Woodruff,20,0,0,35.18902527,-91.2439489,5147.0,316.4556962025317,0.0,20,20,0,0,20,20,6490,0,0,0,0,0
2020-08-06,US,Arkansas,Yell,1055,14,0,35.00292371,-93.41171338,5149.0,4943.535916779907,1.3270142180094786,1041,1052,14,0,1038,1043,21535,3,0,0,3,9
2020-08-06,US,California,Alameda,12884,206,0,37.64629437,-121.8929271,6001.0,770.8835304120253,1.5988823346786711,12678,12136,193,0,11943,11909,1666753,748,13,0,735,227
2020-08-06,US,California,Alpine,2,0,0,38.59678594,-119.82235940000001,6003.0,177.14791851195747,0.0,2,2,0,0,2,2,1101,0,0,0,0,0
2020-08-06,US,California,Amador,156,0,0,38.44583082,-120.65696000000001,6005.0,392.4330851277923,0.0,156,137,0,0,137,137,39383,19,0,0,19,0
2020-08-06,US,California,Butte,1060,8,0,39.66727762,-121.6005252,6007.0,483.6075296779903,0.7547169811320755,1052,1012,8,0,1004,1012,231256,48,0,0,48,0
2020-08-06,US,California,Calaveras,136,1,0,38.20537103,-120.55291299999999,6009.0,296.26402352684886,0.7352941176470589,135,136,1,0,135,136,45602,0,0,0,0,0
2020-08-06,US,California,Colusa,361,4,0,39.17881957,-122.2331726,6011.0,1675.4072492690395,1.10803324099723,357,359,4,0,355,357,21627,2,0,0,2,2
2020-08-06,US,California,Contra Costa,8532,134,0,37.91923498,-121.9289527,6013.0,739.6452268956226,1.5705578996718237,8398,8324,131,0,8193,8176,1150215,208,3,0,205,148
2020-08-06,US,California,Del Norte,90,0,0,41.74228275,-123.89740630000001,6015.0,323.6013231698548,0.0,90,90,0,0,90,90,27828,0,0,0,0,0
2020-08-06,US,California,El Dorado,716,1,0,38.77965956,-120.5233166,6017.0,371.2864869349678,0.13966480446927373,715,668,1,0,667,668,190678,48,0,0,48,0
2020-08-06,US,California,Fresno,16625,157,0,36.75733899,-119.6466953,6019.0,1663.9959323431765,0.9443609022556392,16468,15945,157,0,15788,15759,994400,680,0,0,680,186
2020-08-06,US,California,Glenn,352,3,0,39.59875897,-122.3938452,6021.0,1239.7421899764024,0.8522727272727273,349,346,2,0,344,332,28047,6,1,0,5,14
2020-08-06,US,California,Humboldt,280,4,0,40.69923009,-123.876044,6023.0,206.55365231118785,1.4285714285714286,276,245,4,0,241,245,136373,35,0,0,35,0
2020-08-06,US,California,Imperial,9601,240,0,33.0393082,-115.36690420000001,6025.0,5298.12653477913,2.499739610457244,9361,9513,232,0,9281,9513,181827,88,8,0,80,0
2020-08-06,US,California,Inyo,84,1,0,36.51112084,-117.41119779999998,6027.0,465.65774155995337,1.1904761904761905,83,66,1,0,65,64,17987,18,0,0,18,2
2020-08-06,US,California,Kern,21724,152,0,35.34329425,-118.72777959999999,6029.0,2413.2361403329473,0.6996869821395691,21572,21433,152,0,21281,21228,896764,291,0,0,291,205
2020-08-06,US,California,Kings,4453,56,0,36.07409056,-119.8159973,6031.0,2911.5993199947693,1.2575791601167752,4397,4453,56,0,4397,4453,151366,0,0,0,0,0
2020-08-06,US,California,Lake,212,2,0,39.10124298,-122.75362439999999,6033.0,329.26412574162083,0.9433962264150944,210,211,1,0,210,211,64382,1,1,0,0,0
2020-08-06,US,California,Lassen,633,0,0,40.67311306,-120.59350990000002,6035.0,2070.4543224413696,0.0,633,632,0,0,632,632,30802,1,0,0,1,0
2020-08-06,US,California,Los Angeles,201200,4869,0,34.30828379,-118.22824109999999,6037.0,2004.1623224057682,2.4199801192842942,196331,198165,4827,0,193338,195805,10105518,3035,42,0,2993,2360
2020-08-06,US,California,Madera,2208,36,0,37.21513971,-119.76655890000002,6039.0,1403.4463251698694,1.6304347826086956,2172,2114,32,0,2082,2114,157672,94,4,0,90,0
2020-08-06,US,California,Marin,5199,78,0,38.07122463,-122.72106310000001,6041.0,2008.6853716396345,1.5002885170225044,5121,5180,76,0,5104,5180,259666,19,2,0,17,0
2020-08-06,US,California,Mariposa,60,2,0,37.57978556,-119.9073334,6043.0,348.77637621345116,3.333333333333333,58,59,2,0,57,59,17471,1,0,0,1,0
2020-08-06,US,California,Mendocino,363,10,0,39.4381191,-123.39113130000001,6045.0,418.4486276498865,2.7548209366391183,353,341,9,0,332,341,87606,22,1,0,21,0
2020-08-06,US,California,Merced,4855,62,0,37.18922369,-120.72090349999999,6047.0,1748.4154422356671,1.2770339855818744,4793,4583,51,0,4532,4583,274765,272,11,0,261,0
2020-08-06,US,California,Modoc,4,0,0,41.58965602,-120.7244817,6049.0,45.243750706933604,0.0,4,4,0,0,4,4,8777,0,0,0,0,0
2020-08-06,US,California,Mono,153,1,0,37.93899289,-118.8872409,6051.0,1059.2633619495984,0.6535947712418301,152,146,1,0,145,145,14250,7,0,0,7,1
2020-08-06,US,California,Monterey,5120,35,0,36.21862405,-121.24133970000001,6053.0,1179.5577119344978,0.68359375,5085,4966,34,0,4932,4966,435594,154,1,0,153,0
2020-08-06,US,California,Napa,1025,9,0,38.50735751,-122.33283899999999,6055.0,744.1340457660588,0.8780487804878049,1016,1007,9,0,998,980,139417,18,0,0,18,27
2020-08-06,US,California,Nevada,321,1,0,39.30394768,-120.76272809999999,6057.0,321.78838153476016,0.3115264797507788,320,316,1,0,315,316,99696,5,0,0,5,0
2020-08-06,US,California,Orange,38711,697,0,33.70147516,-117.76459979999998,6059.0,1218.9784147832975,1.800521815504637,38014,38131,665,0,37466,38066,3185968,580,32,0,548,65
2020-08-06,US,California,Placer,2039,20,0,39.06167234,-120.72405690000001,6061.0,511.8884138488536,0.9808729769494849,2019,1998,19,0,1979,1953,393149,41,1,0,40,45
2020-08-06,US,California,Plumas,34,0,0,40.00355989,-120.8395236,6063.0,180.7837507311108,0.0,34,33,0,0,33,33,18804,1,0,0,1,0
2020-08-06,US,California,Riverside,39741,770,0,33.74314981,-115.9933578,6065.0,1608.5917849738473,1.9375456078105733,38971,38487,738,0,37749,38487,2450758,1254,32,0,1222,0
2020-08-06,US,California,Sacramento,10544,155,0,38.45106826,-121.34253740000001,6067.0,679.3560549927902,1.470030349013657,10389,10174,148,0,10026,10174,1540975,370,7,0,363,0
2020-08-06,US,California,San Benito,699,4,0,36.60308176,-121.069975,6069.0,1112.9155521589607,0.5722460658082976,695,689,4,0,685,689,61537,10,0,0,10,0
2020-08-06,US,California,San Bernardino,34635,490,0,34.84060306,-116.1774685,6071.0,1588.6995231837286,1.4147538617005917,34145,34237,487,0,33750,34017,2171603,398,3,0,395,220
2020-08-06,US,California,San Diego,31127,583,0,33.03484597,-116.73653259999999,6073.0,932.412313941402,1.872972017862306,30544,30516,568,0,29948,30516,3343364,611,15,0,596,0
2020-08-06,US,California,San Francisco,7228,63,0,37.75215114,-122.43856720000001,6075.0,819.9203901314618,0.8716104039845047,7165,7081,62,0,7019,6989,883305,147,1,0,146,92
2020-08-06,US,California,San Joaquin,12119,192,0,37.93433732,-121.2730061,6077.0,1590.111107029081,1.58428913276673,11927,12034,187,0,11847,11958,752660,85,5,0,80,76
2020-08-06,US,California,San Luis Obispo,2047,16,0,35.38822029,-120.4039028,6079.0,723.0379603759658,0.7816316560820713,2031,1970,16,0,1954,1926,284010,77,0,0,77,44
2020-08-06,US,California,San Mateo,5891,120,0,37.422880799999994,-122.32755459999998,6081.0,768.4851931909942,2.037005601765405,5771,5758,120,0,5638,5744,769545,133,0,0,133,14
2020-08-06,US,California,Santa Barbara,6652,68,0,34.65329488,-120.0188492,6083.0,1489.8129671063093,1.0222489476849068,6584,6526,64,0,6462,6526,446527,126,4,0,122,0
2020-08-06,US,California,Santa Clara,11336,196,0,37.23104908,-121.6970462,6085.0,588.0119428254866,1.7290049400141143,11140,11030,192,0,10838,11030,1937570,306,4,0,302,0
2020-08-06,US,California,Santa Cruz,1213,4,0,37.05580291,-122.0066524,6087.0,443.97594550771737,0.3297609233305853,1209,1196,4,0,1192,1196,274255,17,0,0,17,0
2020-08-06,US,California,Shasta,411,9,0,40.76391419,-122.0396884,6089.0,228.2318969346957,2.18978102189781,402,404,9,0,395,397,180040,7,0,0,7,7
2020-08-06,US,California,Sierra,3,0,0,39.57713498,-120.52007009999998,6091.0,99.83361064891848,0.0,3,3,0,0,3,3,2987,0,0,0,0,0
2020-08-06,US,California,Siskiyou,90,0,0,41.59198861,-122.54074340000001,6093.0,206.711224419486,0.0,90,88,0,0,88,88,43724,2,0,0,2,0
2020-08-06,US,California,Solano,3959,39,0,38.26827353,-121.9357113,6095.0,884.4101214583943,0.9850972467794896,3920,3806,38,0,3768,3806,446610,153,1,0,152,0
2020-08-06,US,California,Sonoma,3208,42,0,38.52746429,-122.88625060000001,6097.0,648.9513205592957,1.3092269326683292,3166,3208,42,0,3166,3113,499942,0,0,0,0,95
2020-08-06,US,California,Stanislaus,9408,151,0,37.55862499,-120.9970722,6099.0,1708.4952602331748,1.6050170068027212,9257,9308,135,0,9173,9308,549815,100,16,0,84,0
2020-08-06,US,California,Sutter,893,6,0,39.03417539,-121.6945899,6101.0,920.893875488548,0.6718924972004481,887,840,6,0,834,840,96807,53,0,0,53,0
2020-08-06,US,California,Tehama,271,1,0,40.12570935,-122.23701709999999,6103.0,416.38497941122256,0.3690036900369004,270,249,1,0,248,246,63916,22,0,0,22,3
2020-08-06,US,California,Trinity,5,0,0,40.64917670000001,-123.114713,6105.0,40.7000407000407,0.0,5,5,0,0,5,5,12535,0,0,0,0,0
2020-08-06,US,California,Tulare,10334,196,0,36.22026558,-118.8020203,6107.0,2216.668990443913,1.8966518289142635,10138,10078,193,0,9885,9990,465861,256,3,0,253,88
2020-08-06,US,California,Tuolumne,147,2,0,38.02644018,-119.95250929999999,6109.0,269.833694335328,1.3605442176870748,145,144,2,0,142,144,54539,3,0,0,3,0
2020-08-06,US,California,Ventura,7953,79,0,34.44465746,-119.09106129999999,6111.0,940.0642548634407,0.9933358481076324,7874,7877,77,0,7800,7877,850967,76,2,0,74,0
2020-08-06,US,California,Yolo,1660,42,0,38.68278902,-121.90182879999999,6113.0,752.8344671201814,2.5301204819277108,1618,1614,42,0,1572,1614,220408,46,0,0,46,0
2020-08-06,US,California,Yuba,572,4,0,39.26255932,-121.35356440000001,6115.0,727.1063202318602,0.6993006993006993,568,533,4,0,529,533,78041,39,0,0,39,0
2020-08-06,US,Colorado,Adams,6307,175,0,39.87432092,-104.3362578,8001.0,1218.9300395615946,2.774694783573807,6132,6248,175,0,6073,6181,511868,59,0,0,59,67
2020-08-06,US,Colorado,Alamosa,224,9,0,37.57250606,-105.7885451,8003.0,1379.9051315222077,4.017857142857143,215,224,9,0,215,224,16683,0,0,0,0,0
2020-08-06,US,Colorado,Arapahoe,7194,363,0,39.64977461,-104.3353617,8005.0,1095.6609147260847,5.045871559633029,6831,7156,364,0,6792,7093,651215,38,-1,0,39,63
2020-08-06,US,Colorado,Archuleta,35,0,0,37.19474156,-107.0476867,8007.0,249.48321334378787,0.0,35,34,0,0,34,33,13765,1,0,0,1,1
2020-08-06,US,Colorado,Baca,14,0,0,37.31940883,-102.5603223,8009.0,390.9522479754258,0.0,14,14,0,0,14,14,3585,0,0,0,0,0
2020-08-06,US,Colorado,Bent,8,0,0,37.95474293,-103.0720195,8011.0,143.44629729245113,0.0,8,8,0,0,8,6,5882,0,0,0,0,2
2020-08-06,US,Colorado,Boulder,1997,75,0,40.09313619,-105.3546767,8013.0,612.2086107738905,3.7556334501752633,1922,1982,75,0,1907,1946,326078,15,0,0,15,36
2020-08-06,US,Colorado,Broomfield,445,32,0,39.95998787,-105.0566324,8014.0,631.5191939260626,7.191011235955057,413,436,32,0,404,421,69267,9,0,0,9,15
2020-08-06,US,Colorado,Chaffee,295,19,0,38.74745778,-106.19265729999998,8015.0,1449.204165847907,6.4406779661016955,276,292,19,0,273,292,20027,3,0,0,3,0
2020-08-06,US,Colorado,Cheyenne,8,0,0,38.82777431,-102.6032558,8017.0,436.9197160021846,0.0,8,8,0,0,8,8,1876,0,0,0,0,0
2020-08-06,US,Colorado,Clear Creek,29,1,0,39.68864463,-105.6463118,8019.0,298.96907216494844,3.4482758620689653,28,28,1,0,27,28,9605,1,0,0,1,0
2020-08-06,US,Colorado,Conejos,23,0,0,37.201606,-106.19174879999998,8021.0,280.31687995124923,0.0,23,23,0,0,23,23,8200,0,0,0,0,0
2020-08-06,US,Colorado,Costilla,22,0,0,37.27732493,-105.4276548,8023.0,565.9891947517366,0.0,22,22,0,0,22,22,3828,0,0,0,0,0
2020-08-06,US,Colorado,Crowley,72,1,0,38.32608609,-103.7844965,8025.0,1187.922785018974,1.3888888888888888,71,72,1,0,71,72,5858,0,0,0,0,0
2020-08-06,US,Colorado,Custer,11,0,0,38.10883162,-105.3683478,8027.0,217.04814522494078,0.0,11,11,0,0,11,11,4954,0,0,0,0,0
2020-08-06,US,Colorado,Delta,117,1,0,38.86246243,-107.8631342,8029.0,375.4572877222258,0.8547008547008547,116,115,1,0,114,115,30953,2,0,0,2,0
2020-08-06,US,Colorado,Denver,10052,413,0,39.76018276,-104.8725695,8031.0,1382.2673199387796,4.108635097493036,9639,9968,412,0,9556,9876,716492,84,1,0,83,92
2020-08-06,US,Colorado,Dolores,1,0,0,37.75208676,-108.5211585,8033.0,48.661800486618006,0.0,1,1,0,0,1,1,2074,0,0,0,0,0
2020-08-06,US,Colorado,Douglas,1702,59,0,39.33133796,-104.930001,8035.0,484.6876299287492,3.466509988249119,1643,1689,59,0,1630,1670,342776,13,0,0,13,19
2020-08-06,US,Colorado,Eagle,1106,9,0,39.62754308,-106.6933637,8037.0,2006.2764162751464,0.8137432188065099,1097,1096,9,0,1087,1092,54993,10,0,0,10,4
2020-08-06,US,Colorado,El Paso,4832,137,0,38.83240149,-104.5251411,8041.0,670.7356854427312,2.8352649006622515,4695,4754,137,0,4617,4663,713856,78,0,0,78,91
2020-08-06,US,Colorado,Elbert,102,2,0,39.28656773,-104.1358721,8039.0,381.6079913202889,1.96078431372549,100,97,2,0,95,92,26282,5,0,0,5,5
2020-08-06,US,Colorado,Fremont,116,0,0,38.47362326,-105.4399667,8043.0,242.47998494951813,0.0,116,117,0,0,117,113,48021,-1,0,0,-1,4
2020-08-06,US,Colorado,Garfield,753,4,0,39.59921777,-107.902708,8045.0,1253.7253791978155,0.5312084993359893,749,742,4,0,738,734,59770,11,0,0,11,8
2020-08-06,US,Colorado,Gilpin,16,0,0,39.85646523,-105.5252597,8047.0,256.28704148646483,0.0,16,16,0,0,16,16,6121,0,0,0,0,0
2020-08-06,US,Colorado,Grand,45,1,0,40.10603347,-106.1178042,8049.0,286.0048303038007,2.2222222222222223,44,44,1,0,43,44,15525,1,0,0,1,0
2020-08-06,US,Colorado,Gunnison,267,6,0,38.66611652,-107.0320729,8051.0,1529.0344748596954,2.247191011235955,261,266,6,0,260,262,17246,1,0,0,1,4
2020-08-06,US,Colorado,Hinsdale,3,0,0,37.82247444,-107.3004345,8053.0,365.8536585365854,0.0,3,3,0,0,3,3,811,0,0,0,0,0
2020-08-06,US,Colorado,Huerfano,8,1,0,37.68473101,-104.9612585,8055.0,115.99246049006815,12.5,7,7,1,0,6,6,6889,1,0,0,1,1
2020-08-06,US,Colorado,Jackson,9,0,0,40.66593870000001,-106.3408905,8057.0,646.5517241379309,0.0,9,8,0,0,8,8,1399,1,0,0,1,0
2020-08-06,US,Colorado,Jefferson,4086,227,0,39.58635604,-105.2517692,8059.0,701.0007188431258,5.5555555555555545,3859,4051,227,0,3824,3994,580233,35,0,0,35,57
2020-08-06,US,Colorado,Kit Carson,43,3,0,39.30497777,-102.6022199,8063.0,605.8898125968717,6.9767441860465125,40,43,3,0,40,43,7163,0,0,0,0,0
2020-08-06,US,Colorado,La Plata,204,2,0,37.28632032,-107.8429014,8067.0,362.85373792710914,0.9803921568627452,202,201,2,0,199,201,56310,3,0,0,3,0
2020-08-06,US,Colorado,Lake,74,0,0,39.20278823,-106.3555697,8065.0,910.5450965916084,0.0,74,74,0,0,74,73,7824,0,0,0,0,1
2020-08-06,US,Colorado,Larimer,1475,35,0,40.66671597,-105.4625784,8069.0,413.28218907870286,2.3728813559322037,1440,1456,35,0,1421,1420,350518,19,0,0,19,36
2020-08-06,US,Colorado,Las Animas,15,0,0,37.3153406,-104.0376458,8071.0,103.40548738453056,0.0,15,15,0,0,15,15,14503,0,0,0,0,0
2020-08-06,US,Colorado,Lincoln,8,0,0,38.98749519,-103.5136649,8073.0,140.3262585511314,0.0,8,7,0,0,7,6,5610,1,0,0,1,1
2020-08-06,US,Colorado,Logan,649,5,0,40.7249637,-103.110817,8075.0,2896.157793743585,0.7704160246533128,644,649,5,0,644,649,21528,0,0,0,0,0
2020-08-06,US,Colorado,Mesa,289,4,0,39.01787888,-108.469799,8077.0,187.4067829583036,1.3840830449826989,285,280,3,0,277,274,153207,9,1,0,8,6
2020-08-06,US,Colorado,Mineral,18,0,0,37.66954283,-106.9281698,8079.0,2340.702210663199,0.0,18,18,0,0,18,18,776,0,0,0,0,0
2020-08-06,US,Colorado,Moffat,26,1,0,40.61810999,-108.2070876,8081.0,195.73891440186702,3.8461538461538463,25,26,1,0,25,26,13188,0,0,0,0,0
2020-08-06,US,Colorado,Montezuma,109,4,0,37.33859579,-108.5958857,8083.0,416.30065309552003,3.669724770642202,105,108,4,0,104,108,26158,1,0,0,1,0
2020-08-06,US,Colorado,Montrose,292,13,0,38.40214114,-108.26390220000002,8085.0,682.913139061696,4.452054794520548,279,287,13,0,274,287,42214,5,0,0,5,0
2020-08-06,US,Colorado,Morgan,681,46,0,40.26279810000001,-103.8093302,8087.0,2342.782441172423,6.7547723935389135,635,681,46,0,635,678,28558,0,0,0,0,3
2020-08-06,US,Colorado,Otero,70,6,0,37.9014485,-103.7173385,8089.0,382.9740671845935,8.571428571428571,64,65,6,0,59,63,18432,5,0,0,5,2
2020-08-06,US,Colorado,Ouray,12,1,0,38.14717457,-107.7675136,8091.0,242.3263327948304,8.333333333333334,11,12,1,0,11,12,4833,0,0,0,0,0
2020-08-06,US,Colorado,Park,42,1,0,39.120926,-105.7182065,8093.0,222.870788007429,2.380952380952381,41,42,1,0,41,42,18556,0,0,0,0,0
2020-08-06,US,Colorado,Phillips,19,0,0,40.59414277,-102.3577703,8095.0,445.48651817116064,0.0,19,19,0,0,19,19,4286,0,0,0,0,0
2020-08-06,US,Colorado,Pitkin,181,2,0,39.21720112,-106.9310027,8097.0,1018.7426127089548,1.1049723756906078,179,180,2,0,178,177,17950,1,0,0,1,3
2020-08-06,US,Colorado,Prowers,50,0,0,37.95544985,-102.3926052,8099.0,410.7788366743345,0.0,50,50,0,0,50,50,12164,0,0,0,0,0
2020-08-06,US,Colorado,Pueblo,660,34,0,38.17359144,-104.5127437,8101.0,391.86814230750963,5.151515151515151,626,645,34,0,611,617,167529,15,0,0,15,28
2020-08-06,US,Colorado,Rio Blanco,9,0,0,39.97913541,-108.2179009,8103.0,142.31499051233396,0.0,9,8,0,0,8,8,6336,1,0,0,1,0
2020-08-06,US,Colorado,Rio Grande,89,2,0,37.5836865,-106.3847838,8105.0,789.9174580633709,2.247191011235955,87,88,2,0,86,87,11250,1,0,0,1,1
2020-08-06,US,Colorado,Routt,111,6,0,40.48596505,-106.9905548,8107.0,432.95108822841087,5.405405405405406,105,110,6,0,104,110,25733,1,0,0,1,0
2020-08-06,US,Colorado,Saguache,106,2,0,38.08054629,-106.282466,8109.0,1553.3411488862835,1.8867924528301887,104,106,2,0,104,107,6843,0,0,0,0,-1
2020-08-06,US,Colorado,San Juan,2,0,0,37.76248981,-107.67632890000002,8111.0,274.72527472527474,0.0,2,2,0,0,2,2,762,0,0,0,0,0
2020-08-06,US,Colorado,San Miguel,80,0,0,38.00450883,-108.4020725,8113.0,978.1146839466928,0.0,80,80,0,0,80,80,8191,0,0,0,0,0
2020-08-06,US,Colorado,Sedgwick,11,1,0,40.87595412,-102.3519227,8115.0,489.32384341637015,9.090909090909092,10,11,1,0,10,11,2303,0,0,0,0,0
2020-08-06,US,Colorado,Summit,327,4,0,39.63803232,-106.1150762,8117.0,1054.464544838928,1.2232415902140672,323,327,4,0,323,324,31007,0,0,0,0,3
2020-08-06,US,Colorado,Teller,122,3,0,38.88133511,-105.1614893,8119.0,480.5419883409485,2.459016393442623,119,121,3,0,118,117,25083,1,0,0,1,4
2020-08-06,US,Colorado,Washington,47,0,0,39.97015535,-103.202587,8121.0,957.6202118989404,0.0,47,47,0,0,47,47,4909,0,0,0,0,0
2020-08-06,US,Colorado,Weld,3635,142,0,40.55499405,-104.3929621,8123.0,1120.2125167954835,3.90646492434663,3493,3617,142,0,3475,3580,314305,18,0,0,18,37
2020-08-06,US,Colorado,Yuma,63,0,0,40.00346839,-102.4258673,8125.0,628.8052699870246,0.0,63,63,0,0,63,62,10020,0,0,0,0,1
2020-08-06,US,Connecticut,Fairfield,17926,1406,0,41.26809896,-73.3881171,9001.0,1900.2853714280868,7.8433560191900025,16520,17912,1408,0,16504,17876,943823,14,-2,0,16,36
2020-08-06,US,Connecticut,Hartford,12745,1414,0,41.80283011,-72.73103891,9003.0,1429.2603059256269,11.094546881129856,11331,12733,1412,0,11321,12711,892697,12,2,0,10,22
2020-08-06,US,Connecticut,Litchfield,1607,138,0,41.7937534,-73.2451475,9005.0,891.1291887785375,8.587429993777224,1469,1606,138,0,1468,1600,181111,1,0,0,1,6
2020-08-06,US,Connecticut,Middlesex,1395,191,0,41.45949668,-72.53714864,9007.0,858.7997734492354,13.691756272401435,1204,1396,191,0,1205,1391,162682,-1,0,0,-1,5
2020-08-06,US,Connecticut,New Haven,13128,1104,0,41.408032500000004,-72.93620426,9009.0,1535.8751083641314,8.409506398537477,12024,13118,1104,0,12014,13100,857620,10,0,0,10,18
2020-08-06,US,Connecticut,New London,1431,103,0,41.48896435,-72.10430976,9011.0,539.5805524761884,7.197763801537388,1328,1428,103,0,1325,1421,266784,3,0,0,3,7
2020-08-06,US,Connecticut,Tolland,1055,66,0,41.85853803,-72.3308481,9013.0,699.9688165550917,6.2559241706161135,989,1056,66,0,990,1053,150921,-1,0,0,-1,3
2020-08-06,US,Connecticut,Unassigned,234,0,0,0.0,0.0,90009.0,0.0,0.0,234,254,0,0,254,242,,-20,0,0,-20,12
2020-08-06,US,Connecticut,Windham,724,15,0,41.82972709,-71.98182316,9015.0,619.9585552568033,2.0718232044198897,709,722,15,0,707,716,117027,2,0,0,2,6
2020-08-06,US,Delaware,Kent,2247,107,0,39.08646628,-75.56884914,10001.0,1242.9059772327505,4.761904761904762,2140,2238,107,0,2131,2226,178550,9,0,0,9,12
2020-08-06,US,Delaware,New Castle,7092,289,0,39.57992638,-75.64054974,10003.0,1269.2549301748716,4.075014100394811,6803,7042,289,0,6753,6994,559335,50,0,0,50,48
2020-08-06,US,Delaware,Sussex,5786,191,0,38.66143781,-75.39031349,10005.0,2470.274308891024,3.3010715520221225,5595,5778,191,0,5587,5685,229286,8,0,0,8,93
2020-08-06,US,Delaware,Unassigned,240,0,0,0.0,0.0,90010.0,0.0,0.0,240,238,0,0,238,232,,2,0,0,2,6
2020-08-06,US,District of Columbia,District of Columbia,12518,587,0,38.90417773,-77.01655992,11001.0,1773.7184183045251,4.689247483623582,11931,12443,587,0,11856,12398,702455,75,0,0,75,45
2020-08-06,US,Florida,Alachua,3952,25,0,29.67866525,-82.35928158,12001.0,1468.9101742100704,0.6325910931174089,3927,3862,25,0,3837,3808,269956,90,0,0,90,54
2020-08-06,US,Florida,Baker,528,4,0,30.33060121,-82.28467476,12003.0,1807.6001369394046,0.7575757575757576,524,429,4,0,425,423,28355,99,0,0,99,6
2020-08-06,US,Florida,Bay,4077,45,0,30.26548745,-85.62122584,12005.0,2333.64814973813,1.1037527593818983,4032,3988,45,0,3943,3921,185287,89,0,0,89,67
2020-08-06,US,Florida,Bradford,378,4,0,29.95079741,-82.16611613,12007.0,1340.3780007801142,1.058201058201058,374,343,4,0,339,341,27732,35,0,0,35,2
2020-08-06,US,Florida,Brevard,5794,134,0,28.29409504,-80.73091022,12009.0,962.5512092527186,2.3127373144632384,5660,5712,132,0,5580,5671,596849,82,2,0,80,41
2020-08-06,US,Florida,Broward,60058,782,0,26.15184651,-80.48725556,12011.0,3075.5160084761305,1.3020746611608778,59276,59354,783,0,58571,58953,1951260,704,-1,0,705,401
2020-08-06,US,Florida,Calhoun,356,7,0,30.40666734,-85.19394153,12013.0,2523.9276852180083,1.9662921348314608,349,334,7,0,327,333,14587,22,0,0,22,1
2020-08-06,US,Florida,Charlotte,2144,89,0,26.90131002,-81.92949121,12015.0,1134.9319781906731,4.151119402985074,2055,2104,89,0,2015,2076,184998,40,0,0,40,28
2020-08-06,US,Florida,Citrus,1429,36,0,28.84804315,-82.47614748,12017.0,954.8500905403688,2.5192442267319803,1393,1373,34,0,1339,1322,147929,56,2,0,54,51
2020-08-06,US,Florida,Clay,3110,50,0,29.98319144,-81.85609986,12019.0,1418.4591246602085,1.6077170418006432,3060,3021,49,0,2972,2984,216072,89,1,0,88,37
2020-08-06,US,Florida,Collier,10118,130,0,26.11091986,-81.34687065,12021.0,2628.72107705338,1.2848389009685708,9988,10050,129,0,9921,9897,378488,68,1,0,67,153
2020-08-06,US,Florida,Columbia,2731,13,0,30.22509788,-82.62160164,12023.0,3809.6699495019952,0.4760161113145368,2718,2672,13,0,2659,2637,70503,59,0,0,59,35
2020-08-06,US,Florida,DeSoto,1321,16,0,27.18677893,-81.80941373,12027.0,3476.224309886582,1.2112036336109009,1305,1313,16,0,1297,1308,37489,8,0,0,8,5
2020-08-06,US,Florida,Dixie,375,4,0,29.60631086,-83.15724673,12029.0,2228.6936883394746,1.0666666666666669,371,289,4,0,285,284,16700,86,0,0,86,5
2020-08-06,US,Florida,Duval,22568,165,0,30.33225875,-81.66976468,12031.0,2356.343741353477,0.7311237149946828,22403,22215,164,0,22051,22034,950181,353,1,0,352,181
2020-08-06,US,Florida,Escambia,8515,111,0,30.67652764,-87.37284571,12033.0,2675.014765201875,1.3035819142689369,8404,8367,107,0,8260,8262,315534,148,4,0,144,105
2020-08-06,US,Florida,Flagler,989,13,0,29.45933576,-81.31508595,12035.0,859.3946872203057,1.314459049544995,976,975,13,0,962,961,112067,14,0,0,14,14
2020-08-06,US,Florida,Franklin,276,2,0,29.83791238,-84.82731662,12037.0,2276.2886597938145,0.7246376811594203,274,197,2,0,195,189,11736,79,0,0,79,8
2020-08-06,US,Florida,Gadsden,1663,21,0,30.57796289,-84.61915825,12039.0,3642.1375383267628,1.2627781118460613,1642,1614,21,0,1593,1600,45894,49,0,0,49,14
2020-08-06,US,Florida,Gilchrist,339,3,0,29.72856978,-82.79880657,12041.0,1824.346141427188,0.8849557522123894,336,330,3,0,327,334,18256,9,0,0,9,-4
2020-08-06,US,Florida,Glades,398,3,0,26.95635849,-81.18996211,12043.0,2881.7609152125124,0.7537688442211056,395,396,3,0,393,392,13724,2,0,0,2,4
2020-08-06,US,Florida,Gulf,490,2,0,29.93543004,-85.24270990000002,12045.0,3592.6387565070754,0.4081632653061225,488,436,2,0,434,415,16164,54,0,0,54,21
2020-08-06,US,Florida,Hamilton,598,4,0,30.49673973,-82.94998918,12047.0,4144.718602716939,0.6688963210702341,594,595,4,0,591,592,14310,3,0,0,3,3
2020-08-06,US,Florida,Hardee,890,7,0,27.49293939,-81.80956574,12049.0,3304.005642796154,0.7865168539325843,883,866,7,0,859,857,27245,24,0,0,24,9
2020-08-06,US,Florida,Hendry,1709,37,0,26.55386945,-81.16469006,12051.0,4066.917329018133,2.1650087770626096,1672,1694,37,0,1657,1691,41556,15,0,0,15,3
2020-08-06,US,Florida,Hernando,1906,42,0,28.55364461,-82.42700204,12053.0,982.8795379537953,2.203567681007345,1864,1842,38,0,1804,1802,190865,64,4,0,60,40
2020-08-06,US,Florida,Highlands,1328,34,0,27.34254618,-81.34071957,12055.0,1250.223590438802,2.560240963855421,1294,1311,30,0,1281,1296,105424,17,4,0,13,15
2020-08-06,US,Florida,Hillsborough,31563,378,0,27.9276559,-82.32013172,12057.0,2144.272158090393,1.1976047904191616,31185,31197,377,0,30820,30798,1436888,366,1,0,365,399
2020-08-06,US,Florida,Holmes,476,2,0,30.86747479,-85.81319222,12059.0,2426.466839985727,0.4201680672268908,474,460,2,0,458,457,19477,16,0,0,16,3
2020-08-06,US,Florida,Indian River,2424,51,0,27.69308961,-80.60556721,12061.0,1515.7294447953077,2.103960396039604,2373,2385,50,0,2335,2369,157413,39,1,0,38,16
2020-08-06,US,Florida,Jackson,1797,36,0,30.795459700000002,-85.21500423,12063.0,3871.676649286853,2.003338898163606,1761,1745,35,0,1710,1643,48305,52,1,0,51,102
2020-08-06,US,Florida,Jefferson,438,5,0,30.43669112,-83.89442308,12065.0,3074.5472413309003,1.1415525114155252,433,433,5,0,428,417,14288,5,0,0,5,16
2020-08-06,US,Florida,Lafayette,117,1,0,29.98484137,-83.18166636,12067.0,1389.2187128947994,0.8547008547008547,116,113,1,0,112,113,8732,4,0,0,4,0
2020-08-06,US,Florida,Lake,4840,60,0,28.76202069,-81.7125123,12069.0,1318.3771975223226,1.2396694214876034,4780,4794,59,0,4735,4769,356495,46,1,0,45,25
2020-08-06,US,Florida,Lee,16090,323,0,26.58410348,-81.88399313,12071.0,2088.045711200828,2.0074580484773152,15767,15961,317,0,15644,15874,754610,129,6,0,123,87
2020-08-06,US,Florida,Leon,4643,23,0,30.45955727,-84.27491114,12073.0,1581.5002282156265,0.4953693732500538,4620,4537,21,0,4516,4489,292502,106,2,0,104,48
2020-08-06,US,Florida,Levy,645,4,0,29.31829741,-82.74007147,12075.0,1554.1045225646344,0.6201550387596899,641,632,4,0,628,627,40770,13,0,0,13,5
2020-08-06,US,Florida,Liberty,384,4,0,30.23766008,-84.8829258,12077.0,4596.600430931289,1.0416666666666667,380,393,2,0,391,418,8457,-9,2,0,-11,-25
2020-08-06,US,Florida,Madison,675,8,0,30.44396917,-83.47398594,12079.0,3650.0297409830737,1.1851851851851851,667,663,8,0,655,661,18529,12,0,0,12,2
2020-08-06,US,Florida,Manatee,9050,189,0,27.47196942,-82.31831044,12081.0,2244.248647871188,2.088397790055249,8861,8938,188,0,8750,8887,394855,112,1,0,111,51
2020-08-06,US,Florida,Marion,5707,83,0,29.21227113,-82.05803627,12083.0,1561.085292098288,1.4543543017347118,5624,5543,76,0,5467,5434,359977,164,7,0,157,109
2020-08-06,US,Florida,Martin,3712,87,0,27.0772071,-80.43109784,12085.0,2305.590062111801,2.34375,3625,3689,84,0,3605,3658,160912,23,3,0,20,31
2020-08-06,US,Florida,Miami-Dade,127677,1784,0,25.6112362,-80.55170587,12086.0,4699.2940587572775,1.3972759385010614,125893,125949,1775,0,124174,124759,2761581,1728,9,0,1719,1190
2020-08-06,US,Florida,Monroe,1438,13,0,25.20904673,-81.07812416,12087.0,1937.274343913348,0.9040333796940194,1425,1404,13,0,1391,1389,75027,34,0,0,34,15
2020-08-06,US,Florida,Nassau,1184,11,0,30.61037141,-81.80297522,12089.0,1335.966149506347,0.929054054054054,1173,1155,11,0,1144,1138,85832,29,0,0,29,17
2020-08-06,US,Florida,Okaloosa,3292,35,0,30.69143028,-86.59267105,12091.0,1562.1292790099556,1.06318347509113,3257,3160,34,0,3126,3106,207269,132,1,0,131,54
2020-08-06,US,Florida,Okeechobee,989,7,0,27.386336199999995,-80.88944347,12093.0,2345.380383228989,0.7077856420626896,982,975,6,0,969,967,41537,14,1,0,13,8
2020-08-06,US,Florida,Orange,30776,275,0,28.51367621,-81.31799498,12095.0,2208.615725550647,0.8935534182479854,30501,30425,250,0,30175,30140,1380645,351,25,0,326,285
2020-08-06,US,Florida,Osceola,9286,96,0,28.06312234,-81.14882926,12097.0,2471.317441603615,1.0338143441740255,9190,9156,94,0,9062,9018,367990,130,2,0,128,138
2020-08-06,US,Florida,Palm Beach,35737,892,0,26.64676272,-80.46536002,12099.0,2387.607982522365,2.4960125360270866,34845,35283,882,0,34401,34929,1485941,454,10,0,444,354
2020-08-06,US,Florida,Pasco,6802,104,0,28.30810945,-82.40227529,12101.0,1227.9153059769255,1.5289620699794175,6698,6708,104,0,6604,6636,539630,94,0,0,94,72
2020-08-06,US,Florida,Pinellas,17358,469,0,27.93130349,-82.72239666,12103.0,1780.3149961640866,2.7019241848139193,16889,17202,467,0,16735,17047,975280,156,2,0,154,155
2020-08-06,US,Florida,Polk,13654,304,0,27.95027105,-81.69732947,12105.0,1883.8898033464086,2.2264537864362093,13350,13419,298,0,13121,13231,708009,235,6,0,229,188
2020-08-06,US,Florida,Putnam,1446,23,0,29.60779729,-81.74230285,12107.0,1940.3926410005233,1.5905947441217152,1423,1422,22,0,1400,1397,74163,24,1,0,23,25
2020-08-06,US,Florida,Santa Rosa,3700,34,0,30.69341450000001,-87.02458128,12113.0,2007.454710194072,0.9189189189189191,3666,3610,32,0,3578,3552,179349,90,2,0,88,58
2020-08-06,US,Florida,Sarasota,6025,130,0,27.18546175,-82.33174248,12115.0,1389.0746111743847,2.1576763485477177,5895,5940,129,0,5811,5854,426718,85,1,0,84,86
2020-08-06,US,Florida,Seminole,6932,109,0,28.7158582,-81.24060348,12117.0,1469.1856743799622,1.5724177726485862,6823,6826,105,0,6721,6760,467832,106,4,0,102,66
2020-08-06,US,Florida,St. Johns,3512,33,0,29.90096506,-81.43589967,12109.0,1326.9254020070125,0.9396355353075172,3479,3450,31,0,3419,3422,254261,62,2,0,60,28
2020-08-06,US,Florida,St. Lucie,5514,148,0,27.37763908,-80.47106649,12111.0,1679.5767247340061,2.684076895175916,5366,5396,141,0,5255,5329,321128,118,7,0,111,67
2020-08-06,US,Florida,Sumter,1208,40,0,28.70181754,-82.0794267,12119.0,912.2489049992447,3.3112582781456954,1168,1180,40,0,1140,1163,128754,28,0,0,28,17
2020-08-06,US,Florida,Suwannee,1302,38,0,30.19746066,-82.99099670000003,12121.0,2931.310083976857,2.9185867895545314,1264,1224,38,0,1186,1203,44191,78,0,0,78,21
2020-08-06,US,Florida,Taylor,857,4,0,30.04848048,-83.60445406,12123.0,3973.295006722611,0.4667444574095682,853,768,4,0,764,551,21623,89,0,0,89,217
2020-08-06,US,Florida,Unassigned,646,0,0,0.0,0.0,90012.0,0.0,0.0,646,639,0,0,639,638,,7,0,0,7,1
2020-08-06,US,Florida,Union,244,4,0,30.04412971,-82.37497443,12125.0,1601.3650981164276,1.639344262295082,240,259,4,0,255,227,14940,-15,0,0,-15,32
2020-08-06,US,Florida,Volusia,7488,124,0,29.05858895,-81.18263252,12127.0,1353.3736742793935,1.655982905982906,7364,7372,121,0,7251,7288,547538,116,3,0,113,84
2020-08-06,US,Florida,Wakulla,651,4,0,30.16548905,-84.39895211,12129.0,1929.517768754261,0.6144393241167435,647,635,4,0,631,627,32461,16,0,0,16,8
2020-08-06,US,Florida,Walton,1323,15,0,30.64204028,-86.16935664,12131.0,1786.1241241511527,1.1337868480725624,1308,1301,14,0,1287,1286,71375,22,1,0,21,15
2020-08-06,US,Florida,Washington,747,14,0,30.61359259,-85.66002461,12133.0,2932.516782475562,1.8741633199464525,733,716,14,0,702,676,24880,31,0,0,31,40
2020-08-06,US,Georgia,Appling,619,19,0,31.74847232,-82.28909114,13001.0,3366.692048297618,3.0694668820678515,600,615,19,0,596,601,18507,4,0,0,4,14
2020-08-06,US,Georgia,Atkinson,306,2,0,31.29633502,-82.87545866,13003.0,3747.7036129822413,0.6535947712418301,304,301,2,0,299,301,8297,5,0,0,5,0
2020-08-06,US,Georgia,Bacon,424,6,0,31.55456473,-82.45936528,13005.0,3797.921891795056,1.4150943396226414,418,420,6,0,414,419,11185,4,0,0,4,1
2020-08-06,US,Georgia,Baker,63,3,0,31.32669878,-84.44218806,13007.0,2073.7327188940094,4.761904761904762,60,62,3,0,59,62,3092,1,0,0,1,0
2020-08-06,US,Georgia,Baldwin,1010,38,0,33.06882326,-83.24701748,13009.0,2249.9443083092,3.7623762376237617,972,988,38,0,950,978,44823,22,0,0,22,10
2020-08-06,US,Georgia,Banks,255,3,0,34.35607081,-83.49644388,13011.0,1325.7772694187374,1.1764705882352942,252,247,3,0,244,246,18988,8,0,0,8,1
2020-08-06,US,Georgia,Barrow,1214,32,0,33.99148694,-83.71436292,13013.0,1458.4334454589139,2.6359143327841843,1182,1180,32,0,1148,1152,80809,34,0,0,34,28
2020-08-06,US,Georgia,Bartow,1772,61,0,34.23732119,-84.83887523,13015.0,1644.7307356735785,3.4424379232505644,1711,1735,61,0,1674,1675,106408,37,0,0,37,60
2020-08-06,US,Georgia,Ben Hill,388,3,0,31.76095874,-83.22145359,13017.0,2323.3532934131736,0.7731958762886598,385,371,3,0,368,361,16787,17,0,0,17,10
2020-08-06,US,Georgia,Berrien,279,0,0,31.27590016,-83.22529920000002,13019.0,1438.3667577460435,0.0,279,262,0,0,262,265,19252,17,0,0,17,-3
2020-08-06,US,Georgia,Bibb,3395,66,0,32.80904227,-83.70489165,13021.0,2216.650670218531,1.9440353460972015,3329,3353,65,0,3288,3265,153095,42,1,0,41,88
2020-08-06,US,Georgia,Bleckley,166,6,0,32.43829035,-83.33035166,13023.0,1289.520702245009,3.614457831325301,160,162,5,0,157,150,12838,4,1,0,3,12
2020-08-06,US,Georgia,Brantley,238,4,0,31.19576557,-81.97743999,13025.0,1245.4864200115128,1.680672268907563,234,237,4,0,233,232,18897,1,0,0,1,5
2020-08-06,US,Georgia,Brooks,380,18,0,30.83922642,-83.58303423,13027.0,2458.4330723943845,4.7368421052631575,362,387,17,0,370,375,15513,-7,1,0,-8,12
2020-08-06,US,Georgia,Bryan,608,9,0,32.00979311,-81.44002948,13029.0,1534.3074166603574,1.4802631578947367,599,601,8,0,593,579,38109,7,1,0,6,22
2020-08-06,US,Georgia,Bulloch,1175,14,0,32.39577406,-81.74811421,13031.0,1475.9823133353436,1.1914893617021276,1161,1137,14,0,1123,1123,77296,38,0,0,38,14
2020-08-06,US,Georgia,Burke,437,7,0,33.05917989,-81.99928721,13033.0,1952.3745699861506,1.6018306636155606,430,427,7,0,420,424,22423,10,0,0,10,3
2020-08-06,US,Georgia,Butts,476,37,0,33.283094500000004,-83.95435040000002,13035.0,1908.8867500802053,7.773109243697479,439,469,37,0,432,468,24193,7,0,0,7,1
2020-08-06,US,Georgia,Calhoun,200,6,0,31.53169785,-84.62725131,13037.0,3231.5398287283892,3.0,194,199,6,0,193,195,6352,1,0,0,1,4
2020-08-06,US,Georgia,Camden,713,4,0,30.92951916,-81.66601818,13039.0,1304.2841985877874,0.5610098176718092,709,708,4,0,704,696,53677,5,0,0,5,12
2020-08-06,US,Georgia,Candler,243,4,0,32.40209349,-82.07702563,13043.0,2249.3751735628994,1.6460905349794241,239,233,4,0,229,232,10836,10,0,0,10,1
2020-08-06,US,Georgia,Carroll,1811,47,0,33.58138199,-85.07976677,13045.0,1509.2672844856327,2.59525124240751,1764,1779,47,0,1732,1760,118121,32,0,0,32,19
2020-08-06,US,Georgia,Catoosa,593,9,0,34.89872298,-85.13757014,13047.0,877.4785439479136,1.5177065767284992,584,587,9,0,578,572,67420,6,0,0,6,15
2020-08-06,US,Georgia,Charlton,403,3,0,30.78371028,-82.13951596,13049.0,3009.259259259259,0.7444168734491315,400,401,3,0,398,391,12968,2,0,0,2,10
2020-08-06,US,Georgia,Chatham,5441,74,0,32.00043026,-81.12489526,13051.0,1879.9018761013024,1.3600441095386877,5367,5360,73,0,5287,5210,289195,81,1,0,80,150
2020-08-06,US,Georgia,Chattahoochee,734,1,0,32.34341231,-84.78809239,13053.0,6729.623177775738,0.1362397820163488,733,696,1,0,695,665,10684,38,0,0,38,31
2020-08-06,US,Georgia,Chattooga,231,3,0,34.47197698,-85.34535662,13055.0,931.8649400943968,1.2987012987012987,228,212,2,0,210,199,24790,19,1,0,18,13
2020-08-06,US,Georgia,Cherokee,3155,58,0,34.24393976,-84.47431861,13057.0,1219.2152968045352,1.838351822503962,3097,3085,57,0,3028,2976,254149,70,1,0,69,109
2020-08-06,US,Georgia,Clarke,1894,18,0,33.95436462,-83.37124007,13059.0,1475.8709898621532,0.9503695881731784,1876,1863,17,0,1846,1794,127330,31,1,0,30,69
2020-08-06,US,Georgia,Clay,85,2,0,31.62221166,-84.97713865,13061.0,2999.294283697953,2.3529411764705883,83,85,2,0,83,85,2887,0,0,0,0,0
2020-08-06,US,Georgia,Clayton,4790,103,0,33.54187245,-84.35594188,13063.0,1638.9740501478157,2.1503131524008348,4687,4716,102,0,4614,4626,289615,74,1,0,73,90
2020-08-06,US,Georgia,Clinch,181,4,0,30.91395822,-82.70432472,13065.0,2734.9652462979748,2.209944751381216,177,180,4,0,176,176,6648,1,0,0,1,4
2020-08-06,US,Georgia,Cobb,12718,313,0,33.94243204,-84.5761255,13067.0,1673.1106465774112,2.4610787859726373,12405,12489,310,0,12179,12135,756865,229,3,0,226,354
2020-08-06,US,Georgia,Coffee,1416,25,0,31.54892966,-82.85492059999999,13069.0,3272.2482841494702,1.7655367231638417,1391,1394,25,0,1369,1370,43093,22,0,0,22,24
2020-08-06,US,Georgia,Colquitt,1521,22,0,31.18810588,-83.7677946,13071.0,3335.5263157894733,1.4464168310322156,1499,1519,22,0,1497,1503,45592,2,0,0,2,16
2020-08-06,US,Georgia,Columbia,2088,21,0,33.54534185,-82.263524,13073.0,1332.363413606953,1.0057471264367817,2067,2050,21,0,2029,2008,154291,38,0,0,38,42
2020-08-06,US,Georgia,Cook,426,6,0,31.16068491,-83.42947229,13075.0,2466.7052692530397,1.4084507042253518,420,416,6,0,410,409,17162,10,0,0,10,7
2020-08-06,US,Georgia,Coweta,1425,22,0,33.35334302,-84.76129976,13077.0,959.5378057895481,1.5438596491228067,1403,1404,22,0,1382,1373,145864,21,0,0,21,31
2020-08-06,US,Georgia,Crawford,100,0,0,32.71391813,-83.98061238,13079.0,806.1915511125443,0.0,100,98,0,0,98,90,12318,2,0,0,2,8
2020-08-06,US,Georgia,Crisp,370,14,0,31.92289565,-83.76811843,13081.0,1653.8530305739316,3.783783783783784,356,366,14,0,352,364,22601,4,0,0,4,2
2020-08-06,US,Georgia,Dade,121,1,0,34.854916700000004,-85.50490424,13083.0,750.8066517746339,0.8264462809917356,120,119,1,0,118,114,16226,2,0,0,2,5
2020-08-06,US,Georgia,Dawson,335,3,0,34.44244079,-84.16964071,13085.0,1283.131607170216,0.8955223880597015,332,329,3,0,326,318,25083,6,0,0,6,11
2020-08-06,US,Georgia,DeKalb,13237,234,0,33.76944049,-84.22396017,13089.0,1743.3231001834592,1.7677721538112865,13003,12998,231,0,12767,12760,756558,239,3,0,236,238
2020-08-06,US,Georgia,Decatur,728,10,0,30.87967778,-84.57619536,13087.0,2757.158006362673,1.3736263736263736,718,711,10,0,701,691,26575,17,0,0,17,20
2020-08-06,US,Georgia,Dodge,201,3,0,32.17265114,-83.16948926,13091.0,975.4913855860228,1.492537313432836,198,200,3,0,197,189,20705,1,0,0,1,11
2020-08-06,US,Georgia,Dooly,245,14,0,32.15630737,-83.79746561,13093.0,1829.7236743838685,5.7142857142857135,231,244,14,0,230,242,13706,1,0,0,1,2
2020-08-06,US,Georgia,Dougherty,2661,170,0,31.53328528,-84.21722377,13095.0,3025.3763245258992,6.388575723412251,2491,2652,169,0,2483,2631,91243,9,1,0,8,21
2020-08-06,US,Georgia,Douglas,2493,50,0,33.70291126,-84.77026156,13097.0,1703.5321129128147,2.0056157240272765,2443,2464,50,0,2414,2400,145331,29,0,0,29,64
2020-08-06,US,Georgia,Early,355,31,0,31.32155345,-84.90255207,13099.0,3483.807654563297,8.732394366197184,324,352,31,0,321,349,10247,3,0,0,3,3
2020-08-06,US,Georgia,Echols,217,2,0,30.71101099,-82.89687287,13101.0,5416.874687968048,0.9216589861751152,215,216,2,0,214,215,4000,1,0,0,1,1
2020-08-06,US,Georgia,Effingham,684,1,0,32.36616021,-81.34280942,13103.0,1063.8297872340424,0.14619883040935672,683,672,1,0,671,657,62190,12,0,0,12,15
2020-08-06,US,Georgia,Elbert,339,1,0,34.11302332,-82.83936148,13105.0,1766.1769302907157,0.2949852507374631,338,334,1,0,333,326,19120,5,0,0,5,8
2020-08-06,US,Georgia,Emanuel,459,9,0,32.59221302,-82.30239915,13107.0,2026.8480084783184,1.96078431372549,450,450,8,0,442,444,22612,9,1,0,8,6
2020-08-06,US,Georgia,Evans,236,1,0,32.15328841,-81.8870105,13109.0,2215.1304674300727,0.42372881355932196,235,236,1,0,235,228,10721,0,0,0,0,8
2020-08-06,US,Georgia,Fannin,303,3,0,34.86430205,-84.316964,13111.0,1157.0184817473653,0.99009900990099,300,300,3,0,297,290,25964,3,0,0,3,10
2020-08-06,US,Georgia,Fayette,1047,26,0,33.41357794,-84.49089434,13113.0,915.041819246467,2.483285577841452,1021,1028,25,0,1003,994,113459,19,1,0,18,34
2020-08-06,US,Georgia,Floyd,1388,17,0,34.26268279,-85.21577392,13115.0,1409.1656683384433,1.2247838616714697,1371,1353,16,0,1337,1307,97927,35,1,0,34,46
2020-08-06,US,Georgia,Forsyth,2084,22,0,34.22604035,-84.12315129999998,13117.0,853.2171691531697,1.055662188099808,2062,2035,22,0,2013,1984,236612,49,0,0,49,51
2020-08-06,US,Georgia,Franklin,390,5,0,34.37525597,-83.23159927,13119.0,1670.3070795323142,1.2820512820512822,385,385,5,0,380,381,23023,5,0,0,5,4
2020-08-06,US,Georgia,Fulton,19230,410,0,33.79216944,-84.46319413,13121.0,1807.4378464138385,2.1320852834113366,18820,18996,407,0,18589,18566,1050114,234,3,0,231,430
2020-08-06,US,Georgia,Gilmer,571,4,0,34.69316688,-84.45802506,13123.0,1820.2684178647712,0.7005253940455342,567,553,4,0,549,526,30816,18,0,0,18,27
2020-08-06,US,Georgia,Glascock,24,0,0,33.22879932,-82.61297636,13125.0,807.8088185796028,0.0,24,24,0,0,24,23,2995,0,0,0,0,1
2020-08-06,US,Georgia,Glynn,2422,42,0,31.23279254,-81.53811412,13127.0,2839.656708718285,1.7341040462427746,2380,2392,42,0,2350,2359,85219,30,0,0,30,33
2020-08-06,US,Georgia,Gordon,1106,23,0,34.50487351,-84.87296253,13129.0,1908.1137967323984,2.079566003616637,1083,1083,23,0,1060,1039,57685,23,0,0,23,44
2020-08-06,US,Georgia,Grady,453,5,0,30.87454847,-84.23418364,13131.0,1838.9964681524787,1.1037527593818983,448,439,5,0,434,425,24748,14,0,0,14,14
2020-08-06,US,Georgia,Greene,287,11,0,33.5769205,-83.17139104,13133.0,1566.2519100633044,3.8327526132404177,276,283,11,0,272,262,17698,4,0,0,4,21
2020-08-06,US,Georgia,Gwinnett,18854,244,0,33.96044201,-84.02137802,13135.0,2013.7783711615489,1.294155086453803,18610,18550,241,0,18309,18201,927781,304,3,0,301,349
2020-08-06,US,Georgia,Habersham,1102,48,0,34.63331566,-83.53094677,13137.0,2431.168372749735,4.355716878402904,1054,1089,48,0,1041,1057,45388,13,0,0,13,32
2020-08-06,US,Georgia,Hall,5847,88,0,34.32207823,-83.81896936,13139.0,2859.993836852686,1.505045322387549,5759,5759,86,0,5673,5657,202148,88,2,0,86,102
2020-08-06,US,Georgia,Hancock,298,34,0,33.2721566,-82.99766919,13141.0,3523.7081707461275,11.409395973154364,264,294,34,0,260,290,8348,4,0,0,4,4
2020-08-06,US,Georgia,Haralson,206,6,0,33.79602175,-85.21005667,13143.0,691.4607948442535,2.9126213592233015,200,201,6,0,195,199,29533,5,0,0,5,2
2020-08-06,US,Georgia,Harris,637,16,0,32.73709786,-84.90538572,13145.0,1807.8101941196505,2.5117739403453694,621,628,16,0,612,626,34475,9,0,0,9,2
2020-08-06,US,Georgia,Hart,284,4,0,34.34626973,-82.96567682,13147.0,1083.7626407174203,1.4084507042253518,280,277,4,0,273,272,26099,7,0,0,7,5
2020-08-06,US,Georgia,Heard,139,4,0,33.29686567,-85.12886832,13149.0,1165.8139729933741,2.8776978417266186,135,136,4,0,132,134,11879,3,0,0,3,2
2020-08-06,US,Georgia,Henry,3184,44,0,33.4533428,-84.14814659999998,13151.0,1357.429410686346,1.3819095477386936,3140,3138,44,0,3094,3055,230220,46,0,0,46,83
2020-08-06,US,Georgia,Houston,1871,51,0,32.45802497,-83.66879087,13153.0,1185.2048928501295,2.7258150721539285,1820,1847,50,0,1797,1817,155469,24,1,0,23,30
2020-08-06,US,Georgia,Irwin,159,1,0,31.60213036,-83.27501387,13155.0,1688.6151231945623,0.6289308176100629,158,157,1,0,156,157,9398,2,0,0,2,0
2020-08-06,US,Georgia,Jackson,1017,13,0,34.13794553,-83.56814788,13157.0,1393.5897611576252,1.27826941986234,1004,1000,13,0,987,972,70422,17,0,0,17,28
2020-08-06,US,Georgia,Jasper,149,1,0,33.31535543,-83.68844964,13159.0,1047.8936634081158,0.6711409395973155,148,135,1,0,134,129,14040,14,0,0,14,6
2020-08-06,US,Georgia,Jeff Davis,418,8,0,31.80405727,-82.63724870000001,13161.0,2765.4647700959313,1.9138755980861244,410,415,7,0,408,404,15029,3,1,0,2,11
2020-08-06,US,Georgia,Jefferson,469,7,0,33.05867328,-82.41609057,13163.0,3052.9878922015364,1.492537313432836,462,460,7,0,453,458,15430,9,0,0,9,2
2020-08-06,US,Georgia,Jenkins,236,24,0,32.79248718,-81.96040187,13165.0,2720.147533425542,10.169491525423727,212,235,24,0,211,231,8683,1,0,0,1,4
2020-08-06,US,Georgia,Johnson,231,11,0,32.70211082,-82.66166794,13167.0,2395.5200663693868,4.761904761904762,220,232,11,0,221,232,9708,-1,0,0,-1,0
2020-08-06,US,Georgia,Jones,293,3,0,33.02512137,-83.56019163,13169.0,1019.6624325735166,1.023890784982935,290,282,3,0,279,275,28616,11,0,0,11,7
2020-08-06,US,Georgia,Lamar,257,11,0,33.07841647,-84.14263877,13171.0,1347.171987209729,4.280155642023346,246,252,10,0,242,239,19000,5,1,0,4,13
2020-08-06,US,Georgia,Lanier,213,4,0,31.03828570000001,-83.06472457,13173.0,2043.557517029646,1.8779342723004693,209,210,4,0,206,210,10340,3,0,0,3,0
2020-08-06,US,Georgia,Laurens,828,8,0,32.46325233,-82.92221316,13175.0,1741.4714171539142,0.966183574879227,820,785,6,0,779,774,47325,43,2,0,41,11
2020-08-06,US,Georgia,Lee,527,22,0,31.779330600000005,-84.14324253,13177.0,1757.13523606295,4.174573055028463,505,526,22,0,504,522,29764,1,0,0,1,4
2020-08-06,US,Georgia,Liberty,676,3,0,31.82588896,-81.49251135,13179.0,1100.349963375926,0.4437869822485207,673,659,3,0,656,643,61497,17,0,0,17,16
2020-08-06,US,Georgia,Lincoln,132,4,0,33.79201475,-82.45024131,13181.0,1666.4562555232926,3.0303030303030303,128,130,4,0,126,129,7915,2,0,0,2,1
2020-08-06,US,Georgia,Long,114,1,0,31.75218791,-81.74952375,13183.0,582.8518840431515,0.8771929824561403,113,114,1,0,113,126,18998,0,0,0,0,-12
2020-08-06,US,Georgia,Lowndes,3077,37,0,30.83568832,-83.27056716,13185.0,2620.820060303562,1.2024699382515438,3040,3032,34,0,2998,3007,116321,45,3,0,42,25
2020-08-06,US,Georgia,Lumpkin,320,6,0,34.57286511,-84.00425681,13187.0,952.0975900029753,1.875,314,316,6,0,310,309,32955,4,0,0,4,7
2020-08-06,US,Georgia,Macon,176,10,0,32.35207048,-84.04234127,13193.0,1359.3882752761258,5.6818181818181825,166,175,10,0,165,174,13143,1,0,0,1,1
2020-08-06,US,Georgia,Madison,371,5,0,34.12920917,-83.21218732,13195.0,1241.6331994645248,1.3477088948787062,366,368,5,0,363,356,29650,3,0,0,3,12
2020-08-06,US,Georgia,Marion,147,4,0,32.3483402,-84.52733571,13197.0,1758.5835626271084,2.7210884353741496,143,145,4,0,141,145,8351,2,0,0,2,0
2020-08-06,US,Georgia,McDuffie,317,10,0,33.47851918,-82.48252774,13189.0,1487.4249249249247,3.154574132492113,307,306,10,0,296,301,21531,11,0,0,11,5
2020-08-06,US,Georgia,McIntosh,164,2,0,31.49683595,-81.40163426,13191.0,1140.6315203783556,1.2195121951219512,162,164,2,0,162,161,14340,0,0,0,0,3
2020-08-06,US,Georgia,Meriwether,373,6,0,33.04163534,-84.68859732,13199.0,1762.176973590967,1.6085790884718498,367,367,6,0,361,358,21068,6,0,0,6,9
2020-08-06,US,Georgia,Miller,135,0,0,31.16568912,-84.73151117,13201.0,2360.9653725078697,0.0,135,132,0,0,132,131,5686,3,0,0,3,1
2020-08-06,US,Georgia,Mitchell,634,41,0,31.22483255,-84.19381821,13205.0,2899.8765036820205,6.466876971608832,593,633,41,0,592,631,22192,1,0,0,1,2
2020-08-06,US,Georgia,Monroe,441,25,0,33.014289,-83.92097166,13207.0,1599.1007324679092,5.6689342403628125,416,440,25,0,415,433,27520,1,0,0,1,7
2020-08-06,US,Georgia,Montgomery,146,1,0,32.17201038,-82.53527476,13209.0,1591.801133885739,0.6849315068493149,145,143,1,0,142,135,9193,3,0,0,3,8
2020-08-06,US,Georgia,Morgan,246,0,0,33.59232073,-83.49129491,13211.0,1276.1983814069306,0.0,246,236,0,0,236,231,18853,10,0,0,10,5
2020-08-06,US,Georgia,Murray,564,2,0,34.78897608,-84.74993177,13213.0,1406.6241021548285,0.3546099290780142,562,556,2,0,554,549,39921,8,0,0,8,7
2020-08-06,US,Georgia,Muscogee,4514,90,0,32.50931999,-84.87142262,13215.0,2305.7787494444988,1.9937970757642889,4424,4455,89,0,4366,4390,194160,59,1,0,58,65
2020-08-06,US,Georgia,Newton,1693,35,0,33.55514538,-83.84547140000002,13217.0,1515.070160366552,2.067336089781453,1658,1688,37,0,1651,1645,109541,5,-2,0,7,43
2020-08-06,US,Georgia,Oconee,418,15,0,33.83749973,-83.43679568,13219.0,1037.7358490566037,3.5885167464114827,403,413,15,0,398,401,39272,5,0,0,5,12
2020-08-06,US,Georgia,Oglethorpe,201,7,0,33.878629600000004,-83.08278123,13221.0,1317.255390261485,3.4825870646766166,194,198,7,0,191,190,15054,3,0,0,3,8
2020-08-06,US,Georgia,Out of GA,15595,84,0,0.0,0.0,80013.0,0.0,0.5386341776210324,15511,15318,85,0,15233,15486,,277,-1,0,278,-168
2020-08-06,US,Georgia,Paulding,1578,21,0,33.91969522,-84.86848792,13223.0,935.5712735745584,1.3307984790874523,1557,1538,21,0,1517,1495,164044,40,0,0,40,43
2020-08-06,US,Georgia,Peach,359,12,0,32.56934316,-83.82937,13225.0,1303.274522616714,3.3426183844011144,347,351,12,0,339,336,27297,8,0,0,8,15
2020-08-06,US,Georgia,Pickens,341,5,0,34.46589159,-84.46406611,13227.0,1046.3011260777516,1.4662756598240467,336,335,5,0,330,321,31980,6,0,0,6,14
2020-08-06,US,Georgia,Pierce,387,6,0,31.35928155,-82.21598442,13229.0,1988.183919856152,1.5503875968992251,381,386,6,0,380,382,19389,1,0,0,1,4
2020-08-06,US,Georgia,Pike,200,4,0,33.09310242,-84.38790389,13231.0,1054.7410610695074,2.0,196,198,4,0,194,196,18634,2,0,0,2,2
2020-08-06,US,Georgia,Polk,743,11,0,34.00267074,-85.18677781,13233.0,1743.5993710839416,1.4804845222072678,732,714,11,0,703,690,42470,29,0,0,29,24
2020-08-06,US,Georgia,Pulaski,90,2,0,32.23334561,-83.47549959999998,13235.0,808.1170871868545,2.2222222222222223,88,90,2,0,88,87,11069,0,0,0,0,3
2020-08-06,US,Georgia,Putnam,401,17,0,33.32056115,-83.37552891,13237.0,1812.92101812921,4.239401496259352,384,393,17,0,376,384,21809,8,0,0,8,9
2020-08-06,US,Georgia,Quitman,29,1,0,31.86728114,-85.01773177,13239.0,1261.418007829491,3.4482758620689653,28,29,1,0,28,29,2279,0,0,0,0,0
2020-08-06,US,Georgia,Rabun,203,3,0,34.88389445,-83.40304637,13241.0,1184.5713952267026,1.477832512315271,200,200,3,0,197,198,16867,3,0,0,3,2
2020-08-06,US,Georgia,Randolph,266,26,0,31.76622818,-84.75732369,13243.0,3924.461493065801,9.774436090225564,240,266,26,0,240,261,6833,0,0,0,0,5
2020-08-06,US,Georgia,Richmond,3984,87,0,33.35777107,-82.07026432,13245.0,1967.232542292537,2.183734939759036,3897,3921,87,0,3834,3840,201554,63,0,0,63,81
2020-08-06,US,Georgia,Rockdale,1242,17,0,33.65145002,-84.02202167,13247.0,1366.3967611336031,1.3687600644122384,1225,1221,16,0,1205,1198,90594,21,1,0,20,23
2020-08-06,US,Georgia,Schley,58,1,0,32.2654021,-84.31258912,13249.0,1103.2908502948449,1.7241379310344829,57,56,1,0,55,55,5236,2,0,0,2,1
2020-08-06,US,Georgia,Screven,185,9,0,32.74976524,-81.60779441,13251.0,1324.6455678075324,4.864864864864865,176,182,9,0,173,178,13938,3,0,0,3,4
2020-08-06,US,Georgia,Seminole,180,5,0,30.93464824,-84.86823924,13253.0,2224.9690976514216,2.7777777777777777,175,170,4,0,166,162,8315,10,1,0,9,8
2020-08-06,US,Georgia,Spalding,893,41,0,33.26310031,-84.28013991,13255.0,1338.7703701482692,4.591265397536393,852,884,40,0,844,876,66100,9,1,0,8,8
2020-08-06,US,Georgia,Stephens,588,12,0,34.55151201,-83.29405315,13257.0,2268.0810028929604,2.0408163265306123,576,579,11,0,568,566,26035,9,1,0,8,13
2020-08-06,US,Georgia,Stewart,254,5,0,32.07996777,-84.83208037,13259.0,3836.2785077782814,1.9685039370078738,249,253,5,0,248,251,6199,1,0,0,1,2
2020-08-06,US,Georgia,Sumter,742,56,0,32.03650571,-84.19821492,13261.0,2513.2095921961795,7.547169811320754,686,741,56,0,685,740,29733,1,0,0,1,1
2020-08-06,US,Georgia,Talbot,133,3,0,32.69642758,-84.53351366,13263.0,2146.8926553672322,2.255639097744361,130,129,3,0,126,129,6272,4,0,0,4,0
2020-08-06,US,Georgia,Taliaferro,12,0,0,33.56543317,-82.88136816,13265.0,780.7417046193884,0.0,12,12,0,0,12,12,1608,0,0,0,0,0
2020-08-06,US,Georgia,Tattnall,466,1,0,32.04785085,-82.05539188,13267.0,1842.9170291861112,0.2145922746781116,465,458,1,0,457,433,25391,8,0,0,8,25
2020-08-06,US,Georgia,Taylor,78,2,0,32.55792548,-84.25077141,13269.0,972.568578553616,2.5641025641025643,76,78,2,0,76,74,8039,0,0,0,0,4
2020-08-06,US,Georgia,Telfair,273,7,0,31.92829517,-82.93491155,13271.0,1721.311475409836,2.5641025641025643,266,263,7,0,256,256,15876,10,0,0,10,7
2020-08-06,US,Georgia,Terrell,296,30,0,31.77527543,-84.44069698,13273.0,3469.698745750791,10.135135135135137,266,296,30,0,266,293,8611,0,0,0,0,3
2020-08-06,US,Georgia,Thomas,1057,41,0,30.86392347,-83.91847289,13275.0,2377.8992598591713,3.878902554399243,1016,1035,40,0,995,1021,44448,22,1,0,21,14
2020-08-06,US,Georgia,Tift,1297,35,0,31.45743864,-83.5236119,13277.0,3191.122920972345,2.6985350809560518,1262,1287,35,0,1252,1264,40571,10,0,0,10,23
2020-08-06,US,Georgia,Toombs,699,7,0,32.12059861,-82.32957247,13279.0,2605.2925829295564,1.0014306151645207,692,677,7,0,670,667,26887,22,0,0,22,10
2020-08-06,US,Georgia,Towns,124,1,0,34.91369188,-83.74107459999998,13281.0,1030.1570158677412,0.8064516129032258,123,120,1,0,119,120,11852,4,0,0,4,0
2020-08-06,US,Georgia,Treutlen,107,3,0,32.40422134,-82.56904553,13283.0,1550.4999275467326,2.803738317757009,104,104,3,0,101,101,6809,3,0,0,3,3
2020-08-06,US,Georgia,Troup,2238,67,0,33.03349196,-85.02812115,13285.0,3200.709361860358,2.9937444146559433,2171,2213,66,0,2147,2193,70034,25,1,0,24,20
2020-08-06,US,Georgia,Turner,237,18,0,31.71612656,-83.62069378,13287.0,2968.0651221039448,7.594936708860758,219,237,18,0,219,234,7912,0,0,0,0,3
2020-08-06,US,Georgia,Twiggs,106,3,0,32.67435595,-83.43078662,13289.0,1305.418719211823,2.830188679245283,103,102,3,0,99,96,8188,4,0,0,4,6
2020-08-06,US,Georgia,Unassigned,2472,9,0,0.0,0.0,90013.0,0.0,0.3640776699029126,2463,2545,10,0,2535,2534,,-73,-1,0,-72,11
2020-08-06,US,Georgia,Union,242,7,0,34.82995757,-83.98967069,13291.0,987.311819183224,2.8925619834710745,235,238,6,0,232,235,24001,4,1,0,3,3
2020-08-06,US,Georgia,Upson,496,46,0,32.87920671,-84.30024826,13293.0,1884.498480243161,9.274193548387096,450,494,46,0,448,489,26215,2,0,0,2,5
2020-08-06,US,Georgia,Walker,635,16,0,34.73376362,-85.30165174,13295.0,910.2507131491808,2.5196850393700787,619,617,16,0,601,581,69410,18,0,0,18,36
2020-08-06,US,Georgia,Walton,1044,39,0,33.78017694,-83.73552314,13297.0,1103.6757476768894,3.7356321839080464,1005,1020,37,0,983,982,93503,24,2,0,22,38
2020-08-06,US,Georgia,Ware,1113,25,0,31.05449097,-82.42224148,13299.0,3114.680696255667,2.2461814914645104,1088,1097,24,0,1073,1084,35680,16,1,0,15,13
2020-08-06,US,Georgia,Warren,62,1,0,33.41146451,-82.67795848,13301.0,1180.053292729349,1.6129032258064515,61,60,1,0,59,56,5251,2,0,0,2,4
2020-08-06,US,Georgia,Washington,448,2,0,32.96711864,-82.79357039,13303.0,2198.880926671248,0.44642857142857145,446,449,2,0,447,435,20386,-1,0,0,-1,14
2020-08-06,US,Georgia,Wayne,701,7,0,31.5521809,-81.91894878,13305.0,2342.366424967421,0.9985734664764622,694,696,7,0,689,678,29808,5,0,0,5,18
2020-08-06,US,Georgia,Webster,39,2,0,32.04066113,-84.54742852,13307.0,1495.9723820483316,5.128205128205129,37,39,2,0,37,39,2611,0,0,0,0,0
2020-08-06,US,Georgia,Wheeler,87,1,0,32.12009104,-82.72574721,13309.0,1107.574793125398,1.1494252873563218,86,85,1,0,84,84,7879,2,0,0,2,1
2020-08-06,US,Georgia,White,320,5,0,34.64624278,-83.74905525,13311.0,1039.0285083446977,1.5625,315,314,5,0,309,308,29970,6,0,0,6,6
2020-08-06,US,Georgia,Whitfield,3358,28,0,34.80987459,-84.96093476,13313.0,3209.465917345261,0.8338296605122096,3330,3313,28,0,3285,3272,104062,45,0,0,45,41
2020-08-06,US,Georgia,Wilcox,176,18,0,31.97496928,-83.43438555,13315.0,2038.216560509554,10.227272727272727,158,173,18,0,155,169,8812,3,0,0,3,4
2020-08-06,US,Georgia,Wilkes,183,3,0,33.78290391,-82.74286107,13317.0,1871.7397974838907,1.639344262295082,180,182,3,0,179,180,9876,1,0,0,1,2
2020-08-06,US,Georgia,Wilkinson,201,10,0,32.80291082,-83.17140684,13319.0,2244.806790261336,4.975124378109452,191,199,10,0,189,188,9036,2,0,0,2,11
2020-08-06,US,Georgia,Worth,440,23,0,31.55162306,-83.85090513,13321.0,2173.161456018176,5.227272727272728,417,436,23,0,413,429,20299,4,0,0,4,7
2020-08-06,US,Hawaii,Hawaii,123,0,0,19.60121157,-155.5210167,15001.0,61.03824567149514,0.0,123,122,0,0,122,122,200983,1,0,0,1,0
2020-08-06,US,Hawaii,Honolulu,2541,22,0,21.45803166,-157.97121819999995,15003.0,260.7322461451953,0.8658008658008658,2519,2394,20,0,2374,2221,980080,147,2,0,145,173
2020-08-06,US,Hawaii,Kauai,47,0,0,22.03935037,-159.5966786,15007.0,65.01321013099471,0.0,47,47,0,0,47,47,72133,0,0,0,0,0
2020-08-06,US,Hawaii,Maui,180,6,0,20.86399628,-156.56890969999995,15009.0,107.51596313397086,3.333333333333333,174,177,6,0,171,178,167207,3,0,0,3,-1
2020-08-06,US,Hawaii,Out of HI,23,1,0,0.0,0.0,80015.0,0.0,4.3478260869565215,22,23,1,0,22,23,,0,0,0,0,0
2020-08-06,US,Idaho,Ada,8569,72,0,43.4526575,-116.24155159999998,16001.0,1779.3254386019555,0.8402380674524449,8497,8415,71,0,8344,8280,469966,154,1,0,153,135
2020-08-06,US,Idaho,Adams,19,0,0,44.89333571,-116.4545247,16003.0,442.4778761061947,0.0,19,18,0,0,18,18,4250,1,0,0,1,0
2020-08-06,US,Idaho,Bannock,375,2,0,42.67002716,-112.2233311,16005.0,427.0681486880466,0.5333333333333333,373,359,2,0,357,329,87138,16,0,0,16,30
2020-08-06,US,Idaho,Bear Lake,12,0,0,42.28269683,-111.32892379999998,16007.0,195.91836734693882,0.0,12,11,0,0,11,9,6050,1,0,0,1,2
2020-08-06,US,Idaho,Benewah,60,0,0,47.21754179,-116.6586851,16009.0,645.3000645300065,0.0,60,59,0,0,59,58,9226,1,0,0,1,1
2020-08-06,US,Idaho,Bingham,229,2,0,43.21672879999999,-112.3978437,16011.0,489.2012561150157,0.8733624454148472,227,223,2,0,221,207,46236,6,0,0,6,16
2020-08-06,US,Idaho,Blaine,575,6,0,43.4085812,-113.9752658,16013.0,2497.7194735241737,1.0434782608695652,569,573,6,0,567,571,22601,2,0,0,2,2
2020-08-06,US,Idaho,Boise,43,1,0,43.98829931,-115.7309284,16015.0,549.0997318350147,2.3255813953488373,42,43,1,0,42,42,7634,0,0,0,0,1
2020-08-06,US,Idaho,Bonner,174,0,0,48.29996017,-116.6017932,16017.0,380.41933579658485,0.0,174,164,0,0,164,156,44727,10,0,0,10,8
2020-08-06,US,Idaho,Bonneville,914,3,0,43.38713372,-111.6161537,16019.0,767.667265794292,0.3282275711159737,911,858,2,0,856,808,116854,56,1,0,55,50
2020-08-06,US,Idaho,Boundary,36,0,0,48.76684761,-116.4630179,16021.0,293.9975500204165,0.0,36,34,0,0,34,34,11948,2,0,0,2,0
2020-08-06,US,Idaho,Camas,1,0,0,43.46665742,-114.8065892,16025.0,90.41591320072331,0.0,1,1,0,0,1,1,1127,0,0,0,0,0
2020-08-06,US,Idaho,Canyon,5453,46,0,43.61970148,-116.70954990000001,16027.0,2372.427115193018,0.8435723454978911,5407,5199,43,0,5156,5111,223499,254,3,0,251,88
2020-08-06,US,Idaho,Caribou,31,0,0,42.77149116,-111.5597683,16029.0,433.2634521313767,0.0,31,28,0,0,28,23,7060,3,0,0,3,5
2020-08-06,US,Idaho,Cassia,503,1,0,42.28347888,-113.6012409,16031.0,2093.2168123179363,0.1988071570576541,502,498,1,0,497,491,23864,5,0,0,5,7
2020-08-06,US,Idaho,Clark,8,0,0,44.28496071,-112.35057040000001,16033.0,946.7455621301776,0.0,8,7,0,0,7,5,852,1,0,0,1,2
2020-08-06,US,Idaho,Clearwater,16,0,0,46.67459924,-115.6622393,16035.0,182.7318410232983,0.0,16,16,0,0,16,15,8758,0,0,0,0,1
2020-08-06,US,Idaho,Custer,9,0,0,44.24186819,-114.2855494,16037.0,208.5747392815759,0.0,9,7,0,0,7,7,4280,2,0,0,2,0
2020-08-06,US,Idaho,Elmore,205,3,0,43.3507101,-115.4701578,16039.0,745.1564828614011,1.4634146341463414,202,202,3,0,199,201,27259,3,0,0,3,1
2020-08-06,US,Idaho,Franklin,50,0,0,42.18332217,-111.81496659999999,16041.0,360.33439031421165,0.0,50,50,0,0,50,50,13726,0,0,0,0,0
2020-08-06,US,Idaho,Fremont,72,0,0,44.22800938,-111.48099429999999,16043.0,549.660279410642,0.0,72,69,0,0,69,68,13168,3,0,0,3,1
2020-08-06,US,Idaho,Gem,171,1,0,44.06482372,-116.398376,16045.0,944.1254416961133,0.5847953216374269,170,165,1,0,164,161,17634,6,0,0,6,4
2020-08-06,US,Idaho,Gooding,152,1,0,42.96927962,-114.81083059999999,16047.0,1001.3834903485077,0.6578947368421053,151,149,1,0,148,144,15196,3,0,0,3,5
2020-08-06,US,Idaho,Idaho,30,0,0,45.84721541,-115.4634436,16049.0,179.99640007199855,0.0,30,30,0,0,30,30,16513,0,0,0,0,0
2020-08-06,US,Idaho,Jefferson,174,1,0,43.82078483,-112.3131749,16051.0,582.5047705132068,0.5747126436781609,173,164,1,0,163,158,29439,10,0,0,10,6
2020-08-06,US,Idaho,Jerome,458,6,0,42.68891267,-114.2655033,16053.0,1876.1264951663115,1.310043668122271,452,449,6,0,443,439,24015,9,0,0,9,10
2020-08-06,US,Idaho,Kootenai,1729,15,0,47.67282258,-116.7020872,16055.0,1043.4709137763507,0.8675534991324465,1714,1668,14,0,1654,1633,161505,61,1,0,60,35
2020-08-06,US,Idaho,Latah,95,0,0,46.81587887,-116.71136979999999,16057.0,236.86047671287525,0.0,95,93,0,0,93,88,40134,2,0,0,2,5
2020-08-06,US,Idaho,Lemhi,14,0,0,44.9438088,-113.9309747,16059.0,174.41136165441634,0.0,14,13,0,0,13,12,7961,1,0,0,1,1
2020-08-06,US,Idaho,Lewis,1,0,0,46.23315327,-116.434146,16061.0,26.055237102657642,0.0,1,1,0,0,1,1,3861,0,0,0,0,0
2020-08-06,US,Idaho,Lincoln,56,0,0,43.0012336,-114.1358773,16063.0,1043.6079016026836,0.0,56,54,0,0,54,53,5360,2,0,0,2,1
2020-08-06,US,Idaho,Madison,150,0,0,43.78141028,-111.65384740000002,16065.0,375.8739068333877,0.0,150,144,0,0,144,142,39304,6,0,0,6,2
2020-08-06,US,Idaho,Minidoka,464,2,0,42.85518524,-113.6357257,16067.0,2205.428014639479,0.4310344827586207,462,459,2,0,457,453,20825,5,0,0,5,6
2020-08-06,US,Idaho,Nez Perce,140,19,0,46.32638236,-116.75009750000001,16069.0,346.46604632745994,13.571428571428573,121,138,19,0,119,138,40408,2,0,0,2,0
2020-08-06,US,Idaho,Oneida,13,0,0,42.19494279999999,-112.5407838,16071.0,286.91238137276537,0.0,13,13,0,0,13,13,4488,0,0,0,0,0
2020-08-06,US,Idaho,Owyhee,255,2,0,42.58016894,-116.16938710000001,16073.0,2156.8129916264907,0.7843137254901961,253,241,2,0,239,239,11693,14,0,0,14,2
2020-08-06,US,Idaho,Payette,367,2,0,44.00545243,-116.7647695,16075.0,1532.2951025009397,0.5449591280653951,365,354,2,0,352,348,23551,13,0,0,13,6
2020-08-06,US,Idaho,Power,55,0,0,42.69254894,-112.83957420000002,16077.0,716.0525973180576,0.0,55,54,0,0,54,53,7768,1,0,0,1,1
2020-08-06,US,Idaho,Shoshone,82,2,0,47.35364087,-115.89167490000001,16079.0,636.5471200124205,2.4390243902439024,80,81,2,0,79,78,12796,1,0,0,1,3
2020-08-06,US,Idaho,Teton,70,0,0,43.75303583,-111.2056773,16081.0,576.5112831493988,0.0,70,66,0,0,66,62,11640,4,0,0,4,4
2020-08-06,US,Idaho,Twin Falls,1310,32,0,42.35440512,-114.6685381,16083.0,1507.8615990239184,2.442748091603053,1278,1283,32,0,1251,1257,86081,27,0,0,27,26
2020-08-06,US,Idaho,Unassigned,5,0,0,0.0,0.0,90016.0,0.0,0.0,5,5,0,0,5,6,,0,0,0,0,-1
2020-08-06,US,Idaho,Valley,56,1,0,44.76728382,-115.5676773,16085.0,491.5730337078652,1.7857142857142858,55,54,1,0,53,50,11041,2,0,0,2,4
2020-08-06,US,Idaho,Washington,200,3,0,44.45275475,-116.78476880000001,16087.0,1961.9383951343927,1.5,197,196,3,0,193,194,10161,4,0,0,4,2
2020-08-06,US,Illinois,Adams,486,5,0,39.98815591,-91.18786813,17001.0,742.7217849774588,1.02880658436214,481,461,5,0,456,454,65691,25,0,0,25,7
2020-08-06,US,Illinois,Alexander,36,0,0,37.18049267,-89.32910838,17003.0,624.8915118902968,0.0,36,36,0,0,36,36,6060,0,0,0,0,0
2020-08-06,US,Illinois,Bond,59,3,0,38.88829622,-89.43534887,17005.0,359.1866553025692,5.084745762711863,56,59,2,0,57,57,16630,0,1,0,-1,2
2020-08-06,US,Illinois,Boone,754,23,0,42.32359279,-88.82345779,17007.0,1408.1876587479455,3.0503978779840852,731,749,23,0,726,739,53577,5,0,0,5,10
2020-08-06,US,Illinois,Brown,13,0,0,39.96209138,-90.75068024,17009.0,197.6284584980237,0.0,13,13,0,0,13,13,6556,0,0,0,0,0
2020-08-06,US,Illinois,Bureau,170,2,0,41.40385234,-89.5283051,17011.0,521.0248866004657,1.1764705882352942,168,161,2,0,159,154,32993,9,0,0,9,7
2020-08-06,US,Illinois,Calhoun,9,0,0,39.16840183,-90.66330078,17013.0,189.91348385735387,0.0,9,8,0,0,8,8,4802,1,0,0,1,0
2020-08-06,US,Illinois,Carroll,48,4,0,42.06823429,-89.93395545,17015.0,335.54701153442846,8.333333333333334,44,46,4,0,42,46,14312,2,0,0,2,0
2020-08-06,US,Illinois,Cass,219,11,0,39.96991073,-90.24734436,17017.0,1802.9142998271177,5.0228310502283104,208,214,11,0,203,203,12260,5,0,0,5,11
2020-08-06,US,Illinois,Champaign,1615,19,0,40.13919438,-88.20046615,17019.0,770.1882311423108,1.1764705882352942,1596,1593,19,0,1574,1576,209983,22,0,0,22,17
2020-08-06,US,Illinois,Christian,128,4,0,39.54581621,-89.27780482,17021.0,396.23576027736505,3.125,124,126,4,0,122,117,32661,2,0,0,2,9
2020-08-06,US,Illinois,Clark,76,1,0,39.33425789,-87.78705622,17023.0,492.1961012887766,1.3157894736842106,75,73,1,0,72,70,15596,3,0,0,3,3
2020-08-06,US,Illinois,Clay,18,0,0,38.75388572,-88.48914513,17025.0,136.52912621359224,0.0,18,17,0,0,17,15,13253,1,0,0,1,2
2020-08-06,US,Illinois,Clinton,378,17,0,38.60704876,-89.42385254,17027.0,1006.3361908311592,4.497354497354498,361,366,17,0,349,353,37639,12,0,0,12,13
2020-08-06,US,Illinois,Coles,433,20,0,39.51949084,-88.22358557,17029.0,855.3762272574623,4.618937644341801,413,422,20,0,402,411,50885,11,0,0,11,11
2020-08-06,US,Illinois,Cook,109150,4912,0,41.84144849,-87.81658794,17031.0,2119.321591858077,4.500229042601924,104238,108425,4909,0,103516,107744,5180493,725,3,0,722,681
2020-08-06,US,Illinois,Crawford,29,0,0,39.0032229,-87.75954624,17033.0,155.354368671988,0.0,29,29,0,0,29,29,18807,0,0,0,0,0
2020-08-06,US,Illinois,Cumberland,51,2,0,39.27432424,-88.2401158,17035.0,473.7135426342188,3.92156862745098,49,47,2,0,45,47,10808,4,0,0,4,0
2020-08-06,US,Illinois,De Witt,32,0,0,40.17514519,-88.90959682,17039.0,204.62974804962272,0.0,32,32,0,0,32,31,15769,0,0,0,0,1
2020-08-06,US,Illinois,DeKalb,898,30,0,41.89373302,-88.76958483,17037.0,856.0778668598723,3.3407572383073503,868,884,29,0,855,871,104143,14,1,0,13,13
2020-08-06,US,Illinois,Douglas,106,2,0,39.76768052,-88.21854195,17041.0,544.5671718469047,1.8867924528301887,104,104,2,0,102,103,19479,2,0,0,2,1
2020-08-06,US,Illinois,DuPage,11926,519,0,41.85116968,-88.08642662,17043.0,1292.201607721571,4.351836323997988,11407,11804,515,0,11289,11689,928589,122,4,0,118,115
2020-08-06,US,Illinois,Edgar,28,0,0,39.6809186,-87.74759563,17045.0,163.1606549734864,0.0,28,27,0,0,27,26,17360,1,0,0,1,1
2020-08-06,US,Illinois,Edwards,17,0,0,38.41353228,-88.05720863,17047.0,265.8326817826427,0.0,17,16,0,0,16,14,6392,1,0,0,1,2
2020-08-06,US,Illinois,Effingham,129,1,0,39.05935711,-88.58969584,17049.0,379.3225123500353,0.7751937984496124,128,118,1,0,117,119,34208,11,0,0,11,-1
2020-08-06,US,Illinois,Fayette,60,3,0,39.00072038,-89.02452658,17051.0,281.214848143982,5.0,57,58,3,0,55,58,21416,2,0,0,2,0
2020-08-06,US,Illinois,Ford,51,1,0,40.59706922,-88.22350769,17053.0,393.48815677802634,1.96078431372549,50,45,1,0,44,42,13264,6,0,0,6,3
2020-08-06,US,Illinois,Franklin,147,0,0,37.99189086,-88.92567818,17055.0,382.12586758168914,0.0,147,141,0,0,141,134,38701,6,0,0,6,7
2020-08-06,US,Illinois,Fulton,32,0,0,40.47289135,-90.20862357,17057.0,93.18578916715201,0.0,32,32,0,0,32,28,34844,0,0,0,0,4
2020-08-06,US,Illinois,Gallatin,48,2,0,37.76430935,-88.22953869,17059.0,994.2004971002484,4.166666666666667,46,45,1,0,44,45,5058,3,1,0,2,0
2020-08-06,US,Illinois,Greene,33,0,0,39.35907414,-90.388865,17061.0,254.45292620865138,0.0,33,28,0,0,28,21,13044,5,0,0,5,7
2020-08-06,US,Illinois,Grundy,299,5,0,41.28569601,-88.41905692,17063.0,585.6544051396561,1.6722408026755853,294,296,5,0,291,287,50972,3,0,0,3,9
2020-08-06,US,Illinois,Hamilton,26,0,0,38.08163641,-88.53883373,17065.0,320.35485460818137,0.0,26,25,0,0,25,23,8163,1,0,0,1,2
2020-08-06,US,Illinois,Hancock,46,1,0,40.40423981,-91.16313899,17067.0,259.76959566297717,2.1739130434782608,45,39,1,0,38,35,17844,7,0,0,7,4
2020-08-06,US,Illinois,Hardin,18,0,0,37.51810645,-88.26873022,17069.0,471.08086888249153,0.0,18,17,0,0,17,17,3910,1,0,0,1,0
2020-08-06,US,Illinois,Henderson,10,0,0,40.81908672,-90.92491462,17071.0,150.4664459825459,0.0,10,10,0,0,10,9,6709,0,0,0,0,1
2020-08-06,US,Illinois,Henry,224,1,0,41.3533994,-90.13296166,17073.0,457.95596262752235,0.44642857142857145,223,216,1,0,215,208,49090,8,0,0,8,8
2020-08-06,US,Illinois,Iroquois,252,9,0,40.74717633,-87.82466784,17075.0,929.4091613188756,3.571428571428572,243,250,9,0,241,250,27604,2,0,0,2,0
2020-08-06,US,Illinois,Jackson,685,19,0,37.78595185,-89.38232563,17077.0,1207.0484581497794,2.7737226277372264,666,676,19,0,657,658,57419,9,0,0,9,18
2020-08-06,US,Illinois,Jasper,55,7,0,39.01054275,-88.15437049,17079.0,572.3204994797086,12.727272727272727,48,55,7,0,48,55,9611,0,0,0,0,0
2020-08-06,US,Illinois,Jefferson,218,19,0,38.29980057,-88.9240025,17081.0,578.4948519265471,8.715596330275227,199,213,19,0,194,191,37820,5,0,0,5,22
2020-08-06,US,Illinois,Jersey,85,1,0,39.08869046,-90.35393073,17083.0,390.3917696229275,1.1764705882352942,84,74,1,0,73,73,21847,11,0,0,11,1
2020-08-06,US,Illinois,Jo Daviess,121,1,0,42.36542373,-90.21094405,17085.0,569.8139863433013,0.8264462809917356,120,119,1,0,118,116,21366,2,0,0,2,3
2020-08-06,US,Illinois,Johnson,66,0,0,37.45939802,-88.88165419,17087.0,531.5293549166465,0.0,66,62,0,0,62,59,12456,4,0,0,4,3
2020-08-06,US,Illinois,Kane,9509,302,0,41.93842729,-88.42861412,17089.0,1786.0530462826093,3.1759385844988968,9207,9417,301,0,9116,9336,534216,92,1,0,91,81
2020-08-06,US,Illinois,Kankakee,1713,68,0,41.13746989,-87.86205334,17091.0,1559.2288507400192,3.96964389959136,1645,1708,68,0,1640,1698,110024,5,0,0,5,10
2020-08-06,US,Illinois,Kendall,1319,23,0,41.59081014,-88.42869583,17093.0,1022.559888363439,1.7437452615617892,1296,1310,23,0,1287,1295,127915,9,0,0,9,15
2020-08-06,US,Illinois,Knox,285,2,0,40.93148779,-90.21330340000002,17095.0,573.4521821364615,0.7017543859649122,283,279,1,0,278,265,50112,6,1,0,5,14
2020-08-06,US,Illinois,LaSalle,666,21,0,41.34426129999999,-88.88633881,17099.0,612.8702757916242,3.1531531531531534,645,590,21,0,569,577,109430,76,0,0,76,13
2020-08-06,US,Illinois,Lake,12376,444,0,42.3224907,-88.00367925,17097.0,1776.795135922818,3.5875888817065285,11932,12315,443,0,11872,12223,700832,61,1,0,60,92
2020-08-06,US,Illinois,Lawrence,44,0,0,38.71987914,-87.72884035,17101.0,280.6480418420717,0.0,44,44,0,0,44,43,15765,0,0,0,0,1
2020-08-06,US,Illinois,Lee,162,1,0,41.74583951,-89.29977132,17103.0,475.12904739558894,0.6172839506172839,161,149,1,0,148,148,34223,13,0,0,13,1
2020-08-06,US,Illinois,Livingston,103,2,0,40.89188292,-88.55784752,17105.0,288.9362657091562,1.9417475728155342,101,99,2,0,97,96,35761,4,0,0,4,3
2020-08-06,US,Illinois,Logan,90,0,0,40.12581572,-89.36638784,17107.0,314.48738556153467,0.0,90,90,0,0,90,87,28925,0,0,0,0,3
2020-08-06,US,Illinois,Macon,550,23,0,39.86064913,-88.96342505,17115.0,528.8003922737455,4.181818181818182,527,517,23,0,494,502,104712,33,0,0,33,15
2020-08-06,US,Illinois,Macoupin,154,3,0,39.26119767,-89.92424028,17117.0,342.78591461514486,1.9480519480519483,151,142,3,0,139,142,45313,12,0,0,12,0
2020-08-06,US,Illinois,Madison,2410,74,0,38.83042506,-89.90422563,17119.0,916.4682886761026,3.070539419087137,2336,2320,73,0,2247,2266,264461,90,1,0,89,54
2020-08-06,US,Illinois,Marion,153,0,0,38.64963204,-88.91899208,17121.0,411.2350490525467,0.0,153,143,0,0,143,140,37620,10,0,0,10,3
2020-08-06,US,Illinois,Marshall,22,0,0,41.0327901,-89.34510444,17123.0,192.34131841230985,0.0,22,21,0,0,21,22,11534,1,0,0,1,-1
2020-08-06,US,Illinois,Mason,45,0,0,40.23917274,-89.91824452,17125.0,336.8515607455648,0.0,45,44,0,0,44,43,13565,1,0,0,1,1
2020-08-06,US,Illinois,Massac,36,0,0,37.22078441,-88.71036614,17127.0,261.399941911124,0.0,36,35,0,0,35,34,14080,1,0,0,1,1
2020-08-06,US,Illinois,McDonough,137,15,0,40.45674722,-90.67775541,17109.0,461.5591941243852,10.94890510948905,122,134,15,0,119,133,29955,3,0,0,3,1
2020-08-06,US,Illinois,McHenry,3060,114,0,42.32451172,-88.45248227,17111.0,994.2360303339464,3.725490196078432,2946,3020,114,0,2906,2991,308570,40,0,0,40,29
2020-08-06,US,Illinois,McLean,611,15,0,40.48996987,-88.84621113,17113.0,356.23290985733195,2.4549918166939437,596,595,15,0,580,584,172828,16,0,0,16,11
2020-08-06,US,Illinois,Menard,53,0,0,40.02742725,-89.80246001,17129.0,434.5687110528042,0.0,53,50,0,0,50,49,12288,3,0,0,3,1
2020-08-06,US,Illinois,Mercer,73,3,0,41.20596782,-90.74290052,17131.0,472.88981019628164,4.109589041095891,70,73,3,0,70,73,15601,0,0,0,0,0
2020-08-06,US,Illinois,Monroe,299,13,0,38.27594376,-90.17761038,17133.0,863.2387331466351,4.3478260869565215,286,292,13,0,279,284,34335,7,0,0,7,8
2020-08-06,US,Illinois,Montgomery,161,7,0,39.23198845,-89.47809254,17135.0,566.6220877032448,4.3478260869565215,154,153,7,0,146,147,28601,8,0,0,8,6
2020-08-06,US,Illinois,Morgan,222,6,0,39.71654544,-90.20255104,17137.0,659.5757323667477,2.702702702702702,216,213,6,0,207,205,33976,9,0,0,9,8
2020-08-06,US,Illinois,Moultrie,69,0,0,39.64187451,-88.62099969,17139.0,475.8292531549548,0.0,69,66,0,0,66,62,14717,3,0,0,3,4
2020-08-06,US,Illinois,Ogle,400,5,0,42.04165196,-89.32184679,17141.0,789.8426238571965,1.25,395,392,5,0,387,383,50923,8,0,0,8,9
2020-08-06,US,Illinois,Peoria,1488,35,0,40.78702156,-89.76078901,17143.0,830.4544617393781,2.3521505376344085,1453,1445,35,0,1410,1399,180621,43,0,0,43,46
2020-08-06,US,Illinois,Perry,142,1,0,38.08510853,-89.36856219,17145.0,678.9061005928476,0.7042253521126759,141,136,1,0,135,126,21174,6,0,0,6,10
2020-08-06,US,Illinois,Piatt,54,0,0,40.01360584,-88.59319339,17147.0,330.3964757709251,0.0,54,52,0,0,52,51,16396,2,0,0,2,1
2020-08-06,US,Illinois,Pike,18,0,0,39.62265059,-90.8877017,17149.0,115.67379988432621,0.0,18,17,0,0,17,13,15611,1,0,0,1,4
2020-08-06,US,Illinois,Pope,8,0,0,37.41391284,-88.56152109,17151.0,191.5250179554704,0.0,8,8,0,0,8,8,4212,0,0,0,0,0
2020-08-06,US,Illinois,Pulaski,91,0,0,37.22631423,-89.13085001,17153.0,1705.7169634489221,0.0,91,91,0,0,91,91,5463,0,0,0,0,0
2020-08-06,US,Illinois,Putnam,11,0,0,41.2013541,-89.2869272,17155.0,191.67102282627638,0.0,11,9,0,0,9,9,5740,2,0,0,2,0
2020-08-06,US,Illinois,Randolph,441,7,0,38.05095369,-89.82512254,17157.0,1387.5778742684533,1.5873015873015872,434,440,7,0,433,435,32106,1,0,0,1,5
2020-08-06,US,Illinois,Richland,15,0,0,38.71240969,-88.08475366,17159.0,96.69309611293754,0.0,15,14,0,0,14,14,15763,1,0,0,1,0
2020-08-06,US,Illinois,Rock Island,1656,34,0,41.46613806,-90.57042164,17161.0,1167.1917619943754,2.0531400966183573,1622,1649,33,0,1616,1615,143477,7,1,0,6,34
2020-08-06,US,Illinois,Saline,126,2,0,37.75332999,-88.54119706,17165.0,536.3756332212337,1.5873015873015872,124,117,1,0,116,115,23906,9,1,0,8,2
2020-08-06,US,Illinois,Sangamon,1151,33,0,39.75836914,-89.65872023,17167.0,591.2509246322019,2.8670721112076456,1118,1096,33,0,1063,1057,195348,55,0,0,55,39
2020-08-06,US,Illinois,Schuyler,17,0,0,40.1571798,-90.61114163,17169.0,251.18203309692672,0.0,17,17,0,0,17,17,6907,0,0,0,0,0
2020-08-06,US,Illinois,Scott,13,0,0,39.6429169,-90.47814431,17171.0,262.57321753181174,0.0,13,12,0,0,12,11,4926,1,0,0,1,1
2020-08-06,US,Illinois,Shelby,68,1,0,39.39133527,-88.80611122,17173.0,314.32005177036154,1.4705882352941178,67,67,1,0,66,63,21741,1,0,0,1,4
2020-08-06,US,Illinois,St. Clair,3845,159,0,38.46996033,-89.93063427,17163.0,1480.6343045062113,4.135240572171652,3686,3753,159,0,3594,3696,261059,92,0,0,92,57
2020-08-06,US,Illinois,Stark,7,0,0,41.09309773,-89.79745866,17175.0,131.03706476974915,0.0,7,7,0,0,7,7,5427,0,0,0,0,0
2020-08-06,US,Illinois,Stephenson,325,6,0,42.35129217,-89.662598,17177.0,730.3699042653602,1.8461538461538465,319,324,6,0,318,321,44753,1,0,0,1,3
2020-08-06,US,Illinois,Tazewell,448,8,0,40.50716185,-89.51404662,17179.0,339.90121620903926,1.7857142857142858,440,438,8,0,430,406,132328,10,0,0,10,32
2020-08-06,US,Illinois,Unassigned,1342,197,0,0.0,0.0,90017.0,0.0,14.679582712369596,1145,1349,197,0,1152,1365,,-7,0,0,-7,-16
2020-08-06,US,Illinois,Union,309,23,0,37.47119609,-89.25548938,17181.0,1855.5215276526749,7.44336569579288,286,306,22,0,284,305,16841,3,1,0,2,1
2020-08-06,US,Illinois,Vermilion,222,2,0,40.18417171,-87.73384359,17183.0,293.0383589851897,0.9009009009009008,220,218,2,0,216,218,76806,4,0,0,4,0
2020-08-06,US,Illinois,Wabash,34,0,0,38.44272901,-87.84922065,17185.0,295.1388888888889,0.0,34,33,0,0,33,33,11549,1,0,0,1,0
2020-08-06,US,Illinois,Warren,187,0,0,40.84925021,-90.6147432,17187.0,1110.1876038945618,0.0,187,185,0,0,185,184,17032,2,0,0,2,1
2020-08-06,US,Illinois,Washington,60,0,0,38.35309213,-89.40982703,17189.0,432.0587599913589,0.0,60,60,0,0,60,59,13995,0,0,0,0,1
2020-08-06,US,Illinois,Wayne,55,1,0,38.42955355,-88.42586459,17191.0,339.19210607462225,1.818181818181818,54,54,1,0,53,50,16332,1,0,0,1,4
2020-08-06,US,Illinois,White,64,0,0,38.08706198,-88.17657461,17193.0,472.77831129496917,0.0,64,61,0,0,61,60,13665,3,0,0,3,1
2020-08-06,US,Illinois,Whiteside,335,16,0,41.75509713,-89.91556058,17195.0,607.1590394200273,4.776119402985074,319,329,16,0,313,320,55626,6,0,0,6,9
2020-08-06,US,Illinois,Will,8932,344,0,41.44619267,-87.97862712,17197.0,1293.100328197318,3.8513210927004033,8588,8821,341,0,8480,8729,692310,111,3,0,108,92
2020-08-06,US,Illinois,Williamson,364,6,0,37.73033511,-88.92994027,17199.0,546.5711668693785,1.6483516483516485,358,349,5,0,344,344,67056,15,1,0,14,5
2020-08-06,US,Illinois,Winnebago,3746,128,0,42.33641854,-89.16085327,17201.0,1325.6798267344252,3.416978109983983,3618,3730,128,0,3602,3704,284081,16,0,0,16,26
2020-08-06,US,Illinois,Woodford,125,3,0,40.78579374,-89.20973757,17203.0,325.02145141579336,2.4,122,121,3,0,118,106,38463,4,0,0,4,15
2020-08-06,US,Indiana,Adams,89,2,0,40.7457653,-84.93671406,18001.0,248.76317187019595,2.247191011235955,87,84,2,0,82,82,35636,5,0,0,5,2
2020-08-06,US,Indiana,Allen,3725,160,0,41.09194313,-85.06800636,18003.0,982.07482751075,4.295302013422819,3565,3695,160,0,3535,3662,375351,30,0,0,30,33
2020-08-06,US,Indiana,Bartholomew,754,47,0,39.20744865,-85.89558181,18005.0,899.9868702180737,6.233421750663131,707,749,47,0,702,748,82753,5,0,0,5,1
2020-08-06,US,Indiana,Benton,60,0,0,40.60626947,-87.31093999,18007.0,685.8710562414266,0.0,60,60,0,0,60,60,8653,0,0,0,0,0
2020-08-06,US,Indiana,Blackford,59,2,0,40.47388153,-85.32499702,18009.0,501.78601803027726,3.3898305084745757,57,56,2,0,54,55,11930,3,0,0,3,1
2020-08-06,US,Indiana,Boone,653,46,0,40.0509304,-86.46841646,18011.0,962.5163981545627,7.044410413476263,607,649,46,0,603,644,66999,4,0,0,4,5
2020-08-06,US,Indiana,Brown,71,1,0,39.19605589,-86.22868909,18013.0,470.44791942751124,1.4084507042253518,70,70,1,0,69,70,15234,1,0,0,1,0
2020-08-06,US,Indiana,Carroll,157,2,0,40.580783200000006,-86.56198812,18015.0,775.0407266623884,1.2738853503184713,155,152,2,0,150,148,20127,5,0,0,5,4
2020-08-06,US,Indiana,Cass,1766,9,0,40.76135835,-86.34830753,18017.0,4685.7173180503605,0.5096262740656852,1757,1760,9,0,1751,1754,37955,6,0,0,6,6
2020-08-06,US,Indiana,Clark,1148,46,0,38.48015445,-85.70510334,18019.0,970.3977954726041,4.006968641114983,1102,1126,46,0,1080,1109,117360,22,0,0,22,17
2020-08-06,US,Indiana,Clay,104,5,0,39.39561833,-87.11723506,18021.0,396.56816015252616,4.807692307692308,99,102,5,0,97,101,26170,2,0,0,2,1
2020-08-06,US,Indiana,Clinton,404,3,0,40.30319754,-86.47277257,18023.0,1246.9520664218032,0.7425742574257426,401,388,3,0,385,360,32250,16,0,0,16,28
2020-08-06,US,Indiana,Crawford,44,0,0,38.28814402,-86.44518825,18025.0,415.99697456745764,0.0,44,44,0,0,44,44,10558,0,0,0,0,0
2020-08-06,US,Indiana,Daviess,259,20,0,38.70186039,-87.07185406,18027.0,776.588408143684,7.722007722007723,239,251,19,0,232,249,33147,8,1,0,7,2
2020-08-06,US,Indiana,DeKalb,223,4,0,41.39804622,-84.99906934,18033.0,512.9384703852792,1.7937219730941705,219,222,4,0,218,221,43226,1,0,0,1,1
2020-08-06,US,Indiana,Dearborn,479,28,0,39.14647946,-84.97333539,18029.0,968.4985240001618,5.845511482254697,451,477,28,0,449,473,49568,2,0,0,2,4
2020-08-06,US,Indiana,Decatur,324,32,0,39.30712658,-85.50087166,18031.0,1219.9254490003389,9.876543209876543,292,322,32,0,290,318,26794,2,0,0,2,4
2020-08-06,US,Indiana,Delaware,680,52,0,40.22787247,-85.39732772,18035.0,595.7856923818285,7.647058823529411,628,665,52,0,613,654,114772,15,0,0,15,11
2020-08-06,US,Indiana,Dubois,658,12,0,38.36597551,-86.87924170000002,18037.0,1539.6855110445526,1.82370820668693,646,655,12,0,643,643,42565,3,0,0,3,12
2020-08-06,US,Indiana,Elkhart,4713,80,0,41.59761169,-85.85875695,18039.0,2284.0831439219546,1.697432633142372,4633,4680,79,0,4601,4630,205560,33,1,0,32,50
2020-08-06,US,Indiana,Fayette,177,7,0,39.63684962,-85.17797541,18041.0,766.1674313912215,3.9548022598870056,170,163,7,0,156,162,23047,14,0,0,14,1
2020-08-06,US,Indiana,Floyd,740,45,0,38.32117957,-85.90385377,18043.0,942.4110440386132,6.081081081081082,695,729,45,0,684,718,77781,11,0,0,11,11
2020-08-06,US,Indiana,Fountain,64,2,0,40.12361933,-87.24217689,18045.0,391.5330967820874,3.125,62,64,2,0,62,64,16351,0,0,0,0,0
2020-08-06,US,Indiana,Franklin,234,13,0,39.4142482,-85.06062647,18047.0,1028.2098602689164,5.5555555555555545,221,231,13,0,218,229,22736,3,0,0,3,2
2020-08-06,US,Indiana,Fulton,159,2,0,41.0469907,-86.26252745,18049.0,796.0348452988885,1.2578616352201255,157,150,2,0,148,147,20092,9,0,0,9,3
2020-08-06,US,Indiana,Gibson,208,4,0,38.30393723,-87.58054938,18051.0,617.9625063133188,1.9230769230769231,204,204,4,0,200,202,33452,4,0,0,4,2
2020-08-06,US,Indiana,Grant,520,29,0,40.51587228,-85.65468702,18053.0,790.6460490504645,5.5769230769230775,491,511,29,0,482,507,65936,9,0,0,9,4
2020-08-06,US,Indiana,Greene,241,34,0,39.03630547,-86.96223202,18055.0,754.9652277426227,14.107883817427386,207,240,34,0,206,240,32006,1,0,0,1,0
2020-08-06,US,Indiana,Hamilton,2610,104,0,40.07306535,-86.05244729,18057.0,772.1642195076489,3.984674329501916,2506,2572,104,0,2468,2543,330086,38,0,0,38,29
2020-08-06,US,Indiana,Hancock,638,38,0,39.82304555,-85.77566351,18059.0,816.1907686009621,5.956112852664576,600,634,38,0,596,628,76351,4,0,0,4,6
2020-08-06,US,Indiana,Harrison,309,23,0,38.19467379,-86.10948271,18061.0,762.6804887078862,7.44336569579288,286,304,22,0,282,300,40350,5,1,0,4,4
2020-08-06,US,Indiana,Hendricks,1814,106,0,39.76719009,-86.51037283,18063.0,1065.1102982191403,5.843439911797134,1708,1796,105,0,1691,1774,167009,18,1,0,17,22
2020-08-06,US,Indiana,Henry,369,19,0,39.93029017,-85.39625719,18065.0,769.1986992412241,5.149051490514905,350,365,19,0,346,364,48271,4,0,0,4,1
2020-08-06,US,Indiana,Howard,855,65,0,40.48527731,-86.11351892,18067.0,1035.8112037216515,7.60233918128655,790,829,65,0,764,824,82366,26,0,0,26,5
2020-08-06,US,Indiana,Huntington,121,3,0,40.82907273,-85.48822092,18069.0,331.32530120481925,2.479338842975207,118,119,3,0,116,119,36240,2,0,0,2,0
2020-08-06,US,Indiana,Jackson,562,5,0,38.90915820000001,-86.03851889,18071.0,1270.6020664240016,0.8896797153024911,557,556,4,0,552,554,44111,6,1,0,5,2
2020-08-06,US,Indiana,Jasper,219,2,0,41.02078733,-87.11553319,18073.0,652.5236875037242,0.9132420091324199,217,216,2,0,214,210,33370,3,0,0,3,6
2020-08-06,US,Indiana,Jay,84,0,0,40.43781032,-85.00576229,18075.0,411.0393423370522,0.0,84,82,0,0,82,81,20764,2,0,0,2,1
2020-08-06,US,Indiana,Jefferson,153,2,0,38.78576239,-85.43633383,18077.0,473.56691841030084,1.30718954248366,151,153,2,0,151,152,32208,0,0,0,0,1
2020-08-06,US,Indiana,Jennings,215,12,0,38.99588883,-85.62710784,18079.0,775.1937984496125,5.5813953488372094,203,214,12,0,202,213,27611,1,0,0,1,1
2020-08-06,US,Indiana,Johnson,1694,118,0,39.48994426,-86.10149107,18081.0,1071.0198714017463,6.965761511216058,1576,1674,118,0,1556,1667,156225,20,0,0,20,7
2020-08-06,US,Indiana,Knox,142,0,0,38.68861576,-87.4194665,18083.0,388.0417554790402,0.0,142,140,0,0,140,134,36895,2,0,0,2,6
2020-08-06,US,Indiana,Kosciusko,827,12,0,41.24521668,-85.86312322,18085.0,1040.8276278695128,1.4510278113663846,815,824,12,0,812,822,79344,3,0,0,3,2
2020-08-06,US,Indiana,LaGrange,554,10,0,41.64232188,-85.42674232,18087.0,1398.4954813954666,1.8050541516245489,544,549,10,0,539,546,39330,5,0,0,5,3
2020-08-06,US,Indiana,LaPorte,869,30,0,41.54366008,-86.74072188,18091.0,790.8051834595224,3.4522439585730726,839,850,29,0,821,843,110007,19,1,0,18,7
2020-08-06,US,Indiana,Lake,7343,274,0,41.41874274,-87.38277575,18089.0,1512.4831871932242,3.7314449135230827,7069,7222,273,0,6949,7139,484411,121,1,0,120,83
2020-08-06,US,Indiana,Lawrence,337,27,0,38.84112637,-86.48361629,18093.0,742.7815737271326,8.011869436201781,310,332,27,0,305,331,45668,5,0,0,5,1
2020-08-06,US,Indiana,Madison,895,65,0,40.16143691,-85.71964711,18095.0,690.751645841212,7.2625698324022325,830,872,65,0,807,862,129641,23,0,0,23,10
2020-08-06,US,Indiana,Marion,15322,723,0,39.78163624,-86.13826325,18097.0,1588.4600790808868,4.7187051298786065,14599,15152,724,0,14428,15029,954670,170,-1,0,171,123
2020-08-06,US,Indiana,Marshall,758,22,0,41.32467367,-86.26185087,18099.0,1638.6354792684506,2.9023746701846966,736,752,22,0,730,744,46248,6,0,0,6,8
2020-08-06,US,Indiana,Martin,42,0,0,38.7099921,-86.80373186,18101.0,409.55631399317406,0.0,42,42,0,0,42,42,10217,0,0,0,0,0
2020-08-06,US,Indiana,Miami,264,2,0,40.76940965,-86.04525048,18103.0,743.3269512332471,0.7575757575757576,262,260,2,0,258,259,35567,4,0,0,4,1
2020-08-06,US,Indiana,Monroe,708,30,0,39.16130004,-86.52414358,18105.0,476.98930816338907,4.2372881355932215,678,699,30,0,669,695,146917,9,0,0,9,4
2020-08-06,US,Indiana,Montgomery,346,21,0,40.04034823,-86.89335024,18107.0,902.4988262298504,6.069364161849711,325,343,21,0,322,342,38346,3,0,0,3,1
2020-08-06,US,Indiana,Morgan,451,34,0,39.47899078,-86.44573375,18109.0,639.8161415256283,7.53880266075388,417,440,34,0,406,437,70116,11,0,0,11,3
2020-08-06,US,Indiana,Newton,114,10,0,40.95610449,-87.39635768,18111.0,815.2173913043479,8.771929824561402,104,114,10,0,104,111,14011,0,0,0,0,3
2020-08-06,US,Indiana,Noble,645,29,0,41.39672484,-85.41966713,18113.0,1350.9550938337802,4.496124031007752,616,638,29,0,609,637,47532,7,0,0,7,1
2020-08-06,US,Indiana,Ohio,57,4,0,38.955304999999996,-84.96515993,18115.0,970.2127659574468,7.0175438596491215,53,56,4,0,52,51,5844,1,0,0,1,5
2020-08-06,US,Indiana,Orange,166,24,0,38.54118920000001,-86.49523093,18117.0,844.9557161763208,14.457831325301207,142,164,24,0,140,164,19489,2,0,0,2,0
2020-08-06,US,Indiana,Owen,83,1,0,39.31145587,-86.83900724,18119.0,399.05764700225967,1.2048192771084338,82,82,1,0,81,82,20845,1,0,0,1,0
2020-08-06,US,Indiana,Parke,50,1,0,39.77202286,-87.20375833,18121.0,295.21166676507056,2.0,49,49,1,0,48,48,16927,1,0,0,1,1
2020-08-06,US,Indiana,Perry,179,12,0,38.07809328,-86.63741946,18123.0,933.7993635557408,6.70391061452514,167,172,12,0,160,172,19102,7,0,0,7,0
2020-08-06,US,Indiana,Pike,52,0,0,38.40112197,-87.23574907,18125.0,419.72717733473235,0.0,52,50,0,0,50,47,12410,2,0,0,2,3
2020-08-06,US,Indiana,Porter,1238,39,0,41.45986947,-87.06848888,18127.0,726.5727247650964,3.150242326332795,1199,1213,39,0,1174,1209,169594,25,0,0,25,4
2020-08-06,US,Indiana,Posey,165,0,0,38.02097333,-87.86480429,18129.0,648.9165060762183,0.0,165,161,0,0,161,160,25540,4,0,0,4,1
2020-08-06,US,Indiana,Pulaski,75,1,0,41.04166107,-86.69890683,18131.0,607.1399660001617,1.3333333333333333,74,75,1,0,74,71,12469,0,0,0,0,4
2020-08-06,US,Indiana,Putnam,277,8,0,39.66437981,-86.84517605,18133.0,737.1726634021718,2.888086642599278,269,234,8,0,226,233,37779,43,0,0,43,1
2020-08-06,US,Indiana,Randolph,114,4,0,40.15734772,-85.01139319,18135.0,462.193391445368,3.5087719298245608,110,109,4,0,105,107,24851,5,0,0,5,2
2020-08-06,US,Indiana,Ripley,194,7,0,39.10235626,-85.26212744,18137.0,684.931506849315,3.608247422680413,187,194,7,0,187,190,28523,0,0,0,0,4
2020-08-06,US,Indiana,Rush,71,4,0,39.62002287,-85.4655599,18139.0,428.2009528978952,5.633802816901407,67,80,4,0,76,80,16663,-9,0,0,-9,0
2020-08-06,US,Indiana,Scott,257,10,0,38.68672078,-85.74627859,18143.0,1076.5299710970553,3.891050583657588,247,252,10,0,242,252,23878,5,0,0,5,0
2020-08-06,US,Indiana,Shelby,535,27,0,39.52305623,-85.79158570000001,18145.0,1196.0920208365935,5.046728971962617,508,530,27,0,503,522,44593,5,0,0,5,8
2020-08-06,US,Indiana,Spencer,119,3,0,38.01519732,-87.0079644,18147.0,586.8718252206934,2.5210084033613445,116,116,3,0,113,112,20327,3,0,0,3,4
2020-08-06,US,Indiana,St. Joseph,3301,79,0,41.61756781,-86.29040834,18141.0,1214.3797870696694,2.393214177521963,3222,3224,79,0,3145,3203,270771,77,0,0,77,21
2020-08-06,US,Indiana,Starke,174,7,0,41.27890281,-86.64686895,18149.0,756.6862361382913,4.022988505747127,167,170,7,0,163,164,22935,4,0,0,4,6
2020-08-06,US,Indiana,Steuben,204,3,0,41.64423868,-85.00101094,18151.0,589.6976354281089,1.4705882352941178,201,203,3,0,200,201,34586,1,0,0,1,2
2020-08-06,US,Indiana,Sullivan,91,1,0,39.08952258,-87.41414469,18153.0,440.2728724176303,1.0989010989010992,90,83,1,0,82,78,20690,8,0,0,8,5
2020-08-06,US,Indiana,Switzerland,44,0,0,38.82767338,-85.03022429,18155.0,409.2642544879545,0.0,44,43,0,0,43,43,10717,1,0,0,1,0
2020-08-06,US,Indiana,Tippecanoe,1146,11,0,40.38872739,-86.89413959,18157.0,585.4944515970817,0.9598603839441536,1135,1123,11,0,1112,1118,193048,23,0,0,23,5
2020-08-06,US,Indiana,Tipton,129,6,0,40.31123252,-86.05234925,18159.0,851.5975706363878,4.651162790697675,123,126,6,0,120,117,15128,3,0,0,3,9
2020-08-06,US,Indiana,Unassigned,0,202,0,0.0,0.0,90018.0,0.0,0.0,-202,0,202,0,-202,0,,0,0,0,0,0
2020-08-06,US,Indiana,Union,35,0,0,39.62550777,-84.92497066,18161.0,496.1723844627162,0.0,35,33,0,0,33,33,7037,2,0,0,2,0
2020-08-06,US,Indiana,Vanderburgh,1842,13,0,38.02658833,-87.58763124,18163.0,1015.1500956181007,0.7057546145494028,1829,1800,13,0,1787,1763,180974,42,0,0,42,37
2020-08-06,US,Indiana,Vermillion,48,0,0,39.8523352,-87.46160542,18165.0,309.71738288811457,0.0,48,47,0,0,47,42,15479,1,0,0,1,5
2020-08-06,US,Indiana,Vigo,543,10,0,39.42944561,-87.39169027,18167.0,507.2964741493675,1.8416206261510129,533,528,10,0,518,509,107386,15,0,0,15,19
2020-08-06,US,Indiana,Wabash,161,3,0,40.84704239,-85.79328272,18169.0,519.4218608852755,1.8633540372670807,158,161,3,0,158,161,31280,0,0,0,0,0
2020-08-06,US,Indiana,Warren,20,1,0,40.34728141,-87.35602659,18171.0,241.98427102238358,5.0,19,19,1,0,18,19,8263,1,0,0,1,0
2020-08-06,US,Indiana,Warrick,553,30,0,38.08922676,-87.2716085,18173.0,877.8056446236387,5.4249547920433985,523,540,30,0,510,528,62567,13,0,0,13,12
2020-08-06,US,Indiana,Washington,121,1,0,38.60219804,-86.1049363,18175.0,431.5879583392781,0.8264462809917356,120,117,1,0,116,117,27943,4,0,0,4,0
2020-08-06,US,Indiana,Wayne,346,10,0,39.863344399999995,-85.01044989,18177.0,525.1654422925142,2.8901734104046244,336,337,10,0,327,334,65936,9,0,0,9,3
2020-08-06,US,Indiana,Wells,154,2,0,40.72934187,-85.22132966,18179.0,544.2465366129488,1.2987012987012987,152,144,2,0,142,134,28206,10,0,0,10,10
2020-08-06,US,Indiana,White,351,10,0,40.74911165,-86.86492015,18181.0,1456.3106796116504,2.849002849002849,341,349,10,0,339,347,24133,2,0,0,2,2
2020-08-06,US,Indiana,Whitley,147,6,0,41.13863784,-85.50791236,18183.0,432.81121187139325,4.081632653061225,141,149,6,0,143,148,34074,-2,0,0,-2,1
2020-08-06,US,Iowa,Adair,27,0,0,41.33075609,-94.47105874,19001.0,377.51677852349,0.0,27,23,0,0,23,21,7063,4,0,0,4,2
2020-08-06,US,Iowa,Adams,16,0,0,41.02903567,-94.69932645,19003.0,444.1976679622432,0.0,16,16,0,0,16,16,3645,0,0,0,0,0
2020-08-06,US,Iowa,Allamakee,154,4,0,43.28383218,-91.37860922,19005.0,1125.1552568130342,2.5974025974025974,150,152,4,0,148,150,13832,2,0,0,2,2
2020-08-06,US,Iowa,Appanoose,47,3,0,40.74324454,-92.86865906,19007.0,378.239175921455,6.382978723404255,44,43,3,0,40,43,12437,4,0,0,4,0
2020-08-06,US,Iowa,Audubon,28,1,0,41.6844628,-94.90581859,19009.0,509.4614264919942,3.571428571428572,27,28,1,0,27,28,5506,0,0,0,0,0
2020-08-06,US,Iowa,Benton,146,1,0,42.08011739,-92.06463573,19011.0,569.3117566777148,0.6849315068493149,145,145,1,0,144,145,25642,1,0,0,1,0
2020-08-06,US,Iowa,Black Hawk,3084,63,0,42.4704581,-92.30524729,19013.0,2350.1082086140154,2.0428015564202333,3021,3054,62,0,2992,3022,132408,30,1,0,29,32
2020-08-06,US,Iowa,Boone,244,2,0,42.03657094,-93.9313999,19015.0,930.0907219638636,0.819672131147541,242,234,2,0,232,231,26346,10,0,0,10,3
2020-08-06,US,Iowa,Bremer,203,7,0,42.77461496,-92.31795937,19017.0,809.9912217700104,3.4482758620689653,196,196,7,0,189,192,24947,7,0,0,7,4
2020-08-06,US,Iowa,Buchanan,123,1,0,42.4709188,-91.83510825,19019.0,580.8736717827628,0.8130081300813008,122,118,1,0,117,114,21199,5,0,0,5,4
2020-08-06,US,Iowa,Buena Vista,1791,12,0,42.73545875,-95.15100162,19021.0,9128.440366972478,0.6700167504187605,1779,1790,12,0,1778,1786,19874,1,0,0,1,4
2020-08-06,US,Iowa,Butler,119,2,0,42.73172833,-92.79015971,19023.0,824.1567975621581,1.680672268907563,117,118,2,0,116,115,14539,1,0,0,1,3
2020-08-06,US,Iowa,Calhoun,83,2,0,42.38521079,-94.64046046,19025.0,858.5022755482003,2.409638554216868,81,82,2,0,80,82,9699,1,0,0,1,0
2020-08-06,US,Iowa,Carroll,185,1,0,42.03617207,-94.86032705,19027.0,917.4311926605504,0.5405405405405406,184,183,1,0,182,182,20154,2,0,0,2,1
2020-08-06,US,Iowa,Cass,50,1,0,41.33149454,-94.92792482,19029.0,389.529448426301,2.0,49,48,1,0,47,48,12930,2,0,0,2,0
2020-08-06,US,Iowa,Cedar,128,1,0,41.77233777,-91.13246684,19031.0,687.1745315939228,0.78125,127,123,1,0,122,120,18627,5,0,0,5,3
2020-08-06,US,Iowa,Cerro Gordo,596,17,0,43.08177563,-93.2612239,19033.0,1404.004711425206,2.8523489932885906,579,586,17,0,569,579,42647,10,0,0,10,7
2020-08-06,US,Iowa,Cherokee,103,1,0,42.73538914,-95.62389402,19035.0,916.7779261237204,0.9708737864077671,102,99,1,0,98,98,11321,4,0,0,4,1
2020-08-06,US,Iowa,Chickasaw,54,0,0,43.06001295,-92.31773347,19037.0,452.52660688846055,0.0,54,52,0,0,52,51,11964,2,0,0,2,1
2020-08-06,US,Iowa,Clarke,195,3,0,41.02868181,-93.78499767,19039.0,2075.572112825971,1.5384615384615383,192,190,3,0,187,188,9423,5,0,0,5,2
2020-08-06,US,Iowa,Clay,176,1,0,43.08247182,-95.15096481,19041.0,1098.901098901099,0.5681818181818182,175,174,1,0,173,171,16134,2,0,0,2,3
2020-08-06,US,Iowa,Clayton,102,3,0,42.84443388,-91.34133693,19043.0,581.2296996979885,2.9411764705882355,99,101,3,0,98,99,17556,1,0,0,1,2
2020-08-06,US,Iowa,Clinton,362,3,0,41.89981633,-90.53275096,19045.0,779.6851105989792,0.8287292817679558,359,338,3,0,335,321,46518,24,0,0,24,17
2020-08-06,US,Iowa,Crawford,726,3,0,42.03718237,-95.3819718,19047.0,4316.29013079667,0.4132231404958678,723,726,3,0,723,721,17158,0,0,0,0,5
2020-08-06,US,Iowa,Dallas,1846,35,0,41.68560356,-94.04127625,19049.0,1975.324494665768,1.895991332611051,1811,1807,35,0,1772,1796,90180,39,0,0,39,11
2020-08-06,US,Iowa,Davis,52,1,0,40.74773536,-92.41005468,19051.0,577.7777777777778,1.9230769230769231,51,51,1,0,50,50,9017,1,0,0,1,1
2020-08-06,US,Iowa,Decatur,23,0,0,40.73742757,-93.78645949,19053.0,292.2490470139772,0.0,23,23,0,0,23,22,7890,0,0,0,0,1
2020-08-06,US,Iowa,Delaware,99,1,0,42.47104597,-91.3664492,19055.0,581.9763682323203,1.0101010101010102,98,94,1,0,93,91,17069,5,0,0,5,3
2020-08-06,US,Iowa,Des Moines,152,2,0,40.92012606,-91.18326592,19057.0,390.07365206456734,1.3157894736842106,150,143,2,0,141,139,39138,9,0,0,9,4
2020-08-06,US,Iowa,Dickinson,377,4,0,43.37787725,-95.1510206,19059.0,2184.4941476416734,1.0610079575596818,373,378,4,0,374,375,17153,-1,0,0,-1,3
2020-08-06,US,Iowa,Dubuque,1623,31,0,42.46815349,-90.88181925,19061.0,1667.8484446773746,1.910043130006161,1592,1594,31,0,1563,1549,96854,29,0,0,29,45
2020-08-06,US,Iowa,Emmet,188,2,0,43.37782951,-94.67858943,19063.0,2041.7028670721115,1.0638297872340423,186,185,2,0,183,181,9253,3,0,0,3,4
2020-08-06,US,Iowa,Fayette,81,0,0,42.86271799,-91.8441231,19065.0,412.2137404580152,0.0,81,81,0,0,81,81,19660,0,0,0,0,0
2020-08-06,US,Iowa,Floyd,143,2,0,43.06000529999999,-92.78940097,19067.0,914.2053445850914,1.3986013986013983,141,132,2,0,130,131,15761,11,0,0,11,1
2020-08-06,US,Iowa,Franklin,233,9,0,42.73270384,-93.26256925,19069.0,2313.803376365442,3.862660944206009,224,227,8,0,219,225,10124,6,1,0,5,2
2020-08-06,US,Iowa,Fremont,37,0,0,40.74542720000001,-95.60129045,19071.0,531.6091954022988,0.0,37,34,0,0,34,35,6993,3,0,0,3,-1
2020-08-06,US,Iowa,Greene,39,0,0,42.03614551,-94.39658081,19073.0,438.79387938793883,0.0,39,38,0,0,38,38,8981,1,0,0,1,0
2020-08-06,US,Iowa,Grundy,76,1,0,42.40183723,-92.78829551,19075.0,621.3211249182473,1.3157894736842106,75,76,1,0,75,74,12304,0,0,0,0,2
2020-08-06,US,Iowa,Guthrie,131,5,0,41.68378965,-94.50111014,19077.0,1225.5589858733274,3.816793893129771,126,128,5,0,123,128,10720,3,0,0,3,0
2020-08-06,US,Iowa,Hamilton,244,1,0,42.38382428,-93.70197703,19079.0,1651.6618154741761,0.4098360655737705,243,243,1,0,242,241,14952,1,0,0,1,2
2020-08-06,US,Iowa,Hancock,121,2,0,43.08178477,-93.73454884,19081.0,1138.2878645343367,1.6528925619834711,119,117,2,0,115,117,10712,4,0,0,4,0
2020-08-06,US,Iowa,Hardin,173,0,0,42.38353877,-93.23654611,19083.0,1026.9500178083817,0.0,173,171,0,0,171,166,16868,2,0,0,2,5
2020-08-06,US,Iowa,Harrison,102,0,0,41.68330137,-95.81558439,19085.0,726.0303224428785,0.0,102,99,0,0,99,98,14134,3,0,0,3,1
2020-08-06,US,Iowa,Henry,119,3,0,40.98767962,-91.54436349,19087.0,596.3716548060538,2.5210084033613445,116,114,3,0,111,114,20067,5,0,0,5,0
2020-08-06,US,Iowa,Howard,49,0,0,43.35671042,-92.31702714,19089.0,535.051321249181,0.0,49,49,0,0,49,49,9187,0,0,0,0,0
2020-08-06,US,Iowa,Humboldt,100,1,0,42.7764426,-94.20722537,19091.0,1046.2439840970917,1.0,99,94,1,0,93,92,9547,6,0,0,6,2
2020-08-06,US,Iowa,Ida,29,0,0,42.38696136,-95.51355387,19093.0,422.7405247813411,0.0,29,29,0,0,29,29,6841,0,0,0,0,0
2020-08-06,US,Iowa,Iowa,94,1,0,41.68630265,-92.0643373,19095.0,580.8205635195254,1.0638297872340423,93,94,1,0,93,90,16141,0,0,0,0,4
2020-08-06,US,Iowa,Jackson,148,1,0,42.17178824,-90.57354837,19097.0,761.3560368331703,0.6756756756756757,147,146,1,0,145,141,19432,2,0,0,2,5
2020-08-06,US,Iowa,Jasper,466,26,0,41.68576082,-93.05567785,19099.0,1253.193491999462,5.579399141630901,440,458,25,0,433,458,37147,8,1,0,7,0
2020-08-06,US,Iowa,Jefferson,80,0,0,41.03192394,-91.94849466,19101.0,437.27794479365946,0.0,80,77,0,0,77,77,18381,3,0,0,3,0
2020-08-06,US,Iowa,Johnson,2021,16,0,41.67169354,-91.58754744,19103.0,1337.1708349874284,0.7916872835230084,2005,2002,16,0,1986,1959,151260,19,0,0,19,43
2020-08-06,US,Iowa,Jones,127,2,0,42.12118609,-91.13139641,19105.0,614.0902277452734,1.5748031496062993,125,126,2,0,124,124,20744,1,0,0,1,2
2020-08-06,US,Iowa,Keokuk,33,1,0,41.33649833,-92.1785067,19107.0,322.0769080616826,3.0303030303030303,32,31,1,0,30,31,10225,2,0,0,2,0
2020-08-06,US,Iowa,Kossuth,83,0,0,43.20405458,-94.20691791,19109.0,560.3186390332817,0.0,83,82,0,0,82,78,14908,1,0,0,1,4
2020-08-06,US,Iowa,Lee,107,3,0,40.64181461,-91.48183025,19111.0,317.91306414713137,2.803738317757009,104,99,3,0,96,97,34055,8,0,0,8,2
2020-08-06,US,Iowa,Linn,2279,87,0,42.07923082,-91.59809485,19113.0,1005.2667331257223,3.8174637999122414,2192,2198,87,0,2111,2145,225909,81,0,0,81,53
2020-08-06,US,Iowa,Louisa,380,14,0,41.21842119,-91.26102611,19115.0,3443.588581785229,3.684210526315789,366,379,14,0,365,378,11169,1,0,0,1,1
2020-08-06,US,Iowa,Lucas,57,4,0,41.02958964,-93.32780803,19117.0,662.7906976744188,7.0175438596491215,53,53,4,0,49,50,8645,4,0,0,4,3
2020-08-06,US,Iowa,Lyon,109,2,0,43.38107862,-96.20926845,19119.0,927.2649936197363,1.834862385321101,107,108,0,0,108,106,11811,1,2,0,-1,2
2020-08-06,US,Iowa,Madison,114,2,0,41.33081904,-94.01554631,19121.0,697.7598237238341,1.7543859649122806,112,107,2,0,105,105,16249,7,0,0,7,2
2020-08-06,US,Iowa,Mahaska,139,17,0,41.33521503,-92.64083907,19123.0,629.1016066983483,12.23021582733813,122,137,17,0,120,136,22000,2,0,0,2,1
2020-08-06,US,Iowa,Marion,162,0,0,41.33445101,-93.09934783,19125.0,487.1740895558296,0.0,162,159,0,0,159,155,33407,3,0,0,3,4
2020-08-06,US,Iowa,Marshall,1425,25,0,42.03586837,-92.9990819,19127.0,3619.59917701745,1.7543859649122806,1400,1407,25,0,1382,1394,39981,18,0,0,18,13
2020-08-06,US,Iowa,Mills,85,0,0,41.03299766,-95.61920963,19129.0,562.5785955390827,0.0,85,85,0,0,85,83,15063,0,0,0,0,2
2020-08-06,US,Iowa,Mitchell,78,0,0,43.35638371,-92.78887719,19131.0,736.8222180238049,0.0,78,78,0,0,78,76,10569,0,0,0,0,2
2020-08-06,US,Iowa,Monona,91,0,0,42.05220391,-95.95743843,19133.0,1056.2971561230413,0.0,91,91,0,0,91,90,8679,0,0,0,0,1
2020-08-06,US,Iowa,Monroe,69,7,0,41.02988815,-92.8690667,19135.0,895.2899961074347,10.144927536231883,62,70,7,0,63,67,7790,-1,0,0,-1,3
2020-08-06,US,Iowa,Montgomery,53,4,0,41.03018714,-95.15642896,19137.0,534.4358172834527,7.547169811320754,49,45,4,0,41,45,10003,8,0,0,8,0
2020-08-06,US,Iowa,Muscatine,840,48,0,41.48370744,-91.1121697,19139.0,1968.8730545659107,5.7142857142857135,792,839,48,0,791,830,42929,1,0,0,1,9
2020-08-06,US,Iowa,O'Brien,135,2,0,43.08310673,-95.62474482,19141.0,981.6040136697447,1.4814814814814814,133,132,1,0,131,131,13840,3,1,0,2,1
2020-08-06,US,Iowa,Osceola,79,0,0,43.37824276,-95.62422844,19143.0,1325.9483048002685,0.0,79,78,0,0,78,78,6040,1,0,0,1,0
2020-08-06,US,Iowa,Page,85,0,0,40.7393172,-95.1497813,19145.0,562.6530747335672,0.0,85,77,0,0,77,76,15249,8,0,0,8,1
2020-08-06,US,Iowa,Palo Alto,80,0,0,43.08193849,-94.67824621,19147.0,900.2925950934053,0.0,80,80,0,0,80,80,8929,0,0,0,0,0
2020-08-06,US,Iowa,Plymouth,452,8,0,42.737633,-96.21366621,19149.0,1795.2893513921435,1.7699115044247788,444,448,8,0,440,443,25095,4,0,0,4,5
2020-08-06,US,Iowa,Pocahontas,115,1,0,42.73420133,-94.67862564,19151.0,1737.4225713854055,0.8695652173913043,114,114,1,0,113,114,6740,1,0,0,1,0
2020-08-06,US,Iowa,Polk,10032,206,0,41.68679484,-93.57767461,19153.0,2046.6744600243594,2.053429027113238,9826,9874,204,0,9670,9781,487204,158,2,0,156,93
2020-08-06,US,Iowa,Pottawattamie,1284,26,0,41.33640314,-95.53907776,19155.0,1377.5937171426733,2.0249221183800623,1258,1257,24,0,1233,1227,93533,27,2,0,25,30
2020-08-06,US,Iowa,Poweshiek,153,8,0,41.68625425,-92.53155731,19157.0,826.8482490272372,5.2287581699346415,145,151,8,0,143,150,18699,2,0,0,2,1
2020-08-06,US,Iowa,Ringgold,21,1,0,40.73518949,-94.24368535,19159.0,429.09685328974257,4.761904761904762,20,21,1,0,20,21,4968,0,0,0,0,0
2020-08-06,US,Iowa,Sac,82,0,0,42.38624071,-95.10547892,19161.0,843.5346157802695,0.0,82,81,0,0,81,81,9719,1,0,0,1,0
2020-08-06,US,Iowa,Scott,1655,14,0,41.63935978,-90.61959493,19163.0,956.9626986926328,0.8459214501510574,1641,1636,13,0,1623,1615,173283,19,1,0,18,21
2020-08-06,US,Iowa,Shelby,177,1,0,41.6850066,-95.31015553,19165.0,1545.3116815086432,0.5649717514124294,176,176,1,0,175,169,11578,1,0,0,1,7
2020-08-06,US,Iowa,Sioux,614,3,0,43.08221074,-96.1767568,19167.0,1761.5837039162243,0.488599348534202,611,607,2,0,605,602,34909,7,1,0,6,5
2020-08-06,US,Iowa,Story,1141,14,0,42.03621213,-93.46499005,19169.0,1174.8715466911044,1.2269938650306749,1127,1126,14,0,1112,1117,98105,15,0,0,15,9
2020-08-06,US,Iowa,Tama,545,29,0,42.07991767,-92.53266945,19171.0,3233.653732051738,5.321100917431194,516,543,29,0,514,539,16904,2,0,0,2,4
2020-08-06,US,Iowa,Taylor,96,0,0,40.73710579,-94.69778563,19173.0,1568.3711811795458,0.0,96,94,0,0,94,93,6191,2,0,0,2,1
2020-08-06,US,Iowa,Unassigned,3,0,0,0.0,0.0,90019.0,0.0,0.0,3,4,0,0,4,,,-1,0,0,-1,
2020-08-06,US,Iowa,Union,75,1,0,41.0277278,-94.24234847,19175.0,612.6950412547993,1.3333333333333333,74,74,1,0,73,72,12359,1,0,0,1,2
2020-08-06,US,Iowa,Van Buren,34,1,0,40.75326764,-91.95017958,19177.0,482.68029528676885,2.9411764705882355,33,34,1,0,33,33,7020,0,0,0,0,1
2020-08-06,US,Iowa,Wapello,872,33,0,41.03064984,-92.40954728,19179.0,2493.637221539077,3.7844036697247705,839,866,33,0,833,850,35205,6,0,0,6,16
2020-08-06,US,Iowa,Warren,547,1,0,41.33559454,-93.56007641,19181.0,1062.8376015233355,0.18281535648994515,546,542,1,0,541,534,51056,5,0,0,5,8
2020-08-06,US,Iowa,Washington,293,10,0,41.33577126,-91.71725711,19183.0,1333.9403596631005,3.4129692832764507,283,288,10,0,278,288,22141,5,0,0,5,0
2020-08-06,US,Iowa,Wayne,19,1,0,40.73969028,-93.32752197,19185.0,294.9852507374631,5.2631578947368425,18,19,1,0,18,18,6401,0,0,0,0,1
2020-08-06,US,Iowa,Webster,772,7,0,42.42853483,-94.17987389,19187.0,2150.1782531194294,0.9067357512953368,765,763,7,0,756,736,36277,9,0,0,9,27
2020-08-06,US,Iowa,Winnebago,77,0,0,43.37751174,-93.73407298,19189.0,743.6739424377053,0.0,77,76,0,0,76,77,10518,1,0,0,1,-1
2020-08-06,US,Iowa,Winneshiek,91,1,0,43.29094334,-91.84422722,19191.0,455.20484217898047,1.0989010989010992,90,90,1,0,89,86,20029,1,0,0,1,4
2020-08-06,US,Iowa,Woodbury,3691,51,0,42.38979414,-96.0459439,19193.0,3579.776348841495,1.381739366025467,3640,3673,51,0,3622,3656,102539,18,0,0,18,17
2020-08-06,US,Iowa,Worth,65,0,0,43.37750768,-93.26087602,19195.0,880.6394797452921,0.0,65,64,0,0,64,61,7453,1,0,0,1,3
2020-08-06,US,Iowa,Wright,455,1,0,42.73305373,-93.73515113,19197.0,3622.034707849069,0.21978021978021975,454,451,1,0,450,444,12690,4,0,0,4,7
2020-08-06,US,Kansas,Allen,15,0,0,37.88582951,-95.30030847,20001.0,121.2709192335678,0.0,15,15,0,0,15,15,12444,0,0,0,0,0
2020-08-06,US,Kansas,Anderson,29,0,0,38.21413251,-95.29272815,20003.0,369.0506490201069,0.0,29,29,0,0,29,29,7878,0,0,0,0,0
2020-08-06,US,Kansas,Atchison,64,0,0,39.53185661,-95.30870026,20005.0,398.18328874510047,0.0,64,62,0,0,62,62,16193,2,0,0,2,0
2020-08-06,US,Kansas,Barber,4,0,0,37.2288586,-98.68460053,20007.0,90.35464196973119,0.0,4,4,0,0,4,4,4472,0,0,0,0,0
2020-08-06,US,Kansas,Barton,126,3,0,38.47889676,-98.75636726,20009.0,488.76992901198645,2.380952380952381,123,126,3,0,123,126,26111,0,0,0,0,0
2020-08-06,US,Kansas,Bourbon,73,2,0,37.85508555,-94.84865997,20011.0,502.2705380487134,2.7397260273972597,71,73,2,0,71,73,14653,0,0,0,0,0
2020-08-06,US,Kansas,Brown,35,0,0,39.82652589,-95.56421698,20013.0,365.9556670849017,0.0,35,35,0,0,35,32,9598,0,0,0,0,3
2020-08-06,US,Kansas,Butler,238,1,0,37.78134351,-96.83878537,20015.0,355.696372793711,0.4201680672268908,237,228,1,0,227,218,66765,10,0,0,10,10
2020-08-06,US,Kansas,Chase,42,0,0,38.30292938,-96.59563862,20017.0,1586.1027190332327,0.0,42,42,0,0,42,39,2629,0,0,0,0,3
2020-08-06,US,Kansas,Chautauqua,5,0,0,37.14994405,-96.2454192,20019.0,153.84615384615384,0.0,5,5,0,0,5,5,3309,0,0,0,0,0
2020-08-06,US,Kansas,Cherokee,91,1,0,37.16928494,-94.8462897,20021.0,456.3919955865388,1.0989010989010992,90,91,1,0,90,78,20015,0,0,0,0,13
2020-08-06,US,Kansas,Cheyenne,2,0,0,39.78580976,-101.7318201,20023.0,75.27286413248024,0.0,2,2,0,0,2,2,2660,0,0,0,0,0
2020-08-06,US,Kansas,Clark,45,1,0,37.23577007,-99.81883015,20025.0,2256.7703109327986,2.2222222222222223,44,45,1,0,44,43,2005,0,0,0,0,2
2020-08-06,US,Kansas,Clay,18,2,0,39.34948772,-97.16518128,20027.0,224.9437640589853,11.111111111111109,16,18,2,0,16,18,7997,0,0,0,0,0
2020-08-06,US,Kansas,Cloud,30,0,0,39.48028352,-97.64925343,20029.0,341.45231049396773,0.0,30,30,0,0,30,30,8729,0,0,0,0,0
2020-08-06,US,Kansas,Coffey,67,8,0,38.2365018,-95.73379515,20031.0,819.1710478053552,11.940298507462687,59,67,8,0,59,67,8233,0,0,0,0,0
2020-08-06,US,Kansas,Comanche,3,0,0,37.19114520000001,-99.27113247,20033.0,176.47058823529412,0.0,3,3,0,0,3,3,1748,0,0,0,0,0
2020-08-06,US,Kansas,Cowley,160,2,0,37.23781842,-96.83776647,20035.0,458.3476566976052,1.25,158,160,2,0,158,160,35218,0,0,0,0,0
2020-08-06,US,Kansas,Crawford,377,1,0,37.50675523,-94.85245778,20037.0,971.1989283322173,0.26525198938992045,376,377,1,0,376,377,39019,0,0,0,0,0
2020-08-06,US,Kansas,Decatur,5,0,0,39.78468441,-100.45940809999999,20039.0,176.86593562079943,0.0,5,5,0,0,5,5,2871,0,0,0,0,0
2020-08-06,US,Kansas,Dickinson,44,1,0,38.86600962,-97.15532383,20041.0,238.2757500270768,2.272727272727273,43,44,1,0,43,43,18717,0,0,0,0,1
2020-08-06,US,Kansas,Doniphan,47,0,0,39.79067154,-95.14056866,20043.0,618.421052631579,0.0,47,47,0,0,47,46,7682,0,0,0,0,1
2020-08-06,US,Kansas,Douglas,696,5,0,38.88503636,-95.2925121,20045.0,569.2832429514393,0.7183908045977011,691,686,5,0,681,684,121436,10,0,0,10,2
2020-08-06,US,Kansas,Edwards,10,0,0,37.88735543,-99.31263309,20047.0,357.39814152966414,0.0,10,10,0,0,10,10,2849,0,0,0,0,0
2020-08-06,US,Kansas,Elk,1,0,0,37.45338105,-96.24369667,20049.0,39.52569169960474,0.0,1,1,0,0,1,1,2508,0,0,0,0,0
2020-08-06,US,Kansas,Ellis,135,1,0,38.91458712,-99.31751551,20051.0,472.80495919868315,0.7407407407407407,134,135,1,0,134,133,28710,0,0,0,0,2
2020-08-06,US,Kansas,Ellsworth,21,0,0,38.69677695,-98.20462799,20053.0,344.14945919370695,0.0,21,21,0,0,21,18,6196,0,0,0,0,3
2020-08-06,US,Kansas,Finney,1780,10,0,38.04340344,-100.73819379999999,20055.0,4881.125401047522,0.5617977528089888,1770,1758,10,0,1748,1755,36611,22,0,0,22,3
2020-08-06,US,Kansas,Ford,2055,8,0,37.69200114,-99.88825298,20057.0,6112.614890389364,0.3892944038929441,2047,2055,8,0,2047,2042,33888,0,0,0,0,13
2020-08-06,US,Kansas,Franklin,172,1,0,38.56443815,-95.28644341,20059.0,673.3479486376449,0.5813953488372093,171,172,1,0,171,155,25631,0,0,0,0,17
2020-08-06,US,Kansas,Geary,134,2,0,38.99871131,-96.7577178,20061.0,423.1133564887906,1.492537313432836,132,130,2,0,128,130,32594,4,0,0,4,0
2020-08-06,US,Kansas,Gove,6,0,0,38.91588178,-100.4829321,20063.0,227.6176024279211,0.0,6,6,0,0,6,6,2612,0,0,0,0,0
2020-08-06,US,Kansas,Graham,16,0,0,39.34987223,-99.88332493,20065.0,644.64141821112,0.0,16,16,0,0,16,16,2492,0,0,0,0,0
2020-08-06,US,Kansas,Grant,101,2,0,37.56227336,-101.3079758,20067.0,1412.5874125874127,1.98019801980198,99,97,2,0,95,97,7336,4,0,0,4,0
2020-08-06,US,Kansas,Gray,77,0,0,37.73836671,-100.4369088,20069.0,1285.9051436205746,0.0,77,77,0,0,77,71,6033,0,0,0,0,6
2020-08-06,US,Kansas,Greeley,3,0,0,38.4808095,-101.8061079,20071.0,243.50649350649346,0.0,3,3,0,0,3,3,1227,0,0,0,0,0
2020-08-06,US,Kansas,Greenwood,20,0,0,37.8774388,-96.23250453,20073.0,334.33634236041456,0.0,20,20,0,0,20,19,6055,0,0,0,0,1
2020-08-06,US,Kansas,Hamilton,37,0,0,37.99978709,-101.7921066,20075.0,1457.26664040961,0.0,37,37,0,0,37,37,2607,0,0,0,0,0
2020-08-06,US,Kansas,Harper,10,0,0,37.19175361,-98.07578384,20077.0,183.9587932303164,0.0,10,10,0,0,10,9,5506,0,0,0,0,1
2020-08-06,US,Kansas,Harvey,181,1,0,38.04293782,-97.42747573,20079.0,525.7195968514915,0.5524861878453039,180,169,1,0,168,169,34210,12,0,0,12,0
2020-08-06,US,Kansas,Haskell,44,0,0,37.562039399999996,-100.8710738,20081.0,1108.8709677419354,0.0,44,44,0,0,44,44,3997,0,0,0,0,0
2020-08-06,US,Kansas,Hodgeman,11,0,0,38.08780079,-99.89829881,20083.0,613.1549609810479,0.0,11,11,0,0,11,11,1818,0,0,0,0,0
2020-08-06,US,Kansas,Jackson,146,1,0,39.41673394,-95.79356799,20085.0,1108.4959380457062,0.6849315068493149,145,146,1,0,145,145,13280,0,0,0,0,1
2020-08-06,US,Kansas,Jefferson,75,0,0,39.2347941,-95.38289232,20087.0,393.8455075355774,0.0,75,75,0,0,75,70,18975,0,0,0,0,5
2020-08-06,US,Kansas,Jewell,10,0,0,39.78470589,-98.21820662,20089.0,347.34282737061477,0.0,10,10,0,0,10,10,2841,0,0,0,0,0
2020-08-06,US,Kansas,Johnson,5439,102,0,38.88548175,-94.82250877,20091.0,902.8869473988257,1.8753447324875896,5337,5320,98,0,5222,5240,597555,119,4,0,115,80
2020-08-06,US,Kansas,Kearny,57,1,0,38.00017981,-101.32168100000001,20093.0,1485.148514851485,1.7543859649122806,56,57,1,0,56,57,3943,0,0,0,0,0
2020-08-06,US,Kansas,Kingman,12,0,0,37.55909527,-98.13638678,20095.0,167.78523489932888,0.0,12,12,0,0,12,10,7310,0,0,0,0,2
2020-08-06,US,Kansas,Kiowa,7,0,0,37.55848695,-99.2856537,20097.0,282.8282828282828,0.0,7,7,0,0,7,6,2516,0,0,0,0,1
2020-08-06,US,Kansas,Labette,123,0,0,37.19113093,-95.29849679,20099.0,626.9752268325008,0.0,123,118,0,0,118,118,19964,5,0,0,5,0
2020-08-06,US,Kansas,Lane,5,0,0,38.48119447,-100.46607540000001,20101.0,325.73289902280135,0.0,5,5,0,0,5,5,1560,0,0,0,0,0
2020-08-06,US,Kansas,Leavenworth,1444,8,0,39.20183497,-95.03620809,20103.0,1766.1880182979035,0.554016620498615,1436,1444,8,0,1436,1425,81352,0,0,0,0,19
2020-08-06,US,Kansas,Lincoln,6,0,0,39.04549684,-98.20756994,20105.0,202.56583389601624,0.0,6,6,0,0,6,6,3023,0,0,0,0,0
2020-08-06,US,Kansas,Linn,36,0,0,38.21267844,-94.84254089,20107.0,371.0192723899825,0.0,36,36,0,0,36,35,9750,0,0,0,0,1
2020-08-06,US,Kansas,Logan,2,0,0,38.91735806,-101.148475,20109.0,71.58196134574086,0.0,2,2,0,0,2,2,2844,0,0,0,0,0
2020-08-06,US,Kansas,Lyon,686,13,0,38.45576156,-96.15275715,20111.0,2066.5762916101817,1.8950437317784257,673,680,13,0,667,680,33406,6,0,0,6,0
2020-08-06,US,Kansas,Marion,46,1,0,38.35855394,-97.09852509999999,20115.0,387.07505890272637,2.1739130434782608,45,46,1,0,45,46,11950,0,0,0,0,0
2020-08-06,US,Kansas,Marshall,9,0,0,39.78359669,-96.52278974,20117.0,92.71659627073248,0.0,9,9,0,0,9,9,9722,0,0,0,0,0
2020-08-06,US,Kansas,McPherson,137,1,0,38.39184858,-97.64769869,20113.0,479.99439422605286,0.7299270072992701,136,137,1,0,136,130,28537,0,0,0,0,7
2020-08-06,US,Kansas,Meade,42,0,0,37.23859987,-100.36483100000001,20119.0,1041.408380857922,0.0,42,42,0,0,42,40,4146,0,0,0,0,2
2020-08-06,US,Kansas,Miami,133,0,0,38.56383358,-94.83832189,20121.0,388.4686158249847,0.0,133,123,0,0,123,120,33680,10,0,0,10,3
2020-08-06,US,Kansas,Mitchell,27,0,0,39.39331582,-98.20906732,20123.0,451.58053186151534,0.0,27,27,0,0,27,27,6150,0,0,0,0,0
2020-08-06,US,Kansas,Montgomery,162,5,0,37.19236568,-95.74329258,20125.0,508.9698074083384,3.08641975308642,157,162,5,0,157,162,32120,0,0,0,0,0
2020-08-06,US,Kansas,Morris,11,0,0,38.68827511,-96.65128437,20127.0,195.72953736654804,0.0,11,11,0,0,11,9,5521,0,0,0,0,2
2020-08-06,US,Kansas,Morton,9,2,0,37.19141121,-101.79925190000002,20129.0,347.89331271743333,22.222222222222218,7,9,2,0,7,9,2667,0,0,0,0,0
2020-08-06,US,Kansas,Nemaha,48,1,0,39.78345387,-96.01392079,20131.0,469.16234972143485,2.083333333333333,47,48,1,0,47,48,10155,0,0,0,0,0
2020-08-06,US,Kansas,Neosho,56,0,0,37.55862897,-95.30670046,20133.0,349.84694196289115,0.0,56,56,0,0,56,53,15951,0,0,0,0,3
2020-08-06,US,Kansas,Ness,6,0,0,38.47974157,-99.91547333,20135.0,218.1818181818182,0.0,6,6,0,0,6,6,2840,0,0,0,0,0
2020-08-06,US,Kansas,Norton,23,0,0,39.78443827,-99.90286639,20137.0,429.0244357396009,0.0,23,23,0,0,23,23,5430,0,0,0,0,0
2020-08-06,US,Kansas,Osage,38,0,0,38.65235984,-95.72707998,20139.0,238.25945200326044,0.0,38,38,0,0,38,38,15941,0,0,0,0,0
2020-08-06,US,Kansas,Osborne,4,0,0,39.3503437,-98.76753828,20141.0,116.92487576731949,0.0,4,4,0,0,4,4,3475,0,0,0,0,0
2020-08-06,US,Kansas,Ottawa,32,0,0,39.13237408,-97.65020313,20143.0,561.0098176718093,0.0,32,32,0,0,32,30,5802,0,0,0,0,2
2020-08-06,US,Kansas,Pawnee,7,0,0,38.18108732,-99.23692334,20145.0,109.13626442157779,0.0,7,7,0,0,7,7,6562,0,0,0,0,0
2020-08-06,US,Kansas,Phillips,51,8,0,39.78465501,-99.34668865,20147.0,974.3981658387466,15.68627450980392,43,50,8,0,42,50,5317,1,0,0,1,0
2020-08-06,US,Kansas,Pottawatomie,106,0,0,39.37925655,-96.34564657,20149.0,434.7291145470205,0.0,106,106,0,0,106,105,24277,0,0,0,0,1
2020-08-06,US,Kansas,Pratt,33,0,0,37.64780729,-98.73922153,20151.0,360.10475774770845,0.0,33,33,0,0,33,33,9378,0,0,0,0,0
2020-08-06,US,Kansas,Reno,247,1,0,37.95230263,-98.08607292,20155.0,398.3999483854318,0.4048582995951417,246,241,1,0,240,232,62342,6,0,0,6,9
2020-08-06,US,Kansas,Republic,32,0,0,39.82799632,-97.65036709,20157.0,690.2502157031925,0.0,32,32,0,0,32,32,4664,0,0,0,0,0
2020-08-06,US,Kansas,Rice,35,0,0,38.34616184,-98.19992118,20159.0,366.9917164726853,0.0,35,35,0,0,35,30,9531,0,0,0,0,5
2020-08-06,US,Kansas,Riley,465,5,0,39.28935726,-96.73420026,20161.0,626.4144843194308,1.075268817204301,460,465,5,0,460,452,73703,0,0,0,0,13
2020-08-06,US,Kansas,Rooks,16,0,0,39.35022773,-99.32484567,20163.0,325.2032520325203,0.0,16,16,0,0,16,16,5013,0,0,0,0,0
2020-08-06,US,Kansas,Rush,6,0,0,38.52275276,-99.30863983,20165.0,197.6284584980237,0.0,6,6,0,0,6,6,3093,0,0,0,0,0
2020-08-06,US,Kansas,Russell,13,0,0,38.91462787,-98.76254297,20167.0,189.6149358226371,0.0,13,13,0,0,13,13,6907,0,0,0,0,0
2020-08-06,US,Kansas,Saline,362,5,0,38.78369175,-97.65185177,20169.0,667.6010622602538,1.3812154696132597,357,362,5,0,357,343,54401,0,0,0,0,19
2020-08-06,US,Kansas,Scott,34,0,0,38.48222076,-100.90665390000001,20171.0,704.955421936554,0.0,34,34,0,0,34,28,4897,0,0,0,0,6
2020-08-06,US,Kansas,Sedgwick,4603,44,0,37.6842718,-97.4608198,20173.0,891.9816604074863,0.9558983271779274,4559,4540,43,0,4497,4436,513607,63,1,0,62,104
2020-08-06,US,Kansas,Seward,1215,4,0,37.19324632,-100.85072009999999,20175.0,5670.15120403211,0.3292181069958848,1211,1215,4,0,1211,1204,21780,0,0,0,0,11
2020-08-06,US,Kansas,Shawnee,1494,19,0,39.04100763,-95.75572640000001,20177.0,844.6643109540636,1.2717536813922357,1475,1473,19,0,1454,1441,177499,21,0,0,21,32
2020-08-06,US,Kansas,Sheridan,7,0,0,39.35018161,-100.44182590000001,20179.0,277.66759222530743,0.0,7,7,0,0,7,7,2533,0,0,0,0,0
2020-08-06,US,Kansas,Sherman,15,0,0,39.35147699,-101.71976240000001,20181.0,253.50684468480648,0.0,15,15,0,0,15,15,5899,0,0,0,0,0
2020-08-06,US,Kansas,Smith,3,0,0,39.78516566,-98.78566062,20183.0,83.72871895060004,0.0,3,3,0,0,3,3,3603,0,0,0,0,0
2020-08-06,US,Kansas,Stafford,3,1,0,38.03100851,-98.71762001,20185.0,72.18479307025987,33.333333333333336,2,3,0,0,3,3,4178,0,1,0,-1,0
2020-08-06,US,Kansas,Stanton,16,1,0,37.56304714,-101.78435340000001,20187.0,797.6071784646061,6.25,15,16,1,0,15,16,1987,0,0,0,0,0
2020-08-06,US,Kansas,Stevens,45,0,0,37.1923008,-101.3118967,20189.0,820.4193254329991,0.0,45,45,0,0,45,44,5559,0,0,0,0,1
2020-08-06,US,Kansas,Sumner,98,3,0,37.23682549,-97.47721621,20191.0,429.14696093886846,3.0612244897959178,95,98,3,0,95,98,22996,0,0,0,0,0
2020-08-06,US,Kansas,Thomas,35,0,0,39.35107575,-101.0553705,20193.0,450.04500450045,0.0,35,35,0,0,35,33,7711,0,0,0,0,2
2020-08-06,US,Kansas,Trego,5,1,0,38.91467218,-99.87284448,20195.0,178.38030681412772,20.0,4,5,1,0,4,5,2793,0,0,0,0,0
2020-08-06,US,Kansas,Unassigned,0,1,0,0.0,0.0,90020.0,0.0,0.0,-1,0,1,0,-1,0,,0,0,0,0,0
2020-08-06,US,Kansas,Wabaunsee,42,0,0,38.95471985,-96.20350509,20197.0,605.9731640455923,0.0,42,42,0,0,42,39,6899,0,0,0,0,3
2020-08-06,US,Kansas,Washington,3,0,0,39.78420784,-97.08753229999999,20201.0,55.493895671476146,0.0,3,3,0,0,3,2,5420,0,0,0,0,1
2020-08-06,US,Kansas,Wichita,4,0,0,38.48178252,-101.3471509,20203.0,188.76828692779614,0.0,4,4,0,0,4,4,2105,0,0,0,0,0
2020-08-06,US,Kansas,Wilson,10,0,0,37.55937174,-95.74323255,20205.0,117.30205278592376,0.0,10,10,0,0,10,8,8665,0,0,0,0,2
2020-08-06,US,Kansas,Woodson,11,0,0,37.8865336,-95.74006277,20207.0,350.54174633524536,0.0,11,11,0,0,11,11,3183,0,0,0,0,0
2020-08-06,US,Kansas,Wyandotte,4740,98,0,39.11727348,-94.76378225,20209.0,2865.277551094427,2.067510548523207,4642,4674,98,0,4576,4618,165324,66,0,0,66,56
2020-08-06,US,Kentucky,Adair,205,19,0,37.10459774,-85.28129668,21001.0,1067.597125299448,9.268292682926827,186,204,19,0,185,203,19215,1,0,0,1,1
2020-08-06,US,Kentucky,Allen,224,8,0,36.75197631,-86.19457544,21003.0,1050.9031198686368,3.571428571428572,216,220,8,0,212,217,21122,4,0,0,4,3
2020-08-06,US,Kentucky,Anderson,81,1,0,38.00671029,-84.99171713,21005.0,356.09091308744013,1.2345679012345678,80,80,1,0,79,77,22663,1,0,0,1,3
2020-08-06,US,Kentucky,Ballard,32,0,0,37.05842757,-88.99427697,21007.0,405.6795131845842,0.0,32,31,0,0,31,31,7979,1,0,0,1,0
2020-08-06,US,Kentucky,Barren,355,2,0,36.96469836,-85.93338945,21009.0,802.2780175823183,0.5633802816901409,353,352,2,0,350,342,44176,3,0,0,3,10
2020-08-06,US,Kentucky,Bath,36,1,0,38.14735938,-83.74588932,21011.0,288.0,2.7777777777777777,35,36,1,0,35,36,12383,0,0,0,0,0
2020-08-06,US,Kentucky,Bell,298,3,0,36.73355174,-83.67766671,21013.0,1144.7449293177629,1.0067114093959733,295,287,2,0,285,285,26569,11,1,0,10,2
2020-08-06,US,Kentucky,Boone,1062,24,0,38.97065142,-84.72615357,21015.0,795.0232443236688,2.2598870056497176,1038,1054,24,0,1030,1048,131533,8,0,0,8,6
2020-08-06,US,Kentucky,Bourbon,75,1,0,38.2054607,-84.21827874,21017.0,379.0175864160097,1.3333333333333333,74,73,1,0,72,71,20184,2,0,0,2,2
2020-08-06,US,Kentucky,Boyd,184,3,0,38.36176608,-82.68652187,21019.0,393.85247656149664,1.6304347826086956,181,182,3,0,179,179,47240,2,0,0,2,3
2020-08-06,US,Kentucky,Boyle,149,0,0,37.62680923,-84.8633779,21021.0,495.6753160345975,0.0,149,144,0,0,144,142,30100,5,0,0,5,2
2020-08-06,US,Kentucky,Bracken,30,0,0,38.69158994,-84.08532444,21023.0,361.3151872817054,0.0,30,30,0,0,30,29,8239,0,0,0,0,1
2020-08-06,US,Kentucky,Breathitt,28,0,0,37.52333168,-83.31959161,21025.0,221.6943784639746,0.0,28,28,0,0,28,26,12726,0,0,0,0,2
2020-08-06,US,Kentucky,Breckinridge,57,2,0,37.77377239,-86.42885017,21027.0,278.3610880500073,3.5087719298245608,55,55,2,0,53,52,20388,2,0,0,2,3
2020-08-06,US,Kentucky,Bullitt,333,4,0,37.97162523,-85.68955617,21029.0,407.7085067828983,1.2012012012012012,329,329,4,0,325,318,81069,4,0,0,4,11
2020-08-06,US,Kentucky,Butler,298,15,0,37.20946153,-86.68748787,21031.0,2313.844242565417,5.033557046979865,283,297,15,0,282,296,12772,1,0,0,1,1
2020-08-06,US,Kentucky,Caldwell,49,0,0,37.14749129,-87.86948214,21033.0,384.40417353102686,0.0,49,49,0,0,49,49,12715,0,0,0,0,0
2020-08-06,US,Kentucky,Calloway,217,4,0,36.62093411,-88.2731593,21035.0,556.3959898464142,1.8433179723502304,213,202,4,0,198,198,39135,15,0,0,15,4
2020-08-06,US,Kentucky,Campbell,551,13,0,38.94384345,-84.37875208,21037.0,588.7758591212173,2.3593466424682394,538,548,13,0,535,542,93152,3,0,0,3,6
2020-08-06,US,Kentucky,Carlisle,36,1,0,36.85372876,-88.96692220000001,21039.0,756.3025210084033,2.7777777777777777,35,33,1,0,32,32,4771,3,0,0,3,1
2020-08-06,US,Kentucky,Carroll,150,2,0,38.66599534,-85.12601074,21041.0,1410.9679239958612,1.3333333333333333,148,148,2,0,146,145,10737,2,0,0,2,3
2020-08-06,US,Kentucky,Carter,101,1,0,38.31690743,-83.05092385,21043.0,376.90786282046486,0.99009900990099,100,99,1,0,98,98,27004,2,0,0,2,1
2020-08-06,US,Kentucky,Casey,161,10,0,37.32533118,-84.92726209,21045.0,996.3487839594037,6.211180124223603,151,157,10,0,147,154,15888,4,0,0,4,3
2020-08-06,US,Kentucky,Christian,481,6,0,36.89267803,-87.49055367,21047.0,682.6471381331518,1.2474012474012477,475,481,6,0,475,478,71671,0,0,0,0,3
2020-08-06,US,Kentucky,Clark,168,7,0,37.9689263,-84.14615986,21049.0,463.2821333039186,4.166666666666667,161,168,7,0,161,162,36249,0,0,0,0,6
2020-08-06,US,Kentucky,Clay,148,5,0,37.16451126,-83.712575,21051.0,743.6812220491432,3.3783783783783785,143,145,5,0,140,144,20105,3,0,0,3,1
2020-08-06,US,Kentucky,Clinton,28,0,0,36.72581156,-85.13377529,21053.0,274.0262282247015,0.0,28,27,0,0,27,27,10206,1,0,0,1,0
2020-08-06,US,Kentucky,Crittenden,28,1,0,37.35839237,-88.08826090000002,21055.0,317.9650238473768,3.571428571428572,27,26,1,0,25,26,8915,2,0,0,2,0
2020-08-06,US,Kentucky,Cumberland,46,0,0,36.78926125,-85.39050034,21057.0,695.4944058058662,0.0,46,40,0,0,40,40,6659,6,0,0,6,0
2020-08-06,US,Kentucky,Daviess,740,8,0,37.73028906,-87.09019479999998,21059.0,728.9850361044616,1.0810810810810811,732,735,8,0,727,723,101104,5,0,0,5,12
2020-08-06,US,Kentucky,Edmonson,99,12,0,37.21218923,-86.23955613,21061.0,814.8148148148148,12.12121212121212,87,96,12,0,84,96,12274,3,0,0,3,0
2020-08-06,US,Kentucky,Elliott,8,0,0,38.11624059,-83.09771563,21063.0,106.42543567912732,0.0,8,8,0,0,8,8,7508,0,0,0,0,0
2020-08-06,US,Kentucky,Estill,18,0,0,37.69241417,-83.95956369,21065.0,127.60527435133986,0.0,18,18,0,0,18,17,14198,0,0,0,0,1
2020-08-06,US,Kentucky,Fayette,2943,47,0,38.0368225,-84.45576892,21067.0,910.7169381591324,1.5970098538905884,2896,2910,46,0,2864,2851,323780,33,1,0,32,59
2020-08-06,US,Kentucky,Fleming,58,0,0,38.36758311,-83.69657514,21069.0,397.777930183115,0.0,58,57,0,0,57,57,14432,1,0,0,1,0
2020-08-06,US,Kentucky,Floyd,93,2,0,37.56213922,-82.74750924,21071.0,261.3166989800219,2.150537634408602,91,89,2,0,87,84,35845,4,0,0,4,5
2020-08-06,US,Kentucky,Franklin,278,7,0,38.2379395,-84.87962551,21073.0,545.1942499656801,2.5179856115107917,271,269,5,0,264,260,50815,9,2,0,7,9
2020-08-06,US,Kentucky,Fulton,71,1,0,36.55238827,-89.20140068,21075.0,1189.4789747026302,1.4084507042253518,70,69,1,0,68,62,6120,2,0,0,2,7
2020-08-06,US,Kentucky,Gallatin,80,8,0,38.75398691,-84.8558382,21077.0,902.0182658698841,10.0,72,79,8,0,71,79,8832,1,0,0,1,0
2020-08-06,US,Kentucky,Garrard,71,0,0,37.6388668,-84.53289319,21079.0,401.9019585644741,0.0,71,71,0,0,71,69,17560,0,0,0,0,2
2020-08-06,US,Kentucky,Grant,107,5,0,38.64962758,-84.62415957,21081.0,426.82197135904886,4.672897196261682,102,107,5,0,102,106,25121,0,0,0,0,1
2020-08-06,US,Kentucky,Graves,534,23,0,36.72292505,-88.65143315,21083.0,1432.9415553051035,4.307116104868913,511,525,22,0,503,522,37317,9,1,0,8,3
2020-08-06,US,Kentucky,Grayson,192,11,0,37.46231118,-86.34248968,21085.0,726.5296855488707,5.729166666666668,181,187,11,0,176,186,26321,5,0,0,5,1
2020-08-06,US,Kentucky,Green,31,2,0,37.26484328,-85.5540745,21087.0,283.33790329951563,6.451612903225807,29,31,2,0,29,31,11049,0,0,0,0,0
2020-08-06,US,Kentucky,Greenup,103,1,0,38.54332505,-82.9215658,21089.0,293.4640150435922,0.9708737864077671,102,102,1,0,101,94,35268,1,0,0,1,8
2020-08-06,US,Kentucky,Hancock,49,0,0,37.83766422,-86.78280584,21091.0,561.7977528089888,0.0,49,49,0,0,49,49,8758,0,0,0,0,0
2020-08-06,US,Kentucky,Hardin,566,8,0,37.6976111,-85.96319251,21093.0,510.1029218262766,1.413427561837456,558,553,8,0,545,533,110356,13,0,0,13,20
2020-08-06,US,Kentucky,Harlan,219,3,0,36.85699301,-83.21899516,21095.0,841.9838523644753,1.3698630136986298,216,214,3,0,211,212,26409,5,0,0,5,2
2020-08-06,US,Kentucky,Harrison,119,0,0,38.44188174,-84.32869741,21097.0,630.0963676797627,0.0,119,117,0,0,117,117,18778,2,0,0,2,0
2020-08-06,US,Kentucky,Hart,88,0,0,37.29943898,-85.88461055,21099.0,462.30627790911484,0.0,88,88,0,0,88,84,18906,0,0,0,0,4
2020-08-06,US,Kentucky,Henderson,334,4,0,37.79344553,-87.57392021,21101.0,738.7746073877461,1.1976047904191616,330,330,4,0,326,328,45591,4,0,0,4,2
2020-08-06,US,Kentucky,Henry,110,2,0,38.44942688,-85.11587507,21103.0,682.1282401091405,1.818181818181818,108,105,2,0,103,100,16106,5,0,0,5,5
2020-08-06,US,Kentucky,Hickman,39,0,0,36.67948079999999,-88.97875928,21105.0,890.4109589041096,0.0,39,37,0,0,37,35,4421,2,0,0,2,2
2020-08-06,US,Kentucky,Hopkins,416,33,0,37.30939025,-87.54670406,21107.0,930.9403392561427,7.9326923076923075,383,414,33,0,381,412,45068,2,0,0,2,2
2020-08-06,US,Kentucky,Jackson,145,14,0,37.41866422,-83.99825483,21109.0,1087.8535524045315,9.655172413793103,131,143,14,0,129,143,13442,2,0,0,2,0
2020-08-06,US,Kentucky,Jefferson,7666,237,0,38.18664655,-85.65931031,21111.0,999.7952415171953,3.0915731802765456,7429,7518,236,0,7282,7414,770517,148,1,0,147,104
2020-08-06,US,Kentucky,Jessamine,325,0,0,37.87119786,-84.58252003,21113.0,600.5728541069942,0.0,325,318,0,0,318,308,53920,7,0,0,7,10
2020-08-06,US,Kentucky,Johnson,46,0,0,37.85106355,-82.8264322,21115.0,207.3192716783847,0.0,46,43,0,0,43,40,22386,3,0,0,3,3
2020-08-06,US,Kentucky,Kenton,1369,39,0,38.93950319,-84.53241199,21117.0,819.7702966502593,2.8487947406866327,1330,1362,38,0,1324,1351,166051,7,1,0,6,11
2020-08-06,US,Kentucky,Knott,49,1,0,37.35388197,-82.94981134,21119.0,330.946913413481,2.0408163265306123,48,48,1,0,47,47,15126,1,0,0,1,1
2020-08-06,US,Kentucky,Knox,228,8,0,36.89225732,-83.85403396,21121.0,732.0597206614224,3.5087719298245608,220,222,8,0,214,216,31304,6,0,0,6,6
2020-08-06,US,Kentucky,Larue,53,1,0,37.54567114,-85.70138352,21123.0,368.1066814835394,1.8867924528301887,52,52,1,0,51,51,14307,1,0,0,1,1
2020-08-06,US,Kentucky,Laurel,406,4,0,37.10975748,-84.11321779,21125.0,667.6204101096805,0.9852216748768472,402,397,4,0,393,392,60669,9,0,0,9,5
2020-08-06,US,Kentucky,Lawrence,36,0,0,38.07136018,-82.72882223,21127.0,235.03296990272247,0.0,36,36,0,0,36,34,15571,0,0,0,0,2
2020-08-06,US,Kentucky,Lee,5,0,0,37.59645942,-83.71513901,21129.0,67.5401864109145,0.0,5,5,0,0,5,4,7033,0,0,0,0,1
2020-08-06,US,Kentucky,Leslie,28,0,0,37.09246661,-83.37999606,21131.0,283.48688873139616,0.0,28,28,0,0,28,27,10143,0,0,0,0,1
2020-08-06,US,Kentucky,Letcher,56,0,0,37.12306748,-82.85346474,21133.0,259.8246183825917,0.0,56,53,0,0,53,52,21899,3,0,0,3,1
2020-08-06,US,Kentucky,Lewis,37,0,0,38.53184419,-83.37735618,21135.0,278.71939736346513,0.0,37,37,0,0,37,37,13257,0,0,0,0,0
2020-08-06,US,Kentucky,Lincoln,100,1,0,37.45475628,-84.6565327,21137.0,407.3485681697829,1.0,99,99,1,0,98,99,24644,1,0,0,1,0
2020-08-06,US,Kentucky,Livingston,33,1,0,37.21137452,-88.34797529,21139.0,358.9297367848597,3.0303030303030303,32,33,1,0,32,33,9242,0,0,0,0,0
2020-08-06,US,Kentucky,Logan,315,23,0,36.85949479,-86.877635,21141.0,1162.275846800974,7.3015873015873005,292,310,23,0,287,303,26989,5,0,0,5,7
2020-08-06,US,Kentucky,Lyon,33,4,0,37.02080035,-88.07886257,21143.0,401.9488428745432,12.12121212121212,29,32,4,0,28,30,8009,1,0,0,1,2
2020-08-06,US,Kentucky,Madison,444,1,0,37.71659336,-84.27220275,21151.0,477.48610020755586,0.22522522522522526,443,426,1,0,425,411,92368,18,0,0,18,15
2020-08-06,US,Kentucky,Magoffin,34,0,0,37.70820545,-83.0657714,21153.0,279.58227119480307,0.0,34,31,0,0,31,30,12362,3,0,0,3,1
2020-08-06,US,Kentucky,Marion,119,0,0,37.55218078,-85.26898542,21155.0,617.4440927722721,0.0,119,117,0,0,117,113,19404,2,0,0,2,4
2020-08-06,US,Kentucky,Marshall,131,2,0,36.88007070000001,-88.32803576,21157.0,421.2218649517685,1.5267175572519085,129,128,2,0,126,128,31191,3,0,0,3,0
2020-08-06,US,Kentucky,Martin,34,0,0,37.79990579,-82.51247478,21159.0,303.7070120589549,0.0,34,33,0,0,33,32,11323,1,0,0,1,1
2020-08-06,US,Kentucky,Mason,53,1,0,38.59471935,-83.82151043,21161.0,310.48623315758635,1.8867924528301887,52,53,1,0,52,53,17150,0,0,0,0,0
2020-08-06,US,Kentucky,McCracken,355,4,0,37.05350953,-88.70445755,21145.0,542.6640985661438,1.1267605633802815,351,348,4,0,344,344,65346,7,0,0,7,4
2020-08-06,US,Kentucky,McCreary,37,0,0,36.73874143,-84.48102924,21147.0,214.72926701874528,0.0,37,37,0,0,37,37,17408,0,0,0,0,0
2020-08-06,US,Kentucky,McLean,43,1,0,37.5301951,-87.26803443,21149.0,467.0359509069186,2.3255813953488373,42,41,1,0,40,40,9252,2,0,0,2,1
2020-08-06,US,Kentucky,Meade,93,2,0,37.96163597,-86.21028219,21163.0,325.49349013019736,2.150537634408602,91,91,2,0,89,91,28715,2,0,0,2,0
2020-08-06,US,Kentucky,Menifee,29,0,0,37.94090733,-83.59985712,21165.0,446.9101556480197,0.0,29,29,0,0,29,29,6451,0,0,0,0,0
2020-08-06,US,Kentucky,Mercer,80,0,0,37.81474237,-84.87488475,21167.0,364.7471846076688,0.0,80,80,0,0,80,77,21774,0,0,0,0,3
2020-08-06,US,Kentucky,Metcalfe,57,2,0,36.99459295,-85.63123699,21169.0,565.9815311289842,3.5087719298245608,55,56,2,0,54,53,10030,1,0,0,1,3
2020-08-06,US,Kentucky,Monroe,93,2,0,36.71225341,-85.71596443,21171.0,873.2394366197183,2.150537634408602,91,90,2,0,88,89,10718,3,0,0,3,1
2020-08-06,US,Kentucky,Montgomery,116,0,0,38.03253032,-83.9145241,21173.0,411.97570763930815,0.0,116,115,0,0,115,114,28203,1,0,0,1,1
2020-08-06,US,Kentucky,Morgan,30,0,0,37.92465657,-83.25558245,21175.0,225.4113757607634,0.0,30,30,0,0,30,30,13345,0,0,0,0,0
2020-08-06,US,Kentucky,Muhlenberg,622,10,0,37.21425819,-87.14632053,21177.0,2031.219384756057,1.6077170418006432,612,622,10,0,612,618,30774,0,0,0,0,4
2020-08-06,US,Kentucky,Nelson,205,2,0,37.80335779,-85.4657193,21179.0,443.40622499080735,0.975609756097561,203,203,2,0,201,197,45851,2,0,0,2,6
2020-08-06,US,Kentucky,Nicholas,20,0,0,38.33342292,-84.01889177,21181.0,275.14100976750586,0.0,20,20,0,0,20,20,7166,0,0,0,0,0
2020-08-06,US,Kentucky,Ohio,345,8,0,37.47751843,-86.85368087,21183.0,1437.8594648662165,2.318840579710145,337,344,7,0,337,341,24087,1,1,0,0,3
2020-08-06,US,Kentucky,Oldham,596,14,0,38.39791089,-85.448222,21185.0,892.2289255827181,2.348993288590604,582,586,14,0,572,582,66470,10,0,0,10,4
2020-08-06,US,Kentucky,Owen,44,0,0,38.51679143,-84.82404619,21187.0,403.6326942482341,0.0,44,43,0,0,43,43,10880,1,0,0,1,0
2020-08-06,US,Kentucky,Owsley,12,0,0,37.42823949,-83.68811419,21189.0,271.8006795016988,0.0,12,12,0,0,12,10,4472,0,0,0,0,2
2020-08-06,US,Kentucky,Pendleton,43,0,0,38.69607718,-84.35599463,21191.0,294.72241261137765,0.0,43,41,0,0,41,36,14529,2,0,0,2,5
2020-08-06,US,Kentucky,Perry,203,3,0,37.25023553,-83.22922731,21193.0,788.1046665113753,1.477832512315271,200,200,3,0,197,193,26092,3,0,0,3,7
2020-08-06,US,Kentucky,Pike,233,3,0,37.47088263,-82.39487445,21195.0,402.5848365471007,1.2875536480686696,230,233,3,0,230,224,58402,0,0,0,0,9
2020-08-06,US,Kentucky,Powell,51,0,0,37.83218794,-83.82553961,21197.0,412.6547455295736,0.0,51,50,0,0,50,49,12442,1,0,0,1,1
2020-08-06,US,Kentucky,Pulaski,268,2,0,37.10466131,-84.57629079,21199.0,412.4409424583327,0.746268656716418,266,263,2,0,261,263,64623,5,0,0,5,0
2020-08-06,US,Kentucky,Robertson,3,0,0,38.51923469,-84.05055616,21201.0,142.31499051233396,0.0,3,3,0,0,3,3,2135,0,0,0,0,0
2020-08-06,US,Kentucky,Rockcastle,62,0,0,37.36642393,-84.31176452,21203.0,371.3686732554657,0.0,62,61,0,0,61,61,16750,1,0,0,1,0
2020-08-06,US,Kentucky,Rowan,69,0,0,38.19484205,-83.42088935,21205.0,282.09321340964834,0.0,69,69,0,0,69,69,24583,0,0,0,0,0
2020-08-06,US,Kentucky,Russell,101,5,0,36.99308373,-85.06070117,21207.0,563.5217318529265,4.950495049504951,96,100,5,0,95,100,17821,1,0,0,1,0
2020-08-06,US,Kentucky,Scott,356,0,0,38.29622293,-84.5816631,21209.0,624.5175777138446,0.0,356,356,0,0,356,346,56031,0,0,0,0,10
2020-08-06,US,Kentucky,Shelby,732,22,0,38.21476019,-85.194223,21211.0,1493.1462140992166,3.0054644808743167,710,725,22,0,703,720,48518,7,0,0,7,5
2020-08-06,US,Kentucky,Simpson,146,7,0,36.74058474,-86.58047435,21213.0,786.1296575489986,4.794520547945205,139,145,7,0,138,142,18529,1,0,0,1,3
2020-08-06,US,Kentucky,Spencer,112,0,0,38.03223971,-85.32749335,21215.0,578.7814583225672,0.0,112,110,0,0,110,107,18794,2,0,0,2,3
2020-08-06,US,Kentucky,Taylor,106,2,0,37.3677562,-85.3329931,21217.0,411.3469672862742,1.8867924528301887,104,105,2,0,103,104,25549,1,0,0,1,1
2020-08-06,US,Kentucky,Todd,34,0,0,36.8381152,-87.17878374,21219.0,276.55767040832933,0.0,34,34,0,0,34,33,12311,0,0,0,0,1
2020-08-06,US,Kentucky,Trigg,54,0,0,36.80767017,-87.87333656,21221.0,368.57552385502714,0.0,54,53,0,0,53,53,14643,1,0,0,1,0
2020-08-06,US,Kentucky,Trimble,33,0,0,38.61056487,-85.33775972,21223.0,389.564396175186,0.0,33,32,0,0,32,32,8515,1,0,0,1,0
2020-08-06,US,Kentucky,Union,62,0,0,37.66166713,-87.94300009,21225.0,431.12440025033027,0.0,62,58,0,0,58,57,14505,4,0,0,4,1
2020-08-06,US,Kentucky,Warren,2556,22,0,36.99903045,-86.42672751,21227.0,1923.308451721647,0.8607198748043818,2534,2537,22,0,2515,2485,131264,19,0,0,19,52
2020-08-06,US,Kentucky,Washington,72,0,0,37.75599461,-85.17407732,21229.0,595.2873088052912,0.0,72,66,0,0,66,65,12084,6,0,0,6,1
2020-08-06,US,Kentucky,Wayne,53,0,0,36.80310688,-84.8251971,21231.0,260.6600108198495,0.0,53,53,0,0,53,53,20468,0,0,0,0,0
2020-08-06,US,Kentucky,Webster,84,1,0,37.52168356,-87.67989953,21233.0,649.0496059341679,1.1904761904761905,83,83,1,0,82,83,13111,1,0,0,1,0
2020-08-06,US,Kentucky,Whitley,162,1,0,36.75700531,-84.14541217,21235.0,446.7240238252813,0.6172839506172839,161,155,1,0,154,148,36242,7,0,0,7,7
2020-08-06,US,Kentucky,Wolfe,12,0,0,37.73941626,-83.49303612,21237.0,167.66801732569513,0.0,12,11,0,0,11,11,7177,1,0,0,1,0
2020-08-06,US,Kentucky,Woodford,148,0,0,38.04178222,-84.7417556,21239.0,553.6021545597366,0.0,148,142,0,0,142,135,26533,6,0,0,6,7
2020-08-06,US,Louisiana,Acadia,2555,79,0,30.2950649,-92.41419698,22001.0,4117.978886292207,3.0919765166340514,2476,2536,77,0,2459,2513,62190,19,2,0,17,23
2020-08-06,US,Louisiana,Allen,1232,28,0,30.65385745,-92.82442028,22003.0,4807.429664026223,2.272727272727273,1204,1219,26,0,1193,1210,25605,13,2,0,11,9
2020-08-06,US,Louisiana,Ascension,2768,71,0,30.20406249,-90.91328409999998,22005.0,2186.344823228334,2.5650289017341037,2697,2725,71,0,2654,2681,124672,43,0,0,43,44
2020-08-06,US,Louisiana,Assumption,569,20,0,29.89946234,-91.06461642,22007.0,2599.241697501256,3.5149384885764503,549,561,20,0,541,557,22300,8,0,0,8,4
2020-08-06,US,Louisiana,Avoyelles,1002,29,0,31.07796211,-92.00079449,22009.0,2496.014348345955,2.8942115768463075,973,987,29,0,958,981,40462,15,0,0,15,6
2020-08-06,US,Louisiana,Beauregard,814,17,0,30.64836518,-93.34173616,22011.0,2170.840333893378,2.0884520884520885,797,800,17,0,783,797,37253,14,0,0,14,3
2020-08-06,US,Louisiana,Bienville,362,30,0,32.34569994,-93.05398492,22013.0,2733.932482440903,8.287292817679559,332,359,30,0,329,354,13308,3,0,0,3,5
2020-08-06,US,Louisiana,Bossier,2295,75,0,32.67932307,-93.60460152,22015.0,1806.531852423272,3.2679738562091503,2220,2275,75,0,2200,2192,127185,20,0,0,20,83
2020-08-06,US,Louisiana,Caddo,6566,289,0,32.57991587,-93.88375652,22017.0,2733.509849960866,4.401462077368262,6277,6516,286,0,6230,6324,242922,50,3,0,47,192
2020-08-06,US,Louisiana,Calcasieu,6695,130,0,30.22931235,-93.35400434,22019.0,3290.9612851216107,1.9417475728155342,6565,6641,127,0,6514,6594,203112,54,3,0,51,47
2020-08-06,US,Louisiana,Caldwell,207,2,0,32.0902519,-92.11752148,22021.0,2087.1143375680576,0.966183574879227,205,203,2,0,201,202,9960,4,0,0,4,1
2020-08-06,US,Louisiana,Cameron,167,0,0,29.87592238,-93.19310676,22023.0,2394.951957550552,0.0,167,167,0,0,167,167,6968,0,0,0,0,0
2020-08-06,US,Louisiana,Catahoula,276,5,0,31.66778967,-91.84526385,22025.0,2907.099220560354,1.8115942028985508,271,273,5,0,268,267,9608,3,0,0,3,6
2020-08-06,US,Louisiana,Claiborne,241,11,0,32.82308512,-92.99526883,22027.0,1537.970644543714,4.564315352697094,230,237,11,0,226,227,15944,4,0,0,4,10
2020-08-06,US,Louisiana,Concordia,300,9,0,31.44817835,-91.63814433,22029.0,1557.7132769094974,3.0,291,298,8,0,290,296,19572,2,1,0,1,2
2020-08-06,US,Louisiana,De Soto,705,26,0,32.05457447,-93.74130302,22031.0,2567.090266904563,3.687943262411348,679,696,26,0,670,675,27436,9,0,0,9,21
2020-08-06,US,Louisiana,East Baton Rouge,11736,338,0,30.53842039,-91.09777565,22033.0,2666.91511820006,2.880027266530334,11398,11590,332,0,11258,11444,440956,146,6,0,140,146
2020-08-06,US,Louisiana,East Carroll,514,1,0,32.73926954,-91.23425694,22035.0,7491.619297478503,0.19455252918287935,513,511,1,0,510,510,7037,3,0,0,3,1
2020-08-06,US,Louisiana,East Feliciana,550,35,0,30.84425359,-91.04976723,22037.0,2874.3140841390123,6.363636363636362,515,542,35,0,507,532,19305,8,0,0,8,10
2020-08-06,US,Louisiana,Evangeline,835,3,0,30.72985248,-92.39915924,22039.0,2500.374307531068,0.3592814371257485,832,817,2,0,815,805,33443,18,1,0,17,12
2020-08-06,US,Louisiana,Franklin,875,17,0,32.13675181,-91.67589857,22041.0,4371.72120909318,1.9428571428571428,858,860,17,0,843,850,20156,15,0,0,15,10
2020-08-06,US,Louisiana,Grant,292,16,0,31.59882456,-92.56124347,22043.0,1304.2118897672965,5.479452054794519,276,288,14,0,274,284,22482,4,2,0,2,4
2020-08-06,US,Louisiana,Iberia,2436,70,0,29.86803617,-91.75871777,22045.0,3488.4720034369184,2.8735632183908044,2366,2412,69,0,2343,2408,70941,24,1,0,23,4
2020-08-06,US,Louisiana,Iberville,1191,47,0,30.25734305,-91.3499598,22047.0,3663.375472916859,3.9462636439966414,1144,1184,47,0,1137,1170,32721,7,0,0,7,14
2020-08-06,US,Louisiana,Jackson,368,18,0,32.30251776,-92.55692092,22049.0,2337.39837398374,4.891304347826087,350,366,18,0,348,361,15902,2,0,0,2,5
2020-08-06,US,Louisiana,Jefferson,15002,521,0,29.74075478,-90.11115756,22051.0,3468.726661471977,3.4728702839621386,14481,14914,520,0,14394,14795,434051,88,1,0,87,119
2020-08-06,US,Louisiana,Jefferson Davis,996,26,0,30.26896765,-92.81210004,22053.0,3175.210405508799,2.6104417670682727,970,983,24,0,959,974,31582,13,2,0,11,9
2020-08-06,US,Louisiana,LaSalle,268,2,0,31.67884782,-92.15907765,22059.0,1799.6239591727106,0.746268656716418,266,259,2,0,257,248,14917,9,0,0,9,11
2020-08-06,US,Louisiana,Lafayette,7424,91,0,30.2049055,-92.06959876,22055.0,3037.767502761979,1.2257543103448276,7333,7344,89,0,7255,7280,242782,80,2,0,78,64
2020-08-06,US,Louisiana,Lafourche,2719,96,0,29.52470226,-90.40976986,22057.0,2785.4611018911223,3.5307098197866864,2623,2684,96,0,2588,2656,98115,35,0,0,35,28
2020-08-06,US,Louisiana,Lincoln,754,28,0,32.6003154,-92.6659741,22061.0,1613.1102648581573,3.713527851458886,726,744,24,0,720,733,47196,10,4,0,6,11
2020-08-06,US,Louisiana,Livingston,2800,50,0,30.44143993,-90.73061664,22063.0,1988.7917379908945,1.7857142857142858,2750,2754,49,0,2705,2718,139567,46,1,0,45,36
2020-08-06,US,Louisiana,Madison,601,6,0,32.36918118,-91.23973355,22065.0,5488.083280065747,0.9983361064891848,595,596,6,0,590,585,11161,5,0,0,5,11
2020-08-06,US,Louisiana,Morehouse,479,11,0,32.81686191,-91.80421614,22067.0,1925.7055560022518,2.2964509394572024,468,467,11,0,456,461,25398,12,0,0,12,6
2020-08-06,US,Louisiana,Natchitoches,747,17,0,31.72321584,-93.09816516,22069.0,1957.649772000629,2.275769745649264,730,737,17,0,720,716,38659,10,0,0,10,21
2020-08-06,US,Louisiana,Orleans,10573,561,0,30.06971951,-89.92660315,22071.0,2710.0250164041995,5.305968031779059,10012,10526,560,0,9966,10487,391006,47,1,0,46,39
2020-08-06,US,Louisiana,Ouachita,4709,109,0,32.47645559,-92.15704172,22073.0,3072.175575258189,2.3147165003185393,4600,4644,107,0,4537,4592,154475,65,2,0,63,52
2020-08-06,US,Louisiana,Plaquemines,432,19,0,29.42245447,-89.60322085,22075.0,1862.3097814372547,4.398148148148149,413,430,19,0,411,428,23410,2,0,0,2,2
2020-08-06,US,Louisiana,Pointe Coupee,769,32,0,30.71409502,-91.60209535,22077.0,3538.886332259549,4.161248374512353,737,762,32,0,730,747,21940,7,0,0,7,15
2020-08-06,US,Louisiana,Rapides,3194,112,0,31.19778499,-92.52997303,22079.0,2463.5937307170184,3.5065748278021287,3082,3155,111,0,3044,3126,130562,39,1,0,38,29
2020-08-06,US,Louisiana,Red River,211,11,0,32.09530039,-93.34213308,22081.0,2499.40772328832,5.213270142180095,200,209,11,0,198,192,8477,2,0,0,2,17
2020-08-06,US,Louisiana,Richland,577,7,0,32.41391005,-91.76634876,22083.0,2867.508199980121,1.2131715771230502,570,560,6,0,554,551,20192,17,1,0,16,9
2020-08-06,US,Louisiana,Sabine,611,10,0,31.56388699,-93.55433981,22085.0,2558.197956791157,1.6366612111292962,601,605,10,0,595,585,24032,6,0,0,6,20
2020-08-06,US,Louisiana,St. Bernard,1081,24,0,29.87761636,-89.51887093,22087.0,2288.1212429091524,2.2201665124884364,1057,1067,24,0,1043,1058,46721,14,0,0,14,9
2020-08-06,US,Louisiana,St. Charles,1424,51,0,29.90709658,-90.35555967,22089.0,2681.7325800376652,3.581460674157303,1373,1419,50,0,1369,1397,52879,5,1,0,4,22
2020-08-06,US,Louisiana,St. Helena,253,1,0,30.82210324,-90.71013176,22091.0,2497.039084090012,0.3952569169960474,252,251,1,0,250,247,10262,2,0,0,2,4
2020-08-06,US,Louisiana,St. James,681,32,0,30.02531716,-90.80212061,22093.0,3228.1001137656426,4.698972099853157,649,674,32,0,642,667,21037,7,0,0,7,7
2020-08-06,US,Louisiana,St. John the Baptist,1399,91,0,30.12597499,-90.4753503,22095.0,3265.8682914303054,6.504646175839887,1308,1386,89,0,1297,1374,43184,13,2,0,11,12
2020-08-06,US,Louisiana,St. Landry,2583,83,0,30.59724262,-92.00135806,22097.0,3145.243777702012,3.213317847464189,2500,2556,81,0,2475,2530,82764,27,2,0,25,26
2020-08-06,US,Louisiana,St. Martin,1609,43,0,30.13112107,-91.61403569,22099.0,3011.3604461829277,2.672467371037912,1566,1590,43,0,1547,1580,53621,19,0,0,19,10
2020-08-06,US,Louisiana,St. Mary,1527,51,0,29.69262097,-91.44702164,22101.0,3094.3503282807815,3.3398821218074657,1476,1511,51,0,1460,1504,49774,16,0,0,16,7
2020-08-06,US,Louisiana,St. Tammany,4993,208,0,30.40942847,-89.95642711,22103.0,1917.2948210384038,4.165832165031043,4785,4939,208,0,4731,4884,258111,54,0,0,54,55
2020-08-06,US,Louisiana,Tangipahoa,3332,69,0,30.62888673,-90.40664996,22105.0,2472.5804775968772,2.070828331332533,3263,3291,69,0,3222,3223,133777,41,0,0,41,68
2020-08-06,US,Louisiana,Tensas,68,0,0,32.00760749,-91.32915234,22107.0,1568.9893862482693,0.0,68,68,0,0,68,68,4462,0,0,0,0,0
2020-08-06,US,Louisiana,Terrebonne,2941,84,0,29.37343766,-90.82626855,22109.0,2662.478159712478,2.8561713702822167,2857,2899,80,0,2819,2866,111021,42,4,0,38,33
2020-08-06,US,Louisiana,Unassigned,212,118,0,0.0,0.0,90022.0,0.0,55.660377358490564,94,217,118,0,99,218,,-5,0,0,-5,-1
2020-08-06,US,Louisiana,Union,669,33,0,32.83121059,-92.3749373,22111.0,3026.0539171340693,4.932735426008969,636,652,33,0,619,646,22330,17,0,0,17,6
2020-08-06,US,Louisiana,Vermilion,1513,22,0,29.83517605,-92.30292538,22113.0,2542.387121708592,1.4540647719762063,1491,1493,20,0,1473,1467,59830,20,2,0,18,26
2020-08-06,US,Louisiana,Vernon,739,25,0,31.10884837,-93.18153838,22115.0,1558.118450736891,3.3829499323410013,714,733,23,0,710,732,48860,6,2,0,4,1
2020-08-06,US,Louisiana,Washington,1235,58,0,30.85288548,-90.03866652,22117.0,2673.5073819110708,4.696356275303644,1177,1220,58,0,1162,1211,46582,15,0,0,15,9
2020-08-06,US,Louisiana,Webster,861,14,0,32.70847669,-93.33121835,22119.0,2245.696400625978,1.6260162601626016,847,855,13,0,842,840,38798,6,1,0,5,15
2020-08-06,US,Louisiana,West Baton Rouge,689,36,0,30.46058217,-91.30989571,22121.0,2603.4385036841118,5.2249637155297535,653,678,36,0,642,675,26427,11,0,0,11,3
2020-08-06,US,Louisiana,West Carroll,277,5,0,32.78550125,-91.461201,22123.0,2557.7100646352724,1.8050541516245489,272,275,5,0,270,272,10982,2,0,0,2,3
2020-08-06,US,Louisiana,West Feliciana,333,16,0,30.87882871,-91.4148538,22125.0,2139.003083247688,4.804804804804805,317,332,16,0,316,328,15460,1,0,0,1,4
2020-08-06,US,Louisiana,Winn,410,7,0,31.94449367,-92.63789413,22127.0,2948.7917146145,1.7073170731707317,403,401,7,0,394,399,14134,9,0,0,9,2
2020-08-06,US,Maine,Androscoggin,548,7,0,44.1664747,-70.20380627,23001.0,506.10933069811693,1.2773722627737227,541,549,7,0,542,548,107679,-1,0,0,-1,1
2020-08-06,US,Maine,Aroostook,33,1,0,46.65926321,-68.59841248,23003.0,49.21333233912461,3.0303030303030303,32,32,1,0,31,32,67111,1,0,0,1,0
2020-08-06,US,Maine,Cumberland,2070,69,0,43.8370751,-70.37226999,23005.0,701.6877794463107,3.333333333333333,2001,2066,69,0,1997,2061,293557,4,0,0,4,5
2020-08-06,US,Maine,Franklin,45,1,0,44.97330019,-70.44381045,23007.0,149.01155667406206,2.2222222222222223,44,45,1,0,44,45,29897,0,0,0,0,0
2020-08-06,US,Maine,Hancock,35,1,0,44.59816444,-68.38401854,23009.0,63.65140851473985,2.8571428571428568,34,36,1,0,35,34,54811,-1,0,0,-1,2
2020-08-06,US,Maine,Kennebec,169,11,0,44.40759555,-69.76738544,23011.0,138.18253176562934,6.508875739644972,158,169,11,0,158,169,122083,0,0,0,0,0
2020-08-06,US,Maine,Knox,27,1,0,44.11486325,-69.10529169,23013.0,67.88695564718898,3.703703703703704,26,27,1,0,26,26,39771,0,0,0,0,1
2020-08-06,US,Maine,Lincoln,34,1,0,44.05996956,-69.54227124,23015.0,98.16942888491079,2.9411764705882355,33,33,1,0,32,34,34342,1,0,0,1,-1
2020-08-06,US,Maine,Oxford,54,0,0,44.49952995,-70.75682123,23017.0,93.14359637774905,0.0,54,54,0,0,54,54,57618,0,0,0,0,0
2020-08-06,US,Maine,Penobscot,152,5,0,45.40194593,-68.65020455,23019.0,99.90272629282015,3.2894736842105265,147,150,5,0,145,150,151096,2,0,0,2,0
2020-08-06,US,Maine,Piscataquis,3,0,0,45.83839062,-69.2860223,23021.0,17.873100983020553,0.0,3,3,0,0,3,3,16800,0,0,0,0,0
2020-08-06,US,Maine,Sagadahoc,54,0,0,43.95415864,-69.85074999,23023.0,150.60240963855418,0.0,54,54,0,0,54,51,35634,0,0,0,0,3
2020-08-06,US,Maine,Somerset,33,1,0,45.51229767,-69.95995554,23025.0,65.36724506774425,3.0303030303030303,32,34,1,0,33,34,50592,-1,0,0,-1,0
2020-08-06,US,Maine,Unassigned,2,0,0,0.0,0.0,90023.0,0.0,0.0,2,2,0,0,2,2,,0,0,0,0,0
2020-08-06,US,Maine,Waldo,62,14,0,44.4858305,-69.12061935,23027.0,156.11230013848672,22.580645161290327,48,62,14,0,48,62,39694,0,0,0,0,0
2020-08-06,US,Maine,Washington,12,0,0,45.01607142,-67.62813524,23029.0,38.242136460690276,0.0,12,12,0,0,12,12,31490,0,0,0,0,0
2020-08-06,US,Maine,York,666,12,0,43.47808377,-70.71052375,23031.0,320.74590278413217,1.8018018018018016,654,666,12,0,654,660,206229,0,0,0,0,6
2020-08-06,US,Maryland,Allegany,279,18,0,39.62357628,-78.69280486,24001.0,396.2167689161554,6.451612903225807,261,276,18,0,258,276,70975,3,0,0,3,0
2020-08-06,US,Maryland,Anne Arundel,7200,220,0,39.00670238,-76.60329337,24003.0,1243.020955261604,3.055555555555556,6980,7114,220,0,6894,7071,576031,86,0,0,86,43
2020-08-06,US,Maryland,Baltimore,12777,557,0,39.45784712,-76.62911955,24005.0,1544.290946009645,4.3593957893089135,12220,12666,555,0,12111,12525,828431,111,2,0,109,141
2020-08-06,US,Maryland,Baltimore City,12075,422,0,39.30211911,-76.61151012,24510.0,2034.5751402719507,3.494824016563147,11653,11953,421,0,11532,11844,621342,122,1,0,121,109
2020-08-06,US,Maryland,Calvert,667,28,0,38.53961642,-76.56820632,24009.0,720.886246960281,4.197901049475262,639,660,28,0,632,649,92003,7,0,0,7,11
2020-08-06,US,Maryland,Caroline,444,3,0,38.87172293,-75.82904158,24011.0,1329.1025564269894,0.6756756756756757,441,441,3,0,438,439,33304,3,0,0,3,2
2020-08-06,US,Maryland,Carroll,1516,117,0,39.56453592,-77.02373735,24013.0,899.9863458535921,7.7176781002638535,1399,1511,117,0,1394,1503,168429,5,0,0,5,8
2020-08-06,US,Maryland,Cecil,681,30,0,39.56647682,-75.94627411,24015.0,662.0971270234796,4.405286343612334,651,672,30,0,642,662,102826,9,0,0,9,10
2020-08-06,US,Maryland,Charles,1961,91,0,38.51092331,-76.98580666,24017.0,1201.1736097073938,4.640489546149922,1870,1947,91,0,1856,1932,161503,14,0,0,14,15
2020-08-06,US,Maryland,Dorchester,360,5,0,38.45413522,-76.02752426,24019.0,1127.5016442732312,1.3888888888888888,355,353,5,0,348,352,31998,7,0,0,7,1
2020-08-06,US,Maryland,Frederick,3032,121,0,39.47296601,-77.39999394,24021.0,1168.1891911676885,3.9907651715039583,2911,3020,121,0,2899,3016,255648,12,0,0,12,4
2020-08-06,US,Maryland,Garrett,45,0,0,39.52786077,-79.27355126,24023.0,155.097539119046,0.0,45,45,0,0,45,44,29163,0,0,0,0,1
2020-08-06,US,Maryland,Harford,1906,69,0,39.55010644,-76.30775940000002,24025.0,746.1605615386724,3.6201469045120667,1837,1878,69,0,1809,1863,253956,28,0,0,28,15
2020-08-06,US,Maryland,Howard,3729,106,0,39.25305293,-76.93126208,24027.0,1144.9537904141976,2.842585143470098,3623,3717,106,0,3611,3690,323196,12,0,0,12,27
2020-08-06,US,Maryland,Kent,236,23,0,39.24976208,-76.04741541,24029.0,1215.1168777674802,9.745762711864408,213,235,23,0,212,235,19383,1,0,0,1,0
2020-08-06,US,Maryland,Montgomery,18032,797,0,39.13676329,-77.20358245,24031.0,1716.2088079429861,4.419920141969832,17235,17976,794,0,17182,17910,1052567,56,3,0,53,66
2020-08-06,US,Maryland,Prince George's,23225,748,0,38.83070039,-76.8496441,24033.0,2554.0867036830537,3.2206673842841766,22477,23156,746,0,22410,23082,909308,69,2,0,67,74
2020-08-06,US,Maryland,Queen Anne's,406,25,0,39.06198912,-76.03530977,24035.0,805.8593517397431,6.157635467980295,381,402,25,0,377,399,50251,4,0,0,4,3
2020-08-06,US,Maryland,Somerset,130,3,0,38.1163542,-75.75118623,24039.0,507.4953154278576,2.3076923076923075,127,129,3,0,126,129,25675,1,0,0,1,0
2020-08-06,US,Maryland,St. Mary's,951,52,0,38.30058422,-76.60629279999998,24037.0,837.8116465509648,5.467928496319663,899,945,52,0,893,931,112664,6,0,0,6,14
2020-08-06,US,Maryland,Talbot,371,4,0,38.76618159,-76.10882561,24041.0,997.8214679540623,1.0781671159029649,367,369,4,0,365,368,36968,2,0,0,2,1
2020-08-06,US,Maryland,Unassigned,0,16,0,0.0,0.0,90024.0,0.0,0.0,-16,0,10,0,-10,0,,0,6,0,-6,0
2020-08-06,US,Maryland,Washington,996,31,0,39.60835778,-77.82002295,24043.0,659.3886751981145,3.1124497991967868,965,989,31,0,958,986,150926,7,0,0,7,3
2020-08-06,US,Maryland,Wicomico,1322,45,0,38.37301947,-75.62705831,24045.0,1275.950930903686,3.40393343419062,1277,1316,44,0,1272,1309,103195,6,1,0,5,7
2020-08-06,US,Maryland,Worcester,664,20,0,38.21274277,-75.33200012,24047.0,1270.1813451679548,3.0120481927710845,644,656,20,0,636,639,51823,8,0,0,8,17
2020-08-06,US,Massachusetts,Barnstable,1783,157,0,41.72980578,-70.28854339,25001.0,837.1285036856191,8.80538418395962,1626,1778,157,0,1621,1770,213413,5,0,0,5,8
2020-08-06,US,Massachusetts,Berkshire,666,46,0,42.37428441,-73.20524838,25003.0,533.0388013830196,6.906906906906907,620,664,46,0,618,661,126348,2,0,0,2,3
2020-08-06,US,Massachusetts,Bristol,9272,629,0,41.79228404,-71.10872211,25005.0,1640.4319049143958,6.783865401207937,8643,9255,626,0,8629,9224,564022,17,3,0,14,31
2020-08-06,US,Massachusetts,Dukes and Nantucket,100,1,0,41.40674725,-70.68763497,0.0,348.0561066443911,1.0,99,100,1,0,99,99,26707,0,0,0,0,1
2020-08-06,US,Massachusetts,Essex,17617,1190,0,42.6687626,-70.94687179,25009.0,2232.7301485107105,6.754839075892604,16427,17571,1186,0,16385,17494,790638,46,4,0,42,77
2020-08-06,US,Massachusetts,Franklin,409,61,0,42.58119713,-72.58602547,25011.0,582.7871188372758,14.91442542787286,348,407,61,0,346,406,70963,2,0,0,2,1
2020-08-06,US,Massachusetts,Hampden,7541,700,0,42.13440424,-72.63235561,25013.0,1616.9495595790484,9.282588516111922,6841,7518,699,0,6819,7499,470406,23,1,0,22,19
2020-08-06,US,Massachusetts,Hampshire,1158,128,0,42.33997957,-72.65898478,25015.0,720.0149225890692,11.053540587219343,1030,1150,127,0,1023,1145,161355,8,1,0,7,5
2020-08-06,US,Massachusetts,Middlesex,26156,1998,0,42.48607732,-71.39049229,25017.0,1622.8836774112287,7.638782688484478,24158,26109,1989,0,24120,26027,1614714,47,9,0,38,82
2020-08-06,US,Massachusetts,Norfolk,10515,994,0,42.16073095,-71.20530408,25021.0,1487.7436242085528,9.45316214931051,9521,10488,991,0,9497,10447,705388,27,3,0,24,41
2020-08-06,US,Massachusetts,Plymouth,9193,717,0,41.94070556,-70.80802823,25023.0,1763.8075064946024,7.799412596540847,8476,9185,714,0,8471,9163,518132,8,3,0,5,22
2020-08-06,US,Massachusetts,Suffolk,21631,1066,0,42.327951399999996,-71.07850442,25025.0,2690.7341272062563,4.928112431232953,20565,21579,1063,0,20516,21481,807252,52,3,0,49,98
2020-08-06,US,Massachusetts,Unassigned,308,6,0,0.0,0.0,90025.0,0.0,1.9480519480519483,302,342,6,0,336,318,,-34,0,0,-34,24
2020-08-06,US,Massachusetts,Worcester,13525,998,0,42.35026951,-71.90493363,25027.0,1628.2978298190994,7.378927911275415,12527,13497,993,0,12504,13469,830839,28,5,0,23,28
2020-08-06,US,Michigan,Alcona,28,1,0,44.6846864,-83.59507875,26001.0,269.1013935607881,3.571428571428572,27,28,1,0,27,28,10362,0,0,0,0,0
2020-08-06,US,Michigan,Alger,8,0,0,46.41292944,-86.60260122,26003.0,87.83487044356609,0.0,8,8,0,0,8,8,9097,0,0,0,0,0
2020-08-06,US,Michigan,Allegan,507,7,0,42.59147037,-85.89102866,26005.0,429.3662824671201,1.3806706114398422,500,504,7,0,497,505,117327,3,0,0,3,-1
2020-08-06,US,Michigan,Alpena,127,13,0,45.03477666,-83.62212411,26007.0,447.1043830311565,10.236220472440944,114,127,13,0,114,125,28360,0,0,0,0,2
2020-08-06,US,Michigan,Antrim,40,0,0,44.99690221,-85.15503082,26009.0,171.49717029669011,0.0,40,40,0,0,40,39,23365,0,0,0,0,1
2020-08-06,US,Michigan,Arenac,41,3,0,44.0636262,-83.89277559,26011.0,275.4820936639118,7.317073170731707,38,41,3,0,38,41,15041,0,0,0,0,0
2020-08-06,US,Michigan,Baraga,5,0,0,46.6720582,-88.36363591,26013.0,60.9087586794981,0.0,5,5,0,0,5,5,8320,0,0,0,0,0
2020-08-06,US,Michigan,Barry,173,2,0,42.59513984,-85.30834519,26015.0,281.072298943948,1.1560693641618498,171,170,2,0,168,167,61157,3,0,0,3,3
2020-08-06,US,Michigan,Bay,595,31,0,43.70639106,-83.98731479,26017.0,576.9641021662819,5.2100840336134455,564,567,31,0,536,559,103923,28,0,0,28,8
2020-08-06,US,Michigan,Benzie,28,1,0,44.63899297,-86.01608482,26019.0,157.60441292356185,3.571428571428572,27,29,1,0,28,28,17753,-1,0,0,-1,1
2020-08-06,US,Michigan,Berrien,1334,66,0,41.95447397,-86.41313079999998,26021.0,869.6162345747423,4.94752623688156,1268,1315,66,0,1249,1299,154141,19,0,0,19,16
2020-08-06,US,Michigan,Branch,352,2,0,41.91600556,-85.05929476,26023.0,808.8792885538985,0.5681818181818182,350,348,2,0,346,340,43622,4,0,0,4,8
2020-08-06,US,Michigan,Calhoun,776,41,0,42.24633834,-85.00493569,26025.0,578.4181456331668,5.283505154639175,735,768,41,0,727,754,134487,8,0,0,8,14
2020-08-06,US,Michigan,Cass,313,14,0,41.91522292,-85.99405727,26027.0,604.3987873404523,4.472843450479234,299,302,12,0,290,295,51653,11,2,0,9,7
2020-08-06,US,Michigan,Charlevoix,45,2,0,45.37790017,-85.19614053,26029.0,172.13020693875993,4.4444444444444455,43,45,2,0,43,45,26244,0,0,0,0,0
2020-08-06,US,Michigan,Cheboygan,43,2,0,45.44787015,-84.50122149,26031.0,170.12185472384868,4.651162790697675,41,41,2,0,39,39,25413,2,0,0,2,2
2020-08-06,US,Michigan,Chippewa,39,0,0,46.29552653,-84.54353449,26033.0,104.42046641141664,0.0,39,36,0,0,36,35,37517,3,0,0,3,1
2020-08-06,US,Michigan,Clare,66,3,0,43.98794227,-84.84819859999998,26035.0,213.24717285945079,4.545454545454546,63,64,3,0,61,64,30757,2,0,0,2,0
2020-08-06,US,Michigan,Clinton,421,13,0,42.94400871,-84.60145248,26037.0,528.9276964633457,3.0878859857482186,408,419,13,0,406,416,79332,2,0,0,2,3
2020-08-06,US,Michigan,Crawford,103,5,0,44.68255561,-84.61006219,26039.0,734.1934564117186,4.854368932038835,98,103,5,0,98,100,13901,0,0,0,0,3
2020-08-06,US,Michigan,Delta,87,3,0,45.90484910000001,-86.9080745,26041.0,243.1254191817572,3.4482758620689653,84,85,3,0,82,83,35857,2,0,0,2,2
2020-08-06,US,Michigan,Dickinson,51,2,0,46.00999672,-87.86961634,26043.0,202.06822774277904,3.92156862745098,49,48,2,0,46,47,25383,3,0,0,3,1
2020-08-06,US,Michigan,Eaton,455,8,0,42.59599185,-84.83740035,26045.0,412.6310443646389,1.7582417582417582,447,449,8,0,441,445,109826,6,0,0,6,4
2020-08-06,US,Michigan,Emmet,60,2,0,45.52625509,-84.89083249,26047.0,179.56007780936702,3.333333333333333,58,60,2,0,58,59,33308,0,0,0,0,1
2020-08-06,US,Michigan,Federal Correctional Institution (FCI),194,5,0,0.0,0.0,0.0,0.0,2.5773195876288657,189,194,5,0,189,194,,0,0,0,0,0
2020-08-06,US,Michigan,Genesee,3604,295,0,43.02244215,-83.70589709,26049.0,888.0937771830867,8.18534961154273,3309,3581,295,0,3286,3558,406892,23,0,0,23,23
2020-08-06,US,Michigan,Gladwin,57,2,0,43.98901072,-84.38774817,26051.0,223.9773664977013,3.5087719298245608,55,56,2,0,54,55,25337,1,0,0,1,1
2020-08-06,US,Michigan,Gogebic,109,1,0,46.40862701,-89.69377193,26053.0,779.9642218246869,0.9174311926605504,108,105,1,0,104,106,15096,4,0,0,4,-1
2020-08-06,US,Michigan,Grand Traverse,202,5,0,44.69565625,-85.55585247,26055.0,216.99896871777244,2.4752475247524752,197,199,5,0,194,202,92573,3,0,0,3,-3
2020-08-06,US,Michigan,Gratiot,151,15,0,43.29265605,-84.60505416,26057.0,370.9071258382256,9.933774834437086,136,146,15,0,131,146,40599,5,0,0,5,0
2020-08-06,US,Michigan,Hillsdale,258,25,0,41.88753639,-84.59312019,26059.0,565.7274421664291,9.689922480620154,233,253,25,0,228,253,45749,5,0,0,5,0
2020-08-06,US,Michigan,Houghton,49,0,0,46.89988536,-88.68495385,26061.0,137.31644434480438,0.0,49,49,0,0,49,48,36219,0,0,0,0,1
2020-08-06,US,Michigan,Huron,154,4,0,43.83353985,-83.04078453,26063.0,497.0788547819631,2.5974025974025974,150,149,4,0,145,149,31166,5,0,0,5,0
2020-08-06,US,Michigan,Ingham,1520,30,0,42.59716886,-84.37472069,26065.0,519.8251745860208,1.973684210526316,1490,1503,30,0,1473,1500,292735,17,0,0,17,3
2020-08-06,US,Michigan,Ionia,274,6,0,42.94502238,-85.07413319,26067.0,423.512682195465,2.18978102189781,268,272,5,0,267,269,64210,2,1,0,1,3
2020-08-06,US,Michigan,Iosco,130,12,0,44.35486835,-83.63484895,26069.0,517.3717515023678,9.23076923076923,118,129,12,0,117,129,25081,1,0,0,1,0
2020-08-06,US,Michigan,Iron,18,1,0,46.20974132,-88.53136251,26071.0,162.66040122898968,5.5555555555555545,17,17,1,0,16,17,11117,1,0,0,1,0
2020-08-06,US,Michigan,Isabella,205,9,0,43.64060976,-84.84664923,26073.0,293.3936340737348,4.390243902439025,196,204,9,0,195,202,70562,1,0,0,1,2
2020-08-06,US,Michigan,Jackson,707,34,0,42.24807035,-84.42258681,26075.0,446.02864172607406,4.809052333804809,673,701,33,0,668,695,158823,6,1,0,5,6
2020-08-06,US,Michigan,Kalamazoo,1601,83,0,42.24542231,-85.53038622,26077.0,604.0005130797613,5.184259837601499,1518,1588,82,0,1506,1568,264870,13,1,0,12,20
2020-08-06,US,Michigan,Kalkaska,49,4,0,44.68512729,-85.09085699,26079.0,271.6487415456259,8.16326530612245,45,49,4,0,45,48,17824,0,0,0,0,1
2020-08-06,US,Michigan,Kent,7380,157,0,43.03197711,-85.54934642,26081.0,1123.3646140146586,2.127371273712737,7223,7336,154,0,7182,7294,653786,44,3,0,41,42
2020-08-06,US,Michigan,Keweenaw,3,0,0,47.63197653,-88.41434263,26083.0,141.77693761814746,0.0,3,3,0,0,3,3,2113,0,0,0,0,0
2020-08-06,US,Michigan,Lake,19,0,0,43.99050893,-85.802173,26085.0,160.296971230912,0.0,19,19,0,0,19,18,11881,0,0,0,0,1
2020-08-06,US,Michigan,Lapeer,456,33,0,43.09052506,-83.22153148,26087.0,520.5063522321276,7.236842105263157,423,452,33,0,419,429,88028,4,0,0,4,23
2020-08-06,US,Michigan,Leelanau,69,0,0,44.94430054,-85.80150326,26089.0,317.08101649740365,0.0,69,67,0,0,67,66,21764,2,0,0,2,1
2020-08-06,US,Michigan,Lenawee,413,12,0,41.89475156,-84.06603727,26091.0,419.4980243979238,2.905569007263922,401,409,12,0,397,404,98266,4,0,0,4,5
2020-08-06,US,Michigan,Livingston,811,28,0,42.60302282,-83.91297209,26093.0,422.4068335112892,3.4525277435265105,783,805,28,0,777,795,191224,6,0,0,6,10
2020-08-06,US,Michigan,Luce,3,0,0,46.47227431,-85.54471223,26095.0,48.16182372772515,0.0,3,3,0,0,3,3,6283,0,0,0,0,0
2020-08-06,US,Michigan,Mackinac,24,0,0,46.07028979,-85.04980537,26097.0,222.24280025928329,0.0,24,25,0,0,25,23,10787,-1,0,0,-1,2
2020-08-06,US,Michigan,Macomb,10042,942,0,42.69158356,-82.92752801,26099.0,1149.00706201114,9.380601473809998,9100,9932,937,0,8995,9834,874759,110,5,0,105,98
2020-08-06,US,Michigan,Manistee,34,0,0,44.33352407,-86.05626916,26101.0,138.44775633194885,0.0,34,34,0,0,34,34,24528,0,0,0,0,0
2020-08-06,US,Michigan,Marquette,149,11,0,46.4338914,-87.64043701,26103.0,223.3916550473021,7.3825503355704685,138,146,11,0,135,144,66516,3,0,0,3,2
2020-08-06,US,Michigan,Mason,99,0,0,43.99509218,-86.24988902,26105.0,339.6925610760362,0.0,99,99,0,0,99,98,29100,0,0,0,0,1
2020-08-06,US,Michigan,Mecosta,65,2,0,43.64064262,-85.32463223,26107.0,149.5869099947069,3.0769230769230766,63,62,2,0,60,59,43545,3,0,0,3,3
2020-08-06,US,Michigan,Menominee,117,0,0,45.58038692,-87.55370409,26109.0,513.6084284460053,0.0,117,111,0,0,111,108,22983,6,0,0,6,3
2020-08-06,US,Michigan,Michigan Department of Corrections (MDOC),4324,69,0,0.0,0.0,0.0,0.0,1.5957446808510638,4255,4323,69,0,4254,4237,,1,0,0,1,86
2020-08-06,US,Michigan,Midland,325,10,0,43.64330771,-84.38804374,26111.0,390.83168983597085,3.0769230769230766,315,315,10,0,305,313,83209,10,0,0,10,2
2020-08-06,US,Michigan,Missaukee,41,1,0,44.33772443,-85.09256478,26113.0,271.1998941658949,2.4390243902439024,40,41,1,0,40,40,15113,0,0,0,0,1
2020-08-06,US,Michigan,Monroe,945,23,0,41.92734151,-83.53749864,26115.0,627.9069767441861,2.433862433862434,922,935,22,0,913,920,150439,10,1,0,9,15
2020-08-06,US,Michigan,Montcalm,184,1,0,43.31082541,-85.15252824,26117.0,288.0040070122715,0.5434782608695652,183,181,1,0,180,181,63968,3,0,0,3,0
2020-08-06,US,Michigan,Montmorency,8,0,0,45.0275929,-84.12696227,26119.0,85.76329331046313,0.0,8,8,0,0,8,8,9265,0,0,0,0,0
2020-08-06,US,Michigan,Muskegon,1156,58,0,43.29123859,-86.15176712,26121.0,666.029060991208,5.017301038062284,1098,1143,58,0,1085,1131,173588,13,0,0,13,12
2020-08-06,US,Michigan,Newaygo,250,0,0,43.554373999999996,-85.80070107,26123.0,510.41241322988975,0.0,250,249,0,0,249,247,48892,1,0,0,1,2
2020-08-06,US,Michigan,Oakland,15176,1129,0,42.66090111,-83.38595416,26125.0,1206.758355704271,7.439377965208224,14047,15030,1127,0,13903,14950,1259201,146,2,0,144,80
2020-08-06,US,Michigan,Oceana,470,6,0,43.64124435,-86.26726673,26127.0,1775.7962746061132,1.2765957446808511,464,467,6,0,461,466,26625,3,0,0,3,1
2020-08-06,US,Michigan,Ogemaw,53,2,0,44.33481032,-84.12725175,26129.0,252.41701195408868,3.7735849056603774,51,53,2,0,51,53,20952,0,0,0,0,0
2020-08-06,US,Michigan,Ontonagon,6,0,0,46.665226200000006,-89.31390481,26131.0,104.89510489510492,0.0,6,7,0,0,7,7,5795,-1,0,0,-1,0
2020-08-06,US,Michigan,Osceola,70,0,0,43.98992088,-85.32566756,26133.0,298.38022165387895,0.0,70,70,0,0,70,70,23341,0,0,0,0,0
2020-08-06,US,Michigan,Oscoda,24,1,0,44.68192279,-84.12939244,26135.0,291.2267928649436,4.166666666666667,23,24,1,0,23,24,8276,0,0,0,0,0
2020-08-06,US,Michigan,Otsego,131,10,0,45.02085831,-84.59898295,26137.0,531.0523755472677,7.633587786259542,121,131,10,0,121,131,24665,0,0,0,0,0
2020-08-06,US,Michigan,Ottawa,1778,55,0,42.95996803,-85.9969107,26139.0,609.2588150635644,3.0933633295838017,1723,1763,55,0,1708,1749,290494,15,0,0,15,14
2020-08-06,US,Michigan,Out of MI,75,1,0,0.0,0.0,80026.0,0.0,1.3333333333333333,74,81,1,0,80,116,,-6,0,0,-6,-35
2020-08-06,US,Michigan,Presque Isle,19,1,0,45.34018577,-83.91498656,26141.0,150.88945362134692,5.2631578947368425,18,20,2,0,18,18,12738,-1,-1,0,0,2
2020-08-06,US,Michigan,Roscommon,52,0,0,44.33473082,-84.61067651,26143.0,216.4952745742953,0.0,52,51,0,0,51,48,23884,1,0,0,1,3
2020-08-06,US,Michigan,Saginaw,1934,130,0,43.33433923,-84.05131209999998,26145.0,1015.0152987052521,6.72182006204757,1804,1908,129,0,1779,1883,190800,26,1,0,25,25
2020-08-06,US,Michigan,Sanilac,102,6,0,43.42406072,-82.82055898,26151.0,247.75321836288558,5.882352941176472,96,101,6,0,95,99,41182,1,0,0,1,2
2020-08-06,US,Michigan,Schoolcraft,13,0,0,46.19235734,-86.19972234,26153.0,160.6127996046454,0.0,13,13,0,0,13,12,8068,0,0,0,0,1
2020-08-06,US,Michigan,Shiawassee,337,28,0,42.95392800000001,-84.14585902,26155.0,494.7006840668213,8.308605341246293,309,335,28,0,307,332,68192,2,0,0,2,3
2020-08-06,US,Michigan,St. Clair,794,53,0,42.92655373,-82.67937954,26147.0,498.96938313810267,6.675062972292192,741,790,53,0,737,783,159337,4,0,0,4,7
2020-08-06,US,Michigan,St. Joseph,571,8,0,41.91441767,-85.52797979,26149.0,936.6183321304376,1.4010507880910683,563,569,8,0,561,563,61043,2,0,0,2,6
2020-08-06,US,Michigan,Tuscola,330,29,0,43.46606813,-83.41897025,26157.0,631.6393913293139,8.787878787878787,301,324,29,0,295,322,52516,6,0,0,6,2
2020-08-06,US,Michigan,Unassigned,8,0,0,0.0,0.0,90026.0,0.0,0.0,8,9,0,0,9,4,,-1,0,0,-1,5
2020-08-06,US,Michigan,Van Buren,428,11,0,42.25190229,-86.01939087,26159.0,565.5615312446317,2.5700934579439254,417,425,11,0,414,418,75448,3,0,0,3,7
2020-08-06,US,Michigan,Washtenaw,2483,112,0,42.253105,-83.83853204,26161.0,675.4606217066874,4.5106725734997974,2371,2471,112,0,2359,2442,370963,12,0,0,12,29
2020-08-06,US,Michigan,Wayne,27836,2821,0,42.28098405,-83.281255,26163.0,1591.225963118725,10.134358384825406,25015,27688,2809,0,24879,27564,1753893,148,12,0,136,124
2020-08-06,US,Michigan,Wexford,70,4,0,44.33853602,-85.57712739,26165.0,208.14129820701137,5.7142857142857135,66,68,4,0,64,67,33466,2,0,0,2,1
2020-08-06,US,Minnesota,Aitkin,29,1,0,46.60962049,-93.41168259999999,27001.0,182.5506735490369,3.4482758620689653,28,29,1,0,28,27,15902,0,0,0,0,2
2020-08-06,US,Minnesota,Anoka,3515,114,0,45.27476015,-93.24604565,27003.0,984.8117650684604,3.2432432432432434,3401,3456,113,0,3343,3410,353813,59,1,0,58,46
2020-08-06,US,Minnesota,Becker,150,1,0,46.93479392,-95.67158144,27005.0,435.75516369868967,0.6666666666666666,149,148,1,0,147,147,34371,2,0,0,2,1
2020-08-06,US,Minnesota,Beltrami,215,0,0,47.97373527,-94.93732139,27007.0,455.624311265576,0.0,215,207,0,0,207,200,46847,8,0,0,8,7
2020-08-06,US,Minnesota,Benton,315,3,0,45.69804958,-93.99514135,27009.0,770.3783413632028,0.9523809523809524,312,313,3,0,310,310,40545,2,0,0,2,3
2020-08-06,US,Minnesota,Big Stone,22,0,0,45.42712824,-96.41403739,27011.0,440.79342817070733,0.0,22,22,0,0,22,22,4989,0,0,0,0,0
2020-08-06,US,Minnesota,Blue Earth,874,5,0,44.03554215,-94.06699781,27013.0,1291.8865386605173,0.5720823798627003,869,865,5,0,860,859,67427,9,0,0,9,6
2020-08-06,US,Minnesota,Brown,86,2,0,44.24205652,-94.72562874,27015.0,343.8899552143313,2.3255813953488373,84,85,2,0,83,85,25111,1,0,0,1,0
2020-08-06,US,Minnesota,Carlton,132,0,0,46.59180601,-92.67601019,27017.0,367.98528058877645,0.0,132,130,0,0,130,126,35837,2,0,0,2,4
2020-08-06,US,Minnesota,Carver,816,2,0,44.82017001,-93.80099179999999,27019.0,776.4846939261008,0.24509803921568624,814,805,2,0,803,792,103551,11,0,0,11,13
2020-08-06,US,Minnesota,Cass,71,2,0,46.95043611,-94.32603968,27021.0,238.4230498001948,2.8169014084507036,69,66,2,0,64,62,29519,5,0,0,5,4
2020-08-06,US,Minnesota,Chippewa,101,1,0,45.02343421,-95.56403693,27023.0,855.9322033898303,0.99009900990099,100,101,1,0,100,99,11924,0,0,0,0,2
2020-08-06,US,Minnesota,Chisago,189,1,0,45.5021011,-92.90861945,27025.0,334.046200887255,0.5291005291005291,188,184,1,0,183,182,55922,5,0,0,5,2
2020-08-06,US,Minnesota,Clay,768,40,0,46.89289518,-96.48761922,27027.0,1195.8518887608607,5.208333333333333,728,758,40,0,718,752,63955,10,0,0,10,6
2020-08-06,US,Minnesota,Clearwater,15,0,0,47.57992111,-95.37790562,27029.0,170.10660013608532,0.0,15,14,0,0,14,15,8810,1,0,0,1,-1
2020-08-06,US,Minnesota,Cook,2,0,0,47.90504893,-90.52629546,27031.0,36.60992128866923,0.0,2,2,0,0,2,2,5393,0,0,0,0,0
2020-08-06,US,Minnesota,Cottonwood,175,0,0,44.00715262,-95.18138802,27033.0,1563.0582350839584,0.0,175,173,0,0,173,173,11277,2,0,0,2,0
2020-08-06,US,Minnesota,Crow Wing,225,14,0,46.48096553,-94.06755609,27035.0,345.86119437399117,6.222222222222222,211,221,14,0,207,213,64889,4,0,0,4,8
2020-08-06,US,Minnesota,Dakota,4188,104,0,44.67172617,-93.06299363,27037.0,976.1759913850373,2.483285577841452,4084,4112,104,0,4008,4049,425423,76,0,0,76,63
2020-08-06,US,Minnesota,Dodge,125,0,0,44.02238415,-92.86244324,27039.0,597.1147415687399,0.0,125,125,0,0,125,123,20822,0,0,0,0,2
2020-08-06,US,Minnesota,Douglas,136,0,0,45.93348491,-95.45335469,27041.0,356.5716682834745,0.0,136,136,0,0,136,132,37964,0,0,0,0,4
2020-08-06,US,Minnesota,Faribault,83,0,0,43.67381499,-93.94787458,27043.0,607.9249981689006,0.0,83,83,0,0,83,84,13758,0,0,0,0,-1
2020-08-06,US,Minnesota,Fillmore,61,0,0,43.67394126,-92.08980382,27045.0,289.5523805003085,0.0,61,61,0,0,61,61,21058,0,0,0,0,0
2020-08-06,US,Minnesota,Freeborn,358,1,0,43.67385583,-93.34884422,27047.0,1182.2595026584327,0.2793296089385475,357,356,1,0,355,355,30444,2,0,0,2,1
2020-08-06,US,Minnesota,Goodhue,187,8,0,44.40849741,-92.72341949999999,27049.0,403.539059128183,4.2780748663101615,179,183,8,0,175,177,46403,4,0,0,4,6
2020-08-06,US,Minnesota,Grant,52,3,0,45.93424769,-96.01139609,27051.0,870.7300736771601,5.769230769230768,49,52,1,0,51,51,6021,0,2,0,-2,1
2020-08-06,US,Minnesota,Hennepin,18641,828,0,45.00761521,-93.47694895,27053.0,1472.6154823307475,4.441821790676466,17813,18393,825,0,17568,18197,1259428,248,3,0,245,196
2020-08-06,US,Minnesota,Houston,41,0,0,43.67129565,-91.49143057,27055.0,220.43010752688173,0.0,41,40,0,0,40,39,18578,1,0,0,1,1
2020-08-06,US,Minnesota,Hubbard,30,0,0,47.10778564,-94.91693868,27057.0,139.59331813317206,0.0,30,30,0,0,30,32,21332,0,0,0,0,-2
2020-08-06,US,Minnesota,Isanti,116,0,0,45.56181234,-93.29487636,27059.0,285.742437678589,0.0,116,114,0,0,114,110,39966,2,0,0,2,4
2020-08-06,US,Minnesota,Itasca,135,12,0,47.51009045,-93.63092229,27061.0,299.1358298249501,8.888888888888891,123,135,12,0,123,134,45108,0,0,0,0,1
2020-08-06,US,Minnesota,Jackson,72,0,0,43.67423373,-95.15398258,27063.0,731.2614259597806,0.0,72,71,0,0,71,70,9911,1,0,0,1,1
2020-08-06,US,Minnesota,Kanabec,32,1,0,45.9459309,-93.29275192,27065.0,195.8743955438575,3.125,31,30,1,0,29,28,16207,2,0,0,2,2
2020-08-06,US,Minnesota,Kandiyohi,687,1,0,45.1526059,-95.00586446,27067.0,1590.3145906155235,0.14556040756914118,686,681,1,0,680,677,42855,6,0,0,6,4
2020-08-06,US,Minnesota,Kittson,3,0,0,48.77754106,-96.78317184,27069.0,69.79990693345742,0.0,3,3,0,0,3,3,4248,0,0,0,0,0
2020-08-06,US,Minnesota,Koochiching,74,3,0,48.24539665,-93.78352843,27071.0,605.1189794750184,4.0540540540540535,71,74,3,0,71,74,12440,0,0,0,0,0
2020-08-06,US,Minnesota,Lac qui Parle,6,0,0,44.9973857,-96.17488219,27073.0,90.59338668277216,0.0,6,6,0,0,6,6,6658,0,0,0,0,0
2020-08-06,US,Minnesota,Lake,20,0,0,47.64270764,-91.44557998,27075.0,187.952260125928,0.0,20,18,0,0,18,18,10658,2,0,0,2,0
2020-08-06,US,Minnesota,Lake of the Woods,1,0,0,48.77217001,-94.90274472,27077.0,26.73796791443851,0.0,1,1,0,0,1,1,3758,0,0,0,0,0
2020-08-06,US,Minnesota,Le Sueur,210,1,0,44.37136597,-93.72844721,27079.0,726.9706096167827,0.4761904761904762,209,203,1,0,202,202,28494,7,0,0,7,1
2020-08-06,US,Minnesota,Lincoln,54,0,0,44.41311883,-96.26688165,27081.0,957.6165986877106,0.0,54,54,0,0,54,54,5673,0,0,0,0,0
2020-08-06,US,Minnesota,Lyon,421,3,0,44.41327865,-95.83806103,27083.0,1652.665462824841,0.7125890736342043,418,420,3,0,417,416,25629,1,0,0,1,4
2020-08-06,US,Minnesota,Mahnomen,26,1,0,47.32557075,-95.80921485,27087.0,470.41794825402565,3.8461538461538463,25,25,1,0,24,24,5519,1,0,0,1,1
2020-08-06,US,Minnesota,Marshall,29,0,0,48.35825983,-96.37017407,27089.0,310.62553556126824,0.0,29,29,0,0,29,29,9390,0,0,0,0,0
2020-08-06,US,Minnesota,Martin,204,5,0,43.67429718,-94.55099908,27091.0,1036.4273738759337,2.4509803921568634,199,204,5,0,199,204,19785,0,0,0,0,0
2020-08-06,US,Minnesota,McLeod,148,0,0,44.82367677,-94.27287017,27085.0,412.3366673167469,0.0,148,145,0,0,145,140,35873,3,0,0,3,5
2020-08-06,US,Minnesota,Meeker,85,2,0,45.12328869,-94.52839455,27093.0,366.03221083455344,2.3529411764705883,83,85,2,0,83,83,23141,0,0,0,0,2
2020-08-06,US,Minnesota,Mille Lacs,69,3,0,45.93705297,-93.63236823,27095.0,262.58705331658865,4.3478260869565215,66,69,3,0,66,68,26139,0,0,0,0,1
2020-08-06,US,Minnesota,Morrison,85,1,0,46.01265363,-94.27341528,27097.0,254.5977355777871,1.1764705882352942,84,82,1,0,81,82,33169,3,0,0,3,0
2020-08-06,US,Minnesota,Mower,1094,2,0,43.67142874,-92.75234549,27099.0,2730.7673106684642,0.18281535648994515,1092,1088,2,0,1086,1084,40011,6,0,0,6,4
2020-08-06,US,Minnesota,Murray,122,1,0,44.02216709,-95.76328482,27101.0,1488.8943129118868,0.819672131147541,121,122,1,0,121,122,8276,0,0,0,0,0
2020-08-06,US,Minnesota,Nicollet,329,13,0,44.35291112,-94.24710352,27103.0,959.9113030285347,3.951367781155015,316,322,13,0,309,320,34220,7,0,0,7,2
2020-08-06,US,Minnesota,Nobles,1753,6,0,43.67434621,-95.75329576,27105.0,8104.859216792271,0.34227039361095263,1747,1751,6,0,1745,1749,21924,2,0,0,2,2
2020-08-06,US,Minnesota,Norman,37,0,0,47.32628443,-96.45620947,27107.0,580.3921568627451,0.0,37,37,0,0,37,37,6475,0,0,0,0,0
2020-08-06,US,Minnesota,Olmsted,1688,23,0,44.00374114,-92.40209944,27109.0,1066.3769086440966,1.3625592417061612,1665,1649,23,0,1626,1635,156277,39,0,0,39,14
2020-08-06,US,Minnesota,Otter Tail,185,3,0,46.40846929,-95.70835255,27111.0,314.9150580465053,1.6216216216216215,182,182,3,0,179,179,58812,3,0,0,3,3
2020-08-06,US,Minnesota,Pennington,73,1,0,48.06642577,-96.0370814,27113.0,517.0337842623417,1.3698630136986298,72,73,1,0,72,73,14178,0,0,0,0,0
2020-08-06,US,Minnesota,Pine,128,0,0,46.12105238,-92.74070188,27115.0,432.7394435241218,0.0,128,128,0,0,128,128,29483,0,0,0,0,0
2020-08-06,US,Minnesota,Pipestone,147,9,0,44.02301619,-96.25841142,27117.0,1610.7823800131491,6.1224489795918355,138,144,9,0,135,143,9047,3,0,0,3,1
2020-08-06,US,Minnesota,Polk,145,3,0,47.77372465,-96.40134647,27119.0,462.3134804234154,2.0689655172413794,142,139,3,0,136,135,31529,6,0,0,6,4
2020-08-06,US,Minnesota,Pope,46,0,0,45.58606667,-95.44451209,27121.0,408.9252377989155,0.0,46,46,0,0,46,45,11097,0,0,0,0,1
2020-08-06,US,Minnesota,Ramsey,7233,261,0,45.01625271,-93.09872295,27123.0,1314.3238219148461,3.6084612194110326,6972,7130,261,0,6869,7047,550210,103,0,0,103,83
2020-08-06,US,Minnesota,Red Lake,23,0,0,47.87197525,-96.09561104,27125.0,567.2009864364983,0.0,23,21,0,0,21,20,3999,2,0,0,2,1
2020-08-06,US,Minnesota,Redwood,32,0,0,44.40555844,-95.25207021,27127.0,210.94264996704013,0.0,32,32,0,0,32,32,15249,0,0,0,0,0
2020-08-06,US,Minnesota,Renville,62,5,0,44.72836381,-94.94553734,27129.0,426.17541930162224,8.064516129032258,57,60,5,0,55,60,14612,2,0,0,2,0
2020-08-06,US,Minnesota,Rice,1013,8,0,44.3543376,-93.29658715,27131.0,1512.5724183240757,0.7897334649555775,1005,1006,8,0,998,1002,66523,7,0,0,7,4
2020-08-06,US,Minnesota,Rock,77,0,0,43.67482683,-96.25296832,27133.0,826.6237251744498,0.0,77,75,0,0,75,75,9414,2,0,0,2,0
2020-08-06,US,Minnesota,Roseau,46,0,0,48.77501878,-95.81079919,27135.0,303.33003626772165,0.0,46,46,0,0,46,46,15150,0,0,0,0,0
2020-08-06,US,Minnesota,Scott,1479,18,0,44.6490231,-93.53340251,27139.0,992.5308530128244,1.2170385395537526,1461,1439,18,0,1421,1410,147381,40,0,0,40,29
2020-08-06,US,Minnesota,Sherburne,703,7,0,45.44447208,-93.77617511,27141.0,722.9683868446492,0.9957325746799432,696,667,7,0,660,657,96036,36,0,0,36,10
2020-08-06,US,Minnesota,Sibley,82,2,0,44.5796592,-94.23164924,27143.0,551.6313488059201,2.4390243902439024,80,80,2,0,78,80,15028,2,0,0,2,0
2020-08-06,US,Minnesota,St. Louis,486,19,0,47.604840700000004,-92.46879855,27137.0,244.13522881398504,3.909465020576132,467,475,19,0,456,453,199754,11,0,0,11,22
2020-08-06,US,Minnesota,Stearns,2864,20,0,45.55192576,-94.61078221,27145.0,1778.0537016917585,0.6983240223463687,2844,2847,20,0,2827,2842,159256,17,0,0,17,5
2020-08-06,US,Minnesota,Steele,338,1,0,44.02240351,-93.22627088,27147.0,922.2625446806187,0.2958579881656805,337,334,1,0,333,333,36803,4,0,0,4,1
2020-08-06,US,Minnesota,Stevens,17,0,0,45.58613007,-96.00163705,27149.0,173.3809280979092,0.0,17,16,0,0,16,16,9753,1,0,0,1,0
2020-08-06,US,Minnesota,Swift,52,1,0,45.2829032,-95.68264092,27151.0,561.1914526224908,1.9230769230769231,51,52,1,0,51,52,9345,0,0,0,0,0
2020-08-06,US,Minnesota,Todd,422,2,0,46.06996226,-94.89785296,27153.0,1710.9957833279273,0.4739336492890995,420,421,2,0,419,420,24582,1,0,0,1,1
2020-08-06,US,Minnesota,Traverse,10,0,0,45.77298854,-96.47062949,27155.0,306.84258975145747,0.0,10,10,0,0,10,10,3308,0,0,0,0,0
2020-08-06,US,Minnesota,Unassigned,132,41,0,0.0,0.0,90027.0,0.0,31.060606060606066,91,109,41,0,68,140,,23,0,0,23,-31
2020-08-06,US,Minnesota,Wabasha,87,0,0,44.28424356,-92.23121312,27157.0,402.2749341101402,0.0,87,84,0,0,84,82,21645,3,0,0,3,2
2020-08-06,US,Minnesota,Wadena,24,0,0,46.58589171,-94.96968506,27159.0,175.412951322906,0.0,24,24,0,0,24,23,13773,0,0,0,0,1
2020-08-06,US,Minnesota,Waseca,138,0,0,44.02211116,-93.58720034,27161.0,741.4571244358477,0.0,138,133,0,0,133,130,18691,5,0,0,5,3
2020-08-06,US,Minnesota,Washington,2009,44,0,45.03864533,-92.88429635,27163.0,765.50830666057,2.190144350423096,1965,1978,43,0,1935,1938,259201,31,1,0,30,40
2020-08-06,US,Minnesota,Watonwan,301,0,0,43.97823903,-94.61413846,27165.0,2762.228136184271,0.0,301,300,0,0,300,299,10980,1,0,0,1,1
2020-08-06,US,Minnesota,Wilkin,32,3,0,46.35721532,-96.4684375,27167.0,515.5469631061703,9.375,29,31,3,0,28,28,6254,1,0,0,1,3
2020-08-06,US,Minnesota,Winona,254,16,0,43.98772283,-91.78081305,27169.0,503.12970446081926,6.299212598425197,238,252,16,0,236,249,50825,2,0,0,2,3
2020-08-06,US,Minnesota,Wright,847,5,0,45.17297924,-93.96234781,27171.0,612.0959407994103,0.5903187721369539,842,827,5,0,822,820,136349,20,0,0,20,7
2020-08-06,US,Minnesota,Yellow Medicine,51,0,0,44.71710183,-95.86842453,27173.0,525.2858172829333,0.0,51,50,0,0,50,49,9795,1,0,0,1,1
2020-08-06,US,Mississippi,Adams,602,25,0,31.47669768,-91.35326037,28001.0,1961.3592675854431,4.1528239202657815,577,596,25,0,571,587,31192,6,0,0,6,9
2020-08-06,US,Mississippi,Alcorn,382,5,0,34.88084463,-88.57996173,28003.0,1033.7455686953695,1.3089005235602094,377,377,5,0,372,363,36925,5,0,0,5,14
2020-08-06,US,Mississippi,Amite,220,6,0,31.17467303,-90.80501621,28005.0,1789.0542408717574,2.727272727272727,214,217,6,0,211,211,12326,3,0,0,3,6
2020-08-06,US,Mississippi,Attala,513,24,0,33.08658803,-89.57838564,28007.0,2822.7137669197755,4.678362573099415,489,510,24,0,486,502,18365,3,0,0,3,8
2020-08-06,US,Mississippi,Benton,133,0,0,34.81681228,-89.18945516,28009.0,1610.3644509020462,0.0,133,128,0,0,128,130,8271,5,0,0,5,-2
2020-08-06,US,Mississippi,Bolivar,1163,33,0,33.79696941,-90.87372121,28011.0,3797.179051847983,2.8374892519346515,1130,1010,32,0,978,987,31333,153,1,0,152,23
2020-08-06,US,Mississippi,Calhoun,400,9,0,33.93683395,-89.33686647,28013.0,2785.3213564515004,2.25,391,392,9,0,383,381,14436,8,0,0,8,11
2020-08-06,US,Mississippi,Carroll,254,11,0,33.44834567,-89.91994479,28015.0,2553.533728762441,4.330708661417323,243,248,11,0,237,248,9911,6,0,0,6,0
2020-08-06,US,Mississippi,Chickasaw,441,19,0,33.91983202,-88.9481545,28017.0,2578.4950008770393,4.308390022675736,422,438,19,0,419,443,17171,3,0,0,3,-5
2020-08-06,US,Mississippi,Choctaw,130,4,0,33.34598242,-89.24809382,28019.0,1583.4348355663824,3.0769230769230766,126,129,4,0,125,129,8278,1,0,0,1,0
2020-08-06,US,Mississippi,Claiborne,399,13,0,31.97061673,-90.90702196,28021.0,4439.252336448598,3.2581453634085213,386,399,13,0,386,401,9002,0,0,0,0,-2
2020-08-06,US,Mississippi,Clarke,324,25,0,32.04158545,-88.68896219999998,28023.0,2084.807927417798,7.716049382716049,299,322,25,0,297,310,15604,2,0,0,2,12
2020-08-06,US,Mississippi,Clay,382,14,0,33.65358105,-88.77784255,28025.0,1977.6351211430936,3.6649214659685865,368,380,14,0,366,374,19386,2,0,0,2,6
2020-08-06,US,Mississippi,Coahoma,697,11,0,34.22772299,-90.60415045,28027.0,3150.424877960586,1.5781922525107603,686,684,10,0,674,677,22628,13,1,0,12,7
2020-08-06,US,Mississippi,Copiah,941,28,0,31.86977774,-90.44565118,28029.0,3352.930696597185,2.975557917109458,913,929,28,0,901,924,28543,12,0,0,12,5
2020-08-06,US,Mississippi,Covington,607,13,0,31.63225413,-89.55389939,28031.0,3257.1367246190166,2.1416803953871497,594,603,13,0,590,601,18853,4,0,0,4,2
2020-08-06,US,Mississippi,DeSoto,3523,28,0,34.87625235,-89.99091418,28033.0,1904.890643164184,0.7947771785410161,3495,3472,27,0,3445,3387,182001,51,1,0,50,85
2020-08-06,US,Mississippi,Forrest,1721,55,0,31.18961454,-89.25832496,28035.0,2297.822342683953,3.195816385822196,1666,1701,55,0,1646,1653,75036,20,0,0,20,48
2020-08-06,US,Mississippi,Franklin,116,2,0,31.47786634,-90.89672989,28037.0,1503.9543627641644,1.7241379310344829,114,115,2,0,113,117,7788,1,0,0,1,-2
2020-08-06,US,Mississippi,George,548,4,0,30.86259065,-88.64436789,28039.0,2236.734693877551,0.7299270072992701,544,545,4,0,541,549,24250,3,0,0,3,-4
2020-08-06,US,Mississippi,Greene,231,11,0,31.21444233,-88.63922281,28041.0,1700.2796996908585,4.761904761904762,220,230,11,0,219,232,13586,1,0,0,1,-2
2020-08-06,US,Mississippi,Grenada,830,21,0,33.77036166,-89.80245083,28043.0,3998.4584256672133,2.5301204819277108,809,819,21,0,798,816,21055,11,0,0,11,3
2020-08-06,US,Mississippi,Hancock,363,14,0,30.41830223,-89.48851033,28045.0,762.0927107826673,3.8567493112947657,349,349,14,0,335,344,47334,14,0,0,14,5
2020-08-06,US,Mississippi,Harrison,2378,35,0,30.51359752,-89.12467576,28047.0,1142.8296808919647,1.4718250630782168,2343,2287,35,0,2252,2228,206650,91,0,0,91,59
2020-08-06,US,Mississippi,Hinds,5487,116,0,32.2656285,-90.44435448,28049.0,2366.7184265010346,2.114087843994897,5371,5416,112,0,5304,5329,237085,71,4,0,67,87
2020-08-06,US,Mississippi,Holmes,863,48,0,33.12345854,-90.08923538,28051.0,5073.486184597296,5.5619930475086905,815,859,48,0,811,851,17622,4,0,0,4,8
2020-08-06,US,Mississippi,Humphreys,282,11,0,33.12825718,-90.52252707,28053.0,3497.023809523809,3.9007092198581566,271,281,11,0,270,274,8257,1,0,0,1,7
2020-08-06,US,Mississippi,Issaquena,25,1,0,32.72531359,-90.97392828,28055.0,1883.9487565938207,4.0,24,24,1,0,23,21,1308,1,0,0,1,3
2020-08-06,US,Mississippi,Itawamba,337,10,0,34.27993475,-88.3606733,28057.0,1440.7866609662244,2.967359050445104,327,323,10,0,313,317,23517,14,0,0,14,6
2020-08-06,US,Mississippi,Jackson,2201,42,0,30.54020656,-88.64184064,28059.0,1532.5483751923514,1.9082235347569287,2159,2156,41,0,2115,2063,143277,45,1,0,44,93
2020-08-06,US,Mississippi,Jasper,381,9,0,32.01922104,-89.11786866,28061.0,2325.581395348837,2.3622047244094486,372,379,9,0,370,385,16428,2,0,0,2,-6
2020-08-06,US,Mississippi,Jefferson,194,6,0,31.73397872,-91.03764977,28063.0,2775.3934191702433,3.0927835051546397,188,193,6,0,187,193,7106,1,0,0,1,0
2020-08-06,US,Mississippi,Jefferson Davis,226,6,0,31.56884708,-89.82670990000004,28065.0,2030.913012221424,2.6548672566371683,220,225,6,0,219,214,11234,1,0,0,1,11
2020-08-06,US,Mississippi,Jones,1842,58,0,31.62257767,-89.16896899999998,28067.0,2704.925254779876,3.1487513572204127,1784,1828,57,0,1771,1804,68461,14,1,0,13,24
2020-08-06,US,Mississippi,Kemper,228,15,0,32.75462946,-88.64105766,28069.0,2340.381851775816,6.578947368421053,213,227,15,0,212,227,10027,1,0,0,1,0
2020-08-06,US,Mississippi,Lafayette,937,14,0,34.35687874,-89.48490961,28071.0,1734.5748718043646,1.4941302027748131,923,907,14,0,893,885,54793,30,0,0,30,22
2020-08-06,US,Mississippi,Lamar,1184,14,0,31.20572971,-89.5077704,28073.0,1869.1883870356635,1.1824324324324325,1170,1177,13,0,1164,1146,62447,7,1,0,6,31
2020-08-06,US,Mississippi,Lauderdale,1390,90,0,32.40419769,-88.66229662,28075.0,1875.2107925801013,6.474820143884893,1300,1379,90,0,1289,1354,75317,11,0,0,11,25
2020-08-06,US,Mississippi,Lawrence,306,7,0,31.55147224,-90.10841127,28077.0,2431.272842841252,2.2875816993464047,299,302,7,0,295,315,12455,4,0,0,4,-13
2020-08-06,US,Mississippi,Leake,779,25,0,32.7536828,-89.52402044,28079.0,3418.765908891425,3.2092426187419774,754,776,25,0,751,771,22763,3,0,0,3,5
2020-08-06,US,Mississippi,Lee,1332,32,0,34.291877500000005,-88.68149954,28081.0,1559.0617538274264,2.4024024024024024,1300,1297,32,0,1265,1274,85202,35,0,0,35,23
2020-08-06,US,Mississippi,Leflore,893,62,0,33.55545125,-90.29900733,28083.0,3168.576801617997,6.942889137737963,831,882,61,0,821,866,28919,11,1,0,10,16
2020-08-06,US,Mississippi,Lincoln,790,41,0,31.53288662,-90.45391915,28085.0,2313.120370099259,5.189873417721518,749,787,41,0,746,756,34205,3,0,0,3,31
2020-08-06,US,Mississippi,Lowndes,1039,35,0,33.47386518,-88.44191529999998,28087.0,1773.188838638109,3.3686236766121267,1004,1023,33,0,990,999,58930,16,2,0,14,24
2020-08-06,US,Mississippi,Madison,2387,63,0,32.63389156,-90.03513564,28089.0,2246.1231556760013,2.6392961876832843,2324,2363,60,0,2303,2324,105630,24,3,0,21,39
2020-08-06,US,Mississippi,Marion,638,19,0,31.23132643,-89.8209217,28091.0,2596.345582549953,2.9780564263322886,619,634,19,0,615,625,24715,4,0,0,4,9
2020-08-06,US,Mississippi,Marshall,638,9,0,34.76216286,-89.50299462,28093.0,1807.6726922423074,1.4106583072100314,629,616,9,0,607,585,35451,22,0,0,22,31
2020-08-06,US,Mississippi,Monroe,747,51,0,33.89236763,-88.4808438,28095.0,2119.0287075910587,6.827309236947792,696,731,51,0,680,716,35564,16,0,0,16,15
2020-08-06,US,Mississippi,Montgomery,307,3,0,33.49419589,-89.61729103,28097.0,3140.664961636829,0.977198697068404,304,302,3,0,299,297,10023,5,0,0,5,5
2020-08-06,US,Mississippi,Neshoba,1278,91,0,32.75339664,-89.11726492,28099.0,4389.037708633835,7.120500782472613,1187,1264,90,0,1174,1232,29125,14,1,0,13,32
2020-08-06,US,Mississippi,Newton,535,11,0,32.40021118,-89.11843336,28101.0,2545.4372442668187,2.05607476635514,524,530,11,0,519,526,21443,5,0,0,5,4
2020-08-06,US,Mississippi,Noxubee,444,11,0,33.11009499,-88.56949061,28103.0,4262.263607564558,2.477477477477477,433,438,11,0,427,426,10535,6,0,0,6,12
2020-08-06,US,Mississippi,Oktibbeha,1090,37,0,33.42491685,-88.87905132,28105.0,2198.1567749611795,3.3944954128440368,1053,1077,37,0,1040,1060,49599,13,0,0,13,17
2020-08-06,US,Mississippi,Panola,980,12,0,34.36398677,-89.95064249,28107.0,2866.1675245671504,1.2244897959183674,968,960,12,0,948,936,34178,20,0,0,20,24
2020-08-06,US,Mississippi,Pearl River,520,37,0,30.77090935,-89.58677275,28109.0,936.3464481858284,7.115384615384616,483,515,37,0,478,496,55387,5,0,0,5,19
2020-08-06,US,Mississippi,Perry,220,7,0,31.17161885,-88.99281835,28111.0,1837.4676355132376,3.1818181818181817,213,220,7,0,213,226,11931,0,0,0,0,-6
2020-08-06,US,Mississippi,Pike,877,34,0,31.17507789,-90.40392572,28113.0,2232.2337609448177,3.8768529076396807,843,861,33,0,828,846,39563,16,1,0,15,15
2020-08-06,US,Mississippi,Pontotoc,791,8,0,34.226046000000004,-89.03636807,28115.0,2458.506868900354,1.011378002528445,783,780,8,0,772,752,31833,11,0,0,11,28
2020-08-06,US,Mississippi,Prentiss,386,9,0,34.61810501,-88.51986294,28117.0,1536.2572633925015,2.33160621761658,377,369,9,0,360,351,25315,17,0,0,17,18
2020-08-06,US,Mississippi,Quitman,240,1,0,34.25157572,-90.28908,28119.0,3533.56890459364,0.4166666666666667,239,238,1,0,237,233,7051,2,0,0,2,5
2020-08-06,US,Mississippi,Rankin,2220,32,0,32.26469147,-89.94537876,28121.0,1429.7582935641556,1.4414414414414414,2188,2202,31,0,2171,2168,153902,18,1,0,17,34
2020-08-06,US,Mississippi,Scott,987,20,0,32.406704100000006,-89.53789439,28123.0,3509.458114066278,2.026342451874367,967,978,20,0,958,962,28287,9,0,0,9,16
2020-08-06,US,Mississippi,Sharkey,190,3,0,32.88149103,-90.8159538,28125.0,4397.130293913446,1.5789473684210529,187,191,3,0,188,183,4377,-1,0,0,-1,8
2020-08-06,US,Mississippi,Simpson,779,30,0,31.91282117,-89.91716179,28127.0,2922.199714907345,3.851091142490372,749,767,30,0,737,723,26758,12,0,0,12,44
2020-08-06,US,Mississippi,Smith,394,13,0,32.01744532,-89.50644846,28129.0,2475.4963558683085,3.2994923857868015,381,389,13,0,376,385,16002,5,0,0,5,4
2020-08-06,US,Mississippi,Stone,163,3,0,30.79187949,-89.11547539,28131.0,888.9616055846421,1.8404907975460123,160,160,3,0,157,159,18717,3,0,0,3,1
2020-08-06,US,Mississippi,Sunflower,967,23,0,33.60192578,-90.58882684,28133.0,3851.055356431701,2.3784901758014483,944,942,23,0,919,926,25735,25,0,0,25,16
2020-08-06,US,Mississippi,Tallahatchie,407,10,0,33.95339918,-90.1729398,28135.0,2947.3531754652763,2.457002457002457,397,512,10,0,502,496,13987,-105,0,0,-105,16
2020-08-06,US,Mississippi,Tate,692,27,0,34.65133709,-89.94485778,28137.0,2443.416546025917,3.9017341040462434,665,683,27,0,656,665,28759,9,0,0,9,18
2020-08-06,US,Mississippi,Tippah,325,13,0,34.76872156,-88.90988194,28139.0,1476.2661821485349,4.0,312,320,13,0,307,316,21995,5,0,0,5,4
2020-08-06,US,Mississippi,Tishomingo,350,5,0,34.74023475,-88.23917219,28141.0,1805.706031058144,1.4285714285714286,345,344,5,0,339,339,19454,6,0,0,6,5
2020-08-06,US,Mississippi,Tunica,317,6,0,34.64967704,-90.37481167,28143.0,3291.112956810631,1.892744479495268,311,307,6,0,301,292,9944,10,0,0,10,15
2020-08-06,US,Mississippi,Union,562,15,0,34.49162015,-89.00776006,28145.0,1950.3730695818151,2.6690391459074734,547,552,15,0,537,538,28606,10,0,0,10,14
2020-08-06,US,Mississippi,Walthall,489,19,0,31.14971548,-90.10446654,28147.0,3422.9315413691725,3.8854805725971366,470,482,19,0,463,463,14465,7,0,0,7,19
2020-08-06,US,Mississippi,Warren,1007,31,0,32.35810271,-90.83352619,28149.0,2218.990326348031,3.0784508440913605,976,995,31,0,964,976,46176,12,0,0,12,19
2020-08-06,US,Mississippi,Washington,1582,37,0,33.28392041,-90.94196237,28151.0,3602.9060101573714,2.3388116308470295,1545,1548,35,0,1513,1524,45063,34,2,0,32,24
2020-08-06,US,Mississippi,Wayne,749,21,0,31.64135687,-88.69573913,28153.0,3711.0439478769263,2.803738317757009,728,749,21,0,728,736,20298,0,0,0,0,13
2020-08-06,US,Mississippi,Webster,216,12,0,33.61300486,-89.28392912,28155.0,2229.332232428528,5.5555555555555545,204,211,12,0,199,201,9788,5,0,0,5,10
2020-08-06,US,Mississippi,Wilkinson,194,13,0,31.16078225,-91.31018819,28157.0,2247.9721900347627,6.7010309278350535,181,193,13,0,180,188,8792,1,0,0,1,5
2020-08-06,US,Mississippi,Winston,604,15,0,33.08747908,-89.03391385,28159.0,3363.9654692286267,2.4834437086092715,589,593,15,0,578,584,18165,11,0,0,11,9
2020-08-06,US,Mississippi,Yalobusha,307,10,0,34.02824175,-89.70762049999998,28161.0,2535.5137099438393,3.2573289902280136,297,304,10,0,294,313,12392,3,0,0,3,-9
2020-08-06,US,Mississippi,Yazoo,807,12,0,32.77890365,-90.39656148,28163.0,2718.0868979454362,1.4869888475836432,795,803,12,0,791,793,28248,4,0,0,4,10
2020-08-06,US,Missouri,Adair,150,0,0,40.19058551,-92.60078167,29001.0,591.879414433966,0.0,150,143,0,0,143,137,25339,7,0,0,7,6
2020-08-06,US,Missouri,Andrew,88,1,0,39.98492163,-94.80163024,29003.0,496.8383017163505,1.1363636363636365,87,87,1,0,86,85,17607,1,0,0,1,2
2020-08-06,US,Missouri,Atchison,14,0,0,40.43238737,-95.42970639,29005.0,272.21466070386936,0.0,14,14,0,0,14,12,5171,0,0,0,0,2
2020-08-06,US,Missouri,Audrain,198,1,0,39.215877,-91.84242683,29007.0,779.896013864818,0.5050505050505051,197,198,1,0,197,194,25473,0,0,0,0,4
2020-08-06,US,Missouri,Barry,245,2,0,36.70978521,-93.82919888,29009.0,684.5678839866997,0.8163265306122449,243,242,2,0,240,233,35886,3,0,0,3,9
2020-08-06,US,Missouri,Barton,66,0,0,37.50207671,-94.34757022,29011.0,561.5109749872383,0.0,66,66,0,0,66,66,11798,0,0,0,0,0
2020-08-06,US,Missouri,Bates,44,1,0,38.25271289,-94.34113157,29013.0,272.0751916893396,2.272727272727273,43,42,1,0,41,40,16320,2,0,0,2,2
2020-08-06,US,Missouri,Benton,87,1,0,38.29503305,-93.28756116,29015.0,447.4618114488505,1.1494252873563218,86,78,1,0,77,75,19278,9,0,0,9,3
2020-08-06,US,Missouri,Bollinger,62,1,0,37.32449052,-90.02725304,29017.0,511.00304953432783,1.6129032258064515,61,59,0,0,59,58,12169,3,1,0,2,1
2020-08-06,US,Missouri,Boone,1297,3,0,38.99186229,-92.30723575,29019.0,718.706881743072,0.2313030069390902,1294,1283,3,0,1280,1259,180005,14,0,0,14,24
2020-08-06,US,Missouri,Buchanan,1075,10,0,39.65816401,-94.80138942,29021.0,1230.4839521999907,0.9302325581395348,1065,1069,10,0,1059,1063,88571,6,0,0,6,6
2020-08-06,US,Missouri,Butler,264,2,0,36.71462476,-90.40421163,29023.0,621.4981872969537,0.7575757575757576,262,253,2,0,251,249,42639,11,0,0,11,4
2020-08-06,US,Missouri,Caldwell,36,1,0,39.65620858,-93.98308093,29025.0,399.1130820399113,2.7777777777777777,35,36,1,0,35,34,9108,0,0,0,0,2
2020-08-06,US,Missouri,Callaway,137,1,0,38.83674754,-91.92186505,29027.0,306.19314753145744,0.7299270072992701,136,133,1,0,132,131,44889,4,0,0,4,2
2020-08-06,US,Missouri,Camden,335,5,0,38.02199522,-92.76083747,29029.0,723.4639887701112,1.492537313432836,330,326,5,0,321,317,45815,9,0,0,9,9
2020-08-06,US,Missouri,Cape Girardeau,627,5,0,37.38489388,-89.6843587,29031.0,794.969000012679,0.7974481658692185,622,614,5,0,609,613,78753,13,0,0,13,1
2020-08-06,US,Missouri,Carroll,99,0,0,39.42762566,-93.50626255,29033.0,1140.6844106463875,0.0,99,99,0,0,99,99,8743,0,0,0,0,0
2020-08-06,US,Missouri,Carter,20,1,0,36.94160441,-90.96051322,29035.0,334.33634236041456,5.0,19,20,1,0,19,21,6054,0,0,0,0,-1
2020-08-06,US,Missouri,Cass,692,9,0,38.64789422,-94.353399,29037.0,654.1879372282095,1.300578034682081,683,679,9,0,670,673,104954,13,0,0,13,6
2020-08-06,US,Missouri,Cedar,37,0,0,37.72391475,-93.85445441,29039.0,257.85769043138896,0.0,37,36,0,0,36,35,14165,1,0,0,1,1
2020-08-06,US,Missouri,Chariton,16,0,0,39.51499357,-92.9629191,29041.0,215.45919741448964,0.0,16,16,0,0,16,17,7451,0,0,0,0,-1
2020-08-06,US,Missouri,Christian,324,1,0,36.9711783,-93.18537118,29043.0,365.7091257971669,0.308641975308642,323,311,1,0,310,300,86983,13,0,0,13,11
2020-08-06,US,Missouri,Clark,18,0,0,40.41040752,-91.73661677,29045.0,264.8227159040753,0.0,18,15,0,0,15,14,6842,3,0,0,3,1
2020-08-06,US,Missouri,Clay,984,20,0,39.31132056,-94.41850862,29047.0,393.6818858322531,2.0325203252032518,964,974,20,0,954,944,246365,10,0,0,10,30
2020-08-06,US,Missouri,Clinton,72,0,0,39.6013098,-94.40465394,29049.0,353.16623338401916,0.0,72,68,0,0,68,65,20470,4,0,0,4,3
2020-08-06,US,Missouri,Cole,362,3,0,38.50455671,-92.27860244,29051.0,471.6919669033813,0.8287292817679558,359,354,3,0,351,338,76796,8,0,0,8,16
2020-08-06,US,Missouri,Cooper,111,0,0,38.844478,-92.80896081,29053.0,626.7999322378453,0.0,111,107,0,0,107,103,17603,4,0,0,4,4
2020-08-06,US,Missouri,Crawford,69,0,0,37.97663738,-91.30528104,29055.0,288.46153846153845,0.0,69,62,0,0,62,58,23957,7,0,0,7,4
2020-08-06,US,Missouri,Dade,14,0,0,37.431814,-93.8503345,29057.0,185.16069303002246,0.0,14,15,0,0,15,21,7569,-1,0,0,-1,-6
2020-08-06,US,Missouri,Dallas,58,1,0,37.6811355,-93.02127031,29059.0,343.6426116838488,1.7241379310344829,57,53,1,0,52,52,16762,5,0,0,5,1
2020-08-06,US,Missouri,Daviess,17,0,0,39.96145298,-93.98519678,29061.0,205.36361439961343,0.0,17,17,0,0,17,17,8313,0,0,0,0,0
2020-08-06,US,Missouri,DeKalb,36,1,0,39.89201062,-94.40476508,29063.0,286.9211763768232,2.7777777777777777,35,35,1,0,34,35,12630,1,0,0,1,0
2020-08-06,US,Missouri,Dent,10,0,0,37.60663134,-91.50790473,29065.0,64.21370320426381,0.0,10,9,0,0,9,9,15441,1,0,0,1,0
2020-08-06,US,Missouri,Douglas,84,2,0,36.9325593,-92.49905109,29067.0,637.0875995449375,2.380952380952381,82,83,2,0,81,83,13373,1,0,0,1,0
2020-08-06,US,Missouri,Dunklin,288,4,0,36.27167174,-90.09122243,29069.0,988.6375338985961,1.3888888888888888,284,276,4,0,272,267,29423,12,0,0,12,9
2020-08-06,US,Missouri,Franklin,586,18,0,38.41127108,-91.07522826,29071.0,563.6403858916773,3.0716723549488054,568,566,18,0,548,554,103670,20,0,0,20,12
2020-08-06,US,Missouri,Gasconade,20,0,0,38.43947277,-91.50847147,29073.0,135.99891200870394,0.0,20,20,0,0,20,21,14705,0,0,0,0,-1
2020-08-06,US,Missouri,Gentry,83,9,0,40.21097916,-94.40944419,29075.0,1263.125856034089,10.843373493975903,74,82,9,0,73,82,6628,1,0,0,1,0
2020-08-06,US,Missouri,Greene,1400,10,0,37.2575872,-93.34230916,29077.0,477.6754945647354,0.7142857142857143,1390,1350,10,0,1340,1301,291923,50,0,0,50,49
2020-08-06,US,Missouri,Grundy,25,1,0,40.11406587,-93.56509276,29079.0,253.8071065989848,4.0,24,25,1,0,24,25,9914,0,0,0,0,0
2020-08-06,US,Missouri,Harrison,59,1,0,40.35570088,-93.99222144,29081.0,706.4176245210726,1.6949152542372878,58,60,1,0,59,60,8414,-1,0,0,-1,0
2020-08-06,US,Missouri,Henry,76,3,0,38.38482826,-93.79293734,29083.0,348.2404692082112,3.947368421052632,73,73,3,0,70,73,21792,3,0,0,3,0
2020-08-06,US,Missouri,Hickory,25,0,0,37.94163617,-93.3203037,29085.0,261.9446772841576,0.0,25,21,0,0,21,17,9509,4,0,0,4,4
2020-08-06,US,Missouri,Holt,6,0,0,40.09799248,-95.2163888,29087.0,136.2707245060186,0.0,6,6,0,0,6,6,4404,0,0,0,0,0
2020-08-06,US,Missouri,Howard,47,0,0,39.1435761,-92.69756691,29089.0,469.95300469952997,0.0,47,47,0,0,47,47,10137,0,0,0,0,0
2020-08-06,US,Missouri,Howell,145,2,0,36.77383887,-91.88683935,29091.0,361.4427798688835,1.3793103448275863,143,143,2,0,141,142,40076,2,0,0,2,1
2020-08-06,US,Missouri,Iron,23,0,0,37.55487945,-90.7735296,29093.0,227.16049382716045,0.0,23,22,0,0,22,20,10177,1,0,0,1,2
2020-08-06,US,Missouri,Jackson,3810,62,0,39.01002188,-94.34724536,29095.0,541.9545355620324,1.627296587926509,3748,3713,61,0,3652,3639,700307,97,1,0,96,74
2020-08-06,US,Missouri,Jasper,1706,28,0,37.20351921,-94.34050458,29097.0,1406.1057628906765,1.64126611957796,1678,1694,27,0,1667,1675,120636,12,1,0,11,19
2020-08-06,US,Missouri,Jefferson,1510,24,0,38.25926778,-90.53870896,29099.0,670.869598055811,1.5894039735099337,1486,1486,24,0,1462,1428,224347,24,0,0,24,58
2020-08-06,US,Missouri,Johnson,476,2,0,38.74719601,-93.80691168,29101.0,880.4705708260885,0.4201680672268908,474,474,2,0,472,473,53652,2,0,0,2,1
2020-08-06,US,Missouri,Kansas City,6365,58,0,39.0997,-94.5786,0.0,1301.787733948538,0.9112333071484682,6307,6268,57,0,6211,6137,491918,97,1,0,96,131
2020-08-06,US,Missouri,Knox,26,0,0,40.12699751,-92.14780832,29103.0,656.7314978529931,0.0,26,24,0,0,24,19,3947,2,0,0,2,5
2020-08-06,US,Missouri,Laclede,191,1,0,37.65896829,-92.5888493,29105.0,534.6695406320857,0.5235602094240838,190,197,1,0,196,199,35713,-6,0,0,-6,-2
2020-08-06,US,Missouri,Lafayette,171,2,0,39.06986886,-93.78076396,29107.0,522.8078757490522,1.1695906432748535,169,166,2,0,164,164,32598,5,0,0,5,2
2020-08-06,US,Missouri,Lawrence,205,2,0,37.10626634,-93.83293097,29109.0,534.480511015513,0.975609756097561,203,202,2,0,200,195,38359,3,0,0,3,7
2020-08-06,US,Missouri,Lewis,37,1,0,40.09673161,-91.72070156,29111.0,378.47790507364977,2.702702702702702,36,35,1,0,34,34,9855,2,0,0,2,1
2020-08-06,US,Missouri,Lincoln,352,1,0,39.05345619,-90.95588181,29113.0,596.4787419721079,0.2840909090909091,351,343,1,0,342,331,57686,9,0,0,9,12
2020-08-06,US,Missouri,Linn,30,1,0,39.87001769,-93.10704106,29115.0,251.6778523489933,3.333333333333333,29,31,1,0,30,30,12037,-1,0,0,-1,1
2020-08-06,US,Missouri,Livingston,54,0,0,39.78110272,-93.54645978,29117.0,354.6332173113548,0.0,54,53,0,0,53,53,15146,1,0,0,1,0
2020-08-06,US,Missouri,Macon,56,0,0,39.83049768,-92.56453089,29121.0,370.44387113845335,0.0,56,55,0,0,55,54,15153,1,0,0,1,1
2020-08-06,US,Missouri,Madison,24,0,0,37.47865134,-90.3467143,29123.0,198.5440105890139,0.0,24,18,0,0,18,17,12188,6,0,0,6,1
2020-08-06,US,Missouri,Maries,20,0,0,38.16193985,-91.92249662,29125.0,229.96435552489362,0.0,20,18,0,0,18,17,8769,2,0,0,2,1
2020-08-06,US,Missouri,Marion,171,1,0,39.80601912,-91.62203062,29127.0,599.3690851735016,0.5847953216374269,170,164,1,0,163,160,28592,7,0,0,7,4
2020-08-06,US,Missouri,McDonald,946,7,0,36.62869595,-94.34867205,29119.0,4142.400490432195,0.7399577167019028,939,942,7,0,935,940,23078,4,0,0,4,2
2020-08-06,US,Missouri,Mercer,10,0,0,40.42212303,-93.5682959,29129.0,276.4722145424385,0.0,10,11,0,0,11,10,3641,-1,0,0,-1,1
2020-08-06,US,Missouri,Miller,111,1,0,38.21450288,-92.42610898,29131.0,433.2721808033101,0.9009009009009008,110,109,0,0,109,107,25336,2,1,0,1,2
2020-08-06,US,Missouri,Mississippi,134,0,0,36.82516239,-89.29505753,29133.0,1016.6919575113808,0.0,134,133,0,0,133,131,13336,1,0,0,1,2
2020-08-06,US,Missouri,Moniteau,138,2,0,38.63571781,-92.57976951,29135.0,855.4425985618648,1.4492753623188406,136,136,2,0,134,130,16121,2,0,0,2,6
2020-08-06,US,Missouri,Monroe,26,0,0,39.49593978,-92.00043978,29137.0,300.7866728366497,0.0,26,24,0,0,24,22,8664,2,0,0,2,2
2020-08-06,US,Missouri,Montgomery,41,0,0,38.94022054,-91.47000721,29139.0,354.9476235823738,0.0,41,41,0,0,41,40,11534,0,0,0,0,1
2020-08-06,US,Missouri,Morgan,76,0,0,38.4181765,-92.88791859,29141.0,368.44912008532486,0.0,76,74,0,0,74,71,20358,2,0,0,2,3
2020-08-06,US,Missouri,New Madrid,216,1,0,36.59666326,-89.66070007,29143.0,1264.9332396345744,0.462962962962963,215,205,1,0,204,200,17296,11,0,0,11,5
2020-08-06,US,Missouri,Newton,844,6,0,36.90519407,-94.3394104,29145.0,1449.2753623188407,0.7109004739336493,838,833,6,0,827,828,58266,11,0,0,11,5
2020-08-06,US,Missouri,Nodaway,174,0,0,40.36079813,-94.88133008,29147.0,787.6154263986964,0.0,174,168,0,0,168,165,22304,6,0,0,6,3
2020-08-06,US,Missouri,Oregon,14,0,0,36.68710164,-91.4033755,29149.0,132.96609364612024,0.0,14,14,0,0,14,14,10541,0,0,0,0,0
2020-08-06,US,Missouri,Osage,44,1,0,38.46036182,-91.8613635,29151.0,323.172970987881,2.272727272727273,43,46,1,0,45,45,13714,-2,0,0,-2,1
2020-08-06,US,Missouri,Ozark,9,0,0,36.64916339,-92.44459066,29153.0,98.10333551340746,0.0,9,8,0,0,8,8,9017,1,0,0,1,0
2020-08-06,US,Missouri,Pemiscot,227,9,0,36.2130572,-89.78742322,29155.0,1436.2543498892755,3.9647577092511015,218,226,9,0,217,220,16272,1,0,0,1,6
2020-08-06,US,Missouri,Perry,218,4,0,37.70660776,-89.82741088,29157.0,1139.2140468227424,1.834862385321101,214,214,4,0,210,211,19150,4,0,0,4,3
2020-08-06,US,Missouri,Pettis,473,3,0,38.72798918,-93.28471706,29159.0,1117.1732917640943,0.6342494714587738,470,454,3,0,451,450,42542,19,0,0,19,4
2020-08-06,US,Missouri,Phelps,84,0,0,37.87736118,-91.79351727,29161.0,188.4548942184731,0.0,84,79,0,0,79,76,44732,5,0,0,5,3
2020-08-06,US,Missouri,Pike,86,1,0,39.34310674,-91.16980779,29163.0,469.89400065566605,1.162790697674419,85,79,1,0,78,78,18504,7,0,0,7,1
2020-08-06,US,Missouri,Platte,338,10,0,39.38154439,-94.77068479,29165.0,323.69897910321976,2.9585798816568047,328,332,11,0,321,328,102985,6,-1,0,7,4
2020-08-06,US,Missouri,Polk,200,0,0,37.6162296,-93.39828174,29167.0,622.1033313633394,0.0,200,196,0,0,196,194,32201,4,0,0,4,2
2020-08-06,US,Missouri,Pulaski,195,1,0,37.82462075,-92.20783203,29169.0,370.67310433972665,0.5128205128205128,194,192,1,0,191,187,52014,3,0,0,3,5
2020-08-06,US,Missouri,Putnam,13,1,0,40.47942497,-93.02042674,29171.0,276.83134582623507,7.6923076923076925,12,13,1,0,12,12,4757,0,0,0,0,1
2020-08-06,US,Missouri,Ralls,25,0,0,39.52817427,-91.51838643,29173.0,242.5065476767873,0.0,25,25,0,0,25,25,10212,0,0,0,0,0
2020-08-06,US,Missouri,Randolph,64,1,0,39.44007257,-92.4971374,29175.0,258.60675610150315,1.5625,63,60,1,0,59,57,24763,4,0,0,4,3
2020-08-06,US,Missouri,Ray,117,0,0,39.3537468,-93.98905745,29177.0,508.297853853506,0.0,117,110,0,0,110,103,22883,7,0,0,7,7
2020-08-06,US,Missouri,Reynolds,16,0,0,37.36085952,-90.97009925,29179.0,255.18341307814998,0.0,16,16,0,0,16,16,6254,0,0,0,0,0
2020-08-06,US,Missouri,Ripley,48,0,0,36.65460667,-90.85990261,29181.0,361.2281757977122,0.0,48,47,0,0,47,46,13401,1,0,0,1,1
2020-08-06,US,Missouri,Saline,421,7,0,39.13734288,-93.20259964,29195.0,1849.655111814068,1.66270783847981,414,421,7,0,414,416,22895,0,0,0,0,5
2020-08-06,US,Missouri,Schuyler,10,0,0,40.46921489,-92.52311943,29197.0,214.5922746781116,0.0,10,9,0,0,9,9,4599,1,0,0,1,0
2020-08-06,US,Missouri,Scotland,14,1,0,40.45214695,-92.14709064,29199.0,285.5977152182782,7.142857142857142,13,14,1,0,13,12,4966,0,0,0,0,2
2020-08-06,US,Missouri,Scott,368,13,0,37.05588075,-89.56474493,29201.0,961.337513061651,3.532608695652174,355,358,13,0,345,356,38458,10,0,0,10,2
2020-08-06,US,Missouri,Shannon,43,1,0,37.15772072,-91.40190382,29203.0,526.573597844722,2.3255813953488373,42,44,1,0,43,43,8189,-1,0,0,-1,1
2020-08-06,US,Missouri,Shelby,31,0,0,39.79742518,-92.07634971,29205.0,522.7655986509275,0.0,31,29,0,0,29,30,6050,2,0,0,2,-1
2020-08-06,US,Missouri,St. Charles,3895,87,0,38.77875681,-90.66662425,29183.0,968.8524508608984,2.233632862644416,3808,3842,87,0,3755,3749,399182,53,0,0,53,93
2020-08-06,US,Missouri,St. Clair,18,0,0,38.03699437,-93.77631447,29185.0,191.5504948387783,0.0,18,19,0,0,19,19,9395,-1,0,0,-1,0
2020-08-06,US,Missouri,St. Francois,344,2,0,37.81214171,-90.47598685,29187.0,511.79052294874657,0.5813953488372093,342,334,2,0,332,320,66692,10,0,0,10,14
2020-08-06,US,Missouri,St. Louis,14362,653,0,38.63770039999999,-90.4458375,29189.0,1444.5712906291965,4.5467205124634456,13709,14074,652,0,13422,13788,996945,288,1,0,287,286
2020-08-06,US,Missouri,St. Louis City,5002,171,0,38.63555736,-90.24349225,29510.0,1664.1381880123495,3.418632546981208,4831,4857,171,0,4686,4740,302838,145,0,0,145,117
2020-08-06,US,Missouri,Ste. Genevieve,51,1,0,37.89090059,-90.1949941,29186.0,285.0117357773555,1.96078431372549,50,51,1,0,50,48,17888,0,0,0,0,3
2020-08-06,US,Missouri,Stoddard,220,9,0,36.85571651,-89.9444155,29207.0,757.9672695951767,4.090909090909091,211,215,9,0,206,212,29206,5,0,0,5,3
2020-08-06,US,Missouri,Stone,111,1,0,36.75000327,-93.45256475,29209.0,347.3960941412118,0.9009009009009008,110,106,1,0,105,95,31749,5,0,0,5,11
2020-08-06,US,Missouri,Sullivan,140,0,0,40.2099105,-93.11150106,29211.0,2299.2281162752506,0.0,140,139,0,0,139,137,6221,1,0,0,1,2
2020-08-06,US,Missouri,Taney,521,3,0,36.65465345,-93.04075153,29213.0,931.554856243742,0.5758157389635317,518,507,3,0,504,480,55852,14,0,0,14,27
2020-08-06,US,Missouri,Texas,47,0,0,37.31728859,-91.96564727,29215.0,185.05394125521698,0.0,47,45,0,0,45,43,25571,2,0,0,2,2
2020-08-06,US,Missouri,Vernon,48,0,0,37.8457799,-94.34127305,29217.0,233.42897437144381,0.0,48,47,0,0,47,47,20528,1,0,0,1,0
2020-08-06,US,Missouri,Warren,189,0,0,38.76529479,-91.16124662,29219.0,530.1691492047463,0.0,189,185,0,0,185,180,34711,4,0,0,4,5
2020-08-06,US,Missouri,Washington,67,1,0,37.96130078,-90.87948158,29221.0,270.9260008087344,1.492537313432836,66,66,1,0,65,60,24943,1,0,0,1,6
2020-08-06,US,Missouri,Wayne,52,0,0,37.11303869,-90.46001416,29223.0,403.9462440767498,0.0,52,45,0,0,45,44,13122,7,0,0,7,1
2020-08-06,US,Missouri,Webster,128,1,0,37.2813734,-92.876329,29225.0,323.29763588603765,0.78125,127,125,1,0,124,123,39109,3,0,0,3,2
2020-08-06,US,Missouri,Worth,9,0,0,40.47945588,-94.42328751,29227.0,447.0938897168405,0.0,9,9,0,0,9,9,2040,0,0,0,0,0
2020-08-06,US,Missouri,Wright,60,0,0,37.27029221,-92.46914488,29229.0,328.06605063152716,0.0,60,58,0,0,58,58,18378,2,0,0,2,0
2020-08-06,US,Montana,Beaverhead,58,0,0,45.13434354,-112.89846940000001,30001.0,613.5618322225748,0.0,58,57,0,0,57,50,9404,1,0,0,1,7
2020-08-06,US,Montana,Big Horn,394,11,0,45.42335905,-107.492347,30003.0,2958.1800435468126,2.7918781725888326,383,375,11,0,364,363,13338,19,0,0,19,12
2020-08-06,US,Montana,Blaine,10,0,0,48.43175214,-108.9582723,30005.0,149.678191887442,0.0,10,10,0,0,10,9,6807,0,0,0,0,1
2020-08-06,US,Montana,Broadwater,11,0,0,46.33277565,-111.49558130000001,30007.0,176.36684303350967,0.0,11,11,0,0,11,11,6085,0,0,0,0,0
2020-08-06,US,Montana,Carbon,60,0,0,45.22850116,-109.0274047,30009.0,559.4405594405595,0.0,60,60,0,0,60,60,10714,0,0,0,0,0
2020-08-06,US,Montana,Cascade,161,2,0,47.30797024,-111.3467922,30013.0,197.87134675417246,1.2422360248447204,159,159,2,0,157,154,81643,2,0,0,2,5
2020-08-06,US,Montana,Chouteau,7,0,0,47.88084126,-110.4353362,30015.0,124.22360248447204,0.0,7,7,0,0,7,7,5745,0,0,0,0,0
2020-08-06,US,Montana,Custer,58,2,0,46.25319932,-105.57375259999998,30017.0,508.68268724785133,3.4482758620689653,56,58,2,0,56,53,11586,0,0,0,0,5
2020-08-06,US,Montana,Daniels,3,0,0,48.78420029,-105.54763429999998,30019.0,177.5147928994083,0.0,3,3,0,0,3,3,1747,0,0,0,0,0
2020-08-06,US,Montana,Dawson,16,0,0,47.26584855,-104.89444170000002,30021.0,185.76570300708232,0.0,16,16,0,0,16,16,8680,0,0,0,0,0
2020-08-06,US,Montana,Deer Lodge,23,0,0,46.05953325,-113.073353,30023.0,251.64113785557987,0.0,23,23,0,0,23,22,9131,0,0,0,0,1
2020-08-06,US,Montana,Fallon,2,0,0,46.33478338,-104.41835649999999,30025.0,70.27406886858749,0.0,2,2,0,0,2,2,2920,0,0,0,0,0
2020-08-06,US,Montana,Fergus,9,0,0,47.26331584,-109.2245206,30027.0,81.44796380090497,0.0,9,8,0,0,8,7,11113,1,0,0,1,1
2020-08-06,US,Montana,Flathead,301,2,0,48.29575866,-114.05205690000001,30029.0,289.96397125407015,0.6644518272425249,299,276,2,0,274,272,102106,25,0,0,25,4
2020-08-06,US,Montana,Gallatin,908,3,0,45.54486106,-111.1692571,30031.0,793.470472062499,0.3303964757709251,905,887,3,0,884,874,111876,21,0,0,21,13
2020-08-06,US,Montana,Garfield,12,0,0,47.27545948,-107.0002351,30033.0,953.8950715421304,0.0,12,12,0,0,12,12,1268,0,0,0,0,0
2020-08-06,US,Montana,Glacier,63,1,0,48.70513576,-112.9934235,30035.0,458.0818730458809,1.5873015873015872,62,60,1,0,59,58,13747,3,0,0,3,2
2020-08-06,US,Montana,Golden Valley,3,0,0,46.3816474,-109.17685220000001,30037.0,365.4080389768576,0.0,3,3,0,0,3,3,826,0,0,0,0,0
2020-08-06,US,Montana,Granite,13,0,0,46.40605220000001,-113.4414186,30039.0,384.72920982539216,0.0,13,13,0,0,13,8,3378,0,0,0,0,5
2020-08-06,US,Montana,Hill,41,0,0,48.62879827,-110.1129252,30041.0,248.7260373695705,0.0,41,41,0,0,41,41,16347,0,0,0,0,0
2020-08-06,US,Montana,Jefferson,27,0,0,46.14907081,-112.094396,30043.0,220.9311840274937,0.0,27,27,0,0,27,27,12097,0,0,0,0,0
2020-08-06,US,Montana,Judith Basin,3,0,0,47.04581276,-110.26606880000001,30045.0,149.47683109118088,0.0,3,3,0,0,3,3,1952,0,0,0,0,0
2020-08-06,US,Montana,Lake,176,1,0,47.64514965,-114.0898013,30047.0,577.844901175389,0.5681818181818182,175,170,1,0,169,169,30250,6,0,0,6,1
2020-08-06,US,Montana,Lewis and Clark,151,1,0,47.12610041,-112.39469799999999,30049.0,217.47897223182395,0.6622516556291391,150,147,1,0,146,145,68700,4,0,0,4,2
2020-08-06,US,Montana,Liberty,1,0,0,48.56084317,-111.02430700000001,30051.0,42.78990158322636,0.0,1,1,0,0,1,1,2430,0,0,0,0,0
2020-08-06,US,Montana,Lincoln,73,2,0,48.54265777,-115.4046155,30053.0,365.3653653653654,2.7397260273972597,71,73,2,0,71,71,19794,0,0,0,0,2
2020-08-06,US,Montana,Madison,79,1,0,45.30080065,-111.9173017,30057.0,918.6046511627907,1.2658227848101269,78,78,1,0,77,78,8768,1,0,0,1,0
2020-08-06,US,Montana,McCone,3,0,0,47.64469406,-105.79449939999999,30055.0,180.2884615384616,0.0,3,2,0,0,2,2,1675,1,0,0,1,0
2020-08-06,US,Montana,Meagher,4,0,0,46.59907074,-110.8898557,30059.0,214.8227712137487,0.0,4,4,0,0,4,4,1866,0,0,0,0,0
2020-08-06,US,Montana,Missoula,298,0,0,47.03728583,-113.92135079999998,30063.0,249.16387959866225,0.0,298,267,1,0,266,267,118791,31,-1,0,32,0
2020-08-06,US,Montana,Musselshell,3,0,0,46.49684637,-108.39498,30065.0,64.7528599179797,0.0,3,2,0,0,2,2,4651,1,0,0,1,0
2020-08-06,US,Montana,Park,55,0,0,45.48965095,-110.52643940000002,30067.0,331.20558834156327,0.0,55,54,0,0,54,52,16736,1,0,0,1,2
2020-08-06,US,Montana,Phillips,5,0,0,48.25936577,-107.9128511,30071.0,126.45422357106727,0.0,5,5,0,0,5,,4074,0,0,0,0,
2020-08-06,US,Montana,Pondera,10,0,0,48.22773388,-112.22527029999999,30073.0,169.1761123329386,0.0,10,10,0,0,10,9,5972,0,0,0,0,1
2020-08-06,US,Montana,Powder River,1,0,0,45.39617714,-105.636738,30075.0,59.453032104637344,0.0,1,1,0,0,1,1,1716,0,0,0,0,0
2020-08-06,US,Montana,Powell,2,0,0,46.85538891,-112.93591640000001,30077.0,29.027576197387518,0.0,2,2,0,0,2,2,6968,0,0,0,0,0
2020-08-06,US,Montana,Prairie,1,0,0,46.86048047,-105.379384,30079.0,92.85051067780873,0.0,1,1,0,0,1,1,1087,0,0,0,0,0
2020-08-06,US,Montana,Ravalli,74,1,0,46.08520862,-114.11891640000002,30081.0,168.9266310551066,1.351351351351351,73,74,1,0,73,74,43172,0,0,0,0,0
2020-08-06,US,Montana,Richland,47,2,0,47.78668011,-104.5610786,30083.0,435.0643339813015,4.25531914893617,45,47,2,0,45,46,10913,0,0,0,0,1
2020-08-06,US,Montana,Roosevelt,21,0,0,48.29607488,-105.00792679999999,30085.0,190.83969465648855,0.0,21,20,0,0,20,20,11059,1,0,0,1,0
2020-08-06,US,Montana,Rosebud,32,1,0,46.23397237,-106.72928799999998,30087.0,358.0619894819291,3.125,31,31,1,0,30,23,9063,1,0,0,1,8
2020-08-06,US,Montana,Sanders,9,0,0,47.67657534,-115.1329916,30089.0,74.30033847931973,0.0,9,9,0,0,9,9,11844,0,0,0,0,0
2020-08-06,US,Montana,Sheridan,4,0,0,48.72085833,-104.50382900000001,30091.0,120.88244182532488,0.0,4,4,0,0,4,3,3424,0,0,0,0,1
2020-08-06,US,Montana,Silver Bow,75,0,0,45.90018933,-112.6620092,30093.0,214.80738937419446,0.0,75,75,0,0,75,67,34993,0,0,0,0,8
2020-08-06,US,Montana,Stillwater,22,0,0,45.67071407,-109.3950061,30095.0,228.16842978635137,0.0,22,20,0,0,20,20,9534,2,0,0,2,0
2020-08-06,US,Montana,Sweet Grass,5,1,0,45.81367654,-109.9425686,30097.0,133.7971635001338,20.0,4,5,1,0,4,4,3710,0,0,0,0,1
2020-08-06,US,Montana,Teton,15,0,0,47.83741052,-112.24106880000001,30099.0,244.0214738897023,0.0,15,15,0,0,15,15,6162,0,0,0,0,0
2020-08-06,US,Montana,Toole,40,6,0,48.65577551,-111.69424140000001,30101.0,844.5945945945946,15.0,34,36,6,0,30,35,4853,4,0,0,4,1
2020-08-06,US,Montana,Treasure,2,0,0,46.20973220000001,-107.26665159999999,30103.0,287.3563218390805,0.0,2,2,0,0,2,2,679,0,0,0,0,0
2020-08-06,US,Montana,Valley,14,0,0,48.36435097,-106.6669635,30105.0,189.29150892374253,0.0,14,13,0,0,13,13,7437,1,0,0,1,0
2020-08-06,US,Montana,Wheatland,3,0,0,46.46652491,-109.84646359999999,30107.0,141.11006585136406,0.0,3,3,0,0,3,3,2236,0,0,0,0,0
2020-08-06,US,Montana,Wibaux,3,0,0,46.95925154,-104.2510927,30109.0,309.59752321981426,0.0,3,3,0,0,3,3,1034,0,0,0,0,0
2020-08-06,US,Montana,Yellowstone,1191,28,0,45.93955949,-108.26914860000001,30111.0,738.3756974581528,2.3509655751469354,1163,1144,27,0,1117,1118,160137,47,1,0,46,26
2020-08-06,US,Nebraska,Adams,350,11,0,40.52449420000001,-98.50117804,31001.0,1115.964671746963,3.1428571428571432,339,346,11,0,335,346,31511,4,0,0,4,0
2020-08-06,US,Nebraska,Antelope,19,1,0,42.17695516,-98.06662829999999,31003.0,301.6830739917434,5.2631578947368425,18,19,1,0,18,19,6336,0,0,0,0,0
2020-08-06,US,Nebraska,Arthur,1,0,0,41.56896142,-101.6959559,31005.0,215.98272138228938,0.0,1,,,,,,465,,,,,
2020-08-06,US,Nebraska,Banner,2,0,0,41.54634427,-103.7114332,31007.0,268.4563758389262,0.0,2,2,0,0,2,2,730,0,0,0,0,0
2020-08-06,US,Nebraska,Boone,7,0,0,41.70759415,-98.06737183,31011.0,134.82280431432974,0.0,7,7,0,0,7,7,5239,0,0,0,0,0
2020-08-06,US,Nebraska,Box Butte,11,0,0,42.22079243,-103.08788340000001,31013.0,102.01242696837616,0.0,11,11,0,0,11,11,10772,0,0,0,0,0
2020-08-06,US,Nebraska,Boyd,4,0,0,42.899727399999996,-98.76486568,31015.0,208.4418968212611,0.0,4,1,0,0,1,1,1955,3,0,0,3,0
2020-08-06,US,Nebraska,Buffalo,385,1,0,40.85486962,-99.07500296,31019.0,775.2874604804769,0.2597402597402597,384,376,1,0,375,360,49615,9,0,0,9,16
2020-08-06,US,Nebraska,Burt,29,0,0,41.85056773,-96.32605633,31021.0,448.98591113175416,0.0,29,26,0,0,26,25,6488,3,0,0,3,1
2020-08-06,US,Nebraska,Butler,58,0,0,41.22703692,-97.13106306,31023.0,723.5528942115767,0.0,58,57,0,0,57,57,8058,1,0,0,1,0
2020-08-06,US,Nebraska,Cass,169,2,0,40.90899107,-96.13971217,31025.0,643.8585797013105,1.183431952662722,167,163,2,0,161,160,26159,6,0,0,6,3
2020-08-06,US,Nebraska,Cedar,22,0,0,42.598885100000004,-97.25311951,31027.0,261.8424184717924,0.0,22,22,0,0,22,21,8446,0,0,0,0,1
2020-08-06,US,Nebraska,Chase,6,0,0,40.523719799999995,-101.69780259999999,31029.0,152.9051987767584,0.0,6,6,0,0,6,6,3977,0,0,0,0,0
2020-08-06,US,Nebraska,Cherry,4,0,0,42.54502621,-101.1244332,31031.0,70.31112673580594,0.0,4,4,0,0,4,4,5761,0,0,0,0,0
2020-08-06,US,Nebraska,Cheyenne,26,0,0,41.21999357,-102.9941693,31033.0,291.8069584736251,0.0,26,26,0,0,26,26,9310,0,0,0,0,0
2020-08-06,US,Nebraska,Clay,49,0,0,40.52439441,-98.05126296,31035.0,789.9403514428502,0.0,49,49,0,0,49,48,6214,0,0,0,0,1
2020-08-06,US,Nebraska,Colfax,698,4,0,41.57486951,-97.0868542,31037.0,6517.882155196564,0.5730659025787965,694,696,4,0,692,695,10881,2,0,0,2,1
2020-08-06,US,Nebraska,Cuming,67,0,0,41.91637624,-96.78730772,31039.0,757.4044765995932,0.0,67,65,0,0,65,63,8940,2,0,0,2,2
2020-08-06,US,Nebraska,Custer,42,4,0,41.39374521,-99.72805369,31041.0,389.71884568989515,9.523809523809524,38,43,4,0,39,43,10840,-1,0,0,-1,0
2020-08-06,US,Nebraska,Dakota,1915,41,0,42.39040144,-96.56656425,31043.0,9562.568660741037,2.140992167101828,1874,1908,41,0,1867,1904,20083,7,0,0,7,4
2020-08-06,US,Nebraska,Dawes,9,0,0,42.71985036,-103.1313774,31045.0,104.78519035976248,0.0,9,9,0,0,9,8,8716,0,0,0,0,1
2020-08-06,US,Nebraska,Dawson,954,9,0,40.87028216,-99.82014609999999,31047.0,4043.229497774953,0.9433962264150944,945,951,9,0,942,950,23709,3,0,0,3,1
2020-08-06,US,Nebraska,Deuel,2,0,0,41.11168186,-102.33333309999999,31049.0,111.48272017837236,0.0,2,2,0,0,2,1,1825,0,0,0,0,1
2020-08-06,US,Nebraska,Dixon,57,2,0,42.49188363,-96.86782408,31051.0,1011.3555713271824,3.5087719298245608,55,57,2,0,55,57,5709,0,0,0,0,0
2020-08-06,US,Nebraska,Dodge,788,8,0,41.58071748,-96.65598179,31053.0,2155.0663202516066,1.0152284263959392,780,784,8,0,776,781,36791,4,0,0,4,3
2020-08-06,US,Nebraska,Douglas,11022,131,0,41.29518299,-96.15085305,31055.0,1929.192914040471,1.1885320268553798,10891,10875,131,0,10744,10719,566880,147,0,0,147,156
2020-08-06,US,Nebraska,Dundy,1,0,0,40.17638677,-101.6876522,31057.0,59.06674542232722,0.0,1,1,0,0,1,1,1770,0,0,0,0,0
2020-08-06,US,Nebraska,Fillmore,24,1,0,40.52458567,-97.59646937,31059.0,439.3994873672647,4.166666666666667,23,24,1,0,23,24,5527,0,0,0,0,0
2020-08-06,US,Nebraska,Franklin,12,0,0,40.17636348,-98.95299073,31061.0,402.81973816717016,0.0,12,10,0,0,10,9,3023,2,0,0,2,1
2020-08-06,US,Nebraska,Frontier,3,0,0,40.52993007,-100.3924658,31063.0,114.19870574800152,0.0,3,3,0,0,3,3,2608,0,0,0,0,0
2020-08-06,US,Nebraska,Furnas,15,1,0,40.17642064,-99.91247454,31065.0,320.786997433704,6.666666666666668,14,15,1,0,14,15,4715,0,0,0,0,0
2020-08-06,US,Nebraska,Gage,87,4,0,40.26186809,-96.68946704,31067.0,404.40663784688326,4.597701149425287,83,83,4,0,79,82,21493,4,0,0,4,1
2020-08-06,US,Nebraska,Garden,4,0,0,41.61703149,-102.3313973,31069.0,217.74632553075668,0.0,4,4,0,0,4,4,1897,0,0,0,0,0
2020-08-06,US,Nebraska,Garfield,3,0,0,41.91428955,-98.99111827,31071.0,152.36160487557137,0.0,3,3,0,0,3,3,1987,0,0,0,0,0
2020-08-06,US,Nebraska,Gosper,19,0,0,40.51481965,-99.83020279,31073.0,954.7738693467336,0.0,19,19,0,0,19,19,1996,0,0,0,0,0
2020-08-06,US,Nebraska,Greeley,9,0,0,41.56742671,-98.52150266,31077.0,382.00339558573853,0.0,9,9,0,0,9,9,2356,0,0,0,0,0
2020-08-06,US,Nebraska,Hall,1734,45,0,40.87257079,-98.50218293,31079.0,2826.267664172901,2.5951557093425603,1689,1727,45,0,1682,1721,61607,7,0,0,7,6
2020-08-06,US,Nebraska,Hamilton,99,12,0,40.87349452,-98.02099117,31081.0,1061.776061776062,12.12121212121212,87,97,12,0,85,96,9280,2,0,0,2,1
2020-08-06,US,Nebraska,Harlan,1,0,0,40.17658508,-99.40438879,31083.0,29.58579881656805,0.0,1,1,0,0,1,1,3401,0,0,0,0,0
2020-08-06,US,Nebraska,Hitchcock,1,0,0,40.17609175,-101.04164770000001,31087.0,36.205648081100655,0.0,1,1,0,0,1,1,2806,0,0,0,0,0
2020-08-06,US,Nebraska,Holt,12,0,0,42.45522056,-98.78402558,31089.0,119.20135094864409,0.0,12,12,0,0,12,11,10178,0,0,0,0,1
2020-08-06,US,Nebraska,Hooker,4,0,0,41.91586243,-101.1354293,31091.0,586.5102639296188,0.0,4,4,0,0,4,4,682,0,0,0,0,0
2020-08-06,US,Nebraska,Howard,55,4,0,41.2200529,-98.5166499,31093.0,853.3747090768037,7.272727272727272,51,55,4,0,51,55,6468,0,0,0,0,0
2020-08-06,US,Nebraska,Jefferson,15,0,0,40.17584531,-97.142601,31095.0,212.88674425205792,0.0,15,14,0,0,14,14,7097,1,0,0,1,0
2020-08-06,US,Nebraska,Johnson,13,0,0,40.39257596,-96.26522753,31097.0,256.35969236836917,0.0,13,13,0,0,13,13,5134,0,0,0,0,0
2020-08-06,US,Nebraska,Kearney,49,0,0,40.50663314,-98.94877182,31099.0,754.4264819091609,0.0,49,43,0,0,43,34,6544,6,0,0,6,9
2020-08-06,US,Nebraska,Keith,20,0,0,41.19930341,-101.66201640000001,31101.0,248.94199651481205,0.0,20,19,0,0,19,19,8021,1,0,0,1,0
2020-08-06,US,Nebraska,Kimball,15,0,0,41.19774275,-103.7148131,31105.0,412.9955947136564,0.0,15,15,0,0,15,15,3618,0,0,0,0,0
2020-08-06,US,Nebraska,Knox,34,0,0,42.63758421,-97.89178836,31107.0,408.0652904464714,0.0,34,33,0,0,33,32,8419,1,0,0,1,1
2020-08-06,US,Nebraska,Lancaster,3219,17,0,40.78416049,-96.68777155,31109.0,1008.8062928954214,0.5281143212177695,3202,3180,17,0,3163,3163,317272,39,0,0,39,17
2020-08-06,US,Nebraska,Lincoln,97,2,0,41.04658298,-100.74753740000001,31111.0,277.82551412041016,2.061855670103093,95,94,2,0,92,93,35185,3,0,0,3,1
2020-08-06,US,Nebraska,Madison,434,5,0,41.91676024,-97.6005481,31119.0,1236.5024644576768,1.1520737327188941,429,427,5,0,422,424,35392,7,0,0,7,3
2020-08-06,US,Nebraska,McPherson,5,0,0,41.56797682,-101.05993620000001,31117.0,1012.1457489878543,0.0,5,4,0,0,4,4,492,1,0,0,1,0
2020-08-06,US,Nebraska,Merrick,59,0,0,41.16624273,-98.0374887,31121.0,760.7994842037398,0.0,59,57,0,0,57,55,7733,2,0,0,2,2
2020-08-06,US,Nebraska,Morrill,58,0,0,41.71711774,-103.0061405,31123.0,1249.4614390348986,0.0,58,58,0,0,58,58,4686,0,0,0,0,0
2020-08-06,US,Nebraska,Nance,8,0,0,41.39750195,-97.99327291,31125.0,227.33731173628868,0.0,8,8,0,0,8,8,3532,0,0,0,0,0
2020-08-06,US,Nebraska,Nemaha,25,0,0,40.38514847,-95.85433992,31127.0,358.57716580608144,0.0,25,23,0,0,23,21,6958,2,0,0,2,2
2020-08-06,US,Nebraska,Nuckolls,5,0,0,40.17637905,-98.04743961,31129.0,120.54001928640308,0.0,5,5,0,0,5,5,4195,0,0,0,0,0
2020-08-06,US,Nebraska,Otoe,44,0,0,40.64843556,-96.13374142,31131.0,274.7939045715713,0.0,44,43,0,0,43,43,15985,1,0,0,1,0
2020-08-06,US,Nebraska,Pawnee,9,0,0,40.13141096,-96.23705437,31133.0,344.4316877152698,0.0,9,9,0,0,9,9,2632,0,0,0,0,0
2020-08-06,US,Nebraska,Perkins,17,6,0,40.85082525,-101.6502942,31135.0,588.031822898651,35.29411764705883,11,17,1,0,16,17,2929,0,5,0,-5,0
2020-08-06,US,Nebraska,Phelps,37,0,0,40.51156033,-99.41461667,31137.0,409.56386982510514,0.0,37,37,0,0,37,37,8996,0,0,0,0,0
2020-08-06,US,Nebraska,Pierce,19,0,0,42.26434853,-97.60122773,31139.0,265.80861779518744,0.0,19,18,0,0,18,17,7142,1,0,0,1,1
2020-08-06,US,Nebraska,Platte,783,3,0,41.57246836,-97.52144359,31141.0,2339.408425455632,0.3831417624521073,780,778,3,0,775,769,33363,5,0,0,5,9
2020-08-06,US,Nebraska,Polk,26,0,0,41.18813488,-97.56630712,31143.0,498.75311720698255,0.0,26,26,0,0,26,24,5278,0,0,0,0,2
2020-08-06,US,Nebraska,Red Willow,16,0,0,40.17556879999999,-100.476998,31145.0,149.19806042521446,0.0,16,16,0,0,16,16,10726,0,0,0,0,0
2020-08-06,US,Nebraska,Richardson,21,1,0,40.1247415,-95.71755036,31147.0,267.0057215511761,4.761904761904762,20,20,1,0,19,20,7937,1,0,0,1,0
2020-08-06,US,Nebraska,Rock,3,0,0,42.42252217,-99.44832069,31149.0,221.07590272660286,0.0,3,3,0,0,3,2,1360,0,0,0,0,1
2020-08-06,US,Nebraska,Saline,594,2,0,40.52418865,-97.14085859,31151.0,4176.040494938133,0.3367003367003367,592,592,2,0,590,586,14350,2,0,0,2,6
2020-08-06,US,Nebraska,Sarpy,2179,9,0,41.11314181,-96.11156432,31153.0,1164.0205987307422,0.4130335016062414,2170,2139,9,0,2130,2101,184459,40,0,0,40,38
2020-08-06,US,Nebraska,Saunders,150,2,0,41.227810299999994,-96.63773905,31155.0,695.1524701084437,1.3333333333333333,148,143,2,0,141,142,21303,7,0,0,7,1
2020-08-06,US,Nebraska,Scotts Bluff,297,6,0,41.85070896,-103.70809859999999,31157.0,833.8480543545398,2.0202020202020203,291,297,6,0,291,291,35989,0,0,0,0,6
2020-08-06,US,Nebraska,Seward,110,1,0,40.87241834,-97.139673,31159.0,636.4267530664198,0.9090909090909092,109,107,1,0,106,104,17318,3,0,0,3,3
2020-08-06,US,Nebraska,Sheridan,9,0,0,42.50284406,-102.4126613,31161.0,171.55928326343883,0.0,9,9,0,0,9,9,5190,0,0,0,0,0
2020-08-06,US,Nebraska,Sherman,11,0,0,41.22045983,-98.97588642,31163.0,366.54448517160944,0.0,11,10,0,0,10,10,3038,1,0,0,1,0
2020-08-06,US,Nebraska,Sioux,5,0,0,42.48932059,-103.7576544,31165.0,428.8164665523156,0.0,5,5,0,0,5,5,1187,0,0,0,0,0
2020-08-06,US,Nebraska,Stanton,28,0,0,41.9169835,-97.19394708,31167.0,472.97297297297297,0.0,28,28,0,0,28,28,5970,0,0,0,0,0
2020-08-06,US,Nebraska,Thayer,26,0,0,40.17626377,-97.59504381,31169.0,519.6881870877473,0.0,26,26,0,0,26,26,5039,0,0,0,0,0
2020-08-06,US,Nebraska,Thomas,1,0,0,41.91358968,-100.5556632,31171.0,138.50415512465375,0.0,1,1,0,0,1,1,720,0,0,0,0,0
2020-08-06,US,Nebraska,Thurston,205,4,0,42.15725356,-96.54157099,31173.0,2837.763012181617,1.951219512195122,201,203,4,0,199,203,7303,2,0,0,2,0
2020-08-06,US,Nebraska,Unassigned,147,0,0,0.0,0.0,90031.0,0.0,0.0,147,150,5,0,145,151,,-3,-5,0,2,-1
2020-08-06,US,Nebraska,Valley,10,0,0,41.56730777,-98.98197724,31175.0,240.50024050024047,0.0,10,10,0,0,10,10,4190,0,0,0,0,0
2020-08-06,US,Nebraska,Washington,116,1,0,41.52815707,-96.22019892,31177.0,559.6024892662454,0.8620689655172413,115,113,1,0,112,108,20667,3,0,0,3,5
2020-08-06,US,Nebraska,Wayne,37,0,0,42.20934475,-97.11926964,31179.0,394.2461374533831,0.0,37,37,0,0,37,37,9403,0,0,0,0,0
2020-08-06,US,Nebraska,Webster,9,0,0,40.17642643,-98.50019851,31181.0,258.1015199311729,0.0,9,9,0,0,9,9,3533,0,0,0,0,0
2020-08-06,US,Nebraska,York,77,0,0,40.87272618,-97.59710186,31185.0,562.906645222604,0.0,77,77,0,0,77,73,13772,0,0,0,0,4
2020-08-06,US,Nevada,Carson City,328,8,0,39.15509045,-119.7480219,32510.0,586.5941769797554,2.4390243902439024,320,325,8,0,317,323,55414,3,0,0,3,2
2020-08-06,US,Nevada,Churchill,50,1,0,39.58105744,-118.3394607,32001.0,200.73065960094746,2.0,49,49,1,0,48,49,24440,1,0,0,1,0
2020-08-06,US,Nevada,Clark,46184,752,0,36.21458855,-115.0130241,32003.0,2037.4859653727967,1.6282695305733588,45432,45563,744,0,44819,44997,2231647,621,8,0,613,566
2020-08-06,US,Nevada,Douglas,191,0,0,38.912862,-119.61713329999999,32005.0,390.5531131786116,0.0,191,189,0,0,189,183,48467,2,0,0,2,6
2020-08-06,US,Nevada,Elko,512,2,0,41.14531606,-115.3577619,32007.0,970.1011785213536,0.390625,510,505,2,0,503,493,52460,7,0,0,7,12
2020-08-06,US,Nevada,Eureka,2,0,0,39.98100864,-116.26832040000001,32011.0,98.57072449482504,0.0,2,2,0,0,2,2,2003,0,0,0,0,0
2020-08-06,US,Nevada,Humboldt,99,4,0,41.40692186,-118.11094270000001,32013.0,588.2003446022221,4.040404040404041,95,96,4,0,92,96,16786,3,0,0,3,0
2020-08-06,US,Nevada,Lander,50,1,0,39.933223299999995,-117.03970749999999,32015.0,903.8322487346347,2.0,49,50,1,0,49,50,5575,0,0,0,0,0
2020-08-06,US,Nevada,Lincoln,4,0,0,37.64268459,-114.8790388,32017.0,77.17538105344396,0.0,4,4,0,0,4,4,5201,0,0,0,0,0
2020-08-06,US,Nevada,Lyon,217,5,0,39.01777974,-119.18704790000001,32019.0,377.32568249000167,2.3041474654377883,212,215,5,0,210,209,55808,2,0,0,2,6
2020-08-06,US,Nevada,Mineral,11,0,0,38.53841696,-118.4344506,32021.0,244.173140954495,0.0,11,11,0,0,11,11,4514,0,0,0,0,0
2020-08-06,US,Nevada,Nye,374,9,0,38.04264256,-116.47227020000001,32023.0,803.903445607549,2.406417112299465,365,362,9,0,353,362,45346,12,0,0,12,0
2020-08-06,US,Nevada,Pershing,13,0,0,40.44003782,-118.40056409999998,32027.0,193.3085501858736,0.0,13,13,0,0,13,13,6666,0,0,0,0,0
2020-08-06,US,Nevada,Storey,4,0,0,39.44875482,-119.5250207,32029.0,97.01673538685421,0.0,4,4,0,0,4,4,4029,0,0,0,0,0
2020-08-06,US,Nevada,Washoe,5504,117,0,40.66562265,-119.6631594,32031.0,1167.2912438311075,2.1257267441860463,5387,5426,115,0,5311,5369,465735,78,2,0,76,57
2020-08-06,US,Nevada,White Pine,14,1,0,39.44157041,-114.89996599999999,32033.0,146.13778705636744,7.142857142857142,13,14,1,0,13,14,9475,0,0,0,0,0
2020-08-06,US,New Hampshire,Belknap,113,4,0,43.51637314,-71.41684235,33001.0,184.33029378660086,3.5398230088495577,109,113,4,0,109,110,61022,0,0,0,0,3
2020-08-06,US,New Hampshire,Carroll,93,1,0,43.87498583,-71.20430216,33003.0,190.1451645880188,1.075268817204301,92,91,1,0,90,90,48779,2,0,0,2,1
2020-08-06,US,New Hampshire,Cheshire,96,3,0,42.92015988,-72.25311043,33005.0,126.1746730630216,3.125,93,95,3,0,92,93,76493,1,0,0,1,2
2020-08-06,US,New Hampshire,Coos,16,0,0,44.69063265,-71.30633239,33007.0,50.69226626112854,0.0,16,16,0,0,16,16,31589,0,0,0,0,0
2020-08-06,US,New Hampshire,Grafton,103,1,0,43.93779815,-71.82057197,33009.0,114.58959126004049,0.9708737864077671,102,103,1,0,102,103,89786,0,0,0,0,0
2020-08-06,US,New Hampshire,Hillsborough,3807,279,0,42.91537785,-71.7200253,33011.0,912.8949103770757,7.328605200945628,3528,3801,279,0,3522,3787,415247,6,0,0,6,14
2020-08-06,US,New Hampshire,Merrimack,460,21,0,43.29662971,-71.6811573,33013.0,303.84897384917195,4.565217391304348,439,459,21,0,438,458,151132,1,0,0,1,1
2020-08-06,US,New Hampshire,Rockingham,1665,96,0,42.98499744,-71.12883377,33015.0,537.4972963724582,5.7657657657657655,1569,1660,95,0,1565,1654,309176,5,1,0,4,6
2020-08-06,US,New Hampshire,Strafford,346,13,0,43.291833000000004,-71.02336013,33017.0,264.86416142934786,3.757225433526012,333,338,13,0,325,338,130090,8,0,0,8,0
2020-08-06,US,New Hampshire,Sullivan,40,1,0,43.36094111,-72.22203125,33019.0,92.70847819033052,2.5,39,40,1,0,39,40,43144,0,0,0,0,0
2020-08-06,US,New Hampshire,Unassigned,3,0,0,0.0,0.0,90033.0,0.0,0.0,3,3,0,0,3,4,,0,0,0,0,-1
2020-08-06,US,New Jersey,Atlantic,3442,252,0,39.47538693,-74.65848483,34001.0,1305.419653354572,7.321324811156304,3190,3436,252,0,3184,3420,265429,6,0,0,6,16
2020-08-06,US,New Jersey,Bergen,20669,2037,0,40.96010917,-74.07164325,34003.0,2217.223305678383,9.855338913348492,18632,20639,2038,0,18601,20609,936692,30,-1,0,31,30
2020-08-06,US,New Jersey,Burlington,5927,471,0,39.87681124,-74.66927768,34005.0,1330.8663542525076,7.946684663404758,5456,5907,470,0,5437,5880,445384,20,1,0,19,27
2020-08-06,US,New Jersey,Camden,8464,578,0,39.80343818,-74.96388753,34007.0,1671.171695911513,6.828922495274103,7886,8442,577,0,7865,8400,507078,22,1,0,21,42
2020-08-06,US,New Jersey,Cape May,823,87,0,39.15008829,-74.80170244,34009.0,894.1861602146918,10.571081409477523,736,819,87,0,732,817,92560,4,0,0,4,2
2020-08-06,US,New Jersey,Cumberland,3309,158,0,39.37199394,-75.10712559,34011.0,2212.9782581072313,4.774856452100332,3151,3290,158,0,3132,3275,150972,19,0,0,19,15
2020-08-06,US,New Jersey,Essex,19644,2107,0,40.78681335,-74.24657979,34013.0,2458.650145498921,10.725921400936672,17537,19611,2105,0,17506,19588,799767,33,2,0,31,23
2020-08-06,US,New Jersey,Gloucester,3193,209,0,39.71581067,-75.13995546,34015.0,1094.857973638371,6.545568430942688,2984,3164,209,0,2955,3130,291408,29,0,0,29,34
2020-08-06,US,New Jersey,Hudson,19580,1502,0,40.73766234,-74.07515667,34017.0,2911.996145100098,7.671092951991827,18078,19564,1502,0,18062,19544,676061,16,0,0,16,20
2020-08-06,US,New Jersey,Hunterdon,1144,126,0,40.56335249,-74.91284156,34019.0,919.8285774014844,11.01398601398601,1018,1144,126,0,1018,1139,124714,0,0,0,0,5
2020-08-06,US,New Jersey,Mercer,8087,618,0,40.28047017,-74.70479631,34021.0,2200.963448820184,7.641894398417213,7469,8076,618,0,7458,8063,369811,11,0,0,11,13
2020-08-06,US,New Jersey,Middlesex,17821,1401,0,40.43629879,-74.41426991,34023.0,2159.9588879381186,7.861511699680152,16420,17798,1400,0,16398,17765,829685,23,1,0,22,33
2020-08-06,US,New Jersey,Monmouth,10227,856,0,40.26549699,-74.22240686,34025.0,1652.7282864276538,8.370000977803853,9371,10192,856,0,9336,10170,621354,35,0,0,35,22
2020-08-06,US,New Jersey,Morris,7209,827,0,40.86095313,-74.54553709999998,34027.0,1465.7056593032355,11.47177139686503,6382,7195,827,0,6368,7179,494228,14,0,0,14,16
2020-08-06,US,New Jersey,Ocean,10551,1016,0,39.8895449,-74.28089251,34029.0,1737.6882866205747,9.629419012415887,9535,10520,1016,0,9504,10501,601651,31,0,0,31,19
2020-08-06,US,New Jersey,Passaic,17585,1239,0,41.03238628,-74.29954144,34031.0,3504.202651915205,7.045777651407451,16346,17550,1239,0,16311,17532,503310,35,0,0,35,18
2020-08-06,US,New Jersey,Salem,886,87,0,39.58719656,-75.34696629999998,34033.0,1420.2131922737838,9.81941309255079,799,881,86,0,795,880,62607,5,1,0,4,1
2020-08-06,US,New Jersey,Somerset,5217,562,0,40.56465737,-74.61683016,34035.0,1586.0324563590266,10.772474602261836,4655,5202,561,0,4641,5199,331164,15,1,0,14,3
2020-08-06,US,New Jersey,Sussex,1320,197,0,41.13891592,-74.69118243,34037.0,939.5820283582941,14.924242424242426,1123,1316,197,0,1119,1314,140799,4,0,0,4,2
2020-08-06,US,New Jersey,Unassigned,642,0,0,0.0,0.0,90034.0,0.0,0.0,642,640,0,0,640,644,,2,0,0,2,-4
2020-08-06,US,New Jersey,Union,16622,1348,0,40.65835409,-74.30680092,34039.0,2987.7359389295416,8.109734087354111,15274,16605,1347,0,15258,16590,558067,17,1,0,16,15
2020-08-06,US,New Jersey,Warren,1339,171,0,40.85951833,-74.99556527,34041.0,1272.0035718696267,12.770724421209858,1168,1336,171,0,1165,1331,105779,3,0,0,3,5
2020-08-06,US,New Mexico,Bernalillo,5029,129,0,35.05163625,-106.6703554,35001.0,740.5160494227098,2.56512229071386,4900,4989,128,0,4861,4947,678701,40,1,0,39,42
2020-08-06,US,New Mexico,Catron,5,1,0,33.91514144,-108.4046587,35003.0,141.7635384179189,20.0,4,4,1,0,3,4,3578,1,0,0,1,0
2020-08-06,US,New Mexico,Chaves,411,6,0,33.36406072,-104.4665365,35005.0,636.075214733421,1.45985401459854,405,395,6,0,389,384,64689,16,0,0,16,11
2020-08-06,US,New Mexico,Cibola,346,17,0,34.91131525,-107.998876,35006.0,1297.0946579194,4.913294797687861,329,345,17,0,328,345,26746,1,0,0,1,0
2020-08-06,US,New Mexico,Colfax,16,1,0,36.60569702,-104.64726740000002,35007.0,133.99212796248221,6.25,15,15,1,0,14,14,12110,1,0,0,1,1
2020-08-06,US,New Mexico,Curry,516,2,0,34.57421077,-103.34688759999999,35009.0,1054.0507415124403,0.3875968992248062,514,506,2,0,504,493,49437,10,0,0,10,13
2020-08-06,US,New Mexico,Dona Ana,2348,27,0,32.35275771,-106.83293870000001,35013.0,1076.1016521918468,1.1499148211243608,2321,2315,27,0,2288,2272,217522,33,0,0,33,43
2020-08-06,US,New Mexico,Eddy,278,4,0,32.47167456,-104.3053527,35015.0,475.5388299692096,1.4388489208633093,274,269,4,0,265,267,57900,9,0,0,9,2
2020-08-06,US,New Mexico,Grant,71,2,0,32.73911281,-108.3827845,35017.0,262.98244314393656,2.8169014084507036,69,70,2,0,68,68,27346,1,0,0,1,2
2020-08-06,US,New Mexico,Guadalupe,31,0,0,34.86319296,-104.790669,35019.0,720.9302325581398,0.0,31,31,0,0,31,31,4341,0,0,0,0,0
2020-08-06,US,New Mexico,Harding,1,0,0,35.85751555,-103.82209379999999,35021.0,160.0,0.0,1,1,0,0,1,1,655,0,0,0,0,0
2020-08-06,US,New Mexico,Hidalgo,89,0,0,31.91383467,-108.7151824,35023.0,2120.057170080991,0.0,89,88,0,0,88,88,4240,1,0,0,1,0
2020-08-06,US,New Mexico,Lea,729,4,0,32.79215361,-103.4123733,35025.0,1025.7492612916842,0.5486968449931413,725,706,4,0,702,679,69611,23,0,0,23,27
2020-08-06,US,New Mexico,Lincoln,117,1,0,33.74526079,-105.4586166,35027.0,597.7927651747394,0.8547008547008547,116,113,1,0,112,110,19556,4,0,0,4,3
2020-08-06,US,New Mexico,Los Alamos,20,0,0,35.86631386,-106.31349850000001,35028.0,103.2577830553978,0.0,20,20,0,0,20,20,19101,0,0,0,0,0
2020-08-06,US,New Mexico,Luna,241,3,0,32.18179341,-107.75088259999998,35029.0,1016.4916276519464,1.2448132780082988,238,240,3,0,237,238,23963,1,0,0,1,2
2020-08-06,US,New Mexico,McKinley,4033,222,0,35.58007720000001,-108.262245,35031.0,5651.071223394565,5.504587155963303,3811,4025,222,0,3803,4009,72290,8,0,0,8,16
2020-08-06,US,New Mexico,Mora,6,0,0,36.01095101,-104.9497716,35033.0,132.71400132713998,0.0,6,6,0,0,6,6,4506,0,0,0,0,0
2020-08-06,US,New Mexico,Otero,197,10,0,32.61348406,-105.7417604,35035.0,291.89509556971404,5.076142131979696,187,195,10,0,185,193,66781,2,0,0,2,2
2020-08-06,US,New Mexico,Quay,34,1,0,35.10403332,-103.54817270000001,35037.0,411.97140433781664,2.9411764705882355,33,34,1,0,33,34,8253,0,0,0,0,0
2020-08-06,US,New Mexico,Rio Arriba,312,5,0,36.51072137,-106.69316740000001,35039.0,801.6238020605842,1.6025641025641026,307,306,5,0,301,298,39006,6,0,0,6,8
2020-08-06,US,New Mexico,Roosevelt,157,1,0,34.02097406,-103.4799493,35041.0,848.6486486486486,0.6369426751592356,156,152,1,0,151,144,18743,5,0,0,5,8
2020-08-06,US,New Mexico,San Juan,3026,183,0,36.50838318,-108.32043700000001,35045.0,2441.1494215782764,6.0475875743555845,2843,3017,182,0,2835,3008,125043,9,1,0,8,9
2020-08-06,US,New Mexico,San Miguel,42,0,0,35.48014807,-104.8163562,35047.0,153.97587711258566,0.0,42,42,0,0,42,42,27591,0,0,0,0,0
2020-08-06,US,New Mexico,Sandoval,1117,33,0,35.68862401,-106.86878030000001,35043.0,761.1688063891843,2.954341987466428,1084,1111,33,0,1078,1104,145179,6,0,0,6,7
2020-08-06,US,New Mexico,Santa Fe,618,3,0,35.50708973,-105.9774716,35049.0,411.01903457082426,0.4854368932038835,615,610,3,0,607,602,150056,8,0,0,8,8
2020-08-06,US,New Mexico,Sierra,31,0,0,33.13028233,-107.1925893,35051.0,287.2764340654249,0.0,31,31,0,0,31,30,10968,0,0,0,0,1
2020-08-06,US,New Mexico,Socorro,73,6,0,34.00715494,-106.9298354,35053.0,438.78103023381624,8.219178082191782,67,73,6,0,67,73,16735,0,0,0,0,0
2020-08-06,US,New Mexico,Taos,106,1,0,36.58006022,-105.63101979999999,35055.0,323.931179904043,0.9433962264150944,105,102,1,0,101,99,32835,4,0,0,4,3
2020-08-06,US,New Mexico,Torrance,61,1,0,34.64048375,-105.8508949,35057.0,394.5411034215122,1.639344262295082,60,60,1,0,59,60,15591,1,0,0,1,0
2020-08-06,US,New Mexico,Unassigned,1285,0,0,0.0,0.0,90035.0,0.0,0.0,1285,1278,0,0,1278,1268,,7,0,0,7,10
2020-08-06,US,New Mexico,Union,28,2,0,36.48126404,-103.4709624,35059.0,689.8250800689825,7.142857142857142,26,28,2,0,26,28,4118,0,0,0,0,0
2020-08-06,US,New Mexico,Valencia,399,4,0,34.71669834,-106.8103733,35061.0,520.2900062591281,1.0025062656641603,395,389,4,0,385,381,76456,10,0,0,10,8
2020-08-06,US,New York,Albany,2565,128,0,42.60060306,-73.97723916,36001.0,839.5907118027143,4.990253411306043,2437,2556,128,0,2428,2543,307117,9,0,0,9,13
2020-08-06,US,New York,Allegany,78,1,0,42.25748406,-78.02750466,36003.0,169.23043544292813,1.2820512820512822,77,76,1,0,75,75,46430,2,0,0,2,1
2020-08-06,US,New York,Broome,1094,69,0,42.15903158,-75.81326086,36007.0,574.3143925076645,6.307129798903108,1025,1082,69,0,1013,1078,191659,12,0,0,12,4
2020-08-06,US,New York,Cattaraugus,164,6,0,42.24778241,-78.67923096,36009.0,215.4577820986113,3.6585365853658534,158,164,6,0,158,164,76840,0,0,0,0,0
2020-08-06,US,New York,Cayuga,151,2,0,42.91261714,-76.55731592,36011.0,197.18972001671543,1.3245033112582782,149,150,2,0,148,150,77145,1,0,0,1,0
2020-08-06,US,New York,Chautauqua,244,9,0,42.22769210000001,-79.36691763,36013.0,192.27283830957504,3.6885245901639343,235,241,9,0,232,241,127939,3,0,0,3,0
2020-08-06,US,New York,Chemung,165,3,0,42.13891056,-76.7638805,36015.0,197.708972392638,1.818181818181818,162,165,3,0,162,163,84254,0,0,0,0,2
2020-08-06,US,New York,Chenango,212,6,0,42.49430041,-75.60887553,36017.0,449.085940644396,2.830188679245283,206,212,6,0,206,212,47536,0,0,0,0,0
2020-08-06,US,New York,Clinton,127,4,0,44.74530905,-73.67875352,36019.0,157.79337764800894,3.1496062992125986,123,127,4,0,123,127,80695,0,0,0,0,0
2020-08-06,US,New York,Columbia,534,37,0,42.24819348,-73.63089095,36021.0,898.0676409747566,6.928838951310861,497,531,37,0,494,529,59916,3,0,0,3,2
2020-08-06,US,New York,Cortland,94,0,0,42.59509207,-76.07048931,36023.0,197.5578487211281,0.0,94,94,0,0,94,93,47823,0,0,0,0,1
2020-08-06,US,New York,Delaware,104,4,0,42.19837623,-74.96709306,36025.0,235.640648011782,3.8461538461538463,100,104,4,0,100,104,44527,0,0,0,0,0
2020-08-06,US,New York,Dutchess,4582,153,0,41.76486060000001,-73.74356679,36027.0,1557.348632646541,3.339153208206024,4429,4568,153,0,4415,4557,293718,14,0,0,14,11
2020-08-06,US,New York,Erie,8737,671,0,42.76249024,-78.73063652,36029.0,951.0156721113048,7.679981687077944,8066,8702,671,0,8031,8667,919719,35,0,0,35,35
2020-08-06,US,New York,Essex,55,0,0,44.11630765,-73.77297842,36031.0,149.1121051918124,0.0,55,55,0,0,55,55,37300,0,0,0,0,0
2020-08-06,US,New York,Franklin,52,0,0,44.59040891,-74.29926032,36033.0,103.95426012554476,0.0,52,52,0,0,52,50,50293,0,0,0,0,2
2020-08-06,US,New York,Fulton,291,24,0,43.11363907,-74.41798804,36035.0,545.1173594590039,8.24742268041237,267,287,24,0,263,285,53591,4,0,0,4,2
2020-08-06,US,New York,Genesee,274,5,0,43.0022601,-78.19135193,36037.0,478.35195530726264,1.8248175182481752,269,274,5,0,269,273,57511,0,0,0,0,1
2020-08-06,US,New York,Greene,290,18,0,42.275797,-74.12384884,36039.0,614.5630244977536,6.206896551724138,272,289,18,0,271,289,47491,1,0,0,1,0
2020-08-06,US,New York,Hamilton,8,0,0,43.66146647,-74.49721957,36041.0,181.15942028985503,0.0,8,7,0,0,7,7,4434,1,0,0,1,0
2020-08-06,US,New York,Herkimer,268,4,0,43.42034246,-74.96145307,36043.0,437.05866044782204,1.492537313432836,264,264,4,0,260,262,61833,4,0,0,4,2
2020-08-06,US,New York,Jefferson,140,0,0,44.04200959,-75.94653457,36045.0,127.46508367172278,0.0,140,140,0,0,140,139,111755,0,0,0,0,1
2020-08-06,US,New York,Lewis,39,0,0,43.784415700000004,-75.44903992,36049.0,148.31153027076363,0.0,39,37,0,0,37,37,26447,2,0,0,2,0
2020-08-06,US,New York,Livingston,173,8,0,42.72596275,-77.77966158,36051.0,274.9785421368853,4.624277456647398,165,171,8,0,163,170,63227,2,0,0,2,1
2020-08-06,US,New York,Madison,409,17,0,42.91653905,-75.67266639,36053.0,576.5354308509889,4.156479217603913,392,406,17,0,389,405,70795,3,0,0,3,1
2020-08-06,US,New York,Monroe,4868,285,0,43.14638895,-77.69322942,36055.0,656.2681154535773,5.8545603944124895,4583,4841,285,0,4556,4821,742474,27,0,0,27,20
2020-08-06,US,New York,Montgomery,169,4,0,42.90123494,-74.44011632,36057.0,343.34938339326715,2.366863905325444,165,161,4,0,157,160,49455,8,0,0,8,1
2020-08-06,US,New York,Nassau,43534,2194,0,40.74066522,-73.58941873,36059.0,3208.2857993520643,5.03973905453209,41340,43482,2194,0,41288,43436,1358343,52,0,0,52,46
2020-08-06,US,New York,New York City,226914,23563,0,40.76727260000001,-73.97152637,36061.0,2721.8301661173564,10.384110279665423,203351,226581,23563,0,203018,226280,1628701,333,0,0,333,301
2020-08-06,US,New York,Niagara,1470,98,0,43.19898042,-78.74777412,36063.0,702.4049005882042,6.666666666666668,1372,1466,98,0,1368,1458,210433,4,0,0,4,8
2020-08-06,US,New York,Oneida,2117,115,0,43.24375382,-75.43710392,36065.0,925.7842052555857,5.43221539914974,2002,2114,115,0,1999,2103,229577,3,0,0,3,11
2020-08-06,US,New York,Onondaga,3535,200,0,43.00491923,-76.19971155,36067.0,767.5971927874092,5.657708628005657,3335,3525,200,0,3325,3515,461809,10,0,0,10,10
2020-08-06,US,New York,Ontario,355,34,0,42.85145728,-77.30874425,36069.0,323.3828579757144,9.577464788732394,321,352,34,0,318,352,109864,3,0,0,3,0
2020-08-06,US,New York,Orange,11127,491,0,41.40337468,-74.30240757,36071.0,2890.5803501844453,4.412689853509481,10636,11113,491,0,10622,11105,381951,14,0,0,14,8
2020-08-06,US,New York,Orleans,297,54,0,43.2516977,-78.2320066,36073.0,736.0229976209358,18.181818181818183,243,297,54,0,243,295,40612,0,0,0,0,2
2020-08-06,US,New York,Oswego,251,3,0,43.42778894,-76.14635194,36075.0,214.30279020525256,1.195219123505976,248,250,3,0,247,249,117898,1,0,0,1,1
2020-08-06,US,New York,Otsego,115,5,0,42.63492579,-75.03151402,36077.0,193.30005210697053,4.3478260869565215,110,115,5,0,110,115,59749,0,0,0,0,0
2020-08-06,US,New York,Putnam,1444,63,0,41.42630093,-73.74965532,36079.0,1468.6737184703006,4.362880886426593,1381,1439,63,0,1376,1437,98892,5,0,0,5,2
2020-08-06,US,New York,Rensselaer,758,30,0,42.71348136,-73.51089874,36083.0,477.5886185213655,3.9577836411609497,728,755,30,0,725,748,159442,3,0,0,3,7
2020-08-06,US,New York,Rockland,13918,674,0,41.15027894,-74.02560498,36087.0,4272.090217901771,4.8426498060066105,13244,13903,674,0,13229,13893,325695,15,0,0,15,10
2020-08-06,US,New York,Saratoga,747,17,0,43.10904162,-73.86653895,36091.0,324.9761814646116,2.275769745649264,730,744,17,0,727,739,230163,3,0,0,3,5
2020-08-06,US,New York,Schenectady,1050,37,0,42.81668777,-74.05278291,36093.0,676.1151069871668,3.523809523809524,1013,1045,37,0,1008,1041,155350,5,0,0,5,4
2020-08-06,US,New York,Schoharie,69,0,0,42.58831742,-74.44339029999998,36095.0,222.58782541372292,0.0,69,68,0,0,68,68,31097,1,0,0,1,0
2020-08-06,US,New York,Schuyler,22,0,0,42.39184015,-76.8773299,36097.0,123.54691975065985,0.0,22,22,0,0,22,22,17912,0,0,0,0,0
2020-08-06,US,New York,Seneca,86,3,0,42.78081007,-76.82497064,36099.0,252.82220131702732,3.4883720930232562,83,86,3,0,83,86,34300,0,0,0,0,0
2020-08-06,US,New York,St. Lawrence,263,4,0,44.4976179,-75.06550039,36089.0,244.10618154817158,1.520912547528517,259,262,4,0,258,262,108047,1,0,0,1,0
2020-08-06,US,New York,Steuben,297,42,0,42.2689144,-77.3829924,36101.0,311.3892995313434,14.141414141414142,255,297,42,0,255,294,95796,0,0,0,0,3
2020-08-06,US,New York,Suffolk,43630,1998,0,40.88320119,-72.8012172,36103.0,2954.7589362326044,4.579417831767133,41632,43553,1997,0,41556,43468,1481093,77,1,0,76,85
2020-08-06,US,New York,Sullivan,1485,48,0,41.71579493,-74.76394559,36105.0,1968.6605154311167,3.2323232323232323,1437,1485,48,0,1437,1484,75498,0,0,0,0,1
2020-08-06,US,New York,Tioga,193,25,0,42.16852837,-76.30835812,36107.0,400.3900172188453,12.953367875647668,168,193,25,0,168,191,48560,0,0,0,0,2
2020-08-06,US,New York,Tompkins,232,0,0,42.44945765,-76.47229843,36109.0,227.0503033861813,0.0,232,231,0,0,231,230,102793,1,0,0,1,1
2020-08-06,US,New York,Ulster,2045,91,0,41.89027881,-74.26252104,36111.0,1151.6390442240656,4.449877750611247,1954,2039,91,0,1948,2039,178599,6,0,0,6,0
2020-08-06,US,New York,Warren,304,33,0,43.56173026,-73.8433699,36113.0,475.4159889903666,10.855263157894735,271,304,33,0,271,302,64265,0,0,0,0,2
2020-08-06,US,New York,Washington,256,14,0,43.31153794,-73.43043448,36115.0,418.2733154695771,5.46875,242,255,14,0,241,255,61197,1,0,0,1,0
2020-08-06,US,New York,Wayne,249,3,0,43.15494365,-77.02976528,36117.0,276.9189706176739,1.2048192771084338,246,248,3,0,245,248,90064,1,0,0,1,0
2020-08-06,US,New York,Westchester,36107,1447,0,41.16278376,-73.75741653,36119.0,3731.966520104268,4.0075331653142054,34660,36075,1446,0,34629,36049,967612,32,1,0,31,26
2020-08-06,US,New York,Wyoming,115,5,0,42.70145109,-78.22199579,36121.0,288.5170225043277,4.3478260869565215,110,114,5,0,109,113,40085,1,0,0,1,1
2020-08-06,US,New York,Yates,56,7,0,42.63505484,-77.10369919,36123.0,224.78224220286597,12.5,49,56,7,0,49,56,24841,0,0,0,0,0
2020-08-06,US,North Carolina,Alamance,2343,41,0,36.0434701,-79.39976137,37001.0,1382.2274923455386,1.749893299189074,2302,2298,41,0,2257,2280,166436,45,0,0,45,18
2020-08-06,US,North Carolina,Alexander,295,2,0,35.922379600000006,-81.17751948,37003.0,786.7296050350694,0.6779661016949152,293,295,2,0,293,295,37353,0,0,0,0,0
2020-08-06,US,North Carolina,Alleghany,165,0,0,36.49360862,-81.12857041,37005.0,1481.5479931759,0.0,165,165,0,0,165,165,11161,0,0,0,0,0
2020-08-06,US,North Carolina,Anson,318,2,0,34.97403241,-80.09953279,37007.0,1300.826311052933,0.6289308176100629,316,311,2,0,309,308,24877,7,0,0,7,3
2020-08-06,US,North Carolina,Ashe,142,1,0,36.43296207,-81.49862729,37009.0,522.0012498621476,0.7042253521126759,141,139,1,0,138,126,27109,3,0,0,3,13
2020-08-06,US,North Carolina,Avery,99,0,0,36.07569796,-81.92308483,37011.0,563.8776556359287,0.0,99,99,0,0,99,99,17505,0,0,0,0,0
2020-08-06,US,North Carolina,Beaufort,391,2,0,35.48531943,-76.84325809,37013.0,832.0211090777548,0.5115089514066496,389,373,2,0,371,373,47079,18,0,0,18,0
2020-08-06,US,North Carolina,Bertie,263,5,0,36.0688473,-76.96545943,37015.0,1388.0825460495066,1.9011406844106464,258,254,5,0,249,254,19026,9,0,0,9,0
2020-08-06,US,North Carolina,Bladen,606,7,0,34.61296243,-78.56180059,37017.0,1851.9650388118089,1.155115511551155,599,596,7,0,589,591,33190,10,0,0,10,5
2020-08-06,US,North Carolina,Brunswick,1231,19,0,34.070565,-78.22814204,37019.0,861.9241002660692,1.543460601137287,1212,1213,17,0,1196,1202,136744,18,2,0,16,11
2020-08-06,US,North Carolina,Buncombe,1785,46,0,35.61113393,-82.53305,37021.0,683.4079275319592,2.57703081232493,1739,1757,46,0,1711,1741,259103,28,0,0,28,16
2020-08-06,US,North Carolina,Burke,1637,28,0,35.74989637,-81.70755735,37023.0,1809.139636403824,1.7104459376908983,1609,1637,28,0,1609,1637,90382,0,0,0,0,0
2020-08-06,US,North Carolina,Cabarrus,2520,49,0,35.3877799,-80.55267168,37025.0,1164.225028066139,1.9444444444444444,2471,2504,49,0,2455,2504,211342,16,0,0,16,0
2020-08-06,US,North Carolina,Caldwell,1179,14,0,35.95204977,-81.54799522,37027.0,1434.69054978218,1.1874469889737065,1165,1159,14,0,1145,1154,82029,20,0,0,20,5
2020-08-06,US,North Carolina,Camden,65,2,0,36.33804939,-76.15568396,37029.0,598.1411613140701,3.0769230769230766,63,64,2,0,62,63,10710,1,0,0,1,1
2020-08-06,US,North Carolina,Carteret,332,6,0,34.8932941,-76.54120135,37031.0,477.8834943071409,1.8072289156626504,326,332,6,0,326,332,69524,0,0,0,0,0
2020-08-06,US,North Carolina,Caswell,191,2,0,36.39312665,-79.33353281,37033.0,844.9831888161387,1.0471204188481675,189,189,2,0,187,189,22698,2,0,0,2,0
2020-08-06,US,North Carolina,Catawba,2018,29,0,35.66211129,-81.2132617,37035.0,1264.7993431567336,1.4370664023785926,1989,1986,29,0,1957,1972,158652,32,0,0,32,14
2020-08-06,US,North Carolina,Chatham,1274,52,0,35.70394416,-79.25541492,37037.0,1710.7560091311939,4.081632653061225,1222,1261,51,0,1210,1255,73139,13,1,0,12,6
2020-08-06,US,North Carolina,Cherokee,265,3,0,35.1349263,-84.05970864,37039.0,926.184817559066,1.1320754716981132,262,265,3,0,262,265,28383,0,0,0,0,0
2020-08-06,US,North Carolina,Chowan,148,1,0,36.12908077,-76.60118385,37041.0,1061.4645341748546,0.6756756756756757,147,145,1,0,144,145,14029,3,0,0,3,0
2020-08-06,US,North Carolina,Clay,76,0,0,35.05704275,-83.74353633,37043.0,676.6984240049862,0.0,76,76,0,0,76,76,11139,0,0,0,0,0
2020-08-06,US,North Carolina,Cleveland,1128,18,0,35.33553364,-81.55204486,37045.0,1151.643235627431,1.5957446808510638,1110,1097,17,0,1080,1087,97645,31,1,0,30,10
2020-08-06,US,North Carolina,Columbus,864,48,0,34.26744084,-78.65801424,37047.0,1556.5323917273183,5.5555555555555545,816,851,46,0,805,838,55655,13,2,0,11,13
2020-08-06,US,North Carolina,Craven,695,11,0,35.11833364,-77.08398081,37049.0,680.4452755558601,1.5827338129496402,684,673,10,0,663,673,102912,22,1,0,21,0
2020-08-06,US,North Carolina,Cumberland,3021,51,0,35.04762133,-78.82623165,37051.0,900.4229394740529,1.6881827209533269,2970,2880,50,0,2830,2833,332330,141,1,0,140,47
2020-08-06,US,North Carolina,Currituck,71,0,0,36.36123664,-75.95876401,37053.0,255.73605157944027,0.0,71,71,0,0,71,71,27072,0,0,0,0,0
2020-08-06,US,North Carolina,Dare,205,2,0,35.66520691,-75.71767334,37055.0,553.9193169229106,0.975609756097561,203,203,2,0,201,202,36501,2,0,0,2,1
2020-08-06,US,North Carolina,Davidson,1709,18,0,35.79115496,-80.21256572,37057.0,1019.6349838015857,1.0532475131655938,1691,1690,18,0,1672,1675,166614,19,0,0,19,15
2020-08-06,US,North Carolina,Davie,403,6,0,35.93099927,-80.54496571,37059.0,940.5778835830647,1.488833746898263,397,391,6,0,385,387,42733,12,0,0,12,4
2020-08-06,US,North Carolina,Duplin,1966,48,0,34.93449805,-77.93140529,37061.0,3346.8956946596068,2.4415055951169893,1918,1961,48,0,1913,1952,58856,5,0,0,5,9
2020-08-06,US,North Carolina,Durham,6038,79,0,36.03638492,-78.87608331,37063.0,1878.1416413676404,1.3083802583636963,5959,5989,79,0,5910,5946,316739,49,0,0,49,43
2020-08-06,US,North Carolina,Edgecombe,616,12,0,35.91230639,-77.59436892,37065.0,1196.767174386074,1.9480519480519483,604,605,12,0,593,596,52005,11,0,0,11,9
2020-08-06,US,North Carolina,Forsyth,5091,51,0,36.12859861,-80.25459052,37067.0,1331.6941105690632,1.0017678255745432,5040,5028,51,0,4977,5007,379099,63,0,0,63,21
2020-08-06,US,North Carolina,Franklin,828,25,0,36.081519,-78.28708884,37069.0,1188.204061132238,3.0193236714975846,803,811,25,0,786,805,67560,17,0,0,17,6
2020-08-06,US,North Carolina,Gaston,3222,47,0,35.29373559,-81.17477045,37071.0,1435.0039415843833,1.4587212911235257,3175,3124,41,0,3083,3083,222846,98,6,0,92,41
2020-08-06,US,North Carolina,Gates,45,2,0,36.44667547,-76.69749701,37073.0,389.20601971977163,4.4444444444444455,43,46,2,0,44,45,11573,-1,0,0,-1,1
2020-08-06,US,North Carolina,Graham,31,0,0,35.3506925,-83.83369267,37075.0,367.25506456580973,0.0,31,29,0,0,29,29,8484,2,0,0,2,0
2020-08-06,US,North Carolina,Granville,1209,27,0,36.30337451,-78.65184241,37077.0,2000.231623182172,2.2332506203473947,1182,1194,27,0,1167,1186,60115,15,0,0,15,8
2020-08-06,US,North Carolina,Greene,322,3,0,35.48544173,-77.67578087,37079.0,1528.3117376239973,0.9316770186335404,319,318,3,0,315,313,21012,4,0,0,4,5
2020-08-06,US,North Carolina,Guilford,5428,153,0,36.07959451,-79.78824948,37081.0,1010.473328939971,2.8187177597641857,5275,5335,153,0,5182,5310,533670,93,0,0,93,25
2020-08-06,US,North Carolina,Halifax,668,6,0,36.25669272,-77.6556109,37083.0,1335.7328534293142,0.8982035928143712,662,657,6,0,651,650,50574,11,0,0,11,7
2020-08-06,US,North Carolina,Harnett,1219,39,0,35.36731853,-78.87243571,37085.0,896.4817320703654,3.199343724364233,1180,1189,38,0,1151,1178,134214,30,1,0,29,11
2020-08-06,US,North Carolina,Haywood,375,10,0,35.55269063,-82.98196486,37087.0,601.7619590159989,2.6666666666666665,365,362,8,0,354,356,61971,13,2,0,11,6
2020-08-06,US,North Carolina,Henderson,1452,54,0,35.33788927,-82.4766782,37089.0,1236.6182069036,3.71900826446281,1398,1429,54,0,1375,1420,116748,23,0,0,23,9
2020-08-06,US,North Carolina,Hertford,313,11,0,36.3607755,-76.98104134,37091.0,1321.958018330025,3.514376996805112,302,310,11,0,299,307,23659,3,0,0,3,3
2020-08-06,US,North Carolina,Hoke,703,9,0,35.01888303,-79.23651674,37093.0,1272.7667740884235,1.2802275960170697,694,693,9,0,684,681,54764,10,0,0,10,12
2020-08-06,US,North Carolina,Hyde,38,0,0,35.42017674,-76.15180542,37095.0,769.6981972858011,0.0,38,37,0,0,37,37,5230,1,0,0,1,0
2020-08-06,US,North Carolina,Iredell,1771,18,0,35.80950511,-80.8743128,37097.0,974.1152657228032,1.0163749294184077,1753,1771,18,0,1753,1771,178435,0,0,0,0,0
2020-08-06,US,North Carolina,Jackson,436,5,0,35.28814273,-83.14093385,37099.0,992.3073421639584,1.1467889908256879,431,415,4,0,411,412,43327,21,1,0,20,3
2020-08-06,US,North Carolina,Johnston,3173,46,0,35.51745004,-78.36622717,37101.0,1515.723300483904,1.4497321147179325,3127,3135,44,0,3091,3117,202675,38,2,0,36,18
2020-08-06,US,North Carolina,Jones,79,4,0,35.02254606,-77.35870791,37103.0,838.7302261386559,5.063291139240507,75,79,4,0,75,78,9637,0,0,0,0,1
2020-08-06,US,North Carolina,Lee,1253,11,0,35.47623147,-79.17569362,37105.0,2028.1972838666861,0.8778930566640064,1242,1240,11,0,1229,1225,61452,13,0,0,13,15
2020-08-06,US,North Carolina,Lenoir,553,12,0,35.24032589999999,-77.64245615,37107.0,988.4001501367316,2.16998191681736,541,540,12,0,528,538,55976,13,0,0,13,2
2020-08-06,US,North Carolina,Lincoln,802,3,0,35.48508185,-81.21740317,37109.0,931.356040459407,0.3740648379052369,799,781,3,0,778,773,83770,21,0,0,21,8
2020-08-06,US,North Carolina,Macon,460,3,0,35.14867843,-83.41696617,37113.0,1282.837860449551,0.6521739130434783,457,460,3,0,457,460,35285,0,0,0,0,0
2020-08-06,US,North Carolina,Madison,41,0,0,35.85402722,-82.71346418,37115.0,188.4624224316249,0.0,41,41,0,0,41,41,21763,0,0,0,0,0
2020-08-06,US,North Carolina,Martin,257,6,0,35.84326734,-77.10860251,37117.0,1145.2762923351158,2.3346303501945527,251,245,6,0,239,245,22671,12,0,0,12,0
2020-08-06,US,North Carolina,McDowell,662,13,0,35.67736232,-82.0482425,37111.0,1446.8047906285517,1.9637462235649548,649,621,13,0,608,618,45507,41,0,0,41,3
2020-08-06,US,North Carolina,Mecklenburg,21704,222,0,35.24469268,-80.8317671,37119.0,1954.6884062408808,1.022852930335422,21482,21517,222,0,21295,21316,1093901,187,0,0,187,201
2020-08-06,US,North Carolina,Mitchell,116,2,0,36.01059309,-82.1582442,37121.0,775.1937984496125,1.7241379310344829,114,116,2,0,114,116,15000,0,0,0,0,0
2020-08-06,US,North Carolina,Montgomery,644,14,0,35.33155144,-79.90416657,37123.0,2369.999631987635,2.1739130434782608,630,644,14,0,630,644,27271,0,0,0,0,0
2020-08-06,US,North Carolina,Moore,968,20,0,35.30885257,-79.48474178,37125.0,959.5559080095164,2.066115702479338,948,947,20,0,927,933,98682,21,0,0,21,14
2020-08-06,US,North Carolina,Nash,1109,12,0,35.96575634,-77.98422508,37127.0,1176.0588771766106,1.0820559062218214,1097,1086,12,0,1074,1074,94016,23,0,0,23,12
2020-08-06,US,North Carolina,New Hanover,2566,20,0,34.25758282,-77.87075626,37129.0,1094.3690744776584,0.7794232268121591,2546,2449,20,0,2429,2449,232274,117,0,0,117,0
2020-08-06,US,North Carolina,Northampton,329,16,0,36.41736238,-77.39769443,37131.0,1688.6516450238669,4.863221884498481,313,329,16,0,313,329,19676,0,0,0,0,0
2020-08-06,US,North Carolina,Onslow,1015,10,0,34.72607366,-77.42908179,37133.0,512.7868322403987,0.9852216748768472,1005,987,10,0,977,961,197683,28,0,0,28,26
2020-08-06,US,North Carolina,Orange,1316,46,0,36.06092947,-79.12167935,37135.0,886.3385328268541,3.4954407294832825,1270,1308,45,0,1263,1296,146027,8,1,0,7,12
2020-08-06,US,North Carolina,Pamlico,67,1,0,35.15253315,-76.66559823,37137.0,526.4812195505265,1.492537313432836,66,65,1,0,64,65,12670,2,0,0,2,0
2020-08-06,US,North Carolina,Pasquotank,371,19,0,36.26723798,-76.25134778,37139.0,931.5990357573323,5.1212938005390845,352,360,17,0,343,360,39639,11,2,0,9,0
2020-08-06,US,North Carolina,Pender,638,3,0,34.52265624,-77.90352133,37141.0,1011.7348556929908,0.4702194357366771,635,633,3,0,630,632,62162,5,0,0,5,1
2020-08-06,US,North Carolina,Perquimans,76,2,0,36.17847453,-76.40603143,37143.0,564.5101388992052,2.631578947368421,74,74,2,0,72,73,13422,2,0,0,2,1
2020-08-06,US,North Carolina,Person,203,2,0,36.38989032,-78.97217358,37145.0,514.0541909344138,0.9852216748768472,201,202,2,0,200,201,39507,1,0,0,1,1
2020-08-06,US,North Carolina,Pitt,1875,11,0,35.59535426,-77.37353178,37147.0,1037.3903132642108,0.5866666666666667,1864,1833,11,0,1822,1802,179914,42,0,0,42,31
2020-08-06,US,North Carolina,Polk,148,5,0,35.27820615,-82.16812354,37149.0,714.1478479058098,3.3783783783783785,143,146,5,0,141,146,20611,2,0,0,2,0
2020-08-06,US,North Carolina,Randolph,2125,37,0,35.71015088,-79.80570339,37151.0,1479.1148976452496,1.741176470588235,2088,2085,36,0,2049,2075,143351,40,1,0,39,10
2020-08-06,US,North Carolina,Richmond,498,9,0,35.00417719,-79.74491009,37153.0,1110.8880412233152,1.8072289156626504,489,490,9,0,481,486,44887,8,0,0,8,4
2020-08-06,US,North Carolina,Robeson,2726,53,0,34.64244496,-79.10250529999998,37155.0,2086.8899521531102,1.9442406456346293,2673,2714,51,0,2663,2682,131831,12,2,0,10,32
2020-08-06,US,North Carolina,Rockingham,509,7,0,36.39593137,-79.77504841,37157.0,559.2792000879024,1.3752455795677798,502,494,7,0,487,494,90690,15,0,0,15,0
2020-08-06,US,North Carolina,Rowan,2123,48,0,35.64003916,-80.52446628,37159.0,1494.1444738471932,2.260951483749411,2075,2072,48,0,2024,2060,141262,51,0,0,51,12
2020-08-06,US,North Carolina,Rutherford,696,14,0,35.40114178,-81.92112099,37161.0,1038.3565322472364,2.0114942528735638,682,689,14,0,675,689,66826,7,0,0,7,0
2020-08-06,US,North Carolina,Sampson,1453,13,0,34.98820368,-78.36914061,37163.0,2287.072452818309,0.8947006194081212,1440,1439,13,0,1426,1431,63626,14,0,0,14,8
2020-08-06,US,North Carolina,Scotland,320,2,0,34.8386299,-79.4757978,37165.0,918.9328891824367,0.625,318,312,2,0,310,302,34810,8,0,0,8,10
2020-08-06,US,North Carolina,Stanly,1000,24,0,35.31647813,-80.25093221,37167.0,1592.2045664426971,2.4,976,938,24,0,914,928,62075,62,0,0,62,10
2020-08-06,US,North Carolina,Stokes,282,3,0,36.4017975,-80.23893369,37169.0,618.5431335131933,1.0638297872340423,279,277,3,0,274,270,45467,5,0,0,5,7
2020-08-06,US,North Carolina,Surry,897,9,0,36.41689489,-80.69102283,37171.0,1249.5994873438,1.0033444816053512,888,878,9,0,869,877,71948,19,0,0,19,1
2020-08-06,US,North Carolina,Swain,107,2,0,35.48665845,-83.48748932,37173.0,749.7722654333963,1.8691588785046729,105,106,2,0,104,106,14245,1,0,0,1,0
2020-08-06,US,North Carolina,Transylvania,132,1,0,35.20383864,-82.79638423,37175.0,383.88832339683,0.7575757575757576,131,132,1,0,131,132,34215,0,0,0,0,0
2020-08-06,US,North Carolina,Tyrrell,94,1,0,35.87147226,-76.17055253,37177.0,2340.6374501992027,1.0638297872340423,93,92,1,0,91,92,4131,2,0,0,2,0
2020-08-06,US,North Carolina,Union,2975,42,0,34.98960527,-80.52955873,37179.0,1240.312016643111,1.4117647058823528,2933,2930,42,0,2888,2881,235908,45,0,0,45,49
2020-08-06,US,North Carolina,Vance,751,40,0,36.36880673,-78.40670845,37181.0,1686.3141349500393,5.326231691078561,711,746,40,0,706,739,44582,5,0,0,5,7
2020-08-06,US,North Carolina,Wake,11576,152,0,35.78879266,-78.65249174,37183.0,1041.2309839974598,1.3130615065653075,11424,11425,137,0,11288,11337,1092305,151,15,0,136,88
2020-08-06,US,North Carolina,Warren,254,7,0,36.39728256,-78.10652228,37185.0,1287.3143783893365,2.755905511811024,247,252,7,0,245,246,19807,2,0,0,2,6
2020-08-06,US,North Carolina,Washington,131,4,0,35.83810081,-76.57299037,37187.0,1131.2607944732295,3.053435114503817,127,124,4,0,120,121,11859,7,0,0,7,3
2020-08-06,US,North Carolina,Watauga,283,0,0,36.23103603,-81.70033724,37189.0,503.76488598536764,0.0,283,283,0,0,283,283,55945,0,0,0,0,0
2020-08-06,US,North Carolina,Wayne,2372,40,0,35.36438125,-78.00027268,37191.0,1926.4035864242148,1.6863406408094437,2332,2335,40,0,2295,2330,123248,37,0,0,37,5
2020-08-06,US,North Carolina,Wilkes,762,10,0,36.2084135,-81.16232895,37193.0,1113.8396772496053,1.3123359580052494,752,744,10,0,734,741,68557,18,0,0,18,3
2020-08-06,US,North Carolina,Wilson,1476,35,0,35.70625477,-77.917978,37195.0,1804.3789195731104,2.3712737127371275,1441,1447,35,0,1412,1436,81455,29,0,0,29,11
2020-08-06,US,North Carolina,Yadkin,524,6,0,36.16222629,-80.66239436,37197.0,1391.13813152096,1.1450381679389312,518,513,6,0,507,508,37543,11,0,0,11,5
2020-08-06,US,North Carolina,Yancey,101,0,0,35.90079156,-82.31237181,37199.0,558.9683989152693,0.0,101,101,0,0,101,101,17903,0,0,0,0,0
2020-08-06,US,North Dakota,Adams,2,0,0,46.09686891,-102.5285397,38001.0,90.25270758122744,0.0,2,2,0,0,2,2,2294,0,0,0,0,0
2020-08-06,US,North Dakota,Barnes,37,0,0,46.93579637,-98.06605978,38003.0,355.2568410945751,0.0,37,36,0,0,36,35,10542,1,0,0,1,1
2020-08-06,US,North Dakota,Benson,131,1,0,48.0683985,-99.35916363,38005.0,1917.4473067915685,0.7633587786259542,130,130,1,0,129,127,6962,1,0,0,1,3
2020-08-06,US,North Dakota,Billings,2,0,0,47.02366884,-103.3762965,38007.0,215.5172413793104,0.0,2,2,0,0,2,2,919,0,0,0,0,0
2020-08-06,US,North Dakota,Bottineau,18,0,0,48.79106111,-100.8378166,38009.0,286.5329512893983,0.0,18,18,0,0,18,18,6411,0,0,0,0,0
2020-08-06,US,North Dakota,Bowman,6,0,0,46.11285362,-103.5203343,38011.0,198.4126984126984,0.0,6,6,0,0,6,6,3076,0,0,0,0,0
2020-08-06,US,North Dakota,Burke,23,0,0,48.79094471,-102.5182117,38013.0,1087.4704491725768,0.0,23,23,0,0,23,23,2100,0,0,0,0,0
2020-08-06,US,North Dakota,Burleigh,1082,5,0,46.97847375,-100.4645214,38015.0,1131.4914353836825,0.4621072088724584,1077,1049,5,0,1044,1007,95273,33,0,0,33,42
2020-08-06,US,North Dakota,Cass,2977,76,0,46.93201724,-97.2444719,38017.0,1636.4066115884189,2.5529056096741685,2901,2958,76,0,2882,2938,181516,19,0,0,19,20
2020-08-06,US,North Dakota,Cavalier,31,0,0,48.77286211,-98.46685243,38019.0,824.0297713981925,0.0,31,31,0,0,31,31,3829,0,0,0,0,0
2020-08-06,US,North Dakota,Dickey,12,0,0,46.11017712,-98.5049008,38021.0,246.30541871921181,0.0,12,12,0,0,12,12,4903,0,0,0,0,0
2020-08-06,US,North Dakota,Divide,1,0,0,48.814938700000006,-103.4873611,38023.0,44.16961130742049,0.0,1,1,0,0,1,1,2283,0,0,0,0,0
2020-08-06,US,North Dakota,Dunn,30,0,0,47.35423935,-102.6160468,38025.0,678.1193490054251,0.0,30,30,0,0,30,30,4332,0,0,0,0,0
2020-08-06,US,North Dakota,Eddy,17,0,0,47.71701474,-98.90432337,38027.0,743.3318758198512,0.0,17,17,0,0,17,15,2313,0,0,0,0,2
2020-08-06,US,North Dakota,Emmons,17,1,0,46.28398398,-100.2389766,38029.0,524.5294662141314,5.882352941176472,16,17,1,0,16,17,3295,0,0,0,0,0
2020-08-06,US,North Dakota,Foster,23,0,0,47.4571084,-98.88279923,38031.0,716.5109034267912,0.0,23,23,0,0,23,17,3216,0,0,0,0,6
2020-08-06,US,North Dakota,Golden Valley,4,0,0,46.94022281,-103.8465421,38033.0,227.14366837024414,0.0,4,4,0,0,4,4,1769,0,0,0,0,0
2020-08-06,US,North Dakota,Grand Forks,657,6,0,47.92093639,-97.45450447,38035.0,945.9906984780637,0.9132420091324199,651,650,6,0,644,642,70770,7,0,0,7,8
2020-08-06,US,North Dakota,Grant,4,0,0,46.35821257,-101.6390013,38037.0,175.9014951627089,0.0,4,4,0,0,4,4,2374,0,0,0,0,0
2020-08-06,US,North Dakota,Griggs,31,1,0,47.45785838,-98.23850925,38039.0,1389.5114298520843,3.2258064516129035,30,30,1,0,29,30,2232,1,0,0,1,0
2020-08-06,US,North Dakota,Hettinger,6,0,0,46.43375068,-102.4632417,38041.0,240.09603841536614,0.0,6,6,0,0,6,6,2514,0,0,0,0,0
2020-08-06,US,North Dakota,Kidder,13,0,0,46.97830064,-99.77507857,38043.0,524.1935483870968,0.0,13,12,0,0,12,11,2450,1,0,0,1,1
2020-08-06,US,North Dakota,LaMoure,16,0,0,46.45681054,-98.53542355,38045.0,395.45229856648535,0.0,16,15,0,0,15,15,4062,1,0,0,1,0
2020-08-06,US,North Dakota,Logan,7,0,0,46.45729487,-99.47719806,38047.0,378.3783783783784,0.0,7,7,0,0,7,6,1903,0,0,0,0,1
2020-08-06,US,North Dakota,McHenry,16,1,0,48.23104458,-100.6324822,38049.0,278.50304612706697,6.25,15,15,1,0,14,15,5816,1,0,0,1,0
2020-08-06,US,North Dakota,McIntosh,27,2,0,46.11182017,-99.44145858,38051.0,1081.297557068482,7.407407407407407,25,27,1,0,26,27,2585,0,1,0,-1,0
2020-08-06,US,North Dakota,McKenzie,85,1,0,47.74133370000001,-103.395905,38053.0,565.7614483493078,1.1764705882352942,84,84,1,0,83,84,13632,1,0,0,1,0
2020-08-06,US,North Dakota,McLean,46,0,0,47.60766714,-101.3182418,38055.0,486.7724867724868,0.0,46,42,0,0,42,39,9541,4,0,0,4,3
2020-08-06,US,North Dakota,Mercer,24,0,0,47.31213126,-101.8318399,38057.0,293.1476731403445,0.0,24,24,0,0,24,23,8267,0,0,0,0,1
2020-08-06,US,North Dakota,Morton,314,3,0,46.71681782,-101.2822377,38059.0,1001.1478127789824,0.9554140127388536,311,297,3,0,294,292,31095,17,0,0,17,5
2020-08-06,US,North Dakota,Mountrail,123,1,0,48.20197971,-102.3555315,38061.0,1166.429587482219,0.8130081300813008,122,122,1,0,121,122,10218,1,0,0,1,0
2020-08-06,US,North Dakota,Nelson,22,0,0,47.9226426,-98.19038437,38063.0,764.1542202153528,0.0,22,22,0,0,22,19,2869,0,0,0,0,3
2020-08-06,US,North Dakota,Oliver,7,0,0,47.11530482,-101.3406158,38065.0,357.32516590096986,0.0,7,7,0,0,7,7,1952,0,0,0,0,0
2020-08-06,US,North Dakota,Pembina,28,0,0,48.76623521,-97.5523809,38067.0,411.70416115277163,0.0,28,27,0,0,27,27,6947,1,0,0,1,0
2020-08-06,US,North Dakota,Pierce,11,0,0,48.24977025,-99.96407787,38069.0,276.7295597484277,0.0,11,11,0,0,11,11,4081,0,0,0,0,0
2020-08-06,US,North Dakota,Ramsey,65,2,0,48.26886249,-98.72223879,38071.0,564.2850941922043,3.0769230769230766,63,65,2,0,63,60,11481,0,0,0,0,5
2020-08-06,US,North Dakota,Ransom,26,0,0,46.45621782,-97.65742504,38073.0,498.27520122652356,0.0,26,26,0,0,26,26,5237,0,0,0,0,0
2020-08-06,US,North Dakota,Renville,8,0,0,48.71982533,-101.6603912,38075.0,343.79028792436617,0.0,8,8,0,0,8,9,2374,0,0,0,0,-1
2020-08-06,US,North Dakota,Richland,101,0,0,46.26440649,-96.94852979,38077.0,624.3432033133461,0.0,101,101,0,0,101,95,16239,0,0,0,0,6
2020-08-06,US,North Dakota,Rolette,48,0,0,48.77245354,-99.84097493,38079.0,338.6004514672686,0.0,48,38,0,0,38,35,14301,10,0,0,10,3
2020-08-06,US,North Dakota,Sargent,10,0,0,46.10830372,-97.63217159,38081.0,256.5418163160595,0.0,10,10,0,0,10,11,3870,0,0,0,0,-1
2020-08-06,US,North Dakota,Sheridan,6,0,0,47.57700669,-100.3426391,38083.0,456.2737642585552,0.0,6,6,0,0,6,6,1349,0,0,0,0,0
2020-08-06,US,North Dakota,Sioux,60,1,0,46.11323337,-101.0440149,38085.0,1418.4397163120568,1.6666666666666667,59,59,1,0,58,59,4358,1,0,0,1,0
2020-08-06,US,North Dakota,Slope,3,0,0,46.44737738,-103.4601547,38087.0,400.0,0.0,3,3,0,0,3,3,763,0,0,0,0,0
2020-08-06,US,North Dakota,Stark,229,3,0,46.80851182,-102.6576326,38089.0,727.2380831401442,1.310043668122271,226,227,3,0,224,221,30997,2,0,0,2,6
2020-08-06,US,North Dakota,Steele,13,0,0,47.45611548,-97.72728747,38091.0,687.8306878306877,0.0,13,13,0,0,13,13,1903,0,0,0,0,0
2020-08-06,US,North Dakota,Stutsman,125,2,0,46.97962541,-98.95637318,38093.0,603.7480680061824,1.6,123,121,2,0,119,121,20917,4,0,0,4,0
2020-08-06,US,North Dakota,Towner,5,0,0,48.68565745,-99.24564265,38095.0,228.41480127912288,0.0,5,5,0,0,5,5,2192,0,0,0,0,0
2020-08-06,US,North Dakota,Traill,50,0,0,47.45367788,-97.16323288,38097.0,622.2000995520158,0.0,50,49,0,0,49,47,8037,1,0,0,1,2
2020-08-06,US,North Dakota,Walsh,103,0,0,48.36876964,-97.72574783,38099.0,967.9541396485292,0.0,103,101,0,0,101,99,10667,2,0,0,2,2
2020-08-06,US,North Dakota,Ward,204,1,0,48.22390169,-101.5436763,38101.0,301.59222956490885,0.4901960784313725,203,197,1,0,196,195,67744,7,0,0,7,2
2020-08-06,US,North Dakota,Wells,21,0,0,47.58614526,-99.65904998,38103.0,547.7308294209703,0.0,21,20,0,0,20,19,3957,1,0,0,1,1
2020-08-06,US,North Dakota,Williams,250,2,0,48.34522353,-103.4793387,38105.0,665.088190694086,0.8,248,247,2,0,245,244,35350,3,0,0,3,3
2020-08-06,US,Ohio,Adams,59,2,0,38.84541072,-83.4718964,39001.0,213.01176980287383,3.3898305084745757,57,59,2,0,57,56,27724,0,0,0,0,3
2020-08-06,US,Ohio,Allen,699,42,0,40.77285242,-84.10802343,39003.0,682.9439868687165,6.008583690987124,657,682,42,0,640,667,102663,17,0,0,17,15
2020-08-06,US,Ohio,Ashland,137,3,0,40.84772277,-82.27280781,39005.0,256.1513723730462,2.18978102189781,134,135,3,0,132,133,53745,2,0,0,2,2
2020-08-06,US,Ohio,Ashtabula,550,45,0,41.70860332,-80.74830218,39007.0,565.6050431402392,8.181818181818182,505,551,45,0,506,544,97493,-1,0,0,-1,7
2020-08-06,US,Ohio,Athens,353,1,0,39.33425634,-82.04278644,39009.0,540.3585041407075,0.28328611898017,352,352,1,0,351,350,65818,1,0,0,1,2
2020-08-06,US,Ohio,Auglaize,239,5,0,40.55998859,-84.22421429999999,39011.0,523.4799369195724,2.092050209205021,234,233,5,0,228,226,45804,6,0,0,6,7
2020-08-06,US,Ohio,Belmont,592,26,0,40.01625942,-80.9924051,39013.0,883.5029698832941,4.391891891891892,566,591,26,0,565,590,67505,1,0,0,1,1
2020-08-06,US,Ohio,Brown,123,2,0,38.93416837,-83.86788395,39015.0,283.20132621108866,1.6260162601626016,121,120,1,0,119,118,43602,3,1,0,2,2
2020-08-06,US,Ohio,Butler,2822,62,0,39.44012838,-84.57388716,39017.0,736.5569226432527,2.1970233876683203,2760,2778,61,0,2717,2743,382378,44,1,0,43,35
2020-08-06,US,Ohio,Carroll,110,5,0,40.5789686,-81.09178213,39019.0,408.7092219662629,4.545454545454546,105,110,5,0,105,110,27081,0,0,0,0,0
2020-08-06,US,Ohio,Champaign,157,1,0,40.13923427,-83.76875242,39021.0,403.7546611804037,0.6369426751592356,156,151,2,0,149,150,38754,6,-1,0,7,1
2020-08-06,US,Ohio,Clark,1115,14,0,39.91592258,-83.78498252,39023.0,831.5744725282101,1.2556053811659194,1101,1104,14,0,1090,1092,134585,11,0,0,11,12
2020-08-06,US,Ohio,Clermont,892,11,0,39.04847534,-84.15375786,39025.0,432.11192280117035,1.2331838565022422,881,874,11,0,863,859,205466,18,0,0,18,15
2020-08-06,US,Ohio,Clinton,158,6,0,39.41485808,-83.80852286,39027.0,376.4773160503241,3.79746835443038,152,154,6,0,148,153,42057,4,0,0,4,1
2020-08-06,US,Ohio,Columbiana,1618,60,0,40.76932373,-80.78094576,39029.0,1588.0961495048239,3.708281829419036,1558,1607,60,0,1547,1583,102665,11,0,0,11,24
2020-08-06,US,Ohio,Coshocton,188,6,0,40.30096166,-81.91729018,39031.0,513.6612021857924,3.191489361702128,182,186,6,0,180,185,36629,2,0,0,2,1
2020-08-06,US,Ohio,Crawford,171,5,0,40.85065156,-82.91989099,39033.0,412.10777461801706,2.9239766081871346,166,168,5,0,163,168,41550,3,0,0,3,0
2020-08-06,US,Ohio,Cuyahoga,13141,491,0,41.424119,-81.65918339,39035.0,1063.9865530106747,3.7363975344342135,12650,13011,487,0,12524,12881,1243857,130,4,0,126,130
2020-08-06,US,Ohio,Darke,360,27,0,40.13412966,-84.6194517,39037.0,704.3217968031616,7.5,333,348,27,0,321,341,51323,12,0,0,12,7
2020-08-06,US,Ohio,Defiance,133,4,0,41.32398837,-84.49076944,39039.0,349.2005146112847,3.0075187969924815,129,133,4,0,129,132,38165,0,0,0,0,1
2020-08-06,US,Ohio,Delaware,1263,19,0,40.27942393,-83.00457058,39041.0,603.7948722851938,1.5043547110055424,1244,1241,18,0,1223,1219,204826,22,1,0,21,22
2020-08-06,US,Ohio,Erie,556,27,0,41.36796058,-82.62904521,39043.0,748.6602213664398,4.856115107913669,529,546,27,0,519,535,74615,10,0,0,10,11
2020-08-06,US,Ohio,Fairfield,1309,31,0,39.75107189,-82.63088163,39045.0,830.7208041935852,2.368220015278838,1278,1285,29,0,1256,1264,155782,24,2,0,22,21
2020-08-06,US,Ohio,Fayette,109,0,0,39.56021306,-83.4562016,39047.0,382.1209465381244,0.0,109,104,0,0,104,102,28666,5,0,0,5,2
2020-08-06,US,Ohio,Franklin,17834,521,0,39.96995815,-83.01115755,39049.0,1354.3891199280654,2.9213861164068637,17313,17619,517,0,17102,17404,1310300,215,4,0,211,215
2020-08-06,US,Ohio,Fulton,144,1,0,41.60213491,-84.12571393,39051.0,341.8316479134026,0.6944444444444444,143,143,1,0,142,141,42276,1,0,0,1,2
2020-08-06,US,Ohio,Gallia,62,1,0,38.82708533,-82.31647569,39053.0,207.37173055053847,1.6129032258064515,61,62,1,0,61,58,29979,0,0,0,0,4
2020-08-06,US,Ohio,Geauga,548,44,0,41.49952319,-81.17935342,39055.0,585.1637497463935,8.02919708029197,504,540,44,0,496,535,94031,8,0,0,8,5
2020-08-06,US,Ohio,Greene,656,11,0,39.69116283,-83.89032084,39057.0,388.31043525101074,1.6768292682926829,645,644,11,0,633,635,167995,12,0,0,12,9
2020-08-06,US,Ohio,Guernsey,114,7,0,40.05026529,-81.49248905,39059.0,293.2475884244373,6.140350877192982,107,113,7,0,106,112,39022,1,0,0,1,1
2020-08-06,US,Ohio,Hamilton,9374,252,0,39.19673558,-84.54502924,39061.0,1146.7045394771449,2.6882867505867294,9122,9297,249,0,9048,9248,816684,77,3,0,74,49
2020-08-06,US,Ohio,Hancock,353,3,0,41.00250487,-83.66838948,39063.0,465.80367628623833,0.8498583569405099,350,344,3,0,341,333,75930,9,0,0,9,11
2020-08-06,US,Ohio,Hardin,159,12,0,40.66015414,-83.65929931,39065.0,506.934481109517,7.547169811320754,147,158,12,0,146,153,31480,1,0,0,1,5
2020-08-06,US,Ohio,Harrison,22,1,0,40.29380509,-81.09068544,39067.0,146.2765957446809,4.545454545454546,21,22,1,0,21,21,15174,0,0,0,0,1
2020-08-06,US,Ohio,Henry,113,2,0,41.3339642,-84.06830637,39069.0,418.42553506628167,1.7699115044247788,111,110,2,0,108,108,27086,3,0,0,3,2
2020-08-06,US,Ohio,Highland,146,1,0,39.1839264,-83.60331456,39071.0,338.26834410694835,0.6849315068493149,145,141,1,0,140,136,43058,5,0,0,5,5
2020-08-06,US,Ohio,Hocking,114,9,0,39.49537927,-82.47991446,39073.0,403.3399377299745,7.894736842105262,105,114,9,0,105,111,28385,0,0,0,0,3
2020-08-06,US,Ohio,Holmes,326,6,0,40.56163713,-81.92635677,39075.0,741.5832575068242,1.8404907975460123,320,326,6,0,320,322,43892,0,0,0,0,4
2020-08-06,US,Ohio,Huron,388,5,0,41.14651175,-82.59867951,39077.0,665.9115092850033,1.2886597938144329,383,383,5,0,378,378,58504,5,0,0,5,5
2020-08-06,US,Ohio,Jackson,73,0,0,39.01914254,-82.61818559999998,39079.0,225.2182766174066,0.0,73,70,0,0,70,68,32384,3,0,0,3,2
2020-08-06,US,Ohio,Jefferson,219,2,0,40.38614126,-80.76259514,39081.0,335.2468427095293,0.9132420091324199,217,212,2,0,210,210,65767,7,0,0,7,2
2020-08-06,US,Ohio,Knox,191,7,0,40.39830217,-82.42027563,39083.0,306.47283463303484,3.6649214659685865,184,189,7,0,182,185,61893,2,0,0,2,4
2020-08-06,US,Ohio,Lake,1073,38,0,41.69710807,-81.23676539,39085.0,466.2197098401471,3.5414725069897486,1035,1064,37,0,1027,1054,230514,9,1,0,8,10
2020-08-06,US,Ohio,Lawrence,242,0,0,38.59743452,-82.53466552,39087.0,406.9757664429982,0.0,242,234,0,0,234,225,59866,8,0,0,8,9
2020-08-06,US,Ohio,Licking,1202,47,0,40.09136236,-82.48185785,39089.0,679.6259230360394,3.9101497504159735,1155,1179,47,0,1132,1158,175769,23,0,0,23,21
2020-08-06,US,Ohio,Logan,140,2,0,40.38996525,-83.76784341,39091.0,306.5335435277632,1.4285714285714286,138,136,2,0,134,130,45358,4,0,0,4,6
2020-08-06,US,Ohio,Lorain,1689,77,0,41.29553751,-82.15083537,39093.0,545.1323777647958,4.558910597986975,1612,1665,77,0,1588,1650,309461,24,0,0,24,15
2020-08-06,US,Ohio,Lucas,5155,320,0,41.62101218,-83.65468618,39095.0,1203.4607375311662,6.20756547041707,4835,5114,320,0,4794,5035,429899,41,0,0,41,79
2020-08-06,US,Ohio,Madison,349,10,0,39.89381073,-83.40178317,39097.0,780.2195345509825,2.8653295128939833,339,343,10,0,333,336,44413,6,0,0,6,7
2020-08-06,US,Ohio,Mahoning,2477,254,0,41.01631101,-80.77287029,39099.0,1083.15878311899,10.254339927331447,2223,2470,253,0,2217,2437,229642,7,1,0,6,33
2020-08-06,US,Ohio,Marion,2910,45,0,40.58610662,-83.15736305,39101.0,4470.526784754121,1.5463917525773196,2865,2901,45,0,2856,2896,65256,9,0,0,9,5
2020-08-06,US,Ohio,Medina,887,35,0,41.11770589,-81.89986209999998,39103.0,493.4741245980439,3.9458850056369785,852,869,35,0,834,848,179146,18,0,0,18,21
2020-08-06,US,Ohio,Meigs,33,0,0,39.09224872,-82.0305041,39105.0,144.0607674509975,0.0,33,29,0,0,29,26,23106,4,0,0,4,3
2020-08-06,US,Ohio,Mercer,573,13,0,40.54043046,-84.62912742,39107.0,1391.7225298746719,2.2687609075043635,560,561,13,0,548,535,40959,12,0,0,12,26
2020-08-06,US,Ohio,Miami,811,37,0,40.0543329,-84.22871271,39109.0,758.0360230682232,4.562268803945746,774,788,37,0,751,781,106222,23,0,0,23,7
2020-08-06,US,Ohio,Monroe,91,18,0,39.72984936,-81.08464734,39111.0,666.4713637029442,19.78021978021978,73,91,18,0,73,91,13790,0,0,0,0,0
2020-08-06,US,Ohio,Montgomery,4174,87,0,39.75394919,-84.29050975,39113.0,785.0483461134088,2.084331576425491,4087,4114,85,0,4029,4092,532331,60,2,0,58,22
2020-08-06,US,Ohio,Morgan,23,0,0,39.62081738,-81.85308173,39115.0,158.5332230493521,0.0,23,21,0,0,21,20,14604,2,0,0,2,1
2020-08-06,US,Ohio,Morrow,165,2,0,40.52363560000001,-82.7892599,39117.0,467.0516304347826,1.2121212121212122,163,163,2,0,161,160,35112,2,0,0,2,3
2020-08-06,US,Ohio,Muskingum,215,1,0,39.96575964,-81.94363275,39119.0,249.37655860349128,0.4651162790697674,214,207,1,0,206,199,86183,8,0,0,8,8
2020-08-06,US,Ohio,Noble,17,0,0,39.76818851,-81.45937183,39121.0,117.859123682751,0.0,17,16,0,0,16,16,14354,1,0,0,1,0
2020-08-06,US,Ohio,Ottawa,368,25,0,41.53781826,-83.0940185,39123.0,908.0814312152992,6.793478260869565,343,365,25,0,340,361,40769,3,0,0,3,4
2020-08-06,US,Ohio,Paulding,64,0,0,41.11676341,-84.5801017,39125.0,342.75921165381317,0.0,64,64,0,0,64,62,18760,0,0,0,0,2
2020-08-06,US,Ohio,Perry,116,3,0,39.73508655,-82.23804971,39127.0,321.0272873194222,2.586206896551724,113,113,3,0,110,109,36033,3,0,0,3,4
2020-08-06,US,Ohio,Pickaway,2378,42,0,39.64170392,-83.0243386,39129.0,4067.947380125562,1.7661900756938604,2336,2374,42,0,2332,2365,58086,4,0,0,4,9
2020-08-06,US,Ohio,Pike,75,0,0,39.07634001,-83.06769584,39131.0,270.05617168371015,0.0,75,73,0,0,73,70,28067,2,0,0,2,3
2020-08-06,US,Ohio,Portage,743,61,0,41.16793482,-81.19735782,39133.0,457.3264559969471,8.209959623149395,682,734,60,0,674,724,162927,9,1,0,8,10
2020-08-06,US,Ohio,Preble,176,2,0,39.7420247,-84.64787018,39135.0,430.5073137322049,1.1363636363636365,174,175,2,0,173,172,40997,1,0,0,1,3
2020-08-06,US,Ohio,Putnam,199,17,0,41.02094889,-84.1336111,39137.0,587.6967602846933,8.542713567839195,182,198,17,0,181,198,33780,1,0,0,1,0
2020-08-06,US,Ohio,Richland,589,11,0,40.77180308,-82.53799609999999,39139.0,486.1581128150949,1.867572156196944,578,559,11,0,548,547,121099,30,0,0,30,12
2020-08-06,US,Ohio,Ross,444,4,0,39.33705391,-83.06000914,39141.0,579.1354707432239,0.9009009009009008,440,431,4,0,427,419,76931,13,0,0,13,12
2020-08-06,US,Ohio,Sandusky,363,16,0,41.35624126,-83.137872,39143.0,620.3219522198298,4.40771349862259,347,354,16,0,338,343,58799,9,0,0,9,11
2020-08-06,US,Ohio,Scioto,211,1,0,38.80270163,-82.98907345,39145.0,280.1603951456569,0.4739336492890995,210,204,1,0,203,199,75502,7,0,0,7,5
2020-08-06,US,Ohio,Seneca,190,3,0,41.12351311,-83.12783209,39147.0,344.34013556127434,1.5789473684210529,187,177,3,0,174,167,55207,13,0,0,13,10
2020-08-06,US,Ohio,Shelby,177,4,0,40.33163494,-84.20258189,39149.0,364.2724840502161,2.2598870056497176,173,168,4,0,164,164,48627,9,0,0,9,4
2020-08-06,US,Ohio,Stark,1766,137,0,40.81482476,-81.36437305,39151.0,476.51683998640084,7.757644394110986,1629,1756,137,0,1619,1713,371574,10,0,0,10,43
2020-08-06,US,Ohio,Summit,3433,218,0,41.12464734,-81.53123079,39153.0,634.5503712480108,6.350131080687445,3215,3399,218,0,3181,3338,541918,34,0,0,34,61
2020-08-06,US,Ohio,Trumbull,1481,105,0,41.31735028,-80.76109643,39155.0,748.0780304484426,7.089804186360568,1376,1465,105,0,1360,1451,198627,16,0,0,16,14
2020-08-06,US,Ohio,Tuscarawas,762,14,0,40.44214695,-81.47226262,39157.0,828.377922967376,1.837270341207349,748,759,14,0,745,756,92176,3,0,0,3,3
2020-08-06,US,Ohio,Union,233,1,0,40.30016061,-83.37239023,39159.0,394.9955923238625,0.4291845493562232,232,228,1,0,227,222,57835,5,0,0,5,6
2020-08-06,US,Ohio,Van Wert,70,1,0,40.8554138,-84.59111700000003,39161.0,247.56852343059242,1.4285714285714286,69,70,1,0,69,70,28281,0,0,0,0,0
2020-08-06,US,Ohio,Vinton,30,2,0,39.25208988,-82.4831444,39163.0,229.2701566679404,6.666666666666668,28,30,2,0,28,30,13139,0,0,0,0,0
2020-08-06,US,Ohio,Warren,1711,36,0,39.42581994,-84.16557457,39165.0,729.3202956496533,2.1040327293980132,1675,1689,35,0,1654,1669,232173,22,1,0,21,20
2020-08-06,US,Ohio,Washington,198,22,0,39.45690571,-81.49121382,39167.0,330.4902271703026,11.111111111111109,176,198,22,0,176,198,60155,0,0,0,0,0
2020-08-06,US,Ohio,Wayne,519,58,0,40.82925852,-81.88844833,39169.0,448.5351309307752,11.175337186897881,461,517,58,0,459,508,115967,2,0,0,2,9
2020-08-06,US,Ohio,Williams,130,3,0,41.56052014,-84.58429552,39171.0,354.3006649950943,2.3076923076923075,127,129,3,0,126,124,36804,1,0,0,1,5
2020-08-06,US,Ohio,Wood,993,58,0,41.36224827,-83.62285108,39173.0,759.0756553047388,5.840886203423968,935,973,58,0,915,954,130696,20,0,0,20,19
2020-08-06,US,Ohio,Wyandot,136,8,0,40.84339621,-83.30734173,39175.0,624.6555208524711,5.882352941176472,128,128,7,0,121,125,21935,8,1,0,7,3
2020-08-06,US,Oklahoma,Adair,325,6,0,35.88494195,-94.65859267,40001.0,1464.3597368658193,1.8461538461538465,319,314,6,0,308,311,22082,11,0,0,11,3
2020-08-06,US,Oklahoma,Alfalfa,3,0,0,36.73090616,-98.32408495,40003.0,52.6131182041389,0.0,3,3,0,0,3,3,5754,0,0,0,0,0
2020-08-06,US,Oklahoma,Atoka,67,0,0,34.37366573,-96.03802487,40005.0,486.9893879924408,0.0,67,67,0,0,67,65,13838,0,0,0,0,2
2020-08-06,US,Oklahoma,Beaver,36,0,0,36.7496847,-100.4758872,40007.0,677.8384485031067,0.0,36,36,0,0,36,36,5319,0,0,0,0,0
2020-08-06,US,Oklahoma,Beckham,52,1,0,35.26862449,-99.68128023,40009.0,237.8882840020129,1.9230769230769231,51,45,1,0,44,45,21709,7,0,0,7,0
2020-08-06,US,Oklahoma,Blaine,40,0,0,35.87518314,-98.43307003,40011.0,424.22314137236185,0.0,40,39,0,0,39,38,9485,1,0,0,1,1
2020-08-06,US,Oklahoma,Bryan,410,1,0,33.96472458,-96.25903472,40013.0,854.2556516303781,0.24390243902439024,409,402,1,0,401,398,47192,8,0,0,8,4
2020-08-06,US,Oklahoma,Caddo,392,16,0,35.17364557,-98.37534464,40015.0,1362.9093943397538,4.081632653061225,376,384,16,0,368,383,28977,8,0,0,8,1
2020-08-06,US,Oklahoma,Canadian,1152,7,0,35.5426055,-97.98465569,40017.0,776.7723490620742,0.6076388888888888,1145,1128,6,0,1122,1106,144447,24,1,0,23,22
2020-08-06,US,Oklahoma,Carter,326,4,0,34.25103751,-97.28552485,40019.0,677.5997173203632,1.2269938650306749,322,315,4,0,311,312,48177,11,0,0,11,3
2020-08-06,US,Oklahoma,Cherokee,391,2,0,35.90692775,-94.99980896,40021.0,803.5842735885898,0.5115089514066496,389,385,2,0,383,360,48675,6,0,0,6,25
2020-08-06,US,Oklahoma,Choctaw,173,1,0,34.02807439,-95.54771129,40023.0,1179.1166848418754,0.5780346820809249,172,171,1,0,170,171,14668,2,0,0,2,0
2020-08-06,US,Oklahoma,Cimarron,1,0,0,36.74817177,-102.5173885,40025.0,46.79457182966776,0.0,1,1,0,0,1,1,2153,0,0,0,0,0
2020-08-06,US,Oklahoma,Cleveland,2909,55,0,35.20413532,-97.32519562,40027.0,1024.2452836831987,1.890684083877621,2854,2871,54,0,2817,2780,281669,38,1,0,37,91
2020-08-06,US,Oklahoma,Coal,31,0,0,34.58840127,-96.29798747,40029.0,564.1492265696088,0.0,31,31,0,0,31,31,5520,0,0,0,0,0
2020-08-06,US,Oklahoma,Comanche,795,10,0,34.65973764,-98.47195055,40031.0,658.3905456773969,1.2578616352201255,785,792,10,0,782,785,120422,3,0,0,3,7
2020-08-06,US,Oklahoma,Cotton,18,2,0,34.28845626,-98.37053567,40033.0,317.6844334627604,11.111111111111109,16,19,2,0,17,18,5776,-1,0,0,-1,1
2020-08-06,US,Oklahoma,Craig,78,0,0,36.76268118,-95.20916602,40035.0,551.5485787017395,0.0,78,77,0,0,77,77,14306,1,0,0,1,0
2020-08-06,US,Oklahoma,Creek,552,13,0,35.90230551,-96.37086028,40037.0,771.7904980285788,2.355072463768116,539,536,13,0,523,510,71604,16,0,0,16,26
2020-08-06,US,Oklahoma,Custer,202,0,0,35.63853802,-99.00170785,40039.0,696.4796745164293,0.0,202,193,0,0,193,194,29036,9,0,0,9,-1
2020-08-06,US,Oklahoma,Delaware,412,19,0,36.40823634,-94.80325046,40041.0,957.9390360157176,4.611650485436893,393,405,19,0,386,404,42733,7,0,0,7,1
2020-08-06,US,Oklahoma,Dewey,8,0,0,35.98772922,-99.00730714,40043.0,163.5657329789409,0.0,8,8,0,0,8,8,4894,0,0,0,0,0
2020-08-06,US,Oklahoma,Ellis,3,0,0,36.218019399999996,-99.75324573,40045.0,77.74034724021767,0.0,3,3,0,0,3,3,3952,0,0,0,0,0
2020-08-06,US,Oklahoma,Garfield,396,5,0,36.3791334,-97.78265517,40047.0,648.5849056603772,1.2626262626262623,391,389,4,0,385,382,60913,7,1,0,6,7
2020-08-06,US,Oklahoma,Garvin,220,4,0,34.70418038,-97.30811132,40049.0,793.9085561690302,1.818181818181818,216,215,4,0,211,218,27811,5,0,0,5,-3
2020-08-06,US,Oklahoma,Grady,428,7,0,35.0167709,-97.88339847,40051.0,766.558011247627,1.6355140186915889,421,421,7,0,414,417,55551,7,0,0,7,4
2020-08-06,US,Oklahoma,Grant,12,0,0,36.796296999999996,-97.78638765,40053.0,276.944380336949,0.0,12,12,0,0,12,12,4326,0,0,0,0,0
2020-08-06,US,Oklahoma,Greer,82,8,0,34.93535801,-99.56056120000001,40055.0,1435.5742296918768,9.75609756097561,74,81,8,0,73,81,5821,1,0,0,1,0
2020-08-06,US,Oklahoma,Harmon,27,0,0,34.7440135,-99.84741652,40057.0,1017.7157934413872,0.0,27,27,0,0,27,25,2664,0,0,0,0,2
2020-08-06,US,Oklahoma,Harper,9,0,0,36.78836519,-99.6679804,40059.0,244.0347071583514,0.0,9,9,0,0,9,9,3797,0,0,0,0,0
2020-08-06,US,Oklahoma,Haskell,50,0,0,35.22257600000001,-95.11513306,40061.0,395.97687495050286,0.0,50,48,0,0,48,47,12668,2,0,0,2,1
2020-08-06,US,Oklahoma,Hughes,124,1,0,35.04912569,-96.24921145,40063.0,933.8052564199112,0.8064516129032258,123,118,1,0,117,115,13335,6,0,0,6,3
2020-08-06,US,Oklahoma,Jackson,504,5,0,34.58781741,-99.41138784,40065.0,2054.6269873624133,0.992063492063492,499,497,5,0,492,489,24949,7,0,0,7,8
2020-08-06,US,Oklahoma,Jefferson,32,0,0,34.11130184,-97.83182974,40067.0,533.1556147950682,0.0,32,32,0,0,32,32,6123,0,0,0,0,0
2020-08-06,US,Oklahoma,Johnston,45,0,0,34.31440473,-96.66011537,40069.0,405.95399188092017,0.0,45,45,0,0,45,42,10949,0,0,0,0,3
2020-08-06,US,Oklahoma,Kay,233,11,0,36.81799745,-97.14421435,40071.0,535.1646837245626,4.721030042918455,222,231,11,0,220,223,44161,2,0,0,2,8
2020-08-06,US,Oklahoma,Kingfisher,115,0,0,35.94530008,-97.94193268,40073.0,729.4640025372661,0.0,115,114,0,0,114,113,15816,1,0,0,1,1
2020-08-06,US,Oklahoma,Kiowa,27,1,0,34.91671958,-98.97720696,40075.0,310.05971520440966,3.703703703703704,26,27,1,0,26,27,8729,0,0,0,0,0
2020-08-06,US,Oklahoma,Latimer,80,1,0,34.87844729,-95.25215049,40077.0,794.2023230417949,1.25,79,77,1,0,76,77,10231,3,0,0,3,0
2020-08-06,US,Oklahoma,Le Flore,298,1,0,34.89851864,-94.70392124,40079.0,597.7574067759213,0.3355704697986577,297,277,1,0,276,261,49980,21,0,0,21,16
2020-08-06,US,Oklahoma,Lincoln,152,2,0,35.70270942,-96.8812462,40081.0,435.8173007999541,1.3157894736842106,150,147,2,0,145,142,34920,5,0,0,5,5
2020-08-06,US,Oklahoma,Logan,198,1,0,35.91899576,-97.44352845,40083.0,412.4054904084481,0.5050505050505051,197,196,2,0,194,188,47291,2,-1,0,3,8
2020-08-06,US,Oklahoma,Love,69,0,0,33.95273467,-97.23906784,40085.0,672.9737637764557,0.0,69,65,0,0,65,65,10134,4,0,0,4,0
2020-08-06,US,Oklahoma,Major,27,1,0,36.31149996,-98.53467076,40093.0,353.91270153362166,3.703703703703704,26,26,1,0,25,26,7644,1,0,0,1,0
2020-08-06,US,Oklahoma,Marshall,102,1,0,34.02311222,-96.76855464,40095.0,602.4452188293662,0.9803921568627452,101,99,0,0,99,100,16806,3,1,0,2,-1
2020-08-06,US,Oklahoma,Mayes,305,6,0,36.30179091,-95.23175116,40097.0,742.0924574209247,1.9672131147540983,299,294,6,0,288,290,41107,11,0,0,11,4
2020-08-06,US,Oklahoma,McClain,424,4,0,35.01123903,-97.44572302,40087.0,1047.5861046597815,0.9433962264150944,420,420,4,0,416,402,39985,4,0,0,4,18
2020-08-06,US,Oklahoma,McCurtain,839,28,0,34.11664328,-94.77222373,40089.0,2555.433723196881,3.3373063170441,811,838,28,0,810,835,32703,1,0,0,1,3
2020-08-06,US,Oklahoma,McIntosh,166,1,0,35.37235506,-95.66599306,40091.0,847.1116554398857,0.6024096385542169,165,160,1,0,159,157,19815,6,0,0,6,3
2020-08-06,US,Oklahoma,Murray,69,0,0,34.48116015,-97.06826283,40099.0,490.3005755702409,0.0,69,68,0,0,68,63,13953,1,0,0,1,5
2020-08-06,US,Oklahoma,Muskogee,486,16,0,35.61318461,-95.37802952,40101.0,714.7374148859509,3.2921810699588483,470,480,16,0,464,463,68362,6,0,0,6,17
2020-08-06,US,Oklahoma,Noble,83,2,0,36.38953329,-97.22928674,40103.0,745.6652591860568,2.409638554216868,81,83,2,0,81,81,11289,0,0,0,0,2
2020-08-06,US,Oklahoma,Nowata,57,1,0,36.79843529,-95.61902331,40105.0,565.7006748709805,1.7543859649122806,56,56,1,0,55,56,10218,1,0,0,1,0
2020-08-06,US,Oklahoma,Okfuskee,60,0,0,35.46485198,-96.32639984,40107.0,500.2918369048612,0.0,60,58,0,0,58,57,12098,2,0,0,2,1
2020-08-06,US,Oklahoma,Oklahoma,10113,109,0,35.55140095,-97.40716948,40109.0,1268.1927281756234,1.0778206269158508,10004,9950,107,0,9843,9593,792582,163,2,0,161,357
2020-08-06,US,Oklahoma,Okmulgee,441,3,0,35.64661916,-95.96432828,40111.0,1146.4968152866245,0.6802721088435374,438,411,3,0,408,405,38335,30,0,0,30,6
2020-08-06,US,Oklahoma,Osage,391,11,0,36.62888819,-96.39635704,40113.0,832.5703213167814,2.8132992327365733,380,385,11,0,374,376,47014,6,0,0,6,9
2020-08-06,US,Oklahoma,Ottawa,358,3,0,36.83532655,-94.81011909,40115.0,1150.1268994763388,0.8379888268156425,355,352,2,0,350,348,31175,6,1,0,5,4
2020-08-06,US,Oklahoma,Pawnee,130,3,0,36.31743373,-96.70331759999999,40117.0,793.8446507083537,2.3076923076923075,127,127,3,0,124,126,16390,3,0,0,3,1
2020-08-06,US,Oklahoma,Payne,698,4,0,36.07695283,-96.97584944,40119.0,853.4676709380808,0.5730659025787965,694,687,4,0,683,678,82040,11,0,0,11,9
2020-08-06,US,Oklahoma,Pittsburg,252,3,0,34.92065823,-95.75134320000001,40121.0,577.2666880469144,1.1904761904761905,249,227,3,0,224,214,43877,25,0,0,25,13
2020-08-06,US,Oklahoma,Pontotoc,188,2,0,34.72959848,-96.68337199,40123.0,491.06676418347087,1.0638297872340423,186,186,2,0,184,185,38247,2,0,0,2,1
2020-08-06,US,Oklahoma,Pottawatomie,427,9,0,35.20614018,-96.94923008,40125.0,588.2190875027551,2.107728337236534,418,416,8,0,408,414,72679,11,1,0,10,2
2020-08-06,US,Oklahoma,Pushmataha,105,0,0,34.41635232,-95.37603505,40127.0,946.2869502523433,0.0,105,101,0,0,101,103,11179,4,0,0,4,-2
2020-08-06,US,Oklahoma,Roger Mills,8,0,0,35.68711719,-99.69666167,40129.0,223.27658386826684,0.0,8,8,0,0,8,8,3656,0,0,0,0,0
2020-08-06,US,Oklahoma,Rogers,902,16,0,36.37004357,-95.60406759,40131.0,975.5675488594943,1.7738359201773837,886,874,16,0,858,855,91984,28,0,0,28,19
2020-08-06,US,Oklahoma,Seminole,221,5,0,35.16478725,-96.61686741,40133.0,911.0396570203644,2.262443438914027,216,214,5,0,209,209,24578,7,0,0,7,5
2020-08-06,US,Oklahoma,Sequoyah,309,4,0,35.49447108,-94.75463785,40135.0,743.3423945728787,1.2944983818770226,305,290,4,0,286,279,41179,19,0,0,19,11
2020-08-06,US,Oklahoma,Stephens,192,2,0,34.48556989,-97.85141892,40137.0,445.03163896808286,1.0416666666666667,190,190,2,0,188,182,43265,2,0,0,2,8
2020-08-06,US,Oklahoma,Texas,1046,7,0,36.74777635,-101.4889765,40139.0,5234.449281889606,0.6692160611854685,1039,1044,7,0,1037,1037,20455,2,0,0,2,7
2020-08-06,US,Oklahoma,Tillman,58,1,0,34.37288446,-98.92426619,40141.0,800.0,1.7241379310344829,57,57,1,0,56,57,7348,1,0,0,1,0
2020-08-06,US,Oklahoma,Tulsa,9969,105,0,36.11939621,-95.94013939,40143.0,1530.0390452335348,1.0532651218778213,9864,9742,103,0,9639,9418,648360,227,2,0,225,324
2020-08-06,US,Oklahoma,Unassigned,6,0,0,0.0,0.0,90040.0,0.0,0.0,6,9,0,0,9,11,,-3,0,0,-3,-2
2020-08-06,US,Oklahoma,Wagoner,805,23,0,35.96024096,-95.51911308,40145.0,990.2938897021736,2.8571428571428568,782,787,22,0,765,762,80110,18,1,0,17,25
2020-08-06,US,Oklahoma,Washington,606,39,0,36.71380786,-95.90514104,40147.0,1176.0824422147612,6.435643564356437,567,593,39,0,554,589,51843,13,0,0,13,4
2020-08-06,US,Oklahoma,Washita,26,0,0,35.29071824,-98.99180434,40149.0,238.18248442652992,0.0,26,25,0,0,25,26,11127,1,0,0,1,-1
2020-08-06,US,Oklahoma,Woods,19,0,0,36.76705782,-98.86573064,40151.0,216.08097350164903,0.0,19,19,0,0,19,19,8897,0,0,0,0,0
2020-08-06,US,Oklahoma,Woodward,36,0,0,36.42316318,-99.26283045,40153.0,178.1208252931572,0.0,36,35,0,0,35,35,20222,1,0,0,1,0
2020-08-06,US,Oregon,Baker,37,0,0,44.70915557,-117.6749883,41001.0,229.47159513768293,0.0,37,36,0,0,36,35,16006,1,0,0,1,1
2020-08-06,US,Oregon,Benton,161,6,0,44.49167306,-123.4316987,41003.0,173.0196769582926,3.7267080745341614,155,162,6,0,156,160,92101,-1,0,0,-1,2
2020-08-06,US,Oregon,Clackamas,1484,38,0,45.18787398,-122.2179634,41005.0,354.86516797509245,2.5606469002695422,1446,1464,38,0,1426,1443,416075,20,0,0,20,21
2020-08-06,US,Oregon,Clatsop,83,0,0,45.99712889,-123.660711,41007.0,206.3444709626094,0.0,83,83,0,0,83,82,39764,0,0,0,0,1
2020-08-06,US,Oregon,Columbia,90,0,0,45.94464254,-123.08908980000001,41009.0,171.90663559613395,0.0,90,86,0,0,86,84,52377,4,0,0,4,2
2020-08-06,US,Oregon,Coos,90,0,0,43.17406868,-124.0594514,41011.0,139.56301270023417,0.0,90,89,0,0,89,88,64389,1,0,0,1,1
2020-08-06,US,Oregon,Crook,43,1,0,44.14230227,-120.356297,41013.0,176.2006228487133,2.3255813953488373,42,42,1,0,41,43,23867,1,0,0,1,-1
2020-08-06,US,Oregon,Curry,14,0,0,42.45911325,-124.15728200000001,41015.0,61.06870229007634,0.0,14,14,0,0,14,14,22813,0,0,0,0,0
2020-08-06,US,Oregon,Deschutes,567,8,0,43.91570171,-121.2289121,41017.0,286.8097849179532,1.4109347442680775,559,555,8,0,547,548,191996,12,0,0,12,7
2020-08-06,US,Oregon,Douglas,145,1,0,43.27941273,-123.16729099999999,41019.0,130.65417192286898,0.6896551724137931,144,140,1,0,139,139,110283,5,0,0,5,1
2020-08-06,US,Oregon,Gilliam,4,0,0,45.37160076,-120.20488689999999,41021.0,209.20502092050208,0.0,4,4,0,0,4,4,1894,0,0,0,0,0
2020-08-06,US,Oregon,Grant,3,0,0,44.49024544,-119.0068631,41023.0,41.67245450757049,0.0,3,2,0,0,2,2,7176,1,0,0,1,0
2020-08-06,US,Oregon,Harney,10,0,0,43.06422669,-118.96663059999999,41025.0,135.26308670363858,0.0,10,10,0,0,10,10,7329,0,0,0,0,0
2020-08-06,US,Oregon,Hood River,178,0,0,45.51872811,-121.65520359999998,41027.0,761.269352493371,0.0,178,178,0,0,178,174,23428,0,0,0,0,4
2020-08-06,US,Oregon,Jackson,437,1,0,42.43201126,-122.72893090000001,41029.0,197.7876747049026,0.2288329519450801,436,421,1,0,420,411,219564,16,0,0,16,10
2020-08-06,US,Oregon,Jefferson,341,3,0,44.62806839,-121.17832,41031.0,1382.9183226539055,0.8797653958944281,338,332,3,0,329,324,24192,9,0,0,9,8
2020-08-06,US,Oregon,Josephine,110,2,0,42.3665549,-123.5561938,41033.0,125.73296604066893,1.818181818181818,108,108,2,0,106,107,87393,2,0,0,2,1
2020-08-06,US,Oregon,Klamath,200,1,0,42.68762984,-121.64964609999998,41035.0,293.0918256689821,0.5,199,200,1,0,199,198,67653,0,0,0,0,2
2020-08-06,US,Oregon,Lake,32,0,0,42.79246693,-120.38501629999999,41037.0,406.6590418096328,0.0,32,32,0,0,32,32,7879,0,0,0,0,0
2020-08-06,US,Oregon,Lane,552,3,0,43.93727035,-122.847753,41039.0,144.47727754556138,0.5434782608695652,549,540,3,0,537,535,379611,12,0,0,12,5
2020-08-06,US,Oregon,Lincoln,411,9,0,44.64252874,-123.86991200000001,41041.0,822.6251951483126,2.18978102189781,402,414,9,0,405,395,49388,-3,0,0,-3,19
2020-08-06,US,Oregon,Linn,265,10,0,44.48899494,-122.53731540000001,41043.0,204.2404951097889,3.7735849056603774,255,263,10,0,253,255,127335,2,0,0,2,8
2020-08-06,US,Oregon,Malheur,734,12,0,43.1937027,-117.62273950000001,41045.0,2400.968237872493,1.6348773841961852,722,715,12,0,703,708,30725,19,0,0,19,7
2020-08-06,US,Oregon,Marion,2789,68,0,44.90287942,-122.58151170000001,41047.0,801.8561431553284,2.438149874506992,2721,2755,68,0,2687,2713,346868,34,0,0,34,42
2020-08-06,US,Oregon,Morrow,329,3,0,45.41846568,-119.584546,41049.0,2835.473584417823,0.9118541033434652,326,327,2,0,325,316,11372,2,1,0,1,11
2020-08-06,US,Oregon,Multnomah,4653,93,0,45.54747959,-122.4169351,41051.0,572.4268165909049,1.9987105093488071,4560,4608,93,0,4515,4553,811880,45,0,0,45,55
2020-08-06,US,Oregon,Polk,301,12,0,44.90322804,-123.4128888,41053.0,349.65441133763136,3.986710963455149,289,301,12,0,289,300,85234,0,0,0,0,1
2020-08-06,US,Oregon,Sherman,15,0,0,45.41501554,-120.6827834,41055.0,842.6966292134831,0.0,15,14,0,0,14,14,1708,1,0,0,1,0
2020-08-06,US,Oregon,Tillamook,34,0,0,45.46248721,-123.712066,41057.0,125.75824826157715,0.0,34,34,0,0,34,32,26787,0,0,0,0,2
2020-08-06,US,Oregon,Umatilla,2167,26,0,45.59073056,-118.7353826,41059.0,2779.9871712636304,1.1998154130133825,2141,2141,26,0,2115,2122,77516,26,0,0,26,19
2020-08-06,US,Oregon,Union,392,2,0,45.30915495,-118.0068979,41061.0,1460.778833612819,0.5102040816326531,390,392,2,0,390,392,26461,0,0,0,0,0
2020-08-06,US,Oregon,Wallowa,19,1,0,45.57894064,-117.18353799999998,41063.0,263.59600443951166,5.2631578947368425,18,19,1,0,18,19,7081,0,0,0,0,0
2020-08-06,US,Oregon,Wasco,178,3,0,45.16292781,-121.16709540000001,41065.0,667.1164080653624,1.6853932584269662,175,172,3,0,169,171,26505,6,0,0,6,1
2020-08-06,US,Oregon,Washington,2943,24,0,45.55972701,-123.0955257,41067.0,489.20198406893707,0.8154943934760448,2919,2921,24,0,2897,2877,597695,22,0,0,22,44
2020-08-06,US,Oregon,Yamhill,413,12,0,45.23330449,-123.3086963,41071.0,385.62091503267976,2.905569007263922,401,404,12,0,392,399,107002,9,0,0,9,5
2020-08-06,US,Pennsylvania,Adams,490,20,0,39.87140411,-77.21610347,42001.0,475.6865904920929,4.081632653061225,470,483,20,0,463,481,102811,7,0,0,7,2
2020-08-06,US,Pennsylvania,Allegheny,8612,243,0,40.46809875,-79.98167747,42003.0,708.1974762447113,2.8216442173711096,8369,8512,239,0,8273,8442,1218452,100,4,0,96,70
2020-08-06,US,Pennsylvania,Armstrong,200,6,0,40.81665618,-79.46290811,42005.0,308.95188074457405,3.0,194,196,6,0,190,192,65263,4,0,0,4,4
2020-08-06,US,Pennsylvania,Beaver,1280,91,0,40.6825484,-80.34921611,42007.0,780.8258453354806,7.109375,1189,1269,89,0,1180,1261,164742,11,2,0,9,8
2020-08-06,US,Pennsylvania,Bedford,136,4,0,40.00522157,-78.48998442,42009.0,283.99599064483795,2.9411764705882355,132,134,4,0,130,133,48176,2,0,0,2,1
2020-08-06,US,Pennsylvania,Berks,5302,368,0,40.41570541,-75.92457766,42011.0,1258.8920230599006,6.940777065258392,4934,5267,367,0,4900,5248,420152,35,1,0,34,19
2020-08-06,US,Pennsylvania,Blair,255,3,0,40.47961444,-78.34917412,42013.0,209.30977025174641,1.1764705882352942,252,241,3,0,238,238,122492,14,0,0,14,3
2020-08-06,US,Pennsylvania,Bradford,85,3,0,41.78869215,-76.51570822,42015.0,140.90811133398537,3.5294117647058822,82,85,3,0,82,84,60833,0,0,0,0,1
2020-08-06,US,Pennsylvania,Bucks,7118,581,0,40.33682119,-75.10836643,42017.0,1132.9523930794085,8.16240516999157,6537,7085,580,0,6505,7056,628195,33,1,0,32,29
2020-08-06,US,Pennsylvania,Butler,637,15,0,40.91152759,-79.91351055,42019.0,339.09493061063705,2.3547880690737832,622,624,15,0,609,615,187888,13,0,0,13,9
2020-08-06,US,Pennsylvania,Cambria,322,3,0,40.49527404,-78.71377428,42021.0,247.32702470197862,0.9316770186335404,319,312,3,0,309,282,131730,10,0,0,10,30
2020-08-06,US,Pennsylvania,Cameron,6,0,0,41.43625568,-78.20376845,42023.0,134.922419608725,0.0,6,6,0,0,6,6,4492,0,0,0,0,0
2020-08-06,US,Pennsylvania,Carbon,367,28,0,40.91545395,-75.7068525,42025.0,571.8114112991183,7.629427792915531,339,364,28,0,336,364,64227,3,0,0,3,0
2020-08-06,US,Pennsylvania,Centre,364,10,0,40.92058903,-77.82200624,42027.0,224.15863534193429,2.7472527472527477,354,361,10,0,351,359,162805,3,0,0,3,2
2020-08-06,US,Pennsylvania,Chester,5075,349,0,39.97291773,-75.74768357,42029.0,966.6869210592984,6.876847290640393,4726,5040,349,0,4691,5014,522046,35,0,0,35,26
2020-08-06,US,Pennsylvania,Clarion,77,2,0,41.19265812,-79.42413524,42031.0,200.3225974296269,2.5974025974025974,75,77,2,0,75,77,38779,0,0,0,0,0
2020-08-06,US,Pennsylvania,Clearfield,150,0,0,41.00110782,-78.47592663,42033.0,189.262507097344,0.0,150,144,0,0,144,142,79388,6,0,0,6,2
2020-08-06,US,Pennsylvania,Clinton,118,5,0,41.23255967,-77.63785995,42035.0,305.4462621660798,4.2372881355932215,113,118,5,0,113,115,38684,0,0,0,0,3
2020-08-06,US,Pennsylvania,Columbia,470,35,0,41.04821986,-76.40565017,42037.0,723.4776183732529,7.446808510638298,435,468,35,0,433,464,65456,2,0,0,2,4
2020-08-06,US,Pennsylvania,Crawford,138,1,0,41.68447709,-80.10760592,42039.0,163.06467050301907,0.7246376811594203,137,136,1,0,135,133,85063,2,0,0,2,3
2020-08-06,US,Pennsylvania,Cumberland,1270,71,0,40.1625372,-77.26130755,42041.0,501.2432411098394,5.590551181102363,1199,1259,70,0,1189,1239,251423,11,1,0,10,20
2020-08-06,US,Pennsylvania,Dauphin,2741,158,0,40.41377078,-76.77993242,42043.0,984.911911289656,5.764319591390004,2583,2723,156,0,2567,2702,277097,18,2,0,16,21
2020-08-06,US,Pennsylvania,Delaware,9076,695,0,39.91680171,-75.40243663,42045.0,1601.4200339834174,7.657558395769062,8381,9032,693,0,8339,8956,564751,44,2,0,42,76
2020-08-06,US,Pennsylvania,Elk,48,2,0,41.42822061,-78.64524744,42047.0,160.481444332999,4.166666666666667,46,46,2,0,44,46,30169,2,0,0,2,0
2020-08-06,US,Pennsylvania,Erie,1046,17,0,41.99253829,-80.03301954,42049.0,387.7980780638273,1.6252390057361377,1029,1037,17,0,1020,1025,272061,9,0,0,9,12
2020-08-06,US,Pennsylvania,Fayette,465,5,0,39.92041012,-79.64291195,42051.0,359.7010999891703,1.075268817204301,460,431,4,0,427,423,130441,34,1,0,33,8
2020-08-06,US,Pennsylvania,Forest,9,0,0,41.51095103,-79.23229292,42053.0,124.1893197185042,0.0,9,9,0,0,9,9,7279,0,0,0,0,0
2020-08-06,US,Pennsylvania,Franklin,1323,46,0,39.92956518,-77.72157791,42055.0,853.3997303695485,3.4769463340891917,1277,1305,46,0,1259,1294,154835,18,0,0,18,11
2020-08-06,US,Pennsylvania,Fulton,26,2,0,39.92913544,-78.11163677,42057.0,178.94012388162426,7.6923076923076925,24,25,2,0,23,25,14523,1,0,0,1,0
2020-08-06,US,Pennsylvania,Greene,110,1,0,39.85746531,-80.22357106,42059.0,303.59064940799817,0.9090909090909092,109,110,1,0,109,110,36506,0,0,0,0,0
2020-08-06,US,Pennsylvania,Huntingdon,296,4,0,40.42162652,-77.97673273,42061.0,655.6796030480241,1.351351351351351,292,295,4,0,291,290,45168,1,0,0,1,5
2020-08-06,US,Pennsylvania,Indiana,297,6,0,40.65241041,-79.08963285,42063.0,353.2644249640194,2.0202020202020203,291,283,6,0,277,279,84501,14,0,0,14,4
2020-08-06,US,Pennsylvania,Jefferson,61,1,0,41.12913106,-78.9986361,42065.0,140.4720782959125,1.639344262295082,60,61,1,0,60,60,43641,0,0,0,0,1
2020-08-06,US,Pennsylvania,Juniata,129,6,0,40.53358749,-77.39975129999998,42067.0,520.9384969510963,4.651162790697675,123,128,6,0,122,128,24704,1,0,0,1,0
2020-08-06,US,Pennsylvania,Lackawanna,1916,212,0,41.43564672,-75.60379201,42069.0,913.7995173459752,11.064718162839249,1704,1912,212,0,1700,1903,210793,4,0,0,4,9
2020-08-06,US,Pennsylvania,Lancaster,5756,410,0,40.03904563,-76.24770128,42071.0,1054.745622329236,7.123002084781097,5346,5725,408,0,5317,5705,543557,31,2,0,29,20
2020-08-06,US,Pennsylvania,Lawrence,383,14,0,40.99206278,-80.33393706,42073.0,447.8903545701188,3.655352480417754,369,359,12,0,347,353,86184,24,2,0,22,6
2020-08-06,US,Pennsylvania,Lebanon,1591,54,0,40.36680311,-76.45651841,42075.0,1122.058211618345,3.3940917661847894,1537,1584,54,0,1530,1581,141314,7,0,0,7,3
2020-08-06,US,Pennsylvania,Lehigh,4901,336,0,40.6154815,-75.59435245,42077.0,1327.0406533123214,6.8557437257702505,4565,4887,335,0,4552,4871,368100,14,1,0,13,16
2020-08-06,US,Pennsylvania,Luzerne,3399,184,0,41.17823008,-75.98447579,42079.0,1070.831114905629,5.413356869667549,3215,3377,183,0,3194,3352,317646,22,1,0,21,25
2020-08-06,US,Pennsylvania,Lycoming,354,20,0,41.34310539,-77.06629984,42081.0,312.44759441830905,5.649717514124294,334,351,20,0,331,342,113664,3,0,0,3,9
2020-08-06,US,Pennsylvania,McKean,34,1,0,41.80938602,-78.56478358,42083.0,83.69230769230771,2.9411764705882355,33,33,1,0,32,33,40968,1,0,0,1,0
2020-08-06,US,Pennsylvania,Mercer,389,9,0,41.30248872,-80.25816981,42085.0,355.4978798069892,2.3136246786632397,380,376,9,0,367,364,110683,13,0,0,13,12
2020-08-06,US,Pennsylvania,Mifflin,115,1,0,40.61116939,-77.61070738,42087.0,249.25224327018944,0.8695652173913043,114,113,1,0,112,111,46222,2,0,0,2,2
2020-08-06,US,Pennsylvania,Monroe,1614,124,0,41.05934058,-75.34031025,42089.0,947.9006994731927,7.68277571251549,1490,1611,124,0,1487,1608,169507,3,0,0,3,3
2020-08-06,US,Pennsylvania,Montgomery,9983,855,0,40.21053671,-75.36652296,42091.0,1201.4465980274758,8.564559751577683,9128,9952,853,0,9099,9908,828604,31,2,0,29,44
2020-08-06,US,Pennsylvania,Montour,98,3,0,41.03023987,-76.66345939,42093.0,537.575425123423,3.0612244897959178,95,97,3,0,94,94,18240,1,0,0,1,3
2020-08-06,US,Pennsylvania,Northampton,3902,292,0,40.75182733,-75.30471829,42095.0,1278.1499254794699,7.483341875961045,3610,3891,291,0,3600,3878,304807,11,1,0,10,13
2020-08-06,US,Pennsylvania,Northumberland,427,12,0,40.84785433,-76.70798222,42097.0,470.0417203306804,2.8103044496487115,415,421,11,0,410,416,91083,6,1,0,5,5
2020-08-06,US,Pennsylvania,Perry,120,5,0,40.40206612,-77.26297447,42099.0,259.33609958506224,4.166666666666667,115,120,5,0,115,120,46139,0,0,0,0,0
2020-08-06,US,Pennsylvania,Philadelphia,30986,1695,0,40.00338507,-75.1379271,42101.0,1956.107834026908,5.470212353966306,29291,30877,1695,0,29182,30771,1584138,109,0,0,109,106
2020-08-06,US,Pennsylvania,Pike,526,21,0,41.33155042,-75.03208106,42103.0,942.500313569496,3.9923954372623576,505,526,21,0,505,526,55933,0,0,0,0,0
2020-08-06,US,Pennsylvania,Potter,20,0,0,41.74471626,-77.89559864,42105.0,121.0214207914801,0.0,20,20,0,0,20,20,16622,0,0,0,0,0
2020-08-06,US,Pennsylvania,Schuylkill,907,50,0,40.70497338,-76.2150785,42107.0,641.6287608146632,5.512679162072767,857,905,49,0,856,900,142067,2,1,0,1,5
2020-08-06,US,Pennsylvania,Snyder,101,2,0,40.77129231,-77.06840691,42109.0,250.17338749628456,1.98019801980198,99,100,2,0,98,100,40540,1,0,0,1,0
2020-08-06,US,Pennsylvania,Somerset,127,3,0,39.97172723,-79.02699593,42111.0,172.91380178904515,2.3622047244094486,124,127,3,0,124,128,73952,0,0,0,0,-1
2020-08-06,US,Pennsylvania,Sullivan,10,0,0,41.44634738,-76.51246591,42113.0,164.85328058028355,0.0,10,10,0,0,10,10,6071,0,0,0,0,0
2020-08-06,US,Pennsylvania,Susquehanna,212,27,0,41.82147784,-75.80071959,42115.0,525.6893473517158,12.735849056603776,185,212,27,0,185,212,40589,0,0,0,0,0
2020-08-06,US,Pennsylvania,Tioga,37,3,0,41.77255149,-77.25433032,42117.0,91.1532113029982,8.108108108108109,34,36,3,0,33,36,40763,1,0,0,1,0
2020-08-06,US,Pennsylvania,Union,206,2,0,40.96188846,-77.05996014,42119.0,458.5624290452552,0.9708737864077671,204,201,2,0,199,191,44785,5,0,0,5,10
2020-08-06,US,Pennsylvania,Venango,63,0,0,41.40323442,-79.75845449,42121.0,124.33883318860028,0.0,63,62,0,0,62,62,51266,1,0,0,1,0
2020-08-06,US,Pennsylvania,Warren,20,1,0,41.81304978,-79.26969577,42123.0,51.03212472251282,5.0,19,20,1,0,19,20,39498,0,0,0,0,0
2020-08-06,US,Pennsylvania,Washington,808,11,0,40.19208869,-80.24582867,42125.0,390.59289875039286,1.3613861386138617,797,785,11,0,774,773,207346,23,0,0,23,12
2020-08-06,US,Pennsylvania,Wayne,157,8,0,41.64938475,-75.29956506,42127.0,305.6794065536107,5.095541401273885,149,157,8,0,149,157,51276,0,0,0,0,0
2020-08-06,US,Pennsylvania,Westmoreland,1484,46,0,40.31377979999999,-79.46615476,42129.0,425.337991797053,3.0997304582210243,1438,1475,46,0,1429,1464,350611,9,0,0,9,11
2020-08-06,US,Pennsylvania,Wyoming,58,8,0,41.51955538,-76.01074915,42131.0,216.46637306859745,13.79310344827586,50,58,8,0,50,58,27046,0,0,0,0,0
2020-08-06,US,Pennsylvania,York,2444,92,0,39.9210089,-76.73040131,42133.0,544.2504086331833,3.7643207855973815,2352,2400,89,0,2311,2365,448273,44,3,0,41,35
2020-08-06,US,Puerto Rico,Adjuntas,90,0,0,18.180117000000006,-66.754367,72001.0,461.9411794898117,0.0,90,89,0,0,89,89,,1,0,0,1,0
2020-08-06,US,Puerto Rico,Aguada,111,0,0,18.360255,-67.17513100000001,72003.0,264.54395957958957,0.0,111,110,0,0,110,109,,1,0,0,1,1
2020-08-06,US,Puerto Rico,Aguadilla,200,0,0,18.459681,-67.12081500000001,72005.0,328.14320169321894,0.0,200,195,0,0,195,193,,5,0,0,5,2
2020-08-06,US,Puerto Rico,Aguas Buenas,118,0,0,18.251619,-66.126806,72007.0,411.73802295962884,0.0,118,117,0,0,117,115,,1,0,0,1,2
2020-08-06,US,Puerto Rico,Aibonito,82,0,0,18.131361,-66.264131,72009.0,316.60231660231665,0.0,82,81,0,0,81,79,,1,0,0,1,2
2020-08-06,US,Puerto Rico,Anasco,131,0,0,18.287985,-67.120611,72011.0,447.6948839752571,0.0,131,130,0,0,130,128,,1,0,0,1,2
2020-08-06,US,Puerto Rico,Arecibo,280,0,0,18.406631,-66.675077,72013.0,290.3359601824969,0.0,280,277,0,0,277,269,,3,0,0,3,8
2020-08-06,US,Puerto Rico,Arroyo,81,0,0,17.998457000000005,-66.056546,72015.0,413.79310344827593,0.0,81,79,0,0,79,78,,2,0,0,2,1
2020-08-06,US,Puerto Rico,Barceloneta,78,0,0,18.445533,-66.56053100000001,72017.0,314.3133462282398,0.0,78,78,0,0,78,73,,0,0,0,0,5
2020-08-06,US,Puerto Rico,Barranquitas,226,0,0,18.201592,-66.30963,72019.0,745.4317567121843,0.0,226,221,0,0,221,218,,5,0,0,5,3
2020-08-06,US,Puerto Rico,Bayamon,1293,0,0,18.34946,-66.168435,72021.0,621.2881277748947,0.0,1293,1280,0,0,1280,1255,,13,0,0,13,25
2020-08-06,US,Puerto Rico,Cabo Rojo,192,0,0,18.040993,-67.154391,72023.0,377.08427440736887,0.0,192,185,0,0,185,180,,7,0,0,7,5
2020-08-06,US,Puerto Rico,Caguas,644,0,0,18.211615,-66.050779,72025.0,450.686877593724,0.0,644,635,0,0,635,624,,9,0,0,9,11
2020-08-06,US,Puerto Rico,Camuy,129,0,0,18.418578,-66.860206,72027.0,366.9046332375778,0.0,129,118,0,0,118,115,,11,0,0,11,3
2020-08-06,US,Puerto Rico,Canovanas,339,0,0,18.328802,-65.887612,72029.0,711.4674278038952,0.0,339,331,0,0,331,323,,8,0,0,8,8
2020-08-06,US,Puerto Rico,Carolina,1122,0,0,18.374986,-65.95683100000001,72031.0,634.7518131725143,0.0,1122,1103,0,0,1103,1068,,19,0,0,19,35
2020-08-06,US,Puerto Rico,Catano,171,0,0,18.437269,-66.14330600000001,72033.0,607.675906183369,0.0,171,170,0,0,170,169,,1,0,0,1,1
2020-08-06,US,Puerto Rico,Cayey,192,0,0,18.102851,-66.14914,72035.0,399.01078576030267,0.0,192,188,0,0,188,184,,4,0,0,4,4
2020-08-06,US,Puerto Rico,Ceiba,64,0,0,18.251818,-65.666416,72037.0,469.5180104174309,0.0,64,63,0,0,63,63,,1,0,0,1,0
2020-08-06,US,Puerto Rico,Ciales,128,0,0,18.28885,-66.516475,72039.0,681.5035672452348,0.0,128,125,0,0,125,125,,3,0,0,3,0
2020-08-06,US,Puerto Rico,Cidra,150,0,0,18.173559,-66.161179,72041.0,344.98620055197784,0.0,150,150,0,0,150,151,,0,0,0,0,-1
2020-08-06,US,Puerto Rico,Coamo,136,0,0,18.097597,-66.36014,72043.0,335.70300157977886,0.0,136,132,0,0,132,129,,4,0,0,4,3
2020-08-06,US,Puerto Rico,Comerio,113,0,0,18.224687,-66.221622,72045.0,543.8444508614881,0.0,113,112,0,0,112,112,,1,0,0,1,0
2020-08-06,US,Puerto Rico,Corozal,192,0,0,18.304264,-66.327738,72047.0,516.9350061924506,0.0,192,189,0,0,189,188,,3,0,0,3,1
2020-08-06,US,Puerto Rico,Culebra,19,0,0,18.31586,-65.28813000000001,72049.0,1045.1045104510451,0.0,19,18,0,0,18,17,,1,0,0,1,1
2020-08-06,US,Puerto Rico,Dorado,276,0,0,18.436115,-66.278669,72051.0,723.1756845277088,0.0,276,276,0,0,276,266,,0,0,0,0,10
2020-08-06,US,Puerto Rico,Fajardo,213,0,0,18.318373,-65.666866,72053.0,575.7846078987917,0.0,213,212,0,0,212,209,,1,0,0,1,3
2020-08-06,US,Puerto Rico,Florida,171,0,0,18.373715,-66.560488,72054.0,1348.5804416403785,0.0,171,170,0,0,170,158,,1,0,0,1,12
2020-08-06,US,Puerto Rico,Guanica,55,0,0,17.982429,-66.91964300000001,72055.0,283.1111339887785,0.0,55,54,0,0,54,54,,1,0,0,1,0
2020-08-06,US,Puerto Rico,Guayama,143,0,0,18.007516,-66.13390799999999,72057.0,315.24183237070673,0.0,143,141,0,0,141,140,,2,0,0,2,1
2020-08-06,US,Puerto Rico,Guayanilla,118,0,0,18.039942,-66.79186,72059.0,546.7772577730411,0.0,118,118,0,0,118,117,,0,0,0,0,1
2020-08-06,US,Puerto Rico,Guaynabo,764,0,0,18.345114,-66.11452299999999,72061.0,780.1968873820514,0.0,764,754,0,0,754,739,,10,0,0,10,15
2020-08-06,US,Puerto Rico,Gurabo,218,0,0,18.266461,-65.97970500000001,72063.0,480.50430910974455,0.0,218,214,0,0,214,211,,4,0,0,4,3
2020-08-06,US,Puerto Rico,Hatillo,101,0,0,18.410928,-66.79632600000001,72065.0,240.74559626248416,0.0,101,98,0,0,98,97,,3,0,0,3,1
2020-08-06,US,Puerto Rico,Hormigueros,85,0,0,18.134532,-67.113972,72067.0,492.7536231884058,0.0,85,84,0,0,84,84,,1,0,0,1,0
2020-08-06,US,Puerto Rico,Humacao,176,0,0,18.145211,-65.810174,72069.0,301.02965826292206,0.0,176,175,0,0,175,173,,1,0,0,1,2
2020-08-06,US,Puerto Rico,Isabela,126,0,0,18.44981,-67.005093,72071.0,276.12807082904163,0.0,126,124,0,0,124,123,,2,0,0,2,1
2020-08-06,US,Puerto Rico,Jayuya,179,0,0,18.211446,-66.58878,72073.0,1075.5918759764454,0.0,179,179,0,0,179,179,,0,0,0,0,0
2020-08-06,US,Puerto Rico,Juana Diaz,180,0,0,18.050764,-66.49458100000001,72075.0,225.2900609534776,0.0,180,178,0,0,178,178,,2,0,0,2,0
2020-08-06,US,Puerto Rico,Juncos,113,0,0,18.223793,-65.909109,72077.0,280.4666170265574,0.0,113,111,0,0,111,107,,2,0,0,2,4
2020-08-06,US,Puerto Rico,Lajas,74,0,0,18.011661,-67.040585,72079.0,287.345163670252,0.0,74,74,0,0,74,73,,0,0,0,0,1
2020-08-06,US,Puerto Rico,Lares,148,0,0,18.269035,-66.867236,72081.0,481.25386141189483,0.0,148,146,0,0,146,146,,2,0,0,2,0
2020-08-06,US,Puerto Rico,Las Marias,58,0,0,18.23679,-66.98362,72083.0,586.9851229632628,0.0,58,57,0,0,57,55,,1,0,0,1,2
2020-08-06,US,Puerto Rico,Las Piedras,138,0,0,18.187527,-65.86946800000001,72085.0,356.819650937298,0.0,138,136,0,0,136,134,,2,0,0,2,2
2020-08-06,US,Puerto Rico,Loiza,110,0,0,18.425688,-65.89943000000001,72087.0,365.9347970725216,0.0,110,108,0,0,108,102,,2,0,0,2,6
2020-08-06,US,Puerto Rico,Luquillo,95,0,0,18.342114,-65.72509699999999,72089.0,473.3904723938609,0.0,95,93,0,0,93,92,,2,0,0,2,1
2020-08-06,US,Puerto Rico,Manati,206,0,0,18.420473,-66.490461,72091.0,466.9825221590007,0.0,206,205,0,0,205,201,,1,0,0,1,4
2020-08-06,US,Puerto Rico,Maricao,42,0,0,18.171795,-66.942126,72093.0,669.2160611854682,0.0,42,42,0,0,42,42,,0,0,0,0,0
2020-08-06,US,Puerto Rico,Maunabo,57,0,0,18.017889,-65.922235,72095.0,466.2576687116565,0.0,57,57,0,0,57,56,,0,0,0,0,1
2020-08-06,US,Puerto Rico,Mayaguez,460,0,0,18.2013,-67.1452,72097.0,516.3897620116749,0.0,460,451,0,0,451,447,,9,0,0,9,4
2020-08-06,US,Puerto Rico,Moca,167,0,0,18.377805,-67.080952,72099.0,416.3654042733551,0.0,167,162,0,0,162,161,,5,0,0,5,1
2020-08-06,US,Puerto Rico,Morovis,239,0,0,18.316963,-66.420383,72101.0,732.9040171726464,0.0,239,233,0,0,233,228,,6,0,0,6,5
2020-08-06,US,Puerto Rico,Naguabo,89,0,0,18.230637,-65.753897,72103.0,333.08383233532936,0.0,89,88,0,0,88,86,,1,0,0,1,2
2020-08-06,US,Puerto Rico,Naranjito,254,0,0,18.288019,-66.252703,72105.0,835.4713505690414,0.0,254,251,0,0,251,240,,3,0,0,3,11
2020-08-06,US,Puerto Rico,Orocovis,201,0,0,18.215046,-66.433604,72107.0,858.1308969815992,0.0,201,191,0,0,191,186,,10,0,0,10,5
2020-08-06,US,Puerto Rico,Out of PR,639,0,0,0.0,0.0,72888.0,0.0,0.0,639,637,0,0,637,625,,2,0,0,2,12
2020-08-06,US,Puerto Rico,Patillas,98,0,0,18.03174,-66.012242,72109.0,508.37785962546036,0.0,98,97,0,0,97,97,,1,0,0,1,0
2020-08-06,US,Puerto Rico,Penuelas,70,0,0,18.059645,-66.721572,72111.0,288.2793839057738,0.0,70,69,0,0,69,67,,1,0,0,1,2
2020-08-06,US,Puerto Rico,Ponce,449,0,0,18.059498,-66.613748,72113.0,269.95015842286585,0.0,449,444,0,0,444,444,,5,0,0,5,0
2020-08-06,US,Puerto Rico,Quebradillas,77,0,0,18.439692,-66.926113,72115.0,297.07936262973107,0.0,77,72,0,0,72,72,,5,0,0,5,0
2020-08-06,US,Puerto Rico,Rincon,89,0,0,18.335443,-67.23174,72117.0,585.5263157894736,0.0,89,89,0,0,89,89,,0,0,0,0,0
2020-08-06,US,Puerto Rico,Rio Grande,266,0,0,18.346329,-65.813742,72119.0,489.83500294637605,0.0,266,265,0,0,265,262,,1,0,0,1,3
2020-08-06,US,Puerto Rico,Sabana Grande,117,0,0,18.08282,-66.943758,72121.0,463.09123293093216,0.0,117,116,0,0,116,116,,1,0,0,1,0
2020-08-06,US,Puerto Rico,Salinas,145,0,0,18.010386999999994,-66.256592,72123.0,466.5679902181608,0.0,145,140,0,0,140,139,,5,0,0,5,1
2020-08-06,US,Puerto Rico,San German,131,0,0,18.111484,-67.03858100000001,72125.0,368.73363920398566,0.0,131,130,0,0,130,127,,1,0,0,1,3
2020-08-06,US,Puerto Rico,San Juan,2888,0,0,18.386933,-66.061128,72127.0,730.5363168625388,0.0,2888,2827,0,0,2827,2752,,61,0,0,61,75
2020-08-06,US,Puerto Rico,San Lorenzo,147,0,0,18.147987,-65.976392,72129.0,358.0301037556627,0.0,147,147,0,0,147,143,,0,0,0,0,4
2020-08-06,US,Puerto Rico,San Sebastian,212,0,0,18.328646,-66.971214,72131.0,499.6464765496111,0.0,212,196,0,0,196,191,,16,0,0,16,5
2020-08-06,US,Puerto Rico,Santa Isabel,93,0,0,17.994525,-66.388913,72133.0,399.58752255736016,0.0,93,92,0,0,92,91,,1,0,0,1,1
2020-08-06,US,Puerto Rico,Toa Alta,511,0,0,18.362406,-66.246616,72135.0,689.9252018470012,0.0,511,504,0,0,504,498,,7,0,0,7,6
2020-08-06,US,Puerto Rico,Toa Baja,470,0,0,18.431446,-66.213553,72137.0,524.5008871876709,0.0,470,464,0,0,464,456,,6,0,0,6,8
2020-08-06,US,Puerto Rico,Trujillo Alto,446,0,0,18.336159,-65.99888399999999,72139.0,595.9220758397691,0.0,446,442,0,0,442,438,,4,0,0,4,4
2020-08-06,US,Puerto Rico,Unassigned,478,258,0,0.0,0.0,72999.0,0.0,53.97489539748954,220,512,246,0,266,574,,-34,12,0,-46,-62
2020-08-06,US,Puerto Rico,Utuado,57,0,0,18.271214,-66.702984,72141.0,171.95088841292346,0.0,57,57,0,0,57,57,,0,0,0,0,0
2020-08-06,US,Puerto Rico,Vega Alta,198,0,0,18.409346,-66.33725,72143.0,495.60711872043254,0.0,198,195,0,0,195,186,,3,0,0,3,9
2020-08-06,US,Puerto Rico,Vega Baja,356,0,0,18.428262,-66.397924,72145.0,596.6947135530152,0.0,356,349,0,0,349,321,,7,0,0,7,28
2020-08-06,US,Puerto Rico,Vieques,51,0,0,18.123276,-65.44097099999999,72147.0,548.3281367594882,0.0,51,47,0,0,47,44,,4,0,0,4,3
2020-08-06,US,Puerto Rico,Villalba,75,0,0,18.127951,-66.473115,72149.0,287.6538948337361,0.0,75,73,0,0,73,73,,2,0,0,2,0
2020-08-06,US,Puerto Rico,Yabucoa,104,0,0,18.070399,-65.896289,72151.0,274.10980206109485,0.0,104,104,0,0,104,102,,0,0,0,0,2
2020-08-06,US,Puerto Rico,Yauco,230,0,0,18.080374,-66.858814,72153.0,547.0589634421901,0.0,230,225,0,0,225,222,,5,0,0,5,3
2020-08-06,US,Rhode Island,Bristol,316,0,0,41.71018079,-71.28652315,44001.0,651.8286268281113,0.0,316,316,0,0,316,304,48649,0,0,0,0,12
2020-08-06,US,Rhode Island,Kent,1494,0,0,41.67106337,-71.57641596,44003.0,909.3565115769484,0.0,1494,1494,0,0,1494,1421,163861,0,0,0,0,73
2020-08-06,US,Rhode Island,Newport,396,0,0,41.5642026,-71.26569799,44005.0,482.44438488340927,0.0,396,396,0,0,396,380,82542,0,0,0,0,16
2020-08-06,US,Rhode Island,Providence,15047,0,0,41.87064746,-71.57753536,44007.0,2355.027381673452,0.0,15047,15047,0,0,15047,14549,636084,0,0,0,0,498
2020-08-06,US,Rhode Island,Unassigned,1751,1014,0,0.0,0.0,90044.0,0.0,57.90976584808681,737,1621,1012,0,609,2146,,130,2,0,128,-525
2020-08-06,US,Rhode Island,Washington,607,0,0,41.45961631,-71.61435303,44009.0,483.3687697587934,0.0,607,607,0,0,607,590,126179,0,0,0,0,17
2020-08-06,US,South Carolina,Abbeville,313,8,0,34.22333378,-82.46170658,45001.0,1276.1446569087132,2.5559105431309903,305,304,8,0,296,301,24541,9,0,0,9,3
2020-08-06,US,South Carolina,Aiken,1788,33,0,33.54338026,-81.63645384,45003.0,1046.397303244534,1.8456375838926171,1755,1706,33,0,1673,1638,169401,82,0,0,82,68
2020-08-06,US,South Carolina,Allendale,204,3,0,32.98837386,-81.35321066,45005.0,2348.066298342541,1.4705882352941178,201,196,3,0,193,195,8903,8,0,0,8,1
2020-08-06,US,South Carolina,Anderson,2237,55,0,34.51828081,-82.63959517,45007.0,1104.3750431975038,2.458649977648637,2182,2179,51,0,2128,2155,200482,58,4,0,54,24
2020-08-06,US,South Carolina,Bamberg,455,20,0,33.21927586,-81.05659969,45009.0,3234.750462107209,4.395604395604397,435,452,20,0,432,445,14275,3,0,0,3,7
2020-08-06,US,South Carolina,Barnwell,390,5,0,33.26679302,-81.43584352,45011.0,1869.0692993386367,1.2820512820512822,385,379,5,0,374,372,21112,11,0,0,11,7
2020-08-06,US,South Carolina,Beaufort,3921,54,0,32.39226291,-80.72619758,45013.0,2040.8906840445127,1.3771996939556237,3867,3850,53,0,3797,3742,188715,71,1,0,70,108
2020-08-06,US,South Carolina,Berkeley,4049,64,0,33.20222596,-79.94654523,45015.0,1776.6018595304224,1.5806371943689799,3985,4016,61,0,3955,3965,221091,33,3,0,30,51
2020-08-06,US,South Carolina,Calhoun,371,10,0,33.66926881,-80.77722168,45017.0,2549.3025493025493,2.6954177897574123,361,369,10,0,359,339,14520,2,0,0,2,30
2020-08-06,US,South Carolina,Charleston,12019,190,0,32.82487866,-79.96512315,45019.0,2921.444995940749,1.5808303519427571,11829,11926,182,0,11744,11814,405905,93,8,0,85,112
2020-08-06,US,South Carolina,Cherokee,599,28,0,35.05122251,-81.61828622,45021.0,1045.3752181500872,4.674457429048414,571,576,28,0,548,568,57078,23,0,0,23,8
2020-08-06,US,South Carolina,Chester,613,13,0,34.69249168,-81.1583216,45023.0,1901.1288921969974,2.1207177814029365,600,599,13,0,586,583,32251,14,0,0,14,16
2020-08-06,US,South Carolina,Chesterfield,729,21,0,34.64137396,-80.15640140000002,45025.0,1596.9331872946332,2.8806584362139915,708,723,20,0,703,712,45754,6,1,0,5,11
2020-08-06,US,South Carolina,Clarendon,817,51,0,33.66610974,-80.21647898,45027.0,2421.0994221366127,6.24235006119951,766,804,50,0,754,793,33700,13,1,0,12,11
2020-08-06,US,South Carolina,Colleton,791,33,0,32.87582989,-80.67641292,45029.0,2099.424051808796,4.171934260429834,758,779,32,0,747,771,37660,12,1,0,11,8
2020-08-06,US,South Carolina,Darlington,1189,35,0,34.33358335,-79.96027485,45031.0,1784.8029061214686,2.9436501261564336,1154,1174,35,0,1139,1151,66802,15,0,0,15,23
2020-08-06,US,South Carolina,Dillon,607,24,0,34.39007791,-79.37741872,45033.0,1991.535155352866,3.9538714991762767,583,593,23,0,570,583,30599,14,1,0,13,10
2020-08-06,US,South Carolina,Dorchester,2968,47,0,33.0794369,-80.40502652,45035.0,1822.995043271564,1.5835579514824798,2921,2910,43,0,2867,2855,160647,58,4,0,54,55
2020-08-06,US,South Carolina,Edgefield,303,6,0,33.77221995,-81.96231108,45037.0,1111.5187087307409,1.98019801980198,297,297,6,0,291,292,27052,6,0,0,6,5
2020-08-06,US,South Carolina,Fairfield,554,23,0,34.39287073,-81.1195624,45039.0,2479.0799659909608,4.151624548736463,531,548,23,0,525,540,22402,6,0,0,6,8
2020-08-06,US,South Carolina,Florence,3258,108,0,34.02361754,-79.70189312,45041.0,2355.8676144128767,3.3149171270718236,3150,3186,105,0,3081,3133,138159,72,3,0,69,53
2020-08-06,US,South Carolina,Georgetown,1345,19,0,33.43443342,-79.33202141,45043.0,2145.8200382897257,1.4126394052044609,1326,1334,19,0,1315,1319,62249,11,0,0,11,15
2020-08-06,US,South Carolina,Greenville,10635,201,0,34.89502264,-82.37295012,45045.0,2031.3556505495264,1.8899858956276443,10434,10495,198,0,10297,10442,514213,140,3,0,137,53
2020-08-06,US,South Carolina,Greenwood,1336,17,0,34.15272415,-82.12715789,45047.0,1886.7125164169406,1.2724550898203593,1319,1314,16,0,1298,1303,70741,22,1,0,21,11
2020-08-06,US,South Carolina,Hampton,405,7,0,32.77419582,-81.13845571,45049.0,2106.9607741129958,1.728395061728395,398,401,7,0,394,395,19351,4,0,0,4,6
2020-08-06,US,South Carolina,Horry,8371,145,0,33.9212828,-78.99555293,45051.0,2364.148316345695,1.732170588938,8226,8317,141,0,8176,8235,344147,54,4,0,50,82
2020-08-06,US,South Carolina,Jasper,560,14,0,32.43171982,-81.02487495,45053.0,1862.1354703554684,2.5,546,550,13,0,537,537,28971,10,1,0,9,13
2020-08-06,US,South Carolina,Kershaw,1357,23,0,34.33988254,-80.58763164,45055.0,2039.037730462352,1.6949152542372878,1334,1339,23,0,1316,1311,65592,18,0,0,18,28
2020-08-06,US,South Carolina,Lancaster,1138,23,0,34.68270843,-80.70513032,45057.0,1161.0823164510468,2.0210896309314585,1115,1109,23,0,1086,1101,95380,29,0,0,29,8
2020-08-06,US,South Carolina,Laurens,1275,42,0,34.48244419,-82.00490796,45059.0,1889.084793978635,3.294117647058824,1233,1255,41,0,1214,1244,66994,20,1,0,19,11
2020-08-06,US,South Carolina,Lee,542,27,0,34.16393091,-80.25690731,45061.0,3220.822438792489,4.9815498154981555,515,537,27,0,510,532,17142,5,0,0,5,5
2020-08-06,US,South Carolina,Lexington,4839,108,0,33.89665987,-81.27146426,45063.0,1619.7489539748956,2.2318660880347183,4731,4805,107,0,4698,4750,295032,34,1,0,33,55
2020-08-06,US,South Carolina,Marion,535,13,0,34.07859748,-79.36400756,45067.0,1745.1153080862446,2.4299065420560746,522,531,13,0,518,527,31039,4,0,0,4,4
2020-08-06,US,South Carolina,Marlboro,468,4,0,34.59905577,-79.67561152,45069.0,1791.8676774638184,0.8547008547008547,464,460,4,0,456,447,26398,8,0,0,8,13
2020-08-06,US,South Carolina,McCormick,108,2,0,33.90161443,-82.30794338,45065.0,1141.2871182500267,1.851851851851852,106,108,2,0,106,107,9410,0,0,0,0,1
2020-08-06,US,South Carolina,Newberry,828,9,0,34.28629098,-81.59935761,45071.0,2154.006243496358,1.0869565217391304,819,816,9,0,807,802,38520,12,0,0,12,14
2020-08-06,US,South Carolina,Oconee,787,8,0,34.75225169,-83.06742317,45073.0,989.3646443567244,1.0165184243964422,779,771,7,0,764,761,78374,16,1,0,15,10
2020-08-06,US,South Carolina,Orangeburg,2304,61,0,33.4391073,-80.79886287,45075.0,2673.6292428198435,2.6475694444444446,2243,2277,60,0,2217,2257,86934,27,1,0,26,20
2020-08-06,US,South Carolina,Pickens,1793,26,0,34.88807695,-82.72791551,45077.0,1413.1017307146685,1.4500836586726158,1767,1777,24,0,1753,1767,124937,16,2,0,14,10
2020-08-06,US,South Carolina,Richland,8464,148,0,34.01791263,-80.90267209,45079.0,2035.7947753385968,1.7485822306238186,8316,8344,148,0,8196,8173,414576,120,0,0,120,171
2020-08-06,US,South Carolina,Saluda,443,8,0,34.00795823,-81.72713237,45081.0,2163.8255263029355,1.8058690744920995,435,431,8,0,423,426,20544,12,0,0,12,5
2020-08-06,US,South Carolina,Spartanburg,3961,98,0,34.92960077,-81.99225984,45083.0,1238.6447144174992,2.474122696288816,3863,3898,94,0,3804,3838,313888,63,4,0,59,60
2020-08-06,US,South Carolina,Sumter,2419,47,0,33.91826534,-80.37942316,45085.0,2266.6579211214294,1.94295163290616,2372,2395,46,0,2349,2367,106512,24,1,0,23,28
2020-08-06,US,South Carolina,Union,346,3,0,34.68835752,-81.61730349,45087.0,1266.6569043783866,0.8670520231213873,343,344,3,0,341,342,27410,2,0,0,2,2
2020-08-06,US,South Carolina,Williamsburg,961,29,0,33.62190129,-79.72767442,45089.0,3164.515279241307,3.017689906347554,932,957,29,0,928,947,30606,4,0,0,4,10
2020-08-06,US,South Carolina,York,3402,29,0,34.97281497,-81.18085944,45091.0,1210.766640923343,0.8524397413286302,3373,3341,28,0,3313,3313,274118,61,1,0,60,28
2020-08-06,US,South Dakota,Aurora,38,0,0,43.71757685,-98.56050467,46003.0,1381.315885132679,0.0,38,38,0,0,38,37,2801,0,0,0,0,1
2020-08-06,US,South Dakota,Beadle,587,9,0,44.41464384,-98.27858469,46005.0,3181.054571072454,1.5332197614991483,578,587,9,0,578,587,18883,0,0,0,0,0
2020-08-06,US,South Dakota,Bennett,6,0,0,43.19486375,-101.6665572,46007.0,178.30609212481426,0.0,6,6,0,0,6,6,3468,0,0,0,0,0
2020-08-06,US,South Dakota,Bon Homme,13,0,0,42.98914167,-97.88592746,46009.0,188.37849587016373,0.0,13,13,0,0,13,13,6980,0,0,0,0,0
2020-08-06,US,South Dakota,Brookings,127,1,0,44.36974375,-96.79079945,46011.0,362.0606095162072,0.7874015748031497,126,122,1,0,121,121,35232,5,0,0,5,1
2020-08-06,US,South Dakota,Brown,422,3,0,45.58994323,-98.35165355,46013.0,1086.536728546049,0.7109004739336493,419,419,3,0,416,412,39316,3,0,0,3,7
2020-08-06,US,South Dakota,Brule,45,0,0,43.71756379,-99.08118954,46015.0,849.5374740419105,0.0,45,45,0,0,45,40,5229,0,0,0,0,5
2020-08-06,US,South Dakota,Buffalo,109,3,0,44.07657829,-99.20814467,46017.0,5555.555555555556,2.7522935779816518,106,109,3,0,106,108,2036,0,0,0,0,1
2020-08-06,US,South Dakota,Butte,14,1,0,44.90608745,-103.5079318,46019.0,134.24105858663341,7.142857142857142,13,12,1,0,11,11,10222,2,0,0,2,1
2020-08-06,US,South Dakota,Campbell,3,0,0,45.77074915,-100.0510181,46021.0,218.02325581395348,0.0,3,3,0,0,3,2,1377,0,0,0,0,1
2020-08-06,US,South Dakota,Charles Mix,100,0,0,43.20660134,-98.58856175,46023.0,1076.194575979337,0.0,100,100,0,0,100,100,9338,0,0,0,0,0
2020-08-06,US,South Dakota,Clark,16,0,0,44.85834507,-97.72925109,46025.0,428.2655246252677,0.0,16,16,0,0,16,16,3739,0,0,0,0,0
2020-08-06,US,South Dakota,Clay,123,0,0,42.91296147,-96.97656917,46027.0,874.2004264392322,0.0,123,120,0,0,120,120,14041,3,0,0,3,0
2020-08-06,US,South Dakota,Codington,124,1,0,44.97788119,-97.18827677,46029.0,442.7148416580385,0.8064516129032258,123,123,1,0,122,120,28015,1,0,0,1,3
2020-08-06,US,South Dakota,Corson,30,0,0,45.70889983,-101.1970473,46031.0,734.2143906020558,0.0,30,30,0,0,30,29,4165,0,0,0,0,1
2020-08-06,US,South Dakota,Custer,26,0,0,43.67741105,-103.45345209999999,46033.0,289.79045920642,0.0,26,23,0,0,23,23,8726,3,0,0,3,0
2020-08-06,US,South Dakota,Davison,94,1,0,43.67490933,-98.14458906,46035.0,475.3476611883692,1.0638297872340423,93,93,1,0,92,93,19790,1,0,0,1,0
2020-08-06,US,South Dakota,Day,21,0,0,45.367281,-97.60737498,46037.0,387.1681415929203,0.0,21,21,0,0,21,21,5505,0,0,0,0,0
2020-08-06,US,South Dakota,Deuel,9,0,0,44.75994309,-96.66943645,46039.0,206.84900022983226,0.0,9,9,0,0,9,9,4337,0,0,0,0,0
2020-08-06,US,South Dakota,Dewey,65,0,0,45.15639647,-100.8709139,46041.0,1103.1907671418874,0.0,65,64,0,0,64,63,5904,1,0,0,1,1
2020-08-06,US,South Dakota,Douglas,16,0,0,43.38520741,-98.36978007,46043.0,547.757617254365,0.0,16,16,0,0,16,16,2935,0,0,0,0,0
2020-08-06,US,South Dakota,Edmunds,13,0,0,45.41846445,-99.21545423,46045.0,339.5142334813267,0.0,13,13,0,0,13,13,3875,0,0,0,0,0
2020-08-06,US,South Dakota,Fall River,20,0,0,43.23929297,-103.5275691,46047.0,297.92939073439595,0.0,20,20,0,0,20,18,6758,0,0,0,0,2
2020-08-06,US,South Dakota,Faulk,26,1,0,45.07082625,-99.14535601,46049.0,1130.9264897781645,3.8461538461538463,25,26,1,0,25,26,2330,0,0,0,0,0
2020-08-06,US,South Dakota,Grant,24,0,0,45.1723937,-96.77002276,46051.0,340.3289846851957,0.0,24,23,0,0,23,23,7147,1,0,0,1,0
2020-08-06,US,South Dakota,Gregory,7,0,0,43.19419064,-99.18883902,46053.0,167.26403823178018,0.0,7,7,0,0,7,7,4212,0,0,0,0,0
2020-08-06,US,South Dakota,Haakon,2,0,0,44.29299053,-101.539099,46055.0,105.318588730911,0.0,2,2,0,0,2,2,1918,0,0,0,0,0
2020-08-06,US,South Dakota,Hamlin,16,0,0,44.67385954,-97.18829593,46057.0,259.57170668397146,0.0,16,16,0,0,16,14,6111,0,0,0,0,2
2020-08-06,US,South Dakota,Hand,7,0,0,44.54708407,-99.00386459,46059.0,219.36696960200558,0.0,7,7,0,0,7,7,3262,0,0,0,0,0
2020-08-06,US,South Dakota,Hanson,21,0,0,43.6746384,-97.78715148,46061.0,608.1668114682883,0.0,21,21,0,0,21,21,3376,0,0,0,0,0
2020-08-06,US,South Dakota,Hughes,88,2,0,44.39091534,-99.99661148,46065.0,502.1111491498346,2.272727272727273,86,84,2,0,82,84,17650,4,0,0,4,0
2020-08-06,US,South Dakota,Hutchinson,27,0,0,43.33449012,-97.75536441,46067.0,370.3195720751612,0.0,27,27,0,0,27,27,7380,0,0,0,0,0
2020-08-06,US,South Dakota,Hyde,3,0,0,44.54747703,-99.48572582,46069.0,230.59185242121444,0.0,3,3,0,0,3,3,1282,0,0,0,0,0
2020-08-06,US,South Dakota,Jackson,11,1,0,43.69318385,-101.6255063,46071.0,328.9473684210526,9.090909090909092,10,11,1,0,10,10,3307,0,0,0,0,1
2020-08-06,US,South Dakota,Jerauld,40,1,0,44.06637798,-98.62965972,46073.0,1987.083954297069,2.5,39,40,1,0,39,40,2043,0,0,0,0,0
2020-08-06,US,South Dakota,Jones,2,0,0,43.96278565,-100.6940008,46075.0,221.4839424141749,0.0,2,2,0,0,2,2,928,0,0,0,0,0
2020-08-06,US,South Dakota,Kingsbury,14,0,0,44.36956169,-97.4913945,46077.0,283.4581899169873,0.0,14,14,0,0,14,14,4919,0,0,0,0,0
2020-08-06,US,South Dakota,Lake,89,2,0,44.02193107,-97.12926365,46079.0,695.4755020707977,2.247191011235955,87,86,2,0,84,84,13057,3,0,0,3,2
2020-08-06,US,South Dakota,Lawrence,40,0,0,44.35919441,-103.79294279999999,46081.0,154.7748026621266,0.0,40,35,0,0,35,32,25741,5,0,0,5,3
2020-08-06,US,South Dakota,Lincoln,602,2,0,43.27841182,-96.72039050000001,46083.0,984.8187410024866,0.3322259136212625,600,588,2,0,586,582,58807,14,0,0,14,6
2020-08-06,US,South Dakota,Lyman,88,2,0,43.89522709,-99.85201878,46085.0,2327.4266067178,2.272727272727273,86,88,2,0,86,88,3821,0,0,0,0,0
2020-08-06,US,South Dakota,Marshall,8,0,0,45.75870838,-97.59855639,46091.0,162.10739614994938,0.0,8,8,0,0,8,8,5112,0,0,0,0,0
2020-08-06,US,South Dakota,McCook,26,1,0,43.6742571,-97.36863144,46087.0,465.44933762978883,3.8461538461538463,25,26,1,0,25,24,5546,0,0,0,0,2
2020-08-06,US,South Dakota,McPherson,8,0,0,45.76626028,-99.22118798,46089.0,336.27574611181166,0.0,8,7,0,0,7,7,2407,1,0,0,1,0
2020-08-06,US,South Dakota,Meade,82,1,0,44.56676791,-102.71627409999999,46093.0,289.425384723987,1.2195121951219512,81,82,1,0,81,78,28294,0,0,0,0,4
2020-08-06,US,South Dakota,Mellette,24,0,0,43.58078848,-100.7563186,46095.0,1164.4832605531294,0.0,24,24,0,0,24,24,2042,0,0,0,0,0
2020-08-06,US,South Dakota,Miner,15,0,0,44.02197882,-97.60992207,46097.0,676.8953068592058,0.0,15,15,0,0,15,15,2213,0,0,0,0,0
2020-08-06,US,South Dakota,Minnehaha,4329,65,0,43.67441641,-96.7910885,46099.0,2241.4489421852186,1.5015015015015014,4264,4285,64,0,4221,4258,192876,44,1,0,43,27
2020-08-06,US,South Dakota,Moody,32,0,0,44.02266214,-96.67081159,46101.0,486.61800486618006,0.0,32,30,0,0,30,30,6579,2,0,0,2,0
2020-08-06,US,South Dakota,Oglala Lakota,152,2,0,43.33749164,-102.55554980000001,46102.0,1072.1591309868097,1.3157894736842106,150,152,1,0,151,151,14309,0,1,0,-1,1
2020-08-06,US,South Dakota,Pennington,863,31,0,44.0025835,-102.8240777,46103.0,758.5146121731487,3.5921205098493627,832,858,29,0,829,848,111729,5,2,0,3,10
2020-08-06,US,South Dakota,Perkins,6,0,0,45.49049506,-102.47555859999999,46105.0,209.42408376963348,0.0,6,6,0,0,6,6,2922,0,0,0,0,0
2020-08-06,US,South Dakota,Potter,1,0,0,45.06583079,-99.95498503,46107.0,46.44681839294008,0.0,1,1,0,0,1,1,2207,0,0,0,0,0
2020-08-06,US,South Dakota,Roberts,73,1,0,45.62975048,-96.94672673,46109.0,702.3282663074853,1.3698630136986298,72,71,1,0,70,71,10447,2,0,0,2,0
2020-08-06,US,South Dakota,Sanborn,13,0,0,44.02351092,-98.09098159999999,46111.0,554.6075085324234,0.0,13,13,0,0,13,13,2429,0,0,0,0,0
2020-08-06,US,South Dakota,Spink,22,0,0,44.93837606,-98.34626602,46115.0,345.0439146800502,0.0,22,22,0,0,22,22,6495,0,0,0,0,0
2020-08-06,US,South Dakota,Stanley,14,0,0,44.41381872,-100.7349153,46117.0,451.9044544867656,0.0,14,14,0,0,14,14,3022,0,0,0,0,0
2020-08-06,US,South Dakota,Sully,1,0,0,44.71571812,-100.1278092,46119.0,71.89072609633357,0.0,1,1,0,0,1,1,1392,0,0,0,0,0
2020-08-06,US,South Dakota,Todd,67,4,0,43.19338568,-100.71955030000001,46121.0,658.3472536110837,5.970149253731344,63,67,4,0,63,66,10283,0,0,0,0,1
2020-08-06,US,South Dakota,Tripp,20,0,0,43.34459388,-99.8854891,46123.0,367.5794890645102,0.0,20,20,0,0,20,20,5478,0,0,0,0,0
2020-08-06,US,South Dakota,Turner,49,0,0,43.3109081,-97.14865776,46125.0,584.4465648854962,0.0,49,49,0,0,49,48,8424,0,0,0,0,1
2020-08-06,US,South Dakota,Union,208,4,0,42.83112163,-96.6557828,46127.0,1305.5485814712524,1.9230769230769231,204,204,4,0,200,201,15619,4,0,0,4,3
2020-08-06,US,South Dakota,Walworth,18,0,0,45.43019636,-100.03075140000001,46129.0,331.1867525298988,0.0,18,18,0,0,18,18,5587,0,0,0,0,0
2020-08-06,US,South Dakota,Yankton,104,2,0,43.00924485,-97.39467635,46135.0,455.8604365740335,1.9230769230769231,102,104,2,0,102,103,22869,0,0,0,0,1
2020-08-06,US,South Dakota,Ziebach,10,0,0,44.97881876,-101.6654622,46137.0,362.844702467344,0.0,10,9,0,0,9,8,2742,1,0,0,1,1
2020-08-06,US,Tennessee,Anderson,651,6,0,36.12684348,-84.19965764,47001.0,845.6961729325262,0.9216589861751152,645,637,6,0,631,630,76482,14,0,0,14,7
2020-08-06,US,Tennessee,Bedford,901,11,0,35.51123746,-86.45549096,47003.0,1812.4031943354853,1.2208657047724751,890,890,11,0,879,877,49038,11,0,0,11,13
2020-08-06,US,Tennessee,Benton,126,1,0,36.07110411,-88.06849355,47005.0,779.7029702970298,0.7936507936507936,125,111,1,0,110,108,16184,15,0,0,15,3
2020-08-06,US,Tennessee,Bledsoe,686,1,0,35.59942968,-85.20611967,47007.0,4553.903345724907,0.1457725947521866,685,674,1,0,673,674,14755,12,0,0,12,0
2020-08-06,US,Tennessee,Blount,1222,9,0,35.68938198,-83.92847788,47009.0,918.1894686222647,0.7364975450081833,1213,1186,8,0,1178,1181,131349,36,1,0,35,5
2020-08-06,US,Tennessee,Bradley,1817,12,0,35.15739424,-84.857186,47011.0,1680.695587827213,0.6604292790313704,1805,1771,12,0,1759,1739,106727,46,0,0,46,32
2020-08-06,US,Tennessee,Campbell,229,1,0,36.40355516,-84.15108559999999,47013.0,574.7703428542744,0.4366812227074236,228,224,1,0,223,221,39583,5,0,0,5,3
2020-08-06,US,Tennessee,Cannon,136,0,0,35.80990797,-86.05738983,47015.0,926.5567516010356,0.0,136,131,0,0,131,126,14462,5,0,0,5,5
2020-08-06,US,Tennessee,Carroll,272,3,0,35.97366108,-88.45189331,47017.0,979.5800770699033,1.1029411764705883,269,251,3,0,248,244,28020,21,0,0,21,7
2020-08-06,US,Tennessee,Carter,473,5,0,36.28969086,-82.12588974,47019.0,838.7863311521343,1.0570824524312896,468,452,5,0,447,433,56351,21,0,0,21,19
2020-08-06,US,Tennessee,Cheatham,569,7,0,36.26136216,-87.08903581,47021.0,1399.1688592716453,1.2302284710017577,562,554,6,0,548,548,40439,15,1,0,14,6
2020-08-06,US,Tennessee,Chester,206,2,0,35.42527478,-88.6095842,47023.0,1190.9579695901025,0.9708737864077671,204,201,2,0,199,196,17276,5,0,0,5,5
2020-08-06,US,Tennessee,Claiborne,242,0,0,36.48319149,-83.65947309,47025.0,757.2201883663442,0.0,242,235,0,0,235,235,31756,7,0,0,7,0
2020-08-06,US,Tennessee,Clay,71,0,0,36.55151008,-85.53930419,47027.0,932.3703217334207,0.0,71,66,0,0,66,64,7717,5,0,0,5,2
2020-08-06,US,Tennessee,Cocke,439,2,0,35.9278914,-83.11828725,47029.0,1219.308965670481,0.4555808656036446,437,421,2,0,419,412,35774,18,0,0,18,9
2020-08-06,US,Tennessee,Coffee,482,3,0,35.49090731,-86.07311784,47031.0,852.7954706298656,0.6224066390041494,479,448,2,0,446,421,55700,34,1,0,33,27
2020-08-06,US,Tennessee,Crockett,253,4,0,35.81830662,-89.14916269,47033.0,1777.9339423752633,1.5810276679841897,249,246,4,0,242,236,14328,7,0,0,7,10
2020-08-06,US,Tennessee,Cumberland,398,6,0,35.95271721,-84.99840585,47035.0,657.633840052875,1.5075376884422111,392,397,6,0,391,385,59673,1,0,0,1,12
2020-08-06,US,Tennessee,Davidson,20001,211,0,36.17007426,-86.78646056,47037.0,2881.3906048312742,1.0549472526373682,19790,19812,208,0,19604,19563,692587,189,3,0,186,249
2020-08-06,US,Tennessee,DeKalb,331,2,0,35.97616272,-85.83689361,47041.0,1615.422157149829,0.6042296072507553,329,326,1,0,325,322,20138,5,1,0,4,4
2020-08-06,US,Tennessee,Decatur,188,3,0,35.60048904,-88.11043779,47039.0,1611.9351796278836,1.5957446808510638,185,174,2,0,172,169,11706,14,1,0,13,5
2020-08-06,US,Tennessee,Dickson,652,1,0,36.14669837,-87.35891709,47043.0,1208.5712167272188,0.15337423312883436,651,630,1,0,629,609,53446,22,0,0,22,21
2020-08-06,US,Tennessee,Dyer,593,7,0,36.05931946,-89.41542855,47045.0,1595.8448828009366,1.1804384485666104,586,579,7,0,572,568,37320,14,0,0,14,11
2020-08-06,US,Tennessee,Fayette,652,8,0,35.19615831,-89.41399032,47047.0,1585.1019862397586,1.2269938650306749,644,646,8,0,638,642,40507,6,0,0,6,4
2020-08-06,US,Tennessee,Fentress,79,0,0,36.38128818,-84.92870012,47049.0,426.4967877773578,0.0,79,76,0,0,76,76,18217,3,0,0,3,0
2020-08-06,US,Tennessee,Franklin,302,4,0,35.15634626,-86.09201039,47051.0,715.5041698256255,1.3245033112582782,298,296,4,0,292,286,41890,6,0,0,6,10
2020-08-06,US,Tennessee,Gibson,644,4,0,35.99438059,-88.93358327,47053.0,1310.7280239350337,0.6211180124223602,640,615,2,0,613,590,49045,29,2,0,27,25
2020-08-06,US,Tennessee,Giles,369,13,0,35.20222469,-87.03992678,47055.0,1252.3757806136302,3.523035230352304,356,360,12,0,348,354,29503,9,1,0,8,6
2020-08-06,US,Tennessee,Grainger,189,0,0,36.27469206,-83.51254721,47057.0,810.4631217838765,0.0,189,181,0,0,181,179,23145,8,0,0,8,2
2020-08-06,US,Tennessee,Greene,418,7,0,36.17470125,-82.84691273,47059.0,605.1919095397357,1.6746411483253592,411,398,6,0,392,376,69087,20,1,0,19,22
2020-08-06,US,Tennessee,Grundy,108,2,0,35.38433717,-85.72142731,47061.0,804.3494451478365,1.851851851851852,106,104,2,0,102,102,13346,4,0,0,4,2
2020-08-06,US,Tennessee,Hamblen,1346,14,0,36.21990035,-83.26586179,47063.0,2072.87399513352,1.0401188707280833,1332,1311,13,0,1298,1297,64569,35,1,0,34,14
2020-08-06,US,Tennessee,Hamilton,5884,49,0,35.17670231,-85.16652245,47065.0,1599.7650922774087,0.8327668252889191,5835,5803,47,0,5756,5720,364286,81,2,0,79,83
2020-08-06,US,Tennessee,Hancock,77,1,0,36.52692871,-83.22375847,47067.0,1163.141993957704,1.2987012987012987,76,76,1,0,75,76,6549,1,0,0,1,0
2020-08-06,US,Tennessee,Hardeman,858,15,0,35.20772017,-88.99161161,47069.0,3425.1497005988026,1.7482517482517483,843,843,12,0,831,830,25220,15,3,0,12,13
2020-08-06,US,Tennessee,Hardin,444,7,0,35.19732531,-88.18593755,47071.0,1730.8591922657104,1.576576576576577,437,426,7,0,419,409,25776,18,0,0,18,17
2020-08-06,US,Tennessee,Hawkins,416,7,0,36.44355426,-82.94885298,47073.0,732.5749304406015,1.6826923076923077,409,391,5,0,386,369,56530,25,2,0,23,22
2020-08-06,US,Tennessee,Haywood,435,6,0,35.58332824,-89.28536625,47075.0,2513.869625520111,1.3793103448275863,429,414,5,0,409,402,17335,21,1,0,20,12
2020-08-06,US,Tennessee,Henderson,517,2,0,35.65581134,-88.38600175,47077.0,1838.7452430913681,0.3868471953578336,515,483,0,0,483,469,27847,34,2,0,32,14
2020-08-06,US,Tennessee,Henry,248,0,0,36.33160906,-88.30121797,47079.0,766.7336528056886,0.0,248,231,0,0,231,225,32358,17,0,0,17,6
2020-08-06,US,Tennessee,Hickman,248,0,0,35.80609681,-87.47643507,47081.0,984.9868933195648,0.0,248,240,0,0,240,233,25063,8,0,0,8,7
2020-08-06,US,Tennessee,Houston,56,0,0,36.28872054,-87.71878828,47083.0,682.8435556639434,0.0,56,54,0,0,54,54,8263,2,0,0,2,0
2020-08-06,US,Tennessee,Humphreys,118,3,0,36.03958805,-87.77992872,47085.0,635.0231406737702,2.5423728813559316,115,113,3,0,110,109,18486,5,0,0,5,4
2020-08-06,US,Tennessee,Jackson,112,1,0,36.36380466,-85.67239905,47087.0,950.2799932122856,0.8928571428571429,111,109,1,0,108,108,11758,3,0,0,3,1
2020-08-06,US,Tennessee,Jefferson,525,3,0,36.04818632,-83.45148924,47089.0,963.3911368015414,0.5714285714285714,522,513,3,0,510,508,54012,12,0,0,12,5
2020-08-06,US,Tennessee,Johnson,225,0,0,36.45523950000001,-81.84886538,47091.0,1264.8976838317967,0.0,225,214,0,0,214,177,17778,11,0,0,11,37
2020-08-06,US,Tennessee,Knox,4298,37,0,35.99508821,-83.94635435,47093.0,913.8594935713028,0.8608655188459748,4261,4186,38,0,4148,4108,465289,112,-1,0,113,78
2020-08-06,US,Tennessee,Lake,765,0,0,36.34180170000001,-89.48921915,47095.0,10903.6488027366,0.0,765,758,0,0,758,756,7411,7,0,0,7,2
2020-08-06,US,Tennessee,Lauderdale,455,8,0,35.75893438,-89.63015909999999,47097.0,1775.0555924004211,1.7582417582417582,447,445,7,0,438,438,25825,10,1,0,9,7
2020-08-06,US,Tennessee,Lawrence,527,6,0,35.21675201,-87.39787695,47099.0,1193.8743147116124,1.1385199240986716,521,497,6,0,491,491,43734,30,0,0,30,6
2020-08-06,US,Tennessee,Lewis,67,1,0,35.52853208,-87.49022694,47101.0,546.1362895337463,1.492537313432836,66,62,1,0,61,58,12086,5,0,0,5,4
2020-08-06,US,Tennessee,Lincoln,268,1,0,35.13738622,-86.58910106,47103.0,779.8405400686728,0.373134328358209,267,259,1,0,258,255,34117,9,0,0,9,4
2020-08-06,US,Tennessee,Loudon,705,3,0,35.73939663,-84.31145275,47105.0,1303.9135902937041,0.425531914893617,702,686,3,0,683,682,53054,19,0,0,19,4
2020-08-06,US,Tennessee,Macon,855,13,0,36.53157855,-86.00778595,47111.0,3475.327209169986,1.52046783625731,842,847,13,0,834,841,24265,8,0,0,8,6
2020-08-06,US,Tennessee,Madison,984,15,0,35.61181957,-88.84076036,47113.0,1004.245591116917,1.5243902439024388,969,957,14,0,943,929,97605,27,1,0,26,28
2020-08-06,US,Tennessee,Marion,213,4,0,35.12997174,-85.62265895,47115.0,736.8457467049502,1.8779342723004693,209,210,4,0,206,209,28575,3,0,0,3,1
2020-08-06,US,Tennessee,Marshall,275,3,0,35.45798777,-86.76420988,47117.0,800.0,1.0909090909090908,272,271,3,0,268,266,33683,4,0,0,4,5
2020-08-06,US,Tennessee,Maury,1159,7,0,35.618741299999996,-87.07462444,47119.0,1202.4443130297655,0.6039689387402933,1152,1107,7,0,1100,1089,94340,52,0,0,52,18
2020-08-06,US,Tennessee,McMinn,509,20,0,35.42812616,-84.61520715,47107.0,946.2021786816374,3.9292730844793713,489,498,20,0,478,493,53285,11,0,0,11,5
2020-08-06,US,Tennessee,McNairy,351,5,0,35.17468549,-88.5647812,47109.0,1366.0776835058768,1.4245014245014245,346,335,5,0,330,324,25832,16,0,0,16,11
2020-08-06,US,Tennessee,Meigs,99,0,0,35.51558739,-84.81482914,47121.0,796.9731122202544,0.0,99,99,0,0,99,99,12306,0,0,0,0,0
2020-08-06,US,Tennessee,Monroe,397,9,0,35.44550387,-84.24902965,47123.0,852.938016972822,2.267002518891688,388,380,9,0,371,377,46357,17,0,0,17,3
2020-08-06,US,Tennessee,Montgomery,1815,13,0,36.49609412,-87.38550661,47125.0,868.4501394783557,0.7162534435261708,1802,1781,13,0,1768,1752,205950,34,0,0,34,29
2020-08-06,US,Tennessee,Moore,55,0,0,35.27724699,-86.36230578,47127.0,847.7188655980272,0.0,55,53,0,0,53,44,6411,2,0,0,2,9
2020-08-06,US,Tennessee,Morgan,98,1,0,36.13248031,-84.64880098,47129.0,457.8797364855394,1.020408163265306,97,94,1,0,93,91,21579,4,0,0,4,3
2020-08-06,US,Tennessee,Obion,490,4,0,36.35732446,-89.14921589,47131.0,1629.5852871728355,0.8163265306122449,486,464,4,0,460,453,30267,26,0,0,26,11
2020-08-06,US,Tennessee,Out of TN,2831,16,0,0.0,0.0,80047.0,0.0,0.5651713175556341,2815,2793,14,0,2779,2789,,38,2,0,36,4
2020-08-06,US,Tennessee,Overton,155,1,0,36.34117832,-85.28989535,47133.0,696.9111101119554,0.6451612903225806,154,141,1,0,140,139,22068,14,0,0,14,2
2020-08-06,US,Tennessee,Perry,77,0,0,35.63708728,-87.86139634,47135.0,953.4422981674097,0.0,77,77,0,0,77,74,8064,0,0,0,0,3
2020-08-06,US,Tennessee,Pickett,30,1,0,36.55606529,-85.07763299999998,47137.0,594.2947702060222,3.333333333333333,29,27,1,0,26,25,5082,3,0,0,3,2
2020-08-06,US,Tennessee,Polk,185,3,0,35.12245443,-84.52075859,47139.0,1099.096958174905,1.6216216216216215,182,181,3,0,178,179,16898,4,0,0,4,2
2020-08-06,US,Tennessee,Putnam,1677,16,0,36.14005459,-85.50646123,47141.0,2089.849834880678,0.9540846750149076,1661,1646,13,0,1633,1601,78843,31,3,0,28,45
2020-08-06,US,Tennessee,Rhea,517,1,0,35.60536161,-84.93076643,47143.0,1558.778303735641,0.1934235976789168,516,514,1,0,513,511,33044,3,0,0,3,3
2020-08-06,US,Tennessee,Roane,423,2,0,35.84923189,-84.52458689,47145.0,792.4019332359222,0.4728132387706856,421,398,2,0,396,392,53140,25,0,0,25,6
2020-08-06,US,Tennessee,Robertson,1506,19,0,36.52454807,-86.87346725,47147.0,2097.1133360255108,1.2616201859229748,1487,1475,19,0,1456,1459,71012,31,0,0,31,16
2020-08-06,US,Tennessee,Rutherford,6298,53,0,35.84591405,-86.4107263,47149.0,1895.3609100621454,0.8415369958717053,6245,6254,53,0,6201,6155,324890,44,0,0,44,99
2020-08-06,US,Tennessee,Scott,110,0,0,36.42325673,-84.50360494,47151.0,498.4593075947072,0.0,110,105,0,0,105,105,22039,5,0,0,5,0
2020-08-06,US,Tennessee,Sequatchie,100,0,0,35.36979721,-85.41022136,47153.0,665.513110608279,0.0,100,96,0,0,96,96,14876,4,0,0,4,0
2020-08-06,US,Tennessee,Sevier,1791,6,0,35.78077323,-83.52244332,47155.0,1822.9007633587787,0.33500837520938026,1785,1763,6,0,1757,1756,97892,28,0,0,28,7
2020-08-06,US,Tennessee,Shelby,22212,300,0,35.1864775,-89.89692423,47157.0,2370.124396318261,1.350621285791464,21912,21924,298,0,21626,21728,935764,288,2,0,286,196
2020-08-06,US,Tennessee,Smith,429,4,0,36.25359775,-85.95411046,47159.0,2128.292900729275,0.9324009324009324,425,393,3,0,390,384,19942,36,1,0,35,9
2020-08-06,US,Tennessee,Stewart,74,0,0,36.50235092,-87.83920548,47161.0,539.5552314983595,0.0,74,72,0,0,72,70,13561,2,0,0,2,2
2020-08-06,US,Tennessee,Sullivan,895,12,0,36.51240691,-82.30412917,47163.0,565.2108015257534,1.340782122905028,883,859,11,0,848,833,157668,36,1,0,35,26
2020-08-06,US,Tennessee,Sumner,3316,72,0,36.46824103,-86.45917204,47165.0,1733.5570855747767,2.1712907117008444,3244,3264,71,0,3193,3219,187149,52,1,0,51,45
2020-08-06,US,Tennessee,Tipton,1155,9,0,35.501942,-89.73694895,47167.0,1875.0304388058248,0.7792207792207793,1146,1137,9,0,1128,1123,61581,18,0,0,18,14
2020-08-06,US,Tennessee,Trousdale,1578,6,0,36.39026213,-86.16087954,47169.0,13984.402694080114,0.3802281368821293,1572,1576,6,0,1570,1576,11012,2,0,0,2,0
2020-08-06,US,Tennessee,Unassigned,3036,8,0,0.0,0.0,90047.0,0.0,0.2635046113306983,3028,2928,5,0,2923,2957,,108,3,0,105,-29
2020-08-06,US,Tennessee,Unicoi,148,0,0,36.10890856,-82.43709629,47171.0,827.601632835654,0.0,148,141,0,0,141,139,17761,7,0,0,7,2
2020-08-06,US,Tennessee,Union,141,0,0,36.28590426,-83.83651902,47173.0,705.9883837372321,0.0,141,133,0,0,133,129,19688,8,0,0,8,4
2020-08-06,US,Tennessee,Van Buren,35,0,0,35.69864497,-85.45221699,47175.0,596.0490463215259,0.0,35,33,0,0,33,33,5765,2,0,0,2,0
2020-08-06,US,Tennessee,Warren,479,4,0,35.672829899999996,-85.77969117,47177.0,1160.452552268818,0.8350730688935282,475,454,4,0,450,429,40878,25,0,0,25,25
2020-08-06,US,Tennessee,Washington,1131,2,0,36.29472368,-82.49454720000001,47179.0,874.2028985507246,0.1768346595932803,1129,1114,2,0,1112,1089,128607,17,0,0,17,25
2020-08-06,US,Tennessee,Wayne,224,2,0,35.23868267,-87.78644456,47181.0,1343.4894739998801,0.8928571428571429,222,222,2,0,220,219,16558,2,0,0,2,3
2020-08-06,US,Tennessee,Weakley,363,3,0,36.29896232,-88.71990865,47183.0,1089.1742678828612,0.8264462809917356,360,329,3,0,326,310,33415,34,0,0,34,19
2020-08-06,US,Tennessee,White,246,5,0,35.92929884,-85.45591799,47185.0,899.6160175534833,2.0325203252032518,241,232,3,0,229,205,27107,14,2,0,12,27
2020-08-06,US,Tennessee,Williamson,3405,25,0,35.89099229,-86.89281867,47187.0,1428.1999228226764,0.7342143906020558,3380,3363,22,0,3341,3308,231729,42,3,0,39,55
2020-08-06,US,Tennessee,Wilson,2190,23,0,36.15496772,-86.29775884,47189.0,1513.9260457496011,1.0502283105022832,2167,2152,23,0,2129,2102,140625,38,0,0,38,50
2020-08-06,US,Texas,Anderson,2353,10,0,31.81534745,-95.65354823,48001.0,4075.517450420023,0.4249893752656184,2343,2355,10,0,2345,2329,58057,-2,0,0,-2,26
2020-08-06,US,Texas,Andrews,277,6,0,32.30468633,-102.6376548,48003.0,1480.8874632451214,2.166064981949458,271,273,6,0,267,268,18128,4,0,0,4,5
2020-08-06,US,Texas,Angelina,1769,40,0,31.25457347,-94.60901487,48005.0,2040.0161448423,2.2611644997173546,1729,1755,38,0,1717,1745,87092,14,2,0,12,10
2020-08-06,US,Texas,Aransas,165,13,0,28.10556197,-96.9995047,48007.0,701.8290089323692,7.878787878787879,152,162,12,0,150,158,23792,3,1,0,2,4
2020-08-06,US,Texas,Archer,21,0,0,33.61569967,-98.68754589,48009.0,245.5278849526482,0.0,21,20,0,0,20,20,8786,1,0,0,1,0
2020-08-06,US,Texas,Armstrong,7,0,0,34.96507426,-101.3574874,48011.0,370.95919448860633,0.0,7,7,0,0,7,9,1892,0,0,0,0,-2
2020-08-06,US,Texas,Atascosa,425,16,0,28.89333001,-98.52730485,48013.0,830.8408109006316,3.7647058823529416,409,419,16,0,403,413,50310,6,0,0,6,6
2020-08-06,US,Texas,Austin,223,3,0,29.88548725,-96.27736949,48015.0,742.5412892914225,1.345291479820628,220,218,3,0,215,216,29989,5,0,0,5,2
2020-08-06,US,Texas,Bailey,168,4,0,34.06854817,-102.8299707,48017.0,2400.0,2.380952380952381,164,166,4,0,162,159,7027,2,0,0,2,7
2020-08-06,US,Texas,Bandera,89,3,0,29.74619598,-99.24598147,48019.0,385.08134302526827,3.3707865168539324,86,89,3,0,86,83,22824,0,0,0,0,6
2020-08-06,US,Texas,Bastrop,1344,20,0,30.10370699,-97.31206354,48021.0,1514.82704597455,1.488095238095238,1324,1313,20,0,1293,1302,86976,31,0,0,31,11
2020-08-06,US,Texas,Baylor,8,0,0,33.61640794,-99.21352901,48023.0,227.98518096323738,0.0,8,8,0,0,8,7,3582,0,0,0,0,1
2020-08-06,US,Texas,Bee,704,9,0,28.41761668,-97.74215593,48025.0,2161.8301857822817,1.2784090909090908,695,696,9,0,687,669,32587,8,0,0,8,27
2020-08-06,US,Texas,Bell,3733,33,0,31.03736027,-97.4785025,48027.0,1028.5900078253298,0.8840075006697027,3700,3680,33,0,3647,3598,355642,53,0,0,53,82
2020-08-06,US,Texas,Bexar,41939,705,0,29.44928723,-98.52019748,48029.0,2093.230329704116,1.6810128996876417,41234,41614,673,0,40941,41274,1986049,325,32,0,293,340
2020-08-06,US,Texas,Blanco,98,5,0,30.26640707,-98.3999852,48031.0,821.3896571955411,5.1020408163265305,93,98,5,0,93,98,11702,0,0,0,0,0
2020-08-06,US,Texas,Bosque,152,2,0,31.89978581,-97.63613524,48035.0,813.4867540808134,1.3157894736842106,150,136,2,0,134,135,18691,16,0,0,16,1
2020-08-06,US,Texas,Bowie,707,32,0,33.44626922,-94.41834132,48037.0,758.2175987988633,4.526166902404526,675,708,31,0,677,706,94324,-1,1,0,-2,2
2020-08-06,US,Texas,Brazoria,6988,85,0,29.18757369,-95.44563172,48039.0,1867.131222880106,1.2163709215798513,6903,6887,84,0,6803,6732,370200,101,1,0,100,155
2020-08-06,US,Texas,Brazos,3997,46,0,30.663644800000004,-96.30205577,48041.0,1743.8081069407665,1.1508631473605204,3951,3973,46,0,3927,3936,226758,24,0,0,24,37
2020-08-06,US,Texas,Brewster,186,2,0,29.81008251,-103.2520326,48043.0,2021.0800825817664,1.075268817204301,184,186,2,0,184,186,9267,0,0,0,0,0
2020-08-06,US,Texas,Briscoe,11,1,0,34.53026962,-101.2084947,48045.0,711.5135834411383,9.090909090909092,10,11,1,0,10,11,1516,0,0,0,0,0
2020-08-06,US,Texas,Brooks,95,1,0,27.03103197,-98.21808402,48047.0,1339.348653602143,1.0526315789473684,94,94,1,0,93,91,7114,1,0,0,1,3
2020-08-06,US,Texas,Brown,380,15,0,31.77430356,-98.99907113,48049.0,1003.5918022395945,3.947368421052632,365,356,15,0,341,356,37924,24,0,0,24,0
2020-08-06,US,Texas,Burleson,236,6,0,30.49273808,-96.62158484,48051.0,1279.61828335954,2.5423728813559316,230,235,6,0,229,232,18389,1,0,0,1,3
2020-08-06,US,Texas,Burnet,552,8,0,30.78801353,-98.181887,48053.0,1146.2984113799193,1.4492753623188406,544,544,7,0,537,544,47542,8,1,0,7,0
2020-08-06,US,Texas,Caldwell,1118,26,0,29.83668859,-97.61814775,48055.0,2560.461707585196,2.3255813953488373,1092,1096,24,0,1072,1080,43247,22,2,0,20,16
2020-08-06,US,Texas,Calhoun,526,4,0,28.47048236,-96.61633945,48057.0,2470.643494598403,0.7604562737642585,522,511,4,0,507,493,21561,15,0,0,15,18
2020-08-06,US,Texas,Callahan,46,3,0,32.29760619,-99.37326312,48059.0,329.9146525138063,6.521739130434782,43,46,3,0,43,43,13994,0,0,0,0,3
2020-08-06,US,Texas,Cameron,15865,405,0,26.14524221,-97.48140372,48061.0,3749.146310050737,2.552789158525055,15460,15564,394,0,15170,14781,423908,301,11,0,290,783
2020-08-06,US,Texas,Camp,221,5,0,32.97195142,-94.97790104,48063.0,1687.795937070414,2.262443438914027,216,219,5,0,214,218,13033,2,0,0,2,1
2020-08-06,US,Texas,Carson,14,0,0,35.40365929,-101.3542669,48065.0,236.2470469119136,0.0,14,14,0,0,14,14,6005,0,0,0,0,0
2020-08-06,US,Texas,Cass,166,8,0,33.07499881,-94.34646905,48067.0,552.854193032705,4.819277108433735,158,160,7,0,153,158,30119,6,1,0,5,2
2020-08-06,US,Texas,Castro,190,4,0,34.53016752,-102.2617243,48069.0,2523.240371845949,2.1052631578947367,186,188,4,0,184,182,7665,2,0,0,2,6
2020-08-06,US,Texas,Chambers,929,2,0,29.70972016,-94.67154501,48071.0,2119.2143622966896,0.21528525296017226,927,924,2,0,922,912,42454,5,0,0,5,12
2020-08-06,US,Texas,Cherokee,953,5,0,31.837258,-95.16559897,48073.0,1810.204004102876,0.5246589716684156,948,832,5,0,827,807,52592,121,0,0,121,25
2020-08-06,US,Texas,Childress,37,0,0,34.529304100000004,-100.2077916,48075.0,506.4330687106488,0.0,37,36,0,0,36,36,7291,1,0,0,1,0
2020-08-06,US,Texas,Clay,38,1,0,33.78686685,-98.20771198,48077.0,362.90707668799536,2.631578947368421,37,36,1,0,35,35,10456,2,0,0,2,1
2020-08-06,US,Texas,Cochran,31,0,0,33.60425307,-102.8284499,48079.0,1086.5755345250614,0.0,31,31,0,0,31,27,2836,0,0,0,0,4
2020-08-06,US,Texas,Coke,40,1,0,31.88911733,-100.5297533,48081.0,1180.9861234130499,2.5,39,40,1,0,39,40,3370,0,0,0,0,0
2020-08-06,US,Texas,Coleman,18,0,0,31.76736834,-99.45240766,48083.0,220.1834862385321,0.0,18,16,0,0,16,13,8397,2,0,0,2,3
2020-08-06,US,Texas,Collin,7074,87,0,33.18820114,-96.57264368,48085.0,683.656606071149,1.2298558100084818,6987,6857,85,0,6772,6421,1005146,217,2,0,215,436
2020-08-06,US,Texas,Collingsworth,8,0,0,34.96489496,-100.2700111,48087.0,273.97260273972597,0.0,8,7,0,0,7,7,2962,1,0,0,1,0
2020-08-06,US,Texas,Colorado,265,2,0,29.622098,-96.5273805,48089.0,1232.959568231517,0.7547169811320755,263,257,2,0,255,257,21217,8,0,0,8,0
2020-08-06,US,Texas,Comal,1763,67,0,29.80811278,-98.27647225,48091.0,1128.6161488774655,3.800340328984685,1696,1720,67,0,1653,1720,148373,43,0,0,43,0
2020-08-06,US,Texas,Comanche,141,3,0,31.94854689,-98.55876441,48093.0,1034.1034103410339,2.127659574468085,138,121,3,0,118,236,13534,20,0,0,20,-115
2020-08-06,US,Texas,Concho,26,0,0,31.32635934,-99.86473038,48095.0,953.7784299339693,0.0,26,26,0,0,26,26,4276,0,0,0,0,0
2020-08-06,US,Texas,Cooke,212,3,0,33.63979567,-97.21240912,48097.0,513.8521947790679,1.4150943396226414,209,206,3,0,203,202,40574,6,0,0,6,4
2020-08-06,US,Texas,Coryell,654,5,0,31.39078397,-97.79936155,48099.0,861.0814867480349,0.764525993883792,649,636,5,0,631,620,74808,18,0,0,18,16
2020-08-06,US,Texas,Cottle,14,2,0,34.07783319,-100.2785062,48101.0,1001.4306151645208,14.285714285714285,12,14,2,0,12,14,1389,0,0,0,0,0
2020-08-06,US,Texas,Crane,71,2,0,31.43052248,-102.5143314,48103.0,1480.091723994163,2.8169014084507036,69,70,2,0,68,75,4794,1,0,0,1,-5
2020-08-06,US,Texas,Crockett,157,3,0,30.72367027,-101.4134238,48105.0,4532.332563510393,1.9108280254777068,154,156,3,0,153,156,3499,1,0,0,1,0
2020-08-06,US,Texas,Crosby,59,1,0,33.61431553,-101.3000364,48107.0,1028.412062053338,1.6949152542372878,58,58,1,0,57,54,5779,1,0,0,1,4
2020-08-06,US,Texas,Culberson,17,2,0,31.44506775,-104.5185739,48109.0,783.049286043298,11.764705882352944,15,16,2,0,14,16,2204,1,0,0,1,0
2020-08-06,US,Texas,Dallam,187,5,0,36.27787176,-102.6020725,48111.0,2566.213805406889,2.6737967914438503,182,183,5,0,178,180,7200,4,0,0,4,3
2020-08-06,US,Texas,Dallas,52869,736,0,32.76670599,-96.7779605,48113.0,2006.0208323531326,1.392120146021298,52133,52639,726,0,51913,52131,2637772,230,10,0,220,508
2020-08-06,US,Texas,Dawson,140,4,0,32.74255572,-101.9477242,48115.0,1099.9371464487745,2.8571428571428568,136,137,4,0,133,137,12619,3,0,0,3,0
2020-08-06,US,Texas,DeWitt,643,15,0,29.08101855,-97.3568117,48123.0,3189.484126984127,2.3328149300155516,628,641,15,0,626,626,20187,2,0,0,2,15
2020-08-06,US,Texas,Deaf Smith,644,17,0,34.96522957,-102.6054267,48117.0,3472.4468888169954,2.6397515527950306,627,629,17,0,612,612,18760,15,0,0,15,17
2020-08-06,US,Texas,Delta,16,0,0,33.38570922,-95.66921122,48119.0,300.13130744700806,0.0,16,16,0,0,16,16,5349,0,0,0,0,0
2020-08-06,US,Texas,Denton,7374,82,0,33.20521901,-97.11691153,48121.0,831.1476352192892,1.1120151885001357,7292,7257,80,0,7177,7032,859064,117,2,0,115,225
2020-08-06,US,Texas,Dickens,4,1,0,33.61616822,-100.7788855,48125.0,180.91361374943463,25.0,3,4,1,0,3,4,2249,0,0,0,0,0
2020-08-06,US,Texas,Dimmit,142,3,0,28.42270064,-99.75645095,48127.0,1402.6076649545637,2.112676056338028,139,138,3,0,135,131,10308,4,0,0,4,7
2020-08-06,US,Texas,Donley,46,0,0,34.96517499,-100.8140093,48129.0,1403.2946918852954,0.0,46,45,0,0,45,44,3319,1,0,0,1,1
2020-08-06,US,Texas,Duval,164,6,0,27.68184592,-98.50864568,48131.0,1469.9291924352426,3.6585365853658534,158,161,5,0,156,152,11212,3,1,0,2,9
2020-08-06,US,Texas,Eastland,65,1,0,32.32743996,-98.83243566,48133.0,354.03050108932473,1.5384615384615383,64,63,1,0,62,58,18322,2,0,0,2,5
2020-08-06,US,Texas,Ector,3512,54,0,31.86898877,-102.5429428,48135.0,2112.8243383887907,1.5375854214123006,3458,3481,52,0,3429,3440,162124,31,2,0,29,41
2020-08-06,US,Texas,Edwards,25,0,0,29.98202582,-100.304252,48137.0,1293.9958592132505,0.0,25,27,0,0,27,25,1928,-2,0,0,-2,2
2020-08-06,US,Texas,El Paso,15596,285,0,31.76980765,-106.2363275,48141.0,1858.3524578248364,1.8273916388817648,15311,15427,280,0,15147,15142,840758,169,5,0,164,285
2020-08-06,US,Texas,Ellis,2739,38,0,32.34894117,-96.79371841,48139.0,1481.9343598844318,1.3873676524278933,2701,2691,37,0,2654,2545,179436,48,1,0,47,146
2020-08-06,US,Texas,Erath,507,5,0,32.23602653,-98.21773417,48143.0,1187.4092463347224,0.9861932938856016,502,489,5,0,484,476,42446,18,0,0,18,13
2020-08-06,US,Texas,Falls,123,3,0,31.25350609,-96.93630086,48145.0,711.1059721338962,2.4390243902439024,120,114,3,0,111,112,17335,9,0,0,9,2
2020-08-06,US,Texas,Fannin,237,8,0,33.59564294,-96.10751083,48147.0,667.3424564960297,3.3755274261603376,229,237,8,0,229,219,35286,0,0,0,0,18
2020-08-06,US,Texas,Fayette,378,14,0,29.87788372,-96.92076062,48149.0,1491.3595833662116,3.703703703703704,364,376,14,0,362,372,25349,2,0,0,2,4
2020-08-06,US,Texas,Fisher,26,1,0,32.74281316,-100.4019302,48151.0,678.8511749347257,3.8461538461538463,25,26,1,0,25,26,3839,0,0,0,0,0
2020-08-06,US,Texas,Floyd,88,5,0,34.07227468,-101.3031546,48153.0,1540.6162464985996,5.6818181818181825,83,86,5,0,81,85,5837,2,0,0,2,1
2020-08-06,US,Texas,Foard,2,0,0,33.97308618,-99.7767797,48155.0,173.16017316017312,0.0,2,2,0,0,2,2,1200,0,0,0,0,0
2020-08-06,US,Texas,Fort Bend,8878,153,0,29.52704478,-95.77219463,48157.0,1093.7700200076877,1.7233611173687768,8725,8559,151,0,8408,7287,787858,319,2,0,317,1272
2020-08-06,US,Texas,Franklin,90,1,0,33.17653242,-95.21917243,48159.0,839.1608391608389,1.1111111111111112,89,89,1,0,88,87,10766,1,0,0,1,2
2020-08-06,US,Texas,Freestone,150,0,0,31.70422788,-96.15072516,48161.0,760.7648222346197,0.0,150,142,0,0,142,139,19808,8,0,0,8,3
2020-08-06,US,Texas,Frio,497,5,0,28.86751206,-99.10804207,48163.0,2447.552447552448,1.0060362173038229,492,495,5,0,490,476,19816,2,0,0,2,19
2020-08-06,US,Texas,Gaines,149,0,0,32.74055318,-102.6353295,48165.0,693.2812209194119,0.0,149,145,0,0,145,136,20901,4,0,0,4,9
2020-08-06,US,Texas,Galveston,9230,110,0,29.40167322,-94.90469073,48167.0,2697.7339619277545,1.191765980498375,9120,9168,106,0,9062,8999,337890,62,4,0,58,169
2020-08-06,US,Texas,Garza,99,3,0,33.17969345,-101.2984114,48169.0,1589.34018301493,3.0303030303030303,96,99,2,0,97,97,6578,0,1,0,-1,2
2020-08-06,US,Texas,Gillespie,176,5,0,30.31824095,-98.94676915,48171.0,652.1416926041203,2.8409090909090913,171,174,5,0,169,171,26804,2,0,0,2,3
2020-08-06,US,Texas,Glasscock,6,0,0,31.86942909,-101.5207776,48173.0,425.83392476934,0.0,6,6,0,0,6,6,1388,0,0,0,0,0
2020-08-06,US,Texas,Goliad,77,4,0,28.65696592,-97.42760647,48175.0,1005.4844606946983,5.194805194805196,73,77,4,0,73,77,7584,0,0,0,0,0
2020-08-06,US,Texas,Gonzales,670,9,0,29.45634206,-97.49424032,48177.0,3215.434083601286,1.3432835820895523,661,646,9,0,637,631,20826,24,0,0,24,15
2020-08-06,US,Texas,Gray,211,2,0,35.40081878,-100.8129222,48179.0,964.0866307228363,0.9478672985781992,209,205,2,0,203,196,21895,6,0,0,6,9
2020-08-06,US,Texas,Grayson,1092,13,0,33.62744998,-96.67753461,48181.0,801.6914809267906,1.1904761904761905,1079,1051,11,0,1040,1035,133991,41,2,0,39,16
2020-08-06,US,Texas,Gregg,1358,23,0,32.47940482,-94.81591935,48183.0,1095.6472628988665,1.6936671575846831,1335,1348,22,0,1326,1322,123707,10,1,0,9,26
2020-08-06,US,Texas,Grimes,858,20,0,30.54579585,-95.98902499,48185.0,2970.914127423823,2.331002331002331,838,861,20,0,841,854,28360,-3,0,0,-3,7
2020-08-06,US,Texas,Guadalupe,1670,51,0,29.58165339,-97.94786822,48187.0,1000.9170077975633,3.053892215568862,1619,1650,48,0,1602,1610,163694,20,3,0,17,40
2020-08-06,US,Texas,Hale,1257,24,0,34.07044901,-101.8268114,48189.0,3762.797102316949,1.9093078758949882,1233,1244,24,0,1220,1230,33830,13,0,0,13,14
2020-08-06,US,Texas,Hall,10,1,0,34.5307555,-100.6813852,48191.0,337.3819163292848,10.0,9,10,1,0,9,9,3028,0,0,0,0,1
2020-08-06,US,Texas,Hamilton,57,3,0,31.70470573,-98.11083887,48193.0,673.6792341330813,5.2631578947368425,54,55,2,0,53,55,8484,2,1,0,1,0
2020-08-06,US,Texas,Hansford,64,2,0,36.27743284,-101.3545796,48195.0,1185.4047045749212,3.125,62,58,2,0,56,58,5463,6,0,0,6,0
2020-08-06,US,Texas,Hardeman,17,0,0,34.28944521,-99.74632408,48197.0,432.24002034070685,0.0,17,17,0,0,17,16,3922,0,0,0,0,1
2020-08-06,US,Texas,Hardin,925,13,0,30.33364686,-94.38931817,48199.0,1605.8470192007221,1.4054054054054057,912,902,11,0,891,859,57207,23,2,0,21,43
2020-08-06,US,Texas,Harris,81919,1459,0,29.85864939,-95.39339521,48201.0,1738.029947011929,1.7810276004345755,80460,80914,805,0,80109,79536,4698619,1005,654,0,351,1378
2020-08-06,US,Texas,Harrison,659,22,0,32.54935988,-94.36934071,48203.0,990.1882710020584,3.3383915022761763,637,644,22,0,622,630,66726,15,0,0,15,14
2020-08-06,US,Texas,Hartley,84,0,0,35.84008013,-102.6029022,48205.0,1506.4562410329984,0.0,84,82,0,0,82,82,5619,2,0,0,2,0
2020-08-06,US,Texas,Haskell,39,0,0,33.17823584,-99.73037358,48207.0,689.2895015906682,0.0,39,39,0,0,39,39,5813,0,0,0,0,0
2020-08-06,US,Texas,Hays,4989,37,0,30.05669873,-98.02944344,48209.0,2167.330608060263,0.7416315894968931,4952,4969,35,0,4934,4931,222631,20,2,0,18,38
2020-08-06,US,Texas,Hemphill,42,0,0,35.83764858,-100.2703577,48211.0,1099.7643362136685,0.0,42,42,0,0,42,42,3825,0,0,0,0,0
2020-08-06,US,Texas,Henderson,621,11,0,32.21128872,-95.85846587,48213.0,750.5710866963992,1.7713365539452497,610,609,11,0,598,604,82299,12,0,0,12,5
2020-08-06,US,Texas,Hidalgo,19103,765,0,26.39418217,-98.18299696,48215.0,2199.0153181682667,4.004606606292206,18338,18699,743,0,17956,17751,865939,404,22,0,382,948
2020-08-06,US,Texas,Hill,313,6,0,31.99045053,-97.13423143,48217.0,854.0478594231765,1.9169329073482428,307,313,5,0,308,311,36354,0,1,0,-1,2
2020-08-06,US,Texas,Hockley,194,4,0,33.60771256,-102.3431676,48219.0,842.7088310672864,2.061855670103093,190,191,4,0,187,189,22980,3,0,0,3,2
2020-08-06,US,Texas,Hood,505,9,0,32.42990927,-97.83242024,48221.0,819.2333273851045,1.7821782178217822,496,490,9,0,481,480,60537,15,0,0,15,10
2020-08-06,US,Texas,Hopkins,194,1,0,33.14875072,-95.56351139,48223.0,523.1366627116815,0.5154639175257731,193,183,1,0,182,180,36810,11,0,0,11,3
2020-08-06,US,Texas,Houston,308,6,0,31.31925973,-95.42226208,48225.0,1340.9961685823755,1.9480519480519483,302,307,6,0,301,304,23169,1,0,0,1,3
2020-08-06,US,Texas,Howard,164,4,0,32.30621324,-101.4356444,48227.0,447.3052585642592,2.4390243902439024,160,162,3,0,159,161,36459,2,1,0,1,1
2020-08-06,US,Texas,Hudspeth,23,2,0,31.45628381,-105.388178,48229.0,470.7327056897257,8.695652173913043,21,22,2,0,20,22,4795,1,0,0,1,0
2020-08-06,US,Texas,Hunt,1137,21,0,33.12351514,-96.08551032,48231.0,1153.2141915329532,1.8469656992084436,1116,1105,21,0,1084,1105,96493,32,0,0,32,0
2020-08-06,US,Texas,Hutchinson,121,2,0,35.84006574,-101.3546643,48233.0,577.896647244245,1.6528925619834711,119,120,2,0,118,118,21198,1,0,0,1,2
2020-08-06,US,Texas,Irion,9,0,0,31.30375559,-100.982439,48235.0,585.9375,0.0,9,9,0,0,9,9,1522,0,0,0,0,0
2020-08-06,US,Texas,Jack,51,0,0,33.23377248,-98.17283469,48237.0,570.7890318970342,0.0,51,47,0,0,47,43,8843,4,0,0,4,4
2020-08-06,US,Texas,Jackson,383,5,0,28.95472367,-96.57749563,48239.0,2594.850948509485,1.3054830287206267,378,380,5,0,375,344,14874,3,0,0,3,36
2020-08-06,US,Texas,Jasper,304,5,0,30.74685667,-94.02667579,48241.0,855.6390554195165,1.6447368421052633,299,302,5,0,297,301,35872,2,0,0,2,1
2020-08-06,US,Texas,Jeff Davis,8,0,0,30.71490589,-104.1399973,48243.0,351.8029903254178,0.0,8,8,0,0,8,8,2252,0,0,0,0,0
2020-08-06,US,Texas,Jefferson,5771,76,0,29.8832777,-94.16434171,48245.0,2294.039313895017,1.316929474961012,5695,5721,74,0,5647,5609,255001,50,2,0,48,112
2020-08-06,US,Texas,Jim Hogg,54,1,0,27.04453923,-98.6968187,48247.0,1038.4615384615388,1.851851851851852,53,54,1,0,53,54,5248,0,0,0,0,0
2020-08-06,US,Texas,Jim Wells,670,13,0,27.73103938,-98.0904705,48249.0,1655.056568351366,1.9402985074626864,657,658,13,0,645,637,40822,12,0,0,12,21
2020-08-06,US,Texas,Johnson,1760,30,0,32.37877812,-97.36615819,48251.0,1001.040854979894,1.7045454545454546,1730,1730,30,0,1700,1619,171361,30,0,0,30,111
2020-08-06,US,Texas,Jones,632,0,0,32.73997145,-99.87861576,48253.0,3146.9401981775627,0.0,632,631,0,0,631,628,19817,1,0,0,1,3
2020-08-06,US,Texas,Karnes,556,6,0,28.90705334,-97.85960149,48255.0,3563.874110633934,1.0791366906474822,550,391,5,0,386,344,15650,165,1,0,164,47
2020-08-06,US,Texas,Kaufman,2071,23,0,32.599141700000004,-96.28734728,48257.0,1521.0717276025678,1.110574601641719,2048,2007,22,0,1985,1900,128622,64,1,0,63,107
2020-08-06,US,Texas,Kendall,156,4,0,29.94414155,-98.7113588,48259.0,328.89882144588984,2.5641025641025643,152,155,4,0,151,148,45641,1,0,0,1,7
2020-08-06,US,Texas,Kenedy,6,1,0,26.92601662,-97.66413984,48261.0,1485.148514851485,16.666666666666668,5,6,1,0,5,6,442,0,0,0,0,0
2020-08-06,US,Texas,Kent,3,0,0,33.18104136,-100.7780939,48263.0,393.70078740157476,0.0,3,3,0,0,3,3,726,0,0,0,0,0
2020-08-06,US,Texas,Kerr,394,6,0,30.06040006,-99.34930144,48265.0,749.0494296577948,1.5228426395939083,388,384,6,0,378,372,52405,10,0,0,10,12
2020-08-06,US,Texas,Kimble,13,0,0,30.48678918,-99.74856473,48267.0,299.7463684574591,0.0,13,13,0,0,13,13,4362,0,0,0,0,0
2020-08-06,US,Texas,Kinney,19,0,0,29.34967888,-100.4186638,48271.0,518.1347150259069,0.0,19,18,0,0,18,17,3767,1,0,0,1,1
2020-08-06,US,Texas,Kleberg,416,7,0,27.42435506,-97.69894948,48273.0,1355.9322033898304,1.6826923076923077,409,389,6,0,383,375,31129,27,1,0,26,14
2020-08-06,US,Texas,Knox,56,1,0,33.60519951,-99.7422906,48275.0,1528.3842794759823,1.7857142857142858,55,53,0,0,53,48,3653,3,1,0,2,5
2020-08-06,US,Texas,La Salle,357,1,0,28.34453111,-99.09908775,48283.0,4747.340425531916,0.2801120448179272,356,356,1,0,355,357,7531,1,0,0,1,-1
2020-08-06,US,Texas,Lamar,652,18,0,33.66981763,-95.57404777,48277.0,1307.6876792555006,2.7607361963190185,634,642,16,0,626,640,49728,10,2,0,8,2
2020-08-06,US,Texas,Lamb,218,10,0,34.06859623,-102.3516289,48279.0,1690.8399906926238,4.587155963302751,208,213,10,0,203,207,13158,5,0,0,5,6
2020-08-06,US,Texas,Lampasas,88,2,0,31.19531316,-98.24206613,48281.0,410.6776180698152,2.272727272727273,86,86,2,0,84,83,21229,2,0,0,2,3
2020-08-06,US,Texas,Lavaca,618,14,0,29.38508402,-96.93186692,48285.0,3066.388806192319,2.26537216828479,604,625,14,0,611,613,20110,-7,0,0,-7,12
2020-08-06,US,Texas,Lee,163,9,0,30.31120597,-96.97045773,48287.0,945.5304832066826,5.521472392638037,154,163,9,0,154,154,17144,0,0,0,0,9
2020-08-06,US,Texas,Leon,138,2,0,31.29872538,-95.9936328,48289.0,792.9211675476903,1.4492753623188406,136,138,2,0,136,138,17270,0,0,0,0,0
2020-08-06,US,Texas,Liberty,925,32,0,30.15152688,-94.81205615,48291.0,1048.526961312189,3.45945945945946,893,869,30,0,839,855,86323,56,2,0,54,14
2020-08-06,US,Texas,Limestone,209,3,0,31.5454767,-96.58095444,48293.0,891.7523573836241,1.4354066985645932,206,201,3,0,198,201,23519,8,0,0,8,0
2020-08-06,US,Texas,Lipscomb,16,0,0,36.27783108,-100.2733151,48295.0,494.8963810702134,0.0,16,16,0,0,16,15,3355,0,0,0,0,1
2020-08-06,US,Texas,Live Oak,222,2,0,28.35101362,-98.1246786,48297.0,1818.6286556893585,0.9009009009009008,220,222,2,0,220,207,12166,0,0,0,0,15
2020-08-06,US,Texas,Llano,88,1,0,30.70645047,-98.68475262,48299.0,403.7623308098188,1.1363636363636365,87,86,1,0,85,86,21646,2,0,0,2,0
2020-08-06,US,Texas,Lubbock,5811,69,0,33.61008596,-101.8204789,48303.0,1871.0817885880435,1.1874032008260196,5742,5751,67,0,5684,5652,307412,60,2,0,58,99
2020-08-06,US,Texas,Lynn,66,4,0,33.17657705,-101.8162849,48305.0,1109.0573012939,6.0606060606060606,62,66,4,0,62,66,5877,0,0,0,0,0
2020-08-06,US,Texas,Madison,650,2,0,30.96694679,-95.93003775,48313.0,4550.546065527863,0.3076923076923077,648,645,2,0,643,645,14422,5,0,0,5,0
2020-08-06,US,Texas,Marion,129,8,0,32.79868409,-94.3566123,48315.0,1309.1130505378526,6.2015503875969005,121,128,8,0,120,127,9928,1,0,0,1,1
2020-08-06,US,Texas,Martin,53,4,0,32.30600051,-101.9513518,48317.0,918.385028591232,7.547169811320754,49,48,3,0,45,46,5753,5,1,0,4,2
2020-08-06,US,Texas,Mason,51,0,0,30.71780434,-99.22629416,48319.0,1193.2615816565276,0.0,51,45,0,0,45,42,4280,6,0,0,6,3
2020-08-06,US,Texas,Matagorda,711,25,0,28.81955746,-96.01230294,48321.0,1940.3433125017057,3.516174402250352,686,692,23,0,669,688,36552,19,2,0,17,4
2020-08-06,US,Texas,Maverick,2210,37,0,28.7429195,-100.3157686,48323.0,3763.495793739995,1.67420814479638,2173,1852,29,0,1823,2210,58485,358,8,0,350,-358
2020-08-06,US,Texas,McCulloch,45,1,0,31.1925468,-99.34682807,48307.0,563.627254509018,2.2222222222222223,44,45,1,0,44,43,7987,0,0,0,0,2
2020-08-06,US,Texas,McLennan,4748,49,0,31.55255453,-97.20217694,48309.0,1850.184901587153,1.0320134793597304,4699,4694,43,0,4651,4571,254607,54,6,0,48,123
2020-08-06,US,Texas,McMullen,8,0,0,28.35251708,-98.56769164,48311.0,1076.7160161507402,0.0,8,8,0,0,8,8,749,0,0,0,0,0
2020-08-06,US,Texas,Medina,621,25,0,29.3557301,-99.11030298,48325.0,1203.8616625310174,4.025764895330113,596,615,24,0,591,615,50921,6,1,0,5,0
2020-08-06,US,Texas,Menard,17,0,0,30.88990665,-99.8204794,48327.0,795.1356407857811,0.0,17,17,0,0,17,17,2139,0,0,0,0,0
2020-08-06,US,Texas,Midland,2570,46,0,31.86904128,-102.0315682,48329.0,1453.3568584871514,1.7898832684824904,2524,2492,45,0,2447,2362,172578,78,1,0,77,130
2020-08-06,US,Texas,Milam,332,3,0,30.78581830000001,-96.97718698,48331.0,1337.4692825202433,0.9036144578313252,329,327,3,0,324,327,25131,5,0,0,5,0
2020-08-06,US,Texas,Mills,16,0,0,31.49557106,-98.59272068,48333.0,328.33983172583623,0.0,16,16,0,0,16,16,4921,0,0,0,0,0
2020-08-06,US,Texas,Mitchell,59,0,0,32.30623474,-100.9212058,48335.0,690.4622586307783,0.0,59,58,0,0,58,56,8145,1,0,0,1,2
2020-08-06,US,Texas,Montague,64,1,0,33.67521893,-97.72500958,48337.0,322.9387425572712,1.5625,63,61,1,0,60,60,19596,3,0,0,3,1
2020-08-06,US,Texas,Montgomery,6510,77,0,30.30079133,-95.50572772,48339.0,1071.7972442792204,1.1827956989247312,6433,6459,76,0,6383,6397,590925,51,1,0,50,62
2020-08-06,US,Texas,Moore,1044,13,0,35.83769242,-101.8930281,48341.0,4985.6733524355295,1.2452107279693487,1031,1035,12,0,1023,1023,21485,9,1,0,8,12
2020-08-06,US,Texas,Morris,100,1,0,33.11304005,-94.73255695,48343.0,807.2328059412332,1.0,99,98,1,0,97,97,12339,2,0,0,2,1
2020-08-06,US,Texas,Motley,4,0,0,34.07408766,-100.779722,48345.0,333.3333333333333,0.0,4,4,0,0,4,4,1234,0,0,0,0,0
2020-08-06,US,Texas,Nacogdoches,1094,40,0,31.62017125,-94.61803994,48347.0,1677.8111772283912,3.6563071297989036,1054,1067,38,0,1029,1054,65711,27,2,0,25,13
2020-08-06,US,Texas,Navarro,831,8,0,32.04620681,-96.47428766,48349.0,1658.2523496897013,0.9626955475330926,823,810,8,0,802,794,49565,21,0,0,21,16
2020-08-06,US,Texas,Newton,93,4,0,30.78548982,-93.74408813,48351.0,684.0750275836705,4.301075268817204,89,92,4,0,88,89,13746,1,0,0,1,3
2020-08-06,US,Texas,Nolan,132,3,0,32.30365282,-100.4060208,48353.0,897.1047981514205,2.272727272727273,129,132,3,0,129,131,14751,0,0,0,0,1
2020-08-06,US,Texas,Nueces,13552,227,0,27.736286,-97.5433285,48355.0,3740.608456115751,1.6750295159386068,13325,13321,217,0,13104,12813,362265,231,10,0,221,508
2020-08-06,US,Texas,Ochiltree,91,2,0,36.27829105,-100.8158184,48357.0,925.1728344855632,2.1978021978021984,89,89,2,0,87,86,9947,2,0,0,2,3
2020-08-06,US,Texas,Oldham,14,1,0,35.40425596,-102.6027606,48359.0,662.8787878787879,7.142857142857142,13,14,1,0,13,14,2131,0,0,0,0,0
2020-08-06,US,Texas,Orange,1369,18,0,30.11879481,-93.89412775,48361.0,1641.5655427118809,1.3148283418553688,1351,1369,18,0,1351,1250,83572,0,0,0,0,119
2020-08-06,US,Texas,Palo Pinto,244,6,0,32.75310985,-98.31319001,48363.0,835.9313439994519,2.459016393442623,238,236,6,0,230,224,28875,8,0,0,8,12
2020-08-06,US,Texas,Panola,280,17,0,32.163959600000005,-94.30552481,48365.0,1207.208760886436,6.071428571428571,263,273,17,0,256,271,23148,7,0,0,7,2
2020-08-06,US,Texas,Parker,1178,18,0,32.77757172,-97.80500621,48367.0,824.4796259746076,1.528013582342954,1160,1160,15,0,1145,1123,138371,18,3,0,15,37
2020-08-06,US,Texas,Parmer,328,7,0,34.52993409,-102.7844668,48369.0,3414.8880791254555,2.1341463414634148,321,323,7,0,316,315,9864,5,0,0,5,8
2020-08-06,US,Texas,Pecos,236,1,0,30.78097267,-102.7241261,48371.0,1491.4997156038678,0.42372881355932196,235,226,1,0,225,222,15673,10,0,0,10,4
2020-08-06,US,Texas,Polk,700,11,0,30.79472531,-94.8276624,48373.0,1363.1141315989328,1.5714285714285714,689,693,11,0,682,686,50031,7,0,0,7,7
2020-08-06,US,Texas,Potter,3644,44,0,35.40133773,-101.893964,48375.0,3103.521696546438,1.2074643249176729,3600,3607,43,0,3564,3546,119648,37,1,0,36,61
2020-08-06,US,Texas,Presidio,46,0,0,29.99954402,-104.2408079,48377.0,686.1575178997614,0.0,46,45,0,0,45,44,6948,1,0,0,1,1
2020-08-06,US,Texas,Rains,51,1,0,32.87109387,-95.79232691,48379.0,407.54355122263047,1.96078431372549,50,47,1,0,46,45,12159,4,0,0,4,2
2020-08-06,US,Texas,Randall,1683,19,0,34.96585996,-101.8971322,48381.0,1222.1068453958596,1.1289364230540702,1664,1646,18,0,1628,1623,136271,37,1,0,36,23
2020-08-06,US,Texas,Reagan,61,3,0,31.36607041,-101.5232659,48383.0,1584.82722785139,4.918032786885246,58,61,3,0,58,60,3741,0,0,0,0,1
2020-08-06,US,Texas,Real,87,1,0,29.83321503,-99.82018052,48385.0,2520.278099652376,1.1494252873563218,86,86,0,0,86,77,3478,1,1,0,0,9
2020-08-06,US,Texas,Red River,136,11,0,33.61886692,-95.04841765,48387.0,1131.165266572403,8.088235294117647,125,135,11,0,124,134,12175,1,0,0,1,1
2020-08-06,US,Texas,Reeves,147,5,0,31.32323325,-103.6903896,48389.0,920.1301952929393,3.4013605442176873,142,143,4,0,139,141,15695,4,1,0,3,2
2020-08-06,US,Texas,Refugio,216,3,0,28.3238976,-97.15766311,48391.0,3108.8082901554412,1.3888888888888888,213,216,1,0,215,214,7032,0,2,0,-2,2
2020-08-06,US,Texas,Roberts,6,0,0,35.83809685,-100.813175,48393.0,702.5761124121782,0.0,6,6,0,0,6,7,903,0,0,0,0,-1
2020-08-06,US,Texas,Robertson,226,2,0,31.02539637,-96.51272246,48395.0,1323.6499941431414,0.8849557522123894,224,220,2,0,218,216,17284,6,0,0,6,4
2020-08-06,US,Texas,Rockwall,813,12,0,32.89779518,-96.40771592,48397.0,774.9130248296242,1.4760147601476017,801,786,12,0,774,737,100657,27,0,0,27,49
2020-08-06,US,Texas,Runnels,117,1,0,31.8314342,-99.97616148,48399.0,1139.9064692127824,0.8547008547008547,116,116,1,0,115,112,10234,1,0,0,1,4
2020-08-06,US,Texas,Rusk,354,2,0,32.10773545,-94.76176432,48401.0,650.6635297577473,0.5649717514124294,352,341,2,0,339,338,54450,13,0,0,13,3
2020-08-06,US,Texas,Sabine,51,6,0,31.34318809,-93.85440451,48403.0,483.77916903813315,11.764705882352944,45,51,6,0,45,49,10589,0,0,0,0,2
2020-08-06,US,Texas,San Augustine,160,11,0,31.39457611,-94.17000399,48405.0,1942.4547772247167,6.875,149,157,11,0,146,156,8232,3,0,0,3,1
2020-08-06,US,Texas,San Jacinto,175,8,0,30.57933681,-95.16260304,48407.0,606.3966180394332,4.571428571428571,167,175,8,0,167,150,28719,0,0,0,0,25
2020-08-06,US,Texas,San Patricio,882,20,0,28.00880118,-97.51763891,48409.0,1321.7443428742695,2.2675736961451247,862,867,19,0,848,834,66893,15,1,0,14,33
2020-08-06,US,Texas,San Saba,23,0,0,31.1577796,-98.81758731,48411.0,379.851362510322,0.0,23,22,0,0,22,22,6054,1,0,0,1,0
2020-08-06,US,Texas,Schleicher,36,1,0,30.89740592,-100.5384842,48413.0,1288.936627282492,2.7777777777777777,35,35,1,0,34,35,2895,1,0,0,1,0
2020-08-06,US,Texas,Scurry,473,1,0,32.74613808,-100.9162664,48415.0,2831.8266179728193,0.21141649048625796,472,454,1,0,453,454,16866,19,0,0,19,0
2020-08-06,US,Texas,Shackelford,17,0,0,32.73587756,-99.35401337,48417.0,520.6738131699847,0.0,17,17,0,0,17,17,3253,0,0,0,0,0
2020-08-06,US,Texas,Shelby,397,18,0,31.79211404,-94.14550696,48419.0,1570.7842051119724,4.534005037783375,379,390,18,0,372,383,25418,7,0,0,7,7
2020-08-06,US,Texas,Sherman,39,0,0,36.27751473,-101.8933156,48421.0,1290.5360688285905,0.0,39,39,0,0,39,37,3079,0,0,0,0,2
2020-08-06,US,Texas,Smith,2446,20,0,32.37474036,-95.2717568,48423.0,1050.9084815962124,0.8176614881439084,2426,2416,18,0,2398,2369,230221,30,2,0,28,47
2020-08-06,US,Texas,Somervell,66,0,0,32.22236802,-97.77403489,48425.0,723.0499561787906,0.0,66,65,0,0,65,61,9016,1,0,0,1,4
2020-08-06,US,Texas,Starr,2091,52,0,26.56150059,-98.73892358,48427.0,3235.189454303529,2.486848397895744,2039,2025,52,0,1973,1981,64525,66,0,0,66,44
2020-08-06,US,Texas,Stephens,34,3,0,32.73553157,-98.83631615,48429.0,363.01516122143926,8.823529411764708,31,31,2,0,29,30,9433,3,1,0,2,1
2020-08-06,US,Texas,Stonewall,5,0,0,33.17906744,-100.2538401,48433.0,370.3703703703704,0.0,5,5,0,0,5,4,1362,0,0,0,0,1
2020-08-06,US,Texas,Sutton,62,1,0,30.49856623,-100.5382014,48435.0,1641.949152542373,1.6129032258064515,61,60,1,0,59,60,3758,2,0,0,2,0
2020-08-06,US,Texas,Swisher,79,2,0,34.53028891,-101.7349174,48437.0,1068.0005407597675,2.5316455696202533,77,79,2,0,77,76,7462,0,0,0,0,3
2020-08-06,US,Texas,Tarrant,30227,422,0,32.77143818,-97.29101614,48439.0,1437.659184357781,1.3961028219803486,29805,30162,410,0,29752,29357,2084931,65,12,0,53,805
2020-08-06,US,Texas,Taylor,1108,22,0,32.30163422,-99.89007449,48441.0,802.7007838648448,1.985559566787004,1086,1106,21,0,1085,1106,137640,2,1,0,1,0
2020-08-06,US,Texas,Terrell,2,0,0,30.22429013,-102.0766732,48443.0,257.73195876288656,0.0,2,2,0,0,2,2,823,0,0,0,0,0
2020-08-06,US,Texas,Terry,132,2,0,33.17402785,-102.3354521,48445.0,1069.9521763799949,1.5151515151515151,130,125,2,0,123,121,12287,7,0,0,7,4
2020-08-06,US,Texas,Throckmorton,4,2,0,33.17751417,-99.21226795,48447.0,266.4890073284477,50.0,2,4,0,0,4,4,1515,0,2,0,-2,0
2020-08-06,US,Texas,Titus,1289,14,0,33.21339719,-94.96797273,48449.0,3935.877862595421,1.0861132660977502,1275,1289,14,0,1275,1312,33033,0,0,0,0,-23
2020-08-06,US,Texas,Tom Green,2560,24,0,31.40464436,-100.462443,48451.0,2147.651006711409,0.9375,2536,2513,24,0,2489,2476,118189,47,0,0,47,37
2020-08-06,US,Texas,Travis,22256,288,0,30.33432034,-97.7853562,48453.0,1747.0018540700842,1.2940330697340043,21968,22024,287,0,21737,21549,1248743,232,1,0,231,475
2020-08-06,US,Texas,Trinity,155,3,0,31.0879489,-95.1367187,48455.0,1057.948262917207,1.935483870967742,152,153,3,0,150,152,14740,2,0,0,2,1
2020-08-06,US,Texas,Tyler,116,2,0,30.77031716,-94.37690895,48457.0,535.2528608342562,1.7241379310344829,114,115,2,0,113,115,21696,1,0,0,1,0
2020-08-06,US,Texas,Unassigned,0,239,0,0.0,0.0,90048.0,0.0,0.0,-239,0,239,0,-239,0,,0,0,0,0,0
2020-08-06,US,Texas,Upshur,207,2,0,32.73706798,-94.93999853,48459.0,495.77275884367583,0.966183574879227,205,200,2,0,198,194,41260,7,0,0,7,6
2020-08-06,US,Texas,Upton,17,1,0,31.36868194,-102.0423217,48461.0,464.86190866830736,5.882352941176472,16,16,1,0,15,16,3671,1,0,0,1,0
2020-08-06,US,Texas,Uvalde,520,9,0,29.35739637,-99.76229172,48463.0,1944.5794846864364,1.7307692307692308,511,506,7,0,499,501,26846,14,2,0,12,5
2020-08-06,US,Texas,Val Verde,1636,49,0,29.89149232,-101.1525205,48465.0,3337.072921978582,2.9951100244498776,1587,1581,49,0,1532,1564,49208,55,0,0,55,17
2020-08-06,US,Texas,Van Zandt,368,3,0,32.56483801,-95.83766469,48467.0,650.2915709489309,0.8152173913043478,365,362,3,0,359,351,56019,6,0,0,6,11
2020-08-06,US,Texas,Victoria,3392,37,0,28.79780988,-96.96813006,48469.0,3683.593240953912,1.090801886792453,3355,3331,34,0,3297,3331,92035,61,3,0,58,0
2020-08-06,US,Texas,Walker,2861,41,0,30.73872995,-95.57440968,48471.0,3920.735634704197,1.4330653617616218,2820,2838,40,0,2798,2842,72480,23,1,0,22,-4
2020-08-06,US,Texas,Waller,431,4,0,30.01058447,-95.99011759,48473.0,780.146978966803,0.9280742459396752,427,417,4,0,413,413,53126,14,0,0,14,4
2020-08-06,US,Texas,Ward,88,1,0,31.50999644,-103.0927909,48475.0,733.4555759293214,1.1363636363636365,87,84,1,0,83,84,11720,4,0,0,4,0
2020-08-06,US,Texas,Washington,498,39,0,30.21498498,-96.40946246,48477.0,1387.882503762332,7.831325301204818,459,498,38,0,460,498,35108,0,1,0,-1,0
2020-08-06,US,Texas,Webb,7417,149,0,27.7610369,-99.33237355,48479.0,2680.9854980264013,2.008898476472968,7268,7119,144,0,6975,6629,275910,298,5,0,293,490
2020-08-06,US,Texas,Wharton,666,25,0,29.27765923,-96.22319248,48481.0,1602.6566560785445,3.7537537537537538,641,644,25,0,619,641,41619,22,0,0,22,3
2020-08-06,US,Texas,Wheeler,33,0,0,35.40114335,-100.2699514,48483.0,652.6898734177215,0.0,33,32,0,0,32,32,5191,1,0,0,1,0
2020-08-06,US,Texas,Wichita,962,11,0,33.98842886,-98.7041034,48485.0,727.5202299024428,1.1434511434511434,951,946,11,0,935,932,132064,16,0,0,16,14
2020-08-06,US,Texas,Wilbarger,61,1,0,34.07945812,-99.24178437,48487.0,477.7194768580155,1.639344262295082,60,56,1,0,55,52,12820,5,0,0,5,4
2020-08-06,US,Texas,Willacy,669,22,0,26.47411727,-97.61535848,48489.0,3132.315759902613,3.2884902840059786,647,644,21,0,623,614,21515,25,1,0,24,30
2020-08-06,US,Texas,Williamson,6058,86,0,30.64655664,-97.6004854,48491.0,1025.8216479186387,1.419610432485969,5972,5949,83,0,5866,5930,566719,109,3,0,106,19
2020-08-06,US,Texas,Wilson,434,18,0,29.1732598,-98.08693082,48493.0,849.8139808106523,4.147465437788019,416,430,17,0,413,422,50224,4,1,0,3,8
2020-08-06,US,Texas,Winkler,73,1,0,31.85008651,-103.0485163,48495.0,911.3607990012483,1.3698630136986298,72,70,1,0,69,71,7720,3,0,0,3,-1
2020-08-06,US,Texas,Wise,375,6,0,33.21570665,-97.65460265,48497.0,535.8367626886145,1.6,369,365,6,0,359,329,68305,10,0,0,10,36
2020-08-06,US,Texas,Wood,316,5,0,32.78722382,-95.38236368,48499.0,693.9107138935858,1.5822784810126582,311,313,5,0,308,302,45129,3,0,0,3,11
2020-08-06,US,Texas,Yoakum,96,3,0,33.17320212,-102.8276433,48501.0,1101.8019051991278,3.125,93,90,2,0,88,89,8591,6,1,0,5,1
2020-08-06,US,Texas,Young,151,4,0,33.17659707,-98.68790885,48503.0,838.4230982787343,2.6490066225165565,147,152,4,0,148,145,18045,-1,0,0,-1,7
2020-08-06,US,Texas,Zapata,167,2,0,27.00156391,-99.16987152,48505.0,1177.798152196911,1.1976047904191616,165,165,2,0,163,160,14190,2,0,0,2,5
2020-08-06,US,Texas,Zavala,202,5,0,28.86617238,-99.76050829,48507.0,1706.081081081081,2.4752475247524752,197,197,5,0,192,183,11983,5,0,0,5,14
2020-08-06,US,Utah,Bear River,2246,6,0,41.52106798,-113.0832816,0.0,1202.239612885268,0.26714158504007124,2240,2220,6,0,2214,2209,,26,0,0,26,11
2020-08-06,US,Utah,Central Utah,405,2,0,39.37231946,-111.5758676,0.0,494.1796617614759,0.4938271604938271,403,398,2,0,396,396,,7,0,0,7,2
2020-08-06,US,Utah,Davis,3129,19,0,40.99001837,-112.1139997,49011.0,880.2158202548097,0.6072227548737615,3110,3094,18,0,3076,3059,351713,35,1,0,34,35
2020-08-06,US,Utah,Salt Lake,20082,186,0,40.66616532,-111.9216011,49035.0,1730.554954728262,0.9262025694651927,19896,19875,185,0,19690,19683,1152633,207,1,0,206,192
2020-08-06,US,Utah,San Juan,645,25,0,37.62762978,-109.80337140000002,49037.0,4213.483146067416,3.875968992248062,620,632,25,0,607,630,15449,13,0,0,13,2
2020-08-06,US,Utah,Southeast Utah,104,0,0,38.99617072,-110.7013958,0.0,258.5199731536951,0.0,104,97,0,0,97,96,,7,0,0,7,1
2020-08-06,US,Utah,Southwest Utah,3133,25,0,37.85447192,-111.4418764,0.0,1243.0467937883368,0.7979572294924993,3108,3084,25,0,3059,3049,,49,0,0,49,35
2020-08-06,US,Utah,Summit,706,1,0,40.86688146,-110.9535882,49043.0,1675.1690592003797,0.141643059490085,705,701,1,0,700,698,41933,5,0,0,5,3
2020-08-06,US,Utah,Tooele,573,0,0,40.44862644,-113.1295715,49045.0,792.9808051592189,0.0,573,564,0,0,564,557,69907,9,0,0,9,7
2020-08-06,US,Utah,TriCounty,173,0,0,40.12491499,-109.5174415,0.0,305.5349510790859,0.0,173,170,0,0,170,169,,3,0,0,3,1
2020-08-06,US,Utah,Utah,8434,37,0,40.1166722,-111.6657662,49049.0,1325.6108199014516,0.43870049798434907,8397,8271,36,0,8235,8165,622213,163,1,0,162,106
2020-08-06,US,Utah,Wasatch,545,4,0,40.33110236,-111.1691419,49051.0,1598.6624035669238,0.7339449541284404,541,538,4,0,534,536,33240,7,0,0,7,2
2020-08-06,US,Utah,Weber-Morgan,2740,25,0,41.27116049,-111.9145117,0.0,1006.1064049321243,0.9124087591240876,2715,2684,25,0,2659,2660,,56,0,0,56,24
2020-08-06,US,Vermont,Addison,73,2,0,44.03217337,-73.14130877,50001.0,198.493623732224,2.7397260273972597,71,73,2,0,71,73,36973,0,0,0,0,0
2020-08-06,US,Vermont,Bennington,85,1,0,43.03519828,-73.09048868,50003.0,239.6391316605582,1.1764705882352942,84,84,1,0,83,84,35631,1,0,0,1,0
2020-08-06,US,Vermont,Caledonia,26,0,0,44.46548598,-72.10314651,50005.0,86.68689360850867,0.0,26,26,0,0,26,26,30302,0,0,0,0,0
2020-08-06,US,Vermont,Chittenden,723,39,0,44.46322849,-73.08359212,50007.0,441.46201472761237,5.394190871369295,684,723,39,0,684,723,164572,0,0,0,0,0
2020-08-06,US,Vermont,Essex,4,0,0,44.72736416,-71.73579864,50009.0,64.9034561090378,0.0,4,4,0,0,4,4,6250,0,0,0,0,0
2020-08-06,US,Vermont,Franklin,118,7,0,44.85627605,-72.91249563,50011.0,238.85672644832192,5.932203389830509,111,118,6,0,112,117,49421,0,1,0,-1,1
2020-08-06,US,Vermont,Grand Isle,13,0,0,44.797582399999996,-73.29679772,50013.0,179.68210089841045,0.0,13,13,0,0,13,13,7090,0,0,0,0,0
2020-08-06,US,Vermont,Lamoille,43,1,0,44.60353043,-72.64356694,50015.0,169.5449885655706,2.3255813953488373,42,42,1,0,41,42,25300,1,0,0,1,0
2020-08-06,US,Vermont,Orange,14,0,0,44.00470222,-72.37640104,50017.0,48.45632008860584,0.0,14,14,0,0,14,16,28999,0,0,0,0,-2
2020-08-06,US,Vermont,Orleans,14,0,0,44.82964024,-72.24562697,50019.0,51.78089285053815,0.0,14,14,0,0,14,14,26907,0,0,0,0,0
2020-08-06,US,Vermont,Rutland,97,1,0,43.57723578,-73.03741676,50021.0,166.69244384870512,1.0309278350515465,96,92,1,0,91,89,58672,5,0,0,5,3
2020-08-06,US,Vermont,Unassigned,8,0,0,0.0,0.0,90050.0,0.0,0.0,8,8,0,0,8,8,,0,0,0,0,0
2020-08-06,US,Vermont,Washington,53,2,0,44.27343241,-72.61604978,50023.0,90.73944083959664,3.7735849056603774,51,52,2,0,50,50,58140,1,0,0,1,2
2020-08-06,US,Vermont,Windham,102,3,0,42.986982,-72.71268875,50025.0,241.58021884325703,2.9411764705882355,99,102,3,0,99,101,42756,0,0,0,0,1
2020-08-06,US,Vermont,Windsor,72,2,0,43.58010937,-72.58595157,50027.0,130.76168682576005,2.7777777777777777,70,71,2,0,69,71,55286,1,0,0,1,0
2020-08-06,US,Virginia,Accomack,1085,16,0,37.76707161,-75.63234615,51001.0,3357.4699839088994,1.4746543778801844,1069,1085,15,0,1070,1082,32412,0,1,0,-1,3
2020-08-06,US,Virginia,Albemarle,798,16,0,38.02080697,-78.55481085,51003.0,729.9003018384708,2.0050125313283207,782,791,16,0,775,790,108718,7,0,0,7,1
2020-08-06,US,Virginia,Alexandria,2887,60,0,38.814003,-77.08183073,51510.0,1810.8487844042447,2.0782819535850363,2827,2872,60,0,2812,2867,160530,15,0,0,15,5
2020-08-06,US,Virginia,Alleghany,58,4,0,37.78636074,-80.00222498,51005.0,390.3095558546434,6.896551724137932,54,57,4,0,53,56,14910,1,0,0,1,1
2020-08-06,US,Virginia,Amelia,77,2,0,37.34081025,-77.98584649,51007.0,585.7740585774059,2.5974025974025974,75,74,1,0,73,73,13013,3,1,0,2,1
2020-08-06,US,Virginia,Amherst,137,0,0,37.60308293,-79.14548696,51009.0,433.47571586774245,0.0,137,130,0,0,130,124,31666,7,0,0,7,6
2020-08-06,US,Virginia,Appomattox,77,0,0,37.37569884,-78.81340003,51011.0,483.94192696876365,0.0,77,75,0,0,75,72,15841,2,0,0,2,3
2020-08-06,US,Virginia,Arlington,3013,135,0,38.8767675,-77.10139853,51013.0,1272.156120958276,4.480584135413209,2878,2997,135,0,2862,2973,237521,16,0,0,16,24
2020-08-06,US,Virginia,Augusta,261,4,0,38.16404586,-79.12461614,51015.0,345.43000079409194,1.5325670498084292,257,262,4,0,258,260,75457,-1,0,0,-1,2
2020-08-06,US,Virginia,Bath,4,0,0,38.05852573,-79.73912095,51017.0,96.45526886906195,0.0,4,4,0,0,4,4,4292,0,0,0,0,0
2020-08-06,US,Virginia,Bedford,327,7,0,37.3080028,-79.5281964,51019.0,413.93976986467834,2.1406727828746184,320,321,7,0,314,311,78747,6,0,0,6,10
2020-08-06,US,Virginia,Bland,9,0,0,37.13128068,-81.13599391,51021.0,143.31210191082803,0.0,9,8,0,0,8,7,6293,1,0,0,1,1
2020-08-06,US,Virginia,Botetourt,200,7,0,37.55531756,-79.80982182,51023.0,598.4619527813519,3.5,193,193,7,0,186,192,33277,7,0,0,7,1
2020-08-06,US,Virginia,Bristol,71,0,0,36.616302399999995,-82.16359122,51520.0,423.577138766257,0.0,71,70,0,0,70,66,16482,1,0,0,1,4
2020-08-06,US,Virginia,Brunswick,216,2,0,36.76366949,-77.8593436,51025.0,1330.7867660649374,0.925925925925926,214,215,2,0,213,212,16384,1,0,0,1,3
2020-08-06,US,Virginia,Buchanan,74,0,0,37.26818323,-82.03749726,51027.0,352.31384498190835,0.0,74,73,0,0,73,73,21221,1,0,0,1,0
2020-08-06,US,Virginia,Buckingham,598,8,0,37.57242268,-78.52518834,51029.0,3487.287147189177,1.3377926421404682,590,597,8,0,589,596,16999,1,0,0,1,1
2020-08-06,US,Virginia,Buena Vista,50,1,0,37.73484642,-79.35296097,51530.0,771.8431614695894,2.0,49,50,1,0,49,48,6237,0,0,0,0,2
2020-08-06,US,Virginia,Campbell,176,2,0,37.20553386,-79.09678609,51031.0,320.67049284868364,1.1363636363636365,174,168,2,0,166,162,54973,8,0,0,8,6
2020-08-06,US,Virginia,Caroline,194,5,0,38.02679129,-77.34901405,51033.0,631.4076484947111,2.5773195876288657,189,193,5,0,188,192,30772,1,0,0,1,1
2020-08-06,US,Virginia,Carroll,309,12,0,36.73066666,-80.73455942,51035.0,1037.2260078547213,3.8834951456310685,297,305,12,0,293,304,29636,4,0,0,4,1
2020-08-06,US,Virginia,Charles City,51,5,0,37.35358063,-77.05634116,51036.0,732.4429125376993,9.803921568627453,46,51,5,0,46,51,6941,0,0,0,0,0
2020-08-06,US,Virginia,Charlotte,50,0,0,37.01909701,-78.66314092,51037.0,420.87542087542084,0.0,50,50,0,0,50,49,11938,0,0,0,0,1
2020-08-06,US,Virginia,Charlottesville,505,15,0,38.03527919,-78.48569588,51540.0,1068.421275335336,2.9702970297029703,490,504,13,0,491,504,48117,1,2,0,-1,0
2020-08-06,US,Virginia,Chesapeake,2761,37,0,36.67670048,-76.30545744,51550.0,1127.6982457573467,1.3400941687794277,2724,2714,33,0,2681,2689,242634,47,4,0,43,25
2020-08-06,US,Virginia,Chesterfield,4216,77,0,37.37373208,-77.58680140000001,51041.0,1195.0045634661935,1.8263757115749528,4139,4170,75,0,4095,4141,348556,46,2,0,44,29
2020-08-06,US,Virginia,Clarke,69,0,0,39.11271747,-77.99199425,51043.0,471.9885081058896,0.0,69,69,0,0,69,69,14523,0,0,0,0,0
2020-08-06,US,Virginia,Colonial Heights,189,21,0,37.26420587,-77.39609676,51570.0,1088.082901554404,11.111111111111109,168,188,21,0,167,187,17833,1,0,0,1,1
2020-08-06,US,Virginia,Covington,13,0,0,37.7824656,-79.98631446,51580.0,234.74178403755863,0.0,13,12,0,0,12,12,5460,1,0,0,1,0
2020-08-06,US,Virginia,Craig,17,0,0,37.48133648,-80.21072274,51045.0,331.319430910154,0.0,17,16,0,0,16,16,5064,1,0,0,1,0
2020-08-06,US,Virginia,Culpeper,977,12,0,38.48199985,-77.95630870000002,51047.0,1857.237905142097,1.2282497441146367,965,964,12,0,952,962,51859,13,0,0,13,2
2020-08-06,US,Virginia,Cumberland,72,0,0,37.51328851,-78.24398086,51049.0,724.929520741039,0.0,72,71,0,0,71,69,9809,1,0,0,1,2
2020-08-06,US,Virginia,Danville,362,7,0,36.58022376,-79.40395668,51590.0,904.0055938467683,1.9337016574585637,355,354,7,0,347,347,40693,8,0,0,8,7
2020-08-06,US,Virginia,Dickenson,38,1,0,37.12560977,-82.35124171,51051.0,265.40019555803883,2.631578947368421,37,33,1,0,32,29,14523,5,0,0,5,4
2020-08-06,US,Virginia,Dinwiddie,211,7,0,37.07544585,-77.63451754,51053.0,739.2096412556053,3.3175355450236967,204,209,7,0,202,210,28529,2,0,0,2,-1
2020-08-06,US,Virginia,Emporia,172,15,0,36.69455571,-77.53406129,51595.0,3217.358772914329,8.720930232558139,157,171,15,0,156,171,5121,1,0,0,1,0
2020-08-06,US,Virginia,Essex,84,1,0,37.93357639,-76.94230311,51057.0,766.9131744727472,1.1904761904761905,83,84,1,0,83,83,10919,0,0,0,0,1
2020-08-06,US,Virginia,Fairfax,16087,527,0,38.83677558,-77.27565836,51059.0,1401.8781175601202,3.275937092061913,15560,16019,530,0,15489,15987,1150795,68,-3,0,71,32
2020-08-06,US,Virginia,Fairfax,16087,527,0,38.83677558,-77.27565836,51059.0,1401.8781175601202,3.275937092061913,15560,16019,530,0,15489,15987,24574,68,-3,0,71,32
2020-08-06,US,Virginia,Fairfax City,81,7,0,38.85157547,-77.29779640000002,51600.0,337.2330238561139,8.641975308641975,74,82,7,0,75,82,24574,-1,0,0,-1,0
2020-08-06,US,Virginia,Falls Church,60,6,0,38.88485255,-77.17560759,51610.0,410.4809468427173,10.0,54,59,5,0,54,58,14772,1,1,0,0,1
2020-08-06,US,Virginia,Fauquier,592,9,0,38.73564842,-77.80647472,51061.0,831.2038415096457,1.5202702702702702,583,588,9,0,579,584,70675,4,0,0,4,4
2020-08-06,US,Virginia,Floyd,43,1,0,36.9302126,-80.36738849,51063.0,273.03320845767985,2.3255813953488373,42,41,1,0,40,41,15795,2,0,0,2,0
2020-08-06,US,Virginia,Fluvanna,179,9,0,37.84157909,-78.27715475,51065.0,656.3989732306568,5.027932960893856,170,176,8,0,168,175,26783,3,1,0,2,1
2020-08-06,US,Virginia,Franklin,163,1,0,36.99536167,-79.88023649,51067.0,290.85328860497486,0.6134969325153374,162,163,1,0,162,164,56195,0,0,0,0,-1
2020-08-06,US,Virginia,Franklin,163,1,0,36.99536167,-79.88023649,51067.0,290.85328860497486,0.6134969325153374,162,163,1,0,162,164,8013,0,0,0,0,-1
2020-08-06,US,Virginia,Franklin City,158,6,0,36.6831435,-76.93859681,51620.0,1983.1806200577387,3.79746835443038,152,157,6,0,151,152,8013,1,0,0,1,5
2020-08-06,US,Virginia,Frederick,675,9,0,39.20172582,-78.25974949,51069.0,755.7690369822983,1.3333333333333333,666,673,9,0,664,672,88355,2,0,0,2,1
2020-08-06,US,Virginia,Fredericksburg,388,3,0,38.2977863,-77.4922454,51630.0,1336.2722138035542,0.7731958762886598,385,380,3,0,377,371,29144,8,0,0,8,9
2020-08-06,US,Virginia,Galax,342,24,0,36.66601852,-80.91703124,51640.0,5388.372459429652,7.0175438596491215,318,342,24,0,318,341,6423,0,0,0,0,1
2020-08-06,US,Virginia,Giles,23,0,0,37.31234791,-80.70636931,51071.0,137.55980861244018,0.0,23,23,0,0,23,23,16844,0,0,0,0,0
2020-08-06,US,Virginia,Gloucester,147,2,0,37.40809042,-76.53524337,51073.0,393.5953732462248,1.3605442176870748,145,147,2,0,145,147,37349,0,0,0,0,0
2020-08-06,US,Virginia,Goochland,157,7,0,37.71714806,-77.90381514,51075.0,660.969140740117,4.4585987261146505,150,153,7,0,146,152,23244,4,0,0,4,1
2020-08-06,US,Virginia,Grayson,145,5,0,36.65677234,-81.23215889,51077.0,932.475884244373,3.4482758620689653,140,145,5,0,140,144,15631,0,0,0,0,1
2020-08-06,US,Virginia,Greene,153,2,0,38.29545894,-78.46525378,51079.0,771.9864776224832,1.30718954248366,151,152,2,0,150,151,19779,1,0,0,1,1
2020-08-06,US,Virginia,Greensville,441,11,0,36.67878901,-77.56351439,51081.0,3890.261115031757,2.4943310657596367,430,438,10,0,428,438,11627,3,1,0,2,0
2020-08-06,US,Virginia,Halifax,145,1,0,36.76654925,-78.93512622,51083.0,427.5898675945858,0.6896551724137931,144,145,1,0,144,143,34120,0,0,0,0,2
2020-08-06,US,Virginia,Hampton,1131,7,0,37.03513786,-76.35879121,51650.0,840.8296780908482,0.618921308576481,1124,1129,7,0,1122,1103,134313,2,0,0,2,26
2020-08-06,US,Virginia,Hanover,615,32,0,37.7583355,-77.49464673,51085.0,570.6809197706141,5.203252032520325,583,611,32,0,579,605,107239,4,0,0,4,6
2020-08-06,US,Virginia,Harrisonburg,1070,30,0,38.43542574,-78.87536254,51660.0,2018.2586389014639,2.803738317757009,1040,1069,30,0,1039,1065,54033,1,0,0,1,4
2020-08-06,US,Virginia,Henrico,3742,182,0,37.53460572,-77.39326555,51087.0,1131.1355488516344,4.863709246392304,3560,3714,182,0,3532,3690,329261,28,0,0,28,24
2020-08-06,US,Virginia,Henry,543,7,0,36.68542395,-79.87634026,51089.0,1074.0352473445812,1.2891344383057088,536,530,6,0,524,523,50953,13,1,0,12,7
2020-08-06,US,Virginia,Highland,4,0,0,38.35799465,-79.56124594,51091.0,182.648401826484,0.0,4,4,0,0,4,4,2210,0,0,0,0,0
2020-08-06,US,Virginia,Hopewell,260,5,0,37.29186313,-77.29754684,51670.0,1154.0680900173109,1.9230769230769231,255,259,5,0,254,259,22596,1,0,0,1,0
2020-08-06,US,Virginia,Isle of Wight,370,9,0,36.90579348,-76.70842863,51093.0,997.0627071599879,2.4324324324324325,361,365,9,0,356,363,36953,5,0,0,5,2
2020-08-06,US,Virginia,James City,575,16,0,37.31156958,-76.76950618,51095.0,751.4080733896997,2.782608695652174,559,573,16,0,557,572,76397,2,0,0,2,1
2020-08-06,US,Virginia,King George,125,4,0,38.26818502,-77.15852768,51099.0,465.79221940676695,3.2,121,124,4,0,120,124,26575,1,0,0,1,0
2020-08-06,US,Virginia,King William,79,2,0,37.70965316,-77.09384941,51101.0,460.69512479589457,2.5316455696202533,77,79,2,0,77,78,16939,0,0,0,0,1
2020-08-06,US,Virginia,King and Queen,37,1,0,37.71044922,-76.88689628,51097.0,526.6903914590747,2.702702702702702,36,37,1,0,36,37,7042,0,0,0,0,0
2020-08-06,US,Virginia,Lancaster,32,0,0,37.71889653,-76.46400482,51103.0,301.8013769687824,0.0,32,32,0,0,32,32,10783,0,0,0,0,0
2020-08-06,US,Virginia,Lee,105,1,0,36.70586667,-83.12606515,51105.0,448.2773342441191,0.9523809523809524,104,104,1,0,103,101,23541,1,0,0,1,3
2020-08-06,US,Virginia,Lexington,33,0,0,37.78258621,-79.44262866,51678.0,443.19097502014506,0.0,33,33,0,0,33,33,7136,0,0,0,0,0
2020-08-06,US,Virginia,Loudoun,5150,115,0,39.08990083,-77.63481877,51107.0,1245.351092281725,2.2330097087378644,5035,5117,113,0,5004,5093,406850,33,2,0,31,24
2020-08-06,US,Virginia,Louisa,174,2,0,37.97850256,-77.96274807,51109.0,462.8767524141417,1.1494252873563218,172,171,2,0,169,170,36778,3,0,0,3,1
2020-08-06,US,Virginia,Lunenburg,58,1,0,36.94618528,-78.24133319,51111.0,475.5657592653329,1.7241379310344829,57,59,1,0,58,59,12086,-1,0,0,-1,0
2020-08-06,US,Virginia,Lynchburg,514,4,0,37.40021399,-79.19888138,51680.0,625.5476584558464,0.7782101167315175,510,503,4,0,499,486,82126,11,0,0,11,17
2020-08-06,US,Virginia,Madison,64,1,0,38.41531222,-78.28220331,51113.0,482.61820375537286,1.5625,63,64,1,0,63,62,13295,0,0,0,0,2
2020-08-06,US,Virginia,Manassas,1625,20,0,38.7464321,-77.48509905,51683.0,3955.214798588293,1.2307692307692308,1605,1620,20,0,1600,1614,41641,5,0,0,5,6
2020-08-06,US,Virginia,Manassas Park,506,7,0,38.77058531,-77.44399307,51685.0,2895.0680855933174,1.383399209486166,499,505,7,0,498,502,17307,1,0,0,1,3
2020-08-06,US,Virginia,Martinsville,184,3,0,36.68212094,-79.86352771,51690.0,1465.6683128883224,1.6304347826086956,181,179,4,0,175,173,12902,5,-1,0,6,6
2020-08-06,US,Virginia,Mathews,16,0,0,37.44164146,-76.34098896,51115.0,181.1184061580258,0.0,16,15,0,0,15,15,8802,1,0,0,1,0
2020-08-06,US,Virginia,Mecklenburg,360,32,0,36.67882005,-78.36131056,51117.0,1176.970608428417,8.888888888888891,328,329,32,0,297,311,30650,31,0,0,31,18
2020-08-06,US,Virginia,Middlesex,33,1,0,37.63191998,-76.55064617,51119.0,311.85031185031187,3.0303030303030303,32,32,1,0,31,29,10769,1,0,0,1,3
2020-08-06,US,Virginia,Montgomery,296,3,0,37.17746986,-80.37868691,51121.0,300.4008727863196,1.0135135135135136,293,291,3,0,288,288,98985,5,0,0,5,3
2020-08-06,US,Virginia,Nelson,36,0,0,37.78790447,-78.88498513,51125.0,241.12525117213661,0.0,36,34,0,0,34,34,14836,2,0,0,2,0
2020-08-06,US,Virginia,New Kent,122,1,0,37.50694406,-76.99828634,51127.0,528.3443765969425,0.819672131147541,121,121,1,0,120,121,22391,1,0,0,1,0
2020-08-06,US,Virginia,Newport News,1736,18,0,37.08166899,-76.51754109,51700.0,968.6148695773468,1.036866359447005,1718,1734,18,0,1716,1717,178626,2,0,0,2,17
2020-08-06,US,Virginia,Norfolk,3496,29,0,36.89934014,-76.26420872,51710.0,1440.2122418040549,0.8295194508009154,3467,3493,28,0,3465,3425,244076,3,1,0,2,68
2020-08-06,US,Virginia,Northampton,295,29,0,37.34062933,-75.87751591,51131.0,2519.214346712212,9.830508474576273,266,295,29,0,266,295,11735,0,0,0,0,0
2020-08-06,US,Virginia,Northumberland,69,2,0,37.89202088,-76.41949732,51133.0,570.4836709384042,2.898550724637681,67,69,2,0,67,69,12147,0,0,0,0,0
2020-08-06,US,Virginia,Norton,15,0,0,36.93357076,-82.62750411,51720.0,376.7897513187641,0.0,15,15,0,0,15,14,3968,0,0,0,0,1
2020-08-06,US,Virginia,Nottoway,178,10,0,37.1435975,-78.05065922,51135.0,1168.59243697479,5.617977528089888,168,178,9,0,169,177,15420,0,1,0,-1,1
2020-08-06,US,Virginia,Orange,222,3,0,38.24530219,-78.01560400000002,51137.0,599.1741113600173,1.351351351351351,219,221,3,0,218,215,36644,1,0,0,1,6
2020-08-06,US,Virginia,Page,335,24,0,38.61807452,-78.48797204,51139.0,1401.5563551167263,7.164179104477612,311,337,24,0,313,334,23933,-2,0,0,-2,3
2020-08-06,US,Virginia,Patrick,126,4,0,36.680163799999995,-80.2865648,51141.0,715.5838255338483,3.1746031746031744,122,119,4,0,115,118,17673,7,0,0,7,1
2020-08-06,US,Virginia,Petersburg,493,19,0,37.20530399,-77.39368102,51730.0,1572.768455305302,3.8539553752535496,474,488,18,0,470,478,31567,5,1,0,4,10
2020-08-06,US,Virginia,Pittsylvania,392,2,0,36.81980341,-79.39731264,51143.0,649.5012758060775,0.5102040816326531,390,383,2,0,381,380,60949,9,0,0,9,3
2020-08-06,US,Virginia,Poquoson,41,0,0,37.14259351,-76.35798148,51735.0,334.1210985249776,0.0,41,41,0,0,41,40,12190,0,0,0,0,1
2020-08-06,US,Virginia,Portsmouth,1676,25,0,36.85914825,-76.35971629,51740.0,1775.461344520011,1.4916467780429594,1651,1663,25,0,1638,1631,94632,13,0,0,13,32
2020-08-06,US,Virginia,Powhatan,135,4,0,37.55016038,-77.91267882,51145.0,455.28126264670175,2.962962962962963,131,135,4,0,131,132,29189,0,0,0,0,3
2020-08-06,US,Virginia,Prince Edward,389,10,0,37.22554789,-78.43597949,51147.0,1705.99070256995,2.570694087403599,379,386,10,0,376,358,22950,3,0,0,3,28
2020-08-06,US,Virginia,Prince George,357,2,0,37.18497668,-77.22922187,51149.0,930.8267932104401,0.5602240896358543,355,345,2,0,343,340,38082,12,0,0,12,5
2020-08-06,US,Virginia,Prince William,9163,177,0,38.70916224,-77.48713689,51153.0,1948.1858675199592,1.9316817636145367,8986,9139,175,0,8964,9089,468011,24,2,0,22,50
2020-08-06,US,Virginia,Pulaski,82,3,0,37.06474963,-80.71229738,51155.0,240.98510006759338,3.6585365853658534,79,79,3,0,76,78,34066,3,0,0,3,1
2020-08-06,US,Virginia,Radford,36,0,0,37.12222899,-80.56027320000003,51750.0,197.27108334703274,0.0,36,34,0,0,34,33,18339,2,0,0,2,1
2020-08-06,US,Virginia,Rappahannock,41,2,0,38.68295619,-78.15826963,51157.0,556.3093622795117,4.878048780487805,39,41,2,0,39,40,7252,0,0,0,0,1
2020-08-06,US,Virginia,Richmond,318,4,0,37.937575,-76.72920628,51159.0,3524.326720602904,1.2578616352201255,314,317,4,0,313,317,9038,1,0,0,1,0
2020-08-06,US,Virginia,Richmond City,3067,41,0,37.53255773,-77.47966921,51760.0,1330.9552326893368,1.3368112161721553,3026,3034,39,0,2995,3015,228783,33,2,0,31,19
2020-08-06,US,Virginia,Roanoke,471,4,0,37.26865804,-80.06396753,51161.0,500.074321024356,0.8492569002123143,467,460,4,0,456,456,94073,11,0,0,11,4
2020-08-06,US,Virginia,Roanoke City,973,14,0,37.27791025,-79.96189766,51770.0,981.4106896099573,1.4388489208633093,959,932,14,0,918,913,99920,41,0,0,41,19
2020-08-06,US,Virginia,Rockbridge,66,1,0,37.81204314,-79.44605905,51163.0,292.3847073937892,1.5151515151515151,65,66,0,0,66,66,22752,0,1,0,-1,0
2020-08-06,US,Virginia,Rockingham,925,18,0,38.51006137,-78.87260325,51165.0,1128.7645824181188,1.945945945945946,907,920,17,0,903,919,81244,5,1,0,4,1
2020-08-06,US,Virginia,Russell,91,2,0,36.93028320000001,-82.10095486,51167.0,342.2854133754608,2.1978021978021984,89,89,2,0,87,73,26748,2,0,0,2,16
2020-08-06,US,Virginia,Salem,153,3,0,37.2836193,-80.06219455,51775.0,604.7191810600373,1.96078431372549,150,144,3,0,141,140,25643,9,0,0,9,4
2020-08-06,US,Virginia,Scott,66,3,0,36.71466456,-82.60171704,51169.0,306.03728090512845,4.545454545454546,63,63,3,0,60,62,21534,3,0,0,3,1
2020-08-06,US,Virginia,Shenandoah,689,43,0,38.85905135,-78.56813762,51171.0,1579.6955245781369,6.2409288824383164,646,686,42,0,644,685,43497,3,1,0,2,1
2020-08-06,US,Virginia,Smyth,130,3,0,36.84455636,-81.53344948,51173.0,431.8363008238108,2.3076923076923075,127,126,3,0,123,123,30472,4,0,0,4,3
2020-08-06,US,Virginia,Southampton,249,13,0,36.72231125,-77.10642712,51175.0,1412.2851795133572,5.220883534136545,236,247,13,0,234,245,17586,2,0,0,2,2
2020-08-06,US,Virginia,Spotsylvania,1421,35,0,38.18574462,-77.655399,51177.0,1043.2037587637192,2.4630541871921183,1386,1390,35,0,1355,1375,134238,31,0,0,31,15
2020-08-06,US,Virginia,Stafford,1316,8,0,38.41758738,-77.45917053,51179.0,860.7945997566751,0.6079027355623101,1308,1300,8,0,1292,1294,149960,16,0,0,16,6
2020-08-06,US,Virginia,Staunton,143,0,0,38.15965544,-79.05979937,51790.0,573.5600834269212,0.0,143,144,0,0,144,143,24922,-1,0,0,-1,1
2020-08-06,US,Virginia,Suffolk,1184,49,0,36.70155394,-76.63603554,51800.0,1285.44751813089,4.138513513513513,1135,1167,49,0,1118,1141,91185,17,0,0,17,26
2020-08-06,US,Virginia,Surry,44,2,0,37.11781893,-76.88450012,51181.0,685.1448146994705,4.545454545454546,42,42,2,0,40,39,6474,2,0,0,2,3
2020-08-06,US,Virginia,Sussex,283,9,0,36.92432914,-77.25791182,51183.0,2536.069540281387,3.180212014134276,274,281,9,0,272,280,11237,2,0,0,2,1
2020-08-06,US,Virginia,Tazewell,106,0,0,37.12191123,-81.56685568,51185.0,261.1159009730262,0.0,106,103,0,0,103,102,40855,3,0,0,3,1
2020-08-06,US,Virginia,Virginia Beach,4658,52,0,36.73285734,-76.04566934,51810.0,1035.170920986546,1.11635895234006,4606,4583,49,0,4534,4529,450189,75,3,0,72,54
2020-08-06,US,Virginia,Warren,353,6,0,38.90847745,-78.20280433,51187.0,878.8965242505726,1.69971671388102,347,352,6,0,346,351,40003,1,0,0,1,1
2020-08-06,US,Virginia,Washington,203,5,0,36.72341572,-81.95666289,51191.0,377.74469668775583,2.4630541871921183,198,191,5,0,186,184,54402,12,0,0,12,7
2020-08-06,US,Virginia,Waynesboro,167,3,0,38.06451466,-78.90293905,51820.0,737.9584622182942,1.7964071856287425,164,167,3,0,164,167,22628,0,0,0,0,0
2020-08-06,US,Virginia,Westmoreland,197,3,0,38.11021557,-76.80213247,51193.0,1093.5331668054398,1.5228426395939083,194,197,3,0,194,195,17830,0,0,0,0,2
2020-08-06,US,Virginia,Williamsburg,119,6,0,37.28131268,-76.70905141,51830.0,795.7737060318309,5.042016806722689,113,119,6,0,113,117,14896,0,0,0,0,2
2020-08-06,US,Virginia,Winchester,396,4,0,39.17054517,-78.17325058,51840.0,1410.356863024432,1.0101010101010102,392,396,4,0,392,394,28108,0,0,0,0,2
2020-08-06,US,Virginia,Wise,110,3,0,36.9746148,-82.62410519,51195.0,294.2513976941392,2.727272727272727,107,109,3,0,106,102,38012,1,0,0,1,7
2020-08-06,US,Virginia,Wythe,108,3,0,36.91582035,-81.07834059,51197.0,376.5165248919258,2.7777777777777777,105,108,3,0,105,107,28754,0,0,0,0,1
2020-08-06,US,Virginia,York,338,4,0,37.24374789,-76.54412815,51199.0,495.02050380785005,1.183431952662722,334,335,4,0,331,330,67846,3,0,0,3,5
2020-08-06,US,Washington,Adams,417,4,0,46.98299757,-118.56017340000001,53001.0,2086.77375769404,0.9592326139088728,413,407,4,0,403,407,19759,10,0,0,10,0
2020-08-06,US,Washington,Asotin,25,2,0,46.18894415,-117.2022851,53003.0,110.70764325569037,8.0,23,24,2,0,22,24,22610,1,0,0,1,0
2020-08-06,US,Washington,Benton,3632,113,0,46.23946995,-119.51208340000001,53005.0,1776.9949606145115,3.111233480176212,3519,3613,111,0,3502,3569,201877,19,2,0,17,44
2020-08-06,US,Washington,Chelan,1255,10,0,47.87046092,-120.6173956,53007.0,1625.6476683937824,0.796812749003984,1245,1224,10,0,1214,1190,77036,31,0,0,31,34
2020-08-06,US,Washington,Clallam,100,0,0,48.04754642,-123.92263190000001,53009.0,129.31424655054246,0.0,100,98,0,0,98,96,76737,2,0,0,2,2
2020-08-06,US,Washington,Clark,1712,42,0,45.77568046,-122.48292040000001,53011.0,350.6465044926583,2.453271028037383,1670,1705,42,0,1663,1667,481857,7,0,0,7,38
2020-08-06,US,Washington,Columbia,13,1,0,46.29442881,-117.9051983,53013.0,326.2233375156838,7.6923076923076925,12,13,1,0,12,13,4059,0,0,0,0,0
2020-08-06,US,Washington,Cowlitz,462,5,0,46.19074721,-122.6782231,53015.0,417.7479587315654,1.0822510822510822,457,454,5,0,449,453,108987,8,0,0,8,1
2020-08-06,US,Washington,Douglas,890,7,0,47.7361335,-119.69293700000001,53017.0,2049.321881691957,0.7865168539325843,883,868,7,0,861,840,42907,22,0,0,22,28
2020-08-06,US,Washington,Ferry,21,0,0,48.471143100000006,-118.5154041,53019.0,275.33761636292115,0.0,21,24,0,0,24,20,7649,-3,0,0,-3,4
2020-08-06,US,Washington,Franklin,3412,48,0,46.53351425,-118.9018212,53021.0,3583.205561739934,1.4067995310668229,3364,3390,47,0,3343,3374,94347,22,1,0,21,16
2020-08-06,US,Washington,Garfield,2,0,0,46.43197502,-117.54540320000001,53023.0,89.88764044943821,0.0,2,2,0,0,2,2,2247,0,0,0,0,0
2020-08-06,US,Washington,Grant,1393,13,0,47.20753737,-119.4500749,53025.0,1425.3118189352624,0.933237616654702,1380,1333,12,0,1321,1321,97331,60,1,0,59,12
2020-08-06,US,Washington,Grays Harbor,109,2,0,47.14003705,-123.7820567,53027.0,145.21522495037368,1.834862385321101,107,109,2,0,107,101,73901,0,0,0,0,8
2020-08-06,US,Washington,Island,241,11,0,48.14713305,-122.5216407,53029.0,283.0598653997487,4.564315352697094,230,241,11,0,230,241,84460,0,0,0,0,0
2020-08-06,US,Washington,Jefferson,54,0,0,47.75003077,-123.56097040000002,53031.0,167.5925638558704,0.0,54,54,0,0,54,54,31729,0,0,0,0,0
2020-08-06,US,Washington,King,16078,664,0,47.49137892,-121.8346131,53033.0,713.6953331480809,4.129866898868018,15414,15865,659,0,15206,15726,2233163,213,5,0,208,139
2020-08-06,US,Washington,Kitsap,707,5,0,47.63479026,-122.6436061,53035.0,260.4310557587679,0.7072135785007072,702,690,4,0,686,674,269805,17,1,0,16,16
2020-08-06,US,Washington,Kittitas,355,18,0,47.12521214,-120.67943899999999,53037.0,740.5862104933765,5.070422535211269,337,354,18,0,336,353,47364,1,0,0,1,1
2020-08-06,US,Washington,Klickitat,108,3,0,45.87325839,-120.7913598,53039.0,481.60535117056855,2.7777777777777777,105,108,3,0,105,106,22107,0,0,0,0,2
2020-08-06,US,Washington,Lewis,197,3,0,46.57756476,-122.39257690000001,53041.0,244.09282961824871,1.5228426395939083,194,194,3,0,191,190,79604,3,0,0,3,4
2020-08-06,US,Washington,Lincoln,20,0,0,47.57705241,-118.41943880000001,53043.0,182.83206874485782,0.0,20,19,0,0,19,15,10740,1,0,0,1,4
2020-08-06,US,Washington,Mason,187,1,0,47.35007586,-123.1863685,53045.0,280.0742870836329,0.5347593582887701,186,181,1,0,180,175,65507,6,0,0,6,6
2020-08-06,US,Washington,Okanogan,820,2,0,48.54855019,-119.73872240000001,53047.0,1941.1500130199088,0.24390243902439024,818,795,2,0,793,783,42132,25,0,0,25,12
2020-08-06,US,Washington,Pacific,47,2,0,46.55418369,-123.7285716,53049.0,209.15847091807217,4.25531914893617,45,44,2,0,42,41,22036,3,0,0,3,3
2020-08-06,US,Washington,Pend Oreille,38,0,0,48.53234021,-117.2741804,53051.0,276.8872048965316,0.0,38,39,0,0,39,37,13602,-1,0,0,-1,2
2020-08-06,US,Washington,Pierce,5477,137,0,47.03892768,-122.14059579999999,53053.0,605.2067449004397,2.5013693627898483,5340,5348,129,0,5219,5280,891299,129,8,0,121,68
2020-08-06,US,Washington,San Juan,28,0,0,48.60182783,-122.96745,53055.0,159.2537822773291,0.0,28,28,0,0,28,29,17128,0,0,0,0,-1
2020-08-06,US,Washington,Skagit,858,21,0,48.48171488,-121.766131,53057.0,664.060988351844,2.4475524475524475,837,849,21,0,828,836,128206,9,0,0,9,13
2020-08-06,US,Washington,Skamania,55,1,0,46.02408726,-121.91644029999999,53059.0,455.18497061987915,1.818181818181818,54,56,1,0,55,54,11924,-1,0,0,-1,2
2020-08-06,US,Washington,Snohomish,5326,191,0,48.04615983,-121.7170703,53061.0,647.8664563067233,3.586180998873451,5135,5261,190,0,5071,5219,814901,65,1,0,64,42
2020-08-06,US,Washington,Spokane,4192,79,0,47.62113146,-117.4046494,53063.0,801.8393337388437,1.8845419847328244,4113,4088,72,0,4016,4005,514631,104,7,0,97,83
2020-08-06,US,Washington,Stevens,99,1,0,48.40035475,-117.8542701,53065.0,216.52122564136207,1.0101010101010102,98,96,1,0,95,94,45260,3,0,0,3,2
2020-08-06,US,Washington,Thurston,680,11,0,46.9291895,-122.82906559999999,53067.0,234.05016934218133,1.6176470588235294,669,659,10,0,649,649,286419,21,1,0,20,10
2020-08-06,US,Washington,Unassigned,194,4,0,0.0,0.0,90053.0,0.0,2.061855670103093,190,190,3,0,187,167,,4,1,0,3,23
2020-08-06,US,Washington,Wahkiakum,5,0,0,46.29180039999999,-123.4250831,53069.0,111.40819964349377,0.0,5,5,0,0,5,5,4426,0,0,0,0,0
2020-08-06,US,Washington,Walla Walla,487,3,0,46.23040051,-118.4775539,53071.0,801.5141540487163,0.6160164271047228,484,470,3,0,467,460,60922,17,0,0,17,10
2020-08-06,US,Washington,Whatcom,965,38,0,48.82227976,-121.74900179999999,53073.0,420.94334931318616,3.937823834196891,927,957,38,0,919,941,225685,8,0,0,8,16
2020-08-06,US,Washington,Whitman,89,0,0,46.90022523,-117.52417630000001,53075.0,177.6305285007185,0.0,89,87,0,0,87,87,49791,2,0,0,2,0
2020-08-06,US,Washington,Yakima,10167,211,0,46.45738486,-120.73801259999999,53077.0,4052.648152650943,2.075341792072391,9956,10142,210,0,9932,10081,251446,25,1,0,24,61
2020-08-06,US,West Virginia,Barbour,29,1,0,39.1307219,-80.00350858,54001.0,176.38829754881093,3.4482758620689653,28,30,1,0,29,29,16535,-1,0,0,-1,1
2020-08-06,US,West Virginia,Berkeley,675,11,0,39.46704621,-78.02414609,54003.0,566.4129695983082,1.6296296296296295,664,670,11,0,659,661,117123,5,0,0,5,9
2020-08-06,US,West Virginia,Boone,95,0,0,38.01974191,-81.69888019,54005.0,442.74595703033975,0.0,95,92,0,0,92,88,21951,3,0,0,3,4
2020-08-06,US,West Virginia,Braxton,8,0,0,38.70036159,-80.72011184,54007.0,57.31890807480117,0.0,8,8,0,0,8,8,14089,0,0,0,0,0
2020-08-06,US,West Virginia,Brooke,61,1,0,40.27367263,-80.57915332,54009.0,278.0436665299239,1.639344262295082,60,62,1,0,61,62,22203,-1,0,0,-1,0
2020-08-06,US,West Virginia,Cabell,367,2,0,38.42424062,-82.23855912,54011.0,399.15166675730063,0.5449591280653951,365,362,2,0,360,350,93224,5,0,0,5,12
2020-08-06,US,West Virginia,Calhoun,6,0,0,38.84315422,-81.11934872,54013.0,84.40005626670418,0.0,6,6,0,0,6,6,7254,0,0,0,0,0
2020-08-06,US,West Virginia,Clay,18,1,0,38.46231092,-81.07652217,54015.0,211.56558533145275,5.5555555555555545,17,18,1,0,17,18,8632,0,0,0,0,0
2020-08-06,US,West Virginia,Doddridge,5,0,0,39.27057157,-80.70671527,54017.0,59.18560606060606,0.0,5,4,0,0,4,4,8406,1,0,0,1,0
2020-08-06,US,West Virginia,Fayette,137,5,0,38.02974928,-81.08286634,54019.0,323.0674904494647,3.6496350364963503,132,134,5,0,129,131,43018,3,0,0,3,3
2020-08-06,US,West Virginia,Gilmer,16,0,0,38.9251277,-80.85952723,54021.0,204.525118241084,0.0,16,16,0,0,16,16,8026,0,0,0,0,0
2020-08-06,US,West Virginia,Grant,97,1,0,39.10314817,-79.19440518,54023.0,838.5200553250346,1.0309278350515465,96,89,1,0,88,81,11626,8,0,0,8,8
2020-08-06,US,West Virginia,Greenbrier,88,3,0,37.9463652,-80.45335881,54025.0,253.88033004442903,3.4090909090909087,85,88,3,0,85,87,34786,0,0,0,0,1
2020-08-06,US,West Virginia,Hampshire,76,1,0,39.32103553,-78.60826476,54027.0,327.9395900755124,1.3157894736842106,75,75,1,0,74,74,23347,1,0,0,1,1
2020-08-06,US,West Virginia,Hancock,107,0,0,40.51943859,-80.57461608,54029.0,371.3988198542172,0.0,107,106,0,0,106,104,29094,1,0,0,1,2
2020-08-06,US,West Virginia,Hardy,57,0,0,39.00683177,-78.85855301,54031.0,413.7630662020906,0.0,57,54,0,0,54,54,13775,3,0,0,3,0
2020-08-06,US,West Virginia,Harrison,207,1,0,39.2853852,-80.37919577,54033.0,307.77923159272035,0.4830917874396135,206,204,1,0,203,199,67554,3,0,0,3,5
2020-08-06,US,West Virginia,Jackson,160,19,0,38.84263974,-81.68148753,54035.0,559.9104143337066,11.875,141,158,19,0,139,158,28706,2,0,0,2,0
2020-08-06,US,West Virginia,Jefferson,294,4,0,39.30776166,-77.86014147,54037.0,514.4717040562767,1.3605442176870748,290,292,4,0,288,292,56811,2,0,0,2,0
2020-08-06,US,West Virginia,Kanawha,876,22,0,38.33860077,-81.52857054,54039.0,491.7922346230716,2.5114155251141552,854,856,22,0,834,851,180454,20,0,0,20,5
2020-08-06,US,West Virginia,Lewis,28,2,0,38.9947249,-80.49988181,54041.0,176.02313446910165,7.142857142857142,26,28,2,0,26,27,16024,0,0,0,0,1
2020-08-06,US,West Virginia,Lincoln,79,0,0,38.172154,-82.07017953,54043.0,387.0841295506884,0.0,79,75,0,0,75,69,20599,4,0,0,4,6
2020-08-06,US,West Virginia,Logan,176,3,0,37.8299889,-81.93528571,54045.0,549.6736312814267,1.7045454545454546,173,162,3,0,159,157,32607,14,0,0,14,5
2020-08-06,US,West Virginia,Marion,179,2,0,39.50984542,-80.24244659,54049.0,319.2324154658297,1.11731843575419,177,179,2,0,177,179,56097,0,0,0,0,0
2020-08-06,US,West Virginia,Marshall,128,1,0,39.86064362,-80.66591062,54051.0,419.2460122498443,0.78125,127,129,1,0,128,129,30785,-1,0,0,-1,0
2020-08-06,US,West Virginia,Mason,53,1,0,38.77071799,-82.02524219,54053.0,199.8793181475336,1.8867924528301887,52,51,1,0,50,50,26718,2,0,0,2,1
2020-08-06,US,West Virginia,McDowell,49,0,0,37.38002939,-81.65083669,54047.0,278.02995914661824,0.0,49,48,0,0,48,46,18223,1,0,0,1,2
2020-08-06,US,West Virginia,Mercer,174,3,0,37.40481169,-81.11023142,54055.0,296.1298886960074,1.7241379310344829,171,173,3,0,170,167,59131,1,0,0,1,6
2020-08-06,US,West Virginia,Mineral,116,4,0,39.41561583,-78.94104895,54057.0,431.7403602798868,3.4482758620689653,112,116,4,0,112,114,26940,0,0,0,0,2
2020-08-06,US,West Virginia,Mingo,156,3,0,37.73048351,-82.13338365,54059.0,665.983606557377,1.9230769230769231,153,153,3,0,150,144,23785,3,0,0,3,9
2020-08-06,US,West Virginia,Monongalia,929,5,0,39.63218457,-80.04766838,54061.0,879.6348899746242,0.5382131324004306,924,929,5,0,924,929,106420,0,0,0,0,0
2020-08-06,US,West Virginia,Monroe,19,0,0,37.56274716,-80.54577965,54063.0,143.1261770244821,0.0,19,19,0,0,19,19,13280,0,0,0,0,0
2020-08-06,US,West Virginia,Morgan,26,0,0,39.55439028,-78.26311676,54065.0,145.38134645493182,0.0,26,26,0,0,26,26,17787,0,0,0,0,0
2020-08-06,US,West Virginia,Nicholas,35,1,0,38.29617706,-80.79759588,54067.0,142.88047028086217,2.8571428571428568,34,33,1,0,32,33,24842,2,0,0,2,0
2020-08-06,US,West Virginia,Ohio,265,4,0,40.0955451,-80.62203992,54069.0,639.9265895535002,1.509433962264151,261,263,4,0,259,260,41755,2,0,0,2,3
2020-08-06,US,West Virginia,Pendleton,58,1,0,38.68314479,-79.35084086,54071.0,832.257138757354,1.7241379310344829,57,42,1,0,41,41,6997,16,0,0,16,1
2020-08-06,US,West Virginia,Pleasants,10,0,0,39.37091679,-81.16771771,54073.0,134.04825737265415,0.0,10,9,0,0,9,8,7507,1,0,0,1,1
2020-08-06,US,West Virginia,Pocahontas,41,0,0,38.32758728,-80.00993811,54075.0,497.1504789620468,0.0,41,41,0,0,41,41,8414,0,0,0,0,0
2020-08-06,US,West Virginia,Preston,123,4,0,39.46770987,-79.66712803,54077.0,367.9109834888729,3.2520325203252027,119,125,4,0,121,125,33839,-2,0,0,-2,0
2020-08-06,US,West Virginia,Putnam,178,0,0,38.50782345,-81.9082131,54079.0,315.3232949512843,0.0,178,174,0,0,174,174,56682,4,0,0,4,0
2020-08-06,US,West Virginia,Raleigh,210,1,0,37.76936795,-81.2456041,54081.0,286.25563991766745,0.4761904761904762,209,207,1,0,206,198,74254,3,0,0,3,9
2020-08-06,US,West Virginia,Randolph,206,0,0,38.769899,-79.87919615,54083.0,717.8951036765989,0.0,206,207,0,0,207,207,28823,-1,0,0,-1,0
2020-08-06,US,West Virginia,Ritchie,3,0,0,39.18094587,-81.06356878,54085.0,31.400460540087924,0.0,3,3,0,0,3,3,9721,0,0,0,0,0
2020-08-06,US,West Virginia,Roane,14,1,0,38.71622686,-81.35243568,54087.0,102.27936879018118,7.142857142857142,13,14,1,0,13,14,13932,0,0,0,0,0
2020-08-06,US,West Virginia,Summers,7,0,0,37.65390597,-80.86009693,54089.0,55.67485882446513,0.0,7,7,0,0,7,7,12760,0,0,0,0,0
2020-08-06,US,West Virginia,Taylor,56,1,0,39.33602617,-80.0421439,54091.0,335.4297693920336,1.7857142857142858,55,55,1,0,54,53,16862,1,0,0,1,2
2020-08-06,US,West Virginia,Tucker,11,0,0,39.11240885,-79.57053576,54093.0,160.84222839596433,0.0,11,11,0,0,11,11,6955,0,0,0,0,0
2020-08-06,US,West Virginia,Tyler,13,0,0,39.46811972,-80.88772676,54095.0,151.32115004074032,0.0,13,12,0,0,12,12,8746,1,0,0,1,0
2020-08-06,US,West Virginia,Upshur,39,0,0,38.89285061,-80.23689136,54097.0,161.31700860357378,0.0,39,39,0,0,39,39,24415,0,0,0,0,0
2020-08-06,US,West Virginia,Wayne,196,9,0,38.14901357,-82.42287994,54099.0,497.43667834120095,4.591836734693878,187,194,9,0,185,191,39944,2,0,0,2,3
2020-08-06,US,West Virginia,Webster,4,0,0,38.49370949,-80.4202023,54101.0,49.297510475720976,0.0,4,3,0,0,3,3,8285,1,0,0,1,0
2020-08-06,US,West Virginia,Wetzel,41,0,0,39.6065771,-80.64016540000001,54103.0,272.15399933620984,0.0,41,41,0,0,41,41,15270,0,0,0,0,0
2020-08-06,US,West Virginia,Wirt,6,0,0,39.02775007,-81.37473928,54105.0,103.07507301151009,0.0,6,6,0,0,6,6,5830,0,0,0,0,0
2020-08-06,US,West Virginia,Wood,242,5,0,39.20967886,-81.5162836,54107.0,289.757896501353,2.066115702479338,237,240,5,0,235,240,84203,2,0,0,2,0
2020-08-06,US,West Virginia,Wyoming,29,1,0,37.612327,-81.54511071,54109.0,142.19868588800628,3.4482758620689653,28,24,1,0,23,23,20786,5,0,0,5,1
2020-08-06,US,Wisconsin,Adams,82,2,0,43.96974651,-89.76782777,55001.0,405.53907022749746,2.4390243902439024,80,79,2,0,77,76,20348,3,0,0,3,3
2020-08-06,US,Wisconsin,Ashland,22,1,0,46.31956891,-90.67837132,55003.0,141.37000385554555,4.545454545454546,21,21,1,0,20,20,15600,1,0,0,1,1
2020-08-06,US,Wisconsin,Barron,276,3,0,45.42372701,-91.84833627,55005.0,610.0256387587305,1.0869565217391304,273,273,3,0,270,264,45164,3,0,0,3,9
2020-08-06,US,Wisconsin,Bayfield,21,1,0,46.52868768,-91.19716729,55007.0,139.66480446927375,4.761904761904762,20,21,1,0,20,21,15042,0,0,0,0,0
2020-08-06,US,Wisconsin,Brown,4151,52,0,44.452655299999996,-88.00411844,55009.0,1569.1270195280902,1.2527101903155866,4099,4100,52,0,4048,4063,263378,51,0,0,51,37
2020-08-06,US,Wisconsin,Buffalo,42,2,0,44.37835084,-91.75332578,55011.0,322.30834164684217,4.761904761904762,40,42,2,0,40,42,13125,0,0,0,0,0
2020-08-06,US,Wisconsin,Burnett,22,1,0,45.86303537,-92.36711412,55013.0,142.72739068379394,4.545454545454546,21,21,1,0,20,19,15392,1,0,0,1,2
2020-08-06,US,Wisconsin,Calumet,288,2,0,44.0816316,-88.21780273,55015.0,574.9765417556749,0.6944444444444444,286,276,2,0,274,266,50159,12,0,0,12,10
2020-08-06,US,Wisconsin,Chippewa,218,0,0,45.06939744,-91.28068855,55017.0,337.1585882644065,0.0,218,213,0,0,213,212,64135,5,0,0,5,1
2020-08-06,US,Wisconsin,Clark,180,7,0,44.73483377,-90.61207486,55019.0,517.6281129579571,3.888888888888889,173,179,7,0,172,179,34709,1,0,0,1,0
2020-08-06,US,Wisconsin,Columbia,238,1,0,43.46492199,-89.33589004,55021.0,413.6828199958284,0.4201680672268908,237,233,1,0,232,228,57358,5,0,0,5,5
2020-08-06,US,Wisconsin,Crawford,70,0,0,43.23870316,-90.93073686,55023.0,433.947058458868,0.0,70,69,0,0,69,65,16291,1,0,0,1,4
2020-08-06,US,Wisconsin,Dane,4376,37,0,43.06601594,-89.41733797,55025.0,800.4463183310621,0.8455210237659964,4339,4340,37,0,4303,4263,542364,36,0,0,36,77
2020-08-06,US,Wisconsin,Dodge,757,5,0,43.41576662,-88.70928178,55027.0,861.8039822857727,0.6605019815059445,752,743,5,0,738,728,87847,14,0,0,14,15
2020-08-06,US,Wisconsin,Door,101,3,0,44.95856458,-87.30002707,55029.0,365.04264854705804,2.9702970297029703,98,98,3,0,95,91,27610,3,0,0,3,7
2020-08-06,US,Wisconsin,Douglas,149,0,0,46.43222285,-91.91595768,55031.0,345.30706836616446,0.0,149,145,0,0,145,139,43208,4,0,0,4,6
2020-08-06,US,Wisconsin,Dunn,112,0,0,44.94562799,-91.8962481,55033.0,246.87004055722096,0.0,112,112,0,0,112,107,45131,0,0,0,0,5
2020-08-06,US,Wisconsin,Eau Claire,541,4,0,44.726614,-91.28609183,55035.0,516.9810599545133,0.7393715341959335,537,531,4,0,527,517,104534,10,0,0,10,14
2020-08-06,US,Wisconsin,Florence,6,0,0,45.84963535,-88.39804137,55037.0,139.69732246798606,0.0,6,6,0,0,6,7,4321,0,0,0,0,-1
2020-08-06,US,Wisconsin,Fond du Lac,598,6,0,43.75354908,-88.48885325,55039.0,578.3197779561523,1.0033444816053512,592,584,6,0,578,573,103066,14,0,0,14,11
2020-08-06,US,Wisconsin,Forest,59,4,0,45.66678019,-88.77084892,55041.0,655.264326965793,6.779661016949151,55,59,4,0,55,59,8991,0,0,0,0,0
2020-08-06,US,Wisconsin,Grant,341,14,0,42.8671731,-90.7063218,55043.0,662.9211298819962,4.10557184750733,327,332,14,0,318,331,51554,9,0,0,9,1
2020-08-06,US,Wisconsin,Green,137,1,0,42.6794956,-89.60243287,55045.0,370.6709956709957,0.7299270072992701,136,135,1,0,134,131,36929,2,0,0,2,4
2020-08-06,US,Wisconsin,Green Lake,54,0,0,43.80025981,-89.04679553,55047.0,285.5178977422937,0.0,54,54,0,0,54,53,18918,0,0,0,0,1
2020-08-06,US,Wisconsin,Iowa,70,0,0,43.00050278,-90.13469017,55049.0,295.6330771179998,0.0,70,68,0,0,68,65,23771,2,0,0,2,3
2020-08-06,US,Wisconsin,Iron,73,1,0,46.26302338,-90.24295041,55051.0,1283.6293300509935,1.3698630136986298,72,73,1,0,72,72,5676,0,0,0,0,1
2020-08-06,US,Wisconsin,Jackson,52,1,0,44.31864893,-90.80566792,55053.0,251.90137092476868,1.9230769230769231,51,50,1,0,49,49,20478,2,0,0,2,1
2020-08-06,US,Wisconsin,Jefferson,596,5,0,43.02054068,-88.77529134,55055.0,703.0872134860623,0.8389261744966443,591,581,5,0,576,573,85129,15,0,0,15,8
2020-08-06,US,Wisconsin,Juneau,135,1,0,43.92456975,-90.11120239,55057.0,505.8642784876532,0.7407407407407407,134,133,1,0,132,129,26617,2,0,0,2,4
2020-08-06,US,Wisconsin,Kenosha,2597,58,0,42.57639354,-88.04051686,55059.0,1531.602196259753,2.2333461686561416,2539,2561,58,0,2503,2517,169290,36,0,0,36,44
2020-08-06,US,Wisconsin,Kewaunee,122,2,0,44.51727459,-87.61468386,55061.0,597.044142116081,1.639344262295082,120,115,2,0,113,111,20383,7,0,0,7,4
2020-08-06,US,Wisconsin,La Crosse,881,1,0,43.90632465,-91.11451093,55063.0,746.5089479392625,0.11350737797956867,880,854,1,0,853,836,118230,27,0,0,27,18
2020-08-06,US,Wisconsin,Lafayette,116,0,0,42.66005229,-90.1317729,55065.0,696.0696069606961,0.0,116,114,0,0,114,112,16665,2,0,0,2,2
2020-08-06,US,Wisconsin,Langlade,57,1,0,45.26271619,-89.07483625,55067.0,297.0451821355985,1.7543859649122806,56,51,1,0,50,51,19268,6,0,0,6,0
2020-08-06,US,Wisconsin,Lincoln,65,0,0,45.33737523,-89.73411273,55069.0,235.56699162831157,0.0,65,66,0,0,66,65,27689,-1,0,0,-1,1
2020-08-06,US,Wisconsin,Manitowoc,321,1,0,44.11946801,-87.80928853,55071.0,406.42686215672126,0.3115264797507788,320,318,1,0,317,311,79074,3,0,0,3,7
2020-08-06,US,Wisconsin,Marathon,612,8,0,44.89792533,-89.75863384,55073.0,451.02143088759834,1.30718954248366,604,605,7,0,598,589,135428,7,1,0,6,16
2020-08-06,US,Wisconsin,Marinette,356,3,0,45.38553432,-88.03324599999998,55075.0,882.2800495662949,0.8426966292134831,353,350,3,0,347,342,40434,6,0,0,6,8
2020-08-06,US,Wisconsin,Marquette,76,1,0,43.81911946,-89.40073763,55077.0,487.99280852703225,1.3157894736842106,75,75,1,0,74,71,15434,1,0,0,1,4
2020-08-06,US,Wisconsin,Menominee,20,0,0,45.00422544,-88.70950714,55078.0,438.9815627743634,0.0,20,20,0,0,20,21,4658,0,0,0,0,-1
2020-08-06,US,Wisconsin,Milwaukee,20389,452,0,43.00486062,-87.96733172,55079.0,2155.9098512677037,2.2168816518711068,19937,20175,450,0,19725,20003,948201,214,2,0,212,172
2020-08-06,US,Wisconsin,Monroe,241,2,0,43.94641218,-90.61881899999999,55081.0,521.0472834194538,0.8298755186721992,239,234,2,0,232,229,46051,7,0,0,7,5
2020-08-06,US,Wisconsin,Oconto,207,0,0,45.02715345,-88.26807503,55083.0,545.742156604271,0.0,207,200,0,0,200,191,37830,7,0,0,7,9
2020-08-06,US,Wisconsin,Oneida,102,0,0,45.70677897,-89.51944105,55085.0,286.5571007163928,0.0,102,96,0,0,96,93,35470,6,0,0,6,3
2020-08-06,US,Wisconsin,Outagamie,1180,14,0,44.41578887,-88.46565023,55087.0,628.0437501663251,1.1864406779661016,1166,1158,13,0,1145,1132,187365,22,1,0,21,26
2020-08-06,US,Wisconsin,Ozaukee,624,17,0,43.38352225,-87.94625009,55089.0,699.3869156364533,2.7243589743589745,607,605,17,0,588,592,89147,19,0,0,19,13
2020-08-06,US,Wisconsin,Pepin,42,0,0,44.58307413,-91.99949611,55091.0,576.3688760806916,0.0,42,42,0,0,42,41,7289,0,0,0,0,1
2020-08-06,US,Wisconsin,Pierce,197,0,0,44.71850291,-92.4224416,55093.0,460.7755999438649,0.0,197,183,0,0,183,178,42555,14,0,0,14,5
2020-08-06,US,Wisconsin,Polk,126,2,0,45.46130348,-92.44182875,55095.0,287.78292944750245,1.5873015873015872,124,126,2,0,124,125,43598,0,0,0,0,1
2020-08-06,US,Wisconsin,Portage,377,0,0,44.47558711,-89.50152965,55097.0,532.6965466568699,0.0,377,367,0,0,367,358,70942,10,0,0,10,9
2020-08-06,US,Wisconsin,Price,26,0,0,45.68051754,-90.36098879999999,55099.0,194.7419668938656,0.0,26,25,0,0,25,22,13397,1,0,0,1,3
2020-08-06,US,Wisconsin,Racine,3364,78,0,42.74753117,-88.05941254,55101.0,1713.607490155926,2.318668252080856,3286,3343,78,0,3265,3311,196584,21,0,0,21,32
2020-08-06,US,Wisconsin,Richland,34,4,0,43.3762778,-90.43012729,55103.0,197.0785995826571,11.764705882352944,30,34,4,0,30,32,17377,0,0,0,0,2
2020-08-06,US,Wisconsin,Rock,1395,26,0,42.67151616,-89.07147900000002,55105.0,853.9735788532878,1.863799283154122,1369,1382,26,0,1356,1375,163129,13,0,0,13,7
2020-08-06,US,Wisconsin,Rusk,17,1,0,45.47498854,-91.1333012,55107.0,119.90407673860909,5.882352941176472,16,16,1,0,15,16,14147,1,0,0,1,0
2020-08-06,US,Wisconsin,Sauk,423,3,0,43.42574087,-89.94966132,55111.0,656.4042084354924,0.7092198581560284,420,411,3,0,408,405,64249,12,0,0,12,6
2020-08-06,US,Wisconsin,Sawyer,52,0,0,45.87931905,-91.14504927,55113.0,314.04759028868216,0.0,52,50,0,0,50,43,16489,2,0,0,2,7
2020-08-06,US,Wisconsin,Shawano,173,0,0,44.78902246,-88.76443896,55115.0,422.99322721826934,0.0,173,168,0,0,168,163,40796,5,0,0,5,5
2020-08-06,US,Wisconsin,Sheboygan,720,9,0,43.72099677,-87.94579284,55117.0,624.2413733310214,1.25,711,682,8,0,674,636,115456,38,1,0,37,46
2020-08-06,US,Wisconsin,St. Croix,476,4,0,45.03437474,-92.45000068,55109.0,524.882287428187,0.8403361344537815,472,470,2,0,468,457,89694,6,2,0,4,13
2020-08-06,US,Wisconsin,Taylor,61,0,0,45.21179252,-90.5004405,55119.0,299.8574448213145,0.0,61,59,0,0,59,55,20412,2,0,0,2,4
2020-08-06,US,Wisconsin,Trempealeau,329,2,0,44.30360275,-91.35893614,55121.0,1109.649566595838,0.6079027355623101,327,322,2,0,320,313,29442,7,0,0,7,9
2020-08-06,US,Wisconsin,Vernon,59,0,0,43.59422667,-90.8324691,55123.0,191.4217117643242,0.0,59,59,0,0,59,60,30785,0,0,0,0,-1
2020-08-06,US,Wisconsin,Vilas,45,0,0,46.05467334,-89.51719204,55125.0,202.74836674926786,0.0,45,40,0,0,40,39,21938,5,0,0,5,1
2020-08-06,US,Wisconsin,Walworth,1284,22,0,42.66858202,-88.54163073,55127.0,1236.1843878769207,1.7133956386292837,1262,1291,21,0,1270,1265,103718,-7,1,0,-8,26
2020-08-06,US,Wisconsin,Washburn,41,0,0,45.89838588,-91.79050449,55129.0,260.8142493638677,0.0,41,39,0,0,39,38,15878,2,0,0,2,1
2020-08-06,US,Wisconsin,Washington,967,22,0,43.36863664,-88.22974712,55131.0,710.8516988399957,2.2750775594622543,945,945,22,0,923,913,135693,22,0,0,22,32
2020-08-06,US,Wisconsin,Waukesha,3930,57,0,43.01833055,-88.30431188,55133.0,972.2957560403564,1.4503816793893132,3873,3841,57,0,3784,3765,403072,89,0,0,89,76
2020-08-06,US,Wisconsin,Waupaca,417,15,0,44.47068056,-88.96534501,55135.0,817.807413218278,3.5971223021582728,402,408,15,0,393,392,51128,9,0,0,9,16
2020-08-06,US,Wisconsin,Waushara,112,0,0,44.11324419,-89.24317107,55137.0,458.20889416192773,0.0,112,112,0,0,112,109,24263,0,0,0,0,3
2020-08-06,US,Wisconsin,Winnebago,1111,18,0,44.06886922,-88.64477096,55139.0,646.2796744751523,1.62016201620162,1093,1094,18,0,1076,1082,171020,17,0,0,17,12
2020-08-06,US,Wisconsin,Wood,268,1,0,44.45537896,-90.04158336,55141.0,367.1283168262578,0.373134328358209,267,263,1,0,262,255,73055,5,0,0,5,8
2020-08-06,US,Wyoming,Albany,88,0,0,41.65498705,-105.72354150000001,56001.0,226.33744855967083,0.0,88,88,0,0,88,88,38601,0,0,0,0,0
2020-08-06,US,Wyoming,Big Horn,36,0,0,44.52405055,-107.9960365,56003.0,305.3435114503817,0.0,36,36,0,0,36,36,11881,0,0,0,0,0
2020-08-06,US,Wyoming,Campbell,118,0,0,44.24886082,-105.54744040000001,56005.0,254.63412528862133,0.0,118,118,0,0,118,118,46140,0,0,0,0,0
2020-08-06,US,Wyoming,Carbon,88,0,0,41.69357844,-106.9326084,56007.0,594.5945945945947,0.0,88,88,0,0,88,84,14971,0,0,0,0,4
2020-08-06,US,Wyoming,Converse,32,0,0,42.97272268,-105.5081848,56009.0,231.51497612501808,0.0,32,32,0,0,32,32,13640,0,0,0,0,0
2020-08-06,US,Wyoming,Crook,10,0,0,44.58855102,-104.56977049999999,56011.0,131.85654008438817,0.0,10,10,0,0,10,10,7450,0,0,0,0,0
2020-08-06,US,Wyoming,Fremont,498,0,0,43.04183996,-108.6296893,56013.0,1268.434324138458,0.0,498,496,0,0,496,491,39531,2,0,0,2,5
2020-08-06,US,Wyoming,Goshen,23,0,0,42.08798185,-104.3534743,56015.0,174.09734312315499,0.0,23,22,0,0,22,20,13376,1,0,0,1,2
2020-08-06,US,Wyoming,Hot Springs,19,0,0,43.71930657,-108.44231740000001,56017.0,430.5461137548154,0.0,19,19,0,0,19,18,4555,0,0,0,0,1
2020-08-06,US,Wyoming,Johnson,23,1,0,44.04057166,-106.58451740000001,56019.0,272.35050325636473,4.3478260869565215,22,22,1,0,21,22,8460,1,0,0,1,0
2020-08-06,US,Wyoming,Laramie,492,0,0,41.30702520000001,-104.6887497,56021.0,494.47236180904525,0.0,492,489,0,0,489,484,98976,3,0,0,3,5
2020-08-06,US,Wyoming,Lincoln,101,0,0,42.26376367,-110.6563997,56023.0,509.32929904185585,0.0,101,97,0,0,97,93,19434,4,0,0,4,4
2020-08-06,US,Wyoming,Natrona,228,0,0,42.96180148,-106.79788500000001,56025.0,285.50677452478146,0.0,228,226,0,0,226,224,79115,2,0,0,2,2
2020-08-06,US,Wyoming,Niobrara,2,0,0,43.05607708,-104.47588959999999,56027.0,84.88964346349746,0.0,2,2,0,0,2,2,2388,0,0,0,0,0
2020-08-06,US,Wyoming,Park,128,0,0,44.52157546,-109.58528249999999,56029.0,438.4462560800165,0.0,128,124,0,0,124,117,29324,4,0,0,4,7
2020-08-06,US,Wyoming,Platte,5,0,0,42.13299116,-104.96633100000001,56031.0,59.57345406886692,0.0,5,5,0,0,5,5,8566,0,0,0,0,0
2020-08-06,US,Wyoming,Sheridan,68,0,0,44.79048913,-106.8862389,56033.0,223.06052156798427,0.0,68,64,0,0,64,62,30233,4,0,0,4,2
2020-08-06,US,Wyoming,Sublette,38,0,0,42.76558279,-109.91309220000001,56035.0,386.5323975180551,0.0,38,39,0,0,39,39,9813,-1,0,0,-1,0
2020-08-06,US,Wyoming,Sweetwater,253,0,0,41.65943896,-108.8827882,56037.0,597.5013579576317,0.0,253,252,0,0,252,251,43051,1,0,0,1,1
2020-08-06,US,Wyoming,Teton,367,0,0,43.93522482,-110.5890801,56039.0,1564.0981929764746,0.0,367,363,0,0,363,362,23081,4,0,0,4,1
2020-08-06,US,Wyoming,Uinta,272,0,0,41.2878183,-110.54757820000002,56041.0,1344.8037179867495,0.0,272,268,0,0,268,267,20299,4,0,0,4,1
2020-08-06,US,Wyoming,Unassigned,0,26,0,0.0,0.0,90056.0,0.0,0.0,-26,0,26,0,-26,0,,0,0,0,0,0
2020-08-06,US,Wyoming,Washakie,59,0,0,43.90451606,-107.68018700000002,56043.0,755.9256886611148,0.0,59,58,0,0,58,54,7885,1,0,0,1,4
2020-08-06,US,Wyoming,Weston,5,0,0,43.83961191,-104.56748809999999,56045.0,72.18131947452,0.0,5,5,0,0,5,5,6967,0,0,0,0,0
