Date,Country/Region,Province/State,Admin2,Confirmed,Deaths,Recovered,Latitude,Longitude,FIPS,Active Cases,Previous Confirmed,Previous Deaths,Previous Recovered,Previous Active,Prev2 Confirmed,Population,Daily Confirmed,Daily Deaths,Daily Recovered,Daily Active,Previous Daily Confirmed
2020-05-25,US,Alabama,Autauga,168,3,0,32.53952745,-86.64408227,1001.0,165,159,3,0,156,155,55601,9,0,0,9,4
2020-05-25,US,Alabama,Baldwin,274,9,0,30.72774991,-87.72207058,1003.0,265,274,9,0,265,273,218022,0,0,0,0,1
2020-05-25,US,Alabama,Barbour,113,1,0,31.868263,-85.3871286,1005.0,112,110,1,0,109,105,24881,3,0,0,3,5
2020-05-25,US,Alabama,Bibb,59,1,0,32.99642064,-87.12511459999996,1007.0,58,59,1,0,58,58,22400,0,0,0,0,1
2020-05-25,US,Alabama,Blount,49,1,0,33.98210918,-86.56790593,1009.0,48,49,1,0,48,49,57840,0,0,0,0,0
2020-05-25,US,Alabama,Bullock,133,3,0,32.10030533,-85.71265535,1011.0,130,111,1,0,110,105,10138,22,2,0,20,6
2020-05-25,US,Alabama,Butler,359,12,0,31.75300095,-86.68057478,1013.0,347,344,11,0,333,335,19680,15,1,0,14,9
2020-05-25,US,Alabama,Calhoun,146,3,0,33.77483727,-85.82630386,1015.0,143,141,3,0,138,138,114277,5,0,0,5,3
2020-05-25,US,Alabama,Chambers,337,24,0,32.91360079,-85.39072749,1017.0,313,336,23,0,313,330,33615,1,1,0,0,6
2020-05-25,US,Alabama,Cherokee,33,2,0,34.17805983,-85.60638968,1019.0,31,33,2,0,31,33,26032,0,0,0,0,0
2020-05-25,US,Alabama,Chilton,87,1,0,32.85044126,-86.7173256,1021.0,86,87,1,0,86,86,44153,0,0,0,0,1
2020-05-25,US,Alabama,Choctaw,144,4,0,32.02227341,-88.26564429999998,1023.0,140,141,4,0,137,139,12841,3,0,0,3,2
2020-05-25,US,Alabama,Clarke,109,2,0,31.68099859,-87.83548597,1025.0,107,102,2,0,100,97,23920,7,0,0,7,5
2020-05-25,US,Alabama,Clay,27,2,0,33.26984193,-85.85836077,1027.0,25,27,2,0,25,27,13275,0,0,0,0,0
2020-05-25,US,Alabama,Cleburne,13,1,0,33.67679204,-85.52005899,1029.0,12,13,1,0,12,13,14987,0,0,0,0,0
2020-05-25,US,Alabama,Coffee,206,1,0,31.39932826,-85.98901039,1031.0,205,200,1,0,199,196,51909,6,0,0,6,4
2020-05-25,US,Alabama,Colbert,142,2,0,34.69847452,-87.80168544,1033.0,140,136,2,0,134,125,54762,6,0,0,6,11
2020-05-25,US,Alabama,Conecuh,28,1,0,31.43401703,-86.99320044,1035.0,27,25,1,0,24,25,12277,3,0,0,3,0
2020-05-25,US,Alabama,Coosa,34,1,0,32.93690146,-86.24847739,1037.0,33,33,1,0,32,33,10715,1,0,0,1,0
2020-05-25,US,Alabama,Covington,67,1,0,31.247785399999998,-86.45050893,1039.0,66,65,1,0,64,63,36986,2,0,0,2,2
2020-05-25,US,Alabama,Crenshaw,60,2,0,31.72941803,-86.31593104,1041.0,58,58,2,0,56,58,13824,2,0,0,2,0
2020-05-25,US,Alabama,Cullman,78,0,0,34.13020303,-86.86888037,1043.0,78,76,0,0,76,74,83442,2,0,0,2,2
2020-05-25,US,Alabama,Dale,85,0,0,31.43037123,-85.61095742,1045.0,85,83,0,0,83,80,48956,2,0,0,2,3
2020-05-25,US,Alabama,Dallas,206,3,0,32.32688101,-87.10866709999998,1047.0,203,197,3,0,194,191,38310,9,0,0,9,6
2020-05-25,US,Alabama,DeKalb,226,3,0,34.45946862,-85.80782906,1049.0,223,221,3,0,218,214,71385,5,0,0,5,7
2020-05-25,US,Alabama,Elmore,270,7,0,32.59785413,-86.14415284,1051.0,263,263,7,0,256,254,81887,7,0,0,7,9
2020-05-25,US,Alabama,Escambia,43,3,0,31.1256789,-87.15918694,1053.0,40,43,3,0,40,40,36748,0,0,0,0,3
2020-05-25,US,Alabama,Etowah,238,11,0,34.04567266,-86.04051873,1055.0,227,236,10,0,226,228,102501,2,1,0,1,8
2020-05-25,US,Alabama,Fayette,11,0,0,33.72076938,-87.73886638,1057.0,11,11,0,0,11,11,16433,0,0,0,0,0
2020-05-25,US,Alabama,Franklin,467,6,0,34.44235334,-87.84289505,1059.0,461,447,6,0,441,434,31363,20,0,0,20,13
2020-05-25,US,Alabama,Geneva,35,0,0,31.09389027,-85.83572839,1061.0,35,33,0,0,33,31,26314,2,0,0,2,2
2020-05-25,US,Alabama,Greene,91,4,0,32.85504247,-87.95684022,1063.0,87,89,4,0,85,90,8233,2,0,0,2,-1
2020-05-25,US,Alabama,Hale,132,4,0,32.76039258,-87.63284988,1065.0,128,129,3,0,126,122,14726,3,1,0,2,7
2020-05-25,US,Alabama,Henry,64,2,0,31.51148016,-85.24267944,1067.0,62,56,2,0,54,52,17209,8,0,0,8,4
2020-05-25,US,Alabama,Houston,172,4,0,31.15197924,-85.29939599,1069.0,168,164,4,0,160,161,104722,8,0,0,8,3
2020-05-25,US,Alabama,Jackson,71,2,0,34.78144169,-85.99750489,1071.0,69,69,2,0,67,69,51736,2,0,0,2,0
2020-05-25,US,Alabama,Jefferson,1630,91,0,33.55554728,-86.89506300000002,1073.0,1539,1614,88,0,1526,1573,659300,16,3,0,13,41
2020-05-25,US,Alabama,Lamar,20,0,0,33.77995024,-88.09668032,1075.0,20,20,0,0,20,18,13844,0,0,0,0,2
2020-05-25,US,Alabama,Lauderdale,135,2,0,34.90171875,-87.65624729,1077.0,133,128,2,0,126,126,92387,7,0,0,7,2
2020-05-25,US,Alabama,Lawrence,43,0,0,34.52041498,-87.31069453,1079.0,43,42,0,0,42,41,32957,1,0,0,1,1
2020-05-25,US,Alabama,Lee,510,32,0,32.60154883,-85.35132246,1081.0,478,498,32,0,466,488,163941,12,0,0,12,10
2020-05-25,US,Alabama,Limestone,77,0,0,34.81185586,-86.98310072,1083.0,77,74,0,0,74,72,96174,3,0,0,3,2
2020-05-25,US,Alabama,Lowndes,193,10,0,32.1597283,-86.65158371,1085.0,183,186,10,0,176,182,9974,7,0,0,7,4
2020-05-25,US,Alabama,Macon,62,2,0,32.38759944,-85.69267724,1087.0,60,60,2,0,58,58,18439,2,0,0,2,2
2020-05-25,US,Alabama,Madison,302,4,0,34.76327133,-86.55069633,1089.0,298,296,4,0,292,292,366519,6,0,0,6,4
2020-05-25,US,Alabama,Marengo,141,6,0,32.24767634,-87.78796182,1091.0,135,133,6,0,127,132,19066,8,0,0,8,1
2020-05-25,US,Alabama,Marion,114,10,0,34.13697363,-87.88704173,1093.0,104,113,10,0,103,109,29763,1,0,0,1,4
2020-05-25,US,Alabama,Marshall,650,9,0,34.36975964,-86.30486727,1095.0,641,649,9,0,640,644,96109,1,0,0,1,5
2020-05-25,US,Alabama,Mobile,2033,111,0,30.78472347,-88.20842409,1097.0,1922,1996,109,0,1887,1973,413757,37,2,0,35,23
2020-05-25,US,Alabama,Monroe,33,2,0,31.56729412,-87.36995001,1099.0,31,28,2,0,26,26,21067,5,0,0,5,2
2020-05-25,US,Alabama,Montgomery,1274,33,0,32.2206831,-86.20969272,1101.0,1241,1186,30,0,1156,1141,225763,88,3,0,85,45
2020-05-25,US,Alabama,Morgan,176,1,0,34.45500589,-86.85475946,1103.0,175,162,1,0,161,157,119089,14,0,0,14,5
2020-05-25,US,Alabama,Perry,35,0,0,32.64048341,-87.29770589,1105.0,35,31,0,0,31,29,9140,4,0,0,4,2
2020-05-25,US,Alabama,Pickens,93,4,0,33.28094866,-88.08818103,1107.0,89,93,4,0,89,88,19938,0,0,0,0,5
2020-05-25,US,Alabama,Pike,145,0,0,31.80396383,-85.9408295,1109.0,145,136,0,0,136,128,33338,9,0,0,9,8
2020-05-25,US,Alabama,Randolph,124,7,0,33.29526734,-85.45708831,1111.0,117,125,7,0,118,124,22725,-1,0,0,-1,1
2020-05-25,US,Alabama,Russell,137,0,0,32.28725256,-85.18415324,1113.0,137,128,0,0,128,125,57781,9,0,0,9,3
2020-05-25,US,Alabama,Shelby,447,19,0,33.26879845,-86.66232561,1117.0,428,433,19,0,414,426,215707,14,0,0,14,7
2020-05-25,US,Alabama,St. Clair,104,1,0,33.71902176,-86.31029372,1115.0,103,102,1,0,101,100,88690,2,0,0,2,2
2020-05-25,US,Alabama,Sumter,193,6,0,32.59117397,-88.19916205,1119.0,187,191,6,0,185,185,12691,2,0,0,2,6
2020-05-25,US,Alabama,Talladega,91,2,0,33.37823223,-86.16886178,1121.0,89,91,2,0,89,86,79828,0,0,0,0,5
2020-05-25,US,Alabama,Tallapoosa,400,63,0,32.86698258,-85.79833053,1123.0,337,396,62,0,334,392,40497,4,1,0,3,4
2020-05-25,US,Alabama,Tuscaloosa,558,12,0,33.28726072,-87.52556818,1125.0,546,505,12,0,493,479,208911,53,0,0,53,26
2020-05-25,US,Alabama,Walker,239,1,0,33.80270512,-87.30027177,1127.0,238,198,1,0,197,191,63711,41,0,0,41,7
2020-05-25,US,Alabama,Washington,65,5,0,31.4092794,-88.20689944,1129.0,60,64,5,0,59,64,16378,1,0,0,1,0
2020-05-25,US,Alabama,Wilcox,118,7,0,31.98773215,-87.30891118,1131.0,111,118,7,0,111,113,10627,0,0,0,0,5
2020-05-25,US,Alabama,Winston,67,0,0,34.15030532,-87.37325922,1133.0,67,62,0,0,62,61,23660,5,0,0,5,1
2020-05-25,US,Alaska,Anchorage,206,4,0,61.14998174,-149.14269860000005,2020.0,202,206,4,0,202,206,291538,0,0,0,0,0
2020-05-25,US,Alaska,Bethel,2,0,0,60.90980451,-159.8561831,2050.0,2,2,0,0,2,2,18216,0,0,0,0,0
2020-05-25,US,Alaska,Fairbanks North Star,85,2,0,64.80726247,-146.5692662,2090.0,83,85,2,0,83,85,98971,0,0,0,0,0
2020-05-25,US,Alaska,Juneau,31,0,0,58.45031811,-134.200436,2110.0,31,31,0,0,31,31,32113,0,0,0,0,0
2020-05-25,US,Alaska,Kenai Peninsula,27,2,0,60.24429722,-151.53888840000005,2122.0,25,26,2,0,24,26,58533,1,0,0,1,0
2020-05-25,US,Alaska,Ketchikan Gateway,16,0,0,55.57445008,-130.975561,2130.0,16,16,0,0,16,16,13918,0,0,0,0,0
2020-05-25,US,Alaska,Kodiak Island,1,0,0,57.65529415,-153.7493579,2150.0,1,1,0,0,1,1,13345,0,0,0,0,0
2020-05-25,US,Alaska,Matanuska-Susitna,24,1,0,62.31305045,-149.5741743,2170.0,23,24,1,0,23,24,107610,0,0,0,0,0
2020-05-25,US,Alaska,Nome,3,0,0,64.90320724,-164.0353804,2180.0,3,3,0,0,3,3,10008,0,0,0,0,0
2020-05-25,US,Alaska,Northwest Arctic,2,0,0,67.04919196,-159.7503946,2188.0,2,2,0,0,2,2,7671,0,0,0,0,0
2020-05-25,US,Alaska,Petersburg,4,1,0,57.13978948,-132.9540995,2195.0,3,4,1,0,3,4,3221,0,0,0,0,0
2020-05-25,US,Alaska,Prince of Wales-Hyder,2,0,0,55.76261984,-133.0511621,2198.0,2,2,0,0,2,2,6422,0,0,0,0,0
2020-05-25,US,Alaska,Sitka,1,0,0,57.24124555,-135.3206587,2220.0,1,1,0,0,1,1,8647,0,0,0,0,0
2020-05-25,US,Alaska,Southeast Fairbanks,3,0,0,63.87692095,-143.2127643,2240.0,3,3,0,0,3,3,6918,0,0,0,0,0
2020-05-25,US,Alaska,Yukon-Koyukuk,1,0,0,65.50815459,-151.39073869999999,2290.0,1,1,0,0,1,1,5327,0,0,0,0,0
2020-05-25,US,Arizona,Apache,1191,26,0,35.39465006,-109.4892383,4001.0,1165,1191,25,0,1166,1144,71818,0,1,0,-1,47
2020-05-25,US,Arizona,Cochise,59,1,0,31.87934684,-109.7516088,4003.0,58,59,1,0,58,58,126770,0,0,0,0,1
2020-05-25,US,Arizona,Coconino,1028,72,0,35.83883429,-111.77071780000001,4005.0,956,1019,72,0,947,1000,142854,9,0,0,9,19
2020-05-25,US,Arizona,Gila,24,1,0,33.80190085,-110.8132779,4007.0,23,24,1,0,23,23,53889,0,0,0,0,1
2020-05-25,US,Arizona,Graham,24,0,0,32.93166885,-109.8882178,4009.0,24,21,0,0,21,21,38072,3,0,0,3,0
2020-05-25,US,Arizona,Greenlee,3,0,0,33.21498827,-109.2405279,4011.0,3,3,0,0,3,3,9483,0,0,0,0,0
2020-05-25,US,Arizona,La Paz,51,1,0,33.72854224,-113.98100290000001,4012.0,50,50,1,0,49,49,21098,1,0,0,1,1
2020-05-25,US,Arizona,Maricopa,8379,385,0,33.34835867,-112.49181540000001,4013.0,7994,8277,384,0,7893,8177,4410824,102,1,0,101,100
2020-05-25,US,Arizona,Mohave,319,37,0,35.70471703,-113.7577902,4015.0,282,304,34,0,270,303,209550,15,3,0,12,1
2020-05-25,US,Arizona,Navajo,1543,56,0,35.3997715,-110.3218983,4017.0,1487,1523,56,0,1467,1491,110445,20,0,0,20,32
2020-05-25,US,Arizona,Pima,2046,173,0,32.0971334,-111.7890033,4019.0,1873,2027,172,0,1855,2002,1039073,19,1,0,18,25
2020-05-25,US,Arizona,Pinal,764,37,0,32.90525627,-111.3449483,4021.0,727,755,37,0,718,751,447138,9,0,0,9,4
2020-05-25,US,Arizona,Santa Cruz,186,0,0,31.52508998,-110.8479088,4023.0,186,169,0,0,169,143,46511,17,0,0,17,26
2020-05-25,US,Arizona,Unassigned,0,2,0,0.0,0.0,90004.0,-2,0,2,0,-2,0,,0,0,0,0,0
2020-05-25,US,Arizona,Yavapai,288,6,0,34.59933926,-112.5538588,4025.0,282,285,6,0,279,284,231993,3,0,0,3,1
2020-05-25,US,Arizona,Yuma,670,10,0,32.76895712,-113.90666740000002,4027.0,660,670,10,0,660,604,212128,0,0,0,0,66
2020-05-25,US,Arkansas,Arkansas,3,0,0,34.29145151,-91.37277296,5001.0,3,3,0,0,3,2,17769,0,0,0,0,1
2020-05-25,US,Arkansas,Ashley,19,0,0,33.19153461,-91.76984709999999,5003.0,19,19,0,0,19,19,20046,0,0,0,0,0
2020-05-25,US,Arkansas,Baxter,7,0,0,36.28784385,-92.33782872,5005.0,7,6,0,0,6,6,41619,1,0,0,1,0
2020-05-25,US,Arkansas,Benton,297,0,0,36.33644656,-94.25680817,5007.0,297,284,0,0,284,237,272608,13,0,0,13,47
2020-05-25,US,Arkansas,Boone,6,0,0,36.3084504,-93.09374925,5009.0,6,6,0,0,6,6,37480,0,0,0,0,0
2020-05-25,US,Arkansas,Bradley,17,1,0,33.46755808,-92.15980837,5011.0,16,17,1,0,16,16,10897,0,0,0,0,1
2020-05-25,US,Arkansas,Carroll,15,0,0,36.34038560000001,-93.54270261,5015.0,15,10,0,0,10,10,28223,5,0,0,5,0
2020-05-25,US,Arkansas,Chicot,13,0,0,33.26458973,-91.29539209,5017.0,13,13,0,0,13,12,10438,0,0,0,0,1
2020-05-25,US,Arkansas,Clark,36,0,0,34.04613432,-93.17484713,5019.0,36,36,0,0,36,36,22061,0,0,0,0,0
2020-05-25,US,Arkansas,Clay,4,0,0,36.36826212,-90.4148172,5021.0,4,4,0,0,4,4,14847,0,0,0,0,0
2020-05-25,US,Arkansas,Cleburne,73,4,0,35.53864922,-92.02640019,5023.0,69,73,4,0,69,73,24965,0,0,0,0,0
2020-05-25,US,Arkansas,Cleveland,18,0,0,33.89723187,-92.18537045,5025.0,18,18,0,0,18,18,8018,0,0,0,0,0
2020-05-25,US,Arkansas,Columbia,20,2,0,33.21230701,-93.22642793,5027.0,18,20,2,0,18,20,23537,0,0,0,0,0
2020-05-25,US,Arkansas,Conway,14,1,0,35.26205537,-92.70506566,5029.0,13,14,1,0,13,14,20891,0,0,0,0,0
2020-05-25,US,Arkansas,Craighead,188,0,0,35.83018283,-90.63235729,5031.0,188,185,0,0,185,181,108558,3,0,0,3,4
2020-05-25,US,Arkansas,Crawford,14,0,0,35.58928601,-94.2446814,5033.0,14,13,0,0,13,13,63406,1,0,0,1,0
2020-05-25,US,Arkansas,Crittenden,293,9,0,35.21247318,-90.30839406,5035.0,284,285,9,0,276,280,48342,8,0,0,8,5
2020-05-25,US,Arkansas,Cross,42,0,0,35.29631396,-90.77185818,5037.0,42,42,0,0,42,42,16676,0,0,0,0,0
2020-05-25,US,Arkansas,Dallas,1,0,0,33.97042763,-92.65167437,5039.0,1,1,0,0,1,1,7182,0,0,0,0,0
2020-05-25,US,Arkansas,Desha,19,0,0,33.83011025,-91.25500948,5041.0,19,19,0,0,19,19,11512,0,0,0,0,0
2020-05-25,US,Arkansas,Drew,19,1,0,33.59035001,-91.71777921,5043.0,18,19,1,0,18,19,18328,0,0,0,0,0
2020-05-25,US,Arkansas,Faulkner,100,3,0,35.14719007,-92.33717519,5045.0,97,100,3,0,97,100,124806,0,0,0,0,0
2020-05-25,US,Arkansas,Franklin,4,0,0,35.51202821,-93.89299569,5047.0,4,4,0,0,4,4,17810,0,0,0,0,0
2020-05-25,US,Arkansas,Fulton,6,0,0,36.38177105,-91.81729127,5049.0,6,6,0,0,6,6,12269,0,0,0,0,0
2020-05-25,US,Arkansas,Garland,134,1,0,34.57692074,-93.14921604,5051.0,133,133,1,0,132,133,99154,1,0,0,1,0
2020-05-25,US,Arkansas,Grant,16,0,0,34.29017991,-92.42320562,5053.0,16,16,0,0,16,16,18188,0,0,0,0,0
2020-05-25,US,Arkansas,Greene,50,0,0,36.11735460000001,-90.55832668,5055.0,50,45,0,0,45,45,45325,5,0,0,5,0
2020-05-25,US,Arkansas,Hempstead,13,1,0,33.73325583,-93.66935133,5057.0,12,13,1,0,12,13,21741,0,0,0,0,0
2020-05-25,US,Arkansas,Hot Spring,30,0,0,34.31709259,-92.95396325,5059.0,30,30,0,0,30,29,33701,0,0,0,0,1
2020-05-25,US,Arkansas,Howard,17,0,0,34.09007427,-93.9934871,5061.0,17,16,0,0,16,15,13341,1,0,0,1,1
2020-05-25,US,Arkansas,Independence,28,0,0,35.74242707,-91.57001641,5063.0,28,28,0,0,28,29,37678,0,0,0,0,-1
2020-05-25,US,Arkansas,Izard,15,0,0,36.09604046,-91.90847954,5065.0,15,15,0,0,15,14,13593,0,0,0,0,1
2020-05-25,US,Arkansas,Jackson,1,0,0,35.59802983,-91.21494602,5067.0,1,1,0,0,1,1,16811,0,0,0,0,0
2020-05-25,US,Arkansas,Jefferson,504,23,0,34.26767081,-91.92619839,5069.0,481,504,23,0,481,504,68114,0,0,0,0,0
2020-05-25,US,Arkansas,Johnson,38,0,0,35.56759135,-93.46036368,5071.0,38,38,0,0,38,38,26742,0,0,0,0,0
2020-05-25,US,Arkansas,Lafayette,9,1,0,33.24116713,-93.60677071,5073.0,8,9,1,0,8,9,6682,0,0,0,0,0
2020-05-25,US,Arkansas,Lawrence,82,5,0,36.04188196,-91.10867198,5075.0,77,82,5,0,77,82,16434,0,0,0,0,0
2020-05-25,US,Arkansas,Lee,17,1,0,34.78498904,-90.78383866,5077.0,16,15,1,0,14,14,8985,2,0,0,2,1
2020-05-25,US,Arkansas,Lincoln,975,8,0,33.95317155,-91.74002806,5079.0,967,974,8,0,966,970,13383,1,0,0,1,4
2020-05-25,US,Arkansas,Little River,4,0,0,33.70375665,-94.23468591,5081.0,4,2,0,0,2,1,12326,2,0,0,2,1
2020-05-25,US,Arkansas,Logan,4,0,0,35.21413234,-93.71951016,5083.0,4,4,0,0,4,4,21737,0,0,0,0,0
2020-05-25,US,Arkansas,Lonoke,46,0,0,34.75392199,-91.88742357,5085.0,46,46,0,0,46,46,73657,0,0,0,0,0
2020-05-25,US,Arkansas,Madison,5,0,0,36.01038185,-93.72524943,5087.0,5,3,0,0,3,3,16481,2,0,0,2,0
2020-05-25,US,Arkansas,Marion,1,0,0,36.26844485,-92.68451899,5089.0,1,1,0,0,1,1,16722,0,0,0,0,0
2020-05-25,US,Arkansas,Miller,42,1,0,33.31403423,-93.89285258,5091.0,41,42,1,0,41,42,43592,0,0,0,0,0
2020-05-25,US,Arkansas,Mississippi,70,2,0,35.76271485,-90.05194370000002,5093.0,68,70,1,0,69,70,41239,0,1,0,-1,0
2020-05-25,US,Arkansas,Monroe,5,0,0,34.6815935,-91.20540287,5095.0,5,5,0,0,5,5,6900,0,0,0,0,0
2020-05-25,US,Arkansas,Montgomery,1,0,0,34.53704874,-93.65824478,5097.0,1,1,0,0,1,1,8924,0,0,0,0,0
2020-05-25,US,Arkansas,Nevada,4,0,0,33.66340119,-93.30632432,5099.0,4,4,0,0,4,4,8326,0,0,0,0,0
2020-05-25,US,Arkansas,Newton,3,0,0,35.91947491,-93.21612969,5101.0,3,3,0,0,3,3,7805,0,0,0,0,0
2020-05-25,US,Arkansas,Ouachita,10,0,0,33.58839816,-92.87795984,5103.0,10,10,0,0,10,10,23606,0,0,0,0,0
2020-05-25,US,Arkansas,Perry,13,0,0,34.945915299999996,-92.94372564,5105.0,13,13,0,0,13,12,10352,0,0,0,0,1
2020-05-25,US,Arkansas,Phillips,9,1,0,34.43268455,-90.84800154,5107.0,8,9,1,0,8,7,18029,0,0,0,0,2
2020-05-25,US,Arkansas,Pike,4,0,0,34.16250414,-93.65789349,5109.0,4,4,0,0,4,4,10673,0,0,0,0,0
2020-05-25,US,Arkansas,Poinsett,30,2,0,35.57433534,-90.66268713,5111.0,28,31,2,0,29,31,23974,-1,0,0,-1,0
2020-05-25,US,Arkansas,Polk,11,0,0,34.48254879,-94.22728802,5113.0,11,10,0,0,10,9,20049,1,0,0,1,1
2020-05-25,US,Arkansas,Pope,119,1,0,35.44871474,-93.03212219,5115.0,118,113,1,0,112,107,64000,6,0,0,6,6
2020-05-25,US,Arkansas,Prairie,2,0,0,34.83624419,-91.55162157,5117.0,2,2,0,0,2,2,8074,0,0,0,0,0
2020-05-25,US,Arkansas,Pulaski,793,29,0,34.77054088,-92.31355101,5119.0,764,785,29,0,756,773,392680,8,0,0,8,12
2020-05-25,US,Arkansas,Randolph,26,0,0,36.3415714,-91.02455531,5121.0,26,26,0,0,26,26,17948,0,0,0,0,0
2020-05-25,US,Arkansas,Saline,98,1,0,34.64916145,-92.67583224,5125.0,97,97,1,0,96,87,121421,1,0,0,1,10
2020-05-25,US,Arkansas,Scott,1,0,0,34.85588887,-94.0632176,5127.0,1,1,0,0,1,1,10319,0,0,0,0,0
2020-05-25,US,Arkansas,Searcy,6,0,0,35.9109364,-92.69936482,5129.0,6,6,0,0,6,6,7958,0,0,0,0,0
2020-05-25,US,Arkansas,Sebastian,20,0,0,35.19605503,-94.27162713,5131.0,20,19,0,0,19,19,127753,1,0,0,1,0
2020-05-25,US,Arkansas,Sevier,93,1,0,33.99780401,-94.2424869,5133.0,92,84,1,0,83,79,17139,9,0,0,9,5
2020-05-25,US,Arkansas,Sharp,42,2,0,36.16258158,-91.47819342,5135.0,40,42,2,0,40,42,17366,0,0,0,0,0
2020-05-25,US,Arkansas,St. Francis,639,1,0,35.02201976,-90.74828138,5123.0,638,634,1,0,633,628,25439,5,0,0,5,6
2020-05-25,US,Arkansas,Stone,8,0,0,35.86251946,-92.15684085,5137.0,8,8,0,0,8,8,12457,0,0,0,0,0
2020-05-25,US,Arkansas,Unassigned,159,0,0,0.0,0.0,90005.0,159,150,0,0,150,148,,9,0,0,9,2
2020-05-25,US,Arkansas,Union,160,6,0,33.16887091,-92.59746952,5139.0,154,157,6,0,151,152,39126,3,0,0,3,5
2020-05-25,US,Arkansas,Van Buren,28,2,0,35.58095779,-92.51295036,5141.0,26,28,2,0,26,28,16603,0,0,0,0,0
2020-05-25,US,Arkansas,Washington,276,5,0,35.976844,-94.21800746,5143.0,271,259,5,0,254,233,236961,17,0,0,17,26
2020-05-25,US,Arkansas,White,40,1,0,35.25688493,-91.74908296,5145.0,39,40,1,0,39,38,78727,0,0,0,0,2
2020-05-25,US,Arkansas,Woodruff,1,0,0,35.18902527,-91.2439489,5147.0,1,1,0,0,1,1,6490,0,0,0,0,0
2020-05-25,US,Arkansas,Yell,99,1,0,35.00292371,-93.41171338,5149.0,98,96,1,0,95,94,21535,3,0,0,3,2
2020-05-25,US,California,Alameda,2874,93,0,37.64629437,-121.8929271,6001.0,2781,2847,93,0,2754,2760,1666753,27,0,0,27,87
2020-05-25,US,California,Alpine,2,0,0,38.59678594,-119.82235940000001,6003.0,2,2,0,0,2,2,1101,0,0,0,0,0
2020-05-25,US,California,Amador,10,0,0,38.44583082,-120.65696000000001,6005.0,10,10,0,0,10,10,39383,0,0,0,0,0
2020-05-25,US,California,Butte,34,0,0,39.66727762,-121.6005252,6007.0,34,34,0,0,34,34,231256,0,0,0,0,0
2020-05-25,US,California,Calaveras,13,0,0,38.20537103,-120.55291299999999,6009.0,13,13,0,0,13,13,45602,0,0,0,0,0
2020-05-25,US,California,Colusa,5,0,0,39.17881957,-122.2331726,6011.0,5,5,0,0,5,5,21627,0,0,0,0,0
2020-05-25,US,California,Contra Costa,1336,37,0,37.91923498,-121.9289527,6013.0,1299,1321,36,0,1285,1296,1150215,15,1,0,14,25
2020-05-25,US,California,Del Norte,37,0,0,41.74228275,-123.89740630000001,6015.0,37,23,0,0,23,23,27828,14,0,0,14,0
2020-05-25,US,California,El Dorado,78,0,0,38.77965956,-120.5233166,6017.0,78,74,0,0,74,74,190678,4,0,0,4,0
2020-05-25,US,California,Fresno,1482,22,0,36.75733899,-119.6466953,6019.0,1460,1448,22,0,1426,1417,994400,34,0,0,34,31
2020-05-25,US,California,Glenn,12,0,0,39.59875897,-122.3938452,6021.0,12,12,0,0,12,12,28047,0,0,0,0,0
2020-05-25,US,California,Humboldt,93,2,0,40.69923009,-123.876044,6023.0,91,93,2,0,91,93,136373,0,0,0,0,0
2020-05-25,US,California,Imperial,1274,23,0,33.0393082,-115.36690420000001,6025.0,1251,1145,23,0,1122,1145,181827,129,0,0,129,0
2020-05-25,US,California,Inyo,19,1,0,36.51112084,-117.41119779999998,6027.0,18,19,1,0,18,19,17987,0,0,0,0,0
2020-05-25,US,California,Kern,1871,29,0,35.34329425,-118.72777959999999,6029.0,1842,1824,29,0,1795,1757,896764,47,0,0,47,67
2020-05-25,US,California,Kings,647,2,0,36.07409056,-119.8159973,6031.0,645,517,2,0,515,506,151366,130,0,0,130,11
2020-05-25,US,California,Lake,12,0,0,39.10124298,-122.75362439999999,6033.0,12,12,0,0,12,12,64382,0,0,0,0,0
2020-05-25,US,California,Lassen,4,0,0,40.67311306,-120.59350990000002,6035.0,4,2,0,0,2,2,30802,2,0,0,2,0
2020-05-25,US,California,Los Angeles,46023,2116,0,34.30828379,-118.22824109999999,6037.0,43907,45017,2106,0,42911,44121,10105518,1006,10,0,996,896
2020-05-25,US,California,Madera,84,2,0,37.21513971,-119.76655890000002,6039.0,82,84,2,0,82,82,157672,0,0,0,0,2
2020-05-25,US,California,Marin,403,14,0,38.07122463,-122.72106310000001,6041.0,389,388,14,0,374,369,259666,15,0,0,15,19
2020-05-25,US,California,Mariposa,15,1,0,37.57978556,-119.9073334,6043.0,14,15,1,0,14,15,17471,0,0,0,0,0
2020-05-25,US,California,Mendocino,21,0,0,39.4381191,-123.39113130000001,6045.0,21,21,0,0,21,21,87606,0,0,0,0,0
2020-05-25,US,California,Merced,261,6,0,37.18922369,-120.72090349999999,6047.0,255,251,6,0,245,251,274765,10,0,0,10,0
2020-05-25,US,California,Mono,34,1,0,37.93899289,-118.8872409,6051.0,33,34,1,0,33,34,14250,0,0,0,0,0
2020-05-25,US,California,Monterey,413,8,0,36.21862405,-121.24133970000001,6053.0,405,395,8,0,387,371,435594,18,0,0,18,24
2020-05-25,US,California,Napa,101,3,0,38.50735751,-122.33283899999999,6055.0,98,101,3,0,98,101,139417,0,0,0,0,0
2020-05-25,US,California,Nevada,41,1,0,39.30394768,-120.76272809999999,6057.0,40,41,1,0,40,41,99696,0,0,0,0,0
2020-05-25,US,California,Orange,5469,133,0,33.70147516,-117.76459979999998,6059.0,5336,5336,131,0,5205,5157,3185968,133,2,0,131,179
2020-05-25,US,California,Placer,185,9,0,39.06167234,-120.72405690000001,6061.0,176,184,9,0,175,185,393149,1,0,0,1,-1
2020-05-25,US,California,Plumas,4,0,0,40.00355989,-120.8395236,6063.0,4,4,0,0,4,4,18804,0,0,0,0,0
2020-05-25,US,California,Riverside,7004,292,0,33.74314981,-115.9933578,6065.0,6712,6464,290,0,6174,6464,2450758,540,2,0,538,0
2020-05-25,US,California,Sacramento,1302,56,0,38.45106826,-121.34253740000001,6067.0,1246,1293,56,0,1237,1289,1540975,9,0,0,9,4
2020-05-25,US,California,San Benito,72,2,0,36.60308176,-121.069975,6069.0,70,70,2,0,68,69,61537,2,0,0,2,1
2020-05-25,US,California,San Bernardino,4365,176,0,34.84060306,-116.1774685,6071.0,4189,4365,176,0,4189,4315,2171603,0,0,0,0,50
2020-05-25,US,California,San Diego,6701,249,0,33.03484597,-116.73653259999999,6073.0,6452,6559,249,0,6310,6559,3343364,142,0,0,142,0
2020-05-25,US,California,San Francisco,2386,40,0,37.75215114,-122.43856720000001,6075.0,2346,2367,40,0,2327,2350,883305,19,0,0,19,17
2020-05-25,US,California,San Joaquin,752,33,0,37.93433732,-121.2730061,6077.0,719,752,33,0,719,752,752660,0,0,0,0,0
2020-05-25,US,California,San Luis Obispo,259,1,0,35.38822029,-120.4039028,6079.0,258,258,1,0,257,259,284010,1,0,0,1,-1
2020-05-25,US,California,San Mateo,1833,76,0,37.422880799999994,-122.32755459999998,6081.0,1757,1833,76,0,1757,1833,769545,0,0,0,0,0
2020-05-25,US,California,Santa Barbara,1551,12,0,34.65329488,-120.0188492,6083.0,1539,1551,12,0,1539,1551,446527,0,0,0,0,0
2020-05-25,US,California,Santa Clara,2652,139,0,37.23104908,-121.6970462,6085.0,2513,2617,139,0,2478,2571,1937570,35,0,0,35,46
2020-05-25,US,California,Santa Cruz,200,2,0,37.05580291,-122.0066524,6087.0,198,192,2,0,190,192,274255,8,0,0,8,0
2020-05-25,US,California,Shasta,36,4,0,40.76391419,-122.0396884,6089.0,32,36,4,0,32,36,180040,0,0,0,0,0
2020-05-25,US,California,Sierra,1,0,0,39.57713498,-120.52007009999998,6091.0,1,1,0,0,1,1,2987,0,0,0,0,0
2020-05-25,US,California,Siskiyou,6,1,0,41.59198861,-122.54074340000001,6093.0,5,6,1,0,5,6,43724,0,0,0,0,0
2020-05-25,US,California,Solano,455,20,0,38.26827353,-121.9357113,6095.0,435,455,20,0,435,455,446610,0,0,0,0,0
2020-05-25,US,California,Sonoma,500,4,0,38.52746429,-122.88625060000001,6097.0,496,482,4,0,478,467,499942,18,0,0,18,15
2020-05-25,US,California,Stanislaus,646,28,0,37.55862499,-120.9970722,6099.0,618,629,28,0,601,621,549815,17,0,0,17,8
2020-05-25,US,California,Sutter,40,2,0,39.03417539,-121.6945899,6101.0,38,40,2,0,38,40,96807,0,0,0,0,0
2020-05-25,US,California,Tehama,3,1,0,40.12570935,-122.23701709999999,6103.0,2,3,1,0,2,3,63916,0,0,0,0,0
2020-05-25,US,California,Trinity,1,0,0,40.64917670000001,-123.114713,6105.0,1,1,0,0,1,1,12535,0,0,0,0,0
2020-05-25,US,California,Tulare,1641,75,0,36.22026558,-118.8020203,6107.0,1566,1641,75,0,1566,1641,465861,0,0,0,0,0
2020-05-25,US,California,Tuolumne,3,0,0,38.02644018,-119.95250929999999,6109.0,3,3,0,0,3,2,54539,0,0,0,0,1
2020-05-25,US,California,Ventura,912,30,0,34.44465746,-119.09106129999999,6111.0,882,912,30,0,882,912,850967,0,0,0,0,0
2020-05-25,US,California,Yolo,194,22,0,38.68278902,-121.90182879999999,6113.0,172,190,22,0,168,190,220408,4,0,0,4,0
2020-05-25,US,California,Yuba,28,1,0,39.26255932,-121.35356440000001,6115.0,27,28,1,0,27,28,78041,0,0,0,0,0
2020-05-25,US,Colorado,Adams,2908,112,0,39.87432092,-104.3362578,8001.0,2796,2869,112,0,2757,2856,511868,39,0,0,39,13
2020-05-25,US,Colorado,Alamosa,58,2,0,37.57250606,-105.7885451,8003.0,56,58,2,0,56,55,16683,0,0,0,0,3
2020-05-25,US,Colorado,Arapahoe,4075,280,0,39.64977461,-104.3353617,8005.0,3795,4039,280,0,3759,4027,651215,36,0,0,36,12
2020-05-25,US,Colorado,Archuleta,8,0,0,37.19474156,-107.0476867,8007.0,8,8,0,0,8,8,13765,0,0,0,0,0
2020-05-25,US,Colorado,Baca,12,0,0,37.31940883,-102.5603223,8009.0,12,12,0,0,12,12,3585,0,0,0,0,0
2020-05-25,US,Colorado,Bent,2,0,0,37.95474293,-103.0720195,8011.0,2,2,0,0,2,2,5882,0,0,0,0,0
2020-05-25,US,Colorado,Boulder,932,61,0,40.09313619,-105.3546767,8013.0,871,928,61,0,867,923,326078,4,0,0,4,5
2020-05-25,US,Colorado,Broomfield,221,25,0,39.95998787,-105.0566324,8014.0,196,220,25,0,195,220,69267,1,0,0,1,0
2020-05-25,US,Colorado,Chaffee,71,19,0,38.74745778,-106.19265729999998,8015.0,52,70,18,0,52,70,20027,1,1,0,0,0
2020-05-25,US,Colorado,Cheyenne,5,0,0,38.82777431,-102.6032558,8017.0,5,5,0,0,5,5,1876,0,0,0,0,0
2020-05-25,US,Colorado,Clear Creek,16,1,0,39.68864463,-105.6463118,8019.0,15,16,1,0,15,16,9605,0,0,0,0,0
2020-05-25,US,Colorado,Conejos,1,0,0,37.201606,-106.19174879999998,8021.0,1,1,0,0,1,1,8200,0,0,0,0,0
2020-05-25,US,Colorado,Costilla,3,0,0,37.27732493,-105.4276548,8023.0,3,3,0,0,3,3,3828,0,0,0,0,0
2020-05-25,US,Colorado,Crowley,63,1,0,38.32608609,-103.7844965,8025.0,62,62,1,0,61,57,5858,1,0,0,1,5
2020-05-25,US,Colorado,Custer,2,0,0,38.10883162,-105.3683478,8027.0,2,2,0,0,2,2,4954,0,0,0,0,0
2020-05-25,US,Colorado,Delta,67,1,0,38.86246243,-107.8631342,8029.0,66,67,1,0,66,65,30953,0,0,0,0,2
2020-05-25,US,Colorado,Denver,5216,298,0,39.76018276,-104.8725695,8031.0,4918,5173,299,0,4874,5151,716492,43,-1,0,44,22
2020-05-25,US,Colorado,Douglas,678,44,0,39.33133796,-104.930001,8035.0,634,675,44,0,631,675,342776,3,0,0,3,0
2020-05-25,US,Colorado,Eagle,577,8,0,39.62754308,-106.6933637,8037.0,569,581,8,0,573,580,54993,-4,0,0,-4,1
2020-05-25,US,Colorado,El Paso,1535,89,0,38.83240149,-104.5251411,8041.0,1446,1505,89,0,1416,1493,713856,30,0,0,30,12
2020-05-25,US,Colorado,Elbert,49,2,0,39.28656773,-104.1358721,8039.0,47,48,2,0,46,48,26282,1,0,0,1,0
2020-05-25,US,Colorado,Fremont,26,0,0,38.47362326,-105.4399667,8043.0,26,26,0,0,26,26,48021,0,0,0,0,0
2020-05-25,US,Colorado,Garfield,123,2,0,39.59921777,-107.902708,8045.0,121,121,2,0,119,120,59770,2,0,0,2,1
2020-05-25,US,Colorado,Gilpin,3,0,0,39.85646523,-105.5252597,8047.0,3,3,0,0,3,3,6121,0,0,0,0,0
2020-05-25,US,Colorado,Grand,7,0,0,40.10603347,-106.1178042,8049.0,7,6,0,0,6,6,15525,1,0,0,1,0
2020-05-25,US,Colorado,Gunnison,179,6,0,38.66611652,-107.0320729,8051.0,173,180,6,0,174,178,17246,-1,0,0,-1,2
2020-05-25,US,Colorado,Hinsdale,3,0,0,37.82247444,-107.3004345,8053.0,3,3,0,0,3,3,811,0,0,0,0,0
2020-05-25,US,Colorado,Huerfano,3,0,0,37.68473101,-104.9612585,8055.0,3,3,0,0,3,3,6889,0,0,0,0,0
2020-05-25,US,Colorado,Jefferson,2061,146,0,39.58635604,-105.2517692,8059.0,1915,2040,144,0,1896,2030,580233,21,2,0,19,10
2020-05-25,US,Colorado,Kit Carson,26,3,0,39.30497777,-102.6022199,8063.0,23,26,3,0,23,26,7163,0,0,0,0,0
2020-05-25,US,Colorado,La Plata,77,1,0,37.28632032,-107.8429014,8067.0,76,77,1,0,76,76,56310,0,0,0,0,1
2020-05-25,US,Colorado,Lake,27,0,0,39.20278823,-106.3555697,8065.0,27,27,0,0,27,27,7824,0,0,0,0,0
2020-05-25,US,Colorado,Larimer,540,21,0,40.66671597,-105.4625784,8069.0,519,537,21,0,516,530,350518,3,0,0,3,7
2020-05-25,US,Colorado,Las Animas,5,0,0,37.3153406,-104.0376458,8071.0,5,5,0,0,5,5,14503,0,0,0,0,0
2020-05-25,US,Colorado,Lincoln,3,0,0,38.98749519,-103.5136649,8073.0,3,3,0,0,3,3,5610,0,0,0,0,0
2020-05-25,US,Colorado,Logan,582,3,0,40.7249637,-103.110817,8075.0,579,582,3,0,579,493,21528,0,0,0,0,89
2020-05-25,US,Colorado,Mesa,55,0,0,39.01787888,-108.469799,8077.0,55,55,0,0,55,54,153207,0,0,0,0,1
2020-05-25,US,Colorado,Mineral,2,0,0,37.66954283,-106.9281698,8079.0,2,2,0,0,2,2,776,0,0,0,0,0
2020-05-25,US,Colorado,Moffat,6,0,0,40.61810999,-108.2070876,8081.0,6,6,0,0,6,6,13188,0,0,0,0,0
2020-05-25,US,Colorado,Montezuma,36,3,0,37.33859579,-108.5958857,8083.0,33,35,3,0,32,35,26158,1,0,0,1,0
2020-05-25,US,Colorado,Montrose,159,12,0,38.40214114,-108.26390220000002,8085.0,147,159,12,0,147,159,42214,0,0,0,0,0
2020-05-25,US,Colorado,Morgan,609,41,0,40.26279810000001,-103.8093302,8087.0,568,604,41,0,563,603,28558,5,0,0,5,1
2020-05-25,US,Colorado,Otero,15,1,0,37.9014485,-103.7173385,8089.0,14,14,1,0,13,14,18432,1,0,0,1,0
2020-05-25,US,Colorado,Ouray,8,1,0,38.14717457,-107.7675136,8091.0,7,8,1,0,7,8,4833,0,0,0,0,0
2020-05-25,US,Colorado,Park,23,0,0,39.120926,-105.7182065,8093.0,23,23,0,0,23,23,18556,0,0,0,0,0
2020-05-25,US,Colorado,Phillips,12,0,0,40.59414277,-102.3577703,8095.0,12,12,0,0,12,12,4286,0,0,0,0,0
2020-05-25,US,Colorado,Pitkin,57,2,0,39.21720112,-106.9310027,8097.0,55,57,2,0,55,57,17950,0,0,0,0,0
2020-05-25,US,Colorado,Prowers,12,0,0,37.95544985,-102.3926052,8099.0,12,12,0,0,12,12,12164,0,0,0,0,0
2020-05-25,US,Colorado,Pueblo,263,14,0,38.17359144,-104.5127437,8101.0,249,263,14,0,249,260,167529,0,0,0,0,3
2020-05-25,US,Colorado,Rio Blanco,1,0,0,39.97913541,-108.2179009,8103.0,1,1,0,0,1,1,6336,0,0,0,0,0
2020-05-25,US,Colorado,Rio Grande,16,0,0,37.5836865,-106.3847838,8105.0,16,16,0,0,16,16,11250,0,0,0,0,0
2020-05-25,US,Colorado,Routt,59,6,0,40.48596505,-106.9905548,8107.0,53,59,6,0,53,59,25733,0,0,0,0,0
2020-05-25,US,Colorado,Saguache,36,0,0,38.08054629,-106.282466,8109.0,36,25,0,0,25,24,6843,11,0,0,11,1
2020-05-25,US,Colorado,San Juan,1,0,0,37.76248981,-107.67632890000002,8111.0,1,1,0,0,1,1,762,0,0,0,0,0
2020-05-25,US,Colorado,San Miguel,23,0,0,38.00450883,-108.4020725,8113.0,23,23,0,0,23,23,8191,0,0,0,0,0
2020-05-25,US,Colorado,Summit,205,2,0,39.63803232,-106.1150762,8117.0,203,207,2,0,205,203,31007,-2,0,0,-2,4
2020-05-25,US,Colorado,Teller,32,2,0,38.88133511,-105.1614893,8119.0,30,32,2,0,30,32,25083,0,0,0,0,0
2020-05-25,US,Colorado,Washington,32,0,0,39.97015535,-103.202587,8121.0,32,31,0,0,31,30,4909,1,0,0,1,1
2020-05-25,US,Colorado,Weld,2412,124,0,40.55499405,-104.3929621,8123.0,2288,2406,125,0,2281,2391,314305,6,-1,0,7,15
2020-05-25,US,Colorado,Yuma,18,0,0,40.00346839,-102.4258673,8125.0,18,15,0,0,15,15,10020,3,0,0,3,0
2020-05-25,US,Connecticut,Fairfield,15213,1221,0,41.26809896,-73.3881171,9001.0,13992,15114,1215,0,13899,14989,943823,99,6,0,93,125
2020-05-25,US,Connecticut,Hartford,9841,1187,0,41.80283011,-72.73103891,9003.0,8654,9686,1175,0,8511,9545,892697,155,12,0,143,141
2020-05-25,US,Connecticut,Litchfield,1346,126,0,41.7937534,-73.2451475,9005.0,1220,1331,121,0,1210,1304,181111,15,5,0,10,27
2020-05-25,US,Connecticut,Middlesex,1012,138,0,41.45949668,-72.53714864,9007.0,874,1010,136,0,874,999,162682,2,2,0,0,11
2020-05-25,US,Connecticut,New Haven,11017,922,0,41.408032500000004,-72.93620426,9009.0,10095,10905,903,0,10002,10847,857620,112,19,0,93,58
2020-05-25,US,Connecticut,New London,1043,78,0,41.48896435,-72.10430976,9011.0,965,1046,74,0,972,970,266784,-3,4,0,-7,76
2020-05-25,US,Connecticut,Tolland,812,56,0,41.85853803,-72.3308481,9013.0,756,807,55,0,752,799,150921,5,1,0,4,8
2020-05-25,US,Connecticut,Unassigned,224,0,0,0.0,0.0,90009.0,224,210,0,0,210,215,,14,0,0,14,-5
2020-05-25,US,Connecticut,Windham,365,14,0,41.82972709,-71.98182316,9015.0,351,359,14,0,345,354,117027,6,0,0,6,5
2020-05-25,US,Delaware,Kent,1356,56,0,39.08646628,-75.56884914,10001.0,1300,1340,56,0,1284,1296,178550,16,0,0,16,44
2020-05-25,US,Delaware,New Castle,3436,149,0,39.57992638,-75.64054974,10003.0,3287,3309,148,0,3161,3132,559335,127,1,0,126,177
2020-05-25,US,Delaware,Sussex,4118,126,0,38.66143781,-75.39031349,10005.0,3992,4103,121,0,3982,4048,229286,15,5,0,10,55
2020-05-25,US,Delaware,Unassigned,55,1,0,0.0,0.0,90010.0,54,57,1,0,56,53,,-2,0,0,-2,4
2020-05-25,US,District of Columbia,District of Columbia,8225,440,0,38.90417773,-77.01655992,11001.0,7785,8110,432,0,7678,7966,702455,115,8,0,107,144
2020-05-25,US,Florida,Alachua,365,7,0,29.67866525,-82.35928158,12001.0,358,361,7,0,354,355,269956,4,0,0,4,6
2020-05-25,US,Florida,Baker,27,3,0,30.33060121,-82.28467476,12003.0,24,27,3,0,24,27,28355,0,0,0,0,0
2020-05-25,US,Florida,Bay,97,3,0,30.26548745,-85.62122584,12005.0,94,95,3,0,92,94,185287,2,0,0,2,1
2020-05-25,US,Florida,Bradford,51,2,0,29.95079741,-82.16611613,12007.0,49,51,2,0,49,50,27732,0,0,0,0,1
2020-05-25,US,Florida,Brevard,398,12,0,28.29409504,-80.73091022,12009.0,386,394,11,0,383,389,596849,4,1,0,3,5
2020-05-25,US,Florida,Broward,6760,298,0,26.15184651,-80.48725556,12011.0,6462,6697,292,0,6405,6649,1951260,63,6,0,57,48
2020-05-25,US,Florida,Calhoun,52,3,0,30.40666734,-85.19394153,12013.0,49,52,3,0,49,52,14587,0,0,0,0,0
2020-05-25,US,Florida,Charlotte,427,56,0,26.90131002,-81.92949121,12015.0,371,423,56,0,367,417,184998,4,0,0,4,6
2020-05-25,US,Florida,Citrus,119,12,0,28.84804315,-82.47614748,12017.0,107,119,12,0,107,119,147929,0,0,0,0,0
2020-05-25,US,Florida,Clay,362,27,0,29.98319144,-81.85609986,12019.0,335,357,27,0,330,354,216072,5,0,0,5,3
2020-05-25,US,Florida,Collier,1282,46,0,26.11091986,-81.34687065,12021.0,1236,1251,45,0,1206,1195,378488,31,1,0,30,56
2020-05-25,US,Florida,Columbia,131,2,0,30.22509788,-82.62160164,12023.0,129,130,2,0,128,125,70503,1,0,0,1,5
2020-05-25,US,Florida,DeSoto,117,8,0,27.18677893,-81.80941373,12027.0,109,115,8,0,107,112,37489,2,0,0,2,3
2020-05-25,US,Florida,Dixie,43,1,0,29.60631086,-83.15724673,12029.0,42,41,1,0,40,38,16700,2,0,0,2,3
2020-05-25,US,Florida,Duval,1467,43,0,30.33225875,-81.66976468,12031.0,1424,1439,41,0,1398,1406,950181,28,2,0,26,33
2020-05-25,US,Florida,Escambia,768,26,0,30.67652764,-87.37284571,12033.0,742,756,26,0,730,749,315534,12,0,0,12,7
2020-05-25,US,Florida,Flagler,177,4,0,29.45933576,-81.31508595,12035.0,173,177,4,0,173,173,112067,0,0,0,0,4
2020-05-25,US,Florida,Franklin,2,0,0,29.83791238,-84.82731662,12037.0,2,2,0,0,2,2,11736,0,0,0,0,0
2020-05-25,US,Florida,Gadsden,264,1,0,30.57796289,-84.61915825,12039.0,263,255,1,0,254,255,45894,9,0,0,9,0
2020-05-25,US,Florida,Gilchrist,12,0,0,29.72856978,-82.79880657,12041.0,12,11,0,0,11,10,18256,1,0,0,1,1
2020-05-25,US,Florida,Glades,20,1,0,26.95635849,-81.18996211,12043.0,19,20,1,0,19,20,13724,0,0,0,0,0
2020-05-25,US,Florida,Gulf,1,0,0,29.93543004,-85.24270990000002,12045.0,1,1,0,0,1,1,16164,0,0,0,0,0
2020-05-25,US,Florida,Hamilton,206,0,0,30.49673973,-82.94998918,12047.0,206,194,0,0,194,161,14310,12,0,0,12,33
2020-05-25,US,Florida,Hardee,85,0,0,27.49293939,-81.80956574,12049.0,85,77,0,0,77,63,27245,8,0,0,8,14
2020-05-25,US,Florida,Hendry,321,12,0,26.55386945,-81.16469006,12051.0,309,281,12,0,269,249,41556,40,0,0,40,32
2020-05-25,US,Florida,Hernando,112,5,0,28.55364461,-82.42700204,12053.0,107,109,5,0,104,109,190865,3,0,0,3,0
2020-05-25,US,Florida,Highlands,114,8,0,27.34254618,-81.34071957,12055.0,106,113,8,0,105,112,105424,1,0,0,1,1
2020-05-25,US,Florida,Hillsborough,1939,72,0,27.9276559,-82.32013172,12057.0,1867,1883,72,0,1811,1823,1436888,56,0,0,56,60
2020-05-25,US,Florida,Holmes,14,0,0,30.86747479,-85.81319222,12059.0,14,14,0,0,14,14,19477,0,0,0,0,0
2020-05-25,US,Florida,Indian River,117,9,0,27.69308961,-80.60556721,12061.0,108,116,9,0,107,113,157413,1,0,0,1,3
2020-05-25,US,Florida,Jackson,238,0,0,30.795459700000002,-85.21500423,12063.0,238,230,0,0,230,225,48305,8,0,0,8,5
2020-05-25,US,Florida,Jefferson,29,3,0,30.43669112,-83.89442308,12065.0,26,29,3,0,26,29,14288,0,0,0,0,0
2020-05-25,US,Florida,Lafayette,8,0,0,29.98484137,-83.18166636,12067.0,8,8,0,0,8,8,8732,0,0,0,0,0
2020-05-25,US,Florida,Lake,275,15,0,28.76202069,-81.7125123,12069.0,260,273,15,0,258,271,356495,2,0,0,2,2
2020-05-25,US,Florida,Lee,1736,93,0,26.58410348,-81.88399313,12071.0,1643,1699,92,0,1607,1677,754610,37,1,0,36,22
2020-05-25,US,Florida,Leon,372,6,0,30.45955727,-84.27491114,12073.0,366,332,6,0,326,330,292502,40,0,0,40,2
2020-05-25,US,Florida,Levy,29,0,0,29.31829741,-82.74007147,12075.0,29,27,0,0,27,27,40770,2,0,0,2,0
2020-05-25,US,Florida,Liberty,209,0,0,30.23766008,-84.8829258,12077.0,209,206,0,0,206,204,8457,3,0,0,3,2
2020-05-25,US,Florida,Madison,69,3,0,30.44396917,-83.47398594,12079.0,66,68,3,0,65,67,18529,1,0,0,1,1
2020-05-25,US,Florida,Manatee,988,91,0,27.47196942,-82.31831044,12081.0,897,975,91,0,884,958,394855,13,0,0,13,17
2020-05-25,US,Florida,Marion,237,5,0,29.21227113,-82.05803627,12083.0,232,237,5,0,232,233,359977,0,0,0,0,4
2020-05-25,US,Florida,Martin,510,9,0,27.0772071,-80.43109784,12085.0,501,494,9,0,485,483,160912,16,0,0,16,11
2020-05-25,US,Florida,Miami-Dade,17041,633,0,25.6112362,-80.55170587,12086.0,16408,16845,631,0,16214,16694,2761581,196,2,0,194,151
2020-05-25,US,Florida,Monroe,107,4,0,25.20904673,-81.07812416,12087.0,103,108,3,0,105,107,75027,-1,1,0,-2,1
2020-05-25,US,Florida,Nassau,70,1,0,30.61037141,-81.80297522,12089.0,69,70,1,0,69,69,85832,0,0,0,0,1
2020-05-25,US,Florida,Okaloosa,193,6,0,30.69143028,-86.59267105,12091.0,187,193,6,0,187,192,207269,0,0,0,0,1
2020-05-25,US,Florida,Okeechobee,64,0,0,27.386336199999995,-80.88944347,12093.0,64,60,0,0,60,57,41537,4,0,0,4,3
2020-05-25,US,Florida,Orange,1831,39,0,28.51367621,-81.31799498,12095.0,1792,1808,39,0,1769,1768,1380645,23,0,0,23,40
2020-05-25,US,Florida,Osceola,658,18,0,28.06312234,-81.14882926,12097.0,640,658,18,0,640,648,367990,0,0,0,0,10
2020-05-25,US,Florida,Palm Beach,5355,315,0,26.64676272,-80.46536002,12099.0,5040,5201,315,0,4886,5140,1485941,154,0,0,154,61
2020-05-25,US,Florida,Pasco,360,12,0,28.30810945,-82.40227529,12101.0,348,349,12,0,337,341,539630,11,0,0,11,8
2020-05-25,US,Florida,Pinellas,1187,75,0,27.93130349,-82.72239666,12103.0,1112,1173,75,0,1098,1153,975280,14,0,0,14,20
2020-05-25,US,Florida,Polk,878,49,0,27.95027105,-81.69732947,12105.0,829,869,49,0,820,853,708009,9,0,0,9,16
2020-05-25,US,Florida,Putnam,143,4,0,29.60779729,-81.74230285,12107.0,139,140,4,0,136,139,74163,3,0,0,3,1
2020-05-25,US,Florida,Santa Rosa,208,9,0,30.69341450000001,-87.02458128,12113.0,199,207,9,0,198,207,179349,1,0,0,1,0
2020-05-25,US,Florida,Sarasota,590,73,0,27.18546175,-82.33174248,12115.0,517,586,73,0,513,576,426718,4,0,0,4,10
2020-05-25,US,Florida,Seminole,461,12,0,28.7158582,-81.24060348,12117.0,449,459,12,0,447,454,467832,2,0,0,2,5
2020-05-25,US,Florida,St. Johns,240,5,0,29.90096506,-81.43589967,12109.0,235,239,5,0,234,238,254261,1,0,0,1,1
2020-05-25,US,Florida,St. Lucie,404,29,0,27.37763908,-80.47106649,12111.0,375,391,28,0,363,386,321128,13,1,0,12,5
2020-05-25,US,Florida,Sumter,253,17,0,28.70181754,-82.0794267,12119.0,236,253,17,0,236,253,128754,0,0,0,0,0
2020-05-25,US,Florida,Suwannee,166,18,0,30.19746066,-82.99099670000003,12121.0,148,165,18,0,147,164,44191,1,0,0,1,1
2020-05-25,US,Florida,Taylor,14,0,0,30.04848048,-83.60445406,12123.0,14,12,0,0,12,11,21623,2,0,0,2,1
2020-05-25,US,Florida,Unassigned,85,0,0,0.0,0.0,90012.0,85,85,0,0,85,84,,0,0,0,0,1
2020-05-25,US,Florida,Union,30,0,0,30.04412971,-82.37497443,12125.0,30,30,0,0,30,29,14940,0,0,0,0,1
2020-05-25,US,Florida,Volusia,673,37,0,29.05858895,-81.18263252,12127.0,636,663,37,0,626,655,547538,10,0,0,10,8
2020-05-25,US,Florida,Wakulla,32,1,0,30.16548905,-84.39895211,12129.0,31,32,1,0,31,32,32461,0,0,0,0,0
2020-05-25,US,Florida,Walton,108,8,0,30.64204028,-86.16935664,12131.0,100,106,8,0,98,103,71375,2,0,0,2,3
2020-05-25,US,Florida,Washington,45,1,0,30.61359259,-85.66002461,12133.0,44,26,1,0,25,26,24880,19,0,0,19,0
2020-05-25,US,Georgia,Appling,134,13,0,31.74847232,-82.28909114,13001.0,121,132,13,0,119,124,18507,2,0,0,2,8
2020-05-25,US,Georgia,Atkinson,31,2,0,31.29633502,-82.87545866,13003.0,29,29,2,0,27,26,8297,2,0,0,2,3
2020-05-25,US,Georgia,Bacon,77,2,0,31.55456473,-82.45936528,13005.0,75,75,2,0,73,76,11185,2,0,0,2,-1
2020-05-25,US,Georgia,Baker,33,2,0,31.32669878,-84.44218806,13007.0,31,33,2,0,31,33,3092,0,0,0,0,0
2020-05-25,US,Georgia,Baldwin,330,25,0,33.06882326,-83.24701748,13009.0,305,331,24,0,307,329,44823,-1,1,0,-2,2
2020-05-25,US,Georgia,Banks,73,0,0,34.35607081,-83.49644388,13011.0,73,73,0,0,73,73,18988,0,0,0,0,0
2020-05-25,US,Georgia,Barrow,292,11,0,33.99148694,-83.71436292,13013.0,281,283,11,0,272,283,80809,9,0,0,9,0
2020-05-25,US,Georgia,Bartow,443,36,0,34.23732119,-84.83887523,13015.0,407,443,36,0,407,444,106408,0,0,0,0,-1
2020-05-25,US,Georgia,Ben Hill,61,1,0,31.76095874,-83.22145359,13017.0,60,58,1,0,57,56,16787,3,0,0,3,2
2020-05-25,US,Georgia,Berrien,37,0,0,31.27590016,-83.22529920000002,13019.0,37,34,0,0,34,34,19252,3,0,0,3,0
2020-05-25,US,Georgia,Bibb,435,24,0,32.80904227,-83.70489165,13021.0,411,433,24,0,409,432,153095,2,0,0,2,1
2020-05-25,US,Georgia,Bleckley,38,0,0,32.43829035,-83.33035166,13023.0,38,39,0,0,39,38,12838,-1,0,0,-1,1
2020-05-25,US,Georgia,Brantley,51,2,0,31.19576557,-81.97743999,13025.0,49,51,2,0,49,50,18897,0,0,0,0,1
2020-05-25,US,Georgia,Brooks,67,9,0,30.83922642,-83.58303423,13027.0,58,66,9,0,57,66,15513,1,0,0,1,0
2020-05-25,US,Georgia,Bryan,70,5,0,32.00979311,-81.44002948,13029.0,65,70,5,0,65,69,38109,0,0,0,0,1
2020-05-25,US,Georgia,Bulloch,52,2,0,32.39577406,-81.74811421,13031.0,50,52,2,0,50,52,77296,0,0,0,0,0
2020-05-25,US,Georgia,Burke,123,4,0,33.05917989,-81.99928721,13033.0,119,121,4,0,117,120,22423,2,0,0,2,1
2020-05-25,US,Georgia,Butts,211,21,0,33.283094500000004,-83.95435040000002,13035.0,190,209,20,0,189,208,24193,2,1,0,1,1
2020-05-25,US,Georgia,Calhoun,128,5,0,31.53169785,-84.62725131,13037.0,123,126,5,0,121,126,6352,2,0,0,2,0
2020-05-25,US,Georgia,Camden,55,1,0,30.92951916,-81.66601818,13039.0,54,56,1,0,55,53,53677,-1,0,0,-1,3
2020-05-25,US,Georgia,Candler,13,0,0,32.40209349,-82.07702563,13043.0,13,13,0,0,13,13,10836,0,0,0,0,0
2020-05-25,US,Georgia,Carroll,472,24,0,33.58138199,-85.07976677,13045.0,448,445,24,0,421,440,118121,27,0,0,27,5
2020-05-25,US,Georgia,Catoosa,105,0,0,34.89872298,-85.13757014,13047.0,105,101,0,0,101,97,67420,4,0,0,4,4
2020-05-25,US,Georgia,Charlton,29,1,0,30.78371028,-82.13951596,13049.0,28,29,1,0,28,29,12968,0,0,0,0,0
2020-05-25,US,Georgia,Chatham,448,21,0,32.00043026,-81.12489526,13051.0,427,445,21,0,424,435,289195,3,0,0,3,10
2020-05-25,US,Georgia,Chattahoochee,25,0,0,32.34341231,-84.78809239,13053.0,25,24,0,0,24,22,10684,1,0,0,1,2
2020-05-25,US,Georgia,Chattooga,24,2,0,34.47197698,-85.34535662,13055.0,22,24,2,0,22,24,24790,0,0,0,0,0
2020-05-25,US,Georgia,Cherokee,831,29,0,34.24393976,-84.47431861,13057.0,802,810,29,0,781,807,254149,21,0,0,21,3
2020-05-25,US,Georgia,Clarke,232,13,0,33.95436462,-83.37124007,13059.0,219,224,13,0,211,222,127330,8,0,0,8,2
2020-05-25,US,Georgia,Clay,35,2,0,31.62221166,-84.97713865,13061.0,33,35,2,0,33,35,2887,0,0,0,0,0
2020-05-25,US,Georgia,Clayton,1132,43,0,33.54187245,-84.35594188,13063.0,1089,1119,43,0,1076,1089,289615,13,0,0,13,30
2020-05-25,US,Georgia,Clinch,56,1,0,30.91395822,-82.70432472,13065.0,55,49,1,0,48,47,6648,7,0,0,7,2
2020-05-25,US,Georgia,Cobb,2795,146,0,33.94243204,-84.5761255,13067.0,2649,2702,142,0,2560,2661,756865,93,4,0,89,41
2020-05-25,US,Georgia,Coffee,250,13,0,31.54892966,-82.85492059999999,13069.0,237,248,13,0,235,227,43093,2,0,0,2,21
2020-05-25,US,Georgia,Colquitt,349,14,0,31.18810588,-83.7677946,13071.0,335,296,14,0,282,289,45592,53,0,0,53,7
2020-05-25,US,Georgia,Columbia,224,6,0,33.54534185,-82.263524,13073.0,218,223,6,0,217,223,154291,1,0,0,1,0
2020-05-25,US,Georgia,Cook,46,2,0,31.16068491,-83.42947229,13075.0,44,46,2,0,44,44,17162,0,0,0,0,2
2020-05-25,US,Georgia,Coweta,376,8,0,33.35334302,-84.76129976,13077.0,368,331,8,0,323,316,145864,45,0,0,45,15
2020-05-25,US,Georgia,Crawford,26,0,0,32.71391813,-83.98061238,13079.0,26,26,0,0,26,25,12318,0,0,0,0,1
2020-05-25,US,Georgia,Crisp,223,7,0,31.92289565,-83.76811843,13081.0,216,221,7,0,214,211,22601,2,0,0,2,10
2020-05-25,US,Georgia,Dade,27,1,0,34.854916700000004,-85.50490424,13083.0,26,27,1,0,26,27,16226,0,0,0,0,0
2020-05-25,US,Georgia,Dawson,103,1,0,34.44244079,-84.16964071,13085.0,102,101,1,0,100,101,25083,2,0,0,2,0
2020-05-25,US,Georgia,DeKalb,3305,104,0,33.76944049,-84.22396017,13089.0,3201,3257,102,0,3155,3146,756558,48,2,0,46,111
2020-05-25,US,Georgia,Decatur,153,4,0,30.87967778,-84.57619536,13087.0,149,146,4,0,142,145,26575,7,0,0,7,1
2020-05-25,US,Georgia,Dodge,48,2,0,32.17265114,-83.16948926,13091.0,46,48,2,0,46,48,20705,0,0,0,0,0
2020-05-25,US,Georgia,Dooly,172,12,0,32.15630737,-83.79746561,13093.0,160,168,12,0,156,165,13706,4,0,0,4,3
2020-05-25,US,Georgia,Dougherty,1730,140,0,31.53328528,-84.21722377,13095.0,1590,1727,139,0,1588,1725,91243,3,1,0,2,2
2020-05-25,US,Georgia,Douglas,504,22,0,33.70291126,-84.77026156,13097.0,482,490,22,0,468,487,145331,14,0,0,14,3
2020-05-25,US,Georgia,Early,235,29,0,31.32155345,-84.90255207,13099.0,206,234,29,0,205,236,10247,1,0,0,1,-2
2020-05-25,US,Georgia,Echols,62,0,0,30.71101099,-82.89687287,13101.0,62,61,0,0,61,61,4000,1,0,0,1,0
2020-05-25,US,Georgia,Effingham,63,1,0,32.36616021,-81.34280942,13103.0,62,63,1,0,62,63,62190,0,0,0,0,0
2020-05-25,US,Georgia,Elbert,71,0,0,34.11302332,-82.83936148,13105.0,71,71,0,0,71,71,19120,0,0,0,0,0
2020-05-25,US,Georgia,Emanuel,27,2,0,32.59221302,-82.30239915,13107.0,25,26,2,0,24,26,22612,1,0,0,1,0
2020-05-25,US,Georgia,Evans,5,0,0,32.15328841,-81.8870105,13109.0,5,5,0,0,5,5,10721,0,0,0,0,0
2020-05-25,US,Georgia,Fannin,40,1,0,34.86430205,-84.316964,13111.0,39,40,1,0,39,39,25964,0,0,0,0,1
2020-05-25,US,Georgia,Fayette,221,13,0,33.41357794,-84.49089434,13113.0,208,220,11,0,209,219,113459,1,2,0,-1,1
2020-05-25,US,Georgia,Floyd,228,14,0,34.26268279,-85.21577392,13115.0,214,227,14,0,213,226,97927,1,0,0,1,1
2020-05-25,US,Georgia,Forsyth,480,12,0,34.22604035,-84.12315129999998,13117.0,468,449,12,0,437,446,236612,31,0,0,31,3
2020-05-25,US,Georgia,Franklin,39,1,0,34.37525597,-83.23159927,13119.0,38,36,1,0,35,36,23023,3,0,0,3,0
2020-05-25,US,Georgia,Fulton,4080,199,0,33.79216944,-84.46319413,13121.0,3881,4054,196,0,3858,3977,1050114,26,3,0,23,77
2020-05-25,US,Georgia,Gilmer,137,0,0,34.69316688,-84.45802506,13123.0,137,135,0,0,135,134,30816,2,0,0,2,1
2020-05-25,US,Georgia,Glascock,1,0,0,33.22879932,-82.61297636,13125.0,1,1,0,0,1,1,2995,0,0,0,0,0
2020-05-25,US,Georgia,Glynn,87,1,0,31.23279254,-81.53811412,13127.0,86,85,1,0,84,85,85219,2,0,0,2,0
2020-05-25,US,Georgia,Gordon,138,15,0,34.50487351,-84.87296253,13129.0,123,138,15,0,123,138,57685,0,0,0,0,0
2020-05-25,US,Georgia,Grady,93,4,0,30.87454847,-84.23418364,13131.0,89,93,4,0,89,93,24748,0,0,0,0,0
2020-05-25,US,Georgia,Greene,64,7,0,33.5769205,-83.17139104,13133.0,57,64,7,0,57,63,17698,0,0,0,0,1
2020-05-25,US,Georgia,Gwinnett,3198,121,0,33.96044201,-84.02137802,13135.0,3077,3056,122,0,2934,2997,927781,142,-1,0,143,59
2020-05-25,US,Georgia,Habersham,502,19,0,34.63331566,-83.53094677,13137.0,483,500,19,0,481,488,45388,2,0,0,2,12
2020-05-25,US,Georgia,Hall,2327,41,0,34.32207823,-83.81896936,13139.0,2286,2322,41,0,2281,2305,202148,5,0,0,5,17
2020-05-25,US,Georgia,Hancock,191,22,0,33.2721566,-82.99766919,13141.0,169,191,21,0,170,176,8348,0,1,0,-1,15
2020-05-25,US,Georgia,Haralson,36,2,0,33.79602175,-85.21005667,13143.0,34,36,2,0,34,36,29533,0,0,0,0,0
2020-05-25,US,Georgia,Harris,83,4,0,32.73709786,-84.90538572,13145.0,79,83,4,0,79,80,34475,0,0,0,0,3
2020-05-25,US,Georgia,Hart,26,0,0,34.34626973,-82.96567682,13147.0,26,26,0,0,26,26,26099,0,0,0,0,0
2020-05-25,US,Georgia,Heard,28,2,0,33.29686567,-85.12886832,13149.0,26,26,2,0,24,26,11879,2,0,0,2,0
2020-05-25,US,Georgia,Henry,641,19,0,33.4533428,-84.14814659999998,13151.0,622,632,19,0,613,626,230220,9,0,0,9,6
2020-05-25,US,Georgia,Houston,349,16,0,32.45802497,-83.66879087,13153.0,333,343,16,0,327,342,155469,6,0,0,6,1
2020-05-25,US,Georgia,Irwin,24,1,0,31.60213036,-83.27501387,13155.0,23,23,1,0,22,23,9398,1,0,0,1,0
2020-05-25,US,Georgia,Jackson,148,4,0,34.13794553,-83.56814788,13157.0,144,147,4,0,143,147,70422,1,0,0,1,0
2020-05-25,US,Georgia,Jasper,31,1,0,33.31535543,-83.68844964,13159.0,30,31,1,0,30,31,14040,0,0,0,0,0
2020-05-25,US,Georgia,Jeff Davis,34,1,0,31.80405727,-82.63724870000001,13161.0,33,33,1,0,32,31,15029,1,0,0,1,2
2020-05-25,US,Georgia,Jefferson,29,1,0,33.05867328,-82.41609057,13163.0,28,26,1,0,25,26,15430,3,0,0,3,0
2020-05-25,US,Georgia,Jenkins,18,1,0,32.79248718,-81.96040187,13165.0,17,18,1,0,17,18,8683,0,0,0,0,0
2020-05-25,US,Georgia,Johnson,81,2,0,32.70211082,-82.66166794,13167.0,79,76,2,0,74,76,9708,5,0,0,5,0
2020-05-25,US,Georgia,Jones,34,0,0,33.02512137,-83.56019163,13169.0,34,34,0,0,34,33,28616,0,0,0,0,1
2020-05-25,US,Georgia,Lamar,53,1,0,33.07841647,-84.14263877,13171.0,52,51,1,0,50,50,19000,2,0,0,2,1
2020-05-25,US,Georgia,Lanier,14,2,0,31.03828570000001,-83.06472457,13173.0,12,12,2,0,10,12,10340,2,0,0,2,0
2020-05-25,US,Georgia,Laurens,104,1,0,32.46325233,-82.92221316,13175.0,103,101,1,0,100,100,47325,3,0,0,3,1
2020-05-25,US,Georgia,Lee,354,22,0,31.779330600000005,-84.14324253,13177.0,332,343,22,0,321,342,29764,11,0,0,11,1
2020-05-25,US,Georgia,Liberty,67,0,0,31.82588896,-81.49251135,13179.0,67,65,0,0,65,64,61497,2,0,0,2,1
2020-05-25,US,Georgia,Lincoln,15,0,0,33.79201475,-82.45024131,13181.0,15,15,0,0,15,15,7915,0,0,0,0,0
2020-05-25,US,Georgia,Long,12,1,0,31.75218791,-81.74952375,13183.0,11,12,1,0,11,12,18998,0,0,0,0,0
2020-05-25,US,Georgia,Lowndes,250,4,0,30.83568832,-83.27056716,13185.0,246,245,4,0,241,233,116321,5,0,0,5,12
2020-05-25,US,Georgia,Lumpkin,91,1,0,34.57286511,-84.00425681,13187.0,90,88,1,0,87,88,32955,3,0,0,3,0
2020-05-25,US,Georgia,Macon,95,6,0,32.35207048,-84.04234127,13193.0,89,95,6,0,89,95,13143,0,0,0,0,0
2020-05-25,US,Georgia,Madison,39,1,0,34.12920917,-83.21218732,13195.0,38,38,1,0,37,37,29650,1,0,0,1,1
2020-05-25,US,Georgia,Marion,49,2,0,32.3483402,-84.52733571,13197.0,47,49,2,0,47,49,8351,0,0,0,0,0
2020-05-25,US,Georgia,McDuffie,63,5,0,33.47851918,-82.48252774,13189.0,58,62,5,0,57,62,21531,1,0,0,1,0
2020-05-25,US,Georgia,McIntosh,12,0,0,31.49683595,-81.40163426,13191.0,12,12,0,0,12,11,14340,0,0,0,0,1
2020-05-25,US,Georgia,Meriwether,78,2,0,33.04163534,-84.68859732,13199.0,76,78,2,0,76,78,21068,0,0,0,0,0
2020-05-25,US,Georgia,Miller,38,0,0,31.16568912,-84.73151117,13201.0,38,38,0,0,38,38,5686,0,0,0,0,0
2020-05-25,US,Georgia,Mitchell,399,32,0,31.22483255,-84.19381821,13205.0,367,399,32,0,367,399,22192,0,0,0,0,0
2020-05-25,US,Georgia,Monroe,118,8,0,33.014289,-83.92097166,13207.0,110,117,8,0,109,117,27520,1,0,0,1,0
2020-05-25,US,Georgia,Montgomery,10,0,0,32.17201038,-82.53527476,13209.0,10,9,0,0,9,9,9193,1,0,0,1,0
2020-05-25,US,Georgia,Morgan,37,0,0,33.59232073,-83.49129491,13211.0,37,36,0,0,36,36,18853,1,0,0,1,0
2020-05-25,US,Georgia,Murray,78,1,0,34.78897608,-84.74993177,13213.0,77,78,1,0,77,77,39921,0,0,0,0,1
2020-05-25,US,Georgia,Muscogee,564,17,0,32.50931999,-84.87142262,13215.0,547,550,17,0,533,536,194160,14,0,0,14,14
2020-05-25,US,Georgia,Newton,311,10,0,33.55514538,-83.84547140000002,13217.0,301,304,10,0,294,289,109541,7,0,0,7,15
2020-05-25,US,Georgia,Oconee,105,5,0,33.83749973,-83.43679568,13219.0,100,103,5,0,98,103,39272,2,0,0,2,0
2020-05-25,US,Georgia,Oglethorpe,58,5,0,33.878629600000004,-83.08278123,13221.0,53,58,5,0,53,58,15054,0,0,0,0,0
2020-05-25,US,Georgia,Out of GA,1986,28,0,0.0,0.0,80013.0,1958,1913,28,0,1885,1834,,73,0,0,73,79
2020-05-25,US,Georgia,Paulding,291,11,0,33.91969522,-84.86848792,13223.0,280,277,11,0,266,275,164044,14,0,0,14,2
2020-05-25,US,Georgia,Peach,70,3,0,32.56934316,-83.82937,13225.0,67,70,3,0,67,70,27297,0,0,0,0,0
2020-05-25,US,Georgia,Pickens,43,3,0,34.46589159,-84.46406611,13227.0,40,43,3,0,40,43,31980,0,0,0,0,0
2020-05-25,US,Georgia,Pierce,90,3,0,31.35928155,-82.21598442,13229.0,87,89,3,0,86,88,19389,1,0,0,1,1
2020-05-25,US,Georgia,Pike,50,2,0,33.09310242,-84.38790389,13231.0,48,49,2,0,47,48,18634,1,0,0,1,1
2020-05-25,US,Georgia,Polk,97,0,0,34.00267074,-85.18677781,13233.0,97,95,0,0,95,96,42470,2,0,0,2,-1
2020-05-25,US,Georgia,Pulaski,39,2,0,32.23334561,-83.47549959999998,13235.0,37,39,2,0,37,39,11069,0,0,0,0,0
2020-05-25,US,Georgia,Putnam,88,8,0,33.32056115,-83.37552891,13237.0,80,87,8,0,79,85,21809,1,0,0,1,2
2020-05-25,US,Georgia,Quitman,11,1,0,31.86728114,-85.01773177,13239.0,10,11,1,0,10,11,2279,0,0,0,0,0
2020-05-25,US,Georgia,Rabun,15,1,0,34.88389445,-83.40304637,13241.0,14,15,1,0,14,15,16867,0,0,0,0,0
2020-05-25,US,Georgia,Randolph,174,19,0,31.76622818,-84.75732369,13243.0,155,170,19,0,151,170,6833,4,0,0,4,0
2020-05-25,US,Georgia,Richmond,534,19,0,33.35777107,-82.07026432,13245.0,515,527,18,0,509,525,201554,7,1,0,6,2
2020-05-25,US,Georgia,Rockdale,267,9,0,33.65145002,-84.02202167,13247.0,258,265,9,0,256,258,90594,2,0,0,2,7
2020-05-25,US,Georgia,Schley,16,1,0,32.2654021,-84.31258912,13249.0,15,16,1,0,15,16,5236,0,0,0,0,0
2020-05-25,US,Georgia,Screven,28,2,0,32.74976524,-81.60779441,13251.0,26,27,2,0,25,26,13938,1,0,0,1,1
2020-05-25,US,Georgia,Seminole,43,2,0,30.93464824,-84.86823924,13253.0,41,42,2,0,40,42,8315,1,0,0,1,0
2020-05-25,US,Georgia,Spalding,259,17,0,33.26310031,-84.28013991,13255.0,242,253,14,0,239,253,66100,6,3,0,3,0
2020-05-25,US,Georgia,Stephens,123,2,0,34.55151201,-83.29405315,13257.0,121,122,2,0,120,123,26035,1,0,0,1,-1
2020-05-25,US,Georgia,Stewart,44,0,0,32.07996777,-84.83208037,13259.0,44,42,0,0,42,42,6199,2,0,0,2,0
2020-05-25,US,Georgia,Sumter,449,41,0,32.03650571,-84.19821492,13261.0,408,445,40,0,405,439,29733,4,1,0,3,6
2020-05-25,US,Georgia,Talbot,35,1,0,32.69642758,-84.53351366,13263.0,34,35,1,0,34,34,6272,0,0,0,0,1
2020-05-25,US,Georgia,Taliaferro,1,0,0,33.56543317,-82.88136816,13265.0,1,1,0,0,1,1,1608,0,0,0,0,0
2020-05-25,US,Georgia,Tattnall,15,0,0,32.04785085,-82.05539188,13267.0,15,15,0,0,15,14,25391,0,0,0,0,1
2020-05-25,US,Georgia,Taylor,21,2,0,32.55792548,-84.25077141,13269.0,19,21,2,0,19,21,8039,0,0,0,0,0
2020-05-25,US,Georgia,Telfair,33,1,0,31.92829517,-82.93491155,13271.0,32,32,1,0,31,32,15876,1,0,0,1,0
2020-05-25,US,Georgia,Terrell,211,26,0,31.77527543,-84.44069698,13273.0,185,211,26,0,185,211,8611,0,0,0,0,0
2020-05-25,US,Georgia,Thomas,313,31,0,30.86392347,-83.91847289,13275.0,282,311,31,0,280,309,44448,2,0,0,2,2
2020-05-25,US,Georgia,Tift,228,15,0,31.45743864,-83.5236119,13277.0,213,219,14,0,205,213,40571,9,1,0,8,6
2020-05-25,US,Georgia,Toombs,50,4,0,32.12059861,-82.32957247,13279.0,46,50,4,0,46,50,26887,0,0,0,0,0
2020-05-25,US,Georgia,Towns,22,1,0,34.91369188,-83.74107459999998,13281.0,21,22,1,0,21,22,11852,0,0,0,0,0
2020-05-25,US,Georgia,Treutlen,8,0,0,32.40422134,-82.56904553,13283.0,8,8,0,0,8,8,6809,0,0,0,0,0
2020-05-25,US,Georgia,Troup,260,9,0,33.03349196,-85.02812115,13285.0,251,250,9,0,241,245,70034,10,0,0,10,5
2020-05-25,US,Georgia,Turner,105,12,0,31.71612656,-83.62069378,13287.0,93,100,12,0,88,96,7912,5,0,0,5,4
2020-05-25,US,Georgia,Twiggs,14,0,0,32.67435595,-83.43078662,13289.0,14,13,0,0,13,13,8188,1,0,0,1,0
2020-05-25,US,Georgia,Unassigned,2294,0,0,0.0,0.0,90013.0,2294,2657,0,0,2657,2682,,-363,0,0,-363,-25
2020-05-25,US,Georgia,Union,39,1,0,34.82995757,-83.98967069,13291.0,38,39,1,0,38,39,24001,0,0,0,0,0
2020-05-25,US,Georgia,Upson,275,33,0,32.87920671,-84.30024826,13293.0,242,273,33,0,240,272,26215,2,0,0,2,1
2020-05-25,US,Georgia,Walker,96,0,0,34.73376362,-85.30165174,13295.0,96,94,0,0,94,95,69410,2,0,0,2,-1
2020-05-25,US,Georgia,Walton,196,10,0,33.78017694,-83.73552314,13297.0,186,189,10,0,179,186,93503,7,0,0,7,3
2020-05-25,US,Georgia,Ware,218,14,0,31.05449097,-82.42224148,13299.0,204,209,13,0,196,206,35680,9,1,0,8,3
2020-05-25,US,Georgia,Warren,18,0,0,33.41146451,-82.67795848,13301.0,18,17,0,0,17,17,5251,1,0,0,1,0
2020-05-25,US,Georgia,Washington,73,1,0,32.96711864,-82.79357039,13303.0,72,74,1,0,73,73,20386,-1,0,0,-1,1
2020-05-25,US,Georgia,Wayne,17,0,0,31.5521809,-81.91894878,13305.0,17,16,0,0,16,16,29808,1,0,0,1,0
2020-05-25,US,Georgia,Webster,11,1,0,32.04066113,-84.54742852,13307.0,10,11,1,0,10,11,2611,0,0,0,0,0
2020-05-25,US,Georgia,Wheeler,9,0,0,32.12009104,-82.72574721,13309.0,9,9,0,0,9,9,7879,0,0,0,0,0
2020-05-25,US,Georgia,White,94,3,0,34.64624278,-83.74905525,13311.0,91,94,3,0,91,93,29970,0,0,0,0,1
2020-05-25,US,Georgia,Whitfield,283,7,0,34.80987459,-84.96093476,13313.0,276,279,7,0,272,270,104062,4,0,0,4,9
2020-05-25,US,Georgia,Wilcox,98,13,0,31.97496928,-83.43438555,13315.0,85,98,13,0,85,98,8812,0,0,0,0,0
2020-05-25,US,Georgia,Wilkes,32,1,0,33.78290391,-82.74286107,13317.0,31,32,1,0,31,32,9876,0,0,0,0,0
2020-05-25,US,Georgia,Wilkinson,65,4,0,32.80291082,-83.17140684,13319.0,61,65,4,0,61,64,9036,0,0,0,0,1
2020-05-25,US,Georgia,Worth,210,19,0,31.55162306,-83.85090513,13321.0,191,209,19,0,190,204,20299,1,0,0,1,5
2020-05-25,US,Hawaii,Hawaii,81,0,0,19.60121157,-155.5210167,15001.0,81,81,0,0,81,81,200983,0,0,0,0,0
2020-05-25,US,Hawaii,Honolulu,414,11,0,21.45803166,-157.97121819999995,15003.0,403,414,11,0,403,414,980080,0,0,0,0,0
2020-05-25,US,Hawaii,Kauai,20,0,0,22.03935037,-159.5966786,15007.0,20,20,0,0,20,20,72133,0,0,0,0,0
2020-05-25,US,Hawaii,Maui,118,6,0,20.86399628,-156.56890969999995,15009.0,112,118,6,0,112,118,167207,0,0,0,0,0
2020-05-25,US,Hawaii,Out of HI,10,0,0,0.0,0.0,80015.0,10,10,0,0,10,10,,0,0,0,0,0
2020-05-25,US,Idaho,Ada,796,23,0,43.4526575,-116.24155159999998,16001.0,773,796,23,0,773,794,469966,0,0,0,0,2
2020-05-25,US,Idaho,Adams,3,0,0,44.89333571,-116.4545247,16003.0,3,3,0,0,3,3,4250,0,0,0,0,0
2020-05-25,US,Idaho,Bannock,18,0,0,42.67002716,-112.2233311,16005.0,18,18,0,0,18,17,87138,0,0,0,0,1
2020-05-25,US,Idaho,Bingham,6,0,0,43.21672879999999,-112.3978437,16011.0,6,6,0,0,6,6,46236,0,0,0,0,0
2020-05-25,US,Idaho,Blaine,510,5,0,43.4085812,-113.9752658,16013.0,505,510,5,0,505,510,22601,0,0,0,0,0
2020-05-25,US,Idaho,Bonner,4,0,0,48.29996017,-116.6017932,16017.0,4,4,0,0,4,4,44727,0,0,0,0,0
2020-05-25,US,Idaho,Bonneville,32,0,0,43.38713372,-111.6161537,16019.0,32,32,0,0,32,32,116854,0,0,0,0,0
2020-05-25,US,Idaho,Camas,1,0,0,43.46665742,-114.8065892,16025.0,1,1,0,0,1,1,1127,0,0,0,0,0
2020-05-25,US,Idaho,Canyon,284,6,0,43.61970148,-116.70954990000001,16027.0,278,284,6,0,278,284,223499,0,0,0,0,0
2020-05-25,US,Idaho,Caribou,1,0,0,42.77149116,-111.5597683,16029.0,1,1,0,0,1,1,7060,0,0,0,0,0
2020-05-25,US,Idaho,Cassia,28,1,0,42.28347888,-113.6012409,16031.0,27,28,1,0,27,22,23864,0,0,0,0,6
2020-05-25,US,Idaho,Custer,2,0,0,44.24186819,-114.2855494,16037.0,2,2,0,0,2,2,4280,0,0,0,0,0
2020-05-25,US,Idaho,Elmore,31,2,0,43.3507101,-115.4701578,16039.0,29,31,2,0,29,31,27259,0,0,0,0,0
2020-05-25,US,Idaho,Fremont,3,0,0,44.22800938,-111.48099429999999,16043.0,3,3,0,0,3,3,13168,0,0,0,0,0
2020-05-25,US,Idaho,Gem,17,0,0,44.06482372,-116.398376,16045.0,17,17,0,0,17,17,17634,0,0,0,0,0
2020-05-25,US,Idaho,Gooding,39,0,0,42.96927962,-114.81083059999999,16047.0,39,39,0,0,39,35,15196,0,0,0,0,4
2020-05-25,US,Idaho,Idaho,3,0,0,45.84721541,-115.4634436,16049.0,3,3,0,0,3,3,16513,0,0,0,0,0
2020-05-25,US,Idaho,Jefferson,7,0,0,43.82078483,-112.3131749,16051.0,7,7,0,0,7,7,29439,0,0,0,0,0
2020-05-25,US,Idaho,Jerome,145,2,0,42.68891267,-114.2655033,16053.0,143,145,2,0,143,137,24015,0,0,0,0,8
2020-05-25,US,Idaho,Kootenai,66,0,0,47.67282258,-116.7020872,16055.0,66,66,0,0,66,66,161505,0,0,0,0,0
2020-05-25,US,Idaho,Latah,7,0,0,46.81587887,-116.71136979999999,16057.0,7,7,0,0,7,7,40134,0,0,0,0,0
2020-05-25,US,Idaho,Lemhi,1,0,0,44.9438088,-113.9309747,16059.0,1,1,0,0,1,1,7961,0,0,0,0,0
2020-05-25,US,Idaho,Lincoln,30,0,0,43.0012336,-114.1358773,16063.0,30,30,0,0,30,30,5360,0,0,0,0,0
2020-05-25,US,Idaho,Madison,20,0,0,43.78141028,-111.65384740000002,16065.0,20,20,0,0,20,20,39304,0,0,0,0,0
2020-05-25,US,Idaho,Minidoka,29,0,0,42.85518524,-113.6357257,16067.0,29,29,0,0,29,26,20825,0,0,0,0,3
2020-05-25,US,Idaho,Nez Perce,81,19,0,46.32638236,-116.75009750000001,16069.0,62,81,19,0,62,81,40408,0,0,0,0,0
2020-05-25,US,Idaho,Owyhee,8,0,0,42.58016894,-116.16938710000001,16073.0,8,8,0,0,8,8,11693,0,0,0,0,0
2020-05-25,US,Idaho,Payette,23,2,0,44.00545243,-116.7647695,16075.0,21,23,2,0,21,23,23551,0,0,0,0,0
2020-05-25,US,Idaho,Power,3,0,0,42.69254894,-112.83957420000002,16077.0,3,3,0,0,3,3,7768,0,0,0,0,0
2020-05-25,US,Idaho,Teton,11,0,0,43.75303583,-111.2056773,16081.0,11,11,0,0,11,11,11640,0,0,0,0,0
2020-05-25,US,Idaho,Twin Falls,381,19,0,42.35440512,-114.6685381,16083.0,362,381,19,0,362,374,86081,0,0,0,0,7
2020-05-25,US,Idaho,Valley,2,0,0,44.76728382,-115.5676773,16085.0,2,2,0,0,2,2,11041,0,0,0,0,0
2020-05-25,US,Idaho,Washington,34,0,0,44.45275475,-116.78476880000001,16087.0,34,34,0,0,34,34,10161,0,0,0,0,0
2020-05-25,US,Illinois,Adams,44,1,0,39.98815591,-91.18786813,17001.0,43,44,1,0,43,44,65691,0,0,0,0,0
2020-05-25,US,Illinois,Alexander,8,0,0,37.18049267,-89.32910838,17003.0,8,8,0,0,8,8,6060,0,0,0,0,0
2020-05-25,US,Illinois,Bond,10,1,0,38.88829622,-89.43534887,17005.0,9,10,1,0,9,10,16630,0,0,0,0,0
2020-05-25,US,Illinois,Boone,397,16,0,42.32359279,-88.82345779,17007.0,381,393,16,0,377,389,53577,4,0,0,4,4
2020-05-25,US,Illinois,Brown,10,0,0,39.96209138,-90.75068024,17009.0,10,10,0,0,10,10,6556,0,0,0,0,0
2020-05-25,US,Illinois,Bureau,15,1,0,41.40385234,-89.5283051,17011.0,14,15,1,0,14,15,32993,0,0,0,0,0
2020-05-25,US,Illinois,Calhoun,1,0,0,39.16840183,-90.66330078,17013.0,1,1,0,0,1,1,4802,0,0,0,0,0
2020-05-25,US,Illinois,Carroll,13,2,0,42.06823429,-89.93395545,17015.0,11,13,2,0,11,13,14312,0,0,0,0,0
2020-05-25,US,Illinois,Cass,67,0,0,39.96991073,-90.24734436,17017.0,67,67,0,0,67,67,12260,0,0,0,0,0
2020-05-25,US,Illinois,Champaign,564,7,0,40.13919438,-88.20046615,17019.0,557,556,7,0,549,537,209983,8,0,0,8,19
2020-05-25,US,Illinois,Christian,33,4,0,39.54581621,-89.27780482,17021.0,29,33,4,0,29,33,32661,0,0,0,0,0
2020-05-25,US,Illinois,Clark,10,0,0,39.33425789,-87.78705622,17023.0,10,10,0,0,10,10,15596,0,0,0,0,0
2020-05-25,US,Illinois,Clay,2,0,0,38.75388572,-88.48914513,17025.0,2,2,0,0,2,2,13253,0,0,0,0,0
2020-05-25,US,Illinois,Clinton,177,16,0,38.60704876,-89.42385254,17027.0,161,176,16,0,160,176,37639,1,0,0,1,0
2020-05-25,US,Illinois,Coles,116,9,0,39.51949084,-88.22358557,17029.0,107,115,9,0,106,98,50885,1,0,0,1,17
2020-05-25,US,Illinois,Cook,73097,3324,0,41.84144849,-87.81658794,17031.0,69773,72010,3304,0,68706,70417,5180493,1087,20,0,1067,1593
2020-05-25,US,Illinois,Crawford,11,0,0,39.0032229,-87.75954624,17033.0,11,11,0,0,11,11,18807,0,0,0,0,0
2020-05-25,US,Illinois,Cumberland,10,0,0,39.27432424,-88.2401158,17035.0,10,10,0,0,10,10,10808,0,0,0,0,0
2020-05-25,US,Illinois,De Witt,4,0,0,40.17514519,-88.90959682,17039.0,4,4,0,0,4,4,15769,0,0,0,0,0
2020-05-25,US,Illinois,DeKalb,325,3,0,41.89373302,-88.76958483,17037.0,322,319,3,0,316,309,104143,6,0,0,6,10
2020-05-25,US,Illinois,Douglas,27,0,0,39.76768052,-88.21854195,17041.0,27,28,0,0,28,27,19479,-1,0,0,-1,1
2020-05-25,US,Illinois,DuPage,7207,340,0,41.85116968,-88.08642662,17043.0,6867,7060,340,0,6720,6891,928589,147,0,0,147,169
2020-05-25,US,Illinois,Edwards,2,0,0,38.41353228,-88.05720863,17047.0,2,2,0,0,2,2,6392,0,0,0,0,0
2020-05-25,US,Illinois,Effingham,6,1,0,39.05935711,-88.58969584,17049.0,5,6,1,0,5,6,34208,0,0,0,0,0
2020-05-25,US,Illinois,Fayette,20,2,0,39.00072038,-89.02452658,17051.0,18,20,2,0,18,20,21416,0,0,0,0,0
2020-05-25,US,Illinois,Ford,20,1,0,40.59706922,-88.22350769,17053.0,19,20,1,0,19,19,13264,0,0,0,0,1
2020-05-25,US,Illinois,Franklin,12,0,0,37.99189086,-88.92567818,17055.0,12,12,0,0,12,11,38701,0,0,0,0,1
2020-05-25,US,Illinois,Fulton,11,0,0,40.47289135,-90.20862357,17057.0,11,11,0,0,11,10,34844,0,0,0,0,1
2020-05-25,US,Illinois,Gallatin,2,0,0,37.76430935,-88.22953869,17059.0,2,2,0,0,2,2,5058,0,0,0,0,0
2020-05-25,US,Illinois,Greene,5,0,0,39.35907414,-90.388865,17061.0,5,5,0,0,5,5,13044,0,0,0,0,0
2020-05-25,US,Illinois,Grundy,89,2,0,41.28569601,-88.41905692,17063.0,87,89,2,0,87,87,50972,0,0,0,0,2
2020-05-25,US,Illinois,Hamilton,2,0,0,38.08163641,-88.53883373,17065.0,2,2,0,0,2,2,8163,0,0,0,0,0
2020-05-25,US,Illinois,Hancock,13,0,0,40.40423981,-91.16313899,17067.0,13,13,0,0,13,13,17844,0,0,0,0,0
2020-05-25,US,Illinois,Hardin,1,0,0,37.51810645,-88.26873022,17069.0,1,1,0,0,1,1,3910,0,0,0,0,0
2020-05-25,US,Illinois,Henderson,8,0,0,40.81908672,-90.92491462,17071.0,8,8,0,0,8,8,6709,0,0,0,0,0
2020-05-25,US,Illinois,Henry,67,0,0,41.3533994,-90.13296166,17073.0,67,66,0,0,66,66,49090,1,0,0,1,0
2020-05-25,US,Illinois,Iroquois,130,4,0,40.74717633,-87.82466784,17075.0,126,130,4,0,126,128,27604,0,0,0,0,2
2020-05-25,US,Illinois,Jackson,228,10,0,37.78595185,-89.38232563,17077.0,218,219,10,0,209,207,57419,9,0,0,9,12
2020-05-25,US,Illinois,Jasper,45,7,0,39.01054275,-88.15437049,17079.0,38,45,7,0,38,45,9611,0,0,0,0,0
2020-05-25,US,Illinois,Jefferson,101,16,0,38.29980057,-88.9240025,17081.0,85,101,16,0,85,100,37820,0,0,0,0,1
2020-05-25,US,Illinois,Jersey,20,1,0,39.08869046,-90.35393073,17083.0,19,20,1,0,19,20,21847,0,0,0,0,0
2020-05-25,US,Illinois,Jo Daviess,27,0,0,42.36542373,-90.21094405,17085.0,27,26,0,0,26,26,21366,1,0,0,1,0
2020-05-25,US,Illinois,Johnson,7,0,0,37.45939802,-88.88165419,17087.0,7,7,0,0,7,7,12456,0,0,0,0,0
2020-05-25,US,Illinois,Kane,5761,152,0,41.93842729,-88.42861412,17089.0,5609,5645,152,0,5493,5484,534216,116,0,0,116,161
2020-05-25,US,Illinois,Kankakee,799,42,0,41.13746989,-87.86205334,17091.0,757,791,42,0,749,783,110024,8,0,0,8,8
2020-05-25,US,Illinois,Kendall,714,19,0,41.59081014,-88.42869583,17093.0,695,709,19,0,690,689,127915,5,0,0,5,20
2020-05-25,US,Illinois,Knox,94,0,0,40.93148779,-90.21330340000002,17095.0,94,94,0,0,94,94,50112,0,0,0,0,0
2020-05-25,US,Illinois,LaSalle,140,12,0,41.34426129999999,-88.88633881,17099.0,128,139,10,0,129,134,109430,1,2,0,-1,5
2020-05-25,US,Illinois,Lake,7723,250,0,42.3224907,-88.00367925,17097.0,7473,7615,250,0,7365,7465,700832,108,0,0,108,150
2020-05-25,US,Illinois,Lawrence,4,0,0,38.71987914,-87.72884035,17101.0,4,4,0,0,4,4,15765,0,0,0,0,0
2020-05-25,US,Illinois,Lee,77,1,0,41.74583951,-89.29977132,17103.0,76,77,1,0,76,76,34223,0,0,0,0,1
2020-05-25,US,Illinois,Livingston,31,2,0,40.89188292,-88.55784752,17105.0,29,31,2,0,29,31,35761,0,0,0,0,0
2020-05-25,US,Illinois,Logan,10,0,0,40.12581572,-89.36638784,17107.0,10,10,0,0,10,10,28925,0,0,0,0,0
2020-05-25,US,Illinois,Macon,188,19,0,39.86064913,-88.96342505,17115.0,169,187,19,0,168,187,104712,1,0,0,1,0
2020-05-25,US,Illinois,Macoupin,41,1,0,39.26119767,-89.92424028,17117.0,40,41,1,0,40,41,45313,0,0,0,0,0
2020-05-25,US,Illinois,Madison,539,54,0,38.83042506,-89.90422563,17119.0,485,533,53,0,480,523,264461,6,1,0,5,10
2020-05-25,US,Illinois,Marion,50,0,0,38.64963204,-88.91899208,17121.0,50,50,0,0,50,50,37620,0,0,0,0,0
2020-05-25,US,Illinois,Marshall,5,0,0,41.0327901,-89.34510444,17123.0,5,5,0,0,5,5,11534,0,0,0,0,0
2020-05-25,US,Illinois,Mason,17,0,0,40.23917274,-89.91824452,17125.0,17,17,0,0,17,17,13565,0,0,0,0,0
2020-05-25,US,Illinois,Massac,7,0,0,37.22078441,-88.71036614,17127.0,7,7,0,0,7,7,14080,0,0,0,0,0
2020-05-25,US,Illinois,McDonough,83,5,0,40.45674722,-90.67775541,17109.0,78,80,4,0,76,79,29955,3,1,0,2,1
2020-05-25,US,Illinois,McHenry,1427,67,0,42.32451172,-88.45248227,17111.0,1360,1399,67,0,1332,1360,308570,28,0,0,28,39
2020-05-25,US,Illinois,McLean,211,10,0,40.48996987,-88.84621113,17113.0,201,204,10,0,194,202,172828,7,0,0,7,2
2020-05-25,US,Illinois,Menard,17,0,0,40.02742725,-89.80246001,17129.0,17,17,0,0,17,17,12288,0,0,0,0,0
2020-05-25,US,Illinois,Mercer,15,0,0,41.20596782,-90.74290052,17131.0,15,14,0,0,14,14,15601,1,0,0,1,0
2020-05-25,US,Illinois,Monroe,92,11,0,38.27594376,-90.17761038,17133.0,81,91,11,0,80,91,34335,1,0,0,1,0
2020-05-25,US,Illinois,Montgomery,39,1,0,39.23198845,-89.47809254,17135.0,38,39,1,0,38,38,28601,0,0,0,0,1
2020-05-25,US,Illinois,Morgan,34,1,0,39.71654544,-90.20255104,17137.0,33,34,1,0,33,34,33976,0,0,0,0,0
2020-05-25,US,Illinois,Moultrie,10,0,0,39.64187451,-88.62099969,17139.0,10,9,0,0,9,9,14717,1,0,0,1,0
2020-05-25,US,Illinois,Ogle,192,2,0,42.04165196,-89.32184679,17141.0,190,190,2,0,188,185,50923,2,0,0,2,5
2020-05-25,US,Illinois,Out of IL,164,1,0,0.0,0.0,80017.0,163,150,1,0,149,126,,14,0,0,14,24
2020-05-25,US,Illinois,Peoria,179,7,0,40.78702156,-89.76078901,17143.0,172,177,7,0,170,176,180621,2,0,0,2,1
2020-05-25,US,Illinois,Perry,41,0,0,38.08510853,-89.36856219,17145.0,41,41,0,0,41,40,21174,0,0,0,0,1
2020-05-25,US,Illinois,Piatt,11,0,0,40.01360584,-88.59319339,17147.0,11,11,0,0,11,10,16396,0,0,0,0,1
2020-05-25,US,Illinois,Pike,1,0,0,39.62265059,-90.8877017,17149.0,1,1,0,0,1,1,15611,0,0,0,0,0
2020-05-25,US,Illinois,Pope,1,0,0,37.41391284,-88.56152109,17151.0,1,1,0,0,1,1,4212,0,0,0,0,0
2020-05-25,US,Illinois,Pulaski,40,0,0,37.22631423,-89.13085001,17153.0,40,40,0,0,40,40,5463,0,0,0,0,0
2020-05-25,US,Illinois,Putnam,1,0,0,41.2013541,-89.2869272,17155.0,1,1,0,0,1,1,5740,0,0,0,0,0
2020-05-25,US,Illinois,Randolph,259,3,0,38.05095369,-89.82512254,17157.0,256,258,3,0,255,256,32106,1,0,0,1,2
2020-05-25,US,Illinois,Richland,3,0,0,38.71240969,-88.08475366,17159.0,3,3,0,0,3,3,15763,0,0,0,0,0
2020-05-25,US,Illinois,Rock Island,636,22,0,41.46613806,-90.57042164,17161.0,614,631,22,0,609,627,143477,5,0,0,5,4
2020-05-25,US,Illinois,Saline,7,0,0,37.75332999,-88.54119706,17165.0,7,6,0,0,6,6,23906,1,0,0,1,0
2020-05-25,US,Illinois,Sangamon,331,26,0,39.75836914,-89.65872023,17167.0,305,329,26,0,303,328,195348,2,0,0,2,1
2020-05-25,US,Illinois,Schuyler,10,0,0,40.157179799999994,-90.61114163,17169.0,10,10,0,0,10,10,6907,0,0,0,0,0
2020-05-25,US,Illinois,Shelby,16,1,0,39.39133527,-88.80611122,17173.0,15,16,1,0,15,16,21741,0,0,0,0,0
2020-05-25,US,Illinois,St. Clair,991,72,0,38.46996033,-89.93063427,17163.0,919,966,71,0,895,939,261059,25,1,0,24,27
2020-05-25,US,Illinois,Stark,3,0,0,41.09309773,-89.79745866,17175.0,3,3,0,0,3,3,5427,0,0,0,0,0
2020-05-25,US,Illinois,Stephenson,190,2,0,42.35129217,-89.662598,17177.0,188,187,2,0,185,176,44753,3,0,0,3,11
2020-05-25,US,Illinois,Tazewell,67,3,0,40.50716185,-89.51404662,17179.0,64,67,3,0,64,67,132328,0,0,0,0,0
2020-05-25,US,Illinois,Unassigned,110,0,0,0.0,0.0,90017.0,110,104,0,0,104,99,,6,0,0,6,5
2020-05-25,US,Illinois,Union,141,7,0,37.47119609,-89.25548938,17181.0,134,139,5,0,134,138,16841,2,2,0,0,1
2020-05-25,US,Illinois,Vermilion,39,1,0,40.18417171,-87.73384359,17183.0,38,39,1,0,38,39,76806,0,0,0,0,0
2020-05-25,US,Illinois,Wabash,2,0,0,38.44272901,-87.84922065,17185.0,2,1,0,0,1,1,11549,1,0,0,1,0
2020-05-25,US,Illinois,Warren,114,0,0,40.84925021,-90.6147432,17187.0,114,114,0,0,114,114,17032,0,0,0,0,0
2020-05-25,US,Illinois,Washington,18,0,0,38.35309213,-89.40982703,17189.0,18,18,0,0,18,18,13995,0,0,0,0,0
2020-05-25,US,Illinois,Wayne,9,1,0,38.42955355,-88.42586459,17191.0,8,9,1,0,8,9,16332,0,0,0,0,0
2020-05-25,US,Illinois,White,2,0,0,38.08706198,-88.17657461,17193.0,2,2,0,0,2,2,13665,0,0,0,0,0
2020-05-25,US,Illinois,Whiteside,134,10,0,41.75509713,-89.91556058,17195.0,124,134,10,0,124,133,55626,0,0,0,0,1
2020-05-25,US,Illinois,Will,5188,258,0,41.44619267,-87.97862712,17197.0,4930,5117,257,0,4860,5012,692310,71,1,0,70,105
2020-05-25,US,Illinois,Williamson,55,1,0,37.73033511,-88.92994027,17199.0,54,55,1,0,54,54,67056,0,0,0,0,1
2020-05-25,US,Illinois,Winnebago,1953,51,0,42.33641854,-89.16085327,17201.0,1902,1925,50,0,1875,1838,284081,28,1,0,27,87
2020-05-25,US,Illinois,Woodford,17,2,0,40.78579374,-89.20973757,17203.0,15,17,2,0,15,17,38463,0,0,0,0,0
2020-05-25,US,Indiana,Adams,12,1,0,40.7457653,-84.93671406,18001.0,11,12,1,0,11,12,35636,0,0,0,0,0
2020-05-25,US,Indiana,Allen,1277,66,0,41.09194313,-85.06800636,18003.0,1211,1240,65,0,1175,1213,375351,37,1,0,36,27
2020-05-25,US,Indiana,Bartholomew,480,33,0,39.20744865,-85.89558181,18005.0,447,474,33,0,441,467,82753,6,0,0,6,7
2020-05-25,US,Indiana,Benton,25,0,0,40.60626947,-87.31093999,18007.0,25,24,0,0,24,24,8653,1,0,0,1,0
2020-05-25,US,Indiana,Blackford,20,1,0,40.47388153,-85.32499702,18009.0,19,20,1,0,19,19,11930,0,0,0,0,1
2020-05-25,US,Indiana,Boone,282,35,0,40.0509304,-86.46841646,18011.0,247,281,35,0,246,279,66999,1,0,0,1,2
2020-05-25,US,Indiana,Brown,33,1,0,39.19605589,-86.22868909,18013.0,32,33,1,0,32,33,15234,0,0,0,0,0
2020-05-25,US,Indiana,Carroll,92,2,0,40.580783200000006,-86.56198812,18015.0,90,91,2,0,89,88,20127,1,0,0,1,3
2020-05-25,US,Indiana,Cass,1582,6,0,40.76135835,-86.34830753,18017.0,1576,1581,6,0,1575,1579,37955,1,0,0,1,2
2020-05-25,US,Indiana,Clark,458,38,0,38.48015445,-85.70510334,18019.0,420,453,38,0,415,450,117360,5,0,0,5,3
2020-05-25,US,Indiana,Clay,39,1,0,39.39561833,-87.11723506,18021.0,38,39,1,0,38,38,26170,0,0,0,0,1
2020-05-25,US,Indiana,Clinton,215,1,0,40.30319754,-86.47277257,18023.0,214,208,1,0,207,204,32250,7,0,0,7,4
2020-05-25,US,Indiana,Crawford,23,0,0,38.28814402,-86.44518825,18025.0,23,23,0,0,23,23,10558,0,0,0,0,0
2020-05-25,US,Indiana,Daviess,82,16,0,38.70186039,-87.07185406,18027.0,66,81,16,0,65,81,33147,1,0,0,1,0
2020-05-25,US,Indiana,DeKalb,29,1,0,41.39804622,-84.99906934,18033.0,28,28,1,0,27,28,43226,1,0,0,1,0
2020-05-25,US,Indiana,Dearborn,162,21,0,39.14647946,-84.97333539,18029.0,141,162,21,0,141,162,49568,0,0,0,0,0
2020-05-25,US,Indiana,Decatur,224,31,0,39.30712658,-85.50087166,18031.0,193,222,31,0,191,221,26794,2,0,0,2,1
2020-05-25,US,Indiana,Delaware,354,34,0,40.22787247,-85.39732772,18035.0,320,349,33,0,316,340,114772,5,1,0,4,9
2020-05-25,US,Indiana,Dubois,182,2,0,38.36597551,-86.87924170000002,18037.0,180,178,2,0,176,171,42565,4,0,0,4,7
2020-05-25,US,Indiana,Elkhart,1008,27,0,41.59761169,-85.85875695,18039.0,981,991,27,0,964,938,205560,17,0,0,17,53
2020-05-25,US,Indiana,Fayette,65,4,0,39.63684962,-85.17797541,18041.0,61,63,4,0,59,50,23047,2,0,0,2,13
2020-05-25,US,Indiana,Floyd,313,38,0,38.32117957,-85.90385377,18043.0,275,312,38,0,274,311,77781,1,0,0,1,1
2020-05-25,US,Indiana,Fountain,18,2,0,40.12361933,-87.24217689,18045.0,16,17,2,0,15,17,16351,1,0,0,1,0
2020-05-25,US,Indiana,Franklin,106,8,0,39.4142482,-85.06062647,18047.0,98,106,8,0,98,106,22736,0,0,0,0,0
2020-05-25,US,Indiana,Fulton,47,1,0,41.0469907,-86.26252745,18049.0,46,46,1,0,45,46,20092,1,0,0,1,0
2020-05-25,US,Indiana,Gibson,14,2,0,38.30393723,-87.58054938,18051.0,12,13,2,0,11,13,33452,1,0,0,1,0
2020-05-25,US,Indiana,Grant,185,20,0,40.51587228,-85.65468702,18053.0,165,181,20,0,161,178,65936,4,0,0,4,3
2020-05-25,US,Indiana,Greene,167,23,0,39.03630547,-86.96223202,18055.0,144,167,23,0,144,167,32006,0,0,0,0,0
2020-05-25,US,Indiana,Hamilton,1099,92,0,40.07306535,-86.05244729,18057.0,1007,1096,91,0,1005,1092,330086,3,1,0,2,4
2020-05-25,US,Indiana,Hancock,319,27,0,39.82304555,-85.77566351,18059.0,292,317,27,0,290,315,76351,2,0,0,2,2
2020-05-25,US,Indiana,Harrison,185,21,0,38.19467379,-86.10948271,18061.0,164,184,21,0,163,183,40350,1,0,0,1,1
2020-05-25,US,Indiana,Hendricks,1123,67,0,39.76719009,-86.51037283,18063.0,1056,1117,65,0,1052,1103,167009,6,2,0,4,14
2020-05-25,US,Indiana,Henry,159,7,0,39.93029017,-85.39625719,18065.0,152,156,6,0,150,155,48271,3,1,0,2,1
2020-05-25,US,Indiana,Howard,356,18,0,40.48527731,-86.11351892,18067.0,338,345,17,0,328,344,82366,11,1,0,10,1
2020-05-25,US,Indiana,Huntington,26,2,0,40.82907273,-85.48822092,18069.0,24,22,2,0,20,22,36240,4,0,0,4,0
2020-05-25,US,Indiana,Jackson,361,1,0,38.90915820000001,-86.03851889,18071.0,360,359,1,0,358,353,44111,2,0,0,2,6
2020-05-25,US,Indiana,Jasper,56,1,0,41.02078733,-87.11553319,18073.0,55,54,1,0,53,52,33370,2,0,0,2,2
2020-05-25,US,Indiana,Jay,43,0,0,40.43781032,-85.00576229,18075.0,43,43,0,0,43,41,20764,0,0,0,0,2
2020-05-25,US,Indiana,Jefferson,41,1,0,38.78576239,-85.43633383,18077.0,40,41,1,0,40,41,32208,0,0,0,0,0
2020-05-25,US,Indiana,Jennings,127,4,0,38.99588883,-85.62710784,18079.0,123,126,4,0,122,126,27611,1,0,0,1,0
2020-05-25,US,Indiana,Johnson,1082,104,0,39.48994426,-86.10149107,18081.0,978,1080,104,0,976,1065,156225,2,0,0,2,15
2020-05-25,US,Indiana,Knox,24,0,0,38.68861576,-87.4194665,18083.0,24,24,0,0,24,24,36895,0,0,0,0,0
2020-05-25,US,Indiana,Kosciusko,86,1,0,41.24521668,-85.86312322,18085.0,85,78,1,0,77,71,79344,8,0,0,8,7
2020-05-25,US,Indiana,LaGrange,60,2,0,41.64232188,-85.42674232,18087.0,58,60,2,0,58,59,39330,0,0,0,0,1
2020-05-25,US,Indiana,LaPorte,408,21,0,41.54366008,-86.74072188,18091.0,387,399,21,0,378,387,110007,9,0,0,9,12
2020-05-25,US,Indiana,Lake,3299,167,0,41.41874274,-87.38277575,18089.0,3132,3260,167,0,3093,3191,484411,39,0,0,39,69
2020-05-25,US,Indiana,Lawrence,143,22,0,38.84112637,-86.48361629,18093.0,121,142,22,0,120,142,45668,1,0,0,1,0
2020-05-25,US,Indiana,Madison,582,58,0,40.16143691,-85.71964711,18095.0,524,580,58,0,522,576,129641,2,0,0,2,4
2020-05-25,US,Indiana,Marion,9189,533,0,39.78163624,-86.13826325,18097.0,8656,9132,533,0,8599,9040,954670,57,0,0,57,92
2020-05-25,US,Indiana,Marshall,64,1,0,41.32467367,-86.26185087,18099.0,63,64,1,0,63,61,46248,0,0,0,0,3
2020-05-25,US,Indiana,Martin,9,0,0,38.7099921,-86.80373186,18101.0,9,9,0,0,9,10,10217,0,0,0,0,-1
2020-05-25,US,Indiana,Miami,139,1,0,40.76940965,-86.04525048,18103.0,138,137,1,0,136,135,35567,2,0,0,2,2
2020-05-25,US,Indiana,Monroe,160,10,0,39.16130004,-86.52414358,18105.0,150,158,10,0,148,158,146917,2,0,0,2,0
2020-05-25,US,Indiana,Montgomery,227,17,0,40.04034823,-86.89335024,18107.0,210,221,16,0,205,211,38346,6,1,0,5,10
2020-05-25,US,Indiana,Morgan,261,24,0,39.47899078,-86.44573375,18109.0,237,258,24,0,234,257,70116,3,0,0,3,1
2020-05-25,US,Indiana,Newton,74,10,0,40.95610449,-87.39635768,18111.0,64,74,10,0,64,72,14011,0,0,0,0,2
2020-05-25,US,Indiana,Noble,185,20,0,41.39672484,-85.41966713,18113.0,165,181,20,0,161,174,47532,4,0,0,4,7
2020-05-25,US,Indiana,Ohio,13,0,0,38.955304999999996,-84.96515993,18115.0,13,13,0,0,13,13,5844,0,0,0,0,0
2020-05-25,US,Indiana,Orange,124,22,0,38.54118920000001,-86.49523093,18117.0,102,124,22,0,102,122,19489,0,0,0,0,2
2020-05-25,US,Indiana,Owen,31,1,0,39.31145587,-86.83900724,18119.0,30,31,1,0,30,30,20845,0,0,0,0,1
2020-05-25,US,Indiana,Parke,17,0,0,39.77202286,-87.20375833,18121.0,17,17,0,0,17,17,16927,0,0,0,0,0
2020-05-25,US,Indiana,Perry,27,0,0,38.07809328,-86.63741946,18123.0,27,23,0,0,23,23,19102,4,0,0,4,0
2020-05-25,US,Indiana,Pike,6,0,0,38.40112197,-87.23574907,18125.0,6,6,0,0,6,5,12410,0,0,0,0,1
2020-05-25,US,Indiana,Porter,487,21,0,41.45986947,-87.06848888,18127.0,466,473,21,0,452,465,169594,14,0,0,14,8
2020-05-25,US,Indiana,Posey,17,0,0,38.02097333,-87.86480429,18129.0,17,17,0,0,17,17,25540,0,0,0,0,0
2020-05-25,US,Indiana,Pulaski,39,0,0,41.04166107,-86.69890683,18131.0,39,39,0,0,39,38,12469,0,0,0,0,1
2020-05-25,US,Indiana,Putnam,133,7,0,39.66437981,-86.84517605,18133.0,126,131,7,0,124,129,37779,2,0,0,2,2
2020-05-25,US,Indiana,Randolph,40,3,0,40.15734772,-85.01139319,18135.0,37,38,3,0,35,37,24851,2,0,0,2,1
2020-05-25,US,Indiana,Ripley,112,6,0,39.10235626,-85.26212744,18137.0,106,112,6,0,106,112,28523,0,0,0,0,0
2020-05-25,US,Indiana,Rush,45,2,0,39.62002287,-85.4655599,18139.0,43,45,2,0,43,45,16663,0,0,0,0,0
2020-05-25,US,Indiana,Scott,118,3,0,38.68672078,-85.74627859,18143.0,115,116,3,0,113,115,23878,2,0,0,2,1
2020-05-25,US,Indiana,Shelby,314,21,0,39.52305623,-85.79158570000001,18145.0,293,312,21,0,291,311,44593,2,0,0,2,1
2020-05-25,US,Indiana,Spencer,16,1,0,38.01519732,-87.0079644,18147.0,15,14,1,0,13,14,20327,2,0,0,2,0
2020-05-25,US,Indiana,St. Joseph,1170,34,0,41.61756781,-86.29040834,18141.0,1136,1155,34,0,1121,1132,270771,15,0,0,15,23
2020-05-25,US,Indiana,Starke,31,3,0,41.27890281,-86.64686895,18149.0,28,31,3,0,28,30,22935,0,0,0,0,1
2020-05-25,US,Indiana,Steuben,79,2,0,41.64423868,-85.00101094,18151.0,77,79,2,0,77,76,34586,0,0,0,0,3
2020-05-25,US,Indiana,Sullivan,32,1,0,39.08952258,-87.41414469,18153.0,31,32,1,0,31,31,20690,0,0,0,0,1
2020-05-25,US,Indiana,Switzerland,19,0,0,38.82767338,-85.03022429,18155.0,19,19,0,0,19,19,10717,0,0,0,0,0
2020-05-25,US,Indiana,Tippecanoe,373,3,0,40.38872739,-86.89413959,18157.0,370,369,3,0,366,356,193048,4,0,0,4,13
2020-05-25,US,Indiana,Tipton,22,1,0,40.31123252,-86.05234925,18159.0,21,22,1,0,21,22,15128,0,0,0,0,0
2020-05-25,US,Indiana,Unassigned,0,152,0,0.0,0.0,90018.0,-152,0,152,0,-152,0,,0,0,0,0,0
2020-05-25,US,Indiana,Union,8,0,0,39.62550777,-84.92497066,18161.0,8,8,0,0,8,8,7037,0,0,0,0,0
2020-05-25,US,Indiana,Vanderburgh,248,2,0,38.02658833,-87.58763124,18163.0,246,242,2,0,240,240,180974,6,0,0,6,2
2020-05-25,US,Indiana,Vermillion,9,0,0,39.8523352,-87.46160542,18165.0,9,9,0,0,9,8,15479,0,0,0,0,1
2020-05-25,US,Indiana,Vigo,147,7,0,39.42944561,-87.39169027,18167.0,140,141,7,0,134,135,107386,6,0,0,6,6
2020-05-25,US,Indiana,Wabash,72,2,0,40.84704239,-85.79328272,18169.0,70,72,2,0,70,72,31280,0,0,0,0,0
2020-05-25,US,Indiana,Warren,12,1,0,40.34728141,-87.35602659,18171.0,11,12,1,0,11,12,8263,0,0,0,0,0
2020-05-25,US,Indiana,Warrick,164,26,0,38.08922676,-87.2716085,18173.0,138,164,26,0,138,163,62567,0,0,0,0,1
2020-05-25,US,Indiana,Washington,52,1,0,38.60219804,-86.1049363,18175.0,51,52,1,0,51,52,27943,0,0,0,0,0
2020-05-25,US,Indiana,Wayne,69,5,0,39.863344399999995,-85.01044989,18177.0,64,69,5,0,64,66,65936,0,0,0,0,3
2020-05-25,US,Indiana,Wells,23,0,0,40.72934187,-85.22132966,18179.0,23,22,0,0,22,22,28206,1,0,0,1,0
2020-05-25,US,Indiana,White,226,8,0,40.74911165,-86.86492015,18181.0,218,221,8,0,213,212,24133,5,0,0,5,9
2020-05-25,US,Indiana,Whitley,39,2,0,41.13863784,-85.50791236,18183.0,37,34,2,0,32,34,34074,5,0,0,5,0
2020-05-25,US,Iowa,Adair,8,0,0,41.33075609,-94.47105874,19001.0,8,8,0,0,8,7,7063,0,0,0,0,1
2020-05-25,US,Iowa,Adams,5,0,0,41.02903567,-94.69932645,19003.0,5,5,0,0,5,4,3645,0,0,0,0,1
2020-05-25,US,Iowa,Allamakee,118,4,0,43.28383218,-91.37860922,19005.0,114,118,4,0,114,118,13832,0,0,0,0,0
2020-05-25,US,Iowa,Appanoose,12,3,0,40.74324454,-92.86865906,19007.0,9,12,3,0,9,9,12437,0,0,0,0,3
2020-05-25,US,Iowa,Audubon,11,1,0,41.6844628,-94.90581859,19009.0,10,11,1,0,10,11,5506,0,0,0,0,0
2020-05-25,US,Iowa,Benton,37,1,0,42.08011739,-92.06463573,19011.0,36,37,1,0,36,37,25642,0,0,0,0,0
2020-05-25,US,Iowa,Black Hawk,1682,39,0,42.4704581,-92.30524729,19013.0,1643,1676,39,0,1637,1669,132408,6,0,0,6,7
2020-05-25,US,Iowa,Boone,55,0,0,42.03657094,-93.9313999,19015.0,55,54,0,0,54,53,26346,1,0,0,1,1
2020-05-25,US,Iowa,Bremer,67,6,0,42.77461496,-92.31795937,19017.0,61,67,6,0,61,67,24947,0,0,0,0,0
2020-05-25,US,Iowa,Buchanan,32,0,0,42.4709188,-91.83510825,19019.0,32,31,0,0,31,30,21199,1,0,0,1,1
2020-05-25,US,Iowa,Buena Vista,243,0,0,42.73545875,-95.15100162,19021.0,243,231,0,0,231,227,19874,12,0,0,12,4
2020-05-25,US,Iowa,Butler,15,0,0,42.73172833,-92.79015971,19023.0,15,15,0,0,15,15,14539,0,0,0,0,0
2020-05-25,US,Iowa,Calhoun,2,0,0,42.38521079,-94.64046046,19025.0,2,2,0,0,2,2,9699,0,0,0,0,0
2020-05-25,US,Iowa,Carroll,9,0,0,42.03617207,-94.86032705,19027.0,9,9,0,0,9,8,20154,0,0,0,0,1
2020-05-25,US,Iowa,Cass,11,0,0,41.33149454,-94.92792482,19029.0,11,11,0,0,11,10,12930,0,0,0,0,1
2020-05-25,US,Iowa,Cedar,46,1,0,41.77233777,-91.13246684,19031.0,45,45,1,0,44,44,18627,1,0,0,1,1
2020-05-25,US,Iowa,Cerro Gordo,22,1,0,43.08177563,-93.2612239,19033.0,21,22,1,0,21,21,42647,0,0,0,0,1
2020-05-25,US,Iowa,Cherokee,16,0,0,42.73538914,-95.62389402,19035.0,16,15,0,0,15,14,11321,1,0,0,1,1
2020-05-25,US,Iowa,Chickasaw,8,0,0,43.06001295,-92.31773347,19037.0,8,8,0,0,8,8,11964,0,0,0,0,0
2020-05-25,US,Iowa,Clarke,35,0,0,41.02868181,-93.78499767,19039.0,35,32,0,0,32,30,9423,3,0,0,3,2
2020-05-25,US,Iowa,Clay,10,0,0,43.08247182,-95.15096481,19041.0,10,10,0,0,10,10,16134,0,0,0,0,0
2020-05-25,US,Iowa,Clayton,30,3,0,42.84443388,-91.34133693,19043.0,27,30,3,0,27,30,17556,0,0,0,0,0
2020-05-25,US,Iowa,Clinton,60,1,0,41.89981633,-90.53275096,19045.0,59,60,1,0,59,61,46518,0,0,0,0,-1
2020-05-25,US,Iowa,Crawford,486,2,0,42.03718237,-95.3819718,19047.0,484,477,2,0,475,460,17158,9,0,0,9,17
2020-05-25,US,Iowa,Dallas,857,14,0,41.68560356,-94.04127625,19049.0,843,849,14,0,835,836,90180,8,0,0,8,13
2020-05-25,US,Iowa,Davis,20,0,0,40.74773536,-92.41005468,19051.0,20,20,0,0,20,18,9017,0,0,0,0,2
2020-05-25,US,Iowa,Delaware,15,0,0,42.47104597,-91.3664492,19055.0,15,14,0,0,14,14,17069,1,0,0,1,0
2020-05-25,US,Iowa,Des Moines,55,1,0,40.92012606,-91.18326592,19057.0,54,53,1,0,52,56,39138,2,0,0,2,-3
2020-05-25,US,Iowa,Dickinson,9,0,0,43.37787725,-95.1510206,19059.0,9,8,0,0,8,8,17153,1,0,0,1,0
2020-05-25,US,Iowa,Dubuque,323,16,0,42.46815349,-90.88181925,19061.0,307,319,16,0,303,317,96854,4,0,0,4,2
2020-05-25,US,Iowa,Emmet,7,0,0,43.37782951,-94.67858943,19063.0,7,7,0,0,7,7,9253,0,0,0,0,0
2020-05-25,US,Iowa,Fayette,26,0,0,42.86271799,-91.84412309999999,19065.0,26,26,0,0,26,26,19660,0,0,0,0,0
2020-05-25,US,Iowa,Floyd,18,1,0,43.06000529999999,-92.78940097,19067.0,17,18,1,0,17,17,15761,0,0,0,0,1
2020-05-25,US,Iowa,Franklin,8,0,0,42.73270384,-93.26256925,19069.0,8,8,0,0,8,7,10124,0,0,0,0,1
2020-05-25,US,Iowa,Fremont,4,0,0,40.74542720000001,-95.60129045,19071.0,4,4,0,0,4,4,6993,0,0,0,0,0
2020-05-25,US,Iowa,Greene,13,0,0,42.03614551,-94.39658081,19073.0,13,13,0,0,13,13,8981,0,0,0,0,0
2020-05-25,US,Iowa,Grundy,19,0,0,42.40183723,-92.78829551,19075.0,19,19,0,0,19,19,12304,0,0,0,0,0
2020-05-25,US,Iowa,Guthrie,43,3,0,41.68378965,-94.50111014,19077.0,40,43,3,0,40,42,10720,0,0,0,0,1
2020-05-25,US,Iowa,Hamilton,26,0,0,42.38382428,-93.70197703,19079.0,26,26,0,0,26,19,14952,0,0,0,0,7
2020-05-25,US,Iowa,Hancock,12,0,0,43.08178477,-93.73454884,19081.0,12,12,0,0,12,12,10712,0,0,0,0,0
2020-05-25,US,Iowa,Hardin,13,0,0,42.38353877,-93.23654611,19083.0,13,13,0,0,13,13,16868,0,0,0,0,0
2020-05-25,US,Iowa,Harrison,19,0,0,41.68330137,-95.81558439,19085.0,19,19,0,0,19,18,14134,0,0,0,0,1
2020-05-25,US,Iowa,Henry,61,1,0,40.98767962,-91.54436349,19087.0,60,61,1,0,60,57,20067,0,0,0,0,4
2020-05-25,US,Iowa,Howard,12,0,0,43.35671042,-92.31702714,19089.0,12,12,0,0,12,12,9187,0,0,0,0,0
2020-05-25,US,Iowa,Humboldt,13,0,0,42.7764426,-94.20722537,19091.0,13,13,0,0,13,11,9547,0,0,0,0,2
2020-05-25,US,Iowa,Ida,13,0,0,42.38696136,-95.51355387,19093.0,13,10,0,0,10,9,6841,3,0,0,3,1
2020-05-25,US,Iowa,Iowa,33,0,0,41.68630265,-92.0643373,19095.0,33,32,0,0,32,32,16141,1,0,0,1,0
2020-05-25,US,Iowa,Jackson,12,0,0,42.17178824,-90.57354837,19097.0,12,11,0,0,11,11,19432,1,0,0,1,0
2020-05-25,US,Iowa,Jasper,256,16,0,41.68576082,-93.05567785,19099.0,240,256,16,0,240,254,37147,0,0,0,0,2
2020-05-25,US,Iowa,Jefferson,18,0,0,41.03192394,-91.94849466,19101.0,18,15,0,0,15,14,18381,3,0,0,3,1
2020-05-25,US,Iowa,Johnson,602,7,0,41.67169354,-91.58754744,19103.0,595,598,7,0,591,593,151260,4,0,0,4,5
2020-05-25,US,Iowa,Jones,36,0,0,42.12118609,-91.13139641,19105.0,36,36,0,0,36,36,20744,0,0,0,0,0
2020-05-25,US,Iowa,Keokuk,14,0,0,41.33649833,-92.1785067,19107.0,14,13,0,0,13,13,10225,1,0,0,1,0
2020-05-25,US,Iowa,Kossuth,7,0,0,43.20405458,-94.20691791,19109.0,7,7,0,0,7,7,14908,0,0,0,0,0
2020-05-25,US,Iowa,Lee,22,0,0,40.64181461,-91.48183025,19111.0,22,22,0,0,22,20,34055,0,0,0,0,2
2020-05-25,US,Iowa,Linn,935,75,0,42.07923082,-91.59809485,19113.0,860,927,75,0,852,922,225909,8,0,0,8,5
2020-05-25,US,Iowa,Louisa,334,7,0,41.21842119,-91.26102611,19115.0,327,334,7,0,327,334,11169,0,0,0,0,0
2020-05-25,US,Iowa,Lucas,6,0,0,41.02958964,-93.32780803,19117.0,6,6,0,0,6,4,8645,0,0,0,0,2
2020-05-25,US,Iowa,Lyon,19,0,0,43.38107862,-96.20926845,19119.0,19,19,0,0,19,19,11811,0,0,0,0,0
2020-05-25,US,Iowa,Madison,24,1,0,41.33081904,-94.01554631,19121.0,23,24,1,0,23,22,16249,0,0,0,0,2
2020-05-25,US,Iowa,Mahaska,85,6,0,41.33521503,-92.64083907,19123.0,79,52,6,0,46,51,22000,33,0,0,33,1
2020-05-25,US,Iowa,Marion,29,0,0,41.33445101,-93.09934783,19125.0,29,29,0,0,29,29,33407,0,0,0,0,0
2020-05-25,US,Iowa,Marshall,870,11,0,42.03586837,-92.99908190000001,19127.0,859,866,11,0,855,859,39981,4,0,0,4,7
2020-05-25,US,Iowa,Mills,16,0,0,41.03299766,-95.61920963,19129.0,16,14,0,0,14,14,15063,2,0,0,2,0
2020-05-25,US,Iowa,Mitchell,4,0,0,43.35638371,-92.78887719,19131.0,4,4,0,0,4,4,10569,0,0,0,0,0
2020-05-25,US,Iowa,Monona,24,0,0,42.05220391,-95.95743843,19133.0,24,23,0,0,23,21,8679,1,0,0,1,2
2020-05-25,US,Iowa,Monroe,33,4,0,41.02988815,-92.8690667,19135.0,29,33,4,0,29,32,7790,0,0,0,0,1
2020-05-25,US,Iowa,Montgomery,6,0,0,41.03018714,-95.15642896,19137.0,6,6,0,0,6,5,10003,0,0,0,0,1
2020-05-25,US,Iowa,Muscatine,545,39,0,41.48370744,-91.11216970000001,19139.0,506,543,39,0,504,541,42929,2,0,0,2,2
2020-05-25,US,Iowa,O'Brien,24,0,0,43.08310673,-95.62474482,19141.0,24,24,0,0,24,24,13840,0,0,0,0,0
2020-05-25,US,Iowa,Osceola,32,0,0,43.37824276,-95.62422844,19143.0,32,32,0,0,32,30,6040,0,0,0,0,2
2020-05-25,US,Iowa,Page,10,0,0,40.7393172,-95.1497813,19145.0,10,10,0,0,10,10,15249,0,0,0,0,0
2020-05-25,US,Iowa,Palo Alto,3,0,0,43.08193849,-94.67824621,19147.0,3,3,0,0,3,3,8929,0,0,0,0,0
2020-05-25,US,Iowa,Plymouth,116,0,0,42.737633,-96.21366621,19149.0,116,108,0,0,108,103,25095,8,0,0,8,5
2020-05-25,US,Iowa,Pocahontas,4,0,0,42.73420133,-94.67862564,19151.0,4,4,0,0,4,4,6740,0,0,0,0,0
2020-05-25,US,Iowa,Polk,3774,108,0,41.68679484,-93.57767461,19153.0,3666,3714,108,0,3606,3603,487204,60,0,0,60,111
2020-05-25,US,Iowa,Pottawattamie,212,6,0,41.33640314,-95.53907776,19155.0,206,210,6,0,204,205,93533,2,0,0,2,5
2020-05-25,US,Iowa,Poweshiek,88,8,0,41.68625425,-92.53155731,19157.0,80,88,8,0,80,88,18699,0,0,0,0,0
2020-05-25,US,Iowa,Ringgold,4,0,0,40.73518949,-94.24368535,19159.0,4,4,0,0,4,2,4968,0,0,0,0,2
2020-05-25,US,Iowa,Sac,13,0,0,42.38624071,-95.10547892,19161.0,13,13,0,0,13,13,9719,0,0,0,0,0
2020-05-25,US,Iowa,Scott,337,9,0,41.63935978,-90.61959493,19163.0,328,331,9,0,322,329,173283,6,0,0,6,2
2020-05-25,US,Iowa,Shelby,31,0,0,41.6850066,-95.31015553,19165.0,31,31,0,0,31,31,11578,0,0,0,0,0
2020-05-25,US,Iowa,Sioux,207,0,0,43.08221074,-96.17675679999999,19167.0,207,199,0,0,199,194,34909,8,0,0,8,5
2020-05-25,US,Iowa,Story,95,1,0,42.03621213,-93.46499005,19169.0,94,94,1,0,93,90,98105,1,0,0,1,4
2020-05-25,US,Iowa,Tama,394,23,0,42.07991767,-92.53266945,19171.0,371,390,23,0,367,390,16904,4,0,0,4,0
2020-05-25,US,Iowa,Taylor,39,0,0,40.73710579,-94.69778563,19173.0,39,37,0,0,37,10,6191,2,0,0,2,27
2020-05-25,US,Iowa,Unassigned,6,0,0,0.0,0.0,90019.0,6,3,0,0,3,2,,3,0,0,3,1
2020-05-25,US,Iowa,Union,7,0,0,41.0277278,-94.24234847,19175.0,7,6,0,0,6,5,12359,1,0,0,1,1
2020-05-25,US,Iowa,Van Buren,10,0,0,40.75326764,-91.95017958,19177.0,10,8,0,0,8,8,7020,2,0,0,2,0
2020-05-25,US,Iowa,Wapello,514,4,0,41.03064984,-92.40954728,19179.0,510,500,4,0,496,477,35205,14,0,0,14,23
2020-05-25,US,Iowa,Warren,111,0,0,41.33559454,-93.56007641,19181.0,111,106,0,0,106,100,51056,5,0,0,5,6
2020-05-25,US,Iowa,Washington,180,8,0,41.33577126,-91.71725711,19183.0,172,179,8,0,171,179,22141,1,0,0,1,0
2020-05-25,US,Iowa,Wayne,1,0,0,40.73969028,-93.32752197,19185.0,1,1,0,0,1,1,6401,0,0,0,0,0
2020-05-25,US,Iowa,Webster,27,1,0,42.42853483,-94.17987389,19187.0,26,27,1,0,26,27,36277,0,0,0,0,0
2020-05-25,US,Iowa,Winnebago,10,0,0,43.37751174,-93.73407298,19189.0,10,10,0,0,10,10,10518,0,0,0,0,0
2020-05-25,US,Iowa,Winneshiek,23,0,0,43.29094334,-91.84422722,19191.0,23,21,0,0,21,21,20029,2,0,0,2,0
2020-05-25,US,Iowa,Woodbury,2624,24,0,42.38979414,-96.0459439,19193.0,2600,2555,24,0,2531,2520,102539,69,0,0,69,35
2020-05-25,US,Iowa,Worth,3,0,0,43.37750768,-93.26087602,19195.0,3,3,0,0,3,3,7453,0,0,0,0,0
2020-05-25,US,Iowa,Wright,122,0,0,42.73305373,-93.73515113,19197.0,122,117,0,0,117,98,12690,5,0,0,5,19
2020-05-25,US,Kansas,Allen,1,0,0,37.88582951,-95.30030847,20001.0,1,1,0,0,1,1,12444,0,0,0,0,0
2020-05-25,US,Kansas,Anderson,1,0,0,38.21413251,-95.29272815,20003.0,1,1,0,0,1,1,7878,0,0,0,0,0
2020-05-25,US,Kansas,Atchison,21,0,0,39.53185661,-95.30870026,20005.0,21,19,0,0,19,19,16193,2,0,0,2,0
2020-05-25,US,Kansas,Barber,1,0,0,37.2288586,-98.68460053,20007.0,1,1,0,0,1,1,4472,0,0,0,0,0
2020-05-25,US,Kansas,Barton,45,1,0,38.47889676,-98.75636726,20009.0,44,45,1,0,44,36,26111,0,0,0,0,9
2020-05-25,US,Kansas,Bourbon,7,1,0,37.85508555,-94.84865997,20011.0,6,7,1,0,6,7,14653,0,0,0,0,0
2020-05-25,US,Kansas,Brown,6,0,0,39.82652589,-95.56421698,20013.0,6,6,0,0,6,6,9598,0,0,0,0,0
2020-05-25,US,Kansas,Butler,28,0,0,37.78134351,-96.83878537,20015.0,28,28,0,0,28,25,66765,0,0,0,0,3
2020-05-25,US,Kansas,Chase,4,0,0,38.30292938,-96.59563862,20017.0,4,4,0,0,4,4,2629,0,0,0,0,0
2020-05-25,US,Kansas,Chautauqua,4,0,0,37.14994405,-96.2454192,20019.0,4,4,0,0,4,4,3309,0,0,0,0,0
2020-05-25,US,Kansas,Cherokee,9,0,0,37.16928494,-94.8462897,20021.0,9,9,0,0,9,9,20015,0,0,0,0,0
2020-05-25,US,Kansas,Cheyenne,2,0,0,39.78580976,-101.7318201,20023.0,2,2,0,0,2,2,2660,0,0,0,0,0
2020-05-25,US,Kansas,Clark,31,1,0,37.23577007,-99.81883015,20025.0,30,31,1,0,30,31,2005,0,0,0,0,0
2020-05-25,US,Kansas,Clay,5,1,0,39.34948772,-97.16518128,20027.0,4,5,1,0,4,5,7997,0,0,0,0,0
2020-05-25,US,Kansas,Cloud,5,0,0,39.48028352,-97.64925343,20029.0,5,5,0,0,5,4,8729,0,0,0,0,1
2020-05-25,US,Kansas,Coffey,50,8,0,38.2365018,-95.73379515,20031.0,42,50,8,0,42,50,8233,0,0,0,0,0
2020-05-25,US,Kansas,Comanche,1,0,0,37.19114520000001,-99.27113247,20033.0,1,1,0,0,1,1,1748,0,0,0,0,0
2020-05-25,US,Kansas,Cowley,4,1,0,37.23781842,-96.83776647,20035.0,3,4,1,0,3,4,35218,0,0,0,0,0
2020-05-25,US,Kansas,Crawford,8,1,0,37.50675523,-94.85245778,20037.0,7,8,1,0,7,8,39019,0,0,0,0,0
2020-05-25,US,Kansas,Dickinson,3,0,0,38.86600962,-97.15532383,20041.0,3,4,0,0,4,4,18717,-1,0,0,-1,0
2020-05-25,US,Kansas,Doniphan,12,0,0,39.79067154,-95.14056866,20043.0,12,12,0,0,12,12,7682,0,0,0,0,0
2020-05-25,US,Kansas,Douglas,63,0,0,38.88503636,-95.2925121,20045.0,63,63,0,0,63,63,121436,0,0,0,0,0
2020-05-25,US,Kansas,Edwards,5,0,0,37.88735543,-99.31263309,20047.0,5,5,0,0,5,5,2849,0,0,0,0,0
2020-05-25,US,Kansas,Ellis,8,0,0,38.91458712,-99.31751551,20051.0,8,8,0,0,8,8,28710,0,0,0,0,0
2020-05-25,US,Kansas,Ellsworth,2,0,0,38.69677695,-98.20462799,20053.0,2,2,0,0,2,2,6196,0,0,0,0,0
2020-05-25,US,Kansas,Finney,1418,6,0,38.04340344,-100.73819379999999,20055.0,1412,1418,6,0,1412,1418,36611,0,0,0,0,0
2020-05-25,US,Kansas,Ford,1601,8,0,37.69200114,-99.88825298,20057.0,1593,1560,8,0,1552,1555,33888,41,0,0,41,5
2020-05-25,US,Kansas,Franklin,33,0,0,38.56443815,-95.28644341,20059.0,33,32,0,0,32,32,25631,1,0,0,1,0
2020-05-25,US,Kansas,Geary,16,0,0,38.99871131,-96.7577178,20061.0,16,16,0,0,16,16,32594,0,0,0,0,0
2020-05-25,US,Kansas,Gove,1,0,0,38.91588178,-100.4829321,20063.0,1,1,0,0,1,1,2612,0,0,0,0,0
2020-05-25,US,Kansas,Grant,18,0,0,37.56227336,-101.3079758,20067.0,18,18,0,0,18,18,7336,0,0,0,0,0
2020-05-25,US,Kansas,Gray,22,0,0,37.73836671,-100.4369088,20069.0,22,21,0,0,21,21,6033,1,0,0,1,0
2020-05-25,US,Kansas,Greenwood,3,0,0,37.8774388,-96.23250453,20073.0,3,3,0,0,3,3,6055,0,0,0,0,0
2020-05-25,US,Kansas,Hamilton,10,0,0,37.99978709,-101.7921066,20075.0,10,10,0,0,10,10,2607,0,0,0,0,0
2020-05-25,US,Kansas,Harper,1,0,0,37.19175361,-98.07578384,20077.0,1,1,0,0,1,1,5506,0,0,0,0,0
2020-05-25,US,Kansas,Harvey,11,0,0,38.04293782,-97.42747573,20079.0,11,11,0,0,11,11,34210,0,0,0,0,0
2020-05-25,US,Kansas,Haskell,18,0,0,37.562039399999996,-100.8710738,20081.0,18,17,0,0,17,17,3997,1,0,0,1,0
2020-05-25,US,Kansas,Hodgeman,1,0,0,38.08780079,-99.89829881,20083.0,1,1,0,0,1,1,1818,0,0,0,0,0
2020-05-25,US,Kansas,Jackson,92,0,0,39.41673394,-95.79356799,20085.0,92,92,0,0,92,84,13280,0,0,0,0,8
2020-05-25,US,Kansas,Jefferson,22,0,0,39.2347941,-95.38289232,20087.0,22,21,0,0,21,21,18975,1,0,0,1,0
2020-05-25,US,Kansas,Jewell,4,0,0,39.78470589,-98.21820662,20089.0,4,4,0,0,4,4,2841,0,0,0,0,0
2020-05-25,US,Kansas,Johnson,738,61,0,38.88548175,-94.82250877,20091.0,677,698,60,0,638,688,597555,40,1,0,39,10
2020-05-25,US,Kansas,Kearny,40,1,0,38.00017981,-101.32168100000001,20093.0,39,40,1,0,39,40,3943,0,0,0,0,0
2020-05-25,US,Kansas,Kiowa,2,0,0,37.55848695,-99.2856537,20097.0,2,2,0,0,2,2,2516,0,0,0,0,0
2020-05-25,US,Kansas,Labette,22,0,0,37.19113093,-95.29849679,20099.0,22,22,0,0,22,22,19964,0,0,0,0,0
2020-05-25,US,Kansas,Lane,3,0,0,38.48119447,-100.46607540000001,20101.0,3,1,0,0,1,1,1560,2,0,0,2,0
2020-05-25,US,Kansas,Leavenworth,1067,7,0,39.20183497,-95.03620809,20103.0,1060,1067,7,0,1060,1067,81352,0,0,0,0,0
2020-05-25,US,Kansas,Linn,7,0,0,38.21267844,-94.84254089,20107.0,7,7,0,0,7,7,9750,0,0,0,0,0
2020-05-25,US,Kansas,Lyon,332,3,0,38.45576156,-96.15275715,20111.0,329,328,3,0,325,328,33406,4,0,0,4,0
2020-05-25,US,Kansas,Marion,5,1,0,38.35855394,-97.09852509999999,20115.0,4,5,1,0,4,5,11950,0,0,0,0,0
2020-05-25,US,Kansas,McPherson,27,0,0,38.39184858,-97.64769869,20113.0,27,27,0,0,27,27,28537,0,0,0,0,0
2020-05-25,US,Kansas,Meade,24,0,0,37.23859987,-100.36483100000001,20119.0,24,24,0,0,24,24,4146,0,0,0,0,0
2020-05-25,US,Kansas,Miami,7,0,0,38.56383358,-94.83832189,20121.0,7,6,0,0,6,6,33680,1,0,0,1,0
2020-05-25,US,Kansas,Mitchell,3,0,0,39.39331582,-98.20906732,20123.0,3,3,0,0,3,3,6150,0,0,0,0,0
2020-05-25,US,Kansas,Montgomery,20,2,0,37.19236568,-95.74329258,20125.0,18,20,2,0,18,20,32120,0,0,0,0,0
2020-05-25,US,Kansas,Morris,4,0,0,38.68827511,-96.65128437,20127.0,4,4,0,0,4,4,5521,0,0,0,0,0
2020-05-25,US,Kansas,Morton,4,0,0,37.19141121,-101.79925190000002,20129.0,4,4,0,0,4,4,2667,0,0,0,0,0
2020-05-25,US,Kansas,Nemaha,13,0,0,39.78345387,-96.01392079,20131.0,13,13,0,0,13,9,10155,0,0,0,0,4
2020-05-25,US,Kansas,Neosho,2,0,0,37.55862897,-95.30670046,20133.0,2,2,0,0,2,2,15951,0,0,0,0,0
2020-05-25,US,Kansas,Ness,1,0,0,38.47974157,-99.91547333,20135.0,1,1,0,0,1,1,2840,0,0,0,0,0
2020-05-25,US,Kansas,Norton,2,0,0,39.78443827,-99.90286639,20137.0,2,2,0,0,2,2,5430,0,0,0,0,0
2020-05-25,US,Kansas,Osage,7,0,0,38.65235984,-95.72707998,20139.0,7,7,0,0,7,7,15941,0,0,0,0,0
2020-05-25,US,Kansas,Osborne,2,0,0,39.3503437,-98.76753828,20141.0,2,2,0,0,2,2,3475,0,0,0,0,0
2020-05-25,US,Kansas,Ottawa,4,0,0,39.13237408,-97.65020313,20143.0,4,4,0,0,4,4,5802,0,0,0,0,0
2020-05-25,US,Kansas,Phillips,2,0,0,39.78465501,-99.34668865,20147.0,2,2,0,0,2,2,5317,0,0,0,0,0
2020-05-25,US,Kansas,Pottawatomie,23,0,0,39.37925655,-96.34564657,20149.0,23,22,0,0,22,22,24277,1,0,0,1,0
2020-05-25,US,Kansas,Pratt,1,0,0,37.64780729,-98.73922153,20151.0,1,1,0,0,1,1,9378,0,0,0,0,0
2020-05-25,US,Kansas,Reno,43,0,0,37.95230263,-98.08607292,20155.0,43,43,0,0,43,43,62342,0,0,0,0,0
2020-05-25,US,Kansas,Republic,4,0,0,39.82799632,-97.65036709,20157.0,4,4,0,0,4,4,4664,0,0,0,0,0
2020-05-25,US,Kansas,Rice,4,0,0,38.34616184,-98.19992118,20159.0,4,4,0,0,4,4,9531,0,0,0,0,0
2020-05-25,US,Kansas,Riley,62,1,0,39.28935726,-96.73420026,20161.0,61,61,1,0,60,61,73703,1,0,0,1,0
2020-05-25,US,Kansas,Rooks,6,0,0,39.35022773,-99.32484567,20163.0,6,6,0,0,6,6,5013,0,0,0,0,0
2020-05-25,US,Kansas,Saline,24,2,0,38.78369175,-97.65185177,20169.0,22,24,2,0,22,24,54401,0,0,0,0,0
2020-05-25,US,Kansas,Scott,13,0,0,38.48222076,-100.90665390000001,20171.0,13,13,0,0,13,13,4897,0,0,0,0,0
2020-05-25,US,Kansas,Sedgwick,559,21,0,37.6842718,-97.4608198,20173.0,538,556,21,0,535,553,513607,3,0,0,3,3
2020-05-25,US,Kansas,Seward,822,1,0,37.19324632,-100.85072009999999,20175.0,821,821,1,0,820,821,21780,1,0,0,1,0
2020-05-25,US,Kansas,Shawnee,263,6,0,39.04100763,-95.75572640000001,20177.0,257,254,6,0,248,247,177499,9,0,0,9,7
2020-05-25,US,Kansas,Sheridan,2,0,0,39.35018161,-100.44182590000001,20179.0,2,2,0,0,2,2,2533,0,0,0,0,0
2020-05-25,US,Kansas,Sherman,6,0,0,39.35147699,-101.71976240000001,20181.0,6,6,0,0,6,6,5899,0,0,0,0,0
2020-05-25,US,Kansas,Smith,2,0,0,39.78516566,-98.78566062,20183.0,2,2,0,0,2,2,3603,0,0,0,0,0
2020-05-25,US,Kansas,Stafford,1,0,0,38.03100851,-98.71762001,20185.0,1,1,0,0,1,1,4178,0,0,0,0,0
2020-05-25,US,Kansas,Stanton,9,0,0,37.56304714,-101.78435340000001,20187.0,9,9,0,0,9,9,1987,0,0,0,0,0
2020-05-25,US,Kansas,Stevens,27,0,0,37.1923008,-101.3118967,20189.0,27,27,0,0,27,27,5559,0,0,0,0,0
2020-05-25,US,Kansas,Sumner,6,1,0,37.23682549,-97.47721621,20191.0,5,6,1,0,5,6,22996,0,0,0,0,0
2020-05-25,US,Kansas,Trego,1,0,0,38.91467218,-99.87284448,20195.0,1,1,0,0,1,1,2793,0,0,0,0,0
2020-05-25,US,Kansas,Wabaunsee,30,0,0,38.95471985,-96.20350509,20197.0,30,29,0,0,29,29,6899,1,0,0,1,0
2020-05-25,US,Kansas,Wilson,1,0,0,37.55937174,-95.74323255,20205.0,1,1,0,0,1,1,8665,0,0,0,0,0
2020-05-25,US,Kansas,Woodson,6,0,0,37.8865336,-95.74006277,20207.0,6,6,0,0,6,6,3183,0,0,0,0,0
2020-05-25,US,Kansas,Wyandotte,1275,72,0,39.11727348,-94.76378225,20209.0,1203,1263,71,0,1192,1255,165324,12,1,0,11,8
2020-05-25,US,Kentucky,Adair,96,18,0,37.10459774,-85.28129668,21001.0,78,96,18,0,78,96,19215,0,0,0,0,0
2020-05-25,US,Kentucky,Allen,47,2,0,36.75197631,-86.19457544,21003.0,45,47,2,0,45,47,21122,0,0,0,0,0
2020-05-25,US,Kentucky,Anderson,15,1,0,38.00671029,-84.99171713,21005.0,14,15,1,0,14,15,22663,0,0,0,0,0
2020-05-25,US,Kentucky,Ballard,9,0,0,37.05842757,-88.99427697,21007.0,9,9,0,0,9,9,7979,0,0,0,0,0
2020-05-25,US,Kentucky,Barren,42,1,0,36.96469836,-85.93338945,21009.0,41,42,1,0,41,42,44176,0,0,0,0,0
2020-05-25,US,Kentucky,Bath,8,1,0,38.14735938,-83.74588932,21011.0,7,8,1,0,7,8,12383,0,0,0,0,0
2020-05-25,US,Kentucky,Bell,1,0,0,36.73355174,-83.67766671,21013.0,1,1,0,0,1,1,26569,0,0,0,0,0
2020-05-25,US,Kentucky,Boone,387,11,0,38.97065142,-84.72615357,21015.0,376,387,11,0,376,387,131533,0,0,0,0,0
2020-05-25,US,Kentucky,Bourbon,9,1,0,38.2054607,-84.21827874,21017.0,8,9,1,0,8,9,20184,0,0,0,0,0
2020-05-25,US,Kentucky,Boyd,39,3,0,38.36176608,-82.68652187,21019.0,36,39,3,0,36,39,47240,0,0,0,0,0
2020-05-25,US,Kentucky,Boyle,20,0,0,37.62680923,-84.8633779,21021.0,20,20,0,0,20,20,30100,0,0,0,0,0
2020-05-25,US,Kentucky,Bracken,11,0,0,38.69158994,-84.08532444,21023.0,11,11,0,0,11,11,8239,0,0,0,0,0
2020-05-25,US,Kentucky,Breathitt,3,0,0,37.52333168,-83.31959161,21025.0,3,3,0,0,3,3,12726,0,0,0,0,0
2020-05-25,US,Kentucky,Breckinridge,16,2,0,37.77377239,-86.42885017,21027.0,14,16,2,0,14,16,20388,0,0,0,0,0
2020-05-25,US,Kentucky,Bullitt,104,4,0,37.97162523,-85.68955617,21029.0,100,104,4,0,100,104,81069,0,0,0,0,0
2020-05-25,US,Kentucky,Butler,218,6,0,37.20946153,-86.68748787,21031.0,212,218,6,0,212,218,12772,0,0,0,0,0
2020-05-25,US,Kentucky,Caldwell,12,0,0,37.14749129,-87.86948214,21033.0,12,12,0,0,12,12,12715,0,0,0,0,0
2020-05-25,US,Kentucky,Calloway,49,1,0,36.62093411,-88.2731593,21035.0,48,49,1,0,48,49,39135,0,0,0,0,0
2020-05-25,US,Kentucky,Campbell,146,11,0,38.94384345,-84.37875208,21037.0,135,146,11,0,135,146,93152,0,0,0,0,0
2020-05-25,US,Kentucky,Carlisle,5,1,0,36.85372876,-88.96692220000001,21039.0,4,5,1,0,4,5,4771,0,0,0,0,0
2020-05-25,US,Kentucky,Carroll,7,0,0,38.66599534,-85.12601074,21041.0,7,7,0,0,7,7,10737,0,0,0,0,0
2020-05-25,US,Kentucky,Carter,9,0,0,38.31690743,-83.05092385,21043.0,9,9,0,0,9,9,27004,0,0,0,0,0
2020-05-25,US,Kentucky,Casey,2,0,0,37.32533118,-84.92726209,21045.0,2,2,0,0,2,2,15888,0,0,0,0,0
2020-05-25,US,Kentucky,Christian,103,3,0,36.89267803,-87.49055367,21047.0,100,103,3,0,100,103,71671,0,0,0,0,0
2020-05-25,US,Kentucky,Clark,37,0,0,37.9689263,-84.14615986,21049.0,37,37,0,0,37,37,36249,0,0,0,0,0
2020-05-25,US,Kentucky,Clay,4,0,0,37.16451126,-83.712575,21051.0,4,4,0,0,4,4,20105,0,0,0,0,0
2020-05-25,US,Kentucky,Clinton,3,0,0,36.72581156,-85.13377529,21053.0,3,3,0,0,3,3,10206,0,0,0,0,0
2020-05-25,US,Kentucky,Crittenden,5,1,0,37.35839237,-88.08826090000002,21055.0,4,5,1,0,4,5,8915,0,0,0,0,0
2020-05-25,US,Kentucky,Cumberland,5,0,0,36.78926125,-85.39050034,21057.0,5,5,0,0,5,5,6659,0,0,0,0,0
2020-05-25,US,Kentucky,Daviess,305,6,0,37.73028906,-87.09019479999998,21059.0,299,305,6,0,299,305,101104,0,0,0,0,0
2020-05-25,US,Kentucky,Edmonson,54,9,0,37.21218923,-86.23955613,21061.0,45,54,9,0,45,54,12274,0,0,0,0,0
2020-05-25,US,Kentucky,Elliott,1,0,0,38.11624059,-83.09771563,21063.0,1,1,0,0,1,1,7508,0,0,0,0,0
2020-05-25,US,Kentucky,Fayette,619,13,0,38.0368225,-84.45576892,21067.0,606,619,13,0,606,619,323780,0,0,0,0,0
2020-05-25,US,Kentucky,Fleming,2,0,0,38.36758311,-83.69657514,21069.0,2,2,0,0,2,2,14432,0,0,0,0,0
2020-05-25,US,Kentucky,Floyd,16,0,0,37.56213922,-82.74750924,21071.0,16,16,0,0,16,16,35845,0,0,0,0,0
2020-05-25,US,Kentucky,Franklin,24,0,0,38.2379395,-84.87962551,21073.0,24,24,0,0,24,24,50815,0,0,0,0,0
2020-05-25,US,Kentucky,Fulton,3,0,0,36.55238827,-89.20140068,21075.0,3,3,0,0,3,3,6120,0,0,0,0,0
2020-05-25,US,Kentucky,Gallatin,8,0,0,38.75398691,-84.8558382,21077.0,8,8,0,0,8,8,8832,0,0,0,0,0
2020-05-25,US,Kentucky,Garrard,4,0,0,37.638866799999995,-84.53289319,21079.0,4,4,0,0,4,4,17560,0,0,0,0,0
2020-05-25,US,Kentucky,Grant,36,3,0,38.64962758,-84.62415957,21081.0,33,36,3,0,33,36,25121,0,0,0,0,0
2020-05-25,US,Kentucky,Graves,157,19,0,36.72292505,-88.65143315,21083.0,138,157,19,0,138,157,37317,0,0,0,0,0
2020-05-25,US,Kentucky,Grayson,121,8,0,37.46231118,-86.34248968,21085.0,113,121,8,0,113,121,26321,0,0,0,0,0
2020-05-25,US,Kentucky,Green,1,0,0,37.26484328,-85.5540745,21087.0,1,1,0,0,1,1,11049,0,0,0,0,0
2020-05-25,US,Kentucky,Greenup,13,0,0,38.54332505,-82.9215658,21089.0,13,13,0,0,13,13,35268,0,0,0,0,0
2020-05-25,US,Kentucky,Hancock,6,0,0,37.83766422,-86.78280584,21091.0,6,6,0,0,6,6,8758,0,0,0,0,0
2020-05-25,US,Kentucky,Hardin,96,2,0,37.6976111,-85.96319251,21093.0,94,96,2,0,94,96,110356,0,0,0,0,0
2020-05-25,US,Kentucky,Harlan,1,0,0,36.85699301,-83.21899516,21095.0,1,1,0,0,1,1,26409,0,0,0,0,0
2020-05-25,US,Kentucky,Harrison,18,0,0,38.44188174,-84.32869741,21097.0,18,18,0,0,18,18,18778,0,0,0,0,0
2020-05-25,US,Kentucky,Hart,20,0,0,37.29943898,-85.88461055,21099.0,20,20,0,0,20,20,18906,0,0,0,0,0
2020-05-25,US,Kentucky,Henderson,95,3,0,37.79344553,-87.57392021,21101.0,92,95,3,0,92,95,45591,0,0,0,0,0
2020-05-25,US,Kentucky,Henry,14,0,0,38.44942688,-85.11587507,21103.0,14,14,0,0,14,14,16106,0,0,0,0,0
2020-05-25,US,Kentucky,Hickman,5,0,0,36.67948079999999,-88.97875928,21105.0,5,5,0,0,5,5,4421,0,0,0,0,0
2020-05-25,US,Kentucky,Hopkins,218,28,0,37.30939025,-87.54670406,21107.0,190,218,28,0,190,218,45068,0,0,0,0,0
2020-05-25,US,Kentucky,Jackson,60,13,0,37.41866422,-83.99825483,21109.0,47,60,13,0,47,60,13442,0,0,0,0,0
2020-05-25,US,Kentucky,Jefferson,2050,141,0,38.18664655,-85.65931031,21111.0,1909,2050,141,0,1909,2050,770517,0,0,0,0,0
2020-05-25,US,Kentucky,Jessamine,51,0,0,37.87119786,-84.58252003,21113.0,51,51,0,0,51,51,53920,0,0,0,0,0
2020-05-25,US,Kentucky,Johnson,5,0,0,37.85106355,-82.8264322,21115.0,5,5,0,0,5,5,22386,0,0,0,0,0
2020-05-25,US,Kentucky,Kenton,527,32,0,38.93950319,-84.53241199,21117.0,495,527,32,0,495,527,166051,0,0,0,0,0
2020-05-25,US,Kentucky,Knott,4,0,0,37.35388197,-82.94981134,21119.0,4,4,0,0,4,4,15126,0,0,0,0,0
2020-05-25,US,Kentucky,Knox,8,0,0,36.89225732,-83.85403396,21121.0,8,8,0,0,8,8,31304,0,0,0,0,0
2020-05-25,US,Kentucky,Larue,7,0,0,37.54567114,-85.70138352,21123.0,7,7,0,0,7,7,14307,0,0,0,0,0
2020-05-25,US,Kentucky,Laurel,21,2,0,37.10975748,-84.11321779,21125.0,19,21,2,0,19,21,60669,0,0,0,0,0
2020-05-25,US,Kentucky,Lawrence,1,0,0,38.07136018,-82.72882223,21127.0,1,1,0,0,1,1,15571,0,0,0,0,0
2020-05-25,US,Kentucky,Leslie,6,0,0,37.09246661,-83.37999606,21131.0,6,6,0,0,6,6,10143,0,0,0,0,0
2020-05-25,US,Kentucky,Letcher,4,0,0,37.12306748,-82.85346474,21133.0,4,4,0,0,4,4,21899,0,0,0,0,0
2020-05-25,US,Kentucky,Lewis,7,0,0,38.53184419,-83.37735618,21135.0,7,7,0,0,7,7,13257,0,0,0,0,0
2020-05-25,US,Kentucky,Lincoln,8,1,0,37.45475628,-84.6565327,21137.0,7,8,1,0,7,8,24644,0,0,0,0,0
2020-05-25,US,Kentucky,Livingston,8,0,0,37.21137452,-88.34797529,21139.0,8,8,0,0,8,8,9242,0,0,0,0,0
2020-05-25,US,Kentucky,Logan,115,3,0,36.85949479,-86.877635,21141.0,112,115,3,0,112,115,26989,0,0,0,0,0
2020-05-25,US,Kentucky,Lyon,14,3,0,37.02080035,-88.07886257,21143.0,11,14,3,0,11,14,8009,0,0,0,0,0
2020-05-25,US,Kentucky,Madison,45,1,0,37.71659336,-84.27220275,21151.0,44,45,1,0,44,45,92368,0,0,0,0,0
2020-05-25,US,Kentucky,Magoffin,2,0,0,37.70820545,-83.0657714,21153.0,2,2,0,0,2,2,12362,0,0,0,0,0
2020-05-25,US,Kentucky,Marion,18,0,0,37.55218078,-85.26898542,21155.0,18,18,0,0,18,18,19404,0,0,0,0,0
2020-05-25,US,Kentucky,Marshall,37,2,0,36.88007070000001,-88.32803576,21157.0,35,37,2,0,35,37,31191,0,0,0,0,0
2020-05-25,US,Kentucky,Martin,3,0,0,37.79990579,-82.51247478,21159.0,3,3,0,0,3,3,11323,0,0,0,0,0
2020-05-25,US,Kentucky,Mason,8,0,0,38.59471935,-83.82151043,21161.0,8,8,0,0,8,8,17150,0,0,0,0,0
2020-05-25,US,Kentucky,McCracken,87,2,0,37.05350953,-88.70445755,21145.0,85,87,2,0,85,87,65346,0,0,0,0,0
2020-05-25,US,Kentucky,McCreary,13,0,0,36.73874143,-84.48102924,21147.0,13,13,0,0,13,13,17408,0,0,0,0,0
2020-05-25,US,Kentucky,McLean,19,1,0,37.5301951,-87.26803443,21149.0,18,19,1,0,18,19,9252,0,0,0,0,0
2020-05-25,US,Kentucky,Meade,21,2,0,37.96163597,-86.21028219,21163.0,19,21,2,0,19,21,28715,0,0,0,0,0
2020-05-25,US,Kentucky,Menifee,8,0,0,37.94090733,-83.59985712,21165.0,8,8,0,0,8,8,6451,0,0,0,0,0
2020-05-25,US,Kentucky,Mercer,12,0,0,37.81474237,-84.87488475,21167.0,12,12,0,0,12,12,21774,0,0,0,0,0
2020-05-25,US,Kentucky,Metcalfe,4,0,0,36.99459295,-85.63123699,21169.0,4,4,0,0,4,4,10030,0,0,0,0,0
2020-05-25,US,Kentucky,Monroe,14,0,0,36.71225341,-85.71596443,21171.0,14,14,0,0,14,14,10718,0,0,0,0,0
2020-05-25,US,Kentucky,Montgomery,21,0,0,38.03253032,-83.9145241,21173.0,21,21,0,0,21,21,28203,0,0,0,0,0
2020-05-25,US,Kentucky,Morgan,1,0,0,37.92465657,-83.25558245,21175.0,1,1,0,0,1,1,13345,0,0,0,0,0
2020-05-25,US,Kentucky,Muhlenberg,471,7,0,37.21425819,-87.14632053,21177.0,464,471,7,0,464,471,30774,0,0,0,0,0
2020-05-25,US,Kentucky,Nelson,35,0,0,37.80335779,-85.4657193,21179.0,35,35,0,0,35,35,45851,0,0,0,0,0
2020-05-25,US,Kentucky,Nicholas,1,0,0,38.33342292,-84.01889177,21181.0,1,1,0,0,1,1,7166,0,0,0,0,0
2020-05-25,US,Kentucky,Ohio,120,0,0,37.47751843,-86.85368087,21183.0,120,120,0,0,120,120,24087,0,0,0,0,0
2020-05-25,US,Kentucky,Oldham,60,3,0,38.39791089,-85.448222,21185.0,57,60,3,0,57,60,66470,0,0,0,0,0
2020-05-25,US,Kentucky,Owen,1,0,0,38.51679143,-84.82404619,21187.0,1,1,0,0,1,1,10880,0,0,0,0,0
2020-05-25,US,Kentucky,Owsley,2,0,0,37.42823949,-83.68811419,21189.0,2,2,0,0,2,2,4472,0,0,0,0,0
2020-05-25,US,Kentucky,Pendleton,7,0,0,38.69607718,-84.35599463,21191.0,7,7,0,0,7,7,14529,0,0,0,0,0
2020-05-25,US,Kentucky,Perry,19,0,0,37.25023553,-83.22922731,21193.0,19,19,0,0,19,19,26092,0,0,0,0,0
2020-05-25,US,Kentucky,Pike,28,2,0,37.47088263,-82.39487445,21195.0,26,28,2,0,26,28,58402,0,0,0,0,0
2020-05-25,US,Kentucky,Powell,1,0,0,37.83218794,-83.82553961,21197.0,1,1,0,0,1,1,12442,0,0,0,0,0
2020-05-25,US,Kentucky,Pulaski,55,2,0,37.10466131,-84.57629079,21199.0,53,55,2,0,53,55,64623,0,0,0,0,0
2020-05-25,US,Kentucky,Rockcastle,13,0,0,37.36642393,-84.31176452,21203.0,13,13,0,0,13,13,16750,0,0,0,0,0
2020-05-25,US,Kentucky,Rowan,7,0,0,38.19484205,-83.42088935,21205.0,7,7,0,0,7,7,24583,0,0,0,0,0
2020-05-25,US,Kentucky,Russell,22,4,0,36.99308373,-85.06070117,21207.0,18,22,4,0,18,22,17821,0,0,0,0,0
2020-05-25,US,Kentucky,Scott,34,0,0,38.29622293,-84.5816631,21209.0,34,34,0,0,34,34,56031,0,0,0,0,0
2020-05-25,US,Kentucky,Shelby,92,4,0,38.21476019,-85.194223,21211.0,88,92,4,0,88,92,48518,0,0,0,0,0
2020-05-25,US,Kentucky,Simpson,44,3,0,36.74058474,-86.58047435,21213.0,41,44,3,0,41,44,18529,0,0,0,0,0
2020-05-25,US,Kentucky,Spencer,16,0,0,38.03223971,-85.32749335,21215.0,16,16,0,0,16,16,18794,0,0,0,0,0
2020-05-25,US,Kentucky,Taylor,11,0,0,37.3677562,-85.3329931,21217.0,11,11,0,0,11,11,25549,0,0,0,0,0
2020-05-25,US,Kentucky,Todd,16,0,0,36.8381152,-87.17878374,21219.0,16,16,0,0,16,16,12311,0,0,0,0,0
2020-05-25,US,Kentucky,Trigg,9,0,0,36.80767017,-87.87333656,21221.0,9,9,0,0,9,9,14643,0,0,0,0,0
2020-05-25,US,Kentucky,Trimble,5,0,0,38.61056487,-85.33775972,21223.0,5,5,0,0,5,5,8515,0,0,0,0,0
2020-05-25,US,Kentucky,Unassigned,29,0,0,0.0,0.0,90021.0,29,29,0,0,29,29,,0,0,0,0,0
2020-05-25,US,Kentucky,Union,10,0,0,37.66166713,-87.94300009,21225.0,10,10,0,0,10,10,14505,0,0,0,0,0
2020-05-25,US,Kentucky,Warren,920,5,0,36.99903045,-86.42672751,21227.0,915,920,5,0,915,920,131264,0,0,0,0,0
2020-05-25,US,Kentucky,Washington,6,0,0,37.75599461,-85.17407732,21229.0,6,6,0,0,6,6,12084,0,0,0,0,0
2020-05-25,US,Kentucky,Wayne,8,0,0,36.80310688,-84.8251971,21231.0,8,8,0,0,8,8,20468,0,0,0,0,0
2020-05-25,US,Kentucky,Webster,32,0,0,37.52168356,-87.67989953,21233.0,32,32,0,0,32,32,13111,0,0,0,0,0
2020-05-25,US,Kentucky,Whitley,13,0,0,36.75700531,-84.14541217,21235.0,13,13,0,0,13,13,36242,0,0,0,0,0
2020-05-25,US,Kentucky,Wolfe,1,0,0,37.73941626,-83.49303612,21237.0,1,1,0,0,1,1,7177,0,0,0,0,0
2020-05-25,US,Kentucky,Woodford,25,0,0,38.04178222,-84.7417556,21239.0,25,25,0,0,25,25,26533,0,0,0,0,0
2020-05-25,US,Louisiana,Acadia,299,18,0,30.295064899999996,-92.41419698,22001.0,281,291,18,0,273,289,62190,8,0,0,8,2
2020-05-25,US,Louisiana,Allen,182,10,0,30.65385745,-92.82442028,22003.0,172,182,10,0,172,182,25605,0,0,0,0,0
2020-05-25,US,Louisiana,Ascension,788,55,0,30.20406249,-90.91328409999998,22005.0,733,786,54,0,732,785,124672,2,1,0,1,1
2020-05-25,US,Louisiana,Assumption,243,12,0,29.89946234,-91.06461642,22007.0,231,238,12,0,226,238,22300,5,0,0,5,0
2020-05-25,US,Louisiana,Avoyelles,113,9,0,31.07796211,-92.00079449,22009.0,104,104,9,0,95,101,40462,9,0,0,9,3
2020-05-25,US,Louisiana,Beauregard,58,4,0,30.64836518,-93.34173616,22011.0,54,56,4,0,52,56,37253,2,0,0,2,0
2020-05-25,US,Louisiana,Bienville,138,21,0,32.34569994,-93.05398492,22013.0,117,137,21,0,116,136,13308,1,0,0,1,1
2020-05-25,US,Louisiana,Bossier,398,25,0,32.67932307,-93.60460152,22015.0,373,382,25,0,357,380,127185,16,0,0,16,2
2020-05-25,US,Louisiana,Caddo,2343,174,0,32.57991587,-93.88375652,22017.0,2169,2312,174,0,2138,2293,242922,31,0,0,31,19
2020-05-25,US,Louisiana,Calcasieu,572,44,0,30.22931235,-93.35400434,22019.0,528,568,43,0,525,567,203112,4,1,0,3,1
2020-05-25,US,Louisiana,Caldwell,52,0,0,32.0902519,-92.11752148,22021.0,52,52,0,0,52,51,9960,0,0,0,0,1
2020-05-25,US,Louisiana,Cameron,3,0,0,29.87592238,-93.19310676,22023.0,3,3,0,0,3,3,6968,0,0,0,0,0
2020-05-25,US,Louisiana,Catahoula,112,3,0,31.66778967,-91.84526385,22025.0,109,112,3,0,109,112,9608,0,0,0,0,0
2020-05-25,US,Louisiana,Claiborne,61,10,0,32.82308512,-92.99526883,22027.0,51,61,10,0,51,58,15944,0,0,0,0,3
2020-05-25,US,Louisiana,Concordia,73,5,0,31.44817835,-91.63814433,22029.0,68,69,5,0,64,69,19572,4,0,0,4,0
2020-05-25,US,Louisiana,De Soto,239,16,0,32.05457447,-93.74130302,22031.0,223,237,16,0,221,236,27436,2,0,0,2,1
2020-05-25,US,Louisiana,East Baton Rouge,3438,230,0,30.53842039,-91.09777565,22033.0,3208,3386,229,0,3157,3370,440956,52,1,0,51,16
2020-05-25,US,Louisiana,East Carroll,103,0,0,32.73926954,-91.23425694,22035.0,103,65,0,0,65,62,7037,38,0,0,38,3
2020-05-25,US,Louisiana,East Feliciana,190,28,0,30.84425359,-91.04976723,22037.0,162,187,28,0,159,184,19305,3,0,0,3,3
2020-05-25,US,Louisiana,Evangeline,166,1,0,30.72985248,-92.39915924,22039.0,165,165,1,0,164,87,33443,1,0,0,1,78
2020-05-25,US,Louisiana,Franklin,294,10,0,32.13675181,-91.67589857,22041.0,284,288,10,0,278,287,20156,6,0,0,6,1
2020-05-25,US,Louisiana,Grant,27,1,0,31.59882456,-92.56124347,22043.0,26,26,1,0,25,26,22482,1,0,0,1,0
2020-05-25,US,Louisiana,Iberia,392,37,0,29.86803617,-91.75871777,22045.0,355,388,36,0,352,388,70941,4,1,0,3,0
2020-05-25,US,Louisiana,Iberville,554,40,0,30.25734305,-91.3499598,22047.0,514,546,40,0,506,541,32721,8,0,0,8,5
2020-05-25,US,Louisiana,Jackson,90,11,0,32.30251776,-92.55692092,22049.0,79,83,11,0,72,82,15902,7,0,0,7,1
2020-05-25,US,Louisiana,Jefferson,7298,437,0,29.74075478,-90.11115756,22051.0,6861,7248,433,0,6815,7232,434051,50,4,0,46,16
2020-05-25,US,Louisiana,Jefferson Davis,74,7,0,30.26896765,-92.81210004,22053.0,67,73,7,0,66,73,31582,1,0,0,1,0
2020-05-25,US,Louisiana,LaSalle,47,1,0,31.67884782,-92.15907765,22059.0,46,45,1,0,44,45,14917,2,0,0,2,0
2020-05-25,US,Louisiana,Lafayette,674,23,0,30.2049055,-92.06959876,22055.0,651,659,23,0,636,637,242782,15,0,0,15,22
2020-05-25,US,Louisiana,Lafourche,775,70,0,29.52470226,-90.40976986,22057.0,705,766,68,0,698,766,98115,9,2,0,7,0
2020-05-25,US,Louisiana,Lincoln,135,14,0,32.6003154,-92.66597409999999,22061.0,121,133,14,0,119,133,47196,2,0,0,2,0
2020-05-25,US,Louisiana,Livingston,391,27,0,30.44143993,-90.73061664,22063.0,364,375,26,0,349,366,139567,16,1,0,15,9
2020-05-25,US,Louisiana,Madison,69,0,0,32.36918118,-91.23973355,22065.0,69,55,0,0,55,54,11161,14,0,0,14,1
2020-05-25,US,Louisiana,Morehouse,117,5,0,32.81686191,-91.80421614,22067.0,112,111,5,0,106,110,25398,6,0,0,6,1
2020-05-25,US,Louisiana,Natchitoches,152,13,0,31.72321584,-93.09816516,22069.0,139,147,13,0,134,145,38659,5,0,0,5,2
2020-05-25,US,Louisiana,Orleans,7005,502,0,30.06971951,-89.92660315,22071.0,6503,6953,500,0,6453,6944,391006,52,2,0,50,9
2020-05-25,US,Louisiana,Ouachita,1102,36,0,32.47645559,-92.15704172,22073.0,1066,1045,35,0,1010,1041,154475,57,1,0,56,4
2020-05-25,US,Louisiana,Plaquemines,200,17,0,29.42245447,-89.60322085,22075.0,183,200,16,0,184,198,23410,0,1,0,-1,2
2020-05-25,US,Louisiana,Pointe Coupee,186,22,0,30.71409502,-91.60209535,22077.0,164,182,22,0,160,182,21940,4,0,0,4,0
2020-05-25,US,Louisiana,Rapides,654,21,0,31.19778499,-92.52997303,22079.0,633,606,21,0,585,600,130562,48,0,0,48,6
2020-05-25,US,Louisiana,Red River,48,6,0,32.09530039,-93.34213308,22081.0,42,47,6,0,41,46,8477,1,0,0,1,1
2020-05-25,US,Louisiana,Richland,119,3,0,32.41391005,-91.76634876,22083.0,116,114,3,0,111,114,20192,5,0,0,5,0
2020-05-25,US,Louisiana,Sabine,40,0,0,31.56388699,-93.55433981,22085.0,40,40,0,0,40,39,24032,0,0,0,0,1
2020-05-25,US,Louisiana,St. Bernard,529,22,0,29.87761636,-89.51887093,22087.0,507,521,21,0,500,521,46721,8,1,0,7,0
2020-05-25,US,Louisiana,St. Charles,625,44,0,29.90709658,-90.35555967,22089.0,581,623,43,0,580,622,52879,2,1,0,1,1
2020-05-25,US,Louisiana,St. Helena,49,1,0,30.82210324,-90.71013176,22091.0,48,44,1,0,43,44,10262,5,0,0,5,0
2020-05-25,US,Louisiana,St. James,292,25,0,30.02531716,-90.80212061,22093.0,267,289,25,0,264,289,21037,3,0,0,3,0
2020-05-25,US,Louisiana,St. John the Baptist,845,77,0,30.12597499,-90.4753503,22095.0,768,841,77,0,764,838,43184,4,0,0,4,3
2020-05-25,US,Louisiana,St. Landry,248,52,0,30.59724262,-92.00135806,22097.0,196,247,52,0,195,247,82764,1,0,0,1,0
2020-05-25,US,Louisiana,St. Martin,289,22,0,30.13112107,-91.61403569,22099.0,267,288,22,0,266,288,53621,1,0,0,1,0
2020-05-25,US,Louisiana,St. Mary,302,29,0,29.69262097,-91.44702164,22101.0,273,295,29,0,266,294,49774,7,0,0,7,1
2020-05-25,US,Louisiana,St. Tammany,1665,156,0,30.40942847,-89.95642711,22103.0,1509,1618,156,0,1462,1609,258111,47,0,0,47,9
2020-05-25,US,Louisiana,Tangipahoa,802,33,0,30.62888673,-90.40664996,22105.0,769,784,33,0,751,767,133777,18,0,0,18,17
2020-05-25,US,Louisiana,Tensas,10,0,0,32.00760749,-91.32915234,22107.0,10,10,0,0,10,10,4462,0,0,0,0,0
2020-05-25,US,Louisiana,Terrebonne,639,48,0,29.37343766,-90.82626855,22109.0,591,628,48,0,580,623,111021,11,0,0,11,5
2020-05-25,US,Louisiana,Unassigned,77,105,0,0.0,0.0,90022.0,-28,78,123,0,-45,103,,-1,-18,0,17,-25
2020-05-25,US,Louisiana,Union,291,17,0,32.83121059,-92.3749373,22111.0,274,287,17,0,270,287,22330,4,0,0,4,0
2020-05-25,US,Louisiana,Vermilion,50,3,0,29.83517605,-92.30292538,22113.0,47,50,3,0,47,50,59830,0,0,0,0,0
2020-05-25,US,Louisiana,Vernon,24,3,0,31.10884837,-93.18153838,22115.0,21,23,3,0,20,23,48860,1,0,0,1,0
2020-05-25,US,Louisiana,Washington,398,37,0,30.85288548,-90.03866652,22117.0,361,389,37,0,352,383,46582,9,0,0,9,6
2020-05-25,US,Louisiana,Webster,139,6,0,32.70847669,-93.33121835,22119.0,133,136,6,0,130,126,38798,3,0,0,3,10
2020-05-25,US,Louisiana,West Baton Rouge,156,30,0,30.46058217,-91.30989571,22121.0,126,154,30,0,124,154,26427,2,0,0,2,0
2020-05-25,US,Louisiana,West Carroll,39,0,0,32.78550125,-91.461201,22123.0,39,33,0,0,33,33,10982,6,0,0,6,0
2020-05-25,US,Louisiana,West Feliciana,200,11,0,30.87882871,-91.41485379999999,22125.0,189,196,10,0,186,194,15460,4,1,0,3,2
2020-05-25,US,Louisiana,Winn,126,2,0,31.94449367,-92.63789413,22127.0,124,112,2,0,110,112,14134,14,0,0,14,0
2020-05-25,US,Maine,Androscoggin,238,2,0,44.1664747,-70.20380627,23001.0,236,233,2,0,231,227,107679,5,0,0,5,6
2020-05-25,US,Maine,Aroostook,8,1,0,46.65926321,-68.59841248,23003.0,7,8,1,0,7,8,67111,0,0,0,0,0
2020-05-25,US,Maine,Cumberland,1040,40,0,43.8370751,-70.37226999,23005.0,1000,1032,40,0,992,1009,293557,8,0,0,8,23
2020-05-25,US,Maine,Franklin,36,1,0,44.97330019,-70.44381045,23007.0,35,36,1,0,35,36,29897,0,0,0,0,0
2020-05-25,US,Maine,Hancock,11,1,0,44.59816444,-68.38401854,23009.0,10,11,1,0,10,11,54811,0,0,0,0,0
2020-05-25,US,Maine,Kennebec,128,9,0,44.40759555,-69.76738544,23011.0,119,128,9,0,119,126,122083,0,0,0,0,2
2020-05-25,US,Maine,Knox,20,0,0,44.11486325,-69.10529169,23013.0,20,20,0,0,20,20,39771,0,0,0,0,0
2020-05-25,US,Maine,Lincoln,20,0,0,44.05996956,-69.54227124,23015.0,20,20,0,0,20,19,34342,0,0,0,0,1
2020-05-25,US,Maine,Oxford,21,0,0,44.49952995,-70.75682123,23017.0,21,21,0,0,21,19,57618,0,0,0,0,2
2020-05-25,US,Maine,Penobscot,99,1,0,45.40194593,-68.65020455,23019.0,98,98,1,0,97,98,151096,1,0,0,1,0
2020-05-25,US,Maine,Piscataquis,1,0,0,45.83839062,-69.2860223,23021.0,1,1,0,0,1,1,16800,0,0,0,0,0
2020-05-25,US,Maine,Sagadahoc,28,0,0,43.95415864,-69.85074999,23023.0,28,28,0,0,28,28,35634,0,0,0,0,0
2020-05-25,US,Maine,Somerset,21,0,0,45.51229767,-69.95995554,23025.0,21,21,0,0,21,21,50592,0,0,0,0,0
2020-05-25,US,Maine,Waldo,51,14,0,44.4858305,-69.12061935,23027.0,37,51,14,0,37,51,39694,0,0,0,0,0
2020-05-25,US,Maine,Washington,2,0,0,45.01607142,-67.62813524,23029.0,2,2,0,0,2,2,31490,0,0,0,0,0
2020-05-25,US,Maine,York,350,9,0,43.47808377,-70.71052375,23031.0,341,344,9,0,335,337,206229,6,0,0,6,7
2020-05-25,US,Maryland,Allegany,176,14,0,39.62357628,-78.69280486,24001.0,162,170,14,0,156,168,70975,6,0,0,6,2
2020-05-25,US,Maryland,Anne Arundel,3357,157,0,39.00670238,-76.60329337,24003.0,3200,3307,153,0,3154,3282,576031,50,4,0,46,25
2020-05-25,US,Maryland,Baltimore,5476,307,0,39.45784712,-76.62911955,24005.0,5169,5373,300,0,5073,5290,828431,103,7,0,96,83
2020-05-25,US,Maryland,Baltimore City,4888,234,0,39.30211911,-76.61151012,24510.0,4654,4782,231,0,4551,4673,621342,106,3,0,103,109
2020-05-25,US,Maryland,Calvert,307,16,0,38.53961642,-76.56820632,24009.0,291,304,15,0,289,298,92003,3,1,0,2,6
2020-05-25,US,Maryland,Caroline,241,0,0,38.87172293,-75.82904158,24011.0,241,240,0,0,240,231,33304,1,0,0,1,9
2020-05-25,US,Maryland,Carroll,802,79,0,39.56453592,-77.02373735,24013.0,723,783,76,0,707,765,168429,19,3,0,16,18
2020-05-25,US,Maryland,Cecil,348,21,0,39.56647682,-75.94627411,24015.0,327,345,21,0,324,342,102826,3,0,0,3,3
2020-05-25,US,Maryland,Charles,997,69,0,38.51092331,-76.98580666,24017.0,928,989,69,0,920,969,161503,8,0,0,8,20
2020-05-25,US,Maryland,Dorchester,128,2,0,38.45413522,-76.02752426,24019.0,126,127,2,0,125,126,31998,1,0,0,1,1
2020-05-25,US,Maryland,Frederick,1731,99,0,39.47296601,-77.39999394,24021.0,1632,1696,98,0,1598,1661,255648,35,1,0,34,35
2020-05-25,US,Maryland,Garrett,10,0,0,39.52786077,-79.27355126,24023.0,10,7,0,0,7,7,29163,3,0,0,3,0
2020-05-25,US,Maryland,Harford,789,48,0,39.55010644,-76.30775940000002,24025.0,741,780,48,0,732,764,253956,9,0,0,9,16
2020-05-25,US,Maryland,Howard,1716,52,0,39.25305293,-76.93126208,24027.0,1664,1667,52,0,1615,1638,323196,49,0,0,49,29
2020-05-25,US,Maryland,Kent,155,14,0,39.24976208,-76.04741541,24029.0,141,152,14,0,138,148,19383,3,0,0,3,4
2020-05-25,US,Maryland,Montgomery,10111,562,0,39.13676329,-77.20358245,24031.0,9549,9922,558,0,9364,9699,1052567,189,4,0,185,223
2020-05-25,US,Maryland,Prince George's,13726,497,0,38.83070039,-76.8496441,24033.0,13229,13521,490,0,13031,13324,909308,205,7,0,198,197
2020-05-25,US,Maryland,Queen Anne's,151,12,0,39.06198912,-76.03530977,24035.0,139,146,12,0,134,146,50251,5,0,0,5,0
2020-05-25,US,Maryland,Somerset,72,2,0,38.1163542,-75.75118623,24039.0,70,72,1,0,71,71,25675,0,1,0,-1,1
2020-05-25,US,Maryland,St. Mary's,395,15,0,38.30058422,-76.60629279999998,24037.0,380,393,14,0,379,379,112664,2,1,0,1,14
2020-05-25,US,Maryland,Talbot,86,1,0,38.76618159,-76.10882561,24041.0,85,79,1,0,78,77,36968,7,0,0,7,2
2020-05-25,US,Maryland,Unassigned,0,57,0,0.0,0.0,90024.0,-57,0,65,0,-65,0,,0,-8,0,8,0
2020-05-25,US,Maryland,Washington,413,11,0,39.60835778,-77.82002295,24043.0,402,408,11,0,397,398,150926,5,0,0,5,10
2020-05-25,US,Maryland,Wicomico,892,22,0,38.37301947,-75.62705831,24045.0,870,867,22,0,845,859,103195,25,0,0,25,8
2020-05-25,US,Maryland,Worcester,185,11,0,38.21274277,-75.33200012,24047.0,174,183,10,0,173,180,51823,2,1,0,1,3
2020-05-25,US,Massachusetts,Barnstable,1277,110,0,41.72980578,-70.28854339,25001.0,1167,1269,109,0,1160,1264,213413,8,1,0,7,5
2020-05-25,US,Massachusetts,Berkshire,523,38,0,42.37428441,-73.20524838,25003.0,485,520,38,0,482,515,126348,3,0,0,3,5
2020-05-25,US,Massachusetts,Bristol,6681,375,0,41.79228404,-71.10872211,25005.0,6306,6596,369,0,6227,6426,564022,85,6,0,79,170
2020-05-25,US,Massachusetts,Dukes and Nantucket,39,1,0,41.40674725,-70.68763497,0.0,38,39,1,0,38,39,26707,0,0,0,0,0
2020-05-25,US,Massachusetts,Essex,13575,863,0,42.6687626,-70.94687179,25009.0,12712,13457,859,0,12598,13334,790638,118,4,0,114,123
2020-05-25,US,Massachusetts,Franklin,314,47,0,42.58119713,-72.58602547,25011.0,267,313,47,0,266,312,70963,1,0,0,1,1
2020-05-25,US,Massachusetts,Hampden,5755,543,0,42.13440424,-72.63235561,25013.0,5212,5687,542,0,5145,5621,470406,68,1,0,67,66
2020-05-25,US,Massachusetts,Hampshire,834,80,0,42.33997957,-72.65898478,25015.0,754,830,78,0,752,819,161355,4,2,0,2,11
2020-05-25,US,Massachusetts,Middlesex,20539,1527,0,42.48607732,-71.39049229,25017.0,19012,20437,1518,0,18919,20232,1614714,102,9,0,93,205
2020-05-25,US,Massachusetts,Norfolk,7844,784,0,42.16073095,-71.20530408,25021.0,7060,7812,782,0,7030,7759,705388,32,2,0,30,53
2020-05-25,US,Massachusetts,Plymouth,7594,513,0,41.94070556,-70.80802823,25023.0,7081,7559,508,0,7051,7480,518132,35,5,0,30,79
2020-05-25,US,Massachusetts,Suffolk,17480,839,0,42.327951399999996,-71.07850442,25025.0,16641,17417,838,0,16579,17291,807252,63,1,0,62,126
2020-05-25,US,Massachusetts,Unassigned,311,4,0,0.0,0.0,90025.0,307,308,4,0,304,319,,3,0,0,3,-11
2020-05-25,US,Massachusetts,Worcester,10505,692,0,42.35026951,-71.90493363,25027.0,9813,10431,679,0,9752,10251,830839,74,13,0,61,180
2020-05-25,US,Michigan,Alcona,11,1,0,44.6846864,-83.59507875,26001.0,10,11,1,0,10,10,10362,0,0,0,0,1
2020-05-25,US,Michigan,Allegan,210,7,0,42.59147037,-85.89102866,26005.0,203,210,7,0,203,202,117327,0,0,0,0,8
2020-05-25,US,Michigan,Alpena,95,9,0,45.03477666,-83.62212411,26007.0,86,95,9,0,86,94,28360,0,0,0,0,1
2020-05-25,US,Michigan,Antrim,11,0,0,44.99690221,-85.15503082,26009.0,11,11,0,0,11,11,23365,0,0,0,0,0
2020-05-25,US,Michigan,Arenac,33,1,0,44.0636262,-83.89277559,26011.0,32,32,1,0,31,32,15041,1,0,0,1,0
2020-05-25,US,Michigan,Baraga,1,0,0,46.6720582,-88.36363591,26013.0,1,1,0,0,1,1,8320,0,0,0,0,0
2020-05-25,US,Michigan,Barry,61,2,0,42.59513984,-85.30834519,26015.0,59,60,2,0,58,59,61157,1,0,0,1,1
2020-05-25,US,Michigan,Bay,286,19,0,43.70639106,-83.98731479,26017.0,267,282,19,0,263,276,103923,4,0,0,4,6
2020-05-25,US,Michigan,Benzie,4,0,0,44.63899297,-86.01608482,26019.0,4,4,0,0,4,4,17753,0,0,0,0,0
2020-05-25,US,Michigan,Berrien,593,42,0,41.95447397,-86.41313079999998,26021.0,551,587,42,0,545,584,154141,6,0,0,6,3
2020-05-25,US,Michigan,Branch,102,2,0,41.91600556,-85.05929476,26023.0,100,101,2,0,99,100,43622,1,0,0,1,1
2020-05-25,US,Michigan,Calhoun,347,21,0,42.24633834,-85.00493569,26025.0,326,341,21,0,320,339,134487,6,0,0,6,2
2020-05-25,US,Michigan,Cass,77,2,0,41.91522292,-85.99405727,26027.0,75,77,2,0,75,76,51653,0,0,0,0,1
2020-05-25,US,Michigan,Charlevoix,15,1,0,45.37790017,-85.19614053,26029.0,14,14,1,0,13,14,26244,1,0,0,1,0
2020-05-25,US,Michigan,Cheboygan,21,1,0,45.44787015,-84.50122149,26031.0,20,21,1,0,20,21,25413,0,0,0,0,0
2020-05-25,US,Michigan,Chippewa,2,0,0,46.29552653,-84.54353449,26033.0,2,2,0,0,2,2,37517,0,0,0,0,0
2020-05-25,US,Michigan,Clare,17,2,0,43.98794227,-84.84819859999998,26035.0,15,17,2,0,15,17,30757,0,0,0,0,0
2020-05-25,US,Michigan,Clinton,138,10,0,42.94400871,-84.60145248,26037.0,128,138,10,0,128,137,79332,0,0,0,0,1
2020-05-25,US,Michigan,Crawford,58,5,0,44.68255561,-84.61006219,26039.0,53,58,5,0,53,58,13901,0,0,0,0,0
2020-05-25,US,Michigan,Delta,17,2,0,45.90484910000001,-86.9080745,26041.0,15,17,2,0,15,17,35857,0,0,0,0,0
2020-05-25,US,Michigan,Dickinson,5,2,0,46.00999672,-87.86961634,26043.0,3,5,2,0,3,5,25383,0,0,0,0,0
2020-05-25,US,Michigan,Eaton,178,6,0,42.59599185,-84.83740035,26045.0,172,176,6,0,170,175,109826,2,0,0,2,1
2020-05-25,US,Michigan,Emmet,21,2,0,45.52625509,-84.89083249,26047.0,19,21,2,0,19,21,33308,0,0,0,0,0
2020-05-25,US,Michigan,Federal Correctional Institution (FCI),132,4,0,0.0,0.0,0.0,128,132,4,0,128,129,,0,0,0,0,3
2020-05-25,US,Michigan,Genesee,1961,242,0,43.02244215,-83.70589709,26049.0,1719,1948,240,0,1708,1936,406892,13,2,0,11,12
2020-05-25,US,Michigan,Gladwin,18,1,0,43.98901072,-84.38774817,26051.0,17,18,1,0,17,17,25337,0,0,0,0,1
2020-05-25,US,Michigan,Gogebic,5,1,0,46.40862701,-89.69377193,26053.0,4,5,1,0,4,5,15096,0,0,0,0,0
2020-05-25,US,Michigan,Grand Traverse,23,5,0,44.69565625,-85.55585247,26055.0,18,23,5,0,18,23,92573,0,0,0,0,0
2020-05-25,US,Michigan,Gratiot,71,6,0,43.29265605,-84.60505416,26057.0,65,69,6,0,63,67,40599,2,0,0,2,2
2020-05-25,US,Michigan,Hillsdale,170,24,0,41.88753639,-84.59312019,26059.0,146,168,24,0,144,168,45749,2,0,0,2,0
2020-05-25,US,Michigan,Houghton,2,0,0,46.89988536,-88.68495385,26061.0,2,2,0,0,2,2,36219,0,0,0,0,0
2020-05-25,US,Michigan,Huron,42,1,0,43.83353985,-83.04078453,26063.0,41,42,1,0,41,42,31166,0,0,0,0,0
2020-05-25,US,Michigan,Ingham,701,25,0,42.59716886,-84.37472069,26065.0,676,696,25,0,671,695,292735,5,0,0,5,1
2020-05-25,US,Michigan,Ionia,143,3,0,42.94502238,-85.07413319,26067.0,140,143,3,0,140,141,64210,0,0,0,0,2
2020-05-25,US,Michigan,Iosco,82,9,0,44.35486835,-83.63484895,26069.0,73,77,9,0,68,77,25081,5,0,0,5,0
2020-05-25,US,Michigan,Isabella,74,7,0,43.64060976,-84.84664923,26073.0,67,74,7,0,67,70,70562,0,0,0,0,4
2020-05-25,US,Michigan,Jackson,438,26,0,42.24807035,-84.42258681,26075.0,412,436,26,0,410,432,158823,2,0,0,2,4
2020-05-25,US,Michigan,Kalamazoo,801,49,0,42.24542231,-85.53038622,26077.0,752,797,47,0,750,793,264870,4,2,0,2,4
2020-05-25,US,Michigan,Kalkaska,19,2,0,44.68512729,-85.09085699,26079.0,17,19,2,0,17,19,17824,0,0,0,0,0
2020-05-25,US,Michigan,Kent,3385,68,0,43.03197711,-85.54934642,26081.0,3317,3359,67,0,3292,3308,653786,26,1,0,25,51
2020-05-25,US,Michigan,Lake,6,0,0,43.99050893,-85.802173,26085.0,6,5,0,0,5,5,11881,1,0,0,1,0
2020-05-25,US,Michigan,Lapeer,188,30,0,43.09052506,-83.22153148,26087.0,158,190,30,0,160,187,88028,-2,0,0,-2,3
2020-05-25,US,Michigan,Leelanau,11,0,0,44.94430054,-85.80150326,26089.0,11,11,0,0,11,11,21764,0,0,0,0,0
2020-05-25,US,Michigan,Lenawee,146,3,0,41.89475156,-84.06603727,26091.0,143,146,3,0,143,145,98266,0,0,0,0,1
2020-05-25,US,Michigan,Livingston,391,26,0,42.60302282,-83.91297209,26093.0,365,391,26,0,365,390,191224,0,0,0,0,1
2020-05-25,US,Michigan,Luce,3,0,0,46.47227431,-85.54471223,26095.0,3,3,0,0,3,3,6283,0,0,0,0,0
2020-05-25,US,Michigan,Mackinac,6,0,0,46.07028979,-85.04980537,26097.0,6,6,0,0,6,6,10787,0,0,0,0,0
2020-05-25,US,Michigan,Macomb,6516,778,0,42.69158356,-82.92752801,26099.0,5738,6499,778,0,5721,6482,874759,17,0,0,17,17
2020-05-25,US,Michigan,Manistee,11,0,0,44.33352407,-86.05626916,26101.0,11,11,0,0,11,11,24528,0,0,0,0,0
2020-05-25,US,Michigan,Marquette,54,10,0,46.4338914,-87.64043701,26103.0,44,54,10,0,44,53,66516,0,0,0,0,1
2020-05-25,US,Michigan,Mason,31,0,0,43.99509218,-86.24988902,26105.0,31,31,0,0,31,31,29100,0,0,0,0,0
2020-05-25,US,Michigan,Mecosta,19,2,0,43.64064262,-85.32463223,26107.0,17,19,2,0,17,19,43545,0,0,0,0,0
2020-05-25,US,Michigan,Menominee,8,0,0,45.58038692,-87.55370409,26109.0,8,8,0,0,8,8,22983,0,0,0,0,0
2020-05-25,US,Michigan,Michigan Department of Corrections (MDOC),3303,64,0,0.0,0.0,0.0,3239,3303,64,0,3239,3289,,0,0,0,0,14
2020-05-25,US,Michigan,Midland,79,8,0,43.64330771,-84.38804374,26111.0,71,79,8,0,71,79,83209,0,0,0,0,0
2020-05-25,US,Michigan,Missaukee,16,1,0,44.33772443,-85.09256478,26113.0,15,16,1,0,15,16,15113,0,0,0,0,0
2020-05-25,US,Michigan,Monroe,463,19,0,41.92734151,-83.53749864,26115.0,444,461,19,0,442,461,150439,2,0,0,2,0
2020-05-25,US,Michigan,Montcalm,65,1,0,43.31082541,-85.15252824,26117.0,64,65,1,0,64,66,63968,0,0,0,0,-1
2020-05-25,US,Michigan,Montmorency,5,0,0,45.0275929,-84.12696227,26119.0,5,5,0,0,5,5,9265,0,0,0,0,0
2020-05-25,US,Michigan,Muskegon,603,31,0,43.29123859,-86.15176712,26121.0,572,590,30,0,560,583,173588,13,1,0,12,7
2020-05-25,US,Michigan,Newaygo,91,0,0,43.554373999999996,-85.80070107,26123.0,91,89,0,0,89,79,48892,2,0,0,2,10
2020-05-25,US,Michigan,Oakland,8226,955,0,42.66090111,-83.38595416,26125.0,7271,8215,955,0,7260,8192,1259201,11,0,0,11,23
2020-05-25,US,Michigan,Oceana,84,2,0,43.64124435,-86.26726673,26127.0,82,82,2,0,80,74,26625,2,0,0,2,8
2020-05-25,US,Michigan,Ogemaw,20,0,0,44.33481032,-84.12725175,26129.0,20,20,0,0,20,20,20952,0,0,0,0,0
2020-05-25,US,Michigan,Osceola,10,0,0,43.98992088,-85.32566756,26133.0,10,10,0,0,10,10,23341,0,0,0,0,0
2020-05-25,US,Michigan,Oscoda,5,1,0,44.68192279,-84.12939244,26135.0,4,5,1,0,4,5,8276,0,0,0,0,0
2020-05-25,US,Michigan,Otsego,100,10,0,45.02085831,-84.59898295,26137.0,90,100,10,0,90,100,24665,0,0,0,0,0
2020-05-25,US,Michigan,Ottawa,709,27,0,42.95996803,-85.9969107,26139.0,682,696,26,0,670,673,290494,13,1,0,12,23
2020-05-25,US,Michigan,Out of MI,65,0,0,0.0,0.0,80026.0,65,63,0,0,63,61,,2,0,0,2,2
2020-05-25,US,Michigan,Presque Isle,11,0,0,45.34018577,-83.91498656,26141.0,11,11,0,0,11,11,12738,0,0,0,0,0
2020-05-25,US,Michigan,Roscommon,21,0,0,44.33473082,-84.61067651,26143.0,21,21,0,0,21,21,23884,0,0,0,0,0
2020-05-25,US,Michigan,Saginaw,997,106,0,43.33433923,-84.05131209999998,26145.0,891,989,106,0,883,982,190800,8,0,0,8,7
2020-05-25,US,Michigan,Sanilac,40,5,0,43.42406072,-82.82055898,26151.0,35,40,5,0,35,39,41182,0,0,0,0,1
2020-05-25,US,Michigan,Schoolcraft,4,0,0,46.19235734,-86.19972234,26153.0,4,4,0,0,4,4,8068,0,0,0,0,0
2020-05-25,US,Michigan,Shiawassee,235,24,0,42.95392800000001,-84.14585902,26155.0,211,235,24,0,211,238,68192,0,0,0,0,-3
2020-05-25,US,Michigan,St. Clair,431,35,0,42.92655373,-82.67937954,26147.0,396,430,34,0,396,429,159337,1,1,0,0,1
2020-05-25,US,Michigan,St. Joseph,102,2,0,41.91441767,-85.52797979,26149.0,100,101,2,0,99,100,61043,1,0,0,1,1
2020-05-25,US,Michigan,Tuscola,185,23,0,43.46606813,-83.41897025,26157.0,162,185,23,0,162,183,52516,0,0,0,0,2
2020-05-25,US,Michigan,Unassigned,3,0,0,0.0,0.0,90026.0,3,4,0,0,4,4,,-1,0,0,-1,0
2020-05-25,US,Michigan,Van Buren,123,6,0,42.25190229,-86.01939087,26159.0,117,121,6,0,115,121,75448,2,0,0,2,0
2020-05-25,US,Michigan,Washtenaw,1298,96,0,42.253105,-83.83853204,26161.0,1202,1294,96,0,1198,1282,370963,4,0,0,4,12
2020-05-25,US,Michigan,Wayne,19816,2364,0,42.28098405,-83.281255,26163.0,17452,19771,2359,0,17412,19697,1753893,45,5,0,40,74
2020-05-25,US,Michigan,Wexford,11,2,0,44.33853602,-85.57712739,26165.0,9,11,2,0,9,11,33466,0,0,0,0,0
2020-05-25,US,Minnesota,Aitkin,6,0,0,46.60962049,-93.41168259999999,27001.0,6,6,0,0,6,6,15902,0,0,0,0,0
2020-05-25,US,Minnesota,Anoka,1210,56,0,45.27476015,-93.24604565,27003.0,1154,1164,55,0,1109,1092,353813,46,1,0,45,72
2020-05-25,US,Minnesota,Becker,37,0,0,46.93479392,-95.67158144,27005.0,37,32,0,0,32,32,34371,5,0,0,5,0
2020-05-25,US,Minnesota,Beltrami,12,0,0,47.97373527,-94.93732139,27007.0,12,12,0,0,12,12,46847,0,0,0,0,0
2020-05-25,US,Minnesota,Benton,167,2,0,45.69804958,-93.99514135,27009.0,165,166,2,0,164,161,40545,1,0,0,1,5
2020-05-25,US,Minnesota,Big Stone,3,0,0,45.42712824,-96.41403739,27011.0,3,3,0,0,3,3,4989,0,0,0,0,0
2020-05-25,US,Minnesota,Blue Earth,115,1,0,44.03554215,-94.06699781,27013.0,114,112,1,0,111,110,67427,3,0,0,3,2
2020-05-25,US,Minnesota,Brown,12,2,0,44.24205652,-94.72562874,27015.0,10,11,2,0,9,11,25111,1,0,0,1,0
2020-05-25,US,Minnesota,Carlton,73,0,0,46.59180601,-92.67601019,27017.0,73,73,0,0,73,71,35837,0,0,0,0,2
2020-05-25,US,Minnesota,Carver,174,2,0,44.82017001,-93.80099179999999,27019.0,172,161,2,0,159,154,103551,13,0,0,13,7
2020-05-25,US,Minnesota,Cass,11,2,0,46.95043611,-94.32603968,27021.0,9,11,3,0,8,11,29519,0,-1,0,1,0
2020-05-25,US,Minnesota,Chippewa,42,0,0,45.02343421,-95.56403693,27023.0,42,40,0,0,40,39,11924,2,0,0,2,1
2020-05-25,US,Minnesota,Chisago,48,1,0,45.5021011,-92.90861945,27025.0,47,48,1,0,47,44,55922,0,0,0,0,4
2020-05-25,US,Minnesota,Clay,373,24,0,46.89289518,-96.48761922,27027.0,349,366,23,0,343,361,63955,7,1,0,6,5
2020-05-25,US,Minnesota,Clearwater,3,0,0,47.57992111,-95.37790562,27029.0,3,2,0,0,2,2,8810,1,0,0,1,0
2020-05-25,US,Minnesota,Cottonwood,64,0,0,44.00715262,-95.18138802,27033.0,64,62,0,0,62,62,11277,2,0,0,2,0
2020-05-25,US,Minnesota,Crow Wing,56,1,0,46.48096553,-94.06755609,27035.0,55,42,1,0,41,42,64889,14,0,0,14,0
2020-05-25,US,Minnesota,Dakota,1102,35,0,44.67172617,-93.06299363,27037.0,1067,1059,35,0,1024,999,425423,43,0,0,43,60
2020-05-25,US,Minnesota,Dodge,44,0,0,44.02238415,-92.86244324,27039.0,44,43,0,0,43,43,20822,1,0,0,1,0
2020-05-25,US,Minnesota,Douglas,29,0,0,45.93348491,-95.45335469,27041.0,29,29,0,0,29,27,37964,0,0,0,0,2
2020-05-25,US,Minnesota,Faribault,12,0,0,43.67381499,-93.94787458,27043.0,12,11,0,0,11,11,13758,1,0,0,1,0
2020-05-25,US,Minnesota,Fillmore,17,1,0,43.67394126,-92.08980382,27045.0,16,17,1,0,16,17,21058,0,0,0,0,0
2020-05-25,US,Minnesota,Freeborn,93,0,0,43.67385583,-93.34884422,27047.0,93,84,0,0,84,82,30444,9,0,0,9,2
2020-05-25,US,Minnesota,Goodhue,55,2,0,44.40849741,-92.72341949999999,27049.0,53,52,2,0,50,50,46403,3,0,0,3,2
2020-05-25,US,Minnesota,Grant,2,0,0,45.93424769,-96.01139609,27051.0,2,2,0,0,2,2,6021,0,0,0,0,0
2020-05-25,US,Minnesota,Hennepin,7168,539,0,45.00761521,-93.47694895,27053.0,6629,6918,534,0,6384,6649,1259428,250,5,0,245,269
2020-05-25,US,Minnesota,Houston,2,0,0,43.67129565,-91.49143057,27055.0,2,2,0,0,2,2,18578,0,0,0,0,0
2020-05-25,US,Minnesota,Hubbard,1,0,0,47.10778564,-94.91693868,27057.0,1,1,0,0,1,1,21332,0,0,0,0,0
2020-05-25,US,Minnesota,Isanti,28,0,0,45.56181234,-93.29487636,27059.0,28,25,0,0,25,24,39966,3,0,0,3,1
2020-05-25,US,Minnesota,Itasca,53,7,0,47.51009045,-93.63092229,27061.0,46,52,7,0,45,51,45108,1,0,0,1,1
2020-05-25,US,Minnesota,Jackson,39,0,0,43.67423373,-95.15398258,27063.0,39,39,0,0,39,38,9911,0,0,0,0,1
2020-05-25,US,Minnesota,Kanabec,11,1,0,45.9459309,-93.29275192,27065.0,10,11,1,0,10,11,16207,0,0,0,0,0
2020-05-25,US,Minnesota,Kandiyohi,468,1,0,45.1526059,-95.00586446,27067.0,467,454,1,0,453,449,42855,14,0,0,14,5
2020-05-25,US,Minnesota,Kittson,1,0,0,48.77754106,-96.78317184,27069.0,1,1,0,0,1,1,4248,0,0,0,0,0
2020-05-25,US,Minnesota,Koochiching,6,0,0,48.24539665,-93.78352843,27071.0,6,5,0,0,5,4,12440,1,0,0,1,1
2020-05-25,US,Minnesota,Lac qui Parle,3,0,0,44.9973857,-96.17488219,27073.0,3,3,0,0,3,3,6658,0,0,0,0,0
2020-05-25,US,Minnesota,Lake,1,0,0,47.64270764,-91.44557998,27075.0,1,1,0,0,1,1,10658,0,0,0,0,0
2020-05-25,US,Minnesota,Le Sueur,41,1,0,44.37136597,-93.72844721,27079.0,40,41,1,0,40,41,28494,0,0,0,0,0
2020-05-25,US,Minnesota,Lincoln,5,0,0,44.41311883,-96.26688165,27081.0,5,5,0,0,5,5,5673,0,0,0,0,0
2020-05-25,US,Minnesota,Lyon,34,0,0,44.41327865,-95.83806103,27083.0,34,31,0,0,31,31,25629,3,0,0,3,0
2020-05-25,US,Minnesota,Mahnomen,5,1,0,47.32557075,-95.80921485,27087.0,4,5,1,0,4,5,5519,0,0,0,0,0
2020-05-25,US,Minnesota,Marshall,9,0,0,48.35825983,-96.37017407,27089.0,9,8,0,0,8,8,9390,1,0,0,1,0
2020-05-25,US,Minnesota,Martin,125,5,0,43.67429718,-94.55099908,27091.0,120,124,5,0,119,124,19785,1,0,0,1,0
2020-05-25,US,Minnesota,McLeod,27,0,0,44.82367677,-94.27287017,27085.0,27,26,0,0,26,26,35873,1,0,0,1,0
2020-05-25,US,Minnesota,Meeker,42,0,0,45.12328869,-94.52839455,27093.0,42,42,0,0,42,43,23141,0,0,0,0,-1
2020-05-25,US,Minnesota,Mille Lacs,17,1,0,45.93705297,-93.63236823,27095.0,16,16,1,0,15,15,26139,1,0,0,1,1
2020-05-25,US,Minnesota,Morrison,38,0,0,46.01265363,-94.27341528,27097.0,38,38,0,0,38,36,33169,0,0,0,0,2
2020-05-25,US,Minnesota,Mower,189,1,0,43.67142874,-92.75234549,27099.0,188,150,1,0,149,138,40011,39,0,0,39,12
2020-05-25,US,Minnesota,Murray,35,0,0,44.02216709,-95.76328482,27101.0,35,35,0,0,35,35,8276,0,0,0,0,0
2020-05-25,US,Minnesota,Nicollet,69,5,0,44.35291112,-94.24710352,27103.0,64,68,3,0,65,64,34220,1,2,0,-1,4
2020-05-25,US,Minnesota,Nobles,1469,2,0,43.67434621,-95.75329576,27105.0,1467,1457,2,0,1455,1444,21924,12,0,0,12,13
2020-05-25,US,Minnesota,Norman,11,0,0,47.32628443,-96.45620947,27107.0,11,11,0,0,11,11,6475,0,0,0,0,0
2020-05-25,US,Minnesota,Olmsted,562,10,0,44.00374114,-92.40209944,27109.0,552,551,10,0,541,542,156277,11,0,0,11,9
2020-05-25,US,Minnesota,Otter Tail,60,0,0,46.40846929,-95.70835255,27111.0,60,55,0,0,55,53,58812,5,0,0,5,2
2020-05-25,US,Minnesota,Pennington,9,0,0,48.06642577,-96.0370814,27113.0,9,7,0,0,7,7,14178,2,0,0,2,0
2020-05-25,US,Minnesota,Pine,85,0,0,46.12105238,-92.74070188,27115.0,85,85,0,0,85,84,29483,0,0,0,0,1
2020-05-25,US,Minnesota,Pipestone,10,0,0,44.02301619,-96.25841142,27117.0,10,10,0,0,10,10,9047,0,0,0,0,0
2020-05-25,US,Minnesota,Polk,59,2,0,47.77372465,-96.40134647,27119.0,57,58,2,0,56,59,31529,1,0,0,1,-1
2020-05-25,US,Minnesota,Pope,8,0,0,45.58606667,-95.44451209,27121.0,8,7,0,0,7,6,11097,1,0,0,1,1
2020-05-25,US,Minnesota,Ramsey,2437,97,0,45.01625271,-93.09872295,27123.0,2340,2316,97,0,2219,2164,550210,121,0,0,121,152
2020-05-25,US,Minnesota,Red Lake,3,0,0,47.87197525,-96.09561104,27125.0,3,3,0,0,3,3,3999,0,0,0,0,0
2020-05-25,US,Minnesota,Redwood,3,0,0,44.40555844,-95.25207021,27127.0,3,3,0,0,3,3,15249,0,0,0,0,0
2020-05-25,US,Minnesota,Renville,5,0,0,44.72836381,-94.94553734,27129.0,5,5,0,0,5,5,14612,0,0,0,0,0
2020-05-25,US,Minnesota,Rice,386,2,0,44.3543376,-93.29658715,27131.0,384,365,2,0,363,352,66523,21,0,0,21,13
2020-05-25,US,Minnesota,Rock,21,0,0,43.67482683,-96.25296832,27133.0,21,21,0,0,21,20,9414,0,0,0,0,1
2020-05-25,US,Minnesota,Roseau,1,0,0,48.77501878,-95.81079919,27135.0,1,1,0,0,1,1,15150,0,0,0,0,0
2020-05-25,US,Minnesota,Scott,358,2,0,44.6490231,-93.53340251,27139.0,356,346,2,0,344,334,147381,12,0,0,12,12
2020-05-25,US,Minnesota,Sherburne,214,2,0,45.44447208,-93.77617511,27141.0,212,208,1,0,207,202,96036,6,1,0,5,6
2020-05-25,US,Minnesota,Sibley,12,0,0,44.5796592,-94.23164924,27143.0,12,12,0,0,12,12,15028,0,0,0,0,0
2020-05-25,US,Minnesota,St. Louis,111,13,0,47.604840700000004,-92.46879855,27137.0,98,111,13,0,98,110,199754,0,0,0,0,1
2020-05-25,US,Minnesota,Stearns,1950,12,0,45.55192576,-94.61078221,27145.0,1938,1923,12,0,1911,1918,159256,27,0,0,27,5
2020-05-25,US,Minnesota,Steele,141,0,0,44.02240351,-93.22627088,27147.0,141,140,0,0,140,138,36803,1,0,0,1,2
2020-05-25,US,Minnesota,Swift,16,0,0,45.2829032,-95.68264092,27151.0,16,15,0,0,15,15,9345,1,0,0,1,0
2020-05-25,US,Minnesota,Todd,204,0,0,46.06996226,-94.89785296,27153.0,204,197,0,0,197,183,24582,7,0,0,7,14
2020-05-25,US,Minnesota,Traverse,3,0,0,45.77298854,-96.47062949,27155.0,3,3,0,0,3,3,3308,0,0,0,0,0
2020-05-25,US,Minnesota,Unassigned,22,9,0,0.0,0.0,90027.0,13,19,9,0,10,16,,3,0,0,3,3
2020-05-25,US,Minnesota,Wabasha,16,0,0,44.28424356,-92.23121312,27157.0,16,16,0,0,16,16,21645,0,0,0,0,0
2020-05-25,US,Minnesota,Wadena,6,0,0,46.58589171,-94.96968506,27159.0,6,6,0,0,6,6,13773,0,0,0,0,0
2020-05-25,US,Minnesota,Waseca,25,0,0,44.02211116,-93.58720034,27161.0,25,24,0,0,24,24,18691,1,0,0,1,0
2020-05-25,US,Minnesota,Washington,527,29,0,45.03864533,-92.88429635,27163.0,498,506,26,0,480,485,259201,21,3,0,18,21
2020-05-25,US,Minnesota,Watonwan,56,0,0,43.97823903,-94.61413846,27165.0,56,50,0,0,50,46,10980,6,0,0,6,4
2020-05-25,US,Minnesota,Wilkin,11,3,0,46.35721532,-96.4684375,27167.0,8,11,3,0,8,11,6254,0,0,0,0,0
2020-05-25,US,Minnesota,Winona,78,15,0,43.98772283,-91.78081305,27169.0,63,77,15,0,62,77,50825,1,0,0,1,0
2020-05-25,US,Minnesota,Wright,253,1,0,45.17297924,-93.96234781,27171.0,252,240,1,0,239,231,136349,13,0,0,13,9
2020-05-25,US,Minnesota,Yellow Medicine,6,0,0,44.71710183,-95.86842453,27173.0,6,5,0,0,5,5,9795,1,0,0,1,0
2020-05-25,US,Mississippi,Adams,188,15,0,31.47669768,-91.35326037,28001.0,173,186,15,0,171,181,31192,2,0,0,2,5
2020-05-25,US,Mississippi,Alcorn,14,1,0,34.88084463,-88.57996173,28003.0,13,15,1,0,14,15,36925,-1,0,0,-1,0
2020-05-25,US,Mississippi,Amite,52,1,0,31.17467303,-90.80501621,28005.0,51,52,1,0,51,50,12326,0,0,0,0,2
2020-05-25,US,Mississippi,Attala,273,14,0,33.08658803,-89.57838564,28007.0,259,270,14,0,256,270,18365,3,0,0,3,0
2020-05-25,US,Mississippi,Benton,15,0,0,34.81681228,-89.18945516,28009.0,15,14,0,0,14,14,8271,1,0,0,1,0
2020-05-25,US,Mississippi,Bolivar,141,11,0,33.79696941,-90.87372121,28011.0,130,140,10,0,130,136,31333,1,1,0,0,4
2020-05-25,US,Mississippi,Calhoun,60,4,0,33.93683395,-89.33686647,28013.0,56,60,4,0,56,60,14436,0,0,0,0,0
2020-05-25,US,Mississippi,Carroll,113,10,0,33.44834567,-89.91994479,28015.0,103,113,10,0,103,113,9911,0,0,0,0,0
2020-05-25,US,Mississippi,Chickasaw,127,12,0,33.91983202,-88.9481545,28017.0,115,126,12,0,114,125,17171,1,0,0,1,1
2020-05-25,US,Mississippi,Choctaw,32,2,0,33.34598242,-89.24809382,28019.0,30,29,2,0,27,29,8278,3,0,0,3,0
2020-05-25,US,Mississippi,Claiborne,58,2,0,31.97061673,-90.90702196,28021.0,56,58,1,0,57,57,9002,0,1,0,-1,1
2020-05-25,US,Mississippi,Clarke,131,16,0,32.04158545,-88.68896219999998,28023.0,115,126,16,0,110,124,15604,5,0,0,5,2
2020-05-25,US,Mississippi,Clay,99,3,0,33.65358105,-88.77784255,28025.0,96,99,3,0,96,96,19386,0,0,0,0,3
2020-05-25,US,Mississippi,Coahoma,106,3,0,34.22772299,-90.60415045,28027.0,103,98,3,0,95,96,22628,8,0,0,8,2
2020-05-25,US,Mississippi,Copiah,284,4,0,31.86977774,-90.44565118,28029.0,280,278,4,0,274,273,28543,6,0,0,6,5
2020-05-25,US,Mississippi,Covington,131,1,0,31.63225413,-89.55389939,28031.0,130,127,1,0,126,127,18853,4,0,0,4,0
2020-05-25,US,Mississippi,DeSoto,474,6,0,34.87625235,-89.99091418,28033.0,468,461,6,0,455,458,182001,13,0,0,13,3
2020-05-25,US,Mississippi,Forrest,486,35,0,31.18961454,-89.25832496,28035.0,451,480,34,0,446,478,75036,6,1,0,5,2
2020-05-25,US,Mississippi,Franklin,25,2,0,31.47786634,-90.89672989,28037.0,23,25,2,0,23,25,7788,0,0,0,0,0
2020-05-25,US,Mississippi,George,20,1,0,30.86259065,-88.64436789,28039.0,19,19,1,0,18,19,24250,1,0,0,1,0
2020-05-25,US,Mississippi,Greene,7,1,0,31.21444233,-88.63922281,28041.0,6,7,1,0,6,7,13586,0,0,0,0,0
2020-05-25,US,Mississippi,Grenada,75,2,0,33.77036166,-89.80245083,28043.0,73,75,2,0,73,72,21055,0,0,0,0,3
2020-05-25,US,Mississippi,Hancock,88,11,0,30.41830223,-89.48851033,28045.0,77,87,11,0,76,84,47334,1,0,0,1,3
2020-05-25,US,Mississippi,Harrison,237,6,0,30.51359752,-89.12467576,28047.0,231,234,6,0,228,231,206650,3,0,0,3,3
2020-05-25,US,Mississippi,Hinds,898,24,0,32.2656285,-90.44435448,28049.0,874,893,24,0,869,877,237085,5,0,0,5,16
2020-05-25,US,Mississippi,Holmes,369,23,0,33.12345854,-90.08923538,28051.0,346,365,23,0,342,359,17622,4,0,0,4,6
2020-05-25,US,Mississippi,Humphreys,53,7,0,33.12825718,-90.52252707,28053.0,46,53,7,0,46,52,8257,0,0,0,0,1
2020-05-25,US,Mississippi,Itawamba,85,7,0,34.27993475,-88.3606733,28057.0,78,85,7,0,78,82,23517,0,0,0,0,3
2020-05-25,US,Mississippi,Jackson,296,13,0,30.54020656,-88.64184064,28059.0,283,296,13,0,283,296,143277,0,0,0,0,0
2020-05-25,US,Mississippi,Jasper,145,3,0,32.01922104,-89.11786866,28061.0,142,139,3,0,136,135,16428,6,0,0,6,4
2020-05-25,US,Mississippi,Jefferson,40,0,0,31.73397872,-91.03764977,28063.0,40,40,0,0,40,40,7106,0,0,0,0,0
2020-05-25,US,Mississippi,Jefferson Davis,71,2,0,31.56884708,-89.82670990000004,28065.0,69,71,2,0,69,70,11234,0,0,0,0,1
2020-05-25,US,Mississippi,Jones,492,15,0,31.62257767,-89.16896899999998,28067.0,477,467,13,0,454,435,68461,25,2,0,23,32
2020-05-25,US,Mississippi,Kemper,127,10,0,32.75462946,-88.64105766,28069.0,117,125,10,0,115,118,10027,2,0,0,2,7
2020-05-25,US,Mississippi,Lafayette,124,3,0,34.35687874,-89.48490961,28071.0,121,123,3,0,120,118,54793,1,0,0,1,5
2020-05-25,US,Mississippi,Lamar,220,5,0,31.20572971,-89.5077704,28073.0,215,219,4,0,215,218,62447,1,1,0,0,1
2020-05-25,US,Mississippi,Lauderdale,680,56,0,32.40419769,-88.66229662,28075.0,624,678,55,0,623,670,75317,2,1,0,1,8
2020-05-25,US,Mississippi,Lawrence,94,1,0,31.55147224,-90.10841127,28077.0,93,90,1,0,89,86,12455,4,0,0,4,4
2020-05-25,US,Mississippi,Leake,388,10,0,32.7536828,-89.52402044,28079.0,378,384,10,0,374,382,22763,4,0,0,4,2
2020-05-25,US,Mississippi,Lee,108,5,0,34.291877500000005,-88.68149954,28081.0,103,104,5,0,99,101,85202,4,0,0,4,3
2020-05-25,US,Mississippi,Leflore,241,26,0,33.55545125,-90.29900733,28083.0,215,240,25,0,215,240,28919,1,1,0,0,0
2020-05-25,US,Mississippi,Lincoln,245,20,0,31.53288662,-90.45391915,28085.0,225,243,20,0,223,238,34205,2,0,0,2,5
2020-05-25,US,Mississippi,Lowndes,164,7,0,33.47386518,-88.44191529999998,28087.0,157,160,7,0,153,158,58930,4,0,0,4,2
2020-05-25,US,Mississippi,Madison,653,21,0,32.63389156,-90.03513564,28089.0,632,654,21,0,633,639,105630,-1,0,0,-1,15
2020-05-25,US,Mississippi,Marion,110,8,0,31.23132643,-89.8209217,28091.0,102,108,8,0,100,104,24715,2,0,0,2,4
2020-05-25,US,Mississippi,Marshall,71,3,0,34.76216286,-89.50299462,28093.0,68,69,3,0,66,69,35451,2,0,0,2,0
2020-05-25,US,Mississippi,Monroe,246,24,0,33.89236763,-88.4808438,28095.0,222,242,24,0,218,241,35564,4,0,0,4,1
2020-05-25,US,Mississippi,Montgomery,80,1,0,33.49419589,-89.61729103,28097.0,79,78,1,0,77,78,10023,2,0,0,2,0
2020-05-25,US,Mississippi,Neshoba,514,31,0,32.75339664,-89.11726492,28099.0,483,512,31,0,481,511,29125,2,0,0,2,1
2020-05-25,US,Mississippi,Newton,227,3,0,32.40021118,-89.11843336,28101.0,224,224,3,0,221,221,21443,3,0,0,3,3
2020-05-25,US,Mississippi,Noxubee,165,6,0,33.11009499,-88.56949061,28103.0,159,158,6,0,152,157,10535,7,0,0,7,1
2020-05-25,US,Mississippi,Oktibbeha,139,10,0,33.42491685,-88.87905132,28105.0,129,134,10,0,124,128,49599,5,0,0,5,6
2020-05-25,US,Mississippi,Panola,62,2,0,34.36398677,-89.95064249,28107.0,60,62,2,0,60,61,34178,0,0,0,0,1
2020-05-25,US,Mississippi,Pearl River,205,27,0,30.77090935,-89.58677275,28109.0,178,203,27,0,176,203,55387,2,0,0,2,0
2020-05-25,US,Mississippi,Perry,49,2,0,31.17161885,-88.99281835,28111.0,47,46,2,0,44,43,11931,3,0,0,3,3
2020-05-25,US,Mississippi,Pike,200,11,0,31.17507789,-90.40392572,28113.0,189,196,11,0,185,194,39563,4,0,0,4,2
2020-05-25,US,Mississippi,Pontotoc,26,3,0,34.226046000000004,-89.03636807,28115.0,23,26,3,0,23,26,31833,0,0,0,0,0
2020-05-25,US,Mississippi,Prentiss,39,3,0,34.61810501,-88.51986294,28117.0,36,38,3,0,35,37,25315,1,0,0,1,1
2020-05-25,US,Mississippi,Quitman,24,0,0,34.25157572,-90.28908,28119.0,24,24,0,0,24,23,7051,0,0,0,0,1
2020-05-25,US,Mississippi,Rankin,356,6,0,32.26469147,-89.94537876,28121.0,350,349,6,0,343,336,153902,7,0,0,7,13
2020-05-25,US,Mississippi,Scott,592,10,0,32.406704100000006,-89.53789439,28123.0,582,589,10,0,579,587,28287,3,0,0,3,2
2020-05-25,US,Mississippi,Sharkey,7,0,0,32.88149103,-90.81595379999999,28125.0,7,7,0,0,7,7,4377,0,0,0,0,0
2020-05-25,US,Mississippi,Simpson,85,0,0,31.91282117,-89.91716179,28127.0,85,85,0,0,85,83,26758,0,0,0,0,2
2020-05-25,US,Mississippi,Smith,131,10,0,32.01744532,-89.50644846,28129.0,121,131,10,0,121,126,16002,0,0,0,0,5
2020-05-25,US,Mississippi,Stone,30,0,0,30.79187949,-89.11547539,28131.0,30,30,0,0,30,30,18717,0,0,0,0,0
2020-05-25,US,Mississippi,Sunflower,79,3,0,33.60192578,-90.58882684,28133.0,76,77,3,0,74,77,25735,2,0,0,2,0
2020-05-25,US,Mississippi,Tallahatchie,24,1,0,33.95339918,-90.1729398,28135.0,23,24,1,0,23,23,13987,0,0,0,0,1
2020-05-25,US,Mississippi,Tate,59,1,0,34.65133709,-89.94485778,28137.0,58,59,1,0,58,58,28759,0,0,0,0,1
2020-05-25,US,Mississippi,Tippah,70,11,0,34.76872156,-88.90988194,28139.0,59,70,11,0,59,69,21995,0,0,0,0,1
2020-05-25,US,Mississippi,Tishomingo,25,0,0,34.74023475,-88.23917219,28141.0,25,25,0,0,25,23,19454,0,0,0,0,2
2020-05-25,US,Mississippi,Tunica,48,3,0,34.64967704,-90.37481167,28143.0,45,48,3,0,45,48,9944,0,0,0,0,0
2020-05-25,US,Mississippi,Union,72,5,0,34.49162015,-89.00776006,28145.0,67,71,5,0,66,70,28606,1,0,0,1,1
2020-05-25,US,Mississippi,Walthall,49,0,0,31.14971548,-90.10446654,28147.0,49,51,0,0,51,51,14465,-2,0,0,-2,0
2020-05-25,US,Mississippi,Warren,154,7,0,32.35810271,-90.83352619,28149.0,147,150,6,0,144,148,46176,4,1,0,3,2
2020-05-25,US,Mississippi,Washington,153,5,0,33.28392041,-90.94196237,28151.0,148,153,5,0,148,151,45063,0,0,0,0,2
2020-05-25,US,Mississippi,Wayne,125,0,0,31.64135687,-88.69573913,28153.0,125,109,0,0,109,76,20298,16,0,0,16,33
2020-05-25,US,Mississippi,Webster,28,1,0,33.61300486,-89.28392912,28155.0,27,27,1,0,26,27,9788,1,0,0,1,0
2020-05-25,US,Mississippi,Wilkinson,84,9,0,31.16078225,-91.31018819,28157.0,75,82,9,0,73,81,8792,2,0,0,2,1
2020-05-25,US,Mississippi,Winston,98,1,0,33.08747908,-89.03391385,28159.0,97,98,1,0,97,98,18165,0,0,0,0,0
2020-05-25,US,Mississippi,Yalobusha,84,5,0,34.02824175,-89.70762049999998,28161.0,79,82,4,0,78,82,12392,2,1,0,1,0
2020-05-25,US,Mississippi,Yazoo,219,2,0,32.77890365,-90.39656148,28163.0,217,215,2,0,213,204,28248,4,0,0,4,11
2020-05-25,US,Missouri,Adair,44,0,0,40.19058551,-92.60078167,29001.0,44,41,0,0,41,38,25339,3,0,0,3,3
2020-05-25,US,Missouri,Andrew,24,0,0,39.98492163,-94.80163024,29003.0,24,23,0,0,23,20,17607,1,0,0,1,3
2020-05-25,US,Missouri,Atchison,3,0,0,40.43238737,-95.42970639,29005.0,3,3,0,0,3,3,5171,0,0,0,0,0
2020-05-25,US,Missouri,Audrain,60,0,0,39.215877,-91.84242683,29007.0,60,56,0,0,56,34,25473,4,0,0,4,22
2020-05-25,US,Missouri,Barry,9,0,0,36.70978521,-93.82919888,29009.0,9,9,0,0,9,8,35886,0,0,0,0,1
2020-05-25,US,Missouri,Bates,7,1,0,38.25271289,-94.34113157,29013.0,6,7,1,0,6,7,16320,0,0,0,0,0
2020-05-25,US,Missouri,Benton,10,0,0,38.29503305,-93.28756116,29015.0,10,10,0,0,10,10,19278,0,0,0,0,0
2020-05-25,US,Missouri,Bollinger,6,0,0,37.32449052,-90.02725304,29017.0,6,6,0,0,6,6,12169,0,0,0,0,0
2020-05-25,US,Missouri,Boone,122,1,0,38.99186229,-92.30723575,29019.0,121,116,1,0,115,115,180005,6,0,0,6,1
2020-05-25,US,Missouri,Buchanan,628,2,0,39.65816401,-94.80138942,29021.0,626,617,2,0,615,609,88571,11,0,0,11,8
2020-05-25,US,Missouri,Butler,29,0,0,36.71462476,-90.40421163,29023.0,29,28,0,0,28,28,42639,1,0,0,1,0
2020-05-25,US,Missouri,Caldwell,5,0,0,39.65620858,-93.98308093,29025.0,5,5,0,0,5,5,9108,0,0,0,0,0
2020-05-25,US,Missouri,Callaway,26,1,0,38.83674754,-91.92186505,29027.0,25,24,1,0,23,24,44889,2,0,0,2,0
2020-05-25,US,Missouri,Camden,38,1,0,38.02199522,-92.76083747,29029.0,37,38,1,0,37,36,45815,0,0,0,0,2
2020-05-25,US,Missouri,Cape Girardeau,62,2,0,37.38489388,-89.6843587,29031.0,60,59,2,0,57,58,78753,3,0,0,3,1
2020-05-25,US,Missouri,Carroll,7,0,0,39.42762566,-93.50626255,29033.0,7,7,0,0,7,7,8743,0,0,0,0,0
2020-05-25,US,Missouri,Carter,5,1,0,36.94160441,-90.96051322,29035.0,4,5,1,0,4,4,6054,0,0,0,0,1
2020-05-25,US,Missouri,Cass,80,8,0,38.64789422,-94.353399,29037.0,72,79,8,0,71,77,104954,1,0,0,1,2
2020-05-25,US,Missouri,Cedar,9,0,0,37.72391475,-93.85445441,29039.0,9,9,0,0,9,9,14165,0,0,0,0,0
2020-05-25,US,Missouri,Chariton,6,0,0,39.51499357,-92.9629191,29041.0,6,6,0,0,6,6,7451,0,0,0,0,0
2020-05-25,US,Missouri,Christian,21,0,0,36.9711783,-93.18537118,29043.0,21,21,0,0,21,21,86983,0,0,0,0,0
2020-05-25,US,Missouri,Clark,1,0,0,40.41040752,-91.73661677,29045.0,1,1,0,0,1,1,6842,0,0,0,0,0
2020-05-25,US,Missouri,Clay,149,2,0,39.31132056,-94.41850862,29047.0,147,149,2,0,147,141,246365,0,0,0,0,8
2020-05-25,US,Missouri,Clinton,18,0,0,39.6013098,-94.40465394,29049.0,18,18,0,0,18,18,20470,0,0,0,0,0
2020-05-25,US,Missouri,Cole,60,1,0,38.50455671,-92.27860244,29051.0,59,59,1,0,58,59,76796,1,0,0,1,0
2020-05-25,US,Missouri,Cooper,9,0,0,38.844478,-92.80896081,29053.0,9,9,0,0,9,9,17603,0,0,0,0,0
2020-05-25,US,Missouri,Crawford,9,0,0,37.97663738,-91.30528104,29055.0,9,9,0,0,9,9,23957,0,0,0,0,0
2020-05-25,US,Missouri,Dallas,3,0,0,37.681135499999996,-93.02127031,29059.0,3,3,0,0,3,3,16762,0,0,0,0,0
2020-05-25,US,Missouri,Daviess,4,0,0,39.96145298,-93.98519678,29061.0,4,4,0,0,4,4,8313,0,0,0,0,0
2020-05-25,US,Missouri,DeKalb,5,0,0,39.89201062,-94.40476508,29063.0,5,5,0,0,5,5,12630,0,0,0,0,0
2020-05-25,US,Missouri,Dunklin,30,2,0,36.27167174,-90.09122243,29069.0,28,28,2,0,26,28,29423,2,0,0,2,0
2020-05-25,US,Missouri,Franklin,140,16,0,38.41127108,-91.07522826,29071.0,124,138,16,0,122,138,103670,2,0,0,2,0
2020-05-25,US,Missouri,Gasconade,2,0,0,38.43947277,-91.50847147,29073.0,2,2,0,0,2,2,14705,0,0,0,0,0
2020-05-25,US,Missouri,Gentry,17,0,0,40.21097916,-94.40944419,29075.0,17,17,0,0,17,6,6628,0,0,0,0,11
2020-05-25,US,Missouri,Greene,122,8,0,37.2575872,-93.34230916,29077.0,114,122,8,0,114,121,291923,0,0,0,0,1
2020-05-25,US,Missouri,Harrison,8,0,0,40.35570088,-93.99222144,29081.0,8,8,0,0,8,8,8414,0,0,0,0,0
2020-05-25,US,Missouri,Henry,10,3,0,38.38482826,-93.79293734,29083.0,7,10,3,0,7,9,21792,0,0,0,0,1
2020-05-25,US,Missouri,Holt,1,0,0,40.09799248,-95.21638879999999,29087.0,1,1,0,0,1,1,4404,0,0,0,0,0
2020-05-25,US,Missouri,Howard,3,0,0,39.1435761,-92.69756691,29089.0,3,3,0,0,3,3,10137,0,0,0,0,0
2020-05-25,US,Missouri,Howell,5,0,0,36.77383887,-91.88683935,29091.0,5,5,0,0,5,5,40076,0,0,0,0,0
2020-05-25,US,Missouri,Iron,2,0,0,37.55487945,-90.7735296,29093.0,2,2,0,0,2,2,10177,0,0,0,0,0
2020-05-25,US,Missouri,Jackson,520,16,0,39.01002188,-94.34724536,29095.0,504,517,16,0,501,495,700307,3,0,0,3,22
2020-05-25,US,Missouri,Jasper,32,0,0,37.20351921,-94.34050458,29097.0,32,32,0,0,32,32,120636,0,0,0,0,0
2020-05-25,US,Missouri,Jefferson,337,16,0,38.25926778,-90.53870896,29099.0,321,337,16,0,321,337,224347,0,0,0,0,0
2020-05-25,US,Missouri,Johnson,73,0,0,38.74719601,-93.80691168,29101.0,73,72,0,0,72,72,53652,1,0,0,1,0
2020-05-25,US,Missouri,Kansas City,1050,25,0,39.0997,-94.5786,0.0,1025,1024,24,0,1000,991,491918,26,1,0,25,33
2020-05-25,US,Missouri,Laclede,3,0,0,37.65896829,-92.5888493,29105.0,3,3,0,0,3,3,35713,0,0,0,0,0
2020-05-25,US,Missouri,Lafayette,70,3,0,39.06986886,-93.78076396,29107.0,67,69,3,0,66,69,32598,1,0,0,1,0
2020-05-25,US,Missouri,Lawrence,8,0,0,37.10626634,-93.83293097,29109.0,8,8,0,0,8,8,38359,0,0,0,0,0
2020-05-25,US,Missouri,Lewis,7,1,0,40.09673161,-91.72070156,29111.0,6,7,1,0,6,7,9855,0,0,0,0,0
2020-05-25,US,Missouri,Lincoln,106,1,0,39.05345619,-90.95588181,29113.0,105,106,1,0,105,106,57686,0,0,0,0,0
2020-05-25,US,Missouri,Linn,6,1,0,39.87001769,-93.10704106,29115.0,5,6,1,0,5,5,12037,0,0,0,0,1
2020-05-25,US,Missouri,Livingston,3,0,0,39.78110272,-93.54645978,29117.0,3,3,0,0,3,3,15146,0,0,0,0,0
2020-05-25,US,Missouri,Macon,2,0,0,39.83049768,-92.56453089,29121.0,2,2,0,0,2,2,15153,0,0,0,0,0
2020-05-25,US,Missouri,Madison,3,0,0,37.47865134,-90.34671429999999,29123.0,3,3,0,0,3,3,12188,0,0,0,0,0
2020-05-25,US,Missouri,Maries,2,0,0,38.16193985,-91.92249662,29125.0,2,2,0,0,2,2,8769,0,0,0,0,0
2020-05-25,US,Missouri,Marion,5,0,0,39.80601912,-91.62203062,29127.0,5,5,0,0,5,5,28592,0,0,0,0,0
2020-05-25,US,Missouri,McDonald,17,0,0,36.62869595,-94.34867205,29119.0,17,17,0,0,17,15,23078,0,0,0,0,2
2020-05-25,US,Missouri,Miller,4,0,0,38.21450288,-92.42610898,29131.0,4,4,0,0,4,4,25336,0,0,0,0,0
2020-05-25,US,Missouri,Mississippi,54,0,0,36.82516239,-89.29505753,29133.0,54,54,0,0,54,54,13336,0,0,0,0,0
2020-05-25,US,Missouri,Moniteau,45,0,0,38.63571781,-92.57976951,29135.0,45,45,0,0,45,45,16121,0,0,0,0,0
2020-05-25,US,Missouri,Montgomery,8,0,0,38.94022054,-91.47000721,29139.0,8,8,0,0,8,8,11534,0,0,0,0,0
2020-05-25,US,Missouri,Morgan,9,0,0,38.4181765,-92.88791859,29141.0,9,8,0,0,8,8,20358,1,0,0,1,0
2020-05-25,US,Missouri,New Madrid,17,0,0,36.59666326,-89.66070007,29143.0,17,17,0,0,17,17,17296,0,0,0,0,0
2020-05-25,US,Missouri,Newton,16,1,0,36.90519407,-94.3394104,29145.0,15,16,1,0,15,16,58266,0,0,0,0,0
2020-05-25,US,Missouri,Nodaway,12,0,0,40.36079813,-94.88133008,29147.0,12,12,0,0,12,8,22304,0,0,0,0,4
2020-05-25,US,Missouri,Oregon,2,0,0,36.68710164,-91.4033755,29149.0,2,2,0,0,2,2,10541,0,0,0,0,0
2020-05-25,US,Missouri,Osage,5,0,0,38.46036182,-91.8613635,29151.0,5,5,0,0,5,5,13714,0,0,0,0,0
2020-05-25,US,Missouri,Pemiscot,72,4,0,36.2130572,-89.78742322,29155.0,68,72,4,0,68,72,16272,0,0,0,0,0
2020-05-25,US,Missouri,Perry,49,0,0,37.70660776,-89.82741088,29157.0,49,49,0,0,49,49,19150,0,0,0,0,0
2020-05-25,US,Missouri,Pettis,70,1,0,38.72798918,-93.28471706,29159.0,69,70,1,0,69,70,42542,0,0,0,0,0
2020-05-25,US,Missouri,Phelps,4,0,0,37.87736118,-91.79351727,29161.0,4,4,0,0,4,4,44732,0,0,0,0,0
2020-05-25,US,Missouri,Pike,14,1,0,39.34310674,-91.16980779,29163.0,13,14,1,0,13,14,18504,0,0,0,0,0
2020-05-25,US,Missouri,Platte,67,0,0,39.38154439,-94.77068479,29165.0,67,65,0,0,65,63,102985,2,0,0,2,2
2020-05-25,US,Missouri,Polk,3,0,0,37.616229600000004,-93.39828174,29167.0,3,3,0,0,3,3,32201,0,0,0,0,0
2020-05-25,US,Missouri,Pulaski,33,1,0,37.82462075,-92.20783203,29169.0,32,33,1,0,32,33,52014,0,0,0,0,0
2020-05-25,US,Missouri,Ralls,2,0,0,39.52817427,-91.51838643,29173.0,2,2,0,0,2,2,10212,0,0,0,0,0
2020-05-25,US,Missouri,Randolph,9,0,0,39.44007257,-92.49713740000001,29175.0,9,9,0,0,9,8,24763,0,0,0,0,1
2020-05-25,US,Missouri,Ray,16,0,0,39.353746799999996,-93.98905745,29177.0,16,16,0,0,16,15,22883,0,0,0,0,1
2020-05-25,US,Missouri,Reynolds,2,0,0,37.36085952,-90.97009925,29179.0,2,2,0,0,2,2,6254,0,0,0,0,0
2020-05-25,US,Missouri,Ripley,7,0,0,36.65460667,-90.85990261,29181.0,7,7,0,0,7,7,13401,0,0,0,0,0
2020-05-25,US,Missouri,Saline,267,2,0,39.13734288,-93.20259964,29195.0,265,266,2,0,264,266,22895,1,0,0,1,0
2020-05-25,US,Missouri,Scotland,4,0,0,40.45214695,-92.14709064,29199.0,4,4,0,0,4,4,4966,0,0,0,0,0
2020-05-25,US,Missouri,Scott,93,8,0,37.05588075,-89.56474493,29201.0,85,93,8,0,85,91,38458,0,0,0,0,2
2020-05-25,US,Missouri,Shelby,1,0,0,39.79742518,-92.07634971,29205.0,1,1,0,0,1,1,6050,0,0,0,0,0
2020-05-25,US,Missouri,St. Charles,743,54,0,38.77875681,-90.66662425,29183.0,689,741,54,0,687,730,399182,2,0,0,2,11
2020-05-25,US,Missouri,St. Clair,3,0,0,38.03699437,-93.77631447,29185.0,3,3,0,0,3,3,9395,0,0,0,0,0
2020-05-25,US,Missouri,St. Francois,33,2,0,37.81214171,-90.47598685,29187.0,31,33,2,0,31,33,66692,0,0,0,0,0
2020-05-25,US,Missouri,St. Louis,4690,387,0,38.63770039999999,-90.4458375,29189.0,4303,4479,385,0,4094,4472,996945,211,2,0,209,7
2020-05-25,US,Missouri,St. Louis City,1849,112,0,38.63555736,-90.24349225,29510.0,1737,1815,112,0,1703,1789,302838,34,0,0,34,26
2020-05-25,US,Missouri,Ste. Genevieve,8,1,0,37.89090059,-90.1949941,29186.0,7,8,1,0,7,8,17888,0,0,0,0,0
2020-05-25,US,Missouri,Stoddard,74,0,0,36.85571651,-89.9444155,29207.0,74,70,0,0,70,70,29206,4,0,0,4,0
2020-05-25,US,Missouri,Stone,4,0,0,36.75000327,-93.45256475,29209.0,4,4,0,0,4,4,31749,0,0,0,0,0
2020-05-25,US,Missouri,Sullivan,53,0,0,40.2099105,-93.11150106,29211.0,53,49,0,0,49,44,6221,4,0,0,4,5
2020-05-25,US,Missouri,Taney,14,2,0,36.65465345,-93.04075153,29213.0,12,14,2,0,12,14,55852,0,0,0,0,0
2020-05-25,US,Missouri,Vernon,7,0,0,37.8457799,-94.34127305,29217.0,7,7,0,0,7,7,20528,0,0,0,0,0
2020-05-25,US,Missouri,Warren,28,0,0,38.76529479,-91.16124662,29219.0,28,28,0,0,28,28,34711,0,0,0,0,0
2020-05-25,US,Missouri,Washington,10,1,0,37.96130078,-90.87948158,29221.0,9,10,1,0,9,10,24943,0,0,0,0,0
2020-05-25,US,Missouri,Webster,17,0,0,37.2813734,-92.876329,29225.0,17,17,0,0,17,17,39109,0,0,0,0,0
2020-05-25,US,Missouri,Worth,4,0,0,40.47945588,-94.42328751,29227.0,4,4,0,0,4,3,2040,0,0,0,0,1
2020-05-25,US,Missouri,Wright,11,0,0,37.27029221,-92.46914488,29229.0,11,11,0,0,11,11,18378,0,0,0,0,0
2020-05-25,US,Montana,Beaverhead,1,0,0,45.13434354,-112.89846940000001,30001.0,1,1,0,0,1,1,9404,0,0,0,0,0
2020-05-25,US,Montana,Big Horn,8,0,0,45.42335905,-107.492347,30003.0,8,8,0,0,8,8,13338,0,0,0,0,0
2020-05-25,US,Montana,Broadwater,4,0,0,46.33277565,-111.49558130000001,30007.0,4,4,0,0,4,4,6085,0,0,0,0,0
2020-05-25,US,Montana,Carbon,6,0,0,45.22850116,-109.0274047,30009.0,6,6,0,0,6,6,10714,0,0,0,0,0
2020-05-25,US,Montana,Cascade,17,2,0,47.30797024,-111.3467922,30013.0,15,17,2,0,15,17,81643,0,0,0,0,0
2020-05-25,US,Montana,Deer Lodge,3,0,0,46.05953325,-113.073353,30023.0,3,3,0,0,3,3,9131,0,0,0,0,0
2020-05-25,US,Montana,Flathead,37,2,0,48.29575866,-114.05205690000001,30029.0,35,37,2,0,35,37,102106,0,0,0,0,0
2020-05-25,US,Montana,Gallatin,149,1,0,45.54486106,-111.1692571,30031.0,148,149,1,0,148,149,111876,0,0,0,0,0
2020-05-25,US,Montana,Glacier,6,0,0,48.70513576,-112.9934235,30035.0,6,6,0,0,6,6,13747,0,0,0,0,0
2020-05-25,US,Montana,Golden Valley,3,0,0,46.3816474,-109.17685220000001,30037.0,3,3,0,0,3,3,826,0,0,0,0,0
2020-05-25,US,Montana,Hill,1,0,0,48.62879827,-110.1129252,30041.0,1,1,0,0,1,1,16347,0,0,0,0,0
2020-05-25,US,Montana,Jefferson,3,0,0,46.14907081,-112.094396,30043.0,3,3,0,0,3,3,12097,0,0,0,0,0
2020-05-25,US,Montana,Lake,5,0,0,47.64514965,-114.0898013,30047.0,5,5,0,0,5,5,30250,0,0,0,0,0
2020-05-25,US,Montana,Lewis and Clark,16,0,0,47.12610041,-112.39469799999999,30049.0,16,16,0,0,16,16,68700,0,0,0,0,0
2020-05-25,US,Montana,Liberty,1,0,0,48.56084317,-111.02430700000001,30051.0,1,1,0,0,1,1,2430,0,0,0,0,0
2020-05-25,US,Montana,Lincoln,7,1,0,48.54265777,-115.4046155,30053.0,6,7,1,0,6,7,19794,0,0,0,0,0
2020-05-25,US,Montana,Madison,8,1,0,45.30080065,-111.9173017,30057.0,7,8,1,0,7,8,8768,0,0,0,0,0
2020-05-25,US,Montana,Meagher,1,0,0,46.59907074,-110.8898557,30059.0,1,1,0,0,1,1,1866,0,0,0,0,0
2020-05-25,US,Montana,Missoula,39,1,0,47.03728583,-113.92135079999998,30063.0,38,39,1,0,38,39,118791,0,0,0,0,0
2020-05-25,US,Montana,Musselshell,1,0,0,46.49684637,-108.39498,30065.0,1,1,0,0,1,1,4651,0,0,0,0,0
2020-05-25,US,Montana,Park,8,0,0,45.48965095,-110.52643940000002,30067.0,8,8,0,0,8,8,16736,0,0,0,0,0
2020-05-25,US,Montana,Pondera,2,0,0,48.22773388,-112.22527029999999,30073.0,2,2,0,0,2,2,5972,0,0,0,0,0
2020-05-25,US,Montana,Ravalli,13,0,0,46.08520862,-114.11891640000002,30081.0,13,13,0,0,13,13,43172,0,0,0,0,0
2020-05-25,US,Montana,Richland,3,0,0,47.78668011,-104.5610786,30083.0,3,3,0,0,3,3,10913,0,0,0,0,0
2020-05-25,US,Montana,Roosevelt,7,0,0,48.29607488,-105.00792679999999,30085.0,7,7,0,0,7,7,11059,0,0,0,0,0
2020-05-25,US,Montana,Silver Bow,11,0,0,45.90018933,-112.6620092,30093.0,11,11,0,0,11,11,34993,0,0,0,0,0
2020-05-25,US,Montana,Stillwater,1,0,0,45.67071407,-109.3950061,30095.0,1,1,0,0,1,1,9534,0,0,0,0,0
2020-05-25,US,Montana,Toole,29,6,0,48.65577551,-111.69424140000001,30101.0,23,29,6,0,23,29,4853,0,0,0,0,0
2020-05-25,US,Montana,Wheatland,1,0,0,46.46652491,-109.84646359999999,30107.0,1,1,0,0,1,1,2236,0,0,0,0,0
2020-05-25,US,Montana,Yellowstone,88,2,0,45.93955949,-108.26914860000001,30111.0,86,88,2,0,86,88,160137,0,0,0,0,0
2020-05-25,US,Nebraska,Adams,265,11,0,40.52449420000001,-98.50117804,31001.0,254,265,11,0,254,264,31511,0,0,0,0,1
2020-05-25,US,Nebraska,Antelope,7,0,0,42.17695516,-98.06662829999999,31003.0,7,7,0,0,7,7,6336,0,0,0,0,0
2020-05-25,US,Nebraska,Boone,3,0,0,41.70759415,-98.06737183,31011.0,3,3,0,0,3,3,5239,0,0,0,0,0
2020-05-25,US,Nebraska,Box Butte,2,0,0,42.22079243,-103.08788340000001,31013.0,2,2,0,0,2,1,10772,0,0,0,0,1
2020-05-25,US,Nebraska,Buffalo,142,1,0,40.85486962,-99.07500296,31019.0,141,142,1,0,141,140,49615,0,0,0,0,2
2020-05-25,US,Nebraska,Burt,8,0,0,41.85056773,-96.32605633,31021.0,8,8,0,0,8,8,6488,0,0,0,0,0
2020-05-25,US,Nebraska,Butler,45,0,0,41.22703692,-97.13106306,31023.0,45,45,0,0,45,45,8058,0,0,0,0,0
2020-05-25,US,Nebraska,Cass,38,0,0,40.90899107,-96.13971217,31025.0,38,37,0,0,37,34,26159,1,0,0,1,3
2020-05-25,US,Nebraska,Cedar,7,0,0,42.598885100000004,-97.25311951,31027.0,7,7,0,0,7,7,8446,0,0,0,0,0
2020-05-25,US,Nebraska,Chase,1,0,0,40.523719799999995,-101.69780259999999,31029.0,1,1,0,0,1,,3977,0,0,0,0,
2020-05-25,US,Nebraska,Cherry,1,0,0,42.54502621,-101.1244332,31031.0,1,1,0,0,1,1,5761,0,0,0,0,0
2020-05-25,US,Nebraska,Cheyenne,9,0,0,41.21999357,-102.9941693,31033.0,9,9,0,0,9,9,9310,0,0,0,0,0
2020-05-25,US,Nebraska,Clay,22,0,0,40.52439441,-98.05126296,31035.0,22,22,0,0,22,22,6214,0,0,0,0,0
2020-05-25,US,Nebraska,Colfax,602,2,0,41.57486951,-97.0868542,31037.0,600,599,2,0,597,592,10881,3,0,0,3,7
2020-05-25,US,Nebraska,Cuming,31,0,0,41.91637624,-96.78730772,31039.0,31,31,0,0,31,32,8940,0,0,0,0,-1
2020-05-25,US,Nebraska,Custer,31,4,0,41.39374521,-99.72805369,31041.0,27,31,4,0,27,30,10840,0,0,0,0,1
2020-05-25,US,Nebraska,Dakota,1612,15,0,42.39040144,-96.56656425,31043.0,1597,1582,15,0,1567,1575,20083,30,0,0,30,7
2020-05-25,US,Nebraska,Dawes,1,0,0,42.71985036,-103.1313774,31045.0,1,1,0,0,1,1,8716,0,0,0,0,0
2020-05-25,US,Nebraska,Dawson,820,7,0,40.87028216,-99.82014609999999,31047.0,813,820,7,0,813,816,23709,0,0,0,0,4
2020-05-25,US,Nebraska,Dixon,25,0,0,42.49188363,-96.86782408,31051.0,25,25,0,0,25,24,5709,0,0,0,0,1
2020-05-25,US,Nebraska,Dodge,376,1,0,41.58071748,-96.65598179,31053.0,375,355,1,0,354,351,36791,21,0,0,21,4
2020-05-25,US,Nebraska,Douglas,3186,23,0,41.29518299,-96.15085305,31055.0,3163,3094,23,0,3071,3024,566880,92,0,0,92,70
2020-05-25,US,Nebraska,Fillmore,5,0,0,40.52458567,-97.59646937,31059.0,5,5,0,0,5,5,5527,0,0,0,0,0
2020-05-25,US,Nebraska,Franklin,6,0,0,40.17636348,-98.95299073,31061.0,6,6,0,0,6,6,3023,0,0,0,0,0
2020-05-25,US,Nebraska,Frontier,1,0,0,40.52993007,-100.3924658,31063.0,1,1,0,0,1,1,2608,0,0,0,0,0
2020-05-25,US,Nebraska,Furnas,7,0,0,40.17642064,-99.91247454,31065.0,7,7,0,0,7,7,4715,0,0,0,0,0
2020-05-25,US,Nebraska,Gage,44,3,0,40.26186809,-96.68946704,31067.0,41,44,3,0,41,44,21493,0,0,0,0,0
2020-05-25,US,Nebraska,Gosper,13,0,0,40.51481965,-99.83020279,31073.0,13,13,0,0,13,13,1996,0,0,0,0,0
2020-05-25,US,Nebraska,Greeley,3,0,0,41.56742671,-98.52150266,31077.0,3,3,0,0,3,3,2356,0,0,0,0,0
2020-05-25,US,Nebraska,Hall,1466,39,0,40.87257079,-98.50218293,31079.0,1427,1464,39,0,1425,1460,61607,2,0,0,2,4
2020-05-25,US,Nebraska,Hamilton,54,10,0,40.87349452,-98.02099117,31081.0,44,54,10,0,44,54,9280,0,0,0,0,0
2020-05-25,US,Nebraska,Harlan,1,0,0,40.17658508,-99.40438879,31083.0,1,1,0,0,1,1,3401,0,0,0,0,0
2020-05-25,US,Nebraska,Hitchcock,1,0,0,40.17609175,-101.04164770000001,31087.0,1,1,0,0,1,1,2806,0,0,0,0,0
2020-05-25,US,Nebraska,Holt,1,0,0,42.45522056,-98.78402558,31089.0,1,1,0,0,1,1,10178,0,0,0,0,0
2020-05-25,US,Nebraska,Howard,39,0,0,41.2200529,-98.5166499,31093.0,39,39,0,0,39,39,6468,0,0,0,0,0
2020-05-25,US,Nebraska,Jefferson,6,0,0,40.17584531,-97.142601,31095.0,6,6,0,0,6,6,7097,0,0,0,0,0
2020-05-25,US,Nebraska,Johnson,7,0,0,40.39257596,-96.26522753,31097.0,7,7,0,0,7,7,5134,0,0,0,0,0
2020-05-25,US,Nebraska,Kearney,12,0,0,40.50663314,-98.94877182,31099.0,12,11,0,0,11,11,6544,1,0,0,1,0
2020-05-25,US,Nebraska,Keith,2,0,0,41.19930341,-101.66201640000001,31101.0,2,2,0,0,2,2,8021,0,0,0,0,0
2020-05-25,US,Nebraska,Kimball,8,0,0,41.19774275,-103.7148131,31105.0,8,8,0,0,8,8,3618,0,0,0,0,0
2020-05-25,US,Nebraska,Knox,9,0,0,42.63758421,-97.89178836,31107.0,9,8,0,0,8,8,8419,1,0,0,1,0
2020-05-25,US,Nebraska,Lancaster,1084,6,0,40.78416049,-96.68777155,31109.0,1078,1047,6,0,1041,1033,317272,37,0,0,37,14
2020-05-25,US,Nebraska,Lincoln,47,2,0,41.04658298,-100.74753740000001,31111.0,45,47,2,0,45,47,35185,0,0,0,0,0
2020-05-25,US,Nebraska,Madison,299,3,0,41.91676024,-97.6005481,31119.0,296,298,3,0,295,296,35392,1,0,0,1,2
2020-05-25,US,Nebraska,Merrick,32,0,0,41.16624273,-98.0374887,31121.0,32,32,0,0,32,32,7733,0,0,0,0,0
2020-05-25,US,Nebraska,Morrill,10,0,0,41.71711774,-103.0061405,31123.0,10,10,0,0,10,10,4686,0,0,0,0,0
2020-05-25,US,Nebraska,Nance,5,0,0,41.39750195,-97.99327291,31125.0,5,5,0,0,5,5,3532,0,0,0,0,0
2020-05-25,US,Nebraska,Nemaha,3,0,0,40.38514847,-95.85433992,31127.0,3,3,0,0,3,3,6958,0,0,0,0,0
2020-05-25,US,Nebraska,Nuckolls,1,0,0,40.17637905,-98.04743961,31129.0,1,1,0,0,1,1,4195,0,0,0,0,0
2020-05-25,US,Nebraska,Otoe,6,0,0,40.64843556,-96.13374142,31131.0,6,6,0,0,6,6,15985,0,0,0,0,0
2020-05-25,US,Nebraska,Phelps,20,0,0,40.51156033,-99.41461667,31137.0,20,20,0,0,20,18,8996,0,0,0,0,2
2020-05-25,US,Nebraska,Pierce,2,0,0,42.26434853,-97.60122773,31139.0,2,2,0,0,2,2,7142,0,0,0,0,0
2020-05-25,US,Nebraska,Platte,530,1,0,41.57246836,-97.52144359,31141.0,529,523,1,0,522,522,33363,7,0,0,7,1
2020-05-25,US,Nebraska,Polk,9,0,0,41.18813488,-97.56630712,31143.0,9,9,0,0,9,9,5278,0,0,0,0,0
2020-05-25,US,Nebraska,Red Willow,5,0,0,40.17556879999999,-100.476998,31145.0,5,5,0,0,5,5,10726,0,0,0,0,0
2020-05-25,US,Nebraska,Richardson,1,0,0,40.1247415,-95.71755036,31147.0,1,1,0,0,1,1,7937,0,0,0,0,0
2020-05-25,US,Nebraska,Saline,482,1,0,40.52418865,-97.14085859,31151.0,481,469,1,0,468,467,14350,13,0,0,13,2
2020-05-25,US,Nebraska,Sarpy,463,2,0,41.11314181,-96.11156432,31153.0,461,448,2,0,446,434,184459,15,0,0,15,14
2020-05-25,US,Nebraska,Saunders,28,1,0,41.227810299999994,-96.63773905,31155.0,27,27,1,0,26,27,21303,1,0,0,1,0
2020-05-25,US,Nebraska,Scotts Bluff,67,0,0,41.85070896,-103.70809859999999,31157.0,67,67,0,0,67,62,35989,0,0,0,0,5
2020-05-25,US,Nebraska,Seward,27,1,0,40.87241834,-97.139673,31159.0,26,27,1,0,26,27,17318,0,0,0,0,0
2020-05-25,US,Nebraska,Sherman,3,0,0,41.22045983,-98.97588642,31163.0,3,2,0,0,2,2,3038,1,0,0,1,0
2020-05-25,US,Nebraska,Stanton,17,0,0,41.9169835,-97.19394708,31167.0,17,17,0,0,17,16,5970,0,0,0,0,1
2020-05-25,US,Nebraska,Thomas,1,0,0,41.91358968,-100.5556632,31171.0,1,1,0,0,1,1,720,0,0,0,0,0
2020-05-25,US,Nebraska,Thurston,30,0,0,42.15725356,-96.54157099,31173.0,30,28,0,0,28,24,7303,2,0,0,2,4
2020-05-25,US,Nebraska,Unassigned,189,13,0,0.0,0.0,90031.0,176,189,13,0,176,169,,0,0,0,0,20
2020-05-25,US,Nebraska,Valley,3,0,0,41.56730777,-98.98197724,31175.0,3,3,0,0,3,3,4190,0,0,0,0,0
2020-05-25,US,Nebraska,Washington,26,1,0,41.52815707,-96.22019892,31177.0,25,26,1,0,25,26,20667,0,0,0,0,0
2020-05-25,US,Nebraska,Wayne,13,0,0,42.20934475,-97.11926964,31179.0,13,13,0,0,13,12,9403,0,0,0,0,1
2020-05-25,US,Nebraska,Webster,5,0,0,40.17642643,-98.50019851,31181.0,5,5,0,0,5,5,3533,0,0,0,0,0
2020-05-25,US,Nebraska,York,35,0,0,40.87272618,-97.59710186,31185.0,35,35,0,0,35,35,13772,0,0,0,0,0
2020-05-25,US,Nevada,Carson City,90,4,0,39.15509045,-119.7480219,32510.0,86,86,4,0,82,83,55414,4,0,0,4,3
2020-05-25,US,Nevada,Churchill,6,1,0,39.58105744,-118.3394607,32001.0,5,6,0,0,6,6,24440,0,1,0,-1,0
2020-05-25,US,Nevada,Clark,6182,329,0,36.21458855,-115.0130241,32003.0,5853,6140,322,0,5818,5815,2231647,42,7,0,35,325
2020-05-25,US,Nevada,Douglas,28,0,0,38.912862,-119.61713329999999,32005.0,28,27,0,0,27,26,48467,1,0,0,1,1
2020-05-25,US,Nevada,Elko,22,1,0,41.14531606,-115.3577619,32007.0,21,22,1,0,21,22,52460,0,0,0,0,0
2020-05-25,US,Nevada,Humboldt,78,4,0,41.40692186,-118.11094270000001,32013.0,74,78,4,0,74,78,16786,0,0,0,0,0
2020-05-25,US,Nevada,Lander,20,0,0,39.933223299999995,-117.03970749999999,32015.0,20,19,0,0,19,19,5575,1,0,0,1,0
2020-05-25,US,Nevada,Lincoln,2,0,0,37.64268459,-114.8790388,32017.0,2,2,0,0,2,2,5201,0,0,0,0,0
2020-05-25,US,Nevada,Lyon,55,0,0,39.01777974,-119.18704790000001,32019.0,55,55,0,0,55,51,55808,0,0,0,0,4
2020-05-25,US,Nevada,Mineral,4,0,0,38.53841696,-118.4344506,32021.0,4,4,0,0,4,4,4514,0,0,0,0,0
2020-05-25,US,Nevada,Nye,59,1,0,38.04264256,-116.47227020000001,32023.0,58,59,1,0,58,59,45346,0,0,0,0,0
2020-05-25,US,Nevada,Storey,1,0,0,39.44875482,-119.5250207,32029.0,1,1,0,0,1,1,4029,0,0,0,0,0
2020-05-25,US,Nevada,Washoe,1405,54,0,40.66562265,-119.6631594,32031.0,1351,1378,48,0,1330,1356,465735,27,6,0,21,22
2020-05-25,US,Nevada,White Pine,4,0,0,39.44157041,-114.89996599999999,32033.0,4,4,0,0,4,4,9475,0,0,0,0,0
2020-05-25,US,New Hampshire,Belknap,55,0,0,43.51637314,-71.41684235,33001.0,55,55,0,0,55,55,61022,0,0,0,0,0
2020-05-25,US,New Hampshire,Carroll,46,0,0,43.87498583,-71.20430216,33003.0,46,46,0,0,46,46,48779,0,0,0,0,0
2020-05-25,US,New Hampshire,Cheshire,54,2,0,42.92015988,-72.25311043,33005.0,52,52,2,0,50,51,76493,2,0,0,2,1
2020-05-25,US,New Hampshire,Coos,4,0,0,44.69063265,-71.30633239,33007.0,4,4,0,0,4,4,31589,0,0,0,0,0
2020-05-25,US,New Hampshire,Grafton,69,1,0,43.93779815,-71.82057197,33009.0,68,69,1,0,68,69,89786,0,0,0,0,0
2020-05-25,US,New Hampshire,Hillsborough,2132,81,0,42.91537785,-71.7200253,33011.0,2051,2095,81,0,2014,2049,415247,37,0,0,37,46
2020-05-25,US,New Hampshire,Merrimack,321,13,0,43.29662971,-71.6811573,33013.0,308,320,13,0,307,312,151132,1,0,0,1,8
2020-05-25,US,New Hampshire,Rockingham,1230,62,0,42.98499744,-71.12883377,33015.0,1168,1223,62,0,1161,1218,309176,7,0,0,7,5
2020-05-25,US,New Hampshire,Strafford,257,12,0,43.291833000000004,-71.02336013,33017.0,245,254,12,0,242,253,130090,3,0,0,3,1
2020-05-25,US,New Hampshire,Sullivan,17,1,0,43.36094111,-72.22203125,33019.0,16,17,1,0,16,17,43144,0,0,0,0,0
2020-05-25,US,New Hampshire,Unassigned,12,38,0,0.0,0.0,90033.0,-26,14,37,0,-23,15,,-2,1,0,-3,-1
2020-05-25,US,New Jersey,Atlantic,2028,144,0,39.47538693,-74.65848483,34001.0,1884,1961,144,0,1817,1936,265429,67,0,0,67,25
2020-05-25,US,New Jersey,Bergen,17901,1525,0,40.96010917,-74.07164325,34003.0,16376,17804,1525,0,16279,17668,936692,97,0,0,97,136
2020-05-25,US,New Jersey,Burlington,4355,271,0,39.87681124,-74.66927768,34005.0,4084,4308,270,0,4038,4252,445384,47,1,0,46,56
2020-05-25,US,New Jersey,Camden,6103,308,0,39.80343818,-74.96388753,34007.0,5795,6024,307,0,5717,5953,507078,79,1,0,78,71
2020-05-25,US,New Jersey,Cape May,570,48,0,39.15008829,-74.80170244,34009.0,522,561,48,0,513,558,92560,9,0,0,9,3
2020-05-25,US,New Jersey,Cumberland,1991,63,0,39.37199394,-75.10712559,34011.0,1928,1947,63,0,1884,1924,150972,44,0,0,44,23
2020-05-25,US,New Jersey,Essex,17248,1598,0,40.78681335,-74.24657979,34013.0,15650,17214,1600,0,15614,17160,799767,34,-2,0,36,54
2020-05-25,US,New Jersey,Gloucester,2089,138,0,39.71581067,-75.13995546,34015.0,1951,2066,134,0,1932,2044,291408,23,4,0,19,22
2020-05-25,US,New Jersey,Hudson,18879,1137,0,40.73766234,-74.07515667,34017.0,17742,18879,1139,0,17740,18959,676061,0,-2,0,2,-80
2020-05-25,US,New Jersey,Hunterdon,966,57,0,40.56335249,-74.91284156,34019.0,909,960,57,0,903,938,124714,6,0,0,6,22
2020-05-25,US,New Jersey,Mercer,6491,450,0,40.28047017,-74.70479631,34021.0,6041,6413,449,0,5964,6351,369811,78,1,0,77,62
2020-05-25,US,New Jersey,Middlesex,15437,955,0,40.43629879,-74.41426991,34023.0,14482,15351,955,0,14396,15215,829685,86,0,0,86,136
2020-05-25,US,New Jersey,Monmouth,7865,556,0,40.26549699,-74.22240686,34025.0,7309,7800,556,0,7244,7720,621354,65,0,0,65,80
2020-05-25,US,New Jersey,Morris,6259,593,0,40.86095313,-74.54553709999998,34027.0,5666,6207,592,0,5615,6192,494228,52,1,0,51,15
2020-05-25,US,New Jersey,Ocean,8430,690,0,39.8895449,-74.28089251,34029.0,7740,8372,686,0,7686,8316,601651,58,4,0,54,56
2020-05-25,US,New Jersey,Passaic,15774,891,0,41.03238628,-74.29954144,34031.0,14883,15686,890,0,14796,15610,503310,88,1,0,87,76
2020-05-25,US,New Jersey,Salem,566,29,0,39.58719656,-75.34696629999998,34033.0,537,552,28,0,524,535,62607,14,1,0,13,17
2020-05-25,US,New Jersey,Somerset,4480,399,0,40.56465737,-74.61683016,34035.0,4081,4450,399,0,4051,4425,331164,30,0,0,30,25
2020-05-25,US,New Jersey,Sussex,1084,145,0,41.13891592,-74.69118243,34037.0,939,1079,145,0,934,1079,140799,5,0,0,5,0
2020-05-25,US,New Jersey,Unassigned,226,0,0,0.0,0.0,90034.0,226,226,0,0,226,,,0,0,0,0,
2020-05-25,US,New Jersey,Union,15218,1024,0,40.65835409,-74.30680092,34039.0,14194,15169,1025,0,14144,15186,558067,49,-1,0,50,-17
2020-05-25,US,New Jersey,Warren,1132,126,0,40.85951833,-74.99556527,34041.0,1006,1125,126,0,999,1119,105779,7,0,0,7,6
2020-05-25,US,New Mexico,Bernalillo,1347,68,0,35.05163625,-106.6703554,35001.0,1279,1337,68,0,1269,1313,678701,10,0,0,10,24
2020-05-25,US,New Mexico,Catron,2,1,0,33.91514144,-108.4046587,35003.0,1,2,1,0,1,2,3578,0,0,0,0,0
2020-05-25,US,New Mexico,Chaves,40,2,0,33.36406072,-104.4665365,35005.0,38,39,2,0,37,35,64689,1,0,0,1,4
2020-05-25,US,New Mexico,Cibola,129,4,0,34.91131525,-107.998876,35006.0,125,129,4,0,125,122,26746,0,0,0,0,7
2020-05-25,US,New Mexico,Colfax,5,0,0,36.60569702,-104.64726740000002,35007.0,5,5,0,0,5,5,12110,0,0,0,0,0
2020-05-25,US,New Mexico,Curry,46,0,0,34.57421077,-103.34688759999999,35009.0,46,46,0,0,46,45,49437,0,0,0,0,1
2020-05-25,US,New Mexico,Dona Ana,423,2,0,32.35275771,-106.83293870000001,35013.0,421,407,2,0,405,370,217522,16,0,0,16,37
2020-05-25,US,New Mexico,Eddy,19,1,0,32.47167456,-104.3053527,35015.0,18,18,1,0,17,17,57900,1,0,0,1,1
2020-05-25,US,New Mexico,Grant,16,0,0,32.73911281,-108.3827845,35017.0,16,16,0,0,16,16,27346,0,0,0,0,0
2020-05-25,US,New Mexico,Guadalupe,19,0,0,34.86319296,-104.790669,35019.0,19,19,0,0,19,19,4341,0,0,0,0,0
2020-05-25,US,New Mexico,Harding,1,0,0,35.85751555,-103.82209379999999,35021.0,1,1,0,0,1,1,655,0,0,0,0,0
2020-05-25,US,New Mexico,Hidalgo,1,0,0,31.91383467,-108.7151824,35023.0,1,1,0,0,1,1,4240,0,0,0,0,0
2020-05-25,US,New Mexico,Lea,24,0,0,32.79215361,-103.4123733,35025.0,24,23,0,0,23,21,69611,1,0,0,1,2
2020-05-25,US,New Mexico,Lincoln,3,0,0,33.74526079,-105.4586166,35027.0,3,3,0,0,3,3,19556,0,0,0,0,0
2020-05-25,US,New Mexico,Los Alamos,6,0,0,35.86631386,-106.31349850000001,35028.0,6,6,0,0,6,6,19101,0,0,0,0,0
2020-05-25,US,New Mexico,Luna,7,1,0,32.18179341,-107.75088259999998,35029.0,6,8,1,0,7,8,23963,-1,0,0,-1,0
2020-05-25,US,New Mexico,McKinley,2215,94,0,35.58007720000001,-108.262245,35031.0,2121,2192,93,0,2099,2086,72290,23,1,0,22,106
2020-05-25,US,New Mexico,Otero,14,1,0,32.61348406,-105.7417604,35035.0,13,14,1,0,13,12,66781,0,0,0,0,2
2020-05-25,US,New Mexico,Quay,5,1,0,35.10403332,-103.54817270000001,35037.0,4,5,1,0,4,5,8253,0,0,0,0,0
2020-05-25,US,New Mexico,Rio Arriba,37,0,0,36.51072137,-106.69316740000001,35039.0,37,37,0,0,37,36,39006,0,0,0,0,1
2020-05-25,US,New Mexico,Roosevelt,36,0,0,34.02097406,-103.4799493,35041.0,36,34,0,0,34,31,18743,2,0,0,2,3
2020-05-25,US,New Mexico,San Juan,1581,110,0,36.50838318,-108.32043700000001,35045.0,1471,1558,108,0,1450,1490,125043,23,2,0,21,68
2020-05-25,US,New Mexico,San Miguel,15,0,0,35.48014807,-104.8163562,35047.0,15,11,0,0,11,10,27591,4,0,0,4,1
2020-05-25,US,New Mexico,Sandoval,544,26,0,35.68862401,-106.86878030000001,35043.0,518,543,26,0,517,529,145179,1,0,0,1,14
2020-05-25,US,New Mexico,Santa Fe,133,3,0,35.50708973,-105.9774716,35049.0,130,132,3,0,129,129,150056,1,0,0,1,3
2020-05-25,US,New Mexico,Sierra,1,0,0,33.13028233,-107.1925893,35051.0,1,1,0,0,1,1,10968,0,0,0,0,0
2020-05-25,US,New Mexico,Socorro,49,4,0,34.00715494,-106.9298354,35053.0,45,49,4,0,45,49,16735,0,0,0,0,0
2020-05-25,US,New Mexico,Taos,24,0,0,36.58006022,-105.63101979999999,35055.0,24,24,0,0,24,22,32835,0,0,0,0,2
2020-05-25,US,New Mexico,Torrance,20,1,0,34.64048375,-105.8508949,35057.0,19,20,1,0,19,19,15591,0,0,0,0,1
2020-05-25,US,New Mexico,Unassigned,189,0,0,0.0,0.0,90035.0,189,188,0,0,188,149,,1,0,0,1,39
2020-05-25,US,New Mexico,Union,3,0,0,36.48126404,-103.4709624,35059.0,3,3,0,0,3,3,4118,0,0,0,0,0
2020-05-25,US,New Mexico,Valencia,72,1,0,34.71669834,-106.8103733,35061.0,71,72,1,0,71,70,76456,0,0,0,0,2
2020-05-25,US,New York,Albany,1791,76,0,42.60060306,-73.97723916,36001.0,1715,1782,76,0,1706,1770,307117,9,0,0,9,12
2020-05-25,US,New York,Allegany,44,0,0,42.25748406,-78.02750466,36003.0,44,44,0,0,44,44,46430,0,0,0,0,0
2020-05-25,US,New York,Broome,519,44,0,42.15903158,-75.81326086,36007.0,475,501,32,0,469,485,191659,18,12,0,6,16
2020-05-25,US,New York,Cattaraugus,81,0,0,42.24778241,-78.67923096,36009.0,81,78,0,0,78,78,76840,3,0,0,3,0
2020-05-25,US,New York,Cayuga,77,1,0,42.91261714,-76.55731592,36011.0,76,77,1,0,76,76,77145,0,0,0,0,1
2020-05-25,US,New York,Chautauqua,75,4,0,42.22769210000001,-79.36691763,36013.0,71,75,4,0,71,72,127939,0,0,0,0,3
2020-05-25,US,New York,Chemung,136,1,0,42.13891056,-76.7638805,36015.0,135,136,1,0,135,136,84254,0,0,0,0,0
2020-05-25,US,New York,Chenango,119,0,0,42.49430041,-75.60887553,36017.0,119,118,0,0,118,118,47536,1,0,0,1,0
2020-05-25,US,New York,Clinton,95,4,0,44.74530905,-73.67875352,36019.0,91,95,4,0,91,95,80695,0,0,0,0,0
2020-05-25,US,New York,Columbia,372,32,0,42.24819348,-73.63089095,36021.0,340,365,32,0,333,359,59916,7,0,0,7,6
2020-05-25,US,New York,Cortland,39,0,0,42.59509207,-76.07048931,36023.0,39,39,0,0,39,38,47823,0,0,0,0,1
2020-05-25,US,New York,Delaware,77,4,0,42.19837623,-74.96709306,36025.0,73,77,4,0,73,74,44527,0,0,0,0,3
2020-05-25,US,New York,Dutchess,3825,137,0,41.76486060000001,-73.74356679,36027.0,3688,3807,133,0,3674,3793,293718,18,4,0,14,14
2020-05-25,US,New York,Erie,5700,480,0,42.76249024,-78.73063652,36029.0,5220,5626,480,0,5146,5552,919719,74,0,0,74,74
2020-05-25,US,New York,Essex,36,0,0,44.11630765,-73.77297842,36031.0,36,36,0,0,36,36,37300,0,0,0,0,0
2020-05-25,US,New York,Franklin,20,0,0,44.59040891,-74.29926032,36033.0,20,20,0,0,20,20,50293,0,0,0,0,0
2020-05-25,US,New York,Fulton,196,18,0,43.11363907,-74.41798804,36035.0,178,194,18,0,176,193,53591,2,0,0,2,1
2020-05-25,US,New York,Genesee,192,4,0,43.0022601,-78.19135193,36037.0,188,191,4,0,187,191,57511,1,0,0,1,0
2020-05-25,US,New York,Greene,225,18,0,42.275797,-74.12384884,36039.0,207,220,18,0,202,217,47491,5,0,0,5,3
2020-05-25,US,New York,Hamilton,5,0,0,43.66146647,-74.49721957,36041.0,5,5,0,0,5,5,4434,0,0,0,0,0
2020-05-25,US,New York,Herkimer,103,3,0,43.42034246,-74.96145307,36043.0,100,101,3,0,98,100,61833,2,0,0,2,1
2020-05-25,US,New York,Jefferson,72,0,0,44.04200959,-75.94653457,36045.0,72,72,0,0,72,72,111755,0,0,0,0,0
2020-05-25,US,New York,Lewis,19,0,0,43.784415700000004,-75.44903992,36049.0,19,19,0,0,19,19,26447,0,0,0,0,0
2020-05-25,US,New York,Livingston,115,7,0,42.72596275,-77.77966158,36051.0,108,114,7,0,107,114,63227,1,0,0,1,0
2020-05-25,US,New York,Madison,303,10,0,42.91653905,-75.67266639,36053.0,293,301,10,0,291,301,70795,2,0,0,2,0
2020-05-25,US,New York,Monroe,2733,194,0,43.14638895,-77.69322942,36055.0,2539,2697,188,0,2509,2661,742474,36,6,0,30,36
2020-05-25,US,New York,Montgomery,79,4,0,42.90123494,-74.44011632,36057.0,75,79,4,0,75,77,49455,0,0,0,0,2
2020-05-25,US,New York,Nassau,39907,2103,0,40.74066522,-73.58941873,36059.0,37804,39837,2094,0,37743,39726,1358343,70,9,0,61,111
2020-05-25,US,New York,New York City,198731,21259,0,40.76727260000001,-73.97152637,36061.0,177472,198123,21216,0,176907,197266,1628701,608,43,0,565,857
2020-05-25,US,New York,Niagara,955,59,0,43.19898042,-78.74777412,36063.0,896,941,59,0,882,927,210433,14,0,0,14,14
2020-05-25,US,New York,Oneida,905,38,0,43.24375382,-75.43710392,36065.0,867,878,38,0,840,864,229577,27,0,0,27,14
2020-05-25,US,New York,Onondaga,1981,115,0,43.00491923,-76.19971155,36067.0,1866,1953,115,0,1838,1904,461809,28,0,0,28,49
2020-05-25,US,New York,Ontario,185,9,0,42.85145728,-77.30874425,36069.0,176,184,9,0,175,182,109864,1,0,0,1,2
2020-05-25,US,New York,Orange,10244,429,0,41.40337468,-74.30240757,36071.0,9815,10225,429,0,9796,10197,381951,19,0,0,19,28
2020-05-25,US,New York,Orleans,205,23,0,43.2516977,-78.2320066,36073.0,182,202,23,0,179,196,40612,3,0,0,3,6
2020-05-25,US,New York,Oswego,104,3,0,43.42778894,-76.14635194,36075.0,101,100,3,0,97,99,117898,4,0,0,4,1
2020-05-25,US,New York,Otsego,69,5,0,42.63492579,-75.03151402,36077.0,64,69,5,0,64,68,59749,0,0,0,0,1
2020-05-25,US,New York,Putnam,1214,58,0,41.42630093,-73.74965532,36079.0,1156,1208,58,0,1150,1200,98892,6,0,0,6,8
2020-05-25,US,New York,Rensselaer,465,28,0,42.71348136,-73.51089874,36083.0,437,463,28,0,435,463,159442,2,0,0,2,0
2020-05-25,US,New York,Rockland,12996,618,0,41.15027894,-74.02560498,36087.0,12378,12963,618,0,12345,12934,325695,33,0,0,33,29
2020-05-25,US,New York,Saratoga,461,11,0,43.10904162,-73.86653895,36091.0,450,456,11,0,445,452,230163,5,0,0,5,4
2020-05-25,US,New York,Schenectady,664,29,0,42.81668777,-74.05278291,36093.0,635,658,29,0,629,648,155350,6,0,0,6,10
2020-05-25,US,New York,Schoharie,49,0,0,42.58831742,-74.44339029999998,36095.0,49,49,0,0,49,49,31097,0,0,0,0,0
2020-05-25,US,New York,Schuyler,11,0,0,42.39184015,-76.8773299,36097.0,11,11,0,0,11,11,17912,0,0,0,0,0
2020-05-25,US,New York,Seneca,55,0,0,42.78081007,-76.82497064,36099.0,55,55,0,0,55,54,34300,0,0,0,0,1
2020-05-25,US,New York,St. Lawrence,197,2,0,44.4976179,-75.06550039,36089.0,195,197,2,0,195,196,108047,0,0,0,0,1
2020-05-25,US,New York,Steuben,240,41,0,42.2689144,-77.3829924,36101.0,199,240,41,0,199,240,95796,0,0,0,0,0
2020-05-25,US,New York,Suffolk,39090,1840,0,40.88320119,-72.8012172,36103.0,37250,38964,1834,0,37130,38802,1481093,126,6,0,120,162
2020-05-25,US,New York,Sullivan,1324,29,0,41.71579493,-74.76394559,36105.0,1295,1310,29,0,1281,1297,75498,14,0,0,14,13
2020-05-25,US,New York,Tioga,122,21,0,42.16852837,-76.30835812,36107.0,101,122,21,0,101,121,48560,0,0,0,0,1
2020-05-25,US,New York,Tompkins,154,0,0,42.44945765,-76.47229843,36109.0,154,151,0,0,151,149,102793,3,0,0,3,2
2020-05-25,US,New York,Ulster,1632,72,0,41.89027881,-74.26252104,36111.0,1560,1617,72,0,1545,1606,178599,15,0,0,15,11
2020-05-25,US,New York,Warren,251,26,0,43.56173026,-73.8433699,36113.0,225,250,26,0,224,249,64265,1,0,0,1,1
2020-05-25,US,New York,Washington,228,13,0,43.31153794,-73.43043448,36115.0,215,226,13,0,213,225,61197,2,0,0,2,1
2020-05-25,US,New York,Wayne,109,3,0,43.15494365,-77.02976528,36117.0,106,108,3,0,105,107,90064,1,0,0,1,1
2020-05-25,US,New York,Westchester,33049,1343,0,41.16278376,-73.75741653,36119.0,31706,32968,1337,0,31631,32881,967612,81,6,0,75,87
2020-05-25,US,New York,Wyoming,82,5,0,42.70145109,-78.22199579,36121.0,77,81,5,0,76,80,40085,1,0,0,1,1
2020-05-25,US,New York,Yates,37,6,0,42.63505484,-77.10369919,36123.0,31,37,4,0,33,37,24841,0,2,0,-2,0
2020-05-25,US,North Carolina,Alamance,278,20,0,36.0434701,-79.39976137,37001.0,258,278,20,0,258,268,166436,0,0,0,0,10
2020-05-25,US,North Carolina,Alexander,27,0,0,35.922379600000006,-81.17751948,37003.0,27,27,0,0,27,27,37353,0,0,0,0,0
2020-05-25,US,North Carolina,Alleghany,13,0,0,36.49360862,-81.12857041,37005.0,13,13,0,0,13,13,11161,0,0,0,0,0
2020-05-25,US,North Carolina,Anson,59,0,0,34.97403241,-80.09953279,37007.0,59,58,0,0,58,58,24877,1,0,0,1,0
2020-05-25,US,North Carolina,Ashe,35,0,0,36.43296207,-81.49862729,37009.0,35,35,0,0,35,33,27109,0,0,0,0,2
2020-05-25,US,North Carolina,Avery,2,0,0,36.07569796,-81.92308483,37011.0,2,2,0,0,2,2,17505,0,0,0,0,0
2020-05-25,US,North Carolina,Beaufort,35,0,0,35.48531943,-76.84325809,37013.0,35,35,0,0,35,35,47079,0,0,0,0,0
2020-05-25,US,North Carolina,Bertie,115,3,0,36.0688473,-76.96545943,37015.0,112,113,3,0,110,109,19026,2,0,0,2,4
2020-05-25,US,North Carolina,Bladen,94,2,0,34.61296243,-78.56180059,37017.0,92,94,2,0,92,92,33190,0,0,0,0,2
2020-05-25,US,North Carolina,Brunswick,74,2,0,34.070565,-78.22814204,37019.0,72,74,2,0,72,74,136744,0,0,0,0,0
2020-05-25,US,North Carolina,Buncombe,276,15,0,35.61113393,-82.53305,37021.0,261,262,11,0,251,251,259103,14,4,0,10,11
2020-05-25,US,North Carolina,Burke,296,14,0,35.74989637,-81.70755735,37023.0,282,278,14,0,264,266,90382,18,0,0,18,12
2020-05-25,US,North Carolina,Cabarrus,449,22,0,35.3877799,-80.55267168,37025.0,427,438,22,0,416,428,211342,11,0,0,11,10
2020-05-25,US,North Carolina,Caldwell,107,2,0,35.95204977,-81.54799522,37027.0,105,106,2,0,104,105,82029,1,0,0,1,1
2020-05-25,US,North Carolina,Camden,3,0,0,36.33804939,-76.15568396,37029.0,3,3,0,0,3,3,10710,0,0,0,0,0
2020-05-25,US,North Carolina,Carteret,36,9,0,34.8932941,-76.54120135,37031.0,27,36,9,0,27,36,69524,0,0,0,0,0
2020-05-25,US,North Carolina,Caswell,55,1,0,36.39312665,-79.33353281,37033.0,54,54,1,0,53,52,22698,1,0,0,1,2
2020-05-25,US,North Carolina,Catawba,152,3,0,35.66211129,-81.2132617,37035.0,149,148,3,0,145,143,158652,4,0,0,4,5
2020-05-25,US,North Carolina,Chatham,588,26,0,35.70394416,-79.25541492,37037.0,562,578,26,0,552,573,73139,10,0,0,10,5
2020-05-25,US,North Carolina,Cherokee,30,1,0,35.1349263,-84.05970864,37039.0,29,30,1,0,29,30,28383,0,0,0,0,0
2020-05-25,US,North Carolina,Chowan,15,0,0,36.12908077,-76.60118385,37041.0,15,15,0,0,15,15,14029,0,0,0,0,0
2020-05-25,US,North Carolina,Clay,8,0,0,35.05704275,-83.74353633,37043.0,8,8,0,0,8,8,11139,0,0,0,0,0
2020-05-25,US,North Carolina,Cleveland,69,2,0,35.33553364,-81.55204486,37045.0,67,67,2,0,65,67,97645,2,0,0,2,0
2020-05-25,US,North Carolina,Columbus,296,21,0,34.26744084,-78.65801424,37047.0,275,294,21,0,273,289,55655,2,0,0,2,5
2020-05-25,US,North Carolina,Craven,192,4,0,35.11833364,-77.08398081,37049.0,188,189,4,0,185,177,102912,3,0,0,3,12
2020-05-25,US,North Carolina,Cumberland,588,16,0,35.04762133,-78.82623165,37051.0,572,584,16,0,568,569,332330,4,0,0,4,15
2020-05-25,US,North Carolina,Currituck,11,0,0,36.36123664,-75.95876401,37053.0,11,11,0,0,11,11,27072,0,0,0,0,0
2020-05-25,US,North Carolina,Dare,22,3,0,35.66520691,-75.71767334,37055.0,19,22,3,0,19,22,36501,0,0,0,0,0
2020-05-25,US,North Carolina,Davidson,361,11,0,35.79115496,-80.21256572,37057.0,350,352,11,0,341,345,166614,9,0,0,9,7
2020-05-25,US,North Carolina,Davie,74,2,0,35.93099927,-80.54496571,37059.0,72,69,2,0,67,67,42733,5,0,0,5,2
2020-05-25,US,North Carolina,Duplin,659,13,0,34.93449805,-77.93140529,37061.0,646,628,13,0,615,597,58856,31,0,0,31,31
2020-05-25,US,North Carolina,Durham,1312,44,0,36.03638492,-78.87608331,37063.0,1268,1262,44,0,1218,1230,316739,50,0,0,50,32
2020-05-25,US,North Carolina,Edgecombe,190,9,0,35.91230639,-77.59436892,37065.0,181,190,9,0,181,184,52005,0,0,0,0,6
2020-05-25,US,North Carolina,Forsyth,969,9,0,36.12859861,-80.25459052,37067.0,960,920,9,0,911,889,379099,49,0,0,49,31
2020-05-25,US,North Carolina,Franklin,145,22,0,36.081519,-78.28708884,37069.0,123,141,22,0,119,141,67560,4,0,0,4,0
2020-05-25,US,North Carolina,Gaston,247,6,0,35.29373559,-81.17477045,37071.0,241,247,6,0,241,247,222846,0,0,0,0,0
2020-05-25,US,North Carolina,Gates,23,1,0,36.44667547,-76.69749701,37073.0,22,21,1,0,20,21,11573,2,0,0,2,0
2020-05-25,US,North Carolina,Graham,2,0,0,35.3506925,-83.83369267,37075.0,2,2,0,0,2,2,8484,0,0,0,0,0
2020-05-25,US,North Carolina,Granville,247,7,0,36.30337451,-78.65184241,37077.0,240,240,7,0,233,239,60115,7,0,0,7,1
2020-05-25,US,North Carolina,Greene,65,2,0,35.48544173,-77.67578087,37079.0,63,65,2,0,63,64,21012,0,0,0,0,1
2020-05-25,US,North Carolina,Guilford,1073,52,0,36.07959451,-79.78824948,37081.0,1021,1049,52,0,997,1033,533670,24,0,0,24,16
2020-05-25,US,North Carolina,Halifax,150,1,0,36.25669272,-77.6556109,37083.0,149,148,1,0,147,147,50574,2,0,0,2,1
2020-05-25,US,North Carolina,Harnett,275,21,0,35.36731853,-78.87243571,37085.0,254,272,21,0,251,269,134214,3,0,0,3,3
2020-05-25,US,North Carolina,Haywood,40,0,0,35.55269063,-82.98196486,37087.0,40,39,0,0,39,39,61971,1,0,0,1,0
2020-05-25,US,North Carolina,Henderson,319,42,0,35.33788927,-82.4766782,37089.0,277,316,42,0,274,313,116748,3,0,0,3,3
2020-05-25,US,North Carolina,Hertford,69,1,0,36.3607755,-76.98104134,37091.0,68,66,1,0,65,65,23659,3,0,0,3,1
2020-05-25,US,North Carolina,Hoke,197,1,0,35.01888303,-79.23651674,37093.0,196,192,1,0,191,187,54764,5,0,0,5,5
2020-05-25,US,North Carolina,Hyde,1,0,0,35.42017674,-76.15180542,37095.0,1,1,0,0,1,1,5230,0,0,0,0,0
2020-05-25,US,North Carolina,Iredell,230,6,0,35.80950511,-80.8743128,37097.0,224,228,6,0,222,219,178435,2,0,0,2,9
2020-05-25,US,North Carolina,Jackson,27,1,0,35.28814273,-83.14093385,37099.0,26,27,1,0,26,27,43327,0,0,0,0,0
2020-05-25,US,North Carolina,Johnston,351,20,0,35.51745004,-78.36622717,37101.0,331,331,20,0,311,320,202675,20,0,0,20,11
2020-05-25,US,North Carolina,Jones,28,3,0,35.02254606,-77.35870791,37103.0,25,28,3,0,25,28,9637,0,0,0,0,0
2020-05-25,US,North Carolina,Lee,372,3,0,35.47623147,-79.17569362,37105.0,369,364,3,0,361,362,61452,8,0,0,8,2
2020-05-25,US,North Carolina,Lenoir,193,7,0,35.24032589999999,-77.64245615,37107.0,186,187,7,0,180,182,55976,6,0,0,6,5
2020-05-25,US,North Carolina,Lincoln,60,0,0,35.48508185,-81.21740317,37109.0,60,58,0,0,58,58,83770,2,0,0,2,0
2020-05-25,US,North Carolina,Macon,18,1,0,35.14867843,-83.41696617,37113.0,17,9,1,0,8,8,35285,9,0,0,9,1
2020-05-25,US,North Carolina,Madison,4,0,0,35.85402722,-82.71346418,37115.0,4,4,0,0,4,4,21763,0,0,0,0,0
2020-05-25,US,North Carolina,Martin,54,4,0,35.84326734,-77.10860251,37117.0,50,52,4,0,48,52,22671,2,0,0,2,0
2020-05-25,US,North Carolina,McDowell,51,1,0,35.67736232,-82.0482425,37111.0,50,39,1,0,38,38,45507,12,0,0,12,1
2020-05-25,US,North Carolina,Mecklenburg,3380,73,0,35.24469268,-80.8317671,37119.0,3307,3231,73,0,3158,3142,1093901,149,0,0,149,89
2020-05-25,US,North Carolina,Mitchell,9,0,0,36.01059309,-82.1582442,37121.0,9,9,0,0,9,9,15000,0,0,0,0,0
2020-05-25,US,North Carolina,Montgomery,86,3,0,35.33155144,-79.90416657,37123.0,83,84,3,0,81,84,27271,2,0,0,2,0
2020-05-25,US,North Carolina,Moore,198,10,0,35.30885257,-79.48474178,37125.0,188,198,10,0,188,198,98682,0,0,0,0,0
2020-05-25,US,North Carolina,Nash,182,4,0,35.96575634,-77.98422508,37127.0,178,178,4,0,174,174,94016,4,0,0,4,4
2020-05-25,US,North Carolina,New Hanover,156,4,0,34.25758282,-77.87075626,37129.0,152,153,4,0,149,152,232274,3,0,0,3,1
2020-05-25,US,North Carolina,Northampton,140,12,0,36.41736238,-77.39769443,37131.0,128,138,12,0,126,137,19676,2,0,0,2,1
2020-05-25,US,North Carolina,Onslow,98,2,0,34.72607366,-77.42908179,37133.0,96,97,2,0,95,94,197683,1,0,0,1,3
2020-05-25,US,North Carolina,Orange,309,39,0,36.06092947,-79.12167935,37135.0,270,302,39,0,263,294,146027,7,0,0,7,8
2020-05-25,US,North Carolina,Pamlico,10,0,0,35.15253315,-76.66559823,37137.0,10,10,0,0,10,10,12670,0,0,0,0,0
2020-05-25,US,North Carolina,Pasquotank,96,9,0,36.26723798,-76.25134778,37139.0,87,96,9,0,87,95,39639,0,0,0,0,1
2020-05-25,US,North Carolina,Pender,72,1,0,34.52265624,-77.90352133,37141.0,71,70,1,0,69,65,62162,2,0,0,2,5
2020-05-25,US,North Carolina,Perquimans,23,2,0,36.17847453,-76.40603143,37143.0,21,23,2,0,21,23,13422,0,0,0,0,0
2020-05-25,US,North Carolina,Person,37,1,0,36.38989032,-78.97217358,37145.0,36,37,1,0,36,37,39507,0,0,0,0,0
2020-05-25,US,North Carolina,Pitt,264,2,0,35.59535426,-77.37353178,37147.0,262,257,2,0,255,254,179914,7,0,0,7,3
2020-05-25,US,North Carolina,Polk,35,4,0,35.27820615,-82.16812354,37149.0,31,35,4,0,31,35,20611,0,0,0,0,0
2020-05-25,US,North Carolina,Randolph,601,10,0,35.71015088,-79.80570339,37151.0,591,567,9,0,558,549,143351,34,1,0,33,18
2020-05-25,US,North Carolina,Richmond,146,2,0,35.00417719,-79.74491009,37153.0,144,145,2,0,143,145,44887,1,0,0,1,0
2020-05-25,US,North Carolina,Robeson,670,12,0,34.64244496,-79.10250529999998,37155.0,658,663,12,0,651,646,131831,7,0,0,7,17
2020-05-25,US,North Carolina,Rockingham,72,2,0,36.39593137,-79.77504841,37157.0,70,69,2,0,67,65,90690,3,0,0,3,4
2020-05-25,US,North Carolina,Rowan,609,27,0,35.64003916,-80.52446628,37159.0,582,605,27,0,578,603,141262,4,0,0,4,2
2020-05-25,US,North Carolina,Rutherford,168,7,0,35.40114178,-81.92112099,37161.0,161,164,7,0,157,161,66826,4,0,0,4,3
2020-05-25,US,North Carolina,Sampson,408,1,0,34.98820368,-78.36914061,37163.0,407,385,1,0,384,367,63626,23,0,0,23,18
2020-05-25,US,North Carolina,Scotland,67,0,0,34.8386299,-79.4757978,37165.0,67,64,0,0,64,62,34810,3,0,0,3,2
2020-05-25,US,North Carolina,Stanly,50,4,0,35.31647813,-80.25093221,37167.0,46,45,4,0,41,42,62075,5,0,0,5,3
2020-05-25,US,North Carolina,Stokes,56,0,0,36.4017975,-80.23893369,37169.0,56,55,0,0,55,50,45467,1,0,0,1,5
2020-05-25,US,North Carolina,Surry,167,1,0,36.41689489,-80.69102283,37171.0,166,158,1,0,157,151,71948,9,0,0,9,7
2020-05-25,US,North Carolina,Swain,10,0,0,35.48665845,-83.48748932,37173.0,10,10,0,0,10,10,14245,0,0,0,0,0
2020-05-25,US,North Carolina,Transylvania,11,0,0,35.20383864,-82.79638423,37175.0,11,11,0,0,11,11,34215,0,0,0,0,0
2020-05-25,US,North Carolina,Tyrrell,4,0,0,35.87147226,-76.17055253,37177.0,4,4,0,0,4,4,4131,0,0,0,0,0
2020-05-25,US,North Carolina,Union,400,17,0,34.98960527,-80.52955873,37179.0,383,394,17,0,377,393,235908,6,0,0,6,1
2020-05-25,US,North Carolina,Vance,245,18,0,36.36880673,-78.40670845,37181.0,227,239,18,0,221,239,44582,6,0,0,6,0
2020-05-25,US,North Carolina,Wake,1471,33,0,35.78879266,-78.65249174,37183.0,1438,1448,32,0,1416,1434,1092305,23,1,0,22,14
2020-05-25,US,North Carolina,Warren,54,0,0,36.39728256,-78.10652228,37185.0,54,54,0,0,54,54,19807,0,0,0,0,0
2020-05-25,US,North Carolina,Washington,26,3,0,35.83810081,-76.57299037,37187.0,23,26,3,0,23,26,11859,0,0,0,0,0
2020-05-25,US,North Carolina,Watauga,13,0,0,36.23103603,-81.70033724,37189.0,13,13,0,0,13,13,55945,0,0,0,0,0
2020-05-25,US,North Carolina,Wayne,1031,18,0,35.36438125,-78.00027268,37191.0,1013,1000,18,0,982,980,123248,31,0,0,31,20
2020-05-25,US,North Carolina,Wilkes,478,3,0,36.2084135,-81.16232895,37193.0,475,473,3,0,470,472,68557,5,0,0,5,1
2020-05-25,US,North Carolina,Wilson,319,9,0,35.70625477,-77.917978,37195.0,310,314,9,0,305,309,81455,5,0,0,5,5
2020-05-25,US,North Carolina,Yadkin,145,1,0,36.16222629,-80.66239436,37197.0,144,132,1,0,131,131,37543,13,0,0,13,1
2020-05-25,US,North Carolina,Yancey,10,0,0,35.90079156,-82.31237181,37199.0,10,10,0,0,10,10,17903,0,0,0,0,0
2020-05-25,US,North Dakota,Barnes,4,0,0,46.93579637,-98.06605978,38003.0,4,4,0,0,4,4,10542,0,0,0,0,0
2020-05-25,US,North Dakota,Benson,1,0,0,48.0683985,-99.35916363,38005.0,1,1,0,0,1,1,6962,0,0,0,0,0
2020-05-25,US,North Dakota,Bottineau,2,0,0,48.79106111,-100.8378166,38009.0,2,2,0,0,2,2,6411,0,0,0,0,0
2020-05-25,US,North Dakota,Bowman,1,0,0,46.11285362,-103.5203343,38011.0,1,1,0,0,1,1,3076,0,0,0,0,0
2020-05-25,US,North Dakota,Burke,5,0,0,48.79094471,-102.51821170000001,38013.0,5,5,0,0,5,5,2100,0,0,0,0,0
2020-05-25,US,North Dakota,Burleigh,131,0,0,46.97847375,-100.46452140000001,38015.0,131,131,0,0,131,129,95273,0,0,0,0,2
2020-05-25,US,North Dakota,Cass,1564,37,0,46.93201724,-97.24447190000001,38017.0,1527,1528,36,0,1492,1487,181516,36,1,0,35,41
2020-05-25,US,North Dakota,Divide,1,0,0,48.814938700000006,-103.48736109999999,38023.0,1,1,0,0,1,1,2283,0,0,0,0,0
2020-05-25,US,North Dakota,Dunn,12,0,0,47.35423935,-102.61604679999999,38025.0,12,12,0,0,12,12,4332,0,0,0,0,0
2020-05-25,US,North Dakota,Eddy,7,0,0,47.71701474,-98.90432337,38027.0,7,7,0,0,7,7,2313,0,0,0,0,0
2020-05-25,US,North Dakota,Emmons,6,1,0,46.28398398,-100.2389766,38029.0,5,6,1,0,5,6,3295,0,0,0,0,0
2020-05-25,US,North Dakota,Foster,1,0,0,47.457108399999996,-98.88279923,38031.0,1,1,0,0,1,1,3216,0,0,0,0,0
2020-05-25,US,North Dakota,Grand Forks,325,3,0,47.92093639,-97.45450447,38035.0,322,323,3,0,320,321,70770,2,0,0,2,2
2020-05-25,US,North Dakota,Grant,2,0,0,46.35821257,-101.63900129999999,38037.0,2,2,0,0,2,2,2374,0,0,0,0,0
2020-05-25,US,North Dakota,Griggs,1,0,0,47.45785838,-98.23850925,38039.0,1,1,0,0,1,1,2232,0,0,0,0,0
2020-05-25,US,North Dakota,McHenry,2,1,0,48.23104458,-100.6324822,38049.0,1,2,1,0,1,2,5816,0,0,0,0,0
2020-05-25,US,North Dakota,McIntosh,1,0,0,46.11182017,-99.44145858,38051.0,1,1,0,0,1,1,2585,0,0,0,0,0
2020-05-25,US,North Dakota,McKenzie,16,0,0,47.74133370000001,-103.395905,38053.0,16,16,0,0,16,16,13632,0,0,0,0,0
2020-05-25,US,North Dakota,McLean,7,0,0,47.60766714,-101.3182418,38055.0,7,7,0,0,7,7,9541,0,0,0,0,0
2020-05-25,US,North Dakota,Mercer,5,0,0,47.31213126,-101.8318399,38057.0,5,5,0,0,5,5,8267,0,0,0,0,0
2020-05-25,US,North Dakota,Morton,64,2,0,46.71681782,-101.2822377,38059.0,62,64,2,0,62,64,31095,0,0,0,0,0
2020-05-25,US,North Dakota,Mountrail,39,0,0,48.20197971,-102.3555315,38061.0,39,39,0,0,39,39,10218,0,0,0,0,0
2020-05-25,US,North Dakota,Nelson,2,0,0,47.9226426,-98.19038437,38063.0,2,2,0,0,2,2,2869,0,0,0,0,0
2020-05-25,US,North Dakota,Oliver,1,0,0,47.11530482,-101.3406158,38065.0,1,1,0,0,1,1,1952,0,0,0,0,0
2020-05-25,US,North Dakota,Pembina,6,0,0,48.76623521,-97.5523809,38067.0,6,6,0,0,6,6,6947,0,0,0,0,0
2020-05-25,US,North Dakota,Pierce,4,0,0,48.24977025,-99.96407787,38069.0,4,4,0,0,4,4,4081,0,0,0,0,0
2020-05-25,US,North Dakota,Ramsey,9,1,0,48.26886249,-98.72223879,38071.0,8,9,1,0,8,9,11481,0,0,0,0,0
2020-05-25,US,North Dakota,Ransom,9,0,0,46.45621782,-97.65742504,38073.0,9,8,0,0,8,8,5237,1,0,0,1,0
2020-05-25,US,North Dakota,Renville,1,0,0,48.71982533,-101.6603912,38075.0,1,1,0,0,1,1,2374,0,0,0,0,0
2020-05-25,US,North Dakota,Richland,20,0,0,46.26440649,-96.94852979,38077.0,20,20,0,0,20,15,16239,0,0,0,0,5
2020-05-25,US,North Dakota,Rolette,4,0,0,48.77245354,-99.84097493,38079.0,4,4,0,0,4,4,14301,0,0,0,0,0
2020-05-25,US,North Dakota,Sargent,3,0,0,46.10830372,-97.63217159,38081.0,3,3,0,0,3,3,3870,0,0,0,0,0
2020-05-25,US,North Dakota,Sioux,2,0,0,46.11323337,-101.04401490000001,38085.0,2,2,0,0,2,2,4358,0,0,0,0,0
2020-05-25,US,North Dakota,Slope,3,0,0,46.44737738,-103.4601547,38087.0,3,3,0,0,3,3,763,0,0,0,0,0
2020-05-25,US,North Dakota,Stark,61,2,0,46.80851182,-102.65763259999999,38089.0,59,61,2,0,59,61,30997,0,0,0,0,0
2020-05-25,US,North Dakota,Steele,1,0,0,47.45611548,-97.72728747,38091.0,1,1,0,0,1,1,1903,0,0,0,0,0
2020-05-25,US,North Dakota,Stutsman,18,0,0,46.97962541,-98.95637318,38093.0,18,18,0,0,18,18,20917,0,0,0,0,0
2020-05-25,US,North Dakota,Traill,21,0,0,47.45367788,-97.16323288,38097.0,21,21,0,0,21,20,8037,0,0,0,0,1
2020-05-25,US,North Dakota,Unassigned,0,6,0,0.0,0.0,90038.0,-6,0,6,0,-6,0,,0,0,0,0,0
2020-05-25,US,North Dakota,Walsh,13,0,0,48.36876964,-97.72574783,38099.0,13,13,0,0,13,11,10667,0,0,0,0,2
2020-05-25,US,North Dakota,Ward,54,1,0,48.22390169,-101.54367629999999,38101.0,53,54,1,0,53,54,67744,0,0,0,0,0
2020-05-25,US,North Dakota,Wells,3,0,0,47.58614526,-99.65904998,38103.0,3,3,0,0,3,3,3957,0,0,0,0,0
2020-05-25,US,North Dakota,Williams,25,0,0,48.34522353,-103.4793387,38105.0,25,25,0,0,25,25,35350,0,0,0,0,0
2020-05-25,US,Ohio,Adams,8,1,0,38.84541072,-83.4718964,39001.0,7,8,1,0,7,8,27724,0,0,0,0,0
2020-05-25,US,Ohio,Allen,191,31,0,40.77285242,-84.10802343,39003.0,160,189,31,0,158,184,102663,2,0,0,2,5
2020-05-25,US,Ohio,Ashland,18,0,0,40.84772277,-82.27280781,39005.0,18,17,0,0,17,17,53745,1,0,0,1,0
2020-05-25,US,Ohio,Ashtabula,281,32,0,41.70860332,-80.74830218,39007.0,249,277,32,0,245,274,97493,4,0,0,4,3
2020-05-25,US,Ohio,Athens,14,1,0,39.33425634,-82.04278644,39009.0,13,14,1,0,13,13,65818,0,0,0,0,1
2020-05-25,US,Ohio,Auglaize,64,3,0,40.55998859,-84.22421429999999,39011.0,61,59,3,0,56,58,45804,5,0,0,5,1
2020-05-25,US,Ohio,Belmont,390,12,0,40.01625942,-80.9924051,39013.0,378,384,12,0,372,381,67505,6,0,0,6,3
2020-05-25,US,Ohio,Brown,25,1,0,38.93416837,-83.86788395,39015.0,24,24,1,0,23,24,43602,1,0,0,1,0
2020-05-25,US,Ohio,Butler,802,25,0,39.44012838,-84.57388716,39017.0,777,776,25,0,751,750,382378,26,0,0,26,26
2020-05-25,US,Ohio,Carroll,28,2,0,40.578968599999996,-81.09178213,39019.0,26,28,2,0,26,28,27081,0,0,0,0,0
2020-05-25,US,Ohio,Champaign,26,1,0,40.13923427,-83.76875242,39021.0,25,26,1,0,25,26,38754,0,0,0,0,0
2020-05-25,US,Ohio,Clark,223,6,0,39.91592258,-83.78498252,39023.0,217,206,6,0,200,195,134585,17,0,0,17,11
2020-05-25,US,Ohio,Clermont,188,5,0,39.04847534,-84.15375786,39025.0,183,181,5,0,176,177,205466,7,0,0,7,4
2020-05-25,US,Ohio,Clinton,43,0,0,39.41485808,-83.80852286,39027.0,43,43,0,0,43,43,42057,0,0,0,0,0
2020-05-25,US,Ohio,Columbiana,609,50,0,40.76932373,-80.78094576,39029.0,559,478,50,0,428,477,102665,131,0,0,131,1
2020-05-25,US,Ohio,Coshocton,24,0,0,40.30096166,-81.91729018,39031.0,24,24,0,0,24,24,36629,0,0,0,0,0
2020-05-25,US,Ohio,Crawford,104,3,0,40.85065156,-82.91989099,39033.0,101,104,3,0,101,104,41550,0,0,0,0,0
2020-05-25,US,Ohio,Cuyahoga,3963,217,0,41.424119,-81.65918339,39035.0,3746,3927,209,0,3718,3851,1243857,36,8,0,28,76
2020-05-25,US,Ohio,Darke,153,16,0,40.13412966,-84.6194517,39037.0,137,151,16,0,135,147,51323,2,0,0,2,4
2020-05-25,US,Ohio,Defiance,32,2,0,41.32398837,-84.49076944,39039.0,30,32,2,0,30,32,38165,0,0,0,0,0
2020-05-25,US,Ohio,Delaware,300,13,0,40.27942393,-83.00457058,39041.0,287,296,13,0,283,292,204826,4,0,0,4,4
2020-05-25,US,Ohio,Erie,157,5,0,41.36796058,-82.62904521,39043.0,152,155,5,0,150,137,74615,2,0,0,2,18
2020-05-25,US,Ohio,Fairfield,240,3,0,39.75107189,-82.63088163,39045.0,237,240,3,0,237,233,155782,0,0,0,0,7
2020-05-25,US,Ohio,Fayette,37,0,0,39.56021306,-83.4562016,39047.0,37,34,0,0,34,34,28666,3,0,0,3,0
2020-05-25,US,Ohio,Franklin,5310,237,0,39.96995815,-83.01115755,39049.0,5073,5188,228,0,4960,5097,1310300,122,9,0,113,91
2020-05-25,US,Ohio,Fulton,36,0,0,41.60213491,-84.12571393,39051.0,36,36,0,0,36,35,42276,0,0,0,0,1
2020-05-25,US,Ohio,Gallia,7,1,0,38.82708533,-82.31647569,39053.0,6,7,1,0,6,7,29979,0,0,0,0,0
2020-05-25,US,Ohio,Geauga,257,29,0,41.49952319,-81.17935342,39055.0,228,256,29,0,227,250,94031,1,0,0,1,6
2020-05-25,US,Ohio,Greene,93,5,0,39.69116283,-83.89032084,39057.0,88,93,5,0,88,92,167995,0,0,0,0,1
2020-05-25,US,Ohio,Guernsey,31,0,0,40.05026529,-81.49248905,39059.0,31,31,0,0,31,30,39022,0,0,0,0,1
2020-05-25,US,Ohio,Hamilton,2458,128,0,39.19673558,-84.54502924,39061.0,2330,2403,128,0,2275,2349,816684,55,0,0,55,54
2020-05-25,US,Ohio,Hancock,48,1,0,41.00250487,-83.66838948,39063.0,47,48,1,0,47,48,75930,0,0,0,0,0
2020-05-25,US,Ohio,Hardin,41,0,0,40.66015414,-83.65929931,39065.0,41,40,0,0,40,38,31480,1,0,0,1,2
2020-05-25,US,Ohio,Harrison,10,0,0,40.29380509,-81.09068544,39067.0,10,10,0,0,10,10,15174,0,0,0,0,0
2020-05-25,US,Ohio,Henry,15,0,0,41.333964200000004,-84.06830637,39069.0,15,14,0,0,14,14,27086,1,0,0,1,0
2020-05-25,US,Ohio,Highland,18,1,0,39.1839264,-83.60331456,39071.0,17,18,1,0,17,18,43058,0,0,0,0,0
2020-05-25,US,Ohio,Hocking,65,4,0,39.49537927,-82.47991446,39073.0,61,65,4,0,61,64,28385,0,0,0,0,1
2020-05-25,US,Ohio,Holmes,27,1,0,40.56163713,-81.92635677,39075.0,26,25,1,0,24,22,43892,2,0,0,2,3
2020-05-25,US,Ohio,Huron,55,1,0,41.14651175,-82.59867951,39077.0,54,52,1,0,51,49,58504,3,0,0,3,3
2020-05-25,US,Ohio,Jackson,11,0,0,39.01914254,-82.61818559999998,39079.0,11,11,0,0,11,11,32384,0,0,0,0,0
2020-05-25,US,Ohio,Jefferson,62,2,0,40.38614126,-80.76259514,39081.0,60,62,2,0,60,62,65767,0,0,0,0,0
2020-05-25,US,Ohio,Knox,23,1,0,40.39830217,-82.42027563,39083.0,22,23,1,0,22,23,61893,0,0,0,0,0
2020-05-25,US,Ohio,Lake,268,11,0,41.69710807,-81.23676539,39085.0,257,267,11,0,256,263,230514,1,0,0,1,4
2020-05-25,US,Ohio,Lawrence,28,0,0,38.59743452,-82.53466552,39087.0,28,28,0,0,28,28,59866,0,0,0,0,0
2020-05-25,US,Ohio,Licking,207,10,0,40.09136236,-82.48185785,39089.0,197,204,10,0,194,201,175769,3,0,0,3,3
2020-05-25,US,Ohio,Logan,37,0,0,40.38996525,-83.76784341,39091.0,37,37,0,0,37,38,45358,0,0,0,0,-1
2020-05-25,US,Ohio,Lorain,648,58,0,41.29553751,-82.15083537,39093.0,590,641,58,0,583,637,309461,7,0,0,7,4
2020-05-25,US,Ohio,Lucas,2126,229,0,41.62101218,-83.65468618,39095.0,1897,2107,229,0,1878,2087,429899,19,0,0,19,20
2020-05-25,US,Ohio,Madison,134,7,0,39.89381073,-83.40178317,39097.0,127,133,7,0,126,132,44413,1,0,0,1,1
2020-05-25,US,Ohio,Mahoning,1341,169,0,41.01631101,-80.77287029,39099.0,1172,1334,169,0,1165,1317,229642,7,0,0,7,17
2020-05-25,US,Ohio,Marion,2619,21,0,40.58610662,-83.15736305,39101.0,2598,2617,21,0,2596,2608,65256,2,0,0,2,9
2020-05-25,US,Ohio,Medina,302,19,0,41.11770589,-81.89986209999998,39103.0,283,288,19,0,269,274,179146,14,0,0,14,14
2020-05-25,US,Ohio,Meigs,6,0,0,39.09224872,-82.0305041,39105.0,6,6,0,0,6,6,23106,0,0,0,0,0
2020-05-25,US,Ohio,Mercer,190,3,0,40.54043046,-84.62912742,39107.0,187,184,3,0,181,178,40959,6,0,0,6,6
2020-05-25,US,Ohio,Miami,348,30,0,40.0543329,-84.22871271,39109.0,318,348,30,0,318,346,106222,0,0,0,0,2
2020-05-25,US,Ohio,Monroe,71,11,0,39.72984936,-81.08464734,39111.0,60,71,11,0,60,71,13790,0,0,0,0,0
2020-05-25,US,Ohio,Montgomery,605,15,0,39.75394919,-84.29050975,39113.0,590,593,15,0,578,578,532331,12,0,0,12,15
2020-05-25,US,Ohio,Morgan,5,0,0,39.62081738,-81.85308173,39115.0,5,5,0,0,5,5,14604,0,0,0,0,0
2020-05-25,US,Ohio,Morrow,104,1,0,40.52363560000001,-82.7892599,39117.0,103,104,1,0,103,104,35112,0,0,0,0,0
2020-05-25,US,Ohio,Muskingum,45,0,0,39.96575964,-81.94363275,39119.0,45,45,0,0,45,44,86183,0,0,0,0,1
2020-05-25,US,Ohio,Noble,5,0,0,39.76818851,-81.45937183,39121.0,5,5,0,0,5,5,14354,0,0,0,0,0
2020-05-25,US,Ohio,Ottawa,91,7,0,41.53781826,-83.0940185,39123.0,84,90,7,0,83,87,40769,1,0,0,1,3
2020-05-25,US,Ohio,Paulding,13,0,0,41.11676341,-84.5801017,39125.0,13,13,0,0,13,13,18760,0,0,0,0,0
2020-05-25,US,Ohio,Perry,18,1,0,39.73508655,-82.23804971,39127.0,17,18,1,0,17,17,36033,0,0,0,0,1
2020-05-25,US,Ohio,Pickaway,2043,35,0,39.64170392,-83.0243386,39129.0,2008,2042,35,0,2007,2038,58086,1,0,0,1,4
2020-05-25,US,Ohio,Pike,6,0,0,39.07634001,-83.06769584,39131.0,6,6,0,0,6,6,28067,0,0,0,0,0
2020-05-25,US,Ohio,Portage,314,58,0,41.16793482,-81.19735782,39133.0,256,310,58,0,252,309,162927,4,0,0,4,1
2020-05-25,US,Ohio,Preble,30,1,0,39.7420247,-84.64787018,39135.0,29,31,1,0,30,30,40997,-1,0,0,-1,1
2020-05-25,US,Ohio,Putnam,87,14,0,41.02094889,-84.1336111,39137.0,73,85,14,0,71,85,33780,2,0,0,2,0
2020-05-25,US,Ohio,Richland,186,3,0,40.77180308,-82.53799609999999,39139.0,183,183,3,0,180,179,121099,3,0,0,3,4
2020-05-25,US,Ohio,Ross,66,2,0,39.33705391,-83.06000914,39141.0,64,63,2,0,61,62,76931,3,0,0,3,1
2020-05-25,US,Ohio,Sandusky,68,10,0,41.35624126,-83.137872,39143.0,58,65,10,0,55,65,58799,3,0,0,3,0
2020-05-25,US,Ohio,Scioto,15,0,0,38.80270163,-82.98907345,39145.0,15,15,0,0,15,14,75502,0,0,0,0,1
2020-05-25,US,Ohio,Seneca,19,2,0,41.12351311,-83.12783209,39147.0,17,18,2,0,16,17,55207,1,0,0,1,1
2020-05-25,US,Ohio,Shelby,41,2,0,40.33163494,-84.20258189,39149.0,39,40,2,0,38,37,48627,1,0,0,1,3
2020-05-25,US,Ohio,Stark,685,89,0,40.81482476,-81.36437305,39151.0,596,682,89,0,593,670,371574,3,0,0,3,12
2020-05-25,US,Ohio,Summit,1236,159,0,41.12464734,-81.53123079,39153.0,1077,1220,159,0,1061,1204,541918,16,0,0,16,16
2020-05-25,US,Ohio,Trumbull,529,42,0,41.31735028,-80.76109643,39155.0,487,525,42,0,483,514,198627,4,0,0,4,11
2020-05-25,US,Ohio,Tuscarawas,318,2,0,40.44214695,-81.47226262,39157.0,316,312,2,0,310,306,92176,6,0,0,6,6
2020-05-25,US,Ohio,Union,45,0,0,40.30016061,-83.37239023,39159.0,45,43,0,0,43,42,57835,2,0,0,2,1
2020-05-25,US,Ohio,Van Wert,5,0,0,40.8554138,-84.59111700000003,39161.0,5,5,0,0,5,5,28281,0,0,0,0,0
2020-05-25,US,Ohio,Vinton,19,1,0,39.25208988,-82.4831444,39163.0,18,19,0,0,19,19,13139,0,1,0,-1,0
2020-05-25,US,Ohio,Warren,336,19,0,39.42581994,-84.16557457,39165.0,317,328,19,0,309,319,232173,8,0,0,8,9
2020-05-25,US,Ohio,Washington,117,18,0,39.45690571,-81.49121382,39167.0,99,117,18,0,99,116,60155,0,0,0,0,1
2020-05-25,US,Ohio,Wayne,250,50,0,40.82925852,-81.88844833,39169.0,200,248,50,0,198,248,115967,2,0,0,2,0
2020-05-25,US,Ohio,Williams,52,1,0,41.56052014,-84.58429552,39171.0,51,51,1,0,50,51,36804,1,0,0,1,0
2020-05-25,US,Ohio,Wood,276,45,0,41.36224827,-83.62285108,39173.0,231,274,45,0,229,269,130696,2,0,0,2,5
2020-05-25,US,Ohio,Wyandot,36,2,0,40.84339621,-83.30734173,39175.0,34,36,2,0,34,36,21935,0,0,0,0,0
2020-05-25,US,Oklahoma,Adair,82,3,0,35.88494195,-94.65859267,40001.0,79,82,3,0,79,82,22082,0,0,0,0,0
2020-05-25,US,Oklahoma,Alfalfa,1,0,0,36.73090616,-98.32408495,40003.0,1,1,0,0,1,1,5754,0,0,0,0,0
2020-05-25,US,Oklahoma,Atoka,1,0,0,34.37366573,-96.03802487,40005.0,1,1,0,0,1,1,13838,0,0,0,0,0
2020-05-25,US,Oklahoma,Beaver,24,0,0,36.7496847,-100.4758872,40007.0,24,24,0,0,24,24,5319,0,0,0,0,0
2020-05-25,US,Oklahoma,Beckham,6,0,0,35.26862449,-99.68128023,40009.0,6,6,0,0,6,6,21709,0,0,0,0,0
2020-05-25,US,Oklahoma,Blaine,5,0,0,35.87518314,-98.43307003,40011.0,5,4,0,0,4,4,9485,1,0,0,1,0
2020-05-25,US,Oklahoma,Bryan,22,1,0,33.96472458,-96.25903472,40013.0,21,22,1,0,21,21,47192,0,0,0,0,1
2020-05-25,US,Oklahoma,Caddo,146,10,0,35.17364557,-98.37534464,40015.0,136,136,10,0,126,136,28977,10,0,0,10,0
2020-05-25,US,Oklahoma,Canadian,128,3,0,35.5426055,-97.98465569,40017.0,125,126,3,0,123,124,144447,2,0,0,2,2
2020-05-25,US,Oklahoma,Carter,23,1,0,34.25103751,-97.28552485,40019.0,22,22,1,0,21,22,48177,1,0,0,1,0
2020-05-25,US,Oklahoma,Cherokee,28,1,0,35.90692775,-94.99980896,40021.0,27,28,1,0,27,28,48675,0,0,0,0,0
2020-05-25,US,Oklahoma,Choctaw,21,0,0,34.02807439,-95.54771129,40023.0,21,18,0,0,18,14,14668,3,0,0,3,4
2020-05-25,US,Oklahoma,Cimarron,1,0,0,36.74817177,-102.5173885,40025.0,1,1,0,0,1,1,2153,0,0,0,0,0
2020-05-25,US,Oklahoma,Cleveland,490,37,0,35.20413532,-97.32519562,40027.0,453,489,37,0,452,487,281669,1,0,0,1,2
2020-05-25,US,Oklahoma,Coal,1,0,0,34.58840127,-96.29798747,40029.0,1,1,0,0,1,1,5520,0,0,0,0,0
2020-05-25,US,Oklahoma,Comanche,268,3,0,34.65973764,-98.47195055,40031.0,265,270,3,0,267,270,120422,-2,0,0,-2,0
2020-05-25,US,Oklahoma,Cotton,5,2,0,34.28845626,-98.37053567,40033.0,3,5,2,0,3,5,5776,0,0,0,0,0
2020-05-25,US,Oklahoma,Craig,15,0,0,36.76268118,-95.20916602,40035.0,15,15,0,0,15,15,14306,0,0,0,0,0
2020-05-25,US,Oklahoma,Creek,91,7,0,35.90230551,-96.37086028,40037.0,84,90,7,0,83,89,71604,1,0,0,1,1
2020-05-25,US,Oklahoma,Custer,12,0,0,35.63853802,-99.00170785,40039.0,12,12,0,0,12,12,29036,0,0,0,0,0
2020-05-25,US,Oklahoma,Delaware,99,16,0,36.40823634,-94.80325046,40041.0,83,99,16,0,83,99,42733,0,0,0,0,0
2020-05-25,US,Oklahoma,Dewey,3,0,0,35.98772922,-99.00730714,40043.0,3,3,0,0,3,3,4894,0,0,0,0,0
2020-05-25,US,Oklahoma,Garfield,26,1,0,36.3791334,-97.78265517,40047.0,25,26,1,0,25,25,60913,0,0,0,0,1
2020-05-25,US,Oklahoma,Garvin,15,1,0,34.70418038,-97.30811132,40049.0,14,15,1,0,14,15,27811,0,0,0,0,0
2020-05-25,US,Oklahoma,Grady,79,3,0,35.0167709,-97.88339847,40051.0,76,76,2,0,74,73,55551,3,1,0,2,3
2020-05-25,US,Oklahoma,Grant,2,0,0,36.796296999999996,-97.78638765,40053.0,2,2,0,0,2,2,4326,0,0,0,0,0
2020-05-25,US,Oklahoma,Greer,66,7,0,34.93535801,-99.56056120000001,40055.0,59,66,7,0,59,66,5821,0,0,0,0,0
2020-05-25,US,Oklahoma,Harper,1,0,0,36.78836519,-99.6679804,40059.0,1,1,0,0,1,1,3797,0,0,0,0,0
2020-05-25,US,Oklahoma,Haskell,6,0,0,35.22257600000001,-95.11513306,40061.0,6,6,0,0,6,6,12668,0,0,0,0,0
2020-05-25,US,Oklahoma,Jackson,23,2,0,34.58781741,-99.41138784,40065.0,21,21,1,0,20,21,24949,2,1,0,1,0
2020-05-25,US,Oklahoma,Jefferson,3,0,0,34.11130184,-97.83182974,40067.0,3,3,0,0,3,3,6123,0,0,0,0,0
2020-05-25,US,Oklahoma,Johnston,3,0,0,34.31440473,-96.66011537,40069.0,3,3,0,0,3,3,10949,0,0,0,0,0
2020-05-25,US,Oklahoma,Kay,52,7,0,36.81799745,-97.14421435,40071.0,45,52,7,0,45,52,44161,0,0,0,0,0
2020-05-25,US,Oklahoma,Kingfisher,11,0,0,35.94530008,-97.94193268,40073.0,11,11,0,0,11,13,15816,0,0,0,0,-2
2020-05-25,US,Oklahoma,Kiowa,6,0,0,34.91671958,-98.97720696,40075.0,6,6,0,0,6,6,8729,0,0,0,0,0
2020-05-25,US,Oklahoma,Latimer,5,1,0,34.87844729,-95.25215049,40077.0,4,5,1,0,4,5,10231,0,0,0,0,0
2020-05-25,US,Oklahoma,Le Flore,14,1,0,34.89851864,-94.70392124,40079.0,13,13,1,0,12,13,49980,1,0,0,1,0
2020-05-25,US,Oklahoma,Lincoln,21,2,0,35.70270942,-96.8812462,40081.0,19,21,2,0,19,21,34920,0,0,0,0,0
2020-05-25,US,Oklahoma,Logan,19,1,0,35.91899576,-97.44352845,40083.0,18,19,1,0,18,18,47291,0,0,0,0,1
2020-05-25,US,Oklahoma,Love,15,0,0,33.95273467,-97.23906784,40085.0,15,14,0,0,14,14,10134,1,0,0,1,0
2020-05-25,US,Oklahoma,Major,6,1,0,36.31149996,-98.53467076,40093.0,5,6,1,0,5,6,7644,0,0,0,0,0
2020-05-25,US,Oklahoma,Marshall,8,0,0,34.02311222,-96.76855464,40095.0,8,7,0,0,7,7,16806,1,0,0,1,0
2020-05-25,US,Oklahoma,Mayes,30,4,0,36.30179091,-95.23175116,40097.0,26,29,4,0,25,29,41107,1,0,0,1,0
2020-05-25,US,Oklahoma,McClain,98,2,0,35.01123903,-97.44572302,40087.0,96,98,2,0,96,97,39985,0,0,0,0,1
2020-05-25,US,Oklahoma,McCurtain,29,0,0,34.11664328,-94.77222373,40089.0,29,25,0,0,25,23,32703,4,0,0,4,2
2020-05-25,US,Oklahoma,McIntosh,11,1,0,35.37235506,-95.66599306,40091.0,10,11,1,0,10,11,19815,0,0,0,0,0
2020-05-25,US,Oklahoma,Murray,2,0,0,34.48116015,-97.06826283,40099.0,2,2,0,0,2,2,13953,0,0,0,0,0
2020-05-25,US,Oklahoma,Muskogee,35,6,0,35.61318461,-95.37802952,40101.0,29,35,6,0,29,35,68362,0,0,0,0,0
2020-05-25,US,Oklahoma,Noble,7,0,0,36.38953329,-97.22928674,40103.0,7,7,0,0,7,7,11289,0,0,0,0,0
2020-05-25,US,Oklahoma,Nowata,23,0,0,36.79843529,-95.61902331,40105.0,23,23,0,0,23,23,10218,0,0,0,0,0
2020-05-25,US,Oklahoma,Okfuskee,3,0,0,35.46485198,-96.32639984,40107.0,3,3,0,0,3,3,12098,0,0,0,0,0
2020-05-25,US,Oklahoma,Oklahoma,1208,56,0,35.55140095,-97.40716948,40109.0,1152,1203,56,0,1147,1189,792582,5,0,0,5,14
2020-05-25,US,Oklahoma,Okmulgee,23,0,0,35.64661916,-95.96432828,40111.0,23,23,0,0,23,22,38335,0,0,0,0,1
2020-05-25,US,Oklahoma,Osage,94,8,0,36.62888819,-96.39635704,40113.0,86,94,8,0,86,94,47014,0,0,0,0,0
2020-05-25,US,Oklahoma,Ottawa,35,2,0,36.83532655,-94.81011909,40115.0,33,35,2,0,33,35,31175,0,0,0,0,0
2020-05-25,US,Oklahoma,Pawnee,29,2,0,36.31743373,-96.70331759999999,40117.0,27,29,2,0,27,29,16390,0,0,0,0,0
2020-05-25,US,Oklahoma,Payne,45,1,0,36.07695283,-96.97584944,40119.0,44,45,1,0,44,45,82040,0,0,0,0,0
2020-05-25,US,Oklahoma,Pittsburg,40,3,0,34.92065823,-95.75134320000001,40121.0,37,40,3,0,37,40,43877,0,0,0,0,0
2020-05-25,US,Oklahoma,Pontotoc,12,2,0,34.72959848,-96.68337199,40123.0,10,12,2,0,10,11,38247,0,0,0,0,1
2020-05-25,US,Oklahoma,Pottawatomie,57,4,0,35.20614018,-96.94923008,40125.0,53,57,4,0,53,56,72679,0,0,0,0,1
2020-05-25,US,Oklahoma,Pushmataha,2,0,0,34.41635232,-95.37603505,40127.0,2,2,0,0,2,2,11179,0,0,0,0,0
2020-05-25,US,Oklahoma,Rogers,78,5,0,36.37004357,-95.60406759,40131.0,73,78,5,0,73,78,91984,0,0,0,0,0
2020-05-25,US,Oklahoma,Seminole,23,2,0,35.16478725,-96.61686741,40133.0,21,22,2,0,20,21,24578,1,0,0,1,1
2020-05-25,US,Oklahoma,Sequoyah,14,3,0,35.49447108,-94.75463785,40135.0,11,14,3,0,11,14,41179,0,0,0,0,0
2020-05-25,US,Oklahoma,Stephens,37,1,0,34.48556989,-97.85141892,40137.0,36,37,1,0,36,37,43265,0,0,0,0,0
2020-05-25,US,Oklahoma,Texas,886,5,0,36.74777635,-101.4889765,40139.0,881,881,5,0,876,855,20455,5,0,0,5,26
2020-05-25,US,Oklahoma,Tillman,23,1,0,34.37288446,-98.92426619,40141.0,22,22,1,0,21,22,7348,1,0,0,1,0
2020-05-25,US,Oklahoma,Tulsa,926,44,0,36.11939621,-95.94013939,40143.0,882,915,44,0,871,903,648360,11,0,0,11,12
2020-05-25,US,Oklahoma,Wagoner,148,17,0,35.96024096,-95.51911308,40145.0,131,148,17,0,131,145,80110,0,0,0,0,3
2020-05-25,US,Oklahoma,Washington,310,33,0,36.71380786,-95.90514104,40147.0,277,310,33,0,277,310,51843,0,0,0,0,0
2020-05-25,US,Oklahoma,Washita,2,0,0,35.29071824,-98.99180434,40149.0,2,2,0,0,2,1,11127,0,0,0,0,1
2020-05-25,US,Oklahoma,Woods,3,0,0,36.76705782,-98.86573064,40151.0,3,3,0,0,3,3,8897,0,0,0,0,0
2020-05-25,US,Oklahoma,Woodward,4,0,0,36.42316318,-99.26283045,40153.0,4,4,0,0,4,3,20222,0,0,0,0,1
2020-05-25,US,Oregon,Baker,1,0,0,44.70915557,-117.6749883,41001.0,1,1,0,0,1,1,16006,0,0,0,0,0
2020-05-25,US,Oregon,Benton,55,5,0,44.49167306,-123.4316987,41003.0,50,55,5,0,50,55,92101,0,0,0,0,0
2020-05-25,US,Oregon,Clackamas,294,10,0,45.18787398,-122.2179634,41005.0,284,290,10,0,280,290,416075,4,0,0,4,0
2020-05-25,US,Oregon,Clatsop,45,0,0,45.99712889,-123.660711,41007.0,45,45,0,0,45,45,39764,0,0,0,0,0
2020-05-25,US,Oregon,Columbia,16,0,0,45.94464254,-123.08908980000001,41009.0,16,16,0,0,16,16,52377,0,0,0,0,0
2020-05-25,US,Oregon,Coos,31,0,0,43.17406868,-124.0594514,41011.0,31,31,0,0,31,31,64389,0,0,0,0,0
2020-05-25,US,Oregon,Crook,5,0,0,44.14230227,-120.356297,41013.0,5,5,0,0,5,4,23867,0,0,0,0,1
2020-05-25,US,Oregon,Curry,6,0,0,42.45911325,-124.15728200000001,41015.0,6,6,0,0,6,6,22813,0,0,0,0,0
2020-05-25,US,Oregon,Deschutes,120,0,0,43.91570171,-121.2289121,41017.0,120,119,0,0,119,117,191996,1,0,0,1,2
2020-05-25,US,Oregon,Douglas,25,0,0,43.27941273,-123.16729099999999,41019.0,25,25,0,0,25,25,110283,0,0,0,0,0
2020-05-25,US,Oregon,Grant,1,0,0,44.49024544,-119.0068631,41023.0,1,1,0,0,1,1,7176,0,0,0,0,0
2020-05-25,US,Oregon,Harney,1,0,0,43.06422669,-118.96663059999999,41025.0,1,1,0,0,1,1,7329,0,0,0,0,0
2020-05-25,US,Oregon,Hood River,12,0,0,45.51872811,-121.65520359999998,41027.0,12,12,0,0,12,12,23428,0,0,0,0,0
2020-05-25,US,Oregon,Jackson,60,0,0,42.43201126,-122.72893090000001,41029.0,60,57,0,0,57,56,219564,3,0,0,3,1
2020-05-25,US,Oregon,Jefferson,24,0,0,44.62806839,-121.17832,41031.0,24,25,0,0,25,25,24192,-1,0,0,-1,0
2020-05-25,US,Oregon,Josephine,26,1,0,42.3665549,-123.5561938,41033.0,25,25,1,0,24,25,87393,1,0,0,1,0
2020-05-25,US,Oregon,Klamath,41,0,0,42.68762984,-121.64964609999998,41035.0,41,41,0,0,41,41,67653,0,0,0,0,0
2020-05-25,US,Oregon,Lane,67,2,0,43.93727035,-122.847753,41039.0,65,67,2,0,65,67,379611,0,0,0,0,0
2020-05-25,US,Oregon,Lincoln,9,0,0,44.64252874,-123.86991200000001,41041.0,9,9,0,0,9,8,49388,0,0,0,0,1
2020-05-25,US,Oregon,Linn,115,9,0,44.48899494,-122.53731540000001,41043.0,106,116,9,0,107,112,127335,-1,0,0,-1,4
2020-05-25,US,Oregon,Malheur,28,0,0,43.1937027,-117.62273950000001,41045.0,28,28,0,0,28,28,30725,0,0,0,0,0
2020-05-25,US,Oregon,Marion,909,25,0,44.90287942,-122.58151170000001,41047.0,884,905,25,0,880,898,346868,4,0,0,4,7
2020-05-25,US,Oregon,Morrow,12,0,0,45.41846568,-119.584546,41049.0,12,12,0,0,12,12,11372,0,0,0,0,0
2020-05-25,US,Oregon,Multnomah,1045,58,0,45.54747959,-122.4169351,41051.0,987,1040,58,0,982,1037,811880,5,0,0,5,3
2020-05-25,US,Oregon,Polk,96,10,0,44.90322804,-123.4128888,41053.0,86,96,10,0,86,95,85234,0,0,0,0,1
2020-05-25,US,Oregon,Sherman,1,0,0,45.41501554,-120.6827834,41055.0,1,1,0,0,1,1,1708,0,0,0,0,0
2020-05-25,US,Oregon,Tillamook,6,0,0,45.46248721,-123.712066,41057.0,6,6,0,0,6,6,26787,0,0,0,0,0
2020-05-25,US,Oregon,Umatilla,112,3,0,45.59073056,-118.7353826,41059.0,109,111,3,0,108,110,77516,1,0,0,1,1
2020-05-25,US,Oregon,Union,6,0,0,45.30915495,-118.0068979,41061.0,6,6,0,0,6,6,26461,0,0,0,0,0
2020-05-25,US,Oregon,Wallowa,2,0,0,45.57894064,-117.18353799999998,41063.0,2,2,0,0,2,2,7081,0,0,0,0,0
2020-05-25,US,Oregon,Wasco,18,1,0,45.16292781,-121.16709540000001,41065.0,17,18,1,0,17,18,26505,0,0,0,0,0
2020-05-25,US,Oregon,Washington,695,17,0,45.55972701,-123.0955257,41067.0,678,690,17,0,673,673,597695,5,0,0,5,17
2020-05-25,US,Oregon,Yamhill,65,7,0,45.23330449,-123.3086963,41071.0,58,65,7,0,58,64,107002,0,0,0,0,1
2020-05-25,US,Pennsylvania,Adams,227,7,0,39.87140411,-77.21610347,42001.0,220,226,7,0,219,222,102811,1,0,0,1,4
2020-05-25,US,Pennsylvania,Allegheny,1805,160,0,40.46809875,-79.98167747,42003.0,1645,1777,159,0,1618,1753,1218452,28,1,0,27,24
2020-05-25,US,Pennsylvania,Armstrong,58,3,0,40.81665618,-79.46290811,42005.0,55,58,3,0,55,58,65263,0,0,0,0,0
2020-05-25,US,Pennsylvania,Beaver,568,72,0,40.6825484,-80.34921611,42007.0,496,554,72,0,482,552,164742,14,0,0,14,2
2020-05-25,US,Pennsylvania,Bedford,37,2,0,40.00522157,-78.48998442,42009.0,35,37,2,0,35,37,48176,0,0,0,0,0
2020-05-25,US,Pennsylvania,Berks,3903,296,0,40.41570541,-75.92457766,42011.0,3607,3885,296,0,3589,3845,420152,18,0,0,18,40
2020-05-25,US,Pennsylvania,Blair,48,1,0,40.47961444,-78.34917412,42013.0,47,46,1,0,45,46,122492,2,0,0,2,0
2020-05-25,US,Pennsylvania,Bradford,44,3,0,41.78869215,-76.51570822,42015.0,41,44,3,0,41,44,60833,0,0,0,0,0
2020-05-25,US,Pennsylvania,Bucks,4894,461,0,40.33682119,-75.10836643,42017.0,4433,4867,461,0,4406,4839,628195,27,0,0,27,28
2020-05-25,US,Pennsylvania,Butler,220,12,0,40.91152759,-79.91351055,42019.0,208,219,12,0,207,216,187888,1,0,0,1,3
2020-05-25,US,Pennsylvania,Cambria,57,2,0,40.49527404,-78.71377428,42021.0,55,57,2,0,55,56,131730,0,0,0,0,1
2020-05-25,US,Pennsylvania,Cameron,2,0,0,41.43625568,-78.20376845,42023.0,2,2,0,0,2,2,4492,0,0,0,0,0
2020-05-25,US,Pennsylvania,Carbon,231,22,0,40.91545395,-75.7068525,42025.0,209,229,22,0,207,227,64227,2,0,0,2,2
2020-05-25,US,Pennsylvania,Centre,147,6,0,40.92058903,-77.82200624,42027.0,141,146,6,0,140,143,162805,1,0,0,1,3
2020-05-25,US,Pennsylvania,Chester,2428,251,0,39.97291773,-75.74768357,42029.0,2177,2390,248,0,2142,2364,522046,38,3,0,35,26
2020-05-25,US,Pennsylvania,Clarion,29,2,0,41.19265812,-79.42413524,42031.0,27,29,2,0,27,28,38779,0,0,0,0,1
2020-05-25,US,Pennsylvania,Clearfield,34,0,0,41.00110782,-78.47592663,42033.0,34,34,0,0,34,34,79388,0,0,0,0,0
2020-05-25,US,Pennsylvania,Clinton,51,1,0,41.23255967,-77.63785995,42035.0,50,50,1,0,49,49,38684,1,0,0,1,1
2020-05-25,US,Pennsylvania,Columbia,343,31,0,41.04821986,-76.40565017,42037.0,312,344,30,0,314,342,65456,-1,1,0,-2,2
2020-05-25,US,Pennsylvania,Crawford,22,0,0,41.68447709,-80.10760592,42039.0,22,22,0,0,22,21,85063,0,0,0,0,1
2020-05-25,US,Pennsylvania,Cumberland,598,46,0,40.1625372,-77.26130755,42041.0,552,592,46,0,546,584,251423,6,0,0,6,8
2020-05-25,US,Pennsylvania,Dauphin,1123,63,0,40.41377078,-76.77993242,42043.0,1060,1099,63,0,1036,1061,277097,24,0,0,24,38
2020-05-25,US,Pennsylvania,Delaware,6210,514,0,39.91680171,-75.40243663,42045.0,5696,6179,514,0,5665,6114,564751,31,0,0,31,65
2020-05-25,US,Pennsylvania,Elk,6,0,0,41.42822061,-78.64524744,42047.0,6,6,0,0,6,6,30169,0,0,0,0,0
2020-05-25,US,Pennsylvania,Erie,217,4,0,41.99253829,-80.03301954,42049.0,213,209,4,0,205,210,272061,8,0,0,8,-1
2020-05-25,US,Pennsylvania,Fayette,94,4,0,39.92041012,-79.64291195,42051.0,90,94,4,0,90,94,130441,0,0,0,0,0
2020-05-25,US,Pennsylvania,Forest,7,0,0,41.51095103,-79.23229292,42053.0,7,7,0,0,7,7,7279,0,0,0,0,0
2020-05-25,US,Pennsylvania,Franklin,740,29,0,39.92956518,-77.72157791,42055.0,711,734,29,0,705,711,154835,6,0,0,6,23
2020-05-25,US,Pennsylvania,Fulton,14,1,0,39.92913544,-78.11163677,42057.0,13,14,1,0,13,14,14523,0,0,0,0,0
2020-05-25,US,Pennsylvania,Greene,27,0,0,39.85746531,-80.22357106,42059.0,27,27,0,0,27,27,36506,0,0,0,0,0
2020-05-25,US,Pennsylvania,Huntingdon,228,1,0,40.42162652,-77.97673273,42061.0,227,228,1,0,227,227,45168,0,0,0,0,1
2020-05-25,US,Pennsylvania,Indiana,89,5,0,40.65241041,-79.08963285,42063.0,84,89,5,0,84,89,84501,0,0,0,0,0
2020-05-25,US,Pennsylvania,Jefferson,7,0,0,41.12913106,-78.9986361,42065.0,7,7,0,0,7,7,43641,0,0,0,0,0
2020-05-25,US,Pennsylvania,Juniata,95,4,0,40.53358749,-77.39975129999998,42067.0,91,95,4,0,91,94,24704,0,0,0,0,1
2020-05-25,US,Pennsylvania,Lackawanna,1494,153,0,41.43564672,-75.60379201,42069.0,1341,1491,153,0,1338,1476,210793,3,0,0,3,15
2020-05-25,US,Pennsylvania,Lancaster,2896,280,0,40.03904563,-76.24770128,42071.0,2616,2854,279,0,2575,2790,543557,42,1,0,41,64
2020-05-25,US,Pennsylvania,Lawrence,74,8,0,40.99206278,-80.33393706,42073.0,66,74,8,0,66,74,86184,0,0,0,0,0
2020-05-25,US,Pennsylvania,Lebanon,912,27,0,40.36680311,-76.45651841,42075.0,885,909,27,0,882,900,141314,3,0,0,3,9
2020-05-25,US,Pennsylvania,Lehigh,3667,209,0,40.6154815,-75.59435245,42077.0,3458,3651,206,0,3445,3628,368100,16,3,0,13,23
2020-05-25,US,Pennsylvania,Luzerne,2651,135,0,41.17823008,-75.98447579,42079.0,2516,2645,135,0,2510,2631,317646,6,0,0,6,14
2020-05-25,US,Pennsylvania,Lycoming,160,14,0,41.34310539,-77.06629984,42081.0,146,158,14,0,144,158,113664,2,0,0,2,0
2020-05-25,US,Pennsylvania,McKean,12,1,0,41.80938602,-78.56478358,42083.0,11,11,1,0,10,11,40968,1,0,0,1,0
2020-05-25,US,Pennsylvania,Mercer,105,4,0,41.30248872,-80.25816981,42085.0,101,104,4,0,100,103,110683,1,0,0,1,1
2020-05-25,US,Pennsylvania,Mifflin,58,1,0,40.61116939,-77.61070738,42087.0,57,58,1,0,57,57,46222,0,0,0,0,1
2020-05-25,US,Pennsylvania,Monroe,1305,99,0,41.05934058,-75.34031025,42089.0,1206,1304,99,0,1205,1302,169507,1,0,0,1,2
2020-05-25,US,Pennsylvania,Montgomery,6576,633,0,40.21053671,-75.36652296,42091.0,5943,6525,633,0,5892,6464,828604,51,0,0,51,61
2020-05-25,US,Pennsylvania,Montour,50,0,0,41.03023987,-76.66345939,42093.0,50,50,0,0,50,50,18240,0,0,0,0,0
2020-05-25,US,Pennsylvania,Northampton,2920,199,0,40.75182733,-75.30471829,42095.0,2721,2911,198,0,2713,2866,304807,9,1,0,8,45
2020-05-25,US,Pennsylvania,Northumberland,174,3,0,40.84785433,-76.70798222,42097.0,171,170,3,0,167,164,91083,4,0,0,4,6
2020-05-25,US,Pennsylvania,Perry,47,1,0,40.40206612,-77.26297447,42099.0,46,47,1,0,46,45,46139,0,0,0,0,2
2020-05-25,US,Pennsylvania,Philadelphia,21234,1233,0,40.00338507,-75.1379271,42101.0,20001,21234,1233,0,20001,21234,1584138,0,0,0,0,0
2020-05-25,US,Pennsylvania,Pike,477,18,0,41.33155042,-75.03208106,42103.0,459,477,18,0,459,476,55933,0,0,0,0,1
2020-05-25,US,Pennsylvania,Potter,4,0,0,41.74471626,-77.89559864,42105.0,4,4,0,0,4,4,16622,0,0,0,0,0
2020-05-25,US,Pennsylvania,Schuylkill,592,27,0,40.70497338,-76.2150785,42107.0,565,585,27,0,558,576,142067,7,0,0,7,9
2020-05-25,US,Pennsylvania,Snyder,38,1,0,40.77129231,-77.06840691,42109.0,37,38,1,0,37,38,40540,0,0,0,0,0
2020-05-25,US,Pennsylvania,Somerset,37,0,0,39.97172723,-79.02699593,42111.0,37,37,0,0,37,37,73952,0,0,0,0,0
2020-05-25,US,Pennsylvania,Sullivan,2,0,0,41.44634738,-76.51246591,42113.0,2,2,0,0,2,2,6071,0,0,0,0,0
2020-05-25,US,Pennsylvania,Susquehanna,96,15,0,41.82147784,-75.80071959,42115.0,81,96,15,0,81,95,40589,0,0,0,0,1
2020-05-25,US,Pennsylvania,Tioga,16,2,0,41.77255149,-77.25433032,42117.0,14,16,2,0,14,16,40763,0,0,0,0,0
2020-05-25,US,Pennsylvania,Union,54,1,0,40.96188846,-77.05996014,42119.0,53,53,1,0,52,52,44785,1,0,0,1,1
2020-05-25,US,Pennsylvania,Venango,8,0,0,41.40323442,-79.75845449,42121.0,8,8,0,0,8,8,51266,0,0,0,0,0
2020-05-25,US,Pennsylvania,Warren,3,0,0,41.81304978,-79.26969577,42123.0,3,3,0,0,3,3,39498,0,0,0,0,0
2020-05-25,US,Pennsylvania,Washington,138,5,0,40.19208869,-80.24582867,42125.0,133,138,5,0,133,135,207346,0,0,0,0,3
2020-05-25,US,Pennsylvania,Wayne,118,7,0,41.64938475,-75.29956506,42127.0,111,117,7,0,110,117,51276,1,0,0,1,0
2020-05-25,US,Pennsylvania,Westmoreland,441,38,0,40.31377979999999,-79.46615476,42129.0,403,440,38,0,402,437,350611,1,0,0,1,3
2020-05-25,US,Pennsylvania,Wyoming,33,7,0,41.51955538,-76.01074915,42131.0,26,33,7,0,26,33,27046,0,0,0,0,0
2020-05-25,US,Pennsylvania,York,930,22,0,39.9210089,-76.73040131,42133.0,908,924,22,0,902,904,448273,6,0,0,6,20
2020-05-25,US,Rhode Island,Bristol,213,0,0,41.71018079,-71.28652315,44001.0,213,213,0,0,213,213,48649,0,0,0,0,0
2020-05-25,US,Rhode Island,Kent,1013,0,0,41.67106337,-71.57641596,44003.0,1013,1013,0,0,1013,1005,163861,0,0,0,0,8
2020-05-25,US,Rhode Island,Newport,228,0,0,41.5642026,-71.26569799,44005.0,228,228,0,0,228,226,82542,0,0,0,0,2
2020-05-25,US,Rhode Island,Providence,10607,0,0,41.87064746,-71.57753536,44007.0,10607,10607,0,0,10607,10519,636084,0,0,0,0,88
2020-05-25,US,Rhode Island,Unassigned,1518,608,0,0.0,0.0,90044.0,910,1518,608,0,910,1504,,0,0,0,0,14
2020-05-25,US,Rhode Island,Washington,486,0,0,41.45961631,-71.61435303,44009.0,486,486,0,0,486,485,126179,0,0,0,0,1
2020-05-25,US,South Carolina,Abbeville,35,0,0,34.22333378,-82.46170658,45001.0,35,35,0,0,35,35,24541,0,0,0,0,0
2020-05-25,US,South Carolina,Aiken,178,7,0,33.54338026,-81.63645384,45003.0,171,173,7,0,166,169,169401,5,0,0,5,4
2020-05-25,US,South Carolina,Allendale,34,3,0,32.98837386,-81.35321066,45005.0,31,34,3,0,31,34,8903,0,0,0,0,0
2020-05-25,US,South Carolina,Anderson,218,8,0,34.51828081,-82.63959517,45007.0,210,218,8,0,210,218,200482,0,0,0,0,0
2020-05-25,US,South Carolina,Bamberg,21,0,0,33.21927586,-81.05659969,45009.0,21,20,0,0,20,20,14275,1,0,0,1,0
2020-05-25,US,South Carolina,Barnwell,43,1,0,33.26679302,-81.43584352,45011.0,42,43,1,0,42,43,21112,0,0,0,0,0
2020-05-25,US,South Carolina,Beaufort,336,12,0,32.39226291,-80.72619758,45013.0,324,335,12,0,323,332,188715,1,0,0,1,3
2020-05-25,US,South Carolina,Berkeley,218,15,0,33.20222596,-79.94654523,45015.0,203,215,15,0,200,214,221091,3,0,0,3,1
2020-05-25,US,South Carolina,Calhoun,9,1,0,33.66926881,-80.77722168,45017.0,8,9,1,0,8,9,14520,0,0,0,0,0
2020-05-25,US,South Carolina,Charleston,561,11,0,32.82487866,-79.96512315,45019.0,550,558,11,0,547,550,405905,3,0,0,3,8
2020-05-25,US,South Carolina,Cherokee,29,2,0,35.05122251,-81.61828622,45021.0,27,29,2,0,27,27,57078,0,0,0,0,2
2020-05-25,US,South Carolina,Chester,52,0,0,34.69249168,-81.1583216,45023.0,52,51,0,0,51,46,32251,1,0,0,1,5
2020-05-25,US,South Carolina,Chesterfield,132,3,0,34.64137396,-80.15640140000002,45025.0,129,131,2,0,129,129,45754,1,1,0,0,2
2020-05-25,US,South Carolina,Clarendon,293,38,0,33.66610974,-80.21647898,45027.0,255,293,38,0,255,289,33700,0,0,0,0,4
2020-05-25,US,South Carolina,Colleton,74,8,0,32.87582989,-80.67641292,45029.0,66,75,8,0,67,69,37660,-1,0,0,-1,6
2020-05-25,US,South Carolina,Darlington,247,7,0,34.33358335,-79.96027485,45031.0,240,246,6,0,240,244,66802,1,1,0,0,2
2020-05-25,US,South Carolina,Dillon,148,3,0,34.39007791,-79.37741872,45033.0,145,147,3,0,144,147,30599,1,0,0,1,0
2020-05-25,US,South Carolina,Dorchester,140,3,0,33.0794369,-80.40502652,45035.0,137,142,3,0,139,137,160647,-2,0,0,-2,5
2020-05-25,US,South Carolina,Edgefield,49,2,0,33.77221995,-81.96231108,45037.0,47,48,2,0,46,48,27052,1,0,0,1,0
2020-05-25,US,South Carolina,Fairfield,160,9,0,34.39287073,-81.1195624,45039.0,151,159,9,0,150,158,22402,1,0,0,1,1
2020-05-25,US,South Carolina,Florence,602,32,0,34.02361754,-79.70189312,45041.0,570,603,31,0,572,588,138159,-1,1,0,-2,15
2020-05-25,US,South Carolina,Georgetown,69,3,0,33.43443342,-79.33202141,45043.0,66,60,3,0,57,56,62249,9,0,0,9,4
2020-05-25,US,South Carolina,Greenville,1300,53,0,34.89502264,-82.37295012,45045.0,1247,1286,53,0,1233,1231,514213,14,0,0,14,55
2020-05-25,US,South Carolina,Greenwood,82,1,0,34.15272415,-82.12715789,45047.0,81,82,1,0,81,82,70741,0,0,0,0,0
2020-05-25,US,South Carolina,Hampton,35,0,0,32.77419582,-81.13845571,45049.0,35,34,0,0,34,31,19351,1,0,0,1,3
2020-05-25,US,South Carolina,Horry,377,22,0,33.9212828,-78.99555293,45051.0,355,377,21,0,356,371,344147,0,1,0,-1,6
2020-05-25,US,South Carolina,Jasper,38,2,0,32.43171982,-81.02487495,45053.0,36,38,2,0,36,36,28971,0,0,0,0,2
2020-05-25,US,South Carolina,Kershaw,300,14,0,34.33988254,-80.58763164,45055.0,286,300,14,0,286,299,65592,0,0,0,0,1
2020-05-25,US,South Carolina,Lancaster,121,5,0,34.68270843,-80.70513032,45057.0,116,121,5,0,116,121,95380,0,0,0,0,0
2020-05-25,US,South Carolina,Laurens,58,3,0,34.48244419,-82.00490796,45059.0,55,58,3,0,55,57,66994,0,0,0,0,1
2020-05-25,US,South Carolina,Lee,198,13,0,34.16393091,-80.25690731,45061.0,185,191,13,0,178,187,17142,7,0,0,7,4
2020-05-25,US,South Carolina,Lexington,558,32,0,33.89665987,-81.27146426,45063.0,526,553,31,0,522,548,295032,5,1,0,4,5
2020-05-25,US,South Carolina,Marion,65,5,0,34.07859748,-79.36400756,45067.0,60,64,5,0,59,63,31039,1,0,0,1,1
2020-05-25,US,South Carolina,Marlboro,112,0,0,34.59905577,-79.67561152,45069.0,112,111,0,0,111,109,26398,1,0,0,1,2
2020-05-25,US,South Carolina,McCormick,8,1,0,33.90161443,-82.30794338,45065.0,7,8,1,0,7,8,9410,0,0,0,0,0
2020-05-25,US,South Carolina,Newberry,46,1,0,34.28629098,-81.59935761,45071.0,45,46,1,0,45,44,38520,0,0,0,0,2
2020-05-25,US,South Carolina,Oconee,47,0,0,34.75225169,-83.06742317,45073.0,47,47,0,0,47,43,78374,0,0,0,0,4
2020-05-25,US,South Carolina,Orangeburg,143,2,0,33.4391073,-80.79886287,45075.0,141,139,2,0,137,135,86934,4,0,0,4,4
2020-05-25,US,South Carolina,Pickens,124,3,0,34.88807695,-82.72791551,45077.0,121,120,3,0,117,114,124937,4,0,0,4,6
2020-05-25,US,South Carolina,Richland,1366,63,0,34.01791263,-80.90267209,45079.0,1303,1361,63,0,1298,1349,414576,5,0,0,5,12
2020-05-25,US,South Carolina,Saluda,136,0,0,34.00795823,-81.72713237,45081.0,136,136,0,0,136,134,20544,0,0,0,0,2
2020-05-25,US,South Carolina,Spartanburg,476,17,0,34.92960077,-81.99225984,45083.0,459,471,17,0,454,450,313888,5,0,0,5,21
2020-05-25,US,South Carolina,Sumter,347,18,0,33.91826534,-80.37942316,45085.0,329,346,18,0,328,344,106512,1,0,0,1,2
2020-05-25,US,South Carolina,Union,31,0,0,34.68835752,-81.61730349,45087.0,31,31,0,0,31,31,27410,0,0,0,0,0
2020-05-25,US,South Carolina,Williamsburg,216,11,0,33.62190129,-79.72767442,45089.0,205,212,11,0,201,207,30606,4,0,0,4,5
2020-05-25,US,South Carolina,York,346,6,0,34.97281497,-81.18085944,45091.0,340,340,6,0,334,339,274118,6,0,0,6,1
2020-05-25,US,South Dakota,Aurora,22,0,0,43.71757685,-98.56050467,46003.0,22,22,0,0,22,22,2801,0,0,0,0,0
2020-05-25,US,South Dakota,Beadle,132,2,0,44.41464384,-98.27858469,46005.0,130,131,2,0,129,118,18883,1,0,0,1,13
2020-05-25,US,South Dakota,Bon Homme,8,0,0,42.98914167,-97.88592746,46009.0,8,8,0,0,8,6,6980,0,0,0,0,2
2020-05-25,US,South Dakota,Brookings,15,0,0,44.36974375,-96.79079945,46011.0,15,15,0,0,15,15,35232,0,0,0,0,0
2020-05-25,US,South Dakota,Brown,249,0,0,45.58994323,-98.35165355,46013.0,249,249,0,0,249,244,39316,0,0,0,0,5
2020-05-25,US,South Dakota,Buffalo,9,0,0,44.07657829,-99.20814467,46017.0,9,9,0,0,9,9,2036,0,0,0,0,0
2020-05-25,US,South Dakota,Charles Mix,13,0,0,43.20660134,-98.58856175,46023.0,13,13,0,0,13,12,9338,0,0,0,0,1
2020-05-25,US,South Dakota,Clark,4,0,0,44.85834507,-97.72925109,46025.0,4,4,0,0,4,4,3739,0,0,0,0,0
2020-05-25,US,South Dakota,Clay,15,0,0,42.91296147,-96.97656917,46027.0,15,15,0,0,15,15,14041,0,0,0,0,0
2020-05-25,US,South Dakota,Codington,32,0,0,44.97788119,-97.18827677,46029.0,32,32,0,0,32,29,28015,0,0,0,0,3
2020-05-25,US,South Dakota,Corson,4,0,0,45.70889983,-101.1970473,46031.0,4,4,0,0,4,4,4165,0,0,0,0,0
2020-05-25,US,South Dakota,Davison,9,0,0,43.67490933,-98.14458906,46035.0,9,9,0,0,9,9,19790,0,0,0,0,0
2020-05-25,US,South Dakota,Day,12,0,0,45.367281,-97.60737498,46037.0,12,12,0,0,12,12,5505,0,0,0,0,0
2020-05-25,US,South Dakota,Deuel,1,0,0,44.75994309,-96.66943645,46039.0,1,1,0,0,1,1,4337,0,0,0,0,0
2020-05-25,US,South Dakota,Douglas,3,0,0,43.38520741,-98.36978007,46043.0,3,2,0,0,2,1,2935,1,0,0,1,1
2020-05-25,US,South Dakota,Fall River,4,0,0,43.23929297,-103.5275691,46047.0,4,4,0,0,4,4,6758,0,0,0,0,0
2020-05-25,US,South Dakota,Faulk,1,0,0,45.07082625,-99.14535601,46049.0,1,1,0,0,1,1,2330,0,0,0,0,0
2020-05-25,US,South Dakota,Grant,10,0,0,45.1723937,-96.77002276,46051.0,10,10,0,0,10,10,7147,0,0,0,0,0
2020-05-25,US,South Dakota,Hamlin,4,0,0,44.67385954,-97.18829593,46057.0,4,4,0,0,4,3,6111,0,0,0,0,1
2020-05-25,US,South Dakota,Hand,1,0,0,44.54708407,-99.00386459,46059.0,1,1,0,0,1,1,3262,0,0,0,0,0
2020-05-25,US,South Dakota,Hughes,19,0,0,44.39091534,-99.99661148,46065.0,19,19,0,0,19,17,17650,0,0,0,0,2
2020-05-25,US,South Dakota,Hutchinson,3,0,0,43.33449012,-97.75536441,46067.0,3,3,0,0,3,3,7380,0,0,0,0,0
2020-05-25,US,South Dakota,Hyde,1,0,0,44.54747703,-99.48572582,46069.0,1,1,0,0,1,1,1282,0,0,0,0,0
2020-05-25,US,South Dakota,Jackson,1,0,0,43.69318385,-101.6255063,46071.0,1,1,0,0,1,,3307,0,0,0,0,
2020-05-25,US,South Dakota,Jerauld,28,1,0,44.06637798,-98.62965972,46073.0,27,28,1,0,27,16,2043,0,0,0,0,12
2020-05-25,US,South Dakota,Lake,6,0,0,44.02193107,-97.12926365,46079.0,6,6,0,0,6,5,13057,0,0,0,0,1
2020-05-25,US,South Dakota,Lawrence,9,0,0,44.35919441,-103.79294279999999,46081.0,9,9,0,0,9,9,25741,0,0,0,0,0
2020-05-25,US,South Dakota,Lincoln,230,0,0,43.27841182,-96.72039050000001,46083.0,230,229,0,0,229,225,58807,1,0,0,1,4
2020-05-25,US,South Dakota,Lyman,12,0,0,43.89522709,-99.85201878,46085.0,12,12,0,0,12,11,3821,0,0,0,0,1
2020-05-25,US,South Dakota,Marshall,4,0,0,45.75870838,-97.59855639,46091.0,4,4,0,0,4,4,5112,0,0,0,0,0
2020-05-25,US,South Dakota,McCook,5,1,0,43.6742571,-97.36863144,46087.0,4,5,1,0,4,5,5546,0,0,0,0,0
2020-05-25,US,South Dakota,McPherson,1,0,0,45.76626028,-99.22118798,46089.0,1,1,0,0,1,1,2407,0,0,0,0,0
2020-05-25,US,South Dakota,Meade,10,0,0,44.56676791,-102.71627409999999,46093.0,10,10,0,0,10,7,28294,0,0,0,0,3
2020-05-25,US,South Dakota,Miner,1,0,0,44.02197882,-97.60992207,46097.0,1,1,0,0,1,1,2213,0,0,0,0,0
2020-05-25,US,South Dakota,Minnehaha,3274,43,0,43.67441641,-96.7910885,46099.0,3231,3260,43,0,3217,3248,192876,14,0,0,14,12
2020-05-25,US,South Dakota,Moody,18,0,0,44.02266214,-96.67081159,46101.0,18,18,0,0,18,18,6579,0,0,0,0,0
2020-05-25,US,South Dakota,Oglala Lakota,17,0,0,43.33749164,-102.55554980000001,46102.0,17,17,0,0,17,17,14309,0,0,0,0,0
2020-05-25,US,South Dakota,Pennington,156,3,0,44.0025835,-102.8240777,46103.0,153,152,3,0,149,138,111729,4,0,0,4,14
2020-05-25,US,South Dakota,Roberts,35,0,0,45.62975048,-96.94672673,46109.0,35,35,0,0,35,23,10447,0,0,0,0,12
2020-05-25,US,South Dakota,Sanborn,11,0,0,44.02351092,-98.09098159999999,46111.0,11,10,0,0,10,9,2429,1,0,0,1,1
2020-05-25,US,South Dakota,Spink,4,0,0,44.93837606,-98.34626602,46115.0,4,4,0,0,4,4,6495,0,0,0,0,0
2020-05-25,US,South Dakota,Stanley,9,0,0,44.41381872,-100.7349153,46117.0,9,9,0,0,9,9,3022,0,0,0,0,0
2020-05-25,US,South Dakota,Sully,1,0,0,44.71571812,-100.1278092,46119.0,1,1,0,0,1,1,1392,0,0,0,0,0
2020-05-25,US,South Dakota,Todd,18,0,0,43.19338568,-100.71955030000001,46121.0,18,18,0,0,18,17,10283,0,0,0,0,1
2020-05-25,US,South Dakota,Tripp,6,0,0,43.34459388,-99.8854891,46123.0,6,6,0,0,6,6,5478,0,0,0,0,0
2020-05-25,US,South Dakota,Turner,23,0,0,43.3109081,-97.14865776,46125.0,23,22,0,0,22,22,8424,1,0,0,1,0
2020-05-25,US,South Dakota,Union,79,0,0,42.83112163,-96.6557828,46127.0,79,79,0,0,79,75,15619,0,0,0,0,4
2020-05-25,US,South Dakota,Walworth,5,0,0,45.43019636,-100.03075140000001,46129.0,5,5,0,0,5,5,5587,0,0,0,0,0
2020-05-25,US,South Dakota,Yankton,51,0,0,43.00924485,-97.39467635,46135.0,51,51,0,0,51,46,22869,0,0,0,0,5
2020-05-25,US,South Dakota,Ziebach,1,0,0,44.97881876,-101.6654622,46137.0,1,1,0,0,1,1,2742,0,0,0,0,0
2020-05-25,US,Tennessee,Anderson,39,1,0,36.12684348,-84.19965764,47001.0,38,39,1,0,38,39,76482,0,0,0,0,0
2020-05-25,US,Tennessee,Bedford,269,4,0,35.51123746,-86.45549096,47003.0,265,265,4,0,261,264,49038,4,0,0,4,1
2020-05-25,US,Tennessee,Benton,7,1,0,36.07110411,-88.06849355,47005.0,6,7,1,0,6,7,16184,0,0,0,0,0
2020-05-25,US,Tennessee,Bledsoe,608,1,0,35.59942968,-85.20611967,47007.0,607,607,1,0,606,607,14755,1,0,0,1,0
2020-05-25,US,Tennessee,Blount,82,3,0,35.68938198,-83.92847788,47009.0,79,82,3,0,79,81,131349,0,0,0,0,1
2020-05-25,US,Tennessee,Bradley,98,1,0,35.15739424,-84.857186,47011.0,97,93,1,0,92,91,106727,5,0,0,5,2
2020-05-25,US,Tennessee,Campbell,17,1,0,36.40355516,-84.15108559999999,47013.0,16,17,1,0,16,17,39583,0,0,0,0,0
2020-05-25,US,Tennessee,Cannon,17,0,0,35.80990797,-86.05738983,47015.0,17,17,0,0,17,16,14462,0,0,0,0,1
2020-05-25,US,Tennessee,Carroll,27,1,0,35.97366108,-88.45189331,47017.0,26,27,1,0,26,27,28020,0,0,0,0,0
2020-05-25,US,Tennessee,Carter,19,1,0,36.28969086,-82.12588974,47019.0,18,19,1,0,18,19,56351,0,0,0,0,0
2020-05-25,US,Tennessee,Cheatham,110,0,0,36.26136216,-87.08903581,47021.0,110,104,0,0,104,103,40439,6,0,0,6,1
2020-05-25,US,Tennessee,Chester,12,0,0,35.42527478,-88.6095842,47023.0,12,12,0,0,12,12,17276,0,0,0,0,0
2020-05-25,US,Tennessee,Claiborne,8,0,0,36.48319149,-83.65947309,47025.0,8,8,0,0,8,8,31756,0,0,0,0,0
2020-05-25,US,Tennessee,Clay,6,0,0,36.55151008,-85.53930419,47027.0,6,7,0,0,7,6,7717,-1,0,0,-1,1
2020-05-25,US,Tennessee,Cocke,20,0,0,35.9278914,-83.11828725,47029.0,20,20,0,0,20,20,35774,0,0,0,0,0
2020-05-25,US,Tennessee,Coffee,66,0,0,35.49090731,-86.07311784,47031.0,66,65,0,0,65,65,55700,1,0,0,1,0
2020-05-25,US,Tennessee,Crockett,16,1,0,35.81830662,-89.14916269,47033.0,15,15,1,0,14,14,14328,1,0,0,1,1
2020-05-25,US,Tennessee,Cumberland,109,1,0,35.95271721,-84.99840585,47035.0,108,109,1,0,108,107,59673,0,0,0,0,2
2020-05-25,US,Tennessee,Davidson,4632,58,0,36.17007426,-86.78646056,47037.0,4574,4518,57,0,4461,4465,692587,114,1,0,113,53
2020-05-25,US,Tennessee,DeKalb,34,0,0,35.97616272,-85.83689361,47041.0,34,33,0,0,33,33,20138,1,0,0,1,0
2020-05-25,US,Tennessee,Decatur,5,0,0,35.60048904,-88.11043779,47039.0,5,5,0,0,5,5,11706,0,0,0,0,0
2020-05-25,US,Tennessee,Dickson,104,0,0,36.14669837,-87.35891709,47043.0,104,101,0,0,101,101,53446,3,0,0,3,0
2020-05-25,US,Tennessee,Dyer,48,0,0,36.05931946,-89.41542855,47045.0,48,48,0,0,48,48,37320,0,0,0,0,0
2020-05-25,US,Tennessee,Fayette,107,2,0,35.19615831,-89.41399032,47047.0,105,107,2,0,105,104,40507,0,0,0,0,3
2020-05-25,US,Tennessee,Fentress,11,0,0,36.38128818,-84.92870012,47049.0,11,10,0,0,10,9,18217,1,0,0,1,1
2020-05-25,US,Tennessee,Franklin,46,1,0,35.15634626,-86.09201039,47051.0,45,46,1,0,45,45,41890,0,0,0,0,1
2020-05-25,US,Tennessee,Gibson,60,1,0,35.99438059,-88.93358327,47053.0,59,61,1,0,60,61,49045,-1,0,0,-1,0
2020-05-25,US,Tennessee,Giles,12,0,0,35.20222469,-87.03992678,47055.0,12,12,0,0,12,12,29503,0,0,0,0,0
2020-05-25,US,Tennessee,Grainger,6,0,0,36.27469206,-83.51254721,47057.0,6,6,0,0,6,6,23145,0,0,0,0,0
2020-05-25,US,Tennessee,Greene,47,2,0,36.17470125,-82.84691273,47059.0,45,48,2,0,46,48,69087,-1,0,0,-1,0
2020-05-25,US,Tennessee,Grundy,32,1,0,35.38433717,-85.72142731,47061.0,31,31,1,0,30,31,13346,1,0,0,1,0
2020-05-25,US,Tennessee,Hamblen,26,2,0,36.21990035,-83.26586179,47063.0,24,26,2,0,24,25,64569,0,0,0,0,1
2020-05-25,US,Tennessee,Hamilton,601,14,0,35.17670231,-85.16652245,47065.0,587,552,14,0,538,511,364286,49,0,0,49,41
2020-05-25,US,Tennessee,Hancock,1,0,0,36.52692871,-83.22375847,47067.0,1,1,0,0,1,1,6549,0,0,0,0,0
2020-05-25,US,Tennessee,Hardeman,188,0,0,35.20772017,-88.99161161,47069.0,188,189,0,0,189,188,25220,-1,0,0,-1,1
2020-05-25,US,Tennessee,Hardin,11,2,0,35.19732531,-88.18593755,47071.0,9,11,2,0,9,11,25776,0,0,0,0,0
2020-05-25,US,Tennessee,Hawkins,31,2,0,36.44355426,-82.94885298,47073.0,29,31,2,0,29,31,56530,0,0,0,0,0
2020-05-25,US,Tennessee,Haywood,29,2,0,35.58332824,-89.28536625,47075.0,27,29,2,0,27,29,17335,0,0,0,0,0
2020-05-25,US,Tennessee,Henderson,13,0,0,35.65581134,-88.38600175,47077.0,13,12,0,0,12,12,27847,1,0,0,1,0
2020-05-25,US,Tennessee,Henry,29,0,0,36.33160906,-88.30121797,47079.0,29,29,0,0,29,29,32358,0,0,0,0,0
2020-05-25,US,Tennessee,Hickman,53,0,0,35.80609681,-87.47643507,47081.0,53,54,0,0,54,54,25063,-1,0,0,-1,0
2020-05-25,US,Tennessee,Houston,7,0,0,36.28872054,-87.71878828,47083.0,7,7,0,0,7,7,8263,0,0,0,0,0
2020-05-25,US,Tennessee,Humphreys,13,1,0,36.03958805,-87.77992872,47085.0,12,12,1,0,11,12,18486,1,0,0,1,0
2020-05-25,US,Tennessee,Jackson,17,0,0,36.36380466,-85.67239905,47087.0,17,17,0,0,17,16,11758,0,0,0,0,1
2020-05-25,US,Tennessee,Jefferson,27,0,0,36.04818632,-83.45148924,47089.0,27,27,0,0,27,27,54012,0,0,0,0,0
2020-05-25,US,Tennessee,Johnson,15,0,0,36.45523950000001,-81.84886538,47091.0,15,15,0,0,15,15,17778,0,0,0,0,0
2020-05-25,US,Tennessee,Knox,336,5,0,35.99508821,-83.94635435,47093.0,331,331,5,0,326,326,465289,5,0,0,5,5
2020-05-25,US,Tennessee,Lake,410,0,0,36.34180170000001,-89.48921915,47095.0,410,409,0,0,409,408,7411,1,0,0,1,1
2020-05-25,US,Tennessee,Lauderdale,56,1,0,35.75893438,-89.63015909999999,47097.0,55,51,1,0,50,51,25825,5,0,0,5,0
2020-05-25,US,Tennessee,Lawrence,24,0,0,35.21675201,-87.39787695,47099.0,24,24,0,0,24,24,43734,0,0,0,0,0
2020-05-25,US,Tennessee,Lewis,3,0,0,35.52853208,-87.49022694,47101.0,3,3,0,0,3,3,12086,0,0,0,0,0
2020-05-25,US,Tennessee,Lincoln,25,0,0,35.13738622,-86.58910106,47103.0,25,26,0,0,26,26,34117,-1,0,0,-1,0
2020-05-25,US,Tennessee,Loudon,136,0,0,35.73939663,-84.31145275,47105.0,136,132,0,0,132,131,53054,4,0,0,4,1
2020-05-25,US,Tennessee,Macon,101,3,0,36.53157855,-86.00778595,47111.0,98,100,3,0,97,97,24265,1,0,0,1,3
2020-05-25,US,Tennessee,Madison,173,2,0,35.61181957,-88.84076036,47113.0,171,165,2,0,163,164,97605,8,0,0,8,1
2020-05-25,US,Tennessee,Marion,36,1,0,35.12997174,-85.62265895,47115.0,35,36,1,0,35,36,28575,0,0,0,0,0
2020-05-25,US,Tennessee,Marshall,29,1,0,35.45798777,-86.76420988,47117.0,28,28,1,0,27,28,33683,1,0,0,1,0
2020-05-25,US,Tennessee,Maury,79,0,0,35.618741299999996,-87.07462444,47119.0,79,78,0,0,78,78,94340,1,0,0,1,0
2020-05-25,US,Tennessee,McMinn,135,14,0,35.42812616,-84.61520715,47107.0,121,134,13,0,121,133,53285,1,1,0,0,1
2020-05-25,US,Tennessee,McNairy,12,0,0,35.17468549,-88.5647812,47109.0,12,12,0,0,12,12,25832,0,0,0,0,0
2020-05-25,US,Tennessee,Meigs,25,0,0,35.51558739,-84.81482914,47121.0,25,25,0,0,25,25,12306,0,0,0,0,0
2020-05-25,US,Tennessee,Monroe,56,2,0,35.44550387,-84.24902965,47123.0,54,57,2,0,55,57,46357,-1,0,0,-1,0
2020-05-25,US,Tennessee,Montgomery,248,3,0,36.49609412,-87.38550661,47125.0,245,240,3,0,237,234,205950,8,0,0,8,6
2020-05-25,US,Tennessee,Moore,3,0,0,35.27724699,-86.36230578,47127.0,3,3,0,0,3,3,6411,0,0,0,0,0
2020-05-25,US,Tennessee,Morgan,17,0,0,36.13248031,-84.64880098,47129.0,17,17,0,0,17,17,21579,0,0,0,0,0
2020-05-25,US,Tennessee,Obion,24,1,0,36.35732446,-89.14921589,47131.0,23,24,1,0,23,24,30267,0,0,0,0,0
2020-05-25,US,Tennessee,Out of TN,339,4,0,0.0,0.0,80047.0,335,339,4,0,335,339,,0,0,0,0,0
2020-05-25,US,Tennessee,Overton,21,0,0,36.34117832,-85.28989535,47133.0,21,20,0,0,20,20,22068,1,0,0,1,0
2020-05-25,US,Tennessee,Perry,13,0,0,35.63708728,-87.86139634,47135.0,13,13,0,0,13,13,8064,0,0,0,0,0
2020-05-25,US,Tennessee,Pickett,3,0,0,36.55606529,-85.07763299999998,47137.0,3,3,0,0,3,3,5082,0,0,0,0,0
2020-05-25,US,Tennessee,Polk,14,0,0,35.12245443,-84.52075859,47139.0,14,14,0,0,14,14,16898,0,0,0,0,0
2020-05-25,US,Tennessee,Putnam,380,5,0,36.14005459,-85.50646123,47141.0,375,377,5,0,372,359,78843,3,0,0,3,18
2020-05-25,US,Tennessee,Rhea,197,0,0,35.60536161,-84.93076643,47143.0,197,195,0,0,195,194,33044,2,0,0,2,1
2020-05-25,US,Tennessee,Roane,15,0,0,35.84923189,-84.52458689,47145.0,15,15,0,0,15,13,53140,0,0,0,0,2
2020-05-25,US,Tennessee,Robertson,389,1,0,36.52454807,-86.87346725,47147.0,388,371,1,0,370,360,71012,18,0,0,18,11
2020-05-25,US,Tennessee,Rutherford,1029,22,0,35.84591405,-86.4107263,47149.0,1007,998,22,0,976,977,324890,31,0,0,31,21
2020-05-25,US,Tennessee,Scott,11,0,0,36.42325673,-84.50360494,47151.0,11,11,0,0,11,11,22039,0,0,0,0,0
2020-05-25,US,Tennessee,Sequatchie,11,0,0,35.36979721,-85.41022136,47153.0,11,10,0,0,10,10,14876,1,0,0,1,0
2020-05-25,US,Tennessee,Sevier,72,2,0,35.78077323,-83.52244332,47155.0,70,72,2,0,70,72,97892,0,0,0,0,0
2020-05-25,US,Tennessee,Shelby,4451,94,0,35.1864775,-89.89692423,47157.0,4357,4336,94,0,4242,4225,935764,115,0,0,115,111
2020-05-25,US,Tennessee,Smith,30,1,0,36.25359775,-85.95411046,47159.0,29,30,1,0,29,29,19942,0,0,0,0,1
2020-05-25,US,Tennessee,Stewart,9,0,0,36.50235092,-87.83920548,47161.0,9,9,0,0,9,8,13561,0,0,0,0,1
2020-05-25,US,Tennessee,Sullivan,61,2,0,36.51240691,-82.30412917,47163.0,59,61,2,0,59,61,157668,0,0,0,0,0
2020-05-25,US,Tennessee,Sumner,827,45,0,36.46824103,-86.45917204,47165.0,782,811,45,0,766,809,187149,16,0,0,16,2
2020-05-25,US,Tennessee,Tipton,427,3,0,35.501942,-89.73694895,47167.0,424,426,3,0,423,426,61581,1,0,0,1,0
2020-05-25,US,Tennessee,Trousdale,1392,4,0,36.39026213,-86.16087954,47169.0,1388,1393,4,0,1389,1390,11012,-1,0,0,-1,3
2020-05-25,US,Tennessee,Unassigned,75,0,0,0.0,0.0,90047.0,75,75,0,0,75,75,,0,0,0,0,0
2020-05-25,US,Tennessee,Unicoi,3,0,0,36.10890856,-82.43709629,47171.0,3,3,0,0,3,3,17761,0,0,0,0,0
2020-05-25,US,Tennessee,Union,4,0,0,36.28590426,-83.83651902,47173.0,4,4,0,0,4,4,19688,0,0,0,0,0
2020-05-25,US,Tennessee,Van Buren,4,0,0,35.69864497,-85.45221699,47175.0,4,4,0,0,4,4,5765,0,0,0,0,0
2020-05-25,US,Tennessee,Warren,21,0,0,35.672829899999996,-85.77969117,47177.0,21,19,0,0,19,19,40878,2,0,0,2,0
2020-05-25,US,Tennessee,Washington,73,0,0,36.29472368,-82.49454720000001,47179.0,73,73,0,0,73,72,128607,0,0,0,0,1
2020-05-25,US,Tennessee,Wayne,63,0,0,35.23868267,-87.78644456,47181.0,63,63,0,0,63,63,16558,0,0,0,0,0
2020-05-25,US,Tennessee,Weakley,26,0,0,36.29896232,-88.71990865,47183.0,26,26,0,0,26,26,33415,0,0,0,0,0
2020-05-25,US,Tennessee,White,27,0,0,35.92929884,-85.45591799,47185.0,27,27,0,0,27,24,27107,0,0,0,0,3
2020-05-25,US,Tennessee,Williamson,522,10,0,35.89099229,-86.89281867,47187.0,512,512,10,0,502,503,231729,10,0,0,10,9
2020-05-25,US,Tennessee,Wilson,363,8,0,36.15496772,-86.29775884,47189.0,355,355,8,0,347,343,140625,8,0,0,8,12
2020-05-25,US,Texas,Anderson,66,0,0,31.81534745,-95.65354823,48001.0,66,66,0,0,66,63,58057,0,0,0,0,3
2020-05-25,US,Texas,Andrews,27,0,0,32.30468633,-102.63765479999999,48003.0,27,24,0,0,24,22,18128,3,0,0,3,2
2020-05-25,US,Texas,Angelina,175,2,0,31.25457347,-94.60901487,48005.0,173,175,2,0,173,168,87092,0,0,0,0,7
2020-05-25,US,Texas,Aransas,5,0,0,28.10556197,-96.9995047,48007.0,5,5,0,0,5,5,23792,0,0,0,0,0
2020-05-25,US,Texas,Archer,1,0,0,33.61569967,-98.68754589,48009.0,1,1,0,0,1,1,8786,0,0,0,0,0
2020-05-25,US,Texas,Armstrong,2,0,0,34.96507426,-101.35748740000001,48011.0,2,2,0,0,2,2,1892,0,0,0,0,0
2020-05-25,US,Texas,Atascosa,35,2,0,28.89333001,-98.52730485,48013.0,33,35,2,0,33,35,50310,0,0,0,0,0
2020-05-25,US,Texas,Austin,22,0,0,29.88548725,-96.27736949,48015.0,22,22,0,0,22,21,29989,0,0,0,0,1
2020-05-25,US,Texas,Bailey,10,0,0,34.06854817,-102.8299707,48017.0,10,10,0,0,10,10,7027,0,0,0,0,0
2020-05-25,US,Texas,Bandera,6,0,0,29.74619598,-99.24598147,48019.0,6,6,0,0,6,6,22824,0,0,0,0,0
2020-05-25,US,Texas,Bastrop,182,2,0,30.10370699,-97.31206354,48021.0,180,177,2,0,175,161,86976,5,0,0,5,16
2020-05-25,US,Texas,Bee,9,0,0,28.41761668,-97.74215593,48025.0,9,9,0,0,9,8,32587,0,0,0,0,1
2020-05-25,US,Texas,Bell,298,3,0,31.03736027,-97.4785025,48027.0,295,298,3,0,295,282,355642,0,0,0,0,16
2020-05-25,US,Texas,Bexar,2418,66,0,29.44928723,-98.52019748,48029.0,2352,2418,66,0,2352,2392,1986049,0,0,0,0,26
2020-05-25,US,Texas,Blanco,8,0,0,30.26640707,-98.3999852,48031.0,8,8,0,0,8,7,11702,0,0,0,0,1
2020-05-25,US,Texas,Bosque,6,0,0,31.89978581,-97.63613524,48035.0,6,6,0,0,6,6,18691,0,0,0,0,0
2020-05-25,US,Texas,Bowie,153,11,0,33.44626922,-94.41834132,48037.0,142,153,11,0,142,176,94324,0,0,0,0,-23
2020-05-25,US,Texas,Brazoria,838,12,0,29.18757369,-95.44563172,48039.0,826,835,12,0,823,825,370200,3,0,0,3,10
2020-05-25,US,Texas,Brazos,438,19,0,30.663644800000004,-96.30205577,48041.0,419,436,19,0,417,362,226758,2,0,0,2,74
2020-05-25,US,Texas,Brewster,1,0,0,29.81008251,-103.25203259999999,48043.0,1,1,0,0,1,1,9267,0,0,0,0,0
2020-05-25,US,Texas,Briscoe,1,0,0,34.53026962,-101.2084947,48045.0,1,1,0,0,1,1,1516,0,0,0,0,0
2020-05-25,US,Texas,Brooks,1,0,0,27.03103197,-98.21808402,48047.0,1,1,0,0,1,1,7114,0,0,0,0,0
2020-05-25,US,Texas,Brown,56,8,0,31.77430356,-98.99907113,48049.0,48,56,8,0,48,55,37924,0,0,0,0,1
2020-05-25,US,Texas,Burleson,22,0,0,30.49273808,-96.62158484,48051.0,22,22,0,0,22,20,18389,0,0,0,0,2
2020-05-25,US,Texas,Burnet,29,0,0,30.78801353,-98.181887,48053.0,29,29,0,0,29,29,47542,0,0,0,0,0
2020-05-25,US,Texas,Caldwell,50,0,0,29.83668859,-97.61814775,48055.0,50,50,0,0,50,41,43247,0,0,0,0,9
2020-05-25,US,Texas,Calhoun,37,3,0,28.47048236,-96.61633945,48057.0,34,37,3,0,34,37,21561,0,0,0,0,0
2020-05-25,US,Texas,Callahan,8,1,0,32.29760619,-99.37326312,48059.0,7,8,1,0,7,8,13994,0,0,0,0,0
2020-05-25,US,Texas,Cameron,698,33,0,26.14524221,-97.48140372,48061.0,665,698,33,0,665,698,423908,0,0,0,0,0
2020-05-25,US,Texas,Camp,44,0,0,32.97195142,-94.97790104,48063.0,44,42,0,0,42,32,13033,2,0,0,2,10
2020-05-25,US,Texas,Carson,6,0,0,35.40365929,-101.35426690000001,48065.0,6,6,0,0,6,6,6005,0,0,0,0,0
2020-05-25,US,Texas,Cass,21,0,0,33.07499881,-94.34646905,48067.0,21,21,0,0,21,21,30119,0,0,0,0,0
2020-05-25,US,Texas,Castro,32,1,0,34.53016752,-102.2617243,48069.0,31,32,1,0,31,29,7665,0,0,0,0,3
2020-05-25,US,Texas,Chambers,61,0,0,29.70972016,-94.67154501,48071.0,61,59,0,0,59,58,42454,2,0,0,2,1
2020-05-25,US,Texas,Cherokee,42,2,0,31.837258000000002,-95.16559897,48073.0,40,42,2,0,40,44,52592,0,0,0,0,-2
2020-05-25,US,Texas,Childress,2,0,0,34.529304100000004,-100.2077916,48075.0,2,2,0,0,2,2,7291,0,0,0,0,0
2020-05-25,US,Texas,Clay,3,0,0,33.78686685,-98.20771198,48077.0,3,3,0,0,3,3,10456,0,0,0,0,0
2020-05-25,US,Texas,Cochran,1,0,0,33.60425307,-102.82844990000001,48079.0,1,1,0,0,1,1,2836,0,0,0,0,0
2020-05-25,US,Texas,Coke,1,0,0,31.88911733,-100.5297533,48081.0,1,1,0,0,1,1,3370,0,0,0,0,0
2020-05-25,US,Texas,Coleman,2,0,0,31.76736834,-99.45240766,48083.0,2,2,0,0,2,2,8397,0,0,0,0,0
2020-05-25,US,Texas,Collin,1151,33,0,33.18820114,-96.57264368,48085.0,1118,1136,33,0,1103,1132,1005146,15,0,0,15,4
2020-05-25,US,Texas,Collingsworth,4,0,0,34.96489496,-100.27001109999999,48087.0,4,4,0,0,4,4,2962,0,0,0,0,0
2020-05-25,US,Texas,Colorado,20,0,0,29.622097999999998,-96.5273805,48089.0,20,19,0,0,19,19,21217,1,0,0,1,0
2020-05-25,US,Texas,Comal,82,6,0,29.80811278,-98.27647225,48091.0,76,82,6,0,76,78,148373,0,0,0,0,4
2020-05-25,US,Texas,Comanche,10,1,0,31.94854689,-98.55876441,48093.0,9,10,1,0,9,5,13534,0,0,0,0,5
2020-05-25,US,Texas,Concho,1,0,0,31.32635934,-99.86473038,48095.0,1,1,0,0,1,1,4276,0,0,0,0,0
2020-05-25,US,Texas,Cooke,13,0,0,33.63979567,-97.21240912,48097.0,13,13,0,0,13,13,40574,0,0,0,0,0
2020-05-25,US,Texas,Coryell,226,2,0,31.39078397,-97.79936155,48099.0,224,226,2,0,224,226,74808,0,0,0,0,0
2020-05-25,US,Texas,Cottle,4,1,0,34.07783319,-100.27850620000001,48101.0,3,4,1,0,3,4,1389,0,0,0,0,0
2020-05-25,US,Texas,Crane,22,0,0,31.43052248,-102.5143314,48103.0,22,7,0,0,7,3,4794,15,0,0,15,4
2020-05-25,US,Texas,Crosby,3,1,0,33.61431553,-101.30003640000001,48107.0,2,3,1,0,2,3,5779,0,0,0,0,0
2020-05-25,US,Texas,Dallam,22,1,0,36.27787176,-102.60207249999999,48111.0,21,22,1,0,21,22,7200,0,0,0,0,0
2020-05-25,US,Texas,Dallas,8998,211,0,32.76670599,-96.77796049999999,48113.0,8787,8827,211,0,8616,8649,2637772,171,0,0,171,178
2020-05-25,US,Texas,Dawson,39,1,0,32.74255572,-101.94772420000001,48115.0,38,39,1,0,38,39,12619,0,0,0,0,0
2020-05-25,US,Texas,DeWitt,17,1,0,29.08101855,-97.35681170000001,48123.0,16,17,1,0,16,17,20187,0,0,0,0,0
2020-05-25,US,Texas,Deaf Smith,157,13,0,34.96522957,-102.6054267,48117.0,144,157,13,0,144,141,18760,0,0,0,0,16
2020-05-25,US,Texas,Delta,1,0,0,33.38570922,-95.66921122,48119.0,1,1,0,0,1,1,5349,0,0,0,0,0
2020-05-25,US,Texas,Denton,1224,30,0,33.20521901,-97.11691153,48121.0,1194,1212,30,0,1182,1205,859064,12,0,0,12,7
2020-05-25,US,Texas,Dickens,1,0,0,33.61616822,-100.7788855,48125.0,1,1,0,0,1,1,2249,0,0,0,0,0
2020-05-25,US,Texas,Dimmit,1,0,0,28.42270064,-99.75645095,48127.0,1,1,0,0,1,1,10308,0,0,0,0,0
2020-05-25,US,Texas,Donley,26,0,0,34.96517499,-100.8140093,48129.0,26,26,0,0,26,26,3319,0,0,0,0,0
2020-05-25,US,Texas,Duval,5,0,0,27.68184592,-98.50864568,48131.0,5,5,0,0,5,5,11212,0,0,0,0,0
2020-05-25,US,Texas,Eastland,5,0,0,32.32743996,-98.83243566,48133.0,5,5,0,0,5,5,18322,0,0,0,0,0
2020-05-25,US,Texas,Ector,146,4,0,31.86898877,-102.54294279999999,48135.0,142,144,4,0,140,130,162124,2,0,0,2,14
2020-05-25,US,Texas,El Paso,2376,58,0,31.76980765,-106.23632749999999,48141.0,2318,2340,58,0,2282,2265,840758,36,0,0,36,75
2020-05-25,US,Texas,Ellis,272,12,0,32.34894117,-96.79371841,48139.0,260,272,12,0,260,266,179436,0,0,0,0,6
2020-05-25,US,Texas,Erath,15,1,0,32.23602653,-98.21773417,48143.0,14,15,1,0,14,15,42446,0,0,0,0,0
2020-05-25,US,Texas,Falls,6,0,0,31.25350609,-96.93630086,48145.0,6,6,0,0,6,6,17335,0,0,0,0,0
2020-05-25,US,Texas,Fannin,34,2,0,33.59564294,-96.10751083,48147.0,32,34,2,0,32,29,35286,0,0,0,0,5
2020-05-25,US,Texas,Fayette,32,2,0,29.87788372,-96.92076062,48149.0,30,32,2,0,30,31,25349,0,0,0,0,1
2020-05-25,US,Texas,Fisher,2,1,0,32.74281316,-100.40193020000001,48151.0,1,2,1,0,1,2,3839,0,0,0,0,0
2020-05-25,US,Texas,Floyd,5,0,0,34.07227468,-101.3031546,48153.0,5,5,0,0,5,5,5837,0,0,0,0,0
2020-05-25,US,Texas,Fort Bend,1685,41,0,29.52704478,-95.77219463,48157.0,1644,1685,41,0,1644,1676,787858,0,0,0,0,9
2020-05-25,US,Texas,Franklin,12,0,0,33.17653242,-95.21917243,48159.0,12,12,0,0,12,8,10766,0,0,0,0,4
2020-05-25,US,Texas,Freestone,10,0,0,31.70422788,-96.15072516,48161.0,10,10,0,0,10,7,19808,0,0,0,0,3
2020-05-25,US,Texas,Frio,36,0,0,28.86751206,-99.10804207,48163.0,36,36,0,0,36,35,19816,0,0,0,0,1
2020-05-25,US,Texas,Gaines,6,0,0,32.74055318,-102.6353295,48165.0,6,6,0,0,6,6,20901,0,0,0,0,0
2020-05-25,US,Texas,Galveston,752,32,0,29.40167322,-94.90469073,48167.0,720,749,32,0,717,740,337890,3,0,0,3,9
2020-05-25,US,Texas,Garza,5,0,0,33.17969345,-101.2984114,48169.0,5,5,0,0,5,4,6578,0,0,0,0,1
2020-05-25,US,Texas,Gillespie,5,0,0,30.31824095,-98.94676915,48171.0,5,5,0,0,5,5,26804,0,0,0,0,0
2020-05-25,US,Texas,Glasscock,1,0,0,31.86942909,-101.5207776,48173.0,1,1,0,0,1,1,1388,0,0,0,0,0
2020-05-25,US,Texas,Goliad,7,0,0,28.65696592,-97.42760647,48175.0,7,7,0,0,7,7,7584,0,0,0,0,0
2020-05-25,US,Texas,Gonzales,91,2,0,29.45634206,-97.49424032,48177.0,89,91,2,0,89,90,20826,0,0,0,0,1
2020-05-25,US,Texas,Gray,96,2,0,35.40081878,-100.8129222,48179.0,94,96,2,0,94,95,21895,0,0,0,0,1
2020-05-25,US,Texas,Grayson,300,2,0,33.62744998,-96.67753461,48181.0,298,296,2,0,294,268,133991,4,0,0,4,28
2020-05-25,US,Texas,Gregg,185,4,0,32.47940482,-94.81591935,48183.0,181,185,4,0,181,180,123707,0,0,0,0,5
2020-05-25,US,Texas,Grimes,100,1,0,30.54579585,-95.98902499,48185.0,99,99,1,0,98,91,28360,1,0,0,1,8
2020-05-25,US,Texas,Guadalupe,122,0,0,29.58165339,-97.94786822,48187.0,122,122,0,0,122,116,163694,0,0,0,0,6
2020-05-25,US,Texas,Hale,55,4,0,34.07044901,-101.82681140000001,48189.0,51,55,4,0,51,50,33830,0,0,0,0,5
2020-05-25,US,Texas,Hall,2,0,0,34.5307555,-100.68138520000001,48191.0,2,2,0,0,2,1,3028,0,0,0,0,1
2020-05-25,US,Texas,Hamilton,7,1,0,31.70470573,-98.11083887,48193.0,6,7,1,0,6,7,8484,0,0,0,0,0
2020-05-25,US,Texas,Hansford,18,2,0,36.27743284,-101.3545796,48195.0,16,18,2,0,16,18,5463,0,0,0,0,0
2020-05-25,US,Texas,Hardeman,1,0,0,34.28944521,-99.74632408,48197.0,1,1,0,0,1,,3922,0,0,0,0,
2020-05-25,US,Texas,Hardin,136,5,0,30.33364686,-94.38931817,48199.0,131,136,5,0,131,121,57207,0,0,0,0,15
2020-05-25,US,Texas,Harris,10995,221,0,29.86,-95.39,48201.0,10774,10921,220,0,10701,10770,4698619,74,1,0,73,151
2020-05-25,US,Texas,Harrison,228,23,0,32.54935988,-94.36934071,48203.0,205,225,23,0,202,217,66726,3,0,0,3,8
2020-05-25,US,Texas,Hartley,11,2,0,35.84008013,-102.6029022,48205.0,9,11,2,0,9,11,5619,0,0,0,0,0
2020-05-25,US,Texas,Haskell,2,0,0,33.17823584,-99.73037358,48207.0,2,2,0,0,2,2,5813,0,0,0,0,0
2020-05-25,US,Texas,Hays,270,3,0,30.05669873,-98.02944344,48209.0,267,270,3,0,267,250,222631,0,0,0,0,20
2020-05-25,US,Texas,Hemphill,1,0,0,35.83764858,-100.2703577,48211.0,1,1,0,0,1,1,3825,0,0,0,0,0
2020-05-25,US,Texas,Henderson,55,0,0,32.21128872,-95.85846587,48213.0,55,55,0,0,55,51,82299,0,0,0,0,4
2020-05-25,US,Texas,Hidalgo,497,10,0,26.39418217,-98.18299696,48215.0,487,482,10,0,472,482,865939,15,0,0,15,0
2020-05-25,US,Texas,Hill,24,1,0,31.99045053,-97.13423143,48217.0,23,24,1,0,23,23,36354,0,0,0,0,1
2020-05-25,US,Texas,Hockley,27,1,0,33.60771256,-102.3431676,48219.0,26,27,1,0,26,27,22980,0,0,0,0,0
2020-05-25,US,Texas,Hood,23,3,0,32.42990927,-97.83242024,48221.0,20,23,3,0,20,23,60537,0,0,0,0,0
2020-05-25,US,Texas,Hopkins,17,0,0,33.14875072,-95.56351139,48223.0,17,15,0,0,15,12,36810,2,0,0,2,3
2020-05-25,US,Texas,Houston,84,0,0,31.31925973,-95.42226208,48225.0,84,84,0,0,84,81,23169,0,0,0,0,3
2020-05-25,US,Texas,Howard,6,1,0,32.30621324,-101.4356444,48227.0,5,6,1,0,5,6,36459,0,0,0,0,0
2020-05-25,US,Texas,Hunt,75,4,0,33.12351514,-96.08551032,48231.0,71,75,4,0,71,71,96493,0,0,0,0,4
2020-05-25,US,Texas,Hutchinson,30,0,0,35.84006574,-101.3546643,48233.0,30,30,0,0,30,31,21198,0,0,0,0,-1
2020-05-25,US,Texas,Jack,4,0,0,33.23377248,-98.17283469,48237.0,4,4,0,0,4,4,8843,0,0,0,0,0
2020-05-25,US,Texas,Jackson,17,1,0,28.95472367,-96.57749563,48239.0,16,17,1,0,16,16,14874,0,0,0,0,1
2020-05-25,US,Texas,Jasper,28,1,0,30.74685667,-94.02667579,48241.0,27,28,1,0,27,26,35872,0,0,0,0,2
2020-05-25,US,Texas,Jefferson,498,27,0,29.8832777,-94.16434171,48245.0,471,492,27,0,465,465,255001,6,0,0,6,27
2020-05-25,US,Texas,Jim Hogg,4,0,0,27.04453923,-98.69681870000001,48247.0,4,4,0,0,4,4,5248,0,0,0,0,0
2020-05-25,US,Texas,Jim Wells,9,0,0,27.73103938,-98.0904705,48249.0,9,9,0,0,9,9,40822,0,0,0,0,0
2020-05-25,US,Texas,Johnson,148,4,0,32.37877812,-97.36615819,48251.0,144,148,4,0,144,144,171361,0,0,0,0,4
2020-05-25,US,Texas,Jones,135,0,0,32.73997145,-99.87861576,48253.0,135,135,0,0,135,134,19817,0,0,0,0,1
2020-05-25,US,Texas,Karnes,4,0,0,28.90705334,-97.85960149,48255.0,4,4,0,0,4,4,15650,0,0,0,0,0
2020-05-25,US,Texas,Kaufman,182,2,0,32.599141700000004,-96.28734728,48257.0,180,182,2,0,180,173,128622,0,0,0,0,9
2020-05-25,US,Texas,Kendall,24,0,0,29.94414155,-98.7113588,48259.0,24,24,0,0,24,24,45641,0,0,0,0,0
2020-05-25,US,Texas,Kerr,16,0,0,30.06040006,-99.34930144,48265.0,16,16,0,0,16,11,52405,0,0,0,0,5
2020-05-25,US,Texas,Kimble,1,0,0,30.48678918,-99.74856473,48267.0,1,1,0,0,1,1,4362,0,0,0,0,0
2020-05-25,US,Texas,Kleberg,15,1,0,27.42435506,-97.69894948,48273.0,14,15,1,0,14,14,31129,0,0,0,0,1
2020-05-25,US,Texas,Knox,1,0,0,33.60519951,-99.74229059999999,48275.0,1,1,0,0,1,1,3653,0,0,0,0,0
2020-05-25,US,Texas,La Salle,4,0,0,28.34453111,-99.09908775,48283.0,4,4,0,0,4,4,7531,0,0,0,0,0
2020-05-25,US,Texas,Lamar,134,9,0,33.66981763,-95.57404777,48277.0,125,133,9,0,124,126,49728,1,0,0,1,7
2020-05-25,US,Texas,Lamb,15,0,0,34.06859623,-102.35162890000001,48279.0,15,15,0,0,15,11,13158,0,0,0,0,4
2020-05-25,US,Texas,Lampasas,8,0,0,31.19531316,-98.24206613,48281.0,8,8,0,0,8,8,21229,0,0,0,0,0
2020-05-25,US,Texas,Lavaca,9,1,0,29.38508402,-96.93186692,48285.0,8,9,1,0,8,8,20110,0,0,0,0,1
2020-05-25,US,Texas,Lee,10,0,0,30.31120597,-96.97045773,48287.0,10,9,0,0,9,8,17144,1,0,0,1,1
2020-05-25,US,Texas,Leon,9,0,0,31.29872538,-95.9936328,48289.0,9,9,0,0,9,9,17270,0,0,0,0,0
2020-05-25,US,Texas,Liberty,80,3,0,30.15152688,-94.81205615,48291.0,77,80,3,0,77,81,86323,0,0,0,0,-1
2020-05-25,US,Texas,Limestone,23,1,0,31.5454767,-96.58095444,48293.0,22,23,1,0,22,18,23519,0,0,0,0,5
2020-05-25,US,Texas,Lipscomb,2,0,0,36.27783108,-100.27331509999999,48295.0,2,2,0,0,2,2,3355,0,0,0,0,0
2020-05-25,US,Texas,Live Oak,9,0,0,28.35101362,-98.1246786,48297.0,9,9,0,0,9,9,12166,0,0,0,0,0
2020-05-25,US,Texas,Llano,3,0,0,30.70645047,-98.68475262,48299.0,3,3,0,0,3,3,21646,0,0,0,0,0
2020-05-25,US,Texas,Lubbock,664,50,0,33.61008596,-101.82047890000001,48303.0,614,662,50,0,612,656,307412,2,0,0,2,6
2020-05-25,US,Texas,Lynn,5,1,0,33.17657705,-101.8162849,48305.0,4,5,1,0,4,5,5877,0,0,0,0,0
2020-05-25,US,Texas,Madison,8,0,0,30.96694679,-95.93003775,48313.0,8,8,0,0,8,8,14422,0,0,0,0,0
2020-05-25,US,Texas,Marion,15,0,0,32.79868409,-94.35661230000001,48315.0,15,15,0,0,15,15,9928,0,0,0,0,0
2020-05-25,US,Texas,Martin,3,1,0,32.30600051,-101.9513518,48317.0,2,3,1,0,2,3,5753,0,0,0,0,0
2020-05-25,US,Texas,Mason,31,0,0,30.71780434,-99.22629416,48319.0,31,31,0,0,31,31,4280,0,0,0,0,0
2020-05-25,US,Texas,Matagorda,67,5,0,28.81955746,-96.01230294,48321.0,62,67,5,0,62,67,36552,0,0,0,0,0
2020-05-25,US,Texas,Maverick,97,1,0,28.7429195,-100.3157686,48323.0,96,97,1,0,96,94,58485,0,0,0,0,3
2020-05-25,US,Texas,McCulloch,3,0,0,31.1925468,-99.34682807,48307.0,3,3,0,0,3,3,7987,0,0,0,0,0
2020-05-25,US,Texas,McLennan,107,4,0,31.55255453,-97.20217694,48309.0,103,107,4,0,103,102,254607,0,0,0,0,5
2020-05-25,US,Texas,Medina,67,2,0,29.355730100000002,-99.11030298,48325.0,65,67,2,0,65,64,50921,0,0,0,0,3
2020-05-25,US,Texas,Midland,124,12,0,31.86904128,-102.03156820000001,48329.0,112,124,12,0,112,123,172578,0,0,0,0,1
2020-05-25,US,Texas,Milam,28,1,0,30.78581830000001,-96.97718698,48331.0,27,28,1,0,27,27,25131,0,0,0,0,1
2020-05-25,US,Texas,Mills,1,0,0,31.49557106,-98.59272068,48333.0,1,1,0,0,1,1,4921,0,0,0,0,0
2020-05-25,US,Texas,Mitchell,1,0,0,32.30623474,-100.9212058,48335.0,1,1,0,0,1,1,8145,0,0,0,0,0
2020-05-25,US,Texas,Montague,9,1,0,33.67521893,-97.72500958,48337.0,8,9,1,0,8,9,19596,0,0,0,0,0
2020-05-25,US,Texas,Montgomery,888,23,0,30.30079133,-95.50572772,48339.0,865,888,23,0,865,888,590925,0,0,0,0,0
2020-05-25,US,Texas,Moore,579,13,0,35.83769242,-101.8930281,48341.0,566,579,13,0,566,579,21485,0,0,0,0,0
2020-05-25,US,Texas,Morris,17,0,0,33.11304005,-94.73255695,48343.0,17,17,0,0,17,15,12339,0,0,0,0,2
2020-05-25,US,Texas,Motley,1,0,0,34.07408766,-100.77972199999999,48345.0,1,1,0,0,1,1,1234,0,0,0,0,0
2020-05-25,US,Texas,Nacogdoches,257,17,0,31.62017125,-94.61803994,48347.0,240,257,17,0,240,244,65711,0,0,0,0,13
2020-05-25,US,Texas,Navarro,44,2,0,32.04620681,-96.47428766,48349.0,42,44,2,0,42,40,49565,0,0,0,0,4
2020-05-25,US,Texas,Newton,4,0,0,30.78548982,-93.74408813,48351.0,4,4,0,0,4,4,13746,0,0,0,0,0
2020-05-25,US,Texas,Nolan,2,0,0,32.30365282,-100.4060208,48353.0,2,2,0,0,2,2,14751,0,0,0,0,0
2020-05-25,US,Texas,Nueces,262,3,0,27.736286,-97.5433285,48355.0,259,262,3,0,259,260,362265,0,0,0,0,2
2020-05-25,US,Texas,Ochiltree,43,2,0,36.27829105,-100.8158184,48357.0,41,43,2,0,41,41,9947,0,0,0,0,2
2020-05-25,US,Texas,Oldham,3,1,0,35.40425596,-102.6027606,48359.0,2,3,1,0,2,3,2131,0,0,0,0,0
2020-05-25,US,Texas,Orange,96,2,0,30.11879481,-93.89412775,48361.0,94,96,2,0,94,89,83572,0,0,0,0,7
2020-05-25,US,Texas,Palo Pinto,10,2,0,32.75310985,-98.31319001,48363.0,8,10,2,0,8,10,28875,0,0,0,0,0
2020-05-25,US,Texas,Panola,188,21,0,32.163959600000005,-94.30552481,48365.0,167,188,21,0,167,188,23148,0,0,0,0,0
2020-05-25,US,Texas,Parker,67,1,0,32.77757172,-97.80500621,48367.0,66,67,1,0,66,67,138371,0,0,0,0,0
2020-05-25,US,Texas,Parmer,53,0,0,34.52993409,-102.78446679999999,48369.0,53,53,0,0,53,39,9864,0,0,0,0,14
2020-05-25,US,Texas,Pecos,27,0,0,30.78097267,-102.72412609999999,48371.0,27,27,0,0,27,24,15673,0,0,0,0,3
2020-05-25,US,Texas,Polk,52,0,0,30.79472531,-94.82766240000001,48373.0,52,52,0,0,52,52,50031,0,0,0,0,0
2020-05-25,US,Texas,Potter,2238,26,0,35.40133773,-101.893964,48375.0,2212,2238,26,0,2212,2229,119648,0,0,0,0,9
2020-05-25,US,Texas,Presidio,1,0,0,29.99954402,-104.24080790000001,48377.0,1,,,,,,6948,,,,,
2020-05-25,US,Texas,Rains,3,0,0,32.87109387,-95.79232691,48379.0,3,3,0,0,3,3,12159,0,0,0,0,0
2020-05-25,US,Texas,Randall,648,6,0,34.96585996,-101.8971322,48381.0,642,648,6,0,642,645,136271,0,0,0,0,3
2020-05-25,US,Texas,Red River,47,4,0,33.61886692,-95.04841765,48387.0,43,46,4,0,42,42,12175,1,0,0,1,4
2020-05-25,US,Texas,Reeves,7,0,0,31.32323325,-103.69038959999999,48389.0,7,7,0,0,7,7,15695,0,0,0,0,0
2020-05-25,US,Texas,Refugio,3,0,0,28.323897600000002,-97.15766311,48391.0,3,3,0,0,3,3,7032,0,0,0,0,0
2020-05-25,US,Texas,Roberts,2,0,0,35.83809685,-100.813175,48393.0,2,2,0,0,2,2,903,0,0,0,0,0
2020-05-25,US,Texas,Robertson,7,0,0,31.02539637,-96.51272246,48395.0,7,7,0,0,7,7,17284,0,0,0,0,0
2020-05-25,US,Texas,Rockwall,151,10,0,32.89779518,-96.40771592,48397.0,141,151,10,0,141,147,100657,0,0,0,0,4
2020-05-25,US,Texas,Runnels,2,0,0,31.8314342,-99.97616148,48399.0,2,2,0,0,2,2,10234,0,0,0,0,0
2020-05-25,US,Texas,Rusk,43,2,0,32.10773545,-94.76176432,48401.0,41,43,2,0,41,42,54450,0,0,0,0,1
2020-05-25,US,Texas,Sabine,5,0,0,31.34318809,-93.85440451,48403.0,5,5,0,0,5,4,10589,0,0,0,0,1
2020-05-25,US,Texas,San Augustine,29,1,0,31.39457611,-94.17000399,48405.0,28,29,1,0,28,28,8232,0,0,0,0,1
2020-05-25,US,Texas,San Jacinto,14,0,0,30.57933681,-95.16260304,48407.0,14,14,0,0,14,13,28719,0,0,0,0,1
2020-05-25,US,Texas,San Patricio,28,0,0,28.00880118,-97.51763891,48409.0,28,28,0,0,28,28,66893,0,0,0,0,0
2020-05-25,US,Texas,San Saba,1,0,0,31.1577796,-98.81758731,48411.0,1,1,0,0,1,1,6054,0,0,0,0,0
2020-05-25,US,Texas,Scurry,2,0,0,32.74613808,-100.91626640000001,48415.0,2,2,0,0,2,2,16866,0,0,0,0,0
2020-05-25,US,Texas,Shackelford,1,0,0,32.73587756,-99.35401337,48417.0,1,1,0,0,1,1,3253,0,0,0,0,0
2020-05-25,US,Texas,Shelby,183,6,0,31.79211404,-94.14550696,48419.0,177,183,6,0,177,180,25418,0,0,0,0,3
2020-05-25,US,Texas,Sherman,21,0,0,36.27751473,-101.8933156,48421.0,21,21,0,0,21,23,3079,0,0,0,0,-2
2020-05-25,US,Texas,Smith,198,4,0,32.37474036,-95.27175679999999,48423.0,194,198,4,0,194,195,230221,0,0,0,0,3
2020-05-25,US,Texas,Starr,24,0,0,26.56150059,-98.73892358,48427.0,24,24,0,0,24,23,64525,0,0,0,0,1
2020-05-25,US,Texas,Stephens,2,0,0,32.73553157,-98.83631615,48429.0,2,2,0,0,2,2,9433,0,0,0,0,0
2020-05-25,US,Texas,Swisher,17,0,0,34.53028891,-101.73491740000001,48437.0,17,17,0,0,17,15,7462,0,0,0,0,2
2020-05-25,US,Texas,Tarrant,4977,144,0,32.77143818,-97.29101614,48439.0,4833,4951,143,0,4808,4899,2084931,26,1,0,25,52
2020-05-25,US,Texas,Taylor,230,5,0,32.30163422,-99.89007449,48441.0,225,228,5,0,223,228,137640,2,0,0,2,0
2020-05-25,US,Texas,Terry,13,0,0,33.17402785,-102.3354521,48445.0,13,13,0,0,13,13,12287,0,0,0,0,0
2020-05-25,US,Texas,Titus,299,2,0,33.21339719,-94.96797273,48449.0,297,248,2,0,246,248,33033,51,0,0,51,0
2020-05-25,US,Texas,Tom Green,90,1,0,31.40464436,-100.46244300000001,48451.0,89,90,1,0,89,90,118189,0,0,0,0,0
2020-05-25,US,Texas,Travis,2847,84,0,30.33432034,-97.78535620000001,48453.0,2763,2788,83,0,2705,2761,1248743,59,1,0,58,27
2020-05-25,US,Texas,Trinity,13,0,0,31.0879489,-95.1367187,48455.0,13,13,0,0,13,11,14740,0,0,0,0,2
2020-05-25,US,Texas,Tyler,11,0,0,30.77031716,-94.37690895,48457.0,11,11,0,0,11,10,21696,0,0,0,0,1
2020-05-25,US,Texas,Upshur,18,0,0,32.73706798,-94.93999853,48459.0,18,18,0,0,18,18,41260,0,0,0,0,0
2020-05-25,US,Texas,Uvalde,6,0,0,29.35739637,-99.76229172,48463.0,6,6,0,0,6,6,26846,0,0,0,0,0
2020-05-25,US,Texas,Val Verde,14,0,0,29.89149232,-101.1525205,48465.0,14,14,0,0,14,14,49208,0,0,0,0,0
2020-05-25,US,Texas,Van Zandt,26,1,0,32.56483801,-95.83766469,48467.0,25,26,1,0,25,25,56019,0,0,0,0,1
2020-05-25,US,Texas,Victoria,157,7,0,28.79780988,-96.96813006,48469.0,150,157,7,0,150,157,92035,0,0,0,0,0
2020-05-25,US,Texas,Walker,475,27,0,30.73872995,-95.57440968,48471.0,448,474,27,0,447,436,72480,1,0,0,1,38
2020-05-25,US,Texas,Waller,53,0,0,30.01058447,-95.99011759,48473.0,53,49,0,0,49,45,53126,4,0,0,4,4
2020-05-25,US,Texas,Ward,1,0,0,31.50999644,-103.09279090000001,48475.0,1,1,0,0,1,,11720,0,0,0,0,
2020-05-25,US,Texas,Washington,193,23,0,30.21498498,-96.40946246,48477.0,170,193,23,0,170,187,35108,0,0,0,0,6
2020-05-25,US,Texas,Webb,516,19,0,27.7610369,-99.33237355,48479.0,497,511,18,0,493,502,275910,5,1,0,4,9
2020-05-25,US,Texas,Wharton,50,0,0,29.27765923,-96.22319248,48481.0,50,45,0,0,45,45,41619,5,0,0,5,0
2020-05-25,US,Texas,Wheeler,15,0,0,35.40114335,-100.26995140000001,48483.0,15,15,0,0,15,15,5191,0,0,0,0,0
2020-05-25,US,Texas,Wichita,82,2,0,33.98842886,-98.70410340000001,48485.0,80,82,2,0,80,82,132064,0,0,0,0,0
2020-05-25,US,Texas,Wilbarger,6,0,0,34.07945812,-99.24178437,48487.0,6,6,0,0,6,6,12820,0,0,0,0,0
2020-05-25,US,Texas,Willacy,14,1,0,26.47411727,-97.61535848,48489.0,13,14,1,0,13,15,21515,0,0,0,0,-1
2020-05-25,US,Texas,Williamson,565,22,0,30.64655664,-97.60048540000001,48491.0,543,553,21,0,532,541,566719,12,1,0,11,12
2020-05-25,US,Texas,Wilson,38,5,0,29.1732598,-98.08693082,48493.0,33,38,5,0,33,38,50224,0,0,0,0,0
2020-05-25,US,Texas,Winkler,3,0,0,31.85008651,-103.04851629999999,48495.0,3,3,0,0,3,3,7720,0,0,0,0,0
2020-05-25,US,Texas,Wise,42,3,0,33.21570665,-97.65460265,48497.0,39,42,3,0,39,42,68305,0,0,0,0,0
2020-05-25,US,Texas,Wood,23,1,0,32.78722382,-95.38236368,48499.0,22,23,1,0,22,22,45129,0,0,0,0,1
2020-05-25,US,Texas,Yoakum,3,0,0,33.17320212,-102.82764329999999,48501.0,3,3,0,0,3,3,8591,0,0,0,0,0
2020-05-25,US,Texas,Young,4,1,0,33.17659707,-98.68790885,48503.0,3,4,1,0,3,4,18045,0,0,0,0,0
2020-05-25,US,Texas,Zapata,8,0,0,27.00156391,-99.16987152,48505.0,8,8,0,0,8,8,14190,0,0,0,0,0
2020-05-25,US,Texas,Zavala,11,0,0,28.86617238,-99.76050829,48507.0,11,11,0,0,11,11,11983,0,0,0,0,0
2020-05-25,US,Utah,Bear River,103,2,0,41.52106798,-113.08328159999999,0.0,101,102,1,0,101,102,,1,1,0,0,0
2020-05-25,US,Utah,Central Utah,33,0,0,39.37231946,-111.5758676,0.0,33,33,0,0,33,33,,0,0,0,0,0
2020-05-25,US,Utah,Davis,414,2,0,40.99001837,-112.1139997,49011.0,412,410,2,0,408,407,351713,4,0,0,4,3
2020-05-25,US,Utah,Salt Lake,4583,67,0,40.66616532,-111.92160109999999,49035.0,4516,4515,67,0,4448,4441,1152633,68,0,0,68,74
2020-05-25,US,Utah,San Juan,268,4,0,37.62762978,-109.80337140000002,49037.0,264,264,4,0,260,259,15449,4,0,0,4,5
2020-05-25,US,Utah,Southeast Utah,21,0,0,38.99617072,-110.70139579999999,0.0,21,20,0,0,20,18,,1,0,0,1,2
2020-05-25,US,Utah,Southwest Utah,324,4,0,37.85447192,-111.4418764,90049.0,320,305,4,0,301,294,,19,0,0,19,11
2020-05-25,US,Utah,Summit,405,0,0,40.86688146,-110.9535882,49043.0,405,405,0,0,405,403,41933,0,0,0,0,2
2020-05-25,US,Utah,Tooele,113,0,0,40.44862644,-113.12957150000001,49045.0,113,113,0,0,113,112,69907,0,0,0,0,1
2020-05-25,US,Utah,TriCounty,20,0,0,40.12491499,-109.5174415,0.0,20,20,0,0,20,20,,0,0,0,0,0
2020-05-25,US,Utah,Utah,1722,14,0,40.116672200000004,-111.66576620000001,49049.0,1708,1704,14,0,1690,1678,622213,18,0,0,18,26
2020-05-25,US,Utah,Wasatch,247,1,0,40.33110236,-111.1691419,49051.0,246,241,1,0,240,237,33240,6,0,0,6,4
2020-05-25,US,Utah,Weber-Morgan,268,4,0,41.27116049,-111.9145117,0.0,264,260,4,0,256,256,,8,0,0,8,4
2020-05-25,US,Vermont,Addison,62,2,0,44.03217337,-73.14130877,50001.0,60,62,2,0,60,62,36973,0,0,0,0,0
2020-05-25,US,Vermont,Bennington,62,1,0,43.03519828,-73.09048868,50003.0,61,61,1,0,60,60,35631,1,0,0,1,1
2020-05-25,US,Vermont,Caledonia,15,0,0,44.46548598,-72.10314651,50005.0,15,15,0,0,15,14,30302,0,0,0,0,1
2020-05-25,US,Vermont,Chittenden,441,38,0,44.46322849,-73.08359212,50007.0,403,440,38,0,402,440,164572,1,0,0,1,0
2020-05-25,US,Vermont,Essex,3,0,0,44.72736416,-71.73579864,50009.0,3,3,0,0,3,3,6250,0,0,0,0,0
2020-05-25,US,Vermont,Franklin,99,5,0,44.85627605,-72.91249563,50011.0,94,99,5,0,94,99,49421,0,0,0,0,0
2020-05-25,US,Vermont,Grand Isle,7,0,0,44.797582399999996,-73.29679772,50013.0,7,6,0,0,6,6,7090,1,0,0,1,0
2020-05-25,US,Vermont,Lamoille,29,1,0,44.60353043,-72.64356694,50015.0,28,29,1,0,28,29,25300,0,0,0,0,0
2020-05-25,US,Vermont,Orange,8,0,0,44.00470222,-72.37640104,50017.0,8,8,0,0,8,8,28999,0,0,0,0,0
2020-05-25,US,Vermont,Orleans,9,0,0,44.82964024,-72.24562697,50019.0,9,9,0,0,9,9,26907,0,0,0,0,0
2020-05-25,US,Vermont,Rutland,53,1,0,43.57723578,-73.03741676,50021.0,52,51,1,0,50,51,58672,2,0,0,2,0
2020-05-25,US,Vermont,Unassigned,5,0,0,0.0,0.0,90050.0,5,5,0,0,5,5,,0,0,0,0,0
2020-05-25,US,Vermont,Washington,39,1,0,44.27343241,-72.61604978,50023.0,38,39,1,0,38,39,58140,0,0,0,0,0
2020-05-25,US,Vermont,Windham,80,3,0,42.986982,-72.71268875,50025.0,77,80,3,0,77,80,42756,0,0,0,0,0
2020-05-25,US,Vermont,Windsor,50,2,0,43.58010937,-72.58595157,50027.0,48,49,2,0,47,49,55286,1,0,0,1,0
2020-05-25,US,Virginia,Accomack,731,11,0,37.76707161,-75.63234615,51001.0,720,727,11,0,716,722,32412,4,0,0,4,5
2020-05-25,US,Virginia,Albemarle,149,8,0,38.02080697,-78.55481085,51003.0,141,148,8,0,140,143,108718,1,0,0,1,5
2020-05-25,US,Virginia,Alexandria,1754,38,0,38.814003,-77.08183073,51510.0,1716,1733,38,0,1695,1703,160530,21,0,0,21,30
2020-05-25,US,Virginia,Alleghany,13,2,0,37.78636074,-80.00222498,51005.0,11,13,2,0,11,13,14910,0,0,0,0,0
2020-05-25,US,Virginia,Amelia,21,1,0,37.34081025,-77.98584649,51007.0,20,21,1,0,20,22,13013,0,0,0,0,-1
2020-05-25,US,Virginia,Amherst,26,0,0,37.60308293,-79.14548696,51009.0,26,25,0,0,25,25,31666,1,0,0,1,0
2020-05-25,US,Virginia,Appomattox,26,0,0,37.37569884,-78.81340003,51011.0,26,26,0,0,26,26,15841,0,0,0,0,0
2020-05-25,US,Virginia,Arlington,1897,101,0,38.8767675,-77.10139853,51013.0,1796,1873,98,0,1775,1804,237521,24,3,0,21,69
2020-05-25,US,Virginia,Augusta,93,1,0,38.16404586,-79.12461614,51015.0,92,90,1,0,89,89,75457,3,0,0,3,1
2020-05-25,US,Virginia,Bedford,41,2,0,37.3080028,-79.5281964,51019.0,39,41,2,0,39,41,78747,0,0,0,0,0
2020-05-25,US,Virginia,Botetourt,32,4,0,37.55531756,-79.80982182,51023.0,28,31,4,0,27,31,33277,1,0,0,1,0
2020-05-25,US,Virginia,Bristol,4,0,0,36.616302399999995,-82.16359122,51520.0,4,4,0,0,4,4,16482,0,0,0,0,0
2020-05-25,US,Virginia,Brunswick,21,1,0,36.76366949,-77.8593436,51025.0,20,21,1,0,20,21,16384,0,0,0,0,0
2020-05-25,US,Virginia,Buchanan,18,0,0,37.26818323,-82.03749726,51027.0,18,18,0,0,18,18,21221,0,0,0,0,0
2020-05-25,US,Virginia,Buckingham,443,3,0,37.57242268,-78.52518834,51029.0,440,442,2,0,440,443,16999,1,1,0,0,-1
2020-05-25,US,Virginia,Buena Vista,12,0,0,37.73484642,-79.35296097,51530.0,12,12,0,0,12,12,6237,0,0,0,0,0
2020-05-25,US,Virginia,Campbell,13,1,0,37.20553386,-79.09678609,51031.0,12,13,1,0,12,13,54973,0,0,0,0,0
2020-05-25,US,Virginia,Caroline,49,2,0,38.02679129,-77.34901405,51033.0,47,47,2,0,45,46,30772,2,0,0,2,1
2020-05-25,US,Virginia,Carroll,77,1,0,36.73066666,-80.73455942,51035.0,76,74,1,0,73,66,29636,3,0,0,3,8
2020-05-25,US,Virginia,Charles City,27,1,0,37.35358063,-77.05634116,51036.0,26,27,1,0,26,27,6941,0,0,0,0,0
2020-05-25,US,Virginia,Charlotte,19,0,0,37.01909701,-78.66314092,51037.0,19,19,0,0,19,19,11938,0,0,0,0,0
2020-05-25,US,Virginia,Charlottesville,82,3,0,38.03527919,-78.48569588,51540.0,79,80,3,0,77,74,48117,2,0,0,2,6
2020-05-25,US,Virginia,Chesapeake,449,14,0,36.67670048,-76.30545744,51550.0,435,433,13,0,420,426,242634,16,1,0,15,7
2020-05-25,US,Virginia,Chesterfield,1200,30,0,37.37373208,-77.58680140000001,51041.0,1170,1193,29,0,1164,1193,348556,7,1,0,6,0
2020-05-25,US,Virginia,Clarke,22,0,0,39.11271747,-77.99199425,51043.0,22,21,0,0,21,21,14523,1,0,0,1,0
2020-05-25,US,Virginia,Colonial Heights,83,8,0,37.26420587,-77.39609676,51570.0,75,83,8,0,75,83,17833,0,0,0,0,0
2020-05-25,US,Virginia,Covington,3,0,0,37.7824656,-79.98631446,51580.0,3,3,0,0,3,3,5460,0,0,0,0,0
2020-05-25,US,Virginia,Craig,5,0,0,37.48133648,-80.21072274,51045.0,5,5,0,0,5,5,5064,0,0,0,0,0
2020-05-25,US,Virginia,Culpeper,614,5,0,38.48199985,-77.95630870000002,51047.0,609,594,5,0,589,574,51859,20,0,0,20,20
2020-05-25,US,Virginia,Cumberland,27,0,0,37.51328851,-78.24398086,51049.0,27,26,0,0,26,26,9809,1,0,0,1,0
2020-05-25,US,Virginia,Danville,48,2,0,36.58022376,-79.40395668,51590.0,46,46,2,0,44,46,40693,2,0,0,2,0
2020-05-25,US,Virginia,Dinwiddie,48,0,0,37.07544585,-77.63451754,51053.0,48,48,0,0,48,48,28529,0,0,0,0,0
2020-05-25,US,Virginia,Emporia,62,5,0,36.69455571,-77.53406129,51595.0,57,60,3,0,57,60,5121,2,2,0,0,0
2020-05-25,US,Virginia,Essex,44,0,0,37.93357639,-76.94230311,51057.0,44,43,0,0,43,41,10919,1,0,0,1,2
2020-05-25,US,Virginia,Fairfax,9482,331,0,38.83677558,-77.27565836,51059.0,9151,8989,327,0,8662,8945,1150795,493,4,0,489,44
2020-05-25,US,Virginia,Fairfax,9482,331,0,38.83677558,-77.27565836,51059.0,9151,8989,327,0,8662,8945,24574,493,4,0,489,44
2020-05-25,US,Virginia,Fairfax City,57,3,0,38.85157547,-77.29779640000002,51600.0,54,52,3,0,49,52,24574,5,0,0,5,0
2020-05-25,US,Virginia,Falls Church,48,5,0,38.88485255,-77.17560759,51610.0,43,47,5,0,42,47,14772,1,0,0,1,0
2020-05-25,US,Virginia,Fauquier,285,5,0,38.73564842,-77.80647472,51061.0,280,282,5,0,277,269,70675,3,0,0,3,13
2020-05-25,US,Virginia,Floyd,5,0,0,36.9302126,-80.36738849,51063.0,5,4,0,0,4,4,15795,1,0,0,1,0
2020-05-25,US,Virginia,Fluvanna,85,6,0,37.84157909,-78.27715475,51065.0,79,84,6,0,78,84,26783,1,0,0,1,0
2020-05-25,US,Virginia,Franklin,33,2,0,36.99536167,-79.88023649,51067.0,31,32,1,0,31,32,56195,1,1,0,0,0
2020-05-25,US,Virginia,Franklin,33,2,0,36.99536167,-79.88023649,51067.0,31,32,1,0,31,32,8013,1,1,0,0,0
2020-05-25,US,Virginia,Franklin City,39,1,0,36.6831435,-76.93859681,51620.0,38,38,1,0,37,38,8013,1,0,0,1,0
2020-05-25,US,Virginia,Frederick,271,4,0,39.20172582,-78.25974949,51069.0,267,262,3,0,259,255,88355,9,1,0,8,7
2020-05-25,US,Virginia,Fredericksburg,123,0,0,38.2977863,-77.4922454,51630.0,123,118,0,0,118,113,29144,5,0,0,5,5
2020-05-25,US,Virginia,Galax,95,0,0,36.66601852,-80.91703124,51640.0,95,88,0,0,88,87,6423,7,0,0,7,1
2020-05-25,US,Virginia,Giles,5,0,0,37.31234791,-80.70636931,51071.0,5,5,0,0,5,5,16844,0,0,0,0,0
2020-05-25,US,Virginia,Gloucester,30,1,0,37.40809042,-76.53524337,51073.0,29,30,1,0,29,30,37349,0,0,0,0,0
2020-05-25,US,Virginia,Goochland,93,6,0,37.71714806,-77.90381514,51075.0,87,90,5,0,85,90,23244,3,1,0,2,0
2020-05-25,US,Virginia,Grayson,30,0,0,36.65677234,-81.23215889,51077.0,30,26,0,0,26,24,15631,4,0,0,4,2
2020-05-25,US,Virginia,Greene,23,1,0,38.29545894,-78.46525378,51079.0,22,22,1,0,21,21,19779,1,0,0,1,1
2020-05-25,US,Virginia,Greensville,55,7,0,36.67878901,-77.56351439,51081.0,48,55,7,0,48,55,11627,0,0,0,0,0
2020-05-25,US,Virginia,Halifax,29,0,0,36.76654925,-78.93512622,51083.0,29,29,0,0,29,29,34120,0,0,0,0,0
2020-05-25,US,Virginia,Hampton,181,3,0,37.03513786,-76.35879121,51650.0,178,174,3,0,171,172,134313,7,0,0,7,2
2020-05-25,US,Virginia,Hanover,275,19,0,37.7583355,-77.49464673,51085.0,256,252,19,0,233,252,107239,23,0,0,23,0
2020-05-25,US,Virginia,Harrisonburg,727,21,0,38.43542574,-78.87536254,51660.0,706,716,21,0,695,709,54033,11,0,0,11,7
2020-05-25,US,Virginia,Henrico,1492,118,0,37.53460572,-77.39326555,51087.0,1374,1446,118,0,1328,1411,329261,46,0,0,46,35
2020-05-25,US,Virginia,Henry,77,2,0,36.68542395,-79.87634026,51089.0,75,67,2,0,65,63,50953,10,0,0,10,4
2020-05-25,US,Virginia,Highland,3,0,0,38.35799465,-79.56124594,51091.0,3,3,0,0,3,3,2210,0,0,0,0,0
2020-05-25,US,Virginia,Hopewell,66,0,0,37.29186313,-77.29754684,51670.0,66,66,0,0,66,67,22596,0,0,0,0,-1
2020-05-25,US,Virginia,Isle of Wight,125,3,0,36.90579348,-76.70842863,51093.0,122,124,3,0,121,124,36953,1,0,0,1,0
2020-05-25,US,Virginia,James City,197,16,0,37.31156958,-76.76950618,51095.0,181,196,16,0,180,192,76397,1,0,0,1,4
2020-05-25,US,Virginia,King George,56,4,0,38.26818502,-77.15852768,51099.0,52,54,4,0,50,52,26575,2,0,0,2,2
2020-05-25,US,Virginia,King William,24,0,0,37.70965316,-77.09384941,51101.0,24,20,0,0,20,20,16939,4,0,0,4,0
2020-05-25,US,Virginia,King and Queen,7,0,0,37.71044922,-76.88689628,51097.0,7,7,0,0,7,7,7042,0,0,0,0,0
2020-05-25,US,Virginia,Lancaster,10,0,0,37.71889653,-76.46400482,51103.0,10,10,0,0,10,10,10783,0,0,0,0,0
2020-05-25,US,Virginia,Lee,9,0,0,36.70586667,-83.12606515,51105.0,9,9,0,0,9,9,23541,0,0,0,0,0
2020-05-25,US,Virginia,Lexington,6,0,0,37.78258621,-79.44262866,51678.0,6,6,0,0,6,6,7136,0,0,0,0,0
2020-05-25,US,Virginia,Loudoun,2047,52,0,39.08990083,-77.63481877,51107.0,1995,1821,52,0,1769,1831,406850,226,0,0,226,-10
2020-05-25,US,Virginia,Louisa,69,1,0,37.97850256,-77.96274807,51109.0,68,69,1,0,68,67,36778,0,0,0,0,2
2020-05-25,US,Virginia,Lunenburg,8,0,0,36.94618528,-78.24133319,51111.0,8,8,0,0,8,7,12086,0,0,0,0,1
2020-05-25,US,Virginia,Lynchburg,77,1,0,37.40021399,-79.19888138,51680.0,76,77,1,0,76,77,82126,0,0,0,0,0
2020-05-25,US,Virginia,Madison,32,1,0,38.41531222,-78.28220331,51113.0,31,32,1,0,31,27,13295,0,0,0,0,5
2020-05-25,US,Virginia,Manassas,849,9,0,38.7464321,-77.48509905,51683.0,840,806,7,0,799,792,41641,43,2,0,41,14
2020-05-25,US,Virginia,Manassas Park,261,5,0,38.77058531,-77.44399307,51685.0,256,239,4,0,235,230,17307,22,1,0,21,9
2020-05-25,US,Virginia,Martinsville,24,1,0,36.68212094,-79.86352771,51690.0,23,24,1,0,23,24,12902,0,0,0,0,0
2020-05-25,US,Virginia,Mathews,5,0,0,37.44164146,-76.34098896,51115.0,5,5,0,0,5,5,8802,0,0,0,0,0
2020-05-25,US,Virginia,Mecklenburg,205,20,0,36.67882005,-78.36131056,51117.0,185,200,20,0,180,193,30650,5,0,0,5,7
2020-05-25,US,Virginia,Middlesex,12,0,0,37.63191998,-76.55064617,51119.0,12,12,0,0,12,12,10769,0,0,0,0,0
2020-05-25,US,Virginia,Montgomery,69,1,0,37.17746986,-80.37868691,51121.0,68,69,1,0,68,69,98985,0,0,0,0,0
2020-05-25,US,Virginia,Nelson,14,0,0,37.78790447,-78.88498513,51125.0,14,13,0,0,13,13,14836,1,0,0,1,0
2020-05-25,US,Virginia,New Kent,29,1,0,37.50694406,-76.99828634,51127.0,28,27,1,0,26,27,22391,2,0,0,2,0
2020-05-25,US,Virginia,Newport News,245,10,0,37.08166899,-76.51754109,51700.0,235,237,10,0,227,234,178626,8,0,0,8,3
2020-05-25,US,Virginia,Norfolk,432,6,0,36.89934014,-76.26420872,51710.0,426,399,6,0,393,393,244076,33,0,0,33,6
2020-05-25,US,Virginia,Northampton,216,17,0,37.34062933,-75.87751591,51131.0,199,213,16,0,197,210,11735,3,1,0,2,3
2020-05-25,US,Virginia,Northumberland,23,1,0,37.89202088,-76.41949732,51133.0,22,22,1,0,21,22,12147,1,0,0,1,0
2020-05-25,US,Virginia,Norton,2,0,0,36.93357076,-82.62750411,51720.0,2,2,0,0,2,2,3968,0,0,0,0,0
2020-05-25,US,Virginia,Nottoway,19,0,0,37.1435975,-78.05065922,51135.0,19,19,0,0,19,19,15420,0,0,0,0,0
2020-05-25,US,Virginia,Orange,81,0,0,38.24530219,-78.01560400000002,51137.0,81,80,0,0,80,77,36644,1,0,0,1,3
2020-05-25,US,Virginia,Page,197,21,0,38.61807452,-78.48797204,51139.0,176,188,21,0,167,186,23933,9,0,0,9,2
2020-05-25,US,Virginia,Patrick,14,0,0,36.680163799999995,-80.2865648,51141.0,14,14,0,0,14,13,17673,0,0,0,0,1
2020-05-25,US,Virginia,Petersburg,88,2,0,37.20530399,-77.39368102,51730.0,86,86,2,0,84,87,31567,2,0,0,2,-1
2020-05-25,US,Virginia,Pittsylvania,35,1,0,36.81980341,-79.39731264,51143.0,34,32,1,0,31,28,60949,3,0,0,3,4
2020-05-25,US,Virginia,Poquoson,7,0,0,37.14259351,-76.35798148,51735.0,7,7,0,0,7,7,12190,0,0,0,0,0
2020-05-25,US,Virginia,Portsmouth,272,11,0,36.85914825,-76.35971629,51740.0,261,262,11,0,251,253,94632,10,0,0,10,9
2020-05-25,US,Virginia,Powhatan,29,0,0,37.55016038,-77.91267882,51145.0,29,29,0,0,29,29,29189,0,0,0,0,0
2020-05-25,US,Virginia,Prince Edward,108,2,0,37.22554789,-78.43597949,51147.0,106,108,2,0,106,108,22950,0,0,0,0,0
2020-05-25,US,Virginia,Prince George,60,0,0,37.18497668,-77.22922187,51149.0,60,60,0,0,60,60,38082,0,0,0,0,0
2020-05-25,US,Virginia,Prince William,4702,94,0,38.70916224,-77.48713689,51153.0,4608,4468,84,0,4384,4408,468011,234,10,0,224,60
2020-05-25,US,Virginia,Pulaski,11,0,0,37.06474963,-80.71229738,51155.0,11,10,0,0,10,10,34066,1,0,0,1,0
2020-05-25,US,Virginia,Radford,7,0,0,37.12222899,-80.56027320000003,51750.0,7,6,0,0,6,4,18339,1,0,0,1,2
2020-05-25,US,Virginia,Rappahannock,13,0,0,38.68295619,-78.15826963,51157.0,13,12,0,0,12,12,7252,1,0,0,1,0
2020-05-25,US,Virginia,Richmond,275,4,0,37.937575,-76.72920628,51159.0,271,275,4,0,271,276,9038,0,0,0,0,-1
2020-05-25,US,Virginia,Richmond City,1040,20,0,37.53255773,-77.47966921,51760.0,1020,1012,19,0,993,979,228783,28,1,0,27,33
2020-05-25,US,Virginia,Roanoke,94,7,0,37.26865804,-80.06396753,51161.0,87,90,5,0,85,90,94073,4,2,0,2,0
2020-05-25,US,Virginia,Roanoke City,140,9,0,37.27791025,-79.96189766,51770.0,131,140,9,0,131,141,99920,0,0,0,0,-1
2020-05-25,US,Virginia,Rockbridge,16,0,0,37.81204314,-79.44605905,51163.0,16,14,0,0,14,14,22752,2,0,0,2,0
2020-05-25,US,Virginia,Rockingham,467,6,0,38.51006137,-78.87260325,51165.0,461,453,6,0,447,452,81244,14,0,0,14,1
2020-05-25,US,Virginia,Russell,8,0,0,36.93028320000001,-82.10095486,51167.0,8,8,0,0,8,8,26748,0,0,0,0,0
2020-05-25,US,Virginia,Salem,32,3,0,37.2836193,-80.06219455,51775.0,29,32,3,0,29,32,25643,0,0,0,0,0
2020-05-25,US,Virginia,Scott,7,2,0,36.71466456,-82.60171704,51169.0,5,7,2,0,5,7,21534,0,0,0,0,0
2020-05-25,US,Virginia,Shenandoah,376,17,0,38.85905135,-78.56813762,51171.0,359,372,16,0,356,365,43497,4,1,0,3,7
2020-05-25,US,Virginia,Smyth,15,0,0,36.84455636,-81.53344948,51173.0,15,15,0,0,15,15,30472,0,0,0,0,0
2020-05-25,US,Virginia,Southampton,143,2,0,36.72231125,-77.10642712,51175.0,141,143,2,0,141,141,17586,0,0,0,0,2
2020-05-25,US,Virginia,Spotsylvania,422,6,0,38.18574462,-77.655399,51177.0,416,401,5,0,396,386,134238,21,1,0,20,15
2020-05-25,US,Virginia,Stafford,599,4,0,38.41758738,-77.45917053,51179.0,595,581,4,0,577,569,149960,18,0,0,18,12
2020-05-25,US,Virginia,Staunton,35,0,0,38.15965544,-79.05979937,51790.0,35,35,0,0,35,35,24922,0,0,0,0,0
2020-05-25,US,Virginia,Suffolk,300,31,0,36.70155394,-76.63603554,51800.0,269,295,29,0,266,290,91185,5,2,0,3,5
2020-05-25,US,Virginia,Surry,6,1,0,37.11781893,-76.88450012,51181.0,5,6,1,0,5,6,6474,0,0,0,0,0
2020-05-25,US,Virginia,Sussex,114,1,0,36.92432914,-77.25791182,51183.0,113,114,1,0,113,114,11237,0,0,0,0,0
2020-05-25,US,Virginia,Tazewell,6,0,0,37.12191123,-81.56685568,51185.0,6,6,0,0,6,6,40855,0,0,0,0,0
2020-05-25,US,Virginia,Virginia Beach,618,20,0,36.73285734,-76.04566934,51810.0,598,603,19,0,584,598,450189,15,1,0,14,5
2020-05-25,US,Virginia,Warren,117,2,0,38.90847745,-78.20280433,51187.0,115,111,2,0,109,110,40003,6,0,0,6,1
2020-05-25,US,Virginia,Washington,51,4,0,36.72341572,-81.95666289,51191.0,47,51,4,0,47,51,54402,0,0,0,0,0
2020-05-25,US,Virginia,Waynesboro,39,0,0,38.06451466,-78.90293905,51820.0,39,38,0,0,38,38,22628,1,0,0,1,0
2020-05-25,US,Virginia,Westmoreland,50,0,0,38.11021557,-76.80213247,51193.0,50,48,0,0,48,46,17830,2,0,0,2,2
2020-05-25,US,Virginia,Williamsburg,43,3,0,37.28131268,-76.70905141,51830.0,40,43,3,0,40,43,14896,0,0,0,0,0
2020-05-25,US,Virginia,Winchester,145,1,0,39.17054517,-78.17325058,51840.0,144,143,1,0,142,128,28108,2,0,0,2,15
2020-05-25,US,Virginia,Wise,24,2,0,36.9746148,-82.62410519,51195.0,22,24,2,0,22,24,38012,0,0,0,0,0
2020-05-25,US,Virginia,Wythe,18,1,0,36.91582035,-81.07834059,51197.0,17,17,1,0,16,17,28754,1,0,0,1,0
2020-05-25,US,Virginia,York,69,3,0,37.24374789,-76.54412815,51199.0,66,68,3,0,65,67,67846,1,0,0,1,1
2020-05-25,US,Washington,Adams,53,0,0,46.98299757,-118.56017340000001,53001.0,53,53,0,0,53,50,19759,0,0,0,0,3
2020-05-25,US,Washington,Asotin,19,2,0,46.18894415,-117.2022851,53003.0,17,18,2,0,16,18,22610,1,0,0,1,0
2020-05-25,US,Washington,Benton,704,59,0,46.23946995,-119.51208340000001,53005.0,645,696,59,0,637,674,201877,8,0,0,8,22
2020-05-25,US,Washington,Chelan,231,6,0,47.87046092,-120.6173956,53007.0,225,229,6,0,223,204,77036,2,0,0,2,25
2020-05-25,US,Washington,Clallam,25,0,0,48.04754642,-123.92263190000001,53009.0,25,25,0,0,25,25,76737,0,0,0,0,0
2020-05-25,US,Washington,Clark,412,22,0,45.77568046,-122.48292040000001,53011.0,390,410,22,0,388,399,481857,2,0,0,2,11
2020-05-25,US,Washington,Columbia,1,0,0,46.29442881,-117.9051983,53013.0,1,1,0,0,1,1,4059,0,0,0,0,0
2020-05-25,US,Washington,Cowlitz,73,0,0,46.19074721,-122.6782231,53015.0,73,72,0,0,72,71,108987,1,0,0,1,1
2020-05-25,US,Washington,Douglas,157,3,0,47.7361335,-119.69293700000001,53017.0,154,157,3,0,154,139,42907,0,0,0,0,18
2020-05-25,US,Washington,Ferry,1,0,0,48.471143100000006,-118.5154041,53019.0,1,1,0,0,1,1,7649,0,0,0,0,0
2020-05-25,US,Washington,Franklin,503,19,0,46.53351425,-118.9018212,53021.0,484,499,19,0,480,480,94347,4,0,0,4,19
2020-05-25,US,Washington,Grant,190,4,0,47.20753737,-119.4500749,53025.0,186,190,4,0,186,189,97331,0,0,0,0,1
2020-05-25,US,Washington,Grays Harbor,16,0,0,47.14003705,-123.7820567,53027.0,16,16,0,0,16,16,73901,0,0,0,0,0
2020-05-25,US,Washington,Island,177,10,0,48.14713305,-122.5216407,53029.0,167,177,10,0,167,177,84460,0,0,0,0,0
2020-05-25,US,Washington,Jefferson,30,0,0,47.75003077,-123.56097040000002,53031.0,30,30,0,0,30,30,31729,0,0,0,0,0
2020-05-25,US,Washington,King,7826,550,0,47.49137892,-121.8346131,53033.0,7276,7783,547,0,7236,7669,2233163,43,3,0,40,114
2020-05-25,US,Washington,Kitsap,161,2,0,47.63479026,-122.6436061,53035.0,159,161,2,0,159,160,269805,0,0,0,0,1
2020-05-25,US,Washington,Kittitas,75,0,0,47.12521214,-120.67943899999999,53037.0,75,72,0,0,72,66,47364,3,0,0,3,6
2020-05-25,US,Washington,Klickitat,24,3,0,45.87325839,-120.7913598,53039.0,21,24,3,0,21,24,22107,0,0,0,0,0
2020-05-25,US,Washington,Lewis,35,3,0,46.57756476,-122.39257690000001,53041.0,32,35,3,0,32,35,79604,0,0,0,0,0
2020-05-25,US,Washington,Lincoln,2,0,0,47.57705241,-118.41943880000001,53043.0,2,2,0,0,2,2,10740,0,0,0,0,0
2020-05-25,US,Washington,Mason,34,1,0,47.35007586,-123.1863685,53045.0,33,34,1,0,33,34,65507,0,0,0,0,0
2020-05-25,US,Washington,Okanogan,44,1,0,48.54855019,-119.73872240000001,53047.0,43,43,1,0,42,42,42132,1,0,0,1,1
2020-05-25,US,Washington,Pacific,9,1,0,46.55418369,-123.7285716,53049.0,8,9,1,0,8,9,22036,0,0,0,0,0
2020-05-25,US,Washington,Pend Oreille,3,0,0,48.53234021,-117.2741804,53051.0,3,3,0,0,3,2,13602,0,0,0,0,1
2020-05-25,US,Washington,Pierce,1762,71,0,47.03892768,-122.14059579999999,53053.0,1691,1756,70,0,1686,1728,891299,6,1,0,5,28
2020-05-25,US,Washington,San Juan,15,0,0,48.60182783,-122.96745,53055.0,15,15,0,0,15,15,17128,0,0,0,0,0
2020-05-25,US,Washington,Skagit,426,15,0,48.48171488,-121.766131,53057.0,411,426,15,0,411,426,128206,0,0,0,0,0
2020-05-25,US,Washington,Skamania,3,0,0,46.02408726,-121.91644029999999,53059.0,3,3,0,0,3,3,11924,0,0,0,0,0
2020-05-25,US,Washington,Snohomish,2904,136,0,48.04615983,-121.7170703,53061.0,2768,2895,135,0,2760,2863,814901,9,1,0,8,32
2020-05-25,US,Washington,Spokane,494,31,0,47.62113146,-117.4046494,53063.0,463,477,31,0,446,437,514631,17,0,0,17,40
2020-05-25,US,Washington,Stevens,10,1,0,48.40035475,-117.8542701,53065.0,9,10,1,0,9,10,45260,0,0,0,0,0
2020-05-25,US,Washington,Thurston,129,1,0,46.9291895,-122.82906559999999,53067.0,128,127,1,0,126,124,286419,2,0,0,2,3
2020-05-25,US,Washington,Unassigned,62,0,0,0.0,0.0,90053.0,62,72,0,0,72,59,,-10,0,0,-10,13
2020-05-25,US,Washington,Wahkiakum,4,0,0,46.29180039999999,-123.4250831,53069.0,4,4,0,0,4,4,4426,0,0,0,0,0
2020-05-25,US,Washington,Walla Walla,108,2,0,46.23040051,-118.4775539,53071.0,106,107,2,0,105,106,60922,1,0,0,1,1
2020-05-25,US,Washington,Whatcom,369,36,0,48.82227976,-121.74900179999999,53073.0,333,368,36,0,332,363,225685,1,0,0,1,5
2020-05-25,US,Washington,Whitman,16,0,0,46.90022523,-117.52417630000001,53075.0,16,16,0,0,16,16,49791,0,0,0,0,0
2020-05-25,US,Washington,Yakima,2958,91,0,46.45738486,-120.73801259999999,53077.0,2867,2812,87,0,2725,2594,251446,146,4,0,142,218
2020-05-25,US,West Virginia,Barbour,7,1,0,39.1307219,-80.00350858,54001.0,6,7,1,0,6,7,16535,0,0,0,0,0
2020-05-25,US,West Virginia,Berkeley,286,6,0,39.46704621,-78.02414609,54003.0,280,285,6,0,279,256,117123,1,0,0,1,29
2020-05-25,US,West Virginia,Boone,9,0,0,38.01974191,-81.69888019,54005.0,9,9,0,0,9,9,21951,0,0,0,0,0
2020-05-25,US,West Virginia,Braxton,2,0,0,38.70036159,-80.72011184,54007.0,2,2,0,0,2,2,14089,0,0,0,0,0
2020-05-25,US,West Virginia,Brooke,3,0,0,40.27367263,-80.57915332,54009.0,3,3,0,0,3,3,22203,0,0,0,0,0
2020-05-25,US,West Virginia,Cabell,59,0,0,38.42424062,-82.23855912,54011.0,59,59,0,0,59,57,93224,0,0,0,0,2
2020-05-25,US,West Virginia,Calhoun,2,0,0,38.84315422,-81.11934872,54013.0,2,2,0,0,2,2,7254,0,0,0,0,0
2020-05-25,US,West Virginia,Clay,2,0,0,38.46231092,-81.07652217,54015.0,2,2,0,0,2,2,8632,0,0,0,0,0
2020-05-25,US,West Virginia,Fayette,45,3,0,38.02974928,-81.08286634,54019.0,42,46,3,0,43,42,43018,-1,0,0,-1,4
2020-05-25,US,West Virginia,Gilmer,10,0,0,38.9251277,-80.85952723,54021.0,10,10,0,0,10,9,8026,0,0,0,0,1
2020-05-25,US,West Virginia,Grant,11,0,0,39.10314817,-79.19440518,54023.0,11,9,0,0,9,6,11626,2,0,0,2,3
2020-05-25,US,West Virginia,Greenbrier,9,0,0,37.9463652,-80.45335881,54025.0,9,9,0,0,9,9,34786,0,0,0,0,0
2020-05-25,US,West Virginia,Hampshire,21,1,0,39.32103553,-78.60826476,54027.0,20,15,1,0,14,13,23347,6,0,0,6,2
2020-05-25,US,West Virginia,Hancock,18,0,0,40.51943859,-80.57461608,54029.0,18,18,0,0,18,15,29094,0,0,0,0,3
2020-05-25,US,West Virginia,Hardy,37,0,0,39.00683177,-78.85855301,54031.0,37,37,0,0,37,35,13775,0,0,0,0,2
2020-05-25,US,West Virginia,Harrison,39,1,0,39.2853852,-80.37919577,54033.0,38,39,1,0,38,38,67554,0,0,0,0,1
2020-05-25,US,West Virginia,Jackson,135,18,0,38.84263974,-81.68148753,54035.0,117,135,18,0,117,135,28706,0,0,0,0,0
2020-05-25,US,West Virginia,Jefferson,154,1,0,39.30776166,-77.86014147,54037.0,153,153,1,0,152,140,56811,1,0,0,1,13
2020-05-25,US,West Virginia,Kanawha,212,18,0,38.33860077,-81.52857054,54039.0,194,212,18,0,194,212,180454,0,0,0,0,0
2020-05-25,US,West Virginia,Lewis,5,1,0,38.9947249,-80.49988181,54041.0,4,5,1,0,4,5,16024,0,0,0,0,0
2020-05-25,US,West Virginia,Lincoln,5,0,0,38.172154,-82.07017953,54043.0,5,5,0,0,5,5,20599,0,0,0,0,0
2020-05-25,US,West Virginia,Logan,16,1,0,37.8299889,-81.93528571,54045.0,15,16,1,0,15,16,32607,0,0,0,0,0
2020-05-25,US,West Virginia,Marion,50,2,0,39.50984542,-80.24244659,54049.0,48,48,2,0,46,48,56097,2,0,0,2,0
2020-05-25,US,West Virginia,Marshall,27,0,0,39.86064362,-80.66591062,54051.0,27,27,0,0,27,27,30785,0,0,0,0,0
2020-05-25,US,West Virginia,Mason,16,0,0,38.77071799,-82.02524219,54053.0,16,16,0,0,16,15,26718,0,0,0,0,1
2020-05-25,US,West Virginia,McDowell,6,0,0,37.38002939,-81.65083669,54047.0,6,6,0,0,6,6,18223,0,0,0,0,0
2020-05-25,US,West Virginia,Mercer,13,0,0,37.40481169,-81.11023142,54055.0,13,13,0,0,13,13,59131,0,0,0,0,0
2020-05-25,US,West Virginia,Mineral,38,0,0,39.41561583,-78.94104895,54057.0,38,38,0,0,38,36,26940,0,0,0,0,2
2020-05-25,US,West Virginia,Mingo,5,1,0,37.73048351,-82.13338365,54059.0,4,5,1,0,4,3,23785,0,0,0,0,2
2020-05-25,US,West Virginia,Monongalia,121,5,0,39.63218457,-80.04766838,54061.0,116,121,5,0,116,119,106420,0,0,0,0,2
2020-05-25,US,West Virginia,Monroe,7,0,0,37.56274716,-80.54577965,54063.0,7,7,0,0,7,6,13280,0,0,0,0,1
2020-05-25,US,West Virginia,Morgan,18,0,0,39.55439028,-78.26311676,54065.0,18,17,0,0,17,17,17787,1,0,0,1,0
2020-05-25,US,West Virginia,Nicholas,10,1,0,38.29617706,-80.79759588,54067.0,9,10,1,0,9,10,24842,0,0,0,0,0
2020-05-25,US,West Virginia,Ohio,39,1,0,40.0955451,-80.62203992,54069.0,38,38,1,0,37,38,41755,1,0,0,1,0
2020-05-25,US,West Virginia,Pendleton,9,0,0,38.68314479,-79.35084086,54071.0,9,9,0,0,9,6,6997,0,0,0,0,3
2020-05-25,US,West Virginia,Pleasants,4,0,0,39.37091679,-81.16771771,54073.0,4,4,0,0,4,3,7507,0,0,0,0,1
2020-05-25,US,West Virginia,Pocahontas,24,0,0,38.32758728,-80.00993811,54075.0,24,24,0,0,24,24,8414,0,0,0,0,0
2020-05-25,US,West Virginia,Preston,21,0,0,39.46770987,-79.66712803,54077.0,21,20,0,0,20,15,33839,1,0,0,1,5
2020-05-25,US,West Virginia,Putnam,32,0,0,38.50782345,-81.9082131,54079.0,32,31,0,0,31,31,56682,1,0,0,1,0
2020-05-25,US,West Virginia,Raleigh,15,0,0,37.76936795,-81.2456041,54081.0,15,15,0,0,15,14,74254,0,0,0,0,1
2020-05-25,US,West Virginia,Randolph,36,0,0,38.769899,-79.87919615,54083.0,36,36,0,0,36,28,28823,0,0,0,0,8
2020-05-25,US,West Virginia,Ritchie,1,0,0,39.18094587,-81.06356878,54085.0,1,1,0,0,1,1,9721,0,0,0,0,0
2020-05-25,US,West Virginia,Roane,8,0,0,38.71622686,-81.35243568,54087.0,8,8,0,0,8,8,13932,0,0,0,0,0
2020-05-25,US,West Virginia,Summers,2,0,0,37.65390597,-80.86009693,54089.0,2,2,0,0,2,1,12760,0,0,0,0,1
2020-05-25,US,West Virginia,Taylor,8,0,0,39.33602617,-80.0421439,54091.0,8,8,0,0,8,8,16862,0,0,0,0,0
2020-05-25,US,West Virginia,Tucker,4,0,0,39.11240885,-79.57053576,54093.0,4,4,0,0,4,4,6955,0,0,0,0,0
2020-05-25,US,West Virginia,Tyler,3,0,0,39.46811972,-80.88772676,54095.0,3,3,0,0,3,3,8746,0,0,0,0,0
2020-05-25,US,West Virginia,Upshur,7,0,0,38.89285061,-80.23689136,54097.0,7,7,0,0,7,6,24415,0,0,0,0,1
2020-05-25,US,West Virginia,Wayne,97,9,0,38.14901357,-82.42287994,54099.0,88,97,9,0,88,97,39944,0,0,0,0,0
2020-05-25,US,West Virginia,Wetzel,8,0,0,39.6065771,-80.64016540000001,54103.0,8,8,0,0,8,8,15270,0,0,0,0,0
2020-05-25,US,West Virginia,Wirt,4,0,0,39.02775007,-81.37473928,54105.0,4,4,0,0,4,4,5830,0,0,0,0,0
2020-05-25,US,West Virginia,Wood,51,2,0,39.20967886,-81.5162836,54107.0,49,51,2,0,49,48,84203,0,0,0,0,3
2020-05-25,US,West Virginia,Wyoming,3,0,0,37.612327,-81.54511071,54109.0,3,3,0,0,3,3,20786,0,0,0,0,0
2020-05-25,US,Wisconsin,Adams,4,1,0,43.96974651,-89.76782777,55001.0,3,4,1,0,3,4,20348,0,0,0,0,0
2020-05-25,US,Wisconsin,Ashland,2,0,0,46.31956891,-90.67837132,55003.0,2,2,0,0,2,2,15600,0,0,0,0,0
2020-05-25,US,Wisconsin,Barron,12,0,0,45.42372701,-91.84833627,55005.0,12,12,0,0,12,12,45164,0,0,0,0,0
2020-05-25,US,Wisconsin,Bayfield,3,1,0,46.52868768,-91.19716729,55007.0,2,3,1,0,2,3,15042,0,0,0,0,0
2020-05-25,US,Wisconsin,Brown,2249,32,0,44.452655299999996,-88.00411844,55009.0,2217,2243,32,0,2211,2238,263378,6,0,0,6,5
2020-05-25,US,Wisconsin,Buffalo,5,1,0,44.37835084,-91.75332578,55011.0,4,5,1,0,4,5,13125,0,0,0,0,0
2020-05-25,US,Wisconsin,Burnett,1,1,0,45.86303537,-92.36711412,55013.0,0,1,1,0,0,1,15392,0,0,0,0,0
2020-05-25,US,Wisconsin,Calumet,70,1,0,44.0816316,-88.21780273,55015.0,69,69,1,0,68,69,50159,1,0,0,1,0
2020-05-25,US,Wisconsin,Chippewa,53,0,0,45.06939744,-91.28068855,55017.0,53,49,0,0,49,48,64135,4,0,0,4,1
2020-05-25,US,Wisconsin,Clark,28,4,0,44.73483377,-90.61207486,55019.0,24,28,4,0,24,28,34709,0,0,0,0,0
2020-05-25,US,Wisconsin,Columbia,38,1,0,43.46492199,-89.33589004,55021.0,37,37,1,0,36,37,57358,1,0,0,1,0
2020-05-25,US,Wisconsin,Crawford,26,0,0,43.23870316,-90.93073686,55023.0,26,25,0,0,25,25,16291,1,0,0,1,0
2020-05-25,US,Wisconsin,Dane,604,26,0,43.06601594,-89.41733797,55025.0,578,596,26,0,570,594,542364,8,0,0,8,2
2020-05-25,US,Wisconsin,Dodge,161,1,0,43.41576662,-88.70928178,55027.0,160,152,1,0,151,149,87847,9,0,0,9,3
2020-05-25,US,Wisconsin,Door,37,3,0,44.95856458,-87.30002707,55029.0,34,37,3,0,34,37,27610,0,0,0,0,0
2020-05-25,US,Wisconsin,Douglas,18,0,0,46.43222285,-91.91595768,55031.0,18,17,0,0,17,17,43208,1,0,0,1,0
2020-05-25,US,Wisconsin,Dunn,23,0,0,44.94562799,-91.8962481,55033.0,23,22,0,0,22,21,45131,1,0,0,1,1
2020-05-25,US,Wisconsin,Eau Claire,98,0,0,44.726614,-91.28609183,55035.0,98,96,0,0,96,93,104534,2,0,0,2,3
2020-05-25,US,Wisconsin,Florence,2,0,0,45.84963535,-88.39804137,55037.0,2,2,0,0,2,2,4321,0,0,0,0,0
2020-05-25,US,Wisconsin,Fond du Lac,174,5,0,43.75354908,-88.48885325,55039.0,169,165,4,0,161,158,103066,9,1,0,8,7
2020-05-25,US,Wisconsin,Forest,12,0,0,45.66678019,-88.77084892,55041.0,12,11,0,0,11,11,8991,1,0,0,1,0
2020-05-25,US,Wisconsin,Grant,87,11,0,42.8671731,-90.7063218,55043.0,76,82,11,0,71,81,51554,5,0,0,5,1
2020-05-25,US,Wisconsin,Green,54,0,0,42.6794956,-89.60243287,55045.0,54,53,0,0,53,52,36929,1,0,0,1,1
2020-05-25,US,Wisconsin,Green Lake,15,0,0,43.80025981,-89.04679553,55047.0,15,14,0,0,14,14,18918,1,0,0,1,0
2020-05-25,US,Wisconsin,Iowa,12,0,0,43.00050278,-90.13469017,55049.0,12,11,0,0,11,11,23771,1,0,0,1,0
2020-05-25,US,Wisconsin,Iron,2,1,0,46.26302338,-90.24295041,55051.0,1,2,1,0,1,2,5676,0,0,0,0,0
2020-05-25,US,Wisconsin,Jackson,15,1,0,44.31864893,-90.80566792,55053.0,14,15,1,0,14,15,20478,0,0,0,0,0
2020-05-25,US,Wisconsin,Jefferson,84,3,0,43.02054068,-88.77529134,55055.0,81,80,3,0,77,78,85129,4,0,0,4,2
2020-05-25,US,Wisconsin,Juneau,22,1,0,43.92456975,-90.11120239,55057.0,21,22,1,0,21,22,26617,0,0,0,0,0
2020-05-25,US,Wisconsin,Kenosha,1001,22,0,42.57639354,-88.04051686,55059.0,979,998,22,0,976,983,169290,3,0,0,3,15
2020-05-25,US,Wisconsin,Kewaunee,33,1,0,44.51727459,-87.61468386,55061.0,32,33,1,0,32,33,20383,0,0,0,0,0
2020-05-25,US,Wisconsin,La Crosse,48,0,0,43.90632465,-91.11451093,55063.0,48,47,0,0,47,48,118230,1,0,0,1,-1
2020-05-25,US,Wisconsin,Lafayette,22,0,0,42.66005229,-90.1317729,55065.0,22,20,0,0,20,18,16665,2,0,0,2,2
2020-05-25,US,Wisconsin,Langlade,1,0,0,45.26271619,-89.07483625,55067.0,1,1,0,0,1,1,19268,0,0,0,0,0
2020-05-25,US,Wisconsin,Lincoln,4,0,0,45.33737523,-89.73411273,55069.0,4,4,0,0,4,3,27689,0,0,0,0,1
2020-05-25,US,Wisconsin,Manitowoc,29,1,0,44.11946801,-87.80928853,55071.0,28,29,1,0,28,28,79074,0,0,0,0,1
2020-05-25,US,Wisconsin,Marathon,42,1,0,44.89792533,-89.75863384,55073.0,41,41,1,0,40,38,135428,1,0,0,1,3
2020-05-25,US,Wisconsin,Marinette,32,2,0,45.38553432,-88.03324599999998,55075.0,30,31,2,0,29,31,40434,1,0,0,1,0
2020-05-25,US,Wisconsin,Marquette,3,1,0,43.81911946,-89.40073763,55077.0,2,3,1,0,2,3,15434,0,0,0,0,0
2020-05-25,US,Wisconsin,Menominee,3,0,0,45.00422544,-88.70950714,55078.0,3,3,0,0,3,2,4658,0,0,0,0,1
2020-05-25,US,Wisconsin,Milwaukee,6352,276,0,43.00486062,-87.96733172,55079.0,6076,6185,276,0,5909,5987,948201,167,0,0,167,198
2020-05-25,US,Wisconsin,Monroe,16,1,0,43.94641218,-90.61881899999999,55081.0,15,16,1,0,15,16,46051,0,0,0,0,0
2020-05-25,US,Wisconsin,Oconto,34,0,0,45.02715345,-88.26807503,55083.0,34,34,0,0,34,34,37830,0,0,0,0,0
2020-05-25,US,Wisconsin,Oneida,7,0,0,45.70677897,-89.51944105,55085.0,7,7,0,0,7,7,35470,0,0,0,0,0
2020-05-25,US,Wisconsin,Outagamie,193,7,0,44.41578887,-88.46565023,55087.0,186,184,7,0,177,181,187365,9,0,0,9,3
2020-05-25,US,Wisconsin,Ozaukee,138,11,0,43.38352225,-87.94625009,55089.0,127,137,11,0,126,134,89147,1,0,0,1,3
2020-05-25,US,Wisconsin,Pepin,1,0,0,44.58307413,-91.99949611,55091.0,1,1,0,0,1,1,7289,0,0,0,0,0
2020-05-25,US,Wisconsin,Pierce,42,0,0,44.71850291,-92.4224416,55093.0,42,42,0,0,42,36,42555,0,0,0,0,6
2020-05-25,US,Wisconsin,Polk,16,1,0,45.46130348,-92.44182875,55095.0,15,16,1,0,15,15,43598,0,0,0,0,1
2020-05-25,US,Wisconsin,Portage,10,0,0,44.47558711,-89.50152965,55097.0,10,10,0,0,10,9,70942,0,0,0,0,1
2020-05-25,US,Wisconsin,Price,2,0,0,45.68051754,-90.36098879999999,55099.0,2,2,0,0,2,2,13397,0,0,0,0,0
2020-05-25,US,Wisconsin,Racine,1394,25,0,42.74753117,-88.05941254,55101.0,1369,1387,22,0,1365,1311,196584,7,3,0,4,76
2020-05-25,US,Wisconsin,Richland,14,4,0,43.3762778,-90.43012729,55103.0,10,14,4,0,10,14,17377,0,0,0,0,0
2020-05-25,US,Wisconsin,Rock,569,16,0,42.67151616,-89.07147900000002,55105.0,553,545,16,0,529,529,163129,24,0,0,24,16
2020-05-25,US,Wisconsin,Rusk,4,0,0,45.47498854,-91.1333012,55107.0,4,4,0,0,4,4,14147,0,0,0,0,0
2020-05-25,US,Wisconsin,Sauk,77,3,0,43.42574087,-89.94966132,55111.0,74,77,3,0,74,77,64249,0,0,0,0,0
2020-05-25,US,Wisconsin,Sawyer,7,0,0,45.87931905,-91.14504927,55113.0,7,7,0,0,7,7,16489,0,0,0,0,0
2020-05-25,US,Wisconsin,Shawano,38,0,0,44.78902246,-88.76443896,55115.0,38,38,0,0,38,37,40796,0,0,0,0,1
2020-05-25,US,Wisconsin,Sheboygan,82,3,0,43.72099677,-87.94579284,55117.0,79,82,3,0,79,82,115456,0,0,0,0,0
2020-05-25,US,Wisconsin,St. Croix,68,0,0,45.03437474,-92.45000068,55109.0,68,67,0,0,67,65,89694,1,0,0,1,2
2020-05-25,US,Wisconsin,Taylor,1,0,0,45.21179252,-90.5004405,55119.0,1,1,0,0,1,1,20412,0,0,0,0,0
2020-05-25,US,Wisconsin,Trempealeau,20,0,0,44.30360275,-91.35893614,55121.0,20,18,0,0,18,14,29442,2,0,0,2,4
2020-05-25,US,Wisconsin,Vernon,16,0,0,43.59422667,-90.8324691,55123.0,16,16,0,0,16,14,30785,0,0,0,0,2
2020-05-25,US,Wisconsin,Vilas,6,0,0,46.05467334,-89.51719204,55125.0,6,6,0,0,6,6,21938,0,0,0,0,0
2020-05-25,US,Wisconsin,Walworth,351,13,0,42.66858202,-88.54163073,55127.0,338,348,13,0,335,339,103718,3,0,0,3,9
2020-05-25,US,Wisconsin,Washburn,2,0,0,45.89838588,-91.79050449,55129.0,2,2,0,0,2,2,15878,0,0,0,0,0
2020-05-25,US,Wisconsin,Washington,206,4,0,43.36863664,-88.22974712,55131.0,202,193,4,0,189,181,135693,13,0,0,13,12
2020-05-25,US,Wisconsin,Waukesha,567,25,0,43.01833055,-88.30431188,55133.0,542,561,25,0,536,553,403072,6,0,0,6,8
2020-05-25,US,Wisconsin,Waupaca,23,1,0,44.47068056,-88.96534501,55135.0,22,23,1,0,22,20,51128,0,0,0,0,3
2020-05-25,US,Wisconsin,Waushara,8,0,0,44.11324419,-89.24317107,55137.0,8,8,0,0,8,7,24263,0,0,0,0,1
2020-05-25,US,Wisconsin,Winnebago,182,1,0,44.06886922,-88.64477096,55139.0,181,172,1,0,171,166,171020,10,0,0,10,6
2020-05-25,US,Wisconsin,Wood,9,1,0,44.45537896,-90.04158336,55141.0,8,9,1,0,8,9,73055,0,0,0,0,0
2020-05-25,US,Wyoming,Albany,20,0,0,41.65498705,-105.72354150000001,56001.0,20,17,0,0,17,14,38601,3,0,0,3,3
2020-05-25,US,Wyoming,Big Horn,5,0,0,44.52405055,-107.9960365,56003.0,5,4,0,0,4,3,11881,1,0,0,1,1
2020-05-25,US,Wyoming,Campbell,30,0,0,44.24886082,-105.54744040000001,56005.0,30,30,0,0,30,30,46140,0,0,0,0,0
2020-05-25,US,Wyoming,Carbon,16,0,0,41.69357844,-106.9326084,56007.0,16,16,0,0,16,16,14971,0,0,0,0,0
2020-05-25,US,Wyoming,Converse,24,0,0,42.97272268,-105.5081848,56009.0,24,24,0,0,24,24,13640,0,0,0,0,0
2020-05-25,US,Wyoming,Crook,5,0,0,44.58855102,-104.56977049999999,56011.0,5,5,0,0,5,5,7450,0,0,0,0,0
2020-05-25,US,Wyoming,Fremont,249,0,0,43.04183996,-108.6296893,56013.0,249,248,0,0,248,244,39531,1,0,0,1,4
2020-05-25,US,Wyoming,Goshen,5,0,0,42.08798185,-104.3534743,56015.0,5,5,0,0,5,5,13376,0,0,0,0,0
2020-05-25,US,Wyoming,Hot Springs,10,0,0,43.71930657,-108.44231740000001,56017.0,10,10,0,0,10,9,4555,0,0,0,0,1
2020-05-25,US,Wyoming,Johnson,18,1,0,44.04057166,-106.58451740000001,56019.0,17,18,1,0,17,16,8460,0,0,0,0,2
2020-05-25,US,Wyoming,Laramie,183,0,0,41.30702520000001,-104.6887497,56021.0,183,182,0,0,182,182,98976,1,0,0,1,0
2020-05-25,US,Wyoming,Lincoln,15,0,0,42.26376367,-110.6563997,56023.0,15,15,0,0,15,15,19434,0,0,0,0,0
2020-05-25,US,Wyoming,Natrona,71,0,0,42.96180148,-106.79788500000001,56025.0,71,71,0,0,71,68,79115,0,0,0,0,3
2020-05-25,US,Wyoming,Niobrara,2,0,0,43.05607708,-104.47588959999999,56027.0,2,2,0,0,2,2,2388,0,0,0,0,0
2020-05-25,US,Wyoming,Park,2,0,0,44.52157546,-109.58528249999999,56029.0,2,2,0,0,2,2,29324,0,0,0,0,0
2020-05-25,US,Wyoming,Platte,1,0,0,42.13299116,-104.96633100000001,56031.0,1,1,0,0,1,1,8566,0,0,0,0,0
2020-05-25,US,Wyoming,Sheridan,16,0,0,44.79048913,-106.8862389,56033.0,16,16,0,0,16,16,30233,0,0,0,0,0
2020-05-25,US,Wyoming,Sublette,3,0,0,42.76558279,-109.91309220000001,56035.0,3,3,0,0,3,3,9813,0,0,0,0,0
2020-05-25,US,Wyoming,Sweetwater,25,0,0,41.65943896,-108.8827882,56037.0,25,25,0,0,25,25,43051,0,0,0,0,0
2020-05-25,US,Wyoming,Teton,100,0,0,43.93522482,-110.5890801,56039.0,100,100,0,0,100,100,23081,0,0,0,0,0
2020-05-25,US,Wyoming,Uinta,12,0,0,41.2878183,-110.54757820000002,56041.0,12,12,0,0,12,12,20299,0,0,0,0,0
2020-05-25,US,Wyoming,Unassigned,0,11,0,0.0,0.0,90056.0,-11,0,11,0,-11,0,,0,0,0,0,0
2020-05-25,US,Wyoming,Washakie,31,0,0,43.90451606,-107.68018700000002,56043.0,31,32,0,0,32,21,7885,-1,0,0,-1,11
