Date,Country/Region,Province/State,Admin2,Confirmed,Deaths,Recovered,Latitude,Longitude,FIPS,Incidence_Rate,Case-Fatality_Ratio,Active Cases,Previous Confirmed,Previous Deaths,Previous Recovered,Previous Active,Prev2 Confirmed,Population,Daily Confirmed,Daily Deaths,Daily Recovered,Daily Active,Previous Daily Confirmed
2020-08-23,US,Alabama,Autauga,1266,22,0,32.53952745,-86.64408227,1001.0,2266.0151425656445,1.7377567140600316,1244,1264,22,0,1242,1255,55601,2,0,0,2,9
2020-08-23,US,Alabama,Baldwin,4069,32,0,30.72774991,-87.72207058,1003.0,1822.7510146303878,0.7864340132710741,4037,4037,32,0,4005,3997,218022,32,0,0,32,40
2020-08-23,US,Alabama,Barbour,629,7,0,31.868263,-85.3871286,1005.0,2548.002916632909,1.1128775834658189,622,626,7,0,619,622,24881,3,0,0,3,4
2020-08-23,US,Alabama,Bibb,510,6,0,32.99642064,-87.12511459999996,1007.0,2277.395730999375,1.1764705882352942,504,503,6,0,497,501,22400,7,0,0,7,2
2020-08-23,US,Alabama,Blount,934,6,0,33.98210918,-86.56790593,1009.0,1615.1903987825547,0.6423982869379015,928,931,6,0,925,930,57840,3,0,0,3,1
2020-08-23,US,Alabama,Bullock,527,13,0,32.10030533,-85.71265535,1011.0,5217.305217305217,2.4667931688804554,514,527,13,0,514,528,10138,0,0,0,0,-1
2020-08-23,US,Alabama,Butler,804,36,0,31.75300095,-86.68057478,1013.0,4134.101192924722,4.477611940298506,768,802,36,0,766,802,19680,2,0,0,2,0
2020-08-23,US,Alabama,Calhoun,2144,23,0,33.77483727,-85.82630386,1015.0,1887.2408784824606,1.0727611940298507,2121,2134,23,0,2111,2105,114277,10,0,0,10,29
2020-08-23,US,Alabama,Chambers,870,38,0,32.91360079,-85.39072749,1017.0,2616.226619354063,4.367816091954023,832,869,38,0,831,865,33615,1,0,0,1,4
2020-08-23,US,Alabama,Cherokee,331,9,0,34.17805983,-85.60638968,1019.0,1263.5516872805008,2.7190332326283992,322,330,9,0,321,324,26032,1,0,0,1,6
2020-08-23,US,Alabama,Chilton,936,10,0,32.85044126,-86.7173256,1021.0,2106.779508418115,1.0683760683760684,926,923,10,0,913,912,44153,13,0,0,13,11
2020-08-23,US,Alabama,Choctaw,306,12,0,32.02227341,-88.26564429999998,1023.0,2430.693462546668,3.92156862745098,294,304,12,0,292,304,12841,2,0,0,2,0
2020-08-23,US,Alabama,Clarke,884,10,0,31.68099859,-87.83548597,1025.0,3742.2741512149687,1.1312217194570136,874,882,10,0,872,877,23920,2,0,0,2,5
2020-08-23,US,Alabama,Clay,316,6,0,33.26984193,-85.85836077,1027.0,2387.6086135247447,1.8987341772151896,310,316,6,0,310,317,13275,0,0,0,0,-1
2020-08-23,US,Alabama,Cleburne,177,4,0,33.67679204,-85.52005899,1029.0,1187.122736418511,2.2598870056497176,173,176,4,0,172,171,14987,1,0,0,1,5
2020-08-23,US,Alabama,Coffee,902,5,0,31.39932826,-85.98901039,1031.0,1723.2814947843033,0.5543237250554324,897,899,5,0,894,861,51909,3,0,0,3,38
2020-08-23,US,Alabama,Colbert,1343,19,0,34.69847452,-87.80168544,1033.0,2431.165257689035,1.4147431124348473,1324,1337,19,0,1318,1327,54762,6,0,0,6,10
2020-08-23,US,Alabama,Conecuh,421,11,0,31.43401703,-86.99320044,1035.0,3488.8538990635616,2.6128266033254155,410,420,11,0,409,417,12277,1,0,0,1,3
2020-08-23,US,Alabama,Coosa,112,3,0,32.93690146,-86.24847739,1037.0,1050.3610616149301,2.6785714285714284,109,112,3,0,109,111,10715,0,0,0,0,1
2020-08-23,US,Alabama,Covington,819,22,0,31.247785399999998,-86.45050893,1039.0,2210.585980728225,2.686202686202686,797,817,22,0,795,808,36986,2,0,0,2,9
2020-08-23,US,Alabama,Crenshaw,367,14,0,31.72941803,-86.31593104,1041.0,2664.8271855939593,3.8147138964577656,353,366,13,0,353,363,13824,1,1,0,0,3
2020-08-23,US,Alabama,Cullman,1365,12,0,34.13020303,-86.86888037,1043.0,1629.5005252602425,0.8791208791208791,1353,1361,12,0,1349,1346,83442,4,0,0,4,15
2020-08-23,US,Alabama,Dale,960,36,0,31.43037123,-85.61095742,1045.0,1952.3305946473608,3.75,924,954,36,0,918,902,48956,6,0,0,6,52
2020-08-23,US,Alabama,Dallas,1404,25,0,32.32688101,-87.10866709999998,1047.0,3774.5994192923968,1.7806267806267806,1379,1402,25,0,1377,1400,38310,2,0,0,2,2
2020-08-23,US,Alabama,DeKalb,1989,14,0,34.45946862,-85.80782906,1049.0,2781.312488638429,0.7038712921065863,1975,1976,14,0,1962,1969,71385,13,0,0,13,7
2020-08-23,US,Alabama,Elmore,1911,42,0,32.59785413,-86.14415284,1051.0,2353.187454592471,2.1978021978021984,1869,1909,42,0,1867,1899,81887,2,0,0,2,10
2020-08-23,US,Alabama,Escambia,1172,20,0,31.1256789,-87.15918694,1053.0,3199.3011765348188,1.706484641638225,1152,1169,20,0,1149,1161,36748,3,0,0,3,8
2020-08-23,US,Alabama,Etowah,2509,37,0,34.04567266,-86.04051873,1055.0,2453.357844095905,1.4746911119968116,2472,2479,37,0,2442,2455,102501,30,0,0,30,24
2020-08-23,US,Alabama,Fayette,270,6,0,33.72076938,-87.73886638,1057.0,1656.2384983437616,2.2222222222222223,264,265,6,0,259,260,16433,5,0,0,5,5
2020-08-23,US,Alabama,Franklin,1432,22,0,34.44235334,-87.84289505,1059.0,4566.035329379504,1.5363128491620113,1410,1423,22,0,1401,1418,31363,9,0,0,9,5
2020-08-23,US,Alabama,Geneva,353,2,0,31.09389027,-85.83572839,1061.0,1343.6869551977463,0.56657223796034,351,345,2,0,343,307,26314,8,0,0,8,38
2020-08-23,US,Alabama,Greene,268,14,0,32.85504247,-87.95684022,1063.0,3304.1548514363208,5.223880597014926,254,268,14,0,254,269,8233,0,0,0,0,-1
2020-08-23,US,Alabama,Hale,512,26,0,32.76039258,-87.63284988,1065.0,3494.6420039587742,5.078125,486,512,26,0,486,509,14726,0,0,0,0,3
2020-08-23,US,Alabama,Henry,308,3,0,31.51148016,-85.24267944,1067.0,1790.1772740482418,0.9740259740259741,305,301,3,0,298,281,17209,7,0,0,7,20
2020-08-23,US,Alabama,Houston,1740,14,0,31.15197924,-85.29939599,1069.0,1643.3388111293705,0.8045977011494253,1726,1725,14,0,1711,1596,104722,15,0,0,15,129
2020-08-23,US,Alabama,Jackson,1216,5,0,34.78144169,-85.99750489,1071.0,2355.402316662147,0.41118421052631576,1211,1208,5,0,1203,1193,51736,8,0,0,8,15
2020-08-23,US,Alabama,Jefferson,14621,285,0,33.55554728,-86.89506300000002,1073.0,2220.1031624436473,1.9492510772177003,14336,14579,285,0,14294,14538,659300,42,0,0,42,41
2020-08-23,US,Alabama,Lamar,260,2,0,33.77995024,-88.09668032,1075.0,1883.3755885548715,0.7692307692307693,258,259,2,0,257,259,13844,1,0,0,1,0
2020-08-23,US,Alabama,Lauderdale,1329,22,0,34.90171875,-87.65624729,1077.0,1433.20859709476,1.6553799849510908,1307,1320,22,0,1298,1308,92387,9,0,0,9,12
2020-08-23,US,Alabama,Lawrence,402,5,0,34.52041498,-87.31069453,1079.0,1220.9938039120398,1.243781094527363,397,396,4,0,392,389,32957,6,1,0,5,7
2020-08-23,US,Alabama,Lee,2930,47,0,32.60154883,-85.35132246,1081.0,1780.7003682950244,1.6040955631399318,2883,2916,47,0,2869,2908,163941,14,0,0,14,8
2020-08-23,US,Alabama,Limestone,1533,14,0,34.81185586,-86.98310072,1083.0,1549.8154981549815,0.9132420091324199,1519,1522,14,0,1508,1516,96174,11,0,0,11,6
2020-08-23,US,Alabama,Lowndes,587,24,0,32.1597283,-86.65158371,1085.0,6035.369113715813,4.088586030664395,563,585,24,0,561,585,9974,2,0,0,2,0
2020-08-23,US,Alabama,Macon,374,16,0,32.38759944,-85.69267724,1087.0,2069.9579366836397,4.2780748663101615,358,373,16,0,357,369,18439,1,0,0,1,4
2020-08-23,US,Alabama,Madison,5907,39,0,34.76327133,-86.55069633,1089.0,1584.032565585706,0.6602336211274759,5868,5878,39,0,5839,5861,366519,29,0,0,29,17
2020-08-23,US,Alabama,Marengo,608,17,0,32.24767634,-87.78796182,1091.0,3223.241265970418,2.796052631578948,591,606,17,0,589,606,19066,2,0,0,2,0
2020-08-23,US,Alabama,Marion,655,27,0,34.13697363,-87.88704173,1093.0,2204.7191086876032,4.122137404580153,628,649,27,0,622,639,29763,6,0,0,6,10
2020-08-23,US,Alabama,Marshall,3428,39,0,34.36975964,-86.30486727,1095.0,3542.273751214169,1.1376896149358229,3389,3409,39,0,3370,3376,96109,19,0,0,19,33
2020-08-23,US,Alabama,Mobile,11540,241,0,30.78472347,-88.20842409,1097.0,2792.7688100481596,2.0883882149046795,11299,11510,241,0,11269,11442,413757,30,0,0,30,68
2020-08-23,US,Alabama,Monroe,448,6,0,31.56729412,-87.36995001,1099.0,2160.8064438335027,1.3392857142857142,442,446,6,0,440,446,21067,2,0,0,2,0
2020-08-23,US,Alabama,Montgomery,7412,155,0,32.2206831,-86.20969272,1101.0,3272.608461450156,2.091203453858608,7257,7397,155,0,7242,7375,225763,15,0,0,15,22
2020-08-23,US,Alabama,Morgan,2620,22,0,34.45500589,-86.85475946,1103.0,2189.189415018508,0.8396946564885496,2598,2612,22,0,2590,2604,119089,8,0,0,8,8
2020-08-23,US,Alabama,Perry,472,4,0,32.64048341,-87.29770589,1105.0,5289.70077328253,0.8474576271186439,468,468,4,0,464,464,9140,4,0,0,4,4
2020-08-23,US,Alabama,Pickens,497,10,0,33.28094866,-88.08818103,1107.0,2493.7280481685902,2.0120724346076457,487,492,10,0,482,463,19938,5,0,0,5,29
2020-08-23,US,Alabama,Pike,781,7,0,31.80396383,-85.9408295,1109.0,2358.519055384429,0.8962868117797695,774,774,7,0,767,763,33338,7,0,0,7,11
2020-08-23,US,Alabama,Randolph,436,11,0,33.29526734,-85.45708831,1111.0,1918.8451720799226,2.5229357798165144,425,430,11,0,419,425,22725,6,0,0,6,5
2020-08-23,US,Alabama,Russell,1500,2,0,32.28725256,-85.18415324,1113.0,2587.947067855972,0.13333333333333333,1498,1493,2,0,1491,1476,57781,7,0,0,7,17
2020-08-23,US,Alabama,Shelby,3643,38,0,33.26879845,-86.66232561,1117.0,1673.388393308284,1.0430963491627778,3605,3625,38,0,3587,3620,215707,18,0,0,18,5
2020-08-23,US,Alabama,St. Clair,1550,24,0,33.71902176,-86.31029372,1115.0,1731.6114040575565,1.5483870967741935,1526,1514,24,0,1490,1512,88690,36,0,0,36,2
2020-08-23,US,Alabama,Sumter,390,19,0,32.59117397,-88.19916205,1119.0,3138.3278345537933,4.871794871794871,371,390,19,0,371,387,12691,0,0,0,0,3
2020-08-23,US,Alabama,Talladega,1218,16,0,33.37823223,-86.16886178,1121.0,1522.9188026707345,1.3136288998357963,1202,1210,16,0,1194,1213,79828,8,0,0,8,-3
2020-08-23,US,Alabama,Tallapoosa,919,79,0,32.86698258,-85.79833053,1123.0,2276.6120841281245,8.596300326441785,840,917,79,0,838,913,40497,2,0,0,2,4
2020-08-23,US,Alabama,Tuscaloosa,4792,86,0,33.28726072,-87.52556818,1125.0,2288.935062453727,1.7946577629382303,4706,4769,86,0,4683,4708,208911,23,0,0,23,61
2020-08-23,US,Alabama,Unassigned,4966,69,0,0.0,0.0,90001.0,0.0,1.3894482480869916,4897,4966,69,0,4897,4966,,0,0,0,0,0
2020-08-23,US,Alabama,Walker,1713,67,0,33.80270512,-87.30027177,1127.0,2696.745958029628,3.9112667834208987,1646,1706,67,0,1639,1696,63711,7,0,0,7,10
2020-08-23,US,Alabama,Washington,484,13,0,31.4092794,-88.20689944,1129.0,2964.596349381355,2.6859504132231407,471,483,13,0,470,480,16378,1,0,0,1,3
2020-08-23,US,Alabama,Wilcox,469,10,0,31.98773215,-87.30891118,1131.0,4521.353513930396,2.1321961620469083,459,468,10,0,458,466,10627,1,0,0,1,2
2020-08-23,US,Alabama,Winston,500,11,0,34.15030532,-87.37325922,1133.0,2116.0438444284564,2.2,489,498,11,0,487,497,23660,2,0,0,2,1
2020-08-23,US,Alaska,Aleutians East,2,0,0,55.32222414,-161.9722021,2013.0,59.93407252022774,0.0,2,2,0,0,2,2,3515,0,0,0,0,0
2020-08-23,US,Alaska,Aleutians West,5,0,0,52.3233,-174.1596,2016.0,88.74689385871494,0.0,5,5,0,0,5,5,5723,0,0,0,0,0
2020-08-23,US,Alaska,Anchorage,2695,16,0,61.14998174,-149.14269860000005,2020.0,935.7638888888887,0.5936920222634509,2679,2665,16,0,2649,2623,291538,30,0,0,30,42
2020-08-23,US,Alaska,Bethel,40,1,0,60.90980451,-159.8561831,2050.0,217.55683672359402,2.5,39,38,1,0,37,37,18216,2,0,0,2,1
2020-08-23,US,Alaska,Bristol Bay,11,0,0,58.74513976,-156.701064,2060.0,1315.7894736842104,0.0,11,11,0,0,11,11,877,0,0,0,0,0
2020-08-23,US,Alaska,Denali,1,0,0,63.67264044,-150.0076108,2068.0,47.687172150691474,0.0,1,1,0,0,1,1,2059,0,0,0,0,0
2020-08-23,US,Alaska,Dillingham,5,0,0,59.79603738,-158.23819419999995,2070.0,101.70870626525631,0.0,5,5,0,0,5,5,5000,0,0,0,0,0
2020-08-23,US,Alaska,Fairbanks North Star,560,8,0,64.80726247,-146.5692662,2090.0,578.2197028363743,1.4285714285714286,552,549,7,0,542,537,98971,11,1,0,10,12
2020-08-23,US,Alaska,Haines,5,0,0,59.09893571,-135.4679843,2100.0,197.6284584980237,0.0,5,5,0,0,5,5,2474,0,0,0,0,0
2020-08-23,US,Alaska,Juneau,163,1,0,58.45031811,-134.200436,2110.0,509.789203728029,0.6134969325153374,162,157,1,0,156,155,32113,6,0,0,6,2
2020-08-23,US,Alaska,Kenai Peninsula,399,2,0,60.24429722,-151.53888840000005,2122.0,679.6348027526061,0.5012531328320802,397,396,2,0,394,388,58533,3,0,0,3,8
2020-08-23,US,Alaska,Ketchikan Gateway,42,0,0,55.57445008,-130.975561,2130.0,302.1365369397885,0.0,42,42,0,0,42,40,13918,0,0,0,0,2
2020-08-23,US,Alaska,Kodiak Island,14,0,0,57.65529415,-153.7493579,2150.0,107.70887828896757,0.0,14,14,0,0,14,14,13345,0,0,0,0,0
2020-08-23,US,Alaska,Kusilvak,8,0,0,62.15429159999999,-163.39678830000003,2158.0,96.22323791195574,0.0,8,8,0,0,8,8,8303,0,0,0,0,0
2020-08-23,US,Alaska,Matanuska-Susitna,435,2,0,62.31305045,-149.5741743,2170.0,401.59901031232397,0.4597701149425287,433,424,2,0,422,411,107610,11,0,0,11,13
2020-08-23,US,Alaska,Nome,31,0,0,64.90320724,-164.0353804,2180.0,309.87604958016794,0.0,31,30,0,0,30,30,10008,1,0,0,1,0
2020-08-23,US,Alaska,North Slope,30,0,0,69.31479216,-153.4836093,2185.0,305.12611879576895,0.0,30,30,0,0,30,29,9872,0,0,0,0,1
2020-08-23,US,Alaska,Northwest Arctic,62,0,0,67.04919196,-159.7503946,2188.0,813.5415299829417,0.0,62,62,0,0,62,61,7671,0,0,0,0,1
2020-08-23,US,Alaska,Petersburg,7,1,0,57.13978948,-132.9540995,2195.0,214.32945499081444,14.285714285714285,6,7,1,0,6,7,3221,0,0,0,0,0
2020-08-23,US,Alaska,Prince of Wales-Hyder,20,0,0,55.76261984,-133.0511621,2198.0,322.4246332419797,0.0,20,20,0,0,20,16,6422,0,0,0,0,4
2020-08-23,US,Alaska,Sitka,34,0,0,57.24124555,-135.3206587,2220.0,400.3296832685741,0.0,34,34,0,0,34,34,8647,0,0,0,0,0
2020-08-23,US,Alaska,Southeast Fairbanks,18,0,0,63.87692095,-143.2127643,2240.0,261.13448425939356,0.0,18,18,0,0,18,18,6918,0,0,0,0,0
2020-08-23,US,Alaska,Unassigned,1,0,0,0.0,0.0,90002.0,0.0,0.0,1,1,0,0,1,1,,0,0,0,0,0
2020-08-23,US,Alaska,Valdez-Cordova,69,0,0,61.47502768,-144.7126799,2261.0,749.8369919582698,0.0,69,69,0,0,69,69,9164,0,0,0,0,0
2020-08-23,US,Alaska,Wrangell,9,0,0,56.3202004,-132.05837309999998,2275.0,359.71223021582733,0.0,9,9,0,0,9,8,2503,0,0,0,0,1
2020-08-23,US,Alaska,Yakutat,9,0,0,59.890980799999994,-140.36014509999998,2282.0,1554.4041450777206,0.0,9,9,0,0,9,9,604,0,0,0,0,0
2020-08-23,US,Alaska,Yukon-Koyukuk,66,1,0,65.50815459,-151.39073869999999,2290.0,1261.9502868068835,1.5151515151515151,65,66,1,0,65,64,5327,0,0,0,0,2
2020-08-23,US,Arizona,Apache,3302,148,0,35.39465006,-109.4892383,4001.0,4593.320071779322,4.48213204118716,3154,3301,148,0,3153,3283,71818,1,0,0,1,18
2020-08-23,US,Arizona,Cochise,1795,56,0,31.87934684,-109.7516088,4003.0,1425.4856180810345,3.119777158774373,1739,1791,56,0,1735,1780,126770,4,0,0,4,11
2020-08-23,US,Arizona,Coconino,3244,122,0,35.83883429,-111.77071780000001,4005.0,2261.005324932393,3.76078914919852,3122,3236,122,0,3114,3222,142854,8,0,0,8,14
2020-08-23,US,Arizona,Gila,1073,43,0,33.80190085,-110.8132779,4007.0,1986.3749120663485,4.007455731593662,1030,1074,43,0,1031,1060,53889,-1,0,0,-1,14
2020-08-23,US,Arizona,Graham,669,22,0,32.93166885,-109.8882178,4009.0,1722.584133686948,3.2884902840059786,647,664,22,0,642,651,38072,5,0,0,5,13
2020-08-23,US,Arizona,Greenlee,57,1,0,33.21498827,-109.2405279,4011.0,600.1263423878711,1.7543859649122806,56,57,1,0,56,57,9483,0,0,0,0,0
2020-08-23,US,Arizona,La Paz,494,14,0,33.72854224,-113.98100290000001,4012.0,2340.34489293159,2.8340080971659916,480,495,14,0,481,495,21098,-1,0,0,-1,0
2020-08-23,US,Arizona,Maricopa,131787,2790,0,33.34835867,-112.49181540000001,4013.0,2938.123437435206,2.1170525165608143,128997,131685,2776,0,128909,131166,4410824,102,14,0,88,519
2020-08-23,US,Arizona,Mohave,3489,194,0,35.70471703,-113.7577902,4015.0,1644.3508136920834,5.560332473488105,3295,3484,194,0,3290,3468,209550,5,0,0,5,16
2020-08-23,US,Arizona,Navajo,5498,216,0,35.3997715,-110.3218983,4017.0,4956.5468248530515,3.92870134594398,5282,5500,216,0,5284,5489,110445,-2,0,0,-2,11
2020-08-23,US,Arizona,Pima,20475,551,0,32.0971334,-111.7890033,4019.0,1955.0664149667853,2.6910866910866917,19924,20446,551,0,19895,20173,1039073,29,0,0,29,273
2020-08-23,US,Arizona,Pinal,9187,177,0,32.90525627,-111.3449483,4021.0,1985.1379354306173,1.926635463154457,9010,9149,177,0,8972,9107,447138,38,0,0,38,42
2020-08-23,US,Arizona,Santa Cruz,2742,55,0,31.52508998,-110.8479088,4023.0,5897.027829153943,2.00583515681984,2687,2735,55,0,2680,2718,46511,7,0,0,7,17
2020-08-23,US,Arizona,Unassigned,1,1,0,0.0,0.0,90004.0,0.0,100.0,0,0,1,0,-1,,,1,0,0,1,
2020-08-23,US,Arizona,Yavapai,2242,77,0,34.59933926,-112.5538588,4025.0,953.6408066389054,3.4344335414808214,2165,2235,76,0,2159,2221,231993,7,1,0,6,14
2020-08-23,US,Arizona,Yuma,12048,304,0,32.76895712,-113.90666740000002,4027.0,5635.515723594044,2.523240371845949,11744,12043,304,0,11739,12009,212128,5,0,0,5,34
2020-08-23,US,Arkansas,Arkansas,265,2,0,34.29145151,-91.37277296,5001.0,1515.4981127759354,0.7547169811320755,263,263,2,0,261,258,17769,2,0,0,2,5
2020-08-23,US,Arkansas,Ashley,379,7,0,33.19153461,-91.76984709999999,5003.0,1928.066337691408,1.8469656992084436,372,376,7,0,369,372,20046,3,0,0,3,4
2020-08-23,US,Arkansas,Baxter,116,0,0,36.28784385,-92.33782872,5005.0,276.63836687971,0.0,116,107,0,0,107,102,41619,9,0,0,9,5
2020-08-23,US,Arkansas,Benton,5092,45,0,36.33644656,-94.25680817,5007.0,1824.167714524201,0.8837391987431265,5047,5066,45,0,5021,5046,272608,26,0,0,26,20
2020-08-23,US,Arkansas,Boone,266,1,0,36.3084504,-93.09374925,5009.0,710.6219277623424,0.3759398496240601,265,257,1,0,256,251,37480,9,0,0,9,6
2020-08-23,US,Arkansas,Bradley,260,4,0,33.46755808,-92.15980837,5011.0,2415.683359658088,1.5384615384615383,256,251,4,0,247,243,10897,9,0,0,9,8
2020-08-23,US,Arkansas,Calhoun,23,0,0,33.55598792,-92.49974403,5013.0,443.24532665253423,0.0,23,23,0,0,23,22,5277,0,0,0,0,1
2020-08-23,US,Arkansas,Carroll,432,7,0,36.34038560000001,-93.54270261,5015.0,1522.1987315010572,1.6203703703703705,425,429,7,0,422,422,28223,3,0,0,3,7
2020-08-23,US,Arkansas,Chicot,938,10,0,33.26458973,-91.29539209,5017.0,9270.606839296304,1.0660980810234542,928,935,9,0,926,933,10438,3,1,0,2,2
2020-08-23,US,Arkansas,Clark,208,3,0,34.04613432,-93.17484713,5019.0,931.8996415770613,1.4423076923076923,205,206,3,0,203,201,22061,2,0,0,2,5
2020-08-23,US,Arkansas,Clay,164,5,0,36.36826212,-90.4148172,5021.0,1127.07030444643,3.0487804878048776,159,162,5,0,157,159,14847,2,0,0,2,3
2020-08-23,US,Arkansas,Cleburne,244,6,0,35.53864922,-92.02640019,5023.0,979.1725189614348,2.459016393442623,238,243,5,0,238,242,24965,1,1,0,0,1
2020-08-23,US,Arkansas,Cleveland,129,2,0,33.89723187,-92.18537045,5025.0,1621.4177978883856,1.5503875968992251,127,127,2,0,125,127,8018,2,0,0,2,0
2020-08-23,US,Arkansas,Columbia,274,12,0,33.21230701,-93.22642793,5027.0,1168.094811783263,4.37956204379562,262,273,12,0,261,265,23537,1,0,0,1,8
2020-08-23,US,Arkansas,Conway,189,3,0,35.26205537,-92.70506566,5029.0,906.6487575554063,1.5873015873015872,186,188,3,0,185,184,20891,1,0,0,1,4
2020-08-23,US,Arkansas,Craighead,1682,14,0,35.83018283,-90.63235729,5031.0,1524.4897219301745,0.8323424494649228,1668,1675,14,0,1661,1621,108558,7,0,0,7,54
2020-08-23,US,Arkansas,Crawford,835,6,0,35.58928601,-94.2446814,5033.0,1320.0120144806108,0.7185628742514971,829,827,6,0,821,814,63406,8,0,0,8,13
2020-08-23,US,Arkansas,Crittenden,1573,28,0,35.21247318,-90.30839406,5035.0,3280.158481910124,1.7800381436745074,1545,1563,27,0,1536,1554,48342,10,1,0,9,9
2020-08-23,US,Arkansas,Cross,240,4,0,35.29631396,-90.77185818,5037.0,1461.7211766855469,1.6666666666666667,236,238,4,0,234,236,16676,2,0,0,2,2
2020-08-23,US,Arkansas,Dallas,90,2,0,33.97042763,-92.65167437,5039.0,1284.063347125125,2.2222222222222223,88,88,2,0,86,86,7182,2,0,0,2,2
2020-08-23,US,Arkansas,Desha,223,4,0,33.83011025,-91.25500948,5041.0,1962.855382448728,1.7937219730941705,219,220,4,0,216,218,11512,3,0,0,3,2
2020-08-23,US,Arkansas,Drew,296,4,0,33.59035001,-91.71777921,5043.0,1624.677534442066,1.351351351351351,292,296,4,0,292,292,18328,0,0,0,0,4
2020-08-23,US,Arkansas,Faulkner,1500,7,0,35.14719007,-92.33717519,5045.0,1190.410056584158,0.4666666666666667,1493,1485,7,0,1478,1468,124806,15,0,0,15,17
2020-08-23,US,Arkansas,Franklin,152,2,0,35.51202821,-93.89299569,5047.0,858.0299181484618,1.3157894736842106,150,149,2,0,147,148,17810,3,0,0,3,1
2020-08-23,US,Arkansas,Fulton,59,0,0,36.38177105,-91.81729127,5049.0,472.87008094894605,0.0,59,55,0,0,55,55,12269,4,0,0,4,0
2020-08-23,US,Arkansas,Garland,1296,25,0,34.57692074,-93.14921604,5051.0,1304.0066005272372,1.9290123456790125,1271,1288,23,0,1265,1276,99154,8,2,0,6,12
2020-08-23,US,Arkansas,Grant,168,0,0,34.29017991,-92.42320562,5053.0,919.7919518204216,0.0,168,164,0,0,164,164,18188,4,0,0,4,0
2020-08-23,US,Arkansas,Greene,584,3,0,36.11735460000001,-90.55832668,5055.0,1288.4721456150028,0.5136986301369864,581,574,3,0,571,570,45325,10,0,0,10,4
2020-08-23,US,Arkansas,Hempstead,306,3,0,33.73325583,-93.66935133,5057.0,1421.140627902657,0.9803921568627452,303,303,3,0,300,294,21741,3,0,0,3,9
2020-08-23,US,Arkansas,Hot Spring,1678,17,0,34.31709259,-92.95396325,5059.0,4968.760178851678,1.0131108462455305,1661,1677,16,0,1661,1675,33701,1,1,0,0,2
2020-08-23,US,Arkansas,Howard,391,5,0,34.09007427,-93.9934871,5061.0,2961.6724738675957,1.278772378516624,386,389,4,0,385,386,13341,2,1,0,1,3
2020-08-23,US,Arkansas,Independence,684,3,0,35.74242707,-91.57001641,5063.0,1808.3278255122275,0.43859649122807015,681,676,3,0,673,669,37678,8,0,0,8,7
2020-08-23,US,Arkansas,Izard,81,0,0,36.09604046,-91.90847954,5065.0,594.3209333039841,0.0,81,78,0,0,78,72,13593,3,0,0,3,6
2020-08-23,US,Arkansas,Jackson,176,1,0,35.59802983,-91.21494602,5067.0,1052.6945391470779,0.5681818181818182,175,171,1,0,170,160,16811,5,0,0,5,11
2020-08-23,US,Arkansas,Jefferson,1899,43,0,34.26767081,-91.92619839,5069.0,2841.7933676523407,2.2643496577145865,1856,1881,43,0,1838,1861,68114,18,0,0,18,20
2020-08-23,US,Arkansas,Johnson,735,3,0,35.56759135,-93.46036368,5071.0,2765.4451049740387,0.4081632653061225,732,734,3,0,731,726,26742,1,0,0,1,8
2020-08-23,US,Arkansas,Lafayette,65,2,0,33.24116713,-93.60677071,5073.0,981.2801932367148,3.0769230769230766,63,65,2,0,63,65,6682,0,0,0,0,0
2020-08-23,US,Arkansas,Lawrence,240,10,0,36.04188196,-91.10867198,5075.0,1462.8794343532854,4.166666666666667,230,239,10,0,229,239,16434,1,0,0,1,0
2020-08-23,US,Arkansas,Lee,992,8,0,34.78498904,-90.78383866,5077.0,11200.180648074973,0.8064516129032258,984,991,8,0,983,988,8985,1,0,0,1,3
2020-08-23,US,Arkansas,Lincoln,1375,13,0,33.95317155,-91.74002806,5079.0,10557.432432432432,0.9454545454545454,1362,1374,13,0,1361,1371,13383,1,0,0,1,3
2020-08-23,US,Arkansas,Little River,256,13,0,33.70375665,-94.23468591,5081.0,2088.2616852924384,5.078125,243,254,13,0,241,252,12326,2,0,0,2,2
2020-08-23,US,Arkansas,Logan,347,1,0,35.21413234,-93.71951016,5083.0,1616.5098294978104,0.2881844380403458,346,347,1,0,346,344,21737,0,0,0,0,3
2020-08-23,US,Arkansas,Lonoke,651,2,0,34.75392199,-91.88742357,5085.0,888.0219345510101,0.30721966205837176,649,642,2,0,640,635,73657,9,0,0,9,7
2020-08-23,US,Arkansas,Madison,286,2,0,36.01038185,-93.72524943,5087.0,1725.3861003861005,0.6993006993006993,284,286,2,0,284,286,16481,0,0,0,0,0
2020-08-23,US,Arkansas,Marion,41,0,0,36.26844485,-92.68451899,5089.0,245.59722055828442,0.0,41,41,0,0,41,40,16722,0,0,0,0,1
2020-08-23,US,Arkansas,Miller,571,5,0,33.31403423,-93.89285258,5091.0,1320.0175694107313,0.8756567425569177,566,566,5,0,561,552,43592,5,0,0,5,14
2020-08-23,US,Arkansas,Mississippi,1261,16,0,35.76271485,-90.05194370000002,5093.0,3102.014710585225,1.2688342585249799,1245,1249,16,0,1233,1231,41239,12,0,0,12,18
2020-08-23,US,Arkansas,Monroe,89,0,0,34.6815935,-91.20540287,5095.0,1328.1599761229668,0.0,89,89,0,0,89,86,6900,0,0,0,0,3
2020-08-23,US,Arkansas,Montgomery,58,2,0,34.53704874,-93.65824478,5097.0,645.4484754061874,3.4482758620689653,56,57,2,0,55,58,8924,1,0,0,1,-1
2020-08-23,US,Arkansas,Nevada,156,11,0,33.66340119,-93.30632432,5099.0,1890.450799806108,7.05128205128205,145,156,10,0,146,151,8326,0,1,0,-1,5
2020-08-23,US,Arkansas,Newton,108,15,0,35.91947491,-93.21612969,5101.0,1393.0091577453888,13.888888888888891,93,108,15,0,93,108,7805,0,0,0,0,0
2020-08-23,US,Arkansas,Ouachita,130,4,0,33.58839816,-92.87795984,5103.0,555.9832349670687,3.0769230769230766,126,129,3,0,126,128,23606,1,1,0,0,1
2020-08-23,US,Arkansas,Perry,59,0,0,34.945915299999996,-92.94372564,5105.0,564.3232902917265,0.0,59,59,0,0,59,58,10352,0,0,0,0,1
2020-08-23,US,Arkansas,Phillips,375,9,0,34.43268455,-90.84800154,5107.0,2108.874142391182,2.4,366,374,9,0,365,370,18029,1,0,0,1,4
2020-08-23,US,Arkansas,Pike,156,1,0,34.16250414,-93.65789349,5109.0,1455.4954282515396,0.6410256410256411,155,154,1,0,153,154,10673,2,0,0,2,0
2020-08-23,US,Arkansas,Poinsett,406,4,0,35.57433534,-90.66268713,5111.0,1725.603536212173,0.9852216748768472,402,398,4,0,394,387,23974,8,0,0,8,11
2020-08-23,US,Arkansas,Polk,204,2,0,34.48254879,-94.22728802,5113.0,1021.8393107593668,0.9803921568627452,202,200,2,0,198,199,20049,4,0,0,4,1
2020-08-23,US,Arkansas,Pope,1591,14,0,35.44871474,-93.03212219,5115.0,2483.1439630415784,0.8799497171590195,1577,1580,14,0,1566,1555,64000,11,0,0,11,25
2020-08-23,US,Arkansas,Prairie,114,0,0,34.83624419,-91.55162157,5117.0,1414.0411808484243,0.0,114,114,0,0,114,113,8074,0,0,0,0,1
2020-08-23,US,Arkansas,Pulaski,6533,95,0,34.77054088,-92.31355101,5119.0,1666.960100635093,1.4541558242767487,6438,6477,94,0,6383,6436,392680,56,1,0,55,41
2020-08-23,US,Arkansas,Randolph,290,11,0,36.3415714,-91.02455531,5121.0,1614.879162490255,3.7931034482758617,279,288,11,0,277,287,17948,2,0,0,2,1
2020-08-23,US,Arkansas,Saline,1375,10,0,34.64916145,-92.67583224,5125.0,1123.0265360961148,0.7272727272727273,1365,1367,10,0,1357,1352,121421,8,0,0,8,15
2020-08-23,US,Arkansas,Scott,84,0,0,34.85588887,-94.0632176,5127.0,817.0411438576014,0.0,84,84,0,0,84,84,10319,0,0,0,0,0
2020-08-23,US,Arkansas,Searcy,58,0,0,35.9109364,-92.69936482,5129.0,735.9472148204543,0.0,58,58,0,0,58,45,7958,0,0,0,0,13
2020-08-23,US,Arkansas,Sebastian,2679,29,0,35.19605503,-94.27162713,5131.0,2095.801356520923,1.0824934677118327,2650,2666,27,0,2639,2622,127753,13,2,0,11,44
2020-08-23,US,Arkansas,Sevier,1120,12,0,33.99780401,-94.2424869,5133.0,6585.523607926148,1.0714285714285714,1108,1114,12,0,1102,1109,17139,6,0,0,6,5
2020-08-23,US,Arkansas,Sharp,136,5,0,36.16258158,-91.47819342,5135.0,779.7270955165692,3.6764705882352944,131,132,5,0,127,132,17366,4,0,0,4,0
2020-08-23,US,Arkansas,St. Francis,1270,3,0,35.02201976,-90.74828138,5123.0,5081.219492678243,0.2362204724409449,1267,1263,3,0,1260,1258,25439,7,0,0,7,5
2020-08-23,US,Arkansas,Stone,153,1,0,35.86251946,-92.15684085,5137.0,1223.4127618743005,0.6535947712418301,152,151,1,0,150,143,12457,2,0,0,2,8
2020-08-23,US,Arkansas,Unassigned,810,0,0,0.0,0.0,90005.0,0.0,0.0,810,813,0,0,813,805,,-3,0,0,-3,8
2020-08-23,US,Arkansas,Union,627,21,0,33.16887091,-92.59746952,5139.0,1620.908949899178,3.3492822966507183,606,624,21,0,603,612,39126,3,0,0,3,12
2020-08-23,US,Arkansas,Van Buren,80,2,0,35.58095779,-92.51295036,5141.0,483.5297673012995,2.5,78,75,2,0,73,74,16603,5,0,0,5,1
2020-08-23,US,Arkansas,Washington,6610,54,0,35.976844,-94.21800746,5143.0,2763.5281181669566,0.8169440242057489,6556,6597,53,0,6544,6582,236961,13,1,0,12,15
2020-08-23,US,Arkansas,White,455,8,0,35.25688493,-91.74908296,5145.0,577.7557680342336,1.7582417582417582,447,448,8,0,440,439,78727,7,0,0,7,9
2020-08-23,US,Arkansas,Woodruff,27,0,0,35.18902527,-91.2439489,5147.0,427.21518987341767,0.0,27,26,0,0,26,26,6490,1,0,0,1,0
2020-08-23,US,Arkansas,Yell,1109,21,0,35.00292371,-93.41171338,5149.0,5196.569982662481,1.8935978358881875,1088,1107,21,0,1086,1104,21535,2,0,0,2,3
2020-08-23,US,California,Alameda,16723,234,0,37.64629437,-121.8929271,6001.0,1000.5809747811473,1.3992704658255095,16489,16693,234,0,16459,16469,1666753,30,0,0,30,224
2020-08-23,US,California,Alpine,2,0,0,38.59678594,-119.82235940000001,6003.0,177.14791851195747,0.0,2,2,0,0,2,2,1101,0,0,0,0,0
2020-08-23,US,California,Amador,265,14,0,38.44583082,-120.65696000000001,6005.0,666.6331253773395,5.283018867924528,251,265,14,0,251,264,39383,0,0,0,0,1
2020-08-23,US,California,Butte,1618,17,0,39.66727762,-121.6005252,6007.0,738.1858330367816,1.0506798516687268,1601,1582,17,0,1565,1549,231256,36,0,0,36,33
2020-08-23,US,California,Calaveras,197,2,0,38.20537103,-120.55291299999999,6009.0,429.14715172639154,1.0152284263959392,195,197,2,0,195,181,45602,0,0,0,0,16
2020-08-23,US,California,Colusa,419,5,0,39.17881957,-122.2331726,6011.0,1944.5862533067248,1.1933174224343674,414,419,5,0,414,418,21627,0,0,0,0,1
2020-08-23,US,California,Contra Costa,12527,168,0,37.91923498,-121.9289527,6013.0,1085.9746551009687,1.3411032170511694,12359,12362,164,0,12198,12108,1150215,165,4,0,161,254
2020-08-23,US,California,Del Norte,116,1,0,41.74228275,-123.89740630000001,6015.0,417.0861498633684,0.8620689655172413,115,116,1,0,115,114,27828,0,0,0,0,2
2020-08-23,US,California,El Dorado,900,2,0,38.77965956,-120.5233166,6017.0,466.7008913987026,0.2222222222222222,898,896,2,0,894,885,190678,4,0,0,4,11
2020-08-23,US,California,Fresno,23197,226,0,36.75733899,-119.6466953,6019.0,2321.787286770807,0.9742639134370824,22971,22840,226,0,22614,22535,994400,357,0,0,357,305
2020-08-23,US,California,Glenn,425,3,0,39.59875897,-122.3938452,6021.0,1496.847814602191,0.7058823529411765,422,425,3,0,422,424,28047,0,0,0,0,1
2020-08-23,US,California,Humboldt,345,4,0,40.69923009,-123.876044,6023.0,254.50360731199933,1.1594202898550725,341,345,4,0,341,345,136373,0,0,0,0,0
2020-08-23,US,California,Imperial,10393,272,0,33.0393082,-115.36690420000001,6025.0,5735.176447865795,2.617146156066583,10121,10393,272,0,10121,10366,181827,0,0,0,0,27
2020-08-23,US,California,Inyo,164,11,0,36.51112084,-117.41119779999998,6027.0,909.1413049503852,6.7073170731707314,153,164,11,0,153,158,17987,0,0,0,0,6
2020-08-23,US,California,Kern,27915,240,0,35.34329425,-118.72777959999999,6029.0,3100.9706710271694,0.8597528210639441,27675,27658,238,0,27420,27378,896764,257,2,0,255,280
2020-08-23,US,California,Kings,5892,69,0,36.07409056,-119.8159973,6031.0,3852.491173009023,1.1710794297352345,5823,5703,68,0,5635,5659,151366,189,1,0,188,44
2020-08-23,US,California,Lake,291,3,0,39.10124298,-122.75362439999999,6033.0,451.96160656043236,1.0309278350515465,288,290,3,0,287,282,64382,1,0,0,1,8
2020-08-23,US,California,Lassen,704,0,0,40.67311306,-120.59350990000002,6035.0,2302.6853759853466,0.0,704,704,0,0,704,703,30802,0,0,0,0,1
2020-08-23,US,California,Los Angeles,231695,5545,0,34.30828379,-118.22824109999999,6037.0,2307.924400048729,2.3932324823582727,226150,230662,5537,0,225125,229054,10105518,1033,8,0,1025,1608
2020-08-23,US,California,Madera,3339,49,0,37.21513971,-119.76655890000002,6039.0,2122.3311955354134,1.4675052410901468,3290,3339,49,0,3290,3339,157672,0,0,0,0,0
2020-08-23,US,California,Marin,5879,86,0,38.07122463,-122.72106310000001,6041.0,2271.410136539606,1.462833815274707,5793,5879,85,0,5794,5852,259666,0,1,0,-1,27
2020-08-23,US,California,Mariposa,69,2,0,37.57978556,-119.9073334,6043.0,401.09283264546883,2.898550724637681,67,69,2,0,67,69,17471,0,0,0,0,0
2020-08-23,US,California,Mendocino,624,16,0,39.4381191,-123.39113130000001,6045.0,719.3166491832759,2.5641025641025643,608,605,16,0,589,584,87606,19,0,0,19,21
2020-08-23,US,California,Merced,7493,99,0,37.18922369,-120.72090349999999,6047.0,2698.429847306252,1.321233150940878,7394,7428,99,0,7329,7334,274765,65,0,0,65,94
2020-08-23,US,California,Modoc,5,0,0,41.58965602,-120.7244817,6049.0,56.55468838366701,0.0,5,5,0,0,5,5,8777,0,0,0,0,0
2020-08-23,US,California,Mono,162,2,0,37.93899289,-118.8872409,6051.0,1121.5729714760457,1.2345679012345678,160,162,2,0,160,162,14250,0,0,0,0,0
2020-08-23,US,California,Monterey,7081,52,0,36.21862405,-121.24133970000001,6053.0,1631.3375309000348,0.7343595537353481,7029,6974,51,0,6923,6892,435594,107,1,0,106,82
2020-08-23,US,California,Napa,1328,13,0,38.50735751,-122.33283899999999,6055.0,964.1073295388546,0.9789156626506024,1315,1317,13,0,1304,1306,139417,11,0,0,11,11
2020-08-23,US,California,Nevada,411,3,0,39.30394768,-120.76272809999999,6057.0,412.0094230865621,0.7299270072992701,408,406,3,0,403,401,99696,5,0,0,5,5
2020-08-23,US,California,Orange,45954,897,0,33.70147516,-117.76459979999998,6059.0,1447.054689182704,1.951951951951952,45057,45801,896,0,44905,45308,3185968,153,1,0,152,493
2020-08-23,US,California,Placer,2777,31,0,39.06167234,-120.72405690000001,6061.0,697.1623959089095,1.1163125675189054,2746,2740,31,0,2709,2705,393149,37,0,0,37,35
2020-08-23,US,California,Plumas,40,0,0,40.00355989,-120.8395236,6063.0,212.6867655660127,0.0,40,40,0,0,40,40,18804,0,0,0,0,0
2020-08-23,US,California,Riverside,49944,927,0,33.74314981,-115.9933578,6065.0,2021.57741649012,1.8560788082652568,49017,49482,927,0,48555,49482,2450758,462,0,0,462,0
2020-08-23,US,California,Sacramento,15516,234,0,38.45106826,-121.34253740000001,6067.0,999.7049079351416,1.508120649651972,15282,15247,234,0,15013,15246,1540975,269,0,0,269,1
2020-08-23,US,California,San Benito,970,7,0,36.60308176,-121.069975,6069.0,1544.3892497770985,0.7216494845360825,963,947,7,0,940,918,61537,23,0,0,23,29
2020-08-23,US,California,San Bernardino,45035,691,0,34.84060306,-116.1774685,6071.0,2065.7451429646094,1.5343621627622959,44344,44603,691,0,43912,43943,2171603,432,0,0,432,660
2020-08-23,US,California,San Diego,36540,660,0,33.03484597,-116.73653259999999,6073.0,1094.559255675742,1.80623973727422,35880,36203,660,0,35543,35912,3343364,337,0,0,337,291
2020-08-23,US,California,San Francisco,8871,77,0,37.75215114,-122.43856720000001,6075.0,1006.2968706220528,0.8679968436478412,8794,8791,74,0,8717,8702,883305,80,3,0,77,89
2020-08-23,US,California,San Joaquin,16068,295,0,37.93433732,-121.2730061,6077.0,2108.2519405679736,1.8359472242967392,15773,15888,295,0,15593,15778,752660,180,0,0,180,110
2020-08-23,US,California,San Luis Obispo,2665,21,0,35.38822029,-120.4039028,6079.0,941.3269000498036,0.7879924953095685,2644,2665,21,0,2644,2613,284010,0,0,0,0,52
2020-08-23,US,California,San Mateo,7535,128,0,37.422880799999994,-122.32755459999998,6081.0,982.9461773373184,1.6987392169873925,7407,7535,128,0,7407,7472,769545,0,0,0,0,63
2020-08-23,US,California,Santa Barbara,7685,87,0,34.65329488,-120.0188492,6083.0,1721.1684684624154,1.1320754716981132,7598,7653,87,0,7566,7578,446527,32,0,0,32,75
2020-08-23,US,California,Santa Clara,15688,224,0,37.23104908,-121.6970462,6085.0,813.7554127599008,1.4278429372768997,15464,15496,224,0,15272,15496,1937570,192,0,0,192,0
2020-08-23,US,California,Santa Cruz,1628,7,0,37.05580291,-122.0066524,6087.0,595.8720851496818,0.42997542997543,1621,1617,7,0,1610,1605,274255,11,0,0,11,12
2020-08-23,US,California,Shasta,531,11,0,40.76391419,-122.0396884,6089.0,294.86894713460686,2.071563088512241,520,531,11,0,520,531,180040,0,0,0,0,0
2020-08-23,US,California,Sierra,6,0,0,39.57713498,-120.52007009999998,6091.0,199.6672212978369,0.0,6,6,0,0,6,6,2987,0,0,0,0,0
2020-08-23,US,California,Siskiyou,123,0,0,41.59198861,-122.54074340000001,6093.0,282.50534003996415,0.0,123,123,0,0,123,115,43724,0,0,0,0,8
2020-08-23,US,California,Solano,5048,44,0,38.26827353,-121.9357113,6095.0,1127.6843377423527,0.8716323296354992,5004,5048,44,0,5004,5048,446610,0,0,0,0,0
2020-08-23,US,California,Sonoma,5120,72,0,38.52746429,-122.88625060000001,6097.0,1035.732780942517,1.40625,5048,5067,72,0,4995,4942,499942,53,0,0,53,125
2020-08-23,US,California,Stanislaus,13380,229,0,37.55862499,-120.9970722,6099.0,2429.811498928558,1.711509715994021,13151,13282,228,0,13054,13120,549815,98,1,0,97,162
2020-08-23,US,California,Sutter,1223,7,0,39.03417539,-121.6945899,6101.0,1261.2018026007775,0.5723630417007359,1216,1223,7,0,1216,1213,96807,0,0,0,0,10
2020-08-23,US,California,Tehama,368,1,0,40.12570935,-122.23701709999999,6103.0,565.4231454735419,0.2717391304347826,367,357,1,0,356,352,63916,11,0,0,11,5
2020-08-23,US,California,Trinity,10,0,0,40.64917670000001,-123.114713,6105.0,81.4000814000814,0.0,10,8,0,0,8,8,12535,2,0,0,2,0
2020-08-23,US,California,Tulare,13196,210,0,36.22026558,-118.8020203,6107.0,2830.575188494085,1.5913913307062746,12986,13117,210,0,12907,13022,465861,79,0,0,79,95
2020-08-23,US,California,Tuolumne,172,2,0,38.02644018,-119.95250929999999,6109.0,315.72377840596215,1.162790697674419,170,172,2,0,170,170,54539,0,0,0,0,2
2020-08-23,US,California,Ventura,9959,102,0,34.44465746,-119.09106129999999,6111.0,1177.1784124462476,1.0241992167888343,9857,9865,102,0,9763,9744,850967,94,0,0,94,121
2020-08-23,US,California,Yolo,2205,47,0,38.68278902,-121.90182879999999,6113.0,1000.0,2.131519274376417,2158,2184,47,0,2137,2164,220408,21,0,0,21,20
2020-08-23,US,California,Yuba,844,4,0,39.26255932,-121.35356440000001,6115.0,1072.8631718106474,0.4739336492890995,840,844,4,0,840,829,78041,0,0,0,0,15
2020-08-23,US,Colorado,Adams,7166,194,0,39.87432092,-104.3362578,8001.0,1384.9457211825575,2.7072285794027358,6972,7132,194,0,6938,7021,511868,34,0,0,34,111
2020-08-23,US,Colorado,Alamosa,236,9,0,37.57250606,-105.7885451,8003.0,1453.8286207108974,3.8135593220338975,227,236,9,0,227,235,16683,0,0,0,0,1
2020-08-23,US,Colorado,Arapahoe,7832,364,0,39.64977461,-104.3353617,8005.0,1192.8296197017924,4.647599591419817,7468,7791,364,0,7427,7706,651215,41,0,0,41,85
2020-08-23,US,Colorado,Archuleta,44,0,0,37.19474156,-107.04768670000001,8007.0,313.6360396321905,0.0,44,44,0,0,44,43,13765,0,0,0,0,1
2020-08-23,US,Colorado,Baca,15,0,0,37.31940883,-102.5603223,8009.0,418.8774085450991,0.0,15,15,0,0,15,15,3585,0,0,0,0,0
2020-08-23,US,Colorado,Bent,11,0,0,37.95474293,-103.0720195,8011.0,197.23865877712032,0.0,11,11,0,0,11,11,5882,0,0,0,0,0
2020-08-23,US,Colorado,Boulder,2222,79,0,40.09313619,-105.3546767,8013.0,681.1855448871231,3.5553555355535558,2143,2215,79,0,2136,2184,326078,7,0,0,7,31
2020-08-23,US,Colorado,Broomfield,512,32,0,39.95998787,-105.0566324,8014.0,726.6018590789754,6.25,480,511,32,0,479,505,69267,1,0,0,1,6
2020-08-23,US,Colorado,Chaffee,310,19,0,38.74745778,-106.19265729999998,8015.0,1522.8925132639026,6.129032258064517,291,309,19,0,290,306,20027,1,0,0,1,3
2020-08-23,US,Colorado,Cheyenne,9,0,0,38.82777431,-102.6032558,8017.0,491.53468050245766,0.0,9,9,0,0,9,9,1876,0,0,0,0,0
2020-08-23,US,Colorado,Clear Creek,34,1,0,39.68864463,-105.6463118,8019.0,350.5154639175258,2.9411764705882355,33,34,1,0,33,31,9605,0,0,0,0,3
2020-08-23,US,Colorado,Conejos,30,0,0,37.201606,-106.19174879999998,8021.0,365.6307129798903,0.0,30,30,0,0,30,29,8200,0,0,0,0,1
2020-08-23,US,Colorado,Costilla,26,0,0,37.27732493,-105.4276548,8023.0,668.8963210702342,0.0,26,26,0,0,26,26,3828,0,0,0,0,0
2020-08-23,US,Colorado,Crowley,73,1,0,38.32608609,-103.7844965,8025.0,1204.4217125886814,1.3698630136986298,72,73,1,0,72,73,5858,0,0,0,0,0
2020-08-23,US,Colorado,Custer,13,0,0,38.10883162,-105.3683478,8027.0,256.5114443567482,0.0,13,13,0,0,13,13,4954,0,0,0,0,0
2020-08-23,US,Colorado,Delta,140,1,0,38.86246243,-107.86313419999999,8029.0,449.2651306077916,0.7142857142857143,139,140,1,0,139,140,30953,0,0,0,0,0
2020-08-23,US,Colorado,Denver,10901,422,0,39.76018276,-104.87256950000001,8031.0,1499.0147288751132,3.871204476653518,10479,10842,422,0,10420,10732,716492,59,0,0,59,110
2020-08-23,US,Colorado,Dolores,2,0,0,37.75208676,-108.5211585,8033.0,97.32360097323601,0.0,2,2,0,0,2,2,2074,0,0,0,0,0
2020-08-23,US,Colorado,Douglas,1901,59,0,39.33133796,-104.930001,8035.0,541.3579227347545,3.103629668595476,1842,1894,59,0,1835,1876,342776,7,0,0,7,18
2020-08-23,US,Colorado,Eagle,1164,9,0,39.62754308,-106.6933637,8037.0,2111.48801857529,0.7731958762886598,1155,1164,9,0,1155,1158,54993,0,0,0,0,6
2020-08-23,US,Colorado,El Paso,5723,150,0,38.83240149,-104.5251411,8041.0,794.416458565553,2.6210029704700335,5573,5695,150,0,5545,5622,713856,28,0,0,28,73
2020-08-23,US,Colorado,Elbert,117,2,0,39.28656773,-104.13587209999999,8039.0,437.72681357327247,1.709401709401709,115,117,2,0,115,117,26282,0,0,0,0,0
2020-08-23,US,Colorado,Fremont,146,0,0,38.47362326,-105.43996670000001,8043.0,305.1903258847384,0.0,146,145,0,0,145,143,48021,1,0,0,1,2
2020-08-23,US,Colorado,Garfield,816,4,0,39.59921777,-107.902708,8045.0,1358.6187376167563,0.4901960784313725,812,814,4,0,810,807,59770,2,0,0,2,7
2020-08-23,US,Colorado,Gilpin,17,0,0,39.85646523,-105.5252597,8047.0,272.30498157936887,0.0,17,17,0,0,17,17,6121,0,0,0,0,0
2020-08-23,US,Colorado,Grand,56,1,0,40.10603347,-106.11780420000001,8049.0,355.91712215584084,1.7857142857142858,55,56,1,0,55,56,15525,0,0,0,0,0
2020-08-23,US,Colorado,Gunnison,286,7,0,38.66611652,-107.0320729,8051.0,1637.8421715725574,2.4475524475524475,279,286,7,0,279,281,17246,0,0,0,0,5
2020-08-23,US,Colorado,Hinsdale,3,0,0,37.82247444,-107.3004345,8053.0,365.8536585365854,0.0,3,3,0,0,3,3,811,0,0,0,0,0
2020-08-23,US,Colorado,Huerfano,8,1,0,37.68473101,-104.9612585,8055.0,115.99246049006815,12.5,7,8,1,0,7,8,6889,0,0,0,0,0
2020-08-23,US,Colorado,Jackson,9,0,0,40.66593870000001,-106.3408905,8057.0,646.5517241379309,0.0,9,9,0,0,9,9,1399,0,0,0,0,0
2020-08-23,US,Colorado,Jefferson,4587,235,0,39.58635604,-105.2517692,8059.0,786.9530830478262,5.123174187922389,4352,4562,235,0,4327,4501,580233,25,0,0,25,61
2020-08-23,US,Colorado,Kit Carson,68,3,0,39.30497777,-102.60221990000001,8063.0,958.1513315485415,4.411764705882354,65,68,3,0,65,68,7163,0,0,0,0,0
2020-08-23,US,Colorado,La Plata,231,2,0,37.28632032,-107.8429014,8067.0,410.87849735863824,0.8658008658008658,229,230,2,0,228,229,56310,1,0,0,1,1
2020-08-23,US,Colorado,Lake,80,0,0,39.20278823,-106.35556969999999,8065.0,984.3730773963333,0.0,80,80,0,0,80,79,7824,0,0,0,0,1
2020-08-23,US,Colorado,Larimer,1804,37,0,40.66671597,-105.4625784,8069.0,505.4651315918509,2.0509977827051,1767,1790,37,0,1753,1746,350518,14,0,0,14,44
2020-08-23,US,Colorado,Las Animas,19,0,0,37.3153406,-104.03764579999999,8071.0,130.98028402040538,0.0,19,19,0,0,19,19,14503,0,0,0,0,0
2020-08-23,US,Colorado,Lincoln,8,0,0,38.98749519,-103.51366490000001,8073.0,140.3262585511314,0.0,8,8,0,0,8,8,5610,0,0,0,0,0
2020-08-23,US,Colorado,Logan,664,5,0,40.7249637,-103.110817,8075.0,2963.095184970324,0.7530120481927711,659,663,5,0,658,659,21528,1,0,0,1,4
2020-08-23,US,Colorado,Mesa,383,5,0,39.01787888,-108.469799,8077.0,248.36262239802863,1.3054830287206267,378,377,5,0,372,372,153207,6,0,0,6,5
2020-08-23,US,Colorado,Mineral,19,0,0,37.66954283,-106.92816979999999,8079.0,2470.74122236671,0.0,19,19,0,0,19,18,776,0,0,0,0,1
2020-08-23,US,Colorado,Moffat,33,1,0,40.61810999,-108.2070876,8081.0,248.43785289467738,3.0303030303030303,32,33,1,0,32,33,13188,0,0,0,0,0
2020-08-23,US,Colorado,Montezuma,121,5,0,37.33859579,-108.59588570000001,8083.0,462.1319176564947,4.132231404958676,116,121,5,0,116,117,26158,0,0,0,0,4
2020-08-23,US,Colorado,Montrose,335,13,0,38.40214114,-108.26390220000002,8085.0,783.4791150194118,3.880597014925373,322,332,13,0,319,329,42214,3,0,0,3,3
2020-08-23,US,Colorado,Morgan,705,47,0,40.26279810000001,-103.8093302,8087.0,2425.3474611256365,6.666666666666668,658,704,47,0,657,702,28558,1,0,0,1,2
2020-08-23,US,Colorado,Otero,80,6,0,37.9014485,-103.7173385,8089.0,437.684648210964,7.5,74,80,6,0,74,79,18432,0,0,0,0,1
2020-08-23,US,Colorado,Ouray,18,1,0,38.14717457,-107.7675136,8091.0,363.4894991922457,5.5555555555555545,17,14,1,0,13,13,4833,4,0,0,4,1
2020-08-23,US,Colorado,Park,43,1,0,39.120926000000004,-105.7182065,8093.0,228.1772353409393,2.3255813953488373,42,43,1,0,42,42,18556,0,0,0,0,1
2020-08-23,US,Colorado,Phillips,19,0,0,40.59414277,-102.3577703,8095.0,445.48651817116064,0.0,19,19,0,0,19,19,4286,0,0,0,0,0
2020-08-23,US,Colorado,Pitkin,193,2,0,39.21720112,-106.9310027,8097.0,1086.2835594078908,1.0362694300518134,191,192,2,0,190,191,17950,1,0,0,1,1
2020-08-23,US,Colorado,Prowers,77,0,0,37.95544985,-102.3926052,8099.0,632.5994084784753,0.0,77,76,0,0,76,76,12164,1,0,0,1,0
2020-08-23,US,Colorado,Pueblo,798,34,0,38.17359144,-104.5127437,8101.0,473.80420842635255,4.260651629072681,764,798,34,0,764,779,167529,0,0,0,0,19
2020-08-23,US,Colorado,Rio Blanco,21,0,0,39.97913541,-108.2179009,8103.0,332.0683111954458,0.0,21,21,0,0,21,20,6336,0,0,0,0,1
2020-08-23,US,Colorado,Rio Grande,94,2,0,37.5836865,-106.3847838,8105.0,834.2948433478299,2.127659574468085,92,94,2,0,92,93,11250,0,0,0,0,1
2020-08-23,US,Colorado,Routt,130,8,0,40.48596505,-106.9905548,8107.0,507.0598330603011,6.153846153846153,122,130,8,0,122,131,25733,0,0,0,0,-1
2020-08-23,US,Colorado,Saguache,108,2,0,38.08054629,-106.28246599999999,8109.0,1582.6494724501758,1.851851851851852,106,108,2,0,106,108,6843,0,0,0,0,0
2020-08-23,US,Colorado,San Juan,2,0,0,37.76248981,-107.67632890000002,8111.0,274.72527472527474,0.0,2,2,0,0,2,2,762,0,0,0,0,0
2020-08-23,US,Colorado,San Miguel,93,0,0,38.00450883,-108.4020725,8113.0,1137.0583200880305,0.0,93,93,0,0,93,93,8191,0,0,0,0,0
2020-08-23,US,Colorado,Sedgwick,12,1,0,40.87595412,-102.3519227,8115.0,533.8078291814946,8.333333333333334,11,12,1,0,11,11,2303,0,0,0,0,1
2020-08-23,US,Colorado,Summit,349,4,0,39.63803232,-106.1150762,8117.0,1125.40711360485,1.146131805157593,345,349,4,0,345,346,31007,0,0,0,0,3
2020-08-23,US,Colorado,Teller,154,3,0,38.88133511,-105.16148929999999,8119.0,606.5857885615251,1.9480519480519483,151,152,3,0,149,149,25083,2,0,0,2,3
2020-08-23,US,Colorado,Washington,52,0,0,39.97015535,-103.202587,8121.0,1059.4947025264873,0.0,52,52,0,0,52,51,4909,0,0,0,0,1
2020-08-23,US,Colorado,Weld,3938,146,0,40.55499405,-104.39296209999999,8123.0,1213.5892410290546,3.7074657186389035,3792,3919,146,0,3773,3887,314305,19,0,0,19,32
2020-08-23,US,Colorado,Yuma,63,0,0,40.00346839,-102.4258673,8125.0,628.8052699870246,0.0,63,63,0,0,63,63,10020,0,0,0,0,0
2020-08-23,US,Connecticut,Fairfield,18434,1411,0,41.26809896,-73.3881171,9001.0,1954.137037649523,7.6543343821199965,17023,18434,1411,0,17023,18434,943823,0,0,0,0,0
2020-08-23,US,Connecticut,Hartford,13002,1422,0,41.80283011,-72.73103891,9003.0,1458.0810119768537,10.936778957083526,11580,13002,1422,0,11580,13002,892697,0,0,0,0,0
2020-08-23,US,Connecticut,Litchfield,1645,139,0,41.7937534,-73.2451475,9005.0,912.20131645345,8.449848024316111,1506,1645,139,0,1506,1645,181111,0,0,0,0,0
2020-08-23,US,Connecticut,Middlesex,1426,192,0,41.45949668,-72.53714864,9007.0,877.8842128592185,13.46423562412342,1234,1426,192,0,1234,1426,162682,0,0,0,0,0
2020-08-23,US,Connecticut,New Haven,13442,1111,0,41.408032500000004,-72.93620426,9009.0,1572.610695203432,8.265139116202946,12331,13442,1111,0,12331,13442,857620,0,0,0,0,0
2020-08-23,US,Connecticut,New London,1505,105,0,41.48896435,-72.10430976,9011.0,567.4833902702052,6.9767441860465125,1400,1505,105,0,1400,1505,266784,0,0,0,0,0
2020-08-23,US,Connecticut,Tolland,1083,65,0,41.85853803,-72.3308481,9013.0,718.5461879897293,6.001846722068329,1018,1083,65,0,1018,1083,150921,0,0,0,0,0
2020-08-23,US,Connecticut,Unassigned,214,0,0,0.0,0.0,90009.0,0.0,0.0,214,214,0,0,214,214,,0,0,0,0,0
2020-08-23,US,Connecticut,Windham,768,15,0,41.82972709,-71.98182316,9015.0,657.6355945265537,1.953125,753,768,15,0,753,768,117027,0,0,0,0,0
2020-08-23,US,Delaware,Kent,2551,109,0,39.08646628,-75.56884914,10001.0,1411.060590974965,4.272834182673462,2442,2543,109,0,2434,2529,178550,8,0,0,8,14
2020-08-23,US,Delaware,New Castle,7826,297,0,39.57992638,-75.64054974,10003.0,1400.618878108932,3.795042167135191,7529,7771,297,0,7474,7737,559335,55,0,0,55,34
2020-08-23,US,Delaware,Sussex,6245,194,0,38.66143781,-75.39031349,10005.0,2666.239726758459,3.1064851881505198,6051,6242,194,0,6048,6235,229286,3,0,0,3,7
2020-08-23,US,Delaware,Unassigned,273,0,0,0.0,0.0,90010.0,0.0,0.0,273,272,0,0,272,269,,1,0,0,1,3
2020-08-23,US,District of Columbia,District of Columbia,13534,604,0,38.90417773,-77.01655992,11001.0,1917.678948181294,4.462834343135807,12930,13534,604,0,12930,13469,702455,0,0,0,0,65
2020-08-23,US,Florida,Alachua,4950,31,0,29.67866525,-82.35928158,12001.0,1839.8545957337674,0.6262626262626263,4919,4919,31,0,4888,4865,269956,31,0,0,31,54
2020-08-23,US,Florida,Baker,1117,4,0,30.33060121,-82.28467476,12003.0,3824.032865457035,0.3581020590868397,1113,1111,4,0,1107,1108,28355,6,0,0,6,3
2020-08-23,US,Florida,Bay,5144,71,0,30.26548745,-85.62122584,12005.0,2944.391975043645,1.380248833592535,5073,5120,71,0,5049,5058,185287,24,0,0,24,62
2020-08-23,US,Florida,Bradford,649,4,0,29.95079741,-82.16611613,12007.0,2301.336832027233,0.6163328197226502,645,640,4,0,636,618,27732,9,0,0,9,22
2020-08-23,US,Florida,Brevard,6912,195,0,28.29409504,-80.73091022,12009.0,1148.2833894295466,2.821180555555556,6717,6889,195,0,6694,6797,596849,23,0,0,23,92
2020-08-23,US,Florida,Broward,69136,1113,0,26.15184651,-80.48725556,12011.0,3540.392200239863,1.6098704003702846,68023,68891,1088,0,67803,68542,1951260,245,25,0,220,349
2020-08-23,US,Florida,Calhoun,537,8,0,30.40666734,-85.19394153,12013.0,3807.1605813541296,1.48975791433892,529,534,8,0,526,531,14587,3,0,0,3,3
2020-08-23,US,Florida,Charlotte,2519,107,0,26.90131002,-81.92949121,12015.0,1333.4392038536864,4.24771734815403,2412,2493,107,0,2386,2462,184998,26,0,0,26,31
2020-08-23,US,Florida,Citrus,1969,46,0,28.84804315,-82.47614748,12017.0,1315.675177238619,2.3362112747587607,1923,1949,46,0,1903,1908,147929,20,0,0,20,41
2020-08-23,US,Florida,Clay,3672,70,0,29.98319144,-81.85609986,12019.0,1674.7851786984838,1.906318082788671,3602,3650,70,0,3580,3609,216072,22,0,0,22,41
2020-08-23,US,Florida,Collier,11245,163,0,26.11091986,-81.34687065,12021.0,2921.522881148968,1.449533125833704,11082,11201,163,0,11038,11144,378488,44,0,0,44,57
2020-08-23,US,Florida,Columbia,3214,31,0,30.22509788,-82.62160164,12023.0,4483.441676198979,0.9645301804604852,3183,3178,31,0,3147,3158,70503,36,0,0,36,20
2020-08-23,US,Florida,DeSoto,1451,21,0,27.18677893,-81.80941373,12027.0,3818.3205705113023,1.447277739490007,1430,1449,21,0,1428,1443,37489,2,0,0,2,6
2020-08-23,US,Florida,Dixie,659,4,0,29.60631086,-83.15724673,12029.0,3916.5577083085705,0.6069802731411229,655,657,4,0,653,643,16700,2,0,0,2,14
2020-08-23,US,Florida,Duval,25558,235,0,30.33225875,-81.66976468,12031.0,2668.532140265517,0.9194772673918148,25323,25454,235,0,25219,25316,950181,104,0,0,104,138
2020-08-23,US,Florida,Escambia,10790,171,0,30.67652764,-87.37284571,12033.0,3389.713366591689,1.5848007414272474,10619,10752,171,0,10581,10684,315534,38,0,0,38,68
2020-08-23,US,Florida,Flagler,1248,15,0,29.45933576,-81.31508595,12035.0,1084.4535587977164,1.2019230769230769,1233,1238,15,0,1223,1214,112067,10,0,0,10,24
2020-08-23,US,Florida,Franklin,511,3,0,29.83791238,-84.82731662,12037.0,4214.432989690722,0.5870841487279843,508,509,3,0,506,498,11736,2,0,0,2,11
2020-08-23,US,Florida,Gadsden,2182,29,0,30.57796289,-84.61915825,12039.0,4778.7998247919395,1.3290559120073326,2153,2156,29,0,2127,2111,45894,26,0,0,26,45
2020-08-23,US,Florida,Gilchrist,439,9,0,29.72856978,-82.79880657,12041.0,2362.50134538801,2.050113895216401,430,434,9,0,425,428,18256,5,0,0,5,6
2020-08-23,US,Florida,Glades,444,3,0,26.95635849,-81.18996211,12043.0,3214.8287596843097,0.6756756756756757,441,444,3,0,441,440,13724,0,0,0,0,4
2020-08-23,US,Florida,Gulf,796,8,0,29.93543004,-85.24270990000002,12045.0,5836.205000366595,1.0050251256281406,788,787,8,0,779,782,16164,9,0,0,9,5
2020-08-23,US,Florida,Hamilton,672,4,0,30.49673973,-82.94998918,12047.0,4657.610202384253,0.5952380952380952,668,666,4,0,662,653,14310,6,0,0,6,13
2020-08-23,US,Florida,Hardee,1059,8,0,27.49293939,-81.80956574,12049.0,3931.3954783383447,0.7554296506137866,1051,1050,8,0,1042,1049,27245,9,0,0,9,1
2020-08-23,US,Florida,Hendry,1934,39,0,26.55386945,-81.16469006,12051.0,4602.351149397934,2.016546018614271,1895,1923,39,0,1884,1917,41556,11,0,0,11,6
2020-08-23,US,Florida,Hernando,2441,69,0,28.55364461,-82.42700204,12053.0,1258.7665016501649,2.8267103646046703,2372,2423,69,0,2354,2396,190865,18,0,0,18,27
2020-08-23,US,Florida,Highlands,1735,53,0,27.34254618,-81.34071957,12055.0,1633.3869950386459,3.0547550432276656,1682,1715,53,0,1662,1697,105424,20,0,0,20,18
2020-08-23,US,Florida,Hillsborough,35721,520,0,27.9276559,-82.32013172,12057.0,2426.751125024457,1.4557263234511912,35201,35574,519,0,35055,35293,1436888,147,1,0,146,281
2020-08-23,US,Florida,Holmes,587,4,0,30.86747479,-85.81319222,12059.0,2992.3025946882813,0.6814310051107325,583,581,4,0,577,572,19477,6,0,0,6,9
2020-08-23,US,Florida,Indian River,2747,79,0,27.69308961,-80.60556721,12061.0,1717.7016439161346,2.8758645795413185,2668,2736,78,0,2658,2721,157413,11,1,0,10,15
2020-08-23,US,Florida,Jackson,2229,65,0,30.795459700000002,-85.21500423,12063.0,4802.430301202224,2.916105877074921,2164,2220,64,0,2156,2198,48305,9,1,0,8,22
2020-08-23,US,Florida,Jefferson,491,5,0,30.43669112,-83.89442308,12065.0,3446.581496560438,1.0183299389002036,486,488,5,0,483,481,14288,3,0,0,3,7
2020-08-23,US,Florida,Lafayette,1164,4,0,29.98484137,-83.18166636,12067.0,13820.945143671335,0.3436426116838488,1160,1159,4,0,1155,1143,8732,5,0,0,5,16
2020-08-23,US,Florida,Lake,6046,93,0,28.76202069,-81.7125123,12069.0,1646.8819289710666,1.538207079060536,5953,6004,93,0,5911,5947,356495,42,0,0,42,57
2020-08-23,US,Florida,Lee,18009,402,0,26.58410348,-81.88399313,12071.0,2337.0798765081227,2.2322172247209733,17607,17956,398,0,17558,17816,754610,53,4,0,49,140
2020-08-23,US,Florida,Leon,5851,29,0,30.45955727,-84.27491114,12073.0,1992.969596228652,0.4956417706374978,5822,5808,28,0,5780,5705,292502,43,1,0,42,103
2020-08-23,US,Florida,Levy,855,5,0,29.31829741,-82.74007147,12075.0,2060.0920415391656,0.5847953216374269,850,847,5,0,842,835,40770,8,0,0,8,12
2020-08-23,US,Florida,Liberty,420,7,0,30.23766008,-84.8829258,12077.0,5027.531721331099,1.6666666666666667,413,416,7,0,409,413,8457,4,0,0,4,3
2020-08-23,US,Florida,Madison,830,12,0,30.44396917,-83.47398594,12079.0,4488.184718542151,1.4457831325301205,818,822,12,0,810,807,18529,8,0,0,8,15
2020-08-23,US,Florida,Manatee,10170,248,0,27.47196942,-82.31831044,12081.0,2521.9899169999976,2.4385447394296946,9922,10123,248,0,9875,10059,394855,47,0,0,47,64
2020-08-23,US,Florida,Marion,8007,141,0,29.21227113,-82.05803627,12083.0,2190.2242743702454,1.7609591607343575,7866,7926,134,0,7792,7807,359977,81,7,0,74,119
2020-08-23,US,Florida,Martin,4083,112,0,27.0772071,-80.43109784,12085.0,2536.024844720497,2.7430810678422732,3971,4067,112,0,3955,4046,160912,16,0,0,16,21
2020-08-23,US,Florida,Miami-Dade,151986,2243,0,25.6112362,-80.55170587,12086.0,5594.013853820844,1.4757938231152867,149743,151214,2238,0,148976,150305,2761581,772,5,0,767,909
2020-08-23,US,Florida,Monroe,1693,14,0,25.20904673,-81.07812416,12087.0,2280.8104758312234,0.8269344359125812,1679,1694,14,0,1680,1687,75027,-1,0,0,-1,7
2020-08-23,US,Florida,Nassau,1498,15,0,30.61037141,-81.80297522,12089.0,1690.2679830747531,1.0013351134846462,1483,1456,15,0,1441,1435,85832,42,0,0,42,21
2020-08-23,US,Florida,Okaloosa,3955,71,0,30.69143028,-86.59267105,12091.0,1876.7379400013288,1.79519595448799,3884,3921,71,0,3850,3878,207269,34,0,0,34,43
2020-08-23,US,Florida,Okeechobee,1202,13,0,27.386336199999995,-80.88944347,12093.0,2850.502750901157,1.08153078202995,1189,1195,13,0,1182,1183,41537,7,0,0,7,12
2020-08-23,US,Florida,Orange,34662,361,0,28.51367621,-81.31799498,12095.0,2487.49149593958,1.04148635393226,34301,34538,361,0,34177,34321,1380645,124,0,0,124,217
2020-08-23,US,Florida,Osceola,10732,127,0,28.06312234,-81.14882926,12097.0,2856.1467567617915,1.1833768169959,10605,10681,127,0,10554,10619,367990,51,0,0,51,62
2020-08-23,US,Florida,Palm Beach,40570,1059,0,26.64676272,-80.46536002,12099.0,2710.5032837376484,2.6103031796894256,39511,40387,1059,0,39328,40157,1485941,183,0,0,183,230
2020-08-23,US,Florida,Pasco,7758,157,0,28.30810945,-82.40227529,12101.0,1400.494993203321,2.023717452951792,7601,7693,157,0,7536,7651,539630,65,0,0,65,42
2020-08-23,US,Florida,Pinellas,19431,599,0,27.93130349,-82.72239666,12103.0,1992.9312530512946,3.0827028974319393,18832,19352,595,0,18757,19247,975280,79,4,0,75,105
2020-08-23,US,Florida,Polk,16251,404,0,27.95027105,-81.69732947,12105.0,2242.206913298849,2.4860008614854467,15847,16158,404,0,15754,16015,708009,93,0,0,93,143
2020-08-23,US,Florida,Putnam,1723,35,0,29.60779729,-81.74230285,12107.0,2312.0999449819515,2.0313406848520024,1688,1709,35,0,1674,1689,74163,14,0,0,14,20
2020-08-23,US,Florida,Santa Rosa,4443,54,0,30.69341450000001,-87.02458128,12113.0,2410.5733182141253,1.2153950033760972,4389,4418,54,0,4364,4385,179349,25,0,0,25,33
2020-08-23,US,Florida,Sarasota,7021,180,0,27.18546175,-82.33174248,12115.0,1618.7042066481918,2.56373735935052,6841,6980,180,0,6800,6905,426718,41,0,0,41,75
2020-08-23,US,Florida,Seminole,7756,162,0,28.7158582,-81.24060348,12117.0,1643.8263258065476,2.0887055183084065,7594,7735,161,0,7574,7673,467832,21,1,0,20,62
2020-08-23,US,Florida,St. Johns,4153,52,0,29.90096506,-81.43589967,12109.0,1569.1119574416634,1.2521069106669878,4101,4137,51,0,4086,4106,254261,16,1,0,15,31
2020-08-23,US,Florida,St. Lucie,6628,214,0,27.37763908,-80.47106649,12111.0,2018.9036147147247,3.2287266143633078,6414,6585,214,0,6371,6545,321128,43,0,0,43,40
2020-08-23,US,Florida,Sumter,1717,46,0,28.70181754,-82.0794267,12119.0,1296.6319287116748,2.6790914385556204,1671,1704,46,0,1658,1680,128754,13,0,0,13,24
2020-08-23,US,Florida,Suwannee,2356,53,0,30.19746066,-82.99099670000003,12121.0,5304.275390053358,2.2495755517826823,2303,2323,53,0,2270,2317,44191,33,0,0,33,6
2020-08-23,US,Florida,Taylor,1154,5,0,30.04848048,-83.60445406,12123.0,5350.271222587973,0.43327556325823213,1149,1146,5,0,1141,1142,21623,8,0,0,8,4
2020-08-23,US,Florida,Unassigned,838,0,0,0.0,0.0,90012.0,0.0,0.0,838,835,0,0,835,812,,3,0,0,3,23
2020-08-23,US,Florida,Union,530,5,0,30.04412971,-82.37497443,12125.0,3478.3750082037145,0.9433962264150944,525,526,5,0,521,514,14940,4,0,0,4,12
2020-08-23,US,Florida,Volusia,8914,177,0,29.05858895,-81.18263252,12127.0,1611.1074963309982,1.9856405654027371,8737,8867,177,0,8690,8761,547538,47,0,0,47,106
2020-08-23,US,Florida,Wakulla,854,5,0,30.16548905,-84.39895211,12129.0,2531.195352559353,0.585480093676815,849,848,5,0,843,827,32461,6,0,0,6,21
2020-08-23,US,Florida,Walton,1578,20,0,30.64204028,-86.16935664,12131.0,2130.3884111190614,1.267427122940431,1558,1562,20,0,1542,1548,71375,16,0,0,16,14
2020-08-23,US,Florida,Washington,975,14,0,30.61359259,-85.66002461,12133.0,3827.5821458014366,1.4358974358974361,961,974,14,0,960,970,24880,1,0,0,1,4
2020-08-23,US,Georgia,Appling,857,21,0,31.74847232,-82.28909114,13001.0,4661.155226803003,2.4504084014002334,836,852,21,0,831,840,18507,5,0,0,5,12
2020-08-23,US,Georgia,Atkinson,379,3,0,31.29633502,-82.87545866,13003.0,4641.76362522964,0.7915567282321899,376,379,3,0,376,374,8297,0,0,0,0,5
2020-08-23,US,Georgia,Bacon,488,8,0,31.55456473,-82.45936528,13005.0,4371.1931207452535,1.639344262295082,480,486,8,0,478,483,11185,2,0,0,2,3
2020-08-23,US,Georgia,Baker,72,3,0,31.32669878,-84.44218806,13007.0,2369.980250164582,4.166666666666667,69,72,3,0,69,73,3092,0,0,0,0,-1
2020-08-23,US,Georgia,Baldwin,1335,46,0,33.06882326,-83.24701748,13009.0,2973.936288705725,3.4456928838951315,1289,1290,46,0,1244,1252,44823,45,0,0,45,38
2020-08-23,US,Georgia,Banks,334,8,0,34.35607081,-83.49644388,13011.0,1736.5082666112094,2.395209580838323,326,329,7,0,322,324,18988,5,1,0,4,5
2020-08-23,US,Georgia,Barrow,1585,36,0,33.99148694,-83.71436292,13013.0,1904.132628543969,2.271293375394322,1549,1578,36,0,1542,1553,80809,7,0,0,7,25
2020-08-23,US,Georgia,Bartow,2240,66,0,34.23732119,-84.83887523,13015.0,2079.1178599936884,2.946428571428572,2174,2225,66,0,2159,2189,106408,15,0,0,15,36
2020-08-23,US,Georgia,Ben Hill,597,8,0,31.76095874,-83.22145359,13017.0,3574.850299401197,1.340033500837521,589,580,7,0,573,578,16787,17,1,0,16,2
2020-08-23,US,Georgia,Berrien,363,3,0,31.27590016,-83.22529920000002,13019.0,1871.423415992164,0.8264462809917356,360,360,3,0,357,358,19252,3,0,0,3,2
2020-08-23,US,Georgia,Bibb,4524,98,0,32.80904227,-83.70489165,13021.0,2953.793116956888,2.166224580017684,4426,4496,98,0,4398,4393,153095,28,0,0,28,103
2020-08-23,US,Georgia,Bleckley,313,12,0,32.43829035,-83.33035166,13023.0,2431.4456614619753,3.8338658146964857,301,310,12,0,298,299,12838,3,0,0,3,11
2020-08-23,US,Georgia,Brantley,289,8,0,31.19576557,-81.97743999,13025.0,1512.3763671568372,2.7681660899653977,281,289,8,0,281,286,18897,0,0,0,0,3
2020-08-23,US,Georgia,Brooks,452,20,0,30.83922642,-83.58303423,13027.0,2924.241444005952,4.424778761061948,432,451,20,0,431,446,15513,1,0,0,1,5
2020-08-23,US,Georgia,Bryan,786,9,0,32.00979311,-81.44002948,13029.0,1983.49610114316,1.1450381679389312,777,785,9,0,776,774,38109,1,0,0,1,11
2020-08-23,US,Georgia,Bulloch,1472,19,0,32.39577406,-81.74811421,13031.0,1849.0603959401064,1.2907608695652173,1453,1467,19,0,1448,1460,77296,5,0,0,5,7
2020-08-23,US,Georgia,Burke,617,7,0,33.05917989,-81.99928721,13033.0,2756.556315060537,1.1345218800648298,610,614,7,0,607,611,22423,3,0,0,3,3
2020-08-23,US,Georgia,Butts,532,40,0,33.283094500000004,-83.95435040000002,13035.0,2133.4616618543473,7.518796992481202,492,530,40,0,490,526,24193,2,0,0,2,4
2020-08-23,US,Georgia,Calhoun,225,7,0,31.53169785,-84.62725131,13037.0,3635.482307319437,3.111111111111111,218,224,7,0,217,221,6352,1,0,0,1,3
2020-08-23,US,Georgia,Camden,942,7,0,30.92951916,-81.66601818,13039.0,1723.1917462408078,0.7430997876857749,935,933,7,0,926,923,53677,9,0,0,9,10
2020-08-23,US,Georgia,Candler,304,11,0,32.40209349,-82.07702563,13043.0,2814.0331389428857,3.6184210526315783,293,303,11,0,292,297,10836,1,0,0,1,6
2020-08-23,US,Georgia,Carroll,2208,56,0,33.58138199,-85.07976677,13045.0,1840.1226748449897,2.5362318840579707,2152,2193,56,0,2137,2175,118121,15,0,0,15,18
2020-08-23,US,Georgia,Catoosa,794,17,0,34.89872298,-85.13757014,13047.0,1174.9038176975434,2.141057934508816,777,788,17,0,771,757,67420,6,0,0,6,31
2020-08-23,US,Georgia,Charlton,538,5,0,30.78371028,-82.13951596,13049.0,4017.323775388291,0.929368029739777,533,529,5,0,524,512,12968,9,0,0,9,17
2020-08-23,US,Georgia,Chatham,6665,115,0,32.00043026,-81.12489526,13051.0,2302.802059219846,1.7254313578394598,6550,6632,114,0,6518,6571,289195,33,1,0,32,61
2020-08-23,US,Georgia,Chattahoochee,931,2,0,32.34341231,-84.78809239,13053.0,8535.80269551664,0.21482277121374865,929,930,2,0,928,896,10684,1,0,0,1,34
2020-08-23,US,Georgia,Chattooga,422,5,0,34.47197698,-85.34535662,13055.0,1702.3679858001533,1.1848341232227488,417,417,5,0,412,401,24790,5,0,0,5,16
2020-08-23,US,Georgia,Cherokee,4369,72,0,34.24393976,-84.47431861,13057.0,1688.3523396954085,1.6479743648432137,4297,4319,70,0,4249,4262,254149,50,2,0,48,57
2020-08-23,US,Georgia,Clarke,2491,25,0,33.95436462,-83.37124007,13059.0,1941.074253298112,1.0036130068245686,2466,2473,24,0,2449,2416,127330,18,1,0,17,57
2020-08-23,US,Georgia,Clay,109,2,0,31.62221166,-84.97713865,13061.0,3846.1538461538453,1.834862385321101,107,108,2,0,106,108,2887,1,0,0,1,0
2020-08-23,US,Georgia,Clayton,6042,121,0,33.54187245,-84.35594188,13063.0,2067.3655972845722,2.0026481297583585,5921,5980,121,0,5859,5914,289615,62,0,0,62,66
2020-08-23,US,Georgia,Clinch,267,4,0,30.91395822,-82.70432472,13065.0,4034.4514959202174,1.49812734082397,263,266,4,0,262,226,6648,1,0,0,1,40
2020-08-23,US,Georgia,Cobb,15931,369,0,33.94243204,-84.5761255,13067.0,2095.795385329827,2.3162387797376183,15562,15816,368,0,15448,15687,756865,115,1,0,114,129
2020-08-23,US,Georgia,Coffee,1701,34,0,31.54892966,-82.85492059999999,13069.0,3930.857578628706,1.9988242210464435,1667,1691,34,0,1657,1673,43093,10,0,0,10,18
2020-08-23,US,Georgia,Colquitt,1676,25,0,31.18810588,-83.7677946,13071.0,3675.438596491228,1.4916467780429594,1651,1674,25,0,1649,1653,45592,2,0,0,2,21
2020-08-23,US,Georgia,Columbia,2955,40,0,33.54534185,-82.263524,13073.0,1885.600520693748,1.3536379018612519,2915,2936,36,0,2900,2912,154291,19,4,0,15,24
2020-08-23,US,Georgia,Cook,494,10,0,31.16068491,-83.42947229,13075.0,2860.4516502605675,2.0242914979757085,484,494,10,0,484,492,17162,0,0,0,0,2
2020-08-23,US,Georgia,Coweta,2014,26,0,33.35334302,-84.76129976,13077.0,1356.1467655158947,1.2909632571996028,1988,1972,26,0,1946,1944,145864,42,0,0,42,28
2020-08-23,US,Georgia,Crawford,136,0,0,32.71391813,-83.98061238,13079.0,1096.4205095130603,0.0,136,131,0,0,131,129,12318,5,0,0,5,2
2020-08-23,US,Georgia,Crisp,428,15,0,31.92289565,-83.76811843,13081.0,1913.1056677990343,3.504672897196261,413,426,15,0,411,422,22601,2,0,0,2,4
2020-08-23,US,Georgia,Dade,180,3,0,34.854916700000004,-85.50490424,13083.0,1116.902457185406,1.6666666666666667,177,177,3,0,174,173,16226,3,0,0,3,4
2020-08-23,US,Georgia,Dawson,590,6,0,34.44244079,-84.16964071,13085.0,2259.8437260609776,1.0169491525423728,584,589,5,0,584,564,25083,1,1,0,0,25
2020-08-23,US,Georgia,DeKalb,15959,278,0,33.76944049,-84.22396017,13089.0,2101.8125977055092,1.7419637821918668,15681,15860,278,0,15582,15731,756558,99,0,0,99,129
2020-08-23,US,Georgia,Decatur,918,19,0,30.87967778,-84.57619536,13087.0,3476.7459475836995,2.0697167755991286,899,915,19,0,896,902,26575,3,0,0,3,13
2020-08-23,US,Georgia,Dodge,287,5,0,32.17265114,-83.16948926,13091.0,1392.8658092695948,1.7421602787456445,282,280,5,0,275,273,20705,7,0,0,7,7
2020-08-23,US,Georgia,Dooly,277,14,0,32.15630737,-83.79746561,13093.0,2068.707991038088,5.054151624548736,263,275,14,0,261,273,13706,2,0,0,2,2
2020-08-23,US,Georgia,Dougherty,2904,174,0,31.53328528,-84.21722377,13095.0,3301.650825412706,5.991735537190082,2730,2888,174,0,2714,2869,91243,16,0,0,16,19
2020-08-23,US,Georgia,Douglas,3029,62,0,33.70291126,-84.77026156,13097.0,2069.794933819861,2.046880158468141,2967,3015,61,0,2954,2992,145331,14,1,0,13,23
2020-08-23,US,Georgia,Early,398,32,0,31.32155345,-84.90255207,13099.0,3905.789990186457,8.040201005025125,366,398,32,0,366,395,10247,0,0,0,0,3
2020-08-23,US,Georgia,Echols,230,2,0,30.71101099,-82.89687287,13101.0,5741.387918122816,0.8695652173913043,228,230,2,0,228,228,4000,0,0,0,0,2
2020-08-23,US,Georgia,Effingham,946,14,0,32.36616021,-81.34280942,13103.0,1471.3201443324624,1.4799154334038056,932,936,14,0,922,910,62190,10,0,0,10,26
2020-08-23,US,Georgia,Elbert,421,1,0,34.11302332,-82.83936148,13105.0,2193.39376888611,0.2375296912114014,420,420,1,0,419,418,19120,1,0,0,1,2
2020-08-23,US,Georgia,Emanuel,659,19,0,32.59221302,-82.30239915,13107.0,2910.0061821072154,2.8831562974203337,640,656,16,0,640,640,22612,3,3,0,0,16
2020-08-23,US,Georgia,Evans,332,4,0,32.15328841,-81.8870105,13109.0,3116.200488079595,1.2048192771084338,328,332,4,0,328,328,10721,0,0,0,0,4
2020-08-23,US,Georgia,Fannin,414,6,0,34.86430205,-84.316964,13111.0,1580.876737436994,1.4492753623188406,408,410,5,0,405,405,25964,4,1,0,3,5
2020-08-23,US,Georgia,Fayette,1412,36,0,33.41357794,-84.49089434,13113.0,1234.0392060897912,2.54957507082153,1376,1404,35,0,1369,1394,113459,8,1,0,7,10
2020-08-23,US,Georgia,Floyd,2015,27,0,34.26268279,-85.21577392,13115.0,2045.7268167881589,1.3399503722084367,1988,1998,22,0,1976,1950,97927,17,5,0,12,48
2020-08-23,US,Georgia,Forsyth,2808,31,0,34.22604035,-84.12315129999998,13117.0,1149.6323469203935,1.103988603988604,2777,2797,31,0,2766,2754,236612,11,0,0,11,43
2020-08-23,US,Georgia,Franklin,499,9,0,34.37525597,-83.23159927,13119.0,2137.1364940682683,1.8036072144288575,490,497,9,0,488,491,23023,2,0,0,2,6
2020-08-23,US,Georgia,Fulton,23751,490,0,33.79216944,-84.46319413,13121.0,2232.3690218499787,2.06307102858827,23261,23622,489,0,23133,23375,1050114,129,1,0,128,247
2020-08-23,US,Georgia,Gilmer,716,5,0,34.69316688,-84.45802506,13123.0,2282.508208741114,0.6983240223463687,711,713,5,0,708,707,30816,3,0,0,3,6
2020-08-23,US,Georgia,Glascock,33,2,0,33.22879932,-82.61297636,13125.0,1110.7371255469538,6.0606060606060606,31,33,2,0,31,31,2995,0,0,0,0,2
2020-08-23,US,Georgia,Glynn,2875,64,0,31.23279254,-81.53811412,13127.0,3370.7733433381795,2.226086956521739,2811,2856,61,0,2795,2822,85219,19,3,0,16,34
2020-08-23,US,Georgia,Gordon,1439,25,0,34.50487351,-84.87296253,13129.0,2482.6182219691877,1.7373175816539264,1414,1432,25,0,1407,1415,57685,7,0,0,7,17
2020-08-23,US,Georgia,Grady,626,8,0,30.87454847,-84.23418364,13131.0,2541.306377623513,1.2779552715654952,618,615,8,0,607,603,24748,11,0,0,11,12
2020-08-23,US,Georgia,Greene,396,14,0,33.5769205,-83.17139104,13133.0,2161.1001964636544,3.5353535353535355,382,395,14,0,381,392,17698,1,0,0,1,3
2020-08-23,US,Georgia,Gwinnett,23096,306,0,33.96044201,-84.02137802,13135.0,2466.8624833110816,1.3249047454104608,22790,22991,304,0,22687,22786,927781,105,2,0,103,205
2020-08-23,US,Georgia,Habersham,1268,57,0,34.63331566,-83.53094677,13137.0,2797.387927991529,4.495268138801261,1211,1266,55,0,1211,1263,45388,2,2,0,0,3
2020-08-23,US,Georgia,Hall,7004,116,0,34.32207823,-83.81896936,13139.0,3425.9272846444696,1.6561964591661908,6888,6981,116,0,6865,6916,202148,23,0,0,23,65
2020-08-23,US,Georgia,Hancock,346,39,0,33.2721566,-82.99766919,13141.0,4091.285325765638,11.271676300578036,307,346,39,0,307,342,8348,0,0,0,0,4
2020-08-23,US,Georgia,Haralson,289,7,0,33.79602175,-85.21005667,13143.0,970.0590762620836,2.4221453287197234,282,284,7,0,277,280,29533,5,0,0,5,4
2020-08-23,US,Georgia,Harris,711,19,0,32.73709786,-84.90538572,13145.0,2017.8226813486206,2.6722925457102678,692,710,19,0,691,704,34475,1,0,0,1,6
2020-08-23,US,Georgia,Hart,383,10,0,34.34626973,-82.96567682,13147.0,1461.5531387139858,2.610966057441253,373,377,10,0,367,375,26099,6,0,0,6,2
2020-08-23,US,Georgia,Heard,161,5,0,33.29686567,-85.12886832,13149.0,1350.3312924599513,3.1055900621118013,156,159,5,0,154,157,11879,2,0,0,2,2
2020-08-23,US,Georgia,Henry,4117,66,0,33.4533428,-84.14814659999998,13151.0,1755.1937449107056,1.6031090599951419,4051,4087,66,0,4021,4006,230220,30,0,0,30,81
2020-08-23,US,Georgia,Houston,2431,63,0,32.45802497,-83.66879087,13153.0,1539.9428618485654,2.591526120937885,2368,2415,63,0,2352,2374,155469,16,0,0,16,41
2020-08-23,US,Georgia,Irwin,200,2,0,31.60213036,-83.27501387,13155.0,2124.0441801189463,1.0,198,194,2,0,192,194,9398,6,0,0,6,0
2020-08-23,US,Georgia,Jackson,1311,21,0,34.13794553,-83.56814788,13157.0,1796.4564177754635,1.6018306636155606,1290,1311,20,0,1291,1293,70422,0,1,0,-1,18
2020-08-23,US,Georgia,Jasper,187,2,0,33.31535543,-83.68844964,13159.0,1315.1417117940784,1.0695187165775402,185,187,2,0,185,187,14040,0,0,0,0,0
2020-08-23,US,Georgia,Jeff Davis,598,9,0,31.80405727,-82.63724870000001,13161.0,3956.334766787959,1.5050167224080269,589,592,9,0,583,581,15029,6,0,0,6,11
2020-08-23,US,Georgia,Jefferson,618,13,0,33.05867328,-82.41609057,13163.0,4022.9136831141773,2.103559870550162,605,607,13,0,594,605,15430,11,0,0,11,2
2020-08-23,US,Georgia,Jenkins,283,24,0,32.79248718,-81.96040187,13165.0,3261.8718303365613,8.480565371024735,259,283,24,0,259,283,8683,0,0,0,0,0
2020-08-23,US,Georgia,Johnson,286,13,0,32.70211082,-82.66166794,13167.0,2965.881986933527,4.545454545454546,273,283,13,0,270,283,9708,3,0,0,3,0
2020-08-23,US,Georgia,Jones,381,5,0,33.02512137,-83.56019163,13169.0,1325.9091700017402,1.3123359580052494,376,378,5,0,373,372,28616,3,0,0,3,6
2020-08-23,US,Georgia,Lamar,311,15,0,33.07841647,-84.14263877,13171.0,1630.2353619541855,4.823151125401928,296,311,15,0,296,307,19000,0,0,0,0,4
2020-08-23,US,Georgia,Lanier,244,5,0,31.03828570000001,-83.06472457,13173.0,2340.9766861748058,2.0491803278688523,239,243,5,0,238,243,10340,1,0,0,1,0
2020-08-23,US,Georgia,Laurens,1223,34,0,32.46325233,-82.92221316,13175.0,2572.245825095697,2.7800490596892886,1189,1212,32,0,1180,1197,47325,11,2,0,9,15
2020-08-23,US,Georgia,Lee,635,23,0,31.779330600000005,-84.14324253,13177.0,2117.2312616697786,3.622047244094488,612,632,23,0,609,630,29764,3,0,0,3,2
2020-08-23,US,Georgia,Liberty,866,13,0,31.82588896,-81.49251135,13179.0,1409.6199234963785,1.5011547344110854,853,862,13,0,849,851,61497,4,0,0,4,11
2020-08-23,US,Georgia,Lincoln,185,6,0,33.79201475,-82.45024131,13181.0,2335.563691453099,3.2432432432432434,179,184,6,0,178,182,7915,1,0,0,1,2
2020-08-23,US,Georgia,Long,170,2,0,31.75218791,-81.74952375,13183.0,869.1650902397873,1.1764705882352942,168,170,2,0,168,167,18998,0,0,0,0,3
2020-08-23,US,Georgia,Lowndes,3360,56,0,30.83568832,-83.27056716,13185.0,2861.863959252509,1.6666666666666667,3304,3342,56,0,3286,3335,116321,18,0,0,18,7
2020-08-23,US,Georgia,Lumpkin,559,10,0,34.57286511,-84.00425681,13187.0,1663.1954775364475,1.7889087656529516,549,558,10,0,548,522,32955,1,0,0,1,36
2020-08-23,US,Georgia,Macon,195,10,0,32.35207048,-84.04234127,13193.0,1506.140418629799,5.128205128205129,185,194,10,0,184,193,13143,1,0,0,1,1
2020-08-23,US,Georgia,Madison,493,7,0,34.12920917,-83.21218732,13195.0,1649.9330655957162,1.4198782961460443,486,491,7,0,484,483,29650,2,0,0,2,8
2020-08-23,US,Georgia,Marion,163,5,0,32.3483402,-84.52733571,13197.0,1949.9940184232564,3.0674846625766867,158,164,5,0,159,164,8351,-1,0,0,-1,0
2020-08-23,US,Georgia,McDuffie,474,12,0,33.47851918,-82.48252774,13189.0,2224.099099099099,2.5316455696202533,462,472,12,0,460,471,21531,2,0,0,2,1
2020-08-23,US,Georgia,McIntosh,231,4,0,31.49683595,-81.40163426,13191.0,1606.6212268743914,1.7316017316017316,227,231,3,0,228,227,14340,0,1,0,-1,4
2020-08-23,US,Georgia,Meriwether,455,8,0,33.04163534,-84.68859732,13199.0,2149.5724476779887,1.7582417582417582,447,452,8,0,444,447,21068,3,0,0,3,5
2020-08-23,US,Georgia,Miller,199,0,0,31.16568912,-84.73151117,13201.0,3480.237845400489,0.0,199,194,0,0,194,188,5686,5,0,0,5,6
2020-08-23,US,Georgia,Mitchell,688,42,0,31.22483255,-84.19381821,13205.0,3146.8691396423187,6.104651162790698,646,686,42,0,644,679,22192,2,0,0,2,7
2020-08-23,US,Georgia,Monroe,538,33,0,33.014289,-83.92097166,13207.0,1950.8303720356805,6.133828996282528,505,532,33,0,499,522,27520,6,0,0,6,10
2020-08-23,US,Georgia,Montgomery,201,3,0,32.17201038,-82.53527476,13209.0,2191.4522459659834,1.492537313432836,198,199,3,0,196,198,9193,2,0,0,2,1
2020-08-23,US,Georgia,Morgan,381,2,0,33.59232073,-83.49129491,13211.0,1976.5511516912225,0.5249343832020997,379,379,2,0,377,373,18853,2,0,0,2,6
2020-08-23,US,Georgia,Murray,683,3,0,34.78897608,-84.74993177,13213.0,1703.4118116520347,0.43923865300146414,680,679,3,0,676,676,39921,4,0,0,4,3
2020-08-23,US,Georgia,Muscogee,5286,120,0,32.50931999,-84.87142262,13215.0,2700.1210610464373,2.2701475595913734,5166,5265,120,0,5145,5231,194160,21,0,0,21,34
2020-08-23,US,Georgia,Newton,2159,58,0,33.55514538,-83.84547140000002,13217.0,1932.094788087056,2.686428902269569,2101,2148,58,0,2090,2127,109541,11,0,0,11,21
2020-08-23,US,Georgia,Oconee,511,20,0,33.83749973,-83.43679568,13219.0,1268.6196623634555,3.9138943248532287,491,510,20,0,490,494,39272,1,0,0,1,16
2020-08-23,US,Georgia,Oglethorpe,264,8,0,33.878629600000004,-83.08278123,13221.0,1730.1264827315024,3.0303030303030303,256,262,8,0,254,258,15054,2,0,0,2,4
2020-08-23,US,Georgia,Out of GA,16547,111,0,0.0,0.0,80013.0,0.0,0.6708164621985858,16436,16439,110,0,16329,16461,,108,1,0,107,-22
2020-08-23,US,Georgia,Paulding,2063,30,0,33.91969522,-84.86848792,13223.0,1223.120112410845,1.4541929229277748,2033,2032,30,0,2002,2016,164044,31,0,0,31,16
2020-08-23,US,Georgia,Peach,502,17,0,32.56934316,-83.82937,13225.0,1822.4061569737894,3.3864541832669324,485,495,17,0,478,490,27297,7,0,0,7,5
2020-08-23,US,Georgia,Pickens,476,6,0,34.46589159,-84.46406611,13227.0,1460.5259120616122,1.2605042016806722,470,475,6,0,469,464,31980,1,0,0,1,11
2020-08-23,US,Georgia,Pierce,492,10,0,31.35928155,-82.21598442,13229.0,2527.613665553558,2.0325203252032518,482,490,10,0,480,482,19389,2,0,0,2,8
2020-08-23,US,Georgia,Pike,263,8,0,33.09310242,-84.38790389,13231.0,1386.9844953064026,3.041825095057034,255,262,8,0,254,261,18634,1,0,0,1,1
2020-08-23,US,Georgia,Polk,1072,12,0,34.00267074,-85.18677781,13233.0,2515.664233919227,1.1194029850746268,1060,1061,12,0,1049,1039,42470,11,0,0,11,22
2020-08-23,US,Georgia,Pulaski,162,4,0,32.23334561,-83.47549959999998,13235.0,1454.6107569363382,2.469135802469136,158,161,4,0,157,157,11069,1,0,0,1,4
2020-08-23,US,Georgia,Putnam,567,18,0,33.32056115,-83.37552891,13237.0,2563.4070256340697,3.1746031746031744,549,556,18,0,538,546,21809,11,0,0,11,10
2020-08-23,US,Georgia,Quitman,32,1,0,31.86728114,-85.01773177,13239.0,1391.9095258808175,3.125,31,32,1,0,31,32,2279,0,0,0,0,0
2020-08-23,US,Georgia,Rabun,254,4,0,34.88389445,-83.40304637,13241.0,1482.1730758008987,1.5748031496062993,250,250,4,0,246,247,16867,4,0,0,4,3
2020-08-23,US,Georgia,Randolph,303,27,0,31.76622818,-84.75732369,13243.0,4470.3452345824735,8.910891089108912,276,302,27,0,275,299,6833,1,0,0,1,3
2020-08-23,US,Georgia,Richmond,5641,114,0,33.35777107,-82.07026432,13245.0,2785.4314184418176,2.0209182769012592,5527,5590,114,0,5476,5553,201554,51,0,0,51,37
2020-08-23,US,Georgia,Rockdale,1590,28,0,33.65145002,-84.02202167,13247.0,1749.2518922724869,1.7610062893081762,1562,1583,28,0,1555,1569,90594,7,0,0,7,14
2020-08-23,US,Georgia,Schley,90,2,0,32.2654021,-84.31258912,13249.0,1712.0030435609665,2.2222222222222223,88,90,2,0,88,89,5236,0,0,0,0,1
2020-08-23,US,Georgia,Screven,251,9,0,32.74976524,-81.60779441,13251.0,1797.2218244307605,3.585657370517928,242,248,9,0,239,247,13938,3,0,0,3,1
2020-08-23,US,Georgia,Seminole,259,8,0,30.93464824,-84.86823924,13253.0,3201.4833127317675,3.088803088803089,251,259,8,0,251,259,8315,0,0,0,0,0
2020-08-23,US,Georgia,Spalding,1111,45,0,33.26310031,-84.28013991,13255.0,1665.5922522225387,4.0504050405040495,1066,1089,45,0,1044,1079,66100,22,0,0,22,10
2020-08-23,US,Georgia,Stephens,754,19,0,34.55151201,-83.29405315,13257.0,2908.389585342333,2.519893899204244,735,749,19,0,730,743,26035,5,0,0,5,6
2020-08-23,US,Georgia,Stewart,315,10,0,32.07996777,-84.83208037,13259.0,4757.58948799275,3.1746031746031744,305,316,10,0,306,313,6199,-1,0,0,-1,3
2020-08-23,US,Georgia,Sumter,820,57,0,32.03650571,-84.19821492,13261.0,2777.401436119767,6.951219512195122,763,817,57,0,760,811,29733,3,0,0,3,6
2020-08-23,US,Georgia,Talbot,152,5,0,32.69642758,-84.53351366,13263.0,2453.591606133979,3.2894736842105265,147,152,5,0,147,152,6272,0,0,0,0,0
2020-08-23,US,Georgia,Taliaferro,18,0,0,33.56543317,-82.88136816,13265.0,1171.1125569290825,0.0,18,18,0,0,18,18,1608,0,0,0,0,0
2020-08-23,US,Georgia,Tattnall,643,5,0,32.04785085,-82.05539188,13267.0,2542.909119670964,0.7776049766718507,638,639,5,0,634,630,25391,4,0,0,4,9
2020-08-23,US,Georgia,Taylor,116,4,0,32.55792548,-84.25077141,13269.0,1446.3840399002493,3.4482758620689653,112,114,4,0,110,112,8039,2,0,0,2,2
2020-08-23,US,Georgia,Telfair,329,12,0,31.92829517,-82.93491155,13271.0,2074.4010088272385,3.64741641337386,317,325,12,0,313,325,15876,4,0,0,4,0
2020-08-23,US,Georgia,Terrell,309,30,0,31.77527543,-84.44069698,13273.0,3622.084163638495,9.70873786407767,279,309,30,0,279,309,8611,0,0,0,0,0
2020-08-23,US,Georgia,Thomas,1330,46,0,30.86392347,-83.91847289,13275.0,2992.058671345977,3.4586466165413534,1284,1323,46,0,1277,1305,44448,7,0,0,7,18
2020-08-23,US,Georgia,Tift,1445,47,0,31.45743864,-83.5236119,13277.0,3555.260309024702,3.2525951557093427,1398,1438,47,0,1391,1422,40571,7,0,0,7,16
2020-08-23,US,Georgia,Toombs,975,10,0,32.12059861,-82.32957247,13279.0,3633.9918002236304,1.0256410256410255,965,962,10,0,952,956,26887,13,0,0,13,6
2020-08-23,US,Georgia,Towns,184,5,0,34.91369188,-83.74107459999998,13281.0,1528.6200880618094,2.717391304347826,179,180,3,0,177,177,11852,4,2,0,2,3
2020-08-23,US,Georgia,Treutlen,178,3,0,32.40422134,-82.56904553,13283.0,2579.336328068396,1.6853932584269662,175,170,3,0,167,165,6809,8,0,0,8,5
2020-08-23,US,Georgia,Troup,2503,79,0,33.03349196,-85.02812115,13285.0,3579.7030977374793,3.1562125449460647,2424,2496,79,0,2417,2483,70034,7,0,0,7,13
2020-08-23,US,Georgia,Turner,273,19,0,31.71612656,-83.62069378,13287.0,3418.9104571070757,6.95970695970696,254,273,19,0,254,273,7912,0,0,0,0,0
2020-08-23,US,Georgia,Twiggs,157,6,0,32.67435595,-83.43078662,13289.0,1933.4975369458127,3.8216560509554136,151,157,6,0,151,153,8188,0,0,0,0,4
2020-08-23,US,Georgia,Unassigned,2769,4,0,0.0,0.0,90013.0,0.0,0.1444564824846515,2765,2685,4,0,2681,2689,,84,0,0,84,-4
2020-08-23,US,Georgia,Union,403,7,0,34.82995757,-83.98967069,13291.0,1644.1597650034678,1.7369727047146402,396,397,7,0,390,386,24001,6,0,0,6,11
2020-08-23,US,Georgia,Upson,658,53,0,32.87920671,-84.30024826,13293.0,2500.0,8.054711246200608,605,655,53,0,602,646,26215,3,0,0,3,9
2020-08-23,US,Georgia,Walker,908,19,0,34.73376362,-85.30165174,13295.0,1301.5868465188287,2.092511013215859,889,903,19,0,884,882,69410,5,0,0,5,21
2020-08-23,US,Georgia,Walton,1366,43,0,33.78017694,-83.73552314,13297.0,1444.0814859450488,3.14787701317716,1323,1355,43,0,1312,1347,93503,11,0,0,11,8
2020-08-23,US,Georgia,Ware,1296,41,0,31.05449097,-82.42224148,13299.0,3626.798007499861,3.1635802469135803,1255,1286,41,0,1245,1281,35680,10,0,0,10,5
2020-08-23,US,Georgia,Warren,110,3,0,33.41146451,-82.67795848,13301.0,2093.6429387133608,2.727272727272727,107,110,3,0,107,110,5251,0,0,0,0,0
2020-08-23,US,Georgia,Washington,586,3,0,32.96711864,-82.79357039,13303.0,2876.2147835476594,0.5119453924914675,583,583,3,0,580,579,20386,3,0,0,3,4
2020-08-23,US,Georgia,Wayne,919,19,0,31.5521809,-81.91894878,13305.0,3070.8056270257625,2.067464635473341,900,914,19,0,895,912,29808,5,0,0,5,2
2020-08-23,US,Georgia,Webster,38,2,0,32.04066113,-84.54742852,13307.0,1457.6141158419641,5.2631578947368425,36,38,2,0,36,38,2611,0,0,0,0,0
2020-08-23,US,Georgia,Wheeler,136,3,0,32.12009104,-82.72574721,13309.0,1731.3812858052195,2.2058823529411766,133,131,3,0,128,129,7879,5,0,0,5,2
2020-08-23,US,Georgia,White,441,9,0,34.64624278,-83.74905525,13311.0,1431.9111630625366,2.0408163265306123,432,440,9,0,431,431,29970,1,0,0,1,9
2020-08-23,US,Georgia,Whitfield,3841,46,0,34.80987459,-84.96093476,13313.0,3671.1014260045113,1.1976047904191616,3795,3819,44,0,3775,3805,104062,22,2,0,20,14
2020-08-23,US,Georgia,Wilcox,210,20,0,31.97496928,-83.43438555,13315.0,2431.9629415170816,9.523809523809524,190,210,20,0,190,205,8812,0,0,0,0,5
2020-08-23,US,Georgia,Wilkes,213,3,0,33.78290391,-82.74286107,13317.0,2178.582387235348,1.4084507042253518,210,210,3,0,207,210,9876,3,0,0,3,0
2020-08-23,US,Georgia,Wilkinson,261,13,0,32.80291082,-83.17140684,13319.0,2914.898369443824,4.980842911877394,248,257,13,0,244,250,9036,4,0,0,4,7
2020-08-23,US,Georgia,Worth,483,24,0,31.55162306,-83.85090513,13321.0,2385.538598310861,4.9689440993788825,459,483,24,0,459,482,20299,0,0,0,0,1
2020-08-23,US,Hawaii,Hawaii,200,0,0,19.60121157,-155.5210167,15001.0,99.24917995365064,0.0,200,192,0,0,192,177,200983,8,0,0,8,15
2020-08-23,US,Hawaii,Honolulu,6031,39,0,21.45803166,-157.97121819999995,15003.0,618.8414704847198,0.6466589288675179,5992,5806,39,0,5767,5547,980080,225,0,0,225,259
2020-08-23,US,Hawaii,Kauai,56,0,0,22.03935037,-159.5966786,15007.0,77.46254824118517,0.0,56,56,0,0,56,56,72133,0,0,0,0,0
2020-08-23,US,Hawaii,Maui,290,7,0,20.86399628,-156.56890969999995,15009.0,173.2201628269531,2.413793103448276,283,279,7,0,272,269,167207,11,0,0,11,10
2020-08-23,US,Hawaii,Out of HI,23,1,0,0.0,0.0,80015.0,0.0,4.3478260869565215,22,23,1,0,22,23,,0,0,0,0,0
2020-08-23,US,Idaho,Ada,10592,109,0,43.4526575,-116.24155159999998,16001.0,2199.3949172216026,1.0290785498489423,10483,10562,109,0,10453,10450,469966,30,0,0,30,112
2020-08-23,US,Idaho,Adams,25,0,0,44.89333571,-116.4545247,16003.0,582.2077317186772,0.0,25,24,0,0,24,23,4250,1,0,0,1,1
2020-08-23,US,Idaho,Bannock,557,2,0,42.67002716,-112.2233311,16005.0,634.338556851312,0.3590664272890485,555,556,2,0,554,556,87138,1,0,0,1,0
2020-08-23,US,Idaho,Bear Lake,25,0,0,42.28269683,-111.32892379999998,16007.0,408.1632653061225,0.0,25,25,0,0,25,25,6050,0,0,0,0,0
2020-08-23,US,Idaho,Benewah,95,1,0,47.21754179,-116.6586851,16009.0,1021.7251021725102,1.0526315789473684,94,95,1,0,94,93,9226,0,0,0,0,2
2020-08-23,US,Idaho,Bingham,396,4,0,43.21672879999999,-112.3978437,16011.0,845.9550105744377,1.0101010101010102,392,396,4,0,392,395,46236,0,0,0,0,1
2020-08-23,US,Idaho,Blaine,595,6,0,43.4085812,-113.9752658,16013.0,2584.5966726032752,1.0084033613445378,589,594,6,0,588,593,22601,1,0,0,1,1
2020-08-23,US,Idaho,Boise,57,1,0,43.98829931,-115.7309284,16015.0,727.876388711531,1.7543859649122806,56,57,1,0,56,57,7634,0,0,0,0,0
2020-08-23,US,Idaho,Bonner,196,0,0,48.29996017,-116.6017932,16017.0,428.51833227661285,0.0,196,196,0,0,196,196,44727,0,0,0,0,0
2020-08-23,US,Idaho,Bonneville,1540,6,0,43.38713372,-111.6161537,16019.0,1293.4437519947592,0.3896103896103896,1534,1506,6,0,1500,1479,116854,34,0,0,34,27
2020-08-23,US,Idaho,Boundary,42,0,0,48.76684761,-116.4630179,16021.0,342.99714169048593,0.0,42,42,0,0,42,42,11948,0,0,0,0,0
2020-08-23,US,Idaho,Butte,4,0,0,43.72592209,-113.1735463,16023.0,154.02387370042356,0.0,4,4,0,0,4,4,2611,0,0,0,0,0
2020-08-23,US,Idaho,Camas,2,0,0,43.46665742,-114.8065892,16025.0,180.83182640144662,0.0,2,2,0,0,2,2,1127,0,0,0,0,0
2020-08-23,US,Idaho,Canyon,6798,65,0,43.61970148,-116.70954990000001,16027.0,2957.5938986029964,0.9561635775228008,6733,6735,64,0,6671,6663,223499,63,1,0,62,72
2020-08-23,US,Idaho,Caribou,35,0,0,42.77149116,-111.5597683,16029.0,489.1684136967156,0.0,35,35,0,0,35,35,7060,0,0,0,0,0
2020-08-23,US,Idaho,Cassia,570,1,0,42.28347888,-113.6012409,16031.0,2372.0349563046193,0.17543859649122806,569,570,1,0,569,570,23864,0,0,0,0,0
2020-08-23,US,Idaho,Clark,15,0,0,44.28496071,-112.35057040000001,16033.0,1775.1479289940826,0.0,15,15,0,0,15,15,852,0,0,0,0,0
2020-08-23,US,Idaho,Clearwater,20,0,0,46.67459924,-115.6622393,16035.0,228.41480127912288,0.0,20,20,0,0,20,20,8758,0,0,0,0,0
2020-08-23,US,Idaho,Custer,18,0,0,44.24186819,-114.2855494,16037.0,417.1494785631518,0.0,18,18,0,0,18,18,4280,0,0,0,0,0
2020-08-23,US,Idaho,Elmore,259,3,0,43.3507101,-115.4701578,16039.0,941.4416051761116,1.1583011583011582,256,259,3,0,256,259,27259,0,0,0,0,0
2020-08-23,US,Idaho,Franklin,54,0,0,42.18332217,-111.81496659999999,16041.0,389.16114153934853,0.0,54,54,0,0,54,54,13726,0,0,0,0,0
2020-08-23,US,Idaho,Fremont,100,1,0,44.22800938,-111.48099429999999,16043.0,763.4170547370027,1.0,99,97,1,0,96,97,13168,3,0,0,3,0
2020-08-23,US,Idaho,Gem,205,2,0,44.06482372,-116.398376,16045.0,1131.84628975265,0.975609756097561,203,205,2,0,203,202,17634,0,0,0,0,3
2020-08-23,US,Idaho,Gooding,198,1,0,42.96927962,-114.81083059999999,16047.0,1304.4337571645035,0.5050505050505051,197,196,1,0,195,194,15196,2,0,0,2,2
2020-08-23,US,Idaho,Idaho,39,0,0,45.84721541,-115.4634436,16049.0,233.99532009359814,0.0,39,39,0,0,39,39,16513,0,0,0,0,0
2020-08-23,US,Idaho,Jefferson,312,1,0,43.82078483,-112.3131749,16051.0,1044.4913126443707,0.3205128205128205,311,299,1,0,298,294,29439,13,0,0,13,5
2020-08-23,US,Idaho,Jerome,568,6,0,42.68891267,-114.2655033,16053.0,2326.7245616909718,1.056338028169014,562,560,6,0,554,546,24015,8,0,0,8,14
2020-08-23,US,Idaho,Kootenai,2062,23,0,47.67282258,-116.7020872,16055.0,1244.440152809043,1.115421920465567,2039,2062,23,0,2039,2057,161505,0,0,0,0,5
2020-08-23,US,Idaho,Latah,176,0,0,46.81587887,-116.71136979999999,16057.0,438.81519896280037,0.0,176,176,0,0,176,176,40134,0,0,0,0,0
2020-08-23,US,Idaho,Lemhi,63,0,0,44.9438088,-113.9309747,16059.0,784.8511274448738,0.0,63,63,0,0,63,62,7961,0,0,0,0,1
2020-08-23,US,Idaho,Lincoln,63,0,0,43.0012336,-114.1358773,16063.0,1174.058889303019,0.0,63,63,0,0,63,63,5360,0,0,0,0,0
2020-08-23,US,Idaho,Madison,217,0,0,43.78141028,-111.65384740000002,16065.0,543.764251885634,0.0,217,210,0,0,210,208,39304,7,0,0,7,2
2020-08-23,US,Idaho,Minidoka,526,2,0,42.85518524,-113.6357257,16067.0,2500.1188269404447,0.3802281368821293,524,525,2,0,523,525,20825,1,0,0,1,0
2020-08-23,US,Idaho,Nez Perce,227,19,0,46.32638236,-116.75009750000001,16069.0,561.7699465452387,8.370044052863436,208,227,19,0,208,227,40408,0,0,0,0,0
2020-08-23,US,Idaho,Oneida,18,0,0,42.19494279999999,-112.5407838,16071.0,397.26329728536746,0.0,18,18,0,0,18,18,4488,0,0,0,0,0
2020-08-23,US,Idaho,Owyhee,290,4,0,42.58016894,-116.16938710000001,16073.0,2452.846147339931,1.3793103448275863,286,290,4,0,286,287,11693,0,0,0,0,3
2020-08-23,US,Idaho,Payette,558,4,0,44.00545243,-116.7647695,16075.0,2329.756586363826,0.7168458781362007,554,550,4,0,546,514,23551,8,0,0,8,36
2020-08-23,US,Idaho,Power,90,0,0,42.69254894,-112.83957420000002,16077.0,1171.7224319750032,0.0,90,90,0,0,90,90,7768,0,0,0,0,0
2020-08-23,US,Idaho,Shoshone,183,9,0,47.35364087,-115.89167490000001,16079.0,1420.5868653935725,4.918032786885246,174,183,9,0,174,183,12796,0,0,0,0,0
2020-08-23,US,Idaho,Teton,118,0,0,43.75303583,-111.2056773,16081.0,971.8333058804152,0.0,118,117,0,0,117,116,11640,1,0,0,1,1
2020-08-23,US,Idaho,Twin Falls,1600,33,0,42.35440512,-114.6685381,16083.0,1841.6630217086026,2.0625,1567,1589,33,0,1556,1583,86081,11,0,0,11,6
2020-08-23,US,Idaho,Unassigned,3,0,0,0.0,0.0,90016.0,0.0,0.0,3,3,0,0,3,3,,0,0,0,0,0
2020-08-23,US,Idaho,Valley,78,1,0,44.76728382,-115.5676773,16085.0,684.6910112359551,1.2820512820512822,77,78,1,0,77,78,11041,0,0,0,0,0
2020-08-23,US,Idaho,Washington,256,3,0,44.45275475,-116.78476880000001,16087.0,2511.281145772023,1.171875,253,254,3,0,251,253,10161,2,0,0,2,1
2020-08-23,US,Illinois,Adams,713,7,0,39.98815591,-91.18786813,17001.0,1089.6309314586997,0.9817671809256662,706,705,7,0,698,700,65691,8,0,0,8,5
2020-08-23,US,Illinois,Alexander,40,0,0,37.18049267,-89.32910838,17003.0,694.3239021003299,0.0,40,40,0,0,40,40,6060,0,0,0,0,0
2020-08-23,US,Illinois,Bond,104,3,0,38.88829622,-89.43534887,17005.0,633.1425788384269,2.8846153846153846,101,100,3,0,97,97,16630,4,0,0,4,3
2020-08-23,US,Illinois,Boone,823,23,0,42.32359279,-88.82345779,17007.0,1537.0536381293894,2.794653705953828,800,815,23,0,792,812,53577,8,0,0,8,3
2020-08-23,US,Illinois,Brown,16,0,0,39.96209138,-90.75068024,17009.0,243.2350258437215,0.0,16,16,0,0,16,16,6556,0,0,0,0,0
2020-08-23,US,Illinois,Bureau,317,4,0,41.40385234,-89.5283051,17011.0,971.5581708961627,1.2618296529968454,313,312,4,0,308,303,32993,5,0,0,5,9
2020-08-23,US,Illinois,Calhoun,21,0,0,39.16840183,-90.66330078,17013.0,443.1314623338257,0.0,21,19,0,0,19,19,4802,2,0,0,2,0
2020-08-23,US,Illinois,Carroll,114,4,0,42.06823429,-89.93395545,17015.0,796.9241523942677,3.5087719298245608,110,111,4,0,107,104,14312,3,0,0,3,7
2020-08-23,US,Illinois,Cass,287,11,0,39.96991073,-90.24734436,17017.0,2362.723306166132,3.8327526132404177,276,283,11,0,272,278,12260,4,0,0,4,5
2020-08-23,US,Illinois,Champaign,2027,20,0,40.13919438,-88.20046615,17019.0,966.6696870126711,0.9866798223976322,2007,1929,20,0,1909,1881,209983,98,0,0,98,48
2020-08-23,US,Illinois,Christian,184,4,0,39.54581621,-89.27780482,17021.0,569.5889053987122,2.1739130434782608,180,182,4,0,178,171,32661,2,0,0,2,11
2020-08-23,US,Illinois,Clark,112,2,0,39.33425789,-87.78705622,17023.0,725.3416229518814,1.7857142857142858,110,112,2,0,110,105,15596,0,0,0,0,7
2020-08-23,US,Illinois,Clay,59,0,0,38.75388572,-88.48914513,17025.0,447.5121359223301,0.0,59,57,0,0,57,52,13253,2,0,0,2,5
2020-08-23,US,Illinois,Clinton,582,17,0,38.60704876,-89.42385254,17027.0,1549.4382620733718,2.9209621993127146,565,574,17,0,557,553,37639,8,0,0,8,21
2020-08-23,US,Illinois,Coles,785,21,0,39.51949084,-88.22358557,17029.0,1550.739811540665,2.6751592356687897,764,759,21,0,738,733,50885,26,0,0,26,26
2020-08-23,US,Illinois,Cook,121308,5013,0,41.84144849,-87.81658794,17031.0,2355.388581448645,4.1324562271243455,116295,120567,5008,0,115559,119644,5180493,741,5,0,736,923
2020-08-23,US,Illinois,Crawford,52,0,0,39.0032229,-87.75954624,17033.0,278.5664541704612,0.0,52,49,0,0,49,44,18807,3,0,0,3,5
2020-08-23,US,Illinois,Cumberland,107,3,0,39.27432424,-88.2401158,17035.0,993.8695894482628,2.803738317757009,104,103,3,0,100,95,10808,4,0,0,4,8
2020-08-23,US,Illinois,De Witt,37,1,0,40.17514519,-88.90959682,17039.0,236.60314618237626,2.702702702702702,36,37,1,0,36,37,15769,0,0,0,0,0
2020-08-23,US,Illinois,DeKalb,1044,33,0,41.89373302,-88.76958483,17037.0,995.2620189328579,3.160919540229885,1011,1038,33,0,1005,1030,104143,6,0,0,6,8
2020-08-23,US,Illinois,Douglas,189,4,0,39.76768052,-88.21854195,17041.0,970.97354225533,2.1164021164021163,185,185,4,0,181,178,19479,4,0,0,4,7
2020-08-23,US,Illinois,DuPage,13778,529,0,41.85116968,-88.08642662,17043.0,1492.8688370943992,3.839454202351575,13249,13686,529,0,13157,13530,928589,92,0,0,92,156
2020-08-23,US,Illinois,Edgar,57,0,0,39.6809186,-87.74759563,17045.0,332.1484761960258,0.0,57,57,0,0,57,54,17360,0,0,0,0,3
2020-08-23,US,Illinois,Edwards,31,0,0,38.41353228,-88.05720863,17047.0,484.7537138389367,0.0,31,31,0,0,31,29,6392,0,0,0,0,2
2020-08-23,US,Illinois,Effingham,391,1,0,39.05935711,-88.58969584,17049.0,1149.7294754175487,0.2557544757033248,390,367,1,0,366,345,34208,24,0,0,24,22
2020-08-23,US,Illinois,Fayette,115,3,0,39.00072038,-89.02452658,17051.0,538.9951256092988,2.608695652173913,112,108,3,0,105,103,21416,7,0,0,7,5
2020-08-23,US,Illinois,Ford,70,2,0,40.59706922,-88.22350769,17053.0,540.0817838129774,2.8571428571428568,68,69,2,0,67,68,13264,1,0,0,1,1
2020-08-23,US,Illinois,Franklin,287,1,0,37.99189086,-88.92567818,17055.0,746.0552652785361,0.3484320557491289,286,285,1,0,284,274,38701,2,0,0,2,11
2020-08-23,US,Illinois,Fulton,71,0,0,40.47289135,-90.20862357,17057.0,206.75596971461846,0.0,71,68,0,0,68,60,34844,3,0,0,3,8
2020-08-23,US,Illinois,Gallatin,60,2,0,37.76430935,-88.22953869,17059.0,1242.7506213753106,3.333333333333333,58,60,2,0,58,57,5058,0,0,0,0,3
2020-08-23,US,Illinois,Greene,95,0,0,39.35907414,-90.388865,17061.0,732.5159996915722,0.0,95,93,0,0,93,91,13044,2,0,0,2,2
2020-08-23,US,Illinois,Grundy,432,5,0,41.28569601,-88.41905692,17063.0,846.1628863556233,1.1574074074074074,427,425,5,0,420,412,50972,7,0,0,7,13
2020-08-23,US,Illinois,Hamilton,41,0,0,38.08163641,-88.53883373,17065.0,505.1749630359783,0.0,41,40,0,0,40,40,8163,1,0,0,1,0
2020-08-23,US,Illinois,Hancock,113,1,0,40.40423981,-91.16313899,17067.0,638.1296589112268,0.8849557522123894,112,113,1,0,112,111,17844,0,0,0,0,2
2020-08-23,US,Illinois,Hardin,18,0,0,37.51810645,-88.26873022,17069.0,471.08086888249153,0.0,18,18,0,0,18,18,3910,0,0,0,0,0
2020-08-23,US,Illinois,Henderson,35,0,0,40.81908672,-90.92491462,17071.0,526.6325609389106,0.0,35,28,0,0,28,28,6709,7,0,0,7,0
2020-08-23,US,Illinois,Henry,378,1,0,41.3533994,-90.13296166,17073.0,772.8006869339439,0.2645502645502645,377,367,1,0,366,352,49090,11,0,0,11,15
2020-08-23,US,Illinois,Iroquois,283,17,0,40.74717633,-87.82466784,17075.0,1043.7412406874678,6.007067137809187,266,283,16,0,267,282,27604,0,1,0,-1,1
2020-08-23,US,Illinois,Jackson,835,20,0,37.78595185,-89.38232563,17077.0,1471.3656387665199,2.395209580838323,815,828,20,0,808,824,57419,7,0,0,7,4
2020-08-23,US,Illinois,Jasper,89,7,0,39.01054275,-88.15437049,17079.0,926.1186264308012,7.865168539325843,82,87,7,0,80,78,9611,2,0,0,2,9
2020-08-23,US,Illinois,Jefferson,392,31,0,38.29980057,-88.9240025,17081.0,1040.2292750238828,7.908163265306122,361,384,31,0,353,376,37820,8,0,0,8,8
2020-08-23,US,Illinois,Jersey,223,2,0,39.08869046,-90.35393073,17083.0,1024.2042897166216,0.8968609865470852,221,213,2,0,211,206,21847,10,0,0,10,7
2020-08-23,US,Illinois,Jo Daviess,165,2,0,42.36542373,-90.21094405,17085.0,777.0190722863198,1.2121212121212122,163,159,2,0,157,154,21366,6,0,0,6,5
2020-08-23,US,Illinois,Johnson,92,0,0,37.45939802,-88.88165419,17087.0,740.9197068535073,0.0,92,88,0,0,88,87,12456,4,0,0,4,1
2020-08-23,US,Illinois,Kane,10759,307,0,41.93842729,-88.42861412,17089.0,2020.8375985860334,2.8534250395018126,10452,10702,307,0,10395,10620,534216,57,0,0,57,82
2020-08-23,US,Illinois,Kankakee,2033,71,0,41.13746989,-87.86205334,17091.0,1850.5033587591706,3.4923757993113624,1962,2017,71,0,1946,1986,110024,16,0,0,16,31
2020-08-23,US,Illinois,Kendall,1579,23,0,41.59081014,-88.42869583,17093.0,1224.1259012326534,1.4566181127295756,1556,1568,23,0,1545,1556,127915,11,0,0,11,12
2020-08-23,US,Illinois,Knox,422,3,0,40.93148779,-90.21330340000002,17095.0,849.1116521459185,0.7109004739336493,419,415,3,0,412,406,50112,7,0,0,7,9
2020-08-23,US,Illinois,LaSalle,1093,39,0,41.34426129999999,-88.88633881,17099.0,1005.8066237841516,3.568161024702653,1054,1085,39,0,1046,1063,109430,8,0,0,8,22
2020-08-23,US,Illinois,Lake,13857,455,0,42.3224907,-88.00367925,17097.0,1989.4190528832003,3.2835390055567584,13402,13808,455,0,13353,13741,700832,49,0,0,49,67
2020-08-23,US,Illinois,Lawrence,81,0,0,38.71987914,-87.72884035,17101.0,516.6475315729047,0.0,81,80,0,0,80,75,15765,1,0,0,1,5
2020-08-23,US,Illinois,Lee,215,1,0,41.74583951,-89.29977132,17103.0,630.5725011731581,0.4651162790697674,214,211,1,0,210,208,34223,4,0,0,4,3
2020-08-23,US,Illinois,Livingston,166,3,0,40.89188292,-88.55784752,17105.0,465.6642728904848,1.8072289156626504,163,165,3,0,162,157,35761,1,0,0,1,8
2020-08-23,US,Illinois,Logan,228,1,0,40.12581572,-89.36638784,17107.0,796.7013767558877,0.43859649122807015,227,223,1,0,222,222,28925,5,0,0,5,1
2020-08-23,US,Illinois,Macon,835,24,0,39.86064913,-88.96342505,17115.0,802.8151409974138,2.8742514970059885,811,832,24,0,808,800,104712,3,0,0,3,32
2020-08-23,US,Illinois,Macoupin,296,3,0,39.26119767,-89.92424028,17117.0,658.8612384810577,1.0135135135135136,293,290,3,0,287,281,45313,6,0,0,6,9
2020-08-23,US,Illinois,Madison,3562,91,0,38.83042506,-89.90422563,17119.0,1354.5477362092438,2.554744525547445,3471,3503,91,0,3412,3441,264461,59,0,0,59,62
2020-08-23,US,Illinois,Marion,231,0,0,38.64963204,-88.91899208,17121.0,620.8842897460019,0.0,231,221,0,0,221,212,37620,10,0,0,10,9
2020-08-23,US,Illinois,Marshall,39,0,0,41.0327901,-89.34510444,17123.0,340.96870082182204,0.0,39,39,0,0,39,37,11534,0,0,0,0,2
2020-08-23,US,Illinois,Mason,72,1,0,40.23917274,-89.91824452,17125.0,538.9624971929037,1.3888888888888888,71,67,1,0,66,67,13565,5,0,0,5,0
2020-08-23,US,Illinois,Massac,52,0,0,37.22078441,-88.71036614,17127.0,377.5776938716237,0.0,52,51,0,0,51,47,14080,1,0,0,1,4
2020-08-23,US,Illinois,McDonough,161,15,0,40.45674722,-90.67775541,17109.0,542.4162792264672,9.316770186335404,146,160,15,0,145,160,29955,1,0,0,1,0
2020-08-23,US,Illinois,McHenry,3589,115,0,42.32451172,-88.45248227,17111.0,1166.1153963622658,3.204235162998049,3474,3561,115,0,3446,3526,308570,28,0,0,28,35
2020-08-23,US,Illinois,McLean,1082,16,0,40.48996987,-88.84621113,17113.0,630.8412577178939,1.478743068391867,1066,1004,16,0,988,936,172828,78,0,0,78,68
2020-08-23,US,Illinois,Menard,63,0,0,40.02742725,-89.80246001,17129.0,516.5628074778616,0.0,63,62,0,0,62,61,12288,1,0,0,1,1
2020-08-23,US,Illinois,Mercer,90,4,0,41.20596782,-90.74290052,17131.0,583.0148344885664,4.4444444444444455,86,90,4,0,86,86,15601,0,0,0,0,4
2020-08-23,US,Illinois,Monroe,398,13,0,38.27594376,-90.17761038,17133.0,1149.0602534861564,3.266331658291457,385,391,13,0,378,383,34335,7,0,0,7,8
2020-08-23,US,Illinois,Montgomery,218,8,0,39.23198845,-89.47809254,17135.0,767.2274231012883,3.669724770642202,210,214,8,0,206,204,28601,4,0,0,4,10
2020-08-23,US,Illinois,Morgan,447,17,0,39.71654544,-90.20255104,17137.0,1328.0646503060193,3.8031319910514543,430,441,17,0,424,430,33976,6,0,0,6,11
2020-08-23,US,Illinois,Moultrie,133,0,0,39.64187451,-88.62099969,17139.0,917.1781256465073,0.0,133,131,0,0,131,128,14717,2,0,0,2,3
2020-08-23,US,Illinois,Ogle,453,5,0,42.04165196,-89.32184679,17141.0,894.496771518275,1.1037527593818983,448,452,5,0,447,451,50923,1,0,0,1,1
2020-08-23,US,Illinois,Peoria,2165,38,0,40.78702156,-89.76078901,17143.0,1208.2889177861246,1.7551963048498844,2127,2142,38,0,2104,2095,180621,23,0,0,23,47
2020-08-23,US,Illinois,Perry,266,6,0,38.08510853,-89.36856219,17145.0,1271.7536813922356,2.255639097744361,260,256,6,0,250,246,21174,10,0,0,10,10
2020-08-23,US,Illinois,Piatt,71,0,0,40.01360584,-88.59319339,17147.0,434.41018110621627,0.0,71,71,0,0,71,71,16396,0,0,0,0,0
2020-08-23,US,Illinois,Pike,52,0,0,39.62265059,-90.8877017,17149.0,334.1687552213868,0.0,52,48,0,0,48,47,15611,4,0,0,4,1
2020-08-23,US,Illinois,Pope,11,0,0,37.41391284,-88.56152109,17151.0,263.3468996887718,0.0,11,11,0,0,11,11,4212,0,0,0,0,0
2020-08-23,US,Illinois,Pulaski,105,1,0,37.22631423,-89.13085001,17153.0,1968.1349578256795,0.9523809523809524,104,104,1,0,103,102,5463,1,0,0,1,2
2020-08-23,US,Illinois,Putnam,13,0,0,41.2013541,-89.2869272,17155.0,226.5202997037812,0.0,13,13,0,0,13,13,5740,0,0,0,0,0
2020-08-23,US,Illinois,Randolph,642,7,0,38.05095369,-89.82512254,17157.0,2020.0113271663208,1.0903426791277258,635,622,7,0,615,602,32106,20,0,0,20,20
2020-08-23,US,Illinois,Richland,53,1,0,38.71240969,-88.08475366,17159.0,341.64893959904595,1.8867924528301887,52,53,1,0,52,48,15763,0,0,0,0,5
2020-08-23,US,Illinois,Rock Island,2000,46,0,41.46613806,-90.57042164,17161.0,1409.651886466637,2.3,1954,1986,46,0,1940,1957,143477,14,0,0,14,29
2020-08-23,US,Illinois,Saline,155,2,0,37.75332999,-88.54119706,17165.0,659.8271678515176,1.2903225806451613,153,153,2,0,151,149,23906,2,0,0,2,4
2020-08-23,US,Illinois,Sangamon,1612,37,0,39.75836914,-89.65872023,17167.0,828.0595052190351,2.2952853598014893,1575,1593,37,0,1556,1570,195348,19,0,0,19,23
2020-08-23,US,Illinois,Schuyler,19,0,0,40.157179799999994,-90.61114163,17169.0,280.73286052009456,0.0,19,19,0,0,19,19,6907,0,0,0,0,0
2020-08-23,US,Illinois,Scott,40,0,0,39.642916899999996,-90.47814431,17171.0,807.9175924055746,0.0,40,36,0,0,36,36,4926,4,0,0,4,0
2020-08-23,US,Illinois,Shelby,150,2,0,39.39133527,-88.80611122,17173.0,693.3530553757972,1.3333333333333333,148,146,2,0,144,129,21741,4,0,0,4,17
2020-08-23,US,Illinois,St. Clair,4882,166,0,38.46996033,-89.93063427,17163.0,1879.962724213088,3.4002458009012697,4716,4814,166,0,4648,4723,261059,68,0,0,68,91
2020-08-23,US,Illinois,Stark,9,0,0,41.09309773,-89.79745866,17175.0,168.4762261325346,0.0,9,9,0,0,9,9,5427,0,0,0,0,0
2020-08-23,US,Illinois,Stephenson,364,6,0,42.35129217,-89.662598,17177.0,818.0142927772034,1.6483516483516485,358,360,6,0,354,361,44753,4,0,0,4,-1
2020-08-23,US,Illinois,Tazewell,929,9,0,40.50716185,-89.51404662,17179.0,704.8397987906192,0.9687836383207752,920,913,9,0,904,875,132328,16,0,0,16,38
2020-08-23,US,Illinois,Unassigned,1461,209,0,0.0,0.0,90017.0,0.0,14.305270362765231,1252,1464,209,0,1255,1478,,-3,0,0,-3,-14
2020-08-23,US,Illinois,Union,393,23,0,37.47119609,-89.25548938,17181.0,2359.935146820393,5.852417302798983,370,391,23,0,368,387,16841,2,0,0,2,4
2020-08-23,US,Illinois,Vermilion,293,2,0,40.18417171,-87.73384359,17183.0,386.75783415612887,0.6825938566552902,291,285,2,0,283,282,76806,8,0,0,8,3
2020-08-23,US,Illinois,Wabash,89,1,0,38.44272901,-87.84922065,17185.0,772.5694444444445,1.1235955056179776,88,93,1,0,92,86,11549,-4,0,0,-4,7
2020-08-23,US,Illinois,Warren,228,0,0,40.84925021,-90.6147432,17187.0,1353.5977202564713,0.0,228,226,0,0,226,219,17032,2,0,0,2,7
2020-08-23,US,Illinois,Washington,88,1,0,38.35309213,-89.40982703,17189.0,633.6861813206597,1.1363636363636365,87,87,1,0,86,82,13995,1,0,0,1,5
2020-08-23,US,Illinois,Wayne,86,2,0,38.42955355,-88.42586459,17191.0,530.3731113166822,2.3255813953488373,84,85,2,0,83,84,16332,1,0,0,1,1
2020-08-23,US,Illinois,White,112,0,0,38.08706198,-88.17657461,17193.0,827.3620447661964,0.0,112,108,0,0,108,102,13665,4,0,0,4,6
2020-08-23,US,Illinois,Whiteside,440,18,0,41.75509713,-89.91556058,17195.0,797.4626189397372,4.090909090909091,422,440,18,0,422,429,55626,0,0,0,0,11
2020-08-23,US,Illinois,Will,10760,354,0,41.44619267,-87.97862712,17197.0,1557.7428942457614,3.2899628252788102,10406,10614,354,0,10260,10501,692310,146,0,0,146,113
2020-08-23,US,Illinois,Williamson,695,9,0,37.73033511,-88.92994027,17199.0,1043.5905521269726,1.2949640287769784,686,673,9,0,664,654,67056,22,0,0,22,19
2020-08-23,US,Illinois,Winnebago,4048,137,0,42.33641854,-89.16085327,17201.0,1432.5552425576486,3.384387351778656,3911,4018,137,0,3881,3998,284081,30,0,0,30,20
2020-08-23,US,Illinois,Woodford,237,3,0,40.78579374,-89.20973757,17203.0,616.2406718843444,1.2658227848101269,234,235,3,0,232,225,38463,2,0,0,2,10
2020-08-23,US,Indiana,Adams,157,2,0,40.7457653,-84.93671406,18001.0,438.8294155463007,1.2738853503184713,155,156,2,0,154,152,35636,1,0,0,1,4
2020-08-23,US,Indiana,Allen,4552,172,0,41.09194313,-85.06800636,18003.0,1200.1086214305865,3.778558875219684,4380,4526,172,0,4354,4462,375351,26,0,0,26,64
2020-08-23,US,Indiana,Bartholomew,990,50,0,39.20744865,-85.89558181,18005.0,1181.6803733632532,5.05050505050505,940,985,50,0,935,969,82753,5,0,0,5,16
2020-08-23,US,Indiana,Benton,76,0,0,40.60626947,-87.31093999,18007.0,868.7700045724738,0.0,76,76,0,0,76,75,8653,0,0,0,0,1
2020-08-23,US,Indiana,Blackford,70,2,0,40.47388153,-85.32499702,18009.0,595.3393434257526,2.8571428571428568,68,70,2,0,68,69,11930,0,0,0,0,1
2020-08-23,US,Indiana,Boone,779,46,0,40.0509304,-86.46841646,18011.0,1148.2393172471734,5.905006418485238,733,776,46,0,730,771,66999,3,0,0,3,5
2020-08-23,US,Indiana,Brown,82,2,0,39.19605589,-86.22868909,18013.0,543.3342168036047,2.4390243902439024,80,82,2,0,80,82,15234,0,0,0,0,0
2020-08-23,US,Indiana,Carroll,246,11,0,40.580783200000006,-86.56198812,18015.0,1214.395023942341,4.4715447154471555,235,243,11,0,232,242,20127,3,0,0,3,1
2020-08-23,US,Indiana,Cass,1840,9,0,40.76135835,-86.34830753,18017.0,4882.061078829367,0.4891304347826087,1831,1838,9,0,1829,1834,37955,2,0,0,2,4
2020-08-23,US,Indiana,Clark,1567,51,0,38.48015445,-85.70510334,18019.0,1324.576084935166,3.254626675175494,1516,1552,51,0,1501,1535,117360,15,0,0,15,17
2020-08-23,US,Indiana,Clay,205,5,0,39.39561833,-87.11723506,18021.0,781.6968541468065,2.4390243902439024,200,197,5,0,192,193,26170,8,0,0,8,4
2020-08-23,US,Indiana,Clinton,503,6,0,40.30319754,-86.47277257,18023.0,1552.5170529954626,1.1928429423459244,497,501,6,0,495,495,32250,2,0,0,2,6
2020-08-23,US,Indiana,Crawford,55,0,0,38.28814402,-86.44518825,18025.0,519.9962182093221,0.0,55,55,0,0,55,56,10558,0,0,0,0,-1
2020-08-23,US,Indiana,Daviess,399,22,0,38.70186039,-87.07185406,18027.0,1196.3659260591887,5.5137844611528815,377,398,22,0,376,380,33147,1,0,0,1,18
2020-08-23,US,Indiana,DeKalb,277,4,0,41.39804622,-84.99906934,18033.0,637.1477860839562,1.444043321299639,273,275,4,0,271,270,43226,2,0,0,2,5
2020-08-23,US,Indiana,Dearborn,553,28,0,39.14647946,-84.97333539,18029.0,1118.1204254114602,5.063291139240507,525,552,28,0,524,548,49568,1,0,0,1,4
2020-08-23,US,Indiana,Decatur,369,33,0,39.30712658,-85.50087166,18031.0,1389.3595391392748,8.943089430894311,336,367,33,0,334,365,26794,2,0,0,2,2
2020-08-23,US,Indiana,Delaware,866,53,0,40.22787247,-85.39732772,18035.0,758.750602356858,6.120092378752887,813,860,53,0,807,847,114772,6,0,0,6,13
2020-08-23,US,Indiana,Dubois,793,16,0,38.36597551,-86.87924170000002,18037.0,1855.5784350430552,2.01765447667087,777,788,16,0,772,783,42565,5,0,0,5,5
2020-08-23,US,Indiana,Elkhart,5340,95,0,41.59761169,-85.85875695,18039.0,2587.9490745901207,1.7790262172284643,5245,5314,95,0,5219,5265,205560,26,0,0,26,49
2020-08-23,US,Indiana,Fayette,277,8,0,39.63684962,-85.17797541,18041.0,1199.0303869794825,2.888086642599278,269,265,8,0,257,258,23047,12,0,0,12,7
2020-08-23,US,Indiana,Floyd,979,54,0,38.32117957,-85.90385377,18043.0,1246.7843406943275,5.515832482124617,925,967,54,0,913,960,77781,12,0,0,12,7
2020-08-23,US,Indiana,Fountain,81,2,0,40.12361933,-87.24217689,18045.0,495.5340756148293,2.469135802469136,79,81,2,0,79,80,16351,0,0,0,0,1
2020-08-23,US,Indiana,Franklin,261,22,0,39.4142482,-85.06062647,18047.0,1146.8494595307145,8.42911877394636,239,260,22,0,238,257,22736,1,0,0,1,3
2020-08-23,US,Indiana,Fulton,192,2,0,41.0469907,-86.26252745,18049.0,961.2496245118657,1.0416666666666667,190,191,2,0,189,188,20092,1,0,0,1,3
2020-08-23,US,Indiana,Gibson,285,4,0,38.30393723,-87.58054938,18051.0,846.7274725927687,1.4035087719298245,281,282,4,0,278,276,33452,3,0,0,3,6
2020-08-23,US,Indiana,Grant,579,30,0,40.51587228,-85.65468702,18053.0,880.3539661542673,5.181347150259066,549,572,30,0,542,561,65936,7,0,0,7,11
2020-08-23,US,Indiana,Greene,326,35,0,39.03630547,-86.96223202,18055.0,1021.239270722386,10.736196319018404,291,321,35,0,286,317,32006,5,0,0,5,4
2020-08-23,US,Indiana,Hamilton,3423,106,0,40.07306535,-86.05244729,18057.0,1012.6889361588825,3.0966988022202746,3317,3399,106,0,3293,3343,330086,24,0,0,24,56
2020-08-23,US,Indiana,Hancock,750,41,0,39.82304555,-85.77566351,18059.0,959.4719066625728,5.466666666666668,709,748,41,0,707,738,76351,2,0,0,2,10
2020-08-23,US,Indiana,Harrison,435,24,0,38.19467379,-86.10948271,18061.0,1073.6764161421697,5.517241379310344,411,424,24,0,400,417,40350,11,0,0,11,7
2020-08-23,US,Indiana,Hendricks,2152,110,0,39.76719009,-86.51037283,18063.0,1263.57076172414,5.111524163568773,2042,2124,110,0,2014,2102,167009,28,0,0,28,22
2020-08-23,US,Indiana,Henry,534,21,0,39.93029017,-85.39625719,18065.0,1113.149337113316,3.9325842696629216,513,531,21,0,510,525,48271,3,0,0,3,6
2020-08-23,US,Indiana,Howard,1022,61,0,40.48527731,-86.11351892,18067.0,1238.127544097693,5.968688845401174,961,1014,61,0,953,1008,82366,8,0,0,8,6
2020-08-23,US,Indiana,Huntington,152,3,0,40.82907273,-85.48822092,18069.0,416.210295728368,1.973684210526316,149,149,3,0,146,145,36240,3,0,0,3,4
2020-08-23,US,Indiana,Jackson,653,7,0,38.90915820000001,-86.03851889,18071.0,1476.3401234428345,1.0719754977029097,646,650,7,0,643,645,44111,3,0,0,3,5
2020-08-23,US,Indiana,Jasper,298,2,0,41.02078733,-87.11553319,18073.0,887.9089446397712,0.6711409395973155,296,295,2,0,293,286,33370,3,0,0,3,9
2020-08-23,US,Indiana,Jay,111,0,0,40.43781032,-85.00576229,18075.0,543.1591309453904,0.0,111,111,0,0,111,110,20764,0,0,0,0,1
2020-08-23,US,Indiana,Jefferson,193,3,0,38.78576239,-85.43633383,18077.0,597.3752630927324,1.5544041450777202,190,193,3,0,190,192,32208,0,0,0,0,1
2020-08-23,US,Indiana,Jennings,244,12,0,38.99588883,-85.62710784,18079.0,879.7548224265369,4.918032786885246,232,244,12,0,232,244,27611,0,0,0,0,0
2020-08-23,US,Indiana,Johnson,1917,120,0,39.48994426,-86.10149107,18081.0,1212.0100906004413,6.259780907668231,1797,1910,120,0,1790,1900,156225,7,0,0,7,10
2020-08-23,US,Indiana,Knox,272,3,0,38.68861576,-87.4194665,18083.0,743.2912499316827,1.1029411764705883,269,266,3,0,263,258,36895,6,0,0,6,8
2020-08-23,US,Indiana,Kosciusko,902,12,0,41.24521668,-85.86312322,18085.0,1135.2194925493354,1.3303769401330376,890,902,12,0,890,901,79344,0,0,0,0,1
2020-08-23,US,Indiana,LaGrange,581,11,0,41.64232188,-85.42674232,18087.0,1466.6532034129348,1.8932874354561104,570,578,11,0,567,577,39330,3,0,0,3,1
2020-08-23,US,Indiana,LaPorte,1097,31,0,41.54366008,-86.74072188,18091.0,998.2891671520093,2.8258887876025525,1066,1088,31,0,1057,1067,110007,9,0,0,9,21
2020-08-23,US,Indiana,Lake,8593,292,0,41.41874274,-87.38277575,18089.0,1769.9534287827014,3.398114744559525,8301,8523,290,0,8233,8438,484411,70,2,0,68,85
2020-08-23,US,Indiana,Lawrence,385,27,0,38.84112637,-86.48361629,18093.0,848.5783557416795,7.012987012987013,358,381,27,0,354,377,45668,4,0,0,4,4
2020-08-23,US,Indiana,Madison,1183,67,0,40.16143691,-85.71964711,18095.0,913.0270357878813,5.663567202028741,1116,1174,67,0,1107,1160,129641,9,0,0,9,14
2020-08-23,US,Indiana,Marion,17424,743,0,39.78163624,-86.13826325,18097.0,1806.3783068728214,4.264233241505969,16681,17339,743,0,16596,17200,954670,85,0,0,85,139
2020-08-23,US,Indiana,Marshall,853,23,0,41.32467367,-86.26185087,18099.0,1844.0053612348133,2.696365767878077,830,851,23,0,828,848,46248,2,0,0,2,3
2020-08-23,US,Indiana,Martin,71,0,0,38.7099921,-86.80373186,18101.0,692.3451974646514,0.0,71,66,0,0,66,62,10217,5,0,0,5,4
2020-08-23,US,Indiana,Miami,300,2,0,40.76940965,-86.04525048,18103.0,844.689717310508,0.6666666666666666,298,296,2,0,294,294,35567,4,0,0,4,2
2020-08-23,US,Indiana,Monroe,858,35,0,39.16130004,-86.52414358,18105.0,578.0463649776664,4.07925407925408,823,845,35,0,810,833,146917,13,0,0,13,12
2020-08-23,US,Indiana,Montgomery,386,21,0,40.04034823,-86.89335024,18107.0,1006.8339506494864,5.4404145077720205,365,384,21,0,363,379,38346,2,0,0,2,5
2020-08-23,US,Indiana,Morgan,541,35,0,39.47899078,-86.44573375,18109.0,767.495637617217,6.469500924214418,506,535,35,0,500,529,70116,6,0,0,6,6
2020-08-23,US,Indiana,Newton,128,10,0,40.95610449,-87.39635768,18111.0,915.3318077803204,7.8125,118,126,10,0,116,126,14011,2,0,0,2,0
2020-08-23,US,Indiana,Noble,766,30,0,41.39672484,-85.41966713,18113.0,1604.3900804289544,3.91644908616188,736,762,30,0,732,753,47532,4,0,0,4,9
2020-08-23,US,Indiana,Ohio,70,7,0,38.955304999999996,-84.96515993,18115.0,1191.4893617021276,10.0,63,70,7,0,63,71,5844,0,0,0,0,-1
2020-08-23,US,Indiana,Orange,209,24,0,38.54118920000001,-86.49523093,18117.0,1063.8297872340424,11.483253588516742,185,205,24,0,181,202,19489,4,0,0,4,3
2020-08-23,US,Indiana,Owen,132,1,0,39.31145587,-86.83900724,18119.0,634.6458964373287,0.7575757575757576,131,131,1,0,130,128,20845,1,0,0,1,3
2020-08-23,US,Indiana,Parke,75,2,0,39.77202286,-87.20375833,18121.0,442.8175001476058,2.6666666666666665,73,75,2,0,73,74,16927,0,0,0,0,1
2020-08-23,US,Indiana,Perry,194,13,0,38.07809328,-86.63741946,18123.0,1012.0507068704679,6.7010309278350535,181,194,13,0,181,196,19102,0,0,0,0,-2
2020-08-23,US,Indiana,Pike,80,1,0,38.40112197,-87.23574907,18125.0,645.7341189765116,1.25,79,80,1,0,79,79,12410,0,0,0,0,1
2020-08-23,US,Indiana,Porter,1565,40,0,41.45986947,-87.06848888,18127.0,918.4865220172663,2.5559105431309903,1525,1552,40,0,1512,1528,169594,13,0,0,13,24
2020-08-23,US,Indiana,Posey,199,0,0,38.02097333,-87.86480429,18129.0,782.6326346010145,0.0,199,198,0,0,198,197,25540,1,0,0,1,1
2020-08-23,US,Indiana,Pulaski,91,1,0,41.04166107,-86.69890683,18131.0,736.6631587468631,1.0989010989010992,90,91,1,0,90,91,12469,0,0,0,0,0
2020-08-23,US,Indiana,Putnam,397,8,0,39.66437981,-86.84517605,18133.0,1056.5254417713434,2.0151133501259446,389,397,8,0,389,396,37779,0,0,0,0,1
2020-08-23,US,Indiana,Randolph,143,6,0,40.15734772,-85.01139319,18135.0,579.7689033042773,4.195804195804196,137,141,6,0,135,140,24851,2,0,0,2,1
2020-08-23,US,Indiana,Ripley,234,8,0,39.10235626,-85.26212744,18137.0,826.1544979522666,3.418803418803418,226,231,8,0,223,229,28523,3,0,0,3,2
2020-08-23,US,Indiana,Rush,126,4,0,39.62002287,-85.4655599,18139.0,759.9059164103493,3.1746031746031744,122,125,4,0,121,123,16663,1,0,0,1,2
2020-08-23,US,Indiana,Scott,299,10,0,38.68672078,-85.74627859,18143.0,1252.4609391362628,3.3444816053511706,289,298,10,0,288,296,23878,1,0,0,1,2
2020-08-23,US,Indiana,Shelby,605,28,0,39.52305623,-85.79158570000001,18145.0,1352.5900422544655,4.628099173553719,577,604,28,0,576,603,44593,1,0,0,1,1
2020-08-23,US,Indiana,Spencer,148,3,0,38.01519732,-87.0079644,18147.0,729.8910095181732,2.0270270270270268,145,148,3,0,145,144,20327,0,0,0,0,4
2020-08-23,US,Indiana,St. Joseph,4229,88,0,41.61756781,-86.29040834,18141.0,1555.7746499599011,2.080870182076141,4141,4178,88,0,4090,4105,270771,51,0,0,51,73
2020-08-23,US,Indiana,Starke,186,7,0,41.27890281,-86.64686895,18149.0,808.8714938030008,3.7634408602150535,179,186,7,0,179,185,22935,0,0,0,0,1
2020-08-23,US,Indiana,Steuben,241,3,0,41.64423868,-85.00101094,18151.0,696.6525987165404,1.2448132780082988,238,240,3,0,237,232,34586,1,0,0,1,8
2020-08-23,US,Indiana,Sullivan,257,4,0,39.08952258,-87.41414469,18153.0,1243.4080023223187,1.5564202334630348,253,252,4,0,248,241,20690,5,0,0,5,11
2020-08-23,US,Indiana,Switzerland,63,0,0,38.82767338,-85.03022429,18155.0,585.9920007441167,0.0,63,63,0,0,63,62,10717,0,0,0,0,1
2020-08-23,US,Indiana,Tippecanoe,1442,13,0,40.38872739,-86.89413959,18157.0,736.7216397931868,0.9015256588072122,1429,1433,13,0,1420,1402,193048,9,0,0,9,31
2020-08-23,US,Indiana,Tipton,170,19,0,40.31123252,-86.05234925,18159.0,1122.2603644045419,11.176470588235292,151,169,19,0,150,168,15128,1,0,0,1,1
2020-08-23,US,Indiana,Unassigned,0,217,0,0.0,0.0,90018.0,0.0,0.0,-217,0,217,0,-217,0,,0,0,0,0,0
2020-08-23,US,Indiana,Union,54,0,0,39.62550777,-84.92497066,18161.0,765.5231074567621,0.0,54,52,0,0,52,52,7037,2,0,0,2,0
2020-08-23,US,Indiana,Vanderburgh,2331,17,0,38.02658833,-87.58763124,18163.0,1284.6443392431015,0.7293007293007293,2314,2317,17,0,2300,2290,180974,14,0,0,14,27
2020-08-23,US,Indiana,Vermillion,78,0,0,39.8523352,-87.46160542,18165.0,503.29074719318635,0.0,78,75,0,0,75,71,15479,3,0,0,3,4
2020-08-23,US,Indiana,Vigo,1034,14,0,39.42944561,-87.39169027,18167.0,966.0120704796428,1.3539651837524178,1020,1014,14,0,1000,971,107386,20,0,0,20,43
2020-08-23,US,Indiana,Wabash,194,5,0,40.84704239,-85.79328272,18169.0,625.8872112530651,2.5773195876288657,189,194,5,0,189,191,31280,0,0,0,0,3
2020-08-23,US,Indiana,Warren,34,1,0,40.34728141,-87.35602659,18171.0,411.373260738052,2.9411764705882355,33,34,1,0,33,33,8263,0,0,0,0,1
2020-08-23,US,Indiana,Warrick,684,30,0,38.08922676,-87.2716085,18173.0,1085.7487539286965,4.385964912280701,654,683,30,0,653,670,62567,1,0,0,1,13
2020-08-23,US,Indiana,Washington,184,1,0,38.60219804,-86.1049363,18175.0,656.2990440861752,0.5434782608695652,183,179,1,0,178,170,27943,5,0,0,5,9
2020-08-23,US,Indiana,Wayne,472,10,0,39.863344399999995,-85.01044989,18177.0,716.4106611620424,2.1186440677966103,462,463,10,0,453,455,65936,9,0,0,9,8
2020-08-23,US,Indiana,Wells,190,2,0,40.72934187,-85.22132966,18179.0,671.4729997172744,1.0526315789473684,188,189,2,0,187,187,28206,1,0,0,1,2
2020-08-23,US,Indiana,White,414,11,0,40.74911165,-86.86492015,18181.0,1717.699775952203,2.6570048309178738,403,413,11,0,402,406,24133,1,0,0,1,7
2020-08-23,US,Indiana,Whitley,185,6,0,41.13863784,-85.50791236,18183.0,544.6943822871275,3.2432432432432434,179,185,6,0,179,182,34074,0,0,0,0,3
2020-08-23,US,Iowa,Adair,43,1,0,41.33075609,-94.47105874,19001.0,601.2304250559283,2.3255813953488373,42,44,1,0,43,42,7063,-1,0,0,-1,2
2020-08-23,US,Iowa,Adams,20,0,0,41.02903567,-94.69932645,19003.0,555.247084952804,0.0,20,20,0,0,20,20,3645,0,0,0,0,0
2020-08-23,US,Iowa,Allamakee,167,4,0,43.28383218,-91.37860922,19005.0,1220.1358953751735,2.395209580838323,163,166,4,0,162,165,13832,1,0,0,1,1
2020-08-23,US,Iowa,Appanoose,66,3,0,40.74324454,-92.86865906,19007.0,531.1443746982134,4.545454545454546,63,65,3,0,62,62,12437,1,0,0,1,3
2020-08-23,US,Iowa,Audubon,35,1,0,41.6844628,-94.90581859,19009.0,636.8267831149927,2.8571428571428568,34,34,1,0,33,32,5506,1,0,0,1,2
2020-08-23,US,Iowa,Benton,182,1,0,42.08011739,-92.06463573,19011.0,709.6899980503023,0.5494505494505495,181,182,1,0,181,181,25642,0,0,0,0,1
2020-08-23,US,Iowa,Black Hawk,3513,70,0,42.4704581,-92.30524729,19013.0,2677.0201481391173,1.9925989183034445,3443,3501,69,0,3432,3487,132408,12,1,0,11,14
2020-08-23,US,Iowa,Boone,315,3,0,42.03657094,-93.9313999,19015.0,1200.7318746664635,0.9523809523809524,312,312,3,0,309,310,26346,3,0,0,3,2
2020-08-23,US,Iowa,Bremer,265,7,0,42.77461496,-92.31795937,19017.0,1057.3777032958264,2.641509433962264,258,264,7,0,257,260,24947,1,0,0,1,4
2020-08-23,US,Iowa,Buchanan,164,1,0,42.4709188,-91.83510825,19019.0,774.4982290436836,0.6097560975609756,163,163,1,0,162,164,21199,1,0,0,1,-1
2020-08-23,US,Iowa,Buena Vista,1815,12,0,42.73545875,-95.15100162,19021.0,9250.764525993884,0.6611570247933884,1803,1814,12,0,1802,1811,19874,1,0,0,1,3
2020-08-23,US,Iowa,Butler,163,2,0,42.73172833,-92.79015971,19023.0,1128.8870420389223,1.2269938650306749,161,159,2,0,157,151,14539,4,0,0,4,8
2020-08-23,US,Iowa,Calhoun,101,2,0,42.38521079,-94.64046046,19025.0,1044.6834919321473,1.98019801980198,99,101,2,0,99,98,9699,0,0,0,0,3
2020-08-23,US,Iowa,Carroll,297,2,0,42.03617207,-94.86032705,19027.0,1472.8489957847753,0.6734006734006734,295,293,2,0,291,286,20154,4,0,0,4,7
2020-08-23,US,Iowa,Cass,105,2,0,41.33149454,-94.92792482,19029.0,818.0118416952322,1.9047619047619049,103,105,2,0,103,103,12930,0,0,0,0,2
2020-08-23,US,Iowa,Cedar,146,1,0,41.77233777,-91.13246684,19031.0,783.8084500993183,0.6849315068493149,145,144,1,0,143,143,18627,2,0,0,2,1
2020-08-23,US,Iowa,Cerro Gordo,715,20,0,43.08177563,-93.2612239,19033.0,1684.3345111896354,2.797202797202797,695,709,20,0,689,700,42647,6,0,0,6,9
2020-08-23,US,Iowa,Cherokee,126,1,0,42.73538914,-95.62389402,19035.0,1121.4953271028037,0.7936507936507936,125,126,1,0,125,125,11321,0,0,0,0,1
2020-08-23,US,Iowa,Chickasaw,86,0,0,43.06001295,-92.31773347,19037.0,720.6905220816224,0.0,86,86,0,0,86,84,11964,0,0,0,0,2
2020-08-23,US,Iowa,Clarke,216,3,0,41.02868181,-93.78499767,19039.0,2299.095263437999,1.3888888888888888,213,215,3,0,212,215,9423,1,0,0,1,0
2020-08-23,US,Iowa,Clay,229,2,0,43.08247182,-95.15096481,19041.0,1429.82017982018,0.8733624454148472,227,229,2,0,227,229,16134,0,0,0,0,0
2020-08-23,US,Iowa,Clayton,152,3,0,42.84443388,-91.34133693,19043.0,866.1462191577867,1.973684210526316,149,152,3,0,149,147,17556,0,0,0,0,5
2020-08-23,US,Iowa,Clinton,659,6,0,41.89981633,-90.53275096,19045.0,1419.3715134937215,0.9104704097116844,653,647,6,0,641,625,46518,12,0,0,12,22
2020-08-23,US,Iowa,Crawford,788,3,0,42.03718237,-95.3819718,19047.0,4684.898929845422,0.3807106598984771,785,782,3,0,779,776,17158,6,0,0,6,6
2020-08-23,US,Iowa,Dallas,2115,36,0,41.68560356,-94.04127625,19049.0,2263.169721678277,1.702127659574468,2079,2100,36,0,2064,2073,90180,15,0,0,15,27
2020-08-23,US,Iowa,Davis,77,2,0,40.74773536,-92.41005468,19051.0,855.5555555555555,2.5974025974025974,75,76,2,0,74,74,9017,1,0,0,1,2
2020-08-23,US,Iowa,Decatur,33,0,0,40.73742757,-93.78645949,19053.0,419.3138500635324,0.0,33,32,0,0,32,32,7890,1,0,0,1,0
2020-08-23,US,Iowa,Delaware,162,2,0,42.47104597,-91.3664492,19055.0,952.3249661983424,1.2345679012345678,160,162,2,0,160,159,17069,0,0,0,0,3
2020-08-23,US,Iowa,Des Moines,427,3,0,40.92012606,-91.18326592,19057.0,1095.7990094182258,0.7025761124121779,424,415,3,0,412,394,39138,12,0,0,12,21
2020-08-23,US,Iowa,Dickinson,402,5,0,43.37787725,-95.1510206,19059.0,2329.354502259821,1.243781094527363,397,400,5,0,395,399,17153,2,0,0,2,1
2020-08-23,US,Iowa,Dubuque,1903,35,0,42.46815349,-90.88181925,19061.0,1955.585699458437,1.8392012611665791,1868,1899,35,0,1864,1885,96854,4,0,0,4,14
2020-08-23,US,Iowa,Emmet,212,7,0,43.37782951,-94.67858943,19063.0,2302.3457862728064,3.30188679245283,205,212,7,0,205,210,9253,0,0,0,0,2
2020-08-23,US,Iowa,Fayette,123,0,0,42.86271799,-91.84412309999999,19065.0,625.9541984732824,0.0,123,122,0,0,122,120,19660,1,0,0,1,2
2020-08-23,US,Iowa,Floyd,184,3,0,43.06000529999999,-92.78940097,19067.0,1176.3201636619358,1.6304347826086956,181,183,3,0,180,183,15761,1,0,0,1,0
2020-08-23,US,Iowa,Franklin,275,16,0,42.73270384,-93.26256925,19069.0,2730.883813306852,5.8181818181818175,259,274,16,0,258,273,10124,1,0,0,1,1
2020-08-23,US,Iowa,Fremont,55,0,0,40.74542720000001,-95.60129045,19071.0,790.2298850574713,0.0,55,54,0,0,54,50,6993,1,0,0,1,4
2020-08-23,US,Iowa,Greene,45,0,0,42.03614551,-94.39658081,19073.0,506.3006300630063,0.0,45,46,0,0,46,45,8981,-1,0,0,-1,1
2020-08-23,US,Iowa,Grundy,112,1,0,42.40183723,-92.78829551,19075.0,915.6311314584697,0.8928571428571429,111,110,1,0,109,108,12304,2,0,0,2,2
2020-08-23,US,Iowa,Guthrie,157,5,0,41.68378965,-94.50111014,19077.0,1468.7997006268124,3.1847133757961785,152,157,5,0,152,156,10720,0,0,0,0,1
2020-08-23,US,Iowa,Hamilton,246,2,0,42.38382428,-93.70197703,19079.0,1665.200027076423,0.8130081300813008,244,246,2,0,244,244,14952,0,0,0,0,2
2020-08-23,US,Iowa,Hancock,133,2,0,43.08178477,-93.73454884,19081.0,1251.175917215428,1.5037593984962403,131,132,2,0,130,130,10712,1,0,0,1,2
2020-08-23,US,Iowa,Hardin,213,1,0,42.38353877,-93.23654611,19083.0,1264.395108631129,0.4694835680751174,212,210,1,0,209,208,16868,3,0,0,3,2
2020-08-23,US,Iowa,Harrison,135,1,0,41.68330137,-95.81558439,19085.0,960.9224855861627,0.7407407407407407,134,135,1,0,134,131,14134,0,0,0,0,4
2020-08-23,US,Iowa,Henry,202,4,0,40.98767962,-91.54436349,19087.0,1012.3283552169992,1.98019801980198,198,202,4,0,198,197,20067,0,0,0,0,5
2020-08-23,US,Iowa,Howard,87,0,0,43.35671042,-92.31702714,19089.0,949.9890805852806,0.0,87,83,0,0,83,83,9187,4,0,0,4,0
2020-08-23,US,Iowa,Humboldt,100,2,0,42.7764426,-94.20722537,19091.0,1046.2439840970917,2.0,98,98,2,0,96,97,9547,2,0,0,2,1
2020-08-23,US,Iowa,Ida,36,0,0,42.38696136,-95.51355387,19093.0,524.7813411078718,0.0,36,36,0,0,36,34,6841,0,0,0,0,2
2020-08-23,US,Iowa,Iowa,106,1,0,41.68630265,-92.0643373,19095.0,654.9678695007415,0.9433962264150944,105,108,1,0,107,104,16141,-2,0,0,-2,4
2020-08-23,US,Iowa,Jackson,180,1,0,42.17178824,-90.57354837,19097.0,925.9735583106128,0.5555555555555556,179,180,1,0,179,177,19432,0,0,0,0,3
2020-08-23,US,Iowa,Jasper,522,29,0,41.68576082,-93.05567785,19099.0,1403.7918515530453,5.5555555555555545,493,520,29,0,491,514,37147,2,0,0,2,6
2020-08-23,US,Iowa,Jefferson,103,0,0,41.03192394,-91.94849466,19101.0,562.9953539218366,0.0,103,103,0,0,103,100,18381,0,0,0,0,3
2020-08-23,US,Iowa,Johnson,2538,24,0,41.67169354,-91.58754744,19103.0,1679.237792774911,0.9456264775413712,2514,2454,24,0,2430,2370,151260,84,0,0,84,84
2020-08-23,US,Iowa,Jones,154,2,0,42.12118609,-91.13139641,19105.0,744.6448430926938,1.2987012987012987,152,150,2,0,148,146,20744,4,0,0,4,4
2020-08-23,US,Iowa,Keokuk,46,1,0,41.33649833,-92.1785067,19107.0,448.95569002537576,2.1739130434782608,45,46,1,0,45,46,10225,0,0,0,0,0
2020-08-23,US,Iowa,Kossuth,111,0,0,43.20405458,-94.20691791,19109.0,749.3417943698101,0.0,111,110,0,0,110,110,14908,1,0,0,1,0
2020-08-23,US,Iowa,Lee,257,5,0,40.64181461,-91.48183025,19111.0,763.5855839795586,1.9455252918287935,252,245,5,0,240,233,34055,12,0,0,12,12
2020-08-23,US,Iowa,Linn,2745,91,0,42.07923082,-91.59809485,19113.0,1210.8192990039963,3.31511839708561,2654,2729,90,0,2639,2701,225909,16,1,0,15,28
2020-08-23,US,Iowa,Louisa,382,14,0,41.21842119,-91.26102611,19115.0,3461.712732215677,3.6649214659685865,368,381,14,0,367,382,11169,1,0,0,1,-1
2020-08-23,US,Iowa,Lucas,80,4,0,41.02958964,-93.32780803,19117.0,930.2325581395347,5.0,76,79,4,0,75,79,8645,1,0,0,1,0
2020-08-23,US,Iowa,Lyon,136,2,0,43.38107862,-96.20926845,19119.0,1156.954487452148,1.4705882352941178,134,136,2,0,134,132,11811,0,0,0,0,4
2020-08-23,US,Iowa,Madison,151,2,0,41.33081904,-94.01554631,19121.0,924.2257314236748,1.3245033112582782,149,146,2,0,144,144,16249,5,0,0,5,2
2020-08-23,US,Iowa,Mahaska,158,18,0,41.33521503,-92.64083907,19123.0,715.0939126499208,11.39240506329114,140,158,18,0,140,156,22000,0,0,0,0,2
2020-08-23,US,Iowa,Marion,306,0,0,41.33445101,-93.09934783,19125.0,920.217724716567,0.0,306,290,0,0,290,268,33407,16,0,0,16,22
2020-08-23,US,Iowa,Marshall,1567,28,0,42.03586837,-92.99908190000001,19127.0,3980.289059920242,1.7868538608806637,1539,1565,28,0,1537,1555,39981,2,0,0,2,10
2020-08-23,US,Iowa,Mills,117,1,0,41.03299766,-95.61920963,19129.0,774.3728903302667,0.8547008547008547,116,115,1,0,114,112,15063,2,0,0,2,3
2020-08-23,US,Iowa,Mitchell,92,0,0,43.35638371,-92.78887719,19131.0,869.0723597203854,0.0,92,92,0,0,92,88,10569,0,0,0,0,4
2020-08-23,US,Iowa,Monona,104,1,0,42.05220391,-95.95743843,19133.0,1207.1967498549045,0.9615384615384616,103,102,1,0,101,101,8679,2,0,0,2,1
2020-08-23,US,Iowa,Monroe,92,8,0,41.02988815,-92.8690667,19135.0,1193.719994809913,8.695652173913043,84,91,8,0,83,89,7790,1,0,0,1,2
2020-08-23,US,Iowa,Montgomery,69,4,0,41.03018714,-95.15642896,19137.0,695.7749319350612,5.797101449275362,65,69,4,0,65,68,10003,0,0,0,0,1
2020-08-23,US,Iowa,Muscatine,924,48,0,41.48370744,-91.11216970000001,19139.0,2165.7603600225016,5.194805194805196,876,923,48,0,875,921,42929,1,0,0,1,2
2020-08-23,US,Iowa,O'Brien,164,7,0,43.08310673,-95.62474482,19141.0,1192.46709808769,4.2682926829268295,157,162,7,0,155,160,13840,2,0,0,2,2
2020-08-23,US,Iowa,Osceola,91,0,0,43.37824276,-95.62422844,19143.0,1527.3581738838534,0.0,91,91,0,0,91,90,6040,0,0,0,0,1
2020-08-23,US,Iowa,Page,107,0,0,40.7393172,-95.1497813,19145.0,708.2809293704905,0.0,107,106,0,0,106,105,15249,1,0,0,1,1
2020-08-23,US,Iowa,Palo Alto,105,0,0,43.08193849,-94.67824621,19147.0,1181.6340310600945,0.0,105,105,0,0,105,104,8929,0,0,0,0,1
2020-08-23,US,Iowa,Plymouth,614,15,0,42.737633,-96.21366621,19149.0,2438.733764944195,2.44299674267101,599,609,15,0,594,598,25095,5,0,0,5,11
2020-08-23,US,Iowa,Pocahontas,122,2,0,42.73420133,-94.67862564,19151.0,1843.1787279045166,1.639344262295082,120,121,2,0,119,121,6740,1,0,0,1,0
2020-08-23,US,Iowa,Polk,11751,214,0,41.68679484,-93.57767461,19153.0,2397.375556194801,1.8211216066717728,11537,11653,214,0,11439,11546,487204,98,0,0,98,107
2020-08-23,US,Iowa,Pottawattamie,1517,31,0,41.33640314,-95.53907776,19155.0,1627.5776237581272,2.0435069215557022,1486,1510,31,0,1479,1491,93533,7,0,0,7,19
2020-08-23,US,Iowa,Poweshiek,177,8,0,41.68625425,-92.53155731,19157.0,956.5499351491568,4.519774011299434,169,176,8,0,168,175,18699,1,0,0,1,1
2020-08-23,US,Iowa,Ringgold,29,1,0,40.73518949,-94.24368535,19159.0,592.5623212096444,3.4482758620689653,28,29,1,0,28,29,4968,0,0,0,0,0
2020-08-23,US,Iowa,Sac,101,0,0,42.38624071,-95.10547892,19161.0,1038.9877584610638,0.0,101,99,0,0,99,98,9719,2,0,0,2,1
2020-08-23,US,Iowa,Scott,2002,19,0,41.63935978,-90.61959493,19163.0,1157.606841560514,0.9490509490509491,1983,1992,18,0,1974,1970,173283,10,1,0,9,22
2020-08-23,US,Iowa,Shelby,208,1,0,41.6850066,-95.31015553,19165.0,1815.9594901344508,0.4807692307692308,207,205,1,0,204,205,11578,3,0,0,3,0
2020-08-23,US,Iowa,Sioux,775,3,0,43.08221074,-96.17675679999999,19167.0,2223.4973461483287,0.3870967741935484,772,762,3,0,759,757,34909,13,0,0,13,5
2020-08-23,US,Iowa,Story,1569,16,0,42.03621213,-93.46499005,19169.0,1615.577087430625,1.019757807520714,1553,1564,16,0,1548,1531,98105,5,0,0,5,33
2020-08-23,US,Iowa,Tama,584,29,0,42.07991767,-92.53266945,19171.0,3465.0528064554414,4.965753424657534,555,582,29,0,553,582,16904,2,0,0,2,0
2020-08-23,US,Iowa,Taylor,107,0,0,40.73710579,-94.69778563,19173.0,1748.0803790230357,0.0,107,105,0,0,105,105,6191,2,0,0,2,0
2020-08-23,US,Iowa,Unassigned,7,0,0,0.0,0.0,90019.0,0.0,0.0,7,4,0,0,4,8,,3,0,0,3,-4
2020-08-23,US,Iowa,Union,90,3,0,41.0277278,-94.24234847,19175.0,735.2340495057592,3.333333333333333,87,90,3,0,87,90,12359,0,0,0,0,0
2020-08-23,US,Iowa,Van Buren,46,1,0,40.75326764,-91.95017958,19177.0,653.038046564452,2.1739130434782608,45,45,1,0,44,45,7020,1,0,0,1,0
2020-08-23,US,Iowa,Wapello,1007,43,0,41.03064984,-92.40954728,19179.0,2879.6934427635906,4.270109235352532,964,1000,43,0,957,991,35205,7,0,0,7,9
2020-08-23,US,Iowa,Warren,655,5,0,41.33559454,-93.56007641,19181.0,1272.6848793378153,0.7633587786259542,650,649,4,0,645,632,51056,6,1,0,5,17
2020-08-23,US,Iowa,Washington,316,10,0,41.33577126,-91.71725711,19183.0,1438.6524015479172,3.1645569620253164,306,316,10,0,306,316,22141,0,0,0,0,0
2020-08-23,US,Iowa,Wayne,33,2,0,40.73969028,-93.32752197,19185.0,512.342803912436,6.0606060606060606,31,34,2,0,32,31,6401,-1,0,0,-1,3
2020-08-23,US,Iowa,Webster,695,8,0,42.42853483,-94.17987389,19187.0,1935.7174688057041,1.1510791366906474,687,691,8,0,683,688,36277,4,0,0,4,3
2020-08-23,US,Iowa,Winnebago,144,2,0,43.37751174,-93.73407298,19189.0,1390.766853389994,1.3888888888888888,142,142,2,0,140,139,10518,2,0,0,2,3
2020-08-23,US,Iowa,Winneshiek,169,1,0,43.29094334,-91.84422722,19191.0,845.3804211895352,0.591715976331361,168,165,1,0,164,161,20029,4,0,0,4,4
2020-08-23,US,Iowa,Woodbury,3950,54,0,42.38979414,-96.0459439,19193.0,3830.9717090013287,1.3670886075949369,3896,3933,54,0,3879,3902,102539,17,0,0,17,31
2020-08-23,US,Iowa,Worth,75,0,0,43.37750768,-93.26087602,19195.0,1016.1224766291832,0.0,75,75,0,0,75,74,7453,0,0,0,0,1
2020-08-23,US,Iowa,Wright,494,1,0,42.73305373,-93.73515113,19197.0,3932.4948256647026,0.20242914979757085,493,492,1,0,491,490,12690,2,0,0,2,2
2020-08-23,US,Kansas,Allen,20,0,0,37.88582951,-95.30030847,20001.0,161.69455897809038,0.0,20,20,0,0,20,20,12444,0,0,0,0,0
2020-08-23,US,Kansas,Anderson,32,0,0,38.21413251,-95.29272815,20003.0,407.22830236701446,0.0,32,32,0,0,32,32,7878,0,0,0,0,0
2020-08-23,US,Kansas,Atchison,157,0,0,39.53185661,-95.30870026,20005.0,976.7933802028247,0.0,157,157,0,0,157,99,16193,0,0,0,0,58
2020-08-23,US,Kansas,Barber,5,0,0,37.2288586,-98.68460053,20007.0,112.943302462164,0.0,5,5,0,0,5,5,4472,0,0,0,0,0
2020-08-23,US,Kansas,Barton,216,4,0,38.47889676,-98.75636726,20009.0,837.8913068776911,1.851851851851852,212,216,4,0,212,216,26111,0,0,0,0,0
2020-08-23,US,Kansas,Bourbon,82,2,0,37.85508555,-94.84865997,20011.0,564.1943030136233,2.4390243902439024,80,82,2,0,80,82,14653,0,0,0,0,0
2020-08-23,US,Kansas,Brown,59,0,0,39.82652589,-95.56421698,20013.0,616.89669594312,0.0,59,59,0,0,59,59,9598,0,0,0,0,0
2020-08-23,US,Kansas,Butler,378,2,0,37.78134351,-96.83878537,20015.0,564.9295332605999,0.5291005291005291,376,378,2,0,376,378,66765,0,0,0,0,0
2020-08-23,US,Kansas,Chase,58,0,0,38.30292938,-96.59563862,20017.0,2190.332326283988,0.0,58,58,0,0,58,58,2629,0,0,0,0,0
2020-08-23,US,Kansas,Chautauqua,7,0,0,37.14994405,-96.2454192,20019.0,215.38461538461544,0.0,7,7,0,0,7,7,3309,0,0,0,0,0
2020-08-23,US,Kansas,Cherokee,204,0,0,37.16928494,-94.8462897,20021.0,1023.1205175786148,0.0,204,204,0,0,204,204,20015,0,0,0,0,0
2020-08-23,US,Kansas,Cheyenne,5,0,0,39.78580976,-101.7318201,20023.0,188.1821603312006,0.0,5,5,0,0,5,5,2660,0,0,0,0,0
2020-08-23,US,Kansas,Clark,45,1,0,37.23577007,-99.81883015,20025.0,2256.7703109327986,2.2222222222222223,44,45,1,0,44,45,2005,0,0,0,0,0
2020-08-23,US,Kansas,Clay,23,2,0,39.34948772,-97.16518128,20027.0,287.42814296425894,8.695652173913043,21,23,2,0,21,23,7997,0,0,0,0,0
2020-08-23,US,Kansas,Cloud,43,0,0,39.48028352,-97.64925343,20029.0,489.4149783746869,0.0,43,43,0,0,43,43,8729,0,0,0,0,0
2020-08-23,US,Kansas,Coffey,75,8,0,38.2365018,-95.73379515,20031.0,916.9825162000244,10.666666666666666,67,73,8,0,65,73,8233,2,0,0,2,0
2020-08-23,US,Kansas,Comanche,9,0,0,37.19114520000001,-99.27113247,20033.0,529.4117647058823,0.0,9,9,0,0,9,9,1748,0,0,0,0,0
2020-08-23,US,Kansas,Cowley,222,2,0,37.23781842,-96.83776647,20035.0,635.9573736679271,0.9009009009009008,220,222,2,0,220,222,35218,0,0,0,0,0
2020-08-23,US,Kansas,Crawford,413,1,0,37.50675523,-94.85245778,20037.0,1063.9394095522696,0.2421307506053269,412,413,1,0,412,413,39019,0,0,0,0,0
2020-08-23,US,Kansas,Decatur,6,0,0,39.78468441,-100.45940809999999,20039.0,212.2391227449593,0.0,6,6,0,0,6,6,2871,0,0,0,0,0
2020-08-23,US,Kansas,Dickinson,64,1,0,38.86600962,-97.15532383,20041.0,346.5829091302935,1.5625,63,64,1,0,63,64,18717,0,0,0,0,0
2020-08-23,US,Kansas,Doniphan,58,0,0,39.79067154,-95.14056866,20043.0,763.1578947368422,0.0,58,58,0,0,58,58,7682,0,0,0,0,0
2020-08-23,US,Kansas,Douglas,892,8,0,38.88503636,-95.2925121,20045.0,729.5986389550052,0.8968609865470852,884,892,8,0,884,892,121436,0,0,0,0,0
2020-08-23,US,Kansas,Edwards,12,0,0,37.88735543,-99.31263309,20047.0,428.87776983559684,0.0,12,12,0,0,12,12,2849,0,0,0,0,0
2020-08-23,US,Kansas,Elk,1,0,0,37.45338105,-96.24369667,20049.0,39.52569169960474,0.0,1,1,0,0,1,1,2508,0,0,0,0,0
2020-08-23,US,Kansas,Ellis,180,1,0,38.91458712,-99.31751551,20051.0,630.4066122649109,0.5555555555555556,179,180,1,0,179,180,28710,0,0,0,0,0
2020-08-23,US,Kansas,Ellsworth,24,0,0,38.69677695,-98.20462799,20053.0,393.31366764995084,0.0,24,24,0,0,24,24,6196,0,0,0,0,0
2020-08-23,US,Kansas,Finney,1844,12,0,38.04340344,-100.73819379999999,20055.0,5056.626539062714,0.6507592190889371,1832,1844,12,0,1832,1844,36611,0,0,0,0,0
2020-08-23,US,Kansas,Ford,2202,10,0,37.69200114,-99.88825298,20057.0,6549.8676343734205,0.4541326067211626,2192,2202,10,0,2192,2202,33888,0,0,0,0,0
2020-08-23,US,Kansas,Franklin,243,2,0,38.56443815,-95.28644341,20059.0,951.2997181334167,0.8230452674897121,241,243,2,0,241,243,25631,0,0,0,0,0
2020-08-23,US,Kansas,Geary,185,2,0,38.99871131,-96.7577178,20061.0,584.1490369434796,1.0810810810810811,183,185,2,0,183,182,32594,0,0,0,0,3
2020-08-23,US,Kansas,Gove,7,0,0,38.91588178,-100.4829321,20063.0,265.5538694992413,0.0,7,7,0,0,7,7,2612,0,0,0,0,0
2020-08-23,US,Kansas,Graham,23,0,0,39.34987223,-99.88332493,20065.0,926.6720386784853,0.0,23,23,0,0,23,23,2492,0,0,0,0,0
2020-08-23,US,Kansas,Grant,138,3,0,37.56227336,-101.3079758,20067.0,1930.06993006993,2.1739130434782608,135,138,3,0,135,135,7336,0,0,0,0,3
2020-08-23,US,Kansas,Gray,98,0,0,37.73836671,-100.4369088,20069.0,1636.6065464261856,0.0,98,98,0,0,98,98,6033,0,0,0,0,0
2020-08-23,US,Kansas,Greeley,4,0,0,38.4808095,-101.8061079,20071.0,324.67532467532465,0.0,4,4,0,0,4,4,1227,0,0,0,0,0
2020-08-23,US,Kansas,Greenwood,23,0,0,37.8774388,-96.23250453,20073.0,384.4867937144768,0.0,23,23,0,0,23,23,6055,0,0,0,0,0
2020-08-23,US,Kansas,Hamilton,42,0,0,37.99978709,-101.7921066,20075.0,1654.1945647892871,0.0,42,42,0,0,42,42,2607,0,0,0,0,0
2020-08-23,US,Kansas,Harper,35,0,0,37.19175361,-98.07578384,20077.0,643.8557763061075,0.0,35,35,0,0,35,35,5506,0,0,0,0,0
2020-08-23,US,Kansas,Harvey,271,4,0,38.04293782,-97.42747573,20079.0,787.127131197537,1.4760147601476017,267,271,4,0,267,271,34210,0,0,0,0,0
2020-08-23,US,Kansas,Haskell,44,0,0,37.562039399999996,-100.8710738,20081.0,1108.8709677419354,0.0,44,44,0,0,44,44,3997,0,0,0,0,0
2020-08-23,US,Kansas,Hodgeman,12,0,0,38.08780079,-99.89829881,20083.0,668.8963210702342,0.0,12,12,0,0,12,12,1818,0,0,0,0,0
2020-08-23,US,Kansas,Jackson,181,1,0,39.41673394,-95.79356799,20085.0,1374.2312656594033,0.5524861878453039,180,181,1,0,180,181,13280,0,0,0,0,0
2020-08-23,US,Kansas,Jefferson,104,0,0,39.2347941,-95.38289232,20087.0,546.1324371160006,0.0,104,104,0,0,104,104,18975,0,0,0,0,0
2020-08-23,US,Kansas,Jewell,14,1,0,39.78470589,-98.21820662,20089.0,486.2799583188608,7.142857142857142,13,14,1,0,13,14,2841,0,0,0,0,0
2020-08-23,US,Kansas,Johnson,7310,110,0,38.88548175,-94.82250877,20091.0,1213.477401265934,1.5047879616963065,7200,7241,110,0,7131,7004,597555,69,0,0,69,237
2020-08-23,US,Kansas,Kearny,68,1,0,38.00017981,-101.32168100000001,20093.0,1771.756122980719,1.4705882352941178,67,68,1,0,67,68,3943,0,0,0,0,0
2020-08-23,US,Kansas,Kingman,34,0,0,37.55909527,-98.13638678,20095.0,475.39149888143163,0.0,34,34,0,0,34,34,7310,0,0,0,0,0
2020-08-23,US,Kansas,Kiowa,8,0,0,37.55848695,-99.2856537,20097.0,323.2323232323232,0.0,8,8,0,0,8,8,2516,0,0,0,0,0
2020-08-23,US,Kansas,Labette,166,1,0,37.19113093,-95.29849679,20099.0,846.1616882454888,0.6024096385542169,165,166,1,0,165,166,19964,0,0,0,0,0
2020-08-23,US,Kansas,Lane,7,0,0,38.48119447,-100.46607540000001,20101.0,456.02605863192184,0.0,7,7,0,0,7,7,1560,0,0,0,0,0
2020-08-23,US,Kansas,Leavenworth,1572,9,0,39.20183497,-95.03620809,20103.0,1922.747621027912,0.5725190839694656,1563,1572,9,0,1563,1572,81352,0,0,0,0,0
2020-08-23,US,Kansas,Lincoln,6,0,0,39.04549684,-98.20756994,20105.0,202.56583389601624,0.0,6,6,0,0,6,6,3023,0,0,0,0,0
2020-08-23,US,Kansas,Linn,50,0,0,38.21267844,-94.84254089,20107.0,515.3045449860866,0.0,50,50,0,0,50,50,9750,0,0,0,0,0
2020-08-23,US,Kansas,Logan,2,0,0,38.91735806,-101.148475,20109.0,71.58196134574086,0.0,2,2,0,0,2,2,2844,0,0,0,0,0
2020-08-23,US,Kansas,Lyon,857,14,0,38.45576156,-96.15275715,20111.0,2581.714113571321,1.633605600933489,843,857,14,0,843,857,33406,0,0,0,0,0
2020-08-23,US,Kansas,Marion,60,1,0,38.35855394,-97.09852509999999,20115.0,504.88051161225184,1.6666666666666667,59,60,1,0,59,60,11950,0,0,0,0,0
2020-08-23,US,Kansas,Marshall,13,0,0,39.78359669,-96.52278974,20117.0,133.92397239105802,0.0,13,13,0,0,13,13,9722,0,0,0,0,0
2020-08-23,US,Kansas,McPherson,195,1,0,38.39184858,-97.64769869,20113.0,683.2036998108051,0.5128205128205128,194,195,1,0,194,195,28537,0,0,0,0,0
2020-08-23,US,Kansas,Meade,58,0,0,37.23859987,-100.36483100000001,20119.0,1438.1353830895114,0.0,58,58,0,0,58,58,4146,0,0,0,0,0
2020-08-23,US,Kansas,Miami,167,0,0,38.56383358,-94.83832189,20121.0,487.7763822764845,0.0,167,167,0,0,167,167,33680,0,0,0,0,0
2020-08-23,US,Kansas,Mitchell,28,0,0,39.39331582,-98.20906732,20123.0,468.3057367452751,0.0,28,28,0,0,28,28,6150,0,0,0,0,0
2020-08-23,US,Kansas,Montgomery,208,5,0,37.19236568,-95.74329258,20125.0,653.4920984008294,2.4038461538461537,203,204,5,0,199,204,32120,4,0,0,4,0
2020-08-23,US,Kansas,Morris,15,0,0,38.68827511,-96.65128437,20127.0,266.9039145907473,0.0,15,15,0,0,15,15,5521,0,0,0,0,0
2020-08-23,US,Kansas,Morton,10,2,0,37.19141121,-101.79925190000002,20129.0,386.54812524159263,20.0,8,10,2,0,8,10,2667,0,0,0,0,0
2020-08-23,US,Kansas,Nemaha,53,1,0,39.78345387,-96.01392079,20131.0,518.0334278174176,1.8867924528301887,52,53,1,0,52,53,10155,0,0,0,0,0
2020-08-23,US,Kansas,Neosho,72,0,0,37.55862897,-95.30670046,20133.0,449.8032110951458,0.0,72,72,0,0,72,72,15951,0,0,0,0,0
2020-08-23,US,Kansas,Ness,11,0,0,38.47974157,-99.91547333,20135.0,400.0,0.0,11,11,0,0,11,11,2840,0,0,0,0,0
2020-08-23,US,Kansas,Norton,23,0,0,39.78443827,-99.90286639,20137.0,429.0244357396009,0.0,23,23,0,0,23,23,5430,0,0,0,0,0
2020-08-23,US,Kansas,Osage,53,0,0,38.65235984,-95.72707998,20139.0,332.30923568875784,0.0,53,53,0,0,53,53,15941,0,0,0,0,0
2020-08-23,US,Kansas,Osborne,4,0,0,39.3503437,-98.76753828,20141.0,116.92487576731949,0.0,4,4,0,0,4,4,3475,0,0,0,0,0
2020-08-23,US,Kansas,Ottawa,39,0,0,39.13237408,-97.65020313,20143.0,683.7307152875176,0.0,39,39,0,0,39,39,5802,0,0,0,0,0
2020-08-23,US,Kansas,Pawnee,76,0,0,38.18108732,-99.23692334,20145.0,1184.9080137199876,0.0,76,76,0,0,76,76,6562,0,0,0,0,0
2020-08-23,US,Kansas,Phillips,51,8,0,39.78465501,-99.34668865,20147.0,974.3981658387466,15.68627450980392,43,51,8,0,43,51,5317,0,0,0,0,0
2020-08-23,US,Kansas,Pottawatomie,139,0,0,39.37925655,-96.34564657,20149.0,570.0693105852438,0.0,139,139,0,0,139,139,24277,0,0,0,0,0
2020-08-23,US,Kansas,Pratt,37,0,0,37.64780729,-98.73922153,20151.0,403.7538192928852,0.0,37,37,0,0,37,37,9378,0,0,0,0,0
2020-08-23,US,Kansas,Reno,621,1,0,37.95230263,-98.08607292,20155.0,1001.6452143617537,0.1610305958132045,620,581,1,0,580,563,62342,40,0,0,40,18
2020-08-23,US,Kansas,Republic,34,0,0,39.82799632,-97.65036709,20157.0,733.3908541846422,0.0,34,34,0,0,34,34,4664,0,0,0,0,0
2020-08-23,US,Kansas,Rice,42,1,0,38.34616184,-98.19992118,20159.0,440.39005976722234,2.380952380952381,41,42,1,0,41,42,9531,0,0,0,0,0
2020-08-23,US,Kansas,Riley,577,5,0,39.28935726,-96.73420026,20161.0,777.2928117254013,0.8665511265164645,572,577,5,0,572,577,73703,0,0,0,0,0
2020-08-23,US,Kansas,Rooks,20,0,0,39.35022773,-99.32484567,20163.0,406.5040650406504,0.0,20,20,0,0,20,20,5013,0,0,0,0,0
2020-08-23,US,Kansas,Rush,12,0,0,38.52275276,-99.30863983,20165.0,395.2569169960474,0.0,12,12,0,0,12,12,3093,0,0,0,0,0
2020-08-23,US,Kansas,Russell,17,0,0,38.91462787,-98.76254297,20167.0,247.9579929988332,0.0,17,17,0,0,17,17,6907,0,0,0,0,0
2020-08-23,US,Kansas,Saline,432,9,0,38.78369175,-97.65185177,20169.0,796.6951903216287,2.083333333333333,423,432,9,0,423,432,54401,0,0,0,0,0
2020-08-23,US,Kansas,Scott,87,0,0,38.48222076,-100.90665390000001,20171.0,1803.8565208376529,0.0,87,87,0,0,87,82,4897,0,0,0,0,5
2020-08-23,US,Kansas,Sedgwick,6289,48,0,37.6842718,-97.4608198,20173.0,1218.6992531615645,0.7632373986325329,6241,6211,48,0,6163,6145,513607,78,0,0,78,66
2020-08-23,US,Kansas,Seward,1332,4,0,37.19324632,-100.85072009999999,20175.0,6216.165764420384,0.3003003003003003,1328,1332,4,0,1328,1332,21780,0,0,0,0,0
2020-08-23,US,Kansas,Shawnee,1975,21,0,39.04100763,-95.75572640000001,20177.0,1116.6077738515899,1.0632911392405062,1954,1946,21,0,1925,1946,177499,29,0,0,29,0
2020-08-23,US,Kansas,Sheridan,9,0,0,39.35018161,-100.44182590000001,20179.0,357.0011900039666,0.0,9,9,0,0,9,9,2533,0,0,0,0,0
2020-08-23,US,Kansas,Sherman,17,0,0,39.35147699,-101.71976240000001,20181.0,287.30775730944737,0.0,17,17,0,0,17,17,5899,0,0,0,0,0
2020-08-23,US,Kansas,Smith,3,0,0,39.78516566,-98.78566062,20183.0,83.72871895060004,0.0,3,3,0,0,3,3,3603,0,0,0,0,0
2020-08-23,US,Kansas,Stafford,15,1,0,38.03100851,-98.71762001,20185.0,360.9239653512993,6.666666666666668,14,15,1,0,14,15,4178,0,0,0,0,0
2020-08-23,US,Kansas,Stanton,21,1,0,37.56304714,-101.78435340000001,20187.0,1046.8594217347957,4.761904761904762,20,21,1,0,20,21,1987,0,0,0,0,0
2020-08-23,US,Kansas,Stevens,47,0,0,37.1923008,-101.3118967,20189.0,856.8824065633546,0.0,47,47,0,0,47,47,5559,0,0,0,0,0
2020-08-23,US,Kansas,Sumner,110,3,0,37.23682549,-97.47721621,20191.0,481.6955684007707,2.727272727272727,107,110,3,0,107,110,22996,0,0,0,0,0
2020-08-23,US,Kansas,Thomas,53,0,0,39.35107575,-101.0553705,20193.0,681.4967211006815,0.0,53,53,0,0,53,52,7711,0,0,0,0,1
2020-08-23,US,Kansas,Trego,7,1,0,38.91467218,-99.87284448,20195.0,249.73242953977882,14.285714285714285,6,7,1,0,6,7,2793,0,0,0,0,0
2020-08-23,US,Kansas,Wabaunsee,50,0,0,38.95471985,-96.20350509,20197.0,721.3966238638002,0.0,50,50,0,0,50,50,6899,0,0,0,0,0
2020-08-23,US,Kansas,Wallace,1,0,0,38.91686134,-101.76388759999999,20199.0,65.87615283267458,0.0,1,1,0,0,1,1,1503,0,0,0,0,0
2020-08-23,US,Kansas,Washington,2,0,0,39.78420784,-97.08753229999999,20201.0,36.99593044765076,0.0,2,2,0,0,2,2,5420,0,0,0,0,0
2020-08-23,US,Kansas,Wichita,4,0,0,38.48178252,-101.3471509,20203.0,188.76828692779614,0.0,4,4,0,0,4,4,2105,0,0,0,0,0
2020-08-23,US,Kansas,Wilson,16,0,0,37.55937174,-95.74323255,20205.0,187.68328445747798,0.0,16,16,0,0,16,16,8665,0,0,0,0,0
2020-08-23,US,Kansas,Woodson,12,0,0,37.8865336,-95.74006277,20207.0,382.4091778202677,0.0,12,12,0,0,12,12,3183,0,0,0,0,0
2020-08-23,US,Kansas,Wyandotte,5701,111,0,39.11727348,-94.76378225,20209.0,3446.1914174661033,1.9470268373969484,5590,5653,111,0,5542,5551,165324,48,0,0,48,102
2020-08-23,US,Kentucky,Adair,244,19,0,37.10459774,-85.28129668,21001.0,1270.700968649099,7.786885245901638,225,244,19,0,225,239,19215,0,0,0,0,5
2020-08-23,US,Kentucky,Allen,241,8,0,36.75197631,-86.19457544,21003.0,1130.6591602158105,3.319502074688797,233,241,8,0,233,239,21122,0,0,0,0,2
2020-08-23,US,Kentucky,Anderson,103,1,0,38.00671029,-84.99171713,21005.0,452.8069635556337,0.9708737864077671,102,103,1,0,102,101,22663,0,0,0,0,2
2020-08-23,US,Kentucky,Ballard,39,0,0,37.05842757,-88.99427697,21007.0,494.421906693712,0.0,39,39,0,0,39,38,7979,0,0,0,0,1
2020-08-23,US,Kentucky,Barren,471,6,0,36.96469836,-85.93338945,21009.0,1064.4308345951322,1.2738853503184713,465,471,6,0,465,464,44176,0,0,0,0,7
2020-08-23,US,Kentucky,Bath,52,1,0,38.14735938,-83.74588932,21011.0,416.0,1.9230769230769231,51,52,1,0,51,51,12383,0,0,0,0,1
2020-08-23,US,Kentucky,Bell,367,6,0,36.73355174,-83.67766671,21013.0,1409.8033189920095,1.6348773841961852,361,367,6,0,361,364,26569,0,0,0,0,3
2020-08-23,US,Kentucky,Boone,1218,24,0,38.97065142,-84.72615357,21015.0,911.8063197610437,1.9704433497536944,1194,1218,24,0,1194,1206,131533,0,0,0,0,12
2020-08-23,US,Kentucky,Bourbon,104,1,0,38.2054607,-84.21827874,21017.0,525.5710531635334,0.9615384615384616,103,104,1,0,103,102,20184,0,0,0,0,2
2020-08-23,US,Kentucky,Boyd,214,4,0,38.36176608,-82.68652187,21019.0,458.0675542617407,1.8691588785046729,210,214,4,0,210,211,47240,0,0,0,0,3
2020-08-23,US,Kentucky,Boyle,186,0,0,37.62680923,-84.8633779,21021.0,618.7624750499003,0.0,186,186,0,0,186,183,30100,0,0,0,0,3
2020-08-23,US,Kentucky,Bracken,37,0,0,38.69158994,-84.08532444,21023.0,445.6220643141034,0.0,37,37,0,0,37,37,8239,0,0,0,0,0
2020-08-23,US,Kentucky,Breathitt,39,0,0,37.52333168,-83.31959161,21025.0,308.78859857482183,0.0,39,39,0,0,39,38,12726,0,0,0,0,1
2020-08-23,US,Kentucky,Breckinridge,91,2,0,37.77377239,-86.42885017,21027.0,444.4010353079065,2.1978021978021984,89,91,2,0,89,91,20388,0,0,0,0,0
2020-08-23,US,Kentucky,Bullitt,537,5,0,37.97162523,-85.68955617,21029.0,657.4758803075567,0.931098696461825,532,537,5,0,532,526,81069,0,0,0,0,11
2020-08-23,US,Kentucky,Butler,310,16,0,37.20946153,-86.68748787,21031.0,2407.019178507648,5.161290322580644,294,310,16,0,294,310,12772,0,0,0,0,0
2020-08-23,US,Kentucky,Caldwell,62,0,0,37.14749129,-87.86948214,21033.0,486.3889542637484,0.0,62,62,0,0,62,62,12715,0,0,0,0,0
2020-08-23,US,Kentucky,Calloway,345,5,0,36.62093411,-88.2731593,21035.0,884.5927027512115,1.4492753623188406,340,345,5,0,340,326,39135,0,0,0,0,19
2020-08-23,US,Kentucky,Campbell,650,13,0,38.94384345,-84.37875208,21037.0,694.5631731919988,2.0,637,650,13,0,637,646,93152,0,0,0,0,4
2020-08-23,US,Kentucky,Carlisle,55,1,0,36.85372876,-88.96692220000001,21039.0,1155.4621848739494,1.818181818181818,54,55,1,0,54,55,4771,0,0,0,0,0
2020-08-23,US,Kentucky,Carroll,184,2,0,38.66599534,-85.12601074,21041.0,1730.7873201015893,1.0869565217391304,182,184,2,0,182,175,10737,0,0,0,0,9
2020-08-23,US,Kentucky,Carter,110,3,0,38.31690743,-83.05092385,21043.0,410.4937119826848,2.727272727272727,107,110,3,0,107,109,27004,0,0,0,0,1
2020-08-23,US,Kentucky,Casey,223,11,0,37.32533118,-84.92726209,21045.0,1380.0358933102295,4.932735426008969,212,223,11,0,212,221,15888,0,0,0,0,2
2020-08-23,US,Kentucky,Christian,690,10,0,36.89267803,-87.49055367,21047.0,979.2651253885127,1.4492753623188406,680,690,10,0,680,665,71671,0,0,0,0,25
2020-08-23,US,Kentucky,Clark,220,8,0,37.9689263,-84.14615986,21049.0,606.6789840884649,3.636363636363636,212,220,8,0,212,220,36249,0,0,0,0,0
2020-08-23,US,Kentucky,Clay,196,6,0,37.16451126,-83.712575,21051.0,984.8751319029193,3.0612244897959178,190,196,6,0,190,195,20105,0,0,0,0,1
2020-08-23,US,Kentucky,Clinton,59,1,0,36.72581156,-85.13377529,21053.0,577.4124094734782,1.6949152542372878,58,59,1,0,58,56,10206,0,0,0,0,3
2020-08-23,US,Kentucky,Crittenden,38,1,0,37.35839237,-88.08826090000002,21055.0,431.5239609357257,2.631578947368421,37,38,1,0,37,38,8915,0,0,0,0,0
2020-08-23,US,Kentucky,Cumberland,75,0,0,36.78926125,-85.39050034,21057.0,1133.9582703356516,0.0,75,75,0,0,75,73,6659,0,0,0,0,2
2020-08-23,US,Kentucky,Daviess,876,10,0,37.73028906,-87.09019479999998,21059.0,862.9606643614978,1.1415525114155252,866,876,10,0,866,861,101104,0,0,0,0,15
2020-08-23,US,Kentucky,Edmonson,116,12,0,37.21218923,-86.23955613,21061.0,954.7325102880659,10.344827586206897,104,116,12,0,104,115,12274,0,0,0,0,1
2020-08-23,US,Kentucky,Elliott,19,0,0,38.11624059,-83.09771563,21063.0,252.76040973792732,0.0,19,19,0,0,19,19,7508,0,0,0,0,0
2020-08-23,US,Kentucky,Estill,28,0,0,37.69241417,-83.95956369,21065.0,198.49709343541755,0.0,28,28,0,0,28,28,14198,0,0,0,0,0
2020-08-23,US,Kentucky,Fayette,3662,52,0,38.0368225,-84.45576892,21067.0,1133.2128533940684,1.4199890770071,3610,3662,52,0,3610,3599,323780,0,0,0,0,63
2020-08-23,US,Kentucky,Fleming,65,0,0,38.36758311,-83.69657514,21069.0,445.7856114121117,0.0,65,65,0,0,65,64,14432,0,0,0,0,1
2020-08-23,US,Kentucky,Floyd,132,2,0,37.56213922,-82.74750924,21071.0,370.90112113293435,1.5151515151515151,130,132,2,0,130,129,35845,0,0,0,0,3
2020-08-23,US,Kentucky,Franklin,428,11,0,38.2379395,-84.87962551,21073.0,839.3638092996804,2.5700934579439254,417,428,11,0,417,416,50815,0,0,0,0,12
2020-08-23,US,Kentucky,Fulton,109,2,0,36.55238827,-89.20140068,21075.0,1826.1015245434744,1.834862385321101,107,109,2,0,107,109,6120,0,0,0,0,0
2020-08-23,US,Kentucky,Gallatin,87,8,0,38.75398691,-84.8558382,21077.0,980.9448641334986,9.195402298850574,79,87,8,0,79,85,8832,0,0,0,0,2
2020-08-23,US,Kentucky,Garrard,99,2,0,37.638866799999995,-84.53289319,21079.0,560.3985056039851,2.0202020202020203,97,99,2,0,97,99,17560,0,0,0,0,0
2020-08-23,US,Kentucky,Grant,132,6,0,38.64962758,-84.62415957,21081.0,526.5467310223784,4.545454545454546,126,132,6,0,126,130,25121,0,0,0,0,2
2020-08-23,US,Kentucky,Graves,614,28,0,36.72292505,-88.65143315,21083.0,1647.6144474856437,4.5602605863192185,586,614,28,0,586,606,37317,0,0,0,0,8
2020-08-23,US,Kentucky,Grayson,237,11,0,37.46231118,-86.34248968,21085.0,896.8100805993871,4.641350210970463,226,237,11,0,226,233,26321,0,0,0,0,4
2020-08-23,US,Kentucky,Green,95,3,0,37.26484328,-85.5540745,21087.0,868.2935746275477,3.1578947368421053,92,95,3,0,92,92,11049,0,0,0,0,3
2020-08-23,US,Kentucky,Greenup,166,1,0,38.54332505,-82.9215658,21089.0,472.9614223032651,0.6024096385542169,165,166,1,0,165,160,35268,0,0,0,0,6
2020-08-23,US,Kentucky,Hancock,55,0,0,37.83766422,-86.78280584,21091.0,630.5893143774364,0.0,55,55,0,0,55,55,8758,0,0,0,0,0
2020-08-23,US,Kentucky,Hardin,833,8,0,37.6976111,-85.96319251,21093.0,750.7345121577533,0.9603841536614646,825,833,8,0,825,810,110356,0,0,0,0,23
2020-08-23,US,Kentucky,Harlan,264,5,0,36.85699301,-83.21899516,21095.0,1014.9942329873128,1.893939393939394,259,264,5,0,259,265,26409,0,0,0,0,-1
2020-08-23,US,Kentucky,Harrison,139,0,0,38.44188174,-84.32869741,21097.0,735.9949168696388,0.0,139,139,0,0,139,138,18778,0,0,0,0,1
2020-08-23,US,Kentucky,Hart,118,1,0,37.29943898,-85.88461055,21099.0,619.9106908326768,0.8474576271186439,117,118,1,0,117,117,18906,0,0,0,0,1
2020-08-23,US,Kentucky,Henderson,406,3,0,37.79344553,-87.57392021,21101.0,898.031408980314,0.7389162561576355,403,406,3,0,403,399,45591,0,0,0,0,7
2020-08-23,US,Kentucky,Henry,155,2,0,38.44942688,-85.11587507,21103.0,961.1807019719708,1.2903225806451613,153,155,2,0,153,152,16106,0,0,0,0,3
2020-08-23,US,Kentucky,Hickman,63,0,0,36.67948079999999,-88.97875928,21105.0,1438.3561643835615,0.0,63,63,0,0,63,63,4421,0,0,0,0,0
2020-08-23,US,Kentucky,Hopkins,472,36,0,37.30939025,-87.54670406,21107.0,1056.2592310790849,7.627118644067798,436,472,36,0,436,468,45068,0,0,0,0,4
2020-08-23,US,Kentucky,Jackson,172,15,0,37.41866422,-83.99825483,21109.0,1290.4193863005478,8.720930232558139,157,172,15,0,157,167,13442,0,0,0,0,5
2020-08-23,US,Kentucky,Jefferson,10490,258,0,38.18664655,-85.65931031,21111.0,1368.0996717343305,2.459485224022879,10232,10490,258,0,10232,10249,770517,0,0,0,0,241
2020-08-23,US,Kentucky,Jessamine,411,0,0,37.87119786,-84.58252003,21113.0,759.4936708860761,0.0,411,411,0,0,411,404,53920,0,0,0,0,7
2020-08-23,US,Kentucky,Johnson,101,0,0,37.85106355,-82.8264322,21115.0,455.2010095547143,0.0,101,101,0,0,101,100,22386,0,0,0,0,1
2020-08-23,US,Kentucky,Kenton,1616,41,0,38.93950319,-84.53241199,21117.0,967.6762595959233,2.5371287128712874,1575,1616,41,0,1575,1599,166051,0,0,0,0,17
2020-08-23,US,Kentucky,Knott,87,1,0,37.35388197,-82.94981134,21119.0,587.5996217749563,1.1494252873563218,86,87,1,0,86,83,15126,0,0,0,0,4
2020-08-23,US,Kentucky,Knox,306,8,0,36.89225732,-83.85403396,21121.0,982.5012040455932,2.6143790849673203,298,306,8,0,298,305,31304,0,0,0,0,1
2020-08-23,US,Kentucky,Larue,76,1,0,37.54567114,-85.70138352,21123.0,527.8510904292261,1.3157894736842106,75,76,1,0,75,76,14307,0,0,0,0,0
2020-08-23,US,Kentucky,Laurel,511,5,0,37.10975748,-84.11321779,21125.0,840.280861000115,0.9784735812133072,506,511,5,0,506,508,60669,0,0,0,0,3
2020-08-23,US,Kentucky,Lawrence,40,0,0,38.07136018,-82.72882223,21127.0,261.1477443363583,0.0,40,40,0,0,40,39,15571,0,0,0,0,1
2020-08-23,US,Kentucky,Lee,11,0,0,37.59645942,-83.71513901,21129.0,148.5884101040119,0.0,11,11,0,0,11,8,7033,0,0,0,0,3
2020-08-23,US,Kentucky,Leslie,38,0,0,37.09246661,-83.37999606,21131.0,384.73220613546624,0.0,38,38,0,0,38,37,10143,0,0,0,0,1
2020-08-23,US,Kentucky,Letcher,66,2,0,37.12306748,-82.85346474,21133.0,306.2218716651974,3.0303030303030303,64,66,2,0,64,66,21899,0,0,0,0,0
2020-08-23,US,Kentucky,Lewis,116,4,0,38.53184419,-83.37735618,21135.0,873.8229755178908,3.4482758620689653,112,116,4,0,112,97,13257,0,0,0,0,19
2020-08-23,US,Kentucky,Lincoln,130,2,0,37.45475628,-84.6565327,21137.0,529.5531386207177,1.5384615384615383,128,130,2,0,128,130,24644,0,0,0,0,0
2020-08-23,US,Kentucky,Livingston,39,1,0,37.21137452,-88.34797529,21139.0,424.1896889275615,2.5641025641025643,38,39,1,0,38,38,9242,0,0,0,0,1
2020-08-23,US,Kentucky,Logan,377,25,0,36.85949479,-86.877635,21141.0,1391.0412515681494,6.631299734748009,352,377,25,0,352,369,26989,0,0,0,0,8
2020-08-23,US,Kentucky,Lyon,34,4,0,37.02080035,-88.07886257,21143.0,414.12911084043856,11.764705882352944,30,34,4,0,30,34,8009,0,0,0,0,0
2020-08-23,US,Kentucky,Madison,757,2,0,37.71659336,-84.27220275,21151.0,814.0922924709904,0.26420079260237783,755,757,2,0,755,716,92368,0,0,0,0,41
2020-08-23,US,Kentucky,Magoffin,60,0,0,37.70820545,-83.0657714,21153.0,493.3804785790642,0.0,60,60,0,0,60,60,12362,0,0,0,0,0
2020-08-23,US,Kentucky,Marion,155,1,0,37.55218078,-85.26898542,21155.0,804.2339023504385,0.6451612903225806,154,155,1,0,154,164,19404,0,0,0,0,-9
2020-08-23,US,Kentucky,Marshall,174,2,0,36.88007070000001,-88.32803576,21157.0,559.4855305466236,1.1494252873563218,172,174,2,0,172,173,31191,0,0,0,0,1
2020-08-23,US,Kentucky,Martin,49,0,0,37.79990579,-82.51247478,21159.0,437.69539973202325,0.0,49,49,0,0,49,46,11323,0,0,0,0,3
2020-08-23,US,Kentucky,Mason,71,2,0,38.59471935,-83.82151043,21161.0,415.9343878148798,2.8169014084507036,69,71,2,0,69,69,17150,0,0,0,0,2
2020-08-23,US,Kentucky,McCracken,453,5,0,37.05350953,-88.70445755,21145.0,692.4699623956709,1.1037527593818983,448,453,5,0,448,445,65346,0,0,0,0,8
2020-08-23,US,Kentucky,McCreary,59,0,0,36.73874143,-84.48102924,21147.0,342.40612848935064,0.0,59,59,0,0,59,57,17408,0,0,0,0,2
2020-08-23,US,Kentucky,McLean,50,1,0,37.5301951,-87.26803443,21149.0,543.0650591940913,2.0,49,50,1,0,49,49,9252,0,0,0,0,1
2020-08-23,US,Kentucky,Meade,117,3,0,37.96163597,-86.21028219,21163.0,409.49181016379686,2.5641025641025643,114,117,3,0,114,113,28715,0,0,0,0,4
2020-08-23,US,Kentucky,Menifee,28,0,0,37.94090733,-83.59985712,21165.0,431.4994606256742,0.0,28,28,0,0,28,28,6451,0,0,0,0,0
2020-08-23,US,Kentucky,Mercer,105,1,0,37.81474237,-84.87488475,21167.0,478.7306797975653,0.9523809523809524,104,105,1,0,104,105,21774,0,0,0,0,0
2020-08-23,US,Kentucky,Metcalfe,77,2,0,36.99459295,-85.63123699,21169.0,764.5715420514348,2.5974025974025974,75,77,2,0,75,76,10030,0,0,0,0,1
2020-08-23,US,Kentucky,Monroe,111,2,0,36.71225341,-85.71596443,21171.0,1042.2535211267605,1.8018018018018016,109,111,2,0,109,110,10718,0,0,0,0,1
2020-08-23,US,Kentucky,Montgomery,170,1,0,38.03253032,-83.9145241,21173.0,603.7575025748482,0.5882352941176471,169,170,1,0,169,170,28203,0,0,0,0,0
2020-08-23,US,Kentucky,Morgan,40,0,0,37.92465657,-83.25558245,21175.0,300.5485010143512,0.0,40,40,0,0,40,40,13345,0,0,0,0,0
2020-08-23,US,Kentucky,Muhlenberg,647,11,0,37.21425819,-87.14632053,21177.0,2112.860035268761,1.7001545595054095,636,647,11,0,636,644,30774,0,0,0,0,3
2020-08-23,US,Kentucky,Nelson,312,2,0,37.80335779,-85.4657193,21179.0,674.8426448640581,0.6410256410256411,310,312,2,0,310,305,45851,0,0,0,0,7
2020-08-23,US,Kentucky,Nicholas,22,1,0,38.33342292,-84.01889177,21181.0,302.65511074425643,4.545454545454546,21,22,1,0,21,21,7166,0,0,0,0,1
2020-08-23,US,Kentucky,Ohio,372,9,0,37.47751843,-86.85368087,21183.0,1550.387596899225,2.419354838709677,363,372,9,0,363,370,24087,0,0,0,0,2
2020-08-23,US,Kentucky,Oldham,743,21,0,38.39791089,-85.448222,21185.0,1112.2921001811405,2.826379542395693,722,743,21,0,722,733,66470,0,0,0,0,10
2020-08-23,US,Kentucky,Owen,74,0,0,38.51679143,-84.82404619,21187.0,678.8368039629391,0.0,74,74,0,0,74,71,10880,0,0,0,0,3
2020-08-23,US,Kentucky,Owsley,25,0,0,37.42823949,-83.68811419,21189.0,566.2514156285391,0.0,25,25,0,0,25,25,4472,0,0,0,0,0
2020-08-23,US,Kentucky,Pendleton,58,0,0,38.69607718,-84.35599463,21191.0,397.5325565455792,0.0,58,58,0,0,58,55,14529,0,0,0,0,3
2020-08-23,US,Kentucky,Perry,268,7,0,37.25023553,-83.22922731,21193.0,1040.4534513549188,2.611940298507463,261,268,7,0,261,263,26092,0,0,0,0,5
2020-08-23,US,Kentucky,Pike,298,3,0,37.47088263,-82.39487445,21195.0,514.8939111203263,1.0067114093959733,295,298,3,0,295,288,58402,0,0,0,0,10
2020-08-23,US,Kentucky,Powell,70,0,0,37.83218794,-83.82553961,21197.0,566.3888664131402,0.0,70,70,0,0,70,70,12442,0,0,0,0,0
2020-08-23,US,Kentucky,Pulaski,437,6,0,37.10466131,-84.57629079,21199.0,672.5249696055647,1.3729977116704806,431,437,6,0,431,426,64623,0,0,0,0,11
2020-08-23,US,Kentucky,Robertson,3,0,0,38.51923469,-84.05055616,21201.0,142.31499051233396,0.0,3,3,0,0,3,3,2135,0,0,0,0,0
2020-08-23,US,Kentucky,Rockcastle,107,0,0,37.36642393,-84.31176452,21203.0,640.9104522312069,0.0,107,107,0,0,107,107,16750,0,0,0,0,0
2020-08-23,US,Kentucky,Rowan,89,0,0,38.19484205,-83.42088935,21205.0,363.8593622240392,0.0,89,89,0,0,89,89,24583,0,0,0,0,0
2020-08-23,US,Kentucky,Russell,150,5,0,36.99308373,-85.06070117,21207.0,836.9134631479103,3.333333333333333,145,150,5,0,145,148,17821,0,0,0,0,2
2020-08-23,US,Kentucky,Scott,498,1,0,38.29622293,-84.5816631,21209.0,873.6229036558838,0.2008032128514056,497,498,1,0,497,488,56031,0,0,0,0,10
2020-08-23,US,Kentucky,Shelby,866,22,0,38.21476019,-85.194223,21211.0,1766.4817232375979,2.540415704387991,844,866,22,0,844,854,48518,0,0,0,0,12
2020-08-23,US,Kentucky,Simpson,188,7,0,36.74058474,-86.58047435,21213.0,1012.2765453370663,3.723404255319149,181,188,7,0,181,185,18529,0,0,0,0,3
2020-08-23,US,Kentucky,Spencer,152,0,0,38.03223971,-85.32749335,21215.0,785.4891220091985,0.0,152,152,0,0,152,149,18794,0,0,0,0,3
2020-08-23,US,Kentucky,Taylor,176,4,0,37.3677562,-85.3329931,21217.0,682.9911909658892,2.272727272727273,172,176,4,0,172,173,25549,0,0,0,0,3
2020-08-23,US,Kentucky,Todd,45,0,0,36.8381152,-87.17878374,21219.0,366.03221083455344,0.0,45,45,0,0,45,43,12311,0,0,0,0,2
2020-08-23,US,Kentucky,Trigg,63,0,0,36.80767017,-87.87333656,21221.0,430.0047778308648,0.0,63,63,0,0,63,63,14643,0,0,0,0,0
2020-08-23,US,Kentucky,Trimble,39,0,0,38.61056487,-85.33775972,21223.0,460.3942863888561,0.0,39,39,0,0,39,38,8515,0,0,0,0,1
2020-08-23,US,Kentucky,Union,79,0,0,37.66166713,-87.94300009,21225.0,549.3359293512274,0.0,79,79,0,0,79,77,14505,0,0,0,0,2
2020-08-23,US,Kentucky,Warren,2969,24,0,36.99903045,-86.42672751,21227.0,2234.077775102336,0.8083529808016167,2945,2969,24,0,2945,2918,131264,0,0,0,0,51
2020-08-23,US,Kentucky,Washington,115,1,0,37.75599461,-85.17407732,21229.0,950.806118230674,0.8695652173913043,114,115,1,0,114,113,12084,0,0,0,0,2
2020-08-23,US,Kentucky,Wayne,83,0,0,36.80310688,-84.8251971,21231.0,408.2034131707077,0.0,83,83,0,0,83,82,20468,0,0,0,0,1
2020-08-23,US,Kentucky,Webster,96,1,0,37.52168356,-87.67989953,21233.0,741.7709782104776,1.0416666666666667,95,96,1,0,95,96,13111,0,0,0,0,0
2020-08-23,US,Kentucky,Whitley,173,1,0,36.75700531,-84.14541217,21235.0,477.0571365541584,0.5780346820809249,172,173,1,0,172,173,36242,0,0,0,0,0
2020-08-23,US,Kentucky,Wolfe,26,0,0,37.73941626,-83.49303612,21237.0,363.2807042056729,0.0,26,26,0,0,26,23,7177,0,0,0,0,3
2020-08-23,US,Kentucky,Woodford,196,0,0,38.04178222,-84.7417556,21239.0,733.1487992818135,0.0,196,196,0,0,196,189,26533,0,0,0,0,7
2020-08-23,US,Louisiana,Acadia,2743,92,0,30.295064899999996,-92.41419698,22001.0,4420.984769119188,3.3539919795843964,2651,2735,92,0,2643,2735,62190,8,0,0,8,0
2020-08-23,US,Louisiana,Allen,1409,37,0,30.65385745,-92.82442028,22003.0,5498.107464783237,2.6259758694109303,1372,1402,36,0,1366,1402,25605,7,1,0,6,0
2020-08-23,US,Louisiana,Ascension,3218,87,0,30.20406249,-90.91328409999998,22005.0,2541.78382989479,2.703542573026725,3131,3175,85,0,3090,3175,124672,43,2,0,41,0
2020-08-23,US,Louisiana,Assumption,631,21,0,29.89946234,-91.06461642,22007.0,2882.463112694715,3.328050713153724,610,628,20,0,608,628,22300,3,1,0,2,0
2020-08-23,US,Louisiana,Avoyelles,1211,42,0,31.07796211,-92.00079449,22009.0,3016.6400956556395,3.4682080924855487,1169,1196,40,0,1156,1196,40462,15,2,0,13,0
2020-08-23,US,Louisiana,Beauregard,938,29,0,30.64836518,-93.34173616,22011.0,2501.533456009814,3.0916844349680175,909,928,28,0,900,928,37253,10,1,0,9,0
2020-08-23,US,Louisiana,Bienville,403,30,0,32.34569994,-93.05398492,22013.0,3043.5767691261985,7.444168734491315,373,401,30,0,371,401,13308,2,0,0,2,0
2020-08-23,US,Louisiana,Bossier,2549,90,0,32.67932307,-93.60460152,22015.0,2006.4704539550848,3.5307963907414672,2459,2520,87,0,2433,2520,127185,29,3,0,26,0
2020-08-23,US,Louisiana,Caddo,7156,310,0,32.57991587,-93.88375652,22017.0,2979.134402424606,4.332029066517608,6846,7112,306,0,6806,7112,242922,44,4,0,40,0
2020-08-23,US,Louisiana,Calcasieu,7277,178,0,30.22931235,-93.35400434,22019.0,3577.046343813288,2.446062938023911,7099,7235,166,0,7069,7235,203112,42,12,0,30,0
2020-08-23,US,Louisiana,Caldwell,264,3,0,32.0902519,-92.11752148,22021.0,2661.826981246219,1.1363636363636365,261,263,3,0,260,263,9960,1,0,0,1,0
2020-08-23,US,Louisiana,Cameron,174,1,0,29.87592238,-93.19310676,22023.0,2495.339165352072,0.5747126436781609,173,174,1,0,173,174,6968,0,0,0,0,0
2020-08-23,US,Louisiana,Catahoula,346,6,0,31.66778967,-91.84526385,22025.0,3644.4069938908783,1.7341040462427746,340,338,6,0,332,338,9608,8,0,0,8,0
2020-08-23,US,Louisiana,Claiborne,327,12,0,32.82308512,-92.99526883,22027.0,2086.7900446713465,3.669724770642202,315,320,12,0,308,320,15944,7,0,0,7,0
2020-08-23,US,Louisiana,Concordia,402,9,0,31.44817835,-91.63814433,22029.0,2087.3357910587256,2.238805970149253,393,393,9,0,384,393,19572,9,0,0,9,0
2020-08-23,US,Louisiana,De Soto,802,30,0,32.05457447,-93.74130302,22031.0,2920.2927575283106,3.740648379052369,772,802,30,0,772,802,27436,0,0,0,0,0
2020-08-23,US,Louisiana,East Baton Rouge,13350,401,0,30.53842039,-91.09777565,22033.0,3033.6841196294126,3.00374531835206,12949,13226,395,0,12831,13226,440956,124,6,0,118,0
2020-08-23,US,Louisiana,East Carroll,529,2,0,32.73926954,-91.23425694,22035.0,7710.246319778458,0.3780718336483932,527,527,2,0,525,527,7037,2,0,0,2,0
2020-08-23,US,Louisiana,East Feliciana,721,43,0,30.84425359,-91.04976723,22037.0,3767.964463025869,5.963938973647712,678,708,43,0,665,708,19305,13,0,0,13,0
2020-08-23,US,Louisiana,Evangeline,1004,22,0,30.72985248,-92.39915924,22039.0,3006.4380895343616,2.191235059760956,982,995,20,0,975,995,33443,9,2,0,7,0
2020-08-23,US,Louisiana,Franklin,1042,25,0,32.13675181,-91.67589857,22041.0,5206.095428428678,2.399232245681382,1017,1024,24,0,1000,1024,20156,18,1,0,17,0
2020-08-23,US,Louisiana,Grant,377,25,0,31.59882456,-92.56124347,22043.0,1683.862611103667,6.631299734748009,352,374,25,0,349,374,22482,3,0,0,3,0
2020-08-23,US,Louisiana,Iberia,2661,81,0,29.86803617,-91.75871777,22045.0,3810.6830874982093,3.0439684329199554,2580,2648,81,0,2567,2648,70941,13,0,0,13,0
2020-08-23,US,Louisiana,Iberville,1325,52,0,30.25734305,-91.3499598,22047.0,4075.5436621451204,3.924528301886793,1273,1318,52,0,1266,1318,32721,7,0,0,7,0
2020-08-23,US,Louisiana,Jackson,416,19,0,32.30251776,-92.55692092,22049.0,2642.276422764228,4.5673076923076925,397,409,20,0,389,409,15902,7,-1,0,8,0
2020-08-23,US,Louisiana,Jefferson,16131,537,0,29.74075478,-90.11115756,22051.0,3729.771348900445,3.3289938627487445,15594,16006,537,0,15469,16006,434051,125,0,0,125,0
2020-08-23,US,Louisiana,Jefferson Davis,1116,33,0,30.26896765,-92.81210004,22053.0,3557.765876052028,2.956989247311828,1083,1111,32,0,1079,1111,31582,5,1,0,4,0
2020-08-23,US,Louisiana,LaSalle,378,5,0,31.67884782,-92.15907765,22059.0,2538.275584206285,1.3227513227513228,373,363,4,0,359,363,14917,15,1,0,14,0
2020-08-23,US,Louisiana,Lafayette,8148,106,0,30.2049055,-92.06959876,22055.0,3334.0153034084865,1.3009327442317131,8042,8103,103,0,8000,8103,242782,45,3,0,42,0
2020-08-23,US,Louisiana,Lafourche,3101,107,0,29.52470226,-90.40976986,22057.0,3176.79841006413,3.4504998387616896,2994,3073,107,0,2966,3073,98115,28,0,0,28,0
2020-08-23,US,Louisiana,Lincoln,881,39,0,32.6003154,-92.66597409999999,22061.0,1884.8145137135766,4.426787741203178,842,867,38,0,829,867,47196,14,1,0,13,0
2020-08-23,US,Louisiana,Livingston,3266,62,0,30.44143993,-90.73061664,22063.0,2319.7835058136648,1.8983466013472137,3204,3236,60,0,3176,3236,139567,30,2,0,28,0
2020-08-23,US,Louisiana,Madison,655,6,0,32.36918118,-91.23973355,22065.0,5981.188932517578,0.916030534351145,649,650,6,0,644,650,11161,5,0,0,5,0
2020-08-23,US,Louisiana,Morehouse,570,15,0,32.81686191,-91.80421614,22067.0,2291.5494090214684,2.631578947368421,555,563,15,0,548,563,25398,7,0,0,7,0
2020-08-23,US,Louisiana,Natchitoches,889,21,0,31.72321584,-93.09816516,22069.0,2329.786676450548,2.3622047244094486,868,874,20,0,854,874,38659,15,1,0,14,0
2020-08-23,US,Louisiana,Orleans,11191,570,0,30.06971951,-89.92660315,22071.0,2868.428067585302,5.093378607809846,10621,11134,569,0,10565,11134,391006,57,1,0,56,0
2020-08-23,US,Louisiana,Ouachita,5372,123,0,32.47645559,-92.15704172,22073.0,3504.720150836057,2.289650037230082,5249,5308,122,0,5186,5308,154475,64,1,0,63,0
2020-08-23,US,Louisiana,Plaquemines,489,19,0,29.42245447,-89.60322085,22075.0,2108.031210932448,3.8854805725971366,470,481,19,0,462,481,23410,8,0,0,8,0
2020-08-23,US,Louisiana,Pointe Coupee,888,36,0,30.71409502,-91.60209535,22077.0,4086.516336861481,4.0540540540540535,852,874,36,0,838,874,21940,14,0,0,14,0
2020-08-23,US,Louisiana,Rapides,3682,131,0,31.19778499,-92.52997303,22079.0,2839.9975317783533,3.5578489951113523,3551,3642,130,0,3512,3642,130562,40,1,0,39,0
2020-08-23,US,Louisiana,Red River,300,19,0,32.09530039,-93.34213308,22081.0,3553.6602700781805,6.333333333333332,281,298,19,0,279,298,8477,2,0,0,2,0
2020-08-23,US,Louisiana,Richland,664,8,0,32.41391005,-91.76634876,22083.0,3299.8707881920286,1.2048192771084338,656,657,8,0,649,657,20192,7,0,0,7,0
2020-08-23,US,Louisiana,Sabine,711,13,0,31.56388699,-93.55433981,22085.0,2976.888293418188,1.8284106891701828,698,709,13,0,696,709,24032,2,0,0,2,0
2020-08-23,US,Louisiana,St. Bernard,1191,25,0,29.87761636,-89.51887093,22087.0,2520.9550419100838,2.0990764063811924,1166,1169,24,0,1145,1169,46721,22,1,0,21,0
2020-08-23,US,Louisiana,St. Charles,1580,54,0,29.90709658,-90.35555967,22089.0,2975.5178907721283,3.4177215189873418,1526,1568,54,0,1514,1568,52879,12,0,0,12,0
2020-08-23,US,Louisiana,St. Helena,305,2,0,30.82210324,-90.71013176,22091.0,3010.264508487959,0.6557377049180327,303,303,2,0,301,303,10262,2,0,0,2,0
2020-08-23,US,Louisiana,St. James,747,34,0,30.02531716,-90.80212061,22093.0,3540.9556313993176,4.551539491298527,713,745,33,0,712,745,21037,2,1,0,1,0
2020-08-23,US,Louisiana,St. John the Baptist,1487,94,0,30.12597499,-90.4753503,22095.0,3471.2981768097675,6.321452589105582,1393,1484,94,0,1390,1484,43184,3,0,0,3,0
2020-08-23,US,Louisiana,St. Landry,3000,107,0,30.59724262,-92.00135806,22097.0,3653.012517656227,3.566666666666667,2893,2976,105,0,2871,2976,82764,24,2,0,22,0
2020-08-23,US,Louisiana,St. Martin,1836,51,0,30.13112107,-91.61403569,22099.0,3436.207445116131,2.7777777777777777,1785,1827,50,0,1777,1827,53621,9,1,0,8,0
2020-08-23,US,Louisiana,St. Mary,1720,65,0,29.69262097,-91.44702164,22101.0,3485.450271540893,3.779069767441861,1655,1711,65,0,1646,1711,49774,9,0,0,9,0
2020-08-23,US,Louisiana,St. Tammany,5815,226,0,30.40942847,-89.95642711,22103.0,2232.939992857664,3.8865004299226134,5589,5760,226,0,5534,5760,258111,55,0,0,55,0
2020-08-23,US,Louisiana,Tangipahoa,3934,88,0,30.62888673,-90.40664996,22105.0,2919.307202540851,2.236908998474835,3846,3899,88,0,3811,3899,133777,35,0,0,35,0
2020-08-23,US,Louisiana,Tensas,127,1,0,32.00760749,-91.32915234,22107.0,2930.318412551915,0.7874015748031497,126,124,1,0,123,124,4462,3,0,0,3,0
2020-08-23,US,Louisiana,Terrebonne,3315,94,0,29.37343766,-90.82626855,22109.0,3001.059197363776,2.8355957767722475,3221,3285,93,0,3192,3285,111021,30,1,0,29,0
2020-08-23,US,Louisiana,Unassigned,250,141,0,0.0,0.0,90022.0,0.0,56.4,109,241,141,0,100,241,,9,0,0,9,0
2020-08-23,US,Louisiana,Union,783,39,0,32.83121059,-92.3749373,22111.0,3541.70436041252,4.980842911877394,744,772,36,0,736,772,22330,11,3,0,8,0
2020-08-23,US,Louisiana,Vermilion,1784,35,0,29.83517605,-92.30292538,22113.0,2997.765119053621,1.9618834080717489,1749,1768,32,0,1736,1768,59830,16,3,0,13,0
2020-08-23,US,Louisiana,Vernon,889,36,0,31.10884837,-93.18153838,22115.0,1874.3806531868688,4.049493813273341,853,869,35,0,834,869,48860,20,1,0,19,0
2020-08-23,US,Louisiana,Washington,1402,59,0,30.85288548,-90.03866652,22117.0,3035.026193877993,4.20827389443652,1343,1383,59,0,1324,1383,46582,19,0,0,19,0
2020-08-23,US,Louisiana,Webster,986,19,0,32.70847669,-93.33121835,22119.0,2571.7266562336986,1.9269776876267748,967,977,19,0,958,977,38798,9,0,0,9,0
2020-08-23,US,Louisiana,West Baton Rouge,787,38,0,30.46058217,-91.30989571,22121.0,2973.738900434537,4.828462515883102,749,771,38,0,733,771,26427,16,0,0,16,0
2020-08-23,US,Louisiana,West Carroll,320,8,0,32.78550125,-91.461201,22123.0,2954.755309325947,2.5,312,317,8,0,309,317,10982,3,0,0,3,0
2020-08-23,US,Louisiana,West Feliciana,467,18,0,30.87882871,-91.41485379999999,22125.0,2999.7430626927035,3.854389721627409,449,466,18,0,448,466,15460,1,0,0,1,0
2020-08-23,US,Louisiana,Winn,511,15,0,31.94449367,-92.63789413,22127.0,3675.2013808975844,2.9354207436399222,496,505,15,0,490,505,14134,6,0,0,6,0
2020-08-23,US,Maine,Androscoggin,591,10,0,44.1664747,-70.20380627,23001.0,545.8222891288085,1.6920473773265652,581,590,10,0,580,586,107679,1,0,0,1,4
2020-08-23,US,Maine,Aroostook,37,1,0,46.65926321,-68.59841248,23003.0,55.17858474386698,2.702702702702702,36,37,1,0,36,37,67111,0,0,0,0,0
2020-08-23,US,Maine,Cumberland,2160,70,0,43.8370751,-70.37226999,23005.0,732.1959437700633,3.2407407407407414,2090,2158,70,0,2088,2154,293557,2,0,0,2,4
2020-08-23,US,Maine,Franklin,48,1,0,44.97330019,-70.44381045,23007.0,158.94566045233285,2.083333333333333,47,47,1,0,46,47,29897,1,0,0,1,0
2020-08-23,US,Maine,Hancock,46,1,0,44.59816444,-68.38401854,23009.0,83.65613690508665,2.1739130434782608,45,45,1,0,44,44,54811,1,0,0,1,1
2020-08-23,US,Maine,Kennebec,179,11,0,44.40759555,-69.76738544,23011.0,146.35901293519322,6.145251396648044,168,179,11,0,168,176,122083,0,0,0,0,3
2020-08-23,US,Maine,Knox,28,1,0,44.11486325,-69.10529169,23013.0,70.40128733782561,3.571428571428572,27,28,1,0,27,28,39771,0,0,0,0,0
2020-08-23,US,Maine,Lincoln,35,1,0,44.05996956,-69.54227124,23015.0,101.05676502858464,2.8571428571428568,34,35,1,0,34,35,34342,0,0,0,0,0
2020-08-23,US,Maine,Oxford,59,0,0,44.49952995,-70.75682123,23017.0,101.76800344976284,0.0,59,59,0,0,59,59,57618,0,0,0,0,0
2020-08-23,US,Maine,Penobscot,215,6,0,45.40194593,-68.65020455,23019.0,141.30977732208112,2.7906976744186047,209,212,5,0,207,207,151096,3,1,0,2,5
2020-08-23,US,Maine,Piscataquis,7,0,0,45.83839062,-69.2860223,23021.0,41.70390229371464,0.0,7,7,0,0,7,7,16800,0,0,0,0,0
2020-08-23,US,Maine,Sagadahoc,59,0,0,43.95415864,-69.85074999,23023.0,164.54707719767958,0.0,59,59,0,0,59,58,35634,0,0,0,0,1
2020-08-23,US,Maine,Somerset,46,1,0,45.51229767,-69.95995554,23025.0,91.11797797321924,2.1739130434782608,45,42,1,0,41,42,50592,4,0,0,4,0
2020-08-23,US,Maine,Unassigned,1,0,0,0.0,0.0,90023.0,0.0,0.0,1,1,0,0,1,1,,0,0,0,0,0
2020-08-23,US,Maine,Waldo,69,14,0,44.4858305,-69.12061935,23027.0,173.73788241218682,20.28985507246377,55,67,14,0,53,66,39694,2,0,0,2,1
2020-08-23,US,Maine,Washington,15,0,0,45.01607142,-67.62813524,23029.0,47.802670575862855,0.0,15,15,0,0,15,15,31490,0,0,0,0,0
2020-08-23,US,Maine,York,741,14,0,43.47808377,-70.71052375,23031.0,356.8659368814445,1.889338731443995,727,737,14,0,723,724,206229,4,0,0,4,13
2020-08-23,US,Maryland,Allegany,377,20,0,39.62357628,-78.69280486,24001.0,535.3896841626903,5.3050397877984095,357,367,20,0,347,365,70975,10,0,0,10,2
2020-08-23,US,Maryland,Anne Arundel,7966,231,0,39.00670238,-76.60329337,24003.0,1375.2645735574915,2.899824253075572,7735,7922,230,0,7692,7861,576031,44,1,0,43,61
2020-08-23,US,Maryland,Baltimore,14693,588,0,39.45784712,-76.62911955,24005.0,1775.8681122109815,4.001905669366365,14105,14585,586,0,13999,14471,828431,108,2,0,106,114
2020-08-23,US,Maryland,Baltimore City,13981,449,0,39.30211911,-76.61151012,24510.0,2355.726296988997,3.2115013232243763,13532,13897,449,0,13448,13804,621342,84,0,0,84,93
2020-08-23,US,Maryland,Calvert,761,28,0,38.53961642,-76.56820632,24009.0,822.4804106998108,3.679369250985545,733,759,28,0,731,757,92003,2,0,0,2,2
2020-08-23,US,Maryland,Caroline,478,3,0,38.87172293,-75.82904158,24011.0,1430.8806801173441,0.6276150627615062,475,477,3,0,474,472,33304,1,0,0,1,5
2020-08-23,US,Maryland,Carroll,1647,120,0,39.56453592,-77.02373735,24013.0,977.7556145256372,7.285974499089253,1527,1638,119,0,1519,1632,168429,9,1,0,8,6
2020-08-23,US,Maryland,Cecil,761,31,0,39.56647682,-75.94627411,24015.0,739.8765252053862,4.073587385019711,730,757,31,0,726,752,102826,4,0,0,4,5
2020-08-23,US,Maryland,Charles,2260,93,0,38.51092331,-76.98580666,24017.0,1384.3204273017388,4.115044247787612,2167,2250,93,0,2157,2234,161503,10,0,0,10,16
2020-08-23,US,Maryland,Dorchester,429,5,0,38.45413522,-76.02752426,24019.0,1343.6061260922672,1.1655011655011656,424,427,5,0,422,425,31998,2,0,0,2,2
2020-08-23,US,Maryland,Frederick,3344,123,0,39.47296601,-77.39999394,24021.0,1288.3986330028858,3.6782296650717705,3221,3321,123,0,3198,3309,255648,23,0,0,23,12
2020-08-23,US,Maryland,Garrett,61,0,0,39.52786077,-79.27355126,24023.0,210.24333080581792,0.0,61,61,0,0,61,61,29163,0,0,0,0,0
2020-08-23,US,Maryland,Harford,2311,69,0,39.55010644,-76.30775940000002,24025.0,904.7098938698172,2.98572046733016,2242,2285,69,0,2216,2257,253956,26,0,0,26,28
2020-08-23,US,Maryland,Howard,4214,117,0,39.25305293,-76.93126208,24027.0,1293.8684024686052,2.7764594209776936,4097,4192,117,0,4075,4178,323196,22,0,0,22,14
2020-08-23,US,Maryland,Kent,254,23,0,39.24976208,-76.04741541,24029.0,1307.7952836988984,9.05511811023622,231,254,23,0,231,255,19383,0,0,0,0,-1
2020-08-23,US,Maryland,Montgomery,19468,815,0,39.13676329,-77.20358245,24031.0,1852.8811597734052,4.1863570988288465,18653,19385,814,0,18571,19325,1052567,83,1,0,82,60
2020-08-23,US,Maryland,Prince George's,25426,778,0,38.83070039,-76.8496441,24033.0,2796.1338440407026,3.0598599858412654,24648,25343,777,0,24566,25197,909308,83,1,0,82,146
2020-08-23,US,Maryland,Queen Anne's,514,26,0,39.06198912,-76.03530977,24035.0,1020.2258788035173,5.058365758754863,488,512,26,0,486,508,50251,2,0,0,2,4
2020-08-23,US,Maryland,Somerset,176,3,0,38.1163542,-75.75118623,24039.0,687.0705808869458,1.7045454545454546,173,176,3,0,173,169,25675,0,0,0,0,7
2020-08-23,US,Maryland,St. Mary's,1080,53,0,38.30058422,-76.60629279999998,24037.0,951.4580213197077,4.907407407407407,1027,1077,52,0,1025,1075,112664,3,1,0,2,2
2020-08-23,US,Maryland,Talbot,446,4,0,38.76618159,-76.10882561,24041.0,1199.537398133455,0.8968609865470852,442,436,4,0,432,433,36968,10,0,0,10,3
2020-08-23,US,Maryland,Unassigned,0,12,0,0.0,0.0,90024.0,0.0,0.0,-12,0,13,0,-13,0,,0,-1,0,1,0
2020-08-23,US,Maryland,Washington,1234,32,0,39.60835778,-77.82002295,24043.0,816.9534389502744,2.593192868719611,1202,1207,32,0,1175,1192,150926,27,0,0,27,15
2020-08-23,US,Maryland,Wicomico,1461,46,0,38.37301947,-75.62705831,24045.0,1410.1091604011233,3.1485284052019167,1415,1442,46,0,1396,1428,103195,19,0,0,19,14
2020-08-23,US,Maryland,Worcester,760,22,0,38.21274277,-75.33200012,24047.0,1453.8220215777797,2.8947368421052637,738,753,22,0,731,739,51823,7,0,0,7,14
2020-08-23,US,Massachusetts,Barnstable,1583,164,0,41.72980578,-70.28854339,25001.0,743.2273815672098,10.360075805432725,1419,1583,164,0,1419,1584,213413,0,0,0,0,-1
2020-08-23,US,Massachusetts,Berkshire,633,46,0,42.37428441,-73.20524838,25003.0,506.62696888205915,7.2669826224328595,587,633,46,0,587,634,126348,0,0,0,0,-1
2020-08-23,US,Massachusetts,Bristol,8919,650,0,41.79228404,-71.10872211,25005.0,1577.9780155232415,7.2878125350375615,8269,8919,650,0,8269,8915,564022,0,0,0,0,4
2020-08-23,US,Massachusetts,Dukes and Nantucket,86,1,0,41.40674725,-70.68763497,0.0,299.3282517141763,1.162790697674419,85,86,1,0,85,85,26707,0,0,0,0,1
2020-08-23,US,Massachusetts,Essex,17574,1215,0,42.6687626,-70.94687179,25009.0,2227.280446723462,6.913622396722431,16359,17574,1215,0,16359,17550,790638,0,0,0,0,24
2020-08-23,US,Massachusetts,Franklin,380,61,0,42.58119713,-72.58602547,25011.0,541.4648047876889,16.05263157894737,319,380,61,0,319,380,70963,0,0,0,0,0
2020-08-23,US,Massachusetts,Hampden,7521,734,0,42.13440424,-72.63235561,25013.0,1612.6611374610825,9.759340513229622,6787,7521,734,0,6787,7517,470406,0,0,0,0,4
2020-08-23,US,Massachusetts,Hampshire,1116,133,0,42.33997957,-72.65898478,25015.0,693.9003917179631,11.917562724014337,983,1116,133,0,983,1116,161355,0,0,0,0,0
2020-08-23,US,Massachusetts,Middlesex,24698,2043,0,42.48607732,-71.39049229,25017.0,1532.4201355215832,8.271924852214754,22655,24698,2043,0,22655,24671,1614714,0,0,0,0,27
2020-08-23,US,Massachusetts,Norfolk,9342,1004,0,42.16073095,-71.20530408,25021.0,1321.7785009373565,10.747163348319418,8338,9342,1004,0,8338,9340,705388,0,0,0,0,2
2020-08-23,US,Massachusetts,Plymouth,8915,736,0,41.94070556,-70.80802823,25023.0,1710.4692614379835,8.255748738081884,8179,8915,736,0,8179,8912,518132,0,0,0,0,3
2020-08-23,US,Massachusetts,Suffolk,21588,1093,0,42.327951399999996,-71.07850442,25025.0,2685.385249786356,5.062997961830646,20495,21588,1093,0,20495,21576,807252,0,0,0,0,12
2020-08-23,US,Massachusetts,Unassigned,9809,5,0,0.0,0.0,90025.0,0.0,0.05097359567743909,9804,9809,5,0,9804,9754,,0,0,0,0,55
2020-08-23,US,Massachusetts,Worcester,13196,1036,0,42.35026951,-71.90493363,25027.0,1588.688958395034,7.850863898150956,12160,13196,1036,0,12160,13182,830839,0,0,0,0,14
2020-08-23,US,Michigan,Alcona,30,2,0,44.6846864,-83.59507875,26001.0,288.32292167227297,6.666666666666668,28,30,2,0,28,29,10362,0,0,0,0,1
2020-08-23,US,Michigan,Alger,18,0,0,46.41292944,-86.60260122,26003.0,197.6284584980237,0.0,18,18,0,0,18,18,9097,0,0,0,0,0
2020-08-23,US,Michigan,Allegan,597,6,0,42.59147037,-85.89102866,26005.0,505.58514917725967,1.0050251256281406,591,583,6,0,577,573,117327,14,0,0,14,10
2020-08-23,US,Michigan,Alpena,131,14,0,45.03477666,-83.62212411,26007.0,461.1864108431614,10.687022900763358,117,131,14,0,117,130,28360,0,0,0,0,1
2020-08-23,US,Michigan,Antrim,53,0,0,44.99690221,-85.15503082,26009.0,227.2337506431144,0.0,53,52,0,0,52,45,23365,1,0,0,1,7
2020-08-23,US,Michigan,Arenac,49,3,0,44.0636262,-83.89277559,26011.0,329.23469730565074,6.1224489795918355,46,49,3,0,46,49,15041,0,0,0,0,0
2020-08-23,US,Michigan,Baraga,8,0,0,46.6720582,-88.36363591,26013.0,97.45401388719698,0.0,8,8,0,0,8,8,8320,0,0,0,0,0
2020-08-23,US,Michigan,Barry,203,2,0,42.59513984,-85.30834519,26015.0,329.81316003249384,0.9852216748768472,201,200,2,0,198,200,61157,3,0,0,3,0
2020-08-23,US,Michigan,Bay,770,39,0,43.70639106,-83.98731479,26017.0,746.6594263328357,5.0649350649350655,731,764,39,0,725,749,103923,6,0,0,6,15
2020-08-23,US,Michigan,Benzie,40,1,0,44.63899297,-86.01608482,26019.0,225.1491613193741,2.5,39,39,1,0,38,39,17753,1,0,0,1,0
2020-08-23,US,Michigan,Berrien,1518,69,0,41.95447397,-86.41313079999998,26021.0,989.5633014126372,4.545454545454546,1449,1517,69,0,1448,1493,154141,1,0,0,1,24
2020-08-23,US,Michigan,Branch,401,3,0,41.91600556,-85.05929476,26023.0,921.47896224464,0.7481296758104738,398,399,3,0,396,395,43622,2,0,0,2,4
2020-08-23,US,Michigan,Calhoun,878,43,0,42.24633834,-85.00493569,26025.0,654.4473348787633,4.89749430523918,835,873,43,0,830,864,134487,5,0,0,5,9
2020-08-23,US,Michigan,Cass,384,15,0,41.91522292,-85.99405727,26027.0,741.4988317531427,3.90625,369,381,15,0,366,372,51653,3,0,0,3,9
2020-08-23,US,Michigan,Charlevoix,63,2,0,45.37790017,-85.19614053,26029.0,240.98228971426383,3.1746031746031744,61,63,2,0,61,58,26244,0,0,0,0,5
2020-08-23,US,Michigan,Cheboygan,62,2,0,45.44787015,-84.50122149,26031.0,245.2919765785726,3.2258064516129035,60,63,2,0,61,58,25413,-1,0,0,-1,5
2020-08-23,US,Michigan,Chippewa,48,0,0,46.29552653,-84.54353449,26033.0,128.51749712174356,0.0,48,48,0,0,48,47,37517,0,0,0,0,1
2020-08-23,US,Michigan,Clare,93,3,0,43.98794227,-84.84819859999998,26035.0,300.48465266558964,3.2258064516129035,90,93,3,0,90,90,30757,0,0,0,0,3
2020-08-23,US,Michigan,Clinton,452,13,0,42.94400871,-84.60145248,26037.0,567.8748665117156,2.8761061946902653,439,447,13,0,434,442,79332,5,0,0,5,5
2020-08-23,US,Michigan,Crawford,112,5,0,44.68255561,-84.61006219,26039.0,798.3462827001213,4.464285714285714,107,112,5,0,107,111,13901,0,0,0,0,1
2020-08-23,US,Michigan,Delta,135,3,0,45.90484910000001,-86.9080745,26041.0,377.2635814889337,2.2222222222222223,132,131,3,0,128,121,35857,4,0,0,4,10
2020-08-23,US,Michigan,Dickinson,61,2,0,46.00999672,-87.86961634,26043.0,241.68944886881408,3.278688524590164,59,61,2,0,59,60,25383,0,0,0,0,1
2020-08-23,US,Michigan,Eaton,490,8,0,42.59599185,-84.83740035,26045.0,444.3718939311496,1.6326530612244898,482,488,8,0,480,479,109826,2,0,0,2,9
2020-08-23,US,Michigan,Emmet,103,2,0,45.52625509,-84.89083249,26047.0,308.24480023941345,1.9417475728155342,101,100,2,0,98,91,33308,3,0,0,3,9
2020-08-23,US,Michigan,Federal Correctional Institution (FCI),195,5,0,0.0,0.0,0.0,0.0,2.5641025641025643,190,195,5,0,190,195,,0,0,0,0,0
2020-08-23,US,Michigan,Genesee,3854,302,0,43.02244215,-83.70589709,26049.0,949.6985064549436,7.83601453035807,3552,3842,302,0,3540,3814,406892,12,0,0,12,28
2020-08-23,US,Michigan,Gladwin,74,2,0,43.98901072,-84.38774817,26051.0,290.77763369877016,2.702702702702702,72,73,2,0,71,72,25337,1,0,0,1,1
2020-08-23,US,Michigan,Gogebic,143,1,0,46.40862701,-89.69377193,26053.0,1023.2558139534883,0.6993006993006993,142,141,1,0,140,137,15096,2,0,0,2,4
2020-08-23,US,Michigan,Grand Traverse,280,5,0,44.69565625,-85.55585247,26055.0,300.79064970780337,1.7857142857142858,275,276,5,0,271,255,92573,4,0,0,4,21
2020-08-23,US,Michigan,Gratiot,173,15,0,43.29265605,-84.60505416,26057.0,424.94657463584775,8.670520231213873,158,171,15,0,156,168,40599,2,0,0,2,3
2020-08-23,US,Michigan,Hillsdale,290,25,0,41.88753639,-84.59312019,26059.0,635.8951869312575,8.620689655172415,265,288,25,0,263,284,45749,2,0,0,2,4
2020-08-23,US,Michigan,Houghton,58,0,0,46.89988536,-88.68495385,26061.0,162.5378320816052,0.0,58,57,0,0,57,57,36219,1,0,0,1,0
2020-08-23,US,Michigan,Huron,193,4,0,43.83353985,-83.04078453,26063.0,622.9624608631096,2.0725388601036268,189,189,4,0,185,182,31166,4,0,0,4,7
2020-08-23,US,Michigan,Ingham,1691,36,0,42.59716886,-84.37472069,26065.0,578.3055067269481,2.1289178001182734,1655,1679,36,0,1643,1661,292735,12,0,0,12,18
2020-08-23,US,Michigan,Ionia,283,7,0,42.94502238,-85.07413319,26067.0,437.42368270553504,2.4734982332155475,276,281,7,0,274,281,64210,2,0,0,2,0
2020-08-23,US,Michigan,Iosco,140,12,0,44.35486835,-83.63484895,26069.0,557.1695785410117,8.571428571428571,128,140,12,0,128,138,25081,0,0,0,0,2
2020-08-23,US,Michigan,Iron,25,1,0,46.20974132,-88.53136251,26071.0,225.9172239291524,4.0,24,25,1,0,24,23,11117,0,0,0,0,2
2020-08-23,US,Michigan,Isabella,324,9,0,43.64060976,-84.84664923,26073.0,463.7050606823906,2.7777777777777777,315,298,9,0,289,246,70562,26,0,0,26,52
2020-08-23,US,Michigan,Jackson,771,37,0,42.24807035,-84.42258681,26075.0,486.4046432401741,4.7989623865110245,734,769,36,0,733,751,158823,2,1,0,1,18
2020-08-23,US,Michigan,Kalamazoo,1828,86,0,42.24542231,-85.53038622,26077.0,689.6395614677098,4.704595185995624,1742,1809,86,0,1723,1784,264870,19,0,0,19,25
2020-08-23,US,Michigan,Kalkaska,61,4,0,44.68512729,-85.09085699,26079.0,338.1749639649628,6.557377049180328,57,59,4,0,55,58,17824,2,0,0,2,1
2020-08-23,US,Michigan,Kent,8049,160,0,43.03197711,-85.54934642,26081.0,1225.1980729273696,1.987824574481302,7889,7993,160,0,7833,7899,653786,56,0,0,56,94
2020-08-23,US,Michigan,Keweenaw,2,0,0,47.63197653,-88.41434263,26083.0,94.5179584120983,0.0,2,2,0,0,2,2,2113,0,0,0,0,0
2020-08-23,US,Michigan,Lake,29,0,0,43.99050893,-85.802173,26085.0,244.6637981945499,0.0,29,29,0,0,29,29,11881,0,0,0,0,0
2020-08-23,US,Michigan,Lapeer,515,35,0,43.09052506,-83.22153148,26087.0,587.8525688586527,6.7961165048543695,480,512,35,0,477,508,88028,3,0,0,3,4
2020-08-23,US,Michigan,Leelanau,83,0,0,44.94430054,-85.80150326,26089.0,381.41629520702173,0.0,83,83,0,0,83,80,21764,0,0,0,0,3
2020-08-23,US,Michigan,Lenawee,495,13,0,41.89475156,-84.06603727,26091.0,502.78818904835913,2.6262626262626263,482,488,13,0,475,487,98266,7,0,0,7,1
2020-08-23,US,Michigan,Livingston,1005,29,0,42.60302282,-83.91297209,26093.0,523.4511315398838,2.8855721393034828,976,997,29,0,968,967,191224,8,0,0,8,30
2020-08-23,US,Michigan,Luce,4,0,0,46.47227431,-85.54471223,26095.0,64.21576497030021,0.0,4,4,0,0,4,4,6283,0,0,0,0,0
2020-08-23,US,Michigan,Mackinac,31,0,0,46.07028979,-85.04980537,26097.0,287.06361700157424,0.0,31,31,0,0,31,29,10787,0,0,0,0,2
2020-08-23,US,Michigan,Macomb,12016,958,0,42.69158356,-82.92752801,26099.0,1374.8724215421094,7.972703062583222,11058,11879,958,0,10921,11674,874759,137,0,0,137,205
2020-08-23,US,Michigan,Manistee,46,1,0,44.33352407,-86.05626916,26101.0,187.31167033146028,2.1739130434782608,45,45,1,0,44,44,24528,1,0,0,1,1
2020-08-23,US,Michigan,Marquette,230,11,0,46.4338914,-87.64043701,26103.0,344.83275611328514,4.782608695652174,219,230,11,0,219,223,66516,0,0,0,0,7
2020-08-23,US,Michigan,Mason,112,0,0,43.99509218,-86.24988902,26105.0,384.29865495470773,0.0,112,109,0,0,109,107,29100,3,0,0,3,2
2020-08-23,US,Michigan,Mecosta,78,2,0,43.64064262,-85.32463223,26107.0,179.5042919936483,2.5641025641025643,76,76,2,0,74,76,43545,2,0,0,2,0
2020-08-23,US,Michigan,Menominee,223,0,0,45.58038692,-87.55370409,26109.0,978.9288849868306,0.0,223,222,0,0,222,208,22983,1,0,0,1,14
2020-08-23,US,Michigan,Michigan Department of Corrections (MDOC),4907,70,0,0.0,0.0,0.0,0.0,1.4265335235378032,4837,4906,69,0,4837,4906,,1,1,0,0,0
2020-08-23,US,Michigan,Midland,380,10,0,43.64330771,-84.38804374,26111.0,456.97243734667364,2.631578947368421,370,380,10,0,370,369,83209,0,0,0,0,11
2020-08-23,US,Michigan,Missaukee,43,1,0,44.33772443,-85.09256478,26113.0,284.4291572959386,2.3255813953488373,42,42,1,0,41,42,15113,1,0,0,1,0
2020-08-23,US,Michigan,Monroe,1184,26,0,41.92734151,-83.53749864,26115.0,786.7109634551497,2.195945945945946,1158,1170,26,0,1144,1136,150439,14,0,0,14,34
2020-08-23,US,Michigan,Montcalm,211,3,0,43.31082541,-85.15252824,26117.0,330.26546456298524,1.4218009478672986,208,210,3,0,207,207,63968,1,0,0,1,3
2020-08-23,US,Michigan,Montmorency,12,0,0,45.0275929,-84.12696227,26119.0,128.6449399656947,0.0,12,12,0,0,12,11,9265,0,0,0,0,1
2020-08-23,US,Michigan,Muskegon,1275,63,0,43.29123859,-86.15176712,26121.0,734.5908760932443,4.941176470588236,1212,1269,63,0,1206,1261,173588,6,0,0,6,8
2020-08-23,US,Michigan,Newaygo,283,0,0,43.554373999999996,-85.80070107,26123.0,577.7868517762353,0.0,283,277,0,0,277,271,48892,6,0,0,6,6
2020-08-23,US,Michigan,Oakland,17225,1152,0,42.66090111,-83.38595416,26125.0,1369.6898179366146,6.687953555878083,16073,17106,1151,0,15955,16885,1259201,119,1,0,118,221
2020-08-23,US,Michigan,Oceana,495,6,0,43.64124435,-86.26726673,26127.0,1870.2535232553744,1.2121212121212122,489,495,6,0,489,491,26625,0,0,0,0,4
2020-08-23,US,Michigan,Ogemaw,54,3,0,44.33481032,-84.12725175,26129.0,257.17959708529787,5.5555555555555545,51,54,3,0,51,54,20952,0,0,0,0,0
2020-08-23,US,Michigan,Ontonagon,32,0,0,46.665226200000006,-89.31390481,26131.0,559.4405594405595,0.0,32,32,0,0,32,29,5795,0,0,0,0,3
2020-08-23,US,Michigan,Osceola,74,0,0,43.98992088,-85.32566756,26133.0,315.4305200341006,0.0,74,73,0,0,73,72,23341,1,0,0,1,1
2020-08-23,US,Michigan,Oscoda,29,1,0,44.68192279,-84.12939244,26135.0,351.8990413784735,3.4482758620689653,28,29,1,0,28,29,8276,0,0,0,0,0
2020-08-23,US,Michigan,Otsego,137,11,0,45.02085831,-84.59898295,26137.0,555.3753851143182,8.02919708029197,126,137,11,0,126,136,24665,0,0,0,0,1
2020-08-23,US,Michigan,Ottawa,1994,63,0,42.95996803,-85.9969107,26139.0,683.2745091320289,3.159478435305917,1931,1977,63,0,1914,1965,290494,17,0,0,17,12
2020-08-23,US,Michigan,Out of MI,96,0,0,0.0,0.0,80026.0,0.0,0.0,96,93,0,0,93,92,,3,0,0,3,1
2020-08-23,US,Michigan,Presque Isle,21,1,0,45.34018577,-83.91498656,26141.0,166.77255400254128,4.761904761904762,20,21,1,0,20,21,12738,0,0,0,0,0
2020-08-23,US,Michigan,Roscommon,70,4,0,44.33473082,-84.61067651,26143.0,291.4359465423206,5.7142857142857135,66,64,3,0,61,60,23884,6,1,0,5,4
2020-08-23,US,Michigan,Saginaw,2358,130,0,43.33433923,-84.05131209999998,26145.0,1237.541920551698,5.51314673452078,2228,2341,130,0,2211,2264,190800,17,0,0,17,77
2020-08-23,US,Michigan,Sanilac,116,6,0,43.42406072,-82.82055898,26151.0,281.75856205975225,5.172413793103448,110,116,6,0,110,116,41182,0,0,0,0,0
2020-08-23,US,Michigan,Schoolcraft,15,0,0,46.19235734,-86.19972234,26153.0,185.32246108228318,0.0,15,15,0,0,15,14,8068,0,0,0,0,1
2020-08-23,US,Michigan,Shiawassee,379,29,0,42.95392800000001,-84.14585902,26155.0,556.3547752561582,7.6517150395778355,350,378,29,0,349,367,68192,1,0,0,1,11
2020-08-23,US,Michigan,St. Clair,877,53,0,42.92655373,-82.67937954,26147.0,551.1286511487607,6.0433295324971485,824,873,53,0,820,861,159337,4,0,0,4,12
2020-08-23,US,Michigan,St. Joseph,661,11,0,41.91441767,-85.52797979,26149.0,1084.2464405222754,1.6641452344931922,650,657,11,0,646,644,61043,4,0,0,4,13
2020-08-23,US,Michigan,Tuscola,417,29,0,43.46606813,-83.41897025,26157.0,798.1625035888603,6.954436450839329,388,415,29,0,386,394,52516,2,0,0,2,21
2020-08-23,US,Michigan,Unassigned,24,0,0,0.0,0.0,90026.0,0.0,0.0,24,6,0,0,6,6,,18,0,0,18,0
2020-08-23,US,Michigan,Van Buren,576,14,0,42.25190229,-86.01939087,26159.0,761.1295373759531,2.430555555555556,562,563,14,0,549,531,75448,13,0,0,13,32
2020-08-23,US,Michigan,Washtenaw,2766,115,0,42.253105,-83.83853204,26161.0,752.4462664682633,4.1576283441793205,2651,2754,115,0,2639,2722,370963,12,0,0,12,32
2020-08-23,US,Michigan,Wayne,30013,2857,0,42.28098405,-83.281255,26163.0,1715.6726839733549,9.519208343051345,27156,29854,2857,0,26997,29622,1753893,159,0,0,159,232
2020-08-23,US,Michigan,Wexford,84,4,0,44.33853602,-85.57712739,26165.0,249.76955784841363,4.761904761904762,80,83,4,0,79,76,33466,1,0,0,1,7
2020-08-23,US,Minnesota,Aitkin,45,1,0,46.60962049,-93.41168259999999,27001.0,283.2682865416091,2.2222222222222223,44,45,1,0,44,44,15902,0,0,0,0,1
2020-08-23,US,Minnesota,Anoka,4329,117,0,45.27476015,-93.24604565,27003.0,1212.8734369790511,2.702702702702702,4212,4279,116,0,4163,4229,353813,50,1,0,49,50
2020-08-23,US,Minnesota,Becker,176,1,0,46.93479392,-95.67158144,27005.0,511.2860587397962,0.5681818181818182,175,175,1,0,174,171,34371,1,0,0,1,4
2020-08-23,US,Minnesota,Beltrami,292,1,0,47.97373527,-94.93732139,27007.0,618.801390183945,0.3424657534246575,291,291,1,0,290,287,46847,1,0,0,1,4
2020-08-23,US,Minnesota,Benton,352,3,0,45.69804958,-93.99514135,27009.0,860.8672259042775,0.8522727272727273,349,350,3,0,347,346,40545,2,0,0,2,4
2020-08-23,US,Minnesota,Big Stone,31,0,0,45.42712824,-96.41403739,27011.0,621.1180124223603,0.0,31,30,0,0,30,30,4989,1,0,0,1,0
2020-08-23,US,Minnesota,Blue Earth,1052,5,0,44.03554215,-94.06699781,27013.0,1554.993865756138,0.4752851711026616,1047,1047,5,0,1042,1034,67427,5,0,0,5,13
2020-08-23,US,Minnesota,Brown,109,2,0,44.24205652,-94.72562874,27015.0,435.86052463211774,1.834862385321101,107,106,2,0,104,103,25111,3,0,0,3,3
2020-08-23,US,Minnesota,Carlton,169,1,0,46.59180601,-92.67601019,27017.0,471.13266984472136,0.591715976331361,168,166,1,0,165,165,35837,3,0,0,3,1
2020-08-23,US,Minnesota,Carver,1028,4,0,44.82017001,-93.80099179999999,27019.0,978.2184624461172,0.3891050583657588,1024,1014,4,0,1010,999,103551,14,0,0,14,15
2020-08-23,US,Minnesota,Cass,89,3,0,46.95043611,-94.32603968,27021.0,298.86833003123013,3.3707865168539324,86,89,3,0,86,88,29519,0,0,0,0,1
2020-08-23,US,Minnesota,Chippewa,129,1,0,45.02343421,-95.56403693,27023.0,1093.2203389830506,0.7751937984496124,128,128,1,0,127,127,11924,1,0,0,1,1
2020-08-23,US,Minnesota,Chisago,269,1,0,45.5021011,-92.90861945,27025.0,475.4414181940296,0.3717472118959108,268,256,1,0,255,247,55922,13,0,0,13,9
2020-08-23,US,Minnesota,Clay,828,40,0,46.89289518,-96.48761922,27027.0,1289.2778175703031,4.8309178743961345,788,819,40,0,779,812,63955,9,0,0,9,7
2020-08-23,US,Minnesota,Clearwater,17,0,0,47.57992111,-95.37790562,27029.0,192.78748015423,0.0,17,17,0,0,17,15,8810,0,0,0,0,2
2020-08-23,US,Minnesota,Cook,6,0,0,47.90504893,-90.52629546,27031.0,109.82976386600771,0.0,6,6,0,0,6,6,5393,0,0,0,0,0
2020-08-23,US,Minnesota,Cottonwood,194,0,0,44.00715262,-95.18138802,27033.0,1732.7617006073597,0.0,194,194,0,0,194,194,11277,0,0,0,0,0
2020-08-23,US,Minnesota,Crow Wing,287,16,0,46.48096553,-94.06755609,27035.0,441.16516793482435,5.574912891986064,271,285,16,0,269,279,64889,2,0,0,2,6
2020-08-23,US,Minnesota,Dakota,5260,110,0,44.67172617,-93.06299363,27037.0,1226.0472098102425,2.091254752851711,5150,5191,109,0,5082,5118,425423,69,1,0,68,73
2020-08-23,US,Minnesota,Dodge,146,0,0,44.02238415,-92.86244324,27039.0,697.4300181522882,0.0,146,145,0,0,145,144,20822,1,0,0,1,1
2020-08-23,US,Minnesota,Douglas,148,1,0,45.93348491,-95.45335469,27041.0,388.0338743084869,0.6756756756756757,147,146,1,0,145,149,37964,2,0,0,2,-3
2020-08-23,US,Minnesota,Faribault,107,0,0,43.67381499,-93.94787458,27043.0,783.7105398081007,0.0,107,101,0,0,101,98,13758,6,0,0,6,3
2020-08-23,US,Minnesota,Fillmore,80,0,0,43.67394126,-92.08980382,27045.0,379.74082688565056,0.0,80,78,0,0,78,78,21058,2,0,0,2,0
2020-08-23,US,Minnesota,Freeborn,387,1,0,43.67385583,-93.34884422,27047.0,1278.0291271754566,0.25839793281653745,386,386,1,0,385,383,30444,1,0,0,1,3
2020-08-23,US,Minnesota,Goodhue,238,9,0,44.40849741,-92.72341949999999,27049.0,513.595166163142,3.7815126050420167,229,238,9,0,229,233,46403,0,0,0,0,5
2020-08-23,US,Minnesota,Grant,55,4,0,45.93424769,-96.01139609,27051.0,920.9645010046886,7.272727272727272,51,55,4,0,51,55,6021,0,0,0,0,0
2020-08-23,US,Minnesota,Hennepin,21670,866,0,45.00761521,-93.47694895,27053.0,1711.9026609145053,3.996308260267651,20804,21466,865,0,20601,21270,1259428,204,1,0,203,196
2020-08-23,US,Minnesota,Houston,65,0,0,43.67129565,-91.49143057,27055.0,349.46236559139777,0.0,65,65,0,0,65,65,18578,0,0,0,0,0
2020-08-23,US,Minnesota,Hubbard,41,0,0,47.10778564,-94.91693868,27057.0,190.77753478200177,0.0,41,41,0,0,41,40,21332,0,0,0,0,1
2020-08-23,US,Minnesota,Isanti,163,0,0,45.56181234,-93.29487636,27059.0,401.5173908759484,0.0,163,161,0,0,161,160,39966,2,0,0,2,1
2020-08-23,US,Minnesota,Itasca,163,12,0,47.51009045,-93.63092229,27061.0,361.1788167516065,7.361963190184048,151,161,12,0,149,155,45108,2,0,0,2,6
2020-08-23,US,Minnesota,Jackson,90,0,0,43.67423373,-95.15398258,27063.0,914.0767824497258,0.0,90,89,0,0,89,88,9911,1,0,0,1,1
2020-08-23,US,Minnesota,Kanabec,52,4,0,45.9459309,-93.29275192,27065.0,318.29589275876845,7.6923076923076925,48,52,4,0,48,49,16207,0,0,0,0,3
2020-08-23,US,Minnesota,Kandiyohi,771,1,0,45.1526059,-95.00586446,27067.0,1784.7635361929674,0.1297016861219196,770,766,1,0,765,759,42855,5,0,0,5,7
2020-08-23,US,Minnesota,Kittson,3,0,0,48.77754106,-96.78317184,27069.0,69.79990693345742,0.0,3,3,0,0,3,3,4248,0,0,0,0,0
2020-08-23,US,Minnesota,Koochiching,85,3,0,48.24539665,-93.78352843,27071.0,695.0690980456293,3.5294117647058822,82,85,3,0,82,85,12440,0,0,0,0,0
2020-08-23,US,Minnesota,Lac qui Parle,12,0,0,44.9973857,-96.17488219,27073.0,181.18677336554435,0.0,12,11,0,0,11,11,6658,1,0,0,1,0
2020-08-23,US,Minnesota,Lake,27,0,0,47.64270764,-91.44557998,27075.0,253.73555117000282,0.0,27,27,0,0,27,25,10658,0,0,0,0,2
2020-08-23,US,Minnesota,Lake of the Woods,7,0,0,48.77217001,-94.90274472,27077.0,187.16577540106945,0.0,7,7,0,0,7,7,3758,0,0,0,0,0
2020-08-23,US,Minnesota,Le Sueur,316,2,0,44.37136597,-93.72844721,27079.0,1093.9176792328728,0.6329113924050633,314,311,2,0,309,302,28494,5,0,0,5,9
2020-08-23,US,Minnesota,Lincoln,63,0,0,44.41311883,-96.26688165,27081.0,1117.2193651356624,0.0,63,62,0,0,62,62,5673,1,0,0,1,0
2020-08-23,US,Minnesota,Lyon,443,3,0,44.41327865,-95.83806103,27083.0,1739.0280285781582,0.6772009029345373,440,442,3,0,439,437,25629,1,0,0,1,5
2020-08-23,US,Minnesota,Mahnomen,32,1,0,47.32557075,-95.80921485,27087.0,578.975936312647,3.125,31,32,1,0,31,32,5519,0,0,0,0,0
2020-08-23,US,Minnesota,Marshall,31,0,0,48.35825983,-96.37017407,27089.0,332.0479862896315,0.0,31,31,0,0,31,30,9390,0,0,0,0,1
2020-08-23,US,Minnesota,Martin,219,6,0,43.67429718,-94.55099908,27091.0,1112.63526901387,2.7397260273972597,213,217,6,0,211,216,19785,2,0,0,2,1
2020-08-23,US,Minnesota,McLeod,300,1,0,44.82367677,-94.27287017,27085.0,835.817568885298,0.3333333333333333,299,296,1,0,295,293,35873,4,0,0,4,3
2020-08-23,US,Minnesota,Meeker,93,2,0,45.12328869,-94.52839455,27093.0,400.4823012660409,2.150537634408602,91,93,2,0,91,91,23141,0,0,0,0,2
2020-08-23,US,Minnesota,Mille Lacs,85,3,0,45.93705297,-93.63236823,27095.0,323.4768048102904,3.5294117647058822,82,83,3,0,80,83,26139,2,0,0,2,0
2020-08-23,US,Minnesota,Morrison,108,1,0,46.01265363,-94.27341528,27097.0,323.48888755765887,0.925925925925926,107,107,1,0,106,104,33169,1,0,0,1,3
2020-08-23,US,Minnesota,Mower,1158,3,0,43.67142874,-92.75234549,27099.0,2890.5196944735662,0.2590673575129533,1155,1148,3,0,1145,1147,40011,10,0,0,10,1
2020-08-23,US,Minnesota,Murray,136,1,0,44.02216709,-95.76328482,27101.0,1659.7510373443986,0.7352941176470589,135,135,1,0,134,133,8276,1,0,0,1,2
2020-08-23,US,Minnesota,Nicollet,408,14,0,44.35291112,-94.24710352,27103.0,1190.406722296785,3.431372549019608,394,404,14,0,390,402,34220,4,0,0,4,2
2020-08-23,US,Minnesota,Nobles,1823,11,0,43.67434621,-95.75329576,27105.0,8428.498774793103,0.603400987383434,1812,1822,11,0,1811,1812,21924,1,0,0,1,10
2020-08-23,US,Minnesota,Norman,45,0,0,47.32628443,-96.45620947,27107.0,705.8823529411765,0.0,45,45,0,0,45,43,6475,0,0,0,0,2
2020-08-23,US,Minnesota,Olmsted,1915,24,0,44.00374114,-92.40209944,27109.0,1209.781860221235,1.2532637075718016,1891,1907,24,0,1883,1890,156277,8,0,0,8,17
2020-08-23,US,Minnesota,Otter Tail,242,4,0,46.40846929,-95.70835255,27111.0,411.94294079596915,1.6528925619834711,238,240,4,0,236,233,58812,2,0,0,2,7
2020-08-23,US,Minnesota,Pennington,76,1,0,48.06642577,-96.0370814,27113.0,538.2817479991502,1.3157894736842106,75,74,1,0,73,74,14178,2,0,0,2,0
2020-08-23,US,Minnesota,Pine,138,0,0,46.12105238,-92.74070188,27115.0,466.5472125494439,0.0,138,138,0,0,138,136,29483,0,0,0,0,2
2020-08-23,US,Minnesota,Pipestone,173,9,0,44.02301619,-96.25841142,27117.0,1895.682664913434,5.202312138728324,164,172,9,0,163,170,9047,1,0,0,1,2
2020-08-23,US,Minnesota,Polk,179,4,0,47.77372465,-96.40134647,27119.0,570.7180206606299,2.23463687150838,175,178,4,0,174,172,31529,1,0,0,1,6
2020-08-23,US,Minnesota,Pope,57,0,0,45.58606667,-95.44451209,27121.0,506.71170770735176,0.0,57,56,0,0,56,55,11097,1,0,0,1,1
2020-08-23,US,Minnesota,Ramsey,8594,285,0,45.01625271,-93.09872295,27123.0,1561.6340281399405,3.3162671631370726,8309,8493,285,0,8208,8412,550210,101,0,0,101,81
2020-08-23,US,Minnesota,Red Lake,28,0,0,47.87197525,-96.09561104,27125.0,690.5055487053021,0.0,28,28,0,0,28,27,3999,0,0,0,0,1
2020-08-23,US,Minnesota,Redwood,46,0,0,44.40555844,-95.25207021,27127.0,303.2300593276203,0.0,46,46,0,0,46,45,15249,0,0,0,0,1
2020-08-23,US,Minnesota,Renville,72,6,0,44.72836381,-94.94553734,27129.0,494.9133901567226,8.333333333333334,66,71,5,0,66,70,14612,1,1,0,0,1
2020-08-23,US,Minnesota,Rice,1120,8,0,44.3543376,-93.29658715,27131.0,1672.3406796870333,0.7142857142857143,1112,1116,8,0,1108,1110,66523,4,0,0,4,6
2020-08-23,US,Minnesota,Rock,98,0,0,43.67482683,-96.25296832,27133.0,1052.0665593129359,0.0,98,96,0,0,96,95,9414,2,0,0,2,1
2020-08-23,US,Minnesota,Roseau,63,0,0,48.77501878,-95.81079919,27135.0,415.43026706231456,0.0,63,63,0,0,63,58,15150,0,0,0,0,5
2020-08-23,US,Minnesota,Scott,1844,27,0,44.6490231,-93.53340251,27139.0,1237.4759249193025,1.4642082429501084,1817,1819,27,0,1792,1805,147381,25,0,0,25,14
2020-08-23,US,Minnesota,Sherburne,826,12,0,45.44447208,-93.77617511,27141.0,849.4621444291326,1.452784503631961,814,821,12,0,809,809,96036,5,0,0,5,12
2020-08-23,US,Minnesota,Sibley,112,2,0,44.5796592,-94.23164924,27143.0,753.447695930037,1.7857142857142858,110,105,2,0,103,101,15028,7,0,0,7,4
2020-08-23,US,Minnesota,St. Louis,748,22,0,47.604840700000004,-92.46879855,27137.0,375.7472245943638,2.9411764705882355,726,741,21,0,720,725,199754,7,1,0,6,16
2020-08-23,US,Minnesota,Stearns,3085,21,0,45.55192576,-94.61078221,27145.0,1915.2568679186718,0.6807131280388979,3064,3071,21,0,3050,3048,159256,14,0,0,14,23
2020-08-23,US,Minnesota,Steele,394,2,0,44.02240351,-93.22627088,27147.0,1075.0634396572893,0.5076142131979695,392,389,2,0,387,384,36803,5,0,0,5,5
2020-08-23,US,Minnesota,Stevens,25,0,0,45.58613007,-96.00163705,27149.0,254.97195308516064,0.0,25,25,0,0,25,23,9753,0,0,0,0,2
2020-08-23,US,Minnesota,Swift,59,1,0,45.2829032,-95.68264092,27151.0,636.7364558601338,1.6949152542372878,58,58,1,0,57,58,9345,1,0,0,1,0
2020-08-23,US,Minnesota,Todd,442,2,0,46.06996226,-94.89785296,27153.0,1792.085630879014,0.4524886877828054,440,441,2,0,439,439,24582,1,0,0,1,2
2020-08-23,US,Minnesota,Traverse,21,0,0,45.77298854,-96.47062949,27155.0,644.3694384780607,0.0,21,21,0,0,21,21,3308,0,0,0,0,0
2020-08-23,US,Minnesota,Unassigned,123,46,0,0.0,0.0,90027.0,0.0,37.398373983739845,77,120,46,0,74,136,,3,0,0,3,-16
2020-08-23,US,Minnesota,Wabasha,109,0,0,44.28424356,-92.23121312,27157.0,503.9996300920146,0.0,109,107,0,0,107,107,21645,2,0,0,2,0
2020-08-23,US,Minnesota,Wadena,41,0,0,46.58589171,-94.96968506,27159.0,299.66379184329776,0.0,41,38,0,0,38,34,13773,3,0,0,3,4
2020-08-23,US,Minnesota,Waseca,212,1,0,44.02211116,-93.58720034,27161.0,1139.050075220288,0.4716981132075472,211,207,1,0,206,202,18691,5,0,0,5,5
2020-08-23,US,Minnesota,Washington,2618,51,0,45.03864533,-92.88429635,27163.0,997.5613473555859,1.9480519480519483,2567,2568,51,0,2517,2521,259201,50,0,0,50,47
2020-08-23,US,Minnesota,Watonwan,403,3,0,43.97823903,-94.61413846,27165.0,3698.2655776819306,0.7444168734491315,400,400,3,0,397,396,10980,3,0,0,3,4
2020-08-23,US,Minnesota,Wilkin,45,3,0,46.35721532,-96.4684375,27167.0,724.9879168680523,6.666666666666668,42,43,3,0,40,43,6254,2,0,0,2,0
2020-08-23,US,Minnesota,Winona,298,17,0,43.98772283,-91.78081305,27169.0,590.2860312178117,5.704697986577182,281,296,17,0,279,294,50825,2,0,0,2,2
2020-08-23,US,Minnesota,Wright,1085,6,0,45.17297924,-93.96234781,27171.0,784.0898415199057,0.5529953917050692,1079,1060,6,0,1054,1043,136349,25,0,0,25,17
2020-08-23,US,Minnesota,Yellow Medicine,61,1,0,44.71710183,-95.86842453,27173.0,628.2830363580183,1.639344262295082,60,60,0,0,60,59,9795,1,1,0,0,1
2020-08-23,US,Mississippi,Adams,731,28,0,31.47669768,-91.35326037,28001.0,2381.650539210895,3.830369357045144,703,706,28,0,678,699,31192,25,0,0,25,7
2020-08-23,US,Mississippi,Alcorn,512,6,0,34.88084463,-88.57996173,28003.0,1385.543798879658,1.171875,506,506,6,0,500,498,36925,6,0,0,6,8
2020-08-23,US,Mississippi,Amite,262,6,0,31.17467303,-90.80501621,28005.0,2130.600959583638,2.2900763358778624,256,259,6,0,253,259,12326,3,0,0,3,0
2020-08-23,US,Mississippi,Attala,571,25,0,33.08658803,-89.57838564,28007.0,3141.8509959282487,4.3782837127845875,546,570,25,0,545,568,18365,1,0,0,1,2
2020-08-23,US,Mississippi,Benton,196,1,0,34.81681228,-89.18945516,28009.0,2373.168664487226,0.5102040816326531,195,184,1,0,183,183,8271,12,0,0,12,1
2020-08-23,US,Mississippi,Bolivar,1342,42,0,33.79696941,-90.87372121,28011.0,4381.611597231292,3.129657228017884,1300,1333,42,0,1291,1310,31333,9,0,0,9,23
2020-08-23,US,Mississippi,Calhoun,450,9,0,33.93683395,-89.33686647,28013.0,3133.486526007938,2.0,441,447,9,0,438,445,14436,3,0,0,3,2
2020-08-23,US,Mississippi,Carroll,285,11,0,33.44834567,-89.91994479,28015.0,2865.185483060219,3.8596491228070176,274,283,11,0,272,279,9911,2,0,0,2,4
2020-08-23,US,Mississippi,Chickasaw,553,20,0,33.91983202,-88.9481545,28017.0,3233.350874115652,3.6166365280289328,533,547,20,0,527,540,17171,6,0,0,6,7
2020-08-23,US,Mississippi,Choctaw,150,4,0,33.34598242,-89.24809382,28019.0,1827.0401948842873,2.6666666666666665,146,149,4,0,145,147,8278,1,0,0,1,2
2020-08-23,US,Mississippi,Claiborne,420,15,0,31.97061673,-90.90702196,28021.0,4672.897196261682,3.571428571428572,405,421,15,0,406,420,9002,-1,0,0,-1,1
2020-08-23,US,Mississippi,Clarke,414,28,0,32.04158545,-88.68896219999998,28023.0,2663.921240589409,6.763285024154589,386,410,28,0,382,403,15604,4,0,0,4,7
2020-08-23,US,Mississippi,Clay,446,14,0,33.65358105,-88.77784255,28025.0,2308.966659763926,3.1390134529147984,432,445,14,0,431,442,19386,1,0,0,1,3
2020-08-23,US,Mississippi,Coahoma,903,14,0,34.22772299,-90.60415045,28027.0,4081.540408606039,1.5503875968992251,889,899,14,0,885,895,22628,4,0,0,4,4
2020-08-23,US,Mississippi,Copiah,1031,30,0,31.86977774,-90.44565118,28029.0,3673.6148227329413,2.909796314258002,1001,1012,30,0,982,1006,28543,19,0,0,19,6
2020-08-23,US,Mississippi,Covington,697,17,0,31.63225413,-89.55389939,28031.0,3740.0729770336975,2.4390243902439024,680,693,17,0,676,682,18853,4,0,0,4,11
2020-08-23,US,Mississippi,DeSoto,4279,38,0,34.87625235,-89.99091418,28033.0,2313.6608180810517,0.8880579574666978,4241,4238,38,0,4200,4185,182001,41,0,0,41,53
2020-08-23,US,Mississippi,Forrest,2035,60,0,31.18961454,-89.25832496,28035.0,2717.064768949357,2.9484029484029484,1975,2002,60,0,1942,1976,75036,33,0,0,33,26
2020-08-23,US,Mississippi,Franklin,168,3,0,31.47786634,-90.89672989,28037.0,2178.1408012446523,1.7857142857142858,165,164,3,0,161,164,7788,4,0,0,4,0
2020-08-23,US,Mississippi,George,669,12,0,30.86259065,-88.64436789,28039.0,2730.612244897959,1.7937219730941705,657,667,12,0,655,666,24250,2,0,0,2,1
2020-08-23,US,Mississippi,Greene,282,14,0,31.21444233,-88.63922281,28041.0,2075.666126895333,4.964539007092198,268,282,14,0,268,282,13586,0,0,0,0,0
2020-08-23,US,Mississippi,Grenada,901,28,0,33.77036166,-89.80245083,28043.0,4340.495230754408,3.107658157602664,873,899,28,0,871,892,21055,2,0,0,2,7
2020-08-23,US,Mississippi,Hancock,454,18,0,30.41830223,-89.48851033,28045.0,953.1407457171648,3.9647577092511015,436,450,18,0,432,448,47334,4,0,0,4,2
2020-08-23,US,Mississippi,Harrison,3040,46,0,30.51359752,-89.12467576,28047.0,1460.9765474817373,1.5131578947368418,2994,3012,45,0,2967,2984,206650,28,1,0,27,28
2020-08-23,US,Mississippi,Hinds,6273,132,0,32.2656285,-90.44435448,28049.0,2705.745341614907,2.104256336681014,6141,6222,132,0,6090,6150,237085,51,0,0,51,72
2020-08-23,US,Mississippi,Holmes,1009,50,0,33.12345854,-90.08923538,28051.0,5931.804820693708,4.955401387512389,959,1003,50,0,953,995,17622,6,0,0,6,8
2020-08-23,US,Mississippi,Humphreys,328,12,0,33.12825718,-90.52252707,28053.0,4067.4603174603176,3.6585365853658534,316,326,12,0,314,321,8257,2,0,0,2,5
2020-08-23,US,Mississippi,Issaquena,94,2,0,32.72531359,-90.97392828,28055.0,7083.647324792766,2.127659574468085,92,93,2,0,91,87,1308,1,0,0,1,6
2020-08-23,US,Mississippi,Itawamba,480,14,0,34.27993475,-88.3606733,28057.0,2052.159042325781,2.9166666666666665,466,477,14,0,463,469,23517,3,0,0,3,8
2020-08-23,US,Mississippi,Jackson,2753,54,0,30.54020656,-88.64184064,28059.0,1916.90398768948,1.9614965492190335,2699,2720,54,0,2666,2696,143277,33,0,0,33,24
2020-08-23,US,Mississippi,Jasper,461,12,0,32.01922104,-89.11786866,28061.0,2813.892449490325,2.6030368763557483,449,457,12,0,445,454,16428,4,0,0,4,3
2020-08-23,US,Mississippi,Jefferson,211,8,0,31.73397872,-91.03764977,28063.0,3018.5979971387696,3.791469194312796,203,210,8,0,202,209,7106,1,0,0,1,1
2020-08-23,US,Mississippi,Jefferson Davis,268,7,0,31.56884708,-89.82670990000004,28065.0,2408.3393242271745,2.611940298507463,261,269,7,0,262,263,11234,-1,0,0,-1,6
2020-08-23,US,Mississippi,Jones,2073,69,0,31.62257767,-89.16896899999998,28067.0,3044.14226555846,3.3285094066570187,2004,2057,69,0,1988,2041,68461,16,0,0,16,16
2020-08-23,US,Mississippi,Kemper,258,14,0,32.75462946,-88.64105766,28069.0,2648.326832272634,5.426356589147288,244,257,14,0,243,255,10027,1,0,0,1,2
2020-08-23,US,Mississippi,Lafayette,1162,30,0,34.35687874,-89.48490961,28071.0,2151.094985097836,2.5817555938037864,1132,1152,30,0,1122,1133,54793,10,0,0,10,19
2020-08-23,US,Mississippi,Lamar,1354,24,0,31.20572971,-89.5077704,28073.0,2137.568476390445,1.7725258493353029,1330,1358,24,0,1334,1330,62447,-4,0,0,-4,28
2020-08-23,US,Mississippi,Lauderdale,1630,102,0,32.40419769,-88.66229662,28075.0,2198.9881956155145,6.257668711656443,1528,1615,102,0,1513,1588,75317,15,0,0,15,27
2020-08-23,US,Mississippi,Lawrence,377,9,0,31.55147224,-90.10841127,28077.0,2995.391705069125,2.3872679045092844,368,373,9,0,364,372,12455,4,0,0,4,1
2020-08-23,US,Mississippi,Leake,861,27,0,32.7536828,-89.52402044,28079.0,3778.636004564206,3.1358885017421603,834,836,27,0,809,834,22763,25,0,0,25,2
2020-08-23,US,Mississippi,Lee,1982,47,0,34.291877500000005,-88.68149954,28081.0,2319.8651622266957,2.371342078708375,1935,1958,47,0,1911,1916,85202,24,0,0,24,42
2020-08-23,US,Mississippi,Leflore,1198,70,0,33.55545125,-90.29900733,28083.0,4250.78948302168,5.843071786310518,1128,1186,70,0,1116,1172,28919,12,0,0,12,14
2020-08-23,US,Mississippi,Lincoln,924,46,0,31.53288662,-90.45391915,28085.0,2705.4724328755888,4.978354978354979,878,917,46,0,871,913,34205,7,0,0,7,4
2020-08-23,US,Mississippi,Lowndes,1215,47,0,33.47386518,-88.44191529999998,28087.0,2073.555764143698,3.8683127572016462,1168,1208,47,0,1161,1200,58930,7,0,0,7,8
2020-08-23,US,Mississippi,Madison,2786,79,0,32.63389156,-90.03513564,28089.0,2621.5748268593798,2.8356066044508257,2707,2774,79,0,2695,2693,105630,12,0,0,12,81
2020-08-23,US,Mississippi,Marion,756,25,0,31.23132643,-89.8209217,28091.0,3076.547430106214,3.306878306878307,731,750,24,0,726,739,24715,6,1,0,5,11
2020-08-23,US,Mississippi,Marshall,866,11,0,34.76216286,-89.50299462,28093.0,2453.6748455828188,1.2702078521939957,855,876,11,0,865,873,35451,-10,0,0,-10,3
2020-08-23,US,Mississippi,Monroe,967,56,0,33.89236763,-88.4808438,28095.0,2743.1067740837398,5.791106514994829,911,965,56,0,909,950,35564,2,0,0,2,15
2020-08-23,US,Mississippi,Montgomery,391,12,0,33.49419589,-89.61729103,28097.0,4000.0,3.0690537084398977,379,390,12,0,378,383,10023,1,0,0,1,7
2020-08-23,US,Mississippi,Neshoba,1384,97,0,32.75339664,-89.11726492,28099.0,4753.073700116765,7.008670520231213,1287,1370,97,0,1273,1367,29125,14,0,0,14,3
2020-08-23,US,Mississippi,Newton,625,13,0,32.40021118,-89.11843336,28101.0,2973.641640498621,2.08,612,620,13,0,607,616,21443,5,0,0,5,4
2020-08-23,US,Mississippi,Noxubee,509,13,0,33.11009499,-88.56949061,28103.0,4886.243640203514,2.5540275049115917,496,504,13,0,491,502,10535,5,0,0,5,2
2020-08-23,US,Mississippi,Oktibbeha,1287,46,0,33.42491685,-88.87905132,28105.0,2595.438320527557,3.5742035742035743,1241,1272,46,0,1226,1256,49599,15,0,0,15,16
2020-08-23,US,Mississippi,Panola,1246,20,0,34.36398677,-89.95064249,28107.0,3644.1272812353773,1.6051364365971108,1226,1229,20,0,1209,1200,34178,17,0,0,17,29
2020-08-23,US,Mississippi,Pearl River,682,45,0,30.77090935,-89.58677275,28109.0,1228.0543801206447,6.598240469208212,637,672,45,0,627,660,55387,10,0,0,10,12
2020-08-23,US,Mississippi,Perry,281,9,0,31.17161885,-88.99281835,28111.0,2346.9472980873634,3.2028469750889683,272,281,9,0,272,277,11931,0,0,0,0,4
2020-08-23,US,Mississippi,Pike,1070,39,0,31.17507789,-90.40392572,28113.0,2723.477906739972,3.644859813084112,1031,1069,39,0,1030,1062,39563,1,0,0,1,7
2020-08-23,US,Mississippi,Pontotoc,977,9,0,34.226046000000004,-89.03636807,28115.0,3036.613414558339,0.9211873080859776,968,967,9,0,958,955,31833,10,0,0,10,12
2020-08-23,US,Mississippi,Prentiss,558,12,0,34.61810501,-88.51986294,28117.0,2220.807132054445,2.150537634408602,546,558,12,0,546,545,25315,0,0,0,0,13
2020-08-23,US,Mississippi,Quitman,301,2,0,34.25157572,-90.28908,28119.0,4431.684334511189,0.6644518272425249,299,297,2,0,295,287,7051,4,0,0,4,10
2020-08-23,US,Mississippi,Rankin,2665,47,0,32.26469147,-89.94537876,28121.0,1716.353987544358,1.7636022514071297,2618,2635,47,0,2588,2556,153902,30,0,0,30,79
2020-08-23,US,Mississippi,Scott,1069,21,0,32.406704100000006,-89.53789439,28123.0,3801.0240364101833,1.9644527595884005,1048,1072,21,0,1051,1065,28287,-3,0,0,-3,7
2020-08-23,US,Mississippi,Sharkey,239,7,0,32.88149103,-90.81595379999999,28125.0,5531.1270539227025,2.928870292887029,232,233,7,0,226,230,4377,6,0,0,6,3
2020-08-23,US,Mississippi,Simpson,894,38,0,31.91282117,-89.91716179,28127.0,3353.589916722935,4.250559284116331,856,893,38,0,855,876,26758,1,0,0,1,17
2020-08-23,US,Mississippi,Smith,454,13,0,32.01744532,-89.50644846,28129.0,2852.4754963558685,2.8634361233480177,441,451,13,0,438,441,16002,3,0,0,3,10
2020-08-23,US,Mississippi,Stone,284,9,0,30.79187949,-89.11547539,28131.0,1548.865619546248,3.1690140845070425,275,280,9,0,271,278,18717,4,0,0,4,2
2020-08-23,US,Mississippi,Sunflower,1190,33,0,33.60192578,-90.58882684,28133.0,4739.147749900439,2.773109243697479,1157,1182,33,0,1149,1177,25735,8,0,0,8,5
2020-08-23,US,Mississippi,Tallahatchie,600,11,0,33.95339918,-90.1729398,28135.0,4344.992396263307,1.8333333333333333,589,599,11,0,588,595,13987,1,0,0,1,4
2020-08-23,US,Mississippi,Tate,832,31,0,34.65133709,-89.94485778,28137.0,2937.749373256594,3.7259615384615374,801,826,31,0,795,815,28759,6,0,0,6,11
2020-08-23,US,Mississippi,Tippah,496,15,0,34.76872156,-88.90988194,28139.0,2253.009311832841,3.0241935483870965,481,489,15,0,474,478,21995,7,0,0,7,11
2020-08-23,US,Mississippi,Tishomingo,504,18,0,34.74023475,-88.23917219,28141.0,2600.216684723727,3.571428571428572,486,504,18,0,486,503,19454,0,0,0,0,1
2020-08-23,US,Mississippi,Tunica,425,10,0,34.64967704,-90.37481167,28143.0,4412.375415282392,2.3529411764705883,415,421,9,0,412,417,9944,4,1,0,3,4
2020-08-23,US,Mississippi,Union,823,20,0,34.49162015,-89.00776006,28145.0,2856.1513100815546,2.4301336573511545,803,821,20,0,801,813,28606,2,0,0,2,8
2020-08-23,US,Mississippi,Walthall,547,23,0,31.14971548,-90.10446654,28147.0,3828.923421531569,4.204753199268739,524,544,23,0,521,541,14465,3,0,0,3,3
2020-08-23,US,Mississippi,Warren,1245,41,0,32.35810271,-90.83352619,28149.0,2743.438884114497,3.2931726907630523,1204,1242,41,0,1201,1236,46176,3,0,0,3,6
2020-08-23,US,Mississippi,Washington,1912,56,0,33.28392041,-90.94196237,28151.0,4354.460361201576,2.928870292887029,1856,1899,56,0,1843,1884,45063,13,0,0,13,15
2020-08-23,US,Mississippi,Wayne,831,21,0,31.64135687,-88.69573913,28153.0,4117.3264628647885,2.527075812274368,810,830,21,0,809,825,20298,1,0,0,1,5
2020-08-23,US,Mississippi,Webster,282,13,0,33.61300486,-89.28392912,28155.0,2910.5170812261326,4.609929078014185,269,280,13,0,267,279,9788,2,0,0,2,1
2020-08-23,US,Mississippi,Wilkinson,258,14,0,31.16078225,-91.31018819,28157.0,2989.571263035921,5.426356589147288,244,253,14,0,239,247,8792,5,0,0,5,6
2020-08-23,US,Mississippi,Winston,681,18,0,33.08747908,-89.03391385,28159.0,3792.8153717627397,2.643171806167401,663,678,18,0,660,674,18165,3,0,0,3,4
2020-08-23,US,Mississippi,Yalobusha,347,10,0,34.02824175,-89.70762049999998,28161.0,2865.8738024446648,2.8818443804034577,337,344,10,0,334,342,12392,3,0,0,3,2
2020-08-23,US,Mississippi,Yazoo,928,18,0,32.77890365,-90.39656148,28163.0,3125.6315257662513,1.9396551724137927,910,926,18,0,908,915,28248,2,0,0,2,11
2020-08-23,US,Missouri,Adair,207,0,0,40.19058551,-92.60078167,29001.0,816.7935919188733,0.0,207,204,0,0,204,199,25339,3,0,0,3,5
2020-08-23,US,Missouri,Andrew,107,1,0,39.98492163,-94.80163024,29003.0,604.1102077687443,0.9345794392523364,106,107,1,0,106,104,17607,0,0,0,0,3
2020-08-23,US,Missouri,Atchison,22,0,0,40.43238737,-95.42970639,29005.0,427.7658953917947,0.0,22,22,0,0,22,21,5171,0,0,0,0,1
2020-08-23,US,Missouri,Audrain,241,1,0,39.215877,-91.84242683,29007.0,949.2673704112179,0.4149377593360996,240,238,1,0,237,235,25473,3,0,0,3,3
2020-08-23,US,Missouri,Barry,322,4,0,36.70978521,-93.82919888,29009.0,899.7177903825196,1.2422360248447204,318,322,4,0,318,318,35886,0,0,0,0,4
2020-08-23,US,Missouri,Barton,79,0,0,37.50207671,-94.34757022,29011.0,672.1116215756339,0.0,79,78,0,0,78,76,11798,1,0,0,1,2
2020-08-23,US,Missouri,Bates,60,1,0,38.25271289,-94.34113157,29013.0,371.01162503091757,1.6666666666666667,59,60,1,0,59,57,16320,0,0,0,0,3
2020-08-23,US,Missouri,Benton,144,1,0,38.29503305,-93.28756116,29015.0,740.6264465360284,0.6944444444444444,143,141,1,0,140,136,19278,3,0,0,3,5
2020-08-23,US,Missouri,Bollinger,95,1,0,37.32449052,-90.02725304,29017.0,782.9885436413089,1.0526315789473684,94,94,1,0,93,93,12169,1,0,0,1,1
2020-08-23,US,Missouri,Boone,1917,5,0,38.99186229,-92.30723575,29019.0,1062.267611643384,0.2608242044861763,1912,1890,5,0,1885,1816,180005,27,0,0,27,74
2020-08-23,US,Missouri,Buchanan,1182,10,0,39.65816401,-94.80138942,29021.0,1352.9600293026874,0.8460236886632826,1172,1175,10,0,1165,1170,88571,7,0,0,7,5
2020-08-23,US,Missouri,Butler,351,2,0,36.71462476,-90.40421163,29023.0,826.3100899289044,0.5698005698005698,349,345,2,0,343,337,42639,6,0,0,6,8
2020-08-23,US,Missouri,Caldwell,39,1,0,39.65620858,-93.98308093,29025.0,432.37250554323725,2.5641025641025643,38,39,1,0,38,38,9108,0,0,0,0,1
2020-08-23,US,Missouri,Callaway,253,2,0,38.83674754,-91.92186505,29027.0,565.451579017947,0.7905138339920948,251,244,2,0,242,235,44889,9,0,0,9,9
2020-08-23,US,Missouri,Camden,452,8,0,38.02199522,-92.76083747,29029.0,976.1364863405679,1.7699115044247788,444,446,8,0,438,440,45815,6,0,0,6,6
2020-08-23,US,Missouri,Cape Girardeau,848,6,0,37.38489388,-89.6843587,29031.0,1075.173384387164,0.7075471698113207,842,847,6,0,841,836,78753,1,0,0,1,11
2020-08-23,US,Missouri,Carroll,107,0,0,39.42762566,-93.50626255,29033.0,1232.8609286784192,0.0,107,107,0,0,107,107,8743,0,0,0,0,0
2020-08-23,US,Missouri,Carter,26,1,0,36.94160441,-90.96051322,29035.0,434.63724506853896,3.8461538461538463,25,26,1,0,25,24,6054,0,0,0,0,2
2020-08-23,US,Missouri,Cass,961,9,0,38.64789422,-94.353399,29037.0,908.4893174513139,0.9365244536940688,952,948,9,0,939,925,104954,13,0,0,13,23
2020-08-23,US,Missouri,Cedar,45,0,0,37.72391475,-93.85445441,29039.0,313.6107045787163,0.0,45,45,0,0,45,45,14165,0,0,0,0,0
2020-08-23,US,Missouri,Chariton,22,0,0,39.51499357,-92.9629191,29041.0,296.25639644492327,0.0,22,22,0,0,22,22,7451,0,0,0,0,0
2020-08-23,US,Missouri,Christian,529,1,0,36.9711783,-93.18537118,29043.0,597.099159094757,0.1890359168241966,528,515,1,0,514,503,86983,14,0,0,14,12
2020-08-23,US,Missouri,Clark,33,0,0,40.41040752,-91.73661677,29045.0,485.5083124908048,0.0,33,33,0,0,33,31,6842,0,0,0,0,2
2020-08-23,US,Missouri,Clay,1261,30,0,39.31132056,-94.41850862,29047.0,504.50493702690164,2.379064234734338,1231,1245,30,0,1215,1210,246365,16,0,0,16,35
2020-08-23,US,Missouri,Clinton,113,0,0,39.6013098,-94.40465394,29049.0,554.2747829499191,0.0,113,113,0,0,113,112,20470,0,0,0,0,1
2020-08-23,US,Missouri,Cole,719,3,0,38.50455671,-92.27860244,29051.0,936.8688513909699,0.4172461752433936,716,702,3,0,699,690,76796,17,0,0,17,12
2020-08-23,US,Missouri,Cooper,186,0,0,38.844478,-92.80896081,29053.0,1050.3133999661188,0.0,186,184,0,0,184,183,17603,2,0,0,2,1
2020-08-23,US,Missouri,Crawford,141,1,0,37.97663738,-91.30528104,29055.0,589.4648829431437,0.7092198581560284,140,137,1,0,136,132,23957,4,0,0,4,5
2020-08-23,US,Missouri,Dade,21,0,0,37.431814,-93.8503345,29057.0,277.74103954503374,0.0,21,21,0,0,21,21,7569,0,0,0,0,0
2020-08-23,US,Missouri,Dallas,88,1,0,37.681135499999996,-93.02127031,29059.0,521.388790141012,1.1363636363636365,87,88,1,0,87,86,16762,0,0,0,0,2
2020-08-23,US,Missouri,Daviess,19,0,0,39.96145298,-93.98519678,29061.0,229.52403962309742,0.0,19,19,0,0,19,20,8313,0,0,0,0,-1
2020-08-23,US,Missouri,DeKalb,51,1,0,39.89201062,-94.40476508,29063.0,406.4716665338328,1.96078431372549,50,50,1,0,49,50,12630,1,0,0,1,0
2020-08-23,US,Missouri,Dent,31,0,0,37.60663134,-91.50790473,29065.0,199.06247993321773,0.0,31,30,0,0,30,30,15441,1,0,0,1,0
2020-08-23,US,Missouri,Douglas,97,2,0,36.9325593,-92.49905109,29067.0,735.6844899507014,2.061855670103093,95,97,2,0,95,97,13373,0,0,0,0,0
2020-08-23,US,Missouri,Dunklin,445,4,0,36.27167174,-90.09122243,29069.0,1527.5823006419278,0.8988764044943821,441,443,4,0,439,440,29423,2,0,0,2,3
2020-08-23,US,Missouri,Franklin,863,19,0,38.41127108,-91.07522826,29071.0,830.0710802466168,2.20162224797219,844,844,19,0,825,818,103670,19,0,0,19,26
2020-08-23,US,Missouri,Gasconade,47,0,0,38.43947277,-91.50847147,29073.0,319.59744322045424,0.0,47,46,0,0,46,42,14705,1,0,0,1,4
2020-08-23,US,Missouri,Gentry,88,9,0,40.21097916,-94.40944419,29075.0,1339.2177750722874,10.227272727272727,79,87,9,0,78,87,6628,1,0,0,1,0
2020-08-23,US,Missouri,Greene,2365,10,0,37.2575872,-93.34230916,29077.0,806.9303890325708,0.4228329809725159,2355,2314,10,0,2304,2249,291923,51,0,0,51,65
2020-08-23,US,Missouri,Grundy,32,1,0,40.11406587,-93.56509276,29079.0,324.8730964467005,3.125,31,32,1,0,31,31,9914,0,0,0,0,1
2020-08-23,US,Missouri,Harrison,62,1,0,40.35570088,-93.99222144,29081.0,742.337164750958,1.6129032258064515,61,62,1,0,61,62,8414,0,0,0,0,0
2020-08-23,US,Missouri,Henry,106,3,0,38.38482826,-93.79293734,29083.0,485.70381231671547,2.830188679245283,103,106,3,0,103,101,21792,0,0,0,0,5
2020-08-23,US,Missouri,Hickory,51,0,0,37.94163617,-93.3203037,29085.0,534.3671416596815,0.0,51,51,0,0,51,49,9509,0,0,0,0,2
2020-08-23,US,Missouri,Holt,55,0,0,40.09799248,-95.21638879999999,29087.0,1249.1483079718373,0.0,55,54,0,0,54,50,4404,1,0,0,1,4
2020-08-23,US,Missouri,Howard,85,0,0,39.1435761,-92.69756691,29089.0,849.9150084991501,0.0,85,82,0,0,82,79,10137,3,0,0,3,3
2020-08-23,US,Missouri,Howell,198,2,0,36.77383887,-91.88683935,29091.0,493.5563476830271,1.0101010101010102,196,199,2,0,197,196,40076,-1,0,0,-1,3
2020-08-23,US,Missouri,Iron,40,0,0,37.55487945,-90.7735296,29093.0,395.0617283950617,0.0,40,40,0,0,40,37,10177,0,0,0,0,3
2020-08-23,US,Missouri,Jackson,5038,71,0,39.01002188,-94.34724536,29095.0,716.6317454492176,1.409289400555776,4967,5005,71,0,4934,4869,700307,33,0,0,33,136
2020-08-23,US,Missouri,Jasper,2113,35,0,37.20351921,-94.34050458,29097.0,1741.5600685744428,1.656412683388547,2078,2089,35,0,2054,2067,120636,24,0,0,24,22
2020-08-23,US,Missouri,Jefferson,2269,30,0,38.25926778,-90.53870896,29099.0,1008.0815350918114,1.3221683561040103,2239,2233,30,0,2203,2176,224347,36,0,0,36,57
2020-08-23,US,Missouri,Johnson,543,3,0,38.74719601,-93.80691168,29101.0,1004.4023528541304,0.5524861878453039,540,542,3,0,539,537,53652,1,0,0,1,5
2020-08-23,US,Missouri,Kansas City,8422,66,0,39.0997,-94.5786,0.0,1722.4911697273506,0.7836618380432201,8356,8331,65,0,8266,8213,491918,91,1,0,90,118
2020-08-23,US,Missouri,Knox,38,0,0,40.12699751,-92.14780832,29103.0,959.8383430159132,0.0,38,38,0,0,38,36,3947,0,0,0,0,2
2020-08-23,US,Missouri,Laclede,263,1,0,37.65896829,-92.5888493,29105.0,736.2203622316155,0.3802281368821293,262,262,1,0,261,256,35713,1,0,0,1,6
2020-08-23,US,Missouri,Lafayette,211,2,0,39.06986886,-93.78076396,29107.0,645.1021156903511,0.9478672985781992,209,208,2,0,206,205,32598,3,0,0,3,3
2020-08-23,US,Missouri,Lawrence,310,2,0,37.10626634,-93.83293097,29109.0,808.2388215356536,0.6451612903225806,308,301,2,0,299,296,38359,9,0,0,9,5
2020-08-23,US,Missouri,Lewis,53,1,0,40.09673161,-91.72070156,29111.0,542.1440261865794,1.8867924528301887,52,53,1,0,52,53,9855,0,0,0,0,0
2020-08-23,US,Missouri,Lincoln,497,1,0,39.05345619,-90.95588181,29113.0,842.1873146594818,0.2012072434607646,496,488,1,0,487,474,57686,9,0,0,9,14
2020-08-23,US,Missouri,Linn,43,1,0,39.87001769,-93.10704106,29115.0,360.7382550335569,2.3255813953488373,42,43,1,0,42,41,12037,0,0,0,0,2
2020-08-23,US,Missouri,Livingston,68,1,0,39.78110272,-93.54645978,29117.0,446.5751625402246,1.4705882352941178,67,67,1,0,66,67,15146,1,0,0,1,0
2020-08-23,US,Missouri,Macon,71,0,0,39.83049768,-92.56453089,29121.0,469.6699080505391,0.0,71,71,0,0,71,71,15153,0,0,0,0,0
2020-08-23,US,Missouri,Madison,71,0,0,37.47865134,-90.34671429999999,29123.0,587.3593646591661,0.0,71,67,0,0,67,54,12188,4,0,0,4,13
2020-08-23,US,Missouri,Maries,35,0,0,38.16193985,-91.92249662,29125.0,402.43762216856385,0.0,35,34,0,0,34,33,8769,1,0,0,1,1
2020-08-23,US,Missouri,Marion,335,1,0,39.80601912,-91.62203062,29127.0,1174.2025937609533,0.29850746268656714,334,325,1,0,324,315,28592,10,0,0,10,10
2020-08-23,US,Missouri,McDonald,976,9,0,36.62869595,-94.34867205,29119.0,4273.766256513552,0.9221311475409836,967,975,8,0,967,973,23078,1,1,0,0,2
2020-08-23,US,Missouri,Mercer,15,0,0,40.42212303,-93.56829590000001,29129.0,414.7083218136577,0.0,15,15,0,0,15,15,3641,0,0,0,0,0
2020-08-23,US,Missouri,Miller,203,1,0,38.21450288,-92.42610898,29131.0,792.3806549826303,0.4926108374384237,202,198,1,0,197,186,25336,5,0,0,5,12
2020-08-23,US,Missouri,Mississippi,214,0,0,36.82516239,-89.29505753,29133.0,1623.6722306525035,0.0,214,212,0,0,212,201,13336,2,0,0,2,11
2020-08-23,US,Missouri,Moniteau,174,2,0,38.63571781,-92.57976951,29135.0,1078.6015373171335,1.1494252873563218,172,174,2,0,172,173,16121,0,0,0,0,1
2020-08-23,US,Missouri,Monroe,53,0,0,39.49593978,-92.00043978,29137.0,613.1420638593244,0.0,53,51,0,0,51,45,8664,2,0,0,2,6
2020-08-23,US,Missouri,Montgomery,48,1,0,38.94022054,-91.47000721,29139.0,415.5484373647303,2.083333333333333,47,48,1,0,47,48,11534,0,0,0,0,0
2020-08-23,US,Missouri,Morgan,108,0,0,38.4181765,-92.88791859,29141.0,523.5855917001986,0.0,108,106,0,0,106,104,20358,2,0,0,2,2
2020-08-23,US,Missouri,New Madrid,338,3,0,36.59666326,-89.66070007,29143.0,1979.386273131881,0.8875739644970414,335,336,3,0,333,334,17296,2,0,0,2,2
2020-08-23,US,Missouri,Newton,1018,11,0,36.90519407,-94.3394104,29145.0,1748.0596194793598,1.080550098231827,1007,1010,11,0,999,999,58266,8,0,0,8,11
2020-08-23,US,Missouri,Nodaway,272,1,0,40.36079813,-94.88133008,29147.0,1231.2149194278472,0.36764705882352944,271,261,1,0,260,249,22304,11,0,0,11,12
2020-08-23,US,Missouri,Oregon,30,0,0,36.68710164,-91.4033755,29149.0,284.9273435274005,0.0,30,28,0,0,28,27,10541,2,0,0,2,1
2020-08-23,US,Missouri,Osage,70,1,0,38.46036182,-91.8613635,29151.0,514.1388174807198,1.4285714285714286,69,70,1,0,69,68,13714,0,0,0,0,2
2020-08-23,US,Missouri,Ozark,18,0,0,36.64916339,-92.44459066,29153.0,196.20667102681492,0.0,18,18,0,0,18,18,9017,0,0,0,0,0
2020-08-23,US,Missouri,Pemiscot,301,9,0,36.2130572,-89.78742322,29155.0,1904.4606137298324,2.990033222591362,292,294,9,0,285,283,16272,7,0,0,7,11
2020-08-23,US,Missouri,Perry,292,4,0,37.70660776,-89.82741088,29157.0,1525.9197324414715,1.3698630136986298,288,284,4,0,280,280,19150,8,0,0,8,4
2020-08-23,US,Missouri,Pettis,736,5,0,38.72798918,-93.28471706,29159.0,1738.3499846477246,0.6793478260869565,731,735,5,0,730,721,42542,1,0,0,1,14
2020-08-23,US,Missouri,Phelps,151,0,0,37.87736118,-91.79351727,29161.0,338.77010746415993,0.0,151,145,0,0,145,137,44732,6,0,0,6,8
2020-08-23,US,Missouri,Pike,131,1,0,39.34310674,-91.16980779,29163.0,715.7687684406076,0.7633587786259542,130,130,1,0,129,131,18504,1,0,0,1,-1
2020-08-23,US,Missouri,Platte,441,10,0,39.38154439,-94.77068479,29165.0,422.3409756938459,2.2675736961451247,431,441,10,0,431,434,102985,0,0,0,0,7
2020-08-23,US,Missouri,Polk,261,0,0,37.616229600000004,-93.39828174,29167.0,811.844847429158,0.0,261,259,0,0,259,255,32201,2,0,0,2,4
2020-08-23,US,Missouri,Pulaski,331,1,0,37.82462075,-92.20783203,29169.0,629.193833520254,0.3021148036253776,330,329,1,0,328,324,52014,2,0,0,2,5
2020-08-23,US,Missouri,Putnam,18,1,0,40.47942497,-93.02042674,29171.0,383.3049403747871,5.5555555555555545,17,18,1,0,17,18,4757,0,0,0,0,0
2020-08-23,US,Missouri,Ralls,85,0,0,39.52817427,-91.51838643,29173.0,824.5222621010768,0.0,85,80,0,0,80,69,10212,5,0,0,5,11
2020-08-23,US,Missouri,Randolph,108,1,0,39.44007257,-92.49713740000001,29175.0,436.39890092128655,0.925925925925926,107,102,1,0,101,97,24763,6,0,0,6,5
2020-08-23,US,Missouri,Ray,121,0,0,39.353746799999996,-93.98905745,29177.0,525.675558258754,0.0,121,118,0,0,118,118,22883,3,0,0,3,0
2020-08-23,US,Missouri,Reynolds,18,0,0,37.36085952,-90.97009925,29179.0,287.08133971291863,0.0,18,18,0,0,18,18,6254,0,0,0,0,0
2020-08-23,US,Missouri,Ripley,79,0,0,36.65460667,-90.85990261,29181.0,594.521372667068,0.0,79,79,0,0,79,78,13401,0,0,0,0,1
2020-08-23,US,Missouri,Saline,522,7,0,39.13734288,-93.20259964,29195.0,2293.396599446421,1.3409961685823757,515,517,7,0,510,503,22895,5,0,0,5,14
2020-08-23,US,Missouri,Schuyler,13,0,0,40.46921489,-92.52311943,29197.0,278.9699570815451,0.0,13,13,0,0,13,13,4599,0,0,0,0,0
2020-08-23,US,Missouri,Scotland,18,1,0,40.45214695,-92.14709064,29199.0,367.1970624235006,5.5555555555555545,17,18,1,0,17,20,4966,0,0,0,0,-2
2020-08-23,US,Missouri,Scott,544,13,0,37.05588075,-89.56474493,29201.0,1421.1076280041798,2.389705882352941,531,544,13,0,531,535,38458,0,0,0,0,9
2020-08-23,US,Missouri,Shannon,47,1,0,37.15772072,-91.40190382,29203.0,575.5571883419052,2.127659574468085,46,46,1,0,45,45,8189,1,0,0,1,1
2020-08-23,US,Missouri,Shelby,44,0,0,39.79742518,-92.07634971,29205.0,741.9898819561553,0.0,44,43,0,0,43,43,6050,1,0,0,1,0
2020-08-23,US,Missouri,St. Charles,5219,96,0,38.77875681,-90.66662425,29183.0,1298.1876613717654,1.839432841540525,5123,5159,96,0,5063,5086,399182,60,0,0,60,73
2020-08-23,US,Missouri,St. Clair,25,0,0,38.03699437,-93.77631447,29185.0,266.0423539427477,0.0,25,25,0,0,25,26,9395,0,0,0,0,-1
2020-08-23,US,Missouri,St. Francois,806,4,0,37.81214171,-90.47598685,29187.0,1199.137097374098,0.4962779156327544,802,783,4,0,779,726,66692,23,0,0,23,57
2020-08-23,US,Missouri,St. Louis,17872,713,0,38.63770039999999,-90.4458375,29189.0,1797.6171916254693,3.9894807520143236,17159,17721,713,0,17008,17517,996945,151,0,0,151,204
2020-08-23,US,Missouri,St. Louis City,5907,184,0,38.63555736,-90.24349225,29510.0,1965.2267646119449,3.1149483663450144,5723,5861,184,0,5677,5816,302838,46,0,0,46,45
2020-08-23,US,Missouri,Ste. Genevieve,90,1,0,37.89090059,-90.1949941,29186.0,502.9618866659216,1.1111111111111112,89,90,1,0,89,82,17888,0,0,0,0,8
2020-08-23,US,Missouri,Stoddard,262,9,0,36.85571651,-89.9444155,29207.0,902.6701119724376,3.435114503816794,253,257,9,0,248,254,29206,5,0,0,5,3
2020-08-23,US,Missouri,Stone,240,1,0,36.75000327,-93.45256475,29209.0,751.1266900350523,0.4166666666666667,239,237,1,0,236,230,31749,3,0,0,3,7
2020-08-23,US,Missouri,Sullivan,160,0,0,40.2099105,-93.11150106,29211.0,2627.6892757431438,0.0,160,159,0,0,159,156,6221,1,0,0,1,3
2020-08-23,US,Missouri,Taney,855,3,0,36.65465345,-93.04075153,29213.0,1528.7512516092115,0.3508771929824561,852,846,3,0,843,832,55852,9,0,0,9,14
2020-08-23,US,Missouri,Texas,78,1,0,37.31728859,-91.96564727,29215.0,307.11079612567914,1.2820512820512822,77,78,1,0,77,75,25571,0,0,0,0,3
2020-08-23,US,Missouri,Vernon,70,0,0,37.8457799,-94.34127305,29217.0,340.4172542916889,0.0,70,69,0,0,69,69,20528,1,0,0,1,0
2020-08-23,US,Missouri,Warren,291,0,0,38.76529479,-91.16124662,29219.0,816.2921821088951,0.0,291,287,0,0,287,280,34711,4,0,0,4,7
2020-08-23,US,Missouri,Washington,191,1,0,37.96130078,-90.87948158,29221.0,772.3412858875861,0.5235602094240838,190,184,1,0,183,181,24943,7,0,0,7,3
2020-08-23,US,Missouri,Wayne,72,0,0,37.11303869,-90.46001416,29223.0,559.3101841062688,0.0,72,71,0,0,71,71,13122,1,0,0,1,0
2020-08-23,US,Missouri,Webster,173,1,0,37.2813734,-92.876329,29225.0,436.9569610022226,0.5780346820809249,172,172,1,0,171,171,39109,1,0,0,1,1
2020-08-23,US,Missouri,Worth,10,0,0,40.47945588,-94.42328751,29227.0,496.77098857426734,0.0,10,10,0,0,10,10,2040,0,0,0,0,0
2020-08-23,US,Missouri,Wright,78,0,0,37.27029221,-92.46914488,29229.0,426.4858658209853,0.0,78,77,0,0,77,76,18378,1,0,0,1,1
2020-08-23,US,Montana,Beaverhead,70,0,0,45.13434354,-112.89846940000001,30001.0,740.5056595789696,0.0,70,70,0,0,70,69,9404,0,0,0,0,1
2020-08-23,US,Montana,Big Horn,587,15,0,45.42335905,-107.492347,30003.0,4407.23778061416,2.5553662691652472,572,585,15,0,570,573,13338,2,0,0,2,12
2020-08-23,US,Montana,Blaine,15,0,0,48.43175214,-108.9582723,30005.0,224.51728783116297,0.0,15,15,0,0,15,15,6807,0,0,0,0,0
2020-08-23,US,Montana,Broadwater,14,0,0,46.33277565,-111.49558130000001,30007.0,224.46689113355785,0.0,14,14,0,0,14,14,6085,0,0,0,0,0
2020-08-23,US,Montana,Carbon,82,0,0,45.22850116,-109.0274047,30009.0,764.5687645687645,0.0,82,82,0,0,82,82,10714,0,0,0,0,0
2020-08-23,US,Montana,Cascade,198,5,0,47.30797024,-111.3467922,30013.0,243.34488607034882,2.525252525252525,193,196,5,0,191,193,81643,2,0,0,2,3
2020-08-23,US,Montana,Chouteau,10,0,0,47.88084126,-110.4353362,30015.0,177.4622892635315,0.0,10,10,0,0,10,10,5745,0,0,0,0,0
2020-08-23,US,Montana,Custer,64,2,0,46.25319932,-105.57375259999998,30017.0,561.3050342045256,3.125,62,63,2,0,61,63,11586,1,0,0,1,0
2020-08-23,US,Montana,Daniels,3,0,0,48.78420029,-105.54763429999998,30019.0,177.5147928994083,0.0,3,3,0,0,3,3,1747,0,0,0,0,0
2020-08-23,US,Montana,Dawson,31,0,0,47.26584855,-104.89444170000002,30021.0,359.921049576222,0.0,31,31,0,0,31,30,8680,0,0,0,0,1
2020-08-23,US,Montana,Deer Lodge,32,0,0,46.05953325,-113.073353,30023.0,350.109409190372,0.0,32,32,0,0,32,31,9131,0,0,0,0,1
2020-08-23,US,Montana,Fallon,2,0,0,46.33478338,-104.41835649999999,30025.0,70.27406886858749,0.0,2,2,0,0,2,2,2920,0,0,0,0,0
2020-08-23,US,Montana,Fergus,24,0,0,47.26331584,-109.2245206,30027.0,217.1945701357466,0.0,24,24,0,0,24,25,11113,0,0,0,0,-1
2020-08-23,US,Montana,Flathead,479,3,0,48.29575866,-114.05205690000001,30029.0,461.43768182956666,0.6263048016701461,476,469,3,0,466,449,102106,10,0,0,10,20
2020-08-23,US,Montana,Gallatin,1012,3,0,45.54486106,-111.1692571,30031.0,884.3525525630495,0.2964426877470356,1009,1011,3,0,1008,1004,111876,1,0,0,1,7
2020-08-23,US,Montana,Garfield,12,0,0,47.27545948,-107.0002351,30033.0,953.8950715421304,0.0,12,12,0,0,12,12,1268,0,0,0,0,0
2020-08-23,US,Montana,Glacier,111,1,0,48.70513576,-112.9934235,30035.0,807.0966334617901,0.9009009009009008,110,105,1,0,104,99,13747,6,0,0,6,6
2020-08-23,US,Montana,Golden Valley,3,0,0,46.3816474,-109.17685220000001,30037.0,365.4080389768576,0.0,3,3,0,0,3,3,826,0,0,0,0,0
2020-08-23,US,Montana,Granite,18,0,0,46.40605220000001,-113.4414186,30039.0,532.7019828351583,0.0,18,18,0,0,18,18,3378,0,0,0,0,0
2020-08-23,US,Montana,Hill,53,2,0,48.62879827,-110.1129252,30041.0,321.5239019655424,3.7735849056603774,51,53,2,0,51,52,16347,0,0,0,0,1
2020-08-23,US,Montana,Jefferson,34,0,0,46.14907081,-112.094396,30043.0,278.20963914573275,0.0,34,34,0,0,34,34,12097,0,0,0,0,0
2020-08-23,US,Montana,Judith Basin,3,0,0,47.04581276,-110.26606880000001,30045.0,149.47683109118088,0.0,3,3,0,0,3,3,1952,0,0,0,0,0
2020-08-23,US,Montana,Lake,192,1,0,47.64514965,-114.0898013,30047.0,630.3762558276973,0.5208333333333334,191,192,1,0,191,193,30250,0,0,0,0,-1
2020-08-23,US,Montana,Lewis and Clark,191,2,0,47.12610041,-112.39469799999999,30049.0,275.0892960018436,1.0471204188481675,189,191,2,0,189,188,68700,0,0,0,0,3
2020-08-23,US,Montana,Liberty,1,0,0,48.56084317,-111.02430700000001,30051.0,42.78990158322636,0.0,1,1,0,0,1,1,2430,0,0,0,0,0
2020-08-23,US,Montana,Lincoln,81,2,0,48.54265777,-115.4046155,30053.0,405.40540540540536,2.469135802469136,79,80,2,0,78,80,19794,1,0,0,1,0
2020-08-23,US,Montana,Madison,91,1,0,45.30080065,-111.9173017,30057.0,1058.139534883721,1.0989010989010992,90,90,1,0,89,90,8768,1,0,0,1,0
2020-08-23,US,Montana,McCone,5,0,0,47.64469406,-105.79449939999999,30055.0,300.48076923076917,0.0,5,5,0,0,5,5,1675,0,0,0,0,0
2020-08-23,US,Montana,Meagher,4,0,0,46.59907074,-110.8898557,30059.0,214.8227712137487,0.0,4,4,0,0,4,4,1866,0,0,0,0,0
2020-08-23,US,Montana,Mineral,2,0,0,47.15283992,-115.00152390000001,30061.0,45.48555833522857,0.0,2,2,0,0,2,2,4316,0,0,0,0,0
2020-08-23,US,Montana,Missoula,404,3,0,47.03728583,-113.92135079999998,30063.0,337.79264214046816,0.7425742574257426,401,400,3,0,397,400,118791,4,0,0,4,0
2020-08-23,US,Montana,Musselshell,6,0,0,46.49684637,-108.39498,30065.0,129.5057198359594,0.0,6,6,0,0,6,6,4651,0,0,0,0,0
2020-08-23,US,Montana,Park,64,0,0,45.48965095,-110.52643940000002,30067.0,385.4028664338191,0.0,64,64,0,0,64,65,16736,0,0,0,0,-1
2020-08-23,US,Montana,Phillips,108,0,0,48.25936577,-107.9128511,30071.0,2731.411229135053,0.0,108,107,0,0,107,105,4074,1,0,0,1,2
2020-08-23,US,Montana,Pondera,15,0,0,48.22773388,-112.22527029999999,30073.0,253.76416849940787,0.0,15,14,0,0,14,12,5972,1,0,0,1,2
2020-08-23,US,Montana,Powder River,1,0,0,45.39617714,-105.636738,30075.0,59.453032104637344,0.0,1,1,0,0,1,1,1716,0,0,0,0,0
2020-08-23,US,Montana,Powell,3,0,0,46.85538891,-112.93591640000001,30077.0,43.541364296081284,0.0,3,2,0,0,2,2,6968,1,0,0,1,0
2020-08-23,US,Montana,Prairie,1,0,0,46.86048047,-105.379384,30079.0,92.85051067780873,0.0,1,1,0,0,1,1,1087,0,0,0,0,0
2020-08-23,US,Montana,Ravalli,92,2,0,46.08520862,-114.11891640000002,30081.0,210.01689266310555,2.1739130434782608,90,92,2,0,90,90,43172,0,0,0,0,2
2020-08-23,US,Montana,Richland,54,2,0,47.78668011,-104.5610786,30083.0,499.86114968064425,3.703703703703704,52,54,2,0,52,52,10913,0,0,0,0,2
2020-08-23,US,Montana,Roosevelt,34,1,0,48.29607488,-105.00792679999999,30085.0,308.9785532533624,2.9411764705882355,33,34,1,0,33,31,11059,0,0,0,0,3
2020-08-23,US,Montana,Rosebud,134,2,0,46.23397237,-106.72928799999998,30087.0,1499.384580955578,1.492537313432836,132,134,2,0,132,124,9063,0,0,0,0,10
2020-08-23,US,Montana,Sanders,28,0,0,47.67657534,-115.1329916,30089.0,231.1566086023281,0.0,28,28,0,0,28,28,11844,0,0,0,0,0
2020-08-23,US,Montana,Sheridan,5,0,0,48.72085833,-104.50382900000001,30091.0,151.1030522816561,0.0,5,5,0,0,5,5,3424,0,0,0,0,0
2020-08-23,US,Montana,Silver Bow,110,0,0,45.90018933,-112.6620092,30093.0,315.05083774881854,0.0,110,110,0,0,110,107,34993,0,0,0,0,3
2020-08-23,US,Montana,Stillwater,33,1,0,45.67071407,-109.3950061,30095.0,342.25264467952707,3.0303030303030303,32,33,1,0,32,33,9534,0,0,0,0,0
2020-08-23,US,Montana,Sweet Grass,9,1,0,45.81367654,-109.9425686,30097.0,240.83489430024085,11.111111111111109,8,8,1,0,7,8,3710,1,0,0,1,0
2020-08-23,US,Montana,Teton,17,0,0,47.83741052,-112.24106880000001,30099.0,276.55767040832933,0.0,17,16,0,0,16,16,6162,1,0,0,1,0
2020-08-23,US,Montana,Toole,47,6,0,48.65577551,-111.69424140000001,30101.0,992.3986486486486,12.76595744680851,41,47,6,0,41,47,4853,0,0,0,0,0
2020-08-23,US,Montana,Treasure,3,0,0,46.20973220000001,-107.26665159999999,30103.0,431.0344827586207,0.0,3,3,0,0,3,3,679,0,0,0,0,0
2020-08-23,US,Montana,Valley,37,0,0,48.36435097,-106.6669635,30105.0,500.27041644131964,0.0,37,36,0,0,36,36,7437,1,0,0,1,0
2020-08-23,US,Montana,Wheatland,3,0,0,46.46652491,-109.84646359999999,30107.0,141.11006585136406,0.0,3,3,0,0,3,3,2236,0,0,0,0,0
2020-08-23,US,Montana,Wibaux,5,0,0,46.95925154,-104.2510927,30109.0,515.9958720330237,0.0,5,5,0,0,5,5,1034,0,0,0,0,0
2020-08-23,US,Montana,Yellowstone,1792,35,0,45.93955949,-108.26914860000001,30111.0,1110.973341599504,1.953125,1757,1773,35,0,1738,1689,160137,19,0,0,19,84
2020-08-23,US,Nebraska,Adams,381,11,0,40.52449420000001,-98.50117804,31001.0,1214.807256958837,2.8871391076115485,370,381,11,0,370,381,31511,0,0,0,0,0
2020-08-23,US,Nebraska,Antelope,23,1,0,42.17695516,-98.06662829999999,31003.0,365.1953000952684,4.3478260869565215,22,22,1,0,21,21,6336,1,0,0,1,1
2020-08-23,US,Nebraska,Arthur,1,0,0,41.56896142,-101.6959559,31005.0,215.98272138228938,0.0,1,1,0,0,1,1,465,0,0,0,0,0
2020-08-23,US,Nebraska,Banner,3,0,0,41.54634427,-103.7114332,31007.0,402.6845637583893,0.0,3,3,0,0,3,3,730,0,0,0,0,0
2020-08-23,US,Nebraska,Boone,16,0,0,41.70759415,-98.06737183,31011.0,308.1664098613251,0.0,16,16,0,0,16,16,5239,0,0,0,0,0
2020-08-23,US,Nebraska,Box Butte,19,0,0,42.22079243,-103.08788340000001,31013.0,176.20328294537697,0.0,19,19,0,0,19,18,10772,0,0,0,0,1
2020-08-23,US,Nebraska,Boyd,10,0,0,42.899727399999996,-98.76486568,31015.0,521.1047420531527,0.0,10,10,0,0,10,10,1955,0,0,0,0,0
2020-08-23,US,Nebraska,Brown,2,0,0,42.43018907,-99.92904055,31017.0,67.68189509306261,0.0,2,2,0,0,2,2,2973,0,0,0,0,0
2020-08-23,US,Nebraska,Buffalo,573,3,0,40.85486962,-99.07500296,31019.0,1153.8693892345798,0.5235602094240838,570,566,2,0,564,554,49615,7,1,0,6,12
2020-08-23,US,Nebraska,Burt,57,0,0,41.85056773,-96.32605633,31021.0,882.4895494658616,0.0,57,57,0,0,57,56,6488,0,0,0,0,1
2020-08-23,US,Nebraska,Butler,73,0,0,41.22703692,-97.13106306,31023.0,910.6786427145707,0.0,73,73,0,0,73,71,8058,0,0,0,0,2
2020-08-23,US,Nebraska,Cass,235,2,0,40.90899107,-96.13971217,31025.0,895.3063090521182,0.851063829787234,233,235,2,0,233,230,26159,0,0,0,0,5
2020-08-23,US,Nebraska,Cedar,42,0,0,42.598885100000004,-97.25311951,31027.0,499.8809807188765,0.0,42,40,0,0,40,39,8446,2,0,0,2,1
2020-08-23,US,Nebraska,Chase,11,0,0,40.523719799999995,-101.69780259999999,31029.0,280.32619775739045,0.0,11,11,0,0,11,11,3977,0,0,0,0,0
2020-08-23,US,Nebraska,Cherry,5,0,0,42.54502621,-101.1244332,31031.0,87.88890841975744,0.0,5,5,0,0,5,5,5761,0,0,0,0,0
2020-08-23,US,Nebraska,Cheyenne,27,0,0,41.21999357,-102.9941693,31033.0,303.030303030303,0.0,27,27,0,0,27,27,9310,0,0,0,0,0
2020-08-23,US,Nebraska,Clay,53,0,0,40.52439441,-98.05126296,31035.0,854.4252780912462,0.0,53,53,0,0,53,53,6214,0,0,0,0,0
2020-08-23,US,Nebraska,Colfax,713,4,0,41.57486951,-97.0868542,31037.0,6657.951255952937,0.5610098176718092,709,711,4,0,707,710,10881,2,0,0,2,1
2020-08-23,US,Nebraska,Cuming,74,0,0,41.91637624,-96.78730772,31039.0,836.5362875876103,0.0,74,73,0,0,73,73,8940,1,0,0,1,0
2020-08-23,US,Nebraska,Custer,66,4,0,41.39374521,-99.72805369,31041.0,612.4153289412639,6.0606060606060606,62,66,4,0,62,66,10840,0,0,0,0,0
2020-08-23,US,Nebraska,Dakota,1960,42,0,42.39040144,-96.56656425,31043.0,9787.276540497354,2.142857142857143,1918,1959,42,0,1917,1956,20083,1,0,0,1,3
2020-08-23,US,Nebraska,Dawes,52,0,0,42.71985036,-103.1313774,31045.0,605.4255443008499,0.0,52,49,0,0,49,44,8716,3,0,0,3,5
2020-08-23,US,Nebraska,Dawson,987,10,0,40.87028216,-99.82014609999999,31047.0,4183.089637635092,1.0131712259371837,977,986,9,0,977,985,23709,1,1,0,0,1
2020-08-23,US,Nebraska,Deuel,3,0,0,41.11168186,-102.33333309999999,31049.0,167.22408026755855,0.0,3,2,0,0,2,2,1825,1,0,0,1,0
2020-08-23,US,Nebraska,Dixon,57,2,0,42.49188363,-96.86782408,31051.0,1011.3555713271824,3.5087719298245608,55,57,2,0,55,57,5709,0,0,0,0,0
2020-08-23,US,Nebraska,Dodge,865,11,0,41.58071748,-96.65598179,31053.0,2365.6502119513198,1.2716763005780347,854,865,11,0,854,863,36791,0,0,0,0,2
2020-08-23,US,Nebraska,Douglas,12619,148,0,41.29518299,-96.15085305,31055.0,2208.7175995533207,1.1728346144702433,12471,12569,148,0,12421,12498,566880,50,0,0,50,71
2020-08-23,US,Nebraska,Dundy,5,0,0,40.17638677,-101.6876522,31057.0,295.3337271116362,0.0,5,5,0,0,5,6,1770,0,0,0,0,-1
2020-08-23,US,Nebraska,Fillmore,30,1,0,40.52458567,-97.59646937,31059.0,549.2493592090809,3.333333333333333,29,30,1,0,29,30,5527,0,0,0,0,0
2020-08-23,US,Nebraska,Franklin,17,0,0,40.17636348,-98.95299073,31061.0,570.6612957368243,0.0,17,16,0,0,16,16,3023,1,0,0,1,0
2020-08-23,US,Nebraska,Frontier,5,0,0,40.52993007,-100.3924658,31063.0,190.3311762466692,0.0,5,5,0,0,5,4,2608,0,0,0,0,1
2020-08-23,US,Nebraska,Furnas,19,1,0,40.17642064,-99.91247454,31065.0,406.3301967493584,5.2631578947368425,18,18,1,0,17,18,4715,1,0,0,1,0
2020-08-23,US,Nebraska,Gage,112,4,0,40.26186809,-96.68946704,31067.0,520.6154418258726,3.571428571428572,108,112,4,0,108,110,21493,0,0,0,0,2
2020-08-23,US,Nebraska,Garden,6,0,0,41.61703149,-102.3313973,31069.0,326.619488296135,0.0,6,5,0,0,5,5,1897,1,0,0,1,0
2020-08-23,US,Nebraska,Garfield,6,0,0,41.91428955,-98.99111827,31071.0,304.7232097511427,0.0,6,6,0,0,6,6,1987,0,0,0,0,0
2020-08-23,US,Nebraska,Gosper,22,0,0,40.51481965,-99.83020279,31073.0,1105.5276381909548,0.0,22,22,0,0,22,22,1996,0,0,0,0,0
2020-08-23,US,Nebraska,Greeley,10,0,0,41.56742671,-98.52150266,31077.0,424.44821731748726,0.0,10,10,0,0,10,10,2356,0,0,0,0,0
2020-08-23,US,Nebraska,Hall,1797,46,0,40.87257079,-98.50218293,31079.0,2928.952129480221,2.5598219254312737,1751,1798,46,0,1752,1790,61607,-1,0,0,-1,8
2020-08-23,US,Nebraska,Hamilton,103,12,0,40.87349452,-98.02099117,31081.0,1104.6761046761046,11.650485436893206,91,103,12,0,91,105,9280,0,0,0,0,-2
2020-08-23,US,Nebraska,Harlan,2,0,0,40.17658508,-99.40438879,31083.0,59.1715976331361,0.0,2,2,0,0,2,2,3401,0,0,0,0,0
2020-08-23,US,Nebraska,Hitchcock,2,0,0,40.17609175,-101.04164770000001,31087.0,72.41129616220131,0.0,2,2,0,0,2,1,2806,0,0,0,0,1
2020-08-23,US,Nebraska,Holt,16,0,0,42.45522056,-98.78402558,31089.0,158.93513459819212,0.0,16,16,0,0,16,15,10178,0,0,0,0,1
2020-08-23,US,Nebraska,Hooker,4,0,0,41.91586243,-101.1354293,31091.0,586.5102639296188,0.0,4,4,0,0,4,4,682,0,0,0,0,0
2020-08-23,US,Nebraska,Howard,60,5,0,41.2200529,-98.5166499,31093.0,930.954228083786,8.333333333333334,55,60,5,0,55,59,6468,0,0,0,0,1
2020-08-23,US,Nebraska,Jefferson,19,0,0,40.17584531,-97.142601,31095.0,269.6565427192733,0.0,19,19,0,0,19,19,7097,0,0,0,0,0
2020-08-23,US,Nebraska,Johnson,21,0,0,40.39257596,-96.26522753,31097.0,414.1195030565963,0.0,21,21,0,0,21,21,5134,0,0,0,0,0
2020-08-23,US,Nebraska,Kearney,97,0,0,40.50663314,-98.94877182,31099.0,1493.4565050038489,0.0,97,97,0,0,97,96,6544,0,0,0,0,1
2020-08-23,US,Nebraska,Keith,43,0,0,41.19930341,-101.66201640000001,31101.0,535.2252925068459,0.0,43,44,0,0,44,44,8021,-1,0,0,-1,0
2020-08-23,US,Nebraska,Kimball,15,0,0,41.19774275,-103.7148131,31105.0,412.9955947136564,0.0,15,15,0,0,15,15,3618,0,0,0,0,0
2020-08-23,US,Nebraska,Knox,48,0,0,42.63758421,-97.89178836,31107.0,576.0921747479598,0.0,48,49,0,0,49,48,8419,-1,0,0,-1,1
2020-08-23,US,Nebraska,Lancaster,3604,20,0,40.78416049,-96.68777155,31109.0,1129.4619072988812,0.5549389567147613,3584,3594,20,0,3574,3572,317272,10,0,0,10,22
2020-08-23,US,Nebraska,Lincoln,251,2,0,41.04658298,-100.74753740000001,31111.0,718.9093200435356,0.796812749003984,249,250,2,0,248,248,35185,1,0,0,1,2
2020-08-23,US,Nebraska,Logan,3,0,0,41.56650314,-100.4817851,31113.0,401.06951871657753,0.0,3,2,0,0,2,2,749,1,0,0,1,0
2020-08-23,US,Nebraska,Madison,542,5,0,41.91676024,-97.6005481,31119.0,1544.2035385623526,0.922509225092251,537,542,5,0,537,540,35392,0,0,0,0,2
2020-08-23,US,Nebraska,McPherson,6,0,0,41.56797682,-101.05993620000001,31117.0,1214.5748987854256,0.0,6,6,0,0,6,6,492,0,0,0,0,0
2020-08-23,US,Nebraska,Merrick,62,0,0,41.16624273,-98.0374887,31121.0,799.4842037395229,0.0,62,63,0,0,63,65,7733,-1,0,0,-1,-2
2020-08-23,US,Nebraska,Morrill,63,0,0,41.71711774,-103.0061405,31123.0,1357.1736320551486,0.0,63,63,0,0,63,63,4686,0,0,0,0,0
2020-08-23,US,Nebraska,Nance,11,0,0,41.39750195,-97.99327291,31125.0,312.588803637397,0.0,11,11,0,0,11,11,3532,0,0,0,0,0
2020-08-23,US,Nebraska,Nemaha,59,0,0,40.38514847,-95.85433992,31127.0,846.2421113023523,0.0,59,59,0,0,59,59,6958,0,0,0,0,0
2020-08-23,US,Nebraska,Nuckolls,7,0,0,40.17637905,-98.04743961,31129.0,168.7560270009643,0.0,7,7,0,0,7,7,4195,0,0,0,0,0
2020-08-23,US,Nebraska,Otoe,86,1,0,40.64843556,-96.13374142,31131.0,537.0971771171621,1.162790697674419,85,86,1,0,85,86,15985,0,0,0,0,0
2020-08-23,US,Nebraska,Pawnee,10,0,0,40.13141096,-96.23705437,31133.0,382.70187523918884,0.0,10,10,0,0,10,10,2632,0,0,0,0,0
2020-08-23,US,Nebraska,Perkins,28,7,0,40.85082525,-101.6502942,31135.0,968.5230024213076,25.0,21,27,7,0,20,27,2929,1,0,0,1,0
2020-08-23,US,Nebraska,Phelps,53,0,0,40.51156033,-99.41461667,31137.0,586.6725702900155,0.0,53,52,0,0,52,52,8996,1,0,0,1,0
2020-08-23,US,Nebraska,Pierce,56,1,0,42.26434853,-97.60122773,31139.0,783.435926133184,1.7857142857142858,55,56,1,0,55,56,7142,0,0,0,0,0
2020-08-23,US,Nebraska,Platte,831,3,0,41.57246836,-97.52144359,31141.0,2482.8204362115325,0.36101083032490977,828,832,3,0,829,830,33363,-1,0,0,-1,2
2020-08-23,US,Nebraska,Polk,31,0,0,41.18813488,-97.56630712,31143.0,594.6671782083254,0.0,31,31,0,0,31,30,5278,0,0,0,0,1
2020-08-23,US,Nebraska,Red Willow,18,0,0,40.17556879999999,-100.476998,31145.0,167.84781797836632,0.0,18,18,0,0,18,18,10726,0,0,0,0,0
2020-08-23,US,Nebraska,Richardson,30,1,0,40.1247415,-95.71755036,31147.0,381.4367450731087,3.333333333333333,29,28,1,0,27,28,7937,2,0,0,2,0
2020-08-23,US,Nebraska,Rock,5,0,0,42.42252217,-99.44832069,31149.0,368.45983787767136,0.0,5,4,0,0,4,4,1360,1,0,0,1,0
2020-08-23,US,Nebraska,Saline,615,2,0,40.52418865,-97.14085859,31151.0,4323.678290213723,0.3252032520325203,613,615,2,0,613,613,14350,0,0,0,0,2
2020-08-23,US,Nebraska,Sarpy,2642,13,0,41.11314181,-96.11156432,31153.0,1411.3549434816982,0.4920514761544285,2629,2632,13,0,2619,2626,184459,10,0,0,10,6
2020-08-23,US,Nebraska,Saunders,189,2,0,41.227810299999994,-96.63773905,31155.0,875.8921123366391,1.058201058201058,187,189,2,0,187,190,21303,0,0,0,0,-1
2020-08-23,US,Nebraska,Scotts Bluff,331,6,0,41.85070896,-103.70809859999999,31157.0,929.3054073782919,1.8126888217522656,325,327,6,0,321,323,35989,4,0,0,4,4
2020-08-23,US,Nebraska,Seward,147,2,0,40.87241834,-97.139673,31159.0,850.4975700069429,1.3605442176870748,145,145,2,0,143,143,17318,2,0,0,2,2
2020-08-23,US,Nebraska,Sheridan,14,0,0,42.50284406,-102.4126613,31161.0,266.8699961875715,0.0,14,14,0,0,14,14,5190,0,0,0,0,0
2020-08-23,US,Nebraska,Sherman,15,1,0,41.22045983,-98.97588642,31163.0,499.8333888703766,6.666666666666668,14,15,1,0,14,14,3038,0,0,0,0,1
2020-08-23,US,Nebraska,Sioux,5,0,0,42.48932059,-103.7576544,31165.0,428.8164665523156,0.0,5,5,0,0,5,5,1187,0,0,0,0,0
2020-08-23,US,Nebraska,Stanton,32,0,0,41.9169835,-97.19394708,31167.0,540.5405405405405,0.0,32,32,0,0,32,32,5970,0,0,0,0,0
2020-08-23,US,Nebraska,Thayer,27,0,0,40.17626377,-97.59504381,31169.0,539.6761942834298,0.0,27,27,0,0,27,27,5039,0,0,0,0,0
2020-08-23,US,Nebraska,Thomas,3,0,0,41.91358968,-100.5556632,31171.0,415.51246537396116,0.0,3,3,0,0,3,2,720,0,0,0,0,1
2020-08-23,US,Nebraska,Thurston,217,4,0,42.15725356,-96.54157099,31173.0,3003.875968992248,1.8433179723502304,213,216,4,0,212,216,7303,1,0,0,1,0
2020-08-23,US,Nebraska,Unassigned,176,0,0,0.0,0.0,90031.0,0.0,0.0,176,170,0,0,170,183,,6,0,0,6,-13
2020-08-23,US,Nebraska,Valley,18,0,0,41.56730777,-98.98197724,31175.0,432.9004329004329,0.0,18,18,0,0,18,17,4190,0,0,0,0,1
2020-08-23,US,Nebraska,Washington,158,1,0,41.52815707,-96.22019892,31177.0,762.2171836557477,0.6329113924050633,157,157,1,0,156,158,20667,1,0,0,1,-1
2020-08-23,US,Nebraska,Wayne,45,0,0,42.20934475,-97.11926964,31179.0,479.48854555141196,0.0,45,44,0,0,44,43,9403,1,0,0,1,1
2020-08-23,US,Nebraska,Webster,11,0,0,40.17642643,-98.50019851,31181.0,315.4574132492114,0.0,11,11,0,0,11,11,3533,0,0,0,0,0
2020-08-23,US,Nebraska,Wheeler,1,0,0,41.91482725,-98.52798941,31183.0,127.7139208173691,0.0,1,1,0,0,1,1,805,0,0,0,0,0
2020-08-23,US,Nebraska,York,101,0,0,40.87272618,-97.59710186,31185.0,738.3580671101689,0.0,101,101,0,0,101,96,13772,0,0,0,0,5
2020-08-23,US,Nevada,Carson City,405,8,0,39.15509045,-119.7480219,32510.0,724.3007368195151,1.9753086419753083,397,401,8,0,393,397,55414,4,0,0,4,4
2020-08-23,US,Nevada,Churchill,82,1,0,39.58105744,-118.3394607,32001.0,329.1982817455538,1.2195121951219512,81,82,1,0,81,82,24440,0,0,0,0,0
2020-08-23,US,Nevada,Clark,56464,1027,0,36.21458855,-115.0130241,32003.0,2491.005706495964,1.8188580334372344,55437,56010,1027,0,54983,55521,2231647,454,0,0,454,489
2020-08-23,US,Nevada,Douglas,226,1,0,38.912862,-119.61713329999999,32005.0,462.12043758306913,0.4424778761061947,225,226,1,0,225,225,48467,0,0,0,0,1
2020-08-23,US,Nevada,Elko,728,3,0,41.14531606,-115.3577619,32007.0,1379.3626132100494,0.4120879120879121,725,719,3,0,716,701,52460,9,0,0,9,18
2020-08-23,US,Nevada,Eureka,5,0,0,39.98100864,-116.26832040000001,32011.0,246.4268112370626,0.0,5,5,0,0,5,5,2003,0,0,0,0,0
2020-08-23,US,Nevada,Humboldt,106,4,0,41.40692186,-118.11094270000001,32013.0,629.7902679579347,3.7735849056603774,102,106,4,0,102,106,16786,0,0,0,0,0
2020-08-23,US,Nevada,Lander,54,1,0,39.933223299999995,-117.03970749999999,32015.0,976.1388286334056,1.851851851851852,53,54,1,0,53,54,5575,0,0,0,0,0
2020-08-23,US,Nevada,Lincoln,7,0,0,37.64268459,-114.8790388,32017.0,135.05691684352692,0.0,7,7,0,0,7,5,5201,0,0,0,0,2
2020-08-23,US,Nevada,Lyon,296,6,0,39.01777974,-119.18704790000001,32019.0,514.6930968527213,2.0270270270270268,290,293,6,0,287,284,55808,3,0,0,3,9
2020-08-23,US,Nevada,Mineral,12,0,0,38.53841696,-118.4344506,32021.0,266.37069922308547,0.0,12,12,0,0,12,12,4514,0,0,0,0,0
2020-08-23,US,Nevada,Nye,457,14,0,38.04264256,-116.47227020000001,32023.0,982.3098252477272,3.063457330415755,443,455,14,0,441,453,45346,2,0,0,2,2
2020-08-23,US,Nevada,Pershing,17,0,0,40.44003782,-118.40056409999998,32027.0,252.78810408921933,0.0,17,17,0,0,17,17,6666,0,0,0,0,0
2020-08-23,US,Nevada,Storey,6,0,0,39.44875482,-119.5250207,32029.0,145.52510308028138,0.0,6,6,0,0,6,6,4029,0,0,0,0,0
2020-08-23,US,Nevada,Washoe,6712,131,0,40.66562265,-119.6631594,32031.0,1423.4845255440396,1.9517282479141835,6581,6652,131,0,6521,6545,465735,60,0,0,60,107
2020-08-23,US,Nevada,White Pine,24,1,0,39.44157041,-114.89996599999999,32033.0,250.52192066805844,4.166666666666667,23,24,1,0,23,20,9475,0,0,0,0,4
2020-08-23,US,New Hampshire,Belknap,121,4,0,43.51637314,-71.41684235,33001.0,197.38022609007717,3.3057851239669422,117,121,4,0,117,121,61022,0,0,0,0,0
2020-08-23,US,New Hampshire,Carroll,99,1,0,43.87498583,-71.20430216,33003.0,202.4125945614394,1.0101010101010102,98,99,1,0,98,99,48779,0,0,0,0,0
2020-08-23,US,New Hampshire,Cheshire,115,3,0,42.92015988,-72.25311043,33005.0,151.14674377341132,2.608695652173913,112,111,3,0,108,109,76493,4,0,0,4,2
2020-08-23,US,New Hampshire,Coos,17,0,0,44.69063265,-71.30633239,33007.0,53.86053290244907,0.0,17,17,0,0,17,17,31589,0,0,0,0,0
2020-08-23,US,New Hampshire,Grafton,109,1,0,43.93779815,-71.82057197,33009.0,121.26471308101372,0.9174311926605504,108,109,1,0,108,107,89786,0,0,0,0,2
2020-08-23,US,New Hampshire,Hillsborough,3979,284,0,42.91537785,-71.7200253,33011.0,954.1394400815301,7.137471726564463,3695,3979,284,0,3695,3972,415247,0,0,0,0,7
2020-08-23,US,New Hampshire,Merrimack,487,23,0,43.29662971,-71.6811573,33013.0,321.6835875316234,4.722792607802875,464,485,23,0,462,483,151132,2,0,0,2,2
2020-08-23,US,New Hampshire,Rockingham,1758,99,0,42.98499744,-71.12883377,33015.0,567.5196678815504,5.631399317406143,1659,1756,99,0,1657,1747,309176,2,0,0,2,9
2020-08-23,US,New Hampshire,Strafford,372,13,0,43.291833000000004,-71.02336013,33017.0,284.7672487043856,3.4946236559139785,359,371,13,0,358,370,130090,1,0,0,1,1
2020-08-23,US,New Hampshire,Sullivan,44,1,0,43.36094111,-72.22203125,33019.0,101.97932600936356,2.272727272727273,43,44,1,0,43,44,43144,0,0,0,0,0
2020-08-23,US,New Hampshire,Unassigned,6,0,0,0.0,0.0,90033.0,0.0,0.0,6,2,0,0,2,2,,4,0,0,4,0
2020-08-23,US,New Jersey,Atlantic,3673,252,0,39.47538693,-74.65848483,34001.0,1393.0291652444346,6.86087666757419,3421,3665,252,0,3413,3651,265429,8,0,0,8,14
2020-08-23,US,New Jersey,Bergen,21326,2032,0,40.96010917,-74.07164325,34003.0,2287.7015925732835,9.528275344649725,19294,21316,2031,0,19285,21282,936692,10,1,0,9,34
2020-08-23,US,New Jersey,Burlington,6274,482,0,39.87681124,-74.66927768,34005.0,1408.7827748574716,7.6824992030602495,5792,6260,482,0,5778,6247,445384,14,0,0,14,13
2020-08-23,US,New Jersey,Camden,8961,584,0,39.80343818,-74.96388753,34007.0,1769.3016974318368,6.517129784622253,8377,8938,584,0,8354,8920,507078,23,0,0,23,18
2020-08-23,US,New Jersey,Cape May,878,91,0,39.15008829,-74.80170244,34009.0,953.9434370212629,10.364464692482915,787,874,91,0,783,867,92560,4,0,0,4,7
2020-08-23,US,New Jersey,Cumberland,3501,159,0,39.37199394,-75.10712559,34011.0,2341.3831615694826,4.541559554413025,3342,3493,159,0,3334,3475,150972,8,0,0,8,18
2020-08-23,US,New Jersey,Essex,20112,2114,0,40.78681335,-74.24657979,34013.0,2517.225194780813,10.511137629276053,17998,20088,2112,0,17976,20052,799767,24,2,0,22,36
2020-08-23,US,New Jersey,Gloucester,3557,220,0,39.71581067,-75.13995546,34015.0,1219.6710968467544,6.184987348889513,3337,3545,220,0,3325,3516,291408,12,0,0,12,29
2020-08-23,US,New Jersey,Hudson,20042,1510,0,40.73766234,-74.07515667,34017.0,2980.706166501336,7.534178225725975,18532,20018,1510,0,18508,19989,676061,24,0,0,24,29
2020-08-23,US,New Jersey,Hunterdon,1192,124,0,40.56335249,-74.91284156,34019.0,958.4227834463018,10.402684563758392,1068,1190,124,0,1066,1182,124714,2,0,0,2,8
2020-08-23,US,New Jersey,Mercer,8264,624,0,40.28047017,-74.70479631,34021.0,2249.1358898293547,7.550822846079379,7640,8258,624,0,7634,8248,369811,6,0,0,6,10
2020-08-23,US,New Jersey,Middlesex,18275,1420,0,40.43629879,-74.41426991,34023.0,2214.985055668544,7.7701778385772915,16855,18248,1420,0,16828,18219,829685,27,0,0,27,29
2020-08-23,US,New Jersey,Monmouth,10589,860,0,40.26549699,-74.22240686,34025.0,1711.2290823293658,8.121635659646802,9729,10573,860,0,9713,10545,621354,16,0,0,16,28
2020-08-23,US,New Jersey,Morris,7411,830,0,40.86095313,-74.54553709999998,34027.0,1506.7755085443584,11.199568209418432,6581,7399,830,0,6569,7391,494228,12,0,0,12,8
2020-08-23,US,New Jersey,Ocean,10926,1025,0,39.8895449,-74.28089251,34029.0,1799.448603887441,9.38129233022149,9901,10908,1025,0,9883,10857,601651,18,0,0,18,51
2020-08-23,US,New Jersey,Passaic,18173,1246,0,41.03238628,-74.29954144,34031.0,3621.374739451522,6.856325317779123,16927,18144,1246,0,16898,18085,503310,29,0,0,29,59
2020-08-23,US,New Jersey,Salem,954,88,0,39.58719656,-75.34696629999998,34033.0,1529.2137533060834,9.224318658280922,866,953,88,0,865,945,62607,1,0,0,1,8
2020-08-23,US,New Jersey,Somerset,5346,564,0,40.56465737,-74.61683016,34035.0,1625.2500501620386,10.549943883277217,4782,5341,564,0,4777,5336,331164,5,0,0,5,5
2020-08-23,US,New Jersey,Sussex,1362,198,0,41.13891592,-74.69118243,34037.0,969.4778201696944,14.537444933920705,1164,1362,198,0,1164,1358,140799,0,0,0,0,4
2020-08-23,US,New Jersey,Unassigned,319,0,0,0.0,0.0,90034.0,0.0,0.0,319,427,0,0,427,328,,-108,0,0,-108,99
2020-08-23,US,New Jersey,Union,16978,1352,0,40.65835409,-74.30680092,34039.0,3051.725470529765,7.963246554364471,15626,16967,1352,0,15615,16947,558067,11,0,0,11,20
2020-08-23,US,New Jersey,Warren,1381,171,0,40.85951833,-74.99556527,34041.0,1311.9021155727814,12.382331643736427,1210,1379,171,0,1208,1377,105779,2,0,0,2,2
2020-08-23,US,New Mexico,Bernalillo,5601,149,0,35.05163625,-106.6703554,35001.0,824.7425716477625,2.6602392429923234,5452,5526,148,0,5378,5502,678701,75,1,0,74,24
2020-08-23,US,New Mexico,Catron,5,1,0,33.91514144,-108.4046587,35003.0,141.7635384179189,20.0,4,5,1,0,4,5,3578,0,0,0,0,0
2020-08-23,US,New Mexico,Chaves,622,6,0,33.36406072,-104.4665365,35005.0,962.6247775284377,0.964630225080386,616,607,6,0,601,593,64689,15,0,0,15,14
2020-08-23,US,New Mexico,Cibola,392,19,0,34.91131525,-107.998876,35006.0,1469.5407685098407,4.846938775510204,373,384,19,0,365,392,26746,8,0,0,8,-8
2020-08-23,US,New Mexico,Colfax,19,1,0,36.60569702,-104.64726740000002,35007.0,159.11565195544762,5.2631578947368425,18,19,1,0,18,19,12110,0,0,0,0,0
2020-08-23,US,New Mexico,Curry,638,3,0,34.57421077,-103.34688759999999,35009.0,1303.2642889242966,0.4702194357366771,635,636,3,0,633,621,49437,2,0,0,2,15
2020-08-23,US,New Mexico,Dona Ana,2716,38,0,32.35275771,-106.83293870000001,35013.0,1244.7581291963609,1.3991163475699555,2678,2684,38,0,2646,2699,217522,32,0,0,32,-15
2020-08-23,US,New Mexico,Eddy,417,5,0,32.47167456,-104.3053527,35015.0,713.3082449538147,1.1990407673860912,412,414,5,0,409,408,57900,3,0,0,3,6
2020-08-23,US,New Mexico,Grant,76,2,0,32.73911281,-108.3827845,35017.0,281.50233350618566,2.631578947368421,74,74,2,0,72,76,27346,2,0,0,2,-2
2020-08-23,US,New Mexico,Guadalupe,33,1,0,34.86319296,-104.790669,35019.0,767.4418604651163,3.0303030303030303,32,34,1,0,33,32,4341,-1,0,0,-1,2
2020-08-23,US,New Mexico,Harding,2,0,0,35.85751555,-103.82209379999999,35021.0,320.0,0.0,2,2,0,0,2,2,655,0,0,0,0,0
2020-08-23,US,New Mexico,Hidalgo,93,1,0,31.91383467,-108.7151824,35023.0,2215.340638399238,1.075268817204301,92,93,1,0,92,93,4240,0,0,0,0,0
2020-08-23,US,New Mexico,Lea,1036,8,0,32.79215361,-103.4123733,35025.0,1457.7177430702125,0.7722007722007722,1028,1017,8,0,1009,1010,69611,19,0,0,19,7
2020-08-23,US,New Mexico,Lincoln,164,2,0,33.74526079,-105.4586166,35027.0,837.9317392192929,1.2195121951219512,162,162,2,0,160,162,19556,2,0,0,2,0
2020-08-23,US,New Mexico,Los Alamos,24,0,0,35.86631386,-106.31349850000001,35028.0,123.90933966647735,0.0,24,24,0,0,24,24,19101,0,0,0,0,0
2020-08-23,US,New Mexico,Luna,269,5,0,32.18179341,-107.75088259999998,35029.0,1134.5902399932515,1.858736059479554,264,261,5,0,256,264,23963,8,0,0,8,-3
2020-08-23,US,New Mexico,McKinley,4157,238,0,35.58007720000001,-108.262245,35031.0,5824.820995698292,5.725282655761366,3919,4119,237,0,3882,4148,72290,38,1,0,37,-29
2020-08-23,US,New Mexico,Mora,6,0,0,36.01095101,-104.9497716,35033.0,132.71400132713998,0.0,6,6,0,0,6,6,4506,0,0,0,0,0
2020-08-23,US,New Mexico,Otero,215,11,0,32.61348406,-105.7417604,35035.0,318.565713439028,5.116279069767441,204,210,11,0,199,213,66781,5,0,0,5,-3
2020-08-23,US,New Mexico,Quay,60,1,0,35.10403332,-103.54817270000001,35037.0,727.0083605961469,1.6666666666666667,59,61,1,0,60,60,8253,-1,0,0,-1,1
2020-08-23,US,New Mexico,Rio Arriba,345,10,0,36.51072137,-106.69316740000001,35039.0,886.4109349708383,2.898550724637681,335,344,10,0,334,343,39006,1,0,0,1,1
2020-08-23,US,New Mexico,Roosevelt,191,1,0,34.02097406,-103.4799493,35041.0,1032.4324324324325,0.5235602094240838,190,193,1,0,192,188,18743,-2,0,0,-2,5
2020-08-23,US,New Mexico,San Juan,3146,189,0,36.50838318,-108.32043700000001,35045.0,2537.956404588651,6.007628734901463,2957,3116,189,0,2927,3131,125043,30,0,0,30,-15
2020-08-23,US,New Mexico,San Miguel,67,0,0,35.48014807,-104.8163562,35047.0,245.62818491769627,0.0,67,62,0,0,62,61,27591,5,0,0,5,1
2020-08-23,US,New Mexico,Sandoval,1194,35,0,35.68862401,-106.86878030000001,35043.0,813.6397088887072,2.931323283082077,1159,1176,35,0,1141,1181,145179,18,0,0,18,-5
2020-08-23,US,New Mexico,Santa Fe,777,3,0,35.50708973,-105.9774716,35049.0,516.7666502613762,0.3861003861003861,774,753,3,0,750,748,150056,24,0,0,24,5
2020-08-23,US,New Mexico,Sierra,37,1,0,33.13028233,-107.1925893,35051.0,342.87832452970065,2.702702702702702,36,36,1,0,35,36,10968,1,0,0,1,0
2020-08-23,US,New Mexico,Socorro,76,6,0,34.00715494,-106.9298354,35053.0,456.8131273667128,7.894736842105262,70,76,6,0,70,76,16735,0,0,0,0,0
2020-08-23,US,New Mexico,Taos,115,2,0,36.58006022,-105.63101979999999,35055.0,351.43477065061273,1.7391304347826086,113,114,2,0,112,115,32835,1,0,0,1,-1
2020-08-23,US,New Mexico,Torrance,63,1,0,34.64048375,-105.8508949,35057.0,407.4768773041847,1.5873015873015872,62,63,1,0,62,63,15591,0,0,0,0,0
2020-08-23,US,New Mexico,Unassigned,1316,0,0,0.0,0.0,90035.0,0.0,0.0,1316,1516,0,0,1516,1314,,-200,0,0,-200,202
2020-08-23,US,New Mexico,Union,31,2,0,36.48126404,-103.4709624,35059.0,763.7349100763735,6.451612903225807,29,29,2,0,27,31,4118,2,0,0,2,-2
2020-08-23,US,New Mexico,Valencia,493,4,0,34.71669834,-106.8103733,35061.0,642.8645941998748,0.8113590263691683,489,486,4,0,482,479,76456,7,0,0,7,7
2020-08-23,US,New York,Albany,2699,129,0,42.60060306,-73.97723916,36001.0,883.4523708208677,4.779547980733605,2570,2693,129,0,2564,2691,307117,6,0,0,6,2
2020-08-23,US,New York,Allegany,85,1,0,42.25748406,-78.02750466,36003.0,184.4177822134473,1.1764705882352942,84,84,1,0,83,84,46430,1,0,0,1,0
2020-08-23,US,New York,Broome,1239,69,0,42.15903158,-75.81326086,36007.0,650.4346730502708,5.569007263922519,1170,1227,69,0,1158,1211,191659,12,0,0,12,16
2020-08-23,US,New York,Cattaraugus,180,6,0,42.24778241,-78.67923096,36009.0,236.4780535228661,3.333333333333333,174,178,6,0,172,174,76840,2,0,0,2,4
2020-08-23,US,New York,Cayuga,167,2,0,42.91261714,-76.55731592,36011.0,218.083994985374,1.1976047904191616,165,166,2,0,164,164,77145,1,0,0,1,2
2020-08-23,US,New York,Chautauqua,289,9,0,42.22769210000001,-79.36691763,36013.0,227.73299291584908,3.1141868512110733,280,287,9,0,278,278,127939,2,0,0,2,9
2020-08-23,US,New York,Chemung,194,3,0,42.13891056,-76.7638805,36015.0,232.45782208588957,1.5463917525773196,191,194,3,0,191,193,84254,0,0,0,0,1
2020-08-23,US,New York,Chenango,223,6,0,42.49430041,-75.60887553,36017.0,472.38756964009576,2.690582959641256,217,223,6,0,217,222,47536,0,0,0,0,1
2020-08-23,US,New York,Clinton,141,4,0,44.74530905,-73.67875352,36019.0,175.18792321550598,2.8368794326241136,137,141,4,0,137,136,80695,0,0,0,0,5
2020-08-23,US,New York,Columbia,562,37,0,42.24819348,-73.63089095,36021.0,945.1573300146314,6.5836298932384345,525,561,37,0,524,561,59916,1,0,0,1,0
2020-08-23,US,New York,Cortland,98,0,0,42.59509207,-76.07048931,36023.0,205.9645656879847,0.0,98,98,0,0,98,98,47823,0,0,0,0,0
2020-08-23,US,New York,Delaware,109,4,0,42.19837623,-74.96709306,36025.0,246.96952532004082,3.669724770642202,105,109,4,0,105,109,44527,0,0,0,0,0
2020-08-23,US,New York,Dutchess,4767,153,0,41.76486060000001,-73.74356679,36027.0,1620.2271784867005,3.2095657646318436,4614,4753,153,0,4600,4734,293718,14,0,0,14,19
2020-08-23,US,New York,Erie,9465,676,0,42.76249024,-78.73063652,36029.0,1030.2579073518943,7.1421024828314845,8789,9413,676,0,8737,9364,919719,52,0,0,52,49
2020-08-23,US,New York,Essex,100,0,0,44.11630765,-73.77297842,36031.0,271.112918530568,0.0,100,98,0,0,98,85,37300,2,0,0,2,13
2020-08-23,US,New York,Franklin,56,0,0,44.59040891,-74.29926032,36033.0,111.9507416736636,0.0,56,56,0,0,56,56,50293,0,0,0,0,0
2020-08-23,US,New York,Fulton,309,24,0,43.11363907,-74.41798804,36035.0,578.835959013169,7.766990291262137,285,308,24,0,284,306,53591,1,0,0,1,2
2020-08-23,US,New York,Genesee,290,5,0,43.0022601,-78.19135193,36037.0,506.2849162011173,1.7241379310344829,285,290,5,0,285,290,57511,0,0,0,0,0
2020-08-23,US,New York,Greene,305,18,0,42.275797,-74.12384884,36039.0,646.3507671441891,5.9016393442622945,287,305,18,0,287,304,47491,0,0,0,0,1
2020-08-23,US,New York,Hamilton,12,0,0,43.66146647,-74.49721957,36041.0,271.7391304347826,0.0,12,12,0,0,12,12,4434,0,0,0,0,0
2020-08-23,US,New York,Herkimer,289,4,0,43.42034246,-74.96145307,36043.0,471.30579428888274,1.3840830449826989,285,289,4,0,285,289,61833,0,0,0,0,0
2020-08-23,US,New York,Jefferson,145,0,0,44.04200959,-75.94653457,36045.0,132.01740808857002,0.0,145,144,0,0,144,144,111755,1,0,0,1,0
2020-08-23,US,New York,Lewis,47,0,0,43.784415700000004,-75.44903992,36049.0,178.73440827502282,0.0,47,47,0,0,47,47,26447,0,0,0,0,0
2020-08-23,US,New York,Livingston,180,8,0,42.72596275,-77.77966158,36051.0,286.10484152970724,4.4444444444444455,172,179,8,0,171,178,63227,1,0,0,1,1
2020-08-23,US,New York,Madison,432,17,0,42.91653905,-75.67266639,36053.0,608.956738698355,3.935185185185185,415,432,17,0,415,431,70795,0,0,0,0,1
2020-08-23,US,New York,Monroe,5317,285,0,43.14638895,-77.69322942,36055.0,716.7990077786916,5.3601655068647736,5032,5297,285,0,5012,5273,742474,20,0,0,20,24
2020-08-23,US,New York,Montgomery,194,4,0,42.90123494,-74.44011632,36057.0,394.14071229759656,2.061855670103093,190,193,4,0,189,193,49455,1,0,0,1,0
2020-08-23,US,New York,Nassau,44245,2196,0,40.74066522,-73.58941873,36059.0,3260.6837228908917,4.963272686179228,42049,44205,2196,0,42009,44162,1358343,40,0,0,40,43
2020-08-23,US,New York,New York City,232120,23658,0,40.76727260000001,-73.97152637,36061.0,2784.276061235361,10.192141995519561,208462,231841,23646,0,208195,231574,1628701,279,12,0,267,267
2020-08-23,US,New York,Niagara,1575,98,0,43.19898042,-78.74777412,36063.0,752.5766792016475,6.222222222222222,1477,1566,98,0,1468,1556,210433,9,0,0,9,10
2020-08-23,US,New York,Oneida,2244,117,0,43.24375382,-75.43710392,36065.0,981.3225113809796,5.213903743315508,2127,2242,117,0,2125,2233,229577,2,0,0,2,9
2020-08-23,US,New York,Onondaga,3758,203,0,43.00491923,-76.19971155,36067.0,816.0198728416078,5.401809473124002,3555,3756,203,0,3553,3743,461809,2,0,0,2,13
2020-08-23,US,New York,Ontario,381,34,0,42.85145728,-77.30874425,36069.0,347.06723630633013,8.923884514435695,347,378,34,0,344,373,109864,3,0,0,3,5
2020-08-23,US,New York,Orange,11334,493,0,41.40337468,-74.30240757,36071.0,2944.354964410038,4.349744132698077,10841,11328,493,0,10835,11316,381951,6,0,0,6,12
2020-08-23,US,New York,Orleans,304,54,0,43.2516977,-78.2320066,36073.0,753.370340999207,17.763157894736842,250,304,54,0,250,303,40612,0,0,0,0,1
2020-08-23,US,New York,Oswego,282,3,0,43.42778894,-76.14635194,36075.0,240.77046548956662,1.0638297872340423,279,281,3,0,278,279,117898,1,0,0,1,2
2020-08-23,US,New York,Otsego,124,5,0,42.63492579,-75.03151402,36077.0,208.4278822718639,4.032258064516129,119,124,5,0,119,124,59749,0,0,0,0,0
2020-08-23,US,New York,Putnam,1473,63,0,41.42630093,-73.74965532,36079.0,1498.1692432872253,4.2769857433808545,1410,1473,63,0,1410,1470,98892,0,0,0,0,3
2020-08-23,US,New York,Rensselaer,817,40,0,42.71348136,-73.51089874,36083.0,514.7624028126063,4.895960832313341,777,813,40,0,773,810,159442,4,0,0,4,3
2020-08-23,US,New York,Rockland,14129,674,0,41.15027894,-74.02560498,36087.0,4336.856063280221,4.770330525868781,13455,14118,674,0,13444,14106,325695,11,0,0,11,12
2020-08-23,US,New York,Saratoga,815,17,0,43.10904162,-73.86653895,36091.0,354.559019937963,2.085889570552147,798,813,17,0,796,808,230163,2,0,0,2,5
2020-08-23,US,New York,Schenectady,1179,37,0,42.81668777,-74.05278291,36093.0,759.1806772741612,3.1382527565733667,1142,1172,37,0,1135,1159,155350,7,0,0,7,13
2020-08-23,US,New York,Schoharie,69,0,0,42.58831742,-74.44339029999998,36095.0,222.58782541372295,0.0,69,69,0,0,69,69,31097,0,0,0,0,0
2020-08-23,US,New York,Schuyler,24,0,0,42.39184015,-76.8773299,36097.0,134.77845790981078,0.0,24,24,0,0,24,24,17912,0,0,0,0,0
2020-08-23,US,New York,Seneca,95,3,0,42.78081007,-76.82497064,36099.0,279.28033866415797,3.1578947368421053,92,95,3,0,92,95,34300,0,0,0,0,0
2020-08-23,US,New York,St. Lawrence,267,4,0,44.4976179,-75.06550039,36089.0,247.81882309263042,1.49812734082397,263,265,4,0,261,265,108047,2,0,0,2,0
2020-08-23,US,New York,Steuben,310,42,0,42.2689144,-77.3829924,36101.0,325.01913419096445,13.548387096774194,268,309,42,0,267,308,95796,1,0,0,1,1
2020-08-23,US,New York,Suffolk,44498,2001,0,40.88320119,-72.8012172,36103.0,3013.542588688481,4.496831318261496,42497,44456,2001,0,42455,44400,1481093,42,0,0,42,56
2020-08-23,US,New York,Sullivan,1495,48,0,41.71579493,-74.76394559,36105.0,1981.917488599003,3.210702341137124,1447,1495,48,0,1447,1495,75498,0,0,0,0,0
2020-08-23,US,New York,Tioga,206,25,0,42.16852837,-76.30835812,36107.0,427.35929299006284,12.135922330097088,181,204,25,0,179,203,48560,2,0,0,2,1
2020-08-23,US,New York,Tompkins,244,0,0,42.44945765,-76.47229843,36109.0,238.79428459581126,0.0,244,244,0,0,244,244,102793,0,0,0,0,0
2020-08-23,US,New York,Ulster,2127,93,0,41.89027881,-74.26252104,36111.0,1197.8172357284047,4.372355430183357,2034,2126,93,0,2033,2115,178599,1,0,0,1,11
2020-08-23,US,New York,Warren,315,33,0,43.56173026,-73.8433699,36113.0,492.6185412235706,10.476190476190476,282,315,33,0,282,314,64265,0,0,0,0,1
2020-08-23,US,New York,Washington,266,14,0,43.31153794,-73.43043448,36115.0,434.6121168551075,5.2631578947368425,252,266,14,0,252,264,61197,0,0,0,0,2
2020-08-23,US,New York,Wayne,275,3,0,43.15494365,-77.02976528,36117.0,305.834204497431,1.0909090909090908,272,275,3,0,272,272,90064,0,0,0,0,3
2020-08-23,US,New York,Westchester,36689,1449,0,41.16278376,-73.75741653,36119.0,3792.121185811768,3.9494126304887023,35240,36651,1449,0,35202,36621,967612,38,0,0,38,30
2020-08-23,US,New York,Wyoming,123,5,0,42.70145109,-78.22199579,36121.0,308.5877718959332,4.0650406504065035,118,121,5,0,116,121,40085,2,0,0,2,0
2020-08-23,US,New York,Yates,60,7,0,42.63505484,-77.10369919,36123.0,240.83811664592784,11.666666666666664,53,59,7,0,52,59,24841,1,0,0,1,0
2020-08-23,US,North Carolina,Alamance,2876,44,0,36.0434701,-79.39976137,37001.0,1696.665073830888,1.5299026425591098,2832,2838,44,0,2794,2786,166436,38,0,0,38,52
2020-08-23,US,North Carolina,Alexander,366,2,0,35.922379600000006,-81.17751948,37003.0,976.0780862468996,0.5464480874316939,364,362,2,0,360,358,37353,4,0,0,4,4
2020-08-23,US,North Carolina,Alleghany,189,0,0,36.49360862,-81.12857041,37005.0,1697.0458830923947,0.0,189,186,0,0,186,184,11161,3,0,0,3,2
2020-08-23,US,North Carolina,Anson,400,3,0,34.97403241,-80.09953279,37007.0,1636.2595107584063,0.75,397,397,3,0,394,395,24877,3,0,0,3,2
2020-08-23,US,North Carolina,Ashe,184,1,0,36.43296207,-81.49862729,37009.0,676.3959857368673,0.5434782608695652,183,182,1,0,181,180,27109,2,0,0,2,2
2020-08-23,US,North Carolina,Avery,119,0,0,36.07569796,-81.92308483,37011.0,677.792333542177,0.0,119,118,0,0,118,116,17505,1,0,0,1,2
2020-08-23,US,North Carolina,Beaufort,497,9,0,35.48531943,-76.84325809,37013.0,1057.5818189556114,1.8108651911468812,488,491,9,0,482,479,47079,6,0,0,6,12
2020-08-23,US,North Carolina,Bertie,359,5,0,36.0688473,-76.96545943,37015.0,1894.7590647595925,1.3927576601671308,354,354,5,0,349,347,19026,5,0,0,5,7
2020-08-23,US,North Carolina,Bladen,669,9,0,34.61296243,-78.56180059,37017.0,2044.4960576981848,1.345291479820628,660,670,9,0,661,668,33190,-1,0,0,-1,2
2020-08-23,US,North Carolina,Brunswick,1353,22,0,34.070565,-78.22814204,37019.0,947.3463100406103,1.6260162601626016,1331,1348,22,0,1326,1343,136744,5,0,0,5,5
2020-08-23,US,North Carolina,Buncombe,2260,64,0,35.61113393,-82.53305,37021.0,865.2671799564304,2.8318584070796464,2196,2237,62,0,2175,2214,259103,23,2,0,21,23
2020-08-23,US,North Carolina,Burke,1792,27,0,35.74989637,-81.70755735,37023.0,1980.4387467536053,1.5066964285714286,1765,1783,27,0,1756,1775,90382,9,0,0,9,8
2020-08-23,US,North Carolina,Cabarrus,2958,51,0,35.3877799,-80.55267168,37025.0,1366.5784258014442,1.7241379310344829,2907,2929,51,0,2878,2906,211342,29,0,0,29,23
2020-08-23,US,North Carolina,Caldwell,1354,14,0,35.95204977,-81.54799522,37027.0,1647.6429214631653,1.03397341211226,1340,1347,14,0,1333,1336,82029,7,0,0,7,11
2020-08-23,US,North Carolina,Camden,85,2,0,36.33804939,-76.15568396,37029.0,782.1845955645532,2.3529411764705883,83,84,2,0,82,83,10710,1,0,0,1,1
2020-08-23,US,North Carolina,Carteret,423,5,0,34.8932941,-76.54120135,37031.0,608.8696328069898,1.182033096926714,418,414,5,0,409,409,69524,9,0,0,9,5
2020-08-23,US,North Carolina,Caswell,216,2,0,36.39312665,-79.33353281,37033.0,955.5830826402408,0.925925925925926,214,214,2,0,212,214,22698,2,0,0,2,0
2020-08-23,US,North Carolina,Catawba,2436,39,0,35.66211129,-81.2132617,37035.0,1526.784539112885,1.6009852216748768,2397,2423,38,0,2385,2391,158652,13,1,0,12,32
2020-08-23,US,North Carolina,Chatham,1422,56,0,35.70394416,-79.25541492,37037.0,1909.4937558748486,3.938115330520394,1366,1404,56,0,1348,1396,73139,18,0,0,18,8
2020-08-23,US,North Carolina,Cherokee,364,5,0,35.1349263,-84.05970864,37039.0,1272.1934852509435,1.3736263736263736,359,361,5,0,356,352,28383,3,0,0,3,9
2020-08-23,US,North Carolina,Chowan,182,2,0,36.12908077,-76.60118385,37041.0,1305.3144947285375,1.0989010989010992,180,176,2,0,174,174,14029,6,0,0,6,2
2020-08-23,US,North Carolina,Clay,82,1,0,35.05704275,-83.74353633,37043.0,730.1219837948538,1.2195121951219512,81,82,1,0,81,81,11139,0,0,0,0,1
2020-08-23,US,North Carolina,Cleveland,1474,25,0,35.33553364,-81.55204486,37045.0,1504.8955047117315,1.6960651289009498,1449,1462,25,0,1437,1422,97645,12,0,0,12,40
2020-08-23,US,North Carolina,Columbus,1040,50,0,34.26744084,-78.65801424,37047.0,1873.6038048569574,4.807692307692308,990,1036,50,0,986,1021,55655,4,0,0,4,15
2020-08-23,US,North Carolina,Craven,874,24,0,35.11833364,-77.08398081,37049.0,855.6966486846356,2.7459954233409607,850,867,24,0,843,857,102912,7,0,0,7,10
2020-08-23,US,North Carolina,Cumberland,3727,65,0,35.04762133,-78.82623165,37051.0,1110.849485408737,1.74403005097934,3662,3680,65,0,3615,3629,332330,47,0,0,47,51
2020-08-23,US,North Carolina,Currituck,89,0,0,36.36123664,-75.95876401,37053.0,320.57054352915765,0.0,89,89,0,0,89,88,27072,0,0,0,0,1
2020-08-23,US,North Carolina,Dare,230,2,0,35.66520691,-75.71767334,37055.0,621.4704531330218,0.8695652173913043,228,225,2,0,223,218,36501,5,0,0,5,7
2020-08-23,US,North Carolina,Davidson,2023,31,0,35.79115496,-80.21256572,37057.0,1206.9757590582844,1.5323776569451308,1992,2002,31,0,1971,1992,166614,21,0,0,21,10
2020-08-23,US,North Carolina,Davie,459,6,0,35.93099927,-80.54496571,37059.0,1071.2785324184288,1.30718954248366,453,455,6,0,449,454,42733,4,0,0,4,1
2020-08-23,US,North Carolina,Duplin,2055,49,0,34.93449805,-77.93140529,37061.0,3498.408266798318,2.3844282238442824,2006,2051,49,0,2002,2048,58856,4,0,0,4,3
2020-08-23,US,North Carolina,Durham,6599,81,0,36.03638492,-78.87608331,37063.0,2052.642711392027,1.2274587058645248,6518,6577,81,0,6496,6535,316739,22,0,0,22,42
2020-08-23,US,North Carolina,Edgecombe,845,17,0,35.91230639,-77.59436892,37065.0,1641.669257071806,2.0118343195266277,828,830,17,0,813,815,52005,15,0,0,15,15
2020-08-23,US,North Carolina,Forsyth,5824,66,0,36.12859861,-80.25459052,37067.0,1523.4308583685377,1.1332417582417582,5758,5790,66,0,5724,5740,379099,34,0,0,34,50
2020-08-23,US,North Carolina,Franklin,973,28,0,36.081519,-78.28708884,37069.0,1396.2832747363134,2.8776978417266186,945,965,28,0,937,962,67560,8,0,0,8,3
2020-08-23,US,North Carolina,Gaston,3814,61,0,35.29373559,-81.17477045,37071.0,1698.6669873379385,1.5993707393812269,3753,3783,60,0,3723,3746,222846,31,1,0,30,37
2020-08-23,US,North Carolina,Gates,72,2,0,36.44667547,-76.69749701,37073.0,622.7296315516346,2.7777777777777777,70,71,2,0,69,67,11573,1,0,0,1,4
2020-08-23,US,North Carolina,Graham,50,0,0,35.3506925,-83.83369267,37075.0,592.3468783319512,0.0,50,50,0,0,50,50,8484,0,0,0,0,0
2020-08-23,US,North Carolina,Granville,1441,37,0,36.30337451,-78.65184241,37077.0,2384.064325066592,2.5676613462873004,1404,1430,37,0,1393,1404,60115,11,0,0,11,26
2020-08-23,US,North Carolina,Greene,370,3,0,35.48544173,-77.67578087,37079.0,1756.1346053443451,0.8108108108108109,367,363,3,0,360,359,21012,7,0,0,7,4
2020-08-23,US,North Carolina,Guilford,6377,163,0,36.07959451,-79.78824948,37081.0,1187.1386180269335,2.5560608436568923,6214,6314,163,0,6151,6257,533670,63,0,0,63,57
2020-08-23,US,North Carolina,Halifax,815,9,0,36.25669272,-77.6556109,37083.0,1629.674065186963,1.1042944785276074,806,806,9,0,797,794,50574,9,0,0,9,12
2020-08-23,US,North Carolina,Harnett,1495,43,0,35.36731853,-78.87243571,37085.0,1099.4587280108256,2.8762541806020065,1452,1488,43,0,1445,1470,134214,7,0,0,7,18
2020-08-23,US,North Carolina,Haywood,485,25,0,35.55269063,-82.98196486,37087.0,778.2788003273586,5.154639175257731,460,483,25,0,458,477,61971,2,0,0,2,6
2020-08-23,US,North Carolina,Henderson,1645,59,0,35.33788927,-82.4766782,37089.0,1400.9896352316955,3.5866261398176293,1586,1639,59,0,1580,1627,116748,6,0,0,6,12
2020-08-23,US,North Carolina,Hertford,462,12,0,36.3607755,-76.98104134,37091.0,1951.2607171516656,2.5974025974025974,450,450,12,0,438,437,23659,12,0,0,12,13
2020-08-23,US,North Carolina,Hoke,819,12,0,35.01888303,-79.23651674,37093.0,1482.7823442082777,1.465201465201465,807,809,12,0,797,797,54764,10,0,0,10,12
2020-08-23,US,North Carolina,Hyde,76,0,0,35.42017674,-76.15180542,37095.0,1539.3963945716025,0.0,76,70,0,0,70,69,5230,6,0,0,6,1
2020-08-23,US,North Carolina,Iredell,2187,18,0,35.80950511,-80.8743128,37097.0,1202.9305963499555,0.8230452674897121,2169,2159,18,0,2141,2123,178435,28,0,0,28,36
2020-08-23,US,North Carolina,Jackson,468,7,0,35.28814273,-83.14093385,37099.0,1065.1372388365423,1.4957264957264955,461,468,7,0,461,465,43327,0,0,0,0,3
2020-08-23,US,North Carolina,Johnston,3595,49,0,35.51745004,-78.36622717,37101.0,1717.310200201587,1.3630041724617523,3546,3562,49,0,3513,3538,202675,33,0,0,33,24
2020-08-23,US,North Carolina,Jones,126,6,0,35.02254606,-77.35870791,37103.0,1337.7216264996284,4.761904761904762,120,122,6,0,116,122,9637,4,0,0,4,0
2020-08-23,US,North Carolina,Lee,1380,11,0,35.47623147,-79.17569362,37105.0,2233.768756373525,0.7971014492753623,1369,1372,11,0,1361,1368,61452,8,0,0,8,4
2020-08-23,US,North Carolina,Lenoir,715,11,0,35.24032589999999,-77.64245615,37107.0,1277.9495612075282,1.5384615384615383,704,706,11,0,695,694,55976,9,0,0,9,12
2020-08-23,US,North Carolina,Lincoln,1012,10,0,35.48508185,-81.21740317,37109.0,1175.227322873965,0.9881422924901184,1002,1001,10,0,991,984,83770,11,0,0,11,17
2020-08-23,US,North Carolina,Macon,516,2,0,35.14867843,-83.41696617,37113.0,1439.0094260694964,0.3875968992248062,514,505,2,0,503,497,35285,11,0,0,11,8
2020-08-23,US,North Carolina,Madison,56,1,0,35.85402722,-82.71346418,37115.0,257.4120891749024,1.7857142857142858,55,57,1,0,56,57,21763,-1,0,0,-1,0
2020-08-23,US,North Carolina,Martin,310,7,0,35.84326734,-77.10860251,37117.0,1381.4616755793231,2.2580645161290325,303,309,7,0,302,298,22671,1,0,0,1,11
2020-08-23,US,North Carolina,McDowell,751,23,0,35.67736232,-82.0482425,37111.0,1641.3148002447765,3.0625832223701734,728,750,23,0,727,743,45507,1,0,0,1,7
2020-08-23,US,North Carolina,Mecklenburg,24129,271,0,35.24469268,-80.8317671,37119.0,2173.0868298095384,1.1231298437564756,23858,23978,271,0,23707,23809,1093901,151,0,0,151,169
2020-08-23,US,North Carolina,Mitchell,88,3,0,36.01059309,-82.1582442,37121.0,588.0780539962578,3.4090909090909087,85,84,3,0,81,84,15000,4,0,0,4,0
2020-08-23,US,North Carolina,Montgomery,779,17,0,35.33155144,-79.90416657,37123.0,2866.816325028521,2.1822849807445444,762,771,17,0,754,753,27271,8,0,0,8,18
2020-08-23,US,North Carolina,Moore,1207,21,0,35.30885257,-79.48474178,37125.0,1196.4710547184775,1.7398508699254351,1186,1171,21,0,1150,1148,98682,36,0,0,36,23
2020-08-23,US,North Carolina,Nash,1464,21,0,35.96575634,-77.98422508,37127.0,1552.524974018537,1.4344262295081966,1443,1446,21,0,1425,1419,94016,18,0,0,18,27
2020-08-23,US,North Carolina,New Hanover,2840,21,0,34.25758282,-77.87075626,37129.0,1211.2268790009934,0.7394366197183099,2819,2827,21,0,2806,2803,232274,13,0,0,13,24
2020-08-23,US,North Carolina,Northampton,335,17,0,36.41736238,-77.39769443,37131.0,1719.447723656521,5.074626865671642,318,331,17,0,314,325,19676,4,0,0,4,6
2020-08-23,US,North Carolina,Onslow,1340,13,0,34.72607366,-77.42908179,37133.0,676.9796602976687,0.9701492537313432,1327,1334,13,0,1321,1313,197683,6,0,0,6,21
2020-08-23,US,North Carolina,Orange,1891,50,0,36.06092947,-79.12167935,37135.0,1273.6065087960346,2.644103648863036,1841,1808,50,0,1758,1734,146027,83,0,0,83,74
2020-08-23,US,North Carolina,Pamlico,84,2,0,35.15253315,-76.66559823,37137.0,660.0660066006601,2.380952380952381,82,84,2,0,82,81,12670,0,0,0,0,3
2020-08-23,US,North Carolina,Pasquotank,507,22,0,36.26723798,-76.25134778,37139.0,1273.1016472478907,4.339250493096647,485,504,22,0,482,483,39639,3,0,0,3,21
2020-08-23,US,North Carolina,Pender,738,4,0,34.52265624,-77.90352133,37141.0,1170.313986679353,0.5420054200542005,734,732,4,0,728,724,62162,6,0,0,6,8
2020-08-23,US,North Carolina,Perquimans,102,2,0,36.17847453,-76.40603143,37143.0,757.6320285226178,1.96078431372549,100,101,2,0,99,98,13422,1,0,0,1,3
2020-08-23,US,North Carolina,Person,276,2,0,36.38989032,-78.97217358,37145.0,698.9111167384148,0.7246376811594203,274,271,2,0,269,265,39507,5,0,0,5,6
2020-08-23,US,North Carolina,Pitt,2670,15,0,35.59535426,-77.37353178,37147.0,1477.2438060882364,0.5617977528089888,2655,2572,15,0,2557,2493,179914,98,0,0,98,79
2020-08-23,US,North Carolina,Polk,200,6,0,35.27820615,-82.16812354,37149.0,965.0646593321753,3.0,194,200,6,0,194,197,20611,0,0,0,0,3
2020-08-23,US,North Carolina,Randolph,2318,43,0,35.71015088,-79.80570339,37151.0,1613.4533330549118,1.8550474547023297,2275,2307,43,0,2264,2297,143351,11,0,0,11,10
2020-08-23,US,North Carolina,Richmond,611,9,0,35.00417719,-79.74491009,37153.0,1362.9570144326215,1.4729950900163666,602,609,9,0,600,596,44887,2,0,0,2,13
2020-08-23,US,North Carolina,Robeson,3209,58,0,34.64244496,-79.10250529999998,37155.0,2456.650717703349,1.8074166406980368,3151,3198,58,0,3140,3155,131831,11,0,0,11,43
2020-08-23,US,North Carolina,Rockingham,691,7,0,36.39593137,-79.77504841,37157.0,759.2572244808263,1.0130246020260492,684,679,6,0,673,667,90690,12,1,0,11,12
2020-08-23,US,North Carolina,Rowan,2556,54,0,35.64003916,-80.52446628,37159.0,1798.8851979055235,2.112676056338028,2502,2496,54,0,2442,2466,141262,60,0,0,60,30
2020-08-23,US,North Carolina,Rutherford,885,17,0,35.40114178,-81.92112099,37161.0,1320.3240388488566,1.9209039548022602,868,875,17,0,858,867,66826,10,0,0,10,8
2020-08-23,US,North Carolina,Sampson,1551,20,0,34.98820368,-78.36914061,37163.0,2441.3278556924965,1.2894906511927788,1531,1545,19,0,1526,1541,63626,6,1,0,5,4
2020-08-23,US,North Carolina,Scotland,556,8,0,34.8386299,-79.4757978,37165.0,1596.645894954484,1.4388489208633093,548,546,8,0,538,534,34810,10,0,0,10,12
2020-08-23,US,North Carolina,Stanly,1375,31,0,35.31647813,-80.25093221,37167.0,2189.281278858708,2.2545454545454544,1344,1363,31,0,1332,1345,62075,12,0,0,12,18
2020-08-23,US,North Carolina,Stokes,319,3,0,36.4017975,-80.23893369,37169.0,699.6995020947116,0.9404388714733544,316,318,3,0,315,314,45467,1,0,0,1,4
2020-08-23,US,North Carolina,Surry,1080,14,0,36.41689489,-80.69102283,37171.0,1504.534499811933,1.2962962962962965,1066,1076,11,0,1065,1062,71948,4,3,0,1,14
2020-08-23,US,North Carolina,Swain,123,3,0,35.48665845,-83.48748932,37173.0,861.887744376708,2.4390243902439024,120,123,3,0,120,123,14245,0,0,0,0,0
2020-08-23,US,North Carolina,Transylvania,207,1,0,35.20383864,-82.79638423,37175.0,602.0066889632106,0.4830917874396135,206,206,1,0,205,206,34215,1,0,0,1,0
2020-08-23,US,North Carolina,Tyrrell,103,2,0,35.87147226,-76.17055253,37177.0,2564.741035856573,1.9417475728155342,101,103,2,0,101,103,4131,0,0,0,0,0
2020-08-23,US,North Carolina,Union,3679,47,0,34.98960527,-80.52955873,37179.0,1533.817784615128,1.2775210655069311,3632,3648,47,0,3601,3600,235908,31,0,0,31,48
2020-08-23,US,North Carolina,Vance,854,42,0,36.36880673,-78.40670845,37181.0,1917.5929044571685,4.918032786885246,812,852,41,0,811,841,44582,2,1,0,1,11
2020-08-23,US,North Carolina,Wake,13700,188,0,35.78879266,-78.65249174,37183.0,1232.2792398725985,1.3722627737226278,13512,13522,188,0,13334,13362,1092305,178,0,0,178,160
2020-08-23,US,North Carolina,Warren,281,6,0,36.39728256,-78.10652228,37185.0,1424.1548831787545,2.1352313167259784,275,281,6,0,275,278,19807,0,0,0,0,3
2020-08-23,US,North Carolina,Washington,160,4,0,35.83810081,-76.57299037,37187.0,1381.692573402418,2.5,156,159,4,0,155,156,11859,1,0,0,1,3
2020-08-23,US,North Carolina,Watauga,382,0,0,36.23103603,-81.70033724,37189.0,679.9935916834291,0.0,382,376,0,0,376,367,55945,6,0,0,6,9
2020-08-23,US,North Carolina,Wayne,2672,46,0,35.36438125,-78.00027268,37191.0,2170.046535803332,1.7215568862275448,2626,2660,46,0,2614,2634,123248,12,0,0,12,26
2020-08-23,US,North Carolina,Wilkes,976,20,0,36.2084135,-81.16232895,37193.0,1426.6502952698356,2.0491803278688523,956,962,20,0,942,956,68557,14,0,0,14,6
2020-08-23,US,North Carolina,Wilson,1656,36,0,35.70625477,-77.917978,37195.0,2024.4251292771482,2.1739130434782608,1620,1645,36,0,1609,1620,81455,11,0,0,11,25
2020-08-23,US,North Carolina,Yadkin,599,7,0,36.16222629,-80.66239436,37197.0,1590.2514137043036,1.1686143572621035,592,596,7,0,589,594,37543,3,0,0,3,2
2020-08-23,US,North Carolina,Yancey,85,0,0,35.90079156,-82.31237181,37199.0,470.41894958215727,0.0,85,85,0,0,85,86,17903,0,0,0,0,-1
2020-08-23,US,North Dakota,Adams,5,0,0,46.09686891,-102.5285397,38001.0,225.6317689530686,0.0,5,5,0,0,5,5,2294,0,0,0,0,0
2020-08-23,US,North Dakota,Barnes,58,0,0,46.93579637,-98.06605978,38003.0,556.8891022563612,0.0,58,57,0,0,57,51,10542,1,0,0,1,6
2020-08-23,US,North Dakota,Benson,203,3,0,48.0683985,-99.35916363,38005.0,2971.311475409836,1.477832512315271,200,203,3,0,200,202,6962,0,0,0,0,1
2020-08-23,US,North Dakota,Billings,4,0,0,47.02366884,-103.3762965,38007.0,431.0344827586207,0.0,4,4,0,0,4,3,919,0,0,0,0,1
2020-08-23,US,North Dakota,Bottineau,24,0,0,48.79106111,-100.8378166,38009.0,382.04393505253097,0.0,24,24,0,0,24,23,6411,0,0,0,0,1
2020-08-23,US,North Dakota,Bowman,15,0,0,46.11285362,-103.5203343,38011.0,496.03174603174597,0.0,15,15,0,0,15,15,3076,0,0,0,0,0
2020-08-23,US,North Dakota,Burke,24,1,0,48.79094471,-102.51821170000001,38013.0,1134.7517730496456,4.166666666666667,23,24,1,0,23,24,2100,0,0,0,0,0
2020-08-23,US,North Dakota,Burleigh,1701,13,0,46.97847375,-100.46452140000001,38015.0,1778.8049275301694,0.7642563198118754,1688,1673,13,0,1660,1625,95273,28,0,0,28,48
2020-08-23,US,North Dakota,Cass,3274,76,0,46.93201724,-97.24447190000001,38017.0,1799.6624945718793,2.3213194868662193,3198,3250,76,0,3174,3223,181516,24,0,0,24,27
2020-08-23,US,North Dakota,Cavalier,31,0,0,48.77286211,-98.46685243,38019.0,824.0297713981925,0.0,31,31,0,0,31,31,3829,0,0,0,0,0
2020-08-23,US,North Dakota,Dickey,16,0,0,46.11017712,-98.50490079999999,38021.0,328.4072249589492,0.0,16,16,0,0,16,15,4903,0,0,0,0,1
2020-08-23,US,North Dakota,Divide,5,0,0,48.814938700000006,-103.48736109999999,38023.0,220.84805653710248,0.0,5,5,0,0,5,5,2283,0,0,0,0,0
2020-08-23,US,North Dakota,Dunn,39,0,0,47.35423935,-102.61604679999999,38025.0,881.5551537070525,0.0,39,39,0,0,39,37,4332,0,0,0,0,2
2020-08-23,US,North Dakota,Eddy,23,0,0,47.71701474,-98.90432337,38027.0,1005.6843025797988,0.0,23,22,0,0,22,22,2313,1,0,0,1,0
2020-08-23,US,North Dakota,Emmons,24,1,0,46.28398398,-100.2389766,38029.0,740.5121875964209,4.166666666666667,23,24,1,0,23,24,3295,0,0,0,0,0
2020-08-23,US,North Dakota,Foster,28,0,0,47.457108399999996,-98.88279923,38031.0,872.2741433021807,0.0,28,28,0,0,28,27,3216,0,0,0,0,1
2020-08-23,US,North Dakota,Golden Valley,22,0,0,46.94022281,-103.8465421,38033.0,1249.290176036343,0.0,22,22,0,0,22,15,1769,0,0,0,0,7
2020-08-23,US,North Dakota,Grand Forks,1019,10,0,47.92093639,-97.45450447,38035.0,1467.2214942909384,0.9813542688910696,1009,980,10,0,970,903,70770,39,0,0,39,77
2020-08-23,US,North Dakota,Grant,9,0,0,46.35821257,-101.63900129999999,38037.0,395.77836411609496,0.0,9,8,0,0,8,5,2374,1,0,0,1,3
2020-08-23,US,North Dakota,Griggs,38,1,0,47.45785838,-98.23850925,38039.0,1703.2720753025546,2.631578947368421,37,38,1,0,37,38,2232,0,0,0,0,0
2020-08-23,US,North Dakota,Hettinger,12,0,0,46.43375068,-102.4632417,38041.0,480.19207683073233,0.0,12,12,0,0,12,10,2514,0,0,0,0,2
2020-08-23,US,North Dakota,Kidder,24,0,0,46.97830064,-99.77507857,38043.0,967.741935483871,0.0,24,24,0,0,24,24,2450,0,0,0,0,0
2020-08-23,US,North Dakota,LaMoure,18,0,0,46.45681054,-98.53542355,38045.0,444.8838358872961,0.0,18,18,0,0,18,17,4062,0,0,0,0,1
2020-08-23,US,North Dakota,Logan,7,0,0,46.45729487,-99.47719806,38047.0,378.3783783783784,0.0,7,7,0,0,7,7,1903,0,0,0,0,0
2020-08-23,US,North Dakota,McHenry,27,1,0,48.23104458,-100.6324822,38049.0,469.9738903394257,3.703703703703704,26,27,1,0,26,25,5816,0,0,0,0,2
2020-08-23,US,North Dakota,McIntosh,43,2,0,46.11182017,-99.44145858,38051.0,1722.0664797757308,4.651162790697675,41,43,2,0,41,43,2585,0,0,0,0,0
2020-08-23,US,North Dakota,McKenzie,100,2,0,47.74133370000001,-103.395905,38053.0,665.6017039403621,2.0,98,100,2,0,98,96,13632,0,0,0,0,4
2020-08-23,US,North Dakota,McLean,126,1,0,47.60766714,-101.3182418,38055.0,1333.3333333333333,0.7936507936507936,125,121,1,0,120,116,9541,5,0,0,5,5
2020-08-23,US,North Dakota,Mercer,37,0,0,47.31213126,-101.8318399,38057.0,451.93599609136436,0.0,37,37,0,0,37,35,8267,0,0,0,0,2
2020-08-23,US,North Dakota,Morton,537,4,0,46.71681782,-101.2822377,38059.0,1712.15406198189,0.74487895716946,533,529,4,0,525,516,31095,8,0,0,8,13
2020-08-23,US,North Dakota,Mountrail,160,1,0,48.20197971,-102.3555315,38061.0,1517.3067804646753,0.625,159,159,1,0,158,159,10218,1,0,0,1,0
2020-08-23,US,North Dakota,Nelson,28,0,0,47.9226426,-98.19038437,38063.0,972.5599166377216,0.0,28,28,0,0,28,27,2869,0,0,0,0,1
2020-08-23,US,North Dakota,Oliver,8,0,0,47.11530482,-101.3406158,38065.0,408.371618172537,0.0,8,7,0,0,7,7,1952,1,0,0,1,0
2020-08-23,US,North Dakota,Pembina,28,0,0,48.76623521,-97.5523809,38067.0,411.70416115277163,0.0,28,28,0,0,28,27,6947,0,0,0,0,1
2020-08-23,US,North Dakota,Pierce,22,0,0,48.24977025,-99.96407787,38069.0,553.4591194968554,0.0,22,22,0,0,22,21,4081,0,0,0,0,1
2020-08-23,US,North Dakota,Ramsey,99,2,0,48.26886249,-98.72223879,38071.0,859.4496050004341,2.0202020202020203,97,98,2,0,96,98,11481,1,0,0,1,0
2020-08-23,US,North Dakota,Ransom,34,0,0,46.45621782,-97.65742504,38073.0,651.5906477577616,0.0,34,34,0,0,34,33,5237,0,0,0,0,1
2020-08-23,US,North Dakota,Renville,10,0,0,48.71982533,-101.6603912,38075.0,429.7378599054577,0.0,10,10,0,0,10,10,2374,0,0,0,0,0
2020-08-23,US,North Dakota,Richland,122,1,0,46.26440649,-96.94852979,38077.0,754.157136675527,0.819672131147541,121,121,1,0,120,121,16239,1,0,0,1,0
2020-08-23,US,North Dakota,Rolette,100,2,0,48.77245354,-99.84097493,38079.0,705.4176072234766,2.0,98,100,1,0,99,97,14301,0,1,0,-1,3
2020-08-23,US,North Dakota,Sargent,10,0,0,46.10830372,-97.63217159,38081.0,256.5418163160595,0.0,10,10,0,0,10,10,3870,0,0,0,0,0
2020-08-23,US,North Dakota,Sheridan,9,0,0,47.57700669,-100.3426391,38083.0,684.4106463878327,0.0,9,9,0,0,9,9,1349,0,0,0,0,0
2020-08-23,US,North Dakota,Sioux,110,2,0,46.11323337,-101.04401490000001,38085.0,2600.472813238771,1.818181818181818,108,109,2,0,107,106,4358,1,0,0,1,3
2020-08-23,US,North Dakota,Slope,5,0,0,46.44737738,-103.4601547,38087.0,666.6666666666666,0.0,5,5,0,0,5,5,763,0,0,0,0,0
2020-08-23,US,North Dakota,Stark,523,6,0,46.80851182,-102.65763259999999,38089.0,1660.8974562545652,1.147227533460803,517,513,6,0,507,491,30997,10,0,0,10,22
2020-08-23,US,North Dakota,Steele,17,0,0,47.45611548,-97.72728747,38091.0,899.4708994708992,0.0,17,17,0,0,17,17,1903,0,0,0,0,0
2020-08-23,US,North Dakota,Stutsman,137,3,0,46.97962541,-98.95637318,38093.0,661.7078825347759,2.18978102189781,134,137,3,0,134,135,20917,0,0,0,0,2
2020-08-23,US,North Dakota,Towner,6,0,0,48.68565745,-99.24564265,38095.0,274.09776153494744,0.0,6,6,0,0,6,6,2192,0,0,0,0,0
2020-08-23,US,North Dakota,Traill,67,0,0,47.45367788,-97.16323288,38097.0,833.7481333997014,0.0,67,67,0,0,67,67,8037,0,0,0,0,0
2020-08-23,US,North Dakota,Walsh,137,1,0,48.36876964,-97.72574783,38099.0,1287.472981862607,0.7299270072992701,136,137,1,0,136,137,10667,0,0,0,0,0
2020-08-23,US,North Dakota,Ward,398,1,0,48.22390169,-101.54367629999999,38101.0,588.4005263080085,0.25125628140703515,397,381,1,0,380,363,67744,17,0,0,17,18
2020-08-23,US,North Dakota,Wells,27,0,0,47.58614526,-99.65904998,38103.0,704.2253521126761,0.0,27,27,0,0,27,27,3957,0,0,0,0,0
2020-08-23,US,North Dakota,Williams,326,2,0,48.34522353,-103.4793387,38105.0,867.2750006650882,0.6134969325153374,324,325,2,0,323,319,35350,1,0,0,1,6
2020-08-23,US,Ohio,Adams,84,3,0,38.84541072,-83.4718964,39001.0,303.270994295617,3.571428571428572,81,84,3,0,81,83,27724,0,0,0,0,1
2020-08-23,US,Ohio,Allen,1001,49,0,40.77285242,-84.10802343,39003.0,978.0070541567744,4.895104895104895,952,989,49,0,940,962,102663,12,0,0,12,27
2020-08-23,US,Ohio,Ashland,162,3,0,40.84772277,-82.27280781,39005.0,302.89432353601075,1.851851851851852,159,162,3,0,159,162,53745,0,0,0,0,0
2020-08-23,US,Ohio,Ashtabula,594,46,0,41.70860332,-80.74830218,39007.0,610.8534465914584,7.744107744107745,548,592,46,0,546,592,97493,2,0,0,2,0
2020-08-23,US,Ohio,Athens,373,2,0,39.33425634,-82.04278644,39009.0,570.9737168398977,0.5361930294906166,371,372,2,0,370,370,65818,1,0,0,1,2
2020-08-23,US,Ohio,Auglaize,363,8,0,40.55998859,-84.22421429999999,39011.0,795.0762221832837,2.203856749311295,355,352,8,0,344,340,45804,11,0,0,11,12
2020-08-23,US,Ohio,Belmont,672,26,0,40.01625942,-80.9924051,39013.0,1002.8952631107665,3.8690476190476186,646,672,26,0,646,671,67505,0,0,0,0,1
2020-08-23,US,Ohio,Brown,185,2,0,38.93416837,-83.86788395,39015.0,425.95321421993,1.0810810810810811,183,185,2,0,183,183,43602,0,0,0,0,2
2020-08-23,US,Ohio,Butler,3459,69,0,39.44012838,-84.57388716,39017.0,902.8172910783172,1.9947961838681698,3390,3426,69,0,3357,3374,382378,33,0,0,33,52
2020-08-23,US,Ohio,Carroll,121,6,0,40.578968599999996,-81.09178213,39019.0,449.58014416288916,4.958677685950414,115,121,6,0,115,121,27081,0,0,0,0,0
2020-08-23,US,Ohio,Champaign,232,2,0,40.13923427,-83.76875242,39021.0,596.6310916805968,0.8620689655172413,230,230,2,0,228,227,38754,2,0,0,2,3
2020-08-23,US,Ohio,Clark,1341,19,0,39.91592258,-83.78498252,39023.0,1000.1267871393093,1.4168530947054436,1322,1330,19,0,1311,1312,134585,11,0,0,11,18
2020-08-23,US,Ohio,Clermont,1140,13,0,39.04847534,-84.15375786,39025.0,552.2506636696572,1.1403508771929824,1127,1132,13,0,1119,1117,205466,8,0,0,8,15
2020-08-23,US,Ohio,Clinton,210,6,0,39.41485808,-83.80852286,39027.0,500.38124285169647,2.8571428571428568,204,209,6,0,203,203,42057,1,0,0,1,6
2020-08-23,US,Ohio,Columbiana,1765,63,0,40.76932373,-80.78094576,39029.0,1732.3792978220115,3.5694050991501416,1702,1761,63,0,1698,1755,102665,4,0,0,4,6
2020-08-23,US,Ohio,Coshocton,209,9,0,40.30096166,-81.91729018,39031.0,571.0382513661202,4.30622009569378,200,209,9,0,200,209,36629,0,0,0,0,0
2020-08-23,US,Ohio,Crawford,188,5,0,40.85065156,-82.91989099,39033.0,453.0775533812117,2.6595744680851063,183,187,5,0,182,187,41550,1,0,0,1,0
2020-08-23,US,Ohio,Cuyahoga,14955,552,0,41.424119,-81.65918339,39035.0,1210.8605814073994,3.6910732196589766,14403,14881,552,0,14329,14774,1243857,74,0,0,74,107
2020-08-23,US,Ohio,Darke,534,31,0,40.13412966,-84.6194517,39037.0,1044.7439985913563,5.805243445692883,503,528,31,0,497,516,51323,6,0,0,6,12
2020-08-23,US,Ohio,Defiance,188,4,0,41.32398837,-84.49076944,39039.0,493.6067424580565,2.127659574468085,184,188,4,0,184,184,38165,0,0,0,0,4
2020-08-23,US,Ohio,Delaware,1516,20,0,40.27942393,-83.00457058,39041.0,724.7450723549913,1.3192612137203166,1496,1504,20,0,1484,1483,204826,12,0,0,12,21
2020-08-23,US,Ohio,Erie,704,33,0,41.36796058,-82.62904521,39043.0,947.9438774136212,4.6875,671,699,33,0,666,693,74615,5,0,0,5,6
2020-08-23,US,Ohio,Fairfield,1586,39,0,39.75107189,-82.63088163,39045.0,1006.5112264713722,2.459016393442623,1547,1578,39,0,1539,1561,155782,8,0,0,8,17
2020-08-23,US,Ohio,Fayette,169,1,0,39.56021306,-83.4562016,39047.0,592.4627519719544,0.591715976331361,168,168,1,0,167,166,28666,1,0,0,1,2
2020-08-23,US,Ohio,Franklin,20534,553,0,39.96995815,-83.01115755,39049.0,1559.4384988562801,2.6930943800525955,19981,20443,553,0,19890,20316,1310300,91,0,0,91,127
2020-08-23,US,Ohio,Fulton,173,1,0,41.60213491,-84.12571393,39051.0,410.6727436737407,0.5780346820809249,172,171,1,0,170,169,42276,2,0,0,2,2
2020-08-23,US,Ohio,Gallia,114,2,0,38.82708533,-82.31647569,39053.0,381.296407786474,1.7543859649122806,112,106,2,0,104,101,29979,8,0,0,8,5
2020-08-23,US,Ohio,Geauga,594,46,0,41.49952319,-81.17935342,39055.0,634.2833345791199,7.744107744107745,548,592,46,0,546,588,94031,2,0,0,2,4
2020-08-23,US,Ohio,Greene,871,15,0,39.69116283,-83.89032084,39057.0,515.576812657973,1.722158438576349,856,862,14,0,848,854,167995,9,1,0,8,8
2020-08-23,US,Ohio,Guernsey,128,7,0,40.05026529,-81.49248905,39059.0,329.26045016077165,5.46875,121,127,7,0,120,126,39022,1,0,0,1,1
2020-08-23,US,Ohio,Hamilton,10533,281,0,39.19673558,-84.54502924,39061.0,1288.4829223717481,2.6678059432260515,10252,10503,279,0,10224,10437,816684,30,2,0,28,66
2020-08-23,US,Ohio,Hancock,467,5,0,41.00250487,-83.66838948,39063.0,616.2331921407176,1.0706638115631693,462,468,5,0,463,461,75930,-1,0,0,-1,7
2020-08-23,US,Ohio,Hardin,204,13,0,40.66015414,-83.65929931,39065.0,650.4065040650406,6.372549019607844,191,202,13,0,189,199,31480,2,0,0,2,3
2020-08-23,US,Ohio,Harrison,28,1,0,40.29380509,-81.09068544,39067.0,186.17021276595744,3.571428571428572,27,28,1,0,27,28,15174,0,0,0,0,0
2020-08-23,US,Ohio,Henry,154,2,0,41.333964200000004,-84.06830637,39069.0,570.2436495593572,1.2987012987012987,152,157,2,0,155,150,27086,-3,0,0,-3,7
2020-08-23,US,Ohio,Highland,183,3,0,39.1839264,-83.60331456,39071.0,423.99388336692846,1.639344262295082,180,182,3,0,179,181,43058,1,0,0,1,1
2020-08-23,US,Ohio,Hocking,131,9,0,39.49537927,-82.47991446,39073.0,463.48712142654966,6.870229007633588,122,130,9,0,121,130,28385,1,0,0,1,0
2020-08-23,US,Ohio,Holmes,341,7,0,40.56163713,-81.92635677,39075.0,775.705186533212,2.0527859237536656,334,341,7,0,334,339,43892,0,0,0,0,2
2020-08-23,US,Ohio,Huron,462,6,0,41.14651175,-82.59867951,39077.0,792.9152507465759,1.2987012987012987,456,462,6,0,456,459,58504,0,0,0,0,3
2020-08-23,US,Ohio,Jackson,133,0,0,39.01914254,-82.61818559999998,39079.0,410.329188905686,0.0,133,118,0,0,118,108,32384,15,0,0,15,10
2020-08-23,US,Ohio,Jefferson,261,4,0,40.38614126,-80.76259514,39081.0,399.5407577497129,1.5325670498084292,257,261,4,0,257,260,65767,0,0,0,0,1
2020-08-23,US,Ohio,Knox,234,13,0,40.39830217,-82.42027563,39083.0,375.4693366708386,5.5555555555555545,221,232,13,0,219,232,61893,2,0,0,2,0
2020-08-23,US,Ohio,Lake,1244,44,0,41.69710807,-81.23676539,39085.0,540.5194026478499,3.536977491961415,1200,1233,44,0,1189,1225,230514,11,0,0,11,8
2020-08-23,US,Ohio,Lawrence,394,6,0,38.59743452,-82.53466552,39087.0,662.5969090022368,1.5228426395939083,388,390,6,0,384,387,59866,4,0,0,4,3
2020-08-23,US,Ohio,Licking,1492,56,0,40.09136236,-82.48185785,39089.0,843.5955716886612,3.7533512064343166,1436,1489,56,0,1433,1484,175769,3,0,0,3,5
2020-08-23,US,Ohio,Logan,219,2,0,40.38996525,-83.76784341,39091.0,479.5060430898581,0.9132420091324199,217,214,2,0,212,206,45358,5,0,0,5,8
2020-08-23,US,Ohio,Lorain,1998,80,0,41.29553751,-82.15083537,39093.0,644.8635232528493,4.004004004004004,1918,1981,80,0,1901,1976,309461,17,0,0,17,5
2020-08-23,US,Ohio,Lucas,6070,338,0,41.62101218,-83.65468618,39095.0,1417.0721002549328,5.56836902800659,5732,6036,338,0,5698,5981,429899,34,0,0,34,55
2020-08-23,US,Ohio,Madison,649,11,0,39.89381073,-83.40178317,39097.0,1450.8953522165837,1.6949152542372878,638,647,11,0,636,632,44413,2,0,0,2,15
2020-08-23,US,Ohio,Mahoning,2761,262,0,41.01631101,-80.77287029,39099.0,1207.3481631778488,9.489315465411083,2499,2752,262,0,2490,2741,229642,9,0,0,9,11
2020-08-23,US,Ohio,Marion,2978,45,0,40.58610662,-83.15736305,39101.0,4574.992702748375,1.5110812625923438,2933,2977,45,0,2932,2974,65256,1,0,0,1,3
2020-08-23,US,Ohio,Medina,1086,36,0,41.11770589,-81.89986209999998,39103.0,604.1859067795667,3.3149171270718236,1050,1074,36,0,1038,1052,179146,12,0,0,12,22
2020-08-23,US,Ohio,Meigs,81,0,0,39.09224872,-82.0305041,39105.0,353.6037019251757,0.0,81,79,0,0,79,75,23106,2,0,0,2,4
2020-08-23,US,Ohio,Mercer,772,14,0,40.54043046,-84.62912742,39107.0,1875.0607208782667,1.8134715025906736,758,752,14,0,738,741,40959,20,0,0,20,11
2020-08-23,US,Ohio,Miami,983,40,0,40.0543329,-84.22871271,39109.0,918.8032190826924,4.069175991861648,943,979,40,0,939,974,106222,4,0,0,4,5
2020-08-23,US,Ohio,Monroe,102,18,0,39.72984936,-81.08464734,39111.0,747.0338362384648,17.647058823529417,84,102,18,0,84,101,13790,0,0,0,0,1
2020-08-23,US,Ohio,Montgomery,5029,115,0,39.75394919,-84.29050975,39113.0,945.857243077224,2.2867369258301853,4914,4984,115,0,4869,4908,532331,45,0,0,45,76
2020-08-23,US,Ohio,Morgan,41,0,0,39.62081738,-81.85308173,39115.0,282.6027019575406,0.0,41,41,0,0,41,40,14604,0,0,0,0,1
2020-08-23,US,Ohio,Morrow,214,2,0,40.52363560000001,-82.7892599,39117.0,605.7518115942029,0.9345794392523364,212,211,2,0,209,209,35112,3,0,0,3,2
2020-08-23,US,Ohio,Muskingum,290,1,0,39.96575964,-81.94363275,39119.0,336.368381372151,0.3448275862068966,289,290,1,0,289,290,86183,0,0,0,0,0
2020-08-23,US,Ohio,Noble,21,0,0,39.76818851,-81.45937183,39121.0,145.59068219633943,0.0,21,21,0,0,21,22,14354,0,0,0,0,-1
2020-08-23,US,Ohio,Ottawa,435,28,0,41.53781826,-83.0940185,39123.0,1073.4114743985194,6.436781609195402,407,434,28,0,406,432,40769,1,0,0,1,2
2020-08-23,US,Ohio,Paulding,77,0,0,41.11676341,-84.5801017,39125.0,412.38217652099405,0.0,77,76,0,0,76,76,18760,1,0,0,1,0
2020-08-23,US,Ohio,Perry,199,5,0,39.73508655,-82.23804971,39127.0,550.7278463496983,2.512562814070352,194,195,5,0,190,192,36033,4,0,0,4,3
2020-08-23,US,Ohio,Pickaway,2448,42,0,39.64170392,-83.0243386,39129.0,4187.693518312606,1.7156862745098038,2406,2445,42,0,2403,2443,58086,3,0,0,3,2
2020-08-23,US,Ohio,Pike,92,0,0,39.07634001,-83.06769584,39131.0,331.26890393201785,0.0,92,92,0,0,92,90,28067,0,0,0,0,2
2020-08-23,US,Ohio,Portage,819,65,0,41.16793482,-81.19735782,39133.0,504.10547437617714,7.936507936507938,754,817,65,0,752,807,162927,2,0,0,2,10
2020-08-23,US,Ohio,Preble,309,3,0,39.7420247,-84.64787018,39135.0,755.8338633139277,0.9708737864077671,306,299,3,0,296,298,40997,10,0,0,10,1
2020-08-23,US,Ohio,Putnam,261,17,0,41.02094889,-84.1336111,39137.0,770.7982634889696,6.5134099616858245,244,256,17,0,239,248,33780,5,0,0,5,8
2020-08-23,US,Ohio,Richland,670,16,0,40.77180308,-82.53799609999999,39139.0,553.0151707743863,2.388059701492537,654,667,16,0,651,665,121099,3,0,0,3,2
2020-08-23,US,Ohio,Ross,613,8,0,39.33705391,-83.06000914,39141.0,799.5721701927843,1.3050570962479608,605,611,8,0,603,598,76931,2,0,0,2,13
2020-08-23,US,Ohio,Sandusky,478,17,0,41.35624126,-83.137872,39143.0,816.8426808845143,3.5564853556485354,461,477,17,0,460,469,58799,1,0,0,1,8
2020-08-23,US,Ohio,Scioto,306,1,0,38.80270163,-82.98907345,39145.0,406.2989616804312,0.32679738562091504,305,309,1,0,308,299,75502,-3,0,0,-3,10
2020-08-23,US,Ohio,Seneca,292,10,0,41.12351311,-83.12783209,39147.0,529.1964188625901,3.4246575342465757,282,288,10,0,278,282,55207,4,0,0,4,6
2020-08-23,US,Ohio,Shelby,288,4,0,40.33163494,-84.20258189,39149.0,592.7145503189956,1.3888888888888888,284,285,4,0,281,279,48627,3,0,0,3,6
2020-08-23,US,Ohio,Stark,2155,149,0,40.81482476,-81.36437305,39151.0,581.4800623843109,6.91415313225058,2006,2144,149,0,1995,2109,371574,11,0,0,11,35
2020-08-23,US,Ohio,Summit,4146,232,0,41.12464734,-81.53123079,39153.0,766.3401803653517,5.595754944524844,3914,4122,232,0,3890,3980,541918,24,0,0,24,142
2020-08-23,US,Ohio,Trumbull,1699,114,0,41.31735028,-80.76109643,39155.0,858.1935001565863,6.709829311359624,1585,1695,114,0,1581,1684,198627,4,0,0,4,11
2020-08-23,US,Ohio,Tuscarawas,829,15,0,40.44214695,-81.47226262,39157.0,901.2143020209378,1.8094089264173705,814,828,15,0,813,822,92176,1,0,0,1,6
2020-08-23,US,Ohio,Union,325,1,0,40.30016061,-83.37239023,39159.0,550.959517189937,0.3076923076923077,324,323,1,0,322,317,57835,2,0,0,2,6
2020-08-23,US,Ohio,Van Wert,79,2,0,40.8554138,-84.59111700000003,39161.0,279.39876215738286,2.5316455696202533,77,79,2,0,77,77,28281,0,0,0,0,2
2020-08-23,US,Ohio,Vinton,36,2,0,39.25208988,-82.4831444,39163.0,275.12418800152847,5.5555555555555545,34,35,2,0,33,35,13139,1,0,0,1,0
2020-08-23,US,Ohio,Warren,2105,41,0,39.42581994,-84.16557457,39165.0,897.264302947119,1.947743467933492,2064,2090,41,0,2049,2067,232173,15,0,0,15,23
2020-08-23,US,Ohio,Washington,222,23,0,39.45690571,-81.49121382,39167.0,370.5496486454908,10.360360360360358,199,222,23,0,199,222,60155,0,0,0,0,0
2020-08-23,US,Ohio,Wayne,649,61,0,40.82925852,-81.88844833,39169.0,560.8849710483104,9.399075500770417,588,644,61,0,583,630,115967,5,0,0,5,14
2020-08-23,US,Ohio,Williams,147,3,0,41.56052014,-84.58429552,39171.0,400.6322904175297,2.0408163265306123,144,147,3,0,144,145,36804,0,0,0,0,2
2020-08-23,US,Ohio,Wood,1230,60,0,41.36224827,-83.62285108,39173.0,940.2447694107036,4.878048780487805,1170,1216,60,0,1156,1206,130696,14,0,0,14,10
2020-08-23,US,Ohio,Wyandot,173,10,0,40.84339621,-83.30734173,39175.0,794.5985669667463,5.780346820809249,163,173,10,0,163,173,21935,0,0,0,0,0
2020-08-23,US,Oklahoma,Adair,412,6,0,35.88494195,-94.65859267,40001.0,1856.3575741191312,1.4563106796116505,406,408,6,0,402,395,22082,4,0,0,4,13
2020-08-23,US,Oklahoma,Alfalfa,10,0,0,36.73090616,-98.32408495,40003.0,175.377060680463,0.0,10,9,0,0,9,7,5754,1,0,0,1,2
2020-08-23,US,Oklahoma,Atoka,95,1,0,34.37366573,-96.03802487,40005.0,690.5073411833115,1.0526315789473684,94,95,1,0,94,91,13838,0,0,0,0,4
2020-08-23,US,Oklahoma,Beaver,41,0,0,36.7496847,-100.4758872,40007.0,771.9826774618716,0.0,41,41,0,0,41,41,5319,0,0,0,0,0
2020-08-23,US,Oklahoma,Beckham,113,1,0,35.26862449,-99.68128023,40009.0,516.9495402351433,0.8849557522123894,112,111,1,0,110,109,21709,2,0,0,2,2
2020-08-23,US,Oklahoma,Blaine,57,0,0,35.87518314,-98.43307003,40011.0,604.5179764556158,0.0,57,57,0,0,57,53,9485,0,0,0,0,4
2020-08-23,US,Oklahoma,Bryan,545,3,0,33.96472458,-96.25903472,40013.0,1135.5349515574542,0.5504587155963303,542,543,3,0,540,538,47192,2,0,0,2,5
2020-08-23,US,Oklahoma,Caddo,506,20,0,35.17364557,-98.37534464,40015.0,1759.2656977957024,3.9525691699604737,486,504,20,0,484,499,28977,2,0,0,2,5
2020-08-23,US,Oklahoma,Canadian,1413,9,0,35.5426055,-97.98465569,40017.0,952.7598343964506,0.6369426751592356,1404,1409,9,0,1400,1393,144447,4,0,0,4,16
2020-08-23,US,Oklahoma,Carter,393,6,0,34.25103751,-97.28552485,40019.0,816.8610089168798,1.5267175572519085,387,390,6,0,384,388,48177,3,0,0,3,2
2020-08-23,US,Oklahoma,Cherokee,578,3,0,35.90692775,-94.99980896,40021.0,1187.9071870440018,0.5190311418685121,575,579,3,0,576,562,48675,-1,0,0,-1,17
2020-08-23,US,Oklahoma,Choctaw,221,1,0,34.02807439,-95.54771129,40023.0,1506.2704471101415,0.4524886877828054,220,218,1,0,217,218,14668,3,0,0,3,0
2020-08-23,US,Oklahoma,Cimarron,14,0,0,36.74817177,-102.5173885,40025.0,655.1240056153488,0.0,14,14,0,0,14,14,2153,0,0,0,0,0
2020-08-23,US,Oklahoma,Cleveland,3522,63,0,35.20413532,-97.32519562,40027.0,1240.079714380277,1.788756388415673,3459,3510,63,0,3447,3469,281669,12,0,0,12,41
2020-08-23,US,Oklahoma,Coal,48,0,0,34.58840127,-96.29798747,40029.0,873.5213830755232,0.0,48,47,0,0,47,46,5520,1,0,0,1,1
2020-08-23,US,Oklahoma,Comanche,1149,11,0,34.65973764,-98.47195055,40031.0,951.5606754507284,0.9573542210617928,1138,999,11,0,988,987,120422,150,0,0,150,12
2020-08-23,US,Oklahoma,Cotton,25,2,0,34.28845626,-98.37053567,40033.0,441.22837980938937,8.0,23,25,2,0,23,22,5776,0,0,0,0,3
2020-08-23,US,Oklahoma,Craig,106,1,0,36.76268118,-95.20916602,40035.0,749.5403761844153,0.9433962264150944,105,101,1,0,100,98,14306,5,0,0,5,3
2020-08-23,US,Oklahoma,Creek,745,19,0,35.90230551,-96.37086028,40037.0,1041.6375381001649,2.5503355704697985,726,745,19,0,726,735,71604,0,0,0,0,10
2020-08-23,US,Oklahoma,Custer,279,0,0,35.63853802,-99.00170785,40039.0,961.9694514360583,0.0,279,270,0,0,270,257,29036,9,0,0,9,13
2020-08-23,US,Oklahoma,Delaware,507,20,0,36.40823634,-94.80325046,40041.0,1178.8230370387594,3.9447731755424074,487,506,20,0,486,493,42733,1,0,0,1,13
2020-08-23,US,Oklahoma,Dewey,18,0,0,35.98772922,-99.00730714,40043.0,368.02289920261705,0.0,18,18,0,0,18,18,4894,0,0,0,0,0
2020-08-23,US,Oklahoma,Ellis,6,0,0,36.218019399999996,-99.75324573,40045.0,155.48069448043537,0.0,6,6,0,0,6,6,3952,0,0,0,0,0
2020-08-23,US,Oklahoma,Garfield,750,9,0,36.3791334,-97.78265517,40047.0,1228.3805031446539,1.2,741,736,9,0,727,704,60913,14,0,0,14,32
2020-08-23,US,Oklahoma,Garvin,252,4,0,34.70418038,-97.30811132,40049.0,909.3861643390712,1.5873015873015872,248,253,4,0,249,250,27811,-1,0,0,-1,3
2020-08-23,US,Oklahoma,Grady,494,7,0,35.0167709,-97.88339847,40051.0,884.7655550381488,1.4170040485829958,487,491,7,0,484,489,55551,3,0,0,3,2
2020-08-23,US,Oklahoma,Grant,21,0,0,36.796296999999996,-97.78638765,40053.0,484.6526655896607,0.0,21,20,0,0,20,18,4326,1,0,0,1,2
2020-08-23,US,Oklahoma,Greer,86,8,0,34.93535801,-99.56056120000001,40055.0,1505.6022408963586,9.30232558139535,78,86,8,0,78,84,5821,0,0,0,0,2
2020-08-23,US,Oklahoma,Harmon,37,0,0,34.7440135,-99.84741652,40057.0,1394.647568790049,0.0,37,36,0,0,36,36,2664,1,0,0,1,0
2020-08-23,US,Oklahoma,Harper,16,0,0,36.78836519,-99.6679804,40059.0,433.8394793926248,0.0,16,15,0,0,15,14,3797,1,0,0,1,1
2020-08-23,US,Oklahoma,Haskell,145,2,0,35.22257600000001,-95.11513306,40061.0,1148.3329373564584,1.3793103448275863,143,145,2,0,143,139,12668,0,0,0,0,6
2020-08-23,US,Oklahoma,Hughes,194,3,0,35.04912569,-96.24921145,40063.0,1460.9533850440546,1.5463917525773196,191,192,3,0,189,191,13335,2,0,0,2,1
2020-08-23,US,Oklahoma,Jackson,565,7,0,34.58781741,-99.41138784,40065.0,2303.302079086832,1.2389380530973448,558,560,7,0,553,555,24949,5,0,0,5,5
2020-08-23,US,Oklahoma,Jefferson,34,0,0,34.11130184,-97.83182974,40067.0,566.47784071976,0.0,34,34,0,0,34,34,6123,0,0,0,0,0
2020-08-23,US,Oklahoma,Johnston,66,0,0,34.31440473,-96.66011537,40069.0,595.3991880920162,0.0,66,66,0,0,66,61,10949,0,0,0,0,5
2020-08-23,US,Oklahoma,Kay,287,11,0,36.81799745,-97.14421435,40071.0,659.1942670770361,3.8327526132404177,276,286,11,0,275,281,44161,1,0,0,1,5
2020-08-23,US,Oklahoma,Kingfisher,235,0,0,35.94530008,-97.94193268,40073.0,1490.6438312718044,0.0,235,206,0,0,206,192,15816,29,0,0,29,14
2020-08-23,US,Oklahoma,Kiowa,39,1,0,34.91671958,-98.97720696,40075.0,447.86403307303635,2.5641025641025643,38,39,1,0,38,36,8729,0,0,0,0,3
2020-08-23,US,Oklahoma,Latimer,104,2,0,34.87844729,-95.25215049,40077.0,1032.4630199543333,1.9230769230769231,102,105,2,0,103,104,10231,-1,0,0,-1,1
2020-08-23,US,Oklahoma,Le Flore,539,3,0,34.89851864,-94.70392124,40079.0,1081.1786652759113,0.5565862708719852,536,531,3,0,528,504,49980,8,0,0,8,27
2020-08-23,US,Oklahoma,Lincoln,271,5,0,35.70270942,-96.8812462,40081.0,777.0163718209708,1.845018450184502,266,266,5,0,261,261,34920,5,0,0,5,5
2020-08-23,US,Oklahoma,Logan,267,1,0,35.91899576,-97.44352845,40083.0,556.1225552477557,0.3745318352059925,266,265,1,0,264,259,47291,2,0,0,2,6
2020-08-23,US,Oklahoma,Love,86,0,0,33.95273467,-97.23906784,40085.0,838.7788939822493,0.0,86,84,0,0,84,83,10134,2,0,0,2,1
2020-08-23,US,Oklahoma,Major,43,1,0,36.31149996,-98.53467076,40093.0,563.6387468868793,2.3255813953488373,42,43,1,0,42,42,7644,0,0,0,0,1
2020-08-23,US,Oklahoma,Marshall,125,1,0,34.02311222,-96.76855464,40095.0,738.2907093497136,0.8,124,126,1,0,125,124,16806,-1,0,0,-1,2
2020-08-23,US,Oklahoma,Mayes,386,8,0,36.30179091,-95.23175116,40097.0,939.1727493917276,2.0725388601036268,378,386,8,0,378,383,41107,0,0,0,0,3
2020-08-23,US,Oklahoma,McClain,534,4,0,35.01123903,-97.44572302,40087.0,1319.3655186045362,0.7490636704119851,530,522,4,0,518,519,39985,12,0,0,12,3
2020-08-23,US,Oklahoma,McCurtain,951,29,0,34.11664328,-94.77222373,40089.0,2896.56432748538,3.0494216614090432,922,949,29,0,920,929,32703,2,0,0,2,20
2020-08-23,US,Oklahoma,McIntosh,223,4,0,35.37235506,-95.66599306,40091.0,1137.9873443559911,1.7937219730941705,219,222,4,0,218,217,19815,1,0,0,1,5
2020-08-23,US,Oklahoma,Murray,86,0,0,34.48116015,-97.06826283,40099.0,611.0992681020392,0.0,86,85,0,0,85,84,13953,1,0,0,1,1
2020-08-23,US,Oklahoma,Muskogee,662,16,0,35.61318461,-95.37802952,40101.0,973.5723634866245,2.416918429003021,646,656,16,0,640,639,68362,6,0,0,6,17
2020-08-23,US,Oklahoma,Noble,97,2,0,36.38953329,-97.22928674,40103.0,871.4401221812955,2.061855670103093,95,97,2,0,95,93,11289,0,0,0,0,4
2020-08-23,US,Oklahoma,Nowata,75,1,0,36.79843529,-95.61902331,40105.0,744.3429932512903,1.3333333333333333,74,73,1,0,72,73,10218,2,0,0,2,0
2020-08-23,US,Oklahoma,Okfuskee,91,3,0,35.46485198,-96.32639984,40107.0,758.7759526390395,3.2967032967032965,88,91,3,0,88,90,12098,0,0,0,0,1
2020-08-23,US,Oklahoma,Oklahoma,12584,143,0,35.55140095,-97.40716948,40109.0,1578.061632686843,1.1363636363636365,12441,12515,142,0,12373,12328,792582,69,1,0,68,187
2020-08-23,US,Oklahoma,Okmulgee,566,4,0,35.64661916,-95.96432828,40111.0,1471.4675679188877,0.7067137809187279,562,561,4,0,557,553,38335,5,0,0,5,8
2020-08-23,US,Oklahoma,Osage,596,12,0,36.62888819,-96.39635704,40113.0,1269.0841726465515,2.0134228187919465,584,594,12,0,582,589,47014,2,0,0,2,5
2020-08-23,US,Oklahoma,Ottawa,464,4,0,36.83532655,-94.81011909,40115.0,1490.667266360395,0.8620689655172413,460,462,4,0,458,456,31175,2,0,0,2,6
2020-08-23,US,Oklahoma,Pawnee,195,3,0,36.31743373,-96.70331759999999,40117.0,1190.7669760625306,1.5384615384615383,192,194,3,0,191,186,16390,1,0,0,1,8
2020-08-23,US,Oklahoma,Payne,914,4,0,36.07695283,-96.97584944,40119.0,1117.5780103687762,0.43763676148796504,910,893,4,0,889,874,82040,21,0,0,21,19
2020-08-23,US,Oklahoma,Pittsburg,531,12,0,34.92065823,-95.75134320000001,40121.0,1216.3833783845696,2.2598870056497176,519,531,12,0,519,510,43877,0,0,0,0,21
2020-08-23,US,Oklahoma,Pontotoc,223,2,0,34.72959848,-96.68337199,40123.0,582.4887681537979,0.8968609865470852,221,222,2,0,220,220,38247,1,0,0,1,2
2020-08-23,US,Oklahoma,Pottawatomie,755,9,0,35.20614018,-96.94923008,40125.0,1040.0595106898834,1.1920529801324504,746,664,9,0,655,640,72679,91,0,0,91,24
2020-08-23,US,Oklahoma,Pushmataha,121,0,0,34.41635232,-95.37603505,40127.0,1090.4830569574624,0.0,121,121,0,0,121,119,11179,0,0,0,0,2
2020-08-23,US,Oklahoma,Roger Mills,12,1,0,35.68711719,-99.69666167,40129.0,334.91487580240016,8.333333333333334,11,12,1,0,11,10,3656,0,0,0,0,2
2020-08-23,US,Oklahoma,Rogers,1210,25,0,36.37004357,-95.60406759,40131.0,1308.6881752993218,2.066115702479338,1185,1207,25,0,1182,1185,91984,3,0,0,3,22
2020-08-23,US,Oklahoma,Seminole,287,5,0,35.16478725,-96.61686741,40133.0,1183.114848709704,1.7421602787456445,282,284,5,0,279,277,24578,3,0,0,3,7
2020-08-23,US,Oklahoma,Sequoyah,511,5,0,35.49447108,-94.75463785,40135.0,1229.2814356852464,0.9784735812133072,506,503,5,0,498,488,41179,8,0,0,8,15
2020-08-23,US,Oklahoma,Stephens,228,4,0,34.48556989,-97.85141892,40137.0,528.4750712745985,1.7543859649122806,224,228,4,0,224,228,43265,0,0,0,0,0
2020-08-23,US,Oklahoma,Texas,1098,7,0,36.74777635,-101.4889765,40139.0,5494.670469899415,0.6375227686703097,1091,1097,7,0,1090,1090,20455,1,0,0,1,7
2020-08-23,US,Oklahoma,Tillman,62,1,0,34.37288446,-98.92426619,40141.0,855.1724137931035,1.6129032258064515,61,60,1,0,59,59,7348,2,0,0,2,1
2020-08-23,US,Oklahoma,Tulsa,12312,125,0,36.11939621,-95.94013939,40143.0,1889.641962575512,1.0152696556205327,12187,12253,125,0,12128,12095,648360,59,0,0,59,158
2020-08-23,US,Oklahoma,Unassigned,6,0,0,0.0,0.0,90040.0,0.0,0.0,6,11,0,0,11,17,,-5,0,0,-5,-6
2020-08-23,US,Oklahoma,Wagoner,1052,23,0,35.96024096,-95.51911308,40145.0,1294.14803971017,2.1863117870722437,1029,1051,23,0,1028,1034,80110,1,0,0,1,17
2020-08-23,US,Oklahoma,Washington,740,39,0,36.71380786,-95.90514104,40147.0,1436.1402759718203,5.270270270270269,701,733,39,0,694,729,51843,7,0,0,7,4
2020-08-23,US,Oklahoma,Washita,38,0,0,35.29071824,-98.99180434,40149.0,348.112861854159,0.0,38,37,0,0,37,37,11127,1,0,0,1,0
2020-08-23,US,Oklahoma,Woods,24,0,0,36.76705782,-98.86573064,40151.0,272.9443875810304,0.0,24,24,0,0,24,24,8897,0,0,0,0,0
2020-08-23,US,Oklahoma,Woodward,72,0,0,36.42316318,-99.26283045,40153.0,356.2416505863144,0.0,72,71,0,0,71,71,20222,1,0,0,1,0
2020-08-23,US,Oregon,Baker,64,1,0,44.70915557,-117.6749883,41001.0,396.9238402381543,1.5625,63,64,1,0,63,55,16006,0,0,0,0,9
2020-08-23,US,Oregon,Benton,201,6,0,44.49167306,-123.4316987,41003.0,216.00593210321,2.985074626865672,195,201,6,0,195,196,92101,0,0,0,0,5
2020-08-23,US,Oregon,Clackamas,1811,55,0,45.18787398,-122.2179634,41005.0,433.05985121488715,3.0369961347321923,1756,1792,55,0,1737,1769,416075,19,0,0,19,23
2020-08-23,US,Oregon,Clatsop,93,0,0,45.99712889,-123.660711,41007.0,231.20525059665871,0.0,93,93,0,0,93,92,39764,0,0,0,0,1
2020-08-23,US,Oregon,Columbia,123,1,0,45.94464254,-123.08908980000001,41009.0,234.9390686480498,0.8130081300813008,122,121,1,0,120,121,52377,2,0,0,2,0
2020-08-23,US,Oregon,Coos,98,0,0,43.17406868,-124.0594514,41011.0,151.96861382914386,0.0,98,97,0,0,97,94,64389,1,0,0,1,3
2020-08-23,US,Oregon,Crook,54,1,0,44.14230227,-120.356297,41013.0,221.27520078675627,1.851851851851852,53,54,1,0,53,54,23867,0,0,0,0,0
2020-08-23,US,Oregon,Curry,20,0,0,42.45911325,-124.15728200000001,41015.0,87.24100327153762,0.0,20,20,0,0,20,20,22813,0,0,0,0,0
2020-08-23,US,Oregon,Deschutes,672,11,0,43.91570171,-121.2289121,41017.0,339.9227080509075,1.636904761904762,661,664,11,0,653,657,191996,8,0,0,8,7
2020-08-23,US,Oregon,Douglas,169,2,0,43.27941273,-123.16729099999999,41019.0,152.2796900342404,1.183431952662722,167,169,2,0,167,169,110283,0,0,0,0,0
2020-08-23,US,Oregon,Gilliam,4,0,0,45.37160076,-120.20488689999999,41021.0,209.20502092050208,0.0,4,4,0,0,4,4,1894,0,0,0,0,0
2020-08-23,US,Oregon,Grant,8,0,0,44.49024544,-119.0068631,41023.0,111.12654535352131,0.0,8,8,0,0,8,4,7176,0,0,0,0,4
2020-08-23,US,Oregon,Harney,11,0,0,43.06422669,-118.96663059999999,41025.0,148.7893953740024,0.0,11,11,0,0,11,11,7329,0,0,0,0,0
2020-08-23,US,Oregon,Hood River,225,0,0,45.51872811,-121.65520359999998,41027.0,962.278675904542,0.0,225,225,0,0,225,223,23428,0,0,0,0,2
2020-08-23,US,Oregon,Jackson,687,2,0,42.43201126,-122.72893090000001,41029.0,310.9385183575929,0.2911208151382824,685,674,2,0,672,654,219564,13,0,0,13,20
2020-08-23,US,Oregon,Jefferson,441,6,0,44.62806839,-121.17832,41031.0,1788.4662178603296,1.3605442176870748,435,440,6,0,434,436,24192,1,0,0,1,4
2020-08-23,US,Oregon,Josephine,150,2,0,42.3665549,-123.5561938,41033.0,171.45404460091214,1.3333333333333333,148,150,2,0,148,149,87393,0,0,0,0,1
2020-08-23,US,Oregon,Klamath,223,2,0,42.68762984,-121.64964609999998,41035.0,326.797385620915,0.8968609865470852,221,221,2,0,219,221,67653,2,0,0,2,0
2020-08-23,US,Oregon,Lake,32,0,0,42.79246693,-120.38501629999999,41037.0,406.6590418096328,0.0,32,32,0,0,32,32,7879,0,0,0,0,0
2020-08-23,US,Oregon,Lane,654,5,0,43.93727035,-122.847753,41039.0,171.17416578767597,0.764525993883792,649,652,5,0,647,647,379611,2,0,0,2,5
2020-08-23,US,Oregon,Lincoln,453,11,0,44.64252874,-123.86991200000001,41041.0,906.6890837036148,2.428256070640177,442,453,11,0,442,450,49388,0,0,0,0,3
2020-08-23,US,Oregon,Linn,363,12,0,44.48899494,-122.53731540000001,41043.0,279.77094235793726,3.3057851239669422,351,356,12,0,344,353,127335,7,0,0,7,3
2020-08-23,US,Oregon,Malheur,1037,16,0,43.1937027,-117.62273950000001,41045.0,3392.103627620948,1.5429122468659595,1021,1009,16,0,993,991,30725,28,0,0,28,18
2020-08-23,US,Oregon,Marion,3516,75,0,44.90287942,-122.58151170000001,41047.0,1010.8735028089404,2.1331058020477816,3441,3476,75,0,3401,3425,346868,40,0,0,40,51
2020-08-23,US,Oregon,Morrow,421,3,0,45.41846568,-119.584546,41049.0,3628.371972765664,0.7125890736342043,418,419,3,0,416,418,11372,2,0,0,2,1
2020-08-23,US,Oregon,Multnomah,5661,109,0,45.54747959,-122.4169351,41051.0,696.4341733765555,1.9254548666313367,5552,5597,109,0,5488,5543,811880,64,0,0,64,54
2020-08-23,US,Oregon,Polk,393,13,0,44.90322804,-123.4128888,41053.0,456.5255270953128,3.307888040712468,380,390,13,0,377,387,85234,3,0,0,3,3
2020-08-23,US,Oregon,Sherman,16,0,0,45.41501554,-120.6827834,41055.0,898.876404494382,0.0,16,16,0,0,16,17,1708,0,0,0,0,-1
2020-08-23,US,Oregon,Tillamook,37,0,0,45.46248721,-123.712066,41057.0,136.8545642846575,0.0,37,37,0,0,37,36,26787,0,0,0,0,1
2020-08-23,US,Oregon,Umatilla,2537,32,0,45.59073056,-118.7353826,41059.0,3254.650416933932,1.261332282223098,2505,2530,32,0,2498,2514,77516,7,0,0,7,16
2020-08-23,US,Oregon,Union,408,2,0,45.30915495,-118.0068979,41061.0,1520.4024594745667,0.4901960784313725,406,408,2,0,406,407,26461,0,0,0,0,1
2020-08-23,US,Oregon,Wallowa,21,1,0,45.57894064,-117.18353799999998,41063.0,291.34295227524973,4.761904761904762,20,21,1,0,20,21,7081,0,0,0,0,0
2020-08-23,US,Oregon,Wasco,207,3,0,45.16292781,-121.16709540000001,41065.0,775.8039127501687,1.4492753623188406,204,207,3,0,204,206,26505,0,0,0,0,1
2020-08-23,US,Oregon,Washington,3543,32,0,45.55972701,-123.0955257,41067.0,588.937352890331,0.9031893875246966,3511,3518,32,0,3486,3477,597695,25,0,0,25,41
2020-08-23,US,Oregon,Yamhill,584,14,0,45.23330449,-123.3086963,41071.0,545.2847805788981,2.3972602739726026,570,581,14,0,567,568,107002,3,0,0,3,13
2020-08-23,US,Pennsylvania,Adams,568,23,0,39.87140411,-77.21610347,42001.0,551.4081293867526,4.049295774647887,545,566,23,0,543,561,102811,2,0,0,2,5
2020-08-23,US,Pennsylvania,Allegheny,9903,293,0,40.46809875,-79.98167747,42003.0,814.3613106422871,2.958699384025043,9610,9817,291,0,9526,9756,1218452,86,2,0,84,61
2020-08-23,US,Pennsylvania,Armstrong,282,9,0,40.81665618,-79.46290811,42005.0,435.6221518498494,3.191489361702128,273,276,9,0,267,269,65263,6,0,0,6,7
2020-08-23,US,Pennsylvania,Beaver,1501,95,0,40.6825484,-80.34921611,42007.0,915.6403076941847,6.329113924050633,1406,1496,95,0,1401,1485,164742,5,0,0,5,11
2020-08-23,US,Pennsylvania,Bedford,161,5,0,40.00522157,-78.48998442,42009.0,336.20113598396256,3.1055900621118013,156,160,5,0,155,159,48176,1,0,0,1,1
2020-08-23,US,Pennsylvania,Berks,5814,377,0,40.41570541,-75.92457766,42011.0,1380.4598683648176,6.484348125214997,5437,5781,377,0,5404,5743,420152,33,0,0,33,38
2020-08-23,US,Pennsylvania,Blair,403,8,0,40.47961444,-78.34917412,42013.0,330.79151926060297,1.9851116625310172,395,393,8,0,385,390,122492,10,0,0,10,3
2020-08-23,US,Pennsylvania,Bradford,95,3,0,41.78869215,-76.51570822,42015.0,157.48553619680715,3.1578947368421053,92,95,3,0,92,94,60833,0,0,0,0,1
2020-08-23,US,Pennsylvania,Bucks,7580,584,0,40.33682119,-75.10836643,42017.0,1206.4876565807695,7.7044854881266485,6996,7562,584,0,6978,7535,628195,18,0,0,18,27
2020-08-23,US,Pennsylvania,Butler,746,17,0,40.91152759,-79.91351055,42019.0,397.1190239176377,2.2788203753351213,729,744,17,0,727,740,187888,2,0,0,2,4
2020-08-23,US,Pennsylvania,Cambria,428,3,0,40.49527404,-78.71377428,42021.0,328.74523780262996,0.7009345794392523,425,421,3,0,418,416,131730,7,0,0,7,5
2020-08-23,US,Pennsylvania,Cameron,8,0,0,41.43625568,-78.20376845,42023.0,179.89655947830002,0.0,8,8,0,0,8,8,4492,0,0,0,0,0
2020-08-23,US,Pennsylvania,Carbon,414,28,0,40.91545395,-75.7068525,42025.0,645.0406656071797,6.763285024154589,386,413,28,0,385,411,64227,1,0,0,1,2
2020-08-23,US,Pennsylvania,Centre,417,11,0,40.92058903,-77.82200624,42027.0,256.7971179604028,2.6378896882494005,406,415,11,0,404,410,162805,2,0,0,2,5
2020-08-23,US,Pennsylvania,Chester,5439,352,0,39.97291773,-75.74768357,42029.0,1036.0217071214825,6.471777900349329,5087,5439,352,0,5087,5439,522046,0,0,0,0,0
2020-08-23,US,Pennsylvania,Clarion,95,3,0,41.19265812,-79.42413524,42031.0,247.15125656902023,3.1578947368421053,92,95,3,0,92,95,38779,0,0,0,0,0
2020-08-23,US,Pennsylvania,Clearfield,209,1,0,41.00110782,-78.47592663,42033.0,263.705759888966,0.4784688995215311,208,207,1,0,206,205,79388,2,0,0,2,2
2020-08-23,US,Pennsylvania,Clinton,130,5,0,41.23255967,-77.63785995,42035.0,336.50859391178295,3.8461538461538463,125,129,5,0,124,129,38684,1,0,0,1,0
2020-08-23,US,Pennsylvania,Columbia,521,35,0,41.04821986,-76.40565017,42037.0,801.982636537159,6.7178502879078685,486,514,35,0,479,505,65456,7,0,0,7,9
2020-08-23,US,Pennsylvania,Crawford,186,2,0,41.68447709,-80.10760592,42039.0,219.78281676493873,1.075268817204301,184,184,2,0,182,181,85063,2,0,0,2,3
2020-08-23,US,Pennsylvania,Cumberland,1445,71,0,40.1625372,-77.26130755,42041.0,570.3121916564708,4.913494809688581,1374,1437,71,0,1366,1424,251423,8,0,0,8,13
2020-08-23,US,Pennsylvania,Dauphin,3122,161,0,40.41377078,-76.77993242,42043.0,1121.8150262846793,5.15695067264574,2961,3104,161,0,2943,3073,277097,18,0,0,18,31
2020-08-23,US,Pennsylvania,Delaware,10045,719,0,39.91680171,-75.40243663,42045.0,1772.3957956548513,7.1577899452463924,9326,10011,719,0,9292,9946,564751,34,0,0,34,65
2020-08-23,US,Pennsylvania,Elk,64,2,0,41.42822061,-78.64524744,42047.0,213.97525911066532,3.125,62,64,2,0,62,63,30169,0,0,0,0,1
2020-08-23,US,Pennsylvania,Erie,1296,29,0,41.99253829,-80.03301954,42049.0,480.48404318424485,2.2376543209876543,1267,1283,29,0,1254,1271,272061,13,0,0,13,12
2020-08-23,US,Pennsylvania,Fayette,658,6,0,39.92041012,-79.64291195,42051.0,508.9963952534927,0.9118541033434652,652,656,6,0,650,653,130441,2,0,0,2,3
2020-08-23,US,Pennsylvania,Forest,13,0,0,41.51095103,-79.23229292,42053.0,179.38457292672834,0.0,13,13,0,0,13,13,7279,0,0,0,0,0
2020-08-23,US,Pennsylvania,Franklin,1469,46,0,39.92956518,-77.72157791,42055.0,947.5768737058706,3.1313818924438395,1423,1457,46,0,1411,1448,154835,12,0,0,12,9
2020-08-23,US,Pennsylvania,Fulton,31,2,0,39.92913544,-78.11163677,42057.0,213.351686166552,6.451612903225807,29,31,2,0,29,28,14523,0,0,0,0,3
2020-08-23,US,Pennsylvania,Greene,134,1,0,39.85746531,-80.22357106,42059.0,369.82860927883416,0.746268656716418,133,133,1,0,132,132,36506,1,0,0,1,1
2020-08-23,US,Pennsylvania,Huntingdon,351,5,0,40.42162652,-77.97673273,42061.0,777.5119617224881,1.4245014245014245,346,346,5,0,341,346,45168,5,0,0,5,0
2020-08-23,US,Pennsylvania,Indiana,399,9,0,40.65241041,-79.08963285,42063.0,474.58756081024825,2.255639097744361,390,396,9,0,387,388,84501,3,0,0,3,8
2020-08-23,US,Pennsylvania,Jefferson,93,1,0,41.12913106,-78.9986361,42065.0,214.1623488773748,1.075268817204301,92,88,1,0,87,83,43641,5,0,0,5,5
2020-08-23,US,Pennsylvania,Juniata,143,6,0,40.53358749,-77.39975129999998,42067.0,577.4744578605178,4.195804195804196,137,142,6,0,136,142,24704,1,0,0,1,0
2020-08-23,US,Pennsylvania,Lackawanna,1995,213,0,41.43564672,-75.60379201,42069.0,951.4770548565867,10.676691729323306,1782,1987,213,0,1774,1981,210793,8,0,0,8,6
2020-08-23,US,Pennsylvania,Lancaster,6465,428,0,40.03904563,-76.24770128,42071.0,1184.6647756008529,6.620262954369682,6037,6428,428,0,6000,6393,543557,37,0,0,37,35
2020-08-23,US,Pennsylvania,Lawrence,441,17,0,40.99206278,-80.33393706,42073.0,515.7170923379175,3.8548752834467117,424,439,17,0,422,436,86184,2,0,0,2,3
2020-08-23,US,Pennsylvania,Lebanon,1672,56,0,40.36680311,-76.45651841,42075.0,1179.1837396768526,3.3492822966507183,1616,1665,56,0,1609,1663,141314,7,0,0,7,2
2020-08-23,US,Pennsylvania,Lehigh,5128,342,0,40.6154815,-75.59435245,42077.0,1388.5052989564554,6.669266770670828,4786,5119,342,0,4777,5112,368100,9,0,0,9,7
2020-08-23,US,Pennsylvania,Luzerne,3690,186,0,41.17823008,-75.98447579,42079.0,1162.508624301786,5.040650406504065,3504,3678,186,0,3492,3666,317646,12,0,0,12,12
2020-08-23,US,Pennsylvania,Lycoming,479,20,0,41.34310539,-77.06629984,42081.0,422.7751348202544,4.175365344467641,459,471,20,0,451,467,113664,8,0,0,8,4
2020-08-23,US,Pennsylvania,McKean,35,1,0,41.80938602,-78.56478358,42083.0,86.15384615384615,2.8571428571428568,34,35,1,0,34,35,40968,0,0,0,0,0
2020-08-23,US,Pennsylvania,Mercer,526,13,0,41.30248872,-80.25816981,42085.0,480.6989325924843,2.4714828897338403,513,518,13,0,505,513,110683,8,0,0,8,5
2020-08-23,US,Pennsylvania,Mifflin,138,1,0,40.61116939,-77.61070738,42087.0,299.1026919242273,0.7246376811594203,137,138,1,0,137,136,46222,0,0,0,0,2
2020-08-23,US,Pennsylvania,Monroe,1690,127,0,41.05934058,-75.34031025,42089.0,992.535428816416,7.514792899408285,1563,1688,127,0,1561,1686,169507,2,0,0,2,2
2020-08-23,US,Pennsylvania,Montgomery,10713,861,0,40.21053671,-75.36652296,42091.0,1289.3015531071173,8.036964435732289,9852,10667,861,0,9806,10607,828604,46,0,0,46,60
2020-08-23,US,Pennsylvania,Montour,123,3,0,41.03023987,-76.66345939,42093.0,674.7120131651126,2.4390243902439024,120,123,3,0,120,122,18240,0,0,0,0,1
2020-08-23,US,Pennsylvania,Northampton,4059,296,0,40.75182733,-75.30471829,42095.0,1329.5772802463273,7.292436560729244,3763,4050,296,0,3754,4049,304807,9,0,0,9,1
2020-08-23,US,Pennsylvania,Northumberland,625,24,0,40.84785433,-76.70798222,42097.0,688.000176128045,3.84,601,617,24,0,593,602,91083,8,0,0,8,15
2020-08-23,US,Pennsylvania,Perry,160,5,0,40.40206612,-77.26297447,42099.0,345.78146611341634,3.125,155,158,5,0,153,155,46139,2,0,0,2,3
2020-08-23,US,Pennsylvania,Philadelphia,32936,1736,0,40.00338507,-75.1379271,42101.0,2079.2089208516827,5.270828273014331,31200,32936,1736,0,31200,32791,1584138,0,0,0,0,145
2020-08-23,US,Pennsylvania,Pike,533,21,0,41.33155042,-75.03208106,42103.0,955.0430934078732,3.9399624765478425,512,533,21,0,512,532,55933,0,0,0,0,1
2020-08-23,US,Pennsylvania,Potter,24,0,0,41.74471626,-77.89559864,42105.0,145.22570494977614,0.0,24,22,0,0,22,22,16622,2,0,0,2,0
2020-08-23,US,Pennsylvania,Schuylkill,971,51,0,40.70497338,-76.2150785,42107.0,686.9035576086418,5.25231719876416,920,970,51,0,919,963,142067,1,0,0,1,7
2020-08-23,US,Pennsylvania,Snyder,140,2,0,40.77129231,-77.06840691,42109.0,346.77499256910727,1.4285714285714286,138,137,2,0,135,134,40540,3,0,0,3,3
2020-08-23,US,Pennsylvania,Somerset,156,3,0,39.97172723,-79.02699593,42111.0,212.3980557408744,1.9230769230769231,153,153,3,0,150,151,73952,3,0,0,3,2
2020-08-23,US,Pennsylvania,Sullivan,10,0,0,41.44634738,-76.51246591,42113.0,164.85328058028355,0.0,10,10,0,0,10,10,6071,0,0,0,0,0
2020-08-23,US,Pennsylvania,Susquehanna,246,27,0,41.82147784,-75.80071959,42115.0,609.9980162666137,10.975609756097562,219,245,27,0,218,240,40589,1,0,0,1,5
2020-08-23,US,Pennsylvania,Tioga,46,3,0,41.77255149,-77.25433032,42117.0,113.32561405237614,6.521739130434782,43,45,3,0,42,45,40763,1,0,0,1,0
2020-08-23,US,Pennsylvania,Union,359,4,0,40.96188846,-77.05996014,42119.0,799.1452040157602,1.1142061281337048,355,354,4,0,350,347,44785,5,0,0,5,7
2020-08-23,US,Pennsylvania,Venango,69,1,0,41.40323442,-79.75845449,42121.0,136.18062682560986,1.4492753623188406,68,69,1,0,68,69,51266,0,0,0,0,0
2020-08-23,US,Pennsylvania,Warren,26,1,0,41.81304978,-79.26969577,42123.0,66.34176213926665,3.8461538461538463,25,25,1,0,24,26,39498,1,0,0,1,-1
2020-08-23,US,Pennsylvania,Washington,976,22,0,40.19208869,-80.24582867,42125.0,471.80528363908826,2.2540983606557377,954,968,22,0,946,956,207346,8,0,0,8,12
2020-08-23,US,Pennsylvania,Wayne,170,10,0,41.64938475,-75.29956506,42127.0,330.9904402172855,5.882352941176472,160,169,10,0,159,169,51276,1,0,0,1,0
2020-08-23,US,Pennsylvania,Westmoreland,1731,49,0,40.31377979999999,-79.46615476,42129.0,496.13211846408274,2.830733679953784,1682,1716,49,0,1667,1696,350611,15,0,0,15,20
2020-08-23,US,Pennsylvania,Wyoming,65,8,0,41.51955538,-76.01074915,42131.0,242.59162499066954,12.307692307692307,57,65,8,0,57,64,27046,0,0,0,0,1
2020-08-23,US,Pennsylvania,York,3119,114,0,39.9210089,-76.73040131,42133.0,694.5650673186983,3.6550176338570055,3005,3086,114,0,2972,3038,448273,33,0,0,33,48
2020-08-23,US,Puerto Rico,Adjuntas,115,0,0,18.180117000000006,-66.754367,72001.0,590.258173792537,0.0,115,112,0,0,112,105,,3,0,0,3,7
2020-08-23,US,Puerto Rico,Aguada,191,0,0,18.360255,-67.17513100000001,72003.0,455.2062727901046,0.0,191,185,0,0,185,178,,6,0,0,6,7
2020-08-23,US,Puerto Rico,Aguadilla,282,0,0,18.459681,-67.12081500000001,72005.0,462.68191438743867,0.0,282,281,0,0,281,272,,1,0,0,1,9
2020-08-23,US,Puerto Rico,Aguas Buenas,182,0,0,18.251619,-66.126806,72007.0,635.0535608360375,0.0,182,176,0,0,176,171,,6,0,0,6,5
2020-08-23,US,Puerto Rico,Aibonito,113,0,0,18.131361,-66.264131,72009.0,436.2934362934363,0.0,113,113,0,0,113,110,,0,0,0,0,3
2020-08-23,US,Puerto Rico,Anasco,177,0,0,18.287985,-67.120611,72011.0,604.9007210963397,0.0,177,175,0,0,175,169,,2,0,0,2,6
2020-08-23,US,Puerto Rico,Arecibo,449,0,0,18.406631,-66.675077,72013.0,465.57445043550393,0.0,449,437,0,0,437,426,,12,0,0,12,11
2020-08-23,US,Puerto Rico,Arroyo,112,0,0,17.998457000000005,-66.056546,72015.0,572.1583652618135,0.0,112,111,0,0,111,108,,1,0,0,1,3
2020-08-23,US,Puerto Rico,Barceloneta,116,0,0,18.445532999999998,-66.56053100000001,72017.0,467.44036105738235,0.0,116,116,0,0,116,115,,0,0,0,0,1
2020-08-23,US,Puerto Rico,Barranquitas,303,0,0,18.201592,-66.30963,72019.0,999.406293291114,0.0,303,301,0,0,301,297,,2,0,0,2,4
2020-08-23,US,Puerto Rico,Bayamon,2227,0,0,18.34946,-66.168435,72021.0,1070.0763035999157,0.0,2227,2176,0,0,2176,2125,,51,0,0,51,51
2020-08-23,US,Puerto Rico,Cabo Rojo,262,0,0,18.040993,-67.154391,72023.0,514.5629161183888,0.0,262,258,0,0,258,250,,4,0,0,4,8
2020-08-23,US,Puerto Rico,Caguas,1001,0,0,18.211615,-66.050779,72025.0,700.5241684337233,0.0,1001,984,0,0,984,955,,17,0,0,17,29
2020-08-23,US,Puerto Rico,Camuy,186,0,0,18.418578,-66.860206,72027.0,529.0252851332518,0.0,186,185,0,0,185,176,,1,0,0,1,9
2020-08-23,US,Puerto Rico,Canovanas,469,0,0,18.328802,-65.887612,72029.0,984.3015446608464,0.0,469,469,0,0,469,458,,0,0,0,0,11
2020-08-23,US,Puerto Rico,Carolina,1692,0,0,18.374986,-65.95683100000001,72031.0,957.2193118430432,0.0,1692,1676,0,0,1676,1641,,16,0,0,16,35
2020-08-23,US,Puerto Rico,Catano,271,0,0,18.437269,-66.14330600000001,72033.0,963.0419331911867,0.0,271,266,0,0,266,259,,5,0,0,5,7
2020-08-23,US,Puerto Rico,Cayey,243,0,0,18.102851,-66.14914,72035.0,504.998025727883,0.0,243,242,0,0,242,237,,1,0,0,1,5
2020-08-23,US,Puerto Rico,Ceiba,80,0,0,18.251818,-65.666416,72037.0,586.8975130217884,0.0,80,80,0,0,80,80,,0,0,0,0,0
2020-08-23,US,Puerto Rico,Ciales,180,0,0,18.28885,-66.516475,72039.0,958.3643914386116,0.0,180,179,0,0,179,178,,1,0,0,1,1
2020-08-23,US,Puerto Rico,Cidra,222,0,0,18.173559,-66.161179,72041.0,510.57957681692733,0.0,222,221,0,0,221,213,,1,0,0,1,8
2020-08-23,US,Puerto Rico,Coamo,194,0,0,18.097597,-66.36014,72043.0,478.870458135861,0.0,194,194,0,0,194,191,,0,0,0,0,3
2020-08-23,US,Puerto Rico,Comerio,156,0,0,18.224687,-66.221622,72045.0,750.7941091539128,0.0,156,154,0,0,154,150,,2,0,0,2,4
2020-08-23,US,Puerto Rico,Corozal,345,0,0,18.304264,-66.327738,72047.0,928.8675892520596,0.0,345,342,0,0,342,322,,3,0,0,3,20
2020-08-23,US,Puerto Rico,Culebra,19,0,0,18.31586,-65.28813000000001,72049.0,1045.1045104510451,0.0,19,19,0,0,19,19,,0,0,0,0,0
2020-08-23,US,Puerto Rico,Dorado,428,0,0,18.436115,-66.278669,72051.0,1121.4463513690557,0.0,428,422,0,0,422,410,,6,0,0,6,12
2020-08-23,US,Puerto Rico,Fajardo,321,0,0,18.318373,-65.666866,72053.0,867.7317330305733,0.0,321,314,0,0,314,312,,7,0,0,7,2
2020-08-23,US,Puerto Rico,Florida,202,0,0,18.373715,-66.560488,72054.0,1593.059936908517,0.0,202,200,0,0,200,197,,2,0,0,2,3
2020-08-23,US,Puerto Rico,Guanica,74,0,0,17.982429,-66.91964300000001,72055.0,380.91316209399287,0.0,74,74,0,0,74,73,,0,0,0,0,1
2020-08-23,US,Puerto Rico,Guayama,209,0,0,18.007516,-66.13390799999999,72057.0,460.73806269564835,0.0,209,208,0,0,208,203,,1,0,0,1,5
2020-08-23,US,Puerto Rico,Guayanilla,139,0,0,18.039942,-66.79186,72059.0,644.085074834345,0.0,139,139,0,0,139,139,,0,0,0,0,0
2020-08-23,US,Puerto Rico,Guaynabo,1142,0,0,18.345114000000002,-66.11452299999999,72061.0,1166.2105306155795,0.0,1142,1130,0,0,1130,1113,,12,0,0,12,17
2020-08-23,US,Puerto Rico,Gurabo,328,0,0,18.266461,-65.97970500000001,72063.0,722.9606118715423,0.0,328,327,0,0,327,319,,1,0,0,1,8
2020-08-23,US,Puerto Rico,Hatillo,151,0,0,18.410928,-66.79632600000001,72065.0,359.9265845112388,0.0,151,151,0,0,151,147,,0,0,0,0,4
2020-08-23,US,Puerto Rico,Hormigueros,118,0,0,18.134532,-67.113972,72067.0,684.0579710144928,0.0,118,118,0,0,118,112,,0,0,0,0,6
2020-08-23,US,Puerto Rico,Humacao,267,0,0,18.145211,-65.810174,72069.0,456.67567475113736,0.0,267,260,0,0,260,252,,7,0,0,7,8
2020-08-23,US,Puerto Rico,Isabela,178,0,0,18.44981,-67.005093,72071.0,390.08568736166205,0.0,178,176,0,0,176,166,,2,0,0,2,10
2020-08-23,US,Puerto Rico,Jayuya,190,0,0,18.211446,-66.58878,72073.0,1141.6897007571206,0.0,190,190,0,0,190,189,,0,0,0,0,1
2020-08-23,US,Puerto Rico,Juana Diaz,242,0,0,18.050764,-66.49458100000001,72075.0,302.88997083745323,0.0,242,241,0,0,241,237,,1,0,0,1,4
2020-08-23,US,Puerto Rico,Juncos,210,0,0,18.223793,-65.909109,72077.0,521.2211466865227,0.0,210,204,0,0,204,194,,6,0,0,6,10
2020-08-23,US,Puerto Rico,Lajas,105,0,0,18.011661,-67.040585,72079.0,407.7194889915737,0.0,105,104,0,0,104,98,,1,0,0,1,6
2020-08-23,US,Puerto Rico,Lares,228,0,0,18.269035000000002,-66.867236,72081.0,741.3910837967027,0.0,228,225,0,0,225,216,,3,0,0,3,9
2020-08-23,US,Puerto Rico,Las Marias,80,0,0,18.23679,-66.98362,72083.0,809.6346523631212,0.0,80,80,0,0,80,80,,0,0,0,0,0
2020-08-23,US,Puerto Rico,Las Piedras,239,0,0,18.187527,-65.86946800000001,72085.0,617.9702650290885,0.0,239,235,0,0,235,221,,4,0,0,4,14
2020-08-23,US,Puerto Rico,Loiza,169,0,0,18.425688,-65.89943000000001,72087.0,562.2089155023286,0.0,169,169,0,0,169,168,,0,0,0,0,1
2020-08-23,US,Puerto Rico,Luquillo,155,0,0,18.342114000000002,-65.72509699999999,72089.0,772.373928642615,0.0,155,155,0,0,155,147,,0,0,0,0,8
2020-08-23,US,Puerto Rico,Manati,323,0,0,18.420473,-66.490461,72091.0,732.2104595017341,0.0,323,320,0,0,320,315,,3,0,0,3,5
2020-08-23,US,Puerto Rico,Maricao,48,0,0,18.171795,-66.942126,72093.0,764.8183556405354,0.0,48,47,0,0,47,47,,1,0,0,1,0
2020-08-23,US,Puerto Rico,Maunabo,79,0,0,18.017889,-65.922235,72095.0,646.2167689161554,0.0,79,78,0,0,78,77,,1,0,0,1,1
2020-08-23,US,Puerto Rico,Mayaguez,604,0,0,18.2013,-67.1452,72097.0,678.0422092501123,0.0,604,592,0,0,592,578,,12,0,0,12,14
2020-08-23,US,Puerto Rico,Moca,238,0,0,18.377805,-67.080952,72099.0,593.3830312398712,0.0,238,238,0,0,238,237,,0,0,0,0,1
2020-08-23,US,Puerto Rico,Morovis,348,0,0,18.316963,-66.420383,72101.0,1067.1573137074515,0.0,348,342,0,0,342,334,,6,0,0,6,8
2020-08-23,US,Puerto Rico,Naguabo,121,0,0,18.230636999999998,-65.753897,72103.0,452.8443113772455,0.0,121,115,0,0,115,111,,6,0,0,6,4
2020-08-23,US,Puerto Rico,Naranjito,411,0,0,18.288019,-66.252703,72105.0,1351.884744424709,0.0,411,406,0,0,406,395,,5,0,0,5,11
2020-08-23,US,Puerto Rico,Orocovis,259,0,0,18.215046,-66.433604,72107.0,1105.7507578021603,0.0,259,257,0,0,257,256,,2,0,0,2,1
2020-08-23,US,Puerto Rico,Out of PR,727,0,0,0.0,0.0,72888.0,0.0,0.0,727,716,0,0,716,712,,11,0,0,11,4
2020-08-23,US,Puerto Rico,Patillas,126,0,0,18.03174,-66.012242,72109.0,653.6286766613063,0.0,126,126,0,0,126,125,,0,0,0,0,1
2020-08-23,US,Puerto Rico,Penuelas,90,0,0,18.059645,-66.721572,72111.0,370.64492216456637,0.0,90,89,0,0,89,88,,1,0,0,1,1
2020-08-23,US,Puerto Rico,Ponce,612,0,0,18.059498,-66.613748,72113.0,367.9498818592292,0.0,612,611,0,0,611,599,,1,0,0,1,12
2020-08-23,US,Puerto Rico,Quebradillas,103,0,0,18.439692,-66.926113,72115.0,397.39187468652335,0.0,103,101,0,0,101,101,,2,0,0,2,0
2020-08-23,US,Puerto Rico,Rincon,121,0,0,18.335442999999998,-67.23174,72117.0,796.0526315789474,0.0,121,119,0,0,119,117,,2,0,0,2,2
2020-08-23,US,Puerto Rico,Rio Grande,399,0,0,18.346329,-65.813742,72119.0,734.7525044195639,0.0,399,396,0,0,396,388,,3,0,0,3,8
2020-08-23,US,Puerto Rico,Sabana Grande,149,0,0,18.08282,-66.943758,72121.0,589.748664159905,0.0,149,147,0,0,147,139,,2,0,0,2,8
2020-08-23,US,Puerto Rico,Salinas,287,0,0,18.010386999999994,-66.256592,72123.0,923.4828496042217,0.0,287,280,0,0,280,267,,7,0,0,7,13
2020-08-23,US,Puerto Rico,San German,184,0,0,18.111484,-67.03858100000001,72125.0,517.9159512483463,0.0,184,182,0,0,182,167,,2,0,0,2,15
2020-08-23,US,Puerto Rico,San Juan,4723,0,0,18.386933,-66.061128,72127.0,1194.7101885532447,0.0,4723,4647,0,0,4647,4537,,76,0,0,76,110
2020-08-23,US,Puerto Rico,San Lorenzo,234,0,0,18.147987,-65.976392,72129.0,569.9254712845242,0.0,234,232,0,0,232,229,,2,0,0,2,3
2020-08-23,US,Puerto Rico,San Sebastian,269,0,0,18.328646,-66.971214,72131.0,633.9853876973839,0.0,269,267,0,0,267,262,,2,0,0,2,5
2020-08-23,US,Puerto Rico,Santa Isabel,122,0,0,17.994525,-66.388913,72133.0,524.1900833548166,0.0,122,121,0,0,121,119,,1,0,0,1,2
2020-08-23,US,Puerto Rico,Toa Alta,807,0,0,18.362406,-66.246616,72135.0,1089.5687629951663,0.0,807,798,0,0,798,780,,9,0,0,9,18
2020-08-23,US,Puerto Rico,Toa Baja,788,0,0,18.431445999999998,-66.213553,72137.0,879.37595554018,0.0,788,783,0,0,783,761,,5,0,0,5,22
2020-08-23,US,Puerto Rico,Trujillo Alto,677,0,0,18.336159,-65.99888399999999,72139.0,904.5722989765103,0.0,677,669,0,0,669,658,,8,0,0,8,11
2020-08-23,US,Puerto Rico,Unassigned,569,390,0,0.0,0.0,72999.0,0.0,68.54130052724078,179,632,381,0,251,591,,-63,9,0,-72,41
2020-08-23,US,Puerto Rico,Utuado,93,0,0,18.271214,-66.702984,72141.0,280.55144951582247,0.0,93,92,0,0,92,92,,1,0,0,1,0
2020-08-23,US,Puerto Rico,Vega Alta,385,0,0,18.409346,-66.33725,72143.0,963.6805086230632,0.0,385,375,0,0,375,361,,10,0,0,10,14
2020-08-23,US,Puerto Rico,Vega Baja,593,0,0,18.428262,-66.397924,72145.0,993.9324863397136,0.0,593,583,0,0,583,578,,10,0,0,10,5
2020-08-23,US,Puerto Rico,Vieques,82,0,0,18.123276,-65.44097099999999,72147.0,881.6256316525105,0.0,82,80,0,0,80,77,,2,0,0,2,3
2020-08-23,US,Puerto Rico,Villalba,92,0,0,18.127951,-66.473115,72149.0,352.85544432938286,0.0,92,91,0,0,91,90,,1,0,0,1,1
2020-08-23,US,Puerto Rico,Yabucoa,179,0,0,18.070399,-65.896289,72151.0,471.7851400859229,0.0,179,179,0,0,179,176,,0,0,0,0,3
2020-08-23,US,Puerto Rico,Yauco,292,0,0,18.080374,-66.858814,72153.0,694.5270318483458,0.0,292,292,0,0,292,284,,0,0,0,0,8
2020-08-23,US,Rhode Island,Bristol,329,0,0,41.71018079,-71.28652315,44001.0,678.6443614761031,0.0,329,329,0,0,329,329,48649,0,0,0,0,0
2020-08-23,US,Rhode Island,Kent,1592,0,0,41.67106337,-71.57641596,44003.0,969.0064032332676,0.0,1592,1592,0,0,1592,1592,163861,0,0,0,0,0
2020-08-23,US,Rhode Island,Newport,411,0,0,41.5642026,-71.26569799,44005.0,500.7187934017202,0.0,411,411,0,0,411,411,82542,0,0,0,0,0
2020-08-23,US,Rhode Island,Providence,16142,0,0,41.87064746,-71.57753536,44007.0,2526.407389843348,0.0,16142,16142,0,0,16142,16142,636084,0,0,0,0,0
2020-08-23,US,Rhode Island,Unassigned,1889,1030,0,0.0,0.0,90044.0,0.0,54.52620434092112,859,1889,1030,0,859,1889,,0,0,0,0,0
2020-08-23,US,Rhode Island,Washington,659,0,0,41.45961631,-71.61435303,44009.0,524.7776264761859,0.0,659,659,0,0,659,659,126179,0,0,0,0,0
2020-08-23,US,South Carolina,Abbeville,390,10,0,34.22333378,-82.46170658,45001.0,1590.084396787214,2.5641025641025643,380,385,10,0,375,381,24541,5,0,0,5,4
2020-08-23,US,South Carolina,Aiken,2237,56,0,33.54338026,-81.63645384,45003.0,1309.1670958378202,2.5033527045149757,2181,2224,56,0,2168,2207,169401,13,0,0,13,17
2020-08-23,US,South Carolina,Allendale,272,6,0,32.98837386,-81.35321066,45005.0,3130.755064456722,2.2058823529411766,266,270,6,0,264,266,8903,2,0,0,2,4
2020-08-23,US,South Carolina,Anderson,2879,92,0,34.51828081,-82.63959517,45007.0,1421.3213005657635,3.195554011809656,2787,2852,90,0,2762,2805,200482,27,2,0,25,47
2020-08-23,US,South Carolina,Bamberg,516,27,0,33.21927586,-81.05659969,45009.0,3668.420304279824,5.232558139534883,489,513,27,0,486,504,14275,3,0,0,3,9
2020-08-23,US,South Carolina,Barnwell,501,11,0,33.26679302,-81.43584352,45011.0,2401.035176842711,2.1956087824351296,490,497,11,0,486,491,21112,4,0,0,4,6
2020-08-23,US,South Carolina,Beaufort,4559,64,0,32.39226291,-80.72619758,45013.0,2372.971341126992,1.4038166264531695,4495,4526,64,0,4462,4483,188715,33,0,0,33,43
2020-08-23,US,South Carolina,Berkeley,4600,76,0,33.20222596,-79.94654523,45015.0,2018.3671409829446,1.6521739130434785,4524,4589,76,0,4513,4564,221091,11,0,0,11,25
2020-08-23,US,South Carolina,Calhoun,409,16,0,33.66926881,-80.77722168,45017.0,2810.417096131381,3.9119804400977993,393,402,16,0,386,398,14520,7,0,0,7,4
2020-08-23,US,South Carolina,Charleston,13320,226,0,32.82487866,-79.96512315,45019.0,3237.677622591795,1.6966966966966968,13094,13257,226,0,13031,13156,405905,63,0,0,63,101
2020-08-23,US,South Carolina,Cherokee,760,31,0,35.05122251,-81.61828622,45021.0,1326.352530541012,4.078947368421051,729,761,32,0,729,755,57078,-1,-1,0,0,6
2020-08-23,US,South Carolina,Chester,806,17,0,34.69249168,-81.1583216,45023.0,2499.6898647810444,2.109181141439206,789,800,16,0,784,786,32251,6,1,0,5,14
2020-08-23,US,South Carolina,Chesterfield,907,23,0,34.64137396,-80.15640140000002,45025.0,1986.8565169769988,2.535832414553473,884,897,23,0,874,885,45754,10,0,0,10,12
2020-08-23,US,South Carolina,Clarendon,943,61,0,33.66610974,-80.21647898,45027.0,2794.488072307008,6.4687168610816554,882,941,61,0,880,939,33700,2,0,0,2,2
2020-08-23,US,South Carolina,Colleton,865,36,0,32.87582989,-80.67641292,45029.0,2295.8303474268123,4.161849710982659,829,863,36,0,827,863,37660,2,0,0,2,0
2020-08-23,US,South Carolina,Darlington,1555,44,0,34.33358335,-79.96027485,45031.0,2334.203968897295,2.829581993569132,1511,1535,43,0,1492,1516,66802,20,1,0,19,19
2020-08-23,US,South Carolina,Dillon,711,28,0,34.39007791,-79.37741872,45033.0,2332.753699268349,3.938115330520394,683,708,28,0,680,704,30599,3,0,0,3,4
2020-08-23,US,South Carolina,Dorchester,3440,68,0,33.0794369,-80.40502652,45035.0,2112.9053062177154,1.976744186046512,3372,3428,68,0,3360,3379,160647,12,0,0,12,49
2020-08-23,US,South Carolina,Edgefield,460,8,0,33.77221995,-81.96231108,45037.0,1687.4541452677915,1.7391304347826086,452,430,8,0,422,390,27052,30,0,0,30,40
2020-08-23,US,South Carolina,Fairfield,615,26,0,34.39287073,-81.1195624,45039.0,2752.0472546650562,4.227642276422763,589,612,26,0,586,600,22402,3,0,0,3,12
2020-08-23,US,South Carolina,Florence,4014,142,0,34.02361754,-79.70189312,45041.0,2902.533027702053,3.5376183358246136,3872,3968,142,0,3826,3941,138159,46,0,0,46,27
2020-08-23,US,South Carolina,Georgetown,1662,35,0,33.43443342,-79.33202141,45043.0,2651.5634971282707,2.1058965102286398,1627,1654,35,0,1619,1630,62249,8,0,0,8,24
2020-08-23,US,South Carolina,Greenville,11574,243,0,34.89502264,-82.37295012,45045.0,2210.710888524703,2.0995334370139966,11331,11523,243,0,11280,11482,514213,51,0,0,51,41
2020-08-23,US,South Carolina,Greenwood,1649,30,0,34.15272415,-82.12715789,45047.0,2328.734236206239,1.8192844147968463,1619,1644,28,0,1616,1638,70741,5,2,0,3,6
2020-08-23,US,South Carolina,Hampton,508,17,0,32.77419582,-81.13845571,45049.0,2642.8051191343247,3.3464566929133857,491,507,17,0,490,500,19351,1,0,0,1,7
2020-08-23,US,South Carolina,Horry,9096,177,0,33.9212828,-78.99555293,45051.0,2568.90372541876,1.9459102902374668,8919,9080,177,0,8903,9045,344147,16,0,0,16,35
2020-08-23,US,South Carolina,Jasper,663,18,0,32.43171982,-81.02487495,45053.0,2204.6353872244204,2.7149321266968327,645,657,18,0,639,652,28971,6,0,0,6,5
2020-08-23,US,South Carolina,Kershaw,1515,29,0,34.33988254,-80.58763164,45055.0,2276.449640125618,1.9141914191419145,1486,1504,29,0,1475,1484,65592,11,0,0,11,20
2020-08-23,US,South Carolina,Lancaster,1537,31,0,34.68270843,-80.70513032,45057.0,1568.1753254703506,2.016916070266753,1506,1517,30,0,1487,1477,95380,20,1,0,19,40
2020-08-23,US,South Carolina,Laurens,1420,53,0,34.48244419,-82.00490796,45059.0,2103.9218881958127,3.732394366197183,1367,1413,53,0,1360,1406,66994,7,0,0,7,7
2020-08-23,US,South Carolina,Lee,607,30,0,34.16393091,-80.25690731,45061.0,3607.0834323746144,4.942339373970347,577,604,30,0,574,603,17142,3,0,0,3,1
2020-08-23,US,South Carolina,Lexington,5470,131,0,33.89665987,-81.27146426,45063.0,1830.9623430962345,2.394881170018281,5339,5433,131,0,5302,5405,295032,37,0,0,37,28
2020-08-23,US,South Carolina,Marion,641,17,0,34.07859748,-79.36400756,45067.0,2090.8764719313695,2.65210608424337,624,632,17,0,615,625,31039,9,0,0,9,7
2020-08-23,US,South Carolina,Marlboro,641,5,0,34.59905577,-79.67561152,45069.0,2454.246113791255,0.7800312012480499,636,630,5,0,625,623,26398,11,0,0,11,7
2020-08-23,US,South Carolina,McCormick,151,4,0,33.90161443,-82.30794338,45065.0,1595.688470886611,2.6490066225165565,147,151,3,0,148,150,9410,0,1,0,-1,1
2020-08-23,US,South Carolina,Newberry,920,13,0,34.28629098,-81.59935761,45071.0,2393.340270551509,1.4130434782608696,907,916,13,0,903,909,38520,4,0,0,4,7
2020-08-23,US,South Carolina,Oconee,946,16,0,34.75225169,-83.06742317,45073.0,1189.2489880069393,1.6913319238900637,930,933,15,0,918,924,78374,13,1,0,12,9
2020-08-23,US,South Carolina,Orangeburg,2742,94,0,33.4391073,-80.79886287,45075.0,3181.8973020017406,3.4281546316557256,2648,2720,94,0,2626,2702,86934,22,0,0,22,18
2020-08-23,US,South Carolina,Pickens,2033,31,0,34.88807695,-82.72791551,45077.0,1602.2508748147916,1.5248401377274965,2002,2009,30,0,1979,1993,124937,24,1,0,23,16
2020-08-23,US,South Carolina,Richland,9945,185,0,34.01791263,-80.90267209,45079.0,2392.0107562313738,1.8602312719959782,9760,9865,185,0,9680,9777,414576,80,0,0,80,88
2020-08-23,US,South Carolina,Saluda,512,11,0,34.00795823,-81.72713237,45081.0,2500.85478435012,2.1484375,501,510,11,0,499,501,20544,2,0,0,2,9
2020-08-23,US,South Carolina,Spartanburg,4702,127,0,34.92960077,-81.99225984,45083.0,1470.3629000734866,2.7009783071033597,4575,4685,127,0,4558,4651,313888,17,0,0,17,34
2020-08-23,US,South Carolina,Sumter,2723,59,0,33.91826534,-80.37942316,45085.0,2551.512823155705,2.1667278736687483,2664,2717,59,0,2658,2709,106512,6,0,0,6,8
2020-08-23,US,South Carolina,Union,435,5,0,34.68835752,-81.61730349,45087.0,1592.4732757358324,1.1494252873563218,430,424,5,0,419,417,27410,11,0,0,11,7
2020-08-23,US,South Carolina,Williamsburg,1144,36,0,33.62190129,-79.72767442,45089.0,3767.123287671233,3.1468531468531467,1108,1137,34,0,1103,1127,30606,7,2,0,5,10
2020-08-23,US,South Carolina,York,3993,39,0,34.97281497,-81.18085944,45091.0,1421.1026446816309,0.9767092411720508,3954,3972,39,0,3933,3935,274118,21,0,0,21,37
2020-08-23,US,South Dakota,Aurora,42,0,0,43.71757685,-98.56050467,46003.0,1526.7175572519086,0.0,42,41,0,0,41,40,2801,1,0,0,1,1
2020-08-23,US,South Dakota,Beadle,614,9,0,44.41464384,-98.27858469,46005.0,3327.372242995719,1.4657980456026058,605,612,9,0,603,605,18883,2,0,0,2,7
2020-08-23,US,South Dakota,Bennett,6,0,0,43.19486375,-101.6665572,46007.0,178.30609212481426,0.0,6,6,0,0,6,6,3468,0,0,0,0,0
2020-08-23,US,South Dakota,Bon Homme,38,1,0,42.98914167,-97.88592746,46009.0,550.6448340820172,2.631578947368421,37,38,0,0,38,36,6980,0,1,0,-1,2
2020-08-23,US,South Dakota,Brookings,182,1,0,44.36974375,-96.79079945,46011.0,518.8585112751946,0.5494505494505495,181,174,1,0,173,169,35232,8,0,0,8,5
2020-08-23,US,South Dakota,Brown,549,3,0,45.58994323,-98.35165355,46013.0,1413.5276397435568,0.5464480874316939,546,537,3,0,534,521,39316,12,0,0,12,16
2020-08-23,US,South Dakota,Brule,50,0,0,43.71756379,-99.08118954,46015.0,943.9305267132339,0.0,50,50,0,0,50,48,5229,0,0,0,0,2
2020-08-23,US,South Dakota,Buffalo,109,3,0,44.07657829,-99.20814467,46017.0,5555.555555555556,2.7522935779816518,106,109,3,0,106,109,2036,0,0,0,0,0
2020-08-23,US,South Dakota,Butte,27,1,0,44.90608745,-103.5079318,46019.0,258.89347013136444,3.703703703703704,26,26,1,0,25,24,10222,1,0,0,1,2
2020-08-23,US,South Dakota,Campbell,4,0,0,45.77074915,-100.0510181,46021.0,290.6976744186046,0.0,4,4,0,0,4,4,1377,0,0,0,0,0
2020-08-23,US,South Dakota,Charles Mix,116,0,0,43.20660134,-98.58856175,46023.0,1248.385708136031,0.0,116,116,0,0,116,116,9338,0,0,0,0,0
2020-08-23,US,South Dakota,Clark,17,0,0,44.85834507,-97.72925109,46025.0,455.0321199143468,0.0,17,17,0,0,17,17,3739,0,0,0,0,0
2020-08-23,US,South Dakota,Clay,158,1,0,42.91296147,-96.97656917,46027.0,1122.956645344705,0.6329113924050633,157,152,1,0,151,142,14041,6,0,0,6,10
2020-08-23,US,South Dakota,Codington,217,1,0,44.97788119,-97.18827677,46029.0,774.7509729015674,0.4608294930875576,216,207,1,0,206,195,28015,10,0,0,10,12
2020-08-23,US,South Dakota,Corson,52,0,0,45.70889983,-101.1970473,46031.0,1272.6382770435634,0.0,52,52,0,0,52,52,4165,0,0,0,0,0
2020-08-23,US,South Dakota,Custer,82,0,0,43.67741105,-103.45345209999999,46033.0,913.9545251894783,0.0,82,74,0,0,74,64,8726,8,0,0,8,10
2020-08-23,US,South Dakota,Davison,108,2,0,43.67490933,-98.14458906,46035.0,546.1441213653603,1.851851851851852,106,106,2,0,104,104,19790,2,0,0,2,2
2020-08-23,US,South Dakota,Day,31,0,0,45.367281,-97.60737498,46037.0,571.5339233038349,0.0,31,30,0,0,30,30,5505,1,0,0,1,0
2020-08-23,US,South Dakota,Deuel,33,0,0,44.75994309,-96.66943645,46039.0,758.4463341760512,0.0,33,27,0,0,27,27,4337,6,0,0,6,0
2020-08-23,US,South Dakota,Dewey,65,0,0,45.15639647,-100.8709139,46041.0,1103.1907671418874,0.0,65,64,0,0,64,62,5904,1,0,0,1,2
2020-08-23,US,South Dakota,Douglas,20,0,0,43.38520741,-98.36978007,46043.0,684.6970215679562,0.0,20,20,0,0,20,20,2935,0,0,0,0,0
2020-08-23,US,South Dakota,Edmunds,25,0,0,45.41846445,-99.21545423,46045.0,652.9119874640899,0.0,25,25,0,0,25,22,3875,0,0,0,0,3
2020-08-23,US,South Dakota,Fall River,23,0,0,43.23929297,-103.5275691,46047.0,342.6187993445553,0.0,23,23,0,0,23,23,6758,0,0,0,0,0
2020-08-23,US,South Dakota,Faulk,29,1,0,45.07082625,-99.14535601,46049.0,1261.418007829491,3.4482758620689653,28,29,1,0,28,29,2330,0,0,0,0,0
2020-08-23,US,South Dakota,Grant,39,0,0,45.1723937,-96.77002276,46051.0,553.034600113443,0.0,39,39,0,0,39,38,7147,0,0,0,0,1
2020-08-23,US,South Dakota,Gregory,8,0,0,43.19419064,-99.18883902,46053.0,191.15890083632016,0.0,8,8,0,0,8,8,4212,0,0,0,0,0
2020-08-23,US,South Dakota,Haakon,3,0,0,44.29299053,-101.539099,46055.0,157.9778830963665,0.0,3,3,0,0,3,3,1918,0,0,0,0,0
2020-08-23,US,South Dakota,Hamlin,41,0,0,44.67385954,-97.18829593,46057.0,665.1524983776768,0.0,41,40,0,0,40,36,6111,1,0,0,1,4
2020-08-23,US,South Dakota,Hand,13,0,0,44.54708407,-99.00386459,46059.0,407.3958006894391,0.0,13,13,0,0,13,12,3262,0,0,0,0,1
2020-08-23,US,South Dakota,Hanson,21,0,0,43.6746384,-97.78715148,46061.0,608.1668114682883,0.0,21,21,0,0,21,22,3376,0,0,0,0,-1
2020-08-23,US,South Dakota,Harding,2,0,0,45.58015551,-103.4958629,46063.0,154.08320493066256,0.0,2,2,0,0,2,2,1249,0,0,0,0,0
2020-08-23,US,South Dakota,Hughes,108,3,0,44.39091534,-99.99661148,46065.0,616.2273194111607,2.7777777777777777,105,105,3,0,102,103,17650,3,0,0,3,2
2020-08-23,US,South Dakota,Hutchinson,35,1,0,43.33449012,-97.75536441,46067.0,480.0438897270608,2.8571428571428568,34,35,1,0,34,35,7380,0,0,0,0,0
2020-08-23,US,South Dakota,Hyde,5,0,0,44.54747703,-99.48572582,46069.0,384.3197540353573,0.0,5,4,0,0,4,4,1282,1,0,0,1,0
2020-08-23,US,South Dakota,Jackson,12,1,0,43.69318385,-101.6255063,46071.0,358.85167464114835,8.333333333333334,11,12,1,0,11,12,3307,0,0,0,0,0
2020-08-23,US,South Dakota,Jerauld,40,1,0,44.06637798,-98.62965972,46073.0,1987.083954297069,2.5,39,40,1,0,39,39,2043,0,0,0,0,1
2020-08-23,US,South Dakota,Jones,3,0,0,43.96278565,-100.6940008,46075.0,332.2259136212625,0.0,3,3,0,0,3,2,928,0,0,0,0,1
2020-08-23,US,South Dakota,Kingsbury,18,0,0,44.36956169,-97.4913945,46077.0,364.4462441789836,0.0,18,17,0,0,17,17,4919,1,0,0,1,0
2020-08-23,US,South Dakota,Lake,108,6,0,44.02193107,-97.12926365,46079.0,843.9478002656873,5.5555555555555545,102,107,6,0,101,105,13057,1,0,0,1,2
2020-08-23,US,South Dakota,Lawrence,112,1,0,44.35919441,-103.79294279999999,46081.0,433.3694474539545,0.8928571428571429,111,100,1,0,99,90,25741,12,0,0,12,10
2020-08-23,US,South Dakota,Lincoln,787,2,0,43.27841182,-96.72039050000001,46083.0,1287.4623740348122,0.25412960609911056,785,781,2,0,779,768,58807,6,0,0,6,13
2020-08-23,US,South Dakota,Lyman,94,3,0,43.89522709,-99.85201878,46085.0,2486.1147844485586,3.191489361702128,91,93,3,0,90,92,3821,1,0,0,1,1
2020-08-23,US,South Dakota,Marshall,15,0,0,45.75870838,-97.59855639,46091.0,303.951367781155,0.0,15,13,0,0,13,13,5112,2,0,0,2,0
2020-08-23,US,South Dakota,McCook,39,1,0,43.6742571,-97.36863144,46087.0,698.1740064446832,2.5641025641025643,38,39,1,0,38,37,5546,0,0,0,0,2
2020-08-23,US,South Dakota,McPherson,10,0,0,45.76626028,-99.22118798,46089.0,420.34468263976464,0.0,10,10,0,0,10,9,2407,0,0,0,0,1
2020-08-23,US,South Dakota,Meade,164,1,0,44.56676791,-102.71627409999999,46093.0,578.850769447974,0.6097560975609756,163,152,1,0,151,138,28294,12,0,0,12,14
2020-08-23,US,South Dakota,Mellette,24,0,0,43.58078848,-100.7563186,46095.0,1164.4832605531294,0.0,24,24,0,0,24,24,2042,0,0,0,0,0
2020-08-23,US,South Dakota,Miner,15,0,0,44.02197882,-97.60992207,46097.0,676.8953068592058,0.0,15,15,0,0,15,15,2213,0,0,0,0,0
2020-08-23,US,South Dakota,Minnehaha,4896,70,0,43.67441641,-96.7910885,46099.0,2535.027493864364,1.4297385620915033,4826,4875,70,0,4805,4819,192876,21,0,0,21,56
2020-08-23,US,South Dakota,Moody,37,0,0,44.02266214,-96.67081159,46101.0,562.6520681265207,0.0,37,36,0,0,36,34,6579,1,0,0,1,2
2020-08-23,US,South Dakota,Oglala Lakota,163,2,0,43.33749164,-102.55554980000001,46102.0,1149.7495944134864,1.2269938650306749,161,163,2,0,161,160,14309,0,0,0,0,3
2020-08-23,US,South Dakota,Pennington,1042,33,0,44.0025835,-102.8240777,46103.0,915.8426719402327,3.1669865642994237,1009,1028,33,0,995,994,111729,14,0,0,14,34
2020-08-23,US,South Dakota,Perkins,6,0,0,45.49049506,-102.47555859999999,46105.0,209.42408376963348,0.0,6,6,0,0,6,6,2922,0,0,0,0,0
2020-08-23,US,South Dakota,Potter,4,0,0,45.06583079,-99.95498503,46107.0,185.78727357176032,0.0,4,4,0,0,4,3,2207,0,0,0,0,1
2020-08-23,US,South Dakota,Roberts,89,1,0,45.62975048,-96.94672673,46109.0,856.263228785838,1.1235955056179776,88,89,1,0,88,88,10447,0,0,0,0,1
2020-08-23,US,South Dakota,Sanborn,13,0,0,44.02351092,-98.09098159999999,46111.0,554.6075085324234,0.0,13,13,0,0,13,13,2429,0,0,0,0,0
2020-08-23,US,South Dakota,Spink,35,0,0,44.93837606,-98.34626602,46115.0,548.9335006273526,0.0,35,34,0,0,34,29,6495,1,0,0,1,5
2020-08-23,US,South Dakota,Stanley,20,0,0,44.41381872,-100.7349153,46117.0,645.577792123951,0.0,20,20,0,0,20,20,3022,0,0,0,0,0
2020-08-23,US,South Dakota,Sully,7,0,0,44.71571812,-100.1278092,46119.0,503.2350826743351,0.0,7,7,0,0,7,6,1392,0,0,0,0,1
2020-08-23,US,South Dakota,Todd,76,5,0,43.19338568,-100.71955030000001,46121.0,746.7819593200354,6.578947368421053,71,76,5,0,71,76,10283,0,0,0,0,0
2020-08-23,US,South Dakota,Tripp,20,0,0,43.34459388,-99.8854891,46123.0,367.5794890645102,0.0,20,20,0,0,20,20,5478,0,0,0,0,0
2020-08-23,US,South Dakota,Turner,68,0,0,43.3109081,-97.14865776,46125.0,811.0687022900763,0.0,68,68,0,0,68,65,8424,0,0,0,0,3
2020-08-23,US,South Dakota,Union,232,4,0,42.83112163,-96.6557828,46127.0,1456.1888024102436,1.7241379310344829,228,232,4,0,228,231,15619,0,0,0,0,1
2020-08-23,US,South Dakota,Walworth,31,0,0,45.43019636,-100.03075140000001,46129.0,570.3771849126035,0.0,31,30,0,0,30,27,5587,1,0,0,1,3
2020-08-23,US,South Dakota,Yankton,179,3,0,43.00924485,-97.39467635,46135.0,784.605943718769,1.675977653631285,176,175,3,0,172,166,22869,4,0,0,4,9
2020-08-23,US,South Dakota,Ziebach,45,0,0,44.97881876,-101.6654622,46137.0,1632.8011611030481,0.0,45,44,0,0,44,38,2742,1,0,0,1,6
2020-08-23,US,Tennessee,Anderson,836,8,0,36.12684348,-84.19965764,47001.0,1086.024578450986,0.9569377990430622,828,828,8,0,820,816,76482,8,0,0,8,12
2020-08-23,US,Tennessee,Bedford,1051,14,0,35.51123746,-86.45549096,47003.0,2114.1351356787964,1.3320647002854424,1037,1037,14,0,1023,1023,49038,14,0,0,14,14
2020-08-23,US,Tennessee,Benton,223,3,0,36.07110411,-88.06849355,47005.0,1379.950495049505,1.345291479820628,220,214,3,0,211,212,16184,9,0,0,9,2
2020-08-23,US,Tennessee,Bledsoe,768,3,0,35.59942968,-85.20611967,47007.0,5098.247477429633,0.390625,765,763,3,0,760,760,14755,5,0,0,5,3
2020-08-23,US,Tennessee,Blount,1732,15,0,35.68938198,-83.92847788,47009.0,1301.3945660014426,0.8660508083140878,1717,1715,15,0,1700,1677,131349,17,0,0,17,38
2020-08-23,US,Tennessee,Bradley,2336,16,0,35.15739424,-84.857186,47011.0,2160.7621866617333,0.6849315068493149,2320,2306,16,0,2290,2276,106727,30,0,0,30,30
2020-08-23,US,Tennessee,Campbell,299,2,0,36.40355516,-84.15108559999999,47013.0,750.4643341197731,0.6688963210702341,297,295,2,0,293,292,39583,4,0,0,4,3
2020-08-23,US,Tennessee,Cannon,185,0,0,35.80990797,-86.05738983,47015.0,1260.3896988690558,0.0,185,180,0,0,180,178,14462,5,0,0,5,2
2020-08-23,US,Tennessee,Carroll,508,6,0,35.97366108,-88.45189331,47017.0,1829.5098498217305,1.1811023622047243,502,482,6,0,476,463,28020,26,0,0,26,19
2020-08-23,US,Tennessee,Carter,727,14,0,36.28969086,-82.12588974,47019.0,1289.2128176482065,1.9257221458046767,713,711,14,0,697,694,56351,16,0,0,16,17
2020-08-23,US,Tennessee,Cheatham,690,10,0,36.26136216,-87.08903581,47021.0,1696.7074040376715,1.4492753623188406,680,688,10,0,678,678,40439,2,0,0,2,10
2020-08-23,US,Tennessee,Chester,333,4,0,35.42527478,-88.6095842,47023.0,1925.1893391917679,1.2012012012012012,329,325,4,0,321,319,17276,8,0,0,8,6
2020-08-23,US,Tennessee,Claiborne,344,2,0,36.48319149,-83.65947309,47025.0,1076.37911073563,0.5813953488372093,342,338,2,0,336,334,31756,6,0,0,6,4
2020-08-23,US,Tennessee,Clay,102,0,0,36.55151008,-85.53930419,47027.0,1339.46158896914,0.0,102,99,0,0,99,96,7717,3,0,0,3,3
2020-08-23,US,Tennessee,Cocke,600,6,0,35.9278914,-83.11828725,47029.0,1666.4815020553272,1.0,594,591,6,0,585,588,35774,9,0,0,9,3
2020-08-23,US,Tennessee,Coffee,691,5,0,35.49090731,-86.07311784,47031.0,1222.5760792639776,0.723589001447178,686,675,5,0,670,670,55700,16,0,0,16,5
2020-08-23,US,Tennessee,Crockett,355,12,0,35.81830662,-89.14916269,47033.0,2494.729444834856,3.380281690140845,343,349,12,0,337,345,14328,6,0,0,6,4
2020-08-23,US,Tennessee,Cumberland,706,7,0,35.95271721,-84.99840585,47035.0,1166.5565102445473,0.9915014164305948,699,688,7,0,681,669,59673,18,0,0,18,19
2020-08-23,US,Tennessee,Davidson,22766,245,0,36.17007426,-86.78646056,47037.0,3279.7229393324733,1.0761662127734342,22521,22656,245,0,22411,22617,692587,110,0,0,110,39
2020-08-23,US,Tennessee,DeKalb,416,5,0,35.97616272,-85.83689361,47041.0,2030.2586627623236,1.2019230769230769,411,412,5,0,407,409,20138,4,0,0,4,3
2020-08-23,US,Tennessee,Decatur,270,4,0,35.60048904,-88.11043779,47039.0,2315.013289891109,1.4814814814814814,266,267,4,0,263,260,11706,3,0,0,3,7
2020-08-23,US,Tennessee,Dickson,844,7,0,36.14669837,-87.35891709,47043.0,1564.4694891376882,0.8293838862559242,837,832,7,0,825,832,53446,12,0,0,12,0
2020-08-23,US,Tennessee,Dyer,852,9,0,36.05931946,-89.41542855,47045.0,2292.8496461153422,1.056338028169014,843,829,9,0,820,809,37320,23,0,0,23,20
2020-08-23,US,Tennessee,Fayette,814,10,0,35.19615831,-89.41399032,47047.0,1978.9463447839933,1.2285012285012284,804,806,10,0,796,803,40507,8,0,0,8,3
2020-08-23,US,Tennessee,Fentress,147,0,0,36.38128818,-84.92870012,47049.0,793.6079468768557,0.0,147,142,0,0,142,140,18217,5,0,0,5,2
2020-08-23,US,Tennessee,Franklin,422,4,0,35.15634626,-86.09201039,47051.0,999.8104624715694,0.9478672985781992,418,417,4,0,413,412,41890,5,0,0,5,5
2020-08-23,US,Tennessee,Gibson,981,12,0,35.99438059,-88.93358327,47053.0,1996.6214153420306,1.2232415902140672,969,969,12,0,957,959,49045,12,0,0,12,10
2020-08-23,US,Tennessee,Giles,428,14,0,35.20222469,-87.03992678,47055.0,1452.6201466196035,3.2710280373831777,414,427,14,0,413,427,29503,1,0,0,1,0
2020-08-23,US,Tennessee,Grainger,246,1,0,36.27469206,-83.51254721,47057.0,1054.8885077186965,0.4065040650406504,245,244,1,0,243,244,23145,2,0,0,2,0
2020-08-23,US,Tennessee,Greene,721,10,0,36.17470125,-82.84691273,47059.0,1043.883652579305,1.3869625520110958,711,712,10,0,702,685,69087,9,0,0,9,27
2020-08-23,US,Tennessee,Grundy,142,2,0,35.38433717,-85.72142731,47061.0,1057.5705667684517,1.4084507042253518,140,139,2,0,137,139,13346,3,0,0,3,0
2020-08-23,US,Tennessee,Hamblen,1576,18,0,36.21990035,-83.26586179,47063.0,2427.0798041087874,1.1421319796954317,1558,1564,18,0,1546,1559,64569,12,0,0,12,5
2020-08-23,US,Tennessee,Hamilton,7463,61,0,35.17670231,-85.16652245,47065.0,2029.0698306706838,0.8173656706418331,7402,7373,61,0,7312,7312,364286,90,0,0,90,61
2020-08-23,US,Tennessee,Hancock,88,2,0,36.52692871,-83.22375847,47067.0,1329.3051359516614,2.272727272727273,86,88,2,0,86,88,6549,0,0,0,0,0
2020-08-23,US,Tennessee,Hardeman,1174,22,0,35.20772017,-88.99161161,47069.0,4686.626746506986,1.8739352640545144,1152,1167,22,0,1145,1155,25220,7,0,0,7,12
2020-08-23,US,Tennessee,Hardin,615,8,0,35.19732531,-88.18593755,47071.0,2397.473881178856,1.3008130081300813,607,592,8,0,584,579,25776,23,0,0,23,13
2020-08-23,US,Tennessee,Hawkins,634,12,0,36.44355426,-82.94885298,47073.0,1116.47236995034,1.892744479495268,622,629,12,0,617,622,56530,5,0,0,5,7
2020-08-23,US,Tennessee,Haywood,699,10,0,35.58332824,-89.28536625,47075.0,4039.528432732316,1.430615164520744,689,686,10,0,676,663,17335,13,0,0,13,23
2020-08-23,US,Tennessee,Henderson,788,6,0,35.65581134,-88.38600175,47077.0,2802.5749546537677,0.7614213197969543,782,778,6,0,772,767,27847,10,0,0,10,11
2020-08-23,US,Tennessee,Henry,408,4,0,36.33160906,-88.30121797,47079.0,1261.4005255835525,0.9803921568627452,404,391,4,0,387,373,32358,17,0,0,17,18
2020-08-23,US,Tennessee,Hickman,330,1,0,35.80609681,-87.47643507,47081.0,1310.6680435300661,0.30303030303030304,329,328,1,0,327,327,25063,2,0,0,2,1
2020-08-23,US,Tennessee,Houston,72,0,0,36.28872054,-87.71878828,47083.0,877.9417144250702,0.0,72,71,0,0,71,72,8263,1,0,0,1,-1
2020-08-23,US,Tennessee,Humphreys,151,3,0,36.03958805,-87.77992872,47085.0,812.6143579808416,1.9867549668874167,148,150,3,0,147,150,18486,1,0,0,1,0
2020-08-23,US,Tennessee,Jackson,189,1,0,36.36380466,-85.67239905,47087.0,1603.5974885457322,0.5291005291005291,188,188,1,0,187,187,11758,1,0,0,1,1
2020-08-23,US,Tennessee,Jefferson,703,5,0,36.04818632,-83.45148924,47089.0,1290.026607945683,0.7112375533428165,698,688,5,0,683,682,54012,15,0,0,15,6
2020-08-23,US,Tennessee,Johnson,387,1,0,36.45523950000001,-81.84886538,47091.0,2175.624016190691,0.25839793281653745,386,384,1,0,383,372,17778,3,0,0,3,12
2020-08-23,US,Tennessee,Knox,5798,49,0,35.99508821,-83.94635435,47093.0,1232.7960315789699,0.8451190065539841,5749,5682,49,0,5633,5607,465289,116,0,0,116,75
2020-08-23,US,Tennessee,Lake,815,1,0,36.34180170000001,-89.48921915,47095.0,11616.30558722919,0.12269938650306747,814,815,1,0,814,812,7411,0,0,0,0,3
2020-08-23,US,Tennessee,Lauderdale,632,12,0,35.75893438,-89.63015909999999,47097.0,2465.571723949596,1.8987341772151896,620,621,12,0,609,607,25825,11,0,0,11,14
2020-08-23,US,Tennessee,Lawrence,699,8,0,35.21675201,-87.39787695,47099.0,1583.525893706674,1.1444921316165952,691,694,8,0,686,690,43734,5,0,0,5,4
2020-08-23,US,Tennessee,Lewis,117,1,0,35.52853208,-87.49022694,47101.0,953.7006847081841,0.8547008547008547,116,117,1,0,116,107,12086,0,0,0,0,10
2020-08-23,US,Tennessee,Lincoln,385,1,0,35.13738622,-86.58910106,47103.0,1120.2933131583543,0.2597402597402597,384,379,1,0,378,373,34117,6,0,0,6,6
2020-08-23,US,Tennessee,Loudon,874,3,0,35.73939663,-84.31145275,47105.0,1616.482947399571,0.3432494279176201,871,862,3,0,859,834,53054,12,0,0,12,28
2020-08-23,US,Tennessee,Macon,880,14,0,36.53157855,-86.00778595,47111.0,3576.9449638240794,1.5909090909090908,866,879,14,0,865,876,24265,1,0,0,1,3
2020-08-23,US,Tennessee,Madison,1555,31,0,35.61181957,-88.84076036,47113.0,1586.9937949052908,1.9935691318327973,1524,1533,31,0,1502,1513,97605,22,0,0,22,20
2020-08-23,US,Tennessee,Marion,297,5,0,35.12997174,-85.62265895,47115.0,1027.4328017435223,1.6835016835016836,292,289,5,0,284,285,28575,8,0,0,8,4
2020-08-23,US,Tennessee,Marshall,467,4,0,35.45798777,-86.76420988,47117.0,1358.5454545454545,0.8565310492505354,463,443,4,0,439,416,33683,24,0,0,24,27
2020-08-23,US,Tennessee,Maury,1581,11,0,35.618741299999996,-87.07462444,47119.0,1640.2626910267984,0.6957621758380772,1570,1540,11,0,1529,1519,94340,41,0,0,41,21
2020-08-23,US,Tennessee,McMinn,714,20,0,35.42812616,-84.61520715,47107.0,1327.285570881511,2.8011204481792715,694,695,20,0,675,684,53285,19,0,0,19,11
2020-08-23,US,Tennessee,McNairy,487,7,0,35.17468549,-88.5647812,47109.0,1895.3841363742508,1.4373716632443532,480,482,7,0,475,473,25832,5,0,0,5,9
2020-08-23,US,Tennessee,Meigs,134,2,0,35.51558739,-84.81482914,47121.0,1078.731283207213,1.492537313432836,132,134,2,0,132,131,12306,0,0,0,0,3
2020-08-23,US,Tennessee,Monroe,601,10,0,35.44550387,-84.24902965,47123.0,1291.2235471049519,1.6638935108153081,591,591,10,0,581,580,46357,10,0,0,10,11
2020-08-23,US,Tennessee,Montgomery,2313,24,0,36.49609412,-87.38550661,47125.0,1106.7356322939045,1.0376134889753568,2289,2294,24,0,2270,2277,205950,19,0,0,19,17
2020-08-23,US,Tennessee,Moore,84,0,0,35.27724699,-86.36230578,47127.0,1294.6979038224415,0.0,84,82,0,0,82,83,6411,2,0,0,2,-1
2020-08-23,US,Tennessee,Morgan,182,1,0,36.13248031,-84.64880098,47129.0,850.3480820445732,0.5494505494505495,181,176,1,0,175,170,21579,6,0,0,6,6
2020-08-23,US,Tennessee,Obion,754,5,0,36.35732446,-89.14921589,47131.0,2507.565931690445,0.6631299734748011,749,735,5,0,730,730,30267,19,0,0,19,5
2020-08-23,US,Tennessee,Out of TN,2937,21,0,0.0,0.0,80047.0,0.0,0.7150153217568948,2916,2830,21,0,2809,2912,,107,0,0,107,-82
2020-08-23,US,Tennessee,Overton,357,1,0,36.34117832,-85.28989535,47133.0,1605.143653612697,0.2801120448179272,356,347,1,0,346,331,22068,10,0,0,10,16
2020-08-23,US,Tennessee,Perry,97,0,0,35.63708728,-87.86139634,47135.0,1201.0896483407628,0.0,97,96,0,0,96,95,8064,1,0,0,1,1
2020-08-23,US,Tennessee,Pickett,46,1,0,36.55606529,-85.07763299999998,47137.0,911.2519809825676,2.1739130434782608,45,45,1,0,44,43,5082,1,0,0,1,2
2020-08-23,US,Tennessee,Polk,302,10,0,35.12245443,-84.52075859,47139.0,1794.2015209125475,3.3112582781456954,292,298,10,0,288,296,16898,4,0,0,4,2
2020-08-23,US,Tennessee,Putnam,2145,23,0,36.14005459,-85.50646123,47141.0,2673.0637422892387,1.0722610722610724,2122,2121,23,0,2098,2087,78843,24,0,0,24,34
2020-08-23,US,Tennessee,Rhea,613,2,0,35.60536161,-84.93076643,47143.0,1848.2226309283328,0.3262642740619902,611,612,2,0,610,606,33044,1,0,0,1,6
2020-08-23,US,Tennessee,Roane,586,2,0,35.84923189,-84.52458689,47145.0,1097.7483046719867,0.3412969283276451,584,581,2,0,579,573,53140,5,0,0,5,8
2020-08-23,US,Tennessee,Robertson,1748,25,0,36.52454807,-86.87346725,47147.0,2434.09967554621,1.4302059496567503,1723,1732,25,0,1707,1708,71012,16,0,0,16,24
2020-08-23,US,Tennessee,Rutherford,7461,64,0,35.84591405,-86.4107263,47149.0,2245.3616624283372,0.8577938614126792,7397,7404,64,0,7340,7363,324890,57,0,0,57,41
2020-08-23,US,Tennessee,Scott,153,2,0,36.42325673,-84.50360494,47151.0,693.3115823817293,1.30718954248366,151,153,2,0,151,151,22039,0,0,0,0,2
2020-08-23,US,Tennessee,Sequatchie,138,1,0,35.36979721,-85.41022136,47153.0,918.408092639425,0.7246376811594203,137,135,1,0,134,136,14876,3,0,0,3,-1
2020-08-23,US,Tennessee,Sevier,2152,11,0,35.78077323,-83.52244332,47155.0,2190.3307888040713,0.5111524163568774,2141,2140,11,0,2129,2126,97892,12,0,0,12,14
2020-08-23,US,Tennessee,Shelby,25858,369,0,35.1864775,-89.89692423,47157.0,2759.169666846642,1.4270245185242478,25489,25527,364,0,25163,25427,935764,331,5,0,326,100
2020-08-23,US,Tennessee,Smith,503,8,0,36.25359775,-85.95411046,47159.0,2495.4110234657933,1.5904572564612327,495,498,8,0,490,494,19942,5,0,0,5,4
2020-08-23,US,Tennessee,Stewart,89,0,0,36.50235092,-87.83920548,47161.0,648.9245351804592,0.0,89,89,0,0,89,89,13561,0,0,0,0,0
2020-08-23,US,Tennessee,Sullivan,1471,22,0,36.51240691,-82.30412917,47163.0,928.9665799378585,1.495581237253569,1449,1437,22,0,1415,1273,157668,34,0,0,34,164
2020-08-23,US,Tennessee,Sumner,3871,82,0,36.46824103,-86.45917204,47165.0,2023.7030995958871,2.118315680702661,3789,3846,82,0,3764,3808,187149,25,0,0,25,38
2020-08-23,US,Tennessee,Tipton,1323,13,0,35.501942,-89.73694895,47167.0,2147.762138995763,0.982615268329554,1310,1309,13,0,1296,1301,61581,14,0,0,14,8
2020-08-23,US,Tennessee,Trousdale,1592,6,0,36.39026213,-86.16087954,47169.0,14108.4721729883,0.3768844221105528,1586,1592,6,0,1586,1591,11012,0,0,0,0,1
2020-08-23,US,Tennessee,Unassigned,3294,5,0,0.0,0.0,90047.0,0.0,0.15179113539769276,3289,3225,6,0,3219,3250,,69,-1,0,70,-25
2020-08-23,US,Tennessee,Unicoi,212,1,0,36.10890856,-82.43709629,47171.0,1185.4834200078287,0.4716981132075472,211,207,1,0,206,201,17761,5,0,0,5,6
2020-08-23,US,Tennessee,Union,205,0,0,36.28590426,-83.83651902,47173.0,1026.4370118165432,0.0,205,201,0,0,201,199,19688,4,0,0,4,2
2020-08-23,US,Tennessee,Van Buren,53,0,0,35.69864497,-85.45221699,47175.0,902.5885558583107,0.0,53,51,0,0,51,49,5765,2,0,0,2,2
2020-08-23,US,Tennessee,Warren,735,7,0,35.672829899999996,-85.77969117,47177.0,1780.6526637110253,0.9523809523809524,728,704,7,0,697,696,40878,31,0,0,31,8
2020-08-23,US,Tennessee,Washington,1592,6,0,36.29472368,-82.49454720000001,47179.0,1230.5314009661836,0.3768844221105528,1586,1555,6,0,1549,1541,128607,37,0,0,37,14
2020-08-23,US,Tennessee,Wayne,259,2,0,35.23868267,-87.78644456,47181.0,1553.409704312361,0.7722007722007722,257,253,2,0,251,252,16558,6,0,0,6,1
2020-08-23,US,Tennessee,Weakley,735,7,0,36.29896232,-88.71990865,47183.0,2205.3528564570333,0.9523809523809524,728,703,7,0,696,686,33415,32,0,0,32,17
2020-08-23,US,Tennessee,White,430,7,0,35.92929884,-85.45591799,47185.0,1572.4995428780398,1.627906976744186,423,413,7,0,406,400,27107,17,0,0,17,13
2020-08-23,US,Tennessee,Williamson,4140,27,0,35.89099229,-86.89281867,47187.0,1736.4897740046642,0.6521739130434783,4113,4096,27,0,4069,4055,231729,44,0,0,44,41
2020-08-23,US,Tennessee,Wilson,2659,29,0,36.15496772,-86.29775884,47189.0,1838.1412582868438,1.0906355772846934,2630,2627,29,0,2598,2604,140625,32,0,0,32,23
2020-08-23,US,Texas,Anderson,2425,18,0,31.81534745,-95.65354823,48001.0,4200.225166709968,0.7422680412371134,2407,2425,18,0,2407,2417,58057,0,0,0,0,8
2020-08-23,US,Texas,Andrews,356,8,0,32.30468633,-102.63765479999999,48003.0,1903.2344292969794,2.247191011235955,348,356,8,0,348,355,18128,0,0,0,0,1
2020-08-23,US,Texas,Angelina,1964,61,0,31.25457347,-94.60901487,48005.0,2264.890734013723,3.105906313645621,1903,1953,61,0,1892,1953,87092,11,0,0,11,0
2020-08-23,US,Texas,Aransas,197,16,0,28.10556197,-96.9995047,48007.0,837.9413015737982,8.121827411167514,181,197,16,0,181,194,23792,0,0,0,0,3
2020-08-23,US,Texas,Archer,39,0,0,33.61569967,-98.68754589,48009.0,455.9803577692038,0.0,39,39,0,0,39,36,8786,0,0,0,0,3
2020-08-23,US,Texas,Armstrong,10,0,0,34.96507426,-101.35748740000001,48011.0,529.9417064122946,0.0,10,10,0,0,10,10,1892,0,0,0,0,0
2020-08-23,US,Texas,Atascosa,544,23,0,28.89333001,-98.52730485,48013.0,1063.4762379528083,4.227941176470588,521,544,23,0,521,526,50310,0,0,0,0,18
2020-08-23,US,Texas,Austin,391,5,0,29.88548725,-96.27736949,48015.0,1301.9445924347365,1.278772378516624,386,371,4,0,367,368,29989,20,1,0,19,3
2020-08-23,US,Texas,Bailey,196,4,0,34.06854817,-102.8299707,48017.0,2800.0,2.0408163265306123,192,196,4,0,192,196,7027,0,0,0,0,0
2020-08-23,US,Texas,Bandera,106,3,0,29.74619598,-99.24598147,48019.0,458.6362062997577,2.830188679245283,103,106,3,0,103,105,22824,0,0,0,0,1
2020-08-23,US,Texas,Bastrop,1531,25,0,30.10370699,-97.31206354,48021.0,1725.5953924010685,1.6329196603527107,1506,1522,25,0,1497,1513,86976,9,0,0,9,9
2020-08-23,US,Texas,Baylor,12,0,0,33.61640794,-99.21352901,48023.0,341.9777714448561,0.0,12,12,0,0,12,12,3582,0,0,0,0,0
2020-08-23,US,Texas,Bee,1469,18,0,28.41761668,-97.74215593,48025.0,4510.978043912176,1.2253233492171545,1451,1456,18,0,1438,1450,32587,13,0,0,13,6
2020-08-23,US,Texas,Bell,4534,55,0,31.03736027,-97.4785025,48027.0,1249.297373554794,1.2130569033965592,4479,4534,55,0,4479,4501,355642,0,0,0,0,33
2020-08-23,US,Texas,Bexar,45255,998,0,29.44928723,-98.52019748,48029.0,2258.7362257268837,2.2052811843995137,44257,44814,992,0,43822,44814,1986049,441,6,0,435,0
2020-08-23,US,Texas,Blanco,127,5,0,30.26640707,-98.3999852,48031.0,1064.4539435085073,3.9370078740157477,122,127,5,0,122,128,11702,0,0,0,0,-1
2020-08-23,US,Texas,Bosque,197,5,0,31.89978581,-97.63613524,48035.0,1054.3216483810543,2.538071065989848,192,196,4,0,192,194,18691,1,1,0,0,2
2020-08-23,US,Texas,Bowie,859,41,0,33.44626922,-94.41834132,48037.0,921.2290203228056,4.7729918509895235,818,859,41,0,818,859,94324,0,0,0,0,0
2020-08-23,US,Texas,Brazoria,8662,124,0,29.18757369,-95.44563172,48039.0,2314.409080221448,1.4315400600323251,8538,8605,124,0,8481,8514,370200,57,0,0,57,91
2020-08-23,US,Texas,Brazos,4352,53,0,30.663644800000004,-96.30205577,48041.0,1898.6872357783875,1.2178308823529411,4299,4311,53,0,4258,4275,226758,41,0,0,41,36
2020-08-23,US,Texas,Brewster,189,2,0,29.81008251,-103.25203259999999,48043.0,2053.6781484298604,1.058201058201058,187,189,2,0,187,187,9267,0,0,0,0,2
2020-08-23,US,Texas,Briscoe,12,1,0,34.53026962,-101.2084947,48045.0,776.1966364812421,8.333333333333334,11,12,1,0,11,12,1516,0,0,0,0,0
2020-08-23,US,Texas,Brooks,190,14,0,27.03103197,-98.21808402,48047.0,2678.697307204286,7.36842105263158,176,190,14,0,176,182,7114,0,0,0,0,8
2020-08-23,US,Texas,Brown,435,19,0,31.77430356,-98.99907113,48049.0,1148.848510458483,4.367816091954023,416,435,19,0,416,428,37924,0,0,0,0,7
2020-08-23,US,Texas,Burleson,275,6,0,30.49273808,-96.62158484,48051.0,1491.0806267960745,2.1818181818181817,269,275,6,0,269,267,18389,0,0,0,0,8
2020-08-23,US,Texas,Burnet,604,12,0,30.78801353,-98.181887,48053.0,1254.2830443359985,1.9867549668874167,592,603,12,0,591,593,47542,1,0,0,1,10
2020-08-23,US,Texas,Caldwell,1210,31,0,29.83668859,-97.61814775,48055.0,2771.1615976548187,2.56198347107438,1179,1208,31,0,1177,1198,43247,2,0,0,2,10
2020-08-23,US,Texas,Calhoun,579,7,0,28.47048236,-96.61633945,48057.0,2719.5866604039456,1.2089810017271156,572,579,7,0,572,579,21561,0,0,0,0,0
2020-08-23,US,Texas,Callahan,57,3,0,32.29760619,-99.37326312,48059.0,408.80728681058594,5.2631578947368425,54,57,3,0,54,56,13994,0,0,0,0,1
2020-08-23,US,Texas,Cameron,19225,653,0,26.14524221,-97.48140372,48061.0,4543.166581199207,3.3966189856957087,18572,19001,648,0,18353,18874,423908,224,5,0,219,127
2020-08-23,US,Texas,Camp,274,7,0,32.97195142,-94.97790104,48063.0,2092.5614785397893,2.554744525547445,267,273,7,0,266,270,13033,1,0,0,1,3
2020-08-23,US,Texas,Carson,17,0,0,35.40365929,-101.35426690000001,48065.0,286.87141410732363,0.0,17,17,0,0,17,17,6005,0,0,0,0,0
2020-08-23,US,Texas,Cass,225,9,0,33.07499881,-94.34646905,48067.0,749.3505628455339,4.0,216,223,9,0,214,222,30119,2,0,0,2,1
2020-08-23,US,Texas,Castro,214,4,0,34.53016752,-102.2617243,48069.0,2841.9654714475428,1.8691588785046729,210,214,4,0,210,214,7665,0,0,0,0,0
2020-08-23,US,Texas,Chambers,1080,5,0,29.70972016,-94.67154501,48071.0,2463.672240344914,0.462962962962963,1075,1080,5,0,1075,1080,42454,0,0,0,0,0
2020-08-23,US,Texas,Cherokee,1334,14,0,31.837258000000002,-95.16559897,48073.0,2533.905709835505,1.0494752623688155,1320,1334,14,0,1320,1325,52592,0,0,0,0,9
2020-08-23,US,Texas,Childress,52,0,0,34.529304100000004,-100.2077916,48075.0,711.7437722419929,0.0,52,52,0,0,52,53,7291,0,0,0,0,-1
2020-08-23,US,Texas,Clay,59,1,0,33.78686685,-98.20771198,48077.0,563.460987489256,1.6949152542372878,58,59,1,0,58,59,10456,0,0,0,0,0
2020-08-23,US,Texas,Cochran,35,1,0,33.60425307,-102.82844990000001,48079.0,1226.7788293024887,2.8571428571428568,34,35,1,0,34,35,2836,0,0,0,0,0
2020-08-23,US,Texas,Coke,45,2,0,31.88911733,-100.5297533,48081.0,1328.6093888396808,4.4444444444444455,43,45,2,0,43,45,3370,0,0,0,0,0
2020-08-23,US,Texas,Coleman,44,2,0,31.76736834,-99.45240766,48083.0,538.2262996941896,4.545454545454546,42,44,2,0,42,43,8397,0,0,0,0,1
2020-08-23,US,Texas,Collin,10589,107,0,33.18820114,-96.57264368,48085.0,1023.358750591942,1.0104825762583811,10482,10521,107,0,10414,10521,1005146,68,0,0,68,0
2020-08-23,US,Texas,Collingsworth,15,0,0,34.96489496,-100.27001109999999,48087.0,513.6986301369864,0.0,15,15,0,0,15,16,2962,0,0,0,0,-1
2020-08-23,US,Texas,Colorado,416,3,0,29.622097999999998,-96.5273805,48089.0,1935.513888242684,0.7211538461538461,413,399,3,0,396,399,21217,17,0,0,17,0
2020-08-23,US,Texas,Comal,2275,93,0,29.80811278,-98.27647225,48091.0,1456.3821546773875,4.087912087912088,2182,2270,93,0,2177,2263,148373,5,0,0,5,7
2020-08-23,US,Texas,Comanche,184,3,0,31.94854689,-98.55876441,48093.0,1349.4682801613494,1.6304347826086956,181,184,3,0,181,185,13534,0,0,0,0,-1
2020-08-23,US,Texas,Concho,35,0,0,31.32635934,-99.86473038,48095.0,1283.9325018341892,0.0,35,35,0,0,35,35,4276,0,0,0,0,0
2020-08-23,US,Texas,Cooke,288,4,0,33.63979567,-97.21240912,48097.0,698.0633589451488,1.3888888888888888,284,288,4,0,284,284,40574,0,0,0,0,4
2020-08-23,US,Texas,Coryell,779,8,0,31.39078397,-97.79936155,48099.0,1025.6612816157783,1.0269576379974326,771,768,8,0,760,763,74808,11,0,0,11,5
2020-08-23,US,Texas,Cottle,18,2,0,34.07783319,-100.27850620000001,48101.0,1287.5536480686694,11.111111111111109,16,18,2,0,16,18,1389,0,0,0,0,0
2020-08-23,US,Texas,Crane,70,2,0,31.43052248,-102.5143314,48103.0,1459.245361684386,2.8571428571428568,68,70,2,0,68,70,4794,0,0,0,0,0
2020-08-23,US,Texas,Crockett,160,4,0,30.72367027,-101.4134238,48105.0,4618.937644341801,2.5,156,160,4,0,156,159,3499,0,0,0,0,1
2020-08-23,US,Texas,Crosby,75,1,0,33.61431553,-101.30003640000001,48107.0,1307.3034687118702,1.3333333333333333,74,75,1,0,74,74,5779,0,0,0,0,1
2020-08-23,US,Texas,Culberson,22,2,0,31.44506775,-104.5185739,48109.0,1013.3578995854443,9.090909090909092,20,22,2,0,20,22,2204,0,0,0,0,0
2020-08-23,US,Texas,Dallam,202,6,0,36.27787176,-102.60207249999999,48111.0,2772.0598325785645,2.9702970297029703,196,202,6,0,196,201,7200,0,0,0,0,1
2020-08-23,US,Texas,Dallas,68904,881,0,32.76670599,-96.77796049999999,48113.0,2614.4405877255163,1.2785905027284337,68023,67486,878,0,66608,67486,2637772,1418,3,0,1415,0
2020-08-23,US,Texas,Dawson,187,8,0,32.74255572,-101.94772420000001,48115.0,1469.2017598994346,4.2780748663101615,179,187,7,0,180,184,12619,0,1,0,-1,3
2020-08-23,US,Texas,DeWitt,782,24,0,29.08101855,-97.35681170000001,48123.0,3878.968253968254,3.0690537084398977,758,782,24,0,758,776,20187,0,0,0,0,6
2020-08-23,US,Texas,Deaf Smith,770,19,0,34.96522957,-102.6054267,48117.0,4151.838671411625,2.467532467532468,751,770,19,0,751,762,18760,0,0,0,0,8
2020-08-23,US,Texas,Delta,18,0,0,33.38570922,-95.66921122,48119.0,337.64772087788407,0.0,18,18,0,0,18,18,5349,0,0,0,0,0
2020-08-23,US,Texas,Denton,9095,116,0,33.20521901,-97.11691153,48121.0,1025.12716874416,1.2754260582737769,8979,9095,116,0,8979,8950,859064,0,0,0,0,145
2020-08-23,US,Texas,Dickens,10,1,0,33.61616822,-100.7788855,48125.0,452.2840343735867,10.0,9,10,1,0,9,6,2249,0,0,0,0,4
2020-08-23,US,Texas,Dimmit,171,5,0,28.42270064,-99.75645095,48127.0,1689.0557092058475,2.9239766081871346,166,171,4,0,167,169,10308,0,1,0,-1,2
2020-08-23,US,Texas,Donley,52,1,0,34.96517499,-100.8140093,48129.0,1586.333129957291,1.9230769230769231,51,52,1,0,51,52,3319,0,0,0,0,0
2020-08-23,US,Texas,Duval,222,8,0,27.68184592,-98.50864568,48131.0,1989.7821995159989,3.603603603603604,214,218,8,0,210,212,11212,4,0,0,4,6
2020-08-23,US,Texas,Eastland,103,1,0,32.32743996,-98.83243566,48133.0,561.0021786492375,0.9708737864077671,102,103,1,0,102,102,18322,0,0,0,0,1
2020-08-23,US,Texas,Ector,4007,64,0,31.86898877,-102.54294279999999,48135.0,2410.6170626206963,1.59720489143998,3943,4007,64,0,3943,4007,162124,0,0,0,0,0
2020-08-23,US,Texas,Edwards,34,0,0,29.98202582,-100.304252,48137.0,1759.8343685300208,0.0,34,34,0,0,34,34,1928,0,0,0,0,0
2020-08-23,US,Texas,El Paso,19396,392,0,31.76980765,-106.23632749999999,48141.0,2311.144156961434,2.0210352650030936,19004,19316,392,0,18924,19177,840758,80,0,0,80,139
2020-08-23,US,Texas,Ellis,3486,54,0,32.34894117,-96.79371841,48139.0,1886.0982762165493,1.5490533562822721,3432,3486,54,0,3432,3486,179436,0,0,0,0,0
2020-08-23,US,Texas,Erath,618,7,0,32.23602653,-98.21773417,48143.0,1447.3745842896624,1.132686084142395,611,618,7,0,611,614,42446,0,0,0,0,4
2020-08-23,US,Texas,Falls,151,3,0,31.25350609,-96.93630086,48145.0,872.9837544082789,1.9867549668874167,148,150,3,0,147,150,17335,1,0,0,1,0
2020-08-23,US,Texas,Fannin,388,10,0,33.59564294,-96.10751083,48147.0,1092.5268908036267,2.5773195876288657,378,388,10,0,378,384,35286,0,0,0,0,4
2020-08-23,US,Texas,Fayette,442,15,0,29.87788372,-96.92076062,48149.0,1743.864909650438,3.3936651583710407,427,442,15,0,427,442,25349,0,0,0,0,0
2020-08-23,US,Texas,Fisher,48,1,0,32.74281316,-100.40193020000001,48151.0,1253.2637075718014,2.083333333333333,47,48,1,0,47,47,3839,0,0,0,0,1
2020-08-23,US,Texas,Floyd,98,7,0,34.07227468,-101.3031546,48153.0,1715.686274509804,7.142857142857142,91,98,7,0,91,98,5837,0,0,0,0,0
2020-08-23,US,Texas,Foard,3,0,0,33.97308618,-99.7767797,48155.0,259.7402597402597,0.0,3,3,0,0,3,3,1200,0,0,0,0,0
2020-08-23,US,Texas,Fort Bend,14034,216,0,29.52704478,-95.77219463,48157.0,1728.989463931954,1.539119281744335,13818,14034,214,0,13820,13794,787858,0,2,0,-2,240
2020-08-23,US,Texas,Franklin,101,4,0,33.17653242,-95.21917243,48159.0,941.7249417249416,3.96039603960396,97,100,4,0,96,100,10766,1,0,0,1,0
2020-08-23,US,Texas,Freestone,211,0,0,31.70422788,-96.15072516,48161.0,1070.142516610032,0.0,211,203,0,0,203,199,19808,8,0,0,8,4
2020-08-23,US,Texas,Frio,613,7,0,28.86751206,-99.10804207,48163.0,3018.812173741752,1.1419249592169658,606,613,7,0,606,607,19816,0,0,0,0,6
2020-08-23,US,Texas,Gaines,228,5,0,32.74055318,-102.6353295,48165.0,1060.859854829704,2.1929824561403506,223,228,5,0,223,225,20901,0,0,0,0,3
2020-08-23,US,Texas,Galveston,10350,132,0,29.40167322,-94.90469073,48167.0,3025.086295336106,1.2753623188405796,10218,10350,131,0,10219,10308,337890,0,1,0,-1,42
2020-08-23,US,Texas,Garza,102,3,0,33.17969345,-101.2984114,48169.0,1637.5020067426553,2.9411764705882355,99,102,3,0,99,101,6578,0,0,0,0,1
2020-08-23,US,Texas,Gillespie,193,6,0,30.31824095,-98.94676915,48171.0,715.1326515488365,3.1088082901554404,187,193,6,0,187,192,26804,0,0,0,0,1
2020-08-23,US,Texas,Glasscock,6,0,0,31.86942909,-101.5207776,48173.0,425.83392476934,0.0,6,6,0,0,6,6,1388,0,0,0,0,0
2020-08-23,US,Texas,Goliad,121,6,0,28.65696592,-97.42760647,48175.0,1580.0470096630975,4.958677685950414,115,121,6,0,115,121,7584,0,0,0,0,0
2020-08-23,US,Texas,Gonzales,783,12,0,29.45634206,-97.49424032,48177.0,3757.738637999712,1.5325670498084292,771,783,12,0,771,749,20826,0,0,0,0,34
2020-08-23,US,Texas,Gray,239,3,0,35.40081878,-100.8129222,48179.0,1092.0222973590423,1.2552301255230125,236,239,3,0,236,238,21895,0,0,0,0,1
2020-08-23,US,Texas,Grayson,1363,18,0,33.62744998,-96.67753461,48181.0,1000.6460517428714,1.3206162876008805,1345,1353,18,0,1335,1353,133991,10,0,0,10,0
2020-08-23,US,Texas,Gregg,1769,43,0,32.47940482,-94.81591935,48183.0,1427.2459558675214,2.430751837196156,1726,1769,43,0,1726,1751,123707,0,0,0,0,18
2020-08-23,US,Texas,Grimes,979,29,0,30.54579585,-95.98902499,48185.0,3389.8891966759,2.96220633299285,950,960,29,0,931,955,28360,19,0,0,19,5
2020-08-23,US,Texas,Guadalupe,1858,66,0,29.58165339,-97.94786822,48187.0,1113.5950901124984,3.552206673842842,1792,1858,66,0,1792,1851,163694,0,0,0,0,7
2020-08-23,US,Texas,Hale,1538,40,0,34.07044901,-101.82681140000001,48189.0,4603.963359875472,2.6007802340702204,1498,1538,40,0,1498,1538,33830,0,0,0,0,0
2020-08-23,US,Texas,Hall,16,1,0,34.5307555,-100.68138520000001,48191.0,539.8110661268556,6.25,15,16,1,0,15,16,3028,0,0,0,0,0
2020-08-23,US,Texas,Hamilton,96,3,0,31.70470573,-98.11083887,48193.0,1134.6176574872945,3.125,93,96,3,0,93,95,8484,0,0,0,0,1
2020-08-23,US,Texas,Hansford,99,3,0,36.27743284,-101.3545796,48195.0,1833.6729023893313,3.0303030303030303,96,99,3,0,96,99,5463,0,0,0,0,0
2020-08-23,US,Texas,Hardeman,22,0,0,34.28944521,-99.74632408,48197.0,559.3694380879734,0.0,22,22,0,0,22,22,3922,0,0,0,0,0
2020-08-23,US,Texas,Hardin,1217,18,0,30.33364686,-94.38931817,48199.0,2112.77386201868,1.4790468364831553,1199,1217,18,0,1199,1217,57207,0,0,0,0,0
2020-08-23,US,Texas,Harris,98506,2028,0,29.85864939,-95.39339521,48201.0,2089.9471180111705,2.0587578421618993,96478,97745,2011,0,95734,96658,4698619,761,17,0,744,1087
2020-08-23,US,Texas,Harrison,774,26,0,32.54935988,-94.36934071,48203.0,1162.9828858203234,3.3591731266149867,748,774,26,0,748,772,66726,0,0,0,0,2
2020-08-23,US,Texas,Hartley,99,0,0,35.84008013,-102.6029022,48205.0,1775.4662840746055,0.0,99,99,0,0,99,98,5619,0,0,0,0,1
2020-08-23,US,Texas,Haskell,50,1,0,33.17823584,-99.73037358,48207.0,883.7044892188053,2.0,49,50,1,0,49,51,5813,0,0,0,0,-1
2020-08-23,US,Texas,Hays,5250,52,0,30.05669873,-98.02944344,48209.0,2280.714710827096,0.9904761904761904,5198,5250,52,0,5198,5250,222631,0,0,0,0,0
2020-08-23,US,Texas,Hemphill,47,0,0,35.83764858,-100.2703577,48211.0,1230.688661953391,0.0,47,47,0,0,47,47,3825,0,0,0,0,0
2020-08-23,US,Texas,Henderson,755,15,0,32.21128872,-95.85846587,48213.0,912.5300651461861,1.9867549668874167,740,755,15,0,740,745,82299,0,0,0,0,10
2020-08-23,US,Texas,Hidalgo,24494,1091,0,26.39418217,-98.18299696,48215.0,2819.592797111109,4.454152037233609,23403,23993,1071,0,22922,23993,865939,501,20,0,481,0
2020-08-23,US,Texas,Hill,345,8,0,31.99045053,-97.13423143,48217.0,941.3626565527028,2.318840579710145,337,343,7,0,336,343,36354,2,1,0,1,0
2020-08-23,US,Texas,Hockley,242,5,0,33.60771256,-102.3431676,48219.0,1051.2141088571304,2.066115702479338,237,242,5,0,237,236,22980,0,0,0,0,6
2020-08-23,US,Texas,Hood,703,21,0,32.42990927,-97.83242024,48221.0,1140.4376814885713,2.9871977240398286,682,703,20,0,683,675,60537,0,1,0,-1,28
2020-08-23,US,Texas,Hopkins,234,4,0,33.14875072,-95.56351139,48223.0,630.9998921367704,1.709401709401709,230,234,4,0,230,232,36810,0,0,0,0,2
2020-08-23,US,Texas,Houston,329,8,0,31.31925973,-95.42226208,48225.0,1432.4277255311738,2.4316109422492405,321,329,8,0,321,323,23169,0,0,0,0,6
2020-08-23,US,Texas,Howard,253,8,0,32.30621324,-101.4356444,48227.0,690.0501854680341,3.1620553359683794,245,248,8,0,240,244,36459,5,0,0,5,4
2020-08-23,US,Texas,Hudspeth,36,2,0,31.45628381,-105.388178,48229.0,736.7990176013099,5.5555555555555545,34,36,2,0,34,36,4795,0,0,0,0,0
2020-08-23,US,Texas,Hunt,1363,25,0,33.12351514,-96.08551032,48231.0,1382.4370651358097,1.8341892883345559,1338,1352,24,0,1328,1336,96493,11,1,0,10,16
2020-08-23,US,Texas,Hutchinson,139,3,0,35.84006574,-101.3546643,48233.0,663.8647435285127,2.1582733812949644,136,139,3,0,136,138,21198,0,0,0,0,1
2020-08-23,US,Texas,Irion,9,0,0,31.30375559,-100.982439,48235.0,585.9375,0.0,9,9,0,0,9,9,1522,0,0,0,0,0
2020-08-23,US,Texas,Jack,116,0,0,33.23377248,-98.17283469,48237.0,1298.2652490207056,0.0,116,116,0,0,116,112,8843,0,0,0,0,4
2020-08-23,US,Texas,Jackson,477,13,0,28.95472367,-96.57749563,48239.0,3231.707317073171,2.7253668763102725,464,477,13,0,464,477,14874,0,0,0,0,0
2020-08-23,US,Texas,Jasper,393,17,0,30.74685667,-94.02667579,48241.0,1106.138647302204,4.325699745547073,376,393,16,0,377,390,35872,0,1,0,-1,3
2020-08-23,US,Texas,Jeff Davis,8,0,0,30.71490589,-104.1399973,48243.0,351.8029903254178,0.0,8,8,0,0,8,8,2252,0,0,0,0,0
2020-08-23,US,Texas,Jefferson,6499,103,0,29.8832777,-94.16434171,48245.0,2583.4277423329954,1.5848592091090936,6396,6489,101,0,6388,6456,255001,10,2,0,8,33
2020-08-23,US,Texas,Jim Hogg,73,2,0,27.04453923,-98.69681870000001,48247.0,1403.8461538461538,2.7397260273972597,71,73,2,0,71,69,5248,0,0,0,0,4
2020-08-23,US,Texas,Jim Wells,930,23,0,27.73103938,-98.0904705,48249.0,2297.3173262190603,2.4731182795698925,907,916,23,0,893,906,40822,14,0,0,14,10
2020-08-23,US,Texas,Johnson,2393,40,0,32.37877812,-97.36615819,48251.0,1361.0742988448214,1.6715419974926868,2353,2393,40,0,2353,2379,171361,0,0,0,0,14
2020-08-23,US,Texas,Jones,601,0,0,32.73997145,-99.87861576,48253.0,2992.580789722651,0.0,601,601,0,0,601,600,19817,0,0,0,0,1
2020-08-23,US,Texas,Karnes,720,10,0,28.90705334,-97.85960149,48255.0,4615.088776360491,1.3888888888888888,710,720,10,0,710,696,15650,0,0,0,0,24
2020-08-23,US,Texas,Kaufman,2656,32,0,32.599141700000004,-96.28734728,48257.0,1950.7322590595945,1.2048192771084338,2624,2656,32,0,2624,2653,128622,0,0,0,0,3
2020-08-23,US,Texas,Kendall,193,4,0,29.94414155,-98.7113588,48259.0,406.90687525036367,2.0725388601036268,189,193,4,0,189,191,45641,0,0,0,0,2
2020-08-23,US,Texas,Kenedy,7,1,0,26.92601662,-97.66413984,48261.0,1732.6732673267327,14.285714285714285,6,7,1,0,6,7,442,0,0,0,0,0
2020-08-23,US,Texas,Kent,6,0,0,33.18104136,-100.7780939,48263.0,787.4015748031495,0.0,6,6,0,0,6,6,726,0,0,0,0,0
2020-08-23,US,Texas,Kerr,426,9,0,30.06040006,-99.34930144,48265.0,809.8859315589352,2.112676056338028,417,426,9,0,417,423,52405,0,0,0,0,3
2020-08-23,US,Texas,Kimble,16,1,0,30.48678918,-99.74856473,48267.0,368.9186073322573,6.25,15,16,1,0,15,16,4362,0,0,0,0,0
2020-08-23,US,Texas,Kinney,22,1,0,29.34967888,-100.41866379999999,48271.0,599.9454595036815,4.545454545454546,21,22,1,0,21,22,3767,0,0,0,0,0
2020-08-23,US,Texas,Kleberg,551,21,0,27.42435506,-97.69894948,48273.0,1795.9582790091265,3.8112522686025407,530,546,21,0,525,544,31129,5,0,0,5,2
2020-08-23,US,Texas,Knox,64,8,0,33.60519951,-99.74229059999999,48275.0,1746.7248908296942,12.5,56,64,8,0,56,63,3653,0,0,0,0,1
2020-08-23,US,Texas,La Salle,367,2,0,28.34453111,-99.09908775,48283.0,4880.31914893617,0.5449591280653951,365,367,2,0,365,368,7531,0,0,0,0,-1
2020-08-23,US,Texas,Lamar,783,21,0,33.66981763,-95.57404777,48277.0,1570.4286086764675,2.681992337164751,762,783,20,0,763,773,49728,0,1,0,-1,10
2020-08-23,US,Texas,Lamb,263,19,0,34.06859623,-102.35162890000001,48279.0,2039.866594275964,7.224334600760456,244,263,19,0,244,256,13158,0,0,0,0,7
2020-08-23,US,Texas,Lampasas,141,5,0,31.19531316,-98.24206613,48281.0,658.0175471345902,3.5460992907801416,136,141,5,0,136,140,21229,0,0,0,0,1
2020-08-23,US,Texas,Lavaca,661,28,0,29.38508402,-96.93186692,48285.0,3279.745956137739,4.236006051437216,633,661,28,0,633,661,20110,0,0,0,0,0
2020-08-23,US,Texas,Lee,188,13,0,30.31120597,-96.97045773,48287.0,1090.5504959684436,6.914893617021277,175,188,13,0,175,187,17144,0,0,0,0,1
2020-08-23,US,Texas,Leon,167,4,0,31.29872538,-95.9936328,48289.0,959.5495288439439,2.395209580838323,163,165,4,0,161,162,17270,2,0,0,2,3
2020-08-23,US,Texas,Liberty,1339,39,0,30.15152688,-94.81205615,48291.0,1517.8136229156985,2.9126213592233015,1300,1287,39,0,1248,1268,86323,52,0,0,52,19
2020-08-23,US,Texas,Limestone,381,5,0,31.5454767,-96.58095444,48293.0,1625.6346802065111,1.3123359580052494,376,381,5,0,376,355,23519,0,0,0,0,26
2020-08-23,US,Texas,Lipscomb,23,0,0,36.27783108,-100.27331509999999,48295.0,711.4135477884317,0.0,23,23,0,0,23,22,3355,0,0,0,0,1
2020-08-23,US,Texas,Live Oak,282,5,0,28.35101362,-98.1246786,48297.0,2310.1499139837797,1.7730496453900708,277,282,5,0,277,255,12166,0,0,0,0,27
2020-08-23,US,Texas,Llano,99,1,0,30.70645047,-98.68475262,48299.0,454.2326221610462,1.0101010101010102,98,98,1,0,97,95,21646,1,0,0,1,3
2020-08-23,US,Texas,Lubbock,6852,83,0,33.61008596,-101.82047890000001,48303.0,2206.273002134791,1.2113251605370694,6769,6818,82,0,6736,6750,307412,34,1,0,33,68
2020-08-23,US,Texas,Lynn,76,4,0,33.17657705,-101.8162849,48305.0,1277.0962863384304,5.2631578947368425,72,76,4,0,72,76,5877,0,0,0,0,0
2020-08-23,US,Texas,Madison,689,3,0,30.96694679,-95.93003775,48313.0,4823.578829459535,0.4354136429608128,686,690,3,0,687,688,14422,-1,0,0,-1,2
2020-08-23,US,Texas,Marion,139,10,0,32.79868409,-94.35661230000001,48315.0,1410.5946823624924,7.1942446043165456,129,139,10,0,129,139,9928,0,0,0,0,0
2020-08-23,US,Texas,Martin,70,5,0,32.30600051,-101.9513518,48317.0,1212.9613585167215,7.142857142857142,65,70,5,0,65,68,5753,0,0,0,0,2
2020-08-23,US,Texas,Mason,64,0,0,30.71780434,-99.22629416,48319.0,1497.4262985493685,0.0,64,64,0,0,64,64,4280,0,0,0,0,0
2020-08-23,US,Texas,Matagorda,875,38,0,28.81955746,-96.01230294,48321.0,2387.904920448653,4.342857142857143,837,858,38,0,820,852,36552,17,0,0,17,6
2020-08-23,US,Texas,Maverick,3117,67,0,28.7429195,-100.3157686,48323.0,5308.06171451926,2.149502726981072,3050,3117,67,0,3050,2596,58485,0,0,0,0,521
2020-08-23,US,Texas,McCulloch,74,1,0,31.1925468,-99.34682807,48307.0,926.8537074148296,1.351351351351351,73,74,1,0,73,74,7987,0,0,0,0,0
2020-08-23,US,Texas,McLennan,5713,75,0,31.55255453,-97.20217694,48309.0,2226.2229028574993,1.3127953789602658,5638,5642,72,0,5570,5595,254607,71,3,0,68,47
2020-08-23,US,Texas,McMullen,11,0,0,28.35251708,-98.56769164,48311.0,1480.4845222072681,0.0,11,10,0,0,10,10,749,1,0,0,1,0
2020-08-23,US,Texas,Medina,1069,34,0,29.355730100000002,-99.11030298,48325.0,2072.3480148883373,3.180542563143125,1035,1069,34,0,1035,1064,50921,0,0,0,0,5
2020-08-23,US,Texas,Menard,20,0,0,30.88990665,-99.82047940000001,48327.0,935.4536950420952,0.0,20,20,0,0,20,20,2139,0,0,0,0,0
2020-08-23,US,Texas,Midland,3082,62,0,31.86904128,-102.03156820000001,48329.0,1742.897213174086,2.0116807268007793,3020,3082,62,0,3020,3082,172578,0,0,0,0,0
2020-08-23,US,Texas,Milam,400,4,0,30.78581830000001,-96.97718698,48331.0,1611.4087741207752,1.0,396,400,4,0,396,400,25131,0,0,0,0,0
2020-08-23,US,Texas,Mills,31,0,0,31.49557106,-98.59272068,48333.0,636.1584239688077,0.0,31,31,0,0,31,31,4921,0,0,0,0,0
2020-08-23,US,Texas,Mitchell,72,1,0,32.30623474,-100.9212058,48335.0,842.5980105324751,1.3888888888888888,71,72,1,0,71,72,8145,0,0,0,0,0
2020-08-23,US,Texas,Montague,109,3,0,33.67521893,-97.72500958,48337.0,550.0050459178525,2.7522935779816518,106,109,3,0,106,104,19596,0,0,0,0,5
2020-08-23,US,Texas,Montgomery,7915,113,0,30.30079133,-95.50572772,48339.0,1303.1144682749664,1.4276689829437776,7802,7915,112,0,7803,7915,590925,0,1,0,-1,0
2020-08-23,US,Texas,Moore,1103,17,0,35.83769242,-101.8930281,48341.0,5267.430754536772,1.5412511332728922,1086,1103,17,0,1086,1101,21485,0,0,0,0,2
2020-08-23,US,Texas,Morris,140,3,0,33.11304005,-94.73255695,48343.0,1130.1259283177271,2.142857142857143,137,138,3,0,135,137,12339,2,0,0,2,1
2020-08-23,US,Texas,Motley,6,0,0,34.07408766,-100.77972199999999,48345.0,500.0,0.0,6,6,0,0,6,6,1234,0,0,0,0,0
2020-08-23,US,Texas,Nacogdoches,1270,45,0,31.62017125,-94.61803994,48347.0,1947.733267897675,3.543307086614173,1225,1257,45,0,1212,1251,65711,13,0,0,13,6
2020-08-23,US,Texas,Navarro,1009,13,0,32.04620681,-96.47428766,48349.0,2013.4496038951968,1.288404360753221,996,1009,13,0,996,1006,49565,0,0,0,0,3
2020-08-23,US,Texas,Newton,162,6,0,30.78548982,-93.74408813,48351.0,1191.6145641780067,3.703703703703704,156,162,6,0,156,162,13746,0,0,0,0,0
2020-08-23,US,Texas,Nolan,145,4,0,32.30365282,-100.4060208,48353.0,985.4560282723936,2.7586206896551726,141,145,4,0,141,143,14751,0,0,0,0,2
2020-08-23,US,Texas,Nueces,18069,313,0,27.736286,-97.5433285,48355.0,4987.385935179716,1.7322486025790027,17756,17854,306,0,17548,17854,362265,215,7,0,208,0
2020-08-23,US,Texas,Ochiltree,102,3,0,36.27829105,-100.8158184,48357.0,1037.0069133794223,2.9411764705882355,99,102,3,0,99,102,9947,0,0,0,0,0
2020-08-23,US,Texas,Oldham,14,1,0,35.40425596,-102.6027606,48359.0,662.8787878787879,7.142857142857142,13,14,1,0,13,14,2131,0,0,0,0,0
2020-08-23,US,Texas,Orange,1736,33,0,30.11879481,-93.89412775,48361.0,2081.634610772699,1.900921658986175,1703,1720,32,0,1688,1704,83572,16,1,0,15,16
2020-08-23,US,Texas,Palo Pinto,405,10,0,32.75310985,-98.31319001,48363.0,1387.5089931138446,2.469135802469136,395,405,10,0,395,397,28875,0,0,0,0,8
2020-08-23,US,Texas,Panola,302,20,0,32.163959600000005,-94.30552481,48365.0,1302.0608778132275,6.622516556291392,282,302,19,0,283,302,23148,0,1,0,-1,0
2020-08-23,US,Texas,Parker,1580,23,0,32.77757172,-97.80500621,48367.0,1105.8385475720545,1.4556962025316456,1557,1580,23,0,1557,1566,138371,0,0,0,0,14
2020-08-23,US,Texas,Parmer,372,7,0,34.52993409,-102.78446679999999,48369.0,3872.982821447163,1.8817204301075268,365,372,7,0,365,369,9864,0,0,0,0,3
2020-08-23,US,Texas,Pecos,272,2,0,30.78097267,-102.72412609999999,48371.0,1719.0166213739496,0.7352941176470589,270,272,2,0,270,270,15673,0,0,0,0,2
2020-08-23,US,Texas,Polk,773,15,0,30.79472531,-94.82766240000001,48373.0,1505.2674624656788,1.9404915912031049,758,773,15,0,758,773,50031,0,0,0,0,0
2020-08-23,US,Texas,Potter,3928,51,0,35.40133773,-101.893964,48375.0,3345.3987991312865,1.2983706720977597,3877,3928,51,0,3877,3928,119648,0,0,0,0,0
2020-08-23,US,Texas,Presidio,49,4,0,29.99954402,-104.24080790000001,48377.0,730.9069212410501,8.16326530612245,45,49,4,0,45,49,6948,0,0,0,0,0
2020-08-23,US,Texas,Rains,55,1,0,32.87109387,-95.79232691,48379.0,439.5077513185233,1.818181818181818,54,55,1,0,54,55,12159,0,0,0,0,0
2020-08-23,US,Texas,Randall,2042,25,0,34.96585996,-101.8971322,48381.0,1482.7939264993133,1.2242899118511263,2017,2042,25,0,2017,2010,136271,0,0,0,0,32
2020-08-23,US,Texas,Reagan,77,5,0,31.36607041,-101.52326590000001,48383.0,2000.5196154845414,6.493506493506493,72,75,5,0,70,72,3741,2,0,0,2,3
2020-08-23,US,Texas,Real,99,5,0,29.83321503,-99.82018052,48385.0,2867.9026651216686,5.05050505050505,94,99,5,0,94,91,3478,0,0,0,0,8
2020-08-23,US,Texas,Red River,143,13,0,33.61886692,-95.04841765,48387.0,1189.3870082342178,9.090909090909092,130,142,13,0,129,140,12175,1,0,0,1,2
2020-08-23,US,Texas,Reeves,161,5,0,31.32323325,-103.69038959999999,48389.0,1007.7616424636957,3.1055900621118013,156,161,5,0,156,159,15695,0,0,0,0,2
2020-08-23,US,Texas,Refugio,247,9,0,28.323897600000002,-97.15766311,48391.0,3554.979850316638,3.643724696356276,238,247,9,0,238,247,7032,0,0,0,0,0
2020-08-23,US,Texas,Roberts,6,0,0,35.83809685,-100.813175,48393.0,702.5761124121782,0.0,6,6,0,0,6,6,903,0,0,0,0,0
2020-08-23,US,Texas,Robertson,244,3,0,31.02539637,-96.51272246,48395.0,1429.0734450040998,1.2295081967213115,241,243,3,0,240,242,17284,1,0,0,1,1
2020-08-23,US,Texas,Rockwall,1266,21,0,32.89779518,-96.40771592,48397.0,1206.691130915503,1.6587677725118484,1245,1266,21,0,1245,1260,100657,0,0,0,0,6
2020-08-23,US,Texas,Runnels,177,3,0,31.8314342,-99.97616148,48399.0,1724.4738893219019,1.6949152542372878,174,177,3,0,174,175,10234,0,0,0,0,2
2020-08-23,US,Texas,Rusk,444,3,0,32.10773545,-94.76176432,48401.0,816.0864610520897,0.6756756756756757,441,444,3,0,441,440,54450,0,0,0,0,4
2020-08-23,US,Texas,Sabine,72,6,0,31.34318809,-93.85440451,48403.0,682.9823562891291,8.333333333333334,66,72,6,0,66,72,10589,0,0,0,0,0
2020-08-23,US,Texas,San Augustine,185,12,0,31.39457611,-94.17000399,48405.0,2245.96333616608,6.486486486486488,173,185,12,0,173,185,8232,0,0,0,0,0
2020-08-23,US,Texas,San Jacinto,193,8,0,30.57933681,-95.16260304,48407.0,668.7688416092034,4.1450777202072535,185,193,8,0,185,193,28719,0,0,0,0,0
2020-08-23,US,Texas,San Patricio,1202,52,0,28.00880118,-97.51763891,48409.0,1801.2887756631198,4.3261231281198,1150,1168,52,0,1116,1168,66893,34,0,0,34,0
2020-08-23,US,Texas,San Saba,33,0,0,31.1577796,-98.81758731,48411.0,545.0041288191577,0.0,33,33,0,0,33,32,6054,0,0,0,0,1
2020-08-23,US,Texas,Schleicher,36,1,0,30.89740592,-100.5384842,48413.0,1288.936627282492,2.7777777777777777,35,36,1,0,35,36,2895,0,0,0,0,0
2020-08-23,US,Texas,Scurry,515,2,0,32.74613808,-100.91626640000001,48415.0,3083.27845297252,0.3883495145631068,513,515,2,0,513,507,16866,0,0,0,0,8
2020-08-23,US,Texas,Shackelford,20,0,0,32.73587756,-99.35401337,48417.0,612.5574272588054,0.0,20,20,0,0,20,20,3253,0,0,0,0,0
2020-08-23,US,Texas,Shelby,426,18,0,31.79211404,-94.14550696,48419.0,1685.5266281554166,4.225352112676056,408,426,18,0,408,425,25418,0,0,0,0,1
2020-08-23,US,Texas,Sherman,50,0,0,36.27751473,-101.8933156,48421.0,1654.5334215751159,0.0,50,50,0,0,50,49,3079,0,0,0,0,1
2020-08-23,US,Texas,Smith,2978,51,0,32.37474036,-95.27175679999999,48423.0,1279.478928124906,1.7125587642713231,2927,2978,49,0,2929,2955,230221,0,2,0,-2,23
2020-08-23,US,Texas,Somervell,113,2,0,32.22236802,-97.77403489,48425.0,1237.94916739702,1.7699115044247788,111,113,1,0,112,108,9016,0,1,0,-1,5
2020-08-23,US,Texas,Starr,2569,117,0,26.56150059,-98.73892358,48427.0,3974.749740844461,4.554301284546517,2452,2543,105,0,2438,2517,64525,26,12,0,14,26
2020-08-23,US,Texas,Stephens,111,3,0,32.73553157,-98.83631615,48429.0,1185.137732222934,2.702702702702702,108,111,3,0,108,115,9433,0,0,0,0,-4
2020-08-23,US,Texas,Sterling,1,0,0,31.82781912,-101.05007459999999,48431.0,77.45933384972889,0.0,1,1,0,0,1,1,1311,0,0,0,0,0
2020-08-23,US,Texas,Stonewall,7,1,0,33.17906744,-100.25384009999999,48433.0,518.5185185185185,14.285714285714285,6,7,1,0,6,7,1362,0,0,0,0,0
2020-08-23,US,Texas,Sutton,76,2,0,30.49856623,-100.5382014,48435.0,2012.71186440678,2.631578947368421,74,76,2,0,74,76,3758,0,0,0,0,0
2020-08-23,US,Texas,Swisher,88,3,0,34.53028891,-101.73491740000001,48437.0,1189.67148844126,3.4090909090909087,85,88,3,0,85,88,7462,0,0,0,0,0
2020-08-23,US,Texas,Tarrant,37622,564,0,32.77143818,-97.29101614,48439.0,1789.3808129787421,1.4991228536494603,37058,37407,557,0,36850,37210,2084931,215,7,0,208,197
2020-08-23,US,Texas,Taylor,1243,32,0,32.30163422,-99.89007449,48441.0,900.5027746787024,2.574416733708769,1211,1228,32,0,1196,1210,137640,15,0,0,15,18
2020-08-23,US,Texas,Terrell,3,0,0,30.22429013,-102.0766732,48443.0,386.59793814432993,0.0,3,3,0,0,3,3,823,0,0,0,0,0
2020-08-23,US,Texas,Terry,188,3,0,33.17402785,-102.3354521,48445.0,1523.871281510902,1.5957446808510638,185,188,2,0,186,188,12287,0,1,0,-1,0
2020-08-23,US,Texas,Throckmorton,4,2,0,33.17751417,-99.21226795,48447.0,266.4890073284477,50.0,2,4,2,0,2,4,1515,0,0,0,0,0
2020-08-23,US,Texas,Titus,1429,19,0,33.21339719,-94.96797273,48449.0,4363.358778625954,1.3296011196641009,1410,1429,18,0,1411,1429,33033,0,1,0,-1,0
2020-08-23,US,Texas,Tom Green,3076,43,0,31.40464436,-100.46244300000001,48451.0,2580.536912751678,1.3979193758127435,3033,3056,42,0,3014,3023,118189,20,1,0,19,33
2020-08-23,US,Texas,Travis,25736,357,0,30.33432034,-97.78535620000001,48453.0,2020.1671331931925,1.387161952129313,25379,25559,353,0,25206,25559,1248743,177,4,0,173,0
2020-08-23,US,Texas,Trinity,169,4,0,31.0879489,-95.1367187,48455.0,1153.5048802129547,2.366863905325444,165,169,4,0,165,169,14740,0,0,0,0,0
2020-08-23,US,Texas,Tyler,175,3,0,30.77031716,-94.37690895,48457.0,807.4935400516797,1.7142857142857142,172,175,3,0,172,172,21696,0,0,0,0,3
2020-08-23,US,Texas,Upshur,313,5,0,32.73706798,-94.93999853,48459.0,749.6467319713554,1.597444089456869,308,310,5,0,305,309,41260,3,0,0,3,1
2020-08-23,US,Texas,Upton,18,1,0,31.36868194,-102.0423217,48461.0,492.2067268252666,5.5555555555555545,17,18,1,0,17,18,3671,0,0,0,0,0
2020-08-23,US,Texas,Uvalde,654,16,0,29.35739637,-99.76229172,48463.0,2445.6826595864027,2.4464831804281344,638,649,16,0,633,647,26846,5,0,0,5,2
2020-08-23,US,Texas,Val Verde,1869,83,0,29.89149232,-101.1525205,48465.0,3812.340642529322,4.4408774745853385,1786,1869,83,0,1786,1869,49208,0,0,0,0,0
2020-08-23,US,Texas,Van Zandt,488,12,0,32.56483801,-95.83766469,48467.0,862.3431701714084,2.459016393442623,476,488,9,0,479,485,56019,0,3,0,-3,3
2020-08-23,US,Texas,Victoria,3712,69,0,28.79780988,-96.96813006,48469.0,4031.102037270319,1.858836206896552,3643,3712,69,0,3643,3681,92035,0,0,0,0,31
2020-08-23,US,Texas,Walker,3320,46,0,30.73872995,-95.57440968,48471.0,4549.752641460306,1.3855421686746987,3274,3278,46,0,3232,3247,72480,42,0,0,42,31
2020-08-23,US,Texas,Waller,625,5,0,30.01058447,-95.99011759,48473.0,1131.3036237917674,0.8,620,608,5,0,603,579,53126,17,0,0,17,29
2020-08-23,US,Texas,Ward,102,1,0,31.50999644,-103.09279090000001,48475.0,850.1416902817135,0.9803921568627452,101,102,1,0,101,100,11720,0,0,0,0,2
2020-08-23,US,Texas,Washington,559,43,0,30.21498498,-96.40946246,48477.0,1557.884175909927,7.6923076923076925,516,559,43,0,516,553,35108,0,0,0,0,6
2020-08-23,US,Texas,Webb,10130,223,0,27.7610369,-99.33237355,48479.0,3661.639894163064,2.2013820335636725,9907,10094,219,0,9875,10087,275910,36,4,0,32,7
2020-08-23,US,Texas,Wharton,1112,39,0,29.27765923,-96.22319248,48481.0,2675.9072095485612,3.5071942446043165,1073,1087,38,0,1049,1067,41619,25,1,0,24,20
2020-08-23,US,Texas,Wheeler,40,0,0,35.40114335,-100.26995140000001,48483.0,791.1392405063292,0.0,40,40,0,0,40,40,5191,0,0,0,0,0
2020-08-23,US,Texas,Wichita,1205,14,0,33.98842886,-98.70410340000001,48485.0,911.2909324661574,1.1618257261410792,1191,1205,14,0,1191,1192,132064,0,0,0,0,13
2020-08-23,US,Texas,Wilbarger,95,2,0,34.07945812,-99.24178437,48487.0,743.9893492051062,2.1052631578947367,93,95,2,0,93,92,12820,0,0,0,0,3
2020-08-23,US,Texas,Willacy,810,40,0,26.47411727,-97.61535848,48489.0,3792.4899335143737,4.938271604938271,770,805,39,0,766,802,21515,5,1,0,4,3
2020-08-23,US,Texas,Williamson,7687,113,0,30.64655664,-97.60048540000001,48491.0,1301.6657325108247,1.470014309873813,7574,7687,113,0,7574,7687,566719,0,0,0,0,0
2020-08-23,US,Texas,Wilson,524,24,0,29.1732598,-98.08693082,48493.0,1026.0426865087136,4.580152671755725,500,524,24,0,500,520,50224,0,0,0,0,4
2020-08-23,US,Texas,Winkler,88,1,0,31.85008651,-103.04851629999999,48495.0,1098.6267166042446,1.1363636363636365,87,88,1,0,87,88,7720,0,0,0,0,0
2020-08-23,US,Texas,Wise,604,11,0,33.21570665,-97.65460265,48497.0,863.0544124371285,1.8211920529801324,593,604,11,0,593,599,68305,0,0,0,0,5
2020-08-23,US,Texas,Wood,378,13,0,32.78722382,-95.38236368,48499.0,830.0577526954918,3.4391534391534386,365,378,12,0,366,377,45129,0,1,0,-1,1
2020-08-23,US,Texas,Yoakum,139,4,0,33.17320212,-102.82764329999999,48501.0,1595.3173419029038,2.8776978417266186,135,139,4,0,135,135,8591,0,0,0,0,4
2020-08-23,US,Texas,Young,209,6,0,33.17659707,-98.68790885,48503.0,1160.4664075513604,2.8708133971291865,203,209,6,0,203,207,18045,0,0,0,0,2
2020-08-23,US,Texas,Zapata,238,3,0,27.00156391,-99.16987152,48505.0,1678.5386839692505,1.2605042016806722,235,235,3,0,232,235,14190,3,0,0,3,0
2020-08-23,US,Texas,Zavala,253,8,0,28.86617238,-99.76050829,48507.0,2136.824324324324,3.1620553359683794,245,253,8,0,245,253,11983,0,0,0,0,0
2020-08-23,US,Utah,Bear River,2482,9,0,41.52106798,-113.08328159999999,0.0,1328.5657698936936,0.36261079774375504,2473,2464,9,0,2455,2443,,18,0,0,18,21
2020-08-23,US,Utah,Central Utah,484,2,0,39.37231946,-111.5758676,0.0,590.5752007223565,0.4132231404958678,482,479,2,0,477,475,,5,0,0,5,4
2020-08-23,US,Utah,Davis,3613,21,0,40.99001837,-112.1139997,49011.0,1016.369369952262,0.5812344312205923,3592,3591,21,0,3570,3542,351713,22,0,0,22,49
2020-08-23,US,Utah,Salt Lake,22760,224,0,40.66616532,-111.92160109999999,49035.0,1961.3300851317224,0.9841827768014059,22536,22631,224,0,22407,22483,1152633,129,0,0,129,148
2020-08-23,US,Utah,San Juan,661,27,0,37.62762978,-109.80337140000002,49037.0,4318.0036582179255,4.084720121028743,634,661,27,0,634,660,15449,0,0,0,0,1
2020-08-23,US,Utah,Southeast Utah,128,1,0,38.99617072,-110.70139579999999,0.0,318.17842849685553,0.78125,127,128,1,0,127,127,,0,0,0,0,1
2020-08-23,US,Utah,Southwest Utah,3454,26,0,37.85447192,-111.4418764,0.0,1370.4065195483292,0.7527504342790967,3428,3444,26,0,3418,3429,,10,0,0,10,15
2020-08-23,US,Utah,Summit,810,1,0,40.86688146,-110.9535882,49043.0,1921.9361727369794,0.12345679012345677,809,805,1,0,804,792,41933,5,0,0,5,13
2020-08-23,US,Utah,Tooele,641,0,0,40.44862644,-113.12957150000001,49045.0,887.0867296807318,0.0,641,638,0,0,638,635,69907,3,0,0,3,3
2020-08-23,US,Utah,TriCounty,197,0,0,40.12491499,-109.5174415,0.0,347.9213026738724,0.0,197,197,0,0,197,196,,0,0,0,0,1
2020-08-23,US,Utah,Utah,10120,42,0,40.116672200000004,-111.66576620000001,49049.0,1590.6072441786444,0.4150197628458498,10078,10037,42,0,9995,9949,622213,83,0,0,83,88
2020-08-23,US,Utah,Wasatch,615,4,0,40.33110236,-111.1691419,49051.0,1803.9951893461612,0.6504065040650406,611,611,4,0,607,609,33240,4,0,0,4,2
2020-08-23,US,Utah,Weber-Morgan,3150,28,0,41.27116049,-111.9145117,0.0,1156.6551735533549,0.8888888888888888,3122,3128,28,0,3100,3105,,22,0,0,22,23
2020-08-23,US,Vermont,Addison,77,2,0,44.03217337,-73.14130877,50001.0,209.36998667645543,2.5974025974025974,75,77,2,0,75,76,36973,0,0,0,0,1
2020-08-23,US,Vermont,Bennington,96,1,0,43.03519828,-73.09048868,50003.0,270.6512545813364,1.0416666666666667,95,95,1,0,94,92,35631,1,0,0,1,3
2020-08-23,US,Vermont,Caledonia,30,0,0,44.46548598,-72.10314651,50005.0,100.02333877904844,0.0,30,30,0,0,30,30,30302,0,0,0,0,0
2020-08-23,US,Vermont,Chittenden,773,39,0,44.46322849,-73.08359212,50007.0,471.9918912647917,5.045278137128072,734,770,39,0,731,766,164572,3,0,0,3,4
2020-08-23,US,Vermont,Essex,6,0,0,44.72736416,-71.73579864,50009.0,97.35518416355671,0.0,6,6,0,0,6,6,6250,0,0,0,0,0
2020-08-23,US,Vermont,Franklin,122,7,0,44.85627605,-72.91249563,50011.0,246.9535646330108,5.737704918032787,115,122,7,0,115,122,49421,0,0,0,0,0
2020-08-23,US,Vermont,Grand Isle,13,0,0,44.797582399999996,-73.29679772,50013.0,179.68210089841045,0.0,13,13,0,0,13,13,7090,0,0,0,0,0
2020-08-23,US,Vermont,Lamoille,45,1,0,44.60353043,-72.64356694,50015.0,177.43080198722495,2.2222222222222223,44,45,1,0,44,45,25300,0,0,0,0,0
2020-08-23,US,Vermont,Orange,20,0,0,44.00470222,-72.37640104,50017.0,69.22331441229406,0.0,20,20,0,0,20,20,28999,0,0,0,0,0
2020-08-23,US,Vermont,Orleans,15,0,0,44.82964024,-72.24562697,50019.0,55.479528054148034,0.0,15,15,0,0,15,15,26907,0,0,0,0,0
2020-08-23,US,Vermont,Rutland,103,1,0,43.57723578,-73.03741676,50021.0,177.00331666408894,0.9708737864077671,102,103,1,0,102,103,58672,0,0,0,0,0
2020-08-23,US,Vermont,Unassigned,8,0,0,0.0,0.0,90050.0,0.0,0.0,8,8,0,0,8,8,,0,0,0,0,0
2020-08-23,US,Vermont,Washington,60,2,0,44.27343241,-72.61604978,50023.0,102.72389529010941,3.333333333333333,58,60,2,0,58,59,58140,0,0,0,0,1
2020-08-23,US,Vermont,Windham,114,3,0,42.986982,-72.71268875,50025.0,270.00142106011083,2.631578947368421,111,114,3,0,111,111,42756,0,0,0,0,3
2020-08-23,US,Vermont,Windsor,75,2,0,43.58010937,-72.58595157,50027.0,136.21009044350006,2.6666666666666665,73,75,2,0,73,75,55286,0,0,0,0,0
2020-08-23,US,Virginia,Accomack,1135,18,0,37.76707161,-75.63234615,51001.0,3512.1921029830432,1.5859030837004404,1117,1135,18,0,1117,1133,32412,0,0,0,0,2
2020-08-23,US,Virginia,Albemarle,961,16,0,38.02080697,-78.55481085,51003.0,878.9902131162538,1.6649323621227887,945,955,16,0,939,943,108718,6,0,0,6,12
2020-08-23,US,Virginia,Alexandria,3257,61,0,38.814003,-77.08183073,51510.0,2042.9284692776682,1.8728891618053425,3196,3238,61,0,3177,3203,160530,19,0,0,19,35
2020-08-23,US,Virginia,Alleghany,61,4,0,37.78636074,-80.00222498,51005.0,410.4979811574697,6.557377049180328,57,61,4,0,57,60,14910,0,0,0,0,1
2020-08-23,US,Virginia,Amelia,92,2,0,37.34081025,-77.98584649,51007.0,699.8858881704068,2.1739130434782608,90,92,2,0,90,91,13013,0,0,0,0,1
2020-08-23,US,Virginia,Amherst,259,1,0,37.60308293,-79.14548696,51009.0,819.4905869324474,0.3861003861003861,258,253,1,0,252,246,31666,6,0,0,6,7
2020-08-23,US,Virginia,Appomattox,135,1,0,37.37569884,-78.81340003,51011.0,848.4696122179622,0.7407407407407407,134,130,1,0,129,125,15841,5,0,0,5,5
2020-08-23,US,Virginia,Arlington,3383,137,0,38.8767675,-77.10139853,51013.0,1428.378412612628,4.049660065031038,3246,3357,137,0,3220,3334,237521,26,0,0,26,23
2020-08-23,US,Virginia,Augusta,345,4,0,38.16404586,-79.12461614,51015.0,456.60287461288016,1.1594202898550725,341,341,4,0,337,335,75457,4,0,0,4,6
2020-08-23,US,Virginia,Bath,4,0,0,38.05852573,-79.73912095,51017.0,96.45526886906195,0.0,4,4,0,0,4,4,4292,0,0,0,0,0
2020-08-23,US,Virginia,Bedford,485,8,0,37.3080028,-79.5281964,51019.0,613.9473650898135,1.649484536082474,477,467,8,0,459,453,78747,18,0,0,18,14
2020-08-23,US,Virginia,Bland,38,0,0,37.13128068,-81.13599391,51021.0,605.0955414012739,0.0,38,38,0,0,38,38,6293,0,0,0,0,0
2020-08-23,US,Virginia,Botetourt,226,8,0,37.55531756,-79.80982182,51023.0,676.2620066429276,3.5398230088495577,218,226,7,0,219,224,33277,0,1,0,-1,2
2020-08-23,US,Virginia,Bristol,105,2,0,36.616302399999995,-82.16359122,51520.0,626.4168953585491,1.9047619047619049,103,105,2,0,103,103,16482,0,0,0,0,2
2020-08-23,US,Virginia,Brunswick,264,2,0,36.76366949,-77.8593436,51025.0,1626.517158523813,0.7575757575757576,262,263,2,0,261,261,16384,1,0,0,1,2
2020-08-23,US,Virginia,Buchanan,93,1,0,37.26818323,-82.03749726,51027.0,442.7728051799656,1.075268817204301,92,93,1,0,92,93,21221,0,0,0,0,0
2020-08-23,US,Virginia,Buckingham,634,8,0,37.57242268,-78.52518834,51029.0,3697.224166083509,1.2618296529968454,626,634,8,0,626,631,16999,0,0,0,0,3
2020-08-23,US,Virginia,Buena Vista,70,1,0,37.73484642,-79.35296097,51530.0,1080.580426057425,1.4285714285714286,69,70,1,0,69,70,6237,0,0,0,0,0
2020-08-23,US,Virginia,Campbell,296,3,0,37.20553386,-79.09678609,51031.0,539.3094652455134,1.0135135135135136,293,289,3,0,286,277,54973,7,0,0,7,12
2020-08-23,US,Virginia,Caroline,247,5,0,38.02679129,-77.34901405,51033.0,803.905614320586,2.0242914979757085,242,243,5,0,238,240,30772,4,0,0,4,3
2020-08-23,US,Virginia,Carroll,374,16,0,36.73066666,-80.73455942,51035.0,1255.4127085361351,4.2780748663101615,358,372,16,0,356,363,29636,2,0,0,2,9
2020-08-23,US,Virginia,Charles City,65,5,0,37.35358063,-77.05634116,51036.0,933.5056728421657,7.6923076923076925,60,61,5,0,56,60,6941,4,0,0,4,1
2020-08-23,US,Virginia,Charlotte,59,0,0,37.01909701,-78.66314092,51037.0,496.6329966329968,0.0,59,59,0,0,59,59,11938,0,0,0,0,0
2020-08-23,US,Virginia,Charlottesville,588,16,0,38.03527919,-78.48569588,51540.0,1244.0231879152036,2.7210884353741496,572,584,14,0,570,575,48117,4,2,0,2,9
2020-08-23,US,Virginia,Chesapeake,3523,42,0,36.67670048,-76.30545744,51550.0,1438.9282578062778,1.1921657678115245,3481,3462,42,0,3420,3412,242634,61,0,0,61,50
2020-08-23,US,Virginia,Chesterfield,4853,76,0,37.37373208,-77.58680140000001,51041.0,1375.5590954699805,1.566041623737894,4777,4815,76,0,4739,4772,348556,38,0,0,38,43
2020-08-23,US,Virginia,Clarke,76,0,0,39.11271747,-77.99199425,51043.0,519.871400232574,0.0,76,75,0,0,75,75,14523,1,0,0,1,0
2020-08-23,US,Virginia,Colonial Heights,215,22,0,37.26420587,-77.39609676,51570.0,1237.7662636729997,10.232558139534882,193,213,22,0,191,212,17833,2,0,0,2,1
2020-08-23,US,Virginia,Covington,19,0,0,37.7824656,-79.98631446,51580.0,343.08414590104735,0.0,19,19,0,0,19,16,5460,0,0,0,0,3
2020-08-23,US,Virginia,Craig,22,0,0,37.48133648,-80.21072274,51045.0,428.76632235431686,0.0,22,22,0,0,22,20,5064,0,0,0,0,2
2020-08-23,US,Virginia,Culpeper,1070,13,0,38.48199985,-77.95630870000002,51047.0,2034.0271837277826,1.2149532710280373,1057,1065,13,0,1052,1060,51859,5,0,0,5,5
2020-08-23,US,Virginia,Cumberland,92,0,0,37.51328851,-78.24398086,51049.0,926.2988320579943,0.0,92,92,0,0,92,89,9809,0,0,0,0,3
2020-08-23,US,Virginia,Danville,542,12,0,36.58022376,-79.40395668,51590.0,1353.5111377484766,2.2140221402214024,530,535,12,0,523,522,40693,7,0,0,7,13
2020-08-23,US,Virginia,Dickenson,55,1,0,37.12560977,-82.35124171,51051.0,384.13186199189835,1.818181818181818,54,55,1,0,54,55,14523,0,0,0,0,0
2020-08-23,US,Virginia,Dinwiddie,262,8,0,37.07544585,-77.63451754,51053.0,917.8811659192824,3.053435114503817,254,260,7,0,253,251,28529,2,1,0,1,9
2020-08-23,US,Virginia,Emporia,212,15,0,36.69455571,-77.53406129,51595.0,3965.5817433595207,7.075471698113208,197,207,15,0,192,204,5121,5,0,0,5,3
2020-08-23,US,Virginia,Essex,112,2,0,37.93357639,-76.94230311,51057.0,1022.5508992969964,1.7857142857142858,110,112,2,0,110,110,10919,0,0,0,0,2
2020-08-23,US,Virginia,Fairfax,17647,542,0,38.83677558,-77.27565836,51059.0,1537.8220389496764,3.071343571145237,17105,17531,539,0,16992,17419,1150795,116,3,0,113,112
2020-08-23,US,Virginia,Fairfax,17647,542,0,38.83677558,-77.27565836,51059.0,1537.8220389496764,3.071343571145237,17105,17531,539,0,16992,17419,24574,116,3,0,113,112
2020-08-23,US,Virginia,Fairfax City,106,7,0,38.85157547,-77.29779640000002,51600.0,441.31729047837126,6.60377358490566,99,106,7,0,99,106,24574,0,0,0,0,0
2020-08-23,US,Virginia,Falls Church,64,7,0,38.88485255,-77.17560759,51610.0,437.84634329889855,10.9375,57,64,7,0,57,64,14772,0,0,0,0,0
2020-08-23,US,Virginia,Fauquier,717,9,0,38.73564842,-77.80647472,51061.0,1006.7114093959732,1.2552301255230125,708,678,9,0,669,667,70675,39,0,0,39,11
2020-08-23,US,Virginia,Floyd,121,2,0,36.9302126,-80.36738849,51063.0,768.3027493809129,1.6528925619834711,119,121,2,0,119,120,15795,0,0,0,0,1
2020-08-23,US,Virginia,Fluvanna,209,9,0,37.84157909,-78.27715475,51065.0,766.4099743307664,4.30622009569378,200,208,9,0,199,207,26783,1,0,0,1,1
2020-08-23,US,Virginia,Franklin,194,1,0,36.99536167,-79.88023649,51067.0,346.1689447200313,0.5154639175257731,193,194,1,0,193,194,56195,0,0,0,0,0
2020-08-23,US,Virginia,Franklin,194,1,0,36.99536167,-79.88023649,51067.0,346.1689447200313,0.5154639175257731,193,194,1,0,193,194,8013,0,0,0,0,0
2020-08-23,US,Virginia,Franklin City,260,6,0,36.6831435,-76.93859681,51620.0,3263.461779841848,2.3076923076923075,254,255,6,0,249,240,8013,5,0,0,5,15
2020-08-23,US,Virginia,Frederick,738,10,0,39.20172582,-78.25974949,51069.0,826.3074804339792,1.3550135501355014,728,730,10,0,720,724,88355,8,0,0,8,6
2020-08-23,US,Virginia,Fredericksburg,451,4,0,38.2977863,-77.4922454,51630.0,1553.2442485190795,0.8869179600886918,447,447,4,0,443,440,29144,4,0,0,4,7
2020-08-23,US,Virginia,Galax,390,28,0,36.66601852,-80.91703124,51640.0,6144.635260753112,7.17948717948718,362,390,26,0,364,388,6423,0,2,0,-2,2
2020-08-23,US,Virginia,Giles,35,0,0,37.31234791,-80.70636931,51071.0,209.33014354066987,0.0,35,35,0,0,35,34,16844,0,0,0,0,1
2020-08-23,US,Virginia,Gloucester,186,2,0,37.40809042,-76.53524337,51073.0,498.01863553603937,1.075268817204301,184,187,2,0,185,184,37349,-1,0,0,-1,3
2020-08-23,US,Virginia,Goochland,179,7,0,37.71714806,-77.90381514,51075.0,753.5890203342735,3.910614525139665,172,178,7,0,171,177,23244,1,0,0,1,1
2020-08-23,US,Virginia,Grayson,172,5,0,36.65677234,-81.23215889,51077.0,1106.1093247588424,2.9069767441860463,167,169,5,0,164,168,15631,3,0,0,3,1
2020-08-23,US,Virginia,Greene,191,2,0,38.29545894,-78.46525378,51079.0,963.7216812149956,1.0471204188481675,189,189,2,0,187,188,19779,2,0,0,2,1
2020-08-23,US,Virginia,Greensville,657,11,0,36.67878901,-77.56351439,51081.0,5795.695130557516,1.67427701674277,646,617,11,0,606,579,11627,40,0,0,40,38
2020-08-23,US,Virginia,Halifax,186,2,0,36.76654925,-78.93512622,51083.0,548.4945887765032,1.075268817204301,184,184,2,0,182,178,34120,2,0,0,2,6
2020-08-23,US,Virginia,Hampton,1454,11,0,37.03513786,-76.35879121,51650.0,1080.9605233811612,0.7565337001375516,1443,1437,10,0,1427,1417,134313,17,1,0,16,20
2020-08-23,US,Virginia,Hanover,741,34,0,37.7583355,-77.49464673,51085.0,687.6009130894714,4.5883940620782715,707,736,33,0,703,732,107239,5,1,0,4,4
2020-08-23,US,Virginia,Harrisonburg,1130,31,0,38.43542574,-78.87536254,51660.0,2131.4320205221065,2.7433628318584065,1099,1124,31,0,1093,1119,54033,6,0,0,6,5
2020-08-23,US,Virginia,Henrico,4319,189,0,37.53460572,-77.39326555,51087.0,1305.5516930759509,4.376012965964343,4130,4294,188,0,4106,4259,329261,25,1,0,24,35
2020-08-23,US,Virginia,Henry,747,14,0,36.68542395,-79.87634026,51089.0,1477.5402021480704,1.8741633199464525,733,741,14,0,727,723,50953,6,0,0,6,18
2020-08-23,US,Virginia,Highland,6,0,0,38.35799465,-79.56124594,51091.0,273.97260273972597,0.0,6,6,0,0,6,6,2210,0,0,0,0,0
2020-08-23,US,Virginia,Hopewell,316,4,0,37.29186313,-77.29754684,51670.0,1402.6366017133469,1.2658227848101269,312,314,4,0,310,309,22596,2,0,0,2,5
2020-08-23,US,Virginia,Isle of Wight,478,10,0,36.90579348,-76.70842863,51093.0,1288.0972270877685,2.092050209205021,468,473,10,0,463,463,36953,5,0,0,5,10
2020-08-23,US,Virginia,James City,701,17,0,37.31156958,-76.76950618,51095.0,916.064451210747,2.425106990014265,684,694,17,0,677,667,76397,7,0,0,7,27
2020-08-23,US,Virginia,King George,186,4,0,38.26818502,-77.15852768,51099.0,693.0988224772693,2.150537634408602,182,184,4,0,180,180,26575,2,0,0,2,4
2020-08-23,US,Virginia,King William,106,2,0,37.70965316,-77.09384941,51101.0,618.1478889666432,1.8867924528301887,104,106,2,0,104,106,16939,0,0,0,0,0
2020-08-23,US,Virginia,King and Queen,46,1,0,37.71044922,-76.88689628,51097.0,654.8042704626333,2.1739130434782608,45,46,1,0,45,45,7042,0,0,0,0,1
2020-08-23,US,Virginia,Lancaster,57,0,0,37.71889653,-76.46400482,51103.0,537.5837027256437,0.0,57,56,0,0,56,54,10783,1,0,0,1,2
2020-08-23,US,Virginia,Lee,158,2,0,36.70586667,-83.12606515,51105.0,674.5506553387696,1.2658227848101269,156,156,2,0,154,153,23541,2,0,0,2,3
2020-08-23,US,Virginia,Lexington,41,0,0,37.78258621,-79.44262866,51678.0,550.6312113886652,0.0,41,41,0,0,41,39,7136,0,0,0,0,2
2020-08-23,US,Virginia,Loudoun,5712,115,0,39.08990083,-77.63481877,51107.0,1381.2515415753812,2.0133053221288515,5597,5684,115,0,5569,5647,406850,28,0,0,28,37
2020-08-23,US,Virginia,Louisa,231,2,0,37.97850256,-77.96274807,51109.0,614.5087919980847,0.8658008658008658,229,230,2,0,228,225,36778,1,0,0,1,5
2020-08-23,US,Virginia,Lunenburg,81,1,0,36.94618528,-78.24133319,51111.0,664.1521810429649,1.2345679012345678,80,81,1,0,80,78,12086,0,0,0,0,3
2020-08-23,US,Virginia,Lynchburg,832,5,0,37.40021399,-79.19888138,51680.0,1012.5596339207477,0.6009615384615384,827,824,5,0,819,803,82126,8,0,0,8,21
2020-08-23,US,Virginia,Madison,85,2,0,38.41531222,-78.28220331,51113.0,640.9773018626046,2.3529411764705883,83,84,1,0,83,83,13295,1,1,0,0,1
2020-08-23,US,Virginia,Manassas,1754,23,0,38.7464321,-77.48509905,51683.0,4269.198004137763,1.3112884834663625,1731,1747,23,0,1724,1740,41641,7,0,0,7,7
2020-08-23,US,Virginia,Manassas Park,552,7,0,38.77058531,-77.44399307,51685.0,3158.256093374528,1.2681159420289856,545,551,7,0,544,549,17307,1,0,0,1,2
2020-08-23,US,Virginia,Martinsville,278,3,0,36.68212094,-79.86352771,51690.0,2214.433646646487,1.0791366906474822,275,276,3,0,273,271,12902,2,0,0,2,5
2020-08-23,US,Virginia,Mathews,23,0,0,37.44164146,-76.34098896,51115.0,260.3577088521621,0.0,23,23,0,0,23,23,8802,0,0,0,0,0
2020-08-23,US,Virginia,Mecklenburg,481,33,0,36.67882005,-78.36131056,51117.0,1572.5635073724136,6.860706860706861,448,478,33,0,445,476,30650,3,0,0,3,2
2020-08-23,US,Virginia,Middlesex,54,1,0,37.63191998,-76.55064617,51119.0,510.3005103005103,1.851851851851852,53,54,1,0,53,54,10769,0,0,0,0,0
2020-08-23,US,Virginia,Montgomery,374,3,0,37.17746986,-80.37868691,51121.0,379.5605622367687,0.8021390374331551,371,362,3,0,359,353,98985,12,0,0,12,9
2020-08-23,US,Virginia,Nelson,81,0,0,37.78790447,-78.88498513,51125.0,542.5318151373075,0.0,81,81,0,0,81,79,14836,0,0,0,0,2
2020-08-23,US,Virginia,New Kent,140,1,0,37.50694406,-76.99828634,51127.0,606.2968256030488,0.7142857142857143,139,139,1,0,138,138,22391,1,0,0,1,1
2020-08-23,US,Virginia,Newport News,2130,20,0,37.08166899,-76.51754109,51700.0,1188.4502720044636,0.9389671361502347,2110,2111,20,0,2091,2072,178626,19,0,0,19,39
2020-08-23,US,Virginia,Norfolk,4164,43,0,36.89934014,-76.26420872,51710.0,1715.401537434807,1.032660902977906,4121,4164,39,0,4125,4119,244076,0,4,0,-4,45
2020-08-23,US,Virginia,Northampton,303,29,0,37.34062933,-75.87751591,51131.0,2587.532023911187,9.570957095709572,274,303,29,0,274,303,11735,0,0,0,0,0
2020-08-23,US,Virginia,Northumberland,83,3,0,37.89202088,-76.41949732,51133.0,686.2339809838776,3.614457831325301,80,82,3,0,79,81,12147,1,0,0,1,1
2020-08-23,US,Virginia,Norton,22,0,0,36.93357076,-82.62750411,51720.0,552.624968600854,0.0,22,22,0,0,22,22,3968,0,0,0,0,0
2020-08-23,US,Virginia,Nottoway,184,14,0,37.1435975,-78.05065922,51135.0,1207.9831932773109,7.608695652173912,170,184,14,0,170,184,15420,0,0,0,0,0
2020-08-23,US,Virginia,Orange,244,3,0,38.24530219,-78.01560400000002,51137.0,658.5517259992982,1.2295081967213115,241,244,3,0,241,243,36644,0,0,0,0,1
2020-08-23,US,Virginia,Page,358,25,0,38.61807452,-78.48797204,51139.0,1497.782612333696,6.983240223463688,333,357,25,0,332,357,23933,1,0,0,1,0
2020-08-23,US,Virginia,Patrick,200,10,0,36.680163799999995,-80.2865648,51141.0,1135.8473421172193,5.0,190,195,9,0,186,193,17673,5,1,0,4,2
2020-08-23,US,Virginia,Petersburg,582,19,0,37.20530399,-77.39368102,51730.0,1856.6962291839475,3.2646048109965635,563,576,19,0,557,575,31567,6,0,0,6,1
2020-08-23,US,Virginia,Pittsylvania,641,4,0,36.81980341,-79.39731264,51143.0,1062.0671372237134,0.62402496099844,637,625,4,0,621,611,60949,16,0,0,16,14
2020-08-23,US,Virginia,Poquoson,56,0,0,37.14259351,-76.35798148,51735.0,456.3605248146035,0.0,56,53,0,0,53,53,12190,3,0,0,3,0
2020-08-23,US,Virginia,Portsmouth,2086,30,0,36.85914825,-76.35971629,51740.0,2209.7925803512785,1.4381591562799616,2056,2085,30,0,2055,2057,94632,1,0,0,1,28
2020-08-23,US,Virginia,Powhatan,178,4,0,37.55016038,-77.91267882,51145.0,600.2967759341698,2.247191011235955,174,178,4,0,174,175,29189,0,0,0,0,3
2020-08-23,US,Virginia,Prince Edward,466,11,0,37.22554789,-78.43597949,51147.0,2043.6803789141306,2.360515021459228,455,466,11,0,455,451,22950,0,0,0,0,15
2020-08-23,US,Virginia,Prince George,489,2,0,37.18497668,-77.22922187,51149.0,1274.998044481527,0.40899795501022496,487,485,2,0,483,481,38082,4,0,0,4,4
2020-08-23,US,Virginia,Prince William,10341,183,0,38.70916224,-77.48713689,51153.0,2198.645646188355,1.7696547722657383,10158,10278,182,0,10096,10187,468011,63,1,0,62,91
2020-08-23,US,Virginia,Pulaski,108,3,0,37.06474963,-80.71229738,51155.0,317.395009845123,2.7777777777777777,105,104,3,0,101,102,34066,4,0,0,4,2
2020-08-23,US,Virginia,Radford,133,0,0,37.12222899,-80.56027320000003,51750.0,728.8070579209821,0.0,133,107,0,0,107,91,18339,26,0,0,26,16
2020-08-23,US,Virginia,Rappahannock,49,2,0,38.68295619,-78.15826963,51157.0,664.8575305291723,4.081632653061225,47,48,2,0,46,48,7252,1,0,0,1,0
2020-08-23,US,Virginia,Richmond,323,4,0,37.937575,-76.72920628,51159.0,3579.7406627507485,1.238390092879257,319,323,4,0,319,326,9038,0,0,0,0,-3
2020-08-23,US,Virginia,Richmond City,3588,43,0,37.53255773,-77.47966921,51760.0,1557.0483778576267,1.1984392419175027,3545,3548,43,0,3505,3502,228783,40,0,0,40,46
2020-08-23,US,Virginia,Roanoke,552,4,0,37.26865804,-80.06396753,51161.0,586.0743634935127,0.7246376811594203,548,551,4,0,547,542,94073,1,0,0,1,9
2020-08-23,US,Virginia,Roanoke City,1123,15,0,37.27791025,-79.96189766,51770.0,1132.7073015744936,1.3357079252003559,1108,1121,15,0,1106,1122,99920,2,0,0,2,-1
2020-08-23,US,Virginia,Rockbridge,80,1,0,37.81204314,-79.44605905,51163.0,354.40570593186544,1.25,79,79,1,0,78,78,22752,1,0,0,1,1
2020-08-23,US,Virginia,Rockingham,999,20,0,38.51006137,-78.87260325,51165.0,1219.0657490115684,2.002002002002002,979,997,20,0,977,990,81244,2,0,0,2,7
2020-08-23,US,Virginia,Russell,168,4,0,36.93028320000001,-82.10095486,51167.0,631.911532385466,2.380952380952381,164,167,4,0,163,166,26748,1,0,0,1,1
2020-08-23,US,Virginia,Salem,186,3,0,37.2836193,-80.06219455,51775.0,735.1488083474961,1.6129032258064515,183,186,3,0,183,183,25643,0,0,0,0,3
2020-08-23,US,Virginia,Scott,140,3,0,36.71466456,-82.60171704,51169.0,649.1699897987572,2.142857142857143,137,136,3,0,133,136,21534,4,0,0,4,0
2020-08-23,US,Virginia,Shenandoah,758,47,0,38.85905135,-78.56813762,51171.0,1737.894350696992,6.200527704485487,711,756,47,0,709,750,43497,2,0,0,2,6
2020-08-23,US,Virginia,Smyth,219,3,0,36.84455636,-81.53344948,51173.0,727.4780760031889,1.3698630136986298,216,213,3,0,210,203,30472,6,0,0,6,10
2020-08-23,US,Virginia,Southampton,329,13,0,36.72231125,-77.10642712,51175.0,1866.031421927287,3.951367781155015,316,326,13,0,313,320,17586,3,0,0,3,6
2020-08-23,US,Virginia,Spotsylvania,1701,37,0,38.18574462,-77.655399,51177.0,1248.761149653122,2.1751910640799528,1664,1691,36,0,1655,1673,134238,10,1,0,9,18
2020-08-23,US,Virginia,Stafford,1589,10,0,38.41758738,-77.45917053,51179.0,1039.3636922593896,0.6293266205160478,1579,1579,10,0,1569,1570,149960,10,0,0,10,9
2020-08-23,US,Virginia,Staunton,165,0,0,38.15965544,-79.05979937,51790.0,661.8000962618323,0.0,165,164,0,0,164,162,24922,1,0,0,1,2
2020-08-23,US,Virginia,Suffolk,1536,59,0,36.70155394,-76.63603554,51800.0,1667.6075910887216,3.8411458333333335,1477,1521,57,0,1464,1503,91185,15,2,0,13,18
2020-08-23,US,Virginia,Surry,58,2,0,37.11781893,-76.88450012,51181.0,903.1454375583928,3.4482758620689653,56,57,2,0,55,56,6474,1,0,0,1,1
2020-08-23,US,Virginia,Sussex,324,9,0,36.92432914,-77.25791182,51183.0,2903.4859754458284,2.7777777777777777,315,322,9,0,313,319,11237,2,0,0,2,3
2020-08-23,US,Virginia,Tazewell,171,0,0,37.12191123,-81.56685568,51185.0,421.23414213573096,0.0,171,169,0,0,169,148,40855,2,0,0,2,21
2020-08-23,US,Virginia,Virginia Beach,5693,64,0,36.73285734,-76.04566934,51810.0,1265.1842106432816,1.1241875988055507,5629,5668,63,0,5605,5623,450189,25,1,0,24,45
2020-08-23,US,Virginia,Warren,386,6,0,38.90847745,-78.20280433,51187.0,961.0596554128076,1.5544041450777202,380,381,6,0,375,378,40003,5,0,0,5,3
2020-08-23,US,Virginia,Washington,311,7,0,36.72341572,-81.95666289,51191.0,578.7123185708969,2.2508038585209005,304,306,7,0,299,301,54402,5,0,0,5,5
2020-08-23,US,Virginia,Waynesboro,206,3,0,38.06451466,-78.90293905,51820.0,910.2960671674768,1.4563106796116505,203,206,3,0,203,198,22628,0,0,0,0,8
2020-08-23,US,Virginia,Westmoreland,220,3,0,38.11021557,-76.80213247,51193.0,1221.2045517624201,1.3636363636363635,217,219,3,0,216,219,17830,1,0,0,1,0
2020-08-23,US,Virginia,Williamsburg,144,6,0,37.28131268,-76.70905141,51830.0,962.9530560385181,4.166666666666667,138,141,6,0,135,141,14896,3,0,0,3,0
2020-08-23,US,Virginia,Winchester,429,4,0,39.17054517,-78.17325058,51840.0,1527.8866016098013,0.9324009324009324,425,428,4,0,424,428,28108,1,0,0,1,0
2020-08-23,US,Virginia,Wise,283,5,0,36.9746148,-82.62410519,51195.0,757.0285958858302,1.7667844522968197,278,279,5,0,274,276,38012,4,0,0,4,3
2020-08-23,US,Virginia,Wythe,139,3,0,36.91582035,-81.07834059,51197.0,484.590712592386,2.1582733812949644,136,137,3,0,134,133,28754,2,0,0,2,4
2020-08-23,US,Virginia,York,427,5,0,37.24374789,-76.54412815,51199.0,625.3661394258934,1.17096018735363,422,423,4,0,419,419,67846,4,1,0,3,4
2020-08-23,US,Washington,Adams,549,6,0,46.98299757,-118.56017340000001,53001.0,2747.3352349497072,1.0928961748633879,543,536,6,0,530,524,19759,13,0,0,13,12
2020-08-23,US,Washington,Asotin,47,2,0,46.18894415,-117.2022851,53003.0,208.1303693206979,4.25531914893617,45,46,2,0,44,45,22610,1,0,0,1,1
2020-08-23,US,Washington,Benton,3986,122,0,46.23946995,-119.51208340000001,53005.0,1950.1932579871814,3.0607124937280483,3864,3981,122,0,3859,3949,201877,5,0,0,5,32
2020-08-23,US,Washington,Chelan,1656,11,0,47.87046092,-120.6173956,53007.0,2145.077720207254,0.6642512077294686,1645,1637,11,0,1626,1592,77036,19,0,0,19,45
2020-08-23,US,Washington,Clallam,187,1,0,48.04754642,-123.92263190000001,53009.0,241.81764104951444,0.5347593582887701,186,186,1,0,185,177,76737,1,0,0,1,9
2020-08-23,US,Washington,Clark,2056,52,0,45.77568046,-122.48292040000001,53011.0,421.10351240473466,2.5291828793774314,2004,2051,52,0,1999,2028,481857,5,0,0,5,23
2020-08-23,US,Washington,Columbia,13,1,0,46.29442881,-117.9051983,53013.0,326.2233375156838,7.6923076923076925,12,13,1,0,12,13,4059,0,0,0,0,0
2020-08-23,US,Washington,Cowlitz,519,6,0,46.19074721,-122.6782231,53015.0,469.2882913023428,1.1560693641618498,513,519,6,0,513,514,108987,0,0,0,0,5
2020-08-23,US,Washington,Douglas,1112,7,0,47.7361335,-119.69293700000001,53017.0,2560.5010476870293,0.6294964028776978,1105,1103,7,0,1096,1083,42907,9,0,0,9,20
2020-08-23,US,Washington,Ferry,23,0,0,48.471143100000006,-118.5154041,53019.0,301.5602464927232,0.0,23,23,0,0,23,23,7649,0,0,0,0,0
2020-08-23,US,Washington,Franklin,3834,55,0,46.53351425,-118.9018212,53021.0,4026.3804582974517,1.4345331246739697,3779,3825,55,0,3770,3803,94347,9,0,0,9,22
2020-08-23,US,Washington,Garfield,4,0,0,46.43197502,-117.54540320000001,53023.0,179.77528089887642,0.0,4,4,0,0,4,4,2247,0,0,0,0,0
2020-08-23,US,Washington,Grant,2060,15,0,47.20753737,-119.4500749,53025.0,2107.7834508303235,0.7281553398058253,2045,2039,15,0,2024,1948,97331,21,0,0,21,91
2020-08-23,US,Washington,Grays Harbor,208,5,0,47.14003705,-123.7820567,53027.0,277.10795219887825,2.4038461538461537,203,189,5,0,184,167,73901,19,0,0,19,22
2020-08-23,US,Washington,Island,264,11,0,48.14713305,-122.5216407,53029.0,310.0738774503472,4.166666666666667,253,264,11,0,253,261,84460,0,0,0,0,3
2020-08-23,US,Washington,Jefferson,67,0,0,47.75003077,-123.56097040000002,53031.0,207.93892182117253,0.0,67,66,0,0,66,65,31729,1,0,0,1,1
2020-08-23,US,Washington,King,18662,713,0,47.49137892,-121.8346131,53033.0,828.3979541739948,3.8205980066445178,17949,18546,712,0,17834,18334,2233163,116,1,0,115,212
2020-08-23,US,Washington,Kitsap,929,8,0,47.63479026,-122.6436061,53035.0,342.20714398853664,0.8611410118406889,921,912,8,0,904,893,269805,17,0,0,17,19
2020-08-23,US,Washington,Kittitas,448,21,0,47.12521214,-120.67943899999999,53037.0,934.5989360592469,4.6875,427,448,21,0,427,447,47364,0,0,0,0,1
2020-08-23,US,Washington,Klickitat,164,3,0,45.87325839,-120.7913598,53039.0,731.3266443701227,1.8292682926829267,161,162,3,0,159,160,22107,2,0,0,2,2
2020-08-23,US,Washington,Lewis,303,4,0,46.57756476,-122.39257690000001,53041.0,375.4321186514181,1.32013201320132,299,299,4,0,295,293,79604,4,0,0,4,6
2020-08-23,US,Washington,Lincoln,31,1,0,47.57705241,-118.41943880000001,53043.0,283.3897065545296,3.2258064516129035,30,31,1,0,30,31,10740,0,0,0,0,0
2020-08-23,US,Washington,Mason,284,1,0,47.35007586,-123.1863685,53045.0,425.3534627366403,0.35211267605633795,283,280,1,0,279,271,65507,4,0,0,4,9
2020-08-23,US,Washington,Okanogan,970,6,0,48.54855019,-119.73872240000001,53047.0,2296.2384300357458,0.6185567010309279,964,956,6,0,950,946,42132,14,0,0,14,10
2020-08-23,US,Washington,Pacific,60,2,0,46.55418369,-123.7285716,53049.0,267.01081393796454,3.333333333333333,58,59,2,0,57,59,22036,1,0,0,1,0
2020-08-23,US,Washington,Pend Oreille,53,0,0,48.53234021,-117.2741804,53051.0,386.1847857767415,0.0,53,53,0,0,53,53,13602,0,0,0,0,0
2020-08-23,US,Washington,Pierce,6537,162,0,47.03892768,-122.14059579999999,53053.0,722.3364052244249,2.4782010096374485,6375,6469,159,0,6310,6383,891299,68,3,0,65,86
2020-08-23,US,Washington,San Juan,29,0,0,48.60182783,-122.96745,53055.0,164.94141735866228,0.0,29,29,0,0,29,29,17128,0,0,0,0,0
2020-08-23,US,Washington,Skagit,981,22,0,48.48171488,-121.766131,53057.0,759.2585426260596,2.2426095820591234,959,981,22,0,959,964,128206,0,0,0,0,17
2020-08-23,US,Washington,Skamania,58,1,0,46.02408726,-121.91644029999999,53059.0,480.01324174459984,1.7241379310344829,57,58,1,0,57,58,11924,0,0,0,0,0
2020-08-23,US,Washington,Snohomish,5947,206,0,48.04615983,-121.7170703,53061.0,723.4062740623514,3.463931393980158,5741,5928,206,0,5722,5897,814901,19,0,0,19,31
2020-08-23,US,Washington,Spokane,5011,123,0,47.62113146,-117.4046494,53063.0,958.4963982264661,2.4545998802634204,4888,4982,122,0,4860,4942,514631,29,1,0,28,40
2020-08-23,US,Washington,Stevens,122,1,0,48.40035475,-117.8542701,53065.0,266.8241366489513,0.819672131147541,121,122,1,0,121,120,45260,0,0,0,0,2
2020-08-23,US,Washington,Thurston,861,12,0,46.9291895,-122.82906559999999,53067.0,296.34881735826195,1.3937282229965158,849,853,12,0,841,842,286419,8,0,0,8,11
2020-08-23,US,Washington,Unassigned,251,4,0,0.0,0.0,90053.0,0.0,1.593625498007968,247,257,4,0,253,242,,-6,0,0,-6,15
2020-08-23,US,Washington,Wahkiakum,6,0,0,46.29180039999999,-123.4250831,53069.0,133.6898395721925,0.0,6,6,0,0,6,6,4426,0,0,0,0,0
2020-08-23,US,Washington,Walla Walla,695,5,0,46.23040051,-118.4775539,53071.0,1143.8446346280448,0.7194244604316546,690,692,4,0,688,684,60922,3,1,0,2,8
2020-08-23,US,Washington,Whatcom,1054,39,0,48.82227976,-121.74900179999999,53073.0,459.76610380942833,3.700189753320683,1015,1050,39,0,1011,1043,225685,4,0,0,4,7
2020-08-23,US,Washington,Whitman,155,0,0,46.90022523,-117.52417630000001,53075.0,309.35653840012776,0.0,155,144,0,0,144,128,49791,11,0,0,11,16
2020-08-23,US,Washington,Yakima,10816,235,0,46.45738486,-120.73801259999999,53077.0,4311.344784014223,2.172707100591716,10581,10796,235,0,10561,10758,251446,20,0,0,20,38
2020-08-23,US,West Virginia,Barbour,33,1,0,39.1307219,-80.00350858,54001.0,200.717717900371,3.0303030303030303,32,33,1,0,32,33,16535,0,0,0,0,0
2020-08-23,US,West Virginia,Berkeley,766,11,0,39.46704621,-78.02414609,54003.0,642.7738292034136,1.4360313315926894,755,764,11,0,753,757,117123,2,0,0,2,7
2020-08-23,US,West Virginia,Boone,127,0,0,38.01974191,-81.69888019,54005.0,591.8814372931912,0.0,127,127,0,0,127,127,21951,0,0,0,0,0
2020-08-23,US,West Virginia,Braxton,9,0,0,38.70036159,-80.72011184,54007.0,64.48377158415133,0.0,9,9,0,0,9,10,14089,0,0,0,0,-1
2020-08-23,US,West Virginia,Brooke,84,1,0,40.27367263,-80.57915332,54009.0,382.879803090387,1.1904761904761905,83,83,1,0,82,83,22203,1,0,0,1,0
2020-08-23,US,West Virginia,Cabell,487,5,0,38.42424062,-82.23855912,54011.0,529.6644733264452,1.026694045174538,482,486,5,0,481,487,93224,1,0,0,1,-1
2020-08-23,US,West Virginia,Calhoun,8,0,0,38.84315422,-81.11934872,54013.0,112.53340835560556,0.0,8,8,0,0,8,8,7254,0,0,0,0,0
2020-08-23,US,West Virginia,Clay,19,1,0,38.46231092,-81.07652217,54015.0,223.3192289609779,5.2631578947368425,18,19,1,0,18,19,8632,0,0,0,0,0
2020-08-23,US,West Virginia,Doddridge,6,0,0,39.27057157,-80.70671527,54017.0,71.02272727272727,0.0,6,6,0,0,6,6,8406,0,0,0,0,0
2020-08-23,US,West Virginia,Fayette,187,8,0,38.02974928,-81.08286634,54019.0,440.9753336791964,4.2780748663101615,179,187,8,0,179,183,43018,0,0,0,0,4
2020-08-23,US,West Virginia,Gilmer,18,0,0,38.9251277,-80.85952723,54021.0,230.09075802121947,0.0,18,18,0,0,18,18,8026,0,0,0,0,0
2020-08-23,US,West Virginia,Grant,133,5,0,39.10314817,-79.19440518,54023.0,1149.7233748271092,3.7593984962406015,128,133,5,0,128,131,11626,0,0,0,0,2
2020-08-23,US,West Virginia,Greenbrier,100,3,0,37.9463652,-80.45335881,54025.0,288.50037505048755,3.0,97,99,3,0,96,96,34786,1,0,0,1,3
2020-08-23,US,West Virginia,Hampshire,91,1,0,39.32103553,-78.60826476,54027.0,392.6645091693636,1.0989010989010992,90,91,1,0,90,91,23347,0,0,0,0,0
2020-08-23,US,West Virginia,Hancock,118,0,0,40.51943859,-80.57461608,54029.0,409.580006942034,0.0,118,116,0,0,116,116,29094,2,0,0,2,0
2020-08-23,US,West Virginia,Hardy,63,0,0,39.00683177,-78.85855301,54031.0,457.31707317073165,0.0,63,63,0,0,63,64,13775,0,0,0,0,-1
2020-08-23,US,West Virginia,Harrison,255,1,0,39.2853852,-80.37919577,54033.0,379.1483287736409,0.392156862745098,254,252,1,0,251,250,67554,3,0,0,3,2
2020-08-23,US,West Virginia,Jackson,190,19,0,38.84263974,-81.68148753,54035.0,664.8936170212768,10.0,171,188,19,0,169,182,28706,2,0,0,2,6
2020-08-23,US,West Virginia,Jefferson,322,4,0,39.30776166,-77.86014147,54037.0,563.4690092044937,1.2422360248447204,318,318,4,0,314,315,56811,4,0,0,4,3
2020-08-23,US,West Virginia,Kanawha,1214,27,0,38.33860077,-81.52857054,54039.0,681.5476858817452,2.224052718286656,1187,1194,27,0,1167,1178,180454,20,0,0,20,16
2020-08-23,US,West Virginia,Lewis,32,2,0,38.9947249,-80.49988181,54041.0,201.16929653611615,6.25,30,32,2,0,30,32,16024,0,0,0,0,0
2020-08-23,US,West Virginia,Lincoln,115,0,0,38.172154,-82.07017953,54043.0,563.4768974472047,0.0,115,115,0,0,115,116,20599,0,0,0,0,-1
2020-08-23,US,West Virginia,Logan,437,17,0,37.8299889,-81.93528571,54045.0,1364.8146413067238,3.8901601830663615,420,431,17,0,414,425,32607,6,0,0,6,6
2020-08-23,US,West Virginia,Marion,207,2,0,39.50984542,-80.24244659,54049.0,369.16821229847335,0.966183574879227,205,207,2,0,205,206,56097,0,0,0,0,1
2020-08-23,US,West Virginia,Marshall,135,1,0,39.86064362,-80.66591062,54051.0,442.17352854475786,0.7407407407407407,134,135,1,0,134,134,30785,0,0,0,0,1
2020-08-23,US,West Virginia,Mason,83,1,0,38.77071799,-82.02524219,54053.0,313.0185548348167,1.2048192771084338,82,82,1,0,81,82,26718,1,0,0,1,0
2020-08-23,US,West Virginia,McDowell,66,0,0,37.38002939,-81.65083669,54047.0,374.489332728098,0.0,66,66,0,0,66,67,18223,0,0,0,0,-1
2020-08-23,US,West Virginia,Mercer,274,21,0,37.40481169,-81.11023142,54055.0,466.3194799006093,7.664233576642336,253,272,20,0,252,264,59131,2,1,0,1,8
2020-08-23,US,West Virginia,Mineral,131,4,0,39.41561583,-78.94104895,54057.0,487.5688551436653,3.053435114503817,127,129,4,0,125,129,26940,2,0,0,2,0
2020-08-23,US,West Virginia,Mingo,213,5,0,37.73048351,-82.13338365,54059.0,909.3237704918033,2.347417840375587,208,208,5,0,203,210,23785,5,0,0,5,-2
2020-08-23,US,West Virginia,Monongalia,1053,5,0,39.63218457,-80.04766838,54061.0,997.045790251108,0.4748338081671415,1048,1040,5,0,1035,1030,106420,13,0,0,13,10
2020-08-23,US,West Virginia,Monroe,65,0,0,37.56274716,-80.54577965,54063.0,489.6421845574389,0.0,65,57,0,0,57,31,13280,8,0,0,8,26
2020-08-23,US,West Virginia,Morgan,37,0,0,39.55439028,-78.26311676,54065.0,206.8888391858645,0.0,37,37,0,0,37,37,17787,0,0,0,0,0
2020-08-23,US,West Virginia,Nicholas,42,1,0,38.29617706,-80.79759588,54067.0,171.45656433703462,2.380952380952381,41,40,1,0,39,40,24842,2,0,0,2,0
2020-08-23,US,West Virginia,Ohio,288,4,0,40.0955451,-80.62203992,54069.0,695.467387892106,1.3888888888888888,284,286,4,0,282,285,41755,2,0,0,2,1
2020-08-23,US,West Virginia,Pendleton,48,1,0,38.68314479,-79.35084086,54071.0,688.7645286267758,2.083333333333333,47,48,1,0,47,47,6997,0,0,0,0,1
2020-08-23,US,West Virginia,Pleasants,14,2,0,39.37091679,-81.16771771,54073.0,187.66756032171585,14.285714285714285,12,14,2,0,12,14,7507,0,0,0,0,0
2020-08-23,US,West Virginia,Pocahontas,42,0,0,38.32758728,-80.00993811,54075.0,509.2761004001455,0.0,42,42,0,0,42,42,8414,0,0,0,0,0
2020-08-23,US,West Virginia,Preston,134,4,0,39.46770987,-79.66712803,54077.0,400.8135917683657,2.985074626865672,130,134,4,0,130,133,33839,0,0,0,0,1
2020-08-23,US,West Virginia,Putnam,245,0,0,38.50782345,-81.9082131,54079.0,434.01240035429583,0.0,245,244,0,0,244,237,56682,1,0,0,1,7
2020-08-23,US,West Virginia,Raleigh,324,3,0,37.76936795,-81.2456041,54081.0,441.6515587301155,0.925925925925926,321,320,3,0,317,319,74254,4,0,0,4,1
2020-08-23,US,West Virginia,Randolph,220,0,0,38.769899,-79.87919615,54083.0,766.6840913051054,0.0,220,219,0,0,219,218,28823,1,0,0,1,1
2020-08-23,US,West Virginia,Ritchie,3,0,0,39.18094587,-81.06356878,54085.0,31.400460540087924,0.0,3,3,0,0,3,3,9721,0,0,0,0,0
2020-08-23,US,West Virginia,Roane,24,1,0,38.71622686,-81.35243568,54087.0,175.33606078316777,4.166666666666667,23,23,1,0,22,23,13932,1,0,0,1,0
2020-08-23,US,West Virginia,Summers,18,0,0,37.65390597,-80.86009693,54089.0,143.16392269148173,0.0,18,18,0,0,18,19,12760,0,0,0,0,-1
2020-08-23,US,West Virginia,Taylor,100,2,0,39.33602617,-80.0421439,54091.0,598.9817310572028,2.0,98,98,1,0,97,88,16862,2,1,0,1,10
2020-08-23,US,West Virginia,Tucker,11,0,0,39.11240885,-79.57053576,54093.0,160.84222839596433,0.0,11,11,0,0,11,11,6955,0,0,0,0,0
2020-08-23,US,West Virginia,Tyler,15,0,0,39.46811972,-80.88772676,54095.0,174.60132697008495,0.0,15,15,0,0,15,15,8746,0,0,0,0,0
2020-08-23,US,West Virginia,Upshur,40,0,0,38.89285061,-80.23689136,54097.0,165.45334215751157,0.0,40,40,0,0,40,41,24415,0,0,0,0,-1
2020-08-23,US,West Virginia,Wayne,226,9,0,38.14901357,-82.42287994,54099.0,573.5749454342421,3.9823008849557517,217,226,9,0,217,224,39944,0,0,0,0,2
2020-08-23,US,West Virginia,Webster,7,0,0,38.49370949,-80.4202023,54101.0,86.27064333251171,0.0,7,7,0,0,7,7,8285,0,0,0,0,0
2020-08-23,US,West Virginia,Wetzel,45,0,0,39.6065771,-80.64016540000001,54103.0,298.70560902754727,0.0,45,45,0,0,45,45,15270,0,0,0,0,0
2020-08-23,US,West Virginia,Wirt,7,0,0,39.02775007,-81.37473928,54105.0,120.25425184676172,0.0,7,7,0,0,7,7,5830,0,0,0,0,0
2020-08-23,US,West Virginia,Wood,291,5,0,39.20967886,-81.5162836,54107.0,348.42788380947815,1.718213058419244,286,289,5,0,284,290,84203,2,0,0,2,-1
2020-08-23,US,West Virginia,Wyoming,51,2,0,37.612327,-81.54511071,54109.0,250.07355104442482,3.92156862745098,49,51,2,0,49,52,20786,0,0,0,0,-1
2020-08-23,US,Wisconsin,Adams,99,2,0,43.96974651,-89.76782777,55001.0,489.61424332344217,2.0202020202020203,97,98,2,0,96,98,20348,1,0,0,1,0
2020-08-23,US,Wisconsin,Ashland,31,1,0,46.31956891,-90.67837132,55003.0,199.20318725099602,3.2258064516129035,30,30,1,0,29,30,15600,1,0,0,1,0
2020-08-23,US,Wisconsin,Barron,358,3,0,45.42372701,-91.84833627,55005.0,791.2651401290777,0.8379888268156425,355,353,3,0,350,347,45164,5,0,0,5,6
2020-08-23,US,Wisconsin,Bayfield,41,1,0,46.52868768,-91.19716729,55007.0,272.6789039638202,2.4390243902439024,40,41,1,0,40,40,15042,0,0,0,0,1
2020-08-23,US,Wisconsin,Brown,4959,57,0,44.452655299999996,-88.00411844,55009.0,1874.560561271934,1.1494252873563218,4902,4906,57,0,4849,4739,263378,53,0,0,53,167
2020-08-23,US,Wisconsin,Buffalo,52,2,0,44.37835084,-91.75332578,55011.0,399.0484229913284,3.8461538461538463,50,51,2,0,49,51,13125,1,0,0,1,0
2020-08-23,US,Wisconsin,Burnett,33,1,0,45.86303537,-92.36711412,55013.0,214.0910860256909,3.0303030303030303,32,33,1,0,32,33,15392,0,0,0,0,0
2020-08-23,US,Wisconsin,Calumet,442,2,0,44.0816316,-88.21780273,55015.0,882.4292758889177,0.4524886877828054,440,438,2,0,436,428,50159,4,0,0,4,10
2020-08-23,US,Wisconsin,Chippewa,301,0,0,45.06939744,-91.28068855,55017.0,465.5263076494789,0.0,301,293,0,0,293,293,64135,8,0,0,8,0
2020-08-23,US,Wisconsin,Clark,228,8,0,44.73483377,-90.61207486,55019.0,655.6622764134122,3.5087719298245608,220,224,8,0,216,211,34709,4,0,0,4,13
2020-08-23,US,Wisconsin,Columbia,319,2,0,43.46492199,-89.33589004,55021.0,554.4740318431482,0.6269592476489029,317,314,2,0,312,310,57358,5,0,0,5,4
2020-08-23,US,Wisconsin,Crawford,95,0,0,43.23870316,-90.93073686,55023.0,588.9281507656066,0.0,95,94,0,0,94,94,16291,1,0,0,1,0
2020-08-23,US,Wisconsin,Dane,5088,39,0,43.06601594,-89.41733797,55025.0,930.6834706737759,0.7665094339622641,5049,5053,39,0,5014,4998,542364,35,0,0,35,55
2020-08-23,US,Wisconsin,Dodge,1011,5,0,43.41576662,-88.70928178,55027.0,1150.969387174262,0.4945598417408506,1006,1001,5,0,996,993,87847,10,0,0,10,8
2020-08-23,US,Wisconsin,Door,124,3,0,44.95856458,-87.30002707,55029.0,448.17117247361574,2.419354838709677,121,123,3,0,120,123,27610,1,0,0,1,0
2020-08-23,US,Wisconsin,Douglas,239,0,0,46.43222285,-91.91595768,55031.0,553.8818076477404,0.0,239,238,0,0,238,235,43208,1,0,0,1,3
2020-08-23,US,Wisconsin,Dunn,154,0,0,44.94562799,-91.8962481,55033.0,339.4463057661788,0.0,154,153,0,0,153,152,45131,1,0,0,1,1
2020-08-23,US,Wisconsin,Eau Claire,722,6,0,44.726614,-91.28609183,55035.0,689.9451484050992,0.8310249307479224,716,706,6,0,700,699,104534,16,0,0,16,7
2020-08-23,US,Wisconsin,Florence,19,0,0,45.84963535,-88.39804137,55037.0,442.3748544819557,0.0,19,18,0,0,18,18,4321,1,0,0,1,0
2020-08-23,US,Wisconsin,Fond du Lac,942,9,0,43.75354908,-88.48885325,55039.0,910.9987137703937,0.9554140127388536,933,905,9,0,896,868,103066,37,0,0,37,37
2020-08-23,US,Wisconsin,Forest,64,4,0,45.66678019,-88.77084892,55041.0,710.7952021323856,6.25,60,64,4,0,60,63,8991,0,0,0,0,1
2020-08-23,US,Wisconsin,Grant,420,16,0,42.8671731,-90.7063218,55043.0,816.5010983883824,3.809523809523809,404,419,16,0,403,414,51554,1,0,0,1,5
2020-08-23,US,Wisconsin,Green,249,1,0,42.6794956,-89.60243287,55045.0,673.7012987012987,0.4016064257028112,248,247,1,0,246,235,36929,2,0,0,2,12
2020-08-23,US,Wisconsin,Green Lake,76,0,0,43.80025981,-89.04679553,55047.0,401.8400042298948,0.0,76,74,0,0,74,68,18918,2,0,0,2,6
2020-08-23,US,Wisconsin,Iowa,109,0,0,43.00050278,-90.13469017,55049.0,460.3429343694569,0.0,109,107,0,0,107,107,23771,2,0,0,2,0
2020-08-23,US,Wisconsin,Iron,108,1,0,46.26302338,-90.24295041,55051.0,1899.0680499384562,0.925925925925926,107,106,1,0,105,100,5676,2,0,0,2,6
2020-08-23,US,Wisconsin,Jackson,71,1,0,44.31864893,-90.80566792,55053.0,343.9422564549726,1.4084507042253518,70,70,1,0,69,66,20478,1,0,0,1,4
2020-08-23,US,Wisconsin,Jefferson,819,6,0,43.02054068,-88.77529134,55055.0,966.1550802769881,0.7326007326007326,813,812,6,0,806,801,85129,7,0,0,7,11
2020-08-23,US,Wisconsin,Juneau,171,1,0,43.92456975,-90.11120239,55057.0,640.761419417694,0.5847953216374269,170,169,1,0,168,163,26617,2,0,0,2,6
2020-08-23,US,Wisconsin,Kenosha,2873,61,0,42.57639354,-88.04051686,55059.0,1694.3754754925956,2.123216150365472,2812,2871,61,0,2810,2852,169290,2,0,0,2,19
2020-08-23,US,Wisconsin,Kewaunee,156,2,0,44.51727459,-87.61468386,55061.0,763.4334931976117,1.2820512820512822,154,156,2,0,154,153,20383,0,0,0,0,3
2020-08-23,US,Wisconsin,La Crosse,1038,1,0,43.90632465,-91.11451093,55063.0,879.5417570498915,0.09633911368015416,1037,1030,1,0,1029,1016,118230,8,0,0,8,14
2020-08-23,US,Wisconsin,Lafayette,181,0,0,42.66005229,-90.1317729,55065.0,1086.1086108610862,0.0,181,180,0,0,180,180,16665,1,0,0,1,0
2020-08-23,US,Wisconsin,Langlade,76,2,0,45.26271619,-89.07483625,55067.0,396.0602428474647,2.631578947368421,74,76,2,0,74,76,19268,0,0,0,0,0
2020-08-23,US,Wisconsin,Lincoln,76,1,0,45.33737523,-89.73411273,55069.0,275.4321748269489,1.3157894736842106,75,75,1,0,74,74,27689,1,0,0,1,1
2020-08-23,US,Wisconsin,Manitowoc,452,1,0,44.11946801,-87.80928853,55071.0,572.2895379901495,0.22123893805309736,451,446,1,0,445,436,79074,6,0,0,6,10
2020-08-23,US,Wisconsin,Marathon,731,13,0,44.89792533,-89.75863384,55073.0,538.7200424490759,1.7783857729138166,718,722,13,0,709,720,135428,9,0,0,9,2
2020-08-23,US,Wisconsin,Marinette,563,6,0,45.38553432,-88.03324599999998,55075.0,1395.2912019826513,1.0657193605683837,557,558,6,0,552,542,40434,5,0,0,5,16
2020-08-23,US,Wisconsin,Marquette,82,1,0,43.81911946,-89.40073763,55077.0,526.5185565686402,1.2195121951219512,81,82,1,0,81,81,15434,0,0,0,0,1
2020-08-23,US,Wisconsin,Menominee,28,0,0,45.00422544,-88.70950714,55078.0,614.5741878841087,0.0,28,28,0,0,28,28,4658,0,0,0,0,0
2020-08-23,US,Wisconsin,Milwaukee,23209,479,0,43.00486062,-87.96733172,55079.0,2454.0934689328624,2.063854539187384,22730,23144,479,0,22665,22960,948201,65,0,0,65,184
2020-08-23,US,Wisconsin,Monroe,266,2,0,43.94641218,-90.61881899999999,55081.0,575.0978314920112,0.7518796992481203,264,265,2,0,263,261,46051,1,0,0,1,4
2020-08-23,US,Wisconsin,Oconto,358,1,0,45.02715345,-88.26807503,55083.0,943.8439230160823,0.2793296089385475,357,353,1,0,352,341,37830,5,0,0,5,12
2020-08-23,US,Wisconsin,Oneida,192,0,0,45.70677897,-89.51944105,55085.0,539.4016013485041,0.0,192,191,0,0,191,190,35470,1,0,0,1,1
2020-08-23,US,Wisconsin,Outagamie,1550,17,0,44.41578887,-88.46565023,55087.0,824.972722676105,1.0967741935483872,1533,1537,17,0,1520,1507,187365,13,0,0,13,30
2020-08-23,US,Wisconsin,Ozaukee,853,18,0,43.38352225,-87.94625009,55089.0,956.0529471761133,2.1101992966002343,835,840,18,0,822,830,89147,13,0,0,13,10
2020-08-23,US,Wisconsin,Pepin,46,0,0,44.58307413,-91.99949611,55091.0,631.2611499931385,0.0,46,46,0,0,46,46,7289,0,0,0,0,0
2020-08-23,US,Wisconsin,Pierce,270,4,0,44.71850291,-92.4224416,55093.0,631.5198577910837,1.4814814814814814,266,266,4,0,262,261,42555,4,0,0,4,5
2020-08-23,US,Wisconsin,Polk,156,2,0,45.46130348,-92.44182875,55095.0,356.30267455405067,1.2820512820512822,154,153,2,0,151,152,43598,3,0,0,3,1
2020-08-23,US,Wisconsin,Portage,507,0,0,44.47558711,-89.50152965,55097.0,716.3850110213077,0.0,507,505,0,0,505,497,70942,2,0,0,2,8
2020-08-23,US,Wisconsin,Price,33,0,0,45.68051754,-90.36098879999999,55099.0,247.17249644221405,0.0,33,33,0,0,33,33,13397,0,0,0,0,0
2020-08-23,US,Wisconsin,Racine,3840,85,0,42.74753117,-88.05941254,55101.0,1956.0798936381561,2.2135416666666665,3755,3826,85,0,3741,3794,196584,14,0,0,14,32
2020-08-23,US,Wisconsin,Richland,41,4,0,43.3762778,-90.43012729,55103.0,237.65360537908646,9.75609756097561,37,41,4,0,37,40,17377,0,0,0,0,1
2020-08-23,US,Wisconsin,Rock,1560,26,0,42.67151616,-89.07147900000002,55105.0,954.9812064595908,1.6666666666666667,1534,1554,26,0,1528,1535,163129,6,0,0,6,19
2020-08-23,US,Wisconsin,Rusk,23,1,0,45.47498854,-91.1333012,55107.0,162.2231626463535,4.3478260869565215,22,23,1,0,22,22,14147,0,0,0,0,1
2020-08-23,US,Wisconsin,Sauk,588,3,0,43.42574087,-89.94966132,55111.0,912.4484032152943,0.5102040816326531,585,569,3,0,566,560,64249,19,0,0,19,9
2020-08-23,US,Wisconsin,Sawyer,142,0,0,45.87931905,-91.14504927,55113.0,857.5914965575553,0.0,142,140,0,0,140,134,16489,2,0,0,2,6
2020-08-23,US,Wisconsin,Shawano,231,0,0,44.78902246,-88.76443896,55115.0,564.8059854764175,0.0,231,229,0,0,229,228,40796,2,0,0,2,1
2020-08-23,US,Wisconsin,Sheboygan,933,8,0,43.72099677,-87.94579284,55117.0,808.9127796081151,0.857449088960343,925,929,8,0,921,917,115456,4,0,0,4,12
2020-08-23,US,Wisconsin,St. Croix,590,6,0,45.03437474,-92.45000068,55109.0,650.5893898794758,1.0169491525423728,584,574,6,0,568,562,89694,16,0,0,16,12
2020-08-23,US,Wisconsin,Taylor,83,3,0,45.21179252,-90.5004405,55119.0,408.0027527896573,3.614457831325301,80,81,3,0,78,79,20412,2,0,0,2,2
2020-08-23,US,Wisconsin,Trempealeau,395,2,0,44.30360275,-91.35893614,55121.0,1332.2540389220544,0.5063291139240507,393,395,2,0,393,392,29442,0,0,0,0,3
2020-08-23,US,Wisconsin,Vernon,86,0,0,43.59422667,-90.8324691,55123.0,279.0214781649471,0.0,86,86,0,0,86,84,30785,0,0,0,0,2
2020-08-23,US,Wisconsin,Vilas,90,0,0,46.05467334,-89.51719204,55125.0,405.4967334985357,0.0,90,89,0,0,89,88,21938,1,0,0,1,1
2020-08-23,US,Wisconsin,Walworth,1591,25,0,42.66858202,-88.54163073,55127.0,1531.751838872415,1.5713387806411063,1566,1591,25,0,1566,1573,103718,0,0,0,0,18
2020-08-23,US,Wisconsin,Washburn,55,0,0,45.89838588,-91.79050449,55129.0,349.8727735368957,0.0,55,55,0,0,55,53,15878,0,0,0,0,2
2020-08-23,US,Wisconsin,Washington,1458,26,0,43.36863664,-88.22974712,55131.0,1071.790875810459,1.7832647462277091,1432,1441,26,0,1415,1403,135693,17,0,0,17,38
2020-08-23,US,Wisconsin,Waukesha,5213,70,0,43.01833055,-88.30431188,55133.0,1289.7144468799945,1.3427968540187991,5143,5213,70,0,5143,5138,403072,0,0,0,0,75
2020-08-23,US,Wisconsin,Waupaca,592,17,0,44.47068056,-88.96534501,55135.0,1161.0119631300254,2.871621621621621,575,580,17,0,563,571,51128,12,0,0,12,9
2020-08-23,US,Wisconsin,Waushara,133,1,0,44.11324419,-89.24317107,55137.0,544.1230618172892,0.7518796992481203,132,133,1,0,132,132,24263,0,0,0,0,1
2020-08-23,US,Wisconsin,Winnebago,1361,20,0,44.06886922,-88.64477096,55139.0,791.7071439790117,1.4695077149155034,1341,1350,20,0,1330,1335,171020,11,0,0,11,15
2020-08-23,US,Wisconsin,Wood,417,2,0,44.45537896,-90.04158336,55141.0,571.2407019274236,0.4796163069544365,415,413,2,0,411,406,73055,4,0,0,4,7
2020-08-23,US,Wyoming,Albany,127,0,0,41.65498705,-105.72354150000001,56001.0,326.64609053497935,0.0,127,125,0,0,125,126,38601,2,0,0,2,-1
2020-08-23,US,Wyoming,Big Horn,38,0,0,44.52405055,-107.9960365,56003.0,322.30703986429177,0.0,38,38,0,0,38,38,11881,0,0,0,0,0
2020-08-23,US,Wyoming,Campbell,162,0,0,44.24886082,-105.54744040000001,56005.0,349.58244319285296,0.0,162,161,0,0,161,156,46140,1,0,0,1,5
2020-08-23,US,Wyoming,Carbon,184,0,0,41.69357844,-106.9326084,56007.0,1243.2432432432433,0.0,184,183,0,0,183,182,14971,1,0,0,1,1
2020-08-23,US,Wyoming,Converse,36,0,0,42.97272268,-105.5081848,56009.0,260.4543481406453,0.0,36,35,0,0,35,35,13640,1,0,0,1,0
2020-08-23,US,Wyoming,Crook,13,0,0,44.58855102,-104.56977049999999,56011.0,171.41350210970464,0.0,13,13,0,0,13,13,7450,0,0,0,0,0
2020-08-23,US,Wyoming,Fremont,572,0,0,43.04183996,-108.6296893,56013.0,1456.9165329461807,0.0,572,569,0,0,569,568,39531,3,0,0,3,1
2020-08-23,US,Wyoming,Goshen,44,0,0,42.08798185,-104.3534743,56015.0,333.0557868442964,0.0,44,40,0,0,40,40,13376,4,0,0,4,0
2020-08-23,US,Wyoming,Hot Springs,27,0,0,43.71930657,-108.44231740000001,56017.0,611.8286879673692,0.0,27,26,0,0,26,26,4555,1,0,0,1,0
2020-08-23,US,Wyoming,Johnson,27,1,0,44.04057166,-106.58451740000001,56019.0,319.7158081705151,3.703703703703704,26,27,1,0,26,26,8460,0,0,0,0,1
2020-08-23,US,Wyoming,Laramie,541,0,0,41.30702520000001,-104.6887497,56021.0,543.7185929648241,0.0,541,539,0,0,539,538,98976,2,0,0,2,1
2020-08-23,US,Wyoming,Lincoln,107,0,0,42.26376367,-110.6563997,56023.0,539.5864851235502,0.0,107,107,0,0,107,107,19434,0,0,0,0,0
2020-08-23,US,Wyoming,Natrona,267,0,0,42.96180148,-106.79788500000001,56025.0,334.3434596408625,0.0,267,264,0,0,264,261,79115,3,0,0,3,3
2020-08-23,US,Wyoming,Niobrara,2,0,0,43.05607708,-104.47588959999999,56027.0,84.88964346349746,0.0,2,2,0,0,2,2,2388,0,0,0,0,0
2020-08-23,US,Wyoming,Park,158,0,0,44.52157546,-109.58528249999999,56029.0,541.2070973487703,0.0,158,156,0,0,156,156,29324,2,0,0,2,0
2020-08-23,US,Wyoming,Platte,7,0,0,42.13299116,-104.96633100000001,56031.0,83.40283569641367,0.0,7,7,0,0,7,7,8566,0,0,0,0,0
2020-08-23,US,Wyoming,Sheridan,117,0,0,44.79048913,-106.8862389,56033.0,383.7953091684435,0.0,117,113,0,0,113,112,30233,4,0,0,4,1
2020-08-23,US,Wyoming,Sublette,48,0,0,42.76558279,-109.91309220000001,56035.0,488.2514494964907,0.0,48,46,0,0,46,44,9813,2,0,0,2,2
2020-08-23,US,Wyoming,Sweetwater,290,0,0,41.65943896,-108.8827882,56037.0,684.8829794771273,0.0,290,290,0,0,290,288,43051,0,0,0,0,2
2020-08-23,US,Wyoming,Teton,409,0,0,43.93522482,-110.5890801,56039.0,1743.0958063416297,0.0,409,401,0,0,401,399,23081,8,0,0,8,2
2020-08-23,US,Wyoming,Uinta,283,0,0,41.2878183,-110.54757820000002,56041.0,1399.189162464155,0.0,283,283,0,0,283,283,20299,0,0,0,0,0
2020-08-23,US,Wyoming,Unassigned,0,36,0,0.0,0.0,90056.0,0.0,0.0,-36,0,36,0,-36,0,,0,0,0,0,0
2020-08-23,US,Wyoming,Washakie,108,0,0,43.90451606,-107.68018700000002,56043.0,1383.7283792440744,0.0,108,107,0,0,107,106,7885,1,0,0,1,1
2020-08-23,US,Wyoming,Weston,11,0,0,43.83961191,-104.56748809999999,56045.0,158.79890284394398,0.0,11,11,0,0,11,11,6967,0,0,0,0,0
