Date,Country/Region,Province/State,Admin2,Confirmed,Deaths,Recovered,Latitude,Longitude,FIPS,Incidence_Rate,Case-Fatality_Ratio,Active Cases,Previous Confirmed,Previous Deaths,Previous Recovered,Previous Active,Prev2 Confirmed,Population,Daily Confirmed,Daily Deaths,Daily Recovered,Daily Active,Previous Daily Confirmed
2020-08-08,US,Alabama,Autauga,1086,21,0,32.53952745,-86.64408227,1001.0,1943.8328948074961,1.9337016574585637,1065,1065,21,0,1044,1050,55601,21,0,0,21,15
2020-08-08,US,Alabama,Baldwin,3502,24,0,30.72774991,-87.72207058,1003.0,1568.7574473422508,0.6853226727584237,3478,3443,23,0,3420,3380,218022,59,1,0,58,63
2020-08-08,US,Alabama,Barbour,573,5,0,31.868263,-85.3871286,1005.0,2321.1536903508068,0.8726003490401396,568,569,5,0,564,565,24881,4,0,0,4,4
2020-08-08,US,Alabama,Bibb,426,5,0,32.99642064,-87.12511459999996,1007.0,1902.2952576583014,1.1737089201877935,421,416,4,0,412,413,22400,10,1,0,9,3
2020-08-08,US,Alabama,Blount,788,4,0,33.98210918,-86.56790593,1009.0,1362.7088161034828,0.5076142131979695,784,774,3,0,771,759,57840,14,1,0,13,15
2020-08-08,US,Alabama,Bullock,463,11,0,32.10030533,-85.71265535,1011.0,4583.7045837045835,2.3758099352051842,452,454,11,0,443,450,10138,9,0,0,9,4
2020-08-08,US,Alabama,Butler,758,36,0,31.75300095,-86.68057478,1013.0,3897.573015220074,4.749340369393139,722,759,35,0,724,756,19680,-1,1,0,-2,3
2020-08-08,US,Alabama,Calhoun,1761,13,0,33.77483727,-85.82630386,1015.0,1550.107829761014,0.7382169222032936,1748,1704,13,0,1691,1672,114277,57,0,0,57,32
2020-08-08,US,Alabama,Chambers,840,38,0,32.91360079,-85.39072749,1017.0,2526.011908341853,4.523809523809524,802,835,38,0,797,835,33615,5,0,0,5,0
2020-08-08,US,Alabama,Cherokee,270,7,0,34.17805983,-85.60638968,1019.0,1030.6917086578103,2.592592592592593,263,263,7,0,256,258,26032,7,0,0,7,5
2020-08-08,US,Alabama,Chilton,788,6,0,32.85044126,-86.7173256,1021.0,1773.656252813541,0.7614213197969543,782,767,6,0,761,745,44153,21,0,0,21,22
2020-08-08,US,Alabama,Choctaw,281,12,0,32.02227341,-88.26564429999998,1023.0,2232.1073953451432,4.270462633451957,269,279,12,0,267,277,12841,2,0,0,2,2
2020-08-08,US,Alabama,Clarke,662,9,0,31.68099859,-87.83548597,1025.0,2802.4722716112105,1.3595166163141994,653,496,9,0,487,494,23920,166,0,0,166,2
2020-08-08,US,Alabama,Clay,252,5,0,33.26984193,-85.85836077,1027.0,1904.042312051379,1.984126984126984,247,249,5,0,244,237,13275,3,0,0,3,12
2020-08-08,US,Alabama,Cleburne,126,1,0,33.67679204,-85.52005899,1029.0,845.0704225352112,0.7936507936507936,125,125,1,0,124,125,14987,1,0,0,1,0
2020-08-08,US,Alabama,Coffee,756,6,0,31.39932826,-85.98901039,1031.0,1444.346796071988,0.7936507936507936,750,747,5,0,742,736,51909,9,1,0,8,11
2020-08-08,US,Alabama,Colbert,1171,13,0,34.69847452,-87.80168544,1033.0,2119.80232074003,1.1101622544833476,1158,1156,13,0,1143,1141,54762,15,0,0,15,15
2020-08-08,US,Alabama,Conecuh,388,10,0,31.43401703,-86.99320044,1035.0,3215.3807905858953,2.5773195876288657,378,382,10,0,372,378,12277,6,0,0,6,4
2020-08-08,US,Alabama,Coosa,101,2,0,32.93690146,-86.24847739,1037.0,947.2006002063208,1.98019801980198,99,101,2,0,99,101,10715,0,0,0,0,0
2020-08-08,US,Alabama,Covington,734,20,0,31.247785399999998,-86.45050893,1039.0,1981.1600852924505,2.7247956403269757,714,726,20,0,706,716,36986,8,0,0,8,10
2020-08-08,US,Alabama,Crenshaw,314,3,0,31.72941803,-86.31593104,1041.0,2279.988382224804,0.9554140127388536,311,313,3,0,310,312,13824,1,0,0,1,1
2020-08-08,US,Alabama,Cullman,1220,12,0,34.13020303,-86.86888037,1043.0,1456.4033998662976,0.9836065573770492,1208,1201,12,0,1189,1189,83442,19,0,0,19,12
2020-08-08,US,Alabama,Dale,827,23,0,31.43037123,-85.61095742,1045.0,1681.8514601805905,2.7811366384522365,804,823,23,0,800,802,48956,4,0,0,4,21
2020-08-08,US,Alabama,Dallas,1318,23,0,32.32688101,-87.10866709999998,1047.0,3543.391762555113,1.7450682852807284,1295,1311,23,0,1288,1305,38310,7,0,0,7,6
2020-08-08,US,Alabama,DeKalb,1798,13,0,34.45946862,-85.80782906,1049.0,2514.2281822885348,0.7230255839822024,1785,1771,13,0,1758,1745,71385,27,0,0,27,26
2020-08-08,US,Alabama,Elmore,1715,38,0,32.59785413,-86.14415284,1051.0,2111.83489514709,2.2157434402332363,1677,1694,38,0,1656,1672,81887,21,0,0,21,22
2020-08-08,US,Alabama,Escambia,1075,16,0,31.1256789,-87.15918694,1053.0,2934.512597930828,1.4883720930232558,1059,1054,16,0,1038,1044,36748,21,0,0,21,10
2020-08-08,US,Alabama,Etowah,2104,31,0,34.04567266,-86.04051873,1055.0,2057.339539249814,1.4733840304182508,2073,2075,30,0,2045,2041,102501,29,1,0,28,34
2020-08-08,US,Alabama,Fayette,204,5,0,33.72076938,-87.73886638,1057.0,1251.3801987486195,2.4509803921568634,199,198,5,0,193,183,16433,6,0,0,6,15
2020-08-08,US,Alabama,Franklin,1270,20,0,34.44235334,-87.84289505,1059.0,4049.486639882661,1.5748031496062993,1250,1258,20,0,1238,1238,31363,12,0,0,12,20
2020-08-08,US,Alabama,Geneva,257,0,0,31.09389027,-85.83572839,1061.0,978.2650070419853,0.0,257,255,0,0,255,248,26314,2,0,0,2,7
2020-08-08,US,Alabama,Greene,250,11,0,32.85504247,-87.95684022,1063.0,3082.2340032055235,4.4,239,250,11,0,239,249,8233,0,0,0,0,1
2020-08-08,US,Alabama,Hale,473,26,0,32.76039258,-87.63284988,1065.0,3228.4485700634773,5.496828752642706,447,467,26,0,441,464,14726,6,0,0,6,3
2020-08-08,US,Alabama,Henry,259,3,0,31.51148016,-85.24267944,1067.0,1505.3763440860214,1.1583011583011582,256,252,3,0,249,249,17209,7,0,0,7,3
2020-08-08,US,Alabama,Houston,1386,12,0,31.15197924,-85.29939599,1069.0,1309.0043633478779,0.8658008658008658,1374,1364,12,0,1352,1348,104722,22,0,0,22,16
2020-08-08,US,Alabama,Jackson,968,4,0,34.78144169,-85.99750489,1071.0,1875.0242126060518,0.4132231404958678,964,945,4,0,941,924,51736,23,0,0,23,21
2020-08-08,US,Alabama,Jefferson,12969,243,0,33.55554728,-86.89506300000002,1073.0,1969.2577740053118,1.8736988202637055,12726,12743,242,0,12501,12486,659300,226,1,0,225,257
2020-08-08,US,Alabama,Lamar,220,2,0,33.77995024,-88.09668032,1075.0,1593.6254980079682,0.9090909090909092,218,217,2,0,215,212,13844,3,0,0,3,5
2020-08-08,US,Alabama,Lauderdale,1157,17,0,34.90171875,-87.65624729,1077.0,1247.721856161503,1.4693171996542782,1140,1139,17,0,1122,1123,92387,18,0,0,18,16
2020-08-08,US,Alabama,Lawrence,348,1,0,34.52041498,-87.31069453,1079.0,1056.9797108492285,0.28735632183908044,347,344,1,0,343,332,32957,4,0,0,4,12
2020-08-08,US,Alabama,Lee,2660,45,0,32.60154883,-85.35132246,1081.0,1616.6085254828556,1.6917293233082706,2615,2628,44,0,2584,2588,163941,32,1,0,31,40
2020-08-08,US,Alabama,Limestone,1318,13,0,34.81185586,-86.98310072,1083.0,1332.4571601880402,0.9863429438543247,1305,1284,13,0,1271,1261,96174,34,0,0,34,23
2020-08-08,US,Alabama,Lowndes,571,24,0,32.1597283,-86.65158371,1085.0,5870.861608060868,4.203152364273205,547,567,24,0,543,567,9974,4,0,0,4,0
2020-08-08,US,Alabama,Macon,334,14,0,32.38759944,-85.69267724,1087.0,1848.5720611025013,4.1916167664670665,320,332,13,0,319,320,18439,2,1,0,1,12
2020-08-08,US,Alabama,Madison,5314,33,0,34.76327133,-86.55069633,1089.0,1425.0125365705842,0.6210011290929621,5281,5250,30,0,5220,5161,366519,64,3,0,61,89
2020-08-08,US,Alabama,Marengo,553,15,0,32.24767634,-87.78796182,1091.0,2931.665164607963,2.7124773960217,538,546,14,0,532,536,19066,7,1,0,6,10
2020-08-08,US,Alabama,Marion,570,24,0,34.13697363,-87.88704173,1093.0,1918.610522064021,4.2105263157894735,546,567,24,0,543,562,29763,3,0,0,3,5
2020-08-08,US,Alabama,Marshall,3130,35,0,34.36975964,-86.30486727,1095.0,3234.339802012937,1.1182108626198084,3095,3090,34,0,3056,3060,96109,40,1,0,39,30
2020-08-08,US,Alabama,Mobile,9836,206,0,30.78472347,-88.20842409,1097.0,2380.3876963287435,2.094347295648637,9630,9565,206,0,9359,9420,413757,271,0,0,271,145
2020-08-08,US,Alabama,Monroe,419,4,0,31.56729412,-87.36995001,1099.0,2020.9328124246372,0.9546539379474941,415,415,4,0,411,408,21067,4,0,0,4,7
2020-08-08,US,Alabama,Montgomery,6609,148,0,32.2206831,-86.20969272,1101.0,2918.061160513233,2.239370555303374,6461,6521,148,0,6373,6449,225763,88,0,0,88,72
2020-08-08,US,Alabama,Morgan,2369,18,0,34.45500589,-86.85475946,1103.0,1979.4617267858189,0.7598142676234698,2351,2330,17,0,2313,2295,119089,39,1,0,38,35
2020-08-08,US,Alabama,Perry,440,4,0,32.64048341,-87.29770589,1105.0,4931.076992043036,0.9090909090909092,436,436,4,0,432,436,9140,4,0,0,4,0
2020-08-08,US,Alabama,Pickens,392,9,0,33.28094866,-88.08818103,1107.0,1966.884094330156,2.295918367346939,383,384,9,0,375,377,19938,8,0,0,8,7
2020-08-08,US,Alabama,Pike,703,7,0,31.80396383,-85.9408295,1109.0,2122.96913692094,0.9957325746799432,696,690,7,0,683,687,33338,13,0,0,13,3
2020-08-08,US,Alabama,Randolph,396,10,0,33.29526734,-85.45708831,1111.0,1742.8043306047002,2.525252525252525,386,394,10,0,384,394,22725,2,0,0,2,0
2020-08-08,US,Alabama,Russell,1358,2,0,32.28725256,-85.18415324,1113.0,2342.954745432273,0.14727540500736375,1356,1342,2,0,1340,1277,57781,16,0,0,16,65
2020-08-08,US,Alabama,Shelby,3260,35,0,33.26879845,-86.66232561,1117.0,1497.4598304103774,1.0736196319018405,3225,3201,33,0,3168,3164,215707,59,2,0,57,37
2020-08-08,US,Alabama,St. Clair,1328,17,0,33.71902176,-86.31029372,1115.0,1483.5999642506033,1.2801204819277108,1311,1310,16,0,1294,1289,88690,18,1,0,17,21
2020-08-08,US,Alabama,Sumter,360,18,0,32.59117397,-88.19916205,1119.0,2896.9180011265794,5.0,342,362,18,0,344,360,12691,-2,0,0,-2,2
2020-08-08,US,Alabama,Talladega,1009,13,0,33.37823223,-86.16886178,1121.0,1261.5969391582685,1.288404360753221,996,986,13,0,973,967,79828,23,0,0,23,19
2020-08-08,US,Alabama,Tallapoosa,854,79,0,32.86698258,-85.79833053,1123.0,2115.5894666435456,9.250585480093676,775,849,79,0,770,841,40497,5,0,0,5,8
2020-08-08,US,Alabama,Tuscaloosa,4190,73,0,33.28726072,-87.52556818,1125.0,2001.3852069451407,1.7422434367541766,4117,4103,71,0,4032,4057,208911,87,2,0,85,46
2020-08-08,US,Alabama,Unassigned,3560,61,0,0.0,0.0,90001.0,0.0,1.7134831460674158,3499,3474,61,0,3413,3190,,86,0,0,86,284
2020-08-08,US,Alabama,Walker,1520,64,0,33.80270512,-87.30027177,1127.0,2392.9094315265816,4.2105263157894735,1456,1502,64,0,1438,1498,63711,18,0,0,18,4
2020-08-08,US,Alabama,Washington,386,12,0,31.4092794,-88.20689944,1129.0,2364.32684062232,3.1088082901554404,374,327,12,0,315,320,16378,59,0,0,59,7
2020-08-08,US,Alabama,Wilcox,426,10,0,31.98773215,-87.30891118,1131.0,4106.81577171503,2.347417840375587,416,418,10,0,408,414,10627,8,0,0,8,4
2020-08-08,US,Alabama,Winston,450,11,0,34.15030532,-87.37325922,1133.0,1904.439459985611,2.4444444444444446,439,444,11,0,433,440,23660,6,0,0,6,4
2020-08-08,US,Alaska,Aleutians East,2,0,0,55.32222414,-161.9722021,2013.0,59.93407252022774,0.0,2,2,0,0,2,2,3515,0,0,0,0,0
2020-08-08,US,Alaska,Aleutians West,4,0,0,52.3233,-174.1596,2016.0,70.99751508697194,0.0,4,4,0,0,4,4,5723,0,0,0,0,0
2020-08-08,US,Alaska,Anchorage,2100,14,0,61.14998174,-149.14269860000005,2020.0,729.1666666666665,0.6666666666666666,2086,2043,13,0,2030,2016,291538,57,1,0,56,27
2020-08-08,US,Alaska,Bethel,22,0,0,60.90980451,-159.8561831,2050.0,119.65626019797672,0.0,22,22,0,0,22,22,18216,0,0,0,0,0
2020-08-08,US,Alaska,Bristol Bay,9,0,0,58.74513976,-156.701064,2060.0,1076.5550239234449,0.0,9,9,0,0,9,7,877,0,0,0,0,2
2020-08-08,US,Alaska,Denali,1,0,0,63.67264044,-150.0076108,2068.0,47.687172150691474,0.0,1,1,0,0,1,1,2059,0,0,0,0,0
2020-08-08,US,Alaska,Dillingham,1,0,0,59.79603738,-158.23819419999995,2070.0,20.34174125305126,0.0,1,1,0,0,1,1,5000,0,0,0,0,0
2020-08-08,US,Alaska,Fairbanks North Star,431,5,0,64.80726247,-146.5692662,2090.0,445.0226641472808,1.160092807424594,426,428,5,0,423,420,98971,3,0,0,3,8
2020-08-08,US,Alaska,Haines,4,0,0,59.09893571,-135.4679843,2100.0,158.10276679841897,0.0,4,4,0,0,4,4,2474,0,0,0,0,0
2020-08-08,US,Alaska,Juneau,101,1,0,58.45031811,-134.200436,2110.0,315.88165384374804,0.99009900990099,100,98,1,0,97,95,32113,3,0,0,3,3
2020-08-08,US,Alaska,Kenai Peninsula,316,2,0,60.24429722,-151.53888840000005,2122.0,538.2571370171016,0.6329113924050633,314,312,2,0,310,308,58533,4,0,0,4,4
2020-08-08,US,Alaska,Ketchikan Gateway,37,0,0,55.57445008,-130.975561,2130.0,266.1679015898137,0.0,37,37,0,0,37,37,13918,0,0,0,0,0
2020-08-08,US,Alaska,Kodiak Island,6,0,0,57.65529415,-153.7493579,2150.0,46.16094783812894,0.0,6,7,0,0,7,6,13345,-1,0,0,-1,1
2020-08-08,US,Alaska,Kusilvak,6,0,0,62.15429159999999,-163.39678830000003,2158.0,72.1674284339668,0.0,6,6,0,0,6,6,8303,0,0,0,0,0
2020-08-08,US,Alaska,Matanuska-Susitna,324,2,0,62.31305045,-149.5741743,2170.0,299.12202147400683,0.6172839506172839,322,318,2,0,316,315,107610,6,0,0,6,3
2020-08-08,US,Alaska,Nome,19,0,0,64.90320724,-164.0353804,2180.0,189.92403038784485,0.0,19,19,0,0,19,19,10008,0,0,0,0,0
2020-08-08,US,Alaska,North Slope,18,0,0,69.31479216,-153.4836093,2185.0,183.0756712774613,0.0,18,16,0,0,16,16,9872,2,0,0,2,0
2020-08-08,US,Alaska,Northwest Arctic,39,0,0,67.04919196,-159.7503946,2188.0,511.74386563443113,0.0,39,40,0,0,40,39,7671,-1,0,0,-1,1
2020-08-08,US,Alaska,Petersburg,6,1,0,57.13978948,-132.9540995,2195.0,183.71096142069808,16.666666666666668,5,6,1,0,5,6,3221,0,0,0,0,0
2020-08-08,US,Alaska,Prince of Wales-Hyder,8,0,0,55.76261984,-133.0511621,2198.0,128.96985329679188,0.0,8,8,0,0,8,7,6422,0,0,0,0,1
2020-08-08,US,Alaska,Sitka,26,0,0,57.24124555,-135.3206587,2220.0,306.13446367596845,0.0,26,25,0,0,25,25,8647,1,0,0,1,0
2020-08-08,US,Alaska,Southeast Fairbanks,16,0,0,63.87692095,-143.2127643,2240.0,232.11954156390541,0.0,16,16,0,0,16,15,6918,0,0,0,0,1
2020-08-08,US,Alaska,Valdez-Cordova,50,0,0,61.47502768,-144.7126799,2261.0,543.3601391001956,0.0,50,49,0,0,49,49,9164,1,0,0,1,0
2020-08-08,US,Alaska,Wrangell,9,0,0,56.3202004,-132.05837309999998,2275.0,359.71223021582733,0.0,9,9,0,0,9,8,2503,0,0,0,0,1
2020-08-08,US,Alaska,Yakutat,7,0,0,59.890980799999994,-140.36014509999998,2282.0,1208.9810017271154,0.0,7,7,0,0,7,7,604,0,0,0,0,0
2020-08-08,US,Alaska,Yukon-Koyukuk,51,1,0,65.50815459,-151.39073869999999,2290.0,975.1434034416826,1.96078431372549,50,49,1,0,48,48,5327,2,0,0,2,1
2020-08-08,US,Arizona,Apache,3155,139,0,35.39465006,-109.4892383,4001.0,4388.832473187085,4.405705229793979,3016,3151,138,0,3013,3119,71818,4,1,0,3,32
2020-08-08,US,Arizona,Cochise,1600,52,0,31.87934684,-109.7516088,4003.0,1270.62784898588,3.25,1548,1573,52,0,1521,1565,126770,27,0,0,27,8
2020-08-08,US,Arizona,Coconino,3076,117,0,35.83883429,-111.77071780000001,4005.0,2143.912570743539,3.8036410923276986,2959,3065,117,0,2948,3043,142854,11,0,0,11,22
2020-08-08,US,Arizona,Gila,905,38,0,33.80190085,-110.8132779,4007.0,1675.3674701025586,4.198895027624308,867,887,38,0,849,884,53889,18,0,0,18,3
2020-08-08,US,Arizona,Graham,539,15,0,32.93166885,-109.8882178,4009.0,1387.8517908180343,2.782931354359926,524,529,13,0,516,518,38072,10,2,0,8,11
2020-08-08,US,Arizona,Greenlee,57,1,0,33.21498827,-109.2405279,4011.0,600.1263423878711,1.7543859649122806,56,58,1,0,57,58,9483,-1,0,0,-1,0
2020-08-08,US,Arizona,La Paz,478,12,0,33.72854224,-113.98100290000001,4012.0,2264.544248626113,2.510460251046025,466,478,12,0,466,477,21098,0,0,0,0,1
2020-08-08,US,Arizona,Maricopa,125545,2347,0,33.34835867,-112.49181540000001,4013.0,2798.9612553044158,1.8694492014815405,123198,124924,2307,0,122617,124022,4410824,621,40,0,581,902
2020-08-08,US,Arizona,Mohave,3150,165,0,35.70471703,-113.7577902,4015.0,1484.5815600831365,5.238095238095238,2985,3147,165,0,2982,3078,209550,3,0,0,3,69
2020-08-08,US,Arizona,Navajo,5368,199,0,35.3997715,-110.3218983,4017.0,4839.349464498215,3.7071535022354696,5169,5352,199,0,5153,5330,110445,16,0,0,16,22
2020-08-08,US,Arizona,Pima,17728,489,0,32.0971334,-111.7890033,4019.0,1692.767638804941,2.758348375451264,17239,17497,482,0,17015,17293,1039073,231,7,0,224,204
2020-08-08,US,Arizona,Pinal,8356,156,0,32.90525627,-111.3449483,4021.0,1805.5744626600888,1.8669219722355197,8200,8327,157,0,8170,8323,447138,29,-1,0,30,4
2020-08-08,US,Arizona,Santa Cruz,2658,53,0,31.52508998,-110.8479088,4023.0,5716.374897845069,1.99398043641836,2605,2651,52,0,2599,2643,46511,7,1,0,6,8
2020-08-08,US,Arizona,Unassigned,0,1,0,0.0,0.0,90004.0,0.0,0.0,-1,0,1,0,-1,0,,0,0,0,0,0
2020-08-08,US,Arizona,Yavapai,1980,67,0,34.59933926,-112.5538588,4025.0,842.1983930174098,3.383838383838384,1913,1966,67,0,1899,1936,231993,14,0,0,14,30
2020-08-08,US,Arizona,Yuma,11512,286,0,32.76895712,-113.90666740000002,4027.0,5384.7988886134335,2.4843641417651146,11226,11448,280,0,11168,11367,212128,64,6,0,58,81
2020-08-08,US,Arkansas,Arkansas,212,1,0,34.29145151,-91.37277296,5001.0,1212.398490220748,0.4716981132075472,211,210,1,0,209,208,17769,2,0,0,2,2
2020-08-08,US,Arkansas,Ashley,322,5,0,33.19153461,-91.7698471,5003.0,1638.0933000966575,1.5527950310559009,317,304,5,0,299,298,20046,18,0,0,18,6
2020-08-08,US,Arkansas,Baxter,71,0,0,36.28784385,-92.33782872,5005.0,169.3217590384432,0.0,71,69,0,0,69,68,41619,2,0,0,2,1
2020-08-08,US,Arkansas,Benton,4755,43,0,36.33644656,-94.25680817,5007.0,1703.440196889744,0.904311251314406,4712,4698,41,0,4657,4663,272608,57,2,0,55,35
2020-08-08,US,Arkansas,Boone,208,1,0,36.3084504,-93.09374925,5009.0,555.6742893780722,0.4807692307692308,207,201,1,0,200,193,37480,7,0,0,7,8
2020-08-08,US,Arkansas,Bradley,186,3,0,33.46755808,-92.15980837,5011.0,1728.1427111400167,1.6129032258064515,183,179,3,0,176,173,10897,7,0,0,7,6
2020-08-08,US,Arkansas,Calhoun,16,0,0,33.55598792,-92.49974403,5013.0,308.3445750626325,0.0,16,15,0,0,15,13,5277,1,0,0,1,2
2020-08-08,US,Arkansas,Carroll,353,7,0,36.34038560000001,-93.54270261,5015.0,1243.8336856941507,1.9830028328611895,346,350,7,0,343,350,28223,3,0,0,3,0
2020-08-08,US,Arkansas,Chicot,729,8,0,33.26458973,-91.29539209,5017.0,7204.981221585294,1.0973936899862826,721,718,8,0,710,707,10438,11,0,0,11,11
2020-08-08,US,Arkansas,Clark,177,1,0,34.04613432,-93.17484713,5019.0,793.010752688172,0.5649717514124294,176,177,1,0,176,175,22061,0,0,0,0,2
2020-08-08,US,Arkansas,Clay,130,4,0,36.36826212,-90.4148172,5021.0,893.4093876709503,3.0769230769230766,126,127,4,0,123,118,14847,3,0,0,3,9
2020-08-08,US,Arkansas,Cleburne,194,5,0,35.53864922,-92.02640019,5023.0,778.5224126168788,2.5773195876288657,189,194,5,0,189,188,24965,0,0,0,0,6
2020-08-08,US,Arkansas,Cleveland,97,2,0,33.89723187,-92.18537045,5025.0,1219.2056309703369,2.061855670103093,95,93,2,0,91,87,8018,4,0,0,4,6
2020-08-08,US,Arkansas,Columbia,214,9,0,33.21230701,-93.22642793,5027.0,912.3076267212346,4.205607476635514,205,212,8,0,204,209,23537,2,1,0,1,3
2020-08-08,US,Arkansas,Conway,150,3,0,35.26205537,-92.70506566,5029.0,719.5625059963542,2.0,147,147,3,0,144,143,20891,3,0,0,3,4
2020-08-08,US,Arkansas,Craighead,1336,12,0,35.83018283,-90.63235729,5031.0,1210.8907660515536,0.8982035928143712,1324,1318,12,0,1306,1264,108558,18,0,0,18,54
2020-08-08,US,Arkansas,Crawford,620,4,0,35.58928601,-94.2446814,5033.0,980.1286814107532,0.6451612903225806,616,597,3,0,594,582,63406,23,1,0,22,15
2020-08-08,US,Arkansas,Crittenden,1351,21,0,35.21247318,-90.30839406,5035.0,2817.2244812845365,1.5544041450777202,1330,1327,20,0,1307,1315,48342,24,1,0,23,12
2020-08-08,US,Arkansas,Cross,195,4,0,35.29631396,-90.77185818,5037.0,1187.648456057007,2.051282051282051,191,190,3,0,187,183,16676,5,1,0,4,7
2020-08-08,US,Arkansas,Dallas,61,0,0,33.97042763,-92.65167437,5039.0,870.3096019403624,0.0,61,61,0,0,61,59,7182,0,0,0,0,2
2020-08-08,US,Arkansas,Desha,192,2,0,33.83011025,-91.25500948,5041.0,1689.9920781621336,1.0416666666666667,190,187,2,0,185,179,11512,5,0,0,5,8
2020-08-08,US,Arkansas,Drew,198,3,0,33.59035001,-91.71777921,5043.0,1086.7775399308414,1.5151515151515151,195,186,3,0,183,182,18328,12,0,0,12,4
2020-08-08,US,Arkansas,Faulkner,1290,6,0,35.14719007,-92.33717519,5045.0,1023.7526486623759,0.4651162790697674,1284,1278,6,0,1272,1252,124806,12,0,0,12,26
2020-08-08,US,Arkansas,Franklin,126,2,0,35.51202821,-93.89299569,5047.0,711.2616426756987,1.5873015873015872,124,123,2,0,121,119,17810,3,0,0,3,4
2020-08-08,US,Arkansas,Fulton,40,0,0,36.38177105,-91.81729127,5049.0,320.589885389116,0.0,40,35,0,0,35,30,12269,5,0,0,5,5
2020-08-08,US,Arkansas,Garland,992,12,0,34.57692074,-93.14921604,5051.0,998.1285090455395,1.2096774193548387,980,964,9,0,955,939,99154,28,3,0,25,25
2020-08-08,US,Arkansas,Grant,135,0,0,34.29017991,-92.42320562,5053.0,739.1185327128387,0.0,135,133,0,0,133,131,18188,2,0,0,2,2
2020-08-08,US,Arkansas,Greene,473,1,0,36.11735460000001,-90.55832668,5055.0,1043.5741864313293,0.21141649048625796,472,459,1,0,458,445,45325,14,0,0,14,14
2020-08-08,US,Arkansas,Hempstead,239,2,0,33.73325583,-93.66935133,5057.0,1109.9758498978265,0.8368200836820083,237,233,2,0,231,227,21741,6,0,0,6,6
2020-08-08,US,Arkansas,Hot Spring,1530,11,0,34.31709259,-92.95396325,5059.0,4530.514346628765,0.7189542483660131,1519,1496,11,0,1485,1484,33701,34,0,0,34,12
2020-08-08,US,Arkansas,Howard,336,3,0,34.09007427,-93.9934871,5061.0,2545.0689289501597,0.8928571428571429,333,327,3,0,324,322,13341,9,0,0,9,5
2020-08-08,US,Arkansas,Independence,492,1,0,35.74242707,-91.57001641,5063.0,1300.7270323859884,0.2032520325203252,491,483,1,0,482,443,37678,9,0,0,9,40
2020-08-08,US,Arkansas,Izard,52,1,0,36.09604046,-91.90847954,5065.0,381.5393645902121,1.9230769230769231,51,50,1,0,49,47,13593,2,0,0,2,3
2020-08-08,US,Arkansas,Jackson,109,1,0,35.59802983,-91.21494602,5067.0,651.9528679944972,0.9174311926605504,108,77,1,0,76,63,16811,32,0,0,32,14
2020-08-08,US,Arkansas,Jefferson,1519,40,0,34.26767081,-91.92619839,5069.0,2273.135400454926,2.6333113890717583,1479,1484,40,0,1444,1423,68114,35,0,0,35,61
2020-08-08,US,Arkansas,Johnson,663,2,0,35.56759135,-93.46036368,5071.0,2494.54435999699,0.3016591251885369,661,662,2,0,660,652,26742,1,0,0,1,10
2020-08-08,US,Arkansas,Lafayette,53,2,0,33.24116713,-93.60677071,5073.0,800.1207729468599,3.7735849056603774,51,52,2,0,50,52,6682,1,0,0,1,0
2020-08-08,US,Arkansas,Lawrence,209,9,0,36.04188196,-91.10867198,5075.0,1273.9241740826524,4.30622009569378,200,206,9,0,197,205,16434,3,0,0,3,1
2020-08-08,US,Arkansas,Lee,893,8,0,34.78498904,-90.78383866,5077.0,10082.420684204584,0.8958566629339306,885,893,8,0,885,890,8985,0,0,0,0,3
2020-08-08,US,Arkansas,Lincoln,1212,12,0,33.95317155,-91.74002806,5079.0,9305.896805896806,0.99009900990099,1200,1209,11,0,1198,1197,13383,3,1,0,2,12
2020-08-08,US,Arkansas,Little River,180,1,0,33.70375665,-94.23468591,5081.0,1468.3089974712454,0.5555555555555556,179,168,1,0,167,164,12326,12,0,0,12,4
2020-08-08,US,Arkansas,Logan,252,1,0,35.21413234,-93.71951016,5083.0,1173.9495015373147,0.3968253968253968,251,233,1,0,232,225,21737,19,0,0,19,8
2020-08-08,US,Arkansas,Lonoke,508,2,0,34.75392199,-91.88742357,5085.0,692.9572085282844,0.3937007874015748,506,495,2,0,493,482,73657,13,0,0,13,13
2020-08-08,US,Arkansas,Madison,270,2,0,36.01038185,-93.72524943,5087.0,1628.8610038610034,0.7407407407407407,268,269,2,0,267,269,16481,1,0,0,1,0
2020-08-08,US,Arkansas,Marion,25,0,0,36.26844485,-92.68451899,5089.0,149.75440277944168,0.0,25,25,0,0,25,25,16722,0,0,0,0,0
2020-08-08,US,Arkansas,Miller,508,5,0,33.31403423,-93.89285258,5091.0,1174.3764015072704,0.9842519685039369,503,499,5,0,494,495,43592,9,0,0,9,4
2020-08-08,US,Arkansas,Mississippi,982,14,0,35.76271485,-90.05194370000002,5093.0,2415.6847310029275,1.4256619144602851,968,958,13,0,945,914,41239,24,1,0,23,44
2020-08-08,US,Arkansas,Monroe,58,0,0,34.6815935,-91.20540287,5095.0,865.5424563497984,0.0,58,58,0,0,58,55,6900,0,0,0,0,3
2020-08-08,US,Arkansas,Montgomery,34,1,0,34.53704874,-93.65824478,5097.0,378.36634765190286,2.9411764705882355,33,34,1,0,33,34,8924,0,0,0,0,0
2020-08-08,US,Arkansas,Nevada,137,9,0,33.66340119,-93.30632432,5099.0,1660.20358700921,6.569343065693432,128,137,9,0,128,136,8326,0,0,0,0,1
2020-08-08,US,Arkansas,Newton,102,6,0,35.91947491,-93.21612969,5101.0,1315.6197600928672,5.882352941176472,96,104,6,0,98,102,7805,-2,0,0,-2,2
2020-08-08,US,Arkansas,Ouachita,98,2,0,33.58839816,-92.87795984,5103.0,419.1258232828672,2.0408163265306123,96,92,2,0,90,84,23606,6,0,0,6,8
2020-08-08,US,Arkansas,Perry,50,0,0,34.9459153,-92.94372564,5105.0,478.24007651841225,0.0,50,50,0,0,50,50,10352,0,0,0,0,0
2020-08-08,US,Arkansas,Phillips,311,7,0,34.43268455,-90.84800154,5107.0,1748.9596220897538,2.2508038585209005,304,303,7,0,296,298,18029,8,0,0,8,5
2020-08-08,US,Arkansas,Pike,101,1,0,34.16250414,-93.65789349,5109.0,942.3399888038812,0.99009900990099,100,97,1,0,96,91,10673,4,0,0,4,6
2020-08-08,US,Arkansas,Poinsett,269,3,0,35.57433534,-90.66268713,5111.0,1143.3185991159469,1.1152416356877324,266,240,3,0,237,217,23974,29,0,0,29,23
2020-08-08,US,Arkansas,Polk,140,1,0,34.48254879,-94.22728802,5113.0,701.2622720897616,0.7142857142857143,139,140,1,0,139,137,20049,0,0,0,0,3
2020-08-08,US,Arkansas,Pope,1306,10,0,35.44871474,-93.03212219,5115.0,2038.331876638781,0.7656967840735069,1296,1282,10,0,1272,1276,64000,24,0,0,24,6
2020-08-08,US,Arkansas,Prairie,90,0,0,34.83624419,-91.55162157,5117.0,1116.3483006698089,0.0,90,87,0,0,87,80,8074,3,0,0,3,7
2020-08-08,US,Arkansas,Pulaski,5480,85,0,34.77054088,-92.31355101,5119.0,1398.2766495454325,1.551094890510949,5395,5407,83,0,5324,5222,392680,73,2,0,71,185
2020-08-08,US,Arkansas,Randolph,209,3,0,36.3415714,-91.02455531,5121.0,1163.8267067602185,1.4354066985645932,206,206,3,0,203,199,17948,3,0,0,3,7
2020-08-08,US,Arkansas,Saline,1017,6,0,34.64916145,-92.67583224,5125.0,830.6312634252718,0.5899705014749262,1011,999,6,0,993,975,121421,18,0,0,18,24
2020-08-08,US,Arkansas,Scott,58,0,0,34.85588887,-94.0632176,5127.0,564.1474564731058,0.0,58,55,0,0,55,51,10319,3,0,0,3,4
2020-08-08,US,Arkansas,Searcy,29,0,0,35.9109364,-92.69936482,5129.0,367.9736074102272,0.0,29,28,0,0,28,28,7958,1,0,0,1,0
2020-08-08,US,Arkansas,Sebastian,2133,20,0,35.19605503,-94.27162713,5131.0,1668.661550376681,0.9376465072667604,2113,2079,19,0,2060,2038,127753,54,1,0,53,41
2020-08-08,US,Arkansas,Sevier,988,10,0,33.99780401,-94.2424869,5133.0,5809.3726112777085,1.0121457489878545,978,976,10,0,966,969,17139,12,0,0,12,7
2020-08-08,US,Arkansas,Sharp,111,5,0,36.16258158,-91.47819342,5135.0,636.3949088407293,4.504504504504505,106,109,5,0,104,107,17366,2,0,0,2,2
2020-08-08,US,Arkansas,St. Francis,1193,3,0,35.02201976,-90.74828138,5123.0,4773.145554933184,0.2514668901927913,1190,1186,3,0,1183,1165,25439,7,0,0,7,21
2020-08-08,US,Arkansas,Stone,67,1,0,35.86251946,-92.15684085,5137.0,535.7428434351511,1.492537313432836,66,64,1,0,63,61,12457,3,0,0,3,3
2020-08-08,US,Arkansas,Unassigned,1772,0,0,0.0,0.0,90005.0,0.0,0.0,1772,1785,0,0,1785,1733,,-13,0,0,-13,52
2020-08-08,US,Arkansas,Union,478,17,0,33.16887091,-92.59746952,5139.0,1235.716870896024,3.5564853556485354,461,472,17,0,455,464,39126,6,0,0,6,8
2020-08-08,US,Arkansas,Van Buren,53,2,0,35.58095779,-92.51295036,5141.0,320.3384708371109,3.7735849056603774,51,52,2,0,50,52,16603,1,0,0,1,0
2020-08-08,US,Arkansas,Washington,6268,51,0,35.976844,-94.21800746,5143.0,2620.5437586490907,0.8136566687938737,6217,6231,51,0,6180,6188,236961,37,0,0,37,43
2020-08-08,US,Arkansas,White,318,2,0,35.25688493,-91.74908296,5145.0,403.79414117557434,0.6289308176100629,316,312,2,0,310,289,78727,6,0,0,6,23
2020-08-08,US,Arkansas,Woodruff,21,0,0,35.18902527,-91.2439489,5147.0,332.27848101265823,0.0,21,21,0,0,21,20,6490,0,0,0,0,1
2020-08-08,US,Arkansas,Yell,1065,14,0,35.00292371,-93.41171338,5149.0,4990.394077128532,1.3145539906103287,1051,1062,14,0,1048,1055,21535,3,0,0,3,7
2020-08-08,US,California,Alameda,13213,208,0,37.64629437,-121.8929271,6001.0,790.5684637794235,1.5742072201619617,13005,12884,206,0,12678,12884,1666753,329,2,0,327,0
2020-08-08,US,California,Alpine,2,0,0,38.59678594,-119.82235940000001,6003.0,177.14791851195747,0.0,2,2,0,0,2,2,1101,0,0,0,0,0
2020-08-08,US,California,Amador,164,2,0,38.44583082,-120.65696000000001,6005.0,412.5578587240893,1.2195121951219512,162,162,0,0,162,156,39383,2,2,0,0,6
2020-08-08,US,California,Butte,1095,8,0,39.66727762,-121.6005252,6007.0,499.57570282773537,0.7305936073059359,1087,1060,8,0,1052,1060,231256,35,0,0,35,0
2020-08-08,US,California,Calaveras,147,1,0,38.20537103,-120.55291299999999,6009.0,320.2265548415205,0.6802721088435374,146,136,1,0,135,136,45602,11,0,0,11,0
2020-08-08,US,California,Colusa,362,4,0,39.17881957,-122.2331726,6011.0,1680.0482665800346,1.1049723756906078,358,362,4,0,358,361,21627,0,0,0,0,1
2020-08-08,US,California,Contra Costa,9022,138,0,37.91923498,-121.9289527,6013.0,782.1236799170543,1.529594324983374,8884,8760,136,0,8624,8532,1150215,262,2,0,260,228
2020-08-08,US,California,Del Norte,99,0,0,41.74228275,-123.89740630000001,6015.0,355.9614554868403,0.0,99,96,0,0,96,90,27828,3,0,0,3,6
2020-08-08,US,California,El Dorado,729,1,0,38.77965956,-120.5233166,6017.0,378.0277220329492,0.13717421124828533,728,716,1,0,715,716,190678,13,0,0,13,0
2020-08-08,US,California,Fresno,17031,171,0,36.75733899,-119.6466953,6019.0,1704.6324645856625,1.0040514356174035,16860,16625,157,0,16468,16625,994400,406,14,0,392,0
2020-08-08,US,California,Glenn,360,3,0,39.59875897,-122.3938452,6021.0,1267.9181488395027,0.8333333333333334,357,360,3,0,357,352,28047,0,0,0,0,8
2020-08-08,US,California,Humboldt,282,4,0,40.69923009,-123.876044,6023.0,208.02903554198204,1.4184397163120568,278,280,4,0,276,280,136373,2,0,0,2,0
2020-08-08,US,California,Imperial,9693,244,0,33.0393082,-115.36690420000001,6025.0,5348.894959026571,2.517280511709481,9449,9601,240,0,9361,9601,181827,92,4,0,88,0
2020-08-08,US,California,Inyo,64,3,0,36.51112084,-117.41119779999998,6027.0,354.7868507123455,4.6875,61,86,3,0,83,84,17987,-22,0,0,-22,2
2020-08-08,US,California,Kern,22626,171,0,35.34329425,-118.72777959999999,6029.0,2513.4358732817745,0.7557677008750995,22455,22009,160,0,21849,21724,896764,617,11,0,606,285
2020-08-08,US,California,Kings,4453,56,0,36.07409056,-119.8159973,6031.0,2911.5993199947693,1.2575791601167752,4397,4453,56,0,4397,4453,151366,0,0,0,0,0
2020-08-08,US,California,Lake,220,2,0,39.10124298,-122.75362439999999,6033.0,341.68918709036126,0.9090909090909092,218,220,2,0,218,212,64382,0,0,0,0,8
2020-08-08,US,California,Lassen,638,0,0,40.67311306,-120.59350990000002,6035.0,2086.8086219867205,0.0,638,638,0,0,638,633,30802,0,0,0,0,5
2020-08-08,US,California,Los Angeles,206778,4967,0,34.30828379,-118.22824109999999,6037.0,2059.725033312226,2.4020930659934807,201811,204258,4919,0,199339,201200,10105518,2520,48,0,2472,3058
2020-08-08,US,California,Madera,2302,39,0,37.21513971,-119.76655890000002,6039.0,1463.1944929986594,1.6941789748045175,2263,2267,36,0,2231,2208,157672,35,3,0,32,59
2020-08-08,US,California,Marin,5287,79,0,38.07122463,-122.72106310000001,6041.0,2042.6850470972765,1.4942311329676563,5208,5257,78,0,5179,5199,259666,30,1,0,29,58
2020-08-08,US,California,Mariposa,60,2,0,37.57978556,-119.9073334,6043.0,348.77637621345116,3.333333333333333,58,60,2,0,58,60,17471,0,0,0,0,0
2020-08-08,US,California,Mendocino,380,10,0,39.4381191,-123.39113130000001,6045.0,438.0453953359693,2.631578947368421,370,363,10,0,353,363,87606,17,0,0,17,0
2020-08-08,US,California,Merced,5012,64,0,37.18922369,-120.72090349999999,6047.0,1804.955344281187,1.2769353551476457,4948,4855,62,0,4793,4855,274765,157,2,0,155,0
2020-08-08,US,California,Modoc,5,0,0,41.58965602,-120.7244817,6049.0,56.55468838366701,0.0,5,4,0,0,4,4,8777,1,0,0,1,0
2020-08-08,US,California,Mono,153,1,0,37.93899289,-118.8872409,6051.0,1059.2633619495984,0.6535947712418301,152,153,1,0,152,153,14250,0,0,0,0,0
2020-08-08,US,California,Monterey,5212,35,0,36.21862405,-121.24133970000001,6053.0,1200.7528895708208,0.6715272448196469,5177,5156,35,0,5121,5120,435594,56,0,0,56,36
2020-08-08,US,California,Napa,1046,10,0,38.50735751,-122.33283899999999,6055.0,759.3797188988267,0.9560229445506692,1036,1046,10,0,1036,1025,139417,0,0,0,0,21
2020-08-08,US,California,Nevada,322,1,0,39.30394768,-120.76272809999999,6057.0,322.79083755200236,0.3105590062111801,321,321,1,0,320,321,99696,1,0,0,1,0
2020-08-08,US,California,Orange,39076,720,0,33.70147516,-117.76459979999998,6059.0,1230.4719727227955,1.8425632101545704,38356,38754,704,0,38050,38711,3185968,322,16,0,306,43
2020-08-08,US,California,Placer,2186,20,0,39.06167234,-120.72405690000001,6061.0,548.7925810071573,0.9149130832570904,2166,2099,20,0,2079,2039,393149,87,0,0,87,60
2020-08-08,US,California,Plumas,34,0,0,40.00355989,-120.8395236,6063.0,180.7837507311108,0.0,34,34,0,0,34,34,18804,0,0,0,0,0
2020-08-08,US,California,Riverside,40452,799,0,33.74314981,-115.9933578,6065.0,1637.3708483873606,1.9751804607930388,39653,40452,799,0,39653,39741,2450758,0,0,0,0,711
2020-08-08,US,California,Sacramento,10795,161,0,38.45106826,-121.34253740000001,6067.0,695.5281310363401,1.491431218156554,10634,10544,155,0,10389,10544,1540975,251,6,0,245,0
2020-08-08,US,California,San Benito,709,4,0,36.60308176,-121.069975,6069.0,1128.8370908164563,0.5641748942172073,705,699,4,0,695,699,61537,10,0,0,10,0
2020-08-08,US,California,San Bernardino,35452,502,0,34.84060306,-116.1774685,6071.0,1626.175126199208,1.4159990973710934,34950,34939,497,0,34442,34635,2171603,513,5,0,508,304
2020-08-08,US,California,San Diego,31779,586,0,33.03484597,-116.73653259999999,6073.0,951.9430373869568,1.843985021555115,31193,31127,583,0,30544,31127,3343364,652,3,0,649,0
2020-08-08,US,California,San Francisco,7432,67,0,37.75215114,-122.43856720000001,6075.0,843.0614747450228,0.9015069967707212,7365,7326,64,0,7262,7228,883305,106,3,0,103,98
2020-08-08,US,California,San Joaquin,12303,211,0,37.93433732,-121.2730061,6077.0,1614.253399602177,1.715028854750874,12092,12119,192,0,11927,12119,752660,184,19,0,165,0
2020-08-08,US,California,San Luis Obispo,2093,15,0,35.38822029,-120.4039028,6079.0,739.2860044293581,0.7166746297181079,2078,2047,16,0,2031,2047,284010,46,-1,0,47,0
2020-08-08,US,California,San Mateo,6110,120,0,37.422880799999994,-122.32755459999998,6081.0,797.053900933114,1.9639934533551555,5990,5978,120,0,5858,5891,769545,132,0,0,132,87
2020-08-08,US,California,Santa Barbara,6704,69,0,34.65329488,-120.0188492,6083.0,1501.4591298076816,1.0292362768496421,6635,6652,68,0,6584,6652,446527,52,1,0,51,0
2020-08-08,US,California,Santa Clara,11475,203,0,37.23104908,-121.6970462,6085.0,595.2220398661308,1.7690631808278867,11272,11336,196,0,11140,11336,1937570,139,7,0,132,0
2020-08-08,US,California,Santa Cruz,1238,6,0,37.05580291,-122.0066524,6087.0,453.1263153656671,0.4846526655896608,1232,1229,4,0,1225,1213,274255,9,2,0,7,16
2020-08-08,US,California,Shasta,418,10,0,40.76391419,-122.0396884,6089.0,232.1190581963572,2.392344497607656,408,411,9,0,402,411,180040,7,1,0,6,0
2020-08-08,US,California,Sierra,3,0,0,39.57713498,-120.52007009999998,6091.0,99.83361064891848,0.0,3,3,0,0,3,3,2987,0,0,0,0,0
2020-08-08,US,California,Siskiyou,93,0,0,41.59198861,-122.54074340000001,6093.0,213.60159856680215,0.0,93,92,0,0,92,90,43724,1,0,0,1,2
2020-08-08,US,California,Solano,4029,40,0,38.26827353,-121.9357113,6095.0,900.0475825602098,0.9928021841648051,3989,3959,39,0,3920,3959,446610,70,1,0,69,0
2020-08-08,US,California,Sonoma,3431,47,0,38.52746429,-122.88625060000001,6097.0,694.062338166753,1.3698630136986298,3384,3358,44,0,3314,3208,499942,73,3,0,70,150
2020-08-08,US,California,Stanislaus,9566,161,0,37.55862499,-120.9970722,6099.0,1737.1881015508661,1.6830441145724442,9405,9408,151,0,9257,9408,549815,158,10,0,148,0
2020-08-08,US,California,Sutter,921,7,0,39.03417539,-121.6945899,6101.0,949.7684874859494,0.760043431053203,914,893,6,0,887,893,96807,28,1,0,27,0
2020-08-08,US,California,Tehama,276,1,0,40.12570935,-122.23701709999999,6103.0,424.0673591051564,0.3623188405797101,275,271,1,0,270,271,63916,5,0,0,5,0
2020-08-08,US,California,Trinity,5,0,0,40.64917670000001,-123.114713,6105.0,40.7000407000407,0.0,5,5,0,0,5,5,12535,0,0,0,0,0
2020-08-08,US,California,Tulare,10475,196,0,36.22026558,-118.8020203,6107.0,2246.9138450648334,1.8711217183770883,10279,10475,196,0,10279,10334,465861,0,0,0,0,141
2020-08-08,US,California,Tuolumne,152,2,0,38.02644018,-119.95250929999999,6109.0,279.0117111494548,1.3157894736842106,150,147,2,0,145,147,54539,5,0,0,5,0
2020-08-08,US,California,Ventura,8146,89,0,34.44465746,-119.09106129999999,6111.0,962.877331839254,1.0925607660201326,8057,8035,82,0,7953,7953,850967,111,7,0,104,82
2020-08-08,US,California,Yolo,1690,43,0,38.68278902,-121.90182879999999,6113.0,766.4399092970523,2.544378698224852,1647,1660,42,0,1618,1660,220408,30,1,0,29,0
2020-08-08,US,California,Yuba,588,4,0,39.26255932,-121.35356440000001,6115.0,747.4449585600244,0.6802721088435374,584,572,4,0,568,572,78041,16,0,0,16,0
2020-08-08,US,Colorado,Adams,6438,176,0,39.87432092,-104.3362578,8001.0,1244.2479141743374,2.7337682510096304,6262,6375,176,0,6199,6307,511868,63,0,0,63,68
2020-08-08,US,Colorado,Alamosa,227,9,0,37.57250606,-105.7885451,8003.0,1398.3860038193802,3.9647577092511015,218,226,9,0,217,224,16683,1,0,0,1,2
2020-08-08,US,Colorado,Arapahoe,7286,364,0,39.64977461,-104.3353617,8005.0,1109.6727029044,4.995882514411201,6922,7234,364,0,6870,7194,651215,52,0,0,52,40
2020-08-08,US,Colorado,Archuleta,35,0,0,37.19474156,-107.0476867,8007.0,249.48321334378787,0.0,35,35,0,0,35,35,13765,0,0,0,0,0
2020-08-08,US,Colorado,Baca,14,0,0,37.31940883,-102.5603223,8009.0,390.9522479754258,0.0,14,14,0,0,14,14,3585,0,0,0,0,0
2020-08-08,US,Colorado,Bent,9,0,0,37.95474293,-103.0720195,8011.0,161.37708445400753,0.0,9,9,0,0,9,8,5882,0,0,0,0,1
2020-08-08,US,Colorado,Boulder,2026,75,0,40.09313619,-105.3546767,8013.0,621.0989711707073,3.7018756169792697,1951,2019,75,0,1944,1997,326078,7,0,0,7,22
2020-08-08,US,Colorado,Broomfield,460,32,0,39.95998787,-105.0566324,8014.0,652.8063577662671,6.956521739130435,428,453,32,0,421,445,69267,7,0,0,7,8
2020-08-08,US,Colorado,Chaffee,302,19,0,38.74745778,-106.19265729999998,8015.0,1483.592061308705,6.291390728476821,283,296,19,0,277,295,20027,6,0,0,6,1
2020-08-08,US,Colorado,Cheyenne,8,0,0,38.82777431,-102.6032558,8017.0,436.9197160021846,0.0,8,8,0,0,8,8,1876,0,0,0,0,0
2020-08-08,US,Colorado,Clear Creek,30,1,0,39.68864463,-105.6463118,8019.0,309.27835051546384,3.333333333333333,29,30,1,0,29,29,9605,0,0,0,0,1
2020-08-08,US,Colorado,Conejos,23,0,0,37.201606,-106.19174879999998,8021.0,280.31687995124923,0.0,23,23,0,0,23,23,8200,0,0,0,0,0
2020-08-08,US,Colorado,Costilla,22,0,0,37.27732493,-105.4276548,8023.0,565.9891947517366,0.0,22,22,0,0,22,22,3828,0,0,0,0,0
2020-08-08,US,Colorado,Crowley,72,1,0,38.32608609,-103.7844965,8025.0,1187.922785018974,1.3888888888888888,71,72,1,0,71,72,5858,0,0,0,0,0
2020-08-08,US,Colorado,Custer,11,0,0,38.10883162,-105.3683478,8027.0,217.04814522494078,0.0,11,11,0,0,11,11,4954,0,0,0,0,0
2020-08-08,US,Colorado,Delta,121,1,0,38.86246243,-107.8631342,8029.0,388.29343431101984,0.8264462809917356,120,118,1,0,117,117,30953,3,0,0,3,1
2020-08-08,US,Colorado,Denver,10173,414,0,39.76018276,-104.8725695,8031.0,1398.906232166455,4.069595989383663,9759,10122,414,0,9708,10052,716492,51,0,0,51,70
2020-08-08,US,Colorado,Dolores,1,0,0,37.75208676,-108.5211585,8033.0,48.661800486618006,0.0,1,1,0,0,1,1,2074,0,0,0,0,0
2020-08-08,US,Colorado,Douglas,1726,59,0,39.33133796,-104.930001,8035.0,491.5222381063578,3.418308227114716,1667,1718,59,0,1659,1702,342776,8,0,0,8,16
2020-08-08,US,Colorado,Eagle,1120,9,0,39.62754308,-106.6933637,8037.0,2031.672320278629,0.8035714285714286,1111,1116,9,0,1107,1106,54993,4,0,0,4,10
2020-08-08,US,Colorado,El Paso,4958,137,0,38.83240149,-104.5251411,8041.0,688.2258957833324,2.7632109721661955,4821,4911,137,0,4774,4832,713856,47,0,0,47,79
2020-08-08,US,Colorado,Elbert,104,2,0,39.28656773,-104.1358721,8039.0,389.09050095402,1.9230769230769231,102,103,2,0,101,102,26282,1,0,0,1,1
2020-08-08,US,Colorado,Fremont,123,0,0,38.47362326,-105.4399667,8043.0,257.11239783440294,0.0,123,117,0,0,117,116,48021,6,0,0,6,1
2020-08-08,US,Colorado,Garfield,764,4,0,39.59921777,-107.902708,8045.0,1272.0400925725512,0.5235602094240838,760,757,4,0,753,753,59770,7,0,0,7,4
2020-08-08,US,Colorado,Gilpin,16,0,0,39.85646523,-105.5252597,8047.0,256.28704148646483,0.0,16,16,0,0,16,16,6121,0,0,0,0,0
2020-08-08,US,Colorado,Grand,46,1,0,40.10603347,-106.1178042,8049.0,292.36049319944067,2.1739130434782608,45,46,1,0,45,45,15525,0,0,0,0,1
2020-08-08,US,Colorado,Gunnison,269,6,0,38.66611652,-107.0320729,8051.0,1540.4879166189444,2.2304832713754648,263,268,6,0,262,267,17246,1,0,0,1,1
2020-08-08,US,Colorado,Hinsdale,3,0,0,37.82247444,-107.3004345,8053.0,365.8536585365854,0.0,3,3,0,0,3,3,811,0,0,0,0,0
2020-08-08,US,Colorado,Huerfano,8,1,0,37.68473101,-104.9612585,8055.0,115.99246049006815,12.5,7,8,1,0,7,8,6889,0,0,0,0,0
2020-08-08,US,Colorado,Jackson,9,0,0,40.66593870000001,-106.3408905,8057.0,646.5517241379309,0.0,9,9,0,0,9,9,1399,0,0,0,0,0
2020-08-08,US,Colorado,Jefferson,4160,228,0,39.58635604,-105.2517692,8059.0,713.6962776278517,5.480769230769232,3932,4124,228,0,3896,4086,580233,36,0,0,36,38
2020-08-08,US,Colorado,Kit Carson,51,3,0,39.30497777,-102.6022199,8063.0,718.6134986614062,5.882352941176472,48,44,3,0,41,43,7163,7,0,0,7,1
2020-08-08,US,Colorado,La Plata,207,2,0,37.28632032,-107.8429014,8067.0,368.1898223083902,0.966183574879227,205,204,2,0,202,204,56310,3,0,0,3,0
2020-08-08,US,Colorado,Lake,77,0,0,39.20278823,-106.3555697,8065.0,947.4590869939708,0.0,77,77,0,0,77,74,7824,0,0,0,0,3
2020-08-08,US,Colorado,Larimer,1531,35,0,40.66671597,-105.4625784,8069.0,428.9729026979622,2.286087524493795,1496,1493,35,0,1458,1475,350518,38,0,0,38,18
2020-08-08,US,Colorado,Las Animas,17,0,0,37.3153406,-104.0376458,8071.0,117.19288570246796,0.0,17,15,0,0,15,15,14503,2,0,0,2,0
2020-08-08,US,Colorado,Lincoln,8,0,0,38.98749519,-103.5136649,8073.0,140.3262585511314,0.0,8,8,0,0,8,8,5610,0,0,0,0,0
2020-08-08,US,Colorado,Logan,651,5,0,40.7249637,-103.110817,8075.0,2905.082779240484,0.7680491551459293,646,650,5,0,645,649,21528,1,0,0,1,1
2020-08-08,US,Colorado,Mesa,301,4,0,39.01787888,-108.469799,8077.0,195.18837948252383,1.32890365448505,297,293,4,0,289,289,153207,8,0,0,8,4
2020-08-08,US,Colorado,Mineral,18,0,0,37.66954283,-106.9281698,8079.0,2340.702210663199,0.0,18,18,0,0,18,18,776,0,0,0,0,0
2020-08-08,US,Colorado,Moffat,27,1,0,40.61810999,-108.2070876,8081.0,203.26733418655425,3.703703703703704,26,26,1,0,25,26,13188,1,0,0,1,0
2020-08-08,US,Colorado,Montezuma,112,4,0,37.33859579,-108.5958857,8083.0,427.7584692357637,3.571428571428572,108,111,4,0,107,109,26158,1,0,0,1,2
2020-08-08,US,Colorado,Montrose,297,13,0,38.40214114,-108.26390220000002,8085.0,694.6068571963142,4.377104377104377,284,293,13,0,280,292,42214,4,0,0,4,1
2020-08-08,US,Colorado,Morgan,684,46,0,40.26279810000001,-103.8093302,8087.0,2353.103068666575,6.7251461988304095,638,683,46,0,637,681,28558,1,0,0,1,2
2020-08-08,US,Colorado,Otero,71,6,0,37.9014485,-103.7173385,8089.0,388.44512528723055,8.450704225352112,65,71,6,0,65,70,18432,0,0,0,0,1
2020-08-08,US,Colorado,Ouray,13,1,0,38.14717457,-107.7675136,8091.0,262.52019386106616,7.6923076923076925,12,13,1,0,12,12,4833,0,0,0,0,1
2020-08-08,US,Colorado,Park,42,1,0,39.120926,-105.7182065,8093.0,222.870788007429,2.380952380952381,41,42,1,0,41,42,18556,0,0,0,0,0
2020-08-08,US,Colorado,Phillips,19,0,0,40.59414277,-102.3577703,8095.0,445.48651817116064,0.0,19,19,0,0,19,19,4286,0,0,0,0,0
2020-08-08,US,Colorado,Pitkin,187,2,0,39.21720112,-106.9310027,8097.0,1052.513086058423,1.0695187165775402,185,182,2,0,180,181,17950,5,0,0,5,1
2020-08-08,US,Colorado,Prowers,52,0,0,37.95544985,-102.3926052,8099.0,427.2099901413079,0.0,52,51,0,0,51,50,12164,1,0,0,1,1
2020-08-08,US,Colorado,Pueblo,687,34,0,38.17359144,-104.5127437,8101.0,407.8991117655442,4.9490538573508,653,674,34,0,640,660,167529,13,0,0,13,14
2020-08-08,US,Colorado,Rio Blanco,16,0,0,39.97913541,-108.2179009,8103.0,253.0044275774826,0.0,16,15,0,0,15,9,6336,1,0,0,1,6
2020-08-08,US,Colorado,Rio Grande,89,2,0,37.5836865,-106.3847838,8105.0,789.9174580633709,2.247191011235955,87,89,2,0,87,89,11250,0,0,0,0,0
2020-08-08,US,Colorado,Routt,122,7,0,40.48596505,-106.9905548,8107.0,475.856151025821,5.737704918032787,115,117,7,0,110,111,25733,5,0,0,5,6
2020-08-08,US,Colorado,Saguache,106,2,0,38.08054629,-106.282466,8109.0,1553.3411488862835,1.8867924528301887,104,106,2,0,104,106,6843,0,0,0,0,0
2020-08-08,US,Colorado,San Juan,2,0,0,37.76248981,-107.67632890000002,8111.0,274.72527472527474,0.0,2,2,0,0,2,2,762,0,0,0,0,0
2020-08-08,US,Colorado,San Miguel,88,0,0,38.00450883,-108.4020725,8113.0,1075.926152341362,0.0,88,82,0,0,82,80,8191,6,0,0,6,2
2020-08-08,US,Colorado,Sedgwick,11,1,0,40.87595412,-102.3519227,8115.0,489.32384341637015,9.090909090909092,10,11,1,0,10,11,2303,0,0,0,0,0
2020-08-08,US,Colorado,Summit,327,4,0,39.63803232,-106.1150762,8117.0,1054.464544838928,1.2232415902140672,323,327,4,0,323,327,31007,0,0,0,0,0
2020-08-08,US,Colorado,Teller,123,3,0,38.88133511,-105.1614893,8119.0,484.48085709784147,2.4390243902439024,120,123,3,0,120,122,25083,0,0,0,0,1
2020-08-08,US,Colorado,Washington,47,0,0,39.97015535,-103.202587,8121.0,957.6202118989404,0.0,47,47,0,0,47,47,4909,0,0,0,0,0
2020-08-08,US,Colorado,Weld,3696,142,0,40.55499405,-104.3929621,8123.0,1139.0111312451465,3.8419913419913416,3554,3662,142,0,3520,3635,314305,34,0,0,34,27
2020-08-08,US,Colorado,Yuma,63,0,0,40.00346839,-102.4258673,8125.0,628.8052699870246,0.0,63,63,0,0,63,63,10020,0,0,0,0,0
2020-08-08,US,Connecticut,Fairfield,17956,1408,0,41.26809896,-73.3881171,9001.0,1903.465587937227,7.841390064602362,16548,17956,1408,0,16548,17926,943823,0,0,0,0,30
2020-08-08,US,Connecticut,Hartford,12761,1415,0,41.80283011,-72.73103891,9003.0,1431.0545911272598,11.088472690228038,11346,12761,1415,0,11346,12745,892697,0,0,0,0,16
2020-08-08,US,Connecticut,Litchfield,1610,138,0,41.7937534,-73.2451475,9005.0,892.7927778055043,8.571428571428571,1472,1610,138,0,1472,1607,181111,0,0,0,0,3
2020-08-08,US,Connecticut,Middlesex,1396,192,0,41.45949668,-72.53714864,9007.0,859.4154005269768,13.753581661891115,1204,1396,192,0,1204,1395,162682,0,0,0,0,1
2020-08-08,US,Connecticut,New Haven,13145,1104,0,41.408032500000004,-72.93620426,9009.0,1537.863977715304,8.398630658044883,12041,13145,1104,0,12041,13128,857620,0,0,0,0,17
2020-08-08,US,Connecticut,New London,1433,103,0,41.48896435,-72.10430976,9011.0,540.3346832273778,7.187718073970691,1330,1433,103,0,1330,1431,266784,0,0,0,0,2
2020-08-08,US,Connecticut,Tolland,1056,66,0,41.85853803,-72.3308481,9013.0,700.6322941063289,6.25,990,1056,66,0,990,1055,150921,0,0,0,0,1
2020-08-08,US,Connecticut,Unassigned,237,0,0,0.0,0.0,90009.0,0.0,0.0,237,237,0,0,237,234,,0,0,0,0,3
2020-08-08,US,Connecticut,Windham,726,15,0,41.82972709,-71.98182316,9015.0,621.6711479508829,2.066115702479338,711,726,15,0,711,724,117027,0,0,0,0,2
2020-08-08,US,Delaware,Kent,2277,107,0,39.08646628,-75.56884914,10001.0,1259.5001825362585,4.699165568730786,2170,2268,107,0,2161,2247,178550,9,0,0,9,21
2020-08-08,US,Delaware,New Castle,7161,291,0,39.57992638,-75.64054974,10003.0,1281.6038571604986,4.063678257226644,6870,7130,289,0,6841,7092,559335,31,2,0,29,38
2020-08-08,US,Delaware,Sussex,5821,192,0,38.66143781,-75.39031349,10005.0,2485.217205678301,3.298402336368321,5629,5803,192,0,5611,5786,229286,18,0,0,18,17
2020-08-08,US,Delaware,Unassigned,243,0,0,0.0,0.0,90010.0,0.0,0.0,243,244,0,0,244,240,,-1,0,0,-1,4
2020-08-08,US,District of Columbia,District of Columbia,12653,590,0,38.90417773,-77.01655992,11001.0,1792.8470320184656,4.662925788350589,12063,12589,589,0,12000,12518,702455,64,1,0,63,71
2020-08-08,US,Florida,Alachua,4088,26,0,29.67866525,-82.35928158,12001.0,1519.459714618109,0.6360078277886497,4062,4006,26,0,3980,3952,269956,82,0,0,82,54
2020-08-08,US,Florida,Baker,827,4,0,30.33060121,-82.28467476,12003.0,2831.222184183499,0.4836759371221282,823,630,4,0,626,528,28355,197,0,0,197,102
2020-08-08,US,Florida,Bay,4388,51,0,30.26548745,-85.62122584,12005.0,2511.662516814058,1.162260711030082,4337,4194,45,0,4149,4077,185287,194,6,0,188,117
2020-08-08,US,Florida,Bradford,469,4,0,29.95079741,-82.16611613,12007.0,1663.0615935605124,0.8528784648187633,465,434,4,0,430,378,27732,35,0,0,35,56
2020-08-08,US,Florida,Brevard,5963,142,0,28.29409504,-80.73091022,12009.0,990.6270039306113,2.3813516686231764,5821,5851,140,0,5711,5794,596849,112,2,0,110,57
2020-08-08,US,Florida,Broward,61614,789,0,26.15184651,-80.48725556,12011.0,3155.1973649846527,1.2805531210439185,60825,60746,782,0,59964,60058,1951260,868,7,0,861,688
2020-08-08,US,Florida,Calhoun,462,7,0,30.40666734,-85.19394153,12013.0,3275.4342431761793,1.5151515151515151,455,417,7,0,410,356,14587,45,0,0,45,61
2020-08-08,US,Florida,Charlotte,2214,91,0,26.90131002,-81.92949121,12015.0,1171.9866603144353,4.1102077687443535,2123,2174,90,0,2084,2144,184998,40,1,0,39,30
2020-08-08,US,Florida,Citrus,1514,36,0,28.84804315,-82.47614748,12017.0,1011.6466319650937,2.3778071334214004,1478,1473,36,0,1437,1429,147929,41,0,0,41,44
2020-08-08,US,Florida,Clay,3245,51,0,29.98319144,-81.85609986,12019.0,1480.032109171182,1.571648690292758,3194,3186,50,0,3136,3110,216072,59,1,0,58,76
2020-08-08,US,Florida,Collier,10265,133,0,26.11091986,-81.34687065,12021.0,2666.9126167180216,1.2956648806624451,10132,10202,131,0,10071,10118,378488,63,2,0,61,84
2020-08-08,US,Florida,Columbia,2835,15,0,30.22509788,-82.62160164,12023.0,3954.747091482298,0.5291005291005291,2820,2784,14,0,2770,2731,70503,51,1,0,50,53
2020-08-08,US,Florida,DeSoto,1339,16,0,27.18677893,-81.80941373,12027.0,3523.5914844346203,1.1949215832710978,1323,1327,16,0,1311,1321,37489,12,0,0,12,6
2020-08-08,US,Florida,Dixie,475,4,0,29.60631086,-83.15724673,12029.0,2823.0120052300013,0.8421052631578947,471,424,4,0,420,375,16700,51,0,0,51,49
2020-08-08,US,Florida,Duval,23166,188,0,30.33225875,-81.66976468,12031.0,2418.781421135885,0.8115341448674782,22978,22889,177,0,22712,22568,950181,277,11,0,266,321
2020-08-08,US,Florida,Escambia,9297,120,0,30.67652764,-87.37284571,12033.0,2920.6825921411432,1.2907389480477574,9177,8757,115,0,8642,8515,315534,540,5,0,535,242
2020-08-08,US,Florida,Flagler,1052,13,0,29.45933576,-81.31508595,12035.0,914.1387370634596,1.2357414448669202,1039,1008,13,0,995,989,112067,44,0,0,44,19
2020-08-08,US,Florida,Franklin,398,2,0,29.83791238,-84.82731662,12037.0,3282.474226804124,0.5025125628140703,396,377,2,0,375,276,11736,21,0,0,21,101
2020-08-08,US,Florida,Gadsden,1866,21,0,30.57796289,-84.61915825,12039.0,4086.727989487517,1.1254019292604502,1845,1781,21,0,1760,1663,45894,85,0,0,85,118
2020-08-08,US,Florida,Gilchrist,355,3,0,29.72856978,-82.79880657,12041.0,1910.4509740609192,0.8450704225352113,352,345,3,0,342,339,18256,10,0,0,10,6
2020-08-08,US,Florida,Glades,401,3,0,26.95635849,-81.18996211,12043.0,2903.4827311563245,0.7481296758104738,398,398,3,0,395,398,13724,3,0,0,3,0
2020-08-08,US,Florida,Gulf,599,2,0,29.93543004,-85.24270990000002,12045.0,4391.81758193416,0.333889816360601,597,569,2,0,567,490,16164,30,0,0,30,79
2020-08-08,US,Florida,Hamilton,617,4,0,30.49673973,-82.94998918,12047.0,4276.4069864153025,0.6482982171799028,613,612,4,0,608,598,14310,5,0,0,5,14
2020-08-08,US,Florida,Hardee,950,7,0,27.49293939,-81.80956574,12049.0,3526.747596243086,0.7368421052631579,943,908,7,0,901,890,27245,42,0,0,42,18
2020-08-08,US,Florida,Hendry,1750,38,0,26.55386945,-81.16469006,12051.0,4164.4852696206735,2.1714285714285717,1712,1725,37,0,1688,1709,41556,25,1,0,24,16
2020-08-08,US,Florida,Hernando,1975,47,0,28.55364461,-82.42700204,12053.0,1018.4612211221124,2.3797468354430378,1928,1929,43,0,1886,1906,190865,46,4,0,42,23
2020-08-08,US,Florida,Highlands,1396,37,0,27.34254618,-81.34071957,12055.0,1314.2410634431985,2.650429799426934,1359,1355,36,0,1319,1328,105424,41,1,0,40,27
2020-08-08,US,Florida,Hillsborough,32268,388,0,27.9276559,-82.32013172,12057.0,2192.1672210265438,1.2024296516672863,31880,31865,386,0,31479,31563,1436888,403,2,0,401,302
2020-08-08,US,Florida,Holmes,494,2,0,30.86747479,-85.81319222,12059.0,2518.2239893969518,0.4048582995951417,492,486,2,0,484,476,19477,8,0,0,8,10
2020-08-08,US,Florida,Indian River,2488,55,0,27.69308961,-80.60556721,12061.0,1555.748704063831,2.2106109324758845,2433,2450,52,0,2398,2424,157413,38,3,0,35,26
2020-08-08,US,Florida,Jackson,1817,37,0,30.795459700000002,-85.21500423,12063.0,3914.767096134786,2.036323610346725,1780,1832,37,0,1795,1797,48305,-15,0,0,-15,35
2020-08-08,US,Florida,Jefferson,448,5,0,30.43669112,-83.89442308,12065.0,3144.7423838270392,1.1160714285714286,443,447,5,0,442,438,14288,1,0,0,1,9
2020-08-08,US,Florida,Lafayette,134,1,0,29.98484137,-83.18166636,12067.0,1591.0710045119924,0.746268656716418,133,129,1,0,128,117,8732,5,0,0,5,12
2020-08-08,US,Florida,Lake,5073,67,0,28.76202069,-81.7125123,12069.0,1381.8445295518065,1.3207175241474474,5006,4958,61,0,4897,4840,356495,115,6,0,109,118
2020-08-08,US,Florida,Lee,16431,334,0,26.58410348,-81.88399313,12071.0,2132.2982648067623,2.032742985819488,16097,16248,329,0,15919,16090,754610,183,5,0,178,158
2020-08-08,US,Florida,Leon,4922,24,0,30.45955727,-84.27491114,12073.0,1676.5333024504228,0.4876066639577408,4898,4814,24,0,4790,4643,292502,108,0,0,108,171
2020-08-08,US,Florida,Levy,673,4,0,29.31829741,-82.74007147,12075.0,1621.5695250945716,0.5943536404160475,669,652,4,0,648,645,40770,21,0,0,21,7
2020-08-08,US,Florida,Liberty,400,6,0,30.23766008,-84.8829258,12077.0,4788.125448886761,1.5,394,395,4,0,391,384,8457,5,2,0,3,11
2020-08-08,US,Florida,Madison,700,8,0,30.44396917,-83.47398594,12079.0,3785.216027686152,1.1428571428571428,692,686,8,0,678,675,18529,14,0,0,14,11
2020-08-08,US,Florida,Manatee,9199,191,0,27.47196942,-82.31831044,12081.0,2281.1981559963597,2.076312642678552,9008,9124,189,0,8935,9050,394855,75,2,0,73,74
2020-08-08,US,Florida,Marion,6260,89,0,29.21227113,-82.05803627,12083.0,1712.3521865315024,1.4217252396166131,6171,5984,86,0,5898,5707,359977,276,3,0,273,277
2020-08-08,US,Florida,Martin,3802,92,0,27.0772071,-80.43109784,12085.0,2361.4906832298143,2.41977906365071,3710,3767,91,0,3676,3712,160912,35,1,0,34,55
2020-08-08,US,Florida,Miami-Dade,131217,1838,0,25.6112362,-80.55170587,12086.0,4829.5876979248715,1.400733136712469,129379,129409,1809,0,127600,127677,2761581,1808,29,0,1779,1732
2020-08-08,US,Florida,Monroe,1514,13,0,25.20904673,-81.07812416,12087.0,2039.6615832300479,0.8586525759577279,1501,1456,13,0,1443,1438,75027,58,0,0,58,18
2020-08-08,US,Florida,Nassau,1219,11,0,30.61037141,-81.80297522,12089.0,1375.4583921015515,0.9023789991796556,1208,1202,11,0,1191,1184,85832,17,0,0,17,18
2020-08-08,US,Florida,Okaloosa,3448,41,0,30.69143028,-86.59267105,12091.0,1636.154846302043,1.1890951276102089,3407,3391,38,0,3353,3292,207269,57,3,0,54,99
2020-08-08,US,Florida,Okeechobee,1027,10,0,27.386336199999995,-80.88944347,12093.0,2435.496110794916,0.973709834469328,1017,1013,9,0,1004,989,41537,14,1,0,13,24
2020-08-08,US,Florida,Orange,31395,297,0,28.51367621,-81.31799498,12095.0,2253.0377795575305,0.9460105112279026,31098,31026,287,0,30739,30776,1380645,369,10,0,359,250
2020-08-08,US,Florida,Osceola,9568,104,0,28.06312234,-81.14882926,12097.0,2546.367142070148,1.0869565217391304,9464,9401,100,0,9301,9286,367990,167,4,0,163,115
2020-08-08,US,Florida,Palm Beach,36600,929,0,26.64676272,-80.46536002,12099.0,2445.2654716489506,2.5382513661202184,35671,36114,919,0,35195,35737,1485941,486,10,0,476,377
2020-08-08,US,Florida,Pasco,6982,127,0,28.30810945,-82.40227529,12101.0,1260.409389345912,1.8189630478372958,6855,6893,122,0,6771,6802,539630,89,5,0,84,91
2020-08-08,US,Florida,Pinellas,17725,497,0,27.93130349,-82.72239666,12103.0,1817.9561762304666,2.8039492242595205,17228,17541,481,0,17060,17358,975280,184,16,0,168,183
2020-08-08,US,Florida,Polk,14124,312,0,27.95027105,-81.69732947,12105.0,1948.737335759827,2.2090059473237043,13812,13839,304,0,13535,13654,708009,285,8,0,277,185
2020-08-08,US,Florida,Putnam,1481,26,0,29.60779729,-81.74230285,12107.0,1987.3592678573825,1.7555705604321403,1455,1465,25,0,1440,1446,74163,16,1,0,15,19
2020-08-08,US,Florida,Santa Rosa,3857,37,0,30.69341450000001,-87.02458128,12113.0,2092.6358965455497,0.9592947886958776,3820,3791,36,0,3755,3700,179349,66,1,0,65,91
2020-08-08,US,Florida,Sarasota,6164,138,0,27.18546175,-82.33174248,12115.0,1421.1213117475365,2.238805970149253,6026,6095,130,0,5965,6025,426718,69,8,0,61,70
2020-08-08,US,Florida,Seminole,7048,118,0,28.7158582,-81.24060348,12117.0,1493.771008804093,1.6742338251986382,6930,6976,110,0,6866,6932,467832,72,8,0,64,44
2020-08-08,US,Florida,St. Johns,3593,34,0,29.90096506,-81.43589967,12109.0,1357.529319308427,0.9462844419704982,3559,3552,34,0,3518,3512,254261,41,0,0,41,40
2020-08-08,US,Florida,St. Lucie,5695,163,0,27.37763908,-80.47106649,12111.0,1734.7097292999936,2.86215978928885,5532,5625,160,0,5465,5514,321128,70,3,0,67,111
2020-08-08,US,Florida,Sumter,1284,41,0,28.70181754,-82.0794267,12119.0,969.6420480289986,3.1931464174454827,1243,1237,41,0,1196,1208,128754,47,0,0,47,29
2020-08-08,US,Florida,Suwannee,1404,43,0,30.19746066,-82.99099670000003,12121.0,3160.951887790711,3.0626780626780628,1361,1356,40,0,1316,1302,44191,48,3,0,45,54
2020-08-08,US,Florida,Taylor,947,4,0,30.04848048,-83.60445406,12123.0,4390.560526681812,0.4223864836325237,943,936,4,0,932,857,21623,11,0,0,11,79
2020-08-08,US,Florida,Unassigned,678,0,0,0.0,0.0,90012.0,0.0,0.0,678,660,0,0,660,646,,18,0,0,18,14
2020-08-08,US,Florida,Union,297,5,0,30.04412971,-82.37497443,12125.0,1949.2025989367985,1.6835016835016836,292,291,4,0,287,244,14940,6,1,0,5,47
2020-08-08,US,Florida,Volusia,7779,131,0,29.05858895,-81.18263252,12127.0,1405.968724922463,1.6840210824013369,7648,7654,126,0,7528,7488,547538,125,5,0,120,166
2020-08-08,US,Florida,Wakulla,680,4,0,30.16548905,-84.39895211,12129.0,2015.4717092978449,0.5882352941176471,676,662,4,0,658,651,32461,18,0,0,18,11
2020-08-08,US,Florida,Walton,1383,15,0,30.64204028,-86.16935664,12131.0,1867.1274857906603,1.084598698481562,1368,1345,15,0,1330,1323,71375,38,0,0,38,22
2020-08-08,US,Florida,Washington,839,14,0,30.61359259,-85.66002461,12133.0,3293.683508028108,1.66865315852205,825,807,14,0,793,747,24880,32,0,0,32,60
2020-08-08,US,Georgia,Appling,645,19,0,31.74847232,-82.28909114,13001.0,3508.103992167954,2.9457364341085266,626,631,19,0,612,619,18507,14,0,0,14,12
2020-08-08,US,Georgia,Atkinson,317,2,0,31.29633502,-82.87545866,13003.0,3882.4249846907533,0.6309148264984227,315,312,2,0,310,306,8297,5,0,0,5,6
2020-08-08,US,Georgia,Bacon,433,7,0,31.55456473,-82.45936528,13005.0,3878.538158366177,1.6166281755196306,426,427,6,0,421,424,11185,6,1,0,5,3
2020-08-08,US,Georgia,Baker,63,3,0,31.32669878,-84.44218806,13007.0,2073.7327188940094,4.761904761904762,60,63,3,0,60,63,3092,0,0,0,0,0
2020-08-08,US,Georgia,Baldwin,1035,39,0,33.06882326,-83.24701748,13009.0,2305.635999108933,3.768115942028986,996,1023,38,0,985,1010,44823,12,1,0,11,13
2020-08-08,US,Georgia,Banks,270,4,0,34.35607081,-83.49644388,13011.0,1403.7641676198398,1.4814814814814814,266,259,4,0,255,255,18988,11,0,0,11,4
2020-08-08,US,Georgia,Barrow,1278,32,0,33.99148694,-83.71436292,13013.0,1535.3195579048536,2.503912363067293,1246,1250,32,0,1218,1214,80809,28,0,0,28,36
2020-08-08,US,Georgia,Bartow,1853,62,0,34.23732119,-84.83887523,13015.0,1719.9131225751362,3.3459255261737724,1791,1816,61,0,1755,1772,106408,37,1,0,36,44
2020-08-08,US,Georgia,Ben Hill,416,3,0,31.76095874,-83.22145359,13017.0,2491.017964071856,0.7211538461538461,413,393,3,0,390,388,16787,23,0,0,23,5
2020-08-08,US,Georgia,Berrien,289,0,0,31.27590016,-83.22529920000002,13019.0,1489.9211218229627,0.0,289,281,0,0,281,279,19252,8,0,0,8,2
2020-08-08,US,Georgia,Bibb,3554,68,0,32.80904227,-83.70489165,13021.0,2320.464354037308,1.9133370849746765,3486,3473,67,0,3406,3395,153095,81,1,0,80,78
2020-08-08,US,Georgia,Bleckley,184,7,0,32.43829035,-83.33035166,13023.0,1429.3482482715765,3.804347826086957,177,181,6,0,175,166,12838,3,1,0,2,15
2020-08-08,US,Georgia,Brantley,244,5,0,31.19576557,-81.97743999,13025.0,1276.8852373227276,2.0491803278688523,239,242,4,0,238,238,18897,2,1,0,1,4
2020-08-08,US,Georgia,Brooks,408,18,0,30.83922642,-83.58303423,13027.0,2639.5807724655497,4.411764705882354,390,391,18,0,373,380,15513,17,0,0,17,11
2020-08-08,US,Georgia,Bryan,651,8,0,32.00979311,-81.44002948,13029.0,1642.819289878113,1.228878648233487,643,634,8,0,626,608,38109,17,0,0,17,26
2020-08-08,US,Georgia,Bulloch,1242,14,0,32.39577406,-81.74811421,13031.0,1560.1447090744648,1.1272141706924317,1228,1200,14,0,1186,1175,77296,42,0,0,42,25
2020-08-08,US,Georgia,Burke,462,7,0,33.05917989,-81.99928721,13033.0,2064.0664790242595,1.5151515151515151,455,451,7,0,444,437,22423,11,0,0,11,14
2020-08-08,US,Georgia,Butts,487,37,0,33.283094500000004,-83.95435040000002,13035.0,1952.9996791786973,7.597535934291581,450,482,37,0,445,476,24193,5,0,0,5,6
2020-08-08,US,Georgia,Calhoun,203,6,0,31.53169785,-84.62725131,13037.0,3280.012926159315,2.955665024630542,197,201,6,0,195,200,6352,2,0,0,2,1
2020-08-08,US,Georgia,Camden,730,5,0,30.92951916,-81.66601818,13039.0,1335.3821388065708,0.6849315068493149,725,725,5,0,720,713,53677,5,0,0,5,12
2020-08-08,US,Georgia,Candler,252,4,0,32.40209349,-82.07702563,13043.0,2332.68536517634,1.5873015873015872,248,245,4,0,241,243,10836,7,0,0,7,2
2020-08-08,US,Georgia,Carroll,1862,49,0,33.58138199,-85.07976677,13045.0,1551.770118007867,2.631578947368421,1813,1842,49,0,1793,1811,118121,20,0,0,20,31
2020-08-08,US,Georgia,Catoosa,631,9,0,34.89872298,-85.13757014,13047.0,933.7081976916247,1.4263074484944531,622,609,9,0,600,593,67420,22,0,0,22,16
2020-08-08,US,Georgia,Charlton,417,3,0,30.78371028,-82.13951596,13049.0,3113.799283154122,0.7194244604316546,414,412,3,0,409,403,12968,5,0,0,5,9
2020-08-08,US,Georgia,Chatham,5665,75,0,32.00043026,-81.12489526,13051.0,1957.2953736654806,1.323918799646955,5590,5526,74,0,5452,5441,289195,139,1,0,138,85
2020-08-08,US,Georgia,Chattahoochee,759,1,0,32.34341231,-84.78809239,13053.0,6958.833776473824,0.13175230566534915,758,736,1,0,735,734,10684,23,0,0,23,2
2020-08-08,US,Georgia,Chattooga,255,3,0,34.47197698,-85.34535662,13055.0,1028.6820767275808,1.1764705882352942,252,241,3,0,238,231,24790,14,0,0,14,10
2020-08-08,US,Georgia,Cherokee,3398,63,0,34.24393976,-84.47431861,13057.0,1313.119993198672,1.8540317834020013,3335,3269,61,0,3208,3155,254149,129,2,0,127,114
2020-08-08,US,Georgia,Clarke,2027,18,0,33.95436462,-83.37124007,13059.0,1579.5092378302982,0.8880118401578688,2009,1968,18,0,1950,1894,127330,59,0,0,59,74
2020-08-08,US,Georgia,Clay,86,2,0,31.62221166,-84.97713865,13061.0,3034.5800988002825,2.3255813953488373,84,86,2,0,84,85,2887,0,0,0,0,1
2020-08-08,US,Georgia,Clayton,4952,110,0,33.54187245,-84.35594188,13063.0,1694.404905288514,2.221324717285945,4842,4879,105,0,4774,4790,289615,73,5,0,68,89
2020-08-08,US,Georgia,Clinch,192,4,0,30.91395822,-82.70432472,13065.0,2901.178603807797,2.083333333333333,188,188,4,0,184,181,6648,4,0,0,4,7
2020-08-08,US,Georgia,Cobb,13336,319,0,33.94243204,-84.5761255,13067.0,1754.4113526306305,2.3920215956808644,13017,13049,317,0,12732,12718,756865,287,2,0,285,331
2020-08-08,US,Georgia,Coffee,1447,28,0,31.54892966,-82.85492059999999,13069.0,3343.886488110369,1.9350380096751898,1419,1433,25,0,1408,1416,43093,14,3,0,11,17
2020-08-08,US,Georgia,Colquitt,1537,23,0,31.18810588,-83.7677946,13071.0,3370.61403508772,1.4964216005204944,1514,1532,22,0,1510,1521,45592,5,1,0,4,11
2020-08-08,US,Georgia,Columbia,2188,23,0,33.54534185,-82.263524,13073.0,1396.1739219214621,1.0511882998171846,2165,2134,22,0,2112,2088,154291,54,1,0,53,46
2020-08-08,US,Georgia,Cook,432,6,0,31.16068491,-83.42947229,13075.0,2501.447596988998,1.3888888888888888,426,426,6,0,420,426,17162,6,0,0,6,0
2020-08-08,US,Georgia,Coweta,1485,22,0,33.35334302,-84.76129976,13077.0,999.9393976122659,1.4814814814814814,1463,1465,22,0,1443,1425,145864,20,0,0,20,40
2020-08-08,US,Georgia,Crawford,102,0,0,32.71391813,-83.98061238,13079.0,822.3153821347952,0.0,102,101,0,0,101,100,12318,1,0,0,1,1
2020-08-08,US,Georgia,Crisp,374,14,0,31.92289565,-83.76811843,13081.0,1671.7325227963531,3.7433155080213902,360,371,14,0,357,370,22601,3,0,0,3,1
2020-08-08,US,Georgia,Dade,125,1,0,34.854916700000004,-85.50490424,13083.0,775.6267063787541,0.8,124,122,1,0,121,121,16226,3,0,0,3,1
2020-08-08,US,Georgia,Dawson,369,3,0,34.44244079,-84.16964071,13085.0,1413.3598896889841,0.8130081300813008,366,359,3,0,356,335,25083,10,0,0,10,24
2020-08-08,US,Georgia,DeKalb,13752,237,0,33.76944049,-84.22396017,13089.0,1811.1489970327814,1.7233856893542758,13515,13509,237,0,13272,13237,756558,243,0,0,243,272
2020-08-08,US,Georgia,Decatur,770,11,0,30.87967778,-84.57619536,13087.0,2916.224814422057,1.4285714285714286,759,750,10,0,740,728,26575,20,1,0,19,22
2020-08-08,US,Georgia,Dodge,210,3,0,32.17265114,-83.16948926,13091.0,1019.170104343606,1.4285714285714286,207,209,3,0,206,201,20705,1,0,0,1,8
2020-08-08,US,Georgia,Dooly,252,14,0,32.15630737,-83.79746561,13093.0,1882.001493651979,5.5555555555555545,238,248,14,0,234,245,13706,4,0,0,4,3
2020-08-08,US,Georgia,Dougherty,2684,170,0,31.53328528,-84.21722377,13095.0,3051.525762881441,6.333830104321907,2514,2661,170,0,2491,2661,91243,23,0,0,23,0
2020-08-08,US,Georgia,Douglas,2602,51,0,33.70291126,-84.77026156,13097.0,1778.0146641793594,1.9600307455803228,2551,2549,50,0,2499,2493,145331,53,1,0,52,56
2020-08-08,US,Georgia,Early,359,32,0,31.32155345,-84.90255207,13099.0,3523.06182531894,8.913649025069637,327,355,32,0,323,355,10247,4,0,0,4,0
2020-08-08,US,Georgia,Echols,221,2,0,30.71101099,-82.89687287,13101.0,5516.7249126310535,0.9049773755656108,219,220,2,0,218,217,4000,1,0,0,1,3
2020-08-08,US,Georgia,Effingham,719,2,0,32.36616021,-81.34280942,13103.0,1118.2655219609308,0.27816411682892905,717,703,2,0,701,684,62190,16,0,0,16,19
2020-08-08,US,Georgia,Elbert,354,1,0,34.11302332,-82.83936148,13105.0,1844.3263519849952,0.2824858757062147,353,348,1,0,347,339,19120,6,0,0,6,9
2020-08-08,US,Georgia,Emanuel,501,9,0,32.59221302,-82.30239915,13107.0,2212.311224940386,1.7964071856287425,492,469,9,0,460,459,22612,32,0,0,32,10
2020-08-08,US,Georgia,Evans,249,1,0,32.15328841,-81.8870105,13109.0,2337.150366059696,0.4016064257028112,248,242,1,0,241,236,10721,7,0,0,7,6
2020-08-08,US,Georgia,Fannin,329,3,0,34.86430205,-84.316964,13111.0,1256.3005956926836,0.9118541033434652,326,313,3,0,310,303,25964,16,0,0,16,10
2020-08-08,US,Georgia,Fayette,1100,28,0,33.41357794,-84.49089434,13113.0,961.3619877470044,2.5454545454545454,1072,1078,28,0,1050,1047,113459,22,0,0,22,31
2020-08-08,US,Georgia,Floyd,1488,17,0,34.26268279,-85.21577392,13115.0,1510.6905723974094,1.14247311827957,1471,1428,17,0,1411,1388,97927,60,0,0,60,40
2020-08-08,US,Georgia,Forsyth,2224,22,0,34.22604035,-84.12315129999998,13117.0,910.5350212076053,0.9892086330935252,2202,2143,22,0,2121,2084,236612,81,0,0,81,59
2020-08-08,US,Georgia,Franklin,396,6,0,34.37525597,-83.23159927,13119.0,1696.0041115251188,1.5151515151515151,390,390,6,0,384,390,23023,6,0,0,6,0
2020-08-08,US,Georgia,Fulton,20049,430,0,33.79216944,-84.46319413,13121.0,1884.4160885465965,2.1447453738341062,19619,19647,420,0,19227,19230,1050114,402,10,0,392,417
2020-08-08,US,Georgia,Gilmer,616,4,0,34.69316688,-84.45802506,13123.0,1963.722146067774,0.6493506493506493,612,583,4,0,579,571,30816,33,0,0,33,12
2020-08-08,US,Georgia,Glascock,24,0,0,33.22879932,-82.61297636,13125.0,807.8088185796028,0.0,24,24,0,0,24,24,2995,0,0,0,0,0
2020-08-08,US,Georgia,Glynn,2487,47,0,31.23279254,-81.53811412,13127.0,2915.865497350279,1.8898271009248089,2440,2450,47,0,2403,2422,85219,37,0,0,37,28
2020-08-08,US,Georgia,Gordon,1171,23,0,34.50487351,-84.87296253,13129.0,2020.2543001569968,1.964133219470538,1148,1144,23,0,1121,1106,57685,27,0,0,27,38
2020-08-08,US,Georgia,Grady,476,5,0,30.87454847,-84.23418364,13131.0,1932.3671497584546,1.050420168067227,471,471,5,0,466,453,24748,5,0,0,5,18
2020-08-08,US,Georgia,Greene,308,12,0,33.5769205,-83.17139104,13133.0,1680.8557083606195,3.8961038961038965,296,297,12,0,285,287,17698,11,0,0,11,10
2020-08-08,US,Georgia,Gwinnett,19548,260,0,33.96044201,-84.02137802,13135.0,2087.9038718291054,1.3300593411090649,19288,19187,254,0,18933,18854,927781,361,6,0,355,333
2020-08-08,US,Georgia,Habersham,1135,49,0,34.63331566,-83.53094677,13137.0,2503.971055418285,4.317180616740088,1086,1125,48,0,1077,1102,45388,10,1,0,9,23
2020-08-08,US,Georgia,Hall,6035,91,0,34.32207823,-83.81896936,13139.0,2951.9519078854055,1.507870753935377,5944,5947,92,0,5855,5847,202148,88,-1,0,89,100
2020-08-08,US,Georgia,Hancock,315,35,0,33.2721566,-82.99766919,13141.0,3724.725079815538,11.111111111111109,280,308,35,0,273,298,8348,7,0,0,7,10
2020-08-08,US,Georgia,Haralson,208,6,0,33.79602175,-85.21005667,13143.0,698.1740064446832,2.8846153846153846,202,207,6,0,201,206,29533,1,0,0,1,1
2020-08-08,US,Georgia,Harris,652,17,0,32.73709786,-84.90538572,13145.0,1850.3802928822793,2.607361963190184,635,645,16,0,629,637,34475,7,1,0,6,8
2020-08-08,US,Georgia,Hart,300,7,0,34.34626973,-82.96567682,13147.0,1144.8196908986833,2.333333333333333,293,292,6,0,286,284,26099,8,1,0,7,8
2020-08-08,US,Georgia,Heard,142,4,0,33.29686567,-85.12886832,13149.0,1190.9754256479075,2.8169014084507036,138,140,4,0,136,139,11879,2,0,0,2,1
2020-08-08,US,Georgia,Henry,3320,47,0,33.4533428,-84.14814659999998,13151.0,1415.410063906617,1.4156626506024097,3273,3252,47,0,3205,3184,230220,68,0,0,68,68
2020-08-08,US,Georgia,Houston,1948,58,0,32.45802497,-83.66879087,13153.0,1233.9813635874145,2.97741273100616,1890,1898,54,0,1844,1871,155469,50,4,0,46,27
2020-08-08,US,Georgia,Irwin,166,1,0,31.60213036,-83.27501387,13155.0,1762.9566694987257,0.6024096385542169,165,160,1,0,159,159,9398,6,0,0,6,1
2020-08-08,US,Georgia,Jackson,1059,16,0,34.13794553,-83.56814788,13157.0,1451.1421406744591,1.5108593012275733,1043,1040,14,0,1026,1017,70422,19,2,0,17,23
2020-08-08,US,Georgia,Jasper,161,1,0,33.31535543,-83.68844964,13159.0,1132.287783951051,0.6211180124223602,160,153,1,0,152,149,14040,8,0,0,8,4
2020-08-08,US,Georgia,Jeff Davis,436,8,0,31.80405727,-82.63724870000001,13161.0,2884.5517697651344,1.834862385321101,428,429,8,0,421,418,15029,7,0,0,7,11
2020-08-08,US,Georgia,Jefferson,485,7,0,33.05867328,-82.41609057,13163.0,3157.140997265981,1.443298969072165,478,476,7,0,469,469,15430,9,0,0,9,7
2020-08-08,US,Georgia,Jenkins,243,24,0,32.79248718,-81.96040187,13165.0,2800.829875518672,9.876543209876543,219,241,24,0,217,236,8683,2,0,0,2,5
2020-08-08,US,Georgia,Johnson,240,11,0,32.70211082,-82.66166794,13167.0,2488.852017007156,4.583333333333333,229,237,11,0,226,231,9708,3,0,0,3,6
2020-08-08,US,Georgia,Jones,302,3,0,33.02512137,-83.56019163,13169.0,1050.983121628676,0.9933774834437086,299,297,3,0,294,293,28616,5,0,0,5,4
2020-08-08,US,Georgia,Lamar,273,12,0,33.07841647,-84.14263877,13171.0,1431.0426167636422,4.395604395604397,261,269,11,0,258,257,19000,4,1,0,3,12
2020-08-08,US,Georgia,Lanier,219,4,0,31.03828570000001,-83.06472457,13173.0,2101.122517509354,1.8264840182648399,215,214,4,0,210,213,10340,5,0,0,5,1
2020-08-08,US,Georgia,Laurens,886,8,0,32.46325233,-82.92221316,13175.0,1863.4585454086566,0.9029345372460496,878,865,8,0,857,828,47325,21,0,0,21,37
2020-08-08,US,Georgia,Lee,535,22,0,31.779330600000005,-84.14324253,13177.0,1783.8090157375302,4.11214953271028,513,530,22,0,508,527,29764,5,0,0,5,3
2020-08-08,US,Georgia,Liberty,713,3,0,31.82588896,-81.49251135,13179.0,1160.576218767803,0.4207573632538569,710,695,3,0,692,676,61497,18,0,0,18,19
2020-08-08,US,Georgia,Lincoln,137,4,0,33.79201475,-82.45024131,13181.0,1729.5795985355387,2.9197080291970803,133,134,4,0,130,132,7915,3,0,0,3,2
2020-08-08,US,Georgia,Long,123,1,0,31.75218791,-81.74952375,13183.0,628.8665064676109,0.8130081300813008,122,118,1,0,117,114,18998,5,0,0,5,4
2020-08-08,US,Georgia,Lowndes,3156,44,0,30.83568832,-83.27056716,13185.0,2688.1079331550345,1.3941698352344742,3112,3114,40,0,3074,3077,116321,42,4,0,38,37
2020-08-08,US,Georgia,Lumpkin,339,6,0,34.57286511,-84.00425681,13187.0,1008.628384409402,1.7699115044247788,333,327,6,0,321,320,32955,12,0,0,12,7
2020-08-08,US,Georgia,Macon,177,10,0,32.35207048,-84.04234127,13193.0,1367.11207229474,5.649717514124294,167,177,10,0,167,176,13143,0,0,0,0,1
2020-08-08,US,Georgia,Madison,392,6,0,34.12920917,-83.21218732,13195.0,1311.9143239625168,1.5306122448979589,386,375,5,0,370,371,29650,17,1,0,16,4
2020-08-08,US,Georgia,Marion,150,5,0,32.3483402,-84.52733571,13197.0,1794.4730230888865,3.333333333333333,145,147,4,0,143,147,8351,3,1,0,2,0
2020-08-08,US,Georgia,McDuffie,338,10,0,33.47851918,-82.48252774,13189.0,1585.960960960961,2.9585798816568047,328,331,10,0,321,317,21531,7,0,0,7,14
2020-08-08,US,Georgia,McIntosh,174,2,0,31.49683595,-81.40163426,13191.0,1210.1822228404508,1.1494252873563218,172,167,2,0,165,164,14340,7,0,0,7,3
2020-08-08,US,Georgia,Meriwether,384,6,0,33.04163534,-84.68859732,13199.0,1814.1446591392264,1.5625,378,379,6,0,373,373,21068,5,0,0,5,6
2020-08-08,US,Georgia,Miller,142,0,0,31.16568912,-84.73151117,13201.0,2483.3857992304997,0.0,142,135,0,0,135,135,5686,7,0,0,7,0
2020-08-08,US,Georgia,Mitchell,648,41,0,31.22483255,-84.19381821,13205.0,2963.911631523579,6.327160493827161,607,642,41,0,601,634,22192,6,0,0,6,8
2020-08-08,US,Georgia,Monroe,453,26,0,33.014289,-83.92097166,13207.0,1642.6136775690768,5.739514348785873,427,444,25,0,419,441,27520,9,1,0,8,3
2020-08-08,US,Georgia,Montgomery,150,2,0,32.17201038,-82.53527476,13209.0,1635.4121238552116,1.3333333333333333,148,148,2,0,146,146,9193,2,0,0,2,2
2020-08-08,US,Georgia,Morgan,271,0,0,33.59232073,-83.49129491,13211.0,1405.8933388669848,0.0,271,253,0,0,253,246,18853,18,0,0,18,7
2020-08-08,US,Georgia,Murray,589,2,0,34.78897608,-84.74993177,13213.0,1468.974461292897,0.3395585738539898,587,575,2,0,573,564,39921,14,0,0,14,11
2020-08-08,US,Georgia,Muscogee,4685,96,0,32.50931999,-84.87142262,13215.0,2393.126593076534,2.0490928495197442,4589,4595,94,0,4501,4514,194160,90,2,0,88,81
2020-08-08,US,Georgia,Newton,1764,40,0,33.55514538,-83.84547140000002,13217.0,1578.6082474226803,2.2675736961451247,1724,1736,39,0,1697,1693,109541,28,1,0,27,43
2020-08-08,US,Georgia,Oconee,432,15,0,33.83749973,-83.43679568,13219.0,1072.4925521350547,3.4722222222222223,417,429,15,0,414,418,39272,3,0,0,3,11
2020-08-08,US,Georgia,Oglethorpe,214,7,0,33.878629600000004,-83.08278123,13221.0,1402.451012517203,3.2710280373831777,207,211,7,0,204,201,15054,3,0,0,3,10
2020-08-08,US,Georgia,Out of GA,16119,91,0,0.0,0.0,80013.0,0.0,0.5645511508158074,16028,15728,88,0,15640,15595,,391,3,0,388,133
2020-08-08,US,Georgia,Paulding,1651,22,0,33.91969522,-84.86848792,13223.0,978.8518204509476,1.3325257419745609,1629,1615,22,0,1593,1578,164044,36,0,0,36,37
2020-08-08,US,Georgia,Peach,374,12,0,32.56934316,-83.82937,13225.0,1357.7288898569666,3.2085561497326203,362,364,12,0,352,359,27297,10,0,0,10,5
2020-08-08,US,Georgia,Pickens,369,5,0,34.46589159,-84.46406611,13227.0,1132.2144150225522,1.3550135501355014,364,362,5,0,357,341,31980,7,0,0,7,21
2020-08-08,US,Georgia,Pierce,398,8,0,31.35928155,-82.21598442,13229.0,2044.6956075006424,2.010050251256281,390,392,7,0,385,387,19389,6,1,0,5,5
2020-08-08,US,Georgia,Pike,210,4,0,33.09310242,-84.38790389,13231.0,1107.4781141229828,1.9047619047619049,206,203,4,0,199,200,18634,7,0,0,7,3
2020-08-08,US,Georgia,Polk,789,11,0,34.00267074,-85.18677781,13233.0,1851.5476497782367,1.3941698352344742,778,765,11,0,754,743,42470,24,0,0,24,22
2020-08-08,US,Georgia,Pulaski,100,2,0,32.23334561,-83.47549959999998,13235.0,897.9078746520607,2.0,98,96,2,0,94,90,11069,4,0,0,4,6
2020-08-08,US,Georgia,Putnam,424,18,0,33.32056115,-83.37552891,13237.0,1916.9040191690399,4.245283018867925,406,408,18,0,390,401,21809,16,0,0,16,7
2020-08-08,US,Georgia,Quitman,29,1,0,31.86728114,-85.01773177,13239.0,1261.418007829491,3.4482758620689653,28,29,1,0,28,29,2279,0,0,0,0,0
2020-08-08,US,Georgia,Rabun,215,3,0,34.88389445,-83.40304637,13241.0,1254.5953200676895,1.3953488372093024,212,212,3,0,209,203,16867,3,0,0,3,9
2020-08-08,US,Georgia,Randolph,270,26,0,31.76622818,-84.75732369,13243.0,3983.475951608144,9.629629629629632,244,268,26,0,242,266,6833,2,0,0,2,2
2020-08-08,US,Georgia,Richmond,4218,90,0,33.35777107,-82.07026432,13245.0,2082.7778271561046,2.1337126600284493,4128,4121,88,0,4033,3984,201554,97,2,0,95,137
2020-08-08,US,Georgia,Rockdale,1302,17,0,33.65145002,-84.02202167,13247.0,1432.4062665023764,1.3056835637480801,1285,1270,17,0,1253,1242,90594,32,0,0,32,28
2020-08-08,US,Georgia,Schley,66,1,0,32.2654021,-84.31258912,13249.0,1255.4688986113754,1.5151515151515151,65,63,1,0,62,58,5236,3,0,0,3,5
2020-08-08,US,Georgia,Screven,195,9,0,32.74976524,-81.60779441,13251.0,1396.248030932264,4.615384615384615,186,189,9,0,180,185,13938,6,0,0,6,4
2020-08-08,US,Georgia,Seminole,196,4,0,30.93464824,-84.86823924,13253.0,2422.744128553769,2.0408163265306123,192,185,5,0,180,180,8315,11,-1,0,12,5
2020-08-08,US,Georgia,Spalding,931,41,0,33.26310031,-84.28013991,13255.0,1395.739322069472,4.403866809881848,890,913,41,0,872,893,66100,18,0,0,18,20
2020-08-08,US,Georgia,Stephens,611,12,0,34.55151201,-83.29405315,13257.0,2356.798457087753,1.9639934533551555,599,599,12,0,587,588,26035,12,0,0,12,11
2020-08-08,US,Georgia,Stewart,255,7,0,32.07996777,-84.83208037,13259.0,3851.3819664703215,2.7450980392156863,248,255,6,0,249,254,6199,0,1,0,-1,1
2020-08-08,US,Georgia,Sumter,757,56,0,32.03650571,-84.19821492,13261.0,2564.0157160276385,7.39762219286658,701,749,56,0,693,742,29733,8,0,0,8,7
2020-08-08,US,Georgia,Talbot,136,3,0,32.69642758,-84.53351366,13263.0,2195.318805488297,2.2058823529411766,133,134,3,0,131,133,6272,2,0,0,2,1
2020-08-08,US,Georgia,Taliaferro,13,0,0,33.56543317,-82.88136816,13265.0,845.8035133376708,0.0,13,12,0,0,12,12,1608,1,0,0,1,0
2020-08-08,US,Georgia,Tattnall,494,1,0,32.04785085,-82.05539188,13267.0,1953.6502412402122,0.20242914979757085,493,483,1,0,482,466,25391,11,0,0,11,17
2020-08-08,US,Georgia,Taylor,82,2,0,32.55792548,-84.25077141,13269.0,1022.4438902743144,2.4390243902439024,80,81,2,0,79,78,8039,1,0,0,1,3
2020-08-08,US,Georgia,Telfair,278,9,0,31.92829517,-82.93491155,13271.0,1752.8373266078186,3.2374100719424463,269,274,7,0,267,273,15876,4,2,0,2,1
2020-08-08,US,Georgia,Terrell,301,30,0,31.77527543,-84.44069698,13273.0,3528.3085218614465,9.966777408637872,271,295,30,0,265,296,8611,6,0,0,6,-1
2020-08-08,US,Georgia,Thomas,1109,42,0,30.86392347,-83.91847289,13275.0,2494.8820049042765,3.787195671776375,1067,1084,42,0,1042,1057,44448,25,0,0,25,27
2020-08-08,US,Georgia,Tift,1321,36,0,31.45743864,-83.5236119,13277.0,3250.1722271429976,2.7252081756245268,1285,1313,36,0,1277,1297,40571,8,0,0,8,16
2020-08-08,US,Georgia,Toombs,741,8,0,32.12059861,-82.32957247,13279.0,2761.833768169959,1.0796221322537112,733,710,7,0,703,699,26887,31,1,0,30,11
2020-08-08,US,Georgia,Towns,142,1,0,34.91369188,-83.74107459999998,13281.0,1179.6959375259614,0.7042253521126759,141,134,1,0,133,124,11852,8,0,0,8,10
2020-08-08,US,Georgia,Treutlen,118,3,0,32.40422134,-82.56904553,13283.0,1709.897116359948,2.5423728813559316,115,113,3,0,110,107,6809,5,0,0,5,6
2020-08-08,US,Georgia,Troup,2280,69,0,33.03349196,-85.02812115,13285.0,3260.7762935842798,3.0263157894736836,2211,2257,69,0,2188,2238,70034,23,0,0,23,19
2020-08-08,US,Georgia,Turner,245,18,0,31.71612656,-83.62069378,13287.0,3068.252974326863,7.346938775510204,227,241,18,0,223,237,7912,4,0,0,4,4
2020-08-08,US,Georgia,Twiggs,116,3,0,32.67435595,-83.43078662,13289.0,1428.5714285714291,2.586206896551724,113,111,3,0,108,106,8188,5,0,0,5,5
2020-08-08,US,Georgia,Unassigned,2559,9,0,0.0,0.0,90013.0,0.0,0.3516998827667057,2550,2504,9,0,2495,2472,,55,0,0,55,32
2020-08-08,US,Georgia,Union,260,7,0,34.82995757,-83.98967069,13291.0,1060.7482354861083,2.6923076923076925,253,256,7,0,249,242,24001,4,0,0,4,14
2020-08-08,US,Georgia,Upson,523,46,0,32.87920671,-84.30024826,13293.0,1987.0820668693011,8.795411089866159,477,507,46,0,461,496,26215,16,0,0,16,11
2020-08-08,US,Georgia,Walker,684,17,0,34.73376362,-85.30165174,13295.0,980.4905319591176,2.4853801169590644,667,658,17,0,641,635,69410,26,0,0,26,23
2020-08-08,US,Georgia,Walton,1103,39,0,33.78017694,-83.73552314,13297.0,1166.0482276701234,3.5358114233907525,1064,1077,39,0,1038,1044,93503,26,0,0,26,33
2020-08-08,US,Georgia,Ware,1135,25,0,31.05449097,-82.42224148,13299.0,3176.246711815078,2.202643171806167,1110,1125,25,0,1100,1113,35680,10,0,0,10,12
2020-08-08,US,Georgia,Warren,75,1,0,33.41146451,-82.67795848,13301.0,1427.483821850019,1.3333333333333333,74,68,1,0,67,62,5251,7,0,0,7,6
2020-08-08,US,Georgia,Washington,458,2,0,32.96711864,-82.79357039,13303.0,2247.9630902130166,0.4366812227074236,456,454,2,0,452,448,20386,4,0,0,4,6
2020-08-08,US,Georgia,Wayne,736,8,0,31.5521809,-81.91894878,13305.0,2459.3176730043106,1.0869565217391304,728,722,8,0,714,701,29808,14,0,0,14,21
2020-08-08,US,Georgia,Webster,39,2,0,32.04066113,-84.54742852,13307.0,1495.9723820483316,5.128205128205129,37,39,2,0,37,39,2611,0,0,0,0,0
2020-08-08,US,Georgia,Wheeler,91,1,0,32.12009104,-82.72574721,13309.0,1158.497772119669,1.0989010989010992,90,89,1,0,88,87,7879,2,0,0,2,2
2020-08-08,US,Georgia,White,353,5,0,34.64624278,-83.74905525,13311.0,1146.1783232677444,1.4164305949008498,348,347,5,0,342,320,29970,6,0,0,6,27
2020-08-08,US,Georgia,Whitfield,3496,29,0,34.80987459,-84.96093476,13313.0,3341.3617769621887,0.8295194508009154,3467,3419,29,0,3390,3358,104062,77,0,0,77,61
2020-08-08,US,Georgia,Wilcox,181,19,0,31.97496928,-83.43438555,13315.0,2096.120440069485,10.497237569060774,162,176,18,0,158,176,8812,5,1,0,4,0
2020-08-08,US,Georgia,Wilkes,189,4,0,33.78290391,-82.74286107,13317.0,1933.1083154341825,2.1164021164021163,185,187,3,0,184,183,9876,2,1,0,1,4
2020-08-08,US,Georgia,Wilkinson,211,11,0,32.80291082,-83.17140684,13319.0,2356.4887201250835,5.213270142180095,200,205,11,0,194,201,9036,6,0,0,6,4
2020-08-08,US,Georgia,Worth,444,23,0,31.55162306,-83.85090513,13321.0,2192.9174692547044,5.180180180180179,421,440,23,0,417,440,20299,4,0,0,4,0
2020-08-08,US,Hawaii,Hawaii,128,0,0,19.60121157,-155.5210167,15001.0,63.519475170336406,0.0,128,123,0,0,123,123,200983,5,0,0,5,0
2020-08-08,US,Hawaii,Honolulu,2964,24,0,21.45803166,-157.97121819999995,15003.0,304.1363154562609,0.8097165991902834,2940,2741,24,0,2717,2541,980080,223,0,0,223,200
2020-08-08,US,Hawaii,Kauai,47,0,0,22.03935037,-159.5966786,15007.0,65.01321013099471,0.0,47,47,0,0,47,47,72133,0,0,0,0,0
2020-08-08,US,Hawaii,Maui,184,6,0,20.86399628,-156.56890969999995,15009.0,109.90520675917021,3.260869565217391,178,181,6,0,175,180,167207,3,0,0,3,1
2020-08-08,US,Hawaii,Out of HI,23,1,0,0.0,0.0,80015.0,0.0,4.3478260869565215,22,23,1,0,22,23,,0,0,0,0,0
2020-08-08,US,Idaho,Ada,8932,81,0,43.4526575,-116.24155159999998,16001.0,1854.7012274002414,0.9068517689207344,8851,8720,76,0,8644,8569,469966,212,5,0,207,151
2020-08-08,US,Idaho,Adams,19,0,0,44.89333571,-116.4545247,16003.0,442.4778761061947,0.0,19,19,0,0,19,19,4250,0,0,0,0,0
2020-08-08,US,Idaho,Bannock,391,2,0,42.67002716,-112.2233311,16005.0,445.28972303207,0.5115089514066496,389,388,2,0,386,375,87138,3,0,0,3,13
2020-08-08,US,Idaho,Bear Lake,15,0,0,42.28269683,-111.32892379999998,16007.0,244.89795918367344,0.0,15,15,0,0,15,12,6050,0,0,0,0,3
2020-08-08,US,Idaho,Benewah,64,0,0,47.21754179,-116.6586851,16009.0,688.3200688320069,0.0,64,63,0,0,63,60,9226,1,0,0,1,3
2020-08-08,US,Idaho,Bingham,243,2,0,43.21672879999999,-112.3978437,16011.0,519.1087564888595,0.8230452674897121,241,236,2,0,234,229,46236,7,0,0,7,7
2020-08-08,US,Idaho,Blaine,575,6,0,43.4085812,-113.9752658,16013.0,2497.7194735241737,1.0434782608695652,569,575,6,0,569,575,22601,0,0,0,0,0
2020-08-08,US,Idaho,Boise,48,1,0,43.98829931,-115.7309284,16015.0,612.9485378623418,2.083333333333333,47,47,1,0,46,43,7634,1,0,0,1,4
2020-08-08,US,Idaho,Bonner,183,0,0,48.29996017,-116.6017932,16017.0,400.09619799296013,0.0,183,178,0,0,178,174,44727,5,0,0,5,4
2020-08-08,US,Idaho,Bonneville,1003,3,0,43.38713372,-111.6161537,16019.0,842.4182358771063,0.2991026919242273,1000,958,3,0,955,914,116854,45,0,0,45,44
2020-08-08,US,Idaho,Boundary,35,0,0,48.76684761,-116.4630179,16021.0,285.83095140873826,0.0,35,36,0,0,36,36,11948,-1,0,0,-1,0
2020-08-08,US,Idaho,Camas,1,0,0,43.46665742,-114.8065892,16025.0,90.41591320072331,0.0,1,1,0,0,1,1,1127,0,0,0,0,0
2020-08-08,US,Idaho,Canyon,5726,48,0,43.61970148,-116.70954990000001,16027.0,2491.200744836828,0.8382815228780999,5678,5620,48,0,5572,5453,223499,106,0,0,106,167
2020-08-08,US,Idaho,Caribou,31,0,0,42.77149116,-111.5597683,16029.0,433.2634521313767,0.0,31,31,0,0,31,31,7060,0,0,0,0,0
2020-08-08,US,Idaho,Cassia,516,1,0,42.28347888,-113.6012409,16031.0,2147.315855181024,0.1937984496124031,515,513,1,0,512,503,23864,3,0,0,3,10
2020-08-08,US,Idaho,Clark,8,0,0,44.28496071,-112.35057040000001,16033.0,946.7455621301776,0.0,8,8,0,0,8,8,852,0,0,0,0,0
2020-08-08,US,Idaho,Clearwater,16,0,0,46.67459924,-115.6622393,16035.0,182.7318410232983,0.0,16,16,0,0,16,16,8758,0,0,0,0,0
2020-08-08,US,Idaho,Custer,10,0,0,44.24186819,-114.2855494,16037.0,231.74971031286208,0.0,10,10,0,0,10,9,4280,0,0,0,0,1
2020-08-08,US,Idaho,Elmore,212,3,0,43.3507101,-115.4701578,16039.0,770.6008505688634,1.4150943396226414,209,207,3,0,204,205,27259,5,0,0,5,2
2020-08-08,US,Idaho,Franklin,51,0,0,42.18332217,-111.81496659999999,16041.0,367.5410781204959,0.0,51,51,0,0,51,50,13726,0,0,0,0,1
2020-08-08,US,Idaho,Fremont,79,0,0,44.22800938,-111.48099429999999,16043.0,603.0994732422323,0.0,79,77,0,0,77,72,13168,2,0,0,2,5
2020-08-08,US,Idaho,Gem,179,1,0,44.06482372,-116.398376,16045.0,988.2950530035337,0.5586592178770949,178,174,1,0,173,171,17634,5,0,0,5,3
2020-08-08,US,Idaho,Gooding,161,1,0,42.96927962,-114.81083059999999,16047.0,1060.6759338559852,0.6211180124223602,160,157,1,0,156,152,15196,4,0,0,4,5
2020-08-08,US,Idaho,Idaho,31,0,0,45.84721541,-115.4634436,16049.0,185.9962800743985,0.0,31,31,0,0,31,30,16513,0,0,0,0,1
2020-08-08,US,Idaho,Jefferson,190,1,0,43.82078483,-112.3131749,16051.0,636.0684275718925,0.5263157894736842,189,185,1,0,184,174,29439,5,0,0,5,11
2020-08-08,US,Idaho,Jerome,471,6,0,42.68891267,-114.2655033,16053.0,1929.378993937408,1.2738853503184713,465,461,6,0,455,458,24015,10,0,0,10,3
2020-08-08,US,Idaho,Kootenai,1790,16,0,47.67282258,-116.7020872,16055.0,1080.2850987042614,0.8938547486033519,1774,1764,15,0,1749,1729,161505,26,1,0,25,35
2020-08-08,US,Idaho,Latah,99,0,0,46.81587887,-116.71136979999999,16057.0,246.83354941657524,0.0,99,99,0,0,99,95,40134,0,0,0,0,4
2020-08-08,US,Idaho,Lemhi,23,0,0,44.9438088,-113.9309747,16059.0,286.5329512893983,0.0,23,16,0,0,16,14,7961,7,0,0,7,2
2020-08-08,US,Idaho,Lewis,1,0,0,46.23315327,-116.434146,16061.0,26.055237102657642,0.0,1,1,0,0,1,1,3861,0,0,0,0,0
2020-08-08,US,Idaho,Lincoln,56,0,0,43.0012336,-114.1358773,16063.0,1043.6079016026836,0.0,56,56,0,0,56,56,5360,0,0,0,0,0
2020-08-08,US,Idaho,Madison,162,0,0,43.78141028,-111.65384740000002,16065.0,405.9438193800586,0.0,162,156,0,0,156,150,39304,6,0,0,6,6
2020-08-08,US,Idaho,Minidoka,475,2,0,42.85518524,-113.6357257,16067.0,2257.7118684348115,0.42105263157894735,473,469,2,0,467,464,20825,6,0,0,6,5
2020-08-08,US,Idaho,Nez Perce,158,19,0,46.32638236,-116.75009750000001,16069.0,391.0116808552762,12.025316455696206,139,145,19,0,126,140,40408,13,0,0,13,5
2020-08-08,US,Idaho,Oneida,13,0,0,42.19494279999999,-112.5407838,16071.0,286.91238137276537,0.0,13,13,0,0,13,13,4488,0,0,0,0,0
2020-08-08,US,Idaho,Owyhee,262,2,0,42.58016894,-116.16938710000001,16073.0,2216.0196227691786,0.7633587786259542,260,258,2,0,256,255,11693,4,0,0,4,3
2020-08-08,US,Idaho,Payette,384,2,0,44.00545243,-116.7647695,16075.0,1603.2733497557513,0.5208333333333334,382,377,2,0,375,367,23551,7,0,0,7,10
2020-08-08,US,Idaho,Power,55,0,0,42.69254894,-112.83957420000002,16077.0,716.0525973180576,0.0,55,55,0,0,55,55,7768,0,0,0,0,0
2020-08-08,US,Idaho,Shoshone,96,2,0,47.35364087,-115.89167490000001,16079.0,745.2258965999067,2.083333333333333,94,87,2,0,85,82,12796,9,0,0,9,5
2020-08-08,US,Idaho,Teton,82,0,0,43.75303583,-111.2056773,16081.0,675.3417888321528,0.0,82,77,0,0,77,70,11640,5,0,0,5,7
2020-08-08,US,Idaho,Twin Falls,1384,32,0,42.35440512,-114.6685381,16083.0,1593.0385137779415,2.3121387283237,1352,1313,32,0,1281,1310,86081,71,0,0,71,3
2020-08-08,US,Idaho,Unassigned,5,0,0,0.0,0.0,90016.0,0.0,0.0,5,5,0,0,5,5,,0,0,0,0,0
2020-08-08,US,Idaho,Valley,59,1,0,44.76728382,-115.5676773,16085.0,517.9073033707865,1.6949152542372878,58,56,1,0,55,56,11041,3,0,0,3,0
2020-08-08,US,Idaho,Washington,203,3,0,44.45275475,-116.78476880000001,16087.0,1991.3674710614087,1.477832512315271,200,201,3,0,198,200,10161,2,0,0,2,1
2020-08-08,US,Illinois,Adams,517,5,0,39.98815591,-91.18786813,17001.0,790.0970428669673,0.9671179883945842,512,506,5,0,501,486,65691,11,0,0,11,20
2020-08-08,US,Illinois,Alexander,37,0,0,37.18049267,-89.32910838,17003.0,642.2496094428051,0.0,37,36,0,0,36,36,6060,1,0,0,1,0
2020-08-08,US,Illinois,Bond,60,3,0,38.88829622,-89.43534887,17005.0,365.27456471447687,5.0,57,59,3,0,56,59,16630,1,0,0,1,0
2020-08-08,US,Illinois,Boone,761,23,0,42.32359279,-88.82345779,17007.0,1421.2610189750485,3.0223390275952693,738,758,23,0,735,754,53577,3,0,0,3,4
2020-08-08,US,Illinois,Brown,13,0,0,39.96209138,-90.75068024,17009.0,197.6284584980237,0.0,13,13,0,0,13,13,6556,0,0,0,0,0
2020-08-08,US,Illinois,Bureau,190,3,0,41.40385234,-89.5283051,17011.0,582.3219320828736,1.5789473684210529,187,179,2,0,177,170,32993,11,1,0,10,9
2020-08-08,US,Illinois,Calhoun,9,0,0,39.16840183,-90.66330078,17013.0,189.91348385735387,0.0,9,9,0,0,9,9,4802,0,0,0,0,0
2020-08-08,US,Illinois,Carroll,54,4,0,42.06823429,-89.93395545,17015.0,377.4903879762322,7.407407407407407,50,50,4,0,46,48,14312,4,0,0,4,2
2020-08-08,US,Illinois,Cass,230,11,0,39.96991073,-90.24734436,17017.0,1893.471639087841,4.782608695652174,219,223,11,0,212,219,12260,7,0,0,7,4
2020-08-08,US,Illinois,Champaign,1663,19,0,40.13919438,-88.20046615,17019.0,793.0792745446828,1.1425135297654843,1644,1625,19,0,1606,1615,209983,38,0,0,38,10
2020-08-08,US,Illinois,Christian,137,4,0,39.54581621,-89.27780482,17021.0,424.0960871718673,2.9197080291970803,133,134,4,0,130,128,32661,3,0,0,3,6
2020-08-08,US,Illinois,Clark,81,2,0,39.33425789,-87.78705622,17023.0,524.5774237419856,2.469135802469136,79,79,2,0,77,76,15596,2,0,0,2,3
2020-08-08,US,Illinois,Clay,23,0,0,38.75388572,-88.48914513,17025.0,174.45388349514562,0.0,23,20,0,0,20,18,13253,3,0,0,3,2
2020-08-08,US,Illinois,Clinton,396,17,0,38.60704876,-89.42385254,17027.0,1054.2569618231191,4.292929292929293,379,387,17,0,370,378,37639,9,0,0,9,9
2020-08-08,US,Illinois,Coles,474,20,0,39.51949084,-88.22358557,17029.0,936.3702811086307,4.219409282700422,454,448,20,0,428,433,50885,26,0,0,26,15
2020-08-08,US,Illinois,Cook,110865,4924,0,41.84144849,-87.81658794,17031.0,2152.621056173575,4.441437784693094,105941,110002,4920,0,105082,109150,5180493,863,4,0,859,852
2020-08-08,US,Illinois,Crawford,29,0,0,39.0032229,-87.75954624,17033.0,155.354368671988,0.0,29,29,0,0,29,29,18807,0,0,0,0,0
2020-08-08,US,Illinois,Cumberland,54,2,0,39.27432424,-88.2401158,17035.0,501.579045142114,3.703703703703704,52,53,2,0,51,51,10808,1,0,0,1,2
2020-08-08,US,Illinois,De Witt,32,0,0,40.17514519,-88.90959682,17039.0,204.62974804962272,0.0,32,33,0,0,33,32,15769,-1,0,0,-1,1
2020-08-08,US,Illinois,DeKalb,927,30,0,41.89373302,-88.76958483,17037.0,883.7240340524513,3.236245954692557,897,917,30,0,887,898,104143,10,0,0,10,19
2020-08-08,US,Illinois,Douglas,115,2,0,39.76768052,-88.21854195,17041.0,590.8040071923966,1.7391304347826086,113,108,2,0,106,106,19479,7,0,0,7,2
2020-08-08,US,Illinois,DuPage,12155,520,0,41.85116968,-88.08642662,17043.0,1317.0141323038486,4.2780748663101615,11635,12021,519,0,11502,11926,928589,134,1,0,133,95
2020-08-08,US,Illinois,Edgar,29,0,0,39.6809186,-87.74759563,17045.0,168.98782122253945,0.0,29,28,0,0,28,28,17360,1,0,0,1,0
2020-08-08,US,Illinois,Edwards,17,0,0,38.41353228,-88.05720863,17047.0,265.8326817826427,0.0,17,17,0,0,17,17,6392,0,0,0,0,0
2020-08-08,US,Illinois,Effingham,150,1,0,39.05935711,-88.58969584,17049.0,441.0726887791108,0.6666666666666666,149,139,1,0,138,129,34208,11,0,0,11,10
2020-08-08,US,Illinois,Fayette,65,3,0,39.00072038,-89.02452658,17051.0,304.6494188226472,4.615384615384615,62,60,3,0,57,60,21416,5,0,0,5,0
2020-08-08,US,Illinois,Ford,49,2,0,40.59706922,-88.22350769,17053.0,378.0572486690842,4.081632653061225,47,49,2,0,47,51,13264,0,0,0,0,-2
2020-08-08,US,Illinois,Franklin,168,0,0,37.99189086,-88.92567818,17055.0,436.7152772362162,0.0,168,156,0,0,156,147,38701,12,0,0,12,9
2020-08-08,US,Illinois,Fulton,33,0,0,40.47289135,-90.20862357,17057.0,96.09784507862551,0.0,33,33,0,0,33,32,34844,0,0,0,0,1
2020-08-08,US,Illinois,Gallatin,51,2,0,37.76430935,-88.22953869,17059.0,1056.338028169014,3.92156862745098,49,49,2,0,47,48,5058,2,0,0,2,1
2020-08-08,US,Illinois,Greene,39,0,0,39.35907414,-90.388865,17061.0,300.71709461022436,0.0,39,38,0,0,38,33,13044,1,0,0,1,5
2020-08-08,US,Illinois,Grundy,316,5,0,41.28569601,-88.41905692,17063.0,618.9524816860579,1.5822784810126582,311,307,5,0,302,299,50972,9,0,0,9,8
2020-08-08,US,Illinois,Hamilton,29,0,0,38.08163641,-88.53883373,17065.0,357.31887629374074,0.0,29,28,0,0,28,26,8163,1,0,0,1,2
2020-08-08,US,Illinois,Hancock,53,1,0,40.40423981,-91.16313899,17067.0,299.29975152473463,1.8867924528301887,52,47,1,0,46,46,17844,6,0,0,6,1
2020-08-08,US,Illinois,Hardin,18,0,0,37.51810645,-88.26873022,17069.0,471.08086888249153,0.0,18,18,0,0,18,18,3910,0,0,0,0,0
2020-08-08,US,Illinois,Henderson,12,0,0,40.81908672,-90.92491462,17071.0,180.5597351790551,0.0,12,10,0,0,10,10,6709,2,0,0,2,0
2020-08-08,US,Illinois,Henry,234,1,0,41.3533994,-90.13296166,17073.0,478.4004252448224,0.4273504273504273,233,232,1,0,231,224,49090,2,0,0,2,8
2020-08-08,US,Illinois,Iroquois,261,11,0,40.74717633,-87.82466784,17075.0,962.6023456516928,4.21455938697318,250,257,11,0,246,252,27604,4,0,0,4,5
2020-08-08,US,Illinois,Jackson,708,19,0,37.78595185,-89.38232563,17077.0,1247.5770925110132,2.68361581920904,689,695,19,0,676,685,57419,13,0,0,13,10
2020-08-08,US,Illinois,Jasper,58,7,0,39.01054275,-88.15437049,17079.0,603.5379812695111,12.06896551724138,51,59,7,0,52,55,9611,-1,0,0,-1,4
2020-08-08,US,Illinois,Jefferson,282,19,0,38.29980057,-88.9240025,17081.0,748.3282029508545,6.73758865248227,263,247,19,0,228,218,37820,35,0,0,35,29
2020-08-08,US,Illinois,Jersey,104,2,0,39.08869046,-90.35393073,17083.0,477.655812244523,1.9230769230769231,102,98,2,0,96,85,21847,6,0,0,6,13
2020-08-08,US,Illinois,Jo Daviess,124,1,0,42.36542373,-90.21094405,17085.0,583.9416058394161,0.8064516129032258,123,124,1,0,123,121,21366,0,0,0,0,3
2020-08-08,US,Illinois,Johnson,66,0,0,37.45939802,-88.88165419,17087.0,531.5293549166465,0.0,66,66,0,0,66,66,12456,0,0,0,0,0
2020-08-08,US,Illinois,Kane,9710,305,0,41.93842729,-88.42861412,17089.0,1823.8064022929998,3.1410916580844486,9405,9629,303,0,9326,9509,534216,81,2,0,79,120
2020-08-08,US,Illinois,Kankakee,1768,68,0,41.13746989,-87.86205334,17091.0,1609.2916568058108,3.8461538461538463,1700,1725,68,0,1657,1713,110024,43,0,0,43,12
2020-08-08,US,Illinois,Kendall,1364,23,0,41.59081014,-88.42869583,17093.0,1057.446313667726,1.686217008797654,1341,1343,23,0,1320,1319,127915,21,0,0,21,24
2020-08-08,US,Illinois,Knox,297,1,0,40.93148779,-90.21330340000002,17095.0,597.5975371737862,0.3367003367003367,296,291,1,0,290,285,50112,6,0,0,6,6
2020-08-08,US,Illinois,LaSalle,739,24,0,41.34426129999999,-88.88633881,17099.0,680.0467474624777,3.247631935047361,715,684,24,0,660,666,109430,55,0,0,55,18
2020-08-08,US,Illinois,Lake,12617,446,0,42.3224907,-88.00367925,17097.0,1811.3949765625562,3.534913212332567,12171,12491,445,0,12046,12376,700832,126,1,0,125,115
2020-08-08,US,Illinois,Lawrence,48,0,0,38.71987914,-87.72884035,17101.0,306.1615001913508,0.0,48,45,0,0,45,44,15765,3,0,0,3,1
2020-08-08,US,Illinois,Lee,170,1,0,41.74583951,-89.29977132,17103.0,498.592210229939,0.5882352941176471,169,165,1,0,164,162,34223,5,0,0,5,3
2020-08-08,US,Illinois,Livingston,110,2,0,40.89188292,-88.55784752,17105.0,308.572710951526,1.818181818181818,108,105,2,0,103,103,35761,5,0,0,5,2
2020-08-08,US,Illinois,Logan,111,0,0,40.12581572,-89.36638784,17107.0,387.8677755258928,0.0,111,106,0,0,106,90,28925,5,0,0,5,16
2020-08-08,US,Illinois,Macon,611,23,0,39.86064913,-88.96342505,17115.0,587.4491630531974,3.7643207855973815,588,578,23,0,555,550,104712,33,0,0,33,28
2020-08-08,US,Illinois,Macoupin,170,3,0,39.26119767,-89.92424028,17117.0,378.400035614121,1.7647058823529411,167,156,3,0,153,154,45313,14,0,0,14,2
2020-08-08,US,Illinois,Madison,2530,76,0,38.83042506,-89.90422563,17119.0,962.1015644608048,3.0039525691699605,2454,2470,74,0,2396,2410,264461,60,2,0,58,60
2020-08-08,US,Illinois,Marion,156,0,0,38.64963204,-88.91899208,17121.0,419.2984813869104,0.0,156,152,0,0,152,153,37620,4,0,0,4,-1
2020-08-08,US,Illinois,Marshall,26,0,0,41.0327901,-89.34510444,17123.0,227.312467214548,0.0,26,24,0,0,24,22,11534,2,0,0,2,2
2020-08-08,US,Illinois,Mason,47,0,0,40.23917274,-89.91824452,17125.0,351.82274122314544,0.0,47,45,0,0,45,45,13565,2,0,0,2,0
2020-08-08,US,Illinois,Massac,39,0,0,37.22078441,-88.71036614,17127.0,283.1832704037177,0.0,39,37,0,0,37,36,14080,2,0,0,2,1
2020-08-08,US,Illinois,McDonough,141,15,0,40.45674722,-90.67775541,17109.0,475.03537497473224,10.638297872340424,126,139,15,0,124,137,29955,2,0,0,2,2
2020-08-08,US,Illinois,McHenry,3163,114,0,42.32451172,-88.45248227,17111.0,1027.7021450804812,3.6041732532405946,3049,3123,114,0,3009,3060,308570,40,0,0,40,63
2020-08-08,US,Illinois,McLean,638,15,0,40.48996987,-88.84621113,17113.0,371.9747896709947,2.3510971786833856,623,624,15,0,609,611,172828,14,0,0,14,13
2020-08-08,US,Illinois,Menard,54,0,0,40.02742725,-89.80246001,17129.0,442.76812069530996,0.0,54,53,0,0,53,53,12288,1,0,0,1,0
2020-08-08,US,Illinois,Mercer,74,4,0,41.20596782,-90.74290052,17131.0,479.3677528017102,5.405405405405406,70,73,3,0,70,73,15601,1,1,0,0,0
2020-08-08,US,Illinois,Monroe,312,13,0,38.27594376,-90.17761038,17133.0,900.7708519790976,4.166666666666667,299,305,13,0,292,299,34335,7,0,0,7,6
2020-08-08,US,Illinois,Montgomery,165,7,0,39.23198845,-89.47809254,17135.0,580.6996550995988,4.242424242424242,158,161,7,0,154,161,28601,4,0,0,4,0
2020-08-08,US,Illinois,Morgan,242,6,0,39.71654544,-90.20255104,17137.0,718.9969695169052,2.479338842975207,236,229,6,0,223,222,33976,13,0,0,13,7
2020-08-08,US,Illinois,Moultrie,73,0,0,39.64187451,-88.62099969,17139.0,503.4135576856768,0.0,73,72,0,0,72,69,14717,1,0,0,1,3
2020-08-08,US,Illinois,Ogle,409,5,0,42.04165196,-89.32184679,17141.0,807.6140828939833,1.2224938875305624,404,403,5,0,398,400,50923,6,0,0,6,3
2020-08-08,US,Illinois,Peoria,1574,35,0,40.78702156,-89.76078901,17143.0,878.4511577807667,2.223634053367217,1539,1525,35,0,1490,1488,180621,49,0,0,49,37
2020-08-08,US,Illinois,Perry,156,1,0,38.08510853,-89.36856219,17145.0,745.8405048766493,0.6410256410256411,155,149,1,0,148,142,21174,7,0,0,7,7
2020-08-08,US,Illinois,Piatt,61,0,0,40.01360584,-88.59319339,17147.0,373.22564855604486,0.0,61,56,0,0,56,54,16396,5,0,0,5,2
2020-08-08,US,Illinois,Pike,21,0,0,39.62265059,-90.8877017,17149.0,134.9527665317139,0.0,21,20,0,0,20,18,15611,1,0,0,1,2
2020-08-08,US,Illinois,Pope,9,0,0,37.41391284,-88.56152109,17151.0,215.46564519990426,0.0,9,8,0,0,8,8,4212,1,0,0,1,0
2020-08-08,US,Illinois,Pulaski,93,0,0,37.22631423,-89.13085001,17153.0,1743.2052483598875,0.0,93,92,0,0,92,91,5463,1,0,0,1,1
2020-08-08,US,Illinois,Putnam,11,0,0,41.2013541,-89.2869272,17155.0,191.67102282627638,0.0,11,11,0,0,11,11,5740,0,0,0,0,0
2020-08-08,US,Illinois,Randolph,457,7,0,38.05095369,-89.82512254,17157.0,1437.9208356931595,1.5317286652078774,450,452,7,0,445,441,32106,5,0,0,5,11
2020-08-08,US,Illinois,Richland,19,0,0,38.71240969,-88.08475366,17159.0,122.4779217430542,0.0,19,18,0,0,18,15,15763,1,0,0,1,3
2020-08-08,US,Illinois,Rock Island,1731,36,0,41.46613806,-90.57042164,17161.0,1220.0537077368745,2.079722703639515,1695,1679,34,0,1645,1656,143477,52,2,0,50,23
2020-08-08,US,Illinois,Saline,131,2,0,37.75332999,-88.54119706,17165.0,557.6603805712826,1.5267175572519085,129,130,2,0,128,126,23906,1,0,0,1,4
2020-08-08,US,Illinois,Sangamon,1229,33,0,39.75836914,-89.65872023,17167.0,631.3183200460262,2.685109845402766,1196,1194,33,0,1161,1151,195348,35,0,0,35,43
2020-08-08,US,Illinois,Schuyler,18,0,0,40.1571798,-90.61114163,17169.0,265.9574468085106,0.0,18,17,0,0,17,17,6907,1,0,0,1,0
2020-08-08,US,Illinois,Scott,19,0,0,39.6429169,-90.47814431,17171.0,383.760856392648,0.0,19,16,0,0,16,13,4926,3,0,0,3,3
2020-08-08,US,Illinois,Shelby,79,1,0,39.39133527,-88.80611122,17173.0,365.16594249792,1.2658227848101269,78,75,1,0,74,68,21741,4,0,0,4,7
2020-08-08,US,Illinois,St. Clair,3953,161,0,38.46996033,-89.93063427,17163.0,1522.2229923831092,4.072856058689603,3792,3897,160,0,3737,3845,261059,56,1,0,55,52
2020-08-08,US,Illinois,Stark,7,0,0,41.09309773,-89.79745866,17175.0,131.03706476974915,0.0,7,7,0,0,7,7,5427,0,0,0,0,0
2020-08-08,US,Illinois,Stephenson,327,6,0,42.35129217,-89.662598,17177.0,734.8644882916086,1.834862385321101,321,325,6,0,319,325,44753,2,0,0,2,0
2020-08-08,US,Illinois,Tazewell,497,8,0,40.50716185,-89.51404662,17179.0,377.0779117319029,1.6096579476861168,489,486,8,0,478,448,132328,11,0,0,11,38
2020-08-08,US,Illinois,Unassigned,1353,209,0,0.0,0.0,90017.0,0.0,15.447154471544714,1144,1365,209,0,1156,1342,,-12,0,0,-12,23
2020-08-08,US,Illinois,Union,321,23,0,37.47119609,-89.25548938,17181.0,1927.5806161052067,7.165109034267912,298,318,23,0,295,309,16841,3,0,0,3,9
2020-08-08,US,Illinois,Vermilion,234,2,0,40.18417171,-87.73384359,17183.0,308.87827028168635,0.8547008547008547,232,229,2,0,227,222,76806,5,0,0,5,7
2020-08-08,US,Illinois,Wabash,34,0,0,38.44272901,-87.84922065,17185.0,295.1388888888889,0.0,34,34,0,0,34,34,11549,0,0,0,0,0
2020-08-08,US,Illinois,Warren,190,0,0,40.84925021,-90.6147432,17187.0,1127.998100213726,0.0,190,189,0,0,189,187,17032,1,0,0,1,2
2020-08-08,US,Illinois,Washington,66,0,0,38.35309213,-89.40982703,17189.0,475.2646359904947,0.0,66,64,0,0,64,60,13995,2,0,0,2,4
2020-08-08,US,Illinois,Wayne,61,1,0,38.42955355,-88.42586459,17191.0,376.19488128276294,1.639344262295082,60,59,1,0,58,55,16332,2,0,0,2,4
2020-08-08,US,Illinois,White,67,0,0,38.08706198,-88.17657461,17193.0,494.939794636921,0.0,67,64,0,0,64,64,13665,3,0,0,3,0
2020-08-08,US,Illinois,Whiteside,351,17,0,41.75509713,-89.91556058,17195.0,636.1576801087449,4.843304843304844,334,339,16,0,323,335,55626,12,1,0,11,4
2020-08-08,US,Illinois,Will,9151,344,0,41.44619267,-87.97862712,17197.0,1324.8053183311306,3.759152005245328,8807,9053,344,0,8709,8932,692310,98,0,0,98,121
2020-08-08,US,Illinois,Williamson,388,6,0,37.73033511,-88.92994027,17199.0,582.6088262234034,1.5463917525773196,382,374,6,0,368,364,67056,14,0,0,14,10
2020-08-08,US,Illinois,Winnebago,3772,131,0,42.33641854,-89.16085327,17201.0,1334.881021474173,3.4729586426299046,3641,3755,129,0,3626,3746,284081,17,2,0,15,9
2020-08-08,US,Illinois,Woodford,146,3,0,40.78579374,-89.20973757,17203.0,379.62505525364685,2.054794520547945,143,134,3,0,131,125,38463,12,0,0,12,9
2020-08-08,US,Indiana,Adams,96,2,0,40.7457653,-84.93671406,18001.0,268.32881460155966,2.083333333333333,94,95,2,0,93,89,35636,1,0,0,1,6
2020-08-08,US,Indiana,Allen,3835,163,0,41.09194313,-85.06800636,18003.0,1011.0756949003293,4.250325945241198,3672,3789,161,0,3628,3725,375351,46,2,0,44,64
2020-08-08,US,Indiana,Bartholomew,780,47,0,39.20744865,-85.89558181,18005.0,931.0209002255936,6.0256410256410255,733,766,47,0,719,754,82753,14,0,0,14,12
2020-08-08,US,Indiana,Benton,61,0,0,40.60626947,-87.31093999,18007.0,697.302240512117,0.0,61,60,0,0,60,60,8653,1,0,0,1,0
2020-08-08,US,Indiana,Blackford,63,2,0,40.47388153,-85.32499702,18009.0,535.8054090831773,3.1746031746031744,61,62,2,0,60,59,11930,1,0,0,1,3
2020-08-08,US,Indiana,Boone,672,46,0,40.0509304,-86.46841646,18011.0,990.5222351605913,6.845238095238094,626,662,46,0,616,653,66999,10,0,0,10,9
2020-08-08,US,Indiana,Brown,73,1,0,39.19605589,-86.22868909,18013.0,483.6999734958919,1.3698630136986298,72,73,1,0,72,71,15234,0,0,0,0,2
2020-08-08,US,Indiana,Carroll,185,2,0,40.580783200000006,-86.56198812,18015.0,913.2645505257443,1.0810810810810811,183,177,2,0,175,157,20127,8,0,0,8,20
2020-08-08,US,Indiana,Cass,1786,9,0,40.76135835,-86.34830753,18017.0,4738.783199341983,0.5039193729003361,1777,1774,9,0,1765,1766,37955,12,0,0,12,8
2020-08-08,US,Indiana,Clark,1202,47,0,38.48015445,-85.70510334,18019.0,1016.0436848066812,3.9101497504159735,1155,1178,46,0,1132,1148,117360,24,1,0,23,30
2020-08-08,US,Indiana,Clay,116,5,0,39.39561833,-87.11723506,18021.0,442.32602478550996,4.310344827586206,111,109,5,0,104,104,26170,7,0,0,7,5
2020-08-08,US,Indiana,Clinton,430,3,0,40.30319754,-86.47277257,18023.0,1327.2014568350874,0.6976744186046512,427,409,3,0,406,404,32250,21,0,0,21,5
2020-08-08,US,Indiana,Crawford,44,0,0,38.28814402,-86.44518825,18025.0,415.99697456745764,0.0,44,44,0,0,44,44,10558,0,0,0,0,0
2020-08-08,US,Indiana,Daviess,264,20,0,38.70186039,-87.07185406,18027.0,791.5804623549519,7.575757575757576,244,263,20,0,243,259,33147,1,0,0,1,4
2020-08-08,US,Indiana,DeKalb,230,4,0,41.39804622,-84.99906934,18033.0,529.0396779758481,1.7391304347826086,226,226,4,0,222,223,43226,4,0,0,4,3
2020-08-08,US,Indiana,Dearborn,496,28,0,39.14647946,-84.97333539,18029.0,1002.8711229730277,5.645161290322582,468,493,28,0,465,479,49568,3,0,0,3,14
2020-08-08,US,Indiana,Decatur,335,32,0,39.30712658,-85.50087166,18031.0,1261.342671034301,9.552238805970148,303,332,32,0,300,324,26794,3,0,0,3,8
2020-08-08,US,Indiana,Delaware,714,52,0,40.22787247,-85.39732772,18035.0,625.5749770009201,7.282913165266106,662,701,52,0,649,680,114772,13,0,0,13,21
2020-08-08,US,Indiana,Dubois,687,12,0,38.36597551,-86.87924170000002,18037.0,1607.543991014601,1.7467248908296944,675,676,12,0,664,658,42565,11,0,0,11,18
2020-08-08,US,Indiana,Elkhart,4801,84,0,41.59761169,-85.85875695,18039.0,2326.7309938402936,1.7496354926057072,4717,4760,82,0,4678,4713,205560,41,2,0,39,47
2020-08-08,US,Indiana,Fayette,186,7,0,39.63684962,-85.17797541,18041.0,805.1250973941652,3.7634408602150535,179,183,7,0,176,177,23047,3,0,0,3,6
2020-08-08,US,Indiana,Floyd,772,46,0,38.32117957,-85.90385377,18043.0,983.163954051094,5.958549222797928,726,760,45,0,715,740,77781,12,1,0,11,20
2020-08-08,US,Indiana,Fountain,73,2,0,40.12361933,-87.24217689,18045.0,446.5924385170684,2.7397260273972597,71,68,2,0,66,64,16351,5,0,0,5,4
2020-08-08,US,Indiana,Franklin,241,14,0,39.4142482,-85.06062647,18047.0,1058.9682748923456,5.809128630705394,227,238,13,0,225,234,22736,3,1,0,2,4
2020-08-08,US,Indiana,Fulton,164,2,0,41.0469907,-86.26252745,18049.0,821.0673876038852,1.2195121951219512,162,161,2,0,159,159,20092,3,0,0,3,2
2020-08-08,US,Indiana,Gibson,221,4,0,38.30393723,-87.58054938,18051.0,656.5851629579013,1.8099547511312215,217,214,4,0,210,208,33452,7,0,0,7,6
2020-08-08,US,Indiana,Grant,526,30,0,40.51587228,-85.65468702,18053.0,799.7688880779698,5.70342205323194,496,521,30,0,491,520,65936,5,0,0,5,1
2020-08-08,US,Indiana,Greene,246,34,0,39.03630547,-86.96223202,18055.0,770.6284067414322,13.821138211382113,212,246,34,0,212,241,32006,0,0,0,0,5
2020-08-08,US,Indiana,Hamilton,2723,104,0,40.07306535,-86.05244729,18057.0,805.5950841836508,3.819316929856776,2619,2668,105,0,2563,2610,330086,55,-1,0,56,58
2020-08-08,US,Indiana,Hancock,647,38,0,39.82304555,-85.77566351,18059.0,827.704431480913,5.873261205564143,609,641,38,0,603,638,76351,6,0,0,6,3
2020-08-08,US,Indiana,Harrison,327,23,0,38.19467379,-86.10948271,18061.0,807.1084783413553,7.033639143730888,304,321,23,0,298,309,40350,6,0,0,6,12
2020-08-08,US,Indiana,Hendricks,1871,108,0,39.76719009,-86.51037283,18063.0,1098.5784828930603,5.772314270443612,1763,1833,106,0,1727,1814,167009,38,2,0,36,19
2020-08-08,US,Indiana,Henry,376,20,0,39.93029017,-85.39625719,18065.0,783.7905444842827,5.319148936170213,356,373,20,0,353,369,48271,3,0,0,3,4
2020-08-08,US,Indiana,Howard,884,65,0,40.48527731,-86.11351892,18067.0,1070.9439813917427,7.352941176470589,819,872,65,0,807,855,82366,12,0,0,12,17
2020-08-08,US,Indiana,Huntington,122,3,0,40.82907273,-85.48822092,18069.0,334.0635268346112,2.459016393442623,119,121,3,0,118,121,36240,1,0,0,1,0
2020-08-08,US,Indiana,Jackson,585,5,0,38.90915820000001,-86.03851889,18071.0,1322.601795121069,0.8547008547008547,580,572,5,0,567,562,44111,13,0,0,13,10
2020-08-08,US,Indiana,Jasper,234,2,0,41.02078733,-87.11553319,18073.0,697.2170907574042,0.8547008547008547,232,227,2,0,225,219,33370,7,0,0,7,8
2020-08-08,US,Indiana,Jay,91,0,0,40.43781032,-85.00576229,18075.0,445.29262086514007,0.0,91,86,0,0,86,84,20764,5,0,0,5,2
2020-08-08,US,Indiana,Jefferson,160,2,0,38.78576239,-85.43633383,18077.0,495.2333787297264,1.25,158,155,2,0,153,153,32208,5,0,0,5,2
2020-08-08,US,Indiana,Jennings,224,12,0,38.99588883,-85.62710784,18079.0,807.6437714079683,5.357142857142857,212,220,12,0,208,215,27611,4,0,0,4,5
2020-08-08,US,Indiana,Johnson,1741,118,0,39.48994426,-86.10149107,18081.0,1100.7352987664938,6.777713957495693,1623,1719,118,0,1601,1694,156225,22,0,0,22,25
2020-08-08,US,Indiana,Knox,151,0,0,38.68861576,-87.4194665,18083.0,412.63595124883864,0.0,151,149,0,0,149,142,36895,2,0,0,2,7
2020-08-08,US,Indiana,Kosciusko,847,12,0,41.24521668,-85.86312322,18085.0,1065.9987917841322,1.4167650531286895,835,840,12,0,828,827,79344,7,0,0,7,13
2020-08-08,US,Indiana,LaGrange,557,10,0,41.64232188,-85.42674232,18087.0,1406.0685616196295,1.7953321364452424,547,556,10,0,546,554,39330,1,0,0,1,2
2020-08-08,US,Indiana,LaPorte,894,30,0,41.54366008,-86.74072188,18091.0,813.5556202679089,3.355704697986577,864,883,30,0,853,869,110007,11,0,0,11,14
2020-08-08,US,Indiana,Lake,7496,275,0,41.41874274,-87.38277575,18089.0,1543.9975447637762,3.6686232657417284,7221,7447,274,0,7173,7343,484411,49,1,0,48,104
2020-08-08,US,Indiana,Lawrence,342,27,0,38.84112637,-86.48361629,18093.0,753.8020718536478,7.894736842105262,315,336,27,0,309,337,45668,6,0,0,6,-1
2020-08-08,US,Indiana,Madison,943,65,0,40.16143691,-85.71964711,18095.0,727.7975441656569,6.892895015906682,878,915,65,0,850,895,129641,28,0,0,28,20
2020-08-08,US,Indiana,Marion,15701,725,0,39.78163624,-86.13826325,18097.0,1627.7517100671591,4.6175402840583395,14976,15503,725,0,14778,15322,954670,198,0,0,198,181
2020-08-08,US,Indiana,Marshall,774,22,0,41.32467367,-86.26185087,18099.0,1673.2240909680488,2.842377260981912,752,771,22,0,749,758,46248,3,0,0,3,13
2020-08-08,US,Indiana,Martin,43,0,0,38.7099921,-86.80373186,18101.0,419.3076548025354,0.0,43,43,0,0,43,42,10217,0,0,0,0,1
2020-08-08,US,Indiana,Miami,269,2,0,40.76940965,-86.04525048,18103.0,757.4051131884221,0.7434944237918215,267,267,2,0,265,264,35567,2,0,0,2,3
2020-08-08,US,Indiana,Monroe,746,30,0,39.16130004,-86.52414358,18105.0,502.59042922300597,4.021447721179625,716,722,30,0,692,708,146917,24,0,0,24,14
2020-08-08,US,Indiana,Montgomery,352,21,0,40.04034823,-86.89335024,18107.0,918.1490948927956,5.965909090909091,331,348,21,0,327,346,38346,4,0,0,4,2
2020-08-08,US,Indiana,Morgan,467,34,0,39.47899078,-86.44573375,18109.0,662.5147186085773,7.280513918629549,433,459,34,0,425,451,70116,8,0,0,8,8
2020-08-08,US,Indiana,Newton,118,10,0,40.95610449,-87.39635768,18111.0,843.8215102974829,8.474576271186441,108,115,10,0,105,114,14011,3,0,0,3,1
2020-08-08,US,Indiana,Noble,663,29,0,41.39672484,-85.41966713,18113.0,1388.6561662198392,4.3740573152337845,634,659,29,0,630,645,47532,4,0,0,4,14
2020-08-08,US,Indiana,Ohio,63,5,0,38.955304999999996,-84.96515993,18115.0,1072.340425531915,7.936507936507938,58,62,4,0,58,57,5844,1,1,0,0,5
2020-08-08,US,Indiana,Orange,169,24,0,38.54118920000001,-86.49523093,18117.0,860.2260002036038,14.201183431952662,145,166,24,0,142,166,19489,3,0,0,3,0
2020-08-08,US,Indiana,Owen,87,1,0,39.31145587,-86.83900724,18119.0,418.28934083369387,1.1494252873563218,86,84,1,0,83,83,20845,3,0,0,3,1
2020-08-08,US,Indiana,Parke,51,1,0,39.77202286,-87.20375833,18121.0,301.115900100372,1.96078431372549,50,51,1,0,50,50,16927,0,0,0,0,1
2020-08-08,US,Indiana,Perry,184,12,0,38.07809328,-86.63741946,18123.0,959.88314466065,6.521739130434782,172,181,12,0,169,179,19102,3,0,0,3,2
2020-08-08,US,Indiana,Pike,53,0,0,38.40112197,-87.23574907,18125.0,427.7988538219388,0.0,53,52,0,0,52,52,12410,1,0,0,1,0
2020-08-08,US,Indiana,Porter,1294,39,0,41.45986947,-87.06848888,18127.0,759.4386961599632,3.0139103554868623,1255,1266,39,0,1227,1238,169594,28,0,0,28,28
2020-08-08,US,Indiana,Posey,170,0,0,38.02097333,-87.86480429,18129.0,668.5806426239824,0.0,170,167,0,0,167,165,25540,3,0,0,3,2
2020-08-08,US,Indiana,Pulaski,79,1,0,41.04166107,-86.69890683,18131.0,639.5207641868373,1.2658227848101269,78,76,1,0,75,75,12469,3,0,0,3,1
2020-08-08,US,Indiana,Putnam,286,8,0,39.66437981,-86.84517605,18133.0,761.1241217798595,2.797202797202797,278,286,8,0,278,277,37779,0,0,0,0,9
2020-08-08,US,Indiana,Randolph,118,4,0,40.15734772,-85.01139319,18135.0,478.41070342590723,3.3898305084745757,114,115,4,0,111,114,24851,3,0,0,3,1
2020-08-08,US,Indiana,Ripley,199,7,0,39.10235626,-85.26212744,18137.0,702.584380737184,3.5175879396984926,192,197,7,0,190,194,28523,2,0,0,2,3
2020-08-08,US,Indiana,Rush,76,4,0,39.62002287,-85.4655599,18139.0,458.3559495808456,5.2631578947368425,72,74,4,0,70,71,16663,2,0,0,2,3
2020-08-08,US,Indiana,Scott,266,10,0,38.68672078,-85.74627859,18143.0,1114.2294642483141,3.7593984962406015,256,263,10,0,253,257,23878,3,0,0,3,6
2020-08-08,US,Indiana,Shelby,546,27,0,39.52305623,-85.79158570000001,18145.0,1220.684567059402,4.945054945054945,519,542,27,0,515,535,44593,4,0,0,4,7
2020-08-08,US,Indiana,Spencer,131,3,0,38.01519732,-87.0079644,18147.0,646.0521773437886,2.2900763358778624,128,131,3,0,128,119,20327,0,0,0,0,12
2020-08-08,US,Indiana,St. Joseph,3423,81,0,41.61756781,-86.29040834,18141.0,1259.2614393030835,2.366345311130587,3342,3373,81,0,3292,3301,270771,50,0,0,50,72
2020-08-08,US,Indiana,Starke,177,7,0,41.27890281,-86.64686895,18149.0,769.7325505544684,3.9548022598870056,170,176,7,0,169,174,22935,1,0,0,1,2
2020-08-08,US,Indiana,Steuben,207,3,0,41.64423868,-85.00101094,18151.0,598.3696594785223,1.4492753623188406,204,206,3,0,203,204,34586,1,0,0,1,2
2020-08-08,US,Indiana,Sullivan,113,1,0,39.08952258,-87.41414469,18153.0,546.7124679471673,0.8849557522123894,112,103,1,0,102,91,20690,10,0,0,10,12
2020-08-08,US,Indiana,Switzerland,46,0,0,38.82767338,-85.03022429,18155.0,427.867175146498,0.0,46,45,0,0,45,44,10717,1,0,0,1,1
2020-08-08,US,Indiana,Tippecanoe,1189,11,0,40.38872739,-86.89413959,18157.0,607.4632660985428,0.9251471825063078,1178,1177,11,0,1166,1146,193048,12,0,0,12,31
2020-08-08,US,Indiana,Tipton,137,9,0,40.31123252,-86.05234925,18159.0,904.4098230789543,6.569343065693432,128,133,6,0,127,129,15128,4,3,0,1,4
2020-08-08,US,Indiana,Unassigned,0,202,0,0.0,0.0,90018.0,0.0,0.0,-202,0,202,0,-202,0,,0,0,0,0,0
2020-08-08,US,Indiana,Union,39,0,0,39.62550777,-84.92497066,18161.0,552.8777998298838,0.0,39,37,0,0,37,35,7037,2,0,0,2,2
2020-08-08,US,Indiana,Vanderburgh,1922,13,0,38.02658833,-87.58763124,18163.0,1059.2391334299616,0.676378772112383,1909,1888,13,0,1875,1842,180974,34,0,0,34,46
2020-08-08,US,Indiana,Vermillion,49,0,0,39.8523352,-87.46160542,18165.0,316.1698283649503,0.0,49,50,0,0,50,48,15479,-1,0,0,-1,2
2020-08-08,US,Indiana,Vigo,619,10,0,39.42944561,-87.39169027,18167.0,578.2992955772718,1.615508885298869,609,586,10,0,576,543,107386,33,0,0,33,43
2020-08-08,US,Indiana,Wabash,165,3,0,40.84704239,-85.79328272,18169.0,532.326751838947,1.818181818181818,162,163,3,0,160,161,31280,2,0,0,2,2
2020-08-08,US,Indiana,Warren,22,1,0,40.34728141,-87.35602659,18171.0,266.1826981246219,4.545454545454546,21,22,1,0,21,20,8263,0,0,0,0,2
2020-08-08,US,Indiana,Warrick,579,30,0,38.08922676,-87.2716085,18173.0,919.0767960887648,5.181347150259066,549,570,30,0,540,553,62567,9,0,0,9,17
2020-08-08,US,Indiana,Washington,139,1,0,38.60219804,-86.1049363,18175.0,495.7911256955343,0.7194244604316546,138,131,1,0,130,121,27943,8,0,0,8,10
2020-08-08,US,Indiana,Wayne,368,10,0,39.863344399999995,-85.01044989,18177.0,558.5574646348127,2.717391304347826,358,354,10,0,344,346,65936,14,0,0,14,8
2020-08-08,US,Indiana,Wells,162,2,0,40.72934187,-85.22132966,18179.0,572.5190839694657,1.2345679012345678,160,162,2,0,160,154,28206,0,0,0,0,8
2020-08-08,US,Indiana,White,361,10,0,40.74911165,-86.86492015,18181.0,1497.801012364119,2.770083102493075,351,354,10,0,344,351,24133,7,0,0,7,3
2020-08-08,US,Indiana,Whitley,151,6,0,41.13863784,-85.50791236,18183.0,444.58838770462836,3.9735099337748334,145,150,6,0,144,147,34074,1,0,0,1,3
2020-08-08,US,Iowa,Adair,29,0,0,41.33075609,-94.47105874,19001.0,405.48098434004476,0.0,29,28,0,0,28,27,7063,1,0,0,1,1
2020-08-08,US,Iowa,Adams,16,0,0,41.02903567,-94.69932645,19003.0,444.1976679622432,0.0,16,16,0,0,16,16,3645,0,0,0,0,0
2020-08-08,US,Iowa,Allamakee,154,4,0,43.28383218,-91.37860922,19005.0,1125.1552568130342,2.5974025974025974,150,154,4,0,150,154,13832,0,0,0,0,0
2020-08-08,US,Iowa,Appanoose,48,3,0,40.74324454,-92.86865906,19007.0,386.286817962337,6.25,45,48,3,0,45,47,12437,0,0,0,0,1
2020-08-08,US,Iowa,Audubon,28,1,0,41.6844628,-94.90581859,19009.0,509.4614264919942,3.571428571428572,27,28,1,0,27,28,5506,0,0,0,0,0
2020-08-08,US,Iowa,Benton,155,1,0,42.08011739,-92.06463573,19011.0,604.4063170208617,0.6451612903225806,154,151,1,0,150,146,25642,4,0,0,4,5
2020-08-08,US,Iowa,Black Hawk,3115,66,0,42.4704581,-92.30524729,19013.0,2373.7312158990453,2.118780096308186,3049,3099,63,0,3036,3084,132408,16,3,0,13,15
2020-08-08,US,Iowa,Boone,255,3,0,42.03657094,-93.9313999,19015.0,972.0210413966607,1.1764705882352942,252,246,2,0,244,244,26346,9,1,0,8,2
2020-08-08,US,Iowa,Bremer,224,7,0,42.77461496,-92.31795937,19017.0,893.7834171255287,3.125,217,210,7,0,203,203,24947,14,0,0,14,7
2020-08-08,US,Iowa,Buchanan,127,1,0,42.4709188,-91.83510825,19019.0,599.7638724911452,0.7874015748031497,126,124,1,0,123,123,21199,3,0,0,3,1
2020-08-08,US,Iowa,Buena Vista,1791,12,0,42.73545875,-95.15100162,19021.0,9128.440366972478,0.6700167504187605,1779,1791,12,0,1779,1791,19874,0,0,0,0,0
2020-08-08,US,Iowa,Butler,121,2,0,42.73172833,-92.79015971,19023.0,838.0081723111017,1.6528925619834711,119,119,2,0,117,119,14539,2,0,0,2,0
2020-08-08,US,Iowa,Calhoun,83,2,0,42.38521079,-94.64046046,19025.0,858.5022755482003,2.409638554216868,81,83,2,0,81,83,9699,0,0,0,0,0
2020-08-08,US,Iowa,Carroll,188,1,0,42.03617207,-94.86032705,19027.0,932.3084552442348,0.5319148936170213,187,185,1,0,184,185,20154,3,0,0,3,0
2020-08-08,US,Iowa,Cass,71,1,0,41.33149454,-94.92792482,19029.0,553.1318167653475,1.4084507042253518,70,61,1,0,60,50,12930,10,0,0,10,11
2020-08-08,US,Iowa,Cedar,131,1,0,41.77233777,-91.13246684,19031.0,703.2801846781554,0.7633587786259542,130,129,1,0,128,128,18627,2,0,0,2,1
2020-08-08,US,Iowa,Cerro Gordo,609,17,0,43.08177563,-93.2612239,19033.0,1434.6289752650173,2.7914614121510675,592,598,17,0,581,596,42647,11,0,0,11,2
2020-08-08,US,Iowa,Cherokee,108,1,0,42.73538914,-95.62389402,19035.0,961.2817089452603,0.925925925925926,107,104,1,0,103,103,11321,4,0,0,4,1
2020-08-08,US,Iowa,Chickasaw,54,0,0,43.06001295,-92.31773347,19037.0,452.52660688846055,0.0,54,54,0,0,54,54,11964,0,0,0,0,0
2020-08-08,US,Iowa,Clarke,199,3,0,41.02868181,-93.78499767,19039.0,2118.1479510377867,1.5075376884422111,196,197,3,0,194,195,9423,2,0,0,2,2
2020-08-08,US,Iowa,Clay,186,1,0,43.08247182,-95.15096481,19041.0,1161.3386613386613,0.5376344086021505,185,181,1,0,180,176,16134,5,0,0,5,5
2020-08-08,US,Iowa,Clayton,104,3,0,42.84443388,-91.34133693,19043.0,592.6263604763805,2.8846153846153846,101,104,3,0,101,102,17556,0,0,0,0,2
2020-08-08,US,Iowa,Clinton,379,3,0,41.89981633,-90.53275096,19045.0,816.3001572293177,0.7915567282321899,376,370,3,0,367,362,46518,9,0,0,9,8
2020-08-08,US,Iowa,Crawford,727,3,0,42.03718237,-95.3819718,19047.0,4322.235434007133,0.4126547455295736,724,726,3,0,723,726,17158,1,0,0,1,0
2020-08-08,US,Iowa,Dallas,1878,35,0,41.68560356,-94.04127625,19049.0,2009.5663060575907,1.8636847710330136,1843,1859,35,0,1824,1846,90180,19,0,0,19,13
2020-08-08,US,Iowa,Davis,55,1,0,40.74773536,-92.41005468,19051.0,611.1111111111112,1.818181818181818,54,54,1,0,53,52,9017,1,0,0,1,2
2020-08-08,US,Iowa,Decatur,23,0,0,40.73742757,-93.78645949,19053.0,292.2490470139772,0.0,23,23,0,0,23,23,7890,0,0,0,0,0
2020-08-08,US,Iowa,Delaware,111,1,0,42.47104597,-91.3664492,19055.0,652.5189583210863,0.9009009009009008,110,103,1,0,102,99,17069,8,0,0,8,4
2020-08-08,US,Iowa,Des Moines,169,2,0,40.92012606,-91.18326592,19057.0,433.70031051915726,1.183431952662722,167,158,2,0,156,152,39138,11,0,0,11,6
2020-08-08,US,Iowa,Dickinson,380,4,0,43.37787725,-95.1510206,19059.0,2201.877390195851,1.0526315789473684,376,378,4,0,374,377,17153,2,0,0,2,1
2020-08-08,US,Iowa,Dubuque,1665,31,0,42.46815349,-90.88181925,19061.0,1711.009032894534,1.8618618618618616,1634,1653,31,0,1622,1623,96854,12,0,0,12,30
2020-08-08,US,Iowa,Emmet,191,4,0,43.37782951,-94.67858943,19063.0,2074.283231972198,2.094240837696335,187,190,4,0,186,188,9253,1,0,0,1,2
2020-08-08,US,Iowa,Fayette,82,0,0,42.86271799,-91.8441231,19065.0,417.30279898218834,0.0,82,82,0,0,82,81,19660,0,0,0,0,1
2020-08-08,US,Iowa,Floyd,153,2,0,43.06000529999999,-92.78940097,19067.0,978.1357882623703,1.30718954248366,151,145,2,0,143,143,15761,8,0,0,8,2
2020-08-08,US,Iowa,Franklin,239,10,0,42.73270384,-93.26256925,19069.0,2373.386295928501,4.184100418410042,229,235,9,0,226,233,10124,4,1,0,3,2
2020-08-08,US,Iowa,Fremont,42,0,0,40.74542720000001,-95.60129045,19071.0,603.4482758620691,0.0,42,40,0,0,40,37,6993,2,0,0,2,3
2020-08-08,US,Iowa,Greene,41,0,0,42.03614551,-94.39658081,19073.0,461.29612961296135,0.0,41,41,0,0,41,39,8981,0,0,0,0,2
2020-08-08,US,Iowa,Grundy,79,1,0,42.40183723,-92.78829551,19075.0,645.8469587965991,1.2658227848101269,78,78,1,0,77,76,12304,1,0,0,1,2
2020-08-08,US,Iowa,Guthrie,131,5,0,41.68378965,-94.50111014,19077.0,1225.5589858733274,3.816793893129771,126,131,5,0,126,131,10720,0,0,0,0,0
2020-08-08,US,Iowa,Hamilton,246,1,0,42.38382428,-93.70197703,19079.0,1665.200027076423,0.4065040650406504,245,245,1,0,244,244,14952,1,0,0,1,1
2020-08-08,US,Iowa,Hancock,122,2,0,43.08178477,-93.73454884,19081.0,1147.6952022577611,1.639344262295082,120,121,2,0,119,121,10712,1,0,0,1,0
2020-08-08,US,Iowa,Hardin,178,0,0,42.38353877,-93.23654611,19083.0,1056.6306541612253,0.0,178,175,0,0,175,173,16868,3,0,0,3,2
2020-08-08,US,Iowa,Harrison,106,0,0,41.68330137,-95.81558439,19085.0,754.5020997935795,0.0,106,103,0,0,103,102,14134,3,0,0,3,1
2020-08-08,US,Iowa,Henry,120,3,0,40.98767962,-91.54436349,19087.0,601.3831813170293,2.5,117,119,3,0,116,119,20067,1,0,0,1,0
2020-08-08,US,Iowa,Howard,49,0,0,43.35671042,-92.31702714,19089.0,535.051321249181,0.0,49,49,0,0,49,49,9187,0,0,0,0,0
2020-08-08,US,Iowa,Humboldt,108,1,0,42.7764426,-94.20722537,19091.0,1129.9435028248588,0.925925925925926,107,106,1,0,105,100,9547,2,0,0,2,6
2020-08-08,US,Iowa,Ida,29,0,0,42.38696136,-95.51355387,19093.0,422.7405247813411,0.0,29,29,0,0,29,29,6841,0,0,0,0,0
2020-08-08,US,Iowa,Iowa,97,1,0,41.68630265,-92.0643373,19095.0,599.3573900148294,1.0309278350515465,96,96,1,0,95,94,16141,1,0,0,1,2
2020-08-08,US,Iowa,Jackson,151,1,0,42.17178824,-90.57354837,19097.0,776.7889294716806,0.6622516556291391,150,150,1,0,149,148,19432,1,0,0,1,2
2020-08-08,US,Iowa,Jasper,476,26,0,41.68576082,-93.05567785,19099.0,1280.0860562054593,5.46218487394958,450,471,26,0,445,466,37147,5,0,0,5,5
2020-08-08,US,Iowa,Jefferson,83,0,0,41.03192394,-91.94849466,19101.0,453.67586772342173,0.0,83,82,0,0,82,80,18381,1,0,0,1,2
2020-08-08,US,Iowa,Johnson,2067,19,0,41.67169354,-91.58754744,19103.0,1367.6061929337038,0.9192065795839379,2048,2054,16,0,2038,2021,151260,13,3,0,10,33
2020-08-08,US,Iowa,Jones,130,2,0,42.12118609,-91.13139641,19105.0,628.596296117209,1.5384615384615383,128,128,2,0,126,127,20744,2,0,0,2,1
2020-08-08,US,Iowa,Keokuk,34,1,0,41.33649833,-92.1785067,19107.0,331.83681436658213,2.9411764705882355,33,34,1,0,33,33,10225,0,0,0,0,1
2020-08-08,US,Iowa,Kossuth,89,0,0,43.20405458,-94.20691791,19109.0,600.8236008911092,0.0,89,84,0,0,84,83,14908,5,0,0,5,1
2020-08-08,US,Iowa,Lee,113,3,0,40.64181461,-91.48183025,19111.0,335.73996494042837,2.6548672566371683,110,108,3,0,105,107,34055,5,0,0,5,1
2020-08-08,US,Iowa,Linn,2348,87,0,42.07923082,-91.59809485,19113.0,1035.7026280733637,3.7052810902896076,2261,2314,87,0,2227,2279,225909,34,0,0,34,35
2020-08-08,US,Iowa,Louisa,378,14,0,41.21842119,-91.26102611,19115.0,3425.46443135478,3.703703703703704,364,378,14,0,364,380,11169,0,0,0,0,-2
2020-08-08,US,Iowa,Lucas,63,4,0,41.02958964,-93.32780803,19117.0,732.5581395348837,6.349206349206349,59,60,4,0,56,57,8645,3,0,0,3,3
2020-08-08,US,Iowa,Lyon,113,2,0,43.38107862,-96.20926845,19119.0,961.2930667800937,1.7699115044247788,111,110,2,0,108,109,11811,3,0,0,3,1
2020-08-08,US,Iowa,Madison,118,2,0,41.33081904,-94.01554631,19121.0,722.2426245562492,1.6949152542372878,116,114,2,0,112,114,16249,4,0,0,4,0
2020-08-08,US,Iowa,Mahaska,139,17,0,41.33521503,-92.64083907,19123.0,629.1016066983483,12.23021582733813,122,138,17,0,121,139,22000,1,0,0,1,-1
2020-08-08,US,Iowa,Marion,169,0,0,41.33445101,-93.09934783,19125.0,508.2248218205877,0.0,169,166,0,0,166,162,33407,3,0,0,3,4
2020-08-08,US,Iowa,Marshall,1438,26,0,42.03586837,-92.9990819,19127.0,3652.620081790241,1.8080667593880388,1412,1432,25,0,1407,1425,39981,6,1,0,5,7
2020-08-08,US,Iowa,Mills,89,0,0,41.03299766,-95.61920963,19129.0,589.0528823879807,0.0,89,87,0,0,87,85,15063,2,0,0,2,2
2020-08-08,US,Iowa,Mitchell,78,0,0,43.35638371,-92.78887719,19131.0,736.8222180238049,0.0,78,78,0,0,78,78,10569,0,0,0,0,0
2020-08-08,US,Iowa,Monona,91,0,0,42.05220391,-95.95743843,19133.0,1056.2971561230413,0.0,91,91,0,0,91,91,8679,0,0,0,0,0
2020-08-08,US,Iowa,Monroe,72,7,0,41.02988815,-92.8690667,19135.0,934.215648112106,9.722222222222221,65,72,7,0,65,69,7790,0,0,0,0,3
2020-08-08,US,Iowa,Montgomery,59,4,0,41.03018714,-95.15642896,19137.0,594.9379852778058,6.779661016949151,55,57,4,0,53,53,10003,2,0,0,2,4
2020-08-08,US,Iowa,Muscatine,846,48,0,41.48370744,-91.1121697,19139.0,1982.936433527096,5.673758865248227,798,845,48,0,797,840,42929,1,0,0,1,5
2020-08-08,US,Iowa,O'Brien,137,2,0,43.08310673,-95.62474482,19141.0,996.146295353741,1.45985401459854,135,136,2,0,134,135,13840,1,0,0,1,1
2020-08-08,US,Iowa,Osceola,83,0,0,43.37824276,-95.62422844,19143.0,1393.0849278281305,0.0,83,80,0,0,80,79,6040,3,0,0,3,1
2020-08-08,US,Iowa,Page,94,0,0,40.7393172,-95.1497813,19145.0,622.228106175945,0.0,94,94,0,0,94,85,15249,0,0,0,0,9
2020-08-08,US,Iowa,Palo Alto,84,0,0,43.08193849,-94.67824621,19147.0,945.3072248480755,0.0,84,82,0,0,82,80,8929,2,0,0,2,2
2020-08-08,US,Iowa,Plymouth,457,9,0,42.737633,-96.21366621,19149.0,1815.1487468721448,1.9693654266958425,448,455,9,0,446,452,25095,2,0,0,2,3
2020-08-08,US,Iowa,Pocahontas,115,2,0,42.73420133,-94.67862564,19151.0,1737.4225713854055,1.7391304347826086,113,115,1,0,114,115,6740,0,1,0,-1,0
2020-08-08,US,Iowa,Polk,10223,207,0,41.68679484,-93.57767461,19153.0,2085.641248487742,2.024845935635332,10016,10132,206,0,9926,10032,487204,91,1,0,90,100
2020-08-08,US,Iowa,Pottawattamie,1314,26,0,41.33640314,-95.53907776,19155.0,1409.7804862347919,1.9786910197869099,1288,1294,26,0,1268,1284,93533,20,0,0,20,10
2020-08-08,US,Iowa,Poweshiek,157,8,0,41.68625425,-92.53155731,19157.0,848.4651967142239,5.095541401273885,149,156,8,0,148,153,18699,1,0,0,1,3
2020-08-08,US,Iowa,Ringgold,21,1,0,40.73518949,-94.24368535,19159.0,429.09685328974257,4.761904761904762,20,21,1,0,20,21,4968,0,0,0,0,0
2020-08-08,US,Iowa,Sac,84,0,0,42.38624071,-95.10547892,19161.0,864.1086307993005,0.0,84,82,0,0,82,82,9719,2,0,0,2,0
2020-08-08,US,Iowa,Scott,1716,14,0,41.63935978,-90.61959493,19163.0,992.2344356232976,0.8158508158508159,1702,1674,14,0,1660,1655,173283,42,0,0,42,19
2020-08-08,US,Iowa,Shelby,183,1,0,41.6850066,-95.31015553,19165.0,1597.6951283394446,0.5464480874316939,182,180,1,0,179,177,11578,3,0,0,3,3
2020-08-08,US,Iowa,Sioux,625,3,0,43.08221074,-96.1767568,19167.0,1793.1430210873618,0.48,622,619,3,0,616,614,34909,6,0,0,6,5
2020-08-08,US,Iowa,Story,1160,14,0,42.03621213,-93.46499005,19169.0,1194.4355777052424,1.206896551724138,1146,1151,14,0,1137,1141,98105,9,0,0,9,10
2020-08-08,US,Iowa,Tama,549,29,0,42.07991767,-92.53266945,19171.0,3257.386970452118,5.2823315118397085,520,547,29,0,518,545,16904,2,0,0,2,2
2020-08-08,US,Iowa,Taylor,98,0,0,40.73710579,-94.69778563,19173.0,1601.045580787453,0.0,98,96,0,0,96,96,6191,2,0,0,2,0
2020-08-08,US,Iowa,Unassigned,7,0,0,0.0,0.0,90019.0,0.0,0.0,7,1,0,0,1,3,,6,0,0,6,-2
2020-08-08,US,Iowa,Union,77,1,0,41.0277278,-94.24234847,19175.0,629.0335756882607,1.2987012987012987,76,76,1,0,75,75,12359,1,0,0,1,1
2020-08-08,US,Iowa,Van Buren,34,1,0,40.75326764,-91.95017958,19177.0,482.68029528676885,2.9411764705882355,33,34,1,0,33,34,7020,0,0,0,0,0
2020-08-08,US,Iowa,Wapello,881,33,0,41.03064984,-92.40954728,19179.0,2519.374302954045,3.745743473325766,848,876,33,0,843,872,35205,5,0,0,5,4
2020-08-08,US,Iowa,Warren,557,1,0,41.33559454,-93.56007641,19181.0,1082.2679050246766,0.17953321364452424,556,550,1,0,549,547,51056,7,0,0,7,3
2020-08-08,US,Iowa,Washington,298,10,0,41.33577126,-91.71725711,19183.0,1356.7038470293649,3.355704697986577,288,294,10,0,284,293,22141,4,0,0,4,1
2020-08-08,US,Iowa,Wayne,19,1,0,40.73969028,-93.32752197,19185.0,294.9852507374631,5.2631578947368425,18,19,1,0,18,19,6401,0,0,0,0,0
2020-08-08,US,Iowa,Webster,801,7,0,42.42853483,-94.17987389,19187.0,2230.9491978609626,0.8739076154806492,794,793,7,0,786,772,36277,8,0,0,8,21
2020-08-08,US,Iowa,Winnebago,79,0,0,43.37751174,-93.73407298,19189.0,762.9901487347885,0.0,79,79,0,0,79,77,10518,0,0,0,0,2
2020-08-08,US,Iowa,Winneshiek,95,1,0,43.29094334,-91.84422722,19191.0,475.2138462308039,1.0526315789473684,94,94,1,0,93,91,20029,1,0,0,1,3
2020-08-08,US,Iowa,Woodbury,3716,52,0,42.38979414,-96.0459439,19193.0,3604.023005227579,1.3993541442411197,3664,3709,51,0,3658,3691,102539,7,1,0,6,18
2020-08-08,US,Iowa,Worth,66,0,0,43.37750768,-93.26087602,19195.0,894.187779433681,0.0,66,66,0,0,66,65,7453,0,0,0,0,1
2020-08-08,US,Iowa,Wright,465,1,0,42.73305373,-93.73515113,19197.0,3701.6398662633337,0.21505376344086025,464,463,1,0,462,455,12690,2,0,0,2,8
2020-08-08,US,Kansas,Allen,15,0,0,37.88582951,-95.30030847,20001.0,121.2709192335678,0.0,15,15,0,0,15,15,12444,0,0,0,0,0
2020-08-08,US,Kansas,Anderson,29,0,0,38.21413251,-95.29272815,20003.0,369.0506490201069,0.0,29,29,0,0,29,29,7878,0,0,0,0,0
2020-08-08,US,Kansas,Atchison,64,0,0,39.53185661,-95.30870026,20005.0,398.18328874510047,0.0,64,64,0,0,64,64,16193,0,0,0,0,0
2020-08-08,US,Kansas,Barber,4,0,0,37.2288586,-98.68460053,20007.0,90.35464196973119,0.0,4,4,0,0,4,4,4472,0,0,0,0,0
2020-08-08,US,Kansas,Barton,139,3,0,38.47889676,-98.75636726,20009.0,539.1985724814772,2.1582733812949644,136,133,3,0,130,126,26111,6,0,0,6,7
2020-08-08,US,Kansas,Bourbon,73,2,0,37.85508555,-94.84865997,20011.0,502.2705380487134,2.7397260273972597,71,73,2,0,71,73,14653,0,0,0,0,0
2020-08-08,US,Kansas,Brown,37,0,0,39.82652589,-95.56421698,20013.0,386.8674194897532,0.0,37,37,0,0,37,35,9598,0,0,0,0,2
2020-08-08,US,Kansas,Butler,255,1,0,37.78134351,-96.83878537,20015.0,381.1032565646904,0.392156862745098,254,255,1,0,254,238,66765,0,0,0,0,17
2020-08-08,US,Kansas,Chase,42,0,0,38.30292938,-96.59563862,20017.0,1586.1027190332327,0.0,42,42,0,0,42,42,2629,0,0,0,0,0
2020-08-08,US,Kansas,Chautauqua,5,0,0,37.14994405,-96.2454192,20019.0,153.84615384615384,0.0,5,5,0,0,5,5,3309,0,0,0,0,0
2020-08-08,US,Kansas,Cherokee,118,1,0,37.16928494,-94.8462897,20021.0,591.8050052660615,0.8474576271186439,117,101,1,0,100,91,20015,17,0,0,17,10
2020-08-08,US,Kansas,Cheyenne,3,0,0,39.78580976,-101.7318201,20023.0,112.90929619872036,0.0,3,3,0,0,3,2,2660,0,0,0,0,1
2020-08-08,US,Kansas,Clark,44,1,0,37.23577007,-99.81883015,20025.0,2206.6198595787364,2.272727272727273,43,44,1,0,43,45,2005,0,0,0,0,-1
2020-08-08,US,Kansas,Clay,20,2,0,39.34948772,-97.16518128,20027.0,249.9375156210947,10.0,18,20,2,0,18,18,7997,0,0,0,0,2
2020-08-08,US,Kansas,Cloud,32,0,0,39.48028352,-97.64925343,20029.0,364.21579786023216,0.0,32,32,0,0,32,30,8729,0,0,0,0,2
2020-08-08,US,Kansas,Coffey,67,8,0,38.2365018,-95.73379515,20031.0,819.1710478053552,11.940298507462687,59,67,8,0,59,67,8233,0,0,0,0,0
2020-08-08,US,Kansas,Comanche,5,0,0,37.19114520000001,-99.27113247,20033.0,294.11764705882354,0.0,5,5,0,0,5,3,1748,0,0,0,0,2
2020-08-08,US,Kansas,Cowley,165,2,0,37.23781842,-96.83776647,20035.0,472.6710209694053,1.2121212121212122,163,165,2,0,163,160,35218,0,0,0,0,5
2020-08-08,US,Kansas,Crawford,380,1,0,37.50675523,-94.85245778,20037.0,978.9273017672214,0.2631578947368421,379,380,1,0,379,377,39019,0,0,0,0,3
2020-08-08,US,Kansas,Decatur,5,0,0,39.78468441,-100.45940809999999,20039.0,176.86593562079943,0.0,5,5,0,0,5,5,2871,0,0,0,0,0
2020-08-08,US,Kansas,Dickinson,47,1,0,38.86600962,-97.15532383,20041.0,254.52182389255933,2.127659574468085,46,47,1,0,46,44,18717,0,0,0,0,3
2020-08-08,US,Kansas,Doniphan,48,0,0,39.79067154,-95.14056866,20043.0,631.578947368421,0.0,48,48,0,0,48,47,7682,0,0,0,0,1
2020-08-08,US,Kansas,Douglas,714,5,0,38.88503636,-95.2925121,20045.0,584.0060854415626,0.7002801120448179,709,714,5,0,709,696,121436,0,0,0,0,18
2020-08-08,US,Kansas,Edwards,10,0,0,37.88735543,-99.31263309,20047.0,357.39814152966414,0.0,10,10,0,0,10,10,2849,0,0,0,0,0
2020-08-08,US,Kansas,Elk,1,0,0,37.45338105,-96.24369667,20049.0,39.52569169960474,0.0,1,1,0,0,1,1,2508,0,0,0,0,0
2020-08-08,US,Kansas,Ellis,141,1,0,38.91458712,-99.31751551,20051.0,493.81851294084686,0.7092198581560284,140,141,1,0,140,135,28710,0,0,0,0,6
2020-08-08,US,Kansas,Ellsworth,21,0,0,38.69677695,-98.20462799,20053.0,344.14945919370695,0.0,21,21,0,0,21,21,6196,0,0,0,0,0
2020-08-08,US,Kansas,Finney,1783,10,0,38.04340344,-100.73819379999999,20055.0,4889.352016891985,0.5608524957936063,1773,1783,10,0,1773,1780,36611,0,0,0,0,3
2020-08-08,US,Kansas,Ford,2069,8,0,37.69200114,-99.88825298,20057.0,6154.258008864034,0.3866602223296278,2061,2069,8,0,2061,2055,33888,0,0,0,0,14
2020-08-08,US,Kansas,Franklin,178,1,0,38.56443815,-95.28644341,20059.0,696.8368305668649,0.5617977528089888,177,178,1,0,177,172,25631,0,0,0,0,6
2020-08-08,US,Kansas,Geary,140,2,0,38.99871131,-96.7577178,20061.0,442.0587306599305,1.4285714285714286,138,135,2,0,133,134,32594,5,0,0,5,1
2020-08-08,US,Kansas,Gove,6,0,0,38.91588178,-100.4829321,20063.0,227.6176024279211,0.0,6,6,0,0,6,6,2612,0,0,0,0,0
2020-08-08,US,Kansas,Graham,16,0,0,39.34987223,-99.88332493,20065.0,644.64141821112,0.0,16,16,0,0,16,16,2492,0,0,0,0,0
2020-08-08,US,Kansas,Grant,110,2,0,37.56227336,-101.3079758,20067.0,1538.4615384615383,1.818181818181818,108,106,2,0,104,101,7336,4,0,0,4,5
2020-08-08,US,Kansas,Gray,77,0,0,37.73836671,-100.4369088,20069.0,1285.9051436205746,0.0,77,77,0,0,77,77,6033,0,0,0,0,0
2020-08-08,US,Kansas,Greeley,4,0,0,38.4808095,-101.8061079,20071.0,324.67532467532465,0.0,4,4,0,0,4,3,1227,0,0,0,0,1
2020-08-08,US,Kansas,Greenwood,20,0,0,37.8774388,-96.23250453,20073.0,334.33634236041456,0.0,20,20,0,0,20,20,6055,0,0,0,0,0
2020-08-08,US,Kansas,Hamilton,37,0,0,37.99978709,-101.7921066,20075.0,1457.26664040961,0.0,37,37,0,0,37,37,2607,0,0,0,0,0
2020-08-08,US,Kansas,Harper,10,0,0,37.19175361,-98.07578384,20077.0,183.9587932303164,0.0,10,10,0,0,10,10,5506,0,0,0,0,0
2020-08-08,US,Kansas,Harvey,194,1,0,38.04293782,-97.42747573,20079.0,563.4784629236981,0.5154639175257731,193,194,1,0,193,181,34210,0,0,0,0,13
2020-08-08,US,Kansas,Haskell,44,0,0,37.562039399999996,-100.8710738,20081.0,1108.8709677419354,0.0,44,44,0,0,44,44,3997,0,0,0,0,0
2020-08-08,US,Kansas,Hodgeman,11,0,0,38.08780079,-99.89829881,20083.0,613.1549609810479,0.0,11,11,0,0,11,11,1818,0,0,0,0,0
2020-08-08,US,Kansas,Jackson,146,1,0,39.41673394,-95.79356799,20085.0,1108.4959380457062,0.6849315068493149,145,146,1,0,145,146,13280,0,0,0,0,0
2020-08-08,US,Kansas,Jefferson,76,0,0,39.2347941,-95.38289232,20087.0,399.09678096938507,0.0,76,76,0,0,76,75,18975,0,0,0,0,1
2020-08-08,US,Kansas,Jewell,11,0,0,39.78470589,-98.21820662,20089.0,382.07711010767633,0.0,11,11,0,0,11,10,2841,0,0,0,0,1
2020-08-08,US,Kansas,Johnson,5643,103,0,38.88548175,-94.82250877,20091.0,936.7514330155493,1.8252702463228776,5540,5522,102,0,5420,5439,597555,121,1,0,120,83
2020-08-08,US,Kansas,Kearny,59,1,0,38.00017981,-101.32168100000001,20093.0,1537.2589890568006,1.6949152542372878,58,59,1,0,58,57,3943,0,0,0,0,2
2020-08-08,US,Kansas,Kingman,17,0,0,37.55909527,-98.13638678,20095.0,237.69574944071587,0.0,17,17,0,0,17,12,7310,0,0,0,0,5
2020-08-08,US,Kansas,Kiowa,7,0,0,37.55848695,-99.2856537,20097.0,282.8282828282828,0.0,7,7,0,0,7,7,2516,0,0,0,0,0
2020-08-08,US,Kansas,Labette,133,0,0,37.19113093,-95.29849679,20099.0,677.9488225099399,0.0,133,133,0,0,133,123,19964,0,0,0,0,10
2020-08-08,US,Kansas,Lane,5,0,0,38.48119447,-100.46607540000001,20101.0,325.73289902280135,0.0,5,5,0,0,5,5,1560,0,0,0,0,0
2020-08-08,US,Kansas,Leavenworth,1459,8,0,39.20183497,-95.03620809,20103.0,1784.5348467428266,0.5483207676490747,1451,1459,8,0,1451,1444,81352,0,0,0,0,15
2020-08-08,US,Kansas,Lincoln,6,0,0,39.04549684,-98.20756994,20105.0,202.56583389601624,0.0,6,6,0,0,6,6,3023,0,0,0,0,0
2020-08-08,US,Kansas,Linn,35,0,0,38.21267844,-94.84254089,20107.0,360.71318149026087,0.0,35,35,0,0,35,36,9750,0,0,0,0,-1
2020-08-08,US,Kansas,Logan,2,0,0,38.91735806,-101.148475,20109.0,71.58196134574086,0.0,2,2,0,0,2,2,2844,0,0,0,0,0
2020-08-08,US,Kansas,Lyon,697,13,0,38.45576156,-96.15275715,20111.0,2099.7138123211325,1.865136298421808,684,697,13,0,684,686,33406,0,0,0,0,11
2020-08-08,US,Kansas,Marion,48,1,0,38.35855394,-97.09852509999999,20115.0,403.9044092898014,2.083333333333333,47,48,1,0,47,46,11950,0,0,0,0,2
2020-08-08,US,Kansas,Marshall,9,0,0,39.78359669,-96.52278974,20117.0,92.71659627073248,0.0,9,9,0,0,9,9,9722,0,0,0,0,0
2020-08-08,US,Kansas,McPherson,142,1,0,38.39184858,-97.64769869,20113.0,497.5124378109453,0.7042253521126759,141,142,1,0,141,137,28537,0,0,0,0,5
2020-08-08,US,Kansas,Meade,44,0,0,37.23859987,-100.36483100000001,20119.0,1090.9992561368708,0.0,44,44,0,0,44,42,4146,0,0,0,0,2
2020-08-08,US,Kansas,Miami,133,0,0,38.56383358,-94.83832189,20121.0,388.4686158249847,0.0,133,133,0,0,133,133,33680,0,0,0,0,0
2020-08-08,US,Kansas,Mitchell,27,0,0,39.39331582,-98.20906732,20123.0,451.58053186151534,0.0,27,27,0,0,27,27,6150,0,0,0,0,0
2020-08-08,US,Kansas,Montgomery,164,5,0,37.19236568,-95.74329258,20125.0,515.2533852775771,3.0487804878048776,159,164,5,0,159,162,32120,0,0,0,0,2
2020-08-08,US,Kansas,Morris,11,0,0,38.68827511,-96.65128437,20127.0,195.72953736654804,0.0,11,11,0,0,11,11,5521,0,0,0,0,0
2020-08-08,US,Kansas,Morton,9,2,0,37.19141121,-101.79925190000002,20129.0,347.89331271743333,22.222222222222218,7,9,2,0,7,9,2667,0,0,0,0,0
2020-08-08,US,Kansas,Nemaha,49,1,0,39.78345387,-96.01392079,20131.0,478.93656534063143,2.0408163265306123,48,49,1,0,48,48,10155,0,0,0,0,1
2020-08-08,US,Kansas,Neosho,58,0,0,37.55862897,-95.30670046,20133.0,362.3414756044231,0.0,58,58,0,0,58,56,15951,0,0,0,0,2
2020-08-08,US,Kansas,Ness,6,0,0,38.47974157,-99.91547333,20135.0,218.1818181818182,0.0,6,6,0,0,6,6,2840,0,0,0,0,0
2020-08-08,US,Kansas,Norton,23,0,0,39.78443827,-99.90286639,20137.0,429.0244357396009,0.0,23,23,0,0,23,23,5430,0,0,0,0,0
2020-08-08,US,Kansas,Osage,40,0,0,38.65235984,-95.72707998,20139.0,250.7994231613268,0.0,40,40,0,0,40,38,15941,0,0,0,0,2
2020-08-08,US,Kansas,Osborne,4,0,0,39.3503437,-98.76753828,20141.0,116.92487576731949,0.0,4,4,0,0,4,4,3475,0,0,0,0,0
2020-08-08,US,Kansas,Ottawa,34,0,0,39.13237408,-97.65020313,20143.0,596.0729312762974,0.0,34,34,0,0,34,32,5802,0,0,0,0,2
2020-08-08,US,Kansas,Pawnee,7,0,0,38.18108732,-99.23692334,20145.0,109.13626442157779,0.0,7,7,0,0,7,7,6562,0,0,0,0,0
2020-08-08,US,Kansas,Phillips,51,8,0,39.78465501,-99.34668865,20147.0,974.3981658387466,15.68627450980392,43,51,8,0,43,51,5317,0,0,0,0,0
2020-08-08,US,Kansas,Pottawatomie,107,0,0,39.37925655,-96.34564657,20149.0,438.8303326087848,0.0,107,107,0,0,107,106,24277,0,0,0,0,1
2020-08-08,US,Kansas,Pratt,33,0,0,37.64780729,-98.73922153,20151.0,360.10475774770845,0.0,33,33,0,0,33,33,9378,0,0,0,0,0
2020-08-08,US,Kansas,Reno,272,1,0,37.95230263,-98.08607292,20155.0,438.7238298009613,0.36764705882352944,271,267,1,0,266,247,62342,5,0,0,5,20
2020-08-08,US,Kansas,Republic,32,0,0,39.82799632,-97.65036709,20157.0,690.2502157031925,0.0,32,32,0,0,32,32,4664,0,0,0,0,0
2020-08-08,US,Kansas,Rice,37,0,0,38.34616184,-98.19992118,20159.0,387.962671699696,0.0,37,37,0,0,37,35,9531,0,0,0,0,2
2020-08-08,US,Kansas,Riley,477,5,0,39.28935726,-96.73420026,20161.0,642.5800193986421,1.0482180293501049,472,477,5,0,472,465,73703,0,0,0,0,12
2020-08-08,US,Kansas,Rooks,17,0,0,39.35022773,-99.32484567,20163.0,345.5284552845528,0.0,17,17,0,0,17,16,5013,0,0,0,0,1
2020-08-08,US,Kansas,Rush,6,0,0,38.52275276,-99.30863983,20165.0,197.6284584980237,0.0,6,6,0,0,6,6,3093,0,0,0,0,0
2020-08-08,US,Kansas,Russell,13,0,0,38.91462787,-98.76254297,20167.0,189.6149358226371,0.0,13,13,0,0,13,13,6907,0,0,0,0,0
2020-08-08,US,Kansas,Saline,372,5,0,38.78369175,-97.65185177,20169.0,686.0430805547359,1.3440860215053765,367,372,5,0,367,362,54401,0,0,0,0,10
2020-08-08,US,Kansas,Scott,47,0,0,38.48222076,-100.90665390000001,20171.0,974.4972009122952,0.0,47,34,0,0,34,34,4897,13,0,0,13,0
2020-08-08,US,Kansas,Sedgwick,4818,44,0,37.6842718,-97.4608198,20173.0,933.6449358773123,0.9132420091324199,4774,4716,44,0,4672,4603,513607,102,0,0,102,113
2020-08-08,US,Kansas,Seward,1220,4,0,37.19324632,-100.85072009999999,20175.0,5693.485159604256,0.3278688524590164,1216,1220,4,0,1216,1215,21780,0,0,0,0,5
2020-08-08,US,Kansas,Shawnee,1509,19,0,39.04100763,-95.75572640000001,20177.0,853.1448763250884,1.259111994698476,1490,1509,19,0,1490,1494,177499,0,0,0,0,15
2020-08-08,US,Kansas,Sheridan,7,0,0,39.35018161,-100.44182590000001,20179.0,277.66759222530743,0.0,7,7,0,0,7,7,2533,0,0,0,0,0
2020-08-08,US,Kansas,Sherman,15,0,0,39.35147699,-101.71976240000001,20181.0,253.50684468480648,0.0,15,15,0,0,15,15,5899,0,0,0,0,0
2020-08-08,US,Kansas,Smith,3,0,0,39.78516566,-98.78566062,20183.0,83.72871895060004,0.0,3,3,0,0,3,3,3603,0,0,0,0,0
2020-08-08,US,Kansas,Stafford,3,1,0,38.03100851,-98.71762001,20185.0,72.18479307025987,33.333333333333336,2,3,1,0,2,3,4178,0,0,0,0,0
2020-08-08,US,Kansas,Stanton,18,1,0,37.56304714,-101.78435340000001,20187.0,897.3080757726822,5.5555555555555545,17,18,1,0,17,16,1987,0,0,0,0,2
2020-08-08,US,Kansas,Stevens,45,0,0,37.1923008,-101.3118967,20189.0,820.4193254329991,0.0,45,46,0,0,46,45,5559,-1,0,0,-1,1
2020-08-08,US,Kansas,Sumner,99,3,0,37.23682549,-97.47721621,20191.0,433.5260115606936,3.0303030303030303,96,99,3,0,96,98,22996,0,0,0,0,1
2020-08-08,US,Kansas,Thomas,36,0,0,39.35107575,-101.0553705,20193.0,462.90343320046287,0.0,36,36,0,0,36,35,7711,0,0,0,0,1
2020-08-08,US,Kansas,Trego,6,1,0,38.91467218,-99.87284448,20195.0,214.05636817695327,16.666666666666668,5,6,1,0,5,5,2793,0,0,0,0,1
2020-08-08,US,Kansas,Unassigned,0,1,0,0.0,0.0,90020.0,0.0,0.0,-1,0,1,0,-1,0,,0,0,0,0,0
2020-08-08,US,Kansas,Wabaunsee,42,0,0,38.95471985,-96.20350509,20197.0,605.9731640455923,0.0,42,42,0,0,42,42,6899,0,0,0,0,0
2020-08-08,US,Kansas,Washington,1,0,0,39.78420784,-97.08753229999999,20201.0,18.49796522382538,0.0,1,1,0,0,1,3,5420,0,0,0,0,-2
2020-08-08,US,Kansas,Wichita,4,0,0,38.48178252,-101.3471509,20203.0,188.76828692779614,0.0,4,4,0,0,4,4,2105,0,0,0,0,0
2020-08-08,US,Kansas,Wilson,11,0,0,37.55937174,-95.74323255,20205.0,129.03225806451613,0.0,11,11,0,0,11,10,8665,0,0,0,0,1
2020-08-08,US,Kansas,Woodson,11,0,0,37.8865336,-95.74006277,20207.0,350.54174633524536,0.0,11,11,0,0,11,11,3183,0,0,0,0,0
2020-08-08,US,Kansas,Wyandotte,4864,99,0,39.11727348,-94.76378225,20209.0,2940.2341790133532,2.0353618421052637,4765,4810,99,0,4711,4740,165324,54,0,0,54,70
2020-08-08,US,Kentucky,Adair,203,19,0,37.10459774,-85.28129668,21001.0,1057.1815435892097,9.35960591133005,184,204,19,0,185,205,19215,-1,0,0,-1,-1
2020-08-08,US,Kentucky,Allen,226,8,0,36.75197631,-86.19457544,21003.0,1060.2861834388927,3.5398230088495577,218,224,8,0,216,224,21122,2,0,0,2,0
2020-08-08,US,Kentucky,Anderson,83,1,0,38.00671029,-84.99171713,21005.0,364.88328131182135,1.2048192771084338,82,82,1,0,81,81,22663,1,0,0,1,1
2020-08-08,US,Kentucky,Ballard,36,0,0,37.05842757,-88.99427697,21007.0,456.3894523326572,0.0,36,33,0,0,33,32,7979,3,0,0,3,1
2020-08-08,US,Kentucky,Barren,362,2,0,36.96469836,-85.93338945,21009.0,818.0975841261951,0.5524861878453039,360,360,2,0,358,355,44176,2,0,0,2,5
2020-08-08,US,Kentucky,Bath,37,1,0,38.14735938,-83.74588932,21011.0,296.0,2.702702702702702,36,37,1,0,36,36,12383,0,0,0,0,1
2020-08-08,US,Kentucky,Bell,312,4,0,36.73355174,-83.67766671,21013.0,1198.5248924400735,1.2820512820512822,308,303,3,0,300,298,26569,9,1,0,8,5
2020-08-08,US,Kentucky,Boone,1097,24,0,38.97065142,-84.72615357,21015.0,821.2245753512849,2.187784867821331,1073,1076,24,0,1052,1062,131533,21,0,0,21,14
2020-08-08,US,Kentucky,Bourbon,78,1,0,38.2054607,-84.21827874,21017.0,394.1782898726502,1.2820512820512822,77,75,1,0,74,75,20184,3,0,0,3,0
2020-08-08,US,Kentucky,Boyd,190,3,0,38.36176608,-82.68652187,21019.0,406.6954921015454,1.5789473684210529,187,185,3,0,182,184,47240,5,0,0,5,1
2020-08-08,US,Kentucky,Boyle,155,0,0,37.62680923,-84.8633779,21021.0,515.6353958749169,0.0,155,149,0,0,149,149,30100,6,0,0,6,0
2020-08-08,US,Kentucky,Bracken,33,0,0,38.69158994,-84.08532444,21023.0,397.44670600987587,0.0,33,30,0,0,30,30,8239,3,0,0,3,0
2020-08-08,US,Kentucky,Breathitt,28,0,0,37.52333168,-83.31959161,21025.0,221.6943784639746,0.0,28,28,0,0,28,28,12726,0,0,0,0,0
2020-08-08,US,Kentucky,Breckinridge,67,2,0,37.77377239,-86.42885017,21027.0,327.1963666552718,2.985074626865672,65,65,2,0,63,57,20388,2,0,0,2,8
2020-08-08,US,Kentucky,Bullitt,363,5,0,37.97162523,-85.68955617,21029.0,444.4390028894657,1.3774104683195592,358,348,5,0,343,333,81069,15,0,0,15,15
2020-08-08,US,Kentucky,Butler,294,15,0,37.20946153,-86.68748787,21031.0,2282.7859305846728,5.1020408163265305,279,292,15,0,277,298,12772,2,0,0,2,-6
2020-08-08,US,Kentucky,Caldwell,52,0,0,37.14749129,-87.86948214,21033.0,407.9391229308857,0.0,52,49,0,0,49,49,12715,3,0,0,3,0
2020-08-08,US,Kentucky,Calloway,230,4,0,36.62093411,-88.2731593,21035.0,589.7284685008077,1.7391304347826086,226,220,4,0,216,217,39135,10,0,0,10,3
2020-08-08,US,Kentucky,Campbell,567,13,0,38.94384345,-84.37875208,21037.0,605.8727987690204,2.2927689594356258,554,557,13,0,544,551,93152,10,0,0,10,6
2020-08-08,US,Kentucky,Carlisle,42,1,0,36.85372876,-88.96692220000001,21039.0,882.3529411764706,2.380952380952381,41,42,1,0,41,36,4771,0,0,0,0,6
2020-08-08,US,Kentucky,Carroll,158,2,0,38.66599534,-85.12601074,21041.0,1486.2195466089734,1.2658227848101269,156,150,2,0,148,150,10737,8,0,0,8,0
2020-08-08,US,Kentucky,Carter,101,1,0,38.31690743,-83.05092385,21043.0,376.90786282046486,0.99009900990099,100,102,1,0,101,101,27004,-1,0,0,-1,1
2020-08-08,US,Kentucky,Casey,175,10,0,37.32533118,-84.92726209,21045.0,1082.9878086515255,5.7142857142857135,165,162,10,0,152,161,15888,13,0,0,13,1
2020-08-08,US,Kentucky,Christian,500,8,0,36.89267803,-87.49055367,21047.0,709.6124097018209,1.6,492,489,6,0,483,481,71671,11,2,0,9,8
2020-08-08,US,Kentucky,Clark,166,7,0,37.9689263,-84.14615986,21049.0,457.7668698122053,4.216867469879518,159,164,7,0,157,168,36249,2,0,0,2,-4
2020-08-08,US,Kentucky,Clay,150,5,0,37.16451126,-83.712575,21051.0,753.7309682930506,3.333333333333333,145,149,5,0,144,148,20105,1,0,0,1,1
2020-08-08,US,Kentucky,Clinton,29,1,0,36.72581156,-85.13377529,21053.0,283.81287923272663,3.4482758620689653,28,28,0,0,28,28,10206,1,1,0,0,0
2020-08-08,US,Kentucky,Crittenden,30,1,0,37.35839237,-88.08826090000002,21055.0,340.67681126504664,3.333333333333333,29,29,1,0,28,28,8915,1,0,0,1,1
2020-08-08,US,Kentucky,Cumberland,49,0,0,36.78926125,-85.39050034,21057.0,740.8527366192925,0.0,49,46,0,0,46,46,6659,3,0,0,3,0
2020-08-08,US,Kentucky,Daviess,765,9,0,37.73028906,-87.09019479999998,21059.0,753.6129089458285,1.1764705882352942,756,750,9,0,741,740,101104,15,0,0,15,10
2020-08-08,US,Kentucky,Edmonson,101,12,0,37.21218923,-86.23955613,21061.0,831.2757201646091,11.881188118811881,89,100,12,0,88,99,12274,1,0,0,1,1
2020-08-08,US,Kentucky,Elliott,11,0,0,38.11624059,-83.09771563,21063.0,146.33497405880004,0.0,11,8,0,0,8,8,7508,3,0,0,3,0
2020-08-08,US,Kentucky,Estill,21,0,0,37.69241417,-83.95956369,21065.0,148.87282007656316,0.0,21,18,0,0,18,18,14198,3,0,0,3,0
2020-08-08,US,Kentucky,Fayette,3071,47,0,38.0368225,-84.45576892,21067.0,950.3267812051297,1.5304461087593615,3024,2984,47,0,2937,2943,323780,87,0,0,87,41
2020-08-08,US,Kentucky,Fleming,58,0,0,38.36758311,-83.69657514,21069.0,397.777930183115,0.0,58,58,0,0,58,58,14432,0,0,0,0,0
2020-08-08,US,Kentucky,Floyd,94,2,0,37.56213922,-82.74750924,21071.0,264.1265559583017,2.127659574468085,92,94,2,0,92,93,35845,0,0,0,0,1
2020-08-08,US,Kentucky,Franklin,296,7,0,38.2379395,-84.87962551,21073.0,580.4945970857602,2.3648648648648654,289,291,7,0,284,278,50815,5,0,0,5,13
2020-08-08,US,Kentucky,Fulton,79,2,0,36.55238827,-89.20140068,21075.0,1323.504774669124,2.5316455696202533,77,75,1,0,74,71,6120,4,1,0,3,4
2020-08-08,US,Kentucky,Gallatin,79,7,0,38.75398691,-84.8558382,21077.0,890.7430375465103,8.860759493670884,72,79,7,0,72,80,8832,0,0,0,0,-1
2020-08-08,US,Kentucky,Garrard,75,0,0,37.6388668,-84.53289319,21079.0,424.54432242726136,0.0,75,74,0,0,74,71,17560,1,0,0,1,3
2020-08-08,US,Kentucky,Grant,115,5,0,38.64962758,-84.62415957,21081.0,458.73389445131437,4.3478260869565215,110,112,5,0,107,107,25121,3,0,0,3,5
2020-08-08,US,Kentucky,Graves,558,24,0,36.72292505,-88.65143315,21083.0,1497.3434229592658,4.301075268817204,534,541,24,0,517,534,37317,17,0,0,17,7
2020-08-08,US,Kentucky,Grayson,197,11,0,37.46231118,-86.34248968,21085.0,745.4497294433722,5.583756345177664,186,194,11,0,183,192,26321,3,0,0,3,2
2020-08-08,US,Kentucky,Green,31,2,0,37.26484328,-85.5540745,21087.0,283.33790329951563,6.451612903225807,29,31,2,0,29,31,11049,0,0,0,0,0
2020-08-08,US,Kentucky,Greenup,110,1,0,38.54332505,-82.9215658,21089.0,313.40817140577815,0.9090909090909092,109,106,1,0,105,103,35268,4,0,0,4,3
2020-08-08,US,Kentucky,Hancock,50,0,0,37.83766422,-86.78280584,21091.0,573.2630130703967,0.0,50,50,0,0,50,49,8758,0,0,0,0,1
2020-08-08,US,Kentucky,Hardin,604,8,0,37.6976111,-85.96319251,21093.0,544.3501144577227,1.3245033112582782,596,576,8,0,568,566,110356,28,0,0,28,10
2020-08-08,US,Kentucky,Harlan,231,3,0,36.85699301,-83.21899516,21095.0,888.1199538638983,1.2987012987012987,228,223,3,0,220,219,26409,8,0,0,8,4
2020-08-08,US,Kentucky,Harrison,121,0,0,38.44188174,-84.32869741,21097.0,640.6862225987504,0.0,121,119,0,0,119,119,18778,2,0,0,2,0
2020-08-08,US,Kentucky,Hart,96,0,0,37.29943898,-85.88461055,21099.0,504.33412135539794,0.0,96,93,0,0,93,88,18906,3,0,0,3,5
2020-08-08,US,Kentucky,Henderson,343,3,0,37.79344553,-87.57392021,21101.0,758.6817075868173,0.8746355685131195,340,337,3,0,334,334,45591,6,0,0,6,3
2020-08-08,US,Kentucky,Henry,121,2,0,38.44942688,-85.11587507,21103.0,750.3410641200546,1.6528925619834711,119,119,2,0,117,110,16106,2,0,0,2,9
2020-08-08,US,Kentucky,Hickman,42,0,0,36.67948079999999,-88.97875928,21105.0,958.9041095890412,0.0,42,41,0,0,41,39,4421,1,0,0,1,2
2020-08-08,US,Kentucky,Hopkins,421,33,0,37.30939025,-87.54670406,21107.0,942.1295260260484,7.838479809976247,388,416,33,0,383,416,45068,5,0,0,5,0
2020-08-08,US,Kentucky,Jackson,150,14,0,37.41866422,-83.99825483,21109.0,1125.3657438667567,9.333333333333334,136,149,14,0,135,145,13442,1,0,0,1,4
2020-08-08,US,Kentucky,Jefferson,7984,237,0,38.18664655,-85.65931031,21111.0,1041.2686157413627,2.9684368737474953,7747,7823,237,0,7586,7666,770517,161,0,0,161,157
2020-08-08,US,Kentucky,Jessamine,340,0,0,37.87119786,-84.58252003,21113.0,628.2916012196249,0.0,340,337,0,0,337,325,53920,3,0,0,3,12
2020-08-08,US,Kentucky,Johnson,50,0,0,37.85106355,-82.8264322,21115.0,225.3470344330269,0.0,50,48,0,0,48,46,22386,2,0,0,2,2
2020-08-08,US,Kentucky,Kenton,1402,41,0,38.93950319,-84.53241199,21117.0,839.5310123474533,2.9243937232524964,1361,1378,40,0,1338,1369,166051,24,1,0,23,9
2020-08-08,US,Kentucky,Knott,54,1,0,37.35388197,-82.94981134,21119.0,364.7170066189383,1.851851851851852,53,49,1,0,48,49,15126,5,0,0,5,0
2020-08-08,US,Kentucky,Knox,232,8,0,36.89225732,-83.85403396,21121.0,744.9028736554824,3.4482758620689653,224,232,8,0,224,228,31304,0,0,0,0,4
2020-08-08,US,Kentucky,Larue,55,1,0,37.54567114,-85.70138352,21123.0,381.99749965272963,1.818181818181818,54,54,1,0,53,53,14307,1,0,0,1,1
2020-08-08,US,Kentucky,Laurel,432,5,0,37.10975748,-84.11321779,21125.0,710.3744265206453,1.1574074074074074,427,419,5,0,414,406,60669,13,0,0,13,13
2020-08-08,US,Kentucky,Lawrence,36,0,0,38.07136018,-82.72882223,21127.0,235.03296990272247,0.0,36,36,0,0,36,36,15571,0,0,0,0,0
2020-08-08,US,Kentucky,Lee,7,0,0,37.59645942,-83.71513901,21129.0,94.55626097528031,0.0,7,6,0,0,6,5,7033,1,0,0,1,1
2020-08-08,US,Kentucky,Leslie,30,0,0,37.09246661,-83.37999606,21131.0,303.7359522122102,0.0,30,28,0,0,28,28,10143,2,0,0,2,0
2020-08-08,US,Kentucky,Letcher,60,0,0,37.12306748,-82.85346474,21133.0,278.383519695634,0.0,60,58,0,0,58,56,21899,2,0,0,2,2
2020-08-08,US,Kentucky,Lewis,40,0,0,38.53184419,-83.37735618,21135.0,301.3182674199624,0.0,40,38,0,0,38,37,13257,2,0,0,2,1
2020-08-08,US,Kentucky,Lincoln,102,1,0,37.45475628,-84.6565327,21137.0,415.49553953317854,0.9803921568627452,101,101,1,0,100,100,24644,1,0,0,1,1
2020-08-08,US,Kentucky,Livingston,33,1,0,37.21137452,-88.34797529,21139.0,358.9297367848597,3.0303030303030303,32,33,1,0,32,33,9242,0,0,0,0,0
2020-08-08,US,Kentucky,Logan,327,23,0,36.85949479,-86.877635,21141.0,1206.5530219172015,7.033639143730888,304,320,23,0,297,315,26989,7,0,0,7,5
2020-08-08,US,Kentucky,Lyon,33,4,0,37.02080035,-88.07886257,21143.0,401.9488428745432,12.12121212121212,29,34,4,0,30,33,8009,-1,0,0,-1,1
2020-08-08,US,Kentucky,Madison,492,1,0,37.71659336,-84.27220275,21151.0,529.1062191489134,0.2032520325203252,491,456,1,0,455,444,92368,36,0,0,36,12
2020-08-08,US,Kentucky,Magoffin,39,0,0,37.70820545,-83.0657714,21153.0,320.69731107639177,0.0,39,34,0,0,34,34,12362,5,0,0,5,0
2020-08-08,US,Kentucky,Marion,121,0,0,37.55218078,-85.26898542,21155.0,627.8213044155035,0.0,121,120,0,0,120,119,19404,1,0,0,1,1
2020-08-08,US,Kentucky,Marshall,137,2,0,36.88007070000001,-88.32803576,21157.0,440.51446945337614,1.45985401459854,135,137,2,0,135,131,31191,0,0,0,0,6
2020-08-08,US,Kentucky,Martin,36,0,0,37.79990579,-82.51247478,21159.0,321.5721304153641,0.0,36,35,0,0,35,34,11323,1,0,0,1,1
2020-08-08,US,Kentucky,Mason,54,1,0,38.59471935,-83.82151043,21161.0,316.3444639718805,1.851851851851852,53,53,1,0,52,53,17150,1,0,0,1,0
2020-08-08,US,Kentucky,McCracken,366,4,0,37.05350953,-88.70445755,21145.0,559.4790424653766,1.0928961748633879,362,365,4,0,361,355,65346,1,0,0,1,10
2020-08-08,US,Kentucky,McCreary,38,0,0,36.73874143,-84.48102924,21147.0,220.53276072195462,0.0,38,37,0,0,37,37,17408,1,0,0,1,0
2020-08-08,US,Kentucky,McLean,42,1,0,37.5301951,-87.26803443,21149.0,456.1746497230368,2.380952380952381,41,42,1,0,41,43,9252,0,0,0,0,-1
2020-08-08,US,Kentucky,Meade,99,2,0,37.96163597,-86.21028219,21163.0,346.4930701385972,2.0202020202020203,97,100,2,0,98,93,28715,-1,0,0,-1,7
2020-08-08,US,Kentucky,Menifee,28,0,0,37.94090733,-83.59985712,21165.0,431.4994606256742,0.0,28,28,0,0,28,29,6451,0,0,0,0,-1
2020-08-08,US,Kentucky,Mercer,82,0,0,37.81474237,-84.87488475,21167.0,373.86586422286047,0.0,82,81,0,0,81,80,21774,1,0,0,1,1
2020-08-08,US,Kentucky,Metcalfe,58,2,0,36.99459295,-85.63123699,21169.0,575.9110316751068,3.4482758620689653,56,57,2,0,55,57,10030,1,0,0,1,0
2020-08-08,US,Kentucky,Monroe,94,2,0,36.71225341,-85.71596443,21171.0,882.6291079812205,2.127659574468085,92,93,2,0,91,93,10718,1,0,0,1,0
2020-08-08,US,Kentucky,Montgomery,120,0,0,38.03253032,-83.9145241,21173.0,426.1817665234223,0.0,120,120,0,0,120,116,28203,0,0,0,0,4
2020-08-08,US,Kentucky,Morgan,31,0,0,37.92465657,-83.25558245,21175.0,232.92508828612216,0.0,31,32,0,0,32,30,13345,-1,0,0,-1,2
2020-08-08,US,Kentucky,Muhlenberg,620,11,0,37.21425819,-87.14632053,21177.0,2024.6881327150409,1.7741935483870968,609,619,10,0,609,622,30774,1,1,0,0,-3
2020-08-08,US,Kentucky,Nelson,215,2,0,37.80335779,-85.4657193,21179.0,465.0357969415786,0.9302325581395348,213,207,2,0,205,205,45851,8,0,0,8,2
2020-08-08,US,Kentucky,Nicholas,20,0,0,38.33342292,-84.01889177,21181.0,275.14100976750586,0.0,20,20,0,0,20,20,7166,0,0,0,0,0
2020-08-08,US,Kentucky,Ohio,358,8,0,37.47751843,-86.85368087,21183.0,1492.0396765858136,2.23463687150838,350,353,8,0,345,345,24087,5,0,0,5,8
2020-08-08,US,Kentucky,Oldham,620,15,0,38.39791089,-85.448222,21185.0,928.1576071498076,2.419354838709677,605,612,15,0,597,596,66470,8,0,0,8,16
2020-08-08,US,Kentucky,Owen,48,0,0,38.51679143,-84.82404619,21187.0,440.3265755435281,0.0,48,46,0,0,46,44,10880,2,0,0,2,2
2020-08-08,US,Kentucky,Owsley,13,0,0,37.42823949,-83.68811419,21189.0,294.4507361268403,0.0,13,13,0,0,13,12,4472,0,0,0,0,1
2020-08-08,US,Kentucky,Pendleton,45,0,0,38.69607718,-84.35599463,21191.0,308.43043180260446,0.0,45,45,0,0,45,43,14529,0,0,0,0,2
2020-08-08,US,Kentucky,Perry,222,3,0,37.25023553,-83.22922731,21193.0,861.8681574656417,1.351351351351351,219,213,3,0,210,203,26092,9,0,0,9,10
2020-08-08,US,Kentucky,Pike,250,3,0,37.47088263,-82.39487445,21195.0,431.9579791277905,1.2,247,233,3,0,230,233,58402,17,0,0,17,0
2020-08-08,US,Kentucky,Powell,53,0,0,37.83218794,-83.82553961,21197.0,428.837284569949,0.0,53,53,0,0,53,51,12442,0,0,0,0,2
2020-08-08,US,Kentucky,Pulaski,279,4,0,37.10466131,-84.57629079,21199.0,429.36948860401054,1.4336917562724014,275,268,3,0,265,268,64623,11,1,0,10,0
2020-08-08,US,Kentucky,Robertson,3,0,0,38.51923469,-84.05055616,21201.0,142.31499051233396,0.0,3,3,0,0,3,3,2135,0,0,0,0,0
2020-08-08,US,Kentucky,Rockcastle,69,0,0,37.36642393,-84.31176452,21203.0,413.29739442946993,0.0,69,65,0,0,65,62,16750,4,0,0,4,3
2020-08-08,US,Kentucky,Rowan,69,0,0,38.19484205,-83.42088935,21205.0,282.09321340964834,0.0,69,70,0,0,70,69,24583,-1,0,0,-1,1
2020-08-08,US,Kentucky,Russell,108,5,0,36.99308373,-85.06070117,21207.0,602.5776934664956,4.62962962962963,103,102,5,0,97,101,17821,6,0,0,6,1
2020-08-08,US,Kentucky,Scott,373,0,0,38.29622293,-84.5816631,21209.0,654.3400463125395,0.0,373,362,0,0,362,356,56031,11,0,0,11,6
2020-08-08,US,Kentucky,Shelby,770,21,0,38.21476019,-85.194223,21211.0,1570.6592689295044,2.727272727272727,749,740,21,0,719,732,48518,30,0,0,30,8
2020-08-08,US,Kentucky,Simpson,149,7,0,36.74058474,-86.58047435,21213.0,802.2830066767177,4.697986577181208,142,147,7,0,140,146,18529,2,0,0,2,1
2020-08-08,US,Kentucky,Spencer,113,0,0,38.03223971,-85.32749335,21215.0,583.9491499147331,0.0,113,111,0,0,111,112,18794,2,0,0,2,-1
2020-08-08,US,Kentucky,Taylor,113,2,0,37.3677562,-85.3329931,21217.0,438.5113896542357,1.7699115044247788,111,107,2,0,105,106,25549,6,0,0,6,1
2020-08-08,US,Kentucky,Todd,35,0,0,36.8381152,-87.17878374,21219.0,284.691719537986,0.0,35,34,0,0,34,34,12311,1,0,0,1,0
2020-08-08,US,Kentucky,Trigg,53,0,0,36.80767017,-87.87333656,21221.0,361.750051191045,0.0,53,55,0,0,55,54,14643,-2,0,0,-2,1
2020-08-08,US,Kentucky,Trimble,33,0,0,38.61056487,-85.33775972,21223.0,389.564396175186,0.0,33,33,0,0,33,33,8515,0,0,0,0,0
2020-08-08,US,Kentucky,Union,65,0,0,37.66166713,-87.94300009,21225.0,451.9852583269591,0.0,65,65,0,0,65,62,14505,0,0,0,0,3
2020-08-08,US,Kentucky,Warren,2617,22,0,36.99903045,-86.42672751,21227.0,1969.2090055381648,0.8406572411157814,2595,2580,22,0,2558,2556,131264,37,0,0,37,24
2020-08-08,US,Kentucky,Washington,80,0,0,37.75599461,-85.17407732,21229.0,661.4303431169905,0.0,80,76,0,0,76,72,12084,4,0,0,4,4
2020-08-08,US,Kentucky,Wayne,54,0,0,36.80310688,-84.8251971,21231.0,265.5781242315448,0.0,54,53,0,0,53,53,20468,1,0,0,1,0
2020-08-08,US,Kentucky,Webster,88,1,0,37.52168356,-87.67989953,21233.0,679.9567300262711,1.1363636363636365,87,88,1,0,87,84,13111,0,0,0,0,4
2020-08-08,US,Kentucky,Whitley,167,1,0,36.75700531,-84.14541217,21235.0,460.5118023384072,0.5988023952095808,166,161,1,0,160,162,36242,6,0,0,6,-1
2020-08-08,US,Kentucky,Wolfe,14,0,0,37.73941626,-83.49303612,21237.0,195.61268687997762,0.0,14,13,0,0,13,12,7177,1,0,0,1,1
2020-08-08,US,Kentucky,Woodford,155,0,0,38.04178222,-84.7417556,21239.0,579.7860402483727,0.0,155,149,0,0,149,148,26533,6,0,0,6,1
2020-08-08,US,Louisiana,Acadia,2570,79,0,30.2950649,-92.41419698,22001.0,4142.154887581594,3.0739299610894943,2491,2570,79,0,2491,2555,62190,0,0,0,0,15
2020-08-08,US,Louisiana,Allen,1245,29,0,30.65385745,-92.82442028,22003.0,4858.1574121044205,2.3293172690763053,1216,1245,29,0,1216,1232,25605,0,0,0,0,13
2020-08-08,US,Louisiana,Ascension,2798,71,0,30.20406249,-90.91328409999998,22005.0,2210.040757006098,2.5375268048606148,2727,2798,71,0,2727,2768,124672,0,0,0,0,30
2020-08-08,US,Louisiana,Assumption,577,20,0,29.89946234,-91.06461642,22007.0,2635.786396235896,3.466204506065858,557,577,20,0,557,569,22300,0,0,0,0,8
2020-08-08,US,Louisiana,Avoyelles,1021,31,0,31.07796211,-92.00079449,22009.0,2543.343961737744,3.036238981390793,990,1021,31,0,990,1002,40462,0,0,0,0,19
2020-08-08,US,Louisiana,Beauregard,819,17,0,30.64836518,-93.34173616,22011.0,2184.1747339787185,2.075702075702076,802,819,17,0,802,814,37253,0,0,0,0,5
2020-08-08,US,Louisiana,Bienville,364,30,0,32.34569994,-93.05398492,22013.0,2749.037081791405,8.241758241758241,334,364,30,0,334,362,13308,0,0,0,0,2
2020-08-08,US,Louisiana,Bossier,2311,79,0,32.67932307,-93.60460152,22015.0,1819.1264100000787,3.4184335785374302,2232,2311,79,0,2232,2295,127185,0,0,0,0,16
2020-08-08,US,Louisiana,Caddo,6610,293,0,32.57991587,-93.88375652,22017.0,2751.8276131954503,4.432677760968231,6317,6610,293,0,6317,6566,242922,0,0,0,0,44
2020-08-08,US,Louisiana,Calcasieu,6752,146,0,30.22931235,-93.35400434,22019.0,3318.9799248903832,2.1623222748815167,6606,6752,146,0,6606,6695,203112,0,0,0,0,57
2020-08-08,US,Louisiana,Caldwell,212,2,0,32.0902519,-92.11752148,22021.0,2137.5277273643883,0.9433962264150944,210,212,2,0,210,207,9960,0,0,0,0,5
2020-08-08,US,Louisiana,Cameron,167,0,0,29.87592238,-93.19310676,22023.0,2394.951957550552,0.0,167,167,0,0,167,167,6968,0,0,0,0,0
2020-08-08,US,Louisiana,Catahoula,280,5,0,31.66778967,-91.84526385,22025.0,2949.2310933220983,1.7857142857142858,275,280,5,0,275,276,9608,0,0,0,0,4
2020-08-08,US,Louisiana,Claiborne,251,11,0,32.82308512,-92.99526883,22027.0,1601.7868538608807,4.382470119521912,240,251,11,0,240,241,15944,0,0,0,0,10
2020-08-08,US,Louisiana,Concordia,303,9,0,31.44817835,-91.63814433,22029.0,1573.290409678592,2.9702970297029703,294,303,9,0,294,300,19572,0,0,0,0,3
2020-08-08,US,Louisiana,De Soto,710,26,0,32.05457447,-93.74130302,22031.0,2585.2965808542403,3.661971830985916,684,710,26,0,684,705,27436,0,0,0,0,5
2020-08-08,US,Louisiana,East Baton Rouge,11946,344,0,30.53842039,-91.09777565,22033.0,2714.6359919919832,2.8796249790724935,11602,11946,344,0,11602,11736,440956,0,0,0,0,210
2020-08-08,US,Louisiana,East Carroll,518,1,0,32.73926954,-91.23425694,22035.0,7549.919836758491,0.19305019305019305,517,518,1,0,517,514,7037,0,0,0,0,4
2020-08-08,US,Louisiana,East Feliciana,567,36,0,30.84425359,-91.04976723,22037.0,2963.1565194669456,6.349206349206349,531,567,36,0,531,550,19305,0,0,0,0,17
2020-08-08,US,Louisiana,Evangeline,861,4,0,30.72985248,-92.39915924,22039.0,2578.2302739931133,0.4645760743321719,857,861,4,0,857,835,33443,0,0,0,0,26
2020-08-08,US,Louisiana,Franklin,896,17,0,32.13675181,-91.67589857,22041.0,4476.642518111416,1.8973214285714288,879,896,17,0,879,875,20156,0,0,0,0,21
2020-08-08,US,Louisiana,Grant,298,16,0,31.59882456,-92.56124347,22043.0,1331.0107642145695,5.369127516778524,282,298,16,0,282,292,22482,0,0,0,0,6
2020-08-08,US,Louisiana,Iberia,2450,70,0,29.86803617,-91.75871777,22045.0,3508.5206931118432,2.8571428571428568,2380,2450,70,0,2380,2436,70941,0,0,0,0,14
2020-08-08,US,Louisiana,Iberville,1219,47,0,30.25734305,-91.3499598,22047.0,3749.5001691735106,3.855619360131255,1172,1219,47,0,1172,1191,32721,0,0,0,0,28
2020-08-08,US,Louisiana,Jackson,368,18,0,32.30251776,-92.55692092,22049.0,2337.39837398374,4.891304347826087,350,368,18,0,350,368,15902,0,0,0,0,0
2020-08-08,US,Louisiana,Jefferson,15103,523,0,29.74075478,-90.11115756,22051.0,3492.079640595339,3.4628881679136594,14580,15103,523,0,14580,15002,434051,0,0,0,0,101
2020-08-08,US,Louisiana,Jefferson Davis,1005,26,0,30.26896765,-92.81210004,22053.0,3203.902065799541,2.587064676616916,979,1005,26,0,979,996,31582,0,0,0,0,9
2020-08-08,US,Louisiana,LaSalle,283,2,0,31.67884782,-92.15907765,22059.0,1900.3491807681976,0.7067137809187279,281,283,2,0,281,268,14917,0,0,0,0,15
2020-08-08,US,Louisiana,Lafayette,7468,91,0,30.2049055,-92.06959876,22055.0,3055.771512746021,1.2185324049276915,7377,7468,91,0,7377,7424,242782,0,0,0,0,44
2020-08-08,US,Louisiana,Lafourche,2759,97,0,29.52470226,-90.40976986,22057.0,2826.4388304956256,3.5157665820949617,2662,2759,97,0,2662,2719,98115,0,0,0,0,40
2020-08-08,US,Louisiana,Lincoln,766,29,0,32.6003154,-92.6659741,22061.0,1638.7831072696933,3.785900783289817,737,766,29,0,737,754,47196,0,0,0,0,12
2020-08-08,US,Louisiana,Livingston,2845,51,0,30.44143993,-90.73061664,22063.0,2020.754462351462,1.7926186291739894,2794,2845,51,0,2794,2800,139567,0,0,0,0,45
2020-08-08,US,Louisiana,Madison,609,6,0,32.36918118,-91.23973355,22065.0,5561.13596931787,0.9852216748768472,603,609,6,0,603,601,11161,0,0,0,0,8
2020-08-08,US,Louisiana,Morehouse,494,11,0,32.81686191,-91.80421614,22067.0,1986.0094878186057,2.2267206477732797,483,494,11,0,483,479,25398,0,0,0,0,15
2020-08-08,US,Louisiana,Natchitoches,761,17,0,31.72321584,-93.09816516,22069.0,1994.33932596048,2.2339027595269383,744,761,17,0,744,747,38659,0,0,0,0,14
2020-08-08,US,Louisiana,Orleans,10637,562,0,30.06971951,-89.92660315,22071.0,2726.429215879265,5.28344458023879,10075,10637,562,0,10075,10573,391006,0,0,0,0,64
2020-08-08,US,Louisiana,Ouachita,4787,111,0,32.47645559,-92.15704172,22073.0,3123.063172384997,2.3187800292458745,4676,4787,111,0,4676,4709,154475,0,0,0,0,78
2020-08-08,US,Louisiana,Plaquemines,451,19,0,29.42245447,-89.60322085,22075.0,1944.21692460232,4.212860310421286,432,451,19,0,432,432,23410,0,0,0,0,19
2020-08-08,US,Louisiana,Pointe Coupee,780,32,0,30.71409502,-91.60209535,22077.0,3589.507593189139,4.102564102564102,748,780,32,0,748,769,21940,0,0,0,0,11
2020-08-08,US,Louisiana,Rapides,3223,114,0,31.19778499,-92.52997303,22079.0,2485.961989386647,3.537077257213776,3109,3223,114,0,3109,3194,130562,0,0,0,0,29
2020-08-08,US,Louisiana,Red River,212,11,0,32.09530039,-93.34213308,22081.0,2511.2532575219143,5.188679245283018,201,212,11,0,201,211,8477,0,0,0,0,1
2020-08-08,US,Louisiana,Richland,586,7,0,32.41391005,-91.76634876,22083.0,2912.2353642779053,1.1945392491467577,579,586,7,0,579,577,20192,0,0,0,0,9
2020-08-08,US,Louisiana,Sabine,622,10,0,31.56388699,-93.55433981,22085.0,2604.2538938201305,1.6077170418006432,612,622,10,0,612,611,24032,0,0,0,0,11
2020-08-08,US,Louisiana,St. Bernard,1091,24,0,29.87761636,-89.51887093,22087.0,2309.287951909237,2.1998166819431715,1067,1091,24,0,1067,1081,46721,0,0,0,0,10
2020-08-08,US,Louisiana,St. Charles,1442,51,0,29.90709658,-90.35555967,22089.0,2715.6308851224107,3.5367545076282942,1391,1442,51,0,1391,1424,52879,0,0,0,0,18
2020-08-08,US,Louisiana,St. Helena,258,1,0,30.82210324,-90.71013176,22091.0,2546.3876825898146,0.3875968992248062,257,258,1,0,257,253,10262,0,0,0,0,5
2020-08-08,US,Louisiana,St. James,693,32,0,30.02531716,-90.80212061,22093.0,3284.982935153584,4.617604617604617,661,693,32,0,661,681,21037,0,0,0,0,12
2020-08-08,US,Louisiana,St. John the Baptist,1403,92,0,30.12597499,-90.4753503,22095.0,3275.2060134930084,6.557377049180328,1311,1403,92,0,1311,1399,43184,0,0,0,0,4
2020-08-08,US,Louisiana,St. Landry,2631,85,0,30.59724262,-92.00135806,22097.0,3203.691977984511,3.2307107563664013,2546,2631,85,0,2546,2583,82764,0,0,0,0,48
2020-08-08,US,Louisiana,St. Martin,1616,43,0,30.13112107,-91.61403569,22099.0,3024.4614549606035,2.6608910891089113,1573,1616,43,0,1573,1609,53621,0,0,0,0,7
2020-08-08,US,Louisiana,St. Mary,1543,52,0,29.69262097,-91.44702164,22101.0,3126.7731215044178,3.370058327932598,1491,1543,52,0,1491,1527,49774,0,0,0,0,16
2020-08-08,US,Louisiana,St. Tammany,5086,211,0,30.40942847,-89.95642711,22103.0,1953.0065010617504,4.148643334644121,4875,5086,211,0,4875,4993,258111,0,0,0,0,93
2020-08-08,US,Louisiana,Tangipahoa,3397,72,0,30.62888673,-90.40664996,22105.0,2520.81509075528,2.1195172210774214,3325,3397,72,0,3325,3332,133777,0,0,0,0,65
2020-08-08,US,Louisiana,Tensas,70,0,0,32.00760749,-91.32915234,22107.0,1615.1361329026306,0.0,70,70,0,0,70,68,4462,0,0,0,0,2
2020-08-08,US,Louisiana,Terrebonne,2986,85,0,29.37343766,-90.82626855,22109.0,2703.216519857687,2.8466175485599465,2901,2986,85,0,2901,2941,111021,0,0,0,0,45
2020-08-08,US,Louisiana,Unassigned,213,118,0,0.0,0.0,90022.0,0.0,55.399061032863855,95,213,118,0,95,212,,0,0,0,0,1
2020-08-08,US,Louisiana,Union,675,33,0,32.83121059,-92.3749373,22111.0,3053.1934141487245,4.888888888888889,642,675,33,0,642,669,22330,0,0,0,0,6
2020-08-08,US,Louisiana,Vermilion,1529,24,0,29.83517605,-92.30292538,22113.0,2569.2729075297,1.5696533682145193,1505,1529,24,0,1505,1513,59830,0,0,0,0,16
2020-08-08,US,Louisiana,Vernon,748,27,0,31.10884837,-93.18153838,22115.0,1577.0941828838895,3.609625668449198,721,748,27,0,721,739,48860,0,0,0,0,9
2020-08-08,US,Louisiana,Washington,1247,58,0,30.85288548,-90.03866652,22117.0,2699.4847815733647,4.651162790697675,1189,1247,58,0,1189,1235,46582,0,0,0,0,12
2020-08-08,US,Louisiana,Webster,868,14,0,32.70847669,-93.33121835,22119.0,2263.9540949400102,1.6129032258064515,854,868,14,0,854,861,38798,0,0,0,0,7
2020-08-08,US,Louisiana,West Baton Rouge,701,37,0,30.46058217,-91.30989571,22121.0,2648.781409408653,5.278174037089872,664,701,37,0,664,689,26427,0,0,0,0,12
2020-08-08,US,Louisiana,West Carroll,287,5,0,32.78550125,-91.461201,22123.0,2650.0461680517083,1.7421602787456445,282,287,5,0,282,277,10982,0,0,0,0,10
2020-08-08,US,Louisiana,West Feliciana,345,16,0,30.87882871,-91.4148538,22125.0,2216.0842754367936,4.63768115942029,329,345,16,0,329,333,15460,0,0,0,0,12
2020-08-08,US,Louisiana,Winn,413,7,0,31.94449367,-92.63789413,22127.0,2970.368239355581,1.6949152542372878,406,413,7,0,406,410,14134,0,0,0,0,3
2020-08-08,US,Maine,Androscoggin,558,8,0,44.1664747,-70.20380627,23001.0,515.3449024261847,1.4336917562724014,550,558,7,0,551,548,107679,0,1,0,-1,10
2020-08-08,US,Maine,Aroostook,33,1,0,46.65926321,-68.59841248,23003.0,49.21333233912461,3.0303030303030303,32,33,1,0,32,33,67111,0,0,0,0,0
2020-08-08,US,Maine,Cumberland,2082,69,0,43.8370751,-70.37226999,23005.0,705.7555346894777,3.3141210374639773,2013,2075,69,0,2006,2070,293557,7,0,0,7,5
2020-08-08,US,Maine,Franklin,45,1,0,44.97330019,-70.44381045,23007.0,149.01155667406206,2.2222222222222223,44,45,1,0,44,45,29897,0,0,0,0,0
2020-08-08,US,Maine,Hancock,35,1,0,44.59816444,-68.38401854,23009.0,63.65140851473985,2.8571428571428568,34,35,1,0,34,35,54811,0,0,0,0,0
2020-08-08,US,Maine,Kennebec,170,11,0,44.40759555,-69.76738544,23011.0,139.00017988258574,6.470588235294117,159,170,11,0,159,169,122083,0,0,0,0,1
2020-08-08,US,Maine,Knox,28,1,0,44.11486325,-69.10529169,23013.0,70.40128733782561,3.571428571428572,27,27,1,0,26,27,39771,1,0,0,1,0
2020-08-08,US,Maine,Lincoln,35,1,0,44.05996956,-69.54227124,23015.0,101.05676502858464,2.8571428571428568,34,34,1,0,33,34,34342,1,0,0,1,0
2020-08-08,US,Maine,Oxford,53,0,0,44.49952995,-70.75682123,23017.0,91.41871496334629,0.0,53,53,0,0,53,54,57618,0,0,0,0,-1
2020-08-08,US,Maine,Penobscot,152,5,0,45.40194593,-68.65020455,23019.0,99.90272629282015,3.2894736842105265,147,152,5,0,147,152,151096,0,0,0,0,0
2020-08-08,US,Maine,Piscataquis,3,0,0,45.83839062,-69.2860223,23021.0,17.873100983020553,0.0,3,3,0,0,3,3,16800,0,0,0,0,0
2020-08-08,US,Maine,Sagadahoc,55,0,0,43.95415864,-69.85074999,23023.0,153.39134315037933,0.0,55,54,0,0,54,54,35634,1,0,0,1,0
2020-08-08,US,Maine,Somerset,33,1,0,45.51229767,-69.95995554,23025.0,65.36724506774425,3.0303030303030303,32,33,1,0,32,33,50592,0,0,0,0,0
2020-08-08,US,Maine,Unassigned,2,0,0,0.0,0.0,90023.0,0.0,0.0,2,2,0,0,2,2,,0,0,0,0,0
2020-08-08,US,Maine,Waldo,62,14,0,44.4858305,-69.12061935,23027.0,156.11230013848672,22.580645161290327,48,62,14,0,48,62,39694,0,0,0,0,0
2020-08-08,US,Maine,Washington,12,0,0,45.01607142,-67.62813524,23029.0,38.242136460690276,0.0,12,12,0,0,12,12,31490,0,0,0,0,0
2020-08-08,US,Maine,York,670,12,0,43.47808377,-70.71052375,23031.0,322.67230460265563,1.791044776119403,658,668,12,0,656,666,206229,2,0,0,2,2
2020-08-08,US,Maryland,Allegany,287,18,0,39.62357628,-78.69280486,24001.0,407.577823221995,6.2717770034843205,269,280,18,0,262,279,70975,7,0,0,7,1
2020-08-08,US,Maryland,Anne Arundel,7295,222,0,39.00670238,-76.60329337,24003.0,1259.4219261990836,3.043180260452365,7073,7243,222,0,7021,7200,576031,52,0,0,52,43
2020-08-08,US,Maryland,Baltimore,13060,561,0,39.45784712,-76.62911955,24005.0,1578.4957153389655,4.295558958652373,12499,12915,559,0,12356,12777,828431,145,2,0,143,138
2020-08-08,US,Maryland,Baltimore City,12375,428,0,39.30211911,-76.61151012,24510.0,2085.1235909619368,3.4585858585858587,11947,12239,424,0,11815,12075,621342,136,4,0,132,164
2020-08-08,US,Maryland,Calvert,685,28,0,38.53961642,-76.56820632,24009.0,740.3404485274249,4.087591240875913,657,672,28,0,644,667,92003,13,0,0,13,5
2020-08-08,US,Maryland,Caroline,445,3,0,38.87172293,-75.82904158,24011.0,1332.096030653176,0.6741573033707865,442,445,3,0,442,444,33304,0,0,0,0,1
2020-08-08,US,Maryland,Carroll,1537,117,0,39.56453592,-77.02373735,24013.0,912.4531751826984,7.612231620039037,1420,1530,117,0,1413,1516,168429,7,0,0,7,14
2020-08-08,US,Maryland,Cecil,698,30,0,39.56647682,-75.94627411,24015.0,678.6252491371348,4.297994269340975,668,689,30,0,659,681,102826,9,0,0,9,8
2020-08-08,US,Maryland,Charles,2000,91,0,38.51092331,-76.98580666,24017.0,1225.0623250457868,4.55,1909,1983,91,0,1892,1961,161503,17,0,0,17,22
2020-08-08,US,Maryland,Dorchester,371,5,0,38.45413522,-76.02752426,24019.0,1161.953083403802,1.3477088948787062,366,365,5,0,360,360,31998,6,0,0,6,5
2020-08-08,US,Maryland,Frederick,3055,121,0,39.47296601,-77.39999394,24021.0,1177.0507846363087,3.9607201309328968,2934,3050,121,0,2929,3032,255648,5,0,0,5,18
2020-08-08,US,Maryland,Garrett,49,0,0,39.52786077,-79.27355126,24023.0,168.88398704073896,0.0,49,46,0,0,46,45,29163,3,0,0,3,1
2020-08-08,US,Maryland,Harford,1934,69,0,39.55010644,-76.30775940000002,24025.0,757.1219968603317,3.5677352637021715,1865,1922,69,0,1853,1906,253956,12,0,0,12,16
2020-08-08,US,Maryland,Howard,3809,110,0,39.25305293,-76.93126208,24027.0,1169.5170253922442,2.8878970858493043,3699,3779,106,0,3673,3729,323196,30,4,0,26,50
2020-08-08,US,Maryland,Kent,239,23,0,39.24976208,-76.04741541,24029.0,1230.5632787560498,9.623430962343095,216,238,23,0,215,236,19383,1,0,0,1,2
2020-08-08,US,Maryland,Montgomery,18260,802,0,39.13676329,-77.20358245,24031.0,1737.9088749467014,4.3921139101862,17458,18139,801,0,17338,18032,1052567,121,1,0,120,107
2020-08-08,US,Maryland,Prince George's,23554,751,0,38.83070039,-76.8496441,24033.0,2590.267307580221,3.188418103082279,22803,23372,749,0,22623,23225,909308,182,2,0,180,147
2020-08-08,US,Maryland,Queen Anne's,422,25,0,39.06198912,-76.03530977,24035.0,837.6173557491911,5.924170616113744,397,420,25,0,395,406,50251,2,0,0,2,14
2020-08-08,US,Maryland,Somerset,134,3,0,38.1163542,-75.75118623,24039.0,523.1105559025609,2.238805970149253,131,133,3,0,130,130,25675,1,0,0,1,3
2020-08-08,US,Maryland,St. Mary's,965,52,0,38.30058422,-76.60629279999998,24037.0,850.1453616421461,5.38860103626943,913,962,52,0,910,951,112664,3,0,0,3,11
2020-08-08,US,Maryland,Talbot,394,4,0,38.76618159,-76.10882561,24041.0,1059.681019875743,1.0152284263959392,390,384,4,0,380,371,36968,10,0,0,10,13
2020-08-08,US,Maryland,Unassigned,0,18,0,0.0,0.0,90024.0,0.0,0.0,-18,0,19,0,-19,0,,0,-1,0,1,0
2020-08-08,US,Maryland,Washington,1007,31,0,39.60835778,-77.82002295,24043.0,666.6710802454833,3.0784508440913605,976,1003,31,0,972,996,150926,4,0,0,4,7
2020-08-08,US,Maryland,Wicomico,1324,45,0,38.37301947,-75.62705831,24045.0,1277.8812651410592,3.3987915407854983,1279,1322,45,0,1277,1322,103195,2,0,0,2,0
2020-08-08,US,Maryland,Worcester,682,20,0,38.21274277,-75.33200012,24047.0,1304.6139719947967,2.9325513196480935,662,675,20,0,655,664,51823,7,0,0,7,11
2020-08-08,US,Massachusetts,Barnstable,1798,158,0,41.72980578,-70.28854339,25001.0,844.1710878444998,8.787541713014459,1640,1794,157,0,1637,1783,213413,4,1,0,3,11
2020-08-08,US,Massachusetts,Berkshire,667,46,0,42.37428441,-73.20524838,25003.0,533.8391599436547,6.896551724137932,621,667,46,0,621,666,126348,0,0,0,0,1
2020-08-08,US,Massachusetts,Bristol,9324,632,0,41.79228404,-71.10872211,25005.0,1649.6319112836304,6.778206778206777,8692,9295,632,0,8663,9272,564022,29,0,0,29,23
2020-08-08,US,Massachusetts,Dukes and Nantucket,102,1,0,41.40674725,-70.68763497,0.0,355.0172287772789,0.9803921568627452,101,102,1,0,101,100,26707,0,0,0,0,2
2020-08-08,US,Massachusetts,Essex,17789,1192,0,42.6687626,-70.94687179,25009.0,2254.528955659705,6.700770138849852,16597,17699,1191,0,16508,17617,790638,90,1,0,89,82
2020-08-08,US,Massachusetts,Franklin,411,61,0,42.58119713,-72.58602547,25011.0,585.6369335993161,14.841849148418493,350,410,61,0,349,409,70963,1,0,0,1,1
2020-08-08,US,Massachusetts,Hampden,7582,704,0,42.13440424,-72.63235561,25013.0,1625.7408249208786,9.285149037193351,6878,7556,703,0,6853,7541,470406,26,1,0,25,15
2020-08-08,US,Massachusetts,Hampshire,1170,129,0,42.33997957,-72.65898478,25015.0,727.476217123671,11.025641025641027,1041,1162,129,0,1033,1158,161355,8,0,0,8,4
2020-08-08,US,Massachusetts,Middlesex,26345,2002,0,42.48607732,-71.39049229,25017.0,1634.610432841368,7.599164926931106,24343,26254,1999,0,24255,26156,1614714,91,3,0,88,98
2020-08-08,US,Massachusetts,Norfolk,10601,997,0,42.16073095,-71.20530408,25021.0,1499.9115701602348,9.404773134609943,9604,10554,996,0,9558,10515,705388,47,1,0,46,39
2020-08-08,US,Massachusetts,Plymouth,9226,720,0,41.94070556,-70.80802823,25023.0,1770.1390247926904,7.804032083243009,8506,9212,718,0,8494,9193,518132,14,2,0,12,19
2020-08-08,US,Massachusetts,Suffolk,21778,1073,0,42.327951399999996,-71.07850442,25025.0,2709.019824432429,4.926990540912848,20705,21717,1071,0,20646,21631,807252,61,2,0,59,86
2020-08-08,US,Massachusetts,Unassigned,316,6,0,0.0,0.0,90025.0,0.0,1.8987341772151896,310,314,6,0,308,308,,2,0,0,2,6
2020-08-08,US,Massachusetts,Worcester,13602,1000,0,42.35026951,-71.90493363,25027.0,1637.5679912162213,7.351860020585208,12602,13555,999,0,12556,13525,830839,47,1,0,46,30
2020-08-08,US,Michigan,Alcona,28,1,0,44.6846864,-83.59507875,26001.0,269.1013935607881,3.571428571428572,27,28,1,0,27,28,10362,0,0,0,0,0
2020-08-08,US,Michigan,Alger,11,0,0,46.41292944,-86.60260122,26003.0,120.77294685990341,0.0,11,9,0,0,9,8,9097,2,0,0,2,1
2020-08-08,US,Michigan,Allegan,522,7,0,42.59147037,-85.89102866,26005.0,442.06942691881,1.3409961685823757,515,510,7,0,503,507,117327,12,0,0,12,3
2020-08-08,US,Michigan,Alpena,128,13,0,45.03477666,-83.62212411,26007.0,450.62488998415773,10.15625,115,127,13,0,114,127,28360,1,0,0,1,0
2020-08-08,US,Michigan,Antrim,41,0,0,44.99690221,-85.15503082,26009.0,175.78459955410736,0.0,41,41,1,0,40,40,23365,0,-1,0,1,1
2020-08-08,US,Michigan,Arenac,41,3,0,44.0636262,-83.89277559,26011.0,275.4820936639118,7.317073170731707,38,41,3,0,38,41,15041,0,0,0,0,0
2020-08-08,US,Michigan,Baraga,5,0,0,46.6720582,-88.36363591,26013.0,60.9087586794981,0.0,5,5,0,0,5,5,8320,0,0,0,0,0
2020-08-08,US,Michigan,Barry,180,2,0,42.59513984,-85.30834519,26015.0,292.4451665312754,1.1111111111111112,178,175,2,0,173,173,61157,5,0,0,5,2
2020-08-08,US,Michigan,Bay,620,31,0,43.70639106,-83.98731479,26017.0,601.2062913329328,5.0,589,600,31,0,569,595,103923,20,0,0,20,5
2020-08-08,US,Michigan,Benzie,28,1,0,44.63899297,-86.01608482,26019.0,157.60441292356185,3.571428571428572,27,29,1,0,28,28,17753,-1,0,0,-1,1
2020-08-08,US,Michigan,Berrien,1357,66,0,41.95447397,-86.41313079999998,26021.0,884.6096179294791,4.8636698599852615,1291,1347,66,0,1281,1334,154141,10,0,0,10,13
2020-08-08,US,Michigan,Branch,364,2,0,41.91600556,-85.05929476,26023.0,836.4547188455085,0.5494505494505495,362,355,2,0,353,352,43622,9,0,0,9,3
2020-08-08,US,Michigan,Calhoun,789,41,0,42.24633834,-85.00493569,26025.0,588.1081403409387,5.196451204055767,748,782,41,0,741,776,134487,7,0,0,7,6
2020-08-08,US,Michigan,Cass,320,14,0,41.91522292,-85.99405727,26027.0,617.9156931276189,4.375,306,316,14,0,302,313,51653,4,0,0,4,3
2020-08-08,US,Michigan,Charlevoix,47,2,0,45.37790017,-85.19614053,26029.0,179.78043835826034,4.25531914893617,45,45,2,0,43,45,26244,2,0,0,2,0
2020-08-08,US,Michigan,Cheboygan,46,2,0,45.44787015,-84.50122149,26031.0,181.99082133248933,4.3478260869565215,44,44,2,0,42,43,25413,2,0,0,2,1
2020-08-08,US,Michigan,Chippewa,39,0,0,46.29552653,-84.54353449,26033.0,104.42046641141664,0.0,39,39,0,0,39,39,37517,0,0,0,0,0
2020-08-08,US,Michigan,Clare,71,3,0,43.98794227,-84.84819859999998,26035.0,229.4022617124394,4.225352112676056,68,70,3,0,67,66,30757,1,0,0,1,4
2020-08-08,US,Michigan,Clinton,422,13,0,42.94400871,-84.60145248,26037.0,530.1840567874866,3.080568720379147,409,422,13,0,409,421,79332,0,0,0,0,1
2020-08-08,US,Michigan,Crawford,106,5,0,44.68255561,-84.61006219,26039.0,755.5777318411862,4.716981132075472,101,105,5,0,100,103,13901,1,0,0,1,2
2020-08-08,US,Michigan,Delta,90,3,0,45.90484910000001,-86.9080745,26041.0,251.50905432595573,3.333333333333333,87,89,3,0,86,87,35857,1,0,0,1,2
2020-08-08,US,Michigan,Dickinson,53,2,0,46.00999672,-87.86961634,26043.0,209.99247196798612,3.7735849056603774,51,52,2,0,50,51,25383,1,0,0,1,1
2020-08-08,US,Michigan,Eaton,459,8,0,42.59599185,-84.83740035,26045.0,416.25857002938295,1.7429193899782136,451,456,8,0,448,455,109826,3,0,0,3,1
2020-08-08,US,Michigan,Emmet,62,2,0,45.52625509,-84.89083249,26047.0,185.545413736346,3.2258064516129035,60,61,2,0,59,60,33308,1,0,0,1,1
2020-08-08,US,Michigan,Federal Correctional Institution (FCI),194,5,0,0.0,0.0,0.0,0.0,2.5773195876288657,189,194,5,0,189,194,,0,0,0,0,0
2020-08-08,US,Michigan,Genesee,3639,295,0,43.02244215,-83.70589709,26049.0,896.7184392811467,8.106622698543555,3344,3630,295,0,3335,3604,406892,9,0,0,9,26
2020-08-08,US,Michigan,Gladwin,58,2,0,43.98901072,-84.38774817,26051.0,227.9067939801171,3.4482758620689653,56,58,2,0,56,57,25337,0,0,0,0,1
2020-08-08,US,Michigan,Gogebic,119,1,0,46.40862701,-89.69377193,26053.0,851.520572450805,0.8403361344537815,118,110,1,0,109,109,15096,9,0,0,9,1
2020-08-08,US,Michigan,Grand Traverse,208,5,0,44.69565625,-85.55585247,26055.0,223.4444826400825,2.4038461538461537,203,207,5,0,202,202,92573,1,0,0,1,5
2020-08-08,US,Michigan,Gratiot,155,15,0,43.29265605,-84.60505416,26057.0,380.732480165066,9.677419354838712,140,154,15,0,139,151,40599,1,0,0,1,3
2020-08-08,US,Michigan,Hillsdale,265,25,0,41.88753639,-84.59312019,26059.0,581.0766363337352,9.433962264150944,240,260,25,0,235,258,45749,5,0,0,5,2
2020-08-08,US,Michigan,Houghton,50,0,0,46.89988536,-88.68495385,26061.0,140.1188207600045,0.0,50,49,0,0,49,49,36219,1,0,0,1,0
2020-08-08,US,Michigan,Huron,156,4,0,43.83353985,-83.04078453,26063.0,503.53442432458604,2.5641025641025643,152,156,4,0,152,154,31166,0,0,0,0,2
2020-08-08,US,Michigan,Ingham,1541,30,0,42.59716886,-84.37472069,26065.0,527.0069697612224,1.9467878001297856,1511,1536,30,0,1506,1520,292735,5,0,0,5,16
2020-08-08,US,Michigan,Ionia,274,6,0,42.94502238,-85.07413319,26067.0,423.512682195465,2.18978102189781,268,274,6,0,268,274,64210,0,0,0,0,0
2020-08-08,US,Michigan,Iosco,130,12,0,44.35486835,-83.63484895,26069.0,517.3717515023678,9.23076923076923,118,130,12,0,118,130,25081,0,0,0,0,0
2020-08-08,US,Michigan,Iron,19,1,0,46.20974132,-88.53136251,26071.0,171.6970901861558,5.2631578947368425,18,19,1,0,18,18,11117,0,0,0,0,1
2020-08-08,US,Michigan,Isabella,205,9,0,43.64060976,-84.84664923,26073.0,293.3936340737348,4.390243902439025,196,206,9,0,197,205,70562,-1,0,0,-1,1
2020-08-08,US,Michigan,Jackson,709,34,0,42.24807035,-84.42258681,26075.0,447.2903917733897,4.795486600846262,675,709,34,0,675,707,158823,0,0,0,0,2
2020-08-08,US,Michigan,Kalamazoo,1631,83,0,42.24542231,-85.53038622,26077.0,615.3184489900627,5.088902513795218,1548,1618,83,0,1535,1601,264870,13,0,0,13,17
2020-08-08,US,Michigan,Kalkaska,52,4,0,44.68512729,-85.09085699,26079.0,288.2802971504601,7.6923076923076925,48,51,4,0,47,49,17824,1,0,0,1,2
2020-08-08,US,Michigan,Kent,7485,157,0,43.03197711,-85.54934642,26081.0,1139.3474438888506,2.0975283901135606,7328,7448,158,0,7290,7380,653786,37,-1,0,38,68
2020-08-08,US,Michigan,Keweenaw,3,0,0,47.63197653,-88.41434263,26083.0,141.77693761814746,0.0,3,3,0,0,3,3,2113,0,0,0,0,0
2020-08-08,US,Michigan,Lake,21,0,0,43.99050893,-85.802173,26085.0,177.17033662363957,0.0,21,19,0,0,19,19,11881,2,0,0,2,0
2020-08-08,US,Michigan,Lapeer,464,33,0,43.09052506,-83.22153148,26087.0,529.6380426221648,7.112068965517241,431,461,33,0,428,456,88028,3,0,0,3,5
2020-08-08,US,Michigan,Leelanau,71,0,0,44.94430054,-85.80150326,26089.0,326.2717705987776,0.0,71,69,0,0,69,69,21764,2,0,0,2,0
2020-08-08,US,Michigan,Lenawee,422,12,0,41.89475156,-84.06603727,26091.0,428.6396278351667,2.8436018957345968,410,419,12,0,407,413,98266,3,0,0,3,6
2020-08-08,US,Michigan,Livingston,826,28,0,42.60302282,-83.91297209,26093.0,430.2195369671085,3.3898305084745757,798,816,28,0,788,811,191224,10,0,0,10,5
2020-08-08,US,Michigan,Luce,3,0,0,46.47227431,-85.54471223,26095.0,48.16182372772515,0.0,3,3,0,0,3,3,6283,0,0,0,0,0
2020-08-08,US,Michigan,Mackinac,27,0,0,46.07028979,-85.04980537,26097.0,250.0231502916937,0.0,27,26,0,0,26,24,10787,1,0,0,1,2
2020-08-08,US,Michigan,Macomb,10339,946,0,42.69158356,-82.92752801,26099.0,1182.9898440682312,9.149821065867103,9393,10205,944,0,9261,10042,874759,134,2,0,132,163
2020-08-08,US,Michigan,Manistee,35,0,0,44.33352407,-86.05626916,26101.0,142.51974916524148,0.0,35,35,0,0,35,34,24528,0,0,0,0,1
2020-08-08,US,Michigan,Marquette,153,11,0,46.4338914,-87.64043701,26103.0,229.3887464579679,7.189542483660131,142,152,11,0,141,149,66516,1,0,0,1,3
2020-08-08,US,Michigan,Mason,101,0,0,43.99509218,-86.24988902,26105.0,346.5550370573703,0.0,101,99,0,0,99,99,29100,2,0,0,2,0
2020-08-08,US,Michigan,Mecosta,68,2,0,43.64064262,-85.32463223,26107.0,156.49092122523192,2.9411764705882355,66,66,2,0,64,65,43545,2,0,0,2,1
2020-08-08,US,Michigan,Menominee,131,0,0,45.58038692,-87.55370409,26109.0,575.0658472344163,0.0,131,124,0,0,124,117,22983,7,0,0,7,7
2020-08-08,US,Michigan,Michigan Department of Corrections (MDOC),4386,69,0,0.0,0.0,0.0,0.0,1.5731874145006841,4317,4386,69,0,4317,4324,,0,0,0,0,62
2020-08-08,US,Michigan,Midland,330,10,0,43.64330771,-84.38804374,26111.0,396.8444850642168,3.0303030303030303,320,325,10,0,315,325,83209,5,0,0,5,0
2020-08-08,US,Michigan,Missaukee,41,1,0,44.33772443,-85.09256478,26113.0,271.1998941658949,2.4390243902439024,40,41,1,0,40,41,15113,0,0,0,0,0
2020-08-08,US,Michigan,Monroe,972,24,0,41.92734151,-83.53749864,26115.0,645.8471760797343,2.469135802469136,948,955,25,0,930,945,150439,17,-1,0,18,10
2020-08-08,US,Michigan,Montcalm,188,1,0,43.31082541,-85.15252824,26117.0,294.26496368645127,0.5319148936170213,187,185,1,0,184,184,63968,3,0,0,3,1
2020-08-08,US,Michigan,Montmorency,9,1,0,45.0275929,-84.12696227,26119.0,96.48370497427099,11.111111111111109,8,9,1,0,8,8,9265,0,0,0,0,1
2020-08-08,US,Michigan,Muskegon,1170,59,0,43.29123859,-86.15176712,26121.0,674.0951568855653,5.0427350427350435,1111,1160,59,0,1101,1156,173588,10,0,0,10,4
2020-08-08,US,Michigan,Newaygo,250,0,0,43.554373999999996,-85.80070107,26123.0,510.41241322988975,0.0,250,250,0,0,250,250,48892,0,0,0,0,0
2020-08-08,US,Michigan,Oakland,15427,1129,0,42.66090111,-83.38595416,26125.0,1226.7172610338555,7.318337978868217,14298,15292,1133,0,14159,15176,1259201,135,-4,0,139,116
2020-08-08,US,Michigan,Oceana,475,6,0,43.64124435,-86.26726673,26127.0,1794.6877243359656,1.263157894736842,469,474,6,0,468,470,26625,1,0,0,1,4
2020-08-08,US,Michigan,Ogemaw,54,2,0,44.33481032,-84.12725175,26129.0,257.17959708529787,3.703703703703704,52,53,2,0,51,53,20952,1,0,0,1,0
2020-08-08,US,Michigan,Ontonagon,11,0,0,46.665226200000006,-89.31390481,26131.0,192.3076923076923,0.0,11,7,0,0,7,6,5795,4,0,0,4,1
2020-08-08,US,Michigan,Osceola,71,0,0,43.98992088,-85.32566756,26133.0,302.64279624893436,0.0,71,70,0,0,70,70,23341,1,0,0,1,0
2020-08-08,US,Michigan,Oscoda,24,1,0,44.68192279,-84.12939244,26135.0,291.2267928649436,4.166666666666667,23,24,1,0,23,24,8276,0,0,0,0,0
2020-08-08,US,Michigan,Otsego,134,10,0,45.02085831,-84.59898295,26137.0,543.2138803307928,7.462686567164179,124,134,10,0,124,131,24665,0,0,0,0,3
2020-08-08,US,Michigan,Ottawa,1800,56,0,42.95996803,-85.9969107,26139.0,616.7974505705376,3.111111111111111,1744,1787,55,0,1732,1778,290494,13,1,0,12,9
2020-08-08,US,Michigan,Out of MI,79,1,0,0.0,0.0,80026.0,0.0,1.2658227848101269,78,79,1,0,78,75,,0,0,0,0,4
2020-08-08,US,Michigan,Presque Isle,20,1,0,45.34018577,-83.91498656,26141.0,158.8310038119441,5.0,19,19,1,0,18,19,12738,1,0,0,1,0
2020-08-08,US,Michigan,Roscommon,53,0,0,44.33473082,-84.61067651,26143.0,220.65864523918563,0.0,53,52,0,0,52,52,23884,1,0,0,1,0
2020-08-08,US,Michigan,Saginaw,1986,131,0,43.33433923,-84.05131209999998,26145.0,1042.3062994977406,6.596173212487413,1855,1953,130,0,1823,1934,190800,33,1,0,32,19
2020-08-08,US,Michigan,Sanilac,106,6,0,43.42406072,-82.82055898,26151.0,257.46903084770463,5.660377358490566,100,106,6,0,100,102,41182,0,0,0,0,4
2020-08-08,US,Michigan,Schoolcraft,13,0,0,46.19235734,-86.19972234,26153.0,160.6127996046454,0.0,13,13,0,0,13,13,8068,0,0,0,0,0
2020-08-08,US,Michigan,Shiawassee,340,28,0,42.95392800000001,-84.14585902,26155.0,499.10454772320253,8.235294117647058,312,338,28,0,310,337,68192,2,0,0,2,1
2020-08-08,US,Michigan,St. Clair,810,53,0,42.92655373,-82.67937954,26147.0,509.02418179075966,6.54320987654321,757,805,53,0,752,794,159337,5,0,0,5,11
2020-08-08,US,Michigan,St. Joseph,587,8,0,41.91441767,-85.52797979,26149.0,962.8633291778757,1.3628620102214652,579,580,8,0,572,571,61043,7,0,0,7,9
2020-08-08,US,Michigan,Tuscola,342,29,0,43.46606813,-83.41897025,26157.0,654.6080964685616,8.47953216374269,313,334,29,0,305,330,52516,8,0,0,8,4
2020-08-08,US,Michigan,Unassigned,7,1,0,0.0,0.0,90026.0,0.0,14.285714285714285,6,8,1,0,7,8,,-1,0,0,-1,0
2020-08-08,US,Michigan,Van Buren,442,9,0,42.25190229,-86.01939087,26159.0,584.0612075002972,2.0361990950226243,433,440,10,0,430,428,75448,2,-1,0,3,12
2020-08-08,US,Michigan,Washtenaw,2522,113,0,42.253105,-83.83853204,26161.0,686.0699508434418,4.480570975416336,2409,2512,112,0,2400,2483,370963,10,1,0,9,29
2020-08-08,US,Michigan,Wayne,28090,2826,0,42.28098405,-83.281255,26163.0,1605.7456999570693,10.060519757920968,25264,27955,2827,0,25128,27836,1753893,135,-1,0,136,119
2020-08-08,US,Michigan,Wexford,69,4,0,44.33853602,-85.57712739,26165.0,205.16785108976842,5.797101449275362,65,70,4,0,66,70,33466,-1,0,0,-1,0
2020-08-08,US,Minnesota,Aitkin,40,1,0,46.60962049,-93.41168259999999,27001.0,251.79403248143018,2.5,39,34,1,0,33,29,15902,6,0,0,6,5
2020-08-08,US,Minnesota,Anoka,3618,114,0,45.27476015,-93.24604565,27003.0,1013.6696916124297,3.1509121061359866,3504,3553,114,0,3439,3515,353813,65,0,0,65,38
2020-08-08,US,Minnesota,Becker,152,1,0,46.93479392,-95.67158144,27005.0,441.56523254800567,0.6578947368421053,151,149,1,0,148,150,34371,3,0,0,3,-1
2020-08-08,US,Minnesota,Beltrami,223,0,0,47.97373527,-94.93732139,27007.0,472.5777740103417,0.0,223,217,0,0,217,215,46847,6,0,0,6,2
2020-08-08,US,Minnesota,Benton,320,3,0,45.69804958,-93.99514135,27009.0,782.6065690038886,0.9375,317,316,3,0,313,315,40545,4,0,0,4,1
2020-08-08,US,Minnesota,Big Stone,22,0,0,45.42712824,-96.41403739,27011.0,440.79342817070733,0.0,22,22,0,0,22,22,4989,0,0,0,0,0
2020-08-08,US,Minnesota,Blue Earth,911,5,0,44.03554215,-94.06699781,27013.0,1346.5773875511802,0.5488474204171241,906,893,5,0,888,874,67427,18,0,0,18,19
2020-08-08,US,Minnesota,Brown,88,2,0,44.24205652,-94.72562874,27015.0,351.88739603326934,2.272727272727273,86,87,2,0,85,86,25111,1,0,0,1,1
2020-08-08,US,Minnesota,Carlton,135,0,0,46.59180601,-92.67601019,27017.0,376.3485824203395,0.0,135,133,0,0,133,132,35837,2,0,0,2,1
2020-08-08,US,Minnesota,Carver,841,3,0,44.82017001,-93.80099179999999,27019.0,800.2740534213858,0.35671819262782395,838,829,3,0,826,816,103551,12,0,0,12,13
2020-08-08,US,Minnesota,Cass,69,2,0,46.95043611,-94.32603968,27021.0,231.70690755230203,2.898550724637681,67,70,2,0,68,71,29519,-1,0,0,-1,-1
2020-08-08,US,Minnesota,Chippewa,103,1,0,45.02343421,-95.56403693,27023.0,872.8813559322034,0.9708737864077671,102,101,1,0,100,101,11924,2,0,0,2,0
2020-08-08,US,Minnesota,Chisago,199,1,0,45.5021011,-92.90861945,27025.0,351.7206030506018,0.5025125628140703,198,190,1,0,189,189,55922,9,0,0,9,1
2020-08-08,US,Minnesota,Clay,779,40,0,46.89289518,-96.48761922,27027.0,1212.9799757092585,5.134788189987163,739,771,40,0,731,768,63955,8,0,0,8,3
2020-08-08,US,Minnesota,Clearwater,14,0,0,47.57992111,-95.37790562,27029.0,158.76616012701294,0.0,14,14,0,0,14,15,8810,0,0,0,0,-1
2020-08-08,US,Minnesota,Cook,3,0,0,47.90504893,-90.52629546,27031.0,54.914881933003855,0.0,3,3,0,0,3,2,5393,0,0,0,0,1
2020-08-08,US,Minnesota,Cottonwood,177,0,0,44.00715262,-95.18138802,27033.0,1580.9217577706327,0.0,177,176,0,0,176,175,11277,1,0,0,1,1
2020-08-08,US,Minnesota,Crow Wing,232,14,0,46.48096553,-94.06755609,27035.0,356.6213204211821,6.0344827586206895,218,228,14,0,214,225,64889,4,0,0,4,3
2020-08-08,US,Minnesota,Dakota,4334,104,0,44.67172617,-93.06299363,27037.0,1010.206959566082,2.399630826026765,4230,4250,104,0,4146,4188,425423,84,0,0,84,62
2020-08-08,US,Minnesota,Dodge,126,0,0,44.02238415,-92.86244324,27039.0,601.8916595012897,0.0,126,125,0,0,125,125,20822,1,0,0,1,0
2020-08-08,US,Minnesota,Douglas,139,1,0,45.93348491,-95.45335469,27041.0,364.4372197897277,0.7194244604316546,138,138,0,0,138,136,37964,1,1,0,0,2
2020-08-08,US,Minnesota,Faribault,87,0,0,43.67381499,-93.94787458,27043.0,637.2225884421008,0.0,87,85,0,0,85,83,13758,2,0,0,2,2
2020-08-08,US,Minnesota,Fillmore,64,0,0,43.67394126,-92.08980382,27045.0,303.79266150852044,0.0,64,63,0,0,63,61,21058,1,0,0,1,2
2020-08-08,US,Minnesota,Freeborn,359,1,0,43.67385583,-93.34884422,27047.0,1185.5619035038476,0.2785515320334262,358,358,1,0,357,358,30444,1,0,0,1,0
2020-08-08,US,Minnesota,Goodhue,192,9,0,44.40849741,-92.72341949999999,27049.0,414.3288735433751,4.6875,183,192,8,0,184,187,46403,0,1,0,-1,5
2020-08-08,US,Minnesota,Grant,53,3,0,45.93424769,-96.01139609,27051.0,887.4748827863363,5.660377358490566,50,53,3,0,50,52,6021,0,0,0,0,1
2020-08-08,US,Minnesota,Hennepin,19057,831,0,45.00761521,-93.47694895,27053.0,1505.4789575010486,4.360602403316367,18226,18774,828,0,17946,18641,1259428,283,3,0,280,133
2020-08-08,US,Minnesota,Houston,39,0,0,43.67129565,-91.49143057,27055.0,209.67741935483872,0.0,39,39,0,0,39,41,18578,0,0,0,0,-2
2020-08-08,US,Minnesota,Hubbard,33,0,0,47.10778564,-94.91693868,27057.0,153.55264994648925,0.0,33,32,0,0,32,30,21332,1,0,0,1,2
2020-08-08,US,Minnesota,Isanti,123,0,0,45.56181234,-93.29487636,27059.0,302.9855158143659,0.0,123,121,0,0,121,116,39966,2,0,0,2,5
2020-08-08,US,Minnesota,Itasca,138,12,0,47.51009045,-93.63092229,27061.0,305.783292709949,8.695652173913043,126,136,12,0,124,135,45108,2,0,0,2,1
2020-08-08,US,Minnesota,Jackson,81,0,0,43.67423373,-95.15398258,27063.0,822.6691042047532,0.0,81,72,0,0,72,72,9911,9,0,0,9,0
2020-08-08,US,Minnesota,Kanabec,34,1,0,45.9459309,-93.29275192,27065.0,208.11654526534855,2.9411764705882355,33,34,1,0,33,32,16207,0,0,0,0,2
2020-08-08,US,Minnesota,Kandiyohi,689,1,0,45.1526059,-95.00586446,27067.0,1594.944327414987,0.14513788098693758,688,687,1,0,686,687,42855,2,0,0,2,0
2020-08-08,US,Minnesota,Kittson,3,0,0,48.77754106,-96.78317184,27069.0,69.79990693345742,0.0,3,3,0,0,3,3,4248,0,0,0,0,0
2020-08-08,US,Minnesota,Koochiching,77,3,0,48.24539665,-93.78352843,27071.0,629.6508299942759,3.8961038961038965,74,74,3,0,71,74,12440,3,0,0,3,0
2020-08-08,US,Minnesota,Lac qui Parle,7,0,0,44.9973857,-96.17488219,27073.0,105.6922844632342,0.0,7,6,0,0,6,6,6658,1,0,0,1,0
2020-08-08,US,Minnesota,Lake,20,0,0,47.64270764,-91.44557998,27075.0,187.952260125928,0.0,20,20,0,0,20,20,10658,0,0,0,0,0
2020-08-08,US,Minnesota,Lake of the Woods,2,0,0,48.77217001,-94.90274472,27077.0,53.47593582887701,0.0,2,2,0,0,2,1,3758,0,0,0,0,1
2020-08-08,US,Minnesota,Le Sueur,217,1,0,44.37136597,-93.72844721,27079.0,751.2029632706754,0.4608294930875576,216,213,1,0,212,210,28494,4,0,0,4,3
2020-08-08,US,Minnesota,Lincoln,57,0,0,44.41311883,-96.26688165,27081.0,1010.8175208370276,0.0,57,56,0,0,56,54,5673,1,0,0,1,2
2020-08-08,US,Minnesota,Lyon,426,3,0,44.41327865,-95.83806103,27083.0,1672.293318677867,0.7042253521126759,423,424,3,0,421,421,25629,2,0,0,2,3
2020-08-08,US,Minnesota,Mahnomen,26,1,0,47.32557075,-95.80921485,27087.0,470.41794825402565,3.8461538461538463,25,26,1,0,25,26,5519,0,0,0,0,0
2020-08-08,US,Minnesota,Marshall,30,0,0,48.35825983,-96.37017407,27089.0,321.3367609254499,0.0,30,29,0,0,29,29,9390,1,0,0,1,0
2020-08-08,US,Minnesota,Martin,207,5,0,43.67429718,-94.55099908,27091.0,1051.668952903521,2.415458937198068,202,206,5,0,201,204,19785,1,0,0,1,2
2020-08-08,US,Minnesota,McLeod,173,0,0,44.82367677,-94.27287017,27085.0,481.98813139052186,0.0,173,173,0,0,173,148,35873,0,0,0,0,25
2020-08-08,US,Minnesota,Meeker,85,2,0,45.12328869,-94.52839455,27093.0,366.03221083455344,2.3529411764705883,83,84,2,0,82,85,23141,1,0,0,1,-1
2020-08-08,US,Minnesota,Mille Lacs,71,3,0,45.93705297,-93.63236823,27095.0,270.1982722533013,4.225352112676056,68,69,3,0,66,69,26139,2,0,0,2,0
2020-08-08,US,Minnesota,Morrison,89,1,0,46.01265363,-94.27341528,27097.0,266.57880548733004,1.1235955056179776,88,85,1,0,84,85,33169,4,0,0,4,0
2020-08-08,US,Minnesota,Mower,1099,2,0,43.67142874,-92.75234549,27099.0,2743.247965653237,0.18198362147406733,1097,1095,2,0,1093,1094,40011,4,0,0,4,1
2020-08-08,US,Minnesota,Murray,122,1,0,44.02216709,-95.76328482,27101.0,1488.8943129118868,0.819672131147541,121,122,1,0,121,122,8276,0,0,0,0,0
2020-08-08,US,Minnesota,Nicollet,333,13,0,44.35291112,-94.24710352,27103.0,971.5819571686992,3.903903903903904,320,329,13,0,316,329,34220,4,0,0,4,0
2020-08-08,US,Minnesota,Nobles,1762,6,0,43.67434621,-95.75329576,27105.0,8146.470017106662,0.340522133938706,1756,1754,6,0,1748,1753,21924,8,0,0,8,1
2020-08-08,US,Minnesota,Norman,39,0,0,47.32628443,-96.45620947,27107.0,611.7647058823529,0.0,39,38,0,0,38,37,6475,1,0,0,1,1
2020-08-08,US,Minnesota,Olmsted,1718,23,0,44.00374114,-92.40209944,27109.0,1085.3291048877713,1.338766006984866,1695,1700,23,0,1677,1688,156277,18,0,0,18,12
2020-08-08,US,Minnesota,Otter Tail,193,3,0,46.40846929,-95.70835255,27111.0,328.5330065025704,1.5544041450777202,190,189,3,0,186,185,58812,4,0,0,4,4
2020-08-08,US,Minnesota,Pennington,75,1,0,48.06642577,-96.0370814,27113.0,531.1990934202139,1.3333333333333333,74,73,1,0,72,73,14178,2,0,0,2,0
2020-08-08,US,Minnesota,Pine,129,0,0,46.12105238,-92.74070188,27115.0,436.12022042665404,0.0,129,128,0,0,128,128,29483,1,0,0,1,0
2020-08-08,US,Minnesota,Pipestone,155,9,0,44.02301619,-96.25841142,27117.0,1698.444006136314,5.806451612903227,146,149,9,0,140,147,9047,6,0,0,6,2
2020-08-08,US,Minnesota,Polk,150,4,0,47.77372465,-96.40134647,27119.0,478.2553245759469,2.6666666666666665,146,149,4,0,145,145,31529,1,0,0,1,4
2020-08-08,US,Minnesota,Pope,46,0,0,45.58606667,-95.44451209,27121.0,408.9252377989155,0.0,46,46,0,0,46,46,11097,0,0,0,0,0
2020-08-08,US,Minnesota,Ramsey,7444,265,0,45.01625271,-93.09872295,27123.0,1352.665080925496,3.559914024717893,7179,7307,263,0,7044,7233,550210,137,2,0,135,74
2020-08-08,US,Minnesota,Red Lake,24,0,0,47.87197525,-96.09561104,27125.0,591.8618988902589,0.0,24,23,0,0,23,23,3999,1,0,0,1,0
2020-08-08,US,Minnesota,Redwood,36,0,0,44.40555844,-95.25207021,27127.0,237.31048121292025,0.0,36,33,0,0,33,32,15249,3,0,0,3,1
2020-08-08,US,Minnesota,Renville,63,5,0,44.72836381,-94.94553734,27129.0,433.04921638713233,7.936507936507938,58,62,5,0,57,62,14612,1,0,0,1,0
2020-08-08,US,Minnesota,Rice,1029,8,0,44.3543376,-93.29658715,27131.0,1536.4629994624618,0.7774538386783285,1021,1019,8,0,1011,1013,66523,10,0,0,10,6
2020-08-08,US,Minnesota,Rock,83,0,0,43.67482683,-96.25296832,27133.0,891.0359634997316,0.0,83,79,0,0,79,77,9414,4,0,0,4,2
2020-08-08,US,Minnesota,Roseau,47,0,0,48.77501878,-95.81079919,27135.0,309.9241674909331,0.0,47,47,0,0,47,46,15150,0,0,0,0,1
2020-08-08,US,Minnesota,Scott,1532,18,0,44.6490231,-93.53340251,27139.0,1028.0982196184225,1.1749347258485638,1514,1503,18,0,1485,1479,147381,29,0,0,29,24
2020-08-08,US,Minnesota,Sherburne,718,8,0,45.44447208,-93.77617511,27141.0,738.394454842757,1.1142061281337048,710,710,7,0,703,703,96036,8,1,0,7,7
2020-08-08,US,Minnesota,Sibley,83,2,0,44.5796592,-94.23164924,27143.0,558.3585603767239,2.409638554216868,81,83,2,0,81,82,15028,0,0,0,0,1
2020-08-08,US,Minnesota,St. Louis,521,19,0,47.604840700000004,-92.46879855,27137.0,261.716983975486,3.646833013435701,502,502,19,0,483,486,199754,19,0,0,19,16
2020-08-08,US,Minnesota,Stearns,2886,20,0,45.55192576,-94.61078221,27145.0,1791.7119354338042,0.693000693000693,2866,2874,20,0,2854,2864,159256,12,0,0,12,10
2020-08-08,US,Minnesota,Steele,345,1,0,44.02240351,-93.22627088,27147.0,941.3626565527028,0.2898550724637681,344,338,1,0,337,338,36803,7,0,0,7,0
2020-08-08,US,Minnesota,Stevens,18,0,0,45.58613007,-96.00163705,27149.0,183.5798062213157,0.0,18,17,0,0,17,17,9753,1,0,0,1,0
2020-08-08,US,Minnesota,Swift,52,1,0,45.2829032,-95.68264092,27151.0,561.1914526224908,1.9230769230769231,51,52,1,0,51,52,9345,0,0,0,0,0
2020-08-08,US,Minnesota,Todd,424,2,0,46.06996226,-94.89785296,27153.0,1719.1047680830359,0.4716981132075472,422,422,2,0,420,422,24582,2,0,0,2,0
2020-08-08,US,Minnesota,Traverse,10,0,0,45.77298854,-96.47062949,27155.0,306.84258975145747,0.0,10,10,0,0,10,10,3308,0,0,0,0,0
2020-08-08,US,Minnesota,Unassigned,137,41,0,0.0,0.0,90027.0,0.0,29.927007299270073,96,126,41,0,85,132,,11,0,0,11,-6
2020-08-08,US,Minnesota,Wabasha,91,0,0,44.28424356,-92.23121312,27157.0,420.77033337957187,0.0,91,88,0,0,88,87,21645,3,0,0,3,1
2020-08-08,US,Minnesota,Wadena,26,0,0,46.58589171,-94.96968506,27159.0,190.03069726648152,0.0,26,25,0,0,25,24,13773,1,0,0,1,1
2020-08-08,US,Minnesota,Waseca,148,0,0,44.02211116,-93.58720034,27161.0,795.1859015688804,0.0,148,138,0,0,138,138,18691,10,0,0,10,0
2020-08-08,US,Minnesota,Washington,2077,44,0,45.03864533,-92.88429635,27163.0,791.4189910074682,2.118440057775638,2033,2037,44,0,1993,2009,259201,40,0,0,40,28
2020-08-08,US,Minnesota,Watonwan,308,0,0,43.97823903,-94.61413846,27165.0,2826.4659998164634,0.0,308,307,0,0,307,301,10980,1,0,0,1,6
2020-08-08,US,Minnesota,Wilkin,34,3,0,46.35721532,-96.4684375,27167.0,547.7686483003062,8.823529411764708,31,33,3,0,30,32,6254,1,0,0,1,1
2020-08-08,US,Minnesota,Winona,259,16,0,43.98772283,-91.78081305,27169.0,513.0338325013865,6.177606177606178,243,257,16,0,241,254,50825,2,0,0,2,3
2020-08-08,US,Minnesota,Wright,869,5,0,45.17297924,-93.96234781,27171.0,627.9945366643301,0.5753739930955121,864,855,5,0,850,847,136349,14,0,0,14,8
2020-08-08,US,Minnesota,Yellow Medicine,52,0,0,44.71710183,-95.86842453,27173.0,535.5855391904419,0.0,52,51,0,0,51,51,9795,1,0,0,1,0
2020-08-08,US,Mississippi,Adams,617,25,0,31.47669768,-91.35326037,28001.0,2010.230345681425,4.051863857374392,592,610,25,0,585,602,31192,7,0,0,7,8
2020-08-08,US,Mississippi,Alcorn,419,5,0,34.88084463,-88.57996173,28003.0,1133.8727572862824,1.1933174224343674,414,397,5,0,392,382,36925,22,0,0,22,15
2020-08-08,US,Mississippi,Amite,230,6,0,31.17467303,-90.80501621,28005.0,1870.3748881841104,2.608695652173913,224,225,6,0,219,220,12326,5,0,0,5,5
2020-08-08,US,Mississippi,Attala,521,25,0,33.08658803,-89.57838564,28007.0,2866.732695058876,4.798464491362764,496,515,25,0,490,513,18365,6,0,0,6,2
2020-08-08,US,Mississippi,Benton,143,1,0,34.81681228,-89.18945516,28009.0,1731.4444848044557,0.6993006993006993,142,142,0,0,142,133,8271,1,1,0,0,9
2020-08-08,US,Mississippi,Bolivar,1108,34,0,33.79696941,-90.87372121,28011.0,3617.604806059815,3.068592057761733,1074,1093,33,0,1060,1163,31333,15,1,0,14,-70
2020-08-08,US,Mississippi,Calhoun,417,9,0,33.93683395,-89.33686647,28013.0,2903.697514100689,2.1582733812949644,408,407,9,0,398,400,14436,10,0,0,10,7
2020-08-08,US,Mississippi,Carroll,261,11,0,33.44834567,-89.91994479,28015.0,2623.9067055393584,4.21455938697318,250,260,11,0,249,254,9911,1,0,0,1,6
2020-08-08,US,Mississippi,Chickasaw,459,20,0,33.91983202,-88.9481545,28017.0,2683.739694790388,4.357298474945534,439,450,19,0,431,441,17171,9,1,0,8,9
2020-08-08,US,Mississippi,Choctaw,133,4,0,33.34598242,-89.24809382,28019.0,1619.9756394640685,3.0075187969924815,129,131,4,0,127,130,8278,2,0,0,2,1
2020-08-08,US,Mississippi,Claiborne,404,13,0,31.97061673,-90.90702196,28021.0,4494.882064975524,3.2178217821782185,391,398,13,0,385,399,9002,6,0,0,6,-1
2020-08-08,US,Mississippi,Clarke,326,25,0,32.04158545,-88.68896219999998,28023.0,2097.677112154945,7.668711656441718,301,325,25,0,300,324,15604,1,0,0,1,1
2020-08-08,US,Mississippi,Clay,394,13,0,33.65358105,-88.77784255,28025.0,2039.7597846345002,3.2994923857868015,381,392,14,0,378,382,19386,2,-1,0,3,10
2020-08-08,US,Mississippi,Coahoma,743,12,0,34.22772299,-90.60415045,28027.0,3358.343879949376,1.6150740242261103,731,715,11,0,704,697,22628,28,1,0,27,18
2020-08-08,US,Mississippi,Copiah,950,28,0,31.86977774,-90.44565118,28029.0,3384.999109210761,2.9473684210526314,922,945,28,0,917,941,28543,5,0,0,5,4
2020-08-08,US,Mississippi,Covington,612,13,0,31.63225413,-89.55389939,28031.0,3283.9665164198327,2.124183006535948,599,610,13,0,597,607,18853,2,0,0,2,3
2020-08-08,US,Mississippi,DeSoto,3632,30,0,34.87625235,-89.99091418,28033.0,1963.8270837275945,0.8259911894273128,3602,3574,30,0,3544,3523,182001,58,0,0,58,51
2020-08-08,US,Mississippi,Forrest,1778,56,0,31.18961454,-89.25832496,28035.0,2373.9268595537874,3.1496062992125986,1722,1758,55,0,1703,1721,75036,20,1,0,19,37
2020-08-08,US,Mississippi,Franklin,124,2,0,31.47786634,-90.89672989,28037.0,1607.675353299624,1.6129032258064515,122,119,2,0,117,116,7788,5,0,0,5,3
2020-08-08,US,Mississippi,George,559,5,0,30.86259065,-88.64436789,28039.0,2281.632653061225,0.8944543828264758,554,549,4,0,545,548,24250,10,1,0,9,1
2020-08-08,US,Mississippi,Greene,241,11,0,31.21444233,-88.63922281,28041.0,1773.8848814956573,4.564315352697094,230,236,11,0,225,231,13586,5,0,0,5,5
2020-08-08,US,Mississippi,Grenada,843,21,0,33.77036166,-89.80245083,28043.0,4061.084882936699,2.491103202846975,822,838,21,0,817,830,21055,5,0,0,5,8
2020-08-08,US,Mississippi,Hancock,388,14,0,30.41830223,-89.48851033,28045.0,814.5784346657707,3.608247422680413,374,373,14,0,359,363,47334,15,0,0,15,10
2020-08-08,US,Mississippi,Harrison,2498,36,0,30.51359752,-89.12467576,28047.0,1200.4998077662435,1.4411529223378703,2462,2406,35,0,2371,2378,206650,92,1,0,91,28
2020-08-08,US,Mississippi,Hinds,5599,118,0,32.2656285,-90.44435448,28049.0,2415.0276052449967,2.107519199857117,5481,5544,117,0,5427,5487,237085,55,1,0,54,57
2020-08-08,US,Mississippi,Holmes,890,48,0,33.12345854,-90.08923538,28051.0,5232.2163433274545,5.393258426966292,842,873,48,0,825,863,17622,17,0,0,17,10
2020-08-08,US,Mississippi,Humphreys,291,11,0,33.12825718,-90.52252707,28053.0,3608.6309523809523,3.7800687285223367,280,283,11,0,272,282,8257,8,0,0,8,1
2020-08-08,US,Mississippi,Issaquena,26,1,0,32.72531359,-90.97392828,28055.0,1959.3067068575733,3.8461538461538463,25,25,1,0,24,25,1308,1,0,0,1,0
2020-08-08,US,Mississippi,Itawamba,358,10,0,34.27993475,-88.3606733,28057.0,1530.5686190679776,2.793296089385475,348,348,10,0,338,337,23517,10,0,0,10,11
2020-08-08,US,Mississippi,Jackson,2269,42,0,30.54020656,-88.64184064,28059.0,1579.8965303550415,1.8510356985456151,2227,2225,42,0,2183,2201,143277,44,0,0,44,24
2020-08-08,US,Mississippi,Jasper,387,9,0,32.01922104,-89.11786866,28061.0,2362.2047244094488,2.3255813953488373,378,381,9,0,372,381,16428,6,0,0,6,0
2020-08-08,US,Mississippi,Jefferson,195,7,0,31.73397872,-91.03764977,28063.0,2789.6995708154504,3.58974358974359,188,194,6,0,188,194,7106,1,1,0,0,0
2020-08-08,US,Mississippi,Jefferson Davis,231,6,0,31.56884708,-89.82670990000004,28065.0,2075.8447160316323,2.5974025974025974,225,228,6,0,222,226,11234,3,0,0,3,2
2020-08-08,US,Mississippi,Jones,1885,58,0,31.62257767,-89.16896899999998,28067.0,2768.069546829569,3.0769230769230766,1827,1850,58,0,1792,1842,68461,35,0,0,35,8
2020-08-08,US,Mississippi,Kemper,232,14,0,32.75462946,-88.64105766,28069.0,2381.441182508725,6.0344827586206895,218,227,14,0,213,228,10027,5,0,0,5,-1
2020-08-08,US,Mississippi,Lafayette,964,16,0,34.35687874,-89.48490961,28071.0,1784.5572853995816,1.6597510373443984,948,956,15,0,941,937,54793,8,1,0,7,19
2020-08-08,US,Mississippi,Lamar,1202,14,0,31.20572971,-89.5077704,28073.0,1897.6051023791103,1.1647254575707155,1188,1192,14,0,1178,1184,62447,10,0,0,10,8
2020-08-08,US,Mississippi,Lauderdale,1407,92,0,32.40419769,-88.66229662,28075.0,1898.1450252951086,6.538734896943853,1315,1397,90,0,1307,1390,75317,10,2,0,8,7
2020-08-08,US,Mississippi,Lawrence,319,7,0,31.55147224,-90.10841127,28077.0,2534.5622119815666,2.19435736677116,312,312,7,0,305,306,12455,7,0,0,7,6
2020-08-08,US,Mississippi,Leake,786,25,0,32.7536828,-89.52402044,28079.0,3449.4865268147114,3.1806615776081424,761,786,25,0,761,779,22763,0,0,0,0,7
2020-08-08,US,Mississippi,Lee,1428,39,0,34.291877500000005,-88.68149954,28081.0,1671.4265649140875,2.73109243697479,1389,1383,33,0,1350,1332,85202,45,6,0,39,51
2020-08-08,US,Mississippi,Leflore,925,62,0,33.55545125,-90.29900733,28083.0,3282.120427207891,6.702702702702703,863,907,62,0,845,893,28919,18,0,0,18,14
2020-08-08,US,Mississippi,Lincoln,809,41,0,31.53288662,-90.45391915,28085.0,2368.7523790003806,5.067985166872681,768,796,41,0,755,790,34205,13,0,0,13,6
2020-08-08,US,Mississippi,Lowndes,1074,37,0,33.47386518,-88.44191529999998,28087.0,1832.920897687516,3.4450651769087517,1037,1058,37,0,1021,1039,58930,16,0,0,16,19
2020-08-08,US,Mississippi,Madison,2414,64,0,32.63389156,-90.03513564,28089.0,2271.529659741042,2.6512013256006632,2350,2396,64,0,2332,2387,105630,18,0,0,18,9
2020-08-08,US,Mississippi,Marion,657,20,0,31.23132643,-89.8209217,28091.0,2673.666219020877,3.0441400304413997,637,643,20,0,623,638,24715,14,0,0,14,5
2020-08-08,US,Mississippi,Marshall,688,9,0,34.76216286,-89.50299462,28093.0,1949.3398311327703,1.3081395348837208,679,674,9,0,665,638,35451,14,0,0,14,36
2020-08-08,US,Mississippi,Monroe,778,53,0,33.89236763,-88.4808438,28095.0,2206.9669805968456,6.812339331619537,725,769,52,0,717,747,35564,9,1,0,8,22
2020-08-08,US,Mississippi,Montgomery,321,3,0,33.49419589,-89.61729103,28097.0,3283.8874680306903,0.9345794392523364,318,315,3,0,312,307,10023,6,0,0,6,8
2020-08-08,US,Mississippi,Neshoba,1285,92,0,32.75339664,-89.11726492,28099.0,4413.077821278934,7.1595330739299605,1193,1284,92,0,1192,1278,29125,1,0,0,1,6
2020-08-08,US,Mississippi,Newton,542,11,0,32.40021118,-89.11843336,28101.0,2578.7420306404033,2.029520295202952,531,537,11,0,526,535,21443,5,0,0,5,2
2020-08-08,US,Mississippi,Noxubee,453,11,0,33.11009499,-88.56949061,28103.0,4348.660842853029,2.428256070640177,442,448,11,0,437,444,10535,5,0,0,5,4
2020-08-08,US,Mississippi,Oktibbeha,1118,38,0,33.42491685,-88.87905132,28105.0,2254.623187528989,3.3989266547406083,1080,1096,38,0,1058,1090,49599,22,0,0,22,6
2020-08-08,US,Mississippi,Panola,1054,12,0,34.36398677,-89.95064249,28107.0,3082.592419279364,1.1385199240986716,1042,1026,12,0,1014,980,34178,28,0,0,28,46
2020-08-08,US,Mississippi,Pearl River,540,38,0,30.77090935,-89.58677275,28109.0,972.3597731160527,7.037037037037037,502,529,37,0,492,520,55387,11,1,0,10,9
2020-08-08,US,Mississippi,Perry,232,7,0,31.17161885,-88.99281835,28111.0,1937.6931429048693,3.0172413793103448,225,223,7,0,216,220,11931,9,0,0,9,3
2020-08-08,US,Mississippi,Pike,928,36,0,31.17507789,-90.40392572,28113.0,2362.044390144573,3.8793103448275854,892,896,35,0,861,877,39563,32,1,0,31,19
2020-08-08,US,Mississippi,Pontotoc,821,8,0,34.226046000000004,-89.03636807,28115.0,2551.749860135513,0.97442143727162,813,809,8,0,801,791,31833,12,0,0,12,18
2020-08-08,US,Mississippi,Prentiss,417,10,0,34.61810501,-88.51986294,28117.0,1659.6354373955267,2.3980815347721824,407,403,10,0,393,386,25315,14,0,0,14,17
2020-08-08,US,Mississippi,Quitman,262,1,0,34.25157572,-90.28908,28119.0,3857.479387514723,0.3816793893129771,261,252,1,0,251,240,7051,10,0,0,10,12
2020-08-08,US,Mississippi,Rankin,2276,33,0,32.26469147,-89.94537876,28121.0,1465.8242685369448,1.4499121265377857,2243,2251,32,0,2219,2220,153902,25,1,0,24,31
2020-08-08,US,Mississippi,Scott,998,20,0,32.406704100000006,-89.53789439,28123.0,3548.5706158441194,2.004008016032064,978,995,20,0,975,987,28287,3,0,0,3,8
2020-08-08,US,Mississippi,Sharkey,197,5,0,32.88149103,-90.8159538,28125.0,4559.129831057626,2.538071065989848,192,194,4,0,190,190,4377,3,1,0,2,4
2020-08-08,US,Mississippi,Simpson,795,30,0,31.91282117,-89.91716179,28127.0,2982.219221246905,3.7735849056603774,765,786,30,0,756,779,26758,9,0,0,9,7
2020-08-08,US,Mississippi,Smith,404,13,0,32.01744532,-89.50644846,28129.0,2538.3262126162354,3.2178217821782185,391,397,13,0,384,394,16002,7,0,0,7,3
2020-08-08,US,Mississippi,Stone,194,4,0,30.79187949,-89.11547539,28131.0,1058.0279232111693,2.061855670103093,190,186,4,0,182,163,18717,8,0,0,8,23
2020-08-08,US,Mississippi,Sunflower,1024,25,0,33.60192578,-90.58882684,28133.0,4078.056551174831,2.44140625,999,992,24,0,968,967,25735,32,1,0,31,25
2020-08-08,US,Mississippi,Tallahatchie,530,10,0,33.95339918,-90.1729398,28135.0,3838.076616699255,1.8867924528301887,520,522,10,0,512,407,13987,8,0,0,8,115
2020-08-08,US,Mississippi,Tate,720,28,0,34.65133709,-89.94485778,28137.0,2542.2831114720525,3.888888888888889,692,705,27,0,678,692,28759,15,1,0,14,13
2020-08-08,US,Mississippi,Tippah,360,13,0,34.76872156,-88.90988194,28139.0,1635.2486940722235,3.611111111111111,347,342,13,0,329,325,21995,18,0,0,18,17
2020-08-08,US,Mississippi,Tishomingo,409,5,0,34.74023475,-88.23917219,28141.0,2110.096476293659,1.2224938875305624,404,363,5,0,358,350,19454,46,0,0,46,13
2020-08-08,US,Mississippi,Tunica,333,7,0,34.64967704,-90.37481167,28143.0,3457.2259136212624,2.1021021021021022,326,322,6,0,316,317,9944,11,1,0,10,5
2020-08-08,US,Mississippi,Union,627,16,0,34.49162015,-89.00776006,28145.0,2175.95002602811,2.5518341307815,611,601,16,0,585,562,28606,26,0,0,26,39
2020-08-08,US,Mississippi,Walthall,498,19,0,31.14971548,-90.10446654,28147.0,3485.930281394373,3.8152610441767063,479,491,19,0,472,489,14465,7,0,0,7,2
2020-08-08,US,Mississippi,Warren,1089,32,0,32.35810271,-90.83352619,28149.0,2399.682686586897,2.938475665748393,1057,1033,32,0,1001,1007,46176,56,0,0,56,26
2020-08-08,US,Mississippi,Washington,1646,41,0,33.28392041,-90.94196237,28151.0,3748.662005511399,2.490886998784933,1605,1606,40,0,1566,1582,45063,40,1,0,39,24
2020-08-08,US,Mississippi,Wayne,764,21,0,31.64135687,-88.69573913,28153.0,3785.3639201308033,2.74869109947644,743,753,21,0,732,749,20298,11,0,0,11,4
2020-08-08,US,Mississippi,Webster,228,12,0,33.61300486,-89.28392912,28155.0,2353.184023119001,5.2631578947368425,216,225,12,0,213,216,9788,3,0,0,3,9
2020-08-08,US,Mississippi,Wilkinson,205,13,0,31.16078225,-91.31018819,28157.0,2375.4345307068365,6.3414634146341475,192,201,13,0,188,194,8792,4,0,0,4,7
2020-08-08,US,Mississippi,Winston,620,16,0,33.08747908,-89.03391385,28159.0,3453.0771372876634,2.5806451612903225,604,611,16,0,595,604,18165,9,0,0,9,7
2020-08-08,US,Mississippi,Yalobusha,313,10,0,34.02824175,-89.70762049999998,28161.0,2585.067723818963,3.194888178913738,303,312,10,0,302,307,12392,1,0,0,1,5
2020-08-08,US,Mississippi,Yazoo,829,12,0,32.77890365,-90.39656148,28163.0,2792.185921185585,1.4475271411338964,817,815,12,0,803,807,28248,14,0,0,14,8
2020-08-08,US,Missouri,Adair,152,0,0,40.19058551,-92.60078167,29001.0,599.7711399597523,0.0,152,152,0,0,152,150,25339,0,0,0,0,2
2020-08-08,US,Missouri,Andrew,88,1,0,39.98492163,-94.80163024,29003.0,496.8383017163505,1.1363636363636365,87,88,1,0,87,88,17607,0,0,0,0,0
2020-08-08,US,Missouri,Atchison,14,0,0,40.43238737,-95.42970639,29005.0,272.21466070386936,0.0,14,14,0,0,14,14,5171,0,0,0,0,0
2020-08-08,US,Missouri,Audrain,199,1,0,39.215877,-91.84242683,29007.0,783.834882621711,0.5025125628140703,198,199,1,0,198,198,25473,0,0,0,0,1
2020-08-08,US,Missouri,Barry,248,4,0,36.70978521,-93.82919888,29009.0,692.9503478722513,1.6129032258064515,244,248,4,0,244,245,35886,0,0,0,0,3
2020-08-08,US,Missouri,Barton,69,0,0,37.50207671,-94.34757022,29011.0,587.0342011230223,0.0,69,69,0,0,69,66,11798,0,0,0,0,3
2020-08-08,US,Missouri,Bates,44,1,0,38.25271289,-94.34113157,29013.0,272.0751916893396,2.272727272727273,43,44,1,0,43,44,16320,0,0,0,0,0
2020-08-08,US,Missouri,Benton,90,1,0,38.29503305,-93.28756116,29015.0,462.8915290850178,1.1111111111111112,89,90,1,0,89,87,19278,0,0,0,0,3
2020-08-08,US,Missouri,Bollinger,64,1,0,37.32449052,-90.02725304,29017.0,527.4870188741448,1.5625,63,64,1,0,63,62,12169,0,0,0,0,2
2020-08-08,US,Missouri,Boone,1328,3,0,38.99186229,-92.30723575,29019.0,735.8849182380876,0.2259036144578313,1325,1328,3,0,1325,1297,180005,0,0,0,0,31
2020-08-08,US,Missouri,Buchanan,1076,10,0,39.65816401,-94.80138942,29021.0,1231.6285884345955,0.929368029739777,1066,1076,10,0,1066,1075,88571,0,0,0,0,1
2020-08-08,US,Missouri,Butler,275,2,0,36.71462476,-90.40421163,29023.0,647.3939451009935,0.7272727272727273,273,275,2,0,273,264,42639,0,0,0,0,11
2020-08-08,US,Missouri,Caldwell,36,1,0,39.65620858,-93.98308093,29025.0,399.1130820399113,2.7777777777777777,35,36,1,0,35,36,9108,0,0,0,0,0
2020-08-08,US,Missouri,Callaway,142,1,0,38.83674754,-91.92186505,29027.0,317.36807992311645,0.7042253521126759,141,142,1,0,141,137,44889,0,0,0,0,5
2020-08-08,US,Missouri,Camden,339,5,0,38.02199522,-92.76083747,29029.0,732.1023647554259,1.4749262536873156,334,339,5,0,334,335,45815,0,0,0,0,4
2020-08-08,US,Missouri,Cape Girardeau,636,5,0,37.38489388,-89.6843587,29031.0,806.3800382903729,0.7861635220125787,631,636,5,0,631,627,78753,0,0,0,0,9
2020-08-08,US,Missouri,Carroll,100,0,0,39.42762566,-93.50626255,29033.0,1152.2064754003916,0.0,100,100,0,0,100,99,8743,0,0,0,0,1
2020-08-08,US,Missouri,Carter,20,1,0,36.94160441,-90.96051322,29035.0,334.33634236041456,5.0,19,20,1,0,19,20,6054,0,0,0,0,0
2020-08-08,US,Missouri,Cass,705,9,0,38.64789422,-94.353399,29037.0,666.4775950085083,1.2765957446808511,696,705,9,0,696,692,104954,0,0,0,0,13
2020-08-08,US,Missouri,Cedar,38,0,0,37.72391475,-93.85445441,29039.0,264.82681719980485,0.0,38,38,0,0,38,37,14165,0,0,0,0,1
2020-08-08,US,Missouri,Chariton,17,0,0,39.51499357,-92.9629191,29041.0,228.92539725289524,0.0,17,17,0,0,17,16,7451,0,0,0,0,1
2020-08-08,US,Missouri,Christian,335,1,0,36.9711783,-93.18537118,29043.0,378.1251763643548,0.29850746268656714,334,335,1,0,334,324,86983,0,0,0,0,11
2020-08-08,US,Missouri,Clark,20,0,0,40.41040752,-91.73661677,29045.0,294.2474621156393,0.0,20,20,0,0,20,18,6842,0,0,0,0,2
2020-08-08,US,Missouri,Clay,1011,20,0,39.31132056,-94.41850862,29047.0,404.4841326996015,1.9782393669634024,991,1011,20,0,991,984,246365,0,0,0,0,27
2020-08-08,US,Missouri,Clinton,79,0,0,39.6013098,-94.40465394,29049.0,387.5018394074655,0.0,79,79,0,0,79,72,20470,0,0,0,0,7
2020-08-08,US,Missouri,Cole,376,3,0,38.50455671,-92.27860244,29051.0,489.9341976676005,0.7978723404255319,373,376,3,0,373,362,76796,0,0,0,0,14
2020-08-08,US,Missouri,Cooper,116,0,0,38.844478,-92.80896081,29053.0,655.0341634197301,0.0,116,116,0,0,116,111,17603,0,0,0,0,5
2020-08-08,US,Missouri,Crawford,71,0,0,37.97663738,-91.30528104,29055.0,296.82274247491637,0.0,71,71,0,0,71,69,23957,0,0,0,0,2
2020-08-08,US,Missouri,Dade,15,0,0,37.431814,-93.8503345,29057.0,198.3864568178812,0.0,15,15,0,0,15,14,7569,0,0,0,0,1
2020-08-08,US,Missouri,Dallas,60,1,0,37.6811355,-93.02127031,29059.0,355.4923569143264,1.6666666666666667,59,60,1,0,59,58,16762,0,0,0,0,2
2020-08-08,US,Missouri,Daviess,17,0,0,39.96145298,-93.98519678,29061.0,205.36361439961343,0.0,17,17,0,0,17,17,8313,0,0,0,0,0
2020-08-08,US,Missouri,DeKalb,35,1,0,39.89201062,-94.40476508,29063.0,278.95114369968917,2.8571428571428568,34,35,1,0,34,36,12630,0,0,0,0,-1
2020-08-08,US,Missouri,Dent,10,0,0,37.60663134,-91.50790473,29065.0,64.21370320426381,0.0,10,10,0,0,10,10,15441,0,0,0,0,0
2020-08-08,US,Missouri,Douglas,83,2,0,36.9325593,-92.49905109,29067.0,629.5032233598788,2.409638554216868,81,83,2,0,81,84,13373,0,0,0,0,-1
2020-08-08,US,Missouri,Dunklin,300,4,0,36.27167174,-90.09122243,29069.0,1029.8307644777044,1.3333333333333333,296,300,4,0,296,288,29423,0,0,0,0,12
2020-08-08,US,Missouri,Franklin,590,18,0,38.41127108,-91.07522826,29071.0,567.487760539402,3.0508474576271185,572,590,18,0,572,586,103670,0,0,0,0,4
2020-08-08,US,Missouri,Gasconade,21,0,0,38.43947277,-91.50847147,29073.0,142.7988576091391,0.0,21,21,0,0,21,20,14705,0,0,0,0,1
2020-08-08,US,Missouri,Gentry,83,9,0,40.21097916,-94.40944419,29075.0,1263.125856034089,10.843373493975903,74,83,9,0,74,83,6628,0,0,0,0,0
2020-08-08,US,Missouri,Greene,1440,10,0,37.2575872,-93.34230916,29077.0,491.3233658380134,0.6944444444444444,1430,1440,10,0,1430,1400,291923,0,0,0,0,40
2020-08-08,US,Missouri,Grundy,25,1,0,40.11406587,-93.56509276,29079.0,253.8071065989848,4.0,24,25,1,0,24,25,9914,0,0,0,0,0
2020-08-08,US,Missouri,Harrison,60,1,0,40.35570088,-93.99222144,29081.0,718.3908045977013,1.6666666666666667,59,60,1,0,59,59,8414,0,0,0,0,1
2020-08-08,US,Missouri,Henry,76,3,0,38.38482826,-93.79293734,29083.0,348.2404692082112,3.947368421052632,73,76,3,0,73,76,21792,0,0,0,0,0
2020-08-08,US,Missouri,Hickory,28,0,0,37.94163617,-93.3203037,29085.0,293.3780385582565,0.0,28,28,0,0,28,25,9509,0,0,0,0,3
2020-08-08,US,Missouri,Holt,8,0,0,40.09799248,-95.2163888,29087.0,181.69429934135812,0.0,8,8,0,0,8,6,4404,0,0,0,0,2
2020-08-08,US,Missouri,Howard,49,0,0,39.1435761,-92.69756691,29089.0,489.95100489951005,0.0,49,49,0,0,49,47,10137,0,0,0,0,2
2020-08-08,US,Missouri,Howell,152,2,0,36.77383887,-91.88683935,29091.0,378.8917416556572,1.3157894736842106,150,152,2,0,150,145,40076,0,0,0,0,7
2020-08-08,US,Missouri,Iron,21,0,0,37.55487945,-90.7735296,29093.0,207.40740740740745,0.0,21,21,0,0,21,23,10177,0,0,0,0,-2
2020-08-08,US,Missouri,Jackson,3909,64,0,39.01002188,-94.34724536,29095.0,556.0368187695499,1.6372473778459964,3845,3909,64,0,3845,3810,700307,0,0,0,0,99
2020-08-08,US,Missouri,Jasper,1738,30,0,37.20351921,-94.34050458,29097.0,1432.4805485955426,1.7261219792865363,1708,1738,30,0,1708,1706,120636,0,0,0,0,32
2020-08-08,US,Missouri,Jefferson,1544,24,0,38.25926778,-90.53870896,29099.0,685.9752711246174,1.5544041450777202,1520,1544,24,0,1520,1510,224347,0,0,0,0,34
2020-08-08,US,Missouri,Johnson,486,2,0,38.74719601,-93.80691168,29101.0,898.9678517257962,0.41152263374485604,484,486,2,0,484,476,53652,0,0,0,0,10
2020-08-08,US,Missouri,Kansas City,6476,61,0,39.0997,-94.5786,0.0,1324.489766700822,0.941939468807906,6415,6476,61,0,6415,6365,491918,0,0,0,0,111
2020-08-08,US,Missouri,Knox,27,0,0,40.12699751,-92.14780832,29103.0,681.9904016165699,0.0,27,27,0,0,27,26,3947,0,0,0,0,1
2020-08-08,US,Missouri,Laclede,195,1,0,37.65896829,-92.5888493,29105.0,545.8668084987263,0.5128205128205128,194,195,1,0,194,191,35713,0,0,0,0,4
2020-08-08,US,Missouri,Lafayette,175,2,0,39.06986886,-93.78076396,29107.0,535.0372997431822,1.1428571428571428,173,175,2,0,173,171,32598,0,0,0,0,4
2020-08-08,US,Missouri,Lawrence,211,2,0,37.10626634,-93.83293097,29109.0,550.1238430452353,0.9478672985781992,209,211,2,0,209,205,38359,0,0,0,0,6
2020-08-08,US,Missouri,Lewis,40,1,0,40.09673161,-91.72070156,29111.0,409.165302782324,2.5,39,40,1,0,39,37,9855,0,0,0,0,3
2020-08-08,US,Missouri,Lincoln,360,1,0,39.05345619,-90.95588181,29113.0,610.0350770169284,0.2777777777777778,359,360,1,0,359,352,57686,0,0,0,0,8
2020-08-08,US,Missouri,Linn,29,1,0,39.87001769,-93.10704106,29115.0,243.28859060402684,3.4482758620689653,28,29,1,0,28,30,12037,0,0,0,0,-1
2020-08-08,US,Missouri,Livingston,60,0,0,39.78110272,-93.54645978,29117.0,394.0369081237277,0.0,60,60,0,0,60,54,15146,0,0,0,0,6
2020-08-08,US,Missouri,Macon,57,0,0,39.83049768,-92.56453089,29121.0,377.05894026592586,0.0,57,57,0,0,57,56,15153,0,0,0,0,1
2020-08-08,US,Missouri,Madison,24,0,0,37.47865134,-90.3467143,29123.0,198.5440105890139,0.0,24,24,0,0,24,24,12188,0,0,0,0,0
2020-08-08,US,Missouri,Maries,20,0,0,38.16193985,-91.92249662,29125.0,229.96435552489362,0.0,20,20,0,0,20,20,8769,0,0,0,0,0
2020-08-08,US,Missouri,Marion,181,1,0,39.80601912,-91.62203062,29127.0,634.4199088678582,0.5524861878453039,180,181,1,0,180,171,28592,0,0,0,0,10
2020-08-08,US,Missouri,McDonald,950,7,0,36.62869595,-94.34867205,29119.0,4159.915925909709,0.7368421052631579,943,950,7,0,943,946,23078,0,0,0,0,4
2020-08-08,US,Missouri,Mercer,10,0,0,40.42212303,-93.5682959,29129.0,276.4722145424385,0.0,10,10,0,0,10,10,3641,0,0,0,0,0
2020-08-08,US,Missouri,Miller,114,1,0,38.21450288,-92.42610898,29131.0,444.98223974394006,0.8771929824561403,113,114,1,0,113,111,25336,0,0,0,0,3
2020-08-08,US,Missouri,Mississippi,134,0,0,36.82516239,-89.29505753,29133.0,1016.6919575113808,0.0,134,134,0,0,134,134,13336,0,0,0,0,0
2020-08-08,US,Missouri,Moniteau,139,2,0,38.63571781,-92.57976951,29135.0,861.6414579717333,1.4388489208633093,137,139,2,0,137,138,16121,0,0,0,0,1
2020-08-08,US,Missouri,Monroe,27,0,0,39.49593978,-92.00043978,29137.0,312.35539102267467,0.0,27,27,0,0,27,26,8664,0,0,0,0,1
2020-08-08,US,Missouri,Montgomery,41,0,0,38.94022054,-91.47000721,29139.0,354.9476235823738,0.0,41,41,0,0,41,41,11534,0,0,0,0,0
2020-08-08,US,Missouri,Morgan,78,0,0,38.4181765,-92.88791859,29141.0,378.1451495612546,0.0,78,78,0,0,78,76,20358,0,0,0,0,2
2020-08-08,US,Missouri,New Madrid,230,1,0,36.59666326,-89.66070007,29143.0,1346.9196533145935,0.43478260869565216,229,230,1,0,229,216,17296,0,0,0,0,14
2020-08-08,US,Missouri,Newton,868,6,0,36.90519407,-94.3394104,29145.0,1490.4869839961536,0.6912442396313364,862,868,6,0,862,844,58266,0,0,0,0,24
2020-08-08,US,Missouri,Nodaway,175,0,0,40.36079813,-94.88133008,29147.0,792.1419518377693,0.0,175,175,0,0,175,174,22304,0,0,0,0,1
2020-08-08,US,Missouri,Oregon,14,0,0,36.68710164,-91.4033755,29149.0,132.96609364612024,0.0,14,14,0,0,14,14,10541,0,0,0,0,0
2020-08-08,US,Missouri,Osage,45,1,0,38.46036182,-91.8613635,29151.0,330.5178112376057,2.2222222222222223,44,45,1,0,44,44,13714,0,0,0,0,1
2020-08-08,US,Missouri,Ozark,12,0,0,36.64916339,-92.44459066,29153.0,130.80444735120994,0.0,12,12,0,0,12,9,9017,0,0,0,0,3
2020-08-08,US,Missouri,Pemiscot,234,9,0,36.2130572,-89.78742322,29155.0,1480.5441316039228,3.8461538461538463,225,234,9,0,225,227,16272,0,0,0,0,7
2020-08-08,US,Missouri,Perry,223,4,0,37.70660776,-89.82741088,29157.0,1165.3428093645484,1.7937219730941705,219,223,4,0,219,218,19150,0,0,0,0,5
2020-08-08,US,Missouri,Pettis,487,4,0,38.72798918,-93.28471706,29159.0,1150.2397316894592,0.8213552361396304,483,487,4,0,483,473,42542,0,0,0,0,14
2020-08-08,US,Missouri,Phelps,81,0,0,37.87736118,-91.79351727,29161.0,181.72436228209904,0.0,81,81,0,0,81,84,44732,0,0,0,0,-3
2020-08-08,US,Missouri,Pike,95,1,0,39.34310674,-91.16980779,29163.0,519.0689542126544,1.0526315789473684,94,95,1,0,94,86,18504,0,0,0,0,9
2020-08-08,US,Missouri,Platte,343,10,0,39.38154439,-94.77068479,29165.0,328.4874255396578,2.915451895043732,333,343,10,0,333,338,102985,0,0,0,0,5
2020-08-08,US,Missouri,Polk,209,0,0,37.6162296,-93.39828174,29167.0,650.0979812746897,0.0,209,209,0,0,209,200,32201,0,0,0,0,9
2020-08-08,US,Missouri,Pulaski,197,1,0,37.82462075,-92.20783203,29169.0,374.47487976885213,0.5076142131979695,196,197,1,0,196,195,52014,0,0,0,0,2
2020-08-08,US,Missouri,Putnam,13,1,0,40.47942497,-93.02042674,29171.0,276.83134582623507,7.6923076923076925,12,13,1,0,12,13,4757,0,0,0,0,0
2020-08-08,US,Missouri,Ralls,29,0,0,39.52817427,-91.51838643,29173.0,281.3075953050732,0.0,29,29,0,0,29,25,10212,0,0,0,0,4
2020-08-08,US,Missouri,Randolph,67,1,0,39.44007257,-92.4971374,29175.0,270.7289477937611,1.492537313432836,66,67,1,0,66,64,24763,0,0,0,0,3
2020-08-08,US,Missouri,Ray,116,2,0,39.3537468,-93.98905745,29177.0,503.95342775219393,1.7241379310344829,114,116,2,0,114,117,22883,0,0,0,0,-1
2020-08-08,US,Missouri,Reynolds,16,0,0,37.36085952,-90.97009925,29179.0,255.18341307814998,0.0,16,16,0,0,16,16,6254,0,0,0,0,0
2020-08-08,US,Missouri,Ripley,51,0,0,36.65460667,-90.85990261,29181.0,383.8049367850692,0.0,51,51,0,0,51,48,13401,0,0,0,0,3
2020-08-08,US,Missouri,Saline,424,7,0,39.13734288,-93.20259964,29195.0,1862.8355520407715,1.650943396226415,417,424,7,0,417,421,22895,0,0,0,0,3
2020-08-08,US,Missouri,Schuyler,10,0,0,40.46921489,-92.52311943,29197.0,214.5922746781116,0.0,10,10,0,0,10,10,4599,0,0,0,0,0
2020-08-08,US,Missouri,Scotland,14,1,0,40.45214695,-92.14709064,29199.0,285.5977152182782,7.142857142857142,13,14,1,0,13,14,4966,0,0,0,0,0
2020-08-08,US,Missouri,Scott,381,13,0,37.05588075,-89.56474493,29201.0,995.2978056426332,3.4120734908136483,368,381,13,0,368,368,38458,0,0,0,0,13
2020-08-08,US,Missouri,Shannon,43,1,0,37.15772072,-91.40190382,29203.0,526.573597844722,2.3255813953488373,42,43,1,0,42,43,8189,0,0,0,0,0
2020-08-08,US,Missouri,Shelby,30,0,0,39.79742518,-92.07634971,29205.0,505.9021922428331,0.0,30,30,0,0,30,31,6050,0,0,0,0,-1
2020-08-08,US,Missouri,St. Charles,3954,87,0,38.77875681,-90.66662425,29183.0,983.528264622334,2.200303490136571,3867,3954,87,0,3867,3895,399182,0,0,0,0,59
2020-08-08,US,Missouri,St. Clair,18,0,0,38.03699437,-93.77631447,29185.0,191.5504948387783,0.0,18,18,0,0,18,18,9395,0,0,0,0,0
2020-08-08,US,Missouri,St. Francois,350,2,0,37.81214171,-90.47598685,29187.0,520.7171018373874,0.5714285714285714,348,350,2,0,348,344,66692,0,0,0,0,6
2020-08-08,US,Missouri,St. Louis,14666,663,0,38.63770039999999,-90.4458375,29189.0,1475.1484854733178,4.520660030001364,14003,14563,662,0,13901,14362,996945,103,1,0,102,201
2020-08-08,US,Missouri,St. Louis City,5139,174,0,38.63555736,-90.24349225,29510.0,1709.717342702012,3.3858727378867486,4965,5058,172,0,4886,5002,302838,81,2,0,79,56
2020-08-08,US,Missouri,Ste. Genevieve,53,1,0,37.89090059,-90.1949941,29186.0,296.1886665921538,1.8867924528301887,52,53,1,0,52,51,17888,0,0,0,0,2
2020-08-08,US,Missouri,Stoddard,224,9,0,36.85571651,-89.9444155,29207.0,771.7484926787253,4.017857142857143,215,224,9,0,215,220,29206,0,0,0,0,4
2020-08-08,US,Missouri,Stone,123,1,0,36.75000327,-93.45256475,29209.0,384.9524286429644,0.8130081300813008,122,123,1,0,122,111,31749,0,0,0,0,12
2020-08-08,US,Missouri,Sullivan,141,0,0,40.2099105,-93.11150106,29211.0,2315.651174248645,0.0,141,141,0,0,141,140,6221,0,0,0,0,1
2020-08-08,US,Missouri,Taney,548,3,0,36.65465345,-93.04075153,29213.0,979.8312115577173,0.5474452554744526,545,548,3,0,545,521,55852,0,0,0,0,27
2020-08-08,US,Missouri,Texas,50,0,0,37.31728859,-91.96564727,29215.0,196.86589495235845,0.0,50,50,0,0,50,47,25571,0,0,0,0,3
2020-08-08,US,Missouri,Vernon,49,0,0,37.8457799,-94.34127305,29217.0,238.29207800418223,0.0,49,49,0,0,49,48,20528,0,0,0,0,1
2020-08-08,US,Missouri,Warren,191,0,0,38.76529479,-91.16124662,29219.0,535.7794047518863,0.0,191,191,0,0,191,189,34711,0,0,0,0,2
2020-08-08,US,Missouri,Washington,69,1,0,37.96130078,-90.87948158,29221.0,279.0133441164577,1.4492753623188406,68,69,1,0,68,67,24943,0,0,0,0,2
2020-08-08,US,Missouri,Wayne,55,0,0,37.11303869,-90.46001416,29223.0,427.2508350811777,0.0,55,55,0,0,55,52,13122,0,0,0,0,3
2020-08-08,US,Missouri,Webster,128,1,0,37.2813734,-92.876329,29225.0,323.29763588603765,0.78125,127,128,1,0,127,128,39109,0,0,0,0,0
2020-08-08,US,Missouri,Worth,9,0,0,40.47945588,-94.42328751,29227.0,447.0938897168405,0.0,9,9,0,0,9,9,2040,0,0,0,0,0
2020-08-08,US,Missouri,Wright,61,0,0,37.27029221,-92.46914488,29229.0,333.5338181420526,0.0,61,61,0,0,61,60,18378,0,0,0,0,1
2020-08-08,US,Montana,Beaverhead,62,0,0,45.13434354,-112.89846940000001,30001.0,655.8764413413733,0.0,62,61,0,0,61,58,9404,1,0,0,1,3
2020-08-08,US,Montana,Big Horn,421,13,0,45.42335905,-107.492347,30003.0,3160.897965312711,3.0878859857482186,408,407,13,0,394,394,13338,14,0,0,14,13
2020-08-08,US,Montana,Blaine,10,0,0,48.43175214,-108.9582723,30005.0,149.678191887442,0.0,10,10,0,0,10,10,6807,0,0,0,0,0
2020-08-08,US,Montana,Broadwater,11,0,0,46.33277565,-111.49558130000001,30007.0,176.36684303350967,0.0,11,11,0,0,11,11,6085,0,0,0,0,0
2020-08-08,US,Montana,Carbon,68,0,0,45.22850116,-109.0274047,30009.0,634.0326340326343,0.0,68,67,0,0,67,60,10714,1,0,0,1,7
2020-08-08,US,Montana,Cascade,164,4,0,47.30797024,-111.3467922,30013.0,201.55839048251113,2.4390243902439024,160,162,3,0,159,161,81643,2,1,0,1,1
2020-08-08,US,Montana,Chouteau,10,0,0,47.88084126,-110.4353362,30015.0,177.4622892635315,0.0,10,8,0,0,8,7,5745,2,0,0,2,1
2020-08-08,US,Montana,Custer,61,2,0,46.25319932,-105.57375259999998,30017.0,534.9938607261884,3.278688524590164,59,61,2,0,59,58,11586,0,0,0,0,3
2020-08-08,US,Montana,Daniels,3,0,0,48.78420029,-105.54763429999998,30019.0,177.5147928994083,0.0,3,3,0,0,3,3,1747,0,0,0,0,0
2020-08-08,US,Montana,Dawson,17,0,0,47.26584855,-104.89444170000002,30021.0,197.376059445025,0.0,17,17,0,0,17,16,8680,0,0,0,0,1
2020-08-08,US,Montana,Deer Lodge,25,0,0,46.05953325,-113.073353,30023.0,273.52297592997814,0.0,25,25,0,0,25,23,9131,0,0,0,0,2
2020-08-08,US,Montana,Fallon,2,0,0,46.33478338,-104.41835649999999,30025.0,70.27406886858749,0.0,2,2,0,0,2,2,2920,0,0,0,0,0
2020-08-08,US,Montana,Fergus,9,0,0,47.26331584,-109.2245206,30027.0,81.44796380090497,0.0,9,9,0,0,9,9,11113,0,0,0,0,0
2020-08-08,US,Montana,Flathead,330,2,0,48.29575866,-114.05205690000001,30029.0,317.90069938153863,0.6060606060606061,328,322,2,0,320,301,102106,8,0,0,8,21
2020-08-08,US,Montana,Gallatin,930,3,0,45.54486106,-111.1692571,30031.0,812.695527553,0.3225806451612903,927,915,3,0,912,908,111876,15,0,0,15,7
2020-08-08,US,Montana,Garfield,12,0,0,47.27545948,-107.0002351,30033.0,953.8950715421304,0.0,12,12,0,0,12,12,1268,0,0,0,0,0
2020-08-08,US,Montana,Glacier,72,1,0,48.70513576,-112.9934235,30035.0,523.5221406238638,1.3888888888888888,71,69,1,0,68,63,13747,3,0,0,3,6
2020-08-08,US,Montana,Golden Valley,3,0,0,46.3816474,-109.17685220000001,30037.0,365.4080389768576,0.0,3,3,0,0,3,3,826,0,0,0,0,0
2020-08-08,US,Montana,Granite,16,0,0,46.40605220000001,-113.4414186,30039.0,473.5128736312519,0.0,16,13,0,0,13,13,3378,3,0,0,3,0
2020-08-08,US,Montana,Hill,42,2,0,48.62879827,-110.1129252,30041.0,254.79252608590144,4.761904761904762,40,42,2,0,40,41,16347,0,0,0,0,1
2020-08-08,US,Montana,Jefferson,28,0,0,46.14907081,-112.094396,30043.0,229.11382047295638,0.0,28,27,0,0,27,27,12097,1,0,0,1,0
2020-08-08,US,Montana,Judith Basin,3,0,0,47.04581276,-110.26606880000001,30045.0,149.47683109118088,0.0,3,3,0,0,3,3,1952,0,0,0,0,0
2020-08-08,US,Montana,Lake,179,1,0,47.64514965,-114.0898013,30047.0,587.6945301726968,0.5586592178770949,178,179,1,0,178,176,30250,0,0,0,0,3
2020-08-08,US,Montana,Lewis and Clark,156,1,0,47.12610041,-112.39469799999999,30049.0,224.6802627030764,0.6410256410256411,155,152,1,0,151,151,68700,4,0,0,4,1
2020-08-08,US,Montana,Liberty,1,0,0,48.56084317,-111.02430700000001,30051.0,42.78990158322636,0.0,1,1,0,0,1,1,2430,0,0,0,0,0
2020-08-08,US,Montana,Lincoln,76,2,0,48.54265777,-115.4046155,30053.0,380.3803803803804,2.631578947368421,74,74,2,0,72,73,19794,2,0,0,2,1
2020-08-08,US,Montana,Madison,87,1,0,45.30080065,-111.9173017,30057.0,1011.6279069767444,1.1494252873563218,86,82,1,0,81,79,8768,5,0,0,5,3
2020-08-08,US,Montana,McCone,3,0,0,47.64469406,-105.79449939999999,30055.0,180.2884615384616,0.0,3,3,0,0,3,3,1675,0,0,0,0,0
2020-08-08,US,Montana,Meagher,4,0,0,46.59907074,-110.8898557,30059.0,214.8227712137487,0.0,4,4,0,0,4,4,1866,0,0,0,0,0
2020-08-08,US,Montana,Missoula,328,1,0,47.03728583,-113.92135079999998,30063.0,274.247491638796,0.3048780487804878,327,318,0,0,318,298,118791,10,1,0,9,20
2020-08-08,US,Montana,Musselshell,3,0,0,46.49684637,-108.39498,30065.0,64.7528599179797,0.0,3,3,0,0,3,3,4651,0,0,0,0,0
2020-08-08,US,Montana,Park,55,0,0,45.48965095,-110.52643940000002,30067.0,331.20558834156327,0.0,55,55,0,0,55,55,16736,0,0,0,0,0
2020-08-08,US,Montana,Phillips,28,0,0,48.25936577,-107.9128511,30071.0,708.1436519979767,0.0,28,21,0,0,21,5,4074,7,0,0,7,16
2020-08-08,US,Montana,Pondera,11,0,0,48.22773388,-112.22527029999999,30073.0,186.09372356623246,0.0,11,11,0,0,11,10,5972,0,0,0,0,1
2020-08-08,US,Montana,Powder River,1,0,0,45.39617714,-105.636738,30075.0,59.453032104637344,0.0,1,1,0,0,1,1,1716,0,0,0,0,0
2020-08-08,US,Montana,Powell,2,0,0,46.85538891,-112.93591640000001,30077.0,29.027576197387518,0.0,2,2,0,0,2,2,6968,0,0,0,0,0
2020-08-08,US,Montana,Prairie,1,0,0,46.86048047,-105.379384,30079.0,92.85051067780873,0.0,1,1,0,0,1,1,1087,0,0,0,0,0
2020-08-08,US,Montana,Ravalli,82,1,0,46.08520862,-114.11891640000002,30081.0,187.18896954755056,1.2195121951219512,81,82,1,0,81,74,43172,0,0,0,0,8
2020-08-08,US,Montana,Richland,47,2,0,47.78668011,-104.5610786,30083.0,435.0643339813015,4.25531914893617,45,47,2,0,45,47,10913,0,0,0,0,0
2020-08-08,US,Montana,Roosevelt,23,0,0,48.29607488,-105.00792679999999,30085.0,209.01490367139226,0.0,23,21,0,0,21,21,11059,2,0,0,2,0
2020-08-08,US,Montana,Rosebud,33,1,0,46.23397237,-106.72928799999998,30087.0,369.2514266532392,3.0303030303030303,32,32,1,0,31,32,9063,1,0,0,1,0
2020-08-08,US,Montana,Sanders,9,0,0,47.67657534,-115.1329916,30089.0,74.30033847931973,0.0,9,9,0,0,9,9,11844,0,0,0,0,0
2020-08-08,US,Montana,Sheridan,5,0,0,48.72085833,-104.50382900000001,30091.0,151.1030522816561,0.0,5,5,0,0,5,4,3424,0,0,0,0,1
2020-08-08,US,Montana,Silver Bow,85,0,0,45.90018933,-112.6620092,30093.0,243.4483746240871,0.0,85,85,0,0,85,75,34993,0,0,0,0,10
2020-08-08,US,Montana,Stillwater,23,1,0,45.67071407,-109.3950061,30095.0,238.53972204936738,4.3478260869565215,22,23,0,0,23,22,9534,0,1,0,-1,1
2020-08-08,US,Montana,Sweet Grass,5,1,0,45.81367654,-109.9425686,30097.0,133.7971635001338,20.0,4,5,1,0,4,5,3710,0,0,0,0,0
2020-08-08,US,Montana,Teton,15,0,0,47.83741052,-112.24106880000001,30099.0,244.0214738897023,0.0,15,15,0,0,15,15,6162,0,0,0,0,0
2020-08-08,US,Montana,Toole,45,6,0,48.65577551,-111.69424140000001,30101.0,950.1689189189192,13.333333333333336,39,42,6,0,36,40,4853,3,0,0,3,2
2020-08-08,US,Montana,Treasure,2,0,0,46.20973220000001,-107.26665159999999,30103.0,287.3563218390805,0.0,2,2,0,0,2,2,679,0,0,0,0,0
2020-08-08,US,Montana,Valley,14,0,0,48.36435097,-106.6669635,30105.0,189.29150892374253,0.0,14,15,0,0,15,14,7437,-1,0,0,-1,1
2020-08-08,US,Montana,Wheatland,3,0,0,46.46652491,-109.84646359999999,30107.0,141.11006585136406,0.0,3,3,0,0,3,3,2236,0,0,0,0,0
2020-08-08,US,Montana,Wibaux,3,0,0,46.95925154,-104.2510927,30109.0,309.59752321981426,0.0,3,3,0,0,3,3,1034,0,0,0,0,0
2020-08-08,US,Montana,Yellowstone,1261,30,0,45.93955949,-108.26914860000001,30111.0,781.7730936143831,2.379064234734338,1231,1212,28,0,1184,1191,160137,49,2,0,47,21
2020-08-08,US,Nebraska,Adams,353,11,0,40.52449420000001,-98.50117804,31001.0,1125.53008321908,3.1161473087818696,342,353,11,0,342,350,31511,0,0,0,0,3
2020-08-08,US,Nebraska,Antelope,19,1,0,42.17695516,-98.06662829999999,31003.0,301.6830739917434,5.2631578947368425,18,19,1,0,18,19,6336,0,0,0,0,0
2020-08-08,US,Nebraska,Arthur,1,0,0,41.56896142,-101.6959559,31005.0,215.98272138228938,0.0,1,1,0,0,1,1,465,0,0,0,0,0
2020-08-08,US,Nebraska,Banner,3,0,0,41.54634427,-103.7114332,31007.0,402.6845637583893,0.0,3,3,0,0,3,2,730,0,0,0,0,1
2020-08-08,US,Nebraska,Boone,8,0,0,41.70759415,-98.06737183,31011.0,154.08320493066256,0.0,8,8,0,0,8,7,5239,0,0,0,0,1
2020-08-08,US,Nebraska,Box Butte,12,0,0,42.22079243,-103.08788340000001,31013.0,111.28628396550128,0.0,12,11,0,0,11,11,10772,1,0,0,1,0
2020-08-08,US,Nebraska,Boyd,4,0,0,42.899727399999996,-98.76486568,31015.0,208.4418968212611,0.0,4,4,0,0,4,4,1955,0,0,0,0,0
2020-08-08,US,Nebraska,Buffalo,406,1,0,40.85486962,-99.07500296,31019.0,817.5758674157756,0.24630541871921185,405,401,1,0,400,385,49615,5,0,0,5,16
2020-08-08,US,Nebraska,Burt,31,0,0,41.85056773,-96.32605633,31021.0,479.9504567270475,0.0,31,31,0,0,31,29,6488,0,0,0,0,2
2020-08-08,US,Nebraska,Butler,60,0,0,41.22703692,-97.13106306,31023.0,748.502994011976,0.0,60,60,0,0,60,58,8058,0,0,0,0,2
2020-08-08,US,Nebraska,Cass,176,2,0,40.90899107,-96.13971217,31025.0,670.5272782688205,1.1363636363636365,174,172,2,0,170,169,26159,4,0,0,4,3
2020-08-08,US,Nebraska,Cedar,22,0,0,42.598885100000004,-97.25311951,31027.0,261.8424184717924,0.0,22,22,0,0,22,22,8446,0,0,0,0,0
2020-08-08,US,Nebraska,Chase,6,0,0,40.523719799999995,-101.69780259999999,31029.0,152.9051987767584,0.0,6,6,0,0,6,6,3977,0,0,0,0,0
2020-08-08,US,Nebraska,Cherry,4,0,0,42.54502621,-101.1244332,31031.0,70.31112673580594,0.0,4,4,0,0,4,4,5761,0,0,0,0,0
2020-08-08,US,Nebraska,Cheyenne,26,0,0,41.21999357,-102.9941693,31033.0,291.8069584736251,0.0,26,26,0,0,26,26,9310,0,0,0,0,0
2020-08-08,US,Nebraska,Clay,50,0,0,40.52439441,-98.05126296,31035.0,806.0615831049491,0.0,50,50,0,0,50,49,6214,0,0,0,0,1
2020-08-08,US,Nebraska,Colfax,701,4,0,41.57486951,-97.0868542,31037.0,6545.895975347838,0.5706134094151213,697,700,4,0,696,698,10881,1,0,0,1,2
2020-08-08,US,Nebraska,Cuming,67,0,0,41.91637624,-96.78730772,31039.0,757.4044765995932,0.0,67,67,0,0,67,67,8940,0,0,0,0,0
2020-08-08,US,Nebraska,Custer,45,4,0,41.39374521,-99.72805369,31041.0,417.5559060963162,8.888888888888891,41,44,4,0,40,42,10840,1,0,0,1,2
2020-08-08,US,Nebraska,Dakota,1924,41,0,42.39040144,-96.56656425,31043.0,9607.5102366923,2.130977130977131,1883,1922,41,0,1881,1915,20083,2,0,0,2,7
2020-08-08,US,Nebraska,Dawes,10,0,0,42.71985036,-103.1313774,31045.0,116.42798928862499,0.0,10,10,0,0,10,9,8716,0,0,0,0,1
2020-08-08,US,Nebraska,Dawson,956,9,0,40.87028216,-99.82014609999999,31047.0,4051.705869887688,0.9414225941422594,947,956,9,0,947,954,23709,0,0,0,0,2
2020-08-08,US,Nebraska,Deuel,2,0,0,41.11168186,-102.33333309999999,31049.0,111.48272017837236,0.0,2,2,0,0,2,2,1825,0,0,0,0,0
2020-08-08,US,Nebraska,Dixon,58,2,0,42.49188363,-96.86782408,31051.0,1029.0986515259046,3.4482758620689653,56,58,2,0,56,57,5709,0,0,0,0,1
2020-08-08,US,Nebraska,Dodge,799,9,0,41.58071748,-96.65598179,31053.0,2185.149733351566,1.1264080100125156,790,791,9,0,782,788,36791,8,0,0,8,3
2020-08-08,US,Nebraska,Douglas,11190,132,0,41.29518299,-96.15085305,31055.0,1958.5981408195307,1.1796246648793565,11058,11139,132,0,11007,11022,566880,51,0,0,51,117
2020-08-08,US,Nebraska,Dundy,1,0,0,40.17638677,-101.6876522,31057.0,59.06674542232722,0.0,1,1,0,0,1,1,1770,0,0,0,0,0
2020-08-08,US,Nebraska,Fillmore,24,1,0,40.52458567,-97.59646937,31059.0,439.3994873672647,4.166666666666667,23,24,1,0,23,24,5527,0,0,0,0,0
2020-08-08,US,Nebraska,Franklin,12,0,0,40.17636348,-98.95299073,31061.0,402.81973816717016,0.0,12,12,0,0,12,12,3023,0,0,0,0,0
2020-08-08,US,Nebraska,Frontier,3,0,0,40.52993007,-100.3924658,31063.0,114.19870574800152,0.0,3,3,0,0,3,3,2608,0,0,0,0,0
2020-08-08,US,Nebraska,Furnas,15,1,0,40.17642064,-99.91247454,31065.0,320.786997433704,6.666666666666668,14,15,1,0,14,15,4715,0,0,0,0,0
2020-08-08,US,Nebraska,Gage,89,4,0,40.26186809,-96.68946704,31067.0,413.70334216520246,4.49438202247191,85,89,4,0,85,87,21493,0,0,0,0,2
2020-08-08,US,Nebraska,Garden,4,0,0,41.61703149,-102.3313973,31069.0,217.74632553075668,0.0,4,4,0,0,4,4,1897,0,0,0,0,0
2020-08-08,US,Nebraska,Garfield,3,0,0,41.91428955,-98.99111827,31071.0,152.36160487557137,0.0,3,3,0,0,3,3,1987,0,0,0,0,0
2020-08-08,US,Nebraska,Gosper,19,0,0,40.51481965,-99.83020279,31073.0,954.7738693467336,0.0,19,19,0,0,19,19,1996,0,0,0,0,0
2020-08-08,US,Nebraska,Greeley,10,0,0,41.56742671,-98.52150266,31077.0,424.44821731748726,0.0,10,10,0,0,10,9,2356,0,0,0,0,1
2020-08-08,US,Nebraska,Hall,1741,45,0,40.87257079,-98.50218293,31079.0,2837.6770492070477,2.584721424468696,1696,1738,45,0,1693,1734,61607,3,0,0,3,4
2020-08-08,US,Nebraska,Hamilton,99,12,0,40.87349452,-98.02099117,31081.0,1061.776061776062,12.12121212121212,87,99,12,0,87,99,9280,0,0,0,0,0
2020-08-08,US,Nebraska,Harlan,1,0,0,40.17658508,-99.40438879,31083.0,29.58579881656805,0.0,1,1,0,0,1,1,3401,0,0,0,0,0
2020-08-08,US,Nebraska,Hitchcock,1,0,0,40.17609175,-101.04164770000001,31087.0,36.205648081100655,0.0,1,2,0,0,2,1,2806,-1,0,0,-1,1
2020-08-08,US,Nebraska,Holt,13,0,0,42.45522056,-98.78402558,31089.0,129.1347968610311,0.0,13,13,0,0,13,12,10178,0,0,0,0,1
2020-08-08,US,Nebraska,Hooker,4,0,0,41.91586243,-101.1354293,31091.0,586.5102639296188,0.0,4,4,0,0,4,4,682,0,0,0,0,0
2020-08-08,US,Nebraska,Howard,55,4,0,41.2200529,-98.5166499,31093.0,853.3747090768037,7.272727272727272,51,55,4,0,51,55,6468,0,0,0,0,0
2020-08-08,US,Nebraska,Jefferson,16,0,0,40.17584531,-97.142601,31095.0,227.0791938688617,0.0,16,15,0,0,15,15,7097,1,0,0,1,0
2020-08-08,US,Nebraska,Johnson,13,0,0,40.39257596,-96.26522753,31097.0,256.35969236836917,0.0,13,13,0,0,13,13,5134,0,0,0,0,0
2020-08-08,US,Nebraska,Kearney,51,0,0,40.50663314,-98.94877182,31099.0,785.2193995381062,0.0,51,50,0,0,50,49,6544,1,0,0,1,1
2020-08-08,US,Nebraska,Keith,22,0,0,41.19930341,-101.66201640000001,31101.0,273.83619616629323,0.0,22,20,0,0,20,20,8021,2,0,0,2,0
2020-08-08,US,Nebraska,Kimball,15,0,0,41.19774275,-103.7148131,31105.0,412.9955947136564,0.0,15,15,0,0,15,15,3618,0,0,0,0,0
2020-08-08,US,Nebraska,Knox,34,0,0,42.63758421,-97.89178836,31107.0,408.0652904464714,0.0,34,34,0,0,34,34,8419,0,0,0,0,0
2020-08-08,US,Nebraska,Lancaster,3269,17,0,40.78416049,-96.68777155,31109.0,1024.4758532075587,0.5200367084735393,3252,3253,17,0,3236,3219,317272,16,0,0,16,34
2020-08-08,US,Nebraska,Lincoln,109,2,0,41.04658298,-100.74753740000001,31111.0,312.1956808157186,1.834862385321101,107,99,2,0,97,97,35185,10,0,0,10,2
2020-08-08,US,Nebraska,Madison,449,5,0,41.91676024,-97.6005481,31119.0,1279.2387247499926,1.11358574610245,444,445,5,0,440,434,35392,4,0,0,4,11
2020-08-08,US,Nebraska,McPherson,5,0,0,41.56797682,-101.05993620000001,31117.0,1012.1457489878543,0.0,5,5,0,0,5,5,492,0,0,0,0,0
2020-08-08,US,Nebraska,Merrick,61,0,0,41.16624273,-98.0374887,31121.0,786.589297227595,0.0,61,61,0,0,61,59,7733,0,0,0,0,2
2020-08-08,US,Nebraska,Morrill,58,0,0,41.71711774,-103.0061405,31123.0,1249.4614390348986,0.0,58,58,0,0,58,58,4686,0,0,0,0,0
2020-08-08,US,Nebraska,Nance,8,0,0,41.39750195,-97.99327291,31125.0,227.33731173628868,0.0,8,8,0,0,8,8,3532,0,0,0,0,0
2020-08-08,US,Nebraska,Nemaha,28,0,0,40.38514847,-95.85433992,31127.0,401.6064257028112,0.0,28,28,0,0,28,25,6958,0,0,0,0,3
2020-08-08,US,Nebraska,Nuckolls,5,0,0,40.17637905,-98.04743961,31129.0,120.54001928640308,0.0,5,5,0,0,5,5,4195,0,0,0,0,0
2020-08-08,US,Nebraska,Otoe,45,0,0,40.64843556,-96.13374142,31131.0,281.0392205845616,0.0,45,45,0,0,45,44,15985,0,0,0,0,1
2020-08-08,US,Nebraska,Pawnee,9,0,0,40.13141096,-96.23705437,31133.0,344.4316877152698,0.0,9,9,0,0,9,9,2632,0,0,0,0,0
2020-08-08,US,Nebraska,Perkins,19,7,0,40.85082525,-101.6502942,31135.0,657.2120373573157,36.8421052631579,12,19,7,0,12,17,2929,0,0,0,0,2
2020-08-08,US,Nebraska,Phelps,37,0,0,40.51156033,-99.41461667,31137.0,409.56386982510514,0.0,37,37,0,0,37,37,8996,0,0,0,0,0
2020-08-08,US,Nebraska,Pierce,20,0,0,42.26434853,-97.60122773,31139.0,279.79854504756577,0.0,20,20,0,0,20,19,7142,0,0,0,0,1
2020-08-08,US,Nebraska,Platte,792,3,0,41.57246836,-97.52144359,31141.0,2366.2981774723635,0.3787878787878788,789,784,3,0,781,783,33363,8,0,0,8,1
2020-08-08,US,Nebraska,Polk,26,0,0,41.18813488,-97.56630712,31143.0,498.75311720698255,0.0,26,26,0,0,26,26,5278,0,0,0,0,0
2020-08-08,US,Nebraska,Red Willow,16,0,0,40.17556879999999,-100.476998,31145.0,149.19806042521446,0.0,16,17,0,0,17,16,10726,-1,0,0,-1,1
2020-08-08,US,Nebraska,Richardson,22,1,0,40.1247415,-95.71755036,31147.0,279.72027972027973,4.545454545454546,21,21,1,0,20,21,7937,1,0,0,1,0
2020-08-08,US,Nebraska,Rock,3,0,0,42.42252217,-99.44832069,31149.0,221.07590272660286,0.0,3,3,0,0,3,3,1360,0,0,0,0,0
2020-08-08,US,Nebraska,Saline,595,2,0,40.52418865,-97.14085859,31151.0,4183.070866141732,0.33613445378151263,593,595,2,0,593,594,14350,0,0,0,0,1
2020-08-08,US,Nebraska,Sarpy,2238,11,0,41.11314181,-96.11156432,31153.0,1195.538366204406,0.4915102770330652,2227,2220,11,0,2209,2179,184459,18,0,0,18,41
2020-08-08,US,Nebraska,Saunders,156,2,0,41.227810299999994,-96.63773905,31155.0,722.9585689127815,1.2820512820512822,154,153,2,0,151,150,21303,3,0,0,3,3
2020-08-08,US,Nebraska,Scotts Bluff,301,6,0,41.85070896,-103.70809859999999,31157.0,845.0783311808636,1.9933554817275747,295,298,6,0,292,297,35989,3,0,0,3,1
2020-08-08,US,Nebraska,Seward,118,1,0,40.87241834,-97.139673,31159.0,682.712335107614,0.8474576271186439,117,116,1,0,115,110,17318,2,0,0,2,6
2020-08-08,US,Nebraska,Sheridan,9,0,0,42.50284406,-102.4126613,31161.0,171.55928326343883,0.0,9,10,0,0,10,9,5190,-1,0,0,-1,1
2020-08-08,US,Nebraska,Sherman,11,0,0,41.22045983,-98.97588642,31163.0,366.54448517160944,0.0,11,11,0,0,11,11,3038,0,0,0,0,0
2020-08-08,US,Nebraska,Sioux,5,0,0,42.48932059,-103.7576544,31165.0,428.8164665523156,0.0,5,5,0,0,5,5,1187,0,0,0,0,0
2020-08-08,US,Nebraska,Stanton,29,0,0,41.9169835,-97.19394708,31167.0,489.8648648648648,0.0,29,29,0,0,29,28,5970,0,0,0,0,1
2020-08-08,US,Nebraska,Thayer,27,0,0,40.17626377,-97.59504381,31169.0,539.6761942834298,0.0,27,26,0,0,26,26,5039,1,0,0,1,0
2020-08-08,US,Nebraska,Thomas,1,0,0,41.91358968,-100.5556632,31171.0,138.50415512465375,0.0,1,1,0,0,1,1,720,0,0,0,0,0
2020-08-08,US,Nebraska,Thurston,205,4,0,42.15725356,-96.54157099,31173.0,2837.763012181617,1.951219512195122,201,205,4,0,201,205,7303,0,0,0,0,0
2020-08-08,US,Nebraska,Unassigned,139,0,0,0.0,0.0,90031.0,0.0,0.0,139,142,0,0,142,147,,-3,0,0,-3,-5
2020-08-08,US,Nebraska,Valley,10,0,0,41.56730777,-98.98197724,31175.0,240.50024050024047,0.0,10,10,0,0,10,10,4190,0,0,0,0,0
2020-08-08,US,Nebraska,Washington,118,1,0,41.52815707,-96.22019892,31177.0,569.2508080466979,0.8474576271186439,117,117,1,0,116,116,20667,1,0,0,1,1
2020-08-08,US,Nebraska,Wayne,37,0,0,42.20934475,-97.11926964,31179.0,394.2461374533831,0.0,37,37,0,0,37,37,9403,0,0,0,0,0
2020-08-08,US,Nebraska,Webster,9,0,0,40.17642643,-98.50019851,31181.0,258.1015199311729,0.0,9,9,0,0,9,9,3533,0,0,0,0,0
2020-08-08,US,Nebraska,York,78,0,0,40.87272618,-97.59710186,31185.0,570.2171211345859,0.0,78,78,0,0,78,77,13772,0,0,0,0,1
2020-08-08,US,Nevada,Carson City,339,8,0,39.15509045,-119.7480219,32510.0,606.2665426711496,2.359882005899705,331,330,8,0,322,328,55414,9,0,0,9,2
2020-08-08,US,Nevada,Churchill,62,1,0,39.58105744,-118.3394607,32001.0,248.90601790517482,1.6129032258064515,61,50,1,0,49,50,24440,12,0,0,12,0
2020-08-08,US,Nevada,Clark,47739,799,0,36.21458855,-115.0130241,32003.0,2106.0874437236266,1.6736839900291167,46940,46990,770,0,46220,46184,2231647,749,29,0,720,806
2020-08-08,US,Nevada,Douglas,199,0,0,38.912862,-119.61713329999999,32005.0,406.9113587567733,0.0,199,194,0,0,194,191,48467,5,0,0,5,3
2020-08-08,US,Nevada,Elko,535,2,0,41.14531606,-115.3577619,32007.0,1013.6799424002426,0.37383177570093457,533,525,2,0,523,512,52460,10,0,0,10,13
2020-08-08,US,Nevada,Eureka,2,0,0,39.98100864,-116.26832040000001,32011.0,98.57072449482504,0.0,2,2,0,0,2,2,2003,0,0,0,0,0
2020-08-08,US,Nevada,Humboldt,102,4,0,41.40692186,-118.11094270000001,32013.0,606.0245974689561,3.92156862745098,98,100,4,0,96,99,16786,2,0,0,2,1
2020-08-08,US,Nevada,Lander,51,1,0,39.933223299999995,-117.03970749999999,32015.0,921.9088937093277,1.96078431372549,50,51,1,0,50,50,5575,0,0,0,0,1
2020-08-08,US,Nevada,Lincoln,5,0,0,37.64268459,-114.8790388,32017.0,96.46922631680496,0.0,5,4,0,0,4,4,5201,1,0,0,1,0
2020-08-08,US,Nevada,Lyon,222,6,0,39.01777974,-119.18704790000001,32019.0,386.01982263954096,2.702702702702702,216,218,6,0,212,217,55808,4,0,0,4,1
2020-08-08,US,Nevada,Mineral,11,0,0,38.53841696,-118.4344506,32021.0,244.173140954495,0.0,11,11,0,0,11,11,4514,0,0,0,0,0
2020-08-08,US,Nevada,Nye,405,9,0,38.04264256,-116.47227020000001,32023.0,870.5371536659288,2.2222222222222223,396,400,9,0,391,374,45346,5,0,0,5,26
2020-08-08,US,Nevada,Pershing,13,0,0,40.44003782,-118.40056409999998,32027.0,193.3085501858736,0.0,13,13,0,0,13,13,6666,0,0,0,0,0
2020-08-08,US,Nevada,Storey,4,0,0,39.44875482,-119.5250207,32029.0,97.01673538685421,0.0,4,4,0,0,4,4,4029,0,0,0,0,0
2020-08-08,US,Nevada,Washoe,5715,118,0,40.66562265,-119.6631594,32031.0,1212.0402359183831,2.064741907261592,5597,5627,118,0,5509,5504,465735,88,0,0,88,123
2020-08-08,US,Nevada,White Pine,15,1,0,39.44157041,-114.89996599999999,32033.0,156.5762004175365,6.666666666666668,14,14,1,0,13,14,9475,1,0,0,1,0
2020-08-08,US,New Hampshire,Belknap,115,4,0,43.51637314,-71.41684235,33001.0,187.59277686247,3.4782608695652173,111,115,4,0,111,113,61022,0,0,0,0,2
2020-08-08,US,New Hampshire,Carroll,93,1,0,43.87498583,-71.20430216,33003.0,190.1451645880188,1.075268817204301,92,93,1,0,92,93,48779,0,0,0,0,0
2020-08-08,US,New Hampshire,Cheshire,97,3,0,42.92015988,-72.25311043,33005.0,127.48899257409477,3.0927835051546397,94,96,3,0,93,96,76493,1,0,0,1,0
2020-08-08,US,New Hampshire,Coos,17,0,0,44.69063265,-71.30633239,33007.0,53.86053290244907,0.0,17,16,0,0,16,16,31589,1,0,0,1,0
2020-08-08,US,New Hampshire,Grafton,103,1,0,43.93779815,-71.82057197,33009.0,114.58959126004049,0.9708737864077671,102,103,1,0,102,103,89786,0,0,0,0,0
2020-08-08,US,New Hampshire,Hillsborough,3842,279,0,42.91537785,-71.7200253,33011.0,921.2876925843774,7.2618427902134295,3563,3824,279,0,3545,3807,415247,18,0,0,18,17
2020-08-08,US,New Hampshire,Merrimack,464,21,0,43.29662971,-71.6811573,33013.0,306.4911388391648,4.525862068965517,443,463,21,0,442,460,151132,1,0,0,1,3
2020-08-08,US,New Hampshire,Rockingham,1688,96,0,42.98499744,-71.12883377,33015.0,544.9221839499756,5.6872037914691935,1592,1678,96,0,1582,1665,309176,10,0,0,10,13
2020-08-08,US,New Hampshire,Strafford,353,13,0,43.291833000000004,-71.02336013,33017.0,270.2226849264734,3.68271954674221,340,348,13,0,335,346,130090,5,0,0,5,2
2020-08-08,US,New Hampshire,Sullivan,40,1,0,43.36094111,-72.22203125,33019.0,92.70847819033052,2.5,39,40,1,0,39,40,43144,0,0,0,0,0
2020-08-08,US,New Hampshire,Unassigned,6,0,0,0.0,0.0,90033.0,0.0,0.0,6,3,0,0,3,3,,3,0,0,3,0
2020-08-08,US,New Jersey,Atlantic,3456,252,0,39.47538693,-74.65848483,34001.0,1310.7293207418365,7.291666666666668,3204,3446,252,0,3194,3442,265429,10,0,0,10,4
2020-08-08,US,New Jersey,Bergen,20751,2038,0,40.96010917,-74.07164325,34003.0,2226.0196824293453,9.821213435497084,18713,20694,2037,0,18657,20669,936692,57,1,0,56,25
2020-08-08,US,New Jersey,Burlington,5977,472,0,39.87681124,-74.66927768,34005.0,1342.0935041955859,7.896938263342813,5505,5952,471,0,5481,5927,445384,25,1,0,24,25
2020-08-08,US,New Jersey,Camden,8525,578,0,39.80343818,-74.96388753,34007.0,1683.2158208466035,6.780058651026392,7947,8499,578,0,7921,8464,507078,26,0,0,26,35
2020-08-08,US,New Jersey,Cape May,824,87,0,39.15008829,-74.80170244,34009.0,895.2726561566292,10.558252427184467,737,822,87,0,735,823,92560,2,0,0,2,-1
2020-08-08,US,New Jersey,Cumberland,3332,158,0,39.37199394,-75.10712559,34011.0,2228.360095501147,4.741896758703482,3174,3318,158,0,3160,3309,150972,14,0,0,14,9
2020-08-08,US,New Jersey,Essex,19715,2111,0,40.78681335,-74.24657979,34013.0,2467.536531180575,10.707583058584834,17604,19686,2107,0,17579,19644,799767,29,4,0,25,42
2020-08-08,US,New Jersey,Gloucester,3236,212,0,39.71581067,-75.13995546,34015.0,1109.6023810503502,6.551297898640296,3024,3216,209,0,3007,3193,291408,20,3,0,17,23
2020-08-08,US,New Jersey,Hudson,19641,1504,0,40.73766234,-74.07515667,34017.0,2921.068247492902,7.657451249936358,18137,19607,1502,0,18105,19580,676061,34,2,0,32,27
2020-08-08,US,New Jersey,Hunterdon,1148,126,0,40.56335249,-74.91284156,34019.0,923.0447612385524,10.975609756097562,1022,1146,126,0,1020,1144,124714,2,0,0,2,2
2020-08-08,US,New Jersey,Mercer,8115,619,0,40.28047017,-74.70479631,34021.0,2208.583947962877,7.62784966112138,7496,8104,618,0,7486,8087,369811,11,1,0,10,17
2020-08-08,US,New Jersey,Middlesex,17884,1403,0,40.43629879,-74.41426991,34023.0,2167.5946777333097,7.8450011183180495,16481,17857,1401,0,16456,17821,829685,27,2,0,25,36
2020-08-08,US,New Jersey,Monmouth,10284,856,0,40.26549699,-74.22240686,34025.0,1661.9397377160446,8.323609490470634,9428,10267,856,0,9411,10227,621354,17,0,0,17,40
2020-08-08,US,New Jersey,Morris,7235,828,0,40.86095313,-74.54553709999998,34027.0,1470.9918775223905,11.444367657221838,6407,7224,827,0,6397,7209,494228,11,1,0,10,15
2020-08-08,US,New Jersey,Ocean,10585,1018,0,39.8895449,-74.28089251,34029.0,1743.287888719437,9.61738308927728,9567,10564,1016,0,9548,10551,601651,21,2,0,19,13
2020-08-08,US,New Jersey,Passaic,17623,1239,0,41.03238628,-74.29954144,34031.0,3511.774997708369,7.030585030925495,16384,17599,1239,0,16360,17585,503310,24,0,0,24,14
2020-08-08,US,New Jersey,Salem,892,87,0,39.58719656,-75.34696629999998,34033.0,1429.8308888354572,9.753363228699554,805,886,87,0,799,886,62607,6,0,0,6,0
2020-08-08,US,New Jersey,Somerset,5231,561,0,40.56465737,-74.61683016,34035.0,1590.288629329896,10.724526859109156,4670,5223,562,0,4661,5217,331164,8,-1,0,9,6
2020-08-08,US,New Jersey,Sussex,1327,198,0,41.13891592,-74.69118243,34037.0,944.5646603268608,14.92087415222306,1129,1322,197,0,1125,1320,140799,5,1,0,4,2
2020-08-08,US,New Jersey,Unassigned,642,0,0,0.0,0.0,90034.0,0.0,0.0,642,653,0,0,653,642,,-11,0,0,-11,11
2020-08-08,US,New Jersey,Union,16663,1350,0,40.65835409,-74.30680092,34039.0,2995.105519816084,8.101782392126267,15313,16636,1348,0,15288,16622,558067,27,2,0,25,14
2020-08-08,US,New Jersey,Warren,1343,172,0,40.85951833,-74.99556527,34041.0,1275.8034331746892,12.807148175725985,1171,1340,171,0,1169,1339,105779,3,1,0,2,1
2020-08-08,US,New Mexico,Bernalillo,5089,132,0,35.05163625,-106.6703554,35001.0,749.3509993064563,2.593829829043034,4957,5059,130,0,4929,5029,678701,30,2,0,28,30
2020-08-08,US,New Mexico,Catron,5,1,0,33.91514144,-108.4046587,35003.0,141.7635384179189,20.0,4,5,1,0,4,5,3578,0,0,0,0,0
2020-08-08,US,New Mexico,Chaves,435,6,0,33.36406072,-104.4665365,35005.0,673.2182929660297,1.3793103448275863,429,419,6,0,413,411,64689,16,0,0,16,8
2020-08-08,US,New Mexico,Cibola,362,18,0,34.91131525,-107.998876,35006.0,1357.0759137769444,4.972375690607736,344,361,17,0,344,346,26746,1,1,0,0,15
2020-08-08,US,New Mexico,Colfax,18,1,0,36.60569702,-104.64726740000002,35007.0,150.74114395779247,5.5555555555555545,17,17,1,0,16,16,12110,1,0,0,1,1
2020-08-08,US,New Mexico,Curry,541,2,0,34.57421077,-103.34688759999999,35009.0,1105.119091391919,0.3696857670979667,539,533,2,0,531,516,49437,8,0,0,8,17
2020-08-08,US,New Mexico,Dona Ana,2417,30,0,32.35275771,-106.83293870000001,35013.0,1107.7247416301932,1.2412081092263136,2387,2398,30,0,2368,2348,217522,19,0,0,19,50
2020-08-08,US,New Mexico,Eddy,293,4,0,32.47167456,-104.3053527,35015.0,501.19739993157714,1.3651877133105803,289,284,4,0,280,278,57900,9,0,0,9,6
2020-08-08,US,New Mexico,Grant,71,2,0,32.73911281,-108.3827845,35017.0,262.98244314393656,2.8169014084507036,69,71,2,0,69,71,27346,0,0,0,0,0
2020-08-08,US,New Mexico,Guadalupe,31,0,0,34.86319296,-104.790669,35019.0,720.9302325581398,0.0,31,31,0,0,31,31,4341,0,0,0,0,0
2020-08-08,US,New Mexico,Harding,1,0,0,35.85751555,-103.82209379999999,35021.0,160.0,0.0,1,1,0,0,1,1,655,0,0,0,0,0
2020-08-08,US,New Mexico,Hidalgo,90,0,0,31.91383467,-108.7151824,35023.0,2143.8780371605526,0.0,90,89,0,0,89,89,4240,1,0,0,1,0
2020-08-08,US,New Mexico,Lea,751,4,0,32.79215361,-103.4123733,35025.0,1056.7046573800478,0.5326231691078562,747,740,4,0,736,729,69611,11,0,0,11,11
2020-08-08,US,New Mexico,Lincoln,125,2,0,33.74526079,-105.4586166,35027.0,638.6674841610462,1.6,123,118,2,0,116,117,19556,7,0,0,7,1
2020-08-08,US,New Mexico,Los Alamos,21,0,0,35.86631386,-106.31349850000001,35028.0,108.42067220816769,0.0,21,20,0,0,20,20,19101,1,0,0,1,0
2020-08-08,US,New Mexico,Luna,247,3,0,32.18179341,-107.75088259999998,35029.0,1041.7984731536546,1.214574898785425,244,241,3,0,238,241,23963,6,0,0,6,0
2020-08-08,US,New Mexico,McKinley,4043,224,0,35.58007720000001,-108.262245,35031.0,5665.0833018061585,5.5404402671283695,3819,4037,222,0,3815,4033,72290,6,2,0,4,4
2020-08-08,US,New Mexico,Mora,6,0,0,36.01095101,-104.9497716,35033.0,132.71400132713998,0.0,6,6,0,0,6,6,4506,0,0,0,0,0
2020-08-08,US,New Mexico,Otero,201,10,0,32.61348406,-105.7417604,35035.0,297.8218995406727,4.975124378109452,191,199,10,0,189,197,66781,2,0,0,2,2
2020-08-08,US,New Mexico,Quay,34,1,0,35.10403332,-103.54817270000001,35037.0,411.97140433781664,2.9411764705882355,33,34,1,0,33,34,8253,0,0,0,0,0
2020-08-08,US,New Mexico,Rio Arriba,316,7,0,36.51072137,-106.69316740000001,35039.0,811.9010302921303,2.2151898734177213,309,313,6,0,307,312,39006,3,1,0,2,1
2020-08-08,US,New Mexico,Roosevelt,161,1,0,34.02097406,-103.4799493,35041.0,870.2702702702702,0.6211180124223602,160,160,1,0,159,157,18743,1,0,0,1,3
2020-08-08,US,New Mexico,San Juan,3040,183,0,36.50838318,-108.32043700000001,35045.0,2452.443569596153,6.019736842105262,2857,3037,183,0,2854,3026,125043,3,0,0,3,11
2020-08-08,US,New Mexico,San Miguel,43,0,0,35.48014807,-104.8163562,35047.0,157.64196942479015,0.0,43,42,0,0,42,42,27591,1,0,0,1,0
2020-08-08,US,New Mexico,Sandoval,1126,33,0,35.68862401,-106.86878030000001,35043.0,767.3017690189986,2.930728241563055,1093,1126,33,0,1093,1117,145179,0,0,0,0,9
2020-08-08,US,New Mexico,Santa Fe,637,3,0,35.50708973,-105.9774716,35049.0,423.65554210617324,0.4709576138147567,634,626,3,0,623,618,150056,11,0,0,11,8
2020-08-08,US,New Mexico,Sierra,32,0,0,33.13028233,-107.1925893,35051.0,296.54341580947084,0.0,32,31,0,0,31,31,10968,1,0,0,1,0
2020-08-08,US,New Mexico,Socorro,73,6,0,34.00715494,-106.9298354,35053.0,438.78103023381624,8.219178082191782,67,72,6,0,66,73,16735,1,0,0,1,-1
2020-08-08,US,New Mexico,Taos,108,1,0,36.58006022,-105.63101979999999,35055.0,330.0430889588364,0.925925925925926,107,106,1,0,105,106,32835,2,0,0,2,0
2020-08-08,US,New Mexico,Torrance,61,1,0,34.64048375,-105.8508949,35057.0,394.5411034215122,1.639344262295082,60,61,1,0,60,61,15591,0,0,0,0,0
2020-08-08,US,New Mexico,Unassigned,1302,0,0,0.0,0.0,90035.0,0.0,0.0,1302,1295,0,0,1295,1285,,7,0,0,7,10
2020-08-08,US,New Mexico,Union,29,2,0,36.48126404,-103.4709624,35059.0,714.4616900714461,6.896551724137932,27,29,2,0,27,28,4118,0,0,0,0,1
2020-08-08,US,New Mexico,Valencia,406,4,0,34.71669834,-106.8103733,35061.0,529.4179011057794,0.9852216748768472,402,404,4,0,400,399,76456,2,0,0,2,5
2020-08-08,US,New York,Albany,2581,128,0,42.60060306,-73.97723916,36001.0,844.8279248198071,4.959318093762109,2453,2573,128,0,2445,2565,307117,8,0,0,8,8
2020-08-08,US,New York,Allegany,79,1,0,42.25748406,-78.02750466,36003.0,171.40005641014514,1.2658227848101269,78,79,1,0,78,78,46430,0,0,0,0,1
2020-08-08,US,New York,Broome,1120,69,0,42.15903158,-75.81326086,36007.0,587.9635462601319,6.1607142857142865,1051,1115,69,0,1046,1094,191659,5,0,0,5,21
2020-08-08,US,New York,Cattaraugus,165,6,0,42.24778241,-78.67923096,36009.0,216.7715490626273,3.636363636363636,159,164,6,0,158,164,76840,1,0,0,1,0
2020-08-08,US,New York,Cayuga,151,2,0,42.91261714,-76.55731592,36011.0,197.18972001671543,1.3245033112582782,149,151,2,0,149,151,77145,0,0,0,0,0
2020-08-08,US,New York,Chautauqua,253,9,0,42.22769210000001,-79.36691763,36013.0,199.36486923082984,3.5573122529644268,244,249,9,0,240,244,127939,4,0,0,4,5
2020-08-08,US,New York,Chemung,171,3,0,42.13891056,-76.7638805,36015.0,204.89838957055213,1.7543859649122806,168,168,3,0,165,165,84254,3,0,0,3,3
2020-08-08,US,New York,Chenango,215,6,0,42.49430041,-75.60887553,36017.0,455.4409303704959,2.7906976744186047,209,215,6,0,209,212,47536,0,0,0,0,3
2020-08-08,US,New York,Clinton,127,4,0,44.74530905,-73.67875352,36019.0,157.79337764800894,3.1496062992125986,123,127,4,0,123,127,80695,0,0,0,0,0
2020-08-08,US,New York,Columbia,539,37,0,42.24819348,-73.63089095,36021.0,906.4765140175914,6.864564007421151,502,535,37,0,498,534,59916,4,0,0,4,1
2020-08-08,US,New York,Cortland,95,0,0,42.59509207,-76.07048931,36023.0,199.65952796284242,0.0,95,95,0,0,95,94,47823,0,0,0,0,1
2020-08-08,US,New York,Delaware,105,4,0,42.19837623,-74.96709306,36025.0,237.9064234734338,3.809523809523809,101,104,4,0,100,104,44527,1,0,0,1,0
2020-08-08,US,New York,Dutchess,4600,153,0,41.76486060000001,-73.74356679,36027.0,1563.4665452147726,3.3260869565217392,4447,4589,153,0,4436,4582,293718,11,0,0,11,7
2020-08-08,US,New York,Erie,8850,671,0,42.76249024,-78.73063652,36029.0,963.3156344494732,7.581920903954803,8179,8791,671,0,8120,8737,919719,59,0,0,59,54
2020-08-08,US,New York,Essex,55,0,0,44.11630765,-73.77297842,36031.0,149.1121051918124,0.0,55,55,0,0,55,55,37300,0,0,0,0,0
2020-08-08,US,New York,Franklin,54,0,0,44.59040891,-74.29926032,36033.0,107.95250089960415,0.0,54,54,0,0,54,52,50293,0,0,0,0,2
2020-08-08,US,New York,Fulton,295,24,0,43.11363907,-74.41798804,36035.0,552.6103815821516,8.135593220338983,271,293,24,0,269,291,53591,2,0,0,2,2
2020-08-08,US,New York,Genesee,277,5,0,43.0022601,-78.19135193,36037.0,483.5893854748603,1.8050541516245489,272,277,5,0,272,274,57511,0,0,0,0,3
2020-08-08,US,New York,Greene,291,18,0,42.275797,-74.12384884,36039.0,616.6822073408492,6.185567010309278,273,291,18,0,273,290,47491,0,0,0,0,1
2020-08-08,US,New York,Hamilton,8,0,0,43.66146647,-74.49721957,36041.0,181.15942028985503,0.0,8,8,0,0,8,8,4434,0,0,0,0,0
2020-08-08,US,New York,Herkimer,273,4,0,43.42034246,-74.96145307,36043.0,445.2127399337889,1.465201465201465,269,270,4,0,266,268,61833,3,0,0,3,2
2020-08-08,US,New York,Jefferson,140,0,0,44.04200959,-75.94653457,36045.0,127.46508367172278,0.0,140,140,0,0,140,140,111755,0,0,0,0,0
2020-08-08,US,New York,Lewis,41,0,0,43.784415700000004,-75.44903992,36049.0,155.9172497718284,0.0,41,39,0,0,39,39,26447,2,0,0,2,0
2020-08-08,US,New York,Livingston,176,8,0,42.72596275,-77.77966158,36051.0,279.7469561623804,4.545454545454546,168,174,8,0,166,173,63227,2,0,0,2,1
2020-08-08,US,New York,Madison,412,17,0,42.91653905,-75.67266639,36053.0,580.7642970919496,4.12621359223301,395,412,17,0,395,409,70795,0,0,0,0,3
2020-08-08,US,New York,Monroe,4922,285,0,43.14638895,-77.69322942,36055.0,663.5480000539251,5.790329134498172,4637,4901,285,0,4616,4868,742474,21,0,0,21,33
2020-08-08,US,New York,Montgomery,172,4,0,42.90123494,-74.44011632,36057.0,349.44434286178665,2.3255813953488373,168,170,4,0,166,169,49455,2,0,0,2,1
2020-08-08,US,New York,Nassau,43628,2194,0,40.74066522,-73.58941873,36059.0,3215.213232281248,5.028880535435959,41434,43580,2194,0,41386,43534,1358343,48,0,0,48,46
2020-08-08,US,New York,New York City,227584,23575,0,40.76727260000001,-73.97152637,36061.0,2729.866806480219,10.358812570303714,204009,227258,23567,0,203691,226914,1628701,326,8,0,318,344
2020-08-08,US,New York,Niagara,1494,98,0,43.19898042,-78.74777412,36063.0,713.8727356998485,6.559571619812584,1396,1491,98,0,1393,1470,210433,3,0,0,3,21
2020-08-08,US,New York,Oneida,2142,115,0,43.24375382,-75.43710392,36065.0,936.7169426818442,5.368814192343604,2027,2129,115,0,2014,2117,229577,13,0,0,13,12
2020-08-08,US,New York,Onondaga,3565,200,0,43.00491923,-76.19971155,36067.0,774.1114546781088,5.6100981767180915,3365,3556,200,0,3356,3535,461809,9,0,0,9,21
2020-08-08,US,New York,Ontario,357,34,0,42.85145728,-77.30874425,36069.0,325.2047332319156,9.523809523809524,323,357,34,0,323,355,109864,0,0,0,0,2
2020-08-08,US,New York,Orange,11156,491,0,41.40337468,-74.30240757,36071.0,2898.113991790929,4.401219074937253,10665,11129,491,0,10638,11127,381951,27,0,0,27,2
2020-08-08,US,New York,Orleans,298,54,0,43.2516977,-78.2320066,36073.0,738.5011895321173,18.12080536912752,244,297,54,0,243,297,40612,1,0,0,1,0
2020-08-08,US,New York,Oswego,253,3,0,43.42778894,-76.14635194,36075.0,216.01038215907928,1.1857707509881423,250,251,3,0,248,251,117898,2,0,0,2,0
2020-08-08,US,New York,Otsego,116,5,0,42.63492579,-75.03151402,36077.0,194.980922125292,4.310344827586206,111,116,5,0,111,115,59749,0,0,0,0,1
2020-08-08,US,New York,Putnam,1447,63,0,41.42630093,-73.74965532,36079.0,1471.7249796582587,4.353835521769176,1384,1446,63,0,1383,1444,98892,1,0,0,1,2
2020-08-08,US,New York,Rensselaer,761,30,0,42.71348136,-73.51089874,36083.0,479.478810942954,3.9421813403416563,731,759,30,0,729,758,159442,2,0,0,2,1
2020-08-08,US,New York,Rockland,13936,674,0,41.15027894,-74.02560498,36087.0,4277.615266322681,4.836394948335247,13262,13925,674,0,13251,13918,325695,11,0,0,11,7
2020-08-08,US,New York,Saratoga,755,17,0,43.10904162,-73.86653895,36091.0,328.4565154026529,2.2516556291390732,738,752,17,0,735,747,230163,3,0,0,3,5
2020-08-08,US,New York,Schenectady,1058,37,0,42.81668777,-74.05278291,36093.0,681.2664601832594,3.4971644612476367,1021,1055,37,0,1018,1050,155350,3,0,0,3,5
2020-08-08,US,New York,Schoharie,69,0,0,42.58831742,-74.44339029999998,36095.0,222.58782541372292,0.0,69,69,0,0,69,69,31097,0,0,0,0,0
2020-08-08,US,New York,Schuyler,22,0,0,42.39184015,-76.8773299,36097.0,123.54691975065985,0.0,22,22,0,0,22,22,17912,0,0,0,0,0
2020-08-08,US,New York,Seneca,89,3,0,42.78081007,-76.82497064,36099.0,261.64158043273756,3.3707865168539324,86,87,3,0,84,86,34300,2,0,0,2,1
2020-08-08,US,New York,St. Lawrence,263,4,0,44.4976179,-75.06550039,36089.0,244.10618154817158,1.520912547528517,259,263,4,0,259,263,108047,0,0,0,0,0
2020-08-08,US,New York,Steuben,298,42,0,42.2689144,-77.3829924,36101.0,312.4377483513142,14.093959731543624,256,297,42,0,255,297,95796,1,0,0,1,0
2020-08-08,US,New York,Suffolk,43749,1998,0,40.88320119,-72.8012172,36103.0,2962.81798535962,4.5669615305492695,41751,43681,1998,0,41683,43630,1481093,68,0,0,68,51
2020-08-08,US,New York,Sullivan,1488,48,0,41.71579493,-74.76394559,36105.0,1972.637607381483,3.2258064516129035,1440,1488,48,0,1440,1485,75498,0,0,0,0,3
2020-08-08,US,New York,Tioga,193,25,0,42.16852837,-76.30835812,36107.0,400.3900172188453,12.953367875647668,168,193,25,0,168,193,48560,0,0,0,0,0
2020-08-08,US,New York,Tompkins,234,0,0,42.44945765,-76.47229843,36109.0,229.00763358778636,0.0,234,233,0,0,233,232,102793,1,0,0,1,1
2020-08-08,US,New York,Ulster,2057,91,0,41.89027881,-74.26252104,36111.0,1158.3968283466518,4.423918327661644,1966,2049,91,0,1958,2045,178599,8,0,0,8,4
2020-08-08,US,New York,Warren,308,33,0,43.56173026,-73.8433699,36113.0,481.6714625297135,10.714285714285714,275,307,33,0,274,304,64265,1,0,0,1,3
2020-08-08,US,New York,Washington,257,14,0,43.31153794,-73.43043448,36115.0,419.90719560813017,5.447470817120624,243,256,14,0,242,256,61197,1,0,0,1,0
2020-08-08,US,New York,Wayne,249,3,0,43.15494365,-77.02976528,36117.0,276.9189706176739,1.2048192771084338,246,249,3,0,246,249,90064,0,0,0,0,0
2020-08-08,US,New York,Westchester,36180,1447,0,41.16278376,-73.75741653,36119.0,3739.511692950741,3.9994472084024317,34733,36136,1447,0,34689,36107,967612,44,0,0,44,29
2020-08-08,US,New York,Wyoming,116,5,0,42.70145109,-78.22199579,36121.0,291.02586617827836,4.310344827586206,111,116,5,0,111,115,40085,0,0,0,0,1
2020-08-08,US,New York,Yates,56,7,0,42.63505484,-77.10369919,36123.0,224.78224220286597,12.5,49,56,7,0,49,56,24841,0,0,0,0,0
2020-08-08,US,North Carolina,Alamance,2396,41,0,36.0434701,-79.39976137,37001.0,1413.4942687408927,1.7111853088480802,2355,2365,41,0,2324,2343,166436,31,0,0,31,22
2020-08-08,US,North Carolina,Alexander,295,2,0,35.922379600000006,-81.17751948,37003.0,786.7296050350694,0.6779661016949152,293,295,2,0,293,295,37353,0,0,0,0,0
2020-08-08,US,North Carolina,Alleghany,167,0,0,36.49360862,-81.12857041,37005.0,1499.5061506689417,0.0,167,166,0,0,166,165,11161,1,0,0,1,1
2020-08-08,US,North Carolina,Anson,327,3,0,34.97403241,-80.09953279,37007.0,1337.6421500449972,0.9174311926605504,324,317,3,0,314,318,24877,10,0,0,10,-1
2020-08-08,US,North Carolina,Ashe,157,1,0,36.43296207,-81.49862729,37009.0,577.1422269602617,0.6369426751592356,156,152,1,0,151,142,27109,5,0,0,5,10
2020-08-08,US,North Carolina,Avery,99,0,0,36.07569796,-81.92308483,37011.0,563.8776556359287,0.0,99,99,0,0,99,99,17505,0,0,0,0,0
2020-08-08,US,North Carolina,Beaufort,406,2,0,35.48531943,-76.84325809,37013.0,863.9400774566966,0.4926108374384237,404,406,2,0,404,391,47079,0,0,0,0,15
2020-08-08,US,North Carolina,Bertie,269,5,0,36.0688473,-76.96545943,37015.0,1419.7498284688868,1.858736059479554,264,263,5,0,258,263,19026,6,0,0,6,0
2020-08-08,US,North Carolina,Bladen,623,7,0,34.61296243,-78.56180059,37017.0,1903.9178534319421,1.1235955056179776,616,608,7,0,601,606,33190,15,0,0,15,2
2020-08-08,US,North Carolina,Brunswick,1240,21,0,34.070565,-78.22814204,37019.0,868.22573869206,1.6935483870967742,1219,1234,20,0,1214,1231,136744,6,1,0,5,3
2020-08-08,US,North Carolina,Buncombe,1850,47,0,35.61113393,-82.53305,37021.0,708.293930495308,2.5405405405405403,1803,1815,47,0,1768,1785,259103,35,0,0,35,30
2020-08-08,US,North Carolina,Burke,1643,28,0,35.74989637,-81.70755735,37023.0,1815.7705697076865,1.704199634814364,1615,1637,28,0,1609,1637,90382,6,0,0,6,0
2020-08-08,US,North Carolina,Cabarrus,2603,50,0,35.3877799,-80.55267168,37025.0,1202.5705349429206,1.920860545524395,2553,2594,49,0,2545,2520,211342,9,1,0,8,74
2020-08-08,US,North Carolina,Caldwell,1209,14,0,35.95204977,-81.54799522,37027.0,1471.1966706417777,1.1579818031430935,1195,1197,14,0,1183,1179,82029,12,0,0,12,18
2020-08-08,US,North Carolina,Camden,69,2,0,36.33804939,-76.15568396,37029.0,634.9498481641667,2.898550724637681,67,68,2,0,66,65,10710,1,0,0,1,3
2020-08-08,US,North Carolina,Carteret,339,6,0,34.8932941,-76.54120135,37031.0,487.95935111482163,1.7699115044247788,333,332,6,0,326,332,69524,7,0,0,7,0
2020-08-08,US,North Carolina,Caswell,193,2,0,36.39312665,-79.33353281,37033.0,853.8311803220668,1.0362694300518134,191,191,2,0,189,191,22698,2,0,0,2,0
2020-08-08,US,North Carolina,Catawba,2107,29,0,35.66211129,-81.2132617,37035.0,1320.580880094766,1.3763644992880872,2078,2074,29,0,2045,2018,158652,33,0,0,33,56
2020-08-08,US,North Carolina,Chatham,1295,52,0,35.70394416,-79.25541492,37037.0,1738.9552840069828,4.015444015444015,1243,1290,52,0,1238,1274,73139,5,0,0,5,16
2020-08-08,US,North Carolina,Cherokee,269,4,0,35.1349263,-84.05970864,37039.0,940.164965748637,1.4869888475836432,265,266,4,0,262,265,28383,3,0,0,3,1
2020-08-08,US,North Carolina,Chowan,155,1,0,36.12908077,-76.60118385,37041.0,1111.6689378182598,0.6451612903225806,154,150,1,0,149,148,14029,5,0,0,5,2
2020-08-08,US,North Carolina,Clay,76,0,0,35.05704275,-83.74353633,37043.0,676.6984240049862,0.0,76,76,0,0,76,76,11139,0,0,0,0,0
2020-08-08,US,North Carolina,Cleveland,1167,20,0,35.33553364,-81.55204486,37045.0,1191.4606879230605,1.713796058269066,1147,1143,18,0,1125,1128,97645,24,2,0,22,15
2020-08-08,US,North Carolina,Columbus,896,48,0,34.26744084,-78.65801424,37047.0,1614.1817395690714,5.357142857142857,848,881,48,0,833,864,55655,15,0,0,15,17
2020-08-08,US,North Carolina,Craven,697,12,0,35.11833364,-77.08398081,37049.0,682.4033914567402,1.721664275466284,685,695,12,0,683,695,102912,2,0,0,2,0
2020-08-08,US,North Carolina,Cumberland,3042,51,0,35.04762133,-78.82623165,37051.0,906.682086024518,1.6765285996055226,2991,3021,51,0,2970,3021,332330,21,0,0,21,0
2020-08-08,US,North Carolina,Currituck,73,0,0,36.36123664,-75.95876401,37053.0,262.93988401829773,0.0,73,72,0,0,72,71,27072,1,0,0,1,1
2020-08-08,US,North Carolina,Dare,209,2,0,35.66520691,-75.71767334,37055.0,564.7274987165284,0.9569377990430622,207,206,2,0,204,205,36501,3,0,0,3,1
2020-08-08,US,North Carolina,Davidson,1758,18,0,35.79115496,-80.21256572,37057.0,1048.8696907683957,1.023890784982935,1740,1730,18,0,1712,1709,166614,28,0,0,28,21
2020-08-08,US,North Carolina,Davie,414,6,0,35.93099927,-80.54496571,37059.0,966.2512253185828,1.4492753623188406,408,407,6,0,401,403,42733,7,0,0,7,4
2020-08-08,US,North Carolina,Duplin,2006,48,0,34.93449805,-77.93140529,37061.0,3414.9912326994768,2.3928215353938187,1958,1970,48,0,1922,1966,58856,36,0,0,36,4
2020-08-08,US,North Carolina,Durham,6114,80,0,36.03638492,-78.87608331,37063.0,1901.781715025133,1.3084723585214262,6034,6080,79,0,6001,6038,316739,34,1,0,33,42
2020-08-08,US,North Carolina,Edgecombe,632,13,0,35.91230639,-77.59436892,37065.0,1227.8520360584396,2.056962025316456,619,626,12,0,614,616,52005,6,1,0,5,10
2020-08-08,US,North Carolina,Forsyth,5213,52,0,36.12859861,-80.25459052,37067.0,1363.6066388521954,0.9975062344139652,5161,5148,52,0,5096,5091,379099,65,0,0,65,57
2020-08-08,US,North Carolina,Franklin,860,26,0,36.081519,-78.28708884,37069.0,1234.1249910310685,3.0232558139534884,834,846,25,0,821,828,67560,14,1,0,13,18
2020-08-08,US,North Carolina,Gaston,3299,51,0,35.29373559,-81.17477045,37071.0,1469.2979526030044,1.5459230069718095,3248,3263,47,0,3216,3222,222846,36,4,0,32,41
2020-08-08,US,North Carolina,Gates,46,2,0,36.44667547,-76.69749701,37073.0,397.8550423802111,4.3478260869565215,44,46,2,0,44,45,11573,0,0,0,0,1
2020-08-08,US,North Carolina,Graham,35,0,0,35.3506925,-83.83369267,37075.0,414.64281483236573,0.0,35,35,0,0,35,31,8484,0,0,0,0,4
2020-08-08,US,North Carolina,Granville,1231,27,0,36.30337451,-78.65184241,37077.0,2036.6295518091424,2.1933387489845653,1204,1227,27,0,1200,1209,60115,4,0,0,4,18
2020-08-08,US,North Carolina,Greene,326,3,0,35.48544173,-77.67578087,37079.0,1547.2969766006934,0.9202453987730062,323,324,3,0,321,322,21012,2,0,0,2,2
2020-08-08,US,North Carolina,Guilford,5580,156,0,36.07959451,-79.78824948,37081.0,1038.769560701002,2.795698924731183,5424,5498,154,0,5344,5428,533670,82,2,0,80,70
2020-08-08,US,North Carolina,Halifax,698,6,0,36.25669272,-77.6556109,37083.0,1395.720855828834,0.8595988538681948,692,678,6,0,672,668,50574,20,0,0,20,10
2020-08-08,US,North Carolina,Harnett,1260,39,0,35.36731853,-78.87243571,37085.0,926.6341119021004,3.095238095238096,1221,1243,39,0,1204,1219,134214,17,0,0,17,24
2020-08-08,US,North Carolina,Haywood,421,12,0,35.55269063,-82.98196486,37087.0,675.5780926552948,2.8503562945368173,409,393,12,0,381,375,61971,28,0,0,28,18
2020-08-08,US,North Carolina,Henderson,1472,54,0,35.33788927,-82.4766782,37089.0,1253.6515155386355,3.668478260869565,1418,1459,54,0,1405,1452,116748,13,0,0,13,7
2020-08-08,US,North Carolina,Hertford,334,11,0,36.3607755,-76.98104134,37091.0,1410.6516872914642,3.2934131736526946,323,316,11,0,305,313,23659,18,0,0,18,3
2020-08-08,US,North Carolina,Hoke,713,9,0,35.01888303,-79.23651674,37093.0,1290.8715646159974,1.262272089761571,704,710,9,0,701,703,54764,3,0,0,3,7
2020-08-08,US,North Carolina,Hyde,42,0,0,35.42017674,-76.15180542,37095.0,850.7190601579907,0.0,42,38,0,0,38,38,5230,4,0,0,4,0
2020-08-08,US,North Carolina,Iredell,1805,18,0,35.80950511,-80.8743128,37097.0,992.8165187067532,0.9972299168975071,1787,1782,18,0,1764,1771,178435,23,0,0,23,11
2020-08-08,US,North Carolina,Jackson,444,5,0,35.28814273,-83.14093385,37099.0,1010.5148163321044,1.1261261261261262,439,438,5,0,433,436,43327,6,0,0,6,2
2020-08-08,US,North Carolina,Johnston,3275,46,0,35.51745004,-78.36622717,37101.0,1564.4480961502634,1.4045801526717556,3229,3207,46,0,3161,3173,202675,68,0,0,68,34
2020-08-08,US,North Carolina,Jones,82,4,0,35.02254606,-77.35870791,37103.0,870.5807410553138,4.878048780487805,78,79,4,0,75,79,9637,3,0,0,3,0
2020-08-08,US,North Carolina,Lee,1281,11,0,35.47623147,-79.17569362,37105.0,2073.5201281989025,0.8587041373926619,1270,1261,11,0,1250,1253,61452,20,0,0,20,8
2020-08-08,US,North Carolina,Lenoir,568,12,0,35.24032589999999,-77.64245615,37107.0,1015.2102807914348,2.112676056338028,556,558,12,0,546,553,55976,10,0,0,10,5
2020-08-08,US,North Carolina,Lincoln,840,9,0,35.48508185,-81.21740317,37109.0,975.4851296582318,1.0714285714285714,831,825,9,0,816,802,83770,15,0,0,15,23
2020-08-08,US,North Carolina,Macon,460,3,0,35.14867843,-83.41696617,37113.0,1282.837860449551,0.6521739130434783,457,460,3,0,457,460,35285,0,0,0,0,0
2020-08-08,US,North Carolina,Madison,45,0,0,35.85402722,-82.71346418,37115.0,206.84900022983226,0.0,45,42,0,0,42,41,21763,3,0,0,3,1
2020-08-08,US,North Carolina,Martin,258,6,0,35.84326734,-77.10860251,37117.0,1149.7326203208556,2.3255813953488373,252,258,6,0,252,257,22671,0,0,0,0,1
2020-08-08,US,North Carolina,McDowell,675,14,0,35.67736232,-82.0482425,37111.0,1475.2163650668765,2.074074074074074,661,675,13,0,662,662,45507,0,1,0,-1,13
2020-08-08,US,North Carolina,Mecklenburg,22066,226,0,35.24469268,-80.8317671,37119.0,1987.290562666388,1.0242001268920509,21840,21876,225,0,21651,21704,1093901,190,1,0,189,172
2020-08-08,US,North Carolina,Mitchell,116,2,0,36.01059309,-82.1582442,37121.0,775.1937984496125,1.7241379310344829,114,116,2,0,114,116,15000,0,0,0,0,0
2020-08-08,US,North Carolina,Montgomery,644,14,0,35.33155144,-79.90416657,37123.0,2369.999631987635,2.1739130434782608,630,644,14,0,630,644,27271,0,0,0,0,0
2020-08-08,US,North Carolina,Moore,1005,20,0,35.30885257,-79.48474178,37125.0,996.233148295004,1.9900497512437807,985,980,20,0,960,968,98682,25,0,0,25,12
2020-08-08,US,North Carolina,Nash,1158,12,0,35.96575634,-77.98422508,37127.0,1228.0218032195805,1.0362694300518134,1146,1130,12,0,1118,1109,94016,28,0,0,28,21
2020-08-08,US,North Carolina,New Hanover,2566,20,0,34.25758282,-77.87075626,37129.0,1094.3690744776584,0.7794232268121591,2546,2566,20,0,2546,2566,232274,0,0,0,0,0
2020-08-08,US,North Carolina,Northampton,349,16,0,36.41736238,-77.39769443,37131.0,1791.3052404660473,4.584527220630372,333,334,16,0,318,329,19676,15,0,0,15,5
2020-08-08,US,North Carolina,Onslow,1047,10,0,34.72607366,-77.42908179,37133.0,528.9535106952682,0.9551098376313276,1037,1026,10,0,1016,1015,197683,21,0,0,21,11
2020-08-08,US,North Carolina,Orange,1341,47,0,36.06092947,-79.12167935,37135.0,903.1762709124707,3.504847129008203,1294,1329,47,0,1282,1316,146027,12,0,0,12,13
2020-08-08,US,North Carolina,Pamlico,67,1,0,35.15253315,-76.66559823,37137.0,526.4812195505265,1.492537313432836,66,67,1,0,66,67,12670,0,0,0,0,0
2020-08-08,US,North Carolina,Pasquotank,395,20,0,36.26723798,-76.25134778,37139.0,991.8642024909602,5.063291139240507,375,388,19,0,369,371,39639,7,1,0,6,17
2020-08-08,US,North Carolina,Pender,654,3,0,34.52265624,-77.90352133,37141.0,1037.1075166508087,0.4587155963302753,651,643,3,0,640,638,62162,11,0,0,11,5
2020-08-08,US,North Carolina,Perquimans,85,2,0,36.17847453,-76.40603143,37143.0,631.360023768848,2.3529411764705883,83,80,2,0,78,76,13422,5,0,0,5,4
2020-08-08,US,North Carolina,Person,208,2,0,36.38989032,-78.97217358,37145.0,526.7156242086603,0.9615384615384616,206,207,2,0,205,203,39507,1,0,0,1,4
2020-08-08,US,North Carolina,Pitt,1962,11,0,35.59535426,-77.37353178,37147.0,1085.5252237996704,0.5606523955147809,1951,1899,11,0,1888,1875,179914,63,0,0,63,24
2020-08-08,US,North Carolina,Polk,161,5,0,35.27820615,-82.16812354,37149.0,776.8770507624008,3.1055900621118013,156,149,5,0,144,148,20611,12,0,0,12,1
2020-08-08,US,North Carolina,Randolph,2170,37,0,35.71015088,-79.80570339,37151.0,1510.4373307718542,1.705069124423963,2133,2149,37,0,2112,2125,143351,21,0,0,21,24
2020-08-08,US,North Carolina,Richmond,505,9,0,35.00417719,-79.74491009,37153.0,1126.5029333690245,1.7821782178217822,496,505,9,0,496,498,44887,0,0,0,0,7
2020-08-08,US,North Carolina,Robeson,2784,53,0,34.64244496,-79.10250529999998,37155.0,2131.291866028708,1.9037356321839083,2731,2745,53,0,2692,2726,131831,39,0,0,39,19
2020-08-08,US,North Carolina,Rockingham,543,8,0,36.39593137,-79.77504841,37157.0,596.6377321173497,1.4732965009208103,535,541,8,0,533,509,90690,2,0,0,2,32
2020-08-08,US,North Carolina,Rowan,2173,48,0,35.64003916,-80.52446628,37159.0,1529.3339339001182,2.2089277496548547,2125,2151,48,0,2103,2123,141262,22,0,0,22,28
2020-08-08,US,North Carolina,Rutherford,712,14,0,35.40114178,-81.92112099,37161.0,1062.2267973563685,1.9662921348314608,698,707,14,0,693,696,66826,5,0,0,5,11
2020-08-08,US,North Carolina,Sampson,1500,14,0,34.98820368,-78.36914061,37163.0,2361.052084808991,0.9333333333333332,1486,1455,14,0,1441,1453,63626,45,0,0,45,2
2020-08-08,US,North Carolina,Scotland,339,2,0,34.8386299,-79.4757978,37165.0,973.494529477644,0.5899705014749262,337,331,2,0,329,320,34810,8,0,0,8,11
2020-08-08,US,North Carolina,Stanly,1049,26,0,35.31647813,-80.25093221,37167.0,1670.2225901983884,2.478551000953289,1023,1026,24,0,1002,1000,62075,23,2,0,21,26
2020-08-08,US,North Carolina,Stokes,291,3,0,36.4017975,-80.23893369,37169.0,638.2838718168059,1.0309278350515465,288,291,3,0,288,282,45467,0,0,0,0,9
2020-08-08,US,North Carolina,Surry,928,9,0,36.41689489,-80.69102283,37171.0,1292.785199838402,0.9698275862068966,919,916,9,0,907,897,71948,12,0,0,12,19
2020-08-08,US,North Carolina,Swain,119,2,0,35.48665845,-83.48748932,37173.0,833.8588746408801,1.680672268907563,117,117,2,0,115,107,14245,2,0,0,2,10
2020-08-08,US,North Carolina,Transylvania,135,1,0,35.20383864,-82.79638423,37175.0,392.61305801948527,0.7407407407407407,134,132,1,0,131,132,34215,3,0,0,3,0
2020-08-08,US,North Carolina,Tyrrell,98,1,0,35.87147226,-76.17055253,37177.0,2440.2390438247007,1.020408163265306,97,95,1,0,94,94,4131,3,0,0,3,1
2020-08-08,US,North Carolina,Union,3072,42,0,34.98960527,-80.52955873,37179.0,1280.75244205971,1.3671875,3030,3016,42,0,2974,2975,235908,56,0,0,56,41
2020-08-08,US,North Carolina,Vance,765,40,0,36.36880673,-78.40670845,37181.0,1717.7500842034353,5.2287581699346415,725,759,40,0,719,751,44582,6,0,0,6,8
2020-08-08,US,North Carolina,Wake,11906,168,0,35.78879266,-78.65249174,37183.0,1070.9136226221285,1.4110532504619517,11738,11774,164,0,11610,11576,1092305,132,4,0,128,198
2020-08-08,US,North Carolina,Warren,256,7,0,36.39728256,-78.10652228,37185.0,1297.4507120774415,2.734375,249,256,7,0,249,254,19807,0,0,0,0,2
2020-08-08,US,North Carolina,Washington,132,4,0,35.83810081,-76.57299037,37187.0,1139.896373056995,3.0303030303030303,128,132,4,0,128,131,11859,0,0,0,0,1
2020-08-08,US,North Carolina,Watauga,287,0,0,36.23103603,-81.70033724,37189.0,510.8852377307439,0.0,287,283,0,0,283,283,55945,4,0,0,4,0
2020-08-08,US,North Carolina,Wayne,2401,42,0,35.36438125,-78.00027268,37191.0,1949.9557381975294,1.749271137026239,2359,2401,40,0,2361,2372,123248,0,2,0,-2,29
2020-08-08,US,North Carolina,Wilkes,792,11,0,36.2084135,-81.16232895,37193.0,1157.6916330468339,1.3888888888888888,781,780,11,0,769,762,68557,12,0,0,12,18
2020-08-08,US,North Carolina,Wilson,1476,35,0,35.70625477,-77.917978,37195.0,1804.3789195731104,2.3712737127371275,1441,1476,35,0,1441,1476,81455,0,0,0,0,0
2020-08-08,US,North Carolina,Yadkin,532,6,0,36.16222629,-80.66239436,37197.0,1412.3768816205163,1.1278195488721805,526,529,6,0,523,524,37543,3,0,0,3,5
2020-08-08,US,North Carolina,Yancey,101,0,0,35.90079156,-82.31237181,37199.0,558.9683989152693,0.0,101,101,0,0,101,101,17903,0,0,0,0,0
2020-08-08,US,North Dakota,Adams,2,0,0,46.09686891,-102.5285397,38001.0,90.25270758122744,0.0,2,2,0,0,2,2,2294,0,0,0,0,0
2020-08-08,US,North Dakota,Barnes,37,0,0,46.93579637,-98.06605978,38003.0,355.2568410945751,0.0,37,37,0,0,37,37,10542,0,0,0,0,0
2020-08-08,US,North Dakota,Benson,134,2,0,48.0683985,-99.35916363,38005.0,1961.35831381733,1.492537313432836,132,132,2,0,130,131,6962,2,0,0,2,1
2020-08-08,US,North Dakota,Billings,2,0,0,47.02366884,-103.3762965,38007.0,215.5172413793104,0.0,2,2,0,0,2,2,919,0,0,0,0,0
2020-08-08,US,North Dakota,Bottineau,18,0,0,48.79106111,-100.8378166,38009.0,286.5329512893983,0.0,18,18,0,0,18,18,6411,0,0,0,0,0
2020-08-08,US,North Dakota,Bowman,6,0,0,46.11285362,-103.5203343,38011.0,198.4126984126984,0.0,6,6,0,0,6,6,3076,0,0,0,0,0
2020-08-08,US,North Dakota,Burke,23,0,0,48.79094471,-102.5182117,38013.0,1087.4704491725768,0.0,23,23,0,0,23,23,2100,0,0,0,0,0
2020-08-08,US,North Dakota,Burleigh,1142,6,0,46.97847375,-100.4645214,38015.0,1194.2358772718715,0.5253940455341506,1136,1108,5,0,1103,1082,95273,34,1,0,33,26
2020-08-08,US,North Dakota,Cass,3028,76,0,46.93201724,-97.2444719,38017.0,1664.4404500805285,2.509907529722589,2952,3006,76,0,2930,2977,181516,22,0,0,22,29
2020-08-08,US,North Dakota,Cavalier,31,0,0,48.77286211,-98.46685243,38019.0,824.0297713981925,0.0,31,31,0,0,31,31,3829,0,0,0,0,0
2020-08-08,US,North Dakota,Dickey,12,0,0,46.11017712,-98.5049008,38021.0,246.30541871921181,0.0,12,12,0,0,12,12,4903,0,0,0,0,0
2020-08-08,US,North Dakota,Divide,2,0,0,48.814938700000006,-103.4873611,38023.0,88.33922261484098,0.0,2,2,0,0,2,1,2283,0,0,0,0,1
2020-08-08,US,North Dakota,Dunn,30,0,0,47.35423935,-102.6160468,38025.0,678.1193490054251,0.0,30,30,0,0,30,30,4332,0,0,0,0,0
2020-08-08,US,North Dakota,Eddy,18,0,0,47.71701474,-98.90432337,38027.0,787.0572802798426,0.0,18,15,0,0,15,17,2313,3,0,0,3,-2
2020-08-08,US,North Dakota,Emmons,17,1,0,46.28398398,-100.2389766,38029.0,524.5294662141314,5.882352941176472,16,17,1,0,16,17,3295,0,0,0,0,0
2020-08-08,US,North Dakota,Foster,25,0,0,47.4571084,-98.88279923,38031.0,778.816199376947,0.0,25,27,0,0,27,23,3216,-2,0,0,-2,4
2020-08-08,US,North Dakota,Golden Valley,4,0,0,46.94022281,-103.8465421,38033.0,227.14366837024414,0.0,4,4,0,0,4,4,1769,0,0,0,0,0
2020-08-08,US,North Dakota,Grand Forks,672,6,0,47.92093639,-97.45450447,38035.0,967.5886596305307,0.8928571428571429,666,662,6,0,656,657,70770,10,0,0,10,5
2020-08-08,US,North Dakota,Grant,4,0,0,46.35821257,-101.6390013,38037.0,175.9014951627089,0.0,4,4,0,0,4,4,2374,0,0,0,0,0
2020-08-08,US,North Dakota,Griggs,34,1,0,47.45785838,-98.23850925,38039.0,1523.9802779022864,2.9411764705882355,33,32,1,0,31,31,2232,2,0,0,2,1
2020-08-08,US,North Dakota,Hettinger,6,0,0,46.43375068,-102.4632417,38041.0,240.09603841536614,0.0,6,6,0,0,6,6,2514,0,0,0,0,0
2020-08-08,US,North Dakota,Kidder,13,0,0,46.97830064,-99.77507857,38043.0,524.1935483870968,0.0,13,13,0,0,13,13,2450,0,0,0,0,0
2020-08-08,US,North Dakota,LaMoure,16,0,0,46.45681054,-98.53542355,38045.0,395.45229856648535,0.0,16,16,0,0,16,16,4062,0,0,0,0,0
2020-08-08,US,North Dakota,Logan,7,0,0,46.45729487,-99.47719806,38047.0,378.3783783783784,0.0,7,7,0,0,7,7,1903,0,0,0,0,0
2020-08-08,US,North Dakota,McHenry,16,1,0,48.23104458,-100.6324822,38049.0,278.50304612706697,6.25,15,16,1,0,15,16,5816,0,0,0,0,0
2020-08-08,US,North Dakota,McIntosh,30,2,0,46.11182017,-99.44145858,38051.0,1201.4417300760913,6.666666666666668,28,27,2,0,25,27,2585,3,0,0,3,0
2020-08-08,US,North Dakota,McKenzie,89,1,0,47.74133370000001,-103.395905,38053.0,592.3855165069223,1.1235955056179776,88,86,1,0,85,85,13632,3,0,0,3,1
2020-08-08,US,North Dakota,McLean,59,0,0,47.60766714,-101.3182418,38055.0,624.3386243386243,0.0,59,51,0,0,51,46,9541,8,0,0,8,5
2020-08-08,US,North Dakota,Mercer,28,0,0,47.31213126,-101.8318399,38057.0,342.0056186637352,0.0,28,26,0,0,26,24,8267,2,0,0,2,2
2020-08-08,US,North Dakota,Morton,357,3,0,46.71681782,-101.2822377,38059.0,1138.2476724907538,0.8403361344537815,354,333,3,0,330,314,31095,24,0,0,24,19
2020-08-08,US,North Dakota,Mountrail,129,1,0,48.20197971,-102.3555315,38061.0,1223.3285917496444,0.7751937984496124,128,123,1,0,122,123,10218,6,0,0,6,0
2020-08-08,US,North Dakota,Nelson,25,0,0,47.9226426,-98.19038437,38063.0,868.357068426537,0.0,25,24,0,0,24,22,2869,1,0,0,1,2
2020-08-08,US,North Dakota,Oliver,7,0,0,47.11530482,-101.3406158,38065.0,357.32516590096986,0.0,7,7,0,0,7,7,1952,0,0,0,0,0
2020-08-08,US,North Dakota,Pembina,27,0,0,48.76623521,-97.5523809,38067.0,397.00044111160116,0.0,27,27,0,0,27,28,6947,0,0,0,0,-1
2020-08-08,US,North Dakota,Pierce,11,0,0,48.24977025,-99.96407787,38069.0,276.7295597484277,0.0,11,11,0,0,11,11,4081,0,0,0,0,0
2020-08-08,US,North Dakota,Ramsey,69,2,0,48.26886249,-98.72223879,38071.0,599.0103307578783,2.898550724637681,67,66,2,0,64,65,11481,3,0,0,3,1
2020-08-08,US,North Dakota,Ransom,28,0,0,46.45621782,-97.65742504,38073.0,536.6040628593331,0.0,28,27,0,0,27,26,5237,1,0,0,1,1
2020-08-08,US,North Dakota,Renville,9,0,0,48.71982533,-101.6603912,38075.0,386.7640739149119,0.0,9,9,0,0,9,8,2374,0,0,0,0,1
2020-08-08,US,North Dakota,Richland,105,1,0,46.26440649,-96.94852979,38077.0,649.0696668109042,0.9523809523809524,104,104,0,0,104,101,16239,1,1,0,0,3
2020-08-08,US,North Dakota,Rolette,61,0,0,48.77245354,-99.84097493,38079.0,430.30474040632055,0.0,61,52,0,0,52,48,14301,9,0,0,9,4
2020-08-08,US,North Dakota,Sargent,11,0,0,46.10830372,-97.63217159,38081.0,282.1959979476655,0.0,11,11,0,0,11,10,3870,0,0,0,0,1
2020-08-08,US,North Dakota,Sheridan,8,0,0,47.57700669,-100.3426391,38083.0,608.3650190114067,0.0,8,8,0,0,8,6,1349,0,0,0,0,2
2020-08-08,US,North Dakota,Sioux,79,1,0,46.11323337,-101.0440149,38085.0,1867.612293144208,1.2658227848101269,78,63,1,0,62,60,4358,16,0,0,16,3
2020-08-08,US,North Dakota,Slope,3,0,0,46.44737738,-103.4601547,38087.0,400.0,0.0,3,3,0,0,3,3,763,0,0,0,0,0
2020-08-08,US,North Dakota,Stark,259,3,0,46.80851182,-102.6576326,38089.0,822.5094477436568,1.1583011583011582,256,248,3,0,245,229,30997,11,0,0,11,19
2020-08-08,US,North Dakota,Steele,14,0,0,47.45611548,-97.72728747,38091.0,740.7407407407408,0.0,14,14,0,0,14,13,1903,0,0,0,0,1
2020-08-08,US,North Dakota,Stutsman,127,2,0,46.97962541,-98.95637318,38093.0,613.4080370942812,1.5748031496062993,125,126,2,0,124,125,20917,1,0,0,1,1
2020-08-08,US,North Dakota,Towner,5,0,0,48.68565745,-99.24564265,38095.0,228.41480127912288,0.0,5,5,0,0,5,5,2192,0,0,0,0,0
2020-08-08,US,North Dakota,Traill,54,0,0,47.45367788,-97.16323288,38097.0,671.9761075161772,0.0,54,52,0,0,52,50,8037,2,0,0,2,2
2020-08-08,US,North Dakota,Walsh,104,0,0,48.36876964,-97.72574783,38099.0,977.3517526548256,0.0,104,103,0,0,103,103,10667,1,0,0,1,0
2020-08-08,US,North Dakota,Ward,221,1,0,48.22390169,-101.5436763,38101.0,326.72491536198464,0.4524886877828054,220,209,1,0,208,204,67744,12,0,0,12,5
2020-08-08,US,North Dakota,Wells,21,0,0,47.58614526,-99.65904998,38103.0,547.7308294209703,0.0,21,21,0,0,21,21,3957,0,0,0,0,0
2020-08-08,US,North Dakota,Williams,269,2,0,48.34522353,-103.4793387,38105.0,715.6348931868367,0.7434944237918215,267,263,2,0,261,250,35350,6,0,0,6,13
2020-08-08,US,Ohio,Adams,59,2,0,38.84541072,-83.4718964,39001.0,213.01176980287383,3.3898305084745757,57,59,2,0,57,59,27724,0,0,0,0,0
2020-08-08,US,Ohio,Allen,732,44,0,40.77285242,-84.10802343,39003.0,715.1859776650937,6.0109289617486334,688,718,44,0,674,699,102663,14,0,0,14,19
2020-08-08,US,Ohio,Ashland,143,3,0,40.84772277,-82.27280781,39005.0,267.36968065215757,2.097902097902098,140,140,3,0,137,137,53745,3,0,0,3,3
2020-08-08,US,Ohio,Ashtabula,562,46,0,41.70860332,-80.74830218,39007.0,577.9455168087535,8.185053380782918,516,559,46,0,513,550,97493,3,0,0,3,9
2020-08-08,US,Ohio,Athens,356,1,0,39.33425634,-82.04278644,39009.0,544.950786045586,0.2808988764044944,355,356,1,0,355,353,65818,0,0,0,0,3
2020-08-08,US,Ohio,Auglaize,250,6,0,40.55998859,-84.22421429999999,39011.0,547.5731557736113,2.4,244,244,6,0,238,239,45804,6,0,0,6,5
2020-08-08,US,Ohio,Belmont,621,26,0,40.01625942,-80.9924051,39013.0,926.7826761782527,4.186795491143316,595,614,26,0,588,592,67505,7,0,0,7,22
2020-08-08,US,Ohio,Brown,127,2,0,38.93416837,-83.86788395,39015.0,292.41112543746544,1.5748031496062993,125,126,2,0,124,123,43602,1,0,0,1,3
2020-08-08,US,Ohio,Butler,2891,63,0,39.44012838,-84.57388716,39017.0,754.5662875129849,2.179176755447942,2828,2861,63,0,2798,2822,382378,30,0,0,30,39
2020-08-08,US,Ohio,Carroll,111,5,0,40.5789686,-81.09178213,39019.0,412.42476034777434,4.504504504504505,106,110,5,0,105,110,27081,1,0,0,1,0
2020-08-08,US,Ohio,Champaign,173,2,0,40.13923427,-83.76875242,39021.0,444.9016330204449,1.1560693641618498,171,159,2,0,157,157,38754,14,0,0,14,2
2020-08-08,US,Ohio,Clark,1142,14,0,39.91592258,-83.78498252,39023.0,851.7112534773238,1.2259194395796849,1128,1133,14,0,1119,1115,134585,9,0,0,9,18
2020-08-08,US,Ohio,Clermont,921,11,0,39.04847534,-84.15375786,39025.0,446.1604045962757,1.1943539630836049,910,902,11,0,891,892,205466,19,0,0,19,10
2020-08-08,US,Ohio,Clinton,162,6,0,39.41485808,-83.80852286,39027.0,386.00838734273736,3.703703703703704,156,158,6,0,152,158,42057,4,0,0,4,0
2020-08-08,US,Ohio,Columbiana,1656,60,0,40.76932373,-80.78094576,39029.0,1625.3938341038254,3.6231884057971016,1596,1634,60,0,1574,1618,102665,22,0,0,22,16
2020-08-08,US,Ohio,Coshocton,192,6,0,40.30096166,-81.91729018,39031.0,524.5901639344262,3.125,186,190,6,0,184,188,36629,2,0,0,2,2
2020-08-08,US,Ohio,Crawford,174,5,0,40.85065156,-82.91989099,39033.0,419.3377355762279,2.8735632183908044,169,172,5,0,167,171,41550,2,0,0,2,1
2020-08-08,US,Ohio,Cuyahoga,13414,499,0,41.424119,-81.65918339,39035.0,1086.0905275158048,3.7199940360817063,12915,13269,498,0,12771,13141,1243857,145,1,0,144,128
2020-08-08,US,Ohio,Darke,393,29,0,40.13412966,-84.6194517,39037.0,768.8846281767849,7.3791348600508915,364,385,27,0,358,360,51323,8,2,0,6,25
2020-08-08,US,Ohio,Defiance,142,4,0,41.32398837,-84.49076944,39039.0,372.8306246225746,2.8169014084507036,138,139,4,0,135,133,38165,3,0,0,3,6
2020-08-08,US,Ohio,Delaware,1292,19,0,40.27942393,-83.00457058,39041.0,617.6587292101904,1.4705882352941178,1273,1273,19,0,1254,1263,204826,19,0,0,19,10
2020-08-08,US,Ohio,Erie,570,27,0,41.36796058,-82.62904521,39043.0,767.5113780195512,4.7368421052631575,543,564,27,0,537,556,74615,6,0,0,6,8
2020-08-08,US,Ohio,Fairfield,1367,32,0,39.75107189,-82.63088163,39045.0,867.5289070531941,2.3408924652523773,1335,1332,31,0,1301,1309,155782,35,1,0,34,23
2020-08-08,US,Ohio,Fayette,112,0,0,39.56021306,-83.4562016,39047.0,392.63803680981596,0.0,112,110,0,0,110,109,28666,2,0,0,2,1
2020-08-08,US,Ohio,Franklin,18182,523,0,39.96995815,-83.01115755,39049.0,1380.81770654548,2.876471235287647,17659,18006,522,0,17484,17834,1310300,176,1,0,175,172
2020-08-08,US,Ohio,Fulton,147,1,0,41.60213491,-84.12571393,39051.0,348.95314057826516,0.6802721088435374,146,147,1,0,146,144,42276,0,0,0,0,3
2020-08-08,US,Ohio,Gallia,65,1,0,38.82708533,-82.31647569,39053.0,217.4058465449194,1.5384615384615383,64,62,1,0,61,62,29979,3,0,0,3,0
2020-08-08,US,Ohio,Geauga,554,44,0,41.49952319,-81.17935342,39055.0,591.5706521158795,7.9422382671480145,510,552,44,0,508,548,94031,2,0,0,2,4
2020-08-08,US,Ohio,Greene,684,12,0,39.69116283,-83.89032084,39057.0,404.88466114587095,1.7543859649122806,672,662,12,0,650,656,167995,22,0,0,22,6
2020-08-08,US,Ohio,Guernsey,116,7,0,40.05026529,-81.49248905,39059.0,298.39228295819936,6.0344827586206895,109,116,7,0,109,114,39022,0,0,0,0,2
2020-08-08,US,Ohio,Hamilton,9583,255,0,39.19673558,-84.54502924,39061.0,1172.2711331138764,2.66096212042158,9328,9493,253,0,9240,9374,816684,90,2,0,88,119
2020-08-08,US,Ohio,Hancock,372,3,0,41.00250487,-83.66838948,39063.0,490.87526226198486,0.8064516129032258,369,355,3,0,352,353,75930,17,0,0,17,2
2020-08-08,US,Ohio,Hardin,164,12,0,40.66015414,-83.65929931,39065.0,522.875816993464,7.317073170731707,152,161,12,0,149,159,31480,3,0,0,3,2
2020-08-08,US,Ohio,Harrison,26,1,0,40.29380509,-81.09068544,39067.0,172.87234042553192,3.8461538461538463,25,24,1,0,23,22,15174,2,0,0,2,2
2020-08-08,US,Ohio,Henry,116,2,0,41.3339642,-84.06830637,39069.0,429.5341775901651,1.7241379310344829,114,115,2,0,113,113,27086,1,0,0,1,2
2020-08-08,US,Ohio,Highland,156,1,0,39.1839264,-83.60331456,39071.0,361.4374087718078,0.6410256410256411,155,148,1,0,147,146,43058,8,0,0,8,2
2020-08-08,US,Ohio,Hocking,116,9,0,39.49537927,-82.47991446,39073.0,410.41607698839516,7.758620689655173,107,115,9,0,106,114,28385,1,0,0,1,1
2020-08-08,US,Ohio,Holmes,327,6,0,40.56163713,-81.92635677,39075.0,743.8580527752503,1.834862385321101,321,327,6,0,321,326,43892,0,0,0,0,1
2020-08-08,US,Ohio,Huron,395,5,0,41.14651175,-82.59867951,39077.0,677.9253767205574,1.2658227848101269,390,393,5,0,388,388,58504,2,0,0,2,5
2020-08-08,US,Ohio,Jackson,74,0,0,39.01914254,-82.61818559999998,39079.0,228.3034584888779,0.0,74,73,0,0,73,73,32384,1,0,0,1,0
2020-08-08,US,Ohio,Jefferson,224,2,0,40.38614126,-80.76259514,39081.0,342.9008802143132,0.8928571428571429,222,219,2,0,217,219,65767,5,0,0,5,0
2020-08-08,US,Ohio,Knox,203,7,0,40.39830217,-82.42027563,39083.0,325.7276724110266,3.4482758620689653,196,199,7,0,192,191,61893,4,0,0,4,8
2020-08-08,US,Ohio,Lake,1111,38,0,41.69710807,-81.23676539,39085.0,482.73075268630316,3.4203420342034203,1073,1087,38,0,1049,1073,230514,24,0,0,24,14
2020-08-08,US,Ohio,Lawrence,279,0,0,38.59743452,-82.53466552,39087.0,469.19933403965484,0.0,279,267,0,0,267,242,59866,12,0,0,12,25
2020-08-08,US,Ohio,Licking,1260,49,0,40.09136236,-82.48185785,39089.0,712.4198527665637,3.888888888888889,1211,1224,49,0,1175,1202,175769,36,0,0,36,22
2020-08-08,US,Ohio,Logan,152,2,0,40.38996525,-83.76784341,39091.0,332.8078472587144,1.3157894736842106,150,145,2,0,143,140,45358,7,0,0,7,5
2020-08-08,US,Ohio,Lorain,1736,78,0,41.29553751,-82.15083537,39093.0,560.3018400234964,4.493087557603687,1658,1713,78,0,1635,1689,309461,23,0,0,23,24
2020-08-08,US,Ohio,Lucas,5288,323,0,41.62101218,-83.65468618,39095.0,1234.5102580145115,6.108169440242058,4965,5207,321,0,4886,5155,429899,81,2,0,79,52
2020-08-08,US,Ohio,Madison,355,10,0,39.89381073,-83.40178317,39097.0,793.6330509042946,2.8169014084507036,345,353,10,0,343,349,44413,2,0,0,2,4
2020-08-08,US,Ohio,Mahoning,2532,255,0,41.01631101,-80.77287029,39099.0,1107.2095433416564,10.071090047393367,2277,2502,255,0,2247,2477,229642,30,0,0,30,25
2020-08-08,US,Ohio,Marion,2922,45,0,40.58610662,-83.15736305,39101.0,4488.961946753107,1.5400410677618068,2877,2919,45,0,2874,2910,65256,3,0,0,3,9
2020-08-08,US,Ohio,Medina,914,35,0,41.11770589,-81.89986209999998,39103.0,508.49532117543646,3.8293216630196936,879,896,35,0,861,887,179146,18,0,0,18,9
2020-08-08,US,Ohio,Meigs,38,0,0,39.09224872,-82.0305041,39105.0,165.8881564587244,0.0,38,36,0,0,36,33,23106,2,0,0,2,3
2020-08-08,US,Ohio,Mercer,605,13,0,40.54043046,-84.62912742,39107.0,1469.4452540561547,2.1487603305785123,592,591,13,0,578,573,40959,14,0,0,14,18
2020-08-08,US,Ohio,Miami,832,38,0,40.0543329,-84.22871271,39109.0,777.6645760699897,4.5673076923076925,794,819,38,0,781,811,106222,13,0,0,13,8
2020-08-08,US,Ohio,Monroe,91,18,0,39.72984936,-81.08464734,39111.0,666.4713637029442,19.78021978021978,73,91,18,0,73,91,13790,0,0,0,0,0
2020-08-08,US,Ohio,Montgomery,4318,94,0,39.75394919,-84.29050975,39113.0,812.1319498125778,2.1769337656322367,4224,4229,91,0,4138,4174,532331,89,3,0,86,55
2020-08-08,US,Ohio,Morgan,25,0,0,39.62081738,-81.85308173,39115.0,172.31872070581744,0.0,25,25,0,0,25,23,14604,0,0,0,0,2
2020-08-08,US,Ohio,Morrow,168,2,0,40.52363560000001,-82.7892599,39117.0,475.5434782608696,1.1904761904761905,166,168,2,0,166,165,35112,0,0,0,0,3
2020-08-08,US,Ohio,Muskingum,225,1,0,39.96575964,-81.94363275,39119.0,260.97546830597923,0.4444444444444444,224,221,1,0,220,215,86183,4,0,0,4,6
2020-08-08,US,Ohio,Noble,17,0,0,39.76818851,-81.45937183,39121.0,117.859123682751,0.0,17,16,0,0,16,17,14354,1,0,0,1,-1
2020-08-08,US,Ohio,Ottawa,377,26,0,41.53781826,-83.0940185,39123.0,930.2899444787167,6.896551724137932,351,371,26,0,345,368,40769,6,0,0,6,3
2020-08-08,US,Ohio,Paulding,67,0,0,41.11676341,-84.5801017,39125.0,358.82604970008566,0.0,67,65,0,0,65,64,18760,2,0,0,2,1
2020-08-08,US,Ohio,Perry,123,3,0,39.73508655,-82.23804971,39127.0,340.3996236231804,2.4390243902439024,120,121,3,0,118,116,36033,2,0,0,2,5
2020-08-08,US,Ohio,Pickaway,2383,42,0,39.64170392,-83.0243386,39129.0,4076.500675710351,1.7624842635333613,2341,2380,42,0,2338,2378,58086,3,0,0,3,2
2020-08-08,US,Ohio,Pike,76,0,0,39.07634001,-83.06769584,39131.0,273.65692063949297,0.0,76,76,0,0,76,75,28067,0,0,0,0,1
2020-08-08,US,Ohio,Portage,754,61,0,41.16793482,-81.19735782,39133.0,464.09710339394087,8.090185676392572,693,746,61,0,685,743,162927,8,0,0,8,3
2020-08-08,US,Ohio,Preble,201,2,0,39.7420247,-84.64787018,39135.0,491.6589207964385,0.9950248756218906,199,180,2,0,178,176,40997,21,0,0,21,4
2020-08-08,US,Ohio,Putnam,205,17,0,41.02094889,-84.1336111,39137.0,605.4162605947846,8.292682926829269,188,202,17,0,185,199,33780,3,0,0,3,3
2020-08-08,US,Ohio,Richland,600,12,0,40.77180308,-82.53799609999999,39139.0,495.2374663651222,2.0,588,596,11,0,585,589,121099,4,1,0,3,7
2020-08-08,US,Ohio,Ross,468,4,0,39.33705391,-83.06000914,39141.0,610.4400907833981,0.8547008547008547,464,450,4,0,446,444,76931,18,0,0,18,6
2020-08-08,US,Ohio,Sandusky,373,16,0,41.35624126,-83.137872,39143.0,637.4107112341502,4.289544235924933,357,368,16,0,352,363,58799,5,0,0,5,5
2020-08-08,US,Ohio,Scioto,224,1,0,38.80270163,-82.98907345,39145.0,297.4214621451523,0.44642857142857145,223,222,1,0,221,211,75502,2,0,0,2,11
2020-08-08,US,Ohio,Seneca,204,3,0,41.12351311,-83.12783209,39147.0,369.7125666026315,1.4705882352941178,201,196,3,0,193,190,55207,8,0,0,8,6
2020-08-08,US,Ohio,Shelby,190,4,0,40.33163494,-84.20258189,39149.0,391.02696027989305,2.1052631578947367,186,186,4,0,182,177,48627,4,0,0,4,9
2020-08-08,US,Ohio,Stark,1813,139,0,40.81482476,-81.36437305,39151.0,489.19877174141817,7.666850523993381,1674,1783,139,0,1644,1766,371574,30,0,0,30,17
2020-08-08,US,Ohio,Summit,3523,222,0,41.12464734,-81.53123079,39153.0,651.1858310243931,6.301447629860914,3301,3486,220,0,3266,3433,541918,37,2,0,35,53
2020-08-08,US,Ohio,Trumbull,1518,106,0,41.31735028,-80.76109643,39155.0,766.7673532888158,6.982872200263505,1412,1500,106,0,1394,1481,198627,18,0,0,18,19
2020-08-08,US,Ohio,Tuscarawas,781,14,0,40.44214695,-81.47226262,39157.0,849.0330155348038,1.792573623559539,767,772,14,0,758,762,92176,9,0,0,9,10
2020-08-08,US,Ohio,Union,246,1,0,40.30016061,-83.37239023,39159.0,417.03397301146003,0.4065040650406504,245,237,1,0,236,233,57835,9,0,0,9,4
2020-08-08,US,Ohio,Van Wert,71,1,0,40.8554138,-84.59111700000003,39161.0,251.105216622458,1.4084507042253518,70,71,1,0,70,70,28281,0,0,0,0,1
2020-08-08,US,Ohio,Vinton,31,2,0,39.25208988,-82.4831444,39163.0,236.9124952235384,6.451612903225807,29,30,2,0,28,30,13139,1,0,0,1,0
2020-08-08,US,Ohio,Warren,1767,39,0,39.42581994,-84.16557457,39165.0,753.1905098848262,2.2071307300509337,1728,1742,38,0,1704,1711,232173,25,1,0,24,31
2020-08-08,US,Ohio,Washington,202,22,0,39.45690571,-81.49121382,39167.0,337.1667974161673,10.891089108910892,180,200,22,0,178,198,60155,2,0,0,2,2
2020-08-08,US,Ohio,Wayne,529,58,0,40.82925852,-81.88844833,39169.0,457.17742632443185,10.964083175803404,471,525,58,0,467,519,115967,4,0,0,4,6
2020-08-08,US,Ohio,Williams,134,3,0,41.56052014,-84.58429552,39171.0,365.20222391802025,2.238805970149253,131,132,3,0,129,130,36804,2,0,0,2,2
2020-08-08,US,Ohio,Wood,1030,58,0,41.36224827,-83.62285108,39173.0,787.3594410512395,5.631067961165049,972,1013,58,0,955,993,130696,17,0,0,17,20
2020-08-08,US,Ohio,Wyandot,145,8,0,40.84339621,-83.30734173,39175.0,665.9930185559434,5.517241379310344,137,142,8,0,134,136,21935,3,0,0,3,6
2020-08-08,US,Oklahoma,Adair,339,6,0,35.88494195,-94.65859267,40001.0,1527.4398486077316,1.7699115044247788,333,328,6,0,322,325,22082,11,0,0,11,3
2020-08-08,US,Oklahoma,Alfalfa,3,0,0,36.73090616,-98.32408495,40003.0,52.6131182041389,0.0,3,3,0,0,3,3,5754,0,0,0,0,0
2020-08-08,US,Oklahoma,Atoka,70,0,0,34.37366573,-96.03802487,40005.0,508.794882977177,0.0,70,68,0,0,68,67,13838,2,0,0,2,1
2020-08-08,US,Oklahoma,Beaver,36,0,0,36.7496847,-100.4758872,40007.0,677.8384485031067,0.0,36,36,0,0,36,36,5319,0,0,0,0,0
2020-08-08,US,Oklahoma,Beckham,53,1,0,35.26862449,-99.68128023,40009.0,242.46305869435932,1.8867924528301887,52,52,1,0,51,52,21709,1,0,0,1,0
2020-08-08,US,Oklahoma,Blaine,41,0,0,35.87518314,-98.43307003,40011.0,434.8287199066708,0.0,41,41,0,0,41,40,9485,0,0,0,0,1
2020-08-08,US,Oklahoma,Bryan,453,1,0,33.96472458,-96.25903472,40013.0,943.8483175330763,0.22075055187637968,452,431,1,0,430,410,47192,22,0,0,22,21
2020-08-08,US,Oklahoma,Caddo,413,16,0,35.17364557,-98.37534464,40015.0,1435.922397607955,3.87409200968523,397,404,16,0,388,392,28977,9,0,0,9,12
2020-08-08,US,Oklahoma,Canadian,1194,7,0,35.5426055,-97.98465569,40017.0,805.0921742882957,0.5862646566164154,1187,1174,7,0,1167,1152,144447,20,0,0,20,22
2020-08-08,US,Oklahoma,Carter,337,4,0,34.25103751,-97.28552485,40019.0,700.463511463075,1.1869436201780414,333,331,4,0,327,326,48177,6,0,0,6,5
2020-08-08,US,Oklahoma,Cherokee,421,2,0,35.90692775,-94.99980896,40021.0,865.2403559611156,0.4750593824228028,419,398,2,0,396,391,48675,23,0,0,23,7
2020-08-08,US,Oklahoma,Choctaw,183,1,0,34.02807439,-95.54771129,40023.0,1247.2737186477643,0.5464480874316939,182,175,1,0,174,173,14668,8,0,0,8,2
2020-08-08,US,Oklahoma,Cimarron,1,0,0,36.74817177,-102.5173885,40025.0,46.79457182966776,0.0,1,1,0,0,1,1,2153,0,0,0,0,0
2020-08-08,US,Oklahoma,Cleveland,2967,55,0,35.20413532,-97.32519562,40027.0,1044.6668121993987,1.8537243006403772,2912,2932,55,0,2877,2909,281669,35,0,0,35,23
2020-08-08,US,Oklahoma,Coal,36,0,0,34.58840127,-96.29798747,40029.0,655.1410373066424,0.0,36,32,0,0,32,31,5520,4,0,0,4,1
2020-08-08,US,Oklahoma,Comanche,803,10,0,34.65973764,-98.47195055,40031.0,665.0158593445908,1.2453300124533002,793,798,10,0,788,795,120422,5,0,0,5,3
2020-08-08,US,Oklahoma,Cotton,18,2,0,34.28845626,-98.37053567,40033.0,317.6844334627604,11.111111111111109,16,18,2,0,16,18,5776,0,0,0,0,0
2020-08-08,US,Oklahoma,Craig,82,0,0,36.76268118,-95.20916602,40035.0,579.8331211992646,0.0,82,79,0,0,79,78,14306,3,0,0,3,1
2020-08-08,US,Oklahoma,Creek,588,14,0,35.90230551,-96.37086028,40037.0,822.1246609434859,2.380952380952381,574,580,14,0,566,552,71604,8,0,0,8,28
2020-08-08,US,Oklahoma,Custer,206,0,0,35.63853802,-99.00170785,40039.0,710.2713512395268,0.0,206,202,0,0,202,202,29036,4,0,0,4,0
2020-08-08,US,Oklahoma,Delaware,424,19,0,36.40823634,-94.80325046,40041.0,985.8401729870493,4.481132075471698,405,419,19,0,400,412,42733,5,0,0,5,7
2020-08-08,US,Oklahoma,Dewey,9,0,0,35.98772922,-99.00730714,40043.0,184.01144960130853,0.0,9,9,0,0,9,8,4894,0,0,0,0,1
2020-08-08,US,Oklahoma,Ellis,5,0,0,36.218019399999996,-99.75324573,40045.0,129.5672454003628,0.0,5,5,0,0,5,3,3952,0,0,0,0,2
2020-08-08,US,Oklahoma,Garfield,447,5,0,36.3791334,-97.78265517,40047.0,732.1147798742137,1.1185682326621924,442,420,5,0,415,396,60913,27,0,0,27,24
2020-08-08,US,Oklahoma,Garvin,225,4,0,34.70418038,-97.30811132,40049.0,811.9519324455993,1.7777777777777777,221,221,4,0,217,220,27811,4,0,0,4,1
2020-08-08,US,Oklahoma,Grady,437,7,0,35.0167709,-97.88339847,40051.0,782.6772217645163,1.6018306636155606,430,430,7,0,423,428,55551,7,0,0,7,2
2020-08-08,US,Oklahoma,Grant,15,0,0,36.796296999999996,-97.78638765,40053.0,346.1804754211862,0.0,15,13,0,0,13,12,4326,2,0,0,2,1
2020-08-08,US,Oklahoma,Greer,83,8,0,34.93535801,-99.56056120000001,40055.0,1453.081232492997,9.63855421686747,75,82,8,0,74,82,5821,1,0,0,1,0
2020-08-08,US,Oklahoma,Harmon,27,0,0,34.7440135,-99.84741652,40057.0,1017.7157934413872,0.0,27,27,0,0,27,27,2664,0,0,0,0,0
2020-08-08,US,Oklahoma,Harper,9,0,0,36.78836519,-99.6679804,40059.0,244.0347071583514,0.0,9,9,0,0,9,9,3797,0,0,0,0,0
2020-08-08,US,Oklahoma,Haskell,57,0,0,35.22257600000001,-95.11513306,40061.0,451.4136374435733,0.0,57,55,0,0,55,50,12668,2,0,0,2,5
2020-08-08,US,Oklahoma,Hughes,134,2,0,35.04912569,-96.24921145,40063.0,1009.112131937646,1.492537313432836,132,126,1,0,125,124,13335,8,1,0,7,2
2020-08-08,US,Oklahoma,Jackson,518,5,0,34.58781741,-99.41138784,40065.0,2111.6999592335915,0.9652509652509652,513,514,5,0,509,504,24949,4,0,0,4,10
2020-08-08,US,Oklahoma,Jefferson,33,0,0,34.11130184,-97.83182974,40067.0,549.8167277574141,0.0,33,32,0,0,32,32,6123,1,0,0,1,0
2020-08-08,US,Oklahoma,Johnston,46,0,0,34.31440473,-96.66011537,40069.0,414.9751917004962,0.0,46,46,0,0,46,45,10949,0,0,0,0,1
2020-08-08,US,Oklahoma,Kay,242,11,0,36.81799745,-97.14421435,40071.0,555.8362809499747,4.545454545454546,231,238,11,0,227,233,44161,4,0,0,4,5
2020-08-08,US,Oklahoma,Kingfisher,129,0,0,35.94530008,-97.94193268,40073.0,818.2683158896291,0.0,129,123,0,0,123,115,15816,6,0,0,6,8
2020-08-08,US,Oklahoma,Kiowa,27,1,0,34.91671958,-98.97720696,40075.0,310.05971520440966,3.703703703703704,26,27,1,0,26,27,8729,0,0,0,0,0
2020-08-08,US,Oklahoma,Latimer,87,1,0,34.87844729,-95.25215049,40077.0,863.6950263079518,1.1494252873563218,86,86,1,0,85,80,10231,1,0,0,1,6
2020-08-08,US,Oklahoma,Le Flore,326,1,0,34.89851864,-94.70392124,40079.0,653.9225322447998,0.3067484662576687,325,311,1,0,310,298,49980,15,0,0,15,13
2020-08-08,US,Oklahoma,Lincoln,165,2,0,35.70270942,-96.8812462,40081.0,473.09114889468697,1.2121212121212122,163,156,2,0,154,152,34920,9,0,0,9,4
2020-08-08,US,Oklahoma,Logan,212,1,0,35.91899576,-97.44352845,40083.0,441.5654745787424,0.4716981132075472,211,202,1,0,201,198,47291,10,0,0,10,4
2020-08-08,US,Oklahoma,Love,75,0,0,33.95273467,-97.23906784,40085.0,731.4932214961475,0.0,75,73,0,0,73,69,10134,2,0,0,2,4
2020-08-08,US,Oklahoma,Major,34,1,0,36.31149996,-98.53467076,40093.0,445.66784637567184,2.9411764705882355,33,34,1,0,33,27,7644,0,0,0,0,7
2020-08-08,US,Oklahoma,Marshall,107,1,0,34.02311222,-96.76855464,40095.0,631.9768472033547,0.9345794392523364,106,106,1,0,105,102,16806,1,0,0,1,4
2020-08-08,US,Oklahoma,Mayes,313,6,0,36.30179091,-95.23175116,40097.0,761.5571776155717,1.9169329073482428,307,309,6,0,303,305,41107,4,0,0,4,4
2020-08-08,US,Oklahoma,McClain,430,4,0,35.01123903,-97.44572302,40087.0,1062.4104363294957,0.9302325581395348,426,427,4,0,423,424,39985,3,0,0,3,3
2020-08-08,US,Oklahoma,McCurtain,856,28,0,34.11664328,-94.77222373,40089.0,2607.2124756335284,3.2710280373831777,828,848,28,0,820,839,32703,8,0,0,8,9
2020-08-08,US,Oklahoma,McIntosh,181,1,0,35.37235506,-95.66599306,40091.0,923.6578893651764,0.5524861878453039,180,178,1,0,177,166,19815,3,0,0,3,12
2020-08-08,US,Oklahoma,Murray,71,0,0,34.48116015,-97.06826283,40099.0,504.51218645633486,0.0,71,69,0,0,69,69,13953,2,0,0,2,0
2020-08-08,US,Oklahoma,Muskogee,503,16,0,35.61318461,-95.37802952,40101.0,739.7385178757886,3.1809145129224654,487,490,16,0,474,486,68362,13,0,0,13,4
2020-08-08,US,Oklahoma,Noble,83,2,0,36.38953329,-97.22928674,40103.0,745.6652591860568,2.409638554216868,81,83,2,0,81,83,11289,0,0,0,0,0
2020-08-08,US,Oklahoma,Nowata,57,1,0,36.79843529,-95.61902331,40105.0,565.7006748709805,1.7543859649122806,56,57,1,0,56,57,10218,0,0,0,0,0
2020-08-08,US,Oklahoma,Okfuskee,63,1,0,35.46485198,-96.32639984,40107.0,525.3064287501043,1.5873015873015872,62,62,1,0,61,60,12098,1,0,0,1,2
2020-08-08,US,Oklahoma,Oklahoma,10424,112,0,35.55140095,-97.40716948,40109.0,1307.1928209732719,1.0744435917114352,10312,10300,112,0,10188,10113,792582,124,0,0,124,187
2020-08-08,US,Oklahoma,Okmulgee,466,3,0,35.64661916,-95.96432828,40111.0,1211.4909658130769,0.6437768240343348,463,453,3,0,450,441,38335,13,0,0,13,12
2020-08-08,US,Oklahoma,Osage,404,11,0,36.62888819,-96.39635704,40113.0,860.2516874986693,2.722772277227723,393,397,11,0,386,391,47014,7,0,0,7,6
2020-08-08,US,Oklahoma,Ottawa,368,3,0,36.83532655,-94.81011909,40115.0,1182.253349182382,0.8152173913043478,365,367,3,0,364,358,31175,1,0,0,1,9
2020-08-08,US,Oklahoma,Pawnee,136,3,0,36.31743373,-96.70331759999999,40117.0,830.4836345872008,2.2058823529411766,133,134,3,0,131,130,16390,2,0,0,2,4
2020-08-08,US,Oklahoma,Payne,721,4,0,36.07695283,-96.97584944,40119.0,881.5905311552382,0.5547850208044383,717,717,4,0,713,698,82040,4,0,0,4,19
2020-08-08,US,Oklahoma,Pittsburg,339,3,0,34.92065823,-95.75134320000001,40121.0,776.5611398726347,0.8849557522123894,336,310,3,0,307,252,43877,29,0,0,29,58
2020-08-08,US,Oklahoma,Pontotoc,198,2,0,34.72959848,-96.68337199,40123.0,517.1873367464215,1.0101010101010102,196,193,2,0,191,188,38247,5,0,0,5,5
2020-08-08,US,Oklahoma,Pottawatomie,442,9,0,35.20614018,-96.94923008,40125.0,608.8825214899714,2.0361990950226243,433,433,9,0,424,427,72679,9,0,0,9,6
2020-08-08,US,Oklahoma,Pushmataha,109,0,0,34.41635232,-95.37603505,40127.0,982.3359769286227,0.0,109,107,0,0,107,105,11179,2,0,0,2,2
2020-08-08,US,Oklahoma,Roger Mills,8,1,0,35.68711719,-99.69666167,40129.0,223.27658386826684,12.5,7,8,0,0,8,8,3656,0,1,0,-1,0
2020-08-08,US,Oklahoma,Rogers,958,16,0,36.37004357,-95.60406759,40131.0,1036.1349354849176,1.6701461377870563,942,939,16,0,923,902,91984,19,0,0,19,37
2020-08-08,US,Oklahoma,Seminole,234,5,0,35.16478725,-96.61686741,40133.0,964.6302250803858,2.1367521367521367,229,227,5,0,222,221,24578,7,0,0,7,6
2020-08-08,US,Oklahoma,Sequoyah,333,4,0,35.49447108,-94.75463785,40135.0,801.0777261901898,1.2012012012012012,329,319,4,0,315,309,41179,14,0,0,14,10
2020-08-08,US,Oklahoma,Stephens,198,3,0,34.48556989,-97.85141892,40137.0,458.93887768583534,1.5151515151515151,195,193,3,0,190,192,43265,5,0,0,5,1
2020-08-08,US,Oklahoma,Texas,1055,7,0,36.74777635,-101.4889765,40139.0,5279.487564429765,0.6635071090047393,1048,1049,7,0,1042,1046,20455,6,0,0,6,3
2020-08-08,US,Oklahoma,Tillman,58,1,0,34.37288446,-98.92426619,40141.0,800.0,1.7241379310344829,57,58,1,0,57,58,7348,0,0,0,0,0
2020-08-08,US,Oklahoma,Tulsa,10389,107,0,36.11939621,-95.94013939,40143.0,1594.5005156917637,1.0299355087111368,10282,10135,106,0,10029,9969,648360,254,1,0,253,166
2020-08-08,US,Oklahoma,Unassigned,10,0,0,0.0,0.0,90040.0,0.0,0.0,10,21,0,0,21,6,,-11,0,0,-11,15
2020-08-08,US,Oklahoma,Wagoner,848,23,0,35.96024096,-95.51911308,40145.0,1043.1915757359545,2.712264150943396,825,825,23,0,802,805,80110,23,0,0,23,20
2020-08-08,US,Oklahoma,Washington,623,39,0,36.71380786,-95.90514104,40147.0,1209.0748539600595,6.260032102728733,584,616,39,0,577,606,51843,7,0,0,7,10
2020-08-08,US,Oklahoma,Washita,27,0,0,35.29071824,-98.99180434,40149.0,247.34334921216563,0.0,27,27,0,0,27,26,11127,0,0,0,0,1
2020-08-08,US,Oklahoma,Woods,20,0,0,36.76705782,-98.86573064,40151.0,227.45365631752534,0.0,20,20,0,0,20,19,8897,0,0,0,0,1
2020-08-08,US,Oklahoma,Woodward,38,0,0,36.42316318,-99.26283045,40153.0,188.0164266983326,0.0,38,37,0,0,37,36,20222,1,0,0,1,1
2020-08-08,US,Oregon,Baker,38,0,0,44.70915557,-117.6749883,41001.0,235.6735301414041,0.0,38,38,0,0,38,37,16006,0,0,0,0,1
2020-08-08,US,Oregon,Benton,169,6,0,44.49167306,-123.4316987,41003.0,181.61692798727609,3.5502958579881656,163,164,6,0,158,161,92101,5,0,0,5,3
2020-08-08,US,Oregon,Clackamas,1523,40,0,45.18787398,-122.2179634,41005.0,364.1911393706643,2.6263952724885096,1483,1500,39,0,1461,1484,416075,23,1,0,22,16
2020-08-08,US,Oregon,Clatsop,85,0,0,45.99712889,-123.660711,41007.0,211.31662688941924,0.0,85,84,0,0,84,83,39764,1,0,0,1,1
2020-08-08,US,Oregon,Columbia,94,0,0,45.94464254,-123.08908980000001,41009.0,179.54693051151776,0.0,94,91,0,0,91,90,52377,3,0,0,3,1
2020-08-08,US,Oregon,Coos,91,0,0,43.17406868,-124.0594514,41011.0,141.11371284134788,0.0,91,90,0,0,90,90,64389,1,0,0,1,0
2020-08-08,US,Oregon,Crook,47,1,0,44.14230227,-120.356297,41013.0,192.5913784625471,2.127659574468085,46,43,1,0,42,43,23867,4,0,0,4,0
2020-08-08,US,Oregon,Curry,15,0,0,42.45911325,-124.15728200000001,41015.0,65.43075245365321,0.0,15,14,0,0,14,14,22813,1,0,0,1,0
2020-08-08,US,Oregon,Deschutes,596,10,0,43.91570171,-121.2289121,41017.0,301.479068449912,1.6778523489932886,586,582,9,0,573,567,191996,14,1,0,13,15
2020-08-08,US,Oregon,Douglas,150,1,0,43.27941273,-123.16729099999999,41019.0,135.15948819607135,0.6666666666666666,149,148,1,0,147,145,110283,2,0,0,2,3
2020-08-08,US,Oregon,Gilliam,4,0,0,45.37160076,-120.20488689999999,41021.0,209.20502092050208,0.0,4,4,0,0,4,4,1894,0,0,0,0,0
2020-08-08,US,Oregon,Grant,4,0,0,44.49024544,-119.0068631,41023.0,55.563272676760654,0.0,4,4,0,0,4,3,7176,0,0,0,0,1
2020-08-08,US,Oregon,Harney,10,0,0,43.06422669,-118.96663059999999,41025.0,135.26308670363858,0.0,10,10,0,0,10,10,7329,0,0,0,0,0
2020-08-08,US,Oregon,Hood River,184,0,0,45.51872811,-121.65520359999998,41027.0,786.9301171841588,0.0,184,181,0,0,181,178,23428,3,0,0,3,3
2020-08-08,US,Oregon,Jackson,461,2,0,42.43201126,-122.72893090000001,41029.0,208.65015569556087,0.4338394793926248,459,447,2,0,445,437,219564,14,0,0,14,10
2020-08-08,US,Oregon,Jefferson,355,4,0,44.62806839,-121.17832,41031.0,1439.695027982805,1.1267605633802815,351,346,4,0,342,341,24192,9,0,0,9,5
2020-08-08,US,Oregon,Josephine,114,2,0,42.3665549,-123.5561938,41033.0,130.30507389669322,1.7543859649122806,112,113,2,0,111,110,87393,1,0,0,1,3
2020-08-08,US,Oregon,Klamath,201,2,0,42.68762984,-121.64964609999998,41035.0,294.557284797327,0.9950248756218906,199,201,2,0,199,200,67653,0,0,0,0,1
2020-08-08,US,Oregon,Lake,32,0,0,42.79246693,-120.38501629999999,41037.0,406.6590418096328,0.0,32,32,0,0,32,32,7879,0,0,0,0,0
2020-08-08,US,Oregon,Lane,579,3,0,43.93727035,-122.847753,41039.0,151.5441009037682,0.5181347150259067,576,565,3,0,562,552,379611,14,0,0,14,13
2020-08-08,US,Oregon,Lincoln,414,9,0,44.64252874,-123.86991200000001,41041.0,828.6297586165483,2.1739130434782608,405,412,9,0,403,411,49388,2,0,0,2,1
2020-08-08,US,Oregon,Linn,277,10,0,44.48899494,-122.53731540000001,41043.0,213.48912130343967,3.610108303249097,267,271,10,0,261,265,127335,6,0,0,6,6
2020-08-08,US,Oregon,Malheur,768,14,0,43.1937027,-117.62273950000001,41045.0,2512.184750253509,1.8229166666666667,754,755,13,0,742,734,30725,13,1,0,12,21
2020-08-08,US,Oregon,Marion,2883,70,0,44.90287942,-122.58151170000001,41047.0,828.8817715011875,2.428026361429067,2813,2837,69,0,2768,2789,346868,46,1,0,45,48
2020-08-08,US,Oregon,Morrow,354,3,0,45.41846568,-119.584546,41049.0,3050.935102990606,0.8474576271186439,351,349,3,0,346,329,11372,5,0,0,5,20
2020-08-08,US,Oregon,Multnomah,4849,94,0,45.54747959,-122.4169351,41051.0,596.5393581881148,1.9385440296968448,4755,4762,93,0,4669,4653,811880,87,1,0,86,109
2020-08-08,US,Oregon,Polk,313,12,0,44.90322804,-123.4128888,41053.0,363.59412208863336,3.8338658146964857,301,308,12,0,296,301,85234,5,0,0,5,7
2020-08-08,US,Oregon,Sherman,16,0,0,45.41501554,-120.6827834,41055.0,898.876404494382,0.0,16,15,0,0,15,15,1708,1,0,0,1,0
2020-08-08,US,Oregon,Tillamook,34,0,0,45.46248721,-123.712066,41057.0,125.75824826157715,0.0,34,34,0,0,34,34,26787,0,0,0,0,0
2020-08-08,US,Oregon,Umatilla,2251,28,0,45.59073056,-118.7353826,41059.0,2887.7485567671583,1.2438916037316747,2223,2221,27,0,2194,2167,77516,30,1,0,29,54
2020-08-08,US,Oregon,Union,394,2,0,45.30915495,-118.0068979,41061.0,1468.2317868455375,0.5076142131979695,392,394,2,0,392,392,26461,0,0,0,0,2
2020-08-08,US,Oregon,Wallowa,19,1,0,45.57894064,-117.18353799999998,41063.0,263.59600443951166,5.2631578947368425,18,19,1,0,18,19,7081,0,0,0,0,0
2020-08-08,US,Oregon,Wasco,189,3,0,45.16292781,-121.16709540000001,41065.0,708.3427029458063,1.5873015873015872,186,181,3,0,178,178,26505,8,0,0,8,3
2020-08-08,US,Oregon,Washington,3047,25,0,45.55972701,-123.0955257,41067.0,506.4894479979787,0.8204791598293404,3022,2991,24,0,2967,2943,597695,56,1,0,55,48
2020-08-08,US,Oregon,Yamhill,450,13,0,45.23330449,-123.3086963,41071.0,420.16806722689074,2.888888888888889,437,429,13,0,416,413,107002,21,0,0,21,16
2020-08-08,US,Pennsylvania,Adams,498,20,0,39.87140411,-77.21610347,42001.0,483.4529021735965,4.016064257028113,478,497,20,0,477,490,102811,1,0,0,1,7
2020-08-08,US,Pennsylvania,Allegheny,8796,247,0,40.46809875,-79.98167747,42003.0,723.3284952448306,2.808094588449295,8549,8709,244,0,8465,8612,1218452,87,3,0,84,97
2020-08-08,US,Pennsylvania,Armstrong,208,7,0,40.81665618,-79.46290811,42005.0,321.30995597435697,3.3653846153846154,201,204,6,0,198,200,65263,4,1,0,3,4
2020-08-08,US,Pennsylvania,Beaver,1312,92,0,40.6825484,-80.34921611,42007.0,800.3464914688676,7.012195121951219,1220,1294,91,0,1203,1280,164742,18,1,0,17,14
2020-08-08,US,Pennsylvania,Bedford,141,4,0,40.00522157,-78.48998442,42009.0,294.4370197126629,2.8368794326241136,137,138,4,0,134,136,48176,3,0,0,3,2
2020-08-08,US,Pennsylvania,Berks,5353,368,0,40.41570541,-75.92457766,42011.0,1271.0013201508202,6.874649729123857,4985,5321,368,0,4953,5302,420152,32,0,0,32,19
2020-08-08,US,Pennsylvania,Blair,274,5,0,40.47961444,-78.34917412,42013.0,224.90540019207248,1.8248175182481752,269,265,5,0,260,255,122492,9,0,0,9,10
2020-08-08,US,Pennsylvania,Bradford,85,3,0,41.78869215,-76.51570822,42015.0,140.90811133398537,3.5294117647058822,82,85,3,0,82,85,60833,0,0,0,0,0
2020-08-08,US,Pennsylvania,Bucks,7173,582,0,40.33682119,-75.10836643,42017.0,1141.706591115285,8.113759933082392,6591,7147,582,0,6565,7118,628195,26,0,0,26,29
2020-08-08,US,Pennsylvania,Butler,656,15,0,40.91152759,-79.91351055,42019.0,349.2092221045179,2.2865853658536586,641,645,15,0,630,637,187888,11,0,0,11,8
2020-08-08,US,Pennsylvania,Cambria,335,3,0,40.49527404,-78.71377428,42021.0,257.3122772520585,0.8955223880597015,332,328,3,0,325,322,131730,7,0,0,7,6
2020-08-08,US,Pennsylvania,Cameron,6,0,0,41.43625568,-78.20376845,42023.0,134.922419608725,0.0,6,6,0,0,6,6,4492,0,0,0,0,0
2020-08-08,US,Pennsylvania,Carbon,370,28,0,40.91545395,-75.7068525,42025.0,576.4856190209093,7.567567567567567,342,368,28,0,340,367,64227,2,0,0,2,1
2020-08-08,US,Pennsylvania,Centre,370,10,0,40.92058903,-77.82200624,42027.0,227.85355790251563,2.702702702702702,360,368,10,0,358,364,162805,2,0,0,2,4
2020-08-08,US,Pennsylvania,Chester,5102,349,0,39.97291773,-75.74768357,42029.0,971.8298859595152,6.840454723637789,4753,5102,349,0,4753,5075,522046,0,0,0,0,27
2020-08-08,US,Pennsylvania,Clarion,78,2,0,41.19265812,-79.42413524,42031.0,202.9241896040377,2.5641025641025643,76,78,2,0,76,77,38779,0,0,0,0,1
2020-08-08,US,Pennsylvania,Clearfield,166,0,0,41.00110782,-78.47592663,42033.0,209.45050785439403,0.0,166,156,0,0,156,150,79388,10,0,0,10,6
2020-08-08,US,Pennsylvania,Clinton,119,5,0,41.23255967,-77.63785995,42035.0,308.0347898115552,4.201680672268908,114,119,5,0,114,118,38684,0,0,0,0,1
2020-08-08,US,Pennsylvania,Columbia,471,35,0,41.04821986,-76.40565017,42037.0,725.0169324548981,7.4309978768577505,436,470,35,0,435,470,65456,1,0,0,1,0
2020-08-08,US,Pennsylvania,Crawford,141,1,0,41.68447709,-80.10760592,42039.0,166.60955464438905,0.7092198581560284,140,139,1,0,138,138,85063,2,0,0,2,1
2020-08-08,US,Pennsylvania,Cumberland,1282,71,0,40.1625372,-77.26130755,42041.0,505.9793977187512,5.538221528861153,1211,1276,71,0,1205,1270,251423,6,0,0,6,6
2020-08-08,US,Pennsylvania,Dauphin,2774,159,0,40.41377078,-76.77993242,42043.0,996.7696614073352,5.731795241528479,2615,2757,158,0,2599,2741,277097,17,1,0,16,16
2020-08-08,US,Pennsylvania,Delaware,9170,698,0,39.91680171,-75.40243663,42045.0,1618.0059179845678,7.611777535441657,8472,9121,697,0,8424,9076,564751,49,1,0,48,45
2020-08-08,US,Pennsylvania,Elk,48,2,0,41.42822061,-78.64524744,42047.0,160.481444332999,4.166666666666667,46,48,2,0,46,48,30169,0,0,0,0,0
2020-08-08,US,Pennsylvania,Erie,1094,18,0,41.99253829,-80.03301954,42049.0,405.5937833669474,1.6453382084095065,1076,1058,18,0,1040,1046,272061,36,0,0,36,12
2020-08-08,US,Pennsylvania,Fayette,485,5,0,39.92041012,-79.64291195,42051.0,375.1721150424679,1.0309278350515465,480,472,5,0,467,465,130441,13,0,0,13,7
2020-08-08,US,Pennsylvania,Forest,10,0,0,41.51095103,-79.23229292,42053.0,137.9881330205602,0.0,10,9,0,0,9,9,7279,1,0,0,1,0
2020-08-08,US,Pennsylvania,Franklin,1343,46,0,39.92956518,-77.72157791,42055.0,866.3007089087707,3.425167535368578,1297,1328,46,0,1282,1323,154835,15,0,0,15,5
2020-08-08,US,Pennsylvania,Fulton,27,2,0,39.92913544,-78.11163677,42057.0,185.8224363386097,7.407407407407407,25,26,2,0,24,26,14523,1,0,0,1,0
2020-08-08,US,Pennsylvania,Greene,114,1,0,39.85746531,-80.22357106,42059.0,314.63030938647086,0.8771929824561403,113,112,1,0,111,110,36506,2,0,0,2,2
2020-08-08,US,Pennsylvania,Huntingdon,305,4,0,40.42162652,-77.97673273,42061.0,675.6158071947547,1.3114754098360657,301,300,4,0,296,296,45168,5,0,0,5,4
2020-08-08,US,Pennsylvania,Indiana,313,6,0,40.65241041,-79.08963285,42063.0,372.2955050967611,1.9169329073482428,307,309,6,0,303,297,84501,4,0,0,4,12
2020-08-08,US,Pennsylvania,Jefferson,68,1,0,41.12913106,-78.9986361,42065.0,156.59182498560742,1.4705882352941178,67,62,1,0,61,61,43641,6,0,0,6,1
2020-08-08,US,Pennsylvania,Juniata,132,6,0,40.53358749,-77.39975129999998,42067.0,533.0533457174009,4.545454545454546,126,131,6,0,125,129,24704,1,0,0,1,2
2020-08-08,US,Pennsylvania,Lackawanna,1927,212,0,41.43564672,-75.60379201,42069.0,919.045756746187,11.001556824078882,1715,1922,212,0,1710,1916,210793,5,0,0,5,6
2020-08-08,US,Pennsylvania,Lancaster,5856,411,0,40.03904563,-76.24770128,42071.0,1073.069903467687,7.01844262295082,5445,5822,410,0,5412,5756,543557,34,1,0,33,66
2020-08-08,US,Pennsylvania,Lawrence,390,16,0,40.99206278,-80.33393706,42073.0,456.0763401627842,4.102564102564102,374,389,15,0,374,383,86184,1,1,0,0,6
2020-08-08,US,Pennsylvania,Lebanon,1595,54,0,40.36680311,-76.45651841,42075.0,1124.8792253496297,3.3855799373040756,1541,1594,54,0,1540,1591,141314,1,0,0,1,3
2020-08-08,US,Pennsylvania,Lehigh,4934,337,0,40.6154815,-75.59435245,42077.0,1335.976042326667,6.830158086745034,4597,4918,336,0,4582,4901,368100,16,1,0,15,17
2020-08-08,US,Pennsylvania,Luzerne,3438,184,0,41.17823008,-75.98447579,42079.0,1083.1177914226396,5.351948807446191,3254,3409,184,0,3225,3399,317646,29,0,0,29,10
2020-08-08,US,Pennsylvania,Lycoming,381,20,0,41.34310539,-77.06629984,42081.0,336.27834314512927,5.2493438320209975,361,369,20,0,349,354,113664,12,0,0,12,15
2020-08-08,US,Pennsylvania,McKean,34,1,0,41.80938602,-78.56478358,42083.0,83.69230769230771,2.9411764705882355,33,34,1,0,33,34,40968,0,0,0,0,0
2020-08-08,US,Pennsylvania,Mercer,419,9,0,41.30248872,-80.25816981,42085.0,382.91416873811966,2.1479713603818618,410,404,9,0,395,389,110683,15,0,0,15,15
2020-08-08,US,Pennsylvania,Mifflin,120,1,0,40.61116939,-77.61070738,42087.0,260.08929732541503,0.8333333333333334,119,116,1,0,115,115,46222,4,0,0,4,1
2020-08-08,US,Pennsylvania,Monroe,1624,124,0,41.05934058,-75.34031025,42089.0,953.7736901762484,7.635467980295568,1500,1618,124,0,1494,1614,169507,6,0,0,6,4
2020-08-08,US,Pennsylvania,Montgomery,10077,857,0,40.21053671,-75.36652296,42091.0,1212.7594278596487,8.504515232708147,9220,10015,855,0,9160,9983,828604,62,2,0,60,32
2020-08-08,US,Pennsylvania,Montour,101,3,0,41.03023987,-76.66345939,42093.0,554.0318156884257,2.9702970297029703,98,100,3,0,97,98,18240,1,0,0,1,2
2020-08-08,US,Pennsylvania,Northampton,3918,292,0,40.75182733,-75.30471829,42095.0,1283.3909297869204,7.4527820316488,3626,3913,292,0,3621,3902,304807,5,0,0,5,11
2020-08-08,US,Pennsylvania,Northumberland,460,13,0,40.84785433,-76.70798222,42097.0,506.3681296302412,2.8260869565217392,447,449,12,0,437,427,91083,11,1,0,10,22
2020-08-08,US,Pennsylvania,Perry,123,5,0,40.40206612,-77.26297447,42099.0,265.8195020746888,4.0650406504065035,118,121,5,0,116,120,46139,2,0,0,2,1
2020-08-08,US,Pennsylvania,Philadelphia,31120,1698,0,40.00338507,-75.1379271,42101.0,1964.5670881984565,5.456298200514139,29422,31120,1698,0,29422,30986,1584138,0,0,0,0,134
2020-08-08,US,Pennsylvania,Pike,526,21,0,41.33155042,-75.03208106,42103.0,942.500313569496,3.9923954372623576,505,526,21,0,505,526,55933,0,0,0,0,0
2020-08-08,US,Pennsylvania,Potter,20,0,0,41.74471626,-77.89559864,42105.0,121.0214207914801,0.0,20,20,0,0,20,20,16622,0,0,0,0,0
2020-08-08,US,Pennsylvania,Schuylkill,909,51,0,40.70497338,-76.2150785,42107.0,643.0435982144752,5.6105610561056105,858,908,50,0,858,907,142067,1,1,0,0,1
2020-08-08,US,Pennsylvania,Snyder,102,2,0,40.77129231,-77.06840691,42109.0,252.650351728921,1.96078431372549,100,101,2,0,99,101,40540,1,0,0,1,0
2020-08-08,US,Pennsylvania,Somerset,133,3,0,39.97172723,-79.02699593,42111.0,181.08295777907884,2.255639097744361,130,129,3,0,126,127,73952,4,0,0,4,2
2020-08-08,US,Pennsylvania,Sullivan,10,0,0,41.44634738,-76.51246591,42113.0,164.85328058028355,0.0,10,10,0,0,10,10,6071,0,0,0,0,0
2020-08-08,US,Pennsylvania,Susquehanna,214,27,0,41.82147784,-75.80071959,42115.0,530.6486808172981,12.61682242990654,187,213,27,0,186,212,40589,1,0,0,1,1
2020-08-08,US,Pennsylvania,Tioga,38,3,0,41.77255149,-77.25433032,42117.0,93.61681160848465,7.894736842105262,35,37,3,0,34,37,40763,1,0,0,1,0
2020-08-08,US,Pennsylvania,Union,218,2,0,40.96188846,-77.05996014,42119.0,485.2748035527458,0.9174311926605504,216,216,2,0,214,206,44785,2,0,0,2,10
2020-08-08,US,Pennsylvania,Venango,63,0,0,41.40323442,-79.75845449,42121.0,124.33883318860028,0.0,63,63,0,0,63,63,51266,0,0,0,0,0
2020-08-08,US,Pennsylvania,Warren,23,1,0,41.81304978,-79.26969577,42123.0,58.68694343088975,4.3478260869565215,22,22,1,0,21,20,39498,1,0,0,1,2
2020-08-08,US,Pennsylvania,Washington,829,12,0,40.19208869,-80.24582867,42125.0,400.74444686147973,1.4475271411338964,817,821,12,0,809,808,207346,8,0,0,8,13
2020-08-08,US,Pennsylvania,Wayne,160,9,0,41.64938475,-75.29956506,42127.0,311.52041432215105,5.625,151,158,9,0,149,157,51276,2,0,0,2,1
2020-08-08,US,Pennsylvania,Westmoreland,1523,46,0,40.31377979999999,-79.46615476,42129.0,436.51601179711037,3.020354563361786,1477,1500,46,0,1454,1484,350611,23,0,0,23,16
2020-08-08,US,Pennsylvania,Wyoming,60,8,0,41.51955538,-76.01074915,42131.0,223.930730760618,13.333333333333336,52,58,8,0,50,58,27046,2,0,0,2,0
2020-08-08,US,Pennsylvania,York,2501,93,0,39.9210089,-76.73040131,42133.0,556.9436464777378,3.7185125949620152,2408,2485,93,0,2392,2444,448273,16,0,0,16,41
2020-08-08,US,Puerto Rico,Adjuntas,92,0,0,18.180117000000006,-66.754367,72001.0,472.2065390340297,0.0,92,92,0,0,92,90,,0,0,0,0,2
2020-08-08,US,Puerto Rico,Aguada,123,0,0,18.360255,-67.17513100000001,72003.0,293.14330656116687,0.0,123,117,0,0,117,111,,6,0,0,6,6
2020-08-08,US,Puerto Rico,Aguadilla,221,0,0,18.459681,-67.12081500000001,72005.0,362.59823787100686,0.0,221,209,0,0,209,200,,12,0,0,12,9
2020-08-08,US,Puerto Rico,Aguas Buenas,126,0,0,18.251619,-66.126806,72007.0,439.6524651941799,0.0,126,123,0,0,123,118,,3,0,0,3,5
2020-08-08,US,Puerto Rico,Aibonito,84,0,0,18.131361,-66.264131,72009.0,324.3243243243243,0.0,84,83,0,0,83,82,,1,0,0,1,1
2020-08-08,US,Puerto Rico,Anasco,134,0,0,18.287985,-67.120611,72011.0,457.9474385701104,0.0,134,131,0,0,131,131,,3,0,0,3,0
2020-08-08,US,Puerto Rico,Arecibo,301,0,0,18.406631,-66.675077,72013.0,312.11115719618414,0.0,301,287,0,0,287,280,,14,0,0,14,7
2020-08-08,US,Puerto Rico,Arroyo,84,0,0,17.998457000000005,-66.056546,72015.0,429.1187739463602,0.0,84,84,0,0,84,81,,0,0,0,0,3
2020-08-08,US,Puerto Rico,Barceloneta,88,0,0,18.445533,-66.56053100000001,72017.0,354.6099290780142,0.0,88,81,0,0,81,78,,7,0,0,7,3
2020-08-08,US,Puerto Rico,Barranquitas,242,0,0,18.201592,-66.30963,72019.0,798.2056863909229,0.0,242,228,0,0,228,226,,14,0,0,14,2
2020-08-08,US,Puerto Rico,Bayamon,1446,0,0,18.34946,-66.168435,72021.0,694.8048203886293,0.0,1446,1373,0,0,1373,1293,,73,0,0,73,80
2020-08-08,US,Puerto Rico,Cabo Rojo,202,0,0,18.040993,-67.154391,72023.0,396.72408036608596,0.0,202,197,0,0,197,192,,5,0,0,5,5
2020-08-08,US,Puerto Rico,Caguas,704,0,0,18.211615,-66.050779,72025.0,492.676338239102,0.0,704,677,0,0,677,644,,27,0,0,27,33
2020-08-08,US,Puerto Rico,Camuy,138,0,0,18.418578,-66.860206,72027.0,392.5026309053159,0.0,138,132,0,0,132,129,,6,0,0,6,3
2020-08-08,US,Puerto Rico,Canovanas,359,0,0,18.328802,-65.887612,72029.0,753.4419073203493,0.0,359,352,0,0,352,339,,7,0,0,7,13
2020-08-08,US,Puerto Rico,Carolina,1213,0,0,18.374986,-65.95683100000001,72031.0,686.2334664690375,0.0,1213,1184,0,0,1184,1122,,29,0,0,29,62
2020-08-08,US,Puerto Rico,Catano,182,0,0,18.437269,-66.14330600000001,72033.0,646.7661691542287,0.0,182,179,0,0,179,171,,3,0,0,3,8
2020-08-08,US,Puerto Rico,Cayey,196,0,0,18.102851,-66.14914,72035.0,407.3235104636422,0.0,196,194,0,0,194,192,,2,0,0,2,2
2020-08-08,US,Puerto Rico,Ceiba,67,0,0,18.251818,-65.666416,72037.0,491.52666715574793,0.0,67,66,0,0,66,64,,1,0,0,1,2
2020-08-08,US,Puerto Rico,Ciales,139,0,0,18.28885,-66.516475,72039.0,740.0702800553721,0.0,139,135,0,0,135,128,,4,0,0,4,7
2020-08-08,US,Puerto Rico,Cidra,163,0,0,18.173559,-66.161179,72041.0,374.885004599816,0.0,163,160,0,0,160,150,,3,0,0,3,10
2020-08-08,US,Puerto Rico,Coamo,145,0,0,18.097597,-66.36014,72043.0,357.9186413902054,0.0,145,142,0,0,142,136,,3,0,0,3,6
2020-08-08,US,Puerto Rico,Comerio,115,0,0,18.224687,-66.221622,72045.0,553.4700163634614,0.0,115,114,0,0,114,113,,1,0,0,1,1
2020-08-08,US,Puerto Rico,Corozal,218,0,0,18.304264,-66.327738,72047.0,586.936621614345,0.0,218,203,0,0,203,192,,15,0,0,15,11
2020-08-08,US,Puerto Rico,Culebra,19,0,0,18.31586,-65.28813000000001,72049.0,1045.1045104510451,0.0,19,19,0,0,19,19,,0,0,0,0,0
2020-08-08,US,Puerto Rico,Dorado,306,0,0,18.436115,-66.278669,72051.0,801.7817371937639,0.0,306,285,0,0,285,276,,21,0,0,21,9
2020-08-08,US,Puerto Rico,Fajardo,232,0,0,18.318373,-65.666866,72053.0,627.1456762090125,0.0,232,222,0,0,222,213,,10,0,0,10,9
2020-08-08,US,Puerto Rico,Florida,173,0,0,18.373715,-66.560488,72054.0,1364.3533123028392,0.0,173,173,0,0,173,171,,0,0,0,0,2
2020-08-08,US,Puerto Rico,Guanica,56,0,0,17.982429,-66.91964300000001,72055.0,288.2586091522108,0.0,56,56,0,0,56,55,,0,0,0,0,1
2020-08-08,US,Puerto Rico,Guayama,154,0,0,18.007516,-66.13390799999999,72057.0,339.4912040915304,0.0,154,149,0,0,149,143,,5,0,0,5,6
2020-08-08,US,Puerto Rico,Guayanilla,123,0,0,18.039942,-66.79186,72059.0,569.9457856447801,0.0,123,118,0,0,118,118,,5,0,0,5,0
2020-08-08,US,Puerto Rico,Guaynabo,821,0,0,18.345114,-66.11452299999999,72061.0,838.405293901393,0.0,821,796,0,0,796,764,,25,0,0,25,32
2020-08-08,US,Puerto Rico,Gurabo,241,0,0,18.266461,-65.97970500000001,72063.0,531.1997178690294,0.0,241,230,0,0,230,218,,11,0,0,11,12
2020-08-08,US,Puerto Rico,Hatillo,104,0,0,18.410928,-66.79632600000001,72065.0,247.89645555740952,0.0,104,102,0,0,102,101,,2,0,0,2,1
2020-08-08,US,Puerto Rico,Hormigueros,90,0,0,18.134532,-67.113972,72067.0,521.7391304347826,0.0,90,88,0,0,88,85,,2,0,0,2,3
2020-08-08,US,Puerto Rico,Humacao,182,0,0,18.145211,-65.810174,72069.0,311.29203297643073,0.0,182,176,0,0,176,176,,6,0,0,6,0
2020-08-08,US,Puerto Rico,Isabela,134,0,0,18.44981,-67.005093,72071.0,293.6600118340602,0.0,134,132,0,0,132,126,,2,0,0,2,6
2020-08-08,US,Puerto Rico,Jayuya,179,0,0,18.211446,-66.58878,72073.0,1075.5918759764454,0.0,179,179,0,0,179,179,,0,0,0,0,0
2020-08-08,US,Puerto Rico,Juana Diaz,188,0,0,18.050764,-66.49458100000001,72075.0,235.30295255141002,0.0,188,184,0,0,184,180,,4,0,0,4,4
2020-08-08,US,Puerto Rico,Juncos,128,0,0,18.223793,-65.909109,72077.0,317.6966989327377,0.0,128,121,0,0,121,113,,7,0,0,7,8
2020-08-08,US,Puerto Rico,Lajas,81,0,0,18.011661,-67.040585,72079.0,314.52646293635695,0.0,81,75,0,0,75,74,,6,0,0,6,1
2020-08-08,US,Puerto Rico,Lares,164,0,0,18.269035,-66.867236,72081.0,533.2813058888563,0.0,164,159,0,0,159,148,,5,0,0,5,11
2020-08-08,US,Puerto Rico,Las Marias,63,0,0,18.23679,-66.98362,72083.0,637.5872887359577,0.0,63,58,0,0,58,58,,5,0,0,5,0
2020-08-08,US,Puerto Rico,Las Piedras,147,0,0,18.187527,-65.86946800000001,72085.0,380.09049773755663,0.0,147,141,0,0,141,138,,6,0,0,6,3
2020-08-08,US,Puerto Rico,Loiza,122,0,0,18.425688,-65.89943000000001,72087.0,405.8549567531604,0.0,122,117,0,0,117,110,,5,0,0,5,7
2020-08-08,US,Puerto Rico,Luquillo,102,0,0,18.342114,-65.72509699999999,72089.0,508.27187562288213,0.0,102,100,0,0,100,95,,2,0,0,2,5
2020-08-08,US,Puerto Rico,Manati,226,0,0,18.420473,-66.490461,72091.0,512.3206311064765,0.0,226,213,0,0,213,206,,13,0,0,13,7
2020-08-08,US,Puerto Rico,Maricao,42,0,0,18.171795,-66.942126,72093.0,669.2160611854682,0.0,42,42,0,0,42,42,,0,0,0,0,0
2020-08-08,US,Puerto Rico,Maunabo,59,0,0,18.017889,-65.922235,72095.0,482.6175869120655,0.0,59,59,0,0,59,57,,0,0,0,0,2
2020-08-08,US,Puerto Rico,Mayaguez,478,0,0,18.2013,-67.1452,72097.0,536.5963179164796,0.0,478,471,0,0,471,460,,7,0,0,7,11
2020-08-08,US,Puerto Rico,Moca,171,0,0,18.377805,-67.080952,72099.0,426.3382283278068,0.0,171,169,0,0,169,167,,2,0,0,2,2
2020-08-08,US,Puerto Rico,Morovis,246,0,0,18.316963,-66.420383,72101.0,754.3698252069918,0.0,246,240,0,0,240,239,,6,0,0,6,1
2020-08-08,US,Puerto Rico,Naguabo,90,0,0,18.230637,-65.753897,72103.0,336.82634730538916,0.0,90,89,0,0,89,89,,1,0,0,1,0
2020-08-08,US,Puerto Rico,Naranjito,275,0,0,18.288019,-66.252703,72105.0,904.545753568844,0.0,275,260,0,0,260,254,,15,0,0,15,6
2020-08-08,US,Puerto Rico,Orocovis,212,0,0,18.215046,-66.433604,72107.0,905.0932843786024,0.0,212,206,0,0,206,201,,6,0,0,6,5
2020-08-08,US,Puerto Rico,Out of PR,649,0,0,0.0,0.0,72888.0,0.0,0.0,649,649,0,0,649,639,,0,0,0,0,10
2020-08-08,US,Puerto Rico,Patillas,102,0,0,18.03174,-66.012242,72109.0,529.127976344867,0.0,102,99,0,0,99,98,,3,0,0,3,1
2020-08-08,US,Puerto Rico,Penuelas,74,0,0,18.059645,-66.721572,72111.0,304.7524915575323,0.0,74,70,0,0,70,70,,4,0,0,4,0
2020-08-08,US,Puerto Rico,Ponce,478,0,0,18.059498,-66.613748,72113.0,287.3856920403784,0.0,478,460,0,0,460,449,,18,0,0,18,11
2020-08-08,US,Puerto Rico,Quebradillas,79,0,0,18.439692,-66.926113,72115.0,304.7957097110228,0.0,79,78,0,0,78,77,,1,0,0,1,1
2020-08-08,US,Puerto Rico,Rincon,92,0,0,18.335443,-67.23174,72117.0,605.2631578947369,0.0,92,92,0,0,92,89,,0,0,0,0,3
2020-08-08,US,Puerto Rico,Rio Grande,281,0,0,18.346329,-65.813742,72119.0,517.4572775486154,0.0,281,280,0,0,280,266,,1,0,0,1,14
2020-08-08,US,Puerto Rico,Sabana Grande,122,0,0,18.08282,-66.943758,72121.0,482.8814565604591,0.0,122,121,0,0,121,117,,1,0,0,1,4
2020-08-08,US,Puerto Rico,Salinas,164,0,0,18.010386999999994,-66.256592,72123.0,527.7044854881267,0.0,164,155,0,0,155,145,,9,0,0,9,10
2020-08-08,US,Puerto Rico,San German,140,0,0,18.111484,-67.03858100000001,72125.0,394.0664846454809,0.0,140,134,0,0,134,131,,6,0,0,6,3
2020-08-08,US,Puerto Rico,San Juan,3133,0,0,18.386933,-66.061128,72127.0,792.5104850174288,0.0,3133,3022,0,0,3022,2888,,111,0,0,111,134
2020-08-08,US,Puerto Rico,San Lorenzo,169,0,0,18.147987,-65.976392,72129.0,411.61284037215654,0.0,169,162,0,0,162,147,,7,0,0,7,15
2020-08-08,US,Puerto Rico,San Sebastian,220,0,0,18.328646,-66.971214,72131.0,518.5010605703511,0.0,220,217,0,0,217,212,,3,0,0,3,5
2020-08-08,US,Puerto Rico,Santa Isabel,94,0,0,17.994525,-66.388913,72133.0,403.8841625848585,0.0,94,93,0,0,93,93,,1,0,0,1,0
2020-08-08,US,Puerto Rico,Toa Alta,563,0,0,18.362406,-66.246616,72135.0,760.1328544811385,0.0,563,540,0,0,540,511,,23,0,0,23,29
2020-08-08,US,Puerto Rico,Toa Baja,511,0,0,18.431446,-66.213553,72137.0,570.2552198997869,0.0,511,494,0,0,494,470,,17,0,0,17,24
2020-08-08,US,Puerto Rico,Trujillo Alto,481,0,0,18.336159,-65.99888399999999,72139.0,642.6872611635179,0.0,481,464,0,0,464,446,,17,0,0,17,18
2020-08-08,US,Puerto Rico,Unassigned,517,274,0,0.0,0.0,72999.0,0.0,52.99806576402321,243,469,265,0,204,478,,48,9,0,39,-9
2020-08-08,US,Puerto Rico,Utuado,60,0,0,18.271214,-66.702984,72141.0,181.0009351714984,0.0,60,58,0,0,58,57,,2,0,0,2,1
2020-08-08,US,Puerto Rico,Vega Alta,224,0,0,18.409346,-66.33725,72143.0,560.6868413806914,0.0,224,212,0,0,212,198,,12,0,0,12,14
2020-08-08,US,Puerto Rico,Vega Baja,393,0,0,18.428262,-66.397924,72145.0,658.7107371526265,0.0,393,373,0,0,373,356,,20,0,0,20,17
2020-08-08,US,Puerto Rico,Vieques,57,0,0,18.123276,-65.44097099999999,72147.0,612.837329319428,0.0,57,53,0,0,53,51,,4,0,0,4,2
2020-08-08,US,Puerto Rico,Villalba,78,0,0,18.127951,-66.473115,72149.0,299.16005062708547,0.0,78,76,0,0,76,75,,2,0,0,2,1
2020-08-08,US,Puerto Rico,Yabucoa,116,0,0,18.070399,-65.896289,72151.0,305.7378561450673,0.0,116,112,0,0,112,104,,4,0,0,4,8
2020-08-08,US,Puerto Rico,Yauco,237,0,0,18.080374,-66.858814,72153.0,563.7085840686916,0.0,237,231,0,0,231,230,,6,0,0,6,1
2020-08-08,US,Rhode Island,Bristol,316,0,0,41.71018079,-71.28652315,44001.0,651.8286268281113,0.0,316,316,0,0,316,316,48649,0,0,0,0,0
2020-08-08,US,Rhode Island,Kent,1494,0,0,41.67106337,-71.57641596,44003.0,909.3565115769484,0.0,1494,1494,0,0,1494,1494,163861,0,0,0,0,0
2020-08-08,US,Rhode Island,Newport,396,0,0,41.5642026,-71.26569799,44005.0,482.44438488340927,0.0,396,396,0,0,396,396,82542,0,0,0,0,0
2020-08-08,US,Rhode Island,Providence,15047,0,0,41.87064746,-71.57753536,44007.0,2355.027381673452,0.0,15047,15047,0,0,15047,15047,636084,0,0,0,0,0
2020-08-08,US,Rhode Island,Unassigned,1878,1014,0,0.0,0.0,90044.0,0.0,53.993610223642165,864,1878,1014,0,864,1751,,0,0,0,0,127
2020-08-08,US,Rhode Island,Washington,607,0,0,41.45961631,-71.61435303,44009.0,483.3687697587934,0.0,607,607,0,0,607,607,126179,0,0,0,0,0
2020-08-08,US,South Carolina,Abbeville,325,8,0,34.22333378,-82.46170658,45001.0,1325.0703306560115,2.4615384615384617,317,321,8,0,313,313,24541,4,0,0,4,8
2020-08-08,US,South Carolina,Aiken,1843,37,0,33.54338026,-81.63645384,45003.0,1078.5851397537338,2.007596310363538,1806,1810,34,0,1776,1788,169401,33,3,0,30,22
2020-08-08,US,South Carolina,Allendale,216,3,0,32.98837386,-81.35321066,45005.0,2486.187845303868,1.3888888888888888,213,213,3,0,210,204,8903,3,0,0,3,9
2020-08-08,US,South Carolina,Anderson,2321,62,0,34.51828081,-82.63959517,45007.0,1145.8446469653136,2.6712623869021974,2259,2271,59,0,2212,2237,200482,50,3,0,47,34
2020-08-08,US,South Carolina,Bamberg,468,22,0,33.21927586,-81.05659969,45009.0,3327.1719038817005,4.700854700854701,446,463,20,0,443,455,14275,5,2,0,3,8
2020-08-08,US,South Carolina,Barnwell,409,5,0,33.26679302,-81.43584352,45011.0,1960.126521614109,1.2224938875305624,404,402,5,0,397,390,21112,7,0,0,7,12
2020-08-08,US,South Carolina,Beaufort,4046,55,0,32.39226291,-80.72619758,45013.0,2105.9535087080085,1.3593672763222937,3991,3999,55,0,3944,3921,188715,47,0,0,47,78
2020-08-08,US,South Carolina,Berkeley,4133,66,0,33.20222596,-79.94654523,45015.0,1813.4589986266326,1.5969029760464553,4067,4079,66,0,4013,4049,221091,54,0,0,54,30
2020-08-08,US,South Carolina,Calhoun,374,10,0,33.66926881,-80.77722168,45017.0,2569.916855631141,2.6737967914438503,364,367,10,0,357,371,14520,7,0,0,7,-4
2020-08-08,US,South Carolina,Charleston,12213,194,0,32.82487866,-79.96512315,45019.0,2968.600360714234,1.5884713010726277,12019,12118,189,0,11929,12019,405905,95,5,0,90,99
2020-08-08,US,South Carolina,Cherokee,630,28,0,35.05122251,-81.61828622,45021.0,1099.476439790576,4.4444444444444455,602,624,28,0,596,599,57078,6,0,0,6,25
2020-08-08,US,South Carolina,Chester,654,14,0,34.69249168,-81.1583216,45023.0,2028.2843319687383,2.1406727828746184,640,633,13,0,620,613,32251,21,1,0,20,20
2020-08-08,US,South Carolina,Chesterfield,758,21,0,34.64137396,-80.15640140000002,45025.0,1660.460021905805,2.7704485488126647,737,743,21,0,722,729,45754,15,0,0,15,14
2020-08-08,US,South Carolina,Clarendon,836,51,0,33.66610974,-80.21647898,45027.0,2477.404059860721,6.100478468899523,785,826,51,0,775,817,33700,10,0,0,10,9
2020-08-08,US,South Carolina,Colleton,807,34,0,32.87582989,-80.67641292,45029.0,2141.890277888367,4.213135068153656,773,798,34,0,764,791,37660,9,0,0,9,7
2020-08-08,US,South Carolina,Darlington,1261,35,0,34.33358335,-79.96027485,45031.0,1892.8818037167127,2.7755749405233936,1226,1234,35,0,1199,1189,66802,27,0,0,27,45
2020-08-08,US,South Carolina,Dillon,634,24,0,34.39007791,-79.37741872,45033.0,2080.120738869385,3.785488958990536,610,619,24,0,595,607,30599,15,0,0,15,12
2020-08-08,US,South Carolina,Dorchester,3070,47,0,33.0794369,-80.40502652,45035.0,1885.645142467554,1.530944625407166,3023,3021,47,0,2974,2968,160647,49,0,0,49,53
2020-08-08,US,South Carolina,Edgefield,318,7,0,33.77221995,-81.96231108,45037.0,1166.5443873807774,2.2012578616352205,311,314,6,0,308,303,27052,4,1,0,3,11
2020-08-08,US,South Carolina,Fairfield,564,23,0,34.39287073,-81.1195624,45039.0,2523.828701839173,4.078014184397163,541,557,23,0,534,554,22402,7,0,0,7,3
2020-08-08,US,South Carolina,Florence,3371,112,0,34.02361754,-79.70189312,45041.0,2437.578185446841,3.3224562444378525,3259,3329,108,0,3221,3258,138159,42,4,0,38,71
2020-08-08,US,South Carolina,Georgetown,1446,20,0,33.43443342,-79.33202141,45043.0,2306.955966815571,1.3831258644536653,1426,1419,19,0,1400,1345,62249,27,1,0,26,74
2020-08-08,US,South Carolina,Greenville,10819,206,0,34.89502264,-82.37295012,45045.0,2066.5008729003594,1.904057676310195,10613,10745,204,0,10541,10635,514213,74,2,0,72,110
2020-08-08,US,South Carolina,Greenwood,1375,18,0,34.15272415,-82.12715789,45047.0,1941.788705144681,1.3090909090909093,1357,1355,18,0,1337,1336,70741,20,0,0,20,19
2020-08-08,US,South Carolina,Hampton,421,9,0,32.77419582,-81.13845571,45049.0,2190.198730621163,2.1377672209026133,412,412,7,0,405,405,19351,9,2,0,7,7
2020-08-08,US,South Carolina,Horry,8555,151,0,33.9212828,-78.99555293,45051.0,2416.113827062169,1.7650496785505552,8404,8486,146,0,8340,8371,344147,69,5,0,64,115
2020-08-08,US,South Carolina,Jasper,578,15,0,32.43171982,-81.02487495,45053.0,1921.9898247597512,2.5951557093425603,563,571,15,0,556,560,28971,7,0,0,7,11
2020-08-08,US,South Carolina,Kershaw,1390,24,0,34.33988254,-80.58763164,45055.0,2088.623762227465,1.7266187050359711,1366,1365,23,0,1342,1357,65592,25,1,0,24,8
2020-08-08,US,South Carolina,Lancaster,1181,23,0,34.68270843,-80.70513032,45057.0,1204.9544953679142,1.947502116850127,1158,1161,23,0,1138,1138,95380,20,0,0,20,23
2020-08-08,US,South Carolina,Laurens,1311,44,0,34.48244419,-82.00490796,45059.0,1942.4236587497962,3.3562166285278416,1267,1292,43,0,1249,1275,66994,19,1,0,18,17
2020-08-08,US,South Carolina,Lee,561,27,0,34.16393091,-80.25690731,45061.0,3333.7294984549562,4.81283422459893,534,556,27,0,529,542,17142,5,0,0,5,14
2020-08-08,US,South Carolina,Lexington,4923,110,0,33.89665987,-81.27146426,45063.0,1647.8661087866108,2.2344099126548853,4813,4877,108,0,4769,4839,295032,46,2,0,44,38
2020-08-08,US,South Carolina,Marion,549,13,0,34.07859748,-79.36400756,45067.0,1790.781876895978,2.3679417122040074,536,542,13,0,529,535,31039,7,0,0,7,7
2020-08-08,US,South Carolina,Marlboro,489,4,0,34.59905577,-79.67561152,45069.0,1872.2719963243744,0.8179959100204499,485,473,4,0,469,468,26398,16,0,0,16,5
2020-08-08,US,South Carolina,McCormick,116,2,0,33.90161443,-82.30794338,45065.0,1225.8269047870654,1.7241379310344829,114,113,2,0,111,108,9410,3,0,0,3,5
2020-08-08,US,South Carolina,Newberry,841,9,0,34.28629098,-81.59935761,45071.0,2187.825182101977,1.070154577883472,832,830,9,0,821,828,38520,11,0,0,11,2
2020-08-08,US,South Carolina,Oconee,815,9,0,34.75225169,-83.06742317,45073.0,1024.5644029869507,1.1042944785276074,806,802,9,0,793,787,78374,13,0,0,13,15
2020-08-08,US,South Carolina,Orangeburg,2383,64,0,33.4391073,-80.79886287,45075.0,2765.303162170003,2.6856903063365505,2319,2353,61,0,2292,2304,86934,30,3,0,27,49
2020-08-08,US,South Carolina,Pickens,1841,27,0,34.88807695,-82.72791551,45077.0,1450.9315595346936,1.4665942422596414,1814,1818,27,0,1791,1793,124937,23,0,0,23,25
2020-08-08,US,South Carolina,Richland,8707,151,0,34.01791263,-80.90267209,45079.0,2094.24209698407,1.7342368209486618,8556,8579,148,0,8431,8464,414576,128,3,0,125,115
2020-08-08,US,South Carolina,Saluda,452,8,0,34.00795823,-81.72713237,45081.0,2207.78586430909,1.7699115044247788,444,449,8,0,441,443,20544,3,0,0,3,6
2020-08-08,US,South Carolina,Spartanburg,4057,101,0,34.92960077,-81.99225984,45083.0,1268.6648842190848,2.489524279023909,3956,4005,99,0,3906,3961,313888,52,2,0,50,44
2020-08-08,US,South Carolina,Sumter,2515,50,0,33.91826534,-80.37942316,45085.0,2356.6121007112,1.9880715705765408,2465,2463,47,0,2416,2419,106512,52,3,0,49,44
2020-08-08,US,South Carolina,Union,360,4,0,34.68835752,-81.61730349,45087.0,1317.9089178503439,1.1111111111111112,356,355,4,0,351,346,27410,5,0,0,5,9
2020-08-08,US,South Carolina,Williamsburg,993,31,0,33.62190129,-79.72767442,45089.0,3269.8893572181237,3.121852970795569,962,983,30,0,953,961,30606,10,1,0,9,22
2020-08-08,US,South Carolina,York,3531,29,0,34.97281497,-81.18085944,45091.0,1256.6775452969796,0.8212970829793259,3502,3474,29,0,3445,3402,274118,57,0,0,57,72
2020-08-08,US,South Dakota,Aurora,38,0,0,43.71757685,-98.56050467,46003.0,1381.315885132679,0.0,38,38,0,0,38,38,2801,0,0,0,0,0
2020-08-08,US,South Dakota,Beadle,591,9,0,44.41464384,-98.27858469,46005.0,3202.7312632092353,1.5228426395939083,582,587,9,0,578,587,18883,4,0,0,4,0
2020-08-08,US,South Dakota,Bennett,6,0,0,43.19486375,-101.6665572,46007.0,178.30609212481426,0.0,6,6,0,0,6,6,3468,0,0,0,0,0
2020-08-08,US,South Dakota,Bon Homme,13,0,0,42.98914167,-97.88592746,46009.0,188.37849587016373,0.0,13,13,0,0,13,13,6980,0,0,0,0,0
2020-08-08,US,South Dakota,Brookings,133,1,0,44.36974375,-96.79079945,46011.0,379.1658351626422,0.7518796992481203,132,128,1,0,127,127,35232,5,0,0,5,1
2020-08-08,US,South Dakota,Brown,436,3,0,45.58994323,-98.35165355,46013.0,1122.582970725302,0.6880733944954128,433,428,3,0,425,422,39316,8,0,0,8,6
2020-08-08,US,South Dakota,Brule,45,0,0,43.71756379,-99.08118954,46015.0,849.5374740419105,0.0,45,45,0,0,45,45,5229,0,0,0,0,0
2020-08-08,US,South Dakota,Buffalo,109,3,0,44.07657829,-99.20814467,46017.0,5555.555555555556,2.7522935779816518,106,109,3,0,106,109,2036,0,0,0,0,0
2020-08-08,US,South Dakota,Butte,14,1,0,44.90608745,-103.5079318,46019.0,134.24105858663341,7.142857142857142,13,14,1,0,13,14,10222,0,0,0,0,0
2020-08-08,US,South Dakota,Campbell,3,0,0,45.77074915,-100.0510181,46021.0,218.02325581395348,0.0,3,3,0,0,3,3,1377,0,0,0,0,0
2020-08-08,US,South Dakota,Charles Mix,101,0,0,43.20660134,-98.58856175,46023.0,1086.9565217391305,0.0,101,101,0,0,101,100,9338,0,0,0,0,1
2020-08-08,US,South Dakota,Clark,16,0,0,44.85834507,-97.72925109,46025.0,428.2655246252677,0.0,16,16,0,0,16,16,3739,0,0,0,0,0
2020-08-08,US,South Dakota,Clay,124,0,0,42.91296147,-96.97656917,46027.0,881.3077469793888,0.0,124,124,0,0,124,123,14041,0,0,0,0,1
2020-08-08,US,South Dakota,Codington,129,1,0,44.97788119,-97.18827677,46029.0,460.56624656360464,0.7751937984496124,128,129,1,0,128,124,28015,0,0,0,0,5
2020-08-08,US,South Dakota,Corson,32,0,0,45.70889983,-101.1970473,46031.0,783.1620166421927,0.0,32,32,0,0,32,30,4165,0,0,0,0,2
2020-08-08,US,South Dakota,Custer,32,0,0,43.67741105,-103.45345209999999,46033.0,356.66518056174766,0.0,32,29,0,0,29,26,8726,3,0,0,3,3
2020-08-08,US,South Dakota,Davison,94,1,0,43.67490933,-98.14458906,46035.0,475.3476611883692,1.0638297872340423,93,94,1,0,93,94,19790,0,0,0,0,0
2020-08-08,US,South Dakota,Day,23,0,0,45.367281,-97.60737498,46037.0,424.04129793510316,0.0,23,21,0,0,21,21,5505,2,0,0,2,0
2020-08-08,US,South Dakota,Deuel,10,0,0,44.75994309,-96.66943645,46039.0,229.83222247759136,0.0,10,10,0,0,10,9,4337,0,0,0,0,1
2020-08-08,US,South Dakota,Dewey,49,0,0,45.15639647,-100.8709139,46041.0,831.6361167684996,0.0,49,50,0,0,50,65,5904,-1,0,0,-1,-15
2020-08-08,US,South Dakota,Douglas,17,0,0,43.38520741,-98.36978007,46043.0,581.9924683327628,0.0,17,17,0,0,17,16,2935,0,0,0,0,1
2020-08-08,US,South Dakota,Edmunds,14,0,0,45.41846445,-99.21545423,46045.0,365.6307129798903,0.0,14,14,0,0,14,13,3875,0,0,0,0,1
2020-08-08,US,South Dakota,Fall River,22,0,0,43.23929297,-103.5275691,46047.0,327.7223298078356,0.0,22,22,0,0,22,20,6758,0,0,0,0,2
2020-08-08,US,South Dakota,Faulk,26,1,0,45.07082625,-99.14535601,46049.0,1130.9264897781645,3.8461538461538463,25,26,1,0,25,26,2330,0,0,0,0,0
2020-08-08,US,South Dakota,Grant,26,0,0,45.1723937,-96.77002276,46051.0,368.689733408962,0.0,26,24,0,0,24,24,7147,2,0,0,2,0
2020-08-08,US,South Dakota,Gregory,7,0,0,43.19419064,-99.18883902,46053.0,167.26403823178018,0.0,7,7,0,0,7,7,4212,0,0,0,0,0
2020-08-08,US,South Dakota,Haakon,2,0,0,44.29299053,-101.539099,46055.0,105.318588730911,0.0,2,2,0,0,2,2,1918,0,0,0,0,0
2020-08-08,US,South Dakota,Hamlin,18,0,0,44.67385954,-97.18829593,46057.0,292.0181700194679,0.0,18,17,0,0,17,16,6111,1,0,0,1,1
2020-08-08,US,South Dakota,Hand,7,0,0,44.54708407,-99.00386459,46059.0,219.36696960200558,0.0,7,7,0,0,7,7,3262,0,0,0,0,0
2020-08-08,US,South Dakota,Hanson,21,0,0,43.6746384,-97.78715148,46061.0,608.1668114682883,0.0,21,21,0,0,21,21,3376,0,0,0,0,0
2020-08-08,US,South Dakota,Hughes,92,2,0,44.39091534,-99.99661148,46065.0,524.9343832020999,2.1739130434782608,90,88,2,0,86,88,17650,4,0,0,4,0
2020-08-08,US,South Dakota,Hutchinson,28,0,0,43.33449012,-97.75536441,46067.0,384.0351117816487,0.0,28,27,0,0,27,27,7380,1,0,0,1,0
2020-08-08,US,South Dakota,Hyde,3,0,0,44.54747703,-99.48572582,46069.0,230.59185242121444,0.0,3,3,0,0,3,3,1282,0,0,0,0,0
2020-08-08,US,South Dakota,Jackson,11,1,0,43.69318385,-101.6255063,46071.0,328.9473684210526,9.090909090909092,10,11,1,0,10,11,3307,0,0,0,0,0
2020-08-08,US,South Dakota,Jerauld,39,1,0,44.06637798,-98.62965972,46073.0,1937.4068554396426,2.5641025641025643,38,39,1,0,38,40,2043,0,0,0,0,-1
2020-08-08,US,South Dakota,Jones,2,0,0,43.96278565,-100.6940008,46075.0,221.4839424141749,0.0,2,2,0,0,2,2,928,0,0,0,0,0
2020-08-08,US,South Dakota,Kingsbury,14,0,0,44.36956169,-97.4913945,46077.0,283.4581899169873,0.0,14,14,0,0,14,14,4919,0,0,0,0,0
2020-08-08,US,South Dakota,Lake,91,2,0,44.02193107,-97.12926365,46079.0,711.1041650386809,2.1978021978021984,89,90,2,0,88,89,13057,1,0,0,1,1
2020-08-08,US,South Dakota,Lawrence,52,0,0,44.35919441,-103.79294279999999,46081.0,201.20724346076457,0.0,52,46,0,0,46,40,25741,6,0,0,6,6
2020-08-08,US,South Dakota,Lincoln,621,2,0,43.27841182,-96.72039050000001,46083.0,1015.9010600706714,0.322061191626409,619,609,2,0,607,602,58807,12,0,0,12,7
2020-08-08,US,South Dakota,Lyman,89,2,0,43.89522709,-99.85201878,46085.0,2353.874636339593,2.247191011235955,87,88,2,0,86,88,3821,1,0,0,1,0
2020-08-08,US,South Dakota,Marshall,9,0,0,45.75870838,-97.59855639,46091.0,182.370820668693,0.0,9,8,0,0,8,8,5112,1,0,0,1,0
2020-08-08,US,South Dakota,McCook,27,1,0,43.6742571,-97.36863144,46087.0,483.35123523093455,3.703703703703704,26,26,1,0,25,26,5546,1,0,0,1,0
2020-08-08,US,South Dakota,McPherson,8,0,0,45.76626028,-99.22118798,46089.0,336.27574611181166,0.0,8,8,0,0,8,8,2407,0,0,0,0,0
2020-08-08,US,South Dakota,Meade,91,1,0,44.56676791,-102.71627409999999,46093.0,321.1915854863758,1.0989010989010992,90,87,1,0,86,82,28294,4,0,0,4,5
2020-08-08,US,South Dakota,Mellette,24,0,0,43.58078848,-100.7563186,46095.0,1164.4832605531294,0.0,24,24,0,0,24,24,2042,0,0,0,0,0
2020-08-08,US,South Dakota,Miner,15,0,0,44.02197882,-97.60992207,46097.0,676.8953068592058,0.0,15,15,0,0,15,15,2213,0,0,0,0,0
2020-08-08,US,South Dakota,Minnehaha,4376,68,0,43.67441641,-96.7910885,46099.0,2265.784377685959,1.553930530164534,4308,4349,67,0,4282,4329,192876,27,1,0,26,20
2020-08-08,US,South Dakota,Moody,32,0,0,44.02266214,-96.67081159,46101.0,486.61800486618006,0.0,32,32,0,0,32,32,6579,0,0,0,0,0
2020-08-08,US,South Dakota,Oglala Lakota,154,2,0,43.33749164,-102.55554980000001,46102.0,1086.2664879734782,1.2987012987012987,152,153,2,0,151,152,14309,1,0,0,1,1
2020-08-08,US,South Dakota,Pennington,881,32,0,44.0025835,-102.8240777,46103.0,774.3353109206768,3.632236095346197,849,875,31,0,844,863,111729,6,1,0,5,12
2020-08-08,US,South Dakota,Perkins,6,0,0,45.49049506,-102.47555859999999,46105.0,209.42408376963348,0.0,6,6,0,0,6,6,2922,0,0,0,0,0
2020-08-08,US,South Dakota,Potter,1,0,0,45.06583079,-99.95498503,46107.0,46.44681839294008,0.0,1,1,0,0,1,1,2207,0,0,0,0,0
2020-08-08,US,South Dakota,Roberts,81,1,0,45.62975048,-96.94672673,46109.0,779.2957475466617,1.2345679012345678,80,75,1,0,74,73,10447,6,0,0,6,2
2020-08-08,US,South Dakota,Sanborn,13,0,0,44.02351092,-98.09098159999999,46111.0,554.6075085324234,0.0,13,13,0,0,13,13,2429,0,0,0,0,0
2020-08-08,US,South Dakota,Spink,24,0,0,44.93837606,-98.34626602,46115.0,376.4115432873275,0.0,24,24,0,0,24,22,6495,0,0,0,0,2
2020-08-08,US,South Dakota,Stanley,14,0,0,44.41381872,-100.7349153,46117.0,451.9044544867656,0.0,14,14,0,0,14,14,3022,0,0,0,0,0
2020-08-08,US,South Dakota,Sully,3,0,0,44.71571812,-100.1278092,46119.0,215.67217828900073,0.0,3,2,0,0,2,1,1392,1,0,0,1,1
2020-08-08,US,South Dakota,Todd,69,5,0,43.19338568,-100.71955030000001,46121.0,677.9994104352952,7.246376811594202,64,68,5,0,63,67,10283,1,0,0,1,1
2020-08-08,US,South Dakota,Tripp,20,0,0,43.34459388,-99.8854891,46123.0,367.5794890645102,0.0,20,20,0,0,20,20,5478,0,0,0,0,0
2020-08-08,US,South Dakota,Turner,51,0,0,43.3109081,-97.14865776,46125.0,608.3015267175572,0.0,51,50,0,0,50,49,8424,1,0,0,1,1
2020-08-08,US,South Dakota,Union,213,4,0,42.83112163,-96.6557828,46127.0,1336.9319608335425,1.8779342723004693,209,209,4,0,205,208,15619,4,0,0,4,1
2020-08-08,US,South Dakota,Walworth,18,0,0,45.43019636,-100.03075140000001,46129.0,331.1867525298988,0.0,18,18,0,0,18,18,5587,0,0,0,0,0
2020-08-08,US,South Dakota,Yankton,113,2,0,43.00924485,-97.39467635,46135.0,495.30989743140185,1.7699115044247788,111,110,2,0,108,104,22869,3,0,0,3,6
2020-08-08,US,South Dakota,Ziebach,34,0,0,44.97881876,-101.6654622,46137.0,1233.6719883889696,0.0,34,33,0,0,33,10,2742,1,0,0,1,23
2020-08-08,US,Tennessee,Anderson,676,6,0,36.12684348,-84.19965764,47001.0,878.1729844890747,0.8875739644970414,670,668,6,0,662,651,76482,8,0,0,8,17
2020-08-08,US,Tennessee,Bedford,918,11,0,35.51123746,-86.45549096,47003.0,1846.5994810210607,1.198257080610022,907,908,11,0,897,901,49038,10,0,0,10,7
2020-08-08,US,Tennessee,Benton,148,1,0,36.07110411,-88.06849355,47005.0,915.8415841584157,0.6756756756756757,147,139,1,0,138,126,16184,9,0,0,9,13
2020-08-08,US,Tennessee,Bledsoe,695,1,0,35.59942968,-85.20611967,47007.0,4613.648433351035,0.14388489208633093,694,690,1,0,689,686,14755,5,0,0,5,4
2020-08-08,US,Tennessee,Blount,1277,11,0,35.68938198,-83.92847788,47009.0,959.5155085357055,0.8613938919342208,1266,1243,10,0,1233,1222,131349,34,1,0,33,21
2020-08-08,US,Tennessee,Bradley,1903,12,0,35.15739424,-84.857186,47011.0,1760.2441957265744,0.6305832895428272,1891,1874,12,0,1862,1817,106727,29,0,0,29,57
2020-08-08,US,Tennessee,Campbell,247,1,0,36.40355516,-84.15108559999999,47013.0,619.9487977511169,0.4048582995951417,246,239,1,0,238,229,39583,8,0,0,8,10
2020-08-08,US,Tennessee,Cannon,143,0,0,35.80990797,-86.05738983,47015.0,974.2471726393242,0.0,143,142,0,0,142,136,14462,1,0,0,1,6
2020-08-08,US,Tennessee,Carroll,296,3,0,35.97366108,-88.45189331,47017.0,1066.0136132819534,1.0135135135135136,293,290,3,0,287,272,28020,6,0,0,6,18
2020-08-08,US,Tennessee,Carter,512,6,0,36.28969086,-82.12588974,47019.0,907.9463034881453,1.171875,506,497,6,0,491,473,56351,15,0,0,15,24
2020-08-08,US,Tennessee,Cheatham,578,7,0,36.26136216,-87.08903581,47021.0,1421.2998254112674,1.2110726643598615,571,573,7,0,566,569,40439,5,0,0,5,4
2020-08-08,US,Tennessee,Chester,217,2,0,35.42527478,-88.6095842,47023.0,1254.5528126264674,0.9216589861751152,215,211,2,0,209,206,17276,6,0,0,6,5
2020-08-08,US,Tennessee,Claiborne,266,0,0,36.48319149,-83.65947309,47025.0,832.3164053944116,0.0,266,255,0,0,255,242,31756,11,0,0,11,13
2020-08-08,US,Tennessee,Clay,75,0,0,36.55151008,-85.53930419,47027.0,984.8982271831912,0.0,75,74,0,0,74,71,7717,1,0,0,1,3
2020-08-08,US,Tennessee,Cocke,457,2,0,35.9278914,-83.11828725,47029.0,1269.303410732141,0.43763676148796504,455,450,2,0,448,439,35774,7,0,0,7,11
2020-08-08,US,Tennessee,Coffee,522,3,0,35.49090731,-86.07311784,47031.0,923.5668789808916,0.5747126436781609,519,507,3,0,504,482,55700,15,0,0,15,25
2020-08-08,US,Tennessee,Crockett,266,4,0,35.81830662,-89.14916269,47033.0,1869.2902319044272,1.5037593984962403,262,260,4,0,256,253,14328,6,0,0,6,7
2020-08-08,US,Tennessee,Cumberland,450,6,0,35.95271721,-84.99840585,47035.0,743.5558493060146,1.3333333333333333,444,412,6,0,406,398,59673,38,0,0,38,14
2020-08-08,US,Tennessee,Davidson,20383,213,0,36.17007426,-86.78646056,47037.0,2936.422413793104,1.0449884707844772,20170,20185,212,0,19973,20001,692587,198,1,0,197,184
2020-08-08,US,Tennessee,DeKalb,349,2,0,35.97616272,-85.83689361,47041.0,1703.269887750122,0.5730659025787965,347,339,2,0,337,331,20138,10,0,0,10,8
2020-08-08,US,Tennessee,Decatur,198,3,0,35.60048904,-88.11043779,47039.0,1697.676412586813,1.5151515151515151,195,198,3,0,195,188,11706,0,0,0,0,10
2020-08-08,US,Tennessee,Dickson,679,2,0,36.14669837,-87.35891709,47043.0,1258.619411284941,0.29455081001472755,677,666,2,0,664,652,53446,13,0,0,13,14
2020-08-08,US,Tennessee,Dyer,628,7,0,36.05931946,-89.41542855,47045.0,1690.0347156812616,1.1146496815286624,621,619,7,0,612,593,37320,9,0,0,9,26
2020-08-08,US,Tennessee,Fayette,686,8,0,35.19615831,-89.41399032,47047.0,1667.760678773734,1.1661807580174928,678,670,8,0,662,652,40507,16,0,0,16,18
2020-08-08,US,Tennessee,Fentress,92,0,0,36.38128818,-84.92870012,47049.0,496.679803487556,0.0,92,88,0,0,88,79,18217,4,0,0,4,9
2020-08-08,US,Tennessee,Franklin,325,4,0,35.15634626,-86.09201039,47051.0,769.9962092494313,1.2307692307692308,321,313,4,0,309,302,41890,12,0,0,12,11
2020-08-08,US,Tennessee,Gibson,693,5,0,35.99438059,-88.93358327,47053.0,1410.4573301040036,0.7215007215007215,688,670,5,0,665,644,49045,23,0,0,23,26
2020-08-08,US,Tennessee,Giles,378,13,0,35.20222469,-87.03992678,47055.0,1282.921531360304,3.4391534391534386,365,369,13,0,356,369,29503,9,0,0,9,0
2020-08-08,US,Tennessee,Grainger,196,0,0,36.27469206,-83.51254721,47057.0,840.4802744425386,0.0,196,194,0,0,194,189,23145,2,0,0,2,5
2020-08-08,US,Tennessee,Greene,467,8,0,36.17470125,-82.84691273,47059.0,676.1354587441543,1.7130620985010707,459,447,7,0,440,418,69087,20,1,0,19,29
2020-08-08,US,Tennessee,Grundy,113,2,0,35.38433717,-85.72142731,47061.0,841.5878453861623,1.7699115044247788,111,111,2,0,109,108,13346,2,0,0,2,3
2020-08-08,US,Tennessee,Hamblen,1383,14,0,36.21990035,-83.26586179,47063.0,2129.8549296208457,1.0122921185827911,1369,1372,14,0,1358,1346,64569,11,0,0,11,26
2020-08-08,US,Tennessee,Hamilton,6062,53,0,35.17670231,-85.16652245,47065.0,1648.1604332742438,0.8742989112504124,6009,5970,52,0,5918,5884,364286,92,1,0,91,86
2020-08-08,US,Tennessee,Hancock,78,2,0,36.52692871,-83.22375847,47067.0,1178.2477341389729,2.5641025641025643,76,78,1,0,77,77,6549,0,1,0,-1,1
2020-08-08,US,Tennessee,Hardeman,898,17,0,35.20772017,-88.99161161,47069.0,3584.830339321357,1.8930957683741647,881,875,17,0,858,858,25220,23,0,0,23,17
2020-08-08,US,Tennessee,Hardin,462,8,0,35.19732531,-88.18593755,47071.0,1801.0291595197257,1.7316017316017316,454,453,8,0,445,444,25776,9,0,0,9,9
2020-08-08,US,Tennessee,Hawkins,451,7,0,36.44355426,-82.94885298,47073.0,794.209840453633,1.5521064301552103,444,435,7,0,428,416,56530,16,0,0,16,19
2020-08-08,US,Tennessee,Haywood,463,6,0,35.58332824,-89.28536625,47075.0,2675.6819232547386,1.2958963282937366,457,457,6,0,451,435,17335,6,0,0,6,22
2020-08-08,US,Tennessee,Henderson,563,2,0,35.65581134,-88.38600175,47077.0,2002.3473343528824,0.3552397868561279,561,547,2,0,545,517,27847,16,0,0,16,30
2020-08-08,US,Tennessee,Henry,276,0,0,36.33160906,-88.30121797,47079.0,853.3003555418147,0.0,276,266,0,0,266,248,32358,10,0,0,10,18
2020-08-08,US,Tennessee,Hickman,259,0,0,35.80609681,-87.47643507,47081.0,1028.6758281039,0.0,259,253,0,0,253,248,25063,6,0,0,6,5
2020-08-08,US,Tennessee,Houston,57,0,0,36.28872054,-87.71878828,47083.0,695.0371905865138,0.0,57,57,0,0,57,56,8263,0,0,0,0,1
2020-08-08,US,Tennessee,Humphreys,120,3,0,36.03958805,-87.77992872,47085.0,645.7862447529867,2.5,117,120,3,0,117,118,18486,0,0,0,0,2
2020-08-08,US,Tennessee,Jackson,124,1,0,36.36380466,-85.67239905,47087.0,1052.095706770745,0.8064516129032258,123,118,1,0,117,112,11758,6,0,0,6,6
2020-08-08,US,Tennessee,Jefferson,559,3,0,36.04818632,-83.45148924,47089.0,1025.782181851546,0.5366726296958855,556,552,3,0,549,525,54012,7,0,0,7,27
2020-08-08,US,Tennessee,Johnson,265,0,0,36.45523950000001,-81.84886538,47091.0,1489.7683831796717,0.0,265,258,0,0,258,225,17778,7,0,0,7,33
2020-08-08,US,Tennessee,Knox,4513,38,0,35.99508821,-83.94635435,47093.0,959.5737306857347,0.842011965433193,4475,4407,37,0,4370,4298,465289,106,1,0,105,109
2020-08-08,US,Tennessee,Lake,782,0,0,36.34180170000001,-89.48921915,47095.0,11145.952109464082,0.0,782,782,0,0,782,765,7411,0,0,0,0,17
2020-08-08,US,Tennessee,Lauderdale,489,8,0,35.75893438,-89.63015909999999,47097.0,1907.6971091951784,1.6359918200408998,481,487,8,0,479,455,25825,2,0,0,2,32
2020-08-08,US,Tennessee,Lawrence,550,6,0,35.21675201,-87.39787695,47099.0,1245.9788863214173,1.0909090909090908,544,534,6,0,528,527,43734,16,0,0,16,7
2020-08-08,US,Tennessee,Lewis,73,1,0,35.52853208,-87.49022694,47101.0,595.0440169546787,1.3698630136986298,72,71,1,0,70,67,12086,2,0,0,2,4
2020-08-08,US,Tennessee,Lincoln,280,1,0,35.13738622,-86.58910106,47103.0,814.7587732060757,0.35714285714285715,279,276,1,0,275,268,34117,4,0,0,4,8
2020-08-08,US,Tennessee,Loudon,725,3,0,35.73939663,-84.31145275,47105.0,1340.9040467559364,0.4137931034482759,722,718,3,0,715,705,53054,7,0,0,7,13
2020-08-08,US,Tennessee,Macon,858,13,0,36.53157855,-86.00778595,47111.0,3487.521339728477,1.5151515151515151,845,856,13,0,843,855,24265,2,0,0,2,1
2020-08-08,US,Tennessee,Madison,1064,17,0,35.61181957,-88.84076036,47113.0,1085.8915741345527,1.5977443609022557,1047,1024,17,0,1007,984,97605,40,0,0,40,40
2020-08-08,US,Tennessee,Marion,222,4,0,35.12997174,-85.62265895,47115.0,767.9800740305118,1.8018018018018016,218,216,4,0,212,213,28575,6,0,0,6,3
2020-08-08,US,Tennessee,Marshall,290,3,0,35.45798777,-86.76420988,47117.0,843.6363636363636,1.0344827586206895,287,283,3,0,280,275,33683,7,0,0,7,8
2020-08-08,US,Tennessee,Maury,1225,7,0,35.618741299999996,-87.07462444,47119.0,1270.9182773610546,0.5714285714285714,1218,1178,7,0,1171,1159,94340,47,0,0,47,19
2020-08-08,US,Tennessee,McMinn,531,20,0,35.42812616,-84.61520715,47107.0,987.0989329665018,3.766478342749529,511,524,20,0,504,509,53285,7,0,0,7,15
2020-08-08,US,Tennessee,McNairy,371,5,0,35.17468549,-88.5647812,47109.0,1443.916867751226,1.3477088948787062,366,366,5,0,361,351,25832,5,0,0,5,15
2020-08-08,US,Tennessee,Meigs,104,0,0,35.51558739,-84.81482914,47121.0,837.2242795041057,0.0,104,101,0,0,101,99,12306,3,0,0,3,2
2020-08-08,US,Tennessee,Monroe,418,9,0,35.44550387,-84.24902965,47123.0,898.055645074659,2.15311004784689,409,407,9,0,398,397,46357,11,0,0,11,10
2020-08-08,US,Tennessee,Montgomery,1902,13,0,36.49609412,-87.38550661,47125.0,910.0783279822772,0.6834910620399579,1889,1883,13,0,1870,1815,205950,19,0,0,19,68
2020-08-08,US,Tennessee,Moore,61,0,0,35.27724699,-86.36230578,47127.0,940.1972872996299,0.0,61,60,0,0,60,55,6411,1,0,0,1,5
2020-08-08,US,Tennessee,Morgan,118,1,0,36.13248031,-84.64880098,47129.0,551.3245806662618,0.8474576271186439,117,103,1,0,102,98,21579,15,0,0,15,5
2020-08-08,US,Tennessee,Obion,546,4,0,36.35732446,-89.14921589,47131.0,1815.823605706874,0.7326007326007326,542,519,4,0,515,490,30267,27,0,0,27,29
2020-08-08,US,Tennessee,Out of TN,2860,14,0,0.0,0.0,80047.0,0.0,0.4895104895104895,2846,2842,16,0,2826,2831,,18,-2,0,20,11
2020-08-08,US,Tennessee,Overton,180,1,0,36.34117832,-85.28989535,47133.0,809.3161278719482,0.5555555555555556,179,175,1,0,174,155,22068,5,0,0,5,20
2020-08-08,US,Tennessee,Perry,79,0,0,35.63708728,-87.86139634,47135.0,978.2070331847448,0.0,79,77,0,0,77,77,8064,2,0,0,2,0
2020-08-08,US,Tennessee,Pickett,31,1,0,36.55606529,-85.07763299999998,47137.0,614.1045958795563,3.2258064516129035,30,31,1,0,30,30,5082,0,0,0,0,1
2020-08-08,US,Tennessee,Polk,204,3,0,35.12245443,-84.52075859,47139.0,1211.9771863117876,1.4705882352941178,201,195,3,0,192,185,16898,9,0,0,9,10
2020-08-08,US,Tennessee,Putnam,1740,18,0,36.14005459,-85.50646123,47141.0,2168.3593993395225,1.0344827586206895,1722,1717,17,0,1700,1677,78843,23,1,0,22,40
2020-08-08,US,Tennessee,Rhea,528,2,0,35.60536161,-84.93076643,47143.0,1591.9437995598034,0.3787878787878788,526,522,1,0,521,517,33044,6,1,0,5,5
2020-08-08,US,Tennessee,Roane,461,2,0,35.84923189,-84.52458689,47145.0,863.5869768835937,0.4338394793926248,459,433,2,0,431,423,53140,28,0,0,28,10
2020-08-08,US,Tennessee,Robertson,1535,19,0,36.52454807,-86.87346725,47147.0,2137.4959965465864,1.237785016286645,1516,1521,19,0,1502,1506,71012,14,0,0,14,15
2020-08-08,US,Tennessee,Rutherford,6463,54,0,35.84591405,-86.4107263,47149.0,1945.017078712551,0.8355252978492959,6409,6404,53,0,6351,6298,324890,59,1,0,58,106
2020-08-08,US,Tennessee,Scott,118,0,0,36.42325673,-84.50360494,47151.0,534.7108936015951,0.0,118,118,0,0,118,110,22039,0,0,0,0,8
2020-08-08,US,Tennessee,Sequatchie,105,0,0,35.36979721,-85.41022136,47153.0,698.788766138693,0.0,105,102,0,0,102,100,14876,3,0,0,3,2
2020-08-08,US,Tennessee,Sevier,1850,7,0,35.78077323,-83.52244332,47155.0,1882.9516539440203,0.3783783783783784,1843,1830,7,0,1823,1791,97892,20,0,0,20,39
2020-08-08,US,Tennessee,Shelby,22916,301,0,35.1864775,-89.89692423,47157.0,2445.244492437839,1.3134927561529062,22615,22635,302,0,22333,22212,935764,281,-1,0,282,423
2020-08-08,US,Tennessee,Smith,445,4,0,36.25359775,-85.95411046,47159.0,2207.669792131765,0.8988764044943821,441,446,4,0,442,429,19942,-1,0,0,-1,17
2020-08-08,US,Tennessee,Stewart,74,0,0,36.50235092,-87.83920548,47161.0,539.5552314983595,0.0,74,73,0,0,73,74,13561,1,0,0,1,-1
2020-08-08,US,Tennessee,Sullivan,962,14,0,36.51240691,-82.30412917,47163.0,607.5226715841059,1.4553014553014554,948,933,12,0,921,895,157668,29,2,0,27,38
2020-08-08,US,Tennessee,Sumner,3404,73,0,36.46824103,-86.45917204,47165.0,1779.562219329475,2.144535840188014,3331,3365,73,0,3292,3316,187149,39,0,0,39,49
2020-08-08,US,Tennessee,Tipton,1195,9,0,35.501942,-89.73694895,47167.0,1939.9665578986678,0.7531380753138075,1186,1183,9,0,1174,1155,61581,12,0,0,12,28
2020-08-08,US,Tennessee,Trousdale,1582,6,0,36.39026213,-86.16087954,47169.0,14019.85111662531,0.3792667509481669,1576,1582,6,0,1576,1578,11012,0,0,0,0,4
2020-08-08,US,Tennessee,Unassigned,3128,10,0,0.0,0.0,90047.0,0.0,0.319693094629156,3118,3080,9,0,3071,3036,,48,1,0,47,44
2020-08-08,US,Tennessee,Unicoi,161,0,0,36.10890856,-82.43709629,47171.0,900.296370855002,0.0,161,156,0,0,156,148,17761,5,0,0,5,8
2020-08-08,US,Tennessee,Union,154,0,0,36.28590426,-83.83651902,47173.0,771.0795113158423,0.0,154,150,0,0,150,141,19688,4,0,0,4,9
2020-08-08,US,Tennessee,Van Buren,36,0,0,35.69864497,-85.45221699,47175.0,613.0790190735695,0.0,36,35,0,0,35,35,5765,1,0,0,1,0
2020-08-08,US,Tennessee,Warren,507,4,0,35.672829899999996,-85.77969117,47177.0,1228.2869394578095,0.7889546351084813,503,498,4,0,494,479,40878,9,0,0,9,19
2020-08-08,US,Tennessee,Washington,1225,2,0,36.29472368,-82.49454720000001,47179.0,946.8599033816423,0.16326530612244894,1223,1200,2,0,1198,1131,128607,25,0,0,25,69
2020-08-08,US,Tennessee,Wayne,225,2,0,35.23868267,-87.78644456,47181.0,1349.4871948659509,0.8888888888888888,223,225,2,0,223,224,16558,0,0,0,0,1
2020-08-08,US,Tennessee,Weakley,421,4,0,36.29896232,-88.71990865,47183.0,1263.2021123379739,0.9501187648456056,417,397,4,0,393,363,33415,24,0,0,24,34
2020-08-08,US,Tennessee,White,281,5,0,35.92929884,-85.45591799,47185.0,1027.6101663923937,1.7793594306049825,276,273,5,0,268,246,27107,8,0,0,8,27
2020-08-08,US,Tennessee,Williamson,3478,25,0,35.89099229,-86.89281867,47187.0,1458.8191869536768,0.718803910293272,3453,3448,25,0,3423,3405,231729,30,0,0,30,43
2020-08-08,US,Tennessee,Wilson,2262,23,0,36.15496772,-86.29775884,47189.0,1563.6989568427387,1.0167992926613616,2239,2229,23,0,2206,2190,140625,33,0,0,33,39
2020-08-08,US,Texas,Anderson,2402,12,0,31.81534745,-95.65354823,48001.0,4160.3879795617895,0.4995836802664446,2390,2379,10,0,2369,2353,58057,23,2,0,21,26
2020-08-08,US,Texas,Andrews,297,7,0,32.30468633,-102.6376548,48003.0,1587.8107457898957,2.356902356902357,290,279,6,0,273,277,18128,18,1,0,17,2
2020-08-08,US,Texas,Angelina,1796,45,0,31.25457347,-94.60901487,48005.0,2071.152626419881,2.5055679287305117,1751,1796,43,0,1753,1769,87092,0,2,0,-2,27
2020-08-08,US,Texas,Aransas,172,13,0,28.10556197,-96.9995047,48007.0,731.6035729476819,7.558139534883722,159,169,13,0,156,165,23792,3,0,0,3,4
2020-08-08,US,Texas,Archer,21,0,0,33.61569967,-98.68754589,48009.0,245.5278849526482,0.0,21,21,0,0,21,21,8786,0,0,0,0,0
2020-08-08,US,Texas,Armstrong,8,0,0,34.96507426,-101.3574874,48011.0,423.9533651298357,0.0,8,8,0,0,8,7,1892,0,0,0,0,1
2020-08-08,US,Texas,Atascosa,437,18,0,28.89333001,-98.52730485,48013.0,854.2998455613551,4.118993135011442,419,434,18,0,416,425,50310,3,0,0,3,9
2020-08-08,US,Texas,Austin,230,3,0,29.88548725,-96.27736949,48015.0,765.8497602557272,1.3043478260869563,227,230,3,0,227,223,29989,0,0,0,0,7
2020-08-08,US,Texas,Bailey,171,4,0,34.06854817,-102.8299707,48017.0,2442.857142857143,2.3391812865497075,167,170,4,0,166,168,7027,1,0,0,1,2
2020-08-08,US,Texas,Bandera,91,3,0,29.74619598,-99.24598147,48019.0,393.73485635167884,3.2967032967032965,88,89,3,0,86,89,22824,2,0,0,2,0
2020-08-08,US,Texas,Bastrop,1358,21,0,30.10370699,-97.31206354,48021.0,1530.6064943701183,1.5463917525773196,1337,1350,21,0,1329,1344,86976,8,0,0,8,6
2020-08-08,US,Texas,Baylor,11,0,0,33.61640794,-99.21352901,48023.0,313.47962382445144,0.0,11,9,0,0,9,8,3582,2,0,0,2,1
2020-08-08,US,Texas,Bee,1073,9,0,28.41761668,-97.74215593,48025.0,3294.9485644096417,0.8387698042870456,1064,885,9,0,876,704,32587,188,0,0,188,181
2020-08-08,US,Texas,Bell,3831,37,0,31.03736027,-97.4785025,48027.0,1055.592906503841,0.9658052727747324,3794,3785,36,0,3749,3733,355642,46,1,0,45,52
2020-08-08,US,Texas,Bexar,42531,773,0,29.44928723,-98.52019748,48029.0,2122.7778238070946,1.8174978251157976,41758,42299,739,0,41560,41939,1986049,232,34,0,198,360
2020-08-08,US,Texas,Blanco,98,5,0,30.26640707,-98.3999852,48031.0,821.3896571955411,5.1020408163265305,93,98,5,0,93,98,11702,0,0,0,0,0
2020-08-08,US,Texas,Bosque,161,2,0,31.89978581,-97.63613524,48035.0,861.6537329408618,1.2422360248447204,159,155,2,0,153,152,18691,6,0,0,6,3
2020-08-08,US,Texas,Bowie,764,32,0,33.44626922,-94.41834132,48037.0,819.3468818703418,4.18848167539267,732,764,32,0,732,707,94324,0,0,0,0,57
2020-08-08,US,Texas,Brazoria,7215,92,0,29.18757369,-95.44563172,48039.0,1927.7835966056045,1.2751212751212748,7123,7090,88,0,7002,6988,370200,125,4,0,121,102
2020-08-08,US,Texas,Brazos,4040,48,0,30.663644800000004,-96.30205577,48041.0,1762.5681140957458,1.188118811881188,3992,4024,47,0,3977,3997,226758,16,1,0,15,27
2020-08-08,US,Texas,Brewster,188,2,0,29.81008251,-103.2520326,48043.0,2042.8121264804959,1.0638297872340423,186,188,2,0,186,186,9267,0,0,0,0,2
2020-08-08,US,Texas,Briscoe,12,1,0,34.53026962,-101.2084947,48045.0,776.1966364812421,8.333333333333334,11,11,1,0,10,11,1516,1,0,0,1,0
2020-08-08,US,Texas,Brooks,99,3,0,27.03103197,-98.21808402,48047.0,1395.7422811222332,3.0303030303030303,96,99,2,0,97,95,7114,0,1,0,-1,4
2020-08-08,US,Texas,Brown,391,16,0,31.77430356,-98.99907113,48049.0,1032.643143883372,4.092071611253196,375,388,16,0,372,380,37924,3,0,0,3,8
2020-08-08,US,Texas,Burleson,240,6,0,30.49273808,-96.62158484,48051.0,1301.3067288402106,2.5,234,240,6,0,234,236,18389,0,0,0,0,4
2020-08-08,US,Texas,Burnet,552,9,0,30.78801353,-98.181887,48053.0,1146.2984113799193,1.6304347826086956,543,551,9,0,542,552,47542,1,0,0,1,-1
2020-08-08,US,Texas,Caldwell,1136,26,0,29.83668859,-97.61814775,48055.0,2601.685599120557,2.2887323943661966,1110,1122,26,0,1096,1118,43247,14,0,0,14,4
2020-08-08,US,Texas,Calhoun,544,4,0,28.47048236,-96.61633945,48057.0,2555.190230155002,0.7352941176470589,540,529,4,0,525,526,21561,15,0,0,15,3
2020-08-08,US,Texas,Callahan,46,3,0,32.29760619,-99.37326312,48059.0,329.9146525138063,6.521739130434782,43,46,3,0,43,46,13994,0,0,0,0,0
2020-08-08,US,Texas,Cameron,16290,425,0,26.14524221,-97.48140372,48061.0,3849.580421728743,2.608962553713935,15865,15865,415,0,15450,15865,423908,425,10,0,415,0
2020-08-08,US,Texas,Camp,233,5,0,32.97195142,-94.97790104,48063.0,1779.440965327631,2.145922746781116,228,229,5,0,224,221,13033,4,0,0,4,8
2020-08-08,US,Texas,Carson,15,0,0,35.40365929,-101.3542669,48065.0,253.12183597705032,0.0,15,15,0,0,15,14,6005,0,0,0,0,1
2020-08-08,US,Texas,Cass,174,8,0,33.07499881,-94.34646905,48067.0,579.4977686005462,4.597701149425287,166,171,8,0,163,166,30119,3,0,0,3,5
2020-08-08,US,Texas,Castro,200,4,0,34.53016752,-102.2617243,48069.0,2656.042496679947,2.0,196,197,4,0,193,190,7665,3,0,0,3,7
2020-08-08,US,Texas,Chambers,951,3,0,29.70972016,-94.67154501,48071.0,2169.4002783037163,0.3154574132492113,948,942,3,0,939,929,42454,9,0,0,9,13
2020-08-08,US,Texas,Cherokee,1107,7,0,31.837258,-95.16559897,48073.0,2102.723853664096,0.6323396567299007,1100,953,6,0,947,953,52592,154,1,0,153,0
2020-08-08,US,Texas,Childress,40,0,0,34.529304100000004,-100.2077916,48075.0,547.4952094169176,0.0,40,40,0,0,40,37,7291,0,0,0,0,3
2020-08-08,US,Texas,Clay,40,1,0,33.78686685,-98.20771198,48077.0,382.0074491452583,2.5,39,40,1,0,39,38,10456,0,0,0,0,2
2020-08-08,US,Texas,Cochran,32,0,0,33.60425307,-102.8284499,48079.0,1121.626358219418,0.0,32,31,0,0,31,31,2836,1,0,0,1,0
2020-08-08,US,Texas,Coke,42,2,0,31.88911733,-100.5297533,48081.0,1240.0354295837026,4.761904761904762,40,42,1,0,41,40,3370,0,1,0,-1,2
2020-08-08,US,Texas,Coleman,19,0,0,31.76736834,-99.45240766,48083.0,232.41590214067278,0.0,19,19,0,0,19,18,8397,0,0,0,0,1
2020-08-08,US,Texas,Collin,7439,89,0,33.18820114,-96.57264368,48085.0,718.9315087027535,1.196397365237263,7350,7268,89,0,7179,7074,1005146,171,0,0,171,194
2020-08-08,US,Texas,Collingsworth,11,0,0,34.96489496,-100.2700111,48087.0,376.71232876712327,0.0,11,11,0,0,11,8,2962,0,0,0,0,3
2020-08-08,US,Texas,Colorado,278,2,0,29.622098,-96.5273805,48089.0,1293.4443772391012,0.7194244604316546,276,272,2,0,270,265,21217,6,0,0,6,7
2020-08-08,US,Texas,Comal,1816,69,0,29.80811278,-98.27647225,48091.0,1162.545051821598,3.7995594713656384,1747,1775,68,0,1707,1763,148373,41,1,0,40,12
2020-08-08,US,Texas,Comanche,142,3,0,31.94854689,-98.55876441,48093.0,1041.4374770810414,2.112676056338028,139,141,3,0,138,141,13534,1,0,0,1,0
2020-08-08,US,Texas,Concho,28,0,0,31.32635934,-99.86473038,48095.0,1027.1460014673514,0.0,28,28,0,0,28,26,4276,0,0,0,0,2
2020-08-08,US,Texas,Cooke,223,3,0,33.63979567,-97.21240912,48097.0,540.5143369610006,1.345291479820628,220,223,3,0,220,212,40574,0,0,0,0,11
2020-08-08,US,Texas,Coryell,667,5,0,31.39078397,-97.79936155,48099.0,878.1977854142802,0.7496251874062968,662,660,5,0,655,654,74808,7,0,0,7,6
2020-08-08,US,Texas,Cottle,18,2,0,34.07783319,-100.2785062,48101.0,1287.5536480686694,11.111111111111109,16,16,2,0,14,14,1389,2,0,0,2,2
2020-08-08,US,Texas,Crane,70,2,0,31.43052248,-102.5143314,48103.0,1459.245361684386,2.8571428571428568,68,70,2,0,68,71,4794,0,0,0,0,-1
2020-08-08,US,Texas,Crockett,155,3,0,30.72367027,-101.4134238,48105.0,4474.5958429561215,1.935483870967742,152,155,3,0,152,157,3499,0,0,0,0,-2
2020-08-08,US,Texas,Crosby,63,1,0,33.61431553,-101.3000364,48107.0,1098.1349137179711,1.5873015873015872,62,59,1,0,58,59,5779,4,0,0,4,0
2020-08-08,US,Texas,Culberson,17,2,0,31.44506775,-104.5185739,48109.0,783.049286043298,11.764705882352944,15,17,2,0,15,17,2204,0,0,0,0,0
2020-08-08,US,Texas,Dallam,190,5,0,36.27787176,-102.6020725,48111.0,2607.383010841224,2.631578947368421,185,187,5,0,182,187,7200,3,0,0,3,0
2020-08-08,US,Texas,Dallas,53831,751,0,32.76670599,-96.7779605,48113.0,2042.5222233520874,1.3951069086585797,53080,53291,746,0,52545,52869,2637772,540,5,0,535,422
2020-08-08,US,Texas,Dawson,145,4,0,32.74255572,-101.9477242,48115.0,1139.220615964802,2.7586206896551726,141,143,4,0,139,140,12619,2,0,0,2,3
2020-08-08,US,Texas,DeWitt,693,18,0,29.08101855,-97.3568117,48123.0,3437.5,2.5974025974025974,675,643,18,0,625,643,20187,50,0,0,50,0
2020-08-08,US,Texas,Deaf Smith,667,17,0,34.96522957,-102.6054267,48117.0,3596.4628491318877,2.548725637181409,650,657,17,0,640,644,18760,10,0,0,10,13
2020-08-08,US,Texas,Delta,16,0,0,33.38570922,-95.66921122,48119.0,300.13130744700806,0.0,16,16,0,0,16,16,5349,0,0,0,0,0
2020-08-08,US,Texas,Denton,7586,87,0,33.20521901,-97.11691153,48121.0,855.0428479486749,1.1468494595307144,7499,7519,84,0,7435,7374,859064,67,3,0,64,145
2020-08-08,US,Texas,Dickens,5,1,0,33.61616822,-100.7788855,48125.0,226.14201718679334,20.0,4,4,1,0,3,4,2249,1,0,0,1,0
2020-08-08,US,Texas,Dimmit,150,3,0,28.42270064,-99.75645095,48127.0,1481.6278150928488,2.0,147,146,3,0,143,142,10308,4,0,0,4,4
2020-08-08,US,Texas,Donley,48,0,0,34.96517499,-100.8140093,48129.0,1464.307504575961,0.0,48,48,0,0,48,46,3319,0,0,0,0,2
2020-08-08,US,Texas,Duval,173,6,0,27.68184592,-98.50864568,48131.0,1550.5960383615668,3.4682080924855487,167,164,6,0,158,164,11212,9,0,0,9,0
2020-08-08,US,Texas,Eastland,73,1,0,32.32743996,-98.83243566,48133.0,397.60348583877993,1.3698630136986298,72,70,1,0,69,65,18322,3,0,0,3,5
2020-08-08,US,Texas,Ector,3531,56,0,31.86898877,-102.5429428,48135.0,2124.2547661875915,1.5859529878221468,3475,3531,56,0,3475,3512,162124,0,0,0,0,19
2020-08-08,US,Texas,Edwards,28,0,0,29.98202582,-100.304252,48137.0,1449.2753623188407,0.0,28,25,0,0,25,25,1928,3,0,0,3,0
2020-08-08,US,Texas,El Paso,16040,291,0,31.76980765,-106.2363275,48141.0,1911.257593197639,1.8142144638403992,15749,15908,286,0,15622,15596,840758,132,5,0,127,312
2020-08-08,US,Texas,Ellis,2855,41,0,32.34894117,-96.79371841,48139.0,1544.6960925410926,1.4360770577933448,2814,2808,40,0,2768,2739,179436,47,1,0,46,69
2020-08-08,US,Texas,Erath,527,5,0,32.23602653,-98.21773417,48143.0,1234.2498477680456,0.9487666034155596,522,520,5,0,515,507,42446,7,0,0,7,13
2020-08-08,US,Texas,Falls,125,3,0,31.25350609,-96.93630086,48145.0,722.6686708677803,2.4,122,124,3,0,121,123,17335,1,0,0,1,1
2020-08-08,US,Texas,Fannin,246,8,0,33.59564294,-96.10751083,48147.0,692.6845750971448,3.2520325203252027,238,242,8,0,234,237,35286,4,0,0,4,5
2020-08-08,US,Texas,Fayette,378,14,0,29.87788372,-96.92076062,48149.0,1491.3595833662116,3.703703703703704,364,378,14,0,364,378,25349,0,0,0,0,0
2020-08-08,US,Texas,Fisher,28,1,0,32.74281316,-100.4019302,48151.0,731.0704960835509,3.571428571428572,27,26,1,0,25,26,3839,2,0,0,2,0
2020-08-08,US,Texas,Floyd,89,6,0,34.07227468,-101.3031546,48153.0,1558.1232492997199,6.741573033707866,83,88,6,0,82,88,5837,1,0,0,1,0
2020-08-08,US,Texas,Foard,2,0,0,33.97308618,-99.7767797,48155.0,173.16017316017312,0.0,2,2,0,0,2,2,1200,0,0,0,0,0
2020-08-08,US,Texas,Fort Bend,9533,161,0,29.52704478,-95.77219463,48157.0,1174.4660509949636,1.6888702402181894,9372,9151,158,0,8993,8878,787858,382,3,0,379,273
2020-08-08,US,Texas,Franklin,92,2,0,33.17653242,-95.21917243,48159.0,857.8088578088579,2.1739130434782608,90,90,2,0,88,90,10766,2,0,0,2,0
2020-08-08,US,Texas,Freestone,156,0,0,31.70422788,-96.15072516,48161.0,791.1954151240046,0.0,156,161,0,0,161,150,19808,-5,0,0,-5,11
2020-08-08,US,Texas,Frio,512,5,0,28.86751206,-99.10804207,48163.0,2521.422239732099,0.9765625,507,505,5,0,500,497,19816,7,0,0,7,8
2020-08-08,US,Texas,Gaines,161,3,0,32.74055318,-102.6353295,48165.0,749.1159501209752,1.8633540372670807,158,158,3,0,155,149,20901,3,0,0,3,9
2020-08-08,US,Texas,Galveston,9376,113,0,29.40167322,-94.90469073,48167.0,2740.406676818486,1.2052047781569966,9263,9291,111,0,9180,9230,337890,85,2,0,83,61
2020-08-08,US,Texas,Garza,99,3,0,33.17969345,-101.2984114,48169.0,1589.34018301493,3.0303030303030303,96,99,3,0,96,99,6578,0,0,0,0,0
2020-08-08,US,Texas,Gillespie,175,6,0,30.31824095,-98.94676915,48171.0,648.4363420779607,3.4285714285714284,169,175,6,0,169,176,26804,0,0,0,0,-1
2020-08-08,US,Texas,Glasscock,6,0,0,31.86942909,-101.5207776,48173.0,425.83392476934,0.0,6,6,0,0,6,6,1388,0,0,0,0,0
2020-08-08,US,Texas,Goliad,89,4,0,28.65696592,-97.42760647,48175.0,1162.18333768608,4.49438202247191,85,77,4,0,73,77,7584,12,0,0,12,0
2020-08-08,US,Texas,Gonzales,683,9,0,29.45634206,-97.49424032,48177.0,3277.8231031338482,1.3177159590043923,674,680,9,0,671,670,20826,3,0,0,3,10
2020-08-08,US,Texas,Gray,215,2,0,35.40081878,-100.8129222,48179.0,982.3631545280087,0.9302325581395348,213,214,2,0,212,211,21895,1,0,0,1,3
2020-08-08,US,Texas,Grayson,1118,13,0,33.62744998,-96.67753461,48181.0,820.7793733298096,1.162790697674419,1105,1103,13,0,1090,1092,133991,15,0,0,15,11
2020-08-08,US,Texas,Gregg,1416,25,0,32.47940482,-94.81591935,48183.0,1142.4422122715719,1.7655367231638417,1391,1379,24,0,1355,1358,123707,37,1,0,36,21
2020-08-08,US,Texas,Grimes,874,23,0,30.54579585,-95.98902499,48185.0,3026.315789473684,2.631578947368421,851,872,21,0,851,858,28360,2,2,0,0,14
2020-08-08,US,Texas,Guadalupe,1679,54,0,29.58165339,-97.94786822,48187.0,1006.3111713126398,3.2162001191185228,1625,1673,52,0,1621,1670,163694,6,2,0,4,3
2020-08-08,US,Texas,Hale,1285,26,0,34.07044901,-101.8268114,48189.0,3846.614380650183,2.023346303501945,1259,1257,25,0,1232,1257,33830,28,1,0,27,0
2020-08-08,US,Texas,Hall,11,1,0,34.5307555,-100.6813852,48191.0,371.1201079622133,9.090909090909092,10,11,1,0,10,10,3028,0,0,0,0,1
2020-08-08,US,Texas,Hamilton,82,3,0,31.70470573,-98.11083887,48193.0,969.1525824370642,3.6585365853658534,79,80,3,0,77,57,8484,2,0,0,2,23
2020-08-08,US,Texas,Hansford,73,2,0,36.27743284,-101.3545796,48195.0,1352.1022411557694,2.7397260273972597,71,69,2,0,67,64,5463,4,0,0,4,5
2020-08-08,US,Texas,Hardeman,18,0,0,34.28944521,-99.74632408,48197.0,457.6659038901602,0.0,18,17,0,0,17,17,3922,1,0,0,1,0
2020-08-08,US,Texas,Hardin,973,15,0,30.33364686,-94.38931817,48199.0,1689.1774591160029,1.5416238437821173,958,947,15,0,932,925,57207,26,0,0,26,22
2020-08-08,US,Texas,Harris,84600,1562,0,29.85864939,-95.39339521,48201.0,1794.91123569879,1.8463356973995269,83038,83183,1514,0,81669,81919,4698619,1417,48,0,1369,1264
2020-08-08,US,Texas,Harrison,692,23,0,32.54935988,-94.36934071,48203.0,1039.7728126455606,3.3236994219653178,669,681,23,0,658,659,66726,11,0,0,11,22
2020-08-08,US,Texas,Hartley,85,0,0,35.84008013,-102.6029022,48205.0,1524.3902439024396,0.0,85,84,0,0,84,84,5619,1,0,0,1,0
2020-08-08,US,Texas,Haskell,42,0,0,33.17823584,-99.73037358,48207.0,742.3117709437964,0.0,42,42,0,0,42,39,5813,0,0,0,0,3
2020-08-08,US,Texas,Hays,5012,37,0,30.05669873,-98.02944344,48209.0,2177.322310602934,0.7382282521947326,4975,5012,37,0,4975,4989,222631,0,0,0,0,23
2020-08-08,US,Texas,Hemphill,42,0,0,35.83764858,-100.2703577,48211.0,1099.7643362136685,0.0,42,42,0,0,42,42,3825,0,0,0,0,0
2020-08-08,US,Texas,Henderson,641,12,0,32.21128872,-95.85846587,48213.0,774.7440685545765,1.87207488299532,629,633,12,0,621,621,82299,8,0,0,8,12
2020-08-08,US,Texas,Hidalgo,19534,790,0,26.39418217,-98.18299696,48215.0,2248.6292846725078,4.044230572335415,18744,19534,790,0,18744,19103,865939,0,0,0,0,431
2020-08-08,US,Texas,Hill,319,7,0,31.99045053,-97.13423143,48217.0,870.4193838849627,2.19435736677116,312,318,7,0,311,313,36354,1,0,0,1,5
2020-08-08,US,Texas,Hockley,206,4,0,33.60771256,-102.3431676,48219.0,894.8351505147473,1.9417475728155342,202,200,4,0,196,194,22980,6,0,0,6,6
2020-08-08,US,Texas,Hood,528,10,0,32.42990927,-97.83242024,48221.0,856.5449442759112,1.893939393939394,518,522,9,0,513,505,60537,6,1,0,5,17
2020-08-08,US,Texas,Hopkins,198,2,0,33.14875072,-95.56351139,48223.0,533.9229856541905,1.0101010101010102,196,200,1,0,199,194,36810,-2,1,0,-3,6
2020-08-08,US,Texas,Houston,314,7,0,31.31925973,-95.42226208,48225.0,1367.1194705677465,2.2292993630573252,307,312,6,0,306,308,23169,2,1,0,1,4
2020-08-08,US,Texas,Howard,171,5,0,32.30621324,-101.4356444,48227.0,466.39755618590436,2.9239766081871346,166,168,5,0,163,164,36459,3,0,0,3,4
2020-08-08,US,Texas,Hudspeth,23,2,0,31.45628381,-105.388178,48229.0,470.7327056897257,8.695652173913043,21,23,2,0,21,23,4795,0,0,0,0,0
2020-08-08,US,Texas,Hunt,1182,21,0,33.12351514,-96.08551032,48231.0,1198.855914152991,1.7766497461928934,1161,1137,21,0,1116,1137,96493,45,0,0,45,0
2020-08-08,US,Texas,Hutchinson,126,3,0,35.84006574,-101.3546643,48233.0,601.7766739898749,2.380952380952381,123,123,2,0,121,121,21198,3,1,0,2,2
2020-08-08,US,Texas,Irion,9,0,0,31.30375559,-100.982439,48235.0,585.9375,0.0,9,9,0,0,9,9,1522,0,0,0,0,0
2020-08-08,US,Texas,Jack,59,0,0,33.23377248,-98.17283469,48237.0,660.3245663122552,0.0,59,56,0,0,56,51,8843,3,0,0,3,5
2020-08-08,US,Texas,Jackson,406,6,0,28.95472367,-96.57749563,48239.0,2750.6775067750677,1.477832512315271,400,400,6,0,394,383,14874,6,0,0,6,17
2020-08-08,US,Texas,Jasper,304,11,0,30.74685667,-94.02667579,48241.0,855.6390554195165,3.6184210526315783,293,304,9,0,295,304,35872,0,2,0,-2,0
2020-08-08,US,Texas,Jeff Davis,8,0,0,30.71490589,-104.1399973,48243.0,351.8029903254178,0.0,8,8,0,0,8,8,2252,0,0,0,0,0
2020-08-08,US,Texas,Jefferson,5870,80,0,29.8832777,-94.16434171,48245.0,2333.3929600699616,1.3628620102214652,5790,5828,77,0,5751,5771,255001,42,3,0,39,57
2020-08-08,US,Texas,Jim Hogg,62,1,0,27.04453923,-98.6968187,48247.0,1192.3076923076926,1.6129032258064515,61,62,1,0,61,54,5248,0,0,0,0,8
2020-08-08,US,Texas,Jim Wells,717,15,0,27.73103938,-98.0904705,48249.0,1771.1575515043726,2.092050209205021,702,705,13,0,692,670,40822,12,2,0,10,35
2020-08-08,US,Texas,Johnson,1861,30,0,32.37877812,-97.36615819,48251.0,1058.4869494986265,1.6120365394948952,1831,1810,30,0,1780,1760,171361,51,0,0,51,50
2020-08-08,US,Texas,Jones,596,0,0,32.73997145,-99.87861576,48253.0,2967.6841109396,0.0,596,629,0,0,629,632,19817,-33,0,0,-33,-3
2020-08-08,US,Texas,Karnes,632,6,0,28.90705334,-97.85960149,48255.0,4051.0223703608735,0.9493670886075948,626,562,6,0,556,556,15650,70,0,0,70,6
2020-08-08,US,Texas,Kaufman,2158,25,0,32.599141700000004,-96.28734728,48257.0,1584.9699604859204,1.1584800741427248,2133,2125,24,0,2101,2071,128622,33,1,0,32,54
2020-08-08,US,Texas,Kendall,158,4,0,29.94414155,-98.7113588,48259.0,333.1154730028884,2.5316455696202533,154,157,4,0,153,156,45641,1,0,0,1,1
2020-08-08,US,Texas,Kenedy,6,1,0,26.92601662,-97.66413984,48261.0,1485.148514851485,16.666666666666668,5,6,1,0,5,6,442,0,0,0,0,0
2020-08-08,US,Texas,Kent,3,0,0,33.18104136,-100.7780939,48263.0,393.70078740157476,0.0,3,3,0,0,3,3,726,0,0,0,0,0
2020-08-08,US,Texas,Kerr,398,6,0,30.06040006,-99.34930144,48265.0,756.6539923954373,1.5075376884422111,392,396,6,0,390,394,52405,2,0,0,2,2
2020-08-08,US,Texas,Kimble,13,1,0,30.48678918,-99.74856473,48267.0,299.7463684574591,7.6923076923076925,12,13,1,0,12,13,4362,0,0,0,0,0
2020-08-08,US,Texas,Kinney,19,0,0,29.34967888,-100.4186638,48271.0,518.1347150259069,0.0,19,19,0,0,19,19,3767,0,0,0,0,0
2020-08-08,US,Texas,Kleberg,431,7,0,27.42435506,-97.69894948,48273.0,1404.8239895697525,1.6241299303944317,424,424,7,0,417,416,31129,7,0,0,7,8
2020-08-08,US,Texas,Knox,60,1,0,33.60519951,-99.7422906,48275.0,1637.5545851528384,1.6666666666666667,59,59,1,0,58,56,3653,1,0,0,1,3
2020-08-08,US,Texas,La Salle,362,2,0,28.34453111,-99.09908775,48283.0,4813.829787234043,0.5524861878453039,360,362,2,0,360,357,7531,0,0,0,0,5
2020-08-08,US,Texas,Lamar,629,18,0,33.66981763,-95.57404777,48277.0,1261.557592410598,2.861685214626391,611,658,18,0,640,652,49728,-29,0,0,-29,6
2020-08-08,US,Texas,Lamb,226,11,0,34.06859623,-102.3516289,48279.0,1752.8891646629957,4.867256637168142,215,219,11,0,208,218,13158,7,0,0,7,1
2020-08-08,US,Texas,Lampasas,102,3,0,31.19531316,-98.24206613,48281.0,476.0126936718312,2.9411764705882355,99,90,2,0,88,88,21229,12,1,0,11,2
2020-08-08,US,Texas,Lavaca,627,17,0,29.38508402,-96.93186692,48285.0,3111.044953855314,2.7113237639553427,610,620,15,0,605,618,20110,7,2,0,5,2
2020-08-08,US,Texas,Lee,172,10,0,30.31120597,-96.97045773,48287.0,997.7376878009164,5.813953488372092,162,171,9,0,162,163,17144,1,1,0,0,8
2020-08-08,US,Texas,Leon,143,2,0,31.29872538,-95.9936328,48289.0,821.6501953573891,1.3986013986013983,141,141,2,0,139,138,17270,2,0,0,2,3
2020-08-08,US,Texas,Liberty,973,34,0,30.15152688,-94.81205615,48291.0,1102.937009034335,3.494347379239465,939,962,33,0,929,925,86323,11,1,0,10,37
2020-08-08,US,Texas,Limestone,233,3,0,31.5454767,-96.58095444,48293.0,994.154541963562,1.2875536480686696,230,220,3,0,217,209,23519,13,0,0,13,11
2020-08-08,US,Texas,Lipscomb,18,0,0,36.27783108,-100.2733151,48295.0,556.7584287039901,0.0,18,18,0,0,18,16,3355,0,0,0,0,2
2020-08-08,US,Texas,Live Oak,230,2,0,28.35101362,-98.1246786,48297.0,1884.164823461948,0.8695652173913043,228,222,2,0,220,222,12166,8,0,0,8,0
2020-08-08,US,Texas,Llano,89,1,0,30.70645047,-98.68475262,48299.0,408.3505391144758,1.1235955056179776,88,88,1,0,87,88,21646,1,0,0,1,0
2020-08-08,US,Texas,Lubbock,6018,73,0,33.61008596,-101.8204789,48303.0,1937.7336437313445,1.2130275839149218,5945,5959,71,0,5888,5811,307412,59,2,0,57,148
2020-08-08,US,Texas,Lynn,67,4,0,33.17657705,-101.8162849,48305.0,1125.8611997983533,5.970149253731344,63,66,4,0,62,66,5877,1,0,0,1,0
2020-08-08,US,Texas,Madison,666,2,0,30.96694679,-95.93003775,48313.0,4662.559507140857,0.3003003003003003,664,658,2,0,656,650,14422,8,0,0,8,8
2020-08-08,US,Texas,Marion,133,8,0,32.79868409,-94.3566123,48315.0,1349.7057032677085,6.015037593984963,125,130,8,0,122,129,9928,3,0,0,3,1
2020-08-08,US,Texas,Martin,55,5,0,32.30600051,-101.9513518,48317.0,953.0410674059956,9.090909090909092,50,55,4,0,51,53,5753,0,1,0,-1,2
2020-08-08,US,Texas,Mason,53,0,0,30.71780434,-99.22629416,48319.0,1240.0561534861956,0.0,53,51,0,0,51,51,4280,2,0,0,2,0
2020-08-08,US,Texas,Matagorda,739,26,0,28.81955746,-96.01230294,48321.0,2016.7562699560626,3.518267929634641,713,733,25,0,708,711,36552,6,1,0,5,22
2020-08-08,US,Texas,Maverick,2321,42,0,28.7429195,-100.3157686,48323.0,3952.522053063589,1.8095648427401985,2279,2321,38,0,2283,2210,58485,0,4,0,-4,111
2020-08-08,US,Texas,McCulloch,48,1,0,31.1925468,-99.34682807,48307.0,601.2024048096192,2.083333333333333,47,46,1,0,45,45,7987,2,0,0,2,1
2020-08-08,US,Texas,McLennan,4889,55,0,31.55255453,-97.20217694,48309.0,1905.129314208001,1.1249744323992636,4834,4846,52,0,4794,4748,254607,43,3,0,40,98
2020-08-08,US,Texas,McMullen,9,0,0,28.35251708,-98.56769164,48311.0,1211.305518169583,0.0,9,9,0,0,9,8,749,0,0,0,0,1
2020-08-08,US,Texas,Medina,811,26,0,29.3557301,-99.11030298,48325.0,1572.1929280397026,3.2059186189889024,785,762,26,0,736,621,50921,49,0,0,49,141
2020-08-08,US,Texas,Menard,17,0,0,30.88990665,-99.8204794,48327.0,795.1356407857811,0.0,17,17,0,0,17,17,2139,0,0,0,0,0
2020-08-08,US,Texas,Midland,2592,48,0,31.86904128,-102.0315682,48329.0,1465.798045602606,1.851851851851852,2544,2592,48,0,2544,2570,172578,0,0,0,0,22
2020-08-08,US,Texas,Milam,333,3,0,30.78581830000001,-96.97718698,48331.0,1341.4978044555453,0.9009009009009008,330,333,3,0,330,332,25131,0,0,0,0,1
2020-08-08,US,Texas,Mills,22,0,0,31.49557106,-98.59272068,48333.0,451.46726862302484,0.0,22,19,0,0,19,16,4921,3,0,0,3,3
2020-08-08,US,Texas,Mitchell,61,1,0,32.30623474,-100.9212058,48335.0,713.867758923347,1.639344262295082,60,59,1,0,58,59,8145,2,0,0,2,0
2020-08-08,US,Texas,Montague,70,1,0,33.67521893,-97.72500958,48337.0,353.2142496720153,1.4285714285714286,69,67,1,0,66,64,19596,3,0,0,3,3
2020-08-08,US,Texas,Montgomery,6577,82,0,30.30079133,-95.50572772,48339.0,1082.828030049836,1.2467690436369163,6495,6577,82,0,6495,6510,590925,0,0,0,0,67
2020-08-08,US,Texas,Moore,1050,13,0,35.83769242,-101.8930281,48341.0,5014.3266475644705,1.238095238095238,1037,1047,13,0,1034,1044,21485,3,0,0,3,3
2020-08-08,US,Texas,Morris,115,3,0,33.11304005,-94.73255695,48343.0,928.3177268324183,2.608695652173913,112,105,3,0,102,100,12339,10,0,0,10,5
2020-08-08,US,Texas,Motley,6,0,0,34.07408766,-100.779722,48345.0,500.0,0.0,6,5,0,0,5,4,1234,1,0,0,1,1
2020-08-08,US,Texas,Nacogdoches,1147,42,0,31.62017125,-94.61803994,48347.0,1759.0945340776639,3.661726242371404,1105,1133,41,0,1092,1094,65711,14,1,0,13,39
2020-08-08,US,Texas,Navarro,856,8,0,32.04620681,-96.47428766,48349.0,1708.139604493844,0.9345794392523364,848,841,8,0,833,831,49565,15,0,0,15,10
2020-08-08,US,Texas,Newton,93,4,0,30.78548982,-93.74408813,48351.0,684.0750275836705,4.301075268817204,89,93,4,0,89,93,13746,0,0,0,0,0
2020-08-08,US,Texas,Nolan,134,3,0,32.30365282,-100.4060208,48353.0,910.6972950931088,2.238805970149253,131,133,3,0,130,132,14751,1,0,0,1,1
2020-08-08,US,Texas,Nueces,14073,234,0,27.736286,-97.5433285,48355.0,3884.414315445467,1.6627584736729908,13839,13918,229,0,13689,13552,362265,155,5,0,150,366
2020-08-08,US,Texas,Ochiltree,95,2,0,36.27829105,-100.8158184,48357.0,965.8397722651483,2.1052631578947367,93,94,2,0,92,91,9947,1,0,0,1,3
2020-08-08,US,Texas,Oldham,14,1,0,35.40425596,-102.6027606,48359.0,662.8787878787879,7.142857142857142,13,14,1,0,13,14,2131,0,0,0,0,0
2020-08-08,US,Texas,Orange,1412,19,0,30.11879481,-93.89412775,48361.0,1693.1267686699607,1.3456090651558077,1393,1369,18,0,1351,1369,83572,43,1,0,42,0
2020-08-08,US,Texas,Palo Pinto,265,7,0,32.75310985,-98.31319001,48363.0,907.8762547535033,2.641509433962264,258,256,6,0,250,244,28875,9,1,0,8,12
2020-08-08,US,Texas,Panola,291,18,0,32.163959600000005,-94.30552481,48365.0,1254.6348193498318,6.185567010309278,273,285,18,0,267,280,23148,6,0,0,6,5
2020-08-08,US,Texas,Parker,1225,19,0,32.77757172,-97.80500621,48367.0,857.3748232758016,1.5510204081632653,1206,1201,18,0,1183,1178,138371,24,1,0,23,23
2020-08-08,US,Texas,Parmer,340,7,0,34.52993409,-102.7844668,48369.0,3539.823008849557,2.0588235294117645,333,335,7,0,328,328,9864,5,0,0,5,7
2020-08-08,US,Texas,Pecos,244,1,0,30.78097267,-102.7241261,48371.0,1542.0590279972193,0.4098360655737705,243,242,1,0,241,236,15673,2,0,0,2,6
2020-08-08,US,Texas,Polk,748,12,0,30.79472531,-94.8276624,48373.0,1456.584814908574,1.60427807486631,736,748,11,0,737,700,50031,0,1,0,-1,48
2020-08-08,US,Texas,Potter,3661,44,0,35.40133773,-101.893964,48375.0,3118.0002555039805,1.2018574160065556,3617,3661,44,0,3617,3644,119648,0,0,0,0,17
2020-08-08,US,Texas,Presidio,46,2,0,29.99954402,-104.2408079,48377.0,686.1575178997614,4.3478260869565215,44,46,0,0,46,46,6948,0,2,0,-2,0
2020-08-08,US,Texas,Rains,51,1,0,32.87109387,-95.79232691,48379.0,407.54355122263047,1.96078431372549,50,51,1,0,50,51,12159,0,0,0,0,0
2020-08-08,US,Texas,Randall,1725,21,0,34.96585996,-101.8971322,48381.0,1252.605055441389,1.2173913043478262,1704,1714,21,0,1693,1683,136271,11,0,0,11,31
2020-08-08,US,Texas,Reagan,63,3,0,31.36607041,-101.5232659,48383.0,1636.7887763055344,4.761904761904762,60,62,3,0,59,61,3741,1,0,0,1,1
2020-08-08,US,Texas,Real,87,1,0,29.83321503,-99.82018052,48385.0,2520.278099652376,1.1494252873563218,86,87,1,0,86,87,3478,0,0,0,0,0
2020-08-08,US,Texas,Red River,136,11,0,33.61886692,-95.04841765,48387.0,1131.165266572403,8.088235294117647,125,137,11,0,126,136,12175,-1,0,0,-1,1
2020-08-08,US,Texas,Reeves,146,5,0,31.32323325,-103.6903896,48389.0,913.870806209314,3.4246575342465757,141,144,5,0,139,147,15695,2,0,0,2,-3
2020-08-08,US,Texas,Refugio,220,4,0,28.3238976,-97.15766311,48391.0,3166.3788140472084,1.818181818181818,216,217,4,0,213,216,7032,3,0,0,3,1
2020-08-08,US,Texas,Roberts,6,0,0,35.83809685,-100.813175,48393.0,702.5761124121782,0.0,6,6,0,0,6,6,903,0,0,0,0,0
2020-08-08,US,Texas,Robertson,234,2,0,31.02539637,-96.51272246,48395.0,1370.5048611924565,0.8547008547008547,232,231,2,0,229,226,17284,3,0,0,3,5
2020-08-08,US,Texas,Rockwall,896,13,0,32.89779518,-96.40771592,48397.0,854.0246866510985,1.4508928571428572,883,875,12,0,863,813,100657,21,1,0,20,62
2020-08-08,US,Texas,Runnels,124,1,0,31.8314342,-99.97616148,48399.0,1208.1060015588464,0.8064516129032258,123,121,1,0,120,117,10234,3,0,0,3,4
2020-08-08,US,Texas,Rusk,369,2,0,32.10773545,-94.76176432,48401.0,678.2340183068044,0.5420054200542005,367,366,2,0,364,354,54450,3,0,0,3,12
2020-08-08,US,Texas,Sabine,51,6,0,31.34318809,-93.85440451,48403.0,483.77916903813315,11.764705882352944,45,51,6,0,45,51,10589,0,0,0,0,0
2020-08-08,US,Texas,San Augustine,162,11,0,31.39457611,-94.17000399,48405.0,1966.7354619400269,6.790123456790122,151,162,11,0,151,160,8232,0,0,0,0,2
2020-08-08,US,Texas,San Jacinto,177,8,0,30.57933681,-95.16260304,48407.0,613.3268651027411,4.519774011299434,169,177,8,0,169,175,28719,0,0,0,0,2
2020-08-08,US,Texas,San Patricio,935,23,0,28.00880118,-97.51763891,48409.0,1401.1688895549228,2.4598930481283423,912,905,22,0,883,882,66893,30,1,0,29,23
2020-08-08,US,Texas,San Saba,24,0,0,31.1577796,-98.81758731,48411.0,396.3666391412056,0.0,24,23,0,0,23,23,6054,1,0,0,1,0
2020-08-08,US,Texas,Schleicher,36,1,0,30.89740592,-100.5384842,48413.0,1288.936627282492,2.7777777777777777,35,36,1,0,35,36,2895,0,0,0,0,0
2020-08-08,US,Texas,Scurry,481,1,0,32.74613808,-100.9162664,48415.0,2879.7222055918105,0.2079002079002079,480,474,1,0,473,473,16866,7,0,0,7,1
2020-08-08,US,Texas,Shackelford,18,0,0,32.73587756,-99.35401337,48417.0,551.3016845329249,0.0,18,18,0,0,18,17,3253,0,0,0,0,1
2020-08-08,US,Texas,Shelby,400,18,0,31.79211404,-94.14550696,48419.0,1582.6541109440536,4.5,382,398,18,0,380,397,25418,2,0,0,2,1
2020-08-08,US,Texas,Sherman,40,0,0,36.27751473,-101.8933156,48421.0,1323.6267372600926,0.0,40,40,0,0,40,39,3079,0,0,0,0,1
2020-08-08,US,Texas,Smith,2524,23,0,32.37474036,-95.2717568,48423.0,1084.4206899218477,0.9112519809825672,2501,2470,21,0,2449,2446,230221,54,2,0,52,24
2020-08-08,US,Texas,Somervell,74,0,0,32.22236802,-97.77403489,48425.0,810.692375109553,0.0,74,73,0,0,73,66,9016,1,0,0,1,7
2020-08-08,US,Texas,Starr,2148,66,0,26.56150059,-98.73892358,48427.0,3323.379697677657,3.0726256983240225,2082,2117,64,0,2053,2091,64525,31,2,0,29,26
2020-08-08,US,Texas,Stephens,42,3,0,32.73553157,-98.83631615,48429.0,448.43049327354265,7.142857142857142,39,34,3,0,31,34,9433,8,0,0,8,0
2020-08-08,US,Texas,Stonewall,5,0,0,33.17906744,-100.2538401,48433.0,370.3703703703704,0.0,5,5,0,0,5,5,1362,0,0,0,0,0
2020-08-08,US,Texas,Sutton,62,1,0,30.49856623,-100.5382014,48435.0,1641.949152542373,1.6129032258064515,61,61,1,0,60,62,3758,1,0,0,1,-1
2020-08-08,US,Texas,Swisher,80,2,0,34.53028891,-101.7349174,48437.0,1081.5195349466,2.5,78,80,2,0,78,79,7462,0,0,0,0,1
2020-08-08,US,Texas,Tarrant,30922,445,0,32.77143818,-97.29101614,48439.0,1470.7148343769247,1.4391048444473191,30477,30650,437,0,30213,30227,2084931,272,8,0,264,423
2020-08-08,US,Texas,Taylor,1126,23,0,32.30163422,-99.89007449,48441.0,815.7410493066925,2.0426287744227354,1103,1117,22,0,1095,1108,137640,9,1,0,8,9
2020-08-08,US,Texas,Terrell,2,0,0,30.22429013,-102.0766732,48443.0,257.73195876288656,0.0,2,2,0,0,2,2,823,0,0,0,0,0
2020-08-08,US,Texas,Terry,143,2,0,33.17402785,-102.3354521,48445.0,1159.1148577449949,1.3986013986013983,141,137,2,0,135,132,12287,6,0,0,6,5
2020-08-08,US,Texas,Throckmorton,4,2,0,33.17751417,-99.21226795,48447.0,266.4890073284477,50.0,2,4,2,0,2,4,1515,0,0,0,0,0
2020-08-08,US,Texas,Titus,1289,15,0,33.21339719,-94.96797273,48449.0,3935.877862595421,1.1636927851047325,1274,1289,15,0,1274,1289,33033,0,0,0,0,0
2020-08-08,US,Texas,Tom Green,2628,26,0,31.40464436,-100.462443,48451.0,2204.6979865771814,0.9893455098934549,2602,2604,24,0,2580,2560,118189,24,2,0,22,44
2020-08-08,US,Texas,Travis,22602,298,0,30.33432034,-97.7853562,48453.0,1774.161390442669,1.3184673922661712,22304,22480,295,0,22185,22256,1248743,122,3,0,119,224
2020-08-08,US,Texas,Trinity,156,4,0,31.0879489,-95.1367187,48455.0,1064.773735581189,2.5641025641025643,152,156,3,0,153,155,14740,0,1,0,-1,1
2020-08-08,US,Texas,Tyler,116,2,0,30.77031716,-94.37690895,48457.0,535.2528608342562,1.7241379310344829,114,116,2,0,114,116,21696,0,0,0,0,0
2020-08-08,US,Texas,Unassigned,0,239,0,0.0,0.0,90048.0,0.0,0.0,-239,0,239,0,-239,0,,0,0,0,0,0
2020-08-08,US,Texas,Upshur,220,2,0,32.73706798,-94.93999853,48459.0,526.9082461140516,0.9090909090909092,218,212,2,0,210,207,41260,8,0,0,8,5
2020-08-08,US,Texas,Upton,16,1,0,31.36868194,-102.0423217,48461.0,437.5170905113481,6.25,15,16,1,0,15,17,3671,0,0,0,0,-1
2020-08-08,US,Texas,Uvalde,536,10,0,29.35739637,-99.76229172,48463.0,2004.4126995998647,1.8656716417910448,526,526,9,0,517,520,26846,10,1,0,9,6
2020-08-08,US,Texas,Val Verde,1693,49,0,29.89149232,-101.1525205,48465.0,3453.340132585416,2.8942705256940333,1644,1666,49,0,1617,1636,49208,27,0,0,27,30
2020-08-08,US,Texas,Van Zandt,375,3,0,32.56483801,-95.83766469,48467.0,662.661247570242,0.8,372,375,3,0,372,368,56019,0,0,0,0,7
2020-08-08,US,Texas,Victoria,3448,41,0,28.79780988,-96.96813006,48469.0,3744.407280309282,1.1890951276102089,3407,3436,40,0,3396,3392,92035,12,1,0,11,44
2020-08-08,US,Texas,Walker,2902,41,0,30.73872995,-95.57440968,48471.0,3976.922339011388,1.4128187456926258,2861,2874,41,0,2833,2861,72480,28,0,0,28,13
2020-08-08,US,Texas,Waller,443,5,0,30.01058447,-95.99011759,48473.0,801.868008543605,1.1286681715575622,438,441,5,0,436,431,53126,2,0,0,2,10
2020-08-08,US,Texas,Ward,89,1,0,31.50999644,-103.0927909,48475.0,741.7902983830638,1.1235955056179776,88,89,1,0,88,88,11720,0,0,0,0,1
2020-08-08,US,Texas,Washington,515,39,0,30.21498498,-96.40946246,48477.0,1435.2600189510058,7.572815533980582,476,499,39,0,460,498,35108,16,0,0,16,1
2020-08-08,US,Texas,Webb,7825,163,0,27.7610369,-99.33237355,48479.0,2828.4631956392877,2.0830670926517567,7662,7540,155,0,7385,7417,275910,285,8,0,277,123
2020-08-08,US,Texas,Wharton,704,25,0,29.27765923,-96.22319248,48481.0,1694.0995283472907,3.551136363636364,679,690,25,0,665,666,41619,14,0,0,14,24
2020-08-08,US,Texas,Wheeler,33,0,0,35.40114335,-100.2699514,48483.0,652.6898734177215,0.0,33,33,0,0,33,33,5191,0,0,0,0,0
2020-08-08,US,Texas,Wichita,1001,11,0,33.98842886,-98.7041034,48485.0,757.0142932768657,1.0989010989010992,990,983,11,0,972,962,132064,18,0,0,18,21
2020-08-08,US,Texas,Wilbarger,69,1,0,34.07945812,-99.24178437,48487.0,540.3712115279192,1.4492753623188406,68,64,1,0,63,61,12820,5,0,0,5,3
2020-08-08,US,Texas,Willacy,691,29,0,26.47411727,-97.61535848,48489.0,3235.3216593313978,4.196816208393631,662,682,24,0,658,669,21515,9,5,0,4,13
2020-08-08,US,Texas,Williamson,6245,91,0,30.64655664,-97.6004854,48491.0,1057.4869909626773,1.4571657325860692,6154,6245,90,0,6155,6058,566719,0,1,0,-1,187
2020-08-08,US,Texas,Wilson,439,19,0,29.1732598,-98.08693082,48493.0,859.6044644605445,4.328018223234624,420,434,18,0,416,434,50224,5,1,0,4,0
2020-08-08,US,Texas,Winkler,84,1,0,31.85008651,-103.0485163,48495.0,1048.689138576779,1.1904761904761905,83,80,1,0,79,73,7720,4,0,0,4,7
2020-08-08,US,Texas,Wise,409,6,0,33.21570665,-97.65460265,48497.0,584.4192958390488,1.4669926650366751,403,390,6,0,384,375,68305,19,0,0,19,15
2020-08-08,US,Texas,Wood,316,7,0,32.78722382,-95.38236368,48499.0,693.9107138935858,2.2151898734177213,309,316,6,0,310,316,45129,0,1,0,-1,0
2020-08-08,US,Texas,Yoakum,102,3,0,33.17320212,-102.8276433,48501.0,1170.664524274073,2.9411764705882355,99,100,3,0,97,96,8591,2,0,0,2,4
2020-08-08,US,Texas,Young,169,4,0,33.17659707,-98.68790885,48503.0,938.3675735702388,2.366863905325444,165,160,4,0,156,151,18045,9,0,0,9,9
2020-08-08,US,Texas,Zapata,172,2,0,27.00156391,-99.16987152,48505.0,1213.0615699273576,1.162790697674419,170,170,2,0,168,167,14190,2,0,0,2,3
2020-08-08,US,Texas,Zavala,210,5,0,28.86617238,-99.76050829,48507.0,1773.6486486486488,2.380952380952381,205,205,5,0,200,202,11983,5,0,0,5,3
2020-08-08,US,Utah,Bear River,2291,6,0,41.52106798,-113.0832816,0.0,1226.327227569078,0.2618943692710607,2285,2275,6,0,2269,2246,,16,0,0,16,29
2020-08-08,US,Utah,Central Utah,420,2,0,39.37231946,-111.5758676,0.0,512.4826121970862,0.4761904761904762,418,415,2,0,413,405,,5,0,0,5,10
2020-08-08,US,Utah,Davis,3194,21,0,40.99001837,-112.1139997,49011.0,898.5009044083931,0.6574827802128992,3173,3156,21,0,3135,3129,351713,38,0,0,38,27
2020-08-08,US,Utah,Salt Lake,20446,189,0,40.66616532,-111.9216011,49035.0,1761.9224481811593,0.9243861880074342,20257,20287,189,0,20098,20082,1152633,159,0,0,159,205
2020-08-08,US,Utah,San Juan,648,25,0,37.62762978,-109.80337140000002,49037.0,4233.080742095636,3.858024691358025,623,648,25,0,623,645,15449,0,0,0,0,3
2020-08-08,US,Utah,Southeast Utah,110,0,0,38.99617072,-110.7013958,0.0,273.4345869894852,0.0,110,106,0,0,106,104,,4,0,0,4,2
2020-08-08,US,Utah,Southwest Utah,3191,25,0,37.85447192,-111.4418764,0.0,1266.0588314645972,0.7834534628643058,3166,3167,25,0,3142,3133,,24,0,0,24,34
2020-08-08,US,Utah,Summit,706,1,0,40.86688146,-110.9535882,49043.0,1675.1690592003797,0.141643059490085,705,706,1,0,705,706,41933,0,0,0,0,0
2020-08-08,US,Utah,Tooele,579,0,0,40.44862644,-113.1295715,49045.0,801.2842690875877,0.0,579,579,0,0,579,573,69907,0,0,0,0,6
2020-08-08,US,Utah,TriCounty,178,0,0,40.12491499,-109.5174415,0.0,314.36544099466636,0.0,178,175,0,0,175,173,,3,0,0,3,2
2020-08-08,US,Utah,Utah,8630,37,0,40.1166722,-111.6657662,49049.0,1356.4170471602474,0.4287369640787949,8593,8536,37,0,8499,8434,622213,94,0,0,94,102
2020-08-08,US,Utah,Wasatch,558,4,0,40.33110236,-111.1691419,49051.0,1636.7956352116394,0.7168458781362007,554,552,4,0,548,545,33240,6,0,0,6,7
2020-08-08,US,Utah,Weber-Morgan,2800,25,0,41.27116049,-111.9145117,0.0,1028.1379320474266,0.8928571428571429,2775,2773,25,0,2748,2740,,27,0,0,27,33
2020-08-08,US,Vermont,Addison,73,2,0,44.03217337,-73.14130877,50001.0,198.493623732224,2.7397260273972597,71,73,2,0,71,73,36973,0,0,0,0,0
2020-08-08,US,Vermont,Bennington,85,1,0,43.03519828,-73.09048868,50003.0,239.6391316605582,1.1764705882352942,84,85,1,0,84,85,35631,0,0,0,0,0
2020-08-08,US,Vermont,Caledonia,26,0,0,44.46548598,-72.10314651,50005.0,86.68689360850867,0.0,26,26,0,0,26,26,30302,0,0,0,0,0
2020-08-08,US,Vermont,Chittenden,728,39,0,44.46322849,-73.08359212,50007.0,444.51500238133036,5.357142857142857,689,724,39,0,685,723,164572,4,0,0,4,1
2020-08-08,US,Vermont,Essex,6,0,0,44.72736416,-71.73579864,50009.0,97.35518416355671,0.0,6,4,0,0,4,4,6250,2,0,0,2,0
2020-08-08,US,Vermont,Franklin,118,7,0,44.85627605,-72.91249563,50011.0,238.85672644832192,5.932203389830509,111,118,7,0,111,118,49421,0,0,0,0,0
2020-08-08,US,Vermont,Grand Isle,13,0,0,44.797582399999996,-73.29679772,50013.0,179.68210089841045,0.0,13,13,0,0,13,13,7090,0,0,0,0,0
2020-08-08,US,Vermont,Lamoille,43,1,0,44.60353043,-72.64356694,50015.0,169.5449885655706,2.3255813953488373,42,43,1,0,42,43,25300,0,0,0,0,0
2020-08-08,US,Vermont,Orange,14,0,0,44.00470222,-72.37640104,50017.0,48.45632008860584,0.0,14,14,0,0,14,14,28999,0,0,0,0,0
2020-08-08,US,Vermont,Orleans,14,0,0,44.82964024,-72.24562697,50019.0,51.78089285053815,0.0,14,14,0,0,14,14,26907,0,0,0,0,0
2020-08-08,US,Vermont,Rutland,99,1,0,43.57723578,-73.03741676,50021.0,170.12940145383303,1.0101010101010102,98,99,1,0,98,97,58672,0,0,0,0,2
2020-08-08,US,Vermont,Unassigned,8,0,0,0.0,0.0,90050.0,0.0,0.0,8,8,0,0,8,8,,0,0,0,0,0
2020-08-08,US,Vermont,Washington,53,2,0,44.27343241,-72.61604978,50023.0,90.73944083959664,3.7735849056603774,51,53,2,0,51,53,58140,0,0,0,0,0
2020-08-08,US,Vermont,Windham,102,3,0,42.986982,-72.71268875,50025.0,241.58021884325703,2.9411764705882355,99,102,3,0,99,102,42756,0,0,0,0,0
2020-08-08,US,Vermont,Windsor,72,2,0,43.58010937,-72.58595157,50027.0,130.76168682576005,2.7777777777777777,70,72,2,0,70,72,55286,0,0,0,0,0
2020-08-08,US,Virginia,Accomack,1095,16,0,37.76707161,-75.63234615,51001.0,3388.4144077237293,1.4611872146118718,1079,1087,16,0,1071,1085,32412,8,0,0,8,2
2020-08-08,US,Virginia,Albemarle,833,16,0,38.02080697,-78.55481085,51003.0,761.9134729717371,1.9207683073229287,817,817,16,0,801,798,108718,16,0,0,16,19
2020-08-08,US,Virginia,Alexandria,2949,60,0,38.814003,-77.08183073,51510.0,1849.7378126803321,2.034587995930824,2889,2917,60,0,2857,2887,160530,32,0,0,32,30
2020-08-08,US,Virginia,Alleghany,62,4,0,37.78636074,-80.00222498,51005.0,417.227456258412,6.451612903225807,58,61,4,0,57,58,14910,1,0,0,1,3
2020-08-08,US,Virginia,Amelia,79,2,0,37.34081025,-77.98584649,51007.0,600.988969189806,2.5316455696202533,77,78,2,0,76,77,13013,1,0,0,1,1
2020-08-08,US,Virginia,Amherst,165,0,0,37.60308293,-79.14548696,51009.0,522.0692928334124,0.0,165,154,0,0,154,137,31666,11,0,0,11,17
2020-08-08,US,Virginia,Appomattox,84,0,0,37.37569884,-78.81340003,51011.0,527.9366476022876,0.0,84,83,0,0,83,77,15841,1,0,0,1,6
2020-08-08,US,Virginia,Arlington,3062,135,0,38.8767675,-77.10139853,51013.0,1292.8450190422307,4.408883082952318,2927,3037,135,0,2902,3013,237521,25,0,0,25,24
2020-08-08,US,Virginia,Augusta,275,4,0,38.16404586,-79.12461614,51015.0,363.9588130972233,1.4545454545454546,271,264,4,0,260,261,75457,11,0,0,11,3
2020-08-08,US,Virginia,Bath,4,0,0,38.05852573,-79.73912095,51017.0,96.45526886906195,0.0,4,4,0,0,4,4,4292,0,0,0,0,0
2020-08-08,US,Virginia,Bedford,347,7,0,37.3080028,-79.5281964,51019.0,439.2571869817841,2.0172910662824206,340,341,7,0,334,327,78747,6,0,0,6,14
2020-08-08,US,Virginia,Bland,11,0,0,37.13128068,-81.13599391,51021.0,175.15923566878982,0.0,11,11,0,0,11,9,6293,0,0,0,0,2
2020-08-08,US,Virginia,Botetourt,212,7,0,37.55531756,-79.80982182,51023.0,634.3696699482331,3.30188679245283,205,210,7,0,203,200,33277,2,0,0,2,10
2020-08-08,US,Virginia,Bristol,77,0,0,36.616302399999995,-82.16359122,51520.0,459.37238992960266,0.0,77,76,0,0,76,71,16482,1,0,0,1,5
2020-08-08,US,Virginia,Brunswick,227,2,0,36.76366949,-77.8593436,51025.0,1398.558314336763,0.8810572687224669,225,226,2,0,224,216,16384,1,0,0,1,10
2020-08-08,US,Virginia,Buchanan,77,0,0,37.26818323,-82.03749726,51027.0,366.596838697391,0.0,77,78,0,0,78,74,21221,-1,0,0,-1,4
2020-08-08,US,Virginia,Buckingham,605,8,0,37.57242268,-78.52518834,51029.0,3528.108234196408,1.3223140495867771,597,601,8,0,593,598,16999,4,0,0,4,3
2020-08-08,US,Virginia,Buena Vista,50,1,0,37.73484642,-79.35296097,51530.0,771.8431614695894,2.0,49,50,1,0,49,50,6237,0,0,0,0,0
2020-08-08,US,Virginia,Campbell,206,2,0,37.20553386,-79.09678609,51031.0,375.330235947891,0.9708737864077671,204,190,2,0,188,176,54973,16,0,0,16,14
2020-08-08,US,Virginia,Caroline,206,5,0,38.02679129,-77.34901405,51033.0,670.4637917005696,2.4271844660194173,201,200,5,0,195,194,30772,6,0,0,6,6
2020-08-08,US,Virginia,Carroll,327,13,0,36.73066666,-80.73455942,51035.0,1097.6469403511128,3.9755351681957194,314,321,12,0,309,309,29636,6,1,0,5,12
2020-08-08,US,Virginia,Charles City,52,5,0,37.35358063,-77.05634116,51036.0,746.8045382737323,9.615384615384617,47,51,5,0,46,51,6941,1,0,0,1,0
2020-08-08,US,Virginia,Charlotte,53,0,0,37.01909701,-78.66314092,51037.0,446.1279461279461,0.0,53,52,0,0,52,50,11938,1,0,0,1,2
2020-08-08,US,Virginia,Charlottesville,537,15,0,38.03527919,-78.48569588,51540.0,1136.123217534803,2.793296089385475,522,520,15,0,505,505,48117,17,0,0,17,15
2020-08-08,US,Virginia,Chesapeake,2872,37,0,36.67670048,-76.30545744,51550.0,1173.0349010558134,1.2883008356545962,2835,2828,37,0,2791,2761,242634,44,0,0,44,67
2020-08-08,US,Virginia,Chesterfield,4350,80,0,37.37373208,-77.58680140000001,51041.0,1232.9862075611816,1.839080459770115,4270,4283,80,0,4203,4216,348556,67,0,0,67,67
2020-08-08,US,Virginia,Clarke,71,0,0,39.11271747,-77.99199425,51043.0,485.66933442779936,0.0,71,70,0,0,70,69,14523,1,0,0,1,1
2020-08-08,US,Virginia,Colonial Heights,197,21,0,37.26420587,-77.39609676,51570.0,1134.139320667818,10.659898477157359,176,195,21,0,174,189,17833,2,0,0,2,6
2020-08-08,US,Virginia,Covington,13,0,0,37.7824656,-79.98631446,51580.0,234.74178403755863,0.0,13,13,0,0,13,13,5460,0,0,0,0,0
2020-08-08,US,Virginia,Craig,17,0,0,37.48133648,-80.21072274,51045.0,331.319430910154,0.0,17,17,0,0,17,17,5064,0,0,0,0,0
2020-08-08,US,Virginia,Culpeper,996,12,0,38.48199985,-77.95630870000002,51047.0,1893.356144853151,1.2048192771084338,984,988,12,0,976,977,51859,8,0,0,8,11
2020-08-08,US,Virginia,Cumberland,76,0,0,37.51328851,-78.24398086,51049.0,765.2033830044303,0.0,76,75,0,0,75,72,9809,1,0,0,1,3
2020-08-08,US,Virginia,Danville,395,7,0,36.58022376,-79.40395668,51590.0,986.4149435620816,1.7721518987341771,388,386,7,0,379,362,40693,9,0,0,9,24
2020-08-08,US,Virginia,Dickenson,40,1,0,37.12560977,-82.35124171,51051.0,279.3686269031988,2.5,39,38,1,0,37,38,14523,2,0,0,2,0
2020-08-08,US,Virginia,Dinwiddie,217,7,0,37.07544585,-77.63451754,51053.0,760.2298206278027,3.2258064516129035,210,212,7,0,205,211,28529,5,0,0,5,1
2020-08-08,US,Virginia,Emporia,174,15,0,36.69455571,-77.53406129,51595.0,3254.769921436588,8.620689655172415,159,174,15,0,159,172,5121,0,0,0,0,2
2020-08-08,US,Virginia,Essex,99,1,0,37.93357639,-76.94230311,51057.0,903.861955628595,1.0101010101010102,98,94,1,0,93,84,10919,5,0,0,5,10
2020-08-08,US,Virginia,Fairfax,16302,529,0,38.83677558,-77.27565836,51059.0,1420.6139785208609,3.245000613421666,15773,16241,530,0,15711,16087,1150795,61,-1,0,62,154
2020-08-08,US,Virginia,Fairfax,16302,529,0,38.83677558,-77.27565836,51059.0,1420.6139785208609,3.245000613421666,15773,16241,530,0,15711,16087,24574,61,-1,0,62,154
2020-08-08,US,Virginia,Fairfax City,85,7,0,38.85157547,-77.29779640000002,51600.0,353.8865065156752,8.235294117647058,78,84,7,0,77,81,24574,1,0,0,1,3
2020-08-08,US,Virginia,Falls Church,60,6,0,38.88485255,-77.17560759,51610.0,410.4809468427173,10.0,54,60,6,0,54,60,14772,0,0,0,0,0
2020-08-08,US,Virginia,Fauquier,614,9,0,38.73564842,-77.80647472,51061.0,862.0931734576393,1.4657980456026058,605,606,9,0,597,592,70675,8,0,0,8,14
2020-08-08,US,Virginia,Floyd,57,2,0,36.9302126,-80.36738849,51063.0,361.9277414439012,3.5087719298245608,55,51,2,0,49,43,15795,6,0,0,6,8
2020-08-08,US,Virginia,Fluvanna,188,9,0,37.84157909,-78.27715475,51065.0,689.4022735606894,4.787234042553191,179,184,9,0,175,179,26783,4,0,0,4,5
2020-08-08,US,Virginia,Franklin,168,1,0,36.99536167,-79.88023649,51067.0,299.77516862353235,0.5952380952380952,167,168,1,0,167,163,56195,0,0,0,0,5
2020-08-08,US,Virginia,Franklin,168,1,0,36.99536167,-79.88023649,51067.0,299.77516862353235,0.5952380952380952,167,168,1,0,167,163,8013,0,0,0,0,5
2020-08-08,US,Virginia,Franklin City,178,6,0,36.6831435,-76.93859681,51620.0,2234.216141584034,3.3707865168539324,172,174,6,0,168,158,8013,4,0,0,4,16
2020-08-08,US,Virginia,Frederick,680,9,0,39.20172582,-78.25974949,51069.0,761.36732614513,1.3235294117647058,671,680,9,0,671,675,88355,0,0,0,0,5
2020-08-08,US,Virginia,Fredericksburg,400,3,0,38.2977863,-77.4922454,51630.0,1377.6002204160352,0.75,397,396,3,0,393,388,29144,4,0,0,4,8
2020-08-08,US,Virginia,Galax,346,24,0,36.66601852,-80.91703124,51640.0,5451.3943595399405,6.9364161849710975,322,348,24,0,324,342,6423,-2,0,0,-2,6
2020-08-08,US,Virginia,Giles,23,0,0,37.31234791,-80.70636931,51071.0,137.55980861244018,0.0,23,23,0,0,23,23,16844,0,0,0,0,0
2020-08-08,US,Virginia,Gloucester,156,2,0,37.40809042,-76.53524337,51073.0,417.69304915925886,1.2820512820512822,154,152,2,0,150,147,37349,4,0,0,4,5
2020-08-08,US,Virginia,Goochland,161,7,0,37.71714806,-77.90381514,51075.0,677.8091188481455,4.3478260869565215,154,159,7,0,152,157,23244,2,0,0,2,2
2020-08-08,US,Virginia,Grayson,152,5,0,36.65677234,-81.23215889,51077.0,977.4919614147908,3.2894736842105265,147,148,5,0,143,145,15631,4,0,0,4,3
2020-08-08,US,Virginia,Greene,154,2,0,38.29545894,-78.46525378,51079.0,777.032140874918,1.2987012987012987,152,153,2,0,151,153,19779,1,0,0,1,0
2020-08-08,US,Virginia,Greensville,463,11,0,36.67878901,-77.56351439,51081.0,4084.333098094566,2.3758099352051842,452,452,11,0,441,441,11627,11,0,0,11,11
2020-08-08,US,Virginia,Halifax,153,1,0,36.76654925,-78.93512622,51083.0,451.18103270325264,0.6535947712418301,152,152,1,0,151,145,34120,1,0,0,1,7
2020-08-08,US,Virginia,Hampton,1210,7,0,37.03513786,-76.35879121,51650.0,899.5613709017916,0.5785123966942148,1203,1173,7,0,1166,1131,134313,37,0,0,37,42
2020-08-08,US,Virginia,Hanover,641,32,0,37.7583355,-77.49464673,51085.0,594.8072675983149,4.99219968798752,609,637,32,0,605,615,107239,4,0,0,4,22
2020-08-08,US,Virginia,Harrisonburg,1076,31,0,38.43542574,-78.87536254,51660.0,2029.5759770635282,2.8810408921933086,1045,1075,31,0,1044,1070,54033,1,0,0,1,5
2020-08-08,US,Virginia,Henrico,3839,184,0,37.53460572,-77.39326555,51087.0,1160.456807066121,4.792914821568116,3655,3811,184,0,3627,3742,329261,28,0,0,28,69
2020-08-08,US,Virginia,Henry,579,7,0,36.68542395,-79.87634026,51089.0,1145.2420040746088,1.2089810017271156,572,573,7,0,566,543,50953,6,0,0,6,30
2020-08-08,US,Virginia,Highland,6,0,0,38.35799465,-79.56124594,51091.0,273.97260273972597,0.0,6,6,0,0,6,4,2210,0,0,0,0,2
2020-08-08,US,Virginia,Hopewell,269,5,0,37.29186313,-77.29754684,51670.0,1194.0166008256026,1.858736059479554,264,265,5,0,260,260,22596,4,0,0,4,5
2020-08-08,US,Virginia,Isle of Wight,383,9,0,36.90579348,-76.70842863,51093.0,1032.094640114258,2.3498694516971277,374,378,9,0,369,370,36953,5,0,0,5,8
2020-08-08,US,Virginia,James City,602,16,0,37.31156958,-76.76950618,51095.0,786.6915829227812,2.6578073089701,586,596,16,0,580,575,76397,6,0,0,6,21
2020-08-08,US,Virginia,King George,141,4,0,38.26818502,-77.15852768,51099.0,525.4136234908332,2.8368794326241136,137,137,4,0,133,125,26575,4,0,0,4,12
2020-08-08,US,Virginia,King William,87,2,0,37.70965316,-77.09384941,51101.0,507.34779566130163,2.2988505747126435,85,83,2,0,81,79,16939,4,0,0,4,4
2020-08-08,US,Virginia,King and Queen,39,1,0,37.71044922,-76.88689628,51097.0,555.1601423487543,2.5641025641025643,38,39,1,0,38,37,7042,0,0,0,0,2
2020-08-08,US,Virginia,Lancaster,36,0,0,37.71889653,-76.46400482,51103.0,339.52654908988023,0.0,36,35,0,0,35,32,10783,1,0,0,1,3
2020-08-08,US,Virginia,Lee,114,1,0,36.70586667,-83.12606515,51105.0,486.70110575075785,0.8771929824561403,113,110,1,0,109,105,23541,4,0,0,4,5
2020-08-08,US,Virginia,Lexington,33,0,0,37.78258621,-79.44262866,51678.0,443.19097502014506,0.0,33,33,0,0,33,33,7136,0,0,0,0,0
2020-08-08,US,Virginia,Loudoun,5254,115,0,39.08990083,-77.63481877,51107.0,1270.4999298734335,2.188808526836696,5139,5196,115,0,5081,5150,406850,58,0,0,58,46
2020-08-08,US,Virginia,Louisa,182,2,0,37.97850256,-77.96274807,51109.0,484.1584421803091,1.0989010989010992,180,181,2,0,179,174,36778,1,0,0,1,7
2020-08-08,US,Virginia,Lunenburg,62,1,0,36.94618528,-78.24133319,51111.0,508.36339783535584,1.6129032258064515,61,60,1,0,59,58,12086,2,0,0,2,2
2020-08-08,US,Virginia,Lynchburg,591,5,0,37.40021399,-79.19888138,51680.0,719.2581053451465,0.8460236886632826,586,553,5,0,548,514,82126,38,0,0,38,39
2020-08-08,US,Virginia,Madison,68,1,0,38.41531222,-78.28220331,51113.0,512.7818414900837,1.4705882352941178,67,66,1,0,65,64,13295,2,0,0,2,2
2020-08-08,US,Virginia,Manassas,1643,22,0,38.7464321,-77.48509905,51683.0,3999.0264086649627,1.3390139987827143,1621,1636,21,0,1615,1625,41641,7,1,0,6,11
2020-08-08,US,Virginia,Manassas Park,513,7,0,38.77058531,-77.44399307,51685.0,2935.1184346035016,1.364522417153996,506,507,7,0,500,506,17307,6,0,0,6,1
2020-08-08,US,Virginia,Martinsville,202,3,0,36.68212094,-79.86352771,51690.0,1609.048908714354,1.4851485148514851,199,196,3,0,193,184,12902,6,0,0,6,12
2020-08-08,US,Virginia,Mathews,18,0,0,37.44164146,-76.34098896,51115.0,203.75820692777904,0.0,18,17,0,0,17,16,8802,1,0,0,1,1
2020-08-08,US,Virginia,Mecklenburg,440,32,0,36.67882005,-78.36131056,51117.0,1438.5196325236207,7.272727272727272,408,385,32,0,353,360,30650,55,0,0,55,25
2020-08-08,US,Virginia,Middlesex,37,1,0,37.63191998,-76.55064617,51119.0,349.65034965034965,2.702702702702702,36,34,1,0,33,33,10769,3,0,0,3,1
2020-08-08,US,Virginia,Montgomery,301,3,0,37.17746986,-80.37868691,51121.0,305.47521185365605,0.9966777408637874,298,301,3,0,298,296,98985,0,0,0,0,5
2020-08-08,US,Virginia,Nelson,45,0,0,37.78790447,-78.88498513,51125.0,301.40656396517085,0.0,45,39,0,0,39,36,14836,6,0,0,6,3
2020-08-08,US,Virginia,New Kent,127,1,0,37.50694406,-76.99828634,51127.0,549.9978346541943,0.7874015748031497,126,124,1,0,123,122,22391,3,0,0,3,2
2020-08-08,US,Virginia,Newport News,1816,18,0,37.08166899,-76.51754109,51700.0,1013.2514995117868,0.9911894273127754,1798,1788,18,0,1770,1736,178626,28,0,0,28,52
2020-08-08,US,Virginia,Norfolk,3700,30,0,36.89934014,-76.26420872,51710.0,1524.2520865775186,0.8108108108108109,3670,3629,30,0,3599,3496,244076,71,0,0,71,133
2020-08-08,US,Virginia,Northampton,296,29,0,37.34062933,-75.87751591,51131.0,2527.754056362084,9.797297297297296,267,295,29,0,266,295,11735,1,0,0,1,0
2020-08-08,US,Virginia,Northumberland,71,2,0,37.89202088,-76.41949732,51133.0,587.0194295163291,2.8169014084507036,69,70,2,0,68,69,12147,1,0,0,1,1
2020-08-08,US,Virginia,Norton,18,0,0,36.93357076,-82.62750411,51720.0,452.14770158251696,0.0,18,18,0,0,18,15,3968,0,0,0,0,3
2020-08-08,US,Virginia,Nottoway,182,13,0,37.1435975,-78.05065922,51135.0,1194.8529411764705,7.142857142857142,169,181,13,0,168,178,15420,1,0,0,1,3
2020-08-08,US,Virginia,Orange,231,3,0,38.24530219,-78.01560400000002,51137.0,623.4649537124504,1.2987012987012987,228,226,3,0,223,222,36644,5,0,0,5,4
2020-08-08,US,Virginia,Page,343,24,0,38.61807452,-78.48797204,51139.0,1435.0263576269767,6.997084548104956,319,337,24,0,313,335,23933,6,0,0,6,2
2020-08-08,US,Virginia,Patrick,154,4,0,36.680163799999995,-80.2865648,51141.0,874.602453430259,2.5974025974025974,150,134,4,0,130,126,17673,20,0,0,20,8
2020-08-08,US,Virginia,Petersburg,507,19,0,37.20530399,-77.39368102,51730.0,1617.4312511963249,3.7475345167652865,488,506,19,0,487,493,31567,1,0,0,1,13
2020-08-08,US,Virginia,Pittsylvania,424,2,0,36.81980341,-79.39731264,51143.0,702.5217881167778,0.4716981132075472,422,418,2,0,416,392,60949,6,0,0,6,26
2020-08-08,US,Virginia,Poquoson,43,0,0,37.14259351,-76.35798148,51735.0,350.4196886969277,0.0,43,43,0,0,43,41,12190,0,0,0,0,2
2020-08-08,US,Virginia,Portsmouth,1758,25,0,36.85914825,-76.35971629,51740.0,1862.3275916862647,1.422070534698521,1733,1726,25,0,1701,1676,94632,32,0,0,32,50
2020-08-08,US,Virginia,Powhatan,144,4,0,37.55016038,-77.91267882,51145.0,485.6333468231485,2.7777777777777777,140,141,4,0,137,135,29189,3,0,0,3,6
2020-08-08,US,Virginia,Prince Edward,411,10,0,37.22554789,-78.43597949,51147.0,1802.4734672397158,2.4330900243309004,401,397,10,0,387,389,22950,14,0,0,14,8
2020-08-08,US,Virginia,Prince George,380,2,0,37.18497668,-77.22922187,51149.0,990.7960263864626,0.5263157894736842,378,377,2,0,375,357,38082,3,0,0,3,20
2020-08-08,US,Virginia,Prince William,9428,176,0,38.70916224,-77.48713689,51153.0,2004.5286869996921,1.8667798048366568,9252,9340,177,0,9163,9163,468011,88,-1,0,89,177
2020-08-08,US,Virginia,Pulaski,88,3,0,37.06474963,-80.71229738,51155.0,258.61815617010024,3.4090909090909087,85,84,3,0,81,82,34066,4,0,0,4,2
2020-08-08,US,Virginia,Radford,51,0,0,37.12222899,-80.56027320000003,51750.0,279.467368074963,0.0,51,48,0,0,48,36,18339,3,0,0,3,12
2020-08-08,US,Virginia,Rappahannock,42,2,0,38.68295619,-78.15826963,51157.0,569.8778833107192,4.761904761904762,40,41,2,0,39,41,7252,1,0,0,1,0
2020-08-08,US,Virginia,Richmond,319,5,0,37.937575,-76.72920628,51159.0,3535.409509032473,1.567398119122257,314,318,4,0,314,318,9038,1,1,0,0,0
2020-08-08,US,Virginia,Richmond City,3132,41,0,37.53255773,-77.47966921,51760.0,1359.1626308389314,1.3090676883780332,3091,3112,41,0,3071,3067,228783,20,0,0,20,45
2020-08-08,US,Virginia,Roanoke,493,4,0,37.26865804,-80.06396753,51161.0,523.4323572505468,0.8113590263691683,489,495,4,0,491,471,94073,-2,0,0,-2,24
2020-08-08,US,Virginia,Roanoke City,1009,15,0,37.27791025,-79.96189766,51770.0,1017.7218764814461,1.4866204162537169,994,1000,14,0,986,973,99920,9,1,0,8,27
2020-08-08,US,Virginia,Rockbridge,67,1,0,37.81204314,-79.44605905,51163.0,296.8147787179374,1.492537313432836,66,66,1,0,65,66,22752,1,0,0,1,0
2020-08-08,US,Virginia,Rockingham,938,19,0,38.51006137,-78.87260325,51165.0,1144.6283008737248,2.025586353944563,919,933,19,0,914,925,81244,5,0,0,5,8
2020-08-08,US,Virginia,Russell,112,2,0,36.93028320000001,-82.10095486,51167.0,421.274354923644,1.7857142857142858,110,101,2,0,99,91,26748,11,0,0,11,10
2020-08-08,US,Virginia,Salem,161,3,0,37.2836193,-80.06219455,51775.0,636.3384846448757,1.8633540372670807,158,157,3,0,154,153,25643,4,0,0,4,4
2020-08-08,US,Virginia,Scott,90,3,0,36.71466456,-82.60171704,51169.0,417.32356487062964,3.333333333333333,87,85,3,0,82,66,21534,5,0,0,5,19
2020-08-08,US,Virginia,Shenandoah,700,44,0,38.85905135,-78.56813762,51171.0,1604.9156272927364,6.2857142857142865,656,690,43,0,647,689,43497,10,1,0,9,1
2020-08-08,US,Virginia,Smyth,146,3,0,36.84455636,-81.53344948,51173.0,484.985384002126,2.054794520547945,143,140,3,0,137,130,30472,6,0,0,6,10
2020-08-08,US,Virginia,Southampton,264,13,0,36.72231125,-77.10642712,51175.0,1497.3625999659691,4.924242424242424,251,257,13,0,244,249,17586,7,0,0,7,8
2020-08-08,US,Virginia,Spotsylvania,1471,35,0,38.18574462,-77.655399,51177.0,1079.9104357082554,2.3793337865397692,1436,1449,35,0,1414,1421,134238,22,0,0,22,28
2020-08-08,US,Virginia,Stafford,1366,8,0,38.41758738,-77.45917053,51179.0,893.4995617535092,0.5856515373352855,1358,1350,8,0,1342,1316,149960,16,0,0,16,34
2020-08-08,US,Virginia,Staunton,151,0,0,38.15965544,-79.05979937,51790.0,605.6473608214343,0.0,151,147,0,0,147,143,24922,4,0,0,4,4
2020-08-08,US,Virginia,Suffolk,1258,50,0,36.70155394,-76.63603554,51800.0,1365.7879880140704,3.97456279809221,1208,1231,49,0,1182,1184,91185,27,1,0,26,47
2020-08-08,US,Virginia,Surry,49,2,0,37.11781893,-76.88450012,51181.0,763.0021800062286,4.081632653061225,47,47,2,0,45,44,6474,2,0,0,2,3
2020-08-08,US,Virginia,Sussex,297,9,0,36.92432914,-77.25791182,51183.0,2661.5288108253426,3.0303030303030303,288,290,9,0,281,283,11237,7,0,0,7,7
2020-08-08,US,Virginia,Tazewell,117,0,0,37.12191123,-81.56685568,51185.0,288.2128340928686,0.0,117,116,0,0,116,106,40855,1,0,0,1,10
2020-08-08,US,Virginia,Virginia Beach,4895,54,0,36.73285734,-76.04566934,51810.0,1087.840630792001,1.1031664964249237,4841,4781,53,0,4728,4658,450189,114,1,0,113,123
2020-08-08,US,Virginia,Warren,355,6,0,38.90847745,-78.20280433,51187.0,883.8761079573748,1.6901408450704225,349,354,6,0,348,353,40003,1,0,0,1,1
2020-08-08,US,Virginia,Washington,217,5,0,36.72341572,-81.95666289,51191.0,403.79605508001487,2.3041474654377883,212,211,5,0,206,203,54402,6,0,0,6,8
2020-08-08,US,Virginia,Waynesboro,173,3,0,38.06451466,-78.90293905,51820.0,764.4719399027838,1.7341040462427746,170,168,3,0,165,167,22628,5,0,0,5,1
2020-08-08,US,Virginia,Westmoreland,209,3,0,38.11021557,-76.80213247,51193.0,1160.1443241742993,1.4354066985645932,206,202,3,0,199,197,17830,7,0,0,7,5
2020-08-08,US,Virginia,Williamsburg,122,6,0,37.28131268,-76.70905141,51830.0,815.8352280326334,4.918032786885246,116,121,6,0,115,119,14896,1,0,0,1,2
2020-08-08,US,Virginia,Winchester,399,4,0,39.17054517,-78.17325058,51840.0,1421.041384714011,1.0025062656641603,395,399,4,0,395,396,28108,0,0,0,0,3
2020-08-08,US,Virginia,Wise,126,3,0,36.9746148,-82.62410519,51195.0,337.05160099510465,2.380952380952381,123,117,3,0,114,110,38012,9,0,0,9,7
2020-08-08,US,Virginia,Wythe,115,3,0,36.91582035,-81.07834059,51197.0,400.92037372751366,2.608695652173913,112,112,3,0,109,108,28754,3,0,0,3,4
2020-08-08,US,Virginia,York,361,4,0,37.24374789,-76.54412815,51199.0,528.7053309900409,1.10803324099723,357,355,4,0,351,338,67846,6,0,0,6,17
2020-08-08,US,Washington,Adams,434,5,0,46.98299757,-118.56017340000001,53001.0,2171.8460691587848,1.1520737327188941,429,423,4,0,419,417,19759,11,1,0,10,6
2020-08-08,US,Washington,Asotin,27,2,0,46.18894415,-117.2022851,53003.0,119.5642547161456,7.407407407407407,25,25,2,0,23,25,22610,2,0,0,2,0
2020-08-08,US,Washington,Benton,3714,115,0,46.23946995,-119.51208340000001,53005.0,1817.114340231909,3.096392030156166,3599,3690,114,0,3576,3632,201877,24,1,0,23,58
2020-08-08,US,Washington,Chelan,1306,10,0,47.87046092,-120.6173956,53007.0,1691.7098445595855,0.7656967840735069,1296,1276,10,0,1266,1255,77036,30,0,0,30,21
2020-08-08,US,Washington,Clallam,103,0,0,48.04754642,-123.92263190000001,53009.0,133.19367394705878,0.0,103,102,0,0,102,100,76737,1,0,0,1,2
2020-08-08,US,Washington,Clark,1767,43,0,45.77568046,-122.48292040000001,53011.0,361.9114330832519,2.4335031126202598,1724,1749,43,0,1706,1712,481857,18,0,0,18,37
2020-08-08,US,Washington,Columbia,13,1,0,46.29442881,-117.9051983,53013.0,326.2233375156838,7.6923076923076925,12,13,1,0,12,13,4059,0,0,0,0,0
2020-08-08,US,Washington,Cowlitz,477,5,0,46.19074721,-122.6782231,53015.0,431.31120414492784,1.0482180293501049,472,472,5,0,467,462,108987,5,0,0,5,10
2020-08-08,US,Washington,Douglas,938,7,0,47.7361335,-119.69293700000001,53017.0,2159.8471067719724,0.746268656716418,931,908,7,0,901,890,42907,30,0,0,30,18
2020-08-08,US,Washington,Ferry,22,0,0,48.471143100000006,-118.5154041,53019.0,288.4489314278223,0.0,22,22,0,0,22,21,7649,0,0,0,0,1
2020-08-08,US,Washington,Franklin,3486,49,0,46.53351425,-118.9018212,53021.0,3660.9186952594982,1.4056224899598393,3437,3447,48,0,3399,3412,94347,39,1,0,38,35
2020-08-08,US,Washington,Garfield,4,0,0,46.43197502,-117.54540320000001,53023.0,179.77528089887642,0.0,4,2,0,0,2,2,2247,2,0,0,2,0
2020-08-08,US,Washington,Grant,1459,13,0,47.20753737,-119.4500749,53025.0,1492.8427450298261,0.8910212474297464,1446,1422,12,0,1410,1393,97331,37,1,0,36,29
2020-08-08,US,Washington,Grays Harbor,119,2,0,47.14003705,-123.7820567,53027.0,158.53772265224285,1.680672268907563,117,109,2,0,107,109,73901,10,0,0,10,0
2020-08-08,US,Washington,Island,249,11,0,48.14713305,-122.5216407,53029.0,292.4560435043046,4.417670682730924,238,247,11,0,236,241,84460,2,0,0,2,6
2020-08-08,US,Washington,Jefferson,54,0,0,47.75003077,-123.56097040000002,53031.0,167.5925638558704,0.0,54,54,0,0,54,54,31729,0,0,0,0,0
2020-08-08,US,Washington,King,16439,674,0,47.49137892,-121.8346131,53033.0,729.7199640267012,4.100006083095079,15765,16222,670,0,15552,16078,2233163,217,4,0,213,144
2020-08-08,US,Washington,Kitsap,730,7,0,47.63479026,-122.6436061,53035.0,268.90335318797815,0.9589041095890408,723,721,7,0,714,707,269805,9,0,0,9,14
2020-08-08,US,Washington,Kittitas,373,19,0,47.12521214,-120.67943899999999,53037.0,778.1370606028997,5.093833780160859,354,360,18,0,342,355,47364,13,1,0,12,5
2020-08-08,US,Washington,Klickitat,111,3,0,45.87325839,-120.7913598,53039.0,494.98327759197326,2.702702702702702,108,109,3,0,106,108,22107,2,0,0,2,1
2020-08-08,US,Washington,Lewis,213,3,0,46.57756476,-122.39257690000001,53041.0,263.91762796287804,1.4084507042253518,210,207,3,0,204,197,79604,6,0,0,6,10
2020-08-08,US,Washington,Lincoln,28,0,0,47.57705241,-118.41943880000001,53043.0,255.96489624280102,0.0,28,22,0,0,22,20,10740,6,0,0,6,2
2020-08-08,US,Washington,Mason,212,1,0,47.35007586,-123.1863685,53045.0,317.51737359214,0.4716981132075472,211,201,1,0,200,187,65507,11,0,0,11,14
2020-08-08,US,Washington,Okanogan,861,5,0,48.54855019,-119.73872240000001,53047.0,2038.2075136709038,0.5807200929152149,856,836,3,0,833,820,42132,25,2,0,23,16
2020-08-08,US,Washington,Pacific,49,2,0,46.55418369,-123.7285716,53049.0,218.058831382671,4.081632653061225,47,48,2,0,46,47,22036,1,0,0,1,1
2020-08-08,US,Washington,Pend Oreille,40,0,0,48.53234021,-117.2741804,53051.0,291.4602156805596,0.0,40,39,0,0,39,38,13602,1,0,0,1,1
2020-08-08,US,Washington,Pierce,5606,140,0,47.03892768,-122.14059579999999,53053.0,619.4612035625098,2.497324295397788,5466,5522,137,0,5385,5477,891299,84,3,0,81,45
2020-08-08,US,Washington,San Juan,28,0,0,48.60182783,-122.96745,53055.0,159.2537822773291,0.0,28,28,0,0,28,28,17128,0,0,0,0,0
2020-08-08,US,Washington,Skagit,876,21,0,48.48171488,-121.766131,53057.0,677.9923377578268,2.3972602739726026,855,858,21,0,837,858,128206,18,0,0,18,0
2020-08-08,US,Washington,Skamania,57,1,0,46.02408726,-121.91644029999999,53059.0,471.737151369693,1.7543859649122806,56,57,1,0,56,55,11924,0,0,0,0,2
2020-08-08,US,Washington,Snohomish,5423,192,0,48.04615983,-121.7170703,53061.0,659.6657515117088,3.5404757514290983,5231,5369,191,0,5178,5326,814901,54,1,0,53,43
2020-08-08,US,Washington,Spokane,4415,89,0,47.62113146,-117.4046494,53063.0,844.4944318838251,2.015855039637599,4326,4277,88,0,4189,4192,514631,138,1,0,137,85
2020-08-08,US,Washington,Stevens,108,1,0,48.40035475,-117.8542701,53065.0,236.20497342694046,0.925925925925926,107,105,1,0,104,99,45260,3,0,0,3,6
2020-08-08,US,Washington,Thurston,708,11,0,46.9291895,-122.82906559999999,53067.0,243.68752925627118,1.5536723163841808,697,694,11,0,683,680,286419,14,0,0,14,14
2020-08-08,US,Washington,Unassigned,192,2,0,0.0,0.0,90053.0,0.0,1.0416666666666667,190,168,3,0,165,194,,24,-1,0,25,-26
2020-08-08,US,Washington,Wahkiakum,5,0,0,46.29180039999999,-123.4250831,53069.0,111.40819964349377,0.0,5,5,0,0,5,5,4426,0,0,0,0,0
2020-08-08,US,Washington,Walla Walla,522,2,0,46.23040051,-118.4775539,53071.0,859.1178406846609,0.3831417624521073,520,495,2,0,493,487,60922,27,0,0,27,8
2020-08-08,US,Washington,Whatcom,982,40,0,48.82227976,-121.74900179999999,53073.0,428.3589316326931,4.073319755600815,942,970,39,0,931,965,225685,12,1,0,11,5
2020-08-08,US,Washington,Whitman,104,0,0,46.90022523,-117.52417630000001,53075.0,207.5682580233115,0.0,104,103,0,0,103,89,49791,1,0,0,1,14
2020-08-08,US,Washington,Yakima,10269,212,0,46.45738486,-120.73801259999999,53077.0,4093.306174837469,2.0644658681468497,10057,10210,212,0,9998,10167,251446,59,0,0,59,43
2020-08-08,US,West Virginia,Barbour,29,1,0,39.1307219,-80.00350858,54001.0,176.38829754881093,3.4482758620689653,28,29,1,0,28,29,16535,0,0,0,0,0
2020-08-08,US,West Virginia,Berkeley,693,11,0,39.46704621,-78.02414609,54003.0,581.5173154542632,1.5873015873015872,682,686,11,0,675,675,117123,7,0,0,7,11
2020-08-08,US,West Virginia,Boone,100,0,0,38.01974191,-81.69888019,54005.0,466.0483758214103,0.0,100,97,0,0,97,95,21951,3,0,0,3,2
2020-08-08,US,West Virginia,Braxton,8,0,0,38.70036159,-80.72011184,54007.0,57.31890807480117,0.0,8,8,0,0,8,8,14089,0,0,0,0,0
2020-08-08,US,West Virginia,Brooke,62,1,0,40.27367263,-80.57915332,54009.0,282.60175942385706,1.6129032258064515,61,62,1,0,61,61,22203,0,0,0,0,1
2020-08-08,US,West Virginia,Cabell,389,3,0,38.42424062,-82.23855912,54011.0,423.0790146283104,0.7712082262210797,386,373,2,0,371,367,93224,16,1,0,15,6
2020-08-08,US,West Virginia,Calhoun,6,0,0,38.84315422,-81.11934872,54013.0,84.40005626670418,0.0,6,6,0,0,6,6,7254,0,0,0,0,0
2020-08-08,US,West Virginia,Clay,18,1,0,38.46231092,-81.07652217,54015.0,211.56558533145275,5.5555555555555545,17,18,1,0,17,18,8632,0,0,0,0,0
2020-08-08,US,West Virginia,Doddridge,6,0,0,39.27057157,-80.70671527,54017.0,71.02272727272727,0.0,6,5,0,0,5,5,8406,1,0,0,1,0
2020-08-08,US,West Virginia,Fayette,144,7,0,38.02974928,-81.08286634,54019.0,339.5745885016272,4.861111111111111,137,140,5,0,135,137,43018,4,2,0,2,3
2020-08-08,US,West Virginia,Gilmer,16,0,0,38.9251277,-80.85952723,54021.0,204.525118241084,0.0,16,16,0,0,16,16,8026,0,0,0,0,0
2020-08-08,US,West Virginia,Grant,119,1,0,39.10314817,-79.19440518,54023.0,1028.6998616874137,0.8403361344537815,118,117,1,0,116,97,11626,2,0,0,2,20
2020-08-08,US,West Virginia,Greenbrier,92,3,0,37.9463652,-80.45335881,54025.0,265.4203450464486,3.260869565217391,89,91,3,0,88,88,34786,1,0,0,1,3
2020-08-08,US,West Virginia,Hampshire,76,1,0,39.32103553,-78.60826476,54027.0,327.9395900755124,1.3157894736842106,75,76,1,0,75,76,23347,0,0,0,0,0
2020-08-08,US,West Virginia,Hancock,111,0,0,40.51943859,-80.57461608,54029.0,385.2828878861506,0.0,111,109,0,0,109,107,29094,2,0,0,2,2
2020-08-08,US,West Virginia,Hardy,58,0,0,39.00683177,-78.85855301,54031.0,421.0220673635308,0.0,58,58,0,0,58,57,13775,0,0,0,0,1
2020-08-08,US,West Virginia,Harrison,219,1,0,39.2853852,-80.37919577,54033.0,325.6215058879505,0.45662100456620996,218,214,1,0,213,207,67554,5,0,0,5,7
2020-08-08,US,West Virginia,Jackson,162,19,0,38.84263974,-81.68148753,54035.0,566.9092945128781,11.728395061728394,143,162,19,0,143,160,28706,0,0,0,0,2
2020-08-08,US,West Virginia,Jefferson,294,4,0,39.30776166,-77.86014147,54037.0,514.4717040562767,1.3605442176870748,290,294,4,0,290,294,56811,0,0,0,0,0
2020-08-08,US,West Virginia,Kanawha,911,23,0,38.33860077,-81.52857054,54039.0,511.44146774157326,2.52469813391877,888,898,22,0,876,876,180454,13,1,0,12,22
2020-08-08,US,West Virginia,Lewis,29,2,0,38.9947249,-80.49988181,54041.0,182.30967498585528,6.896551724137932,27,29,2,0,27,28,16024,0,0,0,0,1
2020-08-08,US,West Virginia,Lincoln,88,0,0,38.172154,-82.07017953,54043.0,431.1823215248175,0.0,88,81,0,0,81,79,20599,7,0,0,7,2
2020-08-08,US,West Virginia,Logan,221,3,0,37.8299889,-81.93528571,54045.0,690.2151847340642,1.3574660633484164,218,209,3,0,206,176,32607,12,0,0,12,33
2020-08-08,US,West Virginia,Marion,186,2,0,39.50984542,-80.24244659,54049.0,331.71636467399065,1.075268817204301,184,183,2,0,181,179,56097,3,0,0,3,4
2020-08-08,US,West Virginia,Marshall,131,1,0,39.86064362,-80.66591062,54051.0,429.0720906619501,0.7633587786259542,130,130,1,0,129,128,30785,1,0,0,1,2
2020-08-08,US,West Virginia,Mason,54,1,0,38.77071799,-82.02524219,54053.0,203.65062603710967,1.851851851851852,53,54,1,0,53,53,26718,0,0,0,0,1
2020-08-08,US,West Virginia,McDowell,58,0,0,37.38002939,-81.65083669,54047.0,329.09668633681343,0.0,58,58,0,0,58,49,18223,0,0,0,0,9
2020-08-08,US,West Virginia,Mercer,182,3,0,37.40481169,-81.11023142,54055.0,309.7450559923755,1.6483516483516485,179,177,3,0,174,174,59131,5,0,0,5,3
2020-08-08,US,West Virginia,Mineral,120,4,0,39.41561583,-78.94104895,54057.0,446.6279589102278,3.333333333333333,116,117,4,0,113,116,26940,3,0,0,3,1
2020-08-08,US,West Virginia,Mingo,172,5,0,37.73048351,-82.13338365,54059.0,734.2896174863388,2.9069767441860463,167,158,5,0,153,156,23785,14,0,0,14,2
2020-08-08,US,West Virginia,Monongalia,938,5,0,39.63218457,-80.04766838,54061.0,888.1566488656592,0.5330490405117271,933,935,5,0,930,929,106420,3,0,0,3,6
2020-08-08,US,West Virginia,Monroe,21,0,0,37.56274716,-80.54577965,54063.0,158.19209039548022,0.0,21,21,0,0,21,19,13280,0,0,0,0,2
2020-08-08,US,West Virginia,Morgan,26,0,0,39.55439028,-78.26311676,54065.0,145.38134645493182,0.0,26,26,0,0,26,26,17787,0,0,0,0,0
2020-08-08,US,West Virginia,Nicholas,37,1,0,38.29617706,-80.79759588,54067.0,151.0450685826257,2.702702702702702,36,36,1,0,35,35,24842,1,0,0,1,1
2020-08-08,US,West Virginia,Ohio,266,4,0,40.0955451,-80.62203992,54069.0,642.3414068725701,1.5037593984962403,262,266,4,0,262,265,41755,0,0,0,0,1
2020-08-08,US,West Virginia,Pendleton,39,1,0,38.68314479,-79.35084086,54071.0,559.6211795092553,2.5641025641025643,38,58,1,0,57,58,6997,-19,0,0,-19,0
2020-08-08,US,West Virginia,Pleasants,12,1,0,39.37091679,-81.16771771,54073.0,160.85790884718497,8.333333333333334,11,12,1,0,11,10,7507,0,0,0,0,2
2020-08-08,US,West Virginia,Pocahontas,41,0,0,38.32758728,-80.00993811,54075.0,497.1504789620468,0.0,41,41,0,0,41,41,8414,0,0,0,0,0
2020-08-08,US,West Virginia,Preston,124,4,0,39.46770987,-79.66712803,54077.0,370.9021296960996,3.2258064516129035,120,123,4,0,119,123,33839,1,0,0,1,0
2020-08-08,US,West Virginia,Putnam,193,0,0,38.50782345,-81.9082131,54079.0,341.89548272807787,0.0,193,186,0,0,186,178,56682,7,0,0,7,8
2020-08-08,US,West Virginia,Raleigh,227,1,0,37.76936795,-81.2456041,54081.0,309.42871553005,0.4405286343612335,226,215,1,0,214,210,74254,12,0,0,12,5
2020-08-08,US,West Virginia,Randolph,208,0,0,38.769899,-79.87919615,54083.0,724.8649590520997,0.0,208,208,0,0,208,206,28823,0,0,0,0,2
2020-08-08,US,West Virginia,Ritchie,3,0,0,39.18094587,-81.06356878,54085.0,31.400460540087924,0.0,3,3,0,0,3,3,9721,0,0,0,0,0
2020-08-08,US,West Virginia,Roane,15,1,0,38.71622686,-81.35243568,54087.0,109.58503798947984,6.666666666666668,14,15,1,0,14,14,13932,0,0,0,0,1
2020-08-08,US,West Virginia,Summers,10,0,0,37.65390597,-80.86009693,54089.0,79.53551260637875,0.0,10,7,0,0,7,7,12760,3,0,0,3,0
2020-08-08,US,West Virginia,Taylor,56,1,0,39.33602617,-80.0421439,54091.0,335.4297693920336,1.7857142857142858,55,56,1,0,55,56,16862,0,0,0,0,0
2020-08-08,US,West Virginia,Tucker,10,0,0,39.11240885,-79.57053576,54093.0,146.22020763269484,0.0,10,11,0,0,11,11,6955,-1,0,0,-1,0
2020-08-08,US,West Virginia,Tyler,13,0,0,39.46811972,-80.88772676,54095.0,151.32115004074032,0.0,13,13,0,0,13,13,8746,0,0,0,0,0
2020-08-08,US,West Virginia,Upshur,39,0,0,38.89285061,-80.23689136,54097.0,161.31700860357378,0.0,39,39,0,0,39,39,24415,0,0,0,0,0
2020-08-08,US,West Virginia,Wayne,203,9,0,38.14901357,-82.42287994,54099.0,515.2022739962439,4.433497536945813,194,200,9,0,191,196,39944,3,0,0,3,4
2020-08-08,US,West Virginia,Webster,4,0,0,38.49370949,-80.4202023,54101.0,49.297510475720976,0.0,4,4,0,0,4,4,8285,0,0,0,0,0
2020-08-08,US,West Virginia,Wetzel,42,0,0,39.6065771,-80.64016540000001,54103.0,278.7919017590441,0.0,42,42,0,0,42,41,15270,0,0,0,0,1
2020-08-08,US,West Virginia,Wirt,6,0,0,39.02775007,-81.37473928,54105.0,103.07507301151009,0.0,6,6,0,0,6,6,5830,0,0,0,0,0
2020-08-08,US,West Virginia,Wood,245,5,0,39.20967886,-81.5162836,54107.0,293.34993654062595,2.0408163265306123,240,243,5,0,238,242,84203,2,0,0,2,1
2020-08-08,US,West Virginia,Wyoming,31,1,0,37.612327,-81.54511071,54109.0,152.00549181131706,3.2258064516129035,30,31,1,0,30,29,20786,0,0,0,0,2
2020-08-08,US,Wisconsin,Adams,85,2,0,43.96974651,-89.76782777,55001.0,420.37586547972313,2.3529411764705883,83,82,2,0,80,82,20348,3,0,0,3,0
2020-08-08,US,Wisconsin,Ashland,24,1,0,46.31956891,-90.67837132,55003.0,154.22182238786792,4.166666666666667,23,24,1,0,23,22,15600,0,0,0,0,2
2020-08-08,US,Wisconsin,Barron,291,3,0,45.42372701,-91.84833627,55005.0,643.1792060825744,1.0309278350515465,288,282,3,0,279,276,45164,9,0,0,9,6
2020-08-08,US,Wisconsin,Bayfield,23,1,0,46.52868768,-91.19716729,55007.0,152.96621441872838,4.3478260869565215,22,22,1,0,21,21,15042,1,0,0,1,1
2020-08-08,US,Wisconsin,Brown,4240,54,0,44.452655299999996,-88.00411844,55009.0,1602.7700705370034,1.2735849056603774,4186,4193,52,0,4141,4151,263378,47,2,0,45,42
2020-08-08,US,Wisconsin,Buffalo,43,2,0,44.37835084,-91.75332578,55011.0,329.9823497812908,4.651162790697675,41,44,2,0,42,42,13125,-1,0,0,-1,2
2020-08-08,US,Wisconsin,Burnett,22,1,0,45.86303537,-92.36711412,55013.0,142.72739068379394,4.545454545454546,21,21,1,0,20,22,15392,1,0,0,1,-1
2020-08-08,US,Wisconsin,Calumet,313,2,0,44.0816316,-88.21780273,55015.0,624.8876998941884,0.6389776357827476,311,296,2,0,294,288,50159,17,0,0,17,8
2020-08-08,US,Wisconsin,Chippewa,227,0,0,45.06939744,-91.28068855,55017.0,351.0779795230289,0.0,227,223,0,0,223,218,64135,4,0,0,4,5
2020-08-08,US,Wisconsin,Clark,183,7,0,44.73483377,-90.61207486,55019.0,526.2552481739231,3.8251366120218577,176,183,7,0,176,180,34709,0,0,0,0,3
2020-08-08,US,Wisconsin,Columbia,245,1,0,43.46492199,-89.33589004,55021.0,425.8499617604116,0.4081632653061225,244,241,1,0,240,238,57358,4,0,0,4,3
2020-08-08,US,Wisconsin,Crawford,74,0,0,43.23870316,-90.93073686,55023.0,458.74403322794615,0.0,74,72,0,0,72,70,16291,2,0,0,2,2
2020-08-08,US,Wisconsin,Dane,4492,38,0,43.06601594,-89.41733797,55025.0,821.6647307913919,0.8459483526268923,4454,4436,38,0,4398,4376,542364,56,0,0,56,60
2020-08-08,US,Wisconsin,Dodge,808,5,0,43.41576662,-88.70928178,55027.0,919.8647525586584,0.6188118811881188,803,782,5,0,777,757,87847,26,0,0,26,25
2020-08-08,US,Wisconsin,Door,103,3,0,44.95856458,-87.30002707,55029.0,372.2712158450195,2.9126213592233015,100,102,3,0,99,101,27610,1,0,0,1,1
2020-08-08,US,Wisconsin,Douglas,172,0,0,46.43222285,-91.91595768,55031.0,398.60950173812284,0.0,172,159,0,0,159,149,43208,13,0,0,13,10
2020-08-08,US,Wisconsin,Dunn,122,0,0,44.94562799,-91.8962481,55033.0,268.9120084641157,0.0,122,119,0,0,119,112,45131,3,0,0,3,7
2020-08-08,US,Wisconsin,Eau Claire,574,4,0,44.726614,-91.28609183,55035.0,548.51594900904,0.6968641114982579,570,563,4,0,559,541,104534,11,0,0,11,22
2020-08-08,US,Wisconsin,Florence,8,0,0,45.84963535,-88.39804137,55037.0,186.26309662398137,0.0,8,7,0,0,7,6,4321,1,0,0,1,1
2020-08-08,US,Wisconsin,Fond du Lac,635,7,0,43.75354908,-88.48885325,55039.0,614.102105354777,1.1023622047244095,628,612,7,0,605,598,103066,23,0,0,23,14
2020-08-08,US,Wisconsin,Forest,59,4,0,45.66678019,-88.77084892,55041.0,655.264326965793,6.779661016949151,55,59,4,0,55,59,8991,0,0,0,0,0
2020-08-08,US,Wisconsin,Grant,352,15,0,42.8671731,-90.7063218,55043.0,684.3056824588348,4.261363636363637,337,346,15,0,331,341,51554,6,0,0,6,5
2020-08-08,US,Wisconsin,Green,158,1,0,42.6794956,-89.60243287,55045.0,427.48917748917745,0.6329113924050633,157,149,1,0,148,137,36929,9,0,0,9,12
2020-08-08,US,Wisconsin,Green Lake,55,0,0,43.80025981,-89.04679553,55047.0,290.8052662190028,0.0,55,55,0,0,55,54,18918,0,0,0,0,1
2020-08-08,US,Wisconsin,Iowa,79,0,0,43.00050278,-90.13469017,55049.0,333.64304417602835,0.0,79,74,0,0,74,70,23771,5,0,0,5,4
2020-08-08,US,Wisconsin,Iron,74,1,0,46.26302338,-90.24295041,55051.0,1301.2132934763495,1.351351351351351,73,74,1,0,73,73,5676,0,0,0,0,1
2020-08-08,US,Wisconsin,Jackson,58,1,0,44.31864893,-90.80566792,55053.0,280.96691372378046,1.7241379310344829,57,55,1,0,54,52,20478,3,0,0,3,3
2020-08-08,US,Wisconsin,Jefferson,624,5,0,43.02054068,-88.77529134,55055.0,736.1181564015147,0.8012820512820513,619,612,5,0,607,596,85129,12,0,0,12,16
2020-08-08,US,Wisconsin,Juneau,137,1,0,43.92456975,-90.11120239,55057.0,513.3585640948777,0.7299270072992701,136,135,1,0,134,135,26617,2,0,0,2,0
2020-08-08,US,Wisconsin,Kenosha,2659,60,0,42.57639354,-88.04051686,55059.0,1568.1672082613336,2.256487401278676,2599,2609,59,0,2550,2597,169290,50,1,0,49,12
2020-08-08,US,Wisconsin,Kewaunee,130,2,0,44.51727459,-87.61468386,55061.0,636.1945776646766,1.5384615384615383,128,127,2,0,125,122,20383,3,0,0,3,5
2020-08-08,US,Wisconsin,La Crosse,896,1,0,43.90632465,-91.11451093,55063.0,759.2190889370931,0.11160714285714286,895,889,1,0,888,881,118230,7,0,0,7,8
2020-08-08,US,Wisconsin,Lafayette,130,0,0,42.66005229,-90.1317729,55065.0,780.07800780078,0.0,130,122,0,0,122,116,16665,8,0,0,8,6
2020-08-08,US,Wisconsin,Langlade,63,1,0,45.26271619,-89.07483625,55067.0,328.31309604460887,1.5873015873015872,62,59,1,0,58,57,19268,4,0,0,4,2
2020-08-08,US,Wisconsin,Lincoln,68,0,0,45.33737523,-89.73411273,55069.0,246.4393143188489,0.0,68,67,0,0,67,65,27689,1,0,0,1,2
2020-08-08,US,Wisconsin,Manitowoc,332,1,0,44.11946801,-87.80928853,55071.0,420.3542624175434,0.3012048192771085,331,325,1,0,324,321,79074,7,0,0,7,4
2020-08-08,US,Wisconsin,Marathon,629,9,0,44.89792533,-89.75863384,55073.0,463.5498039678095,1.4308426073131957,620,623,9,0,614,612,135428,6,0,0,6,11
2020-08-08,US,Wisconsin,Marinette,387,3,0,45.38553432,-88.03324599999998,55075.0,959.1078066914496,0.7751937984496124,384,376,3,0,373,356,40434,11,0,0,11,20
2020-08-08,US,Wisconsin,Marquette,79,1,0,43.81911946,-89.40073763,55077.0,507.25568254783616,1.2658227848101269,78,76,1,0,75,76,15434,3,0,0,3,0
2020-08-08,US,Wisconsin,Menominee,22,0,0,45.00422544,-88.70950714,55078.0,482.87971905179984,0.0,22,20,0,0,20,20,4658,2,0,0,2,0
2020-08-08,US,Wisconsin,Milwaukee,20920,456,0,43.00486062,-87.96733172,55079.0,2212.057192040824,2.179732313575526,20464,20637,453,0,20184,20389,948201,283,3,0,280,248
2020-08-08,US,Wisconsin,Monroe,242,2,0,43.94641218,-90.61881899999999,55081.0,523.2093053423562,0.8264462809917356,240,242,2,0,240,241,46051,0,0,0,0,1
2020-08-08,US,Wisconsin,Oconto,237,0,0,45.02715345,-88.26807503,55083.0,624.8352227788031,0.0,237,219,0,0,219,207,37830,18,0,0,18,12
2020-08-08,US,Wisconsin,Oneida,124,0,0,45.70677897,-89.51944105,55085.0,348.36353420424217,0.0,124,112,0,0,112,102,35470,12,0,0,12,10
2020-08-08,US,Wisconsin,Outagamie,1236,14,0,44.41578887,-88.46565023,55087.0,657.8492162759135,1.132686084142395,1222,1208,14,0,1194,1180,187365,28,0,0,28,28
2020-08-08,US,Wisconsin,Ozaukee,676,17,0,43.38352225,-87.94625009,55089.0,757.6691586061577,2.514792899408284,659,647,17,0,630,624,89147,29,0,0,29,23
2020-08-08,US,Wisconsin,Pepin,42,0,0,44.58307413,-91.99949611,55091.0,576.3688760806916,0.0,42,42,0,0,42,42,7289,0,0,0,0,0
2020-08-08,US,Wisconsin,Pierce,209,2,0,44.71850291,-92.4224416,55093.0,488.8431491790242,0.9569377990430622,207,204,2,0,202,197,42555,5,0,0,5,7
2020-08-08,US,Wisconsin,Polk,131,2,0,45.46130348,-92.44182875,55095.0,299.2028869652605,1.5267175572519085,129,126,2,0,124,126,43598,5,0,0,5,0
2020-08-08,US,Wisconsin,Portage,405,0,0,44.47558711,-89.50152965,55097.0,572.260215904595,0.0,405,389,0,0,389,377,70942,16,0,0,16,12
2020-08-08,US,Wisconsin,Price,33,0,0,45.68051754,-90.36098879999999,55099.0,247.17249644221405,0.0,33,29,0,0,29,26,13397,4,0,0,4,3
2020-08-08,US,Wisconsin,Racine,3499,78,0,42.74753117,-88.05941254,55101.0,1782.3759239166425,2.229208345241497,3421,3459,78,0,3381,3364,196584,40,0,0,40,95
2020-08-08,US,Wisconsin,Richland,37,4,0,43.3762778,-90.43012729,55103.0,214.46788778112682,10.810810810810812,33,36,4,0,32,34,17377,1,0,0,1,2
2020-08-08,US,Wisconsin,Rock,1425,26,0,42.67151616,-89.07147900000002,55105.0,872.3386020544341,1.824561403508772,1399,1410,26,0,1384,1395,163129,15,0,0,15,15
2020-08-08,US,Wisconsin,Rusk,20,1,0,45.47498854,-91.1333012,55107.0,141.0636196924813,5.0,19,17,1,0,16,17,14147,3,0,0,3,0
2020-08-08,US,Wisconsin,Sauk,433,3,0,43.42574087,-89.94966132,55111.0,671.922038422147,0.6928406466512702,430,425,3,0,422,423,64249,8,0,0,8,2
2020-08-08,US,Wisconsin,Sawyer,59,0,0,45.87931905,-91.14504927,55113.0,356.3232274429279,0.0,59,52,0,0,52,52,16489,7,0,0,7,0
2020-08-08,US,Wisconsin,Shawano,190,0,0,44.78902246,-88.76443896,55115.0,464.5590356732438,0.0,190,178,0,0,178,173,40796,12,0,0,12,5
2020-08-08,US,Wisconsin,Sheboygan,742,9,0,43.72099677,-87.94579284,55117.0,643.3154152939137,1.2129380053908356,733,733,9,0,724,720,115456,9,0,0,9,13
2020-08-08,US,Wisconsin,St. Croix,485,5,0,45.03437474,-92.45000068,55109.0,534.806532358552,1.0309278350515465,480,481,5,0,476,476,89694,4,0,0,4,5
2020-08-08,US,Wisconsin,Taylor,69,0,0,45.21179252,-90.5004405,55119.0,339.1830113552573,0.0,69,64,0,0,64,61,20412,5,0,0,5,3
2020-08-08,US,Wisconsin,Trempealeau,336,2,0,44.30360275,-91.35893614,55121.0,1133.259131842558,0.5952380952380952,334,332,2,0,330,329,29442,4,0,0,4,3
2020-08-08,US,Wisconsin,Vernon,62,0,0,43.59422667,-90.8324691,55123.0,201.15501914217117,0.0,62,59,0,0,59,59,30785,3,0,0,3,0
2020-08-08,US,Wisconsin,Vilas,53,0,0,46.05467334,-89.51719204,55125.0,238.79252083802658,0.0,53,48,0,0,48,45,21938,5,0,0,5,3
2020-08-08,US,Wisconsin,Walworth,1314,23,0,42.66858202,-88.54163073,55127.0,1265.0672006777836,1.7503805175038052,1291,1298,23,0,1275,1284,103718,16,0,0,16,14
2020-08-08,US,Wisconsin,Washburn,45,0,0,45.89838588,-91.79050449,55129.0,286.25954198473283,0.0,45,41,0,0,41,41,15878,4,0,0,4,0
2020-08-08,US,Wisconsin,Washington,1039,22,0,43.36863664,-88.22974712,55131.0,763.779643324463,2.1174205967276225,1017,991,22,0,969,967,135693,48,0,0,48,24
2020-08-08,US,Wisconsin,Waukesha,4188,58,0,43.01833055,-88.30431188,55133.0,1036.1258591086546,1.3849092645654248,4130,4030,58,0,3972,3930,403072,158,0,0,158,100
2020-08-08,US,Wisconsin,Waupaca,442,15,0,44.47068056,-88.96534501,55135.0,866.8366346342419,3.3936651583710407,427,430,15,0,415,417,51128,12,0,0,12,13
2020-08-08,US,Wisconsin,Waushara,115,1,0,44.11324419,-89.24317107,55137.0,470.4823466841223,0.8695652173913043,114,114,1,0,113,112,24263,1,0,0,1,2
2020-08-08,US,Wisconsin,Winnebago,1164,18,0,44.06886922,-88.64477096,55139.0,677.1102980099705,1.5463917525773196,1146,1124,18,0,1106,1111,171020,40,0,0,40,13
2020-08-08,US,Wisconsin,Wood,286,1,0,44.45537896,-90.04158336,55141.0,391.78618885190207,0.34965034965034963,285,276,1,0,275,268,73055,10,0,0,10,8
2020-08-08,US,Wyoming,Albany,88,0,0,41.65498705,-105.72354150000001,56001.0,226.33744855967083,0.0,88,88,0,0,88,88,38601,0,0,0,0,0
2020-08-08,US,Wyoming,Big Horn,36,0,0,44.52405055,-107.9960365,56003.0,305.3435114503817,0.0,36,36,0,0,36,36,11881,0,0,0,0,0
2020-08-08,US,Wyoming,Campbell,123,0,0,44.24886082,-105.54744040000001,56005.0,265.42370686864757,0.0,123,122,0,0,122,118,46140,1,0,0,1,4
2020-08-08,US,Wyoming,Carbon,99,0,0,41.69357844,-106.9326084,56007.0,668.918918918919,0.0,99,95,0,0,95,88,14971,4,0,0,4,7
2020-08-08,US,Wyoming,Converse,32,0,0,42.97272268,-105.5081848,56009.0,231.51497612501808,0.0,32,32,0,0,32,32,13640,0,0,0,0,0
2020-08-08,US,Wyoming,Crook,10,0,0,44.58855102,-104.56977049999999,56011.0,131.85654008438817,0.0,10,10,0,0,10,10,7450,0,0,0,0,0
2020-08-08,US,Wyoming,Fremont,503,0,0,43.04183996,-108.6296893,56013.0,1281.1696085173585,0.0,503,502,0,0,502,498,39531,1,0,0,1,4
2020-08-08,US,Wyoming,Goshen,26,0,0,42.08798185,-104.3534743,56015.0,196.80569222617515,0.0,26,26,0,0,26,23,13376,0,0,0,0,3
2020-08-08,US,Wyoming,Hot Springs,23,0,0,43.71930657,-108.44231740000001,56017.0,521.1874008610922,0.0,23,19,0,0,19,19,4555,4,0,0,4,0
2020-08-08,US,Wyoming,Johnson,23,1,0,44.04057166,-106.58451740000001,56019.0,272.35050325636473,4.3478260869565215,22,23,1,0,22,23,8460,0,0,0,0,0
2020-08-08,US,Wyoming,Laramie,498,0,0,41.30702520000001,-104.6887497,56021.0,500.50251256281405,0.0,498,496,0,0,496,492,98976,2,0,0,2,4
2020-08-08,US,Wyoming,Lincoln,100,0,0,42.26376367,-110.6563997,56023.0,504.2864346949067,0.0,100,100,0,0,100,101,19434,0,0,0,0,-1
2020-08-08,US,Wyoming,Natrona,229,0,0,42.96180148,-106.79788500000001,56025.0,286.7589972200656,0.0,229,229,0,0,229,228,79115,0,0,0,0,1
2020-08-08,US,Wyoming,Niobrara,2,0,0,43.05607708,-104.47588959999999,56027.0,84.88964346349746,0.0,2,2,0,0,2,2,2388,0,0,0,0,0
2020-08-08,US,Wyoming,Park,132,0,0,44.52157546,-109.58528249999999,56029.0,452.14770158251696,0.0,132,132,0,0,132,128,29324,0,0,0,0,4
2020-08-08,US,Wyoming,Platte,5,0,0,42.13299116,-104.96633100000001,56031.0,59.57345406886692,0.0,5,5,0,0,5,5,8566,0,0,0,0,0
2020-08-08,US,Wyoming,Sheridan,72,0,0,44.79048913,-106.8862389,56033.0,236.18172871904216,0.0,72,69,0,0,69,68,30233,3,0,0,3,1
2020-08-08,US,Wyoming,Sublette,38,0,0,42.76558279,-109.91309220000001,56035.0,386.5323975180551,0.0,38,38,0,0,38,38,9813,0,0,0,0,0
2020-08-08,US,Wyoming,Sweetwater,257,0,0,41.65943896,-108.8827882,56037.0,606.9480197435231,0.0,257,257,0,0,257,253,43051,0,0,0,0,4
2020-08-08,US,Wyoming,Teton,370,0,0,43.93522482,-110.5890801,56039.0,1576.8837367882709,0.0,370,371,0,0,371,367,23081,-1,0,0,-1,4
2020-08-08,US,Wyoming,Uinta,274,0,0,41.2878183,-110.54757820000002,56041.0,1354.6919806190053,0.0,274,274,0,0,274,272,20299,0,0,0,0,2
2020-08-08,US,Wyoming,Unassigned,0,27,0,0.0,0.0,90056.0,0.0,0.0,-27,0,27,0,-27,0,,0,0,0,0,0
2020-08-08,US,Wyoming,Washakie,70,0,0,43.90451606,-107.68018700000002,56043.0,896.8609865470853,0.0,70,69,0,0,69,59,7885,1,0,0,1,10
2020-08-08,US,Wyoming,Weston,5,0,0,43.83961191,-104.56748809999999,56045.0,72.18131947452,0.0,5,5,0,0,5,5,6967,0,0,0,0,0
