Date,Country/Region,Province/State,Admin2,Confirmed,Deaths,Recovered,Latitude,Longitude,FIPS,Incidence_Rate,Case-Fatality_Ratio,Active Cases,Previous Confirmed,Previous Deaths,Previous Recovered,Previous Active,Prev2 Confirmed,Population,Daily Confirmed,Daily Deaths,Daily Recovered,Daily Active,Previous Daily Confirmed
2020-06-10,US,Alabama,Autauga,295,6,0,32.53952745,-86.64408227,1001.0,528.0209060480768,2.0338983050847457,289,282,5,0,277,272,55601,13,1,0,12,10
2020-06-10,US,Alabama,Baldwin,331,9,0,30.72774991,-87.72207058,1003.0,148.27490436044693,2.7190332326283992,322,325,9,0,316,320,218022,6,0,0,6,5
2020-06-10,US,Alabama,Barbour,208,1,0,31.868263,-85.3871286,1005.0,842.5828404763834,0.4807692307692308,207,199,1,0,198,197,24881,9,0,0,9,2
2020-06-10,US,Alabama,Bibb,89,1,0,32.99642064,-87.12511459999996,1007.0,397.42788246851836,1.1235955056179776,88,85,1,0,84,79,22400,4,0,0,4,6
2020-06-10,US,Alabama,Blount,79,1,0,33.98210918,-86.56790593,1009.0,136.61674679210043,1.2658227848101269,78,75,1,0,74,73,57840,4,0,0,4,2
2020-06-10,US,Alabama,Bullock,248,8,0,32.10030533,-85.71265535,1011.0,2455.202455202455,3.2258064516129035,240,243,8,0,235,238,10138,5,0,0,5,5
2020-06-10,US,Alabama,Butler,471,24,0,31.75300095,-86.68057478,1013.0,2421.842863019333,5.095541401273885,447,464,24,0,440,455,19680,7,0,0,7,9
2020-06-10,US,Alabama,Calhoun,182,3,0,33.77483727,-85.82630386,1015.0,160.2042163637164,1.6483516483516485,179,180,3,0,177,178,114277,2,0,0,2,2
2020-06-10,US,Alabama,Chambers,401,26,0,32.91360079,-85.39072749,1017.0,1205.8699705298613,6.4837905236907725,375,391,26,0,365,383,33615,10,0,0,10,8
2020-06-10,US,Alabama,Cherokee,42,4,0,34.17805983,-85.60638968,1019.0,160.3298213467705,9.523809523809524,38,42,4,0,38,42,26032,0,0,0,0,0
2020-06-10,US,Alabama,Chilton,118,2,0,32.85044126,-86.7173256,1021.0,265.59827136040343,1.6949152542372878,116,117,2,0,115,111,44153,1,0,0,1,6
2020-06-10,US,Alabama,Choctaw,158,11,0,32.02227341,-88.26564429999998,1023.0,1255.0639447136389,6.962025316455697,147,157,10,0,147,156,12841,1,1,0,0,1
2020-06-10,US,Alabama,Clarke,163,3,0,31.68099859,-87.83548597,1025.0,690.0347134027603,1.8404907975460123,160,161,3,0,158,158,23920,2,0,0,2,3
2020-06-10,US,Alabama,Clay,30,2,0,33.26984193,-85.85836077,1027.0,226.67170381564037,6.666666666666668,28,30,2,0,28,29,13275,0,0,0,0,1
2020-06-10,US,Alabama,Cleburne,19,1,0,33.67679204,-85.52005899,1029.0,127.43125419181757,5.2631578947368425,18,19,1,0,18,19,14987,0,0,0,0,0
2020-06-10,US,Alabama,Coffee,250,1,0,31.39932826,-85.98901039,1031.0,477.62790875396433,0.4,249,249,1,0,248,248,51909,1,0,0,1,1
2020-06-10,US,Alabama,Colbert,219,5,0,34.69847452,-87.80168544,1033.0,396.4446697199544,2.2831050228310503,214,216,5,0,211,212,54762,3,0,0,3,4
2020-06-10,US,Alabama,Conecuh,64,1,0,31.43401703,-86.99320044,1035.0,530.3720891688075,1.5625,63,55,1,0,54,52,12277,9,0,0,9,3
2020-06-10,US,Alabama,Coosa,41,1,0,32.93690146,-86.24847739,1037.0,384.5071743411798,2.4390243902439024,40,40,1,0,39,40,10715,1,0,0,1,0
2020-06-10,US,Alabama,Covington,92,1,0,31.2477854,-86.45050893,1039.0,248.31979270695567,1.0869565217391304,91,89,1,0,88,88,36986,3,0,0,3,1
2020-06-10,US,Alabama,Crenshaw,96,3,0,31.72941803,-86.31593104,1041.0,697.0665117629975,3.125,93,89,3,0,86,88,13824,7,0,0,7,1
2020-06-10,US,Alabama,Cullman,212,1,0,34.13020303,-86.86888037,1043.0,253.07993505873364,0.4716981132075472,211,203,1,0,202,199,83442,9,0,0,9,4
2020-06-10,US,Alabama,Dale,141,0,0,31.43037123,-85.61095742,1045.0,286.74855608883104,0.0,141,138,0,0,138,135,48956,3,0,0,3,3
2020-06-10,US,Alabama,Dallas,375,6,0,32.32688101,-87.10866709999998,1047.0,1008.1729218195503,1.6,369,353,5,0,348,339,38310,22,1,0,21,14
2020-06-10,US,Alabama,DeKalb,278,5,0,34.45946862,-85.80782906,1049.0,388.7405087186945,1.7985611510791366,273,276,5,0,271,272,71385,2,0,0,2,4
2020-06-10,US,Alabama,Elmore,447,9,0,32.59785413,-86.14415284,1051.0,550.4316024086,2.0134228187919465,438,437,10,0,427,427,81887,10,-1,0,11,10
2020-06-10,US,Alabama,Escambia,91,3,0,31.1256789,-87.15918694,1053.0,248.40990363879558,3.2967032967032965,88,88,3,0,85,88,36748,3,0,0,3,0
2020-06-10,US,Alabama,Etowah,280,12,0,34.04567266,-86.04051873,1055.0,273.7904329800133,4.285714285714286,268,277,12,0,265,276,102501,3,0,0,3,1
2020-06-10,US,Alabama,Fayette,23,0,0,33.72076938,-87.73886638,1057.0,141.08698319224638,0.0,23,21,0,0,21,19,16433,2,0,0,2,2
2020-06-10,US,Alabama,Franklin,634,10,0,34.44235334,-87.84289505,1059.0,2021.5547477839425,1.5772870662460567,624,631,10,0,621,625,31363,3,0,0,3,6
2020-06-10,US,Alabama,Geneva,46,0,0,31.09389027,-85.83572839,1061.0,175.09801682463555,0.0,46,46,0,0,46,46,26314,0,0,0,0,0
2020-06-10,US,Alabama,Greene,107,5,0,32.85504247,-87.95684022,1063.0,1319.1961533719639,4.672897196261682,102,102,5,0,97,99,8233,5,0,0,5,3
2020-06-10,US,Alabama,Hale,210,11,0,32.76039258,-87.63284988,1065.0,1433.349259436216,5.238095238095238,199,209,11,0,198,207,14726,1,0,0,1,2
2020-06-10,US,Alabama,Henry,93,2,0,31.51148016,-85.24267944,1067.0,540.5405405405405,2.150537634408602,91,89,2,0,87,89,17209,4,0,0,4,0
2020-06-10,US,Alabama,Houston,259,5,0,31.15197924,-85.29939599,1069.0,244.61192648419942,1.9305019305019304,254,253,5,0,248,246,104722,6,0,0,6,7
2020-06-10,US,Alabama,Jackson,101,3,0,34.78144169,-85.99750489,1071.0,195.63785689381317,2.9702970297029703,98,97,3,0,94,94,51736,4,0,0,4,3
2020-06-10,US,Alabama,Jefferson,2187,112,0,33.55554728,-86.89506300000002,1073.0,332.08163711539953,5.121170553269319,2075,2131,110,0,2021,2078,659300,56,2,0,54,53
2020-06-10,US,Alabama,Lamar,30,0,0,33.77995024,-88.09668032,1075.0,217.31256791017745,0.0,30,29,0,0,29,29,13844,1,0,0,1,0
2020-06-10,US,Alabama,Lauderdale,196,3,0,34.90171875,-87.65624729,1077.0,211.36861176115346,1.5306122448979589,193,192,3,0,189,188,92387,4,0,0,4,4
2020-06-10,US,Alabama,Lawrence,58,0,0,34.52041498,-87.31069453,1079.0,176.1632851415381,0.0,58,56,0,0,56,55,32957,2,0,0,2,1
2020-06-10,US,Alabama,Lee,605,35,0,32.60154883,-85.35132246,1081.0,367.687277412454,5.785123966942148,570,599,34,0,565,594,163941,6,1,0,5,5
2020-06-10,US,Alabama,Limestone,151,0,0,34.81185586,-86.98310072,1083.0,152.65632108375874,0.0,151,144,0,0,144,135,96174,7,0,0,7,9
2020-06-10,US,Alabama,Lowndes,307,13,0,32.1597283,-86.65158371,1085.0,3156.487764754267,4.234527687296417,294,298,13,0,285,290,9974,9,0,0,9,8
2020-06-10,US,Alabama,Macon,105,5,0,32.38759944,-85.69267724,1087.0,581.137923400487,4.761904761904762,100,104,5,0,99,100,18439,1,0,0,1,4
2020-06-10,US,Alabama,Madison,413,5,0,34.76327133,-86.55069633,1089.0,110.75088024156028,1.2106537530266344,408,397,5,0,392,386,366519,16,0,0,16,11
2020-06-10,US,Alabama,Marengo,192,7,0,32.24767634,-87.78796182,1091.0,1017.8656629380267,3.6458333333333335,185,187,6,0,181,187,19066,5,1,0,4,0
2020-06-10,US,Alabama,Marion,126,12,0,34.13697363,-87.88704173,1093.0,424.1139048773099,9.523809523809524,114,126,11,0,115,126,29763,0,1,0,-1,0
2020-06-10,US,Alabama,Marshall,764,9,0,34.36975964,-86.30486727,1095.0,789.4682456031578,1.1780104712041886,755,752,9,0,743,744,96109,12,0,0,12,8
2020-06-10,US,Alabama,Mobile,2545,127,0,30.78472347,-88.20842409,1097.0,615.9095859248324,4.990176817288802,2418,2487,126,0,2361,2461,413757,58,1,0,57,26
2020-06-10,US,Alabama,Monroe,79,2,0,31.56729412,-87.36995001,1099.0,381.0350648724256,2.5316455696202533,77,68,2,0,66,62,21067,11,0,0,11,6
2020-06-10,US,Alabama,Montgomery,2290,61,0,32.2206831,-86.20969272,1101.0,1011.1000238425332,2.663755458515284,2229,2221,56,0,2165,2128,225763,69,5,0,64,93
2020-06-10,US,Alabama,Morgan,456,1,0,34.45500589,-86.85475946,1103.0,381.0192264307021,0.21929824561403508,455,429,1,0,428,395,119089,27,0,0,27,34
2020-06-10,US,Alabama,Perry,54,0,0,32.64048341,-87.29770589,1105.0,605.1776308416453,0.0,54,52,0,0,52,50,9140,2,0,0,2,2
2020-06-10,US,Alabama,Pickens,128,6,0,33.28094866,-88.08818103,1107.0,642.2478675363773,4.6875,122,126,6,0,120,124,19938,2,0,0,2,2
2020-06-10,US,Alabama,Pike,266,1,0,31.80396383,-85.9408295,1109.0,803.2856193754907,0.3759398496240601,265,259,1,0,258,250,33338,7,0,0,7,9
2020-06-10,US,Alabama,Randolph,136,8,0,33.29526734,-85.45708831,1111.0,598.5388610157556,5.882352941176472,128,132,8,0,124,132,22725,4,0,0,4,0
2020-06-10,US,Alabama,Russell,236,0,0,32.28725256,-85.18415324,1113.0,407.17033867600634,0.0,236,221,0,0,221,212,57781,15,0,0,15,9
2020-06-10,US,Alabama,Shelby,567,20,0,33.26879845,-86.66232561,1117.0,260.447768049903,3.5273368606701943,547,560,20,0,540,554,215707,7,0,0,7,6
2020-06-10,US,Alabama,St. Clair,149,2,0,33.71902176,-86.31029372,1115.0,166.45812851908124,1.342281879194631,147,141,2,0,139,141,88690,8,0,0,8,0
2020-06-10,US,Alabama,Sumter,248,10,0,32.59117397,-88.19916205,1119.0,1995.6546229983103,4.032258064516129,238,248,9,0,239,247,12691,0,1,0,-1,1
2020-06-10,US,Alabama,Talladega,140,5,0,33.37823223,-86.16886178,1121.0,175.04813823801547,3.571428571428572,135,136,5,0,131,134,79828,4,0,0,4,2
2020-06-10,US,Alabama,Tallapoosa,451,66,0,32.86698258,-85.79833053,1123.0,1117.2492382391558,14.634146341463413,385,448,67,0,381,446,40497,3,-1,0,4,2
2020-06-10,US,Alabama,Tuscaloosa,1009,23,0,33.28726072,-87.52556818,1125.0,481.9564853956199,2.2794846382556986,986,976,23,0,953,936,208911,33,0,0,33,40
2020-06-10,US,Alabama,Unassigned,363,5,0,0.0,0.0,90001.0,0.0,1.3774104683195592,358,351,4,0,347,335,,12,1,0,11,16
2020-06-10,US,Alabama,Walker,481,6,0,33.80270512,-87.30027177,1127.0,757.2298924765038,1.2474012474012477,475,467,6,0,461,460,63711,14,0,0,14,7
2020-06-10,US,Alabama,Washington,83,6,0,31.4092794,-88.20689944,1129.0,508.39152272448854,7.2289156626506035,77,82,6,0,76,79,16378,1,0,0,1,3
2020-06-10,US,Alabama,Wilcox,183,8,0,31.98773215,-87.30891118,1131.0,1764.195507567724,4.371584699453551,175,179,7,0,172,173,10627,4,1,0,3,6
2020-06-10,US,Alabama,Winston,98,0,0,34.15030532,-87.37325922,1133.0,414.7445935079775,0.0,98,96,0,0,96,95,23660,2,0,0,2,1
2020-06-10,US,Alaska,Anchorage,297,5,0,61.14998174,-149.14269860000005,2020.0,103.125,1.6835016835016836,292,288,5,0,283,283,291538,9,0,0,9,5
2020-06-10,US,Alaska,Bethel,3,0,0,60.90980451,-159.8561831,2050.0,16.316762754269554,0.0,3,3,0,0,3,3,18216,0,0,0,0,0
2020-06-10,US,Alaska,Fairbanks North Star,85,2,0,64.80726247,-146.5692662,2090.0,87.76549060909252,2.3529411764705883,83,85,2,0,83,85,98971,0,0,0,0,0
2020-06-10,US,Alaska,Haines,1,0,0,59.09893571,-135.4679843,2100.0,39.52569169960474,0.0,1,1,0,0,1,,2474,0,0,0,0,
2020-06-10,US,Alaska,Juneau,35,0,0,58.45031811,-134.200436,2110.0,109.46393945080378,0.0,35,35,0,0,35,35,32113,0,0,0,0,0
2020-06-10,US,Alaska,Kenai Peninsula,94,2,0,60.24429722,-151.53888840000005,2122.0,160.11446480888466,2.127659574468085,92,85,2,0,83,83,58533,9,0,0,9,2
2020-06-10,US,Alaska,Ketchikan Gateway,16,0,0,55.57445008,-130.975561,2130.0,115.09963311991943,0.0,16,16,0,0,16,16,13918,0,0,0,0,0
2020-06-10,US,Alaska,Kodiak Island,1,0,0,57.65529415,-153.7493579,2150.0,7.693491306354824,0.0,1,1,0,0,1,1,13345,0,0,0,0,0
2020-06-10,US,Alaska,Matanuska-Susitna,38,1,0,62.31305045,-149.5741743,2170.0,35.08221239509957,2.631578947368421,37,37,1,0,36,37,107610,1,0,0,1,0
2020-06-10,US,Alaska,Nome,4,0,0,64.90320724,-164.0353804,2180.0,39.98400639744102,0.0,4,4,0,0,4,3,10008,0,0,0,0,1
2020-06-10,US,Alaska,North Slope,1,0,0,69.31479216,-153.4836093,2185.0,10.17087062652563,0.0,1,1,0,0,1,1,9872,0,0,0,0,0
2020-06-10,US,Alaska,Northwest Arctic,3,0,0,67.04919196,-159.7503946,2188.0,39.364912741110096,0.0,3,3,0,0,3,2,7671,0,0,0,0,1
2020-06-10,US,Alaska,Petersburg,4,1,0,57.13978948,-132.9540995,2195.0,122.47397428046541,25.0,3,4,1,0,3,4,3221,0,0,0,0,0
2020-06-10,US,Alaska,Prince of Wales-Hyder,2,0,0,55.76261984,-133.0511621,2198.0,32.24246332419797,0.0,2,2,0,0,2,2,6422,0,0,0,0,0
2020-06-10,US,Alaska,Sitka,3,0,0,57.24124555,-135.3206587,2220.0,35.323207347227125,0.0,3,2,0,0,2,2,8647,1,0,0,1,0
2020-06-10,US,Alaska,Southeast Fairbanks,3,0,0,63.87692095,-143.2127643,2240.0,43.52241404323227,0.0,3,3,0,0,3,3,6918,0,0,0,0,0
2020-06-10,US,Alaska,Wrangell,1,0,0,56.3202004,-132.05837309999998,2275.0,39.968025579536366,0.0,1,1,0,0,1,1,2503,0,0,0,0,0
2020-06-10,US,Alaska,Yukon-Koyukuk,1,0,0,65.50815459,-151.3907387,2290.0,19.120458891013385,0.0,1,1,0,0,1,1,5327,0,0,0,0,0
2020-06-10,US,Arizona,Apache,1811,49,0,35.39465006,-109.4892383,4001.0,2519.231571772365,2.70568746548868,1762,1747,49,0,1698,1732,71818,64,0,0,64,15
2020-06-10,US,Arizona,Cochise,167,4,0,31.87934684,-109.7516088,4003.0,132.62178173790122,2.395209580838323,163,156,4,0,152,149,126770,11,0,0,11,7
2020-06-10,US,Arizona,Coconino,1310,85,0,35.83883429,-111.7707178,4005.0,913.0446904011819,6.4885496183206115,1225,1289,85,0,1204,1290,142854,21,0,0,21,-1
2020-06-10,US,Arizona,Gila,48,3,0,33.80190085,-110.8132779,4007.0,88.85926913251139,6.25,45,47,3,0,44,46,53889,1,0,0,1,1
2020-06-10,US,Arizona,Graham,45,1,0,32.93166885,-109.8882178,4009.0,115.86888791616242,2.2222222222222223,44,42,1,0,41,41,38072,3,0,0,3,1
2020-06-10,US,Arizona,Greenlee,10,1,0,33.21498827,-109.2405279,4011.0,105.28532322594229,10.0,9,10,1,0,9,10,9483,0,0,0,0,0
2020-06-10,US,Arizona,La Paz,205,1,0,33.72854224,-113.9810029,4012.0,971.1957551639188,0.4878048780487805,204,189,1,0,188,183,21098,16,0,0,16,6
2020-06-10,US,Arizona,Maricopa,15282,519,0,33.34835867,-112.4918154,4013.0,340.7043363221321,3.396152336081665,14763,14374,504,0,13870,14003,4410824,908,15,0,893,371
2020-06-10,US,Arizona,Mohave,552,59,0,35.70471703,-113.7577902,4015.0,260.1552448145687,10.68840579710145,493,513,58,0,455,512,209550,39,1,0,38,1
2020-06-10,US,Arizona,Navajo,2388,75,0,35.3997715,-110.3218983,4017.0,2152.825357902708,3.1407035175879403,2313,2253,72,0,2181,2229,110445,135,3,0,132,24
2020-06-10,US,Arizona,Pima,3350,216,0,32.0971334,-111.7890033,4019.0,319.87655629493185,6.4477611940298525,3134,3161,212,0,2949,3154,1039073,189,4,0,185,7
2020-06-10,US,Arizona,Pinal,1209,42,0,32.90525627,-111.3449483,4021.0,261.2421643556783,3.4739454094292803,1167,1164,41,0,1123,1127,447138,45,1,0,44,37
2020-06-10,US,Arizona,Santa Cruz,688,4,0,31.52508998,-110.8479088,4023.0,1479.6335326250592,0.5813953488372093,684,633,3,0,630,615,46511,55,1,0,54,18
2020-06-10,US,Arizona,Unassigned,0,2,0,0.0,0.0,90004.0,0.0,0.0,-2,0,2,0,-2,0,,0,0,0,0,0
2020-06-10,US,Arizona,Yavapai,348,6,0,34.59933926,-112.5538588,4025.0,148.02274786366596,1.7241379310344829,342,340,6,0,334,330,231993,8,0,0,8,10
2020-06-10,US,Arizona,Yuma,2439,34,0,32.76895712,-113.90666740000002,4027.0,1140.855150219611,1.3940139401394014,2405,2378,34,0,2344,2257,212128,61,0,0,61,121
2020-06-10,US,Arkansas,Arkansas,7,0,0,34.29145151,-91.37277296,5001.0,40.0320256204964,0.0,7,7,0,0,7,7,17769,0,0,0,0,0
2020-06-10,US,Arkansas,Ashley,34,0,0,33.19153461,-91.7698471,5003.0,172.9663733021316,0.0,34,34,0,0,34,32,20046,0,0,0,0,2
2020-06-10,US,Arkansas,Baxter,14,0,0,36.28784385,-92.33782872,5005.0,33.38738910617189,0.0,14,13,0,0,13,13,41619,1,0,0,1,0
2020-06-10,US,Arkansas,Benton,1137,5,0,36.33644656,-94.25680817,5007.0,407.32103130675887,0.4397537379067722,1132,1090,5,0,1085,1011,272608,47,0,0,47,79
2020-06-10,US,Arkansas,Boone,7,0,0,36.3084504,-93.09374925,5009.0,18.700577046377436,0.0,7,7,0,0,7,7,37480,0,0,0,0,0
2020-06-10,US,Arkansas,Bradley,34,1,0,33.46755808,-92.15980837,5011.0,315.8970547245192,2.9411764705882355,33,32,1,0,31,32,10897,2,0,0,2,0
2020-06-10,US,Arkansas,Carroll,42,1,0,36.34038560000001,-93.54270261,5015.0,147.99154334038056,2.380952380952381,41,40,1,0,39,38,28223,2,0,0,2,2
2020-06-10,US,Arkansas,Chicot,30,0,0,33.26458973,-91.29539209,5017.0,296.501284838901,0.0,30,26,0,0,26,26,10438,4,0,0,4,0
2020-06-10,US,Arkansas,Clark,41,0,0,34.04613432,-93.17484713,5019.0,183.69175627240142,0.0,41,41,0,0,41,41,22061,0,0,0,0,0
2020-06-10,US,Arkansas,Clay,8,0,0,36.36826212,-90.4148172,5021.0,54.97903924128925,0.0,8,7,0,0,7,6,14847,1,0,0,1,1
2020-06-10,US,Arkansas,Cleburne,74,4,0,35.53864922,-92.02640019,5023.0,296.9621573899434,5.405405405405406,70,75,4,0,71,75,24965,-1,0,0,-1,0
2020-06-10,US,Arkansas,Cleveland,19,0,0,33.89723187,-92.18537045,5025.0,238.81347410759173,0.0,19,19,0,0,19,19,8018,0,0,0,0,0
2020-06-10,US,Arkansas,Columbia,26,2,0,33.21230701,-93.22642793,5027.0,110.84111352687894,7.6923076923076925,24,26,2,0,24,25,23537,0,0,0,0,1
2020-06-10,US,Arkansas,Conway,16,1,0,35.26205537,-92.70506566,5029.0,76.75333397294445,6.25,15,16,1,0,15,15,20891,0,0,0,0,1
2020-06-10,US,Arkansas,Craighead,331,1,0,35.83018283,-90.63235729,5031.0,300.0036254214553,0.3021148036253776,330,318,1,0,317,305,108558,13,0,0,13,13
2020-06-10,US,Arkansas,Crawford,43,0,0,35.58928601,-94.2446814,5033.0,67.97666661397157,0.0,43,43,0,0,43,42,63406,0,0,0,0,1
2020-06-10,US,Arkansas,Crittenden,489,9,0,35.21247318,-90.30839406,5035.0,1019.705974350954,1.8404907975460123,480,473,9,0,464,465,48342,16,0,0,16,8
2020-06-10,US,Arkansas,Cross,67,0,0,35.29631396,-90.77185818,5037.0,408.0638284913819,0.0,67,65,0,0,65,63,16676,2,0,0,2,2
2020-06-10,US,Arkansas,Dallas,3,0,0,33.97042763,-92.65167437,5039.0,42.802111570837496,0.0,3,3,0,0,3,3,7182,0,0,0,0,0
2020-06-10,US,Arkansas,Desha,20,0,0,33.83011025,-91.25500948,5041.0,176.0408414752223,0.0,20,20,0,0,20,20,11512,0,0,0,0,0
2020-06-10,US,Arkansas,Drew,23,1,0,33.59035001,-91.71777921,5043.0,126.24183544651189,4.3478260869565215,22,21,1,0,20,21,18328,2,0,0,2,0
2020-06-10,US,Arkansas,Faulkner,124,3,0,35.14719007,-92.33717519,5045.0,98.40723134429041,2.419354838709677,121,119,3,0,116,117,124806,5,0,0,5,2
2020-06-10,US,Arkansas,Franklin,5,0,0,35.51202821,-93.89299569,5047.0,28.22466836014677,0.0,5,5,0,0,5,5,17810,0,0,0,0,0
2020-06-10,US,Arkansas,Fulton,8,0,0,36.38177105,-91.81729127,5049.0,64.1179770778232,0.0,8,7,0,0,7,8,12269,1,0,0,1,-1
2020-06-10,US,Arkansas,Garland,153,1,0,34.57692074,-93.14921604,5051.0,153.9452236733544,0.6535947712418301,152,150,1,0,149,142,99154,3,0,0,3,8
2020-06-10,US,Arkansas,Grant,22,0,0,34.29017991,-92.42320562,5053.0,120.44894607172188,0.0,22,22,0,0,22,19,18188,0,0,0,0,3
2020-06-10,US,Arkansas,Greene,67,0,0,36.11735460000001,-90.55832668,5055.0,147.82129067843354,0.0,67,67,0,0,67,67,45325,0,0,0,0,0
2020-06-10,US,Arkansas,Hempstead,34,1,0,33.73325583,-93.66935133,5057.0,157.90451421140628,2.9411764705882355,33,33,1,0,32,30,21741,1,0,0,1,3
2020-06-10,US,Arkansas,Hot Spring,34,0,0,34.31709259,-92.95396325,5059.0,100.67809659175032,0.0,34,34,0,0,34,34,33701,0,0,0,0,0
2020-06-10,US,Arkansas,Howard,35,0,0,34.09007427,-93.9934871,5061.0,265.11134676564154,0.0,35,36,0,0,36,33,13341,-1,0,0,-1,3
2020-06-10,US,Arkansas,Independence,36,0,0,35.74242707,-91.57001641,5063.0,95.17514871116987,0.0,36,36,0,0,36,36,37678,0,0,0,0,0
2020-06-10,US,Arkansas,Izard,17,1,0,36.09604046,-91.90847954,5065.0,124.73402303910778,5.882352941176472,16,17,1,0,16,17,13593,0,0,0,0,0
2020-06-10,US,Arkansas,Jackson,14,0,0,35.59802983,-91.21494602,5067.0,83.73706561397212,0.0,14,7,0,0,7,7,16811,7,0,0,7,0
2020-06-10,US,Arkansas,Jefferson,573,28,0,34.26767081,-91.92619839,5069.0,857.4763558003112,4.886561954624782,545,559,28,0,531,554,68114,14,0,0,14,5
2020-06-10,US,Arkansas,Johnson,71,0,0,35.56759135,-93.46036368,5071.0,267.1382346301453,0.0,71,69,0,0,69,66,26742,2,0,0,2,3
2020-06-10,US,Arkansas,Lafayette,10,1,0,33.24116713,-93.60677071,5073.0,150.96618357487924,10.0,9,10,1,0,9,10,6682,0,0,0,0,0
2020-06-10,US,Arkansas,Lawrence,89,9,0,36.04188196,-91.10867198,5075.0,542.48445690601,10.112359550561797,80,89,9,0,80,89,16434,0,0,0,0,0
2020-06-10,US,Arkansas,Lee,120,1,0,34.78498904,-90.78383866,5077.0,1354.8605622671334,0.8333333333333334,119,97,1,0,96,49,8985,23,0,0,23,48
2020-06-10,US,Arkansas,Lincoln,985,11,0,33.95317155,-91.74002806,5079.0,7562.960687960688,1.116751269035533,974,985,11,0,974,985,13383,0,0,0,0,0
2020-06-10,US,Arkansas,Little River,31,0,0,33.70375665,-94.23468591,5081.0,252.8754384533812,0.0,31,28,0,0,28,26,12326,3,0,0,3,2
2020-06-10,US,Arkansas,Logan,14,0,0,35.21413234,-93.71951016,5083.0,65.21941675207304,0.0,14,14,0,0,14,13,21737,0,0,0,0,1
2020-06-10,US,Arkansas,Lonoke,64,0,0,34.75392199,-91.88742357,5085.0,87.3016955626185,0.0,64,63,0,0,63,60,73657,1,0,0,1,3
2020-06-10,US,Arkansas,Madison,58,0,0,36.01038185,-93.72524943,5087.0,349.9034749034749,0.0,58,57,0,0,57,54,16481,1,0,0,1,3
2020-06-10,US,Arkansas,Marion,2,0,0,36.26844485,-92.68451899,5089.0,11.980352222355338,0.0,2,2,0,0,2,2,16722,0,0,0,0,0
2020-06-10,US,Arkansas,Miller,60,1,0,33.31403423,-93.89285258,5091.0,138.70587419377208,1.6666666666666667,59,59,1,0,58,59,43592,1,0,0,1,0
2020-06-10,US,Arkansas,Mississippi,86,2,0,35.76271485,-90.05194370000002,5093.0,211.55691126909545,2.3255813953488373,84,85,2,0,83,83,41239,1,0,0,1,2
2020-06-10,US,Arkansas,Monroe,5,0,0,34.6815935,-91.20540287,5095.0,74.61572899567228,0.0,5,5,0,0,5,5,6900,0,0,0,0,0
2020-06-10,US,Arkansas,Montgomery,3,0,0,34.53704874,-93.65824478,5097.0,33.385265969285555,0.0,3,3,0,0,3,2,8924,0,0,0,0,1
2020-06-10,US,Arkansas,Nevada,70,0,0,33.66340119,-93.30632432,5099.0,848.2792050412021,0.0,70,68,0,0,68,59,8326,2,0,0,2,9
2020-06-10,US,Arkansas,Newton,3,0,0,35.91947491,-93.21612969,5101.0,38.6946988262608,0.0,3,3,0,0,3,3,7805,0,0,0,0,0
2020-06-10,US,Arkansas,Ouachita,12,0,0,33.58839816,-92.87795984,5103.0,51.32152938157557,0.0,12,13,0,0,13,14,23606,-1,0,0,-1,-1
2020-06-10,US,Arkansas,Perry,15,0,0,34.9459153,-92.94372564,5105.0,143.47202295552367,0.0,15,15,0,0,15,15,10352,0,0,0,0,0
2020-06-10,US,Arkansas,Phillips,30,1,0,34.43268455,-90.84800154,5107.0,168.70993139129456,3.333333333333333,29,30,1,0,29,27,18029,0,0,0,0,3
2020-06-10,US,Arkansas,Pike,6,0,0,34.16250414,-93.65789349,5109.0,55.98059339428998,0.0,6,6,0,0,6,6,10673,0,0,0,0,0
2020-06-10,US,Arkansas,Poinsett,44,2,0,35.57433534,-90.66268713,5111.0,187.0112206732404,4.545454545454546,42,44,2,0,42,44,23974,0,0,0,0,0
2020-06-10,US,Arkansas,Polk,47,0,0,34.48254879,-94.22728802,5113.0,235.42376277299138,0.0,47,45,0,0,45,45,20049,2,0,0,2,0
2020-06-10,US,Arkansas,Pope,222,2,0,35.44871474,-93.03212219,5115.0,346.4852041453365,0.9009009009009008,220,218,2,0,216,213,64000,4,0,0,4,5
2020-06-10,US,Arkansas,Prairie,5,0,0,34.83624419,-91.55162157,5117.0,62.01935003721161,0.0,5,5,0,0,5,5,8074,0,0,0,0,0
2020-06-10,US,Arkansas,Pulaski,1188,41,0,34.77054088,-92.31355101,5119.0,303.1300473832069,3.451178451178451,1147,1131,40,0,1091,1118,392680,57,1,0,56,13
2020-06-10,US,Arkansas,Randolph,27,0,0,36.3415714,-91.02455531,5121.0,150.3508185766789,0.0,27,26,0,0,26,26,17948,1,0,0,1,0
2020-06-10,US,Arkansas,Saline,159,2,0,34.64916145,-92.67583224,5125.0,129.86270490129618,1.2578616352201255,157,150,2,0,148,147,121421,9,0,0,9,3
2020-06-10,US,Arkansas,Scott,2,0,0,34.85588887,-94.0632176,5127.0,19.45336056803813,0.0,2,2,0,0,2,2,10319,0,0,0,0,0
2020-06-10,US,Arkansas,Searcy,7,0,0,35.9109364,-92.69936482,5129.0,88.82121558177894,0.0,7,7,0,0,7,7,7958,0,0,0,0,0
2020-06-10,US,Arkansas,Sebastian,102,2,0,35.19605503,-94.27162713,5131.0,79.79534840057265,1.96078431372549,100,98,1,0,97,96,127753,4,1,0,3,2
2020-06-10,US,Arkansas,Sevier,382,2,0,33.99780401,-94.2424869,5133.0,2246.13394484624,0.5235602094240838,380,366,2,0,364,355,17139,16,0,0,16,11
2020-06-10,US,Arkansas,Sharp,50,3,0,36.16258158,-91.47819342,5135.0,286.6643733516798,6.0,47,49,3,0,46,48,17366,1,0,0,1,1
2020-06-10,US,Arkansas,St. Francis,764,1,0,35.02201976,-90.74828138,5123.0,3056.7336160678565,0.13089005235602094,763,761,1,0,760,755,25439,3,0,0,3,6
2020-06-10,US,Arkansas,Stone,11,0,0,35.86251946,-92.15684085,5137.0,87.95778026547258,0.0,11,11,0,0,11,11,12457,0,0,0,0,0
2020-06-10,US,Arkansas,Unassigned,278,0,0,0.0,0.0,90005.0,0.0,0.0,278,294,0,0,294,300,,-16,0,0,-16,-6
2020-06-10,US,Arkansas,Union,190,11,0,33.16887091,-92.59746952,5139.0,491.1845302724781,5.789473684210527,179,190,11,0,179,188,39126,0,0,0,0,2
2020-06-10,US,Arkansas,Van Buren,30,2,0,35.58095779,-92.51295036,5141.0,181.3236627379873,6.666666666666668,28,30,2,0,28,30,16603,0,0,0,0,0
2020-06-10,US,Arkansas,Washington,1235,9,0,35.976844,-94.21800746,5143.0,516.3324093700745,0.7287449392712549,1226,1185,7,0,1178,1097,236961,50,2,0,48,88
2020-06-10,US,Arkansas,White,52,1,0,35.25688493,-91.74908296,5145.0,66.02923063248384,1.9230769230769231,51,50,1,0,49,50,78727,2,0,0,2,0
2020-06-10,US,Arkansas,Woodruff,1,0,0,35.18902527,-91.2439489,5147.0,15.822784810126587,0.0,1,1,0,0,1,1,6490,0,0,0,0,0
2020-06-10,US,Arkansas,Yell,251,2,0,35.00292371,-93.41171338,5149.0,1176.1398247504806,0.796812749003984,249,248,2,0,246,240,21535,3,0,0,3,8
2020-06-10,US,California,Alameda,4033,105,0,37.64629437,-121.8929271,6001.0,241.30497346722282,2.6035209521448053,3928,3985,102,0,3883,3945,1666753,48,3,0,45,40
2020-06-10,US,California,Alpine,2,0,0,38.59678594,-119.8223594,6003.0,177.14791851195747,0.0,2,2,0,0,2,2,1101,0,0,0,0,0
2020-06-10,US,California,Amador,10,0,0,38.44583082,-120.65696,6005.0,25.155966995371298,0.0,10,10,0,0,10,10,39383,0,0,0,0,0
2020-06-10,US,California,Butte,73,1,0,39.66727762,-121.6005252,6007.0,33.305046855182354,1.3698630136986298,72,71,1,0,70,68,231256,2,0,0,2,3
2020-06-10,US,California,Calaveras,21,0,0,38.20537103,-120.552913,6009.0,45.74665069164578,0.0,21,19,0,0,19,19,45602,2,0,0,2,0
2020-06-10,US,California,Colusa,7,0,0,39.17881957,-122.2331726,6011.0,32.48712117696199,0.0,7,7,0,0,7,7,21627,0,0,0,0,0
2020-06-10,US,California,Contra Costa,1798,43,0,37.91923498,-121.9289527,6013.0,155.8699153725187,2.391546162402669,1755,1774,43,0,1731,1706,1150215,24,0,0,24,68
2020-06-10,US,California,Del Norte,47,0,0,41.74228275,-123.8974063,6015.0,168.99180209981301,0.0,47,47,0,0,47,47,27828,0,0,0,0,0
2020-06-10,US,California,El Dorado,111,0,0,38.77965956,-120.5233166,6017.0,57.55977660584,0.0,111,111,0,0,111,109,190678,0,0,0,0,2
2020-06-10,US,California,Fresno,2318,49,0,36.75733899,-119.6466953,6019.0,232.0085757095629,2.1138912855910266,2269,2216,46,0,2170,2122,994400,102,3,0,99,94
2020-06-10,US,California,Glenn,23,0,0,39.59875897,-122.3938452,6021.0,81.00588173141267,0.0,23,19,0,0,19,19,28047,4,0,0,4,0
2020-06-10,US,California,Humboldt,105,4,0,40.69923009,-123.876044,6023.0,77.45761961669544,3.809523809523809,101,105,4,0,101,105,136373,0,0,0,0,0
2020-06-10,US,California,Imperial,3386,41,0,33.0393082,-115.3669042,6025.0,1868.4987445851611,1.2108682811577085,3345,3133,38,0,3095,3013,181827,253,3,0,250,120
2020-06-10,US,California,Inyo,22,1,0,36.51112084,-117.41119779999998,6027.0,121.95797993236877,4.545454545454546,21,22,1,0,21,22,17987,0,0,0,0,0
2020-06-10,US,California,Kern,2942,51,0,35.34329425,-118.7277796,6029.0,326.8155369572607,1.733514615907546,2891,2870,47,0,2823,2794,896764,72,4,0,68,76
2020-06-10,US,California,Kings,1637,6,0,36.07409056,-119.8159973,6031.0,1070.354387341441,0.3665241295051924,1631,1576,6,0,1570,1538,151366,61,0,0,61,38
2020-06-10,US,California,Lake,30,0,0,39.10124298,-122.7536244,6033.0,46.59398005777653,0.0,30,30,0,0,30,30,64382,0,0,0,0,0
2020-06-10,US,California,Lassen,9,0,0,40.67311306,-120.59350990000002,6035.0,29.43773918163085,0.0,9,8,0,0,8,8,30802,1,0,0,1,0
2020-06-10,US,California,Los Angeles,67111,2768,0,34.30828379,-118.2282411,6037.0,668.4957138119954,4.12451013991745,64343,65945,2710,0,63235,64690,10105518,1166,58,0,1108,1255
2020-06-10,US,California,Madera,178,3,0,37.21513971,-119.76655890000002,6039.0,113.14014759068691,1.6853932584269662,175,172,3,0,169,172,157672,6,0,0,6,0
2020-06-10,US,California,Marin,635,17,0,38.07122463,-122.7210631,6041.0,245.3385672227674,2.677165354330709,618,635,17,0,618,589,259666,0,0,0,0,46
2020-06-10,US,California,Mariposa,16,1,0,37.57978556,-119.9073334,6043.0,93.0070336569203,6.25,15,16,1,0,15,16,17471,0,0,0,0,0
2020-06-10,US,California,Mendocino,36,0,0,39.4381191,-123.3911313,6045.0,41.499037452881296,0.0,36,36,0,0,36,36,87606,0,0,0,0,0
2020-06-10,US,California,Merced,387,7,0,37.18922369,-120.7209035,6047.0,139.36905790838378,1.8087855297157625,380,367,7,0,360,334,274765,20,0,0,20,33
2020-06-10,US,California,Mono,38,1,0,37.93899289,-118.8872409,6051.0,263.0850180005539,2.631578947368421,37,38,1,0,37,38,14250,0,0,0,0,0
2020-06-10,US,California,Monterey,791,11,0,36.21862405,-121.2413397,6053.0,182.23245119925542,1.390644753476612,780,763,11,0,752,751,435594,28,0,0,28,12
2020-06-10,US,California,Napa,161,3,0,38.50735751,-122.332839,6055.0,116.88349401788824,1.8633540372670807,158,157,3,0,154,153,139417,4,0,0,4,4
2020-06-10,US,California,Nevada,50,1,0,39.30394768,-120.7627281,6057.0,50.12280086211217,2.0,49,50,1,0,49,50,99696,0,0,0,0,0
2020-06-10,US,California,Orange,7737,198,0,33.70147516,-117.76459979999998,6059.0,243.63193911752148,2.5591314462970143,7539,7614,185,0,7429,7527,3185968,123,13,0,110,87
2020-06-10,US,California,Placer,314,9,0,39.06167234,-120.7240569,6061.0,78.82930944018638,2.8662420382165603,305,304,9,0,295,294,393149,10,0,0,10,10
2020-06-10,US,California,Plumas,4,0,0,40.00355989,-120.8395236,6063.0,21.268676556601264,0.0,4,4,0,0,4,4,18804,0,0,0,0,0
2020-06-10,US,California,Riverside,9911,372,0,33.74314981,-115.9933578,6065.0,401.16638184433725,3.753405307234386,9539,9590,365,0,9225,9206,2450758,321,7,0,314,384
2020-06-10,US,California,Sacramento,1642,62,0,38.45106826,-121.3425374,6067.0,105.795015392466,3.775883069427528,1580,1624,61,0,1563,1588,1540975,18,1,0,17,36
2020-06-10,US,California,San Benito,109,2,0,36.60308176,-121.069975,6069.0,173.54477136670485,1.834862385321101,107,109,2,0,107,107,61537,0,0,0,0,2
2020-06-10,US,California,San Bernardino,6593,225,0,34.84060306,-116.1774685,6071.0,302.4194010783983,3.41271045047778,6368,6417,224,0,6193,6247,2171603,176,1,0,175,170
2020-06-10,US,California,San Diego,8837,305,0,33.03484597,-116.7365326,6073.0,264.7131949208137,3.451397533099468,8532,8619,296,0,8323,8619,3343364,218,9,0,209,0
2020-06-10,US,California,San Francisco,2809,44,0,37.75215114,-122.4385672,6075.0,318.64366019359113,1.5663937344250622,2765,2793,44,0,2749,2779,883305,16,0,0,16,14
2020-06-10,US,California,San Joaquin,1309,40,0,37.93433732,-121.2730061,6077.0,171.75141835968867,3.0557677616501144,1269,1259,39,0,1220,1195,752660,50,1,0,49,64
2020-06-10,US,California,San Luis Obispo,306,1,0,35.38822029,-120.4039028,6079.0,108.08481478995873,0.32679738562091504,305,302,1,0,301,299,284010,4,0,0,4,3
2020-06-10,US,California,San Mateo,2475,93,0,37.4228808,-122.32755459999998,6081.0,322.8655327020388,3.7575757575757582,2382,2437,93,0,2344,2394,769545,38,0,0,38,43
2020-06-10,US,California,Santa Barbara,1864,16,0,34.65329488,-120.0188492,6083.0,417.4701399107277,0.8583690987124464,1848,1817,15,0,1802,1817,446527,47,1,0,46,0
2020-06-10,US,California,Santa Clara,3032,146,0,37.23104908,-121.6970462,6085.0,157.2734836491598,4.815303430079156,2886,3017,146,0,2871,2973,1937570,15,0,0,15,44
2020-06-10,US,California,Santa Cruz,239,2,0,37.05580291,-122.0066524,6087.0,87.47753584199873,0.8368200836820083,237,235,2,0,233,234,274255,4,0,0,4,1
2020-06-10,US,California,Shasta,47,4,0,40.76391419,-122.0396884,6089.0,26.09951132829853,8.51063829787234,43,46,4,0,42,46,180040,1,0,0,1,0
2020-06-10,US,California,Sierra,1,0,0,39.57713498,-120.52007009999998,6091.0,33.277870216306155,0.0,1,1,0,0,1,1,2987,0,0,0,0,0
2020-06-10,US,California,Siskiyou,14,0,0,41.59198861,-122.54074340000001,6093.0,32.155079354142266,0.0,14,13,0,0,13,12,43724,1,0,0,1,1
2020-06-10,US,California,Solano,617,23,0,38.26827353,-121.9357113,6095.0,137.833049997431,3.7277147487844413,594,590,23,0,567,590,446610,27,0,0,27,0
2020-06-10,US,California,Sonoma,671,4,0,38.52746429,-122.8862506,6097.0,135.73763593992751,0.5961251862891207,667,664,4,0,660,653,499942,7,0,0,7,11
2020-06-10,US,California,Stanislaus,1023,33,0,37.55862499,-120.9970722,6099.0,185.7770675189772,3.2258064516129035,990,937,33,0,904,937,549815,86,0,0,86,0
2020-06-10,US,California,Sutter,67,2,0,39.03417539,-121.6945899,6101.0,69.09282156521022,2.985074626865672,65,65,2,0,63,65,96807,2,0,0,2,0
2020-06-10,US,California,Tehama,12,1,0,40.12570935,-122.2370171,6103.0,18.437711265441585,8.333333333333334,11,11,1,0,10,9,63916,1,0,0,1,2
2020-06-10,US,California,Trinity,2,0,0,40.64917670000001,-123.114713,6105.0,16.28001628001628,0.0,2,2,0,0,2,2,12535,0,0,0,0,0
2020-06-10,US,California,Tulare,2432,96,0,36.22026558,-118.8020203,6107.0,521.670116582117,3.947368421052632,2336,2381,94,0,2287,2220,465861,51,2,0,49,161
2020-06-10,US,California,Tuolumne,7,0,0,38.02644018,-119.9525093,6109.0,12.849223539777524,0.0,7,7,0,0,7,7,54539,0,0,0,0,0
2020-06-10,US,California,Ventura,1404,38,0,34.44465746,-119.0910613,6111.0,165.95626981368926,2.7065527065527064,1366,1341,35,0,1306,1341,850967,63,3,0,60,0
2020-06-10,US,California,Yolo,227,24,0,38.68278902,-121.9018288,6113.0,102.94784580498865,10.572687224669604,203,226,24,0,202,225,220408,1,0,0,1,1
2020-06-10,US,California,Yuba,33,1,0,39.26255932,-121.3535644,6115.0,41.9484415518381,3.0303030303030303,32,32,1,0,31,32,78041,1,0,0,1,0
2020-06-10,US,Colorado,Adams,3643,143,0,39.87432092,-104.3362578,8001.0,704.0688336963518,3.9253362613230856,3500,3627,140,0,3487,3605,511868,16,3,0,13,22
2020-06-10,US,Colorado,Alamosa,107,2,0,37.57250606,-105.7885451,8003.0,659.1511119324832,1.8691588785046729,105,101,2,0,99,95,16683,6,0,0,6,6
2020-06-10,US,Colorado,Arapahoe,4709,331,0,39.64977461,-104.3353617,8005.0,717.1903318661571,7.02909322573795,4378,4687,329,0,4358,4663,651215,22,2,0,20,24
2020-06-10,US,Colorado,Archuleta,8,0,0,37.19474156,-107.04768670000001,8007.0,57.02473447858009,0.0,8,8,0,0,8,8,13765,0,0,0,0,0
2020-06-10,US,Colorado,Baca,12,0,0,37.31940883,-102.5603223,8009.0,335.1019268360793,0.0,12,12,0,0,12,12,3585,0,0,0,0,0
2020-06-10,US,Colorado,Bent,3,0,0,37.95474293,-103.0720195,8011.0,53.79236148466918,0.0,3,3,0,0,3,3,5882,0,0,0,0,0
2020-06-10,US,Colorado,Boulder,1031,67,0,40.09313619,-105.3546767,8013.0,316.0676403144122,6.498545101842871,964,1027,67,0,960,1022,326078,4,0,0,4,5
2020-06-10,US,Colorado,Broomfield,258,28,0,39.95998787,-105.0566324,8014.0,366.1392180515149,10.852713178294573,230,258,27,0,231,256,69267,0,1,0,-1,2
2020-06-10,US,Colorado,Chaffee,78,20,0,38.74745778,-106.19265729999998,8015.0,383.1794065631754,25.64102564102564,58,78,20,0,58,78,20027,0,0,0,0,0
2020-06-10,US,Colorado,Cheyenne,5,0,0,38.82777431,-102.6032558,8017.0,273.07482250136536,0.0,5,5,0,0,5,5,1876,0,0,0,0,0
2020-06-10,US,Colorado,Clear Creek,17,1,0,39.68864463,-105.6463118,8019.0,175.2577319587629,5.882352941176472,16,17,1,0,16,17,9605,0,0,0,0,0
2020-06-10,US,Colorado,Conejos,5,0,0,37.201606,-106.19174879999998,8021.0,60.93845216331505,0.0,5,5,0,0,5,5,8200,0,0,0,0,0
2020-06-10,US,Colorado,Costilla,10,0,0,37.27732493,-105.4276548,8023.0,257.2678157962439,0.0,10,8,0,0,8,8,3828,2,0,0,2,0
2020-06-10,US,Colorado,Crowley,66,1,0,38.32608609,-103.7844965,8025.0,1088.929219600726,1.5151515151515151,65,66,1,0,65,66,5858,0,0,0,0,0
2020-06-10,US,Colorado,Custer,2,0,0,38.10883162,-105.3683478,8027.0,39.463299131807425,0.0,2,2,0,0,2,2,4954,0,0,0,0,0
2020-06-10,US,Colorado,Delta,76,1,0,38.86246243,-107.86313419999999,8029.0,243.88678518708684,1.3157894736842106,75,76,1,0,75,76,30953,0,0,0,0,0
2020-06-10,US,Colorado,Denver,6204,357,0,39.76018276,-104.87256950000001,8031.0,853.1224087644438,5.754352030947776,5847,6176,349,0,5827,6138,716492,28,8,0,20,38
2020-06-10,US,Colorado,Douglas,771,47,0,39.33133796,-104.930001,8035.0,219.56178770567902,6.095979247730219,724,764,47,0,717,757,342776,7,0,0,7,7
2020-06-10,US,Colorado,Eagle,615,8,0,39.62754308,-106.6933637,8037.0,1115.6057830101402,1.3008130081300813,607,612,8,0,604,610,54993,3,0,0,3,2
2020-06-10,US,Colorado,El Paso,1888,100,0,38.83240149,-104.5251411,8041.0,262.07553272265665,5.296610169491525,1788,1880,99,0,1781,1862,713856,8,1,0,7,18
2020-06-10,US,Colorado,Elbert,54,2,0,39.28656773,-104.13587209999999,8039.0,202.02776011074118,3.703703703703704,52,57,2,0,55,56,26282,-3,0,0,-3,1
2020-06-10,US,Colorado,Fremont,26,0,0,38.47362326,-105.43996670000001,8043.0,54.34896214385753,0.0,26,26,0,0,26,26,48021,0,0,0,0,0
2020-06-10,US,Colorado,Garfield,171,2,0,39.59921777,-107.902708,8045.0,284.710544279982,1.1695906432748535,169,166,2,0,164,164,59770,5,0,0,5,2
2020-06-10,US,Colorado,Gilpin,5,0,0,39.85646523,-105.5252597,8047.0,80.08970046452026,0.0,5,5,0,0,5,5,6121,0,0,0,0,0
2020-06-10,US,Colorado,Grand,15,0,0,40.10603347,-106.11780420000001,8049.0,95.33494343460023,0.0,15,15,0,0,15,15,15525,0,0,0,0,0
2020-06-10,US,Colorado,Gunnison,181,6,0,38.66611652,-107.0320729,8051.0,1036.536479212003,3.3149171270718236,175,181,6,0,175,180,17246,0,0,0,0,1
2020-06-10,US,Colorado,Hinsdale,3,0,0,37.82247444,-107.3004345,8053.0,365.8536585365854,0.0,3,3,0,0,3,3,811,0,0,0,0,0
2020-06-10,US,Colorado,Huerfano,3,0,0,37.68473101,-104.9612585,8055.0,43.497172683775545,0.0,3,3,0,0,3,3,6889,0,0,0,0,0
2020-06-10,US,Colorado,Jefferson,2424,189,0,39.58635604,-105.2517692,8059.0,415.86533100238296,7.797029702970297,2235,2398,185,0,2213,2384,580233,26,4,0,22,14
2020-06-10,US,Colorado,Kit Carson,30,3,0,39.30497777,-102.60221990000001,8063.0,422.7138227420037,10.0,27,30,3,0,27,30,7163,0,0,0,0,0
2020-06-10,US,Colorado,La Plata,84,1,0,37.28632032,-107.8429014,8067.0,149.41036267586844,1.1904761904761905,83,84,1,0,83,82,56310,0,0,0,0,2
2020-06-10,US,Colorado,Lake,38,0,0,39.20278823,-106.35556969999999,8065.0,467.5772117632583,0.0,38,38,0,0,38,38,7824,0,0,0,0,0
2020-06-10,US,Colorado,Larimer,636,28,0,40.66671597,-105.4625784,8069.0,178.20167610444412,4.402515723270441,608,632,28,0,604,628,350518,4,0,0,4,4
2020-06-10,US,Colorado,Las Animas,6,0,0,37.3153406,-104.03764579999999,8071.0,41.362194953812214,0.0,6,6,0,0,6,5,14503,0,0,0,0,1
2020-06-10,US,Colorado,Lincoln,3,0,0,38.98749519,-103.51366490000001,8073.0,52.62234695667427,0.0,3,3,0,0,3,3,5610,0,0,0,0,0
2020-06-10,US,Colorado,Logan,631,5,0,40.7249637,-103.110817,8075.0,2815.8329242714976,0.7923930269413629,626,631,5,0,626,631,21528,0,0,0,0,0
2020-06-10,US,Colorado,Mesa,65,0,0,39.01787888,-108.469799,8077.0,42.15031450619285,0.0,65,64,0,0,64,62,153207,1,0,0,1,2
2020-06-10,US,Colorado,Mineral,2,0,0,37.66954283,-106.92816979999999,8079.0,260.0780234070221,0.0,2,2,0,0,2,2,776,0,0,0,0,0
2020-06-10,US,Colorado,Moffat,8,0,0,40.61810999,-108.2070876,8081.0,60.22735827749755,0.0,8,8,0,0,8,8,13188,0,0,0,0,0
2020-06-10,US,Colorado,Montezuma,58,3,0,37.33859579,-108.59588570000001,8083.0,221.5177787113776,5.172413793103448,55,58,3,0,55,57,26158,0,0,0,0,1
2020-06-10,US,Colorado,Montrose,190,12,0,38.40214114,-108.26390220000002,8085.0,444.36128911548724,6.315789473684211,178,190,12,0,178,190,42214,0,0,0,0,0
2020-06-10,US,Colorado,Morgan,644,45,0,40.26279810000001,-103.8093302,8087.0,2215.4947020778864,6.987577639751552,599,644,45,0,599,645,28558,0,0,0,0,-1
2020-06-10,US,Colorado,Otero,22,1,0,37.9014485,-103.7173385,8089.0,120.3632782580151,4.545454545454546,21,22,1,0,21,22,18432,0,0,0,0,0
2020-06-10,US,Colorado,Ouray,8,1,0,38.14717457,-107.7675136,8091.0,161.55088852988692,12.5,7,8,1,0,7,8,4833,0,0,0,0,0
2020-06-10,US,Colorado,Park,24,0,0,39.120926000000004,-105.7182065,8093.0,127.35473600424515,0.0,24,23,0,0,23,23,18556,1,0,0,1,0
2020-06-10,US,Colorado,Phillips,15,0,0,40.59414277,-102.3577703,8095.0,351.6998827667058,0.0,15,15,0,0,15,15,4286,0,0,0,0,0
2020-06-10,US,Colorado,Pitkin,63,2,0,39.21720112,-106.9310027,8097.0,354.5899701694152,3.1746031746031744,61,62,2,0,60,61,17950,1,0,0,1,1
2020-06-10,US,Colorado,Prowers,16,0,0,37.95544985,-102.3926052,8099.0,131.44922773578705,0.0,16,16,0,0,16,16,12164,0,0,0,0,0
2020-06-10,US,Colorado,Pueblo,324,19,0,38.17359144,-104.5127437,8101.0,192.3716334964138,5.864197530864197,305,323,19,0,304,320,167529,1,0,0,1,3
2020-06-10,US,Colorado,Rio Blanco,1,0,0,39.97913541,-108.2179009,8103.0,15.812776723592664,0.0,1,1,0,0,1,1,6336,0,0,0,0,0
2020-06-10,US,Colorado,Rio Grande,48,0,0,37.5836865,-106.3847838,8105.0,426.0228987308068,0.0,48,47,0,0,47,46,11250,1,0,0,1,1
2020-06-10,US,Colorado,Routt,63,6,0,40.48596505,-106.9905548,8107.0,245.72899602153052,9.523809523809524,57,62,6,0,56,62,25733,1,0,0,1,0
2020-06-10,US,Colorado,Saguache,95,2,0,38.08054629,-106.28246599999999,8109.0,1392.145369284877,2.1052631578947367,93,94,2,0,92,94,6843,1,0,0,1,0
2020-06-10,US,Colorado,San Juan,1,0,0,37.76248981,-107.67632890000002,8111.0,137.36263736263737,0.0,1,1,0,0,1,1,762,0,0,0,0,0
2020-06-10,US,Colorado,San Miguel,23,0,0,38.00450883,-108.4020725,8113.0,281.2079716346741,0.0,23,23,0,0,23,23,8191,0,0,0,0,0
2020-06-10,US,Colorado,Summit,252,2,0,39.63803232,-106.1150762,8117.0,812.6148785914676,0.7936507936507936,250,248,2,0,246,247,31007,4,0,0,4,1
2020-06-10,US,Colorado,Teller,37,2,0,38.88133511,-105.16148929999999,8119.0,145.73814400504176,5.405405405405406,35,37,2,0,35,36,25083,0,0,0,0,1
2020-06-10,US,Colorado,Washington,43,0,0,39.97015535,-103.202587,8121.0,876.1206193969031,0.0,43,43,0,0,43,43,4909,0,0,0,0,0
2020-06-10,US,Colorado,Weld,2616,135,0,40.55499405,-104.39296209999999,8123.0,806.1832032839022,5.160550458715597,2481,2604,135,0,2469,2598,314305,12,0,0,12,6
2020-06-10,US,Colorado,Yuma,48,0,0,40.00346839,-102.4258673,8125.0,479.0897295139235,0.0,48,48,0,0,48,48,10020,0,0,0,0,0
2020-06-10,US,Connecticut,Fairfield,16134,1321,0,41.26809896,-73.3881171,9001.0,1710.3204386154612,8.187678195115904,14813,16108,1319,0,14789,16092,943823,26,2,0,24,16
2020-06-10,US,Connecticut,Hartford,10924,1303,0,41.80283011,-72.73103891,9003.0,1225.048221414794,11.927865250823874,9621,10859,1291,0,9568,10844,892697,65,12,0,53,15
2020-06-10,US,Connecticut,Litchfield,1430,134,0,41.7937534,-73.2451475,9005.0,792.9774361874976,9.370629370629368,1296,1432,136,0,1296,1426,181111,-2,-2,0,0,6
2020-06-10,US,Connecticut,Middlesex,1199,164,0,41.45949668,-72.53714864,9007.0,738.1368662119236,13.678065054211846,1035,1194,163,0,1031,1187,162682,5,1,0,4,7
2020-06-10,US,Connecticut,New Haven,11911,1024,0,41.4080325,-72.93620426,9009.0,1393.4954612831484,8.597095122155991,10887,11875,1016,0,10859,11860,857620,36,8,0,28,15
2020-06-10,US,Connecticut,New London,1130,97,0,41.48896435,-72.10430976,9011.0,426.0838744221473,8.584070796460178,1033,1122,96,0,1026,1120,266784,8,1,0,7,2
2020-06-10,US,Connecticut,Tolland,878,61,0,41.85853803,-72.3308481,9013.0,582.5332899861334,6.947608200455581,817,873,61,0,812,863,150921,5,0,0,5,10
2020-06-10,US,Connecticut,Unassigned,304,2,0,0.0,0.0,90009.0,0.0,0.6578947368421053,302,286,0,0,286,272,,18,2,0,16,14
2020-06-10,US,Connecticut,Windham,437,14,0,41.82972709,-71.98182316,9015.0,374.20150365638534,3.203661327231121,423,430,15,0,415,428,117027,7,-1,0,8,2
2020-06-10,US,Delaware,Kent,1530,78,0,39.08646628,-75.56884914,10001.0,846.3044704789087,5.098039215686273,1452,1522,76,0,1446,1513,178550,8,2,0,6,9
2020-06-10,US,Delaware,New Castle,4139,186,0,39.57992638,-75.64054974,10003.0,740.7566491813019,4.493839091568011,3953,4125,185,0,3940,4095,559335,14,1,0,13,30
2020-06-10,US,Delaware,Sussex,4373,149,0,38.66143781,-75.39031349,10005.0,1867.008218593233,3.4072718957237598,4224,4361,149,0,4212,4353,229286,12,0,0,12,8
2020-06-10,US,Delaware,Unassigned,14,0,0,0.0,0.0,90010.0,0.0,0.0,14,12,0,0,12,11,,2,0,0,2,1
2020-06-10,US,District of Columbia,District of Columbia,9537,499,0,38.90417773,-77.01655992,11001.0,1351.3302888137284,5.2322533291391435,9038,9474,495,0,8979,9389,702455,63,4,0,59,85
2020-06-10,US,Florida,Alachua,412,8,0,29.67866525,-82.35928158,12001.0,153.1353724125883,1.9417475728155342,404,404,8,0,396,399,269956,8,0,0,8,5
2020-06-10,US,Florida,Baker,29,4,0,30.33060121,-82.28467476,12003.0,99.28106812735365,13.79310344827586,25,29,4,0,25,29,28355,0,0,0,0,0
2020-06-10,US,Florida,Bay,135,4,0,30.26548745,-85.62122584,12005.0,77.27311754099769,2.962962962962963,131,133,4,0,129,132,185287,2,0,0,2,1
2020-06-10,US,Florida,Bradford,52,2,0,29.95079741,-82.16611613,12007.0,184.39062444594163,3.8461538461538463,50,52,2,0,50,52,27732,0,0,0,0,0
2020-06-10,US,Florida,Brevard,484,13,0,28.29409504,-80.73091022,12009.0,80.40641789408281,2.6859504132231407,471,471,13,0,458,464,596849,13,0,0,13,7
2020-06-10,US,Florida,Broward,8193,349,0,26.15184651,-80.48725556,12011.0,419.55614002206084,4.259733919199316,7844,8035,346,0,7689,7924,1951260,158,3,0,155,111
2020-06-10,US,Florida,Calhoun,64,4,0,30.40666734,-85.19394153,12013.0,453.7398085785183,6.25,60,64,4,0,60,66,14587,0,0,0,0,-2
2020-06-10,US,Florida,Charlotte,505,72,0,26.90131002,-81.92949121,12015.0,267.323063892859,14.257425742574258,433,501,72,0,429,500,184998,4,0,0,4,1
2020-06-10,US,Florida,Citrus,130,12,0,28.84804315,-82.47614748,12017.0,86.8652986495787,9.23076923076923,118,128,12,0,116,128,147929,2,0,0,2,0
2020-06-10,US,Florida,Clay,420,32,0,29.98319144,-81.85609986,12019.0,191.56039625636254,7.6190476190476195,388,411,32,0,379,405,216072,9,0,0,9,6
2020-06-10,US,Florida,Collier,2230,57,0,26.11091986,-81.34687065,12021.0,579.3682547765405,2.5560538116591927,2173,2128,57,0,2071,2070,378488,102,0,0,102,58
2020-06-10,US,Florida,Columbia,175,2,0,30.22509788,-82.62160164,12023.0,244.1201908322406,1.1428571428571428,173,174,2,0,172,171,70503,1,0,0,1,3
2020-06-10,US,Florida,DeSoto,299,8,0,27.18677893,-81.80941373,12027.0,786.821399436857,2.6755852842809364,291,296,7,0,289,284,37489,3,1,0,2,12
2020-06-10,US,Florida,Dixie,60,2,0,29.60631086,-83.15724673,12029.0,356.59099013431586,3.333333333333333,58,60,2,0,58,60,16700,0,0,0,0,0
2020-06-10,US,Florida,Duval,1848,55,0,30.33225875,-81.66976468,12031.0,192.95122447807637,2.9761904761904763,1793,1824,54,0,1770,1806,950181,24,1,0,23,18
2020-06-10,US,Florida,Escambia,915,36,0,30.67652764,-87.37284571,12033.0,287.45020671282623,3.9344262295081966,879,907,36,0,871,891,315534,8,0,0,8,16
2020-06-10,US,Florida,Flagler,200,4,0,29.45933576,-81.31508595,12035.0,173.79063442271095,2.0,196,195,4,0,191,195,112067,5,0,0,5,0
2020-06-10,US,Florida,Franklin,2,0,0,29.83791238,-84.82731662,12037.0,16.49484536082474,0.0,2,2,0,0,2,2,11736,0,0,0,0,0
2020-06-10,US,Florida,Gadsden,298,4,0,30.57796289,-84.61915825,12039.0,652.6500219010073,1.342281879194631,294,296,4,0,292,294,45894,2,0,0,2,2
2020-06-10,US,Florida,Gilchrist,19,0,0,29.72856978,-82.79880657,12041.0,102.24948875255623,0.0,19,19,0,0,19,19,18256,0,0,0,0,0
2020-06-10,US,Florida,Glades,104,1,0,26.95635849,-81.18996211,12043.0,753.0229527188473,0.9615384615384616,103,86,1,0,85,85,13724,18,0,0,18,1
2020-06-10,US,Florida,Gulf,8,0,0,29.93543004,-85.24270990000002,12045.0,58.65532663685021,0.0,8,7,0,0,7,7,16164,1,0,0,1,0
2020-06-10,US,Florida,Hamilton,267,2,0,30.49673973,-82.94998918,12047.0,1850.568339340172,0.7490636704119851,265,263,1,0,262,262,14310,4,1,0,3,1
2020-06-10,US,Florida,Hardee,160,0,0,27.49293939,-81.80956574,12049.0,593.9785425251512,0.0,160,153,0,0,153,151,27245,7,0,0,7,2
2020-06-10,US,Florida,Hendry,580,19,0,26.55386945,-81.16469006,12051.0,1380.2294036457095,3.2758620689655173,561,572,19,0,553,565,41556,8,0,0,8,7
2020-06-10,US,Florida,Hernando,129,5,0,28.55364461,-82.42700204,12053.0,66.52227722772277,3.875968992248062,124,127,5,0,122,126,190865,2,0,0,2,1
2020-06-10,US,Florida,Highlands,153,9,0,27.34254618,-81.34071957,12055.0,144.0393142598921,5.882352941176472,144,150,9,0,141,150,105424,3,0,0,3,0
2020-06-10,US,Florida,Hillsborough,3027,94,0,27.9276559,-82.32013172,12057.0,205.6430574577708,3.1053848695077635,2933,2923,93,0,2830,2861,1436888,104,1,0,103,62
2020-06-10,US,Florida,Holmes,31,0,0,30.86747479,-85.81319222,12059.0,158.02620176377633,0.0,31,30,0,0,30,30,19477,1,0,0,1,0
2020-06-10,US,Florida,Indian River,172,11,0,27.69308961,-80.60556721,12061.0,107.55175928415551,6.395348837209302,161,167,11,0,156,167,157413,5,0,0,5,0
2020-06-10,US,Florida,Jackson,311,1,0,30.7954597,-85.21500423,12063.0,670.0564484853708,0.3215434083601286,310,310,1,0,309,309,48305,1,0,0,1,1
2020-06-10,US,Florida,Jefferson,31,4,0,30.43669112,-83.89442308,12065.0,217.60494173803173,12.903225806451614,27,31,4,0,27,31,14288,0,0,0,0,0
2020-06-10,US,Florida,Lafayette,12,0,0,29.98484137,-83.18166636,12067.0,142.48397055331276,0.0,12,13,0,0,13,10,8732,-1,0,0,-1,3
2020-06-10,US,Florida,Lake,342,15,0,28.76202069,-81.7125123,12069.0,93.15805817203189,4.385964912280701,327,339,15,0,324,337,356495,3,0,0,3,2
2020-06-10,US,Florida,Lee,2422,126,0,26.58410348,-81.88399313,12071.0,314.3099261981606,5.202312138728324,2296,2388,124,0,2264,2315,754610,34,2,0,32,73
2020-06-10,US,Florida,Leon,451,8,0,30.45955727,-84.27491114,12073.0,153.61977232936624,1.7738359201773837,443,448,7,0,441,443,292502,3,1,0,2,5
2020-06-10,US,Florida,Levy,90,1,0,29.31829741,-82.74007147,12075.0,216.851793846228,1.1111111111111112,89,90,1,0,89,73,40770,0,0,0,0,17
2020-06-10,US,Florida,Liberty,218,1,0,30.23766008,-84.8829258,12077.0,2609.528369643285,0.4587155963302753,217,218,1,0,217,218,8457,0,0,0,0,0
2020-06-10,US,Florida,Madison,71,3,0,30.44396917,-83.47398594,12079.0,383.9290542367383,4.225352112676056,68,71,3,0,68,71,18529,0,0,0,0,0
2020-06-10,US,Florida,Manatee,1245,112,0,27.47196942,-82.31831044,12081.0,308.73917862979323,8.995983935742974,1133,1229,111,0,1118,1219,394855,16,1,0,15,10
2020-06-10,US,Florida,Marion,286,8,0,29.21227113,-82.05803627,12083.0,78.23206475207822,2.797202797202797,278,284,8,0,276,281,359977,2,0,0,2,3
2020-06-10,US,Florida,Martin,958,15,0,27.0772071,-80.43109784,12085.0,595.0310559006211,1.5657620041753653,943,934,15,0,919,917,160912,24,0,0,24,17
2020-06-10,US,Florida,Miami-Dade,20277,784,0,25.6112362,-80.55170587,12086.0,746.3175484184413,3.866449672042216,19493,19980,774,0,19206,19756,2761581,297,10,0,287,224
2020-06-10,US,Florida,Monroe,116,5,0,25.20904673,-81.07812416,12087.0,156.27526000969985,4.310344827586206,111,114,4,0,110,114,75027,2,1,0,1,0
2020-06-10,US,Florida,Nassau,84,1,0,30.61037141,-81.80297522,12089.0,94.78138222849086,1.1904761904761905,83,83,1,0,82,82,85832,1,0,0,1,1
2020-06-10,US,Florida,Okaloosa,287,6,0,30.69143028,-86.59267105,12091.0,136.18806290275128,2.0905923344947737,281,274,6,0,268,271,207269,13,0,0,13,3
2020-06-10,US,Florida,Okeechobee,149,0,0,27.386336199999995,-80.88944347,12093.0,353.34851071902864,0.0,149,143,0,0,143,138,41537,6,0,0,6,5
2020-06-10,US,Florida,Orange,2542,46,0,28.51367621,-81.31799498,12095.0,182.42465474232338,1.8095987411487016,2496,2449,45,0,2404,2378,1380645,93,1,0,92,71
2020-06-10,US,Florida,Osceola,770,21,0,28.06312234,-81.14882926,12097.0,204.922940990177,2.727272727272727,749,762,21,0,741,749,367990,8,0,0,8,13
2020-06-10,US,Florida,Palm Beach,7678,397,0,26.64676272,-80.46536002,12099.0,512.9712647901815,5.170617348267778,7281,7518,388,0,7130,7329,1485941,160,9,0,151,189
2020-06-10,US,Florida,Pasco,457,15,0,28.30810945,-82.40227529,12101.0,82.49886722014922,3.2822757111597376,442,442,15,0,427,434,539630,15,0,0,15,8
2020-06-10,US,Florida,Pinellas,1746,100,0,27.93130349,-82.72239666,12103.0,179.07765775449334,5.727376861397481,1646,1679,99,0,1580,1638,975280,67,1,0,66,41
2020-06-10,US,Florida,Polk,1287,71,0,27.95027105,-81.69732947,12105.0,177.57186003418983,5.516705516705517,1216,1243,70,0,1173,1206,708009,44,1,0,43,37
2020-06-10,US,Florida,Putnam,176,6,0,29.60779729,-81.74230285,12107.0,236.1750379087774,3.4090909090909087,170,175,6,0,169,174,74163,1,0,0,1,1
2020-06-10,US,Florida,Santa Rosa,262,9,0,30.69341450000001,-87.02458128,12113.0,142.1494956948235,3.435114503816794,253,261,9,0,252,258,179349,1,0,0,1,3
2020-06-10,US,Florida,Sarasota,705,88,0,27.18546175,-82.33174248,12115.0,162.53902089260438,12.4822695035461,617,694,86,0,608,686,426718,11,2,0,9,8
2020-06-10,US,Florida,Seminole,585,12,0,28.7158582,-81.24060348,12117.0,123.98638481134995,2.051282051282051,573,556,12,0,544,542,467832,29,0,0,29,14
2020-06-10,US,Florida,St. Johns,288,6,0,29.90096506,-81.43589967,12109.0,108.8139281828074,2.083333333333333,282,287,6,0,281,282,254261,1,0,0,1,5
2020-06-10,US,Florida,St. Lucie,696,31,0,27.37763908,-80.47106649,12111.0,212.0031556791564,4.454022988505748,665,669,31,0,638,654,321128,27,0,0,27,15
2020-06-10,US,Florida,Sumter,265,17,0,28.70181754,-82.0794267,12119.0,200.1208276695363,6.415094339622643,248,264,17,0,247,261,128754,1,0,0,1,3
2020-06-10,US,Florida,Suwannee,178,18,0,30.19746066,-82.99099670000003,12121.0,400.74746155751177,10.112359550561797,160,176,18,0,158,175,44191,2,0,0,2,1
2020-06-10,US,Florida,Taylor,47,0,0,30.04848048,-83.60445406,12123.0,217.9053270898048,0.0,47,48,0,0,48,48,21623,-1,0,0,-1,0
2020-06-10,US,Florida,Unassigned,96,0,0,0.0,0.0,90012.0,0.0,0.0,96,93,0,0,93,93,,3,0,0,3,0
2020-06-10,US,Florida,Union,38,1,0,30.04412971,-82.37497443,12125.0,249.39292511649282,2.631578947368421,37,38,1,0,37,38,14940,0,0,0,0,0
2020-06-10,US,Florida,Volusia,849,46,0,29.05858895,-81.18263252,12127.0,153.44741579369727,5.418138987043581,803,837,46,0,791,829,547538,12,0,0,12,8
2020-06-10,US,Florida,Wakulla,35,1,0,30.16548905,-84.39895211,12129.0,103.7375144491538,2.8571428571428568,34,35,1,0,34,35,32461,0,0,0,0,0
2020-06-10,US,Florida,Walton,135,9,0,30.64204028,-86.16935664,12131.0,182.2575636888931,6.666666666666668,126,133,9,0,124,131,71375,2,0,0,2,2
2020-06-10,US,Florida,Washington,85,8,0,30.61359259,-85.66002461,12133.0,333.68664860833036,9.411764705882351,77,85,8,0,77,84,24880,0,0,0,0,1
2020-06-10,US,Georgia,Appling,199,13,0,31.74847232,-82.28909114,13001.0,1082.3452626998803,6.532663316582915,186,197,13,0,184,189,18507,2,0,0,2,8
2020-06-10,US,Georgia,Atkinson,62,2,0,31.29633502,-82.87545866,13003.0,759.3386405388853,3.2258064516129035,60,62,2,0,60,60,8297,0,0,0,0,2
2020-06-10,US,Georgia,Bacon,152,3,0,31.55456473,-82.45936528,13005.0,1361.519168756718,1.973684210526316,149,152,3,0,149,146,11185,0,0,0,0,6
2020-06-10,US,Georgia,Baker,37,3,0,31.32669878,-84.44218806,13007.0,1217.906517445688,8.108108108108109,34,37,3,0,34,37,3092,0,0,0,0,0
2020-06-10,US,Georgia,Baldwin,407,30,0,33.06882326,-83.24701748,13009.0,906.6607262196479,7.371007371007371,377,393,29,0,364,388,44823,14,1,0,13,5
2020-06-10,US,Georgia,Banks,100,1,0,34.35607081,-83.49644388,13011.0,519.9126546740148,1.0,99,99,1,0,98,92,18988,1,0,0,1,7
2020-06-10,US,Georgia,Barrow,366,20,0,33.99148694,-83.71436292,13013.0,439.6924555502162,5.464480874316941,346,356,20,0,336,353,80809,10,0,0,10,3
2020-06-10,US,Georgia,Bartow,530,39,0,34.23732119,-84.83887523,13015.0,491.93413651636376,7.358490566037735,491,527,39,0,488,523,106408,3,0,0,3,4
2020-06-10,US,Georgia,Ben Hill,96,1,0,31.76095874,-83.22145359,13017.0,574.8502994011976,1.0416666666666667,95,93,1,0,92,93,16787,3,0,0,3,0
2020-06-10,US,Georgia,Berrien,59,0,0,31.27590016,-83.22529920000002,13019.0,304.1707480538228,0.0,59,59,0,0,59,59,19252,0,0,0,0,0
2020-06-10,US,Georgia,Bibb,516,34,0,32.80904227,-83.70489165,13021.0,336.90478522319944,6.5891472868217065,482,511,31,0,480,509,153095,5,3,0,2,2
2020-06-10,US,Georgia,Bleckley,53,0,0,32.43829035,-83.33035166,13023.0,411.7144410782257,0.0,53,53,0,0,53,51,12838,0,0,0,0,2
2020-06-10,US,Georgia,Brantley,63,2,0,31.19576557,-81.97743999,13025.0,329.68758176775344,3.1746031746031744,61,63,2,0,61,63,18897,0,0,0,0,0
2020-06-10,US,Georgia,Brooks,87,10,0,30.83922642,-83.58303423,13027.0,562.8517823639775,11.494252873563216,77,84,8,0,76,83,15513,3,2,0,1,1
2020-06-10,US,Georgia,Bryan,80,5,0,32.00979311,-81.44002948,13029.0,201.88255482373128,6.25,75,80,5,0,75,78,38109,0,0,0,0,2
2020-06-10,US,Georgia,Bulloch,87,3,0,32.39577406,-81.74811421,13031.0,109.2854989448297,3.4482758620689653,84,84,3,0,81,83,77296,3,0,0,3,1
2020-06-10,US,Georgia,Burke,125,6,0,33.05917989,-81.99928721,13033.0,558.4595451905464,4.8,119,125,6,0,119,125,22423,0,0,0,0,0
2020-06-10,US,Georgia,Butts,254,26,0,33.283094500000004,-83.95435040000002,13035.0,1018.6076355470004,10.236220472440944,228,253,25,0,228,244,24193,1,1,0,0,9
2020-06-10,US,Georgia,Calhoun,139,6,0,31.53169785,-84.62725131,13037.0,2245.9201809662304,4.316546762589929,133,140,6,0,134,138,6352,-1,0,0,-1,2
2020-06-10,US,Georgia,Camden,70,1,0,30.92951916,-81.66601818,13039.0,128.0503420773424,1.4285714285714286,69,70,1,0,69,69,53677,0,0,0,0,1
2020-06-10,US,Georgia,Candler,17,0,0,32.40209349,-82.07702563,13043.0,157.36369526983245,0.0,17,15,0,0,15,15,10836,2,0,0,2,0
2020-06-10,US,Georgia,Carroll,591,36,0,33.58138199,-85.07976677,13045.0,492.53283552236815,6.091370558375634,555,587,33,0,554,585,118121,4,3,0,1,2
2020-06-10,US,Georgia,Catoosa,175,0,0,34.89872298,-85.13757014,13047.0,258.95235276709093,0.0,175,164,0,0,164,164,67420,11,0,0,11,0
2020-06-10,US,Georgia,Charlton,36,1,0,30.78371028,-82.13951596,13049.0,268.81720430107526,2.7777777777777777,35,36,1,0,35,34,12968,0,0,0,0,2
2020-06-10,US,Georgia,Chatham,562,29,0,32.00043026,-81.12489526,13051.0,194.1747572815534,5.160142348754448,533,556,29,0,527,552,289195,6,0,0,6,4
2020-06-10,US,Georgia,Chattahoochee,191,0,0,32.34341231,-84.78809239,13053.0,1751.1689740533602,0.0,191,180,0,0,180,173,10684,11,0,0,11,7
2020-06-10,US,Georgia,Chattooga,27,2,0,34.47197698,-85.34535662,13055.0,108.91927871233207,7.407407407407407,25,27,2,0,25,25,24790,0,0,0,0,2
2020-06-10,US,Georgia,Cherokee,990,35,0,34.24393976,-84.47431861,13057.0,382.5746890131505,3.5353535353535355,955,978,35,0,943,975,254149,12,0,0,12,3
2020-06-10,US,Georgia,Clarke,331,15,0,33.95436462,-83.37124007,13059.0,257.9267674996688,4.531722054380665,316,328,15,0,313,325,127330,3,0,0,3,3
2020-06-10,US,Georgia,Clay,50,2,0,31.62221166,-84.97713865,13061.0,1764.2907551164433,4.0,48,49,2,0,47,49,2887,1,0,0,1,0
2020-06-10,US,Georgia,Clayton,1378,58,0,33.54187245,-84.35594188,13063.0,471.50443446841126,4.208998548621191,1320,1362,54,0,1308,1343,289615,16,4,0,12,19
2020-06-10,US,Georgia,Clinch,72,2,0,30.91395822,-82.70432472,13065.0,1087.9419764279241,2.7777777777777777,70,72,2,0,70,70,6648,0,0,0,0,2
2020-06-10,US,Georgia,Cobb,3370,210,0,33.94243204,-84.5761255,13067.0,443.3388016170684,6.231454005934718,3160,3337,203,0,3134,3298,756865,33,7,0,26,39
2020-06-10,US,Georgia,Coffee,310,14,0,31.54892966,-82.85492059999999,13069.0,716.3820396089941,4.516129032258065,296,307,14,0,293,300,43093,3,0,0,3,7
2020-06-10,US,Georgia,Colquitt,603,16,0,31.18810588,-83.7677946,13071.0,1322.3684210526314,2.6533996683250414,587,589,16,0,573,569,45592,14,0,0,14,20
2020-06-10,US,Georgia,Columbia,289,8,0,33.54534185,-82.263524,13073.0,184.4123690289317,2.7681660899653977,281,288,8,0,280,278,154291,1,0,0,1,10
2020-06-10,US,Georgia,Cook,59,1,0,31.16068491,-83.42947229,13075.0,341.63288940358996,1.6949152542372878,58,57,1,0,56,56,17162,2,0,0,2,1
2020-06-10,US,Georgia,Coweta,476,10,0,33.35334302,-84.76129976,13077.0,320.5192951268947,2.100840336134454,466,474,10,0,464,468,145864,2,0,0,2,6
2020-06-10,US,Georgia,Crawford,31,0,0,32.71391813,-83.98061238,13079.0,249.91938084488876,0.0,31,31,0,0,31,29,12318,0,0,0,0,2
2020-06-10,US,Georgia,Crisp,240,10,0,31.92289565,-83.76811843,13081.0,1072.769533345253,4.166666666666667,230,239,8,0,231,239,22601,1,2,0,-1,0
2020-06-10,US,Georgia,Dade,43,1,0,34.854916700000004,-85.50490424,13083.0,266.81558699429144,2.3255813953488373,42,41,1,0,40,41,16226,2,0,0,2,0
2020-06-10,US,Georgia,Dawson,116,2,0,34.44244079,-84.16964071,13085.0,444.3082580052092,1.7241379310344829,114,114,1,0,113,114,25083,2,1,0,1,0
2020-06-10,US,Georgia,DeKalb,4186,136,0,33.76944049,-84.22396017,13089.0,551.2994256529395,3.2489249880554234,4050,4120,135,0,3985,4054,756558,66,1,0,65,66
2020-06-10,US,Georgia,Decatur,219,7,0,30.87967778,-84.57619536,13087.0,829.4197848810786,3.1963470319634704,212,218,6,0,212,214,26575,1,1,0,0,4
2020-06-10,US,Georgia,Dodge,53,2,0,32.17265114,-83.16948926,13091.0,257.2191215724339,3.7735849056603774,51,53,2,0,51,53,20705,0,0,0,0,0
2020-06-10,US,Georgia,Dooly,196,12,0,32.15630737,-83.79746561,13093.0,1463.778939507095,6.1224489795918355,184,193,12,0,181,191,13706,3,0,0,3,2
2020-06-10,US,Georgia,Dougherty,1820,150,0,31.53328528,-84.21722377,13095.0,2069.216426395016,8.241758241758241,1670,1818,149,0,1669,1806,91243,2,1,0,1,12
2020-06-10,US,Georgia,Douglas,624,26,0,33.70291126,-84.77026156,13097.0,426.3955228470101,4.166666666666667,598,612,27,0,585,601,145331,12,-1,0,13,11
2020-06-10,US,Georgia,Early,253,31,0,31.32155345,-84.90255207,13099.0,2482.8263002944063,12.25296442687747,222,252,31,0,221,249,10247,1,0,0,1,3
2020-06-10,US,Georgia,Echols,149,0,0,30.71101099,-82.89687287,13101.0,3719.420868696954,0.0,149,146,0,0,146,146,4000,3,0,0,3,0
2020-06-10,US,Georgia,Effingham,81,1,0,32.36616021,-81.34280942,13103.0,125.97984322508398,1.2345679012345678,80,81,1,0,80,78,62190,0,0,0,0,3
2020-06-10,US,Georgia,Elbert,82,0,0,34.11302332,-82.83936148,13105.0,427.21683859539434,0.0,82,82,0,0,82,82,19120,0,0,0,0,0
2020-06-10,US,Georgia,Emanuel,34,2,0,32.59221302,-82.30239915,13107.0,150.13688951691245,5.882352941176472,32,33,2,0,31,31,22612,1,0,0,1,2
2020-06-10,US,Georgia,Evans,6,0,0,32.15328841,-81.8870105,13109.0,56.316876290595076,0.0,6,6,0,0,6,6,10721,0,0,0,0,0
2020-06-10,US,Georgia,Fannin,59,1,0,34.86430205,-84.316964,13111.0,225.2940277989919,1.6949152542372878,58,57,1,0,56,55,25964,2,0,0,2,2
2020-06-10,US,Georgia,Fayette,254,14,0,33.41357794,-84.49089434,13113.0,221.9872226252174,5.511811023622046,240,254,15,0,239,247,113459,0,-1,0,1,7
2020-06-10,US,Georgia,Floyd,349,15,0,34.26268279,-85.21577392,13115.0,354.3219151657902,4.297994269340975,334,335,15,0,320,326,97927,14,0,0,14,9
2020-06-10,US,Georgia,Forsyth,579,12,0,34.22604035,-84.12315129999998,13117.0,237.05025956798718,2.0725388601036268,567,575,12,0,563,556,236612,4,0,0,4,19
2020-06-10,US,Georgia,Franklin,134,1,0,34.37525597,-83.23159927,13119.0,573.9003811726412,0.746268656716418,133,134,1,0,133,134,23023,0,0,0,0,0
2020-06-10,US,Georgia,Fulton,4989,273,0,33.79216944,-84.46319413,13121.0,468.91874236914396,5.472038484666267,4716,4925,272,0,4653,4887,1050114,64,1,0,63,38
2020-06-10,US,Georgia,Gilmer,166,1,0,34.69316688,-84.45802506,13123.0,529.1848640377443,0.6024096385542169,165,161,1,0,160,160,30816,5,0,0,5,1
2020-06-10,US,Georgia,Glascock,1,0,0,33.22879932,-82.61297636,13125.0,33.65870077415012,0.0,1,1,0,0,1,1,2995,0,0,0,0,0
2020-06-10,US,Georgia,Glynn,166,2,0,31.23279254,-81.53811412,13127.0,194.62552173709142,1.2048192771084338,164,164,2,0,162,157,85219,2,0,0,2,7
2020-06-10,US,Georgia,Gordon,219,17,0,34.50487351,-84.87296253,13129.0,377.8272346151856,7.762557077625572,202,209,16,0,193,203,57685,10,1,0,9,6
2020-06-10,US,Georgia,Grady,129,4,0,30.87454847,-84.23418364,13131.0,523.6877359639508,3.1007751937984502,125,127,4,0,123,120,24748,2,0,0,2,7
2020-06-10,US,Georgia,Greene,83,7,0,33.5769205,-83.17139104,13133.0,452.95786946081637,8.433734939759036,76,83,7,0,76,80,17698,0,0,0,0,3
2020-06-10,US,Georgia,Gwinnett,4808,142,0,33.96044201,-84.02137802,13135.0,513.5380507343124,2.9534109816971714,4666,4692,143,0,4549,4598,927781,116,-1,0,117,94
2020-06-10,US,Georgia,Habersham,572,26,0,34.63331566,-83.53094677,13137.0,1261.9131662548534,4.545454545454546,546,568,26,0,542,562,45388,4,0,0,4,6
2020-06-10,US,Georgia,Hall,2686,52,0,34.32207823,-83.81896936,13139.0,1313.82648294618,1.9359642591213704,2634,2664,51,0,2613,2642,202148,22,1,0,21,22
2020-06-10,US,Georgia,Hancock,202,29,0,33.2721566,-82.99766919,13141.0,2388.553860707107,14.356435643564355,173,200,29,0,171,199,8348,2,0,0,2,1
2020-06-10,US,Georgia,Haralson,56,4,0,33.79602175,-85.21005667,13143.0,187.96992481203011,7.142857142857142,52,54,4,0,50,52,29533,2,0,0,2,2
2020-06-10,US,Georgia,Harris,173,6,0,32.73709786,-84.90538572,13145.0,490.9751390623226,3.4682080924855487,167,143,6,0,137,130,34475,30,0,0,30,13
2020-06-10,US,Georgia,Hart,39,0,0,34.34626973,-82.96567682,13147.0,148.82655981682885,0.0,39,39,0,0,39,40,26099,0,0,0,0,-1
2020-06-10,US,Georgia,Heard,39,3,0,33.29686567,-85.12886832,13149.0,327.0988845089323,7.6923076923076925,36,37,3,0,34,36,11879,2,0,0,2,1
2020-06-10,US,Georgia,Henry,787,24,0,33.4533428,-84.14814659999998,13151.0,335.5203976790685,3.0495552731893265,763,779,22,0,757,767,230220,8,2,0,6,12
2020-06-10,US,Georgia,Houston,408,20,0,32.45802497,-83.66879087,13153.0,258.4519488417172,4.901960784313727,388,406,20,0,386,402,155469,2,0,0,2,4
2020-06-10,US,Georgia,Irwin,34,1,0,31.60213036,-83.27501387,13155.0,361.0875106202209,2.9411764705882355,33,34,1,0,33,34,9398,0,0,0,0,0
2020-06-10,US,Georgia,Jackson,239,7,0,34.13794553,-83.56814788,13157.0,327.5004453457939,2.928870292887029,232,237,7,0,230,232,70422,2,0,0,2,5
2020-06-10,US,Georgia,Jasper,51,1,0,33.31535543,-83.68844964,13159.0,358.67501230747587,1.96078431372549,50,51,1,0,50,49,14040,0,0,0,0,2
2020-06-10,US,Georgia,Jeff Davis,49,1,0,31.80405727,-82.63724870000001,13161.0,324.18127687727423,2.0408163265306123,48,48,1,0,47,46,15029,1,0,0,1,2
2020-06-10,US,Georgia,Jefferson,52,1,0,33.05867328,-82.41609057,13163.0,338.4975914594454,1.9230769230769231,51,52,1,0,51,51,15430,0,0,0,0,1
2020-06-10,US,Georgia,Jenkins,40,5,0,32.79248718,-81.96040187,13165.0,461.0419548178885,12.5,35,33,2,0,31,29,8683,7,3,0,4,4
2020-06-10,US,Georgia,Johnson,83,2,0,32.70211082,-82.66166794,13167.0,860.7279892149746,2.409638554216868,81,83,2,0,81,83,9708,0,0,0,0,0
2020-06-10,US,Georgia,Jones,50,0,0,33.02512137,-83.56019163,13169.0,174.00382808421784,0.0,50,49,0,0,49,49,28616,1,0,0,1,0
2020-06-10,US,Georgia,Lamar,78,5,0,33.07841647,-84.14263877,13171.0,408.8693190753263,6.410256410256411,73,76,4,0,72,76,19000,2,1,0,1,0
2020-06-10,US,Georgia,Lanier,36,2,0,31.03828570000001,-83.06472457,13173.0,345.39000287824996,5.5555555555555545,34,34,2,0,32,32,10340,2,0,0,2,2
2020-06-10,US,Georgia,Laurens,116,1,0,32.46325233,-82.92221316,13175.0,243.97425650948554,0.8620689655172413,115,116,1,0,115,112,47325,0,0,0,0,4
2020-06-10,US,Georgia,Lee,369,22,0,31.779330600000005,-84.14324253,13177.0,1230.3280874899976,5.9620596205962055,347,368,22,0,346,367,29764,1,0,0,1,1
2020-06-10,US,Georgia,Liberty,86,1,0,31.82588896,-81.49251135,13179.0,139.98535037031007,1.162790697674419,85,86,1,0,85,87,61497,0,0,0,0,-1
2020-06-10,US,Georgia,Lincoln,17,1,0,33.79201475,-82.45024131,13181.0,214.61936624163616,5.882352941176472,16,16,1,0,15,16,7915,1,0,0,1,0
2020-06-10,US,Georgia,Long,18,1,0,31.75218791,-81.74952375,13183.0,92.02924484891865,5.5555555555555545,17,17,1,0,16,17,18998,1,0,0,1,0
2020-06-10,US,Georgia,Lowndes,505,4,0,30.83568832,-83.27056716,13185.0,430.1313391138442,0.7920792079207921,501,474,4,0,470,461,116321,31,0,0,31,13
2020-06-10,US,Georgia,Lumpkin,105,1,0,34.57286511,-84.00425681,13187.0,312.4070217197263,0.9523809523809524,104,103,1,0,102,103,32955,2,0,0,2,0
2020-06-10,US,Georgia,Macon,106,7,0,32.35207048,-84.04234127,13193.0,818.7224839731211,6.60377358490566,99,106,7,0,99,106,13143,0,0,0,0,0
2020-06-10,US,Georgia,Madison,67,2,0,34.12920917,-83.21218732,13195.0,224.23025435073632,2.985074626865672,65,66,2,0,64,65,29650,1,0,0,1,1
2020-06-10,US,Georgia,Marion,59,2,0,32.3483402,-84.52733571,13197.0,705.8260557482953,3.3898305084745757,57,59,2,0,57,59,8351,0,0,0,0,0
2020-06-10,US,Georgia,McDuffie,73,5,0,33.47851918,-82.48252774,13189.0,342.53003003003005,6.849315068493151,68,73,5,0,68,72,21531,0,0,0,0,1
2020-06-10,US,Georgia,McIntosh,16,1,0,31.49683595,-81.40163426,13191.0,111.28112393935179,6.25,15,15,1,0,14,15,14340,1,0,0,1,0
2020-06-10,US,Georgia,Meriwether,114,2,0,33.04163534,-84.68859732,13199.0,538.5741956819578,1.7543859649122806,112,110,2,0,108,109,21068,4,0,0,4,1
2020-06-10,US,Georgia,Miller,45,0,0,31.16568912,-84.73151117,13201.0,786.9884575026233,0.0,45,43,0,0,43,42,5686,2,0,0,2,1
2020-06-10,US,Georgia,Mitchell,425,36,0,31.22483255,-84.19381821,13205.0,1943.9235237616065,8.470588235294116,389,425,36,0,389,419,22192,0,0,0,0,6
2020-06-10,US,Georgia,Monroe,126,13,0,33.014289,-83.92097166,13207.0,456.88592356225985,10.317460317460318,113,124,12,0,112,123,27520,2,1,0,1,1
2020-06-10,US,Georgia,Montgomery,17,0,0,32.17201038,-82.53527476,13209.0,185.3467073702573,0.0,17,14,0,0,14,13,9193,3,0,0,3,1
2020-06-10,US,Georgia,Morgan,40,0,0,33.59232073,-83.49129491,13211.0,207.5119319360863,0.0,40,40,0,0,40,39,18853,0,0,0,0,1
2020-06-10,US,Georgia,Murray,120,1,0,34.78897608,-84.74993177,13213.0,299.28172386272945,0.8333333333333334,119,114,1,0,113,110,39921,6,0,0,6,4
2020-06-10,US,Georgia,Muscogee,904,23,0,32.50931999,-84.87142262,13215.0,461.7687172126333,2.5442477876106198,881,868,22,0,846,808,194160,36,1,0,35,60
2020-06-10,US,Georgia,Newton,402,11,0,33.55514538,-83.84547140000002,13217.0,359.75085910652916,2.736318407960199,391,396,11,0,385,395,109541,6,0,0,6,1
2020-06-10,US,Georgia,Oconee,127,9,0,33.83749973,-83.43679568,13219.0,315.2929493545184,7.086614173228346,118,127,9,0,118,125,39272,0,0,0,0,2
2020-06-10,US,Georgia,Oglethorpe,71,7,0,33.878629600000004,-83.08278123,13221.0,465.2991677043057,9.859154929577462,64,70,7,0,63,67,15054,1,0,0,1,3
2020-06-10,US,Georgia,Out of GA,2515,37,0,0.0,0.0,80013.0,0.0,1.47117296222664,2478,2480,35,0,2445,2502,,35,2,0,33,-22
2020-06-10,US,Georgia,Paulding,382,13,0,33.91969522,-84.86848792,13223.0,226.48176584631256,3.4031413612565444,369,371,13,0,358,354,164044,11,0,0,11,17
2020-06-10,US,Georgia,Peach,80,7,0,32.56934316,-83.82937,13225.0,290.42329194801425,8.75,73,80,7,0,73,78,27297,0,0,0,0,2
2020-06-10,US,Georgia,Pickens,57,4,0,34.46589159,-84.46406611,13227.0,174.89490963763,7.0175438596491215,53,53,4,0,49,52,31980,4,0,0,4,1
2020-06-10,US,Georgia,Pierce,122,4,0,31.35928155,-82.21598442,13229.0,626.7659902388904,3.278688524590164,118,121,4,0,117,119,19389,1,0,0,1,2
2020-06-10,US,Georgia,Pike,65,3,0,33.09310242,-84.38790389,13231.0,342.79084484758994,4.615384615384615,62,64,3,0,61,62,18634,1,0,0,1,2
2020-06-10,US,Georgia,Polk,154,1,0,34.00267074,-85.18677781,13233.0,361.3920634548143,0.6493506493506493,153,152,1,0,151,145,42470,2,0,0,2,7
2020-06-10,US,Georgia,Pulaski,46,2,0,32.23334561,-83.47549959999998,13235.0,413.0376223399479,4.3478260869565215,44,46,2,0,44,45,11069,0,0,0,0,1
2020-06-10,US,Georgia,Putnam,103,10,0,33.32056115,-83.37552891,13237.0,465.6630046566301,9.70873786407767,93,103,10,0,93,100,21809,0,0,0,0,3
2020-06-10,US,Georgia,Quitman,15,1,0,31.86728114,-85.01773177,13239.0,652.4575902566334,6.666666666666668,14,14,1,0,13,14,2279,1,0,0,1,0
2020-06-10,US,Georgia,Rabun,28,1,0,34.88389445,-83.40304637,13241.0,163.38915796230378,3.571428571428572,27,27,1,0,26,26,16867,1,0,0,1,1
2020-06-10,US,Georgia,Randolph,186,20,0,31.76622818,-84.75732369,13243.0,2744.1723222189435,10.752688172043008,166,187,20,0,167,183,6833,-1,0,0,-1,4
2020-06-10,US,Georgia,Richmond,659,36,0,33.35777107,-82.07026432,13245.0,325.40317403885086,5.462822458270106,623,652,34,0,618,645,201554,7,2,0,5,7
2020-06-10,US,Georgia,Rockdale,325,8,0,33.65145002,-84.02202167,13247.0,357.55148741418765,2.4615384615384617,317,320,8,0,312,314,90594,5,0,0,5,6
2020-06-10,US,Georgia,Schley,18,1,0,32.2654021,-84.31258912,13249.0,342.4006087121933,5.5555555555555545,17,18,1,0,17,18,5236,0,0,0,0,0
2020-06-10,US,Georgia,Screven,60,3,0,32.74976524,-81.60779441,13251.0,429.6147787483889,5.0,57,59,3,0,56,58,13938,1,0,0,1,1
2020-06-10,US,Georgia,Seminole,47,2,0,30.93464824,-84.86823924,13253.0,580.964153275649,4.25531914893617,45,47,2,0,45,46,8315,0,0,0,0,1
2020-06-10,US,Georgia,Spalding,302,23,0,33.26310031,-84.28013991,13255.0,452.7532494790339,7.615894039735099,279,301,22,0,279,296,66100,1,1,0,0,5
2020-06-10,US,Georgia,Stephens,147,3,0,34.55151201,-83.29405315,13257.0,567.0202507232401,2.0408163265306123,144,147,3,0,144,145,26035,0,0,0,0,2
2020-06-10,US,Georgia,Stewart,59,1,0,32.07996777,-84.83208037,13259.0,891.1040628303882,1.6949152542372878,58,58,1,0,57,57,6199,1,0,0,1,1
2020-06-10,US,Georgia,Sumter,499,48,0,32.03650571,-84.19821492,13261.0,1690.1503861265412,9.619238476953909,451,498,48,0,450,496,29733,1,0,0,1,2
2020-06-10,US,Georgia,Talbot,44,2,0,32.69642758,-84.53351366,13263.0,710.2502017756256,4.545454545454546,42,43,2,0,41,41,6272,1,0,0,1,2
2020-06-10,US,Georgia,Taliaferro,1,0,0,33.56543317,-82.88136816,13265.0,65.06180871828235,0.0,1,1,0,0,1,1,1608,0,0,0,0,0
2020-06-10,US,Georgia,Tattnall,35,0,0,32.04785085,-82.05539188,13267.0,138.41651506762636,0.0,35,34,0,0,34,32,25391,1,0,0,1,2
2020-06-10,US,Georgia,Taylor,24,2,0,32.55792548,-84.25077141,13269.0,299.25187032418955,8.333333333333334,22,23,2,0,21,23,8039,1,0,0,1,0
2020-06-10,US,Georgia,Telfair,39,1,0,31.92829517,-82.93491155,13271.0,245.90163934426232,2.5641025641025643,38,39,1,0,38,38,15876,0,0,0,0,1
2020-06-10,US,Georgia,Terrell,217,26,0,31.77527543,-84.44069698,13273.0,2543.664283202438,11.981566820276498,191,217,26,0,191,217,8611,0,0,0,0,0
2020-06-10,US,Georgia,Thomas,356,33,0,30.86392347,-83.91847289,13275.0,800.8818699241863,9.269662921348317,323,357,33,0,324,357,44448,-1,0,0,-1,0
2020-06-10,US,Georgia,Tift,345,22,0,31.45743864,-83.5236119,13277.0,848.8337762031296,6.376811594202898,323,327,22,0,305,320,40571,18,0,0,18,7
2020-06-10,US,Georgia,Toombs,83,4,0,32.12059861,-82.32957247,13279.0,309.3551994036526,4.819277108433735,79,77,4,0,73,68,26887,6,0,0,6,9
2020-06-10,US,Georgia,Towns,31,1,0,34.91369188,-83.74107459999998,13281.0,257.5392539669353,3.2258064516129035,30,30,1,0,29,30,11852,1,0,0,1,0
2020-06-10,US,Georgia,Treutlen,17,0,0,32.40422134,-82.56904553,13283.0,246.3411099840603,0.0,17,14,0,0,14,14,6809,3,0,0,3,0
2020-06-10,US,Georgia,Troup,545,12,0,33.03349196,-85.02812115,13285.0,779.4399473699265,2.201834862385321,533,476,11,0,465,446,70034,69,1,0,68,30
2020-06-10,US,Georgia,Turner,144,13,0,31.71612656,-83.62069378,13287.0,1803.3813400125234,9.027777777777779,131,141,13,0,128,140,7912,3,0,0,3,1
2020-06-10,US,Georgia,Twiggs,19,1,0,32.67435595,-83.43078662,13289.0,233.99014778325127,5.2631578947368425,18,19,1,0,18,19,8188,0,0,0,0,0
2020-06-10,US,Georgia,Unassigned,1160,1,0,0.0,0.0,90013.0,0.0,0.08620689655172414,1159,1291,1,0,1290,1322,,-131,0,0,-131,-31
2020-06-10,US,Georgia,Union,51,2,0,34.82995757,-83.98967069,13291.0,208.06984619150586,3.92156862745098,49,50,1,0,49,49,24001,1,1,0,0,1
2020-06-10,US,Georgia,Upson,291,36,0,32.87920671,-84.30024826,13293.0,1105.6231003039513,12.371134020618555,255,290,36,0,254,290,26215,1,0,0,1,0
2020-06-10,US,Georgia,Walker,206,1,0,34.73376362,-85.30165174,13295.0,295.2939321397343,0.4854368932038835,205,203,0,0,203,195,69410,3,1,0,2,8
2020-06-10,US,Georgia,Walton,309,21,0,33.78017694,-83.73552314,13297.0,326.66264945609083,6.7961165048543695,288,307,20,0,287,303,93503,2,1,0,1,4
2020-06-10,US,Georgia,Ware,252,14,0,31.05449097,-82.42224148,13299.0,705.2107236805283,5.5555555555555545,238,252,14,0,238,249,35680,0,0,0,0,3
2020-06-10,US,Georgia,Warren,19,0,0,33.41146451,-82.67795848,13301.0,361.6292348686714,0.0,19,18,0,0,18,18,5251,1,0,0,1,0
2020-06-10,US,Georgia,Washington,75,1,0,32.96711864,-82.79357039,13303.0,368.11622656326693,1.3333333333333333,74,75,1,0,74,75,20386,0,0,0,0,0
2020-06-10,US,Georgia,Wayne,32,0,0,31.5521809,-81.91894878,13305.0,106.92685534801349,0.0,32,30,0,0,30,26,29808,2,0,0,2,4
2020-06-10,US,Georgia,Webster,14,1,0,32.04066113,-84.54742852,13307.0,537.0157268891446,7.142857142857142,13,14,1,0,13,14,2611,0,0,0,0,0
2020-06-10,US,Georgia,Wheeler,15,0,0,32.12009104,-82.72574721,13309.0,190.9611712285169,0.0,15,14,0,0,14,14,7879,1,0,0,1,0
2020-06-10,US,Georgia,White,117,3,0,34.64624278,-83.74905525,13311.0,379.89479836353013,2.5641025641025643,114,117,3,0,114,114,29970,0,0,0,0,3
2020-06-10,US,Georgia,Whitfield,520,9,0,34.80987459,-84.96093476,13313.0,496.9988913101656,1.7307692307692308,511,509,9,0,500,504,104062,11,0,0,11,5
2020-06-10,US,Georgia,Wilcox,118,14,0,31.97496928,-83.43438555,13315.0,1366.5315576143598,11.864406779661017,104,117,14,0,103,117,8812,1,0,0,1,0
2020-06-10,US,Georgia,Wilkes,34,1,0,33.78290391,-82.74286107,13317.0,347.75493505165184,2.9411764705882355,33,34,1,0,33,34,9876,0,0,0,0,0
2020-06-10,US,Georgia,Wilkinson,71,7,0,32.80291082,-83.17140684,13319.0,792.941702032611,9.859154929577462,64,72,7,0,65,71,9036,-1,0,0,-1,1
2020-06-10,US,Georgia,Worth,247,21,0,31.55162306,-83.85090513,13321.0,1219.9338173556575,8.502024291497976,226,243,21,0,222,240,20299,4,0,0,4,3
2020-06-10,US,Hawaii,Hawaii,81,0,0,19.60121157,-155.5210167,15001.0,40.195917881228496,0.0,81,81,0,0,81,81,200983,0,0,0,0,0
2020-06-10,US,Hawaii,Honolulu,451,11,0,21.45803166,-157.97121819999995,15003.0,46.27715191321649,2.4390243902439024,440,448,11,0,437,442,980080,3,0,0,3,6
2020-06-10,US,Hawaii,Kauai,21,0,0,22.03935037,-159.5966786,15007.0,29.04845559044444,0.0,21,21,0,0,21,21,72133,0,0,0,0,0
2020-06-10,US,Hawaii,Maui,120,6,0,20.86399628,-156.56890969999995,15009.0,71.67730875598058,5.0,114,120,6,0,114,120,167207,0,0,0,0,0
2020-06-10,US,Hawaii,Out of HI,12,0,0,0.0,0.0,80015.0,0.0,0.0,12,12,0,0,12,12,,0,0,0,0,0
2020-06-10,US,Idaho,Ada,854,22,0,43.4526575,-116.24155159999998,16001.0,177.33036813701366,2.5761124121779857,832,848,22,0,826,844,469966,6,0,0,6,4
2020-06-10,US,Idaho,Adams,3,0,0,44.89333571,-116.4545247,16003.0,69.86492780624127,0.0,3,3,0,0,3,3,4250,0,0,0,0,0
2020-06-10,US,Idaho,Bannock,52,1,0,42.67002716,-112.2233311,16005.0,59.2201166180758,1.9230769230769231,51,49,1,0,48,49,87138,3,0,0,3,0
2020-06-10,US,Idaho,Benewah,19,0,0,47.21754179,-116.6586851,16009.0,204.34502043450203,0.0,19,18,0,0,18,18,9226,1,0,0,1,0
2020-06-10,US,Idaho,Bingham,23,0,0,43.21672879999999,-112.3978437,16011.0,49.13375061417189,0.0,23,23,0,0,23,22,46236,0,0,0,0,1
2020-06-10,US,Idaho,Blaine,515,5,0,43.4085812,-113.9752658,16013.0,2237.087876286869,0.9708737864077671,510,514,5,0,509,514,22601,1,0,0,1,0
2020-06-10,US,Idaho,Bonner,7,0,0,48.29996017,-116.6017932,16017.0,15.304226152736176,0.0,7,7,0,0,7,6,44727,0,0,0,0,1
2020-06-10,US,Idaho,Bonneville,68,0,0,43.38713372,-111.6161537,16019.0,57.113100737430926,0.0,68,68,0,0,68,64,116854,0,0,0,0,4
2020-06-10,US,Idaho,Camas,1,0,0,43.46665742,-114.8065892,16025.0,90.41591320072331,0.0,1,1,0,0,1,1,1127,0,0,0,0,0
2020-06-10,US,Idaho,Canyon,351,6,0,43.61970148,-116.7095499,16027.0,152.7089523991838,1.709401709401709,345,345,6,0,339,345,223499,6,0,0,6,0
2020-06-10,US,Idaho,Caribou,3,0,0,42.77149116,-111.5597683,16029.0,41.9287211740042,0.0,3,3,0,0,3,3,7060,0,0,0,0,0
2020-06-10,US,Idaho,Cassia,123,1,0,42.28347888,-113.6012409,16031.0,511.86017478152314,0.8130081300813008,122,118,1,0,117,117,23864,5,0,0,5,1
2020-06-10,US,Idaho,Custer,2,0,0,44.24186819,-114.2855494,16037.0,46.349942062572424,0.0,2,2,0,0,2,2,4280,0,0,0,0,0
2020-06-10,US,Idaho,Elmore,33,2,0,43.3507101,-115.4701578,16039.0,119.95201919232305,6.0606060606060606,31,33,2,0,31,32,27259,0,0,0,0,1
2020-06-10,US,Idaho,Franklin,10,0,0,42.18332217,-111.8149666,16041.0,72.0668780628423,0.0,10,9,0,0,9,9,13726,1,0,0,1,0
2020-06-10,US,Idaho,Fremont,4,0,0,44.22800938,-111.4809943,16043.0,30.536682189480114,0.0,4,4,0,0,4,4,13168,0,0,0,0,0
2020-06-10,US,Idaho,Gem,17,0,0,44.06482372,-116.398376,16045.0,93.86042402826857,0.0,17,17,0,0,17,17,17634,0,0,0,0,0
2020-06-10,US,Idaho,Gooding,57,0,0,42.96927962,-114.8108306,16047.0,375.51880888069036,0.0,57,57,0,0,57,57,15196,0,0,0,0,0
2020-06-10,US,Idaho,Idaho,3,0,0,45.84721541,-115.4634436,16049.0,17.999640007199854,0.0,3,3,0,0,3,3,16513,0,0,0,0,0
2020-06-10,US,Idaho,Jefferson,9,0,0,43.82078483,-112.3131749,16051.0,30.12955709551069,0.0,9,9,0,0,9,9,29439,0,0,0,0,0
2020-06-10,US,Idaho,Jerome,202,2,0,42.68891267,-114.2655033,16053.0,827.4619039816482,0.99009900990099,200,201,2,0,199,198,24015,1,0,0,1,3
2020-06-10,US,Idaho,Kootenai,91,0,0,47.67282258,-116.7020872,16055.0,54.919521777702684,0.0,91,91,0,0,91,85,161505,0,0,0,0,6
2020-06-10,US,Idaho,Latah,7,0,0,46.81587887,-116.7113698,16057.0,17.452877231475018,0.0,7,7,0,0,7,7,40134,0,0,0,0,0
2020-06-10,US,Idaho,Lemhi,1,0,0,44.9438088,-113.9309747,16059.0,12.457954403886884,0.0,1,1,0,0,1,1,7961,0,0,0,0,0
2020-06-10,US,Idaho,Lincoln,34,0,0,43.0012336,-114.1358773,16063.0,633.619083115915,0.0,34,34,0,0,34,34,5360,0,0,0,0,0
2020-06-10,US,Idaho,Madison,27,0,0,43.78141028,-111.65384740000002,16065.0,67.65730323000977,0.0,27,27,0,0,27,27,39304,0,0,0,0,0
2020-06-10,US,Idaho,Minidoka,85,0,0,42.85518524,-113.6357257,16067.0,404.01159750938734,0.0,85,80,0,0,80,78,20825,5,0,0,5,2
2020-06-10,US,Idaho,Nez Perce,84,19,0,46.32638236,-116.7500975,16069.0,207.87962779647597,22.619047619047624,65,83,19,0,64,83,40408,1,0,0,1,0
2020-06-10,US,Idaho,Owyhee,8,0,0,42.58016894,-116.1693871,16073.0,67.66472130592912,0.0,8,8,0,0,8,8,11693,0,0,0,0,0
2020-06-10,US,Idaho,Payette,26,2,0,44.00545243,-116.7647695,16075.0,108.55496638971232,7.6923076923076925,24,26,2,0,24,26,23551,0,0,0,0,0
2020-06-10,US,Idaho,Power,9,0,0,42.69254894,-112.83957420000002,16077.0,117.17224319750031,0.0,9,9,0,0,9,7,7768,0,0,0,0,2
2020-06-10,US,Idaho,Teton,11,0,0,43.75303583,-111.2056773,16081.0,90.59463020919122,0.0,11,11,0,0,11,11,11640,0,0,0,0,0
2020-06-10,US,Idaho,Twin Falls,469,25,0,42.35440512,-114.6685381,16083.0,539.8374732383344,5.3304904051172715,444,463,25,0,438,456,86081,6,0,0,6,7
2020-06-10,US,Idaho,Valley,3,0,0,44.76728382,-115.5676773,16085.0,26.33426966292135,0.0,3,3,0,0,3,3,11041,0,0,0,0,0
2020-06-10,US,Idaho,Washington,49,0,0,44.45275475,-116.7847688,16087.0,480.67490680792616,0.0,49,46,0,0,46,46,10161,3,0,0,3,0
2020-06-10,US,Illinois,Adams,45,1,0,39.98815591,-91.18786813,17001.0,68.77053564606098,2.2222222222222223,44,45,1,0,44,45,65691,0,0,0,0,0
2020-06-10,US,Illinois,Alexander,16,0,0,37.18049267,-89.32910838,17003.0,277.7295608401319,0.0,16,15,0,0,15,15,6060,1,0,0,1,0
2020-06-10,US,Illinois,Bond,12,1,0,38.88829622,-89.43534887,17005.0,73.0549129428954,8.333333333333334,11,12,1,0,11,12,16630,0,0,0,0,0
2020-06-10,US,Illinois,Boone,511,18,0,42.32359279,-88.82345779,17007.0,954.3552965785148,3.522504892367906,493,507,18,0,489,506,53577,4,0,0,4,1
2020-06-10,US,Illinois,Brown,10,0,0,39.96209138,-90.75068024,17009.0,152.02189115232594,0.0,10,10,0,0,10,10,6556,0,0,0,0,0
2020-06-10,US,Illinois,Bureau,22,1,0,41.40385234,-89.5283051,17011.0,67.42675003064852,4.545454545454546,21,21,1,0,20,21,32993,1,0,0,1,0
2020-06-10,US,Illinois,Calhoun,1,0,0,39.16840183,-90.66330078,17013.0,21.101498206372653,0.0,1,1,0,0,1,1,4802,0,0,0,0,0
2020-06-10,US,Illinois,Carroll,19,2,0,42.06823429,-89.93395545,17015.0,132.82069206571128,10.526315789473683,17,19,2,0,17,18,14312,0,0,0,0,1
2020-06-10,US,Illinois,Cass,74,0,0,39.96991073,-90.24734436,17017.0,609.2039186630443,0.0,74,74,0,0,74,74,12260,0,0,0,0,0
2020-06-10,US,Illinois,Champaign,700,8,0,40.13919438,-88.20046615,17019.0,333.82771628459284,1.1428571428571428,692,695,8,0,687,691,209983,5,0,0,5,4
2020-06-10,US,Illinois,Christian,35,4,0,39.54581621,-89.27780482,17021.0,108.34571570084199,11.428571428571427,31,35,4,0,31,35,32661,0,0,0,0,0
2020-06-10,US,Illinois,Clark,12,0,0,39.33425789,-87.78705622,17023.0,77.71517388770155,0.0,12,12,0,0,12,12,15596,0,0,0,0,0
2020-06-10,US,Illinois,Clay,2,0,0,38.75388572,-88.48914513,17025.0,15.169902912621357,0.0,2,2,0,0,2,2,13253,0,0,0,0,0
2020-06-10,US,Illinois,Clinton,197,17,0,38.60704876,-89.42385254,17027.0,524.4662158564506,8.629441624365482,180,196,17,0,179,193,37639,1,0,0,1,3
2020-06-10,US,Illinois,Coles,142,17,0,39.51949084,-88.22358557,17029.0,280.5159913869738,11.971830985915492,125,140,17,0,123,139,50885,2,0,0,2,1
2020-06-10,US,Illinois,Cook,83585,4053,0,41.84144849,-87.81658794,17031.0,1622.9362826885697,4.848956152419691,79532,83271,4010,0,79261,82819,5180493,314,43,0,271,452
2020-06-10,US,Illinois,Crawford,11,0,0,39.0032229,-87.75954624,17033.0,58.92751915144373,0.0,11,11,0,0,11,11,18807,0,0,0,0,0
2020-06-10,US,Illinois,Cumberland,10,0,0,39.27432424,-88.2401158,17035.0,92.88500835965077,0.0,10,10,0,0,10,10,10808,0,0,0,0,0
2020-06-10,US,Illinois,De Witt,4,0,0,40.17514519,-88.90959682,17039.0,25.57871850620284,0.0,4,4,0,0,4,4,15769,0,0,0,0,0
2020-06-10,US,Illinois,DeKalb,460,13,0,41.89373302,-88.76958483,17037.0,438.5254106409144,2.8260869565217392,447,457,11,0,446,456,104143,3,2,0,1,1
2020-06-10,US,Illinois,Douglas,30,0,0,39.76768052,-88.21854195,17041.0,154.12278448497304,0.0,30,29,0,0,29,29,19479,1,0,0,1,0
2020-06-10,US,Illinois,DuPage,8255,418,0,41.85116968,-88.08642662,17043.0,894.44275295502,5.063597819503332,7837,8215,411,0,7804,8157,928589,40,7,0,33,58
2020-06-10,US,Illinois,Edgar,1,0,0,39.6809186,-87.74759563,17045.0,5.827166249053086,0.0,1,1,0,0,1,1,17360,0,0,0,0,0
2020-06-10,US,Illinois,Edwards,2,0,0,38.41353228,-88.05720863,17047.0,31.27443315089914,0.0,2,2,0,0,2,2,6392,0,0,0,0,0
2020-06-10,US,Illinois,Effingham,8,1,0,39.05935711,-88.58969584,17049.0,23.523876734885913,12.5,7,8,1,0,7,8,34208,0,0,0,0,0
2020-06-10,US,Illinois,Fayette,22,3,0,39.00072038,-89.02452658,17051.0,103.11211098612672,13.636363636363635,19,21,3,0,18,21,21416,1,0,0,1,0
2020-06-10,US,Illinois,Ford,22,1,0,40.59706922,-88.22350769,17053.0,169.73998919836433,4.545454545454546,21,21,1,0,20,21,13264,1,0,0,1,0
2020-06-10,US,Illinois,Franklin,12,0,0,37.99189086,-88.92567818,17055.0,31.19394837401544,0.0,12,12,0,0,12,12,38701,0,0,0,0,0
2020-06-10,US,Illinois,Fulton,12,0,0,40.47289135,-90.20862357,17057.0,34.944670937682005,0.0,12,12,0,0,12,12,34844,0,0,0,0,0
2020-06-10,US,Illinois,Gallatin,2,0,0,37.76430935,-88.22953869,17059.0,41.42502071251035,0.0,2,2,0,0,2,2,5058,0,0,0,0,0
2020-06-10,US,Illinois,Greene,7,0,0,39.35907414,-90.388865,17061.0,53.974863135168476,0.0,7,7,0,0,7,6,13044,0,0,0,0,1
2020-06-10,US,Illinois,Grundy,125,2,0,41.28569601,-88.41905692,17063.0,244.83879813530768,1.6,123,124,2,0,122,124,50972,1,0,0,1,0
2020-06-10,US,Illinois,Hamilton,2,0,0,38.08163641,-88.53883373,17065.0,24.64268112370626,0.0,2,2,0,0,2,2,8163,0,0,0,0,0
2020-06-10,US,Illinois,Hancock,18,1,0,40.40423981,-91.16313899,17067.0,101.6489722159476,5.5555555555555545,17,18,1,0,17,18,17844,0,0,0,0,0
2020-06-10,US,Illinois,Hardin,1,0,0,37.51810645,-88.26873022,17069.0,26.17115938236064,0.0,1,1,0,0,1,1,3910,0,0,0,0,0
2020-06-10,US,Illinois,Henderson,8,0,0,40.81908672,-90.92491462,17071.0,120.37315678603672,0.0,8,8,0,0,8,8,6709,0,0,0,0,0
2020-06-10,US,Illinois,Henry,71,0,0,41.3533994,-90.13296166,17073.0,145.1556845828307,0.0,71,71,0,0,71,71,49090,0,0,0,0,0
2020-06-10,US,Illinois,Iroquois,136,5,0,40.74717633,-87.82466784,17075.0,501.58589658479,3.6764705882352944,131,137,5,0,132,136,27604,-1,0,0,-1,1
2020-06-10,US,Illinois,Jackson,307,11,0,37.78595185,-89.38232563,17077.0,540.9691629955947,3.5830618892508137,296,304,11,0,293,301,57419,3,0,0,3,3
2020-06-10,US,Illinois,Jasper,46,7,0,39.01054275,-88.15437049,17079.0,478.6680541103018,15.217391304347824,39,46,7,0,39,46,9611,0,0,0,0,0
2020-06-10,US,Illinois,Jefferson,101,16,0,38.29980057,-88.9240025,17081.0,268.0182570852351,15.84158415841584,85,101,16,0,85,101,37820,0,0,0,0,0
2020-06-10,US,Illinois,Jersey,27,1,0,39.08869046,-90.35393073,17083.0,124.0067974096358,3.703703703703704,26,26,1,0,25,25,21847,1,0,0,1,1
2020-06-10,US,Illinois,Jo Daviess,33,1,0,42.36542373,-90.21094405,17085.0,155.40381445726396,3.0303030303030303,32,33,1,0,32,34,21366,0,0,0,0,-1
2020-06-10,US,Illinois,Johnson,13,0,0,37.45939802,-88.88165419,17087.0,104.69517596843036,0.0,13,13,0,0,13,12,12456,0,0,0,0,1
2020-06-10,US,Illinois,Kane,6948,218,0,41.93842729,-88.42861412,17089.0,1305.0264555233534,3.1375935521013236,6730,6897,214,0,6683,6850,534216,51,4,0,47,47
2020-06-10,US,Illinois,Kankakee,1047,56,0,41.13746989,-87.86205334,17091.0,953.0137809251606,5.348615090735434,991,1019,55,0,964,1004,110024,28,1,0,27,15
2020-06-10,US,Illinois,Kendall,863,19,0,41.59081014,-88.42869583,17093.0,669.0441119466625,2.20162224797219,844,853,19,0,834,850,127915,10,0,0,10,3
2020-06-10,US,Illinois,Knox,106,0,0,40.93148779,-90.21330340000002,17095.0,213.28396949636814,0.0,106,105,0,0,105,105,50112,1,0,0,1,0
2020-06-10,US,Illinois,LaSalle,172,16,0,41.34426129999999,-88.88633881,17099.0,158.27880996420322,9.30232558139535,156,168,16,0,152,166,109430,4,0,0,4,2
2020-06-10,US,Illinois,Lake,8886,362,0,42.3224907,-88.00367925,17097.0,1275.7435017622947,4.073823992797658,8524,8861,356,0,8505,8808,700832,25,6,0,19,53
2020-06-10,US,Illinois,Lawrence,4,0,0,38.71987914,-87.72884035,17101.0,25.513458349279247,0.0,4,4,0,0,4,4,15765,0,0,0,0,0
2020-06-10,US,Illinois,Lee,89,1,0,41.74583951,-89.29977132,17103.0,261.0276865321445,1.1235955056179776,88,89,1,0,88,89,34223,0,0,0,0,0
2020-06-10,US,Illinois,Livingston,36,2,0,40.89188292,-88.55784752,17105.0,100.98743267504489,5.5555555555555545,34,36,2,0,34,36,35761,0,0,0,0,0
2020-06-10,US,Illinois,Logan,10,0,0,40.12581572,-89.36638784,17107.0,34.94304284017052,0.0,10,10,0,0,10,10,28925,0,0,0,0,0
2020-06-10,US,Illinois,Macon,204,21,0,39.86064913,-88.96342505,17115.0,196.13687277062562,10.294117647058824,183,203,21,0,182,203,104712,1,0,0,1,0
2020-06-10,US,Illinois,Macoupin,46,2,0,39.26119767,-89.92424028,17117.0,102.39059787205628,4.3478260869565215,44,46,2,0,44,46,45313,0,0,0,0,0
2020-06-10,US,Illinois,Madison,660,65,0,38.83042506,-89.90422563,17119.0,250.98301681586213,9.848484848484848,595,647,65,0,582,642,264461,13,0,0,13,5
2020-06-10,US,Illinois,Marion,55,0,0,38.64963204,-88.91899208,17121.0,147.82959279666713,0.0,55,55,0,0,55,55,37620,0,0,0,0,0
2020-06-10,US,Illinois,Marshall,5,0,0,41.0327901,-89.34510444,17123.0,43.7139360027977,0.0,5,5,0,0,5,5,11534,0,0,0,0,0
2020-06-10,US,Illinois,Mason,18,0,0,40.23917274,-89.91824452,17125.0,134.74062429822592,0.0,18,18,0,0,18,18,13565,0,0,0,0,0
2020-06-10,US,Illinois,Massac,7,0,0,37.22078441,-88.71036614,17127.0,50.827766482718566,0.0,7,7,0,0,7,7,14080,0,0,0,0,0
2020-06-10,US,Illinois,McDonough,93,15,0,40.45674722,-90.67775541,17109.0,313.32120477056804,16.129032258064516,78,92,15,0,77,92,29955,1,0,0,1,0
2020-06-10,US,Illinois,McHenry,1776,84,0,42.32451172,-88.45248227,17111.0,577.0467940761727,4.729729729729731,1692,1752,84,0,1668,1733,308570,24,0,0,24,19
2020-06-10,US,Illinois,McLean,231,13,0,40.48996987,-88.84621113,17113.0,134.6805272946705,5.627705627705628,218,230,13,0,217,228,172828,1,0,0,1,2
2020-06-10,US,Illinois,Menard,22,0,0,40.02742725,-89.80246001,17129.0,180.38701213512627,0.0,22,22,0,0,22,22,12288,0,0,0,0,0
2020-06-10,US,Illinois,Mercer,18,0,0,41.20596782,-90.74290052,17131.0,116.60296689771327,0.0,18,18,0,0,18,18,15601,0,0,0,0,0
2020-06-10,US,Illinois,Monroe,105,12,0,38.27594376,-90.17761038,17133.0,303.1440367237348,11.428571428571427,93,105,12,0,93,104,34335,0,0,0,0,1
2020-06-10,US,Illinois,Montgomery,41,1,0,39.23198845,-89.47809254,17135.0,144.29506581262757,2.4390243902439024,40,41,1,0,40,41,28601,0,0,0,0,0
2020-06-10,US,Illinois,Morgan,56,1,0,39.71654544,-90.20255104,17137.0,166.3794640204409,1.7857142857142858,55,55,1,0,54,47,33976,1,0,0,1,8
2020-06-10,US,Illinois,Moultrie,14,0,0,39.64187451,-88.62099969,17139.0,96.54506585752706,0.0,14,13,0,0,13,13,14717,1,0,0,1,0
2020-06-10,US,Illinois,Ogle,224,4,0,42.04165196,-89.32184679,17141.0,442.31186936002996,1.7857142857142858,220,224,4,0,220,223,50923,0,0,0,0,1
2020-06-10,US,Illinois,Out of IL,115,1,0,0.0,0.0,80017.0,0.0,0.8695652173913043,114,118,1,0,117,114,,-3,0,0,-3,4
2020-06-10,US,Illinois,Peoria,342,16,0,40.78702156,-89.76078901,17143.0,190.87058193203444,4.678362573099415,326,328,13,0,315,324,180621,14,3,0,11,4
2020-06-10,US,Illinois,Perry,43,0,0,38.08510853,-89.36856219,17145.0,205.58424172882005,0.0,43,42,0,0,42,42,21174,1,0,0,1,0
2020-06-10,US,Illinois,Piatt,11,0,0,40.01360584,-88.59319339,17147.0,67.30298580518844,0.0,11,11,0,0,11,12,16396,0,0,0,0,-1
2020-06-10,US,Illinois,Pike,1,0,0,39.62265059,-90.8877017,17149.0,6.426322215795901,0.0,1,1,0,0,1,1,15611,0,0,0,0,0
2020-06-10,US,Illinois,Pope,1,0,0,37.41391284,-88.56152109,17151.0,23.94062724443381,0.0,1,1,0,0,1,1,4212,0,0,0,0,0
2020-06-10,US,Illinois,Pulaski,59,0,0,37.22631423,-89.13085001,17153.0,1105.904404873477,0.0,59,60,0,0,60,61,5463,-1,0,0,-1,-1
2020-06-10,US,Illinois,Putnam,1,0,0,41.2013541,-89.2869272,17155.0,17.424638438752392,0.0,1,1,0,0,1,1,5740,0,0,0,0,0
2020-06-10,US,Illinois,Randolph,276,6,0,38.05095369,-89.82512254,17157.0,868.4160845761752,2.1739130434782608,270,276,5,0,271,276,32106,0,1,0,-1,0
2020-06-10,US,Illinois,Richland,4,0,0,38.71240969,-88.08475366,17159.0,25.78482563011668,0.0,4,4,0,0,4,4,15763,0,0,0,0,0
2020-06-10,US,Illinois,Rock Island,719,26,0,41.46613806,-90.57042164,17161.0,506.769853184756,3.6161335187760777,693,717,26,0,691,717,143477,2,0,0,2,0
2020-06-10,US,Illinois,Saline,7,0,0,37.75332999,-88.54119706,17165.0,29.798646290068536,0.0,7,7,0,0,7,7,23906,0,0,0,0,0
2020-06-10,US,Illinois,Sangamon,367,31,0,39.75836914,-89.65872023,17167.0,188.5222322676091,8.446866485013624,336,366,31,0,335,364,195348,1,0,0,1,2
2020-06-10,US,Illinois,Schuyler,13,0,0,40.1571798,-90.61114163,17169.0,192.08037825059105,0.0,13,13,0,0,13,13,6907,0,0,0,0,0
2020-06-10,US,Illinois,Shelby,16,1,0,39.39133527,-88.80611122,17173.0,73.95765924008505,6.25,15,16,1,0,15,16,21741,0,0,0,0,0
2020-06-10,US,Illinois,St. Clair,1354,105,0,38.46996033,-89.93063427,17163.0,521.398920234437,7.75480059084195,1249,1340,98,0,1242,1319,261059,14,7,0,7,21
2020-06-10,US,Illinois,Stark,3,0,0,41.09309773,-89.79745866,17175.0,56.15874204417821,0.0,3,3,0,0,3,3,5427,0,0,0,0,0
2020-06-10,US,Illinois,Stephenson,222,5,0,42.35129217,-89.662598,17177.0,498.89882691356917,2.2522522522522523,217,220,5,0,215,219,44753,2,0,0,2,1
2020-06-10,US,Illinois,Tazewell,82,6,0,40.50716185,-89.51404662,17179.0,62.2140618954045,7.317073170731707,76,82,6,0,76,81,132328,0,0,0,0,1
2020-06-10,US,Illinois,Unassigned,53,0,0,0.0,0.0,90017.0,0.0,0.0,53,76,0,0,76,67,,-23,0,0,-23,9
2020-06-10,US,Illinois,Union,172,15,0,37.47119609,-89.25548938,17181.0,1032.8469344862788,8.720930232558139,157,170,14,0,156,170,16841,2,1,0,1,0
2020-06-10,US,Illinois,Vermilion,44,1,0,40.18417171,-87.73384359,17183.0,58.07967475382138,2.272727272727273,43,43,1,0,42,42,76806,1,0,0,1,1
2020-06-10,US,Illinois,Wabash,12,0,0,38.44272901,-87.84922065,17185.0,104.16666666666669,0.0,12,12,0,0,12,12,11549,0,0,0,0,0
2020-06-10,US,Illinois,Warren,127,0,0,40.84925021,-90.6147432,17187.0,753.9776775112799,0.0,127,127,0,0,127,127,17032,0,0,0,0,0
2020-06-10,US,Illinois,Washington,19,0,0,38.35309213,-89.40982703,17189.0,136.81860733059696,0.0,19,19,0,0,19,20,13995,0,0,0,0,-1
2020-06-10,US,Illinois,Wayne,9,1,0,38.42955355,-88.42586459,17191.0,55.50416281221092,11.111111111111109,8,9,1,0,8,9,16332,0,0,0,0,0
2020-06-10,US,Illinois,White,2,0,0,38.08706198,-88.17657461,17193.0,14.774322227967794,0.0,2,2,0,0,2,2,13665,0,0,0,0,0
2020-06-10,US,Illinois,Whiteside,157,13,0,41.75509713,-89.91556058,17195.0,284.54916175804266,8.280254777070066,144,156,13,0,143,156,55626,1,0,0,1,0
2020-06-10,US,Illinois,Will,6011,295,0,41.44619267,-87.97862712,17197.0,870.2223547687056,4.9076692729995015,5716,5961,295,0,5666,5917,692310,50,0,0,50,44
2020-06-10,US,Illinois,Williamson,81,3,0,37.73033511,-88.92994027,17199.0,121.62710031983423,3.703703703703704,78,81,3,0,78,77,67056,0,0,0,0,4
2020-06-10,US,Illinois,Winnebago,2627,74,0,42.33641854,-89.16085327,17201.0,929.6745608198974,2.8169014084507036,2553,2602,72,0,2530,2576,284081,25,2,0,23,26
2020-06-10,US,Illinois,Woodford,22,2,0,40.78579374,-89.20973757,17203.0,57.20377544917965,9.090909090909092,20,22,2,0,20,22,38463,0,0,0,0,0
2020-06-10,US,Indiana,Adams,24,1,0,40.7457653,-84.93671406,18001.0,67.08220365038991,4.166666666666667,23,23,1,0,22,22,35636,1,0,0,1,1
2020-06-10,US,Indiana,Allen,2014,77,0,41.09194313,-85.06800636,18003.0,530.9795174782955,3.8232373386295935,1937,1956,77,0,1879,1896,375351,58,0,0,58,60
2020-06-10,US,Indiana,Bartholomew,540,40,0,39.20744865,-85.89558181,18005.0,644.5529309254108,7.407407407407407,500,539,40,0,499,536,82753,1,0,0,1,3
2020-06-10,US,Indiana,Benton,33,0,0,40.60626947,-87.31093999,18007.0,377.2290809327847,0.0,33,33,0,0,33,33,8653,0,0,0,0,0
2020-06-10,US,Indiana,Blackford,29,2,0,40.47388153,-85.32499702,18009.0,246.6405851335261,6.896551724137932,27,29,2,0,27,29,11930,0,0,0,0,0
2020-06-10,US,Indiana,Boone,339,36,0,40.0509304,-86.46841646,18011.0,499.6830918444055,10.619469026548671,303,337,36,0,301,332,66999,2,0,0,2,5
2020-06-10,US,Indiana,Brown,35,1,0,39.19605589,-86.22868909,18013.0,231.9109461966605,2.8571428571428568,34,35,1,0,34,34,15234,0,0,0,0,1
2020-06-10,US,Indiana,Carroll,96,2,0,40.580783200000006,-86.56198812,18015.0,473.91025324579164,2.083333333333333,94,95,2,0,93,96,20127,1,0,0,1,-1
2020-06-10,US,Indiana,Cass,1592,9,0,40.76135835,-86.34830753,18017.0,4224.044150813234,0.5653266331658291,1583,1593,9,0,1584,1593,37955,-1,0,0,-1,0
2020-06-10,US,Indiana,Clark,549,42,0,38.48015445,-85.70510334,18019.0,464.0665415631181,7.6502732240437155,507,547,42,0,505,549,117360,2,0,0,2,-2
2020-06-10,US,Indiana,Clay,56,3,0,39.39561833,-87.11723506,18021.0,213.53670162059106,5.357142857142857,53,55,3,0,52,53,26170,1,0,0,1,2
2020-06-10,US,Indiana,Clinton,249,1,0,40.30319754,-86.47277257,18023.0,768.5422389579926,0.4016064257028112,248,250,1,0,249,252,32250,-1,0,0,-1,-2
2020-06-10,US,Indiana,Crawford,27,0,0,38.28814402,-86.44518825,18025.0,255.27087075730358,0.0,27,27,0,0,27,27,10558,0,0,0,0,0
2020-06-10,US,Indiana,Daviess,113,16,0,38.70186039,-87.07185406,18027.0,338.82042517465743,14.15929203539823,97,111,16,0,95,110,33147,2,0,0,2,1
2020-06-10,US,Indiana,DeKalb,84,1,0,41.39804622,-84.99906934,18033.0,193.21449108683152,1.1904761904761905,83,79,1,0,78,69,43226,5,0,0,5,10
2020-06-10,US,Indiana,Dearborn,175,22,0,39.14647946,-84.97333539,18029.0,353.8355776618545,12.571428571428573,153,175,22,0,153,175,49568,0,0,0,0,0
2020-06-10,US,Indiana,Decatur,235,32,0,39.30712658,-85.50087166,18031.0,884.8224707255545,13.617021276595745,203,235,32,0,203,234,26794,0,0,0,0,1
2020-06-10,US,Indiana,Delaware,399,43,0,40.22787247,-85.39732772,18035.0,349.5860165593376,10.776942355889725,356,401,42,0,359,400,114772,-2,1,0,-3,1
2020-06-10,US,Indiana,Dubois,231,4,0,38.36597551,-86.87924170000002,18037.0,540.5278921752152,1.7316017316017316,227,231,4,0,227,230,42565,0,0,0,0,1
2020-06-10,US,Indiana,Elkhart,1832,29,0,41.59761169,-85.85875695,18039.0,887.8506937545131,1.5829694323144106,1803,1800,29,0,1771,1741,205560,32,0,0,32,59
2020-06-10,US,Indiana,Fayette,80,7,0,39.63684962,-85.17797541,18041.0,346.2903644706086,8.75,73,80,7,0,73,80,23047,0,0,0,0,0
2020-06-10,US,Indiana,Floyd,329,42,0,38.32117957,-85.90385377,18043.0,418.990856065816,12.76595744680851,287,327,42,0,285,328,77781,2,0,0,2,-1
2020-06-10,US,Indiana,Fountain,24,2,0,40.12361933,-87.24217689,18045.0,146.82491129328275,8.333333333333334,22,23,2,0,21,23,16351,1,0,0,1,0
2020-06-10,US,Indiana,Franklin,119,8,0,39.4142482,-85.06062647,18047.0,522.8930485982951,6.722689075630252,111,118,8,0,110,117,22736,1,0,0,1,1
2020-06-10,US,Indiana,Fulton,51,1,0,41.0469907,-86.26252745,18049.0,255.33193151096427,1.96078431372549,50,51,1,0,50,51,20092,0,0,0,0,0
2020-06-10,US,Indiana,Gibson,21,2,0,38.30393723,-87.58054938,18051.0,62.39044534894085,9.523809523809524,19,21,2,0,19,20,33452,0,0,0,0,1
2020-06-10,US,Indiana,Grant,245,23,0,40.51587228,-85.65468702,18053.0,372.51592695646883,9.387755102040817,222,244,23,0,221,240,65936,1,0,0,1,4
2020-06-10,US,Indiana,Greene,177,28,0,39.03630547,-86.96223202,18055.0,554.4765365578596,15.819209039548022,149,175,28,0,147,175,32006,2,0,0,2,0
2020-06-10,US,Indiana,Hamilton,1242,95,0,40.07306535,-86.05244729,18057.0,367.44366307605367,7.648953301127214,1147,1221,94,0,1127,1209,330086,21,1,0,20,12
2020-06-10,US,Indiana,Hancock,367,28,0,39.82304555,-85.77566351,18059.0,469.5015863268857,7.629427792915531,339,367,28,0,339,366,76351,0,0,0,0,1
2020-06-10,US,Indiana,Harrison,198,22,0,38.19467379,-86.10948271,18061.0,488.70788596815987,11.111111111111109,176,198,22,0,176,197,40350,0,0,0,0,1
2020-06-10,US,Indiana,Hendricks,1234,83,0,39.76719009,-86.51037283,18063.0,724.5568401336377,6.726094003241491,1151,1223,82,0,1141,1219,167009,11,1,0,10,4
2020-06-10,US,Indiana,Henry,192,13,0,39.93029017,-85.39625719,18065.0,400.23346952388886,6.770833333333332,179,190,12,0,178,189,48271,2,1,0,1,1
2020-06-10,US,Indiana,Howard,451,42,0,40.48527731,-86.11351892,18067.0,546.3752665245204,9.312638580931264,409,449,41,0,408,446,82366,2,1,0,1,3
2020-06-10,US,Indiana,Huntington,49,2,0,40.82907273,-85.48822092,18069.0,134.17305585980284,4.081632653061225,47,46,2,0,44,44,36240,3,0,0,3,2
2020-06-10,US,Indiana,Jackson,407,2,0,38.90915820000001,-86.03851889,18071.0,920.169112161154,0.4914004914004914,405,406,2,0,404,404,44111,1,0,0,1,2
2020-06-10,US,Indiana,Jasper,82,1,0,41.02078733,-87.11553319,18073.0,244.3239377867826,1.2195121951219512,81,80,1,0,79,76,33370,2,0,0,2,4
2020-06-10,US,Indiana,Jay,59,0,0,40.43781032,-85.00576229,18075.0,288.7062047367391,0.0,59,59,0,0,59,59,20764,0,0,0,0,0
2020-06-10,US,Indiana,Jefferson,51,1,0,38.78576239,-85.43633383,18077.0,157.8556394701003,1.96078431372549,50,52,1,0,51,51,32208,-1,0,0,-1,1
2020-06-10,US,Indiana,Jennings,135,4,0,38.99588883,-85.62710784,18079.0,486.749594375338,2.962962962962963,131,133,4,0,129,133,27611,2,0,0,2,0
2020-06-10,US,Indiana,Johnson,1155,114,0,39.48994426,-86.10149107,18081.0,730.2408214102817,9.870129870129869,1041,1143,114,0,1029,1139,156225,12,0,0,12,4
2020-06-10,US,Indiana,Knox,33,0,0,38.68861576,-87.4194665,18083.0,90.17871782259388,0.0,33,33,0,0,33,33,36895,0,0,0,0,0
2020-06-10,US,Indiana,Kosciusko,252,2,0,41.24521668,-85.86312322,18085.0,317.15666532420465,0.7936507936507936,250,242,2,0,240,232,79344,10,0,0,10,10
2020-06-10,US,Indiana,LaGrange,188,2,0,41.64232188,-85.42674232,18087.0,474.5796940475589,1.0638297872340423,186,181,2,0,179,171,39330,7,0,0,7,10
2020-06-10,US,Indiana,LaPorte,463,24,0,41.54366008,-86.74072188,18091.0,421.3380896913221,5.183585313174946,439,462,24,0,438,460,110007,1,0,0,1,2
2020-06-10,US,Indiana,Lake,4033,219,0,41.41874274,-87.38277575,18089.0,830.7019874642889,5.430200843044879,3814,4005,217,0,3788,3959,484411,28,2,0,26,46
2020-06-10,US,Indiana,Lawrence,172,24,0,38.84112637,-86.48361629,18093.0,379.1051355521269,13.953488372093025,148,172,24,0,148,172,45668,0,0,0,0,0
2020-06-10,US,Indiana,Madison,606,61,0,40.16143691,-85.71964711,18095.0,467.7044663461168,10.066006600660064,545,605,61,0,544,605,129641,1,0,0,1,0
2020-06-10,US,Indiana,Marion,10464,634,0,39.78163624,-86.13826325,18097.0,1084.8222338795458,6.058868501529052,9830,10444,630,0,9814,10358,954670,20,4,0,16,86
2020-06-10,US,Indiana,Marshall,247,2,0,41.32467367,-86.26185087,18099.0,533.9616931125428,0.8097165991902834,245,230,2,0,228,227,46248,17,0,0,17,3
2020-06-10,US,Indiana,Martin,15,0,0,38.7099921,-86.80373186,18101.0,146.27011214041931,0.0,15,15,0,0,15,15,10217,0,0,0,0,0
2020-06-10,US,Indiana,Miami,152,1,0,40.76940965,-86.04525048,18103.0,427.97612343732396,0.6578947368421053,151,152,1,0,151,151,35567,0,0,0,0,1
2020-06-10,US,Indiana,Monroe,181,17,0,39.16130004,-86.52414358,18105.0,121.942181889228,9.392265193370166,164,179,17,0,162,176,146917,2,0,0,2,3
2020-06-10,US,Indiana,Montgomery,259,19,0,40.04034823,-86.89335024,18107.0,675.5699306171423,7.335907335907336,240,259,19,0,240,254,38346,0,0,0,0,5
2020-06-10,US,Indiana,Morgan,294,28,0,39.47899078,-86.44573375,18109.0,417.08635389918993,9.523809523809524,266,294,28,0,266,291,70116,0,0,0,0,3
2020-06-10,US,Indiana,Newton,82,10,0,40.95610449,-87.39635768,18111.0,586.3844393592677,12.19512195121951,72,81,10,0,71,81,14011,1,0,0,1,0
2020-06-10,US,Indiana,Noble,310,25,0,41.39672484,-85.41966713,18113.0,649.2962466487936,8.064516129032258,285,305,23,0,282,299,47532,5,2,0,3,6
2020-06-10,US,Indiana,Ohio,13,0,0,38.955305,-84.96515993,18115.0,221.27659574468086,0.0,13,13,0,0,13,13,5844,0,0,0,0,0
2020-06-10,US,Indiana,Orange,132,23,0,38.54118920000001,-86.49523093,18117.0,671.8924972004478,17.424242424242426,109,132,23,0,109,132,19489,0,0,0,0,0
2020-06-10,US,Indiana,Owen,37,1,0,39.31145587,-86.83900724,18119.0,177.89316794076638,2.702702702702702,36,36,1,0,35,36,20845,1,0,0,1,0
2020-06-10,US,Indiana,Parke,19,0,0,39.77202286,-87.20375833,18121.0,112.18043337072682,0.0,19,19,0,0,19,19,16927,0,0,0,0,0
2020-06-10,US,Indiana,Perry,48,1,0,38.07809328,-86.63741946,18123.0,250.4042986071261,2.083333333333333,47,47,1,0,46,44,19102,1,0,0,1,3
2020-06-10,US,Indiana,Pike,6,0,0,38.40112197,-87.23574907,18125.0,48.43005892323836,0.0,6,6,0,0,6,6,12410,0,0,0,0,0
2020-06-10,US,Indiana,Porter,576,33,0,41.45986947,-87.06848888,18127.0,338.0499914900609,5.729166666666668,543,575,33,0,542,574,169594,1,0,0,1,1
2020-06-10,US,Indiana,Posey,17,0,0,38.02097333,-87.86480429,18129.0,66.85806426239824,0.0,17,17,0,0,17,16,25540,0,0,0,0,1
2020-06-10,US,Indiana,Pulaski,52,1,0,41.04166107,-86.69890683,18131.0,420.95037642677886,1.9230769230769231,51,52,1,0,51,51,12469,0,0,0,0,1
2020-06-10,US,Indiana,Putnam,148,8,0,39.66437981,-86.84517605,18133.0,393.8684266553119,5.405405405405406,140,147,7,0,140,144,37779,1,1,0,0,3
2020-06-10,US,Indiana,Randolph,57,3,0,40.15734772,-85.01139319,18135.0,231.096695722684,5.2631578947368425,54,57,3,0,54,55,24851,0,0,0,0,2
2020-06-10,US,Indiana,Ripley,109,6,0,39.10235626,-85.26212744,18137.0,384.832650755543,5.504587155963303,103,110,6,0,104,109,28523,-1,0,0,-1,1
2020-06-10,US,Indiana,Rush,50,3,0,39.62002287,-85.4655599,18139.0,301.54996682950366,6.0,47,50,3,0,47,49,16663,0,0,0,0,1
2020-06-10,US,Indiana,Scott,132,3,0,38.68672078,-85.74627859,18143.0,552.9258995517949,2.272727272727273,129,131,3,0,128,129,23878,1,0,0,1,2
2020-06-10,US,Indiana,Shelby,403,22,0,39.52305623,-85.79158570000001,18145.0,900.981466162892,5.459057071960298,381,402,22,0,380,401,44593,1,0,0,1,1
2020-06-10,US,Indiana,Spencer,22,1,0,38.01519732,-87.0079644,18147.0,108.4973122256744,4.545454545454546,21,22,1,0,21,22,20327,0,0,0,0,0
2020-06-10,US,Indiana,St. Joseph,1453,44,0,41.61756781,-86.29040834,18141.0,534.5331204520539,3.0282174810736406,1409,1437,43,0,1394,1418,270771,16,1,0,15,19
2020-06-10,US,Indiana,Starke,47,3,0,41.27890281,-86.64686895,18149.0,204.3922591867797,6.382978723404255,44,46,3,0,43,46,22935,1,0,0,1,0
2020-06-10,US,Indiana,Steuben,98,2,0,41.64423868,-85.00101094,18151.0,283.28611898017004,2.0408163265306123,96,95,2,0,93,95,34586,3,0,0,3,0
2020-06-10,US,Indiana,Sullivan,39,1,0,39.08952258,-87.41414469,18153.0,188.68837389327012,2.5641025641025643,38,39,1,0,38,39,20690,0,0,0,0,0
2020-06-10,US,Indiana,Switzerland,21,0,0,38.82767338,-85.03022429,18155.0,195.33066691470557,0.0,21,21,0,0,21,21,10717,0,0,0,0,0
2020-06-10,US,Indiana,Tippecanoe,466,5,0,40.38872739,-86.89413959,18157.0,238.08064087630024,1.072961373390558,461,460,5,0,455,456,193048,6,0,0,6,4
2020-06-10,US,Indiana,Tipton,27,1,0,40.31123252,-86.05234925,18159.0,178.24135199366253,3.703703703703704,26,27,1,0,26,26,15128,0,0,0,0,1
2020-06-10,US,Indiana,Unassigned,0,182,0,0.0,0.0,90018.0,0.0,0.0,-182,0,181,0,-181,0,,0,1,0,-1,0
2020-06-10,US,Indiana,Union,12,0,0,39.62550777,-84.92497066,18161.0,170.1162461015027,0.0,12,12,0,0,12,12,7037,0,0,0,0,0
2020-06-10,US,Indiana,Vanderburgh,313,4,0,38.02658833,-87.58763124,18163.0,172.49836043890636,1.2779552715654952,309,308,4,0,304,303,180974,5,0,0,5,5
2020-06-10,US,Indiana,Vermillion,10,0,0,39.8523352,-87.46160542,18165.0,64.5244547683572,0.0,10,10,0,0,10,10,15479,0,0,0,0,0
2020-06-10,US,Indiana,Vigo,197,8,0,39.42944561,-87.39169027,18167.0,184.0467871223304,4.060913705583757,189,197,8,0,189,196,107386,0,0,0,0,1
2020-06-10,US,Indiana,Wabash,87,2,0,40.84704239,-85.79328272,18169.0,280.68137824235384,2.2988505747126435,85,86,2,0,84,84,31280,1,0,0,1,2
2020-06-10,US,Indiana,Warren,13,1,0,40.34728141,-87.35602659,18171.0,157.28977616454932,7.6923076923076925,12,13,1,0,12,13,8263,0,0,0,0,0
2020-06-10,US,Indiana,Warrick,170,29,0,38.08922676,-87.2716085,18173.0,269.84983650274614,17.058823529411768,141,168,29,0,139,167,62567,2,0,0,2,1
2020-06-10,US,Indiana,Washington,56,1,0,38.60219804,-86.1049363,18175.0,199.74318733057495,1.7857142857142858,55,52,1,0,51,52,27943,4,0,0,4,0
2020-06-10,US,Indiana,Wayne,91,6,0,39.8633444,-85.01044989,18177.0,138.12154696132598,6.593406593406592,85,90,6,0,84,90,65936,1,0,0,1,0
2020-06-10,US,Indiana,Wells,45,0,0,40.72934187,-85.22132966,18179.0,159.03307888040712,0.0,45,43,0,0,43,40,28206,2,0,0,2,3
2020-06-10,US,Indiana,White,242,9,0,40.74911165,-86.86492015,18181.0,1004.066052609742,3.71900826446281,233,242,9,0,233,243,24133,0,0,0,0,-1
2020-06-10,US,Indiana,Whitley,58,3,0,41.13863784,-85.50791236,18183.0,170.76904958191025,5.172413793103448,55,55,3,0,52,51,34074,3,0,0,3,4
2020-06-10,US,Iowa,Adair,10,0,0,41.33075609,-94.47105874,19001.0,139.82102908277406,0.0,10,9,0,0,9,9,7063,1,0,0,1,0
2020-06-10,US,Iowa,Adams,7,0,0,41.02903567,-94.69932645,19003.0,194.3364797334814,0.0,7,7,0,0,7,7,3645,0,0,0,0,0
2020-06-10,US,Iowa,Allamakee,121,4,0,43.28383218,-91.37860922,19005.0,884.050558924527,3.3057851239669422,117,120,4,0,116,120,13832,1,0,0,1,0
2020-06-10,US,Iowa,Appanoose,16,3,0,40.74324454,-92.86865906,19007.0,128.76227265411234,18.75,13,16,3,0,13,16,12437,0,0,0,0,0
2020-06-10,US,Iowa,Audubon,13,1,0,41.6844628,-94.90581859,19009.0,236.53566229985444,7.6923076923076925,12,13,1,0,12,13,5506,0,0,0,0,0
2020-06-10,US,Iowa,Benton,46,1,0,42.08011739,-92.06463573,19011.0,179.37219730941703,2.1739130434782608,45,46,1,0,45,45,25642,0,0,0,0,1
2020-06-10,US,Iowa,Black Hawk,1813,53,0,42.4704581,-92.30524729,19013.0,1381.5649099277593,2.9233314947600664,1760,1802,52,0,1750,1801,132408,11,1,0,10,1
2020-06-10,US,Iowa,Boone,79,0,0,42.03657094,-93.9313999,19015.0,301.1359304719067,0.0,79,78,0,0,78,78,26346,1,0,0,1,0
2020-06-10,US,Iowa,Bremer,74,6,0,42.77461496,-92.31795937,19017.0,295.26773601468363,8.108108108108109,68,74,6,0,68,74,24947,0,0,0,0,0
2020-06-10,US,Iowa,Buchanan,34,1,0,42.4709188,-91.83510825,19019.0,160.56670602125146,2.9411764705882355,33,34,1,0,33,34,21199,0,0,0,0,0
2020-06-10,US,Iowa,Buena Vista,1343,4,0,42.73545875,-95.15100162,19021.0,6845.056065239552,0.29784065524944153,1339,1257,4,0,1253,1212,19874,86,0,0,86,45
2020-06-10,US,Iowa,Butler,18,2,0,42.73172833,-92.79015971,19023.0,124.66237274049448,11.111111111111109,16,16,2,0,14,16,14539,2,0,0,2,0
2020-06-10,US,Iowa,Calhoun,16,0,0,42.38521079,-94.64046046,19025.0,165.49441456350849,0.0,16,14,0,0,14,13,9699,2,0,0,2,1
2020-06-10,US,Iowa,Carroll,17,1,0,42.03617207,-94.86032705,19027.0,84.30448797421275,5.882352941176472,16,17,1,0,16,17,20154,0,0,0,0,0
2020-06-10,US,Iowa,Cass,13,0,0,41.33149454,-94.92792482,19029.0,101.27765659083826,0.0,13,13,0,0,13,13,12930,0,0,0,0,0
2020-06-10,US,Iowa,Cedar,52,1,0,41.77233777,-91.13246684,19031.0,279.1646534600312,1.9230769230769231,51,52,1,0,51,53,18627,0,0,0,0,-1
2020-06-10,US,Iowa,Cerro Gordo,36,1,0,43.08177563,-93.2612239,19033.0,84.80565371024737,2.7777777777777777,35,32,1,0,31,32,42647,4,0,0,4,0
2020-06-10,US,Iowa,Cherokee,51,0,0,42.73538914,-95.62389402,19035.0,453.93858477970633,0.0,51,48,0,0,48,45,11321,3,0,0,3,3
2020-06-10,US,Iowa,Chickasaw,15,0,0,43.06001295,-92.31773347,19037.0,125.70183524679459,0.0,15,15,0,0,15,15,11964,0,0,0,0,0
2020-06-10,US,Iowa,Clarke,83,1,0,41.02868181,-93.78499767,19039.0,883.448642895157,1.2048192771084338,82,78,1,0,77,75,9423,5,0,0,5,3
2020-06-10,US,Iowa,Clay,38,0,0,43.08247182,-95.15096481,19041.0,237.26273726273726,0.0,38,36,0,0,36,34,16134,2,0,0,2,2
2020-06-10,US,Iowa,Clayton,34,3,0,42.84443388,-91.34133693,19043.0,193.74323323266282,8.823529411764708,31,34,3,0,31,34,17556,0,0,0,0,0
2020-06-10,US,Iowa,Clinton,67,1,0,41.89981633,-90.53275096,19045.0,144.30636024898232,1.492537313432836,66,67,1,0,66,67,46518,0,0,0,0,0
2020-06-10,US,Iowa,Crawford,587,2,0,42.03718237,-95.3819718,19047.0,3489.8929845422117,0.34071550255536626,585,582,2,0,580,575,17158,5,0,0,5,7
2020-06-10,US,Iowa,Dallas,973,26,0,41.68560356,-94.04127625,19049.0,1041.1650776326069,2.672147995889003,947,969,26,0,943,961,90180,4,0,0,4,8
2020-06-10,US,Iowa,Davis,30,1,0,40.74773536,-92.41005468,19051.0,333.3333333333333,3.333333333333333,29,29,1,0,28,29,9017,1,0,0,1,0
2020-06-10,US,Iowa,Decatur,3,0,0,40.73742757,-93.78645949,19053.0,38.11944091486657,0.0,3,3,0,0,3,3,7890,0,0,0,0,0
2020-06-10,US,Iowa,Delaware,25,1,0,42.47104597,-91.3664492,19055.0,146.96372935159604,4.0,24,20,1,0,19,20,17069,5,0,0,5,0
2020-06-10,US,Iowa,Des Moines,68,2,0,40.92012606,-91.18326592,19057.0,174.50663381835912,2.9411764705882355,66,68,2,0,66,68,39138,0,0,0,0,0
2020-06-10,US,Iowa,Dickinson,84,0,0,43.37787725,-95.1510206,19059.0,486.7307915169777,0.0,84,63,0,0,63,60,17153,21,0,0,21,3
2020-06-10,US,Iowa,Dubuque,371,21,0,42.46815349,-90.88181925,19061.0,381.2518625849082,5.660377358490566,350,373,21,0,352,367,96854,-2,0,0,-2,6
2020-06-10,US,Iowa,Emmet,34,0,0,43.37782951,-94.67858943,19063.0,369.244135534318,0.0,34,34,0,0,34,32,9253,0,0,0,0,2
2020-06-10,US,Iowa,Fayette,28,0,0,42.86271799,-91.8441231,19065.0,142.4936386768448,0.0,28,28,0,0,28,28,19660,0,0,0,0,0
2020-06-10,US,Iowa,Floyd,19,1,0,43.06000529999999,-92.78940097,19067.0,121.4678429868303,5.2631578947368425,18,19,1,0,18,19,15761,0,0,0,0,0
2020-06-10,US,Iowa,Franklin,38,0,0,42.73270384,-93.26256925,19069.0,377.35849056603774,0.0,38,35,0,0,35,32,10124,3,0,0,3,3
2020-06-10,US,Iowa,Fremont,4,0,0,40.74542720000001,-95.60129045,19071.0,57.4712643678161,0.0,4,4,0,0,4,4,6993,0,0,0,0,0
2020-06-10,US,Iowa,Greene,15,0,0,42.03614551,-94.39658081,19073.0,168.76687668766874,0.0,15,14,0,0,14,14,8981,1,0,0,1,0
2020-06-10,US,Iowa,Grundy,23,0,0,42.40183723,-92.78829551,19075.0,188.03139306736432,0.0,23,20,0,0,20,20,12304,3,0,0,3,0
2020-06-10,US,Iowa,Guthrie,55,3,0,41.68378965,-94.50111014,19077.0,514.5476658246796,5.454545454545454,52,55,3,0,52,55,10720,0,0,0,0,0
2020-06-10,US,Iowa,Hamilton,104,0,0,42.38382428,-93.70197703,19079.0,703.9870033168619,0.0,104,96,0,0,96,82,14952,8,0,0,8,14
2020-06-10,US,Iowa,Hancock,24,0,0,43.08178477,-93.73454884,19081.0,225.7761053621825,0.0,24,22,0,0,22,22,10712,2,0,0,2,0
2020-06-10,US,Iowa,Hardin,36,0,0,42.38353877,-93.23654611,19083.0,213.70058174047253,0.0,36,32,0,0,32,33,16868,4,0,0,4,-1
2020-06-10,US,Iowa,Harrison,28,0,0,41.68330137,-95.81558439,19085.0,199.30244145490784,0.0,28,27,0,0,27,27,14134,1,0,0,1,0
2020-06-10,US,Iowa,Henry,74,2,0,40.98767962,-91.54436349,19087.0,370.85296181216796,2.702702702702702,72,73,2,0,71,73,20067,1,0,0,1,0
2020-06-10,US,Iowa,Howard,12,0,0,43.35671042,-92.31702714,19089.0,131.03297663245252,0.0,12,12,0,0,12,12,9187,0,0,0,0,0
2020-06-10,US,Iowa,Humboldt,26,1,0,42.7764426,-94.20722537,19091.0,272.0234358652437,3.8461538461538463,25,24,1,0,23,23,9547,2,0,0,2,1
2020-06-10,US,Iowa,Ida,15,0,0,42.38696136,-95.51355387,19093.0,218.65889212827992,0.0,15,15,0,0,15,15,6841,0,0,0,0,0
2020-06-10,US,Iowa,Iowa,35,0,0,41.68630265,-92.0643373,19095.0,216.26297577854672,0.0,35,33,0,0,33,33,16141,2,0,0,2,0
2020-06-10,US,Iowa,Jackson,14,0,0,42.17178824,-90.57354837,19097.0,72.02016564638099,0.0,14,14,0,0,14,14,19432,0,0,0,0,0
2020-06-10,US,Iowa,Jasper,276,17,0,41.68576082,-93.05567785,19099.0,742.2347720855182,6.159420289855072,259,274,17,0,257,273,37147,2,0,0,2,1
2020-06-10,US,Iowa,Jefferson,43,0,0,41.03192394,-91.94849466,19101.0,235.03689532659197,0.0,43,40,0,0,40,38,18381,3,0,0,3,2
2020-06-10,US,Iowa,Johnson,633,8,0,41.67169354,-91.58754744,19103.0,418.8169908693926,1.263823064770932,625,630,8,0,622,625,151260,3,0,0,3,5
2020-06-10,US,Iowa,Jones,38,0,0,42.12118609,-91.13139641,19105.0,183.74353271118414,0.0,38,38,0,0,38,37,20744,0,0,0,0,1
2020-06-10,US,Iowa,Keokuk,15,0,0,41.33649833,-92.1785067,19107.0,146.3985945734921,0.0,15,15,0,0,15,15,10225,0,0,0,0,0
2020-06-10,US,Iowa,Kossuth,16,0,0,43.20405458,-94.20691791,19109.0,108.01323162087357,0.0,16,16,0,0,16,16,14908,0,0,0,0,0
2020-06-10,US,Iowa,Lee,36,1,0,40.64181461,-91.48183025,19111.0,106.96140475978252,2.7777777777777777,35,34,0,0,34,31,34055,2,1,0,1,3
2020-06-10,US,Iowa,Linn,1005,80,0,42.07923082,-91.59809485,19113.0,443.3054264112992,7.960199004975125,925,1001,80,0,921,994,225909,4,0,0,4,7
2020-06-10,US,Iowa,Louisa,354,11,0,41.21842119,-91.26102611,19115.0,3207.974626189397,3.1073446327683616,343,351,11,0,340,350,11169,3,0,0,3,1
2020-06-10,US,Iowa,Lucas,22,2,0,41.02958964,-93.32780803,19117.0,255.81395348837208,9.090909090909092,20,22,2,0,20,22,8645,0,0,0,0,0
2020-06-10,US,Iowa,Lyon,26,0,0,43.38107862,-96.20926845,19119.0,221.18247554232238,0.0,26,26,0,0,26,26,11811,0,0,0,0,0
2020-06-10,US,Iowa,Madison,30,2,0,41.33081904,-94.01554631,19121.0,183.6210062431142,6.666666666666668,28,29,2,0,27,29,16249,1,0,0,1,0
2020-06-10,US,Iowa,Mahaska,104,14,0,41.33521503,-92.64083907,19123.0,470.69472731387185,13.461538461538463,90,103,14,0,89,102,22000,1,0,0,1,1
2020-06-10,US,Iowa,Marion,38,0,0,41.33445101,-93.09934783,19125.0,114.27540372297236,0.0,38,37,0,0,37,36,33407,1,0,0,1,1
2020-06-10,US,Iowa,Marshall,931,18,0,42.03586837,-92.9990819,19127.0,2364.804795651401,1.9334049409237382,913,931,18,0,913,928,39981,0,0,0,0,3
2020-06-10,US,Iowa,Mills,21,0,0,41.03299766,-95.61920963,19129.0,138.99000595671455,0.0,21,21,0,0,21,21,15063,0,0,0,0,0
2020-06-10,US,Iowa,Mitchell,6,0,0,43.35638371,-92.78887719,19131.0,56.678632155677306,0.0,6,5,0,0,5,4,10569,1,0,0,1,1
2020-06-10,US,Iowa,Monona,29,0,0,42.05220391,-95.95743843,19133.0,336.62217063261755,0.0,29,27,0,0,27,27,8679,2,0,0,2,0
2020-06-10,US,Iowa,Monroe,45,6,0,41.02988815,-92.8690667,19135.0,583.8847800700662,13.333333333333336,39,45,6,0,39,44,7790,0,0,0,0,1
2020-06-10,US,Iowa,Montgomery,9,2,0,41.03018714,-95.15642896,19137.0,90.7532519915297,22.222222222222218,7,9,2,0,7,9,10003,0,0,0,0,0
2020-06-10,US,Iowa,Muscatine,568,42,0,41.48370744,-91.1121697,19139.0,1331.3332083255204,7.394366197183099,526,568,42,0,526,566,42929,0,0,0,0,2
2020-06-10,US,Iowa,O'Brien,60,1,0,43.08310673,-95.62474482,19141.0,436.26845051988664,1.6666666666666667,59,55,1,0,54,54,13840,5,0,0,5,1
2020-06-10,US,Iowa,Osceola,41,0,0,43.37824276,-95.62422844,19143.0,688.1503860355824,0.0,41,41,0,0,41,41,6040,0,0,0,0,0
2020-06-10,US,Iowa,Page,16,0,0,40.7393172,-95.1497813,19145.0,105.9111670086715,0.0,16,16,0,0,16,16,15249,0,0,0,0,0
2020-06-10,US,Iowa,Palo Alto,9,0,0,43.08193849,-94.67824621,19147.0,101.28291694800812,0.0,9,9,0,0,9,8,8929,0,0,0,0,1
2020-06-10,US,Iowa,Plymouth,173,4,0,42.737633,-96.21366621,19149.0,687.135083608055,2.3121387283237,169,172,4,0,168,169,25095,1,0,0,1,3
2020-06-10,US,Iowa,Pocahontas,29,0,0,42.73420133,-94.67862564,19151.0,438.13264843631964,0.0,29,21,0,0,21,21,6740,8,0,0,8,0
2020-06-10,US,Iowa,Polk,4906,150,0,41.68679484,-93.57767461,19153.0,1000.89562409086,3.0574806359559723,4756,4863,149,0,4714,4820,487204,43,1,0,42,43
2020-06-10,US,Iowa,Pottawattamie,438,10,0,41.33640314,-95.53907776,19155.0,469.92682874493056,2.2831050228310503,428,385,10,0,375,372,93533,53,0,0,53,13
2020-06-10,US,Iowa,Poweshiek,94,8,0,41.68625425,-92.53155731,19157.0,507.998270644185,8.51063829787234,86,94,8,0,86,94,18699,0,0,0,0,0
2020-06-10,US,Iowa,Ringgold,7,0,0,40.73518949,-94.24368535,19159.0,143.03228442991414,0.0,7,6,0,0,6,4,4968,1,0,0,1,2
2020-06-10,US,Iowa,Sac,34,0,0,42.38624071,-95.10547892,19161.0,349.7582553235264,0.0,34,34,0,0,34,31,9719,0,0,0,0,3
2020-06-10,US,Iowa,Scott,397,10,0,41.63935978,-90.61959493,19163.0,229.5554026471149,2.5188916876574305,387,393,10,0,383,393,173283,4,0,0,4,0
2020-06-10,US,Iowa,Shelby,42,0,0,41.6850066,-95.31015553,19165.0,366.6841278156103,0.0,42,40,0,0,40,39,11578,2,0,0,2,1
2020-06-10,US,Iowa,Sioux,332,0,0,43.08221074,-96.1767568,19167.0,952.5175728016068,0.0,332,323,0,0,323,321,34909,9,0,0,9,2
2020-06-10,US,Iowa,Story,169,2,0,42.03621213,-93.46499005,19169.0,174.01690744153962,1.183431952662722,167,157,2,0,155,155,98105,12,0,0,12,2
2020-06-10,US,Iowa,Tama,419,29,0,42.07991767,-92.53266945,19171.0,2486.056722439777,6.921241050119332,390,417,29,0,388,417,16904,2,0,0,2,0
2020-06-10,US,Iowa,Taylor,69,0,0,40.73710579,-94.69778563,19173.0,1127.2667864727985,0.0,69,68,0,0,68,68,6191,1,0,0,1,0
2020-06-10,US,Iowa,Unassigned,4,0,0,0.0,0.0,90019.0,0.0,0.0,4,4,0,0,4,4,,0,0,0,0,0
2020-06-10,US,Iowa,Union,10,0,0,41.0277278,-94.24234847,19175.0,81.6926721673066,0.0,10,11,0,0,11,11,12359,-1,0,0,-1,0
2020-06-10,US,Iowa,Van Buren,11,0,0,40.75326764,-91.95017958,19177.0,156.16127200454287,0.0,11,10,0,0,10,10,7020,1,0,0,1,0
2020-06-10,US,Iowa,Wapello,661,22,0,41.03064984,-92.40954728,19179.0,1890.2456461437275,3.3282904689863844,639,657,21,0,636,654,35205,4,1,0,3,3
2020-06-10,US,Iowa,Warren,182,1,0,41.33559454,-93.56007641,19181.0,353.6315237244005,0.5494505494505495,181,176,1,0,175,173,51056,6,0,0,6,3
2020-06-10,US,Iowa,Washington,206,9,0,41.33577126,-91.71725711,19183.0,937.8556794900978,4.368932038834951,197,202,9,0,193,200,22141,4,0,0,4,2
2020-06-10,US,Iowa,Wayne,3,0,0,40.73969028,-93.32752197,19185.0,46.576618537494184,0.0,3,3,0,0,3,2,6401,0,0,0,0,1
2020-06-10,US,Iowa,Webster,88,1,0,42.42853483,-94.17987389,19187.0,245.09803921568627,1.1363636363636365,87,87,1,0,86,82,36277,1,0,0,1,5
2020-06-10,US,Iowa,Winnebago,12,0,0,43.37751174,-93.73407298,19189.0,115.89723778249952,0.0,12,12,0,0,12,12,10518,0,0,0,0,0
2020-06-10,US,Iowa,Winneshiek,25,0,0,43.29094334,-91.84422722,19191.0,125.05627532389576,0.0,25,24,0,0,24,24,20029,1,0,0,1,0
2020-06-10,US,Iowa,Woodbury,2957,38,0,42.38979414,-96.0459439,19193.0,2867.894517346058,1.2850862360500508,2919,2945,37,0,2908,2927,102539,12,1,0,11,18
2020-06-10,US,Iowa,Worth,3,0,0,43.37750768,-93.26087602,19195.0,40.64489906516732,0.0,3,3,0,0,3,4,7453,0,0,0,0,-1
2020-06-10,US,Iowa,Wright,263,0,0,42.73305373,-93.73515113,19197.0,2093.615666295176,0.0,263,245,0,0,245,244,12690,18,0,0,18,1
2020-06-10,US,Kansas,Allen,1,0,0,37.88582951,-95.30030847,20001.0,8.084727948904519,0.0,1,1,0,0,1,1,12444,0,0,0,0,0
2020-06-10,US,Kansas,Anderson,1,0,0,38.21413251,-95.29272815,20003.0,12.725884448969204,0.0,1,1,0,0,1,1,7878,0,0,0,0,0
2020-06-10,US,Kansas,Atchison,25,0,0,39.53185661,-95.30870026,20005.0,155.5403471660549,0.0,25,25,0,0,25,24,16193,0,0,0,0,1
2020-06-10,US,Kansas,Barber,1,0,0,37.2288586,-98.68460053,20007.0,22.588660492432798,0.0,1,1,0,0,1,1,4472,0,0,0,0,0
2020-06-10,US,Kansas,Barton,47,2,0,38.47889676,-98.75636726,20009.0,182.31894177431244,4.25531914893617,45,46,2,0,44,46,26111,1,0,0,1,0
2020-06-10,US,Kansas,Bourbon,8,1,0,37.85508555,-94.84865997,20011.0,55.04334663547544,12.5,7,8,1,0,7,8,14653,0,0,0,0,0
2020-06-10,US,Kansas,Brown,9,0,0,39.82652589,-95.56421698,20013.0,94.10288582183188,0.0,9,9,0,0,9,9,9598,0,0,0,0,0
2020-06-10,US,Kansas,Butler,37,0,0,37.78134351,-96.83878537,20015.0,55.2973352662492,0.0,37,37,0,0,37,37,66765,0,0,0,0,0
2020-06-10,US,Kansas,Chase,3,0,0,38.30292938,-96.59563862,20017.0,113.2930513595166,0.0,3,3,0,0,3,3,2629,0,0,0,0,0
2020-06-10,US,Kansas,Chautauqua,4,0,0,37.14994405,-96.2454192,20019.0,123.07692307692308,0.0,4,4,0,0,4,4,3309,0,0,0,0,0
2020-06-10,US,Kansas,Cherokee,11,0,0,37.16928494,-94.8462897,20021.0,55.16826320276844,0.0,11,11,0,0,11,10,20015,0,0,0,0,1
2020-06-10,US,Kansas,Cheyenne,2,0,0,39.78580976,-101.7318201,20023.0,75.27286413248024,0.0,2,2,0,0,2,2,2660,0,0,0,0,0
2020-06-10,US,Kansas,Clark,33,1,0,37.23577007,-99.81883015,20025.0,1654.964894684052,3.0303030303030303,32,33,1,0,32,33,2005,0,0,0,0,0
2020-06-10,US,Kansas,Clay,6,2,0,39.34948772,-97.16518128,20027.0,74.9812546863284,33.333333333333336,4,5,2,0,3,5,7997,1,0,0,1,0
2020-06-10,US,Kansas,Cloud,5,0,0,39.48028352,-97.64925343,20029.0,56.908718415661276,0.0,5,5,0,0,5,5,8729,0,0,0,0,0
2020-06-10,US,Kansas,Coffey,52,8,0,38.2365018,-95.73379515,20031.0,635.7745445653503,15.384615384615385,44,52,8,0,44,52,8233,0,0,0,0,0
2020-06-10,US,Kansas,Comanche,2,0,0,37.19114520000001,-99.27113247,20033.0,117.64705882352942,0.0,2,2,0,0,2,2,1748,0,0,0,0,0
2020-06-10,US,Kansas,Cowley,28,1,0,37.23781842,-96.83776647,20035.0,80.21083992208091,3.571428571428572,27,28,1,0,27,26,35218,0,0,0,0,2
2020-06-10,US,Kansas,Crawford,13,1,0,37.50675523,-94.85245778,20037.0,33.489618218352305,7.6923076923076925,12,10,1,0,9,8,39019,3,0,0,3,2
2020-06-10,US,Kansas,Dickinson,6,0,0,38.86600962,-97.15532383,20041.0,32.492147730965016,0.0,6,5,0,0,5,5,18717,1,0,0,1,0
2020-06-10,US,Kansas,Doniphan,20,0,0,39.79067154,-95.14056866,20043.0,263.1578947368421,0.0,20,20,0,0,20,20,7682,0,0,0,0,0
2020-06-10,US,Kansas,Douglas,76,0,0,38.88503636,-95.2925121,20045.0,62.16311273607669,0.0,76,74,0,0,74,74,121436,2,0,0,2,0
2020-06-10,US,Kansas,Edwards,5,0,0,37.88735543,-99.31263309,20047.0,178.69907076483204,0.0,5,5,0,0,5,5,2849,0,0,0,0,0
2020-06-10,US,Kansas,Ellis,12,0,0,38.91458712,-99.31751551,20051.0,42.027107484327395,0.0,12,10,0,0,10,10,28710,2,0,0,2,0
2020-06-10,US,Kansas,Ellsworth,3,0,0,38.69677695,-98.20462799,20053.0,49.164208456243855,0.0,3,2,0,0,2,2,6196,1,0,0,1,0
2020-06-10,US,Kansas,Finney,1537,10,0,38.04340344,-100.7381938,20055.0,4214.769517646091,0.6506180871828237,1527,1536,10,0,1526,1536,36611,1,0,0,1,0
2020-06-10,US,Kansas,Ford,1837,8,0,37.69200114,-99.88825298,20057.0,5464.172045569469,0.43549265106151336,1829,1840,8,0,1832,1840,33888,-3,0,0,-3,0
2020-06-10,US,Kansas,Franklin,46,0,0,38.56443815,-95.28644341,20059.0,180.0814281240213,0.0,46,38,0,0,38,38,25631,8,0,0,8,0
2020-06-10,US,Kansas,Geary,26,1,0,38.99871131,-96.7577178,20061.0,82.09662140827281,3.8461538461538463,25,26,1,0,25,26,32594,0,0,0,0,0
2020-06-10,US,Kansas,Gove,1,0,0,38.91588178,-100.4829321,20063.0,37.93626707132018,0.0,1,1,0,0,1,1,2612,0,0,0,0,0
2020-06-10,US,Kansas,Grant,18,1,0,37.56227336,-101.3079758,20067.0,251.74825174825176,5.5555555555555545,17,18,1,0,17,18,7336,0,0,0,0,0
2020-06-10,US,Kansas,Gray,23,0,0,37.73836671,-100.4369088,20069.0,384.1015364061456,0.0,23,23,0,0,23,23,6033,0,0,0,0,0
2020-06-10,US,Kansas,Greenwood,10,0,0,37.8774388,-96.23250453,20073.0,167.16817118020728,0.0,10,9,0,0,9,9,6055,1,0,0,1,0
2020-06-10,US,Kansas,Hamilton,25,0,0,37.99978709,-101.7921066,20075.0,984.6396218983854,0.0,25,23,0,0,23,23,2607,2,0,0,2,0
2020-06-10,US,Kansas,Harper,2,0,0,37.19175361,-98.07578384,20077.0,36.79175864606328,0.0,2,2,0,0,2,2,5506,0,0,0,0,0
2020-06-10,US,Kansas,Harvey,11,0,0,38.04293782,-97.42747573,20079.0,31.949809753405557,0.0,11,11,0,0,11,11,34210,0,0,0,0,0
2020-06-10,US,Kansas,Haskell,22,0,0,37.5620394,-100.8710738,20081.0,554.4354838709677,0.0,22,22,0,0,22,22,3997,0,0,0,0,0
2020-06-10,US,Kansas,Hodgeman,5,0,0,38.08780079,-99.89829881,20083.0,278.70680044593087,0.0,5,6,0,0,6,6,1818,-1,0,0,-1,0
2020-06-10,US,Kansas,Jackson,102,1,0,39.41673394,-95.79356799,20085.0,774.4286690456305,0.9803921568627452,101,102,1,0,101,103,13280,0,0,0,0,-1
2020-06-10,US,Kansas,Jefferson,23,0,0,39.2347941,-95.38289232,20087.0,120.77928897757708,0.0,23,23,0,0,23,23,18975,0,0,0,0,0
2020-06-10,US,Kansas,Jewell,4,0,0,39.78470589,-98.21820662,20089.0,138.9371309482459,0.0,4,4,0,0,4,4,2841,0,0,0,0,0
2020-06-10,US,Kansas,Johnson,972,71,0,38.88548175,-94.82250877,20091.0,161.3543138208602,7.304526748971193,901,959,71,0,888,948,597555,13,0,0,13,11
2020-06-10,US,Kansas,Kearny,46,1,0,38.00017981,-101.321681,20093.0,1198.540906722251,2.1739130434782608,45,46,1,0,45,46,3943,0,0,0,0,0
2020-06-10,US,Kansas,Kiowa,3,0,0,37.55848695,-99.2856537,20097.0,121.21212121212122,0.0,3,3,0,0,3,3,2516,0,0,0,0,0
2020-06-10,US,Kansas,Labette,27,0,0,37.19113093,-95.29849679,20099.0,137.62870832908553,0.0,27,26,0,0,26,26,19964,1,0,0,1,0
2020-06-10,US,Kansas,Lane,4,0,0,38.48119447,-100.4660754,20101.0,260.58631921824104,0.0,4,4,0,0,4,4,1560,0,0,0,0,0
2020-06-10,US,Kansas,Leavenworth,1103,7,0,39.20183497,-95.03620809,20103.0,1349.1034516499915,0.6346328195829556,1096,1103,7,0,1096,1103,81352,0,0,0,0,0
2020-06-10,US,Kansas,Linn,11,0,0,38.21267844,-94.84254089,20107.0,113.36699989693909,0.0,11,11,0,0,11,11,9750,0,0,0,0,0
2020-06-10,US,Kansas,Lyon,401,6,0,38.45576156,-96.15275715,20111.0,1208.0132550082844,1.4962593516209477,395,400,6,0,394,400,33406,1,0,0,1,0
2020-06-10,US,Kansas,Marion,5,1,0,38.35855394,-97.0985251,20115.0,42.07337596768765,20.0,4,5,1,0,4,5,11950,0,0,0,0,0
2020-06-10,US,Kansas,McPherson,38,0,0,38.39184858,-97.64769869,20113.0,133.1371312451825,0.0,38,38,0,0,38,33,28537,0,0,0,0,5
2020-06-10,US,Kansas,Meade,30,0,0,37.23859987,-100.364831,20119.0,743.86312918423,0.0,30,30,0,0,30,30,4146,0,0,0,0,0
2020-06-10,US,Kansas,Miami,10,0,0,38.56383358,-94.83832189,20121.0,29.208166603382306,0.0,10,7,0,0,7,7,33680,3,0,0,3,0
2020-06-10,US,Kansas,Mitchell,4,0,0,39.39331582,-98.20906732,20123.0,66.9008195350393,0.0,4,4,0,0,4,4,6150,0,0,0,0,0
2020-06-10,US,Kansas,Montgomery,20,2,0,37.19236568,-95.74329258,20125.0,62.835778692387436,10.0,18,20,2,0,18,20,32120,0,0,0,0,0
2020-06-10,US,Kansas,Morris,5,0,0,38.68827511,-96.65128437,20127.0,88.96797153024912,0.0,5,5,0,0,5,5,5521,0,0,0,0,0
2020-06-10,US,Kansas,Morton,6,1,0,37.19141121,-101.79925190000002,20129.0,231.92887514495555,16.666666666666668,5,6,1,0,5,6,2667,0,0,0,0,0
2020-06-10,US,Kansas,Nemaha,19,0,0,39.78345387,-96.01392079,20131.0,185.7100967647346,0.0,19,19,0,0,19,19,10155,0,0,0,0,0
2020-06-10,US,Kansas,Neosho,4,0,0,37.55862897,-95.30670046,20133.0,24.989067283063655,0.0,4,3,0,0,3,3,15951,1,0,0,1,0
2020-06-10,US,Kansas,Ness,4,0,0,38.47974157,-99.91547333,20135.0,145.45454545454547,0.0,4,4,0,0,4,4,2840,0,0,0,0,0
2020-06-10,US,Kansas,Norton,3,0,0,39.78443827,-99.90286639,20137.0,55.95970900951315,0.0,3,2,0,0,2,2,5430,1,0,0,1,0
2020-06-10,US,Kansas,Osage,10,0,0,38.65235984,-95.72707998,20139.0,62.699855790331675,0.0,10,9,0,0,9,9,15941,1,0,0,1,0
2020-06-10,US,Kansas,Osborne,2,0,0,39.3503437,-98.76753828,20141.0,58.46243788365975,0.0,2,2,0,0,2,2,3475,0,0,0,0,0
2020-06-10,US,Kansas,Ottawa,4,0,0,39.13237408,-97.65020313,20143.0,70.12622720897616,0.0,4,4,0,0,4,4,5802,0,0,0,0,0
2020-06-10,US,Kansas,Pawnee,3,0,0,38.18108732,-99.23692334,20145.0,46.772684752104766,0.0,3,4,0,0,4,4,6562,-1,0,0,-1,0
2020-06-10,US,Kansas,Phillips,2,0,0,39.78465501,-99.34668865,20147.0,38.211692777990066,0.0,2,2,0,0,2,2,5317,0,0,0,0,0
2020-06-10,US,Kansas,Pottawatomie,29,0,0,39.37925655,-96.34564657,20149.0,118.93532379116596,0.0,29,27,0,0,27,27,24277,2,0,0,2,0
2020-06-10,US,Kansas,Pratt,2,0,0,37.64780729,-98.73922153,20151.0,21.824530772588393,0.0,2,2,0,0,2,2,9378,0,0,0,0,0
2020-06-10,US,Kansas,Reno,47,0,0,37.95230263,-98.08607292,20155.0,75.80889706119552,0.0,47,46,0,0,46,46,62342,1,0,0,1,0
2020-06-10,US,Kansas,Republic,4,0,0,39.82799632,-97.65036709,20157.0,86.28127696289906,0.0,4,4,0,0,4,4,4664,0,0,0,0,0
2020-06-10,US,Kansas,Rice,4,0,0,38.34616184,-98.19992118,20159.0,41.94191045402118,0.0,4,4,0,0,4,4,9531,0,0,0,0,0
2020-06-10,US,Kansas,Riley,71,3,0,39.28935726,-96.73420026,20161.0,95.64608255199914,4.225352112676056,68,71,1,0,70,71,73703,0,2,0,-2,0
2020-06-10,US,Kansas,Rooks,6,0,0,39.35022773,-99.32484567,20163.0,121.95121951219512,0.0,6,6,0,0,6,6,5013,0,0,0,0,0
2020-06-10,US,Kansas,Saline,27,2,0,38.78369175,-97.65185177,20169.0,49.793449395101796,7.407407407407407,25,26,2,0,24,26,54401,1,0,0,1,0
2020-06-10,US,Kansas,Scott,15,0,0,38.48222076,-100.9066539,20171.0,311.0097449720091,0.0,15,15,0,0,15,15,4897,0,0,0,0,0
2020-06-10,US,Kansas,Sedgwick,710,22,0,37.6842718,-97.4608198,20173.0,137.58570038872804,3.0985915492957745,688,689,22,0,667,660,513607,21,0,0,21,29
2020-06-10,US,Kansas,Seward,917,2,0,37.19324632,-100.8507201,20175.0,4279.447451932051,0.21810250817884405,915,904,2,0,902,900,21780,13,0,0,13,4
2020-06-10,US,Kansas,Shawnee,409,8,0,39.04100763,-95.7557264,20177.0,231.23674911660774,1.9559902200489,401,394,7,0,387,384,177499,15,1,0,14,10
2020-06-10,US,Kansas,Sheridan,2,0,0,39.35018161,-100.4418259,20179.0,79.33359777865927,0.0,2,2,0,0,2,2,2533,0,0,0,0,0
2020-06-10,US,Kansas,Sherman,7,0,0,39.35147699,-101.7197624,20181.0,118.30319418624303,0.0,7,7,0,0,7,7,5899,0,0,0,0,0
2020-06-10,US,Kansas,Smith,2,0,0,39.78516566,-98.78566062,20183.0,55.81914596706671,0.0,2,2,0,0,2,2,3603,0,0,0,0,0
2020-06-10,US,Kansas,Stafford,1,0,0,38.03100851,-98.71762001,20185.0,24.06159769008662,0.0,1,1,0,0,1,1,4178,0,0,0,0,0
2020-06-10,US,Kansas,Stanton,9,0,0,37.56304714,-101.7843534,20187.0,448.65403788634103,0.0,9,9,0,0,9,10,1987,0,0,0,0,-1
2020-06-10,US,Kansas,Stevens,31,0,0,37.1923008,-101.3118967,20189.0,565.1777575205105,0.0,31,30,0,0,30,30,5559,1,0,0,1,0
2020-06-10,US,Kansas,Sumner,10,1,0,37.23682549,-97.47721621,20191.0,43.790506218251885,10.0,9,9,1,0,8,8,22996,1,0,0,1,1
2020-06-10,US,Kansas,Trego,1,0,0,38.91467218,-99.87284448,20195.0,35.676061362825536,0.0,1,1,0,0,1,1,2793,0,0,0,0,0
2020-06-10,US,Kansas,Wabaunsee,31,0,0,38.95471985,-96.20350509,20197.0,447.2659067955562,0.0,31,31,0,0,31,31,6899,0,0,0,0,0
2020-06-10,US,Kansas,Washington,1,0,0,39.78420784,-97.0875323,20201.0,18.49796522382538,0.0,1,1,0,0,1,,5420,0,0,0,0,
2020-06-10,US,Kansas,Wilson,1,0,0,37.55937174,-95.74323255,20205.0,11.730205278592374,0.0,1,1,0,0,1,1,8665,0,0,0,0,0
2020-06-10,US,Kansas,Woodson,6,0,0,37.8865336,-95.74006277,20207.0,191.20458891013385,0.0,6,6,0,0,6,6,3183,0,0,0,0,0
2020-06-10,US,Kansas,Wyandotte,1569,76,0,39.11727348,-94.76378225,20209.0,948.4431387483452,4.843849585723389,1493,1522,76,0,1446,1522,165324,47,0,0,47,0
2020-06-10,US,Kentucky,Adair,101,19,0,37.10459774,-85.28129668,21001.0,525.9868763670449,18.811881188118807,82,100,19,0,81,98,19215,1,0,0,1,2
2020-06-10,US,Kentucky,Allen,120,3,0,36.75197631,-86.19457544,21003.0,562.9838142153412,2.5,117,116,3,0,113,105,21122,4,0,0,4,11
2020-06-10,US,Kentucky,Anderson,25,1,0,38.00671029,-84.99171713,21005.0,109.90460280476546,4.0,24,25,1,0,24,25,22663,0,0,0,0,0
2020-06-10,US,Kentucky,Ballard,13,0,0,37.05842757,-88.99427697,21007.0,164.80730223123732,0.0,13,13,0,0,13,13,7979,0,0,0,0,0
2020-06-10,US,Kentucky,Barren,59,2,0,36.96469836,-85.93338945,21009.0,133.33634658410358,3.3898305084745757,57,56,2,0,54,55,44176,3,0,0,3,1
2020-06-10,US,Kentucky,Bath,9,1,0,38.14735938,-83.74588932,21011.0,72.0,11.111111111111109,8,9,1,0,8,9,12383,0,0,0,0,0
2020-06-10,US,Kentucky,Bell,3,0,0,36.73355174,-83.67766671,21013.0,11.524277811923788,0.0,3,3,0,0,3,2,26569,0,0,0,0,1
2020-06-10,US,Kentucky,Boone,532,18,0,38.97065142,-84.72615357,21015.0,398.26023161976633,3.3834586466165413,514,527,18,0,509,522,131533,5,0,0,5,5
2020-06-10,US,Kentucky,Bourbon,21,1,0,38.2054607,-84.21827874,21017.0,106.12492419648271,4.761904761904762,20,19,1,0,18,16,20184,2,0,0,2,3
2020-06-10,US,Kentucky,Boyd,43,3,0,38.36176608,-82.68652187,21019.0,92.04161137034977,6.9767441860465125,40,43,3,0,40,42,47240,0,0,0,0,1
2020-06-10,US,Kentucky,Boyle,28,0,0,37.62680923,-84.8633779,21021.0,93.14703925482368,0.0,28,28,0,0,28,28,30100,0,0,0,0,0
2020-06-10,US,Kentucky,Bracken,14,0,0,38.69158994,-84.08532444,21023.0,168.61375406479587,0.0,14,14,0,0,14,14,8239,0,0,0,0,0
2020-06-10,US,Kentucky,Breathitt,3,0,0,37.52333168,-83.31959161,21025.0,23.752969121140147,0.0,3,3,0,0,3,3,12726,0,0,0,0,0
2020-06-10,US,Kentucky,Breckinridge,19,2,0,37.77377239,-86.42885017,21027.0,92.78702935000244,10.526315789473683,17,19,2,0,17,19,20388,0,0,0,0,0
2020-06-10,US,Kentucky,Bullitt,127,4,0,37.97162523,-85.68955617,21029.0,155.49243351780206,3.1496062992125986,123,124,4,0,120,121,81069,3,0,0,3,3
2020-06-10,US,Kentucky,Butler,240,13,0,37.20946153,-86.68748787,21031.0,1863.4987188446307,5.416666666666668,227,239,13,0,226,238,12772,1,0,0,1,1
2020-06-10,US,Kentucky,Caldwell,12,0,0,37.14749129,-87.86948214,21033.0,94.13979759943516,0.0,12,12,0,0,12,12,12715,0,0,0,0,0
2020-06-10,US,Kentucky,Calloway,56,1,0,36.62093411,-88.2731593,21035.0,143.58606189584881,1.7857142857142858,55,56,1,0,55,55,39135,0,0,0,0,1
2020-06-10,US,Kentucky,Campbell,198,12,0,38.94384345,-84.37875208,21037.0,211.5746281415627,6.0606060606060606,186,197,12,0,185,198,93152,1,0,0,1,-1
2020-06-10,US,Kentucky,Carlisle,5,1,0,36.85372876,-88.96692220000001,21039.0,105.04201680672269,20.0,4,5,1,0,4,5,4771,0,0,0,0,0
2020-06-10,US,Kentucky,Carroll,16,0,0,38.66599534,-85.12601074,21041.0,150.50324522622518,0.0,16,16,0,0,16,15,10737,0,0,0,0,1
2020-06-10,US,Kentucky,Carter,17,0,0,38.31690743,-83.05092385,21043.0,63.4399373064149,0.0,17,17,0,0,17,17,27004,0,0,0,0,0
2020-06-10,US,Kentucky,Casey,8,0,0,37.32533118,-84.92726209,21045.0,49.50801410978402,0.0,8,8,0,0,8,8,15888,0,0,0,0,0
2020-06-10,US,Kentucky,Christian,136,3,0,36.89267803,-87.49055367,21047.0,193.01457543889526,2.2058823529411766,133,131,3,0,128,127,71671,5,0,0,5,4
2020-06-10,US,Kentucky,Clark,62,0,0,37.9689263,-84.14615986,21049.0,170.9731682431128,0.0,62,60,0,0,60,59,36249,2,0,0,2,1
2020-06-10,US,Kentucky,Clay,12,2,0,37.16451126,-83.712575,21051.0,60.298477463444044,16.666666666666668,10,10,2,0,8,10,20105,2,0,0,2,0
2020-06-10,US,Kentucky,Clinton,5,0,0,36.72581156,-85.13377529,21053.0,48.933255040125275,0.0,5,5,0,0,5,5,10206,0,0,0,0,0
2020-06-10,US,Kentucky,Crittenden,7,1,0,37.35839237,-88.08826090000002,21055.0,79.4912559618442,14.285714285714285,6,7,1,0,6,7,8915,0,0,0,0,0
2020-06-10,US,Kentucky,Cumberland,5,0,0,36.78926125,-85.39050034,21057.0,75.59721802237678,0.0,5,5,0,0,5,5,6659,0,0,0,0,0
2020-06-10,US,Kentucky,Daviess,343,8,0,37.73028906,-87.09019479999998,21059.0,337.8944153835545,2.332361516034985,335,341,8,0,333,342,101104,2,0,0,2,-1
2020-06-10,US,Kentucky,Edmonson,63,11,0,37.21218923,-86.23955613,21061.0,518.5185185185185,17.460317460317462,52,62,11,0,51,60,12274,1,0,0,1,2
2020-06-10,US,Kentucky,Elliott,1,0,0,38.11624059,-83.09771563,21063.0,13.303179459890915,0.0,1,1,0,0,1,1,7508,0,0,0,0,0
2020-06-10,US,Kentucky,Estill,1,0,0,37.69241417,-83.95956369,21065.0,7.089181908407768,0.0,1,1,0,0,1,1,14198,0,0,0,0,0
2020-06-10,US,Kentucky,Fayette,956,14,0,38.0368225,-84.45576892,21067.0,295.8360152497896,1.4644351464435146,942,920,14,0,906,902,323780,36,0,0,36,18
2020-06-10,US,Kentucky,Fleming,2,0,0,38.36758311,-83.69657514,21069.0,13.716480351141893,0.0,2,2,0,0,2,2,14432,0,0,0,0,0
2020-06-10,US,Kentucky,Floyd,17,0,0,37.56213922,-82.74750924,21071.0,47.767568630756685,0.0,17,17,0,0,17,17,35845,0,0,0,0,0
2020-06-10,US,Kentucky,Franklin,88,2,0,38.2379395,-84.87962551,21073.0,172.5794748092801,2.272727272727273,86,84,2,0,82,81,50815,4,0,0,4,3
2020-06-10,US,Kentucky,Fulton,12,0,0,36.55238827,-89.20140068,21075.0,201.03869994974036,0.0,12,12,0,0,12,12,6120,0,0,0,0,0
2020-06-10,US,Kentucky,Gallatin,51,6,0,38.75398691,-84.8558382,21077.0,575.036644492051,11.764705882352944,45,49,6,0,43,46,8832,2,0,0,2,3
2020-06-10,US,Kentucky,Garrard,6,0,0,37.6388668,-84.53289319,21079.0,33.96354579418091,0.0,6,6,0,0,6,5,17560,0,0,0,0,1
2020-06-10,US,Kentucky,Grant,51,4,0,38.64962758,-84.62415957,21081.0,203.4385097131916,7.84313725490196,47,51,4,0,47,51,25121,0,0,0,0,0
2020-06-10,US,Kentucky,Graves,167,20,0,36.72292505,-88.65143315,21083.0,448.12966242687696,11.976047904191615,147,167,20,0,147,166,37317,0,0,0,0,1
2020-06-10,US,Kentucky,Grayson,135,10,0,37.46231118,-86.34248968,21085.0,510.8411851515496,7.407407407407407,125,135,10,0,125,135,26321,0,0,0,0,0
2020-06-10,US,Kentucky,Green,2,0,0,37.26484328,-85.5540745,21087.0,18.279864729001005,0.0,2,2,0,0,2,2,11049,0,0,0,0,0
2020-06-10,US,Kentucky,Greenup,14,0,0,38.54332505,-82.9215658,21089.0,39.88831272437176,0.0,14,14,0,0,14,14,35268,0,0,0,0,0
2020-06-10,US,Kentucky,Hancock,7,0,0,37.83766422,-86.78280584,21091.0,80.25682182985555,0.0,7,7,0,0,7,7,8758,0,0,0,0,0
2020-06-10,US,Kentucky,Hardin,125,4,0,37.6976111,-85.96319251,21093.0,112.65523891923071,3.2,121,122,3,0,119,119,110356,3,1,0,2,3
2020-06-10,US,Kentucky,Harlan,8,0,0,36.85699301,-83.21899516,21095.0,30.75740099961553,0.0,8,8,0,0,8,8,26409,0,0,0,0,0
2020-06-10,US,Kentucky,Harrison,31,0,0,38.44188174,-84.32869741,21097.0,164.142751244308,0.0,31,28,0,0,28,28,18778,3,0,0,3,0
2020-06-10,US,Kentucky,Hart,26,0,0,37.29943898,-85.88461055,21099.0,136.59049120042027,0.0,26,27,0,0,27,27,18906,-1,0,0,-1,0
2020-06-10,US,Kentucky,Henderson,120,3,0,37.79344553,-87.57392021,21101.0,265.42800265427996,2.5,117,119,3,0,116,119,45591,1,0,0,1,0
2020-06-10,US,Kentucky,Henry,24,1,0,38.44942688,-85.11587507,21103.0,148.82797966017608,4.166666666666667,23,24,1,0,23,24,16106,0,0,0,0,0
2020-06-10,US,Kentucky,Hickman,5,0,0,36.67948079999999,-88.97875928,21105.0,114.15525114155253,0.0,5,5,0,0,5,5,4421,0,0,0,0,0
2020-06-10,US,Kentucky,Hopkins,225,31,0,37.30939025,-87.54670406,21107.0,503.51340464575037,13.777777777777779,194,224,31,0,193,224,45068,1,0,0,1,0
2020-06-10,US,Kentucky,Jackson,61,13,0,37.41866422,-83.99825483,21109.0,457.6487358391477,21.311475409836067,48,61,13,0,48,61,13442,0,0,0,0,0
2020-06-10,US,Kentucky,Jefferson,3226,170,0,38.18664655,-85.65931031,21111.0,420.7330353684414,5.2696838189708615,3056,3186,169,0,3017,3104,770517,40,1,0,39,82
2020-06-10,US,Kentucky,Jessamine,80,0,0,37.87119786,-84.58252003,21113.0,147.8333179340294,0.0,80,74,0,0,74,73,53920,6,0,0,6,1
2020-06-10,US,Kentucky,Johnson,5,0,0,37.85106355,-82.8264322,21115.0,22.534703443302693,0.0,5,5,0,0,5,5,22386,0,0,0,0,0
2020-06-10,US,Kentucky,Kenton,681,34,0,38.93950319,-84.53241199,21117.0,407.7893148420939,4.992657856093978,647,680,34,0,646,680,166051,1,0,0,1,0
2020-06-10,US,Kentucky,Knott,4,0,0,37.35388197,-82.94981134,21119.0,27.016074564365802,0.0,4,4,0,0,4,4,15126,0,0,0,0,0
2020-06-10,US,Kentucky,Knox,10,0,0,36.89225732,-83.85403396,21121.0,32.10788248515011,0.0,10,10,0,0,10,10,31304,0,0,0,0,0
2020-06-10,US,Kentucky,Larue,11,1,0,37.54567114,-85.70138352,21123.0,76.3994999305459,9.090909090909092,10,11,0,0,11,11,14307,0,1,0,-1,0
2020-06-10,US,Kentucky,Laurel,22,2,0,37.10975748,-84.11321779,21125.0,36.17647542466249,9.090909090909092,20,22,2,0,20,22,60669,0,0,0,0,0
2020-06-10,US,Kentucky,Lawrence,5,0,0,38.07136018,-82.72882223,21127.0,32.64346804204479,0.0,5,5,0,0,5,5,15571,0,0,0,0,0
2020-06-10,US,Kentucky,Lee,1,0,0,37.59645942,-83.71513901,21129.0,13.508037282182901,0.0,1,1,0,0,1,1,7033,0,0,0,0,0
2020-06-10,US,Kentucky,Leslie,6,0,0,37.09246661,-83.37999606,21131.0,60.74719044244203,0.0,6,6,0,0,6,6,10143,0,0,0,0,0
2020-06-10,US,Kentucky,Letcher,3,0,0,37.12306748,-82.85346474,21133.0,13.919175984781699,0.0,3,3,0,0,3,3,21899,0,0,0,0,0
2020-06-10,US,Kentucky,Lewis,8,0,0,38.53184419,-83.37735618,21135.0,60.263653483992464,0.0,8,7,0,0,7,7,13257,1,0,0,1,0
2020-06-10,US,Kentucky,Lincoln,14,1,0,37.45475628,-84.6565327,21137.0,57.0287995437696,7.142857142857142,13,14,1,0,13,11,24644,0,0,0,0,3
2020-06-10,US,Kentucky,Livingston,9,0,0,37.21137452,-88.34797529,21139.0,97.88992821405265,0.0,9,9,0,0,9,9,9242,0,0,0,0,0
2020-06-10,US,Kentucky,Logan,176,8,0,36.85949479,-86.877635,21141.0,649.3985683713379,4.545454545454546,168,173,5,0,168,170,26989,3,3,0,0,3
2020-06-10,US,Kentucky,Lyon,17,3,0,37.02080035,-88.07886257,21143.0,207.06455542021928,17.647058823529417,14,17,3,0,14,17,8009,0,0,0,0,0
2020-06-10,US,Kentucky,Madison,70,1,0,37.71659336,-84.27220275,21151.0,75.27934012281287,1.4285714285714286,69,70,1,0,69,61,92368,0,0,0,0,9
2020-06-10,US,Kentucky,Magoffin,2,0,0,37.70820545,-83.0657714,21153.0,16.446015952635474,0.0,2,2,0,0,2,2,12362,0,0,0,0,0
2020-06-10,US,Kentucky,Marion,37,0,0,37.55218078,-85.26898542,21155.0,191.9784153997821,0.0,37,36,0,0,36,34,19404,1,0,0,1,2
2020-06-10,US,Kentucky,Marshall,37,2,0,36.88007070000001,-88.32803576,21157.0,118.97106109324758,5.405405405405406,35,37,2,0,35,37,31191,0,0,0,0,0
2020-06-10,US,Kentucky,Martin,3,0,0,37.79990579,-82.51247478,21159.0,26.797677534613662,0.0,3,3,0,0,3,3,11323,0,0,0,0,0
2020-06-10,US,Kentucky,Mason,15,0,0,38.59471935,-83.82151043,21161.0,87.87346221441126,0.0,15,13,0,0,13,13,17150,2,0,0,2,0
2020-06-10,US,Kentucky,McCracken,113,3,0,37.05350953,-88.70445755,21145.0,172.73533278302608,2.6548672566371683,110,113,3,0,110,112,65346,0,0,0,0,1
2020-06-10,US,Kentucky,McCreary,13,0,0,36.73874143,-84.48102924,21147.0,75.44541814172132,0.0,13,13,0,0,13,13,17408,0,0,0,0,0
2020-06-10,US,Kentucky,McLean,23,1,0,37.5301951,-87.26803443,21149.0,249.80992722928212,4.3478260869565215,22,22,1,0,21,22,9252,1,0,0,1,0
2020-06-10,US,Kentucky,Meade,23,2,0,37.96163597,-86.21028219,21163.0,80.49839003219934,8.695652173913043,21,23,2,0,21,23,28715,0,0,0,0,0
2020-06-10,US,Kentucky,Menifee,10,0,0,37.94090733,-83.59985712,21165.0,154.10695022345507,0.0,10,10,0,0,10,10,6451,0,0,0,0,0
2020-06-10,US,Kentucky,Mercer,15,0,0,37.81474237,-84.87488475,21167.0,68.3900971139379,0.0,15,15,0,0,15,15,21774,0,0,0,0,0
2020-06-10,US,Kentucky,Metcalfe,7,2,0,36.99459295,-85.63123699,21169.0,69.50650382285771,28.57142857142857,5,7,2,0,5,7,10030,0,0,0,0,0
2020-06-10,US,Kentucky,Monroe,27,0,0,36.71225341,-85.71596443,21171.0,253.5211267605634,0.0,27,27,0,0,27,27,10718,0,0,0,0,0
2020-06-10,US,Kentucky,Montgomery,31,0,0,38.03253032,-83.9145241,21173.0,110.09695635188407,0.0,31,30,0,0,30,30,28203,1,0,0,1,0
2020-06-10,US,Kentucky,Morgan,4,0,0,37.92465657,-83.25558245,21175.0,30.05485010143512,0.0,4,4,0,0,4,3,13345,0,0,0,0,1
2020-06-10,US,Kentucky,Muhlenberg,484,8,0,37.21425819,-87.14632053,21177.0,1580.5629939259354,1.6528925619834711,476,486,8,0,478,486,30774,-2,0,0,-2,0
2020-06-10,US,Kentucky,Nelson,47,1,0,37.80335779,-85.4657193,21179.0,101.65898816862415,2.127659574468085,46,45,1,0,44,45,45851,2,0,0,2,0
2020-06-10,US,Kentucky,Nicholas,4,0,0,38.33342292,-84.01889177,21181.0,55.02820195350117,0.0,4,4,0,0,4,4,7166,0,0,0,0,0
2020-06-10,US,Kentucky,Ohio,157,0,0,37.47751843,-86.85368087,21183.0,654.3302492289738,0.0,157,154,0,0,154,155,24087,3,0,0,3,-1
2020-06-10,US,Kentucky,Oldham,113,5,0,38.39791089,-85.448222,21185.0,169.1642090450456,4.424778761061948,108,112,5,0,107,111,66470,1,0,0,1,1
2020-06-10,US,Kentucky,Owen,4,0,0,38.51679143,-84.82404619,21187.0,36.693881295294005,0.0,4,4,0,0,4,3,10880,0,0,0,0,1
2020-06-10,US,Kentucky,Owsley,2,0,0,37.42823949,-83.68811419,21189.0,45.30011325028314,0.0,2,2,0,0,2,2,4472,0,0,0,0,0
2020-06-10,US,Kentucky,Pendleton,14,0,0,38.69607718,-84.35599463,21191.0,95.95613433858809,0.0,14,14,0,0,14,14,14529,0,0,0,0,0
2020-06-10,US,Kentucky,Perry,22,0,0,37.25023553,-83.22922731,21193.0,85.41035794704557,0.0,22,22,0,0,22,22,26092,0,0,0,0,0
2020-06-10,US,Kentucky,Pike,38,2,0,37.47088263,-82.39487445,21195.0,65.65761282742415,5.2631578947368425,36,38,2,0,36,36,58402,0,0,0,0,2
2020-06-10,US,Kentucky,Powell,3,0,0,37.83218794,-83.82553961,21197.0,24.273808560563154,0.0,3,2,0,0,2,1,12442,1,0,0,1,1
2020-06-10,US,Kentucky,Pulaski,66,2,0,37.10466131,-84.57629079,21199.0,101.571276874067,3.0303030303030303,64,65,2,0,63,65,64623,1,0,0,1,0
2020-06-10,US,Kentucky,Rockcastle,13,0,0,37.36642393,-84.31176452,21203.0,77.86762503743634,0.0,13,13,0,0,13,13,16750,0,0,0,0,0
2020-06-10,US,Kentucky,Rowan,11,0,0,38.19484205,-83.42088935,21205.0,44.97138184791496,0.0,11,11,0,0,11,8,24583,0,0,0,0,3
2020-06-10,US,Kentucky,Russell,36,4,0,36.99308373,-85.06070117,21207.0,200.85923115549846,11.111111111111109,32,32,4,0,28,30,17821,4,0,0,4,2
2020-06-10,US,Kentucky,Scott,39,0,0,38.29622293,-84.5816631,21209.0,68.41625149112343,0.0,39,38,0,0,38,38,56031,1,0,0,1,0
2020-06-10,US,Kentucky,Shelby,233,6,0,38.21476019,-85.194223,21211.0,475.2774151436032,2.5751072961373387,227,233,6,0,227,219,48518,0,0,0,0,14
2020-06-10,US,Kentucky,Simpson,58,4,0,36.74058474,-86.58047435,21213.0,312.29808313590354,6.896551724137932,54,56,3,0,53,54,18529,2,1,0,1,2
2020-06-10,US,Kentucky,Spencer,25,0,0,38.03223971,-85.32749335,21215.0,129.19228980414448,0.0,25,25,0,0,25,25,18794,0,0,0,0,0
2020-06-10,US,Kentucky,Taylor,15,1,0,37.3677562,-85.3329931,21217.0,58.20947650277465,6.666666666666668,14,15,1,0,14,14,25549,0,0,0,0,1
2020-06-10,US,Kentucky,Todd,23,0,0,36.8381152,-87.17878374,21219.0,187.0831299821051,0.0,23,23,0,0,23,23,12311,0,0,0,0,0
2020-06-10,US,Kentucky,Trigg,13,0,0,36.80767017,-87.87333656,21221.0,88.73114463176573,0.0,13,12,0,0,12,11,14643,1,0,0,1,1
2020-06-10,US,Kentucky,Trimble,6,0,0,38.61056487,-85.33775972,21223.0,70.82989021367017,0.0,6,6,0,0,6,6,8515,0,0,0,0,0
2020-06-10,US,Kentucky,Unassigned,6,0,0,0.0,0.0,90021.0,0.0,0.0,6,7,0,0,7,7,,-1,0,0,-1,0
2020-06-10,US,Kentucky,Union,15,0,0,37.66166713,-87.94300009,21225.0,104.30429038314443,0.0,15,15,0,0,15,15,14505,0,0,0,0,0
2020-06-10,US,Kentucky,Warren,1179,7,0,36.99903045,-86.42672751,21227.0,887.1598844209005,0.5937234944868532,1172,1157,7,0,1150,1127,131264,22,0,0,22,30
2020-06-10,US,Kentucky,Washington,8,0,0,37.75599461,-85.17407732,21229.0,66.14303431169904,0.0,8,8,0,0,8,8,12084,0,0,0,0,0
2020-06-10,US,Kentucky,Wayne,9,0,0,36.80310688,-84.8251971,21231.0,44.26302070525746,0.0,9,9,0,0,9,9,20468,0,0,0,0,0
2020-06-10,US,Kentucky,Webster,34,0,0,37.52168356,-87.67989953,21233.0,262.71055478287747,0.0,34,34,0,0,34,34,13111,0,0,0,0,0
2020-06-10,US,Kentucky,Whitley,15,0,0,36.75700531,-84.14541217,21235.0,41.36333553937789,0.0,15,14,0,0,14,13,36242,1,0,0,1,1
2020-06-10,US,Kentucky,Wolfe,1,0,0,37.73941626,-83.49303612,21237.0,13.972334777141258,0.0,1,1,0,0,1,1,7177,0,0,0,0,0
2020-06-10,US,Kentucky,Woodford,45,0,0,38.04178222,-84.7417556,21239.0,168.32497942694695,0.0,45,42,0,0,42,35,26533,3,0,0,3,7
2020-06-10,US,Louisiana,Acadia,520,29,0,30.2950649,-92.41419698,22001.0,838.1013780320735,5.5769230769230775,491,517,29,0,488,513,62190,3,0,0,3,4
2020-06-10,US,Louisiana,Allen,189,10,0,30.65385745,-92.82442028,22003.0,737.5034143676593,5.291005291005291,179,189,10,0,179,188,25605,0,0,0,0,1
2020-06-10,US,Louisiana,Ascension,906,58,0,30.20406249,-90.91328409999998,22005.0,715.6172000884649,6.401766004415012,848,900,58,0,842,889,124672,6,0,0,6,11
2020-06-10,US,Louisiana,Assumption,259,13,0,29.89946234,-91.06461642,22007.0,1183.1346215339638,5.019305019305019,246,258,13,0,245,257,22300,1,0,0,1,1
2020-06-10,US,Louisiana,Avoyelles,178,9,0,31.07796211,-92.00079449,22009.0,443.4037465125548,5.056179775280898,169,175,9,0,166,165,40462,3,0,0,3,10
2020-06-10,US,Louisiana,Beauregard,116,5,0,30.64836518,-93.34173616,22011.0,309.3580819798917,4.310344827586206,111,114,4,0,110,106,37253,2,1,0,1,8
2020-06-10,US,Louisiana,Bienville,166,24,0,32.34569994,-93.05398492,22013.0,1253.681746091685,14.457831325301207,142,157,24,0,133,154,13308,9,0,0,9,3
2020-06-10,US,Louisiana,Bossier,478,26,0,32.67932307,-93.60460152,22015.0,376.26240760711283,5.439330543933054,452,473,26,0,447,464,127185,5,0,0,5,9
2020-06-10,US,Louisiana,Caddo,2784,210,0,32.57991587,-93.88375652,22017.0,1159.0148373882198,7.543103448275862,2574,2755,210,0,2545,2737,242922,29,0,0,29,18
2020-06-10,US,Louisiana,Calcasieu,673,51,0,30.22931235,-93.35400434,22019.0,330.8165713049804,7.578008915304606,622,661,51,0,610,642,203112,12,0,0,12,19
2020-06-10,US,Louisiana,Caldwell,76,1,0,32.0902519,-92.11752148,22021.0,766.2835249042146,1.3157894736842106,75,74,1,0,73,72,9960,2,0,0,2,2
2020-06-10,US,Louisiana,Cameron,10,0,0,29.87592238,-93.19310676,22023.0,143.41029685931446,0.0,10,10,0,0,10,9,6968,0,0,0,0,1
2020-06-10,US,Louisiana,Catahoula,123,3,0,31.66778967,-91.84526385,22025.0,1295.555087423636,2.4390243902439024,120,121,3,0,118,121,9608,2,0,0,2,0
2020-06-10,US,Louisiana,Claiborne,71,10,0,32.82308512,-92.99526883,22027.0,453.09508615188264,14.084507042253524,61,70,10,0,60,68,15944,1,0,0,1,2
2020-06-10,US,Louisiana,Concordia,97,5,0,31.44817835,-91.63814433,22029.0,503.6606262007372,5.154639175257731,92,97,5,0,92,96,19572,0,0,0,0,1
2020-06-10,US,Louisiana,De Soto,263,17,0,32.05457447,-93.74130302,22031.0,957.6521137530497,6.4638783269961975,246,263,17,0,246,263,27436,0,0,0,0,0
2020-06-10,US,Louisiana,East Baton Rouge,4054,254,0,30.53842039,-91.09777565,22033.0,921.2401064402727,6.265416872224963,3800,4023,252,0,3771,3963,440956,31,2,0,29,60
2020-06-10,US,Louisiana,East Carroll,208,0,0,32.73926954,-91.23425694,22035.0,3031.628042559393,0.0,208,205,0,0,205,199,7037,3,0,0,3,6
2020-06-10,US,Louisiana,East Feliciana,210,31,0,30.84425359,-91.04976723,22037.0,1097.4653775803502,14.761904761904766,179,207,31,0,176,201,19305,3,0,0,3,6
2020-06-10,US,Louisiana,Evangeline,85,1,0,30.72985248,-92.39915924,22039.0,254.52912112591702,1.1764705882352942,84,85,1,0,84,84,33443,0,0,0,0,1
2020-06-10,US,Louisiana,Franklin,391,12,0,32.13675181,-91.67589857,22041.0,1953.5348488633524,3.0690537084398977,379,390,12,0,378,389,20156,1,0,0,1,1
2020-06-10,US,Louisiana,Grant,51,1,0,31.59882456,-92.56124347,22043.0,227.79043280182236,1.96078431372549,50,48,1,0,47,46,22482,3,0,0,3,2
2020-06-10,US,Louisiana,Iberia,428,41,0,29.86803617,-91.75871777,22045.0,612.9170843477017,9.57943925233645,387,428,41,0,387,427,70941,0,0,0,0,1
2020-06-10,US,Louisiana,Iberville,607,43,0,30.25734305,-91.3499598,22047.0,1867.0603795638397,7.084019769357496,564,603,43,0,560,599,32721,4,0,0,4,4
2020-06-10,US,Louisiana,Jackson,148,15,0,32.30251776,-92.55692092,22049.0,940.040650406504,10.135135135135137,133,139,15,0,124,133,15902,9,0,0,9,6
2020-06-10,US,Louisiana,Jefferson,7971,463,0,29.74075478,-90.11115756,22051.0,1843.035609824899,5.808556015556393,7508,7940,462,0,7478,7885,434051,31,1,0,30,55
2020-06-10,US,Louisiana,Jefferson Davis,102,7,0,30.26896765,-92.81210004,22053.0,325.1721499617445,6.862745098039214,95,96,7,0,89,93,31582,6,0,0,6,3
2020-06-10,US,Louisiana,LaSalle,67,0,0,31.67884782,-92.15907765,22059.0,449.90598979317747,0.0,67,66,0,0,66,63,14917,1,0,0,1,3
2020-06-10,US,Louisiana,Lafayette,931,30,0,30.2049055,-92.06959876,22055.0,380.9484839805229,3.2223415682062297,901,908,30,0,878,897,242782,23,0,0,23,11
2020-06-10,US,Louisiana,Lafourche,928,76,0,29.52470226,-90.40976986,22057.0,950.68330362448,8.189655172413794,852,922,76,0,846,909,98115,6,0,0,6,13
2020-06-10,US,Louisiana,Lincoln,193,18,0,32.6003154,-92.6659741,22061.0,412.90488211886526,9.32642487046632,175,184,18,0,166,175,47196,9,0,0,9,9
2020-06-10,US,Louisiana,Livingston,484,31,0,30.44143993,-90.73061664,22063.0,343.77685756699736,6.404958677685951,453,481,31,0,450,468,139567,3,0,0,3,13
2020-06-10,US,Louisiana,Madison,221,2,0,32.36918118,-91.23973355,22065.0,2018.0805405899005,0.9049773755656108,219,219,2,0,217,214,11161,2,0,0,2,5
2020-06-10,US,Louisiana,Morehouse,136,6,0,32.81686191,-91.80421614,22067.0,546.7556484682801,4.411764705882354,130,135,5,0,130,134,25398,1,1,0,0,1
2020-06-10,US,Louisiana,Natchitoches,180,13,0,31.72321584,-93.09816516,22069.0,471.7228366266576,7.222222222222222,167,179,13,0,166,177,38659,1,0,0,1,2
2020-06-10,US,Louisiana,Orleans,7279,513,0,30.06971951,-89.92660315,22071.0,1865.7213746719158,7.04767138343179,6766,7247,513,0,6734,7237,391006,32,0,0,32,10
2020-06-10,US,Louisiana,Ouachita,1592,57,0,32.47645559,-92.15704172,22073.0,1038.6289054599781,3.5804020100502516,1535,1543,56,0,1487,1500,154475,49,1,0,48,43
2020-06-10,US,Louisiana,Plaquemines,220,17,0,29.42245447,-89.60322085,22075.0,948.3984998060097,7.727272727272727,203,219,17,0,202,218,23410,1,0,0,1,1
2020-06-10,US,Louisiana,Pointe Coupee,217,25,0,30.71409502,-91.60209535,22077.0,998.6194201564656,11.52073732718894,192,215,25,0,190,214,21940,2,0,0,2,1
2020-06-10,US,Louisiana,Rapides,1007,41,0,31.19778499,-92.52997303,22079.0,776.718499321239,4.07149950347567,966,992,38,0,954,975,130562,15,3,0,12,17
2020-06-10,US,Louisiana,Red River,52,7,0,32.09530039,-93.34213308,22081.0,615.9677801468846,13.461538461538463,45,52,7,0,45,51,8477,0,0,0,0,1
2020-06-10,US,Louisiana,Richland,157,3,0,32.41391005,-91.76634876,22083.0,780.2405327502237,1.9108280254777068,154,157,3,0,154,156,20192,0,0,0,0,1
2020-06-10,US,Louisiana,Sabine,53,0,0,31.56388699,-93.55433981,22085.0,221.90587841232625,0.0,53,52,0,0,52,51,24032,1,0,0,1,1
2020-06-10,US,Louisiana,St. Bernard,558,23,0,29.87761636,-89.51887093,22087.0,1181.1023622047244,4.121863799283154,535,555,23,0,532,555,46721,3,0,0,3,0
2020-06-10,US,Louisiana,St. Charles,653,45,0,29.90709658,-90.35555967,22089.0,1229.7551789077213,6.891271056661563,608,652,45,0,607,649,52879,1,0,0,1,3
2020-06-10,US,Louisiana,St. Helena,56,1,0,30.82210324,-90.71013176,22091.0,552.7043031977892,1.7857142857142858,55,55,1,0,54,55,10262,1,0,0,1,0
2020-06-10,US,Louisiana,St. James,306,27,0,30.02531716,-90.80212061,22093.0,1450.5119453924915,8.823529411764708,279,305,27,0,278,304,21037,1,0,0,1,1
2020-06-10,US,Louisiana,St. John the Baptist,883,83,0,30.12597499,-90.4753503,22095.0,2061.302145341644,9.39977349943375,800,881,84,0,797,877,43184,2,-1,0,3,4
2020-06-10,US,Louisiana,St. Landry,323,54,0,30.59724262,-92.00135806,22097.0,393.3076810676538,16.71826625386997,269,316,54,0,262,311,82764,7,0,0,7,5
2020-06-10,US,Louisiana,St. Martin,295,25,0,30.13112107,-91.61403569,22099.0,552.1139413449122,8.474576271186441,270,291,25,0,266,288,53621,4,0,0,4,3
2020-06-10,US,Louisiana,St. Mary,342,32,0,29.69262097,-91.44702164,22101.0,693.0372051552241,9.35672514619883,310,342,32,0,310,339,49774,0,0,0,0,3
2020-06-10,US,Louisiana,St. Tammany,1872,166,0,30.40942847,-89.95642711,22103.0,718.8415591796298,8.867521367521366,1706,1863,166,0,1697,1849,258111,9,0,0,9,14
2020-06-10,US,Louisiana,Tangipahoa,973,41,0,30.62888673,-90.40664996,22105.0,722.0350554327016,4.2137718396711215,932,965,39,0,926,944,133777,8,2,0,6,21
2020-06-10,US,Louisiana,Tensas,21,0,0,32.00760749,-91.32915234,22107.0,484.5408398707891,0.0,21,21,0,0,21,21,4462,0,0,0,0,0
2020-06-10,US,Louisiana,Terrebonne,761,56,0,29.37343766,-90.82626855,22109.0,688.9309349001005,7.35873850197109,705,756,55,0,701,748,111021,5,1,0,4,8
2020-06-10,US,Louisiana,Unassigned,214,113,0,0.0,0.0,90022.0,0.0,52.80373831775701,101,195,113,0,82,120,,19,0,0,19,75
2020-06-10,US,Louisiana,Union,375,20,0,32.83121059,-92.3749373,22111.0,1696.218563415958,5.333333333333333,355,366,20,0,346,349,22330,9,0,0,9,17
2020-06-10,US,Louisiana,Vermilion,62,4,0,29.83517605,-92.30292538,22113.0,104.18242005679623,6.451612903225807,58,61,4,0,57,61,59830,1,0,0,1,0
2020-06-10,US,Louisiana,Vernon,39,3,0,31.10884837,-93.18153838,22115.0,82.22817263699424,7.6923076923076925,36,39,3,0,36,34,48860,0,0,0,0,5
2020-06-10,US,Louisiana,Washington,500,42,0,30.85288548,-90.03866652,22117.0,1082.3916525955754,8.4,458,489,42,0,447,478,46582,11,0,0,11,11
2020-06-10,US,Louisiana,Webster,203,8,0,32.70847669,-93.33121835,22119.0,529.4731351069379,3.940886699507389,195,195,8,0,187,185,38798,8,0,0,8,10
2020-06-10,US,Louisiana,West Baton Rouge,195,31,0,30.46058217,-91.30989571,22121.0,736.8222180238049,15.8974358974359,164,192,31,0,161,186,26427,3,0,0,3,6
2020-06-10,US,Louisiana,West Carroll,99,1,0,32.78550125,-91.461201,22123.0,914.1274238227147,1.0101010101010102,98,90,1,0,89,86,10982,9,0,0,9,4
2020-06-10,US,Louisiana,West Feliciana,225,13,0,30.87882871,-91.4148538,22125.0,1445.2723535457349,5.777777777777778,212,224,13,0,211,222,15460,1,0,0,1,2
2020-06-10,US,Louisiana,Winn,194,2,0,31.94449367,-92.63789413,22127.0,1395.2819332566169,1.0309278350515465,192,190,2,0,188,187,14134,4,0,0,4,3
2020-06-10,US,Maine,Androscoggin,390,3,0,44.1664747,-70.20380627,23001.0,360.18729739464516,0.7692307692307693,387,381,3,0,378,376,107679,9,0,0,9,5
2020-06-10,US,Maine,Aroostook,10,1,0,46.65926321,-68.59841248,23003.0,14.913131011855938,10.0,9,10,1,0,9,10,67111,0,0,0,0,0
2020-06-10,US,Maine,Cumberland,1339,57,0,43.8370751,-70.37226999,23005.0,453.89368921671996,4.256908140403287,1282,1324,57,0,1267,1311,293557,15,0,0,15,13
2020-06-10,US,Maine,Franklin,36,1,0,44.97330019,-70.44381045,23007.0,119.20924533924965,2.7777777777777777,35,36,1,0,35,36,29897,0,0,0,0,0
2020-06-10,US,Maine,Hancock,12,1,0,44.59816444,-68.38401854,23009.0,21.82334006219652,8.333333333333334,11,12,1,0,11,12,54811,0,0,0,0,0
2020-06-10,US,Maine,Kennebec,132,9,0,44.40759555,-69.76738544,23011.0,107.92955143824305,6.8181818181818175,123,131,9,0,122,131,122083,1,0,0,1,0
2020-06-10,US,Maine,Knox,21,1,0,44.11486325,-69.10529169,23013.0,52.800965503369206,4.761904761904762,20,21,1,0,20,21,39771,0,0,0,0,0
2020-06-10,US,Maine,Lincoln,20,0,0,44.05996956,-69.54227124,23015.0,57.746722873476934,0.0,20,20,0,0,20,20,34342,0,0,0,0,0
2020-06-10,US,Maine,Oxford,31,0,0,44.49952995,-70.75682123,23017.0,53.47132384648555,0.0,31,31,0,0,31,31,57618,0,0,0,0,0
2020-06-10,US,Maine,Penobscot,101,2,0,45.40194593,-68.65020455,23019.0,66.38273260246602,1.98019801980198,99,101,2,0,99,101,151096,0,0,0,0,0
2020-06-10,US,Maine,Piscataquis,1,0,0,45.83839062,-69.2860223,23021.0,5.957700327673518,0.0,1,1,0,0,1,1,16800,0,0,0,0,0
2020-06-10,US,Maine,Sagadahoc,30,0,0,43.95415864,-69.85074999,23023.0,83.66800535475234,0.0,30,30,0,0,30,30,35634,0,0,0,0,0
2020-06-10,US,Maine,Somerset,25,0,0,45.51229767,-69.95995554,23025.0,49.52064020283654,0.0,25,24,0,0,24,24,50592,1,0,0,1,0
2020-06-10,US,Maine,Unassigned,2,0,0,0.0,0.0,90023.0,0.0,0.0,2,2,0,0,2,2,,0,0,0,0,0
2020-06-10,US,Maine,Waldo,54,14,0,44.4858305,-69.12061935,23027.0,135.9687775399723,25.92592592592593,40,53,14,0,39,53,39694,1,0,0,1,0
2020-06-10,US,Maine,Washington,1,0,0,45.01607142,-67.62813524,23029.0,3.1868447050575224,0.0,1,1,0,0,1,1,31490,0,0,0,0,0
2020-06-10,US,Maine,York,432,11,0,43.47808377,-70.71052375,23031.0,208.0513964005182,2.5462962962962963,421,428,11,0,417,428,206229,4,0,0,4,0
2020-06-10,US,Maryland,Allegany,185,17,0,39.62357628,-78.69280486,24001.0,262.72438082254035,9.18918918918919,168,186,17,0,169,185,70975,-1,0,0,-1,1
2020-06-10,US,Maryland,Anne Arundel,4348,190,0,39.00670238,-76.60329337,24003.0,750.6465435385353,4.36982520699172,4158,4309,186,0,4123,4267,576031,39,4,0,35,42
2020-06-10,US,Maryland,Baltimore,6916,402,0,39.45784712,-76.62911955,24005.0,835.9017126557646,5.812608444187392,6514,6852,398,0,6454,6814,828431,64,4,0,60,38
2020-06-10,US,Maryland,Baltimore City,6428,289,0,39.30211911,-76.61151012,24510.0,1083.0848034507742,4.495955196017424,6139,6355,287,0,6068,6296,621342,73,2,0,71,59
2020-06-10,US,Maryland,Calvert,363,21,0,38.53961642,-76.56820632,24009.0,392.3263982707376,5.785123966942148,342,363,21,0,342,362,92003,0,0,0,0,1
2020-06-10,US,Maryland,Caroline,276,2,0,38.87172293,-75.82904158,24011.0,826.1988864275877,0.7246376811594203,274,273,1,0,272,272,33304,3,1,0,2,1
2020-06-10,US,Maryland,Carroll,969,103,0,39.56453592,-77.02373735,24013.0,575.2551247573422,10.629514963880288,866,963,102,0,861,954,168429,6,1,0,5,9
2020-06-10,US,Maryland,Cecil,423,25,0,39.56647682,-75.94627411,24015.0,411.258567886831,5.91016548463357,398,417,25,0,392,408,102826,6,0,0,6,9
2020-06-10,US,Maryland,Charles,1231,83,0,38.51092331,-76.98580666,24017.0,754.0258610656817,6.742485783915516,1148,1216,82,0,1134,1211,161503,15,1,0,14,5
2020-06-10,US,Maryland,Dorchester,157,4,0,38.45413522,-76.02752426,24019.0,491.7159948636036,2.5477707006369426,153,157,4,0,153,156,31998,0,0,0,0,1
2020-06-10,US,Maryland,Frederick,2178,112,0,39.47296601,-77.39999394,24021.0,839.1543728110901,5.1423324150596885,2066,2152,111,0,2041,2135,255648,26,1,0,25,17
2020-06-10,US,Maryland,Garrett,10,0,0,39.52786077,-79.27355126,24023.0,34.46611980423244,0.0,10,10,0,0,10,10,29163,0,0,0,0,0
2020-06-10,US,Maryland,Harford,982,57,0,39.55010644,-76.30775940000002,24025.0,384.43319592391197,5.8044806517311605,925,969,55,0,914,961,253956,13,2,0,11,8
2020-06-10,US,Maryland,Howard,2220,73,0,39.25305293,-76.93126208,24027.0,681.6297706407934,3.2882882882882885,2147,2191,71,0,2120,2156,323196,29,2,0,27,35
2020-06-10,US,Maryland,Kent,189,19,0,39.24976208,-76.04741541,24029.0,973.1232622798888,10.052910052910052,170,188,19,0,169,187,19383,1,0,0,1,1
2020-06-10,US,Maryland,Montgomery,13124,672,0,39.13676329,-77.20358245,24031.0,1249.0863129682646,5.120390124961903,12452,12968,667,0,12301,12818,1052567,156,5,0,151,150
2020-06-10,US,Maryland,Prince George's,16753,613,0,38.83070039,-76.8496441,24033.0,1842.3515413047232,3.659046140989673,16140,16636,607,0,16029,16523,909308,117,6,0,111,113
2020-06-10,US,Maryland,Queen Anne's,178,12,0,39.06198912,-76.03530977,24035.0,353.3077946051091,6.741573033707866,166,177,12,0,165,177,50251,1,0,0,1,0
2020-06-10,US,Maryland,Somerset,77,3,0,38.1163542,-75.75118623,24039.0,300.5933791380387,3.8961038961038965,74,77,3,0,74,77,25675,0,0,0,0,0
2020-06-10,US,Maryland,St. Mary's,565,35,0,38.30058422,-76.60629279999998,24037.0,497.7535018941063,6.1946902654867255,530,561,34,0,527,553,112664,4,1,0,3,8
2020-06-10,US,Maryland,Talbot,108,4,0,38.76618159,-76.10882561,24041.0,290.4709394583254,3.703703703703704,104,108,4,0,104,108,36968,0,0,0,0,0
2020-06-10,US,Maryland,Unassigned,0,43,0,0.0,0.0,90024.0,0.0,0.0,-43,0,40,0,-40,0,,0,3,0,-3,0
2020-06-10,US,Maryland,Washington,551,17,0,39.60835778,-77.82002295,24043.0,364.7822891909248,3.0852994555353903,534,545,17,0,528,551,150926,6,0,0,6,-6
2020-06-10,US,Maryland,Wicomico,992,33,0,38.37301947,-75.62705831,24045.0,957.4457817371077,3.3266129032258065,959,990,33,0,957,984,103195,2,0,0,2,6
2020-06-10,US,Maryland,Worcester,242,15,0,38.21274277,-75.33200012,24047.0,462.92753844976653,6.198347107438017,227,241,15,0,226,239,51823,1,0,0,1,2
2020-06-10,US,Massachusetts,Barnstable,1467,127,0,41.72980578,-70.28854339,25001.0,688.7647307385323,8.657123381049761,1340,1462,123,0,1339,1458,213413,5,4,0,1,4
2020-06-10,US,Massachusetts,Berkshire,574,41,0,42.37428441,-73.20524838,25003.0,459.4058138045845,7.142857142857142,533,575,41,0,534,575,126348,-1,0,0,-1,0
2020-06-10,US,Massachusetts,Bristol,7754,487,0,41.79228404,-71.10872211,25005.0,1371.8624882124918,6.280629352592211,7267,7728,481,0,7247,7698,564022,26,6,0,20,30
2020-06-10,US,Massachusetts,Dukes and Nantucket,55,1,0,41.40674725,-70.68763497,0.0,191.4308586544151,1.818181818181818,54,56,1,0,55,55,26707,-1,0,0,-1,1
2020-06-10,US,Massachusetts,Essex,15365,1024,0,42.6687626,-70.94687179,25009.0,1947.3178595599177,6.664497233973316,14341,15271,1016,0,14255,15236,790638,94,8,0,86,35
2020-06-10,US,Massachusetts,Franklin,344,49,0,42.58119713,-72.58602547,25011.0,490.16813907096036,14.244186046511626,295,341,49,0,292,338,70963,3,0,0,3,3
2020-06-10,US,Massachusetts,Hampden,6395,629,0,42.13440424,-72.63235561,25013.0,1371.2229722196014,9.83580922595778,5766,6380,625,0,5755,6365,470406,15,4,0,11,15
2020-06-10,US,Massachusetts,Hampshire,905,100,0,42.33997957,-72.65898478,25015.0,562.7059628178822,11.049723756906078,805,905,100,0,805,907,161355,0,0,0,0,-2
2020-06-10,US,Massachusetts,Middlesex,22889,1725,0,42.48607732,-71.39049229,25017.0,1420.1783335473929,7.536371182664162,21164,22845,1720,0,21125,22812,1614714,44,5,0,39,33
2020-06-10,US,Massachusetts,Norfolk,8774,873,0,42.16073095,-71.20530408,25021.0,1241.4134625588058,9.949851834966946,7901,8753,870,0,7883,8715,705388,21,3,0,18,38
2020-06-10,US,Massachusetts,Plymouth,8418,608,0,41.94070556,-70.80802823,25023.0,1615.1127585849633,7.222618199097173,7810,8404,603,0,7801,8372,518132,14,5,0,9,32
2020-06-10,US,Massachusetts,Suffolk,19099,936,0,42.3279514,-71.07850442,25025.0,2375.7723219228096,4.900780145557358,18163,19067,935,0,18132,19028,807252,32,1,0,31,39
2020-06-10,US,Massachusetts,Unassigned,297,10,0,0.0,0.0,90025.0,0.0,3.3670033670033668,287,299,10,0,289,309,,-2,0,0,-2,-10
2020-06-10,US,Massachusetts,Worcester,11820,844,0,42.35026951,-71.90493363,25027.0,1423.0299703114054,7.140439932318106,10976,11803,834,0,10969,11758,830839,17,10,0,7,45
2020-06-10,US,Michigan,Alcona,20,1,0,44.6846864,-83.59507875,26001.0,192.21528111484864,5.0,19,21,1,0,20,21,10362,-1,0,0,-1,0
2020-06-10,US,Michigan,Alger,1,0,0,46.41292944,-86.60260122,26003.0,10.97935880544576,0.0,1,,,,,,9097,,,,,
2020-06-10,US,Michigan,Allegan,274,6,0,42.59147037,-85.89102866,26005.0,232.04410531753624,2.18978102189781,268,273,6,0,267,268,117327,1,0,0,1,5
2020-06-10,US,Michigan,Alpena,112,9,0,45.03477666,-83.62212411,26007.0,394.296778736138,8.035714285714286,103,107,9,0,98,107,28360,5,0,0,5,0
2020-06-10,US,Michigan,Antrim,14,0,0,44.99690221,-85.15503082,26009.0,60.02400960384154,0.0,14,13,0,0,13,13,23365,1,0,0,1,0
2020-06-10,US,Michigan,Arenac,38,1,0,44.0636262,-83.89277559,26011.0,255.32486729825973,2.631578947368421,37,38,1,0,37,38,15041,0,0,0,0,0
2020-06-10,US,Michigan,Baraga,1,0,0,46.6720582,-88.36363591,26013.0,12.181751735899622,0.0,1,1,0,0,1,1,8320,0,0,0,0,0
2020-06-10,US,Michigan,Barry,89,2,0,42.59513984,-85.30834519,26015.0,144.5978878960195,2.247191011235955,87,87,2,0,85,87,61157,2,0,0,2,0
2020-06-10,US,Michigan,Bay,372,27,0,43.70639106,-83.98731479,26017.0,360.7237747997595,7.258064516129032,345,385,27,0,358,384,103923,-13,0,0,-13,1
2020-06-10,US,Michigan,Benzie,5,0,0,44.63899297,-86.01608482,26019.0,28.14364516492176,0.0,5,5,0,0,5,5,17753,0,0,0,0,0
2020-06-10,US,Michigan,Berrien,808,57,0,41.95447397,-86.41313079999998,26021.0,526.7240761142366,7.054455445544554,751,806,57,0,749,867,154141,2,0,0,2,-61
2020-06-10,US,Michigan,Branch,155,2,0,41.91600556,-85.05929476,26023.0,356.1826412666315,1.2903225806451613,153,153,2,0,151,151,43622,2,0,0,2,2
2020-06-10,US,Michigan,Calhoun,475,26,0,42.24633834,-85.00493569,26025.0,354.0574989378275,5.473684210526316,449,470,26,0,444,466,134487,5,0,0,5,4
2020-06-10,US,Michigan,Cass,110,4,0,41.91522292,-85.99405727,26027.0,212.40851951261902,3.636363636363636,106,108,4,0,104,108,51653,2,0,0,2,0
2020-06-10,US,Michigan,Charlevoix,19,1,0,45.37790017,-85.19614053,26029.0,72.67719848525418,5.2631578947368425,18,19,1,0,18,22,26244,0,0,0,0,-3
2020-06-10,US,Michigan,Cheboygan,26,1,0,45.44787015,-84.50122149,26031.0,102.86437727488527,3.8461538461538463,25,26,1,0,25,26,25413,0,0,0,0,0
2020-06-10,US,Michigan,Chippewa,3,0,0,46.29552653,-84.54353449,26033.0,8.032343570108972,0.0,3,3,0,0,3,3,37517,0,0,0,0,0
2020-06-10,US,Michigan,Clare,24,2,0,43.98794227,-84.84819859999998,26035.0,77.5444264943457,8.333333333333334,22,23,2,0,21,23,30757,1,0,0,1,0
2020-06-10,US,Michigan,Clinton,187,11,0,42.94400871,-84.60145248,26037.0,234.9393806143602,5.882352941176472,176,186,11,0,175,183,79332,1,0,0,1,3
2020-06-10,US,Michigan,Crawford,63,5,0,44.68255561,-84.61006219,26039.0,449.0697840188182,7.936507936507938,58,63,5,0,58,63,13901,0,0,0,0,0
2020-06-10,US,Michigan,Delta,20,2,0,45.90484910000001,-86.9080745,26041.0,55.8909009613235,10.0,18,20,2,0,18,20,35857,0,0,0,0,0
2020-06-10,US,Michigan,Dickinson,6,2,0,46.00999672,-87.86961634,26043.0,23.772732675621064,33.333333333333336,4,6,2,0,4,6,25383,0,0,0,0,0
2020-06-10,US,Michigan,Eaton,255,7,0,42.59599185,-84.83740035,26045.0,231.254761127435,2.7450980392156863,248,252,7,0,245,244,109826,3,0,0,3,8
2020-06-10,US,Michigan,Emmet,26,2,0,45.52625509,-84.89083249,26047.0,77.80936705072574,7.6923076923076925,24,26,2,0,24,27,33308,0,0,0,0,-1
2020-06-10,US,Michigan,Federal Correctional Institution (FCI),159,5,0,0.0,0.0,0.0,0.0,3.1446540880503147,154,156,5,0,151,154,,3,0,0,3,2
2020-06-10,US,Michigan,Genesee,2558,282,0,43.02244215,-83.70589709,26049.0,630.3395899096382,11.024237685691947,2276,2552,281,0,2271,2546,406892,6,1,0,5,6
2020-06-10,US,Michigan,Gladwin,20,1,0,43.98901072,-84.38774817,26051.0,78.58854964831625,5.0,19,19,1,0,18,19,25337,1,0,0,1,0
2020-06-10,US,Michigan,Gogebic,5,1,0,46.40862701,-89.69377193,26053.0,35.77817531305904,20.0,4,6,1,0,5,5,15096,-1,0,0,-1,1
2020-06-10,US,Michigan,Grand Traverse,35,5,0,44.69565625,-85.55585247,26055.0,37.59883121347542,14.285714285714285,30,35,5,0,30,39,92573,0,0,0,0,-4
2020-06-10,US,Michigan,Gratiot,88,11,0,43.29265605,-84.60505416,26057.0,216.15779519048905,12.5,77,88,11,0,77,88,40599,0,0,0,0,0
2020-06-10,US,Michigan,Hillsdale,179,25,0,41.88753639,-84.59312019,26059.0,392.50082227825897,13.966480446927376,154,179,25,0,154,180,45749,0,0,0,0,-1
2020-06-10,US,Michigan,Houghton,8,0,0,46.89988536,-88.68495385,26061.0,22.419011321600717,0.0,8,8,0,0,8,8,36219,0,0,0,0,0
2020-06-10,US,Michigan,Huron,60,1,0,43.83353985,-83.04078453,26063.0,193.66708627868687,1.6666666666666667,59,59,1,0,58,57,31166,1,0,0,1,2
2020-06-10,US,Michigan,Ingham,810,28,0,42.59716886,-84.37472069,26065.0,277.012099614919,3.45679012345679,782,808,28,0,780,809,292735,2,0,0,2,-1
2020-06-10,US,Michigan,Ionia,176,4,0,42.94502238,-85.07413319,26067.0,272.037343308036,2.272727272727273,172,176,4,0,172,174,64210,0,0,0,0,2
2020-06-10,US,Michigan,Iosco,110,10,0,44.35486835,-83.63484895,26069.0,437.77609742508065,9.090909090909092,100,110,10,0,100,111,25081,0,0,0,0,-1
2020-06-10,US,Michigan,Iron,2,0,0,46.20974132,-88.53136251,26071.0,18.073377914332188,0.0,2,2,0,0,2,2,11117,0,0,0,0,0
2020-06-10,US,Michigan,Isabella,95,7,0,43.64060976,-84.84664923,26073.0,135.9629035951454,7.36842105263158,88,93,7,0,86,94,70562,2,0,0,2,-1
2020-06-10,US,Michigan,Jackson,484,30,0,42.24807035,-84.42258681,26075.0,305.3435114503817,6.198347107438017,454,483,30,0,453,483,158823,1,0,0,1,0
2020-06-10,US,Michigan,Kalamazoo,940,63,0,42.24542231,-85.53038622,26077.0,354.628658522783,6.702127659574468,877,935,61,0,874,934,264870,5,2,0,3,1
2020-06-10,US,Michigan,Kalkaska,30,2,0,44.68512729,-85.09085699,26079.0,166.3155560483424,6.666666666666668,28,30,2,0,28,32,17824,0,0,0,0,-2
2020-06-10,US,Michigan,Kent,4261,108,0,43.03197711,-85.54934642,26081.0,648.5984580374608,2.534616287256513,4153,4225,107,0,4118,4203,653786,36,1,0,35,22
2020-06-10,US,Michigan,Keweenaw,1,0,0,47.63197653,-88.41434263,26083.0,47.25897920604915,0.0,1,,,,,,2113,,,,,
2020-06-10,US,Michigan,Lake,7,0,0,43.99050893,-85.802173,26085.0,59.05677887454653,0.0,7,7,0,0,7,7,11881,0,0,0,0,0
2020-06-10,US,Michigan,Lapeer,225,32,0,43.09052506,-83.22153148,26087.0,256.82879221979977,14.222222222222221,193,226,31,0,195,223,88028,-1,1,0,-2,3
2020-06-10,US,Michigan,Leelanau,12,0,0,44.94430054,-85.80150326,26089.0,55.144524608244105,0.0,12,12,0,0,12,11,21764,0,0,0,0,1
2020-06-10,US,Michigan,Lenawee,191,6,0,41.89475156,-84.06603727,26091.0,194.00513961259915,3.141361256544503,185,191,6,0,185,191,98266,0,0,0,0,0
2020-06-10,US,Michigan,Livingston,519,28,0,42.60302282,-83.91297209,26093.0,270.319539571343,5.394990366088632,491,519,28,0,491,544,191224,0,0,0,0,-25
2020-06-10,US,Michigan,Luce,3,0,0,46.47227431,-85.54471223,26095.0,48.16182372772515,0.0,3,3,0,0,3,3,6283,0,0,0,0,0
2020-06-10,US,Michigan,Mackinac,8,0,0,46.07028979,-85.04980537,26097.0,74.0809334197611,0.0,8,8,0,0,8,8,10787,0,0,0,0,0
2020-06-10,US,Michigan,Macomb,7000,876,0,42.69158356,-82.92752801,26099.0,800.9409912445708,12.514285714285714,6124,6997,873,0,6124,7007,874759,3,3,0,0,-10
2020-06-10,US,Michigan,Manistee,12,1,0,44.33352407,-86.05626916,26101.0,48.863913999511354,8.333333333333334,11,12,1,0,11,15,24528,0,0,0,0,-3
2020-06-10,US,Michigan,Marquette,59,11,0,46.4338914,-87.64043701,26103.0,88.45709830732096,18.644067796610173,48,59,11,0,48,58,66516,0,0,0,0,1
2020-06-10,US,Michigan,Mason,38,0,0,43.99509218,-86.24988902,26105.0,130.38704364534723,0.0,38,38,0,0,38,38,29100,0,0,0,0,0
2020-06-10,US,Michigan,Mecosta,24,2,0,43.64064262,-85.32463223,26107.0,55.23208984419948,8.333333333333334,22,24,2,0,22,24,43545,0,0,0,0,0
2020-06-10,US,Michigan,Menominee,9,0,0,45.58038692,-87.55370409,26109.0,39.50834064969271,0.0,9,9,0,0,9,8,22983,0,0,0,0,1
2020-06-10,US,Michigan,Michigan Department of Corrections (MDOC),4129,69,0,0.0,0.0,0.0,0.0,1.6711068055219183,4060,4114,69,0,4045,4010,,15,0,0,15,104
2020-06-10,US,Michigan,Midland,138,9,0,43.64330771,-84.38804374,26111.0,165.9531482995815,6.521739130434782,129,128,9,0,119,125,83209,10,0,0,10,3
2020-06-10,US,Michigan,Missaukee,23,1,0,44.33772443,-85.09256478,26113.0,152.13652599550204,4.3478260869565215,22,22,1,0,21,22,15113,1,0,0,1,0
2020-06-10,US,Michigan,Monroe,560,21,0,41.92734151,-83.53749864,26115.0,372.0930232558139,3.75,539,560,21,0,539,559,150439,0,0,0,0,1
2020-06-10,US,Michigan,Montcalm,81,1,0,43.31082541,-85.15252824,26117.0,126.78437265214123,1.2345679012345678,80,79,1,0,78,78,63968,2,0,0,2,1
2020-06-10,US,Michigan,Montmorency,5,0,0,45.0275929,-84.12696227,26119.0,53.60205831903945,0.0,5,5,0,0,5,5,9265,0,0,0,0,0
2020-06-10,US,Michigan,Muskegon,726,40,0,43.29123859,-86.15176712,26121.0,418.2846870930943,5.5096418732782375,686,714,40,0,674,709,173588,12,0,0,12,5
2020-06-10,US,Michigan,Newaygo,125,0,0,43.554374,-85.80070107,26123.0,255.20620661494488,0.0,125,122,0,0,122,120,48892,3,0,0,3,2
2020-06-10,US,Michigan,Oakland,11262,1058,0,42.66090111,-83.38595416,26125.0,895.5266606445375,9.394423725803588,10204,11255,1056,0,10199,11133,1259201,7,2,0,5,122
2020-06-10,US,Michigan,Oceana,103,3,0,43.64124435,-86.26726673,26127.0,389.1638644349568,2.9126213592233015,100,102,3,0,99,101,26625,1,0,0,1,1
2020-06-10,US,Michigan,Ogemaw,31,2,0,44.33481032,-84.12725175,26129.0,147.64013906748582,6.451612903225807,29,31,2,0,29,31,20952,0,0,0,0,0
2020-06-10,US,Michigan,Osceola,18,0,0,43.98992088,-85.32566756,26133.0,76.72634271099744,0.0,18,18,0,0,18,17,23341,0,0,0,0,1
2020-06-10,US,Michigan,Oscoda,8,1,0,44.68192279,-84.12939244,26135.0,97.07559762164786,12.5,7,8,1,0,7,8,8276,0,0,0,0,0
2020-06-10,US,Michigan,Otsego,120,10,0,45.02085831,-84.59898295,26137.0,486.4601913410085,8.333333333333334,110,120,10,0,110,131,24665,0,0,0,0,-11
2020-06-10,US,Michigan,Ottawa,900,48,0,42.95996803,-85.9969107,26139.0,308.3987252852688,5.333333333333333,852,892,48,0,844,904,290494,8,0,0,8,-12
2020-06-10,US,Michigan,Out of MI,23,0,0,0.0,0.0,80026.0,0.0,0.0,23,42,0,0,42,33,,-19,0,0,-19,9
2020-06-10,US,Michigan,Presque Isle,11,0,0,45.34018577,-83.91498656,26141.0,87.35705209656925,0.0,11,11,0,0,11,11,12738,0,0,0,0,0
2020-06-10,US,Michigan,Roscommon,24,0,0,44.33473082,-84.61067651,26143.0,99.92089595736708,0.0,24,24,0,0,24,24,23884,0,0,0,0,0
2020-06-10,US,Michigan,Saginaw,1138,115,0,43.33433923,-84.05131209999998,26145.0,597.2530558048484,10.105448154657294,1023,1137,115,0,1022,1135,190800,1,0,0,1,2
2020-06-10,US,Michigan,Sanilac,42,6,0,43.42406072,-82.82055898,26151.0,102.01603109059995,14.285714285714285,36,42,6,0,36,43,41182,0,0,0,0,-1
2020-06-10,US,Michigan,Schoolcraft,4,0,0,46.19235734,-86.19972234,26153.0,49.419322955275504,0.0,4,4,0,0,4,4,8068,0,0,0,0,0
2020-06-10,US,Michigan,Shiawassee,262,27,0,42.95392800000001,-84.14585902,26155.0,384.6040926572914,10.305343511450381,235,261,27,0,234,261,68192,1,0,0,1,0
2020-06-10,US,Michigan,St. Clair,514,45,0,42.92655373,-82.67937954,26147.0,323.0104067166055,8.754863813229573,469,511,45,0,466,516,159337,3,0,0,3,-5
2020-06-10,US,Michigan,St. Joseph,160,3,0,41.91441767,-85.52797979,26149.0,262.44997047437835,1.875,157,158,3,0,155,156,61043,2,0,0,2,2
2020-06-10,US,Michigan,Tuscola,206,25,0,43.46606813,-83.41897025,26157.0,394.29610489042017,12.135922330097088,181,205,25,0,180,204,52516,1,0,0,1,1
2020-06-10,US,Michigan,Unassigned,8,0,0,0.0,0.0,90026.0,0.0,0.0,8,8,0,0,8,111,,0,0,0,0,-103
2020-06-10,US,Michigan,Van Buren,195,7,0,42.25190229,-86.01939087,26159.0,257.6740621324841,3.58974358974359,188,179,7,0,172,177,75448,16,0,0,16,2
2020-06-10,US,Michigan,Washtenaw,1551,101,0,42.253105,-83.83853204,26161.0,421.9248587463038,6.5119277885235345,1450,1539,101,0,1438,1635,370963,12,0,0,12,-96
2020-06-10,US,Michigan,Wayne,21570,2653,0,42.28098405,-83.281255,26163.0,1233.0343448940546,12.29949003245248,18917,21533,2651,0,18882,21455,1753893,37,2,0,35,78
2020-06-10,US,Michigan,Wexford,14,3,0,44.33853602,-85.57712739,26165.0,41.62825964140228,21.428571428571427,11,14,3,0,11,18,33466,0,0,0,0,-4
2020-06-10,US,Minnesota,Aitkin,13,0,0,46.60962049,-93.4116826,27001.0,81.83306055646482,0.0,13,13,0,0,13,12,15902,0,0,0,0,1
2020-06-10,US,Minnesota,Anoka,1654,87,0,45.27476015,-93.24604565,27003.0,463.4078689682031,5.259975816203144,1567,1627,85,0,1542,1616,353813,27,2,0,25,11
2020-06-10,US,Minnesota,Becker,45,0,0,46.93479392,-95.67158144,27005.0,130.72654910960694,0.0,45,45,0,0,45,44,34371,0,0,0,0,1
2020-06-10,US,Minnesota,Beltrami,21,0,0,47.97373527,-94.93732139,27007.0,44.50283970500975,0.0,21,21,0,0,21,21,46847,0,0,0,0,0
2020-06-10,US,Minnesota,Benton,190,3,0,45.69804958,-93.99514135,27009.0,464.6726503460589,1.5789473684210529,187,190,3,0,187,188,40545,0,0,0,0,2
2020-06-10,US,Minnesota,Big Stone,13,0,0,45.42712824,-96.41403739,27011.0,260.4688439190543,0.0,13,12,0,0,12,12,4989,1,0,0,1,0
2020-06-10,US,Minnesota,Blue Earth,154,1,0,44.03554215,-94.06699781,27013.0,227.63218186924453,0.6493506493506493,153,153,1,0,152,152,67427,1,0,0,1,1
2020-06-10,US,Minnesota,Brown,17,2,0,44.24205652,-94.72562874,27015.0,67.97824696097248,11.764705882352944,15,17,2,0,15,17,25111,0,0,0,0,0
2020-06-10,US,Minnesota,Carlton,78,0,0,46.59180601,-92.67601019,27017.0,217.44584762064065,0.0,78,78,0,0,78,78,35837,0,0,0,0,0
2020-06-10,US,Minnesota,Carver,261,2,0,44.82017001,-93.8009918,27019.0,248.3609131307749,0.7662835249042146,259,257,2,0,255,254,103551,4,0,0,4,3
2020-06-10,US,Minnesota,Cass,11,2,0,46.95043611,-94.32603968,27021.0,36.93878236341045,18.181818181818183,9,12,2,0,10,12,29519,-1,0,0,-1,0
2020-06-10,US,Minnesota,Chippewa,54,1,0,45.02343421,-95.56403693,27023.0,457.6271186440678,1.851851851851852,53,53,1,0,52,52,11924,1,0,0,1,1
2020-06-10,US,Minnesota,Chisago,73,1,0,45.5021011,-92.90861945,27025.0,129.02313579243182,1.3698630136986298,72,70,1,0,69,70,55922,3,0,0,3,0
2020-06-10,US,Minnesota,Clay,490,31,0,46.89289518,-96.48761922,27027.0,762.9784186104449,6.3265306122448965,459,481,30,0,451,469,63955,9,1,0,8,12
2020-06-10,US,Minnesota,Clearwater,3,0,0,47.57992111,-95.37790562,27029.0,34.02132002721706,0.0,3,3,0,0,3,3,8810,0,0,0,0,0
2020-06-10,US,Minnesota,Cottonwood,94,0,0,44.00715262,-95.18138802,27033.0,839.5855662736693,0.0,94,94,0,0,94,92,11277,0,0,0,0,2
2020-06-10,US,Minnesota,Crow Wing,87,9,0,46.48096553,-94.06755609,27035.0,133.7329951579433,10.344827586206897,78,86,7,0,79,85,64889,1,2,0,-1,1
2020-06-10,US,Minnesota,Dakota,1572,71,0,44.67172617,-93.06299363,27037.0,366.41563000412566,4.5165394402035615,1501,1554,70,0,1484,1523,425423,18,1,0,17,31
2020-06-10,US,Minnesota,Dodge,55,0,0,44.02238415,-92.86244324,27039.0,262.73048629024555,0.0,55,55,0,0,55,55,20822,0,0,0,0,0
2020-06-10,US,Minnesota,Douglas,48,0,0,45.93348491,-95.45335469,27041.0,125.8488241000498,0.0,48,48,0,0,48,48,37964,0,0,0,0,0
2020-06-10,US,Minnesota,Faribault,25,0,0,43.67381499,-93.94787458,27043.0,183.1099392075002,0.0,25,25,0,0,25,24,13758,0,0,0,0,1
2020-06-10,US,Minnesota,Fillmore,20,1,0,43.67394126,-92.08980382,27045.0,94.93520672141264,5.0,19,20,1,0,19,20,21058,0,0,0,0,0
2020-06-10,US,Minnesota,Freeborn,197,0,0,43.67385583,-93.34884422,27047.0,650.5729665466795,0.0,197,188,0,0,188,185,30444,9,0,0,9,3
2020-06-10,US,Minnesota,Goodhue,86,7,0,44.40849741,-92.7234195,27049.0,185.5848079413034,8.13953488372093,79,83,7,0,76,79,46403,3,0,0,3,4
2020-06-10,US,Minnesota,Grant,6,0,0,45.93424769,-96.01139609,27051.0,100.46885465505692,0.0,6,5,0,0,5,5,6021,1,0,0,1,0
2020-06-10,US,Minnesota,Hennepin,9674,693,0,45.00761521,-93.47694895,27053.0,764.2337951862909,7.163531114327062,8981,9567,686,0,8881,9480,1259428,107,7,0,100,87
2020-06-10,US,Minnesota,Houston,5,0,0,43.67129565,-91.49143057,27055.0,26.88172043010753,0.0,5,5,0,0,5,4,18578,0,0,0,0,1
2020-06-10,US,Minnesota,Hubbard,5,0,0,47.10778564,-94.91693868,27057.0,23.265553022195334,0.0,5,5,0,0,5,5,21332,0,0,0,0,0
2020-06-10,US,Minnesota,Isanti,44,0,0,45.56181234,-93.29487636,27059.0,108.38506256774065,0.0,44,43,0,0,43,41,39966,1,0,0,1,2
2020-06-10,US,Minnesota,Itasca,58,12,0,47.51009045,-93.63092229,27061.0,128.51761577664524,20.689655172413797,46,57,11,0,46,56,45108,1,1,0,0,1
2020-06-10,US,Minnesota,Jackson,43,0,0,43.67423373,-95.15398258,27063.0,436.7255738370912,0.0,43,42,0,0,42,42,9911,1,0,0,1,0
2020-06-10,US,Minnesota,Kanabec,12,1,0,45.9459309,-93.29275192,27065.0,73.45289832894656,8.333333333333334,11,12,1,0,11,12,16207,0,0,0,0,0
2020-06-10,US,Minnesota,Kandiyohi,534,1,0,45.1526059,-95.00586446,27067.0,1236.1397254566075,0.18726591760299627,533,526,1,0,525,522,42855,8,0,0,8,4
2020-06-10,US,Minnesota,Kittson,1,0,0,48.77754106,-96.78317184,27069.0,23.266635644485806,0.0,1,1,0,0,1,1,4248,0,0,0,0,0
2020-06-10,US,Minnesota,Koochiching,9,0,0,48.24539665,-93.78352843,27071.0,73.59555155777251,0.0,9,9,0,0,9,9,12440,0,0,0,0,0
2020-06-10,US,Minnesota,Lac qui Parle,3,0,0,44.9973857,-96.17488219,27073.0,45.29669334138608,0.0,3,3,0,0,3,3,6658,0,0,0,0,0
2020-06-10,US,Minnesota,Lake,1,0,0,47.64270764,-91.44557998,27075.0,9.3976130062964,0.0,1,1,0,0,1,1,10658,0,0,0,0,0
2020-06-10,US,Minnesota,Le Sueur,50,1,0,44.37136597,-93.72844721,27079.0,173.08824038494822,2.0,49,50,1,0,49,49,28494,0,0,0,0,1
2020-06-10,US,Minnesota,Lincoln,6,0,0,44.41311883,-96.26688165,27081.0,106.40184429863451,0.0,6,6,0,0,6,6,5673,0,0,0,0,0
2020-06-10,US,Minnesota,Lyon,158,2,0,44.41327865,-95.83806103,27083.0,620.2402449556411,1.2658227848101269,156,145,2,0,143,144,25629,13,0,0,13,1
2020-06-10,US,Minnesota,Mahnomen,6,1,0,47.32557075,-95.80921485,27087.0,108.5579880586213,16.666666666666668,5,6,1,0,5,6,5519,0,0,0,0,0
2020-06-10,US,Minnesota,Marshall,12,0,0,48.35825983,-96.37017407,27089.0,128.53470437017995,0.0,12,12,0,0,12,12,9390,0,0,0,0,0
2020-06-10,US,Minnesota,Martin,143,5,0,43.67429718,-94.55099908,27091.0,726.5152669816594,3.4965034965034967,138,142,5,0,137,140,19785,1,0,0,1,2
2020-06-10,US,Minnesota,McLeod,46,0,0,44.82367677,-94.27287017,27085.0,128.1586938957457,0.0,46,45,0,0,45,44,35873,1,0,0,1,1
2020-06-10,US,Minnesota,Meeker,47,1,0,45.12328869,-94.52839455,27093.0,202.3942812849884,2.127659574468085,46,47,1,0,46,47,23141,0,0,0,0,0
2020-06-10,US,Minnesota,Mille Lacs,24,1,0,45.93705297,-93.63236823,27095.0,91.33462724055258,4.166666666666667,23,24,1,0,23,24,26139,0,0,0,0,0
2020-06-10,US,Minnesota,Morrison,52,0,0,46.01265363,-94.27341528,27097.0,155.753908824058,0.0,52,51,0,0,51,51,33169,1,0,0,1,0
2020-06-10,US,Minnesota,Mower,574,2,0,43.67142874,-92.75234549,27099.0,1432.7791922520096,0.3484320557491289,572,537,2,0,535,524,40011,37,0,0,37,13
2020-06-10,US,Minnesota,Murray,41,0,0,44.02216709,-95.76328482,27101.0,500.36612155235537,0.0,41,41,0,0,41,41,8276,0,0,0,0,0
2020-06-10,US,Minnesota,Nicollet,93,11,0,44.35291112,-94.24710352,27103.0,271.34270875882595,11.827956989247312,82,91,11,0,80,90,34220,2,0,0,2,1
2020-06-10,US,Minnesota,Nobles,1599,6,0,43.67434621,-95.75329576,27105.0,7392.852189190438,0.37523452157598497,1593,1597,5,0,1592,1597,21924,2,1,0,1,0
2020-06-10,US,Minnesota,Norman,16,0,0,47.32628443,-96.45620947,27107.0,250.98039215686276,0.0,16,16,0,0,16,16,6475,0,0,0,0,0
2020-06-10,US,Minnesota,Olmsted,740,12,0,44.00374114,-92.40209944,27109.0,467.48750734397606,1.6216216216216215,728,727,12,0,715,722,156277,13,0,0,13,5
2020-06-10,US,Minnesota,Otter Tail,78,1,0,46.40846929,-95.70835255,27111.0,132.7749974466347,1.2820512820512822,77,78,1,0,77,77,58812,0,0,0,0,1
2020-06-10,US,Minnesota,Pennington,37,0,0,48.06642577,-96.0370814,27113.0,262.05821942063886,0.0,37,37,0,0,37,36,14178,0,0,0,0,1
2020-06-10,US,Minnesota,Pine,94,0,0,46.12105238,-92.74070188,27115.0,317.793028838027,0.0,94,94,0,0,94,93,29483,0,0,0,0,1
2020-06-10,US,Minnesota,Pipestone,14,0,0,44.02301619,-96.25841142,27117.0,153.40784571553803,0.0,14,14,0,0,14,14,9047,0,0,0,0,0
2020-06-10,US,Minnesota,Polk,67,2,0,47.77372465,-96.40134647,27119.0,213.62071164392296,2.985074626865672,65,67,2,0,65,64,31529,0,0,0,0,3
2020-06-10,US,Minnesota,Pope,10,0,0,45.58606667,-95.44451209,27121.0,88.8967908258512,0.0,10,10,0,0,10,10,11097,0,0,0,0,0
2020-06-10,US,Minnesota,Ramsey,3680,167,0,45.01625271,-93.09872295,27123.0,668.7006310862206,4.538043478260869,3513,3626,164,0,3462,3553,550210,54,3,0,51,73
2020-06-10,US,Minnesota,Red Lake,4,0,0,47.87197525,-96.09561104,27125.0,98.64364981504316,0.0,4,4,0,0,4,4,3999,0,0,0,0,0
2020-06-10,US,Minnesota,Redwood,8,0,0,44.40555844,-95.25207021,27127.0,52.735662491760046,0.0,8,8,0,0,8,8,15249,0,0,0,0,0
2020-06-10,US,Minnesota,Renville,8,0,0,44.72836381,-94.94553734,27129.0,54.99037668408029,0.0,8,8,0,0,8,8,14612,0,0,0,0,0
2020-06-10,US,Minnesota,Rice,594,3,0,44.3543376,-93.29658715,27131.0,886.9378247625873,0.5050505050505051,591,593,3,0,590,587,66523,1,0,0,1,6
2020-06-10,US,Minnesota,Rock,23,0,0,43.67482683,-96.25296832,27133.0,246.9135802469136,0.0,23,23,0,0,23,23,9414,0,0,0,0,0
2020-06-10,US,Minnesota,Roseau,5,0,0,48.77501878,-95.81079919,27135.0,32.97065611605671,0.0,5,5,0,0,5,5,15150,0,0,0,0,0
2020-06-10,US,Minnesota,Scott,504,3,0,44.6490231,-93.53340251,27139.0,338.22552394757497,0.5952380952380952,501,496,2,0,494,493,147381,8,1,0,7,3
2020-06-10,US,Minnesota,Sherburne,260,2,0,45.44447208,-93.77617511,27141.0,267.38517863386744,0.7692307692307693,258,261,2,0,259,257,96036,-1,0,0,-1,4
2020-06-10,US,Minnesota,Sibley,25,1,0,44.5796592,-94.23164924,27143.0,168.18028927009757,4.0,24,19,1,0,18,19,15028,6,0,0,6,0
2020-06-10,US,Minnesota,St. Louis,119,14,0,47.6048407,-92.46879855,27137.0,59.77796754910333,11.764705882352944,105,119,14,0,105,119,199754,0,0,0,0,0
2020-06-10,US,Minnesota,Stearns,2081,17,0,45.55192576,-94.61078221,27145.0,1291.9447462362255,0.8169149447381067,2064,2076,17,0,2059,2071,159256,5,0,0,5,5
2020-06-10,US,Minnesota,Steele,173,0,0,44.02240351,-93.22627088,27147.0,472.0456219815002,0.0,173,173,0,0,173,173,36803,0,0,0,0,0
2020-06-10,US,Minnesota,Stevens,1,0,0,45.58613007,-96.00163705,27149.0,10.198878123406423,0.0,1,1,0,0,1,1,9753,0,0,0,0,0
2020-06-10,US,Minnesota,Swift,19,1,0,45.2829032,-95.68264092,27151.0,205.05072307360246,5.2631578947368425,18,19,1,0,18,19,9345,0,0,0,0,0
2020-06-10,US,Minnesota,Todd,364,2,0,46.06996226,-94.89785296,27153.0,1475.8352254297765,0.5494505494505495,362,361,2,0,359,354,24582,3,0,0,3,7
2020-06-10,US,Minnesota,Traverse,5,0,0,45.77298854,-96.47062949,27155.0,153.42129487572873,0.0,5,5,0,0,5,5,3308,0,0,0,0,0
2020-06-10,US,Minnesota,Unassigned,82,31,0,0.0,0.0,90027.0,0.0,37.804878048780495,51,86,11,0,75,88,,-4,20,0,-24,-2
2020-06-10,US,Minnesota,Wabasha,20,0,0,44.28424356,-92.23121312,27157.0,92.47699634715865,0.0,20,20,0,0,20,20,21645,0,0,0,0,0
2020-06-10,US,Minnesota,Wadena,10,0,0,46.58589171,-94.96968506,27159.0,73.0887297178775,0.0,10,10,0,0,10,10,13773,0,0,0,0,0
2020-06-10,US,Minnesota,Waseca,32,0,0,44.02211116,-93.58720034,27161.0,171.93208682570386,0.0,32,32,0,0,32,30,18691,0,0,0,0,2
2020-06-10,US,Minnesota,Washington,735,36,0,45.03864533,-92.88429635,27163.0,280.0640146319159,4.8979591836734695,699,732,36,0,696,731,259201,3,0,0,3,1
2020-06-10,US,Minnesota,Watonwan,86,0,0,43.97823903,-94.61413846,27165.0,789.2080389097915,0.0,86,84,0,0,84,83,10980,2,0,0,2,1
2020-06-10,US,Minnesota,Wilkin,12,3,0,46.35721532,-96.4684375,27167.0,193.33011116481396,25.0,9,11,3,0,8,11,6254,1,0,0,1,0
2020-06-10,US,Minnesota,Winona,86,15,0,43.98772283,-91.78081305,27169.0,170.35100229775767,17.441860465116278,71,85,15,0,70,85,50825,1,0,0,1,0
2020-06-10,US,Minnesota,Wright,362,2,0,45.17297924,-93.96234781,27171.0,261.6041683227704,0.5524861878453039,360,361,2,0,359,361,136349,1,0,0,1,0
2020-06-10,US,Minnesota,Yellow Medicine,8,0,0,44.71710183,-95.86842453,27173.0,82.39777526006797,0.0,8,7,0,0,7,7,9795,1,0,0,1,0
2020-06-10,US,Mississippi,Adams,222,17,0,31.47669768,-91.35326037,28001.0,723.2919558205454,7.657657657657657,205,222,17,0,205,222,31192,0,0,0,0,0
2020-06-10,US,Mississippi,Alcorn,26,1,0,34.88084463,-88.57996173,28003.0,70.35964603685764,3.8461538461538463,25,23,1,0,22,22,36925,3,0,0,3,1
2020-06-10,US,Mississippi,Amite,67,2,0,31.17467303,-90.80501621,28005.0,544.8483369927625,2.985074626865672,65,66,2,0,64,66,12326,1,0,0,1,0
2020-06-10,US,Mississippi,Attala,323,22,0,33.08658803,-89.57838564,28007.0,1777.264223616155,6.811145510835912,301,319,21,0,298,317,18365,4,1,0,3,2
2020-06-10,US,Mississippi,Benton,17,0,0,34.81681228,-89.18945516,28009.0,205.8360576340961,0.0,17,16,0,0,16,16,8271,1,0,0,1,0
2020-06-10,US,Mississippi,Bolivar,180,11,0,33.79696941,-90.87372121,28011.0,587.697531670367,6.111111111111112,169,179,11,0,168,176,31333,1,0,0,1,3
2020-06-10,US,Mississippi,Calhoun,75,4,0,33.93683395,-89.33686647,28013.0,522.2477543346564,5.333333333333333,71,74,4,0,70,72,14436,1,0,0,1,2
2020-06-10,US,Mississippi,Carroll,123,11,0,33.44834567,-89.91994479,28015.0,1236.5537347944105,8.943089430894311,112,121,11,0,110,120,9911,2,0,0,2,1
2020-06-10,US,Mississippi,Chickasaw,158,15,0,33.91983202,-88.9481545,28017.0,923.8145354616147,9.49367088607595,143,154,15,0,139,153,17171,4,0,0,4,1
2020-06-10,US,Mississippi,Choctaw,62,2,0,33.34598242,-89.24809382,28019.0,755.1766138855055,3.2258064516129035,60,62,2,0,60,58,8278,0,0,0,0,4
2020-06-10,US,Mississippi,Claiborne,131,7,0,31.97061673,-90.90702196,28021.0,1457.4988874054293,5.343511450381679,124,129,7,0,122,127,9002,2,0,0,2,2
2020-06-10,US,Mississippi,Clarke,164,21,0,32.04158545,-88.68896219999998,28023.0,1055.273148446046,12.80487804878049,143,163,21,0,142,163,15604,1,0,0,1,0
2020-06-10,US,Mississippi,Clay,145,5,0,33.65358105,-88.77784255,28025.0,750.6730171878237,3.4482758620689653,140,137,4,0,133,134,19386,8,1,0,7,3
2020-06-10,US,Mississippi,Coahoma,141,4,0,34.22772299,-90.60415045,28027.0,637.3169408786838,2.8368794326241136,137,141,4,0,137,139,22628,0,0,0,0,2
2020-06-10,US,Mississippi,Copiah,366,5,0,31.86977774,-90.44565118,28029.0,1304.1154462854088,1.3661202185792352,361,360,4,0,356,357,28543,6,1,0,5,3
2020-06-10,US,Mississippi,Covington,200,2,0,31.63225413,-89.55389939,28031.0,1073.1916720326249,1.0,198,190,2,0,188,190,18853,10,0,0,10,0
2020-06-10,US,Mississippi,DeSoto,664,11,0,34.87625235,-89.99091418,28033.0,359.0256562761902,1.6566265060240963,653,642,11,0,631,633,182001,22,0,0,22,9
2020-06-10,US,Mississippi,Forrest,667,41,0,31.18961454,-89.25832496,28035.0,890.5563640733274,6.146926536731634,626,649,40,0,609,635,75036,18,1,0,17,14
2020-06-10,US,Mississippi,Franklin,29,2,0,31.47786634,-90.89672989,28037.0,375.9885906910411,6.896551724137932,27,29,2,0,27,29,7788,0,0,0,0,0
2020-06-10,US,Mississippi,George,32,2,0,30.86259065,-88.64436789,28039.0,130.6122448979592,6.25,30,32,2,0,30,31,24250,0,0,0,0,1
2020-06-10,US,Mississippi,Greene,45,2,0,31.21444233,-88.63922281,28041.0,331.22331812159575,4.4444444444444455,43,47,2,0,45,47,13586,-2,0,0,-2,0
2020-06-10,US,Mississippi,Grenada,138,4,0,33.77036166,-89.80245083,28043.0,664.8039310145488,2.898550724637681,134,133,4,0,129,127,21055,5,0,0,5,6
2020-06-10,US,Mississippi,Hancock,94,12,0,30.41830223,-89.48851033,28045.0,197.34632180047024,12.76595744680851,82,93,12,0,81,93,47334,1,0,0,1,0
2020-06-10,US,Mississippi,Harrison,311,7,0,30.51359752,-89.12467576,28047.0,149.4617454825067,2.2508038585209005,304,299,7,0,292,288,206650,12,0,0,12,11
2020-06-10,US,Mississippi,Hinds,1206,26,0,32.2656285,-90.44435448,28049.0,520.1863354037266,2.155887230514096,1180,1186,26,0,1160,1164,237085,20,0,0,20,22
2020-06-10,US,Mississippi,Holmes,460,32,0,33.12345854,-90.08923538,28051.0,2704.291593180482,6.956521739130435,428,461,31,0,430,461,17622,-1,1,0,-2,0
2020-06-10,US,Mississippi,Humphreys,78,8,0,33.12825718,-90.52252707,28053.0,967.2619047619047,10.256410256410255,70,75,8,0,67,74,8257,3,0,0,3,1
2020-06-10,US,Mississippi,Itawamba,96,8,0,34.27993475,-88.3606733,28057.0,410.4318084651561,8.333333333333334,88,93,8,0,85,92,23517,3,0,0,3,1
2020-06-10,US,Mississippi,Jackson,339,16,0,30.54020656,-88.64184064,28059.0,236.0444794139969,4.71976401179941,323,338,16,0,322,329,143277,1,0,0,1,9
2020-06-10,US,Mississippi,Jasper,189,4,0,32.01922104,-89.11786866,28061.0,1153.6348654092658,2.1164021164021163,185,185,4,0,181,184,16428,4,0,0,4,1
2020-06-10,US,Mississippi,Jefferson,50,2,0,31.73397872,-91.03764977,28063.0,715.307582260372,4.0,48,50,1,0,49,50,7106,0,1,0,-1,0
2020-06-10,US,Mississippi,Jefferson Davis,84,3,0,31.56884708,-89.82670990000004,28065.0,754.8526240115025,3.571428571428572,81,85,3,0,82,85,11234,-1,0,0,-1,0
2020-06-10,US,Mississippi,Jones,812,36,0,31.62257767,-89.16896899999998,28067.0,1192.3991894035064,4.433497536945813,776,792,36,0,756,777,68461,20,0,0,20,15
2020-06-10,US,Mississippi,Kemper,166,11,0,32.75462946,-88.64105766,28069.0,1703.9622254157255,6.626506024096385,155,166,11,0,155,163,10027,0,0,0,0,3
2020-06-10,US,Mississippi,Lafayette,161,4,0,34.35687874,-89.48490961,28071.0,298.04328106777245,2.4844720496894412,157,157,4,0,153,157,54793,4,0,0,4,0
2020-06-10,US,Mississippi,Lamar,278,5,0,31.20572971,-89.5077704,28073.0,438.8803814154682,1.7985611510791366,273,272,5,0,267,262,62447,6,0,0,6,10
2020-06-10,US,Mississippi,Lauderdale,795,74,0,32.40419769,-88.66229662,28075.0,1072.512647554806,9.308176100628929,721,793,71,0,722,785,75317,2,3,0,-1,8
2020-06-10,US,Mississippi,Lawrence,113,1,0,31.55147224,-90.10841127,28077.0,897.8229779119658,0.8849557522123894,112,109,1,0,108,109,12455,4,0,0,4,0
2020-06-10,US,Mississippi,Leake,472,14,0,32.7536828,-89.52402044,28079.0,2071.4473799701573,2.9661016949152543,458,469,12,0,457,466,22763,3,2,0,1,3
2020-06-10,US,Mississippi,Lee,261,11,0,34.291877500000005,-88.68149954,28081.0,305.49183014186065,4.21455938697318,250,248,9,0,239,237,85202,13,2,0,11,11
2020-06-10,US,Mississippi,Leflore,330,44,0,33.55545125,-90.29900733,28083.0,1170.9186388957885,13.333333333333336,286,322,43,0,279,309,28919,8,1,0,7,13
2020-06-10,US,Mississippi,Lincoln,314,32,0,31.53288662,-90.45391915,28085.0,919.3921471027437,10.19108280254777,282,308,32,0,276,300,34205,6,0,0,6,8
2020-06-10,US,Mississippi,Lowndes,290,9,0,33.47386518,-88.44191529999998,28087.0,494.9227749808004,3.103448275862069,281,277,9,0,268,274,58930,13,0,0,13,3
2020-06-10,US,Mississippi,Madison,843,30,0,32.63389156,-90.03513564,28089.0,793.2475158084915,3.5587188612099645,813,832,29,0,803,807,105630,11,1,0,10,25
2020-06-10,US,Mississippi,Marion,132,9,0,31.23132643,-89.8209217,28091.0,537.1749481137833,6.8181818181818175,123,129,9,0,120,127,24715,3,0,0,3,2
2020-06-10,US,Mississippi,Marshall,98,3,0,34.76216286,-89.50299462,28093.0,277.66759222530743,3.0612244897959178,95,96,3,0,93,93,35451,2,0,0,2,3
2020-06-10,US,Mississippi,Monroe,290,25,0,33.89236763,-88.4808438,28095.0,822.6483603767163,8.620689655172415,265,285,25,0,260,280,35564,5,0,0,5,5
2020-06-10,US,Mississippi,Montgomery,88,1,0,33.49419589,-89.61729103,28097.0,900.2557544757033,1.1363636363636365,87,88,1,0,87,86,10023,0,0,0,0,2
2020-06-10,US,Mississippi,Neshoba,821,49,0,32.75339664,-89.11726492,28099.0,2819.5617830894985,5.9683313032886725,772,805,48,0,757,772,29125,16,1,0,15,33
2020-06-10,US,Mississippi,Newton,313,6,0,32.40021118,-89.11843336,28101.0,1489.199733561709,1.9169329073482428,307,307,5,0,302,301,21443,6,1,0,5,6
2020-06-10,US,Mississippi,Noxubee,209,6,0,33.11009499,-88.56949061,28103.0,2006.335797254488,2.8708133971291865,203,206,6,0,200,204,10535,3,0,0,3,2
2020-06-10,US,Mississippi,Oktibbeha,327,17,0,33.42491685,-88.87905132,28105.0,659.4470324883538,5.198776758409786,310,307,16,0,291,300,49599,20,1,0,19,7
2020-06-10,US,Mississippi,Panola,110,3,0,34.36398677,-89.95064249,28107.0,321.7126813289658,2.727272727272727,107,105,3,0,102,102,34178,5,0,0,5,3
2020-06-10,US,Mississippi,Pearl River,221,31,0,30.77090935,-89.58677275,28109.0,397.9472404789772,14.027149321266966,190,221,31,0,190,217,55387,0,0,0,0,4
2020-06-10,US,Mississippi,Perry,52,3,0,31.17161885,-88.99281835,28111.0,434.31053203040176,5.769230769230768,49,52,3,0,49,52,11931,0,0,0,0,0
2020-06-10,US,Mississippi,Pike,213,11,0,31.17507789,-90.40392572,28113.0,542.1502748930972,5.164319248826291,202,211,11,0,200,211,39563,2,0,0,2,0
2020-06-10,US,Mississippi,Pontotoc,64,3,0,34.226046000000004,-89.03636807,28115.0,198.91838130167218,4.6875,61,62,3,0,59,60,31833,2,0,0,2,2
2020-06-10,US,Mississippi,Prentiss,63,3,0,34.61810501,-88.51986294,28117.0,250.7362891029213,4.761904761904762,60,62,3,0,59,57,25315,1,0,0,1,5
2020-06-10,US,Mississippi,Quitman,34,0,0,34.25157572,-90.28908,28119.0,500.5889281507656,0.0,34,32,0,0,32,32,7051,2,0,0,2,0
2020-06-10,US,Mississippi,Rankin,505,10,0,32.26469147,-89.94537876,28121.0,325.2378100224768,1.98019801980198,495,498,10,0,488,485,153902,7,0,0,7,13
2020-06-10,US,Mississippi,Scott,682,12,0,32.406704100000006,-89.53789439,28123.0,2424.975110226141,1.7595307917888563,670,677,12,0,665,673,28287,5,0,0,5,4
2020-06-10,US,Mississippi,Sharkey,7,0,0,32.88149103,-90.8159538,28125.0,161.99953714417958,0.0,7,7,0,0,7,7,4377,0,0,0,0,0
2020-06-10,US,Mississippi,Simpson,117,1,0,31.91282117,-89.91716179,28127.0,438.89264010803515,0.8547008547008547,116,112,0,0,112,108,26758,5,1,0,4,4
2020-06-10,US,Mississippi,Smith,173,11,0,32.01744532,-89.50644846,28129.0,1086.9565217391305,6.3583815028901745,162,172,11,0,161,168,16002,1,0,0,1,4
2020-06-10,US,Mississippi,Stone,33,0,0,30.79187949,-89.11547539,28131.0,179.9738219895288,0.0,33,34,0,0,34,34,18717,-1,0,0,-1,0
2020-06-10,US,Mississippi,Sunflower,109,4,0,33.60192578,-90.58882684,28133.0,434.0900039824771,3.669724770642202,105,105,4,0,101,103,25735,4,0,0,4,2
2020-06-10,US,Mississippi,Tallahatchie,35,1,0,33.95339918,-90.1729398,28135.0,253.45788978202626,2.8571428571428568,34,35,1,0,34,35,13987,0,0,0,0,0
2020-06-10,US,Mississippi,Tate,118,1,0,34.65133709,-89.94485778,28137.0,416.6519543801419,0.8474576271186439,117,112,1,0,111,103,28759,6,0,0,6,9
2020-06-10,US,Mississippi,Tippah,90,11,0,34.76872156,-88.90988194,28139.0,408.8121735180559,12.222222222222221,79,87,11,0,76,84,21995,3,0,0,3,3
2020-06-10,US,Mississippi,Tishomingo,43,0,0,34.74023475,-88.23917219,28141.0,221.8438838157148,0.0,43,42,0,0,42,41,19454,1,0,0,1,1
2020-06-10,US,Mississippi,Tunica,61,3,0,34.64967704,-90.37481167,28143.0,633.3056478405316,4.918032786885246,58,60,3,0,57,58,9944,1,0,0,1,2
2020-06-10,US,Mississippi,Union,93,7,0,34.49162015,-89.00776006,28145.0,322.74856845393026,7.526881720430107,86,92,7,0,85,92,28606,1,0,0,1,0
2020-06-10,US,Mississippi,Walthall,85,0,0,31.14971548,-90.10446654,28147.0,594.9881002379952,0.0,85,82,0,0,82,76,14465,3,0,0,3,6
2020-06-10,US,Mississippi,Warren,232,12,0,32.35810271,-90.83352619,28149.0,511.22716555386603,5.172413793103448,220,223,12,0,211,214,46176,9,0,0,9,9
2020-06-10,US,Mississippi,Washington,222,8,0,33.28392041,-90.94196237,28151.0,505.59110888428336,3.603603603603604,214,221,8,0,213,215,45063,1,0,0,1,6
2020-06-10,US,Mississippi,Wayne,346,5,0,31.64135687,-88.69573913,28153.0,1714.3140266560968,1.4450867052023122,341,335,5,0,330,328,20298,11,0,0,11,7
2020-06-10,US,Mississippi,Webster,99,8,0,33.61300486,-89.28392912,28155.0,1021.7772731964084,8.080808080808081,91,98,7,0,91,98,9788,1,1,0,0,0
2020-06-10,US,Mississippi,Wilkinson,85,9,0,31.16078225,-91.31018819,28157.0,984.936268829664,10.588235294117649,76,85,9,0,76,85,8792,0,0,0,0,0
2020-06-10,US,Mississippi,Winston,139,2,0,33.08747908,-89.03391385,28159.0,774.1576162628793,1.4388489208633093,137,136,1,0,135,136,18165,3,1,0,2,0
2020-06-10,US,Mississippi,Yalobusha,128,7,0,34.02824175,-89.70762049999998,28161.0,1057.152296002643,5.46875,121,123,7,0,116,121,12392,5,0,0,5,2
2020-06-10,US,Mississippi,Yazoo,329,6,0,32.77890365,-90.39656148,28163.0,1108.1172111822161,1.82370820668693,323,321,6,0,315,310,28248,8,0,0,8,11
2020-06-10,US,Missouri,Adair,74,0,0,40.19058551,-92.60078167,29001.0,291.99384445408987,0.0,74,74,0,0,74,72,25339,0,0,0,0,2
2020-06-10,US,Missouri,Andrew,34,0,0,39.98492163,-94.80163024,29003.0,191.96025293586268,0.0,34,33,0,0,33,33,17607,1,0,0,1,0
2020-06-10,US,Missouri,Atchison,3,0,0,40.43238737,-95.42970639,29005.0,58.331713007972,0.0,3,3,0,0,3,3,5171,0,0,0,0,0
2020-06-10,US,Missouri,Audrain,119,0,0,39.215877,-91.84242683,29007.0,468.7253820702694,0.0,119,117,0,0,117,117,25473,2,0,0,2,0
2020-06-10,US,Missouri,Barry,9,0,0,36.70978521,-93.82919888,29009.0,25.147391656654282,0.0,9,9,0,0,9,9,35886,0,0,0,0,0
2020-06-10,US,Missouri,Bates,12,1,0,38.25271289,-94.34113157,29013.0,74.20232500618353,8.333333333333334,11,12,1,0,11,12,16320,0,0,0,0,0
2020-06-10,US,Missouri,Benton,13,0,0,38.29503305,-93.28756116,29015.0,66.86210975672479,0.0,13,13,0,0,13,13,19278,0,0,0,0,0
2020-06-10,US,Missouri,Bollinger,7,0,0,37.32449052,-90.02725304,29017.0,57.6938926893596,0.0,7,7,0,0,7,7,12169,0,0,0,0,0
2020-06-10,US,Missouri,Boone,197,2,0,38.99186229,-92.30723575,29019.0,109.16365127477656,1.0152284263959392,195,194,2,0,192,193,180005,3,0,0,3,1
2020-06-10,US,Missouri,Buchanan,762,2,0,39.65816401,-94.80138942,29021.0,872.2128107687378,0.2624671916010499,760,755,2,0,753,754,88571,7,0,0,7,1
2020-06-10,US,Missouri,Butler,51,0,0,36.71462476,-90.40421163,29023.0,120.06214981872971,0.0,51,51,0,0,51,47,42639,0,0,0,0,4
2020-06-10,US,Missouri,Caldwell,8,0,0,39.65620858,-93.98308093,29025.0,88.69179600886919,0.0,8,8,0,0,8,8,9108,0,0,0,0,0
2020-06-10,US,Missouri,Callaway,34,1,0,38.83674754,-91.92186505,29027.0,75.9895402632814,2.9411764705882355,33,34,1,0,33,34,44889,0,0,0,0,0
2020-06-10,US,Missouri,Camden,38,1,0,38.02199522,-92.76083747,29029.0,82.06457186049023,2.631578947368421,37,38,1,0,37,38,45815,0,0,0,0,0
2020-06-10,US,Missouri,Cape Girardeau,88,3,0,37.38489388,-89.6843587,29031.0,111.57459649300759,3.4090909090909087,85,87,3,0,84,87,78753,1,0,0,1,0
2020-06-10,US,Missouri,Carroll,9,0,0,39.42762566,-93.50626255,29033.0,103.69858278603527,0.0,9,9,0,0,9,9,8743,0,0,0,0,0
2020-06-10,US,Missouri,Carter,5,1,0,36.94160441,-90.96051322,29035.0,83.58408559010364,20.0,4,5,1,0,4,5,6054,0,0,0,0,0
2020-06-10,US,Missouri,Cass,108,8,0,38.64789422,-94.353399,29037.0,102.0986954055587,7.407407407407407,100,105,8,0,97,104,104954,3,0,0,3,1
2020-06-10,US,Missouri,Cedar,9,0,0,37.72391475,-93.85445441,29039.0,62.72214091574325,0.0,9,9,0,0,9,9,14165,0,0,0,0,0
2020-06-10,US,Missouri,Chariton,6,0,0,39.51499357,-92.9629191,29041.0,80.79719903043363,0.0,6,6,0,0,6,6,7451,0,0,0,0,0
2020-06-10,US,Missouri,Christian,29,0,0,36.9711783,-93.18537118,29043.0,32.733224222585925,0.0,29,29,0,0,29,29,86983,0,0,0,0,0
2020-06-10,US,Missouri,Clark,2,0,0,40.41040752,-91.73661677,29045.0,29.424746211563924,0.0,2,1,0,0,1,1,6842,1,0,0,1,0
2020-06-10,US,Missouri,Clay,254,4,0,39.31132056,-94.41850862,29047.0,101.62113719653688,1.5748031496062993,250,249,4,0,245,240,246365,5,0,0,5,9
2020-06-10,US,Missouri,Clinton,20,0,0,39.6013098,-94.40465394,29049.0,98.10173149556091,0.0,20,20,0,0,20,20,20470,0,0,0,0,0
2020-06-10,US,Missouri,Cole,61,1,0,38.50455671,-92.27860244,29051.0,79.48400547266922,1.639344262295082,60,61,1,0,60,61,76796,0,0,0,0,0
2020-06-10,US,Missouri,Cooper,9,0,0,38.844478,-92.80896081,29053.0,50.82161612739286,0.0,9,9,0,0,9,9,17603,0,0,0,0,0
2020-06-10,US,Missouri,Crawford,9,0,0,37.97663738,-91.30528104,29055.0,37.625418060200666,0.0,9,9,0,0,9,9,23957,0,0,0,0,0
2020-06-10,US,Missouri,Dallas,6,0,0,37.6811355,-93.02127031,29059.0,35.549235691432635,0.0,6,6,0,0,6,5,16762,0,0,0,0,1
2020-06-10,US,Missouri,Daviess,7,0,0,39.96145298,-93.98519678,29061.0,84.56148828219376,0.0,7,6,0,0,6,5,8313,1,0,0,1,1
2020-06-10,US,Missouri,DeKalb,7,0,0,39.89201062,-94.40476508,29063.0,55.79022873993783,0.0,7,7,0,0,7,7,12630,0,0,0,0,0
2020-06-10,US,Missouri,Dunklin,52,3,0,36.27167174,-90.09122243,29069.0,178.50399917613538,5.769230769230768,49,49,3,0,46,49,29423,3,0,0,3,0
2020-06-10,US,Missouri,Franklin,156,18,0,38.41127108,-91.07522826,29071.0,150.04761126126562,11.538461538461537,138,156,18,0,138,153,103670,0,0,0,0,3
2020-06-10,US,Missouri,Gasconade,2,0,0,38.43947277,-91.50847147,29073.0,13.599891200870395,0.0,2,2,0,0,2,2,14705,0,0,0,0,0
2020-06-10,US,Missouri,Gentry,54,0,0,40.21097916,-94.40944419,29075.0,821.7927256125398,0.0,54,54,0,0,54,54,6628,0,0,0,0,0
2020-06-10,US,Missouri,Greene,183,8,0,37.2575872,-93.34230916,29077.0,62.439011075247535,4.371584699453551,175,179,8,0,171,176,291923,4,0,0,4,3
2020-06-10,US,Missouri,Harrison,9,0,0,40.35570088,-93.99222144,29081.0,107.75862068965515,0.0,9,9,0,0,9,9,8414,0,0,0,0,0
2020-06-10,US,Missouri,Henry,15,3,0,38.38482826,-93.79293734,29083.0,68.7316715542522,20.0,12,12,3,0,9,12,21792,3,0,0,3,0
2020-06-10,US,Missouri,Holt,2,0,0,40.09799248,-95.2163888,29087.0,45.42357483533954,0.0,2,2,0,0,2,2,4404,0,0,0,0,0
2020-06-10,US,Missouri,Howard,3,0,0,39.1435761,-92.69756691,29089.0,29.99700029997,0.0,3,3,0,0,3,3,10137,0,0,0,0,0
2020-06-10,US,Missouri,Howell,17,0,0,36.77383887,-91.88683935,29091.0,42.37605005359325,0.0,17,15,0,0,15,15,40076,2,0,0,2,0
2020-06-10,US,Missouri,Iron,3,0,0,37.55487945,-90.7735296,29093.0,29.62962962962963,0.0,3,3,0,0,3,3,10177,0,0,0,0,0
2020-06-10,US,Missouri,Jackson,752,22,0,39.01002188,-94.34724536,29095.0,106.96845426316231,2.9255319148936163,730,727,22,0,705,716,700307,25,0,0,25,11
2020-06-10,US,Missouri,Jasper,79,0,0,37.20351921,-94.34050458,29097.0,65.11275220888831,0.0,79,70,0,0,70,62,120636,9,0,0,9,8
2020-06-10,US,Missouri,Jefferson,411,20,0,38.25926778,-90.53870896,29099.0,182.60093033174724,4.866180048661801,391,411,20,0,391,407,224347,0,0,0,0,4
2020-06-10,US,Missouri,Johnson,78,0,0,38.74719601,-93.80691168,29101.0,144.2787910177204,0.0,78,78,0,0,78,78,53652,0,0,0,0,0
2020-06-10,US,Missouri,Kansas City,1626,28,0,39.0997,-94.5786,0.0,332.5541013983225,1.7220172201722015,1598,1594,28,0,1566,1565,491918,32,0,0,32,29
2020-06-10,US,Missouri,Laclede,7,0,0,37.65896829,-92.5888493,29105.0,19.595218766620945,0.0,7,7,0,0,7,7,35713,0,0,0,0,0
2020-06-10,US,Missouri,Lafayette,83,3,0,39.06986886,-93.78076396,29107.0,253.76054787819493,3.614457831325301,80,83,3,0,80,81,32598,0,0,0,0,2
2020-06-10,US,Missouri,Lawrence,8,0,0,37.10626634,-93.83293097,29109.0,20.857776039629773,0.0,8,8,0,0,8,8,38359,0,0,0,0,0
2020-06-10,US,Missouri,Lewis,7,1,0,40.09673161,-91.72070156,29111.0,71.6039279869067,14.285714285714285,6,7,1,0,6,7,9855,0,0,0,0,0
2020-06-10,US,Missouri,Lincoln,121,1,0,39.05345619,-90.95588181,29113.0,205.0395675529121,0.8264462809917356,120,121,1,0,120,121,57686,0,0,0,0,0
2020-06-10,US,Missouri,Linn,11,1,0,39.87001769,-93.10704106,29115.0,92.28187919463087,9.090909090909092,10,10,1,0,9,10,12037,1,0,0,1,0
2020-06-10,US,Missouri,Livingston,5,0,0,39.78110272,-93.54645978,29117.0,32.83640901031063,0.0,5,5,0,0,5,5,15146,0,0,0,0,0
2020-06-10,US,Missouri,Macon,6,0,0,39.83049768,-92.56453089,29121.0,39.69041476483429,0.0,6,6,0,0,6,6,15153,0,0,0,0,0
2020-06-10,US,Missouri,Madison,3,0,0,37.47865134,-90.3467143,29123.0,24.81800132362674,0.0,3,3,0,0,3,3,12188,0,0,0,0,0
2020-06-10,US,Missouri,Maries,2,0,0,38.16193985,-91.92249662,29125.0,22.996435552489363,0.0,2,2,0,0,2,2,8769,0,0,0,0,0
2020-06-10,US,Missouri,Marion,6,0,0,39.80601912,-91.62203062,29127.0,21.030494216614088,0.0,6,6,0,0,6,5,28592,0,0,0,0,1
2020-06-10,US,Missouri,McDonald,42,0,0,36.62869595,-94.34867205,29119.0,183.9120725139029,0.0,42,40,0,0,40,29,23078,2,0,0,2,11
2020-06-10,US,Missouri,Miller,5,0,0,38.21450288,-92.42610898,29131.0,19.516764901050006,0.0,5,4,0,0,4,4,25336,1,0,0,1,0
2020-06-10,US,Missouri,Mississippi,66,0,0,36.82516239,-89.29505753,29133.0,500.7587253414264,0.0,66,65,0,0,65,63,13336,1,0,0,1,2
2020-06-10,US,Missouri,Moniteau,49,0,0,38.63571781,-92.57976951,29135.0,303.74411108356065,0.0,49,49,0,0,49,49,16121,0,0,0,0,0
2020-06-10,US,Missouri,Montgomery,13,0,0,38.94022054,-91.47000721,29139.0,112.5443684529478,0.0,13,13,0,0,13,13,11534,0,0,0,0,0
2020-06-10,US,Missouri,Morgan,9,0,0,38.4181765,-92.88791859,29141.0,43.63213264168323,0.0,9,9,0,0,9,9,20358,0,0,0,0,0
2020-06-10,US,Missouri,New Madrid,24,0,0,36.59666326,-89.66070007,29143.0,140.54813773717498,0.0,24,23,0,0,23,22,17296,1,0,0,1,1
2020-06-10,US,Missouri,Newton,44,1,0,36.90519407,-94.3394104,29145.0,75.5546397417405,2.272727272727273,43,36,1,0,35,28,58266,8,0,0,8,8
2020-06-10,US,Missouri,Nodaway,14,0,0,40.36079813,-94.88133008,29147.0,63.371356147021544,0.0,14,14,0,0,14,14,22304,0,0,0,0,0
2020-06-10,US,Missouri,Oregon,2,0,0,36.68710164,-91.4033755,29149.0,18.995156235160035,0.0,2,2,0,0,2,2,10541,0,0,0,0,0
2020-06-10,US,Missouri,Osage,6,0,0,38.46036182,-91.8613635,29151.0,44.06904149834741,0.0,6,6,0,0,6,6,13714,0,0,0,0,0
2020-06-10,US,Missouri,Pemiscot,99,6,0,36.2130572,-89.78742322,29155.0,626.3840556785827,6.0606060606060606,93,97,5,0,92,94,16272,2,1,0,1,3
2020-06-10,US,Missouri,Perry,75,0,0,37.70660776,-89.82741088,29157.0,391.9314381270903,0.0,75,75,0,0,75,71,19150,0,0,0,0,4
2020-06-10,US,Missouri,Pettis,84,1,0,38.72798918,-93.28471706,29159.0,198.39863955218598,1.1904761904761905,83,83,1,0,82,81,42542,1,0,0,1,2
2020-06-10,US,Missouri,Phelps,6,0,0,37.87736118,-91.79351727,29161.0,13.461063872748074,0.0,6,5,0,0,5,5,44732,1,0,0,1,0
2020-06-10,US,Missouri,Pike,29,1,0,39.34310674,-91.16980779,29163.0,158.45262812807346,3.4482758620689653,28,28,1,0,27,28,18504,1,0,0,1,0
2020-06-10,US,Missouri,Platte,81,0,0,39.38154439,-94.77068479,29165.0,77.57283227029822,0.0,81,80,0,0,80,79,102985,1,0,0,1,1
2020-06-10,US,Missouri,Polk,4,0,0,37.6162296,-93.39828174,29167.0,12.442066627266787,0.0,4,4,0,0,4,4,32201,0,0,0,0,0
2020-06-10,US,Missouri,Pulaski,109,1,0,37.82462075,-92.20783203,29169.0,207.1967608873344,0.9174311926605504,108,109,1,0,108,107,52014,0,0,0,0,2
2020-06-10,US,Missouri,Ralls,5,0,0,39.52817427,-91.51838643,29173.0,48.50130953535746,0.0,5,5,0,0,5,5,10212,0,0,0,0,0
2020-06-10,US,Missouri,Randolph,10,0,0,39.44007257,-92.4971374,29175.0,40.40730564085987,0.0,10,10,0,0,10,10,24763,0,0,0,0,0
2020-06-10,US,Missouri,Ray,24,0,0,39.3537468,-93.98905745,29177.0,104.2662264314884,0.0,24,24,0,0,24,23,22883,0,0,0,0,1
2020-06-10,US,Missouri,Reynolds,2,0,0,37.36085952,-90.97009925,29179.0,31.897926634768737,0.0,2,2,0,0,2,2,6254,0,0,0,0,0
2020-06-10,US,Missouri,Ripley,11,0,0,36.65460667,-90.85990261,29181.0,82.78145695364239,0.0,11,11,0,0,11,11,13401,0,0,0,0,0
2020-06-10,US,Missouri,Saline,283,3,0,39.13734288,-93.20259964,29195.0,1243.3548613857035,1.060070671378092,280,283,3,0,280,283,22895,0,0,0,0,0
2020-06-10,US,Missouri,Scotland,9,0,0,40.45214695,-92.14709064,29199.0,183.5985312117503,0.0,9,9,0,0,9,9,4966,0,0,0,0,0
2020-06-10,US,Missouri,Scott,128,11,0,37.05588075,-89.56474493,29201.0,334.3782654127482,8.59375,117,127,11,0,116,123,38458,1,0,0,1,4
2020-06-10,US,Missouri,Shelby,1,0,0,39.79742518,-92.07634971,29205.0,16.863406408094434,0.0,1,1,0,0,1,1,6050,0,0,0,0,0
2020-06-10,US,Missouri,St. Charles,871,65,0,38.77875681,-90.66662425,29183.0,216.6548099357747,7.462686567164179,806,852,65,0,787,844,399182,19,0,0,19,8
2020-06-10,US,Missouri,St. Clair,3,0,0,38.03699437,-93.77631447,29185.0,31.925082473129727,0.0,3,3,0,0,3,3,9395,0,0,0,0,0
2020-06-10,US,Missouri,St. Francois,41,2,0,37.81214171,-90.47598685,29187.0,60.998289072379684,4.878048780487805,39,41,2,0,39,41,66692,0,0,0,0,0
2020-06-10,US,Missouri,St. Louis,5217,485,0,38.63770039999999,-90.4458375,29189.0,524.7408733611277,9.29653057312632,4732,5217,480,0,4737,5217,996945,0,5,0,-5,0
2020-06-10,US,Missouri,St. Louis City,2145,139,0,38.63555736,-90.24349225,29510.0,713.6298307250079,6.4801864801864815,2006,2132,139,0,1993,2071,302838,13,0,0,13,61
2020-06-10,US,Missouri,Ste. Genevieve,13,1,0,37.89090059,-90.1949941,29186.0,72.65005029618867,7.6923076923076925,12,12,1,0,11,12,17888,1,0,0,1,0
2020-06-10,US,Missouri,Stoddard,109,0,0,36.85571651,-89.9444155,29207.0,375.53832902670115,0.0,109,109,0,0,109,106,29206,0,0,0,0,3
2020-06-10,US,Missouri,Stone,10,0,0,36.75000327,-93.45256475,29209.0,31.296945418127194,0.0,10,10,0,0,10,10,31749,0,0,0,0,0
2020-06-10,US,Missouri,Sullivan,71,0,0,40.2099105,-93.11150106,29211.0,1166.03711611102,0.0,71,68,0,0,68,67,6221,3,0,0,3,1
2020-06-10,US,Missouri,Taney,14,2,0,36.65465345,-93.04075153,29213.0,25.03218423687598,14.285714285714285,12,14,2,0,12,14,55852,0,0,0,0,0
2020-06-10,US,Missouri,Texas,1,0,0,37.31728859,-91.96564727,29215.0,3.937317899047169,0.0,1,1,0,0,1,1,25571,0,0,0,0,0
2020-06-10,US,Missouri,Vernon,12,0,0,37.8457799,-94.34127305,29217.0,58.357243592860954,0.0,12,12,0,0,12,12,20528,0,0,0,0,0
2020-06-10,US,Missouri,Warren,31,0,0,38.76529479,-91.16124662,29219.0,86.95896098067267,0.0,31,30,0,0,30,29,34711,1,0,0,1,1
2020-06-10,US,Missouri,Washington,13,1,0,37.96130078,-90.87948158,29221.0,52.56773150020218,7.6923076923076925,12,13,1,0,12,13,24943,0,0,0,0,0
2020-06-10,US,Missouri,Webster,18,0,0,37.2813734,-92.876329,29225.0,45.463730046474026,0.0,18,18,0,0,18,18,39109,0,0,0,0,0
2020-06-10,US,Missouri,Worth,4,0,0,40.47945588,-94.42328751,29227.0,198.7083954297069,0.0,4,4,0,0,4,4,2040,0,0,0,0,0
2020-06-10,US,Missouri,Wright,14,0,0,37.27029221,-92.46914488,29229.0,76.54874514735633,0.0,14,14,0,0,14,14,18378,0,0,0,0,0
2020-06-10,US,Montana,Beaverhead,1,0,0,45.13434354,-112.8984694,30001.0,10.578652279699568,0.0,1,1,0,0,1,1,9404,0,0,0,0,0
2020-06-10,US,Montana,Big Horn,43,1,0,45.42335905,-107.492347,30003.0,322.8470605901344,2.3255813953488373,42,41,1,0,40,39,13338,2,0,0,2,2
2020-06-10,US,Montana,Broadwater,4,0,0,46.33277565,-111.4955813,30007.0,64.1333974667308,0.0,4,4,0,0,4,4,6085,0,0,0,0,0
2020-06-10,US,Montana,Carbon,6,0,0,45.22850116,-109.0274047,30009.0,55.94405594405596,0.0,6,6,0,0,6,6,10714,0,0,0,0,0
2020-06-10,US,Montana,Cascade,17,2,0,47.30797024,-111.3467922,30013.0,20.893247793918835,11.764705882352944,15,17,2,0,15,17,81643,0,0,0,0,0
2020-06-10,US,Montana,Deer Lodge,3,0,0,46.05953325,-113.073353,30023.0,32.822757111597376,0.0,3,3,0,0,3,3,9131,0,0,0,0,0
2020-06-10,US,Montana,Flathead,37,2,0,48.29575866,-114.0520569,30029.0,35.64341174883918,5.405405405405406,35,37,2,0,35,37,102106,0,0,0,0,0
2020-06-10,US,Montana,Gallatin,174,1,0,45.54486106,-111.1692571,30031.0,152.0527116066903,0.5747126436781609,173,168,1,0,167,164,111876,6,0,0,6,4
2020-06-10,US,Montana,Glacier,6,0,0,48.70513576,-112.9934235,30035.0,43.62684505198866,0.0,6,6,0,0,6,6,13747,0,0,0,0,0
2020-06-10,US,Montana,Golden Valley,3,0,0,46.3816474,-109.1768522,30037.0,365.40803897685754,0.0,3,3,0,0,3,3,826,0,0,0,0,0
2020-06-10,US,Montana,Hill,1,0,0,48.62879827,-110.1129252,30041.0,6.066488716330987,0.0,1,1,0,0,1,1,16347,0,0,0,0,0
2020-06-10,US,Montana,Jefferson,3,0,0,46.14907081,-112.094396,30043.0,24.547909336388184,0.0,3,3,0,0,3,3,12097,0,0,0,0,0
2020-06-10,US,Montana,Lake,5,0,0,47.64514965,-114.0898013,30047.0,16.41604832884628,0.0,5,5,0,0,5,5,30250,0,0,0,0,0
2020-06-10,US,Montana,Lewis and Clark,18,0,0,47.12610041,-112.394698,30049.0,25.924645696508808,0.0,18,18,0,0,18,18,68700,0,0,0,0,0
2020-06-10,US,Montana,Liberty,1,0,0,48.56084317,-111.024307,30051.0,42.78990158322636,0.0,1,1,0,0,1,1,2430,0,0,0,0,0
2020-06-10,US,Montana,Lincoln,7,1,0,48.54265777,-115.4046155,30053.0,35.03503503503504,14.285714285714285,6,7,1,0,6,7,19794,0,0,0,0,0
2020-06-10,US,Montana,Madison,8,1,0,45.30080065,-111.9173017,30057.0,93.02325581395347,12.5,7,8,1,0,7,8,8768,0,0,0,0,0
2020-06-10,US,Montana,Meagher,1,0,0,46.59907074,-110.8898557,30059.0,53.705692803437174,0.0,1,1,0,0,1,1,1866,0,0,0,0,0
2020-06-10,US,Montana,Missoula,39,1,0,47.03728583,-113.92135079999998,30063.0,32.608695652173914,2.5641025641025643,38,40,1,0,39,40,118791,-1,0,0,-1,0
2020-06-10,US,Montana,Musselshell,1,0,0,46.49684637,-108.39498,30065.0,21.58428663932657,0.0,1,1,0,0,1,1,4651,0,0,0,0,0
2020-06-10,US,Montana,Park,8,0,0,45.48965095,-110.52643940000002,30067.0,48.17535830422739,0.0,8,8,0,0,8,8,16736,0,0,0,0,0
2020-06-10,US,Montana,Pondera,2,0,0,48.22773388,-112.2252703,30073.0,33.83522246658772,0.0,2,2,0,0,2,2,5972,0,0,0,0,0
2020-06-10,US,Montana,Ravalli,14,0,0,46.08520862,-114.11891640000002,30081.0,31.959092361776925,0.0,14,14,0,0,14,14,43172,0,0,0,0,0
2020-06-10,US,Montana,Richland,3,0,0,47.78668011,-104.5610786,30083.0,27.770063871146906,0.0,3,3,0,0,3,3,10913,0,0,0,0,0
2020-06-10,US,Montana,Roosevelt,7,0,0,48.29607488,-105.0079268,30085.0,63.613231552162844,0.0,7,7,0,0,7,7,11059,0,0,0,0,0
2020-06-10,US,Montana,Rosebud,1,0,0,46.23397237,-106.72928799999998,30087.0,11.189437171310285,0.0,1,1,0,0,1,1,9063,0,0,0,0,0
2020-06-10,US,Montana,Silver Bow,11,0,0,45.90018933,-112.6620092,30093.0,31.505083774881854,0.0,11,11,0,0,11,11,34993,0,0,0,0,0
2020-06-10,US,Montana,Stillwater,2,0,0,45.67071407,-109.3950061,30095.0,20.742584526031944,0.0,2,2,0,0,2,2,9534,0,0,0,0,0
2020-06-10,US,Montana,Toole,29,6,0,48.65577551,-111.6942414,30101.0,612.331081081081,20.689655172413797,23,29,6,0,23,29,4853,0,0,0,0,0
2020-06-10,US,Montana,Wheatland,1,0,0,46.46652491,-109.8464636,30107.0,47.036688617121364,0.0,1,1,0,0,1,1,2236,0,0,0,0,0
2020-06-10,US,Montana,Yellowstone,105,3,0,45.93955949,-108.2691486,30111.0,65.09609423434594,2.8571428571428568,102,105,3,0,102,105,160137,0,0,0,0,0
2020-06-10,US,Nebraska,Adams,277,11,0,40.52449420000001,-98.50117804,31001.0,883.2063259254536,3.9711191335740073,266,277,11,0,266,276,31511,0,0,0,0,1
2020-06-10,US,Nebraska,Antelope,8,0,0,42.17695516,-98.0666283,31003.0,127.02445220704986,0.0,8,8,0,0,8,8,6336,0,0,0,0,0
2020-06-10,US,Nebraska,Boone,7,0,0,41.70759415,-98.06737183,31011.0,134.82280431432974,0.0,7,7,0,0,7,7,5239,0,0,0,0,0
2020-06-10,US,Nebraska,Box Butte,3,0,0,42.22079243,-103.0878834,31013.0,27.821570991375317,0.0,3,3,0,0,3,3,10772,0,0,0,0,0
2020-06-10,US,Nebraska,Boyd,1,0,0,42.8997274,-98.76486568,31015.0,52.11047420531528,0.0,1,1,0,0,1,1,1955,0,0,0,0,0
2020-06-10,US,Nebraska,Buffalo,175,1,0,40.85486962,-99.07500296,31019.0,352.4033911274895,0.5714285714285714,174,175,1,0,174,174,49615,0,0,0,0,1
2020-06-10,US,Nebraska,Burt,10,0,0,41.85056773,-96.32605633,31021.0,154.82272797646695,0.0,10,10,0,0,10,10,6488,0,0,0,0,0
2020-06-10,US,Nebraska,Butler,51,0,0,41.22703692,-97.13106306,31023.0,636.2275449101796,0.0,51,51,0,0,51,51,8058,0,0,0,0,0
2020-06-10,US,Nebraska,Cass,58,0,0,40.90899107,-96.13971217,31025.0,220.9692167022249,0.0,58,57,0,0,57,55,26159,1,0,0,1,2
2020-06-10,US,Nebraska,Cedar,8,0,0,42.5988851,-97.25311951,31027.0,95.21542489883362,0.0,8,8,0,0,8,8,8446,0,0,0,0,0
2020-06-10,US,Nebraska,Chase,1,0,0,40.5237198,-101.6978026,31029.0,25.4841997961264,0.0,1,1,0,0,1,1,3977,0,0,0,0,0
2020-06-10,US,Nebraska,Cherry,1,0,0,42.54502621,-101.1244332,31031.0,17.577781683951486,0.0,1,1,0,0,1,1,5761,0,0,0,0,0
2020-06-10,US,Nebraska,Cheyenne,10,0,0,41.21999357,-102.9941693,31033.0,112.23344556677891,0.0,10,10,0,0,10,10,9310,0,0,0,0,0
2020-06-10,US,Nebraska,Clay,24,0,0,40.52439441,-98.05126296,31035.0,386.90955989037565,0.0,24,24,0,0,24,24,6214,0,0,0,0,0
2020-06-10,US,Nebraska,Colfax,639,4,0,41.57486951,-97.0868542,31037.0,5966.943692221496,0.6259780907668232,635,639,4,0,635,637,10881,0,0,0,0,2
2020-06-10,US,Nebraska,Cuming,34,0,0,41.91637624,-96.78730772,31039.0,384.35451051322633,0.0,34,34,0,0,34,34,8940,0,0,0,0,0
2020-06-10,US,Nebraska,Custer,34,4,0,41.39374521,-99.72805369,31041.0,315.4866846061056,11.764705882352944,30,34,4,0,30,34,10840,0,0,0,0,0
2020-06-10,US,Nebraska,Dakota,1717,27,0,42.39040144,-96.56656425,31043.0,8573.853989813242,1.5725101921956899,1690,1716,27,0,1689,1715,20083,1,0,0,1,1
2020-06-10,US,Nebraska,Dawes,1,0,0,42.71985036,-103.1313774,31045.0,11.6427989288625,0.0,1,1,0,0,1,1,8716,0,0,0,0,0
2020-06-10,US,Nebraska,Dawson,844,8,0,40.87028216,-99.8201461,31047.0,3577.029031574486,0.9478672985781992,836,843,8,0,835,843,23709,1,0,0,1,0
2020-06-10,US,Nebraska,Dixon,34,1,0,42.49188363,-96.86782408,31051.0,603.264726756565,2.9411764705882355,33,32,1,0,31,32,5709,2,0,0,2,0
2020-06-10,US,Nebraska,Dodge,591,1,0,41.58071748,-96.65598179,31053.0,1616.299740188705,0.1692047377326565,590,582,1,0,581,571,36791,9,0,0,9,11
2020-06-10,US,Nebraska,Douglas,5245,43,0,41.29518299,-96.15085305,31055.0,918.0381812867237,0.8198284080076264,5202,5164,42,0,5122,5092,566880,81,1,0,80,72
2020-06-10,US,Nebraska,Fillmore,9,1,0,40.52458567,-97.59646937,31059.0,164.7748077627243,11.111111111111109,8,7,1,0,6,7,5527,2,0,0,2,0
2020-06-10,US,Nebraska,Franklin,6,0,0,40.17636348,-98.95299073,31061.0,201.40986908358508,0.0,6,6,0,0,6,6,3023,0,0,0,0,0
2020-06-10,US,Nebraska,Frontier,1,0,0,40.52993007,-100.3924658,31063.0,38.06623524933384,0.0,1,1,0,0,1,1,2608,0,0,0,0,0
2020-06-10,US,Nebraska,Furnas,9,0,0,40.17642064,-99.91247454,31065.0,192.4721984602224,0.0,9,9,0,0,9,9,4715,0,0,0,0,0
2020-06-10,US,Nebraska,Gage,45,4,0,40.26186809,-96.68946704,31067.0,209.17584716218101,8.888888888888891,41,45,4,0,41,45,21493,0,0,0,0,0
2020-06-10,US,Nebraska,Garden,4,0,0,41.61703149,-102.3313973,31069.0,217.74632553075668,0.0,4,4,0,0,4,4,1897,0,0,0,0,0
2020-06-10,US,Nebraska,Garfield,1,0,0,41.91428955,-98.99111827,31071.0,50.787201625190455,0.0,1,1,0,0,1,1,1987,0,0,0,0,0
2020-06-10,US,Nebraska,Gosper,13,0,0,40.51481965,-99.83020279,31073.0,653.2663316582915,0.0,13,13,0,0,13,13,1996,0,0,0,0,0
2020-06-10,US,Nebraska,Greeley,3,0,0,41.56742671,-98.52150266,31077.0,127.33446519524618,0.0,3,3,0,0,3,3,2356,0,0,0,0,0
2020-06-10,US,Nebraska,Hall,1553,44,0,40.87257079,-98.50218293,31079.0,2531.253565432823,2.8332260141661303,1509,1550,44,0,1506,1546,61607,3,0,0,3,4
2020-06-10,US,Nebraska,Hamilton,56,11,0,40.87349452,-98.02099117,31081.0,600.6006006006006,19.642857142857142,45,56,11,0,45,56,9280,0,0,0,0,0
2020-06-10,US,Nebraska,Hitchcock,1,0,0,40.17609175,-101.0416477,31087.0,36.205648081100655,0.0,1,1,0,0,1,1,2806,0,0,0,0,0
2020-06-10,US,Nebraska,Holt,1,0,0,42.45522056,-98.78402558,31089.0,9.933445912387008,0.0,1,1,0,0,1,1,10178,0,0,0,0,0
2020-06-10,US,Nebraska,Howard,44,4,0,41.2200529,-98.5166499,31093.0,682.6997672614431,9.090909090909092,40,43,4,0,39,43,6468,1,0,0,1,0
2020-06-10,US,Nebraska,Jefferson,9,0,0,40.17584531,-97.142601,31095.0,127.73204655123476,0.0,9,9,0,0,9,8,7097,0,0,0,0,1
2020-06-10,US,Nebraska,Johnson,6,0,0,40.39257596,-96.26522753,31097.0,118.3198580161704,0.0,6,6,0,0,6,6,5134,0,0,0,0,0
2020-06-10,US,Nebraska,Kearney,12,0,0,40.50663314,-98.94877182,31099.0,184.75750577367202,0.0,12,12,0,0,12,12,6544,0,0,0,0,0
2020-06-10,US,Nebraska,Keith,2,0,0,41.19930341,-101.6620164,31101.0,24.894199651481205,0.0,2,2,0,0,2,2,8021,0,0,0,0,0
2020-06-10,US,Nebraska,Kimball,8,0,0,41.19774275,-103.7148131,31105.0,220.26431718061676,0.0,8,8,0,0,8,8,3618,0,0,0,0,0
2020-06-10,US,Nebraska,Knox,11,0,0,42.63758421,-97.89178836,31107.0,132.02112337974077,0.0,11,11,0,0,11,11,8419,0,0,0,0,0
2020-06-10,US,Nebraska,Lancaster,1393,10,0,40.78416049,-96.68777155,31109.0,436.5539502961547,0.7178750897343862,1383,1376,10,0,1366,1363,317272,17,0,0,17,13
2020-06-10,US,Nebraska,Lincoln,51,2,0,41.04658298,-100.7475374,31111.0,146.073208455061,3.92156862745098,49,50,2,0,48,49,35185,1,0,0,1,1
2020-06-10,US,Nebraska,Madison,328,4,0,41.91676024,-97.6005481,31119.0,934.499558391977,1.2195121951219512,324,328,4,0,324,325,35392,0,0,0,0,3
2020-06-10,US,Nebraska,Merrick,36,0,0,41.16624273,-98.0374887,31121.0,464.2166344294004,0.0,36,36,0,0,36,36,7733,0,0,0,0,0
2020-06-10,US,Nebraska,Morrill,11,0,0,41.71711774,-103.0061405,31123.0,236.96682464454975,0.0,11,11,0,0,11,11,4686,0,0,0,0,0
2020-06-10,US,Nebraska,Nance,4,0,0,41.39750195,-97.99327291,31125.0,113.66865586814436,0.0,4,4,0,0,4,4,3532,0,0,0,0,0
2020-06-10,US,Nebraska,Nemaha,4,0,0,40.38514847,-95.85433992,31127.0,57.37234652897303,0.0,4,4,0,0,4,4,6958,0,0,0,0,0
2020-06-10,US,Nebraska,Nuckolls,1,0,0,40.17637905,-98.04743961,31129.0,24.10800385728061,0.0,1,1,0,0,1,1,4195,0,0,0,0,0
2020-06-10,US,Nebraska,Otoe,11,0,0,40.64843556,-96.13374142,31131.0,68.69847614289283,0.0,11,11,0,0,11,11,15985,0,0,0,0,0
2020-06-10,US,Nebraska,Phelps,20,0,0,40.51156033,-99.41461667,31137.0,221.38587558113792,0.0,20,20,0,0,20,20,8996,0,0,0,0,0
2020-06-10,US,Nebraska,Pierce,6,0,0,42.26434853,-97.60122773,31139.0,83.93956351426971,0.0,6,6,0,0,6,6,7142,0,0,0,0,0
2020-06-10,US,Nebraska,Platte,631,1,0,41.57246836,-97.52144359,31141.0,1885.2703913952796,0.15847860538827258,630,630,1,0,629,629,33363,1,0,0,1,1
2020-06-10,US,Nebraska,Polk,12,0,0,41.18813488,-97.56630712,31143.0,230.19374640322275,0.0,12,12,0,0,12,11,5278,0,0,0,0,1
2020-06-10,US,Nebraska,Red Willow,5,0,0,40.17556879999999,-100.476998,31145.0,46.624393882879524,0.0,5,5,0,0,5,5,10726,0,0,0,0,0
2020-06-10,US,Nebraska,Richardson,1,0,0,40.1247415,-95.71755036,31147.0,12.714558169103626,0.0,1,1,0,0,1,1,7937,0,0,0,0,0
2020-06-10,US,Nebraska,Saline,518,2,0,40.52418865,-97.14085859,31151.0,3641.7322834645674,0.3861003861003861,516,518,2,0,516,518,14350,0,0,0,0,0
2020-06-10,US,Nebraska,Sarpy,809,5,0,41.11314181,-96.11156432,31153.0,432.16735400329065,0.6180469715698393,804,796,4,0,792,787,184459,13,1,0,12,9
2020-06-10,US,Nebraska,Saunders,55,1,0,41.2278103,-96.63773905,31155.0,254.88923903976269,1.818181818181818,54,54,1,0,53,51,21303,1,0,0,1,3
2020-06-10,US,Nebraska,Scotts Bluff,149,0,0,41.85070896,-103.7080986,31157.0,418.32781178056035,0.0,149,149,0,0,149,145,35989,0,0,0,0,4
2020-06-10,US,Nebraska,Seward,29,1,0,40.87241834,-97.139673,31159.0,167.78523489932888,3.4482758620689653,28,29,1,0,28,29,17318,0,0,0,0,0
2020-06-10,US,Nebraska,Sherman,5,0,0,41.22045983,-98.97588642,31163.0,166.61112962345885,0.0,5,5,0,0,5,5,3038,0,0,0,0,0
2020-06-10,US,Nebraska,Stanton,21,0,0,41.9169835,-97.19394708,31167.0,354.72972972972974,0.0,21,21,0,0,21,21,5970,0,0,0,0,0
2020-06-10,US,Nebraska,Thayer,1,0,0,40.17626377,-97.59504381,31169.0,19.98800719568259,0.0,1,1,0,0,1,1,5039,0,0,0,0,0
2020-06-10,US,Nebraska,Thomas,1,0,0,41.91358968,-100.5556632,31171.0,138.50415512465375,0.0,1,1,0,0,1,1,720,0,0,0,0,0
2020-06-10,US,Nebraska,Thurston,61,0,0,42.15725356,-96.54157099,31173.0,844.4075304540421,0.0,61,56,0,0,56,55,7303,5,0,0,5,1
2020-06-10,US,Nebraska,Unassigned,217,0,0,0.0,0.0,90031.0,0.0,0.0,217,217,0,0,217,217,,0,0,0,0,0
2020-06-10,US,Nebraska,Valley,7,0,0,41.56730777,-98.98197724,31175.0,168.3501683501684,0.0,7,6,0,0,6,6,4190,1,0,0,1,0
2020-06-10,US,Nebraska,Washington,36,1,0,41.52815707,-96.22019892,31177.0,173.66973804814515,2.7777777777777777,35,36,1,0,35,36,20667,0,0,0,0,0
2020-06-10,US,Nebraska,Wayne,26,0,0,42.20934475,-97.11926964,31179.0,277.0378263185935,0.0,26,26,0,0,26,25,9403,0,0,0,0,1
2020-06-10,US,Nebraska,Webster,5,0,0,40.17642643,-98.50019851,31181.0,143.38973329509608,0.0,5,5,0,0,5,5,3533,0,0,0,0,0
2020-06-10,US,Nebraska,York,37,0,0,40.87272618,-97.59710186,31185.0,270.4876087433292,0.0,37,37,0,0,37,37,13772,0,0,0,0,0
2020-06-10,US,Nevada,Carson City,115,5,0,39.15509045,-119.7480219,32510.0,205.66564131912156,4.3478260869565215,110,114,5,0,109,111,55414,1,0,0,1,3
2020-06-10,US,Nevada,Churchill,10,1,0,39.58105744,-118.3394607,32001.0,40.14613192018949,10.0,9,10,1,0,9,10,24440,0,0,0,0,0
2020-06-10,US,Nevada,Clark,7915,367,0,36.21458855,-115.0130241,32003.0,349.1837306410378,4.636765634870499,7548,7799,365,0,7434,7592,2231647,116,2,0,114,207
2020-06-10,US,Nevada,Douglas,39,0,0,38.912862,-119.6171333,32005.0,79.74644719353849,0.0,39,38,0,0,38,38,48467,1,0,0,1,0
2020-06-10,US,Nevada,Elko,33,1,0,41.14531606,-115.3577619,32007.0,62.52605252188412,3.0303030303030303,32,27,1,0,26,27,52460,6,0,0,6,0
2020-06-10,US,Nevada,Humboldt,78,4,0,41.40692186,-118.1109427,32013.0,463.43057453508413,5.128205128205129,74,78,4,0,74,78,16786,0,0,0,0,0
2020-06-10,US,Nevada,Lander,24,0,0,39.9332233,-117.0397075,32015.0,433.8394793926248,0.0,24,23,0,0,23,23,5575,1,0,0,1,0
2020-06-10,US,Nevada,Lincoln,2,0,0,37.64268459,-114.8790388,32017.0,38.58769052672198,0.0,2,2,0,0,2,2,5201,0,0,0,0,0
2020-06-10,US,Nevada,Lyon,89,2,0,39.01777974,-119.1870479,32019.0,154.75569466179797,2.247191011235955,87,89,2,0,87,87,55808,0,0,0,0,2
2020-06-10,US,Nevada,Mineral,4,0,0,38.53841696,-118.4344506,32021.0,88.79023307436182,0.0,4,4,0,0,4,4,4514,0,0,0,0,0
2020-06-10,US,Nevada,Nye,69,2,0,38.04264256,-116.4722702,32023.0,148.31373729123231,2.898550724637681,67,66,2,0,64,66,45346,3,0,0,3,0
2020-06-10,US,Nevada,Pershing,4,0,0,40.44003782,-118.40056409999998,32027.0,59.479553903345725,0.0,4,3,0,0,3,2,6666,1,0,0,1,1
2020-06-10,US,Nevada,Storey,1,0,0,39.44875482,-119.5250207,32029.0,24.254183846713556,0.0,1,1,0,0,1,1,4029,0,0,0,0,0
2020-06-10,US,Nevada,Washoe,1832,67,0,40.66562265,-119.6631594,32031.0,388.5315331937844,3.657205240174672,1765,1788,66,0,1722,1772,465735,44,1,0,43,16
2020-06-10,US,Nevada,White Pine,3,0,0,39.44157041,-114.899966,32033.0,31.315240083507305,0.0,3,3,0,0,3,3,9475,0,0,0,0,0
2020-06-10,US,New Hampshire,Belknap,70,0,0,43.51637314,-71.41684235,33001.0,114.1869076554165,0.0,70,70,0,0,70,70,61022,0,0,0,0,0
2020-06-10,US,New Hampshire,Carroll,49,0,0,43.87498583,-71.20430216,33003.0,100.1840114496013,0.0,49,48,0,0,48,48,48779,1,0,0,1,0
2020-06-10,US,New Hampshire,Cheshire,59,2,0,42.92015988,-72.25311043,33005.0,77.54485115331538,3.3898305084745757,57,59,2,0,57,59,76493,0,0,0,0,0
2020-06-10,US,New Hampshire,Coos,6,0,0,44.69063265,-71.30633239,33007.0,19.0095998479232,0.0,6,6,0,0,6,6,31589,0,0,0,0,0
2020-06-10,US,New Hampshire,Grafton,76,1,0,43.93779815,-71.82057197,33009.0,84.55154306566095,1.3157894736842106,75,76,1,0,75,76,89786,0,0,0,0,0
2020-06-10,US,New Hampshire,Hillsborough,2833,187,0,42.91537785,-71.7200253,33011.0,679.3357712367364,6.6007765619484635,2646,2753,175,0,2578,2753,415247,80,12,0,68,0
2020-06-10,US,New Hampshire,Merrimack,383,18,0,43.29662971,-71.6811573,33013.0,252.98729779181062,4.699738903394255,365,375,18,0,357,375,151132,8,0,0,8,0
2020-06-10,US,New Hampshire,Rockingham,1392,79,0,42.98499744,-71.12883377,33015.0,449.3671090393164,5.675287356321839,1313,1386,76,0,1310,1386,309176,6,3,0,3,0
2020-06-10,US,New Hampshire,Strafford,278,13,0,43.291833,-71.02336013,33017.0,212.80993317155696,4.676258992805756,265,277,13,0,264,277,130090,1,0,0,1,0
2020-06-10,US,New Hampshire,Sullivan,24,1,0,43.36094111,-72.22203125,33019.0,55.62508691419831,4.166666666666667,23,20,1,0,19,20,43144,4,0,0,4,0
2020-06-10,US,New Hampshire,Unassigned,8,0,0,0.0,0.0,90033.0,0.0,0.0,8,9,0,0,9,9,,-1,0,0,-1,0
2020-06-10,US,New Jersey,Atlantic,2422,168,0,39.47538693,-74.65848483,34001.0,918.5724579967384,6.9364161849710975,2254,2401,167,0,2234,2383,265429,21,1,0,20,18
2020-06-10,US,New Jersey,Bergen,18667,1635,0,40.96010917,-74.07164325,34003.0,2002.4629854902691,8.758772164782773,17032,18573,1628,0,16945,18538,936692,94,7,0,87,35
2020-06-10,US,New Jersey,Burlington,4826,344,0,39.87681124,-74.66927768,34005.0,1083.6445125059224,7.12805636137588,4482,4808,334,0,4474,4798,445384,18,10,0,8,10
2020-06-10,US,New Jersey,Camden,6903,394,0,39.80343818,-74.96388753,34007.0,1362.9605643758478,5.707663334781978,6509,6849,381,0,6468,6827,507078,54,13,0,41,22
2020-06-10,US,New Jersey,Cape May,662,54,0,39.15008829,-74.80170244,34009.0,719.2603135627287,8.157099697885196,608,654,54,0,600,647,92560,8,0,0,8,7
2020-06-10,US,New Jersey,Cumberland,2604,100,0,39.37199394,-75.10712559,34011.0,1741.4915032067788,3.840245775729647,2504,2583,95,0,2488,2575,150972,21,5,0,16,8
2020-06-10,US,New Jersey,Essex,18206,1723,0,40.78681335,-74.24657979,34013.0,2278.669545354986,9.463912995715699,16483,18151,1722,0,16429,18117,799767,55,1,0,54,34
2020-06-10,US,New Jersey,Gloucester,2357,153,0,39.71581067,-75.13995546,34015.0,808.1992620938429,6.491302503182012,2204,2340,153,0,2187,2332,291408,17,0,0,17,8
2020-06-10,US,New Jersey,Hudson,19066,1242,0,40.73766234,-74.07515667,34017.0,2835.552528216469,6.5142137836987315,17824,19000,1235,0,17765,19000,676061,66,7,0,59,0
2020-06-10,US,New Jersey,Hunterdon,1028,64,0,40.56335249,-74.91284156,34019.0,826.5592461265086,6.225680933852139,964,1027,64,0,963,1025,124714,1,0,0,1,2
2020-06-10,US,New Jersey,Mercer,7245,510,0,40.28047017,-74.70479631,34021.0,1971.8041531720328,7.0393374741200825,6735,7204,509,0,6695,7184,369811,41,1,0,40,20
2020-06-10,US,New Jersey,Middlesex,16288,1064,0,40.43629879,-74.41426991,34023.0,1974.1546695884672,6.532416502946955,15224,16251,1053,0,15198,16227,829685,37,11,0,26,24
2020-06-10,US,New Jersey,Monmouth,8563,652,0,40.26549699,-74.22240686,34025.0,1383.8185505700594,7.614153918019387,7911,8512,650,0,7862,8498,621354,51,2,0,49,14
2020-06-10,US,New Jersey,Morris,6596,627,0,40.86095313,-74.54553709999998,34027.0,1341.0728989824029,9.505761067313523,5969,6605,626,0,5979,6602,494228,-9,1,0,-10,3
2020-06-10,US,New Jersey,Ocean,9100,792,0,39.8895449,-74.28089251,34029.0,1498.717032342643,8.703296703296703,8308,9059,787,0,8272,9041,601651,41,5,0,36,18
2020-06-10,US,New Jersey,Passaic,16524,982,0,41.03238628,-74.29954144,34031.0,3292.774786479776,5.942870975550713,15542,16492,977,0,15515,16461,503310,32,5,0,27,31
2020-06-10,US,New Jersey,Salem,687,55,0,39.58719656,-75.34696629999998,34033.0,1101.2262563116133,8.005822416302765,632,686,54,0,632,682,62607,1,1,0,0,4
2020-06-10,US,New Jersey,Somerset,4698,431,0,40.56465737,-74.61683016,34035.0,1428.2500440817914,9.174116645381012,4267,4679,430,0,4249,4670,331164,19,1,0,18,9
2020-06-10,US,New Jersey,Sussex,1179,149,0,41.13891592,-74.69118243,34037.0,839.2175844200218,12.63782866836302,1030,1172,149,0,1023,1172,140799,7,0,0,7,0
2020-06-10,US,New Jersey,Unassigned,211,0,0,0.0,0.0,90034.0,0.0,0.0,211,255,0,0,255,285,,-44,0,0,-44,-30
2020-06-10,US,New Jersey,Union,16317,1103,0,40.65835409,-74.30680092,34039.0,2932.9134469686755,6.759821045535332,15214,16302,1100,0,15202,16241,558067,15,3,0,12,61
2020-06-10,US,New Jersey,Warren,1197,135,0,40.85951833,-74.99556527,34041.0,1137.1084955399126,11.278195488721805,1062,1193,135,0,1058,1192,105779,4,0,0,4,1
2020-06-10,US,New Mexico,Bernalillo,1623,77,0,35.05163625,-106.6703554,35001.0,238.9853943553505,4.74430067775724,1546,1612,76,0,1536,1600,678701,11,1,0,10,12
2020-06-10,US,New Mexico,Catron,2,1,0,33.91514144,-108.4046587,35003.0,56.70541536716757,50.0,1,2,1,0,1,2,3578,0,0,0,0,0
2020-06-10,US,New Mexico,Chaves,50,2,0,33.36406072,-104.4665365,35005.0,77.3814129846011,4.0,48,48,2,0,46,49,64689,2,0,0,2,-1
2020-06-10,US,New Mexico,Cibola,170,7,0,34.91131525,-107.998876,35006.0,637.3008434864105,4.117647058823529,163,169,7,0,162,168,26746,1,0,0,1,1
2020-06-10,US,New Mexico,Colfax,6,0,0,36.60569702,-104.64726740000002,35007.0,50.24704798593083,0.0,6,5,0,0,5,5,12110,1,0,0,1,0
2020-06-10,US,New Mexico,Curry,68,0,0,34.57421077,-103.3468876,35009.0,138.90591167218204,0.0,68,64,0,0,64,64,49437,4,0,0,4,0
2020-06-10,US,New Mexico,Dona Ana,615,3,0,32.35275771,-106.83293870000001,35013.0,281.8579710809138,0.4878048780487805,612,589,3,0,586,587,217522,26,0,0,26,2
2020-06-10,US,New Mexico,Eddy,42,1,0,32.47167456,-104.3053527,35015.0,71.8439958946288,2.380952380952381,41,38,1,0,37,38,57900,4,0,0,4,0
2020-06-10,US,New Mexico,Grant,15,0,0,32.73911281,-108.3827845,35017.0,55.55967108674717,0.0,15,15,0,0,15,15,27346,0,0,0,0,0
2020-06-10,US,New Mexico,Guadalupe,20,0,0,34.86319296,-104.790669,35019.0,465.11627906976736,0.0,20,20,0,0,20,20,4341,0,0,0,0,0
2020-06-10,US,New Mexico,Harding,1,0,0,35.85751555,-103.8220938,35021.0,160.0,0.0,1,1,0,0,1,1,655,0,0,0,0,0
2020-06-10,US,New Mexico,Hidalgo,1,0,0,31.91383467,-108.7151824,35023.0,23.820867079561697,0.0,1,1,0,0,1,1,4240,0,0,0,0,0
2020-06-10,US,New Mexico,Lea,34,0,0,32.79215361,-103.4123733,35025.0,47.840157591107356,0.0,34,33,0,0,33,32,69611,1,0,0,1,1
2020-06-10,US,New Mexico,Lincoln,5,0,0,33.74526079,-105.4586166,35027.0,25.546699366441857,0.0,5,5,0,0,5,5,19556,0,0,0,0,0
2020-06-10,US,New Mexico,Los Alamos,6,0,0,35.86631386,-106.3134985,35028.0,30.977334916619338,0.0,6,6,0,0,6,6,19101,0,0,0,0,0
2020-06-10,US,New Mexico,Luna,12,1,0,32.18179341,-107.75088259999998,35029.0,50.613691003416434,8.333333333333334,11,12,1,0,11,12,23963,0,0,0,0,0
2020-06-10,US,New Mexico,McKinley,2807,137,0,35.58007720000001,-108.262245,35031.0,3933.1904101335354,4.8806555040969,2670,2757,134,0,2623,2746,72290,50,3,0,47,11
2020-06-10,US,New Mexico,Otero,28,4,0,32.61348406,-105.7417604,35035.0,41.48762779671063,14.285714285714285,24,28,4,0,24,27,66781,0,0,0,0,1
2020-06-10,US,New Mexico,Quay,4,1,0,35.10403332,-103.5481727,35037.0,48.467224039743115,25.0,3,4,1,0,3,5,8253,0,0,0,0,-1
2020-06-10,US,New Mexico,Rio Arriba,59,1,0,36.51072137,-106.6931674,35039.0,151.58911641530278,1.6949152542372878,58,57,1,0,56,57,39006,2,0,0,2,0
2020-06-10,US,New Mexico,Roosevelt,46,0,0,34.02097406,-103.4799493,35041.0,248.64864864864865,0.0,46,45,0,0,45,45,18743,1,0,0,1,0
2020-06-10,US,New Mexico,San Juan,2034,136,0,36.50838318,-108.320437,35045.0,1640.8783620258475,6.686332350049164,1898,1999,134,0,1865,1990,125043,35,2,0,33,9
2020-06-10,US,New Mexico,San Miguel,16,0,0,35.48014807,-104.8163562,35047.0,58.65747699527074,0.0,16,16,0,0,16,16,27591,0,0,0,0,0
2020-06-10,US,New Mexico,Sandoval,604,27,0,35.68862401,-106.8687803,35043.0,411.5899364897648,4.470198675496689,577,604,27,0,577,600,145179,0,0,0,0,4
2020-06-10,US,New Mexico,Santa Fe,160,3,0,35.50708973,-105.9774716,35049.0,106.4126950345176,1.875,157,155,3,0,152,155,150056,5,0,0,5,0
2020-06-10,US,New Mexico,Sierra,3,0,0,33.13028233,-107.1925893,35051.0,27.80094523213789,0.0,3,1,0,0,1,1,10968,2,0,0,2,0
2020-06-10,US,New Mexico,Socorro,55,5,0,34.00715494,-106.9298354,35053.0,330.58844743643687,9.090909090909092,50,55,5,0,50,55,16735,0,0,0,0,0
2020-06-10,US,New Mexico,Taos,31,0,0,36.58006022,-105.6310198,35055.0,94.7345903492956,0.0,31,31,0,0,31,31,32835,0,0,0,0,0
2020-06-10,US,New Mexico,Torrance,35,1,0,34.64048375,-105.8508949,35057.0,226.3760429467693,2.8571428571428568,34,35,1,0,34,35,15591,0,0,0,0,0
2020-06-10,US,New Mexico,Unassigned,609,1,0,0.0,0.0,90035.0,0.0,0.16420361247947454,608,612,1,0,611,608,,-3,0,0,-3,4
2020-06-10,US,New Mexico,Union,5,0,0,36.48126404,-103.4709624,35059.0,123.1830500123183,0.0,5,5,0,0,5,5,4118,0,0,0,0,0
2020-06-10,US,New Mexico,Valencia,84,2,0,34.71669834,-106.8103733,35061.0,109.5347381598164,2.380952380952381,82,81,2,0,79,81,76456,3,0,0,3,0
2020-06-10,US,New York,Albany,1986,115,0,42.60060306,-73.97723916,36001.0,650.0690657466629,5.790533736153072,1871,1983,115,0,1868,1978,307117,3,0,0,3,5
2020-06-10,US,New York,Allegany,52,0,0,42.25748406,-78.02750466,36003.0,112.82029029528542,0.0,52,51,0,0,51,51,46430,1,0,0,1,0
2020-06-10,US,New York,Broome,630,52,0,42.15903158,-75.81326086,36007.0,330.7294947713242,8.253968253968255,578,627,52,0,575,624,191659,3,0,0,3,3
2020-06-10,US,New York,Cattaraugus,96,5,0,42.24778241,-78.67923096,36009.0,126.12162854552861,5.208333333333333,91,95,5,0,90,95,76840,1,0,0,1,0
2020-06-10,US,New York,Cayuga,102,2,0,42.91261714,-76.55731592,36011.0,133.2010029251985,1.96078431372549,100,102,2,0,100,101,77145,0,0,0,0,1
2020-06-10,US,New York,Chautauqua,105,4,0,42.22769210000001,-79.36691763,36013.0,82.74036074797286,3.809523809523809,101,103,4,0,99,101,127939,2,0,0,2,2
2020-06-10,US,New York,Chemung,138,2,0,42.13891056,-76.7638805,36015.0,165.35659509202455,1.4492753623188406,136,138,2,0,136,137,84254,0,0,0,0,1
2020-06-10,US,New York,Chenango,137,5,0,42.49430041,-75.60887553,36017.0,290.2111974918974,3.6496350364963503,132,135,5,0,130,135,47536,2,0,0,2,0
2020-06-10,US,New York,Clinton,97,4,0,44.74530905,-73.67875352,36019.0,120.51935143194383,4.123711340206185,93,97,4,0,93,97,80695,0,0,0,0,0
2020-06-10,US,New York,Columbia,420,34,0,42.24819348,-73.63089095,36021.0,706.3453355981231,8.095238095238095,386,414,34,0,380,414,59916,6,0,0,6,0
2020-06-10,US,New York,Cortland,42,0,0,42.59509207,-76.07048931,36023.0,88.27052815199345,0.0,42,42,0,0,42,42,47823,0,0,0,0,0
2020-06-10,US,New York,Delaware,87,4,0,42.19837623,-74.96709306,36025.0,197.12246516370232,4.597701149425287,83,86,4,0,82,85,44527,1,0,0,1,1
2020-06-10,US,New York,Dutchess,4022,142,0,41.76486060000001,-73.74356679,36027.0,1367.0135749682208,3.5305818000994535,3880,4016,142,0,3874,4006,293718,6,0,0,6,10
2020-06-10,US,New York,Erie,6616,580,0,42.76249024,-78.73063652,36029.0,720.146467516126,8.766626360338575,6036,6595,560,0,6035,6531,919719,21,20,0,1,64
2020-06-10,US,New York,Essex,40,0,0,44.11630765,-73.77297842,36031.0,108.4451674122272,0.0,40,40,0,0,40,39,37300,0,0,0,0,1
2020-06-10,US,New York,Franklin,23,0,0,44.59040891,-74.29926032,36033.0,45.97976890168325,0.0,23,23,0,0,23,23,50293,0,0,0,0,0
2020-06-10,US,New York,Fulton,228,24,0,43.11363907,-74.41798804,36035.0,427.10226101942567,10.526315789473683,204,228,24,0,204,227,53591,0,0,0,0,1
2020-06-10,US,New York,Genesee,211,5,0,43.0022601,-78.19135193,36037.0,368.3659217877095,2.3696682464454977,206,210,5,0,205,208,57511,1,0,0,1,2
2020-06-10,US,New York,Greene,249,18,0,42.275797,-74.12384884,36039.0,527.6765279308298,7.2289156626506035,231,248,18,0,230,247,47491,1,0,0,1,1
2020-06-10,US,New York,Hamilton,5,0,0,43.66146647,-74.49721957,36041.0,113.22463768115942,0.0,5,5,0,0,5,5,4434,0,0,0,0,0
2020-06-10,US,New York,Herkimer,125,3,0,43.42034246,-74.96145307,36043.0,203.85198714917072,2.4,122,125,3,0,122,124,61833,0,0,0,0,1
2020-06-10,US,New York,Jefferson,79,0,0,44.04200959,-75.94653457,36045.0,71.92672578618642,0.0,79,79,0,0,79,78,111755,0,0,0,0,1
2020-06-10,US,New York,Lewis,20,0,0,43.7844157,-75.44903992,36049.0,76.057195010648,0.0,20,20,0,0,20,20,26447,0,0,0,0,0
2020-06-10,US,New York,Livingston,121,7,0,42.72596275,-77.77966158,36051.0,192.32603236163646,5.785123966942148,114,121,7,0,114,121,63227,0,0,0,0,0
2020-06-10,US,New York,Madison,331,15,0,42.91653905,-75.67266639,36053.0,466.58490858600817,4.531722054380665,316,331,15,0,316,327,70795,0,0,0,0,4
2020-06-10,US,New York,Monroe,3255,236,0,43.14638895,-77.69322942,36055.0,438.8152661876323,7.250384024577572,3019,3243,236,0,3007,3203,742474,12,0,0,12,40
2020-06-10,US,New York,Montgomery,100,4,0,42.90123494,-74.44011632,36057.0,203.16531561731784,4.0,96,100,4,0,96,100,49455,0,0,0,0,0
2020-06-10,US,New York,Nassau,41015,2151,0,40.74066522,-73.58941873,36059.0,3022.6453360689325,5.244422772156528,38864,40980,2145,0,38835,40947,1358343,35,6,0,29,33
2020-06-10,US,New York,New York City,208118,21960,0,40.76727260000001,-73.97152637,36061.0,2496.372416475017,10.551706243573356,186158,207693,21918,0,185775,207353,1628701,425,42,0,383,340
2020-06-10,US,New York,Niagara,1129,70,0,43.19898042,-78.74777412,36063.0,539.4660767102604,6.200177147918513,1059,1125,70,0,1055,1116,210433,4,0,0,4,9
2020-06-10,US,New York,Oneida,1203,61,0,43.24375382,-75.43710392,36065.0,526.083324951568,5.070656691604324,1142,1185,61,0,1124,1170,229577,18,0,0,18,15
2020-06-10,US,New York,Onondaga,2433,151,0,43.00491923,-76.19971155,36067.0,528.306639335719,6.206329634196465,2282,2427,151,0,2276,2408,461809,6,0,0,6,19
2020-06-10,US,New York,Ontario,222,9,0,42.85145728,-77.30874425,36069.0,202.2281534383341,4.0540540540540535,213,222,9,0,213,221,109864,0,0,0,0,1
2020-06-10,US,New York,Orange,10541,467,0,41.40337468,-74.30240757,36071.0,2738.3488335844545,4.430319704012902,10074,10533,465,0,10068,10523,381951,8,2,0,6,10
2020-06-10,US,New York,Orleans,259,41,0,43.2516977,-78.2320066,36073.0,641.8517049960349,15.830115830115831,218,257,41,0,216,256,40612,2,0,0,2,1
2020-06-10,US,New York,Oswego,115,3,0,43.42778894,-76.14635194,36075.0,98.18653734503604,2.608695652173913,112,115,3,0,112,115,117898,0,0,0,0,0
2020-06-10,US,New York,Otsego,77,5,0,42.63492579,-75.03151402,36077.0,129.4269914107542,6.493506493506493,72,75,5,0,70,75,59749,2,0,0,2,0
2020-06-10,US,New York,Putnam,1282,60,0,41.42630093,-73.74965532,36079.0,1303.9056143205858,4.6801872074883,1222,1280,60,0,1220,1279,98892,2,0,0,2,1
2020-06-10,US,New York,Rensselaer,507,28,0,42.71348136,-73.51089874,36083.0,319.4425192484595,5.5226824457593695,479,505,28,0,477,503,159442,2,0,0,2,2
2020-06-10,US,New York,Rockland,13372,661,0,41.15027894,-74.02560498,36087.0,4104.497082467487,4.943164822016153,12711,13353,657,0,12696,13340,325695,19,4,0,15,13
2020-06-10,US,New York,Saratoga,511,14,0,43.10904162,-73.86653895,36091.0,222.30633029239155,2.7397260273972597,497,511,14,0,497,504,230163,0,0,0,0,7
2020-06-10,US,New York,Schenectady,716,30,0,42.81668777,-74.05278291,36093.0,461.0461110502965,4.189944134078212,686,715,30,0,685,712,155350,1,0,0,1,3
2020-06-10,US,New York,Schoharie,54,0,0,42.58831742,-74.44339029999998,36095.0,174.19916771508758,0.0,54,54,0,0,54,54,31097,0,0,0,0,0
2020-06-10,US,New York,Schuyler,12,0,0,42.39184015,-76.8773299,36097.0,67.38922895490539,0.0,12,12,0,0,12,12,17912,0,0,0,0,0
2020-06-10,US,New York,Seneca,61,0,0,42.78081007,-76.82497064,36099.0,179.32737535277516,0.0,61,61,0,0,61,61,34300,0,0,0,0,0
2020-06-10,US,New York,St. Lawrence,209,2,0,44.4976179,-75.06550039,36089.0,193.9855206979766,0.9569377990430622,207,209,2,0,207,209,108047,0,0,0,0,0
2020-06-10,US,New York,Steuben,253,41,0,42.2689144,-77.3829924,36101.0,265.2575514526258,16.205533596837945,212,252,41,0,211,251,95796,1,0,0,1,1
2020-06-10,US,New York,Suffolk,40464,1941,0,40.88320119,-72.8012172,36103.0,2740.347595592852,4.796856465005932,38523,40426,1935,0,38491,40377,1481093,38,6,0,32,49
2020-06-10,US,New York,Sullivan,1425,31,0,41.71579493,-74.76394559,36105.0,1889.1186764237991,2.175438596491228,1394,1418,31,0,1387,1417,75498,7,0,0,7,1
2020-06-10,US,New York,Tioga,135,22,0,42.16852837,-76.30835812,36107.0,280.0655560857208,16.296296296296298,113,134,22,0,112,134,48560,1,0,0,1,0
2020-06-10,US,New York,Tompkins,171,0,0,42.44945765,-76.47229843,36109.0,167.35173223722842,0.0,171,171,0,0,171,171,102793,0,0,0,0,0
2020-06-10,US,New York,Ulster,1726,79,0,41.89027881,-74.26252104,36111.0,971.994616298649,4.577056778679028,1647,1724,79,0,1645,1721,178599,2,0,0,2,3
2020-06-10,US,New York,Warren,257,28,0,43.56173026,-73.8433699,36113.0,401.9141749030401,10.894941634241247,229,257,28,0,229,257,64265,0,0,0,0,0
2020-06-10,US,New York,Washington,240,13,0,43.31153794,-73.43043448,36115.0,392.13123325272863,5.416666666666668,227,240,13,0,227,240,61197,0,0,0,0,0
2020-06-10,US,New York,Wayne,126,3,0,43.15494365,-77.02976528,36117.0,140.12767187882292,2.380952380952381,123,126,3,0,123,125,90064,0,0,0,0,1
2020-06-10,US,New York,Westchester,34076,1399,0,41.16278376,-73.75741653,36119.0,3522.0453413208807,4.105528817936378,32677,34035,1395,0,32640,34000,967612,41,4,0,37,35
2020-06-10,US,New York,Wyoming,91,5,0,42.70145109,-78.22199579,36121.0,228.30477432951156,5.494505494505495,86,91,5,0,86,90,40085,0,0,0,0,1
2020-06-10,US,New York,Yates,39,6,0,42.63505484,-77.10369919,36123.0,156.5447758198531,15.384615384615385,33,39,6,0,33,39,24841,0,0,0,0,0
2020-06-10,US,North Carolina,Alamance,574,30,0,36.0434701,-79.39976137,37001.0,338.6250877534526,5.2264808362369335,544,553,30,0,523,528,166436,21,0,0,21,25
2020-06-10,US,North Carolina,Alexander,43,0,0,35.922379600000006,-81.17751948,37003.0,114.67584073392538,0.0,43,43,0,0,43,43,37353,0,0,0,0,0
2020-06-10,US,North Carolina,Alleghany,30,0,0,36.49360862,-81.12857041,37005.0,269.37236239561815,0.0,30,29,0,0,29,29,11161,1,0,0,1,0
2020-06-10,US,North Carolina,Anson,78,1,0,34.97403241,-80.09953279,37007.0,319.0706045978892,1.2820512820512822,77,78,1,0,77,74,24877,0,0,0,0,4
2020-06-10,US,North Carolina,Ashe,42,0,0,36.43296207,-81.49862729,37009.0,154.3947358747197,0.0,42,40,0,0,40,40,27109,2,0,0,2,0
2020-06-10,US,North Carolina,Avery,6,0,0,36.07569796,-81.92308483,37011.0,34.17440337187447,0.0,6,4,0,0,4,4,17505,2,0,0,2,0
2020-06-10,US,North Carolina,Beaufort,44,0,0,35.48531943,-76.84325809,37013.0,93.6289739115632,0.0,44,44,0,0,44,43,47079,0,0,0,0,1
2020-06-10,US,North Carolina,Bertie,134,4,0,36.0688473,-76.96545943,37015.0,707.2359740328284,2.985074626865672,130,134,4,0,130,134,19026,0,0,0,0,0
2020-06-10,US,North Carolina,Bladen,165,2,0,34.61296243,-78.56180059,37017.0,504.2479066071756,1.2121212121212122,163,165,2,0,163,165,33190,0,0,0,0,0
2020-06-10,US,North Carolina,Brunswick,163,3,0,34.070565,-78.22814204,37019.0,114.12967371516596,1.8404907975460123,160,160,3,0,157,149,136744,3,0,0,3,11
2020-06-10,US,North Carolina,Buncombe,408,34,0,35.61113393,-82.53305,37021.0,156.20752629301927,8.333333333333334,374,401,34,0,367,399,259103,7,0,0,7,2
2020-06-10,US,North Carolina,Burke,710,18,0,35.74989637,-81.70755735,37023.0,784.6604409570648,2.5352112676056344,692,567,18,0,549,567,90382,143,0,0,143,0
2020-06-10,US,North Carolina,Cabarrus,617,25,0,35.3877799,-80.55267168,37025.0,285.0503342527016,4.051863857374392,592,617,25,0,592,599,211342,0,0,0,0,18
2020-06-10,US,North Carolina,Caldwell,219,3,0,35.95204977,-81.54799522,37027.0,266.49468227506145,1.3698630136986298,216,209,3,0,206,204,82029,10,0,0,10,5
2020-06-10,US,North Carolina,Camden,3,0,0,36.33804939,-76.15568396,37029.0,27.606515137572465,0.0,3,3,0,0,3,3,10710,0,0,0,0,0
2020-06-10,US,North Carolina,Carteret,42,3,0,34.8932941,-76.54120135,37031.0,60.45514084608409,7.142857142857142,39,40,3,0,37,40,69524,2,0,0,2,0
2020-06-10,US,North Carolina,Caswell,98,1,0,36.39312665,-79.33353281,37033.0,433.55158379047964,1.020408163265306,97,97,1,0,96,97,22698,1,0,0,1,0
2020-06-10,US,North Carolina,Catawba,338,11,0,35.66211129,-81.2132617,37035.0,211.84448859612286,3.2544378698224854,327,327,10,0,317,310,158652,11,1,0,10,17
2020-06-10,US,North Carolina,Chatham,749,37,0,35.70394416,-79.25541492,37037.0,1005.7741372364709,4.939919893190921,712,733,37,0,696,733,73139,16,0,0,16,0
2020-06-10,US,North Carolina,Cherokee,30,1,0,35.1349263,-84.05970864,37039.0,104.85111142178108,3.333333333333333,29,30,1,0,29,30,28383,0,0,0,0,0
2020-06-10,US,North Carolina,Chowan,18,0,0,36.12908077,-76.60118385,37041.0,129.09703794018506,0.0,18,17,0,0,17,17,14029,1,0,0,1,0
2020-06-10,US,North Carolina,Clay,8,0,0,35.05704275,-83.74353633,37043.0,71.23141305315643,0.0,8,8,0,0,8,8,11139,0,0,0,0,0
2020-06-10,US,North Carolina,Cleveland,127,2,0,35.33553364,-81.55204486,37045.0,129.66196003961326,1.5748031496062993,125,121,2,0,119,121,97645,6,0,0,6,0
2020-06-10,US,North Carolina,Columbus,379,28,0,34.26744084,-78.65801424,37047.0,682.7844635007566,7.3878627968337724,351,373,28,0,345,373,55655,6,0,0,6,0
2020-06-10,US,North Carolina,Craven,241,5,0,35.11833364,-77.08398081,37049.0,235.95296605606086,2.074688796680498,236,240,5,0,235,239,102912,1,0,0,1,1
2020-06-10,US,North Carolina,Cumberland,811,30,0,35.04762133,-78.82623165,37051.0,241.7222786870099,3.699136868064119,781,802,26,0,776,781,332330,9,4,0,5,21
2020-06-10,US,North Carolina,Currituck,15,0,0,36.36123664,-75.95876401,37053.0,54.028743291431034,0.0,15,15,0,0,15,15,27072,0,0,0,0,0
2020-06-10,US,North Carolina,Dare,25,1,0,35.66520691,-75.71767334,37055.0,67.55113621011104,4.0,24,25,1,0,24,25,36501,0,0,0,0,0
2020-06-10,US,North Carolina,Davidson,544,13,0,35.79115496,-80.21256572,37057.0,324.56490999886637,2.389705882352941,531,527,13,0,514,520,166614,17,0,0,17,7
2020-06-10,US,North Carolina,Davie,126,2,0,35.93099927,-80.54496571,37059.0,294.0764598795687,1.5873015873015872,124,119,2,0,117,119,42733,7,0,0,7,0
2020-06-10,US,North Carolina,Duplin,1072,20,0,34.93449805,-77.93140529,37061.0,1824.9604194685144,1.8656716417910448,1052,1047,20,0,1027,1047,58856,25,0,0,25,0
2020-06-10,US,North Carolina,Durham,2284,53,0,36.03638492,-78.87608331,37063.0,710.4464241278058,2.320490367775832,2231,2247,51,0,2196,2180,316739,37,2,0,35,67
2020-06-10,US,North Carolina,Edgecombe,231,9,0,35.91230639,-77.59436892,37065.0,448.78769039477777,3.8961038961038965,222,229,9,0,220,229,52005,2,0,0,2,0
2020-06-10,US,North Carolina,Forsyth,1925,18,0,36.12859861,-80.25459052,37067.0,503.53784381171613,0.935064935064935,1907,1898,18,0,1880,1816,379099,27,0,0,27,82
2020-06-10,US,North Carolina,Franklin,197,22,0,36.081519,-78.28708884,37069.0,282.700724689675,11.167512690355329,175,190,22,0,168,190,67560,7,0,0,7,0
2020-06-10,US,North Carolina,Gaston,392,8,0,35.29373559,-81.17477045,37071.0,174.58769245843519,2.0408163265306123,384,383,8,0,375,366,222846,9,0,0,9,17
2020-06-10,US,North Carolina,Gates,24,1,0,36.44667547,-76.69749701,37073.0,207.57654385054488,4.166666666666667,23,24,1,0,23,24,11573,0,0,0,0,0
2020-06-10,US,North Carolina,Graham,6,0,0,35.3506925,-83.83369267,37075.0,71.08162539983414,0.0,6,4,0,0,4,4,8484,2,0,0,2,0
2020-06-10,US,North Carolina,Granville,610,14,0,36.30337451,-78.65184241,37077.0,1009.2152937478287,2.295081967213114,596,530,13,0,517,513,60115,80,1,0,79,17
2020-06-10,US,North Carolina,Greene,106,2,0,35.48544173,-77.67578087,37079.0,503.10883288243383,1.8867924528301887,104,104,2,0,102,104,21012,2,0,0,2,0
2020-06-10,US,North Carolina,Guilford,1853,81,0,36.07959451,-79.78824948,37081.0,344.953404297304,4.371289800323798,1772,1779,81,0,1698,1665,533670,74,0,0,74,114
2020-06-10,US,North Carolina,Halifax,219,1,0,36.25669272,-77.6556109,37083.0,437.91241751649665,0.45662100456620996,218,219,1,0,218,203,50574,0,0,0,0,16
2020-06-10,US,North Carolina,Harnett,352,30,0,35.36731853,-78.87243571,37085.0,258.8692122139201,8.522727272727273,322,340,30,0,310,337,134214,12,0,0,12,3
2020-06-10,US,North Carolina,Haywood,63,0,0,35.55269063,-82.98196486,37087.0,101.0960091146878,0.0,63,60,0,0,60,60,61971,3,0,0,3,0
2020-06-10,US,North Carolina,Henderson,389,48,0,35.33788927,-82.4766782,37089.0,331.2978529514465,12.339331619537274,341,389,48,0,341,376,116748,0,0,0,0,13
2020-06-10,US,North Carolina,Hertford,140,7,0,36.3607755,-76.98104134,37091.0,591.2911264095957,5.0,133,135,6,0,129,135,23659,5,1,0,4,0
2020-06-10,US,North Carolina,Hoke,288,1,0,35.01888303,-79.23651674,37093.0,521.4179671941197,0.3472222222222222,287,278,1,0,277,278,54764,10,0,0,10,0
2020-06-10,US,North Carolina,Hyde,2,0,0,35.42017674,-76.15180542,37095.0,40.51043143609479,0.0,2,2,0,0,2,2,5230,0,0,0,0,0
2020-06-10,US,North Carolina,Iredell,363,6,0,35.80950511,-80.8743128,37097.0,199.6633774462889,1.6528925619834711,357,348,6,0,342,348,178435,15,0,0,15,0
2020-06-10,US,North Carolina,Jackson,55,1,0,35.28814273,-83.14093385,37099.0,125.17638490600392,1.818181818181818,54,50,1,0,49,50,43327,5,0,0,5,0
2020-06-10,US,North Carolina,Johnston,677,23,0,35.51745004,-78.36622717,37101.0,323.3988888835812,3.397341211225997,654,669,23,0,646,648,202675,8,0,0,8,21
2020-06-10,US,North Carolina,Jones,28,3,0,35.02254606,-77.35870791,37103.0,297.271472555473,10.714285714285714,25,28,3,0,25,28,9637,0,0,0,0,0
2020-06-10,US,North Carolina,Lee,554,4,0,35.47623147,-79.17569362,37105.0,896.7448485731398,0.7220216606498195,550,534,4,0,530,534,61452,20,0,0,20,0
2020-06-10,US,North Carolina,Lenoir,261,8,0,35.24032589999999,-77.64245615,37107.0,466.496273391839,3.0651340996168583,253,257,8,0,249,241,55976,4,0,0,4,16
2020-06-10,US,North Carolina,Lincoln,108,0,0,35.48508185,-81.21740317,37109.0,125.41951667034408,0.0,108,105,0,0,105,105,83770,3,0,0,3,0
2020-06-10,US,North Carolina,Macon,158,1,0,35.14867843,-83.41696617,37113.0,440.62691728484583,0.6329113924050633,157,146,1,0,145,146,35285,12,0,0,12,0
2020-06-10,US,North Carolina,Madison,4,0,0,35.85402722,-82.71346418,37115.0,18.38657779820731,0.0,4,4,0,0,4,4,21763,0,0,0,0,0
2020-06-10,US,North Carolina,Martin,78,4,0,35.84326734,-77.10860251,37117.0,347.5935828877005,5.128205128205129,74,77,4,0,73,77,22671,1,0,0,1,0
2020-06-10,US,North Carolina,McDowell,106,1,0,35.67736232,-82.0482425,37111.0,231.66360695865023,0.9433962264150944,105,101,1,0,100,101,45507,5,0,0,5,0
2020-06-10,US,North Carolina,Mecklenburg,5861,117,0,35.24469268,-80.8317671,37119.0,527.8487259941858,1.99624637433885,5744,5682,111,0,5571,5682,1093901,179,6,0,173,0
2020-06-10,US,North Carolina,Mitchell,17,0,0,36.01059309,-82.1582442,37121.0,113.60598770382249,0.0,17,17,0,0,17,17,15000,0,0,0,0,0
2020-06-10,US,North Carolina,Montgomery,170,5,0,35.33155144,-79.90416657,37123.0,625.6210208663011,2.9411764705882355,165,165,5,0,160,165,27271,5,0,0,5,0
2020-06-10,US,North Carolina,Moore,266,11,0,35.30885257,-79.48474178,37125.0,263.67961934972243,4.135338345864661,255,266,11,0,255,259,98682,0,0,0,0,7
2020-06-10,US,North Carolina,Nash,248,4,0,35.96575634,-77.98422508,37127.0,262.9960338501347,1.6129032258064515,244,242,4,0,238,242,94016,6,0,0,6,0
2020-06-10,US,North Carolina,New Hanover,304,5,0,34.25758282,-77.87075626,37129.0,129.6524546536275,1.6447368421052633,299,278,5,0,273,270,232274,26,0,0,26,8
2020-06-10,US,North Carolina,Northampton,170,14,0,36.41736238,-77.39769443,37131.0,872.5555612585332,8.235294117647058,156,170,14,0,156,165,19676,0,0,0,0,5
2020-06-10,US,North Carolina,Onslow,136,2,0,34.72607366,-77.42908179,37133.0,68.70838343319625,1.4705882352941178,134,134,2,0,132,134,197683,2,0,0,2,0
2020-06-10,US,North Carolina,Orange,415,40,0,36.06092947,-79.12167935,37135.0,279.5064522212344,9.63855421686747,375,405,40,0,365,405,146027,10,0,0,10,0
2020-06-10,US,North Carolina,Pamlico,13,0,0,35.15253315,-76.66559823,37137.0,102.15307245010216,0.0,13,13,0,0,13,13,12670,0,0,0,0,0
2020-06-10,US,North Carolina,Pasquotank,120,14,0,36.26723798,-76.25134778,37139.0,301.3258336681398,11.666666666666664,106,119,13,0,106,119,39639,1,1,0,0,0
2020-06-10,US,North Carolina,Pender,117,1,0,34.52265624,-77.90352133,37141.0,185.53758325404374,0.8547008547008547,116,113,1,0,112,113,62162,4,0,0,4,0
2020-06-10,US,North Carolina,Perquimans,26,2,0,36.17847453,-76.40603143,37143.0,193.12188962341236,7.6923076923076925,24,26,2,0,24,26,13422,0,0,0,0,0
2020-06-10,US,North Carolina,Person,65,1,0,36.38989032,-78.97217358,37145.0,164.59863256520637,1.5384615384615383,64,61,1,0,60,61,39507,4,0,0,4,0
2020-06-10,US,North Carolina,Pitt,416,2,0,35.59535426,-77.37353178,37147.0,230.1623308362196,0.4807692307692308,414,397,2,0,395,397,179914,19,0,0,19,0
2020-06-10,US,North Carolina,Polk,51,4,0,35.27820615,-82.16812354,37149.0,246.09148812970471,7.84313725490196,47,48,4,0,44,48,20611,3,0,0,3,0
2020-06-10,US,North Carolina,Randolph,862,17,0,35.71015088,-79.80570339,37151.0,599.9986078918611,1.9721577726218096,845,829,15,0,814,801,143351,33,2,0,31,28
2020-06-10,US,North Carolina,Richmond,188,4,0,35.00417719,-79.74491009,37153.0,419.3713890561913,2.127659574468085,184,184,4,0,180,184,44887,4,0,0,4,0
2020-06-10,US,North Carolina,Robeson,1001,26,0,34.64244496,-79.10250529999998,37155.0,766.3157894736843,2.5974025974025974,975,983,26,0,957,905,131831,18,0,0,18,78
2020-06-10,US,North Carolina,Rockingham,118,2,0,36.39593137,-79.77504841,37157.0,129.6560817492583,1.6949152542372878,116,116,2,0,114,116,90690,2,0,0,2,0
2020-06-10,US,North Carolina,Rowan,788,39,0,35.64003916,-80.52446628,37159.0,554.5858904340972,4.949238578680203,749,772,39,0,733,771,141262,16,0,0,16,1
2020-06-10,US,North Carolina,Rutherford,200,7,0,35.40114178,-81.92112099,37161.0,298.37831386414837,3.5,193,200,7,0,193,200,66826,0,0,0,0,0
2020-06-10,US,North Carolina,Sampson,627,4,0,34.98820368,-78.36914061,37163.0,986.9197714501582,0.6379585326953748,623,621,4,0,617,621,63626,6,0,0,6,0
2020-06-10,US,North Carolina,Scotland,99,0,0,34.8386299,-79.4757978,37165.0,284.29486259081636,0.0,99,98,0,0,98,98,34810,1,0,0,1,0
2020-06-10,US,North Carolina,Stanly,124,4,0,35.31647813,-80.25093221,37167.0,197.43336623889442,3.2258064516129035,120,118,4,0,114,118,62075,6,0,0,6,0
2020-06-10,US,North Carolina,Stokes,89,0,0,36.4017975,-80.23893369,37169.0,195.2139676690575,0.0,89,86,0,0,86,86,45467,3,0,0,3,0
2020-06-10,US,North Carolina,Surry,294,2,0,36.41689489,-80.69102283,37171.0,409.567724948804,0.6802721088435374,292,279,2,0,277,279,71948,15,0,0,15,0
2020-06-10,US,North Carolina,Swain,32,0,0,35.48665845,-83.48748932,37173.0,224.23095788662326,0.0,32,25,0,0,25,25,14245,7,0,0,7,0
2020-06-10,US,North Carolina,Transylvania,16,1,0,35.20383864,-82.79638423,37175.0,46.531917987494545,6.25,15,16,1,0,15,16,34215,0,0,0,0,0
2020-06-10,US,North Carolina,Tyrrell,4,0,0,35.87147226,-76.17055253,37177.0,99.60159362549801,0.0,4,4,0,0,4,4,4131,0,0,0,0,0
2020-06-10,US,North Carolina,Union,616,22,0,34.98960527,-80.52955873,37179.0,256.81754697551486,3.571428571428572,594,604,22,0,582,592,235908,12,0,0,12,12
2020-06-10,US,North Carolina,Vance,377,28,0,36.36880673,-78.40670845,37181.0,846.5252048950264,7.427055702917772,349,375,26,0,349,370,44582,2,2,0,0,5
2020-06-10,US,North Carolina,Wake,2541,42,0,35.78879266,-78.65249174,37183.0,228.5563174099469,1.6528925619834711,2499,2378,41,0,2337,2300,1092305,163,1,0,162,78
2020-06-10,US,North Carolina,Warren,113,2,0,36.39728256,-78.10652228,37185.0,572.7028533779333,1.7699115044247788,111,93,2,0,91,93,19807,20,0,0,20,0
2020-06-10,US,North Carolina,Washington,32,3,0,35.83810081,-76.57299037,37187.0,276.33851468048357,9.375,29,32,3,0,29,32,11859,0,0,0,0,0
2020-06-10,US,North Carolina,Watauga,41,0,0,36.23103603,-81.70033724,37189.0,72.98360539010628,0.0,41,41,0,0,41,41,55945,0,0,0,0,0
2020-06-10,US,North Carolina,Wayne,1367,22,0,35.36438125,-78.00027268,37191.0,1110.1997060041745,1.6093635698610096,1345,1339,22,0,1317,1335,123248,28,0,0,28,4
2020-06-10,US,North Carolina,Wilkes,513,6,0,36.2084135,-81.16232895,37193.0,749.8684441326081,1.1695906432748535,507,511,6,0,505,511,68557,2,0,0,2,0
2020-06-10,US,North Carolina,Wilson,456,13,0,35.70625477,-77.917978,37195.0,557.4503979168959,2.8508771929824563,443,447,13,0,434,445,81455,9,0,0,9,2
2020-06-10,US,North Carolina,Yadkin,225,4,0,36.16222629,-80.66239436,37197.0,597.3398465500305,1.7777777777777777,221,221,3,0,218,217,37543,4,1,0,3,4
2020-06-10,US,North Carolina,Yancey,23,0,0,35.90079156,-82.31237181,37199.0,127.28983341634844,0.0,23,21,0,0,21,21,17903,2,0,0,2,0
2020-06-10,US,North Dakota,Barnes,9,0,0,46.93579637,-98.06605978,38003.0,86.41382621219395,0.0,9,9,0,0,9,9,10542,0,0,0,0,0
2020-06-10,US,North Dakota,Benson,3,0,0,48.0683985,-99.35916363,38005.0,43.911007025761116,0.0,3,3,0,0,3,2,6962,0,0,0,0,1
2020-06-10,US,North Dakota,Bottineau,4,0,0,48.79106111,-100.8378166,38009.0,63.673989175421845,0.0,4,4,0,0,4,3,6411,0,0,0,0,1
2020-06-10,US,North Dakota,Bowman,1,0,0,46.11285362,-103.5203343,38011.0,33.06878306878307,0.0,1,1,0,0,1,1,3076,0,0,0,0,0
2020-06-10,US,North Dakota,Burke,5,0,0,48.79094471,-102.5182117,38013.0,236.40661938534282,0.0,5,5,0,0,5,5,2100,0,0,0,0,0
2020-06-10,US,North Dakota,Burleigh,147,0,0,46.97847375,-100.4645214,38015.0,153.72388262606404,0.0,147,144,0,0,144,143,95273,3,0,0,3,1
2020-06-10,US,North Dakota,Cass,1958,61,0,46.93201724,-97.2444719,38017.0,1076.2795248539217,3.115423901940756,1897,1930,60,0,1870,1917,181516,28,1,0,27,13
2020-06-10,US,North Dakota,Dickey,1,0,0,46.11017712,-98.5049008,38021.0,20.52545155993432,0.0,1,1,0,0,1,1,4903,0,0,0,0,0
2020-06-10,US,North Dakota,Divide,1,0,0,48.814938700000006,-103.4873611,38023.0,44.16961130742049,0.0,1,1,0,0,1,1,2283,0,0,0,0,0
2020-06-10,US,North Dakota,Dunn,11,0,0,47.35423935,-102.6160468,38025.0,248.64376130198917,0.0,11,11,0,0,11,11,4332,0,0,0,0,0
2020-06-10,US,North Dakota,Eddy,5,0,0,47.71701474,-98.90432337,38027.0,218.62702229995628,0.0,5,5,0,0,5,5,2313,0,0,0,0,0
2020-06-10,US,North Dakota,Emmons,4,1,0,46.28398398,-100.2389766,38029.0,123.41869793273679,25.0,3,4,1,0,3,4,3295,0,0,0,0,0
2020-06-10,US,North Dakota,Foster,1,0,0,47.4571084,-98.88279923,38031.0,31.152647975077887,0.0,1,1,0,0,1,1,3216,0,0,0,0,0
2020-06-10,US,North Dakota,Grand Forks,339,4,0,47.92093639,-97.45450447,38035.0,488.1139220457589,1.1799410029498525,335,339,4,0,335,339,70770,0,0,0,0,0
2020-06-10,US,North Dakota,Grant,2,0,0,46.35821257,-101.6390013,38037.0,87.95074758135445,0.0,2,2,0,0,2,2,2374,0,0,0,0,0
2020-06-10,US,North Dakota,Griggs,1,0,0,47.45785838,-98.23850925,38039.0,44.822949350067226,0.0,1,1,0,0,1,1,2232,0,0,0,0,0
2020-06-10,US,North Dakota,Kidder,2,0,0,46.97830064,-99.77507857,38043.0,80.64516129032258,0.0,2,1,0,0,1,,2450,1,0,0,1,
2020-06-10,US,North Dakota,LaMoure,6,0,0,46.45681054,-98.53542355,38045.0,148.29461196243201,0.0,6,1,0,0,1,1,4062,5,0,0,5,0
2020-06-10,US,North Dakota,McHenry,2,1,0,48.23104458,-100.6324822,38049.0,34.81288076588338,50.0,1,2,1,0,1,2,5816,0,0,0,0,0
2020-06-10,US,North Dakota,McIntosh,1,0,0,46.11182017,-99.44145858,38051.0,40.04805766920305,0.0,1,1,0,0,1,1,2585,0,0,0,0,0
2020-06-10,US,North Dakota,McKenzie,18,0,0,47.74133370000001,-103.395905,38053.0,119.8083067092652,0.0,18,18,0,0,18,18,13632,0,0,0,0,0
2020-06-10,US,North Dakota,McLean,8,0,0,47.60766714,-101.3182418,38055.0,84.65608465608466,0.0,8,8,0,0,8,7,9541,0,0,0,0,1
2020-06-10,US,North Dakota,Mercer,6,0,0,47.31213126,-101.8318399,38057.0,73.28691828508613,0.0,6,6,0,0,6,6,8267,0,0,0,0,0
2020-06-10,US,North Dakota,Morton,60,2,0,46.71681782,-101.2822377,38059.0,191.3021298303788,3.333333333333333,58,60,2,0,58,60,31095,0,0,0,0,0
2020-06-10,US,North Dakota,Mountrail,43,0,0,48.20197971,-102.3555315,38061.0,407.77619724988153,0.0,43,43,0,0,43,43,10218,0,0,0,0,0
2020-06-10,US,North Dakota,Nelson,1,0,0,47.9226426,-98.19038437,38063.0,34.734282737061484,0.0,1,1,0,0,1,1,2869,0,0,0,0,0
2020-06-10,US,North Dakota,Oliver,1,0,0,47.11530482,-101.3406158,38065.0,51.046452271567134,0.0,1,1,0,0,1,1,1952,0,0,0,0,0
2020-06-10,US,North Dakota,Pembina,6,0,0,48.76623521,-97.5523809,38067.0,88.2223202470225,0.0,6,6,0,0,6,6,6947,0,0,0,0,0
2020-06-10,US,North Dakota,Pierce,3,0,0,48.24977025,-99.96407787,38069.0,75.47169811320755,0.0,3,3,0,0,3,3,4081,0,0,0,0,0
2020-06-10,US,North Dakota,Ramsey,8,1,0,48.26886249,-98.72223879,38071.0,69.4504731313482,12.5,7,8,1,0,7,8,11481,0,0,0,0,0
2020-06-10,US,North Dakota,Ransom,11,0,0,46.45621782,-97.65742504,38073.0,210.80873898045232,0.0,11,11,0,0,11,11,5237,0,0,0,0,0
2020-06-10,US,North Dakota,Renville,3,0,0,48.71982533,-101.6603912,38075.0,128.92135797163732,0.0,3,3,0,0,3,3,2374,0,0,0,0,0
2020-06-10,US,North Dakota,Richland,31,0,0,46.26440649,-96.94852979,38077.0,191.63009210607646,0.0,31,30,0,0,30,28,16239,1,0,0,1,2
2020-06-10,US,North Dakota,Rolette,7,0,0,48.77245354,-99.84097493,38079.0,49.37923250564334,0.0,7,7,0,0,7,6,14301,0,0,0,0,1
2020-06-10,US,North Dakota,Sargent,4,0,0,46.10830372,-97.63217159,38081.0,102.6167265264238,0.0,4,4,0,0,4,4,3870,0,0,0,0,0
2020-06-10,US,North Dakota,Sheridan,1,0,0,47.57700669,-100.3426391,38083.0,76.04562737642586,0.0,1,1,0,0,1,1,1349,0,0,0,0,0
2020-06-10,US,North Dakota,Sioux,2,0,0,46.11323337,-101.0440149,38085.0,47.28132387706856,0.0,2,2,0,0,2,2,4358,0,0,0,0,0
2020-06-10,US,North Dakota,Slope,3,0,0,46.44737738,-103.4601547,38087.0,400.0,0.0,3,3,0,0,3,3,763,0,0,0,0,0
2020-06-10,US,North Dakota,Stark,63,2,0,46.80851182,-102.6576326,38089.0,200.06986566737592,3.1746031746031744,61,63,2,0,61,62,30997,0,0,0,0,1
2020-06-10,US,North Dakota,Steele,1,0,0,47.45611548,-97.72728747,38091.0,52.91005291005291,0.0,1,1,0,0,1,1,1903,0,0,0,0,0
2020-06-10,US,North Dakota,Stutsman,51,0,0,46.97962541,-98.95637318,38093.0,246.32921174652242,0.0,51,49,0,0,49,50,20917,2,0,0,2,-1
2020-06-10,US,North Dakota,Traill,14,0,0,47.45367788,-97.16323288,38097.0,174.21602787456445,0.0,14,14,0,0,14,14,8037,0,0,0,0,0
2020-06-10,US,North Dakota,Walsh,16,0,0,48.36876964,-97.72574783,38099.0,150.3618081007424,0.0,16,16,0,0,16,16,10667,0,0,0,0,0
2020-06-10,US,North Dakota,Ward,44,1,0,48.22390169,-101.5436763,38101.0,65.04930441596072,2.272727272727273,43,44,1,0,43,44,67744,0,0,0,0,0
2020-06-10,US,North Dakota,Wells,8,0,0,47.58614526,-99.65904998,38103.0,208.65936358894103,0.0,8,8,0,0,8,8,3957,0,0,0,0,0
2020-06-10,US,North Dakota,Williams,25,0,0,48.34522353,-103.4793387,38105.0,66.5088190694086,0.0,25,25,0,0,25,25,35350,0,0,0,0,0
2020-06-10,US,Ohio,Adams,12,1,0,38.84541072,-83.4718964,39001.0,43.32442775651671,8.333333333333334,11,11,1,0,10,11,27724,1,0,0,1,0
2020-06-10,US,Ohio,Allen,229,34,0,40.77285242,-84.10802343,39003.0,223.7398755263749,14.847161572052402,195,227,34,0,193,224,102663,2,0,0,2,3
2020-06-10,US,Ohio,Ashland,26,0,0,40.84772277,-82.27280781,39005.0,48.612669209483215,0.0,26,25,0,0,25,24,53745,1,0,0,1,1
2020-06-10,US,Ohio,Ashtabula,377,38,0,41.70860332,-80.74830218,39007.0,387.6965477524912,10.079575596816976,339,375,38,0,337,374,97493,2,0,0,2,1
2020-06-10,US,Ohio,Athens,22,1,0,39.33425634,-82.04278644,39009.0,33.67673396910925,4.545454545454546,21,18,1,0,17,18,65818,4,0,0,4,0
2020-06-10,US,Ohio,Auglaize,81,3,0,40.55998859,-84.22421429999999,39011.0,177.4137024706501,3.703703703703704,78,80,3,0,77,80,45804,1,0,0,1,0
2020-06-10,US,Ohio,Belmont,460,16,0,40.01625942,-80.9924051,39013.0,686.5056860579649,3.4782608695652173,444,455,15,0,440,453,67505,5,1,0,4,2
2020-06-10,US,Ohio,Brown,32,1,0,38.93416837,-83.86788395,39015.0,73.67839381101491,3.125,31,32,1,0,31,31,43602,0,0,0,0,1
2020-06-10,US,Ohio,Butler,1045,32,0,39.44012838,-84.57388716,39017.0,272.75052592565527,3.062200956937799,1013,1034,32,0,1002,1013,382378,11,0,0,11,21
2020-06-10,US,Ohio,Carroll,36,3,0,40.5789686,-81.09178213,39019.0,133.75938173441332,8.333333333333334,33,36,3,0,33,36,27081,0,0,0,0,0
2020-06-10,US,Ohio,Champaign,34,1,0,40.13923427,-83.76875242,39021.0,87.43731516008744,2.9411764705882355,33,35,1,0,34,34,38754,-1,0,0,-1,1
2020-06-10,US,Ohio,Clark,384,8,0,39.91592258,-83.78498252,39023.0,286.38977349850467,2.083333333333333,376,377,8,0,369,371,134585,7,0,0,7,6
2020-06-10,US,Ohio,Clermont,237,6,0,39.04847534,-84.15375786,39025.0,114.81000639448135,2.5316455696202533,231,234,6,0,228,232,205466,3,0,0,3,2
2020-06-10,US,Ohio,Clinton,49,1,0,39.41485808,-83.80852286,39027.0,116.75562333206251,2.0408163265306123,48,48,1,0,47,48,42057,1,0,0,1,0
2020-06-10,US,Ohio,Columbiana,903,55,0,40.76932373,-80.78094576,39029.0,886.3107682341508,6.090808416389812,848,901,55,0,846,899,102665,2,0,0,2,2
2020-06-10,US,Ohio,Coshocton,48,0,0,40.30096166,-81.91729018,39031.0,131.14754098360658,0.0,48,48,0,0,48,48,36629,0,0,0,0,0
2020-06-10,US,Ohio,Crawford,121,4,0,40.85065156,-82.91989099,39033.0,291.60842531450334,3.3057851239669422,117,121,4,0,117,121,41550,0,0,0,0,0
2020-06-10,US,Ohio,Cuyahoga,5011,298,0,41.424119,-81.65918339,39035.0,405.72533423152663,5.946916783077231,4713,4939,287,0,4652,4910,1243857,72,11,0,61,29
2020-06-10,US,Ohio,Darke,195,25,0,40.13412966,-84.6194517,39037.0,381.5076399350458,12.82051282051282,170,194,25,0,169,193,51323,1,0,0,1,1
2020-06-10,US,Ohio,Defiance,39,2,0,41.32398837,-84.49076944,39039.0,102.39714338225642,5.128205128205129,37,38,2,0,36,37,38165,1,0,0,1,1
2020-06-10,US,Ohio,Delaware,384,14,0,40.27942393,-83.00457058,39041.0,183.57658824823002,3.6458333333333335,370,378,14,0,364,369,204826,6,0,0,6,9
2020-06-10,US,Ohio,Erie,191,16,0,41.36796058,-82.62904521,39043.0,257.1836371960251,8.37696335078534,175,191,16,0,175,190,74615,0,0,0,0,1
2020-06-10,US,Ohio,Fairfield,342,9,0,39.75107189,-82.63088163,39045.0,217.04088237907268,2.631578947368421,333,336,9,0,327,333,155782,6,0,0,6,3
2020-06-10,US,Ohio,Fayette,43,0,0,39.56021306,-83.4562016,39047.0,150.7449605609115,0.0,43,43,0,0,43,43,28666,0,0,0,0,0
2020-06-10,US,Ohio,Franklin,6741,313,0,39.96995815,-83.01115755,39049.0,511.93994939077555,4.643228007713988,6428,6667,303,0,6364,6586,1310300,74,10,0,64,81
2020-06-10,US,Ohio,Fulton,52,0,0,41.60213491,-84.12571393,39051.0,123.43920619095094,0.0,52,51,0,0,51,50,42276,1,0,0,1,1
2020-06-10,US,Ohio,Gallia,9,1,0,38.82708533,-82.31647569,39053.0,30.102347983142685,11.111111111111109,8,9,1,0,8,9,29979,0,0,0,0,0
2020-06-10,US,Ohio,Geauga,327,35,0,41.49952319,-81.17935342,39055.0,349.1761791369903,10.703363914373089,292,317,34,0,283,313,94031,10,1,0,9,4
2020-06-10,US,Ohio,Greene,122,6,0,39.69116283,-83.89032084,39057.0,72.21626997046236,4.918032786885246,116,120,6,0,114,114,167995,2,0,0,2,6
2020-06-10,US,Ohio,Guernsey,44,2,0,40.05026529,-81.49248905,39059.0,113.18327974276528,4.545454545454546,42,44,2,0,42,43,39022,0,0,0,0,1
2020-06-10,US,Ohio,Hamilton,2975,174,0,39.19673558,-84.54502924,39061.0,363.92639267596604,5.848739495798318,2801,2918,173,0,2745,2891,816684,57,1,0,56,27
2020-06-10,US,Ohio,Hancock,60,1,0,41.00250487,-83.66838948,39063.0,79.17342939709434,1.6666666666666667,59,60,1,0,59,58,75930,0,0,0,0,2
2020-06-10,US,Ohio,Hardin,78,3,0,40.66015414,-83.65929931,39065.0,248.6848397895744,3.8461538461538463,75,77,3,0,74,76,31480,1,0,0,1,1
2020-06-10,US,Ohio,Harrison,10,0,0,40.29380509,-81.09068544,39067.0,66.48936170212765,0.0,10,10,0,0,10,10,15174,0,0,0,0,0
2020-06-10,US,Ohio,Henry,19,0,0,41.3339642,-84.06830637,39069.0,70.35473598459602,0.0,19,19,0,0,19,19,27086,0,0,0,0,0
2020-06-10,US,Ohio,Highland,31,1,0,39.1839264,-83.60331456,39071.0,71.82410046106439,3.2258064516129035,30,30,1,0,29,30,43058,1,0,0,1,0
2020-06-10,US,Ohio,Hocking,73,7,0,39.49537927,-82.47991446,39073.0,258.2790829323521,9.58904109589041,66,73,6,0,67,74,28385,0,1,0,-1,-1
2020-06-10,US,Ohio,Holmes,72,3,0,40.56163713,-81.92635677,39075.0,163.7852593266606,4.166666666666667,69,69,3,0,66,69,43892,3,0,0,3,0
2020-06-10,US,Ohio,Huron,64,1,0,41.14651175,-82.59867951,39077.0,109.8410736964954,1.5625,63,64,1,0,63,63,58504,0,0,0,0,1
2020-06-10,US,Ohio,Jackson,16,0,0,39.01914254,-82.61818559999998,39079.0,49.362909943541176,0.0,16,16,0,0,16,15,32384,0,0,0,0,1
2020-06-10,US,Ohio,Jefferson,69,2,0,40.38614126,-80.76259514,39081.0,105.62571756601608,2.898550724637681,67,69,2,0,67,69,65767,0,0,0,0,0
2020-06-10,US,Ohio,Knox,29,1,0,40.39830217,-82.42027563,39083.0,46.53252463014665,3.4482758620689653,28,29,1,0,28,29,61893,0,0,0,0,0
2020-06-10,US,Ohio,Lake,337,12,0,41.69710807,-81.23676539,39085.0,146.42687997775352,3.560830860534125,325,337,12,0,325,334,230514,0,0,0,0,3
2020-06-10,US,Ohio,Lawrence,30,1,0,38.59743452,-82.53466552,39087.0,50.45154129458654,3.333333333333333,29,30,1,0,29,30,59866,0,0,0,0,0
2020-06-10,US,Ohio,Licking,285,10,0,40.09136236,-82.48185785,39089.0,161.142585744818,3.5087719298245608,275,284,10,0,274,280,175769,1,0,0,1,4
2020-06-10,US,Ohio,Logan,46,0,0,40.38996525,-83.76784341,39091.0,100.71816430197931,0.0,46,46,0,0,46,46,45358,0,0,0,0,0
2020-06-10,US,Ohio,Lorain,762,61,0,41.29553751,-82.15083537,39093.0,245.93894130063615,8.005249343832022,701,757,61,0,696,755,309461,5,0,0,5,2
2020-06-10,US,Ohio,Lucas,2390,270,0,41.62101218,-83.65468618,39095.0,557.9575485353031,11.297071129707112,2120,2372,267,0,2105,2354,429899,18,3,0,15,18
2020-06-10,US,Ohio,Madison,167,7,0,39.89381073,-83.40178317,39097.0,373.3428718338512,4.1916167664670665,160,167,7,0,160,167,44413,0,0,0,0,0
2020-06-10,US,Ohio,Mahoning,1529,195,0,41.01631101,-80.77287029,39099.0,668.6111341901235,12.753433616742965,1334,1522,195,0,1327,1516,229642,7,0,0,7,6
2020-06-10,US,Ohio,Marion,2697,33,0,40.58610662,-83.15736305,39101.0,4143.302659272118,1.2235817575083423,2664,2695,32,0,2663,2694,65256,2,1,0,1,1
2020-06-10,US,Ohio,Medina,394,26,0,41.11770589,-81.89986209999998,39103.0,219.19820190713563,6.598984771573603,368,390,25,0,365,388,179146,4,1,0,3,2
2020-06-10,US,Ohio,Meigs,6,0,0,39.09224872,-82.0305041,39105.0,26.192866809272275,0.0,6,6,0,0,6,6,23106,0,0,0,0,0
2020-06-10,US,Ohio,Mercer,239,8,0,40.54043046,-84.62912742,39107.0,580.4915962304477,3.3472803347280333,231,237,8,0,229,237,40959,2,0,0,2,0
2020-06-10,US,Ohio,Miami,379,30,0,40.0543329,-84.22871271,39109.0,354.2486470318824,7.9155672823218985,349,376,30,0,346,375,106222,3,0,0,3,1
2020-06-10,US,Ohio,Monroe,83,15,0,39.72984936,-81.08464734,39111.0,607.8804745862019,18.072289156626507,68,81,15,0,66,81,13790,2,0,0,2,0
2020-06-10,US,Ohio,Montgomery,847,17,0,39.75394919,-84.29050975,39113.0,159.30425231386138,2.007083825265644,830,835,17,0,818,817,532331,12,0,0,12,18
2020-06-10,US,Ohio,Morgan,6,0,0,39.62081738,-81.85308173,39115.0,41.356492969396186,0.0,6,6,0,0,6,6,14604,0,0,0,0,0
2020-06-10,US,Ohio,Morrow,108,1,0,40.52363560000001,-82.7892599,39117.0,305.70652173913044,0.925925925925926,107,108,1,0,107,108,35112,0,0,0,0,0
2020-06-10,US,Ohio,Muskingum,55,1,0,39.96575964,-81.94363275,39119.0,63.794003363683814,1.818181818181818,54,57,1,0,56,57,86183,-2,0,0,-2,0
2020-06-10,US,Ohio,Noble,6,0,0,39.76818851,-81.45937183,39121.0,41.59733777038269,0.0,6,6,0,0,6,6,14354,0,0,0,0,0
2020-06-10,US,Ohio,Ottawa,111,20,0,41.53781826,-83.0940185,39123.0,273.90499691548433,18.01801801801802,91,112,19,0,93,109,40769,-1,1,0,-2,3
2020-06-10,US,Ohio,Paulding,14,0,0,41.11676341,-84.5801017,39125.0,74.97857754927162,0.0,14,14,0,0,14,14,18760,0,0,0,0,0
2020-06-10,US,Ohio,Perry,21,1,0,39.73508655,-82.23804971,39127.0,58.1170089112747,4.761904761904762,20,21,1,0,20,20,36033,0,0,0,0,1
2020-06-10,US,Ohio,Pickaway,2110,39,0,39.64170392,-83.0243386,39129.0,3609.490736780882,1.848341232227488,2071,2109,39,0,2070,2108,58086,1,0,0,1,1
2020-06-10,US,Ohio,Pike,9,0,0,39.07634001,-83.06769584,39131.0,32.406740602045225,0.0,9,9,0,0,9,9,28067,0,0,0,0,0
2020-06-10,US,Ohio,Portage,346,58,0,41.16793482,-81.19735782,39133.0,212.9676363054424,16.76300578034682,288,344,58,0,286,341,162927,2,0,0,2,3
2020-06-10,US,Ohio,Preble,40,1,0,39.7420247,-84.64787018,39135.0,97.84257130277383,2.5,39,39,1,0,38,39,40997,1,0,0,1,0
2020-06-10,US,Ohio,Putnam,99,14,0,41.02094889,-84.1336111,39137.0,292.3717551165057,14.141414141414142,85,98,14,0,84,97,33780,1,0,0,1,1
2020-06-10,US,Ohio,Richland,234,4,0,40.77180308,-82.53799609999999,39139.0,193.14261188239757,1.709401709401709,230,232,4,0,228,232,121099,2,0,0,2,0
2020-06-10,US,Ohio,Ross,77,2,0,39.33705391,-83.06000914,39141.0,100.43565596222577,2.5974025974025974,75,75,2,0,73,74,76931,2,0,0,2,1
2020-06-10,US,Ohio,Sandusky,102,13,0,41.35624126,-83.137872,39143.0,174.3053419460679,12.745098039215687,89,98,13,0,85,97,58799,4,0,0,4,1
2020-06-10,US,Ohio,Scioto,19,0,0,38.80270163,-82.98907345,39145.0,25.22771330695488,0.0,19,19,0,0,19,19,75502,0,0,0,0,0
2020-06-10,US,Ohio,Seneca,28,2,0,41.12351311,-83.12783209,39147.0,50.74486208271413,7.142857142857142,26,28,2,0,26,27,55207,0,0,0,0,1
2020-06-10,US,Ohio,Shelby,49,3,0,40.33163494,-84.20258189,39149.0,100.84379501955135,6.1224489795918355,46,49,3,0,46,49,48627,0,0,0,0,0
2020-06-10,US,Ohio,Stark,839,105,0,40.81482476,-81.36437305,39151.0,226.38597324382232,12.514898688915375,734,827,103,0,724,821,371574,12,2,0,10,6
2020-06-10,US,Ohio,Summit,1621,187,0,41.12464734,-81.53123079,39153.0,299.623114416844,11.536088834053054,1434,1592,185,0,1407,1571,541918,29,2,0,27,21
2020-06-10,US,Ohio,Trumbull,620,53,0,41.31735028,-80.76109643,39155.0,313.1724367846283,8.548387096774192,567,618,53,0,565,616,198627,2,0,0,2,2
2020-06-10,US,Ohio,Tuscarawas,389,6,0,40.44214695,-81.47226262,39157.0,422.88584256471023,1.5424164524421593,383,382,6,0,376,381,92176,7,0,0,7,1
2020-06-10,US,Ohio,Union,61,1,0,40.30016061,-83.37239023,39159.0,103.41086322641894,1.639344262295082,60,61,1,0,60,58,57835,0,0,0,0,3
2020-06-10,US,Ohio,Van Wert,8,0,0,40.8554138,-84.59111700000003,39161.0,28.29354553492485,0.0,8,8,0,0,8,8,28281,0,0,0,0,0
2020-06-10,US,Ohio,Vinton,21,2,0,39.25208988,-82.4831444,39163.0,160.4891096675583,9.523809523809524,19,21,2,0,19,21,13139,0,0,0,0,0
2020-06-10,US,Ohio,Warren,461,20,0,39.42581994,-84.16557457,39165.0,196.5030136145472,4.338394793926248,441,443,20,0,423,427,232173,18,0,0,18,16
2020-06-10,US,Ohio,Washington,118,19,0,39.45690571,-81.49121382,39167.0,196.9588222530086,16.10169491525424,99,118,19,0,99,118,60155,0,0,0,0,0
2020-06-10,US,Ohio,Wayne,302,52,0,40.82925852,-81.88844833,39169.0,260.997320888428,17.218543046357613,250,301,51,0,250,300,115967,1,1,0,0,1
2020-06-10,US,Ohio,Williams,58,1,0,41.56052014,-84.58429552,39171.0,158.07260438242668,1.7241379310344829,57,58,1,0,57,58,36804,0,0,0,0,0
2020-06-10,US,Ohio,Wood,312,49,0,41.36224827,-83.62285108,39173.0,238.5011122407638,15.705128205128204,263,308,49,0,259,308,130696,4,0,0,4,0
2020-06-10,US,Ohio,Wyandot,48,2,0,40.84339621,-83.30734173,39175.0,220.46665441851917,4.166666666666667,46,48,2,0,46,48,21935,0,0,0,0,0
2020-06-10,US,Oklahoma,Adair,95,4,0,35.88494195,-94.65859267,40001.0,428.0436153915473,4.2105263157894735,91,95,4,0,91,94,22082,0,0,0,0,1
2020-06-10,US,Oklahoma,Alfalfa,1,0,0,36.73090616,-98.32408495,40003.0,17.5377060680463,0.0,1,1,0,0,1,1,5754,0,0,0,0,0
2020-06-10,US,Oklahoma,Atoka,5,0,0,34.37366573,-96.03802487,40005.0,36.34249164122692,0.0,5,5,0,0,5,4,13838,0,0,0,0,1
2020-06-10,US,Oklahoma,Beaver,27,0,0,36.7496847,-100.4758872,40007.0,508.3788363773301,0.0,27,27,0,0,27,27,5319,0,0,0,0,0
2020-06-10,US,Oklahoma,Beckham,7,0,0,35.26862449,-99.68128023,40009.0,32.02342284642481,0.0,7,7,0,0,7,7,21709,0,0,0,0,0
2020-06-10,US,Oklahoma,Blaine,10,0,0,35.87518314,-98.43307003,40011.0,106.05578534309046,0.0,10,10,0,0,10,9,9485,0,0,0,0,1
2020-06-10,US,Oklahoma,Bryan,46,1,0,33.96472458,-96.25903472,40013.0,95.84331701218876,2.1739130434782608,45,40,1,0,39,36,47192,6,0,0,6,4
2020-06-10,US,Oklahoma,Caddo,174,10,0,35.17364557,-98.37534464,40015.0,604.9648842222376,5.747126436781608,164,174,10,0,164,170,28977,0,0,0,0,4
2020-06-10,US,Oklahoma,Canadian,144,3,0,35.5426055,-97.98465569,40017.0,97.09654363275928,2.083333333333333,141,143,3,0,140,142,144447,1,0,0,1,1
2020-06-10,US,Oklahoma,Carter,55,1,0,34.25103751,-97.28552485,40019.0,114.31897071355823,1.818181818181818,54,55,1,0,54,53,48177,0,0,0,0,2
2020-06-10,US,Oklahoma,Cherokee,37,1,0,35.90692775,-94.99980896,40021.0,76.04250159278213,2.702702702702702,36,37,1,0,36,33,48675,0,0,0,0,4
2020-06-10,US,Oklahoma,Choctaw,101,1,0,34.02807439,-95.54771129,40023.0,688.3860414394766,0.99009900990099,100,100,1,0,99,100,14668,1,0,0,1,0
2020-06-10,US,Oklahoma,Cimarron,1,0,0,36.74817177,-102.5173885,40025.0,46.79457182966776,0.0,1,1,0,0,1,1,2153,0,0,0,0,0
2020-06-10,US,Oklahoma,Cleveland,529,40,0,35.20413532,-97.32519562,40027.0,186.25842388051294,7.561436672967863,489,529,39,0,490,524,281669,0,1,0,-1,5
2020-06-10,US,Oklahoma,Coal,5,0,0,34.58840127,-96.29798747,40029.0,90.99181073703366,0.0,5,5,0,0,5,5,5520,0,0,0,0,0
2020-06-10,US,Oklahoma,Comanche,312,3,0,34.65973764,-98.47195055,40031.0,258.3872330205633,0.9615384615384616,309,311,3,0,308,310,120422,1,0,0,1,1
2020-06-10,US,Oklahoma,Cotton,5,2,0,34.28845626,-98.37053567,40033.0,88.24567596187786,40.0,3,5,2,0,3,5,5776,0,0,0,0,0
2020-06-10,US,Oklahoma,Craig,16,0,0,36.76268118,-95.20916602,40035.0,113.13816999010041,0.0,16,16,0,0,16,16,14306,0,0,0,0,0
2020-06-10,US,Oklahoma,Creek,102,7,0,35.90230551,-96.37086028,40037.0,142.61346159223734,6.862745098039214,95,101,7,0,94,100,71604,1,0,0,1,1
2020-06-10,US,Oklahoma,Custer,37,0,0,35.63853802,-99.00170785,40039.0,127.5730096886529,0.0,37,35,0,0,35,34,29036,2,0,0,2,1
2020-06-10,US,Oklahoma,Delaware,104,16,0,36.40823634,-94.80325046,40041.0,241.8098537515404,15.384615384615385,88,103,16,0,87,102,42733,1,0,0,1,1
2020-06-10,US,Oklahoma,Dewey,2,0,0,35.98772922,-99.00730714,40043.0,40.891433244735225,0.0,2,2,0,0,2,2,4894,0,0,0,0,0
2020-06-10,US,Oklahoma,Garfield,31,1,0,36.3791334,-97.78265517,40047.0,50.7730607966457,3.2258064516129035,30,31,1,0,30,30,60913,0,0,0,0,1
2020-06-10,US,Oklahoma,Garvin,20,1,0,34.70418038,-97.30811132,40049.0,72.17350510627548,5.0,19,20,1,0,19,20,27811,0,0,0,0,0
2020-06-10,US,Oklahoma,Grady,115,3,0,35.0167709,-97.88339847,40051.0,205.9676899380306,2.608695652173913,112,115,3,0,112,115,55551,0,0,0,0,0
2020-06-10,US,Oklahoma,Grant,2,0,0,36.796297,-97.78638765,40053.0,46.15739672282484,0.0,2,2,0,0,2,2,4326,0,0,0,0,0
2020-06-10,US,Oklahoma,Greer,66,7,0,34.93535801,-99.5605612,40055.0,1155.4621848739494,10.606060606060606,59,66,7,0,59,66,5821,0,0,0,0,0
2020-06-10,US,Oklahoma,Harper,1,0,0,36.78836519,-99.6679804,40059.0,27.11496746203905,0.0,1,1,0,0,1,1,3797,0,0,0,0,0
2020-06-10,US,Oklahoma,Haskell,6,0,0,35.22257600000001,-95.11513306,40061.0,47.517224994060356,0.0,6,6,0,0,6,6,12668,0,0,0,0,0
2020-06-10,US,Oklahoma,Hughes,3,0,0,35.04912569,-96.24921145,40063.0,22.59206265532043,0.0,3,3,0,0,3,3,13335,0,0,0,0,0
2020-06-10,US,Oklahoma,Jackson,30,3,0,34.58781741,-99.41138784,40065.0,122.29922543823886,10.0,27,29,3,0,26,28,24949,1,0,0,1,1
2020-06-10,US,Oklahoma,Jefferson,4,0,0,34.11130184,-97.83182974,40067.0,66.64445184938353,0.0,4,4,0,0,4,4,6123,0,0,0,0,0
2020-06-10,US,Oklahoma,Johnston,3,0,0,34.31440473,-96.66011537,40069.0,27.063599458728014,0.0,3,3,0,0,3,3,10949,0,0,0,0,0
2020-06-10,US,Oklahoma,Kay,60,7,0,36.81799745,-97.14421435,40071.0,137.81064816941523,11.666666666666664,53,60,7,0,53,59,44161,0,0,0,0,1
2020-06-10,US,Oklahoma,Kingfisher,12,0,0,35.94530008,-97.94193268,40073.0,76.11798287345384,0.0,12,12,0,0,12,12,15816,0,0,0,0,0
2020-06-10,US,Oklahoma,Kiowa,6,0,0,34.91671958,-98.97720696,40075.0,68.90215893431328,0.0,6,6,0,0,6,6,8729,0,0,0,0,0
2020-06-10,US,Oklahoma,Latimer,5,1,0,34.87844729,-95.25215049,40077.0,49.63764519011218,20.0,4,5,1,0,4,5,10231,0,0,0,0,0
2020-06-10,US,Oklahoma,Le Flore,16,1,0,34.89851864,-94.70392124,40079.0,32.094357410787715,6.25,15,16,1,0,15,16,49980,0,0,0,0,0
2020-06-10,US,Oklahoma,Lincoln,22,2,0,35.70270942,-96.8812462,40081.0,63.07881985262494,9.090909090909092,20,22,2,0,20,23,34920,0,0,0,0,-1
2020-06-10,US,Oklahoma,Logan,21,1,0,35.91899576,-97.44352845,40083.0,43.73997625544146,4.761904761904762,20,21,1,0,20,21,47291,0,0,0,0,0
2020-06-10,US,Oklahoma,Love,21,0,0,33.95273467,-97.23906784,40085.0,204.81810201892128,0.0,21,21,0,0,21,17,10134,0,0,0,0,4
2020-06-10,US,Oklahoma,Major,6,1,0,36.31149996,-98.53467076,40093.0,78.64726700747148,16.666666666666668,5,6,1,0,5,6,7644,0,0,0,0,0
2020-06-10,US,Oklahoma,Marshall,12,0,0,34.02311222,-96.76855464,40095.0,70.87590809757249,0.0,12,11,0,0,11,11,16806,1,0,0,1,0
2020-06-10,US,Oklahoma,Mayes,37,4,0,36.30179091,-95.23175116,40097.0,90.02433090024331,10.810810810810812,33,35,4,0,31,34,41107,2,0,0,2,1
2020-06-10,US,Oklahoma,McClain,110,4,0,35.01123903,-97.44572302,40087.0,271.77941394475465,3.636363636363636,106,110,4,0,106,110,39985,0,0,0,0,0
2020-06-10,US,Oklahoma,McCurtain,117,1,0,34.11664328,-94.77222373,40089.0,356.359649122807,0.8547008547008547,116,109,1,0,108,97,32703,8,0,0,8,12
2020-06-10,US,Oklahoma,McIntosh,14,1,0,35.37235506,-95.66599306,40091.0,71.44315166360481,7.142857142857142,13,14,1,0,13,14,19815,0,0,0,0,0
2020-06-10,US,Oklahoma,Murray,6,0,0,34.48116015,-97.06826283,40099.0,42.634832658281816,0.0,6,6,0,0,6,6,13953,0,0,0,0,0
2020-06-10,US,Oklahoma,Muskogee,67,7,0,35.61318461,-95.37802952,40101.0,98.53375884230186,10.447761194029852,60,67,7,0,60,64,68362,0,0,0,0,3
2020-06-10,US,Oklahoma,Noble,7,0,0,36.38953329,-97.22928674,40103.0,62.887431497619254,0.0,7,7,0,0,7,7,11289,0,0,0,0,0
2020-06-10,US,Oklahoma,Nowata,24,2,0,36.79843529,-95.61902331,40105.0,238.18975784041282,8.333333333333334,22,24,2,0,22,24,10218,0,0,0,0,0
2020-06-10,US,Oklahoma,Okfuskee,6,0,0,35.46485198,-96.32639984,40107.0,50.02918369048611,0.0,6,6,0,0,6,5,12098,0,0,0,0,1
2020-06-10,US,Oklahoma,Oklahoma,1436,64,0,35.55140095,-97.40716948,40109.0,180.07759889846685,4.456824512534818,1372,1404,64,0,1340,1384,792582,32,0,0,32,20
2020-06-10,US,Oklahoma,Okmulgee,29,0,0,35.64661916,-95.96432828,40111.0,75.39321461068505,0.0,29,29,0,0,29,27,38335,0,0,0,0,2
2020-06-10,US,Oklahoma,Osage,103,8,0,36.62888819,-96.39635704,40113.0,219.32159359495773,7.766990291262137,95,102,8,0,94,102,47014,1,0,0,1,0
2020-06-10,US,Oklahoma,Ottawa,35,2,0,36.83532655,-94.81011909,40115.0,112.44257397115044,5.7142857142857135,33,35,2,0,33,35,31175,0,0,0,0,0
2020-06-10,US,Oklahoma,Pawnee,35,2,0,36.31743373,-96.7033176,40117.0,213.72740595994136,5.7142857142857135,33,34,2,0,32,34,16390,1,0,0,1,0
2020-06-10,US,Oklahoma,Payne,55,1,0,36.07695283,-96.97584944,40119.0,67.25031791059375,1.818181818181818,54,52,1,0,51,51,82040,3,0,0,3,1
2020-06-10,US,Oklahoma,Pittsburg,44,3,0,34.92065823,-95.7513432,40121.0,100.79259632565172,6.8181818181818175,41,43,3,0,40,42,43877,1,0,0,1,1
2020-06-10,US,Oklahoma,Pontotoc,20,2,0,34.72959848,-96.68337199,40123.0,52.241145125901156,10.0,18,20,2,0,18,18,38247,0,0,0,0,2
2020-06-10,US,Oklahoma,Pottawatomie,66,4,0,35.20614018,-96.94923008,40125.0,90.91910954375138,6.0606060606060606,62,65,4,0,61,64,72679,1,0,0,1,1
2020-06-10,US,Oklahoma,Pushmataha,6,0,0,34.41635232,-95.37603505,40127.0,54.07354001441961,0.0,6,5,0,0,5,5,11179,1,0,0,1,0
2020-06-10,US,Oklahoma,Rogers,92,5,0,36.37004357,-95.60406759,40131.0,99.50356374176664,5.434782608695652,87,89,5,0,84,87,91984,3,0,0,3,2
2020-06-10,US,Oklahoma,Seminole,30,3,0,35.16478725,-96.61686741,40133.0,123.67054167697256,10.0,27,30,2,0,28,30,24578,0,1,0,-1,0
2020-06-10,US,Oklahoma,Sequoyah,19,3,0,35.49447108,-94.75463785,40135.0,45.70713753037119,15.789473684210524,16,18,3,0,15,17,41179,1,0,0,1,1
2020-06-10,US,Oklahoma,Stephens,43,1,0,34.48556989,-97.85141892,40137.0,99.66854414389357,2.3255813953488373,42,43,1,0,42,44,43265,0,0,0,0,-1
2020-06-10,US,Oklahoma,Texas,955,6,0,36.74777635,-101.4889765,40139.0,4779.062202872442,0.6282722513089005,949,954,6,0,948,947,20455,1,0,0,1,7
2020-06-10,US,Oklahoma,Tillman,23,1,0,34.37288446,-98.92426619,40141.0,317.2413793103448,4.3478260869565215,22,23,1,0,22,23,7348,0,0,0,0,0
2020-06-10,US,Oklahoma,Tulsa,1308,61,0,36.11939621,-95.94013939,40143.0,200.7514365699131,4.663608562691132,1247,1261,61,0,1200,1196,648360,47,0,0,47,65
2020-06-10,US,Oklahoma,Wagoner,161,17,0,35.96024096,-95.51911308,40145.0,198.05877794043477,10.559006211180122,144,158,17,0,141,156,80110,3,0,0,3,2
2020-06-10,US,Oklahoma,Washington,343,37,0,36.71380786,-95.90514104,40147.0,665.6704252139656,10.787172011661806,306,343,37,0,306,340,51843,0,0,0,0,3
2020-06-10,US,Oklahoma,Washita,2,0,0,35.29071824,-98.99180434,40149.0,18.321729571271533,0.0,2,2,0,0,2,2,11127,0,0,0,0,0
2020-06-10,US,Oklahoma,Woods,5,0,0,36.76705782,-98.86573064,40151.0,56.863414079381336,0.0,5,5,0,0,5,4,8897,0,0,0,0,1
2020-06-10,US,Oklahoma,Woodward,8,0,0,36.42316318,-99.26283045,40153.0,39.58240562070161,0.0,8,8,0,0,8,7,20222,0,0,0,0,1
2020-06-10,US,Oregon,Baker,1,0,0,44.70915557,-117.6749883,41001.0,6.201935003721161,0.0,1,1,0,0,1,1,16006,0,0,0,0,0
2020-06-10,US,Oregon,Benton,63,5,0,44.49167306,-123.4316987,41003.0,67.70335185324492,7.936507936507938,58,63,5,0,58,62,92101,0,0,0,0,1
2020-06-10,US,Oregon,Clackamas,399,13,0,45.18787398,-122.2179634,41005.0,95.41186120085035,3.2581453634085213,386,393,13,0,380,377,416075,6,0,0,6,16
2020-06-10,US,Oregon,Clatsop,45,0,0,45.99712889,-123.660711,41007.0,111.87350835322195,0.0,45,45,0,0,45,45,39764,0,0,0,0,0
2020-06-10,US,Oregon,Columbia,17,0,0,45.94464254,-123.0890898,41009.0,32.471253390380866,0.0,17,17,0,0,17,16,52377,0,0,0,0,1
2020-06-10,US,Oregon,Coos,32,0,0,43.17406868,-124.0594514,41011.0,49.622404515638806,0.0,32,32,0,0,32,32,64389,0,0,0,0,0
2020-06-10,US,Oregon,Crook,6,0,0,44.14230227,-120.356297,41013.0,24.586133420750688,0.0,6,6,0,0,6,6,23867,0,0,0,0,0
2020-06-10,US,Oregon,Curry,7,0,0,42.45911325,-124.157282,41015.0,30.53435114503817,0.0,7,7,0,0,7,7,22813,0,0,0,0,0
2020-06-10,US,Oregon,Deschutes,134,0,0,43.91570171,-121.2289121,41017.0,67.78220666491309,0.0,134,134,0,0,134,135,191996,0,0,0,0,-1
2020-06-10,US,Oregon,Douglas,29,0,0,43.27941273,-123.167291,41019.0,26.130834384573802,0.0,29,29,0,0,29,29,110283,0,0,0,0,0
2020-06-10,US,Oregon,Grant,1,0,0,44.49024544,-119.0068631,41023.0,13.890818169190164,0.0,1,1,0,0,1,1,7176,0,0,0,0,0
2020-06-10,US,Oregon,Harney,1,0,0,43.06422669,-118.9666306,41025.0,13.526308670363855,0.0,1,1,0,0,1,1,7329,0,0,0,0,0
2020-06-10,US,Oregon,Hood River,67,0,0,45.51872811,-121.65520359999998,41027.0,286.54520571379686,0.0,67,65,0,0,65,59,23428,2,0,0,2,6
2020-06-10,US,Oregon,Jackson,77,0,0,42.43201126,-122.7289309,41029.0,34.8504598450286,0.0,77,71,0,0,71,71,219564,6,0,0,6,0
2020-06-10,US,Oregon,Jefferson,64,0,0,44.62806839,-121.17832,41031.0,259.55065293211135,0.0,64,58,0,0,58,58,24192,6,0,0,6,0
2020-06-10,US,Oregon,Josephine,23,1,0,42.3665549,-123.5561938,41033.0,26.28962017213986,4.3478260869565215,22,23,1,0,22,23,87393,0,0,0,0,0
2020-06-10,US,Oregon,Klamath,46,0,0,42.68762984,-121.64964609999998,41035.0,67.41111990386588,0.0,46,46,0,0,46,46,67653,0,0,0,0,0
2020-06-10,US,Oregon,Lake,2,0,0,42.79246693,-120.3850163,41037.0,25.41619011310205,0.0,2,2,0,0,2,2,7879,0,0,0,0,0
2020-06-10,US,Oregon,Lane,82,3,0,43.93727035,-122.847753,41039.0,21.462204273072523,3.6585365853658534,79,81,3,0,78,81,379611,1,0,0,1,0
2020-06-10,US,Oregon,Lincoln,161,0,0,44.64252874,-123.869912,41041.0,322.24490612865776,0.0,161,157,0,0,157,155,49388,4,0,0,4,2
2020-06-10,US,Oregon,Linn,124,9,0,44.48899494,-122.5373154,41043.0,95.56913733439178,7.258064516129032,115,124,9,0,115,125,127335,0,0,0,0,-1
2020-06-10,US,Oregon,Malheur,33,1,0,43.1937027,-117.6227395,41045.0,107.94543848745545,3.0303030303030303,32,33,1,0,32,34,30725,0,0,0,0,-1
2020-06-10,US,Oregon,Marion,1071,30,0,44.90287942,-122.5815117,41047.0,307.9196591320748,2.8011204481792715,1041,1066,30,0,1036,1058,346868,5,0,0,5,8
2020-06-10,US,Oregon,Morrow,13,0,0,45.41846568,-119.584546,41049.0,112.0399896578471,0.0,13,13,0,0,13,13,11372,0,0,0,0,0
2020-06-10,US,Oregon,Multnomah,1361,66,0,45.54747959,-122.4169351,41051.0,167.4345362949111,4.849375459221161,1295,1329,66,0,1263,1302,811880,32,0,0,32,27
2020-06-10,US,Oregon,Polk,104,12,0,44.90322804,-123.4128888,41053.0,120.81082650868328,11.538461538461537,92,104,12,0,92,103,85234,0,0,0,0,1
2020-06-10,US,Oregon,Sherman,1,0,0,45.41501554,-120.6827834,41055.0,56.179775280898866,0.0,1,1,0,0,1,1,1708,0,0,0,0,0
2020-06-10,US,Oregon,Tillamook,6,0,0,45.46248721,-123.712066,41057.0,22.192632046160675,0.0,6,6,0,0,6,6,26787,0,0,0,0,0
2020-06-10,US,Oregon,Umatilla,148,3,0,45.59073056,-118.7353826,41059.0,189.86529826812057,2.0270270270270268,145,144,3,0,141,144,77516,4,0,0,4,0
2020-06-10,US,Oregon,Union,7,0,0,45.30915495,-118.0068979,41061.0,26.085336314514628,0.0,7,7,0,0,7,6,26461,0,0,0,0,1
2020-06-10,US,Oregon,Wallowa,3,0,0,45.57894064,-117.18353799999998,41063.0,41.620421753607104,0.0,3,3,0,0,3,3,7081,0,0,0,0,0
2020-06-10,US,Oregon,Wasco,34,1,0,45.16292781,-121.1670954,41065.0,127.42672963046249,2.9411764705882355,33,34,1,0,33,35,26505,0,0,0,0,-1
2020-06-10,US,Oregon,Washington,813,18,0,45.55972701,-123.0955257,41067.0,135.14142475298874,2.2140221402214024,795,807,18,0,789,800,597695,6,0,0,6,7
2020-06-10,US,Oregon,Yamhill,85,7,0,45.23330449,-123.3086963,41071.0,79.36507936507937,8.235294117647058,78,85,7,0,78,85,107002,0,0,0,0,0
2020-06-10,US,Pennsylvania,Adams,278,9,0,39.87140411,-77.21610347,42001.0,269.8793309322486,3.2374100719424463,269,275,9,0,266,275,102811,3,0,0,3,0
2020-06-10,US,Pennsylvania,Allegheny,2034,170,0,40.46809875,-79.98167747,42003.0,167.26354699044853,8.357915437561456,1864,2027,169,0,1858,2008,1218452,7,1,0,6,19
2020-06-10,US,Pennsylvania,Armstrong,65,5,0,40.81665618,-79.46290811,42005.0,100.40936124198656,7.6923076923076925,60,65,5,0,60,65,65263,0,0,0,0,0
2020-06-10,US,Pennsylvania,Beaver,610,74,0,40.6825484,-80.34921611,42007.0,372.11231691768995,12.131147540983608,536,608,74,0,534,603,164742,2,0,0,2,5
2020-06-10,US,Pennsylvania,Bedford,45,2,0,40.00522157,-78.48998442,42009.0,93.96926161042431,4.4444444444444455,43,45,2,0,43,45,48176,0,0,0,0,0
2020-06-10,US,Pennsylvania,Berks,4251,334,0,40.41570541,-75.92457766,42011.0,1009.3455281078155,7.856974829451894,3917,4236,334,0,3902,4218,420152,15,0,0,15,18
2020-06-10,US,Pennsylvania,Blair,53,1,0,40.47961444,-78.34917412,42013.0,43.503599307225706,1.8867924528301887,52,53,1,0,52,53,122492,0,0,0,0,0
2020-06-10,US,Pennsylvania,Bradford,46,3,0,41.78869215,-76.51570822,42015.0,76.25615436898032,6.521739130434782,43,46,3,0,43,46,60833,0,0,0,0,0
2020-06-10,US,Pennsylvania,Bucks,5340,534,0,40.33682119,-75.10836643,42017.0,849.9530456650803,10.0,4806,5304,532,0,4772,5278,628195,36,2,0,34,26
2020-06-10,US,Pennsylvania,Butler,250,12,0,40.91152759,-79.91351055,42019.0,133.08278281422176,4.8,238,249,12,0,237,247,187888,1,0,0,1,2
2020-06-10,US,Pennsylvania,Cambria,60,2,0,40.49527404,-78.71377428,42021.0,46.08578100036869,3.333333333333333,58,60,2,0,58,59,131730,0,0,0,0,1
2020-06-10,US,Pennsylvania,Cameron,2,0,0,41.43625568,-78.20376845,42023.0,44.974139869575005,0.0,2,2,0,0,2,2,4492,0,0,0,0,0
2020-06-10,US,Pennsylvania,Carbon,255,24,0,40.91545395,-75.7068525,42025.0,397.30765635224833,9.411764705882351,231,253,24,0,229,249,64227,2,0,0,2,4
2020-06-10,US,Pennsylvania,Centre,158,7,0,40.92058903,-77.82200624,42027.0,97.2996274286418,4.4303797468354436,151,157,7,0,150,157,162805,1,0,0,1,0
2020-06-10,US,Pennsylvania,Chester,3161,304,0,39.97291773,-75.74768357,42029.0,602.1078536883631,9.617209743751976,2857,3134,303,0,2831,3102,522046,27,1,0,26,32
2020-06-10,US,Pennsylvania,Clarion,30,2,0,41.19265812,-79.42413524,42031.0,78.04776523232219,6.666666666666668,28,29,2,0,27,27,38779,1,0,0,1,2
2020-06-10,US,Pennsylvania,Clearfield,48,0,0,41.00110782,-78.47592663,42033.0,60.564002271150095,0.0,48,48,0,0,48,44,79388,0,0,0,0,4
2020-06-10,US,Pennsylvania,Clinton,62,3,0,41.23255967,-77.63785995,42035.0,160.4887140194657,4.838709677419356,59,61,3,0,58,61,38684,1,0,0,1,0
2020-06-10,US,Pennsylvania,Columbia,368,32,0,41.04821986,-76.40565017,42037.0,566.4675820454405,8.695652173913043,336,367,31,0,336,364,65456,1,1,0,0,3
2020-06-10,US,Pennsylvania,Crawford,31,0,0,41.68447709,-80.10760592,42039.0,36.630469460823115,0.0,31,31,0,0,31,30,85063,0,0,0,0,1
2020-06-10,US,Pennsylvania,Cumberland,688,58,0,40.1625372,-77.26130755,42041.0,271.53964557761384,8.430232558139535,630,683,58,0,625,672,251423,5,0,0,5,11
2020-06-10,US,Pennsylvania,Dauphin,1541,101,0,40.41377078,-76.77993242,42043.0,553.7209979195038,6.554185593770279,1440,1525,96,0,1429,1499,277097,16,5,0,11,26
2020-06-10,US,Pennsylvania,Delaware,6754,603,0,39.91680171,-75.40243663,42045.0,1191.713410040106,8.92804264139769,6151,6733,602,0,6131,6698,564751,21,1,0,20,35
2020-06-10,US,Pennsylvania,Elk,6,0,0,41.42822061,-78.64524744,42047.0,20.060180541624874,0.0,6,6,0,0,6,6,30169,0,0,0,0,0
2020-06-10,US,Pennsylvania,Erie,408,7,0,41.99253829,-80.03301954,42049.0,151.26349507652154,1.7156862745098038,401,396,7,0,389,378,272061,12,0,0,12,18
2020-06-10,US,Pennsylvania,Fayette,95,4,0,39.92041012,-79.64291195,42051.0,73.48732150316383,4.2105263157894735,91,95,4,0,91,95,130441,0,0,0,0,0
2020-06-10,US,Pennsylvania,Forest,7,0,0,41.51095103,-79.23229292,42053.0,96.59169311439214,0.0,7,7,0,0,7,7,7279,0,0,0,0,0
2020-06-10,US,Pennsylvania,Franklin,807,39,0,39.92956518,-77.72157791,42055.0,520.5544840576158,4.83271375464684,768,800,39,0,761,798,154835,7,0,0,7,2
2020-06-10,US,Pennsylvania,Fulton,16,1,0,39.92913544,-78.11163677,42057.0,110.11699931176877,6.25,15,16,1,0,15,16,14523,0,0,0,0,0
2020-06-10,US,Pennsylvania,Greene,28,0,0,39.85746531,-80.22357106,42059.0,77.27761984930865,0.0,28,28,0,0,28,27,36506,0,0,0,0,1
2020-06-10,US,Pennsylvania,Huntingdon,237,4,0,40.42162652,-77.97673273,42061.0,524.9867091972355,1.6877637130801688,233,236,4,0,232,236,45168,1,0,0,1,0
2020-06-10,US,Pennsylvania,Indiana,92,5,0,40.65241041,-79.08963285,42063.0,109.42871076326527,5.434782608695652,87,92,5,0,87,92,84501,0,0,0,0,0
2020-06-10,US,Pennsylvania,Jefferson,16,0,0,41.12913106,-78.9986361,42065.0,36.845135290731136,0.0,16,16,0,0,16,16,43641,0,0,0,0,0
2020-06-10,US,Pennsylvania,Juniata,102,5,0,40.53358749,-77.39975129999998,42067.0,411.9048580543553,4.901960784313727,97,101,5,0,96,99,24704,1,0,0,1,2
2020-06-10,US,Pennsylvania,Lackawanna,1591,189,0,41.43564672,-75.60379201,42069.0,758.7969896124458,11.879321181646766,1402,1587,189,0,1398,1584,210793,4,0,0,4,3
2020-06-10,US,Pennsylvania,Lancaster,3600,322,0,40.03904563,-76.24770128,42071.0,659.6741209842338,8.944444444444445,3278,3554,320,0,3234,3503,543557,46,2,0,44,51
2020-06-10,US,Pennsylvania,Lawrence,87,8,0,40.99206278,-80.33393706,42073.0,101.740106651698,9.195402298850574,79,85,8,0,77,85,86184,2,0,0,2,0
2020-06-10,US,Pennsylvania,Lebanon,1091,38,0,40.36680311,-76.45651841,42075.0,769.4314952078029,3.483043079743355,1053,1086,38,0,1048,1072,141314,5,0,0,5,14
2020-06-10,US,Pennsylvania,Lehigh,3895,259,0,40.6154815,-75.59435245,42077.0,1054.6466730568236,6.649550706033376,3636,3890,253,0,3637,3871,368100,5,6,0,-1,19
2020-06-10,US,Pennsylvania,Luzerne,2810,161,0,41.17823008,-75.98447579,42079.0,885.2707952000052,5.729537366548043,2649,2798,160,0,2638,2793,317646,12,1,0,11,5
2020-06-10,US,Pennsylvania,Lycoming,168,17,0,41.34310539,-77.06629984,42081.0,148.28021430021445,10.119047619047619,151,168,17,0,151,168,113664,0,0,0,0,0
2020-06-10,US,Pennsylvania,McKean,13,1,0,41.80938602,-78.56478358,42083.0,32.0,7.6923076923076925,12,13,1,0,12,13,40968,0,0,0,0,0
2020-06-10,US,Pennsylvania,Mercer,114,6,0,41.30248872,-80.25816981,42085.0,104.18189793829508,5.2631578947368425,108,113,6,0,107,111,110683,1,0,0,1,2
2020-06-10,US,Pennsylvania,Mifflin,59,1,0,40.61116939,-77.61070738,42087.0,127.8772378516624,1.6949152542372878,58,59,1,0,58,59,46222,0,0,0,0,0
2020-06-10,US,Pennsylvania,Monroe,1344,102,0,41.05934058,-75.34031025,42089.0,789.3299504906884,7.5892857142857135,1242,1342,102,0,1240,1341,169507,2,0,0,2,1
2020-06-10,US,Pennsylvania,Montgomery,7709,740,0,40.21053671,-75.36652296,42091.0,927.7723954917168,9.599169801530678,6969,7672,734,0,6938,7610,828604,37,6,0,31,62
2020-06-10,US,Pennsylvania,Montour,53,0,0,41.03023987,-76.66345939,42093.0,290.72956664838176,0.0,53,53,0,0,53,53,18240,0,0,0,0,0
2020-06-10,US,Pennsylvania,Northampton,3193,238,0,40.75182733,-75.30471829,42095.0,1045.9079221055736,7.4538051988725345,2955,3175,236,0,2939,3168,304807,18,2,0,16,7
2020-06-10,US,Pennsylvania,Northumberland,211,3,0,40.84785433,-76.70798222,42097.0,232.26885946082803,1.4218009478672986,208,211,3,0,208,209,91083,0,0,0,0,2
2020-06-10,US,Pennsylvania,Perry,68,4,0,40.40206612,-77.26297447,42099.0,146.95712309820198,5.882352941176472,64,68,3,0,65,68,46139,0,1,0,-1,0
2020-06-10,US,Pennsylvania,Philadelphia,23951,1454,0,40.00338507,-75.1379271,42101.0,1511.9969900206052,6.070727735793913,22497,23822,1436,0,22386,23691,1584138,129,18,0,111,131
2020-06-10,US,Pennsylvania,Pike,483,20,0,41.33155042,-75.03208106,42103.0,865.4518088480353,4.140786749482402,463,482,20,0,462,482,55933,1,0,0,1,0
2020-06-10,US,Pennsylvania,Potter,12,0,0,41.74471626,-77.89559864,42105.0,72.61285247488807,0.0,12,11,0,0,11,11,16622,1,0,0,1,0
2020-06-10,US,Pennsylvania,Schuylkill,664,42,0,40.70497338,-76.2150785,42107.0,469.7260167375264,6.325301204819278,622,659,41,0,618,657,142067,5,1,0,4,2
2020-06-10,US,Pennsylvania,Snyder,59,1,0,40.77129231,-77.06840691,42109.0,146.14088972555237,1.6949152542372878,58,57,1,0,56,55,40540,2,0,0,2,2
2020-06-10,US,Pennsylvania,Somerset,39,1,0,39.97172723,-79.02699593,42111.0,53.0995139352186,2.5641025641025643,38,39,1,0,38,39,73952,0,0,0,0,0
2020-06-10,US,Pennsylvania,Sullivan,3,0,0,41.44634738,-76.51246591,42113.0,49.455984174085074,0.0,3,3,0,0,3,3,6071,0,0,0,0,0
2020-06-10,US,Pennsylvania,Susquehanna,155,16,0,41.82147784,-75.80071959,42115.0,384.34834358262253,10.322580645161288,139,154,16,0,138,154,40589,1,0,0,1,0
2020-06-10,US,Pennsylvania,Tioga,19,2,0,41.77255149,-77.25433032,42117.0,46.80840580424233,10.526315789473683,17,19,2,0,17,19,40763,0,0,0,0,0
2020-06-10,US,Pennsylvania,Union,75,2,0,40.96188846,-77.05996014,42119.0,166.95234067181622,2.6666666666666665,73,74,2,0,72,73,44785,1,0,0,1,1
2020-06-10,US,Pennsylvania,Venango,16,0,0,41.40323442,-79.75845449,42121.0,31.57811636535881,0.0,16,16,0,0,16,15,51266,0,0,0,0,1
2020-06-10,US,Pennsylvania,Warren,5,0,0,41.81304978,-79.26969577,42123.0,12.758031180628205,0.0,5,5,0,0,5,5,39498,0,0,0,0,0
2020-06-10,US,Pennsylvania,Washington,151,6,0,40.19208869,-80.24582867,42125.0,72.99446498924421,3.9735099337748334,145,150,6,0,144,149,207346,1,0,0,1,1
2020-06-10,US,Pennsylvania,Wayne,123,9,0,41.64938475,-75.29956506,42127.0,239.48131851015359,7.317073170731707,114,124,9,0,115,124,51276,-1,0,0,-1,0
2020-06-10,US,Pennsylvania,Westmoreland,473,38,0,40.31377979999999,-79.46615476,42129.0,135.5693194878747,8.033826638477802,435,467,38,0,429,461,350611,6,0,0,6,6
2020-06-10,US,Pennsylvania,Wyoming,36,7,0,41.51955538,-76.01074915,42131.0,134.35843845637086,19.444444444444443,29,36,7,0,29,35,27046,0,0,0,0,1
2020-06-10,US,Pennsylvania,York,1102,30,0,39.9210089,-76.73040131,42133.0,245.4025983280556,2.722323049001815,1072,1094,30,0,1064,1086,448273,8,0,0,8,8
2020-06-10,US,Rhode Island,Bristol,231,0,0,41.71018079,-71.28652315,44001.0,476.4949772066256,0.0,231,231,0,0,231,231,48649,0,0,0,0,0
2020-06-10,US,Rhode Island,Kent,1105,0,0,41.67106337,-71.57641596,44003.0,672.5829620431914,0.0,1105,1105,0,0,1105,1105,163861,0,0,0,0,0
2020-06-10,US,Rhode Island,Newport,269,0,0,41.5642026,-71.26569799,44005.0,327.7210594283765,0.0,269,269,0,0,269,269,82542,0,0,0,0,0
2020-06-10,US,Rhode Island,Providence,11959,0,0,41.87064746,-71.57753536,44007.0,1871.7201074920454,0.0,11959,11959,0,0,11959,11959,636084,0,0,0,0,0
2020-06-10,US,Rhode Island,Unassigned,1679,812,0,0.0,0.0,90044.0,0.0,48.36212030970815,867,1614,808,0,806,1565,,65,4,0,61,49
2020-06-10,US,Rhode Island,Washington,513,0,0,41.45961631,-71.61435303,44009.0,408.51429800043,0.0,513,513,0,0,513,513,126179,0,0,0,0,0
2020-06-10,US,South Carolina,Abbeville,60,0,0,34.22333378,-82.46170658,45001.0,244.62836873649448,0.0,60,60,0,0,60,58,24541,0,0,0,0,2
2020-06-10,US,South Carolina,Aiken,216,8,0,33.54338026,-81.63645384,45003.0,126.41041247249404,3.703703703703704,208,213,8,0,205,212,169401,3,0,0,3,1
2020-06-10,US,South Carolina,Allendale,39,3,0,32.98837386,-81.35321066,45005.0,448.89502762430936,7.6923076923076925,36,39,3,0,36,39,8903,0,0,0,0,0
2020-06-10,US,South Carolina,Anderson,287,9,0,34.51828081,-82.63959517,45007.0,141.68781287334988,3.1358885017421603,278,289,9,0,280,280,200482,-2,0,0,-2,9
2020-06-10,US,South Carolina,Bamberg,36,0,0,33.21927586,-81.05659969,45009.0,255.9363002985924,0.0,36,36,0,0,36,36,14275,0,0,0,0,0
2020-06-10,US,South Carolina,Barnwell,54,1,0,33.26679302,-81.43584352,45011.0,258.7942106776574,1.851851851851852,53,54,1,0,53,54,21112,0,0,0,0,0
2020-06-10,US,South Carolina,Beaufort,483,14,0,32.39226291,-80.72619758,45013.0,251.402754499745,2.898550724637681,469,464,14,0,450,444,188715,19,0,0,19,20
2020-06-10,US,South Carolina,Berkeley,315,19,0,33.20222596,-79.94654523,45015.0,138.2142716107886,6.0317460317460325,296,291,19,0,272,282,221091,24,0,0,24,9
2020-06-10,US,South Carolina,Calhoun,23,1,0,33.66926881,-80.77722168,45017.0,158.04301518587232,4.3478260869565215,22,23,1,0,22,22,14520,0,0,0,0,1
2020-06-10,US,South Carolina,Charleston,869,14,0,32.82487866,-79.96512315,45019.0,211.22686591833855,1.6110471806674338,855,835,14,0,821,811,405905,34,0,0,34,24
2020-06-10,US,South Carolina,Cherokee,76,5,0,35.05122251,-81.61828622,45021.0,132.6352530541012,6.578947368421053,71,74,5,0,69,70,57078,2,0,0,2,4
2020-06-10,US,South Carolina,Chester,110,1,0,34.69249168,-81.1583216,45023.0,341.14874085101104,0.9090909090909092,109,110,1,0,109,109,32251,0,0,0,0,1
2020-06-10,US,South Carolina,Chesterfield,265,7,0,34.64137396,-80.15640140000002,45025.0,580.5038335158818,2.641509433962264,258,256,6,0,250,250,45754,9,1,0,8,6
2020-06-10,US,South Carolina,Clarendon,311,41,0,33.66610974,-80.21647898,45027.0,921.6180174840716,13.183279742765276,270,309,41,0,268,306,33700,2,0,0,2,3
2020-06-10,US,South Carolina,Colleton,159,14,0,32.87582989,-80.67641292,45029.0,422.0081216657377,8.805031446540882,145,148,14,0,134,144,37660,11,0,0,11,4
2020-06-10,US,South Carolina,Darlington,334,12,0,34.33358335,-79.96027485,45031.0,501.3659971779399,3.5928143712574854,322,333,12,0,321,330,66802,1,0,0,1,3
2020-06-10,US,South Carolina,Dillon,190,4,0,34.39007791,-79.37741872,45033.0,623.3800321532859,2.1052631578947367,186,189,4,0,185,189,30599,1,0,0,1,0
2020-06-10,US,South Carolina,Dorchester,214,3,0,33.0794369,-80.40502652,45035.0,131.44236497982297,1.4018691588785046,211,219,3,0,216,216,160647,-5,0,0,-5,3
2020-06-10,US,South Carolina,Edgefield,56,2,0,33.77221995,-81.96231108,45037.0,205.42920029347027,3.571428571428572,54,55,2,0,53,56,27052,1,0,0,1,-1
2020-06-10,US,South Carolina,Fairfield,219,19,0,34.39287073,-81.1195624,45039.0,979.9973150758493,8.67579908675799,200,216,19,0,197,211,22402,3,0,0,3,5
2020-06-10,US,South Carolina,Florence,730,42,0,34.02361754,-79.70189312,45041.0,527.8647509273789,5.753424657534247,688,727,41,0,686,724,138159,3,1,0,2,3
2020-06-10,US,South Carolina,Georgetown,103,3,0,33.43443342,-79.33202141,45043.0,164.3267389917039,2.9126213592233015,100,100,3,0,97,94,62249,3,0,0,3,6
2020-06-10,US,South Carolina,Greenville,2371,65,0,34.89502264,-82.37295012,45045.0,452.8767510534016,2.7414592998734717,2306,2222,62,0,2160,2175,514213,149,3,0,146,47
2020-06-10,US,South Carolina,Greenwood,199,4,0,34.15272415,-82.12715789,45047.0,281.029783508212,2.010050251256281,195,198,4,0,194,183,70741,1,0,0,1,15
2020-06-10,US,South Carolina,Hampton,45,1,0,32.77419582,-81.13845571,45049.0,234.10675267922173,2.2222222222222223,44,46,1,0,45,45,19351,-1,0,0,-1,1
2020-06-10,US,South Carolina,Horry,803,33,0,33.9212828,-78.99555293,45051.0,226.7842668767881,4.109589041095891,770,720,33,0,687,676,344147,83,0,0,83,44
2020-06-10,US,South Carolina,Jasper,50,2,0,32.43171982,-81.02487495,45053.0,166.26209556745252,4.0,48,50,2,0,48,48,28971,0,0,0,0,2
2020-06-10,US,South Carolina,Kershaw,397,15,0,34.33988254,-80.58763164,45055.0,596.5349882045349,3.778337531486146,382,391,15,0,376,384,65592,6,0,0,6,7
2020-06-10,US,South Carolina,Lancaster,220,6,0,34.68270843,-80.70513032,45057.0,224.46231073746068,2.727272727272727,214,214,6,0,208,203,95380,6,0,0,6,11
2020-06-10,US,South Carolina,Laurens,101,4,0,34.48244419,-82.00490796,45059.0,149.64514838575855,3.96039603960396,97,97,4,0,93,92,66994,4,0,0,4,5
2020-06-10,US,South Carolina,Lee,233,19,0,34.16393091,-80.25690731,45061.0,1384.5971000713098,8.15450643776824,214,231,19,0,212,229,17142,2,0,0,2,2
2020-06-10,US,South Carolina,Lexington,941,37,0,33.89665987,-81.27146426,45063.0,314.97907949790795,3.931987247608927,904,913,37,0,876,879,295032,28,0,0,28,34
2020-06-10,US,South Carolina,Marion,83,5,0,34.07859748,-79.36400756,45067.0,270.7375150862772,6.024096385542169,78,83,5,0,78,84,31039,0,0,0,0,-1
2020-06-10,US,South Carolina,Marlboro,215,3,0,34.59905577,-79.67561152,45069.0,823.1870740485489,1.3953488372093024,212,211,3,0,208,211,26398,4,0,0,4,0
2020-06-10,US,South Carolina,McCormick,11,1,0,33.90161443,-82.30794338,45065.0,116.24220648842864,9.090909090909092,10,11,1,0,10,11,9410,0,0,0,0,0
2020-06-10,US,South Carolina,Newberry,88,2,0,34.28629098,-81.59935761,45071.0,228.92819979188343,2.272727272727273,86,87,1,0,86,82,38520,1,1,0,0,5
2020-06-10,US,South Carolina,Oconee,65,0,0,34.75225169,-83.06742317,45073.0,81.71372539159731,0.0,65,61,0,0,61,61,78374,4,0,0,4,0
2020-06-10,US,South Carolina,Orangeburg,287,5,0,33.4391073,-80.79886287,45075.0,333.0432259936176,1.7421602787456445,282,283,5,0,278,273,86934,4,0,0,4,10
2020-06-10,US,South Carolina,Pickens,226,4,0,34.88807695,-82.72791551,45077.0,178.11544402761578,1.7699115044247788,222,212,4,0,208,207,124937,14,0,0,14,5
2020-06-10,US,South Carolina,Richland,1938,70,0,34.01791263,-80.90267209,45079.0,466.1354294194474,3.6119711042311664,1868,1873,70,0,1803,1794,414576,65,0,0,65,79
2020-06-10,US,South Carolina,Saluda,154,1,0,34.00795823,-81.72713237,45081.0,752.2102281053094,0.6493506493506493,153,154,1,0,153,154,20544,0,0,0,0,0
2020-06-10,US,South Carolina,Spartanburg,835,32,0,34.92960077,-81.99225984,45083.0,261.1129352533733,3.832335329341317,803,825,31,0,794,813,313888,10,1,0,9,12
2020-06-10,US,South Carolina,Sumter,509,19,0,33.91826534,-80.37942316,45085.0,476.9445563666008,3.7328094302554033,490,494,19,0,475,472,106512,15,0,0,15,22
2020-06-10,US,South Carolina,Union,41,0,0,34.68835752,-81.61730349,45087.0,150.09518231073363,0.0,41,41,0,0,41,41,27410,0,0,0,0,0
2020-06-10,US,South Carolina,Williamsburg,262,15,0,33.62190129,-79.72767442,45089.0,862.7502634351948,5.7251908396946565,247,261,15,0,246,260,30606,1,0,0,1,1
2020-06-10,US,South Carolina,York,536,10,0,34.97281497,-81.18085944,45091.0,190.76158716487708,1.8656716417910448,526,510,10,0,500,486,274118,26,0,0,26,24
2020-06-10,US,South Dakota,Aurora,29,0,0,43.71757685,-98.56050467,46003.0,1054.162122864413,0.0,29,29,0,0,29,29,2801,0,0,0,0,0
2020-06-10,US,South Dakota,Beadle,398,5,0,44.41464384,-98.27858469,46005.0,2156.830867609602,1.256281407035176,393,386,5,0,381,385,18883,12,0,0,12,1
2020-06-10,US,South Dakota,Bon Homme,8,0,0,42.98914167,-97.88592746,46009.0,115.92522822779308,0.0,8,8,0,0,8,8,6980,0,0,0,0,0
2020-06-10,US,South Dakota,Brookings,26,0,0,44.36974375,-96.79079945,46011.0,74.12264446788494,0.0,26,24,0,0,24,23,35232,2,0,0,2,1
2020-06-10,US,South Dakota,Brown,305,1,0,45.58994323,-98.35165355,46013.0,785.2931331908649,0.3278688524590164,304,303,1,0,302,299,39316,2,0,0,2,4
2020-06-10,US,South Dakota,Brule,2,0,0,43.71756379,-99.08118954,46015.0,37.75722106852936,0.0,2,2,0,0,2,2,5229,0,0,0,0,0
2020-06-10,US,South Dakota,Buffalo,30,0,0,44.07657829,-99.20814467,46017.0,1529.051987767584,0.0,30,29,0,0,29,25,2036,1,0,0,1,4
2020-06-10,US,South Dakota,Charles Mix,20,0,0,43.20660134,-98.58856175,46023.0,215.23891519586743,0.0,20,20,0,0,20,20,9338,0,0,0,0,0
2020-06-10,US,South Dakota,Clark,6,0,0,44.85834507,-97.72925109,46025.0,160.59957173447538,0.0,6,5,0,0,5,4,3739,1,0,0,1,1
2020-06-10,US,South Dakota,Clay,43,0,0,42.91296147,-96.97656917,46027.0,305.61478322672355,0.0,43,39,0,0,39,35,14041,4,0,0,4,4
2020-06-10,US,South Dakota,Codington,44,0,0,44.97788119,-97.18827677,46029.0,157.0923631689814,0.0,44,43,0,0,43,43,28015,1,0,0,1,0
2020-06-10,US,South Dakota,Corson,6,0,0,45.70889983,-101.1970473,46031.0,146.84287812041114,0.0,6,4,0,0,4,4,4165,2,0,0,2,0
2020-06-10,US,South Dakota,Custer,1,0,0,43.67741105,-103.4534521,46033.0,11.145786892554613,0.0,1,1,0,0,1,1,8726,0,0,0,0,0
2020-06-10,US,South Dakota,Davison,30,0,0,43.67490933,-98.14458906,46035.0,151.70670037926675,0.0,30,30,0,0,30,30,19790,0,0,0,0,0
2020-06-10,US,South Dakota,Day,13,0,0,45.367281,-97.60737498,46037.0,239.6755162241888,0.0,13,13,0,0,13,13,5505,0,0,0,0,0
2020-06-10,US,South Dakota,Deuel,1,0,0,44.75994309,-96.66943645,46039.0,22.983222247759137,0.0,1,1,0,0,1,1,4337,0,0,0,0,0
2020-06-10,US,South Dakota,Dewey,1,0,0,45.15639647,-100.8709139,46041.0,16.972165648336727,0.0,1,1,0,0,1,1,5904,0,0,0,0,0
2020-06-10,US,South Dakota,Douglas,4,0,0,43.38520741,-98.36978007,46043.0,136.93940431359124,0.0,4,4,0,0,4,4,2935,0,0,0,0,0
2020-06-10,US,South Dakota,Edmunds,4,0,0,45.41846445,-99.21545423,46045.0,104.46591799425435,0.0,4,4,0,0,4,4,3875,0,0,0,0,0
2020-06-10,US,South Dakota,Fall River,6,0,0,43.23929297,-103.5275691,46047.0,89.37881722031878,0.0,6,6,0,0,6,6,6758,0,0,0,0,0
2020-06-10,US,South Dakota,Faulk,15,0,0,45.07082625,-99.14535601,46049.0,652.4575902566334,0.0,15,6,0,0,6,2,2330,9,0,0,9,4
2020-06-10,US,South Dakota,Grant,13,0,0,45.1723937,-96.77002276,46051.0,184.344866704481,0.0,13,13,0,0,13,13,7147,0,0,0,0,0
2020-06-10,US,South Dakota,Gregory,1,0,0,43.19419064,-99.18883902,46053.0,23.894862604540023,0.0,1,1,0,0,1,1,4212,0,0,0,0,0
2020-06-10,US,South Dakota,Hamlin,9,0,0,44.67385954,-97.18829593,46057.0,146.00908500973395,0.0,9,8,0,0,8,7,6111,1,0,0,1,1
2020-06-10,US,South Dakota,Hand,5,0,0,44.54708407,-99.00386459,46059.0,156.69069257286117,0.0,5,5,0,0,5,5,3262,0,0,0,0,0
2020-06-10,US,South Dakota,Hanson,3,0,0,43.6746384,-97.78715148,46061.0,86.88097306689835,0.0,3,3,0,0,3,3,3376,0,0,0,0,0
2020-06-10,US,South Dakota,Hughes,21,0,0,44.39091534,-99.99661148,46065.0,119.82197877439232,0.0,21,21,0,0,21,20,17650,0,0,0,0,1
2020-06-10,US,South Dakota,Hutchinson,8,0,0,43.33449012,-97.75536441,46067.0,109.72431765189958,0.0,8,6,0,0,6,6,7380,2,0,0,2,0
2020-06-10,US,South Dakota,Hyde,3,0,0,44.54747703,-99.48572582,46069.0,230.59185242121444,0.0,3,3,0,0,3,2,1282,0,0,0,0,1
2020-06-10,US,South Dakota,Jackson,4,0,0,43.69318385,-101.6255063,46071.0,119.61722488038279,0.0,4,4,0,0,4,4,3307,0,0,0,0,0
2020-06-10,US,South Dakota,Jerauld,40,1,0,44.06637798,-98.62965972,46073.0,1987.083954297069,2.5,39,40,1,0,39,40,2043,0,0,0,0,0
2020-06-10,US,South Dakota,Kingsbury,5,0,0,44.36956169,-97.4913945,46077.0,101.23506782749544,0.0,5,5,0,0,5,5,4919,0,0,0,0,0
2020-06-10,US,South Dakota,Lake,13,1,0,44.02193107,-97.12926365,46079.0,101.58630929124014,7.6923076923076925,12,13,1,0,12,13,13057,0,0,0,0,0
2020-06-10,US,South Dakota,Lawrence,12,0,0,44.35919441,-103.7929428,46081.0,46.43244079863797,0.0,12,12,0,0,12,12,25741,0,0,0,0,0
2020-06-10,US,South Dakota,Lincoln,258,0,0,43.27841182,-96.7203905,46083.0,422.0651747153514,0.0,258,255,0,0,255,254,58807,3,0,0,3,1
2020-06-10,US,South Dakota,Lyman,30,0,0,43.89522709,-99.85201878,46085.0,793.4408886537954,0.0,30,27,0,0,27,24,3821,3,0,0,3,3
2020-06-10,US,South Dakota,Marshall,4,0,0,45.75870838,-97.59855639,46091.0,81.05369807497469,0.0,4,4,0,0,4,4,5112,0,0,0,0,0
2020-06-10,US,South Dakota,McCook,7,1,0,43.6742571,-97.36863144,46087.0,125.31328320802004,14.285714285714285,6,6,1,0,5,6,5546,1,0,0,1,0
2020-06-10,US,South Dakota,McPherson,3,0,0,45.76626028,-99.22118798,46089.0,126.10340479192938,0.0,3,3,0,0,3,2,2407,0,0,0,0,1
2020-06-10,US,South Dakota,Meade,28,1,0,44.56676791,-102.7162741,46093.0,98.8281801496541,3.571428571428572,27,26,1,0,25,26,28294,2,0,0,2,0
2020-06-10,US,South Dakota,Miner,3,0,0,44.02197882,-97.60992207,46097.0,135.37906137184117,0.0,3,3,0,0,3,3,2213,0,0,0,0,0
2020-06-10,US,South Dakota,Minnehaha,3430,52,0,43.67441641,-96.7910885,46099.0,1775.9690163306304,1.5160349854227406,3378,3418,51,0,3367,3409,192876,12,1,0,11,9
2020-06-10,US,South Dakota,Moody,19,0,0,44.02266214,-96.67081159,46101.0,288.92944038929437,0.0,19,19,0,0,19,19,6579,0,0,0,0,0
2020-06-10,US,South Dakota,Oglala Lakota,45,0,0,43.33749164,-102.5555498,46102.0,317.4155322000423,0.0,45,40,0,0,40,39,14309,5,0,0,5,1
2020-06-10,US,South Dakota,Pennington,335,6,0,44.0025835,-102.8240777,46103.0,294.44078224566033,1.791044776119403,329,321,6,0,315,314,111729,14,0,0,14,7
2020-06-10,US,South Dakota,Roberts,39,0,0,45.62975048,-96.94672673,46109.0,375.2164710409852,0.0,39,39,0,0,39,38,10447,0,0,0,0,1
2020-06-10,US,South Dakota,Sanborn,13,0,0,44.02351092,-98.0909816,46111.0,554.6075085324234,0.0,13,13,0,0,13,13,2429,0,0,0,0,0
2020-06-10,US,South Dakota,Spink,5,0,0,44.93837606,-98.34626602,46115.0,78.41907151819322,0.0,5,5,0,0,5,5,6495,0,0,0,0,0
2020-06-10,US,South Dakota,Stanley,10,0,0,44.41381872,-100.7349153,46117.0,322.7888960619755,0.0,10,10,0,0,10,10,3022,0,0,0,0,0
2020-06-10,US,South Dakota,Sully,1,0,0,44.71571812,-100.1278092,46119.0,71.89072609633357,0.0,1,1,0,0,1,1,1392,0,0,0,0,0
2020-06-10,US,South Dakota,Todd,44,1,0,43.19338568,-100.7195503,46121.0,432.34745013265206,2.272727272727273,43,42,1,0,41,38,10283,2,0,0,2,4
2020-06-10,US,South Dakota,Tripp,6,0,0,43.34459388,-99.8854891,46123.0,110.27384671935306,0.0,6,6,0,0,6,6,5478,0,0,0,0,0
2020-06-10,US,South Dakota,Turner,25,0,0,43.3109081,-97.14865776,46125.0,298.18702290076334,0.0,25,25,0,0,25,25,8424,0,0,0,0,0
2020-06-10,US,South Dakota,Union,105,0,0,42.83112163,-96.6557828,46127.0,659.0509666080843,0.0,105,103,0,0,103,100,15619,2,0,0,2,3
2020-06-10,US,South Dakota,Walworth,5,0,0,45.43019636,-100.0307514,46129.0,91.99632014719411,0.0,5,5,0,0,5,5,5587,0,0,0,0,0
2020-06-10,US,South Dakota,Yankton,58,0,0,43.00924485,-97.39467635,46135.0,254.22985885859558,0.0,58,58,0,0,58,58,22869,0,0,0,0,0
2020-06-10,US,South Dakota,Ziebach,2,0,0,44.97881876,-101.6654622,46137.0,72.5689404934688,0.0,2,2,0,0,2,2,2742,0,0,0,0,0
2020-06-10,US,Tennessee,Anderson,54,2,0,36.12684348,-84.19965764,47001.0,70.14991296214502,3.703703703703704,52,50,2,0,48,48,76482,4,0,0,4,2
2020-06-10,US,Tennessee,Bedford,346,4,0,35.51123746,-86.45549096,47003.0,695.9950113652366,1.1560693641618498,342,341,4,0,337,332,49038,5,0,0,5,9
2020-06-10,US,Tennessee,Benton,8,1,0,36.07110411,-88.06849355,47005.0,49.504950495049506,12.5,7,8,1,0,7,8,16184,0,0,0,0,0
2020-06-10,US,Tennessee,Bledsoe,613,1,0,35.59942968,-85.20611967,47007.0,4069.3043016463093,0.1631321370309951,612,611,1,0,610,614,14755,2,0,0,2,-3
2020-06-10,US,Tennessee,Blount,96,3,0,35.68938198,-83.92847788,47009.0,72.1327242125511,3.125,93,96,3,0,93,94,131349,0,0,0,0,2
2020-06-10,US,Tennessee,Bradley,238,2,0,35.15739424,-84.857186,47011.0,220.14614744241973,0.8403361344537815,236,233,2,0,231,219,106727,5,0,0,5,14
2020-06-10,US,Tennessee,Campbell,18,1,0,36.40355516,-84.15108559999999,47013.0,45.178454896842524,5.5555555555555545,17,18,1,0,17,18,39583,0,0,0,0,0
2020-06-10,US,Tennessee,Cannon,34,0,0,35.80990797,-86.05738983,47015.0,231.6391879002589,0.0,34,34,0,0,34,34,14462,0,0,0,0,0
2020-06-10,US,Tennessee,Carroll,29,1,0,35.97366108,-88.45189331,47017.0,104.44052292289408,3.4482758620689653,28,28,1,0,27,28,28020,1,0,0,1,0
2020-06-10,US,Tennessee,Carter,19,1,0,36.28969086,-82.12588974,47019.0,33.693319856005395,5.2631578947368425,18,19,1,0,18,19,56351,0,0,0,0,0
2020-06-10,US,Tennessee,Cheatham,149,0,0,36.26136216,-87.08903581,47021.0,366.3904394226277,0.0,149,146,0,0,146,144,40439,3,0,0,3,2
2020-06-10,US,Tennessee,Chester,12,0,0,35.42527478,-88.6095842,47023.0,69.37619240330693,0.0,12,12,0,0,12,12,17276,0,0,0,0,0
2020-06-10,US,Tennessee,Claiborne,15,0,0,36.48319149,-83.65947309,47025.0,46.93513564254201,0.0,15,14,0,0,14,14,31756,1,0,0,1,0
2020-06-10,US,Tennessee,Clay,9,0,0,36.55151008,-85.53930419,47027.0,118.18778726198292,0.0,9,9,0,0,9,9,7717,0,0,0,0,0
2020-06-10,US,Tennessee,Cocke,22,0,0,35.9278914,-83.11828725,47029.0,61.104321742028674,0.0,22,22,0,0,22,21,35774,0,0,0,0,1
2020-06-10,US,Tennessee,Coffee,87,0,0,35.49090731,-86.07311784,47031.0,153.92781316348194,0.0,87,84,0,0,84,82,55700,3,0,0,3,2
2020-06-10,US,Tennessee,Crockett,16,3,0,35.81830662,-89.14916269,47033.0,112.43851018974001,18.75,13,16,3,0,13,16,14328,0,0,0,0,0
2020-06-10,US,Tennessee,Cumberland,127,2,0,35.95271721,-84.99840585,47035.0,209.8479841374752,1.5748031496062993,125,126,2,0,124,125,59673,1,0,0,1,1
2020-06-10,US,Tennessee,Davidson,6190,80,0,36.17007426,-86.78646056,47037.0,891.7458049050342,1.292407108239095,6110,6125,80,0,6045,5947,692587,65,0,0,65,178
2020-06-10,US,Tennessee,DeKalb,41,0,0,35.97616272,-85.83689361,47041.0,200.0976085895559,0.0,41,41,0,0,41,40,20138,0,0,0,0,1
2020-06-10,US,Tennessee,Decatur,14,0,0,35.60048904,-88.11043779,47039.0,120.03772614250192,0.0,14,6,0,0,6,8,11706,8,0,0,8,-2
2020-06-10,US,Tennessee,Dickson,128,0,0,36.14669837,-87.35891709,47043.0,237.26551494031293,0.0,128,127,0,0,127,125,53446,1,0,0,1,2
2020-06-10,US,Tennessee,Dyer,71,0,0,36.05931946,-89.41542855,47045.0,191.07080384294517,0.0,71,70,0,0,70,67,37320,1,0,0,1,3
2020-06-10,US,Tennessee,Fayette,162,2,0,35.19615831,-89.41399032,47047.0,393.84435854423464,1.2345679012345678,160,159,2,0,157,155,40507,3,0,0,3,4
2020-06-10,US,Tennessee,Fentress,13,0,0,36.38128818,-84.92870012,47049.0,70.18301571019813,0.0,13,13,0,0,13,12,18217,0,0,0,0,1
2020-06-10,US,Tennessee,Franklin,55,2,0,35.15634626,-86.09201039,47051.0,130.30705079605758,3.636363636363636,53,55,1,0,54,54,41890,0,1,0,-1,1
2020-06-10,US,Tennessee,Gibson,64,1,0,35.99438059,-88.93358327,47053.0,130.25868560845052,1.5625,63,64,1,0,63,64,49045,0,0,0,0,0
2020-06-10,US,Tennessee,Giles,19,0,0,35.20222469,-87.03992678,47055.0,64.48547379853379,0.0,19,19,0,0,19,18,29503,0,0,0,0,1
2020-06-10,US,Tennessee,Grainger,16,0,0,36.27469206,-83.51254721,47057.0,68.61063464837049,0.0,16,16,0,0,16,16,23145,0,0,0,0,0
2020-06-10,US,Tennessee,Greene,52,2,0,36.17470125,-82.84691273,47059.0,75.28703180877093,3.8461538461538463,50,52,2,0,50,52,69087,0,0,0,0,0
2020-06-10,US,Tennessee,Grundy,32,1,0,35.38433717,-85.72142731,47061.0,238.3257615252849,3.125,31,32,1,0,31,32,13346,0,0,0,0,0
2020-06-10,US,Tennessee,Hamblen,63,3,0,36.21990035,-83.26586179,47063.0,97.02159115409492,4.761904761904762,60,62,3,0,59,58,64569,1,0,0,1,4
2020-06-10,US,Tennessee,Hamilton,1156,19,0,35.17670231,-85.16652245,47065.0,314.2978325412448,1.643598615916955,1137,1122,19,0,1103,1042,364286,34,0,0,34,80
2020-06-10,US,Tennessee,Hancock,1,0,0,36.52692871,-83.22375847,47067.0,15.105740181268883,0.0,1,1,0,0,1,2,6549,0,0,0,0,-1
2020-06-10,US,Tennessee,Hardeman,213,0,0,35.20772017,-88.99161161,47069.0,850.2994011976047,0.0,213,212,0,0,212,211,25220,1,0,0,1,1
2020-06-10,US,Tennessee,Hardin,31,2,0,35.19732531,-88.18593755,47071.0,120.84827693747076,6.451612903225807,29,30,2,0,28,31,25776,1,0,0,1,-1
2020-06-10,US,Tennessee,Hawkins,34,2,0,36.44355426,-82.94885298,47073.0,59.87391258408763,5.882352941176472,32,34,2,0,32,34,56530,0,0,0,0,0
2020-06-10,US,Tennessee,Haywood,35,2,0,35.58332824,-89.28536625,47075.0,202.26537216828478,5.7142857142857135,33,35,2,0,33,36,17335,0,0,0,0,-1
2020-06-10,US,Tennessee,Henderson,16,0,0,35.65581134,-88.38600175,47077.0,56.90507522139631,0.0,16,16,0,0,16,15,27847,0,0,0,0,1
2020-06-10,US,Tennessee,Henry,33,0,0,36.33160906,-88.30121797,47079.0,102.02504251043436,0.0,33,33,0,0,33,32,32358,0,0,0,0,1
2020-06-10,US,Tennessee,Hickman,60,0,0,35.80609681,-87.47643507,47081.0,238.30328064183013,0.0,60,60,0,0,60,62,25063,0,0,0,0,-2
2020-06-10,US,Tennessee,Houston,9,0,0,36.28872054,-87.71878828,47083.0,109.74271430313378,0.0,9,9,0,0,9,8,8263,0,0,0,0,1
2020-06-10,US,Tennessee,Humphreys,18,1,0,36.03958805,-87.77992872,47085.0,96.867936712948,5.5555555555555545,17,18,1,0,17,17,18486,0,0,0,0,1
2020-06-10,US,Tennessee,Jackson,19,0,0,36.36380466,-85.67239905,47087.0,161.20821313422704,0.0,19,19,0,0,19,19,11758,0,0,0,0,0
2020-06-10,US,Tennessee,Jefferson,31,0,0,36.04818632,-83.45148924,47089.0,56.88595283971007,0.0,31,31,0,0,31,29,54012,0,0,0,0,2
2020-06-10,US,Tennessee,Johnson,23,0,0,36.45523950000001,-81.84886538,47091.0,129.3006521250281,0.0,23,22,0,0,22,22,17778,1,0,0,1,0
2020-06-10,US,Tennessee,Knox,500,5,0,35.99508821,-83.94635435,47093.0,106.31217933588907,1.0,495,491,5,0,486,481,465289,9,0,0,9,10
2020-06-10,US,Tennessee,Lake,730,0,0,36.34180170000001,-89.48921915,47095.0,10404.78905359179,0.0,730,730,0,0,730,835,7411,0,0,0,0,-105
2020-06-10,US,Tennessee,Lauderdale,60,1,0,35.75893438,-89.63015909999999,47097.0,234.0732649319237,1.6666666666666667,59,60,1,0,59,60,25825,0,0,0,0,0
2020-06-10,US,Tennessee,Lawrence,48,0,0,35.21675201,-87.39787695,47099.0,108.7399755335055,0.0,48,41,0,0,41,40,43734,7,0,0,7,1
2020-06-10,US,Tennessee,Lewis,4,0,0,35.52853208,-87.49022694,47101.0,32.605151613955,0.0,4,4,0,0,4,4,12086,0,0,0,0,0
2020-06-10,US,Tennessee,Lincoln,34,0,0,35.13738622,-86.58910106,47103.0,98.9349938893092,0.0,34,33,0,0,33,32,34117,1,0,0,1,1
2020-06-10,US,Tennessee,Loudon,174,0,0,35.73939663,-84.31145275,47105.0,321.81697122142486,0.0,174,171,0,0,171,170,53054,3,0,0,3,1
2020-06-10,US,Tennessee,Macon,186,3,0,36.53157855,-86.00778595,47111.0,756.0360946264533,1.6129032258064515,183,185,3,0,182,181,24265,1,0,0,1,4
2020-06-10,US,Tennessee,Madison,183,2,0,35.61181957,-88.84076036,47113.0,186.76518615284127,1.0928961748633879,181,181,2,0,179,179,97605,2,0,0,2,2
2020-06-10,US,Tennessee,Marion,46,1,0,35.12997174,-85.62265895,47115.0,159.13100633064656,2.1739130434782608,45,45,1,0,44,45,28575,1,0,0,1,0
2020-06-10,US,Tennessee,Marshall,40,1,0,35.45798777,-86.76420988,47117.0,116.36363636363636,2.5,39,37,1,0,36,36,33683,3,0,0,3,1
2020-06-10,US,Tennessee,Maury,128,1,0,35.6187413,-87.07462444,47119.0,132.79799143037962,0.78125,127,124,1,0,123,116,94340,4,0,0,4,8
2020-06-10,US,Tennessee,McMinn,159,14,0,35.42812616,-84.61520715,47107.0,295.57199687697516,8.805031446540882,145,159,14,0,145,153,53285,0,0,0,0,6
2020-06-10,US,Tennessee,McNairy,24,0,0,35.17468549,-88.5647812,47109.0,93.40702109441895,0.0,24,23,0,0,23,24,25832,1,0,0,1,-1
2020-06-10,US,Tennessee,Meigs,27,0,0,35.51558739,-84.81482914,47121.0,217.35630333279664,0.0,27,27,0,0,27,27,12306,0,0,0,0,0
2020-06-10,US,Tennessee,Monroe,75,4,0,35.44550387,-84.24902965,47123.0,161.13438607798903,5.333333333333333,71,75,4,0,71,76,46357,0,0,0,0,-1
2020-06-10,US,Tennessee,Montgomery,310,4,0,36.49609412,-87.38550661,47125.0,148.3303268530525,1.2903225806451613,306,310,4,0,306,301,205950,0,0,0,0,9
2020-06-10,US,Tennessee,Moore,5,0,0,35.27724699,-86.36230578,47127.0,77.06535141800245,0.0,5,5,0,0,5,5,6411,0,0,0,0,0
2020-06-10,US,Tennessee,Morgan,19,0,0,36.13248031,-84.64880098,47129.0,88.77260197168621,0.0,19,19,0,0,19,19,21579,0,0,0,0,0
2020-06-10,US,Tennessee,Obion,53,1,0,36.35732446,-89.14921589,47131.0,176.26126575542918,1.8867924528301887,52,53,1,0,52,56,30267,0,0,0,0,-3
2020-06-10,US,Tennessee,Out of TN,457,5,0,0.0,0.0,80047.0,0.0,1.0940919037199124,452,457,5,0,452,426,,0,0,0,0,31
2020-06-10,US,Tennessee,Overton,36,0,0,36.34117832,-85.28989535,47133.0,161.86322557438962,0.0,36,35,0,0,35,35,22068,1,0,0,1,0
2020-06-10,US,Tennessee,Perry,24,0,0,35.63708728,-87.86139634,47135.0,297.1768202080238,0.0,24,24,0,0,24,24,8064,0,0,0,0,0
2020-06-10,US,Tennessee,Pickett,4,0,0,36.55606529,-85.07763299999998,47137.0,79.23930269413628,0.0,4,4,0,0,4,4,5082,0,0,0,0,0
2020-06-10,US,Tennessee,Polk,24,0,0,35.12245443,-84.52075859,47139.0,142.58555133079847,0.0,24,24,0,0,24,23,16898,0,0,0,0,1
2020-06-10,US,Tennessee,Putnam,571,6,0,36.14005459,-85.50646123,47141.0,711.5708143809583,1.0507880910683012,565,569,6,0,563,552,78843,2,0,0,2,17
2020-06-10,US,Tennessee,Rhea,220,0,0,35.60536161,-84.93076643,47143.0,663.3099164832513,0.0,220,219,0,0,219,221,33044,1,0,0,1,-2
2020-06-10,US,Tennessee,Roane,23,0,0,35.84923189,-84.52458689,47145.0,43.08568431306433,0.0,23,23,0,0,23,21,53140,0,0,0,0,2
2020-06-10,US,Tennessee,Robertson,584,7,0,36.52454807,-86.87346725,47147.0,813.2232325623494,1.1986301369863013,577,580,7,0,573,567,71012,4,0,0,4,13
2020-06-10,US,Tennessee,Rutherford,1600,29,0,35.84591405,-86.4107263,47149.0,481.51436267059904,1.8125,1571,1568,29,0,1539,1522,324890,32,0,0,32,46
2020-06-10,US,Tennessee,Scott,14,0,0,36.42325673,-84.50360494,47151.0,63.44027551205365,0.0,14,13,0,0,13,14,22039,1,0,0,1,-1
2020-06-10,US,Tennessee,Sequatchie,21,0,0,35.36979721,-85.41022136,47153.0,139.7577532277386,0.0,21,21,0,0,21,21,14876,0,0,0,0,0
2020-06-10,US,Tennessee,Sevier,178,2,0,35.78077323,-83.52244332,47155.0,181.1704834605598,1.1235955056179776,176,158,2,0,156,129,97892,20,0,0,20,29
2020-06-10,US,Tennessee,Shelby,6204,135,0,35.1864775,-89.89692423,47157.0,661.995847053777,2.1760154738878144,6069,6125,135,0,5990,6005,935764,79,0,0,79,120
2020-06-10,US,Tennessee,Smith,37,1,0,36.25359775,-85.95411046,47159.0,183.5590613682592,2.702702702702702,36,37,1,0,36,37,19942,0,0,0,0,0
2020-06-10,US,Tennessee,Stewart,14,0,0,36.50235092,-87.83920548,47161.0,102.0780167699599,0.0,14,14,0,0,14,15,13561,0,0,0,0,-1
2020-06-10,US,Tennessee,Sullivan,67,2,0,36.51240691,-82.30412917,47163.0,42.3118700583525,2.985074626865672,65,66,2,0,64,62,157668,1,0,0,1,4
2020-06-10,US,Tennessee,Sumner,1033,47,0,36.46824103,-86.45917204,47165.0,540.037536006859,4.549854791868345,986,1011,46,0,965,987,187149,22,1,0,21,24
2020-06-10,US,Tennessee,Tipton,488,3,0,35.501942,-89.73694895,47167.0,792.2206529326775,0.6147540983606558,485,487,3,0,484,480,61581,1,0,0,1,7
2020-06-10,US,Tennessee,Trousdale,1397,4,0,36.39026213,-86.16087954,47169.0,12380.361573909959,0.2863278453829635,1393,1397,4,0,1393,1397,11012,0,0,0,0,0
2020-06-10,US,Tennessee,Unassigned,170,0,0,0.0,0.0,90047.0,0.0,0.0,170,170,0,0,170,161,,0,0,0,0,9
2020-06-10,US,Tennessee,Unicoi,52,0,0,36.10890856,-82.43709629,47171.0,290.77895207739186,0.0,52,52,0,0,52,52,17761,0,0,0,0,0
2020-06-10,US,Tennessee,Union,5,0,0,36.28590426,-83.83651902,47173.0,25.03504906869617,0.0,5,5,0,0,5,4,19688,0,0,0,0,1
2020-06-10,US,Tennessee,Van Buren,4,0,0,35.69864497,-85.45221699,47175.0,68.11989100817439,0.0,4,4,0,0,4,4,5765,0,0,0,0,0
2020-06-10,US,Tennessee,Warren,32,0,0,35.6728299,-85.77969117,47177.0,77.52501393027596,0.0,32,32,0,0,32,31,40878,0,0,0,0,1
2020-06-10,US,Tennessee,Washington,87,0,0,36.29472368,-82.49454720000001,47179.0,67.2463768115942,0.0,87,86,0,0,86,86,128607,1,0,0,1,0
2020-06-10,US,Tennessee,Wayne,64,0,0,35.23868267,-87.78644456,47181.0,383.85413542853723,0.0,64,64,0,0,64,64,16558,0,0,0,0,0
2020-06-10,US,Tennessee,Weakley,26,0,0,36.29896232,-88.71990865,47183.0,78.01248199711955,0.0,26,26,0,0,26,26,33415,0,0,0,0,0
2020-06-10,US,Tennessee,White,45,0,0,35.92929884,-85.45591799,47185.0,164.56390565002744,0.0,45,45,0,0,45,43,27107,0,0,0,0,2
2020-06-10,US,Tennessee,Williamson,654,11,0,35.89099229,-86.89281867,47187.0,274.31505125580935,1.6819571865443426,643,648,11,0,637,630,231729,6,0,0,6,18
2020-06-10,US,Tennessee,Wilson,499,10,0,36.15496772,-86.29775884,47189.0,344.9539254927173,2.004008016032064,489,488,10,0,478,477,140625,11,0,0,11,11
2020-06-10,US,Texas,Anderson,91,0,0,31.81534745,-95.65354823,48001.0,157.61669697756994,0.0,91,91,0,0,91,88,58057,0,0,0,0,3
2020-06-10,US,Texas,Andrews,27,0,0,32.30468633,-102.6376548,48003.0,144.34643143544506,0.0,27,27,0,0,27,27,18128,0,0,0,0,0
2020-06-10,US,Texas,Angelina,281,5,0,31.25457347,-94.60901487,48005.0,324.0500490111284,1.7793594306049825,276,237,5,0,232,237,87092,44,0,0,44,0
2020-06-10,US,Texas,Aransas,5,0,0,28.10556197,-96.9995047,48007.0,21.267545725223307,0.0,5,5,0,0,5,5,23792,0,0,0,0,0
2020-06-10,US,Texas,Archer,3,0,0,33.61569967,-98.68754589,48009.0,35.0754121360926,0.0,3,3,0,0,3,2,8786,0,0,0,0,1
2020-06-10,US,Texas,Armstrong,3,0,0,34.96507426,-101.3574874,48011.0,158.9825119236884,0.0,3,3,0,0,3,3,1892,0,0,0,0,0
2020-06-10,US,Texas,Atascosa,45,2,0,28.89333001,-98.52730485,48013.0,87.97137997771392,4.4444444444444455,43,42,2,0,40,42,50310,3,0,0,3,0
2020-06-10,US,Texas,Austin,31,0,0,29.88548725,-96.27736949,48015.0,103.2232285562067,0.0,31,32,0,0,32,29,29989,-1,0,0,-1,3
2020-06-10,US,Texas,Bailey,28,0,0,34.06854817,-102.8299707,48017.0,400.0,0.0,28,26,0,0,26,26,7027,2,0,0,2,0
2020-06-10,US,Texas,Bandera,6,0,0,29.74619598,-99.24598147,48019.0,25.960539979231573,0.0,6,6,0,0,6,6,22824,0,0,0,0,0
2020-06-10,US,Texas,Bastrop,279,4,0,30.10370699,-97.31206354,48021.0,314.46186445453833,1.4336917562724014,275,270,4,0,266,255,86976,9,0,0,9,15
2020-06-10,US,Texas,Baylor,1,0,0,33.61640794,-99.21352901,48023.0,28.498147620404676,0.0,1,1,0,0,1,1,3582,0,0,0,0,0
2020-06-10,US,Texas,Bee,26,0,0,28.41761668,-97.74215593,48025.0,79.84031936127745,0.0,26,24,0,0,24,22,32587,2,0,0,2,2
2020-06-10,US,Texas,Bell,507,6,0,31.03736027,-97.4785025,48027.0,139.69866969393038,1.183431952662722,501,473,5,0,468,446,355642,34,1,0,33,27
2020-06-10,US,Texas,Bexar,3513,80,0,29.44928723,-98.52019748,48029.0,175.3384236212251,2.2772559066325084,3433,3333,78,0,3255,3311,1986049,180,2,0,178,22
2020-06-10,US,Texas,Blanco,12,1,0,30.26640707,-98.3999852,48031.0,100.57832537088258,8.333333333333334,11,12,1,0,11,11,11702,0,0,0,0,1
2020-06-10,US,Texas,Bosque,7,0,0,31.89978581,-97.63613524,48035.0,37.46320578003746,0.0,7,7,0,0,7,7,18691,0,0,0,0,0
2020-06-10,US,Texas,Bowie,358,7,0,33.44626922,-94.41834132,48037.0,383.9347954313904,1.9553072625698324,351,351,7,0,344,336,94324,7,0,0,7,15
2020-06-10,US,Texas,Brazoria,770,11,0,29.18757369,-95.44563172,48039.0,205.7371267340701,1.4285714285714286,759,770,9,0,761,990,370200,0,2,0,-2,-220
2020-06-10,US,Texas,Brazos,665,24,0,30.663644800000004,-96.30205577,48041.0,290.1256920479384,3.609022556390977,641,634,22,0,612,626,226758,31,2,0,29,8
2020-06-10,US,Texas,Brewster,1,0,0,29.81008251,-103.2520326,48043.0,10.866021949364338,0.0,1,1,0,0,1,1,9267,0,0,0,0,0
2020-06-10,US,Texas,Briscoe,1,0,0,34.53026962,-101.2084947,48045.0,64.68305304010349,0.0,1,1,0,0,1,1,1516,0,0,0,0,0
2020-06-10,US,Texas,Brooks,1,0,0,27.03103197,-98.21808402,48047.0,14.098406880022555,0.0,1,1,0,0,1,1,7114,0,0,0,0,0
2020-06-10,US,Texas,Brown,60,10,0,31.77430356,-98.99907113,48049.0,158.4618635115149,16.666666666666668,50,60,10,0,50,59,37924,0,0,0,0,1
2020-06-10,US,Texas,Burleson,39,0,0,30.49273808,-96.62158484,48051.0,211.46234343653416,0.0,39,35,0,0,35,32,18389,4,0,0,4,3
2020-06-10,US,Texas,Burnet,55,1,0,30.78801353,-98.181887,48053.0,114.21451562662236,1.818181818181818,54,55,1,0,54,54,47542,0,0,0,0,1
2020-06-10,US,Texas,Caldwell,81,0,0,29.83668859,-97.61814775,48055.0,185.50751190912425,0.0,81,79,0,0,79,77,43247,2,0,0,2,2
2020-06-10,US,Texas,Calhoun,42,3,0,28.47048236,-96.61633945,48057.0,197.2757162987318,7.142857142857142,39,41,3,0,38,39,21561,1,0,0,1,2
2020-06-10,US,Texas,Callahan,10,1,0,32.29760619,-99.37326312,48059.0,71.72057663343614,10.0,9,10,1,0,9,10,13994,0,0,0,0,0
2020-06-10,US,Texas,Cameron,951,40,0,26.14524221,-97.48140372,48061.0,224.73609460184372,4.206098843322819,911,919,39,0,880,892,423908,32,1,0,31,27
2020-06-10,US,Texas,Camp,95,0,0,32.97195142,-94.97790104,48063.0,725.5231403696348,0.0,95,95,0,0,95,92,13033,0,0,0,0,3
2020-06-10,US,Texas,Carson,6,0,0,35.40365929,-101.3542669,48065.0,101.24873439082012,0.0,6,6,0,0,6,6,6005,0,0,0,0,0
2020-06-10,US,Texas,Cass,32,1,0,33.07499881,-94.34646905,48067.0,106.5743022713648,3.125,31,32,1,0,31,31,30119,0,0,0,0,1
2020-06-10,US,Texas,Castro,37,1,0,34.53016752,-102.2617243,48069.0,491.36786188579015,2.702702702702702,36,36,1,0,35,35,7665,1,0,0,1,1
2020-06-10,US,Texas,Chambers,86,1,0,29.70972016,-94.67154501,48071.0,196.18130802746535,1.162790697674419,85,83,1,0,82,79,42454,3,0,0,3,4
2020-06-10,US,Texas,Cherokee,54,2,0,31.837258,-95.16559897,48073.0,102.5718953006876,3.703703703703704,52,54,2,0,52,52,52592,0,0,0,0,2
2020-06-10,US,Texas,Childress,6,0,0,34.529304100000004,-100.2077916,48075.0,82.12428141253764,0.0,6,4,0,0,4,2,7291,2,0,0,2,2
2020-06-10,US,Texas,Clay,5,0,0,33.78686685,-98.20771198,48077.0,47.75093114315729,0.0,5,5,0,0,5,5,10456,0,0,0,0,0
2020-06-10,US,Texas,Cochran,1,0,0,33.60425307,-102.8284499,48079.0,35.05082369435681,0.0,1,1,0,0,1,1,2836,0,0,0,0,0
2020-06-10,US,Texas,Coke,1,0,0,31.88911733,-100.5297533,48081.0,29.524653085326253,0.0,1,1,0,0,1,1,3370,0,0,0,0,0
2020-06-10,US,Texas,Coleman,3,0,0,31.76736834,-99.45240766,48083.0,36.697247706422026,0.0,3,3,0,0,3,3,8397,0,0,0,0,0
2020-06-10,US,Texas,Collin,1546,37,0,33.18820114,-96.57264368,48085.0,149.41095744783664,2.393272962483829,1509,1528,37,0,1491,1447,1005146,18,0,0,18,81
2020-06-10,US,Texas,Collingsworth,5,0,0,34.96489496,-100.2700111,48087.0,171.23287671232876,0.0,5,5,0,0,5,5,2962,0,0,0,0,0
2020-06-10,US,Texas,Colorado,27,0,0,29.622098,-96.5273805,48089.0,125.62229563113571,0.0,27,26,0,0,26,24,21217,1,0,0,1,2
2020-06-10,US,Texas,Comal,134,7,0,29.80811278,-98.27647225,48091.0,85.78250933044829,5.223880597014926,127,121,7,0,114,117,148373,13,0,0,13,4
2020-06-10,US,Texas,Comanche,12,1,0,31.94854689,-98.55876441,48093.0,88.008800880088,8.333333333333334,11,12,1,0,11,12,13534,0,0,0,0,0
2020-06-10,US,Texas,Concho,1,0,0,31.32635934,-99.86473038,48095.0,36.683785766691116,0.0,1,1,0,0,1,1,4276,0,0,0,0,0
2020-06-10,US,Texas,Cooke,20,0,0,33.63979567,-97.21240912,48097.0,48.47662214896866,0.0,20,20,0,0,20,20,40574,0,0,0,0,0
2020-06-10,US,Texas,Coryell,299,2,0,31.39078397,-97.79936155,48099.0,393.6748693236429,0.6688963210702341,297,296,2,0,294,289,74808,3,0,0,3,7
2020-06-10,US,Texas,Cottle,4,1,0,34.07783319,-100.2785062,48101.0,286.12303290414883,25.0,3,4,1,0,3,4,1389,0,0,0,0,0
2020-06-10,US,Texas,Crane,31,5,0,31.43052248,-102.5143314,48103.0,646.2372316030852,16.129032258064516,26,28,5,0,23,27,4794,3,0,0,3,1
2020-06-10,US,Texas,Crockett,5,0,0,30.72367027,-101.4134238,48105.0,144.3418013856813,0.0,5,4,0,0,4,1,3499,1,0,0,1,3
2020-06-10,US,Texas,Crosby,4,1,0,33.61431553,-101.3000364,48107.0,69.72285166463307,25.0,3,3,1,0,2,3,5779,1,0,0,1,0
2020-06-10,US,Texas,Dallam,32,1,0,36.27787176,-102.6020725,48111.0,439.13819129957466,3.125,31,29,1,0,28,27,7200,3,0,0,3,2
2020-06-10,US,Texas,Dallas,12945,274,0,32.76670599,-96.7779605,48113.0,491.1751626626437,2.1166473541908077,12671,12645,271,0,12374,12347,2637772,300,3,0,297,298
2020-06-10,US,Texas,Dawson,45,1,0,32.74255572,-101.9477242,48115.0,353.55122564424886,2.2222222222222223,44,45,1,0,44,45,12619,0,0,0,0,0
2020-06-10,US,Texas,DeWitt,24,1,0,29.08101855,-97.3568117,48123.0,119.04761904761904,4.166666666666667,23,23,1,0,22,18,20187,1,0,0,1,5
2020-06-10,US,Texas,Deaf Smith,190,13,0,34.96522957,-102.6054267,48117.0,1024.479672166505,6.842105263157895,177,183,13,0,170,176,18760,7,0,0,7,7
2020-06-10,US,Texas,Delta,2,0,0,33.38570922,-95.66921122,48119.0,37.51641343087601,0.0,2,2,0,0,2,2,5349,0,0,0,0,0
2020-06-10,US,Texas,Denton,1559,35,0,33.20521901,-97.11691153,48121.0,175.71998417505722,2.2450288646568315,1524,1524,34,0,1490,1500,859064,35,1,0,34,24
2020-06-10,US,Texas,Dickens,1,0,0,33.61616822,-100.7788855,48125.0,45.22840343735866,0.0,1,1,0,0,1,1,2249,0,0,0,0,0
2020-06-10,US,Texas,Dimmit,1,0,0,28.42270064,-99.75645095,48127.0,9.877518767285656,0.0,1,1,0,0,1,1,10308,0,0,0,0,0
2020-06-10,US,Texas,Donley,27,0,0,34.96517499,-100.8140093,48129.0,823.672971323978,0.0,27,27,0,0,27,27,3319,0,0,0,0,0
2020-06-10,US,Texas,Duval,5,0,0,27.68184592,-98.50864568,48131.0,44.81491440351349,0.0,5,5,0,0,5,5,11212,0,0,0,0,0
2020-06-10,US,Texas,Eastland,7,0,0,32.32743996,-98.83243566,48133.0,38.12636165577342,0.0,7,7,0,0,7,7,18322,0,0,0,0,0
2020-06-10,US,Texas,Ector,214,6,0,31.86898877,-102.5429428,48135.0,128.74271310227826,2.803738317757009,208,206,6,0,200,187,162124,8,0,0,8,19
2020-06-10,US,Texas,El Paso,3582,93,0,31.76980765,-106.2363275,48141.0,426.8157542913929,2.596314907872697,3489,3512,93,0,3419,3376,840758,70,0,0,70,136
2020-06-10,US,Texas,Ellis,418,18,0,32.34894117,-96.79371841,48139.0,226.15865733176068,4.30622009569378,400,399,16,0,383,388,179436,19,2,0,17,11
2020-06-10,US,Texas,Erath,29,1,0,32.23602653,-98.21773417,48143.0,67.91887207831749,3.4482758620689653,28,29,1,0,28,26,42446,0,0,0,0,3
2020-06-10,US,Texas,Falls,13,0,0,31.25350609,-96.93630086,48145.0,75.15754177024918,0.0,13,13,0,0,13,11,17335,0,0,0,0,2
2020-06-10,US,Texas,Fannin,50,2,0,33.59564294,-96.10751083,48147.0,140.78954778397252,4.0,48,49,2,0,47,43,35286,1,0,0,1,6
2020-06-10,US,Texas,Fayette,39,2,0,29.87788372,-96.92076062,48149.0,153.8704332044504,5.128205128205129,37,38,2,0,36,38,25349,1,0,0,1,0
2020-06-10,US,Texas,Fisher,2,1,0,32.74281316,-100.4019302,48151.0,52.219321148825074,50.0,1,2,1,0,1,2,3839,0,0,0,0,0
2020-06-10,US,Texas,Floyd,16,0,0,34.07227468,-101.3031546,48153.0,280.11204481792714,0.0,16,16,0,0,16,16,5837,0,0,0,0,0
2020-06-10,US,Texas,Fort Bend,2225,47,0,29.52704478,-95.77219463,48157.0,274.12010526212043,2.1123595505617976,2178,2138,47,0,2091,2117,787858,87,0,0,87,21
2020-06-10,US,Texas,Franklin,22,0,0,33.17653242,-95.21917243,48159.0,205.12820512820514,0.0,22,22,0,0,22,19,10766,0,0,0,0,3
2020-06-10,US,Texas,Freestone,13,0,0,31.70422788,-96.15072516,48161.0,65.93295126033372,0.0,13,12,0,0,12,11,19808,1,0,0,1,1
2020-06-10,US,Texas,Frio,54,0,0,28.86751206,-99.10804207,48163.0,265.93125184674483,0.0,54,50,0,0,50,46,19816,4,0,0,4,4
2020-06-10,US,Texas,Gaines,9,0,0,32.74055318,-102.6353295,48165.0,41.876046901172536,0.0,9,9,0,0,9,8,20901,0,0,0,0,1
2020-06-10,US,Texas,Galveston,1051,38,0,29.40167322,-94.90469073,48167.0,307.1850914394442,3.615604186489058,1013,1026,38,0,988,994,337890,25,0,0,25,32
2020-06-10,US,Texas,Garza,7,0,0,33.17969345,-101.2984114,48169.0,112.37758869802536,0.0,7,6,0,0,6,6,6578,1,0,0,1,0
2020-06-10,US,Texas,Gillespie,5,0,0,30.31824095,-98.94676915,48171.0,18.526752630798875,0.0,5,5,0,0,5,5,26804,0,0,0,0,0
2020-06-10,US,Texas,Glasscock,1,0,0,31.86942909,-101.5207776,48173.0,70.97232079489001,0.0,1,1,0,0,1,1,1388,0,0,0,0,0
2020-06-10,US,Texas,Goliad,7,0,0,28.65696592,-97.42760647,48175.0,91.40767824497256,0.0,7,7,0,0,7,7,7584,0,0,0,0,0
2020-06-10,US,Texas,Gonzales,155,3,0,29.45634206,-97.49424032,48177.0,743.8690790420886,1.935483870967742,152,153,3,0,150,151,20826,2,0,0,2,2
2020-06-10,US,Texas,Gray,106,3,0,35.40081878,-100.8129222,48179.0,484.3278808370648,2.830188679245283,103,105,3,0,102,104,21895,1,0,0,1,1
2020-06-10,US,Texas,Grayson,389,4,0,33.62744998,-96.67753461,48181.0,285.58423633747395,1.0282776349614395,385,384,3,0,381,377,133991,5,1,0,4,7
2020-06-10,US,Texas,Gregg,273,11,0,32.47940482,-94.81591935,48183.0,220.25898584049375,4.029304029304028,262,272,11,0,261,257,123707,1,0,0,1,15
2020-06-10,US,Texas,Grimes,252,1,0,30.54579585,-95.98902499,48185.0,872.5761772853184,0.3968253968253968,251,245,1,0,244,241,28360,7,0,0,7,4
2020-06-10,US,Texas,Guadalupe,151,0,0,29.58165339,-97.94786822,48187.0,90.5020767529533,0.0,151,147,0,0,147,147,163694,4,0,0,4,0
2020-06-10,US,Texas,Hale,67,5,0,34.07044901,-101.8268114,48189.0,200.56277315452317,7.462686567164179,62,61,4,0,57,61,33830,6,1,0,5,0
2020-06-10,US,Texas,Hall,2,1,0,34.5307555,-100.6813852,48191.0,67.47638326585695,50.0,1,2,1,0,1,2,3028,0,0,0,0,0
2020-06-10,US,Texas,Hamilton,10,1,0,31.70470573,-98.11083887,48193.0,118.18933932159321,10.0,9,10,1,0,9,9,8484,0,0,0,0,1
2020-06-10,US,Texas,Hansford,21,2,0,36.27743284,-101.3545796,48195.0,388.960918688646,9.523809523809524,19,20,2,0,18,20,5463,1,0,0,1,0
2020-06-10,US,Texas,Hardeman,4,0,0,34.28944521,-99.74632408,48197.0,101.70353419781335,0.0,4,4,0,0,4,3,3922,0,0,0,0,1
2020-06-10,US,Texas,Hardin,144,5,0,30.33364686,-94.38931817,48199.0,249.99131974584216,3.4722222222222223,139,142,5,0,137,142,57207,2,0,0,2,0
2020-06-10,US,Texas,Harris,15552,267,0,29.86,-95.39,48201.0,329.958150562501,1.7168209876543212,15285,15238,262,0,14976,14918,4698619,314,5,0,309,320
2020-06-10,US,Texas,Harrison,259,28,0,32.54935988,-94.36934071,48203.0,389.1635238080928,10.810810810810812,231,258,28,0,230,256,66726,1,0,0,1,2
2020-06-10,US,Texas,Hartley,12,2,0,35.84008013,-102.6029022,48205.0,215.20803443328552,16.666666666666668,10,12,2,0,10,12,5619,0,0,0,0,0
2020-06-10,US,Texas,Haskell,3,0,0,33.17823584,-99.73037358,48207.0,53.022269353128316,0.0,3,3,0,0,3,3,5813,0,0,0,0,0
2020-06-10,US,Texas,Hays,465,5,0,30.05669873,-98.02944344,48209.0,202.00616010182847,1.075268817204301,460,441,5,0,436,385,222631,24,0,0,24,56
2020-06-10,US,Texas,Hemphill,1,0,0,35.83764858,-100.2703577,48211.0,26.18486514794449,0.0,1,1,0,0,1,1,3825,0,0,0,0,0
2020-06-10,US,Texas,Henderson,71,3,0,32.21128872,-95.85846587,48213.0,85.81408559652877,4.225352112676056,68,71,3,0,68,68,82299,0,0,0,0,3
2020-06-10,US,Texas,Hidalgo,804,12,0,26.39418217,-98.18299696,48215.0,92.5513435485152,1.492537313432836,792,759,12,0,747,733,865939,45,0,0,45,26
2020-06-10,US,Texas,Hill,30,1,0,31.99045053,-97.13423143,48217.0,81.85762230893067,3.333333333333333,29,30,1,0,29,29,36354,0,0,0,0,1
2020-06-10,US,Texas,Hockley,27,1,0,33.60771256,-102.3431676,48219.0,117.28421875678728,3.703703703703704,26,27,1,0,26,27,22980,0,0,0,0,0
2020-06-10,US,Texas,Hood,31,4,0,32.42990927,-97.83242024,48221.0,50.289570591956924,12.903225806451614,27,31,4,0,27,31,60537,0,0,0,0,0
2020-06-10,US,Texas,Hopkins,39,0,0,33.14875072,-95.56351139,48223.0,105.16664868946177,0.0,39,39,0,0,39,30,36810,0,0,0,0,9
2020-06-10,US,Texas,Houston,153,0,0,31.31925973,-95.42226208,48225.0,666.1442006269592,0.0,153,152,0,0,152,151,23169,1,0,0,1,1
2020-06-10,US,Texas,Howard,17,1,0,32.30621324,-101.4356444,48227.0,46.3670085097098,5.882352941176472,16,15,1,0,14,9,36459,2,0,0,2,6
2020-06-10,US,Texas,Hudspeth,11,0,0,31.45628381,-105.388178,48229.0,225.13303315595581,0.0,11,4,0,0,4,4,4795,7,0,0,7,0
2020-06-10,US,Texas,Hunt,132,5,0,33.12351514,-96.08551032,48231.0,133.8823863521107,3.787878787878788,127,121,5,0,116,121,96493,11,0,0,11,0
2020-06-10,US,Texas,Hutchinson,44,0,0,35.84006574,-101.3546643,48233.0,210.14423536154356,0.0,44,44,0,0,44,44,21198,0,0,0,0,0
2020-06-10,US,Texas,Irion,1,0,0,31.30375559,-100.982439,48235.0,65.10416666666667,0.0,1,1,0,0,1,1,1522,0,0,0,0,0
2020-06-10,US,Texas,Jack,4,0,0,33.23377248,-98.17283469,48237.0,44.76776720761052,0.0,4,4,0,0,4,4,8843,0,0,0,0,0
2020-06-10,US,Texas,Jackson,19,1,0,28.95472367,-96.57749563,48239.0,128.72628726287263,5.2631578947368425,18,19,1,0,18,19,14874,0,0,0,0,0
2020-06-10,US,Texas,Jasper,32,1,0,30.74685667,-94.02667579,48241.0,90.06726899152805,3.125,31,31,1,0,30,30,35872,1,0,0,1,1
2020-06-10,US,Texas,Jefferson,1184,31,0,29.8832777,-94.16434171,48245.0,470.6537077892394,2.6182432432432434,1153,647,30,0,617,627,255001,537,1,0,536,20
2020-06-10,US,Texas,Jim Hogg,4,0,0,27.04453923,-98.6968187,48247.0,76.92307692307692,0.0,4,4,0,0,4,4,5248,0,0,0,0,0
2020-06-10,US,Texas,Jim Wells,15,0,0,27.73103938,-98.0904705,48249.0,37.05350526159775,0.0,15,13,0,0,13,13,40822,2,0,0,2,0
2020-06-10,US,Texas,Johnson,214,4,0,32.37877812,-97.36615819,48251.0,121.7174675941462,1.8691588785046729,210,209,4,0,205,202,171361,5,0,0,5,7
2020-06-10,US,Texas,Jones,636,0,0,32.73997145,-99.87861576,48253.0,3166.857541204004,0.0,636,637,0,0,637,637,19817,-1,0,0,-1,0
2020-06-10,US,Texas,Karnes,4,0,0,28.90705334,-97.85960149,48255.0,25.63938209089161,0.0,4,4,0,0,4,4,15650,0,0,0,0,0
2020-06-10,US,Texas,Kaufman,308,2,0,32.599141700000004,-96.28734728,48257.0,226.2144336560072,0.6493506493506493,306,275,2,0,273,269,128622,33,0,0,33,6
2020-06-10,US,Texas,Kendall,35,0,0,29.94414155,-98.7113588,48259.0,73.79140224747528,0.0,35,33,0,0,33,33,45641,2,0,0,2,0
2020-06-10,US,Texas,Kerr,20,1,0,30.06040006,-99.34930144,48265.0,38.02281368821293,5.0,19,20,1,0,19,20,52405,0,0,0,0,0
2020-06-10,US,Texas,Kimble,1,0,0,30.48678918,-99.74856473,48267.0,23.057412958266077,0.0,1,1,0,0,1,1,4362,0,0,0,0,0
2020-06-10,US,Texas,Kinney,1,0,0,29.34967888,-100.4186638,48271.0,27.27024815925825,0.0,1,1,0,0,1,1,3767,0,0,0,0,0
2020-06-10,US,Texas,Kleberg,20,1,0,27.42435506,-97.69894948,48273.0,65.18904823989571,5.0,19,20,1,0,19,18,31129,0,0,0,0,2
2020-06-10,US,Texas,Knox,1,0,0,33.60519951,-99.7422906,48275.0,27.29257641921397,0.0,1,1,0,0,1,1,3653,0,0,0,0,0
2020-06-10,US,Texas,La Salle,4,0,0,28.34453111,-99.09908775,48283.0,53.19148936170214,0.0,4,4,0,0,4,4,7531,0,0,0,0,0
2020-06-10,US,Texas,Lamar,158,11,0,33.66981763,-95.57404777,48277.0,316.89364006498323,6.962025316455697,147,156,11,0,145,154,49728,2,0,0,2,2
2020-06-10,US,Texas,Lamb,18,0,0,34.06859623,-102.3516289,48279.0,139.61064143333593,0.0,18,17,0,0,17,17,13158,1,0,0,1,0
2020-06-10,US,Texas,Lampasas,9,0,0,31.19531316,-98.24206613,48281.0,42.001120029867465,0.0,9,9,0,0,9,9,21229,0,0,0,0,0
2020-06-10,US,Texas,Lavaca,20,1,0,29.38508402,-96.93186692,48285.0,99.2358836955443,5.0,19,19,1,0,18,19,20110,1,0,0,1,0
2020-06-10,US,Texas,Lee,29,2,0,30.31120597,-96.97045773,48287.0,168.2232148036429,6.896551724137932,27,26,2,0,24,26,17144,3,0,0,3,0
2020-06-10,US,Texas,Leon,11,0,0,31.29872538,-95.9936328,48289.0,63.203861181337615,0.0,11,11,0,0,11,11,17270,0,0,0,0,0
2020-06-10,US,Texas,Liberty,110,3,0,30.15152688,-94.81205615,48291.0,124.68969269658464,2.727272727272727,107,108,3,0,105,103,86323,2,0,0,2,5
2020-06-10,US,Texas,Limestone,34,1,0,31.5454767,-96.58095444,48293.0,145.0697614882451,2.9411764705882355,33,34,1,0,33,32,23519,0,0,0,0,2
2020-06-10,US,Texas,Lipscomb,7,0,0,36.27783108,-100.2733151,48295.0,216.51716671821842,0.0,7,7,0,0,7,5,3355,0,0,0,0,2
2020-06-10,US,Texas,Live Oak,9,0,0,28.35101362,-98.1246786,48297.0,73.72818874416319,0.0,9,9,0,0,9,9,12166,0,0,0,0,0
2020-06-10,US,Texas,Llano,3,0,0,30.70645047,-98.68475262,48299.0,13.764624913971096,0.0,3,3,0,0,3,3,21646,0,0,0,0,0
2020-06-10,US,Texas,Lubbock,759,50,0,33.61008596,-101.8204789,48303.0,244.3901355254388,6.587615283267457,709,756,50,0,706,747,307412,3,0,0,3,9
2020-06-10,US,Texas,Lynn,10,1,0,33.17657705,-101.8162849,48305.0,168.03898504453034,10.0,9,8,1,0,7,8,5877,2,0,0,2,0
2020-06-10,US,Texas,Madison,17,0,0,30.96694679,-95.93003775,48313.0,119.01428171380566,0.0,17,16,0,0,16,10,14422,1,0,0,1,6
2020-06-10,US,Texas,Marion,18,1,0,32.79868409,-94.3566123,48315.0,182.66693728435155,5.5555555555555545,17,18,1,0,17,17,9928,0,0,0,0,1
2020-06-10,US,Texas,Martin,3,1,0,32.30600051,-101.9513518,48317.0,51.984058222145215,33.333333333333336,2,3,1,0,2,3,5753,0,0,0,0,0
2020-06-10,US,Texas,Mason,32,0,0,30.71780434,-99.22629416,48319.0,748.7131492746843,0.0,32,32,0,0,32,32,4280,0,0,0,0,0
2020-06-10,US,Texas,Matagorda,77,5,0,28.81955746,-96.01230294,48321.0,210.13563299948152,6.493506493506493,72,77,5,0,72,77,36552,0,0,0,0,0
2020-06-10,US,Texas,Maverick,149,2,0,28.7429195,-100.3157686,48323.0,253.73795170464217,1.342281879194631,147,146,2,0,144,133,58485,3,0,0,3,13
2020-06-10,US,Texas,McCulloch,3,0,0,31.1925468,-99.34682807,48307.0,37.5751503006012,0.0,3,3,0,0,3,3,7987,0,0,0,0,0
2020-06-10,US,Texas,McLennan,138,4,0,31.55255453,-97.20217694,48309.0,53.775382565085756,2.898550724637681,134,132,4,0,128,129,254607,6,0,0,6,3
2020-06-10,US,Texas,Medina,216,2,0,29.3557301,-99.11030298,48325.0,418.7344913151365,0.925925925925926,214,216,2,0,214,216,50921,0,0,0,0,0
2020-06-10,US,Texas,Midland,177,13,0,31.86904128,-102.0315682,48329.0,100.09500542888165,7.344632768361581,164,169,13,0,156,155,172578,8,0,0,8,14
2020-06-10,US,Texas,Milam,37,1,0,30.78581830000001,-96.97718698,48331.0,149.05531160617167,2.702702702702702,36,35,1,0,34,35,25131,2,0,0,2,0
2020-06-10,US,Texas,Mills,1,0,0,31.49557106,-98.59272068,48333.0,20.521239482864765,0.0,1,1,0,0,1,1,4921,0,0,0,0,0
2020-06-10,US,Texas,Mitchell,1,0,0,32.30623474,-100.9212058,48335.0,11.702750146284375,0.0,1,1,0,0,1,1,8145,0,0,0,0,0
2020-06-10,US,Texas,Montague,9,1,0,33.67521893,-97.72500958,48337.0,45.41326067211626,11.111111111111109,8,9,1,0,8,9,19596,0,0,0,0,0
2020-06-10,US,Texas,Montgomery,1162,32,0,30.30079133,-95.50572772,48339.0,191.3100457530652,2.753872633390705,1130,1122,31,0,1091,1090,590925,40,1,0,39,32
2020-06-10,US,Texas,Moore,864,14,0,35.83769242,-101.8930281,48341.0,4126.0744985673355,1.6203703703703705,850,864,14,0,850,852,21485,0,0,0,0,12
2020-06-10,US,Texas,Morris,27,0,0,33.11304005,-94.73255695,48343.0,217.95285760413304,0.0,27,27,0,0,27,27,12339,0,0,0,0,0
2020-06-10,US,Texas,Motley,1,0,0,34.07408766,-100.779722,48345.0,83.33333333333333,0.0,1,1,0,0,1,1,1234,0,0,0,0,0
2020-06-10,US,Texas,Nacogdoches,315,21,0,31.62017125,-94.61803994,48347.0,483.099196368321,6.666666666666668,294,305,21,0,284,304,65711,10,0,0,10,1
2020-06-10,US,Texas,Navarro,70,3,0,32.04620681,-96.47428766,48349.0,139.6843134515994,4.285714285714286,67,70,2,0,68,66,49565,0,1,0,-1,4
2020-06-10,US,Texas,Newton,6,0,0,30.78548982,-93.74408813,48351.0,44.13387274733358,0.0,6,6,0,0,6,6,13746,0,0,0,0,0
2020-06-10,US,Texas,Nolan,3,0,0,32.30365282,-100.4060208,48353.0,20.38874541253228,0.0,3,9,0,0,9,9,14751,-6,0,0,-6,0
2020-06-10,US,Texas,Nueces,303,3,0,27.736286,-97.5433285,48355.0,83.63373392879816,0.99009900990099,300,300,3,0,297,289,362265,3,0,0,3,11
2020-06-10,US,Texas,Ochiltree,52,2,0,36.27829105,-100.8158184,48357.0,528.6701911346074,3.8461538461538463,50,52,2,0,50,51,9947,0,0,0,0,1
2020-06-10,US,Texas,Oldham,4,1,0,35.40425596,-102.6027606,48359.0,189.3939393939394,25.0,3,4,1,0,3,4,2131,0,0,0,0,0
2020-06-10,US,Texas,Orange,102,2,0,30.11879481,-93.89412775,48361.0,122.308024365677,1.96078431372549,100,100,2,0,98,100,83572,2,0,0,2,0
2020-06-10,US,Texas,Palo Pinto,13,2,0,32.75310985,-98.31319001,48363.0,44.53732570488883,15.384615384615385,11,13,2,0,11,13,28875,0,0,0,0,0
2020-06-10,US,Texas,Panola,214,23,0,32.163959600000005,-94.30552481,48365.0,922.652410106062,10.747663551401871,191,214,23,0,191,214,23148,0,0,0,0,0
2020-06-10,US,Texas,Parker,105,1,0,32.77757172,-97.80500621,48367.0,73.4892705664973,0.9523809523809524,104,104,1,0,103,92,138371,1,0,0,1,12
2020-06-10,US,Texas,Parmer,98,0,0,34.52993409,-102.7844668,48369.0,1020.3019260801666,0.0,98,98,0,0,98,89,9864,0,0,0,0,9
2020-06-10,US,Texas,Pecos,107,0,0,30.78097267,-102.7241261,48371.0,676.2308032610756,0.0,107,27,0,0,27,105,15673,80,0,0,80,-78
2020-06-10,US,Texas,Polk,62,0,0,30.79472531,-94.8276624,48373.0,120.73296594161975,0.0,62,61,0,0,61,61,50031,1,0,0,1,0
2020-06-10,US,Texas,Potter,2766,32,0,35.40133773,-101.893964,48375.0,2355.746710386237,1.1569052783803326,2734,2763,32,0,2731,2756,119648,3,0,0,3,7
2020-06-10,US,Texas,Presidio,2,0,0,29.99954402,-104.2408079,48377.0,29.832935560859188,0.0,2,2,0,0,2,2,6948,0,0,0,0,0
2020-06-10,US,Texas,Rains,4,0,0,32.87109387,-95.79232691,48379.0,31.9642000958926,0.0,4,4,0,0,4,4,12159,0,0,0,0,0
2020-06-10,US,Texas,Randall,740,6,0,34.96585996,-101.8971322,48381.0,537.3494150879002,0.8108108108108109,734,737,6,0,731,728,136271,3,0,0,3,9
2020-06-10,US,Texas,Reagan,2,0,0,31.36607041,-101.5232659,48383.0,51.96154845414394,0.0,2,2,0,0,2,2,3741,0,0,0,0,0
2020-06-10,US,Texas,Real,1,0,0,29.83321503,-99.82018052,48385.0,28.968713789107767,0.0,1,1,0,0,1,1,3478,0,0,0,0,0
2020-06-10,US,Texas,Red River,83,8,0,33.61886692,-95.04841765,48387.0,690.3435082758048,9.63855421686747,75,81,8,0,73,79,12175,2,0,0,2,2
2020-06-10,US,Texas,Reeves,11,0,0,31.32323325,-103.6903896,48389.0,68.85327991987982,0.0,11,11,0,0,11,8,15695,0,0,0,0,3
2020-06-10,US,Texas,Refugio,5,0,0,28.3238976,-97.15766311,48391.0,71.96315486470927,0.0,5,5,0,0,5,3,7032,0,0,0,0,2
2020-06-10,US,Texas,Roberts,2,0,0,35.83809685,-100.813175,48393.0,234.192037470726,0.0,2,2,0,0,2,2,903,0,0,0,0,0
2020-06-10,US,Texas,Robertson,17,0,0,31.02539637,-96.51272246,48395.0,99.56659247979384,0.0,17,17,0,0,17,16,17284,0,0,0,0,1
2020-06-10,US,Texas,Rockwall,224,15,0,32.89779518,-96.40771592,48397.0,213.50617166277462,6.696428571428571,209,202,15,0,187,202,100657,22,0,0,22,0
2020-06-10,US,Texas,Runnels,2,0,0,31.8314342,-99.97616148,48399.0,19.48558067030397,0.0,2,3,0,0,3,3,10234,-1,0,0,-1,0
2020-06-10,US,Texas,Rusk,65,2,0,32.10773545,-94.76176432,48401.0,119.47211704591405,3.0769230769230766,63,67,2,0,65,64,54450,-2,0,0,-2,3
2020-06-10,US,Texas,Sabine,15,1,0,31.34318809,-93.85440451,48403.0,142.2879908935686,6.666666666666668,14,15,1,0,14,15,10589,0,0,0,0,0
2020-06-10,US,Texas,San Augustine,49,4,0,31.39457611,-94.17000399,48405.0,594.8767755250698,8.16326530612245,45,45,4,0,41,45,8232,4,0,0,4,0
2020-06-10,US,Texas,San Jacinto,19,0,0,30.57933681,-95.16260304,48407.0,65.83734710142417,0.0,19,19,0,0,19,17,28719,0,0,0,0,2
2020-06-10,US,Texas,San Patricio,41,0,0,28.00880118,-97.51763891,48409.0,61.441630451071475,0.0,41,41,0,0,41,39,66893,0,0,0,0,2
2020-06-10,US,Texas,San Saba,1,0,0,31.1577796,-98.81758731,48411.0,16.515276630883566,0.0,1,1,0,0,1,1,6054,0,0,0,0,0
2020-06-10,US,Texas,Scurry,26,0,0,32.74613808,-100.9162664,48415.0,155.66065976171944,0.0,26,26,0,0,26,26,16866,0,0,0,0,0
2020-06-10,US,Texas,Shackelford,1,0,0,32.73587756,-99.35401337,48417.0,30.627871362940283,0.0,1,1,0,0,1,1,3253,0,0,0,0,0
2020-06-10,US,Texas,Shelby,215,8,0,31.79211404,-94.14550696,48419.0,850.6765846324286,3.72093023255814,207,214,8,0,206,213,25418,1,0,0,1,1
2020-06-10,US,Texas,Sherman,28,0,0,36.27751473,-101.8933156,48421.0,926.5387160820649,0.0,28,28,0,0,28,28,3079,0,0,0,0,0
2020-06-10,US,Texas,Smith,238,4,0,32.37474036,-95.2717568,48423.0,102.25519976283668,1.680672268907563,234,235,4,0,231,223,230221,3,0,0,3,12
2020-06-10,US,Texas,Somervell,1,0,0,32.22236802,-97.77403489,48425.0,10.955302366345313,0.0,1,1,0,0,1,,9016,0,0,0,0,
2020-06-10,US,Texas,Starr,68,1,0,26.56150059,-98.73892358,48427.0,105.20941314808223,1.4705882352941178,67,59,1,0,58,59,64525,9,0,0,9,0
2020-06-10,US,Texas,Stephens,4,0,0,32.73553157,-98.83631615,48429.0,42.707666026051676,0.0,4,4,0,0,4,4,9433,0,0,0,0,0
2020-06-10,US,Texas,Swisher,18,1,0,34.53028891,-101.7349174,48437.0,243.34189536298496,5.5555555555555545,17,18,1,0,17,18,7462,0,0,0,0,0
2020-06-10,US,Texas,Tarrant,6599,189,0,32.77143818,-97.29101614,48439.0,313.8622078796108,2.864070313683892,6410,6369,178,0,6191,6150,2084931,230,11,0,219,219
2020-06-10,US,Texas,Taylor,248,5,0,32.30163422,-99.89007449,48441.0,179.66587942101222,2.0161290322580645,243,247,5,0,242,246,137640,1,0,0,1,1
2020-06-10,US,Texas,Terry,13,0,0,33.17402785,-102.3354521,48445.0,105.3740779768177,0.0,13,13,0,0,13,13,12287,0,0,0,0,0
2020-06-10,US,Texas,Throckmorton,1,0,0,33.17751417,-99.21226795,48447.0,66.62225183211193,0.0,1,1,0,0,1,1,1515,0,0,0,0,0
2020-06-10,US,Texas,Titus,637,3,0,33.21339719,-94.96797273,48449.0,1945.0381679389316,0.4709576138147567,634,635,3,0,632,629,33033,2,0,0,2,6
2020-06-10,US,Texas,Tom Green,122,1,0,31.40464436,-100.462443,48451.0,102.3489932885906,0.819672131147541,121,119,1,0,118,111,118189,3,0,0,3,8
2020-06-10,US,Texas,Travis,3976,99,0,30.33432034,-97.7853562,48453.0,312.09918097513724,2.4899396378269616,3877,3815,98,0,3717,3697,1248743,161,1,0,160,118
2020-06-10,US,Texas,Trinity,22,0,0,31.0879489,-95.1367187,48455.0,150.16039860760358,0.0,22,22,0,0,22,20,14740,0,0,0,0,2
2020-06-10,US,Texas,Tyler,16,0,0,30.77031716,-94.37690895,48457.0,73.82798080472499,0.0,16,16,0,0,16,16,21696,0,0,0,0,0
2020-06-10,US,Texas,Upshur,35,0,0,32.73706798,-94.93999853,48459.0,83.82631188178095,0.0,35,35,0,0,35,31,41260,0,0,0,0,4
2020-06-10,US,Texas,Uvalde,21,0,0,29.35739637,-99.76229172,48463.0,78.53109457387531,0.0,21,20,0,0,20,18,26846,1,0,0,1,2
2020-06-10,US,Texas,Val Verde,27,0,0,29.89149232,-101.1525205,48465.0,55.0739418663947,0.0,27,25,0,0,25,25,49208,2,0,0,2,0
2020-06-10,US,Texas,Van Zandt,41,1,0,32.56483801,-95.83766469,48467.0,72.45096306767981,2.4390243902439024,40,40,1,0,39,39,56019,1,0,0,1,1
2020-06-10,US,Texas,Victoria,180,8,0,28.79780988,-96.96813006,48469.0,195.47369792797883,4.4444444444444455,172,174,7,0,167,170,92035,6,1,0,5,4
2020-06-10,US,Texas,Walker,1854,27,0,30.73872995,-95.57440968,48471.0,2540.735360622713,1.4563106796116505,1827,1868,27,0,1841,1851,72480,-14,0,0,-14,17
2020-06-10,US,Texas,Waller,85,0,0,30.01058447,-95.99011759,48473.0,153.8572928356804,0.0,85,77,0,0,77,72,53126,8,0,0,8,5
2020-06-10,US,Texas,Ward,2,0,0,31.50999644,-103.0927909,48475.0,16.669444907484582,0.0,2,2,0,0,2,1,11720,0,0,0,0,1
2020-06-10,US,Texas,Washington,213,25,0,30.21498498,-96.40946246,48477.0,593.6123961875035,11.737089201877936,188,208,25,0,183,207,35108,5,0,0,5,1
2020-06-10,US,Texas,Webb,634,20,0,27.7610369,-99.33237355,48479.0,229.1687752121799,3.154574132492113,614,608,20,0,588,594,275910,26,0,0,26,14
2020-06-10,US,Texas,Wharton,86,1,0,29.27765923,-96.22319248,48481.0,206.9496582924247,1.162790697674419,85,84,1,0,83,76,41619,2,0,0,2,8
2020-06-10,US,Texas,Wheeler,15,0,0,35.40114335,-100.2699514,48483.0,296.67721518987344,0.0,15,15,0,0,15,15,5191,0,0,0,0,0
2020-06-10,US,Texas,Wichita,90,2,0,33.98842886,-98.7041034,48485.0,68.0632231717462,2.2222222222222223,88,90,2,0,88,87,132064,0,0,0,0,3
2020-06-10,US,Texas,Wilbarger,7,0,0,34.07945812,-99.24178437,48487.0,54.82026783616571,0.0,7,7,0,0,7,7,12820,0,0,0,0,0
2020-06-10,US,Texas,Willacy,45,2,0,26.47411727,-97.61535848,48489.0,210.69388519524298,4.4444444444444455,43,42,2,0,40,37,21515,3,0,0,3,5
2020-06-10,US,Texas,Williamson,763,29,0,30.64655664,-97.6004854,48491.0,129.20137295508772,3.800786369593709,734,745,29,0,716,698,566719,18,0,0,18,47
2020-06-10,US,Texas,Wilson,46,5,0,29.1732598,-98.08693082,48493.0,90.0724495790092,10.869565217391305,41,45,5,0,40,45,50224,1,0,0,1,0
2020-06-10,US,Texas,Winkler,3,0,0,31.85008651,-103.0485163,48495.0,37.453183520599254,0.0,3,3,0,0,3,3,7720,0,0,0,0,0
2020-06-10,US,Texas,Wise,55,5,0,33.21570665,-97.65460265,48497.0,78.5893918609968,9.090909090909092,50,53,4,0,49,52,68305,2,1,0,1,1
2020-06-10,US,Texas,Wood,51,4,0,32.78722382,-95.38236368,48499.0,111.99191901447114,7.84313725490196,47,51,4,0,47,49,45129,0,0,0,0,2
2020-06-10,US,Texas,Yoakum,8,0,0,33.17320212,-102.8276433,48501.0,91.81682543326063,0.0,8,5,0,0,5,3,8591,3,0,0,3,2
2020-06-10,US,Texas,Young,11,1,0,33.17659707,-98.68790885,48503.0,61.077179344808435,9.090909090909092,10,6,1,0,5,6,18045,5,0,0,5,0
2020-06-10,US,Texas,Zapata,12,0,0,27.00156391,-99.16987152,48505.0,84.63220255307144,0.0,12,12,0,0,12,12,14190,0,0,0,0,0
2020-06-10,US,Texas,Zavala,12,0,0,28.86617238,-99.76050829,48507.0,101.35135135135135,0.0,12,12,0,0,12,12,11983,0,0,0,0,0
2020-06-10,US,Utah,Bear River,837,2,0,41.52106798,-113.0832816,0.0,448.02963311886435,0.23894862604540024,835,795,2,0,793,767,,42,0,0,42,28
2020-06-10,US,Utah,Central Utah,50,0,0,39.37231946,-111.5758676,0.0,61.0098347853674,0.0,50,48,0,0,48,51,,2,0,0,2,-3
2020-06-10,US,Utah,Davis,593,4,0,40.99001837,-112.1139997,49011.0,166.81622927807675,0.6745362563237775,589,580,3,0,577,564,351713,13,1,0,12,16
2020-06-10,US,Utah,Salt Lake,6591,85,0,40.66616532,-111.9216011,49035.0,567.975685022108,1.2896373843119404,6506,6421,85,0,6336,6296,1152633,170,0,0,170,125
2020-06-10,US,Utah,San Juan,339,5,0,37.62762978,-109.80337140000002,49037.0,2214.528351188921,1.4749262536873156,334,337,5,0,332,333,15449,2,0,0,2,4
2020-06-10,US,Utah,Southeast Utah,28,0,0,38.99617072,-110.7013958,0.0,69.60153123368714,0.0,28,28,0,0,28,26,,0,0,0,0,2
2020-06-10,US,Utah,Southwest Utah,680,4,0,37.85447192,-111.4418764,0.0,269.7963037906381,0.5882352941176471,676,655,4,0,651,637,,25,0,0,25,18
2020-06-10,US,Utah,Summit,443,0,0,40.86688146,-110.9535882,49043.0,1051.132993237632,0.0,443,440,0,0,440,437,41933,3,0,0,3,3
2020-06-10,US,Utah,Tooele,153,0,0,40.44862644,-113.1295715,49045.0,211.738330173404,0.0,153,153,0,0,153,150,69907,0,0,0,0,3
2020-06-10,US,Utah,TriCounty,23,0,0,40.12491499,-109.5174415,0.0,40.620253611670385,0.0,23,22,0,0,22,22,,1,0,0,1,0
2020-06-10,US,Utah,Utah,2376,18,0,40.1166722,-111.6657662,49049.0,373.44691819846435,0.7575757575757576,2358,2337,18,0,2319,2310,622213,39,0,0,39,27
2020-06-10,US,Utah,Wasatch,337,2,0,40.33110236,-111.1691419,49051.0,988.530697251474,0.5934718100890207,335,335,2,0,333,332,33240,2,0,0,2,3
2020-06-10,US,Utah,Weber-Morgan,414,8,0,41.27116049,-111.9145117,0.0,152.01753709558378,1.932367149758454,406,408,8,0,400,397,,6,0,0,6,11
2020-06-10,US,Vermont,Addison,66,2,0,44.03217337,-73.14130877,50001.0,179.4599885798189,3.0303030303030303,64,66,2,0,64,65,36973,0,0,0,0,1
2020-06-10,US,Vermont,Bennington,67,1,0,43.03519828,-73.09048868,50003.0,188.89202142655762,1.492537313432836,66,66,1,0,65,66,35631,1,0,0,1,0
2020-06-10,US,Vermont,Caledonia,16,0,0,44.46548598,-72.10314651,50005.0,53.34578068215917,0.0,16,16,0,0,16,16,30302,0,0,0,0,0
2020-06-10,US,Vermont,Chittenden,544,39,0,44.46322849,-73.08359212,50007.0,332.16505672451063,7.169117647058822,505,535,39,0,496,528,164572,9,0,0,9,7
2020-06-10,US,Vermont,Essex,3,0,0,44.72736416,-71.73579864,50009.0,48.67759208177836,0.0,3,3,0,0,3,3,6250,0,0,0,0,0
2020-06-10,US,Vermont,Franklin,101,5,0,44.85627605,-72.91249563,50011.0,204.4451641633942,4.950495049504951,96,100,5,0,95,100,49421,1,0,0,1,0
2020-06-10,US,Vermont,Grand Isle,7,0,0,44.7975824,-73.29679772,50013.0,96.7519004837595,0.0,7,7,0,0,7,7,7090,0,0,0,0,0
2020-06-10,US,Vermont,Lamoille,29,1,0,44.60353043,-72.64356694,50015.0,114.34429461398943,3.4482758620689653,28,29,1,0,28,29,25300,0,0,0,0,0
2020-06-10,US,Vermont,Orange,9,0,0,44.00470222,-72.37640104,50017.0,31.150491485532328,0.0,9,9,0,0,9,9,28999,0,0,0,0,0
2020-06-10,US,Vermont,Orleans,13,0,0,44.82964024,-72.24562697,50019.0,48.08225764692829,0.0,13,13,0,0,13,13,26907,0,0,0,0,0
2020-06-10,US,Vermont,Rutland,57,1,0,43.57723578,-73.03741676,50021.0,97.95329174614629,1.7543859649122806,56,57,1,0,56,57,58672,0,0,0,0,0
2020-06-10,US,Vermont,Unassigned,5,0,0,0.0,0.0,90050.0,0.0,0.0,5,5,0,0,5,5,,0,0,0,0,0
2020-06-10,US,Vermont,Washington,39,1,0,44.27343241,-72.61604978,50023.0,66.77053193857111,2.5641025641025643,38,39,1,0,38,39,58140,0,0,0,0,0
2020-06-10,US,Vermont,Windham,83,3,0,42.986982,-72.71268875,50025.0,196.57998199990527,3.614457831325301,80,83,3,0,80,83,42756,0,0,0,0,0
2020-06-10,US,Vermont,Windsor,56,2,0,43.58010937,-72.58595157,50027.0,101.70353419781335,3.571428571428572,54,56,2,0,54,55,55286,0,0,0,0,1
2020-06-10,US,Virginia,Accomack,984,13,0,37.76707161,-75.63234615,51001.0,3044.931303379131,1.3211382113821135,971,983,13,0,970,983,32412,1,0,0,1,0
2020-06-10,US,Virginia,Albemarle,260,8,0,38.02080697,-78.55481085,51003.0,237.81212841854932,3.0769230769230766,252,258,8,0,250,255,108718,2,0,0,2,3
2020-06-10,US,Virginia,Alexandria,2125,47,0,38.814003,-77.08183073,51510.0,1332.8900820433048,2.211764705882353,2078,2115,47,0,2068,2102,160530,10,0,0,10,13
2020-06-10,US,Virginia,Alleghany,26,2,0,37.78636074,-80.00222498,51005.0,174.96635262449533,7.6923076923076925,24,26,2,0,24,26,14910,0,0,0,0,0
2020-06-10,US,Virginia,Amelia,34,1,0,37.34081025,-77.98584649,51007.0,258.65348041080256,2.9411764705882355,33,33,1,0,32,32,13013,1,0,0,1,1
2020-06-10,US,Virginia,Amherst,27,0,0,37.60308293,-79.14548696,51009.0,85.42952064546748,0.0,27,27,0,0,27,27,31666,0,0,0,0,0
2020-06-10,US,Virginia,Appomattox,33,0,0,37.37569884,-78.81340003,51011.0,207.40368298661303,0.0,33,33,0,0,33,33,15841,0,0,0,0,0
2020-06-10,US,Virginia,Arlington,2280,121,0,38.8767675,-77.10139853,51013.0,962.6670945187088,5.307017543859649,2159,2265,122,0,2143,2256,237521,15,-1,0,16,9
2020-06-10,US,Virginia,Augusta,139,2,0,38.16404586,-79.12461614,51015.0,183.96463643823287,1.4388489208633093,137,137,2,0,135,136,75457,2,0,0,2,1
2020-06-10,US,Virginia,Bedford,83,2,0,37.3080028,-79.5281964,51019.0,105.06728103598871,2.409638554216868,81,81,2,0,79,79,78747,2,0,0,2,2
2020-06-10,US,Virginia,Botetourt,40,4,0,37.55531756,-79.80982182,51023.0,119.69239055627037,10.0,36,40,4,0,36,40,33277,0,0,0,0,0
2020-06-10,US,Virginia,Bristol,4,0,0,36.6163024,-82.16359122,51520.0,23.863500775563768,0.0,4,4,0,0,4,4,16482,0,0,0,0,0
2020-06-10,US,Virginia,Brunswick,43,1,0,36.76366949,-77.8593436,51025.0,264.92514324440884,2.3255813953488373,42,41,1,0,40,41,16384,2,0,0,2,0
2020-06-10,US,Virginia,Buchanan,18,0,0,37.26818323,-82.03749726,51027.0,85.69796229289659,0.0,18,18,0,0,18,18,21221,0,0,0,0,0
2020-06-10,US,Virginia,Buckingham,497,3,0,37.57242268,-78.52518834,51029.0,2898.297177513413,0.6036217303822937,494,484,3,0,481,481,16999,13,0,0,13,3
2020-06-10,US,Virginia,Buena Vista,13,0,0,37.73484642,-79.35296097,51530.0,200.6792219820932,0.0,13,13,0,0,13,13,6237,0,0,0,0,0
2020-06-10,US,Virginia,Campbell,22,1,0,37.20553386,-79.09678609,51031.0,40.083811606085455,4.545454545454546,21,20,1,0,19,20,54973,2,0,0,2,0
2020-06-10,US,Virginia,Caroline,99,3,0,38.02679129,-77.34901405,51033.0,322.21318144833197,3.0303030303030303,96,97,3,0,94,93,30772,2,0,0,2,4
2020-06-10,US,Virginia,Carroll,153,5,0,36.73066666,-80.73455942,51035.0,513.577926219328,3.2679738562091503,148,149,5,0,144,141,29636,4,0,0,4,8
2020-06-10,US,Virginia,Charles City,28,2,0,37.35358063,-77.05634116,51036.0,402.12552060893296,7.142857142857142,26,28,2,0,26,28,6941,0,0,0,0,0
2020-06-10,US,Virginia,Charlotte,29,0,0,37.01909701,-78.66314092,51037.0,244.1077441077441,0.0,29,29,0,0,29,28,11938,0,0,0,0,1
2020-06-10,US,Virginia,Charlottesville,142,3,0,38.03527919,-78.48569588,51540.0,300.4273685101342,2.112676056338028,139,141,3,0,138,139,48117,1,0,0,1,2
2020-06-10,US,Virginia,Chesapeake,617,15,0,36.67670048,-76.30545744,51550.0,252.00645332570915,2.4311183144246358,602,605,15,0,590,596,242634,12,0,0,12,9
2020-06-10,US,Virginia,Chesterfield,1995,38,0,37.37373208,-77.58680140000001,51041.0,565.4729848470248,1.9047619047619049,1957,1942,37,0,1905,1866,348556,53,1,0,52,76
2020-06-10,US,Virginia,Clarke,35,0,0,39.11271747,-77.99199425,51043.0,239.41446063342227,0.0,35,35,0,0,35,35,14523,0,0,0,0,0
2020-06-10,US,Virginia,Colonial Heights,106,17,0,37.26420587,-77.39609676,51570.0,610.2475532527346,16.037735849056602,89,104,17,0,87,101,17833,2,0,0,2,3
2020-06-10,US,Virginia,Covington,4,0,0,37.7824656,-79.98631446,51580.0,72.22824124232575,0.0,4,4,0,0,4,4,5460,0,0,0,0,0
2020-06-10,US,Virginia,Craig,6,0,0,37.48133648,-80.21072274,51045.0,116.93626973299551,0.0,6,6,0,0,6,6,5064,0,0,0,0,0
2020-06-10,US,Virginia,Culpeper,773,9,0,38.48199985,-77.95630870000002,51047.0,1469.4420682444636,1.1642949547218628,764,772,8,0,764,767,51859,1,1,0,0,5
2020-06-10,US,Virginia,Cumberland,45,0,0,37.51328851,-78.24398086,51049.0,453.08095046314935,0.0,45,45,0,0,45,45,9809,0,0,0,0,0
2020-06-10,US,Virginia,Danville,61,2,0,36.58022376,-79.40395668,51590.0,152.33243432224555,3.278688524590164,59,60,2,0,58,60,40693,1,0,0,1,0
2020-06-10,US,Virginia,Dinwiddie,101,0,0,37.07544585,-77.63451754,51053.0,353.8396860986547,0.0,101,99,0,0,99,98,28529,2,0,0,2,1
2020-06-10,US,Virginia,Emporia,93,6,0,36.69455571,-77.53406129,51595.0,1739.618406285073,6.451612903225807,87,91,6,0,85,89,5121,2,0,0,2,2
2020-06-10,US,Virginia,Essex,53,0,0,37.93357639,-76.94230311,51057.0,483.88569341732864,0.0,53,53,0,0,53,53,10919,0,0,0,0,0
2020-06-10,US,Virginia,Fairfax,12746,422,0,38.83677558,-77.27565836,51059.0,1110.7315525841543,3.3108426172916983,12324,12695,416,0,12279,12603,1150795,51,6,0,45,92
2020-06-10,US,Virginia,Fairfax,12746,422,0,38.83677558,-77.27565836,51059.0,1110.7315525841543,3.3108426172916983,12324,12695,416,0,12279,12603,24574,51,6,0,45,92
2020-06-10,US,Virginia,Fairfax City,69,6,0,38.85157547,-77.29779640000002,51600.0,287.27257587743037,8.695652173913043,63,69,5,0,64,69,24574,0,1,0,-1,0
2020-06-10,US,Virginia,Falls Church,56,8,0,38.88485255,-77.17560759,51610.0,383.1155503865362,14.285714285714285,48,56,8,0,48,56,14772,0,0,0,0,0
2020-06-10,US,Virginia,Fauquier,370,6,0,38.73564842,-77.80647472,51061.0,519.5024009435286,1.6216216216216215,364,365,6,0,359,363,70675,5,0,0,5,2
2020-06-10,US,Virginia,Floyd,8,1,0,36.9302126,-80.36738849,51063.0,50.796875992126495,12.5,7,8,1,0,7,8,15795,0,0,0,0,0
2020-06-10,US,Virginia,Fluvanna,98,6,0,37.84157909,-78.27715475,51065.0,359.3692702603594,6.1224489795918355,92,95,6,0,89,95,26783,3,0,0,3,0
2020-06-10,US,Virginia,Franklin,41,1,0,36.99536167,-79.88023649,51067.0,73.15941615217159,2.4390243902439024,40,41,1,0,40,40,56195,0,0,0,0,1
2020-06-10,US,Virginia,Franklin,41,1,0,36.99536167,-79.88023649,51067.0,73.15941615217159,2.4390243902439024,40,41,1,0,40,40,8013,0,0,0,0,1
2020-06-10,US,Virginia,Franklin City,42,2,0,36.6831435,-76.93859681,51620.0,527.1745952052215,4.761904761904762,40,42,2,0,40,42,8013,0,0,0,0,0
2020-06-10,US,Virginia,Frederick,415,4,0,39.20172582,-78.25974949,51069.0,464.65800051504266,0.9638554216867471,411,413,4,0,409,409,88355,2,0,0,2,4
2020-06-10,US,Virginia,Fredericksburg,194,0,0,38.2977863,-77.4922454,51630.0,668.1361069017771,0.0,194,193,0,0,193,196,29144,1,0,0,1,-3
2020-06-10,US,Virginia,Galax,154,6,0,36.66601852,-80.91703124,51640.0,2426.3431542461003,3.8961038961038965,148,148,1,0,147,147,6423,6,5,0,1,1
2020-06-10,US,Virginia,Giles,5,0,0,37.31234791,-80.70636931,51071.0,29.90430622009569,0.0,5,5,0,0,5,5,16844,0,0,0,0,0
2020-06-10,US,Virginia,Gloucester,33,1,0,37.40809042,-76.53524337,51073.0,88.3581450144586,3.0303030303030303,32,33,1,0,32,33,37349,0,0,0,0,0
2020-06-10,US,Virginia,Goochland,106,6,0,37.71714806,-77.90381514,51075.0,446.2594198627542,5.660377358490566,100,108,6,0,102,107,23244,-2,0,0,-2,1
2020-06-10,US,Virginia,Grayson,60,2,0,36.65677234,-81.23215889,51077.0,385.85209003215436,3.333333333333333,58,55,1,0,54,54,15631,5,1,0,4,1
2020-06-10,US,Virginia,Greene,44,1,0,38.29545894,-78.46525378,51079.0,222.00918310711944,2.272727272727273,43,44,1,0,43,44,19779,0,0,0,0,0
2020-06-10,US,Virginia,Greensville,300,7,0,36.67878901,-77.56351439,51081.0,2646.436132674665,2.333333333333333,293,277,7,0,270,255,11627,23,0,0,23,22
2020-06-10,US,Virginia,Halifax,32,1,0,36.76654925,-78.93512622,51083.0,94.3646604346672,3.125,31,32,1,0,31,32,34120,0,0,0,0,0
2020-06-10,US,Virginia,Hampton,231,5,0,37.03513786,-76.35879121,51650.0,171.73444353579657,2.1645021645021645,226,228,4,0,224,227,134313,3,1,0,2,1
2020-06-10,US,Virginia,Hanover,354,25,0,37.7583355,-77.49464673,51085.0,328.489505038695,7.062146892655367,329,351,24,0,327,347,107239,3,1,0,2,4
2020-06-10,US,Virginia,Harrisonburg,842,23,0,38.43542574,-78.87536254,51660.0,1588.199788743021,2.7315914489311166,819,837,23,0,814,833,54033,5,0,0,5,4
2020-06-10,US,Virginia,Henrico,2162,135,0,37.53460572,-77.39326555,51087.0,653.5315490692767,6.244218316373727,2027,2146,134,0,2012,2128,329261,16,1,0,15,18
2020-06-10,US,Virginia,Henry,182,3,0,36.68542395,-79.87634026,51089.0,359.98971457958345,1.6483516483516485,179,174,3,0,171,169,50953,8,0,0,8,5
2020-06-10,US,Virginia,Highland,2,0,0,38.35799465,-79.56124594,51091.0,91.324200913242,0.0,2,3,0,0,3,3,2210,-1,0,0,-1,0
2020-06-10,US,Virginia,Hopewell,120,2,0,37.29186313,-77.29754684,51670.0,532.6468107772205,1.6666666666666667,118,118,2,0,116,118,22596,2,0,0,2,0
2020-06-10,US,Virginia,Isle of Wight,150,8,0,36.90579348,-76.70842863,51093.0,404.214611010806,5.333333333333333,142,149,8,0,141,145,36953,1,0,0,1,4
2020-06-10,US,Virginia,James City,224,15,0,37.31156958,-76.76950618,51095.0,292.7224494596396,6.696428571428571,209,224,15,0,209,217,76397,0,0,0,0,7
2020-06-10,US,Virginia,King George,83,4,0,38.26818502,-77.15852768,51099.0,309.28603368609333,4.819277108433735,79,79,4,0,75,78,26575,4,0,0,4,1
2020-06-10,US,Virginia,King William,32,0,0,37.70965316,-77.09384941,51101.0,186.61068346162816,0.0,32,32,0,0,32,32,16939,0,0,0,0,0
2020-06-10,US,Virginia,King and Queen,24,1,0,37.71044922,-76.88689628,51097.0,341.6370106761566,4.166666666666667,23,23,1,0,22,24,7042,1,0,0,1,-1
2020-06-10,US,Virginia,Lancaster,10,0,0,37.71889653,-76.46400482,51103.0,94.3129303027445,0.0,10,10,0,0,10,10,10783,0,0,0,0,0
2020-06-10,US,Virginia,Lee,9,0,0,36.70586667,-83.12606515,51105.0,38.42377150663877,0.0,9,9,0,0,9,10,23541,0,0,0,0,-1
2020-06-10,US,Virginia,Lexington,8,0,0,37.78258621,-79.44262866,51678.0,107.44023636851999,0.0,8,8,0,0,8,8,7136,0,0,0,0,0
2020-06-10,US,Virginia,Loudoun,3180,67,0,39.08990083,-77.63481877,51107.0,768.974072515706,2.106918238993711,3113,3174,67,0,3107,3147,406850,6,0,0,6,27
2020-06-10,US,Virginia,Louisa,94,1,0,37.97850256,-77.96274807,51109.0,250.05985475246732,1.0638297872340423,93,94,1,0,93,94,36778,0,0,0,0,0
2020-06-10,US,Virginia,Lunenburg,18,0,0,36.94618528,-78.24133319,51111.0,147.58937356510333,0.0,18,18,0,0,18,17,12086,0,0,0,0,1
2020-06-10,US,Virginia,Lynchburg,89,1,0,37.40021399,-79.19888138,51680.0,108.3146723785415,1.1235955056179776,88,89,1,0,88,88,82126,0,0,0,0,1
2020-06-10,US,Virginia,Madison,41,1,0,38.41531222,-78.28220331,51113.0,309.17728678078583,2.4390243902439024,40,41,1,0,40,41,13295,0,0,0,0,0
2020-06-10,US,Virginia,Manassas,1262,12,0,38.7464321,-77.48509905,51683.0,3071.680662042108,0.9508716323296356,1250,1254,11,0,1243,1248,41641,8,1,0,7,6
2020-06-10,US,Virginia,Manassas Park,360,6,0,38.77058531,-77.44399307,51685.0,2059.732234809475,1.6666666666666667,354,359,6,0,353,359,17307,1,0,0,1,0
2020-06-10,US,Virginia,Martinsville,52,1,0,36.68212094,-79.86352771,51690.0,414.2106101640911,1.9230769230769231,51,50,1,0,49,50,12902,2,0,0,2,0
2020-06-10,US,Virginia,Mathews,5,0,0,37.44164146,-76.34098896,51115.0,56.599501924383055,0.0,5,5,0,0,5,5,8802,0,0,0,0,0
2020-06-10,US,Virginia,Mecklenburg,224,24,0,36.67882005,-78.36131056,51117.0,732.3372674665708,10.714285714285714,200,224,24,0,200,224,30650,0,0,0,0,0
2020-06-10,US,Virginia,Middlesex,14,0,0,37.63191998,-76.55064617,51119.0,132.3001323001323,0.0,14,14,0,0,14,14,10769,0,0,0,0,0
2020-06-10,US,Virginia,Montgomery,96,1,0,37.17746986,-80.37868691,51121.0,97.42731009286041,1.0416666666666667,95,95,1,0,94,94,98985,1,0,0,1,1
2020-06-10,US,Virginia,Nelson,17,0,0,37.78790447,-78.88498513,51125.0,113.86470194239786,0.0,17,17,0,0,17,17,14836,0,0,0,0,0
2020-06-10,US,Virginia,New Kent,45,1,0,37.50694406,-76.99828634,51127.0,194.8811225152657,2.2222222222222223,44,45,1,0,44,44,22391,0,0,0,0,1
2020-06-10,US,Virginia,Newport News,328,10,0,37.08166899,-76.51754109,51700.0,183.0101827312038,3.0487804878048776,318,323,10,0,313,322,178626,5,0,0,5,1
2020-06-10,US,Virginia,Norfolk,605,7,0,36.89934014,-76.26420872,51710.0,249.23581415659424,1.1570247933884297,598,596,7,0,589,589,244076,9,0,0,9,7
2020-06-10,US,Virginia,Northampton,257,27,0,37.34062933,-75.87751591,51131.0,2194.7053800170793,10.505836575875486,230,256,27,0,229,255,11735,1,0,0,1,1
2020-06-10,US,Virginia,Northumberland,25,1,0,37.89202088,-76.41949732,51133.0,206.69698222405952,4.0,24,25,1,0,24,25,12147,0,0,0,0,0
2020-06-10,US,Virginia,Norton,2,0,0,36.93357076,-82.62750411,51720.0,50.23863350916855,0.0,2,2,0,0,2,2,3968,0,0,0,0,0
2020-06-10,US,Virginia,Nottoway,51,0,0,37.1435975,-78.05065922,51135.0,334.82142857142856,0.0,51,50,0,0,50,50,15420,1,0,0,1,0
2020-06-10,US,Virginia,Orange,119,2,0,38.24530219,-78.01560400000002,51137.0,321.17891554883806,1.680672268907563,117,118,2,0,116,117,36644,1,0,0,1,1
2020-06-10,US,Virginia,Page,247,24,0,38.61807452,-78.48797204,51139.0,1033.3863275039746,9.7165991902834,223,246,24,0,222,245,23933,1,0,0,1,1
2020-06-10,US,Virginia,Patrick,28,0,0,36.6801638,-80.2865648,51141.0,159.01862789641072,0.0,28,28,0,0,28,28,17673,0,0,0,0,0
2020-06-10,US,Virginia,Petersburg,174,3,0,37.20530399,-77.39368102,51730.0,555.0947489312831,1.7241379310344829,171,170,3,0,167,167,31567,4,0,0,4,3
2020-06-10,US,Virginia,Pittsylvania,54,1,0,36.81980341,-79.39731264,51143.0,89.4721145243066,1.851851851851852,53,50,1,0,49,50,60949,4,0,0,4,0
2020-06-10,US,Virginia,Poquoson,9,0,0,37.14259351,-76.35798148,51735.0,73.34365577377555,0.0,9,9,0,0,9,9,12190,0,0,0,0,0
2020-06-10,US,Virginia,Portsmouth,354,11,0,36.85914825,-76.35971629,51740.0,375.0079450835823,3.1073446327683616,343,351,11,0,340,343,94632,3,0,0,3,8
2020-06-10,US,Virginia,Powhatan,48,0,0,37.55016038,-77.91267882,51145.0,161.87778227438284,0.0,48,47,0,0,47,47,29189,1,0,0,1,0
2020-06-10,US,Virginia,Prince Edward,153,3,0,37.22554789,-78.43597949,51147.0,670.9937724760987,1.96078431372549,150,151,2,0,149,151,22950,2,1,0,1,0
2020-06-10,US,Virginia,Prince George,153,0,0,37.18497668,-77.22922187,51149.0,398.92576851875987,0.0,153,153,0,0,153,150,38082,0,0,0,0,3
2020-06-10,US,Virginia,Prince William,6376,118,0,38.70916224,-77.48713689,51153.0,1355.6294981236779,1.85069008782936,6258,6336,119,0,6217,6278,468011,40,-1,0,41,58
2020-06-10,US,Virginia,Pulaski,30,1,0,37.06474963,-80.71229738,51155.0,88.16528051253418,3.333333333333333,29,28,1,0,27,28,34066,2,0,0,2,0
2020-06-10,US,Virginia,Radford,7,0,0,37.12222899,-80.56027320000003,51750.0,38.35826620636748,0.0,7,7,0,0,7,7,18339,0,0,0,0,0
2020-06-10,US,Virginia,Rappahannock,16,0,0,38.68295619,-78.15826963,51157.0,217.09633649932158,0.0,16,16,0,0,16,15,7252,0,0,0,0,1
2020-06-10,US,Virginia,Richmond,290,5,0,37.937575,-76.72920628,51159.0,3214.0086445749757,1.7241379310344829,285,289,5,0,284,293,9038,1,0,0,1,-4
2020-06-10,US,Virginia,Richmond City,1686,26,0,37.53255773,-77.47966921,51760.0,731.6565120033329,1.5421115065243178,1660,1667,27,0,1640,1651,228783,19,-1,0,20,16
2020-06-10,US,Virginia,Roanoke,125,5,0,37.26865804,-80.06396753,51161.0,132.71611492153824,4.0,120,126,6,0,120,122,94073,-1,-1,0,0,4
2020-06-10,US,Virginia,Roanoke City,207,10,0,37.27791025,-79.96189766,51770.0,208.7893245110598,4.8309178743961345,197,204,10,0,194,199,99920,3,0,0,3,5
2020-06-10,US,Virginia,Rockbridge,19,0,0,37.81204314,-79.44605905,51163.0,84.17135515881806,0.0,19,19,0,0,19,20,22752,0,0,0,0,-1
2020-06-10,US,Virginia,Rockingham,602,6,0,38.51006137,-78.87260325,51165.0,734.6121930980623,0.9966777408637874,596,596,6,0,590,589,81244,6,0,0,6,7
2020-06-10,US,Virginia,Russell,8,0,0,36.93028320000001,-82.10095486,51167.0,30.091025351688856,0.0,8,8,0,0,8,8,26748,0,0,0,0,0
2020-06-10,US,Virginia,Salem,42,3,0,37.2836193,-80.06219455,51775.0,166.00134382040238,7.142857142857142,39,41,3,0,38,40,25643,1,0,0,1,1
2020-06-10,US,Virginia,Scott,7,2,0,36.71466456,-82.60171704,51169.0,32.458499489937864,28.57142857142857,5,7,2,0,5,7,21534,0,0,0,0,0
2020-06-10,US,Virginia,Shenandoah,492,25,0,38.85905135,-78.56813762,51171.0,1128.026412325752,5.08130081300813,467,487,24,0,463,484,43497,5,1,0,4,3
2020-06-10,US,Virginia,Smyth,15,0,0,36.84455636,-81.53344948,51173.0,49.827265479670466,0.0,15,15,0,0,15,15,30472,0,0,0,0,0
2020-06-10,US,Virginia,Southampton,154,2,0,36.72231125,-77.10642712,51175.0,873.4615166468152,1.2987012987012987,152,153,2,0,151,153,17586,1,0,0,1,0
2020-06-10,US,Virginia,Spotsylvania,723,10,0,38.18574462,-77.655399,51177.0,530.7785486179936,1.3831258644536653,713,712,9,0,703,707,134238,11,1,0,10,5
2020-06-10,US,Virginia,Stafford,831,5,0,38.41758738,-77.45917053,51179.0,543.5564683873837,0.601684717208183,826,824,5,0,819,815,149960,7,0,0,7,9
2020-06-10,US,Virginia,Staunton,58,0,0,38.15965544,-79.05979937,51790.0,232.6327611102198,0.0,58,58,0,0,58,58,24922,0,0,0,0,0
2020-06-10,US,Virginia,Suffolk,330,33,0,36.70155394,-76.63603554,51800.0,358.27506839796763,10.0,297,325,34,0,291,325,91185,5,-1,0,6,0
2020-06-10,US,Virginia,Surry,10,1,0,37.11781893,-76.88450012,51181.0,155.71473061351602,10.0,9,10,1,0,9,10,6474,0,0,0,0,0
2020-06-10,US,Virginia,Sussex,175,2,0,36.92432914,-77.25791182,51183.0,1568.2408817994447,1.1428571428571428,173,175,2,0,173,175,11237,0,0,0,0,0
2020-06-10,US,Virginia,Tazewell,9,0,0,37.12191123,-81.56685568,51185.0,22.170218007143742,0.0,9,9,0,0,9,10,40855,0,0,0,0,-1
2020-06-10,US,Virginia,Virginia Beach,823,27,0,36.73285734,-76.04566934,51810.0,182.8994564130372,3.280680437424058,796,815,27,0,788,810,450189,8,0,0,8,5
2020-06-10,US,Virginia,Warren,225,4,0,38.90847745,-78.20280433,51187.0,560.2031670152377,1.7777777777777777,221,222,4,0,218,220,40003,3,0,0,3,2
2020-06-10,US,Virginia,Washington,58,4,0,36.72341572,-81.95666289,51191.0,107.9270561965017,6.896551724137932,54,57,4,0,53,57,54402,1,0,0,1,0
2020-06-10,US,Virginia,Waynesboro,51,0,0,38.06451466,-78.90293905,51820.0,225.3645603181617,0.0,51,50,0,0,50,49,22628,1,0,0,1,1
2020-06-10,US,Virginia,Westmoreland,83,1,0,38.11021557,-76.80213247,51193.0,460.7271718012767,1.2048192771084338,82,83,1,0,82,82,17830,0,0,0,0,1
2020-06-10,US,Virginia,Williamsburg,48,5,0,37.28131268,-76.70905141,51830.0,320.9843520128394,10.416666666666666,43,48,5,0,43,46,14896,0,0,0,0,2
2020-06-10,US,Virginia,Winchester,248,3,0,39.17054517,-78.17325058,51840.0,883.2537930051998,1.2096774193548387,245,238,2,0,236,235,28108,10,1,0,9,3
2020-06-10,US,Virginia,Wise,27,2,0,36.9746148,-82.62410519,51195.0,72.22534307037958,7.407407407407407,25,27,2,0,25,27,38012,0,0,0,0,0
2020-06-10,US,Virginia,Wythe,38,1,0,36.91582035,-81.07834059,51197.0,132.47803653604797,2.631578947368421,37,38,1,0,37,36,28754,0,0,0,0,2
2020-06-10,US,Virginia,York,86,3,0,37.24374789,-76.54412815,51199.0,125.95196250732279,3.4883720930232562,83,86,3,0,83,86,67846,0,0,0,0,0
2020-06-10,US,Washington,Adams,80,0,0,46.98299757,-118.5601734,53001.0,400.3402892458589,0.0,80,80,0,0,80,79,19759,0,0,0,0,1
2020-06-10,US,Washington,Asotin,19,2,0,46.18894415,-117.2022851,53003.0,84.13780887432469,10.526315789473683,17,19,2,0,17,19,22610,0,0,0,0,0
2020-06-10,US,Washington,Benton,979,67,0,46.23946995,-119.5120834,53005.0,478.9862517735701,6.8437180796731365,912,979,67,0,912,959,201877,0,0,0,0,20
2020-06-10,US,Washington,Chelan,264,6,0,47.87046092,-120.6173956,53007.0,341.9689119170985,2.272727272727273,258,264,6,0,258,262,77036,0,0,0,0,2
2020-06-10,US,Washington,Clallam,27,0,0,48.04754642,-123.9226319,53009.0,34.91484656864647,0.0,27,27,0,0,27,27,76737,0,0,0,0,0
2020-06-10,US,Washington,Clark,571,27,0,45.77568046,-122.4829204,53011.0,116.95044045870786,4.728546409807357,544,571,27,0,544,566,481857,0,0,0,0,5
2020-06-10,US,Washington,Columbia,1,0,0,46.29442881,-117.9051983,53013.0,25.094102885821833,0.0,1,1,0,0,1,1,4059,0,0,0,0,0
2020-06-10,US,Washington,Cowlitz,89,0,0,46.19074721,-122.6782231,53015.0,80.47525611928424,0.0,89,89,0,0,89,86,108987,0,0,0,0,3
2020-06-10,US,Washington,Douglas,178,3,0,47.7361335,-119.692937,53017.0,409.86437633839137,1.6853932584269662,175,178,3,0,175,178,42907,0,0,0,0,0
2020-06-10,US,Washington,Ferry,1,0,0,48.471143100000006,-118.5154041,53019.0,13.111315064901008,0.0,1,1,0,0,1,1,7649,0,0,0,0,0
2020-06-10,US,Washington,Franklin,764,22,0,46.53351425,-118.9018212,53021.0,802.3355947155069,2.8795811518324608,742,764,22,0,742,746,94347,0,0,0,0,18
2020-06-10,US,Washington,Grant,222,4,0,47.20753737,-119.4500749,53025.0,227.14947868171447,1.8018018018018016,218,222,4,0,218,218,97331,0,0,0,0,4
2020-06-10,US,Washington,Grays Harbor,19,0,0,47.14003705,-123.7820567,53027.0,25.31274563355138,0.0,19,19,0,0,19,19,73901,0,0,0,0,0
2020-06-10,US,Washington,Island,181,11,0,48.14713305,-122.5216407,53029.0,212.5885296155789,6.077348066298343,170,181,11,0,170,182,84460,0,0,0,0,-1
2020-06-10,US,Washington,Jefferson,31,0,0,47.75003077,-123.56097040000002,53031.0,96.21054591725893,0.0,31,31,0,0,31,31,31729,0,0,0,0,0
2020-06-10,US,Washington,King,8529,580,0,47.49137892,-121.8346131,53033.0,378.59855059211236,6.800328291710634,7949,8529,580,0,7949,8496,2233163,0,0,0,0,33
2020-06-10,US,Washington,Kitsap,170,2,0,47.63479026,-122.6436061,53035.0,62.621328824597654,1.1764705882352942,168,170,2,0,168,165,269805,0,0,0,0,5
2020-06-10,US,Washington,Kittitas,90,0,0,47.12521214,-120.679439,53037.0,187.75425054761655,0.0,90,90,0,0,90,90,47364,0,0,0,0,0
2020-06-10,US,Washington,Klickitat,37,3,0,45.87325839,-120.7913598,53039.0,164.9944258639911,8.108108108108109,34,37,3,0,34,35,22107,0,0,0,0,2
2020-06-10,US,Washington,Lewis,37,3,0,46.57756476,-122.3925769,53041.0,45.844846171955346,8.108108108108109,34,37,3,0,34,37,79604,0,0,0,0,0
2020-06-10,US,Washington,Lincoln,2,0,0,47.57705241,-118.4194388,53043.0,18.283206874485785,0.0,2,2,0,0,2,2,10740,0,0,0,0,0
2020-06-10,US,Washington,Mason,39,1,0,47.35007586,-123.1863685,53045.0,58.41121495327103,2.5641025641025643,38,39,1,0,38,38,65507,0,0,0,0,1
2020-06-10,US,Washington,Okanogan,56,1,0,48.54855019,-119.7387224,53047.0,132.56634235257908,1.7857142857142858,55,56,1,0,55,56,42132,0,0,0,0,0
2020-06-10,US,Washington,Pacific,10,1,0,46.55418369,-123.7285716,53049.0,44.50180232299408,10.0,9,10,1,0,9,9,22036,0,0,0,0,1
2020-06-10,US,Washington,Pend Oreille,3,0,0,48.53234021,-117.2741804,53051.0,21.85951617604197,0.0,3,3,0,0,3,3,13602,0,0,0,0,0
2020-06-10,US,Washington,Pierce,2050,87,0,47.03892768,-122.1405958,53053.0,226.5243430794051,4.243902439024391,1963,2050,87,0,1963,2040,891299,0,0,0,0,10
2020-06-10,US,Washington,San Juan,15,0,0,48.60182783,-122.96745,53055.0,85.31452621999773,0.0,15,15,0,0,15,15,17128,0,0,0,0,0
2020-06-10,US,Washington,Skagit,450,15,0,48.48171488,-121.766131,53057.0,348.2837351495685,3.333333333333333,435,450,15,0,435,450,128206,0,0,0,0,0
2020-06-10,US,Washington,Skamania,3,0,0,46.02408726,-121.9164403,53059.0,24.828271124720683,0.0,3,3,0,0,3,3,11924,0,0,0,0,0
2020-06-10,US,Washington,Snohomish,3064,155,0,48.04615983,-121.7170703,53061.0,372.7117578152085,5.058746736292428,2909,3064,155,0,2909,3039,814901,0,0,0,0,25
2020-06-10,US,Washington,Spokane,769,37,0,47.62113146,-117.4046494,53063.0,147.09314113672968,4.811443433029909,732,769,37,0,732,753,514631,0,0,0,0,16
2020-06-10,US,Washington,Stevens,13,1,0,48.40035475,-117.8542701,53065.0,28.43208013472432,7.6923076923076925,12,13,1,0,12,13,45260,0,0,0,0,0
2020-06-10,US,Washington,Thurston,171,4,0,46.9291895,-122.8290656,53067.0,58.856733761048545,2.3391812865497075,167,171,4,0,167,170,286419,0,0,0,0,1
2020-06-10,US,Washington,Unassigned,25,0,0,0.0,0.0,90053.0,0.0,0.0,25,25,0,0,25,29,,0,0,0,0,-4
2020-06-10,US,Washington,Wahkiakum,4,0,0,46.29180039999999,-123.4250831,53069.0,89.12655971479502,0.0,4,4,0,0,4,4,4426,0,0,0,0,0
2020-06-10,US,Washington,Walla Walla,117,2,0,46.23040051,-118.4775539,53071.0,192.56089532587228,1.709401709401709,115,117,2,0,115,116,60922,0,0,0,0,1
2020-06-10,US,Washington,Whatcom,420,38,0,48.82227976,-121.7490018,53073.0,183.20850436428833,9.047619047619047,382,420,38,0,382,419,225685,0,0,0,0,1
2020-06-10,US,Washington,Whitman,20,0,0,46.90022523,-117.5241763,53075.0,39.91697269679067,0.0,20,20,0,0,20,20,49791,0,0,0,0,0
2020-06-10,US,Washington,Yakima,4834,104,0,46.45738486,-120.7380126,53077.0,1926.871365192747,2.1514273893256104,4730,4834,104,0,4730,4665,251446,0,0,0,0,169
2020-06-10,US,West Virginia,Barbour,9,1,0,39.1307219,-80.00350858,54001.0,54.741195791010284,11.111111111111109,8,8,1,0,7,8,16535,1,0,0,1,0
2020-06-10,US,West Virginia,Berkeley,361,8,0,39.46704621,-78.02414609,54003.0,302.92604744442866,2.21606648199446,353,350,8,0,342,347,117123,11,0,0,11,3
2020-06-10,US,West Virginia,Boone,15,0,0,38.01974191,-81.69888019,54005.0,69.90725637321154,0.0,15,16,0,0,16,15,21951,-1,0,0,-1,1
2020-06-10,US,West Virginia,Braxton,2,0,0,38.70036159,-80.72011184,54007.0,14.329727018700293,0.0,2,2,0,0,2,2,14089,0,0,0,0,0
2020-06-10,US,West Virginia,Brooke,5,0,0,40.27367263,-80.57915332,54009.0,22.79046446966589,0.0,5,5,0,0,5,5,22203,0,0,0,0,0
2020-06-10,US,West Virginia,Cabell,71,0,0,38.42424062,-82.23855912,54011.0,77.2200772200772,0.0,71,70,0,0,70,70,93224,1,0,0,1,0
2020-06-10,US,West Virginia,Calhoun,2,0,0,38.84315422,-81.11934872,54013.0,28.133352088901397,0.0,2,2,0,0,2,2,7254,0,0,0,0,0
2020-06-10,US,West Virginia,Clay,7,0,0,38.46231092,-81.07652217,54015.0,82.27550540667606,0.0,7,7,0,0,7,7,8632,0,0,0,0,0
2020-06-10,US,West Virginia,Fayette,54,4,0,38.02974928,-81.08286634,54019.0,127.34047068811016,7.407407407407407,50,54,4,0,50,54,43018,0,0,0,0,0
2020-06-10,US,West Virginia,Gilmer,10,0,0,38.9251277,-80.85952723,54021.0,127.82819890067749,0.0,10,10,0,0,10,10,8026,0,0,0,0,0
2020-06-10,US,West Virginia,Grant,14,0,0,39.10314817,-79.19440518,54023.0,121.02351313969572,0.0,14,14,0,0,14,14,11626,0,0,0,0,0
2020-06-10,US,West Virginia,Greenbrier,9,0,0,37.9463652,-80.45335881,54025.0,25.965033754543878,0.0,9,9,0,0,9,9,34786,0,0,0,0,0
2020-06-10,US,West Virginia,Hampshire,35,1,0,39.32103553,-78.60826476,54027.0,151.02481121898597,2.8571428571428568,34,33,1,0,32,33,23347,2,0,0,2,0
2020-06-10,US,West Virginia,Hancock,20,0,0,40.51943859,-80.57461608,54029.0,69.42034015966678,0.0,20,20,0,0,20,20,29094,0,0,0,0,0
2020-06-10,US,West Virginia,Hardy,40,0,0,39.00683177,-78.85855301,54031.0,290.36004645760744,0.0,40,40,0,0,40,40,13775,0,0,0,0,0
2020-06-10,US,West Virginia,Harrison,41,1,0,39.2853852,-80.37919577,54033.0,60.9611038420364,2.4390243902439024,40,40,1,0,39,40,67554,1,0,0,1,0
2020-06-10,US,West Virginia,Jackson,141,18,0,38.84263974,-81.68148753,54035.0,493.4210526315789,12.76595744680851,123,141,18,0,123,140,28706,0,0,0,0,1
2020-06-10,US,West Virginia,Jefferson,204,4,0,39.30776166,-77.86014147,54037.0,356.98036607986563,1.96078431372549,200,204,4,0,200,204,56811,0,0,0,0,0
2020-06-10,US,West Virginia,Kanawha,241,20,0,38.33860077,-81.52857054,54039.0,135.29900518739757,8.298755186721992,221,241,19,0,222,242,180454,0,1,0,-1,-1
2020-06-10,US,West Virginia,Lewis,8,1,0,38.9947249,-80.49988181,54041.0,50.292324134029045,12.5,7,8,1,0,7,8,16024,0,0,0,0,0
2020-06-10,US,West Virginia,Lincoln,5,0,0,38.172154,-82.07017953,54043.0,24.498995541182808,0.0,5,5,0,0,5,5,20599,0,0,0,0,0
2020-06-10,US,West Virginia,Logan,20,1,0,37.8299889,-81.93528571,54045.0,62.462912645616655,5.0,19,20,1,0,19,20,32607,0,0,0,0,0
2020-06-10,US,West Virginia,Marion,53,2,0,39.50984542,-80.24244659,54049.0,94.5213297189328,3.7735849056603774,51,53,2,0,51,53,56097,0,0,0,0,0
2020-06-10,US,West Virginia,Marshall,34,0,0,39.86064362,-80.66591062,54051.0,111.36222200386491,0.0,34,32,0,0,32,32,30785,2,0,0,2,0
2020-06-10,US,West Virginia,Mason,15,0,0,38.77071799,-82.02524219,54053.0,56.569618343641565,0.0,15,15,0,0,15,15,26718,0,0,0,0,0
2020-06-10,US,West Virginia,McDowell,6,0,0,37.38002939,-81.65083669,54047.0,34.04448479346346,0.0,6,6,0,0,6,6,18223,0,0,0,0,0
2020-06-10,US,West Virginia,Mercer,13,0,0,37.40481169,-81.11023142,54055.0,22.124646856598247,0.0,13,13,0,0,13,13,59131,0,0,0,0,0
2020-06-10,US,West Virginia,Mineral,51,1,0,39.41561583,-78.94104895,54057.0,189.8168825368468,1.96078431372549,50,50,1,0,49,50,26940,1,0,0,1,0
2020-06-10,US,West Virginia,Mingo,10,1,0,37.73048351,-82.13338365,54059.0,42.69125683060109,10.0,9,9,1,0,8,9,23785,1,0,0,1,0
2020-06-10,US,West Virginia,Monongalia,142,5,0,39.63218457,-80.04766838,54061.0,134.45441805855396,3.5211267605633805,137,141,5,0,136,141,106420,1,0,0,1,0
2020-06-10,US,West Virginia,Monroe,8,0,0,37.56274716,-80.54577965,54063.0,60.263653483992464,0.0,8,8,0,0,8,8,13280,0,0,0,0,0
2020-06-10,US,West Virginia,Morgan,19,0,0,39.55439028,-78.26311676,54065.0,106.24021471706553,0.0,19,19,0,0,19,19,17787,0,0,0,0,0
2020-06-10,US,West Virginia,Nicholas,7,1,0,38.29617706,-80.79759588,54067.0,28.576094056172444,14.285714285714285,6,7,1,0,6,7,24842,0,0,0,0,0
2020-06-10,US,West Virginia,Ohio,52,1,0,40.0955451,-80.62203992,54069.0,125.57050059163024,1.9230769230769231,51,51,1,0,50,50,41755,1,0,0,1,1
2020-06-10,US,West Virginia,Pendleton,13,1,0,38.68314479,-79.35084086,54071.0,186.5403931697517,7.6923076923076925,12,13,1,0,12,13,6997,0,0,0,0,0
2020-06-10,US,West Virginia,Pleasants,4,0,0,39.37091679,-81.16771771,54073.0,53.61930294906166,0.0,4,4,0,0,4,4,7507,0,0,0,0,0
2020-06-10,US,West Virginia,Pocahontas,21,0,0,38.32758728,-80.00993811,54075.0,254.63805020007274,0.0,21,21,0,0,21,21,8414,0,0,0,0,0
2020-06-10,US,West Virginia,Preston,24,2,0,39.46770987,-79.66712803,54077.0,71.78750897343862,8.333333333333334,22,24,2,0,22,24,33839,0,0,0,0,0
2020-06-10,US,West Virginia,Putnam,41,0,0,38.50782345,-81.9082131,54079.0,72.63064658990257,0.0,41,40,0,0,40,40,56682,1,0,0,1,0
2020-06-10,US,West Virginia,Raleigh,18,0,0,37.76936795,-81.2456041,54081.0,24.53619770722864,0.0,18,18,0,0,18,18,74254,0,0,0,0,0
2020-06-10,US,West Virginia,Randolph,140,0,0,38.769899,-79.87919615,54083.0,487.88987628506715,0.0,140,137,0,0,137,134,28823,3,0,0,3,3
2020-06-10,US,West Virginia,Ritchie,2,0,0,39.18094587,-81.06356878,54085.0,20.933640360058615,0.0,2,1,0,0,1,1,9721,1,0,0,1,0
2020-06-10,US,West Virginia,Roane,10,1,0,38.71622686,-81.35243568,54087.0,73.05669199298656,10.0,9,10,1,0,9,10,13932,0,0,0,0,0
2020-06-10,US,West Virginia,Summers,1,0,0,37.65390597,-80.86009693,54089.0,7.953551260637875,0.0,1,1,0,0,1,1,12760,0,0,0,0,0
2020-06-10,US,West Virginia,Taylor,9,0,0,39.33602617,-80.0421439,54091.0,53.908355795148246,0.0,9,9,0,0,9,9,16862,0,0,0,0,0
2020-06-10,US,West Virginia,Tucker,4,0,0,39.11240885,-79.57053576,54093.0,58.488083053077936,0.0,4,6,0,0,6,6,6955,-2,0,0,-2,0
2020-06-10,US,West Virginia,Tyler,3,0,0,39.46811972,-80.88772676,54095.0,34.920265394016994,0.0,3,3,0,0,3,3,8746,0,0,0,0,0
2020-06-10,US,West Virginia,Upshur,7,0,0,38.89285061,-80.23689136,54097.0,28.95433487756453,0.0,7,7,0,0,7,7,24415,0,0,0,0,0
2020-06-10,US,West Virginia,Wayne,103,9,0,38.14901357,-82.42287994,54099.0,261.408050352774,8.737864077669903,94,103,9,0,94,103,39944,0,0,0,0,0
2020-06-10,US,West Virginia,Wetzel,9,0,0,39.6065771,-80.64016540000001,54103.0,59.741121805509465,0.0,9,9,0,0,9,9,15270,0,0,0,0,0
2020-06-10,US,West Virginia,Wirt,4,0,0,39.02775007,-81.37473928,54105.0,68.7167153410067,0.0,4,4,0,0,4,4,5830,0,0,0,0,0
2020-06-10,US,West Virginia,Wood,54,2,0,39.20967886,-81.5162836,54107.0,64.65672070691348,3.703703703703704,52,53,2,0,51,53,84203,1,0,0,1,0
2020-06-10,US,West Virginia,Wyoming,3,0,0,37.612327,-81.54511071,54109.0,14.710208884966164,0.0,3,3,0,0,3,3,20786,0,0,0,0,0
2020-06-10,US,Wisconsin,Adams,6,1,0,43.96974651,-89.76782777,55001.0,29.67359050445104,16.666666666666668,5,6,1,0,5,5,20348,0,0,0,0,1
2020-06-10,US,Wisconsin,Ashland,3,0,0,46.31956891,-90.67837132,55003.0,19.27772779848349,0.0,3,3,0,0,3,3,15600,0,0,0,0,0
2020-06-10,US,Wisconsin,Barron,21,0,0,45.42372701,-91.84833627,55005.0,46.41499425338165,0.0,21,20,0,0,20,20,45164,1,0,0,1,0
2020-06-10,US,Wisconsin,Bayfield,3,1,0,46.52868768,-91.19716729,55007.0,19.952114924181963,33.333333333333336,2,3,1,0,2,3,15042,0,0,0,0,0
2020-06-10,US,Wisconsin,Brown,2405,38,0,44.4526553,-88.00411844,55009.0,909.1184008588427,1.58004158004158,2367,2399,38,0,2361,2377,263378,6,0,0,6,22
2020-06-10,US,Wisconsin,Buffalo,6,2,0,44.37835084,-91.75332578,55011.0,46.04404880669172,33.333333333333336,4,6,2,0,4,6,13125,0,0,0,0,0
2020-06-10,US,Wisconsin,Burnett,1,1,0,45.86303537,-92.36711412,55013.0,6.487608667445179,100.0,0,1,1,0,0,1,15392,0,0,0,0,0
2020-06-10,US,Wisconsin,Calumet,81,2,0,44.0816316,-88.21780273,55015.0,161.71215236878356,2.469135802469136,79,81,1,0,80,81,50159,0,1,0,-1,0
2020-06-10,US,Wisconsin,Chippewa,60,0,0,45.06939744,-91.28068855,55017.0,92.79594172414859,0.0,60,59,0,0,59,59,64135,1,0,0,1,0
2020-06-10,US,Wisconsin,Clark,45,4,0,44.73483377,-90.61207486,55019.0,129.40702823948928,8.888888888888891,41,45,4,0,41,42,34709,0,0,0,0,3
2020-06-10,US,Wisconsin,Columbia,49,1,0,43.46492199,-89.33589004,55021.0,85.1699923520823,2.0408163265306123,48,47,1,0,46,46,57358,2,0,0,2,1
2020-06-10,US,Wisconsin,Crawford,26,0,0,43.23870316,-90.93073686,55023.0,161.18033599900812,0.0,26,26,0,0,26,26,16291,0,0,0,0,0
2020-06-10,US,Wisconsin,Dane,884,31,0,43.06601594,-89.41733797,55025.0,161.69893633561674,3.5067873303167416,853,871,30,0,841,856,542364,13,1,0,12,15
2020-06-10,US,Wisconsin,Dodge,410,4,0,43.41576662,-88.70928178,55027.0,466.7630551349628,0.975609756097561,406,406,4,0,402,400,87847,4,0,0,4,6
2020-06-10,US,Wisconsin,Door,39,3,0,44.95856458,-87.30002707,55029.0,140.95706231025008,7.6923076923076925,36,39,3,0,36,39,27610,0,0,0,0,0
2020-06-10,US,Wisconsin,Douglas,20,0,0,46.43222285,-91.91595768,55031.0,46.349942062572424,0.0,20,20,0,0,20,20,43208,0,0,0,0,0
2020-06-10,US,Wisconsin,Dunn,29,0,0,44.94562799,-91.8962481,55033.0,63.921706929994706,0.0,29,29,0,0,29,29,45131,0,0,0,0,0
2020-06-10,US,Wisconsin,Eau Claire,126,0,0,44.726614,-91.28609183,55035.0,120.40594002637465,0.0,126,124,0,0,124,124,104534,2,0,0,2,0
2020-06-10,US,Wisconsin,Florence,2,0,0,45.84963535,-88.39804137,55037.0,46.56577415599534,0.0,2,2,0,0,2,2,4321,0,0,0,0,0
2020-06-10,US,Wisconsin,Fond du Lac,247,6,0,43.75354908,-88.48885325,55039.0,238.87121263406286,2.42914979757085,241,241,6,0,235,239,103066,6,0,0,6,2
2020-06-10,US,Wisconsin,Forest,34,2,0,45.66678019,-88.77084892,55041.0,377.6099511328298,5.882352941176472,32,34,2,0,32,33,8991,0,0,0,0,1
2020-06-10,US,Wisconsin,Grant,99,12,0,42.8671731,-90.7063218,55043.0,192.46097319154728,12.12121212121212,87,99,12,0,87,98,51554,0,0,0,0,1
2020-06-10,US,Wisconsin,Green,71,0,0,42.6794956,-89.60243287,55045.0,192.0995670995671,0.0,71,71,0,0,71,71,36929,0,0,0,0,0
2020-06-10,US,Wisconsin,Green Lake,23,0,0,43.80025981,-89.04679553,55047.0,121.60947496431028,0.0,23,23,0,0,23,23,18918,0,0,0,0,0
2020-06-10,US,Wisconsin,Iowa,16,0,0,43.00050278,-90.13469017,55049.0,67.57327476982853,0.0,16,16,0,0,16,17,23771,0,0,0,0,-1
2020-06-10,US,Wisconsin,Iron,2,1,0,46.26302338,-90.24295041,55051.0,35.16792685071215,50.0,1,2,1,0,1,2,5676,0,0,0,0,0
2020-06-10,US,Wisconsin,Jackson,20,1,0,44.31864893,-90.80566792,55053.0,96.88514266337258,5.0,19,19,1,0,18,20,20478,1,0,0,1,-1
2020-06-10,US,Wisconsin,Jefferson,138,4,0,43.02054068,-88.77529134,55055.0,162.79536151187344,2.898550724637681,134,134,3,0,131,130,85129,4,1,0,3,4
2020-06-10,US,Wisconsin,Juneau,23,1,0,43.92456975,-90.11120239,55057.0,86.18428448308167,4.3478260869565215,22,23,1,0,22,23,26617,0,0,0,0,0
2020-06-10,US,Wisconsin,Kenosha,1308,36,0,42.57639354,-88.04051686,55059.0,771.4038015817316,2.7522935779816518,1272,1295,36,0,1259,1286,169290,13,0,0,13,9
2020-06-10,US,Wisconsin,Kewaunee,37,1,0,44.51727459,-87.61468386,55061.0,181.0707644122541,2.702702702702702,36,37,1,0,36,36,20383,0,0,0,0,1
2020-06-10,US,Wisconsin,La Crosse,81,0,0,43.90632465,-91.11451093,55063.0,68.63476138828634,0.0,81,77,0,0,77,70,118230,4,0,0,4,7
2020-06-10,US,Wisconsin,Lafayette,36,0,0,42.66005229,-90.1317729,55065.0,216.021602160216,0.0,36,35,0,0,35,33,16665,1,0,0,1,2
2020-06-10,US,Wisconsin,Langlade,5,0,0,45.26271619,-89.07483625,55067.0,26.05659492417531,0.0,5,5,0,0,5,8,19268,0,0,0,0,-3
2020-06-10,US,Wisconsin,Lincoln,7,0,0,45.33737523,-89.73411273,55069.0,25.3687529445874,0.0,7,7,0,0,7,7,27689,0,0,0,0,0
2020-06-10,US,Wisconsin,Manitowoc,40,1,0,44.11946801,-87.80928853,55071.0,50.64509185753536,2.5,39,40,1,0,39,40,79074,0,0,0,0,0
2020-06-10,US,Wisconsin,Marathon,69,1,0,44.89792533,-89.75863384,55073.0,50.85045544320962,1.4492753623188406,68,66,1,0,65,64,135428,3,0,0,3,2
2020-06-10,US,Wisconsin,Marinette,37,3,0,45.38553432,-88.03324599999998,55075.0,91.69764560099131,8.108108108108109,34,37,3,0,34,36,40434,0,0,0,0,1
2020-06-10,US,Wisconsin,Marquette,7,1,0,43.81911946,-89.40073763,55077.0,44.94670604854245,14.285714285714285,6,6,1,0,5,5,15434,1,0,0,1,1
2020-06-10,US,Wisconsin,Menominee,3,0,0,45.00422544,-88.70950714,55078.0,65.84723441615452,0.0,3,3,0,0,3,3,4658,0,0,0,0,0
2020-06-10,US,Wisconsin,Milwaukee,9096,336,0,43.00486062,-87.96733172,55079.0,961.800775277406,3.693931398416887,8760,8973,331,0,8642,8900,948201,123,5,0,118,73
2020-06-10,US,Wisconsin,Monroe,23,1,0,43.94641218,-90.618819,55081.0,49.726504226752866,4.3478260869565215,22,19,1,0,18,19,46051,4,0,0,4,0
2020-06-10,US,Wisconsin,Oconto,42,0,0,45.02715345,-88.26807503,55083.0,110.73029264434484,0.0,42,42,0,0,42,42,37830,0,0,0,0,0
2020-06-10,US,Wisconsin,Oneida,13,0,0,45.70677897,-89.51944105,55085.0,36.52198342463829,0.0,13,13,0,0,13,13,35470,0,0,0,0,0
2020-06-10,US,Wisconsin,Outagamie,294,8,0,44.41578887,-88.46565023,55087.0,156.47869707533863,2.7210884353741496,286,289,8,0,281,277,187365,5,0,0,5,12
2020-06-10,US,Wisconsin,Ozaukee,185,13,0,43.38352225,-87.94625009,55089.0,207.35028748837158,7.027027027027027,172,184,13,0,171,184,89147,1,0,0,1,0
2020-06-10,US,Wisconsin,Pepin,1,0,0,44.58307413,-91.99949611,55091.0,13.723068478111706,0.0,1,1,0,0,1,1,7289,0,0,0,0,0
2020-06-10,US,Wisconsin,Pierce,51,0,0,44.71850291,-92.4224416,55093.0,119.28708424942695,0.0,51,51,0,0,51,50,42555,0,0,0,0,1
2020-06-10,US,Wisconsin,Polk,36,1,0,45.46130348,-92.44182875,55095.0,82.22369412785785,2.7777777777777777,35,34,1,0,33,33,43598,2,0,0,2,1
2020-06-10,US,Wisconsin,Portage,51,0,0,44.47558711,-89.50152965,55097.0,72.06239755835641,0.0,51,39,0,0,39,35,70942,12,0,0,12,4
2020-06-10,US,Wisconsin,Price,2,0,0,45.68051754,-90.3609888,55099.0,14.980151299528124,0.0,2,2,0,0,2,2,13397,0,0,0,0,0
2020-06-10,US,Wisconsin,Racine,1952,51,0,42.74753117,-88.05941254,55101.0,994.3406125993961,2.612704918032787,1901,1939,51,0,1888,1911,196584,13,0,0,13,28
2020-06-10,US,Wisconsin,Richland,14,4,0,43.3762778,-90.43012729,55103.0,81.1500115928588,28.57142857142857,10,14,4,0,10,14,17377,0,0,0,0,0
2020-06-10,US,Wisconsin,Rock,724,21,0,42.67151616,-89.07147900000002,55105.0,443.20922658765625,2.9005524861878453,703,714,21,0,693,707,163129,10,0,0,10,7
2020-06-10,US,Wisconsin,Rusk,5,0,0,45.47498854,-91.1333012,55107.0,35.265904923120324,0.0,5,5,0,0,5,5,14147,0,0,0,0,0
2020-06-10,US,Wisconsin,Sauk,84,3,0,43.42574087,-89.94966132,55111.0,130.3497718878992,3.571428571428572,81,84,3,0,81,83,64249,0,0,0,0,1
2020-06-10,US,Wisconsin,Sawyer,9,0,0,45.87931905,-91.14504927,55113.0,54.35439062688731,0.0,9,9,0,0,9,8,16489,0,0,0,0,1
2020-06-10,US,Wisconsin,Shawano,60,0,0,44.78902246,-88.76443896,55115.0,146.70285337049802,0.0,60,60,0,0,60,57,40796,0,0,0,0,3
2020-06-10,US,Wisconsin,Sheboygan,120,4,0,43.72099677,-87.94579284,55117.0,104.04022888850358,3.333333333333333,116,118,3,0,115,114,115456,2,1,0,1,4
2020-06-10,US,Wisconsin,St. Croix,108,0,0,45.03437474,-92.45000068,55109.0,119.09093916437858,0.0,108,107,0,0,107,106,89694,1,0,0,1,1
2020-06-10,US,Wisconsin,Taylor,2,0,0,45.21179252,-90.5004405,55119.0,9.83139163348572,0.0,2,2,0,0,2,2,20412,0,0,0,0,0
2020-06-10,US,Wisconsin,Trempealeau,44,0,0,44.30360275,-91.35893614,55121.0,148.40298155081115,0.0,44,43,0,0,43,42,29442,1,0,0,1,1
2020-06-10,US,Wisconsin,Vernon,22,0,0,43.59422667,-90.8324691,55123.0,71.37758743754459,0.0,22,22,0,0,22,21,30785,0,0,0,0,1
2020-06-10,US,Wisconsin,Vilas,8,0,0,46.05467334,-89.51719204,55125.0,36.044154088758724,0.0,8,8,0,0,8,8,21938,0,0,0,0,0
2020-06-10,US,Wisconsin,Walworth,456,17,0,42.66858202,-88.54163073,55127.0,439.018754573112,3.728070175438596,439,452,17,0,435,440,103718,4,0,0,4,12
2020-06-10,US,Wisconsin,Washburn,3,0,0,45.89838588,-91.79050449,55129.0,19.083969465648856,0.0,3,3,0,0,3,3,15878,0,0,0,0,0
2020-06-10,US,Wisconsin,Washington,283,10,0,43.36863664,-88.22974712,55131.0,208.03622623755825,3.53356890459364,273,281,10,0,271,279,135693,2,0,0,2,2
2020-06-10,US,Wisconsin,Waukesha,842,34,0,43.01833055,-88.30431188,55133.0,208.3137472228957,4.0380047505938235,808,829,34,0,795,823,403072,13,0,0,13,6
2020-06-10,US,Wisconsin,Waupaca,61,1,0,44.47068056,-88.96534501,55135.0,119.63130025495195,1.639344262295082,60,58,1,0,57,58,51128,3,0,0,3,0
2020-06-10,US,Wisconsin,Waushara,13,0,0,44.11324419,-89.24317107,55137.0,53.184960929509465,0.0,13,13,0,0,13,10,24263,0,0,0,0,3
2020-06-10,US,Wisconsin,Winnebago,457,8,0,44.06886922,-88.64477096,55139.0,265.8414142530554,1.7505470459518602,449,431,7,0,424,397,171020,26,1,0,25,34
2020-06-10,US,Wisconsin,Wood,13,1,0,44.45537896,-90.04158336,55141.0,17.808463129631914,7.6923076923076925,12,12,1,0,11,11,73055,1,0,0,1,1
2020-06-10,US,Wyoming,Albany,26,0,0,41.65498705,-105.7235415,56001.0,66.87242798353911,0.0,26,26,0,0,26,26,38601,0,0,0,0,0
2020-06-10,US,Wyoming,Big Horn,9,0,0,44.52405055,-107.9960365,56003.0,76.33587786259542,0.0,9,9,0,0,9,8,11881,0,0,0,0,1
2020-06-10,US,Wyoming,Campbell,37,0,0,44.24886082,-105.5474404,56005.0,79.84290369219481,0.0,37,35,0,0,35,35,46140,2,0,0,2,0
2020-06-10,US,Wyoming,Carbon,16,0,0,41.69357844,-106.9326084,56007.0,108.10810810810813,0.0,16,16,0,0,16,16,14971,0,0,0,0,0
2020-06-10,US,Wyoming,Converse,24,0,0,42.97272268,-105.5081848,56009.0,173.63623209376357,0.0,24,24,0,0,24,24,13640,0,0,0,0,0
2020-06-10,US,Wyoming,Crook,5,0,0,44.58855102,-104.5697705,56011.0,65.92827004219409,0.0,5,5,0,0,5,5,7450,0,0,0,0,0
2020-06-10,US,Wyoming,Fremont,296,0,0,43.04183996,-108.6296893,56013.0,753.9288352308909,0.0,296,295,0,0,295,297,39531,1,0,0,1,-2
2020-06-10,US,Wyoming,Goshen,5,0,0,42.08798185,-104.3534743,56015.0,37.847248505033676,0.0,5,5,0,0,5,5,13376,0,0,0,0,0
2020-06-10,US,Wyoming,Hot Springs,12,0,0,43.71930657,-108.4423174,56017.0,271.92386131883075,0.0,12,12,0,0,12,12,4555,0,0,0,0,0
2020-06-10,US,Wyoming,Johnson,18,1,0,44.04057166,-106.5845174,56019.0,213.14387211367676,5.5555555555555545,17,18,1,0,17,18,8460,0,0,0,0,0
2020-06-10,US,Wyoming,Laramie,188,0,0,41.30702520000001,-104.6887497,56021.0,188.94472361809045,0.0,188,188,0,0,188,188,98976,0,0,0,0,0
2020-06-10,US,Wyoming,Lincoln,15,0,0,42.26376367,-110.6563997,56023.0,75.642965204236,0.0,15,15,0,0,15,15,19434,0,0,0,0,0
2020-06-10,US,Wyoming,Natrona,87,0,0,42.96180148,-106.797885,56025.0,108.94337448971923,0.0,87,87,0,0,87,87,79115,0,0,0,0,0
2020-06-10,US,Wyoming,Niobrara,2,0,0,43.05607708,-104.4758896,56027.0,84.88964346349746,0.0,2,2,0,0,2,2,2388,0,0,0,0,0
2020-06-10,US,Wyoming,Park,2,0,0,44.52157546,-109.5852825,56029.0,6.850722751250258,0.0,2,2,0,0,2,2,29324,0,0,0,0,0
2020-06-10,US,Wyoming,Platte,1,0,0,42.13299116,-104.966331,56031.0,11.914690813773385,0.0,1,1,0,0,1,1,8566,0,0,0,0,0
2020-06-10,US,Wyoming,Sheridan,19,0,0,44.79048913,-106.8862389,56033.0,62.325733967525004,0.0,19,18,0,0,18,18,30233,1,0,0,1,0
2020-06-10,US,Wyoming,Sublette,3,0,0,42.76558279,-109.9130922,56035.0,30.515715593530675,0.0,3,3,0,0,3,3,9813,0,0,0,0,0
2020-06-10,US,Wyoming,Sweetwater,35,0,0,41.65943896,-108.8827882,56037.0,82.65829062654984,0.0,35,34,0,0,34,33,43051,1,0,0,1,1
2020-06-10,US,Wyoming,Teton,101,0,0,43.93522482,-110.5890801,56039.0,430.4466416638255,0.0,101,100,0,0,100,100,23081,1,0,0,1,0
2020-06-10,US,Wyoming,Uinta,39,0,0,41.2878183,-110.54757820000002,56041.0,192.82112132898246,0.0,39,35,0,0,35,25,20299,4,0,0,4,10
2020-06-10,US,Wyoming,Unassigned,0,17,0,0.0,0.0,90056.0,0.0,0.0,-17,0,16,0,-16,0,,0,1,0,-1,0
2020-06-10,US,Wyoming,Washakie,39,0,0,43.90451606,-107.68018700000002,56043.0,499.6796925048046,0.0,39,39,0,0,39,39,7885,0,0,0,0,0
2020-06-10,US,Wyoming,Weston,1,0,0,43.83961191,-104.5674881,56045.0,14.436263894903998,0.0,1,1,0,0,1,1,6967,0,0,0,0,0
