Date,Country/Region,Province/State,Admin2,Confirmed,Deaths,Recovered,Latitude,Longitude,FIPS,Incidence_Rate,Case-Fatality_Ratio,Active Cases,Previous Confirmed,Previous Deaths,Previous Recovered,Previous Active,Prev2 Confirmed,Population,Daily Confirmed,Daily Deaths,Daily Recovered,Daily Active,Previous Daily Confirmed
2020-10-16,US,Alabama,Autauga,1966,28,0,32.53952745,-86.64408227,1001.0,3518.946106069556,1.4242115971515767,1938,1949,28,0,1921,1928,55601,17,0,0,17,21
2020-10-16,US,Alabama,Baldwin,6333,67,0,30.72774991,-87.72207058,1003.0,2836.9334420384002,1.057950418443076,6266,6285,66,0,6219,6270,218022,48,1,0,47,15
2020-10-16,US,Alabama,Barbour,968,9,0,31.868263,-85.3871286,1005.0,3921.250911447784,0.9297520661157024,959,965,9,0,956,950,24881,3,0,0,3,15
2020-10-16,US,Alabama,Bibb,771,13,0,32.99642064,-87.12511459999996,1007.0,3442.886487451996,1.6861219195849546,758,761,13,0,748,744,22400,10,0,0,10,17
2020-10-16,US,Alabama,Blount,1783,23,0,33.98210918,-86.56790593,1009.0,3083.388095320444,1.2899607403252944,1760,1768,23,0,1745,1750,57840,15,0,0,15,18
2020-10-16,US,Alabama,Bullock,631,17,0,32.10030533,-85.71265535,1011.0,6246.906246906246,2.6941362916006337,614,628,17,0,611,628,10138,3,0,0,3,0
2020-10-16,US,Alabama,Butler,988,40,0,31.75300095,-86.68057478,1013.0,5080.213903743314,4.048582995951417,948,982,40,0,942,977,19680,6,0,0,6,5
2020-10-16,US,Alabama,Calhoun,4003,59,0,33.77483727,-85.82630386,1015.0,3523.612517054707,1.4738945790657008,3944,3949,59,0,3890,3922,114277,54,0,0,54,27
2020-10-16,US,Alabama,Chambers,1263,43,0,32.91360079,-85.39072749,1017.0,3798.0393336140014,3.4045922406967537,1220,1260,43,0,1217,1256,33615,3,0,0,3,4
2020-10-16,US,Alabama,Cherokee,702,14,0,34.17805983,-85.60638968,1019.0,2679.798442510307,1.9943019943019944,688,696,14,0,682,687,26032,6,0,0,6,9
2020-10-16,US,Alabama,Chilton,1767,31,0,32.85044126,-86.7173256,1021.0,3977.221571981633,1.7543859649122806,1736,1756,31,0,1725,1740,44153,11,0,0,11,16
2020-10-16,US,Alabama,Choctaw,383,12,0,32.02227341,-88.26564429999998,1023.0,3042.338549527365,3.133159268929504,371,379,12,0,367,377,12841,4,0,0,4,2
2020-10-16,US,Alabama,Clarke,1240,16,0,31.68099859,-87.83548597,1025.0,5249.343832020997,1.2903225806451613,1224,1236,16,0,1220,1229,23920,4,0,0,4,7
2020-10-16,US,Alabama,Clay,679,12,0,33.26984193,-85.85836077,1027.0,5130.336229693993,1.7673048600883652,667,674,12,0,662,667,13275,5,0,0,5,7
2020-10-16,US,Alabama,Cleburne,504,7,0,33.67679204,-85.52005899,1029.0,3380.2816901408446,1.3888888888888888,497,489,6,0,483,483,14987,15,1,0,14,6
2020-10-16,US,Alabama,Coffee,1606,9,0,31.39932826,-85.98901039,1031.0,3068.2816858354668,0.5603985056039851,1597,1588,9,0,1579,1568,51909,18,0,0,18,20
2020-10-16,US,Alabama,Colbert,1869,27,0,34.69847452,-87.80168544,1033.0,3383.356564870296,1.4446227929373996,1842,1851,27,0,1824,1840,54762,18,0,0,18,11
2020-10-16,US,Alabama,Conecuh,550,13,0,31.43401703,-86.99320044,1035.0,4557.88514129444,2.363636363636364,537,550,13,0,537,549,12277,0,0,0,0,1
2020-10-16,US,Alabama,Coosa,192,3,0,32.93690146,-86.24847739,1037.0,1800.6189627684516,1.5625,189,191,3,0,188,190,10715,1,0,0,1,1
2020-10-16,US,Alabama,Covington,1612,29,0,31.247785399999998,-86.45050893,1039.0,4350.9946287349185,1.7990074441687345,1583,1604,29,0,1575,1585,36986,8,0,0,8,19
2020-10-16,US,Alabama,Crenshaw,578,30,0,31.72941803,-86.31593104,1041.0,4196.921289573047,5.190311418685121,548,573,30,0,543,574,13824,5,0,0,5,-1
2020-10-16,US,Alabama,Cullman,2190,23,0,34.13020303,-86.86888037,1043.0,2614.3634800878617,1.0502283105022832,2167,2168,23,0,2145,2132,83442,22,0,0,22,36
2020-10-16,US,Alabama,Dale,1594,51,0,31.43037123,-85.61095742,1045.0,3241.682258195721,3.199498117942284,1543,1580,51,0,1529,1564,48956,14,0,0,14,16
2020-10-16,US,Alabama,Dallas,1841,27,0,32.32688101,-87.10866709999998,1047.0,4949.45693085278,1.4665942422596414,1814,1841,27,0,1814,1837,38310,0,0,0,0,4
2020-10-16,US,Alabama,DeKalb,3036,26,0,34.45946862,-85.80782906,1049.0,4245.381958525023,0.8563899868247694,3010,2996,26,0,2970,2942,71385,40,0,0,40,54
2020-10-16,US,Alabama,Elmore,3045,52,0,32.59785413,-86.14415284,1051.0,3749.5844056693213,1.7077175697865352,2993,3028,52,0,2976,3009,81887,17,0,0,17,19
2020-10-16,US,Alabama,Escambia,1695,28,0,31.1256789,-87.15918694,1053.0,4626.975677667677,1.6519174041297937,1667,1691,27,0,1664,1687,36748,4,1,0,3,4
2020-10-16,US,Alabama,Etowah,3924,49,0,34.04567266,-86.04051873,1055.0,3836.977353619901,1.2487257900101936,3875,3896,48,0,3848,3869,102501,28,1,0,27,27
2020-10-16,US,Alabama,Fayette,532,12,0,33.72076938,-87.73886638,1057.0,3263.403263403264,2.255639097744361,520,525,11,0,514,520,16433,7,1,0,6,5
2020-10-16,US,Alabama,Franklin,1952,31,0,34.44235334,-87.84289505,1059.0,6224.092851221223,1.588114754098361,1921,1928,31,0,1897,1916,31363,24,0,0,24,12
2020-10-16,US,Alabama,Geneva,814,7,0,31.09389027,-85.83572839,1061.0,3098.4736020707237,0.85995085995086,807,810,7,0,803,806,26314,4,0,0,4,4
2020-10-16,US,Alabama,Greene,329,16,0,32.85504247,-87.95684022,1063.0,4056.219948218469,4.863221884498481,313,328,15,0,313,329,8233,1,1,0,0,-1
2020-10-16,US,Alabama,Hale,729,29,0,32.76039258,-87.63284988,1065.0,4975.769572042864,3.9780521262002737,700,726,29,0,697,714,14726,3,0,0,3,12
2020-10-16,US,Alabama,Henry,620,6,0,31.51148016,-85.24267944,1067.0,3603.603603603604,0.967741935483871,614,615,6,0,609,611,17209,5,0,0,5,4
2020-10-16,US,Alabama,Houston,3582,32,0,31.15197924,-85.29939599,1069.0,3383.011276704256,0.8933556672250139,3550,3559,29,0,3530,3537,104722,23,3,0,20,22
2020-10-16,US,Alabama,Jackson,1943,14,0,34.78144169,-85.99750489,1071.0,3763.607484600783,0.7205352547606794,1929,1901,13,0,1888,1876,51736,42,1,0,41,25
2020-10-16,US,Alabama,Jefferson,22030,371,0,33.55554728,-86.89506300000002,1073.0,3345.1113240293785,1.6840671811166592,21659,21897,364,0,21533,21746,659300,133,7,0,126,151
2020-10-16,US,Alabama,Lamar,441,5,0,33.77995024,-88.09668032,1075.0,3194.4947482796088,1.1337868480725624,436,429,3,0,426,426,13844,12,2,0,10,3
2020-10-16,US,Alabama,Lauderdale,1994,40,0,34.90171875,-87.65624729,1077.0,2150.352101284388,2.0060180541624875,1954,1974,39,0,1935,1950,92387,20,1,0,19,24
2020-10-16,US,Alabama,Lawrence,772,30,0,34.52041498,-87.31069453,1079.0,2344.7940711942656,3.886010362694301,742,759,30,0,729,748,32957,13,0,0,13,11
2020-10-16,US,Alabama,Lee,6400,66,0,32.60154883,-85.35132246,1081.0,3889.584422214389,1.03125,6334,6367,66,0,6301,6346,163941,33,0,0,33,21
2020-10-16,US,Alabama,Limestone,2638,27,0,34.81185586,-86.98310072,1083.0,2666.9362584036803,1.023502653525398,2611,2605,27,0,2578,2574,96174,33,0,0,33,31
2020-10-16,US,Alabama,Lowndes,693,27,0,32.1597283,-86.65158371,1085.0,7125.231338679827,3.8961038961038965,666,687,27,0,660,685,9974,6,0,0,6,2
2020-10-16,US,Alabama,Macon,523,19,0,32.38759944,-85.69267724,1087.0,2894.6203232233784,3.6328871892925427,504,521,19,0,502,520,18439,2,0,0,2,1
2020-10-16,US,Alabama,Madison,8818,92,0,34.76327133,-86.55069633,1089.0,2364.6519660292456,1.0433204808346563,8726,8742,88,0,8654,8678,366519,76,4,0,72,64
2020-10-16,US,Alabama,Marengo,938,21,0,32.24767634,-87.78796182,1091.0,4972.697874145152,2.238805970149253,917,928,21,0,907,910,19066,10,0,0,10,18
2020-10-16,US,Alabama,Marion,1036,29,0,34.13697363,-87.88704173,1093.0,3487.1587734356604,2.7992277992277987,1007,1032,29,0,1003,1025,29763,4,0,0,4,7
2020-10-16,US,Alabama,Marshall,4209,48,0,34.36975964,-86.30486727,1095.0,4349.308698617399,1.1404133998574484,4161,4194,47,0,4147,4182,96109,15,1,0,14,12
2020-10-16,US,Alabama,Mobile,14160,313,0,30.78472347,-88.20842409,1097.0,3426.8289731613463,2.2104519774011298,13847,14120,313,0,13807,14056,413757,40,0,0,40,64
2020-10-16,US,Alabama,Monroe,619,9,0,31.56729412,-87.36995001,1099.0,2985.578546278879,1.4539579967689822,610,618,9,0,609,615,21067,1,0,0,1,3
2020-10-16,US,Alabama,Montgomery,9517,196,0,32.2206831,-86.20969272,1101.0,4202.025732274843,2.0594725228538406,9321,9453,195,0,9258,9399,225763,64,1,0,63,54
2020-10-16,US,Alabama,Morgan,3846,32,0,34.45500589,-86.85475946,1103.0,3213.5963702905274,0.8320332813312532,3814,3800,32,0,3768,3757,119089,46,0,0,46,43
2020-10-16,US,Alabama,Perry,576,6,0,32.64048341,-87.29770589,1105.0,6455.228062310883,1.0416666666666667,570,577,6,0,571,575,9140,-1,0,0,-1,2
2020-10-16,US,Alabama,Pickens,775,17,0,33.28094866,-88.08818103,1107.0,3888.61013547416,2.1935483870967745,758,761,17,0,744,747,19938,14,0,0,14,14
2020-10-16,US,Alabama,Pike,1293,12,0,31.80396383,-85.9408295,1109.0,3904.692879144773,0.9280742459396752,1281,1288,12,0,1276,1284,33338,5,0,0,5,4
2020-10-16,US,Alabama,Randolph,774,14,0,33.29526734,-85.45708831,1111.0,3406.390282545551,1.8087855297157625,760,766,14,0,752,761,22725,8,0,0,8,5
2020-10-16,US,Alabama,Russell,1889,3,0,32.28725256,-85.18415324,1113.0,3259.0880074532874,0.15881418740074113,1886,1874,3,0,1871,1868,57781,15,0,0,15,6
2020-10-16,US,Alabama,Shelby,6906,60,0,33.26879845,-86.66232561,1117.0,3172.2262542374438,0.8688097306689835,6846,6853,60,0,6793,6804,215707,53,0,0,53,49
2020-10-16,US,Alabama,St. Clair,2705,42,0,33.71902176,-86.31029372,1115.0,3021.941192242381,1.55268022181146,2663,2676,42,0,2634,2647,88690,29,0,0,29,29
2020-10-16,US,Alabama,Sumter,463,21,0,32.59117397,-88.19916205,1119.0,3725.758429226684,4.535637149028077,442,461,21,0,440,459,12691,2,0,0,2,2
2020-10-16,US,Alabama,Talladega,2495,34,0,33.37823223,-86.16886178,1121.0,3119.6078921703474,1.3627254509018036,2461,2473,34,0,2439,2454,79828,22,0,0,22,19
2020-10-16,US,Alabama,Tallapoosa,1249,86,0,32.86698258,-85.79833053,1123.0,3094.111526742141,6.88550840672538,1163,1245,85,0,1160,1236,40497,4,1,0,3,9
2020-10-16,US,Alabama,Tuscaloosa,9747,132,0,33.28726072,-87.52556818,1125.0,4655.728308375726,1.3542628501077254,9615,9702,130,0,9572,9651,208911,45,2,0,43,51
2020-10-16,US,Alabama,Walker,2615,92,0,33.80270512,-87.30027177,1127.0,4116.748791738165,3.5181644359464626,2523,2602,91,0,2511,2590,63711,13,1,0,12,12
2020-10-16,US,Alabama,Washington,615,12,0,31.4092794,-88.20689944,1129.0,3766.997427416391,1.951219512195122,603,613,12,0,601,611,16378,2,0,0,2,2
2020-10-16,US,Alabama,Wilcox,554,12,0,31.98773215,-87.30891118,1131.0,5340.78858575147,2.166064981949458,542,554,12,0,542,554,10627,0,0,0,0,0
2020-10-16,US,Alabama,Winston,870,13,0,34.15030532,-87.37325922,1133.0,3681.9162893055145,1.4942528735632183,857,865,13,0,852,856,23660,5,0,0,5,9
2020-10-16,US,Alaska,Aleutians East,5,0,0,55.32222414,-161.9722021,2013.0,149.8351813005694,0.0,5,5,0,0,5,5,3515,0,0,0,0,0
2020-10-16,US,Alaska,Aleutians West,5,0,0,52.3233,-174.1596,2016.0,88.74689385871494,0.0,5,5,0,0,5,5,5723,0,0,0,0,0
2020-10-16,US,Alaska,Anchorage,5888,40,0,61.14998174,-149.14269860000005,2020.0,2044.4444444444448,0.6793478260869565,5848,5777,41,0,5736,5699,291538,111,-1,0,112,78
2020-10-16,US,Alaska,Bethel,229,0,0,60.90980451,-159.8561831,2050.0,1245.5128902425756,0.0,229,214,1,0,213,189,18216,15,-1,0,16,25
2020-10-16,US,Alaska,Bristol Bay,10,0,0,58.74513976,-156.701064,2060.0,1196.1722488038274,0.0,10,10,0,0,10,10,877,0,0,0,0,0
2020-10-16,US,Alaska,Denali,15,0,0,63.67264044,-150.0076108,2068.0,715.307582260372,0.0,15,13,0,0,13,13,2059,2,0,0,2,0
2020-10-16,US,Alaska,Dillingham,15,0,0,59.79603738,-158.23819419999995,2070.0,305.12611879576895,0.0,15,12,0,0,12,12,5000,3,0,0,3,0
2020-10-16,US,Alaska,Fairbanks North Star,1678,12,0,64.80726247,-146.5692662,2090.0,1732.5940381418498,0.7151370679380215,1666,1646,11,0,1635,1626,98971,32,1,0,31,20
2020-10-16,US,Alaska,Haines,6,0,0,59.09893571,-135.4679843,2100.0,237.15415019762847,0.0,6,6,0,0,6,6,2474,0,0,0,0,0
2020-10-16,US,Alaska,Juneau,346,3,0,58.45031811,-134.200436,2110.0,1082.1292299993745,0.8670520231213873,343,338,3,0,335,335,32113,8,0,0,8,3
2020-10-16,US,Alaska,Kenai Peninsula,545,4,0,60.24429722,-151.53888840000005,2122.0,928.3232268174696,0.7339449541284404,541,542,3,0,539,539,58533,3,1,0,2,3
2020-10-16,US,Alaska,Ketchikan Gateway,56,0,0,55.57445008,-130.975561,2130.0,402.848715919718,0.0,56,56,0,0,56,54,13918,0,0,0,0,2
2020-10-16,US,Alaska,Kodiak Island,46,0,0,57.65529415,-153.7493579,2150.0,353.9006000923218,0.0,46,41,0,0,41,41,13345,5,0,0,5,0
2020-10-16,US,Alaska,Kusilvak,24,0,0,62.15429159999999,-163.39678830000003,2158.0,288.6697137358672,0.0,24,24,0,0,24,24,8303,0,0,0,0,0
2020-10-16,US,Alaska,Matanuska-Susitna,796,3,0,62.31305045,-149.5741743,2170.0,734.8800280657698,0.3768844221105528,793,778,2,0,776,766,107610,18,1,0,17,12
2020-10-16,US,Alaska,Nome,107,0,0,64.90320724,-164.0353804,2180.0,1069.5721711315473,0.0,107,107,0,0,107,107,10008,0,0,0,0,0
2020-10-16,US,Alaska,North Slope,193,0,0,69.31479216,-153.4836093,2185.0,1962.9780309194464,0.0,193,180,0,0,180,178,9872,13,0,0,13,2
2020-10-16,US,Alaska,Northwest Arctic,195,0,0,67.04919196,-159.7503946,2188.0,2558.719328172156,0.0,195,191,0,0,191,187,7671,4,0,0,4,4
2020-10-16,US,Alaska,Petersburg,8,1,0,57.13978948,-132.9540995,2195.0,244.94794856093085,12.5,7,8,1,0,7,8,3221,0,0,0,0,0
2020-10-16,US,Alaska,Prince of Wales-Hyder,33,0,0,55.76261984,-133.0511621,2198.0,532.0006448492667,0.0,33,31,0,0,31,31,6422,2,0,0,2,0
2020-10-16,US,Alaska,Sitka,55,0,0,57.24124555,-135.3206587,2220.0,647.5921346991639,0.0,55,55,0,0,55,55,8647,0,0,0,0,0
2020-10-16,US,Alaska,Skagway,1,0,0,59.56149996,-135.33377480000001,2230.0,84.53085376162298,0.0,1,,,,,,1148,,,,,
2020-10-16,US,Alaska,Southeast Fairbanks,37,0,0,63.87692095,-143.2127643,2240.0,536.7764398665313,0.0,37,36,0,0,36,34,6918,1,0,0,1,2
2020-10-16,US,Alaska,Unassigned,24,0,0,0.0,0.0,90002.0,0.0,0.0,24,23,0,0,23,22,,1,0,0,1,1
2020-10-16,US,Alaska,Valdez-Cordova,98,1,0,61.47502768,-144.7126799,2261.0,1064.9858726363834,1.020408163265306,97,93,1,0,92,92,9164,5,0,0,5,1
2020-10-16,US,Alaska,Wrangell,13,0,0,56.3202004,-132.05837309999998,2275.0,519.5843325339728,0.0,13,13,0,0,13,13,2503,0,0,0,0,0
2020-10-16,US,Alaska,Yakutat,26,0,0,59.890980799999994,-140.36014509999998,2282.0,4490.500863557859,0.0,26,25,0,0,25,25,604,1,0,0,1,0
2020-10-16,US,Alaska,Yukon-Koyukuk,95,2,0,65.50815459,-151.39073869999999,2290.0,1816.4435946462713,2.1052631578947367,93,94,2,0,92,94,5327,1,0,0,1,0
2020-10-16,US,Arizona,Apache,3751,167,0,35.39465006,-109.4892383,4001.0,5217.91144435016,4.452146094374833,3584,3742,167,0,3575,3734,71818,9,0,0,9,8
2020-10-16,US,Arizona,Cochise,2015,73,0,31.87934684,-109.7516088,4003.0,1600.1969473165927,3.6228287841191062,1942,2005,73,0,1932,1986,126770,10,0,0,10,19
2020-10-16,US,Arizona,Coconino,4643,147,0,35.83883429,-111.77071780000001,4005.0,3236.08129582648,3.1660564290329534,4496,4629,145,0,4484,4563,142854,14,2,0,12,66
2020-10-16,US,Arizona,Gila,1694,63,0,33.80190085,-110.8132779,4007.0,3135.991706468215,3.71900826446281,1631,1633,62,0,1571,1597,53889,61,1,0,60,36
2020-10-16,US,Arizona,Graham,1007,26,0,32.93166885,-109.8882178,4009.0,2592.888225146124,2.5819265143992056,981,977,26,0,951,963,38072,30,0,0,30,14
2020-10-16,US,Arizona,Greenlee,68,2,0,33.21498827,-109.2405279,4011.0,715.9401979364078,2.9411764705882355,66,70,1,0,69,66,9483,-2,1,0,-3,4
2020-10-16,US,Arizona,La Paz,581,16,0,33.72854224,-113.98100290000001,4012.0,2752.510896342619,2.753872633390705,565,577,16,0,561,575,21098,4,0,0,4,2
2020-10-16,US,Arizona,Maricopa,148612,3500,0,33.34835867,-112.49181540000001,4013.0,3313.228165783582,2.3551261001803354,145112,148152,3489,0,144663,147551,4410824,460,11,0,449,601
2020-10-16,US,Arizona,Mohave,4156,229,0,35.70471703,-113.7577902,4015.0,1958.7050678430207,5.510105871029836,3927,4138,228,0,3910,4121,209550,18,1,0,17,17
2020-10-16,US,Arizona,Navajo,6136,236,0,35.3997715,-110.3218983,4017.0,5531.715408748332,3.8461538461538463,5900,6120,236,0,5884,5959,110445,16,0,0,16,161
2020-10-16,US,Arizona,Pima,26769,633,0,32.0971334,-111.7890033,4019.0,2556.0523986444878,2.3646755575479097,26136,26727,633,0,26094,26632,1039073,42,0,0,42,95
2020-10-16,US,Arizona,Pinal,11242,213,0,32.90525627,-111.3449483,4021.0,2429.1847904768697,1.8946806618039496,11029,11203,213,0,10990,11152,447138,39,0,0,39,51
2020-10-16,US,Arizona,Santa Cruz,2936,64,0,31.52508998,-110.8479088,4023.0,6314.250075272054,2.1798365122615806,2872,2935,64,0,2871,2921,46511,1,0,0,1,14
2020-10-16,US,Arizona,Yavapai,2753,86,0,34.59933926,-112.5538588,4025.0,1170.9960484731967,3.1238648746821647,2667,2748,86,0,2662,2727,231993,5,0,0,5,21
2020-10-16,US,Arizona,Yuma,13123,351,0,32.76895712,-113.90666740000002,4027.0,6138.352659422697,2.6746932865960527,12772,13092,349,0,12743,13088,212128,31,2,0,29,4
2020-10-16,US,Arkansas,Arkansas,594,11,0,34.29145151,-91.37277296,5001.0,3397.003316939266,1.851851851851852,583,582,11,0,571,578,17769,12,0,0,12,4
2020-10-16,US,Arkansas,Ashley,495,12,0,33.19153461,-91.76984709999999,5003.0,2518.186905428092,2.4242424242424243,483,491,12,0,479,488,20046,4,0,0,4,3
2020-10-16,US,Arkansas,Baxter,518,7,0,36.28784385,-92.33782872,5005.0,1235.33339692836,1.351351351351351,511,506,5,0,501,490,41619,12,2,0,10,16
2020-10-16,US,Arkansas,Benton,7512,102,0,36.33644656,-94.25680817,5007.0,2691.113093382914,1.3578274760383386,7410,7445,102,0,7343,7348,272608,67,0,0,67,97
2020-10-16,US,Arkansas,Boone,940,27,0,36.3084504,-93.09374925,5009.0,2511.220346227827,2.872340425531915,913,912,27,0,885,899,37480,28,0,0,28,13
2020-10-16,US,Arkansas,Bradley,354,8,0,33.46755808,-92.15980837,5011.0,3289.0458050729358,2.2598870056497176,346,350,8,0,342,350,10897,4,0,0,4,0
2020-10-16,US,Arkansas,Calhoun,41,0,0,33.55598792,-92.49974403,5013.0,790.1329735979957,0.0,41,40,0,0,40,39,5277,1,0,0,1,1
2020-10-16,US,Arkansas,Carroll,921,12,0,36.34038560000001,-93.54270261,5015.0,3245.243128964059,1.3029315960912051,909,907,12,0,895,893,28223,14,0,0,14,14
2020-10-16,US,Arkansas,Chicot,1027,22,0,33.26458973,-91.29539209,5017.0,10150.227317651708,2.142161635832522,1005,1025,22,0,1003,1022,10438,2,0,0,2,3
2020-10-16,US,Arkansas,Clark,452,5,0,34.04613432,-93.17484713,5019.0,2025.0896057347672,1.106194690265487,447,448,5,0,443,437,22061,4,0,0,4,11
2020-10-16,US,Arkansas,Clay,413,11,0,36.36826212,-90.4148172,5021.0,2838.2929008315577,2.6634382566585955,402,405,11,0,394,396,14847,8,0,0,8,9
2020-10-16,US,Arkansas,Cleburne,410,14,0,35.53864922,-92.02640019,5023.0,1645.3308720253622,3.414634146341464,396,406,14,0,392,399,24965,4,0,0,4,7
2020-10-16,US,Arkansas,Cleveland,199,12,0,33.89723187,-92.18537045,5025.0,2501.256913021619,6.030150753768845,187,198,12,0,186,198,8018,1,0,0,1,0
2020-10-16,US,Arkansas,Columbia,639,19,0,33.21230701,-93.22642793,5027.0,2724.1335209106023,2.97339593114241,620,634,19,0,615,622,23537,5,0,0,5,12
2020-10-16,US,Arkansas,Conway,326,3,0,35.26205537,-92.70506566,5029.0,1563.8491796987432,0.9202453987730062,323,324,3,0,321,318,20891,2,0,0,2,6
2020-10-16,US,Arkansas,Craighead,3935,34,0,35.83018283,-90.63235729,5031.0,3566.5083565964533,0.8640406607369758,3901,3863,32,0,3831,3774,108558,72,2,0,70,89
2020-10-16,US,Arkansas,Crawford,1821,24,0,35.58928601,-94.2446814,5033.0,2878.7327884660986,1.317957166392092,1797,1803,22,0,1781,1778,63406,18,2,0,16,25
2020-10-16,US,Arkansas,Crittenden,2152,51,0,35.21247318,-90.30839406,5035.0,4487.5404024606405,2.369888475836431,2101,2131,51,0,2080,2098,48342,21,0,0,21,33
2020-10-16,US,Arkansas,Cross,532,20,0,35.29631396,-90.77185818,5037.0,3240.1486083196296,3.7593984962406015,512,521,19,0,502,518,16676,11,1,0,10,3
2020-10-16,US,Arkansas,Dallas,178,5,0,33.97042763,-92.65167437,5039.0,2539.591953203025,2.808988764044944,173,177,5,0,172,178,7182,1,0,0,1,-1
2020-10-16,US,Arkansas,Desha,361,7,0,33.83011025,-91.25500948,5041.0,3177.537188627761,1.9390581717451525,354,357,7,0,350,351,11512,4,0,0,4,6
2020-10-16,US,Arkansas,Drew,388,7,0,33.59035001,-91.71777921,5043.0,2129.644876228113,1.8041237113402064,381,387,7,0,380,381,18328,1,0,0,1,6
2020-10-16,US,Arkansas,Faulkner,3071,27,0,35.14719007,-92.33717519,5045.0,2437.1661891799663,0.8791924454575057,3044,3038,27,0,3011,2991,124806,33,0,0,33,47
2020-10-16,US,Arkansas,Franklin,446,2,0,35.51202821,-93.89299569,5047.0,2517.6404177250915,0.4484304932735426,444,439,2,0,437,426,17810,7,0,0,7,13
2020-10-16,US,Arkansas,Fulton,264,8,0,36.38177105,-91.81729127,5049.0,2115.8932435681654,3.0303030303030303,256,257,8,0,249,242,12269,7,0,0,7,15
2020-10-16,US,Arkansas,Garland,2222,58,0,34.57692074,-93.14921604,5051.0,2235.727366027408,2.6102610261026102,2164,2206,57,0,2149,2167,99154,16,1,0,15,39
2020-10-16,US,Arkansas,Grant,331,4,0,34.29017991,-92.42320562,5053.0,1812.2091431699973,1.2084592145015105,327,329,4,0,325,324,18188,2,0,0,2,5
2020-10-16,US,Arkansas,Greene,1212,15,0,36.11735460000001,-90.55832668,5055.0,2674.020959735245,1.2376237623762376,1197,1195,15,0,1180,1149,45325,17,0,0,17,46
2020-10-16,US,Arkansas,Hempstead,492,5,0,33.73325583,-93.66935133,5057.0,2284.971205647409,1.0162601626016259,487,487,5,0,482,480,21741,5,0,0,5,7
2020-10-16,US,Arkansas,Hot Spring,2091,30,0,34.31709259,-92.95396325,5059.0,6191.702940392644,1.4347202295552368,2061,2086,30,0,2056,2066,33701,5,0,0,5,20
2020-10-16,US,Arkansas,Howard,536,13,0,34.09007427,-93.9934871,5061.0,4059.990910468111,2.4253731343283578,523,532,12,0,520,527,13341,4,1,0,3,5
2020-10-16,US,Arkansas,Independence,1354,36,0,35.74242707,-91.57001641,5063.0,3579.643093192333,2.658788774002954,1318,1352,35,0,1317,1319,37678,2,1,0,1,33
2020-10-16,US,Arkansas,Izard,394,1,0,36.09604046,-91.90847954,5065.0,2890.894416318145,0.2538071065989848,393,391,1,0,390,356,13593,3,0,0,3,35
2020-10-16,US,Arkansas,Jackson,591,5,0,35.59802983,-91.21494602,5067.0,3534.900412704109,0.8460236886632826,586,585,5,0,580,572,16811,6,0,0,6,13
2020-10-16,US,Arkansas,Jefferson,3904,97,0,34.26767081,-91.92619839,5069.0,5842.212378786065,2.484631147540984,3807,3896,97,0,3799,3863,68114,8,0,0,8,33
2020-10-16,US,Arkansas,Johnson,933,8,0,35.56759135,-93.46036368,5071.0,3510.422153660922,0.857449088960343,925,929,8,0,921,925,26742,4,0,0,4,4
2020-10-16,US,Arkansas,Lafayette,146,3,0,33.24116713,-93.60677071,5073.0,2204.1062801932367,2.054794520547945,143,145,3,0,142,141,6682,1,0,0,1,4
2020-10-16,US,Arkansas,Lawrence,700,14,0,36.04188196,-91.10867198,5075.0,4266.731683530416,2.0,686,693,14,0,679,640,16434,7,0,0,7,53
2020-10-16,US,Arkansas,Lee,1096,18,0,34.78498904,-90.78383866,5077.0,12374.393135373151,1.6423357664233578,1078,1094,18,0,1076,1093,8985,2,0,0,2,1
2020-10-16,US,Arkansas,Lincoln,2180,17,0,33.95317155,-91.74002806,5079.0,16738.32923832924,0.7798165137614679,2163,2162,17,0,2145,2157,13383,18,0,0,18,5
2020-10-16,US,Arkansas,Little River,404,29,0,33.70375665,-94.23468591,5081.0,3295.537972102129,7.1782178217821775,375,404,29,0,375,402,12326,0,0,0,0,2
2020-10-16,US,Arkansas,Logan,531,2,0,35.21413234,-93.71951016,5083.0,2473.6793068107704,0.3766478342749529,529,520,2,0,518,516,21737,11,0,0,11,4
2020-10-16,US,Arkansas,Lonoke,1505,21,0,34.75392199,-91.88742357,5085.0,2052.9539347147006,1.3953488372093024,1484,1488,20,0,1468,1467,73657,17,1,0,16,21
2020-10-16,US,Arkansas,Madison,408,6,0,36.01038185,-93.72524943,5087.0,2461.3899613899607,1.4705882352941178,402,408,6,0,402,404,16481,0,0,0,0,4
2020-10-16,US,Arkansas,Marion,126,2,0,36.26844485,-92.68451899,5089.0,754.7621900083863,1.5873015873015872,124,122,2,0,120,121,16722,4,0,0,4,1
2020-10-16,US,Arkansas,Miller,1146,15,0,33.31403423,-93.89285258,5091.0,2649.282197101047,1.3089005235602094,1131,1127,14,0,1113,1067,43592,19,1,0,18,60
2020-10-16,US,Arkansas,Mississippi,1991,58,0,35.76271485,-90.05194370000002,5093.0,4897.788492288013,2.9131089904570566,1933,1944,57,0,1887,1918,41239,47,1,0,46,26
2020-10-16,US,Arkansas,Monroe,194,0,0,34.6815935,-91.20540287,5095.0,2895.090285032085,0.0,194,190,0,0,190,187,6900,4,0,0,4,3
2020-10-16,US,Arkansas,Montgomery,178,8,0,34.53704874,-93.65824478,5097.0,1980.8591141776096,4.49438202247191,170,177,8,0,169,175,8924,1,0,0,1,2
2020-10-16,US,Arkansas,Nevada,260,14,0,33.66340119,-93.30632432,5099.0,3150.7513330101788,5.384615384615384,246,259,14,0,245,257,8326,1,0,0,1,2
2020-10-16,US,Arkansas,Newton,282,19,0,35.91947491,-93.21612969,5101.0,3637.301689668515,6.73758865248227,263,279,19,0,260,278,7805,3,0,0,3,1
2020-10-16,US,Arkansas,Ouachita,326,7,0,33.58839816,-92.87795984,5103.0,1394.234881532803,2.147239263803681,319,314,7,0,307,307,23606,12,0,0,12,7
2020-10-16,US,Arkansas,Perry,124,0,0,34.945915299999996,-92.94372564,5105.0,1186.0353897656626,0.0,124,122,0,0,122,120,10352,2,0,0,2,2
2020-10-16,US,Arkansas,Phillips,671,15,0,34.43268455,-90.84800154,5107.0,3773.4787987852883,2.2354694485842033,656,661,15,0,646,638,18029,10,0,0,10,23
2020-10-16,US,Arkansas,Pike,253,2,0,34.16250414,-93.65789349,5109.0,2360.5150214592277,0.7905138339920948,251,253,3,0,250,251,10673,0,-1,0,1,2
2020-10-16,US,Arkansas,Poinsett,883,16,0,35.57433534,-90.66268713,5111.0,3752.975178510711,1.8120045300113248,867,868,15,0,853,850,23974,15,1,0,14,18
2020-10-16,US,Arkansas,Polk,332,4,0,34.48254879,-94.22728802,5113.0,1662.9933880985775,1.2048192771084338,328,325,4,0,321,319,20049,7,0,0,7,6
2020-10-16,US,Arkansas,Pope,2511,36,0,35.44871474,-93.03212219,5115.0,3919.0285928330627,1.4336917562724014,2475,2470,36,0,2434,2450,64000,41,0,0,41,20
2020-10-16,US,Arkansas,Prairie,191,4,0,34.83624419,-91.55162157,5117.0,2369.1391714214833,2.094240837696335,187,186,4,0,182,185,8074,5,0,0,5,1
2020-10-16,US,Arkansas,Pulaski,10954,193,0,34.77054088,-92.31355101,5119.0,2795.0223392555963,1.7619134562716816,10761,10862,189,0,10673,10727,392680,92,4,0,88,135
2020-10-16,US,Arkansas,Randolph,572,23,0,36.3415714,-91.02455531,5121.0,3185.2099342911242,4.020979020979021,549,566,23,0,543,555,17948,6,0,0,6,11
2020-10-16,US,Arkansas,Saline,2544,28,0,34.64916145,-92.67583224,5125.0,2077.803278420739,1.1006289308176103,2516,2521,28,0,2493,2487,121421,23,0,0,23,34
2020-10-16,US,Arkansas,Scott,146,1,0,34.85588887,-94.0632176,5127.0,1420.0953214667834,0.6849315068493149,145,141,1,0,140,132,10319,5,0,0,5,9
2020-10-16,US,Arkansas,Searcy,173,1,0,35.9109364,-92.69936482,5129.0,2195.1528993782517,0.5780346820809249,172,171,1,0,170,169,7958,2,0,0,2,2
2020-10-16,US,Arkansas,Sebastian,4457,87,0,35.19605503,-94.27162713,5131.0,3486.7438021701196,1.9519856405654028,4370,4427,87,0,4340,4366,127753,30,0,0,30,61
2020-10-16,US,Arkansas,Sevier,1256,19,0,33.99780401,-94.2424869,5133.0,7385.194331745752,1.5127388535031847,1237,1246,19,0,1227,1240,17139,10,0,0,10,6
2020-10-16,US,Arkansas,Sharp,293,9,0,36.16258158,-91.47819342,5135.0,1679.8532278408438,3.0716723549488054,284,290,9,0,281,286,17366,3,0,0,3,4
2020-10-16,US,Arkansas,St. Francis,1643,9,0,35.02201976,-90.74828138,5123.0,6573.5776586380725,0.5477784540474742,1634,1636,9,0,1627,1634,25439,7,0,0,7,2
2020-10-16,US,Arkansas,Stone,389,20,0,35.86251946,-92.15684085,5137.0,3110.5069566608026,5.141388174807198,369,390,19,0,371,388,12457,-1,1,0,-2,2
2020-10-16,US,Arkansas,Unassigned,1982,0,0,0.0,0.0,90005.0,0.0,0.0,1982,1908,0,0,1908,2028,,74,0,0,74,-120
2020-10-16,US,Arkansas,Union,1057,47,0,33.16887091,-92.59746952,5139.0,2732.5370973579447,4.4465468306527915,1010,1049,47,0,1002,1028,39126,8,0,0,8,21
2020-10-16,US,Arkansas,Van Buren,198,3,0,35.58095779,-92.51295036,5141.0,1196.7361740707165,1.5151515151515151,195,197,3,0,194,191,16603,1,0,0,1,6
2020-10-16,US,Arkansas,Washington,10748,131,0,35.976844,-94.21800746,5143.0,4493.555251748632,1.2188314104949758,10617,10663,129,0,10534,10552,236961,85,2,0,83,111
2020-10-16,US,Arkansas,White,1248,32,0,35.25688493,-91.74908296,5145.0,1584.7015351796122,2.5641025641025643,1216,1230,32,0,1198,1185,78727,18,0,0,18,45
2020-10-16,US,Arkansas,Woodruff,82,0,0,35.18902527,-91.2439489,5147.0,1297.4683544303798,0.0,82,79,0,0,79,74,6490,3,0,0,3,5
2020-10-16,US,Arkansas,Yell,1310,30,0,35.00292371,-93.41171338,5149.0,6138.419005669836,2.2900763358778624,1280,1303,30,0,1273,1299,21535,7,0,0,7,4
2020-10-16,US,California,Alameda,22408,439,0,37.64629437,-121.8929271,6001.0,1340.7294434548794,1.959121742234916,21969,22370,442,0,21928,22325,1666753,38,-3,0,41,45
2020-10-16,US,California,Alpine,3,0,0,38.59678594,-119.82235940000001,6003.0,265.72187776793623,0.0,3,3,0,0,3,3,1101,0,0,0,0,0
2020-10-16,US,California,Amador,309,16,0,38.44583082,-120.65696000000001,6005.0,777.3193801569732,5.17799352750809,293,308,16,0,292,306,39383,1,0,0,1,2
2020-10-16,US,California,Butte,3000,50,0,39.66727762,-121.6005252,6007.0,1368.7005556924255,1.6666666666666667,2950,2995,50,0,2945,2992,231256,5,0,0,5,3
2020-10-16,US,California,Calaveras,331,16,0,38.20537103,-120.55291299999999,6009.0,721.0543513778456,4.833836858006042,315,331,16,0,315,331,45602,0,0,0,0,0
2020-10-16,US,California,Colusa,545,6,0,39.17881957,-122.2331726,6011.0,2529.354434492041,1.1009174311926606,539,545,6,0,539,543,21627,0,0,0,0,2
2020-10-16,US,California,Contra Costa,17945,234,0,37.91923498,-121.9289527,6013.0,1555.6649785093705,1.3039843967679021,17711,17866,233,0,17633,17834,1150215,79,1,0,78,32
2020-10-16,US,California,Del Norte,173,1,0,41.74228275,-123.89740630000001,6015.0,622.0336545376098,0.5780346820809249,172,171,1,0,170,170,27828,2,0,0,2,1
2020-10-16,US,California,El Dorado,1271,4,0,38.77965956,-120.5233166,6017.0,659.0853699641677,0.3147128245476003,1267,1264,4,0,1260,1262,190678,7,0,0,7,2
2020-10-16,US,California,Fresno,29727,429,0,36.75733899,-119.6466953,6019.0,2975.3748620009387,1.4431325058028055,29298,29650,424,0,29226,29579,994400,77,5,0,72,71
2020-10-16,US,California,Glenn,638,3,0,39.59875897,-122.3938452,6021.0,2247.0327193322296,0.4702194357366771,635,635,3,0,632,635,28047,3,0,0,3,0
2020-10-16,US,California,Humboldt,544,8,0,40.69923009,-123.876044,6023.0,401.3042387760221,1.4705882352941178,536,544,8,0,536,542,136373,0,0,0,0,2
2020-10-16,US,California,Imperial,12410,335,0,33.0393082,-115.36690420000001,6025.0,6848.218966421102,2.6994359387590654,12075,12373,335,0,12038,12334,181827,37,0,0,37,39
2020-10-16,US,California,Inyo,210,15,0,36.51112084,-117.41119779999998,6027.0,1164.1443538998835,7.142857142857142,195,209,15,0,194,209,17987,1,0,0,1,0
2020-10-16,US,California,Kern,33225,406,0,35.34329425,-118.72777959999999,6029.0,3690.83827851971,1.2219714070729872,32819,33145,406,0,32739,33089,896764,80,0,0,80,56
2020-10-16,US,California,Kings,8134,83,0,36.07409056,-119.8159973,6031.0,5318.425526350204,1.020408163265306,8051,8118,82,0,8036,8111,151366,16,1,0,15,7
2020-10-16,US,California,Lake,642,14,0,39.10124298,-122.75362439999999,6033.0,997.1111732364177,2.1806853582554515,628,642,14,0,628,639,64382,0,0,0,0,3
2020-10-16,US,California,Lassen,752,1,0,40.67311306,-120.59350990000002,6035.0,2459.686651620711,0.13297872340425532,751,752,1,0,751,752,30802,0,0,0,0,0
2020-10-16,US,California,Los Angeles,287222,6855,0,34.30828379,-118.22824109999999,6037.0,2861.0313646422933,2.3866556183022194,280367,286183,6834,0,279349,285016,10105518,1039,21,0,1018,1167
2020-10-16,US,California,Madera,4836,73,0,37.21513971,-119.76655890000002,6039.0,3073.852549149224,1.5095119933829608,4763,4822,73,0,4749,4808,157672,14,0,0,14,14
2020-10-16,US,California,Marin,6966,124,0,38.07122463,-122.72106310000001,6041.0,2691.383400431177,1.7800746482917025,6842,6940,124,0,6816,6934,259666,26,0,0,26,6
2020-10-16,US,California,Mariposa,78,2,0,37.57978556,-119.9073334,6043.0,453.4092890774865,2.5641025641025643,76,77,2,0,75,77,17471,1,0,0,1,0
2020-10-16,US,California,Mendocino,1077,21,0,39.4381191,-123.39113130000001,6045.0,1241.5128704653655,1.9498607242339836,1056,1063,21,0,1042,1055,87606,14,0,0,14,8
2020-10-16,US,California,Merced,9302,152,0,37.18922369,-120.72090349999999,6047.0,3349.899164505906,1.6340571920017202,9150,9286,152,0,9134,9265,274765,16,0,0,16,21
2020-10-16,US,California,Modoc,27,0,0,41.58965602,-120.7244817,6049.0,305.3953172718018,0.0,27,27,0,0,27,28,8777,0,0,0,0,-1
2020-10-16,US,California,Mono,174,2,0,37.93899289,-118.8872409,6051.0,1204.6524508446416,1.1494252873563218,172,173,2,0,171,173,14250,1,0,0,1,0
2020-10-16,US,California,Monterey,10887,82,0,36.21862405,-121.24133970000001,6053.0,2508.172814420093,0.7531918802241205,10805,10827,81,0,10746,10748,435594,60,1,0,59,79
2020-10-16,US,California,Napa,1842,14,0,38.50735751,-122.33283899999999,6055.0,1337.2633290742247,0.760043431053203,1828,1837,14,0,1823,1825,139417,5,0,0,5,12
2020-10-16,US,California,Nevada,579,8,0,39.30394768,-120.76272809999999,6057.0,580.422033983259,1.381692573402418,571,576,8,0,568,573,99696,3,0,0,3,3
2020-10-16,US,California,Orange,56587,1401,0,33.70147516,-117.76459979999998,6059.0,1781.8793510201874,2.475833672044816,55186,56436,1391,0,55045,56283,3185968,151,10,0,141,153
2020-10-16,US,California,Placer,3880,52,0,39.06167234,-120.72405690000001,6061.0,974.0691739742776,1.3402061855670102,3828,3864,52,0,3812,3845,393149,16,0,0,16,19
2020-10-16,US,California,Plumas,53,0,0,40.00355989,-120.8395236,6063.0,281.80996437496674,0.0,53,53,0,0,53,53,18804,0,0,0,0,0
2020-10-16,US,California,Riverside,63284,1269,0,33.74314981,-115.9933578,6065.0,2561.5390282148155,2.005246191770432,62015,63125,1269,0,61856,62900,2450758,159,0,0,159,225
2020-10-16,US,California,Sacramento,24102,464,0,38.45106826,-121.34253740000001,6067.0,1552.9058836718732,1.9251514397145464,23638,24060,462,0,23598,23969,1540975,42,2,0,40,91
2020-10-16,US,California,San Benito,1396,14,0,36.60308176,-121.069975,6069.0,2222.646796586422,1.002865329512894,1382,1392,13,0,1379,1390,61537,4,1,0,3,2
2020-10-16,US,California,San Bernardino,59463,989,0,34.84060306,-116.1774685,6071.0,2727.5542008683146,1.6632191446782032,58474,59169,988,0,58181,58936,2171603,294,1,0,293,233
2020-10-16,US,California,San Diego,51781,865,0,33.03484597,-116.73653259999999,6073.0,1551.1048937642474,1.6704969004074854,50916,51470,847,0,50623,51327,3343364,311,18,0,293,143
2020-10-16,US,California,San Francisco,11808,131,0,37.75215114,-122.43856720000001,6075.0,1339.4604270437605,1.1094173441734418,11677,11783,126,0,11657,11712,883305,25,5,0,20,71
2020-10-16,US,California,San Joaquin,21138,483,0,37.93433732,-121.2730061,6077.0,2773.4770674462184,2.2849843883054217,20655,21100,483,0,20617,21064,752660,38,0,0,38,36
2020-10-16,US,California,San Luis Obispo,3969,32,0,35.38822029,-120.4039028,6079.0,1401.9236271285818,0.8062484252960443,3937,3933,32,0,3901,3924,284010,36,0,0,36,9
2020-10-16,US,California,San Mateo,10687,157,0,37.422880799999994,-122.32755459999998,6081.0,1394.1268476713894,1.4690745765883784,10530,10655,155,0,10500,10622,769545,32,2,0,30,33
2020-10-16,US,California,Santa Barbara,9540,118,0,34.65329488,-120.0188492,6083.0,2136.6229263671357,1.2368972746331235,9422,9520,117,0,9403,9503,446527,20,1,0,19,17
2020-10-16,US,California,Santa Clara,22974,373,0,37.23104908,-121.6970462,6085.0,1185.7238003747175,1.6235744754940369,22601,22859,367,0,22492,22801,1937570,115,6,0,109,58
2020-10-16,US,California,Santa Cruz,2670,23,0,37.05580291,-122.0066524,6087.0,977.2595008290236,0.8614232209737828,2647,2633,23,0,2610,2618,274255,37,0,0,37,15
2020-10-16,US,California,Shasta,1666,29,0,40.76391419,-122.0396884,6089.0,925.1443802754332,1.7406962785114046,1637,1640,28,0,1612,1623,180040,26,1,0,25,17
2020-10-16,US,California,Sierra,6,0,0,39.57713498,-120.52007009999998,6091.0,199.6672212978369,0.0,6,6,0,0,6,6,2987,0,0,0,0,0
2020-10-16,US,California,Siskiyou,183,0,0,41.59198861,-122.54074340000001,6093.0,420.3128229862882,0.0,183,183,0,0,183,182,43724,0,0,0,0,1
2020-10-16,US,California,Solano,7009,74,0,38.26827353,-121.9357113,6095.0,1565.7566408946414,1.0557854187473248,6935,6951,74,0,6877,6908,446610,58,0,0,58,43
2020-10-16,US,California,Sonoma,8717,129,0,38.52746429,-122.88625060000001,6097.0,1763.3755178663903,1.4798669266949638,8588,8684,128,0,8556,8615,499942,33,1,0,32,69
2020-10-16,US,California,Stanislaus,17198,391,0,37.55862499,-120.9970722,6099.0,3123.1612973522692,2.27352017676474,16807,17160,389,0,16771,17130,549815,38,2,0,36,30
2020-10-16,US,California,Sutter,1793,12,0,39.03417539,-121.6945899,6101.0,1849.0064039764466,0.6692693809258227,1781,1785,12,0,1773,1785,96807,8,0,0,8,0
2020-10-16,US,California,Tehama,726,8,0,40.12570935,-122.23701709999999,6103.0,1115.4815315592157,1.1019283746556474,718,722,8,0,714,717,63916,4,0,0,4,5
2020-10-16,US,California,Trinity,20,0,0,40.64917670000001,-123.114713,6105.0,162.8001628001628,0.0,20,21,0,0,21,21,12535,-1,0,0,-1,0
2020-10-16,US,California,Tulare,17072,274,0,36.22026558,-118.8020203,6107.0,3661.986936796834,1.6049671977507032,16798,17015,273,0,16742,16976,465861,57,1,0,56,39
2020-10-16,US,California,Tuolumne,244,4,0,38.02644018,-119.95250929999999,6109.0,447.88722052938795,1.639344262295082,240,242,4,0,238,242,54539,2,0,0,2,0
2020-10-16,US,California,Ventura,13750,159,0,34.44465746,-119.09106129999999,6111.0,1625.2839814374838,1.1563636363636365,13591,13697,158,0,13539,13645,850967,53,1,0,52,52
2020-10-16,US,California,Yolo,3034,56,0,38.68278902,-121.90182879999999,6113.0,1375.9637188208615,1.8457481872116017,2978,3015,56,0,2959,3010,220408,19,0,0,19,5
2020-10-16,US,California,Yuba,1246,10,0,39.26255932,-121.35356440000001,6115.0,1583.8714598057659,0.8025682182985554,1236,1243,10,0,1233,1239,78041,3,0,0,3,4
2020-10-16,US,Colorado,Adams,11497,247,0,39.87432092,-104.3362578,8001.0,2221.9817131504133,2.1483865356179868,11250,11303,245,0,11058,11085,511868,194,2,0,192,218
2020-10-16,US,Colorado,Alamosa,272,9,0,37.57250606,-105.7885451,8003.0,1675.5990882769668,3.3088235294117645,263,271,9,0,262,267,16683,1,0,0,1,4
2020-10-16,US,Colorado,Arapahoe,10911,376,0,39.64977461,-104.3353617,8005.0,1661.7676175391034,3.4460636055356986,10535,10783,376,0,10407,10665,651215,128,0,0,128,118
2020-10-16,US,Colorado,Archuleta,58,0,0,37.19474156,-107.04768670000001,8007.0,413.42932496970565,0.0,58,58,0,0,58,58,13765,0,0,0,0,0
2020-10-16,US,Colorado,Baca,23,0,0,37.31940883,-102.5603223,8009.0,642.2786931024854,0.0,23,23,0,0,23,23,3585,0,0,0,0,0
2020-10-16,US,Colorado,Bent,12,0,0,37.95474293,-103.0720195,8011.0,215.16944593867672,0.0,12,12,0,0,12,12,5882,0,0,0,0,0
2020-10-16,US,Colorado,Boulder,4931,84,0,40.09313619,-105.3546767,8013.0,1511.6678316104428,1.7035084161427705,4847,4891,82,0,4809,4850,326078,40,2,0,38,41
2020-10-16,US,Colorado,Broomfield,767,39,0,39.95998787,-105.0566324,8014.0,1088.4836443624497,5.084745762711863,728,763,37,0,726,756,69267,4,2,0,2,7
2020-10-16,US,Colorado,Chaffee,359,20,0,38.74745778,-106.19265729999998,8015.0,1763.607781489487,5.571030640668523,339,358,20,0,338,358,20027,1,0,0,1,0
2020-10-16,US,Colorado,Cheyenne,14,0,0,38.82777431,-102.6032558,8017.0,764.6095030038231,0.0,14,14,0,0,14,14,1876,0,0,0,0,0
2020-10-16,US,Colorado,Clear Creek,61,1,0,39.68864463,-105.6463118,8019.0,628.8659793814433,1.639344262295082,60,61,1,0,60,61,9605,0,0,0,0,0
2020-10-16,US,Colorado,Conejos,48,0,0,37.201606,-106.19174879999998,8021.0,585.0091407678245,0.0,48,44,0,0,44,44,8200,4,0,0,4,0
2020-10-16,US,Colorado,Costilla,34,1,0,37.27732493,-105.4276548,8023.0,874.7105737072293,2.9411764705882355,33,34,1,0,33,33,3828,0,0,0,0,1
2020-10-16,US,Colorado,Crowley,80,1,0,38.32608609,-103.7844965,8025.0,1319.9142055766376,1.25,79,78,1,0,77,77,5858,2,0,0,2,1
2020-10-16,US,Colorado,Custer,19,0,0,38.10883162,-105.3683478,8027.0,374.9013417521705,0.0,19,19,0,0,19,19,4954,0,0,0,0,0
2020-10-16,US,Colorado,Delta,195,4,0,38.86246243,-107.86313419999999,8029.0,625.7621462037097,2.051282051282051,191,194,4,0,190,194,30953,1,0,0,1,0
2020-10-16,US,Colorado,Denver,15590,440,0,39.76018276,-104.87256950000001,8031.0,2143.8069556153573,2.8223220012828736,15150,15383,440,0,14943,15222,716492,207,0,0,207,161
2020-10-16,US,Colorado,Dolores,3,0,0,37.75208676,-108.5211585,8033.0,145.98540145985402,0.0,3,3,0,0,3,3,2074,0,0,0,0,0
2020-10-16,US,Colorado,Douglas,3227,63,0,39.33133796,-104.930001,8035.0,918.9700245476345,1.9522776572668112,3164,3184,63,0,3121,3135,342776,43,0,0,43,49
2020-10-16,US,Colorado,Eagle,1338,10,0,39.62754308,-106.6933637,8037.0,2427.1228254757198,0.7473841554559043,1328,1335,10,0,1325,1331,54993,3,0,0,3,4
2020-10-16,US,Colorado,El Paso,8193,187,0,38.83240149,-104.5251411,8041.0,1137.2801057186048,2.282436226046625,8006,8064,187,0,7877,7908,713856,129,0,0,129,156
2020-10-16,US,Colorado,Elbert,179,3,0,39.28656773,-104.13587209999999,8039.0,669.6846122189382,1.675977653631285,176,177,3,0,174,177,26282,2,0,0,2,0
2020-10-16,US,Colorado,Fremont,453,1,0,38.47362326,-105.43996670000001,8043.0,946.9261481218252,0.22075055187637968,452,310,1,0,309,275,48021,143,0,0,143,35
2020-10-16,US,Colorado,Garfield,1053,5,0,39.59921777,-107.902708,8045.0,1753.217562145153,0.4748338081671415,1048,1047,5,0,1042,1028,59770,6,0,0,6,19
2020-10-16,US,Colorado,Gilpin,21,0,0,39.85646523,-105.5252597,8047.0,336.3767419509851,0.0,21,21,0,0,21,21,6121,0,0,0,0,0
2020-10-16,US,Colorado,Grand,127,1,0,40.10603347,-106.11780420000001,8049.0,807.1691877462822,0.7874015748031497,126,123,1,0,122,118,15525,4,0,0,4,5
2020-10-16,US,Colorado,Gunnison,296,7,0,38.66611652,-107.0320729,8051.0,1695.1093803688007,2.3648648648648654,289,296,7,0,289,297,17246,0,0,0,0,-1
2020-10-16,US,Colorado,Hinsdale,3,0,0,37.82247444,-107.3004345,8053.0,365.8536585365854,0.0,3,3,0,0,3,3,811,0,0,0,0,0
2020-10-16,US,Colorado,Huerfano,28,2,0,37.68473101,-104.9612585,8055.0,405.9736117152385,7.142857142857142,26,27,2,0,25,27,6889,1,0,0,1,0
2020-10-16,US,Colorado,Jackson,9,0,0,40.66593870000001,-106.3408905,8057.0,646.5517241379309,0.0,9,9,0,0,9,9,1399,0,0,0,0,0
2020-10-16,US,Colorado,Jefferson,6991,298,0,39.58635604,-105.2517692,8059.0,1199.3871819462292,4.262623372908025,6693,6887,296,0,6591,6806,580233,104,2,0,102,81
2020-10-16,US,Colorado,Kiowa,2,0,0,38.43260896,-102.7392145,8061.0,142.2475106685633,0.0,2,2,0,0,2,1,1383,0,0,0,0,1
2020-10-16,US,Colorado,Kit Carson,98,3,0,39.30497777,-102.60221990000001,8063.0,1380.8651542905454,3.0612244897959178,95,98,3,0,95,98,7163,0,0,0,0,0
2020-10-16,US,Colorado,La Plata,318,2,0,37.28632032,-107.8429014,8067.0,565.6249444157877,0.6289308176100629,316,305,2,0,303,302,56310,13,0,0,13,3
2020-10-16,US,Colorado,Lake,116,0,0,39.20278823,-106.35556969999999,8065.0,1427.3409622246832,0.0,116,114,0,0,114,112,7824,2,0,0,2,2
2020-10-16,US,Colorado,Larimer,3390,55,0,40.66671597,-105.4625784,8069.0,949.8485565944427,1.6224188790560472,3335,3327,55,0,3272,3259,350518,63,0,0,63,68
2020-10-16,US,Colorado,Las Animas,33,1,0,37.3153406,-104.03764579999999,8071.0,227.49207224596717,3.0303030303030303,32,31,0,0,31,30,14503,2,1,0,1,1
2020-10-16,US,Colorado,Lincoln,24,0,0,38.98749519,-103.51366490000001,8073.0,420.97877565339417,0.0,24,24,0,0,24,24,5610,0,0,0,0,0
2020-10-16,US,Colorado,Logan,1051,10,0,40.7249637,-103.110817,8075.0,4690.079878620198,0.9514747859181732,1041,1038,10,0,1028,1035,21528,13,0,0,13,3
2020-10-16,US,Colorado,Mesa,956,8,0,39.01787888,-108.469799,8077.0,619.9338564295441,0.8368200836820083,948,847,8,0,839,837,153207,109,0,0,109,10
2020-10-16,US,Colorado,Mineral,21,0,0,37.66954283,-106.92816979999999,8079.0,2730.8192457737327,0.0,21,21,0,0,21,20,776,0,0,0,0,1
2020-10-16,US,Colorado,Moffat,49,1,0,40.61810999,-108.2070876,8081.0,368.89256944967246,2.0408163265306123,48,49,1,0,48,48,13188,0,0,0,0,1
2020-10-16,US,Colorado,Montezuma,173,5,0,37.33859579,-108.59588570000001,8083.0,660.7340640873849,2.8901734104046244,168,173,5,0,168,172,26158,0,0,0,0,1
2020-10-16,US,Colorado,Montrose,412,13,0,38.40214114,-108.26390220000002,8085.0,963.5623742925301,3.155339805825242,399,412,13,0,399,405,42214,0,0,0,0,7
2020-10-16,US,Colorado,Morgan,804,48,0,40.26279810000001,-103.8093302,8087.0,2765.928168432641,5.970149253731344,756,800,48,0,752,788,28558,4,0,0,4,12
2020-10-16,US,Colorado,Otero,114,6,0,37.9014485,-103.7173385,8089.0,623.7006237006237,5.2631578947368425,108,114,6,0,108,113,18432,0,0,0,0,1
2020-10-16,US,Colorado,Ouray,32,1,0,38.14717457,-107.7675136,8091.0,646.2035541195477,3.125,31,32,1,0,31,32,4833,0,0,0,0,0
2020-10-16,US,Colorado,Park,69,1,0,39.120926000000004,-105.7182065,8093.0,366.14486601220483,1.4492753623188406,68,65,1,0,64,65,18556,4,0,0,4,0
2020-10-16,US,Colorado,Phillips,36,0,0,40.59414277,-102.3577703,8095.0,844.0797186400937,0.0,36,35,0,0,35,35,4286,1,0,0,1,0
2020-10-16,US,Colorado,Pitkin,255,2,0,39.21720112,-106.9310027,8097.0,1435.2451173523948,0.7843137254901961,253,253,2,0,251,250,17950,2,0,0,2,3
2020-10-16,US,Colorado,Prowers,104,0,0,37.95544985,-102.3926052,8099.0,854.4199802826158,0.0,104,102,0,0,102,99,12164,2,0,0,2,3
2020-10-16,US,Colorado,Pueblo,1514,40,0,38.17359144,-104.5127437,8101.0,898.9217688690449,2.6420079260237785,1474,1492,39,0,1453,1439,167529,22,1,0,21,53
2020-10-16,US,Colorado,Rio Blanco,25,0,0,39.97913541,-108.2179009,8103.0,395.31941808981657,0.0,25,25,0,0,25,25,6336,0,0,0,0,0
2020-10-16,US,Colorado,Rio Grande,112,2,0,37.5836865,-106.3847838,8105.0,994.0534303718823,1.7857142857142858,110,112,2,0,110,110,11250,0,0,0,0,2
2020-10-16,US,Colorado,Routt,180,8,0,40.48596505,-106.9905548,8107.0,702.0828457758015,4.4444444444444455,172,175,8,0,167,172,25733,5,0,0,5,3
2020-10-16,US,Colorado,Saguache,118,2,0,38.08054629,-106.28246599999999,8109.0,1729.1910902696366,1.6949152542372878,116,117,2,0,115,116,6843,1,0,0,1,1
2020-10-16,US,Colorado,San Juan,6,0,0,37.76248981,-107.67632890000002,8111.0,824.1758241758242,0.0,6,6,0,0,6,6,762,0,0,0,0,0
2020-10-16,US,Colorado,San Miguel,99,0,0,38.00450883,-108.4020725,8113.0,1210.4169213840325,0.0,99,99,0,0,99,97,8191,0,0,0,0,2
2020-10-16,US,Colorado,Sedgwick,16,1,0,40.87595412,-102.3519227,8115.0,711.7437722419929,6.25,15,16,1,0,15,16,2303,0,0,0,0,0
2020-10-16,US,Colorado,Summit,540,4,0,39.63803232,-106.1150762,8117.0,1741.3175969817166,0.7407407407407407,536,536,4,0,532,528,31007,4,0,0,4,8
2020-10-16,US,Colorado,Teller,187,4,0,38.88133511,-105.16148929999999,8119.0,736.5684575389947,2.1390374331550803,183,186,4,0,182,184,25083,1,0,0,1,2
2020-10-16,US,Colorado,Washington,78,0,0,39.97015535,-103.202587,8121.0,1589.2420537897312,0.0,78,77,0,0,77,74,4909,1,0,0,1,3
2020-10-16,US,Colorado,Weld,5307,155,0,40.55499405,-104.39296209999999,8123.0,1635.4794571206687,2.920670812134916,5152,5264,155,0,5109,5227,314305,43,0,0,43,37
2020-10-16,US,Colorado,Yuma,176,1,0,40.00346839,-102.4258673,8125.0,1756.6623415510528,0.5681818181818182,175,173,1,0,172,158,10020,3,0,0,3,15
2020-10-16,US,Connecticut,Fairfield,21368,1427,0,41.26809896,-73.3881171,9001.0,2265.1622122434096,6.6782104080868585,19941,21183,1427,0,19756,21128,943823,185,0,0,185,55
2020-10-16,US,Connecticut,Hartford,16273,1445,0,41.80283011,-72.73103891,9003.0,1824.9001928856592,8.879739445707614,14828,16058,1445,0,14613,16010,892697,215,0,0,215,48
2020-10-16,US,Connecticut,Litchfield,1991,143,0,41.7937534,-73.2451475,9005.0,1104.068584230285,7.18232044198895,1848,1959,143,0,1816,1956,181111,32,0,0,32,3
2020-10-16,US,Connecticut,Middlesex,1754,194,0,41.45949668,-72.53714864,9007.0,1079.8098943583934,11.060433295324971,1560,1733,193,0,1540,1720,162682,21,1,0,20,13
2020-10-16,US,Connecticut,New Haven,15455,1119,0,41.408032500000004,-72.93620426,9009.0,1808.11622484519,7.240375283079909,14336,15310,1119,0,14191,15263,857620,145,0,0,145,47
2020-10-16,US,Connecticut,New London,3083,130,0,41.48896435,-72.10430976,9011.0,1162.492552958832,4.216672072656503,2953,2924,129,0,2795,2918,266784,159,1,0,158,6
2020-10-16,US,Connecticut,Tolland,1565,67,0,41.85853803,-72.3308481,9013.0,1038.3423676859893,4.281150159744409,1498,1539,67,0,1472,1535,150921,26,0,0,26,4
2020-10-16,US,Connecticut,Unassigned,125,0,0,0.0,0.0,90009.0,0.0,0.0,125,129,0,0,129,148,,-4,0,0,-4,-19
2020-10-16,US,Connecticut,Windham,1216,17,0,41.82972709,-71.98182316,9015.0,1041.2563580003768,1.3980263157894737,1199,1193,17,0,1176,1183,117027,23,0,0,23,10
2020-10-16,US,Delaware,Kent,3285,119,0,39.08646628,-75.56884914,10001.0,1817.0654807341282,3.6225266362252655,3166,3272,119,0,3153,3259,178550,13,0,0,13,13
2020-10-16,US,Delaware,New Castle,11958,330,0,39.57992638,-75.64054974,10003.0,2140.1227375960398,2.7596588058203717,11628,11851,330,0,11521,11787,559335,107,0,0,107,64
2020-10-16,US,Delaware,Sussex,7390,213,0,38.66143781,-75.39031349,10005.0,3155.0859216565277,2.8822733423545333,7177,7346,212,0,7134,7328,229286,44,1,0,43,18
2020-10-16,US,Delaware,Unassigned,91,0,0,0.0,0.0,90010.0,0.0,0.0,91,91,0,0,91,91,,0,0,0,0,0
2020-10-16,US,District of Columbia,District of Columbia,16255,641,0,38.90417773,-77.01655992,11001.0,2303.226784593389,3.9434020301445702,15614,16166,638,0,15528,16132,702455,89,3,0,86,34
2020-10-16,US,Florida,Alachua,9307,70,0,29.67866525,-82.35928158,12001.0,3459.298327776601,0.7521220586655206,9237,9190,70,0,9120,9133,269956,117,0,0,117,57
2020-10-16,US,Florida,Baker,1672,17,0,30.33060121,-82.28467476,12003.0,5724.0671003081125,1.0167464114832536,1655,1655,17,0,1638,1642,28355,17,0,0,17,13
2020-10-16,US,Florida,Bay,6408,125,0,30.26548745,-85.62122584,12005.0,3667.89731261269,1.9506866416978776,6283,6394,125,0,6269,6366,185287,14,0,0,14,28
2020-10-16,US,Florida,Bradford,1197,11,0,29.95079741,-82.16611613,12007.0,4244.530335803695,0.9189640768588136,1186,1194,11,0,1183,1187,27732,3,0,0,3,7
2020-10-16,US,Florida,Brevard,10268,342,0,28.29409504,-80.73091022,12009.0,1705.8121878852114,3.3307362680171413,9926,10183,337,0,9846,10110,596849,85,5,0,80,73
2020-10-16,US,Florida,Broward,80443,1500,0,26.15184651,-80.48725556,12011.0,4119.413471474995,1.8646743656999365,78943,80112,1492,0,78620,79876,1951260,331,8,0,323,236
2020-10-16,US,Florida,Calhoun,663,14,0,30.40666734,-85.19394153,12013.0,4700.460829493088,2.1116138763197587,649,658,14,0,644,653,14587,5,0,0,5,5
2020-10-16,US,Florida,Charlotte,3332,152,0,26.90131002,-81.92949121,12015.0,1763.8028690911015,4.561824729891957,3180,3316,151,0,3165,3287,184998,16,1,0,15,29
2020-10-16,US,Florida,Citrus,3000,125,0,28.84804315,-82.47614748,12017.0,2004.583814990277,4.166666666666667,2875,2988,124,0,2864,2983,147929,12,1,0,11,5
2020-10-16,US,Florida,Clay,5627,114,0,29.98319144,-81.85609986,12019.0,2566.4532136536955,2.0259463301937086,5513,5596,113,0,5483,5556,216072,31,1,0,30,40
2020-10-16,US,Florida,Collier,13492,243,0,26.11091986,-81.34687065,12021.0,3505.3078445942083,1.8010672991402312,13249,13432,242,0,13190,13382,378488,60,1,0,59,50
2020-10-16,US,Florida,Columbia,4083,70,0,30.22509788,-82.62160164,12023.0,5695.672795245931,1.7144256674014204,4013,4051,70,0,3981,4034,70503,32,0,0,32,17
2020-10-16,US,Florida,DeSoto,1612,27,0,27.18677893,-81.80941373,12027.0,4241.9936317465335,1.6749379652605458,1585,1609,27,0,1582,1609,37489,3,0,0,3,0
2020-10-16,US,Florida,Dixie,863,11,0,29.60631086,-83.15724673,12029.0,5128.967074765244,1.2746234067207416,852,862,11,0,851,860,16700,1,0,0,1,2
2020-10-16,US,Florida,Duval,32625,505,0,30.33225875,-81.66976468,12031.0,3406.403516556948,1.5478927203065134,32120,32489,500,0,31989,32311,950181,136,5,0,131,178
2020-10-16,US,Florida,Escambia,12883,268,0,30.67652764,-87.37284571,12033.0,4047.2360798703176,2.0802608088178216,12615,12837,267,0,12570,12737,315534,46,1,0,45,100
2020-10-16,US,Florida,Flagler,1927,35,0,29.45933576,-81.31508595,12035.0,1674.4727626628198,1.816294758692268,1892,1904,33,0,1871,1892,112067,23,2,0,21,12
2020-10-16,US,Florida,Franklin,687,4,0,29.83791238,-84.82731662,12037.0,5665.9793814433,0.5822416302765647,683,686,4,0,682,676,11736,1,0,0,1,10
2020-10-16,US,Florida,Gadsden,3015,51,0,30.57796289,-84.61915825,12039.0,6603.153745072274,1.6915422885572142,2964,3005,51,0,2954,2992,45894,10,0,0,10,13
2020-10-16,US,Florida,Gilchrist,540,17,0,29.72856978,-82.79880657,12041.0,2906.038101388441,3.1481481481481484,523,538,17,0,521,531,18256,2,0,0,2,7
2020-10-16,US,Florida,Glades,587,6,0,26.95635849,-81.18996211,12043.0,4250.235319672725,1.0221465076660987,581,584,6,0,578,581,13724,3,0,0,3,3
2020-10-16,US,Florida,Gulf,920,15,0,29.93543004,-85.24270990000002,12045.0,6745.362563237773,1.6304347826086956,905,917,15,0,902,911,16164,3,0,0,3,6
2020-10-16,US,Florida,Hamilton,888,9,0,30.49673973,-82.94998918,12047.0,6154.699196007762,1.0135135135135136,879,888,9,0,879,889,14310,0,0,0,0,-1
2020-10-16,US,Florida,Hardee,1519,11,0,27.49293939,-81.80956574,12049.0,5639.083788098155,0.7241606319947334,1508,1504,11,0,1493,1479,27245,15,0,0,15,25
2020-10-16,US,Florida,Hendry,2143,43,0,26.55386945,-81.16469006,12051.0,5099.709675884062,2.0065328978068133,2100,2137,43,0,2094,2128,41556,6,0,0,6,9
2020-10-16,US,Florida,Hernando,3385,153,0,28.55364461,-82.42700204,12053.0,1745.5651815181518,4.519940915805021,3232,3359,151,0,3208,3324,190865,26,2,0,24,35
2020-10-16,US,Florida,Highlands,2416,101,0,27.34254618,-81.34071957,12055.0,2274.503158509146,4.1804635761589415,2315,2406,100,0,2306,2398,105424,10,1,0,9,8
2020-10-16,US,Florida,Hillsborough,44999,738,0,27.9276559,-82.32013172,12057.0,3057.063740516099,1.640036445254339,44261,44811,734,0,44077,44652,1436888,188,4,0,184,159
2020-10-16,US,Florida,Holmes,818,10,0,30.86747479,-85.81319222,12059.0,4169.852678799001,1.2224938875305624,808,812,10,0,802,803,19477,6,0,0,6,9
2020-10-16,US,Florida,Indian River,3495,122,0,27.69308961,-80.60556721,12061.0,2185.426736616997,3.4907010014306152,3373,3476,121,0,3355,3458,157413,19,1,0,18,18
2020-10-16,US,Florida,Jackson,3018,83,0,30.795459700000002,-85.21500423,12063.0,6502.348429353212,2.750165672630881,2935,3000,83,0,2917,2986,48305,18,0,0,18,14
2020-10-16,US,Florida,Jefferson,611,9,0,30.43669112,-83.89442308,12065.0,4288.9232065141105,1.4729950900163666,602,608,9,0,599,603,14288,3,0,0,3,5
2020-10-16,US,Florida,Lafayette,1258,15,0,29.98484137,-83.18166636,12067.0,14937.069579672288,1.192368839427663,1243,1254,16,0,1238,1253,8732,4,-1,0,5,1
2020-10-16,US,Florida,Lake,8083,214,0,28.76202069,-81.7125123,12069.0,2201.7443982588707,2.647531856983793,7869,8047,211,0,7836,8012,356495,36,3,0,33,35
2020-10-16,US,Florida,Lee,21753,492,0,26.58410348,-81.88399313,12071.0,2822.9495559820757,2.2617569990346156,21261,21613,489,0,21124,21489,754610,140,3,0,137,124
2020-10-16,US,Florida,Leon,11564,97,0,30.45955727,-84.27491114,12073.0,3938.9335858465442,0.8388101003113109,11467,11483,96,0,11387,11413,292502,81,1,0,80,70
2020-10-16,US,Florida,Levy,1096,10,0,29.31829741,-82.74007147,12075.0,2640.772956171843,0.9124087591240876,1086,1092,10,0,1082,1089,40770,4,0,0,4,3
2020-10-16,US,Florida,Liberty,521,10,0,30.23766008,-84.8829258,12077.0,6236.533397175006,1.919385796545105,511,520,10,0,510,520,8457,1,0,0,1,0
2020-10-16,US,Florida,Madison,1052,24,0,30.44396917,-83.47398594,12079.0,5688.638944465472,2.281368821292776,1028,1049,24,0,1025,1047,18529,3,0,0,3,2
2020-10-16,US,Florida,Manatee,12365,317,0,27.47196942,-82.31831044,12081.0,3066.3132078372632,2.563687828548322,12048,12304,316,0,11988,12270,394855,61,1,0,60,34
2020-10-16,US,Florida,Marion,10345,335,0,29.21227113,-82.05803627,12083.0,2829.7577267840875,3.2382793620106334,10010,10301,334,0,9967,10258,359977,44,1,0,43,43
2020-10-16,US,Florida,Martin,5137,153,0,27.0772071,-80.43109784,12085.0,3190.683229813665,2.97839205762118,4984,5115,153,0,4962,5102,160912,22,0,0,22,13
2020-10-16,US,Florida,Miami-Dade,177339,3520,0,25.6112362,-80.55170587,12086.0,6527.159230605021,1.984898978792031,173819,176809,3501,0,173308,176271,2761581,530,19,0,511,538
2020-10-16,US,Florida,Monroe,2022,24,0,25.20904673,-81.07812416,12087.0,2724.039446031147,1.1869436201780414,1998,2002,24,0,1978,1979,75027,20,0,0,20,23
2020-10-16,US,Florida,Nassau,2319,50,0,30.61037141,-81.80297522,12089.0,2616.6431593794077,2.1561017680034498,2269,2309,50,0,2259,2297,85832,10,0,0,10,12
2020-10-16,US,Florida,Okaloosa,5706,127,0,30.69143028,-86.59267105,12091.0,2707.627480568289,2.2257273045916577,5579,5645,127,0,5518,5491,207269,61,0,0,61,154
2020-10-16,US,Florida,Okeechobee,1660,37,0,27.386336199999995,-80.88944347,12093.0,3936.6344147220643,2.2289156626506026,1623,1658,37,0,1621,1650,41537,2,0,0,2,8
2020-10-16,US,Florida,Orange,43044,528,0,28.51367621,-81.31799498,12095.0,3089.0192127177684,1.2266517981600222,42516,42778,528,0,42250,42572,1380645,266,0,0,266,206
2020-10-16,US,Florida,Osceola,13356,178,0,28.06312234,-81.14882926,12097.0,3554.4815582659794,1.3327343516022758,13178,13313,178,0,13135,13250,367990,43,0,0,43,63
2020-10-16,US,Florida,Palm Beach,48674,1478,0,26.64676272,-80.46536002,12099.0,3251.9358351650553,3.0365287422443195,47196,48496,1472,0,47024,48337,1485941,178,6,0,172,159
2020-10-16,US,Florida,Pasco,10089,222,0,28.30810945,-82.40227529,12101.0,1821.2933728316968,2.2004162949747252,9867,10054,221,0,9833,9989,539630,35,1,0,34,65
2020-10-16,US,Florida,Pinellas,23746,793,0,27.93130349,-82.72239666,12103.0,2435.4971712704464,3.339509812178893,22953,23623,792,0,22831,23510,975280,123,1,0,122,113
2020-10-16,US,Florida,Polk,21572,578,0,27.95027105,-81.69732947,12105.0,2976.363764302675,2.679399221212683,20994,21456,569,0,20887,21354,708009,116,9,0,107,102
2020-10-16,US,Florida,Putnam,2253,47,0,29.60779729,-81.74230285,12107.0,3023.308865957247,2.0861074123391035,2206,2240,46,0,2194,2229,74163,13,1,0,12,11
2020-10-16,US,Florida,Santa Rosa,5667,85,0,30.69341450000001,-87.02458128,12113.0,3074.6610385594067,1.4999117698958884,5582,5639,84,0,5555,5616,179349,28,1,0,27,23
2020-10-16,US,Florida,Sarasota,8908,307,0,27.18546175,-82.33174248,12115.0,2053.755458313929,3.4463403682083524,8601,8841,301,0,8540,8786,426718,67,6,0,61,55
2020-10-16,US,Florida,Seminole,9605,234,0,28.7158582,-81.24060348,12117.0,2035.7080788256687,2.4362311296199897,9371,9561,233,0,9328,9524,467832,44,1,0,43,37
2020-10-16,US,Florida,St. Johns,5900,78,0,29.90096506,-81.43589967,12109.0,2229.1742231894573,1.3220338983050848,5822,5862,78,0,5784,5814,254261,38,0,0,38,48
2020-10-16,US,Florida,St. Lucie,8521,315,0,27.37763908,-80.47106649,12111.0,2595.515645893809,3.696749207839456,8206,8486,311,0,8175,8443,321128,35,4,0,31,43
2020-10-16,US,Florida,Sumter,2731,79,0,28.70181754,-82.0794267,12119.0,2062.3772843981274,2.8927132918344927,2652,2716,78,0,2638,2700,128754,15,1,0,14,16
2020-10-16,US,Florida,Suwannee,2895,76,0,30.19746066,-82.99099670000003,12121.0,6517.7747258932395,2.6252158894645943,2819,2871,76,0,2795,2861,44191,24,0,0,24,10
2020-10-16,US,Florida,Taylor,1414,15,0,30.04848048,-83.60445406,12123.0,6555.704946914553,1.0608203677510608,1399,1408,14,0,1394,1406,21623,6,1,0,5,2
2020-10-16,US,Florida,Unassigned,1948,0,0,0.0,0.0,90012.0,0.0,0.0,1948,1927,0,0,1927,1906,,21,0,0,21,21
2020-10-16,US,Florida,Union,1066,27,0,30.04412971,-82.37497443,12125.0,6996.127846688981,2.5328330206378986,1039,1058,26,0,1032,1041,14940,8,1,0,7,17
2020-10-16,US,Florida,Volusia,11819,300,0,29.05858895,-81.18263252,12127.0,2136.1543077334604,2.5382858109823165,11519,11739,299,0,11440,11649,547538,80,1,0,79,90
2020-10-16,US,Florida,Wakulla,1233,11,0,30.16548905,-84.39895211,12129.0,3654.524437594475,0.8921330089213301,1222,1219,11,0,1208,1209,32461,14,0,0,14,10
2020-10-16,US,Florida,Walton,2182,29,0,30.64204028,-86.16935664,12131.0,2945.8222516234423,1.3290559120073326,2153,2165,29,0,2136,2142,71375,17,0,0,17,23
2020-10-16,US,Florida,Washington,1151,24,0,30.61359259,-85.66002461,12133.0,4518.509794684568,2.0851433536055604,1127,1134,24,0,1110,1124,24880,17,0,0,17,10
2020-10-16,US,Georgia,Appling,1123,34,0,31.74847232,-82.28909114,13001.0,6107.908191014903,3.0276046304541406,1089,1117,34,0,1083,1109,18507,6,0,0,6,8
2020-10-16,US,Georgia,Atkinson,471,4,0,31.29633502,-82.87545866,13003.0,5768.52418860992,0.8492569002123143,467,472,4,0,468,468,8297,-1,0,0,-1,4
2020-10-16,US,Georgia,Bacon,623,14,0,31.55456473,-82.45936528,13005.0,5580.437119312074,2.247191011235955,609,618,14,0,604,617,11185,5,0,0,5,1
2020-10-16,US,Georgia,Baker,86,6,0,31.32669878,-84.44218806,13007.0,2830.8097432521395,6.9767441860465125,80,86,6,0,80,85,3092,0,0,0,0,1
2020-10-16,US,Georgia,Baldwin,2231,62,0,33.06882326,-83.24701748,13009.0,4969.926486968146,2.7790228597041686,2169,2225,62,0,2163,2219,44823,6,0,0,6,6
2020-10-16,US,Georgia,Banks,534,8,0,34.35607081,-83.49644388,13011.0,2776.3335759592387,1.49812734082397,526,528,8,0,520,527,18988,6,0,0,6,1
2020-10-16,US,Georgia,Barrow,2453,47,0,33.99148694,-83.71436292,13013.0,2946.9005285920225,1.9160211985324092,2406,2435,47,0,2388,2418,80809,18,0,0,18,17
2020-10-16,US,Georgia,Bartow,3284,92,0,34.23732119,-84.83887523,13015.0,3048.1352911693184,2.801461632155908,3192,3257,91,0,3166,3219,106408,27,1,0,26,38
2020-10-16,US,Georgia,Ben Hill,840,30,0,31.76095874,-83.22145359,13017.0,5029.940119760479,3.571428571428572,810,839,29,0,810,837,16787,1,1,0,0,2
2020-10-16,US,Georgia,Berrien,477,12,0,31.27590016,-83.22529920000002,13019.0,2459.1431664690413,2.5157232704402515,465,473,12,0,461,471,19252,4,0,0,4,2
2020-10-16,US,Georgia,Bibb,6424,186,0,32.80904227,-83.70489165,13021.0,4194.3339927787465,2.8953922789539237,6238,6398,187,0,6211,6371,153095,26,-1,0,27,27
2020-10-16,US,Georgia,Bleckley,491,21,0,32.43829035,-83.33035166,13023.0,3814.1847277246948,4.2769857433808545,470,477,21,0,456,474,12838,14,0,0,14,3
2020-10-16,US,Georgia,Brantley,396,11,0,31.19576557,-81.97743999,13025.0,2072.3219425401644,2.7777777777777777,385,383,11,0,372,375,18897,13,0,0,13,8
2020-10-16,US,Georgia,Brooks,541,26,0,30.83922642,-83.58303423,13027.0,3500.0323478035853,4.805914972273569,515,536,26,0,510,535,15513,5,0,0,5,1
2020-10-16,US,Georgia,Bryan,1247,13,0,32.00979311,-81.44002948,13029.0,3146.8443233149114,1.0425020048115476,1234,1237,13,0,1224,1229,38109,10,0,0,10,8
2020-10-16,US,Georgia,Bulloch,2996,32,0,32.39577406,-81.74811421,13031.0,3763.440860215054,1.068090787716956,2964,2987,32,0,2955,2979,77296,9,0,0,9,8
2020-10-16,US,Georgia,Burke,867,11,0,33.05917989,-81.99928721,13033.0,3873.47540544163,1.268742791234141,856,867,11,0,856,862,22423,0,0,0,0,5
2020-10-16,US,Georgia,Butts,713,43,0,33.283094500000004,-83.95435040000002,13035.0,2859.3198588386267,6.03085553997195,670,712,43,0,669,722,24193,1,0,0,1,-10
2020-10-16,US,Georgia,Calhoun,261,9,0,31.53169785,-84.62725131,13037.0,4217.1594764905485,3.4482758620689653,252,260,9,0,251,258,6352,1,0,0,1,2
2020-10-16,US,Georgia,Camden,1377,16,0,30.92951916,-81.66601818,13039.0,2518.9331577214357,1.1619462599854755,1361,1369,16,0,1353,1363,53677,8,0,0,8,6
2020-10-16,US,Georgia,Candler,513,24,0,32.40209349,-82.07702563,13043.0,4748.680921966121,4.678362573099415,489,509,23,0,486,507,10836,4,1,0,3,2
2020-10-16,US,Georgia,Carroll,3126,74,0,33.58138199,-85.07976677,13045.0,2605.1736782452163,2.3672424824056297,3052,3078,74,0,3004,3045,118121,48,0,0,48,33
2020-10-16,US,Georgia,Catoosa,1328,20,0,34.89872298,-85.13757014,13047.0,1965.0784255696951,1.5060240963855422,1308,1314,19,0,1295,1304,67420,14,1,0,13,10
2020-10-16,US,Georgia,Charlton,642,10,0,30.78371028,-82.13951596,13049.0,4793.906810035843,1.557632398753894,632,644,9,0,635,645,12968,-2,1,0,-3,-1
2020-10-16,US,Georgia,Chatham,9042,181,0,32.00043026,-81.12489526,13051.0,3124.0714507825733,2.001769520017695,8861,8984,178,0,8806,8956,289195,58,3,0,55,28
2020-10-16,US,Georgia,Chattahoochee,1718,1,0,32.34341231,-84.78809239,13053.0,15751.352342532316,0.05820721769499417,1717,1718,1,0,1717,1707,10684,0,0,0,0,11
2020-10-16,US,Georgia,Chattooga,865,27,0,34.47197698,-85.34535662,13055.0,3489.4509661543425,3.1213872832369938,838,863,26,0,837,851,24790,2,1,0,1,12
2020-10-16,US,Georgia,Cherokee,6680,100,0,34.24393976,-84.47431861,13057.0,2581.413053139238,1.497005988023952,6580,6625,98,0,6527,6571,254149,55,2,0,53,54
2020-10-16,US,Georgia,Clarke,5517,46,0,33.95436462,-83.37124007,13059.0,4299.03920331019,0.8337864781584194,5471,5477,46,0,5431,5435,127330,40,0,0,40,42
2020-10-16,US,Georgia,Clay,122,3,0,31.62221166,-84.97713865,13061.0,4304.8694424841215,2.459016393442623,119,122,3,0,119,122,2887,0,0,0,0,0
2020-10-16,US,Georgia,Clayton,7754,171,0,33.54187245,-84.35594188,13063.0,2653.1533997591155,2.2053133866391543,7583,7686,170,0,7516,7616,289615,68,1,0,67,70
2020-10-16,US,Georgia,Clinch,419,11,0,30.91395822,-82.70432472,13065.0,6331.217890601391,2.6252983293556085,408,417,11,0,406,411,6648,2,0,0,2,6
2020-10-16,US,Georgia,Cobb,21041,446,0,33.94243204,-84.5761255,13067.0,2768.039087485085,2.1196711182928567,20595,20924,444,0,20480,20838,756865,117,2,0,115,86
2020-10-16,US,Georgia,Coffee,2181,57,0,31.54892966,-82.85492059999999,13069.0,5040.094285120052,2.6134800550206325,2124,2169,57,0,2112,2155,43093,12,0,0,12,14
2020-10-16,US,Georgia,Colquitt,2050,37,0,31.18810588,-83.7677946,13071.0,4495.6140350877195,1.804878048780488,2013,2017,37,0,1980,2011,45592,33,0,0,33,6
2020-10-16,US,Georgia,Columbia,4114,63,0,33.54534185,-82.263524,13073.0,2625.1643120589097,1.5313563441905689,4051,4070,62,0,4008,4027,154291,44,1,0,43,43
2020-10-16,US,Georgia,Cook,569,15,0,31.16068491,-83.42947229,13075.0,3294.7307469600464,2.636203866432337,554,569,15,0,554,566,17162,0,0,0,0,3
2020-10-16,US,Georgia,Coweta,2833,60,0,33.35334302,-84.76129976,13077.0,1907.6284938959927,2.1178962230850686,2773,2807,58,0,2749,2783,145864,26,2,0,24,24
2020-10-16,US,Georgia,Crawford,188,6,0,32.71391813,-83.98061238,13079.0,1515.6401160915836,3.191489361702128,182,186,6,0,180,185,12318,2,0,0,2,1
2020-10-16,US,Georgia,Crisp,627,22,0,31.92289565,-83.76811843,13081.0,2802.6104058644733,3.5087719298245608,605,613,20,0,593,610,22601,14,2,0,12,3
2020-10-16,US,Georgia,Dade,321,5,0,34.854916700000004,-85.50490424,13083.0,1991.8093819806409,1.557632398753894,316,316,5,0,311,310,16226,5,0,0,5,6
2020-10-16,US,Georgia,Dawson,879,10,0,34.44244079,-84.16964071,13085.0,3366.7841274705074,1.1376564277588168,869,878,10,0,868,867,25083,1,0,0,1,11
2020-10-16,US,Georgia,DeKalb,20088,387,0,33.76944049,-84.22396017,13089.0,2645.60507943532,1.9265232974910396,19701,19969,384,0,19585,19857,756558,119,3,0,116,112
2020-10-16,US,Georgia,Decatur,1253,34,0,30.87967778,-84.57619536,13087.0,4745.493107104984,2.713487629688747,1219,1248,34,0,1214,1241,26575,5,0,0,5,7
2020-10-16,US,Georgia,Dodge,517,13,0,32.17265114,-83.16948926,13091.0,2509.0997330744963,2.514506769825919,504,499,13,0,486,492,20705,18,0,0,18,7
2020-10-16,US,Georgia,Dooly,355,14,0,32.15630737,-83.79746561,13093.0,2651.2322628827483,3.943661971830986,341,352,14,0,338,351,13706,3,0,0,3,1
2020-10-16,US,Georgia,Dougherty,3251,190,0,31.53328528,-84.21722377,13095.0,3696.1662649506566,5.84435558289757,3061,3245,189,0,3056,3237,91243,6,1,0,5,8
2020-10-16,US,Georgia,Douglas,3911,71,0,33.70291126,-84.77026156,13097.0,2672.488605536309,1.8153924827409869,3840,3896,71,0,3825,3877,145331,15,0,0,15,19
2020-10-16,US,Georgia,Early,523,33,0,31.32155345,-84.90255207,13099.0,5132.482826300295,6.309751434034418,490,520,33,0,487,520,10247,3,0,0,3,0
2020-10-16,US,Georgia,Echols,244,2,0,30.71101099,-82.89687287,13101.0,6090.863704443335,0.819672131147541,242,244,2,0,242,244,4000,0,0,0,0,0
2020-10-16,US,Georgia,Effingham,1654,28,0,32.36616021,-81.34280942,13103.0,2572.477292522085,1.692865779927449,1626,1637,28,0,1609,1625,62190,17,0,0,17,12
2020-10-16,US,Georgia,Elbert,736,8,0,34.11302332,-82.83936148,13105.0,3834.531624465979,1.0869565217391304,728,733,8,0,725,730,19120,3,0,0,3,3
2020-10-16,US,Georgia,Emanuel,1148,36,0,32.59221302,-82.30239915,13107.0,5069.327916629868,3.1358885017421603,1112,1145,35,0,1110,1142,22612,3,1,0,2,3
2020-10-16,US,Georgia,Evans,457,6,0,32.15328841,-81.8870105,13109.0,4289.468744133659,1.312910284463895,451,450,6,0,444,449,10721,7,0,0,7,1
2020-10-16,US,Georgia,Fannin,768,28,0,34.86430205,-84.316964,13111.0,2932.6409042309456,3.6458333333333335,740,760,28,0,732,759,25964,8,0,0,8,1
2020-10-16,US,Georgia,Fayette,2012,52,0,33.41357794,-84.49089434,13113.0,1758.418472133612,2.584493041749503,1960,2005,52,0,1953,1987,113459,7,0,0,7,18
2020-10-16,US,Georgia,Floyd,3553,53,0,34.26268279,-85.21577392,13115.0,3607.17984121505,1.4916971573318325,3500,3519,51,0,3468,3500,97927,34,2,0,32,19
2020-10-16,US,Georgia,Forsyth,4502,50,0,34.22604035,-84.12315129999998,13117.0,1843.178356779064,1.1106175033318526,4452,4466,48,0,4418,4440,236612,36,2,0,34,26
2020-10-16,US,Georgia,Franklin,828,16,0,34.37525597,-83.23159927,13119.0,3546.1904150070673,1.932367149758454,812,820,16,0,804,815,23023,8,0,0,8,5
2020-10-16,US,Georgia,Fulton,29562,603,0,33.79216944,-84.46319413,13121.0,2778.547977934784,2.039780799675259,28959,29429,599,0,28830,29329,1050114,133,4,0,129,100
2020-10-16,US,Georgia,Gilmer,958,17,0,34.69316688,-84.45802506,13123.0,3053.9704804105963,1.7745302713987474,941,952,16,0,936,935,30816,6,1,0,5,17
2020-10-16,US,Georgia,Glascock,40,2,0,33.22879932,-82.61297636,13125.0,1346.348030966005,5.0,38,40,2,0,38,40,2995,0,0,0,0,0
2020-10-16,US,Georgia,Glynn,3604,99,0,31.23279254,-81.53811412,13127.0,4225.484218918538,2.746947835738069,3505,3590,99,0,3491,3572,85219,14,0,0,14,18
2020-10-16,US,Georgia,Gordon,2092,39,0,34.50487351,-84.87296253,13129.0,3609.198971757845,1.8642447418738048,2053,2066,39,0,2027,2042,57685,26,0,0,26,24
2020-10-16,US,Georgia,Grady,838,25,0,30.87454847,-84.23418364,13131.0,3401.9404863394634,2.9832935560859193,813,834,23,0,811,833,24748,4,2,0,2,1
2020-10-16,US,Georgia,Greene,550,25,0,33.5769205,-83.17139104,13133.0,3001.5280506439644,4.545454545454546,525,547,24,0,523,547,17698,3,1,0,2,0
2020-10-16,US,Georgia,Gwinnett,29418,429,0,33.96044201,-84.02137802,13135.0,3142.109479305741,1.4582908423414236,28989,29295,428,0,28867,29157,927781,123,1,0,122,138
2020-10-16,US,Georgia,Habersham,1819,74,0,34.63331566,-83.53094677,13137.0,4012.972114366396,4.0681693238042875,1745,1808,72,0,1736,1802,45388,11,2,0,9,6
2020-10-16,US,Georgia,Hall,10233,165,0,34.32207823,-83.81896936,13139.0,5005.35606849898,1.6124303723248314,10068,10163,164,0,9999,10098,202148,70,1,0,69,65
2020-10-16,US,Georgia,Hancock,410,44,0,33.2721566,-82.99766919,13141.0,4848.054865791652,10.731707317073173,366,410,44,0,366,407,8348,0,0,0,0,3
2020-10-16,US,Georgia,Haralson,576,10,0,33.79602175,-85.21005667,13143.0,1933.4049409237384,1.7361111111111112,566,570,9,0,561,563,29533,6,1,0,5,7
2020-10-16,US,Georgia,Harris,833,25,0,32.73709786,-84.90538572,13145.0,2364.0594846180043,3.0012004801920766,808,832,25,0,807,826,34475,1,0,0,1,6
2020-10-16,US,Georgia,Hart,554,16,0,34.34626973,-82.96567682,13147.0,2114.100362526236,2.888086642599278,538,551,16,0,535,548,26099,3,0,0,3,3
2020-10-16,US,Georgia,Heard,207,6,0,33.29686567,-85.12886832,13149.0,1736.1402331627944,2.898550724637681,201,205,6,0,199,204,11879,2,0,0,2,1
2020-10-16,US,Georgia,Henry,5816,109,0,33.4533428,-84.14814659999998,13151.0,2479.5255818315923,1.8741403026134802,5707,5770,106,0,5664,5723,230220,46,3,0,43,47
2020-10-16,US,Georgia,Houston,3392,86,0,32.45802497,-83.66879087,13153.0,2148.698555076237,2.535377358490566,3306,3369,86,0,3283,3346,155469,23,0,0,23,23
2020-10-16,US,Georgia,Irwin,345,6,0,31.60213036,-83.27501387,13155.0,3663.976210705183,1.7391304347826086,339,343,6,0,337,343,9398,2,0,0,2,0
2020-10-16,US,Georgia,Jackson,2231,39,0,34.13794553,-83.56814788,13157.0,3057.1275881442098,1.748095024652622,2192,2200,39,0,2161,2181,70422,31,0,0,31,19
2020-10-16,US,Georgia,Jasper,242,4,0,33.31535543,-83.68844964,13159.0,1701.9480976158661,1.6528925619834711,238,240,4,0,236,239,14040,2,0,0,2,1
2020-10-16,US,Georgia,Jeff Davis,770,22,0,31.80405727,-82.63724870000001,13161.0,5094.277208071452,2.8571428571428568,748,764,22,0,742,754,15029,6,0,0,6,10
2020-10-16,US,Georgia,Jefferson,831,32,0,33.05867328,-82.41609057,13163.0,5409.451894284598,3.8507821901323696,799,829,31,0,798,827,15430,2,1,0,1,2
2020-10-16,US,Georgia,Jenkins,460,32,0,32.79248718,-81.96040187,13165.0,5301.982480405717,6.956521739130435,428,460,31,0,429,457,8683,0,1,0,-1,3
2020-10-16,US,Georgia,Johnson,436,22,0,32.70211082,-82.66166794,13167.0,4521.414497563,5.045871559633029,414,436,22,0,414,434,9708,0,0,0,0,2
2020-10-16,US,Georgia,Jones,620,13,0,33.02512137,-83.56019163,13169.0,2157.6474682443013,2.096774193548387,607,619,13,0,606,614,28616,1,0,0,1,5
2020-10-16,US,Georgia,Lamar,394,19,0,33.07841647,-84.14263877,13171.0,2065.3142527651103,4.822335025380711,375,393,19,0,374,390,19000,1,0,0,1,3
2020-10-16,US,Georgia,Lanier,311,7,0,31.03828570000001,-83.06472457,13173.0,2983.7858581982155,2.2508038585209005,304,310,7,0,303,309,10340,1,0,0,1,1
2020-10-16,US,Georgia,Laurens,1890,85,0,32.46325233,-82.92221316,13175.0,3975.09780002524,4.497354497354498,1805,1879,82,0,1797,1863,47325,11,3,0,8,16
2020-10-16,US,Georgia,Lee,734,26,0,31.779330600000005,-84.14324253,13177.0,2447.319285142705,3.5422343324250685,708,731,26,0,705,730,29764,3,0,0,3,1
2020-10-16,US,Georgia,Liberty,1183,24,0,31.82588896,-81.49251135,13179.0,1925.61243590787,2.028740490278952,1159,1176,24,0,1152,1172,61497,7,0,0,7,4
2020-10-16,US,Georgia,Lincoln,221,7,0,33.79201475,-82.45024131,13181.0,2790.05176114127,3.1674208144796383,214,220,7,0,213,220,7915,1,0,0,1,0
2020-10-16,US,Georgia,Long,268,4,0,31.75218791,-81.74952375,13183.0,1370.2132010839,1.492537313432836,264,269,4,0,265,267,18998,-1,0,0,-1,2
2020-10-16,US,Georgia,Lowndes,4258,85,0,30.83568832,-83.27056716,13185.0,3626.7311721717797,1.996242367308596,4173,4220,85,0,4135,4179,116321,38,0,0,38,41
2020-10-16,US,Georgia,Lumpkin,1002,14,0,34.57286511,-84.00425681,13187.0,2981.2555786968164,1.3972055888223551,988,995,14,0,981,987,32955,7,0,0,7,8
2020-10-16,US,Georgia,Macon,241,10,0,32.35207048,-84.04234127,13193.0,1861.4350814860584,4.149377593360996,231,240,10,0,230,240,13143,1,0,0,1,0
2020-10-16,US,Georgia,Madison,750,11,0,34.12920917,-83.21218732,13195.0,2510.0401606425703,1.4666666666666666,739,745,11,0,734,743,29650,5,0,0,5,2
2020-10-16,US,Georgia,Marion,195,9,0,32.3483402,-84.52733571,13197.0,2332.814930015552,4.615384615384615,186,195,9,0,186,194,8351,0,0,0,0,1
2020-10-16,US,Georgia,McDuffie,657,15,0,33.47851918,-82.48252774,13189.0,3082.7702702702704,2.2831050228310503,642,653,14,0,639,646,21531,4,1,0,3,7
2020-10-16,US,Georgia,McIntosh,300,7,0,31.49683595,-81.40163426,13191.0,2086.521073862846,2.333333333333333,293,300,7,0,293,300,14340,0,0,0,0,0
2020-10-16,US,Georgia,Meriwether,569,14,0,33.04163534,-84.68859732,13199.0,2688.146643359947,2.460456942003515,555,569,14,0,555,566,21068,0,0,0,0,3
2020-10-16,US,Georgia,Miller,295,2,0,31.16568912,-84.73151117,13201.0,5159.146554739419,0.6779661016949152,293,295,2,0,293,295,5686,0,0,0,0,0
2020-10-16,US,Georgia,Mitchell,843,45,0,31.22483255,-84.19381821,13205.0,3855.8294836024334,5.338078291814947,798,841,46,0,795,841,22192,2,-1,0,3,0
2020-10-16,US,Georgia,Monroe,735,55,0,33.014289,-83.92097166,13207.0,2665.1678874465147,7.482993197278912,680,736,54,0,682,734,27520,-1,1,0,-2,2
2020-10-16,US,Georgia,Montgomery,353,7,0,32.17201038,-82.53527476,13209.0,3848.669864805931,1.9830028328611895,346,351,7,0,344,348,9193,2,0,0,2,3
2020-10-16,US,Georgia,Morgan,513,4,0,33.59232073,-83.49129491,13211.0,2661.3405270803078,0.7797270955165692,509,510,4,0,506,508,18853,3,0,0,3,2
2020-10-16,US,Georgia,Murray,934,8,0,34.78897608,-84.74993177,13213.0,2329.409417398245,0.8565310492505354,926,919,8,0,911,902,39921,15,0,0,15,17
2020-10-16,US,Georgia,Muscogee,6244,173,0,32.50931999,-84.87142262,13215.0,3189.473307827082,2.7706598334401025,6071,6237,173,0,6064,6230,194160,7,0,0,7,7
2020-10-16,US,Georgia,Newton,2762,93,0,33.55514538,-83.84547140000002,13217.0,2471.72107674685,3.3671252715423607,2669,2750,93,0,2657,2733,109541,12,0,0,12,17
2020-10-16,US,Georgia,Oconee,817,27,0,33.83749973,-83.43679568,13219.0,2028.301886792453,3.3047735618115057,790,813,27,0,786,811,39272,4,0,0,4,2
2020-10-16,US,Georgia,Oglethorpe,387,11,0,33.878629600000004,-83.08278123,13221.0,2536.2081394586803,2.842377260981912,376,385,11,0,374,382,15054,2,0,0,2,3
2020-10-16,US,Georgia,Out of GA,14664,174,0,0.0,0.0,80013.0,0.0,1.1865793780687397,14490,14841,172,0,14669,14992,,-177,2,0,-179,-151
2020-10-16,US,Georgia,Paulding,2993,59,0,33.91969522,-84.86848792,13223.0,1774.5024219319723,1.9712662880053455,2934,2987,59,0,2928,2979,164044,6,0,0,6,8
2020-10-16,US,Georgia,Peach,729,24,0,32.56934316,-83.82937,13225.0,2646.4822478762803,3.2921810699588483,705,726,24,0,702,714,27297,3,0,0,3,12
2020-10-16,US,Georgia,Pickens,677,9,0,34.46589159,-84.46406611,13227.0,2077.2605934153603,1.329394387001477,668,673,9,0,664,663,31980,4,0,0,4,10
2020-10-16,US,Georgia,Pierce,641,24,0,31.35928155,-82.21598442,13229.0,3293.090161828924,3.74414976599064,617,639,23,0,616,636,19389,2,1,0,1,3
2020-10-16,US,Georgia,Pike,372,11,0,33.09310242,-84.38790389,13231.0,1961.818373589284,2.956989247311828,361,370,11,0,359,368,18634,2,0,0,2,2
2020-10-16,US,Georgia,Polk,1597,25,0,34.00267074,-85.18677781,13233.0,3747.682632060639,1.5654351909830932,1572,1584,24,0,1560,1577,42470,13,1,0,12,7
2020-10-16,US,Georgia,Pulaski,324,22,0,32.23334561,-83.47549959999998,13235.0,2909.2215138726765,6.790123456790122,302,323,22,0,301,320,11069,1,0,0,1,3
2020-10-16,US,Georgia,Putnam,761,27,0,33.32056115,-83.37552891,13237.0,3440.481034404811,3.5479632063074904,734,755,27,0,728,753,21809,6,0,0,6,2
2020-10-16,US,Georgia,Quitman,38,1,0,31.86728114,-85.01773177,13239.0,1652.892561983471,2.631578947368421,37,38,1,0,37,38,2279,0,0,0,0,0
2020-10-16,US,Georgia,Rabun,408,11,0,34.88389445,-83.40304637,13241.0,2380.813444593569,2.6960784313725488,397,404,11,0,393,402,16867,4,0,0,4,2
2020-10-16,US,Georgia,Randolph,338,29,0,31.76622818,-84.75732369,13243.0,4986.721746827973,8.579881656804734,309,338,29,0,309,338,6833,0,0,0,0,0
2020-10-16,US,Georgia,Richmond,7652,173,0,33.35777107,-82.07026432,13245.0,3778.429571692393,2.260846837428123,7479,7610,173,0,7437,7571,201554,42,0,0,42,39
2020-10-16,US,Georgia,Rockdale,2003,40,0,33.65145002,-84.02202167,13247.0,2203.6173208942087,1.9970044932601096,1963,1983,40,0,1943,1975,90594,20,0,0,20,8
2020-10-16,US,Georgia,Schley,108,2,0,32.2654021,-84.31258912,13249.0,2054.4036522731594,1.851851851851852,106,108,2,0,106,107,5236,0,0,0,0,1
2020-10-16,US,Georgia,Screven,440,11,0,32.74976524,-81.60779441,13251.0,3150.508377488185,2.5,429,437,11,0,426,436,13938,3,0,0,3,1
2020-10-16,US,Georgia,Seminole,379,11,0,30.93464824,-84.86823924,13253.0,4684.796044499381,2.9023746701846966,368,379,10,0,369,377,8315,0,1,0,-1,2
2020-10-16,US,Georgia,Spalding,1463,62,0,33.26310031,-84.28013991,13255.0,2193.3046489663134,4.237867395762134,1401,1455,62,0,1393,1442,66100,8,0,0,8,13
2020-10-16,US,Georgia,Stephens,1231,42,0,34.55151201,-83.29405315,13257.0,4748.312439729991,3.4118602761982126,1189,1224,42,0,1182,1222,26035,7,0,0,7,2
2020-10-16,US,Georgia,Stewart,525,16,0,32.07996777,-84.83208037,13259.0,7929.315813321251,3.0476190476190474,509,524,16,0,508,524,6199,1,0,0,1,0
2020-10-16,US,Georgia,Sumter,953,68,0,32.03650571,-84.19821492,13261.0,3227.882400758705,7.135362014690451,885,951,66,0,885,949,29733,2,2,0,0,2
2020-10-16,US,Georgia,Talbot,167,7,0,32.69642758,-84.53351366,13263.0,2695.7223567393053,4.1916167664670665,160,167,7,0,160,167,6272,0,0,0,0,0
2020-10-16,US,Georgia,Taliaferro,25,0,0,33.56543317,-82.88136816,13265.0,1626.545217957059,0.0,25,25,0,0,25,25,1608,0,0,0,0,0
2020-10-16,US,Georgia,Tattnall,888,13,0,32.04785085,-82.05539188,13267.0,3511.8247251443486,1.463963963963964,875,879,12,0,867,876,25391,9,1,0,8,3
2020-10-16,US,Georgia,Taylor,224,12,0,32.55792548,-84.25077141,13269.0,2793.017456359102,5.357142857142857,212,224,12,0,212,224,8039,0,0,0,0,0
2020-10-16,US,Georgia,Telfair,429,22,0,31.92829517,-82.93491155,13271.0,2704.918032786885,5.128205128205129,407,420,22,0,398,416,15876,9,0,0,9,4
2020-10-16,US,Georgia,Terrell,335,32,0,31.77527543,-84.44069698,13273.0,3926.854999413902,9.552238805970148,303,336,32,0,304,335,8611,-1,0,0,-1,1
2020-10-16,US,Georgia,Thomas,1567,69,0,30.86392347,-83.91847289,13275.0,3525.2300285707856,4.403318442884492,1498,1558,68,0,1490,1551,44448,9,1,0,8,7
2020-10-16,US,Georgia,Tift,1893,60,0,31.45743864,-83.5236119,13277.0,4657.514024210215,3.169572107765452,1833,1888,60,0,1828,1884,40571,5,0,0,5,4
2020-10-16,US,Georgia,Toombs,1433,56,0,32.12059861,-82.32957247,13279.0,5341.036153559448,3.9078855547801816,1377,1431,55,0,1376,1423,26887,2,1,0,1,8
2020-10-16,US,Georgia,Towns,402,11,0,34.91369188,-83.74107459999998,13281.0,3339.702583700257,2.736318407960199,391,398,10,0,388,397,11852,4,1,0,3,1
2020-10-16,US,Georgia,Treutlen,289,11,0,32.40422134,-82.56904553,13283.0,4187.798869729026,3.8062283737024223,278,285,11,0,274,283,6809,4,0,0,4,2
2020-10-16,US,Georgia,Troup,2954,104,0,33.03349196,-85.02812115,13285.0,4224.707531249106,3.5206499661475963,2850,2947,104,0,2843,2931,70034,7,0,0,7,16
2020-10-16,US,Georgia,Turner,330,24,0,31.71612656,-83.62069378,13287.0,4132.748904195366,7.272727272727272,306,330,24,0,306,328,7912,0,0,0,0,2
2020-10-16,US,Georgia,Twiggs,209,9,0,32.67435595,-83.43078662,13289.0,2573.891625615764,4.30622009569378,200,206,9,0,197,206,8188,3,0,0,3,0
2020-10-16,US,Georgia,Unassigned,1937,6,0,0.0,0.0,90013.0,0.0,0.3097573567372225,1931,2043,4,0,2039,2014,,-106,2,0,-108,29
2020-10-16,US,Georgia,Union,852,23,0,34.82995757,-83.98967069,13291.0,3475.990371669863,2.6995305164319245,829,850,23,0,827,848,24001,2,0,0,2,2
2020-10-16,US,Georgia,Upson,826,68,0,32.87920671,-84.30024826,13293.0,3138.297872340425,8.232445520581113,758,828,68,0,760,828,26215,-2,0,0,-2,0
2020-10-16,US,Georgia,Walker,1725,42,0,34.73376362,-85.30165174,13295.0,2472.7283152477744,2.4347826086956523,1683,1718,42,0,1676,1702,69410,7,0,0,7,16
2020-10-16,US,Georgia,Walton,2022,64,0,33.78017694,-83.73552314,13297.0,2137.5788906155844,3.1651829871414443,1958,2008,64,0,1944,1999,93503,14,0,0,14,9
2020-10-16,US,Georgia,Ware,1634,62,0,31.05449097,-82.42224148,13299.0,4572.675882912632,3.79436964504284,1572,1624,61,0,1563,1615,35680,10,1,0,9,9
2020-10-16,US,Georgia,Warren,163,5,0,33.41146451,-82.67795848,13301.0,3102.398172820708,3.0674846625766867,158,163,5,0,158,163,5251,0,0,0,0,0
2020-10-16,US,Georgia,Washington,722,11,0,32.96711864,-82.79357039,13303.0,3543.732207715716,1.5235457063711912,711,719,11,0,708,713,20386,3,0,0,3,6
2020-10-16,US,Georgia,Wayne,1193,29,0,31.5521809,-81.91894878,13305.0,3986.366825943128,2.4308466051969826,1164,1191,29,0,1162,1187,29808,2,0,0,2,4
2020-10-16,US,Georgia,Webster,44,2,0,32.04066113,-84.54742852,13307.0,1687.7637130801688,4.545454545454546,42,44,2,0,42,44,2611,0,0,0,0,0
2020-10-16,US,Georgia,Wheeler,360,14,0,32.12009104,-82.72574721,13309.0,4583.068109484405,3.888888888888889,346,356,13,0,343,356,7879,4,1,0,3,0
2020-10-16,US,Georgia,White,976,22,0,34.64624278,-83.74905525,13311.0,3169.0369504513287,2.2540983606557377,954,973,22,0,951,967,29970,3,0,0,3,6
2020-10-16,US,Georgia,Whitfield,5027,63,0,34.80987459,-84.96093476,13313.0,4804.641205031158,1.2532325442609906,4964,4993,63,0,4930,4942,104062,34,0,0,34,51
2020-10-16,US,Georgia,Wilcox,251,25,0,31.97496928,-83.43438555,13315.0,2906.774753908512,9.9601593625498,226,251,25,0,226,251,8812,0,0,0,0,0
2020-10-16,US,Georgia,Wilkes,277,6,0,33.78290391,-82.74286107,13317.0,2833.1799120384576,2.166064981949458,271,273,6,0,267,272,9876,4,0,0,4,1
2020-10-16,US,Georgia,Wilkinson,359,18,0,32.80291082,-83.17140684,13319.0,4009.3812821085553,5.013927576601671,341,359,18,0,341,356,9036,0,0,0,0,3
2020-10-16,US,Georgia,Worth,584,32,0,31.55162306,-83.85090513,13321.0,2884.377932533215,5.479452054794519,552,581,32,0,549,578,20299,3,0,0,3,3
2020-10-16,US,Hawaii,Hawaii,1026,18,0,19.60121157,-155.5210167,15001.0,509.14829316222773,1.7543859649122806,1008,1005,18,0,987,992,200983,21,0,0,21,13
2020-10-16,US,Hawaii,Honolulu,12317,148,0,21.45803166,-157.97121819999995,15003.0,1263.8485146675998,1.20159129658196,12169,12249,147,0,12102,12176,980080,68,1,0,67,73
2020-10-16,US,Hawaii,Kauai,59,0,0,22.03935037,-159.5966786,15007.0,81.61232761124867,0.0,59,59,0,0,59,59,72133,0,0,0,0,0
2020-10-16,US,Hawaii,Maui,411,18,0,20.86399628,-156.56890969999995,15009.0,245.49478248923347,4.37956204379562,393,411,18,0,393,409,167207,0,0,0,0,2
2020-10-16,US,Hawaii,Out of HI,40,1,0,0.0,0.0,80015.0,0.0,2.5,39,40,1,0,39,38,,0,0,0,0,2
2020-10-16,US,Idaho,Ada,14913,156,0,43.4526575,-116.24155159999998,16001.0,3096.636744762629,1.0460671897002616,14757,14827,156,0,14671,14706,469966,86,0,0,86,121
2020-10-16,US,Idaho,Adams,32,2,0,44.89333571,-116.4545247,16003.0,745.2258965999067,6.25,30,31,2,0,29,31,4250,1,0,0,1,0
2020-10-16,US,Idaho,Bannock,1708,9,0,42.67002716,-112.2233311,16005.0,1945.1530612244892,0.5269320843091335,1699,1553,8,0,1545,1505,87138,155,1,0,154,48
2020-10-16,US,Idaho,Bear Lake,57,1,0,42.28269683,-111.32892379999998,16007.0,930.6122448979593,1.7543859649122806,56,53,1,0,52,53,6050,4,0,0,4,0
2020-10-16,US,Idaho,Benewah,164,3,0,47.21754179,-116.6586851,16009.0,1763.8201763820175,1.8292682926829267,161,162,3,0,159,162,9226,2,0,0,2,0
2020-10-16,US,Idaho,Bingham,1267,11,0,43.21672879999999,-112.3978437,16011.0,2706.62878383286,0.8681925808997633,1256,1197,10,0,1187,1175,46236,70,1,0,69,22
2020-10-16,US,Idaho,Blaine,803,6,0,43.4085812,-113.9752658,16013.0,3488.119543025933,0.7471980074719801,797,788,6,0,782,781,22601,15,0,0,15,7
2020-10-16,US,Idaho,Boise,74,2,0,43.98829931,-115.7309284,16015.0,944.962329204444,2.702702702702702,72,74,2,0,72,74,7634,0,0,0,0,0
2020-10-16,US,Idaho,Bonner,427,1,0,48.29996017,-116.6017932,16017.0,933.5577953169068,0.234192037470726,426,418,1,0,417,413,44727,9,0,0,9,5
2020-10-16,US,Idaho,Bonneville,3685,22,0,43.38713372,-111.6161537,16019.0,3095.0261208446027,0.5970149253731343,3663,3612,22,0,3590,3560,116854,73,0,0,73,52
2020-10-16,US,Idaho,Boundary,89,1,0,48.76684761,-116.4630179,16021.0,726.8272764393629,1.1235955056179776,88,78,1,0,77,76,11948,11,0,0,11,2
2020-10-16,US,Idaho,Butte,71,0,0,43.72592209,-113.1735463,16023.0,2733.923758182518,0.0,71,62,0,0,62,57,2611,9,0,0,9,5
2020-10-16,US,Idaho,Camas,38,0,0,43.46665742,-114.8065892,16025.0,3435.8047016274872,0.0,38,38,0,0,38,38,1127,0,0,0,0,0
2020-10-16,US,Idaho,Canyon,9102,105,0,43.61970148,-116.70954990000001,16027.0,3959.991124607895,1.1535926170072512,8997,9027,104,0,8923,8940,223499,75,1,0,74,87
2020-10-16,US,Idaho,Caribou,182,3,0,42.77149116,-111.5597683,16029.0,2543.675751222921,1.6483516483516485,179,161,2,0,159,157,7060,21,1,0,20,4
2020-10-16,US,Idaho,Cassia,1070,8,0,42.28347888,-113.6012409,16031.0,4452.767374115689,0.7476635514018691,1062,1031,8,0,1023,1018,23864,39,0,0,39,13
2020-10-16,US,Idaho,Clark,40,0,0,44.28496071,-112.35057040000001,16033.0,4733.727810650888,0.0,40,40,0,0,40,40,852,0,0,0,0,0
2020-10-16,US,Idaho,Clearwater,120,0,0,46.67459924,-115.6622393,16035.0,1370.4888076747372,0.0,120,112,0,0,112,112,8758,8,0,0,8,0
2020-10-16,US,Idaho,Custer,92,1,0,44.24186819,-114.2855494,16037.0,2132.097334878332,1.0869565217391304,91,90,1,0,89,85,4280,2,0,0,2,5
2020-10-16,US,Idaho,Elmore,440,4,0,43.3507101,-115.4701578,16039.0,1599.3602558976404,0.9090909090909092,436,437,4,0,433,425,27259,3,0,0,3,12
2020-10-16,US,Idaho,Franklin,237,1,0,42.18332217,-111.81496659999999,16041.0,1707.9850100893632,0.4219409282700422,236,208,1,0,207,207,13726,29,0,0,29,1
2020-10-16,US,Idaho,Fremont,338,3,0,44.22800938,-111.48099429999999,16043.0,2580.3496450110697,0.8875739644970414,335,329,3,0,326,323,13168,9,0,0,9,6
2020-10-16,US,Idaho,Gem,384,4,0,44.06482372,-116.398376,16045.0,2120.1413427561843,1.0416666666666667,380,380,4,0,376,373,17634,4,0,0,4,7
2020-10-16,US,Idaho,Gooding,432,2,0,42.96927962,-114.81083059999999,16047.0,2846.037288358917,0.462962962962963,430,413,2,0,411,395,15196,19,0,0,19,18
2020-10-16,US,Idaho,Idaho,287,0,0,45.84721541,-115.4634436,16049.0,1721.965560688786,0.0,287,271,0,0,271,266,16513,16,0,0,16,5
2020-10-16,US,Idaho,Jefferson,814,3,0,43.82078483,-112.3131749,16051.0,2725.0510528606337,0.36855036855036855,811,798,3,0,795,789,29439,16,0,0,16,9
2020-10-16,US,Idaho,Jerome,944,7,0,42.68891267,-114.2655033,16053.0,3866.9506799934456,0.7415254237288136,937,930,7,0,923,903,24015,14,0,0,14,27
2020-10-16,US,Idaho,Kootenai,3277,46,0,47.67282258,-116.7020872,16055.0,1977.7062952256226,1.4037229173024108,3231,3217,45,0,3172,3179,161505,60,1,0,59,38
2020-10-16,US,Idaho,Latah,806,0,0,46.81587887,-116.71136979999999,16057.0,2009.574149795552,0.0,806,775,0,0,775,768,40134,31,0,0,31,7
2020-10-16,US,Idaho,Lemhi,165,0,0,44.9438088,-113.9309747,16059.0,2055.562476641336,0.0,165,159,0,0,159,149,7961,6,0,0,6,10
2020-10-16,US,Idaho,Lewis,64,2,0,46.23315327,-116.434146,16061.0,1667.5351745700889,3.125,62,61,2,0,59,55,3861,3,0,0,3,6
2020-10-16,US,Idaho,Lincoln,130,0,0,43.0012336,-114.1358773,16063.0,2422.661200149087,0.0,130,124,0,0,124,122,5360,6,0,0,6,2
2020-10-16,US,Idaho,Madison,1838,2,0,43.78141028,-111.65384740000002,16065.0,4605.708271731776,0.1088139281828074,1836,1758,2,0,1756,1736,39304,80,0,0,80,22
2020-10-16,US,Idaho,Minidoka,996,8,0,42.85518524,-113.6357257,16067.0,4734.065307286468,0.8032128514056225,988,941,8,0,933,930,20825,55,0,0,55,11
2020-10-16,US,Idaho,Nez Perce,612,24,0,46.32638236,-116.75009750000001,16069.0,1514.5515739457533,3.92156862745098,588,588,24,0,564,565,40408,24,0,0,24,23
2020-10-16,US,Idaho,Oneida,31,0,0,42.19494279999999,-112.5407838,16071.0,684.1756786581328,0.0,31,29,0,0,29,29,4488,2,0,0,2,0
2020-10-16,US,Idaho,Owyhee,364,5,0,42.58016894,-116.16938710000001,16073.0,3078.7448194197746,1.3736263736263736,359,363,5,0,358,360,11693,1,0,0,1,3
2020-10-16,US,Idaho,Payette,1052,10,0,44.00545243,-116.7647695,16075.0,4392.300947768361,0.9505703422053232,1042,1038,10,0,1028,1028,23551,14,0,0,14,10
2020-10-16,US,Idaho,Power,328,1,0,42.69254894,-112.83957420000002,16077.0,4270.2773076422345,0.3048780487804878,327,312,1,0,311,309,7768,16,0,0,16,3
2020-10-16,US,Idaho,Shoshone,229,19,0,47.35364087,-115.89167490000001,16079.0,1777.6742741810278,8.296943231441048,210,226,19,0,207,222,12796,3,0,0,3,4
2020-10-16,US,Idaho,Teton,252,1,0,43.75303583,-111.2056773,16081.0,2075.4406193378354,0.3968253968253968,251,248,1,0,247,245,11640,4,0,0,4,3
2020-10-16,US,Idaho,Twin Falls,3220,42,0,42.35440512,-114.6685381,16083.0,3706.346831188563,1.3043478260869563,3178,3125,41,0,3084,3014,86081,95,1,0,94,111
2020-10-16,US,Idaho,Unassigned,4,0,0,0.0,0.0,90016.0,0.0,0.0,4,5,0,0,5,,,-1,0,0,-1,
2020-10-16,US,Idaho,Valley,107,1,0,44.76728382,-115.5676773,16085.0,939.2556179775281,0.9345794392523364,106,107,1,0,106,107,11041,0,0,0,0,0
2020-10-16,US,Idaho,Washington,419,7,0,44.45275475,-116.78476880000001,16087.0,4110.260937806553,1.6706443914081146,412,414,7,0,407,410,10161,5,0,0,5,4
2020-10-16,US,Illinois,Adams,1525,14,0,39.98815591,-91.18786813,17001.0,2330.5570413387327,0.918032786885246,1511,1488,14,0,1474,1458,65691,37,0,0,37,30
2020-10-16,US,Illinois,Alexander,105,1,0,37.18049267,-89.32910838,17003.0,1822.6002430133656,0.9523809523809524,104,105,1,0,104,102,6060,0,0,0,0,3
2020-10-16,US,Illinois,Bond,432,9,0,38.88829622,-89.43534887,17005.0,2629.9768659442348,2.083333333333333,423,417,9,0,408,405,16630,15,0,0,15,12
2020-10-16,US,Illinois,Boone,1562,24,0,42.32359279,-88.82345779,17007.0,2917.226953533543,1.536491677336748,1538,1527,24,0,1503,1491,53577,35,0,0,35,36
2020-10-16,US,Illinois,Brown,94,0,0,39.96209138,-90.75068024,17009.0,1429.0057768318634,0.0,94,87,0,0,87,82,6556,7,0,0,7,5
2020-10-16,US,Illinois,Bureau,827,16,0,41.40385234,-89.5283051,17011.0,2534.63283069756,1.9347037484885128,811,821,16,0,805,799,32993,6,0,0,6,22
2020-10-16,US,Illinois,Calhoun,67,0,0,39.16840183,-90.66330078,17013.0,1413.8003798269674,0.0,67,66,0,0,66,66,4802,1,0,0,1,0
2020-10-16,US,Illinois,Carroll,336,7,0,42.06823429,-89.93395545,17015.0,2348.829080741,2.083333333333333,329,328,7,0,321,293,14312,8,0,0,8,35
2020-10-16,US,Illinois,Cass,445,11,0,39.96991073,-90.24734436,17017.0,3663.455997365605,2.4719101123595504,434,442,11,0,431,435,12260,3,0,0,3,7
2020-10-16,US,Illinois,Champaign,5596,28,0,40.13919438,-88.20046615,17019.0,2668.7141433265456,0.5003573981415297,5568,5559,28,0,5531,5525,209983,37,0,0,37,34
2020-10-16,US,Illinois,Christian,747,25,0,39.54581621,-89.27780482,17021.0,2312.407132243685,3.3467202141900936,722,739,23,0,716,724,32661,8,2,0,6,15
2020-10-16,US,Illinois,Clark,247,6,0,39.33425789,-87.78705622,17023.0,1599.6373291885238,2.42914979757085,241,241,6,0,235,240,15596,6,0,0,6,1
2020-10-16,US,Illinois,Clay,268,11,0,38.75388572,-88.48914513,17025.0,2032.766990291262,4.104477611940299,257,262,9,0,253,259,13253,6,2,0,4,3
2020-10-16,US,Illinois,Clinton,1515,23,0,38.60704876,-89.42385254,17027.0,4033.331558489963,1.518151815181518,1492,1480,23,0,1457,1452,37639,35,0,0,35,28
2020-10-16,US,Illinois,Coles,1730,38,0,39.51949084,-88.22358557,17029.0,3417.5539795736945,2.1965317919075145,1692,1694,38,0,1656,1676,50885,36,0,0,36,18
2020-10-16,US,Illinois,Cook,160645,5339,0,41.84144849,-87.81658794,17031.0,3119.1792682000987,3.32347723240686,155306,159035,5332,0,153703,157573,5180493,1610,7,0,1603,1462
2020-10-16,US,Illinois,Crawford,608,6,0,39.0032229,-87.75954624,17033.0,3257.084694916163,0.986842105263158,602,604,6,0,598,589,18807,4,0,0,4,15
2020-10-16,US,Illinois,Cumberland,246,5,0,39.27432424,-88.2401158,17035.0,2284.971205647409,2.0325203252032518,241,244,5,0,239,241,10808,2,0,0,2,3
2020-10-16,US,Illinois,De Witt,219,3,0,40.17514519,-88.90959682,17039.0,1400.4348382146054,1.3698630136986298,216,219,3,0,216,209,15769,0,0,0,0,10
2020-10-16,US,Illinois,DeKalb,2006,42,0,41.89373302,-88.76958483,17037.0,1912.3521168384225,2.093718843469591,1964,1984,42,0,1942,1941,104143,22,0,0,22,43
2020-10-16,US,Illinois,Douglas,470,8,0,39.76768052,-88.21854195,17041.0,2414.5902902645776,1.702127659574468,462,447,8,0,439,420,19479,23,0,0,23,27
2020-10-16,US,Illinois,DuPage,20277,595,0,41.85116968,-88.08642662,17043.0,2197.046117706716,2.934359126103467,19682,19967,592,0,19375,19767,928589,310,3,0,307,200
2020-10-16,US,Illinois,Edgar,136,8,0,39.6809186,-87.74759563,17045.0,792.4946098712196,5.882352941176472,128,135,8,0,127,133,17360,1,0,0,1,2
2020-10-16,US,Illinois,Edwards,93,0,0,38.41353228,-88.05720863,17047.0,1454.26114151681,0.0,93,87,0,0,87,84,6392,6,0,0,6,3
2020-10-16,US,Illinois,Effingham,1044,3,0,39.05935711,-88.58969584,17049.0,3069.865913902612,0.28735632183908044,1041,1028,3,0,1025,1014,34208,16,0,0,16,14
2020-10-16,US,Illinois,Fayette,597,17,0,39.00072038,-89.02452658,17051.0,2798.087739032621,2.847571189279732,580,589,16,0,573,574,21416,8,1,0,7,15
2020-10-16,US,Illinois,Ford,162,9,0,40.59706922,-88.22350769,17053.0,1249.9035568243194,5.5555555555555545,153,162,7,0,155,159,13264,0,2,0,-2,3
2020-10-16,US,Illinois,Franklin,801,6,0,37.99189086,-88.92567818,17055.0,2082.1960539655306,0.7490636704119851,795,779,6,0,773,711,38701,22,0,0,22,68
2020-10-16,US,Illinois,Fulton,364,0,0,40.47289135,-90.20862357,17057.0,1059.9883517763542,0.0,364,344,0,0,344,321,34844,20,0,0,20,23
2020-10-16,US,Illinois,Gallatin,101,2,0,37.76430935,-88.22953869,17059.0,2091.9635459817728,1.98019801980198,99,100,2,0,98,94,5058,1,0,0,1,6
2020-10-16,US,Illinois,Greene,260,15,0,39.35907414,-90.388865,17061.0,2004.7806307348287,5.769230769230768,245,253,15,0,238,250,13044,7,0,0,7,3
2020-10-16,US,Illinois,Grundy,838,7,0,41.28569601,-88.41905692,17063.0,1641.3993026991034,0.8353221957040573,831,820,7,0,813,808,50972,18,0,0,18,12
2020-10-16,US,Illinois,Hamilton,103,2,0,38.08163641,-88.53883373,17065.0,1269.0980778708724,1.9417475728155342,101,101,2,0,99,97,8163,2,0,0,2,4
2020-10-16,US,Illinois,Hancock,270,3,0,40.40423981,-91.16313899,17067.0,1524.7345832392139,1.1111111111111112,267,264,3,0,261,259,17844,6,0,0,6,5
2020-10-16,US,Illinois,Hardin,49,0,0,37.51810645,-88.26873022,17069.0,1282.3868097356712,0.0,49,48,0,0,48,47,3910,1,0,0,1,1
2020-10-16,US,Illinois,Henderson,95,0,0,40.81908672,-90.92491462,17071.0,1429.4312368341864,0.0,95,93,0,0,93,93,6709,2,0,0,2,0
2020-10-16,US,Illinois,Henry,785,5,0,41.3533994,-90.13296166,17073.0,1604.8903154580582,0.6369426751592356,780,775,5,0,770,764,49090,10,0,0,10,11
2020-10-16,US,Illinois,Iroquois,439,19,0,40.74717633,-87.82466784,17075.0,1619.0897691229627,4.328018223234624,420,436,19,0,417,431,27604,3,0,0,3,5
2020-10-16,US,Illinois,Jackson,1410,25,0,37.78595185,-89.38232563,17077.0,2484.581497797357,1.7730496453900708,1385,1392,25,0,1367,1367,57419,18,0,0,18,25
2020-10-16,US,Illinois,Jasper,237,10,0,39.01054275,-88.15437049,17079.0,2466.1810613943812,4.219409282700422,227,234,10,0,224,231,9611,3,0,0,3,3
2020-10-16,US,Illinois,Jefferson,840,43,0,38.29980057,-88.9240025,17081.0,2229.0627321940347,5.1190476190476195,797,834,41,0,793,804,37820,6,2,0,4,30
2020-10-16,US,Illinois,Jersey,446,21,0,39.08869046,-90.35393073,17083.0,2048.408579433243,4.708520179372197,425,438,21,0,417,435,21847,8,0,0,8,3
2020-10-16,US,Illinois,Jo Daviess,392,5,0,42.36542373,-90.21094405,17085.0,1846.0089474923475,1.2755102040816326,387,381,3,0,378,374,21366,11,2,0,9,7
2020-10-16,US,Illinois,Johnson,298,0,0,37.45939802,-88.88165419,17087.0,2399.935572199404,0.0,298,289,0,0,289,279,12456,9,0,0,9,10
2020-10-16,US,Illinois,Kane,14925,338,0,41.93842729,-88.42861412,17089.0,2803.327554502886,2.2646566164154103,14587,14702,338,0,14364,14558,534216,223,0,0,223,144
2020-10-16,US,Illinois,Kankakee,3089,78,0,41.13746989,-87.86205334,17091.0,2811.70923522237,2.52508902557462,3011,3051,78,0,2973,3019,110024,38,0,0,38,32
2020-10-16,US,Illinois,Kendall,2382,27,0,41.59081014,-88.42869583,17093.0,1846.6547794402668,1.1335012594458438,2355,2349,27,0,2322,2315,127915,33,0,0,33,34
2020-10-16,US,Illinois,Knox,1029,9,0,40.93148779,-90.21330340000002,17095.0,2070.4641944505925,0.8746355685131195,1020,982,9,0,973,937,50112,47,0,0,47,45
2020-10-16,US,Illinois,LaSalle,2100,58,0,41.34426129999999,-88.88633881,17099.0,1932.4738425862024,2.761904761904762,2042,2069,58,0,2011,2041,109430,31,0,0,31,28
2020-10-16,US,Illinois,Lake,19077,501,0,42.3224907,-88.00367925,17097.0,2738.842987071719,2.626199087906904,18576,18859,499,0,18360,18633,700832,218,2,0,216,226
2020-10-16,US,Illinois,Lawrence,302,8,0,38.71987914,-87.72884035,17101.0,1926.2661053705829,2.6490066225165565,294,296,7,0,289,293,15765,6,1,0,5,3
2020-10-16,US,Illinois,Lee,562,1,0,41.74583951,-89.29977132,17103.0,1648.2871891130926,0.17793594306049826,561,549,1,0,548,525,34223,13,0,0,13,24
2020-10-16,US,Illinois,Livingston,517,9,0,40.89188292,-88.55784752,17105.0,1450.2917414721726,1.7408123791102514,508,499,9,0,490,489,35761,18,0,0,18,10
2020-10-16,US,Illinois,Logan,526,4,0,40.12581572,-89.36638784,17107.0,1838.0040533929694,0.7604562737642585,522,525,4,0,521,518,28925,1,0,0,1,7
2020-10-16,US,Illinois,Macon,2371,48,0,39.86064913,-88.96342505,17115.0,2279.610418329183,2.0244622522142555,2323,2273,48,0,2225,2190,104712,98,0,0,98,83
2020-10-16,US,Illinois,Macoupin,703,8,0,39.26119767,-89.92424028,17117.0,1564.7954413925122,1.1379800853485065,695,685,8,0,677,664,45313,18,0,0,18,21
2020-10-16,US,Illinois,Madison,6650,152,0,38.83042506,-89.90422563,17119.0,2528.8440330689136,2.2857142857142856,6498,6565,150,0,6415,6499,264461,85,2,0,83,66
2020-10-16,US,Illinois,Marion,814,11,0,38.64963204,-88.91899208,17121.0,2187.877973390673,1.351351351351351,803,807,11,0,796,774,37620,7,0,0,7,33
2020-10-16,US,Illinois,Marshall,132,3,0,41.0327901,-89.34510444,17123.0,1154.047910473859,2.272727272727273,129,129,3,0,126,129,11534,3,0,0,3,0
2020-10-16,US,Illinois,Mason,225,1,0,40.23917274,-89.91824452,17125.0,1684.257803727824,0.4444444444444444,224,217,1,0,216,215,13565,8,0,0,8,2
2020-10-16,US,Illinois,Massac,136,2,0,37.22078441,-88.71036614,17127.0,987.5108916642464,1.4705882352941178,134,135,2,0,133,133,14080,1,0,0,1,2
2020-10-16,US,Illinois,McDonough,621,15,0,40.45674722,-90.67775541,17109.0,2092.1770770163735,2.415458937198068,606,598,15,0,583,577,29955,23,0,0,23,21
2020-10-16,US,Illinois,McHenry,5396,120,0,42.32451172,-88.45248227,17111.0,1753.2345162359393,2.223869532987398,5276,5310,119,0,5191,5248,308570,86,1,0,85,62
2020-10-16,US,Illinois,McLean,3815,30,0,40.48996987,-88.84621113,17113.0,2224.2693144119826,0.7863695937090432,3785,3779,30,0,3749,3746,172828,36,0,0,36,33
2020-10-16,US,Illinois,Menard,156,1,0,40.02742725,-89.80246001,17129.0,1279.1079042308954,0.6410256410256411,155,152,1,0,151,152,12288,4,0,0,4,0
2020-10-16,US,Illinois,Mercer,205,6,0,41.20596782,-90.74290052,17131.0,1327.9782341128455,2.9268292682926833,199,195,6,0,189,191,15601,10,0,0,10,4
2020-10-16,US,Illinois,Monroe,829,27,0,38.27594376,-90.17761038,17133.0,2393.3943470854865,3.2569360675512664,802,819,27,0,792,810,34335,10,0,0,10,9
2020-10-16,US,Illinois,Montgomery,511,14,0,39.23198845,-89.47809254,17135.0,1798.409234884212,2.7397260273972597,497,506,14,0,492,496,28601,5,0,0,5,10
2020-10-16,US,Illinois,Morgan,786,24,0,39.71654544,-90.20255104,17137.0,2335.2546200011884,3.053435114503817,762,769,24,0,745,762,33976,17,0,0,17,7
2020-10-16,US,Illinois,Moultrie,333,5,0,39.64187451,-88.62099969,17139.0,2296.393352182608,1.5015015015015014,328,319,5,0,314,295,14717,14,0,0,14,24
2020-10-16,US,Illinois,Ogle,1001,7,0,42.04165196,-89.32184679,17141.0,1976.581166202635,0.6993006993006993,994,964,6,0,958,950,50923,37,1,0,36,14
2020-10-16,US,Illinois,Out of IL,2,0,0,0.0,0.0,80017.0,0.0,0.0,2,2,0,0,2,1,,0,0,0,0,1
2020-10-16,US,Illinois,Peoria,4136,59,0,40.78702156,-89.76078901,17143.0,2308.306218920744,1.4264990328820115,4077,4069,59,0,4010,4030,180621,67,0,0,67,39
2020-10-16,US,Illinois,Perry,394,16,0,38.08510853,-89.36856219,17145.0,1883.725377701281,4.060913705583757,378,387,16,0,371,382,21174,7,0,0,7,5
2020-10-16,US,Illinois,Piatt,195,0,0,40.01360584,-88.59319339,17147.0,1193.0983847283408,0.0,195,187,0,0,187,183,16396,8,0,0,8,4
2020-10-16,US,Illinois,Pike,230,2,0,39.62265059,-90.8877017,17149.0,1478.054109633057,0.8695652173913043,228,209,2,0,207,207,15611,21,0,0,21,2
2020-10-16,US,Illinois,Pope,36,1,0,37.41391284,-88.56152109,17151.0,861.8625807996167,2.7777777777777777,35,36,1,0,35,36,4212,0,0,0,0,0
2020-10-16,US,Illinois,Pulaski,218,1,0,37.22631423,-89.13085001,17153.0,4086.223055295221,0.4587155963302753,217,218,1,0,217,218,5463,0,0,0,0,0
2020-10-16,US,Illinois,Putnam,81,0,0,41.2013541,-89.2869272,17155.0,1411.3957135389444,0.0,81,75,0,0,75,75,5740,6,0,0,6,0
2020-10-16,US,Illinois,Randolph,1107,14,0,38.05095369,-89.82512254,17157.0,3483.103643571833,1.2646793134598011,1093,1090,14,0,1076,1075,32106,17,0,0,17,15
2020-10-16,US,Illinois,Richland,306,14,0,38.71240969,-88.08475366,17159.0,1972.539160703925,4.575163398692809,292,298,12,0,286,296,15763,8,2,0,6,2
2020-10-16,US,Illinois,Rock Island,3544,87,0,41.46613806,-90.57042164,17161.0,2497.903142818881,2.4548532731376973,3457,3483,86,0,3397,3446,143477,61,1,0,60,37
2020-10-16,US,Illinois,Saline,468,7,0,37.75332999,-88.54119706,17165.0,1992.2523519645824,1.4957264957264955,461,463,7,0,456,457,23906,5,0,0,5,6
2020-10-16,US,Illinois,Sangamon,3293,54,0,39.75836914,-89.65872023,17167.0,1691.5632448426072,1.6398420892802916,3239,3204,53,0,3151,3154,195348,89,1,0,88,50
2020-10-16,US,Illinois,Schuyler,78,1,0,40.157179799999994,-90.61114163,17169.0,1152.482269503546,1.2820512820512822,77,75,1,0,74,74,6907,3,0,0,3,1
2020-10-16,US,Illinois,Scott,88,0,0,39.642916899999996,-90.47814431,17171.0,1777.4187032922641,0.0,88,88,0,0,88,84,4926,0,0,0,0,4
2020-10-16,US,Illinois,Shelby,563,8,0,39.39133527,-88.80611122,17173.0,2602.3851345104927,1.4209591474245116,555,539,8,0,531,533,21741,24,0,0,24,6
2020-10-16,US,Illinois,St. Clair,7430,210,0,38.46996033,-89.93063427,17163.0,2861.147693753225,2.826379542395693,7220,7382,208,0,7174,7330,261059,48,2,0,46,52
2020-10-16,US,Illinois,Stark,78,2,0,41.09309773,-89.79745866,17175.0,1460.1272931486335,2.5641025641025643,76,74,2,0,72,72,5427,4,0,0,4,2
2020-10-16,US,Illinois,Stephenson,746,7,0,42.35129217,-89.662598,17177.0,1676.4798417906425,0.9383378016085792,739,732,7,0,725,712,44753,14,0,0,14,20
2020-10-16,US,Illinois,Tazewell,2334,45,0,40.50716185,-89.51404662,17179.0,1770.824639803343,1.9280205655526992,2289,2247,45,0,2202,2215,132328,87,0,0,87,32
2020-10-16,US,Illinois,Unassigned,3623,260,0,0.0,0.0,90017.0,0.0,7.176373171404912,3363,3070,246,0,2824,3071,,553,14,0,539,-1
2020-10-16,US,Illinois,Union,713,25,0,37.47119609,-89.25548938,17181.0,4281.510838887888,3.506311360448808,688,695,25,0,670,683,16841,18,0,0,18,12
2020-10-16,US,Illinois,Vermilion,1444,7,0,40.18417171,-87.73384359,17183.0,1906.0693260117746,0.4847645429362881,1437,1406,7,0,1399,1361,76806,38,0,0,38,45
2020-10-16,US,Illinois,Wabash,200,5,0,38.44272901,-87.84922065,17185.0,1736.111111111111,2.5,195,190,5,0,185,189,11549,10,0,0,10,1
2020-10-16,US,Illinois,Warren,432,6,0,40.84925021,-90.6147432,17187.0,2564.711469959629,1.3888888888888888,426,428,6,0,422,414,17032,4,0,0,4,14
2020-10-16,US,Illinois,Washington,271,1,0,38.35309213,-89.40982703,17189.0,1951.465399294304,0.3690036900369004,270,269,1,0,268,265,13995,2,0,0,2,4
2020-10-16,US,Illinois,Wayne,422,9,0,38.42955355,-88.42586459,17191.0,2602.5285229725564,2.1327014218009483,413,411,8,0,403,397,16332,11,1,0,10,14
2020-10-16,US,Illinois,White,228,1,0,38.08706198,-88.17657461,17193.0,1684.2727339883286,0.43859649122807015,227,223,1,0,222,210,13665,5,0,0,5,13
2020-10-16,US,Illinois,Whiteside,1087,21,0,41.75509713,-89.91556058,17195.0,1970.0951517897602,1.9319227230910765,1066,1064,21,0,1043,1040,55626,23,0,0,23,24
2020-10-16,US,Illinois,Will,16321,414,0,41.44619267,-87.97862712,17197.0,2362.8180090134824,2.5366092763923778,15907,16074,412,0,15662,15888,692310,247,2,0,245,186
2020-10-16,US,Illinois,Williamson,1655,57,0,37.73033511,-88.92994027,17199.0,2485.0969262879707,3.4441087613293053,1598,1621,56,0,1565,1601,67056,34,1,0,33,20
2020-10-16,US,Illinois,Winnebago,8580,163,0,42.33641854,-89.16085327,17201.0,3036.394264116756,1.8997668997669,8417,8397,163,0,8234,8207,284081,183,0,0,183,190
2020-10-16,US,Illinois,Woodford,534,10,0,40.78579374,-89.20973757,17203.0,1388.4916404482694,1.8726591760299625,524,504,10,0,494,496,38463,30,0,0,30,8
2020-10-16,US,Indiana,Adams,432,5,0,40.7457653,-84.93671406,18001.0,1207.4796657070185,1.1574074074074074,427,415,5,0,410,405,35636,17,0,0,17,10
2020-10-16,US,Indiana,Allen,7542,219,0,41.09194313,-85.06800636,18003.0,1988.404925929148,2.903739061256961,7323,7406,216,0,7190,7320,375351,136,3,0,133,86
2020-10-16,US,Indiana,Bartholomew,1343,57,0,39.20744865,-85.89558181,18005.0,1603.027011542272,4.244229337304542,1286,1329,57,0,1272,1312,82753,14,0,0,14,17
2020-10-16,US,Indiana,Benton,100,0,0,40.60626947,-87.31093999,18007.0,1143.1184270690444,0.0,100,98,0,0,98,95,8653,2,0,0,2,3
2020-10-16,US,Indiana,Blackford,176,3,0,40.47388153,-85.32499702,18009.0,1496.8532063276068,1.7045454545454546,173,170,3,0,167,169,11930,6,0,0,6,1
2020-10-16,US,Indiana,Boone,1158,48,0,40.0509304,-86.46841646,18011.0,1706.882065946376,4.1450777202072535,1110,1143,48,0,1095,1131,66999,15,0,0,15,12
2020-10-16,US,Indiana,Brown,125,3,0,39.19605589,-86.22868909,18013.0,828.2533792737877,2.4,122,124,3,0,121,123,15234,1,0,0,1,1
2020-10-16,US,Indiana,Carroll,305,13,0,40.580783200000006,-86.56198812,18015.0,1505.6523670829833,4.262295081967213,292,301,13,0,288,300,20127,4,0,0,4,1
2020-10-16,US,Indiana,Cass,2185,17,0,40.76135835,-86.34830753,18017.0,5797.447531109873,0.7780320366132724,2168,2160,16,0,2144,2153,37955,25,1,0,24,7
2020-10-16,US,Indiana,Clark,2722,57,0,38.48015445,-85.70510334,18019.0,2300.8909401362616,2.094048493754592,2665,2680,57,0,2623,2641,117360,42,0,0,42,39
2020-10-16,US,Indiana,Clay,405,6,0,39.39561833,-87.11723506,18021.0,1544.327931363203,1.4814814814814814,399,393,6,0,387,385,26170,12,0,0,12,8
2020-10-16,US,Indiana,Clinton,783,15,0,40.30319754,-86.47277257,18023.0,2416.741257446217,1.9157088122605364,768,766,15,0,751,754,32250,17,0,0,17,12
2020-10-16,US,Indiana,Crawford,138,1,0,38.28814402,-86.44518825,18025.0,1304.7177838706627,0.7246376811594203,137,134,1,0,133,133,10558,4,0,0,4,1
2020-10-16,US,Indiana,Daviess,805,31,0,38.70186039,-87.07185406,18027.0,2413.7207280141524,3.8509316770186337,774,779,31,0,748,767,33147,26,0,0,26,12
2020-10-16,US,Indiana,DeKalb,643,11,0,41.39804622,-84.99906934,18033.0,1479.0109258194366,1.7107309486780715,632,638,11,0,627,621,43226,5,0,0,5,17
2020-10-16,US,Indiana,Dearborn,854,28,0,39.14647946,-84.97333539,18029.0,1726.7176189898498,3.278688524590164,826,834,28,0,806,812,49568,20,0,0,20,22
2020-10-16,US,Indiana,Decatur,489,39,0,39.30712658,-85.50087166,18031.0,1841.1837795097706,7.975460122699388,450,484,39,0,445,483,26794,5,0,0,5,1
2020-10-16,US,Indiana,Delaware,2667,73,0,40.22787247,-85.39732772,18035.0,2336.7065317387305,2.7371578552680917,2594,2609,72,0,2537,2537,114772,58,1,0,57,72
2020-10-16,US,Indiana,Dubois,1302,21,0,38.36597551,-86.87924170000002,18037.0,3046.611755896668,1.6129032258064515,1281,1265,21,0,1244,1229,42565,37,0,0,37,36
2020-10-16,US,Indiana,Elkhart,8039,128,0,41.59761169,-85.85875695,18039.0,3895.9780169719056,1.592237840527429,7911,7925,126,0,7799,7773,205560,114,2,0,112,152
2020-10-16,US,Indiana,Fayette,531,15,0,39.63684962,-85.17797541,18041.0,2298.5022941736647,2.824858757062147,516,525,15,0,510,518,23047,6,0,0,6,7
2020-10-16,US,Indiana,Floyd,1667,65,0,38.32117957,-85.90385377,18043.0,2122.97190596266,3.8992201559688064,1602,1644,65,0,1579,1631,77781,23,0,0,23,13
2020-10-16,US,Indiana,Fountain,257,3,0,40.12361933,-87.24217689,18045.0,1572.2500917655696,1.1673151750972763,254,240,3,0,237,229,16351,17,0,0,17,11
2020-10-16,US,Indiana,Franklin,349,25,0,39.4142482,-85.06062647,18047.0,1533.5266719395374,7.163323782234957,324,336,25,0,311,335,22736,13,0,0,13,1
2020-10-16,US,Indiana,Fulton,320,2,0,41.0469907,-86.26252745,18049.0,1602.0827075197758,0.625,318,314,2,0,312,295,20092,6,0,0,6,19
2020-10-16,US,Indiana,Gibson,794,9,0,38.30393723,-87.58054938,18051.0,2358.953028907573,1.1335012594458438,785,770,9,0,761,763,33452,24,0,0,24,7
2020-10-16,US,Indiana,Grant,1141,39,0,40.51587228,-85.65468702,18053.0,1734.8598883972693,3.4180543382997373,1102,1117,39,0,1078,1105,65936,24,0,0,24,12
2020-10-16,US,Indiana,Greene,493,36,0,39.03630547,-86.96223202,18055.0,1544.3894492826266,7.3022312373225144,457,482,36,0,446,474,32006,11,0,0,11,8
2020-10-16,US,Indiana,Hamilton,5759,112,0,40.07306535,-86.05244729,18057.0,1703.7907050362269,1.9447820802222608,5647,5659,112,0,5547,5603,330086,100,0,0,100,56
2020-10-16,US,Indiana,Hancock,1098,44,0,39.82304555,-85.77566351,18059.0,1404.6668713540064,4.007285974499089,1054,1090,44,0,1046,1074,76351,8,0,0,8,16
2020-10-16,US,Indiana,Harrison,716,24,0,38.19467379,-86.10948271,18061.0,1767.246698753548,3.35195530726257,692,693,24,0,669,689,40350,23,0,0,23,4
2020-10-16,US,Indiana,Hendricks,3068,128,0,39.76719009,-86.51037283,18063.0,1801.4103610453815,4.172099087353326,2940,3029,128,0,2901,3005,167009,39,0,0,39,24
2020-10-16,US,Indiana,Henry,1139,27,0,39.93029017,-85.39625719,18065.0,2374.301675977653,2.370500438981563,1112,1088,27,0,1061,1072,48271,51,0,0,51,16
2020-10-16,US,Indiana,Howard,1530,66,0,40.48527731,-86.11351892,18067.0,1853.5568908703242,4.313725490196078,1464,1515,66,0,1449,1507,82366,15,0,0,15,8
2020-10-16,US,Indiana,Huntington,353,5,0,40.82907273,-85.48822092,18069.0,966.5936473165387,1.4164305949008498,348,353,5,0,348,347,36240,0,0,0,0,6
2020-10-16,US,Indiana,Jackson,1010,11,0,38.90915820000001,-86.03851889,18071.0,2283.466347132102,1.0891089108910892,999,986,10,0,976,964,44111,24,1,0,23,22
2020-10-16,US,Indiana,Jasper,495,4,0,41.02078733,-87.11553319,18073.0,1474.8823073714318,0.8080808080808081,491,478,3,0,475,472,33370,17,1,0,16,6
2020-10-16,US,Indiana,Jay,267,6,0,40.43781032,-85.00576229,18075.0,1306.5179095713447,2.247191011235955,261,258,5,0,253,250,20764,9,1,0,8,8
2020-10-16,US,Indiana,Jefferson,321,4,0,38.78576239,-85.43633383,18077.0,993.5619660765137,1.2461059190031152,317,316,4,0,312,314,32208,5,0,0,5,2
2020-10-16,US,Indiana,Jennings,354,13,0,38.99588883,-85.62710784,18079.0,1276.3656030286638,3.6723163841807906,341,348,13,0,335,345,27611,6,0,0,6,3
2020-10-16,US,Indiana,Johnson,2885,127,0,39.48994426,-86.10149107,18081.0,1824.0214456871533,4.40207972270364,2758,2849,127,0,2722,2820,156225,36,0,0,36,29
2020-10-16,US,Indiana,Knox,647,10,0,38.68861576,-87.4194665,18083.0,1768.0494070066131,1.545595054095827,637,636,10,0,626,615,36895,11,0,0,11,21
2020-10-16,US,Indiana,Kosciusko,1620,20,0,41.24521668,-85.86312322,18085.0,2038.8642770841723,1.2345679012345678,1600,1567,20,0,1547,1545,79344,53,0,0,53,22
2020-10-16,US,Indiana,LaGrange,748,14,0,41.64232188,-85.42674232,18087.0,1888.2213358913518,1.8716577540106951,734,742,14,0,728,734,39330,6,0,0,6,8
2020-10-16,US,Indiana,LaPorte,2008,52,0,41.54366008,-86.74072188,18091.0,1827.3150844496213,2.589641434262948,1956,1972,51,0,1921,1928,110007,36,1,0,35,44
2020-10-16,US,Indiana,Lake,12528,346,0,41.41874274,-87.38277575,18089.0,2580.469749306375,2.7618135376756068,12182,12326,343,0,11983,12189,484411,202,3,0,199,137
2020-10-16,US,Indiana,Lawrence,714,32,0,38.84112637,-86.48361629,18093.0,1573.7271324663877,4.481792717086835,682,670,31,0,639,665,45668,44,1,0,43,5
2020-10-16,US,Indiana,Madison,2158,86,0,40.16143691,-85.71964711,18095.0,1665.5218455031686,3.985171455050973,2072,2111,84,0,2027,2084,129641,47,2,0,45,27
2020-10-16,US,Indiana,Marion,24034,777,0,39.78163624,-86.13826325,18097.0,2491.649232517297,3.2329200299575604,23257,23852,776,0,23076,23611,954670,182,1,0,181,241
2020-10-16,US,Indiana,Marshall,1261,26,0,41.32467367,-86.26185087,18099.0,2726.01495957456,2.061855670103093,1235,1239,26,0,1213,1218,46248,22,0,0,22,21
2020-10-16,US,Indiana,Martin,187,0,0,38.7099921,-86.80373186,18101.0,1823.5007313505605,0.0,187,186,0,0,186,185,10217,1,0,0,1,1
2020-10-16,US,Indiana,Miami,540,4,0,40.76940965,-86.04525048,18103.0,1520.4414911589142,0.7407407407407407,536,521,4,0,517,512,35567,19,0,0,19,9
2020-10-16,US,Indiana,Monroe,3117,38,0,39.16130004,-86.52414358,18105.0,2099.965640600683,1.2191209496310556,3079,3087,38,0,3049,3067,146917,30,0,0,30,20
2020-10-16,US,Indiana,Montgomery,548,22,0,40.04034823,-86.89335024,18107.0,1429.3912045490115,4.014598540145985,526,540,22,0,518,540,38346,8,0,0,8,0
2020-10-16,US,Indiana,Morgan,889,40,0,39.47899078,-86.44573375,18109.0,1261.18968917136,4.499437570303712,849,867,40,0,827,853,70116,22,0,0,22,14
2020-10-16,US,Indiana,Newton,197,11,0,40.95610449,-87.39635768,18111.0,1408.752860411899,5.583756345177664,186,192,11,0,181,191,14011,5,0,0,5,1
2020-10-16,US,Indiana,Noble,1074,33,0,41.39672484,-85.41966713,18113.0,2249.497319034853,3.0726256983240225,1041,1058,33,0,1025,1035,47532,16,0,0,16,23
2020-10-16,US,Indiana,Ohio,109,7,0,38.955304999999996,-84.96515993,18115.0,1855.3191489361704,6.422018348623853,102,105,7,0,98,94,5844,4,0,0,4,11
2020-10-16,US,Indiana,Orange,366,24,0,38.54118920000001,-86.49523093,18117.0,1862.9746513285147,6.557377049180328,342,360,24,0,336,350,19489,6,0,0,6,10
2020-10-16,US,Indiana,Owen,195,1,0,39.31145587,-86.83900724,18119.0,937.5450742824174,0.5128205128205128,194,190,1,0,189,184,20845,5,0,0,5,6
2020-10-16,US,Indiana,Parke,202,2,0,39.77202286,-87.20375833,18121.0,1192.6551337308854,0.99009900990099,200,187,2,0,185,182,16927,15,0,0,15,5
2020-10-16,US,Indiana,Perry,269,14,0,38.07809328,-86.63741946,18123.0,1403.3074234441024,5.204460966542751,255,263,13,0,250,259,19102,6,1,0,5,4
2020-10-16,US,Indiana,Pike,303,9,0,38.40112197,-87.23574907,18125.0,2445.717975623537,2.9702970297029703,294,294,9,0,285,292,12410,9,0,0,9,2
2020-10-16,US,Indiana,Porter,2798,47,0,41.45986947,-87.06848888,18127.0,1642.1247850506782,1.6797712651894208,2751,2746,47,0,2699,2698,169594,52,0,0,52,48
2020-10-16,US,Indiana,Posey,631,3,0,38.02097333,-87.86480429,18129.0,2481.6140323278405,0.4754358161648177,628,623,3,0,620,621,25540,8,0,0,8,2
2020-10-16,US,Indiana,Pulaski,131,1,0,41.04166107,-86.69890683,18131.0,1060.4711406136162,0.7633587786259542,130,126,1,0,125,125,12469,5,0,0,5,1
2020-10-16,US,Indiana,Putnam,678,15,0,39.66437981,-86.84517605,18133.0,1804.3431977858206,2.2123893805309733,663,674,15,0,659,671,37779,4,0,0,4,3
2020-10-16,US,Indiana,Randolph,312,8,0,40.15734772,-85.01139319,18135.0,1264.9503344820596,2.5641025641025643,304,299,8,0,291,292,24851,13,0,0,13,7
2020-10-16,US,Indiana,Ripley,400,8,0,39.10235626,-85.26212744,18137.0,1412.2299110295153,2.0,392,392,8,0,384,382,28523,8,0,0,8,10
2020-10-16,US,Indiana,Rush,181,4,0,39.62002287,-85.4655599,18139.0,1091.6108799228032,2.209944751381216,177,178,4,0,174,175,16663,3,0,0,3,3
2020-10-16,US,Indiana,Scott,493,13,0,38.68672078,-85.74627859,18143.0,2065.0944581745066,2.636916835699797,480,486,13,0,473,482,23878,7,0,0,7,4
2020-10-16,US,Indiana,Shelby,757,29,0,39.52305623,-85.79158570000001,18145.0,1692.4143173332736,3.830911492734478,728,742,29,0,713,733,44593,15,0,0,15,9
2020-10-16,US,Indiana,Spencer,348,6,0,38.01519732,-87.0079644,18147.0,1716.230211569759,1.7241379310344829,342,345,6,0,339,344,20327,3,0,0,3,1
2020-10-16,US,Indiana,St. Joseph,8433,151,0,41.61756781,-86.29040834,18141.0,3102.352240035905,1.7905846080872765,8282,8321,150,0,8171,8191,270771,112,1,0,111,130
2020-10-16,US,Indiana,Starke,362,7,0,41.27890281,-86.64686895,18149.0,1574.2552728854098,1.9337016574585637,355,355,7,0,348,354,22935,7,0,0,7,1
2020-10-16,US,Indiana,Steuben,558,8,0,41.64423868,-85.00101094,18151.0,1612.996473376886,1.4336917562724014,550,544,9,0,535,536,34586,14,-1,0,15,8
2020-10-16,US,Indiana,Sullivan,394,12,0,39.08952258,-87.41414469,18153.0,1906.2363926653445,3.045685279187817,382,391,12,0,379,387,20690,3,0,0,3,4
2020-10-16,US,Indiana,Switzerland,79,0,0,38.82767338,-85.03022429,18155.0,734.815366012464,0.0,79,77,0,0,77,76,10717,2,0,0,2,1
2020-10-16,US,Indiana,Tippecanoe,3377,13,0,40.38872739,-86.89413959,18157.0,1725.3182923589395,0.3849570624814925,3364,3311,13,0,3298,3244,193048,66,0,0,66,67
2020-10-16,US,Indiana,Tipton,258,23,0,40.31123252,-86.05234925,18159.0,1703.1951412727753,8.914728682170542,235,257,23,0,234,256,15128,1,0,0,1,1
2020-10-16,US,Indiana,Unassigned,0,233,0,0.0,0.0,90018.0,0.0,0.0,-233,0,232,0,-232,0,,0,1,0,-1,0
2020-10-16,US,Indiana,Union,94,0,0,39.62550777,-84.92497066,18161.0,1332.5772611284378,0.0,94,92,0,0,92,88,7037,2,0,0,2,4
2020-10-16,US,Indiana,Vanderburgh,5225,48,0,38.02658833,-87.58763124,18163.0,2879.565282087175,0.9186602870813396,5177,5167,48,0,5119,5123,180974,58,0,0,58,44
2020-10-16,US,Indiana,Vermillion,191,1,0,39.8523352,-87.46160542,18165.0,1232.4170860756226,0.5235602094240838,190,185,1,0,184,175,15479,6,0,0,6,10
2020-10-16,US,Indiana,Vigo,2343,32,0,39.42944561,-87.39169027,18167.0,2188.942244810254,1.3657703798548868,2311,2322,31,0,2291,2285,107386,21,1,0,20,37
2020-10-16,US,Indiana,Wabash,350,9,0,40.84704239,-85.79328272,18169.0,1129.177958446251,2.571428571428572,341,344,9,0,335,330,31280,6,0,0,6,14
2020-10-16,US,Indiana,Warren,65,1,0,40.34728141,-87.35602659,18171.0,786.4488808227466,1.5384615384615383,64,60,1,0,59,60,8263,5,0,0,5,0
2020-10-16,US,Indiana,Warrick,1790,60,0,38.08922676,-87.2716085,18173.0,2841.3600431759737,3.35195530726257,1730,1774,59,0,1715,1763,62567,16,1,0,15,11
2020-10-16,US,Indiana,Washington,339,2,0,38.60219804,-86.1049363,18175.0,1209.1596518761592,0.5899705014749262,337,322,2,0,320,317,27943,17,0,0,17,5
2020-10-16,US,Indiana,Wayne,1093,19,0,39.863344399999995,-85.01044989,18177.0,1658.9763827332888,1.7383348581884719,1074,1062,18,0,1044,1020,65936,31,1,0,30,42
2020-10-16,US,Indiana,Wells,392,5,0,40.72934187,-85.22132966,18179.0,1385.3548204693247,1.2755102040816326,387,379,5,0,374,344,28206,13,0,0,13,35
2020-10-16,US,Indiana,White,545,15,0,40.74911165,-86.86492015,18181.0,2261.2231350095426,2.7522935779816518,530,540,15,0,525,530,24133,5,0,0,5,10
2020-10-16,US,Indiana,Whitley,404,6,0,41.13863784,-85.50791236,18183.0,1189.4947591567545,1.4851485148514851,398,390,6,0,384,379,34074,14,0,0,14,11
2020-10-16,US,Iowa,Adair,117,1,0,41.33075609,-94.47105874,19001.0,1635.9060402684563,0.8547008547008547,116,113,1,0,112,108,7063,4,0,0,4,5
2020-10-16,US,Iowa,Adams,63,0,0,41.02903567,-94.69932645,19003.0,1749.0283176013327,0.0,63,60,0,0,60,59,3645,3,0,0,3,1
2020-10-16,US,Iowa,Allamakee,317,8,0,43.28383218,-91.37860922,19005.0,2316.066340322934,2.5236593059936907,309,307,8,0,299,302,13832,10,0,0,10,5
2020-10-16,US,Iowa,Appanoose,194,3,0,40.74324454,-92.86865906,19007.0,1561.2425559311123,1.5463917525773196,191,190,3,0,187,190,12437,4,0,0,4,0
2020-10-16,US,Iowa,Audubon,127,1,0,41.6844628,-94.90581859,19009.0,2310.7714701601158,0.7874015748031497,126,124,1,0,123,122,5506,3,0,0,3,2
2020-10-16,US,Iowa,Benton,483,1,0,42.08011739,-92.06463573,19011.0,1883.4080717488794,0.2070393374741201,482,463,1,0,462,451,25642,20,0,0,20,12
2020-10-16,US,Iowa,Black Hawk,5112,96,0,42.4704581,-92.30524729,19013.0,3895.510104550858,1.8779342723004693,5016,5042,96,0,4946,5005,132408,70,0,0,70,37
2020-10-16,US,Iowa,Boone,661,8,0,42.03657094,-93.9313999,19015.0,2519.6310131889913,1.2102874432677762,653,642,8,0,634,631,26346,19,0,0,19,11
2020-10-16,US,Iowa,Bremer,602,7,0,42.77461496,-92.31795937,19017.0,2402.042933524858,1.162790697674419,595,592,7,0,585,583,24947,10,0,0,10,9
2020-10-16,US,Iowa,Buchanan,385,3,0,42.4709188,-91.83510825,19019.0,1818.1818181818185,0.7792207792207793,382,375,3,0,372,366,21199,10,0,0,10,9
2020-10-16,US,Iowa,Buena Vista,2189,12,0,42.73545875,-95.15100162,19021.0,11156.98267074414,0.5481955230698949,2177,2177,12,0,2165,2161,19874,12,0,0,12,16
2020-10-16,US,Iowa,Butler,336,2,0,42.73172833,-92.79015971,19023.0,2327.0309578225642,0.5952380952380952,334,330,2,0,328,326,14539,6,0,0,6,4
2020-10-16,US,Iowa,Calhoun,256,3,0,42.38521079,-94.64046046,19025.0,2647.9106330161358,1.171875,253,251,3,0,248,249,9699,5,0,0,5,2
2020-10-16,US,Iowa,Carroll,1001,8,0,42.03617207,-94.86032705,19027.0,4964.0466154227615,0.7992007992007992,993,981,7,0,974,956,20154,20,1,0,19,25
2020-10-16,US,Iowa,Cass,276,2,0,41.33149454,-94.92792482,19029.0,2150.2025553131816,0.7246376811594203,274,261,2,0,259,252,12930,15,0,0,15,9
2020-10-16,US,Iowa,Cedar,338,5,0,41.77233777,-91.13246684,19031.0,1814.5702474902027,1.4792899408284024,333,325,5,0,320,320,18627,13,0,0,13,5
2020-10-16,US,Iowa,Cerro Gordo,1218,23,0,43.08177563,-93.2612239,19033.0,2869.2579505300355,1.8883415435139568,1195,1209,23,0,1186,1201,42647,9,0,0,9,8
2020-10-16,US,Iowa,Cherokee,354,2,0,42.73538914,-95.62389402,19035.0,3150.86782376502,0.5649717514124294,352,348,2,0,346,345,11321,6,0,0,6,3
2020-10-16,US,Iowa,Chickasaw,317,1,0,43.06001295,-92.31773347,19037.0,2656.4987848822593,0.3154574132492113,316,317,1,0,316,313,11964,0,0,0,0,4
2020-10-16,US,Iowa,Clarke,301,3,0,41.02868181,-93.78499767,19039.0,3203.831825439064,0.9966777408637874,298,299,3,0,296,297,9423,2,0,0,2,2
2020-10-16,US,Iowa,Clay,471,4,0,43.08247182,-95.15096481,19041.0,2940.8091908091915,0.8492569002123143,467,460,4,0,456,449,16134,11,0,0,11,11
2020-10-16,US,Iowa,Clayton,339,3,0,42.84443388,-91.34133693,19043.0,1931.7340019374328,0.8849557522123894,336,332,3,0,329,328,17556,7,0,0,7,4
2020-10-16,US,Iowa,Clinton,1330,25,0,41.89981633,-90.53275096,19045.0,2864.5889422559176,1.8796992481203008,1305,1321,25,0,1296,1306,46518,9,0,0,9,15
2020-10-16,US,Iowa,Crawford,1292,12,0,42.03718237,-95.3819718,19047.0,7681.3317479191455,0.9287925696594428,1280,1280,12,0,1268,1269,17158,12,0,0,12,11
2020-10-16,US,Iowa,Dallas,3263,43,0,41.68560356,-94.04127625,19049.0,3491.5947053599125,1.3178057002758201,3220,3214,43,0,3171,3189,90180,49,0,0,49,25
2020-10-16,US,Iowa,Davis,153,4,0,40.74773536,-92.41005468,19051.0,1700.0,2.6143790849673203,149,150,4,0,146,150,9017,3,0,0,3,0
2020-10-16,US,Iowa,Decatur,121,0,0,40.73742757,-93.78645949,19053.0,1537.4841168996188,0.0,121,119,0,0,119,112,7890,2,0,0,2,7
2020-10-16,US,Iowa,Delaware,653,8,0,42.47104597,-91.3664492,19055.0,3838.692610663688,1.2251148545176107,645,633,8,0,625,617,17069,20,0,0,20,16
2020-10-16,US,Iowa,Des Moines,1175,9,0,40.92012606,-91.18326592,19057.0,3015.371981420176,0.7659574468085106,1166,1104,9,0,1095,1081,39138,71,0,0,71,23
2020-10-16,US,Iowa,Dickinson,671,7,0,43.37787725,-95.1510206,19059.0,3888.0519179510948,1.0432190760059612,664,663,7,0,656,650,17153,8,0,0,8,13
2020-10-16,US,Iowa,Dubuque,4528,52,0,42.46815349,-90.88181925,19061.0,4653.122463030901,1.1484098939929328,4476,4423,52,0,4371,4341,96854,105,0,0,105,82
2020-10-16,US,Iowa,Emmet,381,14,0,43.37782951,-94.67858943,19063.0,4137.706342311034,3.674540682414698,367,376,14,0,362,364,9253,5,0,0,5,12
2020-10-16,US,Iowa,Fayette,329,2,0,42.86271799,-91.84412309999999,19065.0,1674.3002544529265,0.6079027355623101,327,320,2,0,318,309,19660,9,0,0,9,11
2020-10-16,US,Iowa,Floyd,410,11,0,43.06000529999999,-92.78940097,19067.0,2621.148190768444,2.6829268292682933,399,407,11,0,396,400,15761,3,0,0,3,7
2020-10-16,US,Iowa,Franklin,366,18,0,42.73270384,-93.26256925,19069.0,3634.558093346574,4.918032786885246,348,365,18,0,347,364,10124,1,0,0,1,1
2020-10-16,US,Iowa,Fremont,177,1,0,40.74542720000001,-95.60129045,19071.0,2543.1034482758623,0.5649717514124294,176,176,1,0,175,168,6993,1,0,0,1,8
2020-10-16,US,Iowa,Greene,168,0,0,42.03614551,-94.39658081,19073.0,1890.189018901891,0.0,168,158,0,0,158,157,8981,10,0,0,10,1
2020-10-16,US,Iowa,Grundy,272,4,0,42.40183723,-92.78829551,19075.0,2223.6756049705687,1.4705882352941178,268,265,4,0,261,262,12304,7,0,0,7,3
2020-10-16,US,Iowa,Guthrie,357,14,0,41.68378965,-94.50111014,19077.0,3339.8821218074654,3.92156862745098,343,353,14,0,339,349,10720,4,0,0,4,4
2020-10-16,US,Iowa,Hamilton,427,3,0,42.38382428,-93.70197703,19079.0,2890.408177079808,0.7025761124121779,424,422,3,0,419,420,14952,5,0,0,5,2
2020-10-16,US,Iowa,Hancock,267,4,0,43.08178477,-93.73454884,19081.0,2511.7591721542803,1.49812734082397,263,261,4,0,257,253,10712,6,0,0,6,8
2020-10-16,US,Iowa,Hardin,416,5,0,42.38353877,-93.23654611,19083.0,2469.4289445565714,1.2019230769230769,411,408,5,0,403,392,16868,8,0,0,8,16
2020-10-16,US,Iowa,Harrison,542,7,0,41.68330137,-95.81558439,19085.0,3857.925831020001,1.2915129151291511,535,524,7,0,517,510,14134,18,0,0,18,14
2020-10-16,US,Iowa,Henry,962,5,0,40.98767962,-91.54436349,19087.0,4821.088503558184,0.5197505197505198,957,946,5,0,941,937,20067,16,0,0,16,9
2020-10-16,US,Iowa,Howard,237,8,0,43.35671042,-92.31702714,19089.0,2587.901288490937,3.3755274261603376,229,230,8,0,222,223,9187,7,0,0,7,7
2020-10-16,US,Iowa,Humboldt,277,3,0,42.7764426,-94.20722537,19091.0,2898.0958359489427,1.083032490974729,274,270,3,0,267,268,9547,7,0,0,7,2
2020-10-16,US,Iowa,Ida,173,2,0,42.38696136,-95.51355387,19093.0,2521.8658892128283,1.1560693641618498,171,172,2,0,170,170,6841,1,0,0,1,2
2020-10-16,US,Iowa,Iowa,366,2,0,41.68630265,-92.0643373,19095.0,2261.492832427089,0.5464480874316939,364,361,2,0,359,354,16141,5,0,0,5,7
2020-10-16,US,Iowa,Jackson,508,3,0,42.17178824,-90.57354837,19097.0,2613.303153454396,0.5905511811023622,505,488,3,0,485,468,19432,20,0,0,20,20
2020-10-16,US,Iowa,Jasper,1005,34,0,41.68576082,-93.05567785,19099.0,2702.7027027027025,3.3830845771144284,971,993,34,0,959,991,37147,12,0,0,12,2
2020-10-16,US,Iowa,Jefferson,185,1,0,41.03192394,-91.94849466,19101.0,1011.2052473353377,0.5405405405405406,184,182,1,0,181,179,18381,3,0,0,3,3
2020-10-16,US,Iowa,Johnson,5586,30,0,41.67169354,-91.58754744,19103.0,3695.91107582374,0.5370569280343717,5556,5559,30,0,5529,5530,151260,27,0,0,27,29
2020-10-16,US,Iowa,Jones,385,3,0,42.12118609,-91.13139641,19105.0,1861.6121077317346,0.7792207792207793,382,378,3,0,375,368,20744,7,0,0,7,10
2020-10-16,US,Iowa,Keokuk,136,1,0,41.33649833,-92.1785067,19107.0,1327.3472574663285,0.7352941176470589,135,135,1,0,134,134,10225,1,0,0,1,1
2020-10-16,US,Iowa,Kossuth,411,0,0,43.20405458,-94.20691791,19109.0,2774.5898872611897,0.0,411,404,0,0,404,396,14908,7,0,0,7,8
2020-10-16,US,Iowa,Lee,850,9,0,40.64181461,-91.48183025,19111.0,2525.4776123837532,1.0588235294117647,841,825,9,0,816,803,34055,25,0,0,25,22
2020-10-16,US,Iowa,Linn,4926,122,0,42.07923082,-91.59809485,19113.0,2172.8582393055317,2.4766544863987012,4804,4864,122,0,4742,4820,225909,62,0,0,62,44
2020-10-16,US,Iowa,Louisa,482,15,0,41.21842119,-91.26102611,19115.0,4367.920253738106,3.1120331950207474,467,476,15,0,461,475,11169,6,0,0,6,1
2020-10-16,US,Iowa,Lucas,179,6,0,41.02958964,-93.32780803,19117.0,2081.395348837209,3.35195530726257,173,178,6,0,172,178,8645,1,0,0,1,0
2020-10-16,US,Iowa,Lyon,500,7,0,43.38107862,-96.20926845,19119.0,4253.509145044662,1.4,493,498,7,0,491,492,11811,2,0,0,2,6
2020-10-16,US,Iowa,Madison,333,2,0,41.33081904,-94.01554631,19121.0,2038.1931692985681,0.6006006006006006,331,329,2,0,327,321,16249,4,0,0,4,8
2020-10-16,US,Iowa,Mahaska,592,22,0,41.33521503,-92.64083907,19123.0,2679.3392170174247,3.716216216216216,570,567,22,0,545,556,22000,25,0,0,25,11
2020-10-16,US,Iowa,Marion,907,10,0,41.33445101,-93.09934783,19125.0,2727.573452019367,1.1025358324145536,897,895,10,0,885,887,33407,12,0,0,12,8
2020-10-16,US,Iowa,Marshall,1911,36,0,42.03586837,-92.99908190000001,19127.0,4854.073001600244,1.8838304552590264,1875,1890,36,0,1854,1883,39981,21,0,0,21,7
2020-10-16,US,Iowa,Mills,318,1,0,41.03299766,-95.61920963,19129.0,2104.705804487392,0.31446540880503143,317,307,1,0,306,302,15063,11,0,0,11,5
2020-10-16,US,Iowa,Mitchell,220,0,0,43.35638371,-92.78887719,19131.0,2078.2165123748346,0.0,220,211,0,0,211,211,10569,9,0,0,9,0
2020-10-16,US,Iowa,Monona,222,1,0,42.05220391,-95.95743843,19133.0,2576.900754497969,0.4504504504504505,221,220,1,0,219,209,8679,2,0,0,2,11
2020-10-16,US,Iowa,Monroe,232,11,0,41.02988815,-92.8690667,19135.0,3010.250421694564,4.741379310344827,221,226,11,0,215,224,7790,6,0,0,6,2
2020-10-16,US,Iowa,Montgomery,149,5,0,41.03018714,-95.15642896,19137.0,1502.4705051931028,3.355704697986577,144,144,5,0,139,139,10003,5,0,0,5,5
2020-10-16,US,Iowa,Muscatine,1307,57,0,41.48370744,-91.11216970000001,19139.0,3063.4727170448155,4.361132364192808,1250,1264,57,0,1207,1254,42929,43,0,0,43,10
2020-10-16,US,Iowa,O'Brien,553,9,0,43.08310673,-95.62474482,19141.0,4020.940885624954,1.6274864376130198,544,540,9,0,531,536,13840,13,0,0,13,4
2020-10-16,US,Iowa,Osceola,240,0,0,43.37824276,-95.62422844,19143.0,4028.1973816717023,0.0,240,236,0,0,236,231,6040,4,0,0,4,5
2020-10-16,US,Iowa,Page,336,0,0,40.7393172,-95.1497813,19145.0,2224.134507182101,0.0,336,322,0,0,322,304,15249,14,0,0,14,18
2020-10-16,US,Iowa,Palo Alto,277,1,0,43.08193849,-94.67824621,19147.0,3117.2631105109162,0.36101083032490977,276,273,1,0,272,267,8929,4,0,0,4,6
2020-10-16,US,Iowa,Plymouth,1498,24,0,42.737633,-96.21366621,19149.0,5949.874885808476,1.6021361815754338,1474,1469,24,0,1445,1447,25095,29,0,0,29,22
2020-10-16,US,Iowa,Pocahontas,202,2,0,42.73420133,-94.67862564,19151.0,3051.8205166943653,0.99009900990099,200,197,2,0,195,195,6740,5,0,0,5,2
2020-10-16,US,Iowa,Polk,17754,281,0,41.68679484,-93.57767461,19153.0,3622.075195701004,1.5827419173144082,17473,17573,281,0,17292,17467,487204,181,0,0,181,106
2020-10-16,US,Iowa,Pottawattamie,2860,44,0,41.33640314,-95.53907776,19155.0,3068.471986781967,1.5384615384615383,2816,2791,43,0,2748,2740,93533,69,1,0,68,51
2020-10-16,US,Iowa,Poweshiek,413,11,0,41.68625425,-92.53155731,19157.0,2231.949848681367,2.6634382566585955,402,403,11,0,392,400,18699,10,0,0,10,3
2020-10-16,US,Iowa,Ringgold,80,2,0,40.73518949,-94.24368535,19159.0,1634.6546791990193,2.5,78,80,2,0,78,82,4968,0,0,0,0,-2
2020-10-16,US,Iowa,Sac,357,3,0,42.38624071,-95.10547892,19161.0,3672.461680897027,0.8403361344537815,354,346,2,0,344,340,9719,11,1,0,10,6
2020-10-16,US,Iowa,Scott,3919,33,0,41.63935978,-90.61959493,19163.0,2266.064541496331,0.8420515437611635,3886,3821,32,0,3789,3764,173283,98,1,0,97,57
2020-10-16,US,Iowa,Shelby,334,1,0,41.6850066,-95.31015553,19165.0,2916.0118735812816,0.2994011976047904,333,329,1,0,328,325,11578,5,0,0,5,4
2020-10-16,US,Iowa,Sioux,2250,11,0,43.08221074,-96.17675679999999,19167.0,6455.314875914503,0.4888888888888889,2239,2218,11,0,2207,2192,34909,32,0,0,32,26
2020-10-16,US,Iowa,Story,3817,17,0,42.03621213,-93.46499005,19169.0,3930.310862155956,0.44537594969871613,3800,3776,17,0,3759,3760,98105,41,0,0,41,16
2020-10-16,US,Iowa,Tama,888,36,0,42.07991767,-92.53266945,19171.0,5268.7789248843,4.0540540540540535,852,879,36,0,843,871,16904,9,0,0,9,8
2020-10-16,US,Iowa,Taylor,216,2,0,40.73710579,-94.69778563,19173.0,3528.835157653978,0.925925925925926,214,208,2,0,206,205,6191,8,0,0,8,3
2020-10-16,US,Iowa,Unassigned,15,0,0,0.0,0.0,90019.0,0.0,0.0,15,7,0,0,7,11,,8,0,0,8,-4
2020-10-16,US,Iowa,Union,204,3,0,41.0277278,-94.24234847,19175.0,1666.5305122130544,1.4705882352941178,201,201,3,0,198,198,12359,3,0,0,3,3
2020-10-16,US,Iowa,Van Buren,150,2,0,40.75326764,-91.95017958,19177.0,2129.471890971039,1.3333333333333333,148,144,2,0,142,142,7020,6,0,0,6,2
2020-10-16,US,Iowa,Wapello,1458,62,0,41.03064984,-92.40954728,19179.0,4169.407189224742,4.252400548696845,1396,1453,60,0,1393,1443,35205,5,2,0,3,10
2020-10-16,US,Iowa,Warren,1126,6,0,41.33559454,-93.56007641,19181.0,2187.852174250962,0.5328596802841918,1120,1107,6,0,1101,1095,51056,19,0,0,19,12
2020-10-16,US,Iowa,Washington,595,11,0,41.33577126,-91.71725711,19183.0,2708.854996585477,1.8487394957983196,584,585,11,0,574,579,22141,10,0,0,10,6
2020-10-16,US,Iowa,Wayne,110,3,0,40.73969028,-93.32752197,19185.0,1707.8093463747864,2.727272727272727,107,110,3,0,107,109,6401,0,0,0,0,1
2020-10-16,US,Iowa,Webster,1658,14,0,42.42853483,-94.17987389,19187.0,4617.8698752228165,0.8443908323281062,1644,1636,14,0,1622,1622,36277,22,0,0,22,14
2020-10-16,US,Iowa,Winnebago,407,16,0,43.37751174,-93.73407298,19189.0,3930.847981456442,3.9312039312039313,391,390,16,0,374,383,10518,17,0,0,17,7
2020-10-16,US,Iowa,Winneshiek,422,9,0,43.29094334,-91.84422722,19191.0,2110.9499274673603,2.1327014218009483,413,408,9,0,399,402,20029,14,0,0,14,6
2020-10-16,US,Iowa,Woodbury,6689,85,0,42.38979414,-96.0459439,19193.0,6487.435382660731,1.27074301091344,6604,6605,83,0,6522,6553,102539,84,2,0,82,52
2020-10-16,US,Iowa,Worth,126,0,0,43.37750768,-93.26087602,19195.0,1707.0857607370276,0.0,126,124,0,0,124,121,7453,2,0,0,2,3
2020-10-16,US,Iowa,Wright,678,1,0,42.73305373,-93.73515113,19197.0,5397.229740487183,0.14749262536873156,677,673,1,0,672,671,12690,5,0,0,5,2
2020-10-16,US,Kansas,Allen,104,1,0,37.88582951,-95.30030847,20001.0,840.8117066860699,0.9615384615384616,103,104,1,0,103,104,12444,0,0,0,0,0
2020-10-16,US,Kansas,Anderson,114,0,0,38.21413251,-95.29272815,20003.0,1450.7508271824893,0.0,114,113,0,0,113,113,7878,1,0,0,1,0
2020-10-16,US,Kansas,Atchison,460,4,0,39.53185661,-95.30870026,20005.0,2861.9423878554107,0.8695652173913043,456,460,4,0,456,460,16193,0,0,0,0,0
2020-10-16,US,Kansas,Barber,26,0,0,37.2288586,-98.68460053,20007.0,587.3051728032527,0.0,26,24,0,0,24,24,4472,2,0,0,2,0
2020-10-16,US,Kansas,Barton,676,7,0,38.47889676,-98.75636726,20009.0,2622.289460413515,1.0355029585798816,669,645,7,0,638,645,26111,31,0,0,31,0
2020-10-16,US,Kansas,Bourbon,267,3,0,37.85508555,-94.84865997,20011.0,1837.0716939589927,1.1235955056179776,264,267,3,0,264,267,14653,0,0,0,0,0
2020-10-16,US,Kansas,Brown,182,5,0,39.82652589,-95.56421698,20013.0,1902.9694688414886,2.7472527472527477,177,182,5,0,177,173,9598,0,0,0,0,9
2020-10-16,US,Kansas,Butler,759,3,0,37.78134351,-96.83878537,20015.0,1134.3426342454902,0.3952569169960474,756,749,3,0,746,744,66765,10,0,0,10,5
2020-10-16,US,Kansas,Chase,90,2,0,38.30292938,-96.59563862,20017.0,3398.7915407854985,2.2222222222222223,88,87,2,0,85,87,2629,3,0,0,3,0
2020-10-16,US,Kansas,Chautauqua,21,0,0,37.14994405,-96.2454192,20019.0,646.1538461538463,0.0,21,22,0,0,22,22,3309,-1,0,0,-1,0
2020-10-16,US,Kansas,Cherokee,606,7,0,37.16928494,-94.8462897,20021.0,3039.2697728070616,1.155115511551155,599,606,7,0,599,578,20015,0,0,0,0,28
2020-10-16,US,Kansas,Cheyenne,94,5,0,39.78580976,-101.7318201,20023.0,3537.824614226571,5.319148936170213,89,88,5,0,83,88,2660,6,0,0,6,0
2020-10-16,US,Kansas,Clark,59,1,0,37.23577007,-99.81883015,20025.0,2958.8766298896694,1.6949152542372878,58,58,1,0,57,58,2005,1,0,0,1,0
2020-10-16,US,Kansas,Clay,76,2,0,39.34948772,-97.16518128,20027.0,949.7625593601599,2.631578947368421,74,63,2,0,61,63,7997,13,0,0,13,0
2020-10-16,US,Kansas,Cloud,97,1,0,39.48028352,-97.64925343,20029.0,1104.0291372638287,1.0309278350515465,96,94,1,0,93,94,8729,3,0,0,3,0
2020-10-16,US,Kansas,Coffey,136,9,0,38.2365018,-95.73379515,20031.0,1662.7949627093774,6.617647058823528,127,136,9,0,127,136,8233,0,0,0,0,0
2020-10-16,US,Kansas,Comanche,19,0,0,37.19114520000001,-99.27113247,20033.0,1117.6470588235297,0.0,19,19,0,0,19,19,1748,0,0,0,0,0
2020-10-16,US,Kansas,Cowley,458,9,0,37.23781842,-96.83776647,20035.0,1312.0201672968947,1.965065502183406,449,440,9,0,431,440,35218,18,0,0,18,0
2020-10-16,US,Kansas,Crawford,1226,10,0,37.50675523,-94.85245778,20037.0,3158.3286104384565,0.8156606851549756,1216,1226,10,0,1216,1131,39019,0,0,0,0,95
2020-10-16,US,Kansas,Decatur,45,1,0,39.78468441,-100.45940809999999,20039.0,1591.7934205871952,2.2222222222222223,44,41,1,0,40,41,2871,4,0,0,4,0
2020-10-16,US,Kansas,Dickinson,267,3,0,38.86600962,-97.15532383,20041.0,1445.900574027943,1.1235955056179776,264,260,3,0,257,260,18717,7,0,0,7,0
2020-10-16,US,Kansas,Doniphan,153,0,0,39.79067154,-95.14056866,20043.0,2013.157894736842,0.0,153,141,0,0,141,141,7682,12,0,0,12,0
2020-10-16,US,Kansas,Douglas,2692,15,0,38.88503636,-95.2925121,20045.0,2201.882887967348,0.5572065378900446,2677,2684,14,0,2670,2663,121436,8,1,0,7,21
2020-10-16,US,Kansas,Edwards,60,0,0,37.88735543,-99.31263309,20047.0,2144.3888491779844,0.0,60,60,0,0,60,60,2849,0,0,0,0,0
2020-10-16,US,Kansas,Elk,13,0,0,37.45338105,-96.24369667,20049.0,513.8339920948616,0.0,13,13,0,0,13,13,2508,0,0,0,0,0
2020-10-16,US,Kansas,Ellis,1277,16,0,38.91458712,-99.31751551,20051.0,4472.38468812384,1.2529365700861397,1261,1239,14,0,1225,1239,28710,38,2,0,36,0
2020-10-16,US,Kansas,Ellsworth,142,0,0,38.69677695,-98.20462799,20053.0,2327.105866928876,0.0,142,133,0,0,133,133,6196,9,0,0,9,0
2020-10-16,US,Kansas,Finney,2567,16,0,38.04340344,-100.73819379999999,20055.0,7039.240957578084,0.6232956758862486,2551,2567,16,0,2551,2525,36611,0,0,0,0,42
2020-10-16,US,Kansas,Ford,3108,13,0,37.69200114,-99.88825298,20057.0,9244.772301377196,0.4182754182754183,3095,3073,13,0,3060,3073,33888,35,0,0,35,0
2020-10-16,US,Kansas,Franklin,475,3,0,38.56443815,-95.28644341,20059.0,1859.5364860632635,0.631578947368421,472,471,3,0,468,471,25631,4,0,0,4,0
2020-10-16,US,Kansas,Geary,357,4,0,38.99871131,-96.7577178,20061.0,1127.2497631828228,1.1204481792717087,353,356,4,0,352,346,32594,1,0,0,1,10
2020-10-16,US,Kansas,Gove,148,9,0,38.91588178,-100.4829321,20063.0,5614.567526555387,6.081081081081082,139,136,2,0,134,136,2612,12,7,0,5,0
2020-10-16,US,Kansas,Graham,56,1,0,39.34987223,-99.88332493,20065.0,2256.2449637389204,1.7857142857142858,55,56,1,0,55,56,2492,0,0,0,0,0
2020-10-16,US,Kansas,Grant,379,8,0,37.56227336,-101.3079758,20067.0,5300.699300699301,2.1108179419525066,371,379,8,0,371,371,7336,0,0,0,0,8
2020-10-16,US,Kansas,Gray,181,0,0,37.73836671,-100.4369088,20069.0,3022.7120908483635,0.0,181,181,0,0,181,181,6033,0,0,0,0,0
2020-10-16,US,Kansas,Greeley,22,0,0,38.4808095,-101.8061079,20071.0,1785.7142857142858,0.0,22,22,0,0,22,22,1227,0,0,0,0,0
2020-10-16,US,Kansas,Greenwood,71,0,0,37.8774388,-96.23250453,20073.0,1186.8940153794715,0.0,71,66,0,0,66,66,6055,5,0,0,5,0
2020-10-16,US,Kansas,Hamilton,51,0,0,37.99978709,-101.7921066,20075.0,2008.6648286727054,0.0,51,48,0,0,48,48,2607,3,0,0,3,0
2020-10-16,US,Kansas,Harper,133,2,0,37.19175361,-98.07578384,20077.0,2446.651949963208,1.5037593984962403,131,126,2,0,124,126,5506,7,0,0,7,0
2020-10-16,US,Kansas,Harvey,466,7,0,38.04293782,-97.42747573,20079.0,1353.5101222806356,1.502145922746781,459,461,7,0,454,461,34210,5,0,0,5,0
2020-10-16,US,Kansas,Haskell,103,1,0,37.562039399999996,-100.8710738,20081.0,2595.766129032258,0.9708737864077671,102,103,1,0,102,103,3997,0,0,0,0,0
2020-10-16,US,Kansas,Hodgeman,30,0,0,38.08780079,-99.89829881,20083.0,1672.2408026755857,0.0,30,30,0,0,30,30,1818,0,0,0,0,0
2020-10-16,US,Kansas,Jackson,285,4,0,39.41673394,-95.79356799,20085.0,2163.8448105686734,1.4035087719298245,281,280,4,0,276,277,13280,5,0,0,5,3
2020-10-16,US,Kansas,Jefferson,248,4,0,39.2347941,-95.38289232,20087.0,1302.3158115843091,1.6129032258064515,244,237,4,0,233,237,18975,11,0,0,11,0
2020-10-16,US,Kansas,Jewell,21,1,0,39.78470589,-98.21820662,20089.0,729.4199374782913,4.761904761904762,20,20,1,0,19,20,2841,1,0,0,1,0
2020-10-16,US,Kansas,Johnson,12818,173,0,38.88548175,-94.82250877,20091.0,2127.818512917476,1.3496645342487128,12645,12685,171,0,12514,12562,597555,133,2,0,131,123
2020-10-16,US,Kansas,Kearny,128,3,0,38.00017981,-101.32168100000001,20093.0,3335.070349140177,2.34375,125,120,3,0,117,120,3943,8,0,0,8,0
2020-10-16,US,Kansas,Kingman,107,3,0,37.55909527,-98.13638678,20095.0,1496.0850111856823,2.803738317757009,104,107,3,0,104,107,7310,0,0,0,0,0
2020-10-16,US,Kansas,Kiowa,43,0,0,37.55848695,-99.2856537,20097.0,1737.3737373737374,0.0,43,43,0,0,43,43,2516,0,0,0,0,0
2020-10-16,US,Kansas,Labette,330,5,0,37.19113093,-95.29849679,20099.0,1682.1286573554898,1.5151515151515151,325,330,5,0,325,310,19964,0,0,0,0,20
2020-10-16,US,Kansas,Lane,17,0,0,38.48119447,-100.46607540000001,20101.0,1107.4918566775243,0.0,17,16,0,0,16,16,1560,1,0,0,1,0
2020-10-16,US,Kansas,Leavenworth,2424,17,0,39.20183497,-95.03620809,20103.0,2964.847476699528,0.7013201320132013,2407,2386,17,0,2369,2386,81352,38,0,0,38,0
2020-10-16,US,Kansas,Lincoln,15,1,0,39.04549684,-98.20756994,20105.0,506.41458474004054,6.666666666666668,14,15,1,0,14,15,3023,0,0,0,0,0
2020-10-16,US,Kansas,Linn,109,1,0,38.21267844,-94.84254089,20107.0,1123.3639080696692,0.9174311926605504,108,109,1,0,108,109,9750,0,0,0,0,0
2020-10-16,US,Kansas,Logan,68,0,0,38.91735806,-101.148475,20109.0,2433.78668575519,0.0,68,68,0,0,68,68,2844,0,0,0,0,0
2020-10-16,US,Kansas,Lyon,1243,37,0,38.45576156,-96.15275715,20111.0,3744.5398403373997,2.9766693483507645,1206,1232,37,0,1195,1226,33406,11,0,0,11,6
2020-10-16,US,Kansas,Marion,103,1,0,38.35855394,-97.09852509999999,20115.0,866.7115449343655,0.9708737864077671,102,99,1,0,98,99,11950,4,0,0,4,0
2020-10-16,US,Kansas,Marshall,59,0,0,39.78359669,-96.52278974,20117.0,607.8087977748016,0.0,59,56,0,0,56,56,9722,3,0,0,3,0
2020-10-16,US,Kansas,McPherson,338,5,0,38.39184858,-97.64769869,20113.0,1184.2197463387288,1.4792899408284024,333,338,5,0,333,330,28537,0,0,0,0,8
2020-10-16,US,Kansas,Meade,140,1,0,37.23859987,-100.36483100000001,20119.0,3471.3612695264073,0.7142857142857143,139,137,1,0,136,137,4146,3,0,0,3,0
2020-10-16,US,Kansas,Miami,474,2,0,38.56383358,-94.83832189,20121.0,1384.4670970003212,0.4219409282700422,472,474,2,0,472,474,33680,0,0,0,0,0
2020-10-16,US,Kansas,Mitchell,57,0,0,39.39331582,-98.20906732,20123.0,953.33667837431,0.0,57,57,0,0,57,57,6150,0,0,0,0,0
2020-10-16,US,Kansas,Montgomery,612,6,0,37.19236568,-95.74329258,20125.0,1922.774827987056,0.9803921568627452,606,540,6,0,534,540,32120,72,0,0,72,0
2020-10-16,US,Kansas,Morris,49,0,0,38.68827511,-96.65128437,20127.0,871.8861209964412,0.0,49,48,0,0,48,48,5521,1,0,0,1,0
2020-10-16,US,Kansas,Morton,32,2,0,37.19141121,-101.79925190000002,20129.0,1236.954000773096,6.25,30,32,2,0,30,32,2667,0,0,0,0,0
2020-10-16,US,Kansas,Nemaha,215,1,0,39.78345387,-96.01392079,20131.0,2101.4563581272605,0.4651162790697674,214,215,1,0,214,215,10155,0,0,0,0,0
2020-10-16,US,Kansas,Neosho,206,0,0,37.55862897,-95.30670046,20133.0,1286.9369650777785,0.0,206,201,0,0,201,201,15951,5,0,0,5,0
2020-10-16,US,Kansas,Ness,107,8,0,38.47974157,-99.91547333,20135.0,3890.909090909091,7.4766355140186915,99,107,8,0,99,107,2840,0,0,0,0,0
2020-10-16,US,Kansas,Norton,252,1,0,39.78443827,-99.90286639,20137.0,4700.615556799105,0.3968253968253968,251,204,1,0,203,204,5430,48,0,0,48,0
2020-10-16,US,Kansas,Osage,142,1,0,38.65235984,-95.72707998,20139.0,890.3379522227098,0.7042253521126759,141,132,1,0,131,132,15941,10,0,0,10,0
2020-10-16,US,Kansas,Osborne,21,0,0,39.3503437,-98.76753828,20141.0,613.8555977784274,0.0,21,18,0,0,18,18,3475,3,0,0,3,0
2020-10-16,US,Kansas,Ottawa,104,0,0,39.13237408,-97.65020313,20143.0,1823.2819074333802,0.0,104,97,0,0,97,97,5802,7,0,0,7,0
2020-10-16,US,Kansas,Pawnee,406,1,0,38.18108732,-99.23692334,20145.0,6329.903336451513,0.24630541871921185,405,406,1,0,405,406,6562,0,0,0,0,0
2020-10-16,US,Kansas,Phillips,151,9,0,39.78465501,-99.34668865,20147.0,2884.9828047382507,5.960264900662253,142,150,9,0,141,149,5317,1,0,0,1,1
2020-10-16,US,Kansas,Pottawatomie,350,0,0,39.37925655,-96.34564657,20149.0,1435.4263216175204,0.0,350,339,0,0,339,307,24277,11,0,0,11,32
2020-10-16,US,Kansas,Pratt,101,0,0,37.64780729,-98.73922153,20151.0,1102.1388040157137,0.0,101,96,0,0,96,96,9378,5,0,0,5,0
2020-10-16,US,Kansas,Rawlins,67,0,0,39.78525843,-101.07616170000001,20153.0,2648.221343873518,0.0,67,67,0,0,67,67,2508,0,0,0,0,0
2020-10-16,US,Kansas,Reno,1577,9,0,37.95230263,-98.08607292,20155.0,2543.630439691603,0.570703868103995,1568,1554,9,0,1545,1522,62342,23,0,0,23,32
2020-10-16,US,Kansas,Republic,71,1,0,39.82799632,-97.65036709,20157.0,1531.4926660914582,1.4084507042253518,70,62,1,0,61,62,4664,9,0,0,9,0
2020-10-16,US,Kansas,Rice,117,1,0,38.34616184,-98.19992118,20159.0,1226.8008807801195,0.8547008547008547,116,107,1,0,106,107,9531,10,0,0,10,0
2020-10-16,US,Kansas,Riley,2047,11,0,39.28935726,-96.73420026,20161.0,2757.570858928764,0.537371763556424,2036,2015,9,0,2006,2015,73703,32,2,0,30,0
2020-10-16,US,Kansas,Rooks,131,7,0,39.35022773,-99.32484567,20163.0,2662.60162601626,5.343511450381679,124,130,7,0,123,130,5013,1,0,0,1,0
2020-10-16,US,Kansas,Rush,93,0,0,38.52275276,-99.30863983,20165.0,3063.2411067193675,0.0,93,93,0,0,93,93,3093,0,0,0,0,0
2020-10-16,US,Kansas,Russell,155,3,0,38.91462787,-98.76254297,20167.0,2260.793465577596,1.935483870967742,152,155,3,0,152,155,6907,0,0,0,0,0
2020-10-16,US,Kansas,Saline,953,13,0,38.78369175,-97.65185177,20169.0,1757.5243434641486,1.3641133263378804,940,934,12,0,922,934,54401,19,1,0,18,0
2020-10-16,US,Kansas,Scott,160,1,0,38.48222076,-100.90665390000001,20171.0,3317.437279701431,0.625,159,158,1,0,157,151,4897,2,0,0,2,7
2020-10-16,US,Kansas,Sedgwick,9799,120,0,37.6842718,-97.4608198,20173.0,1898.876448041051,1.2246147566078172,9679,9673,114,0,9559,9547,513607,126,6,0,120,126
2020-10-16,US,Kansas,Seward,1948,7,0,37.19324632,-100.85072009999999,20175.0,9090.90909090909,0.3593429158110883,1941,1948,7,0,1941,1896,21780,0,0,0,0,52
2020-10-16,US,Kansas,Shawnee,3175,69,0,39.04100763,-95.75572640000001,20177.0,1795.053003533569,2.173228346456693,3106,3136,65,0,3071,3107,177499,39,4,0,35,29
2020-10-16,US,Kansas,Sheridan,101,0,0,39.35018161,-100.44182590000001,20179.0,4006.346687822293,0.0,101,86,0,0,86,86,2533,15,0,0,15,0
2020-10-16,US,Kansas,Sherman,130,0,0,39.35147699,-101.71976240000001,20181.0,2197.059320601656,0.0,130,130,0,0,130,130,5899,0,0,0,0,0
2020-10-16,US,Kansas,Smith,19,0,0,39.78516566,-98.78566062,20183.0,530.2818866871337,0.0,19,19,0,0,19,19,3603,0,0,0,0,0
2020-10-16,US,Kansas,Stafford,65,1,0,38.03100851,-98.71762001,20185.0,1564.0038498556305,1.5384615384615383,64,65,1,0,64,65,4178,0,0,0,0,0
2020-10-16,US,Kansas,Stanton,48,2,0,37.56304714,-101.78435340000001,20187.0,2392.8215353938185,4.166666666666667,46,48,2,0,46,48,1987,0,0,0,0,0
2020-10-16,US,Kansas,Stevens,201,1,0,37.1923008,-101.3118967,20189.0,3664.539653600729,0.4975124378109453,200,194,1,0,193,194,5559,7,0,0,7,0
2020-10-16,US,Kansas,Sumner,232,3,0,37.23682549,-97.47721621,20191.0,1015.9397442634436,1.293103448275862,229,225,3,0,222,225,22996,7,0,0,7,0
2020-10-16,US,Kansas,Thomas,256,2,0,39.35107575,-101.0553705,20193.0,3291.757747203292,0.78125,254,242,2,0,240,237,7711,14,0,0,14,5
2020-10-16,US,Kansas,Trego,74,3,0,38.91467218,-99.87284448,20195.0,2640.0285408490904,4.0540540540540535,71,69,3,0,66,69,2793,5,0,0,5,0
2020-10-16,US,Kansas,Wabaunsee,76,1,0,38.95471985,-96.20350509,20197.0,1096.5228682729764,1.3157894736842106,75,75,1,0,74,75,6899,1,0,0,1,0
2020-10-16,US,Kansas,Wallace,27,0,0,38.91686134,-101.76388759999999,20199.0,1778.6561264822135,0.0,27,27,0,0,27,23,1503,0,0,0,0,4
2020-10-16,US,Kansas,Washington,27,0,0,39.78420784,-97.08753229999999,20201.0,499.4450610432852,0.0,27,26,0,0,26,26,5420,1,0,0,1,0
2020-10-16,US,Kansas,Wichita,16,0,0,38.48178252,-101.3471509,20203.0,755.0731477111847,0.0,16,10,0,0,10,10,2105,6,0,0,6,0
2020-10-16,US,Kansas,Wilson,104,2,0,37.55937174,-95.74323255,20205.0,1219.941348973607,1.9230769230769231,102,79,2,0,77,79,8665,25,0,0,25,0
2020-10-16,US,Kansas,Woodson,26,0,0,37.8865336,-95.74006277,20207.0,828.55321861058,0.0,26,26,0,0,26,26,3183,0,0,0,0,0
2020-10-16,US,Kansas,Wyandotte,7814,145,0,39.11727348,-94.76378225,20209.0,4723.476536761995,1.8556437164064497,7669,7734,145,0,7589,7695,165324,80,0,0,80,39
2020-10-16,US,Kentucky,Adair,426,20,0,37.10459774,-85.28129668,21001.0,2218.5189042808042,4.694835680751174,406,422,19,0,403,418,19215,4,1,0,3,4
2020-10-16,US,Kentucky,Allen,460,9,0,36.75197631,-86.19457544,21003.0,2158.104621158808,1.9565217391304348,451,455,9,0,446,448,21122,5,0,0,5,7
2020-10-16,US,Kentucky,Anderson,213,1,0,38.00671029,-84.99171713,21005.0,936.3872158966016,0.4694835680751174,212,210,1,0,209,207,22663,3,0,0,3,3
2020-10-16,US,Kentucky,Ballard,63,1,0,37.05842757,-88.99427697,21007.0,798.6815415821501,1.5873015873015872,62,63,1,0,62,60,7979,0,0,0,0,3
2020-10-16,US,Kentucky,Barren,926,13,0,36.96469836,-85.93338945,21009.0,2092.7026599471174,1.4038876889848813,913,893,13,0,880,879,44176,33,0,0,33,14
2020-10-16,US,Kentucky,Bath,102,1,0,38.14735938,-83.74588932,21011.0,816.0,0.9803921568627452,101,99,1,0,98,98,12383,3,0,0,3,1
2020-10-16,US,Kentucky,Bell,592,16,0,36.73355174,-83.67766671,21013.0,2274.1241548862936,2.702702702702702,576,580,16,0,564,577,26569,12,0,0,12,3
2020-10-16,US,Kentucky,Boone,1868,25,0,38.97065142,-84.72615357,21015.0,1398.4024674167733,1.3383297644539611,1843,1848,25,0,1823,1831,131533,20,0,0,20,17
2020-10-16,US,Kentucky,Bourbon,263,1,0,38.2054607,-84.21827874,21017.0,1329.0883363654739,0.3802281368821293,262,256,1,0,255,251,20184,7,0,0,7,5
2020-10-16,US,Kentucky,Boyd,568,15,0,38.36176608,-82.68652187,21019.0,1215.80547112462,2.640845070422535,553,560,15,0,545,559,47240,8,0,0,8,1
2020-10-16,US,Kentucky,Boyle,388,0,0,37.62680923,-84.8633779,21021.0,1290.7518296739854,0.0,388,378,0,0,378,367,30100,10,0,0,10,11
2020-10-16,US,Kentucky,Bracken,49,1,0,38.69158994,-84.08532444,21023.0,590.1481392267855,2.0408163265306123,48,48,1,0,47,45,8239,1,0,0,1,3
2020-10-16,US,Kentucky,Breathitt,108,0,0,37.52333168,-83.31959161,21025.0,855.1068883610451,0.0,108,106,0,0,106,105,12726,2,0,0,2,1
2020-10-16,US,Kentucky,Breckinridge,164,2,0,37.77377239,-86.42885017,21027.0,800.8985691263368,1.2195121951219512,162,163,2,0,161,162,20388,1,0,0,1,1
2020-10-16,US,Kentucky,Bullitt,1170,14,0,37.97162523,-85.68955617,21029.0,1432.4893481561292,1.1965811965811963,1156,1144,13,0,1131,1124,81069,26,1,0,25,20
2020-10-16,US,Kentucky,Butler,378,16,0,37.20946153,-86.68748787,21031.0,2935.010482180293,4.232804232804233,362,377,16,0,361,375,12772,1,0,0,1,2
2020-10-16,US,Kentucky,Caldwell,230,0,0,37.14749129,-87.86948214,21033.0,1804.3461206558407,0.0,230,224,0,0,224,218,12715,6,0,0,6,6
2020-10-16,US,Kentucky,Calloway,828,9,0,36.62093411,-88.2731593,21035.0,2123.0224866029075,1.0869565217391304,819,818,9,0,809,799,39135,10,0,0,10,19
2020-10-16,US,Kentucky,Campbell,1051,16,0,38.94384345,-84.37875208,21037.0,1123.0552231150625,1.5223596574690768,1035,1037,16,0,1021,1018,93152,14,0,0,14,19
2020-10-16,US,Kentucky,Carlisle,96,1,0,36.85372876,-88.96692220000001,21039.0,2016.806722689076,1.0416666666666667,95,91,1,0,90,90,4771,5,0,0,5,1
2020-10-16,US,Kentucky,Carroll,208,5,0,38.66599534,-85.12601074,21041.0,1956.5421879409275,2.4038461538461537,203,207,5,0,202,206,10737,1,0,0,1,1
2020-10-16,US,Kentucky,Carter,282,4,0,38.31690743,-83.05092385,21043.0,1052.3566070828824,1.4184397163120568,278,280,4,0,276,277,27004,2,0,0,2,3
2020-10-16,US,Kentucky,Casey,288,15,0,37.32533118,-84.92726209,21045.0,1782.2885079522248,5.208333333333333,273,288,15,0,273,287,15888,0,0,0,0,1
2020-10-16,US,Kentucky,Christian,1655,26,0,36.89267803,-87.49055367,21047.0,2348.817076113028,1.5709969788519638,1629,1634,26,0,1608,1614,71671,21,0,0,21,20
2020-10-16,US,Kentucky,Clark,429,10,0,37.9689263,-84.14615986,21049.0,1183.0240189725066,2.331002331002331,419,408,10,0,398,409,36249,21,0,0,21,-1
2020-10-16,US,Kentucky,Clay,418,6,0,37.16451126,-83.712575,21051.0,2100.3969649766345,1.4354066985645932,412,408,6,0,402,389,20105,10,0,0,10,19
2020-10-16,US,Kentucky,Clinton,182,2,0,36.72581156,-85.13377529,21053.0,1781.1704834605594,1.0989010989010992,180,177,2,0,175,172,10206,5,0,0,5,5
2020-10-16,US,Kentucky,Crittenden,146,1,0,37.35839237,-88.08826090000002,21055.0,1657.9604814898933,0.6849315068493149,145,139,1,0,138,137,8915,7,0,0,7,2
2020-10-16,US,Kentucky,Cumberland,117,0,0,36.78926125,-85.39050034,21057.0,1768.9749017236165,0.0,117,113,0,0,113,113,6659,4,0,0,4,0
2020-10-16,US,Kentucky,Daviess,1758,24,0,37.73028906,-87.09019479999998,21059.0,1731.8320182049233,1.3651877133105803,1734,1742,24,0,1718,1730,101104,16,0,0,16,12
2020-10-16,US,Kentucky,Edmonson,157,12,0,37.21218923,-86.23955613,21061.0,1292.1810699588475,7.643312101910827,145,157,12,0,145,154,12274,0,0,0,0,3
2020-10-16,US,Kentucky,Elliott,62,0,0,38.11624059,-83.09771563,21063.0,824.7971265132367,0.0,62,62,0,0,62,61,7508,0,0,0,0,1
2020-10-16,US,Kentucky,Estill,241,0,0,37.69241417,-83.95956369,21065.0,1708.4928399262726,0.0,241,233,0,0,233,232,14198,8,0,0,8,1
2020-10-16,US,Kentucky,Fayette,9705,82,0,38.0368225,-84.45576892,21067.0,3003.230677823439,0.844925296239052,9623,9557,82,0,9475,9399,323780,148,0,0,148,158
2020-10-16,US,Kentucky,Fleming,116,0,0,38.36758311,-83.69657514,21069.0,795.55586036623,0.0,116,109,0,0,109,104,14432,7,0,0,7,5
2020-10-16,US,Kentucky,Floyd,259,4,0,37.56213922,-82.74750924,21071.0,727.7529573744696,1.5444015444015444,255,254,4,0,250,245,35845,5,0,0,5,9
2020-10-16,US,Kentucky,Franklin,779,13,0,38.2379395,-84.87962551,21073.0,1527.7205781412406,1.668806161745828,766,771,13,0,758,768,50815,8,0,0,8,3
2020-10-16,US,Kentucky,Fulton,213,3,0,36.55238827,-89.20140068,21075.0,3568.436924107891,1.4084507042253518,210,209,3,0,206,205,6120,4,0,0,4,4
2020-10-16,US,Kentucky,Gallatin,113,8,0,38.75398691,-84.8558382,21077.0,1274.100800541211,7.079646017699115,105,110,8,0,102,110,8832,3,0,0,3,0
2020-10-16,US,Kentucky,Garrard,233,3,0,37.638866799999995,-84.53289319,21079.0,1318.9176950073588,1.2875536480686696,230,220,3,0,217,214,17560,13,0,0,13,6
2020-10-16,US,Kentucky,Grant,214,6,0,38.64962758,-84.62415957,21081.0,853.6439427180983,2.803738317757009,208,213,6,0,207,209,25121,1,0,0,1,4
2020-10-16,US,Kentucky,Graves,836,29,0,36.72292505,-88.65143315,21083.0,2243.331723286642,3.4688995215311005,807,835,29,0,806,831,37317,1,0,0,1,4
2020-10-16,US,Kentucky,Grayson,449,15,0,37.46231118,-86.34248968,21085.0,1699.0199417262647,3.3407572383073503,434,443,15,0,428,438,26321,6,0,0,6,5
2020-10-16,US,Kentucky,Green,305,8,0,37.26484328,-85.5540745,21087.0,2787.679371172653,2.622950819672131,297,304,8,0,296,302,11049,1,0,0,1,2
2020-10-16,US,Kentucky,Greenup,543,7,0,38.54332505,-82.9215658,21089.0,1547.0967006667047,1.2891344383057088,536,534,7,0,527,523,35268,9,0,0,9,11
2020-10-16,US,Kentucky,Hancock,112,1,0,37.83766422,-86.78280584,21091.0,1284.1091492776884,0.8928571428571429,111,111,1,0,110,110,8758,1,0,0,1,1
2020-10-16,US,Kentucky,Hardin,1662,12,0,37.6976111,-85.96319251,21093.0,1497.8640566700915,0.7220216606498195,1650,1620,12,0,1608,1599,110356,42,0,0,42,21
2020-10-16,US,Kentucky,Harlan,548,13,0,36.85699301,-83.21899516,21095.0,2106.881968473664,2.372262773722628,535,537,13,0,524,532,26409,11,0,0,11,5
2020-10-16,US,Kentucky,Harrison,236,1,0,38.44188174,-84.32869741,21097.0,1249.602880440538,0.42372881355932196,235,229,1,0,228,229,18778,7,0,0,7,0
2020-10-16,US,Kentucky,Hart,253,1,0,37.29943898,-85.88461055,21099.0,1329.130548988705,0.3952569169960474,252,246,1,0,245,232,18906,7,0,0,7,14
2020-10-16,US,Kentucky,Henderson,1171,17,0,37.79344553,-87.57392021,21101.0,2590.1349259013487,1.4517506404782237,1154,1143,17,0,1126,1126,45591,28,0,0,28,17
2020-10-16,US,Kentucky,Henry,225,2,0,38.44942688,-85.11587507,21103.0,1395.262309314151,0.8888888888888888,223,222,2,0,220,221,16106,3,0,0,3,1
2020-10-16,US,Kentucky,Hickman,96,1,0,36.67948079999999,-88.97875928,21105.0,2191.7808219178078,1.0416666666666667,95,96,1,0,95,95,4421,0,0,0,0,1
2020-10-16,US,Kentucky,Hopkins,889,40,0,37.30939025,-87.54670406,21107.0,1989.437407689209,4.499437570303712,849,877,40,0,837,851,45068,12,0,0,12,26
2020-10-16,US,Kentucky,Jackson,416,17,0,37.41866422,-83.99825483,21109.0,3121.014329657139,4.086538461538462,399,410,17,0,393,406,13442,6,0,0,6,4
2020-10-16,US,Kentucky,Jefferson,18855,326,0,38.18664655,-85.65931031,21111.0,2459.0580848952145,1.7289843542826837,18529,18604,326,0,18278,18386,770517,251,0,0,251,218
2020-10-16,US,Kentucky,Jessamine,808,1,0,37.87119786,-84.58252003,21113.0,1493.1165111336968,0.12376237623762375,807,787,1,0,786,784,53920,21,0,0,21,3
2020-10-16,US,Kentucky,Johnson,216,2,0,37.85106355,-82.8264322,21115.0,973.499188750676,0.925925925925926,214,209,2,0,207,206,22386,7,0,0,7,3
2020-10-16,US,Kentucky,Kenton,2328,49,0,38.93950319,-84.53241199,21117.0,1394.028671002048,2.104810996563574,2279,2308,49,0,2259,2287,166051,20,0,0,20,21
2020-10-16,US,Kentucky,Knott,285,2,0,37.35388197,-82.94981134,21119.0,1924.8953127110626,0.7017543859649122,283,285,2,0,283,263,15126,0,0,0,0,22
2020-10-16,US,Kentucky,Knox,714,9,0,36.89225732,-83.85403396,21121.0,2292.5028094397176,1.2605042016806722,705,705,9,0,696,680,31304,9,0,0,9,25
2020-10-16,US,Kentucky,Larue,212,1,0,37.54567114,-85.70138352,21123.0,1472.4267259341575,0.4716981132075472,211,207,1,0,206,193,14307,5,0,0,5,14
2020-10-16,US,Kentucky,Laurel,1208,7,0,37.10975748,-84.11321779,21125.0,1986.4173778632853,0.5794701986754967,1201,1193,7,0,1186,1175,60669,15,0,0,15,18
2020-10-16,US,Kentucky,Lawrence,115,0,0,38.07136018,-82.72882223,21127.0,750.7997649670302,0.0,115,110,0,0,110,108,15571,5,0,0,5,2
2020-10-16,US,Kentucky,Lee,33,0,0,37.59645942,-83.71513901,21129.0,445.76523031203567,0.0,33,30,0,0,30,27,7033,3,0,0,3,3
2020-10-16,US,Kentucky,Leslie,111,0,0,37.09246661,-83.37999606,21131.0,1123.8230231851776,0.0,111,109,0,0,109,108,10143,2,0,0,2,1
2020-10-16,US,Kentucky,Letcher,268,2,0,37.12306748,-82.85346474,21133.0,1243.4463879738319,0.746268656716418,266,263,2,0,261,261,21899,5,0,0,5,2
2020-10-16,US,Kentucky,Lewis,257,15,0,38.53184419,-83.37735618,21135.0,1935.969868173258,5.836575875486381,242,256,15,0,241,255,13257,1,0,0,1,1
2020-10-16,US,Kentucky,Lincoln,271,16,0,37.45475628,-84.6565327,21137.0,1103.9146197401117,5.904059040590407,255,262,16,0,246,258,24644,9,0,0,9,4
2020-10-16,US,Kentucky,Livingston,112,1,0,37.21137452,-88.34797529,21139.0,1218.185773330433,0.8928571428571429,111,109,1,0,108,107,9242,3,0,0,3,2
2020-10-16,US,Kentucky,Logan,665,30,0,36.85949479,-86.877635,21141.0,2453.693454357612,4.511278195488722,635,657,30,0,627,648,26989,8,0,0,8,9
2020-10-16,US,Kentucky,Lyon,93,4,0,37.02080035,-88.07886257,21143.0,1132.7649208282585,4.301075268817204,89,92,4,0,88,92,8009,1,0,0,1,0
2020-10-16,US,Kentucky,Madison,2116,11,0,37.71659336,-84.27220275,21151.0,2275.586909998172,0.5198487712665406,2105,2105,9,0,2096,2091,92368,11,2,0,9,14
2020-10-16,US,Kentucky,Magoffin,123,0,0,37.70820545,-83.0657714,21153.0,1011.4299810870816,0.0,123,121,0,0,121,117,12362,2,0,0,2,4
2020-10-16,US,Kentucky,Marion,318,8,0,37.55218078,-85.26898542,21155.0,1649.9766512738024,2.5157232704402515,310,310,8,0,302,302,19404,8,0,0,8,8
2020-10-16,US,Kentucky,Marshall,406,4,0,36.88007070000001,-88.32803576,21157.0,1305.4662379421222,0.9852216748768472,402,405,4,0,401,393,31191,1,0,0,1,12
2020-10-16,US,Kentucky,Martin,117,3,0,37.79990579,-82.51247478,21159.0,1045.109423849933,2.5641025641025643,114,107,3,0,104,107,11323,10,0,0,10,0
2020-10-16,US,Kentucky,Mason,146,2,0,38.59471935,-83.82151043,21161.0,855.3016988869362,1.3698630136986298,144,145,2,0,143,143,17150,1,0,0,1,2
2020-10-16,US,Kentucky,McCracken,943,11,0,37.05350953,-88.70445755,21145.0,1441.4992815433059,1.1664899257688228,932,925,11,0,914,899,65346,18,0,0,18,26
2020-10-16,US,Kentucky,McCreary,232,1,0,36.73874143,-84.48102924,21147.0,1346.410539144565,0.4310344827586207,231,229,1,0,228,226,17408,3,0,0,3,3
2020-10-16,US,Kentucky,McLean,117,2,0,37.5301951,-87.26803443,21149.0,1270.772238514174,1.709401709401709,115,114,2,0,112,112,9252,3,0,0,3,2
2020-10-16,US,Kentucky,Meade,303,3,0,37.96163597,-86.21028219,21163.0,1060.4787904241916,0.99009900990099,300,299,3,0,296,291,28715,4,0,0,4,8
2020-10-16,US,Kentucky,Menifee,76,1,0,37.94090733,-83.59985712,21165.0,1171.2128216982585,1.3157894736842106,75,75,1,0,74,74,6451,1,0,0,1,1
2020-10-16,US,Kentucky,Mercer,306,5,0,37.81474237,-84.87488475,21167.0,1395.1579811243332,1.6339869281045751,301,298,5,0,293,299,21774,8,0,0,8,-1
2020-10-16,US,Kentucky,Metcalfe,152,2,0,36.99459295,-85.63123699,21169.0,1509.2840830106245,1.3157894736842106,150,151,2,0,149,148,10030,1,0,0,1,3
2020-10-16,US,Kentucky,Monroe,245,4,0,36.71225341,-85.71596443,21171.0,2300.469483568075,1.6326530612244898,241,243,4,0,239,237,10718,2,0,0,2,6
2020-10-16,US,Kentucky,Montgomery,364,4,0,38.03253032,-83.9145241,21173.0,1292.7513584543808,1.0989010989010992,360,359,4,0,355,349,28203,5,0,0,5,10
2020-10-16,US,Kentucky,Morgan,100,0,0,37.92465657,-83.25558245,21175.0,751.3712525358777,0.0,100,99,0,0,99,99,13345,1,0,0,1,0
2020-10-16,US,Kentucky,Muhlenberg,896,12,0,37.21425819,-87.14632053,21177.0,2926.0009143752864,1.3392857142857142,884,888,12,0,876,873,30774,8,0,0,8,15
2020-10-16,US,Kentucky,Nelson,654,4,0,37.80335779,-85.4657193,21179.0,1414.5740055804295,0.6116207951070336,650,633,4,0,629,615,45851,21,0,0,21,18
2020-10-16,US,Kentucky,Nicholas,86,1,0,38.33342292,-84.01889177,21181.0,1183.1063420002752,1.162790697674419,85,85,1,0,84,80,7166,1,0,0,1,5
2020-10-16,US,Kentucky,Ohio,550,9,0,37.47751843,-86.85368087,21183.0,2292.239726598317,1.6363636363636365,541,549,9,0,540,540,24087,1,0,0,1,9
2020-10-16,US,Kentucky,Oldham,1312,26,0,38.39791089,-85.448222,21185.0,1964.1012590008831,1.9817073170731707,1286,1278,26,0,1252,1272,66470,34,0,0,34,6
2020-10-16,US,Kentucky,Owen,108,2,0,38.51679143,-84.82404619,21187.0,990.7347949729384,1.851851851851852,106,108,2,0,106,108,10880,0,0,0,0,0
2020-10-16,US,Kentucky,Owsley,63,1,0,37.42823949,-83.68811419,21189.0,1426.9535673839184,1.5873015873015872,62,57,1,0,56,55,4472,6,0,0,6,2
2020-10-16,US,Kentucky,Pendleton,109,0,0,38.69607718,-84.35599463,21191.0,747.0870459218643,0.0,109,109,0,0,109,108,14529,0,0,0,0,1
2020-10-16,US,Kentucky,Perry,411,9,0,37.25023553,-83.22922731,21193.0,1595.6207780107156,2.18978102189781,402,399,9,0,390,392,26092,12,0,0,12,7
2020-10-16,US,Kentucky,Pike,677,3,0,37.47088263,-82.39487445,21195.0,1169.7422074780566,0.4431314623338257,674,666,3,0,663,646,58402,11,0,0,11,20
2020-10-16,US,Kentucky,Powell,131,0,0,37.83218794,-83.82553961,21197.0,1059.9563071445912,0.0,131,129,0,0,129,128,12442,2,0,0,2,1
2020-10-16,US,Kentucky,Pulaski,937,12,0,37.10466131,-84.57629079,21199.0,1442.0043398636483,1.2806830309498398,925,924,12,0,912,915,64623,13,0,0,13,9
2020-10-16,US,Kentucky,Robertson,13,1,0,38.51923469,-84.05055616,21201.0,616.6982922201139,7.6923076923076925,12,13,1,0,12,13,2135,0,0,0,0,0
2020-10-16,US,Kentucky,Rockcastle,264,1,0,37.36642393,-84.31176452,21203.0,1581.3117699910156,0.3787878787878788,263,255,1,0,254,254,16750,9,0,0,9,1
2020-10-16,US,Kentucky,Rowan,314,1,0,38.19484205,-83.42088935,21205.0,1283.7285363859362,0.3184713375796178,313,309,1,0,308,306,24583,5,0,0,5,3
2020-10-16,US,Kentucky,Russell,324,6,0,36.99308373,-85.06070117,21207.0,1807.7330803994867,1.851851851851852,318,311,6,0,305,308,17821,13,0,0,13,3
2020-10-16,US,Kentucky,Scott,978,17,0,38.29622293,-84.5816631,21209.0,1715.669075854326,1.738241308793456,961,971,17,0,954,956,56031,7,0,0,7,15
2020-10-16,US,Kentucky,Shelby,1248,24,0,38.21476019,-85.194223,21211.0,2545.691906005222,1.9230769230769231,1224,1226,24,0,1202,1217,48518,22,0,0,22,9
2020-10-16,US,Kentucky,Simpson,309,8,0,36.74058474,-86.58047435,21213.0,1663.7949601550727,2.588996763754045,301,305,8,0,297,303,18529,4,0,0,4,2
2020-10-16,US,Kentucky,Spencer,254,0,0,38.03223971,-85.32749335,21215.0,1312.593664410108,0.0,254,250,0,0,250,248,18794,4,0,0,4,2
2020-10-16,US,Kentucky,Taylor,404,7,0,37.3677562,-85.3329931,21217.0,1567.775233808064,1.7326732673267329,397,399,7,0,392,388,25549,5,0,0,5,11
2020-10-16,US,Kentucky,Todd,256,8,0,36.8381152,-87.17878374,21219.0,2082.3165771921263,3.125,248,250,8,0,242,241,12311,6,0,0,6,9
2020-10-16,US,Kentucky,Trigg,219,0,0,36.80767017,-87.87333656,21221.0,1494.7785134120538,0.0,219,216,0,0,216,214,14643,3,0,0,3,2
2020-10-16,US,Kentucky,Trimble,81,0,0,38.61056487,-85.33775972,21223.0,956.2035178845473,0.0,81,79,0,0,79,77,8515,2,0,0,2,2
2020-10-16,US,Kentucky,Union,462,5,0,37.66166713,-87.94300009,21225.0,3212.5721438008477,1.0822510822510822,457,448,5,0,443,441,14505,14,0,0,14,7
2020-10-16,US,Kentucky,Warren,4828,57,0,36.99903045,-86.42672751,21227.0,3632.915964363111,1.1806130903065448,4771,4791,57,0,4734,4744,131264,37,0,0,37,47
2020-10-16,US,Kentucky,Washington,183,1,0,37.75599461,-85.17407732,21229.0,1513.0219098801153,0.5464480874316939,182,180,1,0,179,177,12084,3,0,0,3,3
2020-10-16,US,Kentucky,Wayne,222,0,0,36.80310688,-84.8251971,21231.0,1091.8211773963508,0.0,222,215,0,0,215,209,20468,7,0,0,7,6
2020-10-16,US,Kentucky,Webster,272,5,0,37.52168356,-87.67989953,21233.0,2101.68443826302,1.8382352941176472,267,266,5,0,261,263,13111,6,0,0,6,3
2020-10-16,US,Kentucky,Whitley,668,5,0,36.75700531,-84.14541217,21235.0,1842.047209353629,0.7485029940119761,663,654,5,0,649,649,36242,14,0,0,14,5
2020-10-16,US,Kentucky,Wolfe,58,0,0,37.73941626,-83.49303612,21237.0,810.3954170741931,0.0,58,58,0,0,58,57,7177,0,0,0,0,1
2020-10-16,US,Kentucky,Woodford,341,0,0,38.04178222,-84.7417556,21239.0,1275.5292885464205,0.0,341,333,0,0,333,330,26533,8,0,0,8,3
2020-10-16,US,Louisiana,Acadia,3053,99,0,30.295064899999996,-92.41419698,22001.0,4920.6221290998465,3.2427120864723222,2954,3055,99,0,2956,3034,62190,-2,0,0,-2,21
2020-10-16,US,Louisiana,Allen,1790,53,0,30.65385745,-92.82442028,22003.0,6984.820696921216,2.9608938547486034,1737,1782,52,0,1730,1771,25605,8,1,0,7,11
2020-10-16,US,Louisiana,Ascension,3921,98,0,30.20406249,-90.91328409999998,22005.0,3097.05854475372,2.4993624075490946,3823,3885,98,0,3787,3876,124672,36,0,0,36,9
2020-10-16,US,Louisiana,Assumption,780,24,0,29.89946234,-91.06461642,22007.0,3563.108126627381,3.0769230769230766,756,780,24,0,756,778,22300,0,0,0,0,2
2020-10-16,US,Louisiana,Avoyelles,1656,62,0,31.07796211,-92.00079449,22009.0,4125.149461937027,3.7439613526570046,1594,1652,62,0,1590,1646,40462,4,0,0,4,6
2020-10-16,US,Louisiana,Beauregard,1041,39,0,30.64836518,-93.34173616,22011.0,2776.2220977678217,3.746397694524496,1002,1041,39,0,1002,1033,37253,0,0,0,0,8
2020-10-16,US,Louisiana,Bienville,553,33,0,32.34569994,-93.05398492,22013.0,4176.421720413866,5.967450271247738,520,555,33,0,522,549,13308,-2,0,0,-2,6
2020-10-16,US,Louisiana,Bossier,3821,112,0,32.67932307,-93.60460152,22015.0,3007.737781311251,2.9311698508243915,3709,3761,111,0,3650,3692,127185,60,1,0,59,69
2020-10-16,US,Louisiana,Caddo,9532,382,0,32.57991587,-93.88375652,22017.0,3968.2936170921375,4.007553503986571,9150,9478,381,0,9097,9348,242922,54,1,0,53,130
2020-10-16,US,Louisiana,Calcasieu,8138,221,0,30.22931235,-93.35400434,22019.0,4000.275270846851,2.7156549520766773,7917,8106,221,0,7885,8095,203112,32,0,0,32,11
2020-10-16,US,Louisiana,Caldwell,334,3,0,32.0902519,-92.11752148,22021.0,3367.6144383948376,0.8982035928143712,331,328,3,0,325,324,9960,6,0,0,6,4
2020-10-16,US,Louisiana,Cameron,234,2,0,29.87592238,-93.19310676,22023.0,3355.8009465079595,0.8547008547008547,232,236,2,0,234,236,6968,-2,0,0,-2,0
2020-10-16,US,Louisiana,Catahoula,452,13,0,31.66778967,-91.84526385,22025.0,4760.901622077101,2.8761061946902653,439,453,12,0,441,453,9608,-1,1,0,-2,0
2020-10-16,US,Louisiana,Claiborne,582,24,0,32.82308512,-92.99526883,22027.0,3714.1033822590944,4.123711340206185,558,583,23,0,560,584,15944,-1,1,0,-2,-1
2020-10-16,US,Louisiana,Concordia,558,16,0,31.44817835,-91.63814433,22029.0,2897.346695051664,2.867383512544803,542,557,15,0,542,558,19572,1,1,0,0,-1
2020-10-16,US,Louisiana,De Soto,979,35,0,32.05457447,-93.74130302,22031.0,3564.796271346904,3.5750766087844736,944,975,35,0,940,964,27436,4,0,0,4,11
2020-10-16,US,Louisiana,East Baton Rouge,15636,452,0,30.53842039,-91.09777565,22033.0,3553.159917192922,2.8907649015093373,15184,15540,452,0,15088,15504,440956,96,0,0,96,36
2020-10-16,US,Louisiana,East Carroll,563,6,0,32.73926954,-91.23425694,22035.0,8205.800903658359,1.0657193605683837,557,558,6,0,552,557,7037,5,0,0,5,1
2020-10-16,US,Louisiana,East Feliciana,1784,75,0,30.84425359,-91.04976723,22037.0,9323.229683825452,4.2040358744394615,1709,1780,75,0,1705,1773,19305,4,0,0,4,7
2020-10-16,US,Louisiana,Evangeline,1380,37,0,30.72985248,-92.39915924,22039.0,4132.355142985477,2.681159420289855,1343,1377,37,0,1340,1376,33443,3,0,0,3,1
2020-10-16,US,Louisiana,Franklin,1263,44,0,32.13675181,-91.67589857,22041.0,6310.267299525356,3.4837688044338875,1219,1261,44,0,1217,1255,20156,2,0,0,2,6
2020-10-16,US,Louisiana,Grant,512,30,0,31.59882456,-92.56124347,22043.0,2286.8372861673142,5.859375,482,514,30,0,484,512,22482,-2,0,0,-2,2
2020-10-16,US,Louisiana,Iberia,3029,93,0,29.86803617,-91.75871777,22045.0,4337.677216096234,3.070320237702212,2936,3027,93,0,2934,3026,70941,2,0,0,2,1
2020-10-16,US,Louisiana,Iberville,1434,58,0,30.25734305,-91.3499598,22047.0,4410.814801144228,4.044630404463041,1376,1431,58,0,1373,1433,32721,3,0,0,3,-2
2020-10-16,US,Louisiana,Jackson,787,22,0,32.30251776,-92.55692092,22049.0,4998.729674796748,2.795425667090216,765,780,22,0,758,758,15902,7,0,0,7,22
2020-10-16,US,Louisiana,Jefferson,18252,580,0,29.74075478,-90.11115756,22051.0,4220.183910491037,3.1777339469647163,17672,18182,578,0,17604,18116,434051,70,2,0,68,66
2020-10-16,US,Louisiana,Jefferson Davis,1300,42,0,30.26896765,-92.81210004,22053.0,4144.350930884978,3.2307692307692313,1258,1306,42,0,1264,1298,31582,-6,0,0,-6,8
2020-10-16,US,Louisiana,LaSalle,468,10,0,31.67884782,-92.15907765,22059.0,3142.62691377921,2.1367521367521367,458,466,10,0,456,458,14917,2,0,0,2,8
2020-10-16,US,Louisiana,Lafayette,9241,136,0,30.2049055,-92.06959876,22055.0,3781.251278693891,1.4717021967319557,9105,9212,136,0,9076,9209,242782,29,0,0,29,3
2020-10-16,US,Louisiana,Lafourche,3810,124,0,29.52470226,-90.40976986,22057.0,3903.128649578953,3.254593175853018,3686,3807,123,0,3684,3793,98115,3,1,0,2,14
2020-10-16,US,Louisiana,Lincoln,1592,48,0,32.6003154,-92.66597409999999,22061.0,3405.930426597064,3.0150753768844223,1544,1582,48,0,1534,1574,47196,10,0,0,10,8
2020-10-16,US,Louisiana,Livingston,4047,79,0,30.44143993,-90.73061664,22063.0,2874.514344160411,1.9520632567333829,3968,3990,77,0,3913,3982,139567,57,2,0,55,8
2020-10-16,US,Louisiana,Madison,889,8,0,32.36918118,-91.23973355,22065.0,8117.980093142179,0.8998875140607424,881,891,8,0,883,891,11161,-2,0,0,-2,0
2020-10-16,US,Louisiana,Morehouse,861,24,0,32.81686191,-91.80421614,22067.0,3461.445686258744,2.787456445993032,837,860,23,0,837,859,25398,1,1,0,0,1
2020-10-16,US,Louisiana,Natchitoches,1353,26,0,31.72321584,-93.09816516,22069.0,3545.7833219770428,1.921655580192165,1327,1325,26,0,1299,1306,38659,28,0,0,28,19
2020-10-16,US,Louisiana,Orleans,13150,589,0,30.06971951,-89.92660315,22071.0,3370.550360892389,4.479087452471483,12561,13106,589,0,12517,13057,391006,44,0,0,44,49
2020-10-16,US,Louisiana,Ouachita,6714,158,0,32.47645559,-92.15704172,22073.0,4380.247783453702,2.35329162943104,6556,6691,153,0,6538,6648,154475,23,5,0,18,43
2020-10-16,US,Louisiana,Plaquemines,824,19,0,29.42245447,-89.60322085,22075.0,3552.1834720006896,2.3058252427184467,805,817,19,0,798,813,23410,7,0,0,7,4
2020-10-16,US,Louisiana,Pointe Coupee,1096,40,0,30.71409502,-91.60209535,22077.0,5043.718361711919,3.6496350364963503,1056,1095,40,0,1055,1080,21940,1,0,0,1,15
2020-10-16,US,Louisiana,Rapides,4514,153,0,31.19778499,-92.52997303,22079.0,3481.7351598173523,3.3894550287992917,4361,4474,152,0,4322,4460,130562,40,1,0,39,14
2020-10-16,US,Louisiana,Red River,384,24,0,32.09530039,-93.34213308,22081.0,4548.685145700071,6.25,360,381,24,0,357,374,8477,3,0,0,3,7
2020-10-16,US,Louisiana,Richland,841,15,0,32.41391005,-91.76634876,22083.0,4179.5050193817715,1.78359096313912,826,833,15,0,818,831,20192,8,0,0,8,2
2020-10-16,US,Louisiana,Sabine,942,14,0,31.56388699,-93.55433981,22085.0,3944.062971026629,1.4861995753715498,928,937,14,0,923,926,24032,5,0,0,5,11
2020-10-16,US,Louisiana,St. Bernard,1508,32,0,29.87761636,-89.51887093,22087.0,3191.939717212768,2.122015915119364,1476,1501,32,0,1469,1488,46721,7,0,0,7,13
2020-10-16,US,Louisiana,St. Charles,1896,63,0,29.90709658,-90.35555967,22089.0,3570.6214689265526,3.3227848101265822,1833,1893,63,0,1830,1886,52879,3,0,0,3,7
2020-10-16,US,Louisiana,St. Helena,424,4,0,30.82210324,-90.71013176,22091.0,4184.761152783261,0.9433962264150944,420,425,4,0,421,421,10262,-1,0,0,-1,4
2020-10-16,US,Louisiana,St. James,828,40,0,30.02531716,-90.80212061,22093.0,3924.914675767918,4.8309178743961345,788,826,40,0,786,825,21037,2,0,0,2,1
2020-10-16,US,Louisiana,St. John the Baptist,1616,105,0,30.12597499,-90.4753503,22095.0,3772.439713331933,6.497524752475248,1511,1615,105,0,1510,1613,43184,1,0,0,1,2
2020-10-16,US,Louisiana,St. Landry,3510,132,0,30.59724262,-92.00135806,22097.0,4274.024645657786,3.7606837606837606,3378,3503,131,0,3372,3485,82764,7,1,0,6,18
2020-10-16,US,Louisiana,St. Martin,2152,61,0,30.13112107,-91.61403569,22099.0,4027.624412794071,2.83457249070632,2091,2142,61,0,2081,2149,53621,10,0,0,10,-7
2020-10-16,US,Louisiana,St. Mary,1990,83,0,29.69262097,-91.44702164,22101.0,4032.584907189754,4.170854271356784,1907,1985,83,0,1902,1982,49774,5,0,0,5,3
2020-10-16,US,Louisiana,St. Tammany,7479,269,0,30.40942847,-89.95642711,22103.0,2871.9102676840016,3.5967375317555823,7210,7456,269,0,7187,7451,258111,23,0,0,23,5
2020-10-16,US,Louisiana,Tangipahoa,4859,122,0,30.62888673,-90.40664996,22105.0,3605.7228513335017,2.5108046923235228,4737,4813,122,0,4691,4822,133777,46,0,0,46,-9
2020-10-16,US,Louisiana,Tensas,186,2,0,32.00760749,-91.32915234,22107.0,4291.647438855561,1.075268817204301,184,185,2,0,183,184,4462,1,0,0,1,1
2020-10-16,US,Louisiana,Terrebonne,3779,122,0,29.37343766,-90.82626855,22109.0,3421.1169553054924,3.2283672929346388,3657,3769,121,0,3648,3747,111021,10,1,0,9,22
2020-10-16,US,Louisiana,Unassigned,242,200,0,0.0,0.0,90022.0,0.0,82.64462809917356,42,239,200,0,39,243,,3,0,0,3,-4
2020-10-16,US,Louisiana,Union,1058,49,0,32.83121059,-92.3749373,22111.0,4785.597973584223,4.631379962192816,1009,1053,49,0,1004,1042,22330,5,0,0,5,11
2020-10-16,US,Louisiana,Vermilion,2080,68,0,29.83517605,-92.30292538,22113.0,3495.1521567441314,3.2692307692307687,2012,2086,68,0,2018,2079,59830,-6,0,0,-6,7
2020-10-16,US,Louisiana,Vernon,1108,55,0,31.10884837,-93.18153838,22115.0,2336.123468763837,4.9638989169675085,1053,1106,55,0,1051,1105,48860,2,0,0,2,1
2020-10-16,US,Louisiana,Washington,1708,68,0,30.85288548,-90.03866652,22117.0,3697.449885266485,3.981264637002342,1640,1710,68,0,1642,1703,46582,-2,0,0,-2,7
2020-10-16,US,Louisiana,Webster,1412,34,0,32.70847669,-93.33121835,22119.0,3682.8377673448094,2.407932011331445,1378,1406,34,0,1372,1392,38798,6,0,0,6,14
2020-10-16,US,Louisiana,West Baton Rouge,942,42,0,30.46058217,-91.30989571,22121.0,3559.418099376535,4.4585987261146505,900,941,42,0,899,934,26427,1,0,0,1,7
2020-10-16,US,Louisiana,West Carroll,361,10,0,32.78550125,-91.461201,22123.0,3333.333333333333,2.770083102493075,351,360,10,0,350,357,10982,1,0,0,1,3
2020-10-16,US,Louisiana,West Feliciana,744,25,0,30.87882871,-91.41485379999999,22125.0,4779.033915724564,3.3602150537634414,719,742,25,0,717,746,15460,2,0,0,2,-4
2020-10-16,US,Louisiana,Winn,666,19,0,31.94449367,-92.63789413,22127.0,4789.988492520138,2.8528528528528527,647,658,19,0,639,657,14134,8,0,0,8,1
2020-10-16,US,Maine,Androscoggin,830,10,0,44.1664747,-70.20380627,23001.0,766.5524534296295,1.2048192771084338,820,826,10,0,816,823,107679,4,0,0,4,3
2020-10-16,US,Maine,Aroostook,56,1,0,46.65926321,-68.59841248,23003.0,83.51353366639326,1.7857142857142858,55,54,1,0,53,53,67111,2,0,0,2,1
2020-10-16,US,Maine,Cumberland,2403,70,0,43.8370751,-70.37226999,23005.0,814.5679874441955,2.913025384935497,2333,2399,70,0,2329,2396,293557,4,0,0,4,3
2020-10-16,US,Maine,Franklin,73,1,0,44.97330019,-70.44381045,23007.0,241.72985860458957,1.3698630136986298,72,73,1,0,72,71,29897,0,0,0,0,2
2020-10-16,US,Maine,Hancock,56,1,0,44.59816444,-68.38401854,23009.0,101.84225362358377,1.7857142857142858,55,56,1,0,55,56,54811,0,0,0,0,0
2020-10-16,US,Maine,Kennebec,285,11,0,44.40759555,-69.76738544,23011.0,233.0297133325702,3.8596491228070176,274,283,11,0,272,274,122083,2,0,0,2,9
2020-10-16,US,Maine,Knox,55,1,0,44.11486325,-69.10529169,23013.0,138.2882429850146,1.818181818181818,54,54,1,0,53,53,39771,1,0,0,1,1
2020-10-16,US,Maine,Lincoln,50,1,0,44.05996956,-69.54227124,23015.0,144.36680718369232,2.0,49,52,1,0,51,51,34342,-2,0,0,-2,1
2020-10-16,US,Maine,Oxford,160,2,0,44.49952995,-70.75682123,23017.0,275.9810263044416,1.25,158,160,2,0,158,161,57618,0,0,0,0,-1
2020-10-16,US,Maine,Penobscot,270,6,0,45.40194593,-68.65020455,23019.0,177.4587901254042,2.2222222222222223,264,270,6,0,264,270,151096,0,0,0,0,0
2020-10-16,US,Maine,Piscataquis,10,0,0,45.83839062,-69.2860223,23021.0,59.577003276735184,0.0,10,10,0,0,10,10,16800,0,0,0,0,0
2020-10-16,US,Maine,Sagadahoc,76,0,0,43.95415864,-69.85074999,23023.0,211.95894689870602,0.0,76,73,0,0,73,73,35634,3,0,0,3,0
2020-10-16,US,Maine,Somerset,125,8,0,45.51229767,-69.95995554,23025.0,247.6032010141827,6.4,117,125,8,0,117,128,50592,0,0,0,0,-3
2020-10-16,US,Maine,Waldo,95,14,0,44.4858305,-69.12061935,23027.0,239.2043308573587,14.73684210526316,81,84,14,0,70,85,39694,11,0,0,11,-1
2020-10-16,US,Maine,Washington,20,0,0,45.01607142,-67.62813524,23029.0,63.73689410115046,0.0,20,20,0,0,20,20,31490,0,0,0,0,0
2020-10-16,US,Maine,York,1299,19,0,43.47808377,-70.71052375,23031.0,625.5989905654471,1.462663587374904,1280,1295,18,0,1277,1292,206229,4,1,0,3,3
2020-10-16,US,Maryland,Allegany,543,23,0,39.62357628,-78.69280486,24001.0,771.1315610088617,4.23572744014733,520,538,23,0,515,536,70975,5,0,0,5,2
2020-10-16,US,Maryland,Anne Arundel,11151,262,0,39.00670238,-76.60329337,24003.0,1925.1287044614094,2.3495650614294683,10889,11053,262,0,10791,10986,576031,98,0,0,98,67
2020-10-16,US,Maryland,Baltimore,19403,650,0,39.45784712,-76.62911955,24005.0,2345.141834971053,3.3499974230789054,18753,19275,649,0,18626,19176,828431,128,1,0,127,99
2020-10-16,US,Maryland,Baltimore City,16681,495,0,39.30211911,-76.61151012,24510.0,2810.6623531988744,2.9674479947245374,16186,16647,494,0,16153,16584,621342,34,1,0,33,63
2020-10-16,US,Maryland,Calvert,1098,28,0,38.53961642,-76.56820632,24009.0,1186.7062955957851,2.550091074681238,1070,1082,28,0,1054,1078,92003,16,0,0,16,4
2020-10-16,US,Maryland,Caroline,687,8,0,38.87172293,-75.82904158,24011.0,2056.516793390409,1.1644832605531297,679,688,8,0,680,686,33304,-1,0,0,-1,2
2020-10-16,US,Maryland,Carroll,2120,128,0,39.56453592,-77.02373735,24013.0,1258.5561037002738,6.037735849056604,1992,2108,128,0,1980,2099,168429,12,0,0,12,9
2020-10-16,US,Maryland,Cecil,1244,36,0,39.56647682,-75.94627411,24015.0,1209.469641728647,2.893890675241157,1208,1192,36,0,1156,1190,102826,52,0,0,52,2
2020-10-16,US,Maryland,Charles,2991,101,0,38.51092331,-76.98580666,24017.0,1832.0807071059744,3.376797057840187,2890,2983,101,0,2882,2962,161503,8,0,0,8,21
2020-10-16,US,Maryland,Dorchester,661,10,0,38.45413522,-76.02752426,24019.0,2070.2182968461275,1.51285930408472,651,653,10,0,643,644,31998,8,0,0,8,9
2020-10-16,US,Maryland,Frederick,4464,137,0,39.47296601,-77.39999394,24021.0,1719.9197062574408,3.0689964157706093,4327,4436,137,0,4299,4399,255648,28,0,0,28,37
2020-10-16,US,Maryland,Garrett,94,1,0,39.52786077,-79.27355126,24023.0,323.98152615978495,1.0638297872340423,93,88,1,0,87,87,29163,6,0,0,6,1
2020-10-16,US,Maryland,Harford,3353,77,0,39.55010644,-76.30775940000002,24025.0,1312.6318797687136,2.2964509394572024,3276,3335,77,0,3258,3317,253956,18,0,0,18,18
2020-10-16,US,Maryland,Howard,5534,123,0,39.25305293,-76.93126208,24027.0,1699.1617796063742,2.222623780267438,5411,5508,123,0,5385,5487,323196,26,0,0,26,21
2020-10-16,US,Maryland,Kent,326,24,0,39.24976208,-76.04741541,24029.0,1678.50890742457,7.361963190184048,302,326,24,0,302,325,19383,0,0,0,0,1
2020-10-16,US,Maryland,Montgomery,24174,860,0,39.13676329,-77.20358245,24031.0,2300.7781567886946,3.5575411599238853,23314,24015,860,0,23155,23926,1052567,159,0,0,159,89
2020-10-16,US,Maryland,Prince George's,31210,841,0,38.83070039,-76.8496441,24033.0,3432.208655412189,2.6946491509131687,30369,31102,841,0,30261,30969,909308,108,0,0,108,133
2020-10-16,US,Maryland,Queen Anne's,719,26,0,39.06198912,-76.03530977,24035.0,1427.1253051745698,3.6161335187760777,693,714,26,0,688,711,50251,5,0,0,5,3
2020-10-16,US,Maryland,Somerset,368,5,0,38.1163542,-75.75118623,24039.0,1436.6021236727045,1.358695652173913,363,363,5,0,358,358,25675,5,0,0,5,5
2020-10-16,US,Maryland,St. Mary's,1385,59,0,38.30058422,-76.60629279999998,24037.0,1220.1568143775878,4.259927797833935,1326,1382,59,0,1323,1375,112664,3,0,0,3,7
2020-10-16,US,Maryland,Talbot,602,6,0,38.76618159,-76.10882561,24041.0,1619.106532906592,0.9966777408637874,596,596,6,0,590,593,36968,6,0,0,6,3
2020-10-16,US,Maryland,Unassigned,0,11,0,0.0,0.0,90024.0,0.0,0.0,-11,0,9,0,-9,0,,0,2,0,-2,0
2020-10-16,US,Maryland,Washington,2075,42,0,39.60835778,-77.82002295,24043.0,1373.7264066627386,2.0240963855421685,2033,2054,42,0,2012,2039,150926,21,0,0,21,15
2020-10-16,US,Maryland,Wicomico,2287,49,0,38.37301947,-75.62705831,24045.0,2207.3372004362554,2.142544818539572,2238,2259,49,0,2210,2248,103195,28,0,0,28,11
2020-10-16,US,Maryland,Worcester,1159,30,0,38.21274277,-75.33200012,24047.0,2217.0785829061138,2.588438308886972,1129,1151,30,0,1121,1143,51823,8,0,0,8,8
2020-10-16,US,Massachusetts,Barnstable,1888,180,0,41.72980578,-70.28854339,25001.0,886.4265927977838,9.533898305084746,1708,1882,178,0,1704,1877,213413,6,2,0,4,5
2020-10-16,US,Massachusetts,Berkshire,735,51,0,42.37428441,-73.20524838,25003.0,588.263542066846,6.938775510204081,684,735,51,0,684,733,126348,0,0,0,0,2
2020-10-16,US,Massachusetts,Bristol,10864,729,0,41.79228404,-71.10872211,25005.0,1922.0936383725186,6.710235640648012,10135,10828,727,0,10101,10777,564022,36,2,0,34,51
2020-10-16,US,Massachusetts,Dukes and Nantucket,202,2,0,41.40674725,-70.68763497,0.0,703.0733354216701,0.99009900990099,200,202,2,0,200,201,26707,0,0,0,0,1
2020-10-16,US,Massachusetts,Essex,21736,1320,0,42.6687626,-70.94687179,25009.0,2754.7608848287905,6.0728744939271255,20416,21619,1318,0,20301,21516,790638,117,2,0,115,103
2020-10-16,US,Massachusetts,Franklin,432,71,0,42.58119713,-72.58602547,25011.0,615.559988600741,16.435185185185187,361,426,71,0,355,426,70963,6,0,0,6,0
2020-10-16,US,Massachusetts,Hampden,8971,796,0,42.13440424,-72.63235561,25013.0,1923.5717410136115,8.873035336082934,8175,8921,794,0,8127,8894,470406,50,2,0,48,27
2020-10-16,US,Massachusetts,Hampshire,1386,152,0,42.33997957,-72.65898478,25015.0,861.7795187465025,10.966810966810968,1234,1376,152,0,1224,1374,161355,10,0,0,10,2
2020-10-16,US,Massachusetts,Middlesex,29728,2214,0,42.48607732,-71.39049229,25017.0,1844.513150408358,7.4475242195909575,27514,29587,2205,0,27382,29460,1614714,141,9,0,132,127
2020-10-16,US,Massachusetts,Norfolk,11050,1087,0,42.16073095,-71.20530408,25021.0,1563.4395670475046,9.837104072398189,9963,11008,1086,0,9922,10975,705388,42,1,0,41,33
2020-10-16,US,Massachusetts,Plymouth,10540,800,0,41.94070556,-70.80802823,25023.0,2022.2485715710986,7.590132827324477,9740,10486,793,0,9693,10424,518132,54,7,0,47,62
2020-10-16,US,Massachusetts,Suffolk,26160,1155,0,42.327951399999996,-71.07850442,25025.0,3254.107751269737,4.4151376146788985,25005,26012,1153,0,24859,25896,807252,148,2,0,146,116
2020-10-16,US,Massachusetts,Unassigned,3297,5,0,0.0,0.0,90025.0,0.0,0.1516530178950561,3292,3217,5,0,3212,3201,,80,0,0,80,16
2020-10-16,US,Massachusetts,Worcester,15357,1140,0,42.35026951,-71.90493363,25027.0,1848.8554360467213,7.423324868138307,14217,15280,1137,0,14143,15238,830839,77,3,0,74,42
2020-10-16,US,Michigan,Alcona,50,2,0,44.6846864,-83.59507875,26001.0,480.53820278712163,4.0,48,50,2,0,48,50,10362,0,0,0,0,0
2020-10-16,US,Michigan,Alger,77,0,0,46.41292944,-86.60260122,26003.0,845.4106280193238,0.0,77,67,0,0,67,67,9097,10,0,0,10,0
2020-10-16,US,Michigan,Allegan,1015,7,0,42.59147037,-85.89102866,26005.0,859.5794412310195,0.6896551724137931,1008,989,7,0,982,961,117327,26,0,0,26,28
2020-10-16,US,Michigan,Alpena,148,14,0,45.03477666,-83.62212411,26007.0,521.0350290441824,9.459459459459461,134,148,14,0,134,148,28360,0,0,0,0,0
2020-10-16,US,Michigan,Antrim,89,0,0,44.99690221,-85.15503082,26009.0,381.58120391013534,0.0,89,88,0,0,88,85,23365,1,0,0,1,3
2020-10-16,US,Michigan,Arenac,84,3,0,44.0636262,-83.89277559,26011.0,564.4023382382584,3.571428571428572,81,84,3,0,81,84,15041,0,0,0,0,0
2020-10-16,US,Michigan,Baraga,65,4,0,46.6720582,-88.36363591,26013.0,791.8138628334755,6.153846153846153,61,63,3,0,60,61,8320,2,1,0,1,2
2020-10-16,US,Michigan,Barry,504,5,0,42.59513984,-85.30834519,26015.0,818.8464662875708,0.992063492063492,499,494,5,0,489,476,61157,10,0,0,10,18
2020-10-16,US,Michigan,Bay,1199,55,0,43.70639106,-83.98731479,26017.0,1162.6553924325585,4.587155963302751,1144,1187,55,0,1132,1158,103923,12,0,0,12,29
2020-10-16,US,Michigan,Benzie,101,2,0,44.63899297,-86.01608482,26019.0,568.5016323314196,1.98019801980198,99,101,2,0,99,97,17753,0,0,0,0,4
2020-10-16,US,Michigan,Berrien,2286,78,0,41.95447397,-86.41313079999998,26021.0,1490.211928214288,3.4120734908136483,2208,2220,77,0,2143,2177,154141,66,1,0,65,43
2020-10-16,US,Michigan,Branch,756,10,0,41.91600556,-85.05929476,26023.0,1737.252108371441,1.3227513227513228,746,742,10,0,732,731,43622,14,0,0,14,11
2020-10-16,US,Michigan,Calhoun,2150,53,0,42.24633834,-85.00493569,26025.0,1602.5760478238508,2.4651162790697674,2097,2087,51,0,2036,1978,134487,63,2,0,61,109
2020-10-16,US,Michigan,Cass,788,23,0,41.91522292,-85.99405727,26027.0,1521.6173943267615,2.918781725888325,765,753,23,0,730,732,51653,35,0,0,35,21
2020-10-16,US,Michigan,Charlevoix,131,4,0,45.37790017,-85.19614053,26029.0,501.0901579772788,3.053435114503817,127,129,4,0,125,123,26244,2,0,0,2,6
2020-10-16,US,Michigan,Cheboygan,112,2,0,45.44787015,-84.50122149,26031.0,443.1080867225827,1.7857142857142858,110,108,2,0,106,104,25413,4,0,0,4,4
2020-10-16,US,Michigan,Chippewa,101,0,0,46.29552653,-84.54353449,26033.0,270.42223352700205,0.0,101,97,0,0,97,95,37517,4,0,0,4,2
2020-10-16,US,Michigan,Clare,198,6,0,43.98794227,-84.84819859999998,26035.0,639.7415185783523,3.0303030303030303,192,189,6,0,183,168,30757,9,0,0,9,21
2020-10-16,US,Michigan,Clinton,857,14,0,42.94400871,-84.60145248,26037.0,1076.700797788806,1.633605600933489,843,844,14,0,830,821,79332,13,0,0,13,23
2020-10-16,US,Michigan,Crawford,135,5,0,44.68255561,-84.61006219,26039.0,962.2923943260388,3.703703703703704,130,132,5,0,127,132,13901,3,0,0,3,0
2020-10-16,US,Michigan,Delta,949,16,0,45.90484910000001,-86.9080745,26041.0,2652.0232506148,1.6859852476290833,933,912,16,0,896,888,35857,37,0,0,37,24
2020-10-16,US,Michigan,Dickinson,414,5,0,46.00999672,-87.86961634,26043.0,1640.3185546178534,1.207729468599034,409,382,5,0,377,355,25383,32,0,0,32,27
2020-10-16,US,Michigan,Eaton,894,10,0,42.59599185,-84.83740035,26045.0,810.7519860703012,1.1185682326621924,884,878,10,0,868,852,109826,16,0,0,16,26
2020-10-16,US,Michigan,Emmet,181,4,0,45.52625509,-84.89083249,26047.0,541.6729013915907,2.209944751381216,177,181,4,0,177,180,33308,0,0,0,0,1
2020-10-16,US,Michigan,Federal Correctional Institution (FCI),195,5,0,0.0,0.0,0.0,0.0,2.5641025641025643,190,195,5,0,190,195,,0,0,0,0,0
2020-10-16,US,Michigan,Genesee,5811,321,0,43.02244215,-83.70589709,26049.0,1431.9403271950382,5.524006195147135,5490,5694,320,0,5374,5525,406892,117,1,0,116,169
2020-10-16,US,Michigan,Gladwin,156,2,0,43.98901072,-84.38774817,26051.0,612.9906872568666,1.2820512820512822,154,147,2,0,145,139,25337,9,0,0,9,8
2020-10-16,US,Michigan,Gogebic,239,2,0,46.40862701,-89.69377193,26053.0,1710.1967799642218,0.8368200836820083,237,224,2,0,222,206,15096,15,0,0,15,18
2020-10-16,US,Michigan,Grand Traverse,628,12,0,44.69565625,-85.55585247,26055.0,674.6304572017875,1.9108280254777068,616,619,12,0,607,605,92573,9,0,0,9,14
2020-10-16,US,Michigan,Gratiot,389,16,0,43.29265605,-84.60505416,26057.0,955.5157082852301,4.113110539845758,373,389,16,0,373,377,40599,0,0,0,0,12
2020-10-16,US,Michigan,Hillsdale,440,27,0,41.88753639,-84.59312019,26059.0,964.8064905163907,6.136363636363638,413,429,27,0,402,411,45749,11,0,0,11,18
2020-10-16,US,Michigan,Houghton,839,6,0,46.89988536,-88.68495385,26061.0,2351.1938123528753,0.7151370679380215,833,832,6,0,826,821,36219,7,0,0,7,11
2020-10-16,US,Michigan,Huron,253,5,0,43.83353985,-83.04078453,26063.0,816.6295471417966,1.9762845849802368,248,251,5,0,246,251,31166,2,0,0,2,0
2020-10-16,US,Michigan,Ingham,4217,57,0,42.59716886,-84.37472069,26065.0,1442.1728692297695,1.3516718046004268,4160,4176,57,0,4119,4128,292735,41,0,0,41,48
2020-10-16,US,Michigan,Ionia,531,7,0,42.94502238,-85.07413319,26067.0,820.7490300941313,1.3182674199623352,524,516,7,0,509,504,64210,15,0,0,15,12
2020-10-16,US,Michigan,Iosco,255,14,0,44.35486835,-83.63484895,26069.0,1014.844589485414,5.490196078431373,241,253,14,0,239,252,25081,2,0,0,2,1
2020-10-16,US,Michigan,Iron,326,17,0,46.20974132,-88.53136251,26071.0,2945.960600036147,5.214723926380368,309,315,17,0,298,310,11117,11,0,0,11,5
2020-10-16,US,Michigan,Isabella,897,15,0,43.64060976,-84.84664923,26073.0,1283.776047629952,1.6722408026755853,882,878,15,0,863,869,70562,19,0,0,19,9
2020-10-16,US,Michigan,Jackson,1482,60,0,42.24807035,-84.42258681,26075.0,934.9567850608794,4.048582995951417,1422,1434,60,0,1374,1407,158823,48,0,0,48,27
2020-10-16,US,Michigan,Kalamazoo,4045,98,0,42.24542231,-85.53038622,26077.0,1526.0350252389972,2.42274412855377,3947,3932,99,0,3833,3817,264870,113,-1,0,114,115
2020-10-16,US,Michigan,Kalkaska,110,4,0,44.68512729,-85.09085699,26079.0,609.8237055105888,3.636363636363636,106,103,4,0,99,102,17824,7,0,0,7,1
2020-10-16,US,Michigan,Kent,12201,178,0,43.03197711,-85.54934642,26081.0,1857.204831381145,1.4588968117367431,12023,12024,173,0,11851,11817,653786,177,5,0,172,207
2020-10-16,US,Michigan,Keweenaw,18,0,0,47.63197653,-88.41434263,26083.0,850.6616257088847,0.0,18,16,0,0,16,16,2113,2,0,0,2,0
2020-10-16,US,Michigan,Lake,41,0,0,43.99050893,-85.802173,26085.0,345.9039905509153,0.0,41,40,0,0,40,40,11881,1,0,0,1,0
2020-10-16,US,Michigan,Lapeer,772,38,0,43.09052506,-83.22153148,26087.0,881.2081226386017,4.922279792746114,734,757,38,0,719,735,88028,15,0,0,15,22
2020-10-16,US,Michigan,Leelanau,129,1,0,44.94430054,-85.80150326,26089.0,592.8036395386241,0.7751937984496124,128,125,1,0,124,123,21764,4,0,0,4,2
2020-10-16,US,Michigan,Lenawee,997,18,0,41.89475156,-84.06603727,26091.0,1012.6865141034626,1.8054162487462384,979,983,18,0,965,967,98266,14,0,0,14,16
2020-10-16,US,Michigan,Livingston,1709,32,0,42.60302282,-83.91297209,26093.0,890.1273470663298,1.8724400234055003,1677,1688,32,0,1656,1645,191224,21,0,0,21,43
2020-10-16,US,Michigan,Luce,37,0,0,46.47227431,-85.54471223,26095.0,593.9958259752771,0.0,37,37,0,0,37,32,6283,0,0,0,0,5
2020-10-16,US,Michigan,Mackinac,134,0,0,46.07028979,-85.04980537,26097.0,1240.8556347809986,0.0,134,123,0,0,123,118,10787,11,0,0,11,5
2020-10-16,US,Michigan,Macomb,16751,1059,0,42.69158356,-82.92752801,26099.0,1916.6517920482581,6.32201062623127,15692,16548,1055,0,15493,16319,874759,203,4,0,199,229
2020-10-16,US,Michigan,Manistee,106,3,0,44.33352407,-86.05626916,26101.0,431.63124032901703,2.830188679245283,103,103,3,0,100,102,24528,3,0,0,3,1
2020-10-16,US,Michigan,Marquette,702,12,0,46.4338914,-87.64043701,26103.0,1052.4895425718526,1.709401709401709,690,654,12,0,642,579,66516,48,0,0,48,75
2020-10-16,US,Michigan,Mason,168,1,0,43.99509218,-86.24988902,26105.0,576.4479824320615,0.5952380952380952,167,161,1,0,160,157,29100,7,0,0,7,4
2020-10-16,US,Michigan,Mecosta,342,4,0,43.64064262,-85.32463223,26107.0,787.0572802798426,1.1695906432748535,338,324,4,0,320,315,43545,18,0,0,18,9
2020-10-16,US,Michigan,Menominee,609,3,0,45.58038692,-87.55370409,26109.0,2673.397717295873,0.4926108374384237,606,577,3,0,574,571,22983,32,0,0,32,6
2020-10-16,US,Michigan,Michigan Department of Corrections (MDOC),5832,75,0,0.0,0.0,0.0,0.0,1.286008230452675,5757,5803,75,0,5728,5796,,29,0,0,29,7
2020-10-16,US,Michigan,Midland,781,13,0,43.64330771,-84.38804374,26111.0,939.1986146519794,1.6645326504481437,768,767,13,0,754,748,83209,14,0,0,14,19
2020-10-16,US,Michigan,Missaukee,75,1,0,44.33772443,-85.09256478,26113.0,496.0973673766371,1.3333333333333333,74,70,1,0,69,70,15113,5,0,0,5,0
2020-10-16,US,Michigan,Monroe,1784,30,0,41.92734151,-83.53749864,26115.0,1185.3820598006646,1.6816143497757847,1754,1753,29,0,1724,1714,150439,31,1,0,30,39
2020-10-16,US,Michigan,Montcalm,462,8,0,43.31082541,-85.15252824,26117.0,723.1404958677685,1.7316017316017316,454,454,7,0,447,434,63968,8,1,0,7,20
2020-10-16,US,Michigan,Montmorency,20,0,0,45.0275929,-84.12696227,26119.0,214.4082332761578,0.0,20,19,0,0,19,18,9265,1,0,0,1,1
2020-10-16,US,Michigan,Muskegon,1778,74,0,43.29123859,-86.15176712,26121.0,1024.394178583363,4.161979752530933,1704,1760,74,0,1686,1732,173588,18,0,0,18,28
2020-10-16,US,Michigan,Newaygo,505,2,0,43.554373999999996,-85.80070107,26123.0,1031.0330747243772,0.3960396039603961,503,493,2,0,491,479,48892,12,0,0,12,14
2020-10-16,US,Michigan,Oakland,22752,1224,0,42.66090111,-83.38595416,26125.0,1809.18332294304,5.379746835443037,21528,22571,1224,0,21347,22324,1259201,181,0,0,181,247
2020-10-16,US,Michigan,Oceana,561,6,0,43.64124435,-86.26726673,26127.0,2119.6206596894244,1.0695187165775402,555,558,6,0,552,553,26625,3,0,0,3,5
2020-10-16,US,Michigan,Ogemaw,83,5,0,44.33481032,-84.12725175,26129.0,395.2945658903653,6.024096385542169,78,81,5,0,76,80,20952,2,0,0,2,1
2020-10-16,US,Michigan,Ontonagon,64,0,0,46.665226200000006,-89.31390481,26131.0,1118.881118881119,0.0,64,60,0,0,60,59,5795,4,0,0,4,1
2020-10-16,US,Michigan,Osceola,119,0,0,43.98992088,-85.32566756,26133.0,507.2463768115942,0.0,119,117,0,0,117,112,23341,2,0,0,2,5
2020-10-16,US,Michigan,Oscoda,50,1,0,44.68192279,-84.12939244,26135.0,606.7224851352993,2.0,49,50,1,0,49,50,8276,0,0,0,0,0
2020-10-16,US,Michigan,Otsego,205,11,0,45.02085831,-84.59898295,26137.0,831.0361602075563,5.365853658536587,194,203,11,0,192,203,24665,2,0,0,2,0
2020-10-16,US,Michigan,Ottawa,4238,70,0,42.95996803,-85.9969107,26139.0,1452.2153308432992,1.6517225106182158,4168,4159,70,0,4089,4086,290494,79,0,0,79,73
2020-10-16,US,Michigan,Out of MI,246,2,0,0.0,0.0,80026.0,0.0,0.8130081300813008,244,236,2,0,234,224,,10,0,0,10,12
2020-10-16,US,Michigan,Presque Isle,34,1,0,45.34018577,-83.91498656,26141.0,270.0127064803049,2.9411764705882355,33,33,1,0,32,31,12738,1,0,0,1,2
2020-10-16,US,Michigan,Roscommon,128,4,0,44.33473082,-84.61067651,26143.0,532.9114451059578,3.125,124,125,4,0,121,122,23884,3,0,0,3,3
2020-10-16,US,Michigan,Saginaw,3338,148,0,43.33433923,-84.05131209999998,26145.0,1751.8723201024459,4.433792690233673,3190,3312,148,0,3164,3276,190800,26,0,0,26,36
2020-10-16,US,Michigan,Sanilac,163,7,0,43.42406072,-82.82055898,26151.0,395.919358756376,4.294478527607362,156,163,7,0,156,161,41182,0,0,0,0,2
2020-10-16,US,Michigan,Schoolcraft,53,0,0,46.19235734,-86.19972234,26153.0,654.8060291574005,0.0,53,53,0,0,53,49,8068,0,0,0,0,4
2020-10-16,US,Michigan,Shiawassee,605,33,0,42.95392800000001,-84.14585902,26155.0,888.1125040368753,5.454545454545454,572,598,33,0,565,593,68192,7,0,0,7,5
2020-10-16,US,Michigan,St. Clair,1256,62,0,42.92655373,-82.67937954,26147.0,789.301694233573,4.936305732484076,1194,1220,62,0,1158,1205,159337,36,0,0,36,15
2020-10-16,US,Michigan,St. Joseph,1028,12,0,41.91441767,-85.52797979,26149.0,1686.241060297881,1.1673151750972763,1016,998,12,0,986,981,61043,30,0,0,30,17
2020-10-16,US,Michigan,Tuscola,573,34,0,43.46606813,-83.41897025,26157.0,1096.7556703990813,5.9336823734729505,539,557,34,0,523,556,52516,16,0,0,16,1
2020-10-16,US,Michigan,Unassigned,19,0,0,0.0,0.0,90026.0,0.0,0.0,19,11,0,0,11,9,,8,0,0,8,2
2020-10-16,US,Michigan,Van Buren,914,18,0,42.25190229,-86.01939087,26159.0,1207.7645784055921,1.9693654266958425,896,904,18,0,886,882,75448,10,0,0,10,22
2020-10-16,US,Michigan,Washtenaw,4544,116,0,42.253105,-83.83853204,26161.0,1236.1228614720853,2.5528169014084505,4428,4466,116,0,4350,4361,370963,78,0,0,78,105
2020-10-16,US,Michigan,Wayne,37951,3017,0,42.28098405,-83.281255,26163.0,2169.443042330749,7.949724644936893,34934,37702,3017,0,34685,37426,1753893,249,0,0,249,276
2020-10-16,US,Michigan,Wexford,145,4,0,44.33853602,-85.57712739,26165.0,431.1498320002379,2.7586206896551726,141,145,4,0,141,143,33466,0,0,0,0,2
2020-10-16,US,Minnesota,Aitkin,140,1,0,46.60962049,-93.41168259999999,27001.0,881.2791136850058,0.7142857142857143,139,133,1,0,132,129,15902,7,0,0,7,4
2020-10-16,US,Minnesota,Anoka,7715,147,0,45.27476015,-93.24604565,27003.0,2161.542750356521,1.9053791315618924,7568,7614,147,0,7467,7548,353813,101,0,0,101,66
2020-10-16,US,Minnesota,Becker,460,2,0,46.93479392,-95.67158144,27005.0,1336.3158353426488,0.43478260869565216,458,427,2,0,425,418,34371,33,0,0,33,9
2020-10-16,US,Minnesota,Beltrami,714,7,0,47.97373527,-94.93732139,27007.0,1513.0965499703314,0.9803921568627452,707,706,6,0,700,683,46847,8,1,0,7,23
2020-10-16,US,Minnesota,Benton,790,4,0,45.69804958,-93.99514135,27009.0,1932.05996722835,0.5063291139240507,786,755,4,0,751,740,40545,35,0,0,35,15
2020-10-16,US,Minnesota,Big Stone,121,0,0,45.42712824,-96.41403739,27011.0,2424.3638549388893,0.0,121,118,0,0,118,117,4989,3,0,0,3,1
2020-10-16,US,Minnesota,Blue Earth,1933,7,0,44.03554215,-94.06699781,27013.0,2857.2273217743486,0.3621314019658562,1926,1890,7,0,1883,1886,67427,43,0,0,43,4
2020-10-16,US,Minnesota,Brown,285,3,0,44.24205652,-94.72562874,27015.0,1139.6353166986564,1.0526315789473684,282,276,3,0,273,271,25111,9,0,0,9,5
2020-10-16,US,Minnesota,Carlton,368,1,0,46.59180601,-92.67601019,27017.0,1025.8983580050738,0.2717391304347826,367,364,1,0,363,355,35837,4,0,0,4,9
2020-10-16,US,Minnesota,Carver,1646,7,0,44.82017001,-93.80099179999999,27019.0,1566.2914291695608,0.42527339003645204,1639,1624,7,0,1617,1621,103551,22,0,0,22,3
2020-10-16,US,Minnesota,Cass,289,4,0,46.95043611,-94.32603968,27021.0,970.4825548205113,1.3840830449826989,285,274,4,0,270,267,29519,15,0,0,15,7
2020-10-16,US,Minnesota,Chippewa,357,2,0,45.02343421,-95.56403693,27023.0,3025.423728813559,0.5602240896358543,355,334,2,0,332,330,11924,23,0,0,23,4
2020-10-16,US,Minnesota,Chisago,787,2,0,45.5021011,-92.90861945,27025.0,1390.9754502553951,0.25412960609911056,785,763,2,0,761,743,55922,24,0,0,24,20
2020-10-16,US,Minnesota,Clay,1919,43,0,46.89289518,-96.48761922,27027.0,2988.0726230886607,2.2407503908285564,1876,1862,43,0,1819,1824,63955,57,0,0,57,38
2020-10-16,US,Minnesota,Clearwater,64,0,0,47.57992111,-95.37790562,27029.0,725.7881605806308,0.0,64,59,0,0,59,57,8810,5,0,0,5,2
2020-10-16,US,Minnesota,Cook,8,0,0,47.90504893,-90.52629546,27031.0,146.4396851546769,0.0,8,8,0,0,8,8,5393,0,0,0,0,0
2020-10-16,US,Minnesota,Cottonwood,253,0,0,44.00715262,-95.18138802,27033.0,2259.735619864237,0.0,253,253,0,0,253,251,11277,0,0,0,0,2
2020-10-16,US,Minnesota,Crow Wing,810,21,0,46.48096553,-94.06755609,27035.0,1245.1002997463686,2.592592592592593,789,766,21,0,745,757,64889,44,0,0,44,9
2020-10-16,US,Minnesota,Dakota,8930,133,0,44.67172617,-93.06299363,27037.0,2081.483190799518,1.4893617021276595,8797,8814,133,0,8681,8742,425423,116,0,0,116,72
2020-10-16,US,Minnesota,Dodge,349,0,0,44.02238415,-92.86244324,27039.0,1667.1443584599215,0.0,349,340,0,0,340,341,20822,9,0,0,9,-1
2020-10-16,US,Minnesota,Douglas,556,3,0,45.93348491,-95.45335469,27041.0,1457.7488791589105,0.5395683453237411,553,532,3,0,529,528,37964,24,0,0,24,4
2020-10-16,US,Minnesota,Faribault,198,0,0,43.67381499,-93.94787458,27043.0,1450.2307185234015,0.0,198,193,0,0,193,189,13758,5,0,0,5,4
2020-10-16,US,Minnesota,Fillmore,223,0,0,43.67394126,-92.08980382,27045.0,1058.5275549437508,0.0,223,211,0,0,211,211,21058,12,0,0,12,0
2020-10-16,US,Minnesota,Freeborn,618,4,0,43.67385583,-93.34884422,27047.0,2040.883722466233,0.6472491909385113,614,597,4,0,593,597,30444,21,0,0,21,0
2020-10-16,US,Minnesota,Goodhue,477,11,0,44.40849741,-92.72341949999999,27049.0,1029.3482952093223,2.3060796645702304,466,462,11,0,451,462,46403,15,0,0,15,0
2020-10-16,US,Minnesota,Grant,84,4,0,45.93424769,-96.01139609,27051.0,1406.563965170797,4.761904761904762,80,81,4,0,77,81,6021,3,0,0,3,0
2020-10-16,US,Minnesota,Hennepin,31472,962,0,45.00761521,-93.47694895,27053.0,2486.248294614735,3.0566853075749867,30510,31161,962,0,30199,30923,1259428,311,0,0,311,238
2020-10-16,US,Minnesota,Houston,174,1,0,43.67129565,-91.49143057,27055.0,935.483870967742,0.5747126436781609,173,169,1,0,168,168,18578,5,0,0,5,1
2020-10-16,US,Minnesota,Hubbard,264,2,0,47.10778564,-94.91693868,27057.0,1228.4211995719138,0.7575757575757576,262,243,2,0,241,231,21332,21,0,0,21,12
2020-10-16,US,Minnesota,Isanti,460,3,0,45.56181234,-93.29487636,27059.0,1133.116563208198,0.6521739130434783,457,451,3,0,448,445,39966,9,0,0,9,6
2020-10-16,US,Minnesota,Itasca,638,17,0,47.51009045,-93.63092229,27061.0,1413.6937735430974,2.664576802507837,621,617,16,0,601,597,45108,21,1,0,20,20
2020-10-16,US,Minnesota,Jackson,183,1,0,43.67423373,-95.15398258,27063.0,1858.6227909811087,0.5464480874316939,182,181,1,0,180,178,9911,2,0,0,2,3
2020-10-16,US,Minnesota,Kanabec,178,10,0,45.9459309,-93.29275192,27065.0,1089.5513252127073,5.617977528089888,168,170,10,0,160,166,16207,8,0,0,8,4
2020-10-16,US,Minnesota,Kandiyohi,1464,4,0,45.1526059,-95.00586446,27067.0,3388.96733720688,0.27322404371584696,1460,1388,4,0,1384,1378,42855,76,0,0,76,10
2020-10-16,US,Minnesota,Kittson,23,0,0,48.77754106,-96.78317184,27069.0,535.1326198231735,0.0,23,19,0,0,19,18,4248,4,0,0,4,1
2020-10-16,US,Minnesota,Koochiching,156,4,0,48.24539665,-93.78352843,27071.0,1275.65622700139,2.5641025641025643,152,149,4,0,145,147,12440,7,0,0,7,2
2020-10-16,US,Minnesota,Lac qui Parle,118,2,0,44.9973857,-96.17488219,27073.0,1781.669938094519,1.6949152542372878,116,115,2,0,113,112,6658,3,0,0,3,3
2020-10-16,US,Minnesota,Lake,94,0,0,47.64270764,-91.44557998,27075.0,883.3756225918618,0.0,94,92,0,0,92,90,10658,2,0,0,2,2
2020-10-16,US,Minnesota,Lake of the Woods,39,1,0,48.77217001,-94.90274472,27077.0,1042.7807486631016,2.5641025641025643,38,39,1,0,38,39,3758,0,0,0,0,0
2020-10-16,US,Minnesota,Le Sueur,574,5,0,44.37136597,-93.72844721,27079.0,1987.0529996192056,0.8710801393728222,569,553,5,0,548,549,28494,21,0,0,21,4
2020-10-16,US,Minnesota,Lincoln,156,0,0,44.41311883,-96.26688165,27081.0,2766.4479517644972,0.0,156,151,0,0,151,150,5673,5,0,0,5,1
2020-10-16,US,Minnesota,Lyon,896,6,0,44.41327865,-95.83806103,27083.0,3517.311768862369,0.6696428571428571,890,887,5,0,882,848,25629,9,1,0,8,39
2020-10-16,US,Minnesota,Mahnomen,85,1,0,47.32557075,-95.80921485,27087.0,1537.9048308304687,1.1764705882352942,84,79,1,0,78,78,5519,6,0,0,6,1
2020-10-16,US,Minnesota,Marshall,76,1,0,48.35825983,-96.37017407,27089.0,814.0531276778063,1.3157894736842106,75,74,1,0,73,73,9390,2,0,0,2,1
2020-10-16,US,Minnesota,Martin,567,16,0,43.67429718,-94.55099908,27091.0,2880.6584362139915,2.8218694885361546,551,558,16,0,542,558,19785,9,0,0,9,0
2020-10-16,US,Minnesota,McLeod,555,3,0,44.82367677,-94.27287017,27085.0,1546.2625024378012,0.5405405405405406,552,550,3,0,547,548,35873,5,0,0,5,2
2020-10-16,US,Minnesota,Meeker,294,3,0,45.12328869,-94.52839455,27093.0,1266.0408233571613,1.020408163265306,291,279,3,0,276,279,23141,15,0,0,15,0
2020-10-16,US,Minnesota,Mille Lacs,329,7,0,45.93705297,-93.63236823,27095.0,1252.0455150892415,2.127659574468085,322,299,7,0,292,286,26139,30,0,0,30,13
2020-10-16,US,Minnesota,Morrison,536,5,0,46.01265363,-94.27341528,27097.0,1605.4633678787516,0.9328358208955224,531,478,4,0,474,467,33169,58,1,0,57,11
2020-10-16,US,Minnesota,Mower,1473,11,0,43.67142874,-92.75234549,27099.0,3676.800958514303,0.7467752885268161,1462,1454,7,0,1447,1453,40011,19,4,0,15,1
2020-10-16,US,Minnesota,Murray,234,3,0,44.02216709,-95.76328482,27101.0,2855.7481083719795,1.2820512820512822,231,228,3,0,225,224,8276,6,0,0,6,4
2020-10-16,US,Minnesota,Nicollet,651,17,0,44.35291112,-94.24710352,27103.0,1899.3989613117808,2.6113671274961603,634,638,17,0,621,637,34220,13,0,0,13,1
2020-10-16,US,Minnesota,Nobles,2093,16,0,43.67434621,-95.75329576,27105.0,9676.822784224883,0.7644529383659818,2077,2085,16,0,2069,2072,21924,8,0,0,8,13
2020-10-16,US,Minnesota,Norman,88,0,0,47.32628443,-96.45620947,27107.0,1380.3921568627454,0.0,88,86,0,0,86,86,6475,2,0,0,2,0
2020-10-16,US,Minnesota,Olmsted,2979,29,0,44.00374114,-92.40209944,27109.0,1881.9530869968985,0.9734810339039948,2950,2912,29,0,2883,2884,156277,67,0,0,67,28
2020-10-16,US,Minnesota,Otter Tail,670,6,0,46.40846929,-95.70835255,27111.0,1140.5031831954516,0.8955223880597015,664,643,6,0,637,641,58812,27,0,0,27,2
2020-10-16,US,Minnesota,Pennington,153,1,0,48.06642577,-96.0370814,27113.0,1083.6461505772363,0.6535947712418301,152,151,1,0,150,150,14178,2,0,0,2,1
2020-10-16,US,Minnesota,Pine,488,0,0,46.12105238,-92.74070188,27115.0,1649.8191284357144,0.0,488,479,0,0,479,464,29483,9,0,0,9,15
2020-10-16,US,Minnesota,Pipestone,320,16,0,44.02301619,-96.25841142,27117.0,3506.4650449265832,5.0,304,317,16,0,301,310,9047,3,0,0,3,7
2020-10-16,US,Minnesota,Polk,455,4,0,47.77372465,-96.40134647,27119.0,1450.7078178803727,0.8791208791208791,451,447,4,0,443,439,31529,8,0,0,8,8
2020-10-16,US,Minnesota,Pope,136,0,0,45.58606667,-95.44451209,27121.0,1208.9963552315762,0.0,136,131,0,0,131,130,11097,5,0,0,5,1
2020-10-16,US,Minnesota,Ramsey,12922,341,0,45.01625271,-93.09872295,27123.0,2348.0841181782994,2.6389103853892593,12581,12786,338,0,12448,12656,550210,136,3,0,133,130
2020-10-16,US,Minnesota,Red Lake,52,2,0,47.87197525,-96.09561104,27125.0,1282.367447595561,3.8461538461538463,50,49,2,0,47,49,3999,3,0,0,3,0
2020-10-16,US,Minnesota,Redwood,231,10,0,44.40555844,-95.25207021,27127.0,1522.7422544495716,4.329004329004329,221,223,9,0,214,220,15249,8,1,0,7,3
2020-10-16,US,Minnesota,Renville,216,11,0,44.72836381,-94.94553734,27129.0,1484.7401704701676,5.092592592592593,205,216,10,0,206,215,14612,0,1,0,-1,1
2020-10-16,US,Minnesota,Rice,1522,8,0,44.3543376,-93.29658715,27131.0,2272.5915307889863,0.5256241787122208,1514,1508,8,0,1500,1506,66523,14,0,0,14,2
2020-10-16,US,Minnesota,Rock,281,1,0,43.67482683,-96.25296832,27133.0,3016.6398282340306,0.3558718861209965,280,276,1,0,275,269,9414,5,0,0,5,7
2020-10-16,US,Minnesota,Roseau,172,0,0,48.77501878,-95.81079919,27135.0,1134.1905703923508,0.0,172,161,0,0,161,158,15150,11,0,0,11,3
2020-10-16,US,Minnesota,Scott,3057,34,0,44.6490231,-93.53340251,27139.0,2051.498862515351,1.1122015047432123,3023,3016,34,0,2982,2995,147381,41,0,0,41,21
2020-10-16,US,Minnesota,Sherburne,1467,20,0,45.44447208,-93.77617511,27141.0,1508.6694502149371,1.3633265167007498,1447,1428,20,0,1408,1413,96036,39,0,0,39,15
2020-10-16,US,Minnesota,Sibley,232,3,0,44.5796592,-94.23164924,27143.0,1560.713084426505,1.293103448275862,229,227,3,0,224,227,15028,5,0,0,5,0
2020-10-16,US,Minnesota,St. Louis,2498,61,0,47.604840700000004,-92.46879855,27137.0,1254.8349826694127,2.4419535628502804,2437,2401,56,0,2345,2348,199754,97,5,0,92,53
2020-10-16,US,Minnesota,Stearns,5094,33,0,45.55192576,-94.61078221,27145.0,3162.50194009002,0.6478209658421673,5061,4888,33,0,4855,4841,159256,206,0,0,206,47
2020-10-16,US,Minnesota,Steele,692,2,0,44.02240351,-93.22627088,27147.0,1888.1824879260007,0.28901734104046245,690,670,2,0,668,668,36803,22,0,0,22,2
2020-10-16,US,Minnesota,Stevens,153,1,0,45.58613007,-96.00163705,27149.0,1560.4283528811832,0.6535947712418301,152,151,1,0,150,151,9753,2,0,0,2,0
2020-10-16,US,Minnesota,Swift,179,1,0,45.2829032,-95.68264092,27151.0,1931.793654219728,0.5586592178770949,178,178,1,0,177,178,9345,1,0,0,1,0
2020-10-16,US,Minnesota,Todd,657,2,0,46.06996226,-94.89785296,27153.0,2663.801492053195,0.30441400304414,655,626,2,0,624,619,24582,31,0,0,31,7
2020-10-16,US,Minnesota,Traverse,47,0,0,45.77298854,-96.47062949,27155.0,1442.1601718318502,0.0,47,47,0,0,47,47,3308,0,0,0,0,0
2020-10-16,US,Minnesota,Unassigned,218,53,0,0.0,0.0,90027.0,0.0,24.31192660550459,165,188,60,0,128,182,,30,-7,0,37,6
2020-10-16,US,Minnesota,Wabasha,303,0,0,44.28424356,-92.23121312,27157.0,1401.0264946594534,0.0,303,285,0,0,285,283,21645,18,0,0,18,2
2020-10-16,US,Minnesota,Wadena,170,0,0,46.58589171,-94.96968506,27159.0,1242.5084052039176,0.0,170,153,0,0,153,143,13773,17,0,0,17,10
2020-10-16,US,Minnesota,Waseca,893,9,0,44.02211116,-93.58720034,27161.0,4797.979797979798,1.0078387458006721,884,885,9,0,876,881,18691,8,0,0,8,4
2020-10-16,US,Minnesota,Washington,4942,66,0,45.03864533,-92.88429635,27163.0,1883.0970888584052,1.3354917037636584,4876,4859,66,0,4793,4794,259201,83,0,0,83,65
2020-10-16,US,Minnesota,Watonwan,557,4,0,43.97823903,-94.61413846,27165.0,5111.498577590161,0.7181328545780971,553,553,4,0,549,551,10980,4,0,0,4,2
2020-10-16,US,Minnesota,Wilkin,110,4,0,46.35721532,-96.4684375,27167.0,1772.192685677461,3.636363636363636,106,108,4,0,104,106,6254,2,0,0,2,2
2020-10-16,US,Minnesota,Winona,1136,18,0,43.98772283,-91.78081305,27169.0,2250.2178908168926,1.5845070422535212,1118,1096,18,0,1078,1095,50825,40,0,0,40,1
2020-10-16,US,Minnesota,Wright,2170,13,0,45.17297924,-93.96234781,27171.0,1568.1796830398114,0.5990783410138248,2157,2143,12,0,2131,2125,136349,27,1,0,26,18
2020-10-16,US,Minnesota,Yellow Medicine,260,5,0,44.71710183,-95.86842453,27173.0,2677.927695952209,1.9230769230769231,255,256,4,0,252,249,9795,4,1,0,3,7
2020-10-16,US,Mississippi,Adams,1032,40,0,31.47669768,-91.35326037,28001.0,3362.3301730036164,3.875968992248062,992,1019,41,0,978,1008,31192,13,-1,0,14,11
2020-10-16,US,Mississippi,Alcorn,938,12,0,34.88084463,-88.57996173,28003.0,2538.3595377912484,1.279317697228145,926,920,12,0,908,907,36925,18,0,0,18,13
2020-10-16,US,Mississippi,Amite,412,13,0,31.17467303,-90.80501621,28005.0,3350.4106692689274,3.155339805825242,399,410,13,0,397,397,12326,2,0,0,2,13
2020-10-16,US,Mississippi,Attala,755,25,0,33.08658803,-89.57838564,28007.0,4154.2863431275455,3.3112582781456954,730,749,25,0,724,728,18365,6,0,0,6,21
2020-10-16,US,Mississippi,Benton,296,4,0,34.81681228,-89.18945516,28009.0,3583.969003511321,1.351351351351351,292,292,4,0,288,282,8271,4,0,0,4,10
2020-10-16,US,Mississippi,Bolivar,1973,75,0,33.79696941,-90.87372121,28011.0,6441.817944364634,3.8013177901672583,1898,1967,75,0,1892,1962,31333,6,0,0,6,5
2020-10-16,US,Mississippi,Calhoun,605,12,0,33.93683395,-89.33686647,28013.0,4212.7985516328945,1.9834710743801651,593,594,12,0,582,578,14436,11,0,0,11,16
2020-10-16,US,Mississippi,Carroll,453,12,0,33.44834567,-89.91994479,28015.0,4554.136925706243,2.6490066225165565,441,449,12,0,437,346,9911,4,0,0,4,103
2020-10-16,US,Mississippi,Chickasaw,811,24,0,33.91983202,-88.9481545,28017.0,4741.858153540315,2.9593094944512948,787,801,24,0,777,794,17171,10,0,0,10,7
2020-10-16,US,Mississippi,Choctaw,202,6,0,33.34598242,-89.24809382,28019.0,2460.4141291108403,2.9702970297029703,196,202,6,0,196,198,8278,0,0,0,0,4
2020-10-16,US,Mississippi,Claiborne,528,16,0,31.97061673,-90.90702196,28021.0,5874.499332443258,3.0303030303030303,512,527,16,0,511,524,9002,1,0,0,1,3
2020-10-16,US,Mississippi,Clarke,704,48,0,32.04158545,-88.68896219999998,28023.0,4529.953027475711,6.8181818181818175,656,701,48,0,653,691,15604,3,0,0,3,10
2020-10-16,US,Mississippi,Clay,663,21,0,33.65358105,-88.77784255,28025.0,3432.3876579001867,3.1674208144796383,642,660,21,0,639,651,19386,3,0,0,3,9
2020-10-16,US,Mississippi,Coahoma,1223,36,0,34.22772299,-90.60415045,28027.0,5527.933465919364,2.9435813573180702,1187,1219,35,0,1184,1215,22628,4,1,0,3,4
2020-10-16,US,Mississippi,Copiah,1328,36,0,31.86977774,-90.44565118,28029.0,4731.872438980937,2.710843373493976,1292,1319,35,0,1284,1304,28543,9,1,0,8,15
2020-10-16,US,Mississippi,Covington,902,25,0,31.63225413,-89.55389939,28031.0,4840.0944408671385,2.7716186252771617,877,897,25,0,872,886,18853,5,0,0,5,11
2020-10-16,US,Mississippi,DeSoto,6495,77,0,34.87625235,-89.99091418,28033.0,3511.8548757738786,1.1855273287143957,6418,6401,77,0,6324,6302,182001,94,0,0,94,99
2020-10-16,US,Mississippi,Forrest,2906,77,0,31.18961454,-89.25832496,28035.0,3879.995193398935,2.649690295939436,2829,2887,77,0,2810,2863,75036,19,0,0,19,24
2020-10-16,US,Mississippi,Franklin,223,3,0,31.47786634,-90.89672989,28037.0,2891.222611175937,1.345291479820628,220,220,3,0,217,213,7788,3,0,0,3,7
2020-10-16,US,Mississippi,George,927,16,0,30.86259065,-88.64436789,28039.0,3783.673469387755,1.7259978425026967,911,922,16,0,906,908,24250,5,0,0,5,14
2020-10-16,US,Mississippi,Greene,444,17,0,31.21444233,-88.63922281,28041.0,3268.070072133078,3.8288288288288284,427,443,17,0,426,439,13586,1,0,0,1,4
2020-10-16,US,Mississippi,Grenada,1193,37,0,33.77036166,-89.80245083,28043.0,5747.181809422874,3.1014249790444257,1156,1190,37,0,1153,1180,21055,3,0,0,3,10
2020-10-16,US,Mississippi,Hancock,739,27,0,30.41830223,-89.48851033,28045.0,1551.4779979845487,3.653585926928281,712,722,27,0,695,706,47334,17,0,0,17,16
2020-10-16,US,Mississippi,Harrison,4713,81,0,30.51359752,-89.12467576,28047.0,2264.9942329873124,1.7186505410566515,4632,4600,80,0,4520,4521,206650,113,1,0,112,79
2020-10-16,US,Mississippi,Hinds,7707,170,0,32.2656285,-90.44435448,28049.0,3324.2753623188405,2.205786946931361,7537,7619,170,0,7449,7528,237085,88,0,0,88,91
2020-10-16,US,Mississippi,Holmes,1129,60,0,33.12345854,-90.08923538,28051.0,6637.272192827749,5.314437555358723,1069,1126,60,0,1066,1123,17622,3,0,0,3,3
2020-10-16,US,Mississippi,Humphreys,394,16,0,33.12825718,-90.52252707,28053.0,4885.912698412699,4.060913705583757,378,392,16,0,376,389,8257,2,0,0,2,3
2020-10-16,US,Mississippi,Issaquena,106,3,0,32.72531359,-90.97392828,28055.0,7987.942727957799,2.830188679245283,103,106,3,0,103,106,1308,0,0,0,0,0
2020-10-16,US,Mississippi,Itawamba,1070,24,0,34.27993475,-88.3606733,28057.0,4574.604531851219,2.2429906542056077,1046,1059,24,0,1035,1040,23517,11,0,0,11,19
2020-10-16,US,Mississippi,Jackson,4258,77,0,30.54020656,-88.64184064,28059.0,2964.830068863714,1.8083607327383748,4181,4193,76,0,4117,4130,143277,65,1,0,64,63
2020-10-16,US,Mississippi,Jasper,657,16,0,32.01922104,-89.11786866,28061.0,4010.2545321369703,2.43531202435312,641,655,16,0,639,651,16428,2,0,0,2,4
2020-10-16,US,Mississippi,Jefferson,259,10,0,31.73397872,-91.03764977,28063.0,3705.293276108727,3.8610038610038613,249,256,10,0,246,255,7106,3,0,0,3,1
2020-10-16,US,Mississippi,Jefferson Davis,390,11,0,31.56884708,-89.82670990000004,28065.0,3504.6728971962616,2.8205128205128207,379,384,11,0,373,379,11234,6,0,0,6,5
2020-10-16,US,Mississippi,Jones,2799,81,0,31.62257767,-89.16896899999998,28067.0,4110.252870862581,2.893890675241157,2718,2779,81,0,2698,2739,68461,20,0,0,20,40
2020-10-16,US,Mississippi,Kemper,315,15,0,32.75462946,-88.64105766,28069.0,3233.4222952165887,4.761904761904762,300,314,15,0,299,311,10027,1,0,0,1,3
2020-10-16,US,Mississippi,Lafayette,2405,42,0,34.35687874,-89.48490961,28071.0,4452.137210981321,1.7463617463617465,2363,2395,42,0,2353,2376,54793,10,0,0,10,19
2020-10-16,US,Mississippi,Lamar,2100,38,0,31.20572971,-89.5077704,28073.0,3315.283456735551,1.809523809523809,2062,2075,38,0,2037,2035,62447,25,0,0,25,40
2020-10-16,US,Mississippi,Lauderdale,2311,130,0,32.40419769,-88.66229662,28075.0,3117.706576728499,5.625270445694505,2181,2305,129,0,2176,2278,75317,6,1,0,5,27
2020-10-16,US,Mississippi,Lawrence,489,14,0,31.55147224,-90.10841127,28077.0,3885.2693468933735,2.8629856850715747,475,483,14,0,469,479,12455,6,0,0,6,4
2020-10-16,US,Mississippi,Leake,1110,39,0,32.7536828,-89.52402044,28079.0,4871.412270692531,3.5135135135135136,1071,1094,39,0,1055,1076,22763,16,0,0,16,18
2020-10-16,US,Mississippi,Lee,3354,79,0,34.291877500000005,-88.68149954,28081.0,3925.745587340232,2.3553965414430533,3275,3316,79,0,3237,3290,85202,38,0,0,38,26
2020-10-16,US,Mississippi,Leflore,1582,86,0,33.55545125,-90.29900733,28083.0,5613.312990100415,5.436156763590392,1496,1570,84,0,1486,1553,28919,12,2,0,10,17
2020-10-16,US,Mississippi,Lincoln,1321,54,0,31.53288662,-90.45391915,28085.0,3867.888618862179,4.08781226343679,1267,1302,54,0,1248,1278,34205,19,0,0,19,24
2020-10-16,US,Mississippi,Lowndes,1729,62,0,33.47386518,-88.44191529999998,28087.0,2950.763717040704,3.585887796414112,1667,1713,61,0,1652,1698,58930,16,1,0,15,15
2020-10-16,US,Mississippi,Madison,3683,92,0,32.63389156,-90.03513564,28089.0,3465.6353507979525,2.4979636166168886,3591,3623,92,0,3531,3552,105630,60,0,0,60,71
2020-10-16,US,Mississippi,Marion,926,42,0,31.23132643,-89.8209217,28091.0,3768.363651161844,4.535637149028077,884,916,42,0,874,915,24715,10,0,0,10,1
2020-10-16,US,Mississippi,Marshall,1273,25,0,34.76216286,-89.50299462,28093.0,3606.845356151187,1.9638648860958363,1248,1244,25,0,1219,1228,35451,29,0,0,29,16
2020-10-16,US,Mississippi,Monroe,1422,72,0,33.89236763,-88.4808438,28095.0,4033.813684329967,5.063291139240507,1350,1410,72,0,1338,1402,35564,12,0,0,12,8
2020-10-16,US,Mississippi,Montgomery,523,23,0,33.49419589,-89.61729103,28097.0,5350.383631713556,4.397705544933078,500,522,23,0,499,520,10023,1,0,0,1,2
2020-10-16,US,Mississippi,Neshoba,1790,110,0,32.75339664,-89.11726492,28099.0,6147.400233532523,6.145251396648044,1680,1779,110,0,1669,1767,29125,11,0,0,11,12
2020-10-16,US,Mississippi,Newton,840,27,0,32.40021118,-89.11843336,28101.0,3996.5743648301454,3.2142857142857144,813,835,27,0,808,832,21443,5,0,0,5,3
2020-10-16,US,Mississippi,Noxubee,593,16,0,33.11009499,-88.56949061,28103.0,5692.617836229239,2.69814502529511,577,591,16,0,575,588,10535,2,0,0,2,3
2020-10-16,US,Mississippi,Oktibbeha,1932,54,0,33.42491685,-88.87905132,28105.0,3896.1824671788977,2.7950310559006213,1878,1923,54,0,1869,1913,49599,9,0,0,9,10
2020-10-16,US,Mississippi,Panola,1642,36,0,34.36398677,-89.95064249,28107.0,4802.292934019652,2.1924482338611453,1606,1620,36,0,1584,1612,34178,22,0,0,22,8
2020-10-16,US,Mississippi,Pearl River,1063,55,0,30.77090935,-89.58677275,28109.0,1914.1082200414155,5.174035747883348,1008,1052,55,0,997,1036,55387,11,0,0,11,16
2020-10-16,US,Mississippi,Perry,469,22,0,31.17161885,-88.99281835,28111.0,3917.146913889585,4.690831556503198,447,466,22,0,444,465,11931,3,0,0,3,1
2020-10-16,US,Mississippi,Pike,1351,55,0,31.17507789,-90.40392572,28113.0,3438.709020566076,4.071058475203554,1296,1348,55,0,1293,1334,39563,3,0,0,3,14
2020-10-16,US,Mississippi,Pontotoc,1426,19,0,34.226046000000004,-89.03636807,28115.0,4432.150183377883,1.3323983169705471,1407,1413,19,0,1394,1407,31833,13,0,0,13,6
2020-10-16,US,Mississippi,Prentiss,1007,19,0,34.61810501,-88.51986294,28117.0,4007.800684549869,1.8867924528301887,988,988,19,0,969,967,25315,19,0,0,19,21
2020-10-16,US,Mississippi,Quitman,410,6,0,34.25157572,-90.28908,28119.0,6036.5135453474695,1.4634146341463414,404,407,6,0,401,407,7051,3,0,0,3,0
2020-10-16,US,Mississippi,Rankin,3773,86,0,32.26469147,-89.94537876,28121.0,2429.945063791693,2.2793532997614627,3687,3728,86,0,3642,3658,153902,45,0,0,45,70
2020-10-16,US,Mississippi,Scott,1216,29,0,32.406704100000006,-89.53789439,28123.0,4323.709287441331,2.3848684210526314,1187,1213,29,0,1184,1206,28287,3,0,0,3,7
2020-10-16,US,Mississippi,Sharkey,277,14,0,32.88149103,-90.81595379999999,28125.0,6410.553112705392,5.054151624548736,263,277,14,0,263,273,4377,0,0,0,0,4
2020-10-16,US,Mississippi,Simpson,1174,48,0,31.91282117,-89.91716179,28127.0,4403.931277665241,4.088586030664395,1126,1171,48,0,1123,1161,26758,3,0,0,3,10
2020-10-16,US,Mississippi,Smith,576,16,0,32.01744532,-89.50644846,28129.0,3618.9997486805732,2.7777777777777777,560,575,16,0,559,573,16002,1,0,0,1,2
2020-10-16,US,Mississippi,Stone,443,14,0,30.79187949,-89.11547539,28131.0,2416.012216404887,3.160270880361174,429,437,14,0,423,433,18717,6,0,0,6,4
2020-10-16,US,Mississippi,Sunflower,1557,49,0,33.60192578,-90.58882684,28133.0,6200.716845878136,3.147077713551702,1508,1553,49,0,1504,1545,25735,4,0,0,4,8
2020-10-16,US,Mississippi,Tallahatchie,817,25,0,33.95339918,-90.1729398,28135.0,5916.431312911869,3.0599755201958385,792,815,25,0,790,812,13987,2,0,0,2,3
2020-10-16,US,Mississippi,Tate,1119,39,0,34.65133709,-89.94485778,28137.0,3951.131669079481,3.4852546916890086,1080,1111,39,0,1072,1099,28759,8,0,0,8,12
2020-10-16,US,Mississippi,Tippah,844,20,0,34.76872156,-88.90988194,28139.0,3833.7497161026567,2.3696682464454977,824,823,20,0,803,812,21995,21,0,0,21,11
2020-10-16,US,Mississippi,Tishomingo,779,40,0,34.74023475,-88.23917219,28141.0,4018.9857091265535,5.134788189987163,739,771,40,0,731,766,19454,8,0,0,8,5
2020-10-16,US,Mississippi,Tunica,518,17,0,34.64967704,-90.37481167,28143.0,5377.906976744186,3.281853281853282,501,516,17,0,499,515,9944,2,0,0,2,1
2020-10-16,US,Mississippi,Union,1119,25,0,34.49162015,-89.00776006,28145.0,3883.394065590838,2.234137622877569,1094,1106,25,0,1081,1102,28606,13,0,0,13,4
2020-10-16,US,Mississippi,Walthall,628,27,0,31.14971548,-90.10446654,28147.0,4395.912081758365,4.2993630573248405,601,627,27,0,600,628,14465,1,0,0,1,-1
2020-10-16,US,Mississippi,Warren,1511,54,0,32.35810271,-90.83352619,28149.0,3329.58727220643,3.57379219060225,1457,1486,54,0,1432,1481,46176,25,0,0,25,5
2020-10-16,US,Mississippi,Washington,2493,95,0,33.28392041,-90.94196237,28151.0,5677.651506524859,3.810669875651825,2398,2477,95,0,2382,2456,45063,16,0,0,16,21
2020-10-16,US,Mississippi,Wayne,972,21,0,31.64135687,-88.69573913,28153.0,4815.934202051231,2.1604938271604937,951,965,21,0,944,960,20298,7,0,0,7,5
2020-10-16,US,Mississippi,Webster,361,13,0,33.61300486,-89.28392912,28155.0,3725.8747032717515,3.601108033240997,348,360,13,0,347,360,9788,1,0,0,1,0
2020-10-16,US,Mississippi,Wilkinson,329,20,0,31.16078225,-91.31018819,28157.0,3812.2827346465815,6.079027355623101,309,319,19,0,300,319,8792,10,1,0,9,0
2020-10-16,US,Mississippi,Winston,810,21,0,33.08747908,-89.03391385,28159.0,4511.2781954887205,2.592592592592593,789,806,21,0,785,798,18165,4,0,0,4,8
2020-10-16,US,Mississippi,Yalobusha,479,14,0,34.02824175,-89.70762049999998,28161.0,3956.0621076973907,2.9227557411273484,465,479,14,0,465,472,12392,0,0,0,0,7
2020-10-16,US,Mississippi,Yazoo,1160,33,0,32.77890365,-90.39656148,28163.0,3907.0394072078143,2.8448275862068964,1127,1140,33,0,1107,1126,28248,20,0,0,20,14
2020-10-16,US,Missouri,Adair,444,0,0,40.19058551,-92.60078167,29001.0,1751.9630667245394,0.0,444,436,0,0,436,424,25339,8,0,0,8,12
2020-10-16,US,Missouri,Andrew,372,4,0,39.98492163,-94.80163024,29003.0,2100.271002710027,1.075268817204301,368,365,3,0,362,357,17607,7,1,0,6,8
2020-10-16,US,Missouri,Atchison,70,1,0,40.43238737,-95.42970639,29005.0,1361.0733035193464,1.4285714285714286,69,70,1,0,69,70,5171,0,0,0,0,0
2020-10-16,US,Missouri,Audrain,520,5,0,39.215877,-91.84242683,29007.0,2048.2117535843704,0.9615384615384616,515,516,5,0,511,514,25473,4,0,0,4,2
2020-10-16,US,Missouri,Barry,651,7,0,36.70978521,-93.82919888,29009.0,1818.99466316466,1.075268817204301,644,632,7,0,625,615,35886,19,0,0,19,17
2020-10-16,US,Missouri,Barton,373,2,0,37.50207671,-94.34757022,29011.0,3173.387782882423,0.5361930294906166,371,365,2,0,363,357,11798,8,0,0,8,8
2020-10-16,US,Missouri,Bates,221,3,0,38.25271289,-94.34113157,29013.0,1366.5594855305467,1.3574660633484164,218,213,3,0,210,208,16320,8,0,0,8,5
2020-10-16,US,Missouri,Benton,432,5,0,38.29503305,-93.28756116,29015.0,2221.879339608085,1.1574074074074074,427,431,5,0,426,428,19278,1,0,0,1,3
2020-10-16,US,Missouri,Bollinger,423,2,0,37.32449052,-90.02725304,29017.0,3486.3595153713013,0.4728132387706856,421,418,2,0,416,412,12169,5,0,0,5,6
2020-10-16,US,Missouri,Boone,5508,14,0,38.99186229,-92.30723575,29019.0,3052.1491940176093,0.2541757443718228,5494,5459,14,0,5445,5398,180005,49,0,0,49,61
2020-10-16,US,Missouri,Buchanan,2641,33,0,39.65816401,-94.80138942,29021.0,3022.984295590861,1.2495266944339265,2608,2614,33,0,2581,2577,88571,27,0,0,27,37
2020-10-16,US,Missouri,Butler,951,8,0,36.71462476,-90.40421163,29023.0,2238.8059701492543,0.8412197686645636,943,915,8,0,907,881,42639,36,0,0,36,34
2020-10-16,US,Missouri,Caldwell,150,1,0,39.65620858,-93.98308093,29025.0,1662.9711751662976,0.6666666666666666,149,144,1,0,143,141,9108,6,0,0,6,3
2020-10-16,US,Missouri,Callaway,974,4,0,38.83674754,-91.92186505,29027.0,2176.876829895179,0.4106776180698152,970,950,4,0,946,930,44889,24,0,0,24,20
2020-10-16,US,Missouri,Camden,1406,23,0,38.02199522,-92.76083747,29029.0,3036.3891588381384,1.635846372688478,1383,1386,22,0,1364,1359,45815,20,1,0,19,27
2020-10-16,US,Missouri,Cape Girardeau,2402,35,0,37.38489388,-89.6843587,29031.0,3045.47932700232,1.4571190674437968,2367,2356,35,0,2321,2327,78753,46,0,0,46,29
2020-10-16,US,Missouri,Carroll,162,2,0,39.42762566,-93.50626255,29033.0,1866.5744901486346,1.2345679012345678,160,162,2,0,160,159,8743,0,0,0,0,3
2020-10-16,US,Missouri,Carter,144,3,0,36.94160441,-90.96051322,29035.0,2407.221664994985,2.083333333333333,141,143,3,0,140,141,6054,1,0,0,1,2
2020-10-16,US,Missouri,Cass,1831,27,0,38.64789422,-94.353399,29037.0,1730.9510304405371,1.4746040415073731,1804,1814,27,0,1787,1795,104954,17,0,0,17,19
2020-10-16,US,Missouri,Cedar,205,2,0,37.72391475,-93.85445441,29039.0,1428.6709875252634,0.975609756097561,203,198,2,0,196,196,14165,7,0,0,7,2
2020-10-16,US,Missouri,Chariton,54,1,0,39.51499357,-92.9629191,29041.0,727.1747912739024,1.851851851851852,53,54,1,0,53,54,7451,0,0,0,0,0
2020-10-16,US,Missouri,Christian,2018,8,0,36.9711783,-93.18537118,29043.0,2277.780913144083,0.3964321110009911,2010,1972,8,0,1964,1947,86983,46,0,0,46,25
2020-10-16,US,Missouri,Clark,95,0,0,40.41040752,-91.73661677,29045.0,1397.6754450492865,0.0,95,95,0,0,95,92,6842,0,0,0,0,3
2020-10-16,US,Missouri,Clay,2257,46,0,39.31132056,-94.41850862,29047.0,902.9878214668653,2.0381036774479395,2211,2210,46,0,2164,2198,246365,47,0,0,47,12
2020-10-16,US,Missouri,Clinton,402,7,0,39.6013098,-94.40465394,29049.0,1971.844803060774,1.7412935323383083,395,385,4,0,381,371,20470,17,3,0,14,14
2020-10-16,US,Missouri,Cole,2327,16,0,38.50455671,-92.27860244,29051.0,3032.1193563098573,0.6875805758487322,2311,2258,16,0,2242,2203,76796,69,0,0,69,55
2020-10-16,US,Missouri,Cooper,541,2,0,38.844478,-92.80896081,29053.0,3054.9438138799487,0.3696857670979667,539,512,2,0,510,507,17603,29,0,0,29,5
2020-10-16,US,Missouri,Crawford,518,6,0,37.97663738,-91.30528104,29055.0,2165.551839464883,1.1583011583011582,512,511,6,0,505,500,23957,7,0,0,7,11
2020-10-16,US,Missouri,Dade,126,0,0,37.431814,-93.8503345,29057.0,1666.4462372702026,0.0,126,123,0,0,123,121,7569,3,0,0,3,2
2020-10-16,US,Missouri,Dallas,269,1,0,37.681135499999996,-93.02127031,29059.0,1593.79073349923,0.3717472118959108,268,264,1,0,263,253,16762,5,0,0,5,11
2020-10-16,US,Missouri,Daviess,194,2,0,39.96145298,-93.98519678,29061.0,2343.5612466779417,1.0309278350515465,192,194,2,0,192,187,8313,0,0,0,0,7
2020-10-16,US,Missouri,DeKalb,221,2,0,39.89201062,-94.40476508,29063.0,1761.3772216466089,0.9049773755656108,219,212,2,0,210,205,12630,9,0,0,9,7
2020-10-16,US,Missouri,Dent,221,2,0,37.60663134,-91.50790473,29065.0,1419.1228408142294,0.9049773755656108,219,217,2,0,215,215,15441,4,0,0,4,2
2020-10-16,US,Missouri,Douglas,259,3,0,36.9325593,-92.49905109,29067.0,1964.353431930224,1.1583011583011582,256,256,3,0,253,251,13373,3,0,0,3,5
2020-10-16,US,Missouri,Dunklin,951,11,0,36.27167174,-90.09122243,29069.0,3264.5635233943212,1.1566771819137749,940,938,11,0,927,927,29423,13,0,0,13,11
2020-10-16,US,Missouri,Franklin,2240,34,0,38.41127108,-91.07522826,29071.0,2154.529802725865,1.5178571428571428,2206,2202,34,0,2168,2155,103670,38,0,0,38,47
2020-10-16,US,Missouri,Gasconade,206,24,0,38.43947277,-91.50847147,29073.0,1400.788793689651,11.650485436893206,182,202,24,0,178,201,14705,4,0,0,4,1
2020-10-16,US,Missouri,Gentry,167,10,0,40.21097916,-94.40944419,29075.0,2541.470095875818,5.9880239520958085,157,165,10,0,155,164,6628,2,0,0,2,1
2020-10-16,US,Missouri,Greene,8131,103,0,37.2575872,-93.34230916,29077.0,2774.271033075616,1.2667568564752183,8028,8026,96,0,7930,7941,291923,105,7,0,98,85
2020-10-16,US,Missouri,Grundy,231,8,0,40.11406587,-93.56509276,29079.0,2345.1776649746193,3.463203463203463,223,230,8,0,222,229,9914,1,0,0,1,1
2020-10-16,US,Missouri,Harrison,160,1,0,40.35570088,-93.99222144,29081.0,1915.7088122605364,0.625,159,157,1,0,156,154,8414,3,0,0,3,3
2020-10-16,US,Missouri,Henry,328,5,0,38.38482826,-93.79293734,29083.0,1502.9325513196482,1.5243902439024388,323,319,5,0,314,308,21792,9,0,0,9,11
2020-10-16,US,Missouri,Hickory,171,3,0,37.94163617,-93.3203037,29085.0,1791.701592623638,1.7543859649122806,168,168,3,0,165,161,9509,3,0,0,3,7
2020-10-16,US,Missouri,Holt,98,1,0,40.09799248,-95.21638879999999,29087.0,2225.7551669316376,1.020408163265306,97,96,1,0,95,95,4404,2,0,0,2,1
2020-10-16,US,Missouri,Howard,217,2,0,39.1435761,-92.69756691,29089.0,2169.78302169783,0.9216589861751152,215,214,2,0,212,211,10137,3,0,0,3,3
2020-10-16,US,Missouri,Howell,976,4,0,36.77383887,-91.88683935,29091.0,2432.8838148415884,0.4098360655737705,972,959,4,0,955,943,40076,17,0,0,17,16
2020-10-16,US,Missouri,Iron,87,0,0,37.55487945,-90.7735296,29093.0,859.2592592592592,0.0,87,82,0,0,82,78,10177,5,0,0,5,4
2020-10-16,US,Missouri,Jackson,9062,117,0,39.01002188,-94.34724536,29095.0,1289.0267719850756,1.2911057161774442,8945,8977,117,0,8860,8901,700307,85,0,0,85,76
2020-10-16,US,Missouri,Jasper,4659,59,0,37.20351921,-94.34050458,29097.0,3840.003956217856,1.2663661729984976,4600,4619,59,0,4560,4558,120636,40,0,0,40,61
2020-10-16,US,Missouri,Jefferson,5032,69,0,38.25926778,-90.53870896,29099.0,2235.639614183339,1.3712241653418125,4963,4988,69,0,4919,4930,224347,44,0,0,44,58
2020-10-16,US,Missouri,Johnson,1344,10,0,38.74719601,-93.80691168,29101.0,2486.034552920721,0.7440476190476191,1334,1335,10,0,1325,1331,53652,9,0,0,9,4
2020-10-16,US,Missouri,Kansas City,13263,159,0,39.0997,-94.5786,0.0,2712.586129671557,1.1988237955213752,13104,13101,158,0,12943,12934,491918,162,1,0,161,167
2020-10-16,US,Missouri,Knox,58,1,0,40.12699751,-92.14780832,29103.0,1465.0164182874466,1.7241379310344829,57,58,1,0,57,57,3947,0,0,0,0,1
2020-10-16,US,Missouri,Laclede,1026,15,0,37.65896829,-92.5888493,29105.0,2872.0992077932983,1.4619883040935673,1011,1011,13,0,998,991,35713,15,2,0,13,20
2020-10-16,US,Missouri,Lafayette,718,19,0,39.06986886,-93.78076396,29107.0,2195.181606946313,2.6462395543175488,699,709,19,0,690,703,32598,9,0,0,9,6
2020-10-16,US,Missouri,Lawrence,928,13,0,37.10626634,-93.83293097,29109.0,2419.5020205970536,1.4008620689655171,915,907,13,0,894,880,38359,21,0,0,21,27
2020-10-16,US,Missouri,Lewis,161,2,0,40.09673161,-91.72070156,29111.0,1646.8903436988544,1.2422360248447204,159,153,2,0,151,151,9855,8,0,0,8,2
2020-10-16,US,Missouri,Lincoln,1017,4,0,39.05345619,-90.95588181,29113.0,1723.3490925728229,0.3933136676499509,1013,1004,4,0,1000,985,57686,13,0,0,13,19
2020-10-16,US,Missouri,Linn,150,1,0,39.87001769,-93.10704106,29115.0,1258.3892617449665,0.6666666666666666,149,145,1,0,144,142,12037,5,0,0,5,3
2020-10-16,US,Missouri,Livingston,530,5,0,39.78110272,-93.54645978,29117.0,3480.6593550929274,0.9433962264150944,525,535,5,0,530,525,15146,-5,0,0,-5,10
2020-10-16,US,Missouri,Macon,188,0,0,39.83049768,-92.56453089,29121.0,1243.6329959648078,0.0,188,187,0,0,187,187,15153,1,0,0,1,0
2020-10-16,US,Missouri,Madison,415,2,0,37.47865134,-90.34671429999999,29123.0,3433.1568497683647,0.4819277108433735,413,406,2,0,404,398,12188,9,0,0,9,8
2020-10-16,US,Missouri,Maries,126,0,0,38.16193985,-91.92249662,29125.0,1448.77543980683,0.0,126,122,0,0,122,119,8769,4,0,0,4,3
2020-10-16,US,Missouri,Marion,801,14,0,39.80601912,-91.62203062,29127.0,2807.570977917981,1.7478152309612984,787,789,14,0,775,781,28592,12,0,0,12,8
2020-10-16,US,Missouri,McDonald,1169,11,0,36.62869595,-94.34867205,29119.0,5118.8860183036295,0.9409751924721984,1158,1166,12,0,1154,1167,23078,3,-1,0,4,-1
2020-10-16,US,Missouri,Mercer,30,0,0,40.42212303,-93.56829590000001,29129.0,829.4166436273155,0.0,30,30,0,0,30,31,3641,0,0,0,0,-1
2020-10-16,US,Missouri,Miller,723,5,0,38.21450288,-92.42610898,29131.0,2822.124204691829,0.6915629322268326,718,681,3,0,678,668,25336,42,2,0,40,13
2020-10-16,US,Missouri,Mississippi,372,5,0,36.82516239,-89.29505753,29133.0,2822.458270106221,1.3440860215053765,367,355,4,0,351,348,13336,17,1,0,16,7
2020-10-16,US,Missouri,Moniteau,459,6,0,38.63571781,-92.57976951,29135.0,2845.27646912968,1.30718954248366,453,445,6,0,439,435,16121,14,0,0,14,10
2020-10-16,US,Missouri,Monroe,113,1,0,39.49593978,-92.00043978,29137.0,1307.2651550208236,0.8849557522123894,112,112,1,0,111,109,8664,1,0,0,1,3
2020-10-16,US,Missouri,Montgomery,100,1,0,38.94022054,-91.47000721,29139.0,865.7259111765213,1.0,99,99,1,0,98,96,11534,1,0,0,1,3
2020-10-16,US,Missouri,Morgan,551,5,0,38.4181765,-92.88791859,29141.0,2671.2561206186065,0.9074410163339384,546,535,5,0,530,526,20358,16,0,0,16,9
2020-10-16,US,Missouri,New Madrid,673,17,0,36.59666326,-89.66070007,29143.0,3941.204029046615,2.5260029717682015,656,667,17,0,650,661,17296,6,0,0,6,6
2020-10-16,US,Missouri,Newton,1841,16,0,36.90519407,-94.3394104,29145.0,3161.2748128305516,0.8690928843020098,1825,1830,16,0,1814,1813,58266,11,0,0,11,17
2020-10-16,US,Missouri,Nodaway,976,10,0,40.36079813,-94.88133008,29147.0,4417.888828535218,1.024590163934426,966,962,10,0,952,944,22304,14,0,0,14,18
2020-10-16,US,Missouri,Oregon,202,0,0,36.68710164,-91.4033755,29149.0,1918.510779751164,0.0,202,193,0,0,193,189,10541,9,0,0,9,4
2020-10-16,US,Missouri,Osage,351,3,0,38.46036182,-91.8613635,29151.0,2578.0389276533238,0.8547008547008547,348,324,3,0,321,293,13714,27,0,0,27,31
2020-10-16,US,Missouri,Ozark,169,1,0,36.64916339,-92.44459066,29153.0,1842.16263352954,0.591715976331361,168,165,1,0,164,162,9017,4,0,0,4,3
2020-10-16,US,Missouri,Pemiscot,650,12,0,36.2130572,-89.78742322,29155.0,4112.6225877886745,1.8461538461538465,638,640,11,0,629,628,16272,10,1,0,9,12
2020-10-16,US,Missouri,Perry,731,7,0,37.70660776,-89.82741088,29157.0,3820.02508361204,0.957592339261286,724,726,7,0,719,721,19150,5,0,0,5,5
2020-10-16,US,Missouri,Pettis,1351,13,0,38.72798918,-93.28471706,29159.0,3190.9114527976567,0.9622501850481124,1338,1321,13,0,1308,1309,42542,30,0,0,30,12
2020-10-16,US,Missouri,Phelps,727,19,0,37.87736118,-91.79351727,29161.0,1631.0322392479752,2.6134800550206325,708,715,19,0,696,687,44732,12,0,0,12,28
2020-10-16,US,Missouri,Pike,291,4,0,39.34310674,-91.16980779,29163.0,1589.9901650092886,1.3745704467353952,287,288,4,0,284,287,18504,3,0,0,3,1
2020-10-16,US,Missouri,Platte,876,12,0,39.38154439,-94.77068479,29165.0,838.9358156639661,1.3698630136986298,864,864,12,0,852,859,102985,12,0,0,12,5
2020-10-16,US,Missouri,Polk,849,7,0,37.616229600000004,-93.39828174,29167.0,2640.828641637376,0.8244994110718492,842,834,7,0,827,823,32201,15,0,0,15,11
2020-10-16,US,Missouri,Pulaski,865,8,0,37.82462075,-92.20783203,29169.0,1644.2678730967361,0.9248554913294798,857,857,8,0,849,846,52014,8,0,0,8,11
2020-10-16,US,Missouri,Putnam,47,1,0,40.47942497,-93.02042674,29171.0,1000.8517887563884,2.127659574468085,46,46,1,0,45,45,4757,1,0,0,1,1
2020-10-16,US,Missouri,Ralls,179,0,0,39.52817427,-91.51838643,29173.0,1736.3468813657971,0.0,179,177,0,0,177,172,10212,2,0,0,2,5
2020-10-16,US,Missouri,Randolph,463,3,0,39.44007257,-92.49713740000001,29175.0,1870.858251171812,0.6479481641468683,460,452,3,0,449,443,24763,11,0,0,11,9
2020-10-16,US,Missouri,Ray,226,2,0,39.353746799999996,-93.98905745,29177.0,981.8402988965156,0.8849557522123894,224,222,2,0,220,215,22883,4,0,0,4,7
2020-10-16,US,Missouri,Reynolds,54,0,0,37.36085952,-90.97009925,29179.0,861.2440191387559,0.0,54,50,0,0,50,50,6254,4,0,0,4,0
2020-10-16,US,Missouri,Ripley,199,3,0,36.65460667,-90.85990261,29181.0,1497.5918121613486,1.5075376884422111,196,197,3,0,194,192,13401,2,0,0,2,5
2020-10-16,US,Missouri,Saline,873,9,0,39.13734288,-93.20259964,29195.0,3835.50810597074,1.0309278350515465,864,864,9,0,855,857,22895,9,0,0,9,7
2020-10-16,US,Missouri,Schuyler,35,0,0,40.46921489,-92.52311943,29197.0,751.0729613733905,0.0,35,32,0,0,32,32,4599,3,0,0,3,0
2020-10-16,US,Missouri,Scotland,54,1,0,40.45214695,-92.14709064,29199.0,1101.591187270502,1.851851851851852,53,48,1,0,47,45,4966,6,0,0,6,3
2020-10-16,US,Missouri,Scott,1186,18,0,37.05588075,-89.56474493,29201.0,3098.223615464995,1.5177065767284992,1168,1164,18,0,1146,1151,38458,22,0,0,22,13
2020-10-16,US,Missouri,Shannon,183,2,0,37.15772072,-91.40190382,29203.0,2240.9992652461424,1.0928961748633879,181,181,2,0,179,179,8189,2,0,0,2,2
2020-10-16,US,Missouri,Shelby,90,1,0,39.79742518,-92.07634971,29205.0,1517.7065767284992,1.1111111111111112,89,88,1,0,87,88,6050,2,0,0,2,0
2020-10-16,US,Missouri,St. Charles,9353,130,0,38.77875681,-90.66662425,29183.0,2326.4895950967857,1.3899283652304073,9223,9196,130,0,9066,9086,399182,157,0,0,157,110
2020-10-16,US,Missouri,St. Clair,100,1,0,38.03699437,-93.77631447,29185.0,1064.1694157709908,1.0,99,99,1,0,98,97,9395,1,0,0,1,2
2020-10-16,US,Missouri,St. Francois,2551,19,0,37.81214171,-90.47598685,29187.0,3795.2837908205015,0.7448059584476676,2532,2540,19,0,2521,2505,66692,11,0,0,11,35
2020-10-16,US,Missouri,St. Louis,27472,854,0,38.63770039999999,-90.4458375,29189.0,2763.212818281944,3.108619685497961,26618,27050,854,0,26196,26881,996945,422,0,0,422,169
2020-10-16,US,Missouri,St. Louis City,7803,216,0,38.63555736,-90.24349225,29510.0,2596.015649952092,2.7681660899653977,7587,7750,216,0,7534,7705,302838,53,0,0,53,45
2020-10-16,US,Missouri,Ste. Genevieve,268,1,0,37.89090059,-90.1949941,29186.0,1497.7087291829666,0.373134328358209,267,265,1,0,264,258,17888,3,0,0,3,7
2020-10-16,US,Missouri,Stoddard,723,15,0,36.85571651,-89.9444155,29207.0,2490.956072351421,2.074688796680498,708,708,15,0,693,693,29206,15,0,0,15,15
2020-10-16,US,Missouri,Stone,615,6,0,36.75000327,-93.45256475,29209.0,1924.7621432148223,0.975609756097561,609,606,6,0,600,597,31749,9,0,0,9,9
2020-10-16,US,Missouri,Sullivan,267,1,0,40.2099105,-93.11150106,29211.0,4384.956478896371,0.3745318352059925,266,264,1,0,263,259,6221,3,0,0,3,5
2020-10-16,US,Missouri,Taney,1520,33,0,36.65465345,-93.04075153,29213.0,2717.780002860821,2.171052631578948,1487,1502,34,0,1468,1479,55852,18,-1,0,19,23
2020-10-16,US,Missouri,Texas,510,3,0,37.31728859,-91.96564727,29215.0,2008.032128514056,0.5882352941176471,507,506,3,0,503,489,25571,4,0,0,4,17
2020-10-16,US,Missouri,Vernon,279,3,0,37.8457799,-94.34127305,29217.0,1356.8059135340175,1.075268817204301,276,272,3,0,269,268,20528,7,0,0,7,4
2020-10-16,US,Missouri,Warren,564,1,0,38.76529479,-91.16124662,29219.0,1582.0920642935287,0.1773049645390071,563,557,1,0,556,546,34711,7,0,0,7,11
2020-10-16,US,Missouri,Washington,573,11,0,37.96130078,-90.87948158,29221.0,2317.0238576627576,1.9197207678883077,562,561,11,0,550,551,24943,12,0,0,12,10
2020-10-16,US,Missouri,Wayne,286,1,0,37.11303869,-90.46001416,29223.0,2221.7043424221242,0.34965034965034963,285,274,1,0,273,269,13122,12,0,0,12,5
2020-10-16,US,Missouri,Webster,990,6,0,37.2813734,-92.876329,29225.0,2500.505152556072,0.6060606060606061,984,973,6,0,967,962,39109,17,0,0,17,11
2020-10-16,US,Missouri,Worth,26,0,0,40.47945588,-94.42328751,29227.0,1291.6045702930949,0.0,26,25,0,0,25,24,2040,1,0,0,1,1
2020-10-16,US,Missouri,Wright,542,0,0,37.27029221,-92.46914488,29229.0,2963.5299907047947,0.0,542,530,0,0,530,521,18378,12,0,0,12,9
2020-10-16,US,Montana,Beaverhead,229,1,0,45.13434354,-112.89846940000001,30001.0,2422.511372051201,0.4366812227074236,228,222,1,0,221,213,9404,7,0,0,7,9
2020-10-16,US,Montana,Big Horn,1111,32,0,45.42335905,-107.492347,30003.0,8341.46707710789,2.8802880288028803,1079,1091,30,0,1061,1072,13338,20,2,0,18,19
2020-10-16,US,Montana,Blaine,182,2,0,48.43175214,-108.9582723,30005.0,2724.1430923514445,1.0989010989010992,180,165,2,0,163,155,6807,17,0,0,17,10
2020-10-16,US,Montana,Broadwater,33,0,0,46.33277565,-111.49558130000001,30007.0,529.1005291005291,0.0,33,29,0,0,29,26,6085,4,0,0,4,3
2020-10-16,US,Montana,Carbon,189,0,0,45.22850116,-109.0274047,30009.0,1762.2377622377621,0.0,189,188,0,0,188,182,10714,1,0,0,1,6
2020-10-16,US,Montana,Carter,28,0,0,45.5197966,-104.53955359999999,30011.0,2236.4217252396165,0.0,28,26,0,0,26,11,1238,2,0,0,2,15
2020-10-16,US,Montana,Cascade,1308,6,0,47.30797024,-111.3467922,30013.0,1607.5510655556375,0.4587155963302753,1302,1261,6,0,1255,1178,81643,47,0,0,47,83
2020-10-16,US,Montana,Chouteau,52,0,0,47.88084126,-110.4353362,30015.0,922.8039041703638,0.0,52,50,0,0,50,48,5745,2,0,0,2,2
2020-10-16,US,Montana,Custer,180,2,0,46.25319932,-105.57375259999998,30017.0,1578.6704087002279,1.1111111111111112,178,169,2,0,167,156,11586,11,0,0,11,13
2020-10-16,US,Montana,Daniels,15,0,0,48.78420029,-105.54763429999998,30019.0,887.5739644970413,0.0,15,13,0,0,13,11,1747,2,0,0,2,2
2020-10-16,US,Montana,Dawson,146,1,0,47.26584855,-104.89444170000002,30021.0,1695.112039939626,0.6849315068493149,145,141,1,0,140,138,8680,5,0,0,5,3
2020-10-16,US,Montana,Deer Lodge,295,0,0,46.05953325,-113.073353,30023.0,3227.5711159737416,0.0,295,273,0,0,273,271,9131,22,0,0,22,2
2020-10-16,US,Montana,Fallon,32,0,0,46.33478338,-104.41835649999999,30025.0,1124.3851018974,0.0,32,27,0,0,27,27,2920,5,0,0,5,0
2020-10-16,US,Montana,Fergus,151,1,0,47.26331584,-109.2245206,30027.0,1366.5158371040725,0.6622516556291391,150,146,1,0,145,134,11113,5,0,0,5,12
2020-10-16,US,Montana,Flathead,2347,23,0,48.29575866,-114.05205690000001,30029.0,2260.9483074196096,0.97997443544951,2324,2286,23,0,2263,2209,102106,61,0,0,61,77
2020-10-16,US,Montana,Gallatin,2123,5,0,45.54486106,-111.1692571,30031.0,1855.2178548333536,0.23551577955723035,2118,2081,5,0,2076,2012,111876,42,0,0,42,69
2020-10-16,US,Montana,Garfield,19,0,0,47.27545948,-107.0002351,30033.0,1510.3338632750394,0.0,19,19,0,0,19,19,1268,0,0,0,0,0
2020-10-16,US,Montana,Glacier,776,2,0,48.70513576,-112.9934235,30035.0,5642.405293390533,0.25773195876288657,774,763,2,0,761,678,13747,13,0,0,13,85
2020-10-16,US,Montana,Golden Valley,6,0,0,46.3816474,-109.17685220000001,30037.0,730.8160779537151,0.0,6,5,0,0,5,5,826,1,0,0,1,0
2020-10-16,US,Montana,Granite,46,0,0,46.40605220000001,-113.4414186,30039.0,1361.3495116898496,0.0,46,45,0,0,45,41,3378,1,0,0,1,4
2020-10-16,US,Montana,Hill,463,10,0,48.62879827,-110.1129252,30041.0,2808.7842756612467,2.159827213822894,453,454,9,0,445,433,16347,9,1,0,8,21
2020-10-16,US,Montana,Jefferson,119,0,0,46.14907081,-112.094396,30043.0,973.7337370100647,0.0,119,117,0,0,117,112,12097,2,0,0,2,5
2020-10-16,US,Montana,Judith Basin,12,0,0,47.04581276,-110.26606880000001,30045.0,597.9073243647233,0.0,12,12,0,0,12,11,1952,0,0,0,0,1
2020-10-16,US,Montana,Lake,400,1,0,47.64514965,-114.0898013,30047.0,1313.2838663077025,0.25,399,376,1,0,375,372,30250,24,0,0,24,4
2020-10-16,US,Montana,Lewis and Clark,553,3,0,47.12610041,-112.39469799999999,30049.0,796.4627261205208,0.5424954792043399,550,528,3,0,525,511,68700,25,0,0,25,17
2020-10-16,US,Montana,Liberty,28,0,0,48.56084317,-111.02430700000001,30051.0,1198.117244330338,0.0,28,28,0,0,28,27,2430,0,0,0,0,1
2020-10-16,US,Montana,Lincoln,234,3,0,48.54265777,-115.4046155,30053.0,1171.1711711711712,1.2820512820512822,231,224,3,0,221,208,19794,10,0,0,10,16
2020-10-16,US,Montana,Madison,127,1,0,45.30080065,-111.9173017,30057.0,1476.7441860465115,0.7874015748031497,126,127,1,0,126,126,8768,0,0,0,0,1
2020-10-16,US,Montana,McCone,39,0,0,47.64469406,-105.79449939999999,30055.0,2343.75,0.0,39,36,0,0,36,36,1675,3,0,0,3,0
2020-10-16,US,Montana,Meagher,48,2,0,46.59907074,-110.8898557,30059.0,2577.873254564984,4.166666666666667,46,47,2,0,45,43,1866,1,0,0,1,4
2020-10-16,US,Montana,Mineral,11,0,0,47.15283992,-115.00152390000001,30061.0,250.1705708437571,0.0,11,11,0,0,11,9,4316,0,0,0,0,2
2020-10-16,US,Montana,Missoula,1512,7,0,47.03728583,-113.92135079999998,30063.0,1264.2140468227424,0.462962962962963,1505,1470,5,0,1465,1447,118791,42,2,0,40,23
2020-10-16,US,Montana,Musselshell,60,1,0,46.49684637,-108.39498,30065.0,1295.0571983595942,1.6666666666666667,59,49,1,0,48,49,4651,11,0,0,11,0
2020-10-16,US,Montana,Park,168,0,0,45.48965095,-110.52643940000002,30067.0,1011.6825243887752,0.0,168,163,0,0,163,161,16736,5,0,0,5,2
2020-10-16,US,Montana,Petroleum,3,0,0,47.118246299999996,-108.2508876,30069.0,616.0164271047228,0.0,3,3,0,0,3,3,513,0,0,0,0,0
2020-10-16,US,Montana,Phillips,139,0,0,48.25936577,-107.9128511,30071.0,3515.4274152756707,0.0,139,139,0,0,139,132,4074,0,0,0,0,7
2020-10-16,US,Montana,Pondera,132,1,0,48.22773388,-112.22527029999999,30073.0,2233.1246827947894,0.7575757575757576,131,122,1,0,121,120,5972,10,0,0,10,2
2020-10-16,US,Montana,Powder River,44,0,0,45.39617714,-105.636738,30075.0,2615.933412604042,0.0,44,39,0,0,39,39,1716,5,0,0,5,0
2020-10-16,US,Montana,Powell,33,0,0,46.85538891,-112.93591640000001,30077.0,478.9550072568941,0.0,33,28,0,0,28,27,6968,5,0,0,5,1
2020-10-16,US,Montana,Prairie,28,0,0,46.86048047,-105.379384,30079.0,2599.8142989786443,0.0,28,28,0,0,28,28,1087,0,0,0,0,0
2020-10-16,US,Montana,Ravalli,297,4,0,46.08520862,-114.11891640000002,30081.0,677.9893165319819,1.3468013468013469,293,278,4,0,274,262,43172,19,0,0,19,16
2020-10-16,US,Montana,Richland,187,2,0,47.78668011,-104.5610786,30083.0,1731.000647968157,1.0695187165775402,185,172,2,0,170,166,10913,15,0,0,15,6
2020-10-16,US,Montana,Roosevelt,725,13,0,48.29607488,-105.00792679999999,30085.0,6588.513267902581,1.7931034482758617,712,705,13,0,692,703,11059,20,0,0,20,2
2020-10-16,US,Montana,Rosebud,716,20,0,46.23397237,-106.72928799999998,30087.0,8011.637014658163,2.793296089385475,696,711,20,0,691,709,9063,5,0,0,5,2
2020-10-16,US,Montana,Sanders,82,1,0,47.67657534,-115.1329916,30089.0,676.9586394782465,1.2195121951219512,81,82,1,0,81,82,11844,0,0,0,0,0
2020-10-16,US,Montana,Sheridan,41,0,0,48.72085833,-104.50382900000001,30091.0,1239.04502870958,0.0,41,40,0,0,40,34,3424,1,0,0,1,6
2020-10-16,US,Montana,Silver Bow,407,0,0,45.90018933,-112.6620092,30093.0,1165.6880996706286,0.0,407,395,0,0,395,390,34993,12,0,0,12,5
2020-10-16,US,Montana,Stillwater,132,3,0,45.67071407,-109.3950061,30095.0,1369.0105787181085,2.272727272727273,129,129,3,0,126,124,9534,3,0,0,3,5
2020-10-16,US,Montana,Sweet Grass,58,2,0,45.81367654,-109.9425686,30097.0,1552.047096601552,3.4482758620689653,56,58,2,0,56,57,3710,0,0,0,0,1
2020-10-16,US,Montana,Teton,65,0,0,47.83741052,-112.24106880000001,30099.0,1057.4263868553767,0.0,65,64,0,0,64,59,6162,1,0,0,1,5
2020-10-16,US,Montana,Toole,293,6,0,48.65577551,-111.69424140000001,30101.0,6186.655405405405,2.04778156996587,287,289,6,0,283,288,4853,4,0,0,4,1
2020-10-16,US,Montana,Treasure,10,0,0,46.20973220000001,-107.26665159999999,30103.0,1436.7816091954026,0.0,10,10,0,0,10,10,679,0,0,0,0,0
2020-10-16,US,Montana,Valley,236,2,0,48.36435097,-106.6669635,30105.0,3190.914007571661,0.8474576271186439,234,213,2,0,211,200,7437,23,0,0,23,13
2020-10-16,US,Montana,Wheatland,58,1,0,46.46652491,-109.84646359999999,30107.0,2728.1279397930384,1.7241379310344829,57,54,1,0,53,53,2236,4,0,0,4,1
2020-10-16,US,Montana,Wibaux,35,0,0,46.95925154,-104.2510927,30109.0,3611.9711042311656,0.0,35,36,0,0,36,34,1034,-1,0,0,-1,2
2020-10-16,US,Montana,Yellowstone,4832,77,0,45.93955949,-108.26914860000001,30111.0,2995.6602603843767,1.593543046357616,4755,4696,77,0,4619,4559,160137,136,0,0,136,137
2020-10-16,US,Nebraska,Adams,698,13,0,40.52449420000001,-98.50117804,31001.0,2225.5524025125146,1.8624641833810889,685,691,12,0,679,681,31511,7,1,0,6,10
2020-10-16,US,Nebraska,Antelope,135,1,0,42.17695516,-98.06662829999999,31003.0,2143.5376309939666,0.7407407407407407,134,134,1,0,133,131,6336,1,0,0,1,3
2020-10-16,US,Nebraska,Arthur,3,0,0,41.56896142,-101.6959559,31005.0,647.9481641468683,0.0,3,3,0,0,3,3,465,0,0,0,0,0
2020-10-16,US,Nebraska,Banner,2,0,0,41.54634427,-103.7114332,31007.0,268.4563758389262,0.0,2,2,0,0,2,2,730,0,0,0,0,0
2020-10-16,US,Nebraska,Blaine,3,0,0,41.91311716,-99.97677845,31009.0,645.1612903225806,0.0,3,3,0,0,3,3,476,0,0,0,0,0
2020-10-16,US,Nebraska,Boone,124,0,0,41.70759415,-98.06737183,31011.0,2388.2896764252696,0.0,124,121,0,0,121,120,5239,3,0,0,3,1
2020-10-16,US,Nebraska,Box Butte,148,1,0,42.22079243,-103.08788340000001,31013.0,1372.5308355745155,0.6756756756756757,147,142,1,0,141,133,10772,6,0,0,6,9
2020-10-16,US,Nebraska,Boyd,49,0,0,42.899727399999996,-98.76486568,31015.0,2553.413236060448,0.0,49,47,0,0,47,47,1955,2,0,0,2,0
2020-10-16,US,Nebraska,Brown,65,0,0,42.43018907,-99.92904055,31017.0,2199.661590524535,0.0,65,63,0,0,63,62,2973,2,0,0,2,1
2020-10-16,US,Nebraska,Buffalo,1535,6,0,40.85486962,-99.07500296,31019.0,3091.081173603979,0.3908794788273616,1529,1474,6,0,1468,1447,49615,61,0,0,61,27
2020-10-16,US,Nebraska,Burt,100,1,0,41.85056773,-96.32605633,31021.0,1548.2272797646694,1.0,99,98,1,0,97,98,6488,2,0,0,2,0
2020-10-16,US,Nebraska,Butler,203,1,0,41.22703692,-97.13106306,31023.0,2532.435129740519,0.4926108374384237,202,187,1,0,186,181,8058,16,0,0,16,6
2020-10-16,US,Nebraska,Cass,443,3,0,40.90899107,-96.13971217,31025.0,1687.7476379152695,0.6772009029345373,440,439,3,0,436,430,26159,4,0,0,4,9
2020-10-16,US,Nebraska,Cedar,128,0,0,42.598885100000004,-97.25311951,31027.0,1523.4467983813379,0.0,128,124,0,0,124,122,8446,4,0,0,4,2
2020-10-16,US,Nebraska,Chase,116,0,0,40.523719799999995,-101.69780259999999,31029.0,2956.1671763506624,0.0,116,110,0,0,110,105,3977,6,0,0,6,5
2020-10-16,US,Nebraska,Cherry,58,4,0,42.54502621,-101.1244332,31031.0,1019.511337669186,6.896551724137932,54,58,4,0,54,58,5761,0,0,0,0,0
2020-10-16,US,Nebraska,Cheyenne,68,1,0,41.21999357,-102.9941693,31033.0,763.1874298540965,1.4705882352941178,67,66,1,0,65,61,9310,2,0,0,2,5
2020-10-16,US,Nebraska,Clay,119,0,0,40.52439441,-98.05126296,31035.0,1918.426567789779,0.0,119,117,0,0,117,115,6214,2,0,0,2,2
2020-10-16,US,Nebraska,Colfax,853,6,0,41.57486951,-97.0868542,31037.0,7965.262863012419,0.7033997655334114,847,842,5,0,837,836,10881,11,1,0,10,6
2020-10-16,US,Nebraska,Cuming,234,2,0,41.91637624,-96.78730772,31039.0,2645.2633958851457,0.8547008547008547,232,226,2,0,224,226,8940,8,0,0,8,0
2020-10-16,US,Nebraska,Custer,168,4,0,41.39374521,-99.72805369,31041.0,1558.8753827595804,2.380952380952381,164,159,4,0,155,153,10840,9,0,0,9,6
2020-10-16,US,Nebraska,Dakota,2433,44,0,42.39040144,-96.56656425,31043.0,12149.206032158194,1.8084669132757911,2389,2425,44,0,2381,2418,20083,8,0,0,8,7
2020-10-16,US,Nebraska,Dawes,189,0,0,42.71985036,-103.1313774,31045.0,2200.488997555012,0.0,189,182,0,0,182,178,8716,7,0,0,7,4
2020-10-16,US,Nebraska,Dawson,1186,14,0,40.87028216,-99.82014609999999,31047.0,5026.488662852299,1.1804384485666104,1172,1171,14,0,1157,1165,23709,15,0,0,15,6
2020-10-16,US,Nebraska,Deuel,7,0,0,41.11168186,-102.33333309999999,31049.0,390.1895206243032,0.0,7,6,0,0,6,4,1825,1,0,0,1,2
2020-10-16,US,Nebraska,Dixon,147,2,0,42.49188363,-96.86782408,31051.0,2608.232789212207,1.3605442176870748,145,144,2,0,142,140,5709,3,0,0,3,4
2020-10-16,US,Nebraska,Dodge,1446,16,0,41.58071748,-96.65598179,31053.0,3954.601394776426,1.1065006915629323,1430,1438,15,0,1423,1428,36791,8,1,0,7,10
2020-10-16,US,Nebraska,Douglas,19574,214,0,41.29518299,-96.15085305,31055.0,3426.058981984047,1.0932870133851027,19360,19190,211,0,18979,18878,566880,384,3,0,381,312
2020-10-16,US,Nebraska,Dundy,16,1,0,40.17638677,-101.6876522,31057.0,945.0679267572356,6.25,15,16,1,0,15,16,1770,0,0,0,0,0
2020-10-16,US,Nebraska,Fillmore,72,1,0,40.52458567,-97.59646937,31059.0,1318.198462101794,1.3888888888888888,71,68,1,0,67,67,5527,4,0,0,4,1
2020-10-16,US,Nebraska,Franklin,70,0,0,40.17636348,-98.95299073,31061.0,2349.7818059751594,0.0,70,66,0,0,66,64,3023,4,0,0,4,2
2020-10-16,US,Nebraska,Frontier,25,0,0,40.52993007,-100.3924658,31063.0,951.6558812333459,0.0,25,24,0,0,24,24,2608,1,0,0,1,0
2020-10-16,US,Nebraska,Furnas,74,2,0,40.17642064,-99.91247454,31065.0,1582.5491873396065,2.702702702702702,72,70,2,0,68,70,4715,4,0,0,4,0
2020-10-16,US,Nebraska,Gage,413,5,0,40.26186809,-96.68946704,31067.0,1919.7694417329053,1.2106537530266344,408,379,5,0,374,362,21493,34,0,0,34,17
2020-10-16,US,Nebraska,Garden,17,0,0,41.61703149,-102.3313973,31069.0,925.421883505716,0.0,17,15,0,0,15,13,1897,2,0,0,2,2
2020-10-16,US,Nebraska,Garfield,19,0,0,41.91428955,-98.99111827,31071.0,964.9568308786186,0.0,19,15,0,0,15,14,1987,4,0,0,4,1
2020-10-16,US,Nebraska,Gosper,54,0,0,40.51481965,-99.83020279,31073.0,2713.56783919598,0.0,54,52,0,0,52,51,1996,2,0,0,2,1
2020-10-16,US,Nebraska,Grant,2,0,0,41.91528587,-101.740701,31075.0,321.0272873194222,0.0,2,2,0,0,2,2,660,0,0,0,0,0
2020-10-16,US,Nebraska,Greeley,42,0,0,41.56742671,-98.52150266,31077.0,1782.6825127334464,0.0,42,42,0,0,42,42,2356,0,0,0,0,0
2020-10-16,US,Nebraska,Hall,2382,48,0,40.87257079,-98.50218293,31079.0,3882.450735905335,2.0151133501259446,2334,2340,48,0,2292,2316,61607,42,0,0,42,24
2020-10-16,US,Nebraska,Hamilton,208,12,0,40.87349452,-98.02099117,31081.0,2230.802230802231,5.769230769230768,196,204,12,0,192,204,9280,4,0,0,4,0
2020-10-16,US,Nebraska,Harlan,45,0,0,40.17658508,-99.40438879,31083.0,1331.3609467455624,0.0,45,44,0,0,44,39,3401,1,0,0,1,5
2020-10-16,US,Nebraska,Hayes,13,0,0,40.52451972,-101.0603568,31085.0,1409.9783080260306,0.0,13,6,0,0,6,6,916,7,0,0,7,0
2020-10-16,US,Nebraska,Hitchcock,28,0,0,40.17609175,-101.04164770000001,31087.0,1013.7581462708182,0.0,28,25,0,0,25,25,2806,3,0,0,3,0
2020-10-16,US,Nebraska,Holt,204,1,0,42.45522056,-98.78402558,31089.0,2026.422966126949,0.4901960784313725,203,192,1,0,191,184,10178,12,0,0,12,8
2020-10-16,US,Nebraska,Hooker,18,1,0,41.91586243,-101.1354293,31091.0,2639.296187683285,5.5555555555555545,17,18,1,0,17,18,682,0,0,0,0,0
2020-10-16,US,Nebraska,Howard,124,5,0,41.2200529,-98.5166499,31093.0,1923.9720713731574,4.032258064516129,119,122,5,0,117,121,6468,2,0,0,2,1
2020-10-16,US,Nebraska,Jefferson,62,0,0,40.17584531,-97.142601,31095.0,879.9318762418393,0.0,62,55,0,0,55,46,7097,7,0,0,7,9
2020-10-16,US,Nebraska,Johnson,89,0,0,40.39257596,-96.26522753,31097.0,1755.0778939065274,0.0,89,88,0,0,88,85,5134,1,0,0,1,3
2020-10-16,US,Nebraska,Kearney,231,0,0,40.50663314,-98.94877182,31099.0,3556.5819861431874,0.0,231,226,0,0,226,224,6544,5,0,0,5,2
2020-10-16,US,Nebraska,Keith,79,0,0,41.19930341,-101.66201640000001,31101.0,983.3208862335077,0.0,79,77,0,0,77,75,8021,2,0,0,2,2
2020-10-16,US,Nebraska,Keya Paha,8,0,0,42.87990694,-99.71343729,31103.0,992.5558312655087,0.0,8,8,0,0,8,8,810,0,0,0,0,0
2020-10-16,US,Nebraska,Kimball,33,0,0,41.19774275,-103.7148131,31105.0,908.590308370044,0.0,33,33,0,0,33,31,3618,0,0,0,0,2
2020-10-16,US,Nebraska,Knox,237,0,0,42.63758421,-97.89178836,31107.0,2844.455112818051,0.0,237,236,0,0,236,234,8419,1,0,0,1,2
2020-10-16,US,Nebraska,Lancaster,7878,30,0,40.78416049,-96.68777155,31109.0,2468.8959227804066,0.3808073115003808,7848,7757,26,0,7731,7665,317272,121,4,0,117,92
2020-10-16,US,Nebraska,Lincoln,637,4,0,41.04658298,-100.74753740000001,31111.0,1824.4830154092913,0.6279434850863422,633,617,4,0,613,598,35185,20,0,0,20,19
2020-10-16,US,Nebraska,Logan,8,0,0,41.56650314,-100.4817851,31113.0,1069.51871657754,0.0,8,8,0,0,8,7,749,0,0,0,0,1
2020-10-16,US,Nebraska,Loup,5,0,0,41.91371961,-99.45440415,31115.0,753.0120481927713,0.0,5,5,0,0,5,5,618,0,0,0,0,0
2020-10-16,US,Nebraska,Madison,1041,8,0,41.91676024,-97.6005481,31119.0,2965.896464286732,0.7684918347742555,1033,1011,8,0,1003,996,35392,30,0,0,30,15
2020-10-16,US,Nebraska,McPherson,7,0,0,41.56797682,-101.05993620000001,31117.0,1417.004048582996,0.0,7,7,0,0,7,7,492,0,0,0,0,0
2020-10-16,US,Nebraska,Merrick,113,1,0,41.16624273,-98.0374887,31121.0,1457.12443584784,0.8849557522123894,112,110,1,0,109,110,7733,3,0,0,3,0
2020-10-16,US,Nebraska,Morrill,92,0,0,41.71711774,-103.0061405,31123.0,1981.904351572598,0.0,92,91,0,0,91,85,4686,1,0,0,1,6
2020-10-16,US,Nebraska,Nance,71,0,0,41.39750195,-97.99327291,31125.0,2017.6186416595624,0.0,71,69,0,0,69,66,3532,2,0,0,2,3
2020-10-16,US,Nebraska,Nemaha,160,0,0,40.38514847,-95.85433992,31127.0,2294.893861158921,0.0,160,152,0,0,152,151,6958,8,0,0,8,1
2020-10-16,US,Nebraska,Nuckolls,61,0,0,40.17637905,-98.04743961,31129.0,1470.588235294117,0.0,61,52,0,0,52,46,4195,9,0,0,9,6
2020-10-16,US,Nebraska,Otoe,247,1,0,40.64843556,-96.13374142,31131.0,1542.5930552085931,0.4048582995951417,246,243,1,0,242,239,15985,4,0,0,4,4
2020-10-16,US,Nebraska,Pawnee,25,0,0,40.13141096,-96.23705437,31133.0,956.7546880979717,0.0,25,24,0,0,24,24,2632,1,0,0,1,0
2020-10-16,US,Nebraska,Perkins,36,10,0,40.85082525,-101.6502942,31135.0,1245.2438602559669,27.777777777777782,26,36,10,0,26,37,2929,0,0,0,0,-1
2020-10-16,US,Nebraska,Phelps,223,0,0,40.51156033,-99.41461667,31137.0,2468.452512729688,0.0,223,209,0,0,209,198,8996,14,0,0,14,11
2020-10-16,US,Nebraska,Pierce,153,8,0,42.26434853,-97.60122773,31139.0,2140.458869613878,5.2287581699346415,145,147,8,0,139,144,7142,6,0,0,6,3
2020-10-16,US,Nebraska,Platte,1362,5,0,41.57246836,-97.52144359,31141.0,4069.315805198685,0.3671071953010279,1357,1337,5,0,1332,1303,33363,25,0,0,25,34
2020-10-16,US,Nebraska,Polk,163,1,0,41.18813488,-97.56630712,31143.0,3126.798388643775,0.6134969325153374,162,150,1,0,149,148,5278,13,0,0,13,2
2020-10-16,US,Nebraska,Red Willow,138,0,0,40.17556879999999,-100.476998,31145.0,1286.8332711674748,0.0,138,133,0,0,133,131,10726,5,0,0,5,2
2020-10-16,US,Nebraska,Richardson,82,2,0,40.1247415,-95.71755036,31147.0,1042.593769866497,2.4390243902439024,80,79,2,0,77,75,7937,3,0,0,3,4
2020-10-16,US,Nebraska,Rock,50,1,0,42.42252217,-99.44832069,31149.0,3684.598378776713,2.0,49,50,1,0,49,49,1360,0,0,0,0,1
2020-10-16,US,Nebraska,Saline,838,2,0,40.52418865,-97.14085859,31151.0,5891.451068616423,0.2386634844868735,836,819,2,0,817,809,14350,19,0,0,19,10
2020-10-16,US,Nebraska,Sarpy,4986,32,0,41.11314181,-96.11156432,31153.0,2663.518451248958,0.6417970316887285,4954,4813,32,0,4781,4680,184459,173,0,0,173,133
2020-10-16,US,Nebraska,Saunders,603,4,0,41.227810299999994,-96.63773905,31155.0,2794.5129298359443,0.6633499170812603,599,586,4,0,582,579,21303,17,0,0,17,7
2020-10-16,US,Nebraska,Scotts Bluff,510,8,0,41.85070896,-103.70809859999999,31157.0,1431.8602953562806,1.568627450980392,502,498,8,0,490,488,35989,12,0,0,12,10
2020-10-16,US,Nebraska,Seward,291,3,0,40.87241834,-97.139673,31159.0,1683.6380467484378,1.0309278350515465,288,284,3,0,281,278,17318,7,0,0,7,6
2020-10-16,US,Nebraska,Sheridan,97,0,0,42.50284406,-102.4126613,31161.0,1849.0278307281733,0.0,97,89,0,0,89,74,5190,8,0,0,8,15
2020-10-16,US,Nebraska,Sherman,34,3,0,41.22045983,-98.97588642,31163.0,1132.95568143952,8.823529411764708,31,33,2,0,31,33,3038,1,1,0,0,0
2020-10-16,US,Nebraska,Sioux,11,0,0,42.48932059,-103.7576544,31165.0,943.3962264150942,0.0,11,11,0,0,11,11,1187,0,0,0,0,0
2020-10-16,US,Nebraska,Stanton,56,0,0,41.9169835,-97.19394708,31167.0,945.945945945946,0.0,56,55,0,0,55,55,5970,1,0,0,1,0
2020-10-16,US,Nebraska,Thayer,45,0,0,40.17626377,-97.59504381,31169.0,899.4603238057166,0.0,45,42,0,0,42,41,5039,3,0,0,3,1
2020-10-16,US,Nebraska,Thomas,8,0,0,41.91358968,-100.5556632,31171.0,1108.03324099723,0.0,8,8,0,0,8,8,720,0,0,0,0,0
2020-10-16,US,Nebraska,Thurston,300,4,0,42.15725356,-96.54157099,31173.0,4152.823920265781,1.3333333333333333,296,298,4,0,294,297,7303,2,0,0,2,1
2020-10-16,US,Nebraska,Unassigned,396,1,0,0.0,0.0,90031.0,0.0,0.2525252525252525,395,398,1,0,397,392,,-2,0,0,-2,6
2020-10-16,US,Nebraska,Valley,62,1,0,41.56730777,-98.98197724,31175.0,1491.101491101491,1.6129032258064515,61,57,1,0,56,56,4190,5,0,0,5,1
2020-10-16,US,Nebraska,Washington,399,7,0,41.52815707,-96.22019892,31177.0,1924.839596700275,1.7543859649122806,392,383,6,0,377,377,20667,16,1,0,15,6
2020-10-16,US,Nebraska,Wayne,279,0,0,42.20934475,-97.11926964,31179.0,2972.828982418753,0.0,279,266,0,0,266,256,9403,13,0,0,13,10
2020-10-16,US,Nebraska,Webster,81,0,0,40.17642643,-98.50019851,31181.0,2322.9136793805565,0.0,81,66,0,0,66,51,3533,15,0,0,15,15
2020-10-16,US,Nebraska,Wheeler,3,0,0,41.91482725,-98.52798941,31183.0,383.1417624521073,0.0,3,3,0,0,3,3,805,0,0,0,0,0
2020-10-16,US,Nebraska,York,364,2,0,40.87272618,-97.59710186,31185.0,2661.0132319614013,0.5494505494505495,362,347,2,0,345,329,13772,17,0,0,17,18
2020-10-16,US,Nevada,Carson City,637,8,0,39.15509045,-119.7480219,32510.0,1139.2088132198296,1.2558869701726845,629,626,8,0,618,618,55414,11,0,0,11,8
2020-10-16,US,Nevada,Churchill,184,4,0,39.58105744,-118.3394607,32001.0,738.6888273314868,2.1739130434782608,180,182,4,0,178,179,24440,2,0,0,2,3
2020-10-16,US,Nevada,Clark,73737,1468,0,36.21458855,-115.0130241,32003.0,3253.0335750193562,1.9908594057257551,72269,73154,1461,0,71693,72742,2231647,583,7,0,576,412
2020-10-16,US,Nevada,Douglas,368,1,0,38.912862,-119.61713329999999,32005.0,752.47929659544,0.2717391304347826,367,364,1,0,363,361,48467,4,0,0,4,3
2020-10-16,US,Nevada,Elko,1161,11,0,41.14531606,-115.3577619,32007.0,2199.7802114517413,0.9474590869939707,1150,1145,11,0,1134,1112,52460,16,0,0,16,33
2020-10-16,US,Nevada,Eureka,10,0,0,39.98100864,-116.26832040000001,32011.0,492.8536224741252,0.0,10,10,0,0,10,10,2003,0,0,0,0,0
2020-10-16,US,Nevada,Humboldt,150,4,0,41.40692186,-118.11094270000001,32013.0,891.2126433367001,2.6666666666666665,146,150,4,0,146,150,16786,0,0,0,0,0
2020-10-16,US,Nevada,Lander,90,2,0,39.933223299999995,-117.03970749999999,32015.0,1626.8980477223429,2.2222222222222223,88,90,2,0,88,89,5575,0,0,0,0,1
2020-10-16,US,Nevada,Lincoln,28,0,0,37.64268459,-114.8790388,32017.0,540.2276673741077,0.0,28,18,0,0,18,18,5201,10,0,0,10,0
2020-10-16,US,Nevada,Lyon,540,10,0,39.01777974,-119.18704790000001,32019.0,938.9671361502346,1.851851851851852,530,533,10,0,523,521,55808,7,0,0,7,12
2020-10-16,US,Nevada,Mineral,14,0,0,38.53841696,-118.4344506,32021.0,310.7658157602664,0.0,14,14,0,0,14,14,4514,0,0,0,0,0
2020-10-16,US,Nevada,Nye,572,16,0,38.04264256,-116.47227020000001,32023.0,1229.4993873997807,2.797202797202797,556,569,16,0,553,566,45346,3,0,0,3,3
2020-10-16,US,Nevada,Pershing,23,0,0,40.44003782,-118.40056409999998,32027.0,342.00743494423784,0.0,23,23,0,0,23,23,6666,0,0,0,0,0
2020-10-16,US,Nevada,Storey,18,0,0,39.44875482,-119.5250207,32029.0,436.575309240844,0.0,18,16,0,0,16,16,4029,2,0,0,2,0
2020-10-16,US,Nevada,Washoe,11060,182,0,40.66562265,-119.6631594,32031.0,2345.6106752856194,1.6455696202531649,10878,10984,180,0,10804,10806,465735,76,2,0,74,178
2020-10-16,US,Nevada,White Pine,93,1,0,39.44157041,-114.89996599999999,32033.0,970.7724425887268,1.075268817204301,92,91,1,0,90,89,9475,2,0,0,2,2
2020-10-16,US,New Hampshire,Belknap,186,5,0,43.51637314,-71.41684235,33001.0,303.4109260558211,2.6881720430107525,181,185,5,0,180,182,61022,1,0,0,1,3
2020-10-16,US,New Hampshire,Carroll,134,2,0,43.87498583,-71.20430216,33003.0,273.97260273972597,1.492537313432836,132,134,2,0,132,133,48779,0,0,0,0,1
2020-10-16,US,New Hampshire,Cheshire,171,3,0,42.92015988,-72.25311043,33005.0,224.74863639350727,1.7543859649122806,168,167,3,0,164,166,76493,4,0,0,4,1
2020-10-16,US,New Hampshire,Coos,29,0,0,44.69063265,-71.30633239,33007.0,91.87973259829548,0.0,29,28,0,0,28,23,31589,1,0,0,1,5
2020-10-16,US,New Hampshire,Grafton,176,1,0,43.93779815,-71.82057197,33009.0,195.80357341521488,0.5681818181818182,175,174,1,0,173,172,89786,2,0,0,2,2
2020-10-16,US,New Hampshire,Hillsborough,5040,310,0,42.91537785,-71.7200253,33011.0,1208.5606378514478,6.150793650793651,4730,4999,308,0,4691,4971,415247,41,2,0,39,28
2020-10-16,US,New Hampshire,Merrimack,733,24,0,43.29662971,-71.6811573,33013.0,484.17673441618064,3.2742155525238745,709,718,24,0,694,707,151132,15,0,0,15,11
2020-10-16,US,New Hampshire,Rockingham,2332,105,0,42.98499744,-71.12883377,33015.0,752.8190361204639,4.502572898799313,2227,2313,105,0,2208,2289,309176,19,0,0,19,24
2020-10-16,US,New Hampshire,Strafford,640,14,0,43.291833000000004,-71.02336013,33017.0,489.9221483086203,2.1875,626,634,14,0,620,633,130090,6,0,0,6,1
2020-10-16,US,New Hampshire,Sullivan,67,1,0,43.36094111,-72.22203125,33019.0,155.2867009688036,1.492537313432836,66,66,1,0,65,65,43144,1,0,0,1,1
2020-10-16,US,New Hampshire,Unassigned,6,0,0,0.0,0.0,90033.0,0.0,0.0,6,8,0,0,8,8,,-2,0,0,-2,0
2020-10-16,US,New Jersey,Atlantic,4595,264,0,39.47538693,-74.65848483,34001.0,1742.7086888914173,5.7453754080522295,4331,4566,263,0,4303,4532,265429,29,1,0,28,34
2020-10-16,US,New Jersey,Bergen,23569,2050,0,40.96010917,-74.07164325,34003.0,2528.3146785782487,8.697865840722983,21519,23495,2050,0,21445,23391,936692,74,0,0,74,104
2020-10-16,US,New Jersey,Burlington,7730,505,0,39.87681124,-74.66927768,34005.0,1735.7173811999128,6.532988357050452,7225,7703,504,0,7199,7662,445384,27,1,0,26,41
2020-10-16,US,New Jersey,Camden,10695,617,0,39.80343818,-74.96388753,34007.0,2111.6707570621024,5.769050958391772,10078,10646,616,0,10030,10590,507078,49,1,0,48,56
2020-10-16,US,New Jersey,Cape May,1067,99,0,39.15008829,-74.80170244,34009.0,1159.29117004748,9.278350515463918,968,1064,98,0,966,1058,92560,3,1,0,2,6
2020-10-16,US,New Jersey,Cumberland,3889,161,0,39.37199394,-75.10712559,34011.0,2600.868070649448,4.13988171766521,3728,3885,161,0,3724,3882,150972,4,0,0,4,3
2020-10-16,US,New Jersey,Essex,22227,2134,0,40.78681335,-74.24657979,34013.0,2781.939359804749,9.600935798803258,20093,22129,2134,0,19995,22018,799767,98,0,0,98,111
2020-10-16,US,New Jersey,Gloucester,5091,234,0,39.71581067,-75.13995546,34015.0,1745.6692589392255,4.596346493812611,4857,5072,234,0,4838,5043,291408,19,0,0,19,29
2020-10-16,US,New Jersey,Hudson,21529,1520,0,40.73766234,-74.07515667,34017.0,3201.857252699694,7.060244321612709,20009,21425,1520,0,19905,21347,676061,104,0,0,104,78
2020-10-16,US,New Jersey,Hunterdon,1471,126,0,40.56335249,-74.91284156,34019.0,1182.7516060818034,8.565601631543167,1345,1469,126,0,1343,1466,124714,2,0,0,2,3
2020-10-16,US,New Jersey,Mercer,8911,637,0,40.28047017,-74.70479631,34021.0,2425.2238521623167,7.148468185388845,8274,8894,637,0,8257,8866,369811,17,0,0,17,28
2020-10-16,US,New Jersey,Middlesex,20727,1437,0,40.43629879,-74.41426991,34023.0,2512.1748426178883,6.932985960341584,19290,20646,1436,0,19210,20552,829685,81,1,0,80,94
2020-10-16,US,New Jersey,Monmouth,13180,868,0,40.26549699,-74.22240686,34025.0,2129.9461049297424,6.5857359635811825,12312,13099,868,0,12231,13020,621354,81,0,0,81,79
2020-10-16,US,New Jersey,Morris,8307,832,0,40.86095313,-74.54553709999998,34027.0,1688.9467210198334,10.015649452269171,7475,8280,832,0,7448,8230,494228,27,0,0,27,50
2020-10-16,US,New Jersey,Ocean,15752,1054,0,39.8895449,-74.28089251,34029.0,2594.2627135671773,6.691213814118843,14698,15684,1054,0,14630,15578,601651,68,0,0,68,106
2020-10-16,US,New Jersey,Passaic,19859,1258,0,41.03238628,-74.29954144,34031.0,3957.347765958719,6.334659348406263,18601,19812,1258,0,18554,19768,503310,47,0,0,47,44
2020-10-16,US,New Jersey,Salem,1130,88,0,39.58719656,-75.34696629999998,34033.0,1811.3328524485053,7.787610619469026,1042,1127,88,0,1039,1125,62607,3,0,0,3,2
2020-10-16,US,New Jersey,Somerset,6092,588,0,40.56465737,-74.61683016,34035.0,1852.0432670383725,9.652002626395273,5504,6089,588,0,5501,6060,331164,3,0,0,3,29
2020-10-16,US,New Jersey,Sussex,1596,197,0,41.13891592,-74.69118243,34037.0,1136.04008883321,12.343358395989974,1399,1589,197,0,1392,1584,140799,7,0,0,7,5
2020-10-16,US,New Jersey,Unassigned,380,0,0,0.0,0.0,90034.0,0.0,0.0,380,385,0,0,385,383,,-5,0,0,-5,2
2020-10-16,US,New Jersey,Union,18505,1362,0,40.65835409,-74.30680092,34039.0,3326.197422084657,7.360172926236153,17143,18440,1362,0,17078,18375,558067,65,0,0,65,65
2020-10-16,US,New Jersey,Warren,1502,171,0,40.85951833,-74.99556527,34041.0,1426.8479200509182,11.384820239680426,1331,1495,171,0,1324,1493,105779,7,0,0,7,2
2020-10-16,US,New Mexico,Bernalillo,8605,185,0,35.05163625,-106.6703554,35001.0,1267.079062494018,2.149912841371296,8420,8428,184,0,8244,8126,678701,177,1,0,176,302
2020-10-16,US,New Mexico,Catron,9,1,0,33.91514144,-108.4046587,35003.0,255.17436915225403,11.111111111111109,8,9,1,0,8,9,3578,0,0,0,0,0
2020-10-16,US,New Mexico,Chaves,1687,17,0,33.36406072,-104.4665365,35005.0,2610.8488741004408,1.0077059869590992,1670,1664,16,0,1648,1627,64689,23,1,0,22,37
2020-10-16,US,New Mexico,Cibola,487,21,0,34.91131525,-107.998876,35006.0,1825.6794751640111,4.312114989733058,466,479,21,0,458,474,26746,8,0,0,8,5
2020-10-16,US,New Mexico,Colfax,41,1,0,36.60569702,-104.64726740000002,35007.0,343.3548279038607,2.4390243902439024,40,41,1,0,40,41,12110,0,0,0,0,0
2020-10-16,US,New Mexico,Curry,1231,8,0,34.57421077,-103.34688759999999,35009.0,2514.605548065531,0.6498781478472786,1223,1155,8,0,1147,1136,49437,76,0,0,76,19
2020-10-16,US,New Mexico,De Baca,1,0,0,34.34274529,-104.4117842,35011.0,57.20823798627003,0.0,1,1,0,0,1,3,1781,0,0,0,0,-2
2020-10-16,US,New Mexico,Dona Ana,4500,63,0,32.35275771,-106.83293870000001,35013.0,2062.375398153028,1.4,4437,4355,63,0,4292,4267,217522,145,0,0,145,88
2020-10-16,US,New Mexico,Eddy,1125,17,0,32.47167456,-104.3053527,35015.0,1924.3927471775573,1.5111111111111108,1108,1089,16,0,1073,1064,57900,36,1,0,35,25
2020-10-16,US,New Mexico,Grant,159,2,0,32.73911281,-108.3827845,35017.0,588.9325135195201,1.2578616352201255,157,156,2,0,154,151,27346,3,0,0,3,5
2020-10-16,US,New Mexico,Guadalupe,37,1,0,34.86319296,-104.790669,35019.0,860.4651162790698,2.702702702702702,36,37,1,0,36,37,4341,0,0,0,0,0
2020-10-16,US,New Mexico,Harding,1,0,0,35.85751555,-103.82209379999999,35021.0,160.0,0.0,1,1,0,0,1,1,655,0,0,0,0,0
2020-10-16,US,New Mexico,Hidalgo,111,2,0,31.91383467,-108.7151824,35023.0,2644.1162458313484,1.8018018018018016,109,111,2,0,109,108,4240,0,0,0,0,3
2020-10-16,US,New Mexico,Lea,1767,28,0,32.79215361,-103.4123733,35025.0,2486.281131279021,1.584606677985286,1739,1713,28,0,1685,1684,69611,54,0,0,54,29
2020-10-16,US,New Mexico,Lincoln,283,4,0,33.74526079,-105.4586166,35027.0,1445.9431841406092,1.413427561837456,279,267,4,0,263,263,19556,16,0,0,16,4
2020-10-16,US,New Mexico,Los Alamos,37,0,0,35.86631386,-106.31349850000001,35028.0,191.02689865248595,0.0,37,37,0,0,37,37,19101,0,0,0,0,0
2020-10-16,US,New Mexico,Luna,558,10,0,32.18179341,-107.75088259999998,35029.0,2353.5366316588643,1.7921146953405018,548,528,10,0,518,514,23963,30,0,0,30,14
2020-10-16,US,New Mexico,McKinley,4454,260,0,35.58007720000001,-108.262245,35031.0,6240.979724522538,5.8374494836102375,4194,4449,260,0,4189,4435,72290,5,0,0,5,14
2020-10-16,US,New Mexico,Mora,13,0,0,36.01095101,-104.9497716,35033.0,287.54700287547,0.0,13,12,0,0,12,10,4506,1,0,0,1,2
2020-10-16,US,New Mexico,Otero,342,13,0,32.61348406,-105.7417604,35035.0,506.7417395169655,3.801169590643275,329,319,13,0,306,320,66781,23,0,0,23,-1
2020-10-16,US,New Mexico,Quay,86,2,0,35.10403332,-103.54817270000001,35037.0,1042.0453168544768,2.3255813953488373,84,86,2,0,84,80,8253,0,0,0,0,6
2020-10-16,US,New Mexico,Rio Arriba,432,14,0,36.51072137,-106.69316740000001,35039.0,1109.9406490069628,3.2407407407407414,418,428,14,0,414,427,39006,4,0,0,4,1
2020-10-16,US,New Mexico,Roosevelt,373,6,0,34.02097406,-103.4799493,35041.0,2016.2162162162165,1.6085790884718498,367,365,5,0,360,359,18743,8,1,0,7,6
2020-10-16,US,New Mexico,San Juan,3565,203,0,36.50838318,-108.32043700000001,35045.0,2875.974120266542,5.694249649368863,3362,3536,202,0,3334,3508,125043,29,1,0,28,28
2020-10-16,US,New Mexico,San Miguel,132,0,0,35.48014807,-104.8163562,35047.0,483.92418521098364,0.0,132,128,0,0,128,125,27591,4,0,0,4,3
2020-10-16,US,New Mexico,Sandoval,1664,43,0,35.68862401,-106.86878030000001,35043.0,1133.916646223458,2.5841346153846154,1621,1622,43,0,1579,1594,145179,42,0,0,42,28
2020-10-16,US,New Mexico,Santa Fe,1312,8,0,35.50708973,-105.9774716,35049.0,872.5840992830445,0.6097560975609756,1304,1274,8,0,1266,1257,150056,38,0,0,38,17
2020-10-16,US,New Mexico,Sierra,73,1,0,33.13028233,-107.1925893,35051.0,676.4896673153554,1.3698630136986298,72,67,1,0,66,67,10968,6,0,0,6,0
2020-10-16,US,New Mexico,Socorro,155,7,0,34.00715494,-106.9298354,35053.0,931.658351866322,4.516129032258065,148,148,6,0,142,148,16735,7,1,0,6,0
2020-10-16,US,New Mexico,Taos,165,4,0,36.58006022,-105.63101979999999,35055.0,504.2324970204443,2.4242424242424243,161,164,4,0,160,162,32835,1,0,0,1,2
2020-10-16,US,New Mexico,Torrance,91,1,0,34.64048375,-105.8508949,35057.0,588.5777116616001,1.0989010989010992,90,91,1,0,90,91,15591,0,0,0,0,0
2020-10-16,US,New Mexico,Unassigned,1511,0,0,0.0,0.0,90035.0,0.0,0.0,1511,1459,0,0,1459,1447,,52,0,0,52,12
2020-10-16,US,New Mexico,Union,38,2,0,36.48126404,-103.4709624,35059.0,936.1911800936192,5.2631578947368425,36,37,2,0,35,37,4118,1,0,0,1,0
2020-10-16,US,New Mexico,Valencia,725,4,0,34.71669834,-106.8103733,35061.0,945.389109117463,0.5517241379310345,721,702,4,0,698,681,76456,23,0,0,23,21
2020-10-16,US,New York,Albany,3383,136,0,42.60060306,-73.97723916,36001.0,1107.3432273015917,4.0201005025125625,3247,3369,136,0,3233,3343,307117,14,0,0,14,26
2020-10-16,US,New York,Allegany,188,1,0,42.25748406,-78.02750466,36003.0,407.8887418368012,0.5319148936170213,187,176,1,0,175,161,46430,12,0,0,12,15
2020-10-16,US,New York,Bronx,54198,4973,0,40.85209301,-73.86282755,36005.0,3821.5859885052037,9.175615336359275,49225,54077,4973,0,49104,54006,1432132,121,0,0,121,71
2020-10-16,US,New York,Broome,2784,83,0,42.15903158,-75.81326086,36007.0,1461.509386418042,2.98132183908046,2701,2703,83,0,2620,2607,191659,81,0,0,81,96
2020-10-16,US,New York,Cattaraugus,393,6,0,42.24778241,-78.67923096,36009.0,516.3104168582577,1.5267175572519085,387,383,6,0,377,367,76840,10,0,0,10,16
2020-10-16,US,New York,Cayuga,275,2,0,42.91261714,-76.55731592,36011.0,359.1203510238195,0.7272727272727273,273,269,2,0,267,259,77145,6,0,0,6,10
2020-10-16,US,New York,Chautauqua,771,13,0,42.22769210000001,-79.36691763,36013.0,607.5506489208292,1.6861219195849546,758,758,13,0,745,748,127939,13,0,0,13,10
2020-10-16,US,New York,Chemung,1156,3,0,42.13891056,-76.7638805,36015.0,1385.1610429447849,0.25951557093425603,1153,1104,3,0,1101,1061,84254,52,0,0,52,43
2020-10-16,US,New York,Chenango,294,7,0,42.49430041,-75.60887553,36017.0,622.7889931577944,2.380952380952381,287,291,7,0,284,290,47536,3,0,0,3,1
2020-10-16,US,New York,Clinton,190,5,0,44.74530905,-73.67875352,36019.0,236.0688327017457,2.631578947368421,185,187,5,0,182,183,80695,3,0,0,3,4
2020-10-16,US,New York,Columbia,635,38,0,42.24819348,-73.63089095,36021.0,1067.9268764400194,5.984251968503938,597,634,38,0,596,629,59916,1,0,0,1,5
2020-10-16,US,New York,Cortland,387,0,0,42.59509207,-76.07048931,36023.0,813.3498665433682,0.0,387,371,0,0,371,346,47823,16,0,0,16,25
2020-10-16,US,New York,Delaware,157,7,0,42.19837623,-74.96709306,36025.0,355.7267474793248,4.4585987261146505,150,156,7,0,149,154,44527,1,0,0,1,2
2020-10-16,US,New York,Dutchess,5305,163,0,41.76486060000001,-73.74356679,36027.0,1803.084787470515,3.0725730442978323,5142,5289,163,0,5126,5281,293718,16,0,0,16,8
2020-10-16,US,New York,Erie,12324,708,0,42.76249024,-78.73063652,36029.0,1341.4578394299785,5.744888023369036,11616,12269,708,0,11561,12216,919719,55,0,0,55,53
2020-10-16,US,New York,Essex,184,0,0,44.11630765,-73.77297842,36031.0,498.84777009624514,0.0,184,182,0,0,182,181,37300,2,0,0,2,1
2020-10-16,US,New York,Franklin,75,0,0,44.59040891,-74.29926032,36033.0,149.934029027228,0.0,75,75,0,0,75,72,50293,0,0,0,0,3
2020-10-16,US,New York,Fulton,357,24,0,43.11363907,-74.41798804,36035.0,668.7522244909428,6.722689075630252,333,357,24,0,333,354,53591,0,0,0,0,3
2020-10-16,US,New York,Genesee,371,5,0,43.0022601,-78.19135193,36037.0,647.6955307262571,1.3477088948787062,366,370,5,0,365,363,57511,1,0,0,1,7
2020-10-16,US,New York,Greene,464,18,0,42.275797,-74.12384884,36039.0,983.3008391964058,3.8793103448275854,446,454,18,0,436,446,47491,10,0,0,10,8
2020-10-16,US,New York,Hamilton,16,0,0,43.66146647,-74.49721957,36041.0,362.3188405797102,0.0,16,16,0,0,16,16,4434,0,0,0,0,0
2020-10-16,US,New York,Herkimer,367,10,0,43.42034246,-74.96145307,36043.0,598.5094342699653,2.7247956403269757,357,367,10,0,357,363,61833,0,0,0,0,4
2020-10-16,US,New York,Jefferson,186,0,0,44.04200959,-75.94653457,36045.0,169.3464683067174,0.0,186,186,0,0,186,186,111755,0,0,0,0,0
2020-10-16,US,New York,Kings,72598,7365,0,40.636182500000004,-73.94935552,36047.0,2835.966831555727,10.144907573211382,65233,72369,7361,0,65008,72159,2582830,229,4,0,225,210
2020-10-16,US,New York,Lewis,55,0,0,43.784415700000004,-75.44903992,36049.0,209.15728627928203,0.0,55,55,0,0,55,55,26447,0,0,0,0,0
2020-10-16,US,New York,Livingston,234,8,0,42.72596275,-77.77966158,36051.0,371.9362939886194,3.418803418803418,226,232,8,0,224,227,63227,2,0,0,2,5
2020-10-16,US,New York,Madison,528,17,0,42.91653905,-75.67266639,36053.0,744.2804584091008,3.2196969696969697,511,521,17,0,504,517,70795,7,0,0,7,4
2020-10-16,US,New York,Monroe,6628,300,0,43.14638895,-77.69322942,36055.0,893.5384283538024,4.526252263126132,6328,6572,300,0,6272,6516,742474,56,0,0,56,56
2020-10-16,US,New York,Montgomery,252,4,0,42.90123494,-74.44011632,36057.0,511.9765953556409,1.5873015873015872,248,250,4,0,246,249,49455,2,0,0,2,1
2020-10-16,US,New York,Nassau,48377,2204,0,40.74066522,-73.58941873,36059.0,3565.19598739502,4.555883994460177,46173,48272,2204,0,46068,48184,1358343,105,0,0,105,88
2020-10-16,US,New York,New York,34735,3188,0,40.76727260000001,-73.97152637,36061.0,2132.6746509191958,9.178062473009932,31547,34637,3189,0,31448,34569,,98,-1,0,99,68
2020-10-16,US,New York,Niagara,1938,101,0,43.19898042,-78.74777412,36063.0,926.0276852652654,5.21155830753354,1837,1928,101,0,1827,1911,210433,10,0,0,10,17
2020-10-16,US,New York,Oneida,2574,128,0,43.24375382,-75.43710392,36065.0,1125.6346454075942,4.972804972804973,2446,2567,128,0,2439,2558,229577,7,0,0,7,9
2020-10-16,US,New York,Onondaga,4946,207,0,43.00491923,-76.19971155,36067.0,1073.984643713303,4.185200161746867,4739,4908,207,0,4701,4880,461809,38,0,0,38,28
2020-10-16,US,New York,Ontario,549,35,0,42.85145728,-77.30874425,36069.0,500.1047578272316,6.375227686703098,514,537,35,0,502,532,109864,12,0,0,12,5
2020-10-16,US,New York,Orange,13098,502,0,41.40337468,-74.30240757,36071.0,3402.6081986803138,3.8326462055275616,12596,13033,502,0,12531,12983,381951,65,0,0,65,50
2020-10-16,US,New York,Orleans,359,54,0,43.2516977,-78.2320066,36073.0,889.6708961141951,15.041782729805016,305,356,54,0,302,355,40612,3,0,0,3,1
2020-10-16,US,New York,Oswego,579,4,0,43.42778894,-76.14635194,36075.0,494.34787063283363,0.690846286701209,575,568,4,0,564,566,117898,11,0,0,11,2
2020-10-16,US,New York,Otsego,362,5,0,42.63492579,-75.03151402,36077.0,608.4749466323768,1.3812154696132597,357,362,5,0,357,362,59749,0,0,0,0,0
2020-10-16,US,New York,Putnam,1716,63,0,41.42630093,-73.74965532,36079.0,1745.3213995117983,3.6713286713286712,1653,1710,63,0,1647,1705,98892,6,0,0,6,5
2020-10-16,US,New York,Queens,74798,7282,0,40.71088124,-73.81684712,36081.0,3318.665151043233,9.735554426588946,67516,74632,7282,0,67350,74510,2278906,166,0,0,166,122
2020-10-16,US,New York,Rensselaer,1020,42,0,42.71348136,-73.51089874,36083.0,642.665423340096,4.117647058823529,978,1007,42,0,965,1002,159442,13,0,0,13,5
2020-10-16,US,New York,Richmond,16605,1089,0,40.58582155,-74.14808598,36085.0,3487.397693550047,6.558265582655825,15516,16559,1089,0,15470,16522,476179,46,0,0,46,37
2020-10-16,US,New York,Rockland,17063,680,0,41.15027894,-74.02560498,36087.0,5237.438955888627,3.9852312020160574,16383,16972,680,0,16292,16891,325695,91,0,0,91,81
2020-10-16,US,New York,Saratoga,1190,17,0,43.10904162,-73.86653895,36091.0,517.6996732836517,1.4285714285714286,1173,1182,17,0,1165,1174,230163,8,0,0,8,8
2020-10-16,US,New York,Schenectady,1485,50,0,42.81668777,-74.05278291,36093.0,956.2199370247072,3.3670033670033668,1435,1477,50,0,1427,1464,155350,8,0,0,8,13
2020-10-16,US,New York,Schoharie,100,0,0,42.58831742,-74.44339029999998,36095.0,322.5910513242363,0.0,100,97,0,0,97,95,31097,3,0,0,3,2
2020-10-16,US,New York,Schuyler,85,0,0,42.39184015,-76.8773299,36097.0,477.34037176391314,0.0,85,82,0,0,82,79,17912,3,0,0,3,3
2020-10-16,US,New York,Seneca,125,3,0,42.78081007,-76.82497064,36099.0,367.4741298212606,2.4,122,124,3,0,121,122,34300,1,0,0,1,2
2020-10-16,US,New York,St. Lawrence,353,4,0,44.4976179,-75.06550039,36089.0,327.64061629849635,1.13314447592068,349,351,4,0,347,349,108047,2,0,0,2,2
2020-10-16,US,New York,Steuben,817,57,0,42.2689144,-77.3829924,36101.0,856.582685916187,6.9767441860465125,760,764,57,0,707,747,95796,53,0,0,53,17
2020-10-16,US,New York,Suffolk,47815,2016,0,40.88320119,-72.8012172,36103.0,3238.1801177162956,4.21625013071212,45799,47711,2016,0,45695,47630,1481093,104,0,0,104,81
2020-10-16,US,New York,Sullivan,1668,48,0,41.71579493,-74.76394559,36105.0,2211.263124403436,2.8776978417266186,1620,1663,48,0,1615,1659,75498,5,0,0,5,4
2020-10-16,US,New York,Tioga,413,25,0,42.16852837,-76.30835812,36107.0,856.7931456548348,6.053268765133172,388,390,25,0,365,371,48560,23,0,0,23,19
2020-10-16,US,New York,Tompkins,523,0,0,42.44945765,-76.47229843,36109.0,511.8418477197103,0.0,523,515,0,0,515,507,102793,8,0,0,8,8
2020-10-16,US,New York,Ulster,2395,95,0,41.89027881,-74.26252104,36111.0,1348.7410811328298,3.9665970772442583,2300,2392,95,0,2297,2386,178599,3,0,0,3,6
2020-10-16,US,New York,Unassigned,0,18,0,0.0,0.0,90036.0,0.0,0.0,-18,0,21,0,-21,0,,0,-3,0,3,0
2020-10-16,US,New York,Warren,437,33,0,43.56173026,-73.8433699,36113.0,683.410484173652,7.551487414187642,404,434,33,0,401,432,64265,3,0,0,3,2
2020-10-16,US,New York,Washington,325,14,0,43.31153794,-73.43043448,36115.0,531.0110450297366,4.307692307692308,311,324,14,0,310,322,61197,1,0,0,1,2
2020-10-16,US,New York,Wayne,373,5,0,43.15494365,-77.02976528,36117.0,414.8223937365155,1.3404825737265416,368,370,5,0,365,367,90064,3,0,0,3,3
2020-10-16,US,New York,Westchester,39288,1460,0,41.16278376,-73.75741653,36119.0,4060.750010852646,3.716147424149868,37828,39200,1460,0,37740,39118,967612,88,0,0,88,82
2020-10-16,US,New York,Wyoming,160,5,0,42.70145109,-78.22199579,36121.0,401.4149878321082,3.125,155,156,5,0,151,156,40085,4,0,0,4,0
2020-10-16,US,New York,Yates,81,7,0,42.63505484,-77.10369919,36123.0,325.13145747200264,8.641975308641975,74,78,7,0,71,77,24841,3,0,0,3,1
2020-10-16,US,North Carolina,Alamance,4675,59,0,36.0434701,-79.39976137,37001.0,2757.9656537410992,1.2620320855614973,4616,4580,59,0,4521,4555,166436,95,0,0,95,25
2020-10-16,US,North Carolina,Alexander,653,9,0,35.922379600000006,-81.17751948,37003.0,1741.472651145425,1.3782542113323124,644,636,9,0,627,623,37353,17,0,0,17,13
2020-10-16,US,North Carolina,Alleghany,262,1,0,36.49360862,-81.12857041,37005.0,2352.518631588399,0.3816793893129771,261,261,1,0,260,258,11161,1,0,0,1,3
2020-10-16,US,North Carolina,Anson,687,8,0,34.97403241,-80.09953279,37007.0,2810.275709727562,1.1644832605531297,679,680,8,0,672,678,24877,7,0,0,7,2
2020-10-16,US,North Carolina,Ashe,358,1,0,36.43296207,-81.49862729,37009.0,1316.0313200749918,0.2793296089385475,357,347,1,0,346,336,27109,11,0,0,11,11
2020-10-16,US,North Carolina,Avery,490,0,0,36.07569796,-81.92308483,37011.0,2790.909608703081,0.0,490,481,0,0,481,475,17505,9,0,0,9,6
2020-10-16,US,North Carolina,Beaufort,1189,35,0,35.48531943,-76.84325809,37013.0,2530.1102268374684,2.9436501261564336,1154,1172,35,0,1137,1149,47079,17,0,0,17,23
2020-10-16,US,North Carolina,Bertie,674,13,0,36.0688473,-76.96545943,37015.0,3557.2913917770625,1.9287833827893173,661,666,13,0,653,663,19026,8,0,0,8,3
2020-10-16,US,North Carolina,Bladen,1014,19,0,34.61296243,-78.56180059,37017.0,3098.832589695007,1.8737672583826432,995,1004,19,0,985,993,33190,10,0,0,10,11
2020-10-16,US,North Carolina,Brunswick,1986,31,0,34.070565,-78.22814204,37019.0,1390.5615460019606,1.5609264853977844,1955,1942,31,0,1911,1915,136744,44,0,0,44,27
2020-10-16,US,North Carolina,Buncombe,3717,93,0,35.61113393,-82.53305,37021.0,1423.0965079194918,2.5020177562550443,3624,3674,93,0,3581,3643,259103,43,0,0,43,31
2020-10-16,US,North Carolina,Burke,2453,46,0,35.74989637,-81.70755735,37023.0,2710.946565729126,1.8752547900529963,2407,2428,45,0,2383,2407,90382,25,1,0,24,21
2020-10-16,US,North Carolina,Cabarrus,4531,82,0,35.3877799,-80.55267168,37025.0,2093.2950802252685,1.8097550209666742,4449,4500,82,0,4418,4451,211342,31,0,0,31,49
2020-10-16,US,North Carolina,Caldwell,2111,19,0,35.95204977,-81.54799522,37027.0,2568.8140378203407,0.9000473709142587,2092,2077,19,0,2058,2032,82029,34,0,0,34,45
2020-10-16,US,North Carolina,Camden,131,3,0,36.33804939,-76.15568396,37029.0,1205.4844943406645,2.2900763358778624,128,130,3,0,127,129,10710,1,0,0,1,1
2020-10-16,US,North Carolina,Carteret,964,5,0,34.8932941,-76.54120135,37031.0,1387.5894232291685,0.5186721991701245,959,945,5,0,940,932,69524,19,0,0,19,13
2020-10-16,US,North Carolina,Caswell,549,5,0,36.39312665,-79.33353281,37033.0,2428.773668377278,0.9107468123861566,544,535,5,0,530,528,22698,14,0,0,14,7
2020-10-16,US,North Carolina,Catawba,3855,57,0,35.66211129,-81.2132617,37035.0,2416.155335911401,1.4785992217898831,3798,3760,57,0,3703,3731,158652,95,0,0,95,29
2020-10-16,US,North Carolina,Chatham,1845,60,0,35.70394416,-79.25541492,37037.0,2477.5077212300257,3.2520325203252027,1785,1838,60,0,1778,1825,73139,7,0,0,7,13
2020-10-16,US,North Carolina,Cherokee,723,12,0,35.1349263,-84.05970864,37039.0,2526.911785264924,1.6597510373443984,711,718,12,0,706,711,28383,5,0,0,5,7
2020-10-16,US,North Carolina,Chowan,482,10,0,36.12908077,-76.60118385,37041.0,3456.931793731621,2.074688796680498,472,477,5,0,472,472,14029,5,5,0,0,5
2020-10-16,US,North Carolina,Clay,167,3,0,35.05704275,-83.74353633,37043.0,1486.9557474846408,1.7964071856287425,164,162,3,0,159,157,11139,5,0,0,5,5
2020-10-16,US,North Carolina,Cleveland,2783,75,0,35.33553364,-81.55204486,37045.0,2841.3325574034943,2.6949335249730506,2708,2753,75,0,2678,2726,97645,30,0,0,30,27
2020-10-16,US,North Carolina,Columbus,1557,59,0,34.26744084,-78.65801424,37047.0,2805.001080925272,3.789338471419396,1498,1552,59,0,1493,1535,55655,5,0,0,5,17
2020-10-16,US,North Carolina,Craven,2076,50,0,35.11833364,-77.08398081,37049.0,2032.52430511362,2.4084778420038537,2026,2038,50,0,1988,2015,102912,38,0,0,38,23
2020-10-16,US,North Carolina,Cumberland,6416,91,0,35.04762133,-78.82623165,37051.0,1912.3182984659127,1.4183291770573565,6325,6335,89,0,6246,6262,332330,81,2,0,79,73
2020-10-16,US,North Carolina,Currituck,214,4,0,36.36123664,-75.95876401,37053.0,770.8100709577495,1.8691588785046729,210,213,4,0,209,209,27072,1,0,0,1,4
2020-10-16,US,North Carolina,Dare,319,3,0,35.66520691,-75.71767334,37055.0,861.9524980410173,0.9404388714733544,316,314,3,0,311,312,36501,5,0,0,5,2
2020-10-16,US,North Carolina,Davidson,3374,42,0,35.79115496,-80.21256572,37057.0,2013.018394000322,1.2448132780082988,3332,3336,42,0,3294,3296,166614,38,0,0,38,40
2020-10-16,US,North Carolina,Davie,688,6,0,35.93099927,-80.54496571,37059.0,1605.750828548756,0.8720930232558141,682,675,6,0,669,663,42733,13,0,0,13,12
2020-10-16,US,North Carolina,Duplin,2644,54,0,34.93449805,-77.93140529,37061.0,4501.115064435403,2.0423600605143717,2590,2628,54,0,2574,2617,58856,16,0,0,16,11
2020-10-16,US,North Carolina,Durham,8484,97,0,36.03638492,-78.87608331,37063.0,2638.9787488179963,1.143328618576143,8387,8441,97,0,8344,8360,316739,43,0,0,43,81
2020-10-16,US,North Carolina,Edgecombe,1732,52,0,35.91230639,-77.59436892,37065.0,3364.9362760335716,3.0023094688221708,1680,1705,52,0,1653,1661,52005,27,0,0,27,44
2020-10-16,US,North Carolina,Forsyth,7968,110,0,36.12859861,-80.25459052,37067.0,2084.2543062294826,1.3805220883534135,7858,7887,110,0,7777,7813,379099,81,0,0,81,74
2020-10-16,US,North Carolina,Franklin,1362,31,0,36.081519,-78.28708884,37069.0,1954.509578818971,2.2760646108663734,1331,1358,31,0,1327,1350,67560,4,0,0,4,8
2020-10-16,US,North Carolina,Gaston,6472,102,0,35.29373559,-81.17477045,37071.0,2882.478432630084,1.5760197775030902,6370,6334,100,0,6234,6255,222846,138,2,0,136,79
2020-10-16,US,North Carolina,Gates,160,3,0,36.44667547,-76.69749701,37073.0,1383.8436256702994,1.875,157,158,3,0,155,158,11573,2,0,0,2,0
2020-10-16,US,North Carolina,Graham,227,7,0,35.3506925,-83.83369267,37075.0,2689.2548276270586,3.0837004405286343,220,223,7,0,216,221,8484,4,0,0,4,2
2020-10-16,US,North Carolina,Granville,1878,50,0,36.30337451,-78.65184241,37077.0,3107.0595437023308,2.6624068157614484,1828,1868,50,0,1818,1855,60115,10,0,0,10,13
2020-10-16,US,North Carolina,Greene,820,15,0,35.48544173,-77.67578087,37079.0,3891.973990222602,1.8292682926829267,805,801,7,0,794,782,21012,19,8,0,11,19
2020-10-16,US,North Carolina,Guilford,10286,192,0,36.07959451,-79.78824948,37081.0,1914.835788776076,1.866614816255104,10094,10184,191,0,9993,10088,533670,102,1,0,101,96
2020-10-16,US,North Carolina,Halifax,1220,25,0,36.25669272,-77.6556109,37083.0,2439.512097580484,2.0491803278688523,1195,1210,24,0,1186,1185,50574,10,1,0,9,25
2020-10-16,US,North Carolina,Harnett,2652,64,0,35.36731853,-78.87243571,37085.0,1950.3441783844207,2.4132730015082955,2588,2630,64,0,2566,2599,134214,22,0,0,22,31
2020-10-16,US,North Carolina,Haywood,676,36,0,35.55269063,-82.98196486,37087.0,1084.776224786174,5.325443786982248,640,668,36,0,632,663,61971,8,0,0,8,5
2020-10-16,US,North Carolina,Henderson,2307,64,0,35.33788927,-82.4766782,37089.0,1964.7921510513806,2.774165583008236,2243,2282,64,0,2218,2250,116748,25,0,0,25,32
2020-10-16,US,North Carolina,Hertford,837,34,0,36.3607755,-76.98104134,37091.0,3535.0762343202264,4.062126642771804,803,836,34,0,802,833,23659,1,0,0,1,3
2020-10-16,US,North Carolina,Hoke,1423,22,0,35.01888303,-79.23651674,37093.0,2576.3116920737225,1.5460295151089247,1401,1410,21,0,1389,1385,54764,13,1,0,12,25
2020-10-16,US,North Carolina,Hyde,174,5,0,35.42017674,-76.15180542,37095.0,3524.407534940248,2.8735632183908044,169,158,5,0,153,149,5230,16,0,0,16,9
2020-10-16,US,North Carolina,Iredell,3492,34,0,35.80950511,-80.8743128,37097.0,1920.7286888221508,0.9736540664375716,3458,3466,34,0,3432,3418,178435,26,0,0,26,48
2020-10-16,US,North Carolina,Jackson,818,7,0,35.28814273,-83.14093385,37099.0,1861.714233692931,0.8557457212713936,811,788,7,0,781,777,43327,30,0,0,30,11
2020-10-16,US,North Carolina,Johnston,5081,59,0,35.51745004,-78.36622717,37101.0,2427.16359588992,1.1611887423735483,5022,5036,59,0,4977,5010,202675,45,0,0,45,26
2020-10-16,US,North Carolina,Jones,173,14,0,35.02254606,-77.35870791,37103.0,1836.7130268606008,8.092485549132949,159,171,14,0,157,170,9637,2,0,0,2,1
2020-10-16,US,North Carolina,Lee,1913,16,0,35.47623147,-79.17569362,37105.0,3096.5214716975024,0.8363826450601151,1897,1888,16,0,1872,1866,61452,25,0,0,25,22
2020-10-16,US,North Carolina,Lenoir,1236,35,0,35.24032589999999,-77.64245615,37107.0,2209.15476594756,2.831715210355987,1201,1209,34,0,1175,1171,55976,27,1,0,26,38
2020-10-16,US,North Carolina,Lincoln,2098,16,0,35.48508185,-81.21740317,37109.0,2436.390240503536,0.7626310772163966,2082,2069,16,0,2053,2043,83770,29,0,0,29,26
2020-10-16,US,North Carolina,Macon,698,7,0,35.14867843,-83.41696617,37113.0,1946.5670143343186,1.002865329512894,691,688,7,0,681,684,35285,10,0,0,10,4
2020-10-16,US,North Carolina,Madison,135,1,0,35.85402722,-82.71346418,37115.0,620.5470006894967,0.7407407407407407,134,134,1,0,133,131,21763,1,0,0,1,3
2020-10-16,US,North Carolina,Martin,586,16,0,35.84326734,-77.10860251,37117.0,2611.408199643494,2.7303754266211606,570,578,15,0,563,568,22671,8,1,0,7,10
2020-10-16,US,North Carolina,McDowell,1195,32,0,35.67736232,-82.0482425,37111.0,2611.6793425998776,2.6778242677824267,1163,1177,31,0,1146,1168,45507,18,1,0,17,9
2020-10-16,US,North Carolina,Mecklenburg,31279,374,0,35.24469268,-80.8317671,37119.0,2817.024449816095,1.1956903993094408,30905,31074,373,0,30701,30818,1093901,205,1,0,204,256
2020-10-16,US,North Carolina,Mitchell,182,4,0,36.01059309,-82.1582442,37121.0,1216.2523389468056,2.1978021978021984,178,178,4,0,174,177,15000,4,0,0,4,1
2020-10-16,US,North Carolina,Montgomery,1119,38,0,35.33155144,-79.90416657,37123.0,4118.0583667611245,3.3958891867739047,1081,1108,38,0,1070,1101,27271,11,0,0,11,7
2020-10-16,US,North Carolina,Moore,2081,36,0,35.30885257,-79.48474178,37125.0,2062.8469468675653,1.7299375300336377,2045,2068,36,0,2032,2045,98682,13,0,0,13,23
2020-10-16,US,North Carolina,Nash,3037,60,0,35.96575634,-77.98422508,37127.0,3220.640946785722,1.9756338491932828,2977,2959,56,0,2903,2918,94016,78,4,0,74,41
2020-10-16,US,North Carolina,New Hanover,4821,36,0,34.25758282,-77.87075626,37129.0,2056.1002759379544,0.7467330429371499,4785,4782,35,0,4747,4751,232274,39,1,0,38,31
2020-10-16,US,North Carolina,Northampton,514,18,0,36.41736238,-77.39769443,37131.0,2638.197402864035,3.5019455252918283,496,513,17,0,496,513,19676,1,1,0,0,0
2020-10-16,US,North Carolina,Onslow,2880,26,0,34.72607366,-77.42908179,37133.0,1455.0010609382737,0.9027777777777778,2854,2832,26,0,2806,2751,197683,48,0,0,48,81
2020-10-16,US,North Carolina,Orange,2907,57,0,36.06092947,-79.12167935,37135.0,1957.8921845954894,1.96078431372549,2850,2886,57,0,2829,2874,146027,21,0,0,21,12
2020-10-16,US,North Carolina,Pamlico,298,2,0,35.15253315,-76.66559823,37137.0,2341.662737702341,0.6711409395973155,296,295,2,0,293,294,12670,3,0,0,3,1
2020-10-16,US,North Carolina,Pasquotank,806,33,0,36.26723798,-76.25134778,37139.0,2023.9051828043396,4.094292803970223,773,801,33,0,768,797,39639,5,0,0,5,4
2020-10-16,US,North Carolina,Pender,1166,8,0,34.52265624,-77.90352133,37141.0,1849.0326673009836,0.6861063464837049,1158,1155,8,0,1147,1144,62162,11,0,0,11,11
2020-10-16,US,North Carolina,Perquimans,221,3,0,36.17847453,-76.40603143,37143.0,1641.5360617990048,1.3574660633484164,218,218,3,0,215,213,13422,3,0,0,3,5
2020-10-16,US,North Carolina,Person,541,9,0,36.38989032,-78.97217358,37145.0,1369.967080273487,1.6635859519408502,532,534,9,0,525,525,39507,7,0,0,7,9
2020-10-16,US,North Carolina,Pitt,5703,35,0,35.59535426,-77.37353178,37147.0,3155.3263768244237,0.6137120813606873,5668,5655,35,0,5620,5593,179914,48,0,0,48,62
2020-10-16,US,North Carolina,Polk,370,11,0,35.27820615,-82.16812354,37149.0,1785.3696197645245,2.972972972972973,359,367,11,0,356,356,20611,3,0,0,3,11
2020-10-16,US,North Carolina,Randolph,3400,57,0,35.71015088,-79.80570339,37151.0,2366.5838362323984,1.6764705882352942,3343,3354,57,0,3297,3291,143351,46,0,0,46,63
2020-10-16,US,North Carolina,Richmond,1271,24,0,35.00417719,-79.74491009,37153.0,2835.218273885209,1.8882769472856016,1247,1232,23,0,1209,1201,44887,39,1,0,38,31
2020-10-16,US,North Carolina,Robeson,5537,86,0,34.64244496,-79.10250529999998,37155.0,4238.85167464115,1.5531876467401118,5451,5475,85,0,5390,5415,131831,62,1,0,61,60
2020-10-16,US,North Carolina,Rockingham,1670,17,0,36.39593137,-79.77504841,37157.0,1834.9631908581475,1.0179640718562877,1653,1628,17,0,1611,1605,90690,42,0,0,42,23
2020-10-16,US,North Carolina,Rowan,3854,110,0,35.64003916,-80.52446628,37159.0,2712.403580879455,2.8541774779449924,3744,3828,109,0,3719,3787,141262,26,1,0,25,41
2020-10-16,US,North Carolina,Rutherford,1535,45,0,35.40114178,-81.92112099,37161.0,2290.053558907339,2.931596091205212,1490,1505,45,0,1460,1487,66826,30,0,0,30,18
2020-10-16,US,North Carolina,Sampson,2503,28,0,34.98820368,-78.36914061,37163.0,3939.8089121846033,1.1186576108669597,2475,2493,28,0,2465,2472,63626,10,0,0,10,21
2020-10-16,US,North Carolina,Scotland,1498,21,0,34.8386299,-79.4757978,37165.0,4301.754587485283,1.4018691588785046,1477,1489,19,0,1470,1464,34810,9,2,0,7,25
2020-10-16,US,North Carolina,Stanly,2328,57,0,35.31647813,-80.25093221,37167.0,3706.6522306785987,2.4484536082474233,2271,2312,57,0,2255,2298,62075,16,0,0,16,14
2020-10-16,US,North Carolina,Stokes,604,5,0,36.4017975,-80.23893369,37169.0,1324.8228817091092,0.8278145695364238,599,595,5,0,590,578,45467,9,0,0,9,17
2020-10-16,US,North Carolina,Surry,1577,26,0,36.41689489,-80.69102283,37171.0,2196.898987225388,1.648700063411541,1551,1542,26,0,1516,1530,71948,35,0,0,35,12
2020-10-16,US,North Carolina,Swain,207,3,0,35.48665845,-83.48748932,37173.0,1450.494008829094,1.4492753623188406,204,203,3,0,200,196,14245,4,0,0,4,7
2020-10-16,US,North Carolina,Transylvania,383,9,0,35.20383864,-82.79638423,37175.0,1113.8577868256507,2.3498694516971277,374,369,9,0,360,366,34215,14,0,0,14,3
2020-10-16,US,North Carolina,Tyrrell,119,3,0,35.87147226,-76.17055253,37177.0,2963.1474103585656,2.5210084033613445,116,118,3,0,115,118,4131,1,0,0,1,0
2020-10-16,US,North Carolina,Union,5526,61,0,34.98960527,-80.52955873,37179.0,2303.8535139394394,1.1038726022439378,5465,5487,61,0,5426,5441,235908,39,0,0,39,46
2020-10-16,US,North Carolina,Vance,1135,46,0,36.36880673,-78.40670845,37181.0,2548.557314471764,4.0528634361233475,1089,1128,46,0,1082,1119,44582,7,0,0,7,9
2020-10-16,US,North Carolina,Wake,19583,261,0,35.78879266,-78.65249174,37183.0,1761.439733899642,1.3327886432109484,19322,19454,261,0,19193,19334,1092305,129,0,0,129,120
2020-10-16,US,North Carolina,Warren,385,7,0,36.39728256,-78.10652228,37185.0,1951.2442349602152,1.818181818181818,378,383,7,0,376,381,19807,2,0,0,2,2
2020-10-16,US,North Carolina,Washington,236,8,0,35.83810081,-76.57299037,37187.0,2037.9965457685666,3.3898305084745757,228,232,8,0,224,229,11859,4,0,0,4,3
2020-10-16,US,North Carolina,Watauga,1284,2,0,36.23103603,-81.70033724,37189.0,2285.6329102657674,0.1557632398753894,1282,1266,2,0,1264,1232,55945,18,0,0,18,34
2020-10-16,US,North Carolina,Wayne,4056,76,0,35.36438125,-78.00027268,37191.0,3294.052675605656,1.8737672583826432,3980,3996,76,0,3920,3938,123248,60,0,0,60,58
2020-10-16,US,North Carolina,Wilkes,1533,36,0,36.2084135,-81.16232895,37193.0,2240.834941238379,2.348336594911937,1497,1511,36,0,1475,1488,68557,22,0,0,22,23
2020-10-16,US,North Carolina,Wilson,2640,62,0,35.70625477,-77.917978,37195.0,3227.344408992555,2.3484848484848486,2578,2585,62,0,2523,2554,81455,55,0,0,55,31
2020-10-16,US,North Carolina,Yadkin,890,9,0,36.16222629,-80.66239436,37197.0,2362.810948575677,1.0112359550561798,881,875,9,0,866,864,37543,15,0,0,15,11
2020-10-16,US,North Carolina,Yancey,254,0,0,35.90079156,-82.31237181,37199.0,1405.7225081631525,0.0,254,240,0,0,240,238,17903,14,0,0,14,2
2020-10-16,US,North Dakota,Adams,49,0,0,46.09686891,-102.5285397,38001.0,2211.191335740072,0.0,49,49,0,0,49,44,2294,0,0,0,0,5
2020-10-16,US,North Dakota,Barnes,280,1,0,46.93579637,-98.06605978,38003.0,2688.430148823812,0.35714285714285715,279,276,1,0,275,276,10542,4,0,0,4,0
2020-10-16,US,North Dakota,Benson,439,8,0,48.0683985,-99.35916363,38005.0,6425.644028103045,1.8223234624145783,431,424,8,0,416,418,6962,15,0,0,15,6
2020-10-16,US,North Dakota,Billings,31,0,0,47.02366884,-103.3762965,38007.0,3340.5172413793102,0.0,31,30,0,0,30,27,919,1,0,0,1,3
2020-10-16,US,North Dakota,Bottineau,171,16,0,48.79106111,-100.8378166,38009.0,2722.063037249284,9.35672514619883,155,168,14,0,154,160,6411,3,2,0,1,8
2020-10-16,US,North Dakota,Bowman,94,2,0,46.11285362,-103.5203343,38011.0,3108.4656084656085,2.127659574468085,92,92,2,0,90,81,3076,2,0,0,2,11
2020-10-16,US,North Dakota,Burke,45,1,0,48.79094471,-102.51821170000001,38013.0,2127.659574468085,2.2222222222222223,44,45,1,0,44,44,2100,0,0,0,0,1
2020-10-16,US,North Dakota,Burleigh,5211,68,0,46.97847375,-100.46452140000001,38015.0,5449.35477798925,1.3049318748800611,5143,5105,64,0,5041,4970,95273,106,4,0,102,135
2020-10-16,US,North Dakota,Cass,7231,79,0,46.93201724,-97.24447190000001,38017.0,3974.758551694948,1.0925183238832803,7152,7011,78,0,6933,6917,181516,220,1,0,219,94
2020-10-16,US,North Dakota,Cavalier,59,1,0,48.77286211,-98.46685243,38019.0,1568.3147262094628,1.6949152542372878,58,59,1,0,58,58,3829,0,0,0,0,1
2020-10-16,US,North Dakota,Dickey,193,0,0,46.11017712,-98.50490079999999,38021.0,3961.412151067325,0.0,193,193,0,0,193,175,4903,0,0,0,0,18
2020-10-16,US,North Dakota,Divide,37,1,0,48.814938700000006,-103.48736109999999,38023.0,1634.275618374558,2.702702702702702,36,34,1,0,33,32,2283,3,0,0,3,2
2020-10-16,US,North Dakota,Dunn,188,4,0,47.35423935,-102.61604679999999,38025.0,4249.547920433996,2.127659574468085,184,185,4,0,181,175,4332,3,0,0,3,10
2020-10-16,US,North Dakota,Eddy,145,3,0,47.71701474,-98.90432337,38027.0,6340.1836466987315,2.0689655172413794,142,142,3,0,139,136,2313,3,0,0,3,6
2020-10-16,US,North Dakota,Emmons,259,7,0,46.28398398,-100.2389766,38029.0,7991.36069114471,2.702702702702702,252,260,7,0,253,257,3295,-1,0,0,-1,3
2020-10-16,US,North Dakota,Foster,124,1,0,47.457108399999996,-98.88279923,38031.0,3862.9283489096574,0.8064516129032258,123,121,1,0,120,111,3216,3,0,0,3,10
2020-10-16,US,North Dakota,Golden Valley,100,0,0,46.94022281,-103.8465421,38033.0,5678.591709256105,0.0,100,100,0,0,100,91,1769,0,0,0,0,9
2020-10-16,US,North Dakota,Grand Forks,2930,15,0,47.92093639,-97.45450447,38035.0,4218.801745115261,0.5119453924914675,2915,2817,14,0,2803,2777,70770,113,1,0,112,40
2020-10-16,US,North Dakota,Grant,55,1,0,46.35821257,-101.63900129999999,38037.0,2418.645558487247,1.818181818181818,54,54,1,0,53,53,2374,1,0,0,1,1
2020-10-16,US,North Dakota,Griggs,67,1,0,47.45785838,-98.23850925,38039.0,3003.137606454505,1.492537313432836,66,66,1,0,65,66,2232,1,0,0,1,0
2020-10-16,US,North Dakota,Hettinger,91,1,0,46.43375068,-102.4632417,38041.0,3641.456582633053,1.0989010989010992,90,89,1,0,88,84,2514,2,0,0,2,5
2020-10-16,US,North Dakota,Kidder,72,1,0,46.97830064,-99.77507857,38043.0,2903.225806451613,1.3888888888888888,71,71,1,0,70,68,2450,1,0,0,1,3
2020-10-16,US,North Dakota,LaMoure,156,3,0,46.45681054,-98.53542355,38045.0,3855.6599110232332,1.9230769230769231,153,154,3,0,151,137,4062,2,0,0,2,17
2020-10-16,US,North Dakota,Logan,103,0,0,46.45729487,-99.47719806,38047.0,5567.567567567568,0.0,103,102,0,0,102,101,1903,1,0,0,1,1
2020-10-16,US,North Dakota,McHenry,134,11,0,48.23104458,-100.6324822,38049.0,2332.463011314186,8.208955223880597,123,126,9,0,117,123,5816,8,2,0,6,3
2020-10-16,US,North Dakota,McIntosh,138,4,0,46.11182017,-99.44145858,38051.0,5526.631958350021,2.898550724637681,134,138,4,0,134,129,2585,0,0,0,0,9
2020-10-16,US,North Dakota,McKenzie,400,3,0,47.74133370000001,-103.395905,38053.0,2662.4068157614483,0.75,397,388,3,0,385,379,13632,12,0,0,12,9
2020-10-16,US,North Dakota,McLean,411,6,0,47.60766714,-101.3182418,38055.0,4349.206349206349,1.45985401459854,405,398,5,0,393,383,9541,13,1,0,12,15
2020-10-16,US,North Dakota,Mercer,337,3,0,47.31213126,-101.8318399,38057.0,4116.2819103456695,0.8902077151335311,334,321,3,0,318,290,8267,16,0,0,16,31
2020-10-16,US,North Dakota,Morton,1824,46,0,46.71681782,-101.2822377,38059.0,5815.584746843514,2.521929824561404,1778,1796,45,0,1751,1728,31095,28,1,0,27,68
2020-10-16,US,North Dakota,Mountrail,390,6,0,48.20197971,-102.3555315,38061.0,3698.435277382646,1.5384615384615383,384,377,6,0,371,374,10218,13,0,0,13,3
2020-10-16,US,North Dakota,Nelson,138,3,0,47.9226426,-98.19038437,38063.0,4793.331017714484,2.1739130434782608,135,136,3,0,133,134,2869,2,0,0,2,2
2020-10-16,US,North Dakota,Oliver,60,0,0,47.11530482,-101.3406158,38065.0,3062.7871362940277,0.0,60,56,0,0,56,52,1952,4,0,0,4,4
2020-10-16,US,North Dakota,Pembina,157,0,0,48.76623521,-97.5523809,38067.0,2308.4840464637555,0.0,157,151,0,0,151,146,6947,6,0,0,6,5
2020-10-16,US,North Dakota,Pierce,45,0,0,48.24977025,-99.96407787,38069.0,1132.0754716981132,0.0,45,44,0,0,44,42,4081,1,0,0,1,2
2020-10-16,US,North Dakota,Ramsey,383,3,0,48.26886249,-98.72223879,38071.0,3324.9414011632953,0.783289817232376,380,361,3,0,358,358,11481,22,0,0,22,3
2020-10-16,US,North Dakota,Ransom,119,0,0,46.45621782,-97.65742504,38073.0,2280.5672671521656,0.0,119,114,0,0,114,104,5237,5,0,0,5,10
2020-10-16,US,North Dakota,Renville,94,2,0,48.71982533,-101.6603912,38075.0,4039.5358831113012,2.127659574468085,92,94,2,0,92,93,2374,0,0,0,0,1
2020-10-16,US,North Dakota,Richland,319,2,0,46.26440649,-96.94852979,38077.0,1971.935463930272,0.6269592476489029,317,307,2,0,305,295,16239,12,0,0,12,12
2020-10-16,US,North Dakota,Rolette,270,7,0,48.77245354,-99.84097493,38079.0,1904.6275395033856,2.592592592592593,263,264,7,0,257,261,14301,6,0,0,6,3
2020-10-16,US,North Dakota,Sargent,105,2,0,46.10830372,-97.63217159,38081.0,2693.689071318625,1.9047619047619049,103,103,2,0,101,103,3870,2,0,0,2,0
2020-10-16,US,North Dakota,Sheridan,28,1,0,47.57700669,-100.3426391,38083.0,2129.277566539924,3.571428571428572,27,25,1,0,24,20,1349,3,0,0,3,5
2020-10-16,US,North Dakota,Sioux,216,3,0,46.11323337,-101.04401490000001,38085.0,5106.3829787234035,1.3888888888888888,213,211,3,0,208,204,4358,5,0,0,5,7
2020-10-16,US,North Dakota,Slope,12,0,0,46.44737738,-103.4601547,38087.0,1600.0,0.0,12,11,0,0,11,11,763,1,0,0,1,0
2020-10-16,US,North Dakota,Stark,2131,28,0,46.80851182,-102.65763259999999,38089.0,6767.4425990028285,1.313937118723604,2103,2105,25,0,2080,2089,30997,26,3,0,23,16
2020-10-16,US,North Dakota,Steele,31,0,0,47.45611548,-97.72728747,38091.0,1640.2116402116405,0.0,31,31,0,0,31,31,1903,0,0,0,0,0
2020-10-16,US,North Dakota,Stutsman,668,4,0,46.97962541,-98.95637318,38093.0,3226.4296754250386,0.5988023952095808,664,647,4,0,643,632,20917,21,0,0,21,15
2020-10-16,US,North Dakota,Towner,67,1,0,48.68565745,-99.24564265,38095.0,3060.7583371402466,1.492537313432836,66,64,0,0,64,55,2192,3,1,0,2,9
2020-10-16,US,North Dakota,Traill,187,2,0,47.45367788,-97.16323288,38097.0,2327.0283723245398,1.0695187165775402,185,175,2,0,173,173,8037,12,0,0,12,2
2020-10-16,US,North Dakota,Walsh,306,2,0,48.36876964,-97.72574783,38099.0,2875.6695799266986,0.6535947712418301,304,297,2,0,295,293,10667,9,0,0,9,4
2020-10-16,US,North Dakota,Ward,1801,24,0,48.22390169,-101.54367629999999,38101.0,2662.586301207847,1.3325930038867295,1777,1687,23,0,1664,1633,67744,114,1,0,113,54
2020-10-16,US,North Dakota,Wells,66,0,0,47.58614526,-99.65904998,38103.0,1721.4397496087638,0.0,66,63,0,0,63,63,3957,3,0,0,3,0
2020-10-16,US,North Dakota,Williams,1550,11,0,48.34522353,-103.4793387,38105.0,4123.546782303333,0.7096774193548387,1539,1516,10,0,1506,1491,35350,34,1,0,33,25
2020-10-16,US,Ohio,Adams,187,6,0,38.84541072,-83.4718964,39001.0,675.1389992057187,3.2085561497326203,181,183,6,0,177,180,27724,4,0,0,4,3
2020-10-16,US,Ohio,Allen,1891,73,0,40.77285242,-84.10802343,39003.0,1847.563775634825,3.860391327340032,1818,1871,73,0,1798,1819,102663,20,0,0,20,52
2020-10-16,US,Ohio,Ashland,361,5,0,40.84772277,-82.27280781,39005.0,674.9682147932092,1.3850415512465375,356,357,5,0,352,351,53745,4,0,0,4,6
2020-10-16,US,Ohio,Ashtabula,698,48,0,41.70860332,-80.74830218,39007.0,717.804218385249,6.876790830945557,650,693,48,0,645,692,97493,5,0,0,5,1
2020-10-16,US,Ohio,Athens,1121,2,0,39.33425634,-82.04278644,39009.0,1715.9826717896124,0.1784121320249777,1119,1102,2,0,1100,1073,65818,19,0,0,19,29
2020-10-16,US,Ohio,Auglaize,882,16,0,40.55998859,-84.22421429999999,39011.0,1931.8380935693008,1.8140589569161,866,856,16,0,840,823,45804,26,0,0,26,33
2020-10-16,US,Ohio,Belmont,760,27,0,40.01625942,-80.9924051,39013.0,1134.2267856609856,3.5526315789473686,733,756,27,0,729,749,67505,4,0,0,4,7
2020-10-16,US,Ohio,Brown,342,3,0,38.93416837,-83.86788395,39015.0,787.4378338552217,0.8771929824561403,339,337,3,0,334,334,43602,5,0,0,5,3
2020-10-16,US,Ohio,Butler,7654,119,0,39.44012838,-84.57388716,39017.0,1997.7344741004447,1.5547426182388293,7535,7549,118,0,7431,7423,382378,105,1,0,104,126
2020-10-16,US,Ohio,Carroll,179,7,0,40.578968599999996,-81.09178213,39019.0,665.0813702905551,3.910614525139665,172,179,7,0,172,177,27081,0,0,0,0,2
2020-10-16,US,Ohio,Champaign,373,3,0,40.13923427,-83.76875242,39021.0,959.2387810209593,0.8042895442359249,370,366,3,0,363,361,38754,7,0,0,7,5
2020-10-16,US,Ohio,Clark,2279,53,0,39.91592258,-83.78498252,39023.0,1699.6934734455524,2.3255813953488373,2226,2246,52,0,2194,2197,134585,33,1,0,32,49
2020-10-16,US,Ohio,Clermont,2198,36,0,39.04847534,-84.15375786,39025.0,1064.7780339876374,1.637852593266606,2162,2163,36,0,2127,2130,205466,35,0,0,35,33
2020-10-16,US,Ohio,Clinton,398,13,0,39.41485808,-83.80852286,39027.0,948.3415935951199,3.266331658291457,385,387,13,0,374,377,42057,11,0,0,11,10
2020-10-16,US,Ohio,Columbiana,2062,87,0,40.76932373,-80.78094576,39029.0,2023.890148503676,4.219204655674103,1975,2053,86,0,1967,2042,102665,9,1,0,8,11
2020-10-16,US,Ohio,Coshocton,282,12,0,40.30096166,-81.91729018,39031.0,770.4918032786885,4.25531914893617,270,281,11,0,270,276,36629,1,1,0,0,5
2020-10-16,US,Ohio,Crawford,376,8,0,40.85065156,-82.91989099,39033.0,906.1551067624234,2.127659574468085,368,365,7,0,358,353,41550,11,1,0,10,12
2020-10-16,US,Ohio,Cuyahoga,18951,671,0,41.424119,-81.65918339,39035.0,1534.4044719660073,3.5407102527571106,18280,18834,671,0,18163,18711,1243857,117,0,0,117,123
2020-10-16,US,Ohio,Darke,1063,50,0,40.13412966,-84.6194517,39037.0,2079.7057500048913,4.703668861712137,1013,1048,50,0,998,1035,51323,15,0,0,15,13
2020-10-16,US,Ohio,Defiance,425,13,0,41.32398837,-84.49076944,39039.0,1115.8663060886918,3.0588235294117645,412,422,13,0,409,418,38165,3,0,0,3,4
2020-10-16,US,Ohio,Delaware,2723,26,0,40.27942393,-83.00457058,39041.0,1301.7683588539846,0.954829232464194,2697,2697,26,0,2671,2662,204826,26,0,0,26,35
2020-10-16,US,Ohio,Erie,1092,53,0,41.36796058,-82.62904521,39043.0,1470.3902189427195,4.853479853479853,1039,1088,52,0,1036,1075,74615,4,1,0,3,13
2020-10-16,US,Ohio,Fairfield,2476,56,0,39.75107189,-82.63088163,39045.0,1571.3252186274383,2.261712439418417,2420,2452,56,0,2396,2437,155782,24,0,0,24,15
2020-10-16,US,Ohio,Fayette,407,8,0,39.56021306,-83.4562016,39047.0,1426.8185801928132,1.9656019656019657,399,397,8,0,389,386,28666,10,0,0,10,11
2020-10-16,US,Ohio,Franklin,30157,635,0,39.96995815,-83.01115755,39049.0,2290.24967419932,2.105647113439666,29522,29901,635,0,29266,29698,1310300,256,0,0,256,203
2020-10-16,US,Ohio,Fulton,451,4,0,41.60213491,-84.12571393,39051.0,1070.5977306176708,0.8869179600886918,447,445,4,0,441,432,42276,6,0,0,6,13
2020-10-16,US,Ohio,Gallia,269,13,0,38.82708533,-82.31647569,39053.0,899.7257341628202,4.83271375464684,256,266,13,0,253,252,29979,3,0,0,3,14
2020-10-16,US,Ohio,Geauga,804,50,0,41.49952319,-81.17935342,39055.0,858.524917511132,6.218905472636816,754,790,50,0,740,781,94031,14,0,0,14,9
2020-10-16,US,Ohio,Greene,2037,40,0,39.69116283,-83.89032084,39057.0,1205.7749338510805,1.9636720667648504,1997,1976,39,0,1937,1951,167995,61,1,0,60,25
2020-10-16,US,Ohio,Guernsey,243,8,0,40.05026529,-81.49248905,39059.0,625.0803858520901,3.2921810699588483,235,238,8,0,230,228,39022,5,0,0,5,10
2020-10-16,US,Ohio,Hamilton,15544,338,0,39.19673558,-84.54502924,39061.0,1901.4695286572155,2.1744724652599072,15206,15329,337,0,14992,15140,816684,215,1,0,214,189
2020-10-16,US,Ohio,Hancock,951,19,0,41.00250487,-83.66838948,39063.0,1254.8988559439454,1.9978969505783384,932,919,18,0,901,909,75930,32,1,0,31,10
2020-10-16,US,Ohio,Hardin,305,13,0,40.66015414,-83.65929931,39065.0,972.4214889207716,4.262295081967213,292,303,13,0,290,296,31480,2,0,0,2,7
2020-10-16,US,Ohio,Harrison,73,3,0,40.29380509,-81.09068544,39067.0,485.37234042553183,4.109589041095891,70,72,3,0,69,72,15174,1,0,0,1,0
2020-10-16,US,Ohio,Henry,426,17,0,41.333964200000004,-84.06830637,39069.0,1577.4272383914686,3.9906103286384975,409,419,17,0,402,417,27086,7,0,0,7,2
2020-10-16,US,Ohio,Highland,356,4,0,39.1839264,-83.60331456,39071.0,824.8187020689975,1.1235955056179776,352,351,4,0,347,339,43058,5,0,0,5,12
2020-10-16,US,Ohio,Hocking,188,9,0,39.49537927,-82.47991446,39073.0,665.157090291537,4.787234042553191,179,187,9,0,178,187,28385,1,0,0,1,0
2020-10-16,US,Ohio,Holmes,517,10,0,40.56163713,-81.92635677,39075.0,1176.0691537761602,1.9342359767891684,507,506,10,0,496,491,43892,11,0,0,11,15
2020-10-16,US,Ohio,Huron,682,9,0,41.14651175,-82.59867951,39077.0,1170.493941578279,1.3196480938416422,673,680,9,0,671,674,58504,2,0,0,2,6
2020-10-16,US,Ohio,Jackson,388,7,0,39.01914254,-82.61818559999998,39079.0,1197.0505661308737,1.8041237113402064,381,377,7,0,370,365,32384,11,0,0,11,12
2020-10-16,US,Ohio,Jefferson,432,4,0,40.38614126,-80.76259514,39081.0,661.3088404133181,0.925925925925926,428,428,4,0,424,412,65767,4,0,0,4,16
2020-10-16,US,Ohio,Knox,336,15,0,40.39830217,-82.42027563,39083.0,539.1354577837682,4.464285714285714,321,332,15,0,317,327,61893,4,0,0,4,5
2020-10-16,US,Ohio,Lake,1811,57,0,41.69710807,-81.23676539,39085.0,786.8815419576014,3.1474323578133627,1754,1798,57,0,1741,1777,230514,13,0,0,13,21
2020-10-16,US,Ohio,Lawrence,859,24,0,38.59743452,-82.53466552,39087.0,1444.5957990683282,2.7939464493597206,835,846,24,0,822,831,59866,13,0,0,13,15
2020-10-16,US,Ohio,Licking,2333,65,0,40.09136236,-82.48185785,39089.0,1319.1075527812645,2.786112301757394,2268,2279,65,0,2214,2248,175769,54,0,0,54,31
2020-10-16,US,Ohio,Logan,376,3,0,40.38996525,-83.76784341,39091.0,823.2615169031354,0.7978723404255319,373,369,3,0,366,365,45358,7,0,0,7,4
2020-10-16,US,Ohio,Lorain,2569,89,0,41.29553751,-82.15083537,39093.0,829.156351970255,3.464383028415726,2480,2550,89,0,2461,2528,309461,19,0,0,19,22
2020-10-16,US,Ohio,Lucas,7979,370,0,41.62101218,-83.65468618,39095.0,1862.7377739594904,4.637172578017295,7609,7931,370,0,7561,7879,429899,48,0,0,48,52
2020-10-16,US,Ohio,Madison,1000,14,0,39.89381073,-83.40178317,39097.0,2235.5860588853366,1.4,986,996,14,0,982,981,44413,4,0,0,4,15
2020-10-16,US,Ohio,Mahoning,3515,283,0,41.01631101,-80.77287029,39099.0,1537.0622215031287,8.051209103840684,3232,3476,283,0,3193,3425,229642,39,0,0,39,51
2020-10-16,US,Ohio,Marion,3300,48,0,40.58610662,-83.15736305,39101.0,5069.669549721169,1.4545454545454546,3252,3289,48,0,3241,3281,65256,11,0,0,11,8
2020-10-16,US,Ohio,Medina,1714,42,0,41.11770589,-81.89986209999998,39103.0,953.5678123574376,2.4504084014002334,1672,1693,42,0,1651,1676,179146,21,0,0,21,17
2020-10-16,US,Ohio,Meigs,199,12,0,39.09224872,-82.0305041,39105.0,868.7300825075305,6.030150753768845,187,197,12,0,185,198,23106,2,0,0,2,-1
2020-10-16,US,Ohio,Mercer,1400,27,0,40.54043046,-84.62912742,39107.0,3400.369182939862,1.9285714285714288,1373,1380,27,0,1353,1363,40959,20,0,0,20,17
2020-10-16,US,Ohio,Miami,1879,56,0,40.0543329,-84.22871271,39109.0,1756.2881471580658,2.9803086748270355,1823,1852,56,0,1796,1819,106222,27,0,0,27,33
2020-10-16,US,Ohio,Monroe,129,18,0,39.72984936,-81.08464734,39111.0,944.7780870074704,13.953488372093025,111,128,18,0,110,124,13790,1,0,0,1,4
2020-10-16,US,Ohio,Montgomery,9675,183,0,39.75394919,-84.29050975,39113.0,1819.6796235379086,1.8914728682170543,9492,9487,183,0,9304,9302,532331,188,0,0,188,185
2020-10-16,US,Ohio,Morgan,65,0,0,39.62081738,-81.85308173,39115.0,448.0286738351255,0.0,65,63,0,0,63,61,14604,2,0,0,2,2
2020-10-16,US,Ohio,Morrow,313,2,0,40.52363560000001,-82.7892599,39117.0,885.9827898550725,0.6389776357827476,311,313,2,0,311,303,35112,0,0,0,0,10
2020-10-16,US,Ohio,Muskingum,743,4,0,39.96575964,-81.94363275,39119.0,861.7989908948558,0.5383580080753702,739,718,4,0,714,708,86183,25,0,0,25,10
2020-10-16,US,Ohio,Noble,105,0,0,39.76818851,-81.45937183,39121.0,727.9534109816973,0.0,105,99,0,0,99,89,14354,6,0,0,6,10
2020-10-16,US,Ohio,Ottawa,548,30,0,41.53781826,-83.0940185,39123.0,1352.251696483652,5.474452554744525,518,545,30,0,515,537,40769,3,0,0,3,8
2020-10-16,US,Ohio,Paulding,172,1,0,41.11676341,-84.5801017,39125.0,921.165381319623,0.5813953488372093,171,160,1,0,159,153,18760,12,0,0,12,7
2020-10-16,US,Ohio,Perry,343,11,0,39.73508655,-82.23804971,39127.0,949.2444788841534,3.206997084548105,332,340,11,0,329,337,36033,3,0,0,3,3
2020-10-16,US,Ohio,Pickaway,2921,46,0,39.64170392,-83.0243386,39129.0,4996.835280633628,1.5748031496062993,2875,2902,46,0,2856,2884,58086,19,0,0,19,18
2020-10-16,US,Ohio,Pike,271,0,0,39.07634001,-83.06769584,39131.0,975.8029670171396,0.0,271,268,0,0,268,265,28067,3,0,0,3,3
2020-10-16,US,Ohio,Portage,1497,67,0,41.16793482,-81.19735782,39133.0,921.423559390888,4.47561790247161,1430,1469,67,0,1402,1442,162927,28,0,0,28,27
2020-10-16,US,Ohio,Preble,555,17,0,39.7420247,-84.64787018,39135.0,1357.5656768259869,3.063063063063063,538,547,17,0,530,533,40997,8,0,0,8,14
2020-10-16,US,Ohio,Putnam,821,27,0,41.02094889,-84.1336111,39137.0,2424.61829243082,3.288672350791717,794,809,27,0,782,784,33780,12,0,0,12,25
2020-10-16,US,Ohio,Richland,1220,24,0,40.77180308,-82.53799609999999,39139.0,1006.9828482757484,1.9672131147540983,1196,1201,21,0,1180,1182,121099,19,3,0,16,19
2020-10-16,US,Ohio,Ross,1266,33,0,39.33705391,-83.06000914,39141.0,1651.3187071191926,2.6066350710900474,1233,1238,31,0,1207,1181,76931,28,2,0,26,57
2020-10-16,US,Ohio,Sandusky,677,22,0,41.35624126,-83.137872,39143.0,1156.9089852694894,3.2496307237813884,655,672,22,0,650,667,58799,5,0,0,5,5
2020-10-16,US,Ohio,Scioto,751,8,0,38.80270163,-82.98907345,39145.0,997.1585628170061,1.0652463382157125,743,735,8,0,727,713,75502,16,0,0,16,22
2020-10-16,US,Ohio,Seneca,558,14,0,41.12351311,-83.12783209,39147.0,1011.2726086483743,2.508960573476702,544,549,14,0,535,546,55207,9,0,0,9,3
2020-10-16,US,Ohio,Shelby,835,14,0,40.33163494,-84.20258189,39149.0,1718.4605885984768,1.6766467065868262,821,824,14,0,810,808,48627,11,0,0,11,16
2020-10-16,US,Ohio,Stark,3532,178,0,40.81482476,-81.36437305,39151.0,953.0336799728012,5.039637599093997,3354,3494,178,0,3316,3453,371574,38,0,0,38,41
2020-10-16,US,Ohio,Summit,6242,259,0,41.12464734,-81.53123079,39153.0,1153.7615547131031,4.149311118231337,5983,6167,259,0,5908,6084,541918,75,0,0,75,83
2020-10-16,US,Ohio,Trumbull,2141,134,0,41.31735028,-80.76109643,39155.0,1081.4551405740146,6.258757589911259,2007,2125,134,0,1991,2114,198627,16,0,0,16,11
2020-10-16,US,Ohio,Tuscarawas,1142,21,0,40.44214695,-81.47226262,39157.0,1241.479774315936,1.8388791593695268,1121,1118,20,0,1098,1105,92176,24,1,0,23,13
2020-10-16,US,Ohio,Union,700,3,0,40.30016061,-83.37239023,39159.0,1186.6820370244795,0.42857142857142855,697,693,3,0,690,685,57835,7,0,0,7,8
2020-10-16,US,Ohio,Van Wert,197,3,0,40.8554138,-84.59111700000003,39161.0,696.7285587975242,1.5228426395939083,194,191,3,0,188,189,28281,6,0,0,6,2
2020-10-16,US,Ohio,Vinton,83,3,0,39.25208988,-82.4831444,39163.0,634.314100114635,3.614457831325301,80,80,3,0,77,74,13139,3,0,0,3,6
2020-10-16,US,Ohio,Warren,3799,60,0,39.42581994,-84.16557457,39165.0,1619.338283561095,1.5793629902605948,3739,3735,59,0,3676,3679,232173,64,1,0,63,56
2020-10-16,US,Ohio,Washington,316,23,0,39.45690571,-81.49121382,39167.0,527.4490494233113,7.2784810126582276,293,309,23,0,286,301,60155,7,0,0,7,8
2020-10-16,US,Ohio,Wayne,1202,68,0,40.82925852,-81.88844833,39169.0,1038.803906317518,5.657237936772047,1134,1140,68,0,1072,1105,115967,62,0,0,62,35
2020-10-16,US,Ohio,Williams,292,4,0,41.56052014,-84.58429552,39171.0,795.8138013735962,1.3698630136986298,288,287,4,0,283,280,36804,5,0,0,5,7
2020-10-16,US,Ohio,Wood,2331,81,0,41.36224827,-83.62285108,39173.0,1781.8785020295527,3.474903474903475,2250,2310,81,0,2229,2286,130696,21,0,0,21,24
2020-10-16,US,Ohio,Wyandot,276,13,0,40.84339621,-83.30734173,39175.0,1267.6832629064854,4.710144927536232,263,270,13,0,257,268,21935,6,0,0,6,2
2020-10-16,US,Oklahoma,Adair,719,11,0,35.88494195,-94.65859267,40001.0,3239.614310173921,1.5299026425591098,708,715,11,0,704,698,22082,4,0,0,4,17
2020-10-16,US,Oklahoma,Alfalfa,102,0,0,36.73090616,-98.32408495,40003.0,1788.8460189407224,0.0,102,101,0,0,101,98,5754,1,0,0,1,3
2020-10-16,US,Oklahoma,Atoka,378,1,0,34.37366573,-96.03802487,40005.0,2747.492368076755,0.2645502645502645,377,373,1,0,372,369,13838,5,0,0,5,4
2020-10-16,US,Oklahoma,Beaver,76,0,0,36.7496847,-100.4758872,40007.0,1430.9922801732255,0.0,76,76,0,0,76,75,5319,0,0,0,0,1
2020-10-16,US,Oklahoma,Beckham,744,9,0,35.26862449,-99.68128023,40009.0,3403.6323711057235,1.2096774193548387,735,737,8,0,729,733,21709,7,1,0,6,4
2020-10-16,US,Oklahoma,Blaine,172,1,0,35.87518314,-98.43307003,40011.0,1824.159507901156,0.5813953488372093,171,166,1,0,165,164,9485,6,0,0,6,2
2020-10-16,US,Oklahoma,Bryan,1303,5,0,33.96472458,-96.25903472,40013.0,2714.8661318887384,0.3837298541826554,1298,1286,5,0,1281,1254,47192,17,0,0,17,32
2020-10-16,US,Oklahoma,Caddo,1028,23,0,35.17364557,-98.37534464,40015.0,3574.160350462416,2.2373540856031133,1005,1022,23,0,999,1018,28977,6,0,0,6,4
2020-10-16,US,Oklahoma,Canadian,3227,20,0,35.5426055,-97.98465569,40017.0,2175.906571548016,0.6197706848466068,3207,3073,20,0,3053,3012,144447,154,0,0,154,61
2020-10-16,US,Oklahoma,Carter,715,9,0,34.25103751,-97.28552485,40019.0,1486.146619276257,1.2587412587412588,706,703,9,0,694,695,48177,12,0,0,12,8
2020-10-16,US,Oklahoma,Cherokee,1280,8,0,35.90692775,-94.99980896,40021.0,2630.6595145611113,0.625,1272,1279,8,0,1271,1269,48675,1,0,0,1,10
2020-10-16,US,Oklahoma,Choctaw,418,2,0,34.02807439,-95.54771129,40023.0,2848.9640130861503,0.4784688995215311,416,393,2,0,391,386,14668,25,0,0,25,7
2020-10-16,US,Oklahoma,Cimarron,32,0,0,36.74817177,-102.5173885,40025.0,1497.4262985493685,0.0,32,32,0,0,32,32,2153,0,0,0,0,0
2020-10-16,US,Oklahoma,Cleveland,7429,85,0,35.20413532,-97.32519562,40027.0,2615.716126669812,1.1441647597254003,7344,7337,85,0,7252,7269,281669,92,0,0,92,68
2020-10-16,US,Oklahoma,Coal,79,0,0,34.58840127,-96.29798747,40029.0,1437.6706096451321,0.0,79,78,0,0,78,77,5520,1,0,0,1,1
2020-10-16,US,Oklahoma,Comanche,2001,16,0,34.65973764,-98.47195055,40031.0,1657.156581006882,0.7996001999000499,1985,1990,15,0,1975,1973,120422,11,1,0,10,17
2020-10-16,US,Oklahoma,Cotton,83,3,0,34.28845626,-98.37053567,40033.0,1464.8782209671726,3.614457831325301,80,77,3,0,74,77,5776,6,0,0,6,0
2020-10-16,US,Oklahoma,Craig,591,2,0,36.76268118,-95.20916602,40035.0,4179.041154009334,0.33840947546531297,589,585,2,0,583,578,14306,6,0,0,6,7
2020-10-16,US,Oklahoma,Creek,1426,36,0,35.90230551,-96.37086028,40037.0,1993.7921199071614,2.524544179523142,1390,1413,36,0,1377,1407,71604,13,0,0,13,6
2020-10-16,US,Oklahoma,Custer,974,3,0,35.63853802,-99.00170785,40039.0,3358.273282074268,0.3080082135523614,971,968,2,0,966,949,29036,6,1,0,5,19
2020-10-16,US,Oklahoma,Delaware,1114,27,0,36.40823634,-94.80325046,40041.0,2590.1555488386152,2.4236983842010766,1087,1085,27,0,1058,1063,42733,29,0,0,29,22
2020-10-16,US,Oklahoma,Dewey,77,1,0,35.98772922,-99.00730714,40043.0,1574.3201799223066,1.2987012987012987,76,76,1,0,75,76,4894,1,0,0,1,0
2020-10-16,US,Oklahoma,Ellis,18,0,0,36.218019399999996,-99.75324573,40045.0,466.442083441306,0.0,18,15,0,0,15,14,3952,3,0,0,3,1
2020-10-16,US,Oklahoma,Garfield,2170,23,0,36.3791334,-97.78265517,40047.0,3554.114255765199,1.0599078341013826,2147,2131,23,0,2108,2095,60913,39,0,0,39,36
2020-10-16,US,Oklahoma,Garvin,558,6,0,34.70418038,-97.30811132,40049.0,2013.6407924650864,1.075268817204301,552,547,6,0,541,529,27811,11,0,0,11,18
2020-10-16,US,Oklahoma,Grady,1426,14,0,35.0167709,-97.88339847,40051.0,2553.999355231579,0.9817671809256662,1412,1414,13,0,1401,1387,55551,12,1,0,11,27
2020-10-16,US,Oklahoma,Grant,74,1,0,36.796296999999996,-97.78638765,40053.0,1707.8236787445187,1.351351351351351,73,72,1,0,71,70,4326,2,0,0,2,2
2020-10-16,US,Oklahoma,Greer,129,8,0,34.93535801,-99.56056120000001,40055.0,2258.403361344537,6.2015503875969005,121,128,8,0,120,127,5821,1,0,0,1,1
2020-10-16,US,Oklahoma,Harmon,62,0,0,34.7440135,-99.84741652,40057.0,2336.977007161704,0.0,62,61,0,0,61,61,2664,1,0,0,1,0
2020-10-16,US,Oklahoma,Harper,46,1,0,36.78836519,-99.6679804,40059.0,1247.2885032537959,2.1739130434782608,45,44,1,0,43,42,3797,2,0,0,2,2
2020-10-16,US,Oklahoma,Haskell,346,5,0,35.22257600000001,-95.11513306,40061.0,2740.15997465748,1.4450867052023122,341,342,5,0,337,335,12668,4,0,0,4,7
2020-10-16,US,Oklahoma,Hughes,353,4,0,35.04912569,-96.24921145,40063.0,2658.332705776037,1.13314447592068,349,345,4,0,341,339,13335,8,0,0,8,6
2020-10-16,US,Oklahoma,Jackson,991,11,0,34.58781741,-99.41138784,40065.0,4039.9510803098246,1.1099899091826435,980,980,11,0,969,976,24949,11,0,0,11,4
2020-10-16,US,Oklahoma,Jefferson,65,0,0,34.11130184,-97.83182974,40067.0,1082.9723425524826,0.0,65,63,0,0,63,63,6123,2,0,0,2,0
2020-10-16,US,Oklahoma,Johnston,254,4,0,34.31440473,-96.66011537,40069.0,2291.384754172305,1.5748031496062993,250,251,4,0,247,250,10949,3,0,0,3,1
2020-10-16,US,Oklahoma,Kay,782,15,0,36.81799745,-97.14421435,40071.0,1796.1321144747117,1.918158567774936,767,775,15,0,760,771,44161,7,0,0,7,4
2020-10-16,US,Oklahoma,Kingfisher,472,2,0,35.94530008,-97.94193268,40073.0,2993.9739930225182,0.42372881355932196,470,460,2,0,458,456,15816,12,0,0,12,4
2020-10-16,US,Oklahoma,Kiowa,147,2,0,34.91671958,-98.97720696,40075.0,1688.1028938906754,1.3605442176870748,145,145,2,0,143,146,8729,2,0,0,2,-1
2020-10-16,US,Oklahoma,Latimer,174,2,0,34.87844729,-95.25215049,40077.0,1727.3900526159039,1.1494252873563218,172,166,2,0,164,166,10231,8,0,0,8,0
2020-10-16,US,Oklahoma,Le Flore,1513,21,0,34.89851864,-94.70392124,40079.0,3034.922672657613,1.3879709187045606,1492,1495,21,0,1474,1470,49980,18,0,0,18,25
2020-10-16,US,Oklahoma,Lincoln,687,10,0,35.70270942,-96.8812462,40081.0,1969.779510852424,1.4556040756914117,677,670,10,0,660,655,34920,17,0,0,17,15
2020-10-16,US,Oklahoma,Logan,720,2,0,35.91899576,-97.44352845,40083.0,1499.656328757993,0.2777777777777778,718,696,2,0,694,683,47291,24,0,0,24,13
2020-10-16,US,Oklahoma,Love,245,1,0,33.95273467,-97.23906784,40085.0,2389.544523554082,0.4081632653061225,244,242,1,0,241,243,10134,3,0,0,3,-1
2020-10-16,US,Oklahoma,Major,131,2,0,36.31149996,-98.53467076,40093.0,1717.1319963297942,1.5267175572519085,129,128,2,0,126,126,7644,3,0,0,3,2
2020-10-16,US,Oklahoma,Marshall,246,2,0,34.02311222,-96.76855464,40095.0,1452.9561160002365,0.8130081300813008,244,235,2,0,233,228,16806,11,0,0,11,7
2020-10-16,US,Oklahoma,Mayes,864,11,0,36.30179091,-95.23175116,40097.0,2102.189781021898,1.273148148148148,853,857,11,0,846,833,41107,7,0,0,7,24
2020-10-16,US,Oklahoma,McClain,1148,9,0,35.01123903,-97.44572302,40087.0,2836.3887928052577,0.7839721254355401,1139,1135,8,0,1127,1131,39985,13,1,0,12,4
2020-10-16,US,Oklahoma,McCurtain,1508,37,0,34.11664328,-94.77222373,40089.0,4593.07992202729,2.4535809018567645,1471,1474,37,0,1437,1464,32703,34,0,0,34,10
2020-10-16,US,Oklahoma,McIntosh,438,8,0,35.37235506,-95.66599306,40091.0,2235.1500306184935,1.8264840182648399,430,429,8,0,421,416,19815,9,0,0,9,13
2020-10-16,US,Oklahoma,Murray,246,2,0,34.48116015,-97.06826283,40099.0,1748.0281389895545,0.8130081300813008,244,239,2,0,237,233,13953,7,0,0,7,6
2020-10-16,US,Oklahoma,Muskogee,2157,28,0,35.61318461,-95.37802952,40101.0,3172.1987734753,1.2980992118683357,2129,2133,27,0,2106,2110,68362,24,1,0,23,23
2020-10-16,US,Oklahoma,Noble,169,3,0,36.38953329,-97.22928674,40103.0,1518.2822747282364,1.7751479289940828,166,167,3,0,164,166,11289,2,0,0,2,1
2020-10-16,US,Oklahoma,Nowata,215,4,0,36.79843529,-95.61902331,40105.0,2133.7832473203653,1.8604651162790695,211,207,4,0,203,203,10218,8,0,0,8,4
2020-10-16,US,Oklahoma,Okfuskee,250,6,0,35.46485198,-96.32639984,40107.0,2084.5493204369213,2.4,244,232,6,0,226,226,12098,18,0,0,18,6
2020-10-16,US,Oklahoma,Oklahoma,21506,216,0,35.55140095,-97.40716948,40109.0,2696.900307737067,1.004370873244676,21290,21260,212,0,21048,21043,792582,246,4,0,242,217
2020-10-16,US,Oklahoma,Okmulgee,1033,8,0,35.64661916,-95.96432828,40111.0,2685.5582997530223,0.7744433688286544,1025,1002,8,0,994,988,38335,31,0,0,31,14
2020-10-16,US,Oklahoma,Osage,1285,13,0,36.62888819,-96.39635704,40113.0,2736.1965802866084,1.0116731517509727,1272,1266,13,0,1253,1252,47014,19,0,0,19,14
2020-10-16,US,Oklahoma,Ottawa,1113,8,0,36.83532655,-94.81011909,40115.0,3575.6738522825844,0.7187780772686433,1105,1098,8,0,1090,1079,31175,15,0,0,15,19
2020-10-16,US,Oklahoma,Pawnee,298,5,0,36.31743373,-96.70331759999999,40117.0,1819.7361993160723,1.6778523489932886,293,294,5,0,289,288,16390,4,0,0,4,6
2020-10-16,US,Oklahoma,Payne,2653,9,0,36.07695283,-96.97584944,40119.0,3243.9107893964588,0.3392385978137957,2644,2618,9,0,2609,2598,82040,35,0,0,35,20
2020-10-16,US,Oklahoma,Pittsburg,1119,20,0,34.92065823,-95.75134320000001,40121.0,2563.3389838273692,1.7873100983020551,1099,1110,20,0,1090,1100,43877,9,0,0,9,10
2020-10-16,US,Oklahoma,Pontotoc,610,4,0,34.72959848,-96.68337199,40123.0,1593.3549263399852,0.6557377049180327,606,591,4,0,587,586,38247,19,0,0,19,5
2020-10-16,US,Oklahoma,Pottawatomie,1874,11,0,35.20614018,-96.94923008,40125.0,2581.551686136213,0.5869797225186766,1863,1851,11,0,1840,1842,72679,23,0,0,23,9
2020-10-16,US,Oklahoma,Pushmataha,241,4,0,34.41635232,-95.37603505,40127.0,2171.9538572458546,1.6597510373443984,237,233,4,0,229,231,11179,8,0,0,8,2
2020-10-16,US,Oklahoma,Roger Mills,82,2,0,35.68711719,-99.69666167,40129.0,2288.584984649735,2.4390243902439024,80,81,2,0,79,81,3656,1,0,0,1,0
2020-10-16,US,Oklahoma,Rogers,2235,53,0,36.37004357,-95.60406759,40131.0,2417.2876626396564,2.371364653243848,2182,2206,53,0,2153,2182,91984,29,0,0,29,24
2020-10-16,US,Oklahoma,Seminole,665,6,0,35.16478725,-96.61686741,40133.0,2741.363673839558,0.9022556390977444,659,655,6,0,649,644,24578,10,0,0,10,11
2020-10-16,US,Oklahoma,Sequoyah,1108,13,0,35.49447108,-94.75463785,40135.0,2665.4478096658568,1.1732851985559567,1095,1083,13,0,1070,1066,41179,25,0,0,25,17
2020-10-16,US,Oklahoma,Stephens,574,8,0,34.48556989,-97.85141892,40137.0,1330.4591706649976,1.3937282229965158,566,562,8,0,554,545,43265,12,0,0,12,17
2020-10-16,US,Oklahoma,Texas,1704,10,0,36.74777635,-101.4889765,40139.0,8527.248160936797,0.5868544600938967,1694,1698,10,0,1688,1689,20455,6,0,0,6,9
2020-10-16,US,Oklahoma,Tillman,133,2,0,34.37288446,-98.92426619,40141.0,1834.4827586206893,1.5037593984962403,131,127,2,0,125,126,7348,6,0,0,6,1
2020-10-16,US,Oklahoma,Tulsa,20102,183,0,36.11939621,-95.94013939,40143.0,3085.2487598840917,0.91035717839021,19919,19888,182,0,19706,19657,648360,214,1,0,213,231
2020-10-16,US,Oklahoma,Unassigned,17,0,0,0.0,0.0,90040.0,0.0,0.0,17,21,0,0,21,26,,-4,0,0,-4,-5
2020-10-16,US,Oklahoma,Wagoner,1731,27,0,35.96024096,-95.51911308,40145.0,2129.4394075459163,1.5597920277296362,1704,1722,27,0,1695,1711,80110,9,0,0,9,11
2020-10-16,US,Oklahoma,Washington,1186,41,0,36.71380786,-95.90514104,40147.0,2301.705901760243,3.4569983136593594,1145,1174,41,0,1133,1153,51843,12,0,0,12,21
2020-10-16,US,Oklahoma,Washita,144,0,0,35.29071824,-98.99180434,40149.0,1319.16452913155,0.0,144,140,0,0,140,135,11127,4,0,0,4,5
2020-10-16,US,Oklahoma,Woods,140,0,0,36.76705782,-98.86573064,40151.0,1592.175594222677,0.0,140,137,0,0,137,132,8897,3,0,0,3,5
2020-10-16,US,Oklahoma,Woodward,1183,5,0,36.42316318,-99.26283045,40153.0,5853.2482311612475,0.42265426880811496,1178,1176,5,0,1171,1175,20222,7,0,0,7,1
2020-10-16,US,Oregon,Baker,111,2,0,44.70915557,-117.6749883,41001.0,688.4147854130489,1.8018018018018016,109,111,2,0,109,111,16006,0,0,0,0,0
2020-10-16,US,Oregon,Benton,412,6,0,44.49167306,-123.4316987,41003.0,442.75842799264916,1.4563106796116505,406,411,6,0,405,396,92101,1,0,0,1,15
2020-10-16,US,Oregon,Clackamas,2882,65,0,45.18787398,-122.2179634,41005.0,689.1653733855908,2.255378209576683,2817,2839,65,0,2774,2819,416075,43,0,0,43,20
2020-10-16,US,Oregon,Clatsop,235,0,0,45.99712889,-123.660711,41007.0,584.2283214001592,0.0,235,235,0,0,235,233,39764,0,0,0,0,2
2020-10-16,US,Oregon,Columbia,239,1,0,45.94464254,-123.08908980000001,41009.0,456.50762119417817,0.41841004184100417,238,236,1,0,235,233,52377,3,0,0,3,3
2020-10-16,US,Oregon,Coos,205,0,0,43.17406868,-124.0594514,41011.0,317.8935289283111,0.0,205,200,0,0,200,199,64389,5,0,0,5,1
2020-10-16,US,Oregon,Crook,76,1,0,44.14230227,-120.356297,41013.0,311.4243566628422,1.3157894736842106,75,75,1,0,74,73,23867,1,0,0,1,2
2020-10-16,US,Oregon,Curry,56,1,0,42.45911325,-124.15728200000001,41015.0,244.2748091603053,1.7857142857142858,55,55,0,0,55,55,22813,1,1,0,0,0
2020-10-16,US,Oregon,Deschutes,1028,13,0,43.91570171,-121.2289121,41017.0,520.0008093397811,1.2645914396887157,1015,1010,13,0,997,1003,191996,18,0,0,18,7
2020-10-16,US,Oregon,Douglas,306,4,0,43.27941273,-123.16729099999999,41019.0,275.7253559199856,1.30718954248366,302,301,4,0,297,296,110283,5,0,0,5,5
2020-10-16,US,Oregon,Gilliam,11,0,0,45.37160076,-120.20488689999999,41021.0,575.3138075313808,0.0,11,11,0,0,11,11,1894,0,0,0,0,0
2020-10-16,US,Oregon,Grant,10,0,0,44.49024544,-119.0068631,41023.0,138.90818169190166,0.0,10,10,0,0,10,10,7176,0,0,0,0,0
2020-10-16,US,Oregon,Harney,13,0,0,43.06422669,-118.96663059999999,41025.0,175.84201271473015,0.0,13,13,0,0,13,13,7329,0,0,0,0,0
2020-10-16,US,Oregon,Hood River,268,1,0,45.51872811,-121.65520359999998,41027.0,1146.1808228551874,0.373134328358209,267,268,0,0,268,268,23428,0,1,0,-1,0
2020-10-16,US,Oregon,Jackson,1448,6,0,42.43201126,-122.72893090000001,41029.0,655.369686436382,0.4143646408839779,1442,1430,6,0,1424,1413,219564,18,0,0,18,17
2020-10-16,US,Oregon,Jefferson,593,9,0,44.62806839,-121.17832,41031.0,2404.8990185740936,1.5177065767284992,584,590,8,0,582,591,24192,3,1,0,2,-1
2020-10-16,US,Oregon,Josephine,253,2,0,42.3665549,-123.5561938,41033.0,289.18582189353845,0.7905138339920948,251,254,2,0,252,249,87393,-1,0,0,-1,5
2020-10-16,US,Oregon,Klamath,394,3,0,42.68762984,-121.64964609999998,41035.0,577.3908965678947,0.7614213197969543,391,392,3,0,389,392,67653,2,0,0,2,0
2020-10-16,US,Oregon,Lake,35,0,0,42.79246693,-120.38501629999999,41037.0,444.7833269792858,0.0,35,35,0,0,35,35,7879,0,0,0,0,0
2020-10-16,US,Oregon,Lane,2011,22,0,43.93727035,-122.847753,41039.0,526.347473087181,1.093983092988563,1989,1957,22,0,1935,1924,379611,54,0,0,54,33
2020-10-16,US,Oregon,Lincoln,507,13,0,44.64252874,-123.86991200000001,41041.0,1014.7712261318602,2.5641025641025643,494,507,13,0,494,503,49388,0,0,0,0,4
2020-10-16,US,Oregon,Linn,726,14,0,44.48899494,-122.53731540000001,41043.0,559.5418847158745,1.9283746556473829,712,716,14,0,702,704,127335,10,0,0,10,12
2020-10-16,US,Oregon,Malheur,1828,33,0,43.1937027,-117.62273950000001,41045.0,5979.523077426321,1.805251641137856,1795,1812,34,0,1778,1799,30725,16,-1,0,17,13
2020-10-16,US,Oregon,Marion,5388,104,0,44.90287942,-122.58151170000001,41047.0,1549.0860162498777,1.9302152932442465,5284,5353,104,0,5249,5321,346868,35,0,0,35,32
2020-10-16,US,Oregon,Morrow,538,6,0,45.41846568,-119.584546,41049.0,4636.731879686288,1.1152416356877324,532,533,6,0,527,532,11372,5,0,0,5,1
2020-10-16,US,Oregon,Multnomah,8367,150,0,45.54747959,-122.4169351,41051.0,1029.3348752237482,1.7927572606669058,8217,8280,149,0,8131,8171,811880,87,1,0,86,109
2020-10-16,US,Oregon,Polk,618,15,0,44.90322804,-123.4128888,41053.0,717.8951036765989,2.4271844660194173,603,606,15,0,591,594,85234,12,0,0,12,12
2020-10-16,US,Oregon,Sherman,18,0,0,45.41501554,-120.6827834,41055.0,1011.2359550561798,0.0,18,18,0,0,18,18,1708,0,0,0,0,0
2020-10-16,US,Oregon,Tillamook,69,0,0,45.46248721,-123.712066,41057.0,255.2152685308477,0.0,69,66,0,0,66,65,26787,3,0,0,3,1
2020-10-16,US,Oregon,Umatilla,3242,43,0,45.59073056,-118.7353826,41059.0,4159.076330981397,1.3263417643429982,3199,3225,42,0,3183,3208,77516,17,1,0,16,17
2020-10-16,US,Oregon,Union,455,2,0,45.30915495,-118.0068979,41061.0,1695.5468604434507,0.4395604395604396,453,455,2,0,453,453,26461,0,0,0,0,2
2020-10-16,US,Oregon,Wallowa,38,1,0,45.57894064,-117.18353799999998,41063.0,527.1920088790233,2.631578947368421,37,38,1,0,37,37,7081,0,0,0,0,1
2020-10-16,US,Oregon,Wasco,331,15,0,45.16292781,-121.16709540000001,41065.0,1240.5366914024435,4.531722054380665,316,329,15,0,314,328,26505,2,0,0,2,1
2020-10-16,US,Oregon,Washington,5297,70,0,45.55972701,-123.0955257,41067.0,880.4970810782057,1.3215027373985275,5227,5241,68,0,5173,5196,597695,56,2,0,54,45
2020-10-16,US,Oregon,Wheeler,1,0,0,44.72698162,-120.02814270000002,41069.0,75.07507507507508,0.0,1,1,0,0,1,1,1366,0,0,0,0,0
2020-10-16,US,Oregon,Yamhill,926,15,0,45.23330449,-123.3086963,41071.0,864.6125116713353,1.6198704103671706,911,912,15,0,897,906,107002,14,0,0,14,6
2020-10-16,US,Pennsylvania,Adams,971,27,0,39.87140411,-77.21610347,42001.0,942.6360803424943,2.7806385169927914,944,962,27,0,935,957,102811,9,0,0,9,5
2020-10-16,US,Pennsylvania,Allegheny,13821,387,0,40.46809875,-79.98167747,42003.0,1136.5533347861306,2.800086824397656,13434,13672,383,0,13289,13533,1218452,149,4,0,145,139
2020-10-16,US,Pennsylvania,Armstrong,549,19,0,40.81665618,-79.46290811,42005.0,848.0729126438557,3.4608378870673957,530,539,19,0,520,528,65263,10,0,0,10,11
2020-10-16,US,Pennsylvania,Beaver,2117,136,0,40.6825484,-80.34921611,42007.0,1291.4127457618847,6.424185167690128,1981,2102,136,0,1966,2084,164742,15,0,0,15,18
2020-10-16,US,Pennsylvania,Bedford,323,6,0,40.00522157,-78.48998442,42009.0,674.4904777814902,1.8575851393188851,317,315,6,0,309,309,48176,8,0,0,8,6
2020-10-16,US,Pennsylvania,Berks,8102,411,0,40.41570541,-75.92457766,42011.0,1923.7161770711648,5.072821525549247,7691,8035,410,0,7625,7961,420152,67,1,0,66,74
2020-10-16,US,Pennsylvania,Blair,980,23,0,40.47961444,-78.34917412,42013.0,804.4061758694562,2.346938775510204,957,950,23,0,927,926,122492,30,0,0,30,24
2020-10-16,US,Pennsylvania,Bradford,435,6,0,41.78869215,-76.51570822,42015.0,721.1179815327487,1.3793103448275863,429,415,6,0,409,392,60833,20,0,0,20,23
2020-10-16,US,Pennsylvania,Bucks,9527,622,0,40.33682119,-75.10836643,42017.0,1516.3862670507904,6.528812847696023,8905,9485,622,0,8863,9423,628195,42,0,0,42,62
2020-10-16,US,Pennsylvania,Butler,1365,26,0,40.91152759,-79.91351055,42019.0,726.6319941656508,1.9047619047619049,1339,1346,25,0,1321,1319,187888,19,1,0,18,27
2020-10-16,US,Pennsylvania,Cambria,831,7,0,40.49527404,-78.71377428,42021.0,638.2880668551063,0.8423586040914561,824,801,7,0,794,783,131730,30,0,0,30,18
2020-10-16,US,Pennsylvania,Cameron,8,0,0,41.43625568,-78.20376845,42023.0,179.89655947830002,0.0,8,8,0,0,8,8,4492,0,0,0,0,0
2020-10-16,US,Pennsylvania,Carbon,533,29,0,40.91545395,-75.7068525,42025.0,830.4509052382288,5.440900562851782,504,526,29,0,497,521,64227,7,0,0,7,5
2020-10-16,US,Pennsylvania,Centre,3650,15,0,40.92058903,-77.82200624,42027.0,2247.7445576869786,0.410958904109589,3635,3614,14,0,3600,3564,162805,36,1,0,35,50
2020-10-16,US,Pennsylvania,Chester,7575,374,0,39.97291773,-75.74768357,42029.0,1442.8873747830908,4.9372937293729375,7201,7534,375,0,7159,7491,522046,41,-1,0,42,43
2020-10-16,US,Pennsylvania,Clarion,174,3,0,41.19265812,-79.42413524,42031.0,452.6770383474686,1.7241379310344829,171,171,3,0,168,166,38779,3,0,0,3,5
2020-10-16,US,Pennsylvania,Clearfield,385,7,0,41.00110782,-78.47592663,42033.0,485.7737682165163,1.818181818181818,378,380,7,0,373,376,79388,5,0,0,5,4
2020-10-16,US,Pennsylvania,Clinton,235,6,0,41.23255967,-77.63785995,42035.0,608.3039966866846,2.5531914893617023,229,233,6,0,227,231,38684,2,0,0,2,2
2020-10-16,US,Pennsylvania,Columbia,1015,39,0,41.04821986,-76.40565017,42037.0,1562.4037928698972,3.8423645320197046,976,1013,39,0,974,1012,65456,2,0,0,2,1
2020-10-16,US,Pennsylvania,Crawford,374,3,0,41.68447709,-80.10760592,42039.0,441.9288896241242,0.8021390374331551,371,366,3,0,363,359,85063,8,0,0,8,7
2020-10-16,US,Pennsylvania,Cumberland,2195,78,0,40.1625372,-77.26130755,42041.0,866.3219797134625,3.553530751708428,2117,2174,77,0,2097,2158,251423,21,1,0,20,16
2020-10-16,US,Pennsylvania,Dauphin,4340,185,0,40.41377078,-76.77993242,42043.0,1559.473803355384,4.262672811059908,4155,4290,185,0,4105,4257,277097,50,0,0,50,33
2020-10-16,US,Pennsylvania,Delaware,12410,764,0,39.91680171,-75.40243663,42045.0,2189.6895793008166,6.156325543916197,11646,12349,763,0,11586,12285,564751,61,1,0,60,64
2020-10-16,US,Pennsylvania,Elk,99,2,0,41.42822061,-78.64524744,42047.0,330.9929789368105,2.0202020202020203,97,93,2,0,91,91,30169,6,0,0,6,2
2020-10-16,US,Pennsylvania,Erie,1844,39,0,41.99253829,-80.03301954,42049.0,683.6516787282002,2.1149674620390457,1805,1835,39,0,1796,1826,272061,9,0,0,9,9
2020-10-16,US,Pennsylvania,Fayette,911,10,0,39.92041012,-79.64291195,42051.0,704.7047356777078,1.0976948408342482,901,899,10,0,889,886,130441,12,0,0,12,13
2020-10-16,US,Pennsylvania,Forest,17,1,0,41.51095103,-79.23229292,42053.0,234.57982613495238,5.882352941176472,16,17,1,0,16,17,7279,0,0,0,0,0
2020-10-16,US,Pennsylvania,Franklin,1975,53,0,39.92956518,-77.72157791,42055.0,1273.9716307481922,2.6835443037974684,1922,1957,53,0,1904,1936,154835,18,0,0,18,21
2020-10-16,US,Pennsylvania,Fulton,62,2,0,39.92913544,-78.11163677,42057.0,426.70337233310397,3.2258064516129035,60,62,2,0,60,60,14523,0,0,0,0,2
2020-10-16,US,Pennsylvania,Greene,209,1,0,39.85746531,-80.22357106,42059.0,576.8222338751966,0.4784688995215311,208,208,1,0,207,205,36506,1,0,0,1,3
2020-10-16,US,Pennsylvania,Huntingdon,640,8,0,40.42162652,-77.97673273,42061.0,1417.685628211944,1.25,632,623,8,0,615,604,45168,17,0,0,17,19
2020-10-16,US,Pennsylvania,Indiana,928,14,0,40.65241041,-79.08963285,42063.0,1103.8026476990235,1.5086206896551724,914,906,14,0,892,896,84501,22,0,0,22,10
2020-10-16,US,Pennsylvania,Jefferson,143,3,0,41.12913106,-78.9986361,42065.0,329.30339666090964,2.097902097902098,140,141,3,0,138,138,43641,2,0,0,2,3
2020-10-16,US,Pennsylvania,Juniata,207,8,0,40.53358749,-77.39975129999998,42067.0,835.9245648750151,3.864734299516908,199,205,8,0,197,204,24704,2,0,0,2,1
2020-10-16,US,Pennsylvania,Lackawanna,3197,217,0,41.43564672,-75.60379201,42069.0,1524.7479420433624,6.78761338755083,2980,3125,217,0,2908,3065,210793,72,0,0,72,60
2020-10-16,US,Pennsylvania,Lancaster,8812,467,0,40.03904563,-76.24770128,42071.0,1614.7356539202967,5.299591466182479,8345,8751,467,0,8284,8718,543557,61,0,0,61,33
2020-10-16,US,Pennsylvania,Lawrence,685,24,0,40.99206278,-80.33393706,42073.0,801.0571615679671,3.5036496350364965,661,681,24,0,657,653,86184,4,0,0,4,28
2020-10-16,US,Pennsylvania,Lebanon,2495,65,0,40.36680311,-76.45651841,42075.0,1759.6073148886053,2.6052104208416837,2430,2460,65,0,2395,2427,141314,35,0,0,35,33
2020-10-16,US,Pennsylvania,Lehigh,6078,361,0,40.6154815,-75.59435245,42077.0,1645.7361948239734,5.939453767686738,5717,6053,361,0,5692,6023,368100,25,0,0,25,30
2020-10-16,US,Pennsylvania,Luzerne,4594,190,0,41.17823008,-75.98447579,42079.0,1447.3074851063427,4.13582934262081,4404,4550,190,0,4360,4496,317646,44,0,0,44,54
2020-10-16,US,Pennsylvania,Lycoming,866,29,0,41.34310539,-77.06629984,42081.0,764.349199904677,3.348729792147806,837,858,29,0,829,847,113664,8,0,0,8,11
2020-10-16,US,Pennsylvania,McKean,90,2,0,41.80938602,-78.56478358,42083.0,221.5384615384616,2.2222222222222223,88,84,2,0,82,80,40968,6,0,0,6,4
2020-10-16,US,Pennsylvania,Mercer,867,25,0,41.30248872,-80.25816981,42085.0,792.330750109665,2.883506343713956,842,862,25,0,837,847,110683,5,0,0,5,15
2020-10-16,US,Pennsylvania,Mifflin,301,3,0,40.61116939,-77.61070738,42087.0,652.3906541245827,0.9966777408637874,298,292,3,0,289,289,46222,9,0,0,9,3
2020-10-16,US,Pennsylvania,Monroe,1904,134,0,41.05934058,-75.34031025,42089.0,1118.2174298618086,7.03781512605042,1770,1898,134,0,1764,1893,169507,6,0,0,6,5
2020-10-16,US,Pennsylvania,Montgomery,13050,889,0,40.21053671,-75.36652296,42091.0,1570.5577586155027,6.812260536398468,12161,12999,890,0,12109,12945,828604,51,-1,0,52,54
2020-10-16,US,Pennsylvania,Montour,261,7,0,41.03023987,-76.66345939,42093.0,1431.7059791552385,2.681992337164751,254,254,5,0,249,251,18240,7,2,0,5,3
2020-10-16,US,Pennsylvania,Northampton,4972,309,0,40.75182733,-75.30471829,42095.0,1628.6420885402163,6.214802896218826,4663,4929,309,0,4620,4905,304807,43,0,0,43,24
2020-10-16,US,Pennsylvania,Northumberland,1317,96,0,40.84785433,-76.70798222,42097.0,1449.7539711370166,7.289293849658314,1221,1302,92,0,1210,1296,91083,15,4,0,11,6
2020-10-16,US,Pennsylvania,Perry,300,6,0,40.40206612,-77.26297447,42099.0,648.3402489626557,2.0,294,297,6,0,291,289,46139,3,0,0,3,8
2020-10-16,US,Pennsylvania,Philadelphia,40179,1840,0,40.00338507,-75.1379271,42101.0,2536.4505474526277,4.5795067074840095,38339,39870,1838,0,38032,39691,1584138,309,2,0,307,179
2020-10-16,US,Pennsylvania,Pike,609,23,0,41.33155042,-75.03208106,42103.0,1091.221845938827,3.7766830870279136,586,608,23,0,585,607,55933,1,0,0,1,1
2020-10-16,US,Pennsylvania,Potter,38,1,0,41.74471626,-77.89559864,42105.0,229.94069950381214,2.631578947368421,37,37,1,0,36,37,16622,1,0,0,1,0
2020-10-16,US,Pennsylvania,Schuylkill,1511,71,0,40.70497338,-76.2150785,42107.0,1068.9096555578349,4.698874917273329,1440,1495,69,0,1426,1457,142067,16,2,0,14,38
2020-10-16,US,Pennsylvania,Snyder,438,12,0,40.77129231,-77.06840691,42109.0,1084.9103338947787,2.7397260273972597,426,434,12,0,422,433,40540,4,0,0,4,1
2020-10-16,US,Pennsylvania,Somerset,308,3,0,39.97172723,-79.02699593,42111.0,419.3500074883929,0.9740259740259741,305,284,3,0,281,279,73952,24,0,0,24,5
2020-10-16,US,Pennsylvania,Sullivan,15,1,0,41.44634738,-76.51246591,42113.0,247.27992087042526,6.666666666666668,14,15,1,0,14,15,6071,0,0,0,0,0
2020-10-16,US,Pennsylvania,Susquehanna,363,28,0,41.82147784,-75.80071959,42115.0,900.119024003174,7.7134986225895315,335,359,28,0,331,354,40589,4,0,0,4,5
2020-10-16,US,Pennsylvania,Tioga,133,3,0,41.77255149,-77.25433032,42117.0,327.6588406296962,2.255639097744361,130,126,3,0,123,122,40763,7,0,0,7,4
2020-10-16,US,Pennsylvania,Union,634,7,0,40.96188846,-77.05996014,42119.0,1411.3037864790865,1.1041009463722398,627,637,7,0,630,619,44785,-3,0,0,-3,18
2020-10-16,US,Pennsylvania,Venango,154,1,0,41.40323442,-79.75845449,42121.0,303.9393700165785,0.6493506493506493,153,149,1,0,148,142,51266,5,0,0,5,7
2020-10-16,US,Pennsylvania,Warren,59,1,0,41.81304978,-79.26969577,42123.0,150.54476793141282,1.6949152542372878,58,58,1,0,57,58,39498,1,0,0,1,0
2020-10-16,US,Pennsylvania,Washington,1594,32,0,40.19208869,-80.24582867,42125.0,770.5508423367897,2.0075282308657467,1562,1577,31,0,1546,1563,207346,17,1,0,16,14
2020-10-16,US,Pennsylvania,Wayne,277,12,0,41.64938475,-75.29956506,42127.0,539.319717295224,4.332129963898917,265,273,12,0,261,268,51276,4,0,0,4,5
2020-10-16,US,Pennsylvania,Westmoreland,3310,66,0,40.31377979999999,-79.46615476,42129.0,948.6986205176858,1.9939577039274925,3244,3201,65,0,3136,3053,350611,109,1,0,108,148
2020-10-16,US,Pennsylvania,Wyoming,96,8,0,41.51955538,-76.01074915,42131.0,358.28916921698885,8.333333333333334,88,93,8,0,85,92,27046,3,0,0,3,1
2020-10-16,US,Pennsylvania,York,5708,187,0,39.9210089,-76.73040131,42133.0,1271.1052915213625,3.276103714085494,5521,5649,185,0,5464,5615,448273,59,2,0,57,34
2020-10-16,US,Puerto Rico,Adjuntas,166,0,0,18.180117000000006,-66.754367,72001.0,852.024842170097,0.0,166,166,0,0,166,166,,0,0,0,0,0
2020-10-16,US,Puerto Rico,Aguada,391,0,0,18.360255,-67.17513100000001,72003.0,931.8620558163922,0.0,391,390,0,0,390,387,,1,0,0,1,3
2020-10-16,US,Puerto Rico,Aguadilla,506,0,0,18.459681,-67.12081500000001,72005.0,830.2023002838439,0.0,506,496,0,0,496,487,,10,0,0,10,9
2020-10-16,US,Puerto Rico,Aguas Buenas,334,0,0,18.251619,-66.126806,72007.0,1165.4279632925086,0.0,334,333,0,0,333,327,,1,0,0,1,6
2020-10-16,US,Puerto Rico,Aibonito,190,0,0,18.131361,-66.264131,72009.0,733.5907335907336,0.0,190,189,0,0,189,189,,1,0,0,1,0
2020-10-16,US,Puerto Rico,Anasco,239,0,0,18.287985,-67.120611,72011.0,816.786849389973,0.0,239,238,0,0,238,238,,1,0,0,1,0
2020-10-16,US,Puerto Rico,Arecibo,971,0,0,18.406631,-66.675077,72013.0,1006.8436333471589,0.0,971,969,0,0,969,963,,2,0,0,2,6
2020-10-16,US,Puerto Rico,Arroyo,187,0,0,17.998457000000005,-66.056546,72015.0,955.3001277139208,0.0,187,187,0,0,187,186,,0,0,0,0,1
2020-10-16,US,Puerto Rico,Barceloneta,297,0,0,18.445532999999998,-66.56053100000001,72017.0,1196.8085106382978,0.0,297,292,0,0,292,288,,5,0,0,5,4
2020-10-16,US,Puerto Rico,Barranquitas,537,0,0,18.201592,-66.30963,72019.0,1771.2250148426676,0.0,537,537,0,0,537,532,,0,0,0,0,5
2020-10-16,US,Puerto Rico,Bayamon,4383,0,0,18.34946,-66.168435,72021.0,2106.0370178169865,0.0,4383,4353,0,0,4353,4307,,30,0,0,30,46
2020-10-16,US,Puerto Rico,Cabo Rojo,462,0,0,18.040993,-67.154391,72023.0,907.3590352927313,0.0,462,461,0,0,461,456,,1,0,0,1,5
2020-10-16,US,Puerto Rico,Caguas,1936,0,0,18.211615,-66.050779,72025.0,1354.8599301575305,0.0,1936,1924,0,0,1924,1899,,12,0,0,12,25
2020-10-16,US,Puerto Rico,Camuy,335,0,0,18.418578,-66.860206,72027.0,952.8143576324696,0.0,335,335,0,0,335,332,,0,0,0,0,3
2020-10-16,US,Puerto Rico,Canovanas,797,0,0,18.328802,-65.887612,72029.0,1672.6830087306914,0.0,797,794,0,0,794,789,,3,0,0,3,5
2020-10-16,US,Puerto Rico,Carolina,3355,0,0,18.374986,-65.95683100000001,72031.0,1898.0323825256562,0.0,3355,3336,0,0,3336,3305,,19,0,0,19,31
2020-10-16,US,Puerto Rico,Catano,539,0,0,18.437269,-66.14330600000001,72033.0,1915.4228855721392,0.0,539,534,0,0,534,529,,5,0,0,5,5
2020-10-16,US,Puerto Rico,Cayey,434,0,0,18.102851,-66.14914,72035.0,901.9306303123508,0.0,434,429,0,0,429,427,,5,0,0,5,2
2020-10-16,US,Puerto Rico,Ceiba,167,0,0,18.251818,-65.666416,72037.0,1225.1485584329835,0.0,167,167,0,0,167,167,,0,0,0,0,0
2020-10-16,US,Puerto Rico,Ciales,314,0,0,18.28885,-66.516475,72039.0,1671.8134383984666,0.0,314,312,0,0,312,310,,2,0,0,2,2
2020-10-16,US,Puerto Rico,Cidra,381,0,0,18.173559,-66.161179,72041.0,876.264949402024,0.0,381,379,0,0,379,375,,2,0,0,2,4
2020-10-16,US,Puerto Rico,Coamo,350,0,0,18.097597,-66.36014,72043.0,863.9415481832542,0.0,350,350,0,0,350,343,,0,0,0,0,7
2020-10-16,US,Puerto Rico,Comerio,267,0,0,18.224687,-66.221622,72045.0,1285.0129945134274,0.0,267,266,0,0,266,266,,1,0,0,1,0
2020-10-16,US,Puerto Rico,Corozal,769,0,0,18.304264,-66.327738,72047.0,2070.4323945937213,0.0,769,764,0,0,764,744,,5,0,0,5,20
2020-10-16,US,Puerto Rico,Culebra,22,0,0,18.31586,-65.28813000000001,72049.0,1210.1210121012102,0.0,22,22,0,0,22,22,,0,0,0,0,0
2020-10-16,US,Puerto Rico,Dorado,945,0,0,18.436115,-66.278669,72051.0,2476.090658980741,0.0,945,935,0,0,935,918,,10,0,0,10,17
2020-10-16,US,Puerto Rico,Fajardo,642,0,0,18.318373,-65.666866,72053.0,1735.4634660611466,0.0,642,641,0,0,641,641,,1,0,0,1,0
2020-10-16,US,Puerto Rico,Florida,366,0,0,18.373715,-66.560488,72054.0,2886.4353312302837,0.0,366,366,0,0,366,366,,0,0,0,0,0
2020-10-16,US,Puerto Rico,Guanica,133,0,0,17.982429,-66.91964300000001,72055.0,684.6141967365007,0.0,133,133,0,0,133,129,,0,0,0,0,4
2020-10-16,US,Puerto Rico,Guayama,349,0,0,18.007516,-66.13390799999999,72057.0,769.366430051585,0.0,349,346,0,0,346,343,,3,0,0,3,3
2020-10-16,US,Puerto Rico,Guayanilla,224,0,0,18.039942,-66.79186,72059.0,1037.9500486539084,0.0,224,224,0,0,224,221,,0,0,0,0,3
2020-10-16,US,Puerto Rico,Guaynabo,2043,0,0,18.345114000000002,-66.11452299999999,72061.0,2086.3118336669254,0.0,2043,2033,0,0,2033,2015,,10,0,0,10,18
2020-10-16,US,Puerto Rico,Gurabo,655,0,0,18.266461,-65.97970500000001,72063.0,1443.717075536159,0.0,655,652,0,0,652,647,,3,0,0,3,5
2020-10-16,US,Puerto Rico,Hatillo,380,0,0,18.410928,-66.79632600000001,72065.0,905.7755106905348,0.0,380,379,0,0,379,375,,1,0,0,1,4
2020-10-16,US,Puerto Rico,Hormigueros,191,0,0,18.134532,-67.113972,72067.0,1107.2463768115942,0.0,191,191,0,0,191,190,,0,0,0,0,1
2020-10-16,US,Puerto Rico,Humacao,682,0,0,18.145211,-65.810174,72069.0,1166.489925768823,0.0,682,678,0,0,678,675,,4,0,0,4,3
2020-10-16,US,Puerto Rico,Isabela,334,0,0,18.44981,-67.005093,72071.0,731.9585369595231,0.0,334,333,0,0,333,330,,1,0,0,1,3
2020-10-16,US,Puerto Rico,Jayuya,271,0,0,18.211446,-66.58878,72073.0,1628.4100468693664,0.0,271,270,0,0,270,267,,1,0,0,1,3
2020-10-16,US,Puerto Rico,Juana Diaz,401,0,0,18.050764,-66.49458100000001,72075.0,501.89619134635836,0.0,401,395,0,0,395,393,,6,0,0,6,2
2020-10-16,US,Puerto Rico,Juncos,511,0,0,18.223793,-65.909109,72077.0,1268.304790270539,0.0,511,503,0,0,503,496,,8,0,0,8,7
2020-10-16,US,Puerto Rico,Lajas,190,0,0,18.011661,-67.040585,72079.0,737.7781229371335,0.0,190,187,0,0,187,187,,3,0,0,3,0
2020-10-16,US,Puerto Rico,Lares,393,0,0,18.269035000000002,-66.867236,72081.0,1277.9241049653692,0.0,393,391,0,0,391,389,,2,0,0,2,2
2020-10-16,US,Puerto Rico,Las Marias,118,0,0,18.23679,-66.98362,72083.0,1194.2111122356034,0.0,118,118,0,0,118,118,,0,0,0,0,0
2020-10-16,US,Puerto Rico,Las Piedras,588,0,0,18.187527,-65.86946800000001,72085.0,1520.3619909502265,0.0,588,585,0,0,585,575,,3,0,0,3,10
2020-10-16,US,Puerto Rico,Loiza,332,0,0,18.425688,-65.89943000000001,72087.0,1104.457751164338,0.0,332,330,0,0,330,324,,2,0,0,2,6
2020-10-16,US,Puerto Rico,Luquillo,295,0,0,18.342114000000002,-65.72509699999999,72089.0,1470.0019932230414,0.0,295,293,0,0,293,291,,2,0,0,2,2
2020-10-16,US,Puerto Rico,Manati,682,0,0,18.420473,-66.490461,72091.0,1546.029515108925,0.0,682,680,0,0,680,672,,2,0,0,2,8
2020-10-16,US,Puerto Rico,Maricao,90,0,0,18.171795,-66.942126,72093.0,1434.0344168260035,0.0,90,90,0,0,90,90,,0,0,0,0,0
2020-10-16,US,Puerto Rico,Maunabo,166,0,0,18.017889,-65.922235,72095.0,1357.8732106339467,0.0,166,166,0,0,166,163,,0,0,0,0,3
2020-10-16,US,Puerto Rico,Mayaguez,932,0,0,18.2013,-67.1452,72097.0,1046.2505612932196,0.0,932,925,0,0,925,922,,7,0,0,7,3
2020-10-16,US,Puerto Rico,Moca,408,0,0,18.377805,-67.080952,72099.0,1017.2280535540652,0.0,408,407,0,0,407,400,,1,0,0,1,7
2020-10-16,US,Puerto Rico,Morovis,585,0,0,18.316963,-66.420383,72101.0,1793.9282428702857,0.0,585,582,0,0,582,580,,3,0,0,3,2
2020-10-16,US,Puerto Rico,Naguabo,338,0,0,18.230636999999998,-65.753897,72103.0,1264.9700598802397,0.0,338,336,0,0,336,332,,2,0,0,2,4
2020-10-16,US,Puerto Rico,Naranjito,759,0,0,18.288019,-66.252703,72105.0,2496.5462798500103,0.0,759,759,0,0,759,749,,0,0,0,0,10
2020-10-16,US,Puerto Rico,Orocovis,392,0,0,18.215046,-66.433604,72107.0,1673.5687145113775,0.0,392,392,0,0,392,389,,0,0,0,0,3
2020-10-16,US,Puerto Rico,Out of PR,804,0,0,0.0,0.0,72888.0,0.0,0.0,804,804,0,0,804,804,,0,0,0,0,0
2020-10-16,US,Puerto Rico,Patillas,188,0,0,18.03174,-66.012242,72109.0,975.2554858121077,0.0,188,187,0,0,187,187,,1,0,0,1,0
2020-10-16,US,Puerto Rico,Penuelas,141,0,0,18.059645,-66.721572,72111.0,580.6770447244872,0.0,141,137,0,0,137,136,,4,0,0,4,1
2020-10-16,US,Puerto Rico,Ponce,1071,0,0,18.059498,-66.613748,72113.0,643.9122932536509,0.0,1071,1058,0,0,1058,1053,,13,0,0,13,5
2020-10-16,US,Puerto Rico,Quebradillas,229,0,0,18.439692,-66.926113,72115.0,883.5217408079018,0.0,229,223,0,0,223,222,,6,0,0,6,1
2020-10-16,US,Puerto Rico,Rincon,229,0,0,18.335442999999998,-67.23174,72117.0,1506.578947368421,0.0,229,229,0,0,229,228,,0,0,0,0,1
2020-10-16,US,Puerto Rico,Rio Grande,722,0,0,18.346329,-65.813742,72119.0,1329.552150854449,0.0,722,715,0,0,715,709,,7,0,0,7,6
2020-10-16,US,Puerto Rico,Sabana Grande,220,0,0,18.08282,-66.943758,72121.0,870.7698396991887,0.0,220,217,0,0,217,216,,3,0,0,3,1
2020-10-16,US,Puerto Rico,Salinas,500,0,0,18.010386999999994,-66.256592,72123.0,1608.855138683313,0.0,500,495,0,0,495,493,,5,0,0,5,2
2020-10-16,US,Puerto Rico,San German,288,0,0,18.111484,-67.03858100000001,72125.0,810.6510541278467,0.0,288,288,0,0,288,286,,0,0,0,0,2
2020-10-16,US,Puerto Rico,San Juan,9115,0,0,18.386933,-66.061128,72127.0,2305.6920111502914,0.0,9115,9057,0,0,9057,8971,,58,0,0,58,86
2020-10-16,US,Puerto Rico,San Lorenzo,632,0,0,18.147987,-65.976392,72129.0,1539.2858882556384,0.0,632,628,0,0,628,620,,4,0,0,4,8
2020-10-16,US,Puerto Rico,San Sebastian,562,0,0,18.328646,-66.971214,72131.0,1324.5345274569881,0.0,562,560,0,0,560,553,,2,0,0,2,7
2020-10-16,US,Puerto Rico,Santa Isabel,209,0,0,17.994525,-66.388913,72133.0,897.9977657471858,0.0,209,209,0,0,209,208,,0,0,0,0,1
2020-10-16,US,Puerto Rico,Toa Alta,1522,0,0,18.362406,-66.246616,72135.0,2054.923986714552,0.0,1522,1505,0,0,1505,1483,,17,0,0,17,22
2020-10-16,US,Puerto Rico,Toa Baja,1742,0,0,18.431445999999998,-66.213553,72137.0,1944.0011605977081,0.0,1742,1734,0,0,1734,1709,,8,0,0,8,25
2020-10-16,US,Puerto Rico,Trujillo Alto,1318,0,0,18.336159,-65.99888399999999,72139.0,1761.0432644771652,0.0,1318,1309,0,0,1309,1293,,9,0,0,9,16
2020-10-16,US,Puerto Rico,Unassigned,847,758,0,0.0,0.0,72999.0,0.0,89.49232585596222,89,846,743,0,103,830,,1,15,0,-14,16
2020-10-16,US,Puerto Rico,Utuado,191,0,0,18.271214,-66.702984,72141.0,576.1863102959368,0.0,191,190,0,0,190,186,,1,0,0,1,4
2020-10-16,US,Puerto Rico,Vega Alta,883,0,0,18.409346,-66.33725,72143.0,2210.207504192636,0.0,883,881,0,0,881,870,,2,0,0,2,11
2020-10-16,US,Puerto Rico,Vega Baja,1099,0,0,18.428262,-66.397924,72145.0,1842.0435117830448,0.0,1099,1096,0,0,1096,1080,,3,0,0,3,16
2020-10-16,US,Puerto Rico,Vieques,101,0,0,18.123276,-65.44097099999999,72147.0,1085.9047414256531,0.0,101,101,0,0,101,101,,0,0,0,0,0
2020-10-16,US,Puerto Rico,Villalba,171,0,0,18.127951,-66.473115,72149.0,655.8508802209183,0.0,171,171,0,0,171,170,,0,0,0,0,1
2020-10-16,US,Puerto Rico,Yabucoa,437,0,0,18.070399,-65.896289,72151.0,1151.788302891331,0.0,437,435,0,0,435,426,,2,0,0,2,9
2020-10-16,US,Puerto Rico,Yauco,467,0,0,18.080374,-66.858814,72153.0,1110.7675475108817,0.0,467,467,0,0,467,461,,0,0,0,0,6
2020-10-16,US,Rhode Island,Bristol,461,17,0,41.71018079,-71.28652315,44001.0,950.9272055941748,3.6876355748373104,444,461,17,0,444,461,48649,0,0,0,0,0
2020-10-16,US,Rhode Island,Kent,2145,116,0,41.67106337,-71.57641596,44003.0,1305.6022204367832,5.407925407925408,2029,2145,116,0,2029,2145,163861,0,0,0,0,0
2020-10-16,US,Rhode Island,Newport,582,10,0,41.5642026,-71.26569799,44005.0,709.0470505104653,1.718213058419244,572,582,10,0,572,582,82542,0,0,0,0,0
2020-10-16,US,Rhode Island,Providence,20439,909,0,41.87064746,-71.57753536,44007.0,3198.9369744150777,4.447380008806694,19530,20439,909,0,19530,20439,636084,0,0,0,0,0
2020-10-16,US,Rhode Island,Unassigned,2945,23,0,0.0,0.0,90044.0,0.0,0.7809847198641766,2922,2692,20,0,2672,2418,,253,3,0,250,274
2020-10-16,US,Rhode Island,Washington,1119,77,0,41.45961631,-71.61435303,44009.0,891.0867435915812,6.881143878462915,1042,1119,77,0,1042,1119,126179,0,0,0,0,0
2020-10-16,US,South Carolina,Abbeville,703,15,0,34.22333378,-82.46170658,45001.0,2866.229053695927,2.1337126600284493,688,701,15,0,686,694,24541,2,0,0,2,7
2020-10-16,US,South Carolina,Aiken,4713,85,0,33.54338026,-81.63645384,45003.0,2758.204972142891,1.8035221727137705,4628,4683,85,0,4598,4644,169401,30,0,0,30,39
2020-10-16,US,South Carolina,Allendale,427,6,0,32.98837386,-81.35321066,45005.0,4914.825046040516,1.4051522248243558,421,426,6,0,420,425,8903,1,0,0,1,1
2020-10-16,US,South Carolina,Anderson,5155,190,0,34.51828081,-82.63959517,45007.0,2544.950088369751,3.685741998060136,4965,5111,189,0,4922,5076,200482,44,1,0,43,35
2020-10-16,US,South Carolina,Bamberg,666,35,0,33.21927586,-81.05659969,45009.0,4734.8215555239585,5.255255255255255,631,665,35,0,630,665,14275,1,0,0,1,0
2020-10-16,US,South Carolina,Barnwell,840,19,0,33.26679302,-81.43584352,45011.0,4025.6877216524485,2.261904761904762,821,828,19,0,809,810,21112,12,0,0,12,18
2020-10-16,US,South Carolina,Beaufort,5942,89,0,32.39226291,-80.72619758,45013.0,3092.8264332039007,1.4978121844496803,5853,5927,89,0,5838,5909,188715,15,0,0,15,18
2020-10-16,US,South Carolina,Berkeley,5782,92,0,33.20222596,-79.94654523,45015.0,2536.9997411224754,1.591144932549291,5690,5749,92,0,5657,5723,221091,33,0,0,33,26
2020-10-16,US,South Carolina,Calhoun,499,17,0,33.66926881,-80.77722168,45017.0,3428.8462859891442,3.406813627254509,482,497,17,0,480,494,14520,2,0,0,2,3
2020-10-16,US,South Carolina,Charleston,16498,269,0,32.82487866,-79.96512315,45019.0,4010.150556870829,1.6305006667474846,16229,16448,269,0,16179,16392,405905,50,0,0,50,56
2020-10-16,US,South Carolina,Cherokee,1343,48,0,35.05122251,-81.61828622,45021.0,2343.804537521815,3.5740878629932986,1295,1328,48,0,1280,1313,57078,15,0,0,15,15
2020-10-16,US,South Carolina,Chester,1149,22,0,34.69249168,-81.1583216,45023.0,3563.453665798288,1.9147084421235856,1127,1140,22,0,1118,1131,32251,9,0,0,9,9
2020-10-16,US,South Carolina,Chesterfield,1406,41,0,34.64137396,-80.15640140000002,45025.0,3079.956188389923,2.916073968705548,1365,1397,40,0,1357,1383,45754,9,1,0,8,14
2020-10-16,US,South Carolina,Clarendon,1141,68,0,33.66610974,-80.21647898,45027.0,3381.241665431916,5.959684487291849,1073,1138,68,0,1070,1133,33700,3,0,0,3,5
2020-10-16,US,South Carolina,Colleton,1178,44,0,32.87582989,-80.67641292,45029.0,3126.5758951084217,3.735144312393888,1134,1173,44,0,1129,1167,37660,5,0,0,5,6
2020-10-16,US,South Carolina,Darlington,2320,63,0,34.33358335,-79.96027485,45031.0,3482.542255846768,2.7155172413793105,2257,2301,63,0,2238,2286,66802,19,0,0,19,15
2020-10-16,US,South Carolina,Dillon,1246,45,0,34.39007791,-79.37741872,45033.0,4088.0606319104963,3.6115569823434983,1201,1236,44,0,1192,1226,30599,10,1,0,9,10
2020-10-16,US,South Carolina,Dorchester,4554,92,0,33.0794369,-80.40502652,45035.0,2797.1426641033368,2.0202020202020203,4462,4528,91,0,4437,4485,160647,26,1,0,25,43
2020-10-16,US,South Carolina,Edgefield,868,21,0,33.77221995,-81.96231108,45037.0,3184.152604548789,2.419354838709677,847,868,21,0,847,862,27052,0,0,0,0,6
2020-10-16,US,South Carolina,Fairfield,833,37,0,34.39287073,-81.1195624,45039.0,3727.569696156083,4.441776710684273,796,828,37,0,791,824,22402,5,0,0,5,4
2020-10-16,US,South Carolina,Florence,5316,199,0,34.02361754,-79.70189312,45041.0,3844.012350588968,3.7434161023325814,5117,5290,199,0,5091,5259,138159,26,0,0,26,31
2020-10-16,US,South Carolina,Georgetown,2127,47,0,33.43443342,-79.33202141,45043.0,3393.426930440332,2.2096850023507293,2080,2098,47,0,2051,2067,62249,29,0,0,29,31
2020-10-16,US,South Carolina,Greenville,16184,330,0,34.89502264,-82.37295012,45045.0,3091.2515137276478,2.039050914483441,15854,15994,330,0,15664,15846,514213,190,0,0,190,148
2020-10-16,US,South Carolina,Greenwood,2444,74,0,34.15272415,-82.12715789,45047.0,3451.441160271709,3.0278232405891985,2370,2435,74,0,2361,2418,70741,9,0,0,9,17
2020-10-16,US,South Carolina,Hampton,738,29,0,32.77419582,-81.13845571,45049.0,3839.350743939237,3.9295392953929538,709,735,29,0,706,730,19351,3,0,0,3,5
2020-10-16,US,South Carolina,Horry,11705,207,0,33.9212828,-78.99555293,45051.0,3305.740776827901,1.7684750106791969,11498,11617,207,0,11410,11527,344147,88,0,0,88,90
2020-10-16,US,South Carolina,Jasper,869,23,0,32.43171982,-81.02487495,45053.0,2889.6352209623246,2.646720368239356,846,867,23,0,844,865,28971,2,0,0,2,2
2020-10-16,US,South Carolina,Kershaw,2306,42,0,34.33988254,-80.58763164,45055.0,3465.011795465132,1.8213356461405033,2264,2286,42,0,2244,2244,65592,20,0,0,20,42
2020-10-16,US,South Carolina,Lancaster,2406,56,0,34.68270843,-80.70513032,45057.0,2454.8014528833205,2.327514546965918,2350,2390,56,0,2334,2367,95380,16,0,0,16,23
2020-10-16,US,South Carolina,Laurens,1828,58,0,34.48244419,-82.00490796,45059.0,2708.429022268976,3.1728665207877462,1770,1816,58,0,1758,1797,66994,12,0,0,12,19
2020-10-16,US,South Carolina,Lee,753,35,0,34.16393091,-80.25690731,45061.0,4474.68504872831,4.648074369189907,718,750,35,0,715,744,17142,3,0,0,3,6
2020-10-16,US,South Carolina,Lexington,8341,187,0,33.89665987,-81.27146426,45063.0,2791.966527196653,2.2419374175758304,8154,8278,187,0,8091,8206,295032,63,0,0,63,72
2020-10-16,US,South Carolina,Marion,1042,36,0,34.07859748,-79.36400756,45067.0,3398.8974785530213,3.45489443378119,1006,1034,35,0,999,1024,31039,8,1,0,7,10
2020-10-16,US,South Carolina,Marlboro,1051,12,0,34.59905577,-79.67561152,45069.0,4024.0447201163947,1.141769743101808,1039,1042,12,0,1030,1026,26398,9,0,0,9,16
2020-10-16,US,South Carolina,McCormick,258,7,0,33.90161443,-82.30794338,45065.0,2726.408115819508,2.713178294573644,251,256,7,0,249,253,9410,2,0,0,2,3
2020-10-16,US,South Carolina,Newberry,1527,35,0,34.28629098,-81.59935761,45071.0,3972.4245577523407,2.2920759659463,1492,1519,35,0,1484,1506,38520,8,0,0,8,13
2020-10-16,US,South Carolina,Oconee,2266,30,0,34.75225169,-83.06742317,45073.0,2848.666180574761,1.323918799646955,2236,2237,29,0,2208,2191,78374,29,1,0,28,46
2020-10-16,US,South Carolina,Orangeburg,3245,129,0,33.4391073,-80.79886287,45075.0,3765.59326950972,3.975346687211094,3116,3240,129,0,3111,3219,86934,5,0,0,5,21
2020-10-16,US,South Carolina,Pickens,3822,53,0,34.88807695,-82.72791551,45077.0,3012.200119794458,1.3867085295656725,3769,3756,53,0,3703,3695,124937,66,0,0,66,61
2020-10-16,US,South Carolina,Richland,16476,260,0,34.01791263,-80.90267209,45079.0,3962.8727219374687,1.5780529254673463,16216,16366,258,0,16108,16263,414576,110,2,0,108,103
2020-10-16,US,South Carolina,Saluda,713,22,0,34.00795823,-81.72713237,45081.0,3482.635666487569,3.085553997194951,691,711,22,0,689,710,20544,2,0,0,2,1
2020-10-16,US,South Carolina,Spartanburg,8027,211,0,34.92960077,-81.99225984,45083.0,2510.123989555483,2.628628379220132,7816,7928,211,0,7717,7802,313888,99,0,0,99,126
2020-10-16,US,South Carolina,Sumter,3373,84,0,33.91826534,-80.37942316,45085.0,3160.5775807947825,2.490364660539579,3289,3362,84,0,3278,3350,106512,11,0,0,11,12
2020-10-16,US,South Carolina,Union,677,15,0,34.68835752,-81.61730349,45087.0,2478.400937179675,2.2156573116691285,662,675,15,0,660,670,27410,2,0,0,2,5
2020-10-16,US,South Carolina,Williamsburg,1379,46,0,33.62190129,-79.72767442,45089.0,4540.964172813488,3.335750543872371,1333,1379,46,0,1333,1372,30606,0,0,0,0,7
2020-10-16,US,South Carolina,York,6117,90,0,34.97281497,-81.18085944,45091.0,2177.0310236708083,1.4713094654242276,6027,6073,90,0,5983,6016,274118,44,0,0,44,57
2020-10-16,US,South Dakota,Aurora,148,0,0,43.71757685,-98.56050467,46003.0,5379.861868411486,0.0,148,145,0,0,145,140,2801,3,0,0,3,5
2020-10-16,US,South Dakota,Beadle,1033,12,0,44.41464384,-98.27858469,46005.0,5598.0057443234155,1.1616650532429815,1021,1016,12,0,1004,994,18883,17,0,0,17,22
2020-10-16,US,South Dakota,Bennett,121,4,0,43.19486375,-101.6665572,46007.0,3595.839524517088,3.3057851239669422,117,119,4,0,115,114,3468,2,0,0,2,5
2020-10-16,US,South Dakota,Bon Homme,200,1,0,42.98914167,-97.88592746,46009.0,2898.130705694827,0.5,199,191,1,0,190,182,6980,9,0,0,9,9
2020-10-16,US,South Dakota,Brookings,1109,2,0,44.36974375,-96.79079945,46011.0,3161.6158736494,0.18034265103697025,1107,1085,2,0,1083,1051,35232,24,0,0,24,34
2020-10-16,US,South Dakota,Brown,1685,4,0,45.58994323,-98.35165355,46013.0,4338.422719431499,0.2373887240356083,1681,1650,4,0,1646,1626,39316,35,0,0,35,24
2020-10-16,US,South Dakota,Brule,195,2,0,43.71756379,-99.08118954,46015.0,3681.329054181612,1.0256410256410255,193,189,2,0,187,186,5229,6,0,0,6,3
2020-10-16,US,South Dakota,Buffalo,192,3,0,44.07657829,-99.20814467,46017.0,9785.932721712536,1.5625,189,187,3,0,184,185,2036,5,0,0,5,2
2020-10-16,US,South Dakota,Butte,210,3,0,44.90608745,-103.5079318,46019.0,2013.6158787995014,1.4285714285714286,207,184,3,0,181,179,10222,26,0,0,26,5
2020-10-16,US,South Dakota,Campbell,62,0,0,45.77074915,-100.0510181,46021.0,4505.813953488372,0.0,62,57,0,0,57,56,1377,5,0,0,5,1
2020-10-16,US,South Dakota,Charles Mix,293,0,0,43.20660134,-98.58856175,46023.0,3153.2501076194576,0.0,293,289,0,0,289,277,9338,4,0,0,4,12
2020-10-16,US,South Dakota,Clark,65,0,0,44.85834507,-97.72925109,46025.0,1739.8286937901498,0.0,65,61,0,0,61,59,3739,4,0,0,4,2
2020-10-16,US,South Dakota,Clay,683,8,0,42.91296147,-96.97656917,46027.0,4854.299928926796,1.171303074670571,675,677,8,0,669,667,14041,6,0,0,6,10
2020-10-16,US,South Dakota,Codington,1206,10,0,44.97788119,-97.18827677,46029.0,4305.758863222535,0.8291873963515755,1196,1180,10,0,1170,1151,28015,26,0,0,26,29
2020-10-16,US,South Dakota,Corson,128,1,0,45.70889983,-101.1970473,46031.0,3132.6480665687714,0.78125,127,125,1,0,124,121,4165,3,0,0,3,4
2020-10-16,US,South Dakota,Custer,252,3,0,43.67741105,-103.45345209999999,46033.0,2808.738296923763,1.1904761904761905,249,242,3,0,239,234,8726,10,0,0,10,8
2020-10-16,US,South Dakota,Davison,654,4,0,43.67490933,-98.14458906,46035.0,3307.2060682680158,0.6116207951070336,650,635,4,0,631,615,19790,19,0,0,19,20
2020-10-16,US,South Dakota,Day,119,0,0,45.367281,-97.60737498,46037.0,2193.952802359882,0.0,119,118,0,0,118,115,5505,1,0,0,1,3
2020-10-16,US,South Dakota,Deuel,142,0,0,44.75994309,-96.66943645,46039.0,3263.617559181797,0.0,142,137,0,0,137,133,4337,5,0,0,5,4
2020-10-16,US,South Dakota,Dewey,257,0,0,45.15639647,-100.8709139,46041.0,4361.846571622539,0.0,257,252,0,0,252,230,5904,5,0,0,5,22
2020-10-16,US,South Dakota,Douglas,145,3,0,43.38520741,-98.36978007,46043.0,4964.053406367682,2.0689655172413794,142,142,2,0,140,136,2935,3,1,0,2,6
2020-10-16,US,South Dakota,Edmunds,117,1,0,45.41846445,-99.21545423,46045.0,3055.6281013319403,0.8547008547008547,116,113,0,0,113,113,3875,4,1,0,3,0
2020-10-16,US,South Dakota,Fall River,153,6,0,43.23929297,-103.5275691,46047.0,2279.159839118129,3.92156862745098,147,149,6,0,143,143,6758,4,0,0,4,6
2020-10-16,US,South Dakota,Faulk,145,1,0,45.07082625,-99.14535601,46049.0,6307.090039147455,0.6896551724137931,144,145,1,0,144,139,2330,0,0,0,0,6
2020-10-16,US,South Dakota,Grant,244,2,0,45.1723937,-96.77002276,46051.0,3460.0113442994893,0.819672131147541,242,237,2,0,235,228,7147,7,0,0,7,9
2020-10-16,US,South Dakota,Gregory,171,8,0,43.19419064,-99.18883902,46053.0,4086.021505376344,4.678362573099415,163,170,8,0,162,166,4212,1,0,0,1,4
2020-10-16,US,South Dakota,Haakon,59,1,0,44.29299053,-101.539099,46055.0,3106.898367561875,1.6949152542372878,58,57,1,0,56,55,1918,2,0,0,2,2
2020-10-16,US,South Dakota,Hamlin,147,0,0,44.67385954,-97.18829593,46057.0,2384.815055158988,0.0,147,144,0,0,144,139,6111,3,0,0,3,5
2020-10-16,US,South Dakota,Hand,84,1,0,44.54708407,-99.00386459,46059.0,2632.403635224068,1.1904761904761905,83,81,1,0,80,80,3262,3,0,0,3,1
2020-10-16,US,South Dakota,Hanson,63,1,0,43.6746384,-97.78715148,46061.0,1824.5004344048648,1.5873015873015872,62,61,1,0,60,56,3376,2,0,0,2,5
2020-10-16,US,South Dakota,Harding,18,0,0,45.58015551,-103.4958629,46063.0,1386.7488443759632,0.0,18,16,0,0,16,10,1249,2,0,0,2,6
2020-10-16,US,South Dakota,Hughes,702,5,0,44.39091534,-99.99661148,46065.0,4005.477576172544,0.7122507122507122,697,684,5,0,679,667,17650,18,0,0,18,17
2020-10-16,US,South Dakota,Hutchinson,176,2,0,43.33449012,-97.75536441,46067.0,2413.9349883417913,1.1363636363636365,174,174,2,0,172,167,7380,2,0,0,2,7
2020-10-16,US,South Dakota,Hyde,32,0,0,44.54747703,-99.48572582,46069.0,2459.646425826288,0.0,32,30,0,0,30,29,1282,2,0,0,2,1
2020-10-16,US,South Dakota,Jackson,72,1,0,43.69318385,-101.6255063,46071.0,2153.1100478468898,1.3888888888888888,71,69,1,0,68,64,3307,3,0,0,3,5
2020-10-16,US,South Dakota,Jerauld,153,6,0,44.06637798,-98.62965972,46073.0,7600.596125186289,3.92156862745098,147,153,6,0,147,151,2043,0,0,0,0,2
2020-10-16,US,South Dakota,Jones,24,0,0,43.96278565,-100.6940008,46075.0,2657.8073089701,0.0,24,24,0,0,24,23,928,0,0,0,0,1
2020-10-16,US,South Dakota,Kingsbury,123,0,0,44.36956169,-97.4913945,46077.0,2490.382668556388,0.0,123,118,0,0,118,107,4919,5,0,0,5,11
2020-10-16,US,South Dakota,Lake,284,8,0,44.02193107,-97.12926365,46079.0,2219.2701414394,2.8169014084507036,276,279,8,0,271,270,13057,5,0,0,5,9
2020-10-16,US,South Dakota,Lawrence,630,5,0,44.35919441,-103.79294279999999,46081.0,2437.703141928494,0.7936507936507936,625,611,5,0,606,596,25741,19,0,0,19,15
2020-10-16,US,South Dakota,Lincoln,2094,11,0,43.27841182,-96.72039050000001,46083.0,3425.5987436199453,0.5253104106972302,2083,2022,11,0,2011,1976,58807,72,0,0,72,46
2020-10-16,US,South Dakota,Lyman,207,4,0,43.89522709,-99.85201878,46085.0,5474.7421317111875,1.932367149758454,203,205,4,0,201,204,3821,2,0,0,2,1
2020-10-16,US,South Dakota,Marshall,54,0,0,45.75870838,-97.59855639,46091.0,1094.224924012158,0.0,54,54,0,0,54,54,5112,0,0,0,0,0
2020-10-16,US,South Dakota,McCook,171,1,0,43.6742571,-97.36863144,46087.0,3061.2244897959185,0.5847953216374269,170,164,1,0,163,163,5546,7,0,0,7,1
2020-10-16,US,South Dakota,McPherson,53,0,0,45.76626028,-99.22118798,46089.0,2227.8268179907527,0.0,53,51,0,0,51,49,2407,2,0,0,2,2
2020-10-16,US,South Dakota,Meade,773,8,0,44.56676791,-102.71627409999999,46093.0,2728.363687702951,1.034928848641656,765,752,8,0,744,737,28294,21,0,0,21,15
2020-10-16,US,South Dakota,Mellette,47,0,0,43.58078848,-100.7563186,46095.0,2280.4463852498793,0.0,47,46,0,0,46,44,2042,1,0,0,1,2
2020-10-16,US,South Dakota,Miner,94,0,0,44.02197882,-97.60992207,46097.0,4241.87725631769,0.0,94,84,0,0,84,73,2213,10,0,0,10,11
2020-10-16,US,South Dakota,Minnehaha,8712,92,0,43.67441641,-96.7910885,46099.0,4510.857746435117,1.056014692378329,8620,8531,91,0,8440,8397,192876,181,1,0,180,134
2020-10-16,US,South Dakota,Moody,159,1,0,44.02266214,-96.67081159,46101.0,2417.883211678832,0.6289308176100629,158,156,1,0,155,151,6579,3,0,0,3,5
2020-10-16,US,South Dakota,Oglala Lakota,518,5,0,43.33749164,-102.55554980000001,46102.0,3653.805459547154,0.9652509652509652,513,488,5,0,483,456,14309,30,0,0,30,32
2020-10-16,US,South Dakota,Pennington,3468,43,0,44.0025835,-102.8240777,46103.0,3048.121292023732,1.2399077277970012,3425,3378,43,0,3335,3292,111729,90,0,0,90,86
2020-10-16,US,South Dakota,Perkins,59,0,0,45.49049506,-102.47555859999999,46105.0,2059.3368237347295,0.0,59,58,0,0,58,54,2922,1,0,0,1,4
2020-10-16,US,South Dakota,Potter,82,0,0,45.06583079,-99.95498503,46107.0,3808.639108221087,0.0,82,79,0,0,79,78,2207,3,0,0,3,1
2020-10-16,US,South Dakota,Roberts,266,2,0,45.62975048,-96.94672673,46109.0,2559.168751202617,0.7518796992481203,264,264,2,0,262,258,10447,2,0,0,2,6
2020-10-16,US,South Dakota,Sanborn,66,0,0,44.02351092,-98.09098159999999,46111.0,2815.6996587030717,0.0,66,65,0,0,65,62,2429,1,0,0,1,3
2020-10-16,US,South Dakota,Spink,206,1,0,44.93837606,-98.34626602,46115.0,3230.865746549561,0.4854368932038835,205,202,1,0,201,197,6495,4,0,0,4,5
2020-10-16,US,South Dakota,Stanley,65,0,0,44.41381872,-100.7349153,46117.0,2098.1278244028404,0.0,65,63,0,0,63,61,3022,2,0,0,2,2
2020-10-16,US,South Dakota,Sully,27,0,0,44.71571812,-100.1278092,46119.0,1941.0496046010064,0.0,27,24,0,0,24,24,1392,3,0,0,3,0
2020-10-16,US,South Dakota,Todd,292,5,0,43.19338568,-100.71955030000001,46121.0,2869.214896334873,1.7123287671232876,287,287,5,0,282,264,10283,5,0,0,5,23
2020-10-16,US,South Dakota,Tripp,223,1,0,43.34459388,-99.8854891,46123.0,4098.511303069289,0.4484304932735426,222,221,1,0,220,218,5478,2,0,0,2,3
2020-10-16,US,South Dakota,Turner,341,8,0,43.3109081,-97.14865776,46125.0,4067.270992366413,2.3460410557184748,333,335,8,0,327,315,8424,6,0,0,6,20
2020-10-16,US,South Dakota,Union,630,10,0,42.83112163,-96.6557828,46127.0,3954.3057996485054,1.5873015873015872,620,620,10,0,610,599,15619,10,0,0,10,21
2020-10-16,US,South Dakota,Walworth,234,1,0,45.43019636,-100.03075140000001,46129.0,4305.427782888684,0.4273504273504273,233,213,1,0,212,197,5587,21,0,0,21,16
2020-10-16,US,South Dakota,Yankton,590,5,0,43.00924485,-97.39467635,46135.0,2586.131322871921,0.8474576271186439,585,578,5,0,573,565,22869,12,0,0,12,13
2020-10-16,US,South Dakota,Ziebach,78,1,0,44.97881876,-101.6654622,46137.0,2830.1886792452833,1.2820512820512822,77,76,1,0,75,73,2742,2,0,0,2,3
2020-10-16,US,Tennessee,Anderson,1498,13,0,36.12684348,-84.19965764,47001.0,1946.0105484683936,0.8678237650200267,1485,1486,13,0,1473,1463,76482,12,0,0,12,23
2020-10-16,US,Tennessee,Bedford,1551,20,0,35.51123746,-86.45549096,47003.0,3119.908273489832,1.2894906511927788,1531,1548,19,0,1529,1536,49038,3,1,0,2,12
2020-10-16,US,Tennessee,Benton,374,9,0,36.07110411,-88.06849355,47005.0,2314.3564356435645,2.406417112299465,365,370,9,0,361,368,16184,4,0,0,4,2
2020-10-16,US,Tennessee,Bledsoe,905,4,0,35.59942968,-85.20611967,47007.0,6007.7004779607005,0.4419889502762431,901,906,4,0,902,901,14755,-1,0,0,-1,5
2020-10-16,US,Tennessee,Blount,3001,31,0,35.68938198,-83.92847788,47009.0,2254.8990141861027,1.0329890036654448,2970,2974,31,0,2943,2947,131349,27,0,0,27,27
2020-10-16,US,Tennessee,Bradley,3312,21,0,35.15739424,-84.857186,47011.0,3063.546387938211,0.6340579710144928,3291,3306,21,0,3285,3279,106727,6,0,0,6,27
2020-10-16,US,Tennessee,Campbell,796,6,0,36.40355516,-84.15108559999999,47013.0,1997.8916721048145,0.7537688442211056,790,786,6,0,780,747,39583,10,0,0,10,39
2020-10-16,US,Tennessee,Cannon,366,2,0,35.80990797,-86.05738983,47015.0,2493.527728573375,0.5464480874316939,364,366,2,0,364,361,14462,0,0,0,0,5
2020-10-16,US,Tennessee,Carroll,1071,24,0,35.97366108,-88.45189331,47017.0,3857.096553462744,2.2408963585434174,1047,1072,24,0,1048,1063,28020,-1,0,0,-1,9
2020-10-16,US,Tennessee,Carter,1366,32,0,36.28969086,-82.12588974,47019.0,2422.372364384388,2.342606149341142,1334,1359,32,0,1327,1339,56351,7,0,0,7,20
2020-10-16,US,Tennessee,Cheatham,929,11,0,36.26136216,-87.08903581,47021.0,2284.407504856518,1.1840688912809472,918,927,10,0,917,912,40439,2,1,0,1,15
2020-10-16,US,Tennessee,Chester,703,13,0,35.42527478,-88.6095842,47023.0,4064.2886049603967,1.8492176386913228,690,703,13,0,690,699,17276,0,0,0,0,4
2020-10-16,US,Tennessee,Claiborne,488,6,0,36.48319149,-83.65947309,47025.0,1526.9564129040332,1.2295081967213115,482,487,6,0,481,484,31756,1,0,0,1,3
2020-10-16,US,Tennessee,Clay,351,7,0,36.55151008,-85.53930419,47027.0,4609.323703217334,1.9943019943019944,344,351,7,0,344,344,7717,0,0,0,0,7
2020-10-16,US,Tennessee,Cocke,884,12,0,35.9278914,-83.11828725,47029.0,2455.2827463615154,1.3574660633484164,872,878,12,0,866,870,35774,6,0,0,6,8
2020-10-16,US,Tennessee,Coffee,1669,19,0,35.49090731,-86.07311784,47031.0,2952.937013446568,1.138406231276213,1650,1668,19,0,1649,1630,55700,1,0,0,1,38
2020-10-16,US,Tennessee,Crockett,716,19,0,35.81830662,-89.14916269,47033.0,5031.623330990865,2.653631284916201,697,715,19,0,696,699,14328,1,0,0,1,16
2020-10-16,US,Tennessee,Cumberland,1449,24,0,35.95271721,-84.99840585,47035.0,2394.2498347653673,1.6563146997929608,1425,1446,24,0,1422,1427,59673,3,0,0,3,19
2020-10-16,US,Tennessee,Davidson,28933,324,0,36.17007426,-86.78646056,47037.0,4168.155310713627,1.1198285694535652,28609,28895,324,0,28571,28717,692587,38,0,0,38,178
2020-10-16,US,Tennessee,DeKalb,654,16,0,35.97616272,-85.83689361,47041.0,3191.800878477306,2.4464831804281344,638,653,16,0,637,645,20138,1,0,0,1,8
2020-10-16,US,Tennessee,Decatur,607,11,0,35.60048904,-88.11043779,47039.0,5204.492840607048,1.812191103789127,596,607,11,0,596,600,11706,0,0,0,0,7
2020-10-16,US,Tennessee,Dickson,1499,18,0,36.14669837,-87.35891709,47043.0,2778.6016163713207,1.2008005336891259,1481,1487,18,0,1469,1472,53446,12,0,0,12,15
2020-10-16,US,Tennessee,Dyer,1881,24,0,36.05931946,-89.41542855,47045.0,5062.0307327968985,1.2759170653907497,1857,1874,24,0,1850,1840,37320,7,0,0,7,34
2020-10-16,US,Tennessee,Fayette,1456,21,0,35.19615831,-89.41399032,47047.0,3539.736950866701,1.4423076923076923,1435,1453,21,0,1432,1432,40507,3,0,0,3,21
2020-10-16,US,Tennessee,Fentress,813,6,0,36.38128818,-84.92870012,47049.0,4389.1378286454665,0.7380073800738007,807,812,5,0,807,802,18217,1,1,0,0,10
2020-10-16,US,Tennessee,Franklin,1173,14,0,35.15634626,-86.09201039,47051.0,2779.094010614101,1.1935208866155158,1159,1169,14,0,1155,1154,41890,4,0,0,4,15
2020-10-16,US,Tennessee,Gibson,2002,36,0,35.99438059,-88.93358327,47053.0,4074.654509189343,1.7982017982017982,1966,1997,36,0,1961,1982,49045,5,0,0,5,15
2020-10-16,US,Tennessee,Giles,855,31,0,35.20222469,-87.03992678,47055.0,2901.846320934021,3.6257309941520472,824,850,30,0,820,824,29503,5,1,0,4,26
2020-10-16,US,Tennessee,Grainger,509,4,0,36.27469206,-83.51254721,47057.0,2182.6758147512865,0.7858546168958742,505,497,4,0,493,491,23145,12,0,0,12,6
2020-10-16,US,Tennessee,Greene,1444,48,0,36.17470125,-82.84691273,47059.0,2090.6629602281782,3.324099722991689,1396,1435,48,0,1387,1383,69087,9,0,0,9,52
2020-10-16,US,Tennessee,Grundy,488,8,0,35.38433717,-85.72142731,47061.0,3634.4678632605933,1.639344262295082,480,483,8,0,475,467,13346,5,0,0,5,16
2020-10-16,US,Tennessee,Hamblen,2281,43,0,36.21990035,-83.26586179,47063.0,3512.797609880802,1.8851380973257343,2238,2271,43,0,2228,2254,64569,10,0,0,10,17
2020-10-16,US,Tennessee,Hamilton,10834,101,0,35.17670231,-85.16652245,47065.0,2945.5905862905242,0.9322503230570428,10733,10785,101,0,10684,10730,364286,49,0,0,49,55
2020-10-16,US,Tennessee,Hancock,112,3,0,36.52692871,-83.22375847,47067.0,1691.842900302115,2.6785714285714284,109,112,3,0,109,112,6549,0,0,0,0,0
2020-10-16,US,Tennessee,Hardeman,1739,32,0,35.20772017,-88.99161161,47069.0,6942.1157684630725,1.8401380103507765,1707,1733,32,0,1701,1727,25220,6,0,0,6,6
2020-10-16,US,Tennessee,Hardin,1247,19,0,35.19732531,-88.18593755,47071.0,4861.219398097614,1.5236567762630313,1228,1245,19,0,1226,1240,25776,2,0,0,2,5
2020-10-16,US,Tennessee,Hawkins,1043,23,0,36.44355426,-82.94885298,47073.0,1836.720318388335,2.205177372962608,1020,1039,23,0,1016,1016,56530,4,0,0,4,23
2020-10-16,US,Tennessee,Haywood,1173,25,0,35.58332824,-89.28536625,47075.0,6778.77947295423,2.131287297527707,1148,1169,25,0,1144,1159,17335,4,0,0,4,10
2020-10-16,US,Tennessee,Henderson,1338,24,0,35.65581134,-88.38600175,47077.0,4758.686915389267,1.7937219730941705,1314,1335,24,0,1311,1327,27847,3,0,0,3,8
2020-10-16,US,Tennessee,Henry,707,10,0,36.33160906,-88.30121797,47079.0,2185.809244087185,1.4144271570014144,697,708,10,0,698,697,32358,-1,0,0,-1,11
2020-10-16,US,Tennessee,Hickman,714,13,0,35.80609681,-87.47643507,47081.0,2835.809039637779,1.8207282913165264,701,711,13,0,698,710,25063,3,0,0,3,1
2020-10-16,US,Tennessee,Houston,375,14,0,36.28872054,-87.71878828,47083.0,4572.613095963907,3.733333333333333,361,373,14,0,359,370,8263,2,0,0,2,3
2020-10-16,US,Tennessee,Humphreys,385,4,0,36.03958805,-87.77992872,47085.0,2071.8975352491657,1.0389610389610389,381,377,4,0,373,367,18486,8,0,0,8,10
2020-10-16,US,Tennessee,Jackson,406,5,0,36.36380466,-85.67239905,47087.0,3444.764975394536,1.2315270935960592,401,403,5,0,398,399,11758,3,0,0,3,4
2020-10-16,US,Tennessee,Jefferson,1407,18,0,36.04818632,-83.45148924,47089.0,2581.888246628131,1.279317697228145,1389,1393,18,0,1375,1380,54012,14,0,0,14,13
2020-10-16,US,Tennessee,Johnson,1060,6,0,36.45523950000001,-81.84886538,47091.0,5959.073532718687,0.5660377358490566,1054,1060,6,0,1054,1050,17778,0,0,0,0,10
2020-10-16,US,Tennessee,Knox,11441,85,0,35.99508821,-83.94635435,47093.0,2432.635287563814,0.7429420505200595,11356,11389,84,0,11305,11257,465289,52,1,0,51,132
2020-10-16,US,Tennessee,Lake,955,3,0,36.34180170000001,-89.48921915,47095.0,13611.74458380844,0.31413612565445026,952,954,3,0,951,952,7411,1,0,0,1,2
2020-10-16,US,Tennessee,Lauderdale,1240,18,0,35.75893438,-89.63015909999999,47097.0,4837.514141926423,1.4516129032258065,1222,1232,17,0,1215,1206,25825,8,1,0,7,26
2020-10-16,US,Tennessee,Lawrence,1376,17,0,35.21675201,-87.39787695,47099.0,3117.2126319604913,1.2354651162790695,1359,1368,17,0,1351,1332,43734,8,0,0,8,36
2020-10-16,US,Tennessee,Lewis,304,2,0,35.52853208,-87.49022694,47101.0,2477.9915226605804,0.6578947368421053,302,300,2,0,298,294,12086,4,0,0,4,6
2020-10-16,US,Tennessee,Lincoln,770,2,0,35.13738622,-86.58910106,47103.0,2240.5866263167086,0.2597402597402597,768,763,2,0,761,745,34117,7,0,0,7,18
2020-10-16,US,Tennessee,Loudon,1507,10,0,35.73939663,-84.31145275,47105.0,2787.230894429237,0.6635700066357001,1497,1498,10,0,1488,1483,53054,9,0,0,9,15
2020-10-16,US,Tennessee,Macon,1234,22,0,36.53157855,-86.00778595,47111.0,5015.852369726039,1.7828200972447326,1212,1231,23,0,1208,1214,24265,3,-1,0,4,17
2020-10-16,US,Tennessee,Madison,3495,78,0,35.61181957,-88.84076036,47113.0,3566.9088830829523,2.2317596566523603,3417,3468,78,0,3390,3432,97605,27,0,0,27,36
2020-10-16,US,Tennessee,Marion,654,9,0,35.12997174,-85.62265895,47115.0,2262.427785657453,1.3761467889908257,645,652,9,0,643,640,28575,2,0,0,2,12
2020-10-16,US,Tennessee,Marshall,992,8,0,35.45798777,-86.76420988,47117.0,2885.818181818182,0.8064516129032258,984,987,8,0,979,968,33683,5,0,0,5,19
2020-10-16,US,Tennessee,Maury,2885,35,0,35.618741299999996,-87.07462444,47119.0,2993.1422287237897,1.2131715771230502,2850,2874,34,0,2840,2858,94340,11,1,0,10,16
2020-10-16,US,Tennessee,McMinn,1413,32,0,35.42812616,-84.61520715,47107.0,2626.686991114251,2.264685067232838,1381,1406,32,0,1374,1370,53285,7,0,0,7,36
2020-10-16,US,Tennessee,McNairy,1059,24,0,35.17468549,-88.5647812,47109.0,4121.584805791234,2.26628895184136,1035,1058,25,0,1033,1048,25832,1,-1,0,2,10
2020-10-16,US,Tennessee,Meigs,277,4,0,35.51558739,-84.81482914,47121.0,2229.9146675253587,1.444043321299639,273,269,4,0,265,265,12306,8,0,0,8,4
2020-10-16,US,Tennessee,Monroe,1274,22,0,35.44550387,-84.24902965,47123.0,2737.136104844774,1.7268445839874411,1252,1263,21,0,1242,1239,46357,11,1,0,10,24
2020-10-16,US,Tennessee,Montgomery,3691,51,0,36.49609412,-87.38550661,47125.0,1766.0878594019894,1.381739366025467,3640,3678,51,0,3627,3623,205950,13,0,0,13,55
2020-10-16,US,Tennessee,Moore,230,2,0,35.27724699,-86.36230578,47127.0,3545.006165228113,0.8695652173913043,228,228,1,0,227,227,6411,2,1,0,1,1
2020-10-16,US,Tennessee,Morgan,393,6,0,36.13248031,-84.64880098,47129.0,1836.1911881511933,1.5267175572519085,387,391,6,0,385,380,21579,2,0,0,2,11
2020-10-16,US,Tennessee,Obion,1583,17,0,36.35732446,-89.14921589,47131.0,5264.558182846121,1.0739102969046117,1566,1580,18,0,1562,1555,30267,3,-1,0,4,25
2020-10-16,US,Tennessee,Out of TN,3440,31,0,0.0,0.0,80047.0,0.0,0.9011627906976744,3409,3472,33,0,3439,3398,,-32,-2,0,-30,74
2020-10-16,US,Tennessee,Overton,1058,11,0,36.34117832,-85.28989535,47133.0,4756.980351602896,1.0396975425330812,1047,1055,11,0,1044,1032,22068,3,0,0,3,23
2020-10-16,US,Tennessee,Perry,176,1,0,35.63708728,-87.86139634,47135.0,2179.296681525508,0.5681818181818182,175,176,1,0,175,175,8064,0,0,0,0,1
2020-10-16,US,Tennessee,Pickett,221,4,0,36.55606529,-85.07763299999998,47137.0,4377.971473851029,1.8099547511312215,217,220,3,0,217,218,5082,1,1,0,0,2
2020-10-16,US,Tennessee,Polk,451,13,0,35.12245443,-84.52075859,47139.0,2679.4201520912547,2.882483370288248,438,451,13,0,438,448,16898,0,0,0,0,3
2020-10-16,US,Tennessee,Putnam,3948,51,0,36.14005459,-85.50646123,47141.0,4919.932706087607,1.2917933130699089,3897,3948,51,0,3897,3899,78843,0,0,0,0,49
2020-10-16,US,Tennessee,Rhea,1003,16,0,35.60536161,-84.93076643,47143.0,3024.090210148641,1.5952143569292123,987,998,16,0,982,988,33044,5,0,0,5,10
2020-10-16,US,Tennessee,Roane,1130,6,0,35.84923189,-84.52458689,47145.0,2116.8184032070735,0.5309734513274337,1124,1123,6,0,1117,1111,53140,7,0,0,7,12
2020-10-16,US,Tennessee,Robertson,2426,40,0,36.52454807,-86.87346725,47147.0,3378.218428418253,1.6488046166529269,2386,2419,39,0,2380,2401,71012,7,1,0,6,18
2020-10-16,US,Tennessee,Rutherford,10654,105,0,35.84591405,-86.4107263,47149.0,3206.283762432852,0.9855453350854141,10549,10637,105,0,10532,10570,324890,17,0,0,17,67
2020-10-16,US,Tennessee,Scott,300,3,0,36.42325673,-84.50360494,47151.0,1359.4344752582927,1.0,297,299,3,0,296,294,22039,1,0,0,1,5
2020-10-16,US,Tennessee,Sequatchie,306,4,0,35.36979721,-85.41022136,47153.0,2036.4701184613336,1.30718954248366,302,301,4,0,297,289,14876,5,0,0,5,12
2020-10-16,US,Tennessee,Sevier,3054,20,0,35.78077323,-83.52244332,47155.0,3108.396946564885,0.6548788474132285,3034,3044,20,0,3024,3006,97892,10,0,0,10,38
2020-10-16,US,Tennessee,Shelby,33507,548,0,35.1864775,-89.89692423,47157.0,3575.353779373131,1.6354791536096935,32959,33443,547,0,32896,33288,935764,64,1,0,63,155
2020-10-16,US,Tennessee,Smith,908,12,0,36.25359775,-85.95411046,47159.0,4504.638587091333,1.3215859030837005,896,907,12,0,895,896,19942,1,0,0,1,11
2020-10-16,US,Tennessee,Stewart,299,7,0,36.50235092,-87.83920548,47161.0,2180.0947867298582,2.34113712374582,292,297,7,0,290,294,13561,2,0,0,2,3
2020-10-16,US,Tennessee,Sullivan,2943,42,0,36.51240691,-82.30412917,47163.0,1858.564680324349,1.4271151885830784,2901,2914,42,0,2872,2830,157668,29,0,0,29,84
2020-10-16,US,Tennessee,Sumner,5442,106,0,36.46824103,-86.45917204,47165.0,2844.9992942394256,1.9478133039323775,5336,5428,106,0,5322,5360,187149,14,0,0,14,68
2020-10-16,US,Tennessee,Tipton,2128,22,0,35.501942,-89.73694895,47167.0,3454.601535739217,1.033834586466165,2106,2123,22,0,2101,2113,61581,5,0,0,5,10
2020-10-16,US,Tennessee,Trousdale,1717,7,0,36.39026213,-86.16087954,47169.0,15216.235377525703,0.40768782760628997,1710,1717,7,0,1710,1717,11012,0,0,0,0,0
2020-10-16,US,Tennessee,Unassigned,3434,3,0,0.0,0.0,90047.0,0.0,0.08736167734420501,3431,3437,3,0,3434,3387,,-3,0,0,-3,50
2020-10-16,US,Tennessee,Unicoi,330,1,0,36.10890856,-82.43709629,47171.0,1845.3279651065257,0.30303030303030304,329,330,1,0,329,309,17761,0,0,0,0,21
2020-10-16,US,Tennessee,Union,476,2,0,36.28590426,-83.83651902,47173.0,2383.336671339876,0.4201680672268908,474,474,2,0,472,470,19688,2,0,0,2,4
2020-10-16,US,Tennessee,Van Buren,186,1,0,35.69864497,-85.45221699,47175.0,3167.574931880109,0.5376344086021505,185,186,1,0,185,185,5765,0,0,0,0,1
2020-10-16,US,Tennessee,Warren,1283,9,0,35.672829899999996,-85.77969117,47177.0,3108.2685272670005,0.7014809041309431,1274,1282,9,0,1273,1252,40878,1,0,0,1,30
2020-10-16,US,Tennessee,Washington,2874,42,0,36.29472368,-82.49454720000001,47179.0,2221.449275362319,1.4613778705636744,2832,2855,42,0,2813,2801,128607,19,0,0,19,54
2020-10-16,US,Tennessee,Wayne,1548,7,0,35.23868267,-87.78644456,47181.0,9284.471900677745,0.4521963824289406,1541,1546,7,0,1539,1546,16558,2,0,0,2,0
2020-10-16,US,Tennessee,Weakley,1404,23,0,36.29896232,-88.71990865,47183.0,4212.674027844455,1.6381766381766385,1381,1400,23,0,1377,1394,33415,4,0,0,4,6
2020-10-16,US,Tennessee,White,1032,14,0,35.92929884,-85.45591799,47185.0,3773.9989029072963,1.3565891472868217,1018,1032,14,0,1018,1014,27107,0,0,0,0,18
2020-10-16,US,Tennessee,Williamson,6294,47,0,35.89099229,-86.89281867,47187.0,2639.9677868563667,0.7467429297743883,6247,6274,47,0,6227,6194,231729,20,0,0,20,80
2020-10-16,US,Tennessee,Wilson,4184,52,0,36.15496772,-86.29775884,47189.0,2892.359166856771,1.24282982791587,4132,4176,52,0,4124,4155,140625,8,0,0,8,21
2020-10-16,US,Texas,Anderson,2906,38,0,31.81534745,-95.65354823,48001.0,5033.341993591409,1.3076393668272541,2868,2903,38,0,2865,2885,58057,3,0,0,3,18
2020-10-16,US,Texas,Andrews,547,10,0,32.30468633,-102.63765479999999,48003.0,2924.351777599573,1.828153564899452,537,518,10,0,508,518,18128,29,0,0,29,0
2020-10-16,US,Texas,Angelina,2251,87,0,31.25457347,-94.60901487,48005.0,2595.860001153203,3.864948911594847,2164,2221,86,0,2135,2221,87092,30,1,0,29,0
2020-10-16,US,Texas,Aransas,340,18,0,28.10556197,-96.9995047,48007.0,1446.193109315185,5.294117647058823,322,340,18,0,322,340,23792,0,0,0,0,0
2020-10-16,US,Texas,Archer,106,1,0,33.61569967,-98.68754589,48009.0,1239.3312288086051,0.9433962264150944,105,105,1,0,104,103,8786,1,0,0,1,2
2020-10-16,US,Texas,Armstrong,18,1,0,34.96507426,-101.35748740000001,48011.0,953.8950715421304,5.5555555555555545,17,18,1,0,17,18,1892,0,0,0,0,0
2020-10-16,US,Texas,Atascosa,1252,34,0,28.89333001,-98.52730485,48013.0,2447.5592829355073,2.7156549520766773,1218,1254,34,0,1220,1254,50310,-2,0,0,-2,0
2020-10-16,US,Texas,Austin,507,9,0,29.88548725,-96.27736949,48015.0,1688.1992541289292,1.7751479289940828,498,506,9,0,497,504,29989,1,0,0,1,2
2020-10-16,US,Texas,Bailey,256,5,0,34.06854817,-102.8299707,48017.0,3657.142857142857,1.953125,251,251,5,0,246,246,7027,5,0,0,5,5
2020-10-16,US,Texas,Bandera,178,8,0,29.74619598,-99.24598147,48019.0,770.1626860505365,4.49438202247191,170,178,8,0,170,178,22824,0,0,0,0,0
2020-10-16,US,Texas,Bastrop,1939,31,0,30.10370699,-97.31206354,48021.0,2185.4536027862,1.5987622485817432,1908,1930,31,0,1899,1919,86976,9,0,0,9,11
2020-10-16,US,Texas,Baylor,40,2,0,33.61640794,-99.21352901,48023.0,1139.9259048161866,5.0,38,39,2,0,37,36,3582,1,0,0,1,3
2020-10-16,US,Texas,Bee,1831,37,0,28.41761668,-97.74215593,48025.0,5622.6009519422705,2.020753686510104,1794,1831,37,0,1794,1831,32587,0,0,0,0,0
2020-10-16,US,Texas,Bell,6015,95,0,31.03736027,-97.4785025,48027.0,1657.3717913392334,1.5793848711554448,5920,5959,94,0,5865,5931,355642,56,1,0,55,28
2020-10-16,US,Texas,Bexar,60442,1376,0,29.44928723,-98.52019748,48029.0,3016.739254345029,2.276562655107376,59066,60258,1370,0,58888,60034,1986049,184,6,0,178,224
2020-10-16,US,Texas,Blanco,153,6,0,30.26640707,-98.3999852,48031.0,1282.3736484787528,3.92156862745098,147,153,6,0,147,152,11702,0,0,0,0,1
2020-10-16,US,Texas,Borden,1,0,0,32.74363984,-101.43165090000001,48033.0,152.9051987767584,0.0,1,1,0,0,1,1,648,0,0,0,0,0
2020-10-16,US,Texas,Bosque,381,9,0,31.89978581,-97.63613524,48035.0,2039.068771742039,2.3622047244094486,372,380,9,0,371,379,18691,1,0,0,1,1
2020-10-16,US,Texas,Bowie,1654,67,0,33.44626922,-94.41834132,48037.0,1773.8216526355304,4.050785973397823,1587,1625,67,0,1558,1612,94324,29,0,0,29,13
2020-10-16,US,Texas,Brazoria,11917,179,0,29.18757369,-95.44563172,48039.0,3184.1160250518346,1.5020558865486282,11738,11895,177,0,11718,11847,370200,22,2,0,20,48
2020-10-16,US,Texas,Brazos,7213,65,0,30.663644800000004,-96.30205577,48041.0,3146.882130438765,0.9011507001247748,7148,7138,65,0,7073,7081,226758,75,0,0,75,57
2020-10-16,US,Texas,Brewster,245,5,0,29.81008251,-103.25203259999999,48043.0,2662.175377594263,2.0408163265306123,240,245,5,0,240,245,9267,0,0,0,0,0
2020-10-16,US,Texas,Briscoe,17,1,0,34.53026962,-101.2084947,48045.0,1099.6119016817597,5.882352941176472,16,16,1,0,15,16,1516,1,0,0,1,0
2020-10-16,US,Texas,Brooks,345,23,0,27.03103197,-98.21808402,48047.0,4863.950373607782,6.666666666666668,322,345,23,0,322,345,7114,0,0,0,0,0
2020-10-16,US,Texas,Brown,629,26,0,31.77430356,-98.99907113,48049.0,1661.2085358123813,4.133545310015898,603,625,26,0,599,611,37924,4,0,0,4,14
2020-10-16,US,Texas,Burleson,410,6,0,30.49273808,-96.62158484,48051.0,2223.0656617686927,1.4634146341463414,404,403,6,0,397,397,18389,7,0,0,7,6
2020-10-16,US,Texas,Burnet,852,12,0,30.78801353,-98.181887,48053.0,1769.2866784342227,1.4084507042253518,840,846,12,0,834,842,47542,6,0,0,6,4
2020-10-16,US,Texas,Caldwell,1681,37,0,29.83668859,-97.61814775,48055.0,3849.8534261634295,2.201070791195717,1644,1674,37,0,1637,1666,43247,7,0,0,7,8
2020-10-16,US,Texas,Calhoun,877,9,0,28.47048236,-96.61633945,48057.0,4119.304837952092,1.026225769669327,868,875,9,0,866,875,21561,2,0,0,2,0
2020-10-16,US,Texas,Callahan,107,4,0,32.29760619,-99.37326312,48059.0,767.4101699777666,3.7383177570093458,103,106,4,0,102,104,13994,1,0,0,1,2
2020-10-16,US,Texas,Cameron,23662,1063,0,26.14524221,-97.48140372,48061.0,5591.698707117588,4.492435128053419,22599,23612,1058,0,22554,23559,423908,50,5,0,45,53
2020-10-16,US,Texas,Camp,381,13,0,32.97195142,-94.97790104,48063.0,2909.7296471666414,3.4120734908136483,368,379,12,0,367,376,13033,2,1,0,1,3
2020-10-16,US,Texas,Carson,47,0,0,35.40365929,-101.35426690000001,48065.0,793.1150860614242,0.0,47,47,0,0,47,44,6005,0,0,0,0,3
2020-10-16,US,Texas,Cass,454,20,0,33.07499881,-94.34646905,48067.0,1512.0229134749884,4.405286343612334,434,445,20,0,425,434,30119,9,0,0,9,11
2020-10-16,US,Texas,Castro,278,6,0,34.53016752,-102.2617243,48069.0,3691.8990703851264,2.1582733812949644,272,277,6,0,271,276,7665,1,0,0,1,1
2020-10-16,US,Texas,Chambers,1497,8,0,29.70972016,-94.67154501,48071.0,3414.923466478089,0.5344021376085505,1489,1481,8,0,1473,1472,42454,16,0,0,16,9
2020-10-16,US,Texas,Cherokee,1606,31,0,31.837258000000002,-95.16559897,48073.0,3050.5641454241536,1.9302615193026151,1575,1601,31,0,1570,1595,52592,5,0,0,5,6
2020-10-16,US,Texas,Childress,90,0,0,34.529304100000004,-100.2077916,48075.0,1231.8642211880647,0.0,90,89,0,0,89,87,7291,1,0,0,1,2
2020-10-16,US,Texas,Clay,91,2,0,33.78686685,-98.20771198,48077.0,869.0669468054627,2.1978021978021984,89,90,2,0,88,89,10456,1,0,0,1,1
2020-10-16,US,Texas,Cochran,79,1,0,33.60425307,-102.82844990000001,48079.0,2769.015071854189,1.2658227848101269,78,78,1,0,77,77,2836,1,0,0,1,1
2020-10-16,US,Texas,Coke,80,4,0,31.88911733,-100.5297533,48081.0,2361.9722468260998,5.0,76,79,4,0,75,80,3370,1,0,0,1,-1
2020-10-16,US,Texas,Coleman,82,4,0,31.76736834,-99.45240766,48083.0,1003.0581039755352,4.878048780487805,78,82,4,0,78,82,8397,0,0,0,0,0
2020-10-16,US,Texas,Collin,16751,169,0,33.18820114,-96.57264368,48085.0,1618.8764218685067,1.0088949913438003,16582,16588,168,0,16420,16488,1005146,163,1,0,162,100
2020-10-16,US,Texas,Collingsworth,19,0,0,34.96489496,-100.27001109999999,48087.0,650.6849315068494,0.0,19,19,0,0,19,19,2962,0,0,0,0,0
2020-10-16,US,Texas,Colorado,494,4,0,29.622097999999998,-96.5273805,48089.0,2298.422742288187,0.8097165991902834,490,494,4,0,490,494,21217,0,0,0,0,0
2020-10-16,US,Texas,Comal,2817,105,0,29.80811278,-98.27647225,48091.0,1803.3531998796484,3.727369542066028,2712,2801,105,0,2696,2793,148373,16,0,0,16,8
2020-10-16,US,Texas,Comanche,336,5,0,31.94854689,-98.55876441,48093.0,2464.2464246424647,1.488095238095238,331,336,5,0,331,335,13534,0,0,0,0,1
2020-10-16,US,Texas,Concho,139,2,0,31.32635934,-99.86473038,48095.0,5099.046221570066,1.4388489208633093,137,139,2,0,137,138,4276,0,0,0,0,1
2020-10-16,US,Texas,Cooke,504,7,0,33.63979567,-97.21240912,48097.0,1221.6108781540104,1.3888888888888888,497,501,7,0,494,493,40574,3,0,0,3,8
2020-10-16,US,Texas,Coryell,1928,13,0,31.39078397,-97.79936155,48099.0,2538.478756040079,0.6742738589211619,1915,1925,13,0,1912,1914,74808,3,0,0,3,11
2020-10-16,US,Texas,Cottle,33,3,0,34.07783319,-100.27850620000001,48101.0,2360.5150214592277,9.090909090909092,30,33,3,0,30,33,1389,0,0,0,0,0
2020-10-16,US,Texas,Crane,73,2,0,31.43052248,-102.5143314,48103.0,1521.7844486137174,2.7397260273972597,71,73,2,0,71,73,4794,0,0,0,0,0
2020-10-16,US,Texas,Crockett,166,7,0,30.72367027,-101.4134238,48105.0,4792.147806004619,4.216867469879518,159,166,7,0,159,166,3499,0,0,0,0,0
2020-10-16,US,Texas,Crosby,103,5,0,33.61431553,-101.30003640000001,48107.0,1795.3634303643018,4.854368932038835,98,102,5,0,97,95,5779,1,0,0,1,7
2020-10-16,US,Texas,Culberson,81,2,0,31.44506775,-104.5185739,48109.0,3730.999539382773,2.469135802469136,79,77,2,0,75,77,2204,4,0,0,4,0
2020-10-16,US,Texas,Dallam,327,10,0,36.27787176,-102.60207249999999,48111.0,4487.443392342528,3.058103975535168,317,317,10,0,307,307,7200,10,0,0,10,10
2020-10-16,US,Texas,Dallas,88372,1187,0,32.76670599,-96.77796049999999,48113.0,3353.119465030757,1.3431856244059204,87185,88372,1184,0,87188,87835,2637772,0,3,0,-3,537
2020-10-16,US,Texas,Dawson,697,15,0,32.74255572,-101.94772420000001,48115.0,5476.115650534255,2.152080344332855,682,672,13,0,659,666,12619,25,2,0,23,6
2020-10-16,US,Texas,DeWitt,1060,42,0,29.08101855,-97.35681170000001,48123.0,5257.936507936508,3.962264150943396,1018,1057,42,0,1015,1053,20187,3,0,0,3,4
2020-10-16,US,Texas,Deaf Smith,965,25,0,34.96522957,-102.6054267,48117.0,5203.278334950934,2.5906735751295336,940,964,25,0,939,960,18760,1,0,0,1,4
2020-10-16,US,Texas,Delta,32,0,0,33.38570922,-95.66921122,48119.0,600.2626148940161,0.0,32,32,0,0,32,32,5349,0,0,0,0,0
2020-10-16,US,Texas,Denton,13463,162,0,33.20521901,-97.11691153,48121.0,1517.4587215835763,1.2032979276535691,13301,13306,162,0,13144,13192,859064,157,0,0,157,114
2020-10-16,US,Texas,Dickens,51,2,0,33.61616822,-100.7788855,48125.0,2306.648575305292,3.92156862745098,49,51,2,0,49,51,2249,0,0,0,0,0
2020-10-16,US,Texas,Dimmit,272,7,0,28.42270064,-99.75645095,48127.0,2686.685104701699,2.573529411764706,265,278,7,0,271,277,10308,-6,0,0,-6,1
2020-10-16,US,Texas,Donley,81,1,0,34.96517499,-100.8140093,48129.0,2471.018913971934,1.2345679012345678,80,81,1,0,80,78,3319,0,0,0,0,3
2020-10-16,US,Texas,Duval,469,20,0,27.68184592,-98.50864568,48131.0,4203.638971049565,4.264392324093817,449,469,20,0,449,466,11212,0,0,0,0,3
2020-10-16,US,Texas,Eastland,218,6,0,32.32743996,-98.83243566,48133.0,1187.3638344226579,2.7522935779816518,212,217,6,0,211,215,18322,1,0,0,1,2
2020-10-16,US,Texas,Ector,5613,108,0,31.86898877,-102.54294279999999,48135.0,3376.7890123508782,1.9241047568145375,5505,5556,106,0,5450,5480,162124,57,2,0,55,76
2020-10-16,US,Texas,Edwards,66,2,0,29.98202582,-100.304252,48137.0,3416.149068322981,3.0303030303030303,64,68,2,0,66,68,1928,-2,0,0,-2,0
2020-10-16,US,Texas,El Paso,31478,571,0,31.76980765,-106.23632749999999,48141.0,3750.7834487952173,1.813965309104772,30907,29887,564,0,29323,29887,840758,1591,7,0,1584,0
2020-10-16,US,Texas,Ellis,4700,74,0,32.34894117,-96.79371841,48139.0,2542.932271433673,1.574468085106383,4626,4684,73,0,4611,4638,179436,16,1,0,15,46
2020-10-16,US,Texas,Erath,956,13,0,32.23602653,-98.21773417,48143.0,2238.980748512811,1.3598326359832635,943,948,13,0,935,936,42446,8,0,0,8,12
2020-10-16,US,Texas,Falls,633,5,0,31.25350609,-96.93630086,48145.0,3659.594149274441,0.7898894154818326,628,623,5,0,618,620,17335,10,0,0,10,3
2020-10-16,US,Texas,Fannin,733,16,0,33.59564294,-96.10751083,48147.0,2063.974770513037,2.1828103683492497,717,728,16,0,712,721,35286,5,0,0,5,7
2020-10-16,US,Texas,Fayette,653,22,0,29.87788372,-96.92076062,48149.0,2576.343407243747,3.3690658499234303,631,649,21,0,628,649,25349,4,1,0,3,0
2020-10-16,US,Texas,Fisher,85,3,0,32.74281316,-100.40193020000001,48151.0,2219.3211488250654,3.5294117647058822,82,85,3,0,82,84,3839,0,0,0,0,1
2020-10-16,US,Texas,Floyd,119,9,0,34.07227468,-101.3031546,48153.0,2083.333333333333,7.563025210084032,110,119,9,0,110,117,5837,0,0,0,0,2
2020-10-16,US,Texas,Foard,20,0,0,33.97308618,-99.7767797,48155.0,1731.6017316017317,0.0,20,19,0,0,19,19,1200,1,0,0,1,0
2020-10-16,US,Texas,Fort Bend,17062,303,0,29.52704478,-95.77219463,48157.0,2102.039207183056,1.7758762161528543,16759,17038,303,0,16735,17019,787858,24,0,0,24,19
2020-10-16,US,Texas,Franklin,170,6,0,33.17653242,-95.21917243,48159.0,1585.081585081585,3.5294117647058822,164,168,6,0,162,166,10766,2,0,0,2,2
2020-10-16,US,Texas,Freestone,437,4,0,31.70422788,-96.15072516,48161.0,2216.361515443526,0.9153318077803204,433,434,4,0,430,431,19808,3,0,0,3,3
2020-10-16,US,Texas,Frio,1011,9,0,28.86751206,-99.10804207,48163.0,4978.823992908499,0.8902077151335311,1002,1002,9,0,993,1001,19816,9,0,0,9,1
2020-10-16,US,Texas,Gaines,454,10,0,32.74055318,-102.6353295,48165.0,2112.413921459148,2.202643171806167,444,447,10,0,437,432,20901,7,0,0,7,15
2020-10-16,US,Texas,Galveston,12015,166,0,29.40167322,-94.90469073,48167.0,3511.7306124119145,1.3816063254265498,11849,12005,166,0,11839,11979,337890,10,0,0,10,26
2020-10-16,US,Texas,Garza,115,4,0,33.17969345,-101.2984114,48169.0,1846.203242896131,3.4782608695652173,111,114,4,0,110,112,6578,1,0,0,1,2
2020-10-16,US,Texas,Gillespie,344,10,0,30.31824095,-98.94676915,48171.0,1274.6405809989626,2.9069767441860463,334,342,10,0,332,340,26804,2,0,0,2,2
2020-10-16,US,Texas,Glasscock,11,0,0,31.86942909,-101.5207776,48173.0,780.69552874379,0.0,11,11,0,0,11,11,1388,0,0,0,0,0
2020-10-16,US,Texas,Goliad,157,6,0,28.65696592,-97.42760647,48175.0,2050.1436406372422,3.8216560509554136,151,157,6,0,151,157,7584,0,0,0,0,0
2020-10-16,US,Texas,Gonzales,1089,18,0,29.45634206,-97.49424032,48177.0,5226.280174689255,1.6528925619834711,1071,1091,18,0,1073,1089,20826,-2,0,0,-2,2
2020-10-16,US,Texas,Gray,385,9,0,35.40081878,-100.8129222,48179.0,1759.1154162478297,2.3376623376623376,376,383,9,0,374,374,21895,2,0,0,2,9
2020-10-16,US,Texas,Grayson,2263,60,0,33.62744998,-96.67753461,48181.0,1661.3807887704459,2.6513477684489617,2203,2234,58,0,2176,2191,133991,29,2,0,27,43
2020-10-16,US,Texas,Gregg,2421,81,0,32.47940482,-94.81591935,48183.0,1953.2857315744889,3.3457249070631967,2340,2405,80,0,2325,2387,123707,16,1,0,15,18
2020-10-16,US,Texas,Grimes,1143,34,0,30.54579585,-95.98902499,48185.0,3957.756232686981,2.9746281714785647,1109,1140,34,0,1106,1133,28360,3,0,0,3,7
2020-10-16,US,Texas,Guadalupe,3782,79,0,29.58165339,-97.94786822,48187.0,2266.747379335559,2.0888418826017983,3703,3775,79,0,3696,3774,163694,7,0,0,7,1
2020-10-16,US,Texas,Hale,2259,59,0,34.07044901,-101.82681140000001,48189.0,6762.258276956235,2.6117751217352807,2200,2188,59,0,2129,2098,33830,71,0,0,71,90
2020-10-16,US,Texas,Hall,36,1,0,34.5307555,-100.68138520000001,48191.0,1214.5748987854256,2.7777777777777777,35,36,1,0,35,36,3028,0,0,0,0,0
2020-10-16,US,Texas,Hamilton,179,4,0,31.70470573,-98.11083887,48193.0,2115.5891738565188,2.23463687150838,175,176,4,0,172,176,8484,3,0,0,3,0
2020-10-16,US,Texas,Hansford,186,6,0,36.27743284,-101.3545796,48195.0,3445.082422670865,3.2258064516129035,180,184,6,0,178,184,5463,2,0,0,2,0
2020-10-16,US,Texas,Hardeman,59,1,0,34.28944521,-99.74632408,48197.0,1500.1271294177473,1.6949152542372878,58,54,1,0,53,49,3922,5,0,0,5,5
2020-10-16,US,Texas,Hardin,1388,33,0,30.33364686,-94.38931817,48199.0,2409.6385542168673,2.377521613832853,1355,1388,33,0,1355,1381,57207,0,0,0,0,7
2020-10-16,US,Texas,Harris,153571,2718,0,29.85864939,-95.39339521,48201.0,3258.230654580365,1.7698654042755468,150853,152977,2708,0,150269,152623,4698619,594,10,0,584,354
2020-10-16,US,Texas,Harrison,997,37,0,32.54935988,-94.36934071,48203.0,1498.0541823809594,3.711133400200602,960,982,36,0,946,979,66726,15,1,0,14,3
2020-10-16,US,Texas,Hartley,162,0,0,35.84008013,-102.6029022,48205.0,2905.308464849354,0.0,162,160,0,0,160,158,5619,2,0,0,2,2
2020-10-16,US,Texas,Haskell,75,3,0,33.17823584,-99.73037358,48207.0,1325.5567338282076,4.0,72,75,3,0,72,74,5813,0,0,0,0,1
2020-10-16,US,Texas,Hays,6155,70,0,30.05669873,-98.02944344,48209.0,2673.866484788719,1.1372867587327375,6085,6134,70,0,6064,6110,222631,21,0,0,21,24
2020-10-16,US,Texas,Hemphill,125,0,0,35.83764858,-100.2703577,48211.0,3273.108143493061,0.0,125,125,0,0,125,114,3825,0,0,0,0,11
2020-10-16,US,Texas,Henderson,1155,28,0,32.21128872,-95.85846587,48213.0,1395.9897023097285,2.4242424242424243,1127,1127,28,0,1099,1109,82299,28,0,0,28,18
2020-10-16,US,Texas,Hidalgo,34179,1895,0,26.39418217,-98.18299696,48215.0,3934.4681233143046,5.544340091869277,32284,34034,1892,0,32142,33788,865939,145,3,0,142,246
2020-10-16,US,Texas,Hill,753,15,0,31.99045053,-97.13423143,48217.0,2054.62631995416,1.99203187250996,738,742,15,0,727,735,36354,11,0,0,11,7
2020-10-16,US,Texas,Hockley,466,11,0,33.60771256,-102.3431676,48219.0,2024.2387385430688,2.360515021459228,455,451,11,0,440,434,22980,15,0,0,15,17
2020-10-16,US,Texas,Hood,1090,34,0,32.42990927,-97.83242024,48221.0,1768.2461917817109,3.1192660550458715,1056,1070,33,0,1037,1045,60537,20,1,0,19,25
2020-10-16,US,Texas,Hopkins,473,21,0,33.14875072,-95.56351139,48223.0,1275.4826879516772,4.439746300211416,452,473,21,0,452,470,36810,0,0,0,0,3
2020-10-16,US,Texas,Houston,395,11,0,31.31925973,-95.42226208,48225.0,1719.7840473702545,2.7848101265822787,384,390,11,0,379,388,23169,5,0,0,5,2
2020-10-16,US,Texas,Howard,1011,19,0,32.30621324,-101.4356444,48227.0,2757.4732707833296,1.8793273986152323,992,1003,19,0,984,998,36459,8,0,0,8,5
2020-10-16,US,Texas,Hudspeth,70,3,0,31.45628381,-105.388178,48229.0,1432.6647564469913,4.285714285714286,67,68,3,0,65,67,4795,2,0,0,2,1
2020-10-16,US,Texas,Hunt,1819,42,0,33.12351514,-96.08551032,48231.0,1844.939854352192,2.3089609675645955,1777,1819,42,0,1777,1816,96493,0,0,0,0,3
2020-10-16,US,Texas,Hutchinson,278,7,0,35.84006574,-101.3546643,48233.0,1327.7294870570254,2.5179856115107917,271,277,7,0,270,271,21198,1,0,0,1,6
2020-10-16,US,Texas,Irion,13,0,0,31.30375559,-100.982439,48235.0,846.3541666666665,0.0,13,13,0,0,13,13,1522,0,0,0,0,0
2020-10-16,US,Texas,Jack,147,3,0,33.23377248,-98.17283469,48237.0,1645.2154448796866,2.0408163265306123,144,147,3,0,144,144,8843,0,0,0,0,3
2020-10-16,US,Texas,Jackson,635,16,0,28.95472367,-96.57749563,48239.0,4302.168021680217,2.5196850393700787,619,635,16,0,619,633,14874,0,0,0,0,2
2020-10-16,US,Texas,Jasper,507,34,0,30.74685667,-94.02667579,48241.0,1427.0032930845225,6.7061143984220895,473,507,33,0,474,505,35872,0,1,0,-1,2
2020-10-16,US,Texas,Jeff Davis,17,0,0,30.71490589,-104.1399973,48243.0,747.5813544415128,0.0,17,17,0,0,17,17,2252,0,0,0,0,0
2020-10-16,US,Texas,Jefferson,7980,145,0,29.8832777,-94.16434171,48245.0,3172.1423886470693,1.8170426065162908,7835,7950,144,0,7806,7871,255001,30,1,0,29,79
2020-10-16,US,Texas,Jim Hogg,155,3,0,27.04453923,-98.69681870000001,48247.0,2980.769230769231,1.935483870967742,152,155,3,0,152,155,5248,0,0,0,0,0
2020-10-16,US,Texas,Jim Wells,1563,46,0,27.73103938,-98.0904705,48249.0,3860.975248258485,2.9430582213691623,1517,1563,43,0,1520,1560,40822,0,3,0,-3,3
2020-10-16,US,Texas,Johnson,3384,60,0,32.37877812,-97.36615819,48251.0,1924.7285529840685,1.7730496453900708,3324,3364,59,0,3305,3337,171361,20,1,0,19,27
2020-10-16,US,Texas,Jones,577,1,0,32.73997145,-99.87861576,48253.0,2873.0767315640087,0.1733102253032929,576,574,1,0,573,572,19817,3,0,0,3,2
2020-10-16,US,Texas,Karnes,942,17,0,28.90705334,-97.85960149,48255.0,6038.074482404974,1.804670912951168,925,943,17,0,926,943,15650,-1,0,0,-1,0
2020-10-16,US,Texas,Kaufman,3320,52,0,32.599141700000004,-96.28734728,48257.0,2438.415323824493,1.5662650602409638,3268,3330,51,0,3279,3312,128622,-10,1,0,-11,18
2020-10-16,US,Texas,Kendall,375,10,0,29.94414155,-98.7113588,48259.0,790.6221669372353,2.6666666666666665,365,375,10,0,365,376,45641,0,0,0,0,-1
2020-10-16,US,Texas,Kenedy,7,2,0,26.92601662,-97.66413984,48261.0,1732.6732673267327,28.57142857142857,5,7,2,0,5,7,442,0,0,0,0,0
2020-10-16,US,Texas,Kent,9,0,0,33.18104136,-100.7780939,48263.0,1181.1023622047244,0.0,9,9,0,0,9,9,726,0,0,0,0,0
2020-10-16,US,Texas,Kerr,666,13,0,30.06040006,-99.34930144,48265.0,1266.1596958174905,1.951951951951952,653,658,13,0,645,650,52405,8,0,0,8,8
2020-10-16,US,Texas,Kimble,20,1,0,30.48678918,-99.74856473,48267.0,461.14825916532163,5.0,19,20,1,0,19,20,4362,0,0,0,0,0
2020-10-16,US,Texas,King,1,0,0,33.61643847,-100.2558057,48269.0,367.6470588235293,0.0,1,1,0,0,1,1,277,0,0,0,0,0
2020-10-16,US,Texas,Kinney,62,1,0,29.34967888,-100.41866379999999,48271.0,1690.7553858740116,1.6129032258064515,61,62,1,0,61,62,3767,0,0,0,0,0
2020-10-16,US,Texas,Kleberg,1031,49,0,27.42435506,-97.69894948,48273.0,3360.495436766623,4.752667313288071,982,1031,49,0,982,1030,31129,0,0,0,0,1
2020-10-16,US,Texas,Knox,111,8,0,33.60519951,-99.74229059999999,48275.0,3029.475982532751,7.207207207207206,103,111,8,0,103,110,3653,0,0,0,0,1
2020-10-16,US,Texas,La Salle,349,13,0,28.34453111,-99.09908775,48283.0,4640.95744680851,3.7249283667621778,336,350,13,0,337,354,7531,-1,0,0,-1,-4
2020-10-16,US,Texas,Lamar,1570,44,0,33.66981763,-95.57404777,48277.0,3148.879841152049,2.8025477707006368,1526,1541,43,0,1498,1510,49728,29,1,0,28,31
2020-10-16,US,Texas,Lamb,447,23,0,34.06859623,-102.35162890000001,48279.0,3466.997595594509,5.1454138702460845,424,427,23,0,404,402,13158,20,0,0,20,25
2020-10-16,US,Texas,Lampasas,294,9,0,31.19531316,-98.24206613,48281.0,1372.036587642337,3.0612244897959178,285,292,9,0,283,292,21229,2,0,0,2,0
2020-10-16,US,Texas,Lavaca,1084,37,0,29.38508402,-96.93186692,48285.0,5378.584896298502,3.4132841328413286,1047,1081,36,0,1045,1077,20110,3,1,0,2,4
2020-10-16,US,Texas,Lee,235,14,0,30.31120597,-96.97045773,48287.0,1363.1881199605546,5.957446808510637,221,235,14,0,221,234,17144,0,0,0,0,1
2020-10-16,US,Texas,Leon,316,10,0,31.29872538,-95.9936328,48289.0,1815.6745575729722,3.1645569620253164,306,306,10,0,296,297,17270,10,0,0,10,9
2020-10-16,US,Texas,Liberty,2279,53,0,30.15152688,-94.81205615,48291.0,2583.343724141058,2.3255813953488373,2226,2270,53,0,2217,2273,86323,9,0,0,9,-3
2020-10-16,US,Texas,Limestone,658,16,0,31.5454767,-96.58095444,48293.0,2807.5265605666245,2.4316109422492405,642,645,16,0,629,639,23519,13,0,0,13,6
2020-10-16,US,Texas,Lipscomb,63,1,0,36.27783108,-100.27331509999999,48295.0,1948.654500463965,1.5873015873015872,62,58,1,0,57,56,3355,5,0,0,5,2
2020-10-16,US,Texas,Live Oak,374,9,0,28.35101362,-98.1246786,48297.0,3063.815843368559,2.406417112299465,365,374,9,0,365,374,12166,0,0,0,0,0
2020-10-16,US,Texas,Llano,165,2,0,30.70645047,-98.68475262,48299.0,757.0543702684101,1.2121212121212122,163,160,2,0,158,156,21646,5,0,0,5,4
2020-10-16,US,Texas,Lubbock,14921,150,0,33.61008596,-101.82047890000001,48303.0,4804.407394170055,1.0052945513035318,14771,14675,149,0,14526,14377,307412,246,1,0,245,298
2020-10-16,US,Texas,Lynn,144,5,0,33.17657705,-101.8162849,48305.0,2419.761384641237,3.4722222222222223,139,133,5,0,128,121,5877,11,0,0,11,12
2020-10-16,US,Texas,Madison,741,6,0,30.96694679,-95.93003775,48313.0,5187.622514701764,0.8097165991902834,735,736,6,0,730,739,14422,5,0,0,5,-3
2020-10-16,US,Texas,Marion,162,14,0,32.79868409,-94.35661230000001,48315.0,1644.0024355591638,8.641975308641975,148,162,14,0,148,162,9928,0,0,0,0,0
2020-10-16,US,Texas,Martin,84,7,0,32.30600051,-101.9513518,48317.0,1455.5536302200655,8.333333333333334,77,84,7,0,77,84,5753,0,0,0,0,0
2020-10-16,US,Texas,Mason,80,2,0,30.71780434,-99.22629416,48319.0,1871.7828731867105,2.5,78,80,2,0,78,80,4280,0,0,0,0,0
2020-10-16,US,Texas,Matagorda,1085,51,0,28.81955746,-96.01230294,48321.0,2961.00210135633,4.700460829493087,1034,1082,51,0,1031,1081,36552,3,0,0,3,1
2020-10-16,US,Texas,Maverick,3838,142,0,28.7429195,-100.3157686,48323.0,6535.880930486021,3.6998436685773837,3696,3838,140,0,3698,3838,58485,0,2,0,-2,0
2020-10-16,US,Texas,McCulloch,183,4,0,31.1925468,-99.34682807,48307.0,2292.084168336673,2.1857923497267757,179,183,4,0,179,181,7987,0,0,0,0,2
2020-10-16,US,Texas,McLennan,9243,124,0,31.55255453,-97.20217694,48309.0,3601.781601804982,1.341555771935519,9119,9187,124,0,9063,9125,254607,56,0,0,56,62
2020-10-16,US,Texas,McMullen,24,1,0,28.35251708,-98.56769164,48311.0,3230.1480484522212,4.166666666666667,23,24,1,0,23,24,749,0,0,0,0,0
2020-10-16,US,Texas,Medina,1248,48,0,29.355730100000002,-99.11030298,48325.0,2419.3548387096776,3.8461538461538463,1200,1251,48,0,1203,1246,50921,-3,0,0,-3,5
2020-10-16,US,Texas,Menard,39,0,0,30.88990665,-99.82047940000001,48327.0,1824.1347053320856,0.0,39,39,0,0,39,38,2139,0,0,0,0,1
2020-10-16,US,Texas,Midland,4444,88,0,31.86904128,-102.03156820000001,48329.0,2513.1197973217522,1.98019801980198,4356,4397,88,0,4309,4347,172578,47,0,0,47,50
2020-10-16,US,Texas,Milam,534,7,0,30.78581830000001,-96.97718698,48331.0,2151.2307134512353,1.310861423220974,527,530,7,0,523,520,25131,4,0,0,4,10
2020-10-16,US,Texas,Mills,70,0,0,31.49557106,-98.59272068,48333.0,1436.4867638005335,0.0,70,70,0,0,70,70,4921,0,0,0,0,0
2020-10-16,US,Texas,Mitchell,129,2,0,32.30623474,-100.9212058,48335.0,1509.6547688706846,1.5503875968992251,127,127,2,0,125,122,8145,2,0,0,2,5
2020-10-16,US,Texas,Montague,225,4,0,33.67521893,-97.72500958,48337.0,1135.3315168029064,1.7777777777777777,221,216,4,0,212,208,19596,9,0,0,9,8
2020-10-16,US,Texas,Montgomery,12844,167,0,30.30079133,-95.50572772,48339.0,2114.618096086376,1.3002180006228592,12677,12747,167,0,12580,12591,590925,97,0,0,97,156
2020-10-16,US,Texas,Moore,1247,22,0,35.83769242,-101.8930281,48341.0,5955.109837631328,1.7642341619887731,1225,1247,22,0,1225,1242,21485,0,0,0,0,5
2020-10-16,US,Texas,Morris,200,5,0,33.11304005,-94.73255695,48343.0,1614.4656118824664,2.5,195,199,4,0,195,198,12339,1,1,0,0,1
2020-10-16,US,Texas,Motley,12,0,0,34.07408766,-100.77972199999999,48345.0,1000.0,0.0,12,12,0,0,12,11,1234,0,0,0,0,1
2020-10-16,US,Texas,Nacogdoches,1727,66,0,31.62017125,-94.61803994,48347.0,2648.61051469235,3.8216560509554136,1661,1714,65,0,1649,1711,65711,13,1,0,12,3
2020-10-16,US,Texas,Navarro,1373,29,0,32.04620681,-96.47428766,48349.0,2739.8080338435143,2.1121631463947557,1344,1371,29,0,1342,1359,49565,2,0,0,2,12
2020-10-16,US,Texas,Newton,187,13,0,30.78548982,-93.74408813,48351.0,1375.5057006252298,6.951871657754011,174,187,13,0,174,187,13746,0,0,0,0,0
2020-10-16,US,Texas,Nolan,349,5,0,32.30365282,-100.4060208,48353.0,2371.890716324589,1.4326647564469914,344,345,5,0,340,340,14751,4,0,0,4,5
2020-10-16,US,Texas,Nueces,20931,435,0,27.736286,-97.5433285,48355.0,5777.352095259651,2.0782571305718793,20496,20887,432,0,20455,20846,362265,44,3,0,41,41
2020-10-16,US,Texas,Ochiltree,255,5,0,36.27829105,-100.8158184,48357.0,2592.517283448556,1.96078431372549,250,226,5,0,221,211,9947,29,0,0,29,15
2020-10-16,US,Texas,Oldham,25,1,0,35.40425596,-102.6027606,48359.0,1183.7121212121212,4.0,24,25,1,0,24,24,2131,0,0,0,0,1
2020-10-16,US,Texas,Orange,2048,46,0,30.11879481,-93.89412775,48361.0,2455.7532735382997,2.24609375,2002,2048,46,0,2002,2043,83572,0,0,0,0,5
2020-10-16,US,Texas,Palo Pinto,645,17,0,32.75310985,-98.31319001,48363.0,2209.736544588715,2.6356589147286815,628,638,17,0,621,630,28875,7,0,0,7,8
2020-10-16,US,Texas,Panola,440,27,0,32.163959600000005,-94.30552481,48365.0,1897.0423385358285,6.136363636363638,413,439,27,0,412,435,23148,1,0,0,1,4
2020-10-16,US,Texas,Parker,2233,42,0,32.77757172,-97.80500621,48367.0,1562.8718207141758,1.8808777429467085,2191,2218,42,0,2176,2201,138371,15,0,0,15,17
2020-10-16,US,Texas,Parmer,527,15,0,34.52993409,-102.78446679999999,48369.0,5486.725663716814,2.8462998102466788,512,521,15,0,506,511,9864,6,0,0,6,10
2020-10-16,US,Texas,Pecos,423,5,0,30.78097267,-102.72412609999999,48371.0,2673.323642798458,1.182033096926714,418,418,5,0,413,414,15673,5,0,0,5,4
2020-10-16,US,Texas,Polk,902,30,0,30.79472531,-94.82766240000001,48373.0,1756.4699238603393,3.3259423503325944,872,897,30,0,867,897,50031,5,0,0,5,0
2020-10-16,US,Texas,Potter,7130,92,0,35.40133773,-101.893964,48375.0,6072.477962781587,1.2903225806451613,7038,7021,85,0,6936,6941,119648,109,7,0,102,80
2020-10-16,US,Texas,Presidio,122,7,0,29.99954402,-104.24080790000001,48377.0,1819.8090692124106,5.737704918032787,115,122,7,0,115,119,6948,0,0,0,0,3
2020-10-16,US,Texas,Rains,79,5,0,32.87109387,-95.79232691,48379.0,631.2929518938788,6.329113924050633,74,78,5,0,73,77,12159,1,0,0,1,1
2020-10-16,US,Texas,Randall,4188,47,0,34.96585996,-101.8971322,48381.0,3041.1072302542243,1.12225405921681,4141,4100,47,0,4053,3955,136271,88,0,0,88,145
2020-10-16,US,Texas,Reagan,89,6,0,31.36607041,-101.52326590000001,48383.0,2312.288906209405,6.741573033707866,83,89,6,0,83,89,3741,0,0,0,0,0
2020-10-16,US,Texas,Real,108,8,0,29.83321503,-99.82018052,48385.0,3128.6210892236377,7.407407407407407,100,120,8,0,112,120,3478,-12,0,0,-12,0
2020-10-16,US,Texas,Red River,179,14,0,33.61886692,-95.04841765,48387.0,1488.8131082092655,7.82122905027933,165,176,14,0,162,175,12175,3,0,0,3,1
2020-10-16,US,Texas,Reeves,239,6,0,31.32323325,-103.69038959999999,48389.0,1495.9939909864795,2.510460251046025,233,234,6,0,228,230,15695,5,0,0,5,4
2020-10-16,US,Texas,Refugio,313,15,0,28.323897600000002,-97.15766311,48391.0,4504.8934945308,4.792332268370607,298,313,15,0,298,311,7032,0,0,0,0,2
2020-10-16,US,Texas,Roberts,14,0,0,35.83809685,-100.813175,48393.0,1639.344262295082,0.0,14,14,0,0,14,14,903,0,0,0,0,0
2020-10-16,US,Texas,Robertson,401,4,0,31.02539637,-96.51272246,48395.0,2348.600210846901,0.9975062344139652,397,397,4,0,393,386,17284,4,0,0,4,11
2020-10-16,US,Texas,Rockwall,1775,30,0,32.89779518,-96.40771592,48397.0,1691.8457799170758,1.6901408450704225,1745,1770,30,0,1740,1749,100657,5,0,0,5,21
2020-10-16,US,Texas,Runnels,286,9,0,31.8314342,-99.97616148,48399.0,2786.438035853469,3.1468531468531467,277,286,9,0,277,286,10234,0,0,0,0,0
2020-10-16,US,Texas,Rusk,953,20,0,32.10773545,-94.76176432,48401.0,1751.6450391500935,2.0986358866736623,933,962,20,0,942,961,54450,-9,0,0,-9,1
2020-10-16,US,Texas,Sabine,87,9,0,31.34318809,-93.85440451,48403.0,825.2703471826977,10.344827586206897,78,87,9,0,78,86,10589,0,0,0,0,1
2020-10-16,US,Texas,San Augustine,213,15,0,31.39457611,-94.17000399,48405.0,2585.892922180405,7.042253521126762,198,208,15,0,193,208,8232,5,0,0,5,0
2020-10-16,US,Texas,San Jacinto,230,11,0,30.57933681,-95.16260304,48407.0,796.9784122803978,4.782608695652174,219,230,11,0,219,229,28719,0,0,0,0,1
2020-10-16,US,Texas,San Patricio,1530,79,0,28.00880118,-97.51763891,48409.0,2292.8218192716918,5.163398692810458,1451,1530,79,0,1451,1530,66893,0,0,0,0,0
2020-10-16,US,Texas,San Saba,109,0,0,31.1577796,-98.81758731,48411.0,1800.165152766309,0.0,109,103,0,0,103,103,6054,6,0,0,6,0
2020-10-16,US,Texas,Schleicher,54,2,0,30.89740592,-100.5384842,48413.0,1933.4049409237384,3.703703703703704,52,54,2,0,52,53,2895,0,0,0,0,1
2020-10-16,US,Texas,Scurry,951,11,0,32.74613808,-100.91626640000001,48415.0,5693.587978207509,1.1566771819137749,940,932,10,0,922,923,16866,19,1,0,18,9
2020-10-16,US,Texas,Shackelford,33,0,0,32.73587756,-99.35401337,48417.0,1010.7197549770293,0.0,33,31,0,0,31,30,3253,2,0,0,2,1
2020-10-16,US,Texas,Shelby,537,29,0,31.79211404,-94.14550696,48419.0,2124.7131439423915,5.400372439478584,508,535,28,0,507,532,25418,2,1,0,1,3
2020-10-16,US,Texas,Sherman,71,1,0,36.27751473,-101.8933156,48421.0,2349.4374586366644,1.4084507042253518,70,68,1,0,67,69,3079,3,0,0,3,-1
2020-10-16,US,Texas,Smith,4155,120,0,32.37474036,-95.27175679999999,48423.0,1785.169558884817,2.888086642599278,4035,4137,119,0,4018,4097,230221,18,1,0,17,40
2020-10-16,US,Texas,Somervell,153,5,0,32.22236802,-97.77403489,48425.0,1676.1612620508324,3.2679738562091503,148,152,5,0,147,151,9016,1,0,0,1,1
2020-10-16,US,Texas,Starr,3491,179,0,26.56150059,-98.73892358,48427.0,5401.265607352281,5.127470638785448,3312,3491,179,0,3312,3489,64525,0,0,0,0,2
2020-10-16,US,Texas,Stephens,149,4,0,32.73553157,-98.83631615,48429.0,1590.8605594704252,2.684563758389262,145,147,4,0,143,145,9433,2,0,0,2,2
2020-10-16,US,Texas,Sterling,11,0,0,31.82781912,-101.05007459999999,48431.0,852.0526723470178,0.0,11,10,0,0,10,10,1311,1,0,0,1,0
2020-10-16,US,Texas,Stonewall,17,1,0,33.17906744,-100.25384009999999,48433.0,1259.2592592592596,5.882352941176472,16,17,1,0,16,17,1362,0,0,0,0,0
2020-10-16,US,Texas,Sutton,89,3,0,30.49856623,-100.5382014,48435.0,2356.991525423729,3.3707865168539324,86,87,3,0,84,85,3758,2,0,0,2,2
2020-10-16,US,Texas,Swisher,129,3,0,34.53028891,-101.73491740000001,48437.0,1743.9502501013926,2.3255813953488373,126,128,3,0,125,126,7462,1,0,0,1,2
2020-10-16,US,Texas,Tarrant,58053,778,0,32.77143818,-97.29101614,48439.0,2761.1217993688506,1.3401546862349922,57275,57438,772,0,56666,56783,2084931,615,6,0,609,655
2020-10-16,US,Texas,Taylor,1718,62,0,32.30163422,-99.89007449,48441.0,1244.620890505238,3.6088474970896387,1656,1701,62,0,1639,1656,137640,17,0,0,17,45
2020-10-16,US,Texas,Terrell,4,0,0,30.22429013,-102.0766732,48443.0,515.4639175257731,0.0,4,3,0,0,3,3,823,1,0,0,1,0
2020-10-16,US,Texas,Terry,398,6,0,33.17402785,-102.3354521,48445.0,3226.067925751804,1.5075376884422111,392,398,6,0,392,384,12287,0,0,0,0,14
2020-10-16,US,Texas,Throckmorton,15,2,0,33.17751417,-99.21226795,48447.0,999.3337774816788,13.333333333333336,13,15,2,0,13,14,1515,0,0,0,0,1
2020-10-16,US,Texas,Titus,1650,34,0,33.21339719,-94.96797273,48449.0,5038.1679389312985,2.060606060606061,1616,1650,34,0,1616,1650,33033,0,0,0,0,0
2020-10-16,US,Texas,Tom Green,4231,73,0,31.40464436,-100.46244300000001,48451.0,3549.4966442953028,1.7253604348853702,4158,4177,73,0,4104,4142,118189,54,0,0,54,35
2020-10-16,US,Texas,Travis,30797,443,0,30.33432034,-97.78535620000001,48453.0,2417.434224469643,1.4384517972529791,30354,30688,442,0,30246,30601,1248743,109,1,0,108,87
2020-10-16,US,Texas,Trinity,200,7,0,31.0879489,-95.1367187,48455.0,1365.0945327963962,3.5,193,200,7,0,193,199,14740,0,0,0,0,1
2020-10-16,US,Texas,Tyler,252,4,0,30.77031716,-94.37690895,48457.0,1162.7906976744189,1.5873015873015872,248,250,4,0,246,248,21696,2,0,0,2,2
2020-10-16,US,Texas,Upshur,454,12,0,32.73706798,-94.93999853,48459.0,1087.347016980816,2.643171806167401,442,444,12,0,432,442,41260,10,0,0,10,2
2020-10-16,US,Texas,Upton,40,3,0,31.36868194,-102.0423217,48461.0,1093.7927262783703,7.5,37,26,3,0,23,25,3671,14,0,0,14,1
2020-10-16,US,Texas,Uvalde,816,36,0,29.35739637,-99.76229172,48463.0,3051.493960584869,4.411764705882354,780,815,36,0,779,814,26846,1,0,0,1,1
2020-10-16,US,Texas,Val Verde,2384,121,0,29.89149232,-101.1525205,48465.0,4862.825089240184,5.075503355704698,2263,2356,121,0,2235,2350,49208,28,0,0,28,6
2020-10-16,US,Texas,Van Zandt,646,24,0,32.56483801,-95.83766469,48467.0,1141.5444424810037,3.7151702786377703,622,645,24,0,621,635,56019,1,0,0,1,10
2020-10-16,US,Texas,Victoria,4182,97,0,28.79780988,-96.96813006,48469.0,4541.505581860041,2.3194643711142997,4085,4168,97,0,4071,4168,92035,14,0,0,14,0
2020-10-16,US,Texas,Walker,3842,61,0,30.73872995,-95.57440968,48471.0,5265.105315810391,1.5877147319104632,3781,3847,60,0,3787,3836,72480,-5,1,0,-6,11
2020-10-16,US,Texas,Waller,943,15,0,30.01058447,-95.99011759,48473.0,1706.910907577019,1.5906680805938491,928,941,15,0,926,937,53126,2,0,0,2,4
2020-10-16,US,Texas,Ward,154,1,0,31.50999644,-103.09279090000001,48475.0,1283.5472578763126,0.6493506493506493,153,150,1,0,149,147,11720,4,0,0,4,3
2020-10-16,US,Texas,Washington,673,48,0,30.21498498,-96.40946246,48477.0,1875.5922189398584,7.132243684992571,625,671,48,0,623,667,35108,2,0,0,2,4
2020-10-16,US,Texas,Webb,14669,337,0,27.7610369,-99.33237355,48479.0,5302.329280106414,2.2973617833526485,14332,14488,336,0,14152,14473,275910,181,1,0,180,15
2020-10-16,US,Texas,Wharton,1411,57,0,29.27765923,-96.22319248,48481.0,3395.4182308210607,4.0396881644223965,1354,1409,56,0,1353,1408,41619,2,1,0,1,1
2020-10-16,US,Texas,Wheeler,56,0,0,35.40114335,-100.26995140000001,48483.0,1107.5949367088608,0.0,56,55,0,0,55,51,5191,1,0,0,1,4
2020-10-16,US,Texas,Wichita,2764,26,0,33.98842886,-98.70410340000001,48485.0,2090.29720940785,0.9406657018813314,2738,2665,26,0,2639,2569,132064,99,0,0,99,96
2020-10-16,US,Texas,Wilbarger,262,3,0,34.07945812,-99.24178437,48487.0,2051.8443104393455,1.1450381679389312,259,256,3,0,253,249,12820,6,0,0,6,7
2020-10-16,US,Texas,Willacy,1224,55,0,26.47411727,-97.61535848,48489.0,5730.873677310609,4.493464052287582,1169,1224,55,0,1169,1221,21515,0,0,0,0,3
2020-10-16,US,Texas,Williamson,9137,149,0,30.64655664,-97.60048540000001,48491.0,1547.19914114107,1.6307321878078145,8988,9093,148,0,8945,9074,566719,44,1,0,43,19
2020-10-16,US,Texas,Wilson,972,28,0,29.1732598,-98.08693082,48493.0,1903.270021539064,2.8806584362139915,944,975,28,0,947,974,50224,-3,0,0,-3,1
2020-10-16,US,Texas,Winkler,129,4,0,31.85008651,-103.04851629999999,48495.0,1610.486891385768,3.1007751937984502,125,126,4,0,122,126,7720,3,0,0,3,0
2020-10-16,US,Texas,Wise,838,15,0,33.21570665,-97.65460265,48497.0,1197.416552354824,1.7899761336515514,823,837,14,0,823,831,68305,1,1,0,0,6
2020-10-16,US,Texas,Wood,587,33,0,32.78722382,-95.38236368,48499.0,1289.0050286567555,5.621805792163544,554,582,32,0,550,579,45129,5,1,0,4,3
2020-10-16,US,Texas,Yoakum,283,5,0,33.17320212,-102.82764329999999,48501.0,3248.0201997015947,1.7667844522968197,278,282,5,0,277,278,8591,1,0,0,1,4
2020-10-16,US,Texas,Young,435,6,0,33.17659707,-98.68790885,48503.0,2415.3248195446968,1.3793103448275863,429,417,6,0,411,404,18045,18,0,0,18,13
2020-10-16,US,Texas,Zapata,342,6,0,27.00156391,-99.16987152,48505.0,2412.017772762536,1.7543859649122806,336,342,6,0,336,342,14190,0,0,0,0,0
2020-10-16,US,Texas,Zavala,419,18,0,28.86617238,-99.76050829,48507.0,3538.851351351351,4.295942720763724,401,426,17,0,409,425,11983,-7,1,0,-8,1
2020-10-16,US,Utah,Bear River,4363,14,0,41.52106798,-113.08328159999999,0.0,2335.428063676948,0.3208801283520513,4349,4301,13,0,4288,4188,,62,1,0,61,113
2020-10-16,US,Utah,Central Utah,996,6,0,39.37231946,-111.5758676,0.0,1215.3159089245187,0.6024096385542169,990,977,6,0,971,943,,19,0,0,19,34
2020-10-16,US,Utah,Davis,6947,38,0,40.99001837,-112.1139997,49011.0,1954.253532537604,0.5469987044767526,6909,6836,37,0,6799,6708,351713,111,1,0,110,128
2020-10-16,US,Utah,Salt Lake,39645,285,0,40.66616532,-111.92160109999999,49035.0,3416.385378956376,0.7188800605372683,39360,38949,284,0,38665,38369,1152633,696,1,0,695,580
2020-10-16,US,Utah,San Juan,745,29,0,37.62762978,-109.80337140000002,49037.0,4866.7363470081,3.8926174496644297,716,733,29,0,704,732,15449,12,0,0,12,1
2020-10-16,US,Utah,Southeast Utah,349,2,0,38.99617072,-110.70139579999999,0.0,867.5333714484576,0.5730659025787965,347,337,2,0,335,320,,12,0,0,12,17
2020-10-16,US,Utah,Southwest Utah,5160,45,0,37.85447192,-111.4418764,0.0,2047.2778346466064,0.8720930232558141,5115,5113,45,0,5068,5023,,47,0,0,47,90
2020-10-16,US,Utah,Summit,1204,1,0,40.86688146,-110.9535882,49043.0,2856.803891327559,0.08305647840531563,1203,1187,1,0,1186,1176,41933,17,0,0,17,11
2020-10-16,US,Utah,Tooele,1177,2,0,40.44862644,-113.12957150000001,49045.0,1628.86284061501,0.16992353440951571,1175,1137,2,0,1135,1111,69907,40,0,0,40,26
2020-10-16,US,Utah,TriCounty,306,2,0,40.12491499,-109.5174415,0.0,540.4259828335277,0.6535947712418301,304,302,2,0,300,300,,4,0,0,4,2
2020-10-16,US,Utah,Utah,24638,72,0,40.116672200000004,-111.66576620000001,49049.0,3872.4685061337404,0.2922315122980761,24566,24279,67,0,24212,23873,622213,359,5,0,354,406
2020-10-16,US,Utah,Wasatch,967,9,0,40.33110236,-111.1691419,49051.0,2836.5257692646155,0.9307135470527405,958,946,9,0,937,934,33240,21,0,0,21,12
2020-10-16,US,Utah,Weber-Morgan,5460,32,0,41.27116049,-111.9145117,0.0,2004.8689674924815,0.5860805860805861,5428,5364,32,0,5332,5286,,96,0,0,96,78
2020-10-16,US,Vermont,Addison,114,2,0,44.03217337,-73.14130877,50001.0,309.9763439105963,1.7543859649122806,112,114,2,0,112,113,36973,0,0,0,0,1
2020-10-16,US,Vermont,Bennington,132,1,0,43.03519828,-73.09048868,50003.0,372.14547504933745,0.7575757575757576,131,129,1,0,128,129,35631,3,0,0,3,0
2020-10-16,US,Vermont,Caledonia,35,0,0,44.46548598,-72.10314651,50005.0,116.6938952422232,0.0,35,35,0,0,35,35,30302,0,0,0,0,0
2020-10-16,US,Vermont,Chittenden,897,39,0,44.46322849,-73.08359212,50007.0,547.7059850769964,4.3478260869565215,858,891,39,0,852,885,164572,6,0,0,6,6
2020-10-16,US,Vermont,Essex,6,0,0,44.72736416,-71.73579864,50009.0,97.35518416355671,0.0,6,6,0,0,6,6,6250,0,0,0,0,0
2020-10-16,US,Vermont,Franklin,131,7,0,44.85627605,-72.91249563,50011.0,265.1714505485608,5.343511450381679,124,131,7,0,124,131,49421,0,0,0,0,0
2020-10-16,US,Vermont,Grand Isle,16,0,0,44.797582399999996,-73.29679772,50013.0,221.147201105736,0.0,16,16,0,0,16,16,7090,0,0,0,0,0
2020-10-16,US,Vermont,Lamoille,60,1,0,44.60353043,-72.64356694,50015.0,236.57440264963333,1.6666666666666667,59,61,1,0,60,59,25300,-1,0,0,-1,2
2020-10-16,US,Vermont,Orange,28,0,0,44.00470222,-72.37640104,50017.0,96.91264017721168,0.0,28,27,0,0,27,27,28999,1,0,0,1,0
2020-10-16,US,Vermont,Orleans,24,0,0,44.82964024,-72.24562697,50019.0,88.76724488663683,0.0,24,24,0,0,24,22,26907,0,0,0,0,2
2020-10-16,US,Vermont,Rutland,133,1,0,43.57723578,-73.03741676,50021.0,228.5576807410081,0.7518796992481203,132,134,1,0,133,134,58672,-1,0,0,-1,0
2020-10-16,US,Vermont,Unassigned,8,0,0,0.0,0.0,90050.0,0.0,0.0,8,8,0,0,8,8,,0,0,0,0,0
2020-10-16,US,Vermont,Washington,94,2,0,44.27343241,-72.61604978,50023.0,160.9341026211714,2.127659574468085,92,92,2,0,90,90,58140,2,0,0,2,2
2020-10-16,US,Vermont,Windham,131,3,0,42.986982,-72.71268875,50025.0,310.26479086732036,2.2900763358778624,128,130,3,0,127,130,42756,1,0,0,1,0
2020-10-16,US,Vermont,Windsor,106,2,0,43.58010937,-72.58595157,50027.0,192.51026116014674,1.8867924528301887,104,105,2,0,103,104,55286,1,0,0,1,1
2020-10-16,US,Virginia,Accomack,1198,19,0,37.76707161,-75.63234615,51001.0,3707.141973016463,1.5859766277128549,1179,1197,19,0,1178,1195,32412,1,0,0,1,2
2020-10-16,US,Virginia,Albemarle,1466,22,0,38.02080697,-78.55481085,51003.0,1340.8945394676664,1.500682128240109,1444,1452,22,0,1430,1447,108718,14,0,0,14,5
2020-10-16,US,Virginia,Alexandria,4086,74,0,38.814003,-77.08183073,51510.0,2562.912411872444,1.811062163485071,4012,4077,73,0,4004,4057,160530,9,1,0,8,20
2020-10-16,US,Virginia,Alleghany,84,4,0,37.78636074,-80.00222498,51005.0,565.2759084791386,4.761904761904762,80,83,4,0,79,83,14910,1,0,0,1,0
2020-10-16,US,Virginia,Amelia,138,6,0,37.34081025,-77.98584649,51007.0,1049.8288322556105,4.3478260869565215,132,133,5,0,128,132,13013,5,1,0,4,1
2020-10-16,US,Virginia,Amherst,517,4,0,37.60308293,-79.14548696,51009.0,1635.8171175446923,0.7736943907156673,513,507,4,0,503,497,31666,10,0,0,10,10
2020-10-16,US,Virginia,Appomattox,262,5,0,37.37569884,-78.81340003,51011.0,1646.6595437118976,1.9083969465648856,257,257,4,0,253,253,15841,5,1,0,4,4
2020-10-16,US,Virginia,Arlington,4318,153,0,38.8767675,-77.10139853,51013.0,1823.1563658472733,3.543307086614173,4165,4278,152,0,4126,4250,237521,40,1,0,39,28
2020-10-16,US,Virginia,Augusta,607,8,0,38.16404586,-79.12461614,51015.0,803.356362000053,1.317957166392092,599,593,8,0,585,585,75457,14,0,0,14,8
2020-10-16,US,Virginia,Bath,21,0,0,38.05852573,-79.73912095,51017.0,506.3901615625754,0.0,21,20,0,0,20,20,4292,1,0,0,1,0
2020-10-16,US,Virginia,Bedford,1035,16,0,37.3080028,-79.5281964,51019.0,1310.1763358102207,1.5458937198067633,1019,1014,15,0,999,993,78747,21,1,0,20,21
2020-10-16,US,Virginia,Bland,64,5,0,37.13128068,-81.13599391,51021.0,1019.108280254777,7.8125,59,64,5,0,59,64,6293,0,0,0,0,0
2020-10-16,US,Virginia,Botetourt,347,11,0,37.55531756,-79.80982182,51023.0,1038.3314880756457,3.1700288184438037,336,342,11,0,331,340,33277,5,0,0,5,2
2020-10-16,US,Virginia,Bristol,229,7,0,36.616302399999995,-82.16359122,51520.0,1366.185419401026,3.056768558951965,222,223,7,0,216,223,16482,6,0,0,6,0
2020-10-16,US,Virginia,Brunswick,402,5,0,36.76366949,-77.8593436,51025.0,2476.742036843078,1.243781094527363,397,402,5,0,397,398,16384,0,0,0,0,4
2020-10-16,US,Virginia,Buchanan,220,2,0,37.26818323,-82.03749726,51027.0,1047.4195391354026,0.9090909090909092,218,219,2,0,217,215,21221,1,0,0,1,4
2020-10-16,US,Virginia,Buckingham,719,9,0,37.57242268,-78.52518834,51029.0,4192.908794028458,1.2517385257301807,710,718,9,0,709,715,16999,1,0,0,1,3
2020-10-16,US,Virginia,Buena Vista,119,1,0,37.73484642,-79.35296097,51530.0,1836.9867242976227,0.8403361344537815,118,115,1,0,114,115,6237,4,0,0,4,0
2020-10-16,US,Virginia,Campbell,616,6,0,37.20553386,-79.09678609,51031.0,1122.3467249703926,0.9740259740259741,610,602,5,0,597,587,54973,14,1,0,13,15
2020-10-16,US,Virginia,Caroline,395,5,0,38.02679129,-77.34901405,51033.0,1285.5980471928394,1.2658227848101269,390,390,5,0,385,386,30772,5,0,0,5,4
2020-10-16,US,Virginia,Carroll,547,25,0,36.73066666,-80.73455942,51035.0,1836.125004195898,4.570383912248629,522,535,25,0,510,534,29636,12,0,0,12,1
2020-10-16,US,Virginia,Charles City,94,5,0,37.35358063,-77.05634116,51036.0,1349.992819187132,5.319148936170213,89,91,5,0,86,90,6941,3,0,0,3,1
2020-10-16,US,Virginia,Charlotte,193,0,0,37.01909701,-78.66314092,51037.0,1624.5791245791245,0.0,193,192,0,0,192,187,11938,1,0,0,1,5
2020-10-16,US,Virginia,Charlottesville,1499,32,0,38.03527919,-78.48569588,51540.0,3171.4128549062752,2.134756504336224,1467,1481,31,0,1450,1472,48117,18,1,0,17,9
2020-10-16,US,Virginia,Chesapeake,4692,75,0,36.67670048,-76.30545744,51550.0,1916.3926726162522,1.59846547314578,4617,4661,75,0,4586,4628,242634,31,0,0,31,33
2020-10-16,US,Virginia,Chesterfield,6568,99,0,37.37373208,-77.58680140000001,51041.0,1861.667450864791,1.5073081607795369,6469,6546,98,0,6448,6478,348556,22,1,0,21,68
2020-10-16,US,Virginia,Clarke,113,1,0,39.11271747,-77.99199425,51043.0,772.9666871879062,0.8849557522123894,112,114,1,0,113,111,14523,-1,0,0,-1,3
2020-10-16,US,Virginia,Colonial Heights,278,26,0,37.26420587,-77.39609676,51570.0,1600.4605641911346,9.352517985611511,252,278,26,0,252,277,17833,0,0,0,0,1
2020-10-16,US,Virginia,Covington,33,0,0,37.7824656,-79.98631446,51580.0,595.8829902491874,0.0,33,33,0,0,33,33,5460,0,0,0,0,0
2020-10-16,US,Virginia,Craig,41,0,0,37.48133648,-80.21072274,51045.0,799.0645098421361,0.0,41,40,0,0,40,38,5064,1,0,0,1,2
2020-10-16,US,Virginia,Culpeper,1266,18,0,38.48199985,-77.95630870000002,51047.0,2406.615340747077,1.4218009478672986,1248,1263,18,0,1245,1257,51859,3,0,0,3,6
2020-10-16,US,Virginia,Cumberland,111,2,0,37.51328851,-78.24398086,51049.0,1117.599677809102,1.8018018018018016,109,111,2,0,109,111,9809,0,0,0,0,0
2020-10-16,US,Virginia,Danville,1094,38,0,36.58022376,-79.40395668,51590.0,2731.994805713715,3.473491773308958,1056,1090,38,0,1052,1070,40693,4,0,0,4,20
2020-10-16,US,Virginia,Dickenson,119,1,0,37.12560977,-82.35124171,51051.0,831.1216650370163,0.8403361344537815,118,118,1,0,117,112,14523,1,0,0,1,6
2020-10-16,US,Virginia,Dinwiddie,468,12,0,37.07544585,-77.63451754,51053.0,1639.57399103139,2.5641025641025643,456,462,12,0,450,458,28529,6,0,0,6,4
2020-10-16,US,Virginia,Emporia,272,26,0,36.69455571,-77.53406129,51595.0,5087.9161990273105,9.558823529411764,246,271,26,0,245,269,5121,1,0,0,1,2
2020-10-16,US,Virginia,Essex,188,2,0,37.93357639,-76.94230311,51057.0,1716.424723819958,1.0638297872340423,186,188,2,0,186,187,10919,0,0,0,0,1
2020-10-16,US,Virginia,Fairfax,22460,599,0,38.83677558,-77.27565836,51059.0,1957.2438938521973,2.666963490650045,21861,22340,600,0,21740,22275,1150795,120,-1,0,121,65
2020-10-16,US,Virginia,Fairfax,22460,599,0,38.83677558,-77.27565836,51059.0,1957.2438938521973,2.666963490650045,21861,22340,600,0,21740,22275,24574,120,-1,0,121,65
2020-10-16,US,Virginia,Fairfax City,146,8,0,38.85157547,-77.29779640000002,51600.0,607.8521170739832,5.479452054794519,138,145,8,0,137,145,24574,1,0,0,1,0
2020-10-16,US,Virginia,Falls Church,75,7,0,38.88485255,-77.17560759,51610.0,513.1011835533967,9.333333333333334,68,75,7,0,68,75,14772,0,0,0,0,0
2020-10-16,US,Virginia,Fauquier,1026,25,0,38.73564842,-77.80647472,51061.0,1440.5661172109742,2.4366471734892787,1001,1026,25,0,1001,1021,70675,0,0,0,0,5
2020-10-16,US,Virginia,Floyd,230,16,0,36.9302126,-80.36738849,51063.0,1460.4101847736365,6.956521739130435,214,229,16,0,213,227,15795,1,0,0,1,2
2020-10-16,US,Virginia,Fluvanna,405,9,0,37.84157909,-78.27715475,51065.0,1485.148514851485,2.2222222222222223,396,403,9,0,394,402,26783,2,0,0,2,1
2020-10-16,US,Virginia,Franklin,194,1,0,36.99536167,-79.88023649,51067.0,346.1689447200313,0.5154639175257731,193,194,1,0,193,194,56195,0,0,0,0,0
2020-10-16,US,Virginia,Franklin,194,1,0,36.99536167,-79.88023649,51067.0,346.1689447200313,0.5154639175257731,193,194,1,0,193,194,8013,0,0,0,0,0
2020-10-16,US,Virginia,Franklin City,465,11,0,36.6831435,-76.93859681,51620.0,5836.575875486381,2.3655913978494625,454,464,10,0,454,461,8013,1,1,0,0,3
2020-10-16,US,Virginia,Frederick,1068,13,0,39.20172582,-78.25974949,51069.0,1195.7945651808807,1.2172284644194755,1055,1051,13,0,1038,1041,88355,17,0,0,17,10
2020-10-16,US,Virginia,Fredericksburg,573,5,0,38.2977863,-77.4922454,51630.0,1973.4123157459705,0.8726003490401396,568,568,5,0,563,571,29144,5,0,0,5,-3
2020-10-16,US,Virginia,Galax,427,30,0,36.66601852,-80.91703124,51640.0,6727.5878367732785,7.0257611241217806,397,427,30,0,397,427,6423,0,0,0,0,0
2020-10-16,US,Virginia,Giles,110,0,0,37.31234791,-80.70636931,51071.0,657.8947368421052,0.0,110,109,0,0,109,101,16844,1,0,0,1,8
2020-10-16,US,Virginia,Gloucester,327,3,0,37.40809042,-76.53524337,51073.0,875.5488915069078,0.9174311926605504,324,319,3,0,316,313,37349,8,0,0,8,6
2020-10-16,US,Virginia,Goochland,305,7,0,37.71714806,-77.90381514,51075.0,1284.0483307371699,2.295081967213114,298,306,7,0,299,305,23244,-1,0,0,-1,1
2020-10-16,US,Virginia,Grayson,348,18,0,36.65677234,-81.23215889,51077.0,2237.942122186495,5.172413793103448,330,346,18,0,328,344,15631,2,0,0,2,2
2020-10-16,US,Virginia,Greene,261,3,0,38.29545894,-78.46525378,51079.0,1316.918108885413,1.1494252873563218,258,258,3,0,255,255,19779,3,0,0,3,3
2020-10-16,US,Virginia,Greensville,869,12,0,36.67878901,-77.56351439,51081.0,7665.843330980945,1.380897583429229,857,842,11,0,831,839,11627,27,1,0,26,3
2020-10-16,US,Virginia,Halifax,441,7,0,36.76654925,-78.93512622,51083.0,1300.4629766152575,1.5873015873015872,434,441,7,0,434,428,34120,0,0,0,0,13
2020-10-16,US,Virginia,Hampton,2018,29,0,37.03513786,-76.35879121,51650.0,1500.2602037023264,1.4370664023785926,1989,2004,28,0,1976,1983,134313,14,1,0,13,21
2020-10-16,US,Virginia,Hanover,1507,40,0,37.7583355,-77.49464673,51085.0,1398.4002375517325,2.6542800265428004,1467,1495,40,0,1455,1475,107239,12,0,0,12,20
2020-10-16,US,Virginia,Harrisonburg,2904,35,0,38.43542574,-78.87536254,51660.0,5477.591670439113,1.2052341597796143,2869,2882,35,0,2847,2876,54033,22,0,0,22,6
2020-10-16,US,Virginia,Henrico,5911,222,0,37.53460572,-77.39326555,51087.0,1786.7830650085543,3.755709693791237,5689,5881,222,0,5659,5832,329261,30,0,0,30,49
2020-10-16,US,Virginia,Henry,1230,31,0,36.68542395,-79.87634026,51089.0,2432.897521609273,2.5203252032520327,1199,1220,31,0,1189,1207,50953,10,0,0,10,13
2020-10-16,US,Virginia,Highland,9,0,0,38.35799465,-79.56124594,51091.0,410.958904109589,0.0,9,9,0,0,9,9,2210,0,0,0,0,0
2020-10-16,US,Virginia,Hopewell,469,7,0,37.29186313,-77.29754684,51670.0,2081.761285454304,1.492537313432836,462,465,7,0,458,458,22596,4,0,0,4,7
2020-10-16,US,Virginia,Isle of Wight,816,22,0,36.90579348,-76.70842863,51093.0,2198.927483898785,2.6960784313725488,794,816,22,0,794,816,36953,0,0,0,0,0
2020-10-16,US,Virginia,James City,910,21,0,37.31156958,-76.76950618,51095.0,1189.1849509297858,2.3076923076923075,889,909,21,0,888,906,76397,1,0,0,1,3
2020-10-16,US,Virginia,King George,262,4,0,38.26818502,-77.15852768,51099.0,976.3004918765836,1.5267175572519085,258,257,4,0,253,257,26575,5,0,0,5,0
2020-10-16,US,Virginia,King William,187,2,0,37.70965316,-77.09384941,51101.0,1090.5061814788896,1.0695187165775402,185,184,2,0,182,183,16939,3,0,0,3,1
2020-10-16,US,Virginia,King and Queen,83,1,0,37.71044922,-76.88689628,51097.0,1181.4946619217085,1.2048192771084338,82,83,1,0,82,83,7042,0,0,0,0,0
2020-10-16,US,Virginia,Lancaster,171,0,0,37.71889653,-76.46400482,51103.0,1612.7511081769312,0.0,171,171,0,0,171,170,10783,0,0,0,0,1
2020-10-16,US,Virginia,Lee,366,9,0,36.70586667,-83.12606515,51105.0,1562.5667079366433,2.459016393442623,357,359,8,0,351,354,23541,7,1,0,6,5
2020-10-16,US,Virginia,Lexington,199,1,0,37.78258621,-79.44262866,51678.0,2672.575879666935,0.5025125628140703,198,189,1,0,188,185,7136,10,0,0,10,4
2020-10-16,US,Virginia,Loudoun,7454,129,0,39.08990083,-77.63481877,51107.0,1802.4945712365009,1.730614435202576,7325,7417,129,0,7288,7301,406850,37,0,0,37,116
2020-10-16,US,Virginia,Louisa,358,7,0,37.97850256,-77.96274807,51109.0,952.3556170359926,1.9553072625698324,351,356,7,0,349,351,36778,2,0,0,2,5
2020-10-16,US,Virginia,Lunenburg,140,3,0,36.94618528,-78.24133319,51111.0,1147.9173499508036,2.142857142857143,137,136,3,0,133,132,12086,4,0,0,4,4
2020-10-16,US,Virginia,Lynchburg,1783,23,0,37.40021399,-79.19888138,51680.0,2169.9445039431407,1.2899607403252944,1760,1759,22,0,1737,1742,82126,24,1,0,23,17
2020-10-16,US,Virginia,Madison,122,3,0,38.41531222,-78.28220331,51113.0,919.9909509086797,2.459016393442623,119,118,3,0,115,117,13295,4,0,0,4,1
2020-10-16,US,Virginia,Manassas,2006,26,0,38.7464321,-77.48509905,51683.0,4882.560545211148,1.296111665004985,1980,2004,25,0,1979,1998,41641,2,1,0,1,6
2020-10-16,US,Virginia,Manassas Park,629,8,0,38.77058531,-77.44399307,51685.0,3598.809932486555,1.2718600953895072,621,628,8,0,620,628,17307,1,0,0,1,0
2020-10-16,US,Virginia,Martinsville,445,23,0,36.68212094,-79.86352771,51690.0,3544.6869523657792,5.168539325842697,422,445,23,0,422,442,12902,0,0,0,0,3
2020-10-16,US,Virginia,Mathews,127,0,0,37.44164146,-76.34098896,51115.0,1437.6273488793302,0.0,127,127,0,0,127,122,8802,0,0,0,0,5
2020-10-16,US,Virginia,Mecklenburg,844,34,0,36.67882005,-78.36131056,51117.0,2759.3422042044012,4.028436018957346,810,844,34,0,810,838,30650,0,0,0,0,6
2020-10-16,US,Virginia,Middlesex,138,11,0,37.63191998,-76.55064617,51119.0,1304.101304101304,7.971014492753622,127,137,11,0,126,135,10769,1,0,0,1,2
2020-10-16,US,Virginia,Montgomery,2450,5,0,37.17746986,-80.37868691,51121.0,2486.4261429948747,0.20408163265306126,2445,2403,5,0,2398,2384,98985,47,0,0,47,19
2020-10-16,US,Virginia,Nelson,125,2,0,37.78790447,-78.88498513,51125.0,837.2404554588077,1.6,123,124,2,0,122,122,14836,1,0,0,1,2
2020-10-16,US,Virginia,New Kent,259,3,0,37.50694406,-76.99828634,51127.0,1121.6491273656402,1.1583011583011582,256,257,3,0,254,253,22391,2,0,0,2,4
2020-10-16,US,Virginia,Newport News,3008,49,0,37.08166899,-76.51754109,51700.0,1678.337285534942,1.6289893617021276,2959,2973,49,0,2924,2952,178626,35,0,0,35,21
2020-10-16,US,Virginia,Norfolk,5145,81,0,36.89934014,-76.26420872,51710.0,2119.534320389549,1.5743440233236152,5064,5122,80,0,5042,5092,244076,23,1,0,22,30
2020-10-16,US,Virginia,Northampton,312,31,0,37.34062933,-75.87751591,51131.0,2664.389410760034,9.935897435897436,281,311,31,0,280,311,11735,1,0,0,1,0
2020-10-16,US,Virginia,Northumberland,206,6,0,37.89202088,-76.41949732,51133.0,1703.1831335262507,2.9126213592233015,200,206,6,0,200,204,12147,0,0,0,0,2
2020-10-16,US,Virginia,Norton,44,0,0,36.93357076,-82.62750411,51720.0,1105.249937201708,0.0,44,44,0,0,44,43,3968,0,0,0,0,1
2020-10-16,US,Virginia,Nottoway,322,20,0,37.1435975,-78.05065922,51135.0,2113.9705882352937,6.211180124223603,302,316,20,0,296,308,15420,6,0,0,6,8
2020-10-16,US,Virginia,Orange,367,5,0,38.24530219,-78.01560400000002,51137.0,990.5265714825508,1.3623978201634876,362,363,5,0,358,360,36644,4,0,0,4,3
2020-10-16,US,Virginia,Page,449,30,0,38.61807452,-78.48797204,51139.0,1878.503890887792,6.6815144766147005,419,442,30,0,412,439,23933,7,0,0,7,3
2020-10-16,US,Virginia,Patrick,295,26,0,36.680163799999995,-80.2865648,51141.0,1675.374829622899,8.8135593220339,269,296,26,0,270,296,17673,-1,0,0,-1,0
2020-10-16,US,Virginia,Petersburg,840,29,0,37.20530399,-77.39368102,51730.0,2679.7677534613667,3.452380952380953,811,838,29,0,809,829,31567,2,0,0,2,9
2020-10-16,US,Virginia,Pittsylvania,1183,11,0,36.81980341,-79.39731264,51143.0,1960.102064486198,0.9298393913778528,1172,1185,11,0,1174,1171,60949,-2,0,0,-2,14
2020-10-16,US,Virginia,Poquoson,87,2,0,37.14259351,-76.35798148,51735.0,708.9886724798305,2.2988505747126435,85,86,2,0,84,83,12190,1,0,0,1,3
2020-10-16,US,Virginia,Portsmouth,2713,64,0,36.85914825,-76.35971629,51740.0,2874.0015678298273,2.3590121636564687,2649,2706,63,0,2643,2699,94632,7,1,0,6,7
2020-10-16,US,Virginia,Powhatan,268,5,0,37.55016038,-77.91267882,51145.0,903.8176176986377,1.8656716417910448,263,269,5,0,264,267,29189,-1,0,0,-1,2
2020-10-16,US,Virginia,Prince Edward,705,12,0,37.22554789,-78.43597949,51147.0,3091.834049644768,1.702127659574468,693,700,12,0,688,683,22950,5,0,0,5,17
2020-10-16,US,Virginia,Prince George,1000,5,0,37.18497668,-77.22922187,51149.0,2607.3579641749016,0.5,995,997,5,0,992,975,38082,3,0,0,3,22
2020-10-16,US,Virginia,Prince William,13451,216,0,38.70916224,-77.48713689,51153.0,2859.876471025971,1.605828562932124,13235,13390,216,0,13174,13311,468011,61,0,0,61,79
2020-10-16,US,Virginia,Pulaski,263,6,0,37.06474963,-80.71229738,51155.0,772.9156258265497,2.281368821292776,257,260,6,0,254,254,34066,3,0,0,3,6
2020-10-16,US,Virginia,Radford,807,1,0,37.12222899,-80.56027320000003,51750.0,4422.16011836265,0.12391573729863692,806,790,1,0,789,786,18339,17,0,0,17,4
2020-10-16,US,Virginia,Rappahannock,65,2,0,38.68295619,-78.15826963,51157.0,881.9538670284938,3.0769230769230766,63,66,2,0,64,65,7252,-1,0,0,-1,1
2020-10-16,US,Virginia,Richmond,372,4,0,37.937575,-76.72920628,51159.0,4122.797295799624,1.075268817204301,368,371,4,0,367,371,9038,1,0,0,1,0
2020-10-16,US,Virginia,Richmond City,5027,63,0,37.53255773,-77.47966921,51760.0,2181.5167768924994,1.2532325442609906,4964,5003,62,0,4941,4985,228783,24,1,0,23,18
2020-10-16,US,Virginia,Roanoke,1224,9,0,37.26865804,-80.06396753,51161.0,1299.5561973117026,0.7352941176470589,1215,1183,8,0,1175,1166,94073,41,1,0,40,17
2020-10-16,US,Virginia,Roanoke City,2296,32,0,37.27791025,-79.96189766,51770.0,2315.846807137165,1.3937282229965158,2264,2276,32,0,2244,2238,99920,20,0,0,20,38
2020-10-16,US,Virginia,Rockbridge,143,3,0,37.81204314,-79.44605905,51163.0,633.5001993532096,2.097902097902098,140,140,3,0,137,140,22752,3,0,0,3,0
2020-10-16,US,Virginia,Rockingham,1672,22,0,38.51006137,-78.87260325,51165.0,2040.31825059794,1.3157894736842106,1650,1660,22,0,1638,1649,81244,12,0,0,12,11
2020-10-16,US,Virginia,Russell,395,8,0,36.93028320000001,-82.10095486,51167.0,1485.7443767396371,2.0253164556962027,387,386,8,0,378,368,26748,9,0,0,9,18
2020-10-16,US,Virginia,Salem,424,6,0,37.2836193,-80.06219455,51775.0,1675.8230899964428,1.4150943396226414,418,409,6,0,403,385,25643,15,0,0,15,24
2020-10-16,US,Virginia,Scott,248,5,0,36.71466456,-82.60171704,51169.0,1149.958267643513,2.0161290322580645,243,240,5,0,235,235,21534,8,0,0,8,5
2020-10-16,US,Virginia,Shenandoah,902,59,0,38.85905135,-78.56813762,51171.0,2068.048422597212,6.541019955654103,843,893,59,0,834,887,43497,9,0,0,9,6
2020-10-16,US,Virginia,Smyth,583,22,0,36.84455636,-81.53344948,51173.0,1936.619718309859,3.7735849056603774,561,583,22,0,561,581,30472,0,0,0,0,2
2020-10-16,US,Virginia,Southampton,880,31,0,36.72231125,-77.10642712,51175.0,4991.20866655323,3.522727272727273,849,876,30,0,846,874,17586,4,1,0,3,2
2020-10-16,US,Virginia,Spotsylvania,2306,46,0,38.18574462,-77.655399,51177.0,1692.9119406820098,1.9947961838681698,2260,2298,46,0,2252,2282,134238,8,0,0,8,16
2020-10-16,US,Virginia,Stafford,2247,19,0,38.41758738,-77.45917053,51179.0,1469.760992137727,0.8455718736092568,2228,2230,19,0,2211,2187,149960,17,0,0,17,43
2020-10-16,US,Virginia,Staunton,347,0,0,38.15965544,-79.05979937,51790.0,1391.7856569870044,0.0,347,338,0,0,338,335,24922,9,0,0,9,3
2020-10-16,US,Virginia,Suffolk,2229,77,0,36.70155394,-76.63603554,51800.0,2419.985234724453,3.454463885150292,2152,2220,77,0,2143,2211,91185,9,0,0,9,9
2020-10-16,US,Virginia,Surry,135,4,0,37.11781893,-76.88450012,51181.0,2102.1488632824667,2.962962962962963,131,134,4,0,130,134,6474,1,0,0,1,0
2020-10-16,US,Virginia,Sussex,636,12,0,36.92432914,-77.25791182,51183.0,5699.435433282552,1.8867924528301887,624,634,12,0,622,634,11237,2,0,0,2,0
2020-10-16,US,Virginia,Tazewell,399,2,0,37.12191123,-81.56685568,51185.0,982.8796649833723,0.5012531328320802,397,395,2,0,393,388,40855,4,0,0,4,7
2020-10-16,US,Virginia,Virginia Beach,7473,103,0,36.73285734,-76.04566934,51810.0,1660.762621840373,1.3782951960390741,7370,7415,101,0,7314,7379,450189,58,2,0,56,36
2020-10-16,US,Virginia,Warren,514,14,0,38.90847745,-78.20280433,51187.0,1279.7530126481427,2.723735408560312,500,514,14,0,500,495,40003,0,0,0,0,19
2020-10-16,US,Virginia,Washington,800,21,0,36.72341572,-81.95666289,51191.0,1488.64905098623,2.625,779,778,21,0,757,758,54402,22,0,0,22,20
2020-10-16,US,Virginia,Waynesboro,352,3,0,38.06451466,-78.90293905,51820.0,1555.4573574900573,0.8522727272727273,349,348,3,0,345,343,22628,4,0,0,4,5
2020-10-16,US,Virginia,Westmoreland,329,4,0,38.11021557,-76.80213247,51193.0,1826.2558978628922,1.2158054711246202,325,328,4,0,324,307,17830,1,0,0,1,21
2020-10-16,US,Virginia,Williamsburg,204,8,0,37.28131268,-76.70905141,51830.0,1364.1834960545673,3.92156862745098,196,204,8,0,196,204,14896,0,0,0,0,0
2020-10-16,US,Virginia,Winchester,549,4,0,39.17054517,-78.17325058,51840.0,1955.2674691929626,0.7285974499089253,545,542,4,0,538,540,28108,7,0,0,7,2
2020-10-16,US,Virginia,Wise,508,9,0,36.9746148,-82.62410519,51195.0,1358.9064548056606,1.7716535433070866,499,500,9,0,491,498,38012,8,0,0,8,2
2020-10-16,US,Virginia,Wythe,303,6,0,36.91582035,-81.07834059,51197.0,1056.338028169014,1.98019801980198,297,295,6,0,289,289,28754,8,0,0,8,6
2020-10-16,US,Virginia,York,612,9,0,37.24374789,-76.54412815,51199.0,896.3093145869948,1.4705882352941178,603,603,9,0,594,595,67846,9,0,0,9,8
2020-10-16,US,Washington,Adams,902,10,0,46.98299757,-118.56017340000001,53001.0,4513.83676124706,1.1086474501108647,892,899,10,0,889,897,19759,3,0,0,3,2
2020-10-16,US,Washington,Asotin,175,6,0,46.18894415,-117.2022851,53003.0,774.9535027898326,3.4285714285714284,169,167,6,0,161,159,22610,8,0,0,8,8
2020-10-16,US,Washington,Benton,4929,132,0,46.23946995,-119.51208340000001,53005.0,2411.5661235872594,2.678027997565429,4797,4903,132,0,4771,4891,201877,26,0,0,26,12
2020-10-16,US,Washington,Chelan,1939,16,0,47.87046092,-120.6173956,53007.0,2511.6580310880827,0.8251676121712223,1923,1932,16,0,1916,1932,77036,7,0,0,7,0
2020-10-16,US,Washington,Clallam,249,1,0,48.04754642,-123.92263190000001,53009.0,321.99247391085083,0.4016064257028112,248,246,1,0,245,246,76737,3,0,0,3,0
2020-10-16,US,Washington,Clark,3907,74,0,45.77568046,-122.48292040000001,53011.0,800.2195636990747,1.894036345021756,3833,3877,74,0,3803,3853,481857,30,0,0,30,24
2020-10-16,US,Washington,Columbia,14,1,0,46.29442881,-117.9051983,53013.0,351.3174404015057,7.142857142857142,13,14,1,0,13,14,4059,0,0,0,0,0
2020-10-16,US,Washington,Cowlitz,754,7,0,46.19074721,-122.6782231,53015.0,681.7791361116888,0.9283819628647216,747,744,7,0,737,736,108987,10,0,0,10,8
2020-10-16,US,Washington,Douglas,1217,9,0,47.7361335,-119.69293700000001,53017.0,2802.274977549564,0.7395234182415776,1208,1216,9,0,1207,1215,42907,1,0,0,1,1
2020-10-16,US,Washington,Ferry,30,0,0,48.471143100000006,-118.5154041,53019.0,393.3394519470304,0.0,30,30,0,0,30,30,7649,0,0,0,0,0
2020-10-16,US,Washington,Franklin,4602,67,0,46.53351425,-118.9018212,53021.0,4832.916762932936,1.455888744024337,4535,4589,67,0,4522,4570,94347,13,0,0,13,19
2020-10-16,US,Washington,Garfield,13,0,0,46.43197502,-117.54540320000001,53023.0,584.2696629213483,0.0,13,13,0,0,13,13,2247,0,0,0,0,0
2020-10-16,US,Washington,Grant,3227,23,0,47.20753737,-119.4500749,53025.0,3301.853007684201,0.7127362875735977,3204,3201,23,0,3178,3180,97331,26,0,0,26,21
2020-10-16,US,Washington,Grays Harbor,627,11,0,47.14003705,-123.7820567,53027.0,835.3206059071954,1.7543859649122806,616,614,11,0,603,607,73901,13,0,0,13,7
2020-10-16,US,Washington,Island,357,12,0,48.14713305,-122.5216407,53029.0,419.30444791581033,3.361344537815126,345,351,12,0,339,347,84460,6,0,0,6,4
2020-10-16,US,Washington,Jefferson,80,0,0,47.75003077,-123.56097040000002,53031.0,248.2852797864746,0.0,80,80,0,0,80,80,31729,0,0,0,0,0
2020-10-16,US,Washington,King,24769,792,0,47.49137892,-121.8346131,53033.0,1099.4849923339232,3.1975453187452056,23977,24610,791,0,23819,24466,2233163,159,1,0,158,144
2020-10-16,US,Washington,Kitsap,1397,19,0,47.63479026,-122.6436061,53035.0,514.599978635076,1.3600572655690766,1378,1386,19,0,1367,1378,269805,11,0,0,11,8
2020-10-16,US,Washington,Kittitas,657,22,0,47.12521214,-120.67943899999999,53037.0,1370.606028997601,3.34855403348554,635,642,22,0,620,640,47364,15,0,0,15,2
2020-10-16,US,Washington,Klickitat,202,3,0,45.87325839,-120.7913598,53039.0,900.7803790412486,1.4851485148514851,199,202,3,0,199,202,22107,0,0,0,0,0
2020-10-16,US,Washington,Lewis,649,8,0,46.57756476,-122.39257690000001,53041.0,804.1433828540275,1.2326656394453004,641,643,8,0,635,636,79604,6,0,0,6,7
2020-10-16,US,Washington,Lincoln,64,2,0,47.57705241,-118.41943880000001,53043.0,585.0626199835451,3.125,62,63,1,0,62,63,10740,1,1,0,0,0
2020-10-16,US,Washington,Mason,490,9,0,47.35007586,-123.1863685,53045.0,733.8844955667386,1.836734693877551,481,490,9,0,481,478,65507,0,0,0,0,12
2020-10-16,US,Washington,Okanogan,1090,10,0,48.54855019,-119.73872240000001,53047.0,2580.309163648415,0.9174311926605504,1080,1090,10,0,1080,1088,42132,0,0,0,0,2
2020-10-16,US,Washington,Pacific,107,3,0,46.55418369,-123.7285716,53049.0,476.1692848560368,2.803738317757009,104,107,3,0,104,106,22036,0,0,0,0,1
2020-10-16,US,Washington,Pend Oreille,125,0,0,48.53234021,-117.2741804,53051.0,910.8131740017488,0.0,125,123,0,0,123,119,13602,2,0,0,2,4
2020-10-16,US,Washington,Pierce,9075,217,0,47.03892768,-122.14059579999999,53053.0,1002.7845919246837,2.3911845730027546,8858,8995,217,0,8778,8917,891299,80,0,0,80,78
2020-10-16,US,Washington,San Juan,30,0,0,48.60182783,-122.96745,53055.0,170.62905243999546,0.0,30,30,0,0,30,30,17128,0,0,0,0,0
2020-10-16,US,Washington,Skagit,1188,23,0,48.48171488,-121.766131,53057.0,919.4690607948606,1.9360269360269362,1165,1184,23,0,1161,1182,128206,4,0,0,4,2
2020-10-16,US,Washington,Skamania,68,1,0,46.02408726,-121.91644029999999,53059.0,562.7741454936688,1.4705882352941178,67,66,1,0,65,66,11924,2,0,0,2,0
2020-10-16,US,Washington,Snohomish,7849,220,0,48.04615983,-121.7170703,53061.0,954.7697738549513,2.802904828640591,7629,7758,219,0,7539,7663,814901,91,1,0,90,95
2020-10-16,US,Washington,Spokane,8371,185,0,47.62113146,-117.4046494,53063.0,1601.1920474064555,2.2100107514036558,8186,8284,183,0,8101,8150,514631,87,2,0,85,134
2020-10-16,US,Washington,Stevens,229,5,0,48.40035475,-117.8542701,53065.0,500.84202698860537,2.183406113537118,224,227,4,0,223,223,45260,2,1,0,1,4
2020-10-16,US,Washington,Thurston,1388,21,0,46.9291895,-122.82906559999999,53067.0,477.73769859845254,1.5129682997118157,1367,1345,21,0,1324,1325,286419,43,0,0,43,20
2020-10-16,US,Washington,Unassigned,347,5,0,0.0,0.0,90053.0,0.0,1.4409221902017288,342,352,4,0,348,374,,-5,1,0,-6,-22
2020-10-16,US,Washington,Wahkiakum,10,0,0,46.29180039999999,-123.4250831,53069.0,222.81639928698758,0.0,10,9,0,0,9,8,4426,1,0,0,1,1
2020-10-16,US,Washington,Walla Walla,980,6,0,46.23040051,-118.4775539,53071.0,1612.9032258064515,0.6122448979591837,974,970,6,0,964,959,60922,10,0,0,10,11
2020-10-16,US,Washington,Whatcom,1493,49,0,48.82227976,-121.74900179999999,53073.0,651.2626119425773,3.2819825853985263,1444,1489,49,0,1440,1481,225685,4,0,0,4,8
2020-10-16,US,Washington,Whitman,1614,3,0,46.90022523,-117.52417630000001,53075.0,3221.2996966310075,0.18587360594795535,1611,1587,3,0,1584,1557,49791,27,0,0,27,30
2020-10-16,US,Washington,Yakima,11680,267,0,46.45738486,-120.73801259999999,53077.0,4655.742148417726,2.285958904109589,11413,11657,267,0,11390,11628,251446,23,0,0,23,29
2020-10-16,US,West Virginia,Barbour,158,1,0,39.1307219,-80.00350858,54001.0,961.0121038866248,0.6329113924050633,157,155,1,0,154,154,16535,3,0,0,3,1
2020-10-16,US,West Virginia,Berkeley,1349,17,0,39.46704621,-78.02414609,54003.0,1131.9868088712858,1.2601927353595257,1332,1315,17,0,1298,1301,117123,34,0,0,34,14
2020-10-16,US,West Virginia,Boone,284,3,0,38.01974191,-81.69888019,54005.0,1323.577387332805,1.056338028169014,281,280,3,0,277,276,21951,4,0,0,4,4
2020-10-16,US,West Virginia,Braxton,31,0,0,38.70036159,-80.72011184,54007.0,222.11076878985455,0.0,31,30,0,0,30,26,14089,1,0,0,1,4
2020-10-16,US,West Virginia,Brooke,185,1,0,40.27367263,-80.57915332,54009.0,843.247185377638,0.5405405405405406,184,142,1,0,141,138,22203,43,0,0,43,4
2020-10-16,US,West Virginia,Cabell,1130,15,0,38.42424062,-82.23855912,54011.0,1228.9955951927784,1.327433628318584,1115,1092,15,0,1077,1066,93224,38,0,0,38,26
2020-10-16,US,West Virginia,Calhoun,32,0,0,38.84315422,-81.11934872,54013.0,450.1336334224224,0.0,32,32,0,0,32,31,7254,0,0,0,0,1
2020-10-16,US,West Virginia,Clay,51,2,0,38.46231092,-81.07652217,54015.0,599.4358251057828,3.92156862745098,49,51,2,0,49,51,8632,0,0,0,0,0
2020-10-16,US,West Virginia,Doddridge,63,1,0,39.27057157,-80.70671527,54017.0,745.7386363636364,1.5873015873015872,62,59,1,0,58,59,8406,4,0,0,4,0
2020-10-16,US,West Virginia,Fayette,705,19,0,38.02974928,-81.08286634,54019.0,1662.5005895392162,2.695035460992908,686,697,18,0,679,695,43018,8,1,0,7,2
2020-10-16,US,West Virginia,Gilmer,61,0,0,38.9251277,-80.85952723,54021.0,779.7520132941327,0.0,61,60,0,0,60,57,8026,1,0,0,1,3
2020-10-16,US,West Virginia,Grant,177,7,0,39.10314817,-79.19440518,54023.0,1530.0829875518673,3.9548022598870056,170,177,7,0,170,177,11626,0,0,0,0,0
2020-10-16,US,West Virginia,Greenbrier,151,3,0,37.9463652,-80.45335881,54025.0,435.6355663262362,1.9867549668874167,148,146,3,0,143,145,34786,5,0,0,5,1
2020-10-16,US,West Virginia,Hampshire,118,1,0,39.32103553,-78.60826476,54027.0,509.1693635382956,0.8474576271186439,117,118,1,0,117,118,23347,0,0,0,0,0
2020-10-16,US,West Virginia,Hancock,188,0,0,40.51943859,-80.57461608,54029.0,652.5511975008677,0.0,188,188,0,0,188,185,29094,0,0,0,0,3
2020-10-16,US,West Virginia,Hardy,101,1,0,39.00683177,-78.85855301,54031.0,733.1591173054587,0.99009900990099,100,100,1,0,99,99,13775,1,0,0,1,1
2020-10-16,US,West Virginia,Harrison,616,10,0,39.2853852,-80.37919577,54033.0,915.9034138218152,1.6233766233766234,606,588,10,0,578,573,67554,28,0,0,28,15
2020-10-16,US,West Virginia,Jackson,341,24,0,38.84263974,-81.68148753,54035.0,1193.3090705487125,7.038123167155424,317,336,24,0,312,334,28706,5,0,0,5,2
2020-10-16,US,West Virginia,Jefferson,513,4,0,39.30776166,-77.86014147,54037.0,897.7006264655445,0.7797270955165692,509,495,4,0,491,488,56811,18,0,0,18,7
2020-10-16,US,West Virginia,Kanawha,3249,101,0,38.33860077,-81.52857054,54039.0,1824.010240057488,3.1086488150200062,3148,3196,101,0,3095,3170,180454,53,0,0,53,26
2020-10-16,US,West Virginia,Lewis,64,2,0,38.9947249,-80.49988181,54041.0,402.33859307223236,3.125,62,62,2,0,60,58,16024,2,0,0,2,4
2020-10-16,US,West Virginia,Lincoln,206,2,0,38.172154,-82.07017953,54043.0,1009.3586162967316,0.9708737864077671,204,203,2,0,201,199,20599,3,0,0,3,4
2020-10-16,US,West Virginia,Logan,706,43,0,37.8299889,-81.93528571,54045.0,2204.940816390268,6.090651558073653,663,701,43,0,658,697,32607,5,0,0,5,4
2020-10-16,US,West Virginia,Marion,341,5,0,39.50984542,-80.24244659,54049.0,608.1466685689828,1.4662756598240467,336,337,5,0,332,333,56097,4,0,0,4,4
2020-10-16,US,West Virginia,Marshall,238,1,0,39.86064362,-80.66591062,54051.0,779.5355540270544,0.4201680672268908,237,231,1,0,230,221,30785,7,0,0,7,10
2020-10-16,US,West Virginia,Mason,157,6,0,38.77071799,-82.02524219,54053.0,592.0953386634485,3.8216560509554136,151,156,6,0,150,156,26718,1,0,0,1,0
2020-10-16,US,West Virginia,McDowell,103,1,0,37.38002939,-81.65083669,54047.0,584.4303222877894,0.9708737864077671,102,100,1,0,99,99,18223,3,0,0,3,1
2020-10-16,US,West Virginia,Mercer,535,30,0,37.40481169,-81.11023142,54055.0,910.5143129446203,5.607476635514018,505,494,29,0,465,488,59131,41,1,0,40,6
2020-10-16,US,West Virginia,Mineral,201,4,0,39.41561583,-78.94104895,54057.0,748.1018311746318,1.9900497512437807,197,196,4,0,192,192,26940,5,0,0,5,4
2020-10-16,US,West Virginia,Mingo,490,10,0,37.73048351,-82.13338365,54059.0,2091.8715846994533,2.0408163265306123,480,478,9,0,469,467,23785,12,1,0,11,11
2020-10-16,US,West Virginia,Monongalia,2205,5,0,39.63218457,-80.04766838,54061.0,2087.830928303602,0.2267573696145125,2200,2190,5,0,2185,2183,106420,15,0,0,15,7
2020-10-16,US,West Virginia,Monroe,184,8,0,37.56274716,-80.54577965,54063.0,1386.0640301318267,4.3478260869565215,176,175,8,0,167,170,13280,9,0,0,9,5
2020-10-16,US,West Virginia,Morgan,93,0,0,39.55439028,-78.26311676,54065.0,520.0178930887945,0.0,93,89,0,0,89,83,17787,4,0,0,4,6
2020-10-16,US,West Virginia,Nicholas,170,3,0,38.29617706,-80.79759588,54067.0,693.9908556499022,1.7647058823529411,167,160,3,0,157,158,24842,10,0,0,10,2
2020-10-16,US,West Virginia,Ohio,443,7,0,40.0955451,-80.62203992,54069.0,1069.764072347927,1.580135440180587,436,433,7,0,426,421,41755,10,0,0,10,12
2020-10-16,US,West Virginia,Pendleton,65,1,0,38.68314479,-79.35084086,54071.0,932.7019658487587,1.5384615384615383,64,63,1,0,62,62,6997,2,0,0,2,1
2020-10-16,US,West Virginia,Pleasants,22,3,0,39.37091679,-81.16771771,54073.0,294.9061662198391,13.636363636363635,19,21,3,0,18,21,7507,1,0,0,1,0
2020-10-16,US,West Virginia,Pocahontas,64,0,0,38.32758728,-80.00993811,54075.0,776.039772038317,0.0,64,62,0,0,62,61,8414,2,0,0,2,1
2020-10-16,US,West Virginia,Preston,174,4,0,39.46770987,-79.66712803,54077.0,520.45944005743,2.2988505747126435,170,172,4,0,168,171,33839,2,0,0,2,1
2020-10-16,US,West Virginia,Putnam,767,10,0,38.50782345,-81.9082131,54079.0,1358.724534986714,1.303780964797914,757,739,10,0,729,732,56682,28,0,0,28,7
2020-10-16,US,West Virginia,Raleigh,638,8,0,37.76936795,-81.2456041,54081.0,869.6718965117708,1.2539184952978055,630,629,8,0,621,623,74254,9,0,0,9,6
2020-10-16,US,West Virginia,Randolph,368,1,0,38.769899,-79.87919615,54083.0,1282.4533890921766,0.2717391304347826,367,360,1,0,359,351,28823,8,0,0,8,9
2020-10-16,US,West Virginia,Ritchie,25,0,0,39.18094587,-81.06356878,54085.0,261.6705045007327,0.0,25,23,0,0,23,20,9721,2,0,0,2,3
2020-10-16,US,West Virginia,Roane,85,2,0,38.71622686,-81.35243568,54087.0,620.9818819403857,2.3529411764705883,83,82,2,0,80,79,13932,3,0,0,3,3
2020-10-16,US,West Virginia,Summers,72,0,0,37.65390597,-80.86009693,54089.0,572.6556907659269,0.0,72,67,0,0,67,67,12760,5,0,0,5,0
2020-10-16,US,West Virginia,Taylor,158,8,0,39.33602617,-80.0421439,54091.0,946.3911350703804,5.063291139240507,150,157,8,0,149,156,16862,1,0,0,1,1
2020-10-16,US,West Virginia,Tucker,52,0,0,39.11240885,-79.57053576,54093.0,760.3450796900131,0.0,52,50,0,0,50,49,6955,2,0,0,2,1
2020-10-16,US,West Virginia,Tyler,24,1,0,39.46811972,-80.88772676,54095.0,279.36212315213595,4.166666666666667,23,24,1,0,23,24,8746,0,0,0,0,0
2020-10-16,US,West Virginia,Upshur,210,1,0,38.89285061,-80.23689136,54097.0,868.6300463269357,0.4761904761904762,209,203,1,0,202,191,24415,7,0,0,7,12
2020-10-16,US,West Virginia,Wayne,477,11,0,38.14901357,-82.42287994,54099.0,1210.5984467793512,2.3060796645702304,466,465,11,0,454,460,39944,12,0,0,12,5
2020-10-16,US,West Virginia,Webster,17,0,0,38.49370949,-80.4202023,54101.0,209.5144195218141,0.0,17,15,0,0,15,14,8285,2,0,0,2,1
2020-10-16,US,West Virginia,Wetzel,78,0,0,39.6065771,-80.64016540000001,54103.0,517.756388981082,0.0,78,71,0,0,71,71,15270,7,0,0,7,0
2020-10-16,US,West Virginia,Wirt,26,0,0,39.02775007,-81.37473928,54105.0,446.65864971654366,0.0,26,23,0,0,23,22,5830,3,0,0,3,1
2020-10-16,US,West Virginia,Wood,464,6,0,39.20967886,-81.5162836,54107.0,555.5688594075528,1.293103448275862,458,444,6,0,438,437,84203,20,0,0,20,7
2020-10-16,US,West Virginia,Wyoming,161,5,0,37.612327,-81.54511071,54109.0,789.4478768265176,3.1055900621118013,156,152,5,0,147,144,20786,9,0,0,9,8
2020-10-16,US,Wisconsin,Adams,352,4,0,43.96974651,-89.76782777,55001.0,1740.8506429277945,1.1363636363636365,348,340,4,0,336,334,20348,12,0,0,12,6
2020-10-16,US,Wisconsin,Ashland,214,3,0,46.31956891,-90.67837132,55003.0,1375.1445829584884,1.4018691588785046,211,210,3,0,207,208,15600,4,0,0,4,2
2020-10-16,US,Wisconsin,Barron,730,6,0,45.42372701,-91.84833627,55005.0,1613.4736097604102,0.821917808219178,724,701,6,0,695,678,45164,29,0,0,29,23
2020-10-16,US,Wisconsin,Bayfield,168,1,0,46.52868768,-91.19716729,55007.0,1117.31843575419,0.5952380952380952,167,166,1,0,165,161,15042,2,0,0,2,5
2020-10-16,US,Wisconsin,Brown,12848,84,0,44.452655299999996,-88.00411844,55009.0,4856.695723174392,0.6537982565379825,12764,12519,82,0,12437,12220,263378,329,2,0,327,299
2020-10-16,US,Wisconsin,Buffalo,197,2,0,44.37835084,-91.75332578,55011.0,1511.7796024863787,1.0152284263959392,195,191,2,0,189,185,13125,6,0,0,6,6
2020-10-16,US,Wisconsin,Burnett,261,6,0,45.86303537,-92.36711412,55013.0,1693.2658622031922,2.2988505747126435,255,255,6,0,249,250,15392,6,0,0,6,5
2020-10-16,US,Wisconsin,Calumet,2174,10,0,44.0816316,-88.21780273,55015.0,4340.274311725128,0.4599816007359706,2164,2094,10,0,2084,2040,50159,80,0,0,80,54
2020-10-16,US,Wisconsin,Chippewa,1017,2,0,45.06939744,-91.28068855,55017.0,1572.891212224319,0.19665683382497545,1015,959,2,0,957,887,64135,58,0,0,58,72
2020-10-16,US,Wisconsin,Clark,623,11,0,44.73483377,-90.61207486,55019.0,1791.568413182263,1.7656500802568218,612,599,9,0,590,578,34709,24,2,0,22,21
2020-10-16,US,Wisconsin,Columbia,1321,4,0,43.46492199,-89.33589004,55021.0,2296.1134672877693,0.3028009084027252,1317,1266,4,0,1262,1229,57358,55,0,0,55,37
2020-10-16,US,Wisconsin,Crawford,284,0,0,43.23870316,-90.93073686,55023.0,1760.5852086045502,0.0,284,268,0,0,268,261,16291,16,0,0,16,7
2020-10-16,US,Wisconsin,Dane,12296,46,0,43.06601594,-89.41733797,55025.0,2249.1517207949587,0.3741054001301236,12250,12072,46,0,12026,11855,542364,224,0,0,224,217
2020-10-16,US,Wisconsin,Dodge,2891,21,0,43.41576662,-88.70928178,55027.0,3291.248761939457,0.7263922518159807,2870,2806,19,0,2787,2733,87847,85,2,0,83,73
2020-10-16,US,Wisconsin,Door,584,4,0,44.95856458,-87.30002707,55029.0,2110.741651004771,0.6849315068493149,580,563,4,0,559,562,27610,21,0,0,21,1
2020-10-16,US,Wisconsin,Douglas,673,1,0,46.43222285,-91.91595768,55031.0,1559.675550405562,0.1485884101040119,672,655,1,0,654,648,43208,18,0,0,18,7
2020-10-16,US,Wisconsin,Dunn,827,1,0,44.94562799,-91.8962481,55033.0,1822.8707459001944,0.12091898428053205,826,797,1,0,796,791,45131,30,0,0,30,6
2020-10-16,US,Wisconsin,Eau Claire,2558,9,0,44.726614,-91.28609183,55035.0,2444.431703075129,0.3518373729476153,2549,2508,9,0,2499,2471,104534,50,0,0,50,37
2020-10-16,US,Wisconsin,Florence,149,4,0,45.84963535,-88.39804137,55037.0,3469.1501746216527,2.684563758389262,145,149,4,0,145,143,4321,0,0,0,0,6
2020-10-16,US,Wisconsin,Fond du Lac,3375,17,0,43.75354908,-88.48885325,55039.0,3263.9285127123967,0.5037037037037037,3358,3247,16,0,3231,3135,103066,128,1,0,127,112
2020-10-16,US,Wisconsin,Forest,392,10,0,45.66678019,-88.77084892,55041.0,4353.620613060862,2.5510204081632653,382,388,10,0,378,384,8991,4,0,0,4,4
2020-10-16,US,Wisconsin,Grant,1550,23,0,42.8671731,-90.7063218,55043.0,3013.2778630999824,1.4838709677419355,1527,1538,23,0,1515,1479,51554,12,0,0,12,59
2020-10-16,US,Wisconsin,Green,776,3,0,42.6794956,-89.60243287,55045.0,2099.5670995671,0.3865979381443299,773,760,3,0,757,742,36929,16,0,0,16,18
2020-10-16,US,Wisconsin,Green Lake,563,2,0,43.80025981,-89.04679553,55047.0,2976.7884523872467,0.3552397868561279,561,536,2,0,534,521,18918,27,0,0,27,15
2020-10-16,US,Wisconsin,Iowa,352,1,0,43.00050278,-90.13469017,55049.0,1486.6120449362274,0.2840909090909091,351,335,1,0,334,321,23771,17,0,0,17,14
2020-10-16,US,Wisconsin,Iron,159,1,0,46.26302338,-90.24295041,55051.0,2795.8501846316162,0.6289308176100629,158,158,1,0,157,159,5676,1,0,0,1,-1
2020-10-16,US,Wisconsin,Jackson,256,1,0,44.31864893,-90.80566792,55053.0,1240.129826091169,0.390625,255,247,1,0,246,225,20478,9,0,0,9,22
2020-10-16,US,Wisconsin,Jefferson,2131,9,0,43.02054068,-88.77529134,55055.0,2513.890691172481,0.4223369310183013,2122,2112,9,0,2103,2050,85129,19,0,0,19,62
2020-10-16,US,Wisconsin,Juneau,581,3,0,43.92456975,-90.11120239,55057.0,2177.0899688987147,0.5163511187607573,578,566,3,0,563,555,26617,15,0,0,15,11
2020-10-16,US,Wisconsin,Kenosha,4266,69,0,42.57639354,-88.04051686,55059.0,2515.9087290119783,1.6174402250351618,4197,4194,69,0,4125,4140,169290,72,0,0,72,54
2020-10-16,US,Wisconsin,Kewaunee,877,4,0,44.51727459,-87.61468386,55061.0,4291.866497014779,0.4561003420752566,873,851,4,0,847,841,20383,26,0,0,26,10
2020-10-16,US,Wisconsin,La Crosse,3718,12,0,43.90632465,-91.11451093,55063.0,3150.4202819956618,0.32275416890801506,3706,3657,11,0,3646,3605,118230,61,1,0,60,52
2020-10-16,US,Wisconsin,Lafayette,445,1,0,42.66005229,-90.1317729,55065.0,2670.26702670267,0.2247191011235955,444,436,1,0,435,429,16665,9,0,0,9,7
2020-10-16,US,Wisconsin,Langlade,624,5,0,45.26271619,-89.07483625,55067.0,3251.8630465370784,0.8012820512820513,619,588,4,0,584,566,19268,36,1,0,35,22
2020-10-16,US,Wisconsin,Lincoln,506,5,0,45.33737523,-89.73411273,55069.0,1833.7984271373173,0.9881422924901184,501,484,4,0,480,462,27689,22,1,0,21,22
2020-10-16,US,Wisconsin,Manitowoc,2004,7,0,44.11946801,-87.80928853,55071.0,2537.319102062521,0.34930139720558884,1997,1940,7,0,1933,1890,79074,64,0,0,64,50
2020-10-16,US,Wisconsin,Marathon,3165,32,0,44.89792533,-89.75863384,55073.0,2332.488282286354,1.0110584518167456,3133,3016,31,0,2985,2899,135428,149,1,0,148,117
2020-10-16,US,Wisconsin,Marinette,1379,9,0,45.38553432,-88.03324599999998,55075.0,3417.596034696406,0.6526468455402465,1370,1349,9,0,1340,1330,40434,30,0,0,30,19
2020-10-16,US,Wisconsin,Marquette,479,2,0,43.81911946,-89.40073763,55077.0,3075.63888532169,0.4175365344467641,477,470,2,0,468,455,15434,9,0,0,9,15
2020-10-16,US,Wisconsin,Menominee,206,0,0,45.00422544,-88.70950714,55078.0,4521.510096575944,0.0,206,194,0,0,194,183,4658,12,0,0,12,11
2020-10-16,US,Wisconsin,Milwaukee,34400,554,0,43.00486062,-87.96733172,55079.0,3637.4171800288877,1.6104651162790695,33846,34017,554,0,33463,33532,948201,383,0,0,383,485
2020-10-16,US,Wisconsin,Monroe,878,3,0,43.94641218,-90.61881899999999,55081.0,1898.2552483082181,0.3416856492027335,875,853,3,0,850,813,46051,25,0,0,25,40
2020-10-16,US,Wisconsin,Oconto,1691,6,0,45.02715345,-88.26807503,55083.0,4458.2124967044565,0.3548196333530456,1685,1634,6,0,1628,1607,37830,57,0,0,57,27
2020-10-16,US,Wisconsin,Oneida,877,6,0,45.70677897,-89.51944105,55085.0,2463.8291894929057,0.6841505131128849,871,839,5,0,834,805,35470,38,1,0,37,34
2020-10-16,US,Wisconsin,Outagamie,7286,48,0,44.41578887,-88.46565023,55087.0,3877.9040370439366,0.6587976942080702,7238,7105,47,0,7058,6928,187365,181,1,0,180,177
2020-10-16,US,Wisconsin,Ozaukee,1778,23,0,43.38352225,-87.94625009,55089.0,1992.8043846179712,1.2935883014623173,1755,1740,21,0,1719,1684,89147,38,2,0,36,56
2020-10-16,US,Wisconsin,Pepin,86,0,0,44.58307413,-91.99949611,55091.0,1180.183889117607,0.0,86,85,0,0,85,81,7289,1,0,0,1,4
2020-10-16,US,Wisconsin,Pierce,582,7,0,44.71850291,-92.4224416,55093.0,1361.2761379052251,1.2027491408934707,575,559,7,0,552,548,42555,23,0,0,23,11
2020-10-16,US,Wisconsin,Polk,388,2,0,45.46130348,-92.44182875,55095.0,886.1887033780234,0.5154639175257731,386,375,2,0,373,363,43598,13,0,0,13,12
2020-10-16,US,Wisconsin,Portage,2121,15,0,44.47558711,-89.50152965,55097.0,2996.947945515176,0.7072135785007072,2106,2065,15,0,2050,2004,70942,56,0,0,56,61
2020-10-16,US,Wisconsin,Price,272,0,0,45.68051754,-90.36098879999999,55099.0,2037.300576735825,0.0,272,267,0,0,267,250,13397,5,0,0,5,17
2020-10-16,US,Wisconsin,Racine,6036,101,0,42.74753117,-88.05941254,55101.0,3074.7130828124764,1.6732935719019215,5935,5951,101,0,5850,5840,196584,85,0,0,85,111
2020-10-16,US,Wisconsin,Richland,364,6,0,43.3762778,-90.43012729,55103.0,2109.9003014143286,1.6483516483516485,358,350,6,0,344,332,17377,14,0,0,14,18
2020-10-16,US,Wisconsin,Rock,3828,38,0,42.67151616,-89.07147900000002,55105.0,2343.3769604662266,0.992685475444096,3790,3634,37,0,3597,3538,163129,194,1,0,193,96
2020-10-16,US,Wisconsin,Rusk,139,1,0,45.47498854,-91.1333012,55107.0,980.3921568627452,0.7194244604316546,138,109,1,0,108,103,14147,30,0,0,30,6
2020-10-16,US,Wisconsin,Sauk,1383,6,0,43.42574087,-89.94966132,55111.0,2146.1158871543407,0.4338394793926248,1377,1373,6,0,1367,1328,64249,10,0,0,10,45
2020-10-16,US,Wisconsin,Sawyer,319,1,0,45.87931905,-91.14504927,55113.0,1926.5611788863391,0.31347962382445144,318,304,1,0,303,293,16489,15,0,0,15,11
2020-10-16,US,Wisconsin,Shawano,1840,8,0,44.78902246,-88.76443896,55115.0,4498.887503361941,0.43478260869565216,1832,1773,8,0,1765,1720,40796,67,0,0,67,53
2020-10-16,US,Wisconsin,Sheboygan,2949,20,0,43.72099677,-87.94579284,55117.0,2556.788624934975,0.6781959986436079,2929,2828,20,0,2808,2710,115456,121,0,0,121,118
2020-10-16,US,Wisconsin,St. Croix,1367,9,0,45.03437474,-92.45000068,55109.0,1507.3825355343106,0.6583760058522312,1358,1332,9,0,1323,1305,89694,35,0,0,35,27
2020-10-16,US,Wisconsin,Taylor,334,6,0,45.21179252,-90.5004405,55119.0,1641.8424027921149,1.7964071856287425,328,324,6,0,318,309,20412,10,0,0,10,15
2020-10-16,US,Wisconsin,Trempealeau,842,2,0,44.30360275,-91.35893614,55121.0,2839.8934196768864,0.2375296912114014,840,821,2,0,819,816,29442,21,0,0,21,5
2020-10-16,US,Wisconsin,Vernon,418,3,0,43.59422667,-90.8324691,55123.0,1356.1741613133474,0.7177033492822966,415,401,3,0,398,394,30785,17,0,0,17,7
2020-10-16,US,Wisconsin,Vilas,397,3,0,46.05467334,-89.51719204,55125.0,1788.6911466546521,0.7556675062972292,394,388,3,0,385,367,21938,9,0,0,9,21
2020-10-16,US,Wisconsin,Walworth,3026,36,0,42.66858202,-88.54163073,55127.0,2913.3130511803442,1.1896893588896231,2990,2989,36,0,2953,2959,103718,37,0,0,37,30
2020-10-16,US,Wisconsin,Washburn,173,2,0,45.89838588,-91.79050449,55129.0,1100.5089058524172,1.1560693641618498,171,168,2,0,166,161,15878,5,0,0,5,7
2020-10-16,US,Wisconsin,Washington,3648,40,0,43.36863664,-88.22974712,55131.0,2681.6825205463338,1.0964912280701755,3608,3561,40,0,3521,3472,135693,87,0,0,87,89
2020-10-16,US,Wisconsin,Waukesha,9935,103,0,43.01833055,-88.30431188,55133.0,2457.9537751300104,1.0367388022143935,9832,9723,100,0,9623,9532,403072,212,3,0,209,191
2020-10-16,US,Wisconsin,Waupaca,1849,29,0,44.47068056,-88.96534501,55135.0,3626.201215924691,1.5684153596538668,1820,1806,28,0,1778,1741,51128,43,1,0,42,65
2020-10-16,US,Wisconsin,Waushara,741,3,0,44.11324419,-89.24317107,55137.0,3031.54277298204,0.4048582995951417,738,710,3,0,707,653,24263,31,0,0,31,57
2020-10-16,US,Wisconsin,Winnebago,7014,49,0,44.06886922,-88.64477096,55139.0,4080.1130844002864,0.6986027944111777,6965,6831,48,0,6783,6603,171020,183,1,0,182,228
2020-10-16,US,Wisconsin,Wood,1254,9,0,44.45537896,-90.04158336,55141.0,1717.8317511198786,0.7177033492822966,1245,1226,9,0,1217,1182,73055,28,0,0,28,44
2020-10-16,US,Wyoming,Albany,1015,1,0,41.65498705,-105.72354150000001,56001.0,2610.59670781893,0.09852216748768472,1014,959,1,0,958,942,38601,56,0,0,56,17
2020-10-16,US,Wyoming,Big Horn,133,2,0,44.52405055,-107.9960365,56003.0,1128.0746395250212,1.5037593984962403,131,121,2,0,119,122,11881,12,0,0,12,-1
2020-10-16,US,Wyoming,Campbell,551,2,0,44.24886082,-105.54744040000001,56005.0,1189.0118901189012,0.3629764065335753,549,522,2,0,520,510,46140,29,0,0,29,12
2020-10-16,US,Wyoming,Carbon,269,2,0,41.69357844,-106.9326084,56007.0,1817.5675675675675,0.7434944237918215,267,263,2,0,261,262,14971,6,0,0,6,1
2020-10-16,US,Wyoming,Converse,223,0,0,42.97272268,-105.5081848,56009.0,1613.3699898712198,0.0,223,217,0,0,217,209,13640,6,0,0,6,8
2020-10-16,US,Wyoming,Crook,79,0,0,44.58855102,-104.56977049999999,56011.0,1041.6666666666667,0.0,79,74,0,0,74,68,7450,5,0,0,5,6
2020-10-16,US,Wyoming,Fremont,995,14,0,43.04183996,-108.6296893,56013.0,2534.3215914011357,1.407035175879397,981,979,14,0,965,964,39531,16,0,0,16,15
2020-10-16,US,Wyoming,Goshen,134,2,0,42.08798185,-104.3534743,56015.0,1014.3062599349028,1.492537313432836,132,134,2,0,132,133,13376,0,0,0,0,1
2020-10-16,US,Wyoming,Hot Springs,41,0,0,43.71930657,-108.44231740000001,56017.0,929.0731928393384,0.0,41,41,0,0,41,41,4555,0,0,0,0,0
2020-10-16,US,Wyoming,Johnson,65,1,0,44.04057166,-106.58451740000001,56019.0,769.6862048549436,1.5384615384615383,64,60,1,0,59,57,8460,5,0,0,5,3
2020-10-16,US,Wyoming,Laramie,1110,4,0,41.30702520000001,-104.6887497,56021.0,1115.5778894472362,0.3603603603603603,1106,1084,4,0,1080,1037,98976,26,0,0,26,47
2020-10-16,US,Wyoming,Lincoln,296,2,0,42.26376367,-110.6563997,56023.0,1492.6878466969238,0.6756756756756757,294,295,2,0,293,294,19434,1,0,0,1,1
2020-10-16,US,Wyoming,Natrona,938,7,0,42.96180148,-106.79788500000001,56025.0,1174.5848881765132,0.746268656716418,931,880,7,0,873,840,79115,58,0,0,58,40
2020-10-16,US,Wyoming,Niobrara,5,0,0,43.05607708,-104.47588959999999,56027.0,212.22410865874363,0.0,5,4,0,0,4,4,2388,1,0,0,1,0
2020-10-16,US,Wyoming,Park,406,2,0,44.52157546,-109.58528249999999,56029.0,1390.6967185038022,0.4926108374384237,404,386,2,0,384,369,29324,20,0,0,20,17
2020-10-16,US,Wyoming,Platte,81,1,0,42.13299116,-104.96633100000001,56031.0,965.089955915644,1.2345679012345678,80,77,1,0,76,74,8566,4,0,0,4,3
2020-10-16,US,Wyoming,Sheridan,474,4,0,44.79048913,-106.8862389,56033.0,1554.8630474003608,0.8438818565400844,470,460,4,0,456,447,30233,14,0,0,14,13
2020-10-16,US,Wyoming,Sublette,142,1,0,42.76558279,-109.91309220000001,56035.0,1444.4105380937854,0.7042253521126759,141,135,1,0,134,133,9813,7,0,0,7,2
2020-10-16,US,Wyoming,Sweetwater,410,2,0,41.65943896,-108.8827882,56037.0,968.2828330538696,0.4878048780487805,408,406,2,0,404,402,43051,4,0,0,4,4
2020-10-16,US,Wyoming,Teton,692,1,0,43.93522482,-110.5890801,56039.0,2949.198772587795,0.14450867052023122,691,687,1,0,686,686,23081,5,0,0,5,1
2020-10-16,US,Wyoming,Uinta,392,2,0,41.2878183,-110.54757820000002,56041.0,1938.0994759220803,0.5102040816326531,390,388,2,0,386,385,20299,4,0,0,4,3
2020-10-16,US,Wyoming,Washakie,133,7,0,43.90451606,-107.68018700000002,56043.0,1704.0358744394614,5.2631578947368425,126,132,7,0,125,132,7885,1,0,0,1,0
2020-10-16,US,Wyoming,Weston,81,0,0,43.83961191,-104.56748809999999,56045.0,1169.3373754872239,0.0,81,71,0,0,71,66,6967,10,0,0,10,5
