Date,Country/Region,Province/State,Admin2,Confirmed,Deaths,Recovered,Latitude,Longitude,FIPS,Incidence_Rate,Case-Fatality_Ratio,Active Cases,Previous Confirmed,Previous Deaths,Previous Recovered,Previous Active,Prev2 Confirmed,Population,Daily Confirmed,Daily Deaths,Daily Recovered,Daily Active,Previous Daily Confirmed
2020-06-07,US,Alabama,Autauga,265,5,0,32.53952745,-86.64408227,1001.0,474.32386475505206,1.8867924528301887,260,259,5,0,254,248,55601,6,0,0,6,11
2020-06-07,US,Alabama,Baldwin,313,9,0,30.72774991,-87.72207058,1003.0,140.21161651002984,2.8753993610223643,304,304,9,0,295,296,218022,9,0,0,9,8
2020-06-07,US,Alabama,Barbour,193,1,0,31.868263,-85.3871286,1005.0,781.8196548651057,0.5181347150259067,192,190,1,0,189,183,24881,3,0,0,3,7
2020-06-07,US,Alabama,Bibb,77,1,0,32.99642064,-87.12511459999996,1007.0,343.84210056265067,1.2987012987012987,76,77,1,0,76,76,22400,0,0,0,0,1
2020-06-07,US,Alabama,Blount,72,1,0,33.98210918,-86.56790593,1009.0,124.51146543077508,1.3888888888888888,71,70,1,0,69,64,57840,2,0,0,2,6
2020-06-07,US,Alabama,Bullock,232,7,0,32.10030533,-85.71265535,1011.0,2296.802296802297,3.0172413793103448,225,225,7,0,218,219,10138,7,0,0,7,6
2020-06-07,US,Alabama,Butler,449,22,0,31.75300095,-86.68057478,1013.0,2308.7206910736318,4.89977728285078,427,442,22,0,420,431,19680,7,0,0,7,11
2020-06-07,US,Alabama,Calhoun,176,3,0,33.77483727,-85.82630386,1015.0,154.92275868139606,1.7045454545454546,173,174,3,0,171,169,114277,2,0,0,2,5
2020-06-07,US,Alabama,Chambers,378,26,0,32.91360079,-85.39072749,1017.0,1136.7053587538342,6.878306878306877,352,373,26,0,347,363,33615,5,0,0,5,10
2020-06-07,US,Alabama,Cherokee,42,4,0,34.17805983,-85.60638968,1019.0,160.3298213467705,9.523809523809524,38,40,4,0,36,38,26032,2,0,0,2,2
2020-06-07,US,Alabama,Chilton,110,2,0,32.85044126,-86.7173256,1021.0,247.59160889529124,1.818181818181818,108,108,2,0,106,108,44153,2,0,0,2,0
2020-06-07,US,Alabama,Choctaw,155,10,0,32.02227341,-88.26564429999998,1023.0,1231.2336166494558,6.451612903225807,145,155,10,0,145,153,12841,0,0,0,0,2
2020-06-07,US,Alabama,Clarke,156,2,0,31.68099859,-87.83548597,1025.0,660.4013208026416,1.2820512820512822,154,151,2,0,149,149,23920,5,0,0,5,2
2020-06-07,US,Alabama,Clay,29,2,0,33.26984193,-85.85836077,1027.0,219.115980355119,6.896551724137932,27,29,2,0,27,28,13275,0,0,0,0,1
2020-06-07,US,Alabama,Cleburne,18,1,0,33.67679204,-85.52005899,1029.0,120.72434607645876,5.5555555555555545,17,15,1,0,14,15,14987,3,0,0,3,0
2020-06-07,US,Alabama,Coffee,246,1,0,31.39932826,-85.98901039,1031.0,469.98586221390093,0.4065040650406504,245,244,1,0,243,240,51909,2,0,0,2,4
2020-06-07,US,Alabama,Colbert,209,4,0,34.69847452,-87.80168544,1033.0,378.3421733857098,1.9138755980861244,205,206,4,0,202,197,54762,3,0,0,3,9
2020-06-07,US,Alabama,Conecuh,49,1,0,31.43401703,-86.99320044,1035.0,406.06613076986815,2.0408163265306123,48,44,1,0,43,42,12277,5,0,0,5,2
2020-06-07,US,Alabama,Coosa,40,1,0,32.93690146,-86.24847739,1037.0,375.1289505767608,2.5,39,40,1,0,39,40,10715,0,0,0,0,0
2020-06-07,US,Alabama,Covington,88,1,0,31.247785399999998,-86.45050893,1039.0,237.52327998056634,1.1363636363636365,87,84,1,0,83,83,36986,4,0,0,4,1
2020-06-07,US,Alabama,Crenshaw,84,3,0,31.72941803,-86.31593104,1041.0,609.9331977926228,3.571428571428572,81,83,3,0,80,80,13824,1,0,0,1,3
2020-06-07,US,Alabama,Cullman,193,1,0,34.13020303,-86.86888037,1043.0,230.39824276573398,0.5181347150259067,192,180,1,0,179,163,83442,13,0,0,13,17
2020-06-07,US,Alabama,Dale,131,0,0,31.43037123,-85.61095742,1045.0,266.41177906125444,0.0,131,131,0,0,131,125,48956,0,0,0,0,6
2020-06-07,US,Alabama,Dallas,320,3,0,32.32688101,-87.10866709999998,1047.0,860.3075599526829,0.9375,317,302,3,0,299,296,38310,18,0,0,18,6
2020-06-07,US,Alabama,DeKalb,269,3,0,34.45946862,-85.80782906,1049.0,376.15538433571515,1.1152416356877324,266,268,3,0,265,260,71385,1,0,0,1,8
2020-06-07,US,Alabama,Elmore,411,10,0,32.59785413,-86.14415284,1051.0,506.1015404696524,2.4330900243309004,401,401,10,0,391,381,81887,10,0,0,10,20
2020-06-07,US,Alabama,Escambia,85,3,0,31.1256789,-87.15918694,1053.0,232.0312286736003,3.5294117647058822,82,82,3,0,79,79,36748,3,0,0,3,3
2020-06-07,US,Alabama,Etowah,273,12,0,34.04567266,-86.04051873,1055.0,266.94567215551297,4.395604395604397,261,270,12,0,258,265,102501,3,0,0,3,5
2020-06-07,US,Alabama,Fayette,18,0,0,33.72076938,-87.73886638,1057.0,110.4158998895841,0.0,18,17,0,0,17,16,16433,1,0,0,1,1
2020-06-07,US,Alabama,Franklin,617,9,0,34.44235334,-87.84289505,1059.0,1967.349021108348,1.4586709886547813,608,608,9,0,599,593,31363,9,0,0,9,15
2020-06-07,US,Alabama,Geneva,46,0,0,31.09389027,-85.83572839,1061.0,175.09801682463555,0.0,46,46,0,0,46,45,26314,0,0,0,0,1
2020-06-07,US,Alabama,Greene,98,5,0,32.85504247,-87.95684022,1063.0,1208.2357292565653,5.1020408163265305,93,98,5,0,93,95,8233,0,0,0,0,3
2020-06-07,US,Alabama,Hale,202,11,0,32.76039258,-87.63284988,1065.0,1378.74547812436,5.445544554455446,191,195,11,0,184,192,14726,7,0,0,7,3
2020-06-07,US,Alabama,Henry,88,2,0,31.51148016,-85.24267944,1067.0,511.47922115664045,2.272727272727273,86,85,2,0,83,84,17209,3,0,0,3,1
2020-06-07,US,Alabama,Houston,245,5,0,31.15197924,-85.29939599,1069.0,231.3896601877562,2.0408163265306123,240,237,5,0,232,227,104722,8,0,0,8,10
2020-06-07,US,Alabama,Jackson,90,3,0,34.78144169,-85.99750489,1071.0,174.33076356874443,3.333333333333333,87,88,3,0,85,86,51736,2,0,0,2,2
2020-06-07,US,Alabama,Jefferson,2039,106,0,33.55554728,-86.89506300000002,1073.0,309.6088057056697,5.1986267778322715,1933,1980,105,0,1875,1927,659300,59,1,0,58,53
2020-06-07,US,Alabama,Lamar,29,0,0,33.77995024,-88.09668032,1075.0,210.0688156465049,0.0,29,28,0,0,28,28,13844,1,0,0,1,0
2020-06-07,US,Alabama,Lauderdale,184,2,0,34.90171875,-87.65624729,1077.0,198.4276763472053,1.0869565217391304,182,181,2,0,179,175,92387,3,0,0,3,6
2020-06-07,US,Alabama,Lawrence,55,0,0,34.52041498,-87.31069453,1079.0,167.051391082493,0.0,55,53,0,0,53,51,32957,2,0,0,2,2
2020-06-07,US,Alabama,Lee,584,34,0,32.60154883,-85.35132246,1081.0,354.924578527063,5.821917808219178,550,577,34,0,543,563,163941,7,0,0,7,14
2020-06-07,US,Alabama,Limestone,123,0,0,34.81185586,-86.98310072,1083.0,124.34918869736643,0.0,123,119,0,0,119,110,96174,4,0,0,4,9
2020-06-07,US,Alabama,Lowndes,283,12,0,32.1597283,-86.65158371,1085.0,2909.726506271849,4.2402826855123665,271,276,12,0,264,269,9974,7,0,0,7,7
2020-06-07,US,Alabama,Macon,98,5,0,32.38759944,-85.69267724,1087.0,542.395395173788,5.1020408163265305,93,96,5,0,91,94,18439,2,0,0,2,2
2020-06-07,US,Alabama,Madison,376,5,0,34.76327133,-86.55069633,1089.0,100.8288885492171,1.3297872340425532,371,371,5,0,366,359,366519,5,0,0,5,12
2020-06-07,US,Alabama,Marengo,184,6,0,32.24767634,-87.78796182,1091.0,975.4545936489424,3.260869565217391,178,182,6,0,176,179,19066,2,0,0,2,3
2020-06-07,US,Alabama,Marion,126,11,0,34.13697363,-87.88704173,1093.0,424.1139048773099,8.730158730158731,115,126,11,0,115,125,29763,0,0,0,0,1
2020-06-07,US,Alabama,Marshall,739,9,0,34.36975964,-86.30486727,1095.0,763.6348606030547,1.2178619756427604,730,730,9,0,721,714,96109,9,0,0,9,16
2020-06-07,US,Alabama,Mobile,2433,124,0,30.78472347,-88.20842409,1097.0,588.8047239902229,5.096588573777231,2309,2377,124,0,2253,2341,413757,56,0,0,56,36
2020-06-07,US,Alabama,Monroe,56,2,0,31.56729412,-87.36995001,1099.0,270.10080547918784,3.571428571428572,54,54,2,0,52,49,21067,2,0,0,2,5
2020-06-07,US,Alabama,Montgomery,2054,48,0,32.2206831,-86.20969272,1101.0,906.8993226954424,2.3369036027263874,2006,1993,47,0,1946,1905,225763,61,1,0,60,88
2020-06-07,US,Alabama,Morgan,378,1,0,34.45500589,-86.85475946,1103.0,315.8448850675557,0.2645502645502645,377,361,1,0,360,314,119089,17,0,0,17,47
2020-06-07,US,Alabama,Perry,47,0,0,32.64048341,-87.29770589,1105.0,526.728678695506,0.0,47,46,0,0,46,43,9140,1,0,0,1,3
2020-06-07,US,Alabama,Pickens,122,6,0,33.28094866,-88.08818103,1107.0,612.1424987456096,4.918032786885246,116,122,6,0,116,121,19938,0,0,0,0,1
2020-06-07,US,Alabama,Pike,243,1,0,31.80396383,-85.9408295,1109.0,733.8285921362566,0.41152263374485604,242,239,1,0,238,223,33338,4,0,0,4,16
2020-06-07,US,Alabama,Randolph,132,8,0,33.29526734,-85.45708831,1111.0,580.9347768682335,6.0606060606060606,124,129,8,0,121,128,22725,3,0,0,3,1
2020-06-07,US,Alabama,Russell,198,0,0,32.28725256,-85.18415324,1113.0,341.6090129569883,0.0,198,193,0,0,193,187,57781,5,0,0,5,6
2020-06-07,US,Alabama,Shelby,549,19,0,33.26879845,-86.66232561,1117.0,252.17958493720772,3.4608378870673957,530,542,19,0,523,536,215707,7,0,0,7,6
2020-06-07,US,Alabama,St. Clair,140,2,0,33.71902176,-86.31029372,1115.0,156.4036106890696,1.4285714285714286,138,138,2,0,136,137,88690,2,0,0,2,1
2020-06-07,US,Alabama,Sumter,245,8,0,32.59117397,-88.19916205,1119.0,1971.5136396555886,3.26530612244898,237,243,8,0,235,236,12691,2,0,0,2,7
2020-06-07,US,Alabama,Talladega,132,5,0,33.37823223,-86.16886178,1121.0,165.04538748155744,3.787878787878788,127,127,5,0,122,121,79828,5,0,0,5,6
2020-06-07,US,Alabama,Tallapoosa,442,66,0,32.86698258,-85.79833053,1123.0,1094.9537988951372,14.932126696832581,376,439,66,0,373,435,40497,3,0,0,3,4
2020-06-07,US,Alabama,Tuscaloosa,915,18,0,33.28726072,-87.52556818,1125.0,437.05667407035895,1.9672131147540983,897,896,17,0,879,853,208911,19,1,0,18,43
2020-06-07,US,Alabama,Unassigned,334,4,0,0.0,0.0,90001.0,0.0,1.1976047904191616,330,334,4,0,330,314,,0,0,0,0,20
2020-06-07,US,Alabama,Walker,452,3,0,33.80270512,-87.30027177,1127.0,711.5756993750099,0.6637168141592921,449,433,3,0,430,397,63711,19,0,0,19,36
2020-06-07,US,Alabama,Washington,79,6,0,31.4092794,-88.20689944,1129.0,483.8907264486096,7.594936708860758,73,77,6,0,71,74,16378,2,0,0,2,3
2020-06-07,US,Alabama,Wilcox,169,7,0,31.98773215,-87.30891118,1131.0,1629.2297310324882,4.142011834319527,162,167,7,0,160,158,10627,2,0,0,2,9
2020-06-07,US,Alabama,Winston,93,0,0,34.15030532,-87.37325922,1133.0,393.58415506369295,0.0,93,93,0,0,93,92,23660,0,0,0,0,1
2020-06-07,US,Alaska,Anchorage,272,4,0,61.14998174,-149.14269860000005,2020.0,94.44444444444444,1.4705882352941178,268,266,4,0,262,264,291538,6,0,0,6,2
2020-06-07,US,Alaska,Bethel,3,0,0,60.90980451,-159.8561831,2050.0,16.316762754269554,0.0,3,3,0,0,3,3,18216,0,0,0,0,0
2020-06-07,US,Alaska,Fairbanks North Star,85,2,0,64.80726247,-146.5692662,2090.0,87.76549060909252,2.3529411764705883,83,85,2,0,83,85,98971,0,0,0,0,0
2020-06-07,US,Alaska,Juneau,34,0,0,58.45031811,-134.200436,2110.0,106.33639832363797,0.0,34,33,0,0,33,33,32113,1,0,0,1,0
2020-06-07,US,Alaska,Kenai Peninsula,79,2,0,60.24429722,-151.53888840000005,2122.0,134.5642842542754,2.5316455696202533,77,78,2,0,76,68,58533,1,0,0,1,10
2020-06-07,US,Alaska,Ketchikan Gateway,16,0,0,55.57445008,-130.975561,2130.0,115.09963311991943,0.0,16,16,0,0,16,16,13918,0,0,0,0,0
2020-06-07,US,Alaska,Kodiak Island,1,0,0,57.65529415,-153.7493579,2150.0,7.693491306354824,0.0,1,1,0,0,1,1,13345,0,0,0,0,0
2020-06-07,US,Alaska,Matanuska-Susitna,35,1,0,62.31305045,-149.5741743,2170.0,32.312564048118034,2.8571428571428568,34,35,1,0,34,35,107610,0,0,0,0,0
2020-06-07,US,Alaska,Nome,3,0,0,64.90320724,-164.0353804,2180.0,29.98800479808077,0.0,3,3,0,0,3,3,10008,0,0,0,0,0
2020-06-07,US,Alaska,North Slope,1,0,0,69.31479216,-153.4836093,2185.0,10.17087062652563,0.0,1,1,0,0,1,1,9872,0,0,0,0,0
2020-06-07,US,Alaska,Northwest Arctic,2,0,0,67.04919196,-159.7503946,2188.0,26.243275160740065,0.0,2,2,0,0,2,2,7671,0,0,0,0,0
2020-06-07,US,Alaska,Petersburg,4,1,0,57.13978948,-132.9540995,2195.0,122.47397428046541,25.0,3,4,1,0,3,4,3221,0,0,0,0,0
2020-06-07,US,Alaska,Prince of Wales-Hyder,2,0,0,55.76261984,-133.0511621,2198.0,32.24246332419797,0.0,2,2,0,0,2,2,6422,0,0,0,0,0
2020-06-07,US,Alaska,Sitka,2,0,0,57.24124555,-135.3206587,2220.0,23.54880489815142,0.0,2,2,0,0,2,2,8647,0,0,0,0,0
2020-06-07,US,Alaska,Southeast Fairbanks,3,0,0,63.87692095,-143.2127643,2240.0,43.52241404323227,0.0,3,3,0,0,3,3,6918,0,0,0,0,0
2020-06-07,US,Alaska,Yukon-Koyukuk,1,0,0,65.50815459,-151.39073869999999,2290.0,19.120458891013385,0.0,1,1,0,0,1,1,5327,0,0,0,0,0
2020-06-07,US,Arizona,Apache,1727,49,0,35.39465006,-109.4892383,4001.0,2402.381515433945,2.837290098436595,1678,1692,49,0,1643,1656,71818,35,0,0,35,36
2020-06-07,US,Arizona,Cochise,141,4,0,31.87934684,-109.7516088,4003.0,111.97407919188069,2.8368794326241136,137,122,4,0,118,120,126770,19,0,0,19,2
2020-06-07,US,Arizona,Coconino,1282,85,0,35.83883429,-111.77071780000001,4005.0,893.5292313697064,6.6302652106084246,1197,1267,85,0,1182,1248,142854,15,0,0,15,19
2020-06-07,US,Arizona,Gila,45,3,0,33.80190085,-110.8132779,4007.0,83.30556481172944,6.666666666666668,42,43,3,0,40,42,53889,2,0,0,2,1
2020-06-07,US,Arizona,Graham,40,1,0,32.93166885,-109.8882178,4009.0,102.99456703658882,2.5,39,39,1,0,38,40,38072,1,0,0,1,-1
2020-06-07,US,Arizona,Greenlee,10,0,0,33.21498827,-109.2405279,4011.0,105.28532322594229,0.0,10,9,0,0,9,9,9483,1,0,0,1,0
2020-06-07,US,Arizona,La Paz,181,1,0,33.72854224,-113.98100290000001,4012.0,857.4947887057041,0.5524861878453039,180,158,1,0,157,149,21098,23,0,0,23,9
2020-06-07,US,Arizona,Maricopa,13498,490,0,33.34835867,-112.49181540000001,4013.0,300.93097314985863,3.63016743221218,13008,12761,489,0,12272,12091,4410824,737,1,0,736,670
2020-06-07,US,Arizona,Mohave,500,57,0,35.70471703,-113.7577902,4015.0,235.6478666798629,11.4,443,485,57,0,428,447,209550,15,0,0,15,38
2020-06-07,US,Arizona,Navajo,2198,72,0,35.3997715,-110.3218983,4017.0,1981.5369081533304,3.275705186533212,2126,2152,72,0,2080,2104,110445,46,0,0,46,48
2020-06-07,US,Arizona,Pima,3098,205,0,32.0971334,-111.7890033,4019.0,295.8142004184176,6.617172369270498,2893,2950,205,0,2745,2883,1039073,148,0,0,148,67
2020-06-07,US,Arizona,Pinal,1112,41,0,32.90525627,-111.3449483,4021.0,240.2822884727165,3.6870503597122304,1071,1067,41,0,1026,1018,447138,45,0,0,45,49
2020-06-07,US,Arizona,Santa Cruz,599,3,0,31.52508998,-110.8479088,4023.0,1288.2274506430385,0.5008347245409015,596,530,3,0,527,503,46511,69,0,0,69,27
2020-06-07,US,Arizona,Unassigned,0,2,0,0.0,0.0,90004.0,0.0,0.0,-2,0,2,0,-2,0,,0,0,0,0,0
2020-06-07,US,Arizona,Yavapai,327,6,0,34.59933926,-112.5538588,4025.0,139.09034066499646,1.834862385321101,321,326,6,0,320,314,231993,1,0,0,1,12
2020-06-07,US,Arizona,Yuma,2231,32,0,32.76895712,-113.90666740000002,4027.0,1043.5620500778814,1.4343343792021517,2199,1850,25,0,1825,1815,212128,381,7,0,374,35
2020-06-07,US,Arkansas,Arkansas,7,0,0,34.29145151,-91.37277296,5001.0,40.0320256204964,0.0,7,7,0,0,7,7,17769,0,0,0,0,0
2020-06-07,US,Arkansas,Ashley,32,0,0,33.19153461,-91.76984709999999,5003.0,162.79188075494739,0.0,32,29,0,0,29,29,20046,3,0,0,3,0
2020-06-07,US,Arkansas,Baxter,13,0,0,36.28784385,-92.33782872,5005.0,31.00257559858819,0.0,13,13,0,0,13,12,41619,0,0,0,0,1
2020-06-07,US,Arkansas,Benton,956,3,0,36.33644656,-94.25680817,5007.0,342.4792488384007,0.3138075313807531,953,883,3,0,880,826,272608,73,0,0,73,57
2020-06-07,US,Arkansas,Boone,7,0,0,36.3084504,-93.09374925,5009.0,18.700577046377436,0.0,7,7,0,0,7,7,37480,0,0,0,0,0
2020-06-07,US,Arkansas,Bradley,30,1,0,33.46755808,-92.15980837,5011.0,278.732695345164,3.333333333333333,29,28,1,0,27,26,10897,2,0,0,2,2
2020-06-07,US,Arkansas,Carroll,38,1,0,36.34038560000001,-93.54270261,5015.0,133.8971106412967,2.631578947368421,37,35,1,0,34,33,28223,3,0,0,3,2
2020-06-07,US,Arkansas,Chicot,23,0,0,33.26458973,-91.29539209,5017.0,227.3176517098241,0.0,23,21,0,0,21,19,10438,2,0,0,2,2
2020-06-07,US,Arkansas,Clark,40,0,0,34.04613432,-93.17484713,5019.0,179.21146953405014,0.0,40,40,0,0,40,40,22061,0,0,0,0,0
2020-06-07,US,Arkansas,Clay,6,0,0,36.36826212,-90.4148172,5021.0,41.234279430966936,0.0,6,6,0,0,6,5,14847,0,0,0,0,1
2020-06-07,US,Arkansas,Cleburne,74,4,0,35.53864922,-92.02640019,5023.0,296.9621573899434,5.405405405405406,70,74,4,0,70,74,24965,0,0,0,0,0
2020-06-07,US,Arkansas,Cleveland,19,0,0,33.89723187,-92.18537045,5025.0,238.81347410759173,0.0,19,19,0,0,19,19,8018,0,0,0,0,0
2020-06-07,US,Arkansas,Columbia,23,2,0,33.21230701,-93.22642793,5027.0,98.05175427377756,8.695652173913043,21,23,2,0,21,23,23537,0,0,0,0,0
2020-06-07,US,Arkansas,Conway,15,1,0,35.26205537,-92.70506566,5029.0,71.95625059963542,6.666666666666668,14,15,1,0,14,15,20891,0,0,0,0,0
2020-06-07,US,Arkansas,Craighead,302,1,0,35.83018283,-90.63235729,5031.0,273.719319870935,0.3311258278145696,301,300,1,0,299,279,108558,2,0,0,2,21
2020-06-07,US,Arkansas,Crawford,41,0,0,35.58928601,-94.2446814,5033.0,64.81496119006592,0.0,41,39,0,0,39,35,63406,2,0,0,2,4
2020-06-07,US,Arkansas,Crittenden,463,9,0,35.21247318,-90.30839406,5035.0,965.4884787821916,1.9438444924406049,454,452,9,0,443,436,48342,11,0,0,11,16
2020-06-07,US,Arkansas,Cross,61,0,0,35.29631396,-90.77185818,5037.0,371.52079907424326,0.0,61,60,0,0,60,60,16676,1,0,0,1,0
2020-06-07,US,Arkansas,Dallas,3,0,0,33.97042763,-92.65167437,5039.0,42.802111570837496,0.0,3,3,0,0,3,3,7182,0,0,0,0,0
2020-06-07,US,Arkansas,Desha,20,0,0,33.83011025,-91.25500948,5041.0,176.0408414752223,0.0,20,20,0,0,20,19,11512,0,0,0,0,1
2020-06-07,US,Arkansas,Drew,21,1,0,33.59035001,-91.71777921,5043.0,115.26428453811954,4.761904761904762,20,21,1,0,20,21,18328,0,0,0,0,0
2020-06-07,US,Arkansas,Faulkner,113,3,0,35.14719007,-92.33717519,5045.0,89.67755759600657,2.6548672566371683,110,110,3,0,107,108,124806,3,0,0,3,2
2020-06-07,US,Arkansas,Franklin,5,0,0,35.51202821,-93.89299569,5047.0,28.22466836014677,0.0,5,5,0,0,5,5,17810,0,0,0,0,0
2020-06-07,US,Arkansas,Fulton,7,0,0,36.38177105,-91.81729127,5049.0,56.10322994309529,0.0,7,7,0,0,7,7,12269,0,0,0,0,0
2020-06-07,US,Arkansas,Garland,140,1,0,34.57692074,-93.14921604,5051.0,140.86491055078181,0.7142857142857143,139,140,1,0,139,138,99154,0,0,0,0,2
2020-06-07,US,Arkansas,Grant,19,0,0,34.29017991,-92.42320562,5053.0,104.02408978921434,0.0,19,18,0,0,18,18,18188,1,0,0,1,0
2020-06-07,US,Arkansas,Greene,67,0,0,36.11735460000001,-90.55832668,5055.0,147.82129067843354,0.0,67,67,0,0,67,67,45325,0,0,0,0,0
2020-06-07,US,Arkansas,Hempstead,29,1,0,33.73325583,-93.66935133,5057.0,134.68326212149358,3.4482758620689653,28,27,1,0,26,23,21741,2,0,0,2,4
2020-06-07,US,Arkansas,Hot Spring,34,0,0,34.31709259,-92.95396325,5059.0,100.67809659175032,0.0,34,34,0,0,34,34,33701,0,0,0,0,0
2020-06-07,US,Arkansas,Howard,31,0,0,34.09007427,-93.9934871,5061.0,234.81290713528253,0.0,31,28,0,0,28,27,13341,3,0,0,3,1
2020-06-07,US,Arkansas,Independence,33,0,0,35.74242707,-91.57001641,5063.0,87.24388631857236,0.0,33,33,0,0,33,33,37678,0,0,0,0,0
2020-06-07,US,Arkansas,Izard,17,1,0,36.09604046,-91.90847954,5065.0,124.73402303910778,5.882352941176472,16,17,1,0,16,17,13593,0,0,0,0,0
2020-06-07,US,Arkansas,Jackson,6,0,0,35.59802983,-91.21494602,5067.0,35.887313834559485,0.0,6,6,0,0,6,5,16811,0,0,0,0,1
2020-06-07,US,Arkansas,Jefferson,548,26,0,34.26767081,-91.92619839,5069.0,820.0646474320604,4.744525547445256,522,547,26,0,521,545,68114,1,0,0,1,2
2020-06-07,US,Arkansas,Johnson,66,0,0,35.56759135,-93.46036368,5071.0,248.32568289562798,0.0,66,57,0,0,57,55,26742,9,0,0,9,2
2020-06-07,US,Arkansas,Lafayette,10,1,0,33.24116713,-93.60677071,5073.0,150.96618357487924,10.0,9,9,1,0,8,9,6682,1,0,0,1,0
2020-06-07,US,Arkansas,Lawrence,89,9,0,36.04188196,-91.10867198,5075.0,542.48445690601,10.112359550561797,80,89,9,0,80,87,16434,0,0,0,0,2
2020-06-07,US,Arkansas,Lee,36,1,0,34.78498904,-90.78383866,5077.0,406.45816868014,2.7777777777777777,35,32,1,0,31,30,8985,4,0,0,4,2
2020-06-07,US,Arkansas,Lincoln,985,11,0,33.95317155,-91.74002806,5079.0,7562.960687960688,1.116751269035533,974,985,11,0,974,985,13383,0,0,0,0,0
2020-06-07,US,Arkansas,Little River,25,0,0,33.70375665,-94.23468591,5081.0,203.93180520433967,0.0,25,17,0,0,17,14,12326,8,0,0,8,3
2020-06-07,US,Arkansas,Logan,12,0,0,35.21413234,-93.71951016,5083.0,55.90235721606261,0.0,12,12,0,0,12,12,21737,0,0,0,0,0
2020-06-07,US,Arkansas,Lonoke,59,0,0,34.75392199,-91.88742357,5085.0,80.48125059678894,0.0,59,57,0,0,57,57,73657,2,0,0,2,0
2020-06-07,US,Arkansas,Madison,54,0,0,36.01038185,-93.72524943,5087.0,325.7722007722008,0.0,54,50,0,0,50,43,16481,4,0,0,4,7
2020-06-07,US,Arkansas,Marion,2,0,0,36.26844485,-92.68451899,5089.0,11.980352222355338,0.0,2,2,0,0,2,2,16722,0,0,0,0,0
2020-06-07,US,Arkansas,Miller,54,1,0,33.31403423,-93.89285258,5091.0,124.83528677439492,1.851851851851852,53,53,1,0,52,52,43592,1,0,0,1,1
2020-06-07,US,Arkansas,Mississippi,80,2,0,35.76271485,-90.05194370000002,5093.0,196.79712676194927,2.5,78,79,2,0,77,79,41239,1,0,0,1,0
2020-06-07,US,Arkansas,Monroe,5,0,0,34.6815935,-91.20540287,5095.0,74.61572899567228,0.0,5,5,0,0,5,5,6900,0,0,0,0,0
2020-06-07,US,Arkansas,Montgomery,2,0,0,34.53704874,-93.65824478,5097.0,22.2568439795237,0.0,2,2,0,0,2,2,8924,0,0,0,0,0
2020-06-07,US,Arkansas,Nevada,56,0,0,33.66340119,-93.30632432,5099.0,678.6233640329617,0.0,56,50,0,0,50,10,8326,6,0,0,6,40
2020-06-07,US,Arkansas,Newton,3,0,0,35.91947491,-93.21612969,5101.0,38.6946988262608,0.0,3,3,0,0,3,3,7805,0,0,0,0,0
2020-06-07,US,Arkansas,Ouachita,14,0,0,33.58839816,-92.87795984,5103.0,59.87511761183816,0.0,14,12,0,0,12,12,23606,2,0,0,2,0
2020-06-07,US,Arkansas,Perry,15,0,0,34.945915299999996,-92.94372564,5105.0,143.47202295552367,0.0,15,15,0,0,15,14,10352,0,0,0,0,1
2020-06-07,US,Arkansas,Phillips,26,1,0,34.43268455,-90.84800154,5107.0,146.2152738724553,3.8461538461538463,25,26,1,0,25,25,18029,0,0,0,0,1
2020-06-07,US,Arkansas,Pike,6,0,0,34.16250414,-93.65789349,5109.0,55.98059339428998,0.0,6,6,0,0,6,6,10673,0,0,0,0,0
2020-06-07,US,Arkansas,Poinsett,44,2,0,35.57433534,-90.66268713,5111.0,187.0112206732404,4.545454545454546,42,42,2,0,40,41,23974,2,0,0,2,1
2020-06-07,US,Arkansas,Polk,41,0,0,34.48254879,-94.22728802,5113.0,205.36966539771592,0.0,41,33,0,0,33,29,20049,8,0,0,8,4
2020-06-07,US,Arkansas,Pope,204,2,0,35.44871474,-93.03212219,5115.0,318.39180921463355,0.9803921568627452,202,197,2,0,195,184,64000,7,0,0,7,13
2020-06-07,US,Arkansas,Prairie,5,0,0,34.83624419,-91.55162157,5117.0,62.01935003721161,0.0,5,4,0,0,4,3,8074,1,0,0,1,1
2020-06-07,US,Arkansas,Pulaski,1103,37,0,34.77054088,-92.31355101,5119.0,281.44144971689997,3.354487760652765,1066,1091,37,0,1054,1065,392680,12,0,0,12,26
2020-06-07,US,Arkansas,Randolph,26,0,0,36.3415714,-91.02455531,5121.0,144.78226974050563,0.0,26,26,0,0,26,26,17948,0,0,0,0,0
2020-06-07,US,Arkansas,Saline,135,1,0,34.64916145,-92.67583224,5125.0,110.26078718034582,0.7407407407407407,134,130,1,0,129,123,121421,5,0,0,5,7
2020-06-07,US,Arkansas,Scott,1,0,0,34.85588887,-94.0632176,5127.0,9.726680284019064,0.0,1,1,0,0,1,1,10319,0,0,0,0,0
2020-06-07,US,Arkansas,Searcy,7,0,0,35.9109364,-92.69936482,5129.0,88.82121558177894,0.0,7,7,0,0,7,7,7958,0,0,0,0,0
2020-06-07,US,Arkansas,Sebastian,85,1,0,35.19605503,-94.27162713,5131.0,66.49612366714388,1.1764705882352942,84,81,1,0,80,69,127753,4,0,0,4,12
2020-06-07,US,Arkansas,Sevier,339,2,0,33.99780401,-94.2424869,5133.0,1993.296877756218,0.5899705014749262,337,326,2,0,324,301,17139,13,0,0,13,25
2020-06-07,US,Arkansas,Sharp,48,3,0,36.16258158,-91.47819342,5135.0,275.1977984176126,6.25,45,48,3,0,45,48,17366,0,0,0,0,0
2020-06-07,US,Arkansas,St. Francis,753,1,0,35.02201976,-90.74828138,5123.0,3012.723053532848,0.13280212483399734,752,744,1,0,743,694,25439,9,0,0,9,50
2020-06-07,US,Arkansas,Stone,10,0,0,35.86251946,-92.15684085,5137.0,79.96161842315688,0.0,10,10,0,0,10,10,12457,0,0,0,0,0
2020-06-07,US,Arkansas,Unassigned,264,0,0,0.0,0.0,90005.0,0.0,0.0,264,264,0,0,264,244,,0,0,0,0,20
2020-06-07,US,Arkansas,Union,188,11,0,33.16887091,-92.59746952,5139.0,486.01416679592575,5.851063829787233,177,188,11,0,177,185,39126,0,0,0,0,3
2020-06-07,US,Arkansas,Van Buren,30,2,0,35.58095779,-92.51295036,5141.0,181.3236627379873,6.666666666666668,28,29,2,0,27,29,16603,1,0,0,1,0
2020-06-07,US,Arkansas,Washington,1016,8,0,35.976844,-94.21800746,5143.0,424.77224932793166,0.7874015748031497,1008,913,8,0,905,824,236961,103,0,0,103,89
2020-06-07,US,Arkansas,White,49,1,0,35.25688493,-91.74908296,5145.0,62.219851942148246,2.0408163265306123,48,49,1,0,48,48,78727,0,0,0,0,1
2020-06-07,US,Arkansas,Woodruff,1,0,0,35.18902527,-91.2439489,5147.0,15.822784810126587,0.0,1,1,0,0,1,1,6490,0,0,0,0,0
2020-06-07,US,Arkansas,Yell,235,2,0,35.00292371,-93.41171338,5149.0,1101.1667681926808,0.851063829787234,233,222,2,0,220,202,21535,13,0,0,13,20
2020-06-07,US,California,Alameda,3805,101,0,37.64629437,-121.8929271,6001.0,227.6631351457433,2.654402102496715,3704,3805,101,0,3704,3725,1666753,0,0,0,0,80
2020-06-07,US,California,Alpine,2,0,0,38.59678594,-119.82235940000001,6003.0,177.14791851195747,0.0,2,2,0,0,2,2,1101,0,0,0,0,0
2020-06-07,US,California,Amador,10,0,0,38.44583082,-120.65696000000001,6005.0,25.155966995371298,0.0,10,10,0,0,10,10,39383,0,0,0,0,0
2020-06-07,US,California,Butte,65,1,0,39.66727762,-121.6005252,6007.0,29.655178706669226,1.5384615384615383,64,65,1,0,64,65,231256,0,0,0,0,0
2020-06-07,US,California,Calaveras,19,0,0,38.20537103,-120.55291299999999,6009.0,41.38982681625095,0.0,19,19,0,0,19,19,45602,0,0,0,0,0
2020-06-07,US,California,Colusa,7,0,0,39.17881957,-122.2331726,6011.0,32.48712117696199,0.0,7,7,0,0,7,7,21627,0,0,0,0,0
2020-06-07,US,California,Contra Costa,1668,39,0,37.91923498,-121.9289527,6013.0,144.60012171377153,2.338129496402878,1629,1633,38,0,1595,1577,1150215,35,1,0,34,56
2020-06-07,US,California,Del Norte,47,0,0,41.74228275,-123.89740630000001,6015.0,168.99180209981301,0.0,47,47,0,0,47,47,27828,0,0,0,0,0
2020-06-07,US,California,El Dorado,106,0,0,38.77965956,-120.5233166,6017.0,54.96699387584721,0.0,106,106,0,0,106,102,190678,0,0,0,0,4
2020-06-07,US,California,Fresno,2122,43,0,36.75733899,-119.6466953,6019.0,212.3909394545697,2.026390197926484,2079,2080,43,0,2037,2014,994400,42,0,0,42,66
2020-06-07,US,California,Glenn,18,0,0,39.59875897,-122.3938452,6021.0,63.39590744197513,0.0,18,18,0,0,18,17,28047,0,0,0,0,1
2020-06-07,US,California,Humboldt,104,4,0,40.69923009,-123.876044,6023.0,76.71992800129834,3.8461538461538463,100,104,4,0,100,104,136373,0,0,0,0,0
2020-06-07,US,California,Imperial,2568,33,0,33.0393082,-115.36690420000001,6025.0,1417.1012333416106,1.2850467289719627,2535,2568,33,0,2535,2568,181827,0,0,0,0,0
2020-06-07,US,California,Inyo,22,1,0,36.51112084,-117.41119779999998,6027.0,121.95797993236877,4.545454545454546,21,22,1,0,21,20,17987,0,0,0,0,2
2020-06-07,US,California,Kern,2720,45,0,35.34329425,-118.72777959999999,6029.0,302.15440534457815,1.6544117647058822,2675,2650,45,0,2605,2534,896764,70,0,0,70,116
2020-06-07,US,California,Kings,1492,6,0,36.07409056,-119.8159973,6031.0,975.545965738198,0.4021447721179625,1486,1483,6,0,1477,1452,151366,9,0,0,9,31
2020-06-07,US,California,Lake,30,0,0,39.10124298,-122.75362439999999,6033.0,46.59398005777653,0.0,30,30,0,0,30,30,64382,0,0,0,0,0
2020-06-07,US,California,Lassen,6,0,0,40.67311306,-120.59350990000002,6035.0,19.625159454420572,0.0,6,6,0,0,6,6,30802,0,0,0,0,0
2020-06-07,US,California,Los Angeles,63844,2645,0,34.30828379,-118.22824109999999,6037.0,635.9529786862516,4.142910845185138,61199,62382,2624,0,59758,61068,10105518,1462,21,0,1441,1314
2020-06-07,US,California,Madera,163,3,0,37.21513971,-119.76655890000002,6039.0,103.60586549034812,1.8404907975460123,160,155,3,0,152,141,157672,8,0,0,8,14
2020-06-07,US,California,Marin,571,17,0,38.07122463,-122.72106310000001,6041.0,220.61153052629956,2.9772329246935203,554,551,17,0,534,530,259666,20,0,0,20,21
2020-06-07,US,California,Mariposa,16,1,0,37.57978556,-119.9073334,6043.0,93.0070336569203,6.25,15,16,1,0,15,16,17471,0,0,0,0,0
2020-06-07,US,California,Mendocino,33,0,0,39.4381191,-123.39113130000001,6045.0,38.04078433180785,0.0,33,33,0,0,33,33,87606,0,0,0,0,0
2020-06-07,US,California,Merced,334,7,0,37.18922369,-120.72090349999999,6047.0,120.28233938346298,2.0958083832335332,327,334,7,0,327,320,274765,0,0,0,0,14
2020-06-07,US,California,Mono,37,1,0,37.93899289,-118.8872409,6051.0,256.1617280531709,2.702702702702702,36,37,1,0,36,37,14250,0,0,0,0,0
2020-06-07,US,California,Monterey,732,10,0,36.21862405,-121.24133970000001,6053.0,168.63989162813522,1.3661202185792352,722,667,10,0,657,640,435594,65,0,0,65,27
2020-06-07,US,California,Napa,141,3,0,38.50735751,-122.33283899999999,6055.0,102.36380532001394,2.127659574468085,138,141,3,0,138,129,139417,0,0,0,0,12
2020-06-07,US,California,Nevada,50,1,0,39.30394768,-120.76272809999999,6057.0,50.12280086211217,2.0,49,50,1,0,49,49,99696,0,0,0,0,1
2020-06-07,US,California,Orange,7440,177,0,33.70147516,-117.76459979999998,6059.0,234.27964676675197,2.379032258064516,7263,7321,176,0,7145,7064,3185968,119,1,0,118,257
2020-06-07,US,California,Placer,284,9,0,39.06167234,-120.72405690000001,6061.0,71.29784675481825,3.1690140845070425,275,275,9,0,266,265,393149,9,0,0,9,10
2020-06-07,US,California,Plumas,4,0,0,40.00355989,-120.8395236,6063.0,21.268676556601264,0.0,4,4,0,0,4,4,18804,0,0,0,0,0
2020-06-07,US,California,Riverside,8777,355,0,33.74314981,-115.9933578,6065.0,355.26559715949435,4.044662185256922,8422,8777,355,0,8422,8777,2450758,0,0,0,0,0
2020-06-07,US,California,Sacramento,1569,59,0,38.45106826,-121.34253740000001,6067.0,101.0915829176487,3.7603569152326317,1510,1537,59,0,1478,1519,1540975,32,0,0,32,18
2020-06-07,US,California,San Benito,105,2,0,36.60308176,-121.069975,6069.0,167.17615590370653,1.9047619047619049,103,105,2,0,103,102,61537,0,0,0,0,3
2020-06-07,US,California,San Bernardino,6040,224,0,34.84060306,-116.1774685,6071.0,277.0534176419726,3.708609271523178,5816,6040,224,0,5816,5930,2171603,0,0,0,0,110
2020-06-07,US,California,San Diego,8345,296,0,33.03484597,-116.73653259999999,6073.0,249.97528704472,3.5470341521869377,8049,8345,296,0,8049,7940,3343364,0,0,0,0,405
2020-06-07,US,California,San Francisco,2747,43,0,37.75215114,-122.43856720000001,6075.0,311.6105854580971,1.5653440116490718,2704,2712,43,0,2669,2698,883305,35,0,0,35,14
2020-06-07,US,California,San Joaquin,1161,37,0,37.93433732,-121.2730061,6077.0,152.33261781176358,3.1869078380706286,1124,1118,37,0,1081,1050,752660,43,0,0,43,68
2020-06-07,US,California,San Luis Obispo,291,1,0,35.38822029,-120.4039028,6079.0,102.7865395551568,0.3436426116838488,290,291,1,0,290,291,284010,0,0,0,0,0
2020-06-07,US,California,San Mateo,2330,88,0,37.422880799999994,-122.32755459999998,6081.0,303.95017826090924,3.776824034334764,2242,2330,88,0,2242,2299,769545,0,0,0,0,31
2020-06-07,US,California,Santa Barbara,1787,15,0,34.65329488,-120.0188492,6083.0,400.22486052600334,0.8393956351426972,1772,1787,15,0,1772,1737,446527,0,0,0,0,50
2020-06-07,US,California,Santa Clara,2942,144,0,37.23104908,-121.6970462,6085.0,152.605075493347,4.894629503738953,2798,2920,143,0,2777,2892,1937570,22,1,0,21,28
2020-06-07,US,California,Santa Cruz,231,2,0,37.05580291,-122.0066524,6087.0,84.54941748745485,0.8658008658008658,229,226,2,0,224,221,274255,5,0,0,5,5
2020-06-07,US,California,Shasta,42,4,0,40.76391419,-122.0396884,6089.0,23.322967569968906,9.523809523809524,38,42,4,0,38,42,180040,0,0,0,0,0
2020-06-07,US,California,Sierra,1,0,0,39.57713498,-120.52007009999998,6091.0,33.277870216306155,0.0,1,1,0,0,1,1,2987,0,0,0,0,0
2020-06-07,US,California,Siskiyou,12,0,0,41.59198861,-122.54074340000001,6093.0,27.561496589264802,0.0,12,9,0,0,9,9,43724,3,0,0,3,0
2020-06-07,US,California,Solano,566,23,0,38.26827353,-121.9357113,6095.0,126.44004262325113,4.063604240282685,543,566,23,0,543,565,446610,0,0,0,0,1
2020-06-07,US,California,Sonoma,642,4,0,38.52746429,-122.88625060000001,6097.0,129.87118073537027,0.6230529595015576,638,624,4,0,620,610,499942,18,0,0,18,14
2020-06-07,US,California,Stanislaus,865,33,0,37.55862499,-120.9970722,6099.0,157.08422620128573,3.8150289017341037,832,840,31,0,809,816,549815,25,2,0,23,24
2020-06-07,US,California,Sutter,55,2,0,39.03417539,-121.6945899,6101.0,56.71798785203824,3.636363636363636,53,55,2,0,53,51,96807,0,0,0,0,4
2020-06-07,US,California,Tehama,8,1,0,40.12570935,-122.23701709999999,6103.0,12.291807510294387,12.5,7,8,1,0,7,7,63916,0,0,0,0,1
2020-06-07,US,California,Trinity,2,0,0,40.64917670000001,-123.114713,6105.0,16.28001628001628,0.0,2,2,0,0,2,2,12535,0,0,0,0,0
2020-06-07,US,California,Tulare,2116,92,0,36.22026558,-118.8020203,6107.0,453.88732182884837,4.3478260869565215,2024,2116,92,0,2024,2116,465861,0,0,0,0,0
2020-06-07,US,California,Tuolumne,7,0,0,38.02644018,-119.95250929999999,6109.0,12.849223539777524,0.0,7,7,0,0,7,5,54539,0,0,0,0,2
2020-06-07,US,California,Ventura,1261,35,0,34.44465746,-119.09106129999999,6111.0,149.05331640673944,2.7755749405233936,1226,1261,35,0,1226,1216,850967,0,0,0,0,45
2020-06-07,US,California,Yolo,221,24,0,38.68278902,-121.90182879999999,6113.0,100.22675736961452,10.85972850678733,197,221,24,0,197,216,220408,0,0,0,0,5
2020-06-07,US,California,Yuba,32,1,0,39.26255932,-121.35356440000001,6115.0,40.677276656327855,3.125,31,32,1,0,31,31,78041,0,0,0,0,1
2020-06-07,US,Colorado,Adams,3575,136,0,39.87432092,-104.3362578,8001.0,690.9267308439357,3.804195804195804,3439,3552,136,0,3416,3515,511868,23,0,0,23,37
2020-06-07,US,Colorado,Alamosa,94,2,0,37.57250606,-105.7885451,8003.0,579.0673319780692,2.127659574468085,92,90,2,0,88,87,16683,4,0,0,4,3
2020-06-07,US,Colorado,Arapahoe,4637,326,0,39.64977461,-104.3353617,8005.0,706.2245845961711,7.030407591114946,4311,4626,326,0,4300,4591,651215,11,0,0,11,35
2020-06-07,US,Colorado,Archuleta,8,0,0,37.19474156,-107.0476867,8007.0,57.02473447858009,0.0,8,8,0,0,8,8,13765,0,0,0,0,0
2020-06-07,US,Colorado,Baca,12,0,0,37.31940883,-102.5603223,8009.0,335.1019268360793,0.0,12,12,0,0,12,12,3585,0,0,0,0,0
2020-06-07,US,Colorado,Bent,3,0,0,37.95474293,-103.0720195,8011.0,53.79236148466918,0.0,3,2,0,0,2,2,5882,1,0,0,1,0
2020-06-07,US,Colorado,Boulder,1016,67,0,40.09313619,-105.3546767,8013.0,311.4691780401967,6.594488188976379,949,1011,67,0,944,1008,326078,5,0,0,5,3
2020-06-07,US,Colorado,Broomfield,255,27,0,39.95998787,-105.0566324,8014.0,361.88178528347413,10.588235294117649,228,253,27,0,226,252,69267,2,0,0,2,1
2020-06-07,US,Colorado,Chaffee,78,20,0,38.74745778,-106.19265729999998,8015.0,383.1794065631754,25.64102564102564,58,78,20,0,58,77,20027,0,0,0,0,1
2020-06-07,US,Colorado,Cheyenne,5,0,0,38.82777431,-102.6032558,8017.0,273.07482250136536,0.0,5,5,0,0,5,5,1876,0,0,0,0,0
2020-06-07,US,Colorado,Clear Creek,17,1,0,39.68864463,-105.6463118,8019.0,175.2577319587629,5.882352941176472,16,17,1,0,16,17,9605,0,0,0,0,0
2020-06-07,US,Colorado,Conejos,5,0,0,37.201606,-106.19174879999998,8021.0,60.93845216331505,0.0,5,4,0,0,4,4,8200,1,0,0,1,0
2020-06-07,US,Colorado,Costilla,8,0,0,37.27732493,-105.4276548,8023.0,205.81425263699512,0.0,8,7,0,0,7,6,3828,1,0,0,1,1
2020-06-07,US,Colorado,Crowley,66,1,0,38.32608609,-103.7844965,8025.0,1088.929219600726,1.5151515151515151,65,66,1,0,65,66,5858,0,0,0,0,0
2020-06-07,US,Colorado,Custer,2,0,0,38.10883162,-105.3683478,8027.0,39.463299131807425,0.0,2,2,0,0,2,2,4954,0,0,0,0,0
2020-06-07,US,Colorado,Delta,76,1,0,38.86246243,-107.8631342,8029.0,243.88678518708684,1.3157894736842106,75,74,1,0,73,72,30953,2,0,0,2,2
2020-06-07,US,Colorado,Denver,6106,339,0,39.76018276,-104.8725695,8031.0,839.6462649767398,5.551916148051096,5767,6079,339,0,5740,6041,716492,27,0,0,27,38
2020-06-07,US,Colorado,Douglas,756,47,0,39.33133796,-104.930001,8035.0,215.2901575946736,6.216931216931218,709,753,47,0,706,751,342776,3,0,0,3,2
2020-06-07,US,Colorado,Eagle,608,8,0,39.62754308,-106.6933637,8037.0,1102.9078310083987,1.3157894736842106,600,607,8,0,599,603,54993,1,0,0,1,4
2020-06-07,US,Colorado,El Paso,1834,96,0,38.83240149,-104.5251411,8041.0,254.57972829097045,5.2344601962922575,1738,1817,96,0,1721,1802,713856,17,0,0,17,15
2020-06-07,US,Colorado,Elbert,54,2,0,39.28656773,-104.1358721,8039.0,202.02776011074118,3.703703703703704,52,54,2,0,52,53,26282,0,0,0,0,1
2020-06-07,US,Colorado,Fremont,26,0,0,38.47362326,-105.4399667,8043.0,54.34896214385753,0.0,26,26,0,0,26,26,48021,0,0,0,0,0
2020-06-07,US,Colorado,Garfield,162,2,0,39.59921777,-107.902708,8045.0,269.725778791562,1.2345679012345678,160,161,2,0,159,158,59770,1,0,0,1,3
2020-06-07,US,Colorado,Gilpin,5,0,0,39.85646523,-105.5252597,8047.0,80.08970046452026,0.0,5,5,0,0,5,4,6121,0,0,0,0,1
2020-06-07,US,Colorado,Grand,15,0,0,40.10603347,-106.1178042,8049.0,95.33494343460023,0.0,15,15,0,0,15,15,15525,0,0,0,0,0
2020-06-07,US,Colorado,Gunnison,179,6,0,38.66611652,-107.0320729,8051.0,1025.0830374527543,3.35195530726257,173,178,6,0,172,178,17246,1,0,0,1,0
2020-06-07,US,Colorado,Hinsdale,3,0,0,37.82247444,-107.3004345,8053.0,365.8536585365854,0.0,3,3,0,0,3,3,811,0,0,0,0,0
2020-06-07,US,Colorado,Huerfano,3,0,0,37.68473101,-104.9612585,8055.0,43.497172683775545,0.0,3,3,0,0,3,3,6889,0,0,0,0,0
2020-06-07,US,Colorado,Jefferson,2373,180,0,39.58635604,-105.2517692,8059.0,407.1156891372338,7.585335018963338,2193,2370,180,0,2190,2343,580233,3,0,0,3,27
2020-06-07,US,Colorado,Kit Carson,30,3,0,39.30497777,-102.6022199,8063.0,422.7138227420037,10.0,27,30,3,0,27,30,7163,0,0,0,0,0
2020-06-07,US,Colorado,La Plata,82,1,0,37.28632032,-107.8429014,8067.0,145.85297308834777,1.2195121951219512,81,82,1,0,81,82,56310,0,0,0,0,0
2020-06-07,US,Colorado,Lake,37,0,0,39.20278823,-106.3555697,8065.0,455.27254829580414,0.0,37,36,0,0,36,35,7824,1,0,0,1,1
2020-06-07,US,Colorado,Larimer,619,28,0,40.66671597,-105.4625784,8069.0,173.4384237557404,4.523424878836834,591,616,28,0,588,613,350518,3,0,0,3,3
2020-06-07,US,Colorado,Las Animas,5,0,0,37.3153406,-104.0376458,8071.0,34.46849579484351,0.0,5,5,0,0,5,5,14503,0,0,0,0,0
2020-06-07,US,Colorado,Lincoln,3,0,0,38.98749519,-103.5136649,8073.0,52.62234695667427,0.0,3,3,0,0,3,3,5610,0,0,0,0,0
2020-06-07,US,Colorado,Logan,631,5,0,40.7249637,-103.110817,8075.0,2815.8329242714976,0.7923930269413629,626,630,5,0,625,627,21528,1,0,0,1,3
2020-06-07,US,Colorado,Mesa,62,0,0,39.01787888,-108.469799,8077.0,40.204915375137794,0.0,62,62,0,0,62,60,153207,0,0,0,0,2
2020-06-07,US,Colorado,Mineral,2,0,0,37.66954283,-106.9281698,8079.0,260.0780234070221,0.0,2,2,0,0,2,2,776,0,0,0,0,0
2020-06-07,US,Colorado,Moffat,8,0,0,40.61810999,-108.2070876,8081.0,60.22735827749755,0.0,8,8,0,0,8,8,13188,0,0,0,0,0
2020-06-07,US,Colorado,Montezuma,57,3,0,37.33859579,-108.5958857,8083.0,217.69850666462966,5.2631578947368425,54,50,3,0,47,46,26158,7,0,0,7,4
2020-06-07,US,Colorado,Montrose,188,12,0,38.40214114,-108.26390220000002,8085.0,439.68380186164,6.382978723404255,176,185,12,0,173,183,42214,3,0,0,3,2
2020-06-07,US,Colorado,Morgan,644,46,0,40.26279810000001,-103.8093302,8087.0,2215.4947020778864,7.142857142857142,598,641,46,0,595,641,28558,3,0,0,3,0
2020-06-07,US,Colorado,Otero,21,1,0,37.9014485,-103.7173385,8089.0,114.89222015537806,4.761904761904762,20,21,1,0,20,21,18432,0,0,0,0,0
2020-06-07,US,Colorado,Ouray,8,1,0,38.14717457,-107.7675136,8091.0,161.55088852988692,12.5,7,8,1,0,7,8,4833,0,0,0,0,0
2020-06-07,US,Colorado,Park,23,0,0,39.120926,-105.7182065,8093.0,122.04828867073496,0.0,23,23,0,0,23,23,18556,0,0,0,0,0
2020-06-07,US,Colorado,Phillips,14,0,0,40.59414277,-102.3577703,8095.0,328.253223915592,0.0,14,14,0,0,14,14,4286,0,0,0,0,0
2020-06-07,US,Colorado,Pitkin,59,2,0,39.21720112,-106.9310027,8097.0,332.07632126976983,3.3898305084745757,57,60,2,0,58,59,17950,-1,0,0,-1,1
2020-06-07,US,Colorado,Prowers,15,0,0,37.95544985,-102.3926052,8099.0,123.23365100230036,0.0,15,15,0,0,15,15,12164,0,0,0,0,0
2020-06-07,US,Colorado,Pueblo,320,18,0,38.17359144,-104.5127437,8101.0,189.99667505818647,5.625,302,313,18,0,295,306,167529,7,0,0,7,7
2020-06-07,US,Colorado,Rio Blanco,1,0,0,39.97913541,-108.2179009,8103.0,15.812776723592664,0.0,1,1,0,0,1,1,6336,0,0,0,0,0
2020-06-07,US,Colorado,Rio Grande,45,0,0,37.5836865,-106.3847838,8105.0,399.3964675601314,0.0,45,43,0,0,43,40,11250,2,0,0,2,3
2020-06-07,US,Colorado,Routt,62,6,0,40.48596505,-106.9905548,8107.0,241.82853576722053,9.677419354838712,56,62,6,0,56,62,25733,0,0,0,0,0
2020-06-07,US,Colorado,Saguache,93,1,0,38.08054629,-106.282466,8109.0,1362.8370457209849,1.075268817204301,92,93,1,0,92,92,6843,0,0,0,0,1
2020-06-07,US,Colorado,San Juan,1,0,0,37.76248981,-107.67632890000002,8111.0,137.36263736263737,0.0,1,1,0,0,1,1,762,0,0,0,0,0
2020-06-07,US,Colorado,San Miguel,23,0,0,38.00450883,-108.4020725,8113.0,281.2079716346741,0.0,23,23,0,0,23,23,8191,0,0,0,0,0
2020-06-07,US,Colorado,Summit,248,2,0,39.63803232,-106.1150762,8117.0,799.7162297249362,0.8064516129032258,246,243,2,0,241,239,31007,5,0,0,5,4
2020-06-07,US,Colorado,Teller,34,2,0,38.88133511,-105.1614893,8119.0,133.9215377343627,5.882352941176472,32,34,2,0,32,33,25083,0,0,0,0,1
2020-06-07,US,Colorado,Washington,43,0,0,39.97015535,-103.202587,8121.0,876.1206193969031,0.0,43,42,0,0,42,42,4909,1,0,0,1,0
2020-06-07,US,Colorado,Weld,2583,135,0,40.55499405,-104.3929621,8123.0,796.0134610406419,5.2264808362369335,2448,2566,135,0,2431,2540,314305,17,0,0,17,26
2020-06-07,US,Colorado,Yuma,45,0,0,40.00346839,-102.4258673,8125.0,449.1466214193033,0.0,45,44,0,0,44,43,10020,1,0,0,1,1
2020-06-07,US,Connecticut,Fairfield,16056,1312,0,41.26809896,-73.3881171,9001.0,1702.051875691697,8.171400099651219,14744,16020,1309,0,14711,15914,943823,36,3,0,33,106
2020-06-07,US,Connecticut,Hartford,10809,1287,0,41.80283011,-72.73103891,9003.0,1212.1517965280584,11.906744379683595,9522,10747,1279,0,9468,10677,892697,62,8,0,54,70
2020-06-07,US,Connecticut,Litchfield,1419,134,0,41.7937534,-73.2451475,9005.0,786.8776097552859,9.443269908386188,1285,1413,134,0,1279,1409,181111,6,0,0,6,4
2020-06-07,US,Connecticut,Middlesex,1185,159,0,41.45949668,-72.53714864,9007.0,729.5180871235442,13.41772151898734,1026,1174,157,0,1017,1170,162682,11,2,0,9,4
2020-06-07,US,Connecticut,New Haven,11828,1010,0,41.408032500000004,-72.93620426,9009.0,1383.7850991568366,8.539059857964151,10818,11817,1007,0,10810,11673,857620,11,3,0,8,144
2020-06-07,US,Connecticut,New London,1119,95,0,41.48896435,-72.10430976,9011.0,421.93615529060435,8.489722966934764,1024,1112,95,0,1017,1108,266784,7,0,0,7,4
2020-06-07,US,Connecticut,Tolland,864,60,0,41.85853803,-72.3308481,9013.0,573.2446042688147,6.9444444444444455,804,864,60,0,804,859,150921,0,0,0,0,5
2020-06-07,US,Connecticut,Unassigned,268,0,0,0.0,0.0,90009.0,0.0,0.0,268,255,0,0,255,245,,13,0,0,13,10
2020-06-07,US,Connecticut,Windham,420,14,0,41.82972709,-71.98182316,9015.0,359.6444657567091,3.333333333333333,406,416,14,0,402,405,117027,4,0,0,4,11
2020-06-07,US,Delaware,Kent,1511,76,0,39.08646628,-75.56884914,10001.0,835.7948071200203,5.029781601588351,1435,1496,72,0,1424,1465,178550,15,4,0,11,31
2020-06-07,US,Delaware,New Castle,4070,176,0,39.57992638,-75.64054974,10003.0,728.4077221956751,4.3243243243243255,3894,3995,174,0,3821,3937,559335,75,2,0,73,58
2020-06-07,US,Delaware,Sussex,4346,146,0,38.66143781,-75.39031349,10005.0,1855.4808410716194,3.3594109526000917,4200,4342,144,0,4198,4322,229286,4,2,0,2,20
2020-06-07,US,Delaware,Unassigned,15,0,0,0.0,0.0,90010.0,0.0,0.0,15,12,0,0,12,49,,3,0,0,3,-37
2020-06-07,US,District of Columbia,District of Columbia,9332,489,0,38.90417773,-77.01655992,11001.0,1322.283134655522,5.240034290612946,8843,9269,483,0,8786,9199,702455,63,6,0,57,70
2020-06-07,US,Florida,Alachua,399,8,0,29.67866525,-82.35928158,12001.0,148.30343105005517,2.0050125313283207,391,396,8,0,388,392,269956,3,0,0,3,4
2020-06-07,US,Florida,Baker,29,4,0,30.33060121,-82.28467476,12003.0,99.28106812735365,13.79310344827586,25,29,4,0,25,29,28355,0,0,0,0,0
2020-06-07,US,Florida,Bay,130,4,0,30.26548745,-85.62122584,12005.0,74.41115022466444,3.0769230769230766,126,123,4,0,119,115,185287,7,0,0,7,8
2020-06-07,US,Florida,Bradford,52,2,0,29.95079741,-82.16611613,12007.0,184.39062444594163,3.8461538461538463,50,52,2,0,50,52,27732,0,0,0,0,0
2020-06-07,US,Florida,Brevard,457,13,0,28.29409504,-80.73091022,12009.0,75.92093590412365,2.844638949671773,444,453,13,0,440,439,596849,4,0,0,4,14
2020-06-07,US,Florida,Broward,7804,339,0,26.15184651,-80.48725556,12011.0,399.6358008949302,4.343926191696566,7465,7690,334,0,7356,7572,1951260,114,5,0,109,118
2020-06-07,US,Florida,Calhoun,66,4,0,30.40666734,-85.19394153,12013.0,467.9191775965969,6.0606060606060606,62,64,4,0,60,64,14587,2,0,0,2,0
2020-06-07,US,Florida,Charlotte,493,72,0,26.90131002,-81.92949121,12015.0,260.9708326716426,14.604462474645029,421,488,72,0,416,481,184998,5,0,0,5,7
2020-06-07,US,Florida,Citrus,128,12,0,28.84804315,-82.47614748,12017.0,85.52890943958519,9.375,116,125,12,0,113,125,147929,3,0,0,3,0
2020-06-07,US,Florida,Clay,400,32,0,29.98319144,-81.85609986,12019.0,182.43847262510718,8.0,368,396,32,0,364,393,216072,4,0,0,4,3
2020-06-07,US,Florida,Collier,2039,56,0,26.11091986,-81.34687065,12021.0,529.7452338517337,2.746444335458558,1983,1968,56,0,1912,1874,378488,71,0,0,71,94
2020-06-07,US,Florida,Columbia,171,2,0,30.22509788,-82.62160164,12023.0,238.54030075607508,1.1695906432748535,169,171,2,0,169,167,70503,0,0,0,0,4
2020-06-07,US,Florida,DeSoto,268,7,0,27.18677893,-81.80941373,12027.0,705.2445988263465,2.611940298507463,261,258,7,0,251,245,37489,10,0,0,10,13
2020-06-07,US,Florida,Dixie,58,2,0,29.60631086,-83.15724673,12029.0,344.70462379650536,3.4482758620689653,56,58,2,0,56,58,16700,0,0,0,0,0
2020-06-07,US,Florida,Duval,1792,54,0,30.33225875,-81.66976468,12031.0,187.1042176757104,3.0133928571428568,1738,1764,53,0,1711,1736,950181,28,1,0,27,28
2020-06-07,US,Florida,Escambia,888,36,0,30.67652764,-87.37284571,12033.0,278.9680694655625,4.0540540540540535,852,879,36,0,843,871,315534,9,0,0,9,8
2020-06-07,US,Florida,Flagler,195,4,0,29.45933576,-81.31508595,12035.0,169.4458685621432,2.051282051282051,191,195,4,0,191,195,112067,0,0,0,0,0
2020-06-07,US,Florida,Franklin,2,0,0,29.83791238,-84.82731662,12037.0,16.49484536082474,0.0,2,2,0,0,2,2,11736,0,0,0,0,0
2020-06-07,US,Florida,Gadsden,294,4,0,30.57796289,-84.61915825,12039.0,643.8896189224704,1.3605442176870748,290,293,4,0,289,289,45894,1,0,0,1,4
2020-06-07,US,Florida,Gilchrist,20,0,0,29.72856978,-82.79880657,12041.0,107.63104079216446,0.0,20,19,0,0,19,19,18256,1,0,0,1,0
2020-06-07,US,Florida,Glades,84,1,0,26.95635849,-81.18996211,12043.0,608.2108464267612,1.1904761904761905,83,83,1,0,82,81,13724,1,0,0,1,2
2020-06-07,US,Florida,Gulf,6,0,0,29.93543004,-85.24270990000002,12045.0,43.99149497763765,0.0,6,3,0,0,3,3,16164,3,0,0,3,0
2020-06-07,US,Florida,Hamilton,263,0,0,30.49673973,-82.94998918,12047.0,1822.8444690878848,0.0,263,261,0,0,261,261,14310,2,0,0,2,0
2020-06-07,US,Florida,Hardee,145,0,0,27.49293939,-81.80956574,12049.0,538.2930541634183,0.0,145,140,0,0,140,131,27245,5,0,0,5,9
2020-06-07,US,Florida,Hendry,558,18,0,26.55386945,-81.16469006,12051.0,1327.8758745419063,3.2258064516129035,540,552,18,0,534,521,41556,6,0,0,6,31
2020-06-07,US,Florida,Hernando,125,5,0,28.55364461,-82.42700204,12053.0,64.45957095709569,4.0,120,122,5,0,117,122,190865,3,0,0,3,0
2020-06-07,US,Florida,Highlands,146,9,0,27.34254618,-81.34071957,12055.0,137.44928027414542,6.164383561643835,137,143,9,0,134,141,105424,3,0,0,3,2
2020-06-07,US,Florida,Hillsborough,2748,90,0,27.9276559,-82.32013172,12057.0,186.68884106176225,3.2751091703056767,2658,2643,90,0,2553,2554,1436888,105,0,0,105,89
2020-06-07,US,Florida,Holmes,30,0,0,30.86747479,-85.81319222,12059.0,152.9285823520416,0.0,30,30,0,0,30,30,19477,0,0,0,0,0
2020-06-07,US,Florida,Indian River,164,11,0,27.69308961,-80.60556721,12061.0,102.54935187559013,6.7073170731707314,153,160,11,0,149,154,157413,4,0,0,4,6
2020-06-07,US,Florida,Jackson,308,1,0,30.795459700000002,-85.21500423,12063.0,663.5928814581807,0.3246753246753247,307,298,1,0,297,298,48305,10,0,0,10,0
2020-06-07,US,Florida,Jefferson,31,3,0,30.43669112,-83.89442308,12065.0,217.60494173803173,9.677419354838712,28,31,3,0,28,30,14288,0,0,0,0,1
2020-06-07,US,Florida,Lafayette,10,0,0,29.98484137,-83.18166636,12067.0,118.73664212776063,0.0,10,10,0,0,10,10,8732,0,0,0,0,0
2020-06-07,US,Florida,Lake,329,15,0,28.76202069,-81.7125123,12069.0,89.61696239356283,4.5592705167173255,314,321,15,0,306,317,356495,8,0,0,8,4
2020-06-07,US,Florida,Lee,2289,117,0,26.58410348,-81.88399313,12071.0,297.0501325630015,5.111402359108781,2172,2253,117,0,2136,2200,754610,36,0,0,36,53
2020-06-07,US,Florida,Leon,442,7,0,30.45955727,-84.27491114,12073.0,150.5541892895341,1.5837104072398192,435,438,7,0,431,434,292502,4,0,0,4,4
2020-06-07,US,Florida,Levy,60,1,0,29.31829741,-82.74007147,12075.0,144.567862564152,1.6666666666666667,59,58,1,0,57,55,40770,2,0,0,2,3
2020-06-07,US,Florida,Liberty,218,1,0,30.23766008,-84.8829258,12077.0,2609.528369643285,0.4587155963302753,217,218,1,0,217,218,8457,0,0,0,0,0
2020-06-07,US,Florida,Madison,71,3,0,30.44396917,-83.47398594,12079.0,383.9290542367383,4.225352112676056,68,71,3,0,68,72,18529,0,0,0,0,-1
2020-06-07,US,Florida,Manatee,1189,105,0,27.47196942,-82.31831044,12081.0,294.85211517335273,8.830950378469304,1084,1177,105,0,1072,1162,394855,12,0,0,12,15
2020-06-07,US,Florida,Marion,279,8,0,29.21227113,-82.05803627,12083.0,76.3172939364679,2.867383512544803,271,274,8,0,266,272,359977,5,0,0,5,2
2020-06-07,US,Florida,Martin,907,13,0,27.0772071,-80.43109784,12085.0,563.3540372670808,1.4332965821389194,894,849,12,0,837,810,160912,58,1,0,57,39
2020-06-07,US,Florida,Miami-Dade,19547,765,0,25.6112362,-80.55170587,12086.0,719.4490861042203,3.9136440374482016,18782,19299,765,0,18534,19056,2761581,248,0,0,248,243
2020-06-07,US,Florida,Monroe,111,4,0,25.20904673,-81.07812416,12087.0,149.53925742307484,3.603603603603604,107,110,4,0,106,110,75027,1,0,0,1,0
2020-06-07,US,Florida,Nassau,82,1,0,30.61037141,-81.80297522,12089.0,92.52468265162202,1.2195121951219512,81,82,1,0,81,82,85832,0,0,0,0,0
2020-06-07,US,Florida,Okaloosa,262,6,0,30.69143028,-86.59267105,12091.0,124.32499122132697,2.2900763358778624,256,253,6,0,247,250,207269,9,0,0,9,3
2020-06-07,US,Florida,Okeechobee,138,0,0,27.386336199999995,-80.88944347,12093.0,327.26237905520776,0.0,138,125,0,0,125,122,41537,13,0,0,13,3
2020-06-07,US,Florida,Orange,2316,45,0,28.51367621,-81.31799498,12095.0,166.20594035531903,1.9430051813471505,2271,2256,45,0,2211,2210,1380645,60,0,0,60,46
2020-06-07,US,Florida,Osceola,745,21,0,28.06312234,-81.14882926,12097.0,198.26959875023616,2.8187919463087248,724,741,20,0,721,732,367990,4,1,0,3,9
2020-06-07,US,Florida,Palm Beach,7230,372,0,26.64676272,-80.46536002,12099.0,483.04014644868624,5.145228215767634,6858,7074,370,0,6704,6859,1485941,156,2,0,154,215
2020-06-07,US,Florida,Pasco,424,15,0,28.30810945,-82.40227529,12101.0,76.54161860250169,3.537735849056604,409,419,15,0,404,416,539630,5,0,0,5,3
2020-06-07,US,Florida,Pinellas,1584,95,0,27.93130349,-82.72239666,12103.0,162.4622049731486,5.9974747474747465,1489,1532,95,0,1437,1478,975280,52,0,0,52,54
2020-06-07,US,Florida,Polk,1178,67,0,27.95027105,-81.69732947,12105.0,162.53275145320558,5.687606112054329,1111,1145,66,0,1079,1127,708009,33,1,0,32,18
2020-06-07,US,Florida,Putnam,173,6,0,29.60779729,-81.74230285,12107.0,232.14932703533236,3.4682080924855487,167,173,6,0,167,172,74163,0,0,0,0,1
2020-06-07,US,Florida,Santa Rosa,258,9,0,30.69341450000001,-87.02458128,12113.0,139.97927438650558,3.4883720930232562,249,257,9,0,248,256,179349,1,0,0,1,1
2020-06-07,US,Florida,Sarasota,680,85,0,27.18546175,-82.33174248,12115.0,156.77522582549074,12.5,595,669,85,0,584,658,426718,11,0,0,11,11
2020-06-07,US,Florida,Seminole,532,12,0,28.7158582,-81.24060348,12117.0,112.75343028997978,2.255639097744361,520,521,12,0,509,515,467832,11,0,0,11,6
2020-06-07,US,Florida,St. Johns,279,6,0,29.90096506,-81.43589967,12109.0,105.4134929270947,2.150537634408602,273,272,6,0,266,270,254261,7,0,0,7,2
2020-06-07,US,Florida,St. Lucie,627,31,0,27.37763908,-80.47106649,12111.0,190.98560145234345,4.944178628389155,596,607,31,0,576,561,321128,20,0,0,20,46
2020-06-07,US,Florida,Sumter,261,17,0,28.70181754,-82.0794267,12119.0,197.10013593112822,6.5134099616858245,244,261,17,0,244,261,128754,0,0,0,0,0
2020-06-07,US,Florida,Suwannee,175,18,0,30.19746066,-82.99099670000003,12121.0,393.99329085710434,10.285714285714286,157,174,18,0,156,174,44191,1,0,0,1,0
2020-06-07,US,Florida,Taylor,46,0,0,30.04848048,-83.60445406,12123.0,213.26904353470258,0.0,46,45,0,0,45,27,21623,1,0,0,1,18
2020-06-07,US,Florida,Unassigned,97,0,0,0.0,0.0,90012.0,0.0,0.0,97,97,0,0,97,95,,0,0,0,0,2
2020-06-07,US,Florida,Union,38,1,0,30.04412971,-82.37497443,12125.0,249.39292511649282,2.631578947368421,37,36,1,0,35,34,14940,2,0,0,2,2
2020-06-07,US,Florida,Volusia,819,44,0,29.05858895,-81.18263252,12127.0,148.0252456243087,5.372405372405372,775,804,44,0,760,791,547538,15,0,0,15,13
2020-06-07,US,Florida,Wakulla,35,1,0,30.16548905,-84.39895211,12129.0,103.7375144491538,2.8571428571428568,34,35,1,0,34,35,32461,0,0,0,0,0
2020-06-07,US,Florida,Walton,130,9,0,30.64204028,-86.16935664,12131.0,175.5072835522674,6.9230769230769225,121,130,9,0,121,124,71375,0,0,0,0,6
2020-06-07,US,Florida,Washington,84,7,0,30.61359259,-85.66002461,12133.0,329.76092333058534,8.333333333333334,77,83,6,0,77,79,24880,1,1,0,0,4
2020-06-07,US,Georgia,Appling,185,13,0,31.74847232,-82.28909114,13001.0,1006.2003698466223,7.027027027027027,172,185,13,0,172,180,18507,0,0,0,0,5
2020-06-07,US,Georgia,Atkinson,60,2,0,31.29633502,-82.87545866,13003.0,734.8438456827923,3.333333333333333,58,60,2,0,58,55,8297,0,0,0,0,5
2020-06-07,US,Georgia,Bacon,144,3,0,31.55456473,-82.45936528,13005.0,1289.8602651379433,2.083333333333333,141,144,3,0,141,141,11185,0,0,0,0,3
2020-06-07,US,Georgia,Baker,36,3,0,31.32669878,-84.44218806,13007.0,1184.990125082291,8.333333333333334,33,36,3,0,33,35,3092,0,0,0,0,1
2020-06-07,US,Georgia,Baldwin,388,27,0,33.06882326,-83.24701748,13009.0,864.3350412118511,6.958762886597937,361,387,27,0,360,387,44823,1,0,0,1,0
2020-06-07,US,Georgia,Banks,90,1,0,34.35607081,-83.49644388,13011.0,467.9213892066133,1.1111111111111112,89,88,1,0,87,88,18988,2,0,0,2,0
2020-06-07,US,Georgia,Barrow,342,20,0,33.99148694,-83.71436292,13013.0,410.86016338298896,5.847953216374268,322,341,20,0,321,341,80809,1,0,0,1,0
2020-06-07,US,Georgia,Bartow,522,39,0,34.23732119,-84.83887523,13015.0,484.5087155878149,7.471264367816093,483,521,39,0,482,514,106408,1,0,0,1,7
2020-06-07,US,Georgia,Ben Hill,90,1,0,31.76095874,-83.22145359,13017.0,538.9221556886229,1.1111111111111112,89,90,1,0,89,87,16787,0,0,0,0,3
2020-06-07,US,Georgia,Berrien,58,1,0,31.27590016,-83.22529920000002,13019.0,299.01531164613084,1.7241379310344829,57,55,1,0,54,54,19252,3,0,0,3,1
2020-06-07,US,Georgia,Bibb,503,30,0,32.80904227,-83.70489165,13021.0,328.4168739675762,5.964214711729622,473,504,30,0,474,502,153095,-1,0,0,-1,2
2020-06-07,US,Georgia,Bleckley,50,0,0,32.43829035,-83.33035166,13023.0,388.40985007379794,0.0,50,50,0,0,50,50,12838,0,0,0,0,0
2020-06-07,US,Georgia,Brantley,62,2,0,31.19576557,-81.97743999,13025.0,324.45444554921767,3.2258064516129035,60,62,2,0,60,62,18897,0,0,0,0,0
2020-06-07,US,Georgia,Brooks,79,8,0,30.83922642,-83.58303423,13027.0,511.0952966293589,10.126582278481012,71,79,8,0,71,78,15513,0,0,0,0,1
2020-06-07,US,Georgia,Bryan,77,5,0,32.00979311,-81.44002948,13029.0,194.3119590178414,6.493506493506493,72,77,5,0,72,77,38109,0,0,0,0,0
2020-06-07,US,Georgia,Bulloch,82,2,0,32.39577406,-81.74811421,13031.0,103.00472314340269,2.4390243902439024,80,82,2,0,80,81,77296,0,0,0,0,1
2020-06-07,US,Georgia,Burke,125,6,0,33.05917989,-81.99928721,13033.0,558.4595451905464,4.8,119,124,6,0,118,121,22423,1,0,0,1,3
2020-06-07,US,Georgia,Butts,244,24,0,33.283094500000004,-83.95435040000002,13035.0,978.5049727301893,9.836065573770492,220,243,24,0,219,242,24193,1,0,0,1,1
2020-06-07,US,Georgia,Calhoun,138,6,0,31.53169785,-84.62725131,13037.0,2229.7624818225886,4.3478260869565215,132,138,6,0,132,139,6352,0,0,0,0,-1
2020-06-07,US,Georgia,Camden,69,1,0,30.92951916,-81.66601818,13039.0,126.2210514762375,1.4492753623188406,68,69,1,0,68,69,53677,0,0,0,0,0
2020-06-07,US,Georgia,Candler,13,0,0,32.40209349,-82.07702563,13043.0,120.33694344163658,0.0,13,13,0,0,13,13,10836,0,0,0,0,0
2020-06-07,US,Georgia,Carroll,580,28,0,33.58138199,-85.07976677,13045.0,483.36555770384695,4.827586206896552,552,580,28,0,552,578,118121,0,0,0,0,2
2020-06-07,US,Georgia,Catoosa,159,0,0,34.89872298,-85.13757014,13047.0,235.2767090855283,0.0,159,157,0,0,157,147,67420,2,0,0,2,10
2020-06-07,US,Georgia,Charlton,32,1,0,30.78371028,-82.13951596,13049.0,238.94862604540023,3.125,31,32,1,0,31,32,12968,0,0,0,0,0
2020-06-07,US,Georgia,Chatham,545,27,0,32.00043026,-81.12489526,13051.0,188.30114362712916,4.954128440366971,518,545,27,0,518,542,289195,0,0,0,0,3
2020-06-07,US,Georgia,Chattahoochee,173,0,0,32.34341231,-84.78809239,13053.0,1586.13734299074,0.0,173,172,0,0,172,172,10684,1,0,0,1,0
2020-06-07,US,Georgia,Chattooga,25,2,0,34.47197698,-85.34535662,13055.0,100.85118399290009,8.0,23,25,2,0,23,25,24790,0,0,0,0,0
2020-06-07,US,Georgia,Cherokee,959,34,0,34.24393976,-84.47431861,13057.0,370.5950775390014,3.545359749739312,925,958,34,0,924,944,254149,1,0,0,1,14
2020-06-07,US,Georgia,Clarke,321,15,0,33.95436462,-83.37124007,13059.0,250.1344180283797,4.672897196261682,306,318,15,0,303,315,127330,3,0,0,3,3
2020-06-07,US,Georgia,Clay,47,2,0,31.62221166,-84.97713865,13061.0,1658.433309809457,4.25531914893617,45,43,2,0,41,44,2887,4,0,0,4,-1
2020-06-07,US,Georgia,Clayton,1328,51,0,33.54187245,-84.35594188,13063.0,454.39614584473884,3.840361445783132,1277,1323,51,0,1272,1310,289615,5,0,0,5,13
2020-06-07,US,Georgia,Clinch,69,2,0,30.91395822,-82.70432472,13065.0,1042.611060743427,2.898550724637681,67,69,2,0,67,67,6648,0,0,0,0,2
2020-06-07,US,Georgia,Cobb,3249,193,0,33.94243204,-84.5761255,13067.0,427.4207022118265,5.940289319790706,3056,3242,193,0,3049,3223,756865,7,0,0,7,19
2020-06-07,US,Georgia,Coffee,299,14,0,31.54892966,-82.85492059999999,13069.0,690.9620317519008,4.682274247491638,285,299,14,0,285,292,43093,0,0,0,0,7
2020-06-07,US,Georgia,Colquitt,568,15,0,31.18810588,-83.7677946,13071.0,1245.6140350877192,2.640845070422535,553,568,15,0,553,545,45592,0,0,0,0,23
2020-06-07,US,Georgia,Columbia,274,8,0,33.54534185,-82.263524,13073.0,174.84079278175528,2.9197080291970803,266,274,8,0,266,270,154291,0,0,0,0,4
2020-06-07,US,Georgia,Cook,57,2,0,31.16068491,-83.42947229,13075.0,330.052113491604,3.5087719298245608,55,56,2,0,54,51,17162,1,0,0,1,5
2020-06-07,US,Georgia,Coweta,463,9,0,33.35334302,-84.76129976,13077.0,311.76561689863917,1.9438444924406049,454,463,9,0,454,458,145864,0,0,0,0,5
2020-06-07,US,Georgia,Crawford,29,0,0,32.71391813,-83.98061238,13079.0,233.79554982263787,0.0,29,29,0,0,29,29,12318,0,0,0,0,0
2020-06-07,US,Georgia,Crisp,238,8,0,31.92289565,-83.76811843,13081.0,1063.8297872340424,3.361344537815126,230,238,8,0,230,238,22601,0,0,0,0,0
2020-06-07,US,Georgia,Dade,42,1,0,34.854916700000004,-85.50490424,13083.0,260.61057334326136,2.380952380952381,41,41,1,0,40,41,16226,1,0,0,1,0
2020-06-07,US,Georgia,Dawson,113,1,0,34.44244079,-84.16964071,13085.0,432.8175271947296,0.8849557522123894,112,113,1,0,112,112,25083,0,0,0,0,1
2020-06-07,US,Georgia,DeKalb,4012,125,0,33.76944049,-84.22396017,13089.0,528.3834915718091,3.115653040877368,3887,4008,125,0,3883,3986,756558,4,0,0,4,22
2020-06-07,US,Georgia,Decatur,209,6,0,30.87967778,-84.57619536,13087.0,791.5467353431299,2.8708133971291865,203,209,6,0,203,207,26575,0,0,0,0,2
2020-06-07,US,Georgia,Dodge,53,2,0,32.17265114,-83.16948926,13091.0,257.2191215724339,3.7735849056603774,51,53,2,0,51,52,20705,0,0,0,0,1
2020-06-07,US,Georgia,Dooly,191,12,0,32.15630737,-83.79746561,13093.0,1426.4376400298734,6.282722513089006,179,190,12,0,178,189,13706,1,0,0,1,1
2020-06-07,US,Georgia,Dougherty,1803,149,0,31.53328528,-84.21722377,13095.0,2049.888580653964,8.264004437049362,1654,1803,149,0,1654,1796,91243,0,0,0,0,7
2020-06-07,US,Georgia,Douglas,592,25,0,33.70291126,-84.77026156,13097.0,404.5290857779327,4.222972972972973,567,592,25,0,567,583,145331,0,0,0,0,9
2020-06-07,US,Georgia,Early,249,31,0,31.32155345,-84.90255207,13099.0,2443.5721295387634,12.449799196787147,218,250,32,0,218,247,10247,-1,-1,0,0,3
2020-06-07,US,Georgia,Echols,147,0,0,30.71101099,-82.89687287,13101.0,3669.495756365452,0.0,147,146,0,0,146,136,4000,1,0,0,1,10
2020-06-07,US,Georgia,Effingham,78,1,0,32.36616021,-81.34280942,13103.0,121.31392310563645,1.2820512820512822,77,78,1,0,77,78,62190,0,0,0,0,0
2020-06-07,US,Georgia,Elbert,79,0,0,34.11302332,-82.83936148,13105.0,411.5869542565385,0.0,79,78,0,0,78,77,19120,1,0,0,1,1
2020-06-07,US,Georgia,Emanuel,31,2,0,32.59221302,-82.30239915,13107.0,136.88951691247902,6.451612903225807,29,29,2,0,27,30,22612,2,0,0,2,-1
2020-06-07,US,Georgia,Evans,6,0,0,32.15328841,-81.8870105,13109.0,56.316876290595076,0.0,6,6,0,0,6,6,10721,0,0,0,0,0
2020-06-07,US,Georgia,Fannin,52,1,0,34.86430205,-84.316964,13111.0,198.56422789063691,1.9230769230769231,51,51,1,0,50,49,25964,1,0,0,1,2
2020-06-07,US,Georgia,Fayette,245,15,0,33.41357794,-84.49089434,13113.0,214.12153363456008,6.1224489795918355,230,245,15,0,230,244,113459,0,0,0,0,1
2020-06-07,US,Georgia,Floyd,323,15,0,34.26268279,-85.21577392,13115.0,327.92544011045914,4.643962848297214,308,322,15,0,307,311,97927,1,0,0,1,11
2020-06-07,US,Georgia,Forsyth,546,12,0,34.22604035,-84.12315129999998,13117.0,223.53962301229882,2.1978021978021984,534,546,12,0,534,541,236612,0,0,0,0,5
2020-06-07,US,Georgia,Franklin,132,1,0,34.37525597,-83.23159927,13119.0,565.3347038417062,0.7575757575757576,131,132,1,0,131,132,23023,0,0,0,0,0
2020-06-07,US,Georgia,Fulton,4823,252,0,33.79216944,-84.46319413,13121.0,453.31631478179634,5.2249637155297535,4571,4822,252,0,4570,4790,1050114,1,0,0,1,32
2020-06-07,US,Georgia,Gilmer,160,1,0,34.69316688,-84.45802506,13123.0,510.0577002773439,0.625,159,160,1,0,159,159,30816,0,0,0,0,1
2020-06-07,US,Georgia,Glascock,1,0,0,33.22879932,-82.61297636,13125.0,33.65870077415012,0.0,1,1,0,0,1,1,2995,0,0,0,0,0
2020-06-07,US,Georgia,Glynn,155,2,0,31.23279254,-81.53811412,13127.0,181.728649814754,1.2903225806451613,153,154,2,0,152,147,85219,1,0,0,1,7
2020-06-07,US,Georgia,Gordon,202,16,0,34.50487351,-84.87296253,13129.0,348.49817987336746,7.920792079207921,186,195,16,0,179,194,57685,7,0,0,7,1
2020-06-07,US,Georgia,Grady,119,4,0,30.87454847,-84.23418364,13131.0,483.09178743961365,3.361344537815126,115,119,4,0,115,119,24748,0,0,0,0,0
2020-06-07,US,Georgia,Greene,78,7,0,33.5769205,-83.17139104,13133.0,425.67125081859854,8.974358974358974,71,76,7,0,69,76,17698,2,0,0,2,0
2020-06-07,US,Georgia,Gwinnett,4440,137,0,33.96044201,-84.02137802,13135.0,474.2323097463285,3.0855855855855854,4303,4433,137,0,4296,4372,927781,7,0,0,7,61
2020-06-07,US,Georgia,Habersham,557,25,0,34.63331566,-83.53094677,13137.0,1228.8210377691494,4.488330341113107,532,556,25,0,531,549,45388,1,0,0,1,7
2020-06-07,US,Georgia,Hall,2616,50,0,34.32207823,-83.81896936,13139.0,1279.5867756467635,1.91131498470948,2566,2615,50,0,2565,2596,202148,1,0,0,1,19
2020-06-07,US,Georgia,Hancock,199,26,0,33.2721566,-82.99766919,13141.0,2353.080288518387,13.06532663316583,173,197,26,0,171,196,8348,2,0,0,2,1
2020-06-07,US,Georgia,Haralson,52,4,0,33.79602175,-85.21005667,13143.0,174.5435016111708,7.6923076923076925,48,52,4,0,48,51,29533,0,0,0,0,1
2020-06-07,US,Georgia,Harris,125,6,0,32.73709786,-84.90538572,13145.0,354.7508230219094,4.8,119,125,6,0,119,119,34475,0,0,0,0,6
2020-06-07,US,Georgia,Hart,39,0,0,34.34626973,-82.96567682,13147.0,148.82655981682885,0.0,39,39,0,0,39,39,26099,0,0,0,0,0
2020-06-07,US,Georgia,Heard,36,3,0,33.29686567,-85.12886832,13149.0,301.93743185439905,8.333333333333334,33,36,3,0,33,36,11879,0,0,0,0,0
2020-06-07,US,Georgia,Henry,756,22,0,33.4533428,-84.14814659999998,13151.0,322.30421937150675,2.9100529100529102,734,756,22,0,734,751,230220,0,0,0,0,5
2020-06-07,US,Georgia,Houston,401,19,0,32.45802497,-83.66879087,13153.0,254.01772422923676,4.7381546134663335,382,399,19,0,380,393,155469,2,0,0,2,6
2020-06-07,US,Georgia,Irwin,34,1,0,31.60213036,-83.27501387,13155.0,361.0875106202209,2.9411764705882355,33,34,1,0,33,34,9398,0,0,0,0,0
2020-06-07,US,Georgia,Jackson,226,7,0,34.13794553,-83.56814788,13157.0,309.6866135905833,3.0973451327433628,219,226,7,0,219,221,70422,0,0,0,0,5
2020-06-07,US,Georgia,Jasper,48,1,0,33.31535543,-83.68844964,13159.0,337.57648217174204,2.083333333333333,47,47,1,0,46,46,14040,1,0,0,1,1
2020-06-07,US,Georgia,Jeff Davis,46,1,0,31.80405727,-82.63724870000001,13161.0,304.33344359907375,2.1739130434782608,45,45,1,0,44,38,15029,1,0,0,1,7
2020-06-07,US,Georgia,Jefferson,50,1,0,33.05867328,-82.41609057,13163.0,325.4784533263898,2.0,49,50,1,0,49,49,15430,0,0,0,0,1
2020-06-07,US,Georgia,Jenkins,27,2,0,32.79248718,-81.96040187,13165.0,311.2033195020747,7.407407407407407,25,27,2,0,25,26,8683,0,0,0,0,1
2020-06-07,US,Georgia,Johnson,82,2,0,32.70211082,-82.66166794,13167.0,850.3577724774448,2.4390243902439024,80,82,2,0,80,82,9708,0,0,0,0,0
2020-06-07,US,Georgia,Jones,49,0,0,33.02512137,-83.56019163,13169.0,170.5237515225335,0.0,49,49,0,0,49,49,28616,0,0,0,0,0
2020-06-07,US,Georgia,Lamar,76,3,0,33.07841647,-84.14263877,13171.0,398.3854903810872,3.947368421052632,73,76,3,0,73,76,19000,0,0,0,0,0
2020-06-07,US,Georgia,Lanier,32,2,0,31.03828570000001,-83.06472457,13173.0,307.0133358917778,6.25,30,32,2,0,30,27,10340,0,0,0,0,5
2020-06-07,US,Georgia,Laurens,109,1,0,32.46325233,-82.92221316,13175.0,229.25167206494763,0.9174311926605504,108,109,1,0,108,108,47325,0,0,0,0,1
2020-06-07,US,Georgia,Lee,366,22,0,31.779330600000005,-84.14324253,13177.0,1220.32542011203,6.0109289617486334,344,365,22,0,343,361,29764,1,0,0,1,4
2020-06-07,US,Georgia,Liberty,87,1,0,31.82588896,-81.49251135,13179.0,141.613087002523,1.1494252873563218,86,87,1,0,86,87,61497,0,0,0,0,0
2020-06-07,US,Georgia,Lincoln,16,1,0,33.79201475,-82.45024131,13181.0,201.99469763918697,6.25,15,16,0,0,16,16,7915,0,1,0,-1,0
2020-06-07,US,Georgia,Long,16,1,0,31.75218791,-81.74952375,13183.0,81.8037731990388,6.25,15,16,1,0,15,16,18998,0,0,0,0,0
2020-06-07,US,Georgia,Lowndes,441,4,0,30.83568832,-83.27056716,13185.0,375.6196446518918,0.90702947845805,437,434,4,0,430,385,116321,7,0,0,7,49
2020-06-07,US,Georgia,Lumpkin,102,1,0,34.57286511,-84.00425681,13187.0,303.4811068134484,0.9803921568627452,101,102,1,0,101,102,32955,0,0,0,0,0
2020-06-07,US,Georgia,Macon,106,6,0,32.35207048,-84.04234127,13193.0,818.7224839731211,5.660377358490566,100,105,6,0,99,106,13143,1,0,0,1,-1
2020-06-07,US,Georgia,Madison,65,1,0,34.12920917,-83.21218732,13195.0,217.53681392235612,1.5384615384615383,64,65,1,0,64,65,29650,0,0,0,0,0
2020-06-07,US,Georgia,Marion,59,2,0,32.3483402,-84.52733571,13197.0,705.8260557482953,3.3898305084745757,57,59,2,0,57,59,8351,0,0,0,0,0
2020-06-07,US,Georgia,McDuffie,72,5,0,33.47851918,-82.48252774,13189.0,337.8378378378378,6.9444444444444455,67,72,5,0,67,72,21531,0,0,0,0,0
2020-06-07,US,Georgia,McIntosh,15,1,0,31.49683595,-81.40163426,13191.0,104.3260536931423,6.666666666666668,14,15,1,0,14,15,14340,0,0,0,0,0
2020-06-07,US,Georgia,Meriwether,106,2,0,33.04163534,-84.68859732,13199.0,500.7795152832239,1.8867924528301887,104,106,2,0,104,105,21068,0,0,0,0,1
2020-06-07,US,Georgia,Miller,42,0,0,31.16568912,-84.73151117,13201.0,734.5225603357817,0.0,42,42,0,0,42,42,5686,0,0,0,0,0
2020-06-07,US,Georgia,Mitchell,417,34,0,31.22483255,-84.19381821,13205.0,1907.3320221378585,8.153477218225419,383,417,34,0,383,416,22192,0,0,0,0,1
2020-06-07,US,Georgia,Monroe,123,11,0,33.014289,-83.92097166,13207.0,446.00768728696784,8.943089430894311,112,123,11,0,112,123,27520,0,0,0,0,0
2020-06-07,US,Georgia,Montgomery,13,0,0,32.17201038,-82.53527476,13209.0,141.735717400785,0.0,13,13,0,0,13,12,9193,0,0,0,0,1
2020-06-07,US,Georgia,Morgan,39,0,0,33.59232073,-83.49129491,13211.0,202.32413363768418,0.0,39,39,0,0,39,39,18853,0,0,0,0,0
2020-06-07,US,Georgia,Murray,109,1,0,34.78897608,-84.74993177,13213.0,271.84756584197925,0.9174311926605504,108,103,1,0,102,100,39921,6,0,0,6,3
2020-06-07,US,Georgia,Muscogee,776,21,0,32.50931999,-84.87142262,13215.0,396.3855360143843,2.706185567010309,755,776,21,0,755,750,194160,0,0,0,0,26
2020-06-07,US,Georgia,Newton,389,10,0,33.55514538,-83.84547140000002,13217.0,348.1171248568156,2.570694087403599,379,389,10,0,379,388,109541,0,0,0,0,1
2020-06-07,US,Georgia,Oconee,123,9,0,33.83749973,-83.43679568,13219.0,305.3624627606752,7.317073170731707,114,123,9,0,114,123,39272,0,0,0,0,0
2020-06-07,US,Georgia,Oglethorpe,66,7,0,33.878629600000004,-83.08278123,13221.0,432.53162068287565,10.606060606060606,59,66,7,0,59,66,15054,0,0,0,0,0
2020-06-07,US,Georgia,Out of GA,2527,32,0,0.0,0.0,80013.0,0.0,1.2663237039968342,2495,2416,31,0,2385,2341,,111,1,0,110,75
2020-06-07,US,Georgia,Paulding,352,12,0,33.91969522,-84.86848792,13223.0,208.69523973272783,3.4090909090909087,340,351,11,0,340,347,164044,1,1,0,0,4
2020-06-07,US,Georgia,Peach,78,5,0,32.56934316,-83.82937,13225.0,283.1627096493138,6.410256410256411,73,76,5,0,71,76,27297,2,0,0,2,0
2020-06-07,US,Georgia,Pickens,52,4,0,34.46589159,-84.46406611,13227.0,159.55325089748703,7.6923076923076925,48,51,4,0,47,50,31980,1,0,0,1,1
2020-06-07,US,Georgia,Pierce,117,4,0,31.35928155,-82.21598442,13229.0,601.0788594913947,3.418803418803418,113,116,4,0,112,114,19389,1,0,0,1,2
2020-06-07,US,Georgia,Pike,61,3,0,33.09310242,-84.38790389,13231.0,321.69602362619975,4.918032786885246,58,60,3,0,57,59,18634,1,0,0,1,1
2020-06-07,US,Georgia,Polk,140,1,0,34.00267074,-85.18677781,13233.0,328.53823950437663,0.7142857142857143,139,139,1,0,138,139,42470,1,0,0,1,0
2020-06-07,US,Georgia,Pulaski,43,2,0,32.23334561,-83.47549959999998,13235.0,386.1003861003861,4.651162790697675,41,43,2,0,41,43,11069,0,0,0,0,0
2020-06-07,US,Georgia,Putnam,100,9,0,33.32056115,-83.37552891,13237.0,452.10000452100013,9.0,91,100,9,0,91,99,21809,0,0,0,0,1
2020-06-07,US,Georgia,Quitman,14,1,0,31.86728114,-85.01773177,13239.0,608.9604175728578,7.142857142857142,13,13,1,0,12,14,2279,1,0,0,1,-1
2020-06-07,US,Georgia,Rabun,26,1,0,34.88389445,-83.40304637,13241.0,151.71850382213924,3.8461538461538463,25,26,1,0,25,26,16867,0,0,0,0,0
2020-06-07,US,Georgia,Randolph,183,19,0,31.76622818,-84.75732369,13243.0,2699.911478312187,10.382513661202186,164,183,19,0,164,181,6833,0,0,0,0,2
2020-06-07,US,Georgia,Richmond,627,30,0,33.35777107,-82.07026432,13245.0,309.60210944212366,4.784688995215312,597,627,30,0,597,619,201554,0,0,0,0,8
2020-06-07,US,Georgia,Rockdale,308,8,0,33.65145002,-84.02202167,13247.0,338.8487942263686,2.5974025974025974,300,308,8,0,300,304,90594,0,0,0,0,4
2020-06-07,US,Georgia,Schley,18,1,0,32.2654021,-84.31258912,13249.0,342.4006087121933,5.5555555555555545,17,19,1,0,18,18,5236,-1,0,0,-1,1
2020-06-07,US,Georgia,Screven,57,3,0,32.74976524,-81.60779441,13251.0,408.13403981096945,5.2631578947368425,54,57,3,0,54,57,13938,0,0,0,0,0
2020-06-07,US,Georgia,Seminole,46,2,0,30.93464824,-84.86823924,13253.0,568.6032138442522,4.3478260869565215,44,46,2,0,44,46,8315,0,0,0,0,0
2020-06-07,US,Georgia,Spalding,294,21,0,33.26310031,-84.28013991,13255.0,440.75978591667536,7.142857142857142,273,294,21,0,273,292,66100,0,0,0,0,2
2020-06-07,US,Georgia,Stephens,144,3,0,34.55151201,-83.29405315,13257.0,555.4484088717454,2.083333333333333,141,144,3,0,141,143,26035,0,0,0,0,1
2020-06-07,US,Georgia,Stewart,57,1,0,32.07996777,-84.83208037,13259.0,860.897145446307,1.7543859649122806,56,56,1,0,55,55,6199,1,0,0,1,1
2020-06-07,US,Georgia,Sumter,494,45,0,32.03650571,-84.19821492,13261.0,1673.2150115160548,9.109311740890687,449,493,45,0,448,493,29733,1,0,0,1,0
2020-06-07,US,Georgia,Talbot,41,2,0,32.69642758,-84.53351366,13263.0,661.8240516545601,4.878048780487805,39,41,2,0,39,40,6272,0,0,0,0,1
2020-06-07,US,Georgia,Taliaferro,1,0,0,33.56543317,-82.88136816,13265.0,65.06180871828235,0.0,1,1,0,0,1,1,1608,0,0,0,0,0
2020-06-07,US,Georgia,Tattnall,30,0,0,32.04785085,-82.05539188,13267.0,118.6427272008226,0.0,30,30,0,0,30,30,25391,0,0,0,0,0
2020-06-07,US,Georgia,Taylor,23,2,0,32.55792548,-84.25077141,13269.0,286.78304239401496,8.695652173913043,21,23,2,0,21,23,8039,0,0,0,0,0
2020-06-07,US,Georgia,Telfair,38,1,0,31.92829517,-82.93491155,13271.0,239.59646910466583,2.631578947368421,37,38,1,0,37,38,15876,0,0,0,0,0
2020-06-07,US,Georgia,Terrell,217,26,0,31.77527543,-84.44069698,13273.0,2543.664283202438,11.981566820276498,191,217,26,0,191,217,8611,0,0,0,0,0
2020-06-07,US,Georgia,Thomas,353,33,0,30.86392347,-83.91847289,13275.0,794.1328654023531,9.34844192634561,320,353,33,0,320,350,44448,0,0,0,0,3
2020-06-07,US,Georgia,Tift,312,19,0,31.45743864,-83.5236119,13277.0,767.6409802184825,6.089743589743589,293,305,19,0,286,291,40571,7,0,0,7,14
2020-06-07,US,Georgia,Toombs,65,4,0,32.12059861,-82.32957247,13279.0,242.26612001490867,6.153846153846153,61,62,4,0,58,62,26887,3,0,0,3,0
2020-06-07,US,Georgia,Towns,30,1,0,34.91369188,-83.74107459999998,13281.0,249.2315360970341,3.333333333333333,29,30,1,0,29,29,11852,0,0,0,0,1
2020-06-07,US,Georgia,Treutlen,14,0,0,32.40422134,-82.56904553,13283.0,202.86914939863792,0.0,14,14,0,0,14,14,6809,0,0,0,0,0
2020-06-07,US,Georgia,Troup,426,11,0,33.03349196,-85.02812115,13285.0,609.2503074854839,2.582159624413145,415,416,11,0,405,395,70034,10,0,0,10,21
2020-06-07,US,Georgia,Turner,139,13,0,31.71612656,-83.62069378,13287.0,1740.7639323732,9.352517985611511,126,139,13,0,126,139,7912,0,0,0,0,0
2020-06-07,US,Georgia,Twiggs,18,1,0,32.67435595,-83.43078662,13289.0,221.67487684729062,5.5555555555555545,17,18,1,0,17,18,8188,0,0,0,0,0
2020-06-07,US,Georgia,Unassigned,1403,2,0,0.0,0.0,90013.0,0.0,0.14255167498218105,1401,1127,2,0,1125,1043,,276,0,0,276,84
2020-06-07,US,Georgia,Union,49,1,0,34.82995757,-83.98967069,13291.0,199.91024438007423,2.0408163265306123,48,49,1,0,48,48,24001,0,0,0,0,1
2020-06-07,US,Georgia,Upson,290,35,0,32.87920671,-84.30024826,13293.0,1101.8237082066871,12.06896551724138,255,290,35,0,255,290,26215,0,0,0,0,0
2020-06-07,US,Georgia,Walker,194,0,0,34.73376362,-85.30165174,13295.0,278.0923438597497,0.0,194,192,0,0,192,189,69410,2,0,0,2,3
2020-06-07,US,Georgia,Walton,299,15,0,33.78017694,-83.73552314,13297.0,316.09104267757664,5.016722408026756,284,298,15,0,283,297,93503,1,0,0,1,1
2020-06-07,US,Georgia,Ware,248,14,0,31.05449097,-82.42224148,13299.0,694.0169026697263,5.645161290322582,234,247,14,0,233,240,35680,1,0,0,1,7
2020-06-07,US,Georgia,Warren,18,0,0,33.41146451,-82.67795848,13301.0,342.59611724400463,0.0,18,18,0,0,18,18,5251,0,0,0,0,0
2020-06-07,US,Georgia,Washington,74,1,0,32.96711864,-82.79357039,13303.0,363.20801020909,1.351351351351351,73,74,1,0,73,74,20386,0,0,0,0,0
2020-06-07,US,Georgia,Wayne,25,0,0,31.5521809,-81.91894878,13305.0,83.53660574063555,0.0,25,25,0,0,25,23,29808,0,0,0,0,2
2020-06-07,US,Georgia,Webster,14,1,0,32.04066113,-84.54742852,13307.0,537.0157268891446,7.142857142857142,13,14,1,0,13,14,2611,0,0,0,0,0
2020-06-07,US,Georgia,Wheeler,14,0,0,32.12009104,-82.72574721,13309.0,178.2304264799491,0.0,14,14,0,0,14,13,7879,0,0,0,0,1
2020-06-07,US,Georgia,White,113,3,0,34.64624278,-83.74905525,13311.0,366.9069420092213,2.6548672566371683,110,113,3,0,110,111,29970,0,0,0,0,2
2020-06-07,US,Georgia,Whitfield,494,7,0,34.80987459,-84.96093476,13313.0,472.1489467446573,1.4170040485829958,487,462,7,0,455,438,104062,32,0,0,32,24
2020-06-07,US,Georgia,Wilcox,117,13,0,31.97496928,-83.43438555,13315.0,1354.950781702374,11.111111111111109,104,117,13,0,104,117,8812,0,0,0,0,0
2020-06-07,US,Georgia,Wilkes,34,1,0,33.78290391,-82.74286107,13317.0,347.75493505165184,2.9411764705882355,33,34,1,0,33,34,9876,0,0,0,0,0
2020-06-07,US,Georgia,Wilkinson,71,7,0,32.80291082,-83.17140684,13319.0,792.941702032611,9.859154929577462,64,71,7,0,64,71,9036,0,0,0,0,0
2020-06-07,US,Georgia,Worth,235,21,0,31.55162306,-83.85090513,13321.0,1160.665777646071,8.936170212765957,214,233,21,0,212,231,20299,2,0,0,2,2
2020-06-07,US,Hawaii,Hawaii,81,0,0,19.60121157,-155.5210167,15001.0,40.195917881228496,0.0,81,81,0,0,81,81,200983,0,0,0,0,0
2020-06-07,US,Hawaii,Honolulu,441,11,0,21.45803166,-157.97121819999995,15003.0,45.251050983876866,2.4943310657596367,430,439,11,0,428,431,980080,2,0,0,2,8
2020-06-07,US,Hawaii,Kauai,21,0,0,22.03935037,-159.5966786,15007.0,29.04845559044444,0.0,21,21,0,0,21,21,72133,0,0,0,0,0
2020-06-07,US,Hawaii,Maui,120,6,0,20.86399628,-156.56890969999995,15009.0,71.67730875598058,5.0,114,120,6,0,114,120,167207,0,0,0,0,0
2020-06-07,US,Hawaii,Out of HI,12,0,0,0.0,0.0,80015.0,0.0,0.0,12,12,0,0,12,11,,0,0,0,0,1
2020-06-07,US,Idaho,Ada,838,22,0,43.4526575,-116.24155159999998,16001.0,174.00801931945838,2.6252983293556085,816,838,22,0,816,833,469966,0,0,0,0,5
2020-06-07,US,Idaho,Adams,3,0,0,44.89333571,-116.4545247,16003.0,69.86492780624127,0.0,3,3,0,0,3,3,4250,0,0,0,0,0
2020-06-07,US,Idaho,Bannock,47,1,0,42.67002716,-112.2233311,16005.0,53.525874635568506,2.127659574468085,46,47,1,0,46,45,87138,0,0,0,0,2
2020-06-07,US,Idaho,Benewah,18,0,0,47.21754179,-116.6586851,16009.0,193.59001935900196,0.0,18,18,0,0,18,17,9226,0,0,0,0,1
2020-06-07,US,Idaho,Bingham,20,0,0,43.21672879999999,-112.3978437,16011.0,42.72500053406251,0.0,20,20,0,0,20,20,46236,0,0,0,0,0
2020-06-07,US,Idaho,Blaine,514,5,0,43.4085812,-113.9752658,16013.0,2232.7440163329134,0.9727626459143968,509,514,5,0,509,514,22601,0,0,0,0,0
2020-06-07,US,Idaho,Bonner,6,0,0,48.29996017,-116.6017932,16017.0,13.117908130916724,0.0,6,6,0,0,6,6,44727,0,0,0,0,0
2020-06-07,US,Idaho,Bonneville,60,0,0,43.38713372,-111.6161537,16019.0,50.39391241538022,0.0,60,60,0,0,60,60,116854,0,0,0,0,0
2020-06-07,US,Idaho,Camas,1,0,0,43.46665742,-114.8065892,16025.0,90.41591320072331,0.0,1,1,0,0,1,1,1127,0,0,0,0,0
2020-06-07,US,Idaho,Canyon,340,6,0,43.61970148,-116.70954990000001,16027.0,147.9232017541951,1.7647058823529411,334,340,6,0,334,336,223499,0,0,0,0,4
2020-06-07,US,Idaho,Caribou,3,0,0,42.77149116,-111.5597683,16029.0,41.9287211740042,0.0,3,3,0,0,3,3,7060,0,0,0,0,0
2020-06-07,US,Idaho,Cassia,112,1,0,42.28347888,-113.6012409,16031.0,466.08406158967966,0.8928571428571429,111,112,1,0,111,109,23864,0,0,0,0,3
2020-06-07,US,Idaho,Custer,2,0,0,44.24186819,-114.2855494,16037.0,46.349942062572424,0.0,2,2,0,0,2,2,4280,0,0,0,0,0
2020-06-07,US,Idaho,Elmore,32,2,0,43.3507101,-115.4701578,16039.0,116.31710951982843,6.25,30,32,2,0,30,32,27259,0,0,0,0,0
2020-06-07,US,Idaho,Franklin,9,0,0,42.18332217,-111.81496659999999,16041.0,64.86019025655807,0.0,9,9,0,0,9,8,13726,0,0,0,0,1
2020-06-07,US,Idaho,Fremont,4,0,0,44.22800938,-111.48099429999999,16043.0,30.536682189480114,0.0,4,4,0,0,4,4,13168,0,0,0,0,0
2020-06-07,US,Idaho,Gem,17,0,0,44.06482372,-116.398376,16045.0,93.86042402826857,0.0,17,17,0,0,17,17,17634,0,0,0,0,0
2020-06-07,US,Idaho,Gooding,56,0,0,42.96927962,-114.81083059999999,16047.0,368.9307596020818,0.0,56,56,0,0,56,55,15196,0,0,0,0,1
2020-06-07,US,Idaho,Idaho,3,0,0,45.84721541,-115.4634436,16049.0,17.999640007199854,0.0,3,3,0,0,3,3,16513,0,0,0,0,0
2020-06-07,US,Idaho,Jefferson,9,0,0,43.82078483,-112.3131749,16051.0,30.12955709551069,0.0,9,9,0,0,9,9,29439,0,0,0,0,0
2020-06-07,US,Idaho,Jerome,194,2,0,42.68891267,-114.2655033,16053.0,794.6911355071277,1.0309278350515465,192,194,2,0,192,194,24015,0,0,0,0,0
2020-06-07,US,Idaho,Kootenai,82,0,0,47.67282258,-116.7020872,16055.0,49.48792072276505,0.0,82,82,0,0,82,81,161505,0,0,0,0,1
2020-06-07,US,Idaho,Latah,7,0,0,46.81587887,-116.71136979999999,16057.0,17.452877231475018,0.0,7,7,0,0,7,7,40134,0,0,0,0,0
2020-06-07,US,Idaho,Lemhi,1,0,0,44.9438088,-113.9309747,16059.0,12.457954403886884,0.0,1,1,0,0,1,1,7961,0,0,0,0,0
2020-06-07,US,Idaho,Lincoln,34,0,0,43.0012336,-114.1358773,16063.0,633.619083115915,0.0,34,34,0,0,34,33,5360,0,0,0,0,1
2020-06-07,US,Idaho,Madison,27,0,0,43.78141028,-111.65384740000002,16065.0,67.65730323000977,0.0,27,27,0,0,27,27,39304,0,0,0,0,0
2020-06-07,US,Idaho,Minidoka,72,0,0,42.85518524,-113.6357257,16067.0,342.2215884785398,0.0,72,72,0,0,72,71,20825,0,0,0,0,1
2020-06-07,US,Idaho,Nez Perce,83,19,0,46.32638236,-116.75009750000001,16069.0,205.4048703227084,22.891566265060238,64,83,19,0,64,83,40408,0,0,0,0,0
2020-06-07,US,Idaho,Owyhee,8,0,0,42.58016894,-116.16938710000001,16073.0,67.66472130592912,0.0,8,8,0,0,8,8,11693,0,0,0,0,0
2020-06-07,US,Idaho,Payette,26,2,0,44.00545243,-116.7647695,16075.0,108.55496638971232,7.6923076923076925,24,26,2,0,24,26,23551,0,0,0,0,0
2020-06-07,US,Idaho,Power,7,0,0,42.69254894,-112.83957420000002,16077.0,91.13396693138914,0.0,7,7,0,0,7,7,7768,0,0,0,0,0
2020-06-07,US,Idaho,Teton,11,0,0,43.75303583,-111.2056773,16081.0,90.59463020919122,0.0,11,11,0,0,11,11,11640,0,0,0,0,0
2020-06-07,US,Idaho,Twin Falls,445,23,0,42.35440512,-114.6685381,16083.0,512.2125279127051,5.168539325842697,422,445,23,0,422,437,86081,0,0,0,0,8
2020-06-07,US,Idaho,Valley,2,0,0,44.76728382,-115.5676773,16085.0,17.5561797752809,0.0,2,2,0,0,2,2,11041,0,0,0,0,0
2020-06-07,US,Idaho,Washington,46,0,0,44.45275475,-116.78476880000001,16087.0,451.2458308809103,0.0,46,46,0,0,46,46,10161,0,0,0,0,0
2020-06-07,US,Illinois,Adams,46,1,0,39.98815591,-91.18786813,17001.0,70.298769771529,2.1739130434782608,45,46,1,0,45,44,65691,0,0,0,0,2
2020-06-07,US,Illinois,Alexander,16,0,0,37.18049267,-89.32910838,17003.0,277.7295608401319,0.0,16,15,0,0,15,14,6060,1,0,0,1,1
2020-06-07,US,Illinois,Bond,12,1,0,38.88829622,-89.43534887,17005.0,73.0549129428954,8.333333333333334,11,12,1,0,11,12,16630,0,0,0,0,0
2020-06-07,US,Illinois,Boone,504,18,0,42.32359279,-88.82345779,17007.0,941.281936351412,3.571428571428572,486,500,18,0,482,498,53577,4,0,0,4,2
2020-06-07,US,Illinois,Brown,10,0,0,39.96209138,-90.75068024,17009.0,152.02189115232594,0.0,10,10,0,0,10,10,6556,0,0,0,0,0
2020-06-07,US,Illinois,Bureau,21,1,0,41.40385234,-89.5283051,17011.0,64.36189775652814,4.761904761904762,20,21,1,0,20,21,32993,0,0,0,0,0
2020-06-07,US,Illinois,Calhoun,1,0,0,39.16840183,-90.66330078,17013.0,21.101498206372653,0.0,1,1,0,0,1,1,4802,0,0,0,0,0
2020-06-07,US,Illinois,Carroll,17,2,0,42.06823429,-89.93395545,17015.0,118.83956658511009,11.764705882352944,15,17,2,0,15,17,14312,0,0,0,0,0
2020-06-07,US,Illinois,Cass,73,0,0,39.96991073,-90.24734436,17017.0,600.971433275706,0.0,73,73,0,0,73,76,12260,0,0,0,0,-3
2020-06-07,US,Illinois,Champaign,685,8,0,40.13919438,-88.20046615,17019.0,326.6742652213516,1.167883211678832,677,679,8,0,671,677,209983,6,0,0,6,2
2020-06-07,US,Illinois,Christian,35,4,0,39.54581621,-89.27780482,17021.0,108.34571570084199,11.428571428571427,31,35,4,0,31,35,32661,0,0,0,0,0
2020-06-07,US,Illinois,Clark,11,0,0,39.33425789,-87.78705622,17023.0,71.23890939705977,0.0,11,11,0,0,11,11,15596,0,0,0,0,0
2020-06-07,US,Illinois,Clay,2,0,0,38.75388572,-88.48914513,17025.0,15.169902912621357,0.0,2,2,0,0,2,2,13253,0,0,0,0,0
2020-06-07,US,Illinois,Clinton,193,17,0,38.60704876,-89.42385254,17027.0,513.8171556360152,8.808290155440414,176,193,17,0,176,190,37639,0,0,0,0,3
2020-06-07,US,Illinois,Coles,139,17,0,39.51949084,-88.22358557,17029.0,274.589597202742,12.23021582733813,122,138,17,0,121,138,50885,1,0,0,1,0
2020-06-07,US,Illinois,Cook,82427,3944,0,41.84144849,-87.81658794,17031.0,1600.4518630516327,4.7848399189585935,78483,81924,3913,0,78011,81344,5180493,503,31,0,472,580
2020-06-07,US,Illinois,Crawford,11,0,0,39.0032229,-87.75954624,17033.0,58.92751915144373,0.0,11,11,0,0,11,11,18807,0,0,0,0,0
2020-06-07,US,Illinois,Cumberland,10,0,0,39.27432424,-88.2401158,17035.0,92.88500835965077,0.0,10,10,0,0,10,10,10808,0,0,0,0,0
2020-06-07,US,Illinois,De Witt,4,0,0,40.17514519,-88.90959682,17039.0,25.57871850620284,0.0,4,4,0,0,4,4,15769,0,0,0,0,0
2020-06-07,US,Illinois,DeKalb,457,9,0,41.89373302,-88.76958483,17037.0,435.6654623106477,1.9693654266958425,448,451,9,0,442,450,104143,6,0,0,6,1
2020-06-07,US,Illinois,Douglas,28,0,0,39.76768052,-88.21854195,17041.0,143.84793218597486,0.0,28,28,0,0,28,28,19479,0,0,0,0,0
2020-06-07,US,Illinois,DuPage,8111,404,0,41.85116968,-88.08642662,17043.0,878.8401174098325,4.9808901491801265,7707,8046,400,0,7646,7997,928589,65,4,0,61,49
2020-06-07,US,Illinois,Edgar,1,0,0,39.6809186,-87.74759563,17045.0,5.827166249053086,0.0,1,1,0,0,1,1,17360,0,0,0,0,0
2020-06-07,US,Illinois,Edwards,2,0,0,38.41353228,-88.05720863,17047.0,31.27443315089914,0.0,2,2,0,0,2,2,6392,0,0,0,0,0
2020-06-07,US,Illinois,Effingham,8,1,0,39.05935711,-88.58969584,17049.0,23.523876734885913,12.5,7,8,1,0,7,8,34208,0,0,0,0,0
2020-06-07,US,Illinois,Fayette,21,3,0,39.00072038,-89.02452658,17051.0,98.42519685039369,14.285714285714285,18,21,3,0,18,21,21416,0,0,0,0,0
2020-06-07,US,Illinois,Ford,21,1,0,40.59706922,-88.22350769,17053.0,162.02453514389322,4.761904761904762,20,21,1,0,20,21,13264,0,0,0,0,0
2020-06-07,US,Illinois,Franklin,12,0,0,37.99189086,-88.92567818,17055.0,31.19394837401544,0.0,12,12,0,0,12,12,38701,0,0,0,0,0
2020-06-07,US,Illinois,Fulton,12,0,0,40.47289135,-90.20862357,17057.0,34.944670937682005,0.0,12,12,0,0,12,12,34844,0,0,0,0,0
2020-06-07,US,Illinois,Gallatin,2,0,0,37.76430935,-88.22953869,17059.0,41.42502071251035,0.0,2,2,0,0,2,2,5058,0,0,0,0,0
2020-06-07,US,Illinois,Greene,6,0,0,39.35907414,-90.388865,17061.0,46.26416840157298,0.0,6,6,0,0,6,6,13044,0,0,0,0,0
2020-06-07,US,Illinois,Grundy,114,2,0,41.28569601,-88.41905692,17063.0,223.29298389940064,1.7543859649122806,112,113,2,0,111,111,50972,1,0,0,1,2
2020-06-07,US,Illinois,Hamilton,2,0,0,38.08163641,-88.53883373,17065.0,24.64268112370626,0.0,2,2,0,0,2,2,8163,0,0,0,0,0
2020-06-07,US,Illinois,Hancock,17,1,0,40.40423981,-91.16313899,17067.0,96.00180709283941,5.882352941176472,16,17,1,0,16,17,17844,0,0,0,0,0
2020-06-07,US,Illinois,Hardin,1,0,0,37.51810645,-88.26873022,17069.0,26.17115938236064,0.0,1,1,0,0,1,1,3910,0,0,0,0,0
2020-06-07,US,Illinois,Henderson,8,0,0,40.81908672,-90.92491462,17071.0,120.37315678603672,0.0,8,8,0,0,8,8,6709,0,0,0,0,0
2020-06-07,US,Illinois,Henry,70,0,0,41.3533994,-90.13296166,17073.0,143.1112383211007,0.0,70,70,0,0,70,70,49090,0,0,0,0,0
2020-06-07,US,Illinois,Iroquois,135,5,0,40.74717633,-87.82466784,17075.0,497.89776499225485,3.703703703703704,130,135,5,0,130,135,27604,0,0,0,0,0
2020-06-07,US,Illinois,Jackson,301,11,0,37.78595185,-89.38232563,17077.0,530.3964757709251,3.6544850498338866,290,300,11,0,289,300,57419,1,0,0,1,0
2020-06-07,US,Illinois,Jasper,46,7,0,39.01054275,-88.15437049,17079.0,478.6680541103018,15.217391304347824,39,46,7,0,39,46,9611,0,0,0,0,0
2020-06-07,US,Illinois,Jefferson,101,16,0,38.29980057,-88.9240025,17081.0,268.0182570852351,15.84158415841584,85,101,16,0,85,101,37820,0,0,0,0,0
2020-06-07,US,Illinois,Jersey,26,1,0,39.08869046,-90.35393073,17083.0,119.41395306113077,3.8461538461538463,25,24,1,0,23,24,21847,2,0,0,2,0
2020-06-07,US,Illinois,Jo Daviess,33,1,0,42.36542373,-90.21094405,17085.0,155.40381445726396,3.0303030303030303,32,33,1,0,32,32,21366,0,0,0,0,1
2020-06-07,US,Illinois,Johnson,12,0,0,37.45939802,-88.88165419,17087.0,96.64170089393572,0.0,12,12,0,0,12,11,12456,0,0,0,0,1
2020-06-07,US,Illinois,Kane,6787,210,0,41.93842729,-88.42861412,17089.0,1274.7862051866725,3.0941505819949904,6577,6734,210,0,6524,6672,534216,53,0,0,53,62
2020-06-07,US,Illinois,Kankakee,1001,54,0,41.13746989,-87.86205334,17091.0,911.1430703974077,5.394605394605395,947,999,54,0,945,989,110024,2,0,0,2,10
2020-06-07,US,Illinois,Kendall,846,19,0,41.59081014,-88.42869583,17093.0,655.8647957205985,2.2458628841607564,827,845,19,0,826,839,127915,1,0,0,1,6
2020-06-07,US,Illinois,Knox,104,0,0,40.93148779,-90.21330340000002,17095.0,209.259743656814,0.0,104,103,0,0,103,102,50112,1,0,0,1,1
2020-06-07,US,Illinois,LaSalle,164,16,0,41.34426129999999,-88.88633881,17099.0,150.91700484958912,9.75609756097561,148,160,16,0,144,160,109430,4,0,0,4,0
2020-06-07,US,Illinois,Lake,8768,344,0,42.3224907,-88.00367925,17097.0,1258.8025009511364,3.923357664233577,8424,8690,342,0,8348,8647,700832,78,2,0,76,43
2020-06-07,US,Illinois,Lawrence,4,0,0,38.71987914,-87.72884035,17101.0,25.513458349279247,0.0,4,4,0,0,4,4,15765,0,0,0,0,0
2020-06-07,US,Illinois,Lee,89,1,0,41.74583951,-89.29977132,17103.0,261.0276865321445,1.1235955056179776,88,88,1,0,87,82,34223,1,0,0,1,6
2020-06-07,US,Illinois,Livingston,36,2,0,40.89188292,-88.55784752,17105.0,100.98743267504489,5.5555555555555545,34,36,2,0,34,36,35761,0,0,0,0,0
2020-06-07,US,Illinois,Logan,10,0,0,40.12581572,-89.36638784,17107.0,34.94304284017052,0.0,10,10,0,0,10,11,28925,0,0,0,0,-1
2020-06-07,US,Illinois,Macon,202,21,0,39.86064913,-88.96342505,17115.0,194.21396225326652,10.396039603960396,181,202,21,0,181,200,104712,0,0,0,0,2
2020-06-07,US,Illinois,Macoupin,46,2,0,39.26119767,-89.92424028,17117.0,102.39059787205628,4.3478260869565215,44,46,2,0,44,46,45313,0,0,0,0,0
2020-06-07,US,Illinois,Madison,639,65,0,38.83042506,-89.90422563,17119.0,242.99719355353923,10.172143974960877,574,634,65,0,569,624,264461,5,0,0,5,10
2020-06-07,US,Illinois,Marion,55,0,0,38.64963204,-88.91899208,17121.0,147.82959279666713,0.0,55,55,0,0,55,52,37620,0,0,0,0,3
2020-06-07,US,Illinois,Marshall,5,0,0,41.0327901,-89.34510444,17123.0,43.7139360027977,0.0,5,5,0,0,5,5,11534,0,0,0,0,0
2020-06-07,US,Illinois,Mason,18,0,0,40.23917274,-89.91824452,17125.0,134.74062429822592,0.0,18,18,0,0,18,18,13565,0,0,0,0,0
2020-06-07,US,Illinois,Massac,7,0,0,37.22078441,-88.71036614,17127.0,50.827766482718566,0.0,7,7,0,0,7,7,14080,0,0,0,0,0
2020-06-07,US,Illinois,McDonough,92,13,0,40.45674722,-90.67775541,17109.0,309.95215955798125,14.130434782608695,79,92,13,0,79,91,29955,0,0,0,0,1
2020-06-07,US,Illinois,McHenry,1724,83,0,42.32451172,-88.45248227,17111.0,560.1512798352038,4.814385150812066,1641,1707,83,0,1624,1677,308570,17,0,0,17,30
2020-06-07,US,Illinois,McLean,226,13,0,40.48996987,-88.84621113,17113.0,131.76536436621444,5.7522123893805315,213,226,13,0,213,226,172828,0,0,0,0,0
2020-06-07,US,Illinois,Menard,22,0,0,40.02742725,-89.80246001,17129.0,180.38701213512627,0.0,22,22,0,0,22,22,12288,0,0,0,0,0
2020-06-07,US,Illinois,Mercer,18,0,0,41.20596782,-90.74290052,17131.0,116.60296689771327,0.0,18,18,0,0,18,18,15601,0,0,0,0,0
2020-06-07,US,Illinois,Monroe,101,12,0,38.27594376,-90.17761038,17133.0,291.5956924675925,11.881188118811881,89,100,12,0,88,100,34335,1,0,0,1,0
2020-06-07,US,Illinois,Montgomery,41,1,0,39.23198845,-89.47809254,17135.0,144.29506581262757,2.4390243902439024,40,41,1,0,40,41,28601,0,0,0,0,0
2020-06-07,US,Illinois,Morgan,47,1,0,39.71654544,-90.20255104,17137.0,139.63990730287006,2.127659574468085,46,46,1,0,45,42,33976,1,0,0,1,4
2020-06-07,US,Illinois,Moultrie,12,0,0,39.64187451,-88.62099969,17139.0,82.75291359216604,0.0,12,12,0,0,12,12,14717,0,0,0,0,0
2020-06-07,US,Illinois,Ogle,221,3,0,42.04165196,-89.32184679,17141.0,436.38804968110105,1.3574660633484164,218,223,3,0,220,225,50923,-2,0,0,-2,-2
2020-06-07,US,Illinois,Out of IL,113,1,0,0.0,0.0,80017.0,0.0,0.8849557522123894,112,115,1,0,114,116,,-2,0,0,-2,-1
2020-06-07,US,Illinois,Peoria,314,11,0,40.78702156,-89.76078901,17143.0,175.2437506627451,3.5031847133757963,303,309,11,0,298,301,180621,5,0,0,5,8
2020-06-07,US,Illinois,Perry,42,0,0,38.08510853,-89.36856219,17145.0,200.8032128514056,0.0,42,42,0,0,42,42,21174,0,0,0,0,0
2020-06-07,US,Illinois,Piatt,12,0,0,40.01360584,-88.59319339,17147.0,73.4214390602056,0.0,12,11,0,0,11,11,16396,1,0,0,1,0
2020-06-07,US,Illinois,Pike,1,0,0,39.62265059,-90.8877017,17149.0,6.426322215795901,0.0,1,1,0,0,1,1,15611,0,0,0,0,0
2020-06-07,US,Illinois,Pope,1,0,0,37.41391284,-88.56152109,17151.0,23.94062724443381,0.0,1,1,0,0,1,1,4212,0,0,0,0,0
2020-06-07,US,Illinois,Pulaski,61,0,0,37.22631423,-89.13085001,17153.0,1143.3926897844424,0.0,61,58,0,0,58,58,5463,3,0,0,3,0
2020-06-07,US,Illinois,Putnam,1,0,0,41.2013541,-89.2869272,17155.0,17.424638438752392,0.0,1,1,0,0,1,1,5740,0,0,0,0,0
2020-06-07,US,Illinois,Randolph,274,4,0,38.05095369,-89.82512254,17157.0,862.1232143980868,1.45985401459854,270,274,4,0,270,273,32106,0,0,0,0,1
2020-06-07,US,Illinois,Richland,4,0,0,38.71240969,-88.08475366,17159.0,25.78482563011668,0.0,4,4,0,0,4,4,15763,0,0,0,0,0
2020-06-07,US,Illinois,Rock Island,715,25,0,41.46613806,-90.57042164,17161.0,503.9505494118228,3.4965034965034967,690,711,25,0,686,703,143477,4,0,0,4,8
2020-06-07,US,Illinois,Saline,7,0,0,37.75332999,-88.54119706,17165.0,29.798646290068536,0.0,7,7,0,0,7,7,23906,0,0,0,0,0
2020-06-07,US,Illinois,Sangamon,363,31,0,39.75836914,-89.65872023,17167.0,186.46749404125916,8.539944903581267,332,362,31,0,331,360,195348,1,0,0,1,2
2020-06-07,US,Illinois,Schuyler,13,0,0,40.157179799999994,-90.61114163,17169.0,192.08037825059105,0.0,13,13,0,0,13,13,6907,0,0,0,0,0
2020-06-07,US,Illinois,Shelby,16,1,0,39.39133527,-88.80611122,17173.0,73.95765924008505,6.25,15,16,1,0,15,16,21741,0,0,0,0,0
2020-06-07,US,Illinois,St. Clair,1314,94,0,38.46996033,-89.93063427,17163.0,505.99570250225264,7.153729071537291,1220,1296,93,0,1203,1262,261059,18,1,0,17,34
2020-06-07,US,Illinois,Stark,3,0,0,41.09309773,-89.79745866,17175.0,56.15874204417821,0.0,3,3,0,0,3,3,5427,0,0,0,0,0
2020-06-07,US,Illinois,Stephenson,216,5,0,42.35129217,-89.662598,17177.0,485.41507483482405,2.314814814814815,211,214,5,0,209,211,44753,2,0,0,2,3
2020-06-07,US,Illinois,Tazewell,81,6,0,40.50716185,-89.51404662,17179.0,61.455353823509334,7.407407407407407,75,81,6,0,75,81,132328,0,0,0,0,0
2020-06-07,US,Illinois,Unassigned,87,0,0,0.0,0.0,90017.0,0.0,0.0,87,77,0,0,77,90,,10,0,0,10,-13
2020-06-07,US,Illinois,Union,170,14,0,37.47119609,-89.25548938,17181.0,1020.837086410857,8.235294117647058,156,170,14,0,156,171,16841,0,0,0,0,-1
2020-06-07,US,Illinois,Vermilion,42,1,0,40.18417171,-87.73384359,17183.0,55.43968953773859,2.380952380952381,41,42,1,0,41,42,76806,0,0,0,0,0
2020-06-07,US,Illinois,Wabash,12,0,0,38.44272901,-87.84922065,17185.0,104.16666666666669,0.0,12,12,0,0,12,6,11549,0,0,0,0,6
2020-06-07,US,Illinois,Warren,126,0,0,40.84925021,-90.6147432,17187.0,748.0408454048918,0.0,126,125,0,0,125,122,17032,1,0,0,1,3
2020-06-07,US,Illinois,Washington,20,0,0,38.35309213,-89.40982703,17189.0,144.01958666378627,0.0,20,20,0,0,20,19,13995,0,0,0,0,1
2020-06-07,US,Illinois,Wayne,9,1,0,38.42955355,-88.42586459,17191.0,55.50416281221092,11.111111111111109,8,9,1,0,8,9,16332,0,0,0,0,0
2020-06-07,US,Illinois,White,2,0,0,38.08706198,-88.17657461,17193.0,14.774322227967794,0.0,2,2,0,0,2,2,13665,0,0,0,0,0
2020-06-07,US,Illinois,Whiteside,157,13,0,41.75509713,-89.91556058,17195.0,284.54916175804266,8.280254777070066,144,155,13,0,142,149,55626,2,0,0,2,6
2020-06-07,US,Illinois,Will,5890,288,0,41.44619267,-87.97862712,17197.0,852.704985790663,4.889643463497453,5602,5858,285,0,5573,5799,692310,32,3,0,29,59
2020-06-07,US,Illinois,Williamson,76,3,0,37.73033511,-88.92994027,17199.0,114.11925462107901,3.947368421052632,73,76,3,0,73,75,67056,0,0,0,0,1
2020-06-07,US,Illinois,Winnebago,2545,69,0,42.33641854,-89.16085327,17201.0,900.6554081791544,2.7111984282907664,2476,2507,70,0,2437,2465,284081,38,-1,0,39,42
2020-06-07,US,Illinois,Woodford,21,2,0,40.78579374,-89.20973757,17203.0,54.6036038378533,9.523809523809524,19,21,2,0,19,21,38463,0,0,0,0,0
2020-06-07,US,Indiana,Adams,22,1,0,40.7457653,-84.93671406,18001.0,61.49202001285742,4.545454545454546,21,22,1,0,21,23,35636,0,0,0,0,-1
2020-06-07,US,Indiana,Allen,1883,74,0,41.09194313,-85.06800636,18003.0,496.4421208597966,3.929899097185343,1809,1851,72,0,1779,1810,375351,32,2,0,30,41
2020-06-07,US,Indiana,Bartholomew,534,40,0,39.20744865,-85.89558181,18005.0,637.3912316929062,7.490636704119849,494,532,40,0,492,531,82753,2,0,0,2,1
2020-06-07,US,Indiana,Benton,32,0,0,40.60626947,-87.31093999,18007.0,365.7978966620942,0.0,32,32,0,0,32,32,8653,0,0,0,0,0
2020-06-07,US,Indiana,Blackford,28,2,0,40.47388153,-85.32499702,18009.0,238.13573737030103,7.142857142857142,26,28,2,0,26,27,11930,0,0,0,0,1
2020-06-07,US,Indiana,Boone,331,36,0,40.0509304,-86.46841646,18011.0,487.89116047344606,10.876132930513597,295,328,36,0,292,324,66999,3,0,0,3,4
2020-06-07,US,Indiana,Brown,34,1,0,39.19605589,-86.22868909,18013.0,225.28491916247017,2.9411764705882355,33,34,1,0,33,33,15234,0,0,0,0,1
2020-06-07,US,Indiana,Carroll,96,2,0,40.580783200000006,-86.56198812,18015.0,473.91025324579164,2.083333333333333,94,96,2,0,94,95,20127,0,0,0,0,1
2020-06-07,US,Indiana,Cass,1593,9,0,40.76135835,-86.34830753,18017.0,4226.697444877816,0.5649717514124294,1584,1592,9,0,1583,1591,37955,1,0,0,1,1
2020-06-07,US,Indiana,Clark,548,42,0,38.48015445,-85.70510334,18019.0,463.2212473161908,7.664233576642336,506,545,42,0,503,539,117360,3,0,0,3,6
2020-06-07,US,Indiana,Clay,53,3,0,39.39561833,-87.11723506,18021.0,202.09723546234508,5.660377358490566,50,53,3,0,50,53,26170,0,0,0,0,0
2020-06-07,US,Indiana,Clinton,251,1,0,40.30319754,-86.47277257,18023.0,774.7152689897838,0.398406374501992,250,248,1,0,247,247,32250,3,0,0,3,1
2020-06-07,US,Indiana,Crawford,25,0,0,38.28814402,-86.44518825,18025.0,236.3619173678737,0.0,25,25,0,0,25,25,10558,0,0,0,0,0
2020-06-07,US,Indiana,Daviess,107,16,0,38.70186039,-87.07185406,18027.0,320.8299601211358,14.953271028037387,91,107,16,0,91,104,33147,0,0,0,0,3
2020-06-07,US,Indiana,DeKalb,67,1,0,41.39804622,-84.99906934,18033.0,154.11155836687755,1.492537313432836,66,55,1,0,54,45,43226,12,0,0,12,10
2020-06-07,US,Indiana,Dearborn,175,22,0,39.14647946,-84.97333539,18029.0,353.8355776618545,12.571428571428573,153,173,22,0,151,171,49568,2,0,0,2,2
2020-06-07,US,Indiana,Decatur,231,32,0,39.30712658,-85.50087166,18031.0,869.7616627132046,13.852813852813853,199,231,32,0,199,231,26794,0,0,0,0,0
2020-06-07,US,Indiana,Delaware,400,41,0,40.22787247,-85.39732772,18035.0,350.4621719893109,10.25,359,399,41,0,358,397,114772,1,0,0,1,2
2020-06-07,US,Indiana,Dubois,228,4,0,38.36597551,-86.87924170000002,18037.0,533.508049419693,1.7543859649122806,224,216,3,0,213,211,42565,12,1,0,11,5
2020-06-07,US,Indiana,Elkhart,1717,29,0,41.59761169,-85.85875695,18039.0,832.1177080657747,1.6889924286546298,1688,1637,29,0,1608,1585,205560,80,0,0,80,52
2020-06-07,US,Indiana,Fayette,79,7,0,39.63684962,-85.17797541,18041.0,341.961734914726,8.860759493670884,72,79,7,0,72,79,23047,0,0,0,0,0
2020-06-07,US,Indiana,Floyd,326,41,0,38.32117957,-85.90385377,18043.0,415.1702707521458,12.576687116564415,285,323,41,0,282,319,77781,3,0,0,3,4
2020-06-07,US,Indiana,Fountain,23,2,0,40.12361933,-87.24217689,18045.0,140.70720665606265,8.695652173913043,21,22,2,0,20,22,16351,1,0,0,1,0
2020-06-07,US,Indiana,Franklin,117,8,0,39.4142482,-85.06062647,18047.0,514.1049301344582,6.837606837606838,109,117,8,0,109,116,22736,0,0,0,0,1
2020-06-07,US,Indiana,Fulton,51,1,0,41.0469907,-86.26252745,18049.0,255.33193151096427,1.96078431372549,50,51,1,0,50,51,20092,0,0,0,0,0
2020-06-07,US,Indiana,Gibson,20,2,0,38.30393723,-87.58054938,18051.0,59.419471760896045,10.0,18,20,2,0,18,20,33452,0,0,0,0,0
2020-06-07,US,Indiana,Grant,235,23,0,40.51587228,-85.65468702,18053.0,357.3111952439599,9.787234042553193,212,235,23,0,212,229,65936,0,0,0,0,6
2020-06-07,US,Indiana,Greene,175,27,0,39.03630547,-86.96223202,18055.0,548.2112649583361,15.428571428571427,148,174,27,0,147,172,32006,1,0,0,1,2
2020-06-07,US,Indiana,Hamilton,1205,94,0,40.07306535,-86.05244729,18057.0,356.4972737573629,7.800829875518673,1111,1203,94,0,1109,1191,330086,2,0,0,2,12
2020-06-07,US,Indiana,Hancock,362,27,0,39.82304555,-85.77566351,18059.0,463.10510694913523,7.458563535911603,335,360,27,0,333,354,76351,2,0,0,2,6
2020-06-07,US,Indiana,Harrison,195,22,0,38.19467379,-86.10948271,18061.0,481.3032210292485,11.282051282051285,173,196,22,0,174,196,40350,-1,0,0,-1,0
2020-06-07,US,Indiana,Hendricks,1218,79,0,39.76719009,-86.51037283,18063.0,715.1622619795551,6.486042692939246,1139,1212,79,0,1133,1204,167009,6,0,0,6,8
2020-06-07,US,Indiana,Henry,188,12,0,39.93029017,-85.39625719,18065.0,391.8952722421412,6.382978723404255,176,186,12,0,174,185,48271,2,0,0,2,1
2020-06-07,US,Indiana,Howard,444,37,0,40.48527731,-86.11351892,18067.0,537.8949408800155,8.333333333333334,407,444,37,0,407,442,82366,0,0,0,0,2
2020-06-07,US,Indiana,Huntington,42,2,0,40.82907273,-85.48822092,18069.0,115.00547645125957,4.761904761904762,40,39,2,0,37,38,36240,3,0,0,3,1
2020-06-07,US,Indiana,Jackson,403,2,0,38.90915820000001,-86.03851889,18071.0,911.125681083403,0.4962779156327544,401,401,2,0,399,401,44111,2,0,0,2,0
2020-06-07,US,Indiana,Jasper,75,1,0,41.02078733,-87.11553319,18073.0,223.46701626839882,1.3333333333333333,74,75,1,0,74,74,33370,0,0,0,0,1
2020-06-07,US,Indiana,Jay,58,0,0,40.43781032,-85.00576229,18075.0,283.81287923272663,0.0,58,58,0,0,58,58,20764,0,0,0,0,0
2020-06-07,US,Indiana,Jefferson,49,1,0,38.78576239,-85.43633383,18077.0,151.66522223597872,2.0408163265306123,48,49,1,0,48,49,32208,0,0,0,0,0
2020-06-07,US,Indiana,Jennings,132,4,0,38.99588883,-85.62710784,18079.0,475.9329367225527,3.0303030303030303,128,132,4,0,128,132,27611,0,0,0,0,0
2020-06-07,US,Indiana,Johnson,1133,114,0,39.48994426,-86.10149107,18081.0,716.331472431038,10.061782877316858,1019,1129,114,0,1015,1125,156225,4,0,0,4,4
2020-06-07,US,Indiana,Knox,32,0,0,38.68861576,-87.4194665,18083.0,87.4460294037274,0.0,32,32,0,0,32,31,36895,0,0,0,0,1
2020-06-07,US,Indiana,Kosciusko,227,2,0,41.24521668,-85.86312322,18085.0,285.6927104309304,0.8810572687224669,225,209,2,0,207,205,79344,18,0,0,18,4
2020-06-07,US,Indiana,LaGrange,159,2,0,41.64232188,-85.42674232,18087.0,401.3732518806482,1.2578616352201255,157,139,2,0,137,128,39330,20,0,0,20,11
2020-06-07,US,Indiana,LaPorte,457,24,0,41.54366008,-86.74072188,18091.0,415.87798485730934,5.25164113785558,433,455,24,0,431,448,110007,2,0,0,2,7
2020-06-07,US,Indiana,Lake,3940,211,0,41.41874274,-87.38277575,18089.0,811.5462014900318,5.3553299492385795,3729,3915,210,0,3705,3876,484411,25,1,0,24,39
2020-06-07,US,Indiana,Lawrence,171,24,0,38.84112637,-86.48361629,18093.0,376.9010359268239,14.035087719298243,147,171,24,0,147,171,45668,0,0,0,0,0
2020-06-07,US,Indiana,Madison,603,61,0,40.16143691,-85.71964711,18095.0,465.3890977008389,10.11608623548922,542,603,61,0,542,600,129641,0,0,0,0,3
2020-06-07,US,Indiana,Marion,10326,621,0,39.78163624,-86.13826325,18097.0,1070.5155186391619,6.013945380592679,9705,10276,616,0,9660,10188,954670,50,5,0,45,88
2020-06-07,US,Indiana,Marshall,214,2,0,41.32467367,-86.26185087,18099.0,462.62268148212195,0.9345794392523364,212,196,2,0,194,187,46248,18,0,0,18,9
2020-06-07,US,Indiana,Martin,15,0,0,38.7099921,-86.80373186,18101.0,146.27011214041931,0.0,15,14,0,0,14,14,10217,1,0,0,1,0
2020-06-07,US,Indiana,Miami,150,1,0,40.76940965,-86.04525048,18103.0,422.344858655254,0.6666666666666666,149,149,1,0,148,146,35567,1,0,0,1,3
2020-06-07,US,Indiana,Monroe,174,15,0,39.16130004,-86.52414358,18105.0,117.22618590456172,8.620689655172415,159,174,15,0,159,171,146917,0,0,0,0,3
2020-06-07,US,Indiana,Montgomery,252,18,0,40.04034823,-86.89335024,18107.0,657.311283843706,7.142857142857142,234,252,18,0,234,249,38346,0,0,0,0,3
2020-06-07,US,Indiana,Morgan,290,28,0,39.47899078,-86.44573375,18109.0,411.4117096284527,9.655172413793103,262,287,28,0,259,286,70116,3,0,0,3,1
2020-06-07,US,Indiana,Newton,81,10,0,40.95610449,-87.39635768,18111.0,579.2334096109839,12.345679012345679,71,81,10,0,71,80,14011,0,0,0,0,1
2020-06-07,US,Indiana,Noble,296,22,0,41.39672484,-85.41966713,18113.0,619.9731903485255,7.432432432432432,274,286,21,0,265,278,47532,10,1,0,9,8
2020-06-07,US,Indiana,Ohio,13,0,0,38.955304999999996,-84.96515993,18115.0,221.27659574468086,0.0,13,13,0,0,13,13,5844,0,0,0,0,0
2020-06-07,US,Indiana,Orange,132,23,0,38.54118920000001,-86.49523093,18117.0,671.8924972004478,17.424242424242426,109,131,23,0,108,131,19489,1,0,0,1,0
2020-06-07,US,Indiana,Owen,36,1,0,39.31145587,-86.83900724,18119.0,173.08524448290783,2.7777777777777777,35,36,1,0,35,34,20845,0,0,0,0,2
2020-06-07,US,Indiana,Parke,19,0,0,39.77202286,-87.20375833,18121.0,112.18043337072682,0.0,19,18,0,0,18,18,16927,1,0,0,1,0
2020-06-07,US,Indiana,Perry,42,1,0,38.07809328,-86.63741946,18123.0,219.1037612812353,2.380952380952381,41,41,1,0,40,39,19102,1,0,0,1,2
2020-06-07,US,Indiana,Pike,6,0,0,38.40112197,-87.23574907,18125.0,48.43005892323836,0.0,6,6,0,0,6,6,12410,0,0,0,0,0
2020-06-07,US,Indiana,Porter,571,33,0,41.45986947,-87.06848888,18127.0,335.1155297583764,5.779334500875658,538,564,33,0,531,562,169594,7,0,0,7,2
2020-06-07,US,Indiana,Posey,16,0,0,38.02097333,-87.86480429,18129.0,62.9252369528454,0.0,16,16,0,0,16,16,25540,0,0,0,0,0
2020-06-07,US,Indiana,Pulaski,51,1,0,41.04166107,-86.69890683,18131.0,412.8551768801101,1.96078431372549,50,51,1,0,50,50,12469,0,0,0,0,1
2020-06-07,US,Indiana,Putnam,143,7,0,39.66437981,-86.84517605,18133.0,380.56206088992974,4.895104895104895,136,142,7,0,135,142,37779,1,0,0,1,0
2020-06-07,US,Indiana,Randolph,55,3,0,40.15734772,-85.01139319,18135.0,222.9880397324144,5.454545454545454,52,53,3,0,50,52,24851,2,0,0,2,1
2020-06-07,US,Indiana,Ripley,108,6,0,39.10235626,-85.26212744,18137.0,381.3020759779692,5.5555555555555545,102,108,6,0,102,108,28523,0,0,0,0,0
2020-06-07,US,Indiana,Rush,49,3,0,39.62002287,-85.4655599,18139.0,295.51896749291365,6.1224489795918355,46,49,3,0,46,51,16663,0,0,0,0,-2
2020-06-07,US,Indiana,Scott,128,3,0,38.68672078,-85.74627859,18143.0,536.1705692623467,2.34375,125,128,3,0,125,126,23878,0,0,0,0,2
2020-06-07,US,Indiana,Shelby,398,22,0,39.52305623,-85.79158570000001,18145.0,889.8030360616156,5.527638190954773,376,397,22,0,375,397,44593,1,0,0,1,0
2020-06-07,US,Indiana,Spencer,22,1,0,38.01519732,-87.0079644,18147.0,108.4973122256744,4.545454545454546,21,22,1,0,21,22,20327,0,0,0,0,0
2020-06-07,US,Indiana,St. Joseph,1406,39,0,41.61756781,-86.29040834,18141.0,517.2426478703288,2.7738264580369845,1367,1377,39,0,1338,1358,270771,29,0,0,29,19
2020-06-07,US,Indiana,Starke,46,3,0,41.27890281,-86.64686895,18149.0,200.04348771472058,6.521739130434782,43,45,3,0,42,42,22935,1,0,0,1,3
2020-06-07,US,Indiana,Steuben,93,2,0,41.64423868,-85.00101094,18151.0,268.83274556281435,2.150537634408602,91,90,2,0,88,90,34586,3,0,0,3,0
2020-06-07,US,Indiana,Sullivan,38,1,0,39.08952258,-87.41414469,18153.0,183.85021046010934,2.631578947368421,37,37,1,0,36,37,20690,1,0,0,1,0
2020-06-07,US,Indiana,Switzerland,21,0,0,38.82767338,-85.03022429,18155.0,195.33066691470557,0.0,21,21,0,0,21,22,10717,0,0,0,0,-1
2020-06-07,US,Indiana,Tippecanoe,453,5,0,40.38872739,-86.89413959,18157.0,231.43890625957943,1.1037527593818983,448,441,4,0,437,434,193048,12,1,0,11,7
2020-06-07,US,Indiana,Tipton,26,1,0,40.31123252,-86.05234925,18159.0,171.6398204383417,3.8461538461538463,25,26,1,0,25,26,15128,0,0,0,0,0
2020-06-07,US,Indiana,Unassigned,0,182,0,0.0,0.0,90018.0,0.0,0.0,-182,0,182,0,-182,0,,0,0,0,0,0
2020-06-07,US,Indiana,Union,12,0,0,39.62550777,-84.92497066,18161.0,170.1162461015027,0.0,12,10,0,0,10,10,7037,2,0,0,2,0
2020-06-07,US,Indiana,Vanderburgh,301,4,0,38.02658833,-87.58763124,18163.0,165.88500476712719,1.32890365448505,297,299,4,0,295,291,180974,2,0,0,2,8
2020-06-07,US,Indiana,Vermillion,10,0,0,39.8523352,-87.46160542,18165.0,64.5244547683572,0.0,10,10,0,0,10,10,15479,0,0,0,0,0
2020-06-07,US,Indiana,Vigo,194,8,0,39.42944561,-87.39169027,18167.0,181.24404417122886,4.123711340206185,186,185,8,0,177,182,107386,9,0,0,9,3
2020-06-07,US,Indiana,Wabash,83,2,0,40.84704239,-85.79328272,18169.0,267.7764872886824,2.409638554216868,81,83,2,0,81,81,31280,0,0,0,0,2
2020-06-07,US,Indiana,Warren,13,1,0,40.34728141,-87.35602659,18171.0,157.28977616454932,7.6923076923076925,12,13,1,0,12,13,8263,0,0,0,0,0
2020-06-07,US,Indiana,Warrick,167,29,0,38.08922676,-87.2716085,18173.0,265.0877805644624,17.365269461077844,138,167,29,0,138,167,62567,0,0,0,0,0
2020-06-07,US,Indiana,Washington,51,1,0,38.60219804,-86.1049363,18175.0,181.9089741760594,1.96078431372549,50,51,1,0,50,50,27943,0,0,0,0,1
2020-06-07,US,Indiana,Wayne,90,6,0,39.863344399999995,-85.01044989,18177.0,136.60372776394877,6.666666666666668,84,90,6,0,84,90,65936,0,0,0,0,0
2020-06-07,US,Indiana,Wells,39,0,0,40.72934187,-85.22132966,18179.0,137.82866836301952,0.0,39,38,0,0,38,35,28206,1,0,0,1,3
2020-06-07,US,Indiana,White,243,9,0,40.74911165,-86.86492015,18181.0,1008.2150858849888,3.703703703703704,234,243,9,0,234,239,24133,0,0,0,0,4
2020-06-07,US,Indiana,Whitley,50,3,0,41.13863784,-85.50791236,18183.0,147.21469791543987,6.0,47,48,3,0,45,45,34074,2,0,0,2,3
2020-06-07,US,Iowa,Adair,9,0,0,41.33075609,-94.47105874,19001.0,125.83892617449663,0.0,9,9,0,0,9,9,7063,0,0,0,0,0
2020-06-07,US,Iowa,Adams,7,0,0,41.02903567,-94.69932645,19003.0,194.3364797334814,0.0,7,7,0,0,7,7,3645,0,0,0,0,0
2020-06-07,US,Iowa,Allamakee,120,4,0,43.28383218,-91.37860922,19005.0,876.7443559582084,3.333333333333333,116,120,4,0,116,120,13832,0,0,0,0,0
2020-06-07,US,Iowa,Appanoose,17,3,0,40.74324454,-92.86865906,19007.0,136.80991469499438,17.647058823529417,14,17,3,0,14,17,12437,0,0,0,0,0
2020-06-07,US,Iowa,Audubon,13,1,0,41.6844628,-94.90581859,19009.0,236.53566229985444,7.6923076923076925,12,13,1,0,12,13,5506,0,0,0,0,0
2020-06-07,US,Iowa,Benton,44,1,0,42.08011739,-92.06463573,19011.0,171.5734061220511,2.272727272727273,43,43,1,0,42,43,25642,1,0,0,1,0
2020-06-07,US,Iowa,Black Hawk,1794,50,0,42.4704581,-92.30524729,19013.0,1367.0862925595147,2.787068004459309,1744,1789,49,0,1740,1788,132408,5,1,0,4,1
2020-06-07,US,Iowa,Boone,77,0,0,42.03657094,-93.9313999,19015.0,293.51223602957987,0.0,77,72,0,0,72,72,26346,5,0,0,5,0
2020-06-07,US,Iowa,Bremer,72,6,0,42.77461496,-92.31795937,19017.0,287.28752693320564,8.333333333333334,66,71,6,0,65,71,24947,1,0,0,1,0
2020-06-07,US,Iowa,Buchanan,34,1,0,42.4709188,-91.83510825,19019.0,160.56670602125146,2.9411764705882355,33,34,1,0,33,34,21199,0,0,0,0,0
2020-06-07,US,Iowa,Buena Vista,1142,2,0,42.73545875,-95.15100162,19021.0,5820.59123343527,0.17513134851138354,1140,1112,2,0,1110,1067,19874,30,0,0,30,45
2020-06-07,US,Iowa,Butler,16,1,0,42.73172833,-92.79015971,19023.0,110.81099799155065,6.25,15,16,1,0,15,16,14539,0,0,0,0,0
2020-06-07,US,Iowa,Calhoun,14,0,0,42.38521079,-94.64046046,19025.0,144.8076127430699,0.0,14,11,0,0,11,10,9699,3,0,0,3,1
2020-06-07,US,Iowa,Carroll,17,1,0,42.03617207,-94.86032705,19027.0,84.30448797421275,5.882352941176472,16,16,1,0,15,15,20154,1,0,0,1,1
2020-06-07,US,Iowa,Cass,13,0,0,41.33149454,-94.92792482,19029.0,101.27765659083826,0.0,13,13,0,0,13,13,12930,0,0,0,0,0
2020-06-07,US,Iowa,Cedar,50,1,0,41.77233777,-91.13246684,19031.0,268.42755140387607,2.0,49,50,1,0,49,50,18627,0,0,0,0,0
2020-06-07,US,Iowa,Cerro Gordo,34,1,0,43.08177563,-93.2612239,19033.0,80.0942285041225,2.9411764705882355,33,34,1,0,33,33,42647,0,0,0,0,1
2020-06-07,US,Iowa,Cherokee,46,0,0,42.73538914,-95.62389402,19035.0,409.43480195816636,0.0,46,46,0,0,46,41,11321,0,0,0,0,5
2020-06-07,US,Iowa,Chickasaw,13,0,0,43.06001295,-92.31773347,19037.0,108.941590547222,0.0,13,13,0,0,13,13,11964,0,0,0,0,0
2020-06-07,US,Iowa,Clarke,75,1,0,41.02868181,-93.78499767,19039.0,798.2969664715274,1.3333333333333333,74,71,0,0,71,69,9423,4,1,0,3,2
2020-06-07,US,Iowa,Clay,34,0,0,43.08247182,-95.15096481,19041.0,212.28771228771228,0.0,34,29,0,0,29,27,16134,5,0,0,5,2
2020-06-07,US,Iowa,Clayton,34,3,0,42.84443388,-91.34133693,19043.0,193.74323323266282,8.823529411764708,31,34,3,0,31,34,17556,0,0,0,0,0
2020-06-07,US,Iowa,Clinton,65,1,0,41.89981633,-90.53275096,19045.0,139.99870770423658,1.5384615384615383,64,65,1,0,64,65,46518,0,0,0,0,0
2020-06-07,US,Iowa,Crawford,573,2,0,42.03718237,-95.3819718,19047.0,3406.6587395957195,0.34904013961605584,571,567,2,0,565,551,17158,6,0,0,6,16
2020-06-07,US,Iowa,Dallas,959,26,0,41.68560356,-94.04127625,19049.0,1026.1842851486845,2.711157455683003,933,957,26,0,931,952,90180,2,0,0,2,5
2020-06-07,US,Iowa,Davis,28,0,0,40.74773536,-92.41005468,19051.0,311.1111111111111,0.0,28,28,0,0,28,28,9017,0,0,0,0,0
2020-06-07,US,Iowa,Decatur,2,0,0,40.73742757,-93.78645949,19053.0,25.41296060991105,0.0,2,2,0,0,2,1,7890,0,0,0,0,1
2020-06-07,US,Iowa,Delaware,19,1,0,42.47104597,-91.3664492,19055.0,111.69243430721298,5.2631578947368425,18,19,1,0,18,19,17069,0,0,0,0,0
2020-06-07,US,Iowa,Des Moines,70,2,0,40.92012606,-91.18326592,19057.0,179.63918187184024,2.8571428571428568,68,68,2,0,66,68,39138,2,0,0,2,0
2020-06-07,US,Iowa,Dickinson,51,0,0,43.37787725,-95.1510206,19059.0,295.5151234210221,0.0,51,41,0,0,41,35,17153,10,0,0,10,6
2020-06-07,US,Iowa,Dubuque,364,21,0,42.46815349,-90.88181925,19061.0,374.05843121538163,5.769230769230768,343,362,21,0,341,359,96854,2,0,0,2,3
2020-06-07,US,Iowa,Emmet,31,0,0,43.37782951,-94.67858943,19063.0,336.6637706342311,0.0,31,28,0,0,28,27,9253,3,0,0,3,1
2020-06-07,US,Iowa,Fayette,28,0,0,42.86271799,-91.84412309999999,19065.0,142.4936386768448,0.0,28,27,0,0,27,27,19660,1,0,0,1,0
2020-06-07,US,Iowa,Floyd,19,1,0,43.06000529999999,-92.78940097,19067.0,121.4678429868303,5.2631578947368425,18,19,1,0,18,19,15761,0,0,0,0,0
2020-06-07,US,Iowa,Franklin,30,0,0,42.73270384,-93.26256925,19069.0,297.91459781529295,0.0,30,25,0,0,25,20,10124,5,0,0,5,5
2020-06-07,US,Iowa,Fremont,4,0,0,40.74542720000001,-95.60129045,19071.0,57.4712643678161,0.0,4,4,0,0,4,4,6993,0,0,0,0,0
2020-06-07,US,Iowa,Greene,14,0,0,42.03614551,-94.39658081,19073.0,157.5157515751575,0.0,14,15,0,0,15,15,8981,-1,0,0,-1,0
2020-06-07,US,Iowa,Grundy,19,0,0,42.40183723,-92.78829551,19075.0,155.33028122956182,0.0,19,19,0,0,19,20,12304,0,0,0,0,-1
2020-06-07,US,Iowa,Guthrie,55,3,0,41.68378965,-94.50111014,19077.0,514.5476658246796,5.454545454545454,52,55,3,0,52,55,10720,0,0,0,0,0
2020-06-07,US,Iowa,Hamilton,83,0,0,42.38382428,-93.70197703,19079.0,561.8357814932649,0.0,83,81,0,0,81,76,14952,2,0,0,2,5
2020-06-07,US,Iowa,Hancock,22,0,0,43.08178477,-93.73454884,19081.0,206.96142991533398,0.0,22,18,0,0,18,18,10712,4,0,0,4,0
2020-06-07,US,Iowa,Hardin,32,0,0,42.38353877,-93.23654611,19083.0,189.95607265819783,0.0,32,30,0,0,30,24,16868,2,0,0,2,6
2020-06-07,US,Iowa,Harrison,26,0,0,41.68330137,-95.81558439,19085.0,185.06655277955727,0.0,26,26,0,0,26,26,14134,0,0,0,0,0
2020-06-07,US,Iowa,Henry,74,2,0,40.98767962,-91.54436349,19087.0,370.85296181216796,2.702702702702702,72,74,2,0,72,73,20067,0,0,0,0,1
2020-06-07,US,Iowa,Howard,12,0,0,43.35671042,-92.31702714,19089.0,131.03297663245252,0.0,12,12,0,0,12,12,9187,0,0,0,0,0
2020-06-07,US,Iowa,Humboldt,20,1,0,42.7764426,-94.20722537,19091.0,209.2487968194183,5.0,19,20,1,0,19,20,9547,0,0,0,0,0
2020-06-07,US,Iowa,Ida,15,0,0,42.38696136,-95.51355387,19093.0,218.65889212827992,0.0,15,15,0,0,15,15,6841,0,0,0,0,0
2020-06-07,US,Iowa,Iowa,33,0,0,41.68630265,-92.0643373,19095.0,203.90509144834405,0.0,33,33,0,0,33,34,16141,0,0,0,0,-1
2020-06-07,US,Iowa,Jackson,14,0,0,42.17178824,-90.57354837,19097.0,72.02016564638099,0.0,14,14,0,0,14,14,19432,0,0,0,0,0
2020-06-07,US,Iowa,Jasper,274,17,0,41.68576082,-93.05567785,19099.0,736.856259244319,6.204379562043796,257,269,17,0,252,269,37147,5,0,0,5,0
2020-06-07,US,Iowa,Jefferson,36,0,0,41.03192394,-91.94849466,19101.0,196.7750751571468,0.0,36,36,0,0,36,36,18381,0,0,0,0,0
2020-06-07,US,Iowa,Johnson,626,8,0,41.67169354,-91.58754744,19103.0,414.1855233558291,1.2779552715654952,618,624,8,0,616,619,151260,2,0,0,2,5
2020-06-07,US,Iowa,Jones,37,0,0,42.12118609,-91.13139641,19105.0,178.90817658720562,0.0,37,37,0,0,37,37,20744,0,0,0,0,0
2020-06-07,US,Iowa,Keokuk,15,0,0,41.33649833,-92.1785067,19107.0,146.3985945734921,0.0,15,15,0,0,15,14,10225,0,0,0,0,1
2020-06-07,US,Iowa,Kossuth,16,0,0,43.20405458,-94.20691791,19109.0,108.01323162087357,0.0,16,16,0,0,16,16,14908,0,0,0,0,0
2020-06-07,US,Iowa,Lee,31,0,0,40.64181461,-91.48183025,19111.0,92.10565409870159,0.0,31,30,0,0,30,29,34055,1,0,0,1,1
2020-06-07,US,Iowa,Linn,985,80,0,42.07923082,-91.59809485,19113.0,434.48342787575103,8.121827411167514,905,981,79,0,902,978,225909,4,1,0,3,3
2020-06-07,US,Iowa,Louisa,350,11,0,41.21842119,-91.26102611,19115.0,3171.7263253284996,3.1428571428571432,339,350,11,0,339,350,11169,0,0,0,0,0
2020-06-07,US,Iowa,Lucas,22,2,0,41.02958964,-93.32780803,19117.0,255.81395348837208,9.090909090909092,20,22,2,0,20,22,8645,0,0,0,0,0
2020-06-07,US,Iowa,Lyon,26,0,0,43.38107862,-96.20926845,19119.0,221.18247554232238,0.0,26,25,0,0,25,24,11811,1,0,0,1,1
2020-06-07,US,Iowa,Madison,29,2,0,41.33081904,-94.01554631,19121.0,177.50030603501042,6.896551724137932,27,29,2,0,27,29,16249,0,0,0,0,0
2020-06-07,US,Iowa,Mahaska,100,13,0,41.33521503,-92.64083907,19123.0,452.59108395564607,13.0,87,99,13,0,86,99,22000,1,0,0,1,0
2020-06-07,US,Iowa,Marion,35,0,0,41.33445101,-93.09934783,19125.0,105.25366132379034,0.0,35,35,0,0,35,35,33407,0,0,0,0,0
2020-06-07,US,Iowa,Marshall,924,18,0,42.03586837,-92.99908190000001,19127.0,2347.024308466052,1.9480519480519483,906,919,18,0,901,914,39981,5,0,0,5,5
2020-06-07,US,Iowa,Mills,20,0,0,41.03299766,-95.61920963,19129.0,132.37143424449005,0.0,20,20,0,0,20,20,15063,0,0,0,0,0
2020-06-07,US,Iowa,Mitchell,4,0,0,43.35638371,-92.78887719,19131.0,37.78575477045154,0.0,4,4,0,0,4,4,10569,0,0,0,0,0
2020-06-07,US,Iowa,Monona,27,0,0,42.05220391,-95.95743843,19133.0,313.40684852002323,0.0,27,27,0,0,27,26,8679,0,0,0,0,1
2020-06-07,US,Iowa,Monroe,43,6,0,41.02988815,-92.8690667,19135.0,557.9343454002855,13.953488372093025,37,43,6,0,37,41,7790,0,0,0,0,2
2020-06-07,US,Iowa,Montgomery,9,2,0,41.03018714,-95.15642896,19137.0,90.7532519915297,22.222222222222218,7,9,2,0,7,9,10003,0,0,0,0,0
2020-06-07,US,Iowa,Muscatine,566,41,0,41.48370744,-91.11216970000001,19139.0,1326.6454153384586,7.24381625441696,525,568,41,0,527,567,42929,-2,0,0,-2,1
2020-06-07,US,Iowa,O'Brien,50,0,0,43.08310673,-95.62474482,19141.0,363.55704209990546,0.0,50,46,0,0,46,40,13840,4,0,0,4,6
2020-06-07,US,Iowa,Osceola,38,0,0,43.37824276,-95.62422844,19143.0,637.7979187646863,0.0,38,37,0,0,37,36,6040,1,0,0,1,1
2020-06-07,US,Iowa,Page,16,0,0,40.7393172,-95.1497813,19145.0,105.9111670086715,0.0,16,16,0,0,16,14,15249,0,0,0,0,2
2020-06-07,US,Iowa,Palo Alto,7,0,0,43.08193849,-94.67824621,19147.0,78.77560207067297,0.0,7,7,0,0,7,7,8929,0,0,0,0,0
2020-06-07,US,Iowa,Plymouth,163,2,0,42.737633,-96.21366621,19149.0,647.4162926480518,1.2269938650306749,161,155,2,0,153,152,25095,8,0,0,8,3
2020-06-07,US,Iowa,Pocahontas,20,0,0,42.73420133,-94.67862564,19151.0,302.1604471974618,0.0,20,20,0,0,20,20,6740,0,0,0,0,0
2020-06-07,US,Iowa,Polk,4741,143,0,41.68679484,-93.57767461,19153.0,967.2332152088803,3.016241299303944,4598,4679,143,0,4536,4614,487204,62,0,0,62,65
2020-06-07,US,Iowa,Pottawattamie,343,10,0,41.33640314,-95.53907776,19155.0,368.0020599532219,2.915451895043732,333,341,10,0,331,319,93533,2,0,0,2,22
2020-06-07,US,Iowa,Poweshiek,93,8,0,41.68625425,-92.53155731,19157.0,502.5940337224384,8.602150537634408,85,92,8,0,84,92,18699,1,0,0,1,0
2020-06-07,US,Iowa,Ringgold,4,0,0,40.73518949,-94.24368535,19159.0,81.73273395995095,0.0,4,4,0,0,4,4,4968,0,0,0,0,0
2020-06-07,US,Iowa,Sac,30,0,0,42.38624071,-95.10547892,19161.0,308.61022528546454,0.0,30,30,0,0,30,28,9719,0,0,0,0,2
2020-06-07,US,Iowa,Scott,387,10,0,41.63935978,-90.61959493,19163.0,223.77315069126823,2.5839793281653747,377,384,10,0,374,385,173283,3,0,0,3,-1
2020-06-07,US,Iowa,Shelby,38,0,0,41.6850066,-95.31015553,19165.0,331.7618299284092,0.0,38,38,0,0,38,37,11578,0,0,0,0,1
2020-06-07,US,Iowa,Sioux,319,0,0,43.08221074,-96.17675679999999,19167.0,915.2201979629897,0.0,319,311,0,0,311,306,34909,8,0,0,8,5
2020-06-07,US,Iowa,Story,149,1,0,42.03621213,-93.46499005,19169.0,153.42319058455266,0.6711409395973155,148,143,1,0,142,131,98105,6,0,0,6,12
2020-06-07,US,Iowa,Tama,415,29,0,42.07991767,-92.53266945,19171.0,2462.323484039397,6.987951807228916,386,413,29,0,384,411,16904,2,0,0,2,2
2020-06-07,US,Iowa,Taylor,67,0,0,40.73710579,-94.69778563,19173.0,1094.5923868648913,0.0,67,66,0,0,66,66,6191,1,0,0,1,0
2020-06-07,US,Iowa,Unassigned,4,0,0,0.0,0.0,90019.0,0.0,0.0,4,9,0,0,9,2,,-5,0,0,-5,7
2020-06-07,US,Iowa,Union,11,0,0,41.0277278,-94.24234847,19175.0,89.86193938403727,0.0,11,10,0,0,10,10,12359,1,0,0,1,0
2020-06-07,US,Iowa,Van Buren,10,0,0,40.75326764,-91.95017958,19177.0,141.96479273140258,0.0,10,9,0,0,9,9,7020,1,0,0,1,0
2020-06-07,US,Iowa,Wapello,643,18,0,41.03064984,-92.40954728,19179.0,1838.7714833137925,2.7993779160186625,625,641,16,0,625,636,35205,2,2,0,0,5
2020-06-07,US,Iowa,Warren,174,1,0,41.33559454,-93.56007641,19181.0,338.087280923328,0.5747126436781609,173,173,1,0,172,167,51056,1,0,0,1,6
2020-06-07,US,Iowa,Washington,200,9,0,41.33577126,-91.71725711,19183.0,910.5394946505804,4.5,191,199,8,0,191,196,22141,1,1,0,0,3
2020-06-07,US,Iowa,Wayne,2,0,0,40.73969028,-93.32752197,19185.0,31.051079024996124,0.0,2,2,0,0,2,1,6401,0,0,0,0,1
2020-06-07,US,Iowa,Webster,81,1,0,42.42853483,-94.17987389,19187.0,225.6016042780749,1.2345679012345678,80,78,1,0,77,74,36277,3,0,0,3,4
2020-06-07,US,Iowa,Winnebago,11,0,0,43.37751174,-93.73407298,19189.0,106.23913463395789,0.0,11,11,0,0,11,11,10518,0,0,0,0,0
2020-06-07,US,Iowa,Winneshiek,24,0,0,43.29094334,-91.84422722,19191.0,120.05402431093992,0.0,24,24,0,0,24,24,20029,0,0,0,0,0
2020-06-07,US,Iowa,Woodbury,2915,37,0,42.38979414,-96.0459439,19193.0,2827.1601346174357,1.269296740994854,2878,2900,37,0,2863,2861,102539,15,0,0,15,39
2020-06-07,US,Iowa,Worth,3,0,0,43.37750768,-93.26087602,19195.0,40.64489906516732,0.0,3,3,0,0,3,3,7453,0,0,0,0,0
2020-06-07,US,Iowa,Wright,242,0,0,42.73305373,-93.73515113,19197.0,1926.4448336252192,0.0,242,235,0,0,235,221,12690,7,0,0,7,14
2020-06-07,US,Kansas,Allen,1,0,0,37.88582951,-95.30030847,20001.0,8.084727948904519,0.0,1,1,0,0,1,1,12444,0,0,0,0,0
2020-06-07,US,Kansas,Anderson,1,0,0,38.21413251,-95.29272815,20003.0,12.725884448969204,0.0,1,1,0,0,1,1,7878,0,0,0,0,0
2020-06-07,US,Kansas,Atchison,23,0,0,39.53185661,-95.30870026,20005.0,143.09711939277045,0.0,23,23,0,0,23,23,16193,0,0,0,0,0
2020-06-07,US,Kansas,Barber,1,0,0,37.2288586,-98.68460053,20007.0,22.588660492432798,0.0,1,1,0,0,1,1,4472,0,0,0,0,0
2020-06-07,US,Kansas,Barton,45,2,0,38.47889676,-98.75636726,20009.0,174.56068893285232,4.4444444444444455,43,44,2,0,42,44,26111,1,0,0,1,0
2020-06-07,US,Kansas,Bourbon,8,1,0,37.85508555,-94.84865997,20011.0,55.04334663547544,12.5,7,8,1,0,7,8,14653,0,0,0,0,0
2020-06-07,US,Kansas,Brown,9,0,0,39.82652589,-95.56421698,20013.0,94.10288582183188,0.0,9,7,0,0,7,7,9598,2,0,0,2,0
2020-06-07,US,Kansas,Butler,37,0,0,37.78134351,-96.83878537,20015.0,55.2973352662492,0.0,37,37,0,0,37,37,66765,0,0,0,0,0
2020-06-07,US,Kansas,Chase,4,0,0,38.30292938,-96.59563862,20017.0,151.0574018126888,0.0,4,4,0,0,4,4,2629,0,0,0,0,0
2020-06-07,US,Kansas,Chautauqua,4,0,0,37.14994405,-96.2454192,20019.0,123.07692307692308,0.0,4,4,0,0,4,4,3309,0,0,0,0,0
2020-06-07,US,Kansas,Cherokee,10,0,0,37.16928494,-94.8462897,20021.0,50.15296654797132,0.0,10,10,0,0,10,10,20015,0,0,0,0,0
2020-06-07,US,Kansas,Cheyenne,2,0,0,39.78580976,-101.7318201,20023.0,75.27286413248024,0.0,2,2,0,0,2,2,2660,0,0,0,0,0
2020-06-07,US,Kansas,Clark,33,1,0,37.23577007,-99.81883015,20025.0,1654.964894684052,3.0303030303030303,32,33,1,0,32,33,2005,0,0,0,0,0
2020-06-07,US,Kansas,Clay,5,2,0,39.34948772,-97.16518128,20027.0,62.48437890527367,40.0,3,5,2,0,3,5,7997,0,0,0,0,0
2020-06-07,US,Kansas,Cloud,5,0,0,39.48028352,-97.64925343,20029.0,56.908718415661276,0.0,5,5,0,0,5,5,8729,0,0,0,0,0
2020-06-07,US,Kansas,Coffey,51,8,0,38.2365018,-95.73379515,20031.0,623.5481110160166,15.68627450980392,43,51,8,0,43,51,8233,0,0,0,0,0
2020-06-07,US,Kansas,Comanche,2,0,0,37.19114520000001,-99.27113247,20033.0,117.64705882352942,0.0,2,2,0,0,2,2,1748,0,0,0,0,0
2020-06-07,US,Kansas,Cowley,25,1,0,37.23781842,-96.83776647,20035.0,71.6168213590008,4.0,24,17,1,0,16,17,35218,8,0,0,8,0
2020-06-07,US,Kansas,Crawford,8,1,0,37.50675523,-94.85245778,20037.0,20.608995826678342,12.5,7,8,1,0,7,8,39019,0,0,0,0,0
2020-06-07,US,Kansas,Dickinson,5,0,0,38.86600962,-97.15532383,20041.0,27.07678977580418,0.0,5,5,0,0,5,5,18717,0,0,0,0,0
2020-06-07,US,Kansas,Doniphan,18,0,0,39.79067154,-95.14056866,20043.0,236.84210526315792,0.0,18,18,0,0,18,18,7682,0,0,0,0,0
2020-06-07,US,Kansas,Douglas,70,0,0,38.88503636,-95.2925121,20045.0,57.255498572702216,0.0,70,70,0,0,70,69,121436,0,0,0,0,1
2020-06-07,US,Kansas,Edwards,5,0,0,37.88735543,-99.31263309,20047.0,178.69907076483204,0.0,5,5,0,0,5,5,2849,0,0,0,0,0
2020-06-07,US,Kansas,Ellis,10,0,0,38.91458712,-99.31751551,20051.0,35.02258957027283,0.0,10,10,0,0,10,10,28710,0,0,0,0,0
2020-06-07,US,Kansas,Ellsworth,2,0,0,38.69677695,-98.20462799,20053.0,32.77613897082924,0.0,2,2,0,0,2,2,6196,0,0,0,0,0
2020-06-07,US,Kansas,Finney,1526,10,0,38.04340344,-100.73819379999999,20055.0,4184.605259549729,0.6553079947575361,1516,1526,10,0,1516,1526,36611,0,0,0,0,0
2020-06-07,US,Kansas,Ford,1819,8,0,37.69200114,-99.88825298,20057.0,5410.630893244891,0.439802089059923,1811,1819,8,0,1811,1813,33888,0,0,0,0,6
2020-06-07,US,Kansas,Franklin,35,0,0,38.56443815,-95.28644341,20059.0,137.018477920451,0.0,35,35,0,0,35,35,25631,0,0,0,0,0
2020-06-07,US,Kansas,Geary,26,1,0,38.99871131,-96.7577178,20061.0,82.09662140827281,3.8461538461538463,25,26,1,0,25,26,32594,0,0,0,0,0
2020-06-07,US,Kansas,Gove,1,0,0,38.91588178,-100.4829321,20063.0,37.93626707132018,0.0,1,1,0,0,1,1,2612,0,0,0,0,0
2020-06-07,US,Kansas,Grant,18,1,0,37.56227336,-101.3079758,20067.0,251.74825174825176,5.5555555555555545,17,18,1,0,17,18,7336,0,0,0,0,0
2020-06-07,US,Kansas,Gray,23,0,0,37.73836671,-100.4369088,20069.0,384.1015364061456,0.0,23,23,0,0,23,23,6033,0,0,0,0,0
2020-06-07,US,Kansas,Greenwood,9,0,0,37.8774388,-96.23250453,20073.0,150.45135406218657,0.0,9,9,0,0,9,9,6055,0,0,0,0,0
2020-06-07,US,Kansas,Hamilton,20,0,0,37.99978709,-101.7921066,20075.0,787.7116975187082,0.0,20,20,0,0,20,20,2607,0,0,0,0,0
2020-06-07,US,Kansas,Harper,2,0,0,37.19175361,-98.07578384,20077.0,36.79175864606328,0.0,2,2,0,0,2,2,5506,0,0,0,0,0
2020-06-07,US,Kansas,Harvey,11,0,0,38.04293782,-97.42747573,20079.0,31.949809753405557,0.0,11,11,0,0,11,11,34210,0,0,0,0,0
2020-06-07,US,Kansas,Haskell,22,0,0,37.562039399999996,-100.8710738,20081.0,554.4354838709677,0.0,22,22,0,0,22,22,3997,0,0,0,0,0
2020-06-07,US,Kansas,Hodgeman,5,0,0,38.08780079,-99.89829881,20083.0,278.70680044593087,0.0,5,5,0,0,5,5,1818,0,0,0,0,0
2020-06-07,US,Kansas,Jackson,102,1,0,39.41673394,-95.79356799,20085.0,774.4286690456305,0.9803921568627452,101,102,1,0,101,103,13280,0,0,0,0,-1
2020-06-07,US,Kansas,Jefferson,22,0,0,39.2347941,-95.38289232,20087.0,115.52801554376936,0.0,22,22,0,0,22,22,18975,0,0,0,0,0
2020-06-07,US,Kansas,Jewell,4,0,0,39.78470589,-98.21820662,20089.0,138.9371309482459,0.0,4,4,0,0,4,4,2841,0,0,0,0,0
2020-06-07,US,Kansas,Johnson,940,69,0,38.88548175,-94.82250877,20091.0,156.04223764568783,7.340425531914892,871,931,69,0,862,910,597555,9,0,0,9,21
2020-06-07,US,Kansas,Kearny,45,1,0,38.00017981,-101.32168100000001,20093.0,1172.4856696195934,2.2222222222222223,44,45,1,0,44,45,3943,0,0,0,0,0
2020-06-07,US,Kansas,Kiowa,3,0,0,37.55848695,-99.2856537,20097.0,121.21212121212122,0.0,3,3,0,0,3,3,2516,0,0,0,0,0
2020-06-07,US,Kansas,Labette,22,0,0,37.19113093,-95.29849679,20099.0,112.141910490366,0.0,22,22,0,0,22,22,19964,0,0,0,0,0
2020-06-07,US,Kansas,Lane,4,0,0,38.48119447,-100.46607540000001,20101.0,260.58631921824104,0.0,4,4,0,0,4,4,1560,0,0,0,0,0
2020-06-07,US,Kansas,Leavenworth,1100,7,0,39.20183497,-95.03620809,20103.0,1345.434085961007,0.6363636363636364,1093,1100,7,0,1093,1100,81352,0,0,0,0,0
2020-06-07,US,Kansas,Linn,11,0,0,38.21267844,-94.84254089,20107.0,113.36699989693909,0.0,11,11,0,0,11,11,9750,0,0,0,0,0
2020-06-07,US,Kansas,Lyon,387,6,0,38.45576156,-96.15275715,20111.0,1165.838228648893,1.5503875968992251,381,387,6,0,381,387,33406,0,0,0,0,0
2020-06-07,US,Kansas,Marion,5,1,0,38.35855394,-97.09852509999999,20115.0,42.07337596768765,20.0,4,5,1,0,4,5,11950,0,0,0,0,0
2020-06-07,US,Kansas,McPherson,33,0,0,38.39184858,-97.64769869,20113.0,115.61908766029009,0.0,33,33,0,0,33,30,28537,0,0,0,0,3
2020-06-07,US,Kansas,Meade,30,0,0,37.23859987,-100.36483100000001,20119.0,743.86312918423,0.0,30,30,0,0,30,30,4146,0,0,0,0,0
2020-06-07,US,Kansas,Miami,7,0,0,38.56383358,-94.83832189,20121.0,20.445716622367613,0.0,7,7,0,0,7,7,33680,0,0,0,0,0
2020-06-07,US,Kansas,Mitchell,4,0,0,39.39331582,-98.20906732,20123.0,66.9008195350393,0.0,4,4,0,0,4,4,6150,0,0,0,0,0
2020-06-07,US,Kansas,Montgomery,20,2,0,37.19236568,-95.74329258,20125.0,62.835778692387436,10.0,18,20,2,0,18,20,32120,0,0,0,0,0
2020-06-07,US,Kansas,Morris,5,0,0,38.68827511,-96.65128437,20127.0,88.96797153024912,0.0,5,5,0,0,5,5,5521,0,0,0,0,0
2020-06-07,US,Kansas,Morton,6,1,0,37.19141121,-101.79925190000002,20129.0,231.92887514495555,16.666666666666668,5,6,1,0,5,6,2667,0,0,0,0,0
2020-06-07,US,Kansas,Nemaha,19,0,0,39.78345387,-96.01392079,20131.0,185.7100967647346,0.0,19,19,0,0,19,19,10155,0,0,0,0,0
2020-06-07,US,Kansas,Neosho,3,0,0,37.55862897,-95.30670046,20133.0,18.741800462297746,0.0,3,2,0,0,2,2,15951,1,0,0,1,0
2020-06-07,US,Kansas,Ness,4,0,0,38.47974157,-99.91547333,20135.0,145.45454545454547,0.0,4,4,0,0,4,4,2840,0,0,0,0,0
2020-06-07,US,Kansas,Norton,2,0,0,39.78443827,-99.90286639,20137.0,37.30647267300878,0.0,2,2,0,0,2,2,5430,0,0,0,0,0
2020-06-07,US,Kansas,Osage,9,0,0,38.65235984,-95.72707998,20139.0,56.42987021129851,0.0,9,9,0,0,9,9,15941,0,0,0,0,0
2020-06-07,US,Kansas,Osborne,2,0,0,39.3503437,-98.76753828,20141.0,58.46243788365975,0.0,2,2,0,0,2,2,3475,0,0,0,0,0
2020-06-07,US,Kansas,Ottawa,4,0,0,39.13237408,-97.65020313,20143.0,70.12622720897616,0.0,4,4,0,0,4,4,5802,0,0,0,0,0
2020-06-07,US,Kansas,Pawnee,2,0,0,38.18108732,-99.23692334,20145.0,31.181789834736513,0.0,2,2,0,0,2,2,6562,0,0,0,0,0
2020-06-07,US,Kansas,Phillips,2,0,0,39.78465501,-99.34668865,20147.0,38.211692777990066,0.0,2,2,0,0,2,2,5317,0,0,0,0,0
2020-06-07,US,Kansas,Pottawatomie,27,0,0,39.37925655,-96.34564657,20149.0,110.73288766763727,0.0,27,27,0,0,27,27,24277,0,0,0,0,0
2020-06-07,US,Kansas,Pratt,2,0,0,37.64780729,-98.73922153,20151.0,21.824530772588393,0.0,2,2,0,0,2,2,9378,0,0,0,0,0
2020-06-07,US,Kansas,Reno,45,0,0,37.95230263,-98.08607292,20155.0,72.58298654795315,0.0,45,45,0,0,45,45,62342,0,0,0,0,0
2020-06-07,US,Kansas,Republic,4,0,0,39.82799632,-97.65036709,20157.0,86.28127696289906,0.0,4,4,0,0,4,4,4664,0,0,0,0,0
2020-06-07,US,Kansas,Rice,4,0,0,38.34616184,-98.19992118,20159.0,41.94191045402118,0.0,4,4,0,0,4,4,9531,0,0,0,0,0
2020-06-07,US,Kansas,Riley,68,1,0,39.28935726,-96.73420026,20161.0,91.60469878219635,1.4705882352941178,67,68,1,0,67,68,73703,0,0,0,0,0
2020-06-07,US,Kansas,Rooks,7,0,0,39.35022773,-99.32484567,20163.0,142.27642276422762,0.0,7,7,0,0,7,7,5013,0,0,0,0,0
2020-06-07,US,Kansas,Saline,25,2,0,38.78369175,-97.65185177,20169.0,46.10504573620537,8.0,23,25,2,0,23,25,54401,0,0,0,0,0
2020-06-07,US,Kansas,Scott,14,0,0,38.48222076,-100.90665390000001,20171.0,290.2757619738752,0.0,14,14,0,0,14,14,4897,0,0,0,0,0
2020-06-07,US,Kansas,Sedgwick,654,21,0,37.6842718,-97.4608198,20173.0,126.73387049891286,3.2110091743119265,633,640,21,0,619,635,513607,14,0,0,14,5
2020-06-07,US,Kansas,Seward,891,2,0,37.19324632,-100.85072009999999,20175.0,4158.110882956878,0.2244668911335578,889,891,2,0,889,891,21780,0,0,0,0,0
2020-06-07,US,Kansas,Shawnee,372,7,0,39.04100763,-95.75572640000001,20177.0,210.31802120141342,1.8817204301075268,365,372,7,0,365,367,177499,0,0,0,0,5
2020-06-07,US,Kansas,Sheridan,2,0,0,39.35018161,-100.44182590000001,20179.0,79.33359777865927,0.0,2,2,0,0,2,2,2533,0,0,0,0,0
2020-06-07,US,Kansas,Sherman,7,0,0,39.35147699,-101.71976240000001,20181.0,118.30319418624303,0.0,7,7,0,0,7,7,5899,0,0,0,0,0
2020-06-07,US,Kansas,Smith,2,0,0,39.78516566,-98.78566062,20183.0,55.81914596706671,0.0,2,2,0,0,2,2,3603,0,0,0,0,0
2020-06-07,US,Kansas,Stafford,1,0,0,38.03100851,-98.71762001,20185.0,24.06159769008662,0.0,1,1,0,0,1,1,4178,0,0,0,0,0
2020-06-07,US,Kansas,Stanton,10,0,0,37.56304714,-101.78435340000001,20187.0,498.5044865403789,0.0,10,10,0,0,10,10,1987,0,0,0,0,0
2020-06-07,US,Kansas,Stevens,30,0,0,37.1923008,-101.3118967,20189.0,546.9462169553327,0.0,30,30,0,0,30,30,5559,0,0,0,0,0
2020-06-07,US,Kansas,Sumner,8,1,0,37.23682549,-97.47721621,20191.0,35.032404974601505,12.5,7,8,1,0,7,8,22996,0,0,0,0,0
2020-06-07,US,Kansas,Trego,1,0,0,38.91467218,-99.87284448,20195.0,35.676061362825536,0.0,1,1,0,0,1,1,2793,0,0,0,0,0
2020-06-07,US,Kansas,Wabaunsee,31,0,0,38.95471985,-96.20350509,20197.0,447.2659067955562,0.0,31,31,0,0,31,31,6899,0,0,0,0,0
2020-06-07,US,Kansas,Wilson,1,0,0,37.55937174,-95.74323255,20205.0,11.730205278592374,0.0,1,1,0,0,1,1,8665,0,0,0,0,0
2020-06-07,US,Kansas,Woodson,6,0,0,37.8865336,-95.74006277,20207.0,191.20458891013385,0.0,6,6,0,0,6,6,3183,0,0,0,0,0
2020-06-07,US,Kansas,Wyandotte,1496,75,0,39.11727348,-94.76378225,20209.0,904.3154465057518,5.01336898395722,1421,1486,75,0,1411,1471,165324,10,0,0,10,15
2020-06-07,US,Kentucky,Adair,99,19,0,37.10459774,-85.28129668,21001.0,515.5712946568067,19.19191919191919,80,99,19,0,80,98,19215,0,0,0,0,1
2020-06-07,US,Kentucky,Allen,102,3,0,36.75197631,-86.19457544,21003.0,478.5362420830402,2.9411764705882355,99,102,3,0,99,102,21122,0,0,0,0,0
2020-06-07,US,Kentucky,Anderson,25,1,0,38.00671029,-84.99171713,21005.0,109.90460280476546,4.0,24,25,1,0,24,22,22663,0,0,0,0,3
2020-06-07,US,Kentucky,Ballard,13,0,0,37.05842757,-88.99427697,21007.0,164.80730223123732,0.0,13,13,0,0,13,12,7979,0,0,0,0,1
2020-06-07,US,Kentucky,Barren,53,1,0,36.96469836,-85.93338945,21009.0,119.77671811792356,1.8867924528301887,52,53,1,0,52,53,44176,0,0,0,0,0
2020-06-07,US,Kentucky,Bath,9,1,0,38.14735938,-83.74588932,21011.0,72.0,11.111111111111109,8,9,1,0,8,9,12383,0,0,0,0,0
2020-06-07,US,Kentucky,Bell,2,0,0,36.73355174,-83.67766671,21013.0,7.682851874615857,0.0,2,2,0,0,2,2,26569,0,0,0,0,0
2020-06-07,US,Kentucky,Boone,516,18,0,38.97065142,-84.72615357,21015.0,386.282480292856,3.4883720930232562,498,516,18,0,498,508,131533,0,0,0,0,8
2020-06-07,US,Kentucky,Bourbon,14,1,0,38.2054607,-84.21827874,21017.0,70.74994946432182,7.142857142857142,13,14,1,0,13,12,20184,0,0,0,0,2
2020-06-07,US,Kentucky,Boyd,42,3,0,38.36176608,-82.68652187,21019.0,89.90110878034163,7.142857142857142,39,42,3,0,39,42,47240,0,0,0,0,0
2020-06-07,US,Kentucky,Boyle,28,0,0,37.62680923,-84.8633779,21021.0,93.14703925482368,0.0,28,28,0,0,28,28,30100,0,0,0,0,0
2020-06-07,US,Kentucky,Bracken,14,0,0,38.69158994,-84.08532444,21023.0,168.61375406479587,0.0,14,14,0,0,14,14,8239,0,0,0,0,0
2020-06-07,US,Kentucky,Breathitt,3,0,0,37.52333168,-83.31959161,21025.0,23.752969121140147,0.0,3,3,0,0,3,3,12726,0,0,0,0,0
2020-06-07,US,Kentucky,Breckinridge,19,2,0,37.77377239,-86.42885017,21027.0,92.78702935000244,10.526315789473683,17,19,2,0,17,19,20388,0,0,0,0,0
2020-06-07,US,Kentucky,Bullitt,121,4,0,37.97162523,-85.68955617,21029.0,148.14633429648856,3.3057851239669422,117,121,4,0,117,119,81069,0,0,0,0,2
2020-06-07,US,Kentucky,Butler,237,13,0,37.20946153,-86.68748787,21031.0,1840.204984859073,5.485232067510547,224,237,13,0,224,236,12772,0,0,0,0,1
2020-06-07,US,Kentucky,Caldwell,12,0,0,37.14749129,-87.86948214,21033.0,94.13979759943516,0.0,12,12,0,0,12,12,12715,0,0,0,0,0
2020-06-07,US,Kentucky,Calloway,55,1,0,36.62093411,-88.2731593,21035.0,141.0220250762801,1.818181818181818,54,55,1,0,54,54,39135,0,0,0,0,1
2020-06-07,US,Kentucky,Campbell,196,12,0,38.94384345,-84.37875208,21037.0,209.43751068558728,6.1224489795918355,184,196,12,0,184,194,93152,0,0,0,0,2
2020-06-07,US,Kentucky,Carlisle,5,1,0,36.85372876,-88.96692220000001,21039.0,105.04201680672269,20.0,4,5,1,0,4,5,4771,0,0,0,0,0
2020-06-07,US,Kentucky,Carroll,15,0,0,38.66599534,-85.12601074,21041.0,141.09679239958612,0.0,15,15,0,0,15,15,10737,0,0,0,0,0
2020-06-07,US,Kentucky,Carter,17,0,0,38.31690743,-83.05092385,21043.0,63.4399373064149,0.0,17,17,0,0,17,14,27004,0,0,0,0,3
2020-06-07,US,Kentucky,Casey,8,0,0,37.32533118,-84.92726209,21045.0,49.50801410978402,0.0,8,8,0,0,8,8,15888,0,0,0,0,0
2020-06-07,US,Kentucky,Christian,127,3,0,36.89267803,-87.49055367,21047.0,180.2415520642625,2.3622047244094486,124,127,3,0,124,123,71671,0,0,0,0,4
2020-06-07,US,Kentucky,Clark,58,0,0,37.9689263,-84.14615986,21049.0,159.94264125968618,0.0,58,58,0,0,58,58,36249,0,0,0,0,0
2020-06-07,US,Kentucky,Clay,8,2,0,37.16451126,-83.712575,21051.0,40.198984975629365,25.0,6,8,2,0,6,8,20105,0,0,0,0,0
2020-06-07,US,Kentucky,Clinton,5,0,0,36.72581156,-85.13377529,21053.0,48.933255040125275,0.0,5,5,0,0,5,5,10206,0,0,0,0,0
2020-06-07,US,Kentucky,Crittenden,7,1,0,37.35839237,-88.08826090000002,21055.0,79.4912559618442,14.285714285714285,6,7,1,0,6,7,8915,0,0,0,0,0
2020-06-07,US,Kentucky,Cumberland,5,0,0,36.78926125,-85.39050034,21057.0,75.59721802237678,0.0,5,5,0,0,5,5,6659,0,0,0,0,0
2020-06-07,US,Kentucky,Daviess,340,7,0,37.73028906,-87.09019479999998,21059.0,334.9390706425905,2.0588235294117645,333,340,7,0,333,339,101104,0,0,0,0,1
2020-06-07,US,Kentucky,Edmonson,58,11,0,37.21218923,-86.23955613,21061.0,477.36625514403295,18.96551724137931,47,58,11,0,47,58,12274,0,0,0,0,0
2020-06-07,US,Kentucky,Elliott,1,0,0,38.11624059,-83.09771563,21063.0,13.303179459890915,0.0,1,1,0,0,1,1,7508,0,0,0,0,0
2020-06-07,US,Kentucky,Estill,1,0,0,37.69241417,-83.95956369,21065.0,7.089181908407768,0.0,1,1,0,0,1,1,14198,0,0,0,0,0
2020-06-07,US,Kentucky,Fayette,854,14,0,38.0368225,-84.45576892,21067.0,264.2719215725108,1.639344262295082,840,854,14,0,840,840,323780,0,0,0,0,14
2020-06-07,US,Kentucky,Fleming,2,0,0,38.36758311,-83.69657514,21069.0,13.716480351141893,0.0,2,2,0,0,2,2,14432,0,0,0,0,0
2020-06-07,US,Kentucky,Floyd,17,0,0,37.56213922,-82.74750924,21071.0,47.767568630756685,0.0,17,17,0,0,17,17,35845,0,0,0,0,0
2020-06-07,US,Kentucky,Franklin,77,2,0,38.2379395,-84.87962551,21073.0,151.00704045812006,2.5974025974025974,75,77,2,0,75,73,50815,0,0,0,0,4
2020-06-07,US,Kentucky,Fulton,11,0,0,36.55238827,-89.20140068,21075.0,184.28547495392866,0.0,11,11,0,0,11,10,6120,0,0,0,0,1
2020-06-07,US,Kentucky,Gallatin,46,5,0,38.75398691,-84.8558382,21077.0,518.6605028751832,10.869565217391305,41,46,5,0,41,46,8832,0,0,0,0,0
2020-06-07,US,Kentucky,Garrard,5,0,0,37.638866799999995,-84.53289319,21079.0,28.302954828484093,0.0,5,5,0,0,5,5,17560,0,0,0,0,0
2020-06-07,US,Kentucky,Grant,47,4,0,38.64962758,-84.62415957,21081.0,187.48254816705887,8.51063829787234,43,47,4,0,43,47,25121,0,0,0,0,0
2020-06-07,US,Kentucky,Graves,166,20,0,36.72292505,-88.65143315,21083.0,445.4462512746203,12.048192771084338,146,166,20,0,146,166,37317,0,0,0,0,0
2020-06-07,US,Kentucky,Grayson,135,10,0,37.46231118,-86.34248968,21085.0,510.8411851515496,7.407407407407407,125,135,10,0,125,134,26321,0,0,0,0,1
2020-06-07,US,Kentucky,Green,2,0,0,37.26484328,-85.5540745,21087.0,18.279864729001005,0.0,2,2,0,0,2,2,11049,0,0,0,0,0
2020-06-07,US,Kentucky,Greenup,14,0,0,38.54332505,-82.9215658,21089.0,39.88831272437176,0.0,14,14,0,0,14,14,35268,0,0,0,0,0
2020-06-07,US,Kentucky,Hancock,7,0,0,37.83766422,-86.78280584,21091.0,80.25682182985555,0.0,7,7,0,0,7,7,8758,0,0,0,0,0
2020-06-07,US,Kentucky,Hardin,120,2,0,37.6976111,-85.96319251,21093.0,108.14902936246149,1.6666666666666667,118,120,2,0,118,119,110356,0,0,0,0,1
2020-06-07,US,Kentucky,Harlan,4,0,0,36.85699301,-83.21899516,21095.0,15.378700499807767,0.0,4,4,0,0,4,4,26409,0,0,0,0,0
2020-06-07,US,Kentucky,Harrison,28,0,0,38.44188174,-84.32869741,21097.0,148.25796886582654,0.0,28,28,0,0,28,28,18778,0,0,0,0,0
2020-06-07,US,Kentucky,Hart,27,0,0,37.29943898,-85.88461055,21099.0,141.8439716312057,0.0,27,27,0,0,27,24,18906,0,0,0,0,3
2020-06-07,US,Kentucky,Henderson,119,3,0,37.79344553,-87.57392021,21101.0,263.21610263216104,2.5210084033613445,116,119,3,0,116,118,45591,0,0,0,0,1
2020-06-07,US,Kentucky,Henry,24,0,0,38.44942688,-85.11587507,21103.0,148.82797966017608,0.0,24,24,0,0,24,23,16106,0,0,0,0,1
2020-06-07,US,Kentucky,Hickman,5,0,0,36.67948079999999,-88.97875928,21105.0,114.15525114155253,0.0,5,5,0,0,5,5,4421,0,0,0,0,0
2020-06-07,US,Kentucky,Hopkins,224,31,0,37.30939025,-87.54670406,21107.0,501.27556729176916,13.839285714285715,193,224,31,0,193,224,45068,0,0,0,0,0
2020-06-07,US,Kentucky,Jackson,61,13,0,37.41866422,-83.99825483,21109.0,457.6487358391477,21.311475409836067,48,61,13,0,48,61,13442,0,0,0,0,0
2020-06-07,US,Kentucky,Jefferson,3043,169,0,38.18664655,-85.65931031,21111.0,396.86628227717523,5.553729871837003,2874,3043,169,0,2874,2843,770517,0,0,0,0,200
2020-06-07,US,Kentucky,Jessamine,73,0,0,37.87119786,-84.58252003,21113.0,134.89790261480178,0.0,73,73,0,0,73,69,53920,0,0,0,0,4
2020-06-07,US,Kentucky,Johnson,5,0,0,37.85106355,-82.8264322,21115.0,22.534703443302693,0.0,5,5,0,0,5,5,22386,0,0,0,0,0
2020-06-07,US,Kentucky,Kenton,671,35,0,38.93950319,-84.53241199,21117.0,401.80121917627764,5.216095380029807,636,671,35,0,636,663,166051,0,0,0,0,8
2020-06-07,US,Kentucky,Knott,4,0,0,37.35388197,-82.94981134,21119.0,27.016074564365802,0.0,4,4,0,0,4,4,15126,0,0,0,0,0
2020-06-07,US,Kentucky,Knox,10,0,0,36.89225732,-83.85403396,21121.0,32.10788248515011,0.0,10,10,0,0,10,10,31304,0,0,0,0,0
2020-06-07,US,Kentucky,Larue,11,0,0,37.54567114,-85.70138352,21123.0,76.3994999305459,0.0,11,11,0,0,11,9,14307,0,0,0,0,2
2020-06-07,US,Kentucky,Laurel,21,2,0,37.10975748,-84.11321779,21125.0,34.532090178086925,9.523809523809524,19,21,2,0,19,21,60669,0,0,0,0,0
2020-06-07,US,Kentucky,Lawrence,5,0,0,38.07136018,-82.72882223,21127.0,32.64346804204479,0.0,5,5,0,0,5,5,15571,0,0,0,0,0
2020-06-07,US,Kentucky,Lee,1,0,0,37.59645942,-83.71513901,21129.0,13.508037282182901,0.0,1,1,0,0,1,1,7033,0,0,0,0,0
2020-06-07,US,Kentucky,Leslie,6,0,0,37.09246661,-83.37999606,21131.0,60.74719044244203,0.0,6,6,0,0,6,6,10143,0,0,0,0,0
2020-06-07,US,Kentucky,Letcher,3,0,0,37.12306748,-82.85346474,21133.0,13.919175984781699,0.0,3,3,0,0,3,3,21899,0,0,0,0,0
2020-06-07,US,Kentucky,Lewis,7,0,0,38.53184419,-83.37735618,21135.0,52.730696798493405,0.0,7,7,0,0,7,7,13257,0,0,0,0,0
2020-06-07,US,Kentucky,Lincoln,11,1,0,37.45475628,-84.6565327,21137.0,44.80834249867612,9.090909090909092,10,11,1,0,10,11,24644,0,0,0,0,0
2020-06-07,US,Kentucky,Livingston,9,0,0,37.21137452,-88.34797529,21139.0,97.88992821405265,0.0,9,9,0,0,9,9,9242,0,0,0,0,0
2020-06-07,US,Kentucky,Logan,168,5,0,36.85949479,-86.877635,21141.0,619.8804516271863,2.9761904761904763,163,168,5,0,163,164,26989,0,0,0,0,4
2020-06-07,US,Kentucky,Lyon,17,3,0,37.02080035,-88.07886257,21143.0,207.06455542021928,17.647058823529417,14,17,3,0,14,15,8009,0,0,0,0,2
2020-06-07,US,Kentucky,Madison,59,1,0,37.71659336,-84.27220275,21151.0,63.44972953208513,1.6949152542372878,58,59,1,0,58,57,92368,0,0,0,0,2
2020-06-07,US,Kentucky,Magoffin,2,0,0,37.70820545,-83.0657714,21153.0,16.446015952635474,0.0,2,2,0,0,2,2,12362,0,0,0,0,0
2020-06-07,US,Kentucky,Marion,34,0,0,37.55218078,-85.26898542,21155.0,176.41259793493492,0.0,34,34,0,0,34,31,19404,0,0,0,0,3
2020-06-07,US,Kentucky,Marshall,37,2,0,36.88007070000001,-88.32803576,21157.0,118.97106109324758,5.405405405405406,35,37,2,0,35,37,31191,0,0,0,0,0
2020-06-07,US,Kentucky,Martin,3,0,0,37.79990579,-82.51247478,21159.0,26.797677534613662,0.0,3,3,0,0,3,3,11323,0,0,0,0,0
2020-06-07,US,Kentucky,Mason,12,0,0,38.59471935,-83.82151043,21161.0,70.298769771529,0.0,12,12,0,0,12,12,17150,0,0,0,0,0
2020-06-07,US,Kentucky,McCracken,112,2,0,37.05350953,-88.70445755,21145.0,171.20670151945947,1.7857142857142858,110,112,2,0,110,111,65346,0,0,0,0,1
2020-06-07,US,Kentucky,McCreary,13,0,0,36.73874143,-84.48102924,21147.0,75.44541814172132,0.0,13,13,0,0,13,13,17408,0,0,0,0,0
2020-06-07,US,Kentucky,McLean,22,1,0,37.5301951,-87.26803443,21149.0,238.94862604540023,4.545454545454546,21,22,1,0,21,22,9252,0,0,0,0,0
2020-06-07,US,Kentucky,Meade,23,2,0,37.96163597,-86.21028219,21163.0,80.49839003219934,8.695652173913043,21,23,2,0,21,23,28715,0,0,0,0,0
2020-06-07,US,Kentucky,Menifee,10,0,0,37.94090733,-83.59985712,21165.0,154.10695022345507,0.0,10,10,0,0,10,10,6451,0,0,0,0,0
2020-06-07,US,Kentucky,Mercer,15,0,0,37.81474237,-84.87488475,21167.0,68.3900971139379,0.0,15,15,0,0,15,15,21774,0,0,0,0,0
2020-06-07,US,Kentucky,Metcalfe,7,2,0,36.99459295,-85.63123699,21169.0,69.50650382285771,28.57142857142857,5,7,2,0,5,7,10030,0,0,0,0,0
2020-06-07,US,Kentucky,Monroe,25,0,0,36.71225341,-85.71596443,21171.0,234.74178403755866,0.0,25,25,0,0,25,25,10718,0,0,0,0,0
2020-06-07,US,Kentucky,Montgomery,30,0,0,38.03253032,-83.9145241,21173.0,106.54544163085556,0.0,30,30,0,0,30,25,28203,0,0,0,0,5
2020-06-07,US,Kentucky,Morgan,3,0,0,37.92465657,-83.25558245,21175.0,22.541137576076334,0.0,3,3,0,0,3,3,13345,0,0,0,0,0
2020-06-07,US,Kentucky,Muhlenberg,485,8,0,37.21425819,-87.14632053,21177.0,1583.8286199464435,1.649484536082474,477,485,8,0,477,480,30774,0,0,0,0,5
2020-06-07,US,Kentucky,Nelson,45,1,0,37.80335779,-85.4657193,21179.0,97.33307377846992,2.2222222222222223,44,45,1,0,44,44,45851,0,0,0,0,1
2020-06-07,US,Kentucky,Nicholas,4,0,0,38.33342292,-84.01889177,21181.0,55.02820195350117,0.0,4,4,0,0,4,4,7166,0,0,0,0,0
2020-06-07,US,Kentucky,Ohio,151,0,0,37.47751843,-86.85368087,21183.0,629.3239976660832,0.0,151,151,0,0,151,151,24087,0,0,0,0,0
2020-06-07,US,Kentucky,Oldham,109,5,0,38.39791089,-85.448222,21185.0,163.17609545053068,4.587155963302751,104,109,5,0,104,109,66470,0,0,0,0,0
2020-06-07,US,Kentucky,Owen,3,0,0,38.51679143,-84.82404619,21187.0,27.520410971470515,0.0,3,3,0,0,3,3,10880,0,0,0,0,0
2020-06-07,US,Kentucky,Owsley,2,0,0,37.42823949,-83.68811419,21189.0,45.30011325028314,0.0,2,2,0,0,2,2,4472,0,0,0,0,0
2020-06-07,US,Kentucky,Pendleton,14,0,0,38.69607718,-84.35599463,21191.0,95.95613433858809,0.0,14,14,0,0,14,14,14529,0,0,0,0,0
2020-06-07,US,Kentucky,Perry,22,0,0,37.25023553,-83.22922731,21193.0,85.41035794704557,0.0,22,22,0,0,22,22,26092,0,0,0,0,0
2020-06-07,US,Kentucky,Pike,36,2,0,37.47088263,-82.39487445,21195.0,62.201948994401825,5.5555555555555545,34,36,2,0,34,34,58402,0,0,0,0,2
2020-06-07,US,Kentucky,Powell,1,0,0,37.83218794,-83.82553961,21197.0,8.091269520187717,0.0,1,1,0,0,1,1,12442,0,0,0,0,0
2020-06-07,US,Kentucky,Pulaski,65,2,0,37.10466131,-84.57629079,21199.0,100.03231813355083,3.0769230769230766,63,65,2,0,63,64,64623,0,0,0,0,1
2020-06-07,US,Kentucky,Rockcastle,13,0,0,37.36642393,-84.31176452,21203.0,77.86762503743634,0.0,13,13,0,0,13,13,16750,0,0,0,0,0
2020-06-07,US,Kentucky,Rowan,8,0,0,38.19484205,-83.42088935,21205.0,32.70645952575634,0.0,8,8,0,0,8,7,24583,0,0,0,0,1
2020-06-07,US,Kentucky,Russell,30,4,0,36.99308373,-85.06070117,21207.0,167.3826926295821,13.333333333333336,26,30,4,0,26,30,17821,0,0,0,0,0
2020-06-07,US,Kentucky,Scott,37,0,0,38.29622293,-84.5816631,21209.0,64.90772577362992,0.0,37,37,0,0,37,37,56031,0,0,0,0,0
2020-06-07,US,Kentucky,Shelby,216,5,0,38.21476019,-85.194223,21211.0,440.60052219321153,2.314814814814815,211,216,5,0,211,214,48518,0,0,0,0,2
2020-06-07,US,Kentucky,Simpson,54,3,0,36.74058474,-86.58047435,21213.0,290.7602842989447,5.5555555555555545,51,54,3,0,51,55,18529,0,0,0,0,-1
2020-06-07,US,Kentucky,Spencer,25,0,0,38.03223971,-85.32749335,21215.0,129.19228980414448,0.0,25,25,0,0,25,24,18794,0,0,0,0,1
2020-06-07,US,Kentucky,Taylor,13,1,0,37.3677562,-85.3329931,21217.0,50.448212969071356,7.6923076923076925,12,13,1,0,12,13,25549,0,0,0,0,0
2020-06-07,US,Kentucky,Todd,23,0,0,36.8381152,-87.17878374,21219.0,187.0831299821051,0.0,23,23,0,0,23,23,12311,0,0,0,0,0
2020-06-07,US,Kentucky,Trigg,11,0,0,36.80767017,-87.87333656,21221.0,75.08019930380179,0.0,11,11,0,0,11,11,14643,0,0,0,0,0
2020-06-07,US,Kentucky,Trimble,6,0,0,38.61056487,-85.33775972,21223.0,70.82989021367017,0.0,6,6,0,0,6,6,8515,0,0,0,0,0
2020-06-07,US,Kentucky,Unassigned,7,0,0,0.0,0.0,90021.0,0.0,0.0,7,7,0,0,7,9,,0,0,0,0,-2
2020-06-07,US,Kentucky,Union,15,0,0,37.66166713,-87.94300009,21225.0,104.30429038314443,0.0,15,15,0,0,15,15,14505,0,0,0,0,0
2020-06-07,US,Kentucky,Warren,1112,6,0,36.99903045,-86.42672751,21227.0,836.7445220322659,0.5395683453237411,1106,1112,6,0,1106,1099,131264,0,0,0,0,13
2020-06-07,US,Kentucky,Washington,8,0,0,37.75599461,-85.17407732,21229.0,66.14303431169904,0.0,8,8,0,0,8,8,12084,0,0,0,0,0
2020-06-07,US,Kentucky,Wayne,9,0,0,36.80310688,-84.8251971,21231.0,44.26302070525746,0.0,9,9,0,0,9,9,20468,0,0,0,0,0
2020-06-07,US,Kentucky,Webster,34,0,0,37.52168356,-87.67989953,21233.0,262.71055478287747,0.0,34,34,0,0,34,34,13111,0,0,0,0,0
2020-06-07,US,Kentucky,Whitley,13,0,0,36.75700531,-84.14541217,21235.0,35.848224134127506,0.0,13,13,0,0,13,13,36242,0,0,0,0,0
2020-06-07,US,Kentucky,Wolfe,1,0,0,37.73941626,-83.49303612,21237.0,13.972334777141258,0.0,1,1,0,0,1,1,7177,0,0,0,0,0
2020-06-07,US,Kentucky,Woodford,33,0,0,38.04178222,-84.7417556,21239.0,123.43831824642777,0.0,33,33,0,0,33,32,26533,0,0,0,0,1
2020-06-07,US,Louisiana,Acadia,502,28,0,30.295064899999996,-92.41419698,22001.0,809.0901764848094,5.577689243027889,474,500,27,0,473,467,62190,2,1,0,1,33
2020-06-07,US,Louisiana,Allen,186,10,0,30.65385745,-92.82442028,22003.0,725.7970109649979,5.376344086021504,176,186,10,0,176,186,25605,0,0,0,0,0
2020-06-07,US,Louisiana,Ascension,882,58,0,30.20406249,-90.91328409999998,22005.0,696.6604530662538,6.575963718820861,824,876,58,0,818,865,124672,6,0,0,6,11
2020-06-07,US,Louisiana,Assumption,257,13,0,29.89946234,-91.06461642,22007.0,1173.9984468503035,5.058365758754863,244,254,13,0,241,253,22300,3,0,0,3,1
2020-06-07,US,Louisiana,Avoyelles,161,9,0,31.07796211,-92.00079449,22009.0,401.056197688322,5.590062111801243,152,155,9,0,146,151,40462,6,0,0,6,4
2020-06-07,US,Louisiana,Beauregard,101,4,0,30.64836518,-93.34173616,22011.0,269.35488172387124,3.96039603960396,97,102,4,0,98,99,37253,-1,0,0,-1,3
2020-06-07,US,Louisiana,Bienville,153,23,0,32.34569994,-93.05398492,22013.0,1155.5018503134206,15.032679738562093,130,152,23,0,129,151,13308,1,0,0,1,1
2020-06-07,US,Louisiana,Bossier,463,26,0,32.67932307,-93.60460152,22015.0,364.4550098788561,5.615550755939525,437,453,25,0,428,450,127185,10,1,0,9,3
2020-06-07,US,Louisiana,Caddo,2731,206,0,32.57991587,-93.88375652,22017.0,1136.9502589465621,7.543024533138045,2525,2713,206,0,2507,2699,242922,18,0,0,18,14
2020-06-07,US,Louisiana,Calcasieu,637,51,0,30.22931235,-93.35400434,22019.0,313.1205882931241,8.006279434850864,586,632,51,0,581,625,203112,5,0,0,5,7
2020-06-07,US,Louisiana,Caldwell,71,1,0,32.0902519,-92.11752148,22021.0,715.8701351078847,1.4084507042253518,70,71,1,0,70,70,9960,0,0,0,0,1
2020-06-07,US,Louisiana,Cameron,9,0,0,29.87592238,-93.19310676,22023.0,129.06926717338305,0.0,9,9,0,0,9,8,6968,0,0,0,0,1
2020-06-07,US,Louisiana,Catahoula,121,3,0,31.66778967,-91.84526385,22025.0,1274.4891510427638,2.479338842975207,118,120,3,0,117,120,9608,1,0,0,1,0
2020-06-07,US,Louisiana,Claiborne,66,10,0,32.82308512,-92.99526883,22027.0,421.18698149329936,15.151515151515152,56,66,10,0,56,66,15944,0,0,0,0,0
2020-06-07,US,Louisiana,Concordia,96,5,0,31.44817835,-91.63814433,22029.0,498.468248611039,5.208333333333333,91,96,5,0,91,95,19572,0,0,0,0,1
2020-06-07,US,Louisiana,De Soto,262,17,0,32.05457447,-93.74130302,22031.0,954.010850963114,6.4885496183206115,245,262,17,0,245,262,27436,0,0,0,0,0
2020-06-07,US,Louisiana,East Baton Rouge,3949,252,0,30.53842039,-91.09777565,22033.0,897.379669544311,6.381362370220308,3697,3911,250,0,3661,3874,440956,38,2,0,36,37
2020-06-07,US,Louisiana,East Carroll,195,0,0,32.73926954,-91.23425694,22035.0,2842.151289899432,0.0,195,187,0,0,187,184,7037,8,0,0,8,3
2020-06-07,US,Louisiana,East Feliciana,201,30,0,30.84425359,-91.04976723,22037.0,1050.431147112621,14.92537313432836,171,201,30,0,171,199,19305,0,0,0,0,2
2020-06-07,US,Louisiana,Evangeline,84,1,0,30.72985248,-92.39915924,22039.0,251.53466087737687,1.1904761904761905,83,82,1,0,81,81,33443,2,0,0,2,1
2020-06-07,US,Louisiana,Franklin,386,12,0,32.13675181,-91.67589857,22041.0,1928.5535848113916,3.1088082901554404,374,384,12,0,372,383,20156,2,0,0,2,1
2020-06-07,US,Louisiana,Grant,44,1,0,31.59882456,-92.56124347,22043.0,196.52507928000358,2.272727272727273,43,36,1,0,35,34,22482,8,0,0,8,2
2020-06-07,US,Louisiana,Iberia,424,41,0,29.86803617,-91.75871777,22045.0,607.188887297723,9.669811320754716,383,424,40,0,384,422,70941,0,1,0,-1,2
2020-06-07,US,Louisiana,Iberville,596,42,0,30.25734305,-91.3499598,22047.0,1833.2256774630123,7.046979865771812,554,593,42,0,551,588,32721,3,0,0,3,5
2020-06-07,US,Louisiana,Jackson,131,15,0,32.30251776,-92.55692092,22049.0,832.0630081300814,11.450381679389313,116,130,15,0,115,120,15902,1,0,0,1,10
2020-06-07,US,Louisiana,Jefferson,7862,459,0,29.74075478,-90.11115756,22051.0,1817.8328897808753,5.838209107097431,7403,7831,458,0,7373,7803,434051,31,1,0,30,28
2020-06-07,US,Louisiana,Jefferson Davis,91,7,0,30.26896765,-92.81210004,22053.0,290.1045651619485,7.6923076923076925,84,89,7,0,82,87,31582,2,0,0,2,2
2020-06-07,US,Louisiana,LaSalle,61,0,0,31.67884782,-92.15907765,22059.0,409.6159011549825,0.0,61,59,0,0,59,58,14917,2,0,0,2,1
2020-06-07,US,Louisiana,Lafayette,880,29,0,30.2049055,-92.06959876,22055.0,360.080199680838,3.2954545454545454,851,866,29,0,837,854,242782,14,0,0,14,12
2020-06-07,US,Louisiana,Lafourche,902,75,0,29.52470226,-90.40976986,22057.0,924.0477800315527,8.314855875831485,827,896,74,0,822,886,98115,6,1,0,5,10
2020-06-07,US,Louisiana,Lincoln,173,17,0,32.6003154,-92.66597409999999,22061.0,370.1168114329725,9.826589595375722,156,169,17,0,152,165,47196,4,0,0,4,4
2020-06-07,US,Louisiana,Livingston,464,31,0,30.44143993,-90.73061664,22063.0,329.5712022956339,6.681034482758621,433,460,31,0,429,458,139567,4,0,0,4,2
2020-06-07,US,Louisiana,Madison,209,2,0,32.36918118,-91.23973355,22065.0,1908.501506711716,0.9569377990430622,207,199,2,0,197,121,11161,10,0,0,10,78
2020-06-07,US,Louisiana,Morehouse,133,5,0,32.81686191,-91.80421614,22067.0,534.6948621050093,3.7593984962406015,128,133,5,0,128,132,25398,0,0,0,0,1
2020-06-07,US,Louisiana,Natchitoches,177,13,0,31.72321584,-93.09816516,22069.0,463.8607893495467,7.344632768361581,164,175,13,0,162,173,38659,2,0,0,2,2
2020-06-07,US,Louisiana,Orleans,7230,512,0,30.06971951,-89.92660315,22071.0,1853.161909448819,7.081604426002767,6718,7222,512,0,6710,7206,391006,8,0,0,8,16
2020-06-07,US,Louisiana,Ouachita,1470,54,0,32.47645559,-92.15704172,22073.0,959.0354843129196,3.673469387755102,1416,1432,53,0,1379,1396,154475,38,1,0,37,36
2020-06-07,US,Louisiana,Plaquemines,218,17,0,29.42245447,-89.60322085,22075.0,939.7766952623184,7.798165137614678,201,218,17,0,201,218,23410,0,0,0,0,0
2020-06-07,US,Louisiana,Pointe Coupee,213,25,0,30.71409502,-91.60209535,22077.0,980.211688909342,11.737089201877936,188,212,25,0,187,208,21940,1,0,0,1,4
2020-06-07,US,Louisiana,Rapides,957,38,0,31.19778499,-92.52997303,22079.0,738.1525360977417,3.970741901776385,919,926,38,0,888,890,130562,31,0,0,31,36
2020-06-07,US,Louisiana,Red River,51,7,0,32.09530039,-93.34213308,22081.0,604.1222459132908,13.725490196078429,44,51,7,0,44,51,8477,0,0,0,0,0
2020-06-07,US,Louisiana,Richland,153,3,0,32.41391005,-91.76634876,22083.0,760.36179306232,1.96078431372549,150,149,3,0,146,148,20192,4,0,0,4,1
2020-06-07,US,Louisiana,Sabine,51,0,0,31.56388699,-93.55433981,22085.0,213.5320716797856,0.0,51,51,0,0,51,50,24032,0,0,0,0,1
2020-06-07,US,Louisiana,St. Bernard,552,23,0,29.87761636,-89.51887093,22087.0,1168.4023368046735,4.166666666666667,529,549,23,0,526,548,46721,3,0,0,3,1
2020-06-07,US,Louisiana,St. Charles,649,45,0,29.90709658,-90.35555967,22089.0,1222.2222222222224,6.933744221879815,604,649,45,0,604,647,52879,0,0,0,0,2
2020-06-07,US,Louisiana,St. Helena,55,1,0,30.82210324,-90.71013176,22091.0,542.8345834978287,1.818181818181818,54,55,1,0,54,53,10262,0,0,0,0,2
2020-06-07,US,Louisiana,St. James,304,27,0,30.02531716,-90.80212061,22093.0,1441.031475161168,8.881578947368421,277,304,27,0,277,304,21037,0,0,0,0,0
2020-06-07,US,Louisiana,St. John the Baptist,877,84,0,30.12597499,-90.4753503,22095.0,2047.2955622475895,9.578107183580387,793,875,84,0,791,873,43184,2,0,0,2,2
2020-06-07,US,Louisiana,St. Landry,309,54,0,30.59724262,-92.00135806,22097.0,376.2602893185914,17.475728155339805,255,309,54,0,255,308,82764,0,0,0,0,1
2020-06-07,US,Louisiana,St. Martin,286,24,0,30.13112107,-91.61403569,22099.0,535.269787202186,8.391608391608392,262,285,24,0,261,281,53621,1,0,0,1,4
2020-06-07,US,Louisiana,St. Mary,339,32,0,29.69262097,-91.44702164,22101.0,686.9579314257924,9.43952802359882,307,337,32,0,305,333,49774,2,0,0,2,4
2020-06-07,US,Louisiana,St. Tammany,1846,165,0,30.40942847,-89.95642711,22103.0,708.8576486354683,8.938244853737812,1681,1837,163,0,1674,1823,258111,9,2,0,7,14
2020-06-07,US,Louisiana,Tangipahoa,944,39,0,30.62888673,-90.40664996,22105.0,700.5149972543375,4.13135593220339,905,935,39,0,896,916,133777,9,0,0,9,19
2020-06-07,US,Louisiana,Tensas,21,0,0,32.00760749,-91.32915234,22107.0,484.5408398707891,0.0,21,21,0,0,21,20,4462,0,0,0,0,1
2020-06-07,US,Louisiana,Terrebonne,744,55,0,29.37343766,-90.82626855,22109.0,673.5408877341324,7.39247311827957,689,738,55,0,683,724,111021,6,0,0,6,14
2020-06-07,US,Louisiana,Unassigned,120,111,0,0.0,0.0,90022.0,0.0,92.5,9,120,111,0,9,88,,0,0,0,0,32
2020-06-07,US,Louisiana,Union,348,20,0,32.83121059,-92.3749373,22111.0,1574.0908268500089,5.747126436781608,328,344,20,0,324,343,22330,4,0,0,4,1
2020-06-07,US,Louisiana,Vermilion,61,4,0,29.83517605,-92.30292538,22113.0,102.50205844297692,6.557377049180328,57,61,4,0,57,59,59830,0,0,0,0,2
2020-06-07,US,Louisiana,Vernon,34,3,0,31.10884837,-93.18153838,22115.0,71.68609922199498,8.823529411764708,31,33,3,0,30,31,48860,1,0,0,1,2
2020-06-07,US,Louisiana,Washington,465,42,0,30.85288548,-90.03866652,22117.0,1006.6242369138847,9.03225806451613,423,462,42,0,420,457,46582,3,0,0,3,5
2020-06-07,US,Louisiana,Webster,182,8,0,32.70847669,-93.33121835,22119.0,474.7000521648408,4.395604395604397,174,179,8,0,171,175,38798,3,0,0,3,4
2020-06-07,US,Louisiana,West Baton Rouge,185,31,0,30.46058217,-91.30989571,22121.0,699.0364632533534,16.756756756756758,154,183,31,0,152,180,26427,2,0,0,2,3
2020-06-07,US,Louisiana,West Carroll,84,1,0,32.78550125,-91.461201,22123.0,775.6232686980611,1.1904761904761905,83,74,0,0,74,68,10982,10,1,0,9,6
2020-06-07,US,Louisiana,West Feliciana,222,13,0,30.87882871,-91.41485379999999,22125.0,1426.0020554984585,5.855855855855856,209,220,13,0,207,220,15460,2,0,0,2,0
2020-06-07,US,Louisiana,Winn,186,2,0,31.94449367,-92.63789413,22127.0,1337.7445339470655,1.075268817204301,184,183,2,0,181,182,14134,3,0,0,3,1
2020-06-07,US,Maine,Androscoggin,367,3,0,44.1664747,-70.20380627,23001.0,338.9454824200892,0.8174386920980926,364,346,3,0,343,338,107679,21,0,0,21,8
2020-06-07,US,Maine,Aroostook,10,1,0,46.65926321,-68.59841248,23003.0,14.913131011855938,10.0,9,10,1,0,9,10,67111,0,0,0,0,0
2020-06-07,US,Maine,Cumberland,1307,56,0,43.8370751,-70.37226999,23005.0,443.04634190160783,4.284621270084163,1251,1290,55,0,1235,1265,293557,17,1,0,16,25
2020-06-07,US,Maine,Franklin,36,1,0,44.97330019,-70.44381045,23007.0,119.20924533924965,2.7777777777777777,35,36,1,0,35,36,29897,0,0,0,0,0
2020-06-07,US,Maine,Hancock,12,1,0,44.59816444,-68.38401854,23009.0,21.82334006219652,8.333333333333334,11,12,1,0,11,12,54811,0,0,0,0,0
2020-06-07,US,Maine,Kennebec,130,9,0,44.40759555,-69.76738544,23011.0,106.29425520433027,6.9230769230769225,121,130,9,0,121,129,122083,0,0,0,0,1
2020-06-07,US,Maine,Knox,21,1,0,44.11486325,-69.10529169,23013.0,52.800965503369206,4.761904761904762,20,21,1,0,20,21,39771,0,0,0,0,0
2020-06-07,US,Maine,Lincoln,20,0,0,44.05996956,-69.54227124,23015.0,57.746722873476934,0.0,20,20,0,0,20,20,34342,0,0,0,0,0
2020-06-07,US,Maine,Oxford,31,0,0,44.49952995,-70.75682123,23017.0,53.47132384648555,0.0,31,32,0,0,32,32,57618,-1,0,0,-1,0
2020-06-07,US,Maine,Penobscot,101,2,0,45.40194593,-68.65020455,23019.0,66.38273260246602,1.98019801980198,99,101,2,0,99,101,151096,0,0,0,0,0
2020-06-07,US,Maine,Piscataquis,1,0,0,45.83839062,-69.2860223,23021.0,5.957700327673518,0.0,1,1,0,0,1,1,16800,0,0,0,0,0
2020-06-07,US,Maine,Sagadahoc,30,0,0,43.95415864,-69.85074999,23023.0,83.66800535475234,0.0,30,30,0,0,30,30,35634,0,0,0,0,0
2020-06-07,US,Maine,Somerset,22,0,0,45.51229767,-69.95995554,23025.0,43.57816337849616,0.0,22,22,0,0,22,22,50592,0,0,0,0,0
2020-06-07,US,Maine,Unassigned,2,0,0,0.0,0.0,90023.0,0.0,0.0,2,,,,,4,,,,,,
2020-06-07,US,Maine,Waldo,52,14,0,44.4858305,-69.12061935,23027.0,130.9328968903437,26.923076923076927,38,52,14,0,38,52,39694,0,0,0,0,0
2020-06-07,US,Maine,Washington,1,0,0,45.01607142,-67.62813524,23029.0,3.1868447050575224,0.0,1,1,0,0,1,1,31490,0,0,0,0,0
2020-06-07,US,Maine,York,427,11,0,43.47808377,-70.71052375,23031.0,205.64339412736405,2.5761124121779857,416,420,11,0,409,408,206229,7,0,0,7,12
2020-06-07,US,Maryland,Allegany,184,16,0,39.62357628,-78.69280486,24001.0,261.30424903431043,8.695652173913043,168,184,16,0,168,183,70975,0,0,0,0,1
2020-06-07,US,Maryland,Anne Arundel,4236,185,0,39.00670238,-76.60329337,24003.0,731.3106620122438,4.367327667610954,4051,4210,185,0,4025,4150,576031,26,0,0,26,60
2020-06-07,US,Maryland,Baltimore,6753,386,0,39.45784712,-76.62911955,24005.0,816.2007324413503,5.715978083814602,6367,6696,384,0,6312,6590,828431,57,2,0,55,106
2020-06-07,US,Maryland,Baltimore City,6229,281,0,39.30211911,-76.61151012,24510.0,1049.55433115975,4.5111574891635895,5948,6141,276,0,5865,6038,621342,88,5,0,83,103
2020-06-07,US,Maryland,Calvert,358,21,0,38.53961642,-76.56820632,24009.0,386.92245339097536,5.865921787709497,337,354,21,0,333,353,92003,4,0,0,4,1
2020-06-07,US,Maryland,Caroline,272,1,0,38.87172293,-75.82904158,24011.0,814.2249895228402,0.36764705882352944,271,270,1,0,269,268,33304,2,0,0,2,2
2020-06-07,US,Maryland,Carroll,952,101,0,39.56453592,-77.02373735,24013.0,565.1629295861608,10.609243697478991,851,950,101,0,849,960,168429,2,0,0,2,-10
2020-06-07,US,Maryland,Cecil,404,24,0,39.56647682,-75.94627411,24015.0,392.78596081862815,5.9405940594059405,380,399,24,0,375,393,102826,5,0,0,5,6
2020-06-07,US,Maryland,Charles,1202,80,0,38.51092331,-76.98580666,24017.0,736.2624573525177,6.6555740432612325,1122,1196,81,0,1115,1185,161503,6,-1,0,7,11
2020-06-07,US,Maryland,Dorchester,155,4,0,38.45413522,-76.02752426,24019.0,485.4520968398634,2.5806451612903225,151,154,4,0,150,153,31998,1,0,0,1,1
2020-06-07,US,Maryland,Frederick,2114,111,0,39.47296601,-77.39999394,24021.0,814.4960257679727,5.250709555345317,2003,2100,111,0,1989,2069,255648,14,0,0,14,31
2020-06-07,US,Maryland,Garrett,10,0,0,39.52786077,-79.27355126,24023.0,34.46611980423244,0.0,10,10,0,0,10,10,29163,0,0,0,0,0
2020-06-07,US,Maryland,Harford,957,53,0,39.55010644,-76.30775940000002,24025.0,374.6462001010018,5.538140020898641,904,947,52,0,895,939,253956,10,1,0,9,8
2020-06-07,US,Maryland,Howard,2125,67,0,39.25305293,-76.93126208,24027.0,652.460929104363,3.1529411764705877,2058,2094,65,0,2029,2074,323196,31,2,0,29,20
2020-06-07,US,Maryland,Kent,187,19,0,39.24976208,-76.04741541,24029.0,962.8256616208424,10.16042780748663,168,185,19,0,166,184,19383,2,0,0,2,1
2020-06-07,US,Maryland,Montgomery,12734,656,0,39.13676329,-77.20358245,24031.0,1211.967777304014,5.1515627454059985,12078,12624,652,0,11972,12434,1052567,110,4,0,106,190
2020-06-07,US,Maryland,Prince George's,16434,598,0,38.83070039,-76.8496441,24033.0,1807.2706518117245,3.638797614701229,15836,16316,595,0,15721,16169,909308,118,3,0,115,147
2020-06-07,US,Maryland,Queen Anne's,170,12,0,39.06198912,-76.03530977,24035.0,337.42879260038507,7.0588235294117645,158,168,12,0,156,163,50251,2,0,0,2,5
2020-06-07,US,Maryland,Somerset,76,4,0,38.1163542,-75.75118623,24039.0,296.68956901936286,5.2631578947368425,72,76,4,0,72,76,25675,0,0,0,0,0
2020-06-07,US,Maryland,St. Mary's,553,34,0,38.30058422,-76.60629279999998,24037.0,487.18174610166506,6.1482820976491865,519,548,33,0,515,547,112664,5,1,0,4,1
2020-06-07,US,Maryland,Talbot,108,4,0,38.76618159,-76.10882561,24041.0,290.4709394583254,3.703703703703704,104,108,4,0,104,106,36968,0,0,0,0,2
2020-06-07,US,Maryland,Unassigned,0,28,0,0.0,0.0,90024.0,0.0,0.0,-28,0,36,0,-36,0,,0,-8,0,8,0
2020-06-07,US,Maryland,Washington,548,16,0,39.60835778,-77.82002295,24043.0,362.7961787234605,2.9197080291970803,532,545,16,0,529,529,150926,3,0,0,3,16
2020-06-07,US,Maryland,Wicomico,977,32,0,38.37301947,-75.62705831,24045.0,942.9682749568087,3.2753326509723646,945,975,32,0,943,967,103195,2,0,0,2,8
2020-06-07,US,Maryland,Worcester,235,16,0,38.21274277,-75.33200012,24047.0,449.5370724615502,6.808510638297872,219,232,16,0,216,230,51823,3,0,0,3,2
2020-06-07,US,Massachusetts,Barnstable,1456,123,0,41.72980578,-70.28854339,25001.0,683.6001690220197,8.447802197802197,1333,1450,123,0,1327,1446,213413,6,0,0,6,4
2020-06-07,US,Massachusetts,Berkshire,574,40,0,42.37428441,-73.20524838,25003.0,459.4058138045845,6.968641114982578,534,573,40,0,533,571,126348,1,0,0,1,2
2020-06-07,US,Massachusetts,Bristol,7683,469,0,41.79228404,-71.10872211,25005.0,1359.3009410544976,6.104386307431993,7214,7635,467,0,7168,7573,564022,48,2,0,46,62
2020-06-07,US,Massachusetts,Dukes and Nantucket,55,1,0,41.40674725,-70.68763497,0.0,191.4308586544151,1.818181818181818,54,55,1,0,54,56,26707,0,0,0,0,-1
2020-06-07,US,Massachusetts,Essex,15217,1003,0,42.6687626,-70.94687179,25009.0,1928.5607464317127,6.591312348031807,14214,15170,998,0,14172,15064,790638,47,5,0,42,106
2020-06-07,US,Massachusetts,Franklin,338,48,0,42.58119713,-72.58602547,25011.0,481.61869478483897,14.201183431952662,290,338,48,0,290,337,70963,0,0,0,0,1
2020-06-07,US,Massachusetts,Hampden,6353,620,0,42.13440424,-72.63235561,25013.0,1362.217285771873,9.759168896584288,5733,6337,618,0,5719,6297,470406,16,2,0,14,40
2020-06-07,US,Massachusetts,Hampshire,905,98,0,42.33997957,-72.65898478,25015.0,562.7059628178822,10.828729281767957,807,904,95,0,809,900,161355,1,3,0,-2,4
2020-06-07,US,Massachusetts,Middlesex,22754,1705,0,42.48607732,-71.39049229,25017.0,1411.8020796687222,7.493188010899183,21049,22686,1701,0,20985,22583,1614714,68,4,0,64,103
2020-06-07,US,Massachusetts,Norfolk,8713,863,0,42.16073095,-71.20530408,25021.0,1232.782710197729,9.904740043612993,7850,8689,859,0,7830,8646,705388,24,4,0,20,43
2020-06-07,US,Massachusetts,Plymouth,8363,591,0,41.94070556,-70.80802823,25023.0,1604.56022808815,7.066842042329308,7772,8347,588,0,7759,8313,518132,16,3,0,13,34
2020-06-07,US,Massachusetts,Suffolk,19001,924,0,42.327951399999996,-71.07850442,25025.0,2363.581857105362,4.862901952528813,18077,18955,923,0,18032,18858,807252,46,1,0,45,97
2020-06-07,US,Massachusetts,Unassigned,292,8,0,0.0,0.0,90025.0,0.0,2.7397260273972597,284,297,8,0,289,313,,-5,0,0,-5,-16
2020-06-07,US,Massachusetts,Worcester,11732,823,0,42.35026951,-71.90493363,25027.0,1412.4355001432664,7.015001704739175,10909,11696,820,0,10876,11600,830839,36,3,0,33,96
2020-06-07,US,Michigan,Alcona,17,1,0,44.6846864,-83.59507875,26001.0,163.3829889476213,5.882352941176472,16,17,1,0,16,17,10362,0,0,0,0,0
2020-06-07,US,Michigan,Allegan,226,6,0,42.59147037,-85.89102866,26005.0,191.39404307212845,2.6548672566371683,220,226,6,0,220,226,117327,0,0,0,0,0
2020-06-07,US,Michigan,Alpena,95,9,0,45.03477666,-83.62212411,26007.0,334.4481605351171,9.473684210526317,86,95,9,0,86,95,28360,0,0,0,0,0
2020-06-07,US,Michigan,Antrim,12,0,0,44.99690221,-85.15503082,26009.0,51.44915108900703,0.0,12,12,0,0,12,12,23365,0,0,0,0,0
2020-06-07,US,Michigan,Arenac,34,1,0,44.0636262,-83.89277559,26011.0,228.44856547739033,2.9411764705882355,33,34,1,0,33,34,15041,0,0,0,0,0
2020-06-07,US,Michigan,Baraga,1,0,0,46.6720582,-88.36363591,26013.0,12.181751735899622,0.0,1,1,0,0,1,1,8320,0,0,0,0,0
2020-06-07,US,Michigan,Barry,67,2,0,42.59513984,-85.30834519,26015.0,108.85458976441916,2.985074626865672,65,67,2,0,65,67,61157,0,0,0,0,0
2020-06-07,US,Michigan,Bay,331,25,0,43.70639106,-83.98731479,26017.0,320.9665845664527,7.552870090634442,306,331,25,0,306,331,103923,0,0,0,0,0
2020-06-07,US,Michigan,Benzie,4,0,0,44.63899297,-86.01608482,26019.0,22.514916131937408,0.0,4,4,0,0,4,4,17753,0,0,0,0,0
2020-06-07,US,Michigan,Berrien,648,53,0,41.95447397,-86.41313079999998,26021.0,422.42227886389264,8.179012345679013,595,648,53,0,595,648,154141,0,0,0,0,0
2020-06-07,US,Michigan,Branch,127,2,0,41.91600556,-85.05929476,26023.0,291.8399705862077,1.5748031496062993,125,127,2,0,125,127,43622,0,0,0,0,0
2020-06-07,US,Michigan,Calhoun,407,24,0,42.24633834,-85.00493569,26025.0,303.37137277409636,5.896805896805898,383,407,24,0,383,407,134487,0,0,0,0,0
2020-06-07,US,Michigan,Cass,88,3,0,41.91522292,-85.99405727,26027.0,169.9268156100952,3.4090909090909087,85,88,3,0,85,88,51653,0,0,0,0,0
2020-06-07,US,Michigan,Charlevoix,15,1,0,45.37790017,-85.19614053,26029.0,57.3767356462533,6.666666666666668,14,15,1,0,14,15,26244,0,0,0,0,0
2020-06-07,US,Michigan,Cheboygan,21,1,0,45.44787015,-84.50122149,26031.0,83.08276626048425,4.761904761904762,20,21,1,0,20,21,25413,0,0,0,0,0
2020-06-07,US,Michigan,Chippewa,2,0,0,46.29552653,-84.54353449,26033.0,5.354895713405981,0.0,2,2,0,0,2,2,37517,0,0,0,0,0
2020-06-07,US,Michigan,Clare,20,2,0,43.98794227,-84.84819859999998,26035.0,64.62035541195476,10.0,18,20,2,0,18,20,30757,0,0,0,0,0
2020-06-07,US,Michigan,Clinton,142,11,0,42.94400871,-84.60145248,26037.0,178.40316602801684,7.746478873239437,131,142,11,0,131,142,79332,0,0,0,0,0
2020-06-07,US,Michigan,Crawford,59,5,0,44.68255561,-84.61006219,26039.0,420.5574167795281,8.474576271186441,54,59,5,0,54,59,13901,0,0,0,0,0
2020-06-07,US,Michigan,Delta,17,2,0,45.90484910000001,-86.9080745,26041.0,47.507265817124974,11.764705882352944,15,17,2,0,15,17,35857,0,0,0,0,0
2020-06-07,US,Michigan,Dickinson,5,2,0,46.00999672,-87.86961634,26043.0,19.81061056301755,40.0,3,5,2,0,3,5,25383,0,0,0,0,0
2020-06-07,US,Michigan,Eaton,193,7,0,42.59599185,-84.83740035,26045.0,175.02811332390178,3.6269430051813467,186,193,7,0,186,193,109826,0,0,0,0,0
2020-06-07,US,Michigan,Emmet,21,2,0,45.52625509,-84.89083249,26047.0,62.84602723327846,9.523809523809524,19,21,2,0,19,21,33308,0,0,0,0,0
2020-06-07,US,Michigan,Federal Correctional Institution (FCI),154,4,0,0.0,0.0,0.0,0.0,2.5974025974025974,150,154,4,0,150,154,,0,0,0,0,0
2020-06-07,US,Michigan,Genesee,2050,254,0,43.02244215,-83.70589709,26049.0,505.1587800292253,12.390243902439025,1796,2050,254,0,1796,2050,406892,0,0,0,0,0
2020-06-07,US,Michigan,Gladwin,18,1,0,43.98901072,-84.38774817,26051.0,70.72969468348461,5.5555555555555545,17,18,1,0,17,18,25337,0,0,0,0,0
2020-06-07,US,Michigan,Gogebic,5,1,0,46.40862701,-89.69377193,26053.0,35.77817531305904,20.0,4,5,1,0,4,5,15096,0,0,0,0,0
2020-06-07,US,Michigan,Grand Traverse,28,5,0,44.69565625,-85.55585247,26055.0,30.079064970780333,17.857142857142858,23,28,5,0,23,28,92573,0,0,0,0,0
2020-06-07,US,Michigan,Gratiot,77,11,0,43.29265605,-84.60505416,26057.0,189.13807079167796,14.285714285714285,66,77,11,0,66,77,40599,0,0,0,0,0
2020-06-07,US,Michigan,Hillsdale,170,24,0,41.88753639,-84.59312019,26059.0,372.766144063151,14.117647058823529,146,170,24,0,146,170,45749,0,0,0,0,0
2020-06-07,US,Michigan,Houghton,7,0,0,46.89988536,-88.68495385,26061.0,19.616634906400627,0.0,7,7,0,0,7,7,36219,0,0,0,0,0
2020-06-07,US,Michigan,Huron,49,1,0,43.83353985,-83.04078453,26063.0,158.161453794261,2.0408163265306123,48,49,1,0,48,49,31166,0,0,0,0,0
2020-06-07,US,Michigan,Ingham,758,27,0,42.59716886,-84.37472069,26065.0,259.22860680013406,3.5620052770448547,731,758,27,0,731,758,292735,0,0,0,0,0
2020-06-07,US,Michigan,Ionia,156,4,0,42.94502238,-85.07413319,26067.0,241.1240088412136,2.5641025641025643,152,156,4,0,152,156,64210,0,0,0,0,0
2020-06-07,US,Michigan,Iosco,95,9,0,44.35486835,-83.63484895,26069.0,378.0793568671151,9.473684210526317,86,95,9,0,86,95,25081,0,0,0,0,0
2020-06-07,US,Michigan,Iron,2,0,0,46.20974132,-88.53136251,26071.0,18.073377914332188,0.0,2,2,0,0,2,2,11117,0,0,0,0,0
2020-06-07,US,Michigan,Isabella,78,7,0,43.64060976,-84.84664923,26073.0,111.63269979390887,8.974358974358974,71,78,7,0,71,78,70562,0,0,0,0,0
2020-06-07,US,Michigan,Jackson,459,28,0,42.24807035,-84.42258681,26075.0,289.57163585893636,6.100217864923748,431,459,28,0,431,459,158823,0,0,0,0,0
2020-06-07,US,Michigan,Kalamazoo,865,58,0,42.24542231,-85.53038622,26077.0,326.33381874702906,6.705202312138728,807,865,58,0,807,865,264870,0,0,0,0,0
2020-06-07,US,Michigan,Kalkaska,19,2,0,44.68512729,-85.09085699,26079.0,105.33318549728351,10.526315789473683,17,19,2,0,17,19,17824,0,0,0,0,0
2020-06-07,US,Michigan,Kent,3894,95,0,43.03197711,-85.54934642,26081.0,592.7346621914742,2.4396507447354905,3799,3894,95,0,3799,3894,653786,0,0,0,0,0
2020-06-07,US,Michigan,Lake,6,0,0,43.99050893,-85.802173,26085.0,50.62009617818274,0.0,6,6,0,0,6,6,11881,0,0,0,0,0
2020-06-07,US,Michigan,Lapeer,192,30,0,43.09052506,-83.22153148,26087.0,219.1605693608958,15.625,162,192,30,0,162,192,88028,0,0,0,0,0
2020-06-07,US,Michigan,Leelanau,11,0,0,44.94430054,-85.80150326,26089.0,50.549147557557106,0.0,11,11,0,0,11,11,21764,0,0,0,0,0
2020-06-07,US,Michigan,Lenawee,155,5,0,41.89475156,-84.06603727,26091.0,157.43872586362758,3.2258064516129035,150,155,5,0,150,155,98266,0,0,0,0,0
2020-06-07,US,Michigan,Livingston,407,27,0,42.60302282,-83.91297209,26093.0,211.98468710122657,6.6339066339066335,380,407,27,0,380,407,191224,0,0,0,0,0
2020-06-07,US,Michigan,Luce,3,0,0,46.47227431,-85.54471223,26095.0,48.16182372772515,0.0,3,3,0,0,3,3,6283,0,0,0,0,0
2020-06-07,US,Michigan,Mackinac,8,0,0,46.07028979,-85.04980537,26097.0,74.0809334197611,0.0,8,8,0,0,8,8,10787,0,0,0,0,0
2020-06-07,US,Michigan,Macomb,6817,828,0,42.69158356,-82.92752801,26099.0,780.0021053306057,12.146105324922988,5989,6817,828,0,5989,6817,874759,0,0,0,0,0
2020-06-07,US,Michigan,Manistee,11,0,0,44.33352407,-86.05626916,26101.0,44.79192116621875,0.0,11,11,0,0,11,11,24528,0,0,0,0,0
2020-06-07,US,Michigan,Marquette,57,11,0,46.4338914,-87.64043701,26103.0,85.45855260198803,19.29824561403509,46,57,11,0,46,57,66516,0,0,0,0,0
2020-06-07,US,Michigan,Mason,32,0,0,43.99509218,-86.24988902,26105.0,109.79961570134505,0.0,32,32,0,0,32,32,29100,0,0,0,0,0
2020-06-07,US,Michigan,Mecosta,21,2,0,43.64064262,-85.32463223,26107.0,48.328078613674535,9.523809523809524,19,21,2,0,19,21,43545,0,0,0,0,0
2020-06-07,US,Michigan,Menominee,8,0,0,45.58038692,-87.55370409,26109.0,35.11852502194907,0.0,8,8,0,0,8,8,22983,0,0,0,0,0
2020-06-07,US,Michigan,Michigan Department of Corrections (MDOC),3993,68,0,0.0,0.0,0.0,0.0,1.7029802153769096,3925,3993,68,0,3925,3993,,0,0,0,0,0
2020-06-07,US,Michigan,Midland,82,9,0,43.64330771,-84.38804374,26111.0,98.6098417432296,10.975609756097562,73,82,9,0,73,82,83209,0,0,0,0,0
2020-06-07,US,Michigan,Missaukee,16,1,0,44.33772443,-85.09256478,26113.0,105.83410504034927,6.25,15,16,1,0,15,16,15113,0,0,0,0,0
2020-06-07,US,Michigan,Monroe,493,20,0,41.92734151,-83.53749864,26115.0,327.5747508305648,4.056795131845842,473,493,20,0,473,493,150439,0,0,0,0,0
2020-06-07,US,Michigan,Montcalm,68,1,0,43.31082541,-85.15252824,26117.0,106.43626346105684,1.4705882352941178,67,68,1,0,67,68,63968,0,0,0,0,0
2020-06-07,US,Michigan,Montmorency,5,0,0,45.0275929,-84.12696227,26119.0,53.60205831903945,0.0,5,5,0,0,5,5,9265,0,0,0,0,0
2020-06-07,US,Michigan,Muskegon,684,38,0,43.29123859,-86.15176712,26121.0,394.08639941002264,5.5555555555555545,646,684,38,0,646,684,173588,0,0,0,0,0
2020-06-07,US,Michigan,Newaygo,114,0,0,43.554373999999996,-85.80070107,26123.0,232.7480604328297,0.0,114,114,0,0,114,114,48892,0,0,0,0,0
2020-06-07,US,Michigan,Oakland,8457,1007,0,42.66090111,-83.38595416,26125.0,672.4799297700987,11.907295731346816,7450,8457,1007,0,7450,8457,1259201,0,0,0,0,0
2020-06-07,US,Michigan,Oceana,93,2,0,43.64124435,-86.26726673,26127.0,351.38096497525214,2.150537634408602,91,93,2,0,91,93,26625,0,0,0,0,0
2020-06-07,US,Michigan,Ogemaw,23,1,0,44.33481032,-84.12725175,26129.0,109.53945801781208,4.3478260869565215,22,23,1,0,22,23,20952,0,0,0,0,0
2020-06-07,US,Michigan,Osceola,12,0,0,43.98992088,-85.32566756,26133.0,51.15089514066496,0.0,12,12,0,0,12,12,23341,0,0,0,0,0
2020-06-07,US,Michigan,Oscoda,5,1,0,44.68192279,-84.12939244,26135.0,60.6722485135299,20.0,4,5,1,0,4,5,8276,0,0,0,0,0
2020-06-07,US,Michigan,Otsego,102,10,0,45.02085831,-84.59898295,26137.0,413.49116263985735,9.803921568627453,92,102,10,0,92,102,24665,0,0,0,0,0
2020-06-07,US,Michigan,Ottawa,817,41,0,42.95996803,-85.9969107,26139.0,279.9575095089607,5.018359853121175,776,817,41,0,776,817,290494,0,0,0,0,0
2020-06-07,US,Michigan,Out of MI,28,0,0,0.0,0.0,80026.0,0.0,0.0,28,28,0,0,28,28,,0,0,0,0,0
2020-06-07,US,Michigan,Presque Isle,11,0,0,45.34018577,-83.91498656,26141.0,87.35705209656925,0.0,11,11,0,0,11,11,12738,0,0,0,0,0
2020-06-07,US,Michigan,Roscommon,21,0,0,44.33473082,-84.61067651,26143.0,87.43078396269621,0.0,21,21,0,0,21,21,23884,0,0,0,0,0
2020-06-07,US,Michigan,Saginaw,1081,110,0,43.33433923,-84.05131209999998,26145.0,567.3379203207743,10.175763182238668,971,1081,110,0,971,1081,190800,0,0,0,0,0
2020-06-07,US,Michigan,Sanilac,42,5,0,43.42406072,-82.82055898,26151.0,102.01603109059995,11.904761904761903,37,42,5,0,37,42,41182,0,0,0,0,0
2020-06-07,US,Michigan,Schoolcraft,4,0,0,46.19235734,-86.19972234,26153.0,49.419322955275504,0.0,4,4,0,0,4,4,8068,0,0,0,0,0
2020-06-07,US,Michigan,Shiawassee,239,26,0,42.95392800000001,-84.14585902,26155.0,350.84113795836885,10.878661087866108,213,239,26,0,213,239,68192,0,0,0,0,0
2020-06-07,US,Michigan,St. Clair,453,43,0,42.92655373,-82.67937954,26147.0,284.67648685335075,9.492273730684326,410,453,43,0,410,453,159337,0,0,0,0,0
2020-06-07,US,Michigan,St. Joseph,139,3,0,41.91441767,-85.52797979,26149.0,228.00341184961616,2.1582733812949644,136,139,3,0,136,139,61043,0,0,0,0,0
2020-06-07,US,Michigan,Tuscola,192,25,0,43.46606813,-83.41897025,26157.0,367.4992822279644,13.020833333333336,167,192,25,0,167,192,52516,0,0,0,0,0
2020-06-07,US,Michigan,Unassigned,5901,283,0,0.0,0.0,90026.0,0.0,4.795797322487713,5618,13,1,0,12,13,,5888,282,0,5606,0
2020-06-07,US,Michigan,Van Buren,151,6,0,42.25190229,-86.01939087,26159.0,199.53222247182103,3.9735099337748334,145,151,6,0,145,151,75448,0,0,0,0,0
2020-06-07,US,Michigan,Washtenaw,1348,100,0,42.253105,-83.83853204,26161.0,366.7019404190957,7.418397626112759,1248,1348,100,0,1248,1348,370963,0,0,0,0,0
2020-06-07,US,Michigan,Wayne,20663,2499,0,42.28098405,-83.281255,26163.0,1181.1863082311474,12.09408120795625,18164,20663,2499,0,18164,20663,1753893,0,0,0,0,0
2020-06-07,US,Michigan,Wexford,12,3,0,44.33853602,-85.57712739,26165.0,35.681365406916235,25.0,9,12,3,0,9,12,33466,0,0,0,0,0
2020-06-07,US,Minnesota,Aitkin,12,0,0,46.60962049,-93.41168259999999,27001.0,75.53820974442904,0.0,12,12,0,0,12,12,15902,0,0,0,0,0
2020-06-07,US,Minnesota,Anoka,1585,82,0,45.27476015,-93.24604565,27003.0,444.0758599241849,5.173501577287067,1503,1555,81,0,1474,1527,353813,30,1,0,29,28
2020-06-07,US,Minnesota,Becker,44,0,0,46.93479392,-95.67158144,27005.0,127.82151468494902,0.0,44,44,0,0,44,44,34371,0,0,0,0,0
2020-06-07,US,Minnesota,Beltrami,21,0,0,47.97373527,-94.93732139,27007.0,44.50283970500975,0.0,21,20,0,0,20,18,46847,1,0,0,1,2
2020-06-07,US,Minnesota,Benton,188,3,0,45.69804958,-93.99514135,27009.0,459.78135928978446,1.5957446808510638,185,187,3,0,184,185,40545,1,0,0,1,2
2020-06-07,US,Minnesota,Big Stone,12,0,0,45.42712824,-96.41403739,27011.0,240.43277900220403,0.0,12,11,0,0,11,11,4989,1,0,0,1,0
2020-06-07,US,Minnesota,Blue Earth,152,0,0,44.03554215,-94.06699781,27013.0,224.67591976704654,0.0,152,151,0,0,151,149,67427,1,0,0,1,2
2020-06-07,US,Minnesota,Brown,18,2,0,44.24205652,-94.72562874,27015.0,71.97696737044146,11.111111111111109,16,17,2,0,15,17,25111,1,0,0,1,0
2020-06-07,US,Minnesota,Carlton,77,0,0,46.59180601,-92.67601019,27017.0,214.65808034345287,0.0,77,75,0,0,75,75,35837,2,0,0,2,0
2020-06-07,US,Minnesota,Carver,250,2,0,44.82017001,-93.80099179999999,27019.0,237.8935949528495,0.8,248,247,2,0,245,240,103551,3,0,0,3,7
2020-06-07,US,Minnesota,Cass,11,2,0,46.95043611,-94.32603968,27021.0,36.93878236341045,18.181818181818183,9,11,2,0,9,11,29519,0,0,0,0,0
2020-06-07,US,Minnesota,Chippewa,52,1,0,45.02343421,-95.56403693,27023.0,440.6779661016949,1.9230769230769231,51,52,1,0,51,52,11924,0,0,0,0,0
2020-06-07,US,Minnesota,Chisago,70,1,0,45.5021011,-92.90861945,27025.0,123.72081514342777,1.4285714285714286,69,70,1,0,69,69,55922,0,0,0,0,1
2020-06-07,US,Minnesota,Clay,462,30,0,46.89289518,-96.48761922,27027.0,719.3796518327052,6.493506493506493,432,457,30,0,427,449,63955,5,0,0,5,8
2020-06-07,US,Minnesota,Clearwater,3,0,0,47.57992111,-95.37790562,27029.0,34.02132002721706,0.0,3,3,0,0,3,3,8810,0,0,0,0,0
2020-06-07,US,Minnesota,Cottonwood,90,0,0,44.00715262,-95.18138802,27033.0,803.8585209003215,0.0,90,86,0,0,86,82,11277,4,0,0,4,4
2020-06-07,US,Minnesota,Crow Wing,82,5,0,46.48096553,-94.06755609,27035.0,126.04719083852123,6.097560975609755,77,82,5,0,77,81,64889,0,0,0,0,1
2020-06-07,US,Minnesota,Dakota,1504,65,0,44.67172617,-93.06299363,27037.0,350.56559002939247,4.321808510638299,1439,1481,64,0,1417,1446,425423,23,1,0,22,35
2020-06-07,US,Minnesota,Dodge,55,0,0,44.02238415,-92.86244324,27039.0,262.73048629024555,0.0,55,55,0,0,55,54,20822,0,0,0,0,1
2020-06-07,US,Minnesota,Douglas,47,0,0,45.93348491,-95.45335469,27041.0,123.22697359796543,0.0,47,46,0,0,46,46,37964,1,0,0,1,0
2020-06-07,US,Minnesota,Faribault,23,0,0,43.67381499,-93.94787458,27043.0,168.46114407090016,0.0,23,23,0,0,23,22,13758,0,0,0,0,1
2020-06-07,US,Minnesota,Fillmore,20,1,0,43.67394126,-92.08980382,27045.0,94.93520672141264,5.0,19,18,1,0,17,17,21058,2,0,0,2,1
2020-06-07,US,Minnesota,Freeborn,177,0,0,43.67385583,-93.34884422,27047.0,584.5249496383869,0.0,177,170,0,0,170,159,30444,7,0,0,7,11
2020-06-07,US,Minnesota,Goodhue,77,7,0,44.40849741,-92.72341949999999,27049.0,166.16314199395768,9.090909090909092,70,76,7,0,69,73,46403,1,0,0,1,3
2020-06-07,US,Minnesota,Grant,5,0,0,45.93424769,-96.01139609,27051.0,83.72404554588077,0.0,5,4,0,0,4,4,6021,1,0,0,1,0
2020-06-07,US,Minnesota,Hennepin,9372,676,0,45.00761521,-93.47694895,27053.0,740.3761761924662,7.212974818608623,8696,9255,667,0,8588,9099,1259428,117,9,0,108,156
2020-06-07,US,Minnesota,Houston,3,0,0,43.67129565,-91.49143057,27055.0,16.129032258064516,0.0,3,3,0,0,3,3,18578,0,0,0,0,0
2020-06-07,US,Minnesota,Hubbard,4,0,0,47.10778564,-94.91693868,27057.0,18.61244241775627,0.0,4,3,0,0,3,3,21332,1,0,0,1,0
2020-06-07,US,Minnesota,Isanti,39,0,0,45.56181234,-93.29487636,27059.0,96.06857818504288,0.0,39,37,0,0,37,36,39966,2,0,0,2,1
2020-06-07,US,Minnesota,Itasca,56,11,0,47.51009045,-93.63092229,27061.0,124.08597385331265,19.642857142857142,45,56,10,0,46,56,45108,0,1,0,-1,0
2020-06-07,US,Minnesota,Jackson,42,0,0,43.67423373,-95.15398258,27063.0,426.5691651432053,0.0,42,42,0,0,42,42,9911,0,0,0,0,0
2020-06-07,US,Minnesota,Kanabec,12,1,0,45.9459309,-93.29275192,27065.0,73.45289832894656,8.333333333333334,11,12,1,0,11,12,16207,0,0,0,0,0
2020-06-07,US,Minnesota,Kandiyohi,521,1,0,45.1526059,-95.00586446,27067.0,1206.0464362600985,0.19193857965451053,520,517,1,0,516,514,42855,4,0,0,4,3
2020-06-07,US,Minnesota,Kittson,1,0,0,48.77754106,-96.78317184,27069.0,23.266635644485806,0.0,1,1,0,0,1,1,4248,0,0,0,0,0
2020-06-07,US,Minnesota,Koochiching,9,0,0,48.24539665,-93.78352843,27071.0,73.59555155777251,0.0,9,9,0,0,9,9,12440,0,0,0,0,0
2020-06-07,US,Minnesota,Lac qui Parle,3,0,0,44.9973857,-96.17488219,27073.0,45.29669334138608,0.0,3,3,0,0,3,3,6658,0,0,0,0,0
2020-06-07,US,Minnesota,Lake,1,0,0,47.64270764,-91.44557998,27075.0,9.3976130062964,0.0,1,1,0,0,1,1,10658,0,0,0,0,0
2020-06-07,US,Minnesota,Le Sueur,49,1,0,44.37136597,-93.72844721,27079.0,169.62647557724932,2.0408163265306123,48,48,1,0,47,47,28494,1,0,0,1,1
2020-06-07,US,Minnesota,Lincoln,6,0,0,44.41311883,-96.26688165,27081.0,106.40184429863451,0.0,6,6,0,0,6,6,5673,0,0,0,0,0
2020-06-07,US,Minnesota,Lyon,133,2,0,44.41327865,-95.83806103,27083.0,522.100965690508,1.5037593984962403,131,110,2,0,108,101,25629,23,0,0,23,9
2020-06-07,US,Minnesota,Mahnomen,6,1,0,47.32557075,-95.80921485,27087.0,108.5579880586213,16.666666666666668,5,6,1,0,5,6,5519,0,0,0,0,0
2020-06-07,US,Minnesota,Marshall,12,0,0,48.35825983,-96.37017407,27089.0,128.53470437017995,0.0,12,12,0,0,12,12,9390,0,0,0,0,0
2020-06-07,US,Minnesota,Martin,137,5,0,43.67429718,-94.55099908,27091.0,696.0321089264846,3.6496350364963503,132,137,5,0,132,135,19785,0,0,0,0,2
2020-06-07,US,Minnesota,McLeod,43,0,0,44.82367677,-94.27287017,27085.0,119.8005182068927,0.0,43,43,0,0,43,41,35873,0,0,0,0,2
2020-06-07,US,Minnesota,Meeker,46,1,0,45.12328869,-94.52839455,27093.0,198.08801998105244,2.1739130434782608,45,46,1,0,45,46,23141,0,0,0,0,0
2020-06-07,US,Minnesota,Mille Lacs,24,1,0,45.93705297,-93.63236823,27095.0,91.33462724055258,4.166666666666667,23,24,1,0,23,24,26139,0,0,0,0,0
2020-06-07,US,Minnesota,Morrison,51,0,0,46.01265363,-94.27341528,27097.0,152.75864134667225,0.0,51,49,0,0,49,48,33169,2,0,0,2,1
2020-06-07,US,Minnesota,Mower,504,2,0,43.67142874,-92.75234549,27099.0,1258.050022465179,0.3968253968253968,502,482,2,0,480,446,40011,22,0,0,22,36
2020-06-07,US,Minnesota,Murray,41,0,0,44.02216709,-95.76328482,27101.0,500.36612155235537,0.0,41,41,0,0,41,41,8276,0,0,0,0,0
2020-06-07,US,Minnesota,Nicollet,89,11,0,44.35291112,-94.24710352,27103.0,259.67205461866143,12.359550561797755,78,89,11,0,78,88,34220,0,0,0,0,1
2020-06-07,US,Minnesota,Nobles,1592,5,0,43.67434621,-95.75329576,27105.0,7360.488233390355,0.314070351758794,1587,1585,5,0,1580,1577,21924,7,0,0,7,8
2020-06-07,US,Minnesota,Norman,15,0,0,47.32628443,-96.45620947,27107.0,235.29411764705884,0.0,15,15,0,0,15,15,6475,0,0,0,0,0
2020-06-07,US,Minnesota,Olmsted,711,12,0,44.00374114,-92.40209944,27109.0,449.1670509750905,1.6877637130801688,699,699,12,0,687,689,156277,12,0,0,12,10
2020-06-07,US,Minnesota,Otter Tail,76,1,0,46.40846929,-95.70835255,27111.0,129.37051033261838,1.3157894736842106,75,75,1,0,74,73,58812,1,0,0,1,2
2020-06-07,US,Minnesota,Pennington,34,0,0,48.06642577,-96.0370814,27113.0,240.8102556838303,0.0,34,31,0,0,31,30,14178,3,0,0,3,1
2020-06-07,US,Minnesota,Pine,93,0,0,46.12105238,-92.74070188,27115.0,314.4122519354948,0.0,93,93,0,0,93,93,29483,0,0,0,0,0
2020-06-07,US,Minnesota,Pipestone,14,0,0,44.02301619,-96.25841142,27117.0,153.40784571553803,0.0,14,13,0,0,13,13,9047,1,0,0,1,0
2020-06-07,US,Minnesota,Polk,64,2,0,47.77372465,-96.40134647,27119.0,204.055605152404,3.125,62,63,2,0,61,63,31529,1,0,0,1,0
2020-06-07,US,Minnesota,Pope,10,0,0,45.58606667,-95.44451209,27121.0,88.8967908258512,0.0,10,10,0,0,10,10,11097,0,0,0,0,0
2020-06-07,US,Minnesota,Ramsey,3507,155,0,45.01625271,-93.09872295,27123.0,637.2644329400478,4.4197319646421445,3352,3445,152,0,3293,3351,550210,62,3,0,59,94
2020-06-07,US,Minnesota,Red Lake,4,0,0,47.87197525,-96.09561104,27125.0,98.64364981504316,0.0,4,4,0,0,4,4,3999,0,0,0,0,0
2020-06-07,US,Minnesota,Redwood,7,0,0,44.40555844,-95.25207021,27127.0,46.14370468029005,0.0,7,7,0,0,7,7,15249,0,0,0,0,0
2020-06-07,US,Minnesota,Renville,8,0,0,44.72836381,-94.94553734,27129.0,54.99037668408029,0.0,8,7,0,0,7,7,14612,1,0,0,1,0
2020-06-07,US,Minnesota,Rice,576,3,0,44.3543376,-93.29658715,27131.0,860.0609209819029,0.5208333333333334,573,565,3,0,562,524,66523,11,0,0,11,41
2020-06-07,US,Minnesota,Rock,23,0,0,43.67482683,-96.25296832,27133.0,246.9135802469136,0.0,23,23,0,0,23,23,9414,0,0,0,0,0
2020-06-07,US,Minnesota,Roseau,4,0,0,48.77501878,-95.81079919,27135.0,26.376524892845374,0.0,4,3,0,0,3,3,15150,1,0,0,1,0
2020-06-07,US,Minnesota,Scott,486,2,0,44.6490231,-93.53340251,27139.0,326.14604094944735,0.41152263374485604,484,483,2,0,481,471,147381,3,0,0,3,12
2020-06-07,US,Minnesota,Sherburne,254,2,0,45.44447208,-93.77617511,27141.0,261.2147514346243,0.7874015748031497,252,253,2,0,251,249,96036,1,0,0,1,4
2020-06-07,US,Minnesota,Sibley,19,0,0,44.5796592,-94.23164924,27143.0,127.81701984527412,0.0,19,17,0,0,17,17,15028,2,0,0,2,0
2020-06-07,US,Minnesota,St. Louis,119,14,0,47.604840700000004,-92.46879855,27137.0,59.77796754910333,11.764705882352944,105,119,14,0,105,119,199754,0,0,0,0,0
2020-06-07,US,Minnesota,Stearns,2070,16,0,45.55192576,-94.61078221,27145.0,1285.1156293652025,0.7729468599033816,2054,2063,15,0,2048,2056,159256,7,1,0,6,7
2020-06-07,US,Minnesota,Steele,172,0,0,44.02240351,-93.22627088,27147.0,469.31703457120244,0.0,172,171,0,0,171,170,36803,1,0,0,1,1
2020-06-07,US,Minnesota,Stevens,1,0,0,45.58613007,-96.00163705,27149.0,10.198878123406423,0.0,1,1,0,0,1,1,9753,0,0,0,0,0
2020-06-07,US,Minnesota,Swift,19,1,0,45.2829032,-95.68264092,27151.0,205.05072307360246,5.2631578947368425,18,19,1,0,18,19,9345,0,0,0,0,0
2020-06-07,US,Minnesota,Todd,350,2,0,46.06996226,-94.89785296,27153.0,1419.0723321440155,0.5714285714285714,348,346,2,0,344,344,24582,4,0,0,4,2
2020-06-07,US,Minnesota,Traverse,5,0,0,45.77298854,-96.47062949,27155.0,153.42129487572873,0.0,5,5,0,0,5,4,3308,0,0,0,0,1
2020-06-07,US,Minnesota,Unassigned,87,11,0,0.0,0.0,90027.0,0.0,12.64367816091954,76,96,11,0,85,96,,-9,0,0,-9,0
2020-06-07,US,Minnesota,Wabasha,20,0,0,44.28424356,-92.23121312,27157.0,92.47699634715865,0.0,20,20,0,0,20,20,21645,0,0,0,0,0
2020-06-07,US,Minnesota,Wadena,10,0,0,46.58589171,-94.96968506,27159.0,73.0887297178775,0.0,10,10,0,0,10,10,13773,0,0,0,0,0
2020-06-07,US,Minnesota,Waseca,30,0,0,44.02211116,-93.58720034,27161.0,161.18633139909736,0.0,30,31,0,0,31,29,18691,-1,0,0,-1,2
2020-06-07,US,Minnesota,Washington,721,37,0,45.03864533,-92.88429635,27163.0,274.7294619722603,5.131761442441055,684,712,37,0,675,700,259201,9,0,0,9,12
2020-06-07,US,Minnesota,Watonwan,83,0,0,43.97823903,-94.61413846,27165.0,761.6775259245662,0.0,83,80,0,0,80,79,10980,3,0,0,3,1
2020-06-07,US,Minnesota,Wilkin,11,3,0,46.35721532,-96.4684375,27167.0,177.2192685677461,27.272727272727273,8,11,3,0,8,11,6254,0,0,0,0,0
2020-06-07,US,Minnesota,Winona,85,15,0,43.98772283,-91.78081305,27169.0,168.37017668964424,17.647058823529417,70,83,15,0,68,81,50825,2,0,0,2,2
2020-06-07,US,Minnesota,Wright,358,2,0,45.17297924,-93.96234781,27171.0,258.71351452914865,0.5586592178770949,356,351,2,0,349,349,136349,7,0,0,7,2
2020-06-07,US,Minnesota,Yellow Medicine,7,0,0,44.71710183,-95.86842453,27173.0,72.09805335255948,0.0,7,7,0,0,7,7,9795,0,0,0,0,0
2020-06-07,US,Mississippi,Adams,204,16,0,31.47669768,-91.35326037,28001.0,664.6466621053661,7.84313725490196,188,204,16,0,188,204,31192,0,0,0,0,0
2020-06-07,US,Mississippi,Alcorn,20,1,0,34.88084463,-88.57996173,28003.0,54.122804643736636,5.0,19,20,1,0,19,19,36925,0,0,0,0,1
2020-06-07,US,Mississippi,Amite,65,1,0,31.17467303,-90.80501621,28005.0,528.5842075302919,1.5384615384615383,64,65,1,0,64,65,12326,0,0,0,0,0
2020-06-07,US,Mississippi,Attala,315,20,0,33.08658803,-89.57838564,28007.0,1733.2452954770554,6.349206349206349,295,315,18,0,297,312,18365,0,2,0,-2,3
2020-06-07,US,Mississippi,Benton,15,0,0,34.81681228,-89.18945516,28009.0,181.62005085361423,0.0,15,15,0,0,15,14,8271,0,0,0,0,1
2020-06-07,US,Mississippi,Bolivar,174,11,0,33.79696941,-90.87372121,28011.0,568.1076139480214,6.32183908045977,163,170,11,0,159,169,31333,4,0,0,4,1
2020-06-07,US,Mississippi,Calhoun,70,4,0,33.93683395,-89.33686647,28013.0,487.4312373790126,5.7142857142857135,66,68,4,0,64,68,14436,2,0,0,2,0
2020-06-07,US,Mississippi,Carroll,119,11,0,33.44834567,-89.91994479,28015.0,1196.3406052076002,9.243697478991596,108,119,11,0,108,119,9911,0,0,0,0,0
2020-06-07,US,Mississippi,Chickasaw,147,14,0,33.91983202,-88.9481545,28017.0,859.4983336256798,9.523809523809524,133,146,14,0,132,143,17171,1,0,0,1,3
2020-06-07,US,Mississippi,Choctaw,53,2,0,33.34598242,-89.24809382,28019.0,645.5542021924483,3.7735849056603774,51,52,2,0,50,52,8278,1,0,0,1,0
2020-06-07,US,Mississippi,Claiborne,120,6,0,31.97061673,-90.90702196,28021.0,1335.1134846461948,5.0,114,119,5,0,114,116,9002,1,1,0,0,3
2020-06-07,US,Mississippi,Clarke,159,19,0,32.04158545,-88.68896219999998,28023.0,1023.1001866031787,11.949685534591195,140,157,19,0,138,156,15604,2,0,0,2,1
2020-06-07,US,Mississippi,Clay,132,4,0,33.65358105,-88.77784255,28025.0,683.371298405467,3.0303030303030303,128,130,4,0,126,125,19386,2,0,0,2,5
2020-06-07,US,Mississippi,Coahoma,134,4,0,34.22772299,-90.60415045,28027.0,605.6770927499548,2.985074626865672,130,132,4,0,128,132,22628,2,0,0,2,0
2020-06-07,US,Mississippi,Copiah,341,4,0,31.86977774,-90.44565118,28029.0,1215.0365223588099,1.1730205278592376,337,337,4,0,333,334,28543,4,0,0,4,3
2020-06-07,US,Mississippi,Covington,188,2,0,31.63225413,-89.55389939,28031.0,1008.8001717106675,1.0638297872340423,186,186,2,0,184,183,18853,2,0,0,2,3
2020-06-07,US,Mississippi,DeSoto,611,11,0,34.87625235,-89.99091418,28033.0,330.3684879288437,1.8003273322422257,600,605,11,0,594,593,182001,6,0,0,6,12
2020-06-07,US,Mississippi,Forrest,610,39,0,31.18961454,-89.25832496,28035.0,814.4518472034928,6.39344262295082,571,607,39,0,568,600,75036,3,0,0,3,7
2020-06-07,US,Mississippi,Franklin,30,2,0,31.47786634,-90.89672989,28037.0,388.9537145079735,6.666666666666668,28,29,2,0,27,29,7788,1,0,0,1,0
2020-06-07,US,Mississippi,George,30,2,0,30.86259065,-88.64436789,28039.0,122.44897959183672,6.666666666666668,28,30,2,0,28,30,24250,0,0,0,0,0
2020-06-07,US,Mississippi,Greene,42,1,0,31.21444233,-88.63922281,28041.0,309.14176358015607,2.380952380952381,41,36,1,0,35,30,13586,6,0,0,6,6
2020-06-07,US,Mississippi,Grenada,113,4,0,33.77036166,-89.80245083,28043.0,544.3684362655362,3.5398230088495577,109,112,4,0,108,110,21055,1,0,0,1,2
2020-06-07,US,Mississippi,Hancock,92,12,0,30.41830223,-89.48851033,28045.0,193.147463889822,13.043478260869565,80,92,12,0,80,90,47334,0,0,0,0,2
2020-06-07,US,Mississippi,Harrison,281,7,0,30.51359752,-89.12467576,28047.0,135.04421376393694,2.491103202846975,274,274,7,0,267,268,206650,7,0,0,7,6
2020-06-07,US,Mississippi,Hinds,1137,26,0,32.2656285,-90.44435448,28049.0,490.42443064182197,2.2867194371152157,1111,1111,26,0,1085,1104,237085,26,0,0,26,7
2020-06-07,US,Mississippi,Holmes,454,31,0,33.12345854,-90.08923538,28051.0,2669.01822457378,6.828193832599119,423,444,31,0,413,444,17622,10,0,0,10,0
2020-06-07,US,Mississippi,Humphreys,70,7,0,33.12825718,-90.52252707,28053.0,868.0555555555555,10.0,63,69,7,0,62,64,8257,1,0,0,1,5
2020-06-07,US,Mississippi,Itawamba,90,8,0,34.27993475,-88.3606733,28057.0,384.7798204360838,8.888888888888891,82,89,8,0,81,89,23517,1,0,0,1,0
2020-06-07,US,Mississippi,Jackson,321,15,0,30.54020656,-88.64184064,28059.0,223.51114422387326,4.672897196261682,306,317,15,0,302,314,143277,4,0,0,4,3
2020-06-07,US,Mississippi,Jasper,179,4,0,32.01922104,-89.11786866,28061.0,1092.5959836415798,2.23463687150838,175,175,4,0,171,168,16428,4,0,0,4,7
2020-06-07,US,Mississippi,Jefferson,46,1,0,31.73397872,-91.03764977,28063.0,658.0829756795422,2.1739130434782608,45,46,1,0,45,42,7106,0,0,0,0,4
2020-06-07,US,Mississippi,Jefferson Davis,84,3,0,31.56884708,-89.82670990000004,28065.0,754.8526240115025,3.571428571428572,81,84,3,0,81,82,11234,0,0,0,0,2
2020-06-07,US,Mississippi,Jones,729,34,0,31.62257767,-89.16896899999998,28067.0,1070.5160210285178,4.663923182441701,695,715,34,0,681,709,68461,14,0,0,14,6
2020-06-07,US,Mississippi,Kemper,159,11,0,32.75462946,-88.64105766,28069.0,1632.1083966331348,6.918238993710692,148,159,11,0,148,156,10027,0,0,0,0,3
2020-06-07,US,Mississippi,Lafayette,156,4,0,34.35687874,-89.48490961,28071.0,288.78727855013983,2.5641025641025643,152,156,4,0,152,156,54793,0,0,0,0,0
2020-06-07,US,Mississippi,Lamar,259,5,0,31.20572971,-89.5077704,28073.0,408.8849596640513,1.9305019305019304,254,254,5,0,249,252,62447,5,0,0,5,2
2020-06-07,US,Mississippi,Lauderdale,779,70,0,32.40419769,-88.66229662,28075.0,1050.9274873524453,8.985879332477538,709,775,70,0,705,765,75317,4,0,0,4,10
2020-06-07,US,Mississippi,Lawrence,108,1,0,31.55147224,-90.10841127,28077.0,858.0962974733832,0.925925925925926,107,108,1,0,107,107,12455,0,0,0,0,1
2020-06-07,US,Mississippi,Leake,462,12,0,32.7536828,-89.52402044,28079.0,2027.560782936891,2.5974025974025974,450,460,12,0,448,455,22763,2,0,0,2,5
2020-06-07,US,Mississippi,Lee,224,8,0,34.291877500000005,-88.68149954,28081.0,262.18455920220987,3.571428571428572,216,220,8,0,212,197,85202,4,0,0,4,23
2020-06-07,US,Mississippi,Leflore,288,40,0,33.55545125,-90.29900733,28083.0,1021.8926303090517,13.888888888888891,248,287,39,0,248,282,28919,1,1,0,0,5
2020-06-07,US,Mississippi,Lincoln,289,32,0,31.53288662,-90.45391915,28085.0,846.1921353907418,11.07266435986159,257,286,32,0,254,281,34205,3,0,0,3,5
2020-06-07,US,Mississippi,Lowndes,270,9,0,33.47386518,-88.44191529999998,28087.0,460.7901698097108,3.333333333333333,261,263,9,0,254,252,58930,7,0,0,7,11
2020-06-07,US,Mississippi,Madison,796,29,0,32.63389156,-90.03513564,28089.0,749.0213791026799,3.6432160804020093,767,788,29,0,759,778,105630,8,0,0,8,10
2020-06-07,US,Mississippi,Marion,119,9,0,31.23132643,-89.8209217,28091.0,484.2713547389411,7.563025210084032,110,117,9,0,108,116,24715,2,0,0,2,1
2020-06-07,US,Mississippi,Marshall,90,3,0,34.76216286,-89.50299462,28093.0,255.00085000283332,3.333333333333333,87,89,3,0,86,89,35451,1,0,0,1,0
2020-06-07,US,Mississippi,Monroe,277,25,0,33.89236763,-88.4808438,28095.0,785.7710200839666,9.025270758122744,252,273,25,0,248,269,35564,4,0,0,4,4
2020-06-07,US,Mississippi,Montgomery,85,1,0,33.49419589,-89.61729103,28097.0,869.5652173913044,1.1764705882352942,84,85,1,0,84,84,10023,0,0,0,0,1
2020-06-07,US,Mississippi,Neshoba,755,45,0,32.75339664,-89.11726492,28099.0,2592.897863864277,5.960264900662253,710,747,45,0,702,739,29125,8,0,0,8,8
2020-06-07,US,Mississippi,Newton,298,4,0,32.40021118,-89.11843336,28101.0,1417.8323341897421,1.342281879194631,294,297,4,0,293,292,21443,1,0,0,1,5
2020-06-07,US,Mississippi,Noxubee,200,6,0,33.11009499,-88.56949061,28103.0,1919.9385619660172,3.0,194,196,6,0,190,195,10535,4,0,0,4,1
2020-06-07,US,Mississippi,Oktibbeha,297,16,0,33.42491685,-88.87905132,28105.0,598.9473047371288,5.387205387205388,281,290,16,0,274,283,49599,7,0,0,7,7
2020-06-07,US,Mississippi,Panola,96,3,0,34.36398677,-89.95064249,28107.0,280.76743097800653,3.125,93,93,3,0,90,87,34178,3,0,0,3,6
2020-06-07,US,Mississippi,Pearl River,215,31,0,30.77090935,-89.58677275,28109.0,387.14324299991,14.418604651162793,184,213,31,0,182,212,55387,2,0,0,2,1
2020-06-07,US,Mississippi,Perry,51,3,0,31.17161885,-88.99281835,28111.0,425.95840641443255,5.882352941176472,48,51,3,0,48,51,11931,0,0,0,0,0
2020-06-07,US,Mississippi,Pike,207,11,0,31.17507789,-90.40392572,28113.0,526.8784361637141,5.3140096618357475,196,204,11,0,193,204,39563,3,0,0,3,0
2020-06-07,US,Mississippi,Pontotoc,55,3,0,34.226046000000004,-89.03636807,28115.0,170.9454839311245,5.454545454545454,52,52,3,0,49,49,31833,3,0,0,3,3
2020-06-07,US,Mississippi,Prentiss,56,3,0,34.61810501,-88.51986294,28117.0,222.8767014248189,5.357142857142857,53,55,3,0,52,53,25315,1,0,0,1,2
2020-06-07,US,Mississippi,Quitman,32,0,0,34.25157572,-90.28908,28119.0,471.14252061248527,0.0,32,32,0,0,32,32,7051,0,0,0,0,0
2020-06-07,US,Mississippi,Rankin,480,9,0,32.26469147,-89.94537876,28121.0,309.1369283381958,1.875,471,473,9,0,464,463,153902,7,0,0,7,10
2020-06-07,US,Mississippi,Scott,671,12,0,32.406704100000006,-89.53789439,28123.0,2385.8626084483003,1.7883755588673622,659,670,12,0,658,663,28287,1,0,0,1,7
2020-06-07,US,Mississippi,Sharkey,7,0,0,32.88149103,-90.81595379999999,28125.0,161.99953714417958,0.0,7,7,0,0,7,7,4377,0,0,0,0,0
2020-06-07,US,Mississippi,Simpson,105,0,0,31.91282117,-89.91716179,28127.0,393.87801035336486,0.0,105,105,0,0,105,105,26758,0,0,0,0,0
2020-06-07,US,Mississippi,Smith,165,11,0,32.01744532,-89.50644846,28129.0,1036.6926363407892,6.666666666666668,154,164,11,0,153,156,16002,1,0,0,1,8
2020-06-07,US,Mississippi,Stone,32,0,0,30.79187949,-89.11547539,28131.0,174.52006980802793,0.0,32,32,0,0,32,32,18717,0,0,0,0,0
2020-06-07,US,Mississippi,Sunflower,97,3,0,33.60192578,-90.58882684,28133.0,386.30027877339705,3.0927835051546397,94,96,3,0,93,96,25735,1,0,0,1,0
2020-06-07,US,Mississippi,Tallahatchie,32,1,0,33.95339918,-90.1729398,28135.0,231.7329278007097,3.125,31,31,1,0,30,31,13987,1,0,0,1,0
2020-06-07,US,Mississippi,Tate,96,1,0,34.65133709,-89.94485778,28137.0,338.97108152960703,1.0416666666666667,95,95,1,0,94,93,28759,1,0,0,1,2
2020-06-07,US,Mississippi,Tippah,80,11,0,34.76872156,-88.90988194,28139.0,363.38859868271635,13.75,69,79,11,0,68,76,21995,1,0,0,1,3
2020-06-07,US,Mississippi,Tishomingo,37,0,0,34.74023475,-88.23917219,28141.0,190.88892328328944,0.0,37,37,0,0,37,36,19454,0,0,0,0,1
2020-06-07,US,Mississippi,Tunica,58,3,0,34.64967704,-90.37481167,28143.0,602.1594684385383,5.172413793103448,55,58,3,0,55,58,9944,0,0,0,0,0
2020-06-07,US,Mississippi,Union,91,7,0,34.49162015,-89.00776006,28145.0,315.8077390248135,7.6923076923076925,84,91,7,0,84,89,28606,0,0,0,0,2
2020-06-07,US,Mississippi,Walthall,74,0,0,31.14971548,-90.10446654,28147.0,517.9896402071959,0.0,74,70,0,0,70,67,14465,4,0,0,4,3
2020-06-07,US,Mississippi,Warren,206,11,0,32.35810271,-90.83352619,28149.0,453.9344659659329,5.339805825242719,195,201,10,0,191,199,46176,5,1,0,4,2
2020-06-07,US,Mississippi,Washington,202,8,0,33.28392041,-90.94196237,28151.0,460.04236033614984,3.96039603960396,194,200,8,0,192,199,45063,2,0,0,2,1
2020-06-07,US,Mississippi,Wayne,315,3,0,31.64135687,-88.69573913,28153.0,1560.7194173314176,0.9523809523809524,312,295,3,0,292,280,20298,20,0,0,20,15
2020-06-07,US,Mississippi,Webster,96,5,0,33.61300486,-89.28392912,28155.0,990.81432552379,5.208333333333333,91,93,5,0,88,88,9788,3,0,0,3,5
2020-06-07,US,Mississippi,Wilkinson,85,9,0,31.16078225,-91.31018819,28157.0,984.936268829664,10.588235294117649,76,85,9,0,76,85,8792,0,0,0,0,0
2020-06-07,US,Mississippi,Winston,128,1,0,33.08747908,-89.03391385,28159.0,712.8933444722917,0.78125,127,125,1,0,124,124,18165,3,0,0,3,1
2020-06-07,US,Mississippi,Yalobusha,114,7,0,34.02824175,-89.70762049999998,28161.0,941.5262636273538,6.140350877192982,107,112,6,0,106,111,12392,2,1,0,1,1
2020-06-07,US,Mississippi,Yazoo,301,5,0,32.77890365,-90.39656148,28163.0,1013.8093634220276,1.6611295681063123,296,300,5,0,295,298,28248,1,0,0,1,2
2020-06-07,US,Missouri,Adair,72,0,0,40.19058551,-92.60078167,29001.0,284.1021189283037,0.0,72,68,0,0,68,67,25339,4,0,0,4,1
2020-06-07,US,Missouri,Andrew,33,0,0,39.98492163,-94.80163024,29003.0,186.31436314363143,0.0,33,33,0,0,33,32,17607,0,0,0,0,1
2020-06-07,US,Missouri,Atchison,3,0,0,40.43238737,-95.42970639,29005.0,58.331713007972,0.0,3,3,0,0,3,3,5171,0,0,0,0,0
2020-06-07,US,Missouri,Audrain,111,0,0,39.215877,-91.84242683,29007.0,437.2144320151253,0.0,111,111,0,0,111,108,25473,0,0,0,0,3
2020-06-07,US,Missouri,Barry,9,0,0,36.70978521,-93.82919888,29009.0,25.147391656654282,0.0,9,9,0,0,9,9,35886,0,0,0,0,0
2020-06-07,US,Missouri,Bates,12,1,0,38.25271289,-94.34113157,29013.0,74.20232500618353,8.333333333333334,11,12,1,0,11,12,16320,0,0,0,0,0
2020-06-07,US,Missouri,Benton,13,0,0,38.29503305,-93.28756116,29015.0,66.86210975672479,0.0,13,13,0,0,13,12,19278,0,0,0,0,1
2020-06-07,US,Missouri,Bollinger,7,0,0,37.32449052,-90.02725304,29017.0,57.6938926893596,0.0,7,7,0,0,7,7,12169,0,0,0,0,0
2020-06-07,US,Missouri,Boone,189,2,0,38.99186229,-92.30723575,29019.0,104.7306095986435,1.058201058201058,187,185,2,0,183,173,180005,4,0,0,4,12
2020-06-07,US,Missouri,Buchanan,748,2,0,39.65816401,-94.80138942,29021.0,856.1879034842727,0.26737967914438504,746,744,2,0,742,741,88571,4,0,0,4,3
2020-06-07,US,Missouri,Butler,47,0,0,36.71462476,-90.40421163,29023.0,110.6455106172607,0.0,47,47,0,0,47,47,42639,0,0,0,0,0
2020-06-07,US,Missouri,Caldwell,8,0,0,39.65620858,-93.98308093,29025.0,88.69179600886919,0.0,8,8,0,0,8,7,9108,0,0,0,0,1
2020-06-07,US,Missouri,Callaway,33,1,0,38.83674754,-91.92186505,29027.0,73.75455378494961,3.0303030303030303,32,32,1,0,31,32,44889,1,0,0,1,0
2020-06-07,US,Missouri,Camden,38,1,0,38.02199522,-92.76083747,29029.0,82.06457186049023,2.631578947368421,37,38,1,0,37,38,45815,0,0,0,0,0
2020-06-07,US,Missouri,Cape Girardeau,85,3,0,37.38489388,-89.6843587,29031.0,107.77091706710958,3.5294117647058822,82,85,3,0,82,83,78753,0,0,0,0,2
2020-06-07,US,Missouri,Carroll,9,0,0,39.42762566,-93.50626255,29033.0,103.69858278603527,0.0,9,9,0,0,9,9,8743,0,0,0,0,0
2020-06-07,US,Missouri,Carter,5,1,0,36.94160441,-90.96051322,29035.0,83.58408559010364,20.0,4,5,1,0,4,5,6054,0,0,0,0,0
2020-06-07,US,Missouri,Cass,102,8,0,38.64789422,-94.353399,29037.0,96.42654566080543,7.84313725490196,94,102,8,0,94,100,104954,0,0,0,0,2
2020-06-07,US,Missouri,Cedar,9,0,0,37.72391475,-93.85445441,29039.0,62.72214091574325,0.0,9,9,0,0,9,9,14165,0,0,0,0,0
2020-06-07,US,Missouri,Chariton,6,0,0,39.51499357,-92.9629191,29041.0,80.79719903043363,0.0,6,6,0,0,6,6,7451,0,0,0,0,0
2020-06-07,US,Missouri,Christian,29,0,0,36.9711783,-93.18537118,29043.0,32.733224222585925,0.0,29,29,0,0,29,29,86983,0,0,0,0,0
2020-06-07,US,Missouri,Clark,1,0,0,40.41040752,-91.73661677,29045.0,14.712373105781962,0.0,1,1,0,0,1,1,6842,0,0,0,0,0
2020-06-07,US,Missouri,Clay,233,4,0,39.31132056,-94.41850862,29047.0,93.21938963304369,1.7167381974248928,229,226,4,0,222,186,246365,7,0,0,7,40
2020-06-07,US,Missouri,Clinton,20,0,0,39.6013098,-94.40465394,29049.0,98.10173149556091,0.0,20,20,0,0,20,20,20470,0,0,0,0,0
2020-06-07,US,Missouri,Cole,61,1,0,38.50455671,-92.27860244,29051.0,79.48400547266922,1.639344262295082,60,61,1,0,60,61,76796,0,0,0,0,0
2020-06-07,US,Missouri,Cooper,9,0,0,38.844478,-92.80896081,29053.0,50.82161612739286,0.0,9,9,0,0,9,9,17603,0,0,0,0,0
2020-06-07,US,Missouri,Crawford,9,0,0,37.97663738,-91.30528104,29055.0,37.625418060200666,0.0,9,9,0,0,9,9,23957,0,0,0,0,0
2020-06-07,US,Missouri,Dallas,5,0,0,37.681135499999996,-93.02127031,29059.0,29.624363076193863,0.0,5,4,0,0,4,4,16762,1,0,0,1,0
2020-06-07,US,Missouri,Daviess,5,0,0,39.96145298,-93.98519678,29061.0,60.40106305870983,0.0,5,5,0,0,5,5,8313,0,0,0,0,0
2020-06-07,US,Missouri,DeKalb,7,0,0,39.89201062,-94.40476508,29063.0,55.79022873993783,0.0,7,7,0,0,7,6,12630,0,0,0,0,1
2020-06-07,US,Missouri,Dunklin,49,2,0,36.27167174,-90.09122243,29069.0,168.20569153135838,4.081632653061225,47,48,2,0,46,48,29423,1,0,0,1,0
2020-06-07,US,Missouri,Franklin,150,17,0,38.41127108,-91.07522826,29071.0,144.27654928967848,11.333333333333336,133,150,17,0,133,149,103670,0,0,0,0,1
2020-06-07,US,Missouri,Gasconade,2,0,0,38.43947277,-91.50847147,29073.0,13.599891200870395,0.0,2,2,0,0,2,2,14705,0,0,0,0,0
2020-06-07,US,Missouri,Gentry,52,0,0,40.21097916,-94.40944419,29075.0,791.3559579972607,0.0,52,52,0,0,52,46,6628,0,0,0,0,6
2020-06-07,US,Missouri,Greene,174,8,0,37.2575872,-93.34230916,29077.0,59.36824003875996,4.597701149425287,166,174,8,0,166,171,291923,0,0,0,0,3
2020-06-07,US,Missouri,Harrison,9,0,0,40.35570088,-93.99222144,29081.0,107.75862068965515,0.0,9,9,0,0,9,9,8414,0,0,0,0,0
2020-06-07,US,Missouri,Henry,12,3,0,38.38482826,-93.79293734,29083.0,54.98533724340176,25.0,9,12,3,0,9,12,21792,0,0,0,0,0
2020-06-07,US,Missouri,Holt,2,0,0,40.09799248,-95.21638879999999,29087.0,45.42357483533954,0.0,2,2,0,0,2,2,4404,0,0,0,0,0
2020-06-07,US,Missouri,Howard,3,0,0,39.1435761,-92.69756691,29089.0,29.99700029997,0.0,3,3,0,0,3,3,10137,0,0,0,0,0
2020-06-07,US,Missouri,Howell,12,0,0,36.77383887,-91.88683935,29091.0,29.912505920183463,0.0,12,12,0,0,12,11,40076,0,0,0,0,1
2020-06-07,US,Missouri,Iron,3,0,0,37.55487945,-90.7735296,29093.0,29.62962962962963,0.0,3,3,0,0,3,3,10177,0,0,0,0,0
2020-06-07,US,Missouri,Jackson,702,22,0,39.01002188,-94.34724536,29095.0,99.85619001694141,3.133903133903134,680,696,22,0,674,686,700307,6,0,0,6,10
2020-06-07,US,Missouri,Jasper,56,0,0,37.20351921,-94.34050458,29097.0,46.15587498351576,0.0,56,50,0,0,50,46,120636,6,0,0,6,4
2020-06-07,US,Missouri,Jefferson,398,18,0,38.25926778,-90.53870896,29099.0,176.82523180543893,4.522613065326633,380,398,18,0,380,398,224347,0,0,0,0,0
2020-06-07,US,Missouri,Johnson,77,0,0,38.74719601,-93.80691168,29101.0,142.42906292774958,0.0,77,77,0,0,77,77,53652,0,0,0,0,0
2020-06-07,US,Missouri,Kansas City,1527,27,0,39.0997,-94.5786,0.0,312.30634245709615,1.7681728880157166,1500,1501,27,0,1474,1468,491918,26,0,0,26,33
2020-06-07,US,Missouri,Laclede,7,0,0,37.65896829,-92.5888493,29105.0,19.595218766620945,0.0,7,7,0,0,7,7,35713,0,0,0,0,0
2020-06-07,US,Missouri,Lafayette,81,3,0,39.06986886,-93.78076396,29107.0,247.64583588112998,3.703703703703704,78,81,3,0,78,80,32598,0,0,0,0,1
2020-06-07,US,Missouri,Lawrence,8,0,0,37.10626634,-93.83293097,29109.0,20.857776039629773,0.0,8,8,0,0,8,8,38359,0,0,0,0,0
2020-06-07,US,Missouri,Lewis,7,1,0,40.09673161,-91.72070156,29111.0,71.6039279869067,14.285714285714285,6,7,1,0,6,7,9855,0,0,0,0,0
2020-06-07,US,Missouri,Lincoln,121,1,0,39.05345619,-90.95588181,29113.0,205.0395675529121,0.8264462809917356,120,121,1,0,120,118,57686,0,0,0,0,3
2020-06-07,US,Missouri,Linn,10,1,0,39.87001769,-93.10704106,29115.0,83.89261744966444,10.0,9,10,1,0,9,10,12037,0,0,0,0,0
2020-06-07,US,Missouri,Livingston,5,0,0,39.78110272,-93.54645978,29117.0,32.83640901031063,0.0,5,5,0,0,5,4,15146,0,0,0,0,1
2020-06-07,US,Missouri,Macon,6,0,0,39.83049768,-92.56453089,29121.0,39.69041476483429,0.0,6,6,0,0,6,6,15153,0,0,0,0,0
2020-06-07,US,Missouri,Madison,3,0,0,37.47865134,-90.34671429999999,29123.0,24.81800132362674,0.0,3,3,0,0,3,3,12188,0,0,0,0,0
2020-06-07,US,Missouri,Maries,2,0,0,38.16193985,-91.92249662,29125.0,22.996435552489363,0.0,2,2,0,0,2,2,8769,0,0,0,0,0
2020-06-07,US,Missouri,Marion,5,0,0,39.80601912,-91.62203062,29127.0,17.525411847178407,0.0,5,5,0,0,5,5,28592,0,0,0,0,0
2020-06-07,US,Missouri,McDonald,26,0,0,36.62869595,-94.34867205,29119.0,113.85033060384464,0.0,26,25,0,0,25,23,23078,1,0,0,1,2
2020-06-07,US,Missouri,Miller,4,0,0,38.21450288,-92.42610898,29131.0,15.613411920839999,0.0,4,4,0,0,4,4,25336,0,0,0,0,0
2020-06-07,US,Missouri,Mississippi,61,0,0,36.82516239,-89.29505753,29133.0,462.8224582701062,0.0,61,61,0,0,61,61,13336,0,0,0,0,0
2020-06-07,US,Missouri,Moniteau,49,0,0,38.63571781,-92.57976951,29135.0,303.74411108356065,0.0,49,49,0,0,49,49,16121,0,0,0,0,0
2020-06-07,US,Missouri,Montgomery,11,0,0,38.94022054,-91.47000721,29139.0,95.22985022941737,0.0,11,11,0,0,11,10,11534,0,0,0,0,1
2020-06-07,US,Missouri,Morgan,9,0,0,38.4181765,-92.88791859,29141.0,43.63213264168323,0.0,9,9,0,0,9,9,20358,0,0,0,0,0
2020-06-07,US,Missouri,New Madrid,21,0,0,36.59666326,-89.66070007,29143.0,122.97962052002809,0.0,21,21,0,0,21,21,17296,0,0,0,0,0
2020-06-07,US,Missouri,Newton,26,1,0,36.90519407,-94.3394104,29145.0,44.64592348375575,3.8461538461538463,25,26,1,0,25,23,58266,0,0,0,0,3
2020-06-07,US,Missouri,Nodaway,14,0,0,40.36079813,-94.88133008,29147.0,63.371356147021544,0.0,14,14,0,0,14,14,22304,0,0,0,0,0
2020-06-07,US,Missouri,Oregon,2,0,0,36.68710164,-91.4033755,29149.0,18.995156235160035,0.0,2,2,0,0,2,2,10541,0,0,0,0,0
2020-06-07,US,Missouri,Osage,5,0,0,38.46036182,-91.8613635,29151.0,36.72420124862284,0.0,5,5,0,0,5,5,13714,0,0,0,0,0
2020-06-07,US,Missouri,Pemiscot,91,5,0,36.2130572,-89.78742322,29155.0,575.7671622904144,5.494505494505495,86,91,5,0,86,90,16272,0,0,0,0,1
2020-06-07,US,Missouri,Perry,70,0,0,37.70660776,-89.82741088,29157.0,365.80267558528436,0.0,70,69,0,0,69,69,19150,1,0,0,1,0
2020-06-07,US,Missouri,Pettis,81,1,0,38.72798918,-93.28471706,29159.0,191.3129738538936,1.2345679012345678,80,79,1,0,78,79,42542,2,0,0,2,0
2020-06-07,US,Missouri,Phelps,5,0,0,37.87736118,-91.79351727,29161.0,11.217553227290065,0.0,5,5,0,0,5,5,44732,0,0,0,0,0
2020-06-07,US,Missouri,Pike,28,1,0,39.34310674,-91.16980779,29163.0,152.9887443995192,3.571428571428572,27,28,1,0,27,28,18504,0,0,0,0,0
2020-06-07,US,Missouri,Platte,77,0,0,39.38154439,-94.77068479,29165.0,73.74207512114769,0.0,77,77,0,0,77,77,102985,0,0,0,0,0
2020-06-07,US,Missouri,Polk,4,0,0,37.616229600000004,-93.39828174,29167.0,12.442066627266787,0.0,4,4,0,0,4,4,32201,0,0,0,0,0
2020-06-07,US,Missouri,Pulaski,107,1,0,37.82462075,-92.20783203,29169.0,203.394985458209,0.9345794392523364,106,107,1,0,106,39,52014,0,0,0,0,68
2020-06-07,US,Missouri,Ralls,5,0,0,39.52817427,-91.51838643,29173.0,48.50130953535746,0.0,5,5,0,0,5,5,10212,0,0,0,0,0
2020-06-07,US,Missouri,Randolph,10,0,0,39.44007257,-92.49713740000001,29175.0,40.40730564085987,0.0,10,10,0,0,10,10,24763,0,0,0,0,0
2020-06-07,US,Missouri,Ray,23,0,0,39.353746799999996,-93.98905745,29177.0,99.92180033017637,0.0,23,23,0,0,23,23,22883,0,0,0,0,0
2020-06-07,US,Missouri,Reynolds,2,0,0,37.36085952,-90.97009925,29179.0,31.897926634768737,0.0,2,2,0,0,2,2,6254,0,0,0,0,0
2020-06-07,US,Missouri,Ripley,11,0,0,36.65460667,-90.85990261,29181.0,82.78145695364239,0.0,11,11,0,0,11,11,13401,0,0,0,0,0
2020-06-07,US,Missouri,Saline,283,2,0,39.13734288,-93.20259964,29195.0,1243.3548613857035,0.7067137809187279,281,283,2,0,281,281,22895,0,0,0,0,2
2020-06-07,US,Missouri,Scotland,9,0,0,40.45214695,-92.14709064,29199.0,183.5985312117503,0.0,9,9,0,0,9,9,4966,0,0,0,0,0
2020-06-07,US,Missouri,Scott,121,11,0,37.05588075,-89.56474493,29201.0,316.0919540229885,9.090909090909092,110,121,11,0,110,119,38458,0,0,0,0,2
2020-06-07,US,Missouri,Shelby,1,0,0,39.79742518,-92.07634971,29205.0,16.863406408094434,0.0,1,1,0,0,1,1,6050,0,0,0,0,0
2020-06-07,US,Missouri,St. Charles,838,65,0,38.77875681,-90.66662425,29183.0,208.4463039336156,7.756563245823388,773,836,65,0,771,821,399182,2,0,0,2,15
2020-06-07,US,Missouri,St. Clair,3,0,0,38.03699437,-93.77631447,29185.0,31.925082473129727,0.0,3,3,0,0,3,3,9395,0,0,0,0,0
2020-06-07,US,Missouri,St. Francois,39,2,0,37.81214171,-90.47598685,29187.0,58.022762776166026,5.128205128205129,37,39,2,0,37,38,66692,0,0,0,0,1
2020-06-07,US,Missouri,St. Louis,5217,460,0,38.63770039999999,-90.4458375,29189.0,524.7408733611277,8.817327966264138,4757,5217,460,0,4757,5084,996945,0,0,0,0,133
2020-06-07,US,Missouri,St. Louis City,2071,135,0,38.63555736,-90.24349225,29510.0,689.0104333013946,6.518590053114438,1936,2068,135,0,1933,2053,302838,3,0,0,3,15
2020-06-07,US,Missouri,Ste. Genevieve,12,1,0,37.89090059,-90.1949941,29186.0,67.06158488878954,8.333333333333334,11,12,1,0,11,12,17888,0,0,0,0,0
2020-06-07,US,Missouri,Stoddard,106,0,0,36.85571651,-89.9444155,29207.0,365.2024117140396,0.0,106,106,0,0,106,105,29206,0,0,0,0,1
2020-06-07,US,Missouri,Stone,10,0,0,36.75000327,-93.45256475,29209.0,31.296945418127194,0.0,10,10,0,0,10,10,31749,0,0,0,0,0
2020-06-07,US,Missouri,Sullivan,66,0,0,40.2099105,-93.11150106,29211.0,1083.9218262440463,0.0,66,65,0,0,65,63,6221,1,0,0,1,2
2020-06-07,US,Missouri,Taney,14,2,0,36.65465345,-93.04075153,29213.0,25.03218423687598,14.285714285714285,12,14,2,0,12,14,55852,0,0,0,0,0
2020-06-07,US,Missouri,Texas,1,0,0,37.31728859,-91.96564727,29215.0,3.937317899047169,0.0,1,1,0,0,1,1,25571,0,0,0,0,0
2020-06-07,US,Missouri,Vernon,11,0,0,37.8457799,-94.34127305,29217.0,53.494139960122546,0.0,11,10,0,0,10,10,20528,1,0,0,1,0
2020-06-07,US,Missouri,Warren,29,0,0,38.76529479,-91.16124662,29219.0,81.3487054335325,0.0,29,29,0,0,29,29,34711,0,0,0,0,0
2020-06-07,US,Missouri,Washington,13,1,0,37.96130078,-90.87948158,29221.0,52.56773150020218,7.6923076923076925,12,13,1,0,12,12,24943,0,0,0,0,1
2020-06-07,US,Missouri,Webster,18,0,0,37.2813734,-92.876329,29225.0,45.463730046474026,0.0,18,18,0,0,18,18,39109,0,0,0,0,0
2020-06-07,US,Missouri,Worth,4,0,0,40.47945588,-94.42328751,29227.0,198.7083954297069,0.0,4,4,0,0,4,4,2040,0,0,0,0,0
2020-06-07,US,Missouri,Wright,14,0,0,37.27029221,-92.46914488,29229.0,76.54874514735633,0.0,14,13,0,0,13,11,18378,1,0,0,1,2
2020-06-07,US,Montana,Beaverhead,1,0,0,45.13434354,-112.89846940000001,30001.0,10.578652279699568,0.0,1,1,0,0,1,1,9404,0,0,0,0,0
2020-06-07,US,Montana,Big Horn,39,1,0,45.42335905,-107.492347,30003.0,292.8147758840754,2.5641025641025643,38,36,1,0,35,36,13338,3,0,0,3,0
2020-06-07,US,Montana,Broadwater,4,0,0,46.33277565,-111.49558130000001,30007.0,64.1333974667308,0.0,4,4,0,0,4,4,6085,0,0,0,0,0
2020-06-07,US,Montana,Carbon,6,0,0,45.22850116,-109.0274047,30009.0,55.94405594405596,0.0,6,6,0,0,6,6,10714,0,0,0,0,0
2020-06-07,US,Montana,Cascade,17,2,0,47.30797024,-111.3467922,30013.0,20.893247793918835,11.764705882352944,15,17,2,0,15,17,81643,0,0,0,0,0
2020-06-07,US,Montana,Deer Lodge,3,0,0,46.05953325,-113.073353,30023.0,32.822757111597376,0.0,3,3,0,0,3,3,9131,0,0,0,0,0
2020-06-07,US,Montana,Flathead,37,2,0,48.29575866,-114.05205690000001,30029.0,35.64341174883918,5.405405405405406,35,37,2,0,35,37,102106,0,0,0,0,0
2020-06-07,US,Montana,Gallatin,162,1,0,45.54486106,-111.1692571,30031.0,141.56631770278062,0.6172839506172839,161,161,1,0,160,163,111876,1,0,0,1,-2
2020-06-07,US,Montana,Glacier,6,0,0,48.70513576,-112.9934235,30035.0,43.62684505198866,0.0,6,6,0,0,6,6,13747,0,0,0,0,0
2020-06-07,US,Montana,Golden Valley,3,0,0,46.3816474,-109.17685220000001,30037.0,365.40803897685754,0.0,3,3,0,0,3,3,826,0,0,0,0,0
2020-06-07,US,Montana,Hill,1,0,0,48.62879827,-110.1129252,30041.0,6.066488716330987,0.0,1,1,0,0,1,1,16347,0,0,0,0,0
2020-06-07,US,Montana,Jefferson,3,0,0,46.14907081,-112.094396,30043.0,24.547909336388184,0.0,3,3,0,0,3,3,12097,0,0,0,0,0
2020-06-07,US,Montana,Lake,5,0,0,47.64514965,-114.0898013,30047.0,16.41604832884628,0.0,5,5,0,0,5,5,30250,0,0,0,0,0
2020-06-07,US,Montana,Lewis and Clark,18,0,0,47.12610041,-112.39469799999999,30049.0,25.924645696508808,0.0,18,18,0,0,18,18,68700,0,0,0,0,0
2020-06-07,US,Montana,Liberty,1,0,0,48.56084317,-111.02430700000001,30051.0,42.78990158322636,0.0,1,1,0,0,1,1,2430,0,0,0,0,0
2020-06-07,US,Montana,Lincoln,7,1,0,48.54265777,-115.4046155,30053.0,35.03503503503504,14.285714285714285,6,7,1,0,6,7,19794,0,0,0,0,0
2020-06-07,US,Montana,Madison,8,1,0,45.30080065,-111.9173017,30057.0,93.02325581395347,12.5,7,8,1,0,7,8,8768,0,0,0,0,0
2020-06-07,US,Montana,Meagher,1,0,0,46.59907074,-110.8898557,30059.0,53.705692803437174,0.0,1,1,0,0,1,1,1866,0,0,0,0,0
2020-06-07,US,Montana,Missoula,40,1,0,47.03728583,-113.92135079999998,30063.0,33.44481605351171,2.5,39,40,1,0,39,40,118791,0,0,0,0,0
2020-06-07,US,Montana,Musselshell,1,0,0,46.49684637,-108.39498,30065.0,21.58428663932657,0.0,1,1,0,0,1,1,4651,0,0,0,0,0
2020-06-07,US,Montana,Park,8,0,0,45.48965095,-110.52643940000002,30067.0,48.17535830422739,0.0,8,8,0,0,8,8,16736,0,0,0,0,0
2020-06-07,US,Montana,Pondera,2,0,0,48.22773388,-112.22527029999999,30073.0,33.83522246658772,0.0,2,2,0,0,2,2,5972,0,0,0,0,0
2020-06-07,US,Montana,Ravalli,14,0,0,46.08520862,-114.11891640000002,30081.0,31.959092361776925,0.0,14,14,0,0,14,14,43172,0,0,0,0,0
2020-06-07,US,Montana,Richland,3,0,0,47.78668011,-104.5610786,30083.0,27.770063871146906,0.0,3,3,0,0,3,3,10913,0,0,0,0,0
2020-06-07,US,Montana,Roosevelt,7,0,0,48.29607488,-105.00792679999999,30085.0,63.613231552162844,0.0,7,7,0,0,7,7,11059,0,0,0,0,0
2020-06-07,US,Montana,Rosebud,1,0,0,46.23397237,-106.72928799999998,30087.0,11.189437171310285,0.0,1,1,0,0,1,1,9063,0,0,0,0,0
2020-06-07,US,Montana,Silver Bow,11,0,0,45.90018933,-112.6620092,30093.0,31.505083774881854,0.0,11,11,0,0,11,11,34993,0,0,0,0,0
2020-06-07,US,Montana,Stillwater,1,0,0,45.67071407,-109.3950061,30095.0,10.371292263015972,0.0,1,1,0,0,1,1,9534,0,0,0,0,0
2020-06-07,US,Montana,Toole,29,6,0,48.65577551,-111.69424140000001,30101.0,612.331081081081,20.689655172413797,23,29,6,0,23,29,4853,0,0,0,0,0
2020-06-07,US,Montana,Wheatland,1,0,0,46.46652491,-109.84646359999999,30107.0,47.036688617121364,0.0,1,1,0,0,1,1,2236,0,0,0,0,0
2020-06-07,US,Montana,Yellowstone,105,3,0,45.93955949,-108.26914860000001,30111.0,65.09609423434594,2.8571428571428568,102,104,3,0,101,103,160137,1,0,0,1,1
2020-06-07,US,Nebraska,Adams,275,11,0,40.52449420000001,-98.50117804,31001.0,876.8293849440422,4.0,264,275,11,0,264,275,31511,0,0,0,0,0
2020-06-07,US,Nebraska,Antelope,8,0,0,42.17695516,-98.06662829999999,31003.0,127.02445220704986,0.0,8,8,0,0,8,8,6336,0,0,0,0,0
2020-06-07,US,Nebraska,Boone,7,0,0,41.70759415,-98.06737183,31011.0,134.82280431432974,0.0,7,7,0,0,7,7,5239,0,0,0,0,0
2020-06-07,US,Nebraska,Box Butte,3,0,0,42.22079243,-103.08788340000001,31013.0,27.821570991375317,0.0,3,2,0,0,2,2,10772,1,0,0,1,0
2020-06-07,US,Nebraska,Boyd,1,0,0,42.899727399999996,-98.76486568,31015.0,52.11047420531528,0.0,1,1,0,0,1,1,1955,0,0,0,0,0
2020-06-07,US,Nebraska,Buffalo,174,1,0,40.85486962,-99.07500296,31019.0,350.3896574639038,0.5747126436781609,173,174,1,0,173,172,49615,0,0,0,0,2
2020-06-07,US,Nebraska,Burt,10,0,0,41.85056773,-96.32605633,31021.0,154.82272797646695,0.0,10,10,0,0,10,10,6488,0,0,0,0,0
2020-06-07,US,Nebraska,Butler,51,0,0,41.22703692,-97.13106306,31023.0,636.2275449101796,0.0,51,51,0,0,51,50,8058,0,0,0,0,1
2020-06-07,US,Nebraska,Cass,55,0,0,40.90899107,-96.13971217,31025.0,209.53977445900642,0.0,55,54,0,0,54,54,26159,1,0,0,1,0
2020-06-07,US,Nebraska,Cedar,8,0,0,42.598885100000004,-97.25311951,31027.0,95.21542489883362,0.0,8,8,0,0,8,8,8446,0,0,0,0,0
2020-06-07,US,Nebraska,Chase,1,0,0,40.523719799999995,-101.69780259999999,31029.0,25.4841997961264,0.0,1,1,0,0,1,1,3977,0,0,0,0,0
2020-06-07,US,Nebraska,Cherry,1,0,0,42.54502621,-101.1244332,31031.0,17.577781683951486,0.0,1,1,0,0,1,1,5761,0,0,0,0,0
2020-06-07,US,Nebraska,Cheyenne,10,0,0,41.21999357,-102.9941693,31033.0,112.23344556677891,0.0,10,10,0,0,10,10,9310,0,0,0,0,0
2020-06-07,US,Nebraska,Clay,24,0,0,40.52439441,-98.05126296,31035.0,386.90955989037565,0.0,24,24,0,0,24,24,6214,0,0,0,0,0
2020-06-07,US,Nebraska,Colfax,637,4,0,41.57486951,-97.0868542,31037.0,5948.267812120645,0.6279434850863422,633,635,4,0,631,631,10881,2,0,0,2,4
2020-06-07,US,Nebraska,Cuming,34,0,0,41.91637624,-96.78730772,31039.0,384.35451051322633,0.0,34,34,0,0,34,34,8940,0,0,0,0,0
2020-06-07,US,Nebraska,Custer,34,4,0,41.39374521,-99.72805369,31041.0,315.4866846061056,11.764705882352944,30,34,4,0,30,34,10840,0,0,0,0,0
2020-06-07,US,Nebraska,Dakota,1704,26,0,42.39040144,-96.56656425,31043.0,8508.938380105863,1.5258215962441315,1678,1702,26,0,1676,1702,20083,2,0,0,2,0
2020-06-07,US,Nebraska,Dawes,1,0,0,42.71985036,-103.1313774,31045.0,11.6427989288625,0.0,1,1,0,0,1,1,8716,0,0,0,0,0
2020-06-07,US,Nebraska,Dawson,843,8,0,40.87028216,-99.82014609999999,31047.0,3572.790845518118,0.9489916963226572,835,842,8,0,834,842,23709,1,0,0,1,0
2020-06-07,US,Nebraska,Dixon,32,0,0,42.49188363,-96.86782408,31051.0,567.7785663591201,0.0,32,32,0,0,32,32,5709,0,0,0,0,0
2020-06-07,US,Nebraska,Dodge,567,1,0,41.58071748,-96.65598179,31053.0,1550.6632025160673,0.1763668430335097,566,565,1,0,564,557,36791,2,0,0,2,8
2020-06-07,US,Nebraska,Douglas,5032,42,0,41.29518299,-96.15085305,31055.0,880.7565544775584,0.834658187599364,4990,4982,42,0,4940,4893,566880,50,0,0,50,89
2020-06-07,US,Nebraska,Fillmore,7,1,0,40.52458567,-97.59646937,31059.0,128.15818381545222,14.285714285714285,6,7,1,0,6,7,5527,0,0,0,0,0
2020-06-07,US,Nebraska,Franklin,6,0,0,40.17636348,-98.95299073,31061.0,201.40986908358508,0.0,6,6,0,0,6,6,3023,0,0,0,0,0
2020-06-07,US,Nebraska,Frontier,1,0,0,40.52993007,-100.3924658,31063.0,38.06623524933384,0.0,1,1,0,0,1,1,2608,0,0,0,0,0
2020-06-07,US,Nebraska,Furnas,9,0,0,40.17642064,-99.91247454,31065.0,192.4721984602224,0.0,9,9,0,0,9,9,4715,0,0,0,0,0
2020-06-07,US,Nebraska,Gage,45,4,0,40.26186809,-96.68946704,31067.0,209.17584716218101,8.888888888888891,41,45,4,0,41,45,21493,0,0,0,0,0
2020-06-07,US,Nebraska,Garden,4,0,0,41.61703149,-102.3313973,31069.0,217.74632553075668,0.0,4,4,0,0,4,4,1897,0,0,0,0,0
2020-06-07,US,Nebraska,Garfield,1,0,0,41.91428955,-98.99111827,31071.0,50.787201625190455,0.0,1,1,0,0,1,1,1987,0,0,0,0,0
2020-06-07,US,Nebraska,Gosper,13,0,0,40.51481965,-99.83020279,31073.0,653.2663316582915,0.0,13,13,0,0,13,13,1996,0,0,0,0,0
2020-06-07,US,Nebraska,Greeley,3,0,0,41.56742671,-98.52150266,31077.0,127.33446519524618,0.0,3,3,0,0,3,3,2356,0,0,0,0,0
2020-06-07,US,Nebraska,Hall,1543,44,0,40.87257079,-98.50218293,31079.0,2514.954443955471,2.851587815942968,1499,1542,44,0,1498,1539,61607,1,0,0,1,3
2020-06-07,US,Nebraska,Hamilton,56,11,0,40.87349452,-98.02099117,31081.0,600.6006006006006,19.642857142857142,45,56,11,0,45,55,9280,0,0,0,0,1
2020-06-07,US,Nebraska,Hitchcock,1,0,0,40.17609175,-101.04164770000001,31087.0,36.205648081100655,0.0,1,1,0,0,1,1,2806,0,0,0,0,0
2020-06-07,US,Nebraska,Holt,1,0,0,42.45522056,-98.78402558,31089.0,9.933445912387008,0.0,1,1,0,0,1,1,10178,0,0,0,0,0
2020-06-07,US,Nebraska,Howard,43,4,0,41.2200529,-98.5166499,31093.0,667.1838634600465,9.30232558139535,39,43,4,0,39,43,6468,0,0,0,0,0
2020-06-07,US,Nebraska,Jefferson,8,0,0,40.17584531,-97.142601,31095.0,113.53959693443086,0.0,8,7,0,0,7,7,7097,1,0,0,1,0
2020-06-07,US,Nebraska,Johnson,6,0,0,40.39257596,-96.26522753,31097.0,118.3198580161704,0.0,6,6,0,0,6,6,5134,0,0,0,0,0
2020-06-07,US,Nebraska,Kearney,12,0,0,40.50663314,-98.94877182,31099.0,184.75750577367202,0.0,12,12,0,0,12,12,6544,0,0,0,0,0
2020-06-07,US,Nebraska,Keith,2,0,0,41.19930341,-101.66201640000001,31101.0,24.894199651481205,0.0,2,2,0,0,2,2,8021,0,0,0,0,0
2020-06-07,US,Nebraska,Kimball,8,0,0,41.19774275,-103.7148131,31105.0,220.26431718061676,0.0,8,8,0,0,8,8,3618,0,0,0,0,0
2020-06-07,US,Nebraska,Knox,11,0,0,42.63758421,-97.89178836,31107.0,132.02112337974077,0.0,11,11,0,0,11,10,8419,0,0,0,0,1
2020-06-07,US,Nebraska,Lancaster,1349,10,0,40.78416049,-96.68777155,31109.0,422.76473722147364,0.7412898443291327,1339,1340,10,0,1330,1310,317272,9,0,0,9,30
2020-06-07,US,Nebraska,Lincoln,49,2,0,41.04658298,-100.74753740000001,31111.0,140.34484733917623,4.081632653061225,47,49,2,0,47,48,35185,0,0,0,0,1
2020-06-07,US,Nebraska,Madison,324,4,0,41.91676024,-97.6005481,31119.0,923.1032223140261,1.2345679012345678,320,323,4,0,319,323,35392,1,0,0,1,0
2020-06-07,US,Nebraska,Merrick,35,0,0,41.16624273,-98.0374887,31121.0,451.32172791747263,0.0,35,34,0,0,34,34,7733,1,0,0,1,0
2020-06-07,US,Nebraska,Morrill,11,0,0,41.71711774,-103.0061405,31123.0,236.96682464454975,0.0,11,11,0,0,11,11,4686,0,0,0,0,0
2020-06-07,US,Nebraska,Nance,4,0,0,41.39750195,-97.99327291,31125.0,113.66865586814436,0.0,4,4,0,0,4,4,3532,0,0,0,0,0
2020-06-07,US,Nebraska,Nemaha,4,0,0,40.38514847,-95.85433992,31127.0,57.37234652897303,0.0,4,4,0,0,4,4,6958,0,0,0,0,0
2020-06-07,US,Nebraska,Nuckolls,1,0,0,40.17637905,-98.04743961,31129.0,24.10800385728061,0.0,1,1,0,0,1,1,4195,0,0,0,0,0
2020-06-07,US,Nebraska,Otoe,11,0,0,40.64843556,-96.13374142,31131.0,68.69847614289283,0.0,11,11,0,0,11,10,15985,0,0,0,0,1
2020-06-07,US,Nebraska,Phelps,20,0,0,40.51156033,-99.41461667,31137.0,221.38587558113792,0.0,20,20,0,0,20,20,8996,0,0,0,0,0
2020-06-07,US,Nebraska,Pierce,6,0,0,42.26434853,-97.60122773,31139.0,83.93956351426971,0.0,6,6,0,0,6,6,7142,0,0,0,0,0
2020-06-07,US,Nebraska,Platte,624,1,0,41.57246836,-97.52144359,31141.0,1864.3561398267104,0.16025641025641027,623,621,1,0,620,619,33363,3,0,0,3,2
2020-06-07,US,Nebraska,Polk,11,0,0,41.18813488,-97.56630712,31143.0,211.01093420295413,0.0,11,11,0,0,11,11,5278,0,0,0,0,0
2020-06-07,US,Nebraska,Red Willow,5,0,0,40.17556879999999,-100.476998,31145.0,46.624393882879524,0.0,5,5,0,0,5,5,10726,0,0,0,0,0
2020-06-07,US,Nebraska,Richardson,1,0,0,40.1247415,-95.71755036,31147.0,12.714558169103626,0.0,1,1,0,0,1,1,7937,0,0,0,0,0
2020-06-07,US,Nebraska,Saline,517,2,0,40.52418865,-97.14085859,31151.0,3634.7019122609668,0.3868471953578336,515,515,2,0,513,513,14350,2,0,0,2,2
2020-06-07,US,Nebraska,Sarpy,773,4,0,41.11314181,-96.11156432,31153.0,412.93617384986857,0.517464424320828,769,765,4,0,761,753,184459,8,0,0,8,12
2020-06-07,US,Nebraska,Saunders,51,1,0,41.227810299999994,-96.63773905,31155.0,236.35183983687088,1.96078431372549,50,51,1,0,50,47,21303,0,0,0,0,4
2020-06-07,US,Nebraska,Scotts Bluff,143,0,0,41.85070896,-103.70809859999999,31157.0,401.4823965410748,0.0,143,140,0,0,140,137,35989,3,0,0,3,3
2020-06-07,US,Nebraska,Seward,29,1,0,40.87241834,-97.139673,31159.0,167.78523489932888,3.4482758620689653,28,29,1,0,28,29,17318,0,0,0,0,0
2020-06-07,US,Nebraska,Sherman,5,0,0,41.22045983,-98.97588642,31163.0,166.61112962345885,0.0,5,5,0,0,5,5,3038,0,0,0,0,0
2020-06-07,US,Nebraska,Stanton,21,0,0,41.9169835,-97.19394708,31167.0,354.72972972972974,0.0,21,21,0,0,21,21,5970,0,0,0,0,0
2020-06-07,US,Nebraska,Thayer,1,0,0,40.17626377,-97.59504381,31169.0,19.98800719568259,0.0,1,1,0,0,1,1,5039,0,0,0,0,0
2020-06-07,US,Nebraska,Thomas,1,0,0,41.91358968,-100.5556632,31171.0,138.50415512465375,0.0,1,1,0,0,1,1,720,0,0,0,0,0
2020-06-07,US,Nebraska,Thurston,51,0,0,42.15725356,-96.54157099,31173.0,705.9800664451828,0.0,51,50,0,0,50,50,7303,1,0,0,1,0
2020-06-07,US,Nebraska,Unassigned,217,0,0,0.0,0.0,90031.0,0.0,0.0,217,217,0,0,217,217,,0,0,0,0,0
2020-06-07,US,Nebraska,Valley,5,0,0,41.56730777,-98.98197724,31175.0,120.25012025012023,0.0,5,5,0,0,5,5,4190,0,0,0,0,0
2020-06-07,US,Nebraska,Washington,36,1,0,41.52815707,-96.22019892,31177.0,173.66973804814515,2.7777777777777777,35,34,1,0,33,33,20667,2,0,0,2,1
2020-06-07,US,Nebraska,Wayne,25,0,0,42.20934475,-97.11926964,31179.0,266.3825253063399,0.0,25,24,0,0,24,23,9403,1,0,0,1,1
2020-06-07,US,Nebraska,Webster,5,0,0,40.17642643,-98.50019851,31181.0,143.38973329509608,0.0,5,5,0,0,5,5,3533,0,0,0,0,0
2020-06-07,US,Nebraska,York,37,0,0,40.87272618,-97.59710186,31185.0,270.4876087433292,0.0,37,37,0,0,37,37,13772,0,0,0,0,0
2020-06-07,US,Nevada,Carson City,109,5,0,39.15509045,-119.7480219,32510.0,194.93526003290648,4.587155963302751,104,109,5,0,104,107,55414,0,0,0,0,2
2020-06-07,US,Nevada,Churchill,8,1,0,39.58105744,-118.3394607,32001.0,32.11690553615159,12.5,7,8,1,0,7,8,24440,0,0,0,0,0
2020-06-07,US,Nevada,Clark,7483,359,0,36.21458855,-115.0130241,32003.0,330.1253135043444,4.797541093144461,7124,7331,358,0,6973,7186,2231647,152,1,0,151,145
2020-06-07,US,Nevada,Douglas,38,0,0,38.912862,-119.61713329999999,32005.0,77.70166649626826,0.0,38,38,0,0,38,38,48467,0,0,0,0,0
2020-06-07,US,Nevada,Elko,27,1,0,41.14531606,-115.3577619,32007.0,51.15767933608701,3.703703703703704,26,27,1,0,26,27,52460,0,0,0,0,0
2020-06-07,US,Nevada,Humboldt,78,4,0,41.40692186,-118.11094270000001,32013.0,463.43057453508413,5.128205128205129,74,78,4,0,74,78,16786,0,0,0,0,0
2020-06-07,US,Nevada,Lander,21,0,0,39.933223299999995,-117.03970749999999,32015.0,379.6095444685466,0.0,21,21,0,0,21,21,5575,0,0,0,0,0
2020-06-07,US,Nevada,Lincoln,2,0,0,37.64268459,-114.8790388,32017.0,38.58769052672198,0.0,2,2,0,0,2,2,5201,0,0,0,0,0
2020-06-07,US,Nevada,Lyon,84,1,0,39.01777974,-119.18704790000001,32019.0,146.06155451225877,1.1904761904761905,83,82,1,0,81,81,55808,2,0,0,2,1
2020-06-07,US,Nevada,Mineral,4,0,0,38.53841696,-118.4344506,32021.0,88.79023307436182,0.0,4,4,0,0,4,4,4514,0,0,0,0,0
2020-06-07,US,Nevada,Nye,66,2,0,38.04264256,-116.47227020000001,32023.0,141.8653139307439,3.0303030303030303,64,66,2,0,64,66,45346,0,0,0,0,0
2020-06-07,US,Nevada,Pershing,2,0,0,40.44003782,-118.40056409999998,32027.0,29.739776951672862,0.0,2,2,0,0,2,2,6666,0,0,0,0,0
2020-06-07,US,Nevada,Storey,1,0,0,39.44875482,-119.5250207,32029.0,24.254183846713556,0.0,1,1,0,0,1,1,4029,0,0,0,0,0
2020-06-07,US,Nevada,Washoe,1743,65,0,40.66562265,-119.6631594,32031.0,369.6563659152653,3.729202524383248,1678,1719,65,0,1654,1685,465735,24,0,0,24,34
2020-06-07,US,Nevada,White Pine,3,0,0,39.44157041,-114.89996599999999,32033.0,31.315240083507305,0.0,3,3,0,0,3,3,9475,0,0,0,0,0
2020-06-07,US,New Hampshire,Belknap,68,0,0,43.51637314,-71.41684235,33001.0,110.92442457954748,0.0,68,67,0,0,67,64,61022,1,0,0,1,3
2020-06-07,US,New Hampshire,Carroll,48,0,0,43.87498583,-71.20430216,33003.0,98.13943978736457,0.0,48,48,0,0,48,48,48779,0,0,0,0,0
2020-06-07,US,New Hampshire,Cheshire,57,2,0,42.92015988,-72.25311043,33005.0,74.91621213116909,3.5087719298245608,55,57,2,0,55,57,76493,0,0,0,0,0
2020-06-07,US,New Hampshire,Coos,5,0,0,44.69063265,-71.30633239,33007.0,15.841333206602668,0.0,5,5,0,0,5,5,31589,0,0,0,0,0
2020-06-07,US,New Hampshire,Grafton,76,1,0,43.93779815,-71.82057197,33009.0,84.55154306566095,1.3157894736842106,75,77,1,0,76,76,89786,-1,0,0,-1,1
2020-06-07,US,New Hampshire,Hillsborough,2731,175,0,42.91537785,-71.7200253,33011.0,654.8768059468857,6.407909190772611,2556,2709,172,0,2537,2614,415247,22,3,0,19,95
2020-06-07,US,New Hampshire,Merrimack,372,18,0,43.29662971,-71.6811573,33013.0,245.7213440693304,4.838709677419356,354,371,18,0,353,359,151132,1,0,0,1,12
2020-06-07,US,New Hampshire,Rockingham,1380,76,0,42.98499744,-71.12883377,33015.0,445.49325465104636,5.507246376811594,1304,1378,76,0,1302,1347,309176,2,0,0,2,31
2020-06-07,US,New Hampshire,Strafford,277,13,0,43.291833000000004,-71.02336013,33017.0,212.04442981482472,4.693140794223827,264,277,13,0,264,278,130090,0,0,0,0,-1
2020-06-07,US,New Hampshire,Sullivan,20,1,0,43.36094111,-72.22203125,33019.0,46.35423909516526,5.0,19,20,1,0,19,20,43144,0,0,0,0,0
2020-06-07,US,New Hampshire,Unassigned,9,0,0,0.0,0.0,90033.0,0.0,0.0,9,10,0,0,10,85,,-1,0,0,-1,-75
2020-06-07,US,New Jersey,Atlantic,2364,167,0,39.47538693,-74.65848483,34001.0,896.5752645352145,7.0642978003384105,2197,2330,167,0,2163,2309,265429,34,0,0,34,21
2020-06-07,US,New Jersey,Bergen,18512,1618,0,40.96010917,-74.07164325,34003.0,1985.8356879732073,8.740276577355228,16894,18492,1612,0,16880,18463,936692,20,6,0,14,29
2020-06-07,US,New Jersey,Burlington,4785,327,0,39.87681124,-74.66927768,34005.0,1074.4382495525979,6.83385579937304,4458,4769,314,0,4455,4746,445384,16,13,0,3,23
2020-06-07,US,New Jersey,Camden,6799,369,0,39.80343818,-74.96388753,34007.0,1342.4263185848745,5.427268715987644,6430,6785,364,0,6421,6732,507078,14,5,0,9,53
2020-06-07,US,New Jersey,Cape May,646,51,0,39.15008829,-74.80170244,34009.0,701.8763784917262,7.894736842105262,595,643,50,0,593,637,92560,3,1,0,2,6
2020-06-07,US,New Jersey,Cumberland,2564,90,0,39.37199394,-75.10712559,34011.0,1714.740481652143,3.510140405616225,2474,2557,90,0,2467,2531,150972,7,0,0,7,26
2020-06-07,US,New Jersey,Essex,18077,1707,0,40.78681335,-74.24657979,34013.0,2262.523858693952,9.442938540687061,16370,18066,1701,0,16365,18019,799767,11,6,0,5,47
2020-06-07,US,New Jersey,Gloucester,2328,153,0,39.71581067,-75.13995546,34015.0,798.2553594206478,6.572164948453608,2175,2319,152,0,2167,2310,291408,9,1,0,8,9
2020-06-07,US,New Jersey,Hudson,18916,1218,0,40.73766234,-74.07515667,34017.0,2813.2440797095733,6.438993444702897,17698,18916,1210,0,17706,18875,676061,0,8,0,-8,41
2020-06-07,US,New Jersey,Hunterdon,1023,64,0,40.56335249,-74.91284156,34019.0,822.5390163301735,6.256109481915933,959,1022,63,0,959,1015,124714,1,1,0,0,7
2020-06-07,US,New Jersey,Mercer,7166,501,0,40.28047017,-74.70479631,34021.0,1950.303459162289,6.991348032375106,6665,7148,500,0,6648,7120,369811,18,1,0,17,28
2020-06-07,US,New Jersey,Middlesex,16198,1040,0,40.43629879,-74.41426991,34023.0,1963.2463984524802,6.420545746388442,15158,16203,1032,0,15171,16137,829685,-5,8,0,-13,66
2020-06-07,US,New Jersey,Monmouth,8478,641,0,40.26549699,-74.22240686,34025.0,1370.0821758417571,7.5607454588346314,7837,8454,636,0,7818,8428,621354,24,5,0,19,26
2020-06-07,US,New Jersey,Morris,6592,626,0,40.86095313,-74.54553709999998,34027.0,1340.2596346409946,9.49635922330097,5966,6584,626,0,5958,6572,494228,8,0,0,8,12
2020-06-07,US,New Jersey,Ocean,9022,774,0,39.8895449,-74.28089251,34029.0,1485.8708863511347,8.579029040124139,8248,8979,767,0,8212,8954,601651,43,7,0,36,25
2020-06-07,US,New Jersey,Passaic,16449,972,0,41.03238628,-74.29954144,34031.0,3277.8293671511638,5.909173809958053,15477,16436,969,0,15467,16387,503310,13,3,0,10,49
2020-06-07,US,New Jersey,Salem,675,53,0,39.58719656,-75.34696629999998,34033.0,1081.9908631882665,7.851851851851853,622,670,52,0,618,665,62607,5,1,0,4,5
2020-06-07,US,New Jersey,Somerset,4662,426,0,40.56465737,-74.61683016,34035.0,1417.3055992995553,9.137709137709138,4236,4664,425,0,4239,4651,331164,-2,1,0,-3,13
2020-06-07,US,New Jersey,Sussex,1160,149,0,41.13891592,-74.69118243,34037.0,825.6932976481978,12.844827586206893,1011,1160,149,0,1011,1155,140799,0,0,0,0,5
2020-06-07,US,New Jersey,Unassigned,373,0,0,0.0,0.0,90034.0,0.0,0.0,373,390,0,0,390,403,,-17,0,0,-17,-13
2020-06-07,US,New Jersey,Union,16186,1098,0,40.65835409,-74.30680092,34039.0,2909.366737306796,6.783640182874088,15088,16116,1095,0,15021,16038,558067,70,3,0,67,78
2020-06-07,US,New Jersey,Warren,1189,132,0,40.85951833,-74.99556527,34041.0,1129.5087729297882,11.101766190075693,1057,1190,132,0,1058,1189,105779,-1,0,0,-1,1
2020-06-07,US,New Mexico,Bernalillo,1592,75,0,35.05163625,-106.6703554,35001.0,234.42067024874802,4.711055276381909,1517,1575,74,0,1501,1559,678701,17,1,0,16,16
2020-06-07,US,New Mexico,Catron,2,1,0,33.91514144,-108.4046587,35003.0,56.70541536716757,50.0,1,2,1,0,1,2,3578,0,0,0,0,0
2020-06-07,US,New Mexico,Chaves,49,2,0,33.36406072,-104.4665365,35005.0,75.83378472490908,4.081632653061225,47,49,2,0,47,50,64689,0,0,0,0,-1
2020-06-07,US,New Mexico,Cibola,166,6,0,34.91131525,-107.998876,35006.0,622.3055295220244,3.614457831325301,160,159,6,0,153,152,26746,7,0,0,7,7
2020-06-07,US,New Mexico,Colfax,5,0,0,36.60569702,-104.64726740000002,35007.0,41.87253998827568,0.0,5,5,0,0,5,5,12110,0,0,0,0,0
2020-06-07,US,New Mexico,Curry,62,0,0,34.57421077,-103.34688759999999,35009.0,126.64950770110715,0.0,62,62,0,0,62,62,49437,0,0,0,0,0
2020-06-07,US,New Mexico,Dona Ana,570,3,0,32.35275771,-106.83293870000001,35013.0,261.23421709938356,0.5263157894736842,567,558,3,0,555,535,217522,12,0,0,12,23
2020-06-07,US,New Mexico,Eddy,35,1,0,32.47167456,-104.3053527,35015.0,59.86999657885735,2.8571428571428568,34,30,1,0,29,28,57900,5,0,0,5,2
2020-06-07,US,New Mexico,Grant,15,0,0,32.73911281,-108.3827845,35017.0,55.55967108674717,0.0,15,15,0,0,15,15,27346,0,0,0,0,0
2020-06-07,US,New Mexico,Guadalupe,20,0,0,34.86319296,-104.790669,35019.0,465.11627906976736,0.0,20,20,0,0,20,20,4341,0,0,0,0,0
2020-06-07,US,New Mexico,Harding,1,0,0,35.85751555,-103.82209379999999,35021.0,160.0,0.0,1,1,0,0,1,1,655,0,0,0,0,0
2020-06-07,US,New Mexico,Hidalgo,1,0,0,31.91383467,-108.7151824,35023.0,23.820867079561697,0.0,1,1,0,0,1,1,4240,0,0,0,0,0
2020-06-07,US,New Mexico,Lea,29,0,0,32.79215361,-103.4123733,35025.0,40.804840298297464,0.0,29,29,0,0,29,29,69611,0,0,0,0,0
2020-06-07,US,New Mexico,Lincoln,5,0,0,33.74526079,-105.4586166,35027.0,25.546699366441857,0.0,5,5,0,0,5,5,19556,0,0,0,0,0
2020-06-07,US,New Mexico,Los Alamos,6,0,0,35.86631386,-106.31349850000001,35028.0,30.977334916619338,0.0,6,6,0,0,6,6,19101,0,0,0,0,0
2020-06-07,US,New Mexico,Luna,12,1,0,32.18179341,-107.75088259999998,35029.0,50.613691003416434,8.333333333333334,11,11,1,0,10,11,23963,1,0,0,1,0
2020-06-07,US,New Mexico,McKinley,2694,130,0,35.58007720000001,-108.262245,35031.0,3774.85392408256,4.825538233110616,2564,2657,129,0,2528,2617,72290,37,1,0,36,40
2020-06-07,US,New Mexico,Otero,26,4,0,32.61348406,-105.7417604,35035.0,38.5242258112313,15.384615384615385,22,25,4,0,21,25,66781,1,0,0,1,0
2020-06-07,US,New Mexico,Quay,5,1,0,35.10403332,-103.54817270000001,35037.0,60.5840300496789,20.0,4,5,1,0,4,5,8253,0,0,0,0,0
2020-06-07,US,New Mexico,Rio Arriba,54,1,0,36.51072137,-106.69316740000001,35039.0,138.74258112587034,1.851851851851852,53,54,1,0,53,54,39006,0,0,0,0,0
2020-06-07,US,New Mexico,Roosevelt,42,0,0,34.02097406,-103.4799493,35041.0,227.027027027027,0.0,42,42,0,0,42,42,18743,0,0,0,0,0
2020-06-07,US,New Mexico,San Juan,1966,132,0,36.50838318,-108.32043700000001,35045.0,1586.021071653302,6.714140386571718,1834,1923,131,0,1792,1893,125043,43,1,0,42,30
2020-06-07,US,New Mexico,San Miguel,15,0,0,35.48014807,-104.8163562,35047.0,54.99138468306632,0.0,15,15,0,0,15,15,27591,0,0,0,0,0
2020-06-07,US,New Mexico,Sandoval,597,27,0,35.68862401,-106.86878030000001,35043.0,406.8198544443536,4.522613065326633,570,585,27,0,558,579,145179,12,0,0,12,6
2020-06-07,US,New Mexico,Santa Fe,155,3,0,35.50708973,-105.9774716,35049.0,103.08729831468894,1.935483870967742,152,150,3,0,147,150,150056,5,0,0,5,0
2020-06-07,US,New Mexico,Sierra,1,0,0,33.13028233,-107.1925893,35051.0,9.266981744045964,0.0,1,1,0,0,1,1,10968,0,0,0,0,0
2020-06-07,US,New Mexico,Socorro,55,5,0,34.00715494,-106.9298354,35053.0,330.58844743643687,9.090909090909092,50,55,5,0,50,54,16735,0,0,0,0,1
2020-06-07,US,New Mexico,Taos,31,0,0,36.58006022,-105.63101979999999,35055.0,94.7345903492956,0.0,31,31,0,0,31,31,32835,0,0,0,0,0
2020-06-07,US,New Mexico,Torrance,35,1,0,34.64048375,-105.8508949,35057.0,226.3760429467693,2.8571428571428568,34,35,1,0,34,34,15591,0,0,0,0,1
2020-06-07,US,New Mexico,Unassigned,608,1,0,0.0,0.0,90035.0,0.0,0.16447368421052633,607,608,0,0,608,605,,0,1,0,-1,3
2020-06-07,US,New Mexico,Union,5,0,0,36.48126404,-103.4709624,35059.0,123.1830500123183,0.0,5,5,0,0,5,5,4118,0,0,0,0,0
2020-06-07,US,New Mexico,Valencia,81,2,0,34.71669834,-106.8103733,35061.0,105.62278322553725,2.469135802469136,79,81,2,0,79,81,76456,0,0,0,0,0
2020-06-07,US,New York,Albany,1961,115,0,42.60060306,-73.97723916,36001.0,641.8859204074552,5.864354920958696,1846,1953,112,0,1841,1941,307117,8,3,0,5,12
2020-06-07,US,New York,Allegany,51,0,0,42.25748406,-78.02750466,36003.0,110.6506693280684,0.0,51,51,0,0,51,51,46430,0,0,0,0,0
2020-06-07,US,New York,Broome,620,52,0,42.15903158,-75.81326086,36007.0,325.47982025114436,8.387096774193548,568,613,52,0,561,605,191659,7,0,0,7,8
2020-06-07,US,New York,Cattaraugus,94,5,0,42.24778241,-78.67923096,36009.0,123.49409461749674,5.319148936170213,89,92,5,0,87,92,76840,2,0,0,2,0
2020-06-07,US,New York,Cayuga,101,2,0,42.91261714,-76.55731592,36011.0,131.8951107396573,1.98019801980198,99,100,2,0,98,98,77145,1,0,0,1,2
2020-06-07,US,New York,Chautauqua,101,4,0,42.22769210000001,-79.36691763,36013.0,79.58834700519294,3.96039603960396,97,99,4,0,95,97,127939,2,0,0,2,2
2020-06-07,US,New York,Chemung,137,2,0,42.13891056,-76.7638805,36015.0,164.15835889570553,1.45985401459854,135,137,2,0,135,137,84254,0,0,0,0,0
2020-06-07,US,New York,Chenango,134,5,0,42.49430041,-75.60887553,36017.0,283.85620776579736,3.7313432835820897,129,133,5,0,128,133,47536,1,0,0,1,0
2020-06-07,US,New York,Clinton,97,4,0,44.74530905,-73.67875352,36019.0,120.51935143194383,4.123711340206185,93,97,4,0,93,97,80695,0,0,0,0,0
2020-06-07,US,New York,Columbia,414,34,0,42.24819348,-73.63089095,36021.0,696.2546879467212,8.21256038647343,380,412,34,0,378,411,59916,2,0,0,2,1
2020-06-07,US,New York,Cortland,41,0,0,42.59509207,-76.07048931,36023.0,86.16884891027931,0.0,41,41,0,0,41,41,47823,0,0,0,0,0
2020-06-07,US,New York,Delaware,85,4,0,42.19837623,-74.96709306,36025.0,192.59091424039883,4.705882352941177,81,85,4,0,81,84,44527,0,0,0,0,1
2020-06-07,US,New York,Dutchess,4000,142,0,41.76486060000001,-73.74356679,36027.0,1359.5361262737156,3.55,3858,3995,142,0,3853,3984,293718,5,0,0,5,11
2020-06-07,US,New York,Erie,6486,560,0,42.76249024,-78.73063652,36029.0,705.9960683660208,8.633980881899475,5926,6429,549,0,5880,6359,919719,57,11,0,46,70
2020-06-07,US,New York,Essex,38,0,0,44.11630765,-73.77297842,36031.0,103.02290904161585,0.0,38,38,0,0,38,38,37300,0,0,0,0,0
2020-06-07,US,New York,Franklin,23,0,0,44.59040891,-74.29926032,36033.0,45.97976890168325,0.0,23,23,0,0,23,23,50293,0,0,0,0,0
2020-06-07,US,New York,Fulton,224,24,0,43.11363907,-74.41798804,36035.0,419.6092388962779,10.714285714285714,200,222,24,0,198,219,53591,2,0,0,2,3
2020-06-07,US,New York,Genesee,208,5,0,43.0022601,-78.19135193,36037.0,363.1284916201117,2.4038461538461537,203,206,5,0,201,205,57511,2,0,0,2,1
2020-06-07,US,New York,Greene,246,18,0,42.275797,-74.12384884,36039.0,521.3189794015427,7.317073170731707,228,246,18,0,228,242,47491,0,0,0,0,4
2020-06-07,US,New York,Hamilton,5,0,0,43.66146647,-74.49721957,36041.0,113.22463768115942,0.0,5,5,0,0,5,5,4434,0,0,0,0,0
2020-06-07,US,New York,Herkimer,123,3,0,43.42034246,-74.96145307,36043.0,200.590355354784,2.4390243902439024,120,122,3,0,119,115,61833,1,0,0,1,7
2020-06-07,US,New York,Jefferson,77,0,0,44.04200959,-75.94653457,36045.0,70.10579601944752,0.0,77,75,0,0,75,75,111755,2,0,0,2,0
2020-06-07,US,New York,Lewis,20,0,0,43.784415700000004,-75.44903992,36049.0,76.057195010648,0.0,20,20,0,0,20,20,26447,0,0,0,0,0
2020-06-07,US,New York,Livingston,121,7,0,42.72596275,-77.77966158,36051.0,192.32603236163646,5.785123966942148,114,121,7,0,114,121,63227,0,0,0,0,0
2020-06-07,US,New York,Madison,327,15,0,42.91653905,-75.67266639,36053.0,460.946420264727,4.587155963302751,312,325,15,0,310,323,70795,2,0,0,2,2
2020-06-07,US,New York,Monroe,3190,236,0,43.14638895,-77.69322942,36055.0,430.0524421316581,7.398119122257054,2954,3167,230,0,2937,3117,742474,23,6,0,17,50
2020-06-07,US,New York,Montgomery,100,4,0,42.90123494,-74.44011632,36057.0,203.16531561731784,4.0,96,98,4,0,94,96,49455,2,0,0,2,2
2020-06-07,US,New York,Nassau,40904,2142,0,40.74066522,-73.58941873,36059.0,3014.465069524896,5.2366516722080965,38762,40853,2135,0,38718,40797,1358343,51,7,0,44,56
2020-06-07,US,New York,New York City,206969,21844,0,40.76727260000001,-73.97152637,36061.0,2482.590178001988,10.554237591136838,185125,206511,21815,0,184696,205940,1628701,458,29,0,429,571
2020-06-07,US,New York,Niagara,1112,70,0,43.19898042,-78.74777412,36063.0,531.3430268395124,6.2949640287769775,1042,1109,70,0,1039,1099,210433,3,0,0,3,10
2020-06-07,US,New York,Oneida,1143,61,0,43.24375382,-75.43710392,36065.0,499.8447551285472,5.336832895888014,1082,1127,58,0,1069,1077,229577,16,3,0,13,50
2020-06-07,US,New York,Onondaga,2392,151,0,43.00491923,-76.19971155,36067.0,519.4038147517632,6.312709030100335,2241,2375,149,0,2226,2329,461809,17,2,0,15,46
2020-06-07,US,New York,Ontario,221,9,0,42.85145728,-77.30874425,36069.0,201.31721581023345,4.072398190045249,212,220,9,0,211,219,109864,1,0,0,1,1
2020-06-07,US,New York,Orange,10514,465,0,41.40337468,-74.30240757,36071.0,2731.334753468073,4.422674529199163,10049,10508,444,0,10064,10484,381951,6,21,0,-15,24
2020-06-07,US,New York,Orleans,255,41,0,43.2516977,-78.2320066,36073.0,631.9389373513085,16.07843137254902,214,254,41,0,213,247,40612,1,0,0,1,7
2020-06-07,US,New York,Oswego,115,3,0,43.42778894,-76.14635194,36075.0,98.18653734503604,2.608695652173913,112,114,3,0,111,112,117898,1,0,0,1,2
2020-06-07,US,New York,Otsego,74,5,0,42.63492579,-75.03151402,36077.0,124.38438135578976,6.756756756756758,69,74,5,0,69,73,59749,0,0,0,0,1
2020-06-07,US,New York,Putnam,1277,60,0,41.42630093,-73.74965532,36079.0,1298.820179007323,4.6985121378230215,1217,1274,60,0,1214,1270,98892,3,0,0,3,4
2020-06-07,US,New York,Rensselaer,502,28,0,42.71348136,-73.51089874,36083.0,316.29219854581197,5.577689243027889,474,499,28,0,471,497,159442,3,0,0,3,2
2020-06-07,US,New York,Rockland,13325,657,0,41.15027894,-74.02560498,36087.0,4090.0705671462206,4.9305816135084415,12668,13315,655,0,12660,13297,325695,10,2,0,8,18
2020-06-07,US,New York,Saratoga,502,14,0,43.10904162,-73.86653895,36091.0,218.39095461209504,2.7888446215139444,488,501,14,0,487,496,230163,1,0,0,1,5
2020-06-07,US,New York,Schenectady,711,30,0,42.81668777,-74.05278291,36093.0,457.82651530273864,4.219409282700422,681,710,30,0,680,706,155350,1,0,0,1,4
2020-06-07,US,New York,Schoharie,54,0,0,42.58831742,-74.44339029999998,36095.0,174.19916771508758,0.0,54,54,0,0,54,51,31097,0,0,0,0,3
2020-06-07,US,New York,Schuyler,12,0,0,42.39184015,-76.8773299,36097.0,67.38922895490539,0.0,12,12,0,0,12,12,17912,0,0,0,0,0
2020-06-07,US,New York,Seneca,61,0,0,42.78081007,-76.82497064,36099.0,179.32737535277516,0.0,61,61,0,0,61,61,34300,0,0,0,0,0
2020-06-07,US,New York,St. Lawrence,209,2,0,44.4976179,-75.06550039,36089.0,193.9855206979766,0.9569377990430622,207,209,2,0,207,207,108047,0,0,0,0,2
2020-06-07,US,New York,Steuben,251,41,0,42.2689144,-77.3829924,36101.0,263.16065381268413,16.33466135458167,210,251,41,0,210,246,95796,0,0,0,0,5
2020-06-07,US,New York,Suffolk,40329,1931,0,40.88320119,-72.8012172,36103.0,2731.204976835313,4.78811773165712,38398,40278,1923,0,38355,40239,1481093,51,8,0,43,39
2020-06-07,US,New York,Sullivan,1415,31,0,41.71579493,-74.76394559,36105.0,1875.8617032559125,2.190812720848057,1384,1411,31,0,1380,1409,75498,4,0,0,4,2
2020-06-07,US,New York,Tioga,134,22,0,42.16852837,-76.30835812,36107.0,277.99099641101174,16.417910447761194,112,134,22,0,112,134,48560,0,0,0,0,0
2020-06-07,US,New York,Tompkins,171,0,0,42.44945765,-76.47229843,36109.0,167.35173223722842,0.0,171,171,0,0,171,167,102793,0,0,0,0,4
2020-06-07,US,New York,Ulster,1718,79,0,41.89027881,-74.26252104,36111.0,967.4894268835916,4.59837019790454,1639,1714,77,0,1637,1711,178599,4,2,0,2,3
2020-06-07,US,New York,Warren,257,28,0,43.56173026,-73.8433699,36113.0,401.9141749030401,10.894941634241247,229,257,28,0,229,256,64265,0,0,0,0,1
2020-06-07,US,New York,Washington,240,13,0,43.31153794,-73.43043448,36115.0,392.13123325272863,5.416666666666668,227,240,13,0,227,240,61197,0,0,0,0,0
2020-06-07,US,New York,Wayne,124,3,0,43.15494365,-77.02976528,36117.0,137.9034231188416,2.419354838709677,121,123,3,0,120,122,90064,1,0,0,1,1
2020-06-07,US,New York,Westchester,33954,1392,0,41.16278376,-73.75741653,36119.0,3509.4356003993776,4.0996642516345645,32562,33924,1392,0,32532,33854,967612,30,0,0,30,70
2020-06-07,US,New York,Wyoming,89,5,0,42.70145109,-78.22199579,36121.0,223.28708698161014,5.617977528089888,84,89,5,0,84,88,40085,0,0,0,0,1
2020-06-07,US,New York,Yates,39,6,0,42.63505484,-77.10369919,36123.0,156.5447758198531,15.384615384615385,33,39,6,0,33,39,24841,0,0,0,0,0
2020-06-07,US,North Carolina,Alamance,465,30,0,36.0434701,-79.39976137,37001.0,274.32171743093295,6.451612903225807,435,458,30,0,428,458,166436,7,0,0,7,0
2020-06-07,US,North Carolina,Alexander,43,0,0,35.922379600000006,-81.17751948,37003.0,114.67584073392538,0.0,43,43,0,0,43,38,37353,0,0,0,0,5
2020-06-07,US,North Carolina,Alleghany,28,0,0,36.49360862,-81.12857041,37005.0,251.41420490257698,0.0,28,28,0,0,28,27,11161,0,0,0,0,1
2020-06-07,US,North Carolina,Anson,72,1,0,34.97403241,-80.09953279,37007.0,294.52671193651315,1.3888888888888888,71,71,1,0,70,70,24877,1,0,0,1,1
2020-06-07,US,North Carolina,Ashe,40,0,0,36.43296207,-81.49862729,37009.0,147.04260559497115,0.0,40,40,0,0,40,39,27109,0,0,0,0,1
2020-06-07,US,North Carolina,Avery,3,0,0,36.07569796,-81.92308483,37011.0,17.087201685937234,0.0,3,3,0,0,3,3,17505,0,0,0,0,0
2020-06-07,US,North Carolina,Beaufort,43,0,0,35.48531943,-76.84325809,37013.0,91.50104268630038,0.0,43,43,0,0,43,43,47079,0,0,0,0,0
2020-06-07,US,North Carolina,Bertie,134,4,0,36.0688473,-76.96545943,37015.0,707.2359740328284,2.985074626865672,130,133,4,0,129,129,19026,1,0,0,1,4
2020-06-07,US,North Carolina,Bladen,162,2,0,34.61296243,-78.56180059,37017.0,495.07976285068156,1.2345679012345678,160,153,2,0,151,143,33190,9,0,0,9,10
2020-06-07,US,North Carolina,Brunswick,142,3,0,34.070565,-78.22814204,37019.0,99.42585072118752,2.112676056338028,139,133,3,0,130,131,136744,9,0,0,9,2
2020-06-07,US,North Carolina,Buncombe,396,33,0,35.61113393,-82.53305,37021.0,151.61318728440108,8.333333333333334,363,389,32,0,357,382,259103,7,1,0,6,7
2020-06-07,US,North Carolina,Burke,547,16,0,35.74989637,-81.70755735,37023.0,604.5200862021329,2.9250457038391224,531,540,16,0,524,514,90382,7,0,0,7,26
2020-06-07,US,North Carolina,Cabarrus,588,24,0,35.3877799,-80.55267168,37025.0,271.65250654876576,4.081632653061225,564,571,24,0,547,546,211342,17,0,0,17,25
2020-06-07,US,North Carolina,Caldwell,201,3,0,35.95204977,-81.54799522,37027.0,244.59100975930298,1.492537313432836,198,196,3,0,193,183,82029,5,0,0,5,13
2020-06-07,US,North Carolina,Camden,3,0,0,36.33804939,-76.15568396,37029.0,27.606515137572465,0.0,3,3,0,0,3,3,10710,0,0,0,0,0
2020-06-07,US,North Carolina,Carteret,39,3,0,34.8932941,-76.54120135,37031.0,56.13691649993522,7.6923076923076925,36,39,3,0,36,39,69524,0,0,0,0,0
2020-06-07,US,North Carolina,Caswell,96,1,0,36.39312665,-79.33353281,37033.0,424.7035922845514,1.0416666666666667,95,96,1,0,95,94,22698,0,0,0,0,2
2020-06-07,US,North Carolina,Catawba,293,9,0,35.66211129,-81.2132617,37035.0,183.64034070610649,3.0716723549488054,284,284,9,0,275,278,158652,9,0,0,9,6
2020-06-07,US,North Carolina,Chatham,723,29,0,35.70394416,-79.25541492,37037.0,970.860749295018,4.011065006915629,694,720,29,0,691,690,73139,3,0,0,3,30
2020-06-07,US,North Carolina,Cherokee,30,1,0,35.1349263,-84.05970864,37039.0,104.85111142178108,3.333333333333333,29,30,1,0,29,30,28383,0,0,0,0,0
2020-06-07,US,North Carolina,Chowan,17,0,0,36.12908077,-76.60118385,37041.0,121.92498027684142,0.0,17,17,0,0,17,17,14029,0,0,0,0,0
2020-06-07,US,North Carolina,Clay,8,0,0,35.05704275,-83.74353633,37043.0,71.23141305315643,0.0,8,8,0,0,8,8,11139,0,0,0,0,0
2020-06-07,US,North Carolina,Cleveland,121,2,0,35.33553364,-81.55204486,37045.0,123.53619814797798,1.6528925619834711,119,113,2,0,111,111,97645,8,0,0,8,2
2020-06-07,US,North Carolina,Columbus,368,27,0,34.26744084,-78.65801424,37047.0,662.9675001801543,7.336956521739131,341,361,27,0,334,355,55655,7,0,0,7,6
2020-06-07,US,North Carolina,Craven,232,5,0,35.11833364,-77.08398081,37049.0,227.14144450210011,2.155172413793104,227,223,5,0,218,218,102912,9,0,0,9,5
2020-06-07,US,North Carolina,Cumberland,775,26,0,35.04762133,-78.82623165,37051.0,230.99231317192684,3.3548387096774195,749,768,26,0,742,754,332330,7,0,0,7,14
2020-06-07,US,North Carolina,Currituck,15,0,0,36.36123664,-75.95876401,37053.0,54.028743291431034,0.0,15,15,0,0,15,15,27072,0,0,0,0,0
2020-06-07,US,North Carolina,Dare,22,1,0,35.66520691,-75.71767334,37055.0,59.44499986489773,4.545454545454546,21,22,1,0,21,22,36501,0,0,0,0,0
2020-06-07,US,North Carolina,Davidson,511,13,0,35.79115496,-80.21256572,37057.0,304.8762297967293,2.5440313111545994,498,505,13,0,492,500,166614,6,0,0,6,5
2020-06-07,US,North Carolina,Davie,117,2,0,35.93099927,-80.54496571,37059.0,273.0709984595995,1.709401709401709,115,115,2,0,113,113,42733,2,0,0,2,2
2020-06-07,US,North Carolina,Duplin,1006,20,0,34.93449805,-77.93140529,37061.0,1712.6027817027289,1.9880715705765408,986,976,20,0,956,943,58856,30,0,0,30,33
2020-06-07,US,North Carolina,Durham,2114,49,0,36.03638492,-78.87608331,37063.0,657.5673119992038,2.3178807947019866,2065,2025,49,0,1976,1921,316739,89,0,0,89,104
2020-06-07,US,North Carolina,Edgecombe,228,9,0,35.91230639,-77.59436892,37065.0,442.9592788312092,3.947368421052632,219,221,9,0,212,216,52005,7,0,0,7,5
2020-06-07,US,North Carolina,Forsyth,1774,17,0,36.12859861,-80.25459052,37067.0,464.0395506088231,0.9582863585118376,1757,1721,17,0,1704,1660,379099,53,0,0,53,61
2020-06-07,US,North Carolina,Franklin,185,22,0,36.081519,-78.28708884,37069.0,265.4803759776136,11.891891891891891,163,185,22,0,163,179,67560,0,0,0,0,6
2020-06-07,US,North Carolina,Gaston,364,8,0,35.29373559,-81.17477045,37071.0,162.1171429971184,2.1978021978021984,356,347,8,0,339,320,222846,17,0,0,17,27
2020-06-07,US,North Carolina,Gates,24,1,0,36.44667547,-76.69749701,37073.0,207.57654385054488,4.166666666666667,23,24,1,0,23,24,11573,0,0,0,0,0
2020-06-07,US,North Carolina,Graham,4,0,0,35.3506925,-83.83369267,37075.0,47.387750266556104,0.0,4,4,0,0,4,4,8484,0,0,0,0,0
2020-06-07,US,North Carolina,Granville,501,13,0,36.30337451,-78.65184241,37077.0,828.8801019142003,2.594810379241517,488,462,13,0,449,354,60115,39,0,0,39,108
2020-06-07,US,North Carolina,Greene,95,2,0,35.48544173,-77.67578087,37079.0,450.8994256965209,2.1052631578947367,93,92,2,0,90,88,21012,3,0,0,3,4
2020-06-07,US,North Carolina,Guilford,1614,78,0,36.07959451,-79.78824948,37081.0,300.4613030414726,4.83271375464684,1536,1573,78,0,1495,1508,533670,41,0,0,41,65
2020-06-07,US,North Carolina,Halifax,201,1,0,36.25669272,-77.6556109,37083.0,401.91961607678456,0.4975124378109453,200,200,1,0,199,197,50574,1,0,0,1,3
2020-06-07,US,North Carolina,Harnett,333,28,0,35.36731853,-78.87243571,37085.0,244.89615814555506,8.408408408408409,305,330,28,0,302,318,134214,3,0,0,3,12
2020-06-07,US,North Carolina,Haywood,59,0,0,35.55269063,-82.98196486,37087.0,94.67721488518382,0.0,59,59,0,0,59,55,61971,0,0,0,0,4
2020-06-07,US,North Carolina,Henderson,373,47,0,35.33788927,-82.4766782,37089.0,317.6712060434179,12.600536193029491,326,369,47,0,322,360,116748,4,0,0,4,9
2020-06-07,US,North Carolina,Hertford,135,3,0,36.3607755,-76.98104134,37091.0,570.1735861806818,2.2222222222222223,132,134,3,0,131,133,23659,1,0,0,1,1
2020-06-07,US,North Carolina,Hoke,278,1,0,35.01888303,-79.23651674,37093.0,503.31317666654604,0.3597122302158273,277,271,1,0,270,262,54764,7,0,0,7,9
2020-06-07,US,North Carolina,Hyde,2,0,0,35.42017674,-76.15180542,37095.0,40.51043143609479,0.0,2,2,0,0,2,2,5230,0,0,0,0,0
2020-06-07,US,North Carolina,Iredell,332,6,0,35.80950511,-80.8743128,37097.0,182.61223501974632,1.8072289156626504,326,325,6,0,319,301,178435,7,0,0,7,24
2020-06-07,US,North Carolina,Jackson,47,1,0,35.28814273,-83.14093385,37099.0,106.96891073785791,2.127659574468085,46,44,1,0,43,38,43327,3,0,0,3,6
2020-06-07,US,North Carolina,Johnston,620,23,0,35.51745004,-78.36622717,37101.0,296.1703265994392,3.7096774193548394,597,601,23,0,578,554,202675,19,0,0,19,47
2020-06-07,US,North Carolina,Jones,28,3,0,35.02254606,-77.35870791,37103.0,297.271472555473,10.714285714285714,25,28,3,0,25,28,9637,0,0,0,0,0
2020-06-07,US,North Carolina,Lee,530,4,0,35.47623147,-79.17569362,37105.0,857.8966962883827,0.7547169811320755,526,515,4,0,511,505,61452,15,0,0,15,10
2020-06-07,US,North Carolina,Lenoir,235,7,0,35.24032589999999,-77.64245615,37107.0,420.02538025701983,2.9787234042553186,228,233,7,0,226,229,55976,2,0,0,2,4
2020-06-07,US,North Carolina,Lincoln,101,0,0,35.48508185,-81.21740317,37109.0,117.29047392319215,0.0,101,101,0,0,101,93,83770,0,0,0,0,8
2020-06-07,US,North Carolina,Macon,121,1,0,35.14867843,-83.41696617,37113.0,337.44213285738186,0.8264462809917356,120,120,1,0,119,119,35285,1,0,0,1,1
2020-06-07,US,North Carolina,Madison,4,0,0,35.85402722,-82.71346418,37115.0,18.38657779820731,0.0,4,4,0,0,4,4,21763,0,0,0,0,0
2020-06-07,US,North Carolina,Martin,77,4,0,35.84326734,-77.10860251,37117.0,343.13725490196083,5.194805194805196,73,77,4,0,73,74,22671,0,0,0,0,3
2020-06-07,US,North Carolina,McDowell,100,1,0,35.67736232,-82.0482425,37111.0,218.55057260250018,1.0,99,95,1,0,94,86,45507,5,0,0,5,9
2020-06-07,US,North Carolina,Mecklenburg,5509,109,0,35.24469268,-80.8317671,37119.0,496.1471816246321,1.9785805046287888,5400,5358,106,0,5252,5057,1093901,151,3,0,148,301
2020-06-07,US,North Carolina,Mitchell,17,0,0,36.01059309,-82.1582442,37121.0,113.60598770382249,0.0,17,17,0,0,17,17,15000,0,0,0,0,0
2020-06-07,US,North Carolina,Montgomery,162,5,0,35.33155144,-79.90416657,37123.0,596.1800316490634,3.08641975308642,157,162,5,0,157,162,27271,0,0,0,0,0
2020-06-07,US,North Carolina,Moore,259,11,0,35.30885257,-79.48474178,37125.0,256.74068199841395,4.247104247104248,248,253,11,0,242,248,98682,6,0,0,6,5
2020-06-07,US,North Carolina,Nash,236,4,0,35.96575634,-77.98422508,37127.0,250.27041930899915,1.6949152542372878,232,228,4,0,224,223,94016,8,0,0,8,5
2020-06-07,US,North Carolina,New Hanover,259,5,0,34.25758282,-77.87075626,37129.0,110.4604794581892,1.9305019305019304,254,252,5,0,247,230,232274,7,0,0,7,22
2020-06-07,US,North Carolina,Northampton,165,14,0,36.41736238,-77.39769443,37131.0,846.8921623979879,8.484848484848484,151,165,14,0,151,165,19676,0,0,0,0,0
2020-06-07,US,North Carolina,Onslow,134,2,0,34.72607366,-77.42908179,37133.0,67.6979660297669,1.492537313432836,132,121,2,0,119,120,197683,13,0,0,13,1
2020-06-07,US,North Carolina,Orange,398,40,0,36.06092947,-79.12167935,37135.0,268.05679032301515,10.050251256281408,358,388,40,0,348,377,146027,10,0,0,10,11
2020-06-07,US,North Carolina,Pamlico,12,0,0,35.15253315,-76.66559823,37137.0,94.2951438000943,0.0,12,10,0,0,10,10,12670,2,0,0,2,0
2020-06-07,US,North Carolina,Pasquotank,119,13,0,36.26723798,-76.25134778,37139.0,298.8147850542386,10.92436974789916,106,119,13,0,106,117,39639,0,0,0,0,2
2020-06-07,US,North Carolina,Pender,108,1,0,34.52265624,-77.90352133,37141.0,171.26546146527116,0.925925925925926,107,103,1,0,102,98,62162,5,0,0,5,5
2020-06-07,US,North Carolina,Perquimans,26,2,0,36.17847453,-76.40603143,37143.0,193.12188962341236,7.6923076923076925,24,26,2,0,24,26,13422,0,0,0,0,0
2020-06-07,US,North Carolina,Person,58,1,0,36.38989032,-78.97217358,37145.0,146.8726259812611,1.7241379310344829,57,57,1,0,56,57,39507,1,0,0,1,0
2020-06-07,US,North Carolina,Pitt,394,2,0,35.59535426,-77.37353178,37147.0,217.99028449391952,0.5076142131979695,392,382,2,0,380,332,179914,12,0,0,12,50
2020-06-07,US,North Carolina,Polk,47,4,0,35.27820615,-82.16812354,37149.0,226.79019494306118,8.51063829787234,43,47,4,0,43,45,20611,0,0,0,0,2
2020-06-07,US,North Carolina,Randolph,792,15,0,35.71015088,-79.80570339,37151.0,551.2748230282529,1.893939393939394,777,779,15,0,764,751,143351,13,0,0,13,28
2020-06-07,US,North Carolina,Richmond,184,3,0,35.00417719,-79.74491009,37153.0,410.44859354435744,1.6304347826086956,181,182,3,0,179,180,44887,2,0,0,2,2
2020-06-07,US,North Carolina,Robeson,905,26,0,34.64244496,-79.10250529999998,37155.0,692.8229665071772,2.8729281767955803,879,905,26,0,879,905,131831,0,0,0,0,0
2020-06-07,US,North Carolina,Rockingham,115,2,0,36.39593137,-79.77504841,37157.0,126.35974068783649,1.7391304347826086,113,113,2,0,111,106,90690,2,0,0,2,7
2020-06-07,US,North Carolina,Rowan,761,38,0,35.64003916,-80.52446628,37159.0,535.5835820055177,4.993429697766096,723,735,38,0,697,720,141262,26,0,0,26,15
2020-06-07,US,North Carolina,Rutherford,198,7,0,35.40114178,-81.92112099,37161.0,295.3945307255068,3.5353535353535355,191,194,7,0,187,191,66826,4,0,0,4,3
2020-06-07,US,North Carolina,Sampson,597,4,0,34.98820368,-78.36914061,37163.0,939.6987297539785,0.6700167504187605,593,571,4,0,567,553,63626,26,0,0,26,18
2020-06-07,US,North Carolina,Scotland,97,0,0,34.8386299,-79.4757978,37165.0,278.55153203342616,0.0,97,95,0,0,95,90,34810,2,0,0,2,5
2020-06-07,US,North Carolina,Stanly,118,4,0,35.31647813,-80.25093221,37167.0,187.8801388402382,3.3898305084745757,114,115,4,0,111,103,62075,3,0,0,3,12
2020-06-07,US,North Carolina,Stokes,85,0,0,36.4017975,-80.23893369,37169.0,186.44030620078524,0.0,85,83,0,0,83,81,45467,2,0,0,2,2
2020-06-07,US,North Carolina,Surry,274,2,0,36.41689489,-80.69102283,37171.0,381.70597495228674,0.7299270072992701,272,273,2,0,271,269,71948,1,0,0,1,4
2020-06-07,US,North Carolina,Swain,25,0,0,35.48665845,-83.48748932,37173.0,175.18043584892442,0.0,25,25,0,0,25,22,14245,0,0,0,0,3
2020-06-07,US,North Carolina,Transylvania,16,1,0,35.20383864,-82.79638423,37175.0,46.531917987494545,6.25,15,16,1,0,15,16,34215,0,0,0,0,0
2020-06-07,US,North Carolina,Tyrrell,4,0,0,35.87147226,-76.17055253,37177.0,99.60159362549801,0.0,4,4,0,0,4,4,4131,0,0,0,0,0
2020-06-07,US,North Carolina,Union,575,21,0,34.98960527,-80.52955873,37179.0,239.72417128396262,3.652173913043478,554,567,21,0,546,540,235908,8,0,0,8,27
2020-06-07,US,North Carolina,Vance,366,26,0,36.36880673,-78.40670845,37181.0,821.8255304816437,7.103825136612022,340,364,26,0,338,351,44582,2,0,0,2,13
2020-06-07,US,North Carolina,Wake,2235,40,0,35.78879266,-78.65249174,37183.0,201.03241613979984,1.7897091722595078,2195,2155,40,0,2115,2067,1092305,80,0,0,80,88
2020-06-07,US,North Carolina,Warren,89,2,0,36.39728256,-78.10652228,37185.0,451.06684912067306,2.247191011235955,87,89,2,0,87,82,19807,0,0,0,0,7
2020-06-07,US,North Carolina,Washington,32,3,0,35.83810081,-76.57299037,37187.0,276.33851468048357,9.375,29,32,3,0,29,32,11859,0,0,0,0,0
2020-06-07,US,North Carolina,Watauga,40,0,0,36.23103603,-81.70033724,37189.0,71.20351745376222,0.0,40,38,0,0,38,37,55945,2,0,0,2,1
2020-06-07,US,North Carolina,Wayne,1306,20,0,35.36438125,-78.00027268,37191.0,1060.658972963754,1.531393568147014,1286,1268,20,0,1248,1240,123248,38,0,0,38,28
2020-06-07,US,North Carolina,Wilkes,509,6,0,36.2084135,-81.16232895,37193.0,744.0215166929778,1.1787819253438114,503,507,6,0,501,504,68557,2,0,0,2,3
2020-06-07,US,North Carolina,Wilson,443,12,0,35.70625477,-77.917978,37195.0,541.5581716604931,2.708803611738149,431,426,12,0,414,413,81455,17,0,0,17,13
2020-06-07,US,North Carolina,Yadkin,216,3,0,36.16222629,-80.66239436,37197.0,573.4462526880293,1.3888888888888888,213,215,3,0,212,208,37543,1,0,0,1,7
2020-06-07,US,North Carolina,Yancey,21,0,0,35.90079156,-82.31237181,37199.0,116.22115224970943,0.0,21,21,0,0,21,18,17903,0,0,0,0,3
2020-06-07,US,North Dakota,Barnes,9,0,0,46.93579637,-98.06605978,38003.0,86.41382621219395,0.0,9,9,0,0,9,6,10542,0,0,0,0,3
2020-06-07,US,North Dakota,Benson,2,0,0,48.0683985,-99.35916363,38005.0,29.27400468384075,0.0,2,2,0,0,2,1,6962,0,0,0,0,1
2020-06-07,US,North Dakota,Bottineau,3,0,0,48.79106111,-100.8378166,38009.0,47.75549188156638,0.0,3,3,0,0,3,3,6411,0,0,0,0,0
2020-06-07,US,North Dakota,Bowman,1,0,0,46.11285362,-103.5203343,38011.0,33.06878306878307,0.0,1,1,0,0,1,1,3076,0,0,0,0,0
2020-06-07,US,North Dakota,Burke,5,0,0,48.79094471,-102.51821170000001,38013.0,236.40661938534282,0.0,5,5,0,0,5,5,2100,0,0,0,0,0
2020-06-07,US,North Dakota,Burleigh,142,0,0,46.97847375,-100.46452140000001,38015.0,148.4951791353816,0.0,142,141,0,0,141,135,95273,1,0,0,1,6
2020-06-07,US,North Dakota,Cass,1911,60,0,46.93201724,-97.24447190000001,38017.0,1050.444418792566,3.1397174254317117,1851,1880,60,0,1820,1834,181516,31,0,0,31,46
2020-06-07,US,North Dakota,Dickey,1,0,0,46.11017712,-98.50490079999999,38021.0,20.52545155993432,0.0,1,1,0,0,1,1,4903,0,0,0,0,0
2020-06-07,US,North Dakota,Divide,1,0,0,48.814938700000006,-103.48736109999999,38023.0,44.16961130742049,0.0,1,1,0,0,1,1,2283,0,0,0,0,0
2020-06-07,US,North Dakota,Dunn,11,0,0,47.35423935,-102.61604679999999,38025.0,248.64376130198917,0.0,11,11,0,0,11,11,4332,0,0,0,0,0
2020-06-07,US,North Dakota,Eddy,5,0,0,47.71701474,-98.90432337,38027.0,218.62702229995628,0.0,5,4,0,0,4,4,2313,1,0,0,1,0
2020-06-07,US,North Dakota,Emmons,4,1,0,46.28398398,-100.2389766,38029.0,123.41869793273679,25.0,3,4,1,0,3,4,3295,0,0,0,0,0
2020-06-07,US,North Dakota,Foster,1,0,0,47.457108399999996,-98.88279923,38031.0,31.152647975077887,0.0,1,1,0,0,1,1,3216,0,0,0,0,0
2020-06-07,US,North Dakota,Grand Forks,337,4,0,47.92093639,-97.45450447,38035.0,485.23419389209664,1.1869436201780414,333,336,4,0,332,336,70770,1,0,0,1,0
2020-06-07,US,North Dakota,Grant,2,0,0,46.35821257,-101.63900129999999,38037.0,87.95074758135445,0.0,2,2,0,0,2,2,2374,0,0,0,0,0
2020-06-07,US,North Dakota,Griggs,1,0,0,47.45785838,-98.23850925,38039.0,44.822949350067226,0.0,1,1,0,0,1,1,2232,0,0,0,0,0
2020-06-07,US,North Dakota,LaMoure,1,0,0,46.45681054,-98.53542355,38045.0,24.715768660405335,0.0,1,1,0,0,1,,4062,0,0,0,0,
2020-06-07,US,North Dakota,McHenry,2,1,0,48.23104458,-100.6324822,38049.0,34.81288076588338,50.0,1,2,1,0,1,2,5816,0,0,0,0,0
2020-06-07,US,North Dakota,McIntosh,1,0,0,46.11182017,-99.44145858,38051.0,40.04805766920305,0.0,1,1,0,0,1,1,2585,0,0,0,0,0
2020-06-07,US,North Dakota,McKenzie,18,0,0,47.74133370000001,-103.395905,38053.0,119.8083067092652,0.0,18,18,0,0,18,18,13632,0,0,0,0,0
2020-06-07,US,North Dakota,McLean,7,0,0,47.60766714,-101.3182418,38055.0,74.07407407407408,0.0,7,7,0,0,7,7,9541,0,0,0,0,0
2020-06-07,US,North Dakota,Mercer,6,0,0,47.31213126,-101.8318399,38057.0,73.28691828508613,0.0,6,6,0,0,6,6,8267,0,0,0,0,0
2020-06-07,US,North Dakota,Morton,60,2,0,46.71681782,-101.2822377,38059.0,191.3021298303788,3.333333333333333,58,60,2,0,58,60,31095,0,0,0,0,0
2020-06-07,US,North Dakota,Mountrail,43,0,0,48.20197971,-102.3555315,38061.0,407.77619724988153,0.0,43,42,0,0,42,42,10218,1,0,0,1,0
2020-06-07,US,North Dakota,Nelson,1,0,0,47.9226426,-98.19038437,38063.0,34.734282737061484,0.0,1,1,0,0,1,1,2869,0,0,0,0,0
2020-06-07,US,North Dakota,Oliver,1,0,0,47.11530482,-101.3406158,38065.0,51.046452271567134,0.0,1,1,0,0,1,1,1952,0,0,0,0,0
2020-06-07,US,North Dakota,Pembina,6,0,0,48.76623521,-97.5523809,38067.0,88.2223202470225,0.0,6,6,0,0,6,6,6947,0,0,0,0,0
2020-06-07,US,North Dakota,Pierce,3,0,0,48.24977025,-99.96407787,38069.0,75.47169811320755,0.0,3,3,0,0,3,3,4081,0,0,0,0,0
2020-06-07,US,North Dakota,Ramsey,8,1,0,48.26886249,-98.72223879,38071.0,69.4504731313482,12.5,7,8,1,0,7,8,11481,0,0,0,0,0
2020-06-07,US,North Dakota,Ransom,11,0,0,46.45621782,-97.65742504,38073.0,210.80873898045232,0.0,11,11,0,0,11,11,5237,0,0,0,0,0
2020-06-07,US,North Dakota,Renville,3,0,0,48.71982533,-101.6603912,38075.0,128.92135797163732,0.0,3,3,0,0,3,3,2374,0,0,0,0,0
2020-06-07,US,North Dakota,Richland,28,0,0,46.26440649,-96.94852979,38077.0,173.08524448290783,0.0,28,27,0,0,27,24,16239,1,0,0,1,3
2020-06-07,US,North Dakota,Rolette,6,0,0,48.77245354,-99.84097493,38079.0,42.32505643340858,0.0,6,6,0,0,6,6,14301,0,0,0,0,0
2020-06-07,US,North Dakota,Sargent,4,0,0,46.10830372,-97.63217159,38081.0,102.6167265264238,0.0,4,4,0,0,4,4,3870,0,0,0,0,0
2020-06-07,US,North Dakota,Sheridan,1,0,0,47.57700669,-100.3426391,38083.0,76.04562737642586,0.0,1,1,0,0,1,,1349,0,0,0,0,
2020-06-07,US,North Dakota,Sioux,2,0,0,46.11323337,-101.04401490000001,38085.0,47.28132387706856,0.0,2,2,0,0,2,2,4358,0,0,0,0,0
2020-06-07,US,North Dakota,Slope,3,0,0,46.44737738,-103.4601547,38087.0,400.0,0.0,3,3,0,0,3,3,763,0,0,0,0,0
2020-06-07,US,North Dakota,Stark,62,2,0,46.80851182,-102.65763259999999,38089.0,196.89415351392552,3.2258064516129035,60,62,2,0,60,62,30997,0,0,0,0,0
2020-06-07,US,North Dakota,Steele,1,0,0,47.45611548,-97.72728747,38091.0,52.91005291005291,0.0,1,1,0,0,1,1,1903,0,0,0,0,0
2020-06-07,US,North Dakota,Stutsman,42,0,0,46.97962541,-98.95637318,38093.0,202.85935085007728,0.0,42,35,0,0,35,30,20917,7,0,0,7,5
2020-06-07,US,North Dakota,Traill,14,0,0,47.45367788,-97.16323288,38097.0,174.21602787456445,0.0,14,14,0,0,14,14,8037,0,0,0,0,0
2020-06-07,US,North Dakota,Walsh,16,0,0,48.36876964,-97.72574783,38099.0,150.3618081007424,0.0,16,16,0,0,16,15,10667,0,0,0,0,1
2020-06-07,US,North Dakota,Ward,44,1,0,48.22390169,-101.54367629999999,38101.0,65.04930441596072,2.272727272727273,43,43,1,0,42,41,67744,1,0,0,1,2
2020-06-07,US,North Dakota,Wells,6,0,0,47.58614526,-99.65904998,38103.0,156.49452269170578,0.0,6,5,0,0,5,3,3957,1,0,0,1,2
2020-06-07,US,North Dakota,Williams,25,0,0,48.34522353,-103.4793387,38105.0,66.5088190694086,0.0,25,25,0,0,25,25,35350,0,0,0,0,0
2020-06-07,US,Ohio,Adams,11,1,0,38.84541072,-83.4718964,39001.0,39.714058776806986,9.090909090909092,10,11,1,0,10,11,27724,0,0,0,0,0
2020-06-07,US,Ohio,Allen,222,33,0,40.77285242,-84.10802343,39003.0,216.90066535744643,14.864864864864865,189,222,33,0,189,221,102663,0,0,0,0,1
2020-06-07,US,Ohio,Ashland,24,0,0,40.84772277,-82.27280781,39005.0,44.87323311644604,0.0,24,24,0,0,24,23,53745,0,0,0,0,1
2020-06-07,US,Ohio,Ashtabula,372,38,0,41.70860332,-80.74830218,39007.0,382.55468372394364,10.21505376344086,334,372,38,0,334,369,97493,0,0,0,0,3
2020-06-07,US,Ohio,Athens,18,1,0,39.33425634,-82.04278644,39009.0,27.5536914292712,5.5555555555555545,17,18,1,0,17,18,65818,0,0,0,0,0
2020-06-07,US,Ohio,Auglaize,78,3,0,40.55998859,-84.22421429999999,39011.0,170.84282460136674,3.8461538461538463,75,78,3,0,75,77,45804,0,0,0,0,1
2020-06-07,US,Ohio,Belmont,451,15,0,40.01625942,-80.9924051,39013.0,673.0740530698744,3.3259423503325944,436,450,15,0,435,449,67505,1,0,0,1,1
2020-06-07,US,Ohio,Brown,31,1,0,38.93416837,-83.86788395,39015.0,71.3759440044207,3.2258064516129035,30,31,1,0,30,31,43602,0,0,0,0,0
2020-06-07,US,Ohio,Butler,999,32,0,39.44012838,-84.57388716,39017.0,260.7442826791671,3.2032032032032034,967,985,32,0,953,975,382378,14,0,0,14,10
2020-06-07,US,Ohio,Carroll,36,3,0,40.578968599999996,-81.09178213,39019.0,133.75938173441332,8.333333333333334,33,36,3,0,33,35,27081,0,0,0,0,1
2020-06-07,US,Ohio,Champaign,33,1,0,40.13923427,-83.76875242,39021.0,84.86562942008487,3.0303030303030303,32,29,1,0,28,28,38754,4,0,0,4,1
2020-06-07,US,Ohio,Clark,355,8,0,39.91592258,-83.78498252,39023.0,264.761379145753,2.2535211267605635,347,336,8,0,328,323,134585,19,0,0,19,13
2020-06-07,US,Ohio,Clermont,227,6,0,39.04847534,-84.15375786,39025.0,109.96570232720369,2.643171806167401,221,224,6,0,218,219,205466,3,0,0,3,5
2020-06-07,US,Ohio,Clinton,47,1,0,39.41485808,-83.80852286,39027.0,111.99008768585587,2.127659574468085,46,47,1,0,46,47,42057,0,0,0,0,0
2020-06-07,US,Ohio,Columbiana,896,53,0,40.76932373,-80.78094576,39029.0,879.4401421238086,5.915178571428571,843,894,53,0,841,894,102665,2,0,0,2,0
2020-06-07,US,Ohio,Coshocton,48,0,0,40.30096166,-81.91729018,39031.0,131.14754098360658,0.0,48,48,0,0,48,48,36629,0,0,0,0,0
2020-06-07,US,Ohio,Crawford,120,4,0,40.85065156,-82.91989099,39033.0,289.1984383284331,3.333333333333333,116,118,4,0,114,118,41550,2,0,0,2,0
2020-06-07,US,Ohio,Cuyahoga,4858,268,0,41.424119,-81.65918339,39035.0,393.3373924759042,5.516673528200907,4590,4827,265,0,4562,4789,1243857,31,3,0,28,38
2020-06-07,US,Ohio,Darke,193,23,0,40.13412966,-84.6194517,39037.0,377.5947410639172,11.917098445595856,170,191,23,0,168,190,51323,2,0,0,2,1
2020-06-07,US,Ohio,Defiance,36,2,0,41.32398837,-84.49076944,39039.0,94.52044004515976,5.5555555555555545,34,35,2,0,33,34,38165,1,0,0,1,1
2020-06-07,US,Ohio,Delaware,368,14,0,40.27942393,-83.00457058,39041.0,175.92756373788708,3.804347826086957,354,366,14,0,352,360,204826,2,0,0,2,6
2020-06-07,US,Ohio,Erie,189,16,0,41.36796058,-82.62904521,39043.0,254.49061481700912,8.465608465608465,173,184,16,0,168,184,74615,5,0,0,5,0
2020-06-07,US,Ohio,Fairfield,326,9,0,39.75107189,-82.63088163,39045.0,206.88692296952544,2.7607361963190185,317,321,8,0,313,318,155782,5,1,0,4,3
2020-06-07,US,Ohio,Fayette,42,0,0,39.56021306,-83.4562016,39047.0,147.23926380368098,0.0,42,42,0,0,42,41,28666,0,0,0,0,1
2020-06-07,US,Ohio,Franklin,6512,299,0,39.96995815,-83.01115755,39049.0,494.5487242890861,4.591523341523342,6213,6406,297,0,6109,6323,1310300,106,2,0,104,83
2020-06-07,US,Ohio,Fulton,46,0,0,41.60213491,-84.12571393,39051.0,109.19622086122585,0.0,46,45,0,0,45,45,42276,1,0,0,1,0
2020-06-07,US,Ohio,Gallia,9,1,0,38.82708533,-82.31647569,39053.0,30.102347983142685,11.111111111111109,8,9,1,0,8,8,29979,0,0,0,0,1
2020-06-07,US,Ohio,Geauga,309,34,0,41.49952319,-81.17935342,39055.0,329.95547202853214,11.003236245954692,275,306,34,0,272,303,94031,3,0,0,3,3
2020-06-07,US,Ohio,Greene,111,5,0,39.69116283,-83.89032084,39057.0,65.7049669403387,4.504504504504505,106,108,5,0,103,106,167995,3,0,0,3,2
2020-06-07,US,Ohio,Guernsey,42,2,0,40.05026529,-81.49248905,39059.0,108.03858520900322,4.761904761904762,40,41,2,0,39,38,39022,1,0,0,1,3
2020-06-07,US,Ohio,Hamilton,2860,171,0,39.19673558,-84.54502924,39061.0,349.8586497658027,5.979020979020978,2689,2831,171,0,2660,2811,816684,29,0,0,29,20
2020-06-07,US,Ohio,Hancock,56,1,0,41.00250487,-83.66838948,39063.0,73.8952007706214,1.7857142857142858,55,54,1,0,53,53,75930,2,0,0,2,1
2020-06-07,US,Ohio,Hardin,73,1,0,40.66015414,-83.65929931,39065.0,232.74350390562728,1.3698630136986298,72,73,0,0,73,73,31480,0,1,0,-1,0
2020-06-07,US,Ohio,Harrison,10,0,0,40.29380509,-81.09068544,39067.0,66.48936170212765,0.0,10,10,0,0,10,10,15174,0,0,0,0,0
2020-06-07,US,Ohio,Henry,18,0,0,41.333964200000004,-84.06830637,39069.0,66.6518551433015,0.0,18,19,0,0,19,17,27086,-1,0,0,-1,2
2020-06-07,US,Ohio,Highland,29,1,0,39.1839264,-83.60331456,39071.0,67.1902875280925,3.4482758620689653,28,29,1,0,28,29,43058,0,0,0,0,0
2020-06-07,US,Ohio,Hocking,71,5,0,39.49537927,-82.47991446,39073.0,251.20294367393154,7.042253521126762,66,71,5,0,66,70,28385,0,0,0,0,1
2020-06-07,US,Ohio,Holmes,68,3,0,40.56163713,-81.92635677,39075.0,154.68607825295726,4.411764705882354,65,60,3,0,57,57,43892,8,0,0,8,3
2020-06-07,US,Ohio,Huron,63,1,0,41.14651175,-82.59867951,39077.0,108.12480691998763,1.5873015873015872,62,62,1,0,61,61,58504,1,0,0,1,1
2020-06-07,US,Ohio,Jackson,15,0,0,39.01914254,-82.61818559999998,39079.0,46.277728072069856,0.0,15,15,0,0,15,15,32384,0,0,0,0,0
2020-06-07,US,Ohio,Jefferson,68,2,0,40.38614126,-80.76259514,39081.0,104.09491006505932,2.9411764705882355,66,68,2,0,66,67,65767,0,0,0,0,1
2020-06-07,US,Ohio,Knox,28,1,0,40.39830217,-82.42027563,39083.0,44.927954815314024,3.571428571428572,27,26,1,0,25,25,61893,2,0,0,2,1
2020-06-07,US,Ohio,Lake,331,12,0,41.69710807,-81.23676539,39085.0,143.819873212571,3.625377643504532,319,327,12,0,315,325,230514,4,0,0,4,2
2020-06-07,US,Ohio,Lawrence,30,1,0,38.59743452,-82.53466552,39087.0,50.45154129458654,3.333333333333333,29,30,1,0,29,30,59866,0,0,0,0,0
2020-06-07,US,Ohio,Licking,277,10,0,40.09136236,-82.48185785,39089.0,156.61928509233186,3.610108303249097,267,275,10,0,265,271,175769,2,0,0,2,4
2020-06-07,US,Ohio,Logan,44,0,0,40.38996525,-83.76784341,39091.0,96.33911368015413,0.0,44,43,0,0,43,43,45358,1,0,0,1,0
2020-06-07,US,Ohio,Lorain,747,61,0,41.29553751,-82.15083537,39093.0,241.09762355849762,8.165997322623829,686,737,61,0,676,730,309461,10,0,0,10,7
2020-06-07,US,Ohio,Lucas,2348,265,0,41.62101218,-83.65468618,39095.0,548.1524368037203,11.286201022146509,2083,2340,265,0,2075,2329,429899,8,0,0,8,11
2020-06-07,US,Ohio,Madison,166,7,0,39.89381073,-83.40178317,39097.0,371.107285774966,4.216867469879518,159,164,7,0,157,164,44413,2,0,0,2,0
2020-06-07,US,Ohio,Mahoning,1511,194,0,41.01631101,-80.77287029,39099.0,660.739976299069,12.839179351422901,1317,1502,194,0,1308,1486,229642,9,0,0,9,16
2020-06-07,US,Ohio,Marion,2691,32,0,40.58610662,-83.15736305,39101.0,4134.085078272626,1.1891490152359718,2659,2689,32,0,2657,2688,65256,2,0,0,2,1
2020-06-07,US,Ohio,Medina,387,25,0,41.11770589,-81.89986209999998,39103.0,215.3038176092931,6.459948320413438,362,382,25,0,357,376,179146,5,0,0,5,6
2020-06-07,US,Ohio,Meigs,6,0,0,39.09224872,-82.0305041,39105.0,26.192866809272275,0.0,6,6,0,0,6,6,23106,0,0,0,0,0
2020-06-07,US,Ohio,Mercer,233,8,0,40.54043046,-84.62912742,39107.0,565.9185854464199,3.433476394849785,225,230,8,0,222,227,40959,3,0,0,3,3
2020-06-07,US,Ohio,Miami,374,30,0,40.0543329,-84.22871271,39109.0,349.5751820314618,8.021390374331549,344,373,30,0,343,367,106222,1,0,0,1,6
2020-06-07,US,Ohio,Monroe,80,15,0,39.72984936,-81.08464734,39111.0,585.9088911674235,18.75,65,80,15,0,65,80,13790,0,0,0,0,0
2020-06-07,US,Ohio,Montgomery,791,17,0,39.75394919,-84.29050975,39113.0,148.77173976418456,2.149178255372945,774,766,17,0,749,734,532331,25,0,0,25,32
2020-06-07,US,Ohio,Morgan,6,0,0,39.62081738,-81.85308173,39115.0,41.356492969396186,0.0,6,6,0,0,6,5,14604,0,0,0,0,1
2020-06-07,US,Ohio,Morrow,108,1,0,40.52363560000001,-82.7892599,39117.0,305.70652173913044,0.925925925925926,107,108,1,0,107,108,35112,0,0,0,0,0
2020-06-07,US,Ohio,Muskingum,56,1,0,39.96575964,-81.94363275,39119.0,64.95389433393261,1.7857142857142858,55,56,1,0,55,56,86183,0,0,0,0,0
2020-06-07,US,Ohio,Noble,6,0,0,39.76818851,-81.45937183,39121.0,41.59733777038269,0.0,6,6,0,0,6,6,14354,0,0,0,0,0
2020-06-07,US,Ohio,Ottawa,109,19,0,41.53781826,-83.0940185,39123.0,268.96977174583594,17.431192660550455,90,109,19,0,90,107,40769,0,0,0,0,2
2020-06-07,US,Ohio,Paulding,14,0,0,41.11676341,-84.5801017,39125.0,74.97857754927162,0.0,14,14,0,0,14,14,18760,0,0,0,0,0
2020-06-07,US,Ohio,Perry,20,1,0,39.73508655,-82.23804971,39127.0,55.349532296452104,5.0,19,20,1,0,19,19,36033,0,0,0,0,1
2020-06-07,US,Ohio,Pickaway,2106,38,0,39.64170392,-83.0243386,39129.0,3602.648100313051,1.8043684710351375,2068,2099,38,0,2061,2099,58086,7,0,0,7,0
2020-06-07,US,Ohio,Pike,9,0,0,39.07634001,-83.06769584,39131.0,32.406740602045225,0.0,9,9,0,0,9,9,28067,0,0,0,0,0
2020-06-07,US,Ohio,Portage,339,57,0,41.16793482,-81.19735782,39133.0,208.65904250735542,16.814159292035402,282,338,57,0,281,335,162927,1,0,0,1,3
2020-06-07,US,Ohio,Preble,39,1,0,39.7420247,-84.64787018,39135.0,95.39650702020451,2.5641025641025643,38,39,1,0,38,39,40997,0,0,0,0,0
2020-06-07,US,Ohio,Putnam,97,14,0,41.02094889,-84.1336111,39137.0,286.46525501314204,14.43298969072165,83,96,14,0,82,95,33780,1,0,0,1,1
2020-06-07,US,Ohio,Richland,231,4,0,40.77180308,-82.53799609999999,39139.0,190.666424550572,1.7316017316017316,227,223,4,0,219,222,121099,8,0,0,8,1
2020-06-07,US,Ohio,Ross,74,2,0,39.33705391,-83.06000914,39141.0,96.52257845720398,2.702702702702702,72,73,2,0,71,73,76931,1,0,0,1,0
2020-06-07,US,Ohio,Sandusky,95,12,0,41.35624126,-83.137872,39143.0,162.34321063604358,12.63157894736842,83,94,12,0,82,91,58799,1,0,0,1,3
2020-06-07,US,Ohio,Scioto,18,0,0,38.80270163,-82.98907345,39145.0,23.899938922378308,0.0,18,18,0,0,18,18,75502,0,0,0,0,0
2020-06-07,US,Ohio,Seneca,27,2,0,41.12351311,-83.12783209,39147.0,48.932545579760045,7.407407407407407,25,27,2,0,25,26,55207,0,0,0,0,1
2020-06-07,US,Ohio,Shelby,49,3,0,40.33163494,-84.20258189,39149.0,100.84379501955135,6.1224489795918355,46,47,3,0,44,47,48627,2,0,0,2,0
2020-06-07,US,Ohio,Stark,817,102,0,40.81482476,-81.36437305,39151.0,220.44974986913326,12.48470012239902,715,813,102,0,711,803,371574,4,0,0,4,10
2020-06-07,US,Ohio,Summit,1548,183,0,41.12464734,-81.53123079,39153.0,286.1299081537782,11.821705426356587,1365,1540,183,0,1357,1529,541918,8,0,0,8,11
2020-06-07,US,Ohio,Trumbull,612,53,0,41.31735028,-80.76109643,39155.0,309.13150211643955,8.660130718954248,559,607,53,0,554,600,198627,5,0,0,5,7
2020-06-07,US,Ohio,Tuscarawas,378,5,0,40.44214695,-81.47226262,39157.0,410.9276310783046,1.3227513227513228,373,376,5,0,371,371,92176,2,0,0,2,5
2020-06-07,US,Ohio,Union,58,1,0,40.30016061,-83.37239023,39159.0,98.3250830677426,1.7241379310344829,57,58,1,0,57,56,57835,0,0,0,0,2
2020-06-07,US,Ohio,Van Wert,8,0,0,40.8554138,-84.59111700000003,39161.0,28.29354553492485,0.0,8,8,0,0,8,7,28281,0,0,0,0,1
2020-06-07,US,Ohio,Vinton,20,2,0,39.25208988,-82.4831444,39163.0,152.84677111196027,10.0,18,20,2,0,18,21,13139,0,0,0,0,-1
2020-06-07,US,Ohio,Warren,419,20,0,39.42581994,-84.16557457,39165.0,178.60035293816762,4.77326968973747,399,413,20,0,393,407,232173,6,0,0,6,6
2020-06-07,US,Ohio,Washington,118,19,0,39.45690571,-81.49121382,39167.0,196.9588222530086,16.10169491525424,99,118,19,0,99,118,60155,0,0,0,0,0
2020-06-07,US,Ohio,Wayne,298,51,0,40.82925852,-81.88844833,39169.0,257.5404027309653,17.114093959731544,247,296,51,0,245,296,115967,2,0,0,2,0
2020-06-07,US,Ohio,Williams,58,1,0,41.56052014,-84.58429552,39171.0,158.07260438242668,1.7241379310344829,57,58,1,0,57,58,36804,0,0,0,0,0
2020-06-07,US,Ohio,Wood,307,49,0,41.36224827,-83.62285108,39173.0,234.6789790317772,15.960912052117267,258,308,49,0,259,306,130696,-1,0,0,-1,2
2020-06-07,US,Ohio,Wyandot,48,2,0,40.84339621,-83.30734173,39175.0,220.46665441851917,4.166666666666667,46,48,2,0,46,48,21935,0,0,0,0,0
2020-06-07,US,Oklahoma,Adair,94,4,0,35.88494195,-94.65859267,40001.0,423.5378931242678,4.25531914893617,90,93,4,0,89,93,22082,1,0,0,1,0
2020-06-07,US,Oklahoma,Alfalfa,1,0,0,36.73090616,-98.32408495,40003.0,17.5377060680463,0.0,1,1,0,0,1,1,5754,0,0,0,0,0
2020-06-07,US,Oklahoma,Atoka,4,0,0,34.37366573,-96.03802487,40005.0,29.07399331298154,0.0,4,4,0,0,4,4,13838,0,0,0,0,0
2020-06-07,US,Oklahoma,Beaver,27,0,0,36.7496847,-100.4758872,40007.0,508.3788363773301,0.0,27,24,0,0,24,24,5319,3,0,0,3,0
2020-06-07,US,Oklahoma,Beckham,7,0,0,35.26862449,-99.68128023,40009.0,32.02342284642481,0.0,7,7,0,0,7,7,21709,0,0,0,0,0
2020-06-07,US,Oklahoma,Blaine,9,0,0,35.87518314,-98.43307003,40011.0,95.45020680878142,0.0,9,9,0,0,9,9,9485,0,0,0,0,0
2020-06-07,US,Oklahoma,Bryan,36,1,0,33.96472458,-96.25903472,40013.0,75.00781331388686,2.7777777777777777,35,35,1,0,34,35,47192,1,0,0,1,0
2020-06-07,US,Oklahoma,Caddo,170,10,0,35.17364557,-98.37534464,40015.0,591.0576455044851,5.882352941176472,160,168,10,0,158,168,28977,2,0,0,2,0
2020-06-07,US,Oklahoma,Canadian,142,3,0,35.5426055,-97.98465569,40017.0,95.74798052674878,2.112676056338028,139,141,3,0,138,141,144447,1,0,0,1,0
2020-06-07,US,Oklahoma,Carter,52,1,0,34.25103751,-97.28552485,40019.0,108.0833904928187,1.9230769230769231,51,51,1,0,50,51,48177,1,0,0,1,0
2020-06-07,US,Oklahoma,Cherokee,33,1,0,35.90692775,-94.99980896,40021.0,67.82169060977866,3.0303030303030303,32,31,1,0,30,31,48675,2,0,0,2,0
2020-06-07,US,Oklahoma,Choctaw,98,1,0,34.02807439,-95.54771129,40023.0,667.9389312977099,1.020408163265306,97,98,1,0,97,97,14668,0,0,0,0,1
2020-06-07,US,Oklahoma,Cimarron,1,0,0,36.74817177,-102.5173885,40025.0,46.79457182966776,0.0,1,1,0,0,1,1,2153,0,0,0,0,0
2020-06-07,US,Oklahoma,Cleveland,520,37,0,35.20413532,-97.32519562,40027.0,183.0895660073095,7.115384615384616,483,519,37,0,482,520,281669,1,0,0,1,-1
2020-06-07,US,Oklahoma,Coal,5,0,0,34.58840127,-96.29798747,40029.0,90.99181073703366,0.0,5,5,0,0,5,5,5520,0,0,0,0,0
2020-06-07,US,Oklahoma,Comanche,310,3,0,34.65973764,-98.47195055,40031.0,256.7309046037648,0.967741935483871,307,309,3,0,306,306,120422,1,0,0,1,3
2020-06-07,US,Oklahoma,Cotton,5,2,0,34.28845626,-98.37053567,40033.0,88.24567596187786,40.0,3,5,2,0,3,5,5776,0,0,0,0,0
2020-06-07,US,Oklahoma,Craig,16,0,0,36.76268118,-95.20916602,40035.0,113.13816999010041,0.0,16,15,0,0,15,15,14306,1,0,0,1,0
2020-06-07,US,Oklahoma,Creek,100,7,0,35.90230551,-96.37086028,40037.0,139.81711920807584,7.0,93,99,7,0,92,99,71604,1,0,0,1,0
2020-06-07,US,Oklahoma,Custer,34,0,0,35.63853802,-99.00170785,40039.0,117.22925214632969,0.0,34,32,0,0,32,32,29036,2,0,0,2,0
2020-06-07,US,Oklahoma,Delaware,102,16,0,36.40823634,-94.80325046,40041.0,237.15966425631842,15.68627450980392,86,100,16,0,84,100,42733,2,0,0,2,0
2020-06-07,US,Oklahoma,Dewey,2,0,0,35.98772922,-99.00730714,40043.0,40.891433244735225,0.0,2,2,0,0,2,3,4894,0,0,0,0,-1
2020-06-07,US,Oklahoma,Garfield,30,1,0,36.3791334,-97.78265517,40047.0,49.135220125786155,3.333333333333333,29,29,1,0,28,29,60913,1,0,0,1,0
2020-06-07,US,Oklahoma,Garvin,20,1,0,34.70418038,-97.30811132,40049.0,72.17350510627548,5.0,19,18,1,0,17,18,27811,2,0,0,2,0
2020-06-07,US,Oklahoma,Grady,115,3,0,35.0167709,-97.88339847,40051.0,205.9676899380306,2.608695652173913,112,107,3,0,104,107,55551,8,0,0,8,0
2020-06-07,US,Oklahoma,Grant,2,0,0,36.796296999999996,-97.78638765,40053.0,46.15739672282484,0.0,2,2,0,0,2,2,4326,0,0,0,0,0
2020-06-07,US,Oklahoma,Greer,66,7,0,34.93535801,-99.56056120000001,40055.0,1155.4621848739494,10.606060606060606,59,66,7,0,59,66,5821,0,0,0,0,0
2020-06-07,US,Oklahoma,Harper,1,0,0,36.78836519,-99.6679804,40059.0,27.11496746203905,0.0,1,1,0,0,1,1,3797,0,0,0,0,0
2020-06-07,US,Oklahoma,Haskell,6,0,0,35.22257600000001,-95.11513306,40061.0,47.517224994060356,0.0,6,6,0,0,6,6,12668,0,0,0,0,0
2020-06-07,US,Oklahoma,Hughes,3,0,0,35.04912569,-96.24921145,40063.0,22.59206265532043,0.0,3,3,0,0,3,3,13335,0,0,0,0,0
2020-06-07,US,Oklahoma,Jackson,28,3,0,34.58781741,-99.41138784,40065.0,114.1459437423563,10.714285714285714,25,27,3,0,24,27,24949,1,0,0,1,0
2020-06-07,US,Oklahoma,Jefferson,4,0,0,34.11130184,-97.83182974,40067.0,66.64445184938353,0.0,4,4,0,0,4,4,6123,0,0,0,0,0
2020-06-07,US,Oklahoma,Johnston,3,0,0,34.31440473,-96.66011537,40069.0,27.063599458728014,0.0,3,3,0,0,3,3,10949,0,0,0,0,0
2020-06-07,US,Oklahoma,Kay,59,7,0,36.81799745,-97.14421435,40071.0,135.5138040332583,11.864406779661017,52,59,7,0,52,57,44161,0,0,0,0,2
2020-06-07,US,Oklahoma,Kingfisher,12,0,0,35.94530008,-97.94193268,40073.0,76.11798287345384,0.0,12,12,0,0,12,12,15816,0,0,0,0,0
2020-06-07,US,Oklahoma,Kiowa,6,0,0,34.91671958,-98.97720696,40075.0,68.90215893431328,0.0,6,6,0,0,6,6,8729,0,0,0,0,0
2020-06-07,US,Oklahoma,Latimer,5,1,0,34.87844729,-95.25215049,40077.0,49.63764519011218,20.0,4,5,1,0,4,5,10231,0,0,0,0,0
2020-06-07,US,Oklahoma,Le Flore,15,1,0,34.89851864,-94.70392124,40079.0,30.088460072613483,6.666666666666668,14,15,1,0,14,14,49980,0,0,0,0,1
2020-06-07,US,Oklahoma,Lincoln,22,2,0,35.70270942,-96.8812462,40081.0,63.07881985262494,9.090909090909092,20,22,2,0,20,22,34920,0,0,0,0,0
2020-06-07,US,Oklahoma,Logan,21,1,0,35.91899576,-97.44352845,40083.0,43.73997625544146,4.761904761904762,20,19,1,0,18,19,47291,2,0,0,2,0
2020-06-07,US,Oklahoma,Love,17,0,0,33.95273467,-97.23906784,40085.0,165.80513020579343,0.0,17,16,0,0,16,16,10134,1,0,0,1,0
2020-06-07,US,Oklahoma,Major,6,1,0,36.31149996,-98.53467076,40093.0,78.64726700747148,16.666666666666668,5,6,1,0,5,6,7644,0,0,0,0,0
2020-06-07,US,Oklahoma,Marshall,11,0,0,34.02311222,-96.76855464,40095.0,64.96958242277479,0.0,11,9,0,0,9,10,16806,2,0,0,2,-1
2020-06-07,US,Oklahoma,Mayes,34,4,0,36.30179091,-95.23175116,40097.0,82.7250608272506,11.764705882352944,30,31,4,0,27,31,41107,3,0,0,3,0
2020-06-07,US,Oklahoma,McClain,109,4,0,35.01123903,-97.44572302,40087.0,269.3086919998024,3.669724770642202,105,109,4,0,105,109,39985,0,0,0,0,0
2020-06-07,US,Oklahoma,McCurtain,84,1,0,34.11664328,-94.77222373,40089.0,255.84795321637424,1.1904761904761905,83,81,1,0,80,79,32703,3,0,0,3,2
2020-06-07,US,Oklahoma,McIntosh,14,1,0,35.37235506,-95.66599306,40091.0,71.44315166360481,7.142857142857142,13,14,1,0,13,14,19815,0,0,0,0,0
2020-06-07,US,Oklahoma,Murray,6,0,0,34.48116015,-97.06826283,40099.0,42.634832658281816,0.0,6,5,0,0,5,5,13953,1,0,0,1,0
2020-06-07,US,Oklahoma,Muskogee,62,6,0,35.61318461,-95.37802952,40101.0,91.18049325705546,9.677419354838712,56,61,6,0,55,61,68362,1,0,0,1,0
2020-06-07,US,Oklahoma,Noble,7,0,0,36.38953329,-97.22928674,40103.0,62.887431497619254,0.0,7,7,0,0,7,7,11289,0,0,0,0,0
2020-06-07,US,Oklahoma,Nowata,24,0,0,36.79843529,-95.61902331,40105.0,238.18975784041282,0.0,24,23,0,0,23,23,10218,1,0,0,1,0
2020-06-07,US,Oklahoma,Okfuskee,5,0,0,35.46485198,-96.32639984,40107.0,41.69098640873843,0.0,5,5,0,0,5,5,12098,0,0,0,0,0
2020-06-07,US,Oklahoma,Oklahoma,1369,64,0,35.55140095,-97.40716948,40109.0,171.67564964624032,4.674945215485756,1305,1360,64,0,1296,1350,792582,9,0,0,9,10
2020-06-07,US,Oklahoma,Okmulgee,26,0,0,35.64661916,-95.96432828,40111.0,67.59391654751073,0.0,26,26,0,0,26,25,38335,0,0,0,0,1
2020-06-07,US,Oklahoma,Osage,101,8,0,36.62888819,-96.39635704,40113.0,215.06292187466732,7.920792079207921,93,101,8,0,93,102,47014,0,0,0,0,-1
2020-06-07,US,Oklahoma,Ottawa,35,2,0,36.83532655,-94.81011909,40115.0,112.44257397115044,5.7142857142857135,33,35,2,0,33,35,31175,0,0,0,0,0
2020-06-07,US,Oklahoma,Pawnee,34,2,0,36.31743373,-96.70331759999999,40117.0,207.6209086468002,5.882352941176472,32,33,2,0,31,32,16390,1,0,0,1,1
2020-06-07,US,Oklahoma,Payne,48,1,0,36.07695283,-96.97584944,40119.0,58.69118654015456,2.083333333333333,47,48,1,0,47,48,82040,0,0,0,0,0
2020-06-07,US,Oklahoma,Pittsburg,42,3,0,34.92065823,-95.75134320000001,40121.0,96.21111467448573,7.142857142857142,39,41,3,0,38,41,43877,1,0,0,1,0
2020-06-07,US,Oklahoma,Pontotoc,18,2,0,34.72959848,-96.68337199,40123.0,47.01703061331104,11.111111111111109,16,18,2,0,16,17,38247,0,0,0,0,1
2020-06-07,US,Oklahoma,Pottawatomie,64,4,0,35.20614018,-96.94923008,40125.0,88.16398501212255,6.25,60,63,4,0,59,63,72679,1,0,0,1,0
2020-06-07,US,Oklahoma,Pushmataha,5,0,0,34.41635232,-95.37603505,40127.0,45.061283345349686,0.0,5,5,0,0,5,5,11179,0,0,0,0,0
2020-06-07,US,Oklahoma,Rogers,85,5,0,36.37004357,-95.60406759,40131.0,91.93264041358871,5.882352941176472,80,85,5,0,80,83,91984,0,0,0,0,2
2020-06-07,US,Oklahoma,Seminole,30,2,0,35.16478725,-96.61686741,40133.0,123.67054167697256,6.666666666666668,28,30,2,0,28,30,24578,0,0,0,0,0
2020-06-07,US,Oklahoma,Sequoyah,17,3,0,35.49447108,-94.75463785,40135.0,40.89585989559527,17.647058823529417,14,17,3,0,14,17,41179,0,0,0,0,0
2020-06-07,US,Oklahoma,Stephens,44,1,0,34.48556989,-97.85141892,40137.0,101.986417263519,2.272727272727273,43,41,1,0,40,41,43265,3,0,0,3,0
2020-06-07,US,Oklahoma,Texas,947,6,0,36.74777635,-101.4889765,40139.0,4739.028173947856,0.6335797254487856,941,944,6,0,938,944,20455,3,0,0,3,0
2020-06-07,US,Oklahoma,Tillman,23,1,0,34.37288446,-98.92426619,40141.0,317.2413793103448,4.3478260869565215,22,23,1,0,22,23,7348,0,0,0,0,0
2020-06-07,US,Oklahoma,Tulsa,1188,60,0,36.11939621,-95.94013939,40143.0,182.33387358184768,5.05050505050505,1128,1165,59,0,1106,1134,648360,23,1,0,22,31
2020-06-07,US,Oklahoma,Wagoner,156,17,0,35.96024096,-95.51911308,40145.0,191.9078842155765,10.8974358974359,139,153,17,0,136,153,80110,3,0,0,3,0
2020-06-07,US,Oklahoma,Washington,340,37,0,36.71380786,-95.90514104,40147.0,659.8482349059716,10.882352941176471,303,340,37,0,303,339,51843,0,0,0,0,1
2020-06-07,US,Oklahoma,Washita,2,0,0,35.29071824,-98.99180434,40149.0,18.321729571271533,0.0,2,2,0,0,2,2,11127,0,0,0,0,0
2020-06-07,US,Oklahoma,Woods,4,0,0,36.76705782,-98.86573064,40151.0,45.49073126350506,0.0,4,4,0,0,4,4,8897,0,0,0,0,0
2020-06-07,US,Oklahoma,Woodward,7,0,0,36.42316318,-99.26283045,40153.0,34.6346049181139,0.0,7,5,0,0,5,5,20222,2,0,0,2,0
2020-06-07,US,Oregon,Baker,1,0,0,44.70915557,-117.6749883,41001.0,6.201935003721161,0.0,1,1,0,0,1,1,16006,0,0,0,0,0
2020-06-07,US,Oregon,Benton,62,5,0,44.49167306,-123.4316987,41003.0,66.62869547462199,8.064516129032258,57,62,5,0,57,62,92101,0,0,0,0,0
2020-06-07,US,Oregon,Clackamas,346,12,0,45.18787398,-122.2179634,41005.0,82.7381052017399,3.4682080924855487,334,339,12,0,327,339,416075,7,0,0,7,0
2020-06-07,US,Oregon,Clatsop,45,0,0,45.99712889,-123.660711,41007.0,111.87350835322195,0.0,45,45,0,0,45,45,39764,0,0,0,0,0
2020-06-07,US,Oregon,Columbia,16,0,0,45.94464254,-123.08908980000001,41009.0,30.561179661534933,0.0,16,16,0,0,16,16,52377,0,0,0,0,0
2020-06-07,US,Oregon,Coos,32,0,0,43.17406868,-124.0594514,41011.0,49.622404515638806,0.0,32,32,0,0,32,32,64389,0,0,0,0,0
2020-06-07,US,Oregon,Crook,6,0,0,44.14230227,-120.356297,41013.0,24.586133420750688,0.0,6,6,0,0,6,6,23867,0,0,0,0,0
2020-06-07,US,Oregon,Curry,7,0,0,42.45911325,-124.15728200000001,41015.0,30.53435114503817,0.0,7,7,0,0,7,7,22813,0,0,0,0,0
2020-06-07,US,Oregon,Deschutes,133,0,0,43.91570171,-121.2289121,41017.0,67.27636930174211,0.0,133,134,0,0,134,134,191996,-1,0,0,-1,0
2020-06-07,US,Oregon,Douglas,29,0,0,43.27941273,-123.16729099999999,41019.0,26.130834384573802,0.0,29,29,0,0,29,29,110283,0,0,0,0,0
2020-06-07,US,Oregon,Grant,1,0,0,44.49024544,-119.0068631,41023.0,13.890818169190164,0.0,1,1,0,0,1,1,7176,0,0,0,0,0
2020-06-07,US,Oregon,Harney,1,0,0,43.06422669,-118.96663059999999,41025.0,13.526308670363855,0.0,1,1,0,0,1,1,7329,0,0,0,0,0
2020-06-07,US,Oregon,Hood River,44,0,0,45.51872811,-121.65520359999998,41027.0,188.17894106577708,0.0,44,37,0,0,37,37,23428,7,0,0,7,0
2020-06-07,US,Oregon,Jackson,71,0,0,42.43201126,-122.72893090000001,41029.0,32.134839597364035,0.0,71,69,0,0,69,69,219564,2,0,0,2,0
2020-06-07,US,Oregon,Jefferson,57,0,0,44.62806839,-121.17832,41031.0,231.16230026766158,0.0,57,55,0,0,55,55,24192,2,0,0,2,0
2020-06-07,US,Oregon,Josephine,23,1,0,42.3665549,-123.5561938,41033.0,26.28962017213986,4.3478260869565215,22,23,1,0,22,23,87393,0,0,0,0,0
2020-06-07,US,Oregon,Klamath,45,0,0,42.68762984,-121.64964609999998,41035.0,65.94566077552098,0.0,45,45,0,0,45,45,67653,0,0,0,0,0
2020-06-07,US,Oregon,Lake,2,0,0,42.79246693,-120.38501629999999,41037.0,25.41619011310205,0.0,2,2,0,0,2,2,7879,0,0,0,0,0
2020-06-07,US,Oregon,Lane,80,3,0,43.93727035,-122.847753,41039.0,20.93873587616832,3.75,77,80,3,0,77,80,379611,0,0,0,0,0
2020-06-07,US,Oregon,Lincoln,33,0,0,44.64252874,-123.86991200000001,41041.0,66.05019815059445,0.0,33,27,0,0,27,27,49388,6,0,0,6,0
2020-06-07,US,Oregon,Linn,124,9,0,44.48899494,-122.53731540000001,41043.0,95.56913733439178,7.258064516129032,115,124,9,0,115,124,127335,0,0,0,0,0
2020-06-07,US,Oregon,Malheur,34,0,0,43.1937027,-117.62273950000001,41045.0,111.2165123810147,0.0,34,33,0,0,33,33,30725,1,0,0,1,0
2020-06-07,US,Oregon,Marion,1039,27,0,44.90287942,-122.58151170000001,41047.0,298.7194452271015,2.598652550529355,1012,1028,27,0,1001,1028,346868,11,0,0,11,0
2020-06-07,US,Oregon,Morrow,13,0,0,45.41846568,-119.584546,41049.0,112.0399896578471,0.0,13,12,0,0,12,12,11372,1,0,0,1,0
2020-06-07,US,Oregon,Multnomah,1264,65,0,45.54747959,-122.4169351,41051.0,155.50128866772056,5.14240506329114,1199,1236,63,0,1173,1236,811880,28,2,0,26,0
2020-06-07,US,Oregon,Polk,103,12,0,44.90322804,-123.4128888,41053.0,119.64918394609978,11.650485436893206,91,100,12,0,88,100,85234,3,0,0,3,0
2020-06-07,US,Oregon,Sherman,1,0,0,45.41501554,-120.6827834,41055.0,56.179775280898866,0.0,1,1,0,0,1,1,1708,0,0,0,0,0
2020-06-07,US,Oregon,Tillamook,6,0,0,45.46248721,-123.712066,41057.0,22.192632046160675,0.0,6,6,0,0,6,6,26787,0,0,0,0,0
2020-06-07,US,Oregon,Umatilla,131,3,0,45.59073056,-118.7353826,41059.0,168.0564464400257,2.2900763358778624,128,125,3,0,122,125,77516,6,0,0,6,0
2020-06-07,US,Oregon,Union,6,0,0,45.30915495,-118.0068979,41061.0,22.3588596981554,0.0,6,6,0,0,6,6,26461,0,0,0,0,0
2020-06-07,US,Oregon,Wallowa,3,0,0,45.57894064,-117.18353799999998,41063.0,41.620421753607104,0.0,3,2,0,0,2,2,7081,1,0,0,1,0
2020-06-07,US,Oregon,Wasco,33,1,0,45.16292781,-121.16709540000001,41065.0,123.67888464133124,3.0303030303030303,32,32,1,0,31,32,26505,1,0,0,1,0
2020-06-07,US,Oregon,Washington,790,18,0,45.55972701,-123.0955257,41067.0,131.31823561483532,2.278481012658228,772,775,18,0,757,775,597695,15,0,0,15,0
2020-06-07,US,Oregon,Yamhill,81,7,0,45.23330449,-123.3086963,41071.0,75.63025210084034,8.641975308641975,74,79,7,0,72,79,107002,2,0,0,2,0
2020-06-07,US,Pennsylvania,Adams,273,8,0,39.87140411,-77.21610347,42001.0,265.0253861313089,2.93040293040293,265,269,8,0,261,264,102811,4,0,0,4,5
2020-06-07,US,Pennsylvania,Allegheny,2003,168,0,40.46809875,-79.98167747,42003.0,164.71429922412412,8.387418871692459,1835,1989,168,0,1821,1973,1218452,14,0,0,14,16
2020-06-07,US,Pennsylvania,Armstrong,65,5,0,40.81665618,-79.46290811,42005.0,100.40936124198656,7.6923076923076925,60,65,5,0,60,64,65263,0,0,0,0,1
2020-06-07,US,Pennsylvania,Beaver,603,74,0,40.6825484,-80.34921611,42007.0,367.84217557601164,12.271973466003315,529,598,74,0,524,598,164742,5,0,0,5,0
2020-06-07,US,Pennsylvania,Bedford,44,2,0,40.00522157,-78.48998442,42009.0,91.88105579685934,4.545454545454546,42,43,2,0,41,43,48176,1,0,0,1,0
2020-06-07,US,Pennsylvania,Berks,4201,333,0,40.41570541,-75.92457766,42011.0,997.4736682147573,7.926684122827897,3868,4184,333,0,3851,4167,420152,17,0,0,17,17
2020-06-07,US,Pennsylvania,Blair,53,1,0,40.47961444,-78.34917412,42013.0,43.503599307225706,1.8867924528301887,52,53,1,0,52,53,122492,0,0,0,0,0
2020-06-07,US,Pennsylvania,Bradford,46,3,0,41.78869215,-76.51570822,42015.0,76.25615436898032,6.521739130434782,43,46,3,0,43,46,60833,0,0,0,0,0
2020-06-07,US,Pennsylvania,Bucks,5261,529,0,40.33682119,-75.10836643,42017.0,837.3788339408217,10.05512260026611,4732,5243,529,0,4714,5197,628195,18,0,0,18,46
2020-06-07,US,Pennsylvania,Butler,247,12,0,40.91152759,-79.91351055,42019.0,131.48578942045106,4.8582995951417,235,244,12,0,232,239,187888,3,0,0,3,5
2020-06-07,US,Pennsylvania,Cambria,59,2,0,40.49527404,-78.71377428,42021.0,45.31768465036254,3.3898305084745757,57,59,2,0,57,59,131730,0,0,0,0,0
2020-06-07,US,Pennsylvania,Cameron,2,0,0,41.43625568,-78.20376845,42023.0,44.974139869575005,0.0,2,2,0,0,2,2,4492,0,0,0,0,0
2020-06-07,US,Pennsylvania,Carbon,249,24,0,40.91545395,-75.7068525,42025.0,387.959240908666,9.63855421686747,225,248,24,0,224,245,64227,1,0,0,1,3
2020-06-07,US,Pennsylvania,Centre,156,7,0,40.92058903,-77.82200624,42027.0,96.0679865751147,4.487179487179487,149,155,7,0,148,154,162805,1,0,0,1,1
2020-06-07,US,Pennsylvania,Chester,3053,297,0,39.97291773,-75.74768357,42029.0,581.5359940874953,9.728136259416967,2756,3014,297,0,2717,2959,522046,39,0,0,39,55
2020-06-07,US,Pennsylvania,Clarion,27,2,0,41.19265812,-79.42413524,42031.0,70.24298870908996,7.407407407407407,25,27,2,0,25,27,38779,0,0,0,0,0
2020-06-07,US,Pennsylvania,Clearfield,44,0,0,41.00110782,-78.47592663,42033.0,55.517002081887576,0.0,44,44,0,0,44,43,79388,0,0,0,0,1
2020-06-07,US,Pennsylvania,Clinton,60,3,0,41.23255967,-77.63785995,42035.0,155.31165872851525,5.0,57,60,3,0,57,60,38684,0,0,0,0,0
2020-06-07,US,Pennsylvania,Columbia,364,31,0,41.04821986,-76.40565017,42037.0,560.3103257188596,8.516483516483516,333,361,31,0,330,352,65456,3,0,0,3,9
2020-06-07,US,Pennsylvania,Crawford,30,0,0,41.68447709,-80.10760592,42039.0,35.448841413699796,0.0,30,30,0,0,30,30,85063,0,0,0,0,0
2020-06-07,US,Pennsylvania,Cumberland,669,57,0,40.1625372,-77.26130755,42041.0,264.04073094683656,8.52017937219731,612,665,57,0,608,659,251423,4,0,0,4,6
2020-06-07,US,Pennsylvania,Dauphin,1481,91,0,40.41377078,-76.77993242,42043.0,532.1614522509964,6.144496961512492,1390,1451,90,0,1361,1434,277097,30,1,0,29,17
2020-06-07,US,Pennsylvania,Delaware,6688,597,0,39.91680171,-75.40243663,42045.0,1180.0680021244048,8.926435406698564,6091,6659,596,0,6063,6608,564751,29,1,0,28,51
2020-06-07,US,Pennsylvania,Elk,6,0,0,41.42822061,-78.64524744,42047.0,20.060180541624874,0.0,6,6,0,0,6,6,30169,0,0,0,0,0
2020-06-07,US,Pennsylvania,Erie,367,5,0,41.99253829,-80.03301954,42049.0,136.06299679677306,1.3623978201634876,362,363,5,0,358,332,272061,4,0,0,4,31
2020-06-07,US,Pennsylvania,Fayette,95,4,0,39.92041012,-79.64291195,42051.0,73.48732150316383,4.2105263157894735,91,95,4,0,91,95,130441,0,0,0,0,0
2020-06-07,US,Pennsylvania,Forest,7,0,0,41.51095103,-79.23229292,42053.0,96.59169311439214,0.0,7,7,0,0,7,7,7279,0,0,0,0,0
2020-06-07,US,Pennsylvania,Franklin,795,39,0,39.92956518,-77.72157791,42055.0,512.8138969340824,4.90566037735849,756,792,39,0,753,788,154835,3,0,0,3,4
2020-06-07,US,Pennsylvania,Fulton,16,1,0,39.92913544,-78.11163677,42057.0,110.11699931176877,6.25,15,16,1,0,15,16,14523,0,0,0,0,0
2020-06-07,US,Pennsylvania,Greene,27,0,0,39.85746531,-80.22357106,42059.0,74.51770485469048,0.0,27,27,0,0,27,27,36506,0,0,0,0,0
2020-06-07,US,Pennsylvania,Huntingdon,236,4,0,40.42162652,-77.97673273,42061.0,522.7715754031543,1.6949152542372878,232,236,4,0,232,234,45168,0,0,0,0,2
2020-06-07,US,Pennsylvania,Indiana,92,5,0,40.65241041,-79.08963285,42063.0,109.42871076326527,5.434782608695652,87,91,5,0,86,91,84501,1,0,0,1,0
2020-06-07,US,Pennsylvania,Jefferson,16,0,0,41.12913106,-78.9986361,42065.0,36.845135290731136,0.0,16,16,0,0,16,15,43641,0,0,0,0,1
2020-06-07,US,Pennsylvania,Juniata,97,4,0,40.53358749,-77.39975129999998,42067.0,391.71344344384767,4.123711340206185,93,96,4,0,92,95,24704,1,0,0,1,1
2020-06-07,US,Pennsylvania,Lackawanna,1583,187,0,41.43564672,-75.60379201,42069.0,754.9815427759282,11.813013265950724,1396,1579,187,0,1392,1575,210793,4,0,0,4,4
2020-06-07,US,Pennsylvania,Lancaster,3461,318,0,40.03904563,-76.24770128,42071.0,634.203370201787,9.188095926032938,3143,3404,317,0,3087,3337,543557,57,1,0,56,67
2020-06-07,US,Pennsylvania,Lawrence,85,8,0,40.99206278,-80.33393706,42073.0,99.40125362522221,9.411764705882351,77,84,8,0,76,82,86184,1,0,0,1,2
2020-06-07,US,Pennsylvania,Lebanon,1062,37,0,40.36680311,-76.45651841,42075.0,748.9791456559915,3.4839924670433144,1025,1021,37,0,984,1000,141314,41,0,0,41,21
2020-06-07,US,Pennsylvania,Lehigh,3858,248,0,40.6154815,-75.59435245,42077.0,1044.628206586194,6.428201140487299,3610,3846,248,0,3598,3829,368100,12,0,0,12,17
2020-06-07,US,Pennsylvania,Luzerne,2793,157,0,41.17823008,-75.98447579,42079.0,879.9150644105388,5.621195846759757,2636,2791,157,0,2634,2782,317646,2,0,0,2,9
2020-06-07,US,Pennsylvania,Lycoming,167,17,0,41.34310539,-77.06629984,42081.0,147.3975939769989,10.179640718562874,150,166,17,0,149,166,113664,1,0,0,1,0
2020-06-07,US,Pennsylvania,McKean,13,1,0,41.80938602,-78.56478358,42083.0,32.0,7.6923076923076925,12,13,1,0,12,13,40968,0,0,0,0,0
2020-06-07,US,Pennsylvania,Mercer,111,6,0,41.30248872,-80.25816981,42085.0,101.44026904518203,5.405405405405406,105,111,6,0,105,110,110683,0,0,0,0,1
2020-06-07,US,Pennsylvania,Mifflin,59,1,0,40.61116939,-77.61070738,42087.0,127.8772378516624,1.6949152542372878,58,59,1,0,58,59,46222,0,0,0,0,0
2020-06-07,US,Pennsylvania,Monroe,1338,102,0,41.05934058,-75.34031025,42089.0,785.806156068855,7.623318385650223,1236,1338,102,0,1236,1335,169507,0,0,0,0,3
2020-06-07,US,Pennsylvania,Montgomery,7582,725,0,40.21053671,-75.36652296,42091.0,912.48804029293,9.562120812450539,6857,7542,724,0,6818,7416,828604,40,1,0,39,126
2020-06-07,US,Pennsylvania,Montour,53,0,0,41.03023987,-76.66345939,42093.0,290.72956664838176,0.0,53,53,0,0,53,53,18240,0,0,0,0,0
2020-06-07,US,Pennsylvania,Northampton,3151,232,0,40.75182733,-75.30471829,42095.0,1032.1502857985158,7.362741986670898,2919,3144,231,0,2913,3136,304807,7,1,0,6,8
2020-06-07,US,Pennsylvania,Northumberland,209,3,0,40.84785433,-76.70798222,42097.0,230.0672588972183,1.4354066985645932,206,208,3,0,205,206,91083,1,0,0,1,2
2020-06-07,US,Pennsylvania,Perry,68,3,0,40.40206612,-77.26297447,42099.0,146.95712309820198,4.411764705882354,65,67,3,0,64,67,46139,1,0,0,1,0
2020-06-07,US,Pennsylvania,Philadelphia,23529,1420,0,40.00338507,-75.1379271,42101.0,1485.3566522564747,6.03510561434825,22109,23529,1414,0,22115,23407,1584138,0,6,0,-6,122
2020-06-07,US,Pennsylvania,Pike,482,20,0,41.33155042,-75.03208106,42103.0,863.6599831568385,4.149377593360996,462,481,20,0,461,478,55933,1,0,0,1,3
2020-06-07,US,Pennsylvania,Potter,11,0,0,41.74471626,-77.89559864,42105.0,66.56178143531405,0.0,11,11,0,0,11,8,16622,0,0,0,0,3
2020-06-07,US,Pennsylvania,Schuylkill,656,39,0,40.70497338,-76.2150785,42107.0,464.0666671382791,5.945121951219512,617,656,38,0,618,653,142067,0,1,0,-1,3
2020-06-07,US,Pennsylvania,Snyder,55,1,0,40.77129231,-77.06840691,42109.0,136.23303279500644,1.818181818181818,54,54,1,0,53,53,40540,1,0,0,1,1
2020-06-07,US,Pennsylvania,Somerset,39,1,0,39.97172723,-79.02699593,42111.0,53.0995139352186,2.5641025641025643,38,39,1,0,38,38,73952,0,0,0,0,1
2020-06-07,US,Pennsylvania,Sullivan,3,0,0,41.44634738,-76.51246591,42113.0,49.455984174085074,0.0,3,3,0,0,3,3,6071,0,0,0,0,0
2020-06-07,US,Pennsylvania,Susquehanna,148,16,0,41.82147784,-75.80071959,42115.0,366.9906764530847,10.810810810810812,132,133,16,0,117,124,40589,15,0,0,15,9
2020-06-07,US,Pennsylvania,Tioga,19,2,0,41.77255149,-77.25433032,42117.0,46.80840580424233,10.526315789473683,17,19,2,0,17,19,40763,0,0,0,0,0
2020-06-07,US,Pennsylvania,Union,73,2,0,40.96188846,-77.05996014,42119.0,162.50027825390112,2.7397260273972597,71,71,2,0,69,70,44785,2,0,0,2,1
2020-06-07,US,Pennsylvania,Venango,15,0,0,41.40323442,-79.75845449,42121.0,29.60448409252388,0.0,15,15,0,0,15,15,51266,0,0,0,0,0
2020-06-07,US,Pennsylvania,Warren,5,0,0,41.81304978,-79.26969577,42123.0,12.758031180628205,0.0,5,5,0,0,5,5,39498,0,0,0,0,0
2020-06-07,US,Pennsylvania,Washington,147,6,0,40.19208869,-80.24582867,42125.0,71.0608367776086,4.081632653061225,141,146,6,0,140,141,207346,1,0,0,1,5
2020-06-07,US,Pennsylvania,Wayne,126,9,0,41.64938475,-75.29956506,42127.0,245.322326278694,7.142857142857142,117,123,9,0,114,123,51276,3,0,0,3,0
2020-06-07,US,Pennsylvania,Westmoreland,459,38,0,40.31377979999999,-79.46615476,42129.0,131.55669692375156,8.278867102396513,421,457,38,0,419,456,350611,2,0,0,2,1
2020-06-07,US,Pennsylvania,Wyoming,34,7,0,41.51955538,-76.01074915,42131.0,126.89408076435022,20.58823529411765,27,34,7,0,27,34,27046,0,0,0,0,0
2020-06-07,US,Pennsylvania,York,1082,29,0,39.9210089,-76.73040131,42133.0,240.9488306632996,2.6802218114602594,1053,1049,29,0,1020,1040,448273,33,0,0,33,9
2020-06-07,US,Rhode Island,Bristol,224,0,0,41.71018079,-71.28652315,44001.0,462.0557354730914,0.0,224,224,0,0,224,224,48649,0,0,0,0,0
2020-06-07,US,Rhode Island,Kent,1052,0,0,41.67106337,-71.57641596,44003.0,640.3233267596718,0.0,1052,1052,0,0,1052,1052,163861,0,0,0,0,0
2020-06-07,US,Rhode Island,Newport,244,0,0,41.5642026,-71.26569799,44005.0,297.26371189785823,0.0,244,244,0,0,244,244,82542,0,0,0,0,0
2020-06-07,US,Rhode Island,Providence,11052,0,0,41.87064746,-71.57753536,44007.0,1729.7642468435556,0.0,11052,11052,0,0,11052,11052,636084,0,0,0,0,0
2020-06-07,US,Rhode Island,Unassigned,2370,772,0,0.0,0.0,90044.0,0.0,32.573839662447256,1598,2370,772,0,1598,2370,,0,0,0,0,0
2020-06-07,US,Rhode Island,Washington,499,0,0,41.45961631,-71.61435303,44009.0,397.36575965343974,0.0,499,499,0,0,499,499,126179,0,0,0,0,0
2020-06-07,US,South Carolina,Abbeville,51,0,0,34.22333378,-82.46170658,45001.0,207.9341134260203,0.0,51,47,0,0,47,47,24541,4,0,0,4,0
2020-06-07,US,South Carolina,Aiken,208,8,0,33.54338026,-81.63645384,45003.0,121.72854534388313,3.8461538461538463,200,216,8,0,208,216,169401,-8,0,0,-8,0
2020-06-07,US,South Carolina,Allendale,39,3,0,32.98837386,-81.35321066,45005.0,448.89502762430936,7.6923076923076925,36,39,3,0,36,39,8903,0,0,0,0,0
2020-06-07,US,South Carolina,Anderson,279,9,0,34.51828081,-82.63959517,45007.0,137.73832680022508,3.2258064516129035,270,263,9,0,254,263,200482,16,0,0,16,0
2020-06-07,US,South Carolina,Bamberg,36,0,0,33.21927586,-81.05659969,45009.0,255.9363002985924,0.0,36,33,0,0,33,33,14275,3,0,0,3,0
2020-06-07,US,South Carolina,Barnwell,54,1,0,33.26679302,-81.43584352,45011.0,258.7942106776574,1.851851851851852,53,52,1,0,51,52,21112,2,0,0,2,0
2020-06-07,US,South Carolina,Beaufort,430,14,0,32.39226291,-80.72619758,45013.0,223.816116842423,3.255813953488372,416,417,14,0,403,417,188715,13,0,0,13,0
2020-06-07,US,South Carolina,Berkeley,273,17,0,33.20222596,-79.94654523,45015.0,119.78570206268348,6.227106227106228,256,257,17,0,240,257,221091,16,0,0,16,0
2020-06-07,US,South Carolina,Calhoun,21,1,0,33.66926881,-80.77722168,45017.0,144.3001443001443,4.761904761904762,20,19,1,0,18,19,14520,2,0,0,2,0
2020-06-07,US,South Carolina,Charleston,776,14,0,32.82487866,-79.96512315,45019.0,188.62145909393644,1.8041237113402064,762,709,14,0,695,709,405905,67,0,0,67,0
2020-06-07,US,South Carolina,Cherokee,69,5,0,35.05122251,-81.61828622,45021.0,120.41884816753927,7.246376811594202,64,49,4,0,45,49,57078,20,1,0,19,0
2020-06-07,US,South Carolina,Chester,103,1,0,34.69249168,-81.1583216,45023.0,319.4392755241285,0.9708737864077671,102,96,1,0,95,96,32251,7,0,0,7,0
2020-06-07,US,South Carolina,Chesterfield,247,5,0,34.64137396,-80.15640140000002,45025.0,541.0733844468783,2.0242914979757085,242,236,4,0,232,236,45754,11,1,0,10,0
2020-06-07,US,South Carolina,Clarendon,306,40,0,33.66610974,-80.21647898,45027.0,906.8010075566749,13.0718954248366,266,304,40,0,264,304,33700,2,0,0,2,0
2020-06-07,US,South Carolina,Colleton,142,14,0,32.87582989,-80.67641292,45029.0,376.8877564561934,9.859154929577462,128,128,14,0,114,128,37660,14,0,0,14,0
2020-06-07,US,South Carolina,Darlington,328,12,0,34.33358335,-79.96027485,45031.0,492.3594223783362,3.6585365853658534,316,316,11,0,305,316,66802,12,1,0,11,0
2020-06-07,US,South Carolina,Dillon,188,3,0,34.39007791,-79.37741872,45033.0,616.8181370779881,1.5957446808510638,185,177,3,0,174,177,30599,11,0,0,11,0
2020-06-07,US,South Carolina,Dorchester,206,3,0,33.0794369,-80.40502652,45035.0,126.52863170954923,1.4563106796116505,203,189,3,0,186,189,160647,17,0,0,17,0
2020-06-07,US,South Carolina,Edgefield,56,2,0,33.77221995,-81.96231108,45037.0,205.42920029347027,3.571428571428572,54,54,2,0,52,54,27052,2,0,0,2,0
2020-06-07,US,South Carolina,Fairfield,206,17,0,34.39287073,-81.1195624,45039.0,921.8239584731732,8.25242718446602,189,203,17,0,186,203,22402,3,0,0,3,0
2020-06-07,US,South Carolina,Florence,717,40,0,34.02361754,-79.70189312,45041.0,518.4644197464803,5.578800557880057,677,707,39,0,668,707,138159,10,1,0,9,0
2020-06-07,US,South Carolina,Georgetown,85,3,0,33.43443342,-79.33202141,45043.0,135.60944479897893,3.5294117647058822,82,82,3,0,79,82,62249,3,0,0,3,0
2020-06-07,US,South Carolina,Greenville,2060,59,0,34.89502264,-82.37295012,45045.0,393.4736850147648,2.8640776699029127,2001,1934,59,0,1875,1934,514213,126,0,0,126,0
2020-06-07,US,South Carolina,Greenwood,172,2,0,34.15272415,-82.12715789,45047.0,242.90011438900737,1.162790697674419,170,160,2,0,158,160,70741,12,0,0,12,0
2020-06-07,US,South Carolina,Hampton,41,1,0,32.77419582,-81.13845571,45049.0,213.2972635521798,2.4390243902439024,40,38,1,0,37,38,19351,3,0,0,3,0
2020-06-07,US,South Carolina,Horry,618,31,0,33.9212828,-78.99555293,45051.0,174.53633490641968,5.016181229773463,587,536,29,0,507,536,344147,82,2,0,80,0
2020-06-07,US,South Carolina,Jasper,47,2,0,32.43171982,-81.02487495,45053.0,156.2863698334054,4.25531914893617,45,45,2,0,43,45,28971,2,0,0,2,0
2020-06-07,US,South Carolina,Kershaw,379,14,0,34.33988254,-80.58763164,45055.0,569.4880617872008,3.693931398416887,365,368,14,0,354,368,65592,11,0,0,11,0
2020-06-07,US,South Carolina,Lancaster,201,6,0,34.68270843,-80.70513032,45057.0,205.0769293555891,2.985074626865672,195,189,6,0,183,189,95380,12,0,0,12,0
2020-06-07,US,South Carolina,Laurens,88,4,0,34.48244419,-82.00490796,45059.0,130.38389166283912,4.545454545454546,84,77,4,0,73,77,66994,11,0,0,11,0
2020-06-07,US,South Carolina,Lee,229,18,0,34.16393091,-80.25690731,45061.0,1360.8271927739481,7.860262008733624,211,227,18,0,209,227,17142,2,0,0,2,0
2020-06-07,US,South Carolina,Lexington,836,37,0,33.89665987,-81.27146426,45063.0,279.8326359832636,4.425837320574162,799,766,36,0,730,766,295032,70,1,0,69,0
2020-06-07,US,South Carolina,Marion,84,5,0,34.07859748,-79.36400756,45067.0,273.999412858401,5.9523809523809526,79,74,5,0,69,74,31039,10,0,0,10,0
2020-06-07,US,South Carolina,Marlboro,206,3,0,34.59905577,-79.67561152,45069.0,788.7280802511677,1.4563106796116505,203,198,3,0,195,198,26398,8,0,0,8,0
2020-06-07,US,South Carolina,McCormick,10,1,0,33.90161443,-82.30794338,45065.0,105.67473317129873,10.0,9,10,1,0,9,10,9410,0,0,0,0,0
2020-06-07,US,South Carolina,Newberry,79,1,0,34.28629098,-81.59935761,45071.0,205.5150884495317,1.2658227848101269,78,71,1,0,70,71,38520,8,0,0,8,0
2020-06-07,US,South Carolina,Oconee,58,0,0,34.75225169,-83.06742317,45073.0,72.91378573404069,0.0,58,55,0,0,55,55,78374,3,0,0,3,0
2020-06-07,US,South Carolina,Orangeburg,255,4,0,33.4391073,-80.79886287,45075.0,295.9094865100087,1.568627450980392,251,242,4,0,238,242,86934,13,0,0,13,0
2020-06-07,US,South Carolina,Pickens,197,4,0,34.88807695,-82.72791551,45077.0,155.2599224488509,2.0304568527918785,193,186,4,0,182,186,124937,11,0,0,11,0
2020-06-07,US,South Carolina,Richland,1748,68,0,34.01791263,-80.90267209,45079.0,420.43587751557993,3.8901601830663615,1680,1666,68,0,1598,1666,414576,82,0,0,82,0
2020-06-07,US,South Carolina,Saluda,152,1,0,34.00795823,-81.72713237,45081.0,742.4412641039418,0.6578947368421053,151,151,1,0,150,151,20544,1,0,0,1,0
2020-06-07,US,South Carolina,Spartanburg,782,30,0,34.92960077,-81.99225984,45083.0,244.53929984208142,3.836317135549872,752,701,30,0,671,701,313888,81,0,0,81,0
2020-06-07,US,South Carolina,Sumter,462,19,0,33.91826534,-80.37942316,45085.0,432.90448927577523,4.112554112554113,443,426,19,0,407,426,106512,36,0,0,36,0
2020-06-07,US,South Carolina,Union,41,0,0,34.68835752,-81.61730349,45087.0,150.09518231073363,0.0,41,40,0,0,40,40,27410,1,0,0,1,0
2020-06-07,US,South Carolina,Williamsburg,256,14,0,33.62190129,-79.72767442,45089.0,842.9926238145416,5.46875,242,254,14,0,240,254,30606,2,0,0,2,0
2020-06-07,US,South Carolina,York,465,10,0,34.97281497,-81.18085944,45091.0,165.49279483520118,2.150537634408602,455,446,10,0,436,446,274118,19,0,0,19,0
2020-06-07,US,South Dakota,Aurora,29,0,0,43.71757685,-98.56050467,46003.0,1054.162122864413,0.0,29,29,0,0,29,27,2801,0,0,0,0,2
2020-06-07,US,South Dakota,Beadle,382,5,0,44.41464384,-98.27858469,46005.0,2070.124099062483,1.3089005235602094,377,361,5,0,356,343,18883,21,0,0,21,18
2020-06-07,US,South Dakota,Bon Homme,8,0,0,42.98914167,-97.88592746,46009.0,115.92522822779308,0.0,8,8,0,0,8,8,6980,0,0,0,0,0
2020-06-07,US,South Dakota,Brookings,23,0,0,44.36974375,-96.79079945,46011.0,65.57003164466745,0.0,23,22,0,0,22,20,35232,1,0,0,1,2
2020-06-07,US,South Dakota,Brown,298,1,0,45.58994323,-98.35165355,46013.0,767.2700121012384,0.3355704697986577,297,295,1,0,294,291,39316,3,0,0,3,4
2020-06-07,US,South Dakota,Brule,2,0,0,43.71756379,-99.08118954,46015.0,37.75722106852936,0.0,2,2,0,0,2,2,5229,0,0,0,0,0
2020-06-07,US,South Dakota,Buffalo,25,0,0,44.07657829,-99.20814467,46017.0,1274.20998980632,0.0,25,24,0,0,24,22,2036,1,0,0,1,2
2020-06-07,US,South Dakota,Charles Mix,20,0,0,43.20660134,-98.58856175,46023.0,215.23891519586743,0.0,20,20,0,0,20,18,9338,0,0,0,0,2
2020-06-07,US,South Dakota,Clark,4,0,0,44.85834507,-97.72925109,46025.0,107.06638115631692,0.0,4,4,0,0,4,4,3739,0,0,0,0,0
2020-06-07,US,South Dakota,Clay,32,0,0,42.91296147,-96.97656917,46027.0,227.43425728500355,0.0,32,27,0,0,27,19,14041,5,0,0,5,8
2020-06-07,US,South Dakota,Codington,41,0,0,44.97788119,-97.18827677,46029.0,146.38152022564174,0.0,41,41,0,0,41,39,28015,0,0,0,0,2
2020-06-07,US,South Dakota,Corson,4,0,0,45.70889983,-101.1970473,46031.0,97.89525208027409,0.0,4,4,0,0,4,4,4165,0,0,0,0,0
2020-06-07,US,South Dakota,Custer,1,0,0,43.67741105,-103.45345209999999,46033.0,11.145786892554613,0.0,1,1,0,0,1,1,8726,0,0,0,0,0
2020-06-07,US,South Dakota,Davison,27,0,0,43.67490933,-98.14458906,46035.0,136.53603034134008,0.0,27,27,0,0,27,24,19790,0,0,0,0,3
2020-06-07,US,South Dakota,Day,13,0,0,45.367281,-97.60737498,46037.0,239.6755162241888,0.0,13,13,0,0,13,14,5505,0,0,0,0,-1
2020-06-07,US,South Dakota,Deuel,1,0,0,44.75994309,-96.66943645,46039.0,22.983222247759137,0.0,1,1,0,0,1,1,4337,0,0,0,0,0
2020-06-07,US,South Dakota,Dewey,1,0,0,45.15639647,-100.8709139,46041.0,16.972165648336727,0.0,1,1,0,0,1,,5904,0,0,0,0,
2020-06-07,US,South Dakota,Douglas,4,0,0,43.38520741,-98.36978007,46043.0,136.93940431359124,0.0,4,3,0,0,3,3,2935,1,0,0,1,0
2020-06-07,US,South Dakota,Edmunds,3,0,0,45.41846445,-99.21545423,46045.0,78.34943849569079,0.0,3,3,0,0,3,3,3875,0,0,0,0,0
2020-06-07,US,South Dakota,Fall River,6,0,0,43.23929297,-103.5275691,46047.0,89.37881722031878,0.0,6,6,0,0,6,6,6758,0,0,0,0,0
2020-06-07,US,South Dakota,Faulk,2,0,0,45.07082625,-99.14535601,46049.0,86.99434536755109,0.0,2,1,0,0,1,1,2330,1,0,0,1,0
2020-06-07,US,South Dakota,Grant,13,0,0,45.1723937,-96.77002276,46051.0,184.344866704481,0.0,13,13,0,0,13,13,7147,0,0,0,0,0
2020-06-07,US,South Dakota,Gregory,1,0,0,43.19419064,-99.18883902,46053.0,23.894862604540023,0.0,1,1,0,0,1,1,4212,0,0,0,0,0
2020-06-07,US,South Dakota,Hamlin,6,0,0,44.67385954,-97.18829593,46057.0,97.3393900064893,0.0,6,5,0,0,5,5,6111,1,0,0,1,0
2020-06-07,US,South Dakota,Hand,5,0,0,44.54708407,-99.00386459,46059.0,156.69069257286117,0.0,5,5,0,0,5,4,3262,0,0,0,0,1
2020-06-07,US,South Dakota,Hanson,2,0,0,43.6746384,-97.78715148,46061.0,57.92064871126557,0.0,2,2,0,0,2,2,3376,0,0,0,0,0
2020-06-07,US,South Dakota,Hughes,20,0,0,44.39091534,-99.99661148,46065.0,114.11617026132605,0.0,20,19,0,0,19,19,17650,1,0,0,1,0
2020-06-07,US,South Dakota,Hutchinson,6,0,0,43.33449012,-97.75536441,46067.0,82.2932382389247,0.0,6,6,0,0,6,6,7380,0,0,0,0,0
2020-06-07,US,South Dakota,Hyde,1,0,0,44.54747703,-99.48572582,46069.0,76.86395080707149,0.0,1,1,0,0,1,1,1282,0,0,0,0,0
2020-06-07,US,South Dakota,Jackson,4,0,0,43.69318385,-101.6255063,46071.0,119.61722488038279,0.0,4,4,0,0,4,4,3307,0,0,0,0,0
2020-06-07,US,South Dakota,Jerauld,40,1,0,44.06637798,-98.62965972,46073.0,1987.083954297069,2.5,39,39,1,0,38,39,2043,1,0,0,1,0
2020-06-07,US,South Dakota,Kingsbury,5,0,0,44.36956169,-97.4913945,46077.0,101.23506782749544,0.0,5,4,0,0,4,3,4919,1,0,0,1,1
2020-06-07,US,South Dakota,Lake,13,0,0,44.02193107,-97.12926365,46079.0,101.58630929124014,0.0,13,13,0,0,13,12,13057,0,0,0,0,1
2020-06-07,US,South Dakota,Lawrence,12,0,0,44.35919441,-103.79294279999999,46081.0,46.43244079863797,0.0,12,12,0,0,12,12,25741,0,0,0,0,0
2020-06-07,US,South Dakota,Lincoln,254,0,0,43.27841182,-96.72039050000001,46083.0,415.5215285957336,0.0,254,250,0,0,250,246,58807,4,0,0,4,4
2020-06-07,US,South Dakota,Lyman,24,0,0,43.89522709,-99.85201878,46085.0,634.7527109230363,0.0,24,22,0,0,22,16,3821,2,0,0,2,6
2020-06-07,US,South Dakota,Marshall,4,0,0,45.75870838,-97.59855639,46091.0,81.05369807497469,0.0,4,4,0,0,4,4,5112,0,0,0,0,0
2020-06-07,US,South Dakota,McCook,6,1,0,43.6742571,-97.36863144,46087.0,107.41138560687432,16.666666666666668,5,6,1,0,5,6,5546,0,0,0,0,0
2020-06-07,US,South Dakota,McPherson,2,0,0,45.76626028,-99.22118798,46089.0,84.06893652795294,0.0,2,2,0,0,2,1,2407,0,0,0,0,1
2020-06-07,US,South Dakota,Meade,24,1,0,44.56676791,-102.71627409999999,46093.0,84.7098686997035,4.166666666666667,23,24,1,0,23,24,28294,0,0,0,0,0
2020-06-07,US,South Dakota,Miner,3,0,0,44.02197882,-97.60992207,46097.0,135.37906137184117,0.0,3,2,0,0,2,2,2213,1,0,0,1,0
2020-06-07,US,South Dakota,Minnehaha,3407,50,0,43.67441641,-96.7910885,46099.0,1764.0601861919706,1.46756677428823,3357,3397,50,0,3347,3387,192876,10,0,0,10,10
2020-06-07,US,South Dakota,Moody,19,0,0,44.02266214,-96.67081159,46101.0,288.92944038929437,0.0,19,19,0,0,19,19,6579,0,0,0,0,0
2020-06-07,US,South Dakota,Oglala Lakota,39,0,0,43.33749164,-102.55554980000001,46102.0,275.0934612400367,0.0,39,35,0,0,35,35,14309,4,0,0,4,0
2020-06-07,US,South Dakota,Pennington,305,5,0,44.0025835,-102.8240777,46103.0,268.0729509997803,1.639344262295082,300,297,5,0,292,284,111729,8,0,0,8,13
2020-06-07,US,South Dakota,Roberts,38,0,0,45.62975048,-96.94672673,46109.0,365.5955358860881,0.0,38,38,0,0,38,37,10447,0,0,0,0,1
2020-06-07,US,South Dakota,Sanborn,13,0,0,44.02351092,-98.09098159999999,46111.0,554.6075085324234,0.0,13,13,0,0,13,13,2429,0,0,0,0,0
2020-06-07,US,South Dakota,Spink,5,0,0,44.93837606,-98.34626602,46115.0,78.41907151819322,0.0,5,5,0,0,5,5,6495,0,0,0,0,0
2020-06-07,US,South Dakota,Stanley,10,0,0,44.41381872,-100.7349153,46117.0,322.7888960619755,0.0,10,10,0,0,10,10,3022,0,0,0,0,0
2020-06-07,US,South Dakota,Sully,1,0,0,44.71571812,-100.1278092,46119.0,71.89072609633357,0.0,1,1,0,0,1,1,1392,0,0,0,0,0
2020-06-07,US,South Dakota,Todd,37,1,0,43.19338568,-100.71955030000001,46121.0,363.56490124791196,2.702702702702702,36,36,1,0,35,33,10283,1,0,0,1,3
2020-06-07,US,South Dakota,Tripp,6,0,0,43.34459388,-99.8854891,46123.0,110.27384671935306,0.0,6,6,0,0,6,6,5478,0,0,0,0,0
2020-06-07,US,South Dakota,Turner,25,0,0,43.3109081,-97.14865776,46125.0,298.18702290076334,0.0,25,25,0,0,25,25,8424,0,0,0,0,0
2020-06-07,US,South Dakota,Union,100,0,0,42.83112163,-96.6557828,46127.0,627.6675872457946,0.0,100,98,0,0,98,93,15619,2,0,0,2,5
2020-06-07,US,South Dakota,Walworth,5,0,0,45.43019636,-100.03075140000001,46129.0,91.99632014719411,0.0,5,5,0,0,5,5,5587,0,0,0,0,0
2020-06-07,US,South Dakota,Yankton,55,0,0,43.00924485,-97.39467635,46135.0,241.08003857280616,0.0,55,53,0,0,53,52,22869,2,0,0,2,1
2020-06-07,US,South Dakota,Ziebach,2,0,0,44.97881876,-101.6654622,46137.0,72.5689404934688,0.0,2,2,0,0,2,2,2742,0,0,0,0,0
2020-06-07,US,Tennessee,Anderson,47,2,0,36.12684348,-84.19965764,47001.0,61.056405726311404,4.25531914893617,45,45,2,0,43,42,76482,2,0,0,2,3
2020-06-07,US,Tennessee,Bedford,325,4,0,35.51123746,-86.45549096,47003.0,653.752539577173,1.2307692307692308,321,314,4,0,310,302,49038,11,0,0,11,12
2020-06-07,US,Tennessee,Benton,8,1,0,36.07110411,-88.06849355,47005.0,49.504950495049506,12.5,7,8,1,0,7,7,16184,0,0,0,0,1
2020-06-07,US,Tennessee,Bledsoe,614,1,0,35.59942968,-85.20611967,47007.0,4075.942644715879,0.16286644951140064,613,614,1,0,613,613,14755,0,0,0,0,1
2020-06-07,US,Tennessee,Blount,94,3,0,35.68938198,-83.92847788,47009.0,70.62995912478961,3.191489361702128,91,93,3,0,90,93,131349,1,0,0,1,0
2020-06-07,US,Tennessee,Bradley,199,2,0,35.15739424,-84.857186,47011.0,184.071778743872,1.0050251256281406,197,184,2,0,182,174,106727,15,0,0,15,10
2020-06-07,US,Tennessee,Campbell,18,1,0,36.40355516,-84.15108559999999,47013.0,45.178454896842524,5.5555555555555545,17,18,1,0,17,18,39583,0,0,0,0,0
2020-06-07,US,Tennessee,Cannon,32,0,0,35.80990797,-86.05738983,47015.0,218.01335331789073,0.0,32,32,0,0,32,32,14462,0,0,0,0,0
2020-06-07,US,Tennessee,Carroll,28,1,0,35.97366108,-88.45189331,47017.0,100.83912558072531,3.571428571428572,27,28,1,0,27,28,28020,0,0,0,0,0
2020-06-07,US,Tennessee,Carter,19,1,0,36.28969086,-82.12588974,47019.0,33.693319856005395,5.2631578947368425,18,19,1,0,18,19,56351,0,0,0,0,0
2020-06-07,US,Tennessee,Cheatham,143,0,0,36.26136216,-87.08903581,47021.0,351.63646199621314,0.0,143,141,0,0,141,140,40439,2,0,0,2,1
2020-06-07,US,Tennessee,Chester,12,0,0,35.42527478,-88.6095842,47023.0,69.37619240330693,0.0,12,12,0,0,12,12,17276,0,0,0,0,0
2020-06-07,US,Tennessee,Claiborne,14,0,0,36.48319149,-83.65947309,47025.0,43.80612659970587,0.0,14,12,0,0,12,12,31756,2,0,0,2,0
2020-06-07,US,Tennessee,Clay,8,0,0,36.55151008,-85.53930419,47027.0,105.05581089954036,0.0,8,8,0,0,8,8,7717,0,0,0,0,0
2020-06-07,US,Tennessee,Cocke,21,0,0,35.9278914,-83.11828725,47029.0,58.326852571936456,0.0,21,21,0,0,21,21,35774,0,0,0,0,0
2020-06-07,US,Tennessee,Coffee,81,0,0,35.49090731,-86.07311784,47031.0,143.31210191082803,0.0,81,81,0,0,81,81,55700,0,0,0,0,0
2020-06-07,US,Tennessee,Crockett,16,3,0,35.81830662,-89.14916269,47033.0,112.43851018974001,18.75,13,16,3,0,13,16,14328,0,0,0,0,0
2020-06-07,US,Tennessee,Cumberland,125,2,0,35.95271721,-84.99840585,47035.0,206.5432914738929,1.6,123,124,2,0,122,120,59673,1,0,0,1,4
2020-06-07,US,Tennessee,Davidson,5801,73,0,36.17007426,-86.78646056,47037.0,835.7055596533286,1.2584037234959489,5728,5742,73,0,5669,5638,692587,59,0,0,59,104
2020-06-07,US,Tennessee,DeKalb,39,0,0,35.97616272,-85.83689361,47041.0,190.33674963396783,0.0,39,39,0,0,39,39,20138,0,0,0,0,0
2020-06-07,US,Tennessee,Decatur,8,0,0,35.60048904,-88.11043779,47039.0,68.59298636714396,0.0,8,6,0,0,6,5,11706,2,0,0,2,1
2020-06-07,US,Tennessee,Dickson,125,0,0,36.14669837,-87.35891709,47043.0,231.7046044338993,0.0,125,124,0,0,124,121,53446,1,0,0,1,3
2020-06-07,US,Tennessee,Dyer,61,0,0,36.05931946,-89.41542855,47045.0,164.15942301999516,0.0,61,60,0,0,60,59,37320,1,0,0,1,1
2020-06-07,US,Tennessee,Fayette,152,2,0,35.19615831,-89.41399032,47047.0,369.53297838718316,1.3157894736842106,150,152,2,0,150,144,40507,0,0,0,0,8
2020-06-07,US,Tennessee,Fentress,12,0,0,36.38128818,-84.92870012,47049.0,64.78432219402903,0.0,12,12,0,0,12,12,18217,0,0,0,0,0
2020-06-07,US,Tennessee,Franklin,54,1,0,35.15634626,-86.09201039,47051.0,127.93783169067476,1.851851851851852,53,54,1,0,53,54,41890,0,0,0,0,0
2020-06-07,US,Tennessee,Gibson,63,1,0,35.99438059,-88.93358327,47053.0,128.2233936458185,1.5873015873015872,62,63,1,0,62,63,49045,0,0,0,0,0
2020-06-07,US,Tennessee,Giles,18,0,0,35.20222469,-87.03992678,47055.0,61.09150149334781,0.0,18,17,0,0,17,14,29503,1,0,0,1,3
2020-06-07,US,Tennessee,Grainger,16,0,0,36.27469206,-83.51254721,47057.0,68.61063464837049,0.0,16,16,0,0,16,15,23145,0,0,0,0,1
2020-06-07,US,Tennessee,Greene,52,2,0,36.17470125,-82.84691273,47059.0,75.28703180877093,3.8461538461538463,50,52,2,0,50,52,69087,0,0,0,0,0
2020-06-07,US,Tennessee,Grundy,32,1,0,35.38433717,-85.72142731,47061.0,238.3257615252849,3.125,31,32,1,0,31,32,13346,0,0,0,0,0
2020-06-07,US,Tennessee,Hamblen,45,2,0,36.21990035,-83.26586179,47063.0,69.30113653863923,4.4444444444444455,43,45,2,0,43,44,64569,0,0,0,0,1
2020-06-07,US,Tennessee,Hamilton,1028,19,0,35.17670231,-85.16652245,47065.0,279.4966884536329,1.8482490272373544,1009,1013,19,0,994,992,364286,15,0,0,15,21
2020-06-07,US,Tennessee,Hancock,2,0,0,36.52692871,-83.22375847,47067.0,30.211480362537767,0.0,2,1,0,0,1,1,6549,1,0,0,1,0
2020-06-07,US,Tennessee,Hardeman,211,0,0,35.20772017,-88.99161161,47069.0,842.315369261477,0.0,211,208,0,0,208,204,25220,3,0,0,3,4
2020-06-07,US,Tennessee,Hardin,31,2,0,35.19732531,-88.18593755,47071.0,120.84827693747076,6.451612903225807,29,23,2,0,21,22,25776,8,0,0,8,1
2020-06-07,US,Tennessee,Hawkins,34,2,0,36.44355426,-82.94885298,47073.0,59.87391258408763,5.882352941176472,32,34,2,0,32,34,56530,0,0,0,0,0
2020-06-07,US,Tennessee,Haywood,36,2,0,35.58332824,-89.28536625,47075.0,208.0443828016644,5.5555555555555545,34,34,2,0,32,34,17335,2,0,0,2,0
2020-06-07,US,Tennessee,Henderson,15,0,0,35.65581134,-88.38600175,47077.0,53.34850802005904,0.0,15,15,0,0,15,15,27847,0,0,0,0,0
2020-06-07,US,Tennessee,Henry,32,0,0,36.33160906,-88.30121797,47079.0,98.93337455557273,0.0,32,32,0,0,32,32,32358,0,0,0,0,0
2020-06-07,US,Tennessee,Hickman,62,0,0,35.80609681,-87.47643507,47081.0,246.2467233298912,0.0,62,62,0,0,62,59,25063,0,0,0,0,3
2020-06-07,US,Tennessee,Houston,8,0,0,36.28872054,-87.71878828,47083.0,97.54907938056334,0.0,8,8,0,0,8,8,8263,0,0,0,0,0
2020-06-07,US,Tennessee,Humphreys,16,1,0,36.03958805,-87.77992872,47085.0,86.10483263373156,6.25,15,16,1,0,15,16,18486,0,0,0,0,0
2020-06-07,US,Tennessee,Jackson,19,0,0,36.36380466,-85.67239905,47087.0,161.20821313422704,0.0,19,19,0,0,19,19,11758,0,0,0,0,0
2020-06-07,US,Tennessee,Jefferson,29,0,0,36.04818632,-83.45148924,47089.0,53.215891366180394,0.0,29,29,0,0,29,29,54012,0,0,0,0,0
2020-06-07,US,Tennessee,Johnson,21,0,0,36.45523950000001,-81.84886538,47091.0,118.05711715763435,0.0,21,20,0,0,20,19,17778,1,0,0,1,1
2020-06-07,US,Tennessee,Knox,469,5,0,35.99508821,-83.94635435,47093.0,99.72082421706396,1.0660980810234542,464,461,5,0,456,445,465289,8,0,0,8,16
2020-06-07,US,Tennessee,Lake,835,0,0,36.34180170000001,-89.48921915,47095.0,11901.368301026228,0.0,835,835,0,0,835,835,7411,0,0,0,0,0
2020-06-07,US,Tennessee,Lauderdale,60,1,0,35.75893438,-89.63015909999999,47097.0,234.0732649319237,1.6666666666666667,59,60,1,0,59,60,25825,0,0,0,0,0
2020-06-07,US,Tennessee,Lawrence,38,0,0,35.21675201,-87.39787695,47099.0,86.08581396402519,0.0,38,36,0,0,36,35,43734,2,0,0,2,1
2020-06-07,US,Tennessee,Lewis,4,0,0,35.52853208,-87.49022694,47101.0,32.605151613955,0.0,4,3,0,0,3,3,12086,1,0,0,1,0
2020-06-07,US,Tennessee,Lincoln,32,0,0,35.13738622,-86.58910106,47103.0,93.11528836640865,0.0,32,32,0,0,32,30,34117,0,0,0,0,2
2020-06-07,US,Tennessee,Loudon,168,0,0,35.73939663,-84.31145275,47105.0,310.71983428275513,0.0,168,168,0,0,168,165,53054,0,0,0,0,3
2020-06-07,US,Tennessee,Macon,178,3,0,36.53157855,-86.00778595,47111.0,723.5184131371433,1.6853932584269662,175,177,3,0,174,171,24265,1,0,0,1,6
2020-06-07,US,Tennessee,Madison,178,2,0,35.61181957,-88.84076036,47113.0,181.66231221423905,1.1235955056179776,176,174,2,0,172,173,97605,4,0,0,4,1
2020-06-07,US,Tennessee,Marion,45,1,0,35.12997174,-85.62265895,47115.0,155.6716366278064,2.2222222222222223,44,45,1,0,44,44,28575,0,0,0,0,1
2020-06-07,US,Tennessee,Marshall,36,1,0,35.45798777,-86.76420988,47117.0,104.72727272727272,2.7777777777777777,35,36,1,0,35,34,33683,0,0,0,0,2
2020-06-07,US,Tennessee,Maury,115,1,0,35.618741299999996,-87.07462444,47119.0,119.31069542573168,0.8695652173913043,114,115,1,0,114,108,94340,0,0,0,0,7
2020-06-07,US,Tennessee,McMinn,150,14,0,35.42812616,-84.61520715,47107.0,278.8415064877124,9.333333333333334,136,150,14,0,136,146,53285,0,0,0,0,4
2020-06-07,US,Tennessee,McNairy,23,0,0,35.17468549,-88.5647812,47109.0,89.51506188215147,0.0,23,19,0,0,19,15,25832,4,0,0,4,4
2020-06-07,US,Tennessee,Meigs,27,0,0,35.51558739,-84.81482914,47121.0,217.35630333279664,0.0,27,27,0,0,27,27,12306,0,0,0,0,0
2020-06-07,US,Tennessee,Monroe,75,4,0,35.44550387,-84.24902965,47123.0,161.13438607798903,5.333333333333333,71,75,4,0,71,74,46357,0,0,0,0,1
2020-06-07,US,Tennessee,Montgomery,294,3,0,36.49609412,-87.38550661,47125.0,140.67456804773366,1.020408163265306,291,287,3,0,284,287,205950,7,0,0,7,0
2020-06-07,US,Tennessee,Moore,5,0,0,35.27724699,-86.36230578,47127.0,77.06535141800245,0.0,5,5,0,0,5,5,6411,0,0,0,0,0
2020-06-07,US,Tennessee,Morgan,19,0,0,36.13248031,-84.64880098,47129.0,88.77260197168621,0.0,19,18,0,0,18,18,21579,1,0,0,1,0
2020-06-07,US,Tennessee,Obion,56,1,0,36.35732446,-89.14921589,47131.0,186.2383185340384,1.7857142857142858,55,52,1,0,51,48,30267,4,0,0,4,4
2020-06-07,US,Tennessee,Out of TN,426,4,0,0.0,0.0,80047.0,0.0,0.9389671361502347,422,426,4,0,422,426,,0,0,0,0,0
2020-06-07,US,Tennessee,Overton,35,0,0,36.34117832,-85.28989535,47133.0,157.36702486398994,0.0,35,34,0,0,34,33,22068,1,0,0,1,1
2020-06-07,US,Tennessee,Perry,24,0,0,35.63708728,-87.86139634,47135.0,297.1768202080238,0.0,24,24,0,0,24,24,8064,0,0,0,0,0
2020-06-07,US,Tennessee,Pickett,4,0,0,36.55606529,-85.07763299999998,47137.0,79.23930269413628,0.0,4,4,0,0,4,3,5082,0,0,0,0,1
2020-06-07,US,Tennessee,Polk,21,0,0,35.12245443,-84.52075859,47139.0,124.76235741444869,0.0,21,21,0,0,21,19,16898,0,0,0,0,2
2020-06-07,US,Tennessee,Putnam,552,6,0,36.14005459,-85.50646123,47141.0,687.893326687021,1.0869565217391304,546,529,6,0,523,525,78843,23,0,0,23,4
2020-06-07,US,Tennessee,Rhea,218,0,0,35.60536161,-84.93076643,47143.0,657.2798263334038,0.0,218,218,0,0,218,217,33044,0,0,0,0,1
2020-06-07,US,Tennessee,Roane,21,0,0,35.84923189,-84.52458689,47145.0,39.339103068450044,0.0,21,19,0,0,19,17,53140,2,0,0,2,2
2020-06-07,US,Tennessee,Robertson,553,6,0,36.52454807,-86.87346725,47147.0,770.0555609708549,1.08499095840868,547,545,6,0,539,542,71012,8,0,0,8,3
2020-06-07,US,Tennessee,Rutherford,1479,29,0,35.84591405,-86.4107263,47149.0,445.09983899363505,1.96078431372549,1450,1443,29,0,1414,1398,324890,36,0,0,36,45
2020-06-07,US,Tennessee,Scott,14,0,0,36.42325673,-84.50360494,47151.0,63.44027551205365,0.0,14,13,0,0,13,13,22039,1,0,0,1,0
2020-06-07,US,Tennessee,Sequatchie,20,0,0,35.36979721,-85.41022136,47153.0,133.1026221216558,0.0,20,20,0,0,20,20,14876,0,0,0,0,0
2020-06-07,US,Tennessee,Sevier,110,2,0,35.78077323,-83.52244332,47155.0,111.95928753180661,1.818181818181818,108,109,2,0,107,100,97892,1,0,0,1,9
2020-06-07,US,Tennessee,Shelby,5860,130,0,35.1864775,-89.89692423,47157.0,625.2894364498926,2.2184300341296934,5730,5812,129,0,5683,5669,935764,48,1,0,47,143
2020-06-07,US,Tennessee,Smith,36,1,0,36.25359775,-85.95411046,47159.0,178.59800565560352,2.7777777777777777,35,36,1,0,35,36,19942,0,0,0,0,0
2020-06-07,US,Tennessee,Stewart,15,0,0,36.50235092,-87.83920548,47161.0,109.36930368209991,0.0,15,15,0,0,15,14,13561,0,0,0,0,1
2020-06-07,US,Tennessee,Sullivan,62,2,0,36.51240691,-82.30412917,47163.0,39.15426781519186,3.2258064516129035,60,62,2,0,60,60,157668,0,0,0,0,2
2020-06-07,US,Tennessee,Sumner,975,46,0,36.46824103,-86.45917204,47165.0,509.7159705776258,4.717948717948718,929,967,46,0,921,951,187149,8,0,0,8,16
2020-06-07,US,Tennessee,Tipton,479,3,0,35.501942,-89.73694895,47167.0,777.6100261367881,0.6263048016701461,476,475,3,0,472,467,61581,4,0,0,4,8
2020-06-07,US,Tennessee,Trousdale,1394,4,0,36.39026213,-86.16087954,47169.0,12353.775257001065,0.2869440459110473,1390,1394,4,0,1390,1394,11012,0,0,0,0,0
2020-06-07,US,Tennessee,Unassigned,161,0,0,0.0,0.0,90047.0,0.0,0.0,161,161,0,0,161,161,,0,0,0,0,0
2020-06-07,US,Tennessee,Unicoi,52,0,0,36.10890856,-82.43709629,47171.0,290.77895207739186,0.0,52,52,0,0,52,49,17761,0,0,0,0,3
2020-06-07,US,Tennessee,Union,4,0,0,36.28590426,-83.83651902,47173.0,20.02803925495694,0.0,4,4,0,0,4,4,19688,0,0,0,0,0
2020-06-07,US,Tennessee,Van Buren,4,0,0,35.69864497,-85.45221699,47175.0,68.11989100817439,0.0,4,4,0,0,4,4,5765,0,0,0,0,0
2020-06-07,US,Tennessee,Warren,28,0,0,35.672829899999996,-85.77969117,47177.0,67.83438718899144,0.0,28,28,0,0,28,27,40878,0,0,0,0,1
2020-06-07,US,Tennessee,Washington,86,0,0,36.29472368,-82.49454720000001,47179.0,66.47342995169082,0.0,86,86,0,0,86,76,128607,0,0,0,0,10
2020-06-07,US,Tennessee,Wayne,64,0,0,35.23868267,-87.78644456,47181.0,383.85413542853723,0.0,64,64,0,0,64,64,16558,0,0,0,0,0
2020-06-07,US,Tennessee,Weakley,26,0,0,36.29896232,-88.71990865,47183.0,78.01248199711955,0.0,26,26,0,0,26,26,33415,0,0,0,0,0
2020-06-07,US,Tennessee,White,41,0,0,35.92929884,-85.45591799,47185.0,149.93600292558054,0.0,41,38,0,0,38,34,27107,3,0,0,3,4
2020-06-07,US,Tennessee,Williamson,621,11,0,35.89099229,-86.89281867,47187.0,260.47346610069957,1.7713365539452497,610,606,11,0,595,595,231729,15,0,0,15,11
2020-06-07,US,Tennessee,Wilson,475,9,0,36.15496772,-86.29775884,47189.0,328.36295512833806,1.8947368421052633,466,469,9,0,460,459,140625,6,0,0,6,10
2020-06-07,US,Texas,Anderson,87,0,0,31.81534745,-95.65354823,48001.0,150.6884905170174,0.0,87,87,0,0,87,87,58057,0,0,0,0,0
2020-06-07,US,Texas,Andrews,27,0,0,32.30468633,-102.63765479999999,48003.0,144.34643143544506,0.0,27,27,0,0,27,27,18128,0,0,0,0,0
2020-06-07,US,Texas,Angelina,237,5,0,31.25457347,-94.60901487,48005.0,273.3091160698841,2.109704641350211,232,237,5,0,232,232,87092,0,0,0,0,5
2020-06-07,US,Texas,Aransas,5,0,0,28.10556197,-96.9995047,48007.0,21.267545725223307,0.0,5,5,0,0,5,5,23792,0,0,0,0,0
2020-06-07,US,Texas,Archer,2,0,0,33.61569967,-98.68754589,48009.0,23.383608090728398,0.0,2,2,0,0,2,2,8786,0,0,0,0,0
2020-06-07,US,Texas,Armstrong,3,0,0,34.96507426,-101.35748740000001,48011.0,158.9825119236884,0.0,3,3,0,0,3,3,1892,0,0,0,0,0
2020-06-07,US,Texas,Atascosa,42,2,0,28.89333001,-98.52730485,48013.0,82.106621312533,4.761904761904762,40,41,2,0,39,41,50310,1,0,0,1,0
2020-06-07,US,Texas,Austin,29,0,0,29.88548725,-96.27736949,48015.0,96.56366542354822,0.0,29,29,0,0,29,29,29989,0,0,0,0,0
2020-06-07,US,Texas,Bailey,26,0,0,34.06854817,-102.8299707,48017.0,371.4285714285714,0.0,26,26,0,0,26,24,7027,0,0,0,0,2
2020-06-07,US,Texas,Bandera,6,0,0,29.74619598,-99.24598147,48019.0,25.960539979231573,0.0,6,6,0,0,6,6,22824,0,0,0,0,0
2020-06-07,US,Texas,Bastrop,255,3,0,30.10370699,-97.31206354,48021.0,287.411381490707,1.1764705882352942,252,250,3,0,247,245,86976,5,0,0,5,5
2020-06-07,US,Texas,Baylor,1,0,0,33.61640794,-99.21352901,48023.0,28.498147620404676,0.0,1,1,0,0,1,3,3582,0,0,0,0,-2
2020-06-07,US,Texas,Bee,22,0,0,28.41761668,-97.74215593,48025.0,67.5571933056963,0.0,22,22,0,0,22,18,32587,0,0,0,0,4
2020-06-07,US,Texas,Bell,446,5,0,31.03736027,-97.4785025,48027.0,122.89074296546936,1.1210762331838564,441,446,5,0,441,432,355642,0,0,0,0,14
2020-06-07,US,Texas,Bexar,3143,78,0,29.44928723,-98.52019748,48029.0,156.8712398068632,2.481705377028317,3065,3143,78,0,3065,3018,1986049,0,0,0,0,125
2020-06-07,US,Texas,Blanco,11,1,0,30.26640707,-98.3999852,48031.0,92.19679825664237,9.090909090909092,10,11,1,0,10,11,11702,0,0,0,0,0
2020-06-07,US,Texas,Bosque,7,0,0,31.89978581,-97.63613524,48035.0,37.46320578003746,0.0,7,7,0,0,7,7,18691,0,0,0,0,0
2020-06-07,US,Texas,Bowie,336,6,0,33.44626922,-94.41834132,48037.0,360.3410370529251,1.7857142857142858,330,312,6,0,306,301,94324,24,0,0,24,11
2020-06-07,US,Texas,Brazoria,990,13,0,29.18757369,-95.44563172,48039.0,264.5191629438044,1.3131313131313131,977,990,13,0,977,967,370200,0,0,0,0,23
2020-06-07,US,Texas,Brazos,605,22,0,30.663644800000004,-96.30205577,48041.0,263.94893787819956,3.636363636363636,583,565,22,0,543,532,226758,40,0,0,40,33
2020-06-07,US,Texas,Brewster,1,0,0,29.81008251,-103.25203259999999,48043.0,10.866021949364338,0.0,1,1,0,0,1,1,9267,0,0,0,0,0
2020-06-07,US,Texas,Briscoe,1,0,0,34.53026962,-101.2084947,48045.0,64.68305304010349,0.0,1,1,0,0,1,1,1516,0,0,0,0,0
2020-06-07,US,Texas,Brooks,1,0,0,27.03103197,-98.21808402,48047.0,14.098406880022555,0.0,1,1,0,0,1,1,7114,0,0,0,0,0
2020-06-07,US,Texas,Brown,59,10,0,31.77430356,-98.99907113,48049.0,155.8208324529896,16.949152542372882,49,59,10,0,49,59,37924,0,0,0,0,0
2020-06-07,US,Texas,Burleson,32,0,0,30.49273808,-96.62158484,48051.0,173.50756384536137,0.0,32,32,0,0,32,29,18389,0,0,0,0,3
2020-06-07,US,Texas,Burnet,54,1,0,30.78801353,-98.181887,48053.0,112.13788806977469,1.851851851851852,53,51,1,0,50,49,47542,3,0,0,3,2
2020-06-07,US,Texas,Caldwell,77,0,0,29.83668859,-97.61814775,48055.0,176.34664712348842,0.0,77,76,0,0,76,74,43247,1,0,0,1,2
2020-06-07,US,Texas,Calhoun,39,3,0,28.47048236,-96.61633945,48057.0,183.18459370596528,7.6923076923076925,36,38,3,0,35,37,21561,1,0,0,1,1
2020-06-07,US,Texas,Callahan,10,1,0,32.29760619,-99.37326312,48059.0,71.72057663343614,10.0,9,10,1,0,9,10,13994,0,0,0,0,0
2020-06-07,US,Texas,Cameron,892,39,0,26.14524221,-97.48140372,48061.0,210.79347674536763,4.372197309417039,853,863,39,0,824,841,423908,29,0,0,29,22
2020-06-07,US,Texas,Camp,92,0,0,32.97195142,-94.97790104,48063.0,702.6118833053308,0.0,92,91,0,0,91,87,13033,1,0,0,1,4
2020-06-07,US,Texas,Carson,6,0,0,35.40365929,-101.35426690000001,48065.0,101.24873439082012,0.0,6,6,0,0,6,6,6005,0,0,0,0,0
2020-06-07,US,Texas,Cass,31,1,0,33.07499881,-94.34646905,48067.0,103.24385532538469,3.2258064516129035,30,31,1,0,30,30,30119,0,0,0,0,1
2020-06-07,US,Texas,Castro,35,1,0,34.53016752,-102.2617243,48069.0,464.8074369189908,2.8571428571428568,34,35,1,0,34,34,7665,0,0,0,0,1
2020-06-07,US,Texas,Chambers,76,1,0,29.70972016,-94.67154501,48071.0,173.36952802427174,1.3157894736842106,75,76,1,0,75,73,42454,0,0,0,0,3
2020-06-07,US,Texas,Cherokee,52,2,0,31.837258000000002,-95.16559897,48073.0,98.77293621547695,3.8461538461538463,50,52,2,0,50,50,52592,0,0,0,0,2
2020-06-07,US,Texas,Childress,2,0,0,34.529304100000004,-100.2077916,48075.0,27.37476047084588,0.0,2,2,0,0,2,2,7291,0,0,0,0,0
2020-06-07,US,Texas,Clay,5,0,0,33.78686685,-98.20771198,48077.0,47.75093114315729,0.0,5,5,0,0,5,5,10456,0,0,0,0,0
2020-06-07,US,Texas,Cochran,1,0,0,33.60425307,-102.82844990000001,48079.0,35.05082369435681,0.0,1,1,0,0,1,1,2836,0,0,0,0,0
2020-06-07,US,Texas,Coke,1,0,0,31.88911733,-100.5297533,48081.0,29.524653085326253,0.0,1,1,0,0,1,1,3370,0,0,0,0,0
2020-06-07,US,Texas,Coleman,3,0,0,31.76736834,-99.45240766,48083.0,36.697247706422026,0.0,3,3,0,0,3,4,8397,0,0,0,0,-1
2020-06-07,US,Texas,Collin,1447,36,0,33.18820114,-96.57264368,48085.0,139.8432441313193,2.48790601243953,1411,1447,36,0,1411,1430,1005146,0,0,0,0,17
2020-06-07,US,Texas,Collingsworth,5,0,0,34.96489496,-100.27001109999999,48087.0,171.23287671232876,0.0,5,5,0,0,5,5,2962,0,0,0,0,0
2020-06-07,US,Texas,Colorado,24,0,0,29.622097999999998,-96.5273805,48089.0,111.66426278323178,0.0,24,24,0,0,24,24,21217,0,0,0,0,0
2020-06-07,US,Texas,Comal,117,7,0,29.80811278,-98.27647225,48091.0,74.89965366912278,5.982905982905983,110,117,7,0,110,113,148373,0,0,0,0,4
2020-06-07,US,Texas,Comanche,12,1,0,31.94854689,-98.55876441,48093.0,88.008800880088,8.333333333333334,11,12,1,0,11,12,13534,0,0,0,0,0
2020-06-07,US,Texas,Concho,1,0,0,31.32635934,-99.86473038,48095.0,36.683785766691116,0.0,1,1,0,0,1,1,4276,0,0,0,0,0
2020-06-07,US,Texas,Cooke,20,0,0,33.63979567,-97.21240912,48097.0,48.47662214896866,0.0,20,20,0,0,20,20,40574,0,0,0,0,0
2020-06-07,US,Texas,Coryell,289,2,0,31.39078397,-97.79936155,48099.0,380.5084857342234,0.6920415224913494,287,290,2,0,288,289,74808,-1,0,0,-1,1
2020-06-07,US,Texas,Cottle,4,1,0,34.07783319,-100.27850620000001,48101.0,286.12303290414883,25.0,3,4,1,0,3,4,1389,0,0,0,0,0
2020-06-07,US,Texas,Crane,27,5,0,31.43052248,-102.5143314,48103.0,562.8517823639775,18.51851851851852,22,27,5,0,22,26,4794,0,0,0,0,1
2020-06-07,US,Texas,Crockett,1,0,0,30.72367027,-101.4134238,48105.0,28.868360277136254,0.0,1,1,0,0,1,1,3499,0,0,0,0,0
2020-06-07,US,Texas,Crosby,3,1,0,33.61431553,-101.30003640000001,48107.0,52.292138748474805,33.333333333333336,2,3,1,0,2,3,5779,0,0,0,0,0
2020-06-07,US,Texas,Dallam,27,1,0,36.27787176,-102.60207249999999,48111.0,370.52284890901603,3.703703703703704,26,27,1,0,26,27,7200,0,0,0,0,0
2020-06-07,US,Texas,Dallas,12093,264,0,32.76670599,-96.77796049999999,48113.0,458.84752739122047,2.183081121309849,11829,11830,262,0,11568,11541,2637772,263,2,0,261,289
2020-06-07,US,Texas,Dawson,45,1,0,32.74255572,-101.94772420000001,48115.0,353.55122564424886,2.2222222222222223,44,45,1,0,44,45,12619,0,0,0,0,0
2020-06-07,US,Texas,DeWitt,18,1,0,29.08101855,-97.35681170000001,48123.0,89.2857142857143,5.5555555555555545,17,18,1,0,17,18,20187,0,0,0,0,0
2020-06-07,US,Texas,Deaf Smith,176,13,0,34.96522957,-102.6054267,48117.0,948.9916963226573,7.386363636363638,163,176,13,0,163,174,18760,0,0,0,0,2
2020-06-07,US,Texas,Delta,2,0,0,33.38570922,-95.66921122,48119.0,37.51641343087601,0.0,2,2,0,0,2,2,5349,0,0,0,0,0
2020-06-07,US,Texas,Denton,1486,33,0,33.20521901,-97.11691153,48121.0,167.49191564088198,2.220726783310902,1453,1467,33,0,1434,1454,859064,19,0,0,19,13
2020-06-07,US,Texas,Dickens,1,0,0,33.61616822,-100.7788855,48125.0,45.22840343735866,0.0,1,1,0,0,1,1,2249,0,0,0,0,0
2020-06-07,US,Texas,Dimmit,1,0,0,28.42270064,-99.75645095,48127.0,9.877518767285656,0.0,1,1,0,0,1,1,10308,0,0,0,0,0
2020-06-07,US,Texas,Donley,27,0,0,34.96517499,-100.8140093,48129.0,823.672971323978,0.0,27,27,0,0,27,27,3319,0,0,0,0,0
2020-06-07,US,Texas,Duval,5,0,0,27.68184592,-98.50864568,48131.0,44.81491440351349,0.0,5,5,0,0,5,5,11212,0,0,0,0,0
2020-06-07,US,Texas,Eastland,7,0,0,32.32743996,-98.83243566,48133.0,38.12636165577342,0.0,7,7,0,0,7,7,18322,0,0,0,0,0
2020-06-07,US,Texas,Ector,187,5,0,31.86898877,-102.54294279999999,48135.0,112.49947359871979,2.6737967914438503,182,187,5,0,182,185,162124,0,0,0,0,2
2020-06-07,US,Texas,El Paso,3376,90,0,31.76980765,-106.23632749999999,48141.0,402.2696779697773,2.6658767772511847,3286,3298,90,0,3208,3213,840758,78,0,0,78,85
2020-06-07,US,Texas,Ellis,388,16,0,32.34894117,-96.79371841,48139.0,209.92717474814148,4.123711340206185,372,388,16,0,372,366,179436,0,0,0,0,22
2020-06-07,US,Texas,Erath,26,1,0,32.23602653,-98.21773417,48143.0,60.89278186331912,3.8461538461538463,25,26,1,0,25,25,42446,0,0,0,0,1
2020-06-07,US,Texas,Falls,11,0,0,31.25350609,-96.93630086,48145.0,63.594843036364686,0.0,11,11,0,0,11,11,17335,0,0,0,0,0
2020-06-07,US,Texas,Fannin,43,2,0,33.59564294,-96.10751083,48147.0,121.07901109421637,4.651162790697675,41,43,2,0,41,42,35286,0,0,0,0,1
2020-06-07,US,Texas,Fayette,38,2,0,29.87788372,-96.92076062,48149.0,149.92503748125938,5.2631578947368425,36,38,2,0,36,38,25349,0,0,0,0,0
2020-06-07,US,Texas,Fisher,2,1,0,32.74281316,-100.40193020000001,48151.0,52.219321148825074,50.0,1,2,1,0,1,2,3839,0,0,0,0,0
2020-06-07,US,Texas,Floyd,16,0,0,34.07227468,-101.3031546,48153.0,280.11204481792714,0.0,16,16,0,0,16,16,5837,0,0,0,0,0
2020-06-07,US,Texas,Fort Bend,2117,47,0,29.52704478,-95.77219463,48157.0,260.8145001527681,2.2201228153046766,2070,2117,47,0,2070,2032,787858,0,0,0,0,85
2020-06-07,US,Texas,Franklin,19,0,0,33.17653242,-95.21917243,48159.0,177.15617715617714,0.0,19,19,0,0,19,18,10766,0,0,0,0,1
2020-06-07,US,Texas,Freestone,11,0,0,31.70422788,-96.15072516,48161.0,55.78942029720546,0.0,11,11,0,0,11,10,19808,0,0,0,0,1
2020-06-07,US,Texas,Frio,46,0,0,28.86751206,-99.10804207,48163.0,226.53402935093075,0.0,46,40,0,0,40,40,19816,6,0,0,6,0
2020-06-07,US,Texas,Gaines,8,0,0,32.74055318,-102.6353295,48165.0,37.223152801042254,0.0,8,8,0,0,8,7,20901,0,0,0,0,1
2020-06-07,US,Texas,Galveston,972,38,0,29.40167322,-94.90469073,48167.0,284.09506077939085,3.909465020576132,934,906,38,0,868,906,337890,66,0,0,66,0
2020-06-07,US,Texas,Garza,6,0,0,33.17969345,-101.2984114,48169.0,96.3236474554503,0.0,6,6,0,0,6,6,6578,0,0,0,0,0
2020-06-07,US,Texas,Gillespie,5,0,0,30.31824095,-98.94676915,48171.0,18.526752630798875,0.0,5,5,0,0,5,5,26804,0,0,0,0,0
2020-06-07,US,Texas,Glasscock,1,0,0,31.86942909,-101.5207776,48173.0,70.97232079489001,0.0,1,1,0,0,1,1,1388,0,0,0,0,0
2020-06-07,US,Texas,Goliad,7,0,0,28.65696592,-97.42760647,48175.0,91.40767824497256,0.0,7,7,0,0,7,7,7584,0,0,0,0,0
2020-06-07,US,Texas,Gonzales,151,3,0,29.45634206,-97.49424032,48177.0,724.672457647454,1.9867549668874167,148,149,3,0,146,147,20826,2,0,0,2,2
2020-06-07,US,Texas,Gray,104,2,0,35.40081878,-100.8129222,48179.0,475.1896189344787,1.9230769230769231,102,104,2,0,102,104,21895,0,0,0,0,0
2020-06-07,US,Texas,Grayson,375,2,0,33.62744998,-96.67753461,48181.0,275.3061404281561,0.5333333333333333,373,372,2,0,370,366,133991,3,0,0,3,6
2020-06-07,US,Texas,Gregg,257,10,0,32.47940482,-94.81591935,48183.0,207.35003428940254,3.891050583657588,247,257,10,0,247,250,123707,0,0,0,0,7
2020-06-07,US,Texas,Grimes,241,1,0,30.54579585,-95.98902499,48185.0,834.4875346260388,0.4149377593360996,240,237,1,0,236,226,28360,4,0,0,4,11
2020-06-07,US,Texas,Guadalupe,147,0,0,29.58165339,-97.94786822,48187.0,88.10467074625255,0.0,147,147,0,0,147,145,163694,0,0,0,0,2
2020-06-07,US,Texas,Hale,60,4,0,34.07044901,-101.82681140000001,48189.0,179.60845357121474,6.666666666666668,56,60,4,0,56,60,33830,0,0,0,0,0
2020-06-07,US,Texas,Hall,2,1,0,34.5307555,-100.68138520000001,48191.0,67.47638326585695,50.0,1,2,1,0,1,2,3028,0,0,0,0,0
2020-06-07,US,Texas,Hamilton,9,1,0,31.70470573,-98.11083887,48193.0,106.37040538943388,11.111111111111109,8,9,1,0,8,9,8484,0,0,0,0,0
2020-06-07,US,Texas,Hansford,20,2,0,36.27743284,-101.3545796,48195.0,370.4389701796629,10.0,18,20,2,0,18,20,5463,0,0,0,0,0
2020-06-07,US,Texas,Hardeman,3,0,0,34.28944521,-99.74632408,48197.0,76.27765064836004,0.0,3,3,0,0,3,3,3922,0,0,0,0,0
2020-06-07,US,Texas,Hardin,142,5,0,30.33364686,-94.38931817,48199.0,246.5192180827054,3.5211267605633805,137,142,5,0,137,142,57207,0,0,0,0,0
2020-06-07,US,Texas,Harris,14586,261,0,29.86,-95.39,48201.0,309.4630648215432,1.7893870835047303,14325,14423,259,0,14164,13940,4698619,163,2,0,161,483
2020-06-07,US,Texas,Harrison,256,27,0,32.54935988,-94.36934071,48203.0,384.65583820413804,10.546875,229,256,27,0,229,256,66726,0,0,0,0,0
2020-06-07,US,Texas,Hartley,12,2,0,35.84008013,-102.6029022,48205.0,215.20803443328552,16.666666666666668,10,12,2,0,10,12,5619,0,0,0,0,0
2020-06-07,US,Texas,Haskell,3,0,0,33.17823584,-99.73037358,48207.0,53.022269353128316,0.0,3,3,0,0,3,3,5813,0,0,0,0,0
2020-06-07,US,Texas,Hays,385,5,0,30.05669873,-98.02944344,48209.0,167.25241212732035,1.2987012987012987,380,385,5,0,380,385,222631,0,0,0,0,0
2020-06-07,US,Texas,Hemphill,1,0,0,35.83764858,-100.2703577,48211.0,26.18486514794449,0.0,1,1,0,0,1,1,3825,0,0,0,0,0
2020-06-07,US,Texas,Henderson,68,3,0,32.21128872,-95.85846587,48213.0,82.1881383178022,4.411764705882354,65,68,3,0,65,65,82299,0,0,0,0,3
2020-06-07,US,Texas,Hidalgo,701,12,0,26.39418217,-98.18299696,48215.0,80.69464157650394,1.7118402282453635,689,679,11,0,668,679,865939,22,1,0,21,0
2020-06-07,US,Texas,Hill,29,1,0,31.99045053,-97.13423143,48217.0,79.12903489863298,3.4482758620689653,28,27,1,0,26,26,36354,2,0,0,2,1
2020-06-07,US,Texas,Hockley,27,1,0,33.60771256,-102.3431676,48219.0,117.28421875678728,3.703703703703704,26,27,1,0,26,27,22980,0,0,0,0,0
2020-06-07,US,Texas,Hood,31,3,0,32.42990927,-97.83242024,48221.0,50.289570591956924,9.677419354838712,28,31,3,0,28,31,60537,0,0,0,0,0
2020-06-07,US,Texas,Hopkins,30,0,0,33.14875072,-95.56351139,48223.0,80.89742206881674,0.0,30,29,0,0,29,28,36810,1,0,0,1,1
2020-06-07,US,Texas,Houston,151,0,0,31.31925973,-95.42226208,48225.0,657.4364332985023,0.0,151,151,0,0,151,151,23169,0,0,0,0,0
2020-06-07,US,Texas,Howard,9,1,0,32.30621324,-101.4356444,48227.0,24.547239799258126,11.111111111111109,8,9,1,0,8,9,36459,0,0,0,0,0
2020-06-07,US,Texas,Hudspeth,4,0,0,31.45628381,-105.388178,48229.0,81.86655751125666,0.0,4,4,0,0,4,4,4795,0,0,0,0,0
2020-06-07,US,Texas,Hunt,121,5,0,33.12351514,-96.08551032,48231.0,122.72552082276812,4.132231404958676,116,114,5,0,109,114,96493,7,0,0,7,0
2020-06-07,US,Texas,Hutchinson,44,0,0,35.84006574,-101.3546643,48233.0,210.14423536154356,0.0,44,44,0,0,44,44,21198,0,0,0,0,0
2020-06-07,US,Texas,Irion,1,0,0,31.30375559,-100.982439,48235.0,65.10416666666667,0.0,1,1,0,0,1,1,1522,0,0,0,0,0
2020-06-07,US,Texas,Jack,4,0,0,33.23377248,-98.17283469,48237.0,44.76776720761052,0.0,4,4,0,0,4,4,8843,0,0,0,0,0
2020-06-07,US,Texas,Jackson,19,1,0,28.95472367,-96.57749563,48239.0,128.72628726287263,5.2631578947368425,18,19,1,0,18,19,14874,0,0,0,0,0
2020-06-07,US,Texas,Jasper,30,1,0,30.74685667,-94.02667579,48241.0,84.43806467955754,3.333333333333333,29,30,1,0,29,29,35872,0,0,0,0,1
2020-06-07,US,Texas,Jefferson,627,30,0,29.8832777,-94.16434171,48245.0,249.239759107984,4.784688995215312,597,619,30,0,589,604,255001,8,0,0,8,15
2020-06-07,US,Texas,Jim Hogg,4,0,0,27.04453923,-98.69681870000001,48247.0,76.92307692307692,0.0,4,4,0,0,4,4,5248,0,0,0,0,0
2020-06-07,US,Texas,Jim Wells,13,0,0,27.73103938,-98.0904705,48249.0,32.113037893384714,0.0,13,13,0,0,13,12,40822,0,0,0,0,1
2020-06-07,US,Texas,Johnson,202,4,0,32.37877812,-97.36615819,48251.0,114.89218903746507,1.98019801980198,198,202,4,0,198,202,171361,0,0,0,0,0
2020-06-07,US,Texas,Jones,637,0,0,32.73997145,-99.87861576,48253.0,3171.8368769606136,0.0,637,637,0,0,637,637,19817,0,0,0,0,0
2020-06-07,US,Texas,Karnes,4,0,0,28.90705334,-97.85960149,48255.0,25.63938209089161,0.0,4,4,0,0,4,4,15650,0,0,0,0,0
2020-06-07,US,Texas,Kaufman,269,2,0,32.599141700000004,-96.28734728,48257.0,197.57039822553872,0.7434944237918215,267,269,2,0,267,260,128622,0,0,0,0,9
2020-06-07,US,Texas,Kendall,33,0,0,29.94414155,-98.7113588,48259.0,69.57475069047669,0.0,33,33,0,0,33,32,45641,0,0,0,0,1
2020-06-07,US,Texas,Kerr,20,1,0,30.06040006,-99.34930144,48265.0,38.02281368821293,5.0,19,20,1,0,19,20,52405,0,0,0,0,0
2020-06-07,US,Texas,Kimble,1,0,0,30.48678918,-99.74856473,48267.0,23.057412958266077,0.0,1,1,0,0,1,1,4362,0,0,0,0,0
2020-06-07,US,Texas,Kinney,1,0,0,29.34967888,-100.41866379999999,48271.0,27.27024815925825,0.0,1,1,0,0,1,1,3767,0,0,0,0,0
2020-06-07,US,Texas,Kleberg,18,1,0,27.42435506,-97.69894948,48273.0,58.67014341590613,5.5555555555555545,17,18,1,0,17,18,31129,0,0,0,0,0
2020-06-07,US,Texas,Knox,1,0,0,33.60519951,-99.74229059999999,48275.0,27.29257641921397,0.0,1,1,0,0,1,1,3653,0,0,0,0,0
2020-06-07,US,Texas,La Salle,4,0,0,28.34453111,-99.09908775,48283.0,53.19148936170214,0.0,4,4,0,0,4,4,7531,0,0,0,0,0
2020-06-07,US,Texas,Lamar,154,11,0,33.66981763,-95.57404777,48277.0,308.87101626586974,7.142857142857142,143,155,11,0,144,154,49728,-1,0,0,-1,1
2020-06-07,US,Texas,Lamb,17,0,0,34.06859623,-102.35162890000001,48279.0,131.85449468703948,0.0,17,17,0,0,17,16,13158,0,0,0,0,1
2020-06-07,US,Texas,Lampasas,9,0,0,31.19531316,-98.24206613,48281.0,42.001120029867465,0.0,9,9,0,0,9,9,21229,0,0,0,0,0
2020-06-07,US,Texas,Lavaca,19,1,0,29.38508402,-96.93186692,48285.0,94.2740895107671,5.2631578947368425,18,19,1,0,18,18,20110,0,0,0,0,1
2020-06-07,US,Texas,Lee,26,2,0,30.31120597,-96.97045773,48287.0,150.82081327223156,7.6923076923076925,24,25,2,0,23,25,17144,1,0,0,1,0
2020-06-07,US,Texas,Leon,11,0,0,31.29872538,-95.9936328,48289.0,63.203861181337615,0.0,11,11,0,0,11,11,17270,0,0,0,0,0
2020-06-07,US,Texas,Liberty,103,3,0,30.15152688,-94.81205615,48291.0,116.75489407043834,2.9126213592233015,100,101,3,0,98,101,86323,2,0,0,2,0
2020-06-07,US,Texas,Limestone,32,1,0,31.5454767,-96.58095444,48293.0,136.5362461065836,3.125,31,32,1,0,31,30,23519,0,0,0,0,2
2020-06-07,US,Texas,Lipscomb,5,0,0,36.27783108,-100.27331509999999,48295.0,154.65511908444168,0.0,5,5,0,0,5,5,3355,0,0,0,0,0
2020-06-07,US,Texas,Live Oak,9,0,0,28.35101362,-98.1246786,48297.0,73.72818874416319,0.0,9,9,0,0,9,9,12166,0,0,0,0,0
2020-06-07,US,Texas,Llano,3,0,0,30.70645047,-98.68475262,48299.0,13.764624913971096,0.0,3,3,0,0,3,3,21646,0,0,0,0,0
2020-06-07,US,Texas,Lubbock,741,50,0,33.61008596,-101.82047890000001,48303.0,238.59432203471687,6.747638326585696,691,734,50,0,684,720,307412,7,0,0,7,14
2020-06-07,US,Texas,Lynn,8,1,0,33.17657705,-101.8162849,48305.0,134.43118803562427,12.5,7,8,1,0,7,8,5877,0,0,0,0,0
2020-06-07,US,Texas,Madison,10,0,0,30.96694679,-95.93003775,48313.0,70.00840100812097,0.0,10,10,0,0,10,9,14422,0,0,0,0,1
2020-06-07,US,Texas,Marion,17,1,0,32.79868409,-94.35661230000001,48315.0,172.51877410188752,5.882352941176472,16,17,1,0,16,17,9928,0,0,0,0,0
2020-06-07,US,Texas,Martin,3,1,0,32.30600051,-101.9513518,48317.0,51.984058222145215,33.333333333333336,2,3,1,0,2,3,5753,0,0,0,0,0
2020-06-07,US,Texas,Mason,32,0,0,30.71780434,-99.22629416,48319.0,748.7131492746843,0.0,32,32,0,0,32,32,4280,0,0,0,0,0
2020-06-07,US,Texas,Matagorda,71,5,0,28.81955746,-96.01230294,48321.0,193.76142783069068,7.042253521126762,66,71,5,0,66,71,36552,0,0,0,0,0
2020-06-07,US,Texas,Maverick,133,2,0,28.7429195,-100.3157686,48323.0,226.4909233336739,1.5037593984962403,131,133,2,0,131,129,58485,0,0,0,0,4
2020-06-07,US,Texas,McCulloch,3,0,0,31.1925468,-99.34682807,48307.0,37.5751503006012,0.0,3,3,0,0,3,3,7987,0,0,0,0,0
2020-06-07,US,Texas,McLennan,129,4,0,31.55255453,-97.20217694,48309.0,50.26829239779754,3.1007751937984502,125,127,4,0,123,125,254607,2,0,0,2,2
2020-06-07,US,Texas,Medina,216,2,0,29.355730100000002,-99.11030298,48325.0,418.7344913151365,0.925925925925926,214,216,2,0,214,78,50921,0,0,0,0,138
2020-06-07,US,Texas,Midland,155,13,0,31.86904128,-102.03156820000001,48329.0,87.65381831342744,8.387096774193548,142,155,13,0,142,146,172578,0,0,0,0,9
2020-06-07,US,Texas,Milam,35,1,0,30.78581830000001,-96.97718698,48331.0,140.99826773556782,2.8571428571428568,34,35,1,0,34,32,25131,0,0,0,0,3
2020-06-07,US,Texas,Mills,1,0,0,31.49557106,-98.59272068,48333.0,20.521239482864765,0.0,1,1,0,0,1,1,4921,0,0,0,0,0
2020-06-07,US,Texas,Mitchell,1,0,0,32.30623474,-100.9212058,48335.0,11.702750146284375,0.0,1,1,0,0,1,1,8145,0,0,0,0,0
2020-06-07,US,Texas,Montague,9,1,0,33.67521893,-97.72500958,48337.0,45.41326067211626,11.111111111111109,8,9,1,0,8,9,19596,0,0,0,0,0
2020-06-07,US,Texas,Montgomery,1064,28,0,30.30079133,-95.50572772,48339.0,175.1754635811199,2.631578947368421,1036,1064,28,0,1036,1064,590925,0,0,0,0,0
2020-06-07,US,Texas,Moore,852,14,0,35.83769242,-101.8930281,48341.0,4068.7679083094563,1.6431924882629108,838,852,14,0,838,851,21485,0,0,0,0,1
2020-06-07,US,Texas,Morris,27,0,0,33.11304005,-94.73255695,48343.0,217.95285760413304,0.0,27,27,0,0,27,27,12339,0,0,0,0,0
2020-06-07,US,Texas,Motley,1,0,0,34.07408766,-100.77972199999999,48345.0,83.33333333333333,0.0,1,1,0,0,1,1,1234,0,0,0,0,0
2020-06-07,US,Texas,Nacogdoches,304,21,0,31.62017125,-94.61803994,48347.0,466.2290657014907,6.907894736842105,283,301,21,0,280,301,65711,3,0,0,3,0
2020-06-07,US,Texas,Navarro,66,2,0,32.04620681,-96.47428766,48349.0,131.70235268293655,3.0303030303030303,64,66,2,0,64,64,49565,0,0,0,0,2
2020-06-07,US,Texas,Newton,6,0,0,30.78548982,-93.74408813,48351.0,44.13387274733358,0.0,6,6,0,0,6,5,13746,0,0,0,0,1
2020-06-07,US,Texas,Nolan,9,0,0,32.30365282,-100.4060208,48353.0,61.166236237596856,0.0,9,9,0,0,9,8,14751,0,0,0,0,1
2020-06-07,US,Texas,Nueces,289,3,0,27.736286,-97.5433285,48355.0,79.76946899479428,1.038062283737024,286,289,3,0,286,286,362265,0,0,0,0,3
2020-06-07,US,Texas,Ochiltree,51,2,0,36.27829105,-100.8158184,48357.0,518.5034566897111,3.92156862745098,49,51,2,0,49,51,9947,0,0,0,0,0
2020-06-07,US,Texas,Oldham,4,1,0,35.40425596,-102.6027606,48359.0,189.3939393939394,25.0,3,4,1,0,3,4,2131,0,0,0,0,0
2020-06-07,US,Texas,Orange,100,2,0,30.11879481,-93.89412775,48361.0,119.90982780948728,2.0,98,100,2,0,98,101,83572,0,0,0,0,-1
2020-06-07,US,Texas,Palo Pinto,13,2,0,32.75310985,-98.31319001,48363.0,44.53732570488883,15.384615384615385,11,13,2,0,11,13,28875,0,0,0,0,0
2020-06-07,US,Texas,Panola,214,23,0,32.163959600000005,-94.30552481,48365.0,922.652410106062,10.747663551401871,191,213,23,0,190,213,23148,1,0,0,1,0
2020-06-07,US,Texas,Parker,92,1,0,32.77757172,-97.80500621,48367.0,64.39059897255001,1.0869565217391304,91,92,1,0,91,87,138371,0,0,0,0,5
2020-06-07,US,Texas,Parmer,89,0,0,34.52993409,-102.78446679999999,48369.0,926.60072878709,0.0,89,89,0,0,89,88,9864,0,0,0,0,1
2020-06-07,US,Texas,Pecos,105,0,0,30.78097267,-102.72412609999999,48371.0,663.5909751627378,0.0,105,104,0,0,104,103,15673,1,0,0,1,1
2020-06-07,US,Texas,Polk,61,0,0,30.79472531,-94.82766240000001,48373.0,118.78566003933558,0.0,61,61,0,0,61,60,50031,0,0,0,0,1
2020-06-07,US,Texas,Potter,2756,32,0,35.40133773,-101.893964,48375.0,2347.2299109994465,1.161103047895501,2724,2754,32,0,2722,2504,119648,2,0,0,2,250
2020-06-07,US,Texas,Presidio,2,0,0,29.99954402,-104.24080790000001,48377.0,29.832935560859188,0.0,2,2,0,0,2,1,6948,0,0,0,0,1
2020-06-07,US,Texas,Rains,4,0,0,32.87109387,-95.79232691,48379.0,31.9642000958926,0.0,4,4,0,0,4,4,12159,0,0,0,0,0
2020-06-07,US,Texas,Randall,728,6,0,34.96585996,-101.8971322,48381.0,528.6356407891775,0.8241758241758241,722,727,6,0,721,724,136271,1,0,0,1,3
2020-06-07,US,Texas,Reagan,2,0,0,31.36607041,-101.52326590000001,48383.0,51.96154845414394,0.0,2,2,0,0,2,2,3741,0,0,0,0,0
2020-06-07,US,Texas,Real,1,0,0,29.83321503,-99.82018052,48385.0,28.968713789107767,0.0,1,1,0,0,1,1,3478,0,0,0,0,0
2020-06-07,US,Texas,Red River,79,8,0,33.61886692,-95.04841765,48387.0,657.0739416119105,10.126582278481012,71,78,8,0,70,76,12175,1,0,0,1,2
2020-06-07,US,Texas,Reeves,8,0,0,31.32323325,-103.69038959999999,48389.0,50.075112669003495,0.0,8,8,0,0,8,8,15695,0,0,0,0,0
2020-06-07,US,Texas,Refugio,3,0,0,28.323897600000002,-97.15766311,48391.0,43.17789291882556,0.0,3,3,0,0,3,3,7032,0,0,0,0,0
2020-06-07,US,Texas,Roberts,2,0,0,35.83809685,-100.813175,48393.0,234.192037470726,0.0,2,2,0,0,2,2,903,0,0,0,0,0
2020-06-07,US,Texas,Robertson,16,0,0,31.02539637,-96.51272246,48395.0,93.7097340986295,0.0,16,14,0,0,14,14,17284,2,0,0,2,0
2020-06-07,US,Texas,Rockwall,200,14,0,32.89779518,-96.40771592,48397.0,190.63051041319164,7.0,186,200,14,0,186,194,100657,0,0,0,0,6
2020-06-07,US,Texas,Runnels,3,0,0,31.8314342,-99.97616148,48399.0,29.228371005455962,0.0,3,3,0,0,3,3,10234,0,0,0,0,0
2020-06-07,US,Texas,Rusk,64,2,0,32.10773545,-94.76176432,48401.0,117.63408447597692,3.125,62,63,2,0,61,60,54450,1,0,0,1,3
2020-06-07,US,Texas,Sabine,15,1,0,31.34318809,-93.85440451,48403.0,142.2879908935686,6.666666666666668,14,15,1,0,14,15,10589,0,0,0,0,0
2020-06-07,US,Texas,San Augustine,45,4,0,31.39457611,-94.17000399,48405.0,546.3154060944519,8.888888888888891,41,45,4,0,41,44,8232,0,0,0,0,1
2020-06-07,US,Texas,San Jacinto,17,0,0,30.57933681,-95.16260304,48407.0,58.90710003811636,0.0,17,17,0,0,17,17,28719,0,0,0,0,0
2020-06-07,US,Texas,San Patricio,39,0,0,28.00880118,-97.51763891,48409.0,58.444477746141175,0.0,39,38,0,0,38,38,66893,1,0,0,1,0
2020-06-07,US,Texas,San Saba,1,0,0,31.1577796,-98.81758731,48411.0,16.515276630883566,0.0,1,1,0,0,1,1,6054,0,0,0,0,0
2020-06-07,US,Texas,Scurry,26,0,0,32.74613808,-100.91626640000001,48415.0,155.66065976171944,0.0,26,26,0,0,26,26,16866,0,0,0,0,0
2020-06-07,US,Texas,Shackelford,1,0,0,32.73587756,-99.35401337,48417.0,30.627871362940283,0.0,1,1,0,0,1,1,3253,0,0,0,0,0
2020-06-07,US,Texas,Shelby,213,8,0,31.79211404,-94.14550696,48419.0,842.7633140777083,3.755868544600939,205,213,8,0,205,213,25418,0,0,0,0,0
2020-06-07,US,Texas,Sherman,28,0,0,36.27751473,-101.8933156,48421.0,926.5387160820649,0.0,28,28,0,0,28,28,3079,0,0,0,0,0
2020-06-07,US,Texas,Smith,223,4,0,32.37474036,-95.27175679999999,48423.0,95.81054431559907,1.7937219730941705,219,223,4,0,219,216,230221,0,0,0,0,7
2020-06-07,US,Texas,Starr,59,1,0,26.56150059,-98.73892358,48427.0,91.28463787848312,1.6949152542372878,58,50,0,0,50,44,64525,9,1,0,8,6
2020-06-07,US,Texas,Stephens,4,0,0,32.73553157,-98.83631615,48429.0,42.707666026051676,0.0,4,4,0,0,4,4,9433,0,0,0,0,0
2020-06-07,US,Texas,Swisher,18,1,0,34.53028891,-101.73491740000001,48437.0,243.34189536298496,5.5555555555555545,17,18,1,0,17,18,7462,0,0,0,0,0
2020-06-07,US,Texas,Tarrant,6073,176,0,32.77143818,-97.29101614,48439.0,288.84455045505024,2.8980734398155765,5897,5985,174,0,5811,5985,2084931,88,2,0,86,0
2020-06-07,US,Texas,Taylor,246,5,0,32.30163422,-99.89007449,48441.0,178.21696103858469,2.0325203252032518,241,246,5,0,241,245,137640,0,0,0,0,1
2020-06-07,US,Texas,Terry,13,0,0,33.17402785,-102.3354521,48445.0,105.3740779768177,0.0,13,13,0,0,13,13,12287,0,0,0,0,0
2020-06-07,US,Texas,Throckmorton,1,0,0,33.17751417,-99.21226795,48447.0,66.62225183211193,0.0,1,1,0,0,1,1,1515,0,0,0,0,0
2020-06-07,US,Texas,Titus,583,3,0,33.21339719,-94.96797273,48449.0,1780.1526717557251,0.5145797598627787,580,583,3,0,580,583,33033,0,0,0,0,0
2020-06-07,US,Texas,Tom Green,111,1,0,31.40464436,-100.46244300000001,48451.0,93.12080536912752,0.9009009009009008,110,111,1,0,110,109,118189,0,0,0,0,2
2020-06-07,US,Texas,Travis,3662,97,0,30.33432034,-97.78535620000001,48453.0,287.4515092381672,2.648825778263244,3565,3616,97,0,3519,3562,1248743,46,0,0,46,54
2020-06-07,US,Texas,Trinity,20,0,0,31.0879489,-95.1367187,48455.0,136.50945327963962,0.0,20,20,0,0,20,20,14740,0,0,0,0,0
2020-06-07,US,Texas,Tyler,16,0,0,30.77031716,-94.37690895,48457.0,73.82798080472499,0.0,16,15,0,0,15,14,21696,1,0,0,1,1
2020-06-07,US,Texas,Upshur,31,0,0,32.73706798,-94.93999853,48459.0,74.24616195243456,0.0,31,31,0,0,31,30,41260,0,0,0,0,1
2020-06-07,US,Texas,Uvalde,18,0,0,29.35739637,-99.76229172,48463.0,67.31236677760742,0.0,18,18,0,0,18,18,26846,0,0,0,0,0
2020-06-07,US,Texas,Val Verde,25,0,0,29.89149232,-101.1525205,48465.0,50.99439061703214,0.0,25,21,0,0,21,21,49208,4,0,0,4,0
2020-06-07,US,Texas,Van Zandt,39,1,0,32.56483801,-95.83766469,48467.0,68.91676974730518,2.5641025641025643,38,39,1,0,38,37,56019,0,0,0,0,2
2020-06-07,US,Texas,Victoria,170,7,0,28.79780988,-96.96813006,48469.0,184.6140480430911,4.117647058823529,163,170,7,0,163,170,92035,0,0,0,0,0
2020-06-07,US,Texas,Walker,1851,27,0,30.73872995,-95.57440968,48471.0,2536.624138356333,1.4586709886547813,1824,1850,27,0,1823,1843,72480,1,0,0,1,7
2020-06-07,US,Texas,Waller,72,0,0,30.01058447,-95.99011759,48473.0,130.32617746081164,0.0,72,68,0,0,68,65,53126,4,0,0,4,3
2020-06-07,US,Texas,Ward,1,0,0,31.50999644,-103.09279090000001,48475.0,8.334722453742291,0.0,1,1,0,0,1,1,11720,0,0,0,0,0
2020-06-07,US,Texas,Washington,207,25,0,30.21498498,-96.40946246,48477.0,576.8909202385597,12.07729468599034,182,206,25,0,181,206,35108,1,0,0,1,0
2020-06-07,US,Texas,Webb,594,19,0,27.7610369,-99.33237355,48479.0,214.71017740699506,3.1986531986531985,575,594,19,0,575,574,275910,0,0,0,0,20
2020-06-07,US,Texas,Wharton,76,1,0,29.27765923,-96.22319248,48481.0,182.8857445374916,1.3157894736842106,75,75,1,0,74,73,41619,1,0,0,1,2
2020-06-07,US,Texas,Wheeler,15,0,0,35.40114335,-100.26995140000001,48483.0,296.67721518987344,0.0,15,15,0,0,15,15,5191,0,0,0,0,0
2020-06-07,US,Texas,Wichita,87,2,0,33.98842886,-98.70410340000001,48485.0,65.79444906602133,2.2988505747126435,85,87,2,0,85,87,132064,0,0,0,0,0
2020-06-07,US,Texas,Wilbarger,7,0,0,34.07945812,-99.24178437,48487.0,54.82026783616571,0.0,7,7,0,0,7,7,12820,0,0,0,0,0
2020-06-07,US,Texas,Willacy,37,2,0,26.47411727,-97.61535848,48489.0,173.23719449386647,5.405405405405406,35,35,2,0,33,26,21515,2,0,0,2,9
2020-06-07,US,Texas,Williamson,691,28,0,30.64655664,-97.60048540000001,48491.0,117.00936921620657,4.052098408104197,663,684,28,0,656,672,566719,7,0,0,7,12
2020-06-07,US,Texas,Wilson,45,5,0,29.1732598,-98.08693082,48493.0,88.11435284903074,11.111111111111109,40,44,5,0,39,44,50224,1,0,0,1,0
2020-06-07,US,Texas,Winkler,3,0,0,31.85008651,-103.04851629999999,48495.0,37.453183520599254,0.0,3,3,0,0,3,3,7720,0,0,0,0,0
2020-06-07,US,Texas,Wise,52,4,0,33.21570665,-97.65460265,48497.0,74.30269775948787,7.6923076923076925,48,52,4,0,48,52,68305,0,0,0,0,0
2020-06-07,US,Texas,Wood,49,4,0,32.78722382,-95.38236368,48499.0,107.6000790531193,8.16326530612245,45,49,4,0,45,40,45129,0,0,0,0,9
2020-06-07,US,Texas,Yoakum,3,0,0,33.17320212,-102.82764329999999,48501.0,34.43130953747274,0.0,3,3,0,0,3,3,8591,0,0,0,0,0
2020-06-07,US,Texas,Young,6,1,0,33.17659707,-98.68790885,48503.0,33.31482509716824,16.666666666666668,5,6,1,0,5,6,18045,0,0,0,0,0
2020-06-07,US,Texas,Zapata,12,0,0,27.00156391,-99.16987152,48505.0,84.63220255307144,0.0,12,11,0,0,11,11,14190,1,0,0,1,0
2020-06-07,US,Texas,Zavala,12,0,0,28.86617238,-99.76050829,48507.0,101.35135135135135,0.0,12,12,0,0,12,12,11983,0,0,0,0,0
2020-06-07,US,Utah,Bear River,732,2,0,41.52106798,-113.08328159999999,0.0,391.82519885664124,0.27322404371584696,730,707,2,0,705,491,,25,0,0,25,216
2020-06-07,US,Utah,Central Utah,46,0,0,39.37231946,-111.5758676,0.0,56.129048002538006,0.0,46,45,0,0,45,42,,1,0,0,1,3
2020-06-07,US,Utah,Davis,549,2,0,40.99001837,-112.1139997,49011.0,154.43863385103563,0.3642987249544625,547,541,2,0,539,525,351713,8,0,0,8,16
2020-06-07,US,Utah,Salt Lake,6182,81,0,40.66616532,-111.92160109999999,49035.0,532.7303421038798,1.310255580718214,6101,6086,81,0,6005,5901,1152633,96,0,0,96,185
2020-06-07,US,Utah,San Juan,333,5,0,37.62762978,-109.80337140000002,49037.0,2175.3331591324795,1.5015015015015014,328,333,5,0,328,314,15449,0,0,0,0,19
2020-06-07,US,Utah,Southeast Utah,26,0,0,38.99617072,-110.70139579999999,0.0,64.62999328842378,0.0,26,26,0,0,26,26,,0,0,0,0,0
2020-06-07,US,Utah,Southwest Utah,616,4,0,37.85447192,-111.4418764,0.0,244.4037104926957,0.6493506493506493,612,584,4,0,580,554,,32,0,0,32,30
2020-06-07,US,Utah,Summit,434,0,0,40.86688146,-110.9535882,49043.0,1029.7781468738879,0.0,434,426,0,0,426,422,41933,8,0,0,8,4
2020-06-07,US,Utah,Tooele,148,0,0,40.44862644,-113.12957150000001,49045.0,204.8187768997633,0.0,148,145,0,0,145,144,69907,3,0,0,3,1
2020-06-07,US,Utah,TriCounty,22,0,0,40.12491499,-109.5174415,0.0,38.854155628554274,0.0,22,20,0,0,20,20,,2,0,0,2,0
2020-06-07,US,Utah,Utah,2261,17,0,40.116672200000004,-111.66576620000001,49049.0,355.3718358782525,0.7518796992481203,2244,2183,17,0,2166,2143,622213,78,0,0,78,40
2020-06-07,US,Utah,Wasatch,330,2,0,40.33110236,-111.1691419,49051.0,967.9974186735502,0.6060606060606061,328,326,2,0,324,317,33240,4,0,0,4,9
2020-06-07,US,Utah,Weber-Morgan,387,8,0,41.27116049,-111.9145117,0.0,142.10334989369792,2.0671834625323,379,376,8,0,368,353,,11,0,0,11,23
2020-06-07,US,Vermont,Addison,65,2,0,44.03217337,-73.14130877,50001.0,176.74089784376102,3.0769230769230766,63,65,2,0,63,64,36973,0,0,0,0,1
2020-06-07,US,Vermont,Bennington,66,1,0,43.03519828,-73.09048868,50003.0,186.07273752466872,1.5151515151515151,65,66,1,0,65,66,35631,0,0,0,0,0
2020-06-07,US,Vermont,Caledonia,16,0,0,44.46548598,-72.10314651,50005.0,53.34578068215917,0.0,16,16,0,0,16,16,30302,0,0,0,0,0
2020-06-07,US,Vermont,Chittenden,520,39,0,44.46322849,-73.08359212,50007.0,317.5107159866645,7.5,481,503,39,0,464,490,164572,17,0,0,17,13
2020-06-07,US,Vermont,Essex,3,0,0,44.72736416,-71.73579864,50009.0,48.67759208177836,0.0,3,3,0,0,3,3,6250,0,0,0,0,0
2020-06-07,US,Vermont,Franklin,100,5,0,44.85627605,-72.91249563,50011.0,202.42095461722198,5.0,95,100,5,0,95,100,49421,0,0,0,0,0
2020-06-07,US,Vermont,Grand Isle,7,0,0,44.797582399999996,-73.29679772,50013.0,96.7519004837595,0.0,7,7,0,0,7,7,7090,0,0,0,0,0
2020-06-07,US,Vermont,Lamoille,29,1,0,44.60353043,-72.64356694,50015.0,114.34429461398943,3.4482758620689653,28,29,1,0,28,29,25300,0,0,0,0,0
2020-06-07,US,Vermont,Orange,9,0,0,44.00470222,-72.37640104,50017.0,31.150491485532328,0.0,9,9,0,0,9,9,28999,0,0,0,0,0
2020-06-07,US,Vermont,Orleans,10,0,0,44.82964024,-72.24562697,50019.0,36.98635203609868,0.0,10,10,0,0,10,10,26907,0,0,0,0,0
2020-06-07,US,Vermont,Rutland,57,1,0,43.57723578,-73.03741676,50021.0,97.95329174614629,1.7543859649122806,56,57,1,0,56,56,58672,0,0,0,0,1
2020-06-07,US,Vermont,Unassigned,5,0,0,0.0,0.0,90050.0,0.0,0.0,5,5,0,0,5,5,,0,0,0,0,0
2020-06-07,US,Vermont,Washington,39,1,0,44.27343241,-72.61604978,50023.0,66.77053193857111,2.5641025641025643,38,39,1,0,38,39,58140,0,0,0,0,0
2020-06-07,US,Vermont,Windham,82,3,0,42.986982,-72.71268875,50025.0,194.21154848183411,3.6585365853658534,79,82,3,0,79,81,42756,0,0,0,0,1
2020-06-07,US,Vermont,Windsor,55,2,0,43.58010937,-72.58595157,50027.0,99.88739965856672,3.636363636363636,53,55,2,0,53,52,55286,0,0,0,0,3
2020-06-07,US,Virginia,Accomack,970,13,0,37.76707161,-75.63234615,51001.0,3001.609110038371,1.3402061855670102,957,970,13,0,957,969,32412,0,0,0,0,1
2020-06-07,US,Virginia,Albemarle,221,8,0,38.02080697,-78.55481085,51003.0,202.14030915576691,3.619909502262444,213,221,8,0,213,217,108718,0,0,0,0,4
2020-06-07,US,Virginia,Alexandria,2070,45,0,38.814003,-77.08183073,51510.0,1298.3917505080665,2.1739130434782608,2025,2070,45,0,2025,2045,160530,0,0,0,0,25
2020-06-07,US,Virginia,Alleghany,26,2,0,37.78636074,-80.00222498,51005.0,174.96635262449533,7.6923076923076925,24,26,2,0,24,24,14910,0,0,0,0,2
2020-06-07,US,Virginia,Amelia,31,1,0,37.34081025,-77.98584649,51007.0,235.83111449220237,3.2258064516129035,30,31,1,0,30,28,13013,0,0,0,0,3
2020-06-07,US,Virginia,Amherst,27,0,0,37.60308293,-79.14548696,51009.0,85.42952064546748,0.0,27,27,0,0,27,27,31666,0,0,0,0,0
2020-06-07,US,Virginia,Appomattox,33,0,0,37.37569884,-78.81340003,51011.0,207.40368298661303,0.0,33,33,0,0,33,33,15841,0,0,0,0,0
2020-06-07,US,Virginia,Arlington,2195,120,0,38.8767675,-77.10139853,51013.0,926.7781896791954,5.466970387243736,2075,2195,120,0,2075,2173,237521,0,0,0,0,22
2020-06-07,US,Virginia,Augusta,125,2,0,38.16404586,-79.12461614,51015.0,165.4358241351015,1.6,123,125,2,0,123,124,75457,0,0,0,0,1
2020-06-07,US,Virginia,Bedford,76,2,0,37.3080028,-79.5281964,51019.0,96.2061850450017,2.631578947368421,74,76,2,0,74,72,78747,0,0,0,0,4
2020-06-07,US,Virginia,Botetourt,39,4,0,37.55531756,-79.80982182,51023.0,116.70008079236362,10.256410256410255,35,39,4,0,35,35,33277,0,0,0,0,4
2020-06-07,US,Virginia,Bristol,4,0,0,36.616302399999995,-82.16359122,51520.0,23.863500775563768,0.0,4,4,0,0,4,4,16482,0,0,0,0,0
2020-06-07,US,Virginia,Brunswick,32,1,0,36.76366949,-77.8593436,51025.0,197.1535949725833,3.125,31,32,1,0,31,32,16384,0,0,0,0,0
2020-06-07,US,Virginia,Buchanan,18,0,0,37.26818323,-82.03749726,51027.0,85.69796229289659,0.0,18,18,0,0,18,18,21221,0,0,0,0,0
2020-06-07,US,Virginia,Buckingham,477,3,0,37.57242268,-78.52518834,51029.0,2781.665500349895,0.6289308176100629,474,477,3,0,474,475,16999,0,0,0,0,2
2020-06-07,US,Virginia,Buena Vista,13,0,0,37.73484642,-79.35296097,51530.0,200.6792219820932,0.0,13,13,0,0,13,13,6237,0,0,0,0,0
2020-06-07,US,Virginia,Campbell,20,1,0,37.20553386,-79.09678609,51031.0,36.43982873280496,5.0,19,20,1,0,19,20,54973,0,0,0,0,0
2020-06-07,US,Virginia,Caroline,83,3,0,38.02679129,-77.34901405,51033.0,270.13832384052074,3.614457831325301,80,83,3,0,80,79,30772,0,0,0,0,4
2020-06-07,US,Virginia,Carroll,125,1,0,36.73066666,-80.73455942,51035.0,419.5898090027189,0.8,124,125,1,0,124,122,29636,0,0,0,0,3
2020-06-07,US,Virginia,Charles City,27,2,0,37.35358063,-77.05634116,51036.0,387.76389487289964,7.407407407407407,25,27,2,0,25,27,6941,0,0,0,0,0
2020-06-07,US,Virginia,Charlotte,28,0,0,37.01909701,-78.66314092,51037.0,235.69023569023568,0.0,28,28,0,0,28,28,11938,0,0,0,0,0
2020-06-07,US,Virginia,Charlottesville,131,3,0,38.03527919,-78.48569588,51540.0,277.1548258790674,2.2900763358778624,128,131,3,0,128,131,48117,0,0,0,0,0
2020-06-07,US,Virginia,Chesapeake,577,15,0,36.67670048,-76.30545744,51550.0,235.6689198848204,2.599653379549393,562,577,15,0,562,563,242634,0,0,0,0,14
2020-06-07,US,Virginia,Chesterfield,1797,37,0,37.37373208,-77.58680140000001,51041.0,509.35085402010185,2.058987200890373,1760,1797,37,0,1760,1761,348556,0,0,0,0,36
2020-06-07,US,Virginia,Clarke,31,0,0,39.11271747,-77.99199425,51043.0,212.05280798960254,0.0,31,31,0,0,31,31,14523,0,0,0,0,0
2020-06-07,US,Virginia,Colonial Heights,97,17,0,37.26420587,-77.39609676,51570.0,558.434081750144,17.525773195876287,80,97,17,0,80,97,17833,0,0,0,0,0
2020-06-07,US,Virginia,Covington,4,0,0,37.7824656,-79.98631446,51580.0,72.22824124232575,0.0,4,4,0,0,4,4,5460,0,0,0,0,0
2020-06-07,US,Virginia,Craig,6,0,0,37.48133648,-80.21072274,51045.0,116.93626973299551,0.0,6,6,0,0,6,5,5064,0,0,0,0,1
2020-06-07,US,Virginia,Culpeper,745,8,0,38.48199985,-77.95630870000002,51047.0,1416.2151886702786,1.0738255033557047,737,745,8,0,737,740,51859,0,0,0,0,5
2020-06-07,US,Virginia,Cumberland,41,0,0,37.51328851,-78.24398086,51049.0,412.80708819975837,0.0,41,41,0,0,41,41,9809,0,0,0,0,0
2020-06-07,US,Virginia,Danville,60,2,0,36.58022376,-79.40395668,51590.0,149.8351813005694,3.333333333333333,58,60,2,0,58,60,40693,0,0,0,0,0
2020-06-07,US,Virginia,Dinwiddie,98,0,0,37.07544585,-77.63451754,51053.0,343.3295964125561,0.0,98,98,0,0,98,93,28529,0,0,0,0,5
2020-06-07,US,Virginia,Emporia,88,6,0,36.69455571,-77.53406129,51595.0,1646.090534979424,6.8181818181818175,82,88,6,0,82,86,5121,0,0,0,0,2
2020-06-07,US,Virginia,Essex,53,0,0,37.93357639,-76.94230311,51057.0,483.88569341732864,0.0,53,53,0,0,53,53,10919,0,0,0,0,0
2020-06-07,US,Virginia,Fairfax,12056,413,0,38.83677558,-77.27565836,51059.0,1050.6025104310818,3.425680159256802,11643,12056,413,0,11643,11904,1150795,0,0,0,0,152
2020-06-07,US,Virginia,Fairfax,12056,413,0,38.83677558,-77.27565836,51059.0,1050.6025104310818,3.425680159256802,11643,12056,413,0,11643,11904,24574,0,0,0,0,152
2020-06-07,US,Virginia,Fairfax City,68,5,0,38.85157547,-77.29779640000002,51600.0,283.10920521254013,7.352941176470589,63,68,5,0,63,67,24574,0,0,0,0,1
2020-06-07,US,Virginia,Falls Church,56,8,0,38.88485255,-77.17560759,51610.0,383.1155503865362,14.285714285714285,48,56,8,0,48,56,14772,0,0,0,0,0
2020-06-07,US,Virginia,Fauquier,345,6,0,38.73564842,-77.80647472,51061.0,484.40088736626325,1.7391304347826086,339,345,6,0,339,339,70675,0,0,0,0,6
2020-06-07,US,Virginia,Floyd,6,1,0,36.9302126,-80.36738849,51063.0,38.097656994094855,16.666666666666668,5,6,1,0,5,6,15795,0,0,0,0,0
2020-06-07,US,Virginia,Fluvanna,94,6,0,37.84157909,-78.27715475,51065.0,344.7011367803447,6.382978723404255,88,94,6,0,88,94,26783,0,0,0,0,0
2020-06-07,US,Virginia,Franklin,39,1,0,36.99536167,-79.88023649,51067.0,69.59066414474859,2.5641025641025643,38,39,1,0,38,38,56195,0,0,0,0,1
2020-06-07,US,Virginia,Franklin,39,1,0,36.99536167,-79.88023649,51067.0,69.59066414474859,2.5641025641025643,38,39,1,0,38,38,8013,0,0,0,0,1
2020-06-07,US,Virginia,Franklin City,42,2,0,36.6831435,-76.93859681,51620.0,527.1745952052215,4.761904761904762,40,42,2,0,40,42,8013,0,0,0,0,0
2020-06-07,US,Virginia,Frederick,393,4,0,39.20172582,-78.25974949,51069.0,440.02552819858255,1.0178117048346056,389,393,4,0,389,388,88355,0,0,0,0,5
2020-06-07,US,Virginia,Fredericksburg,192,1,0,38.2977863,-77.4922454,51630.0,661.2481057996969,0.5208333333333334,191,192,1,0,191,186,29144,0,0,0,0,6
2020-06-07,US,Virginia,Galax,143,1,0,36.66601852,-80.91703124,51640.0,2253.0329289428078,0.6993006993006993,142,143,1,0,142,140,6423,0,0,0,0,3
2020-06-07,US,Virginia,Giles,5,0,0,37.31234791,-80.70636931,51071.0,29.90430622009569,0.0,5,5,0,0,5,5,16844,0,0,0,0,0
2020-06-07,US,Virginia,Gloucester,32,1,0,37.40809042,-76.53524337,51073.0,85.68062546856592,3.125,31,32,1,0,31,32,37349,0,0,0,0,0
2020-06-07,US,Virginia,Goochland,105,6,0,37.71714806,-77.90381514,51075.0,442.0494253357472,5.7142857142857135,99,105,6,0,99,105,23244,0,0,0,0,0
2020-06-07,US,Virginia,Grayson,48,0,0,36.65677234,-81.23215889,51077.0,308.6816720257234,0.0,48,48,0,0,48,46,15631,0,0,0,0,2
2020-06-07,US,Virginia,Greene,38,1,0,38.29545894,-78.46525378,51079.0,191.73520359251225,2.631578947368421,37,38,1,0,37,35,19779,0,0,0,0,3
2020-06-07,US,Virginia,Greensville,239,7,0,36.67878901,-77.56351439,51081.0,2108.3274523641494,2.928870292887029,232,239,7,0,232,229,11627,0,0,0,0,10
2020-06-07,US,Virginia,Halifax,31,1,0,36.76654925,-78.93512622,51083.0,91.41576479608385,3.2258064516129035,30,31,1,0,30,31,34120,0,0,0,0,0
2020-06-07,US,Virginia,Hampton,215,4,0,37.03513786,-76.35879121,51650.0,159.83941714370678,1.8604651162790695,211,215,4,0,211,215,134313,0,0,0,0,0
2020-06-07,US,Virginia,Hanover,340,24,0,37.7583355,-77.49464673,51085.0,315.498394669933,7.0588235294117645,316,340,24,0,316,338,107239,0,0,0,0,2
2020-06-07,US,Virginia,Harrisonburg,823,23,0,38.43542574,-78.87536254,51660.0,1552.3615512298175,2.794653705953828,800,823,23,0,800,817,54033,0,0,0,0,6
2020-06-07,US,Virginia,Henrico,2033,134,0,37.53460572,-77.39326555,51087.0,614.5372984541349,6.591244466305952,1899,2033,134,0,1899,1983,329261,0,0,0,0,50
2020-06-07,US,Virginia,Henry,159,3,0,36.68542395,-79.87634026,51089.0,314.49650889095483,1.8867924528301887,156,159,3,0,156,155,50953,0,0,0,0,4
2020-06-07,US,Virginia,Highland,3,0,0,38.35799465,-79.56124594,51091.0,136.98630136986299,0.0,3,3,0,0,3,3,2210,0,0,0,0,0
2020-06-07,US,Virginia,Hopewell,114,2,0,37.29186313,-77.29754684,51670.0,506.01447023835937,1.7543859649122806,112,114,2,0,112,110,22596,0,0,0,0,4
2020-06-07,US,Virginia,Isle of Wight,142,3,0,36.90579348,-76.70842863,51093.0,382.656498423563,2.112676056338028,139,142,3,0,139,137,36953,0,0,0,0,5
2020-06-07,US,Virginia,James City,211,15,0,37.31156958,-76.76950618,51095.0,275.7340930177855,7.109004739336492,196,211,15,0,196,211,76397,0,0,0,0,0
2020-06-07,US,Virginia,King George,73,4,0,38.26818502,-77.15852768,51099.0,272.022656133552,5.479452054794519,69,73,4,0,69,72,26575,0,0,0,0,1
2020-06-07,US,Virginia,King William,32,0,0,37.70965316,-77.09384941,51101.0,186.61068346162816,0.0,32,32,0,0,32,31,16939,0,0,0,0,1
2020-06-07,US,Virginia,King and Queen,22,1,0,37.71044922,-76.88689628,51097.0,313.16725978647685,4.545454545454546,21,22,1,0,21,21,7042,0,0,0,0,1
2020-06-07,US,Virginia,Lancaster,10,0,0,37.71889653,-76.46400482,51103.0,94.3129303027445,0.0,10,10,0,0,10,10,10783,0,0,0,0,0
2020-06-07,US,Virginia,Lee,9,0,0,36.70586667,-83.12606515,51105.0,38.42377150663877,0.0,9,9,0,0,9,9,23541,0,0,0,0,0
2020-06-07,US,Virginia,Lexington,7,0,0,37.78258621,-79.44262866,51678.0,94.010206822455,0.0,7,7,0,0,7,7,7136,0,0,0,0,0
2020-06-07,US,Virginia,Loudoun,2939,67,0,39.08990083,-77.63481877,51107.0,710.6964777118428,2.279686968356584,2872,2939,67,0,2872,2837,406850,0,0,0,0,102
2020-06-07,US,Virginia,Louisa,92,1,0,37.97850256,-77.96274807,51109.0,244.73943231092548,1.0869565217391304,91,92,1,0,91,85,36778,0,0,0,0,7
2020-06-07,US,Virginia,Lunenburg,17,0,0,36.94618528,-78.24133319,51111.0,139.38996392259756,0.0,17,17,0,0,17,17,12086,0,0,0,0,0
2020-06-07,US,Virginia,Lynchburg,88,1,0,37.40021399,-79.19888138,51680.0,107.09765358777142,1.1363636363636365,87,88,1,0,87,87,82126,0,0,0,0,1
2020-06-07,US,Virginia,Madison,41,1,0,38.41531222,-78.28220331,51113.0,309.17728678078583,2.4390243902439024,40,41,1,0,40,41,13295,0,0,0,0,0
2020-06-07,US,Virginia,Manassas,1214,12,0,38.7464321,-77.48509905,51683.0,2954.849701837654,0.9884678747940692,1202,1214,12,0,1202,1190,41641,0,0,0,0,24
2020-06-07,US,Virginia,Manassas Park,351,6,0,38.77058531,-77.44399307,51685.0,2008.238928939238,1.709401709401709,345,351,6,0,345,343,17307,0,0,0,0,8
2020-06-07,US,Virginia,Martinsville,47,1,0,36.68212094,-79.86352771,51690.0,374.3826668790824,2.127659574468085,46,47,1,0,46,41,12902,0,0,0,0,6
2020-06-07,US,Virginia,Mathews,5,0,0,37.44164146,-76.34098896,51115.0,56.599501924383055,0.0,5,5,0,0,5,5,8802,0,0,0,0,0
2020-06-07,US,Virginia,Mecklenburg,222,23,0,36.67882005,-78.36131056,51117.0,725.7985418641907,10.360360360360358,199,222,23,0,199,220,30650,0,0,0,0,2
2020-06-07,US,Virginia,Middlesex,14,0,0,37.63191998,-76.55064617,51119.0,132.3001323001323,0.0,14,14,0,0,14,14,10769,0,0,0,0,0
2020-06-07,US,Virginia,Montgomery,91,1,0,37.17746986,-80.37868691,51121.0,92.35297102552393,1.0989010989010992,90,91,1,0,90,85,98985,0,0,0,0,6
2020-06-07,US,Virginia,Nelson,17,0,0,37.78790447,-78.88498513,51125.0,113.86470194239786,0.0,17,17,0,0,17,17,14836,0,0,0,0,0
2020-06-07,US,Virginia,New Kent,43,1,0,37.50694406,-76.99828634,51127.0,186.21973929236495,2.3255813953488373,42,43,1,0,42,39,22391,0,0,0,0,4
2020-06-07,US,Virginia,Newport News,314,10,0,37.08166899,-76.51754109,51700.0,175.19877249267682,3.1847133757961785,304,314,10,0,304,309,178626,0,0,0,0,5
2020-06-07,US,Virginia,Norfolk,562,7,0,36.89934014,-76.26420872,51710.0,231.5215331504231,1.2455516014234875,555,562,7,0,555,560,244076,0,0,0,0,2
2020-06-07,US,Virginia,Northampton,251,25,0,37.34062933,-75.87751591,51131.0,2143.467122117848,9.9601593625498,226,251,25,0,226,249,11735,0,0,0,0,2
2020-06-07,US,Virginia,Northumberland,25,1,0,37.89202088,-76.41949732,51133.0,206.69698222405952,4.0,24,25,1,0,24,25,12147,0,0,0,0,0
2020-06-07,US,Virginia,Norton,2,0,0,36.93357076,-82.62750411,51720.0,50.23863350916855,0.0,2,2,0,0,2,2,3968,0,0,0,0,0
2020-06-07,US,Virginia,Nottoway,48,0,0,37.1435975,-78.05065922,51135.0,315.1260504201681,0.0,48,48,0,0,48,44,15420,0,0,0,0,4
2020-06-07,US,Virginia,Orange,117,2,0,38.24530219,-78.01560400000002,51137.0,315.78095058163075,1.709401709401709,115,117,2,0,115,119,36644,0,0,0,0,-2
2020-06-07,US,Virginia,Page,237,24,0,38.61807452,-78.48797204,51139.0,991.548824366162,10.126582278481012,213,237,24,0,213,233,23933,0,0,0,0,4
2020-06-07,US,Virginia,Patrick,27,0,0,36.680163799999995,-80.2865648,51141.0,153.3393911858246,0.0,27,27,0,0,27,23,17673,0,0,0,0,4
2020-06-07,US,Virginia,Petersburg,163,3,0,37.20530399,-77.39368102,51730.0,520.0025521597652,1.8404907975460123,160,163,3,0,160,159,31567,0,0,0,0,4
2020-06-07,US,Virginia,Pittsylvania,47,1,0,36.81980341,-79.39731264,51143.0,77.87387745634092,2.127659574468085,46,47,1,0,46,47,60949,0,0,0,0,0
2020-06-07,US,Virginia,Poquoson,8,0,0,37.14259351,-76.35798148,51735.0,65.19436068780051,0.0,8,8,0,0,8,8,12190,0,0,0,0,0
2020-06-07,US,Virginia,Portsmouth,335,11,0,36.85914825,-76.35971629,51740.0,354.88040000847474,3.2835820895522385,324,335,11,0,324,325,94632,0,0,0,0,10
2020-06-07,US,Virginia,Powhatan,44,0,0,37.55016038,-77.91267882,51145.0,148.38796708485094,0.0,44,44,0,0,44,37,29189,0,0,0,0,7
2020-06-07,US,Virginia,Prince Edward,148,2,0,37.22554789,-78.43597949,51147.0,649.0658714147881,1.351351351351351,146,148,2,0,146,146,22950,0,0,0,0,2
2020-06-07,US,Virginia,Prince George,146,0,0,37.18497668,-77.22922187,51149.0,380.6742627695356,0.0,146,146,0,0,146,142,38082,0,0,0,0,4
2020-06-07,US,Virginia,Prince William,6121,110,0,38.70916224,-77.48713689,51153.0,1301.412822775256,1.7970919784348962,6011,6121,110,0,6011,6030,468011,0,0,0,0,91
2020-06-07,US,Virginia,Pulaski,24,1,0,37.06474963,-80.71229738,51155.0,70.53222441002733,4.166666666666667,23,24,1,0,23,21,34066,0,0,0,0,3
2020-06-07,US,Virginia,Radford,7,0,0,37.12222899,-80.56027320000003,51750.0,38.35826620636748,0.0,7,7,0,0,7,6,18339,0,0,0,0,1
2020-06-07,US,Virginia,Rappahannock,18,0,0,38.68295619,-78.15826963,51157.0,244.2333785617368,0.0,18,18,0,0,18,15,7252,0,0,0,0,3
2020-06-07,US,Virginia,Richmond,291,6,0,37.937575,-76.72920628,51159.0,3225.091433004544,2.061855670103093,285,291,6,0,285,289,9038,0,0,0,0,2
2020-06-07,US,Virginia,Richmond City,1592,25,0,37.53255773,-77.47966921,51760.0,690.8642746793034,1.5703517587939702,1567,1592,25,0,1567,1527,228783,0,0,0,0,65
2020-06-07,US,Virginia,Roanoke,122,6,0,37.26865804,-80.06396753,51161.0,129.5309281634213,4.918032786885246,116,122,6,0,116,119,94073,0,0,0,0,3
2020-06-07,US,Virginia,Roanoke City,197,10,0,37.27791025,-79.96189766,51770.0,198.70288371342411,5.076142131979696,187,197,10,0,187,190,99920,0,0,0,0,7
2020-06-07,US,Virginia,Rockbridge,18,0,0,37.81204314,-79.44605905,51163.0,79.74128383466973,0.0,18,18,0,0,18,18,22752,0,0,0,0,0
2020-06-07,US,Virginia,Rockingham,572,6,0,38.51006137,-78.87260325,51165.0,698.0036120466639,1.048951048951049,566,572,6,0,566,561,81244,0,0,0,0,11
2020-06-07,US,Virginia,Russell,8,0,0,36.93028320000001,-82.10095486,51167.0,30.091025351688856,0.0,8,8,0,0,8,8,26748,0,0,0,0,0
2020-06-07,US,Virginia,Salem,38,3,0,37.2836193,-80.06219455,51775.0,150.1916920279831,7.894736842105262,35,38,3,0,35,37,25643,0,0,0,0,1
2020-06-07,US,Virginia,Scott,7,2,0,36.71466456,-82.60171704,51169.0,32.458499489937864,28.57142857142857,5,7,2,0,5,7,21534,0,0,0,0,0
2020-06-07,US,Virginia,Shenandoah,476,22,0,38.85905135,-78.56813762,51171.0,1091.3426265590608,4.621848739495798,454,476,22,0,454,472,43497,0,0,0,0,4
2020-06-07,US,Virginia,Smyth,15,0,0,36.84455636,-81.53344948,51173.0,49.827265479670466,0.0,15,15,0,0,15,15,30472,0,0,0,0,0
2020-06-07,US,Virginia,Southampton,152,2,0,36.72231125,-77.10642712,51175.0,862.117860586467,1.3157894736842106,150,152,2,0,150,152,17586,0,0,0,0,0
2020-06-07,US,Virginia,Spotsylvania,634,7,0,38.18574462,-77.655399,51177.0,465.4406636567192,1.1041009463722398,627,634,7,0,627,615,134238,0,0,0,0,19
2020-06-07,US,Virginia,Stafford,765,5,0,38.41758738,-77.45917053,51179.0,500.38591855156267,0.6535947712418301,760,765,5,0,760,750,149960,0,0,0,0,15
2020-06-07,US,Virginia,Staunton,52,0,0,38.15965544,-79.05979937,51790.0,208.567303064335,0.0,52,52,0,0,52,53,24922,0,0,0,0,-1
2020-06-07,US,Virginia,Suffolk,323,33,0,36.70155394,-76.63603554,51800.0,350.67529421982886,10.216718266253869,290,323,33,0,290,322,91185,0,0,0,0,1
2020-06-07,US,Virginia,Surry,10,1,0,37.11781893,-76.88450012,51181.0,155.71473061351602,10.0,9,10,1,0,9,10,6474,0,0,0,0,0
2020-06-07,US,Virginia,Sussex,175,2,0,36.92432914,-77.25791182,51183.0,1568.2408817994447,1.1428571428571428,173,175,2,0,173,174,11237,0,0,0,0,1
2020-06-07,US,Virginia,Tazewell,10,0,0,37.12191123,-81.56685568,51185.0,24.633575563493036,0.0,10,10,0,0,10,9,40855,0,0,0,0,1
2020-06-07,US,Virginia,Virginia Beach,798,25,0,36.73285734,-76.04566934,51810.0,177.34357985128034,3.1328320802005014,773,798,25,0,773,784,450189,0,0,0,0,14
2020-06-07,US,Virginia,Warren,222,4,0,38.90847745,-78.20280433,51187.0,552.7337914550344,1.8018018018018016,218,222,4,0,218,220,40003,0,0,0,0,2
2020-06-07,US,Virginia,Washington,53,4,0,36.72341572,-81.95666289,51191.0,98.62299962783773,7.547169811320754,49,53,4,0,49,53,54402,0,0,0,0,0
2020-06-07,US,Virginia,Waynesboro,49,0,0,38.06451466,-78.90293905,51820.0,216.52673442333187,0.0,49,49,0,0,49,48,22628,0,0,0,0,1
2020-06-07,US,Virginia,Westmoreland,81,1,0,38.11021557,-76.80213247,51193.0,449.62531223980017,1.2345679012345678,80,81,1,0,80,80,17830,0,0,0,0,1
2020-06-07,US,Virginia,Williamsburg,45,5,0,37.28131268,-76.70905141,51830.0,300.92283001203685,11.111111111111109,40,45,5,0,40,45,14896,0,0,0,0,0
2020-06-07,US,Virginia,Winchester,232,2,0,39.17054517,-78.17325058,51840.0,826.2696773274449,0.8620689655172413,230,232,2,0,230,225,28108,0,0,0,0,7
2020-06-07,US,Virginia,Wise,27,2,0,36.9746148,-82.62410519,51195.0,72.22534307037958,7.407407407407407,25,27,2,0,25,27,38012,0,0,0,0,0
2020-06-07,US,Virginia,Wythe,33,1,0,36.91582035,-81.07834059,51197.0,115.04671593919956,3.0303030303030303,32,33,1,0,32,30,28754,0,0,0,0,3
2020-06-07,US,Virginia,York,82,3,0,37.24374789,-76.54412815,51199.0,120.0937316930287,3.6585365853658534,79,82,3,0,79,79,67846,0,0,0,0,3
2020-06-07,US,Washington,Adams,79,0,0,46.98299757,-118.56017340000001,53001.0,395.3360356302857,0.0,79,79,0,0,79,78,19759,0,0,0,0,1
2020-06-07,US,Washington,Asotin,19,2,0,46.18894415,-117.2022851,53003.0,84.13780887432469,10.526315789473683,17,19,2,0,17,19,22610,0,0,0,0,0
2020-06-07,US,Washington,Benton,930,66,0,46.23946995,-119.51208340000001,53005.0,455.01247614853963,7.096774193548387,864,906,66,0,840,873,201877,24,0,0,24,33
2020-06-07,US,Washington,Chelan,262,6,0,47.87046092,-120.6173956,53007.0,339.37823834196894,2.2900763358778624,256,261,6,0,255,260,77036,1,0,0,1,1
2020-06-07,US,Washington,Clallam,27,0,0,48.04754642,-123.92263190000001,53009.0,34.91484656864647,0.0,27,27,0,0,27,27,76737,0,0,0,0,0
2020-06-07,US,Washington,Clark,562,26,0,45.77568046,-122.48292040000001,53011.0,115.10708850751983,4.6263345195729535,536,559,24,0,535,550,481857,3,2,0,1,9
2020-06-07,US,Washington,Columbia,1,0,0,46.29442881,-117.9051983,53013.0,25.094102885821833,0.0,1,1,0,0,1,1,4059,0,0,0,0,0
2020-06-07,US,Washington,Cowlitz,81,0,0,46.19074721,-122.6782231,53015.0,73.24152523215757,0.0,81,78,0,0,78,76,108987,3,0,0,3,2
2020-06-07,US,Washington,Douglas,178,3,0,47.7361335,-119.69293700000001,53017.0,409.86437633839137,1.6853932584269662,175,177,3,0,174,177,42907,1,0,0,1,0
2020-06-07,US,Washington,Ferry,1,0,0,48.471143100000006,-118.5154041,53019.0,13.111315064901008,0.0,1,1,0,0,1,1,7649,0,0,0,0,0
2020-06-07,US,Washington,Franklin,722,21,0,46.53351425,-118.9018212,53021.0,758.228140555754,2.9085872576177287,701,704,21,0,683,670,94347,18,0,0,18,34
2020-06-07,US,Washington,Grant,216,4,0,47.20753737,-119.4500749,53025.0,221.01030358220868,1.851851851851852,212,215,4,0,211,214,97331,1,0,0,1,1
2020-06-07,US,Washington,Grays Harbor,19,0,0,47.14003705,-123.7820567,53027.0,25.31274563355138,0.0,19,19,0,0,19,19,73901,0,0,0,0,0
2020-06-07,US,Washington,Island,181,11,0,48.14713305,-122.5216407,53029.0,212.5885296155789,6.077348066298343,170,181,11,0,170,181,84460,0,0,0,0,0
2020-06-07,US,Washington,Jefferson,31,0,0,47.75003077,-123.56097040000002,53031.0,96.21054591725893,0.0,31,31,0,0,31,31,31729,0,0,0,0,0
2020-06-07,US,Washington,King,8457,578,0,47.49137892,-121.8346131,53033.0,375.40250232823234,6.834574908359937,7879,8417,576,0,7841,8371,2233163,40,2,0,38,46
2020-06-07,US,Washington,Kitsap,165,2,0,47.63479026,-122.6436061,53035.0,60.7795250356389,1.2121212121212122,163,165,2,0,163,164,269805,0,0,0,0,1
2020-06-07,US,Washington,Kittitas,89,0,0,47.12521214,-120.67943899999999,53037.0,185.66809220819857,0.0,89,88,0,0,88,88,47364,1,0,0,1,0
2020-06-07,US,Washington,Klickitat,33,3,0,45.87325839,-120.7913598,53039.0,147.1571906354515,9.090909090909092,30,33,3,0,30,30,22107,0,0,0,0,3
2020-06-07,US,Washington,Lewis,37,3,0,46.57756476,-122.39257690000001,53041.0,45.844846171955346,8.108108108108109,34,37,3,0,34,37,79604,0,0,0,0,0
2020-06-07,US,Washington,Lincoln,2,0,0,47.57705241,-118.41943880000001,53043.0,18.283206874485785,0.0,2,2,0,0,2,2,10740,0,0,0,0,0
2020-06-07,US,Washington,Mason,38,1,0,47.35007586,-123.1863685,53045.0,56.913491492930746,2.631578947368421,37,37,1,0,36,37,65507,1,0,0,1,0
2020-06-07,US,Washington,Okanogan,56,1,0,48.54855019,-119.73872240000001,53047.0,132.56634235257908,1.7857142857142858,55,56,1,0,55,52,42132,0,0,0,0,4
2020-06-07,US,Washington,Pacific,9,1,0,46.55418369,-123.7285716,53049.0,40.05162209069467,11.111111111111109,8,9,1,0,8,9,22036,0,0,0,0,0
2020-06-07,US,Washington,Pend Oreille,3,0,0,48.53234021,-117.2741804,53051.0,21.85951617604197,0.0,3,3,0,0,3,3,13602,0,0,0,0,0
2020-06-07,US,Washington,Pierce,2034,85,0,47.03892768,-122.14059579999999,53053.0,224.7563482065902,4.178957718780728,1949,2019,85,0,1934,2007,891299,15,0,0,15,12
2020-06-07,US,Washington,San Juan,15,0,0,48.60182783,-122.96745,53055.0,85.31452621999773,0.0,15,15,0,0,15,15,17128,0,0,0,0,0
2020-06-07,US,Washington,Skagit,449,15,0,48.48171488,-121.766131,53057.0,347.50977129368056,3.3407572383073503,434,449,15,0,434,450,128206,0,0,0,0,-1
2020-06-07,US,Washington,Skamania,3,0,0,46.02408726,-121.91644029999999,53059.0,24.828271124720683,0.0,3,3,0,0,3,3,11924,0,0,0,0,0
2020-06-07,US,Washington,Snohomish,3033,152,0,48.04615983,-121.7170703,53061.0,368.94084903835744,5.011539729640621,2881,3025,152,0,2873,3014,814901,8,0,0,8,11
2020-06-07,US,Washington,Spokane,727,35,0,47.62113146,-117.4046494,53063.0,139.0594455219798,4.814305364511691,692,713,35,0,678,664,514631,14,0,0,14,49
2020-06-07,US,Washington,Stevens,13,1,0,48.40035475,-117.8542701,53065.0,28.43208013472432,7.6923076923076925,12,13,1,0,12,13,45260,0,0,0,0,0
2020-06-07,US,Washington,Thurston,166,2,0,46.9291895,-122.82906559999999,53067.0,57.13577663353251,1.2048192771084338,164,163,2,0,161,157,286419,3,0,0,3,6
2020-06-07,US,Washington,Unassigned,32,0,0,0.0,0.0,90053.0,0.0,0.0,32,25,0,0,25,19,,7,0,0,7,6
2020-06-07,US,Washington,Wahkiakum,4,0,0,46.29180039999999,-123.4250831,53069.0,89.12655971479502,0.0,4,4,0,0,4,4,4426,0,0,0,0,0
2020-06-07,US,Washington,Walla Walla,116,2,0,46.23040051,-118.4775539,53071.0,190.91507570770244,1.7241379310344829,114,113,2,0,111,111,60922,3,0,0,3,2
2020-06-07,US,Washington,Whatcom,410,37,0,48.82227976,-121.74900179999999,53073.0,178.84639711751953,9.024390243902438,373,409,37,0,372,405,225685,1,0,0,1,4
2020-06-07,US,Washington,Whitman,20,0,0,46.90022523,-117.52417630000001,53075.0,39.91697269679067,0.0,20,20,0,0,20,20,49791,0,0,0,0,0
2020-06-07,US,Washington,Yakima,4509,100,0,46.45738486,-120.73801259999999,53077.0,1797.3237454807809,2.2177866489243736,4409,4366,100,0,4266,4141,251446,143,0,0,143,225
2020-06-07,US,West Virginia,Barbour,8,1,0,39.1307219,-80.00350858,54001.0,48.65884070312025,12.5,7,8,1,0,7,8,16535,0,0,0,0,0
2020-06-07,US,West Virginia,Berkeley,344,8,0,39.46704621,-78.02414609,54003.0,288.6608319138045,2.3255813953488373,336,343,8,0,335,340,117123,1,0,0,1,3
2020-06-07,US,West Virginia,Boone,15,0,0,38.01974191,-81.69888019,54005.0,69.90725637321154,0.0,15,11,0,0,11,11,21951,4,0,0,4,0
2020-06-07,US,West Virginia,Braxton,2,0,0,38.70036159,-80.72011184,54007.0,14.329727018700293,0.0,2,2,0,0,2,2,14089,0,0,0,0,0
2020-06-07,US,West Virginia,Brooke,5,0,0,40.27367263,-80.57915332,54009.0,22.79046446966589,0.0,5,5,0,0,5,5,22203,0,0,0,0,0
2020-06-07,US,West Virginia,Cabell,70,0,0,38.42424062,-82.23855912,54011.0,76.13247049866769,0.0,70,70,0,0,70,69,93224,0,0,0,0,1
2020-06-07,US,West Virginia,Calhoun,2,0,0,38.84315422,-81.11934872,54013.0,28.133352088901397,0.0,2,2,0,0,2,2,7254,0,0,0,0,0
2020-06-07,US,West Virginia,Clay,7,0,0,38.46231092,-81.07652217,54015.0,82.27550540667606,0.0,7,7,0,0,7,7,8632,0,0,0,0,0
2020-06-07,US,West Virginia,Fayette,54,4,0,38.02974928,-81.08286634,54019.0,127.34047068811016,7.407407407407407,50,54,4,0,50,54,43018,0,0,0,0,0
2020-06-07,US,West Virginia,Gilmer,10,0,0,38.9251277,-80.85952723,54021.0,127.82819890067749,0.0,10,10,0,0,10,10,8026,0,0,0,0,0
2020-06-07,US,West Virginia,Grant,12,0,0,39.10314817,-79.19440518,54023.0,103.73443983402491,0.0,12,12,0,0,12,12,11626,0,0,0,0,0
2020-06-07,US,West Virginia,Greenbrier,9,0,0,37.9463652,-80.45335881,54025.0,25.965033754543878,0.0,9,9,0,0,9,9,34786,0,0,0,0,0
2020-06-07,US,West Virginia,Hampshire,33,1,0,39.32103553,-78.60826476,54027.0,142.39482200647248,3.0303030303030303,32,34,1,0,33,33,23347,-1,0,0,-1,1
2020-06-07,US,West Virginia,Hancock,20,0,0,40.51943859,-80.57461608,54029.0,69.42034015966678,0.0,20,20,0,0,20,20,29094,0,0,0,0,0
2020-06-07,US,West Virginia,Hardy,40,0,0,39.00683177,-78.85855301,54031.0,290.36004645760744,0.0,40,40,0,0,40,40,13775,0,0,0,0,0
2020-06-07,US,West Virginia,Harrison,40,1,0,39.2853852,-80.37919577,54033.0,59.47424765076722,2.5,39,40,1,0,39,40,67554,0,0,0,0,0
2020-06-07,US,West Virginia,Jackson,138,18,0,38.84263974,-81.68148753,54035.0,482.92273236282193,13.043478260869565,120,138,18,0,120,138,28706,0,0,0,0,0
2020-06-07,US,West Virginia,Jefferson,204,4,0,39.30776166,-77.86014147,54037.0,356.98036607986563,1.96078431372549,200,204,4,0,200,203,56811,0,0,0,0,1
2020-06-07,US,West Virginia,Kanawha,237,19,0,38.33860077,-81.52857054,54039.0,133.05337854528307,8.016877637130802,218,236,19,0,217,233,180454,1,0,0,1,3
2020-06-07,US,West Virginia,Lewis,8,1,0,38.9947249,-80.49988181,54041.0,50.292324134029045,12.5,7,8,1,0,7,9,16024,0,0,0,0,-1
2020-06-07,US,West Virginia,Lincoln,5,0,0,38.172154,-82.07017953,54043.0,24.498995541182808,0.0,5,5,0,0,5,5,20599,0,0,0,0,0
2020-06-07,US,West Virginia,Logan,20,1,0,37.8299889,-81.93528571,54045.0,62.462912645616655,5.0,19,20,1,0,19,20,32607,0,0,0,0,0
2020-06-07,US,West Virginia,Marion,53,2,0,39.50984542,-80.24244659,54049.0,94.5213297189328,3.7735849056603774,51,53,2,0,51,52,56097,0,0,0,0,1
2020-06-07,US,West Virginia,Marshall,31,0,0,39.86064362,-80.66591062,54051.0,101.5361435917592,0.0,31,31,0,0,31,30,30785,0,0,0,0,1
2020-06-07,US,West Virginia,Mason,15,0,0,38.77071799,-82.02524219,54053.0,56.569618343641565,0.0,15,15,0,0,15,15,26718,0,0,0,0,0
2020-06-07,US,West Virginia,McDowell,6,0,0,37.38002939,-81.65083669,54047.0,34.04448479346346,0.0,6,6,0,0,6,6,18223,0,0,0,0,0
2020-06-07,US,West Virginia,Mercer,13,0,0,37.40481169,-81.11023142,54055.0,22.124646856598247,0.0,13,13,0,0,13,13,59131,0,0,0,0,0
2020-06-07,US,West Virginia,Mineral,50,1,0,39.41561583,-78.94104895,54057.0,186.09498287926158,2.0,49,51,1,0,50,50,26940,-1,0,0,-1,1
2020-06-07,US,West Virginia,Mingo,8,1,0,37.73048351,-82.13338365,54059.0,34.15300546448088,12.5,7,8,1,0,7,8,23785,0,0,0,0,0
2020-06-07,US,West Virginia,Monongalia,141,5,0,39.63218457,-80.04766838,54061.0,133.50755595955005,3.5460992907801416,136,140,5,0,135,138,106420,1,0,0,1,2
2020-06-07,US,West Virginia,Monroe,8,0,0,37.56274716,-80.54577965,54063.0,60.263653483992464,0.0,8,8,0,0,8,8,13280,0,0,0,0,0
2020-06-07,US,West Virginia,Morgan,19,0,0,39.55439028,-78.26311676,54065.0,106.24021471706553,0.0,19,19,0,0,19,19,17787,0,0,0,0,0
2020-06-07,US,West Virginia,Nicholas,8,1,0,38.29617706,-80.79759588,54067.0,32.65839320705421,12.5,7,8,1,0,7,8,24842,0,0,0,0,0
2020-06-07,US,West Virginia,Ohio,48,1,0,40.0955451,-80.62203992,54069.0,115.911231315351,2.083333333333333,47,48,1,0,47,48,41755,0,0,0,0,0
2020-06-07,US,West Virginia,Pendleton,13,1,0,38.68314479,-79.35084086,54071.0,186.5403931697517,7.6923076923076925,12,13,1,0,12,13,6997,0,0,0,0,0
2020-06-07,US,West Virginia,Pleasants,4,0,0,39.37091679,-81.16771771,54073.0,53.61930294906166,0.0,4,4,0,0,4,4,7507,0,0,0,0,0
2020-06-07,US,West Virginia,Pocahontas,21,0,0,38.32758728,-80.00993811,54075.0,254.63805020007274,0.0,21,21,0,0,21,21,8414,0,0,0,0,0
2020-06-07,US,West Virginia,Preston,24,2,0,39.46770987,-79.66712803,54077.0,71.78750897343862,8.333333333333334,22,24,2,0,22,24,33839,0,0,0,0,0
2020-06-07,US,West Virginia,Putnam,39,0,0,38.50782345,-81.9082131,54079.0,69.08768821966342,0.0,39,39,0,0,39,38,56682,0,0,0,0,1
2020-06-07,US,West Virginia,Raleigh,18,0,0,37.76936795,-81.2456041,54081.0,24.53619770722864,0.0,18,17,0,0,17,17,74254,1,0,0,1,0
2020-06-07,US,West Virginia,Randolph,132,0,0,38.769899,-79.87919615,54083.0,460.01045478306327,0.0,132,132,0,0,132,132,28823,0,0,0,0,0
2020-06-07,US,West Virginia,Ritchie,1,0,0,39.18094587,-81.06356878,54085.0,10.466820180029307,0.0,1,1,0,0,1,1,9721,0,0,0,0,0
2020-06-07,US,West Virginia,Roane,10,1,0,38.71622686,-81.35243568,54087.0,73.05669199298656,10.0,9,9,1,0,8,9,13932,1,0,0,1,0
2020-06-07,US,West Virginia,Summers,1,0,0,37.65390597,-80.86009693,54089.0,7.953551260637875,0.0,1,1,0,0,1,1,12760,0,0,0,0,0
2020-06-07,US,West Virginia,Taylor,9,0,0,39.33602617,-80.0421439,54091.0,53.908355795148246,0.0,9,9,0,0,9,9,16862,0,0,0,0,0
2020-06-07,US,West Virginia,Tucker,6,0,0,39.11240885,-79.57053576,54093.0,87.73212457961691,0.0,6,6,0,0,6,4,6955,0,0,0,0,2
2020-06-07,US,West Virginia,Tyler,3,0,0,39.46811972,-80.88772676,54095.0,34.920265394016994,0.0,3,3,0,0,3,3,8746,0,0,0,0,0
2020-06-07,US,West Virginia,Upshur,7,0,0,38.89285061,-80.23689136,54097.0,28.95433487756453,0.0,7,7,0,0,7,7,24415,0,0,0,0,0
2020-06-07,US,West Virginia,Wayne,103,9,0,38.14901357,-82.42287994,54099.0,261.408050352774,8.737864077669903,94,103,9,0,94,103,39944,0,0,0,0,0
2020-06-07,US,West Virginia,Wetzel,9,0,0,39.6065771,-80.64016540000001,54103.0,59.741121805509465,0.0,9,9,0,0,9,9,15270,0,0,0,0,0
2020-06-07,US,West Virginia,Wirt,4,0,0,39.02775007,-81.37473928,54105.0,68.7167153410067,0.0,4,4,0,0,4,4,5830,0,0,0,0,0
2020-06-07,US,West Virginia,Wood,54,2,0,39.20967886,-81.5162836,54107.0,64.65672070691348,3.703703703703704,52,54,2,0,52,53,84203,0,0,0,0,1
2020-06-07,US,West Virginia,Wyoming,3,0,0,37.612327,-81.54511071,54109.0,14.710208884966164,0.0,3,2,0,0,2,2,20786,1,0,0,1,0
2020-06-07,US,Wisconsin,Adams,5,1,0,43.96974651,-89.76782777,55001.0,24.727992087042534,20.0,4,5,1,0,4,5,20348,0,0,0,0,0
2020-06-07,US,Wisconsin,Ashland,3,0,0,46.31956891,-90.67837132,55003.0,19.27772779848349,0.0,3,3,0,0,3,3,15600,0,0,0,0,0
2020-06-07,US,Wisconsin,Barron,20,0,0,45.42372701,-91.84833627,55005.0,44.204756431792056,0.0,20,20,0,0,20,20,45164,0,0,0,0,0
2020-06-07,US,Wisconsin,Bayfield,3,1,0,46.52868768,-91.19716729,55007.0,19.952114924181963,33.333333333333336,2,3,1,0,2,3,15042,0,0,0,0,0
2020-06-07,US,Wisconsin,Brown,2377,38,0,44.452655299999996,-88.00411844,55009.0,898.5340702043532,1.5986537652503154,2339,2374,38,0,2336,2369,263378,3,0,0,3,5
2020-06-07,US,Wisconsin,Buffalo,6,2,0,44.37835084,-91.75332578,55011.0,46.04404880669172,33.333333333333336,4,6,2,0,4,6,13125,0,0,0,0,0
2020-06-07,US,Wisconsin,Burnett,1,1,0,45.86303537,-92.36711412,55013.0,6.487608667445179,100.0,0,1,1,0,0,1,15392,0,0,0,0,0
2020-06-07,US,Wisconsin,Calumet,80,1,0,44.0816316,-88.21780273,55015.0,159.71570604324302,1.25,79,79,1,0,78,79,50159,1,0,0,1,0
2020-06-07,US,Wisconsin,Chippewa,59,0,0,45.06939744,-91.28068855,55017.0,91.24934269541279,0.0,59,58,0,0,58,58,64135,1,0,0,1,0
2020-06-07,US,Wisconsin,Clark,42,4,0,44.73483377,-90.61207486,55019.0,120.77989302352331,9.523809523809524,38,42,4,0,38,39,34709,0,0,0,0,3
2020-06-07,US,Wisconsin,Columbia,46,1,0,43.46492199,-89.33589004,55021.0,79.95550302440381,2.1739130434782608,45,44,1,0,43,44,57358,2,0,0,2,0
2020-06-07,US,Wisconsin,Crawford,26,0,0,43.23870316,-90.93073686,55023.0,161.18033599900812,0.0,26,26,0,0,26,26,16291,0,0,0,0,0
2020-06-07,US,Wisconsin,Dane,843,29,0,43.06601594,-89.41733797,55025.0,154.1993250349829,3.4400948991696323,814,814,29,0,785,800,542364,29,0,0,29,14
2020-06-07,US,Wisconsin,Dodge,400,4,0,43.41576662,-88.70928178,55027.0,455.3785903755735,1.0,396,395,4,0,391,394,87847,5,0,0,5,1
2020-06-07,US,Wisconsin,Door,39,3,0,44.95856458,-87.30002707,55029.0,140.95706231025008,7.6923076923076925,36,39,3,0,36,39,27610,0,0,0,0,0
2020-06-07,US,Wisconsin,Douglas,20,0,0,46.43222285,-91.91595768,55031.0,46.349942062572424,0.0,20,20,0,0,20,19,43208,0,0,0,0,1
2020-06-07,US,Wisconsin,Dunn,27,0,0,44.94562799,-91.8962481,55033.0,59.51331334861577,0.0,27,27,0,0,27,26,45131,0,0,0,0,1
2020-06-07,US,Wisconsin,Eau Claire,123,0,0,44.726614,-91.28609183,55035.0,117.53913193050856,0.0,123,121,0,0,121,119,104534,2,0,0,2,2
2020-06-07,US,Wisconsin,Florence,2,0,0,45.84963535,-88.39804137,55037.0,46.56577415599534,0.0,2,2,0,0,2,2,4321,0,0,0,0,0
2020-06-07,US,Wisconsin,Fond du Lac,233,6,0,43.75354908,-88.48885325,55039.0,225.33195361836695,2.5751072961373387,227,233,6,0,227,226,103066,0,0,0,0,7
2020-06-07,US,Wisconsin,Forest,33,2,0,45.66678019,-88.77084892,55041.0,366.50377609951136,6.0606060606060606,31,33,2,0,31,34,8991,0,0,0,0,-1
2020-06-07,US,Wisconsin,Grant,98,12,0,42.8671731,-90.7063218,55043.0,190.5169229572892,12.244897959183671,86,98,12,0,86,98,51554,0,0,0,0,0
2020-06-07,US,Wisconsin,Green,71,0,0,42.6794956,-89.60243287,55045.0,192.0995670995671,0.0,71,71,0,0,71,70,36929,0,0,0,0,1
2020-06-07,US,Wisconsin,Green Lake,22,0,0,43.80025981,-89.04679553,55047.0,116.32210648760113,0.0,22,22,0,0,22,22,18918,0,0,0,0,0
2020-06-07,US,Wisconsin,Iowa,17,0,0,43.00050278,-90.13469017,55049.0,71.79660444294281,0.0,17,16,0,0,16,16,23771,1,0,0,1,0
2020-06-07,US,Wisconsin,Iron,2,1,0,46.26302338,-90.24295041,55051.0,35.16792685071215,50.0,1,2,1,0,1,2,5676,0,0,0,0,0
2020-06-07,US,Wisconsin,Jackson,19,1,0,44.31864893,-90.80566792,55053.0,92.04088553020394,5.2631578947368425,18,18,1,0,17,17,20478,1,0,0,1,1
2020-06-07,US,Wisconsin,Jefferson,128,3,0,43.02054068,-88.77529134,55055.0,150.9985961849261,2.34375,125,124,3,0,121,122,85129,4,0,0,4,2
2020-06-07,US,Wisconsin,Juneau,23,1,0,43.92456975,-90.11120239,55057.0,86.18428448308167,4.3478260869565215,22,23,1,0,22,22,26617,0,0,0,0,1
2020-06-07,US,Wisconsin,Kenosha,1274,34,0,42.57639354,-88.04051686,55059.0,751.3520208066715,2.668759811616954,1240,1267,34,0,1233,1259,169290,7,0,0,7,8
2020-06-07,US,Wisconsin,Kewaunee,36,1,0,44.51727459,-87.61468386,55061.0,176.17695996867963,2.7777777777777777,35,36,1,0,35,36,20383,0,0,0,0,0
2020-06-07,US,Wisconsin,La Crosse,69,0,0,43.90632465,-91.11451093,55063.0,58.466648590021684,0.0,69,68,0,0,68,68,118230,1,0,0,1,0
2020-06-07,US,Wisconsin,Lafayette,33,0,0,42.66005229,-90.1317729,55065.0,198.01980198019803,0.0,33,30,0,0,30,29,16665,3,0,0,3,1
2020-06-07,US,Wisconsin,Langlade,4,0,0,45.26271619,-89.07483625,55067.0,20.845275939340247,0.0,4,4,0,0,4,4,19268,0,0,0,0,0
2020-06-07,US,Wisconsin,Lincoln,7,0,0,45.33737523,-89.73411273,55069.0,25.3687529445874,0.0,7,7,0,0,7,7,27689,0,0,0,0,0
2020-06-07,US,Wisconsin,Manitowoc,39,1,0,44.11946801,-87.80928853,55071.0,49.37896456109697,2.5641025641025643,38,39,1,0,38,39,79074,0,0,0,0,0
2020-06-07,US,Wisconsin,Marathon,64,1,0,44.89792533,-89.75863384,55073.0,47.16563983138285,1.5625,63,63,1,0,62,57,135428,1,0,0,1,6
2020-06-07,US,Wisconsin,Marinette,36,3,0,45.38553432,-88.03324599999998,55075.0,89.21933085501858,8.333333333333334,33,33,3,0,30,33,40434,3,0,0,3,0
2020-06-07,US,Wisconsin,Marquette,5,1,0,43.81911946,-89.40073763,55077.0,32.10479003467317,20.0,4,5,1,0,4,5,15434,0,0,0,0,0
2020-06-07,US,Wisconsin,Menominee,3,0,0,45.00422544,-88.70950714,55078.0,65.84723441615452,0.0,3,3,0,0,3,3,4658,0,0,0,0,0
2020-06-07,US,Wisconsin,Milwaukee,8813,326,0,43.00486062,-87.96733172,55079.0,931.8766746393776,3.699080903211165,8487,8688,325,0,8363,8547,948201,125,1,0,124,141
2020-06-07,US,Wisconsin,Monroe,19,1,0,43.94641218,-90.61881899999999,55081.0,41.078416535143674,5.2631578947368425,18,18,1,0,17,18,46051,1,0,0,1,0
2020-06-07,US,Wisconsin,Oconto,42,0,0,45.02715345,-88.26807503,55083.0,110.73029264434484,0.0,42,41,0,0,41,39,37830,1,0,0,1,2
2020-06-07,US,Wisconsin,Oneida,12,0,0,45.70677897,-89.51944105,55085.0,33.712600084281505,0.0,12,12,0,0,12,12,35470,0,0,0,0,0
2020-06-07,US,Wisconsin,Outagamie,270,8,0,44.41578887,-88.46565023,55087.0,143.7049258855151,2.962962962962963,262,263,8,0,255,253,187365,7,0,0,7,10
2020-06-07,US,Wisconsin,Ozaukee,183,13,0,43.38352225,-87.94625009,55089.0,205.1086627587676,7.103825136612022,170,180,13,0,167,177,89147,3,0,0,3,3
2020-06-07,US,Wisconsin,Pepin,1,0,0,44.58307413,-91.99949611,55091.0,13.723068478111706,0.0,1,1,0,0,1,1,7289,0,0,0,0,0
2020-06-07,US,Wisconsin,Pierce,50,0,0,44.71850291,-92.4224416,55093.0,116.94812181316368,0.0,50,50,0,0,50,50,42555,0,0,0,0,0
2020-06-07,US,Wisconsin,Polk,33,1,0,45.46130348,-92.44182875,55095.0,75.37171961720304,3.0303030303030303,32,33,1,0,32,31,43598,0,0,0,0,2
2020-06-07,US,Wisconsin,Portage,35,0,0,44.47558711,-89.50152965,55097.0,49.45458655965636,0.0,35,33,0,0,33,23,70942,2,0,0,2,10
2020-06-07,US,Wisconsin,Price,2,0,0,45.68051754,-90.36098879999999,55099.0,14.980151299528124,0.0,2,2,0,0,2,2,13397,0,0,0,0,0
2020-06-07,US,Wisconsin,Racine,1910,47,0,42.74753117,-88.05941254,55101.0,972.9459887627286,2.4607329842931938,1863,1906,47,0,1859,1878,196584,4,0,0,4,28
2020-06-07,US,Wisconsin,Richland,14,4,0,43.3762778,-90.43012729,55103.0,81.1500115928588,28.57142857142857,10,14,4,0,10,14,17377,0,0,0,0,0
2020-06-07,US,Wisconsin,Rock,685,21,0,42.67151616,-89.07147900000002,55105.0,419.33469642616654,3.0656934306569337,664,685,21,0,664,682,163129,0,0,0,0,3
2020-06-07,US,Wisconsin,Rusk,5,0,0,45.47498854,-91.1333012,55107.0,35.265904923120324,0.0,5,5,0,0,5,5,14147,0,0,0,0,0
2020-06-07,US,Wisconsin,Sauk,83,3,0,43.42574087,-89.94966132,55111.0,128.79798888923372,3.614457831325301,80,81,3,0,78,81,64249,2,0,0,2,0
2020-06-07,US,Wisconsin,Sawyer,8,0,0,45.87931905,-91.14504927,55113.0,48.31501389056649,0.0,8,8,0,0,8,8,16489,0,0,0,0,0
2020-06-07,US,Wisconsin,Shawano,56,0,0,44.78902246,-88.76443896,55115.0,136.9226631457982,0.0,56,56,0,0,56,53,40796,0,0,0,0,3
2020-06-07,US,Wisconsin,Sheboygan,114,3,0,43.72099677,-87.94579284,55117.0,98.83821744407837,2.631578947368421,111,111,3,0,108,105,115456,3,0,0,3,6
2020-06-07,US,Wisconsin,St. Croix,105,0,0,45.03437474,-92.45000068,55109.0,115.7828575209236,0.0,105,105,0,0,105,102,89694,0,0,0,0,3
2020-06-07,US,Wisconsin,Taylor,2,0,0,45.21179252,-90.5004405,55119.0,9.83139163348572,0.0,2,2,0,0,2,2,20412,0,0,0,0,0
2020-06-07,US,Wisconsin,Trempealeau,40,0,0,44.30360275,-91.35893614,55121.0,134.9118014098283,0.0,40,38,0,0,38,32,29442,2,0,0,2,6
2020-06-07,US,Wisconsin,Vernon,21,0,0,43.59422667,-90.8324691,55123.0,68.13315164492894,0.0,21,21,0,0,21,21,30785,0,0,0,0,0
2020-06-07,US,Wisconsin,Vilas,8,0,0,46.05467334,-89.51719204,55125.0,36.044154088758724,0.0,8,8,0,0,8,8,21938,0,0,0,0,0
2020-06-07,US,Wisconsin,Walworth,435,17,0,42.66858202,-88.54163073,55127.0,418.80078561250815,3.9080459770114944,418,435,17,0,418,428,103718,0,0,0,0,7
2020-06-07,US,Wisconsin,Washburn,3,0,0,45.89838588,-91.79050449,55129.0,19.083969465648856,0.0,3,3,0,0,3,2,15878,0,0,0,0,1
2020-06-07,US,Wisconsin,Washington,277,9,0,43.36863664,-88.22974712,55131.0,203.625564197186,3.249097472924188,268,277,9,0,268,272,135693,0,0,0,0,5
2020-06-07,US,Wisconsin,Waukesha,808,33,0,43.01833055,-88.30431188,55133.0,199.9020282138952,4.084158415841584,775,795,32,0,763,778,403072,13,1,0,12,17
2020-06-07,US,Wisconsin,Waupaca,57,1,0,44.47068056,-88.96534501,55135.0,111.7866248283977,1.7543859649122806,56,51,1,0,50,49,51128,6,0,0,6,2
2020-06-07,US,Wisconsin,Waushara,10,0,0,44.11324419,-89.24317107,55137.0,40.911508407314976,0.0,10,10,0,0,10,10,24263,0,0,0,0,0
2020-06-07,US,Wisconsin,Winnebago,385,7,0,44.06886922,-88.64477096,55139.0,223.95830303594383,1.818181818181818,378,354,7,0,347,334,171020,31,0,0,31,20
2020-06-07,US,Wisconsin,Wood,11,1,0,44.45537896,-90.04158336,55141.0,15.068699571227008,9.090909090909092,10,11,1,0,10,11,73055,0,0,0,0,0
2020-06-07,US,Wyoming,Albany,26,0,0,41.65498705,-105.72354150000001,56001.0,66.87242798353911,0.0,26,26,0,0,26,26,38601,0,0,0,0,0
2020-06-07,US,Wyoming,Big Horn,8,0,0,44.52405055,-107.9960365,56003.0,67.85411365564038,0.0,8,6,0,0,6,6,11881,2,0,0,2,0
2020-06-07,US,Wyoming,Campbell,32,0,0,44.24886082,-105.54744040000001,56005.0,69.05332211216849,0.0,32,32,0,0,32,32,46140,0,0,0,0,0
2020-06-07,US,Wyoming,Carbon,16,0,0,41.69357844,-106.9326084,56007.0,108.10810810810813,0.0,16,16,0,0,16,16,14971,0,0,0,0,0
2020-06-07,US,Wyoming,Converse,24,0,0,42.97272268,-105.5081848,56009.0,173.63623209376357,0.0,24,24,0,0,24,24,13640,0,0,0,0,0
2020-06-07,US,Wyoming,Crook,5,0,0,44.58855102,-104.56977049999999,56011.0,65.92827004219409,0.0,5,5,0,0,5,5,7450,0,0,0,0,0
2020-06-07,US,Wyoming,Fremont,295,0,0,43.04183996,-108.6296893,56013.0,751.3817783551108,0.0,295,295,0,0,295,289,39531,0,0,0,0,6
2020-06-07,US,Wyoming,Goshen,5,0,0,42.08798185,-104.3534743,56015.0,37.847248505033676,0.0,5,5,0,0,5,5,13376,0,0,0,0,0
2020-06-07,US,Wyoming,Hot Springs,12,0,0,43.71930657,-108.44231740000001,56017.0,271.92386131883075,0.0,12,12,0,0,12,12,4555,0,0,0,0,0
2020-06-07,US,Wyoming,Johnson,18,1,0,44.04057166,-106.58451740000001,56019.0,213.14387211367676,5.5555555555555545,17,18,1,0,17,18,8460,0,0,0,0,0
2020-06-07,US,Wyoming,Laramie,188,0,0,41.30702520000001,-104.6887497,56021.0,188.94472361809045,0.0,188,188,0,0,188,188,98976,0,0,0,0,0
2020-06-07,US,Wyoming,Lincoln,15,0,0,42.26376367,-110.6563997,56023.0,75.642965204236,0.0,15,15,0,0,15,15,19434,0,0,0,0,0
2020-06-07,US,Wyoming,Natrona,82,0,0,42.96180148,-106.79788500000001,56025.0,102.68226101329859,0.0,82,82,0,0,82,82,79115,0,0,0,0,0
2020-06-07,US,Wyoming,Niobrara,2,0,0,43.05607708,-104.47588959999999,56027.0,84.88964346349746,0.0,2,2,0,0,2,2,2388,0,0,0,0,0
2020-06-07,US,Wyoming,Park,2,0,0,44.52157546,-109.58528249999999,56029.0,6.850722751250258,0.0,2,2,0,0,2,2,29324,0,0,0,0,0
2020-06-07,US,Wyoming,Platte,1,0,0,42.13299116,-104.96633100000001,56031.0,11.914690813773385,0.0,1,1,0,0,1,1,8566,0,0,0,0,0
2020-06-07,US,Wyoming,Sheridan,18,0,0,44.79048913,-106.8862389,56033.0,59.04543217976054,0.0,18,16,0,0,16,16,30233,2,0,0,2,0
2020-06-07,US,Wyoming,Sublette,3,0,0,42.76558279,-109.91309220000001,56035.0,30.515715593530675,0.0,3,3,0,0,3,3,9813,0,0,0,0,0
2020-06-07,US,Wyoming,Sweetwater,32,0,0,41.65943896,-108.8827882,56037.0,75.5732942871313,0.0,32,32,0,0,32,32,43051,0,0,0,0,0
2020-06-07,US,Wyoming,Teton,100,0,0,43.93522482,-110.5890801,56039.0,426.1847937265599,0.0,100,100,0,0,100,100,23081,0,0,0,0,0
2020-06-07,US,Wyoming,Uinta,23,0,0,41.2878183,-110.54757820000002,56041.0,113.71502027093841,0.0,23,19,0,0,19,19,20299,4,0,0,4,0
2020-06-07,US,Wyoming,Unassigned,0,16,0,0.0,0.0,90056.0,0.0,0.0,-16,0,16,0,-16,0,,0,0,0,0,0
2020-06-07,US,Wyoming,Washakie,39,0,0,43.90451606,-107.68018700000002,56043.0,499.6796925048046,0.0,39,39,0,0,39,39,7885,0,0,0,0,0
2020-06-07,US,Wyoming,Weston,1,0,0,43.83961191,-104.56748809999999,56045.0,14.436263894903998,0.0,1,1,0,0,1,1,6967,0,0,0,0,0
