Date,Country/Region,Province/State,Admin2,Confirmed,Deaths,Recovered,Latitude,Longitude,FIPS,Incidence_Rate,Case-Fatality_Ratio,Active Cases,Previous Confirmed,Previous Deaths,Previous Recovered,Previous Active,Prev2 Confirmed,Population,Daily Confirmed,Daily Deaths,Daily Recovered,Daily Active,Previous Daily Confirmed
2020-10-08,US,Alabama,Autauga,1863,28,0,32.53952745,-86.64408227,1001.0,3334.5862642968373,1.5029522275899088,1835,1852,27,0,1825,1839,55601,11,1,0,10,13
2020-10-08,US,Alabama,Baldwin,6141,64,0,30.72774991,-87.72207058,1003.0,2750.925038300617,1.0421755414427618,6077,6134,56,0,6078,6116,218022,7,8,0,-1,18
2020-10-08,US,Alabama,Barbour,927,9,0,31.868263,-85.3871286,1005.0,3755.164870776959,0.9708737864077671,918,927,7,0,920,923,24881,0,2,0,-2,4
2020-10-08,US,Alabama,Bibb,708,12,0,32.99642064,-87.12511459999996,1007.0,3161.5611324461906,1.6949152542372878,696,703,10,0,693,691,22400,5,2,0,3,12
2020-10-08,US,Alabama,Blount,1681,16,0,33.98210918,-86.56790593,1009.0,2906.9968526268462,0.9518143961927424,1665,1673,16,0,1657,1665,57840,8,0,0,8,8
2020-10-08,US,Alabama,Bullock,619,16,0,32.10030533,-85.71265535,1011.0,6128.106128106128,2.5848142164781907,603,618,16,0,602,616,10138,1,0,0,1,2
2020-10-08,US,Alabama,Butler,932,40,0,31.75300095,-86.68057478,1013.0,4792.2665569724395,4.291845493562231,892,933,40,0,893,928,19680,-1,0,0,-1,5
2020-10-08,US,Alabama,Calhoun,3752,45,0,33.77483727,-85.82630386,1015.0,3302.671537344307,1.199360341151386,3707,3743,45,0,3698,3730,114277,9,0,0,9,13
2020-10-08,US,Alabama,Chambers,1222,43,0,32.91360079,-85.39072749,1017.0,3674.745895230649,3.5188216039279867,1179,1211,43,0,1168,1210,33615,11,0,0,11,1
2020-10-08,US,Alabama,Cherokee,654,13,0,34.17805983,-85.60638968,1019.0,2496.564360971141,1.9877675840978597,641,651,13,0,638,644,26032,3,0,0,3,7
2020-10-08,US,Alabama,Chilton,1684,30,0,32.85044126,-86.7173256,1021.0,3790.402448906095,1.7814726840855106,1654,1679,30,0,1649,1672,44153,5,0,0,5,7
2020-10-08,US,Alabama,Choctaw,369,12,0,32.02227341,-88.26564429999998,1023.0,2931.130351894511,3.2520325203252027,357,368,12,0,356,367,12841,1,0,0,1,1
2020-10-08,US,Alabama,Clarke,1184,16,0,31.68099859,-87.83548597,1025.0,5012.27669122005,1.351351351351351,1168,1166,16,0,1150,1158,23920,18,0,0,18,8
2020-10-08,US,Alabama,Clay,627,9,0,33.26984193,-85.85836077,1027.0,4737.438609746883,1.4354066985645932,618,623,9,0,614,614,13275,4,0,0,4,9
2020-10-08,US,Alabama,Cleburne,449,6,0,33.67679204,-85.52005899,1029.0,3011.40174379611,1.33630289532294,443,448,6,0,442,436,14987,1,0,0,1,12
2020-10-08,US,Alabama,Coffee,1497,6,0,31.39932826,-85.98901039,1031.0,2860.0359176187385,0.4008016032064128,1491,1486,5,0,1481,1482,51909,11,1,0,10,4
2020-10-08,US,Alabama,Colbert,1771,27,0,34.69847452,-87.80168544,1033.0,3205.9521007946996,1.5245623941276114,1744,1765,26,0,1739,1755,54762,6,1,0,5,10
2020-10-08,US,Alabama,Conecuh,542,12,0,31.43401703,-86.99320044,1035.0,4491.588630148339,2.2140221402214024,530,540,12,0,528,540,12277,2,0,0,2,0
2020-10-08,US,Alabama,Coosa,183,3,0,32.93690146,-86.24847739,1037.0,1716.2149488886805,1.639344262295082,180,180,3,0,177,179,10715,3,0,0,3,1
2020-10-08,US,Alabama,Covington,1514,28,0,31.247785399999998,-86.45050893,1039.0,4086.480066938379,1.8494055482166447,1486,1495,28,0,1467,1486,36986,19,0,0,19,9
2020-10-08,US,Alabama,Crenshaw,554,30,0,31.72941803,-86.31593104,1041.0,4022.6546616322976,5.415162454873647,524,554,30,0,524,550,13824,0,0,0,0,4
2020-10-08,US,Alabama,Cullman,2001,21,0,34.13020303,-86.86888037,1043.0,2388.7403304364434,1.0494752623688155,1980,1997,21,0,1976,1978,83442,4,0,0,4,19
2020-10-08,US,Alabama,Dale,1527,48,0,31.43037123,-85.61095742,1045.0,3105.425852110957,3.1434184675834973,1479,1526,48,0,1478,1521,48956,1,0,0,1,5
2020-10-08,US,Alabama,Dallas,1817,26,0,32.32688101,-87.10866709999998,1047.0,4884.933863856329,1.4309301045679692,1791,1815,26,0,1789,1809,38310,2,0,0,2,6
2020-10-08,US,Alabama,DeKalb,2709,23,0,34.45946862,-85.80782906,1049.0,3788.122439276775,0.8490217792543374,2686,2700,21,0,2679,2649,71385,9,2,0,7,51
2020-10-08,US,Alabama,Elmore,2889,50,0,32.59785413,-86.14415284,1051.0,3557.487470600549,1.7307026652821045,2839,2874,50,0,2824,2844,81887,15,0,0,15,30
2020-10-08,US,Alabama,Escambia,1670,27,0,31.1256789,-87.15918694,1053.0,4558.73119864603,1.6167664670658684,1643,1662,27,0,1635,1653,36748,8,0,0,8,9
2020-10-08,US,Alabama,Etowah,3726,45,0,34.04567266,-86.04051873,1055.0,3643.368404584033,1.207729468599034,3681,3726,45,0,3681,3699,102501,0,0,0,0,27
2020-10-08,US,Alabama,Fayette,490,10,0,33.72076938,-87.73886638,1057.0,3005.7661636609005,2.0408163265306123,480,490,10,0,480,490,16433,0,0,0,0,0
2020-10-08,US,Alabama,Franklin,1871,30,0,34.44235334,-87.84289505,1059.0,5965.818506472801,1.6034206306787817,1841,1868,30,0,1838,1856,31363,3,0,0,3,12
2020-10-08,US,Alabama,Geneva,765,6,0,31.09389027,-85.83572839,1061.0,2911.956149366221,0.7843137254901961,759,763,6,0,757,744,26314,2,0,0,2,19
2020-10-08,US,Alabama,Greene,313,15,0,32.85504247,-87.95684022,1063.0,3858.956972013315,4.792332268370607,298,311,15,0,296,310,8233,2,0,0,2,1
2020-10-08,US,Alabama,Hale,682,28,0,32.76039258,-87.63284988,1065.0,4654.972356835711,4.10557184750733,654,679,28,0,651,676,14726,3,0,0,3,3
2020-10-08,US,Alabama,Henry,579,5,0,31.51148016,-85.24267944,1067.0,3365.300784655624,0.8635578583765112,574,574,5,0,569,570,17209,5,0,0,5,4
2020-10-08,US,Alabama,Houston,3428,25,0,31.15197924,-85.29939599,1069.0,3237.566347443381,0.7292882147024504,3403,3412,25,0,3387,3384,104722,16,0,0,16,28
2020-10-08,US,Alabama,Jackson,1745,12,0,34.78144169,-85.99750489,1071.0,3380.0798047495455,0.6876790830945558,1733,1735,12,0,1723,1705,51736,10,0,0,10,30
2020-10-08,US,Alabama,Jefferson,20965,359,0,33.55554728,-86.89506300000002,1073.0,3183.3980439526067,1.7123777724779394,20606,20938,353,0,20585,20842,659300,27,6,0,21,96
2020-10-08,US,Alabama,Lamar,404,3,0,33.77995024,-88.09668032,1075.0,2926.475914523723,0.7425742574257426,401,402,2,0,400,403,13844,2,1,0,1,-1
2020-10-08,US,Alabama,Lauderdale,1880,37,0,34.90171875,-87.65624729,1077.0,2027.4132148518802,1.9680851063829787,1843,1862,37,0,1825,1851,92387,18,0,0,18,11
2020-10-08,US,Alabama,Lawrence,689,26,0,34.52041498,-87.31069453,1079.0,2092.6983355606853,3.7735849056603774,663,685,26,0,659,676,32957,4,0,0,4,9
2020-10-08,US,Alabama,Lee,6243,64,0,32.60154883,-85.35132246,1081.0,3794.168054356943,1.0251481659458594,6179,6218,63,0,6155,6173,163941,25,1,0,24,45
2020-10-08,US,Alabama,Limestone,2396,23,0,34.81185586,-86.98310072,1083.0,2422.281757064146,0.959933222036728,2373,2368,22,0,2346,2330,96174,28,1,0,27,38
2020-10-08,US,Alabama,Lowndes,672,27,0,32.1597283,-86.65158371,1085.0,6909.3152375077125,4.017857142857143,645,669,27,0,642,666,9974,3,0,0,3,3
2020-10-08,US,Alabama,Macon,503,18,0,32.38759944,-85.69267724,1087.0,2783.927385432809,3.5785288270377733,485,501,18,0,483,496,18439,2,0,0,2,5
2020-10-08,US,Alabama,Madison,8375,83,0,34.76327133,-86.55069633,1089.0,2245.8562276587586,0.9910447761194029,8292,8332,80,0,8252,8316,366519,43,3,0,40,16
2020-10-08,US,Alabama,Marengo,757,20,0,32.24767634,-87.78796182,1091.0,4013.147431479616,2.6420079260237785,737,754,20,0,734,751,19066,3,0,0,3,3
2020-10-08,US,Alabama,Marion,1015,29,0,34.13697363,-87.88704173,1093.0,3416.473122622774,2.8571428571428568,986,1009,29,0,980,1006,29763,6,0,0,6,3
2020-10-08,US,Alabama,Marshall,4083,45,0,34.36975964,-86.30486727,1095.0,4219.1084382168765,1.1021307861866274,4038,4064,45,0,4019,4048,96109,19,0,0,19,16
2020-10-08,US,Alabama,Mobile,13829,308,0,30.78472347,-88.20842409,1097.0,3346.724425836742,2.2272037023645956,13521,13811,307,0,13504,13778,413757,18,1,0,17,33
2020-10-08,US,Alabama,Monroe,601,9,0,31.56729412,-87.36995001,1099.0,2898.760430231997,1.4975041597337768,592,598,9,0,589,598,21067,3,0,0,3,0
2020-10-08,US,Alabama,Montgomery,9107,188,0,32.2206831,-86.20969272,1101.0,4020.999090451507,2.06434610738992,8919,9083,188,0,8895,9061,225763,24,0,0,24,22
2020-10-08,US,Alabama,Morgan,3551,33,0,34.45500589,-86.85475946,1103.0,2967.1036689811913,0.9293156857223316,3518,3536,31,0,3505,3503,119089,15,2,0,13,33
2020-10-08,US,Alabama,Perry,547,6,0,32.64048341,-87.29770589,1105.0,6130.225260562592,1.0968921389396709,541,546,6,0,540,544,9140,1,0,0,1,2
2020-10-08,US,Alabama,Pickens,697,15,0,33.28094866,-88.08818103,1107.0,3497.2403411941805,2.152080344332855,682,688,15,0,673,687,19938,9,0,0,9,1
2020-10-08,US,Alabama,Pike,1254,12,0,31.80396383,-85.9408295,1109.0,3786.917919913028,0.9569377990430622,1242,1246,12,0,1234,1245,33338,8,0,0,8,1
2020-10-08,US,Alabama,Randolph,723,13,0,33.29526734,-85.45708831,1111.0,3181.9382096646423,1.798063623789765,710,716,13,0,703,709,22725,7,0,0,7,7
2020-10-08,US,Alabama,Russell,1832,3,0,32.28725256,-85.18415324,1113.0,3160.746018874761,0.16375545851528386,1829,1834,3,0,1831,1823,57781,-2,0,0,-2,11
2020-10-08,US,Alabama,Shelby,6497,56,0,33.26879845,-86.66232561,1117.0,2984.3547601767555,0.8619362782822841,6441,6485,56,0,6429,6448,215707,12,0,0,12,37
2020-10-08,US,Alabama,St. Clair,2521,38,0,33.71902176,-86.31029372,1115.0,2816.382161051032,1.5073383577945259,2483,2510,38,0,2472,2491,88690,11,0,0,11,19
2020-10-08,US,Alabama,Sumter,443,21,0,32.59117397,-88.19916205,1119.0,3564.8185402752074,4.7404063205417595,422,443,21,0,422,441,12691,0,0,0,0,2
2020-10-08,US,Alabama,Talladega,2306,32,0,33.37823223,-86.16886178,1121.0,2883.292905549026,1.3876843018213356,2274,2291,31,0,2260,2266,79828,15,1,0,14,25
2020-10-08,US,Alabama,Tallapoosa,1211,85,0,32.86698258,-85.79833053,1123.0,2999.9752272896167,7.018992568125516,1126,1209,85,0,1124,1201,40497,2,0,0,2,8
2020-10-08,US,Alabama,Tuscaloosa,9364,124,0,33.28726072,-87.52556818,1125.0,4472.7854601036515,1.3242204186245194,9240,9352,121,0,9231,9291,208911,12,3,0,9,61
2020-10-08,US,Alabama,Walker,2493,89,0,33.80270512,-87.30027177,1127.0,3924.686324207743,3.569995988768552,2404,2472,89,0,2383,2448,63711,21,0,0,21,24
2020-10-08,US,Alabama,Washington,588,12,0,31.4092794,-88.20689944,1129.0,3601.617052554208,2.0408163265306123,576,587,12,0,575,584,16378,1,0,0,1,3
2020-10-08,US,Alabama,Wilcox,548,11,0,31.98773215,-87.30891118,1131.0,5282.946110093512,2.0072992700729926,537,540,11,0,529,539,10627,8,0,0,8,1
2020-10-08,US,Alabama,Winston,796,12,0,34.15030532,-87.37325922,1133.0,3368.741800330103,1.5075376884422111,784,788,12,0,776,773,23660,8,0,0,8,15
2020-10-08,US,Alaska,Aleutians East,5,0,0,55.32222414,-161.9722021,2013.0,149.8351813005694,0.0,5,5,0,0,5,5,3515,0,0,0,0,0
2020-10-08,US,Alaska,Aleutians West,5,0,0,52.3233,-174.1596,2016.0,88.74689385871494,0.0,5,5,0,0,5,8,5723,0,0,0,0,-3
2020-10-08,US,Alaska,Anchorage,5053,38,0,61.14998174,-149.14269860000005,2020.0,1754.513888888889,0.7520284979220265,5015,4998,37,0,4961,4929,291538,55,1,0,54,69
2020-10-08,US,Alaska,Bethel,150,1,0,60.90980451,-159.8561831,2050.0,815.8381377134776,0.6666666666666666,149,138,1,0,137,137,18216,12,0,0,12,1
2020-10-08,US,Alaska,Bristol Bay,10,0,0,58.74513976,-156.701064,2060.0,1196.1722488038274,0.0,10,10,0,0,10,10,877,0,0,0,0,0
2020-10-08,US,Alaska,Denali,11,0,0,63.67264044,-150.0076108,2068.0,524.5588936576062,0.0,11,11,0,0,11,10,2059,0,0,0,0,1
2020-10-08,US,Alaska,Dillingham,10,0,0,59.79603738,-158.23819419999995,2070.0,203.41741253051262,0.0,10,10,0,0,10,10,5000,0,0,0,0,0
2020-10-08,US,Alaska,Fairbanks North Star,1415,11,0,64.80726247,-146.5692662,2090.0,1461.037284845481,0.7773851590106007,1404,1389,11,0,1378,1356,98971,26,0,0,26,33
2020-10-08,US,Alaska,Haines,5,0,0,59.09893571,-135.4679843,2100.0,197.6284584980237,0.0,5,5,0,0,5,5,2474,0,0,0,0,0
2020-10-08,US,Alaska,Juneau,306,2,0,58.45031811,-134.200436,2110.0,957.0275849127416,0.6535947712418301,304,306,2,0,304,304,32113,0,0,0,0,2
2020-10-08,US,Alaska,Kenai Peninsula,484,3,0,60.24429722,-151.53888840000005,2122.0,824.4191592287253,0.6198347107438017,481,475,3,0,472,472,58533,9,0,0,9,3
2020-10-08,US,Alaska,Ketchikan Gateway,51,0,0,55.57445008,-130.975561,2130.0,366.8800805697432,0.0,51,50,0,0,50,50,13918,1,0,0,1,0
2020-10-08,US,Alaska,Kodiak Island,39,0,0,57.65529415,-153.7493579,2150.0,300.04616094783813,0.0,39,37,0,0,37,36,13345,2,0,0,2,1
2020-10-08,US,Alaska,Kusilvak,15,0,0,62.15429159999999,-163.39678830000003,2158.0,180.418571084917,0.0,15,15,0,0,15,15,8303,0,0,0,0,0
2020-10-08,US,Alaska,Matanuska-Susitna,693,2,0,62.31305045,-149.5741743,2170.0,639.7887681527369,0.2886002886002886,691,685,2,0,683,683,107610,8,0,0,8,2
2020-10-08,US,Alaska,Nome,98,0,0,64.90320724,-164.0353804,2180.0,979.6081567373053,0.0,98,96,0,0,96,84,10008,2,0,0,2,12
2020-10-08,US,Alaska,North Slope,155,0,0,69.31479216,-153.4836093,2185.0,1576.4849471114728,0.0,155,150,0,0,150,150,9872,5,0,0,5,0
2020-10-08,US,Alaska,Northwest Arctic,145,0,0,67.04919196,-159.7503946,2188.0,1902.6374491536544,0.0,145,143,0,0,143,139,7671,2,0,0,2,4
2020-10-08,US,Alaska,Petersburg,8,1,0,57.13978948,-132.9540995,2195.0,244.94794856093085,12.5,7,8,1,0,7,8,3221,0,0,0,0,0
2020-10-08,US,Alaska,Prince of Wales-Hyder,31,0,0,55.76261984,-133.0511621,2198.0,499.7581815250685,0.0,31,31,0,0,31,31,6422,0,0,0,0,0
2020-10-08,US,Alaska,Sitka,54,0,0,57.24124555,-135.3206587,2220.0,635.8177322500883,0.0,54,54,0,0,54,54,8647,0,0,0,0,0
2020-10-08,US,Alaska,Southeast Fairbanks,34,0,0,63.87692095,-143.2127643,2240.0,493.254025823299,0.0,34,34,0,0,34,34,6918,0,0,0,0,0
2020-10-08,US,Alaska,Unassigned,21,0,0,0.0,0.0,90002.0,0.0,0.0,21,21,0,0,21,21,,0,0,0,0,0
2020-10-08,US,Alaska,Valdez-Cordova,83,0,0,61.47502768,-144.7126799,2261.0,901.9778309063248,0.0,83,80,0,0,80,80,9164,3,0,0,3,0
2020-10-08,US,Alaska,Wrangell,13,0,0,56.3202004,-132.05837309999998,2275.0,519.5843325339728,0.0,13,13,0,0,13,13,2503,0,0,0,0,0
2020-10-08,US,Alaska,Yakutat,25,0,0,59.890980799999994,-140.36014509999998,2282.0,4317.789291882556,0.0,25,25,0,0,25,25,604,0,0,0,0,0
2020-10-08,US,Alaska,Yukon-Koyukuk,86,2,0,65.50815459,-151.39073869999999,2290.0,1644.3594646271508,2.3255813953488373,84,84,2,0,82,83,5327,2,0,0,2,1
2020-10-08,US,Arizona,Apache,3654,166,0,35.39465006,-109.4892383,4001.0,5082.9774507212705,4.542966611932129,3488,3642,165,0,3477,3622,71818,12,1,0,11,20
2020-10-08,US,Arizona,Cochise,1937,73,0,31.87934684,-109.7516088,4003.0,1538.2538396785312,3.7687145069695407,1864,1934,73,0,1861,1928,126770,3,0,0,3,6
2020-10-08,US,Arizona,Coconino,4385,144,0,35.83883429,-111.77071780000001,4005.0,3056.260280465025,3.2839224629418466,4241,4343,144,0,4199,4331,142854,42,0,0,42,12
2020-10-08,US,Arizona,Gila,1487,60,0,33.80190085,-110.8132779,4007.0,2752.786108334259,4.034969737726967,1427,1468,60,0,1408,1463,53889,19,0,0,19,5
2020-10-08,US,Arizona,Graham,907,26,0,32.93166885,-109.8882178,4009.0,2335.4018075546514,2.8665931642778393,881,901,25,0,876,898,38072,6,1,0,5,3
2020-10-08,US,Arizona,Greenlee,60,1,0,33.21498827,-109.2405279,4011.0,631.7119393556537,1.6666666666666667,59,60,1,0,59,60,9483,0,0,0,0,0
2020-10-08,US,Arizona,La Paz,557,15,0,33.72854224,-113.98100290000001,4012.0,2638.809929884404,2.692998204667864,542,554,15,0,539,549,21098,3,0,0,3,5
2020-10-08,US,Arizona,Maricopa,144867,3454,0,33.34835867,-112.49181540000001,4013.0,3229.7353154023244,2.384255903690972,141413,144342,3450,0,140892,143917,4410824,525,4,0,521,425
2020-10-08,US,Arizona,Mohave,4079,228,0,35.70471703,-113.7577902,4015.0,1922.415296374322,5.589605295415543,3851,4075,228,0,3847,4068,209550,4,0,0,4,7
2020-10-08,US,Arizona,Navajo,5871,236,0,35.3997715,-110.3218983,4017.0,5292.813097255778,4.0197581331970715,5635,5848,236,0,5612,5828,110445,23,0,0,23,20
2020-10-08,US,Arizona,Pima,26217,630,0,32.0971334,-111.7890033,4019.0,2503.344381010218,2.403020940611054,25587,26092,629,0,25463,26052,1039073,125,1,0,124,40
2020-10-08,US,Arizona,Pinal,10919,214,0,32.90525627,-111.3449483,4021.0,2359.390564598553,1.9598864364868576,10705,10859,211,0,10648,10810,447138,60,3,0,57,49
2020-10-08,US,Arizona,Santa Cruz,2895,64,0,31.52508998,-110.8479088,4023.0,6226.074239752247,2.2107081174438687,2831,2892,64,0,2828,2895,46511,3,0,0,3,-3
2020-10-08,US,Arizona,Unassigned,0,1,0,0.0,0.0,90004.0,0.0,0.0,-1,0,1,0,-1,0,,0,0,0,0,0
2020-10-08,US,Arizona,Yavapai,2672,84,0,34.59933926,-112.5538588,4025.0,1136.542477849757,3.1437125748502988,2588,2645,84,0,2561,2636,231993,27,0,0,27,9
2020-10-08,US,Arizona,Yuma,12894,347,0,32.76895712,-113.90666740000002,4027.0,6031.236698208965,2.691174189545525,12547,12883,347,0,12536,12877,212128,11,0,0,11,6
2020-10-08,US,Arkansas,Arkansas,527,11,0,34.29145151,-91.37277296,5001.0,3013.839643143086,2.087286527514232,516,498,10,0,488,486,17769,29,1,0,28,12
2020-10-08,US,Arkansas,Ashley,457,12,0,33.19153461,-91.76984709999999,5003.0,2324.871547031592,2.62582056892779,445,455,11,0,444,452,20046,2,1,0,1,3
2020-10-08,US,Arkansas,Baxter,434,3,0,36.28784385,-92.33782872,5005.0,1035.0090622913287,0.6912442396313364,431,420,2,0,418,411,41619,14,1,0,13,9
2020-10-08,US,Arkansas,Benton,7065,98,0,36.33644656,-94.25680817,5007.0,2530.9789676185155,1.3871196036801132,6967,6989,98,0,6891,6958,272608,76,0,0,76,31
2020-10-08,US,Arkansas,Boone,843,24,0,36.3084504,-93.09374925,5009.0,2252.083778585168,2.846975088967972,819,826,20,0,806,824,37480,17,4,0,13,2
2020-10-08,US,Arkansas,Bradley,345,8,0,33.46755808,-92.15980837,5011.0,3205.425996469386,2.318840579710145,337,345,8,0,337,345,10897,0,0,0,0,0
2020-10-08,US,Arkansas,Calhoun,38,0,0,33.55598792,-92.49974403,5013.0,732.3183657737521,0.0,38,37,0,0,37,37,5277,1,0,0,1,0
2020-10-08,US,Arkansas,Carroll,796,11,0,36.34038560000001,-93.54270261,5015.0,2804.7921071176884,1.3819095477386936,785,775,11,0,764,771,28223,21,0,0,21,4
2020-10-08,US,Arkansas,Chicot,1016,22,0,33.26458973,-91.29539209,5017.0,10041.510179877447,2.1653543307086616,994,1015,22,0,993,1014,10438,1,0,0,1,1
2020-10-08,US,Arkansas,Clark,409,4,0,34.04613432,-93.17484713,5019.0,1832.437275985663,0.9779951100244498,405,401,4,0,397,393,22061,8,0,0,8,8
2020-10-08,US,Arkansas,Clay,363,11,0,36.36826212,-90.4148172,5021.0,2494.6739055735,3.0303030303030303,352,352,10,0,342,347,14847,11,1,0,10,5
2020-10-08,US,Arkansas,Cleburne,377,12,0,35.53864922,-92.02640019,5023.0,1512.901801837955,3.1830238726790454,365,372,10,0,362,367,24965,5,2,0,3,5
2020-10-08,US,Arkansas,Cleveland,195,12,0,33.89723187,-92.18537045,5025.0,2450.980392156863,6.153846153846153,183,194,12,0,182,194,8018,1,0,0,1,0
2020-10-08,US,Arkansas,Columbia,595,18,0,33.21230701,-93.22642793,5027.0,2536.556251865115,3.0252100840336134,577,584,18,0,566,579,23537,11,0,0,11,5
2020-10-08,US,Arkansas,Conway,304,3,0,35.26205537,-92.70506566,5029.0,1458.3133454859444,0.986842105263158,301,300,3,0,297,298,20891,4,0,0,4,2
2020-10-08,US,Arkansas,Craighead,3451,28,0,35.83018283,-90.63235729,5031.0,3127.832360511909,0.8113590263691683,3423,3396,28,0,3368,3324,108558,55,0,0,55,72
2020-10-08,US,Arkansas,Crawford,1655,20,0,35.58928601,-94.2446814,5033.0,2616.311238281929,1.2084592145015105,1635,1603,20,0,1583,1589,63406,52,0,0,52,14
2020-10-08,US,Arkansas,Crittenden,2041,48,0,35.21247318,-90.30839406,5035.0,4256.073402147847,2.3517883390494854,1993,2028,48,0,1980,2018,48342,13,0,0,13,10
2020-10-08,US,Arkansas,Cross,498,15,0,35.29631396,-90.77185818,5037.0,3033.0714416225105,3.0120481927710845,483,493,14,0,479,487,16676,5,1,0,4,6
2020-10-08,US,Arkansas,Dallas,174,5,0,33.97042763,-92.65167437,5039.0,2482.5224711085752,2.8735632183908044,169,173,5,0,168,171,7182,1,0,0,1,2
2020-10-08,US,Arkansas,Desha,334,6,0,33.83011025,-91.25500948,5041.0,2939.8820526362115,1.7964071856287425,328,327,6,0,321,326,11512,7,0,0,7,1
2020-10-08,US,Arkansas,Drew,372,7,0,33.59035001,-91.71777921,5043.0,2041.8244689609744,1.8817204301075268,365,368,7,0,361,366,18328,4,0,0,4,2
2020-10-08,US,Arkansas,Faulkner,2831,23,0,35.14719007,-92.33717519,5045.0,2246.700580126501,0.8124337689862241,2808,2795,23,0,2772,2765,124806,36,0,0,36,30
2020-10-08,US,Arkansas,Franklin,362,2,0,35.51202821,-93.89299569,5047.0,2043.4659892746256,0.5524861878453039,360,339,2,0,337,333,17810,23,0,0,23,6
2020-10-08,US,Arkansas,Fulton,213,5,0,36.38177105,-91.81729127,5049.0,1707.1411396970425,2.347417840375587,208,209,5,0,204,204,12269,4,0,0,4,5
2020-10-08,US,Arkansas,Garland,2071,55,0,34.57692074,-93.14921604,5051.0,2083.7944982190647,2.6557218734910677,2016,2055,55,0,2000,2042,99154,16,0,0,16,13
2020-10-08,US,Arkansas,Grant,292,2,0,34.29017991,-92.42320562,5053.0,1598.6860114973997,0.6849315068493149,290,284,2,0,282,282,18188,8,0,0,8,2
2020-10-08,US,Arkansas,Greene,1024,15,0,36.11735460000001,-90.55832668,5055.0,2259.238830667402,1.46484375,1009,995,15,0,980,979,45325,29,0,0,29,16
2020-10-08,US,Arkansas,Hempstead,436,4,0,33.73325583,-93.66935133,5057.0,2024.8931822403863,0.9174311926605504,432,427,4,0,423,412,21741,9,0,0,9,15
2020-10-08,US,Arkansas,Hot Spring,2007,28,0,34.31709259,-92.95396325,5059.0,5942.968819401262,1.3951170901843548,1979,1991,28,0,1963,1957,33701,16,0,0,16,34
2020-10-08,US,Arkansas,Howard,511,12,0,34.09007427,-93.9934871,5061.0,3870.625662778367,2.348336594911937,499,503,12,0,491,504,13341,8,0,0,8,-1
2020-10-08,US,Arkansas,Independence,1269,26,0,35.74242707,-91.57001641,5063.0,3354.923992068738,2.048857368006304,1243,1241,26,0,1215,1232,37678,28,0,0,28,9
2020-10-08,US,Arkansas,Izard,303,1,0,36.09604046,-91.90847954,5065.0,2223.2005282852742,0.33003300330033003,302,296,1,0,295,272,13593,7,0,0,7,24
2020-10-08,US,Arkansas,Jackson,473,2,0,35.59802983,-91.21494602,5067.0,2829.1165739577727,0.4228329809725159,471,470,2,0,468,456,16811,3,0,0,3,14
2020-10-08,US,Arkansas,Jefferson,3672,87,0,34.26767081,-91.92619839,5069.0,5495.031725128696,2.3692810457516345,3585,3611,88,0,3523,3579,68114,61,-1,0,62,32
2020-10-08,US,Arkansas,Johnson,896,7,0,35.56759135,-93.46036368,5071.0,3371.209270825495,0.78125,889,891,7,0,884,889,26742,5,0,0,5,2
2020-10-08,US,Arkansas,Lafayette,132,3,0,33.24116713,-93.60677071,5073.0,1992.753623188405,2.272727272727273,129,128,2,0,126,126,6682,4,1,0,3,2
2020-10-08,US,Arkansas,Lawrence,546,13,0,36.04188196,-91.10867198,5075.0,3328.050713153724,2.380952380952381,533,508,13,0,495,501,16434,38,0,0,38,7
2020-10-08,US,Arkansas,Lee,1087,18,0,34.78498904,-90.78383866,5077.0,12272.778593203115,1.655933762649494,1069,1085,18,0,1067,1083,8985,2,0,0,2,2
2020-10-08,US,Arkansas,Lincoln,2100,17,0,33.95317155,-91.74002806,5079.0,16124.078624078624,0.8095238095238095,2083,2098,16,0,2082,2093,13383,2,1,0,1,5
2020-10-08,US,Arkansas,Little River,378,27,0,33.70375665,-94.23468591,5081.0,3083.4488946896167,7.142857142857142,351,375,27,0,348,374,12326,3,0,0,3,1
2020-10-08,US,Arkansas,Logan,480,2,0,35.21413234,-93.71951016,5083.0,2236.094288642505,0.4166666666666667,478,458,2,0,456,451,21737,22,0,0,22,7
2020-10-08,US,Arkansas,Lonoke,1370,17,0,34.75392199,-91.88742357,5085.0,1868.8019206373026,1.2408759124087592,1353,1354,17,0,1337,1335,73657,16,0,0,16,19
2020-10-08,US,Arkansas,Madison,385,5,0,36.01038185,-93.72524943,5087.0,2322.635135135135,1.2987012987012987,380,382,5,0,377,379,16481,3,0,0,3,3
2020-10-08,US,Arkansas,Marion,112,0,0,36.26844485,-92.68451899,5089.0,670.8997244518989,0.0,112,110,0,0,110,109,16722,2,0,0,2,1
2020-10-08,US,Arkansas,Miller,1005,11,0,33.31403423,-93.89285258,5091.0,2323.323392745683,1.0945273631840795,994,962,11,0,951,944,43592,43,0,0,43,18
2020-10-08,US,Arkansas,Mississippi,1808,53,0,35.76271485,-90.05194370000002,5093.0,4447.615064820054,2.93141592920354,1755,1799,53,0,1746,1789,41239,9,0,0,9,10
2020-10-08,US,Arkansas,Monroe,165,0,0,34.6815935,-91.20540287,5095.0,2462.319056857185,0.0,165,155,0,0,155,149,6900,10,0,0,10,6
2020-10-08,US,Arkansas,Montgomery,170,7,0,34.53704874,-93.65824478,5097.0,1891.8317382595149,4.117647058823529,163,170,6,0,164,170,8924,0,1,0,-1,0
2020-10-08,US,Arkansas,Nevada,241,14,0,33.66340119,-93.30632432,5099.0,2920.504120213281,5.809128630705394,227,238,13,0,225,235,8326,3,1,0,2,3
2020-10-08,US,Arkansas,Newton,264,19,0,35.91947491,-93.21612969,5101.0,3405.1334967109497,7.196969696969697,245,260,19,0,241,259,7805,4,0,0,4,1
2020-10-08,US,Arkansas,Ouachita,288,7,0,33.58839816,-92.87795984,5103.0,1231.7167051578135,2.430555555555556,281,283,7,0,276,281,23606,5,0,0,5,2
2020-10-08,US,Arkansas,Perry,112,0,0,34.945915299999996,-92.94372564,5105.0,1071.2577714012434,0.0,112,106,0,0,106,104,10352,6,0,0,6,2
2020-10-08,US,Arkansas,Phillips,588,15,0,34.43268455,-90.84800154,5107.0,3306.714655269373,2.5510204081632653,573,568,15,0,553,558,18029,20,0,0,20,10
2020-10-08,US,Arkansas,Pike,243,3,0,34.16250414,-93.65789349,5109.0,2267.2140324687443,1.2345679012345678,240,240,3,0,237,239,10673,3,0,0,3,1
2020-10-08,US,Arkansas,Poinsett,763,15,0,35.57433534,-90.66268713,5111.0,3242.9445766746003,1.965923984272608,748,739,15,0,724,731,23974,24,0,0,24,8
2020-10-08,US,Arkansas,Polk,302,4,0,34.48254879,-94.22728802,5113.0,1512.7229012222,1.3245033112582782,298,297,4,0,293,286,20049,5,0,0,5,11
2020-10-08,US,Arkansas,Pope,2332,36,0,35.44871474,-93.03212219,5115.0,3639.65538768885,1.5437392795883362,2296,2286,36,0,2250,2271,64000,46,0,0,46,15
2020-10-08,US,Arkansas,Prairie,174,4,0,34.83624419,-91.55162157,5117.0,2158.273381294964,2.2988505747126435,170,169,4,0,165,166,8074,5,0,0,5,3
2020-10-08,US,Arkansas,Pulaski,10130,169,0,34.77054088,-92.31355101,5119.0,2584.770521878692,1.6683119447186574,9961,10014,165,0,9849,9944,392680,116,4,0,112,70
2020-10-08,US,Arkansas,Randolph,502,23,0,36.3415714,-91.02455531,5121.0,2795.411515758993,4.581673306772909,479,491,23,0,468,484,17948,11,0,0,11,7
2020-10-08,US,Arkansas,Saline,2354,24,0,34.64916145,-92.67583224,5125.0,1922.6214297965485,1.0195412064570943,2330,2307,24,0,2283,2292,121421,47,0,0,47,15
2020-10-08,US,Arkansas,Scott,127,1,0,34.85588887,-94.0632176,5127.0,1235.2883960704212,0.7874015748031497,126,119,1,0,118,117,10319,8,0,0,8,2
2020-10-08,US,Arkansas,Searcy,161,1,0,35.9109364,-92.69936482,5129.0,2042.8879583809162,0.6211180124223602,160,157,1,0,156,154,7958,4,0,0,4,3
2020-10-08,US,Arkansas,Sebastian,4107,67,0,35.19605503,-94.27162713,5131.0,3212.9362341289398,1.6313610908205505,4040,4040,65,0,3975,4007,127753,67,2,0,65,33
2020-10-08,US,Arkansas,Sevier,1221,19,0,33.99780401,-94.2424869,5133.0,7179.396718998059,1.5561015561015559,1202,1218,19,0,1199,1217,17139,3,0,0,3,1
2020-10-08,US,Arkansas,Sharp,265,7,0,36.16258158,-91.47819342,5135.0,1519.3211787639032,2.641509433962264,258,262,7,0,255,258,17366,3,0,0,3,4
2020-10-08,US,Arkansas,St. Francis,1576,8,0,35.02201976,-90.74828138,5123.0,6305.51332319757,0.5076142131979695,1568,1570,8,0,1562,1568,25439,6,0,0,6,2
2020-10-08,US,Arkansas,Stone,373,16,0,35.86251946,-92.15684085,5137.0,2982.568367183752,4.289544235924933,357,373,16,0,357,375,12457,0,0,0,0,-2
2020-10-08,US,Arkansas,Unassigned,1901,0,0,0.0,0.0,90005.0,0.0,0.0,1901,1930,0,0,1930,1866,,-29,0,0,-29,64
2020-10-08,US,Arkansas,Union,983,47,0,33.16887091,-92.59746952,5139.0,2541.233648725505,4.781281790437436,936,960,47,0,913,948,39126,23,0,0,23,12
2020-10-08,US,Arkansas,Van Buren,180,3,0,35.58095779,-92.51295036,5141.0,1087.9419764279241,1.6666666666666667,177,179,3,0,176,179,16603,1,0,0,1,0
2020-10-08,US,Arkansas,Washington,10171,122,0,35.976844,-94.21800746,5143.0,4252.321405427552,1.1994887425031953,10049,10072,121,0,9951,10030,236961,99,1,0,98,42
2020-10-08,US,Arkansas,White,1047,29,0,35.25688493,-91.74908296,5145.0,1329.4731629271264,2.7698185291308497,1018,1013,29,0,984,1001,78727,34,0,0,34,12
2020-10-08,US,Arkansas,Woodruff,65,0,0,35.18902527,-91.2439489,5147.0,1028.481012658228,0.0,65,64,0,0,64,64,6490,1,0,0,1,0
2020-10-08,US,Arkansas,Yell,1288,30,0,35.00292371,-93.41171338,5149.0,6035.331052902862,2.329192546583851,1258,1283,30,0,1253,1271,21535,5,0,0,5,12
2020-10-08,US,California,Alameda,21938,440,0,37.64629437,-121.8929271,6001.0,1312.608110072882,2.0056522928252347,21498,21845,440,0,21405,21809,1666753,93,0,0,93,36
2020-10-08,US,California,Alpine,3,0,0,38.59678594,-119.82235940000001,6003.0,265.72187776793623,0.0,3,3,0,0,3,3,1101,0,0,0,0,0
2020-10-08,US,California,Amador,302,16,0,38.44583082,-120.65696000000001,6005.0,759.7102032602133,5.298013245033113,286,301,16,0,285,299,39383,1,0,0,1,2
2020-10-08,US,California,Butte,2927,45,0,39.66727762,-121.6005252,6007.0,1335.3955088372431,1.5374103177314655,2882,2925,45,0,2880,2910,231256,2,0,0,2,15
2020-10-08,US,California,Calaveras,329,14,0,38.20537103,-120.55291299999999,6009.0,716.6975275024507,4.25531914893617,315,329,14,0,315,324,45602,0,0,0,0,5
2020-10-08,US,California,Colusa,541,6,0,39.17881957,-122.2331726,6011.0,2510.7903652480622,1.1090573012939002,535,540,6,0,534,539,21627,1,0,0,1,1
2020-10-08,US,California,Contra Costa,17420,224,0,37.91923498,-121.9289527,6013.0,1510.1523502721222,1.285878300803674,17196,17365,218,0,17147,17322,1150215,55,6,0,49,43
2020-10-08,US,California,Del Norte,160,1,0,41.74228275,-123.89740630000001,6015.0,575.2912411908527,0.625,159,155,1,0,154,152,27828,5,0,0,5,3
2020-10-08,US,California,El Dorado,1229,4,0,38.77965956,-120.5233166,6017.0,637.3059950322282,0.32546786004882017,1225,1216,4,0,1212,1207,190678,13,0,0,13,9
2020-10-08,US,California,Fresno,29069,406,0,36.75733899,-119.6466953,6019.0,2909.5156545734612,1.3966768722694278,28663,29136,406,0,28730,29136,994400,-67,0,0,-67,0
2020-10-08,US,California,Glenn,621,3,0,39.59875897,-122.3938452,6021.0,2187.158806748142,0.4830917874396135,618,618,3,0,615,609,28047,3,0,0,3,9
2020-10-08,US,California,Humboldt,528,8,0,40.69923009,-123.876044,6023.0,389.5011729296685,1.5151515151515151,520,527,8,0,519,524,136373,1,0,0,1,3
2020-10-08,US,California,Imperial,12145,329,0,33.0393082,-115.36690420000001,6025.0,6701.98383136054,2.7089337175792507,11816,12120,327,0,11793,12109,181827,25,2,0,23,11
2020-10-08,US,California,Inyo,199,15,0,36.51112084,-117.41119779999998,6027.0,1103.1653639336992,7.537688442211055,184,199,15,0,184,197,17987,0,0,0,0,2
2020-10-08,US,California,Kern,32674,387,0,35.34329425,-118.72777959999999,6029.0,3629.6297942017454,1.1844279855542634,32287,32609,387,0,32222,32522,896764,65,0,0,65,87
2020-10-08,US,California,Kings,7948,82,0,36.07409056,-119.8159973,6031.0,5196.809206224663,1.031706089582285,7866,7943,82,0,7861,7932,151366,5,0,0,5,11
2020-10-08,US,California,Lake,599,12,0,39.10124298,-122.75362439999999,6033.0,930.3264684869383,2.003338898163606,587,596,12,0,584,593,64382,3,0,0,3,3
2020-10-08,US,California,Lassen,751,0,0,40.67311306,-120.59350990000002,6035.0,2456.415791711641,0.0,751,748,0,0,748,744,30802,3,0,0,3,4
2020-10-08,US,California,Los Angeles,278665,6726,0,34.30828379,-118.22824109999999,6037.0,2775.7946996680084,2.4136507993468856,271939,277445,6709,0,270736,275856,10105518,1220,17,0,1203,1589
2020-10-08,US,California,Madera,4739,70,0,37.21513971,-119.76655890000002,6039.0,3012.1975249003667,1.4771048744460855,4669,4720,70,0,4650,4718,157672,19,0,0,19,2
2020-10-08,US,California,Marin,6828,124,0,38.07122463,-122.72106310000001,6041.0,2638.0657275544186,1.8160515524311656,6704,6821,123,0,6698,6796,259666,7,1,0,6,25
2020-10-08,US,California,Mariposa,77,2,0,37.57978556,-119.9073334,6043.0,447.5963494739289,2.5974025974025974,75,77,2,0,75,77,17471,0,0,0,0,0
2020-10-08,US,California,Mendocino,1025,21,0,39.4381191,-123.39113130000001,6045.0,1181.5698163667596,2.048780487804878,1004,1021,21,0,1000,1010,87606,4,0,0,4,11
2020-10-08,US,California,Merced,9111,149,0,37.18922369,-120.72090349999999,6047.0,3281.1149524632674,1.635385797387773,8962,9090,149,0,8941,9081,274765,21,0,0,21,9
2020-10-08,US,California,Modoc,28,0,0,41.58965602,-120.7244817,6049.0,316.7062549485352,0.0,28,28,0,0,28,28,8777,0,0,0,0,0
2020-10-08,US,California,Mono,169,2,0,37.93899289,-118.8872409,6051.0,1170.0360011077264,1.183431952662722,167,169,2,0,167,169,14250,0,0,0,0,0
2020-10-08,US,California,Monterey,10475,78,0,36.21862405,-121.24133970000001,6053.0,2413.255279787864,0.7446300715990454,10397,10433,75,0,10358,10402,435594,42,3,0,39,31
2020-10-08,US,California,Napa,1774,13,0,38.50735751,-122.33283899999999,6055.0,1287.896387501452,0.7328072153325818,1761,1770,13,0,1757,1760,139417,4,0,0,4,10
2020-10-08,US,California,Nevada,554,7,0,39.30394768,-120.76272809999999,6057.0,555.3606335522029,1.263537906137184,547,553,7,0,546,550,99696,1,0,0,1,3
2020-10-08,US,California,Orange,55183,1306,0,33.70147516,-117.76459979999998,6059.0,1737.6685144529126,2.366670895022017,53877,55042,1292,0,53750,54898,3185968,141,14,0,127,144
2020-10-08,US,California,Placer,3730,51,0,39.06167234,-120.72405690000001,6061.0,936.411860547437,1.3672922252010724,3679,3710,51,0,3659,3694,393149,20,0,0,20,16
2020-10-08,US,California,Plumas,52,0,0,40.00355989,-120.8395236,6063.0,276.49279523581646,0.0,52,52,0,0,52,52,18804,0,0,0,0,0
2020-10-08,US,California,Riverside,61416,1248,0,33.74314981,-115.9933578,6065.0,2485.928211820383,2.0320437670965217,60168,61133,1247,0,59886,60867,2450758,283,1,0,282,266
2020-10-08,US,California,Sacramento,23420,445,0,38.45106826,-121.34253740000001,6067.0,1508.964226852347,1.9000853970964988,22975,23363,437,0,22926,23245,1540975,57,8,0,49,118
2020-10-08,US,California,San Benito,1374,13,0,36.60308176,-121.069975,6069.0,2187.619411539931,0.9461426491994176,1361,1372,13,0,1359,1371,61537,2,0,0,2,1
2020-10-08,US,California,San Bernardino,57203,974,0,34.84060306,-116.1774685,6071.0,2623.888518108239,1.7027078999353182,56229,56823,967,0,55856,56522,2171603,380,7,0,373,301
2020-10-08,US,California,San Diego,49466,819,0,33.03484597,-116.73653259999999,6073.0,1481.7588434936026,1.65568269114139,48647,49175,813,0,48362,48821,3343364,291,6,0,285,354
2020-10-08,US,California,San Francisco,11551,115,0,37.75215114,-122.43856720000001,6075.0,1310.307197898245,0.9955847978529996,11436,11533,114,0,11419,11505,883305,18,1,0,17,28
2020-10-08,US,California,San Joaquin,20828,473,0,37.93433732,-121.2730061,6077.0,2732.8025527850227,2.270981371231035,20355,20779,473,0,20306,20731,752660,49,0,0,49,48
2020-10-08,US,California,San Luis Obispo,3779,31,0,35.38822029,-120.4039028,6079.0,1334.8121408210914,0.8203228367292935,3748,3755,31,0,3724,3742,284010,24,0,0,24,13
2020-10-08,US,California,San Mateo,10395,154,0,37.422880799999994,-122.32755459999998,6081.0,1356.035237348563,1.4814814814814814,10241,10347,154,0,10193,10309,769545,48,0,0,48,38
2020-10-08,US,California,Santa Barbara,9363,115,0,34.65329488,-120.0188492,6083.0,2096.981180249004,1.2282388123464705,9248,9340,115,0,9225,9319,446527,23,0,0,23,21
2020-10-08,US,California,Santa Clara,22154,354,0,37.23104908,-121.6970462,6085.0,1149.1546031541839,1.5979055701002076,21800,22056,353,0,21703,21978,1937570,98,1,0,97,78
2020-10-08,US,California,Santa Cruz,2535,18,0,37.05580291,-122.0066524,6087.0,927.8475035960954,0.7100591715976331,2517,2527,14,0,2513,2519,274255,8,4,0,4,8
2020-10-08,US,California,Shasta,1268,24,0,40.76391419,-122.0396884,6089.0,704.1314971123945,1.892744479495268,1244,1242,22,0,1220,1158,180040,26,2,0,24,84
2020-10-08,US,California,Sierra,6,0,0,39.57713498,-120.52007009999998,6091.0,199.6672212978369,0.0,6,6,0,0,6,6,2987,0,0,0,0,0
2020-10-08,US,California,Siskiyou,172,0,0,41.59198861,-122.54074340000001,6093.0,395.0481177794621,0.0,172,171,0,0,171,171,43724,1,0,0,1,0
2020-10-08,US,California,Solano,6708,74,0,38.26827353,-121.9357113,6095.0,1498.5155581568347,1.1031604054859871,6634,6658,74,0,6584,6624,446610,50,0,0,50,34
2020-10-08,US,California,Sonoma,8155,126,0,38.52746429,-122.88625060000001,6097.0,1649.6876618332474,1.5450643776824031,8029,8083,126,0,7957,8037,499942,72,0,0,72,46
2020-10-08,US,California,Stanislaus,16886,381,0,37.55862499,-120.9970722,6099.0,3066.502015762903,2.256306999881559,16505,16804,379,0,16425,16767,549815,82,2,0,80,37
2020-10-08,US,California,Sutter,1770,12,0,39.03417539,-121.6945899,6101.0,1825.287972692867,0.6779661016949152,1758,1767,12,0,1755,1763,96807,3,0,0,3,4
2020-10-08,US,California,Tehama,666,7,0,40.12570935,-122.23701709999999,6103.0,1023.2929752320076,1.0510510510510511,659,660,7,0,653,642,63916,6,0,0,6,18
2020-10-08,US,California,Trinity,26,0,0,40.64917670000001,-123.114713,6105.0,211.64021164021165,0.0,26,26,0,0,26,26,12535,0,0,0,0,0
2020-10-08,US,California,Tulare,16634,267,0,36.22026558,-118.8020203,6107.0,3568.034835208443,1.6051460863292053,16367,16607,265,0,16342,16490,465861,27,2,0,25,117
2020-10-08,US,California,Tuolumne,234,4,0,38.02644018,-119.95250929999999,6109.0,429.53118690113433,1.709401709401709,230,233,4,0,229,233,54539,1,0,0,1,0
2020-10-08,US,California,Ventura,13333,157,0,34.44465746,-119.09106129999999,6111.0,1575.9935508731617,1.1775294382359558,13176,13242,154,0,13088,13224,850967,91,3,0,88,18
2020-10-08,US,California,Yolo,2918,56,0,38.68278902,-121.90182879999999,6113.0,1323.3560090702947,1.9191226867717612,2862,2909,56,0,2853,2903,220408,9,0,0,9,6
2020-10-08,US,California,Yuba,1217,10,0,39.26255932,-121.35356440000001,6115.0,1547.007677835969,0.8216926869350862,1207,1211,10,0,1201,1207,78041,6,0,0,6,4
2020-10-08,US,Colorado,Adams,10286,235,0,39.87432092,-104.3362578,8001.0,1987.9363226463558,2.2846587594789036,10051,10136,233,0,9903,10001,511868,150,2,0,148,135
2020-10-08,US,Colorado,Alamosa,258,9,0,37.57250606,-105.7885451,8003.0,1589.3550175568287,3.4883720930232562,249,256,9,0,247,254,16683,2,0,0,2,2
2020-10-08,US,Colorado,Arapahoe,9995,375,0,39.64977461,-104.3353617,8005.0,1522.2589439376168,3.751875937968984,9620,9909,373,0,9536,9851,651215,86,2,0,84,58
2020-10-08,US,Colorado,Archuleta,56,0,0,37.19474156,-107.04768670000001,8007.0,399.17314135006063,0.0,56,57,0,0,57,54,13765,-1,0,0,-1,3
2020-10-08,US,Colorado,Baca,18,0,0,37.31940883,-102.5603223,8009.0,502.65289025411903,0.0,18,18,0,0,18,18,3585,0,0,0,0,0
2020-10-08,US,Colorado,Bent,11,0,0,37.95474293,-103.0720195,8011.0,197.23865877712032,0.0,11,11,0,0,11,11,5882,0,0,0,0,0
2020-10-08,US,Colorado,Boulder,4705,81,0,40.09313619,-105.3546767,8013.0,1442.384333345596,1.7215727948990436,4624,4662,81,0,4581,4628,326078,43,0,0,43,34
2020-10-08,US,Colorado,Broomfield,716,37,0,39.95998787,-105.0566324,8014.0,1016.1072873057547,5.167597765363128,679,708,37,0,671,701,69267,8,0,0,8,7
2020-10-08,US,Colorado,Chaffee,350,20,0,38.74745778,-106.19265729999998,8015.0,1719.3947730398902,5.7142857142857135,330,344,20,0,324,340,20027,6,0,0,6,4
2020-10-08,US,Colorado,Cheyenne,14,0,0,38.82777431,-102.6032558,8017.0,764.6095030038231,0.0,14,14,0,0,14,14,1876,0,0,0,0,0
2020-10-08,US,Colorado,Clear Creek,51,1,0,39.68864463,-105.6463118,8019.0,525.7731958762887,1.96078431372549,50,50,1,0,49,47,9605,1,0,0,1,3
2020-10-08,US,Colorado,Conejos,38,0,0,37.201606,-106.19174879999998,8021.0,463.1322364411944,0.0,38,37,0,0,37,36,8200,1,0,0,1,1
2020-10-08,US,Colorado,Costilla,33,1,0,37.27732493,-105.4276548,8023.0,848.9837921276047,3.0303030303030303,32,33,1,0,32,33,3828,0,0,0,0,0
2020-10-08,US,Colorado,Crowley,74,1,0,38.32608609,-103.7844965,8025.0,1220.9206401583895,1.351351351351351,73,74,1,0,73,74,5858,0,0,0,0,0
2020-10-08,US,Colorado,Custer,18,0,0,38.10883162,-105.3683478,8027.0,355.1696921862668,0.0,18,18,0,0,18,18,4954,0,0,0,0,0
2020-10-08,US,Colorado,Delta,192,3,0,38.86246243,-107.86313419999999,8029.0,616.1350362621141,1.5625,189,192,3,0,189,191,30953,0,0,0,0,1
2020-10-08,US,Colorado,Denver,14298,436,0,39.76018276,-104.87256950000001,8031.0,1966.1418762917506,3.0493775353196253,13862,14135,436,0,13699,14024,716492,163,0,0,163,111
2020-10-08,US,Colorado,Dolores,3,0,0,37.75208676,-108.5211585,8033.0,145.98540145985402,0.0,3,3,0,0,3,3,2074,0,0,0,0,0
2020-10-08,US,Colorado,Douglas,2902,63,0,39.33133796,-104.930001,8035.0,826.4180388091835,2.1709166092350105,2839,2873,61,0,2812,2845,342776,29,2,0,27,28
2020-10-08,US,Colorado,Eagle,1291,10,0,39.62754308,-106.6933637,8037.0,2341.865147749741,0.7745933384972892,1281,1287,10,0,1277,1281,54993,4,0,0,4,6
2020-10-08,US,Colorado,El Paso,7459,182,0,38.83240149,-104.5251411,8041.0,1035.3926899249448,2.4400053626491487,7277,7342,181,0,7161,7284,713856,117,1,0,116,58
2020-10-08,US,Colorado,Elbert,172,3,0,39.28656773,-104.13587209999999,8039.0,643.4958285008793,1.7441860465116281,169,172,3,0,169,170,26282,0,0,0,0,2
2020-10-08,US,Colorado,Fremont,190,1,0,38.47362326,-105.43996670000001,8043.0,397.1654925897281,0.5263157894736842,189,189,1,0,188,189,48021,1,0,0,1,0
2020-10-08,US,Colorado,Garfield,990,5,0,39.59921777,-107.902708,8045.0,1648.3242037262116,0.5050505050505051,985,985,5,0,980,982,59770,5,0,0,5,3
2020-10-08,US,Colorado,Gilpin,19,0,0,39.85646523,-105.5252597,8047.0,304.340861765177,0.0,19,19,0,0,19,19,6121,0,0,0,0,0
2020-10-08,US,Colorado,Grand,108,1,0,40.10603347,-106.11780420000001,8049.0,686.4115927291216,0.925925925925926,107,106,1,0,105,100,15525,2,0,0,2,6
2020-10-08,US,Colorado,Gunnison,298,7,0,38.66611652,-107.0320729,8051.0,1706.5628221280497,2.348993288590604,291,297,7,0,290,297,17246,1,0,0,1,0
2020-10-08,US,Colorado,Hinsdale,3,0,0,37.82247444,-107.3004345,8053.0,365.8536585365854,0.0,3,3,0,0,3,3,811,0,0,0,0,0
2020-10-08,US,Colorado,Huerfano,26,1,0,37.68473101,-104.9612585,8055.0,376.97549659272147,3.8461538461538463,25,25,1,0,24,25,6889,1,0,0,1,0
2020-10-08,US,Colorado,Jackson,9,0,0,40.66593870000001,-106.3408905,8057.0,646.5517241379309,0.0,9,9,0,0,9,9,1399,0,0,0,0,0
2020-10-08,US,Colorado,Jefferson,6316,261,0,39.58635604,-105.2517692,8059.0,1083.5830984369022,4.132362254591514,6055,6222,259,0,5963,6158,580233,94,2,0,92,64
2020-10-08,US,Colorado,Kiowa,1,0,0,38.43260896,-102.7392145,8061.0,71.12375533428165,0.0,1,1,0,0,1,1,1383,0,0,0,0,0
2020-10-08,US,Colorado,Kit Carson,81,3,0,39.30497777,-102.60221990000001,8063.0,1141.32732140341,3.703703703703704,78,81,3,0,78,81,7163,0,0,0,0,0
2020-10-08,US,Colorado,La Plata,282,2,0,37.28632032,-107.8429014,8067.0,501.5919318404155,0.7092198581560284,280,276,2,0,274,269,56310,6,0,0,6,7
2020-10-08,US,Colorado,Lake,103,0,0,39.20278823,-106.35556969999999,8065.0,1267.3803371477788,0.0,103,101,0,0,101,99,7824,2,0,0,2,2
2020-10-08,US,Colorado,Larimer,2935,55,0,40.66671597,-105.4625784,8069.0,822.3615084379614,1.8739352640545144,2880,2900,55,0,2845,2815,350518,35,0,0,35,85
2020-10-08,US,Colorado,Las Animas,27,0,0,37.3153406,-104.03764579999999,8071.0,186.12987729215496,0.0,27,25,0,0,25,25,14503,2,0,0,2,0
2020-10-08,US,Colorado,Lincoln,25,0,0,38.98749519,-103.51366490000001,8073.0,438.5195579722856,0.0,25,22,0,0,22,21,5610,3,0,0,3,1
2020-10-08,US,Colorado,Logan,962,7,0,40.7249637,-103.110817,8075.0,4292.918024008211,0.7276507276507277,955,961,7,0,954,958,21528,1,0,0,1,3
2020-10-08,US,Colorado,Mesa,744,7,0,39.01787888,-108.469799,8077.0,482.4589845016536,0.9408602150537636,737,724,7,0,717,716,153207,20,0,0,20,8
2020-10-08,US,Colorado,Mineral,20,0,0,37.66954283,-106.92816979999999,8079.0,2600.780234070221,0.0,20,20,0,0,20,20,776,0,0,0,0,0
2020-10-08,US,Colorado,Moffat,45,1,0,40.61810999,-108.2070876,8081.0,338.7788903109237,2.2222222222222223,44,45,1,0,44,45,13188,0,0,0,0,0
2020-10-08,US,Colorado,Montezuma,157,5,0,37.33859579,-108.59588570000001,8083.0,599.6257113394187,3.1847133757961785,152,151,5,0,146,150,26158,6,0,0,6,1
2020-10-08,US,Colorado,Montrose,391,13,0,38.40214114,-108.26390220000002,8085.0,914.4487581271339,3.3248081841432224,378,390,13,0,377,388,42214,1,0,0,1,2
2020-10-08,US,Colorado,Morgan,770,48,0,40.26279810000001,-103.8093302,8087.0,2648.9610568322555,6.233766233766234,722,766,48,0,718,765,28558,4,0,0,4,1
2020-10-08,US,Colorado,Otero,107,6,0,37.9014485,-103.7173385,8089.0,585.4032169821644,5.607476635514018,101,107,6,0,101,107,18432,0,0,0,0,0
2020-10-08,US,Colorado,Ouray,30,1,0,38.14717457,-107.7675136,8091.0,605.8158319870761,3.333333333333333,29,30,1,0,29,29,4833,0,0,0,0,1
2020-10-08,US,Colorado,Park,59,1,0,39.120926000000004,-105.7182065,8093.0,313.0803926771027,1.6949152542372878,58,59,1,0,58,59,18556,0,0,0,0,0
2020-10-08,US,Colorado,Phillips,33,0,0,40.59414277,-102.3577703,8095.0,773.7397420867526,0.0,33,33,0,0,33,33,4286,0,0,0,0,0
2020-10-08,US,Colorado,Pitkin,234,2,0,39.21720112,-106.9310027,8097.0,1317.0484606292564,0.8547008547008547,232,230,2,0,228,229,17950,4,0,0,4,1
2020-10-08,US,Colorado,Prowers,96,0,0,37.95544985,-102.3926052,8099.0,788.6953664147223,0.0,96,95,0,0,95,95,12164,1,0,0,1,0
2020-10-08,US,Colorado,Pueblo,1284,37,0,38.17359144,-104.5127437,8101.0,762.3616586709732,2.8816199376947043,1247,1259,37,0,1222,1217,167529,25,0,0,25,42
2020-10-08,US,Colorado,Rio Blanco,26,0,0,39.97913541,-108.2179009,8103.0,411.13219481340917,0.0,26,26,0,0,26,26,6336,0,0,0,0,0
2020-10-08,US,Colorado,Rio Grande,99,2,0,37.5836865,-106.3847838,8105.0,878.6722286322888,2.0202020202020203,97,99,2,0,97,99,11250,0,0,0,0,0
2020-10-08,US,Colorado,Routt,167,8,0,40.48596505,-106.9905548,8107.0,651.3768624697715,4.790419161676646,159,164,8,0,156,164,25733,3,0,0,3,0
2020-10-08,US,Colorado,Saguache,112,2,0,38.08054629,-106.28246599999999,8109.0,1641.26611957796,1.7857142857142858,110,112,2,0,110,112,6843,0,0,0,0,0
2020-10-08,US,Colorado,San Juan,6,0,0,37.76248981,-107.67632890000002,8111.0,824.1758241758242,0.0,6,6,0,0,6,6,762,0,0,0,0,0
2020-10-08,US,Colorado,San Miguel,96,0,0,38.00450883,-108.4020725,8113.0,1173.7376207360312,0.0,96,95,0,0,95,95,8191,1,0,0,1,0
2020-10-08,US,Colorado,Sedgwick,15,1,0,40.87595412,-102.3519227,8115.0,667.2597864768683,6.666666666666668,14,15,1,0,14,15,2303,0,0,0,0,0
2020-10-08,US,Colorado,Summit,505,4,0,39.63803232,-106.1150762,8117.0,1628.4544193995678,0.7920792079207921,501,500,4,0,496,492,31007,5,0,0,5,8
2020-10-08,US,Colorado,Teller,180,4,0,38.88133511,-105.16148929999999,8119.0,708.9963762407435,2.2222222222222223,176,180,4,0,176,179,25083,0,0,0,0,1
2020-10-08,US,Colorado,Washington,69,0,0,39.97015535,-103.202587,8121.0,1405.8679706601467,0.0,69,69,0,0,69,69,4909,0,0,0,0,0
2020-10-08,US,Colorado,Weld,5055,152,0,40.55499405,-104.39296209999999,8123.0,1557.819607263045,3.006923837784372,4903,5024,151,0,4873,4987,314305,31,1,0,30,37
2020-10-08,US,Colorado,Yuma,146,1,0,40.00346839,-102.4258673,8125.0,1457.2312606048508,0.6849315068493149,145,147,1,0,146,143,10020,-1,0,0,-1,4
2020-10-08,US,Connecticut,Fairfield,20701,1425,0,41.26809896,-73.3881171,9001.0,2194.455398523532,6.883725423892566,19276,20612,1425,0,19187,20587,943823,89,0,0,89,25
2020-10-08,US,Connecticut,Hartford,15434,1442,0,41.80283011,-72.73103891,9003.0,1730.8123626250394,9.34300894129843,13992,15341,1440,0,13901,15272,892697,93,2,0,91,69
2020-10-08,US,Connecticut,Litchfield,1916,141,0,41.7937534,-73.2451475,9005.0,1062.4788585561155,7.359081419624218,1775,1915,141,0,1774,1911,181111,1,0,0,1,4
2020-10-08,US,Connecticut,Middlesex,1652,193,0,41.45949668,-72.53714864,9007.0,1017.015932428772,11.682808716707024,1459,1635,193,0,1442,1631,162682,17,0,0,17,4
2020-10-08,US,Connecticut,New Haven,14830,1117,0,41.408032500000004,-72.93620426,9009.0,1734.9960281109134,7.53202966958867,13713,14749,1115,0,13634,14722,857620,81,2,0,79,27
2020-10-08,US,Connecticut,New London,2515,125,0,41.48896435,-72.10430976,9011.0,948.3194196209739,4.970178926441352,2390,2426,124,0,2302,2413,266784,89,1,0,88,13
2020-10-08,US,Connecticut,Tolland,1494,67,0,41.85853803,-72.3308481,9013.0,991.2354615481585,4.4846050870147245,1427,1484,67,0,1417,1477,150921,10,0,0,10,7
2020-10-08,US,Connecticut,Unassigned,109,0,0,0.0,0.0,90009.0,0.0,0.0,109,123,0,0,123,156,,-14,0,0,-14,-33
2020-10-08,US,Connecticut,Windham,1097,17,0,41.82972709,-71.98182316,9015.0,939.3570927026424,1.5496809480401097,1080,1079,17,0,1062,1072,117027,18,0,0,18,7
2020-10-08,US,Delaware,Kent,3183,118,0,39.08646628,-75.56884914,10001.0,1760.6451827022006,3.707194470625197,3065,3178,118,0,3060,3167,178550,5,0,0,5,11
2020-10-08,US,Delaware,New Castle,11297,323,0,39.57992638,-75.64054974,10003.0,2021.8235964728601,2.859166150305391,10974,11216,321,0,10895,11159,559335,81,2,0,79,57
2020-10-08,US,Delaware,Sussex,7112,210,0,38.66143781,-75.39031349,10005.0,3036.396627174725,2.9527559055118107,6902,7066,210,0,6856,7050,229286,46,0,0,46,16
2020-10-08,US,Delaware,Unassigned,90,0,0,0.0,0.0,90010.0,0.0,0.0,90,90,0,0,90,90,,0,0,0,0,0
2020-10-08,US,District of Columbia,District of Columbia,15765,634,0,38.90417773,-77.01655992,11001.0,2233.79700148353,4.021566761814145,15131,15652,631,0,15021,15652,702455,113,3,0,110,0
2020-10-08,US,Florida,Alachua,8733,66,0,29.67866525,-82.35928158,12001.0,3245.949532230907,0.7557540364136036,8667,8642,64,0,8578,8619,269956,91,2,0,89,23
2020-10-08,US,Florida,Baker,1591,14,0,30.33060121,-82.28467476,12003.0,5446.764806573092,0.8799497171590195,1577,1556,14,0,1542,1534,28355,35,0,0,35,22
2020-10-08,US,Florida,Bay,6249,117,0,30.26548745,-85.62122584,12005.0,3576.886751953293,1.8722995679308692,6132,6227,114,0,6113,6215,185287,22,3,0,19,12
2020-10-08,US,Florida,Bradford,1163,9,0,29.95079741,-82.16611613,12007.0,4123.967235204425,0.7738607050730868,1154,1157,9,0,1148,1153,27732,6,0,0,6,4
2020-10-08,US,Florida,Brevard,9657,315,0,28.29409504,-80.73091022,12009.0,1604.3073917420616,3.2618825722274,9342,9568,311,0,9257,9511,596849,89,4,0,85,57
2020-10-08,US,Florida,Broward,78614,1443,0,26.15184651,-80.48725556,12011.0,4025.752031208873,1.835550919683517,77171,78374,1440,0,76934,78136,1951260,240,3,0,237,238
2020-10-08,US,Florida,Calhoun,636,14,0,30.40666734,-85.19394153,12013.0,4509.039347749025,2.2012578616352205,622,634,13,0,621,632,14587,2,1,0,1,2
2020-10-08,US,Florida,Charlotte,3186,142,0,26.90131002,-81.92949121,12015.0,1686.517389232968,4.456999372253611,3044,3175,140,0,3035,3159,184998,11,2,0,9,16
2020-10-08,US,Florida,Citrus,2898,112,0,28.84804315,-82.47614748,12017.0,1936.4279652806085,3.864734299516908,2786,2883,112,0,2771,2863,147929,15,0,0,15,20
2020-10-08,US,Florida,Clay,5383,110,0,29.98319144,-81.85609986,12019.0,2455.16574535238,2.0434701839123166,5273,5351,107,0,5244,5329,216072,32,3,0,29,22
2020-10-08,US,Florida,Collier,13089,232,0,26.11091986,-81.34687065,12021.0,3400.6058685067887,1.7724807089922836,12857,13010,230,0,12780,12961,378488,79,2,0,77,49
2020-10-08,US,Florida,Columbia,3946,62,0,30.22509788,-82.62160164,12023.0,5504.561560137266,1.5712113532691332,3884,3934,61,0,3873,3917,70503,12,1,0,11,17
2020-10-08,US,Florida,DeSoto,1593,27,0,27.18677893,-81.80941373,12027.0,4191.994947501382,1.6949152542372878,1566,1590,27,0,1563,1584,37489,3,0,0,3,6
2020-10-08,US,Florida,Dixie,844,10,0,29.60631086,-83.15724673,12029.0,5016.0465945560445,1.1848341232227488,834,839,10,0,829,839,16700,5,0,0,5,0
2020-10-08,US,Florida,Duval,31500,471,0,30.33225875,-81.66976468,12031.0,3288.9413263308466,1.4952380952380953,31029,31383,452,0,30931,31195,950181,117,19,0,98,188
2020-10-08,US,Florida,Escambia,12588,254,0,30.67652764,-87.37284571,12033.0,3954.560876613177,2.0177947251350488,12334,12551,247,0,12304,12512,315534,37,7,0,30,39
2020-10-08,US,Florida,Flagler,1831,31,0,29.45933576,-81.31508595,12035.0,1591.0532581399189,1.6930638995084653,1800,1812,31,0,1781,1807,112067,19,0,0,19,5
2020-10-08,US,Florida,Franklin,658,4,0,29.83791238,-84.82731662,12037.0,5426.804123711339,0.6079027355623101,654,651,4,0,647,649,11736,7,0,0,7,2
2020-10-08,US,Florida,Gadsden,2940,49,0,30.57796289,-84.61915825,12039.0,6438.896189224704,1.6666666666666667,2891,2921,49,0,2872,2913,45894,19,0,0,19,8
2020-10-08,US,Florida,Gilchrist,522,16,0,29.72856978,-82.79880657,12041.0,2809.170164675493,3.0651340996168583,506,520,16,0,504,520,18256,2,0,0,2,0
2020-10-08,US,Florida,Glades,577,5,0,26.95635849,-81.18996211,12043.0,4177.829266526682,0.8665511265164645,572,553,5,0,548,552,13724,24,0,0,24,1
2020-10-08,US,Florida,Gulf,893,15,0,29.93543004,-85.24270990000002,12045.0,6547.400835838404,1.6797312430011198,878,890,15,0,875,888,16164,3,0,0,3,2
2020-10-08,US,Florida,Hamilton,875,8,0,30.49673973,-82.94998918,12047.0,6064.596617687829,0.9142857142857144,867,873,8,0,865,867,14310,2,0,0,2,6
2020-10-08,US,Florida,Hardee,1431,11,0,27.49293939,-81.80956574,12049.0,5312.395589709322,0.7686932215234102,1420,1423,11,0,1412,1408,27245,8,0,0,8,15
2020-10-08,US,Florida,Hendry,2099,40,0,26.55386945,-81.16469006,12051.0,4995.002617676455,1.905669366364936,2059,2094,40,0,2054,2092,41556,5,0,0,5,2
2020-10-08,US,Florida,Hernando,3291,146,0,28.55364461,-82.42700204,12053.0,1697.0915841584158,4.436341537526586,3145,3277,141,0,3136,3259,190865,14,5,0,9,18
2020-10-08,US,Florida,Highlands,2291,97,0,27.34254618,-81.34071957,12055.0,2156.823980192241,4.2339589698821465,2194,2285,97,0,2188,2265,105424,6,0,0,6,20
2020-10-08,US,Florida,Hillsborough,43578,685,0,27.9276559,-82.32013172,12057.0,2960.5263157894733,1.5718940749919683,42893,43304,675,0,42629,43166,1436888,274,10,0,264,138
2020-10-08,US,Florida,Holmes,781,9,0,30.86747479,-85.81319222,12059.0,3981.2407605648164,1.1523687580025608,772,774,9,0,765,771,19477,7,0,0,7,3
2020-10-08,US,Florida,Indian River,3392,119,0,27.69308961,-80.60556721,12061.0,2121.0207412317177,3.508254716981132,3273,3362,119,0,3243,3346,157413,30,0,0,30,16
2020-10-08,US,Florida,Jackson,2927,82,0,30.795459700000002,-85.21500423,12063.0,6306.2868961951135,2.8015032456440037,2845,2904,79,0,2825,2888,48305,23,3,0,20,16
2020-10-08,US,Florida,Jefferson,576,9,0,30.43669112,-83.89442308,12065.0,4043.240207777622,1.5625,567,570,9,0,561,569,14288,6,0,0,6,1
2020-10-08,US,Florida,Lafayette,1244,13,0,29.98484137,-83.18166636,12067.0,14770.838280693422,1.045016077170418,1231,1243,14,0,1229,1236,8732,1,-1,0,2,7
2020-10-08,US,Florida,Lake,7818,202,0,28.76202069,-81.7125123,12069.0,2129.5605227746937,2.5837810181632133,7616,7770,199,0,7571,7729,356495,48,3,0,45,41
2020-10-08,US,Florida,Lee,21089,479,0,26.58410348,-81.88399313,12071.0,2736.780360690755,2.271326283844658,20610,20944,477,0,20467,20862,754610,145,2,0,143,82
2020-10-08,US,Florida,Leon,11064,90,0,30.45955727,-84.27491114,12073.0,3768.62341696698,0.8134490238611713,10974,10973,86,0,10887,10911,292502,91,4,0,87,62
2020-10-08,US,Florida,Levy,1072,10,0,29.31829741,-82.74007147,12075.0,2582.9458111461818,0.9328358208955224,1062,1063,10,0,1053,1057,40770,9,0,0,9,6
2020-10-08,US,Florida,Liberty,520,8,0,30.23766008,-84.8829258,12077.0,6224.563083552789,1.5384615384615383,512,519,8,0,511,520,8457,1,0,0,1,-1
2020-10-08,US,Florida,Madison,1034,20,0,30.44396917,-83.47398594,12079.0,5591.304818039258,1.9342359767891684,1014,1030,20,0,1010,1026,18529,4,0,0,4,4
2020-10-08,US,Florida,Manatee,11943,300,0,27.47196942,-82.31831044,12081.0,2961.6642653619438,2.5119316754584275,11643,11878,296,0,11582,11848,394855,65,4,0,61,30
2020-10-08,US,Florida,Marion,10075,313,0,29.21227113,-82.05803627,12083.0,2755.9022810391193,3.1066997518610417,9762,10024,311,0,9713,10008,359977,51,2,0,49,16
2020-10-08,US,Florida,Martin,5030,144,0,27.0772071,-80.43109784,12085.0,3124.223602484472,2.862823061630219,4886,5011,142,0,4869,4999,160912,19,2,0,17,12
2020-10-08,US,Florida,Miami-Dade,173721,3387,0,25.6112362,-80.55170587,12086.0,6393.994714642207,1.9496779318562525,170334,173280,3368,0,169912,172849,2761581,441,19,0,422,431
2020-10-08,US,Florida,Monroe,1914,23,0,25.20904673,-81.07812416,12087.0,2578.541790160048,1.2016718913270636,1891,1895,23,0,1872,1886,75027,19,0,0,19,9
2020-10-08,US,Florida,Nassau,2218,48,0,30.61037141,-81.80297522,12089.0,2502.679830747532,2.1641118124436427,2170,2211,48,0,2163,2195,85832,7,0,0,7,16
2020-10-08,US,Florida,Okaloosa,5265,122,0,30.69143028,-86.59267105,12091.0,2498.3628961079635,2.3171889838556505,5143,5232,118,0,5114,5206,207269,33,4,0,29,26
2020-10-08,US,Florida,Okeechobee,1624,30,0,27.386336199999995,-80.88944347,12093.0,3851.261620185922,1.8472906403940887,1594,1614,28,0,1586,1601,41537,10,2,0,8,13
2020-10-08,US,Florida,Orange,41571,495,0,28.51367621,-81.31799498,12095.0,2983.310512310435,1.1907339250920113,41076,41409,491,0,40918,41218,1380645,162,4,0,158,191
2020-10-08,US,Florida,Osceola,12957,170,0,28.06312234,-81.14882926,12097.0,3448.2942161165242,1.3120321061974225,12787,12899,168,0,12731,12846,367990,58,2,0,56,53
2020-10-08,US,Florida,Palm Beach,47525,1416,0,26.64676272,-80.46536002,12099.0,3175.1705338829606,2.979484481851657,46109,47384,1408,0,45976,47244,1485941,141,8,0,133,140
2020-10-08,US,Florida,Pasco,9652,216,0,28.30810945,-82.40227529,12101.0,1742.4049593192126,2.2378781599668462,9436,9569,210,0,9359,9538,539630,83,6,0,77,31
2020-10-08,US,Florida,Pinellas,22822,776,0,27.93130349,-82.72239666,12103.0,2340.727551702776,3.400227850319866,22046,22697,774,0,21923,22603,975280,125,2,0,123,94
2020-10-08,US,Florida,Polk,20814,549,0,27.95027105,-81.69732947,12105.0,2871.779871601886,2.6376477371000293,20265,20687,542,0,20145,20587,708009,127,7,0,120,100
2020-10-08,US,Florida,Putnam,2177,43,0,29.60779729,-81.74230285,12107.0,2921.324190496639,1.9751952227836471,2134,2165,42,0,2123,2160,74163,12,1,0,11,5
2020-10-08,US,Florida,Santa Rosa,5490,80,0,30.69341450000001,-87.02458128,12113.0,2978.62874566634,1.4571948998178506,5410,5477,77,0,5400,5464,179349,13,3,0,10,13
2020-10-08,US,Florida,Sarasota,8518,278,0,27.18546175,-82.33174248,12115.0,1963.8402552669559,3.2636769194646633,8240,8457,271,0,8186,8407,426718,61,7,0,54,50
2020-10-08,US,Florida,Seminole,9343,230,0,28.7158582,-81.24060348,12117.0,1980.1791338332348,2.461736059081665,9113,9309,229,0,9080,9278,467832,34,1,0,33,31
2020-10-08,US,Florida,St. Johns,5618,76,0,29.90096506,-81.43589967,12109.0,2122.6272518437922,1.3527945888216446,5542,5589,75,0,5514,5565,254261,29,1,0,28,24
2020-10-08,US,Florida,St. Lucie,8299,297,0,27.37763908,-80.47106649,12111.0,2527.893949685803,3.5787444270394024,8002,8269,295,0,7974,8245,321128,30,2,0,28,24
2020-10-08,US,Florida,Sumter,2593,75,0,28.70181754,-82.0794267,12119.0,1958.163419423048,2.8924026224450445,2518,2495,73,0,2422,2481,128754,98,2,0,96,14
2020-10-08,US,Florida,Suwannee,2807,73,0,30.19746066,-82.99099670000003,12121.0,6319.652385347952,2.6006412540078374,2734,2795,72,0,2723,2789,44191,12,1,0,11,6
2020-10-08,US,Florida,Taylor,1370,14,0,30.04848048,-83.60445406,12123.0,6351.708470490055,1.0218978102189782,1356,1364,14,0,1350,1361,21623,6,0,0,6,3
2020-10-08,US,Florida,Unassigned,1830,0,0,0.0,0.0,90012.0,0.0,0.0,1830,1821,0,0,1821,1817,,9,0,0,9,4
2020-10-08,US,Florida,Union,1012,23,0,30.04412971,-82.37497443,12125.0,6641.727374155017,2.272727272727273,989,1009,23,0,986,1001,14940,3,0,0,3,8
2020-10-08,US,Florida,Volusia,11325,280,0,29.05858895,-81.18263252,12127.0,2046.8692389441946,2.4724061810154527,11045,11235,271,0,10964,11190,547538,90,9,0,81,45
2020-10-08,US,Florida,Wakulla,1178,11,0,30.16548905,-84.39895211,12129.0,3491.5083434600897,0.933786078098472,1167,1169,10,0,1159,1165,32461,9,1,0,8,4
2020-10-08,US,Florida,Walton,2045,29,0,30.64204028,-86.16935664,12131.0,2760.8645758798993,1.4180929095354524,2016,2034,28,0,2006,2021,71375,11,1,0,10,13
2020-10-08,US,Florida,Washington,1104,24,0,30.61359259,-85.66002461,12133.0,4334.00070663055,2.1739130434782608,1080,1100,24,0,1076,1093,24880,4,0,0,4,7
2020-10-08,US,Georgia,Appling,1087,33,0,31.74847232,-82.28909114,13001.0,5912.107037963669,3.0358785648574056,1054,1080,33,0,1047,1072,18507,7,0,0,7,8
2020-10-08,US,Georgia,Atkinson,452,4,0,31.29633502,-82.87545866,13003.0,5535.823637477036,0.8849557522123894,448,451,4,0,447,449,8297,1,0,0,1,2
2020-10-08,US,Georgia,Bacon,613,14,0,31.55456473,-82.45936528,13005.0,5490.863489788606,2.283849918433932,599,610,14,0,596,609,11185,3,0,0,3,1
2020-10-08,US,Georgia,Baker,85,5,0,31.32669878,-84.44218806,13007.0,2797.8933508887426,5.882352941176472,80,84,4,0,80,84,3092,1,1,0,0,0
2020-10-08,US,Georgia,Baldwin,2177,61,0,33.06882326,-83.24701748,13009.0,4849.632434840722,2.8020211299954063,2116,2165,59,0,2106,2151,44823,12,2,0,10,14
2020-10-08,US,Georgia,Banks,514,8,0,34.35607081,-83.49644388,13011.0,2672.351045024436,1.5564202334630348,506,509,8,0,501,505,18988,5,0,0,5,4
2020-10-08,US,Georgia,Barrow,2342,47,0,33.99148694,-83.71436292,13013.0,2813.5511773185967,2.006831767719897,2295,2325,48,0,2277,2310,80809,17,-1,0,18,15
2020-10-08,US,Georgia,Bartow,3083,89,0,34.23732119,-84.83887523,13015.0,2861.571590339528,2.8867985728186834,2994,3057,88,0,2969,3041,106408,26,1,0,25,16
2020-10-08,US,Georgia,Ben Hill,818,26,0,31.76095874,-83.22145359,13017.0,4898.2035928143705,3.1784841075794623,792,814,26,0,788,812,16787,4,0,0,4,2
2020-10-08,US,Georgia,Berrien,466,12,0,31.27590016,-83.22529920000002,13019.0,2402.4333659844306,2.5751072961373387,454,465,12,0,453,463,19252,1,0,0,1,2
2020-10-08,US,Georgia,Bibb,6215,183,0,32.80904227,-83.70489165,13021.0,4057.8744964383422,2.944489139179405,6032,6195,182,0,6013,6168,153095,20,1,0,19,27
2020-10-08,US,Georgia,Bleckley,443,21,0,32.43829035,-83.33035166,13023.0,3441.311271653849,4.7404063205417595,422,456,21,0,435,452,12838,-13,0,0,-13,4
2020-10-08,US,Georgia,Brantley,358,11,0,31.19576557,-81.97743999,13025.0,1873.462766235805,3.0726256983240225,347,356,10,0,346,354,18897,2,1,0,1,2
2020-10-08,US,Georgia,Brooks,529,26,0,30.83922642,-83.58303423,13027.0,3422.3976192016557,4.914933837429111,503,529,26,0,503,528,15513,0,0,0,0,1
2020-10-08,US,Georgia,Bryan,1197,13,0,32.00979311,-81.44002948,13029.0,3020.6677265500794,1.086048454469507,1184,1191,13,0,1178,1187,38109,6,0,0,6,4
2020-10-08,US,Georgia,Bulloch,2942,29,0,32.39577406,-81.74811421,13031.0,3695.608481559642,0.9857239972807614,2913,2940,28,0,2912,2934,77296,2,1,0,1,6
2020-10-08,US,Georgia,Burke,847,10,0,33.05917989,-81.99928721,13033.0,3784.121878211143,1.180637544273908,837,852,10,0,842,845,22423,-5,0,0,-5,7
2020-10-08,US,Georgia,Butts,711,43,0,33.283094500000004,-83.95435040000002,13035.0,2851.299326275265,6.047819971870606,668,711,43,0,668,704,24193,0,0,0,0,7
2020-10-08,US,Georgia,Calhoun,251,9,0,31.53169785,-84.62725131,13037.0,4055.582485054129,3.585657370517928,242,251,9,0,242,250,6352,0,0,0,0,1
2020-10-08,US,Georgia,Camden,1341,16,0,30.92951916,-81.66601818,13039.0,2453.0786960816595,1.193139448173005,1325,1338,16,0,1322,1331,53677,3,0,0,3,7
2020-10-08,US,Georgia,Candler,480,22,0,32.40209349,-82.07702563,13043.0,4443.210219383504,4.583333333333333,458,478,21,0,457,476,10836,2,1,0,1,2
2020-10-08,US,Georgia,Carroll,2933,70,0,33.58138199,-85.07976677,13045.0,2444.329621974798,2.386634844868735,2863,2909,70,0,2839,2892,118121,24,0,0,24,17
2020-10-08,US,Georgia,Catoosa,1262,19,0,34.89872298,-85.13757014,13047.0,1867.416395383249,1.5055467511885896,1243,1255,20,0,1235,1246,67420,7,-1,0,8,9
2020-10-08,US,Georgia,Charlton,643,9,0,30.78371028,-82.13951596,13049.0,4801.3739545997605,1.3996889580093312,634,642,9,0,633,641,12968,1,0,0,1,1
2020-10-08,US,Georgia,Chatham,8755,172,0,32.00043026,-81.12489526,13051.0,3024.91103202847,1.9645916619074812,8583,8739,170,0,8569,8718,289195,16,2,0,14,21
2020-10-08,US,Georgia,Chattahoochee,1697,1,0,32.34341231,-84.78809239,13053.0,15558.815439625927,0.05892751915144372,1696,1694,1,0,1693,1689,10684,3,0,0,3,5
2020-10-08,US,Georgia,Chattooga,827,23,0,34.47197698,-85.34535662,13055.0,3336.1571664851344,2.7811366384522365,804,822,22,0,800,815,24790,5,1,0,4,7
2020-10-08,US,Georgia,Cherokee,6359,94,0,34.24393976,-84.47431861,13057.0,2457.3661085198223,1.4782198458877185,6265,6335,94,0,6241,6289,254149,24,0,0,24,46
2020-10-08,US,Georgia,Clarke,5271,45,0,33.95436462,-83.37124007,13059.0,4107.347406316479,0.8537279453614115,5226,5249,45,0,5204,5218,127330,22,0,0,22,31
2020-10-08,US,Georgia,Clay,121,3,0,31.62221166,-84.97713865,13061.0,4269.583627381792,2.479338842975207,118,121,3,0,118,121,2887,0,0,0,0,0
2020-10-08,US,Georgia,Clayton,7289,165,0,33.54187245,-84.35594188,13063.0,2494.0463155589623,2.263685004801756,7124,7245,164,0,7081,7182,289615,44,1,0,43,63
2020-10-08,US,Georgia,Clinch,397,11,0,30.91395822,-82.70432472,13065.0,5998.791175581747,2.7707808564231735,386,392,9,0,383,391,6648,5,2,0,3,1
2020-10-08,US,Georgia,Cobb,20294,437,0,33.94243204,-84.5761255,13067.0,2669.7678457023103,2.153345816497487,19857,20224,436,0,19788,20120,756865,70,1,0,69,104
2020-10-08,US,Georgia,Coffee,2130,54,0,31.54892966,-82.85492059999999,13069.0,4922.237885055346,2.5352112676056344,2076,2121,54,0,2067,2102,43093,9,0,0,9,19
2020-10-08,US,Georgia,Colquitt,1954,37,0,31.18810588,-83.7677946,13071.0,4285.087719298245,1.893551688843398,1917,1947,36,0,1911,1935,45592,7,1,0,6,12
2020-10-08,US,Georgia,Columbia,3925,61,0,33.54534185,-82.263524,13073.0,2504.5624513444877,1.5541401273885351,3864,3902,62,0,3840,3883,154291,23,-1,0,24,19
2020-10-08,US,Georgia,Cook,558,14,0,31.16068491,-83.42947229,13075.0,3231.036479444123,2.508960573476702,544,557,14,0,543,555,17162,1,0,0,1,2
2020-10-08,US,Georgia,Coweta,2707,52,0,33.35334302,-84.76129976,13077.0,1822.7851510682847,1.9209456963428149,2655,2699,52,0,2647,2687,145864,8,0,0,8,12
2020-10-08,US,Georgia,Crawford,175,5,0,32.71391813,-83.98061238,13079.0,1410.8352144469532,2.8571428571428568,170,171,5,0,166,171,12318,4,0,0,4,0
2020-10-08,US,Georgia,Crisp,599,19,0,31.92289565,-83.76811843,13081.0,2677.4539603075273,3.1719532554257097,580,593,19,0,574,589,22601,6,0,0,6,4
2020-10-08,US,Georgia,Dade,300,5,0,34.854916700000004,-85.50490424,13083.0,1861.5040953090095,1.6666666666666667,295,297,5,0,292,290,16226,3,0,0,3,7
2020-10-08,US,Georgia,Dawson,852,9,0,34.44244079,-84.16964071,13085.0,3263.3675501761913,1.056338028169014,843,849,8,0,841,847,25083,3,1,0,2,2
2020-10-08,US,Georgia,DeKalb,19473,375,0,33.76944049,-84.22396017,13089.0,2564.609105527877,1.9257433369280543,19098,19389,374,0,19015,19263,756558,84,1,0,83,126
2020-10-08,US,Georgia,Decatur,1229,33,0,30.87967778,-84.57619536,13087.0,4654.597788213907,2.685109845402766,1196,1219,32,0,1187,1216,26575,10,1,0,9,3
2020-10-08,US,Georgia,Dodge,445,12,0,32.17265114,-83.16948926,13091.0,2159.6699830138314,2.696629213483146,433,444,12,0,432,444,20705,1,0,0,1,0
2020-10-08,US,Georgia,Dooly,348,14,0,32.15630737,-83.79746561,13093.0,2598.954443614638,4.022988505747127,334,348,14,0,334,347,13706,0,0,0,0,1
2020-10-08,US,Georgia,Dougherty,3192,188,0,31.53328528,-84.21722377,13095.0,3629.087270908181,5.889724310776943,3004,3187,188,0,2999,3184,91243,5,0,0,5,3
2020-10-08,US,Georgia,Douglas,3761,70,0,33.70291126,-84.77026156,13097.0,2569.9896817750077,1.8612071257644245,3691,3747,70,0,3677,3693,145331,14,0,0,14,54
2020-10-08,US,Georgia,Early,516,33,0,31.32155345,-84.90255207,13099.0,5063.788027477921,6.395348837209302,483,514,33,0,481,515,10247,2,0,0,2,-1
2020-10-08,US,Georgia,Echols,243,2,0,30.71101099,-82.89687287,13101.0,6065.901148277584,0.8230452674897121,241,243,2,0,241,242,4000,0,0,0,0,1
2020-10-08,US,Georgia,Effingham,1540,27,0,32.36616021,-81.34280942,13103.0,2395.172327983078,1.7532467532467533,1513,1531,26,0,1505,1523,62190,9,1,0,8,8
2020-10-08,US,Georgia,Elbert,707,5,0,34.11302332,-82.83936148,13105.0,3683.4427425237054,0.7072135785007072,702,705,5,0,700,710,19120,2,0,0,2,-5
2020-10-08,US,Georgia,Emanuel,1123,32,0,32.59221302,-82.30239915,13107.0,4958.933144926256,2.8495102404274264,1091,1119,32,0,1087,1115,22612,4,0,0,4,4
2020-10-08,US,Georgia,Evans,436,6,0,32.15328841,-81.8870105,13109.0,4092.3596771165758,1.3761467889908257,430,436,6,0,430,433,10721,0,0,0,0,3
2020-10-08,US,Georgia,Fannin,731,27,0,34.86430205,-84.316964,13111.0,2791.354819001069,3.693570451436389,704,730,26,0,704,721,25964,1,1,0,0,9
2020-10-08,US,Georgia,Fayette,1947,52,0,33.41357794,-84.49089434,13113.0,1701.6107183121978,2.6707755521314844,1895,1937,52,0,1885,1931,113459,10,0,0,10,6
2020-10-08,US,Georgia,Floyd,3374,48,0,34.26268279,-85.21577392,13115.0,3425.450262949501,1.4226437462951986,3326,3357,48,0,3309,3338,97927,17,0,0,17,19
2020-10-08,US,Georgia,Forsyth,4312,47,0,34.22604035,-84.12315129999998,13117.0,1765.389843276616,1.0899814471243043,4265,4286,47,0,4239,4252,236612,26,0,0,26,34
2020-10-08,US,Georgia,Franklin,789,14,0,34.37525597,-83.23159927,13119.0,3379.159707053835,1.7743979721166032,775,783,14,0,769,780,23023,6,0,0,6,3
2020-10-08,US,Georgia,Fulton,28581,583,0,33.79216944,-84.46319413,13121.0,2686.3432703252165,2.039816661418425,27998,28392,581,0,27811,28258,1050114,189,2,0,187,134
2020-10-08,US,Georgia,Gilmer,895,14,0,34.69316688,-84.45802506,13123.0,2853.135260926392,1.5642458100558658,881,889,14,0,875,882,30816,6,0,0,6,7
2020-10-08,US,Georgia,Glascock,40,2,0,33.22879932,-82.61297636,13125.0,1346.348030966005,5.0,38,40,2,0,38,40,2995,0,0,0,0,0
2020-10-08,US,Georgia,Glynn,3541,98,0,31.23279254,-81.53811412,13127.0,4151.620316090606,2.767579779723242,3443,3531,97,0,3434,3522,85219,10,1,0,9,9
2020-10-08,US,Georgia,Gordon,1948,40,0,34.50487351,-84.87296253,13129.0,3360.7646257095043,2.053388090349076,1908,1935,40,0,1895,1923,57685,13,0,0,13,12
2020-10-08,US,Georgia,Grady,822,23,0,30.87454847,-84.23418364,13131.0,3336.9869687005244,2.798053527980535,799,814,23,0,791,814,24748,8,0,0,8,0
2020-10-08,US,Georgia,Greene,532,25,0,33.5769205,-83.17139104,13133.0,2903.29622353198,4.699248120300752,507,532,24,0,508,521,17698,0,1,0,-1,11
2020-10-08,US,Georgia,Gwinnett,28461,421,0,33.96044201,-84.02137802,13135.0,3039.8931909212292,1.4792171743789748,28040,28328,419,0,27909,28207,927781,133,2,0,131,121
2020-10-08,US,Georgia,Habersham,1758,71,0,34.63331566,-83.53094677,13137.0,3878.397458524532,4.0386803185438,1687,1752,71,0,1681,1741,45388,6,0,0,6,11
2020-10-08,US,Georgia,Hall,9773,160,0,34.32207823,-83.81896936,13139.0,4780.352277674244,1.637163614038678,9613,9733,159,0,9574,9677,202148,40,1,0,39,56
2020-10-08,US,Georgia,Hancock,402,43,0,33.2721566,-82.99766919,13141.0,4753.4586732884,10.696517412935323,359,400,43,0,357,399,8348,2,0,0,2,1
2020-10-08,US,Georgia,Haralson,538,9,0,33.79602175,-85.21005667,13143.0,1805.8539205155746,1.6728624535315986,529,524,9,0,515,520,29533,14,0,0,14,4
2020-10-08,US,Georgia,Harris,807,22,0,32.73709786,-84.90538572,13145.0,2290.271313429447,2.7261462205700124,785,806,22,0,784,806,34475,1,0,0,1,0
2020-10-08,US,Georgia,Hart,535,13,0,34.34626973,-82.96567682,13147.0,2041.595115435985,2.4299065420560746,522,534,13,0,521,529,26099,1,0,0,1,5
2020-10-08,US,Georgia,Heard,201,6,0,33.29686567,-85.12886832,13149.0,1685.817327853728,2.985074626865672,195,201,6,0,195,201,11879,0,0,0,0,0
2020-10-08,US,Georgia,Henry,5551,106,0,33.4533428,-84.14814659999998,13151.0,2366.548573718564,1.9095658439920733,5445,5510,106,0,5404,5469,230220,41,0,0,41,41
2020-10-08,US,Georgia,Houston,3250,84,0,32.45802497,-83.66879087,13153.0,2058.747141508777,2.5846153846153848,3166,3232,84,0,3148,3206,155469,18,0,0,18,26
2020-10-08,US,Georgia,Irwin,332,7,0,31.60213036,-83.27501387,13155.0,3525.913338997452,2.108433734939759,325,332,7,0,325,325,9398,0,0,0,0,7
2020-10-08,US,Georgia,Jackson,2106,36,0,34.13794553,-83.56814788,13157.0,2885.8407443441083,1.709401709401709,2070,2095,36,0,2059,2087,70422,11,0,0,11,8
2020-10-08,US,Georgia,Jasper,229,4,0,33.31535543,-83.68844964,13159.0,1610.5211336943523,1.7467248908296944,225,228,4,0,224,228,14040,1,0,0,1,0
2020-10-08,US,Georgia,Jeff Davis,740,22,0,31.80405727,-82.63724870000001,13161.0,4895.798875289448,2.972972972972973,718,734,20,0,714,731,15029,6,2,0,4,3
2020-10-08,US,Georgia,Jefferson,818,30,0,33.05867328,-82.41609057,13163.0,5324.827496419737,3.667481662591687,788,818,30,0,788,817,15430,0,0,0,0,1
2020-10-08,US,Georgia,Jenkins,450,30,0,32.79248718,-81.96040187,13165.0,5186.7219917012435,6.666666666666668,420,444,30,0,414,444,8683,6,0,0,6,0
2020-10-08,US,Georgia,Johnson,424,22,0,32.70211082,-82.66166794,13167.0,4396.971896712641,5.188679245283018,402,422,22,0,400,421,9708,2,0,0,2,1
2020-10-08,US,Georgia,Jones,588,12,0,33.02512137,-83.56019163,13169.0,2046.285018270402,2.0408163265306123,576,586,11,0,575,579,28616,2,1,0,1,7
2020-10-08,US,Georgia,Lamar,386,19,0,33.07841647,-84.14263877,13171.0,2023.3789379881528,4.922279792746114,367,383,19,0,364,382,19000,3,0,0,3,1
2020-10-08,US,Georgia,Lanier,301,6,0,31.03828570000001,-83.06472457,13173.0,2887.844190732035,1.9933554817275747,295,301,6,0,295,297,10340,0,0,0,0,4
2020-10-08,US,Georgia,Laurens,1786,79,0,32.46325233,-82.92221316,13175.0,3756.36225970639,4.4232922732362825,1707,1763,78,0,1685,1743,47325,23,1,0,22,20
2020-10-08,US,Georgia,Lee,720,26,0,31.779330600000005,-84.14324253,13177.0,2400.64017071219,3.611111111111111,694,718,26,0,692,716,29764,2,0,0,2,2
2020-10-08,US,Georgia,Liberty,1150,23,0,31.82588896,-81.49251135,13179.0,1871.897127044844,2.0,1127,1149,23,0,1126,1147,61497,1,0,0,1,2
2020-10-08,US,Georgia,Lincoln,217,7,0,33.79201475,-82.45024131,13181.0,2739.5530867314733,3.2258064516129035,210,215,7,0,208,215,7915,2,0,0,2,0
2020-10-08,US,Georgia,Long,260,4,0,31.75218791,-81.74952375,13183.0,1329.3113144843805,1.5384615384615383,256,257,3,0,254,257,18998,3,1,0,2,0
2020-10-08,US,Georgia,Lowndes,4065,85,0,30.83568832,-83.27056716,13185.0,3462.3443435599543,2.0910209102091017,3980,4047,85,0,3962,4012,116321,18,0,0,18,35
2020-10-08,US,Georgia,Lumpkin,952,14,0,34.57286511,-84.00425681,13187.0,2832.4903302588514,1.4705882352941178,938,947,14,0,933,945,32955,5,0,0,5,2
2020-10-08,US,Georgia,Macon,238,10,0,32.35207048,-84.04234127,13193.0,1838.2636904302155,4.201680672268908,228,238,10,0,228,236,13143,0,0,0,0,2
2020-10-08,US,Georgia,Madison,725,9,0,34.12920917,-83.21218732,13195.0,2426.372155287818,1.2413793103448276,716,724,9,0,715,721,29650,1,0,0,1,3
2020-10-08,US,Georgia,Marion,194,9,0,32.3483402,-84.52733571,13197.0,2320.851776528293,4.639175257731959,185,193,9,0,184,193,8351,1,0,0,1,0
2020-10-08,US,Georgia,McDuffie,626,14,0,33.47851918,-82.48252774,13189.0,2937.312312312313,2.236421725239617,612,621,14,0,607,620,21531,5,0,0,5,1
2020-10-08,US,Georgia,McIntosh,297,7,0,31.49683595,-81.40163426,13191.0,2065.6558631242174,2.356902356902357,290,297,7,0,290,297,14340,0,0,0,0,0
2020-10-08,US,Georgia,Meriwether,560,14,0,33.04163534,-84.68859732,13199.0,2645.6276279113713,2.5,546,560,14,0,546,560,21068,0,0,0,0,0
2020-10-08,US,Georgia,Miller,288,2,0,31.16568912,-84.73151117,13201.0,5036.7261280167895,0.6944444444444444,286,286,2,0,284,279,5686,2,0,0,2,7
2020-10-08,US,Georgia,Mitchell,832,45,0,31.22483255,-84.19381821,13205.0,3805.516168869779,5.408653846153847,787,829,45,0,784,826,22192,3,0,0,3,3
2020-10-08,US,Georgia,Monroe,720,54,0,33.014289,-83.92097166,13207.0,2610.776706070056,7.5,666,715,54,0,661,711,27520,5,0,0,5,4
2020-10-08,US,Georgia,Montgomery,333,5,0,32.17201038,-82.53527476,13209.0,3630.6149149585694,1.5015015015015014,328,329,5,0,324,327,9193,4,0,0,4,2
2020-10-08,US,Georgia,Morgan,498,3,0,33.59232073,-83.49129491,13211.0,2583.5235526042748,0.6024096385542169,495,497,3,0,494,491,18853,1,0,0,1,6
2020-10-08,US,Georgia,Murray,873,6,0,34.78897608,-84.74993177,13213.0,2177.2745411013566,0.6872852233676976,867,867,6,0,861,859,39921,6,0,0,6,8
2020-10-08,US,Georgia,Muscogee,6159,172,0,32.50931999,-84.87142262,13215.0,3146.0547890626194,2.792661146289982,5987,6137,172,0,5965,6122,194160,22,0,0,22,15
2020-10-08,US,Georgia,Newton,2664,92,0,33.55514538,-83.84547140000002,13217.0,2384.0206185567013,3.4534534534534536,2572,2652,92,0,2560,2647,109541,12,0,0,12,5
2020-10-08,US,Georgia,Oconee,789,26,0,33.83749973,-83.43679568,13219.0,1958.7884806355512,3.2953105196451205,763,786,26,0,760,777,39272,3,0,0,3,9
2020-10-08,US,Georgia,Oglethorpe,365,11,0,33.878629600000004,-83.08278123,13221.0,2392.0309325643884,3.0136986301369864,354,358,11,0,347,351,15054,7,0,0,7,7
2020-10-08,US,Georgia,Out of GA,15873,169,0,0.0,0.0,80013.0,0.0,1.0647010647010646,15704,15981,170,0,15811,16157,,-108,-1,0,-107,-176
2020-10-08,US,Georgia,Paulding,2891,58,0,33.91969522,-84.86848792,13223.0,1714.0282331457845,2.00622621930128,2833,2884,58,0,2826,2869,164044,7,0,0,7,15
2020-10-08,US,Georgia,Peach,690,25,0,32.56934316,-83.82937,13225.0,2504.900893051623,3.6231884057971016,665,688,25,0,663,685,27297,2,0,0,2,3
2020-10-08,US,Georgia,Pickens,645,10,0,34.46589159,-84.46406611,13227.0,1979.073977478445,1.5503875968992251,635,642,10,0,632,636,31980,3,0,0,3,6
2020-10-08,US,Georgia,Pierce,626,22,0,31.35928155,-82.21598442,13229.0,3216.0287695864367,3.514376996805112,604,624,22,0,602,623,19389,2,0,0,2,1
2020-10-08,US,Georgia,Pike,358,11,0,33.09310242,-84.38790389,13231.0,1887.9864993144186,3.0726256983240225,347,354,10,0,344,351,18634,4,1,0,3,3
2020-10-08,US,Georgia,Polk,1529,21,0,34.00267074,-85.18677781,13233.0,3588.1069157299407,1.3734466971877044,1508,1521,21,0,1500,1519,42470,8,0,0,8,2
2020-10-08,US,Georgia,Pulaski,319,22,0,32.23334561,-83.47549959999998,13235.0,2864.3261201400733,6.896551724137932,297,319,22,0,297,319,11069,0,0,0,0,0
2020-10-08,US,Georgia,Putnam,734,24,0,33.32056115,-83.37552891,13237.0,3318.4140331841404,3.2697547683923704,710,732,24,0,708,722,21809,2,0,0,2,10
2020-10-08,US,Georgia,Quitman,34,1,0,31.86728114,-85.01773177,13239.0,1478.9038712483691,2.9411764705882355,33,34,1,0,33,34,2279,0,0,0,0,0
2020-10-08,US,Georgia,Rabun,384,11,0,34.88389445,-83.40304637,13241.0,2240.7655949115947,2.864583333333333,373,383,11,0,372,378,16867,1,0,0,1,5
2020-10-08,US,Georgia,Randolph,333,29,0,31.76622818,-84.75732369,13243.0,4912.953673650044,8.70870870870871,304,332,29,0,303,331,6833,1,0,0,1,1
2020-10-08,US,Georgia,Richmond,7370,171,0,33.35777107,-82.07026432,13245.0,3639.1826899337348,2.320217096336499,7199,7327,168,0,7159,7302,201554,43,3,0,40,25
2020-10-08,US,Georgia,Rockdale,1912,39,0,33.65145002,-84.02202167,13247.0,2103.502904418236,2.0397489539748954,1873,1906,37,0,1869,1898,90594,6,2,0,4,8
2020-10-08,US,Georgia,Schley,107,2,0,32.2654021,-84.31258912,13249.0,2035.3813962335933,1.8691588785046729,105,107,2,0,105,106,5236,0,0,0,0,1
2020-10-08,US,Georgia,Screven,429,11,0,32.74976524,-81.60779441,13251.0,3071.745668050981,2.5641025641025643,418,427,11,0,416,425,13938,2,0,0,2,2
2020-10-08,US,Georgia,Seminole,368,9,0,30.93464824,-84.86823924,13253.0,4548.825710754018,2.4456521739130435,359,367,9,0,358,375,8315,1,0,0,1,-8
2020-10-08,US,Georgia,Spalding,1387,61,0,33.26310031,-84.28013991,13255.0,2079.3667451239075,4.397981254506129,1326,1381,62,0,1319,1373,66100,6,-1,0,7,8
2020-10-08,US,Georgia,Stephens,1159,39,0,34.55151201,-83.29405315,13257.0,4470.588235294118,3.364969801553063,1120,1151,38,0,1113,1142,26035,8,1,0,7,9
2020-10-08,US,Georgia,Stewart,523,16,0,32.07996777,-84.83208037,13259.0,7899.10889593717,3.0592734225621414,507,521,16,0,505,523,6199,2,0,0,2,-2
2020-10-08,US,Georgia,Sumter,943,64,0,32.03650571,-84.19821492,13261.0,3194.0116515377317,6.7868504772004234,879,942,64,0,878,941,29733,1,0,0,1,1
2020-10-08,US,Georgia,Talbot,166,6,0,32.69642758,-84.53351366,13263.0,2679.5803066989506,3.614457831325301,160,166,6,0,160,166,6272,0,0,0,0,0
2020-10-08,US,Georgia,Taliaferro,24,0,0,33.56543317,-82.88136816,13265.0,1561.4834092387769,0.0,24,24,0,0,24,23,1608,0,0,0,0,1
2020-10-08,US,Georgia,Tattnall,863,11,0,32.04785085,-82.05539188,13267.0,3412.9557858103303,1.2746234067207416,852,860,11,0,849,854,25391,3,0,0,3,6
2020-10-08,US,Georgia,Taylor,217,11,0,32.55792548,-84.25077141,13269.0,2705.7356608478804,5.0691244239631335,206,217,11,0,206,216,8039,0,0,0,0,1
2020-10-08,US,Georgia,Telfair,401,21,0,31.92829517,-82.93491155,13271.0,2528.3732660781843,5.236907730673316,380,400,21,0,379,396,15876,1,0,0,1,4
2020-10-08,US,Georgia,Terrell,333,32,0,31.77527543,-84.44069698,13273.0,3903.41108896964,9.60960960960961,301,333,32,0,301,333,8611,0,0,0,0,0
2020-10-08,US,Georgia,Thomas,1529,66,0,30.86392347,-83.91847289,13275.0,3439.742637960901,4.316546762589929,1463,1524,66,0,1458,1518,44448,5,0,0,5,6
2020-10-08,US,Georgia,Tift,1844,58,0,31.45743864,-83.5236119,13277.0,4536.9550241117995,3.1453362255965294,1786,1839,58,0,1781,1831,40571,5,0,0,5,8
2020-10-08,US,Georgia,Toombs,1389,52,0,32.12059861,-82.32957247,13279.0,5177.040626164741,3.7437005039596833,1337,1378,52,0,1326,1374,26887,11,0,0,11,4
2020-10-08,US,Georgia,Towns,375,10,0,34.91369188,-83.74107459999998,13281.0,3115.3942012129273,2.6666666666666665,365,369,10,0,359,359,11852,6,0,0,6,10
2020-10-08,US,Georgia,Treutlen,272,11,0,32.40422134,-82.56904553,13283.0,3941.457759744964,4.044117647058823,261,269,11,0,258,267,6809,3,0,0,3,2
2020-10-08,US,Georgia,Troup,2882,102,0,33.03349196,-85.02812115,13285.0,4121.735648293813,3.5392088827203327,2780,2868,102,0,2766,2861,70034,14,0,0,14,7
2020-10-08,US,Georgia,Turner,320,24,0,31.71612656,-83.62069378,13287.0,4007.5140889167187,7.5,296,319,24,0,295,317,7912,1,0,0,1,2
2020-10-08,US,Georgia,Twiggs,202,9,0,32.67435595,-83.43078662,13289.0,2487.6847290640394,4.455445544554456,193,199,9,0,190,199,8188,3,0,0,3,0
2020-10-08,US,Georgia,Unassigned,2148,4,0,0.0,0.0,90013.0,0.0,0.186219739292365,2144,2206,6,0,2200,2195,,-58,-2,0,-56,11
2020-10-08,US,Georgia,Union,835,21,0,34.82995757,-83.98967069,13291.0,3406.633756272694,2.51497005988024,814,834,21,0,813,823,24001,1,0,0,1,11
2020-10-08,US,Georgia,Upson,814,63,0,32.87920671,-84.30024826,13293.0,3092.7051671732524,7.739557739557741,751,814,63,0,751,809,26215,0,0,0,0,5
2020-10-08,US,Georgia,Walker,1655,39,0,34.73376362,-85.30165174,13295.0,2372.385716947865,2.356495468277945,1616,1651,38,0,1613,1639,69410,4,1,0,3,12
2020-10-08,US,Georgia,Walton,1919,60,0,33.78017694,-83.73552314,13297.0,2028.6913407968882,3.1266284523189163,1859,1904,59,0,1845,1883,93503,15,1,0,14,21
2020-10-08,US,Georgia,Ware,1536,61,0,31.05449097,-82.42224148,13299.0,4298.427268147982,3.9713541666666665,1475,1532,62,0,1470,1525,35680,4,-1,0,5,7
2020-10-08,US,Georgia,Warren,160,5,0,33.41146451,-82.67795848,13301.0,3045.298819946707,3.125,155,159,5,0,154,159,5251,1,0,0,1,0
2020-10-08,US,Georgia,Washington,704,9,0,32.96711864,-82.79357039,13303.0,3455.384313340532,1.2784090909090908,695,698,8,0,690,692,20386,6,1,0,5,6
2020-10-08,US,Georgia,Wayne,1170,30,0,31.5521809,-81.91894878,13305.0,3909.513148661744,2.5641025641025643,1140,1167,31,0,1136,1162,29808,3,-1,0,4,5
2020-10-08,US,Georgia,Webster,44,2,0,32.04066113,-84.54742852,13307.0,1687.7637130801688,4.545454545454546,42,44,2,0,42,43,2611,0,0,0,0,1
2020-10-08,US,Georgia,Wheeler,349,13,0,32.12009104,-82.72574721,13309.0,4443.029917250159,3.7249283667621778,336,349,12,0,337,348,7879,0,1,0,-1,1
2020-10-08,US,Georgia,White,930,20,0,34.64624278,-83.74905525,13311.0,3019.676602376777,2.150537634408602,910,919,20,0,899,902,29970,11,0,0,11,17
2020-10-08,US,Georgia,Whitfield,4794,63,0,34.80987459,-84.96093476,13313.0,4581.947471040257,1.3141426783479349,4731,4770,63,0,4707,4739,104062,24,0,0,24,31
2020-10-08,US,Georgia,Wilcox,250,25,0,31.97496928,-83.43438555,13315.0,2895.193977996526,10.0,225,250,25,0,225,249,8812,0,0,0,0,1
2020-10-08,US,Georgia,Wilkes,269,6,0,33.78290391,-82.74286107,13317.0,2751.355221438069,2.2304832713754648,263,269,6,0,263,269,9876,0,0,0,0,0
2020-10-08,US,Georgia,Wilkinson,351,18,0,32.80291082,-83.17140684,13319.0,3920.035738217556,5.128205128205129,333,350,18,0,332,347,9036,1,0,0,1,3
2020-10-08,US,Georgia,Worth,563,30,0,31.55162306,-83.85090513,13321.0,2780.658863041438,5.3285968028419175,533,562,30,0,532,552,20299,1,0,0,1,10
2020-10-08,US,Hawaii,Hawaii,866,15,0,19.60121157,-155.5210167,15001.0,429.74894919930716,1.7321016166281755,851,852,15,0,837,834,200983,14,0,0,14,18
2020-10-08,US,Hawaii,Honolulu,11788,136,0,21.45803166,-157.97121819999995,15003.0,1209.5677755055342,1.1537156430268072,11652,11702,135,0,11567,11613,980080,86,1,0,85,89
2020-10-08,US,Hawaii,Kauai,59,0,0,22.03935037,-159.5966786,15007.0,81.61232761124867,0.0,59,59,0,0,59,59,72133,0,0,0,0,0
2020-10-08,US,Hawaii,Maui,397,12,0,20.86399628,-156.56890969999995,15009.0,237.13242980103573,3.022670025188917,385,396,12,0,384,397,167207,1,0,0,1,-1
2020-10-08,US,Hawaii,Out of HI,36,1,0,0.0,0.0,80015.0,0.0,2.7777777777777777,35,36,1,0,35,34,,0,0,0,0,2
2020-10-08,US,Idaho,Ada,13993,153,0,43.4526575,-116.24155159999998,16001.0,2905.6016877531993,1.093403844779533,13840,13875,153,0,13722,13767,469966,118,0,0,118,108
2020-10-08,US,Idaho,Adams,29,2,0,44.89333571,-116.4545247,16003.0,675.3609687936656,6.896551724137932,27,29,2,0,27,28,4250,0,0,0,0,1
2020-10-08,US,Idaho,Bannock,1408,8,0,42.67002716,-112.2233311,16005.0,1603.4985422740524,0.5681818181818182,1400,1346,8,0,1338,1298,87138,62,0,0,62,48
2020-10-08,US,Idaho,Bear Lake,50,1,0,42.28269683,-111.32892379999998,16007.0,816.3265306122447,2.0,49,50,1,0,49,48,6050,0,0,0,0,2
2020-10-08,US,Idaho,Benewah,163,3,0,47.21754179,-116.6586851,16009.0,1753.0651753065176,1.8404907975460123,160,162,3,0,159,155,9226,1,0,0,1,7
2020-10-08,US,Idaho,Bingham,1136,10,0,43.21672879999999,-112.3978437,16011.0,2426.7800303347503,0.8802816901408451,1126,1102,10,0,1092,1079,46236,34,0,0,34,23
2020-10-08,US,Idaho,Blaine,719,6,0,43.4085812,-113.9752658,16013.0,3123.235306893706,0.8344923504867872,713,715,6,0,709,706,22601,4,0,0,4,9
2020-10-08,US,Idaho,Boise,73,2,0,43.98829931,-115.7309284,16015.0,932.1925679989785,2.7397260273972597,71,73,2,0,71,74,7634,0,0,0,0,-1
2020-10-08,US,Idaho,Bonner,389,0,0,48.29996017,-116.6017932,16017.0,850.4777104877678,0.0,389,383,0,0,383,371,44727,6,0,0,6,12
2020-10-08,US,Idaho,Bonneville,3201,20,0,43.38713372,-111.6161537,16019.0,2688.515227360535,0.6248047485160887,3181,3146,19,0,3127,3094,116854,55,1,0,54,52
2020-10-08,US,Idaho,Boundary,64,1,0,48.76684761,-116.4630179,16021.0,522.6623111474072,1.5625,63,63,1,0,62,60,11948,1,0,0,1,3
2020-10-08,US,Idaho,Butte,49,0,0,43.72592209,-113.1735463,16023.0,1886.7924528301885,0.0,49,46,0,0,46,43,2611,3,0,0,3,3
2020-10-08,US,Idaho,Camas,38,0,0,43.46665742,-114.8065892,16025.0,3435.8047016274872,0.0,38,38,0,0,38,38,1127,0,0,0,0,0
2020-10-08,US,Idaho,Canyon,8642,103,0,43.61970148,-116.70954990000001,16027.0,3759.859733999278,1.19185373756075,8539,8567,103,0,8464,8492,223499,75,0,0,75,75
2020-10-08,US,Idaho,Caribou,145,2,0,42.77149116,-111.5597683,16029.0,2026.554856743536,1.3793103448275863,143,140,2,0,138,137,7060,5,0,0,5,3
2020-10-08,US,Idaho,Cassia,880,8,0,42.28347888,-113.6012409,16031.0,3662.0890553474815,0.9090909090909092,872,868,7,0,861,861,23864,12,1,0,11,7
2020-10-08,US,Idaho,Clark,38,0,0,44.28496071,-112.35057040000001,16033.0,4497.041420118343,0.0,38,38,0,0,38,38,852,0,0,0,0,0
2020-10-08,US,Idaho,Clearwater,86,0,0,46.67459924,-115.6622393,16035.0,982.1836455002284,0.0,86,82,0,0,82,82,8758,4,0,0,4,0
2020-10-08,US,Idaho,Custer,77,1,0,44.24186819,-114.2855494,16037.0,1784.4727694090384,1.2987012987012987,76,76,1,0,75,72,4280,1,0,0,1,4
2020-10-08,US,Idaho,Elmore,397,4,0,43.3507101,-115.4701578,16039.0,1443.0591399803714,1.0075566750629723,393,395,4,0,391,388,27259,2,0,0,2,7
2020-10-08,US,Idaho,Franklin,195,1,0,42.18332217,-111.81496659999999,16041.0,1405.304122225425,0.5128205128205128,194,176,1,0,175,163,13726,19,0,0,19,13
2020-10-08,US,Idaho,Fremont,281,3,0,44.22800938,-111.48099429999999,16043.0,2145.2019238109783,1.0676156583629892,278,280,3,0,277,275,13168,1,0,0,1,5
2020-10-08,US,Idaho,Gem,349,4,0,44.06482372,-116.398376,16045.0,1926.8992932862188,1.146131805157593,345,349,4,0,345,349,17634,0,0,0,0,0
2020-10-08,US,Idaho,Gooding,362,1,0,42.96927962,-114.81083059999999,16047.0,2384.873838856315,0.27624309392265195,361,355,1,0,354,344,15196,7,0,0,7,11
2020-10-08,US,Idaho,Idaho,241,0,0,45.84721541,-115.4634436,16049.0,1445.9710805783884,0.0,241,237,0,0,237,233,16513,4,0,0,4,4
2020-10-08,US,Idaho,Jefferson,700,3,0,43.82078483,-112.3131749,16051.0,2343.4099963174986,0.42857142857142855,697,688,3,0,685,674,29439,12,0,0,12,14
2020-10-08,US,Idaho,Jerome,855,7,0,42.68891267,-114.2655033,16053.0,3502.375880714403,0.8187134502923976,848,847,7,0,840,830,24015,8,0,0,8,17
2020-10-08,US,Idaho,Kootenai,2973,43,0,47.67282258,-116.7020872,16055.0,1794.238881814396,1.4463504877228388,2930,2939,42,0,2897,2884,161505,34,1,0,33,55
2020-10-08,US,Idaho,Latah,677,0,0,46.81587887,-116.71136979999999,16057.0,1687.9425551012264,0.0,677,669,0,0,669,647,40134,8,0,0,8,22
2020-10-08,US,Idaho,Lemhi,130,0,0,44.9438088,-113.9309747,16059.0,1619.5340725052947,0.0,130,123,0,0,123,117,7961,7,0,0,7,6
2020-10-08,US,Idaho,Lewis,52,2,0,46.23315327,-116.434146,16061.0,1354.872329338197,3.8461538461538463,50,44,2,0,42,41,3861,8,0,0,8,3
2020-10-08,US,Idaho,Lincoln,100,0,0,43.0012336,-114.1358773,16063.0,1863.5855385762206,0.0,100,99,0,0,99,97,5360,1,0,0,1,2
2020-10-08,US,Idaho,Madison,1249,2,0,43.78141028,-111.65384740000002,16065.0,3129.7767308993407,0.16012810248198558,1247,1220,2,0,1218,1177,39304,29,0,0,29,43
2020-10-08,US,Idaho,Minidoka,826,8,0,42.85518524,-113.6357257,16067.0,3926.0421122676935,0.9685230024213076,818,807,8,0,799,799,20825,19,0,0,19,8
2020-10-08,US,Idaho,Nez Perce,519,24,0,46.32638236,-116.75009750000001,16069.0,1284.3991288853692,4.624277456647398,495,508,24,0,484,492,40408,11,0,0,11,16
2020-10-08,US,Idaho,Oneida,29,0,0,42.19494279999999,-112.5407838,16071.0,640.0353122930919,0.0,29,29,0,0,29,29,4488,0,0,0,0,0
2020-10-08,US,Idaho,Owyhee,353,5,0,42.58016894,-116.16938710000001,16073.0,2985.7058276241223,1.4164305949008498,348,350,5,0,345,345,11693,3,0,0,3,5
2020-10-08,US,Idaho,Payette,978,9,0,44.00545243,-116.7647695,16075.0,4083.336812659179,0.9202453987730062,969,970,9,0,961,961,23551,8,0,0,8,9
2020-10-08,US,Idaho,Power,297,1,0,42.69254894,-112.83957420000002,16077.0,3866.684025517511,0.3367003367003367,296,289,1,0,288,285,7768,8,0,0,8,4
2020-10-08,US,Idaho,Shoshone,221,18,0,47.35364087,-115.89167490000001,16079.0,1715.5721161310355,8.144796380090497,203,218,18,0,200,217,12796,3,0,0,3,1
2020-10-08,US,Idaho,Teton,218,1,0,43.75303583,-111.2056773,16081.0,1795.4208532366986,0.4587155963302753,217,213,1,0,212,209,11640,5,0,0,5,4
2020-10-08,US,Idaho,Twin Falls,2746,40,0,42.35440512,-114.6685381,16083.0,3160.754161007389,1.4566642388929352,2706,2654,40,0,2614,2588,86081,92,0,0,92,66
2020-10-08,US,Idaho,Valley,103,1,0,44.76728382,-115.5676773,16085.0,904.1432584269664,0.9708737864077671,102,103,1,0,102,103,11041,0,0,0,0,0
2020-10-08,US,Idaho,Washington,395,6,0,44.45275475,-116.78476880000001,16087.0,3874.828330390426,1.5189873417721518,389,392,6,0,386,392,10161,3,0,0,3,0
2020-10-08,US,Illinois,Adams,1319,11,0,39.98815591,-91.18786813,17001.0,2015.7408114923205,0.8339651250947687,1308,1298,10,0,1288,1282,65691,21,1,0,20,16
2020-10-08,US,Illinois,Alexander,98,1,0,37.18049267,-89.32910838,17003.0,1701.0935601458082,1.020408163265306,97,97,1,0,96,94,6060,1,0,0,1,3
2020-10-08,US,Illinois,Bond,368,8,0,38.88829622,-89.43534887,17005.0,2240.350663582126,2.1739130434782608,360,368,8,0,360,365,16630,0,0,0,0,3
2020-10-08,US,Illinois,Boone,1309,24,0,42.32359279,-88.82345779,17007.0,2444.7183624682502,1.8334606569900689,1285,1270,24,0,1246,1243,53577,39,0,0,39,27
2020-10-08,US,Illinois,Brown,76,0,0,39.96209138,-90.75068024,17009.0,1155.366372757677,0.0,76,75,0,0,75,72,6556,1,0,0,1,3
2020-10-08,US,Illinois,Bureau,770,15,0,41.40385234,-89.5283051,17011.0,2359.9362510726983,1.9480519480519483,755,756,15,0,741,753,32993,14,0,0,14,3
2020-10-08,US,Illinois,Calhoun,66,0,0,39.16840183,-90.66330078,17013.0,1392.698881620595,0.0,66,66,0,0,66,66,4802,0,0,0,0,0
2020-10-08,US,Illinois,Carroll,259,6,0,42.06823429,-89.93395545,17015.0,1810.5557497378534,2.3166023166023164,253,252,6,0,246,251,14312,7,0,0,7,1
2020-10-08,US,Illinois,Cass,421,11,0,39.96991073,-90.24734436,17017.0,3465.876348069482,2.6128266033254155,410,418,11,0,407,415,12260,3,0,0,3,3
2020-10-08,US,Illinois,Champaign,5227,27,0,40.13919438,-88.20046615,17019.0,2492.7392471708104,0.5165486894968433,5200,5183,25,0,5158,5096,209983,44,2,0,42,87
2020-10-08,US,Illinois,Christian,680,20,0,39.54581621,-89.27780482,17021.0,2105.0024764735017,2.9411764705882355,660,659,20,0,639,637,32661,21,0,0,21,22
2020-10-08,US,Illinois,Clark,207,4,0,39.33425789,-87.78705622,17023.0,1340.5867495628522,1.932367149758454,203,206,3,0,203,194,15596,1,1,0,0,12
2020-10-08,US,Illinois,Clay,236,1,0,38.75388572,-88.48914513,17025.0,1790.0485436893205,0.42372881355932196,235,227,0,0,227,221,13253,9,1,0,8,6
2020-10-08,US,Illinois,Clinton,1355,23,0,38.60704876,-89.42385254,17027.0,3607.369149672541,1.6974169741697418,1332,1338,23,0,1315,1319,37639,17,0,0,17,19
2020-10-08,US,Illinois,Coles,1605,36,0,39.51949084,-88.22358557,17029.0,3170.620888564035,2.2429906542056077,1569,1591,35,0,1556,1566,50885,14,1,0,13,25
2020-10-08,US,Illinois,Cook,151470,5279,0,41.84144849,-87.81658794,17031.0,2941.031988261501,3.4851785832177993,146191,150400,5273,0,145127,149588,5180493,1070,6,0,1064,812
2020-10-08,US,Illinois,Crawford,525,6,0,39.0032229,-87.75954624,17033.0,2812.449777682541,1.1428571428571428,519,505,6,0,499,497,18807,20,0,0,20,8
2020-10-08,US,Illinois,Cumberland,226,5,0,39.27432424,-88.2401158,17035.0,2099.201188928107,2.2123893805309733,221,226,5,0,221,224,10808,0,0,0,0,2
2020-10-08,US,Illinois,De Witt,158,2,0,40.17514519,-88.90959682,17039.0,1010.3593809950122,1.2658227848101269,156,147,2,0,145,144,15769,11,0,0,11,3
2020-10-08,US,Illinois,DeKalb,1794,41,0,41.89373302,-88.76958483,17037.0,1710.2491014995667,2.2853957636566333,1753,1777,41,0,1736,1757,104143,17,0,0,17,20
2020-10-08,US,Illinois,Douglas,363,7,0,39.76768052,-88.21854195,17041.0,1864.8856922681732,1.9283746556473829,356,357,7,0,350,352,19479,6,0,0,6,5
2020-10-08,US,Illinois,DuPage,18788,577,0,41.85116968,-88.08642662,17043.0,2035.7105321040478,3.0711092186502023,18211,18583,575,0,18008,18414,928589,205,2,0,203,169
2020-10-08,US,Illinois,Edgar,125,8,0,39.6809186,-87.74759563,17045.0,728.3957811316358,6.4,117,122,8,0,114,121,17360,3,0,0,3,1
2020-10-08,US,Illinois,Edwards,78,0,0,38.41353228,-88.05720863,17047.0,1219.7028928850666,0.0,78,77,0,0,77,74,6392,1,0,0,1,3
2020-10-08,US,Illinois,Effingham,950,3,0,39.05935711,-88.58969584,17049.0,2793.460362267702,0.3157894736842105,947,941,3,0,938,930,34208,9,0,0,9,11
2020-10-08,US,Illinois,Fayette,489,10,0,39.00072038,-89.02452658,17051.0,2291.901012373453,2.044989775051125,479,483,9,0,474,480,21416,6,1,0,5,3
2020-10-08,US,Illinois,Ford,113,5,0,40.59706922,-88.22350769,17053.0,871.846308155235,4.424778761061948,108,112,5,0,107,112,13264,1,0,0,1,0
2020-10-08,US,Illinois,Franklin,620,5,0,37.99189086,-88.92567818,17055.0,1611.6873326574646,0.8064516129032258,615,608,5,0,603,591,38701,12,0,0,12,17
2020-10-08,US,Illinois,Fulton,244,0,0,40.47289135,-90.20862357,17057.0,710.5416423995341,0.0,244,232,0,0,232,225,34844,12,0,0,12,7
2020-10-08,US,Illinois,Gallatin,84,2,0,37.76430935,-88.22953869,17059.0,1739.8508699254348,2.380952380952381,82,79,2,0,77,79,5058,5,0,0,5,0
2020-10-08,US,Illinois,Greene,241,15,0,39.35907414,-90.388865,17061.0,1858.2774307965149,6.224066390041495,226,241,14,0,227,239,13044,0,1,0,-1,2
2020-10-08,US,Illinois,Grundy,763,7,0,41.28569601,-88.41905692,17063.0,1494.4960238179183,0.9174311926605504,756,753,7,0,746,747,50972,10,0,0,10,6
2020-10-08,US,Illinois,Hamilton,84,2,0,38.08163641,-88.53883373,17065.0,1034.992607195663,2.380952380952381,82,80,2,0,78,80,8163,4,0,0,4,0
2020-10-08,US,Illinois,Hancock,245,3,0,40.40423981,-91.16313899,17067.0,1383.5554551615094,1.2244897959183674,242,242,3,0,239,240,17844,3,0,0,3,2
2020-10-08,US,Illinois,Hardin,44,0,0,37.51810645,-88.26873022,17069.0,1151.5310128238682,0.0,44,44,0,0,44,42,3910,0,0,0,0,2
2020-10-08,US,Illinois,Henderson,82,0,0,40.81908672,-90.92491462,17071.0,1233.8248570568762,0.0,82,79,0,0,79,78,6709,3,0,0,3,1
2020-10-08,US,Illinois,Henry,723,5,0,41.3533994,-90.13296166,17073.0,1478.134647230797,0.6915629322268326,718,715,5,0,710,714,49090,8,0,0,8,1
2020-10-08,US,Illinois,Iroquois,388,19,0,40.74717633,-87.82466784,17075.0,1430.995057903666,4.896907216494847,369,380,19,0,361,375,27604,8,0,0,8,5
2020-10-08,US,Illinois,Jackson,1327,24,0,37.78595185,-89.38232563,17077.0,2338.3259911894274,1.808590806330068,1303,1312,24,0,1288,1302,57419,15,0,0,15,10
2020-10-08,US,Illinois,Jasper,224,10,0,39.01054275,-88.15437049,17079.0,2330.905306971905,4.464285714285714,214,221,10,0,211,220,9611,3,0,0,3,1
2020-10-08,US,Illinois,Jefferson,747,38,0,38.29980057,-88.9240025,17081.0,1982.2736439868381,5.0870147255689435,709,729,38,0,691,706,37820,18,0,0,18,23
2020-10-08,US,Illinois,Jersey,420,19,0,39.08869046,-90.35393073,17083.0,1928.9946263721122,4.523809523809524,401,415,19,0,396,408,21847,5,0,0,5,7
2020-10-08,US,Illinois,Jo Daviess,312,2,0,42.36542373,-90.21094405,17085.0,1469.27242759595,0.6410256410256411,310,307,2,0,305,304,21366,5,0,0,5,3
2020-10-08,US,Illinois,Johnson,240,0,0,37.45939802,-88.88165419,17087.0,1932.8340178787146,0.0,240,199,0,0,199,194,12456,41,0,0,41,5
2020-10-08,US,Illinois,Kane,13846,334,0,41.93842729,-88.42861412,17089.0,2600.6615289545707,2.4122490249891664,13512,13756,331,0,13425,13655,534216,90,3,0,87,101
2020-10-08,US,Illinois,Kankakee,2910,79,0,41.13746989,-87.86205334,17091.0,2648.7775572991573,2.7147766323024056,2831,2894,79,0,2815,2879,110024,16,0,0,16,15
2020-10-08,US,Illinois,Kendall,2176,26,0,41.59081014,-88.42869583,17093.0,1686.952476936197,1.1948529411764706,2150,2155,26,0,2129,2136,127915,21,0,0,21,19
2020-10-08,US,Illinois,Knox,806,4,0,40.93148779,-90.21330340000002,17095.0,1621.7630133403086,0.4962779156327544,802,796,4,0,792,773,50112,10,0,0,10,23
2020-10-08,US,Illinois,LaSalle,1910,57,0,41.34426129999999,-88.88633881,17099.0,1757.630971114117,2.9842931937172774,1853,1873,57,0,1816,1861,109430,37,0,0,37,12
2020-10-08,US,Illinois,Lake,17932,494,0,42.3224907,-88.00367925,17097.0,2574.457852082092,2.7548516618335936,17438,17794,494,0,17300,17691,700832,138,0,0,138,103
2020-10-08,US,Illinois,Lawrence,279,6,0,38.71987914,-87.72884035,17101.0,1779.5637198622271,2.150537634408602,273,277,6,0,271,275,15765,2,0,0,2,2
2020-10-08,US,Illinois,Lee,472,1,0,41.74583951,-89.29977132,17103.0,1384.3266072266545,0.21186440677966098,471,451,1,0,450,442,34223,21,0,0,21,9
2020-10-08,US,Illinois,Livingston,457,9,0,40.89188292,-88.55784752,17105.0,1281.9793536804311,1.9693654266958425,448,448,8,0,440,445,35761,9,1,0,8,3
2020-10-08,US,Illinois,Logan,493,2,0,40.12581572,-89.36638784,17107.0,1722.6920120204068,0.4056795131845842,491,488,2,0,486,486,28925,5,0,0,5,2
2020-10-08,US,Illinois,Macon,1865,47,0,39.86064913,-88.96342505,17115.0,1793.1140574373376,2.520107238605898,1818,1810,47,0,1763,1760,104712,55,0,0,55,50
2020-10-08,US,Illinois,Macoupin,620,8,0,39.26119767,-89.92424028,17117.0,1380.0471887103236,1.2903225806451613,612,610,8,0,602,603,45313,10,0,0,10,7
2020-10-08,US,Illinois,Madison,6188,148,0,38.83042506,-89.90422563,17119.0,2353.1559212978104,2.3917259211376862,6040,6085,148,0,5937,6032,264461,103,0,0,103,53
2020-10-08,US,Illinois,Marion,700,5,0,38.64963204,-88.91899208,17121.0,1881.4675446848541,0.7142857142857143,695,695,5,0,690,655,37620,5,0,0,5,40
2020-10-08,US,Illinois,Marshall,120,0,0,41.0327901,-89.34510444,17123.0,1049.1344640671446,0.0,120,117,0,0,117,118,11534,3,0,0,3,-1
2020-10-08,US,Illinois,Mason,187,1,0,40.23917274,-89.91824452,17125.0,1399.8053746537914,0.5347593582887701,186,183,1,0,182,180,13565,4,0,0,4,3
2020-10-08,US,Illinois,Massac,131,2,0,37.22078441,-88.71036614,17127.0,951.2053441765904,1.5267175572519085,129,130,2,0,128,128,14080,1,0,0,1,2
2020-10-08,US,Illinois,McDonough,523,15,0,40.45674722,-90.67775541,17109.0,1762.0106461828714,2.8680688336520075,508,517,15,0,502,514,29955,6,0,0,6,3
2020-10-08,US,Illinois,McHenry,4944,119,0,42.32451172,-88.45248227,17111.0,1606.3735078336701,2.406957928802589,4825,4905,119,0,4786,4849,308570,39,0,0,39,56
2020-10-08,US,Illinois,McLean,3496,24,0,40.48996987,-88.84621113,17113.0,2038.281919576485,0.6864988558352403,3472,3488,23,0,3465,3455,172828,8,1,0,7,33
2020-10-08,US,Illinois,Menard,137,1,0,40.02742725,-89.80246001,17129.0,1123.3191210232862,0.7299270072992701,136,136,1,0,135,134,12288,1,0,0,1,2
2020-10-08,US,Illinois,Mercer,165,6,0,41.20596782,-90.74290052,17131.0,1068.8605298957052,3.636363636363636,159,160,6,0,154,156,15601,5,0,0,5,4
2020-10-08,US,Illinois,Monroe,760,24,0,38.27594376,-90.17761038,17133.0,2194.1854086670323,3.1578947368421053,736,749,24,0,725,736,34335,11,0,0,11,13
2020-10-08,US,Illinois,Montgomery,438,14,0,39.23198845,-89.47809254,17135.0,1541.4936299007531,3.1963470319634704,424,430,13,0,417,420,28601,8,1,0,7,10
2020-10-08,US,Illinois,Morgan,709,24,0,39.71654544,-90.20255104,17137.0,2106.482856973082,3.385049365303243,685,705,24,0,681,703,33976,4,0,0,4,2
2020-10-08,US,Illinois,Moultrie,254,4,0,39.64187451,-88.62099969,17139.0,1751.6033377008484,1.5748031496062993,250,248,4,0,244,241,14717,6,0,0,6,7
2020-10-08,US,Illinois,Ogle,853,6,0,42.04165196,-89.32184679,17141.0,1684.3393953754714,0.7033997655334114,847,846,6,0,840,820,50923,7,0,0,7,26
2020-10-08,US,Illinois,Out of IL,2,0,0,0.0,0.0,80017.0,0.0,0.0,2,4,0,0,4,1,,-2,0,0,-2,3
2020-10-08,US,Illinois,Peoria,3787,55,0,40.78702156,-89.76078901,17143.0,2113.528929171387,1.4523369421705836,3732,3759,55,0,3704,3744,180621,28,0,0,28,15
2020-10-08,US,Illinois,Perry,366,16,0,38.08510853,-89.36856219,17145.0,1749.8565691336773,4.371584699453551,350,365,16,0,349,363,21174,1,0,0,1,2
2020-10-08,US,Illinois,Piatt,161,0,0,40.01360584,-88.59319339,17147.0,985.0709740577582,0.0,161,160,0,0,160,158,16396,1,0,0,1,2
2020-10-08,US,Illinois,Pike,160,2,0,39.62265059,-90.8877017,17149.0,1028.211554527344,1.25,158,158,2,0,156,156,15611,2,0,0,2,2
2020-10-08,US,Illinois,Pope,33,1,0,37.41391284,-88.56152109,17151.0,790.0406990663155,3.0303030303030303,32,30,1,0,29,30,4212,3,0,0,3,0
2020-10-08,US,Illinois,Pulaski,201,1,0,37.22631423,-89.13085001,17153.0,3767.572633552015,0.4975124378109453,200,200,1,0,199,197,5463,1,0,0,1,3
2020-10-08,US,Illinois,Putnam,69,0,0,41.2013541,-89.2869272,17155.0,1202.3000522739153,0.0,69,69,0,0,69,70,5740,0,0,0,0,-1
2020-10-08,US,Illinois,Randolph,1007,13,0,38.05095369,-89.82512254,17157.0,3168.4601346674212,1.2909632571996028,994,995,13,0,982,986,32106,12,0,0,12,9
2020-10-08,US,Illinois,Richland,275,9,0,38.71240969,-88.08475366,17159.0,1772.7067620705216,3.272727272727273,266,267,9,0,258,264,15763,8,0,0,8,3
2020-10-08,US,Illinois,Rock Island,3291,81,0,41.46613806,-90.57042164,17161.0,2319.582179180851,2.461257976298997,3210,3253,81,0,3172,3227,143477,38,0,0,38,26
2020-10-08,US,Illinois,Saline,424,6,0,37.75332999,-88.54119706,17165.0,1804.9465752841515,1.4150943396226414,418,417,5,0,412,403,23906,7,1,0,6,14
2020-10-08,US,Illinois,Sangamon,2803,48,0,39.75836914,-89.65872023,17167.0,1439.8578121147366,1.7124509454156258,2755,2742,47,0,2695,2676,195348,61,1,0,60,66
2020-10-08,US,Illinois,Schuyler,64,1,0,40.157179799999994,-90.61114163,17169.0,945.6264775413713,1.5625,63,63,1,0,62,62,6907,1,0,0,1,1
2020-10-08,US,Illinois,Scott,82,0,0,39.642916899999996,-90.47814431,17171.0,1656.231064431428,0.0,82,82,0,0,82,82,4926,0,0,0,0,0
2020-10-08,US,Illinois,Shelby,468,7,0,39.39133527,-88.80611122,17173.0,2163.261532772488,1.4957264957264955,461,461,6,0,455,455,21741,7,1,0,6,6
2020-10-08,US,Illinois,St. Clair,7091,200,0,38.46996033,-89.93063427,17163.0,2730.605423472964,2.820476660555634,6891,6994,199,0,6795,6962,261059,97,1,0,96,32
2020-10-08,US,Illinois,Stark,59,2,0,41.09309773,-89.79745866,17175.0,1104.4552602021715,3.3898305084745757,57,58,2,0,56,57,5427,1,0,0,1,1
2020-10-08,US,Illinois,Stephenson,635,7,0,42.35129217,-89.662598,17177.0,1427.0304283338578,1.1023622047244095,628,611,7,0,604,595,44753,24,0,0,24,16
2020-10-08,US,Illinois,Tazewell,2015,38,0,40.50716185,-89.51404662,17179.0,1528.796764868781,1.8858560794044663,1977,1977,36,0,1941,1949,132328,38,2,0,36,28
2020-10-08,US,Illinois,Unassigned,2771,249,0,0.0,0.0,90017.0,0.0,8.985925658607002,2522,2784,249,0,2535,2769,,-13,0,0,-13,15
2020-10-08,US,Illinois,Union,607,24,0,37.47119609,-89.25548938,17181.0,3644.9888908905305,3.9538714991762767,583,597,24,0,573,585,16841,10,0,0,10,12
2020-10-08,US,Illinois,Vermilion,1133,6,0,40.18417171,-87.73384359,17183.0,1495.5516249109005,0.529567519858782,1127,1065,5,0,1060,1048,76806,68,1,0,67,17
2020-10-08,US,Illinois,Wabash,172,4,0,38.44272901,-87.84922065,17185.0,1493.0555555555554,2.3255813953488373,168,174,4,0,170,170,11549,-2,0,0,-2,4
2020-10-08,US,Illinois,Warren,373,3,0,40.84925021,-90.6147432,17187.0,2214.438375682736,0.8042895442359249,370,369,3,0,366,363,17032,4,0,0,4,6
2020-10-08,US,Illinois,Washington,242,1,0,38.35309213,-89.40982703,17189.0,1742.6369986318139,0.4132231404958678,241,237,1,0,236,236,13995,5,0,0,5,1
2020-10-08,US,Illinois,Wayne,343,6,0,38.42955355,-88.42586459,17191.0,2115.325316065372,1.749271137026239,337,336,6,0,330,328,16332,7,0,0,7,8
2020-10-08,US,Illinois,White,195,1,0,38.08706198,-88.17657461,17193.0,1440.4964172268594,0.5128205128205128,194,193,1,0,192,191,13665,2,0,0,2,2
2020-10-08,US,Illinois,Whiteside,936,21,0,41.75509713,-89.91556058,17195.0,1696.4204802899865,2.243589743589744,915,912,21,0,891,898,55626,24,0,0,24,14
2020-10-08,US,Illinois,Will,15084,396,0,41.44619267,-87.97862712,17197.0,2183.7354848329987,2.6252983293556085,14688,14937,394,0,14543,14804,692310,147,2,0,145,133
2020-10-08,US,Illinois,Williamson,1521,55,0,37.73033511,-88.92994027,17199.0,2283.8866615613315,3.616042077580538,1466,1502,55,0,1447,1484,67056,19,0,0,19,18
2020-10-08,US,Illinois,Winnebago,7354,156,0,42.33641854,-89.16085327,17201.0,2602.522542927112,2.121294533587164,7198,7181,155,0,7026,6975,284081,173,1,0,172,206
2020-10-08,US,Illinois,Woodford,471,9,0,40.78579374,-89.20973757,17203.0,1224.6808289347098,1.9108280254777068,462,467,9,0,458,459,38463,4,0,0,4,8
2020-10-08,US,Indiana,Adams,333,4,0,40.7457653,-84.93671406,18001.0,930.76557564916,1.2012012012012012,329,319,4,0,315,317,35636,14,0,0,14,2
2020-10-08,US,Indiana,Allen,6848,209,0,41.09194313,-85.06800636,18003.0,1805.4358171258032,3.051985981308411,6639,6774,209,0,6565,6701,375351,74,0,0,74,73
2020-10-08,US,Indiana,Bartholomew,1246,57,0,39.20744865,-85.89558181,18005.0,1487.2462072834478,4.5746388443017665,1189,1232,57,0,1175,1232,82753,14,0,0,14,0
2020-10-08,US,Indiana,Benton,90,0,0,40.60626947,-87.31093999,18007.0,1028.80658436214,0.0,90,90,0,0,90,92,8653,0,0,0,0,-2
2020-10-08,US,Indiana,Blackford,154,3,0,40.47388153,-85.32499702,18009.0,1309.746555536656,1.9480519480519483,151,149,3,0,146,147,11930,5,0,0,5,2
2020-10-08,US,Indiana,Boone,1077,46,0,40.0509304,-86.46841646,18011.0,1587.488760815412,4.2711234911792015,1031,1068,46,0,1022,1047,66999,9,0,0,9,21
2020-10-08,US,Indiana,Brown,112,3,0,39.19605589,-86.22868909,18013.0,742.1150278293138,2.6785714285714284,109,109,3,0,106,107,15234,3,0,0,3,2
2020-10-08,US,Indiana,Carroll,292,13,0,40.580783200000006,-86.56198812,18015.0,1441.4770202892828,4.452054794520548,279,292,13,0,279,289,20127,0,0,0,0,3
2020-10-08,US,Indiana,Cass,2078,11,0,40.76135835,-86.34830753,18017.0,5513.545066199687,0.5293551491819056,2067,2036,11,0,2025,2028,37955,42,0,0,42,8
2020-10-08,US,Indiana,Clark,2470,57,0,38.48015445,-85.70510334,18019.0,2087.876789910568,2.3076923076923075,2413,2439,57,0,2382,2425,117360,31,0,0,31,14
2020-10-08,US,Indiana,Clay,348,5,0,39.39561833,-87.11723506,18021.0,1326.9780743565302,1.4367816091954022,343,342,5,0,337,338,26170,6,0,0,6,4
2020-10-08,US,Indiana,Clinton,709,14,0,40.30319754,-86.47277257,18023.0,2188.3391462699465,1.9746121297602257,695,700,14,0,686,695,32250,9,0,0,9,5
2020-10-08,US,Indiana,Crawford,123,1,0,38.28814402,-86.44518825,18025.0,1162.9006334499386,0.8130081300813008,122,122,1,0,121,122,10558,1,0,0,1,0
2020-10-08,US,Indiana,Daviess,730,30,0,38.70186039,-87.07185406,18027.0,2188.839914845132,4.109589041095891,700,724,30,0,694,717,33147,6,0,0,6,7
2020-10-08,US,Indiana,DeKalb,557,11,0,41.39804622,-84.99906934,18033.0,1281.1960897067281,1.9748653500897664,546,545,11,0,534,535,43226,12,0,0,12,10
2020-10-08,US,Indiana,Dearborn,733,28,0,39.14647946,-84.97333539,18029.0,1482.0655910065107,3.819918144611187,705,729,28,0,701,717,49568,4,0,0,4,12
2020-10-08,US,Indiana,Decatur,470,39,0,39.30712658,-85.50087166,18031.0,1769.644941451109,8.297872340425531,431,469,39,0,430,468,26794,1,0,0,1,1
2020-10-08,US,Indiana,Delaware,2290,67,0,40.22787247,-85.39732772,18035.0,2006.3959346388046,2.9257641921397384,2223,2254,67,0,2187,2220,114772,36,0,0,36,34
2020-10-08,US,Indiana,Dubois,1112,20,0,38.36597551,-86.87924170000002,18037.0,2602.0217147135904,1.7985611510791366,1092,1109,20,0,1089,1092,42565,3,0,0,3,17
2020-10-08,US,Indiana,Elkhart,7305,120,0,41.59761169,-85.85875695,18039.0,3540.256177880305,1.6427104722792607,7185,7176,118,0,7058,7090,205560,129,2,0,127,86
2020-10-08,US,Indiana,Fayette,478,14,0,39.63684962,-85.17797541,18041.0,2069.0849277118864,2.928870292887029,464,468,14,0,454,432,23047,10,0,0,10,36
2020-10-08,US,Indiana,Floyd,1530,64,0,38.32117957,-85.90385377,18043.0,1948.4985099717278,4.183006535947713,1466,1510,64,0,1446,1497,77781,20,0,0,20,13
2020-10-08,US,Indiana,Fountain,186,2,0,40.12361933,-87.24217689,18045.0,1137.8930625229414,1.075268817204301,184,168,2,0,166,150,16351,18,0,0,18,18
2020-10-08,US,Indiana,Franklin,324,25,0,39.4142482,-85.06062647,18047.0,1423.6751911415765,7.716049382716049,299,320,25,0,295,319,22736,4,0,0,4,1
2020-10-08,US,Indiana,Fulton,270,2,0,41.0469907,-86.26252745,18049.0,1351.7572844698109,0.7407407407407407,268,267,2,0,265,264,20092,3,0,0,3,3
2020-10-08,US,Indiana,Gibson,672,7,0,38.30393723,-87.58054938,18051.0,1996.4942511661072,1.0416666666666667,665,656,7,0,649,630,33452,16,0,0,16,26
2020-10-08,US,Indiana,Grant,1050,37,0,40.51587228,-85.65468702,18053.0,1596.4968298134381,3.523809523809524,1013,1041,37,0,1004,1032,65936,9,0,0,9,9
2020-10-08,US,Indiana,Greene,450,36,0,39.03630547,-86.96223202,18055.0,1409.6861098928641,8.0,414,444,36,0,408,444,32006,6,0,0,6,0
2020-10-08,US,Indiana,Hamilton,5325,110,0,40.07306535,-86.05244729,18057.0,1575.3925168115832,2.0657276995305165,5215,5285,110,0,5175,5245,330086,40,0,0,40,40
2020-10-08,US,Indiana,Hancock,1006,44,0,39.82304555,-85.77566351,18059.0,1286.9716508033978,4.3737574552683895,962,989,44,0,945,981,76351,17,0,0,17,8
2020-10-08,US,Indiana,Harrison,649,24,0,38.19467379,-86.10948271,18061.0,1601.8758484511911,3.697996918335901,625,643,24,0,619,638,40350,6,0,0,6,5
2020-10-08,US,Indiana,Hendricks,2890,128,0,39.76719009,-86.51037283,18063.0,1696.8956790812106,4.429065743944636,2762,2881,127,0,2754,2859,167009,9,1,0,8,22
2020-10-08,US,Indiana,Henry,976,27,0,39.93029017,-85.39625719,18065.0,2034.5201367464358,2.7663934426229506,949,960,27,0,933,938,48271,16,0,0,16,22
2020-10-08,US,Indiana,Howard,1447,64,0,40.48527731,-86.11351892,18067.0,1753.0044582283385,4.42294402211472,1383,1432,64,0,1368,1427,82366,15,0,0,15,5
2020-10-08,US,Indiana,Huntington,308,3,0,40.82907273,-85.48822092,18069.0,843.3734939759038,0.9740259740259741,305,301,3,0,298,299,36240,7,0,0,7,2
2020-10-08,US,Indiana,Jackson,869,10,0,38.90915820000001,-86.03851889,18071.0,1964.6854016413827,1.150747986191024,859,864,10,0,854,861,44111,5,0,0,5,3
2020-10-08,US,Indiana,Jasper,429,3,0,41.02078733,-87.11553319,18073.0,1278.2313330552408,0.6993006993006993,426,427,3,0,424,424,33370,2,0,0,2,3
2020-10-08,US,Indiana,Jay,228,1,0,40.43781032,-85.00576229,18075.0,1115.6782149148562,0.43859649122807015,227,224,1,0,223,224,20764,4,0,0,4,0
2020-10-08,US,Indiana,Jefferson,274,3,0,38.78576239,-85.43633383,18077.0,848.0871610746565,1.094890510948905,271,272,3,0,269,278,32208,2,0,0,2,-6
2020-10-08,US,Indiana,Jennings,334,13,0,38.99588883,-85.62710784,18079.0,1204.2545520100955,3.8922155688622753,321,332,13,0,319,330,27611,2,0,0,2,2
2020-10-08,US,Indiana,Johnson,2572,126,0,39.48994426,-86.10149107,18081.0,1626.1293443006446,4.898911353032659,2446,2532,125,0,2407,2516,156225,40,1,0,39,16
2020-10-08,US,Indiana,Knox,587,10,0,38.68861576,-87.4194665,18083.0,1604.0881018746247,1.7035775127768311,577,584,10,0,574,579,36895,3,0,0,3,5
2020-10-08,US,Indiana,Kosciusko,1436,17,0,41.24521668,-85.86312322,18085.0,1807.2895690696732,1.1838440111420614,1419,1411,17,0,1394,1374,79344,25,0,0,25,37
2020-10-08,US,Indiana,LaGrange,687,12,0,41.64232188,-85.42674232,18087.0,1734.235371333367,1.7467248908296944,675,677,12,0,665,670,39330,10,0,0,10,7
2020-10-08,US,Indiana,LaPorte,1733,47,0,41.54366008,-86.74072188,18091.0,1577.0602795573675,2.712060011540681,1686,1704,46,0,1658,1698,110007,29,1,0,28,6
2020-10-08,US,Indiana,Lake,11419,335,0,41.41874274,-87.38277575,18089.0,2352.042150968191,2.9337069795954114,11084,11344,334,0,11010,11283,484411,75,1,0,74,61
2020-10-08,US,Indiana,Lawrence,598,30,0,38.84112637,-86.48361629,18093.0,1318.051575931232,5.016722408026756,568,577,30,0,547,573,45668,21,0,0,21,4
2020-10-08,US,Indiana,Madison,1924,80,0,40.16143691,-85.71964711,18095.0,1484.9230911714997,4.158004158004158,1844,1902,79,0,1823,1878,129641,22,1,0,21,24
2020-10-08,US,Indiana,Marion,22689,771,0,39.78163624,-86.13826325,18097.0,2352.2105948483386,3.3981224381859048,21918,22560,772,0,21788,22440,954670,129,-1,0,130,120
2020-10-08,US,Indiana,Marshall,1105,26,0,41.32467367,-86.26185087,18099.0,2388.7759955034803,2.3529411764705883,1079,1091,26,0,1065,1077,46248,14,0,0,14,14
2020-10-08,US,Indiana,Martin,177,0,0,38.7099921,-86.80373186,18101.0,1725.9873232569475,0.0,177,174,0,0,174,175,10217,3,0,0,3,-1
2020-10-08,US,Indiana,Miami,459,4,0,40.76940965,-86.04525048,18103.0,1292.375267485077,0.8714596949891068,455,455,4,0,451,452,35567,4,0,0,4,3
2020-10-08,US,Indiana,Monroe,2890,37,0,39.16130004,-86.52414358,18105.0,1947.0326279550766,1.2802768166089966,2853,2868,37,0,2831,2846,146917,22,0,0,22,22
2020-10-08,US,Indiana,Montgomery,515,22,0,40.04034823,-86.89335024,18107.0,1343.3147269028118,4.271844660194175,493,513,22,0,491,514,38346,2,0,0,2,-1
2020-10-08,US,Indiana,Morgan,798,40,0,39.47899078,-86.44573375,18109.0,1132.0915320120869,5.012531328320802,758,786,40,0,746,779,70116,12,0,0,12,7
2020-10-08,US,Indiana,Newton,182,11,0,40.95610449,-87.39635768,18111.0,1301.487414187643,6.043956043956044,171,180,11,0,169,179,14011,2,0,0,2,1
2020-10-08,US,Indiana,Noble,972,33,0,41.39672484,-85.41966713,18113.0,2035.8579088471847,3.3950617283950617,939,967,32,0,935,957,47532,5,1,0,4,10
2020-10-08,US,Indiana,Ohio,83,7,0,38.955304999999996,-84.96515993,18115.0,1412.7659574468084,8.433734939759036,76,81,7,0,74,82,5844,2,0,0,2,-1
2020-10-08,US,Indiana,Orange,306,24,0,38.54118920000001,-86.49523093,18117.0,1557.5689707828565,7.84313725490196,282,303,24,0,279,300,19489,3,0,0,3,3
2020-10-08,US,Indiana,Owen,177,1,0,39.31145587,-86.83900724,18119.0,851.0024520409635,0.5649717514124294,176,177,1,0,176,178,20845,0,0,0,0,-1
2020-10-08,US,Indiana,Parke,146,2,0,39.77202286,-87.20375833,18121.0,862.018066954006,1.3698630136986298,144,143,2,0,141,134,16927,3,0,0,3,9
2020-10-08,US,Indiana,Perry,246,13,0,38.07809328,-86.63741946,18123.0,1283.3220303615212,5.284552845528455,233,241,13,0,228,241,19102,5,0,0,5,0
2020-10-08,US,Indiana,Pike,255,6,0,38.40112197,-87.23574907,18125.0,2058.27750423763,2.3529411764705883,249,246,4,0,242,244,12410,9,2,0,7,2
2020-10-08,US,Indiana,Porter,2459,47,0,41.45986947,-87.06848888,18127.0,1443.1682796424652,1.9113460756405043,2412,2421,47,0,2374,2396,169594,38,0,0,38,25
2020-10-08,US,Indiana,Posey,485,3,0,38.02097333,-87.86480429,18129.0,1907.421245133126,0.6185567010309279,482,469,3,0,466,449,25540,16,0,0,16,20
2020-10-08,US,Indiana,Pulaski,117,1,0,41.04166107,-86.69890683,18131.0,947.1383469602524,0.8547008547008547,116,117,1,0,116,117,12469,0,0,0,0,0
2020-10-08,US,Indiana,Putnam,636,14,0,39.66437981,-86.84517605,18133.0,1692.5697253566107,2.2012578616352205,622,634,13,0,621,633,37779,2,1,0,1,1
2020-10-08,US,Indiana,Randolph,264,8,0,40.15734772,-85.01139319,18135.0,1070.3425907155886,3.0303030303030303,256,263,8,0,255,256,24851,1,0,0,1,7
2020-10-08,US,Indiana,Ripley,338,8,0,39.10235626,-85.26212744,18137.0,1193.334274819941,2.366863905325444,330,337,8,0,329,331,28523,1,0,0,1,6
2020-10-08,US,Indiana,Rush,164,4,0,39.62002287,-85.4655599,18139.0,989.083891200772,2.4390243902439024,160,165,4,0,161,163,16663,-1,0,0,-1,2
2020-10-08,US,Indiana,Scott,443,11,0,38.68672078,-85.74627859,18143.0,1855.6528295564026,2.4830699774266365,432,441,11,0,430,436,23878,2,0,0,2,5
2020-10-08,US,Indiana,Shelby,706,29,0,39.52305623,-85.79158570000001,18145.0,1578.3943303002527,4.1076487252124645,677,703,29,0,674,702,44593,3,0,0,3,1
2020-10-08,US,Indiana,Spencer,313,4,0,38.01519732,-87.0079644,18147.0,1543.6208512107314,1.2779552715654952,309,312,4,0,308,303,20327,1,0,0,1,9
2020-10-08,US,Indiana,St. Joseph,7500,134,0,41.61756781,-86.29040834,18141.0,2759.1179651688954,1.7866666666666666,7366,7419,130,0,7289,7318,270771,81,4,0,77,101
2020-10-08,US,Indiana,Starke,306,7,0,41.27890281,-86.64686895,18149.0,1330.7240704500978,2.2875816993464047,299,297,7,0,290,291,22935,9,0,0,9,6
2020-10-08,US,Indiana,Steuben,451,9,0,41.64423868,-85.00101094,18151.0,1303.6942822454762,1.9955654101995568,442,441,9,0,432,433,34586,10,0,0,10,8
2020-10-08,US,Indiana,Sullivan,360,12,0,39.08952258,-87.41414469,18153.0,1741.738835937878,3.333333333333333,348,354,12,0,342,353,20690,6,0,0,6,1
2020-10-08,US,Indiana,Switzerland,72,0,0,38.82767338,-85.03022429,18155.0,669.7051437075621,0.0,72,72,0,0,72,71,10717,0,0,0,0,1
2020-10-08,US,Indiana,Tippecanoe,2960,13,0,40.38872739,-86.89413959,18157.0,1512.2718819610488,0.4391891891891892,2947,2914,13,0,2901,2866,193048,46,0,0,46,48
2020-10-08,US,Indiana,Tipton,247,23,0,40.31123252,-86.05234925,18159.0,1630.578294164246,9.31174089068826,224,247,23,0,224,243,15128,0,0,0,0,4
2020-10-08,US,Indiana,Unassigned,0,227,0,0.0,0.0,90018.0,0.0,0.0,-227,0,227,0,-227,0,,0,0,0,0,0
2020-10-08,US,Indiana,Union,83,0,0,39.62550777,-84.92497066,18161.0,1176.637368868727,0.0,83,82,0,0,82,82,7037,1,0,0,1,0
2020-10-08,US,Indiana,Vanderburgh,4526,37,0,38.02658833,-87.58763124,18163.0,2494.337314206039,0.8174988952717631,4489,4449,36,0,4413,4362,180974,77,1,0,76,87
2020-10-08,US,Indiana,Vermillion,147,1,0,39.8523352,-87.46160542,18165.0,948.5094850948508,0.6802721088435374,146,144,1,0,143,143,15479,3,0,0,3,1
2020-10-08,US,Indiana,Vigo,2091,30,0,39.42944561,-87.39169027,18167.0,1953.51183691773,1.4347202295552368,2061,2051,30,0,2021,2030,107386,40,0,0,40,21
2020-10-08,US,Indiana,Wabash,296,9,0,40.84704239,-85.79328272,18169.0,954.9619305716867,3.0405405405405403,287,293,9,0,284,290,31280,3,0,0,3,3
2020-10-08,US,Indiana,Warren,48,1,0,40.34728141,-87.35602659,18171.0,580.7622504537205,2.083333333333333,47,47,1,0,46,43,8263,1,0,0,1,4
2020-10-08,US,Indiana,Warrick,1608,56,0,38.08922676,-87.2716085,18173.0,2552.4619829200933,3.4825870646766166,1552,1595,56,0,1539,1564,62567,13,0,0,13,31
2020-10-08,US,Indiana,Washington,298,2,0,38.60219804,-86.1049363,18175.0,1062.9191040091314,0.6711409395973155,296,292,2,0,290,290,27943,6,0,0,6,2
2020-10-08,US,Indiana,Wayne,880,16,0,39.863344399999995,-85.01044989,18177.0,1335.6808936919433,1.818181818181818,864,856,16,0,840,845,65936,24,0,0,24,11
2020-10-08,US,Indiana,Wells,305,5,0,40.72934187,-85.22132966,18179.0,1077.8908679672036,1.639344262295082,300,294,5,0,289,288,28206,11,0,0,11,6
2020-10-08,US,Indiana,White,508,15,0,40.74911165,-86.86492015,18181.0,2107.7089038254085,2.9527559055118107,493,506,15,0,491,506,24133,2,0,0,2,0
2020-10-08,US,Indiana,Whitley,338,7,0,41.13863784,-85.50791236,18183.0,995.1713579083736,2.0710059171597632,331,334,7,0,327,322,34074,4,0,0,4,12
2020-10-08,US,Iowa,Adair,86,1,0,41.33075609,-94.47105874,19001.0,1202.4608501118566,1.162790697674419,85,85,1,0,84,82,7063,1,0,0,1,3
2020-10-08,US,Iowa,Adams,52,0,0,41.02903567,-94.69932645,19003.0,1443.6424208772908,0.0,52,49,0,0,49,45,3645,3,0,0,3,4
2020-10-08,US,Iowa,Allamakee,286,8,0,43.28383218,-91.37860922,19005.0,2089.574048367064,2.797202797202797,278,281,8,0,273,278,13832,5,0,0,5,3
2020-10-08,US,Iowa,Appanoose,168,3,0,40.74324454,-92.86865906,19007.0,1352.0038628681796,1.7857142857142858,165,165,3,0,162,158,12437,3,0,0,3,7
2020-10-08,US,Iowa,Audubon,112,1,0,41.6844628,-94.90581859,19009.0,2037.8457059679768,0.8928571428571429,111,108,1,0,107,109,5506,4,0,0,4,-1
2020-10-08,US,Iowa,Benton,385,1,0,42.08011739,-92.06463573,19011.0,1501.267303567947,0.2597402597402597,384,377,1,0,376,371,25642,8,0,0,8,6
2020-10-08,US,Iowa,Black Hawk,4784,95,0,42.4704581,-92.30524729,19013.0,3645.563446825373,1.9857859531772573,4689,4732,95,0,4637,4678,132408,52,0,0,52,54
2020-10-08,US,Iowa,Boone,586,8,0,42.03657094,-93.9313999,19015.0,2233.742471601738,1.3651877133105803,578,580,8,0,572,569,26346,6,0,0,6,11
2020-10-08,US,Iowa,Bremer,541,7,0,42.77461496,-92.31795937,19017.0,2158.6465565397807,1.2939001848428835,534,533,7,0,526,529,24947,8,0,0,8,4
2020-10-08,US,Iowa,Buchanan,334,1,0,42.4709188,-91.83510825,19019.0,1577.331759149941,0.2994011976047904,333,327,1,0,326,321,21199,7,0,0,7,6
2020-10-08,US,Iowa,Buena Vista,2104,12,0,42.73545875,-95.15100162,19021.0,10723.75127420999,0.5703422053231939,2092,2082,12,0,2070,2065,19874,22,0,0,22,17
2020-10-08,US,Iowa,Butler,307,2,0,42.73172833,-92.79015971,19023.0,2126.186023962878,0.6514657980456026,305,303,2,0,301,296,14539,4,0,0,4,7
2020-10-08,US,Iowa,Calhoun,234,3,0,42.38521079,-94.64046046,19025.0,2420.355812991312,1.2820512820512822,231,221,3,0,218,215,9699,13,0,0,13,6
2020-10-08,US,Iowa,Carroll,855,5,0,42.03617207,-94.86032705,19027.0,4240.019836350111,0.5847953216374269,850,818,5,0,813,795,20154,37,0,0,37,23
2020-10-08,US,Iowa,Cass,207,2,0,41.33149454,-94.92792482,19029.0,1612.6519164848862,0.966183574879227,205,200,2,0,198,194,12930,7,0,0,7,6
2020-10-08,US,Iowa,Cedar,291,3,0,41.77233777,-91.13246684,19031.0,1562.2483491705589,1.0309278350515465,288,285,3,0,282,285,18627,6,0,0,6,0
2020-10-08,US,Iowa,Cerro Gordo,1166,23,0,43.08177563,-93.2612239,19033.0,2746.760895170789,1.972555746140652,1143,1123,23,0,1100,1119,42647,43,0,0,43,4
2020-10-08,US,Iowa,Cherokee,319,2,0,42.73538914,-95.62389402,19035.0,2839.341344014241,0.6269592476489029,317,310,2,0,308,302,11321,9,0,0,9,8
2020-10-08,US,Iowa,Chickasaw,303,1,0,43.06001295,-92.31773347,19037.0,2539.1770719852507,0.33003300330033003,302,296,1,0,295,293,11964,7,0,0,7,3
2020-10-08,US,Iowa,Clarke,278,3,0,41.02868181,-93.78499767,19039.0,2959.0207557211284,1.0791366906474822,275,277,3,0,274,274,9423,1,0,0,1,3
2020-10-08,US,Iowa,Clay,407,4,0,43.08247182,-95.15096481,19041.0,2541.2087912087914,0.9828009828009828,403,392,4,0,388,382,16134,15,0,0,15,10
2020-10-08,US,Iowa,Clayton,305,3,0,42.84443388,-91.34133693,19043.0,1737.9907687047696,0.9836065573770492,302,301,3,0,298,295,17556,4,0,0,4,6
2020-10-08,US,Iowa,Clinton,1237,24,0,41.89981633,-90.53275096,19045.0,2664.283098925241,1.9401778496362168,1213,1233,23,0,1210,1215,46518,4,1,0,3,18
2020-10-08,US,Iowa,Crawford,1188,9,0,42.03718237,-95.3819718,19047.0,7063.020214030916,0.7575757575757576,1179,1182,7,0,1175,1168,17158,6,2,0,4,14
2020-10-08,US,Iowa,Dallas,3017,40,0,41.68560356,-94.04127625,19049.0,3228.360780285277,1.3258203513423932,2977,2981,40,0,2941,2946,90180,36,0,0,36,35
2020-10-08,US,Iowa,Davis,139,4,0,40.74773536,-92.41005468,19051.0,1544.4444444444446,2.8776978417266186,135,137,4,0,133,137,9017,2,0,0,2,0
2020-10-08,US,Iowa,Decatur,95,0,0,40.73742757,-93.78645949,19053.0,1207.115628970775,0.0,95,89,0,0,89,75,7890,6,0,0,6,14
2020-10-08,US,Iowa,Delaware,548,4,0,42.47104597,-91.3664492,19055.0,3221.444947386985,0.7299270072992701,544,534,4,0,530,515,17069,14,0,0,14,19
2020-10-08,US,Iowa,Des Moines,951,9,0,40.92012606,-91.18326592,19057.0,2440.5265994302868,0.946372239747634,942,941,9,0,932,908,39138,10,0,0,10,33
2020-10-08,US,Iowa,Dickinson,615,7,0,43.37787725,-95.1510206,19059.0,3563.5647236064433,1.1382113821138211,608,596,7,0,589,580,17153,19,0,0,19,16
2020-10-08,US,Iowa,Dubuque,3937,47,0,42.46815349,-90.88181925,19061.0,4045.791328832301,1.1938023876047752,3890,3863,47,0,3816,3771,96854,74,0,0,74,92
2020-10-08,US,Iowa,Emmet,335,11,0,43.37782951,-94.67858943,19063.0,3638.1407471763678,3.2835820895522385,324,310,11,0,299,306,9253,25,0,0,25,4
2020-10-08,US,Iowa,Fayette,274,2,0,42.86271799,-91.84412309999999,19065.0,1394.4020356234091,0.7299270072992701,272,263,2,0,261,258,19660,11,0,0,11,5
2020-10-08,US,Iowa,Floyd,388,9,0,43.06000529999999,-92.78940097,19067.0,2480.5012146784297,2.31958762886598,379,382,8,0,374,378,15761,6,1,0,5,4
2020-10-08,US,Iowa,Franklin,360,18,0,42.73270384,-93.26256925,19069.0,3574.9751737835154,5.0,342,355,18,0,337,353,10124,5,0,0,5,2
2020-10-08,US,Iowa,Fremont,158,0,0,40.74542720000001,-95.60129045,19071.0,2270.114942528736,0.0,158,154,0,0,154,150,6993,4,0,0,4,4
2020-10-08,US,Iowa,Greene,145,0,0,42.03614551,-94.39658081,19073.0,1631.4131413141315,0.0,145,141,0,0,141,136,8981,4,0,0,4,5
2020-10-08,US,Iowa,Grundy,250,4,0,42.40183723,-92.78829551,19075.0,2043.8194898626552,1.6,246,246,4,0,242,244,12304,4,0,0,4,2
2020-10-08,US,Iowa,Guthrie,319,12,0,41.68378965,-94.50111014,19077.0,2984.3764617831416,3.761755485893417,307,309,12,0,297,301,10720,10,0,0,10,8
2020-10-08,US,Iowa,Hamilton,371,3,0,42.38382428,-93.70197703,19079.0,2511.338252216882,0.8086253369272237,368,348,3,0,345,347,14952,23,0,0,23,1
2020-10-08,US,Iowa,Hancock,236,3,0,43.08178477,-93.73454884,19081.0,2220.131702728128,1.2711864406779658,233,219,3,0,216,216,10712,17,0,0,17,3
2020-10-08,US,Iowa,Hardin,332,2,0,42.38353877,-93.23654611,19083.0,1970.7942538288016,0.6024096385542169,330,331,2,0,329,328,16868,1,0,0,1,3
2020-10-08,US,Iowa,Harrison,371,5,0,41.68330137,-95.81558439,19085.0,2640.757349277529,1.3477088948787062,366,363,5,0,358,337,14134,8,0,0,8,26
2020-10-08,US,Iowa,Henry,881,5,0,40.98767962,-91.54436349,19087.0,4415.154856169189,0.5675368898978433,876,859,5,0,854,847,20067,22,0,0,22,12
2020-10-08,US,Iowa,Howard,207,7,0,43.35671042,-92.31702714,19089.0,2260.318846909805,3.3816425120772946,200,201,7,0,194,199,9187,6,0,0,6,2
2020-10-08,US,Iowa,Humboldt,231,3,0,42.7764426,-94.20722537,19091.0,2416.823603264281,1.2987012987012987,228,206,3,0,203,204,9547,25,0,0,25,2
2020-10-08,US,Iowa,Ida,155,2,0,42.38696136,-95.51355387,19093.0,2259.475218658892,1.2903225806451613,153,150,2,0,148,149,6841,5,0,0,5,1
2020-10-08,US,Iowa,Iowa,293,1,0,41.68630265,-92.0643373,19095.0,1810.4300543746908,0.3412969283276451,292,282,1,0,281,266,16141,11,0,0,11,16
2020-10-08,US,Iowa,Jackson,433,3,0,42.17178824,-90.57354837,19097.0,2227.4808374916406,0.6928406466512702,430,418,3,0,415,410,19432,15,0,0,15,8
2020-10-08,US,Iowa,Jasper,943,34,0,41.68576082,-93.05567785,19099.0,2535.968804625521,3.605514316012725,909,938,34,0,904,918,37147,5,0,0,5,20
2020-10-08,US,Iowa,Jefferson,164,1,0,41.03192394,-91.94849466,19101.0,896.4197868270018,0.6097560975609756,163,162,1,0,161,156,18381,2,0,0,2,6
2020-10-08,US,Iowa,Johnson,5378,29,0,41.67169354,-91.58754744,19103.0,3558.290326849279,0.5392339159538863,5349,5344,28,0,5316,5305,151260,34,1,0,33,39
2020-10-08,US,Iowa,Jones,332,3,0,42.12118609,-91.13139641,19105.0,1605.3382331608725,0.9036144578313252,329,326,3,0,323,324,20744,6,0,0,6,2
2020-10-08,US,Iowa,Keokuk,127,1,0,41.33649833,-92.1785067,19107.0,1239.5081007222332,0.7874015748031497,126,126,1,0,125,126,10225,1,0,0,1,0
2020-10-08,US,Iowa,Kossuth,352,0,0,43.20405458,-94.20691791,19109.0,2376.291095659218,0.0,352,335,0,0,335,329,14908,17,0,0,17,6
2020-10-08,US,Iowa,Lee,748,9,0,40.64181461,-91.48183025,19111.0,2222.420298897703,1.2032085561497323,739,729,8,0,721,712,34055,19,1,0,18,17
2020-10-08,US,Iowa,Linn,4567,117,0,42.07923082,-91.59809485,19113.0,2014.5033655924408,2.561856798773812,4450,4503,117,0,4386,4460,225909,64,0,0,64,43
2020-10-08,US,Iowa,Louisa,455,15,0,41.21842119,-91.26102611,19115.0,4123.24422292705,3.2967032967032965,440,453,15,0,438,449,11169,2,0,0,2,4
2020-10-08,US,Iowa,Lucas,164,6,0,41.02958964,-93.32780803,19117.0,1906.9767441860465,3.6585365853658534,158,163,6,0,157,162,8645,1,0,0,1,1
2020-10-08,US,Iowa,Lyon,457,5,0,43.38107862,-96.20926845,19119.0,3887.707358570821,1.0940919037199124,452,449,5,0,444,445,11811,8,0,0,8,4
2020-10-08,US,Iowa,Madison,282,2,0,41.33081904,-94.01554631,19121.0,1726.0374586852734,0.7092198581560284,280,276,2,0,274,273,16249,6,0,0,6,3
2020-10-08,US,Iowa,Mahaska,483,21,0,41.33521503,-92.64083907,19123.0,2186.0149355057706,4.3478260869565215,462,470,21,0,449,463,22000,13,0,0,13,7
2020-10-08,US,Iowa,Marion,841,9,0,41.33445101,-93.09934783,19125.0,2529.0951192373623,1.070154577883472,832,820,9,0,811,814,33407,21,0,0,21,6
2020-10-08,US,Iowa,Marshall,1854,36,0,42.03586837,-92.99908190000001,19127.0,4709.289034519546,1.9417475728155342,1818,1845,36,0,1809,1831,39981,9,0,0,9,14
2020-10-08,US,Iowa,Mills,252,1,0,41.03299766,-95.61920963,19129.0,1667.8800714805745,0.3968253968253968,251,242,1,0,241,236,15063,10,0,0,10,6
2020-10-08,US,Iowa,Mitchell,204,0,0,43.35638371,-92.78887719,19131.0,1927.0734932930288,0.0,204,203,0,0,203,202,10569,1,0,0,1,1
2020-10-08,US,Iowa,Monona,188,1,0,42.05220391,-95.95743843,19133.0,2182.2402785838653,0.5319148936170213,187,182,1,0,181,179,8679,6,0,0,6,3
2020-10-08,US,Iowa,Monroe,179,11,0,41.02988815,-92.8690667,19135.0,2322.563902945374,6.145251396648044,168,173,11,0,162,171,7790,6,0,0,6,2
2020-10-08,US,Iowa,Montgomery,119,5,0,41.03018714,-95.15642896,19137.0,1199.959665221337,4.201680672268908,114,117,5,0,112,114,10003,2,0,0,2,3
2020-10-08,US,Iowa,Muscatine,1197,56,0,41.48370744,-91.11216970000001,19139.0,2805.644102756423,4.678362573099415,1141,1184,56,0,1128,1172,42929,13,0,0,13,12
2020-10-08,US,Iowa,O'Brien,489,9,0,43.08310673,-95.62474482,19141.0,3555.5878717370756,1.8404907975460123,480,474,9,0,465,470,13840,15,0,0,15,4
2020-10-08,US,Iowa,Osceola,197,0,0,43.37824276,-95.62422844,19143.0,3306.4786841221885,0.0,197,190,0,0,190,188,6040,7,0,0,7,2
2020-10-08,US,Iowa,Page,263,0,0,40.7393172,-95.1497813,19145.0,1740.9148077050374,0.0,263,258,0,0,258,247,15249,5,0,0,5,11
2020-10-08,US,Iowa,Palo Alto,248,0,0,43.08193849,-94.67824621,19147.0,2790.9070447895565,0.0,248,242,0,0,242,241,8929,6,0,0,6,1
2020-10-08,US,Iowa,Plymouth,1335,24,0,42.737633,-96.21366621,19149.0,5302.458593160424,1.7977528089887642,1311,1306,23,0,1283,1281,25095,29,1,0,28,25
2020-10-08,US,Iowa,Pocahontas,189,2,0,42.73420133,-94.67862564,19151.0,2855.416226016015,1.058201058201058,187,183,2,0,181,180,6740,6,0,0,6,3
2020-10-08,US,Iowa,Polk,16814,272,0,41.68679484,-93.57767461,19153.0,3430.301472373363,1.6176995361008684,16542,16704,271,0,16433,16581,487204,110,1,0,109,123
2020-10-08,US,Iowa,Pottawattamie,2487,43,0,41.33640314,-95.53907776,19155.0,2668.2831577366264,1.7289907519099317,2444,2431,42,0,2389,2372,93533,56,1,0,55,59
2020-10-08,US,Iowa,Poweshiek,371,10,0,41.68625425,-92.53155731,19157.0,2004.971897968007,2.6954177897574123,361,365,10,0,355,359,18699,6,0,0,6,6
2020-10-08,US,Iowa,Ringgold,64,2,0,40.73518949,-94.24368535,19159.0,1307.7237433592156,3.125,62,61,2,0,59,59,4968,3,0,0,3,2
2020-10-08,US,Iowa,Sac,318,1,0,42.38624071,-95.10547892,19161.0,3271.2683880259233,0.31446540880503143,317,305,1,0,304,297,9719,13,0,0,13,8
2020-10-08,US,Iowa,Scott,3449,29,0,41.63935978,-90.61959493,19163.0,1994.298699571535,0.8408234270803131,3420,3403,29,0,3374,3355,173283,46,0,0,46,48
2020-10-08,US,Iowa,Shelby,300,1,0,41.6850066,-95.31015553,19165.0,2619.172341540073,0.3333333333333333,299,292,1,0,291,291,11578,8,0,0,8,1
2020-10-08,US,Iowa,Sioux,1995,7,0,43.08221074,-96.17675679999999,19167.0,5723.712523310859,0.3508771929824561,1988,1947,6,0,1941,1908,34909,48,1,0,47,39
2020-10-08,US,Iowa,Story,3654,17,0,42.03621213,-93.46499005,19169.0,3762.472069771513,0.4652435686918446,3637,3630,17,0,3613,3595,98105,24,0,0,24,35
2020-10-08,US,Iowa,Tama,829,34,0,42.07991767,-92.53266945,19171.0,4918.7136584787,4.101326899879373,795,821,34,0,787,809,16904,8,0,0,8,12
2020-10-08,US,Iowa,Taylor,190,1,0,40.73710579,-94.69778563,19173.0,3104.0679627511845,0.5263157894736842,189,169,1,0,168,167,6191,21,0,0,21,2
2020-10-08,US,Iowa,Unassigned,8,0,0,0.0,0.0,90019.0,0.0,0.0,8,7,0,0,7,1,,1,0,0,1,6
2020-10-08,US,Iowa,Union,169,3,0,41.0277278,-94.24234847,19175.0,1380.6061596274815,1.7751479289940828,166,160,3,0,157,157,12359,9,0,0,9,3
2020-10-08,US,Iowa,Van Buren,134,1,0,40.75326764,-91.95017958,19177.0,1902.328222600795,0.746268656716418,133,131,1,0,130,129,7020,3,0,0,3,2
2020-10-08,US,Iowa,Wapello,1405,58,0,41.03064984,-92.40954728,19179.0,4017.844376447711,4.128113879003559,1347,1399,58,0,1341,1391,35205,6,0,0,6,8
2020-10-08,US,Iowa,Warren,1022,6,0,41.33559454,-93.56007641,19181.0,1985.7770178370183,0.5870841487279843,1016,1011,6,0,1005,1002,51056,11,0,0,11,9
2020-10-08,US,Iowa,Washington,542,11,0,41.33577126,-91.71725711,19183.0,2467.562030503073,2.029520295202952,531,539,11,0,528,529,22141,3,0,0,3,10
2020-10-08,US,Iowa,Wayne,98,3,0,40.73969028,-93.32752197,19185.0,1521.5028722248098,3.0612244897959178,95,97,3,0,94,94,6401,1,0,0,1,3
2020-10-08,US,Iowa,Webster,1538,14,0,42.42853483,-94.17987389,19187.0,4283.645276292335,0.9102730819245772,1524,1404,14,0,1390,1400,36277,134,0,0,134,4
2020-10-08,US,Iowa,Winnebago,359,15,0,43.37751174,-93.73407298,19189.0,3467.259030326444,4.178272980501393,344,349,14,0,335,345,10518,10,1,0,9,4
2020-10-08,US,Iowa,Winneshiek,370,9,0,43.29094334,-91.84422722,19191.0,1850.8328747936566,2.4324324324324325,361,362,8,0,354,361,20029,8,1,0,7,1
2020-10-08,US,Iowa,Woodbury,6204,76,0,42.38979414,-96.0459439,19193.0,6017.050248770694,1.22501611863314,6128,6131,74,0,6057,6016,102539,73,2,0,71,115
2020-10-08,US,Iowa,Worth,117,0,0,43.37750768,-93.26087602,19195.0,1585.1510635415257,0.0,117,118,0,0,118,118,7453,-1,0,0,-1,0
2020-10-08,US,Iowa,Wright,637,1,0,42.73305373,-93.73515113,19197.0,5070.848590988697,0.15698587127158556,636,626,1,0,625,622,12690,11,0,0,11,4
2020-10-08,US,Kansas,Allen,97,1,0,37.88582951,-95.30030847,20001.0,784.2186110437384,1.0309278350515465,96,97,1,0,96,82,12444,0,0,0,0,15
2020-10-08,US,Kansas,Anderson,86,0,0,38.21413251,-95.29272815,20003.0,1094.4260626113514,0.0,86,86,0,0,86,85,7878,0,0,0,0,1
2020-10-08,US,Kansas,Atchison,400,4,0,39.53185661,-95.30870026,20005.0,2488.645554656878,1.0,396,366,4,0,362,366,16193,34,0,0,34,0
2020-10-08,US,Kansas,Barber,12,0,0,37.2288586,-98.68460053,20007.0,271.0639259091936,0.0,12,12,0,0,12,11,4472,0,0,0,0,1
2020-10-08,US,Kansas,Barton,573,7,0,38.47889676,-98.75636726,20009.0,2222.73943907832,1.2216404886561956,566,573,7,0,566,573,26111,0,0,0,0,0
2020-10-08,US,Kansas,Bourbon,215,3,0,37.85508555,-94.84865997,20011.0,1479.2899408284025,1.3953488372093024,212,215,3,0,212,197,14653,0,0,0,0,18
2020-10-08,US,Kansas,Brown,155,5,0,39.82652589,-95.56421698,20013.0,1620.6608113759933,3.2258064516129035,150,147,5,0,142,147,9598,8,0,0,8,0
2020-10-08,US,Kansas,Butler,661,3,0,37.78134351,-96.83878537,20015.0,987.8794219186681,0.453857791225416,658,654,3,0,651,643,66765,7,0,0,7,11
2020-10-08,US,Kansas,Chase,87,2,0,38.30292938,-96.59563862,20017.0,3285.498489425982,2.2988505747126435,85,87,2,0,85,87,2629,0,0,0,0,0
2020-10-08,US,Kansas,Chautauqua,21,0,0,37.14994405,-96.2454192,20019.0,646.1538461538463,0.0,21,21,0,0,21,18,3309,0,0,0,0,3
2020-10-08,US,Kansas,Cherokee,564,7,0,37.16928494,-94.8462897,20021.0,2828.6273133055824,1.2411347517730495,557,564,7,0,557,552,20015,0,0,0,0,12
2020-10-08,US,Kansas,Cheyenne,74,2,0,39.78580976,-101.7318201,20023.0,2785.0959729017686,2.702702702702702,72,74,2,0,72,74,2660,0,0,0,0,0
2020-10-08,US,Kansas,Clark,54,1,0,37.23577007,-99.81883015,20025.0,2708.124373119358,1.851851851851852,53,54,1,0,53,53,2005,0,0,0,0,1
2020-10-08,US,Kansas,Clay,63,2,0,39.34948772,-97.16518128,20027.0,787.3031742064484,3.1746031746031744,61,63,2,0,61,63,7997,0,0,0,0,0
2020-10-08,US,Kansas,Cloud,74,1,0,39.48028352,-97.64925343,20029.0,842.249032551787,1.351351351351351,73,74,1,0,73,72,8729,0,0,0,0,2
2020-10-08,US,Kansas,Coffey,129,9,0,38.2365018,-95.73379515,20031.0,1577.2099278640421,6.9767441860465125,120,129,9,0,120,129,8233,0,0,0,0,0
2020-10-08,US,Kansas,Comanche,16,0,0,37.19114520000001,-99.27113247,20033.0,941.1764705882354,0.0,16,16,0,0,16,16,1748,0,0,0,0,0
2020-10-08,US,Kansas,Cowley,402,8,0,37.23781842,-96.83776647,20035.0,1151.5984874527328,1.9900497512437807,394,402,8,0,394,399,35218,0,0,0,0,3
2020-10-08,US,Kansas,Crawford,1131,8,0,37.50675523,-94.85245778,20037.0,2913.596784996651,0.7073386383731212,1123,1131,8,0,1123,1131,39019,0,0,0,0,0
2020-10-08,US,Kansas,Decatur,30,1,0,39.78468441,-100.45940809999999,20039.0,1061.1956137247967,3.333333333333333,29,30,1,0,29,28,2871,0,0,0,0,2
2020-10-08,US,Kansas,Dickinson,235,2,0,38.86600962,-97.15532383,20041.0,1272.6091194627966,0.851063829787234,233,235,2,0,233,235,18717,0,0,0,0,0
2020-10-08,US,Kansas,Doniphan,141,0,0,39.79067154,-95.14056866,20043.0,1855.2631578947367,0.0,141,123,0,0,123,123,7682,18,0,0,18,0
2020-10-08,US,Kansas,Douglas,2527,14,0,38.88503636,-95.2925121,20045.0,2066.92349847455,0.554016620498615,2513,2498,14,0,2484,2479,121436,29,0,0,29,19
2020-10-08,US,Kansas,Edwards,56,0,0,37.88735543,-99.31263309,20047.0,2001.4295925661186,0.0,56,56,0,0,56,53,2849,0,0,0,0,3
2020-10-08,US,Kansas,Elk,3,0,0,37.45338105,-96.24369667,20049.0,118.57707509881423,0.0,3,3,0,0,3,1,2508,0,0,0,0,2
2020-10-08,US,Kansas,Ellis,1145,9,0,38.91458712,-99.31751551,20051.0,4010.086505796239,0.7860262008733624,1136,1145,9,0,1136,1122,28710,0,0,0,0,23
2020-10-08,US,Kansas,Ellsworth,76,0,0,38.69677695,-98.20462799,20053.0,1245.493280891511,0.0,76,76,0,0,76,71,6196,0,0,0,0,5
2020-10-08,US,Kansas,Finney,2368,12,0,38.04340344,-100.73819379999999,20055.0,6493.5421065620985,0.5067567567567568,2356,2312,12,0,2300,2312,36611,56,0,0,56,0
2020-10-08,US,Kansas,Ford,2927,13,0,37.69200114,-99.88825298,20057.0,8706.386269668938,0.4441407584557567,2914,2927,13,0,2914,2888,33888,0,0,0,0,39
2020-10-08,US,Kansas,Franklin,427,3,0,38.56443815,-95.28644341,20059.0,1671.625430629502,0.7025761124121779,424,428,3,0,425,422,25631,-1,0,0,-1,6
2020-10-08,US,Kansas,Geary,327,3,0,38.99871131,-96.7577178,20061.0,1032.5228923271234,0.9174311926605504,324,327,3,0,324,321,32594,0,0,0,0,6
2020-10-08,US,Kansas,Gove,115,2,0,38.91588178,-100.4829321,20063.0,4362.670713201821,1.7391304347826086,113,115,2,0,113,101,2612,0,0,0,0,14
2020-10-08,US,Kansas,Graham,45,1,0,39.34987223,-99.88332493,20065.0,1813.0539887187756,2.2222222222222223,44,45,1,0,44,39,2492,0,0,0,0,6
2020-10-08,US,Kansas,Grant,334,7,0,37.56227336,-101.3079758,20067.0,4671.328671328672,2.0958083832335332,327,334,7,0,327,331,7336,0,0,0,0,3
2020-10-08,US,Kansas,Gray,148,0,0,37.73836671,-100.4369088,20069.0,2471.609886439546,0.0,148,148,0,0,148,148,6033,0,0,0,0,0
2020-10-08,US,Kansas,Greeley,10,0,0,38.4808095,-101.8061079,20071.0,811.6883116883117,0.0,10,10,0,0,10,10,1227,0,0,0,0,0
2020-10-08,US,Kansas,Greenwood,56,0,0,37.8774388,-96.23250453,20073.0,936.1417586091608,0.0,56,56,0,0,56,49,6055,0,0,0,0,7
2020-10-08,US,Kansas,Hamilton,45,0,0,37.99978709,-101.7921066,20075.0,1772.3513194170932,0.0,45,45,0,0,45,45,2607,0,0,0,0,0
2020-10-08,US,Kansas,Harper,120,2,0,37.19175361,-98.07578384,20077.0,2207.5055187637968,1.6666666666666667,118,120,2,0,118,120,5506,0,0,0,0,0
2020-10-08,US,Kansas,Harvey,394,7,0,38.04293782,-97.42747573,20079.0,1144.3840948037994,1.7766497461928934,387,394,7,0,387,384,34210,0,0,0,0,10
2020-10-08,US,Kansas,Haskell,103,1,0,37.562039399999996,-100.8710738,20081.0,2595.766129032258,0.9708737864077671,102,103,1,0,102,103,3997,0,0,0,0,0
2020-10-08,US,Kansas,Hodgeman,30,0,0,38.08780079,-99.89829881,20083.0,1672.2408026755857,0.0,30,30,0,0,30,26,1818,0,0,0,0,4
2020-10-08,US,Kansas,Jackson,261,3,0,39.41673394,-95.79356799,20085.0,1981.6263002049961,1.1494252873563218,258,261,3,0,258,256,13280,0,0,0,0,5
2020-10-08,US,Kansas,Jefferson,222,4,0,39.2347941,-95.38289232,20087.0,1165.782702305309,1.8018018018018016,218,221,4,0,217,220,18975,1,0,0,1,1
2020-10-08,US,Kansas,Jewell,17,1,0,39.78470589,-98.21820662,20089.0,590.4828065300452,5.882352941176472,16,17,1,0,16,17,2841,0,0,0,0,0
2020-10-08,US,Kansas,Johnson,11949,161,0,38.88548175,-94.82250877,20091.0,1983.562444285451,1.3473930872876392,11788,11817,160,0,11657,11733,597555,132,1,0,131,84
2020-10-08,US,Kansas,Kearny,105,1,0,38.00017981,-101.32168100000001,20093.0,2735.7998957790514,0.9523809523809524,104,105,1,0,104,105,3943,0,0,0,0,0
2020-10-08,US,Kansas,Kingman,96,1,0,37.55909527,-98.13638678,20095.0,1342.2818791946308,1.0416666666666667,95,96,1,0,95,96,7310,0,0,0,0,0
2020-10-08,US,Kansas,Kiowa,28,0,0,37.55848695,-99.2856537,20097.0,1131.3131313131316,0.0,28,28,0,0,28,28,2516,0,0,0,0,0
2020-10-08,US,Kansas,Labette,262,5,0,37.19113093,-95.29849679,20099.0,1335.508206748904,1.9083969465648856,257,262,5,0,257,262,19964,0,0,0,0,0
2020-10-08,US,Kansas,Lane,15,0,0,38.48119447,-100.46607540000001,20101.0,977.1986970684039,0.0,15,15,0,0,15,15,1560,0,0,0,0,0
2020-10-08,US,Kansas,Leavenworth,2296,15,0,39.20183497,-95.03620809,20103.0,2808.2878739695198,0.6533101045296167,2281,2296,15,0,2281,2268,81352,0,0,0,0,28
2020-10-08,US,Kansas,Lincoln,14,0,0,39.04549684,-98.20756994,20105.0,472.65361242403776,0.0,14,14,0,0,14,14,3023,0,0,0,0,0
2020-10-08,US,Kansas,Linn,85,0,0,38.21267844,-94.84254089,20107.0,876.0177264763475,0.0,85,85,0,0,85,84,9750,0,0,0,0,1
2020-10-08,US,Kansas,Logan,47,0,0,38.91735806,-101.148475,20109.0,1682.176091624911,0.0,47,47,0,0,47,29,2844,0,0,0,0,18
2020-10-08,US,Kansas,Lyon,1187,36,0,38.45576156,-96.15275715,20111.0,3575.839734899834,3.0328559393428813,1151,1176,36,0,1140,1168,33406,11,0,0,11,8
2020-10-08,US,Kansas,Marion,89,1,0,38.35855394,-97.09852509999999,20115.0,748.9060922248401,1.1235955056179776,88,89,1,0,88,86,11950,0,0,0,0,3
2020-10-08,US,Kansas,Marshall,41,0,0,39.78359669,-96.52278974,20117.0,422.3756052333368,0.0,41,41,0,0,41,38,9722,0,0,0,0,3
2020-10-08,US,Kansas,McPherson,315,5,0,38.39184858,-97.64769869,20113.0,1103.6367458482237,1.5873015873015872,310,306,1,0,305,290,28537,9,4,0,5,16
2020-10-08,US,Kansas,Meade,130,1,0,37.23859987,-100.36483100000001,20119.0,3223.4068931316638,0.7692307692307693,129,130,1,0,129,127,4146,0,0,0,0,3
2020-10-08,US,Kansas,Miami,433,1,0,38.56383358,-94.83832189,20121.0,1264.713613926454,0.2309468822170901,432,433,1,0,432,407,33680,0,0,0,0,26
2020-10-08,US,Kansas,Mitchell,48,0,0,39.39331582,-98.20906732,20123.0,802.8098344204718,0.0,48,48,0,0,48,48,6150,0,0,0,0,0
2020-10-08,US,Kansas,Montgomery,486,6,0,37.19236568,-95.74329258,20125.0,1526.9094222250146,1.2345679012345678,480,486,6,0,480,486,32120,0,0,0,0,0
2020-10-08,US,Kansas,Morris,43,0,0,38.68827511,-96.65128437,20127.0,765.1245551601422,0.0,43,43,0,0,43,42,5521,0,0,0,0,1
2020-10-08,US,Kansas,Morton,24,2,0,37.19141121,-101.79925190000002,20129.0,927.7155005798222,8.333333333333334,22,24,2,0,22,20,2667,0,0,0,0,4
2020-10-08,US,Kansas,Nemaha,169,1,0,39.78345387,-96.01392079,20131.0,1651.8424396442185,0.591715976331361,168,169,1,0,168,169,10155,0,0,0,0,0
2020-10-08,US,Kansas,Neosho,187,0,0,37.55862897,-95.30670046,20133.0,1168.238895483226,0.0,187,187,0,0,187,187,15951,0,0,0,0,0
2020-10-08,US,Kansas,Ness,101,7,0,38.47974157,-99.91547333,20135.0,3672.727272727273,6.9306930693069315,94,101,7,0,94,101,2840,0,0,0,0,0
2020-10-08,US,Kansas,Norton,60,0,0,39.78443827,-99.90286639,20137.0,1119.194180190263,0.0,60,60,0,0,60,46,5430,0,0,0,0,14
2020-10-08,US,Kansas,Osage,113,0,0,38.65235984,-95.72707998,20139.0,708.508370430748,0.0,113,113,0,0,113,112,15941,0,0,0,0,1
2020-10-08,US,Kansas,Osborne,12,0,0,39.3503437,-98.76753828,20141.0,350.77462730195845,0.0,12,12,0,0,12,11,3475,0,0,0,0,1
2020-10-08,US,Kansas,Ottawa,71,0,0,39.13237408,-97.65020313,20143.0,1244.7405329593269,0.0,71,71,0,0,71,61,5802,0,0,0,0,10
2020-10-08,US,Kansas,Pawnee,397,1,0,38.18108732,-99.23692334,20145.0,6189.585282195198,0.2518891687657431,396,397,1,0,396,463,6562,0,0,0,0,-66
2020-10-08,US,Kansas,Phillips,140,9,0,39.78465501,-99.34668865,20147.0,2674.8184944593045,6.428571428571429,131,138,8,0,130,134,5317,2,1,0,1,4
2020-10-08,US,Kansas,Pottawatomie,307,0,0,39.37925655,-96.34564657,20149.0,1259.0739449616535,0.0,307,294,0,0,294,294,24277,13,0,0,13,0
2020-10-08,US,Kansas,Pratt,83,0,0,37.64780729,-98.73922153,20151.0,905.7180270624182,0.0,83,83,0,0,83,82,9378,0,0,0,0,1
2020-10-08,US,Kansas,Rawlins,51,0,0,39.78525843,-101.07616170000001,20153.0,2015.810276679842,0.0,51,51,0,0,51,50,2508,0,0,0,0,1
2020-10-08,US,Kansas,Reno,1306,6,0,37.95230263,-98.08607292,20155.0,2106.5195651472627,0.4594180704441042,1300,1253,4,0,1249,1221,62342,53,2,0,51,32
2020-10-08,US,Kansas,Republic,53,1,0,39.82799632,-97.65036709,20157.0,1143.2269197584126,1.8867924528301887,52,53,1,0,52,48,4664,0,0,0,0,5
2020-10-08,US,Kansas,Rice,95,1,0,38.34616184,-98.19992118,20159.0,996.1203732830028,1.0526315789473684,94,95,1,0,94,90,9531,0,0,0,0,5
2020-10-08,US,Kansas,Riley,1949,9,0,39.28935726,-96.73420026,20161.0,2625.5523224485396,0.4617752693689071,1940,1949,9,0,1940,1945,73703,0,0,0,0,4
2020-10-08,US,Kansas,Rooks,119,7,0,39.35022773,-99.32484567,20163.0,2418.699186991869,5.882352941176472,112,119,7,0,112,119,5013,0,0,0,0,0
2020-10-08,US,Kansas,Rush,64,0,0,38.52275276,-99.30863983,20165.0,2108.0368906455865,0.0,64,64,0,0,64,64,3093,0,0,0,0,0
2020-10-08,US,Kansas,Russell,116,1,0,38.91462787,-98.76254297,20167.0,1691.9486581096849,0.8620689655172413,115,116,1,0,115,116,6907,0,0,0,0,0
2020-10-08,US,Kansas,Saline,864,12,0,38.78369175,-97.65185177,20169.0,1593.3903806432575,1.3888888888888888,852,864,12,0,852,851,54401,0,0,0,0,13
2020-10-08,US,Kansas,Scott,129,1,0,38.48222076,-100.90665390000001,20171.0,2674.6838067592785,0.7751937984496124,128,126,1,0,125,122,4897,3,0,0,3,4
2020-10-08,US,Kansas,Sedgwick,9117,94,0,37.6842718,-97.4608198,20173.0,1766.7166625972304,1.0310409125808928,9023,9029,94,0,8935,8978,513607,88,0,0,88,51
2020-10-08,US,Kansas,Seward,1844,7,0,37.19324632,-100.85072009999999,20175.0,8605.5628150084,0.3796095444685466,1837,1824,7,0,1817,1824,21780,20,0,0,20,0
2020-10-08,US,Kansas,Shawnee,2942,60,0,39.04100763,-95.75572640000001,20177.0,1663.321554770318,2.0394289598912305,2882,2921,34,0,2887,2894,177499,21,26,0,-5,27
2020-10-08,US,Kansas,Sheridan,47,0,0,39.35018161,-100.44182590000001,20179.0,1864.3395477984927,0.0,47,47,0,0,47,38,2533,0,0,0,0,9
2020-10-08,US,Kansas,Sherman,54,0,0,39.35147699,-101.71976240000001,20181.0,912.6246408653034,0.0,54,54,0,0,54,47,5899,0,0,0,0,7
2020-10-08,US,Kansas,Smith,12,0,0,39.78516566,-98.78566062,20183.0,334.91487580240016,0.0,12,12,0,0,12,11,3603,0,0,0,0,1
2020-10-08,US,Kansas,Stafford,63,1,0,38.03100851,-98.71762001,20185.0,1515.8806544754568,1.5873015873015872,62,63,1,0,62,60,4178,0,0,0,0,3
2020-10-08,US,Kansas,Stanton,48,2,0,37.56304714,-101.78435340000001,20187.0,2392.8215353938185,4.166666666666667,46,48,2,0,46,48,1987,0,0,0,0,0
2020-10-08,US,Kansas,Stevens,180,1,0,37.1923008,-101.3118967,20189.0,3281.6773017319965,0.5555555555555556,179,180,1,0,179,173,5559,0,0,0,0,7
2020-10-08,US,Kansas,Sumner,212,3,0,37.23682549,-97.47721621,20191.0,928.35873182694,1.4150943396226414,209,212,3,0,209,211,22996,0,0,0,0,1
2020-10-08,US,Kansas,Thomas,204,0,0,39.35107575,-101.0553705,20193.0,2623.1194548026237,0.0,204,200,0,0,200,192,7711,4,0,0,4,8
2020-10-08,US,Kansas,Trego,64,3,0,38.91467218,-99.87284448,20195.0,2283.2679272208347,4.6875,61,64,3,0,61,63,2793,0,0,0,0,1
2020-10-08,US,Kansas,Wabaunsee,70,1,0,38.95471985,-96.20350509,20197.0,1009.9552734093204,1.4285714285714286,69,70,1,0,69,70,6899,0,0,0,0,0
2020-10-08,US,Kansas,Wallace,19,0,0,38.91686134,-101.76388759999999,20199.0,1251.6469038208168,0.0,19,19,0,0,19,19,1503,0,0,0,0,0
2020-10-08,US,Kansas,Washington,24,0,0,39.78420784,-97.08753229999999,20201.0,443.95116537180917,0.0,24,24,0,0,24,23,5420,0,0,0,0,1
2020-10-08,US,Kansas,Wichita,6,0,0,38.48178252,-101.3471509,20203.0,283.15243039169417,0.0,6,6,0,0,6,6,2105,0,0,0,0,0
2020-10-08,US,Kansas,Wilson,70,2,0,37.55937174,-95.74323255,20205.0,821.1143695014662,2.8571428571428568,68,70,2,0,68,66,8665,0,0,0,0,4
2020-10-08,US,Kansas,Woodson,24,0,0,37.8865336,-95.74006277,20207.0,764.8183556405354,0.0,24,24,0,0,24,20,3183,0,0,0,0,4
2020-10-08,US,Kansas,Wyandotte,7446,134,0,39.11727348,-94.76378225,20209.0,4501.024608744537,1.79962395917271,7312,7394,134,0,7260,7338,165324,52,0,0,52,56
2020-10-08,US,Kentucky,Adair,356,19,0,37.10459774,-85.28129668,21001.0,1853.9735444224561,5.337078651685394,337,352,19,0,333,340,19215,4,0,0,4,12
2020-10-08,US,Kentucky,Allen,424,9,0,36.75197631,-86.19457544,21003.0,1989.2094768942056,2.1226415094339623,415,420,9,0,411,410,21122,4,0,0,4,10
2020-10-08,US,Kentucky,Anderson,190,1,0,38.00671029,-84.99171713,21005.0,835.2749813162178,0.5263157894736842,189,189,1,0,188,181,22663,1,0,0,1,8
2020-10-08,US,Kentucky,Ballard,60,1,0,37.05842757,-88.99427697,21007.0,760.6490872210953,1.6666666666666667,59,59,1,0,58,59,7979,1,0,0,1,0
2020-10-08,US,Kentucky,Barren,842,13,0,36.96469836,-85.93338945,21009.0,1902.8678614205967,1.5439429928741093,829,832,13,0,819,824,44176,10,0,0,10,8
2020-10-08,US,Kentucky,Bath,94,1,0,38.14735938,-83.74588932,21011.0,752.0,1.0638297872340423,93,93,1,0,92,93,12383,1,0,0,1,0
2020-10-08,US,Kentucky,Bell,541,16,0,36.73355174,-83.67766671,21013.0,2078.211432083589,2.957486136783734,525,534,15,0,519,532,26569,7,1,0,6,2
2020-10-08,US,Kentucky,Boone,1714,25,0,38.97065142,-84.72615357,21015.0,1283.116610895262,1.4585764294049008,1689,1710,25,0,1685,1690,131533,4,0,0,4,20
2020-10-08,US,Kentucky,Bourbon,230,1,0,38.2054607,-84.21827874,21017.0,1162.3205983424298,0.43478260869565216,229,221,1,0,220,217,20184,9,0,0,9,4
2020-10-08,US,Kentucky,Boyd,525,12,0,38.36176608,-82.68652187,21019.0,1123.7638597542702,2.2857142857142856,513,517,11,0,506,512,47240,8,1,0,7,5
2020-10-08,US,Kentucky,Boyle,326,0,0,37.62680923,-84.8633779,21021.0,1084.4976713240187,0.0,326,322,0,0,322,310,30100,4,0,0,4,12
2020-10-08,US,Kentucky,Bracken,42,0,0,38.69158994,-84.08532444,21023.0,505.8412621943876,0.0,42,42,0,0,42,42,8239,0,0,0,0,0
2020-10-08,US,Kentucky,Breathitt,100,0,0,37.52333168,-83.31959161,21025.0,791.7656373713382,0.0,100,98,0,0,98,98,12726,2,0,0,2,0
2020-10-08,US,Kentucky,Breckinridge,150,2,0,37.77377239,-86.42885017,21027.0,732.5291790789666,1.3333333333333333,148,148,2,0,146,147,20388,2,0,0,2,1
2020-10-08,US,Kentucky,Bullitt,1011,12,0,37.97162523,-85.68955617,21029.0,1237.8177187913218,1.1869436201780414,999,997,11,0,986,976,81069,14,1,0,13,21
2020-10-08,US,Kentucky,Butler,362,16,0,37.20946153,-86.68748787,21031.0,2810.777234257318,4.419889502762431,346,356,16,0,340,354,12772,6,0,0,6,2
2020-10-08,US,Kentucky,Caldwell,186,0,0,37.14749129,-87.86948214,21033.0,1459.1668627912452,0.0,186,178,0,0,178,177,12715,8,0,0,8,1
2020-10-08,US,Kentucky,Calloway,712,9,0,36.62093411,-88.2731593,21035.0,1825.5942155329349,1.2640449438202248,703,690,9,0,681,676,39135,22,0,0,22,14
2020-10-08,US,Kentucky,Campbell,948,16,0,38.94384345,-84.37875208,21037.0,1012.9936741323303,1.6877637130801688,932,939,16,0,923,932,93152,9,0,0,9,7
2020-10-08,US,Kentucky,Carlisle,86,1,0,36.85372876,-88.96692220000001,21039.0,1806.7226890756306,1.162790697674419,85,86,1,0,85,86,4771,0,0,0,0,0
2020-10-08,US,Kentucky,Carroll,203,5,0,38.66599534,-85.12601074,21041.0,1909.5099238077319,2.4630541871921183,198,203,5,0,198,203,10737,0,0,0,0,0
2020-10-08,US,Kentucky,Carter,244,3,0,38.31690743,-83.05092385,21043.0,910.549688397955,1.2295081967213115,241,239,3,0,236,233,27004,5,0,0,5,6
2020-10-08,US,Kentucky,Casey,283,15,0,37.32533118,-84.92726209,21045.0,1751.3459991336097,5.300353356890461,268,283,15,0,268,283,15888,0,0,0,0,0
2020-10-08,US,Kentucky,Christian,1490,25,0,36.89267803,-87.49055367,21047.0,2114.644980911426,1.6778523489932886,1465,1482,25,0,1457,1467,71671,8,0,0,8,15
2020-10-08,US,Kentucky,Clark,378,10,0,37.9689263,-84.14615986,21049.0,1042.3847999338168,2.6455026455026456,368,376,10,0,366,370,36249,2,0,0,2,6
2020-10-08,US,Kentucky,Clay,355,6,0,37.16451126,-83.712575,21051.0,1783.8299582935529,1.6901408450704225,349,352,6,0,346,352,20105,3,0,0,3,0
2020-10-08,US,Kentucky,Clinton,146,2,0,36.72581156,-85.13377529,21053.0,1428.851047171658,1.3698630136986298,144,145,2,0,143,145,10206,1,0,0,1,0
2020-10-08,US,Kentucky,Crittenden,128,1,0,37.35839237,-88.08826090000002,21055.0,1453.5543947308654,0.78125,127,127,1,0,126,125,8915,1,0,0,1,2
2020-10-08,US,Kentucky,Cumberland,111,0,0,36.78926125,-85.39050034,21057.0,1678.2582400967644,0.0,111,110,0,0,110,109,6659,1,0,0,1,1
2020-10-08,US,Kentucky,Daviess,1640,17,0,37.73028906,-87.09019479999998,21059.0,1615.5884583936715,1.0365853658536586,1623,1607,17,0,1590,1578,101104,33,0,0,33,29
2020-10-08,US,Kentucky,Edmonson,148,12,0,37.21218923,-86.23955613,21061.0,1218.1069958847736,8.108108108108109,136,146,12,0,134,142,12274,2,0,0,2,4
2020-10-08,US,Kentucky,Elliott,48,0,0,38.11624059,-83.09771563,21063.0,638.5526140747637,0.0,48,46,0,0,46,45,7508,2,0,0,2,1
2020-10-08,US,Kentucky,Estill,205,0,0,37.69241417,-83.95956369,21065.0,1453.2822912235931,0.0,205,205,0,0,205,204,14198,0,0,0,0,1
2020-10-08,US,Kentucky,Fayette,8991,79,0,38.0368225,-84.45576892,21067.0,2782.282022082488,0.8786564342119898,8912,8938,78,0,8860,7421,323780,53,1,0,52,1517
2020-10-08,US,Kentucky,Fleming,92,0,0,38.36758311,-83.69657514,21069.0,630.9580961525272,0.0,92,90,0,0,90,90,14432,2,0,0,2,0
2020-10-08,US,Kentucky,Floyd,215,4,0,37.56213922,-82.74750924,21071.0,604.1192503301581,1.8604651162790695,211,213,4,0,209,211,35845,2,0,0,2,2
2020-10-08,US,Kentucky,Franklin,749,12,0,38.2379395,-84.87962551,21073.0,1468.8866662744406,1.6021361815754338,737,742,12,0,730,731,50815,7,0,0,7,11
2020-10-08,US,Kentucky,Fulton,180,3,0,36.55238827,-89.20140068,21075.0,3015.580499246105,1.6666666666666667,177,179,3,0,176,174,6120,1,0,0,1,5
2020-10-08,US,Kentucky,Gallatin,101,8,0,38.75398691,-84.8558382,21077.0,1138.7980606607284,7.920792079207921,93,101,8,0,93,101,8832,0,0,0,0,0
2020-10-08,US,Kentucky,Garrard,196,3,0,37.638866799999995,-84.53289319,21079.0,1109.4758292765764,1.5306122448979589,193,193,3,0,190,192,17560,3,0,0,3,1
2020-10-08,US,Kentucky,Grant,195,6,0,38.64962758,-84.62415957,21081.0,777.8531253739677,3.0769230769230766,189,194,6,0,188,191,25121,1,0,0,1,3
2020-10-08,US,Kentucky,Graves,805,29,0,36.72292505,-88.65143315,21083.0,2160.1459775666826,3.6024844720496896,776,794,29,0,765,782,37317,11,0,0,11,12
2020-10-08,US,Kentucky,Grayson,419,14,0,37.46231118,-86.34248968,21085.0,1585.4996783592535,3.3412887828162283,405,416,14,0,402,415,26321,3,0,0,3,1
2020-10-08,US,Kentucky,Green,286,8,0,37.26484328,-85.5540745,21087.0,2614.020656247144,2.797202797202797,278,285,8,0,277,283,11049,1,0,0,1,2
2020-10-08,US,Kentucky,Greenup,481,5,0,38.54332505,-82.9215658,21089.0,1370.4484586016295,1.0395010395010396,476,476,5,0,471,469,35268,5,0,0,5,7
2020-10-08,US,Kentucky,Hancock,101,0,0,37.83766422,-86.78280584,21091.0,1157.9912864022012,0.0,101,100,0,0,100,98,8758,1,0,0,1,2
2020-10-08,US,Kentucky,Hardin,1469,11,0,37.6976111,-85.96319251,21093.0,1323.9243677787993,0.7488087134104833,1458,1448,11,0,1437,1427,110356,21,0,0,21,21
2020-10-08,US,Kentucky,Harlan,507,12,0,36.85699301,-83.21899516,21095.0,1949.2502883506345,2.366863905325444,495,503,12,0,491,500,26409,4,0,0,4,3
2020-10-08,US,Kentucky,Harrison,203,0,0,38.44188174,-84.32869741,21097.0,1074.8702742772425,0.0,203,199,0,0,199,194,18778,4,0,0,4,5
2020-10-08,US,Kentucky,Hart,204,1,0,37.29943898,-85.88461055,21099.0,1071.7100078802207,0.4901960784313725,203,196,1,0,195,192,18906,8,0,0,8,4
2020-10-08,US,Kentucky,Henderson,1005,6,0,37.79344553,-87.57392021,21101.0,2222.959522229595,0.5970149253731343,999,974,6,0,968,954,45591,31,0,0,31,20
2020-10-08,US,Kentucky,Henry,209,2,0,38.44942688,-85.11587507,21103.0,1296.043656207367,0.9569377990430622,207,207,2,0,205,207,16106,2,0,0,2,0
2020-10-08,US,Kentucky,Hickman,87,1,0,36.67948079999999,-88.97875928,21105.0,1986.3013698630136,1.1494252873563218,86,87,1,0,86,84,4421,0,0,0,0,3
2020-10-08,US,Kentucky,Hopkins,756,39,0,37.30939025,-87.54670406,21107.0,1691.8050396097215,5.158730158730159,717,724,39,0,685,693,45068,32,0,0,32,31
2020-10-08,US,Kentucky,Jackson,393,17,0,37.41866422,-83.99825483,21109.0,2948.4582489309028,4.325699745547073,376,391,17,0,374,389,13442,2,0,0,2,2
2020-10-08,US,Kentucky,Jefferson,17315,319,0,38.18664655,-85.65931031,21111.0,2258.2121845643405,1.8423332370776784,16996,17165,316,0,16849,16980,770517,150,3,0,147,185
2020-10-08,US,Kentucky,Jessamine,702,0,0,37.87119786,-84.58252003,21113.0,1297.2373648711075,0.0,702,683,0,0,683,674,53920,19,0,0,19,9
2020-10-08,US,Kentucky,Johnson,180,2,0,37.85106355,-82.8264322,21115.0,811.2493239588968,1.1111111111111112,178,178,2,0,176,176,22386,2,0,0,2,2
2020-10-08,US,Kentucky,Kenton,2179,49,0,38.93950319,-84.53241199,21117.0,1304.8060455813845,2.2487379531895364,2130,2166,49,0,2117,2144,166051,13,0,0,13,22
2020-10-08,US,Kentucky,Knott,248,1,0,37.35388197,-82.94981134,21119.0,1674.9966229906797,0.4032258064516129,247,247,1,0,246,235,15126,1,0,0,1,12
2020-10-08,US,Kentucky,Knox,572,9,0,36.89225732,-83.85403396,21121.0,1836.570878150586,1.573426573426573,563,570,9,0,561,555,31304,2,0,0,2,15
2020-10-08,US,Kentucky,Larue,162,1,0,37.54567114,-85.70138352,21123.0,1125.1562717044037,0.6172839506172839,161,153,1,0,152,147,14307,9,0,0,9,6
2020-10-08,US,Kentucky,Laurel,1094,6,0,37.10975748,-84.11321779,21125.0,1798.9574597536712,0.5484460694698354,1088,1076,6,0,1070,1048,60669,18,0,0,18,28
2020-10-08,US,Kentucky,Lawrence,77,0,0,38.07136018,-82.72882223,21127.0,502.70940784748973,0.0,77,73,0,0,73,70,15571,4,0,0,4,3
2020-10-08,US,Kentucky,Lee,18,0,0,37.59645942,-83.71513901,21129.0,243.1446710792921,0.0,18,18,0,0,18,18,7033,0,0,0,0,0
2020-10-08,US,Kentucky,Leslie,101,0,0,37.09246661,-83.37999606,21131.0,1022.5777057811076,0.0,101,99,0,0,99,95,10143,2,0,0,2,4
2020-10-08,US,Kentucky,Letcher,229,2,0,37.12306748,-82.85346474,21133.0,1062.49710017167,0.8733624454148472,227,219,2,0,217,206,21899,10,0,0,10,13
2020-10-08,US,Kentucky,Lewis,240,15,0,38.53184419,-83.37735618,21135.0,1807.909604519774,6.25,225,238,15,0,223,236,13257,2,0,0,2,2
2020-10-08,US,Kentucky,Lincoln,244,16,0,37.45475628,-84.6565327,21137.0,993.9305063342704,6.557377049180328,228,242,15,0,227,238,24644,2,1,0,1,4
2020-10-08,US,Kentucky,Livingston,97,1,0,37.21137452,-88.34797529,21139.0,1055.0358929736785,1.0309278350515465,96,96,1,0,95,95,9242,1,0,0,1,1
2020-10-08,US,Kentucky,Logan,604,29,0,36.85949479,-86.877635,21141.0,2228.617814183456,4.801324503311259,575,599,29,0,570,593,26989,5,0,0,5,6
2020-10-08,US,Kentucky,Lyon,83,4,0,37.02080035,-88.07886257,21143.0,1010.9622411693056,4.819277108433735,79,82,4,0,78,82,8009,1,0,0,1,0
2020-10-08,US,Kentucky,Madison,1967,7,0,37.71659336,-84.27220275,21151.0,2115.3494574510414,0.3558718861209965,1960,1951,7,0,1944,1941,92368,16,0,0,16,10
2020-10-08,US,Kentucky,Magoffin,106,0,0,37.70820545,-83.0657714,21153.0,871.6388454896802,0.0,106,104,0,0,104,101,12362,2,0,0,2,3
2020-10-08,US,Kentucky,Marion,259,8,0,37.55218078,-85.26898542,21155.0,1343.8489077984743,3.088803088803089,251,249,8,0,241,248,19404,10,0,0,10,1
2020-10-08,US,Kentucky,Marshall,361,4,0,36.88007070000001,-88.32803576,21157.0,1160.7717041800645,1.10803324099723,357,353,4,0,349,349,31191,8,0,0,8,4
2020-10-08,US,Kentucky,Martin,95,3,0,37.79990579,-82.51247478,21159.0,848.5931219294326,3.1578947368421053,92,94,3,0,91,89,11323,1,0,0,1,5
2020-10-08,US,Kentucky,Mason,135,2,0,38.59471935,-83.82151043,21161.0,790.8611599297012,1.4814814814814814,133,134,2,0,132,131,17150,1,0,0,1,3
2020-10-08,US,Kentucky,McCracken,823,10,0,37.05350953,-88.70445755,21145.0,1258.0635299153141,1.2150668286755772,813,813,10,0,803,806,65346,10,0,0,10,7
2020-10-08,US,Kentucky,McCreary,215,1,0,36.73874143,-84.48102924,21147.0,1247.7511461900065,0.4651162790697674,214,212,1,0,211,208,17408,3,0,0,3,4
2020-10-08,US,Kentucky,McLean,97,1,0,37.5301951,-87.26803443,21149.0,1053.5462148365377,1.0309278350515465,96,93,1,0,92,91,9252,4,0,0,4,2
2020-10-08,US,Kentucky,Meade,259,3,0,37.96163597,-86.21028219,21163.0,906.4818703625928,1.1583011583011582,256,252,3,0,249,248,28715,7,0,0,7,4
2020-10-08,US,Kentucky,Menifee,67,1,0,37.94090733,-83.59985712,21165.0,1032.5165664971491,1.492537313432836,66,66,1,0,65,64,6451,1,0,0,1,2
2020-10-08,US,Kentucky,Mercer,281,5,0,37.81474237,-84.87488475,21167.0,1281.1744859344367,1.7793594306049825,276,277,5,0,272,274,21774,4,0,0,4,3
2020-10-08,US,Kentucky,Metcalfe,135,2,0,36.99459295,-85.63123699,21169.0,1340.4825737265414,1.4814814814814814,133,132,2,0,130,132,10030,3,0,0,3,0
2020-10-08,US,Kentucky,Monroe,225,4,0,36.71225341,-85.71596443,21171.0,2112.676056338028,1.7777777777777777,221,222,4,0,218,220,10718,3,0,0,3,2
2020-10-08,US,Kentucky,Montgomery,322,3,0,38.03253032,-83.9145241,21173.0,1143.587740171183,0.9316770186335404,319,314,3,0,311,309,28203,8,0,0,8,5
2020-10-08,US,Kentucky,Morgan,85,0,0,37.92465657,-83.25558245,21175.0,638.6655646554963,0.0,85,82,0,0,82,81,13345,3,0,0,3,1
2020-10-08,US,Kentucky,Muhlenberg,825,12,0,37.21425819,-87.14632053,21177.0,2694.141466919209,1.4545454545454546,813,816,12,0,804,814,30774,9,0,0,9,2
2020-10-08,US,Kentucky,Nelson,568,4,0,37.80335779,-85.4657193,21179.0,1228.559686803798,0.7042253521126759,564,555,4,0,551,546,45851,13,0,0,13,9
2020-10-08,US,Kentucky,Nicholas,61,1,0,38.33342292,-84.01889177,21181.0,839.1800797908928,1.639344262295082,60,58,1,0,57,53,7166,3,0,0,3,5
2020-10-08,US,Kentucky,Ohio,503,9,0,37.47751843,-86.85368087,21183.0,2096.357422689005,1.7892644135188869,494,491,9,0,482,487,24087,12,0,0,12,4
2020-10-08,US,Kentucky,Oldham,1218,26,0,38.39791089,-85.448222,21185.0,1823.380589529784,2.134646962233169,1192,1208,26,0,1182,1209,66470,10,0,0,10,-1
2020-10-08,US,Kentucky,Owen,104,2,0,38.51679143,-84.82404619,21187.0,954.0409136776442,1.9230769230769231,102,104,2,0,102,104,10880,0,0,0,0,0
2020-10-08,US,Kentucky,Owsley,50,1,0,37.42823949,-83.68811419,21189.0,1132.5028312570782,2.0,49,49,1,0,48,49,4472,1,0,0,1,0
2020-10-08,US,Kentucky,Pendleton,103,0,0,38.69607718,-84.35599463,21191.0,705.9629883481838,0.0,103,103,0,0,103,102,14529,0,0,0,0,1
2020-10-08,US,Kentucky,Perry,360,9,0,37.25023553,-83.22922731,21193.0,1397.6240391334732,2.5,351,354,9,0,345,351,26092,6,0,0,6,3
2020-10-08,US,Kentucky,Pike,543,3,0,37.47088263,-82.39487445,21195.0,938.2127306655608,0.5524861878453039,540,541,3,0,538,527,58402,2,0,0,2,14
2020-10-08,US,Kentucky,Powell,119,0,0,37.83218794,-83.82553961,21197.0,962.8610729023384,0.0,119,117,0,0,117,115,12442,2,0,0,2,2
2020-10-08,US,Kentucky,Pulaski,850,11,0,37.10466131,-84.57629079,21199.0,1308.1149294387415,1.2941176470588236,839,846,11,0,835,840,64623,4,0,0,4,6
2020-10-08,US,Kentucky,Robertson,13,1,0,38.51923469,-84.05055616,21201.0,616.6982922201139,7.6923076923076925,12,13,1,0,12,13,2135,0,0,0,0,0
2020-10-08,US,Kentucky,Rockcastle,213,1,0,37.36642393,-84.31176452,21203.0,1275.8310871518418,0.4694835680751174,212,211,1,0,210,203,16750,2,0,0,2,8
2020-10-08,US,Kentucky,Rowan,280,1,0,38.19484205,-83.42088935,21205.0,1144.7260834014721,0.35714285714285715,279,275,1,0,274,274,24583,5,0,0,5,1
2020-10-08,US,Kentucky,Russell,280,6,0,36.99308373,-85.06070117,21207.0,1562.2384645427662,2.142857142857143,274,276,6,0,270,273,17821,4,0,0,4,3
2020-10-08,US,Kentucky,Scott,884,16,0,38.29622293,-84.5816631,21209.0,1550.768367132131,1.8099547511312215,868,876,14,0,862,855,56031,8,2,0,6,21
2020-10-08,US,Kentucky,Shelby,1147,24,0,38.21476019,-85.194223,21211.0,2339.670365535248,2.0924149956408016,1123,1143,24,0,1119,1129,48518,4,0,0,4,14
2020-10-08,US,Kentucky,Simpson,297,8,0,36.74058474,-86.58047435,21213.0,1599.1815636441956,2.6936026936026938,289,294,8,0,286,292,18529,3,0,0,3,2
2020-10-08,US,Kentucky,Spencer,233,0,0,38.03223971,-85.32749335,21215.0,1204.0721409746266,0.0,233,232,0,0,232,226,18794,1,0,0,1,6
2020-10-08,US,Kentucky,Taylor,341,7,0,37.3677562,-85.3329931,21217.0,1323.2954324964105,2.0527859237536656,334,338,7,0,331,331,25549,3,0,0,3,7
2020-10-08,US,Kentucky,Todd,212,8,0,36.8381152,-87.17878374,21219.0,1724.4184154872296,3.7735849056603774,204,213,8,0,205,200,12311,-1,0,0,-1,13
2020-10-08,US,Kentucky,Trigg,201,0,0,36.80767017,-87.87333656,21221.0,1371.9200054603782,0.0,201,196,0,0,196,196,14643,5,0,0,5,0
2020-10-08,US,Kentucky,Trimble,73,0,0,38.61056487,-85.33775972,21223.0,861.7636642663202,0.0,73,72,0,0,72,72,8515,1,0,0,1,0
2020-10-08,US,Kentucky,Union,399,3,0,37.66166713,-87.94300009,21225.0,2774.4941241916413,0.7518796992481203,396,392,3,0,389,388,14505,7,0,0,7,4
2020-10-08,US,Kentucky,Warren,4575,56,0,36.99903045,-86.42672751,21227.0,3442.5415362388635,1.2240437158469946,4519,4549,55,0,4494,4518,131264,26,1,0,25,31
2020-10-08,US,Kentucky,Washington,158,1,0,37.75599461,-85.17407732,21229.0,1306.3249276560562,0.6329113924050633,157,157,1,0,156,153,12084,1,0,0,1,4
2020-10-08,US,Kentucky,Wayne,195,0,0,36.80310688,-84.8251971,21231.0,959.0321152805783,0.0,195,192,0,0,192,187,20468,3,0,0,3,5
2020-10-08,US,Kentucky,Webster,230,3,0,37.52168356,-87.67989953,21233.0,1777.1596352959355,1.3043478260869563,227,220,3,0,217,219,13111,10,0,0,10,1
2020-10-08,US,Kentucky,Whitley,558,3,0,36.75700531,-84.14541217,21235.0,1538.7160820648578,0.5376344086021505,555,529,3,0,526,518,36242,29,0,0,29,11
2020-10-08,US,Kentucky,Wolfe,53,0,0,37.73941626,-83.49303612,21237.0,740.5337431884868,0.0,53,53,0,0,53,52,7177,0,0,0,0,1
2020-10-08,US,Kentucky,Woodford,310,0,0,38.04178222,-84.7417556,21239.0,1159.5720804967455,0.0,310,308,0,0,308,304,26533,2,0,0,2,4
2020-10-08,US,Louisiana,Acadia,3014,99,0,30.295064899999996,-92.41419698,22001.0,4857.7645257474405,3.2846715328467155,2915,3004,99,0,2905,3000,62190,10,0,0,10,4
2020-10-08,US,Louisiana,Allen,1721,50,0,30.65385745,-92.82442028,22003.0,6715.573418660008,2.905287623474724,1671,1713,50,0,1663,1706,25605,8,0,0,8,7
2020-10-08,US,Louisiana,Ascension,3862,98,0,30.20406249,-90.91328409999998,22005.0,3050.456541657452,2.5375453133091663,3764,3848,98,0,3750,3826,124672,14,0,0,14,22
2020-10-08,US,Louisiana,Assumption,774,24,0,29.89946234,-91.06461642,22007.0,3535.6996025764006,3.1007751937984502,750,771,24,0,747,772,22300,3,0,0,3,-1
2020-10-08,US,Louisiana,Avoyelles,1610,58,0,31.07796211,-92.00079449,22009.0,4010.5619768832203,3.6024844720496896,1552,1599,58,0,1541,1592,40462,11,0,0,11,7
2020-10-08,US,Louisiana,Beauregard,1029,39,0,30.64836518,-93.34173616,22011.0,2744.219537563005,3.7900874635568513,990,1028,39,0,989,1024,37253,1,0,0,1,4
2020-10-08,US,Louisiana,Bienville,520,33,0,32.34569994,-93.05398492,22013.0,3927.1958311305793,6.346153846153847,487,514,33,0,481,507,13308,6,0,0,6,7
2020-10-08,US,Louisiana,Bossier,3524,110,0,32.67932307,-93.60460152,22015.0,2773.951306291769,3.1214528944381383,3414,3491,110,0,3381,3473,127185,33,0,0,33,18
2020-10-08,US,Louisiana,Caddo,9107,370,0,32.57991587,-93.88375652,22017.0,3791.360676758089,4.062808828373779,8737,9027,371,0,8656,8974,242922,80,-1,0,81,53
2020-10-08,US,Louisiana,Calcasieu,8005,217,0,30.22931235,-93.35400434,22019.0,3934.898444719715,2.7108057464084947,7788,7986,217,0,7769,7954,203112,19,0,0,19,32
2020-10-08,US,Louisiana,Caldwell,318,3,0,32.0902519,-92.11752148,22021.0,3206.291591046582,0.9433962264150944,315,313,3,0,310,309,9960,5,0,0,5,4
2020-10-08,US,Louisiana,Cameron,231,2,0,29.87592238,-93.19310676,22023.0,3312.777857450165,0.8658008658008658,229,235,2,0,233,228,6968,-4,0,0,-4,7
2020-10-08,US,Louisiana,Catahoula,444,12,0,31.66778967,-91.84526385,22025.0,4676.637876553613,2.702702702702702,432,442,12,0,430,443,9608,2,0,0,2,-1
2020-10-08,US,Louisiana,Claiborne,547,23,0,32.82308512,-92.99526883,22027.0,3490.746649649011,4.204753199268739,524,548,23,0,525,541,15944,-1,0,0,-1,7
2020-10-08,US,Louisiana,Concordia,525,15,0,31.44817835,-91.63814433,22029.0,2725.99823459162,2.8571428571428568,510,525,15,0,510,524,19572,0,0,0,0,1
2020-10-08,US,Louisiana,De Soto,942,35,0,32.05457447,-93.74130302,22031.0,3430.069548119288,3.7154989384288752,907,933,35,0,898,929,27436,9,0,0,9,4
2020-10-08,US,Louisiana,East Baton Rouge,15395,444,0,30.53842039,-91.09777565,22033.0,3498.3945334602863,2.8840532640467686,14951,15398,444,0,14954,15332,440956,-3,0,0,-3,66
2020-10-08,US,Louisiana,East Carroll,549,5,0,32.73926954,-91.23425694,22035.0,8001.7490161784,0.9107468123861566,544,548,5,0,543,549,7037,1,0,0,1,-1
2020-10-08,US,Louisiana,East Feliciana,1763,72,0,30.84425359,-91.04976723,22037.0,9213.483146067416,4.083947816222349,1691,1752,72,0,1680,1751,19305,11,0,0,11,1
2020-10-08,US,Louisiana,Evangeline,1351,34,0,30.72985248,-92.39915924,22039.0,4045.515795777812,2.5166543301258333,1317,1350,34,0,1316,1353,33443,1,0,0,1,-3
2020-10-08,US,Louisiana,Franklin,1239,41,0,32.13675181,-91.67589857,22041.0,6190.357232075944,3.3091202582728005,1198,1237,41,0,1196,1233,20156,2,0,0,2,4
2020-10-08,US,Louisiana,Grant,503,30,0,31.59882456,-92.56124347,22043.0,2246.6389744964044,5.964214711729622,473,502,30,0,472,502,22482,1,0,0,1,0
2020-10-08,US,Louisiana,Iberia,3014,90,0,29.86803617,-91.75871777,22045.0,4316.196477158815,2.9860650298606504,2924,2997,90,0,2907,2998,70941,17,0,0,17,-1
2020-10-08,US,Louisiana,Iberville,1429,58,0,30.25734305,-91.3499598,22047.0,4395.435391098397,4.058782365290413,1371,1422,58,0,1364,1419,32721,7,0,0,7,3
2020-10-08,US,Louisiana,Jackson,718,22,0,32.30251776,-92.55692092,22049.0,4560.467479674797,3.064066852367688,696,703,22,0,681,688,15902,15,0,0,15,15
2020-10-08,US,Louisiana,Jefferson,17947,573,0,29.74075478,-90.11115756,22051.0,4149.662537890787,3.192734161698334,17374,17913,573,0,17340,17845,434051,34,0,0,34,68
2020-10-08,US,Louisiana,Jefferson Davis,1282,39,0,30.26896765,-92.81210004,22053.0,4086.9676103034944,3.042121684867394,1243,1283,39,0,1244,1279,31582,-1,0,0,-1,4
2020-10-08,US,Louisiana,LaSalle,439,10,0,31.67884782,-92.15907765,22059.0,2947.8914853612678,2.277904328018223,429,440,10,0,430,438,14917,-1,0,0,-1,2
2020-10-08,US,Louisiana,Lafayette,9120,135,0,30.2049055,-92.06959876,22055.0,3731.7402512377757,1.4802631578947367,8985,9106,135,0,8971,9082,242782,14,0,0,14,24
2020-10-08,US,Louisiana,Lafourche,3745,123,0,29.52470226,-90.40976986,22057.0,3836.5398405966357,3.28437917222964,3622,3740,123,0,3617,3725,98115,5,0,0,5,15
2020-10-08,US,Louisiana,Lincoln,1471,48,0,32.6003154,-92.66597409999999,22061.0,3147.062598947413,3.2630863358259687,1423,1462,48,0,1414,1448,47196,9,0,0,9,14
2020-10-08,US,Louisiana,Livingston,3926,76,0,30.44143993,-90.73061664,22063.0,2788.570129768661,1.9358125318390216,3850,3915,76,0,3839,3870,139567,11,0,0,11,45
2020-10-08,US,Louisiana,Madison,888,8,0,32.36918118,-91.23973355,22065.0,8108.8485069856615,0.9009009009009008,880,888,8,0,880,888,11161,0,0,0,0,0
2020-10-08,US,Louisiana,Morehouse,836,22,0,32.81686191,-91.80421614,22067.0,3360.9391332314867,2.631578947368421,814,833,22,0,811,829,25398,3,0,0,3,4
2020-10-08,US,Louisiana,Natchitoches,1250,26,0,31.72321584,-93.09816516,22069.0,3275.8530321295666,2.08,1224,1244,26,0,1218,1233,38659,6,0,0,6,11
2020-10-08,US,Louisiana,Orleans,12902,589,0,30.06971951,-89.92660315,22071.0,3306.984087926509,4.565183692450783,12313,12867,589,0,12278,12837,391006,35,0,0,35,30
2020-10-08,US,Louisiana,Ouachita,6535,151,0,32.47645559,-92.15704172,22073.0,4263.467272098592,2.3106350420811017,6384,6494,150,0,6344,6451,154475,41,1,0,40,43
2020-10-08,US,Louisiana,Plaquemines,790,19,0,29.42245447,-89.60322085,22075.0,3405.612794757943,2.4050632911392404,771,785,19,0,766,786,23410,5,0,0,5,-1
2020-10-08,US,Louisiana,Pointe Coupee,1075,40,0,30.71409502,-91.60209535,22077.0,4947.077772664519,3.72093023255814,1035,1070,40,0,1030,1073,21940,5,0,0,5,-3
2020-10-08,US,Louisiana,Rapides,4382,150,0,31.19778499,-92.52997303,22079.0,3379.921016907318,3.4230944774075764,4232,4374,149,0,4225,4348,130562,8,1,0,7,26
2020-10-08,US,Louisiana,Red River,369,24,0,32.09530039,-93.34213308,22081.0,4371.002132196162,6.5040650406504055,345,368,24,0,344,365,8477,1,0,0,1,3
2020-10-08,US,Louisiana,Richland,805,14,0,32.41391005,-91.76634876,22083.0,4000.596362190637,1.7391304347826086,791,801,13,0,788,800,20192,4,1,0,3,1
2020-10-08,US,Louisiana,Sabine,899,14,0,31.56388699,-93.55433981,22085.0,3764.0261262770055,1.5572858731924362,885,898,14,0,884,899,24032,1,0,0,1,-1
2020-10-08,US,Louisiana,St. Bernard,1473,31,0,29.87761636,-89.51887093,22087.0,3117.8562357124715,2.104548540393754,1442,1470,31,0,1439,1464,46721,3,0,0,3,6
2020-10-08,US,Louisiana,St. Charles,1866,62,0,29.90709658,-90.35555967,22089.0,3514.1242937853112,3.3226152197213286,1804,1860,61,0,1799,1849,52879,6,1,0,5,11
2020-10-08,US,Louisiana,St. Helena,424,4,0,30.82210324,-90.71013176,22091.0,4184.761152783261,0.9433962264150944,420,424,4,0,420,422,10262,0,0,0,0,2
2020-10-08,US,Louisiana,St. James,816,40,0,30.02531716,-90.80212061,22093.0,3868.0318543799767,4.901960784313727,776,812,40,0,772,812,21037,4,0,0,4,0
2020-10-08,US,Louisiana,St. John the Baptist,1603,104,0,30.12597499,-90.4753503,22095.0,3742.0921166281487,6.487835308796008,1499,1599,104,0,1495,1599,43184,4,0,0,4,0
2020-10-08,US,Louisiana,St. Landry,3433,129,0,30.59724262,-92.00135806,22097.0,4180.263991037943,3.757646373434314,3304,3423,128,0,3295,3403,82764,10,1,0,9,20
2020-10-08,US,Louisiana,St. Martin,2131,61,0,30.13112107,-91.61403569,22099.0,3988.321386461043,2.8625058657907085,2070,2119,61,0,2058,2124,53621,12,0,0,12,-5
2020-10-08,US,Louisiana,St. Mary,1962,79,0,29.69262097,-91.44702164,22101.0,3975.845019048391,4.026503567787971,1883,1963,78,0,1885,1956,49774,-1,1,0,-2,7
2020-10-08,US,Louisiana,St. Tammany,7349,264,0,30.40942847,-89.95642711,22103.0,2821.990714963194,3.592325486460743,7085,7329,264,0,7065,7164,258111,20,0,0,20,165
2020-10-08,US,Louisiana,Tangipahoa,4771,121,0,30.62888673,-90.40664996,22105.0,3540.420605826741,2.5361559421504927,4650,4764,121,0,4643,4568,133777,7,0,0,7,196
2020-10-08,US,Louisiana,Tensas,162,2,0,32.00760749,-91.32915234,22107.0,3737.886479003231,1.2345679012345678,160,162,2,0,160,163,4462,0,0,0,0,-1
2020-10-08,US,Louisiana,Terrebonne,3718,119,0,29.37343766,-90.82626855,22109.0,3365.8938448864305,3.2006455083378165,3599,3708,119,0,3589,3688,111021,10,0,0,10,20
2020-10-08,US,Louisiana,Unassigned,245,193,0,0.0,0.0,90022.0,0.0,78.77551020408163,52,246,193,0,53,195,,-1,0,0,-1,51
2020-10-08,US,Louisiana,Union,1019,46,0,32.83121059,-92.3749373,22111.0,4609.191242988964,4.5142296368989205,973,1015,46,0,969,1011,22330,4,0,0,4,4
2020-10-08,US,Louisiana,Vermilion,2066,66,0,29.83517605,-92.30292538,22113.0,3471.627094150661,3.1945788964182,2000,2070,66,0,2004,2060,59830,-4,0,0,-4,10
2020-10-08,US,Louisiana,Vernon,1089,52,0,31.10884837,-93.18153838,22115.0,2296.063589786839,4.775022956841139,1037,1085,52,0,1033,1081,48860,4,0,0,4,4
2020-10-08,US,Louisiana,Washington,1682,67,0,30.85288548,-90.03866652,22117.0,3641.165519331515,3.983353151010701,1615,1675,67,0,1608,1665,46582,7,0,0,7,10
2020-10-08,US,Louisiana,Webster,1352,28,0,32.70847669,-93.33121835,22119.0,3526.343244653104,2.0710059171597632,1324,1347,28,0,1319,1342,38798,5,0,0,5,5
2020-10-08,US,Louisiana,West Baton Rouge,928,42,0,30.46058217,-91.30989571,22121.0,3506.5180426979027,4.525862068965517,886,927,42,0,885,920,26427,1,0,0,1,7
2020-10-08,US,Louisiana,West Carroll,354,10,0,32.78550125,-91.461201,22123.0,3268.698060941829,2.824858757062147,344,353,10,0,343,352,10982,1,0,0,1,1
2020-10-08,US,Louisiana,West Feliciana,737,25,0,30.87882871,-91.41485379999999,22125.0,4734.069886947585,3.3921302578019,712,734,25,0,709,740,15460,3,0,0,3,-6
2020-10-08,US,Louisiana,Winn,646,19,0,31.94449367,-92.63789413,22127.0,4646.144994246261,2.9411764705882355,627,645,19,0,626,643,14134,1,0,0,1,2
2020-10-08,US,Maine,Androscoggin,786,10,0,44.1664747,-70.20380627,23001.0,725.9159378261311,1.272264631043257,776,780,10,0,770,775,107679,6,0,0,6,5
2020-10-08,US,Maine,Aroostook,51,1,0,46.65926321,-68.59841248,23003.0,76.0569681604653,1.96078431372549,50,51,1,0,50,49,67111,0,0,0,0,2
2020-10-08,US,Maine,Cumberland,2374,70,0,43.8370751,-70.37226999,23005.0,804.7375789398752,2.9486099410278013,2304,2361,70,0,2291,2361,293557,13,0,0,13,0
2020-10-08,US,Maine,Franklin,64,1,0,44.97330019,-70.44381045,23007.0,211.92754726977714,1.5625,63,64,1,0,63,64,29897,0,0,0,0,0
2020-10-08,US,Maine,Hancock,55,1,0,44.59816444,-68.38401854,23009.0,100.02364195173405,1.818181818181818,54,55,1,0,54,55,54811,0,0,0,0,0
2020-10-08,US,Maine,Kennebec,253,11,0,44.40759555,-69.76738544,23011.0,206.8649735899658,4.3478260869565215,242,248,11,0,237,234,122083,5,0,0,5,14
2020-10-08,US,Maine,Knox,50,1,0,44.11486325,-69.10529169,23013.0,125.71658453183143,2.0,49,48,1,0,47,47,39771,2,0,0,2,1
2020-10-08,US,Maine,Lincoln,50,1,0,44.05996956,-69.54227124,23015.0,144.36680718369232,2.0,49,50,1,0,49,50,34342,0,0,0,0,0
2020-10-08,US,Maine,Oxford,151,1,0,44.49952995,-70.75682123,23017.0,260.4570935748167,0.6622516556291391,150,154,1,0,153,153,57618,-3,0,0,-3,1
2020-10-08,US,Maine,Penobscot,268,6,0,45.40194593,-68.65020455,23019.0,176.14428056891973,2.238805970149253,262,267,6,0,261,264,151096,1,0,0,1,3
2020-10-08,US,Maine,Piscataquis,10,0,0,45.83839062,-69.2860223,23021.0,59.577003276735184,0.0,10,9,0,0,9,9,16800,1,0,0,1,0
2020-10-08,US,Maine,Sagadahoc,70,0,0,43.95415864,-69.85074999,23023.0,195.22534582775543,0.0,70,70,0,0,70,72,35634,0,0,0,0,-2
2020-10-08,US,Maine,Somerset,99,8,0,45.51229767,-69.95995554,23025.0,196.10173520323272,8.080808080808081,91,96,8,0,88,92,50592,3,0,0,3,4
2020-10-08,US,Maine,Waldo,79,14,0,44.4858305,-69.12061935,23027.0,198.91728566032987,17.721518987341767,65,79,14,0,65,78,39694,0,0,0,0,1
2020-10-08,US,Maine,Washington,20,0,0,45.01607142,-67.62813524,23029.0,63.73689410115046,0.0,20,20,0,0,20,20,31490,0,0,0,0,0
2020-10-08,US,Maine,York,1258,17,0,43.47808377,-70.71052375,23031.0,605.8533719255831,1.351351351351351,1241,1251,17,0,1234,1242,206229,7,0,0,7,9
2020-10-08,US,Maryland,Allegany,504,23,0,39.62357628,-78.69280486,24001.0,715.7464212678937,4.563492063492063,481,501,23,0,478,498,70975,3,0,0,3,3
2020-10-08,US,Maryland,Anne Arundel,10572,254,0,39.00670238,-76.60329337,24003.0,1825.1691026424555,2.4025728339008703,10318,10527,254,0,10273,10473,576031,45,0,0,45,54
2020-10-08,US,Maryland,Baltimore,18668,640,0,39.45784712,-76.62911955,24005.0,2256.306126642252,3.4283265481037066,18028,18522,639,0,17883,18455,828431,146,1,0,145,67
2020-10-08,US,Maryland,Baltimore City,16263,489,0,39.30211911,-76.61151012,24510.0,2740.23151190416,3.0068253089835824,15774,16100,488,0,15612,16056,621342,163,1,0,162,44
2020-10-08,US,Maryland,Calvert,1041,28,0,38.53961642,-76.56820632,24009.0,1125.1013239664956,2.689721421709894,1013,1032,28,0,1004,1019,92003,9,0,0,9,13
2020-10-08,US,Maryland,Caroline,674,7,0,38.87172293,-75.82904158,24011.0,2017.601628449979,1.0385756676557865,667,668,7,0,661,666,33304,6,0,0,6,2
2020-10-08,US,Maryland,Carroll,2043,126,0,39.56453592,-77.02373735,24013.0,1212.8443961602165,6.167400881057269,1917,2034,126,0,1908,2022,168429,9,0,0,9,12
2020-10-08,US,Maryland,Cecil,1139,36,0,39.56647682,-75.94627411,24015.0,1107.3841816148947,3.160667251975417,1103,1134,35,0,1099,1127,102826,5,1,0,4,7
2020-10-08,US,Maryland,Charles,2888,101,0,38.51092331,-76.98580666,24017.0,1768.989997366116,3.4972299168975067,2787,2878,101,0,2777,2869,161503,10,0,0,10,9
2020-10-08,US,Maryland,Dorchester,622,10,0,38.45413522,-76.02752426,24019.0,1948.072285383194,1.6077170418006432,612,617,10,0,607,616,31998,5,0,0,5,1
2020-10-08,US,Maryland,Frederick,4279,134,0,39.47296601,-77.39999394,24021.0,1648.6416718359296,3.1315727973825664,4145,4249,134,0,4115,4225,255648,30,0,0,30,24
2020-10-08,US,Maryland,Garrett,76,1,0,39.52786077,-79.27355126,24023.0,261.94251051216656,1.3157894736842106,75,76,1,0,75,76,29163,0,0,0,0,0
2020-10-08,US,Maryland,Harford,3207,76,0,39.55010644,-76.30775940000002,24025.0,1255.4758241629186,2.3698160274399753,3131,3191,76,0,3115,3167,253956,16,0,0,16,24
2020-10-08,US,Maryland,Howard,5322,123,0,39.25305293,-76.93126208,24027.0,1634.0692069145507,2.3111612175873733,5199,5292,122,0,5170,5276,323196,30,1,0,29,16
2020-10-08,US,Maryland,Kent,316,24,0,39.24976208,-76.04741541,24029.0,1627.020904129338,7.594936708860758,292,315,24,0,291,311,19383,1,0,0,1,4
2020-10-08,US,Maryland,Montgomery,23293,852,0,39.13676329,-77.20358245,24031.0,2216.9283364804774,3.6577512557420686,22441,23194,851,0,22343,23135,1052567,99,1,0,98,59
2020-10-08,US,Maryland,Prince George's,30356,833,0,38.83070039,-76.8496441,24033.0,3338.2930452961364,2.7441033074186323,29523,30226,831,0,29395,30153,909308,130,2,0,128,73
2020-10-08,US,Maryland,Queen Anne's,691,26,0,39.06198912,-76.03530977,24035.0,1371.548798158036,3.762662807525325,665,688,26,0,662,684,50251,3,0,0,3,4
2020-10-08,US,Maryland,Somerset,329,4,0,38.1163542,-75.75118623,24039.0,1284.3535290443472,1.2158054711246202,325,325,4,0,321,323,25675,4,0,0,4,2
2020-10-08,US,Maryland,St. Mary's,1363,58,0,38.30058422,-76.60629279999998,24037.0,1200.7752620914455,4.25531914893617,1305,1360,58,0,1302,1357,112664,3,0,0,3,3
2020-10-08,US,Maryland,Talbot,584,6,0,38.76618159,-76.10882561,24041.0,1570.6947096635379,1.0273972602739727,578,578,6,0,572,579,36968,6,0,0,6,-1
2020-10-08,US,Maryland,Unassigned,0,8,0,0.0,0.0,90024.0,0.0,0.0,-8,0,9,0,-9,0,,0,-1,0,1,0
2020-10-08,US,Maryland,Washington,1926,41,0,39.60835778,-77.82002295,24043.0,1275.0829201120164,2.1287642782969884,1885,1917,41,0,1876,1897,150926,9,0,0,9,20
2020-10-08,US,Maryland,Wicomico,2157,49,0,38.37301947,-75.62705831,24045.0,2081.8654750069973,2.271673620769588,2108,2135,49,0,2086,2117,103195,22,0,0,22,18
2020-10-08,US,Maryland,Worcester,1112,30,0,38.21274277,-75.33200012,24047.0,2127.171168413804,2.6978417266187047,1082,1105,30,0,1075,1103,51823,7,0,0,7,2
2020-10-08,US,Massachusetts,Barnstable,1849,175,0,41.72980578,-70.28854339,25001.0,868.1158739846941,9.464575446187126,1674,1837,175,0,1662,1832,213413,12,0,0,12,5
2020-10-08,US,Massachusetts,Berkshire,726,51,0,42.37428441,-73.20524838,25003.0,581.0603150211292,7.024793388429752,675,726,51,0,675,725,126348,0,0,0,0,1
2020-10-08,US,Massachusetts,Bristol,10452,716,0,41.79228404,-71.10872211,25005.0,1849.201280216271,6.8503635667814775,9736,10423,715,0,9708,10386,564022,29,1,0,28,37
2020-10-08,US,Massachusetts,Dukes and Nantucket,194,2,0,41.40674725,-70.68763497,0.0,675.2288468901187,1.0309278350515465,192,192,2,0,190,191,26707,2,0,0,2,1
2020-10-08,US,Massachusetts,Essex,20835,1306,0,42.6687626,-70.94687179,25009.0,2640.5706217982997,6.26829853611711,19529,20768,1303,0,19465,20672,790638,67,3,0,64,96
2020-10-08,US,Massachusetts,Franklin,424,69,0,42.58119713,-72.58602547,25011.0,604.1607295525789,16.273584905660382,355,422,69,0,353,420,70963,2,0,0,2,2
2020-10-08,US,Massachusetts,Hampden,8621,791,0,42.13440424,-72.63235561,25013.0,1848.524353949208,9.175269690291149,7830,8611,791,0,7820,8574,470406,10,0,0,10,37
2020-10-08,US,Massachusetts,Hampshire,1345,148,0,42.33997957,-72.65898478,25015.0,836.2867624199464,11.003717472118963,1197,1341,148,0,1193,1333,161355,4,0,0,4,8
2020-10-08,US,Massachusetts,Middlesex,28638,2178,0,42.48607732,-71.39049229,25017.0,1776.882656128719,7.605279698302954,26460,28533,2175,0,26358,28392,1614714,105,3,0,102,141
2020-10-08,US,Massachusetts,Norfolk,10666,1077,0,42.16073095,-71.20530408,25021.0,1509.1082734958084,10.097506094130884,9589,10632,1077,0,9555,10608,705388,34,0,0,34,24
2020-10-08,US,Massachusetts,Plymouth,10058,778,0,41.94070556,-70.80802823,25023.0,1929.7700315808456,7.735136209982103,9280,10024,778,0,9246,10007,518132,34,0,0,34,17
2020-10-08,US,Massachusetts,Suffolk,25273,1143,0,42.327951399999996,-71.07850442,25025.0,3143.7716054220195,4.522613065326633,24130,25200,1143,0,24057,25117,807252,73,0,0,73,83
2020-10-08,US,Massachusetts,Unassigned,2950,5,0,0.0,0.0,90025.0,0.0,0.1694915254237288,2945,2919,5,0,2914,2909,,31,0,0,31,10
2020-10-08,US,Massachusetts,Worcester,14905,1126,0,42.35026951,-71.90493363,25027.0,1794.4383847285528,7.554511908755451,13779,14864,1125,0,13739,14791,830839,41,1,0,40,73
2020-10-08,US,Michigan,Alcona,49,2,0,44.6846864,-83.59507875,26001.0,470.92743873137914,4.081632653061225,47,49,2,0,47,49,10362,0,0,0,0,0
2020-10-08,US,Michigan,Alger,36,0,0,46.41292944,-86.60260122,26003.0,395.2569169960474,0.0,36,32,0,0,32,29,9097,4,0,0,4,3
2020-10-08,US,Michigan,Allegan,873,7,0,42.59147037,-85.89102866,26005.0,739.3230070883546,0.8018327605956472,866,859,7,0,852,850,117327,14,0,0,14,9
2020-10-08,US,Michigan,Alpena,145,14,0,45.03477666,-83.62212411,26007.0,510.4735081851787,9.655172413793103,131,145,14,0,131,145,28360,0,0,0,0,0
2020-10-08,US,Michigan,Antrim,79,0,0,44.99690221,-85.15503082,26009.0,338.70691133596296,0.0,79,76,0,0,76,72,23365,3,0,0,3,4
2020-10-08,US,Michigan,Arenac,77,3,0,44.0636262,-83.89277559,26011.0,517.3688100517369,3.8961038961038965,74,76,3,0,73,76,15041,1,0,0,1,0
2020-10-08,US,Michigan,Baraga,52,3,0,46.6720582,-88.36363591,26013.0,633.4510902667804,5.769230769230768,49,49,3,0,46,47,8320,3,0,0,3,2
2020-10-08,US,Michigan,Barry,395,4,0,42.59513984,-85.30834519,26015.0,641.7546709991876,1.0126582278481011,391,377,4,0,373,369,61157,18,0,0,18,8
2020-10-08,US,Michigan,Bay,1091,54,0,43.70639106,-83.98731479,26017.0,1057.929135232628,4.949587534372137,1037,1075,53,0,1022,1065,103923,16,1,0,15,10
2020-10-08,US,Michigan,Benzie,88,2,0,44.63899297,-86.01608482,26019.0,495.328154902623,2.272727272727273,86,85,2,0,83,84,17753,3,0,0,3,1
2020-10-08,US,Michigan,Berrien,2045,76,0,41.95447397,-86.41313079999998,26021.0,1333.1073461059575,3.716381418092909,1969,2021,76,0,1945,1994,154141,24,0,0,24,27
2020-10-08,US,Michigan,Branch,686,9,0,41.91600556,-85.05929476,26023.0,1576.3954316703814,1.3119533527696794,677,677,7,0,670,670,43622,9,2,0,7,7
2020-10-08,US,Michigan,Calhoun,1740,51,0,42.24633834,-85.00493569,26025.0,1296.968522424884,2.931034482758621,1689,1696,50,0,1646,1649,134487,44,1,0,43,47
2020-10-08,US,Michigan,Cass,671,20,0,41.91522292,-85.99405727,26027.0,1295.6919690269758,2.980625931445604,651,664,17,0,647,656,51653,7,3,0,4,8
2020-10-08,US,Michigan,Charlevoix,116,4,0,45.37790017,-85.19614053,26029.0,443.71342233102547,3.4482758620689653,112,116,4,0,112,115,26244,0,0,0,0,1
2020-10-08,US,Michigan,Cheboygan,98,2,0,45.44787015,-84.50122149,26031.0,387.7195758822599,2.0408163265306123,96,98,2,0,96,96,25413,0,0,0,0,2
2020-10-08,US,Michigan,Chippewa,86,0,0,46.29552653,-84.54353449,26033.0,230.26051567645717,0.0,86,86,0,0,86,87,37517,0,0,0,0,-1
2020-10-08,US,Michigan,Clare,128,6,0,43.98794227,-84.84819859999998,26035.0,413.5702746365105,4.6875,122,126,5,0,121,125,30757,2,1,0,1,1
2020-10-08,US,Michigan,Clinton,770,14,0,42.94400871,-84.60145248,26037.0,967.397449588542,1.818181818181818,756,762,14,0,748,754,79332,8,0,0,8,8
2020-10-08,US,Michigan,Crawford,128,5,0,44.68255561,-84.61006219,26039.0,912.3957516572814,3.90625,123,129,5,0,124,127,13901,-1,0,0,-1,2
2020-10-08,US,Michigan,Delta,781,13,0,45.90484910000001,-86.9080745,26041.0,2182.5396825396824,1.6645326504481437,768,753,11,0,742,722,35857,28,2,0,26,31
2020-10-08,US,Michigan,Dickinson,259,4,0,46.00999672,-87.86961634,26043.0,1026.1896271643093,1.5444015444015444,255,243,3,0,240,238,25383,16,1,0,15,5
2020-10-08,US,Michigan,Eaton,781,10,0,42.59599185,-84.83740035,26045.0,708.2743860412813,1.2804097311139564,771,763,10,0,753,749,109826,18,0,0,18,14
2020-10-08,US,Michigan,Emmet,175,4,0,45.52625509,-84.89083249,26047.0,523.7168936106539,2.2857142857142856,171,174,4,0,170,174,33308,1,0,0,1,0
2020-10-08,US,Michigan,Federal Correctional Institution (FCI),195,5,0,0.0,0.0,0.0,0.0,2.5641025641025643,190,195,5,0,190,195,,0,0,0,0,0
2020-10-08,US,Michigan,Genesee,5152,310,0,43.02244215,-83.70589709,26049.0,1269.5502608344236,6.017080745341616,4842,5089,309,0,4780,5037,406892,63,1,0,62,52
2020-10-08,US,Michigan,Gladwin,119,2,0,43.98901072,-84.38774817,26051.0,467.6018704074816,1.680672268907563,117,115,2,0,113,114,25337,4,0,0,4,1
2020-10-08,US,Michigan,Gogebic,185,2,0,46.40862701,-89.69377193,26053.0,1323.7924865831842,1.0810810810810811,183,182,2,0,180,181,15096,3,0,0,3,1
2020-10-08,US,Michigan,Grand Traverse,563,9,0,44.69565625,-85.55585247,26055.0,604.8040563767618,1.5985790408525755,554,546,9,0,537,533,92573,17,0,0,17,13
2020-10-08,US,Michigan,Gratiot,321,16,0,43.29265605,-84.60505416,26057.0,788.4846847289432,4.984423676012462,305,314,16,0,298,312,40599,7,0,0,7,2
2020-10-08,US,Michigan,Hillsdale,382,27,0,41.88753639,-84.59312019,26059.0,837.6274531301393,7.0680628272251305,355,380,27,0,353,373,45749,2,0,0,2,7
2020-10-08,US,Michigan,Houghton,767,4,0,46.89988536,-88.68495385,26061.0,2149.422710458469,0.5215123859191656,763,729,3,0,726,700,36219,38,1,0,37,29
2020-10-08,US,Michigan,Huron,238,5,0,43.83353985,-83.04078453,26063.0,768.2127755721249,2.100840336134454,233,235,5,0,230,232,31166,3,0,0,3,3
2020-10-08,US,Michigan,Ingham,3888,51,0,42.59716886,-84.37472069,26065.0,1329.658078151611,1.3117283950617284,3837,3828,51,0,3777,3781,292735,60,0,0,60,47
2020-10-08,US,Michigan,Ionia,423,7,0,42.94502238,-85.07413319,26067.0,653.8170239732908,1.6548463356973997,416,417,7,0,410,404,64210,6,0,0,6,13
2020-10-08,US,Michigan,Iosco,243,13,0,44.35486835,-83.63484895,26069.0,967.0871970390416,5.349794238683128,230,241,13,0,228,240,25081,2,0,0,2,1
2020-10-08,US,Michigan,Iron,267,10,0,46.20974132,-88.53136251,26071.0,2412.795951563347,3.7453183520599245,257,264,10,0,254,258,11117,3,0,0,3,6
2020-10-08,US,Michigan,Isabella,798,15,0,43.64060976,-84.84664923,26073.0,1142.0883901992215,1.8796992481203008,783,785,15,0,770,768,70562,13,0,0,13,17
2020-10-08,US,Michigan,Jackson,1265,51,0,42.24807035,-84.42258681,26075.0,798.0569049271339,4.031620553359684,1214,1247,49,0,1198,1222,158823,18,2,0,16,25
2020-10-08,US,Michigan,Kalamazoo,3483,96,0,42.24542231,-85.53038622,26077.0,1314.012359186014,2.756244616709733,3387,3406,96,0,3310,3336,264870,77,0,0,77,70
2020-10-08,US,Michigan,Kalkaska,95,4,0,44.68512729,-85.09085699,26079.0,526.6659274864177,4.2105263157894735,91,92,4,0,88,92,17824,3,0,0,3,0
2020-10-08,US,Michigan,Kent,10975,175,0,43.03197711,-85.54934642,26081.0,1670.5862654215287,1.5945330296127562,10800,10864,176,0,10688,10767,653786,111,-1,0,112,97
2020-10-08,US,Michigan,Keweenaw,13,0,0,47.63197653,-88.41434263,26083.0,614.366729678639,0.0,13,10,0,0,10,15,2113,3,0,0,3,-5
2020-10-08,US,Michigan,Lake,38,0,0,43.99050893,-85.802173,26085.0,320.593942461824,0.0,38,38,0,0,38,38,11881,0,0,0,0,0
2020-10-08,US,Michigan,Lapeer,678,37,0,43.09052506,-83.22153148,26087.0,773.9107605556633,5.457227138643068,641,668,37,0,631,659,88028,10,0,0,10,9
2020-10-08,US,Michigan,Leelanau,118,1,0,44.94430054,-85.80150326,26089.0,542.2544919810671,0.8474576271186439,117,118,1,0,117,117,21764,0,0,0,0,1
2020-10-08,US,Michigan,Lenawee,910,18,0,41.89475156,-84.06603727,26091.0,924.3176808767813,1.978021978021978,892,900,18,0,882,891,98266,10,0,0,10,9
2020-10-08,US,Michigan,Livingston,1527,32,0,42.60302282,-83.91297209,26093.0,795.3332118023908,2.0956123117223315,1495,1507,32,0,1475,1496,191224,20,0,0,20,11
2020-10-08,US,Michigan,Luce,21,0,0,46.47227431,-85.54471223,26095.0,337.13276609407615,0.0,21,19,0,0,19,17,6283,2,0,0,2,2
2020-10-08,US,Michigan,Mackinac,86,0,0,46.07028979,-85.04980537,26097.0,796.3700342624318,0.0,86,84,0,0,84,83,10787,2,0,0,2,1
2020-10-08,US,Michigan,Macomb,15577,1038,0,42.69158356,-82.92752801,26099.0,1782.3225458023826,6.663670796687423,14539,15445,1035,0,14410,15334,874759,132,3,0,129,111
2020-10-08,US,Michigan,Manistee,91,3,0,44.33352407,-86.05626916,26101.0,370.55134782962784,3.2967032967032965,88,88,3,0,85,88,24528,3,0,0,3,0
2020-10-08,US,Michigan,Marquette,479,12,0,46.4338914,-87.64043701,26103.0,718.1516964272328,2.5052192066805845,467,470,12,0,458,452,66516,9,0,0,9,18
2020-10-08,US,Michigan,Mason,144,0,0,43.99509218,-86.24988902,26105.0,494.0982706560527,0.0,144,144,0,0,144,141,29100,0,0,0,0,3
2020-10-08,US,Michigan,Mecosta,278,3,0,43.64064262,-85.32463223,26107.0,639.7717073619772,1.0791366906474822,275,259,3,0,256,251,43545,19,0,0,19,8
2020-10-08,US,Michigan,Menominee,521,3,0,45.58038692,-87.55370409,26109.0,2287.0939420544337,0.5758157389635317,518,501,3,0,498,492,22983,20,0,0,20,9
2020-10-08,US,Michigan,Michigan Department of Corrections (MDOC),5637,75,0,0.0,0.0,0.0,0.0,1.3304949441192124,5562,5631,75,0,5556,5627,,6,0,0,6,4
2020-10-08,US,Michigan,Midland,698,12,0,43.64330771,-84.38804374,26111.0,839.3862138631007,1.7191977077363896,686,685,12,0,673,671,83209,13,0,0,13,14
2020-10-08,US,Michigan,Missaukee,70,1,0,44.33772443,-85.09256478,26113.0,463.02420955152803,1.4285714285714286,69,69,1,0,68,69,15113,1,0,0,1,0
2020-10-08,US,Michigan,Monroe,1641,28,0,41.92734151,-83.53749864,26115.0,1090.3654485049833,1.7062766605728217,1613,1633,28,0,1605,1611,150439,8,0,0,8,22
2020-10-08,US,Michigan,Montcalm,385,7,0,43.31082541,-85.15252824,26117.0,602.6170798898073,1.818181818181818,378,380,7,0,373,376,63968,5,0,0,5,4
2020-10-08,US,Michigan,Montmorency,17,0,0,45.0275929,-84.12696227,26119.0,182.24699828473408,0.0,17,17,0,0,17,17,9265,0,0,0,0,0
2020-10-08,US,Michigan,Muskegon,1643,72,0,43.29123859,-86.15176712,26121.0,946.6139681734904,4.382227632379793,1571,1632,72,0,1560,1616,173588,11,0,0,11,16
2020-10-08,US,Michigan,Newaygo,434,2,0,43.554373999999996,-85.80070107,26123.0,886.0759493670886,0.4608294930875576,432,432,2,0,430,426,48892,2,0,0,2,6
2020-10-08,US,Michigan,Oakland,21592,1214,0,42.66090111,-83.38595416,26125.0,1716.9429636509371,5.622452760281585,20378,21464,1210,0,20254,21358,1259201,128,4,0,124,106
2020-10-08,US,Michigan,Oceana,538,6,0,43.64124435,-86.26726673,26127.0,2032.7199909321039,1.1152416356877324,532,536,6,0,530,535,26625,2,0,0,2,1
2020-10-08,US,Michigan,Ogemaw,76,5,0,44.33481032,-84.12725175,26129.0,361.9564699719008,6.578947368421053,71,74,5,0,69,72,20952,2,0,0,2,2
2020-10-08,US,Michigan,Ontonagon,50,0,0,46.665226200000006,-89.31390481,26131.0,874.1258741258741,0.0,50,46,0,0,46,46,5795,4,0,0,4,0
2020-10-08,US,Michigan,Osceola,103,0,0,43.98992088,-85.32566756,26133.0,439.0451832907076,0.0,103,103,0,0,103,103,23341,0,0,0,0,0
2020-10-08,US,Michigan,Oscoda,50,1,0,44.68192279,-84.12939244,26135.0,606.7224851352993,2.0,49,47,1,0,46,35,8276,3,0,0,3,12
2020-10-08,US,Michigan,Otsego,193,12,0,45.02085831,-84.59898295,26137.0,782.3901410734555,6.217616580310881,181,191,11,0,180,190,24665,2,1,0,1,1
2020-10-08,US,Michigan,Ottawa,3819,69,0,42.95996803,-85.9969107,26139.0,1308.6385909604908,1.8067556952081696,3750,3766,69,0,3697,3725,290494,53,0,0,53,41
2020-10-08,US,Michigan,Out of MI,209,2,0,0.0,0.0,80026.0,0.0,0.9569377990430622,207,197,2,0,195,194,,12,0,0,12,3
2020-10-08,US,Michigan,Presque Isle,29,1,0,45.34018577,-83.91498656,26141.0,230.30495552731887,3.4482758620689653,28,28,1,0,27,28,12738,1,0,0,1,0
2020-10-08,US,Michigan,Roscommon,111,4,0,44.33473082,-84.61067651,26143.0,462.1341438028228,3.603603603603604,107,109,4,0,105,106,23884,2,0,0,2,3
2020-10-08,US,Michigan,Saginaw,3150,143,0,43.33433923,-84.05131209999998,26145.0,1653.2048556988336,4.53968253968254,3007,3125,143,0,2982,3111,190800,25,0,0,25,14
2020-10-08,US,Michigan,Sanilac,157,7,0,43.42406072,-82.82055898,26151.0,381.3456400291473,4.4585987261146505,150,157,7,0,150,155,41182,0,0,0,0,2
2020-10-08,US,Michigan,Schoolcraft,40,0,0,46.19235734,-86.19972234,26153.0,494.1932295527551,0.0,40,39,0,0,39,38,8068,1,0,0,1,1
2020-10-08,US,Michigan,Shiawassee,565,32,0,42.95392800000001,-84.14585902,26155.0,829.3943219517923,5.663716814159293,533,562,32,0,530,556,68192,3,0,0,3,6
2020-10-08,US,Michigan,St. Clair,1120,60,0,42.92655373,-82.67937954,26147.0,703.8359056859888,5.357142857142857,1060,1106,59,0,1047,1092,159337,14,1,0,13,14
2020-10-08,US,Michigan,St. Joseph,885,11,0,41.91441767,-85.52797979,26149.0,1451.676399186405,1.2429378531073447,874,871,11,0,860,863,61043,14,0,0,14,8
2020-10-08,US,Michigan,Tuscola,536,33,0,43.46606813,-83.41897025,26157.0,1025.935496219734,6.156716417910447,503,530,33,0,497,529,52516,6,0,0,6,1
2020-10-08,US,Michigan,Unassigned,9,0,0,0.0,0.0,90026.0,0.0,0.0,9,23,0,0,23,22,,-14,0,0,-14,1
2020-10-08,US,Michigan,Van Buren,825,18,0,42.25190229,-86.01939087,26159.0,1090.1594936374327,2.1818181818181817,807,812,18,0,794,809,75448,13,0,0,13,3
2020-10-08,US,Michigan,Washtenaw,4045,116,0,42.253105,-83.83853204,26161.0,1100.3778553377167,2.8677379480840544,3929,4001,116,0,3885,3964,370963,44,0,0,44,37
2020-10-08,US,Michigan,Wayne,36538,3002,0,42.28098405,-83.281255,26163.0,2088.6698606276755,8.216103782363566,33536,36376,3001,0,33375,36237,1753893,162,1,0,161,139
2020-10-08,US,Michigan,Wexford,139,4,0,44.33853602,-85.57712739,26165.0,413.30914929677976,2.8776978417266186,135,139,4,0,135,135,33466,0,0,0,0,4
2020-10-08,US,Minnesota,Aitkin,108,1,0,46.60962049,-93.41168259999999,27001.0,679.8438876998615,0.925925925925926,107,108,1,0,107,103,15902,0,0,0,0,5
2020-10-08,US,Minnesota,Anoka,6958,142,0,45.27476015,-93.24604565,27003.0,1949.4509989605544,2.0408163265306123,6816,6892,141,0,6751,6826,353813,66,1,0,65,66
2020-10-08,US,Minnesota,Becker,342,2,0,46.93479392,-95.67158144,27005.0,993.5217732330127,0.5847953216374269,340,332,2,0,330,325,34371,10,0,0,10,7
2020-10-08,US,Minnesota,Beltrami,594,5,0,47.97373527,-94.93732139,27007.0,1258.794608798847,0.8417508417508418,589,572,5,0,567,557,46847,22,0,0,22,15
2020-10-08,US,Minnesota,Benton,655,4,0,45.69804958,-93.99514135,27009.0,1601.8978209298346,0.6106870229007634,651,640,4,0,636,627,40545,15,0,0,15,13
2020-10-08,US,Minnesota,Big Stone,100,0,0,45.42712824,-96.41403739,27011.0,2003.606491685033,0.0,100,97,0,0,97,94,4989,3,0,0,3,3
2020-10-08,US,Minnesota,Blue Earth,1846,7,0,44.03554215,-94.06699781,27013.0,2728.6299203287367,0.37919826652221017,1839,1833,7,0,1826,1823,67427,13,0,0,13,10
2020-10-08,US,Minnesota,Brown,239,2,0,44.24205652,-94.72562874,27015.0,955.6941778630838,0.8368200836820083,237,229,2,0,227,226,25111,10,0,0,10,3
2020-10-08,US,Minnesota,Carlton,326,1,0,46.59180601,-92.67601019,27017.0,908.8121323631904,0.3067484662576687,325,320,1,0,319,318,35837,6,0,0,6,2
2020-10-08,US,Minnesota,Carver,1545,7,0,44.82017001,-93.80099179999999,27019.0,1470.1824168086096,0.4530744336569579,1538,1520,7,0,1513,1509,103551,25,0,0,25,11
2020-10-08,US,Minnesota,Cass,238,4,0,46.95043611,-94.32603968,27021.0,799.2209274992447,1.680672268907563,234,230,4,0,226,223,29519,8,0,0,8,7
2020-10-08,US,Minnesota,Chippewa,284,2,0,45.02343421,-95.56403693,27023.0,2406.779661016949,0.7042253521126759,282,269,2,0,267,267,11924,15,0,0,15,2
2020-10-08,US,Minnesota,Chisago,630,2,0,45.5021011,-92.90861945,27025.0,1113.4873362908502,0.31746031746031744,628,613,2,0,611,604,55922,17,0,0,17,9
2020-10-08,US,Minnesota,Clay,1647,42,0,46.89289518,-96.48761922,27027.0,2564.5417458191896,2.550091074681238,1605,1613,42,0,1571,1593,63955,34,0,0,34,20
2020-10-08,US,Minnesota,Clearwater,39,0,0,47.57992111,-95.37790562,27029.0,442.2771603538217,0.0,39,38,0,0,38,38,8810,1,0,0,1,0
2020-10-08,US,Minnesota,Cook,7,0,0,47.90504893,-90.52629546,27031.0,128.1347245103423,0.0,7,7,0,0,7,7,5393,0,0,0,0,0
2020-10-08,US,Minnesota,Cottonwood,243,0,0,44.00715262,-95.18138802,27033.0,2170.418006430868,0.0,243,242,0,0,242,241,11277,1,0,0,1,1
2020-10-08,US,Minnesota,Crow Wing,692,18,0,46.48096553,-94.06755609,27035.0,1063.7153178080086,2.601156069364162,674,667,18,0,649,658,64889,25,0,0,25,9
2020-10-08,US,Minnesota,Dakota,8200,130,0,44.67172617,-93.06299363,27037.0,1911.3283498942944,1.5853658536585369,8070,8140,130,0,8010,8099,425423,60,0,0,60,41
2020-10-08,US,Minnesota,Dodge,305,0,0,44.02238415,-92.86244324,27039.0,1456.9599694277251,0.0,305,296,0,0,296,289,20822,9,0,0,9,7
2020-10-08,US,Minnesota,Douglas,469,3,0,45.93348491,-95.45335469,27041.0,1229.6478854775698,0.6396588486140725,466,455,3,0,452,440,37964,14,0,0,14,15
2020-10-08,US,Minnesota,Faribault,170,0,0,43.67381499,-93.94787458,27043.0,1245.1475866110013,0.0,170,168,0,0,168,165,13758,2,0,0,2,3
2020-10-08,US,Minnesota,Fillmore,188,0,0,43.67394126,-92.08980382,27045.0,892.3909431812787,0.0,188,177,0,0,177,174,21058,11,0,0,11,3
2020-10-08,US,Minnesota,Freeborn,576,4,0,43.67385583,-93.34884422,27047.0,1902.1828869588196,0.6944444444444444,572,570,4,0,566,568,30444,6,0,0,6,2
2020-10-08,US,Minnesota,Goodhue,431,9,0,44.40849741,-92.72341949999999,27049.0,930.0820025895557,2.0881670533642693,422,428,9,0,419,423,46403,3,0,0,3,5
2020-10-08,US,Minnesota,Grant,71,4,0,45.93424769,-96.01139609,27051.0,1188.881446751507,5.633802816901407,67,71,4,0,67,70,6021,0,0,0,0,1
2020-10-08,US,Minnesota,Hennepin,29404,947,0,45.00761521,-93.47694895,27053.0,2322.878903623909,3.2206502516664397,28457,29207,946,0,28261,29045,1259428,197,1,0,196,162
2020-10-08,US,Minnesota,Houston,156,0,0,43.67129565,-91.49143057,27055.0,838.7096774193549,0.0,156,154,0,0,154,154,18578,2,0,0,2,0
2020-10-08,US,Minnesota,Hubbard,184,1,0,47.10778564,-94.91693868,27057.0,856.1723512167885,0.5434782608695652,183,175,1,0,174,171,21332,9,0,0,9,4
2020-10-08,US,Minnesota,Isanti,374,1,0,45.56181234,-93.29487636,27059.0,921.2730318257956,0.26737967914438504,373,370,1,0,369,365,39966,4,0,0,4,5
2020-10-08,US,Minnesota,Itasca,496,16,0,47.51009045,-93.63092229,27061.0,1099.0471969864834,3.2258064516129035,480,475,16,0,459,461,45108,21,0,0,21,14
2020-10-08,US,Minnesota,Jackson,165,1,0,43.67423373,-95.15398258,27063.0,1675.807434491164,0.6060606060606061,164,161,1,0,160,160,9911,4,0,0,4,1
2020-10-08,US,Minnesota,Kanabec,151,9,0,45.9459309,-93.29275192,27065.0,924.2823039725777,5.960264900662253,142,151,9,0,142,150,16207,0,0,0,0,1
2020-10-08,US,Minnesota,Kandiyohi,1210,3,0,45.1526059,-95.00586446,27067.0,2800.990763675085,0.2479338842975207,1207,1184,3,0,1181,1174,42855,26,0,0,26,10
2020-10-08,US,Minnesota,Kittson,15,0,0,48.77754106,-96.78317184,27069.0,348.9995346672872,0.0,15,15,0,0,15,14,4248,0,0,0,0,1
2020-10-08,US,Minnesota,Koochiching,135,4,0,48.24539665,-93.78352843,27071.0,1103.9332733665876,2.962962962962963,131,131,4,0,127,128,12440,4,0,0,4,3
2020-10-08,US,Minnesota,Lac qui Parle,93,2,0,44.9973857,-96.17488219,27073.0,1404.1974935829685,2.150537634408602,91,87,2,0,85,86,6658,6,0,0,6,1
2020-10-08,US,Minnesota,Lake,82,0,0,47.64270764,-91.44557998,27075.0,770.6042665163047,0.0,82,80,0,0,80,77,10658,2,0,0,2,3
2020-10-08,US,Minnesota,Lake of the Woods,34,1,0,48.77217001,-94.90274472,27077.0,909.0909090909092,2.9411764705882355,33,31,1,0,30,26,3758,3,0,0,3,5
2020-10-08,US,Minnesota,Le Sueur,515,5,0,44.37136597,-93.72844721,27079.0,1782.808875964967,0.9708737864077671,510,509,5,0,504,499,28494,6,0,0,6,10
2020-10-08,US,Minnesota,Lincoln,136,0,0,44.41311883,-96.26688165,27081.0,2411.775137435716,0.0,136,132,0,0,132,129,5673,4,0,0,4,3
2020-10-08,US,Minnesota,Lyon,808,4,0,44.41327865,-95.83806103,27083.0,3171.861505849101,0.4950495049504951,804,797,4,0,793,791,25629,11,0,0,11,6
2020-10-08,US,Minnesota,Mahnomen,64,1,0,47.32557075,-95.80921485,27087.0,1157.951872625294,1.5625,63,62,1,0,61,59,5519,2,0,0,2,3
2020-10-08,US,Minnesota,Marshall,62,1,0,48.35825983,-96.37017407,27089.0,664.095972579263,1.6129032258064515,61,61,1,0,60,60,9390,1,0,0,1,1
2020-10-08,US,Minnesota,Martin,531,13,0,43.67429718,-94.55099908,27091.0,2697.7594878829445,2.4482109227871938,518,525,13,0,512,517,19785,6,0,0,6,8
2020-10-08,US,Minnesota,McLeod,521,3,0,44.82367677,-94.27287017,27085.0,1451.5365112974675,0.5758157389635317,518,519,3,0,516,514,35873,2,0,0,2,5
2020-10-08,US,Minnesota,Meeker,253,2,0,45.12328869,-94.52839455,27093.0,1089.4841098957884,0.7905138339920948,251,244,2,0,242,243,23141,9,0,0,9,1
2020-10-08,US,Minnesota,Mille Lacs,207,3,0,45.93705297,-93.63236823,27095.0,787.7611599497659,1.4492753623188406,204,200,3,0,197,195,26139,7,0,0,7,5
2020-10-08,US,Minnesota,Morrison,379,3,0,46.01265363,-94.27341528,27097.0,1135.2063739291918,0.7915567282321899,376,365,3,0,362,343,33169,14,0,0,14,22
2020-10-08,US,Minnesota,Mower,1395,7,0,43.67142874,-92.75234549,27099.0,3482.1027407518345,0.5017921146953405,1388,1391,6,0,1385,1384,40011,4,1,0,3,7
2020-10-08,US,Minnesota,Murray,203,3,0,44.02216709,-95.76328482,27101.0,2477.4225042714183,1.477832512315271,200,197,3,0,194,194,8276,6,0,0,6,3
2020-10-08,US,Minnesota,Nicollet,613,17,0,44.35291112,-94.24710352,27103.0,1788.5277469802186,2.7732463295269167,596,607,17,0,590,602,34220,6,0,0,6,5
2020-10-08,US,Minnesota,Nobles,2024,16,0,43.67434621,-95.75329576,27105.0,9357.806648481206,0.7905138339920948,2008,2019,16,0,2003,2016,21924,5,0,0,5,3
2020-10-08,US,Minnesota,Norman,74,0,0,47.32628443,-96.45620947,27107.0,1160.7843137254902,0.0,74,71,0,0,71,70,6475,3,0,0,3,1
2020-10-08,US,Minnesota,Olmsted,2751,28,0,44.00374114,-92.40209944,27109.0,1737.9163955449703,1.0178117048346056,2723,2723,28,0,2695,2707,156277,28,0,0,28,16
2020-10-08,US,Minnesota,Otter Tail,548,6,0,46.40846929,-95.70835255,27111.0,932.8294692404587,1.094890510948905,542,541,6,0,535,538,58812,7,0,0,7,3
2020-10-08,US,Minnesota,Pennington,140,1,0,48.06642577,-96.0370814,27113.0,991.571641051066,0.7142857142857143,139,138,1,0,137,136,14178,2,0,0,2,2
2020-10-08,US,Minnesota,Pine,439,0,0,46.12105238,-92.74070188,27115.0,1484.1610602116364,0.0,439,410,0,0,410,405,29483,29,0,0,29,5
2020-10-08,US,Minnesota,Pipestone,292,15,0,44.02301619,-96.25841142,27117.0,3199.649353495507,5.136986301369864,277,284,14,0,270,281,9047,8,1,0,7,3
2020-10-08,US,Minnesota,Polk,376,4,0,47.77372465,-96.40134647,27119.0,1198.8266802703736,1.0638297872340423,372,367,4,0,363,359,31529,9,0,0,9,8
2020-10-08,US,Minnesota,Pope,115,0,0,45.58606667,-95.44451209,27121.0,1022.3130944972888,0.0,115,110,0,0,110,110,11097,5,0,0,5,0
2020-10-08,US,Minnesota,Ramsey,11916,331,0,45.01625271,-93.09872295,27123.0,2165.2817173976637,2.7777777777777777,11585,11833,330,0,11503,11733,550210,83,1,0,82,100
2020-10-08,US,Minnesota,Red Lake,46,1,0,47.87197525,-96.09561104,27125.0,1134.4019728729966,2.1739130434782608,45,45,1,0,44,45,3999,1,0,0,1,0
2020-10-08,US,Minnesota,Redwood,213,7,0,44.40555844,-95.25207021,27127.0,1404.0870138431117,3.286384976525821,206,207,7,0,200,206,15249,6,0,0,6,1
2020-10-08,US,Minnesota,Renville,191,9,0,44.72836381,-94.94553734,27129.0,1312.8952433324166,4.712041884816754,182,184,9,0,175,176,14612,7,0,0,7,8
2020-10-08,US,Minnesota,Rice,1428,8,0,44.3543376,-93.29658715,27131.0,2132.2343666009674,0.5602240896358543,1420,1419,8,0,1411,1406,66523,9,0,0,9,13
2020-10-08,US,Minnesota,Rock,199,1,0,43.67482683,-96.25296832,27133.0,2136.339237788513,0.5025125628140703,198,195,1,0,194,193,9414,4,0,0,4,2
2020-10-08,US,Minnesota,Roseau,146,0,0,48.77501878,-95.81079919,27135.0,962.7431585888561,0.0,146,145,0,0,145,144,15150,1,0,0,1,1
2020-10-08,US,Minnesota,Scott,2822,34,0,44.6490231,-93.53340251,27139.0,1893.7945011509064,1.2048192771084338,2788,2806,34,0,2772,2794,147381,16,0,0,16,12
2020-10-08,US,Minnesota,Sherburne,1300,15,0,45.44447208,-93.77617511,27141.0,1336.925893169337,1.1538461538461535,1285,1282,15,0,1267,1272,96036,18,0,0,18,10
2020-10-08,US,Minnesota,Sibley,215,3,0,44.5796592,-94.23164924,27143.0,1446.3504877228388,1.3953488372093024,212,212,3,0,209,213,15028,3,0,0,3,-1
2020-10-08,US,Minnesota,St. Louis,2081,52,0,47.604840700000004,-92.46879855,27137.0,1045.3609283166725,2.4987986544930316,2029,2029,52,0,1977,2007,199754,52,0,0,52,22
2020-10-08,US,Minnesota,Stearns,4508,28,0,45.55192576,-94.61078221,27145.0,2798.696259506441,0.6211180124223602,4480,4439,27,0,4412,4387,159256,69,1,0,68,52
2020-10-08,US,Minnesota,Steele,614,2,0,44.02240351,-93.22627088,27147.0,1675.3526699227814,0.3257328990228013,612,607,2,0,605,602,36803,7,0,0,7,5
2020-10-08,US,Minnesota,Stevens,130,1,0,45.58613007,-96.00163705,27149.0,1325.8541560428353,0.7692307692307693,129,127,1,0,126,128,9753,3,0,0,3,-1
2020-10-08,US,Minnesota,Swift,160,1,0,45.2829032,-95.68264092,27151.0,1726.7429311461256,0.625,159,156,1,0,155,156,9345,4,0,0,4,0
2020-10-08,US,Minnesota,Todd,559,2,0,46.06996226,-94.89785296,27153.0,2266.4612390528705,0.35778175313059035,557,549,2,0,547,546,24582,10,0,0,10,3
2020-10-08,US,Minnesota,Traverse,45,0,0,45.77298854,-96.47062949,27155.0,1380.7916538815591,0.0,45,40,0,0,40,40,3308,5,0,0,5,0
2020-10-08,US,Minnesota,Unassigned,176,53,0,0.0,0.0,90027.0,0.0,30.113636363636363,123,161,53,0,108,162,,15,0,0,15,-1
2020-10-08,US,Minnesota,Wabasha,248,0,0,44.28424356,-92.23121312,27157.0,1146.7147547047673,0.0,248,244,0,0,244,241,21645,4,0,0,4,3
2020-10-08,US,Minnesota,Wadena,105,0,0,46.58589171,-94.96968506,27159.0,767.4316620377137,0.0,105,91,0,0,91,90,13773,14,0,0,14,1
2020-10-08,US,Minnesota,Waseca,840,9,0,44.02211116,-93.58720034,27161.0,4513.217279174726,1.0714285714285714,831,837,9,0,828,822,18691,3,0,0,3,15
2020-10-08,US,Minnesota,Washington,4315,60,0,45.03864533,-92.88429635,27163.0,1644.1853376009756,1.3904982618771726,4255,4259,60,0,4199,4231,259201,56,0,0,56,28
2020-10-08,US,Minnesota,Watonwan,548,4,0,43.97823903,-94.61413846,27165.0,5028.907038634487,0.7299270072992701,544,545,4,0,541,541,10980,3,0,0,3,4
2020-10-08,US,Minnesota,Wilkin,88,3,0,46.35721532,-96.4684375,27167.0,1417.7541485419688,3.4090909090909087,85,84,3,0,81,81,6254,4,0,0,4,3
2020-10-08,US,Minnesota,Winona,1037,18,0,43.98772283,-91.78081305,27169.0,2054.116155613661,1.7357762777242045,1019,1024,18,0,1006,1015,50825,13,0,0,13,9
2020-10-08,US,Minnesota,Wright,1915,9,0,45.17297924,-93.96234781,27171.0,1383.9005036964236,0.4699738903394256,1906,1885,9,0,1876,1860,136349,30,0,0,30,25
2020-10-08,US,Minnesota,Yellow Medicine,229,3,0,44.71710183,-95.86842453,27173.0,2358.6363168194457,1.310043668122271,226,226,3,0,223,219,9795,3,0,0,3,7
2020-10-08,US,Mississippi,Adams,984,40,0,31.47669768,-91.35326037,28001.0,3205.942723096472,4.0650406504065035,944,978,40,0,938,973,31192,6,0,0,6,5
2020-10-08,US,Mississippi,Alcorn,873,11,0,34.88084463,-88.57996173,28003.0,2362.460422699104,1.2600229095074456,862,869,11,0,858,866,36925,4,0,0,4,3
2020-10-08,US,Mississippi,Amite,364,10,0,31.17467303,-90.80501621,28005.0,2960.071562169635,2.7472527472527477,354,363,10,0,353,360,12326,1,0,0,1,3
2020-10-08,US,Mississippi,Attala,697,25,0,33.08658803,-89.57838564,28007.0,3835.149114119071,3.586800573888092,672,696,25,0,671,695,18365,1,0,0,1,1
2020-10-08,US,Mississippi,Benton,258,4,0,34.81681228,-89.18945516,28009.0,3123.864874682165,1.5503875968992251,254,256,4,0,252,250,8271,2,0,0,2,6
2020-10-08,US,Mississippi,Bolivar,1928,74,0,33.79696941,-90.87372121,28011.0,6294.893561447042,3.838174273858921,1854,1924,74,0,1850,1912,31333,4,0,0,4,12
2020-10-08,US,Mississippi,Calhoun,556,12,0,33.93683395,-89.33686647,28013.0,3871.596685467585,2.1582733812949644,544,555,12,0,543,553,14436,1,0,0,1,2
2020-10-08,US,Mississippi,Carroll,337,12,0,33.44834567,-89.91994479,28015.0,3387.95616768875,3.560830860534125,325,336,12,0,324,333,9911,1,0,0,1,3
2020-10-08,US,Mississippi,Chickasaw,745,24,0,33.91983202,-88.9481545,28017.0,4355.960942524704,3.2214765100671134,721,741,24,0,717,739,17171,4,0,0,4,2
2020-10-08,US,Mississippi,Choctaw,194,6,0,33.34598242,-89.24809382,28019.0,2362.971985383679,3.0927835051546397,188,193,6,0,187,193,8278,1,0,0,1,0
2020-10-08,US,Mississippi,Claiborne,509,16,0,31.97061673,-90.90702196,28021.0,5663.106364040944,3.1434184675834973,493,500,16,0,484,489,9002,9,0,0,9,11
2020-10-08,US,Mississippi,Clarke,634,48,0,32.04158545,-88.68896219999998,28023.0,4079.5315616755684,7.570977917981073,586,632,48,0,584,631,15604,2,0,0,2,1
2020-10-08,US,Mississippi,Clay,626,20,0,33.65358105,-88.77784255,28025.0,3240.8366121350177,3.194888178913738,606,624,20,0,604,623,19386,2,0,0,2,1
2020-10-08,US,Mississippi,Coahoma,1202,34,0,34.22772299,-90.60415045,28027.0,5433.0139215331765,2.8286189683860234,1168,1198,32,0,1166,1195,22628,4,2,0,2,3
2020-10-08,US,Mississippi,Copiah,1260,35,0,31.86977774,-90.44565118,28029.0,4489.577765900588,2.7777777777777777,1225,1256,34,0,1222,1254,28543,4,1,0,3,2
2020-10-08,US,Mississippi,Covington,858,25,0,31.63225413,-89.55389939,28031.0,4603.9922730199605,2.9137529137529135,833,853,25,0,828,851,18853,5,0,0,5,2
2020-10-08,US,Mississippi,DeSoto,6019,72,0,34.87625235,-89.99091418,28033.0,3254.481061937333,1.1962119953480643,5947,5994,71,0,5923,5947,182001,25,1,0,24,47
2020-10-08,US,Mississippi,Forrest,2750,76,0,31.18961454,-89.25832496,28035.0,3671.709147228861,2.763636363636364,2674,2714,75,0,2639,2678,75036,36,1,0,35,36
2020-10-08,US,Mississippi,Franklin,207,3,0,31.47786634,-90.89672989,28037.0,2683.7806301050173,1.4492753623188406,204,206,3,0,203,206,7788,1,0,0,1,0
2020-10-08,US,Mississippi,George,856,15,0,30.86259065,-88.64436789,28039.0,3493.8775510204077,1.7523364485981308,841,846,14,0,832,845,24250,10,1,0,9,1
2020-10-08,US,Mississippi,Greene,423,17,0,31.21444233,-88.63922281,28041.0,3113.499190343,4.018912529550828,406,417,17,0,400,414,13586,6,0,0,6,3
2020-10-08,US,Mississippi,Grenada,1138,36,0,33.77036166,-89.80245083,28043.0,5482.223720975046,3.1634446397188047,1102,1133,36,0,1097,1131,21055,5,0,0,5,2
2020-10-08,US,Mississippi,Hancock,663,25,0,30.41830223,-89.48851033,28045.0,1391.9213973799124,3.770739064856712,638,648,25,0,623,639,47334,15,0,0,15,9
2020-10-08,US,Mississippi,Harrison,4257,79,0,30.51359752,-89.12467576,28047.0,2045.847750865052,1.8557669720460421,4178,4204,78,0,4126,4154,206650,53,1,0,52,50
2020-10-08,US,Mississippi,Hinds,7379,166,0,32.2656285,-90.44435448,28049.0,3182.7984817115253,2.2496273207751734,7213,7346,166,0,7180,7326,237085,33,0,0,33,20
2020-10-08,US,Mississippi,Holmes,1113,60,0,33.12345854,-90.08923538,28051.0,6543.20987654321,5.3908355795148255,1053,1113,60,0,1053,1113,17622,0,0,0,0,0
2020-10-08,US,Mississippi,Humphreys,382,16,0,33.12825718,-90.52252707,28053.0,4737.103174603175,4.18848167539267,366,382,15,0,367,382,8257,0,1,0,-1,0
2020-10-08,US,Mississippi,Issaquena,106,3,0,32.72531359,-90.97392828,28055.0,7987.942727957799,2.830188679245283,103,106,3,0,103,106,1308,0,0,0,0,0
2020-10-08,US,Mississippi,Itawamba,958,24,0,34.27993475,-88.3606733,28057.0,4095.7674219752034,2.5052192066805845,934,943,24,0,919,936,23517,15,0,0,15,7
2020-10-08,US,Mississippi,Jackson,3917,74,0,30.54020656,-88.64184064,28059.0,2727.3929966508144,1.8892009190707173,3843,3882,72,0,3810,3848,143277,35,2,0,33,34
2020-10-08,US,Mississippi,Jasper,615,16,0,32.01922104,-89.11786866,28061.0,3753.89122871269,2.6016260162601625,599,608,16,0,592,606,16428,7,0,0,7,2
2020-10-08,US,Mississippi,Jefferson,248,10,0,31.73397872,-91.03764977,28063.0,3547.9256080114446,4.032258064516129,238,247,10,0,237,246,7106,1,0,0,1,1
2020-10-08,US,Mississippi,Jefferson Davis,364,11,0,31.56884708,-89.82670990000004,28065.0,3271.028037383177,3.021978021978022,353,363,11,0,352,361,11234,1,0,0,1,2
2020-10-08,US,Mississippi,Jones,2636,81,0,31.62257767,-89.16896899999998,28067.0,3870.891949837,3.0728376327769347,2555,2626,81,0,2545,2609,68461,10,0,0,10,17
2020-10-08,US,Mississippi,Kemper,299,15,0,32.75462946,-88.64105766,28069.0,3069.184972284952,5.016722408026756,284,296,15,0,281,295,10027,3,0,0,3,1
2020-10-08,US,Mississippi,Lafayette,2309,41,0,34.35687874,-89.48490961,28071.0,4274.421962642774,1.775660459073192,2268,2303,41,0,2262,2294,54793,6,0,0,6,9
2020-10-08,US,Mississippi,Lamar,1944,37,0,31.20572971,-89.5077704,28073.0,3069.005257092338,1.9032921810699588,1907,1927,37,0,1890,1903,62447,17,0,0,17,24
2020-10-08,US,Mississippi,Lauderdale,2157,128,0,32.40419769,-88.66229662,28075.0,2909.9494097807756,5.93416782568382,2029,2146,127,0,2019,2134,75317,11,1,0,10,12
2020-10-08,US,Mississippi,Lawrence,459,14,0,31.55147224,-90.10841127,28077.0,3646.9092642618793,3.0501089324618738,445,453,14,0,439,449,12455,6,0,0,6,4
2020-10-08,US,Mississippi,Leake,996,39,0,32.7536828,-89.52402044,28079.0,4371.105064513297,3.9156626506024095,957,992,39,0,953,985,22763,4,0,0,4,7
2020-10-08,US,Mississippi,Lee,3100,75,0,34.291877500000005,-88.68149954,28081.0,3628.44702467344,2.419354838709677,3025,3080,74,0,3006,3076,85202,20,1,0,19,4
2020-10-08,US,Mississippi,Leflore,1487,82,0,33.55545125,-90.29900733,28083.0,5276.230351630416,5.514458641560188,1405,1484,82,0,1402,1470,28919,3,0,0,3,14
2020-10-08,US,Mississippi,Lincoln,1182,53,0,31.53288662,-90.45391915,28085.0,3460.896553743449,4.483925549915399,1129,1178,53,0,1125,1172,34205,4,0,0,4,6
2020-10-08,US,Mississippi,Lowndes,1679,59,0,33.47386518,-88.44191529999998,28087.0,2865.432204112979,3.5139964264443115,1620,1671,58,0,1613,1659,58930,8,1,0,7,12
2020-10-08,US,Mississippi,Madison,3463,91,0,32.63389156,-90.03513564,28089.0,3258.6193917494734,2.6277793820386948,3372,3451,90,0,3361,3441,105630,12,1,0,11,10
2020-10-08,US,Mississippi,Marion,895,41,0,31.23132643,-89.8209217,28091.0,3642.208928498759,4.581005586592179,854,894,41,0,853,891,24715,1,0,0,1,3
2020-10-08,US,Mississippi,Marshall,1154,22,0,34.76216286,-89.50299462,28093.0,3269.6775655918846,1.9064124783362215,1132,1138,22,0,1116,1132,35451,16,0,0,16,6
2020-10-08,US,Mississippi,Monroe,1320,71,0,33.89236763,-88.4808438,28095.0,3744.468398956088,5.378787878787879,1249,1308,70,0,1238,1303,35564,12,1,0,11,5
2020-10-08,US,Mississippi,Montgomery,499,21,0,33.49419589,-89.61729103,28097.0,5104.859335038364,4.208416833667335,478,498,21,0,477,497,10023,1,0,0,1,1
2020-10-08,US,Mississippi,Neshoba,1665,109,0,32.75339664,-89.11726492,28099.0,5718.112507727179,6.546546546546548,1556,1661,108,0,1553,1655,29125,4,1,0,3,6
2020-10-08,US,Mississippi,Newton,805,26,0,32.40021118,-89.11843336,28101.0,3830.050432962223,3.2298136645962727,779,802,26,0,776,801,21443,3,0,0,3,1
2020-10-08,US,Mississippi,Noxubee,576,16,0,33.11009499,-88.56949061,28103.0,5529.423058462129,2.7777777777777777,560,576,16,0,560,575,10535,0,0,0,0,1
2020-10-08,US,Mississippi,Oktibbeha,1885,54,0,33.42491685,-88.87905132,28105.0,3801.399560368645,2.8647214854111405,1831,1873,54,0,1819,1866,49599,12,0,0,12,7
2020-10-08,US,Mississippi,Panola,1575,33,0,34.36398677,-89.95064249,28107.0,4606.34066448292,2.095238095238096,1542,1565,32,0,1533,1558,34178,10,1,0,9,7
2020-10-08,US,Mississippi,Pearl River,982,54,0,30.77090935,-89.58677275,28109.0,1768.2542540740073,5.4989816700611,928,973,54,0,919,966,55387,9,0,0,9,7
2020-10-08,US,Mississippi,Perry,453,21,0,31.17161885,-88.99281835,28111.0,3783.512904034077,4.635761589403972,432,450,21,0,429,446,11931,3,0,0,3,4
2020-10-08,US,Mississippi,Pike,1283,55,0,31.17507789,-90.40392572,28113.0,3265.628181633069,4.286827747466875,1228,1281,55,0,1226,1277,39563,2,0,0,2,4
2020-10-08,US,Mississippi,Pontotoc,1363,18,0,34.226046000000004,-89.03636807,28115.0,4236.339901784049,1.3206162876008805,1345,1356,18,0,1338,1353,31833,7,0,0,7,3
2020-10-08,US,Mississippi,Prentiss,923,19,0,34.61810501,-88.51986294,28117.0,3673.48563241264,2.058504875406284,904,919,19,0,900,912,25315,4,0,0,4,7
2020-10-08,US,Mississippi,Quitman,405,6,0,34.25157572,-90.28908,28119.0,5962.897526501768,1.4814814814814814,399,402,5,0,397,402,7051,3,1,0,2,0
2020-10-08,US,Mississippi,Rankin,3529,83,0,32.26469147,-89.94537876,28121.0,2272.8004585531103,2.3519410597903088,3446,3507,82,0,3425,3491,153902,22,1,0,21,16
2020-10-08,US,Mississippi,Scott,1193,28,0,32.406704100000006,-89.53789439,28123.0,4241.9286019058445,2.347024308466052,1165,1190,28,0,1162,1185,28287,3,0,0,3,5
2020-10-08,US,Mississippi,Sharkey,268,14,0,32.88149103,-90.81595379999999,28125.0,6202.2679935200185,5.223880597014926,254,268,14,0,254,268,4377,0,0,0,0,0
2020-10-08,US,Mississippi,Simpson,1124,48,0,31.91282117,-89.91716179,28127.0,4216.370320354115,4.270462633451957,1076,1114,48,0,1066,1100,26758,10,0,0,10,14
2020-10-08,US,Mississippi,Smith,562,15,0,32.01744532,-89.50644846,28129.0,3531.037949233476,2.6690391459074734,547,558,15,0,543,557,16002,4,0,0,4,1
2020-10-08,US,Mississippi,Stone,411,13,0,30.79187949,-89.11547539,28131.0,2241.4921465968587,3.1630170316301705,398,405,13,0,392,397,18717,6,0,0,6,8
2020-10-08,US,Mississippi,Sunflower,1522,48,0,33.60192578,-90.58882684,28133.0,6061.330147351653,3.1537450722733245,1474,1520,48,0,1472,1518,25735,2,0,0,2,2
2020-10-08,US,Mississippi,Tallahatchie,793,24,0,33.95339918,-90.1729398,28135.0,5742.631617061335,3.0264817150063053,769,793,24,0,769,792,13987,0,0,0,0,1
2020-10-08,US,Mississippi,Tate,1067,38,0,34.65133709,-89.94485778,28137.0,3767.522333250945,3.5613870665417062,1029,1062,38,0,1024,1056,28759,5,0,0,5,6
2020-10-08,US,Mississippi,Tippah,759,18,0,34.76872156,-88.90988194,28139.0,3447.649330002271,2.3715415019762847,741,755,18,0,737,743,21995,4,0,0,4,12
2020-10-08,US,Mississippi,Tishomingo,732,39,0,34.74023475,-88.23917219,28141.0,3776.5051849558895,5.327868852459017,693,731,39,0,692,730,19454,1,0,0,1,1
2020-10-08,US,Mississippi,Tunica,511,17,0,34.64967704,-90.37481167,28143.0,5305.232558139535,3.3268101761252447,494,511,16,0,495,508,9944,0,1,0,-1,3
2020-10-08,US,Mississippi,Union,1068,24,0,34.49162015,-89.00776006,28145.0,3706.40291514836,2.247191011235955,1044,1065,24,0,1041,1062,28606,3,0,0,3,3
2020-10-08,US,Mississippi,Walthall,612,26,0,31.14971548,-90.10446654,28147.0,4283.914321713566,4.248366013071895,586,612,26,0,586,611,14465,0,0,0,0,1
2020-10-08,US,Mississippi,Warren,1452,53,0,32.35810271,-90.83352619,28149.0,3199.576915449197,3.6501377410468323,1399,1443,52,0,1391,1438,46176,9,1,0,8,5
2020-10-08,US,Mississippi,Washington,2360,86,0,33.28392041,-90.94196237,28151.0,5374.75232867977,3.6440677966101696,2274,2351,86,0,2265,2338,45063,9,0,0,9,13
2020-10-08,US,Mississippi,Wayne,946,21,0,31.64135687,-88.69573913,28153.0,4687.112916811178,2.219873150105708,925,942,21,0,921,940,20298,4,0,0,4,2
2020-10-08,US,Mississippi,Webster,355,13,0,33.61300486,-89.28392912,28155.0,3663.948807926514,3.661971830985916,342,355,13,0,342,351,9788,0,0,0,0,4
2020-10-08,US,Mississippi,Wilkinson,313,19,0,31.16078225,-91.31018819,28157.0,3626.882966396292,6.070287539936103,294,313,18,0,295,312,8792,0,1,0,-1,1
2020-10-08,US,Mississippi,Winston,776,20,0,33.08747908,-89.03391385,28159.0,4321.9159008632705,2.5773195876288657,756,771,19,0,752,765,18165,5,1,0,4,6
2020-10-08,US,Mississippi,Yalobusha,461,14,0,34.02824175,-89.70762049999998,28161.0,3807.4000660720185,3.0368763557483733,447,458,14,0,444,454,12392,3,0,0,3,4
2020-10-08,US,Mississippi,Yazoo,1091,33,0,32.77890365,-90.39656148,28163.0,3674.637925227349,3.0247479376718607,1058,1088,33,0,1055,1086,28248,3,0,0,3,2
2020-10-08,US,Missouri,Adair,386,0,0,40.19058551,-92.60078167,29001.0,1523.1030264767392,0.0,386,380,0,0,380,379,25339,6,0,0,6,1
2020-10-08,US,Missouri,Andrew,315,3,0,39.98492163,-94.80163024,29003.0,1778.4552845528456,0.9523809523809524,312,308,3,0,305,301,17607,7,0,0,7,7
2020-10-08,US,Missouri,Atchison,64,0,0,40.43238737,-95.42970639,29005.0,1244.4098775034026,0.0,64,62,0,0,62,61,5171,2,0,0,2,1
2020-10-08,US,Missouri,Audrain,470,5,0,39.215877,-91.84242683,29007.0,1851.2683157397198,1.0638297872340423,465,467,5,0,462,466,25473,3,0,0,3,1
2020-10-08,US,Missouri,Barry,550,6,0,36.70978521,-93.82919888,29009.0,1536.7850456844285,1.0909090909090908,544,546,6,0,540,540,35886,4,0,0,4,6
2020-10-08,US,Missouri,Barton,280,2,0,37.50207671,-94.34757022,29011.0,2382.1677726731327,0.7142857142857143,278,265,1,0,264,265,11798,15,1,0,14,0
2020-10-08,US,Missouri,Bates,168,3,0,38.25271289,-94.34113157,29013.0,1038.8325500865694,1.7857142857142858,165,163,3,0,160,160,16320,5,0,0,5,3
2020-10-08,US,Missouri,Benton,403,5,0,38.29503305,-93.28756116,29015.0,2072.725402458468,1.2406947890818858,398,395,5,0,390,395,19278,8,0,0,8,0
2020-10-08,US,Missouri,Bollinger,371,1,0,37.32449052,-90.02725304,29017.0,3057.776312536059,0.2695417789757412,370,366,1,0,365,365,12169,5,0,0,5,1
2020-10-08,US,Missouri,Boone,4884,11,0,38.99186229,-92.30723575,29019.0,2706.371943279232,0.22522522522522526,4873,4836,11,0,4825,4801,180005,48,0,0,48,35
2020-10-08,US,Missouri,Buchanan,2337,30,0,39.65816401,-94.80138942,29021.0,2675.01488027105,1.2836970474967908,2307,2292,30,0,2262,2277,88571,45,0,0,45,15
2020-10-08,US,Missouri,Butler,771,7,0,36.71462476,-90.40421163,29023.0,1815.057206083149,0.9079118028534372,764,756,7,0,749,752,42639,15,0,0,15,4
2020-10-08,US,Missouri,Caldwell,125,1,0,39.65620858,-93.98308093,29025.0,1385.8093126385806,0.8,124,120,1,0,119,119,9108,5,0,0,5,1
2020-10-08,US,Missouri,Callaway,774,3,0,38.83674754,-91.92186505,29027.0,1729.879534228818,0.3875968992248062,771,764,3,0,761,751,44889,10,0,0,10,13
2020-10-08,US,Missouri,Camden,1192,17,0,38.02199522,-92.76083747,29029.0,2574.236043623799,1.4261744966442953,1175,1171,17,0,1154,1160,45815,21,0,0,21,11
2020-10-08,US,Missouri,Cape Girardeau,2060,18,0,37.38489388,-89.6843587,29031.0,2611.8598724499498,0.8737864077669902,2042,2025,18,0,2007,2007,78753,35,0,0,35,18
2020-10-08,US,Missouri,Carroll,142,2,0,39.42762566,-93.50626255,29033.0,1636.1331950685562,1.4084507042253518,140,141,2,0,139,139,8743,1,0,0,1,2
2020-10-08,US,Missouri,Carter,112,3,0,36.94160441,-90.96051322,29035.0,1872.2835172183213,2.6785714285714284,109,112,3,0,109,112,6054,0,0,0,0,0
2020-10-08,US,Missouri,Cass,1626,26,0,38.64789422,-94.353399,29037.0,1537.1525808281338,1.5990159901599017,1600,1620,26,0,1594,1605,104954,6,0,0,6,15
2020-10-08,US,Missouri,Cedar,159,0,0,37.72391475,-93.85445441,29039.0,1108.0911561781309,0.0,159,154,0,0,154,154,14165,5,0,0,5,0
2020-10-08,US,Missouri,Chariton,53,0,0,39.51499357,-92.9629191,29041.0,713.7085914354968,0.0,53,53,0,0,53,53,7451,0,0,0,0,0
2020-10-08,US,Missouri,Christian,1756,6,0,36.9711783,-93.18537118,29043.0,1982.0531632710647,0.3416856492027335,1750,1706,6,0,1700,1688,86983,50,0,0,50,18
2020-10-08,US,Missouri,Clark,79,0,0,40.41040752,-91.73661677,29045.0,1162.277475356775,0.0,79,74,0,0,74,74,6842,5,0,0,5,0
2020-10-08,US,Missouri,Clay,1901,42,0,39.31132056,-94.41850862,29047.0,760.5581961047898,2.2093634928984747,1859,1882,42,0,1840,1863,246365,19,0,0,19,19
2020-10-08,US,Missouri,Clinton,293,0,0,39.6013098,-94.40465394,29049.0,1437.190366409967,0.0,293,280,0,0,280,274,20470,13,0,0,13,6
2020-10-08,US,Missouri,Cole,1913,14,0,38.50455671,-92.27860244,29051.0,2492.6705322822336,0.7318348144276007,1899,1880,14,0,1866,1844,76796,33,0,0,33,36
2020-10-08,US,Missouri,Cooper,491,2,0,38.844478,-92.80896081,29053.0,2772.6015020610994,0.4073319755600815,489,480,2,0,478,480,17603,11,0,0,11,0
2020-10-08,US,Missouri,Crawford,443,5,0,37.97663738,-91.30528104,29055.0,1852.0066889632108,1.1286681715575622,438,434,5,0,429,432,23957,9,0,0,9,2
2020-10-08,US,Missouri,Dade,88,0,0,37.431814,-93.8503345,29057.0,1163.86721333157,0.0,88,84,0,0,84,83,7569,4,0,0,4,1
2020-10-08,US,Missouri,Dallas,232,1,0,37.681135499999996,-93.02127031,29059.0,1374.5704467353949,0.4310344827586207,231,227,1,0,226,225,16762,5,0,0,5,2
2020-10-08,US,Missouri,Daviess,159,1,0,39.96145298,-93.98519678,29061.0,1920.7538052669727,0.6289308176100629,158,156,1,0,155,154,8313,3,0,0,3,2
2020-10-08,US,Missouri,DeKalb,173,2,0,39.89201062,-94.40476508,29063.0,1378.8156531441778,1.1560693641618498,171,171,2,0,169,169,12630,2,0,0,2,2
2020-10-08,US,Missouri,Dent,157,2,0,37.60663134,-91.50790473,29065.0,1008.1551403069417,1.2738853503184713,155,152,2,0,150,151,15441,5,0,0,5,1
2020-10-08,US,Missouri,Douglas,236,3,0,36.9325593,-92.49905109,29067.0,1789.9127796738721,1.2711864406779658,233,235,3,0,232,232,13373,1,0,0,1,3
2020-10-08,US,Missouri,Dunklin,912,8,0,36.27167174,-90.09122243,29069.0,3130.685524012221,0.8771929824561403,904,897,8,0,889,892,29423,15,0,0,15,5
2020-10-08,US,Missouri,Franklin,1999,32,0,38.41127108,-91.07522826,29071.0,1922.725480200448,1.6008004002001002,1967,1972,32,0,1940,1954,103670,27,0,0,27,18
2020-10-08,US,Missouri,Gasconade,172,23,0,38.43947277,-91.50847147,29073.0,1169.5906432748538,13.372093023255816,149,170,23,0,147,166,14705,2,0,0,2,4
2020-10-08,US,Missouri,Gentry,147,9,0,40.21097916,-94.40944419,29075.0,2237.1024197230254,6.1224489795918355,138,141,9,0,132,139,6628,6,0,0,6,2
2020-10-08,US,Missouri,Greene,7253,91,0,37.2575872,-93.34230916,29077.0,2474.700258627161,1.254653246932304,7162,7139,90,0,7049,7040,291923,114,1,0,113,99
2020-10-08,US,Missouri,Grundy,224,4,0,40.11406587,-93.56509276,29079.0,2274.111675126904,1.7857142857142858,220,221,4,0,217,215,9914,3,0,0,3,6
2020-10-08,US,Missouri,Harrison,144,1,0,40.35570088,-93.99222144,29081.0,1724.1379310344828,0.6944444444444444,143,137,1,0,136,135,8414,7,0,0,7,2
2020-10-08,US,Missouri,Henry,267,5,0,38.38482826,-93.79293734,29083.0,1223.4237536656892,1.8726591760299625,262,251,5,0,246,252,21792,16,0,0,16,-1
2020-10-08,US,Missouri,Hickory,135,3,0,37.94163617,-93.3203037,29085.0,1414.5012573344507,2.2222222222222223,132,133,3,0,130,132,9509,2,0,0,2,1
2020-10-08,US,Missouri,Holt,88,1,0,40.09799248,-95.21638879999999,29087.0,1998.6372927549398,1.1363636363636365,87,86,1,0,85,86,4404,2,0,0,2,0
2020-10-08,US,Missouri,Howard,196,2,0,39.1435761,-92.69756691,29089.0,1959.8040195980398,1.020408163265306,194,189,2,0,187,188,10137,7,0,0,7,1
2020-10-08,US,Missouri,Howell,816,3,0,36.77383887,-91.88683935,29091.0,2034.0504025724758,0.36764705882352944,813,808,3,0,805,795,40076,8,0,0,8,13
2020-10-08,US,Missouri,Iron,68,0,0,37.55487945,-90.7735296,29093.0,671.604938271605,0.0,68,65,0,0,65,63,10177,3,0,0,3,2
2020-10-08,US,Missouri,Jackson,7973,108,0,39.01002188,-94.34724536,29095.0,1134.1216567023846,1.3545716794180358,7865,7899,107,0,7792,7850,700307,74,1,0,73,49
2020-10-08,US,Missouri,Jasper,4433,55,0,37.20351921,-94.34050458,29097.0,3653.7320321772386,1.2406947890818858,4378,4369,55,0,4314,4305,120636,64,0,0,64,64
2020-10-08,US,Missouri,Jefferson,4642,66,0,38.25926778,-90.53870896,29099.0,2062.3686583940894,1.4218009478672986,4576,4612,66,0,4546,4587,224347,30,0,0,30,25
2020-10-08,US,Missouri,Johnson,1044,5,0,38.74719601,-93.80691168,29101.0,1931.1161259294888,0.4789272030651341,1039,1027,5,0,1022,1018,53652,17,0,0,17,9
2020-10-08,US,Missouri,Kansas City,12623,149,0,39.0997,-94.5786,0.0,2581.6915264151444,1.1803850114869685,12474,12536,146,0,12390,12488,491918,87,3,0,84,48
2020-10-08,US,Missouri,Knox,55,1,0,40.12699751,-92.14780832,29103.0,1389.2397069967167,1.818181818181818,54,55,1,0,54,55,3947,0,0,0,0,0
2020-10-08,US,Missouri,Laclede,845,10,0,37.65896829,-92.5888493,29105.0,2365.422836827814,1.183431952662722,835,827,10,0,817,816,35713,18,0,0,18,11
2020-10-08,US,Missouri,Lafayette,619,19,0,39.06986886,-93.78076396,29107.0,1892.5033630915984,3.0694668820678515,600,606,6,0,600,606,32598,13,13,0,0,0
2020-10-08,US,Missouri,Lawrence,772,13,0,37.10626634,-93.83293097,29109.0,2012.7753878242727,1.6839378238341969,759,755,3,0,752,747,38359,17,10,0,7,8
2020-10-08,US,Missouri,Lewis,138,2,0,40.09673161,-91.72070156,29111.0,1411.620294599018,1.4492753623188406,136,133,2,0,131,132,9855,5,0,0,5,1
2020-10-08,US,Missouri,Lincoln,915,3,0,39.05345619,-90.95588181,29113.0,1550.5058207513598,0.3278688524590164,912,901,3,0,898,893,57686,14,0,0,14,8
2020-10-08,US,Missouri,Linn,128,1,0,39.87001769,-93.10704106,29115.0,1073.8255033557048,0.78125,127,127,1,0,126,123,12037,1,0,0,1,4
2020-10-08,US,Missouri,Livingston,479,3,0,39.78110272,-93.54645978,29117.0,3145.7279831877586,0.6263048016701461,476,469,3,0,466,459,15146,10,0,0,10,10
2020-10-08,US,Missouri,Macon,174,0,0,39.83049768,-92.56453089,29121.0,1151.0220281801946,0.0,174,170,0,0,170,168,15153,4,0,0,4,2
2020-10-08,US,Missouri,Madison,326,1,0,37.47865134,-90.34671429999999,29123.0,2696.889477167438,0.3067484662576687,325,320,1,0,319,317,12188,6,0,0,6,3
2020-10-08,US,Missouri,Maries,96,0,0,38.16193985,-91.92249662,29125.0,1103.8289065194897,0.0,96,95,0,0,95,94,8769,1,0,0,1,1
2020-10-08,US,Missouri,Marion,734,14,0,39.80601912,-91.62203062,29127.0,2572.7304591657903,1.9073569482288828,720,730,14,0,716,723,28592,4,0,0,4,7
2020-10-08,US,Missouri,McDonald,1125,11,0,36.62869595,-94.34867205,29119.0,4926.21622805097,0.9777777777777776,1114,1122,11,0,1111,1117,23078,3,0,0,3,5
2020-10-08,US,Missouri,Mercer,31,0,0,40.42212303,-93.56829590000001,29129.0,857.0638650815595,0.0,31,31,0,0,31,31,3641,0,0,0,0,0
2020-10-08,US,Missouri,Miller,593,2,0,38.21450288,-92.42610898,29131.0,2314.6883172645307,0.3372681281618887,591,590,2,0,588,584,25336,3,0,0,3,6
2020-10-08,US,Missouri,Mississippi,329,3,0,36.82516239,-89.29505753,29133.0,2496.206373292868,0.9118541033434652,326,327,3,0,324,327,13336,2,0,0,2,0
2020-10-08,US,Missouri,Moniteau,370,5,0,38.63571781,-92.57976951,29135.0,2293.577981651376,1.351351351351351,365,366,5,0,361,361,16121,4,0,0,4,5
2020-10-08,US,Missouri,Monroe,95,1,0,39.49593978,-92.00043978,29137.0,1099.028227672374,1.0526315789473684,94,94,1,0,93,92,8664,1,0,0,1,2
2020-10-08,US,Missouri,Montgomery,90,1,0,38.94022054,-91.47000721,29139.0,779.1533200588693,1.1111111111111112,89,90,1,0,89,89,11534,0,0,0,0,1
2020-10-08,US,Missouri,Morgan,457,2,0,38.4181765,-92.88791859,29141.0,2215.542735249915,0.43763676148796504,455,451,2,0,449,447,20358,6,0,0,6,4
2020-10-08,US,Missouri,New Madrid,609,16,0,36.59666326,-89.66070007,29143.0,3566.4089950808147,2.6272577996715927,593,600,16,0,584,596,17296,9,0,0,9,4
2020-10-08,US,Missouri,Newton,1476,13,0,36.90519407,-94.3394104,29145.0,2534.5147331547496,0.8807588075880759,1463,1459,13,0,1446,1449,58266,17,0,0,17,10
2020-10-08,US,Missouri,Nodaway,875,10,0,40.36079813,-94.88133008,29147.0,3960.7097591888464,1.1428571428571428,865,862,10,0,852,845,22304,13,0,0,13,17
2020-10-08,US,Missouri,Oregon,159,0,0,36.68710164,-91.4033755,29149.0,1510.1149206952227,0.0,159,154,0,0,154,152,10541,5,0,0,5,2
2020-10-08,US,Missouri,Osage,226,1,0,38.46036182,-91.8613635,29151.0,1659.9338964377523,0.4424778761061947,225,218,1,0,217,210,13714,8,0,0,8,8
2020-10-08,US,Missouri,Ozark,147,1,0,36.64916339,-92.44459066,29153.0,1602.3544800523218,0.6802721088435374,146,143,1,0,142,139,9017,4,0,0,4,4
2020-10-08,US,Missouri,Pemiscot,592,10,0,36.2130572,-89.78742322,29155.0,3745.6501107244544,1.6891891891891893,582,582,10,0,572,579,16272,10,0,0,10,3
2020-10-08,US,Missouri,Perry,686,7,0,37.70660776,-89.82741088,29157.0,3584.866220735786,1.020408163265306,679,674,7,0,667,671,19150,12,0,0,12,3
2020-10-08,US,Missouri,Pettis,1241,12,0,38.72798918,-93.28471706,29159.0,2931.1037105269374,0.96696212731668,1229,1226,12,0,1214,1221,42542,15,0,0,15,5
2020-10-08,US,Missouri,Phelps,523,12,0,37.87736118,-91.79351727,29161.0,1173.3560675745407,2.294455066921606,511,520,12,0,508,513,44732,3,0,0,3,7
2020-10-08,US,Missouri,Pike,264,4,0,39.34310674,-91.16980779,29163.0,1442.4653043383234,1.5151515151515151,260,258,4,0,254,255,18504,6,0,0,6,3
2020-10-08,US,Missouri,Platte,758,10,0,39.38154439,-94.77068479,29165.0,725.9284797640254,1.3192612137203166,748,749,10,0,739,750,102985,9,0,0,9,-1
2020-10-08,US,Missouri,Polk,751,5,0,37.616229600000004,-93.39828174,29167.0,2335.9980092693395,0.6657789613848203,746,739,5,0,734,739,32201,12,0,0,12,0
2020-10-08,US,Missouri,Pulaski,743,7,0,37.82462075,-92.20783203,29169.0,1412.3595719200864,0.9421265141318976,736,734,7,0,727,732,52014,9,0,0,9,2
2020-10-08,US,Missouri,Putnam,34,1,0,40.47942497,-93.02042674,29171.0,724.0204429301532,2.9411764705882355,33,32,1,0,31,32,4757,2,0,0,2,0
2020-10-08,US,Missouri,Ralls,160,0,0,39.52817427,-91.51838643,29173.0,1552.0419051314386,0.0,160,158,0,0,158,157,10212,2,0,0,2,1
2020-10-08,US,Missouri,Randolph,386,2,0,39.44007257,-92.49713740000001,29175.0,1559.7219977371908,0.5181347150259067,384,379,2,0,377,379,24763,7,0,0,7,0
2020-10-08,US,Missouri,Ray,192,2,0,39.353746799999996,-93.98905745,29177.0,834.1298114519072,1.0416666666666667,190,190,2,0,188,187,22883,2,0,0,2,3
2020-10-08,US,Missouri,Reynolds,43,0,0,37.36085952,-90.97009925,29179.0,685.805422647528,0.0,43,41,0,0,41,39,6254,2,0,0,2,2
2020-10-08,US,Missouri,Ripley,154,1,0,36.65460667,-90.85990261,29181.0,1158.9403973509934,0.6493506493506493,153,150,1,0,149,145,13401,4,0,0,4,5
2020-10-08,US,Missouri,Saline,829,9,0,39.13734288,-93.20259964,29195.0,3642.194982645754,1.0856453558504222,820,814,9,0,805,809,22895,15,0,0,15,5
2020-10-08,US,Missouri,Schuyler,29,0,0,40.46921489,-92.52311943,29197.0,622.3175965665238,0.0,29,28,0,0,28,28,4599,1,0,0,1,0
2020-10-08,US,Missouri,Scotland,44,1,0,40.45214695,-92.14709064,29199.0,897.592819257446,2.272727272727273,43,41,1,0,40,41,4966,3,0,0,3,0
2020-10-08,US,Missouri,Scott,1002,17,0,37.05588075,-89.56474493,29201.0,2617.554858934169,1.6966067864271457,985,982,17,0,965,977,38458,20,0,0,20,5
2020-10-08,US,Missouri,Shannon,154,1,0,37.15772072,-91.40190382,29203.0,1885.8682341415629,0.6493506493506493,153,151,1,0,150,147,8189,3,0,0,3,4
2020-10-08,US,Missouri,Shelby,77,1,0,39.79742518,-92.07634971,29205.0,1298.4822934232716,1.2987012987012987,76,74,1,0,73,74,6050,3,0,0,3,0
2020-10-08,US,Missouri,St. Charles,8354,115,0,38.77875681,-90.66662425,29183.0,2077.995731576879,1.3765860665549436,8239,8296,115,0,8181,8213,399182,58,0,0,58,83
2020-10-08,US,Missouri,St. Clair,82,0,0,38.03699437,-93.77631447,29185.0,872.6189209322124,0.0,82,81,0,0,81,80,9395,1,0,0,1,1
2020-10-08,US,Missouri,St. Francois,2313,14,0,37.81214171,-90.47598685,29187.0,3441.196161571078,0.6052745352356247,2299,2282,14,0,2268,2259,66692,31,0,0,31,23
2020-10-08,US,Missouri,St. Louis,25709,826,0,38.63770039999999,-90.4458375,29189.0,2585.885204761593,3.2128826480998867,24883,25572,826,0,24746,25416,996945,137,0,0,137,156
2020-10-08,US,Missouri,St. Louis City,7413,213,0,38.63555736,-90.24349225,29510.0,2466.264771638454,2.873330635370295,7200,7386,213,0,7173,7355,302838,27,0,0,27,31
2020-10-08,US,Missouri,Ste. Genevieve,233,1,0,37.89090059,-90.1949941,29186.0,1302.1124399239968,0.4291845493562232,232,231,1,0,230,228,17888,2,0,0,2,3
2020-10-08,US,Missouri,Stoddard,622,14,0,36.85571651,-89.9444155,29207.0,2142.9801894918173,2.2508038585209005,608,607,14,0,593,597,29206,15,0,0,15,10
2020-10-08,US,Missouri,Stone,541,6,0,36.75000327,-93.45256475,29209.0,1693.164747120681,1.1090573012939002,535,534,6,0,528,525,31749,7,0,0,7,9
2020-10-08,US,Missouri,Sullivan,230,0,0,40.2099105,-93.11150106,29211.0,3777.303333880769,0.0,230,228,0,0,228,228,6221,2,0,0,2,0
2020-10-08,US,Missouri,Taney,1439,37,0,36.65465345,-93.04075153,29213.0,2572.950936918896,2.571230020847811,1402,1422,37,0,1385,1414,55852,17,0,0,17,8
2020-10-08,US,Missouri,Texas,404,2,0,37.31728859,-91.96564727,29215.0,1590.6764312150565,0.4950495049504951,402,393,2,0,391,392,25571,11,0,0,11,1
2020-10-08,US,Missouri,Vernon,239,2,0,37.8457799,-94.34127305,29217.0,1162.2817682244809,0.8368200836820083,237,233,1,0,232,233,20528,6,1,0,5,0
2020-10-08,US,Missouri,Warren,503,1,0,38.76529479,-91.16124662,29219.0,1410.9792701057536,0.1988071570576541,502,501,1,0,500,498,34711,2,0,0,2,3
2020-10-08,US,Missouri,Washington,508,11,0,37.96130078,-90.87948158,29221.0,2054.1852001617467,2.1653543307086616,497,504,11,0,493,501,24943,4,0,0,4,3
2020-10-08,US,Missouri,Wayne,243,0,0,37.11303869,-90.46001416,29223.0,1887.6718713586572,0.0,243,241,0,0,241,236,13122,2,0,0,2,5
2020-10-08,US,Missouri,Webster,851,5,0,37.2813734,-92.876329,29225.0,2149.424126086078,0.5875440658049353,846,818,5,0,813,808,39109,33,0,0,33,10
2020-10-08,US,Missouri,Worth,22,0,0,40.47945588,-94.42328751,29227.0,1092.896174863388,0.0,22,21,0,0,21,21,2040,1,0,0,1,0
2020-10-08,US,Missouri,Wright,457,0,0,37.27029221,-92.46914488,29229.0,2498.769752310132,0.0,457,444,0,0,444,440,18378,13,0,0,13,4
2020-10-08,US,Montana,Beaverhead,166,1,0,45.13434354,-112.89846940000001,30001.0,1756.0562784301278,0.6024096385542169,165,154,1,0,153,137,9404,12,0,0,12,17
2020-10-08,US,Montana,Big Horn,992,26,0,45.42335905,-107.492347,30003.0,7448.006607102636,2.620967741935484,966,990,23,0,967,984,13338,2,3,0,-1,6
2020-10-08,US,Montana,Blaine,108,0,0,48.43175214,-108.9582723,30005.0,1616.5244723843734,0.0,108,100,0,0,100,83,6807,8,0,0,8,17
2020-10-08,US,Montana,Broadwater,20,0,0,46.33277565,-111.49558130000001,30007.0,320.666987333654,0.0,20,20,0,0,20,20,6085,0,0,0,0,0
2020-10-08,US,Montana,Carbon,142,0,0,45.22850116,-109.0274047,30009.0,1324.009324009324,0.0,142,134,0,0,134,134,10714,8,0,0,8,0
2020-10-08,US,Montana,Carter,9,0,0,45.5197966,-104.53955359999999,30011.0,718.8498402555913,0.0,9,9,0,0,9,9,1238,0,0,0,0,0
2020-10-08,US,Montana,Cascade,967,6,0,47.30797024,-111.3467922,30013.0,1188.4570951011478,0.6204756980351603,961,953,6,0,947,932,81643,14,0,0,14,21
2020-10-08,US,Montana,Chouteau,41,0,0,47.88084126,-110.4353362,30015.0,727.5953859804791,0.0,41,39,0,0,39,39,5745,2,0,0,2,0
2020-10-08,US,Montana,Custer,128,2,0,46.25319932,-105.57375259999998,30017.0,1122.610068409051,1.5625,126,125,2,0,123,123,11586,3,0,0,3,2
2020-10-08,US,Montana,Daniels,12,0,0,48.78420029,-105.54763429999998,30019.0,710.0591715976332,0.0,12,12,0,0,12,6,1747,0,0,0,0,6
2020-10-08,US,Montana,Dawson,104,1,0,47.26584855,-104.89444170000002,30021.0,1207.477069546035,0.9615384615384616,103,96,1,0,95,90,8680,8,0,0,8,6
2020-10-08,US,Montana,Deer Lodge,210,0,0,46.05953325,-113.073353,30023.0,2297.592997811816,0.0,210,207,0,0,207,194,9131,3,0,0,3,13
2020-10-08,US,Montana,Fallon,24,0,0,46.33478338,-104.41835649999999,30025.0,843.2888264230497,0.0,24,18,0,0,18,18,2920,6,0,0,6,0
2020-10-08,US,Montana,Fergus,83,1,0,47.26331584,-109.2245206,30027.0,751.1312217194569,1.2048192771084338,82,82,1,0,81,79,11113,1,0,0,1,3
2020-10-08,US,Montana,Flathead,1681,19,0,48.29575866,-114.05205690000001,30029.0,1619.3668959405045,1.1302795954788816,1662,1583,19,0,1564,1511,102106,98,0,0,98,72
2020-10-08,US,Montana,Gallatin,1731,4,0,45.54486106,-111.1692571,30031.0,1512.6623206389706,0.2310803004043905,1727,1678,4,0,1674,1630,111876,53,0,0,53,48
2020-10-08,US,Montana,Garfield,18,0,0,47.27545948,-107.0002351,30033.0,1430.8426073131955,0.0,18,18,0,0,18,18,1268,0,0,0,0,0
2020-10-08,US,Montana,Glacier,601,1,0,48.70513576,-112.9934235,30035.0,4369.955646040864,0.16638935108153075,600,583,1,0,582,501,13747,18,0,0,18,82
2020-10-08,US,Montana,Golden Valley,5,0,0,46.3816474,-109.17685220000001,30037.0,609.0133982947625,0.0,5,5,0,0,5,5,826,0,0,0,0,0
2020-10-08,US,Montana,Granite,32,0,0,46.40605220000001,-113.4414186,30039.0,947.0257472625036,0.0,32,32,0,0,32,30,3378,0,0,0,0,2
2020-10-08,US,Montana,Hill,287,5,0,48.62879827,-110.1129252,30041.0,1741.0822615869934,1.7421602787456445,282,269,5,0,264,253,16347,18,0,0,18,16
2020-10-08,US,Montana,Jefferson,98,0,0,46.14907081,-112.094396,30043.0,801.8983716553473,0.0,98,96,0,0,96,96,12097,2,0,0,2,0
2020-10-08,US,Montana,Judith Basin,9,0,0,47.04581276,-110.26606880000001,30045.0,448.43049327354265,0.0,9,9,0,0,9,9,1952,0,0,0,0,0
2020-10-08,US,Montana,Lake,328,1,0,47.64514965,-114.0898013,30047.0,1076.892770372316,0.3048780487804878,327,315,1,0,314,304,30250,13,0,0,13,11
2020-10-08,US,Montana,Lewis and Clark,398,3,0,47.12610041,-112.39469799999999,30049.0,573.2227215116949,0.7537688442211056,395,392,3,0,389,383,68700,6,0,0,6,9
2020-10-08,US,Montana,Liberty,23,0,0,48.56084317,-111.02430700000001,30051.0,984.1677364142064,0.0,23,22,0,0,22,21,2430,1,0,0,1,1
2020-10-08,US,Montana,Lincoln,170,3,0,48.54265777,-115.4046155,30053.0,850.8508508508509,1.7647058823529411,167,157,3,0,154,154,19794,13,0,0,13,3
2020-10-08,US,Montana,Madison,120,1,0,45.30080065,-111.9173017,30057.0,1395.3488372093025,0.8333333333333334,119,118,1,0,117,117,8768,2,0,0,2,1
2020-10-08,US,Montana,McCone,27,0,0,47.64469406,-105.79449939999999,30055.0,1622.5961538461538,0.0,27,27,0,0,27,27,1675,0,0,0,0,0
2020-10-08,US,Montana,Meagher,39,2,0,46.59907074,-110.8898557,30059.0,2094.522019334049,5.128205128205129,37,38,2,0,36,35,1866,1,0,0,1,3
2020-10-08,US,Montana,Mineral,7,0,0,47.15283992,-115.00152390000001,30061.0,159.19945417329996,0.0,7,7,0,0,7,6,4316,0,0,0,0,1
2020-10-08,US,Montana,Missoula,1233,4,0,47.03728583,-113.92135079999998,30063.0,1030.9364548494984,0.32441200324412,1229,1131,4,0,1127,934,118791,102,0,0,102,197
2020-10-08,US,Montana,Musselshell,37,1,0,46.49684637,-108.39498,30065.0,798.6186056550831,2.702702702702702,36,37,1,0,36,37,4651,0,0,0,0,0
2020-10-08,US,Montana,Park,132,0,0,45.48965095,-110.52643940000002,30067.0,794.8934120197517,0.0,132,125,0,0,125,125,16736,7,0,0,7,0
2020-10-08,US,Montana,Petroleum,1,0,0,47.118246299999996,-108.2508876,30069.0,205.3388090349076,0.0,1,1,0,0,1,1,513,0,0,0,0,0
2020-10-08,US,Montana,Phillips,125,0,0,48.25936577,-107.9128511,30071.0,3161.3555892766817,0.0,125,124,0,0,124,124,4074,1,0,0,1,0
2020-10-08,US,Montana,Pondera,94,1,0,48.22773388,-112.22527029999999,30073.0,1590.2554559296227,1.0638297872340423,93,81,1,0,80,77,5972,13,0,0,13,4
2020-10-08,US,Montana,Powder River,27,0,0,45.39617714,-105.636738,30075.0,1605.231866825208,0.0,27,27,0,0,27,25,1716,0,0,0,0,2
2020-10-08,US,Montana,Powell,15,0,0,46.85538891,-112.93591640000001,30077.0,217.7068214804064,0.0,15,15,0,0,15,15,6968,0,0,0,0,0
2020-10-08,US,Montana,Prairie,23,0,0,46.86048047,-105.379384,30079.0,2135.5617455896013,0.0,23,20,0,0,20,20,1087,3,0,0,3,0
2020-10-08,US,Montana,Ravalli,195,2,0,46.08520862,-114.11891640000002,30081.0,445.14450075332144,1.0256410256410255,193,180,2,0,178,180,43172,15,0,0,15,0
2020-10-08,US,Montana,Richland,141,2,0,47.78668011,-104.5610786,30083.0,1305.1930019439046,1.4184397163120568,139,141,2,0,139,141,10913,0,0,0,0,0
2020-10-08,US,Montana,Roosevelt,503,8,0,48.29607488,-105.00792679999999,30085.0,4571.0650672482725,1.5904572564612327,495,467,8,0,459,453,11059,36,0,0,36,14
2020-10-08,US,Montana,Rosebud,695,19,0,46.23397237,-106.72928799999998,30087.0,7776.658834060647,2.733812949640288,676,693,19,0,674,687,9063,2,0,0,2,6
2020-10-08,US,Montana,Sanders,70,1,0,47.67657534,-115.1329916,30089.0,577.8915215058203,1.4285714285714286,69,63,1,0,62,56,11844,7,0,0,7,7
2020-10-08,US,Montana,Sheridan,27,0,0,48.72085833,-104.50382900000001,30091.0,815.9564823209429,0.0,27,27,0,0,27,21,3424,0,0,0,0,6
2020-10-08,US,Montana,Silver Bow,329,0,0,45.90018933,-112.6620092,30093.0,942.2884147214663,0.0,329,308,0,0,308,305,34993,21,0,0,21,3
2020-10-08,US,Montana,Stillwater,99,3,0,45.67071407,-109.3950061,30095.0,1026.7579340385812,3.0303030303030303,96,99,3,0,96,93,9534,0,0,0,0,6
2020-10-08,US,Montana,Sweet Grass,52,2,0,45.81367654,-109.9425686,30097.0,1391.4905004013915,3.8461538461538463,50,52,2,0,50,52,3710,0,0,0,0,0
2020-10-08,US,Montana,Teton,48,0,0,47.83741052,-112.24106880000001,30099.0,780.8687164470473,0.0,48,46,0,0,46,46,6162,2,0,0,2,0
2020-10-08,US,Montana,Toole,169,6,0,48.65577551,-111.69424140000001,30101.0,3568.412162162162,3.5502958579881656,163,159,6,0,153,155,4853,10,0,0,10,4
2020-10-08,US,Montana,Treasure,8,0,0,46.20973220000001,-107.26665159999999,30103.0,1149.425287356322,0.0,8,6,0,0,6,5,679,2,0,0,2,1
2020-10-08,US,Montana,Valley,133,1,0,48.36435097,-106.6669635,30105.0,1798.2693347755544,0.7518796992481203,132,121,1,0,120,114,7437,12,0,0,12,7
2020-10-08,US,Montana,Wheatland,22,1,0,46.46652491,-109.84646359999999,30107.0,1034.8071495766699,4.545454545454546,21,21,1,0,20,21,2236,1,0,0,1,0
2020-10-08,US,Montana,Wibaux,24,0,0,46.95925154,-104.2510927,30109.0,2476.780185758514,0.0,24,24,0,0,24,21,1034,0,0,0,0,3
2020-10-08,US,Montana,Yellowstone,3895,70,0,45.93955949,-108.26914860000001,30111.0,2414.7551146931187,1.7971758664955069,3825,3807,69,0,3738,3691,160137,88,1,0,87,116
2020-10-08,US,Nebraska,Adams,625,12,0,40.52449420000001,-98.50117804,31001.0,1992.7940566910047,1.92,613,617,12,0,605,613,31511,8,0,0,8,4
2020-10-08,US,Nebraska,Antelope,113,1,0,42.17695516,-98.06662829999999,31003.0,1794.2203874245793,0.8849557522123894,112,105,1,0,104,104,6336,8,0,0,8,1
2020-10-08,US,Nebraska,Arthur,1,0,0,41.56896142,-101.6959559,31005.0,215.98272138228938,0.0,1,1,0,0,1,1,465,0,0,0,0,0
2020-10-08,US,Nebraska,Banner,2,0,0,41.54634427,-103.7114332,31007.0,268.4563758389262,0.0,2,2,0,0,2,2,730,0,0,0,0,0
2020-10-08,US,Nebraska,Blaine,1,0,0,41.91311716,-99.97677845,31009.0,215.05376344086025,0.0,1,1,0,0,1,1,476,0,0,0,0,0
2020-10-08,US,Nebraska,Boone,109,0,0,41.70759415,-98.06737183,31011.0,2099.383667180277,0.0,109,107,0,0,107,98,5239,2,0,0,2,9
2020-10-08,US,Nebraska,Box Butte,120,1,0,42.22079243,-103.08788340000001,31013.0,1112.8628396550123,0.8333333333333334,119,116,1,0,115,116,10772,4,0,0,4,0
2020-10-08,US,Nebraska,Boyd,36,0,0,42.899727399999996,-98.76486568,31015.0,1875.9770713913492,0.0,36,35,0,0,35,35,1955,1,0,0,1,0
2020-10-08,US,Nebraska,Brown,58,0,0,42.43018907,-99.92904055,31017.0,1962.774957698816,0.0,58,55,0,0,55,52,2973,3,0,0,3,3
2020-10-08,US,Nebraska,Buffalo,1278,6,0,40.85486962,-99.07500296,31019.0,2573.5516220624663,0.4694835680751174,1272,1249,6,0,1243,1230,49615,29,0,0,29,19
2020-10-08,US,Nebraska,Burt,92,1,0,41.85056773,-96.32605633,31021.0,1424.3690973834964,1.0869565217391304,91,91,1,0,90,88,6488,1,0,0,1,3
2020-10-08,US,Nebraska,Butler,157,1,0,41.22703692,-97.13106306,31023.0,1958.5828343313374,0.6369426751592356,156,151,1,0,150,147,8058,6,0,0,6,4
2020-10-08,US,Nebraska,Cass,385,3,0,40.90899107,-96.13971217,31025.0,1466.7784212130448,0.7792207792207793,382,380,3,0,377,374,26159,5,0,0,5,6
2020-10-08,US,Nebraska,Cedar,107,0,0,42.598885100000004,-97.25311951,31027.0,1273.5063080218995,0.0,107,107,0,0,107,105,8446,0,0,0,0,2
2020-10-08,US,Nebraska,Chase,58,0,0,40.523719799999995,-101.69780259999999,31029.0,1478.0835881753312,0.0,58,58,0,0,58,34,3977,0,0,0,0,24
2020-10-08,US,Nebraska,Cherry,54,4,0,42.54502621,-101.1244332,31031.0,949.2002109333804,7.407407407407407,50,54,4,0,50,54,5761,0,0,0,0,0
2020-10-08,US,Nebraska,Cheyenne,49,0,0,41.21999357,-102.9941693,31033.0,549.9438832772166,0.0,49,49,0,0,49,47,9310,0,0,0,0,2
2020-10-08,US,Nebraska,Clay,95,0,0,40.52439441,-98.05126296,31035.0,1531.5170078994033,0.0,95,94,0,0,94,90,6214,1,0,0,1,4
2020-10-08,US,Nebraska,Colfax,804,5,0,41.57486951,-97.0868542,31037.0,7507.703800541602,0.6218905472636815,799,803,5,0,798,801,10881,1,0,0,1,2
2020-10-08,US,Nebraska,Cuming,200,1,0,41.91637624,-96.78730772,31039.0,2260.9088853719195,0.5,199,199,1,0,198,190,8940,1,0,0,1,9
2020-10-08,US,Nebraska,Custer,126,4,0,41.39374521,-99.72805369,31041.0,1169.156537069685,3.1746031746031744,122,117,4,0,113,110,10840,9,0,0,9,7
2020-10-08,US,Nebraska,Dakota,2346,44,0,42.39040144,-96.56656425,31043.0,11714.770797962648,1.8755328218243816,2302,2337,43,0,2294,2321,20083,9,1,0,8,16
2020-10-08,US,Nebraska,Dawes,147,0,0,42.71985036,-103.1313774,31045.0,1711.4914425427876,0.0,147,144,0,0,144,141,8716,3,0,0,3,3
2020-10-08,US,Nebraska,Dawson,1117,14,0,40.87028216,-99.82014609999999,31047.0,4734.053824962916,1.2533572068039391,1103,1111,14,0,1097,1109,23709,6,0,0,6,2
2020-10-08,US,Nebraska,Deuel,4,0,0,41.11168186,-102.33333309999999,31049.0,222.9654403567447,0.0,4,4,0,0,4,4,1825,0,0,0,0,0
2020-10-08,US,Nebraska,Dixon,128,2,0,42.49188363,-96.86782408,31051.0,2271.1142654364803,1.5625,126,123,2,0,121,123,5709,5,0,0,5,0
2020-10-08,US,Nebraska,Dodge,1331,13,0,41.58071748,-96.65598179,31053.0,3640.092985095036,0.9767092411720508,1318,1321,13,0,1308,1309,36791,10,0,0,10,12
2020-10-08,US,Nebraska,Douglas,17736,198,0,41.29518299,-96.15085305,31055.0,3104.3517985321887,1.1163734776725305,17538,17533,197,0,17336,17352,566880,203,1,0,202,181
2020-10-08,US,Nebraska,Dundy,15,1,0,40.17638677,-101.6876522,31057.0,886.0011813349084,6.666666666666668,14,15,1,0,14,15,1770,0,0,0,0,0
2020-10-08,US,Nebraska,Fillmore,61,1,0,40.52458567,-97.59646937,31059.0,1116.807030391798,1.639344262295082,60,58,1,0,57,58,5527,3,0,0,3,0
2020-10-08,US,Nebraska,Franklin,50,0,0,40.17636348,-98.95299073,31061.0,1678.4155756965424,0.0,50,47,0,0,47,47,3023,3,0,0,3,0
2020-10-08,US,Nebraska,Frontier,13,0,0,40.52993007,-100.3924658,31063.0,494.86105824134,0.0,13,13,0,0,13,12,2608,0,0,0,0,1
2020-10-08,US,Nebraska,Furnas,56,2,0,40.17642064,-99.91247454,31065.0,1197.6047904191614,3.571428571428572,54,51,2,0,49,50,4715,5,0,0,5,1
2020-10-08,US,Nebraska,Gage,314,5,0,40.26186809,-96.68946704,31067.0,1459.5825779761076,1.5923566878980893,309,309,5,0,304,297,21493,5,0,0,5,12
2020-10-08,US,Nebraska,Garden,13,0,0,41.61703149,-102.3313973,31069.0,707.6755579749591,0.0,13,13,0,0,13,13,1897,0,0,0,0,0
2020-10-08,US,Nebraska,Garfield,11,0,0,41.91428955,-98.99111827,31071.0,558.659217877095,0.0,11,11,0,0,11,11,1987,0,0,0,0,0
2020-10-08,US,Nebraska,Gosper,48,0,0,40.51481965,-99.83020279,31073.0,2412.0603015075376,0.0,48,48,0,0,48,48,1996,0,0,0,0,0
2020-10-08,US,Nebraska,Grant,2,0,0,41.91528587,-101.740701,31075.0,321.0272873194222,0.0,2,1,0,0,1,2,660,1,0,0,1,-1
2020-10-08,US,Nebraska,Greeley,37,0,0,41.56742671,-98.52150266,31077.0,1570.4584040747034,0.0,37,36,0,0,36,35,2356,1,0,0,1,1
2020-10-08,US,Nebraska,Hall,2142,48,0,40.87257079,-98.50218293,31079.0,3491.2718204488788,2.2408963585434174,2094,2108,48,0,2060,2096,61607,34,0,0,34,12
2020-10-08,US,Nebraska,Hamilton,167,12,0,40.87349452,-98.02099117,31081.0,1791.076791076791,7.185628742514971,155,165,12,0,153,158,9280,2,0,0,2,7
2020-10-08,US,Nebraska,Harlan,31,0,0,40.17658508,-99.40438879,31083.0,917.1597633136096,0.0,31,27,0,0,27,24,3401,4,0,0,4,3
2020-10-08,US,Nebraska,Hayes,2,0,0,40.52451972,-101.0603568,31085.0,216.9197396963124,0.0,2,2,0,0,2,2,916,0,0,0,0,0
2020-10-08,US,Nebraska,Hitchcock,14,0,0,40.17609175,-101.04164770000001,31087.0,506.8790731354091,0.0,14,10,0,0,10,11,2806,4,0,0,4,-1
2020-10-08,US,Nebraska,Holt,139,1,0,42.45522056,-98.78402558,31089.0,1380.7489818217941,0.7194244604316546,138,134,1,0,133,128,10178,5,0,0,5,6
2020-10-08,US,Nebraska,Hooker,13,1,0,41.91586243,-101.1354293,31091.0,1906.158357771261,7.6923076923076925,12,13,1,0,12,13,682,0,0,0,0,0
2020-10-08,US,Nebraska,Howard,115,5,0,41.2200529,-98.5166499,31093.0,1784.3289371605897,4.3478260869565215,110,110,5,0,105,108,6468,5,0,0,5,2
2020-10-08,US,Nebraska,Jefferson,37,0,0,40.17584531,-97.142601,31095.0,525.1206358217428,0.0,37,37,0,0,37,37,7097,0,0,0,0,0
2020-10-08,US,Nebraska,Johnson,74,0,0,40.39257596,-96.26522753,31097.0,1459.2782488661014,0.0,74,73,0,0,73,72,5134,1,0,0,1,1
2020-10-08,US,Nebraska,Kearney,170,0,0,40.50663314,-98.94877182,31099.0,2617.3979984603548,0.0,170,166,0,0,166,162,6544,4,0,0,4,4
2020-10-08,US,Nebraska,Keith,70,0,0,41.19930341,-101.66201640000001,31101.0,871.2969878018422,0.0,70,70,0,0,70,69,8021,0,0,0,0,1
2020-10-08,US,Nebraska,Keya Paha,5,0,0,42.87990694,-99.71343729,31103.0,620.3473945409428,0.0,5,5,0,0,5,5,810,0,0,0,0,0
2020-10-08,US,Nebraska,Kimball,25,0,0,41.19774275,-103.7148131,31105.0,688.3259911894272,0.0,25,24,0,0,24,24,3618,1,0,0,1,0
2020-10-08,US,Nebraska,Knox,210,0,0,42.63758421,-97.89178836,31107.0,2520.4032645223238,0.0,210,204,0,0,204,201,8419,6,0,0,6,3
2020-10-08,US,Nebraska,Lancaster,7082,26,0,40.78416049,-96.68777155,31109.0,2219.4365226111754,0.3671279299632872,7056,6996,26,0,6970,6905,317272,86,0,0,86,91
2020-10-08,US,Nebraska,Lincoln,512,4,0,41.04658298,-100.74753740000001,31111.0,1466.4604456664947,0.78125,508,508,4,0,504,491,35185,4,0,0,4,17
2020-10-08,US,Nebraska,Logan,7,0,0,41.56650314,-100.4817851,31113.0,935.8288770053476,0.0,7,7,0,0,7,7,749,0,0,0,0,0
2020-10-08,US,Nebraska,Loup,3,0,0,41.91371961,-99.45440415,31115.0,451.8072289156627,0.0,3,3,0,0,3,3,618,0,0,0,0,0
2020-10-08,US,Nebraska,Madison,915,7,0,41.91676024,-97.6005481,31119.0,2606.911877831277,0.7650273224043715,908,910,7,0,903,901,35392,5,0,0,5,9
2020-10-08,US,Nebraska,McPherson,7,0,0,41.56797682,-101.05993620000001,31117.0,1417.004048582996,0.0,7,8,0,0,8,8,492,-1,0,0,-1,0
2020-10-08,US,Nebraska,Merrick,99,1,0,41.16624273,-98.0374887,31121.0,1276.5957446808507,1.0101010101010102,98,95,1,0,94,91,7733,4,0,0,4,4
2020-10-08,US,Nebraska,Morrill,79,0,0,41.71711774,-103.0061405,31123.0,1701.8526497199482,0.0,79,79,0,0,79,79,4686,0,0,0,0,0
2020-10-08,US,Nebraska,Nance,63,0,0,41.39750195,-97.99327291,31125.0,1790.2813299232737,0.0,63,60,0,0,60,57,3532,3,0,0,3,3
2020-10-08,US,Nebraska,Nemaha,142,0,0,40.38514847,-95.85433992,31127.0,2036.7183017785428,0.0,142,140,0,0,140,139,6958,2,0,0,2,1
2020-10-08,US,Nebraska,Nuckolls,19,0,0,40.17637905,-98.04743961,31129.0,458.05207328833166,0.0,19,18,0,0,18,18,4195,1,0,0,1,0
2020-10-08,US,Nebraska,Otoe,201,1,0,40.64843556,-96.13374142,31131.0,1255.3085186110418,0.4975124378109453,200,200,1,0,199,196,15985,1,0,0,1,4
2020-10-08,US,Nebraska,Pawnee,21,0,0,40.13141096,-96.23705437,31133.0,803.6739380022963,0.0,21,21,0,0,21,21,2632,0,0,0,0,0
2020-10-08,US,Nebraska,Perkins,34,10,0,40.85082525,-101.6502942,31135.0,1176.063645797302,29.411764705882355,24,34,10,0,24,34,2929,0,0,0,0,0
2020-10-08,US,Nebraska,Phelps,161,0,0,40.51156033,-99.41461667,31137.0,1782.1562984281604,0.0,161,150,0,0,150,144,8996,11,0,0,11,6
2020-10-08,US,Nebraska,Pierce,116,8,0,42.26434853,-97.60122773,31139.0,1622.8315612758813,6.896551724137932,108,115,8,0,107,115,7142,1,0,0,1,0
2020-10-08,US,Nebraska,Platte,1211,4,0,41.57246836,-97.52144359,31141.0,3618.165521362414,0.33030553261767137,1207,1202,4,0,1198,1195,33363,9,0,0,9,7
2020-10-08,US,Nebraska,Polk,107,1,0,41.18813488,-97.56630712,31143.0,2052.560905428736,0.9345794392523364,106,101,1,0,100,91,5278,6,0,0,6,10
2020-10-08,US,Nebraska,Red Willow,88,0,0,40.17556879999999,-100.476998,31145.0,820.5893323386798,0.0,88,86,0,0,86,78,10726,2,0,0,2,8
2020-10-08,US,Nebraska,Richardson,68,2,0,40.1247415,-95.71755036,31147.0,864.5899554990464,2.9411764705882355,66,63,2,0,61,62,7937,5,0,0,5,1
2020-10-08,US,Nebraska,Rock,47,1,0,42.42252217,-99.44832069,31149.0,3463.5224760501105,2.127659574468085,46,47,1,0,46,47,1360,0,0,0,0,0
2020-10-08,US,Nebraska,Saline,782,2,0,40.52418865,-97.14085859,31151.0,5497.750281214848,0.2557544757033248,780,777,2,0,775,775,14350,5,0,0,5,2
2020-10-08,US,Nebraska,Sarpy,4190,32,0,41.11314181,-96.11156432,31153.0,2238.295690078848,0.7637231503579952,4158,4114,27,0,4087,4066,184459,76,5,0,71,48
2020-10-08,US,Nebraska,Saunders,544,4,0,41.227810299999994,-96.63773905,31155.0,2521.086291593289,0.7352941176470589,540,538,4,0,534,536,21303,6,0,0,6,2
2020-10-08,US,Nebraska,Scotts Bluff,455,8,0,41.85070896,-103.70809859999999,31157.0,1277.4439889943287,1.7582417582417582,447,454,8,0,446,450,35989,1,0,0,1,4
2020-10-08,US,Nebraska,Seward,261,3,0,40.87241834,-97.139673,31159.0,1510.0671140939594,1.1494252873563218,258,256,3,0,253,253,17318,5,0,0,5,3
2020-10-08,US,Nebraska,Sheridan,65,0,0,42.50284406,-102.4126613,31161.0,1239.0392680137247,0.0,65,60,0,0,60,60,5190,5,0,0,5,0
2020-10-08,US,Nebraska,Sherman,30,2,0,41.22045983,-98.97588642,31163.0,999.6667777407532,6.666666666666668,28,29,2,0,27,27,3038,1,0,0,1,2
2020-10-08,US,Nebraska,Sioux,7,0,0,42.48932059,-103.7576544,31165.0,600.3430531732419,0.0,7,7,0,0,7,7,1187,0,0,0,0,0
2020-10-08,US,Nebraska,Stanton,48,0,0,41.9169835,-97.19394708,31167.0,810.8108108108107,0.0,48,47,0,0,47,46,5970,1,0,0,1,1
2020-10-08,US,Nebraska,Thayer,36,0,0,40.17626377,-97.59504381,31169.0,719.5682590445732,0.0,36,36,0,0,36,35,5039,0,0,0,0,1
2020-10-08,US,Nebraska,Thomas,7,0,0,41.91358968,-100.5556632,31171.0,969.5290858725765,0.0,7,7,0,0,7,7,720,0,0,0,0,0
2020-10-08,US,Nebraska,Thurston,288,4,0,42.15725356,-96.54157099,31173.0,3986.710963455149,1.3888888888888888,284,287,4,0,283,286,7303,1,0,0,1,1
2020-10-08,US,Nebraska,Unassigned,388,1,0,0.0,0.0,90031.0,0.0,0.25773195876288657,387,391,1,0,390,358,,-3,0,0,-3,33
2020-10-08,US,Nebraska,Valley,50,0,0,41.56730777,-98.98197724,31175.0,1202.5012025012024,0.0,50,49,0,0,49,48,4190,1,0,0,1,1
2020-10-08,US,Nebraska,Washington,334,5,0,41.52815707,-96.22019892,31177.0,1611.2692363355686,1.497005988023952,329,323,5,0,318,320,20667,11,0,0,11,3
2020-10-08,US,Nebraska,Wayne,211,0,0,42.20934475,-97.11926964,31179.0,2248.2685135855086,0.0,211,210,0,0,210,207,9403,1,0,0,1,3
2020-10-08,US,Nebraska,Webster,21,0,0,40.17642643,-98.50019851,31181.0,602.2368798394035,0.0,21,20,0,0,20,19,3533,1,0,0,1,1
2020-10-08,US,Nebraska,Wheeler,2,0,0,41.91482725,-98.52798941,31183.0,255.4278416347382,0.0,2,2,0,0,2,2,805,0,0,0,0,0
2020-10-08,US,Nebraska,York,245,2,0,40.87272618,-97.59710186,31185.0,1791.0665984355585,0.8163265306122449,243,232,2,0,230,224,13772,13,0,0,13,8
2020-10-08,US,Nevada,Carson City,581,8,0,39.15509045,-119.7480219,32510.0,1039.0585878818226,1.3769363166953528,573,572,8,0,564,569,55414,9,0,0,9,3
2020-10-08,US,Nevada,Churchill,167,3,0,39.58105744,-118.3394607,32001.0,670.4404030671644,1.7964071856287425,164,162,3,0,159,160,24440,5,0,0,5,2
2020-10-08,US,Nevada,Clark,70121,1431,0,36.21458855,-115.0130241,32003.0,3093.5075649122186,2.040758118110124,68690,69801,1420,0,68381,69498,2231647,320,11,0,309,303
2020-10-08,US,Nevada,Douglas,334,1,0,38.912862,-119.61713329999999,32005.0,682.9567528882527,0.2994011976047904,333,330,1,0,329,325,48467,4,0,0,4,5
2020-10-08,US,Nevada,Elko,1043,10,0,41.14531606,-115.3577619,32007.0,1976.2022054643976,0.9587727708533078,1033,1032,10,0,1022,1021,52460,11,0,0,11,11
2020-10-08,US,Nevada,Eureka,10,0,0,39.98100864,-116.26832040000001,32011.0,492.8536224741252,0.0,10,10,0,0,10,10,2003,0,0,0,0,0
2020-10-08,US,Nevada,Humboldt,133,4,0,41.40692186,-118.11094270000001,32013.0,790.2085437585408,3.0075187969924815,129,131,4,0,127,131,16786,2,0,0,2,0
2020-10-08,US,Nevada,Lander,87,1,0,39.933223299999995,-117.03970749999999,32015.0,1572.6681127982647,1.1494252873563218,86,83,1,0,82,83,5575,4,0,0,4,0
2020-10-08,US,Nevada,Lincoln,8,0,0,37.64268459,-114.8790388,32017.0,154.3507621068879,0.0,8,8,0,0,8,7,5201,0,0,0,0,1
2020-10-08,US,Nevada,Lyon,463,8,0,39.01777974,-119.18704790000001,32019.0,805.0773778473309,1.7278617710583153,455,457,8,0,449,456,55808,6,0,0,6,1
2020-10-08,US,Nevada,Mineral,14,0,0,38.53841696,-118.4344506,32021.0,310.7658157602664,0.0,14,14,0,0,14,14,4514,0,0,0,0,0
2020-10-08,US,Nevada,Nye,527,15,0,38.04264256,-116.47227020000001,32023.0,1132.7730369924554,2.8462998102466788,512,527,15,0,512,524,45346,0,0,0,0,3
2020-10-08,US,Nevada,Pershing,22,0,0,40.44003782,-118.40056409999998,32027.0,327.13754646840147,0.0,22,22,0,0,22,22,6666,0,0,0,0,0
2020-10-08,US,Nevada,Storey,15,0,0,39.44875482,-119.5250207,32029.0,363.81275770070334,0.0,15,15,0,0,15,11,4029,0,0,0,0,4
2020-10-08,US,Nevada,Washoe,10225,167,0,40.66562265,-119.6631594,32031.0,2168.5234317174923,1.6332518337408313,10058,10107,165,0,9942,10010,465735,118,2,0,116,97
2020-10-08,US,Nevada,White Pine,77,1,0,39.44157041,-114.89996599999999,32033.0,803.7578288100209,1.2987012987012987,76,76,1,0,75,75,9475,1,0,0,1,1
2020-10-08,US,New Hampshire,Belknap,166,4,0,43.51637314,-71.41684235,33001.0,270.7860952971306,2.409638554216868,162,161,4,0,157,161,61022,5,0,0,5,0
2020-10-08,US,New Hampshire,Carroll,130,2,0,43.87498583,-71.20430216,33003.0,265.794316090779,1.5384615384615383,128,127,2,0,125,127,48779,3,0,0,3,0
2020-10-08,US,New Hampshire,Cheshire,155,3,0,42.92015988,-72.25311043,33005.0,203.71952421633702,1.935483870967742,152,155,3,0,152,155,76493,0,0,0,0,0
2020-10-08,US,New Hampshire,Coos,22,0,0,44.69063265,-71.30633239,33007.0,69.70186610905174,0.0,22,22,0,0,22,22,31589,0,0,0,0,0
2020-10-08,US,New Hampshire,Grafton,157,1,0,43.93779815,-71.82057197,33009.0,174.6656876487996,0.6369426751592356,156,156,1,0,155,156,89786,1,0,0,1,0
2020-10-08,US,New Hampshire,Hillsborough,4775,296,0,42.91537785,-71.7200253,33011.0,1145.0152868533062,6.198952879581152,4479,4681,294,0,4387,4681,415247,94,2,0,92,0
2020-10-08,US,New Hampshire,Merrimack,630,24,0,43.29662971,-71.6811573,33013.0,416.14098592386597,3.809523809523809,606,621,24,0,597,621,151132,9,0,0,9,0
2020-10-08,US,New Hampshire,Rockingham,2175,104,0,42.98499744,-71.12883377,33015.0,702.1361078739319,4.781609195402298,2071,2142,104,0,2038,2142,309176,33,0,0,33,0
2020-10-08,US,New Hampshire,Strafford,603,13,0,43.291833000000004,-71.02336013,33017.0,461.59852410952817,2.155887230514096,590,598,13,0,585,598,130090,5,0,0,5,0
2020-10-08,US,New Hampshire,Sullivan,63,1,0,43.36094111,-72.22203125,33019.0,146.0158531497706,1.5873015873015872,62,62,1,0,61,62,43144,1,0,0,1,0
2020-10-08,US,New Hampshire,Unassigned,2,0,0,0.0,0.0,90033.0,0.0,0.0,2,6,0,0,6,6,,-4,0,0,-4,0
2020-10-08,US,New Jersey,Atlantic,4357,260,0,39.47538693,-74.65848483,34001.0,1652.4443433079227,5.967408767500575,4097,4298,257,0,4041,4286,265429,59,3,0,56,12
2020-10-08,US,New Jersey,Bergen,22959,2050,0,40.96010917,-74.07164325,34003.0,2462.8782173820696,8.928960320571454,20909,22876,2050,0,20826,22827,936692,83,0,0,83,49
2020-10-08,US,New Jersey,Burlington,7442,503,0,39.87681124,-74.66927768,34005.0,1671.0489975277815,6.758935769954313,6939,7367,502,0,6865,7343,445384,75,1,0,74,24
2020-10-08,US,New Jersey,Camden,10286,616,0,39.80343818,-74.96388753,34007.0,2030.9158865956788,5.988722535485126,9670,10199,612,0,9587,10170,507078,87,4,0,83,29
2020-10-08,US,New Jersey,Cape May,1063,98,0,39.15008829,-74.80170244,34009.0,1154.9451862797293,9.219190968955788,965,1054,97,0,957,1055,92560,9,1,0,8,-1
2020-10-08,US,New Jersey,Cumberland,3838,160,0,39.37199394,-75.10712559,34011.0,2566.7605181672875,4.168837936425222,3678,3825,160,0,3665,3820,150972,13,0,0,13,5
2020-10-08,US,New Jersey,Essex,21539,2128,0,40.78681335,-74.24657979,34013.0,2695.8290309458994,9.879753006174846,19411,21453,2130,0,19323,21407,799767,86,-2,0,88,46
2020-10-08,US,New Jersey,Gloucester,4877,233,0,39.71581067,-75.13995546,34015.0,1672.2901150749562,4.7775271683411935,4644,4830,230,0,4600,4812,291408,47,3,0,44,18
2020-10-08,US,New Jersey,Hudson,21042,1518,0,40.73766234,-74.07515667,34017.0,3129.4291565473072,7.214143142286855,19524,20989,1518,0,19471,20954,676061,53,0,0,53,35
2020-10-08,US,New Jersey,Hunterdon,1431,126,0,40.56335249,-74.91284156,34019.0,1150.5897677111225,8.805031446540882,1305,1410,125,0,1285,1400,124714,21,1,0,20,10
2020-10-08,US,New Jersey,Mercer,8773,636,0,40.28047017,-74.70479631,34021.0,2387.665677816183,7.249515559101789,8137,8752,636,0,8116,8742,369811,21,0,0,21,10
2020-10-08,US,New Jersey,Middlesex,20134,1430,0,40.43629879,-74.41426991,34023.0,2440.301456132993,7.102413827356711,18704,20033,1430,0,18603,19990,829685,101,0,0,101,43
2020-10-08,US,New Jersey,Monmouth,12588,867,0,40.26549699,-74.22240686,34025.0,2034.2762950573288,6.887511916110581,11721,12467,868,0,11599,12386,621354,121,-1,0,122,81
2020-10-08,US,New Jersey,Morris,8061,831,0,40.86095313,-74.54553709999998,34027.0,1638.9309640232184,10.308894678079644,7230,8025,831,0,7194,8011,494228,36,0,0,36,14
2020-10-08,US,New Jersey,Ocean,14814,1052,0,39.8895449,-74.28089251,34029.0,2439.77957331032,7.101390576481706,13762,14538,1054,0,13484,14489,601651,276,-2,0,278,49
2020-10-08,US,New Jersey,Passaic,19418,1256,0,41.03238628,-74.29954144,34031.0,3869.4687003064805,6.468225357915336,18162,19343,1256,0,18087,19315,503310,75,0,0,75,28
2020-10-08,US,New Jersey,Salem,1110,88,0,39.58719656,-75.34696629999998,34033.0,1779.2738639095935,7.927927927927928,1022,1103,88,0,1015,1094,62607,7,0,0,7,9
2020-10-08,US,New Jersey,Somerset,5967,581,0,40.56465737,-74.61683016,34035.0,1814.0417226556087,9.736886207474443,5386,5935,579,0,5356,5934,331164,32,2,0,30,1
2020-10-08,US,New Jersey,Sussex,1559,197,0,41.13891592,-74.69118243,34037.0,1109.7033198565002,12.636305323925596,1362,1553,197,0,1356,1547,140799,6,0,0,6,6
2020-10-08,US,New Jersey,Unassigned,358,0,0,0.0,0.0,90034.0,0.0,0.0,358,357,0,0,357,353,,1,0,0,1,4
2020-10-08,US,New Jersey,Union,18061,1360,0,40.65835409,-74.30680092,34039.0,3246.3902534596587,7.530037096506285,16701,17978,1361,0,16617,17944,558067,83,-1,0,84,34
2020-10-08,US,New Jersey,Warren,1471,171,0,40.85951833,-74.99556527,34041.0,1397.3989949366849,11.624745071380017,1300,1465,171,0,1294,1463,105779,6,0,0,6,2
2020-10-08,US,New Mexico,Bernalillo,7286,180,0,35.05163625,-106.6703554,35001.0,1072.8574142163181,2.470491353280264,7106,7185,180,0,7005,7065,678701,101,0,0,101,120
2020-10-08,US,New Mexico,Catron,9,1,0,33.91514144,-108.4046587,35003.0,255.17436915225403,11.111111111111109,8,9,1,0,8,9,3578,0,0,0,0,0
2020-10-08,US,New Mexico,Chaves,1428,13,0,33.36406072,-104.4665365,35005.0,2210.0131548402073,0.9103641456582632,1415,1403,13,0,1390,1368,64689,25,0,0,25,35
2020-10-08,US,New Mexico,Cibola,451,21,0,34.91131525,-107.998876,35006.0,1690.721649484536,4.656319290465632,430,446,21,0,425,446,26746,5,0,0,5,0
2020-10-08,US,New Mexico,Colfax,40,1,0,36.60569702,-104.64726740000002,35007.0,334.98031990620547,2.5,39,40,1,0,39,39,12110,0,0,0,0,1
2020-10-08,US,New Mexico,Curry,1015,7,0,34.57421077,-103.34688759999999,35009.0,2073.375005106835,0.6896551724137931,1008,950,7,0,943,930,49437,65,0,0,65,20
2020-10-08,US,New Mexico,De Baca,1,0,0,34.34274529,-104.4117842,35011.0,57.20823798627003,0.0,1,1,0,0,1,1,1781,0,0,0,0,0
2020-10-08,US,New Mexico,Dona Ana,3839,60,0,32.35275771,-106.83293870000001,35013.0,1759.43536744655,1.5629070070330815,3779,3783,59,0,3724,3713,217522,56,1,0,55,70
2020-10-08,US,New Mexico,Eddy,975,14,0,32.47167456,-104.3053527,35015.0,1667.807047553883,1.4358974358974361,961,961,13,0,948,934,57900,14,1,0,13,27
2020-10-08,US,New Mexico,Grant,136,2,0,32.73911281,-108.3827845,35017.0,503.7410178531743,1.4705882352941178,134,134,2,0,132,132,27346,2,0,0,2,2
2020-10-08,US,New Mexico,Guadalupe,36,1,0,34.86319296,-104.790669,35019.0,837.2093023255812,2.7777777777777777,35,34,1,0,33,34,4341,2,0,0,2,0
2020-10-08,US,New Mexico,Harding,1,0,0,35.85751555,-103.82209379999999,35021.0,160.0,0.0,1,1,0,0,1,1,655,0,0,0,0,0
2020-10-08,US,New Mexico,Hidalgo,104,2,0,31.91383467,-108.7151824,35023.0,2477.3701762744163,1.9230769230769231,102,103,2,0,101,102,4240,1,0,0,1,1
2020-10-08,US,New Mexico,Lea,1584,27,0,32.79215361,-103.4123733,35025.0,2228.788518362178,1.7045454545454546,1557,1574,27,0,1547,1543,69611,10,0,0,10,31
2020-10-08,US,New Mexico,Lincoln,244,3,0,33.74526079,-105.4586166,35027.0,1246.6789290823626,1.2295081967213115,241,237,3,0,234,226,19556,7,0,0,7,11
2020-10-08,US,New Mexico,Los Alamos,36,0,0,35.86631386,-106.31349850000001,35028.0,185.86400949971605,0.0,36,36,0,0,36,36,19101,0,0,0,0,0
2020-10-08,US,New Mexico,Luna,464,8,0,32.18179341,-107.75088259999998,35029.0,1957.0627187987686,1.7241379310344829,456,458,7,0,451,451,23963,6,1,0,5,7
2020-10-08,US,New Mexico,McKinley,4384,258,0,35.58007720000001,-108.262245,35031.0,6142.895175641403,5.885036496350365,4126,4375,258,0,4117,4367,72290,9,0,0,9,8
2020-10-08,US,New Mexico,Mora,7,0,0,36.01095101,-104.9497716,35033.0,154.83300154833,0.0,7,7,0,0,7,7,4506,0,0,0,0,0
2020-10-08,US,New Mexico,Otero,288,13,0,32.61348406,-105.7417604,35035.0,426.7298859090236,4.513888888888889,275,285,13,0,272,281,66781,3,0,0,3,4
2020-10-08,US,New Mexico,Quay,77,2,0,35.10403332,-103.54817270000001,35037.0,932.9940627650552,2.5974025974025974,75,77,2,0,75,77,8253,0,0,0,0,0
2020-10-08,US,New Mexico,Rio Arriba,410,14,0,36.51072137,-106.69316740000001,35039.0,1053.4158937334598,3.414634146341464,396,406,14,0,392,404,39006,4,0,0,4,2
2020-10-08,US,New Mexico,Roosevelt,327,4,0,34.02097406,-103.4799493,35041.0,1767.5675675675675,1.2232415902140672,323,322,4,0,318,310,18743,5,0,0,5,12
2020-10-08,US,New Mexico,San Juan,3431,201,0,36.50838318,-108.32043700000001,35045.0,2767.8729892382903,5.858350335179247,3230,3421,201,0,3220,3411,125043,10,0,0,10,10
2020-10-08,US,New Mexico,San Miguel,111,0,0,35.48014807,-104.8163562,35047.0,406.93624665469076,0.0,111,107,0,0,107,105,27591,4,0,0,4,2
2020-10-08,US,New Mexico,Sandoval,1455,42,0,35.68862401,-106.86878030000001,35043.0,991.495625153324,2.88659793814433,1413,1442,42,0,1400,1425,145179,13,0,0,13,17
2020-10-08,US,New Mexico,Santa Fe,1144,7,0,35.50708973,-105.9774716,35049.0,760.8507694968007,0.6118881118881119,1137,1124,7,0,1117,1093,150056,20,0,0,20,31
2020-10-08,US,New Mexico,Sierra,54,1,0,33.13028233,-107.1925893,35051.0,500.4170141784821,1.851851851851852,53,50,1,0,49,50,10968,4,0,0,4,0
2020-10-08,US,New Mexico,Socorro,126,6,0,34.00715494,-106.9298354,35053.0,757.3480795816554,4.761904761904762,120,124,6,0,118,118,16735,2,0,0,2,6
2020-10-08,US,New Mexico,Taos,151,4,0,36.58006022,-105.63101979999999,35055.0,461.4491336368915,2.6490066225165565,147,149,4,0,145,148,32835,2,0,0,2,1
2020-10-08,US,New Mexico,Torrance,84,1,0,34.64048375,-105.8508949,35057.0,543.3025030722463,1.1904761904761905,83,84,1,0,83,83,15591,0,0,0,0,1
2020-10-08,US,New Mexico,Unassigned,1393,0,0,0.0,0.0,90035.0,0.0,0.0,1393,1388,0,0,1388,1387,,5,0,0,5,1
2020-10-08,US,New Mexico,Union,34,2,0,36.48126404,-103.4709624,35059.0,837.6447400837642,5.882352941176472,32,32,2,0,30,31,4118,2,0,0,2,1
2020-10-08,US,New Mexico,Valencia,631,4,0,34.71669834,-106.8103733,35061.0,822.8145211767163,0.6339144215530903,627,624,4,0,620,620,76456,7,0,0,7,4
2020-10-08,US,New York,Albany,3251,135,0,42.60060306,-73.97723916,36001.0,1064.1362199105743,4.152568440479852,3116,3233,135,0,3098,3218,307117,18,0,0,18,15
2020-10-08,US,New York,Allegany,131,1,0,42.25748406,-78.02750466,36003.0,284.22034670543064,0.7633587786259542,130,130,1,0,129,128,46430,1,0,0,1,2
2020-10-08,US,New York,Bronx,53617,4965,0,40.85209301,-73.86282755,36005.0,3780.618767218044,9.26012272227092,48652,53556,4963,0,48593,53501,1432132,61,2,0,59,55
2020-10-08,US,New York,Broome,2239,82,0,42.15903158,-75.81326086,36007.0,1175.4021250682456,3.6623492630638683,2157,2131,82,0,2049,2026,191659,108,0,0,108,105
2020-10-08,US,New York,Cattaraugus,327,6,0,42.24778241,-78.67923096,36009.0,429.6017972332068,1.834862385321101,321,316,6,0,310,311,76840,11,0,0,11,5
2020-10-08,US,New York,Cayuga,237,2,0,42.91261714,-76.55731592,36011.0,309.49644797325533,0.8438818565400844,235,234,2,0,232,232,77145,3,0,0,3,2
2020-10-08,US,New York,Chautauqua,656,9,0,42.22769210000001,-79.36691763,36013.0,516.9302538159067,1.3719512195121952,647,641,9,0,632,636,127939,15,0,0,15,5
2020-10-08,US,New York,Chemung,855,3,0,42.13891056,-76.7638805,36015.0,1024.4919478527606,0.3508771929824561,852,816,3,0,813,785,84254,39,0,0,39,31
2020-10-08,US,New York,Chenango,267,7,0,42.49430041,-75.60887553,36017.0,565.5940856228949,2.621722846441948,260,265,7,0,258,263,47536,2,0,0,2,2
2020-10-08,US,New York,Clinton,177,5,0,44.74530905,-73.67875352,36019.0,219.91675467478413,2.824858757062147,172,173,5,0,168,173,80695,4,0,0,4,0
2020-10-08,US,New York,Columbia,611,37,0,42.24819348,-73.63089095,36021.0,1027.5642858344124,6.055646481178397,574,611,37,0,574,609,59916,0,0,0,0,2
2020-10-08,US,New York,Cortland,260,0,0,42.59509207,-76.07048931,36023.0,546.4366028456736,0.0,260,240,0,0,240,237,47823,20,0,0,20,3
2020-10-08,US,New York,Delaware,144,7,0,42.19837623,-74.96709306,36025.0,326.27166647785197,4.861111111111111,137,143,7,0,136,143,44527,1,0,0,1,0
2020-10-08,US,New York,Dutchess,5222,157,0,41.76486060000001,-73.74356679,36027.0,1774.8744128503354,3.0065109153581004,5065,5214,157,0,5057,5205,293718,8,0,0,8,9
2020-10-08,US,New York,Erie,11953,694,0,42.76249024,-78.73063652,36029.0,1301.0747772400625,5.806073789006944,11259,11898,694,0,11204,11864,919719,55,0,0,55,34
2020-10-08,US,New York,Essex,176,0,0,44.11630765,-73.77297842,36031.0,477.15873661379965,0.0,176,174,0,0,174,172,37300,2,0,0,2,2
2020-10-08,US,New York,Franklin,71,0,0,44.59040891,-74.29926032,36033.0,141.93754747910918,0.0,71,70,0,0,70,70,50293,1,0,0,1,0
2020-10-08,US,New York,Fulton,351,24,0,43.11363907,-74.41798804,36035.0,657.5126913062212,6.837606837606838,327,350,24,0,326,350,53591,1,0,0,1,0
2020-10-08,US,New York,Genesee,355,5,0,43.0022601,-78.19135193,36037.0,619.7625698324023,1.4084507042253518,350,352,5,0,347,351,57511,3,0,0,3,1
2020-10-08,US,New York,Greene,372,18,0,42.275797,-74.12384884,36039.0,788.3360176316013,4.838709677419356,354,366,18,0,348,353,47491,6,0,0,6,13
2020-10-08,US,New York,Hamilton,15,0,0,43.66146647,-74.49721957,36041.0,339.67391304347825,0.0,15,15,0,0,15,15,4434,0,0,0,0,0
2020-10-08,US,New York,Herkimer,355,10,0,43.42034246,-74.96145307,36043.0,578.9396435036449,2.8169014084507036,345,353,10,0,343,349,61833,2,0,0,2,4
2020-10-08,US,New York,Jefferson,177,0,0,44.04200959,-75.94653457,36045.0,161.1522843563924,0.0,177,176,0,0,176,176,111755,1,0,0,1,0
2020-10-08,US,New York,Kings,70899,7346,0,40.636182500000004,-73.94935552,36047.0,2769.597129266226,10.361218070776738,63553,70616,7345,0,63271,70354,2582830,283,1,0,282,262
2020-10-08,US,New York,Lewis,54,0,0,43.784415700000004,-75.44903992,36049.0,205.35442652874963,0.0,54,53,0,0,53,53,26447,1,0,0,1,0
2020-10-08,US,New York,Livingston,216,8,0,42.72596275,-77.77966158,36051.0,343.32580983564867,3.703703703703704,208,213,8,0,205,212,63227,3,0,0,3,1
2020-10-08,US,New York,Madison,505,17,0,42.91653905,-75.67266639,36053.0,711.8591505617343,3.366336633663366,488,505,17,0,488,505,70795,0,0,0,0,0
2020-10-08,US,New York,Monroe,6316,299,0,43.14638895,-77.69322942,36055.0,851.4768728851262,4.734008866371121,6017,6266,299,0,5967,6248,742474,50,0,0,50,18
2020-10-08,US,New York,Montgomery,242,4,0,42.90123494,-74.44011632,36057.0,491.6600637939092,1.6528925619834711,238,241,4,0,237,241,49455,1,0,0,1,0
2020-10-08,US,New York,Nassau,47656,2201,0,40.74066522,-73.58941873,36059.0,3512.0611029062793,4.618516031559509,45455,47516,2201,0,45315,47392,1358343,140,0,0,140,124
2020-10-08,US,New York,New York,34144,3182,0,40.76727260000001,-73.97152637,36061.0,2096.388175643732,9.319353327085288,30962,34051,3183,0,30868,34005,,93,-1,0,94,46
2020-10-08,US,New York,Niagara,1855,101,0,43.19898042,-78.74777412,36063.0,886.3680888374962,5.4447439353099725,1754,1842,101,0,1741,1840,210433,13,0,0,13,2
2020-10-08,US,New York,Oneida,2503,125,0,43.24375382,-75.43710392,36065.0,1094.5856711170197,4.994007191370357,2378,2490,125,0,2365,2483,229577,13,0,0,13,7
2020-10-08,US,New York,Onondaga,4669,207,0,43.00491923,-76.19971155,36067.0,1013.8362922558456,4.433497536945813,4462,4636,207,0,4429,4593,461809,33,0,0,33,43
2020-10-08,US,New York,Ontario,505,35,0,42.85145728,-77.30874425,36069.0,460.023502190805,6.9306930693069315,470,502,35,0,467,500,109864,3,0,0,3,2
2020-10-08,US,New York,Orange,12664,499,0,41.40337468,-74.30240757,36071.0,3289.863355328103,3.94030322173089,12165,12563,499,0,12064,12493,381951,101,0,0,101,70
2020-10-08,US,New York,Orleans,342,54,0,43.2516977,-78.2320066,36073.0,847.5416336241078,15.789473684210524,288,340,54,0,286,338,40612,2,0,0,2,2
2020-10-08,US,New York,Oswego,536,3,0,43.42778894,-76.14635194,36075.0,457.63464362555925,0.5597014925373134,533,531,3,0,528,529,117898,5,0,0,5,2
2020-10-08,US,New York,Otsego,354,5,0,42.63492579,-75.03151402,36077.0,595.0279864858053,1.4124293785310735,349,353,5,0,348,353,59749,1,0,0,1,0
2020-10-08,US,New York,Putnam,1669,63,0,41.42630093,-73.74965532,36079.0,1697.5183075671273,3.7747153984421815,1606,1661,63,0,1598,1656,98892,8,0,0,8,5
2020-10-08,US,New York,Queens,73742,7274,0,40.71088124,-73.81684712,36081.0,3271.812154980483,9.86412085378753,66468,73537,7273,0,66264,73383,2278906,205,1,0,204,154
2020-10-08,US,New York,Rensselaer,958,42,0,42.71348136,-73.51089874,36083.0,603.6014466272668,4.3841336116910234,916,957,42,0,915,952,159442,1,0,0,1,5
2020-10-08,US,New York,Richmond,16294,1088,0,40.58582155,-74.14808598,36085.0,3422.081181493795,6.677304529274579,15206,16240,1088,0,15152,16209,476179,54,0,0,54,31
2020-10-08,US,New York,Rockland,16454,677,0,41.15027894,-74.02560498,36087.0,5050.508150981156,4.114501033183419,15777,16256,677,0,15579,16190,325695,198,0,0,198,66
2020-10-08,US,New York,Saratoga,1122,17,0,43.10904162,-73.86653895,36091.0,488.1168348103001,1.5151515151515151,1105,1111,17,0,1094,1103,230163,11,0,0,11,8
2020-10-08,US,New York,Schenectady,1438,48,0,42.81668777,-74.05278291,36093.0,925.9557369976628,3.3379694019471486,1390,1432,48,0,1384,1430,155350,6,0,0,6,2
2020-10-08,US,New York,Schoharie,88,0,0,42.58831742,-74.44339029999998,36095.0,283.8801251653278,0.0,88,87,0,0,87,87,31097,1,0,0,1,0
2020-10-08,US,New York,Schuyler,62,0,0,42.39184015,-76.8773299,36097.0,348.17768293367783,0.0,62,59,0,0,59,58,17912,3,0,0,3,1
2020-10-08,US,New York,Seneca,114,3,0,42.78081007,-76.82497064,36099.0,335.1364063969896,2.631578947368421,111,112,3,0,109,112,34300,2,0,0,2,0
2020-10-08,US,New York,St. Lawrence,339,4,0,44.4976179,-75.06550039,36089.0,314.64637089289033,1.1799410029498525,335,337,4,0,333,337,108047,2,0,0,2,0
2020-10-08,US,New York,Steuben,608,42,0,42.2689144,-77.3829924,36101.0,637.4568825422788,6.907894736842105,566,585,42,0,543,570,95796,23,0,0,23,15
2020-10-08,US,New York,Suffolk,47196,2011,0,40.88320119,-72.8012172,36103.0,3196.2595176354343,4.260954318162557,45185,47089,2011,0,45078,46980,1481093,107,0,0,107,109
2020-10-08,US,New York,Sullivan,1633,48,0,41.71579493,-74.76394559,36105.0,2164.863718315834,2.939375382731169,1585,1629,48,0,1581,1623,75498,4,0,0,4,6
2020-10-08,US,New York,Tioga,304,25,0,42.16852837,-76.30835812,36107.0,630.6661411115491,8.223684210526315,279,291,25,0,266,284,48560,13,0,0,13,7
2020-10-08,US,New York,Tompkins,465,0,0,42.44945765,-76.47229843,36109.0,455.079271873165,0.0,465,458,0,0,458,455,102793,7,0,0,7,3
2020-10-08,US,New York,Ulster,2343,95,0,41.89027881,-74.26252104,36111.0,1319.4573499349565,4.054630815194195,2248,2335,95,0,2240,2329,178599,8,0,0,8,6
2020-10-08,US,New York,Unassigned,0,19,0,0.0,0.0,90036.0,0.0,0.0,-19,0,21,0,-21,0,,0,-2,0,2,0
2020-10-08,US,New York,Warren,427,33,0,43.56173026,-73.8433699,36113.0,667.7718003252846,7.728337236533957,394,425,33,0,392,419,64265,2,0,0,2,6
2020-10-08,US,New York,Washington,314,14,0,43.31153794,-73.43043448,36115.0,513.0383635056533,4.4585987261146505,300,311,14,0,297,310,61197,3,0,0,3,1
2020-10-08,US,New York,Wayne,347,5,0,43.15494365,-77.02976528,36117.0,385.90715985675837,1.4409221902017288,342,339,5,0,334,337,90064,8,0,0,8,2
2020-10-08,US,New York,Westchester,38694,1454,0,41.16278376,-73.75741653,36119.0,3999.355042759425,3.757688530521528,37240,38628,1454,0,37174,38567,967612,66,0,0,66,61
2020-10-08,US,New York,Wyoming,147,5,0,42.70145109,-78.22199579,36121.0,368.8000200707494,3.4013605442176873,142,147,5,0,142,144,40085,0,0,0,0,3
2020-10-08,US,New York,Yates,67,7,0,42.63505484,-77.10369919,36123.0,268.9358969212861,10.447761194029852,60,67,7,0,60,67,24841,0,0,0,0,0
2020-10-08,US,North Carolina,Alamance,4287,59,0,36.0434701,-79.39976137,37001.0,2529.0692529600196,1.3762537905295078,4228,4204,59,0,4145,4172,166436,83,0,0,83,32
2020-10-08,US,North Carolina,Alexander,575,8,0,35.922379600000006,-81.17751948,37003.0,1533.4560098141187,1.391304347826087,567,571,8,0,563,559,37353,4,0,0,4,12
2020-10-08,US,North Carolina,Alleghany,245,0,0,36.49360862,-81.12857041,37005.0,2199.874292897549,0.0,245,245,0,0,245,244,11161,0,0,0,0,1
2020-10-08,US,North Carolina,Anson,662,6,0,34.97403241,-80.09953279,37007.0,2708.009490305162,0.9063444108761328,656,655,6,0,649,653,24877,7,0,0,7,2
2020-10-08,US,North Carolina,Ashe,306,1,0,36.43296207,-81.49862729,37009.0,1124.8759328015292,0.32679738562091504,305,294,1,0,293,294,27109,12,0,0,12,0
2020-10-08,US,North Carolina,Avery,443,0,0,36.07569796,-81.92308483,37011.0,2523.210115623398,0.0,443,435,0,0,435,431,17505,8,0,0,8,4
2020-10-08,US,North Carolina,Beaufort,1052,28,0,35.48531943,-76.84325809,37013.0,2238.583648976465,2.661596958174905,1024,1036,27,0,1009,1031,47079,16,1,0,15,5
2020-10-08,US,North Carolina,Bertie,639,13,0,36.0688473,-76.96545943,37015.0,3372.56557766401,2.0344287949921758,626,634,11,0,623,625,19026,5,2,0,3,9
2020-10-08,US,North Carolina,Bladen,968,18,0,34.61296243,-78.56180059,37017.0,2958.254385428764,1.859504132231405,950,955,18,0,937,950,33190,13,0,0,13,5
2020-10-08,US,North Carolina,Brunswick,1796,27,0,34.070565,-78.22814204,37019.0,1257.5269570088226,1.5033407572383073,1769,1779,27,0,1752,1756,136744,17,0,0,17,23
2020-10-08,US,North Carolina,Buncombe,3439,90,0,35.61113393,-82.53305,37021.0,1316.66098755317,2.6170398371619656,3349,3407,88,0,3319,3381,259103,32,2,0,30,26
2020-10-08,US,North Carolina,Burke,2312,43,0,35.74989637,-81.70755735,37023.0,2555.1196330883567,1.8598615916955017,2269,2266,43,0,2223,2253,90382,46,0,0,46,13
2020-10-08,US,North Carolina,Cabarrus,4278,79,0,35.3877799,-80.55267168,37025.0,1976.410583359898,1.8466573165030389,4199,4252,79,0,4173,4232,211342,26,0,0,26,20
2020-10-08,US,North Carolina,Caldwell,1882,18,0,35.95204977,-81.54799522,37027.0,2290.1506485920804,0.9564293304994688,1864,1847,18,0,1829,1838,82029,35,0,0,35,9
2020-10-08,US,North Carolina,Camden,126,3,0,36.33804939,-76.15568396,37029.0,1159.4736357780434,2.380952380952381,123,125,3,0,122,124,10710,1,0,0,1,1
2020-10-08,US,North Carolina,Carteret,839,5,0,34.8932941,-76.54120135,37031.0,1207.6634088062988,0.5959475566150179,834,817,5,0,812,803,69524,22,0,0,22,14
2020-10-08,US,North Carolina,Caswell,475,5,0,36.39312665,-79.33353281,37033.0,2101.3979826579366,1.0526315789473684,470,468,5,0,463,467,22698,7,0,0,7,1
2020-10-08,US,North Carolina,Catawba,3478,55,0,35.66211129,-81.2132617,37035.0,2179.867252477264,1.5813686026451983,3423,3446,55,0,3391,3433,158652,32,0,0,32,13
2020-10-08,US,North Carolina,Chatham,1761,59,0,35.70394416,-79.25541492,37037.0,2364.7106217268697,3.3503691084611016,1702,1755,59,0,1696,1749,73139,6,0,0,6,6
2020-10-08,US,North Carolina,Cherokee,683,12,0,35.1349263,-84.05970864,37039.0,2387.110303369216,1.7569546120058566,671,679,12,0,667,679,28383,4,0,0,4,0
2020-10-08,US,North Carolina,Chowan,432,4,0,36.12908077,-76.60118385,37041.0,3098.328910564441,0.925925925925926,428,410,4,0,406,400,14029,22,0,0,22,10
2020-10-08,US,North Carolina,Clay,141,3,0,35.05704275,-83.74353633,37043.0,1255.4536550618825,2.127659574468085,138,134,2,0,132,134,11139,7,1,0,6,0
2020-10-08,US,North Carolina,Cleveland,2561,73,0,35.33553364,-81.55204486,37045.0,2614.6793674129885,2.8504490433424445,2488,2514,72,0,2442,2467,97645,47,1,0,46,47
2020-10-08,US,North Carolina,Columbus,1476,57,0,34.26744084,-78.65801424,37047.0,2659.076169200836,3.8617886178861784,1419,1460,57,0,1403,1443,55655,16,0,0,16,17
2020-10-08,US,North Carolina,Craven,1899,46,0,35.11833364,-77.08398081,37049.0,1859.2310478857248,2.422327540810953,1853,1864,45,0,1819,1852,102912,35,1,0,34,12
2020-10-08,US,North Carolina,Cumberland,5993,80,0,35.04762133,-78.82623165,37051.0,1786.2412036636872,1.3348907058234607,5913,5952,80,0,5872,5897,332330,41,0,0,41,55
2020-10-08,US,North Carolina,Currituck,199,4,0,36.36123664,-75.95876401,37053.0,716.7813276663185,2.010050251256281,195,196,4,0,192,196,27072,3,0,0,3,0
2020-10-08,US,North Carolina,Dare,297,3,0,35.66520691,-75.71767334,37055.0,802.5074981761193,1.0101010101010102,294,295,3,0,292,293,36501,2,0,0,2,2
2020-10-08,US,North Carolina,Davidson,3090,39,0,35.79115496,-80.21256572,37057.0,1843.5764189273846,1.2621359223300972,3051,3041,39,0,3002,3015,166614,49,0,0,49,26
2020-10-08,US,North Carolina,Davie,620,6,0,35.93099927,-80.54496571,37059.0,1447.0428978200998,0.967741935483871,614,612,6,0,606,609,42733,8,0,0,8,3
2020-10-08,US,North Carolina,Duplin,2534,54,0,34.93449805,-77.93140529,37061.0,4313.8523348257595,2.1310181531176005,2480,2523,54,0,2469,2507,58856,11,0,0,11,16
2020-10-08,US,North Carolina,Durham,8126,97,0,36.03638492,-78.87608331,37063.0,2527.6215597471755,1.1936992370169826,8029,8053,97,0,7956,8019,316739,73,0,0,73,34
2020-10-08,US,North Carolina,Edgecombe,1534,52,0,35.91230639,-77.59436892,37065.0,2980.261112838048,3.3898305084745757,1482,1500,52,0,1448,1497,52005,34,0,0,34,3
2020-10-08,US,North Carolina,Forsyth,7501,104,0,36.12859861,-80.25459052,37067.0,1962.0973332112635,1.3864818024263432,7397,7417,104,0,7313,7382,379099,84,0,0,84,35
2020-10-08,US,North Carolina,Franklin,1315,31,0,36.081519,-78.28708884,37069.0,1887.0632130300642,2.3574144486692017,1284,1295,31,0,1264,1282,67560,20,0,0,20,13
2020-10-08,US,North Carolina,Gaston,5852,94,0,35.29373559,-81.17477045,37071.0,2606.344837415212,1.6062884483937117,5758,5760,92,0,5668,5660,222846,92,2,0,90,100
2020-10-08,US,North Carolina,Gates,154,3,0,36.44667547,-76.69749701,37073.0,1331.9494897076636,1.9480519480519483,151,150,3,0,147,147,11573,4,0,0,4,3
2020-10-08,US,North Carolina,Graham,208,5,0,35.3506925,-83.83369267,37075.0,2464.163013860917,2.4038461538461537,203,205,5,0,200,199,8484,3,0,0,3,6
2020-10-08,US,North Carolina,Granville,1807,50,0,36.30337451,-78.65184241,37077.0,2989.593501315289,2.7670171555063643,1757,1796,50,0,1746,1792,60115,11,0,0,11,4
2020-10-08,US,North Carolina,Greene,717,7,0,35.48544173,-77.67578087,37079.0,3403.104086572689,0.9762900976290098,710,708,5,0,703,705,21012,9,2,0,7,3
2020-10-08,US,North Carolina,Guilford,9411,191,0,36.07959451,-79.78824948,37081.0,1751.9462967306686,2.0295399001168843,9220,9301,190,0,9111,9234,533670,110,1,0,109,67
2020-10-08,US,North Carolina,Halifax,1124,22,0,36.25669272,-77.6556109,37083.0,2247.5504899020198,1.9572953736654803,1102,1110,22,0,1088,1102,50574,14,0,0,14,8
2020-10-08,US,North Carolina,Harnett,2488,60,0,35.36731853,-78.87243571,37085.0,1829.7346590574807,2.4115755627009645,2428,2451,56,0,2395,2421,134214,37,4,0,33,30
2020-10-08,US,North Carolina,Haywood,638,31,0,35.55269063,-82.98196486,37087.0,1023.797679605886,4.858934169278998,607,637,31,0,606,636,61971,1,0,0,1,1
2020-10-08,US,North Carolina,Henderson,2152,64,0,35.33788927,-82.4766782,37089.0,1832.7840091298533,2.9739776951672865,2088,2136,64,0,2072,2130,116748,16,0,0,16,6
2020-10-08,US,North Carolina,Hertford,813,33,0,36.3607755,-76.98104134,37091.0,3433.7120412214385,4.059040590405904,780,810,33,0,777,806,23659,3,0,0,3,4
2020-10-08,US,North Carolina,Hoke,1342,18,0,35.01888303,-79.23651674,37093.0,2429.6628888003765,1.3412816691505216,1324,1325,18,0,1307,1314,54764,17,0,0,17,11
2020-10-08,US,North Carolina,Hyde,145,5,0,35.42017674,-76.15180542,37095.0,2937.0062791168725,3.4482758620689653,140,145,5,0,140,145,5230,0,0,0,0,0
2020-10-08,US,North Carolina,Iredell,3286,34,0,35.80950511,-80.8743128,37097.0,1807.421097213513,1.0346926354230066,3252,3246,33,0,3213,3228,178435,40,1,0,39,18
2020-10-08,US,North Carolina,Jackson,731,7,0,35.28814273,-83.14093385,37099.0,1663.707952114343,0.957592339261286,724,714,7,0,707,711,43327,17,0,0,17,3
2020-10-08,US,North Carolina,Johnston,4825,57,0,35.51745004,-78.36622717,37101.0,2304.8739126488613,1.1813471502590671,4768,4785,57,0,4728,4770,202675,40,0,0,40,15
2020-10-08,US,North Carolina,Jones,164,14,0,35.02254606,-77.35870791,37103.0,1741.1614821106275,8.536585365853659,150,161,14,0,147,160,9637,3,0,0,3,1
2020-10-08,US,North Carolina,Lee,1786,15,0,35.47623147,-79.17569362,37105.0,2890.949999190664,0.8398656215005599,1771,1777,15,0,1762,1764,61452,9,0,0,9,13
2020-10-08,US,North Carolina,Lenoir,1093,33,0,35.24032589999999,-77.64245615,37107.0,1953.5648537060536,3.0192131747483986,1060,1079,33,0,1046,1069,55976,14,0,0,14,10
2020-10-08,US,North Carolina,Lincoln,1889,15,0,35.48508185,-81.21740317,37109.0,2193.68024991,0.7940709370037057,1874,1857,15,0,1842,1828,83770,32,0,0,32,29
2020-10-08,US,North Carolina,Macon,666,2,0,35.14867843,-83.41696617,37113.0,1857.32611969435,0.3003003003003003,664,659,2,0,657,658,35285,7,0,0,7,1
2020-10-08,US,North Carolina,Madison,123,1,0,35.85402722,-82.71346418,37115.0,565.3872672948747,0.8130081300813008,122,121,1,0,120,120,21763,2,0,0,2,1
2020-10-08,US,North Carolina,Martin,532,15,0,35.84326734,-77.10860251,37117.0,2370.7664884135474,2.819548872180451,517,524,13,0,511,513,22671,8,2,0,6,11
2020-10-08,US,North Carolina,McDowell,1106,29,0,35.67736232,-82.0482425,37111.0,2417.169332983653,2.6220614828209765,1077,1092,29,0,1063,1085,45507,14,0,0,14,7
2020-10-08,US,North Carolina,Mecklenburg,29963,364,0,35.24469268,-80.8317671,37119.0,2698.5039032526506,1.2148316256716618,29599,29829,364,0,29465,29701,1093901,134,0,0,134,128
2020-10-08,US,North Carolina,Mitchell,172,3,0,36.01059309,-82.1582442,37121.0,1149.425287356322,1.7441860465116281,169,171,3,0,168,172,15000,1,0,0,1,-1
2020-10-08,US,North Carolina,Montgomery,1076,36,0,35.33155144,-79.90416657,37123.0,3959.813049718471,3.3457249070631967,1040,1071,35,0,1036,1070,27271,5,1,0,4,1
2020-10-08,US,North Carolina,Moore,1899,36,0,35.30885257,-79.48474178,37125.0,1882.4345757335445,1.895734597156398,1863,1866,34,0,1832,1857,98682,33,2,0,31,9
2020-10-08,US,North Carolina,Nash,2701,50,0,35.96575634,-77.98422508,37127.0,2864.3237396339264,1.8511662347278783,2651,2665,48,0,2617,2638,94016,36,2,0,34,27
2020-10-08,US,North Carolina,New Hanover,4582,33,0,34.25758282,-77.87075626,37129.0,1954.169563233293,0.7202095154954169,4549,4547,33,0,4514,4516,232274,35,0,0,35,31
2020-10-08,US,North Carolina,Northampton,498,17,0,36.41736238,-77.39769443,37131.0,2556.074526510291,3.4136546184738954,481,492,17,0,475,485,19676,6,0,0,6,7
2020-10-08,US,North Carolina,Onslow,2505,26,0,34.72607366,-77.42908179,37133.0,1265.5477977952694,1.037924151696607,2479,2451,26,0,2425,2402,197683,54,0,0,54,49
2020-10-08,US,North Carolina,Orange,2795,57,0,36.06092947,-79.12167935,37135.0,1882.4591179719282,2.039355992844365,2738,2777,57,0,2720,2765,146027,18,0,0,18,12
2020-10-08,US,North Carolina,Pamlico,279,2,0,35.15253315,-76.66559823,37137.0,2192.3620933521925,0.7168458781362007,277,278,2,0,276,277,12670,1,0,0,1,1
2020-10-08,US,North Carolina,Pasquotank,768,33,0,36.26723798,-76.25134778,37139.0,1928.4853354760944,4.296875,735,757,33,0,724,753,39639,11,0,0,11,4
2020-10-08,US,North Carolina,Pender,1083,8,0,34.52265624,-77.90352133,37141.0,1717.4119885823025,0.7386888273314867,1075,1079,8,0,1071,1067,62162,4,0,0,4,12
2020-10-08,US,North Carolina,Perquimans,201,3,0,36.17847453,-76.40603143,37143.0,1492.9807620886875,1.492537313432836,198,198,3,0,195,198,13422,3,0,0,3,0
2020-10-08,US,North Carolina,Person,487,8,0,36.38989032,-78.97217358,37145.0,1233.2236009116232,1.6427104722792607,479,473,8,0,465,470,39507,14,0,0,14,3
2020-10-08,US,North Carolina,Pitt,5343,33,0,35.59535426,-77.37353178,37147.0,2956.1474366776947,0.617630544637844,5310,5281,33,0,5248,5174,179914,62,0,0,62,107
2020-10-08,US,North Carolina,Polk,340,11,0,35.27820615,-82.16812354,37149.0,1640.6099208646979,3.2352941176470584,329,337,11,0,326,336,20611,3,0,0,3,1
2020-10-08,US,North Carolina,Randolph,3089,55,0,35.71015088,-79.80570339,37151.0,2150.111020624082,1.78051149239236,3034,3051,54,0,2997,3031,143351,38,1,0,37,20
2020-10-08,US,North Carolina,Richmond,1141,20,0,35.00417719,-79.74491009,37153.0,2545.227419750608,1.7528483786152498,1121,1121,20,0,1101,1098,44887,20,0,0,20,23
2020-10-08,US,North Carolina,Robeson,5040,84,0,34.64244496,-79.10250529999998,37155.0,3858.3732057416273,1.6666666666666667,4956,4954,84,0,4870,4905,131831,86,0,0,86,49
2020-10-08,US,North Carolina,Rockingham,1467,17,0,36.39593137,-79.77504841,37157.0,1611.910779035271,1.1588275391956373,1450,1452,17,0,1435,1434,90690,15,0,0,15,18
2020-10-08,US,North Carolina,Rowan,3671,104,0,35.64003916,-80.52446628,37159.0,2583.610157085749,2.833015527104332,3567,3635,104,0,3531,3622,141262,36,0,0,36,13
2020-10-08,US,North Carolina,Rutherford,1407,37,0,35.40114178,-81.92112099,37161.0,2099.0914380342842,2.629708599857853,1370,1388,36,0,1352,1357,66826,19,1,0,18,31
2020-10-08,US,North Carolina,Sampson,2363,28,0,34.98820368,-78.36914061,37163.0,3719.444050935764,1.184934405416843,2335,2348,28,0,2320,2338,63626,15,0,0,15,10
2020-10-08,US,North Carolina,Scotland,1400,17,0,34.8386299,-79.4757978,37165.0,4020.331390173161,1.2142857142857142,1383,1355,17,0,1338,1331,34810,45,0,0,45,24
2020-10-08,US,North Carolina,Stanly,2171,56,0,35.31647813,-80.25093221,37167.0,3456.676113747095,2.5794564716720405,2115,2146,56,0,2090,2128,62075,25,0,0,25,18
2020-10-08,US,North Carolina,Stokes,525,4,0,36.4017975,-80.23893369,37169.0,1151.5430677107327,0.7619047619047619,521,518,4,0,514,499,45467,7,0,0,7,19
2020-10-08,US,North Carolina,Surry,1451,23,0,36.41689489,-80.69102283,37171.0,2021.3699622473289,1.585113714679531,1428,1431,23,0,1408,1424,71948,20,0,0,20,7
2020-10-08,US,North Carolina,Swain,172,3,0,35.48665845,-83.48748932,37173.0,1205.2413986405998,1.7441860465116281,169,168,3,0,165,166,14245,4,0,0,4,2
2020-10-08,US,North Carolina,Transylvania,349,9,0,35.20383864,-82.79638423,37175.0,1014.9774611022248,2.5787965616045847,340,346,9,0,337,344,34215,3,0,0,3,2
2020-10-08,US,North Carolina,Tyrrell,117,3,0,35.87147226,-76.17055253,37177.0,2913.346613545817,2.5641025641025643,114,117,3,0,114,116,4131,0,0,0,0,1
2020-10-08,US,North Carolina,Union,5232,59,0,34.98960527,-80.52955873,37179.0,2181.281502882944,1.1276758409785932,5173,5186,59,0,5127,5141,235908,46,0,0,46,45
2020-10-08,US,North Carolina,Vance,1099,46,0,36.36880673,-78.40670845,37181.0,2467.7220163916018,4.185623293903548,1053,1095,45,0,1050,1091,44582,4,1,0,3,4
2020-10-08,US,North Carolina,Wake,18755,258,0,35.78879266,-78.65249174,37183.0,1686.9632951686558,1.3756331644894697,18497,18579,258,0,18321,18463,1092305,176,0,0,176,116
2020-10-08,US,North Carolina,Warren,370,7,0,36.39728256,-78.10652228,37185.0,1875.2217322994272,1.891891891891892,363,366,7,0,359,365,19807,4,0,0,4,1
2020-10-08,US,North Carolina,Washington,222,8,0,35.83810081,-76.57299037,37187.0,1917.0984455958549,3.603603603603604,214,221,8,0,213,220,11859,1,0,0,1,1
2020-10-08,US,North Carolina,Watauga,1122,2,0,36.23103603,-81.70033724,37189.0,1997.2586645780304,0.17825311942959002,1120,1095,2,0,1093,1089,55945,27,0,0,27,6
2020-10-08,US,North Carolina,Wayne,3712,73,0,35.36438125,-78.00027268,37191.0,3014.6754269842686,1.9665948275862069,3639,3678,73,0,3605,3620,123248,34,0,0,34,58
2020-10-08,US,North Carolina,Wilkes,1359,35,0,36.2084135,-81.16232895,37193.0,1986.4935976144532,2.5754231052244303,1324,1346,35,0,1311,1336,68557,13,0,0,13,10
2020-10-08,US,North Carolina,Wilson,2433,58,0,35.70625477,-77.917978,37195.0,2974.291267832912,2.383888203863543,2375,2402,57,0,2345,2389,81455,31,1,0,30,13
2020-10-08,US,North Carolina,Yadkin,798,9,0,36.16222629,-80.66239436,37197.0,2118.5653224307753,1.1278195488721805,789,790,9,0,781,784,37543,8,0,0,8,6
2020-10-08,US,North Carolina,Yancey,224,0,0,35.90079156,-82.31237181,37199.0,1239.6922906635675,0.0,224,224,0,0,224,222,17903,0,0,0,0,2
2020-10-08,US,North Dakota,Adams,29,0,0,46.09686891,-102.5285397,38001.0,1308.6642599277975,0.0,29,28,0,0,28,28,2294,1,0,0,1,0
2020-10-08,US,North Dakota,Barnes,262,1,0,46.93579637,-98.06605978,38003.0,2515.602496399424,0.3816793893129771,261,260,1,0,259,259,10542,2,0,0,2,1
2020-10-08,US,North Dakota,Benson,375,7,0,48.0683985,-99.35916363,38005.0,5488.875878220139,1.8666666666666667,368,372,7,0,365,372,6962,3,0,0,3,0
2020-10-08,US,North Dakota,Billings,20,0,0,47.02366884,-103.3762965,38007.0,2155.172413793104,0.0,20,20,0,0,20,19,919,0,0,0,0,1
2020-10-08,US,North Dakota,Bottineau,121,9,0,48.79106111,-100.8378166,38009.0,1926.1381725565107,7.43801652892562,112,115,9,0,106,111,6411,6,0,0,6,4
2020-10-08,US,North Dakota,Bowman,55,0,0,46.11285362,-103.5203343,38011.0,1818.7830687830688,0.0,55,53,0,0,53,51,3076,2,0,0,2,2
2020-10-08,US,North Dakota,Burke,40,1,0,48.79094471,-102.51821170000001,38013.0,1891.2529550827426,2.5,39,40,1,0,39,39,2100,0,0,0,0,1
2020-10-08,US,North Dakota,Burleigh,4356,56,0,46.97847375,-100.46452140000001,38015.0,4555.24648108255,1.2855831037649221,4300,4266,55,0,4211,4188,95273,90,1,0,89,78
2020-10-08,US,North Dakota,Cass,6081,78,0,46.93201724,-97.24447190000001,38017.0,3342.622977853267,1.2826837691169215,6003,5946,78,0,5868,5812,181516,135,0,0,135,134
2020-10-08,US,North Dakota,Cavalier,57,0,0,48.77286211,-98.46685243,38019.0,1515.1515151515152,0.0,57,56,0,0,56,56,3829,1,0,0,1,0
2020-10-08,US,North Dakota,Dickey,152,0,0,46.11017712,-98.50490079999999,38021.0,3119.868637110017,0.0,152,151,0,0,151,148,4903,1,0,0,1,3
2020-10-08,US,North Dakota,Divide,21,1,0,48.814938700000006,-103.48736109999999,38023.0,927.5618374558304,4.761904761904762,20,18,1,0,17,11,2283,3,0,0,3,7
2020-10-08,US,North Dakota,Dunn,146,3,0,47.35423935,-102.61604679999999,38025.0,3300.1808318264016,2.054794520547945,143,143,3,0,140,133,4332,3,0,0,3,10
2020-10-08,US,North Dakota,Eddy,112,3,0,47.71701474,-98.90432337,38027.0,4897.245299519021,2.6785714285714284,109,111,3,0,108,110,2313,1,0,0,1,1
2020-10-08,US,North Dakota,Emmons,231,5,0,46.28398398,-100.2389766,38029.0,7127.42980561555,2.1645021645021645,226,229,5,0,224,229,3295,2,0,0,2,0
2020-10-08,US,North Dakota,Foster,77,1,0,47.457108399999996,-98.88279923,38031.0,2398.753894080997,1.2987012987012987,76,77,1,0,76,76,3216,0,0,0,0,1
2020-10-08,US,North Dakota,Golden Valley,79,0,0,46.94022281,-103.8465421,38033.0,4486.087450312321,0.0,79,69,0,0,69,69,1769,10,0,0,10,0
2020-10-08,US,North Dakota,Grand Forks,2511,14,0,47.92093639,-97.45450447,38035.0,3615.4986969230094,0.5575467941059339,2497,2480,14,0,2466,2463,70770,31,0,0,31,17
2020-10-08,US,North Dakota,Grant,43,1,0,46.35821257,-101.63900129999999,38037.0,1890.9410729991205,2.3255813953488373,42,43,1,0,42,41,2374,0,0,0,0,2
2020-10-08,US,North Dakota,Griggs,61,1,0,47.45785838,-98.23850925,38039.0,2734.199910354101,1.639344262295082,60,61,1,0,60,61,2232,0,0,0,0,0
2020-10-08,US,North Dakota,Hettinger,74,0,0,46.43375068,-102.4632417,38041.0,2961.184473789516,0.0,74,73,0,0,73,71,2514,1,0,0,1,2
2020-10-08,US,North Dakota,Kidder,62,0,0,46.97830064,-99.77507857,38043.0,2500.0,0.0,62,61,0,0,61,61,2450,1,0,0,1,0
2020-10-08,US,North Dakota,LaMoure,115,0,0,46.45681054,-98.53542355,38045.0,2842.3133959466136,0.0,115,112,0,0,112,94,4062,3,0,0,3,18
2020-10-08,US,North Dakota,Logan,87,0,0,46.45729487,-99.47719806,38047.0,4702.702702702703,0.0,87,79,0,0,79,78,1903,8,0,0,8,1
2020-10-08,US,North Dakota,McHenry,113,6,0,48.23104458,-100.6324822,38049.0,1966.9277632724109,5.3097345132743365,107,112,6,0,106,106,5816,1,0,0,1,6
2020-10-08,US,North Dakota,McIntosh,102,3,0,46.11182017,-99.44145858,38051.0,4084.9018822587104,2.9411764705882355,99,101,3,0,98,92,2585,1,0,0,1,9
2020-10-08,US,North Dakota,McKenzie,310,2,0,47.74133370000001,-103.395905,38053.0,2063.3652822151225,0.6451612903225806,308,298,2,0,296,290,13632,12,0,0,12,8
2020-10-08,US,North Dakota,McLean,340,4,0,47.60766714,-101.3182418,38055.0,3597.883597883597,1.1764705882352942,336,337,4,0,333,333,9541,3,0,0,3,4
2020-10-08,US,North Dakota,Mercer,218,1,0,47.31213126,-101.8318399,38057.0,2662.7580310247954,0.4587155963302753,217,211,1,0,210,208,8267,7,0,0,7,3
2020-10-08,US,North Dakota,Morton,1521,41,0,46.71681782,-101.2822377,38059.0,4849.508991200102,2.6955950032873113,1480,1501,41,0,1460,1466,31095,20,0,0,20,35
2020-10-08,US,North Dakota,Mountrail,323,3,0,48.20197971,-102.3555315,38061.0,3063.0630630630626,0.9287925696594428,320,314,2,0,312,305,10218,9,1,0,8,9
2020-10-08,US,North Dakota,Nelson,118,0,0,47.9226426,-98.19038437,38063.0,4098.645362973255,0.0,118,117,0,0,117,113,2869,1,0,0,1,4
2020-10-08,US,North Dakota,Oliver,29,0,0,47.11530482,-101.3406158,38065.0,1480.3471158754471,0.0,29,25,0,0,25,24,1952,4,0,0,4,1
2020-10-08,US,North Dakota,Pembina,134,0,0,48.76623521,-97.5523809,38067.0,1970.2984855168359,0.0,134,131,0,0,131,120,6947,3,0,0,3,11
2020-10-08,US,North Dakota,Pierce,37,0,0,48.24977025,-99.96407787,38069.0,930.8176100628932,0.0,37,37,0,0,37,36,4081,0,0,0,0,1
2020-10-08,US,North Dakota,Ramsey,308,2,0,48.26886249,-98.72223879,38071.0,2673.843215556905,0.6493506493506493,306,297,2,0,295,297,11481,11,0,0,11,0
2020-10-08,US,North Dakota,Ransom,90,0,0,46.45621782,-97.65742504,38073.0,1724.7987734764276,0.0,90,89,0,0,89,87,5237,1,0,0,1,2
2020-10-08,US,North Dakota,Renville,85,1,0,48.71982533,-101.6603912,38075.0,3652.7718091963898,1.1764705882352942,84,79,1,0,78,76,2374,6,0,0,6,3
2020-10-08,US,North Dakota,Richland,273,2,0,46.26440649,-96.94852979,38077.0,1687.5811337083514,0.7326007326007326,271,268,2,0,266,265,16239,5,0,0,5,3
2020-10-08,US,North Dakota,Rolette,240,7,0,48.77245354,-99.84097493,38079.0,1693.002257336343,2.9166666666666665,233,236,7,0,229,233,14301,4,0,0,4,3
2020-10-08,US,North Dakota,Sargent,93,1,0,46.10830372,-97.63217159,38081.0,2385.8388917393536,1.075268817204301,92,91,1,0,90,86,3870,2,0,0,2,5
2020-10-08,US,North Dakota,Sheridan,18,1,0,47.57700669,-100.3426391,38083.0,1368.8212927756654,5.5555555555555545,17,18,1,0,17,15,1349,0,0,0,0,3
2020-10-08,US,North Dakota,Sioux,177,3,0,46.11323337,-101.04401490000001,38085.0,4184.397163120569,1.6949152542372878,174,176,3,0,173,173,4358,1,0,0,1,3
2020-10-08,US,North Dakota,Slope,11,0,0,46.44737738,-103.4601547,38087.0,1466.666666666667,0.0,11,11,0,0,11,11,763,0,0,0,0,0
2020-10-08,US,North Dakota,Stark,1926,21,0,46.80851182,-102.65763259999999,38089.0,6116.4216075454915,1.0903426791277258,1905,1877,20,0,1857,1862,30997,49,1,0,48,15
2020-10-08,US,North Dakota,Steele,31,0,0,47.45611548,-97.72728747,38091.0,1640.2116402116405,0.0,31,31,0,0,31,30,1903,0,0,0,0,1
2020-10-08,US,North Dakota,Stutsman,572,4,0,46.97962541,-98.95637318,38093.0,2762.7511591962907,0.6993006993006993,568,563,4,0,559,558,20917,9,0,0,9,5
2020-10-08,US,North Dakota,Towner,30,0,0,48.68565745,-99.24564265,38095.0,1370.4888076747372,0.0,30,30,0,0,30,29,2192,0,0,0,0,1
2020-10-08,US,North Dakota,Traill,149,0,0,47.45367788,-97.16323288,38097.0,1854.1562966650079,0.0,149,147,0,0,147,144,8037,2,0,0,2,3
2020-10-08,US,North Dakota,Walsh,255,1,0,48.36876964,-97.72574783,38099.0,2396.3913166055827,0.392156862745098,254,251,1,0,250,242,10667,4,0,0,4,9
2020-10-08,US,North Dakota,Ward,1353,17,0,48.22390169,-101.54367629999999,38101.0,2000.2661107907925,1.2564671101256466,1336,1319,14,0,1305,1290,67744,34,3,0,31,29
2020-10-08,US,North Dakota,Wells,53,0,0,47.58614526,-99.65904998,38103.0,1382.3682837767346,0.0,53,51,0,0,51,47,3957,2,0,0,2,4
2020-10-08,US,North Dakota,Williams,1308,9,0,48.34522353,-103.4793387,38105.0,3479.741413711459,0.6880733944954128,1299,1276,9,0,1267,1246,35350,32,0,0,32,30
2020-10-08,US,Ohio,Adams,162,4,0,38.84541072,-83.4718964,39001.0,584.8797747129756,2.469135802469136,158,160,4,0,156,158,27724,2,0,0,2,2
2020-10-08,US,Ohio,Allen,1641,72,0,40.77285242,-84.10802343,39003.0,1603.3062696016648,4.387568555758683,1569,1607,72,0,1535,1582,102663,34,0,0,34,25
2020-10-08,US,Ohio,Ashland,319,5,0,40.84772277,-82.27280781,39005.0,596.4400568394286,1.567398119122257,314,318,5,0,313,313,53745,1,0,0,1,5
2020-10-08,US,Ohio,Ashtabula,680,48,0,41.70860332,-80.74830218,39007.0,699.2935078824776,7.0588235294117645,632,680,48,0,632,679,97493,0,0,0,0,1
2020-10-08,US,Ohio,Athens,909,2,0,39.33425634,-82.04278644,39009.0,1391.4614171781961,0.22002200220022006,907,887,2,0,885,862,65818,22,0,0,22,25
2020-10-08,US,Ohio,Auglaize,717,16,0,40.55998859,-84.22421429999999,39011.0,1570.4398107587176,2.2315202231520224,701,701,16,0,685,686,45804,16,0,0,16,15
2020-10-08,US,Ohio,Belmont,733,27,0,40.01625942,-80.9924051,39013.0,1093.9318866967135,3.683492496589359,706,731,27,0,704,729,67505,2,0,0,2,2
2020-10-08,US,Ohio,Brown,303,3,0,38.93416837,-83.86788395,39015.0,697.6422913980475,0.99009900990099,300,302,3,0,299,301,43602,1,0,0,1,1
2020-10-08,US,Ohio,Butler,6911,115,0,39.44012838,-84.57388716,39017.0,1803.8075451408645,1.6640138908985675,6796,6828,114,0,6714,6726,382378,83,1,0,82,102
2020-10-08,US,Ohio,Carroll,168,7,0,40.578968599999996,-81.09178213,39019.0,624.2104480939288,4.166666666666667,161,164,7,0,157,164,27081,4,0,0,4,0
2020-10-08,US,Ohio,Champaign,335,3,0,40.13923427,-83.76875242,39021.0,861.5147229008618,0.8955223880597015,332,333,3,0,330,330,38754,2,0,0,2,3
2020-10-08,US,Ohio,Clark,2048,52,0,39.91592258,-83.78498252,39023.0,1527.412125325358,2.5390625,1996,2010,49,0,1961,1987,134585,38,3,0,35,23
2020-10-08,US,Ohio,Clermont,1924,34,0,39.04847534,-84.15375786,39025.0,932.0441025442284,1.7671517671517671,1890,1887,34,0,1853,1868,205466,37,0,0,37,19
2020-10-08,US,Ohio,Clinton,346,13,0,39.41485808,-83.80852286,39027.0,824.4376667937477,3.757225433526012,333,340,13,0,327,335,42057,6,0,0,6,5
2020-10-08,US,Ohio,Columbiana,2003,86,0,40.76932373,-80.78094576,39029.0,1965.980585573648,4.293559660509237,1917,1998,85,0,1913,1993,102665,5,1,0,4,5
2020-10-08,US,Ohio,Coshocton,252,11,0,40.30096166,-81.91729018,39031.0,688.5245901639345,4.365079365079366,241,246,11,0,235,243,36629,6,0,0,6,3
2020-10-08,US,Ohio,Crawford,294,6,0,40.85065156,-82.91989099,39033.0,708.5361739046609,2.0408163265306123,288,286,6,0,280,281,41550,8,0,0,8,5
2020-10-08,US,Ohio,Cuyahoga,18183,665,0,41.424119,-81.65918339,39035.0,1472.2218623691574,3.657262277951933,17518,18107,665,0,17442,18035,1243857,76,0,0,76,72
2020-10-08,US,Ohio,Darke,964,44,0,40.13412966,-84.6194517,39037.0,1886.0172558840216,4.564315352697094,920,938,44,0,894,916,51323,26,0,0,26,22
2020-10-08,US,Ohio,Defiance,390,13,0,41.32398837,-84.49076944,39039.0,1023.9714338225639,3.333333333333333,377,385,13,0,372,382,38165,5,0,0,5,3
2020-10-08,US,Ohio,Delaware,2511,26,0,40.27942393,-83.00457058,39041.0,1200.4187840919412,1.0354440461967345,2485,2496,26,0,2470,2482,204826,15,0,0,15,14
2020-10-08,US,Ohio,Erie,1022,51,0,41.36796058,-82.62904521,39043.0,1376.1344356771606,4.990215264187867,971,1012,51,0,961,1010,74615,10,0,0,10,2
2020-10-08,US,Ohio,Fairfield,2310,55,0,39.75107189,-82.63088163,39045.0,1465.9778897533856,2.380952380952381,2255,2298,55,0,2243,2277,155782,12,0,0,12,21
2020-10-08,US,Ohio,Fayette,324,7,0,39.56021306,-83.4562016,39047.0,1135.8457493426818,2.1604938271604937,317,318,6,0,312,301,28666,6,1,0,5,17
2020-10-08,US,Ohio,Franklin,28661,633,0,39.96995815,-83.01115755,39049.0,2176.6371294302053,2.2085761138829767,28028,28520,633,0,27887,28291,1310300,141,0,0,141,229
2020-10-08,US,Ohio,Fulton,378,1,0,41.60213491,-84.12571393,39051.0,897.3080757726822,0.2645502645502645,377,371,1,0,370,365,42276,7,0,0,7,6
2020-10-08,US,Ohio,Gallia,235,13,0,38.82708533,-82.31647569,39053.0,786.0057528931703,5.531914893617022,222,232,13,0,219,226,29979,3,0,0,3,6
2020-10-08,US,Ohio,Geauga,755,49,0,41.49952319,-81.17935342,39055.0,806.2018814936625,6.490066225165562,706,753,49,0,704,752,94031,2,0,0,2,1
2020-10-08,US,Ohio,Greene,1774,37,0,39.69116283,-83.89032084,39057.0,1050.095597767215,2.0856820744081173,1737,1722,37,0,1685,1707,167995,52,0,0,52,15
2020-10-08,US,Ohio,Guernsey,192,8,0,40.05026529,-81.49248905,39059.0,493.8906752411576,4.166666666666667,184,190,8,0,182,186,39022,2,0,0,2,4
2020-10-08,US,Ohio,Hamilton,14208,333,0,39.19673558,-84.54502924,39061.0,1738.039054500883,2.34375,13875,14093,333,0,13760,13953,816684,115,0,0,115,140
2020-10-08,US,Ohio,Hancock,849,14,0,41.00250487,-83.66838948,39063.0,1120.3040259688848,1.6489988221436984,835,823,14,0,809,814,75930,26,0,0,26,9
2020-10-08,US,Ohio,Hardin,274,13,0,40.66015414,-83.65929931,39065.0,873.5852064402997,4.744525547445256,261,272,13,0,259,267,31480,2,0,0,2,5
2020-10-08,US,Ohio,Harrison,71,3,0,40.29380509,-81.09068544,39067.0,472.0744680851063,4.225352112676056,68,70,3,0,67,69,15174,1,0,0,1,1
2020-10-08,US,Ohio,Henry,382,17,0,41.333964200000004,-84.06830637,39069.0,1414.5004813745093,4.450261780104712,365,373,17,0,356,367,27086,9,0,0,9,6
2020-10-08,US,Ohio,Highland,281,4,0,39.1839264,-83.60331456,39071.0,651.0507170825514,1.4234875444839858,277,272,4,0,268,262,43058,9,0,0,9,10
2020-10-08,US,Ohio,Hocking,179,9,0,39.49537927,-82.47991446,39073.0,633.3144636286443,5.027932960893856,170,178,9,0,169,176,28385,1,0,0,1,2
2020-10-08,US,Ohio,Holmes,439,10,0,40.56163713,-81.92635677,39075.0,998.6351228389444,2.277904328018223,429,437,10,0,427,429,43892,2,0,0,2,8
2020-10-08,US,Ohio,Huron,636,8,0,41.14651175,-82.59867951,39077.0,1091.5456698589228,1.2578616352201255,628,629,8,0,621,629,58504,7,0,0,7,0
2020-10-08,US,Ohio,Jackson,317,7,0,39.01914254,-82.61818559999998,39079.0,978.0026532564093,2.2082018927444795,310,315,7,0,308,306,32384,2,0,0,2,9
2020-10-08,US,Ohio,Jefferson,380,4,0,40.38614126,-80.76259514,39081.0,581.7068503635668,1.0526315789473684,376,376,4,0,372,362,65767,4,0,0,4,14
2020-10-08,US,Ohio,Knox,311,15,0,40.39830217,-82.42027563,39083.0,499.0212124129522,4.823151125401928,296,305,15,0,290,301,61893,6,0,0,6,4
2020-10-08,US,Ohio,Lake,1729,56,0,41.69710807,-81.23676539,39085.0,751.2524495001062,3.238866396761133,1673,1717,56,0,1661,1711,230514,12,0,0,12,6
2020-10-08,US,Ohio,Lawrence,766,23,0,38.59743452,-82.53466552,39087.0,1288.1960210551101,3.0026109660574414,743,752,22,0,730,748,59866,14,1,0,13,4
2020-10-08,US,Ohio,Licking,2076,65,0,40.09136236,-82.48185785,39089.0,1173.7965193201478,3.131021194605009,2011,2061,65,0,1996,2044,175769,15,0,0,15,17
2020-10-08,US,Ohio,Logan,347,3,0,40.38996525,-83.76784341,39091.0,759.7652828866702,0.8645533141210374,344,347,3,0,344,345,45358,0,0,0,0,2
2020-10-08,US,Ohio,Lorain,2447,89,0,41.29553751,-82.15083537,39093.0,789.7803010008619,3.6371066612178176,2358,2426,89,0,2337,2416,309461,21,0,0,21,10
2020-10-08,US,Ohio,Lucas,7656,369,0,41.62101218,-83.65468618,39095.0,1787.3317956427952,4.8197492163009406,7287,7624,369,0,7255,7595,429899,32,0,0,32,29
2020-10-08,US,Ohio,Madison,940,14,0,39.89381073,-83.40178317,39097.0,2101.450895352217,1.4893617021276595,926,930,14,0,916,922,44413,10,0,0,10,8
2020-10-08,US,Ohio,Mahoning,3316,282,0,41.01631101,-80.77287029,39099.0,1450.0421981520276,8.50422195416164,3034,3289,282,0,3007,3271,229642,27,0,0,27,18
2020-10-08,US,Ohio,Marion,3216,48,0,40.58610662,-83.15736305,39101.0,4940.623415728266,1.492537313432836,3168,3203,48,0,3155,3193,65256,13,0,0,13,10
2020-10-08,US,Ohio,Medina,1584,41,0,41.11770589,-81.89986209999998,39103.0,881.2435325403626,2.5883838383838382,1543,1575,41,0,1534,1570,179146,9,0,0,9,5
2020-10-08,US,Ohio,Meigs,191,12,0,39.09224872,-82.0305041,39105.0,833.8062600951674,6.282722513089006,179,191,12,0,179,189,23106,0,0,0,0,2
2020-10-08,US,Ohio,Mercer,1267,27,0,40.54043046,-84.62912742,39107.0,3077.334110560575,2.1310181531176005,1240,1255,21,0,1234,1242,40959,12,6,0,6,13
2020-10-08,US,Ohio,Miami,1684,56,0,40.0543329,-84.22871271,39109.0,1574.023012141662,3.32541567695962,1628,1643,56,0,1587,1622,106222,41,0,0,41,21
2020-10-08,US,Ohio,Monroe,113,18,0,39.72984936,-81.08464734,39111.0,827.5963087739857,15.929203539823007,95,113,18,0,95,112,13790,0,0,0,0,1
2020-10-08,US,Ohio,Montgomery,8732,182,0,39.75394919,-84.29050975,39113.0,1642.319635424601,2.0842876775080166,8550,8572,182,0,8390,8508,532331,160,0,0,160,64
2020-10-08,US,Ohio,Morgan,55,0,0,39.62081738,-81.85308173,39115.0,379.1011855527985,0.0,55,55,0,0,55,55,14604,0,0,0,0,0
2020-10-08,US,Ohio,Morrow,277,2,0,40.52363560000001,-82.7892599,39117.0,784.080615942029,0.7220216606498195,275,273,2,0,271,273,35112,4,0,0,4,0
2020-10-08,US,Ohio,Muskingum,593,3,0,39.96575964,-81.94363275,39119.0,687.8153453575363,0.5059021922428331,590,583,3,0,580,559,86183,10,0,0,10,24
2020-10-08,US,Ohio,Noble,68,0,0,39.76818851,-81.45937183,39121.0,471.43649473100396,0.0,68,65,0,0,65,60,14354,3,0,0,3,5
2020-10-08,US,Ohio,Ottawa,500,30,0,41.53781826,-83.0940185,39123.0,1233.8062924120916,6.0,470,497,30,0,467,492,40769,3,0,0,3,5
2020-10-08,US,Ohio,Paulding,138,0,0,41.11676341,-84.5801017,39125.0,739.0745501285347,0.0,138,135,0,0,135,135,18760,3,0,0,3,0
2020-10-08,US,Ohio,Perry,325,11,0,39.73508655,-82.23804971,39127.0,899.4298998173465,3.3846153846153846,314,323,11,0,312,319,36033,2,0,0,2,4
2020-10-08,US,Ohio,Pickaway,2749,46,0,39.64170392,-83.0243386,39129.0,4702.601912516892,1.6733357584576207,2703,2748,46,0,2702,2736,58086,1,0,0,1,12
2020-10-08,US,Ohio,Pike,233,0,0,39.07634001,-83.06769584,39131.0,838.974506697393,0.0,233,229,0,0,229,226,28067,4,0,0,4,3
2020-10-08,US,Ohio,Portage,1329,67,0,41.16793482,-81.19735782,39133.0,818.0173082368002,5.041384499623777,1262,1313,67,0,1246,1297,162927,16,0,0,16,16
2020-10-08,US,Ohio,Preble,490,17,0,39.7420247,-84.64787018,39135.0,1198.5714984589795,3.4693877551020407,473,484,17,0,467,480,40997,6,0,0,6,4
2020-10-08,US,Ohio,Putnam,709,27,0,41.02094889,-84.1336111,39137.0,2093.85428664245,3.808180535966149,682,694,27,0,667,682,33780,15,0,0,15,12
2020-10-08,US,Ohio,Richland,1101,20,0,40.77180308,-82.53799609999999,39139.0,908.7607507799993,1.8165304268846505,1081,1092,20,0,1072,1085,121099,9,0,0,9,7
2020-10-08,US,Ohio,Ross,1042,31,0,39.33705391,-83.06000914,39141.0,1359.1422534108992,2.9750479846449136,1011,1029,31,0,998,1001,76931,13,0,0,13,28
2020-10-08,US,Ohio,Sandusky,621,21,0,41.35624126,-83.137872,39143.0,1061.2119347892956,3.3816425120772946,600,618,21,0,597,613,58799,3,0,0,3,5
2020-10-08,US,Ohio,Scioto,627,7,0,38.80270163,-82.98907345,39145.0,832.5145391295111,1.116427432216906,620,617,7,0,610,592,75502,10,0,0,10,25
2020-10-08,US,Ohio,Seneca,519,14,0,41.12351311,-83.12783209,39147.0,940.5922650331654,2.697495183044316,505,514,14,0,500,512,55207,5,0,0,5,2
2020-10-08,US,Ohio,Shelby,758,14,0,40.33163494,-84.20258189,39149.0,1559.9917678534678,1.8469656992084436,744,738,14,0,724,726,48627,20,0,0,20,12
2020-10-08,US,Ohio,Stark,3229,178,0,40.81482476,-81.36437305,39151.0,871.2756944032208,5.512542582842985,3051,3185,178,0,3007,3168,371574,44,0,0,44,17
2020-10-08,US,Ohio,Summit,5753,259,0,41.12464734,-81.53123079,39153.0,1063.3755565947583,4.501998957065879,5494,5710,259,0,5451,5661,541918,43,0,0,43,49
2020-10-08,US,Ohio,Trumbull,2037,133,0,41.31735028,-80.76109643,39155.0,1028.922989887561,6.529209621993128,1904,2024,133,0,1891,2015,198627,13,0,0,13,9
2020-10-08,US,Ohio,Tuscarawas,1031,20,0,40.44214695,-81.47226262,39157.0,1120.8105493167513,1.939864209505335,1011,1013,20,0,993,994,92176,18,0,0,18,19
2020-10-08,US,Ohio,Union,627,2,0,40.30016061,-83.37239023,39159.0,1062.9280531633553,0.3189792663476874,625,618,2,0,616,606,57835,9,0,0,9,12
2020-10-08,US,Ohio,Van Wert,175,3,0,40.8554138,-84.59111700000003,39161.0,618.921308576481,1.7142857142857142,172,159,3,0,156,153,28281,16,0,0,16,6
2020-10-08,US,Ohio,Vinton,62,3,0,39.25208988,-82.4831444,39163.0,473.8249904470768,4.838709677419356,59,61,3,0,58,61,13139,1,0,0,1,0
2020-10-08,US,Ohio,Warren,3414,59,0,39.42581994,-84.16557457,39165.0,1455.2305606942825,1.7281780902167545,3355,3365,59,0,3306,3324,232173,49,0,0,49,41
2020-10-08,US,Ohio,Washington,273,23,0,39.45690571,-81.49121382,39167.0,455.67591928026565,8.424908424908425,250,270,23,0,247,269,60155,3,0,0,3,1
2020-10-08,US,Ohio,Wayne,1019,68,0,40.82925852,-81.88844833,39169.0,880.6499006136031,6.673209028459274,951,1005,68,0,937,989,115967,14,0,0,14,16
2020-10-08,US,Ohio,Williams,251,3,0,41.56052014,-84.58429552,39171.0,684.0728224136053,1.195219123505976,248,246,3,0,243,243,36804,5,0,0,5,3
2020-10-08,US,Ohio,Wood,2189,81,0,41.36224827,-83.62285108,39173.0,1673.3299188943329,3.700319780721791,2108,2171,81,0,2090,2157,130696,18,0,0,18,14
2020-10-08,US,Ohio,Wyandot,233,13,0,40.84339621,-83.30734173,39175.0,1070.1818849898953,5.579399141630901,220,228,13,0,215,226,21935,5,0,0,5,2
2020-10-08,US,Oklahoma,Adair,673,10,0,35.88494195,-94.65859267,40001.0,3032.351085879067,1.4858841010401191,663,666,10,0,656,663,22082,7,0,0,7,3
2020-10-08,US,Oklahoma,Alfalfa,83,0,0,36.73090616,-98.32408495,40003.0,1455.629603647843,0.0,83,81,0,0,81,81,5754,2,0,0,2,0
2020-10-08,US,Oklahoma,Atoka,350,1,0,34.37366573,-96.03802487,40005.0,2543.9744148858845,0.2857142857142857,349,347,1,0,346,344,13838,3,0,0,3,3
2020-10-08,US,Oklahoma,Beaver,67,0,0,36.7496847,-100.4758872,40007.0,1261.5326680474484,0.0,67,66,0,0,66,64,5319,1,0,0,1,2
2020-10-08,US,Oklahoma,Beckham,673,8,0,35.26862449,-99.68128023,40009.0,3078.823367949129,1.188707280832095,665,665,8,0,657,659,21709,8,0,0,8,6
2020-10-08,US,Oklahoma,Blaine,148,1,0,35.87518314,-98.43307003,40011.0,1569.625623077739,0.6756756756756757,147,145,1,0,144,148,9485,3,0,0,3,-3
2020-10-08,US,Oklahoma,Bryan,1132,5,0,33.96472458,-96.25903472,40013.0,2358.5790186477757,0.4416961130742049,1127,1108,5,0,1103,1102,47192,24,0,0,24,6
2020-10-08,US,Oklahoma,Caddo,919,21,0,35.17364557,-98.37534464,40015.0,3195.188095403658,2.2850924918389555,898,906,21,0,885,899,28977,13,0,0,13,7
2020-10-08,US,Oklahoma,Canadian,2716,17,0,35.5426055,-97.98465569,40017.0,1831.3486979623208,0.625920471281296,2699,2648,17,0,2631,2594,144447,68,0,0,68,54
2020-10-08,US,Oklahoma,Carter,626,9,0,34.25103751,-97.28552485,40019.0,1301.1577393943173,1.437699680511182,617,620,9,0,611,614,48177,6,0,0,6,6
2020-10-08,US,Oklahoma,Cherokee,1206,8,0,35.90692775,-94.99980896,40021.0,2478.574511375547,0.6633499170812603,1198,1190,8,0,1182,1186,48675,16,0,0,16,4
2020-10-08,US,Oklahoma,Choctaw,363,2,0,34.02807439,-95.54771129,40023.0,2474.1003271537625,0.5509641873278237,361,357,2,0,355,354,14668,6,0,0,6,3
2020-10-08,US,Oklahoma,Cimarron,31,0,0,36.74817177,-102.5173885,40025.0,1450.6317267197005,0.0,31,27,0,0,27,28,2153,4,0,0,4,-1
2020-10-08,US,Oklahoma,Cleveland,6734,81,0,35.20413532,-97.32519562,40027.0,2371.009879794658,1.2028512028512028,6653,6654,78,0,6576,6587,281669,80,3,0,77,67
2020-10-08,US,Oklahoma,Coal,75,0,0,34.58840127,-96.29798747,40029.0,1364.877161055505,0.0,75,75,0,0,75,75,5520,0,0,0,0,0
2020-10-08,US,Oklahoma,Comanche,1839,13,0,34.65973764,-98.47195055,40031.0,1522.9939792462048,0.7069059271343121,1826,1812,13,0,1799,1808,120422,27,0,0,27,4
2020-10-08,US,Oklahoma,Cotton,75,3,0,34.28845626,-98.37053567,40033.0,1323.685139428168,4.0,72,74,3,0,71,74,5776,1,0,0,1,0
2020-10-08,US,Oklahoma,Craig,551,1,0,36.76268118,-95.20916602,40035.0,3896.1957290340833,0.18148820326678766,550,535,1,0,534,533,14306,16,0,0,16,2
2020-10-08,US,Oklahoma,Creek,1305,35,0,35.90230551,-96.37086028,40037.0,1824.613405665389,2.681992337164751,1270,1296,35,0,1261,1280,71604,9,0,0,9,16
2020-10-08,US,Oklahoma,Custer,841,1,0,35.63853802,-99.00170785,40039.0,2899.7000310312733,0.11890606420927467,840,827,1,0,826,819,29036,14,0,0,14,8
2020-10-08,US,Oklahoma,Delaware,947,26,0,36.40823634,-94.80325046,40041.0,2201.864725987584,2.7455121436114043,921,905,26,0,879,881,42733,42,0,0,42,24
2020-10-08,US,Oklahoma,Dewey,74,1,0,35.98772922,-99.00730714,40043.0,1512.9830300552035,1.351351351351351,73,73,1,0,72,73,4894,1,0,0,1,0
2020-10-08,US,Oklahoma,Ellis,15,0,0,36.218019399999996,-99.75324573,40045.0,388.7017362010884,0.0,15,15,0,0,15,15,3952,0,0,0,0,0
2020-10-08,US,Oklahoma,Garfield,1971,22,0,36.3791334,-97.78265517,40047.0,3228.183962264151,1.1161846778285134,1949,1922,22,0,1900,1908,60913,49,0,0,49,14
2020-10-08,US,Oklahoma,Garvin,446,5,0,34.70418038,-97.30811132,40049.0,1609.4691638699433,1.1210762331838564,441,433,5,0,428,425,27811,13,0,0,13,8
2020-10-08,US,Oklahoma,Grady,1286,11,0,35.0167709,-97.88339847,40051.0,2303.256080524412,0.8553654743390358,1275,1265,11,0,1254,1248,55551,21,0,0,21,17
2020-10-08,US,Oklahoma,Grant,58,1,0,36.796296999999996,-97.78638765,40053.0,1338.5645049619204,1.7241379310344829,57,55,1,0,54,55,4326,3,0,0,3,0
2020-10-08,US,Oklahoma,Greer,119,8,0,34.93535801,-99.56056120000001,40055.0,2083.333333333333,6.722689075630252,111,118,8,0,110,116,5821,1,0,0,1,2
2020-10-08,US,Oklahoma,Harmon,54,0,0,34.7440135,-99.84741652,40057.0,2035.4315868827741,0.0,54,53,0,0,53,53,2664,1,0,0,1,0
2020-10-08,US,Oklahoma,Harper,35,1,0,36.78836519,-99.6679804,40059.0,949.0238611713664,2.8571428571428568,34,33,1,0,32,32,3797,2,0,0,2,1
2020-10-08,US,Oklahoma,Haskell,316,4,0,35.22257600000001,-95.11513306,40061.0,2502.573849687178,1.2658227848101269,312,309,4,0,305,308,12668,7,0,0,7,1
2020-10-08,US,Oklahoma,Hughes,317,4,0,35.04912569,-96.24921145,40063.0,2387.2279539121923,1.2618296529968454,313,315,4,0,311,307,13335,2,0,0,2,8
2020-10-08,US,Oklahoma,Jackson,893,10,0,34.58781741,-99.41138784,40065.0,3640.4402772115777,1.1198208286674132,883,870,10,0,860,861,24949,23,0,0,23,9
2020-10-08,US,Oklahoma,Jefferson,54,0,0,34.11130184,-97.83182974,40067.0,899.7000999666777,0.0,54,52,0,0,52,51,6123,2,0,0,2,1
2020-10-08,US,Oklahoma,Johnston,228,4,0,34.31440473,-96.66011537,40069.0,2056.833558863329,1.7543859649122806,224,226,4,0,222,225,10949,2,0,0,2,1
2020-10-08,US,Oklahoma,Kay,725,15,0,36.81799745,-97.14421435,40071.0,1665.2119987137673,2.0689655172413794,710,716,15,0,701,708,44161,9,0,0,9,8
2020-10-08,US,Oklahoma,Kingfisher,427,2,0,35.94530008,-97.94193268,40073.0,2708.5315572470668,0.468384074941452,425,418,2,0,416,414,15816,9,0,0,9,4
2020-10-08,US,Oklahoma,Kiowa,104,2,0,34.91671958,-98.97720696,40075.0,1194.3040881947634,1.9230769230769231,102,99,2,0,97,92,8729,5,0,0,5,7
2020-10-08,US,Oklahoma,Latimer,156,2,0,34.87844729,-95.25215049,40077.0,1548.6945299315,1.2820512820512822,154,154,2,0,152,152,10231,2,0,0,2,2
2020-10-08,US,Oklahoma,Le Flore,1337,21,0,34.89851864,-94.70392124,40079.0,2681.8847411389484,1.5706806282722514,1316,1324,20,0,1304,1308,49980,13,1,0,12,16
2020-10-08,US,Oklahoma,Lincoln,574,10,0,35.70270942,-96.8812462,40081.0,1645.7837543366684,1.7421602787456445,564,566,10,0,556,563,34920,8,0,0,8,3
2020-10-08,US,Oklahoma,Logan,611,2,0,35.91899576,-97.44352845,40083.0,1272.62502343213,0.3273322422258593,609,601,2,0,599,586,47291,10,0,0,10,15
2020-10-08,US,Oklahoma,Love,224,1,0,33.95273467,-97.23906784,40085.0,2184.7264215351606,0.44642857142857145,223,223,1,0,222,221,10134,1,0,0,1,2
2020-10-08,US,Oklahoma,Major,111,2,0,36.31149996,-98.53467076,40093.0,1454.9744396382223,1.8018018018018016,109,103,2,0,101,104,7644,8,0,0,8,-1
2020-10-08,US,Oklahoma,Marshall,201,2,0,34.02311222,-96.76855464,40095.0,1187.1714606343394,0.9950248756218906,199,201,2,0,199,200,16806,0,0,0,0,1
2020-10-08,US,Oklahoma,Mayes,773,11,0,36.30179091,-95.23175116,40097.0,1880.7785888077856,1.423027166882277,762,761,11,0,750,753,41107,12,0,0,12,8
2020-10-08,US,Oklahoma,McClain,1003,7,0,35.01123903,-97.44572302,40087.0,2478.1341107871717,0.6979062811565304,996,987,7,0,980,970,39985,16,0,0,16,17
2020-10-08,US,Oklahoma,McCurtain,1381,35,0,34.11664328,-94.77222373,40089.0,4206.262183235866,2.534395365677045,1346,1368,35,0,1333,1359,32703,13,0,0,13,9
2020-10-08,US,Oklahoma,McIntosh,383,8,0,35.37235506,-95.66599306,40091.0,1954.4805062257608,2.0887728459530033,375,376,7,0,369,373,19815,7,1,0,6,3
2020-10-08,US,Oklahoma,Murray,191,2,0,34.48116015,-97.06826283,40099.0,1357.208839621971,1.0471204188481675,189,185,2,0,183,177,13953,6,0,0,6,8
2020-10-08,US,Oklahoma,Muskogee,2021,25,0,35.61318461,-95.37802952,40101.0,2972.189949556598,1.2370113805047007,1996,1997,25,0,1972,1987,68362,24,0,0,24,10
2020-10-08,US,Oklahoma,Noble,162,3,0,36.38953329,-97.22928674,40103.0,1455.3948432306174,1.851851851851852,159,163,3,0,160,162,11289,-1,0,0,-1,1
2020-10-08,US,Oklahoma,Nowata,163,4,0,36.79843529,-95.61902331,40105.0,1617.7054386661373,2.4539877300613497,159,160,4,0,156,152,10218,3,0,0,3,8
2020-10-08,US,Oklahoma,Okfuskee,190,5,0,35.46485198,-96.32639984,40107.0,1584.2574835320606,2.631578947368421,185,189,5,0,184,183,12098,1,0,0,1,6
2020-10-08,US,Oklahoma,Oklahoma,19736,200,0,35.55140095,-97.40716948,40109.0,2474.9383648051125,1.0133765707336846,19536,19537,200,0,19337,19307,792582,199,0,0,199,230
2020-10-08,US,Oklahoma,Okmulgee,931,8,0,35.64661916,-95.96432828,40111.0,2420.3821656050955,0.8592910848549946,923,911,8,0,903,899,38335,20,0,0,20,12
2020-10-08,US,Oklahoma,Osage,1193,13,0,36.62888819,-96.39635704,40113.0,2540.2976811532485,1.0896898575020957,1180,1183,13,0,1170,1168,47014,10,0,0,10,15
2020-10-08,US,Oklahoma,Ottawa,980,7,0,36.83532655,-94.81011909,40115.0,3148.3920711922124,0.7142857142857143,973,961,7,0,954,936,31175,19,0,0,19,25
2020-10-08,US,Oklahoma,Pawnee,275,5,0,36.31743373,-96.70331759999999,40117.0,1679.2867611138254,1.818181818181818,270,274,5,0,269,266,16390,1,0,0,1,8
2020-10-08,US,Oklahoma,Payne,2492,7,0,36.07695283,-96.97584944,40119.0,3047.050767876357,0.2808988764044944,2485,2471,7,0,2464,2460,82040,21,0,0,21,11
2020-10-08,US,Oklahoma,Pittsburg,1022,20,0,34.92065823,-95.75134320000001,40121.0,2341.1371237458193,1.9569471624266144,1002,1018,20,0,998,1012,43877,4,0,0,4,6
2020-10-08,US,Oklahoma,Pontotoc,520,3,0,34.72959848,-96.68337199,40123.0,1358.2697732734302,0.5769230769230769,517,507,3,0,504,495,38247,13,0,0,13,12
2020-10-08,US,Oklahoma,Pottawatomie,1664,11,0,35.20614018,-96.94923008,40125.0,2292.2636103151863,0.6610576923076923,1653,1649,11,0,1638,1584,72679,15,0,0,15,65
2020-10-08,US,Oklahoma,Pushmataha,212,3,0,34.41635232,-95.37603505,40127.0,1910.5984138428266,1.4150943396226414,209,208,2,0,206,203,11179,4,1,0,3,5
2020-10-08,US,Oklahoma,Roger Mills,75,1,0,35.68711719,-99.69666167,40129.0,2093.2179737650013,1.3333333333333333,74,74,1,0,73,73,3656,1,0,0,1,1
2020-10-08,US,Oklahoma,Rogers,2062,53,0,36.37004357,-95.60406759,40131.0,2230.177700386117,2.5703200775945683,2009,2040,52,0,1988,2025,91984,22,1,0,21,15
2020-10-08,US,Oklahoma,Seminole,576,6,0,35.16478725,-96.61686741,40133.0,2374.474400197873,1.0416666666666667,570,559,6,0,553,542,24578,17,0,0,17,17
2020-10-08,US,Oklahoma,Sequoyah,1022,12,0,35.49447108,-94.75463785,40135.0,2458.5628713704928,1.1741682974559686,1010,1012,12,0,1000,997,41179,10,0,0,10,15
2020-10-08,US,Oklahoma,Stephens,508,5,0,34.48556989,-97.85141892,40137.0,1177.4795447697193,0.9842519685039369,503,489,5,0,484,485,43265,19,0,0,19,4
2020-10-08,US,Oklahoma,Texas,1650,10,0,36.74777635,-101.4889765,40139.0,8257.01846569584,0.6060606060606061,1640,1640,10,0,1630,1630,20455,10,0,0,10,10
2020-10-08,US,Oklahoma,Tillman,120,2,0,34.37288446,-98.92426619,40141.0,1655.1724137931037,1.6666666666666667,118,111,2,0,109,111,7348,9,0,0,9,0
2020-10-08,US,Oklahoma,Tulsa,18484,175,0,36.11939621,-95.94013939,40143.0,2836.9186189283428,0.9467647695304048,18309,18305,172,0,18133,18182,648360,179,3,0,176,123
2020-10-08,US,Oklahoma,Unassigned,25,0,0,0.0,0.0,90040.0,0.0,0.0,25,36,0,0,36,42,,-11,0,0,-11,-6
2020-10-08,US,Oklahoma,Wagoner,1614,26,0,35.96024096,-95.51911308,40145.0,1985.508494384234,1.6109045848822798,1588,1604,26,0,1578,1588,80110,10,0,0,10,16
2020-10-08,US,Oklahoma,Washington,1073,41,0,36.71380786,-95.90514104,40147.0,2082.40340015914,3.821062441752096,1032,1065,41,0,1024,1049,51843,8,0,0,8,16
2020-10-08,US,Oklahoma,Washita,111,0,0,35.29071824,-98.99180434,40149.0,1016.8559912055698,0.0,111,106,0,0,106,106,11127,5,0,0,5,0
2020-10-08,US,Oklahoma,Woods,120,0,0,36.76705782,-98.86573064,40151.0,1364.721937905152,0.0,120,120,0,0,120,118,8897,0,0,0,0,2
2020-10-08,US,Oklahoma,Woodward,1142,5,0,36.42316318,-99.26283045,40153.0,5650.388402355153,0.4378283712784589,1137,1138,5,0,1133,1134,20222,4,0,0,4,4
2020-10-08,US,Oregon,Baker,106,2,0,44.70915557,-117.6749883,41001.0,657.4051103944431,1.8867924528301887,104,105,2,0,103,102,16006,1,0,0,1,3
2020-10-08,US,Oregon,Benton,374,6,0,44.49167306,-123.4316987,41003.0,401.9214856049778,1.60427807486631,368,363,6,0,357,359,92101,11,0,0,11,4
2020-10-08,US,Oregon,Clackamas,2645,64,0,45.18787398,-122.2179634,41005.0,632.4921625971158,2.4196597353497165,2581,2616,64,0,2552,2595,416075,29,0,0,29,21
2020-10-08,US,Oregon,Clatsop,228,0,0,45.99712889,-123.660711,41007.0,566.8257756563246,0.0,228,228,0,0,228,228,39764,0,0,0,0,0
2020-10-08,US,Oregon,Columbia,224,1,0,45.94464254,-123.08908980000001,41009.0,427.8565152614891,0.44642857142857145,223,217,1,0,216,210,52377,7,0,0,7,7
2020-10-08,US,Oregon,Coos,193,0,0,43.17406868,-124.0594514,41011.0,299.28512723494663,0.0,193,192,0,0,192,186,64389,1,0,0,1,6
2020-10-08,US,Oregon,Crook,65,1,0,44.14230227,-120.356297,41013.0,266.3497787247992,1.5384615384615383,64,65,1,0,64,64,23867,0,0,0,0,1
2020-10-08,US,Oregon,Curry,33,0,0,42.45911325,-124.15728200000001,41015.0,143.94765539803709,0.0,33,32,0,0,32,32,22813,1,0,0,1,0
2020-10-08,US,Oregon,Deschutes,954,13,0,43.91570171,-121.2289121,41017.0,482.5688444651277,1.3626834381551365,941,938,13,0,925,928,191996,16,0,0,16,10
2020-10-08,US,Oregon,Douglas,275,4,0,43.27941273,-123.16729099999999,41019.0,247.79239502613083,1.4545454545454546,271,265,4,0,261,262,110283,10,0,0,10,3
2020-10-08,US,Oregon,Gilliam,9,0,0,45.37160076,-120.20488689999999,41021.0,470.7112970711297,0.0,9,8,0,0,8,8,1894,1,0,0,1,0
2020-10-08,US,Oregon,Grant,10,0,0,44.49024544,-119.0068631,41023.0,138.90818169190166,0.0,10,10,0,0,10,10,7176,0,0,0,0,0
2020-10-08,US,Oregon,Harney,12,0,0,43.06422669,-118.96663059999999,41025.0,162.31570404436633,0.0,12,12,0,0,12,12,7329,0,0,0,0,0
2020-10-08,US,Oregon,Hood River,258,0,0,45.51872811,-121.65520359999998,41027.0,1103.4128817038747,0.0,258,255,0,0,255,255,23428,3,0,0,3,0
2020-10-08,US,Oregon,Jackson,1311,6,0,42.43201126,-122.72893090000001,41029.0,593.3630241147079,0.4576659038901602,1305,1295,6,0,1289,1275,219564,16,0,0,16,20
2020-10-08,US,Oregon,Jefferson,579,8,0,44.62806839,-121.17832,41031.0,2348.122313245194,1.381692573402418,571,568,8,0,560,567,24192,11,0,0,11,1
2020-10-08,US,Oregon,Josephine,229,2,0,42.3665549,-123.5561938,41033.0,261.7531747573925,0.8733624454148472,227,228,2,0,226,222,87393,1,0,0,1,6
2020-10-08,US,Oregon,Klamath,365,3,0,42.68762984,-121.64964609999998,41035.0,534.8925818458923,0.821917808219178,362,308,3,0,305,306,67653,57,0,0,57,2
2020-10-08,US,Oregon,Lake,34,0,0,42.79246693,-120.38501629999999,41037.0,432.0752319227348,0.0,34,34,0,0,34,33,7879,0,0,0,0,1
2020-10-08,US,Oregon,Lane,1674,20,0,43.93727035,-122.847753,41039.0,438.143048208822,1.1947431302270013,1654,1603,19,0,1584,1551,379611,71,1,0,70,52
2020-10-08,US,Oregon,Lincoln,492,13,0,44.64252874,-123.86991200000001,41041.0,984.748408790681,2.6422764227642275,479,489,13,0,476,488,49388,3,0,0,3,1
2020-10-08,US,Oregon,Linn,630,14,0,44.48899494,-122.53731540000001,41043.0,485.552875166668,2.2222222222222223,616,611,13,0,598,580,127335,19,1,0,18,31
2020-10-08,US,Oregon,Malheur,1730,33,0,43.1937027,-117.62273950000001,41045.0,5658.957835857512,1.9075144508670518,1697,1714,33,0,1681,1709,30725,16,0,0,16,5
2020-10-08,US,Oregon,Marion,5059,101,0,44.90287942,-122.58151170000001,41047.0,1454.4963170393717,1.9964419845819328,4958,5034,101,0,4933,5010,346868,25,0,0,25,24
2020-10-08,US,Oregon,Morrow,529,6,0,45.41846568,-119.584546,41049.0,4559.165733000086,1.1342155009451795,523,524,6,0,518,523,11372,5,0,0,5,1
2020-10-08,US,Oregon,Multnomah,7746,145,0,45.54747959,-122.4169351,41051.0,952.9374857754456,1.871933901368448,7601,7665,145,0,7520,7623,811880,81,0,0,81,42
2020-10-08,US,Oregon,Polk,574,15,0,44.90322804,-123.4128888,41053.0,666.7828309229251,2.6132404181184667,559,570,15,0,555,567,85234,4,0,0,4,3
2020-10-08,US,Oregon,Sherman,18,0,0,45.41501554,-120.6827834,41055.0,1011.2359550561798,0.0,18,18,0,0,18,18,1708,0,0,0,0,0
2020-10-08,US,Oregon,Tillamook,59,0,0,45.46248721,-123.712066,41057.0,218.2275484539133,0.0,59,59,0,0,59,54,26787,0,0,0,0,5
2020-10-08,US,Oregon,Umatilla,3138,42,0,45.59073056,-118.7353826,41059.0,4025.6574727389348,1.338432122370937,3096,3120,42,0,3078,3108,77516,18,0,0,18,12
2020-10-08,US,Oregon,Union,449,2,0,45.30915495,-118.0068979,41061.0,1673.188000745295,0.44543429844098004,447,447,2,0,445,447,26461,2,0,0,2,0
2020-10-08,US,Oregon,Wallowa,36,1,0,45.57894064,-117.18353799999998,41063.0,499.4450610432852,2.7777777777777777,35,36,1,0,35,34,7081,0,0,0,0,2
2020-10-08,US,Oregon,Wasco,313,13,0,45.16292781,-121.16709540000001,41065.0,1173.075481598081,4.15335463258786,300,310,6,0,304,306,26505,3,7,0,-4,4
2020-10-08,US,Oregon,Washington,4921,65,0,45.55972701,-123.0955257,41067.0,817.9962499501323,1.3208697419223736,4856,4863,63,0,4800,4840,597695,58,2,0,56,23
2020-10-08,US,Oregon,Yamhill,844,14,0,45.23330449,-123.3086963,41071.0,788.0485527544351,1.6587677725118484,830,832,14,0,818,827,107002,12,0,0,12,5
2020-10-08,US,Pennsylvania,Adams,910,26,0,39.87140411,-77.21610347,42001.0,883.4179537710298,2.8571428571428568,884,897,26,0,871,891,102811,13,0,0,13,6
2020-10-08,US,Pennsylvania,Allegheny,13024,371,0,40.46809875,-79.98167747,42003.0,1071.0129970519183,2.848587223587224,12653,12897,370,0,12527,12854,1218452,127,1,0,126,43
2020-10-08,US,Pennsylvania,Armstrong,484,18,0,40.81665618,-79.46290811,42005.0,747.6635514018692,3.71900826446281,466,476,18,0,458,473,65263,8,0,0,8,3
2020-10-08,US,Pennsylvania,Beaver,2007,132,0,40.6825484,-80.34921611,42007.0,1224.3105246783666,6.576980568011957,1875,1995,132,0,1863,1993,164742,12,0,0,12,2
2020-10-08,US,Pennsylvania,Bedford,273,6,0,40.00522157,-78.48998442,42009.0,570.0801871032409,2.1978021978021984,267,269,6,0,263,264,48176,4,0,0,4,5
2020-10-08,US,Pennsylvania,Berks,7564,404,0,40.41570541,-75.92457766,42011.0,1795.9749646218577,5.341089370703331,7160,7489,402,0,7087,7420,420152,75,2,0,73,69
2020-10-08,US,Pennsylvania,Blair,837,19,0,40.47961444,-78.34917412,42013.0,687.0285400027908,2.2700119474313016,818,827,19,0,808,810,122492,10,0,0,10,17
2020-10-08,US,Pennsylvania,Bradford,279,6,0,41.78869215,-76.51570822,42015.0,462.5101536727285,2.150537634408602,273,274,6,0,268,258,60833,5,0,0,5,16
2020-10-08,US,Pennsylvania,Bucks,9172,621,0,40.33682119,-75.10836643,42017.0,1459.8818979101345,6.7706061927605745,8551,9136,619,0,8517,9086,628195,36,2,0,34,50
2020-10-08,US,Pennsylvania,Butler,1199,25,0,40.91152759,-79.91351055,42019.0,638.2650263770075,2.0850708924103416,1174,1175,25,0,1150,1150,187888,24,0,0,24,25
2020-10-08,US,Pennsylvania,Cambria,705,7,0,40.49527404,-78.71377428,42021.0,541.5079267543322,0.9929078014184396,698,701,7,0,694,667,131730,4,0,0,4,34
2020-10-08,US,Pennsylvania,Cameron,8,0,0,41.43625568,-78.20376845,42023.0,179.89655947830002,0.0,8,8,0,0,8,8,4492,0,0,0,0,0
2020-10-08,US,Pennsylvania,Carbon,492,29,0,40.91545395,-75.7068525,42025.0,766.5700663737497,5.894308943089431,463,485,29,0,456,482,64227,7,0,0,7,3
2020-10-08,US,Pennsylvania,Centre,3291,12,0,40.92058903,-77.82200624,42027.0,2026.665024478862,0.3646308113035551,3279,3197,11,0,3186,3171,162805,94,1,0,93,26
2020-10-08,US,Pennsylvania,Chester,7243,371,0,39.97291773,-75.74768357,42029.0,1379.6479545285708,5.122186939113627,6872,7202,371,0,6831,7155,522046,41,0,0,41,47
2020-10-08,US,Pennsylvania,Clarion,150,3,0,41.19265812,-79.42413524,42031.0,390.23882616161086,2.0,147,145,3,0,142,142,38779,5,0,0,5,3
2020-10-08,US,Pennsylvania,Clearfield,350,7,0,41.00110782,-78.47592663,42033.0,441.6125165604694,2.0,343,349,7,0,342,347,79388,1,0,0,1,2
2020-10-08,US,Pennsylvania,Clinton,219,6,0,41.23255967,-77.63785995,42035.0,566.8875543590807,2.7397260273972597,213,218,6,0,212,217,38684,1,0,0,1,1
2020-10-08,US,Pennsylvania,Columbia,976,36,0,41.04821986,-76.40565017,42037.0,1502.3705436857335,3.6885245901639343,940,966,36,0,930,962,65456,10,0,0,10,4
2020-10-08,US,Pennsylvania,Crawford,334,3,0,41.68447709,-80.10760592,42039.0,394.66376773919103,0.8982035928143712,331,332,3,0,329,331,85063,2,0,0,2,1
2020-10-08,US,Pennsylvania,Cumberland,2021,77,0,40.1625372,-77.26130755,42041.0,797.6477088842404,3.809995051954478,1944,2004,77,0,1927,1991,251423,17,0,0,17,13
2020-10-08,US,Pennsylvania,Dauphin,4048,183,0,40.41377078,-76.77993242,42043.0,1454.5506811019802,4.520750988142293,3865,4013,182,0,3831,3982,277097,35,1,0,34,31
2020-10-08,US,Pennsylvania,Delaware,11912,758,0,39.91680171,-75.40243663,42045.0,2101.8196832096155,6.363331094694426,11154,11857,758,0,11099,11772,564751,55,0,0,55,85
2020-10-08,US,Pennsylvania,Elk,81,2,0,41.42822061,-78.64524744,42047.0,270.8124373119358,2.469135802469136,79,78,2,0,76,78,30169,3,0,0,3,0
2020-10-08,US,Pennsylvania,Erie,1707,39,0,41.99253829,-80.03301954,42049.0,632.8597698422112,2.2847100175746924,1668,1694,39,0,1655,1673,272061,13,0,0,13,21
2020-10-08,US,Pennsylvania,Fayette,850,8,0,39.92041012,-79.64291195,42051.0,657.51813976515,0.9411764705882352,842,849,8,0,841,845,130441,1,0,0,1,4
2020-10-08,US,Pennsylvania,Forest,15,1,0,41.51095103,-79.23229292,42053.0,206.9821995308404,6.666666666666668,14,15,1,0,14,15,7279,0,0,0,0,0
2020-10-08,US,Pennsylvania,Franklin,1869,52,0,39.92956518,-77.72157791,42055.0,1205.5964444903145,2.7822364901016585,1817,1855,52,0,1803,1847,154835,14,0,0,14,8
2020-10-08,US,Pennsylvania,Fulton,57,2,0,39.92913544,-78.11163677,42057.0,392.2918100481762,3.5087719298245608,55,56,2,0,54,55,14523,1,0,0,1,1
2020-10-08,US,Pennsylvania,Greene,198,1,0,39.85746531,-80.22357106,42059.0,546.4631689343968,0.5050505050505051,197,197,1,0,196,195,36506,1,0,0,1,2
2020-10-08,US,Pennsylvania,Huntingdon,500,6,0,40.42162652,-77.97673273,42061.0,1107.5668970405814,1.2,494,494,6,0,488,449,45168,6,0,0,6,45
2020-10-08,US,Pennsylvania,Indiana,819,13,0,40.65241041,-79.08963285,42063.0,974.1534142947197,1.5873015873015872,806,813,12,0,801,797,84501,6,1,0,5,16
2020-10-08,US,Pennsylvania,Jefferson,126,3,0,41.12913106,-78.9986361,42065.0,290.15544041450784,2.380952380952381,123,123,3,0,120,121,43641,3,0,0,3,2
2020-10-08,US,Pennsylvania,Juniata,199,8,0,40.53358749,-77.39975129999998,42067.0,803.618301498203,4.0201005025125625,191,199,8,0,191,199,24704,0,0,0,0,0
2020-10-08,US,Pennsylvania,Lackawanna,2799,216,0,41.43564672,-75.60379201,42069.0,1334.92946192661,7.717041800643088,2583,2769,216,0,2553,2747,210793,30,0,0,30,22
2020-10-08,US,Pennsylvania,Lancaster,8368,462,0,40.03904563,-76.24770128,42071.0,1533.3758456655746,5.5210325047801145,7906,8317,461,0,7856,8257,543557,51,1,0,50,60
2020-10-08,US,Pennsylvania,Lawrence,593,23,0,40.99206278,-80.33393706,42073.0,693.4699223500795,3.87858347386172,570,568,23,0,545,564,86184,25,0,0,25,4
2020-10-08,US,Pennsylvania,Lebanon,2245,62,0,40.36680311,-76.45651841,42075.0,1583.293956683334,2.7616926503340755,2183,2211,62,0,2149,2181,141314,34,0,0,34,30
2020-10-08,US,Pennsylvania,Lehigh,5875,357,0,40.6154815,-75.59435245,42077.0,1590.7700139175454,6.076595744680851,5518,5850,357,0,5493,5805,368100,25,0,0,25,45
2020-10-08,US,Pennsylvania,Luzerne,4277,190,0,41.17823008,-75.98447579,42079.0,1347.4388580321786,4.442366144493804,4087,4252,190,0,4062,4222,317646,25,0,0,25,30
2020-10-08,US,Pennsylvania,Lycoming,795,26,0,41.34310539,-77.06629984,42081.0,701.683156956372,3.2704402515723263,769,771,26,0,745,753,113664,24,0,0,24,18
2020-10-08,US,Pennsylvania,McKean,66,2,0,41.80938602,-78.56478358,42083.0,162.46153846153842,3.0303030303030303,64,63,2,0,61,63,40968,3,0,0,3,0
2020-10-08,US,Pennsylvania,Mercer,797,24,0,41.30248872,-80.25816981,42085.0,728.3594092703612,3.01129234629862,773,785,23,0,762,784,110683,12,1,0,11,1
2020-10-08,US,Pennsylvania,Mifflin,257,2,0,40.61116939,-77.61070738,42087.0,557.0245784385971,0.7782101167315175,255,252,2,0,250,248,46222,5,0,0,5,4
2020-10-08,US,Pennsylvania,Monroe,1848,134,0,41.05934058,-75.34031025,42089.0,1085.3286819246964,7.251082251082251,1714,1846,134,0,1712,1831,169507,2,0,0,2,15
2020-10-08,US,Pennsylvania,Montgomery,12645,886,0,40.21053671,-75.36652296,42091.0,1521.8163109343313,7.00672202451562,11759,12591,886,0,11705,12543,828604,54,0,0,54,48
2020-10-08,US,Pennsylvania,Montour,226,5,0,41.03023987,-76.66345939,42093.0,1239.7147558968734,2.2123893805309733,221,219,5,0,214,218,18240,7,0,0,7,1
2020-10-08,US,Pennsylvania,Northampton,4714,307,0,40.75182733,-75.30471829,42095.0,1544.1308940825784,6.512515910055156,4407,4684,306,0,4378,4638,304807,30,1,0,29,46
2020-10-08,US,Pennsylvania,Northumberland,1227,73,0,40.84785433,-76.70798222,42097.0,1350.681945774578,5.949470252648736,1154,1211,71,0,1140,1151,91083,16,2,0,14,60
2020-10-08,US,Pennsylvania,Perry,257,6,0,40.40206612,-77.26297447,42099.0,555.411479944675,2.3346303501945527,251,255,6,0,249,252,46139,2,0,0,2,3
2020-10-08,US,Pennsylvania,Philadelphia,38515,1817,0,40.00338507,-75.1379271,42101.0,2431.404286695487,4.71764247695703,36698,38264,1817,0,36447,38083,1584138,251,0,0,251,181
2020-10-08,US,Pennsylvania,Pike,600,22,0,41.33155042,-75.03208106,42103.0,1075.0954147180562,3.6666666666666665,578,597,22,0,575,596,55933,3,0,0,3,1
2020-10-08,US,Pennsylvania,Potter,34,0,0,41.74471626,-77.89559864,42105.0,205.7364153455161,0.0,34,34,0,0,34,31,16622,0,0,0,0,3
2020-10-08,US,Pennsylvania,Schuylkill,1320,61,0,40.70497338,-76.2150785,42107.0,933.7926838758057,4.621212121212121,1259,1308,60,0,1248,1297,142067,12,1,0,11,11
2020-10-08,US,Pennsylvania,Snyder,408,10,0,40.77129231,-77.06840691,42109.0,1010.6014069156842,2.4509803921568634,398,407,10,0,397,403,40540,1,0,0,1,4
2020-10-08,US,Pennsylvania,Somerset,259,3,0,39.97172723,-79.02699593,42111.0,352.635233569785,1.1583011583011582,256,246,3,0,243,239,73952,13,0,0,13,7
2020-10-08,US,Pennsylvania,Sullivan,15,0,0,41.44634738,-76.51246591,42113.0,247.27992087042526,0.0,15,15,0,0,15,15,6071,0,0,0,0,0
2020-10-08,US,Pennsylvania,Susquehanna,320,28,0,41.82147784,-75.80071959,42115.0,793.4933544931563,8.75,292,312,28,0,284,310,40589,8,0,0,8,2
2020-10-08,US,Pennsylvania,Tioga,103,3,0,41.77255149,-77.25433032,42117.0,253.75083146510312,2.9126213592233015,100,102,3,0,99,101,40763,1,0,0,1,1
2020-10-08,US,Pennsylvania,Union,577,7,0,40.96188846,-77.05996014,42119.0,1284.4200075685062,1.2131715771230502,570,576,7,0,569,571,44785,1,0,0,1,5
2020-10-08,US,Pennsylvania,Venango,110,1,0,41.40323442,-79.75845449,42121.0,217.09955001184173,0.9090909090909092,109,104,1,0,103,102,51266,6,0,0,6,2
2020-10-08,US,Pennsylvania,Warren,46,1,0,41.81304978,-79.26969577,42123.0,117.3738868617795,2.1739130434782608,45,46,1,0,45,46,39498,0,0,0,0,0
2020-10-08,US,Pennsylvania,Washington,1484,30,0,40.19208869,-80.24582867,42125.0,717.3760665168105,2.0215633423180592,1454,1469,30,0,1439,1465,207346,15,0,0,15,4
2020-10-08,US,Pennsylvania,Wayne,260,12,0,41.64938475,-75.29956506,42127.0,506.2206732734954,4.615384615384615,248,260,11,0,249,257,51276,0,1,0,-1,3
2020-10-08,US,Pennsylvania,Westmoreland,2608,59,0,40.31377979999999,-79.46615476,42129.0,747.4942605166539,2.2622699386503067,2549,2539,57,0,2482,2500,350611,69,2,0,67,39
2020-10-08,US,Pennsylvania,Wyoming,81,8,0,41.51955538,-76.01074915,42131.0,302.30648652683436,9.876543209876543,73,80,8,0,72,80,27046,1,0,0,1,0
2020-10-08,US,Pennsylvania,York,5300,176,0,39.9210089,-76.73040131,42133.0,1180.24843116034,3.320754716981132,5124,5239,172,0,5067,5171,448273,61,4,0,57,68
2020-10-08,US,Puerto Rico,Adjuntas,160,0,0,18.180117000000006,-66.754367,72001.0,821.2287635374429,0.0,160,159,0,0,159,157,,1,0,0,1,2
2020-10-08,US,Puerto Rico,Aguada,372,0,0,18.360255,-67.17513100000001,72003.0,886.5797564288948,0.0,372,371,0,0,371,371,,1,0,0,1,0
2020-10-08,US,Puerto Rico,Aguadilla,451,0,0,18.459681,-67.12081500000001,72005.0,739.9629198182088,0.0,451,450,0,0,450,450,,1,0,0,1,0
2020-10-08,US,Puerto Rico,Aguas Buenas,307,0,0,18.251619,-66.126806,72007.0,1071.2167207508985,0.0,307,306,0,0,306,306,,1,0,0,1,0
2020-10-08,US,Puerto Rico,Aibonito,164,0,0,18.131361,-66.264131,72009.0,633.2046332046333,0.0,164,162,0,0,162,162,,2,0,0,2,0
2020-10-08,US,Puerto Rico,Anasco,231,0,0,18.287985,-67.120611,72011.0,789.4467038036978,0.0,231,230,0,0,230,230,,1,0,0,1,0
2020-10-08,US,Puerto Rico,Arecibo,929,0,0,18.406631,-66.675077,72013.0,963.2932393197844,0.0,929,917,0,0,917,916,,12,0,0,12,1
2020-10-08,US,Puerto Rico,Arroyo,178,0,0,17.998457000000005,-66.056546,72015.0,909.323116219668,0.0,178,178,0,0,178,178,,0,0,0,0,0
2020-10-08,US,Puerto Rico,Barceloneta,277,0,0,18.445532999999998,-66.56053100000001,72017.0,1116.2153449387492,0.0,277,275,0,0,275,275,,2,0,0,2,0
2020-10-08,US,Puerto Rico,Barranquitas,507,0,0,18.201592,-66.30963,72019.0,1672.2738966950324,0.0,507,504,0,0,504,504,,3,0,0,3,0
2020-10-08,US,Puerto Rico,Bayamon,4093,0,0,18.34946,-66.168435,72021.0,1966.6916527321305,0.0,4093,4058,0,0,4058,4052,,35,0,0,35,6
2020-10-08,US,Puerto Rico,Cabo Rojo,368,0,0,18.040993,-67.154391,72023.0,722.7448592807903,0.0,368,362,0,0,362,362,,6,0,0,6,0
2020-10-08,US,Puerto Rico,Caguas,1766,0,0,18.211615,-66.050779,72025.0,1235.8897916622927,0.0,1766,1737,0,0,1737,1736,,29,0,0,29,1
2020-10-08,US,Puerto Rico,Camuy,320,0,0,18.418578,-66.860206,72027.0,910.1510281862396,0.0,320,317,0,0,317,317,,3,0,0,3,0
2020-10-08,US,Puerto Rico,Canovanas,763,0,0,18.328802,-65.887612,72029.0,1601.32639355272,0.0,763,757,0,0,757,755,,6,0,0,6,2
2020-10-08,US,Puerto Rico,Carolina,3145,0,0,18.374986,-65.95683100000001,72031.0,1779.2285672259875,0.0,3145,3121,0,0,3121,3121,,24,0,0,24,0
2020-10-08,US,Puerto Rico,Catano,508,0,0,18.437269,-66.14330600000001,72033.0,1805.259417199716,0.0,508,501,0,0,501,501,,7,0,0,7,0
2020-10-08,US,Puerto Rico,Cayey,390,0,0,18.102851,-66.14914,72035.0,810.4906585756146,0.0,390,388,0,0,388,388,,2,0,0,2,0
2020-10-08,US,Puerto Rico,Ceiba,153,0,0,18.251818,-65.666416,72037.0,1122.4414936541707,0.0,153,148,0,0,148,148,,5,0,0,5,0
2020-10-08,US,Puerto Rico,Ciales,294,0,0,18.28885,-66.516475,72039.0,1565.3285060163987,0.0,294,293,0,0,293,293,,1,0,0,1,0
2020-10-08,US,Puerto Rico,Cidra,364,0,0,18.173559,-66.161179,72041.0,837.1665133394664,0.0,364,361,0,0,361,361,,3,0,0,3,0
2020-10-08,US,Puerto Rico,Coamo,324,0,0,18.097597,-66.36014,72043.0,799.7630331753554,0.0,324,320,0,0,320,319,,4,0,0,4,1
2020-10-08,US,Puerto Rico,Comerio,262,0,0,18.224687,-66.221622,72045.0,1260.9490807584946,0.0,262,261,0,0,261,261,,1,0,0,1,0
2020-10-08,US,Puerto Rico,Corozal,697,0,0,18.304264,-66.327738,72047.0,1876.5817672715525,0.0,697,689,0,0,689,689,,8,0,0,8,0
2020-10-08,US,Puerto Rico,Culebra,22,0,0,18.31586,-65.28813000000001,72049.0,1210.1210121012102,0.0,22,22,0,0,22,22,,0,0,0,0,0
2020-10-08,US,Puerto Rico,Dorado,859,0,0,18.436115,-66.278669,72051.0,2250.7533080047165,0.0,859,857,0,0,857,857,,2,0,0,2,0
2020-10-08,US,Puerto Rico,Fajardo,605,0,0,18.318373,-65.666866,72053.0,1635.4445435622956,0.0,605,603,0,0,603,603,,2,0,0,2,0
2020-10-08,US,Puerto Rico,Florida,350,0,0,18.373715,-66.560488,72054.0,2760.2523659305994,0.0,350,347,0,0,347,347,,3,0,0,3,0
2020-10-08,US,Puerto Rico,Guanica,118,0,0,17.982429,-66.91964300000001,72055.0,607.4020692850157,0.0,118,117,0,0,117,117,,1,0,0,1,0
2020-10-08,US,Puerto Rico,Guayama,331,0,0,18.007516,-66.13390799999999,72057.0,729.6856399629646,0.0,331,322,0,0,322,322,,9,0,0,9,0
2020-10-08,US,Puerto Rico,Guayanilla,202,0,0,18.039942,-66.79186,72059.0,936.0085260182567,0.0,202,201,0,0,201,201,,1,0,0,1,0
2020-10-08,US,Puerto Rico,Guaynabo,1906,0,0,18.345114000000002,-66.11452299999999,72061.0,1946.4074179976305,0.0,1906,1890,0,0,1890,1889,,16,0,0,16,1
2020-10-08,US,Puerto Rico,Gurabo,602,0,0,18.266461,-65.97970500000001,72063.0,1326.8972205691111,0.0,602,595,0,0,595,595,,7,0,0,7,0
2020-10-08,US,Puerto Rico,Hatillo,361,0,0,18.410928,-66.79632600000001,72065.0,860.486735156008,0.0,361,349,0,0,349,348,,12,0,0,12,1
2020-10-08,US,Puerto Rico,Hormigueros,185,0,0,18.134532,-67.113972,72067.0,1072.463768115942,0.0,185,183,0,0,183,183,,2,0,0,2,0
2020-10-08,US,Puerto Rico,Humacao,638,0,0,18.145211,-65.810174,72069.0,1091.2325112030924,0.0,638,627,0,0,627,626,,11,0,0,11,1
2020-10-08,US,Puerto Rico,Isabela,296,0,0,18.44981,-67.005093,72071.0,648.6818171856853,0.0,296,292,0,0,292,292,,4,0,0,4,0
2020-10-08,US,Puerto Rico,Jayuya,256,0,0,18.211446,-66.58878,72073.0,1538.276649441173,0.0,256,253,0,0,253,253,,3,0,0,3,0
2020-10-08,US,Puerto Rico,Juana Diaz,379,0,0,18.050764,-66.49458100000001,72075.0,474.3607394520445,0.0,379,377,0,0,377,377,,2,0,0,2,0
2020-10-08,US,Puerto Rico,Juncos,454,0,0,18.223793,-65.909109,72077.0,1126.8304790270536,0.0,454,446,0,0,446,446,,8,0,0,8,0
2020-10-08,US,Puerto Rico,Lajas,182,0,0,18.011661,-67.040585,72079.0,706.7137809187277,0.0,182,182,0,0,182,179,,0,0,0,0,3
2020-10-08,US,Puerto Rico,Lares,371,0,0,18.269035000000002,-66.867236,72081.0,1206.3863688095469,0.0,371,365,0,0,365,365,,6,0,0,6,0
2020-10-08,US,Puerto Rico,Las Marias,114,0,0,18.23679,-66.98362,72083.0,1153.7293796174474,0.0,114,113,0,0,113,113,,1,0,0,1,0
2020-10-08,US,Puerto Rico,Las Piedras,543,0,0,18.187527,-65.86946800000001,72085.0,1404.007756948933,0.0,543,535,0,0,535,534,,8,0,0,8,1
2020-10-08,US,Puerto Rico,Loiza,304,0,0,18.425688,-65.89943000000001,72087.0,1011.3107119095143,0.0,304,303,0,0,303,303,,1,0,0,1,0
2020-10-08,US,Puerto Rico,Luquillo,279,0,0,18.342114000000002,-65.72509699999999,72089.0,1390.2730715567072,0.0,279,278,0,0,278,278,,1,0,0,1,0
2020-10-08,US,Puerto Rico,Manati,624,0,0,18.420473,-66.490461,72091.0,1414.548999161245,0.0,624,619,0,0,619,619,,5,0,0,5,0
2020-10-08,US,Puerto Rico,Maricao,88,0,0,18.171795,-66.942126,72093.0,1402.1669853409815,0.0,88,87,0,0,87,87,,1,0,0,1,0
2020-10-08,US,Puerto Rico,Maunabo,146,0,0,18.017889,-65.922235,72095.0,1194.274028629857,0.0,146,142,0,0,142,142,,4,0,0,4,0
2020-10-08,US,Puerto Rico,Mayaguez,879,0,0,18.2013,-67.1452,72097.0,986.7534800179616,0.0,879,870,0,0,870,869,,9,0,0,9,1
2020-10-08,US,Puerto Rico,Moca,384,0,0,18.377805,-67.080952,72099.0,957.3911092273554,0.0,384,380,0,0,380,380,,4,0,0,4,0
2020-10-08,US,Puerto Rico,Morovis,560,0,0,18.316963,-66.420383,72101.0,1717.2646427476236,0.0,560,553,0,0,553,552,,7,0,0,7,1
2020-10-08,US,Puerto Rico,Naguabo,271,0,0,18.230636999999998,-65.753897,72103.0,1014.2215568862275,0.0,271,268,0,0,268,268,,3,0,0,3,0
2020-10-08,US,Puerto Rico,Naranjito,713,0,0,18.288019,-66.252703,72105.0,2345.240444707585,0.0,713,709,0,0,709,708,,4,0,0,4,1
2020-10-08,US,Puerto Rico,Orocovis,375,0,0,18.215046,-66.433604,72107.0,1600.9904794432825,0.0,375,374,0,0,374,373,,1,0,0,1,1
2020-10-08,US,Puerto Rico,Out of PR,804,0,0,0.0,0.0,72888.0,0.0,0.0,804,804,0,0,804,804,,0,0,0,0,0
2020-10-08,US,Puerto Rico,Patillas,184,0,0,18.03174,-66.012242,72109.0,954.5053690927012,0.0,184,183,0,0,183,183,,1,0,0,1,0
2020-10-08,US,Puerto Rico,Penuelas,127,0,0,18.059645,-66.721572,72111.0,523.0211679433326,0.0,127,126,0,0,126,126,,1,0,0,1,0
2020-10-08,US,Puerto Rico,Ponce,1007,0,0,18.059498,-66.613748,72113.0,605.4338742356922,0.0,1007,999,0,0,999,996,,8,0,0,8,3
2020-10-08,US,Puerto Rico,Quebradillas,208,0,0,18.439692,-66.926113,72115.0,802.5000964543385,0.0,208,199,0,0,199,199,,9,0,0,9,0
2020-10-08,US,Puerto Rico,Rincon,219,0,0,18.335442999999998,-67.23174,72117.0,1440.7894736842104,0.0,219,216,0,0,216,216,,3,0,0,3,0
2020-10-08,US,Puerto Rico,Rio Grande,676,0,0,18.346329,-65.813742,72119.0,1244.8438420742484,0.0,676,667,0,0,667,667,,9,0,0,9,0
2020-10-08,US,Puerto Rico,Sabana Grande,209,0,0,18.08282,-66.943758,72121.0,827.2313477142293,0.0,209,209,0,0,209,209,,0,0,0,0,0
2020-10-08,US,Puerto Rico,Salinas,470,0,0,18.010386999999994,-66.256592,72123.0,1512.323830362314,0.0,470,469,0,0,469,469,,1,0,0,1,0
2020-10-08,US,Puerto Rico,San German,275,0,0,18.111484,-67.03858100000001,72125.0,774.059166267909,0.0,275,273,0,0,273,273,,2,0,0,2,0
2020-10-08,US,Puerto Rico,San Juan,8459,0,0,18.386933,-66.061128,72127.0,2139.7530139682185,0.0,8459,8360,0,0,8360,8358,,99,0,0,99,2
2020-10-08,US,Puerto Rico,San Lorenzo,572,0,0,18.147987,-65.976392,72129.0,1393.1511520288373,0.0,572,566,0,0,566,566,,6,0,0,6,0
2020-10-08,US,Puerto Rico,San Sebastian,492,0,0,18.328646,-66.971214,72131.0,1159.5569172755127,0.0,492,490,0,0,490,489,,2,0,0,2,1
2020-10-08,US,Puerto Rico,Santa Isabel,190,0,0,17.994525,-66.388913,72133.0,816.3616052247143,0.0,190,189,0,0,189,189,,1,0,0,1,0
2020-10-08,US,Puerto Rico,Toa Alta,1417,0,0,18.362406,-66.246616,72135.0,1913.1585342802368,0.0,1417,1405,0,0,1405,1405,,12,0,0,12,0
2020-10-08,US,Puerto Rico,Toa Baja,1572,0,0,18.431445999999998,-66.213553,72137.0,1754.2880737425928,0.0,1572,1554,0,0,1554,1554,,18,0,0,18,0
2020-10-08,US,Puerto Rico,Trujillo Alto,1223,0,0,18.336159,-65.99888399999999,72139.0,1634.1091900269903,0.0,1223,1202,0,0,1202,1202,,21,0,0,21,0
2020-10-08,US,Puerto Rico,Unassigned,651,715,0,0.0,0.0,72999.0,0.0,109.83102918586788,-64,635,705,0,-70,635,,16,10,0,6,0
2020-10-08,US,Puerto Rico,Utuado,172,0,0,18.271214,-66.702984,72141.0,518.8693474916287,0.0,172,171,0,0,171,170,,1,0,0,1,1
2020-10-08,US,Puerto Rico,Vega Alta,819,0,0,18.409346,-66.33725,72143.0,2050.011263798153,0.0,819,816,0,0,816,816,,3,0,0,3,0
2020-10-08,US,Puerto Rico,Vega Baja,1045,0,0,18.428262,-66.397924,72145.0,1751.5336395025308,0.0,1045,1040,0,0,1040,1040,,5,0,0,5,0
2020-10-08,US,Puerto Rico,Vieques,97,0,0,18.123276,-65.44097099999999,72147.0,1042.89861305236,0.0,97,97,0,0,97,97,,0,0,0,0,0
2020-10-08,US,Puerto Rico,Villalba,157,0,0,18.127951,-66.473115,72149.0,602.1554865186207,0.0,157,156,0,0,156,156,,1,0,0,1,0
2020-10-08,US,Puerto Rico,Yabucoa,395,0,0,18.070399,-65.896289,72151.0,1041.0901135974277,0.0,395,386,0,0,386,386,,9,0,0,9,0
2020-10-08,US,Puerto Rico,Yauco,434,0,0,18.080374,-66.858814,72153.0,1032.2764788430893,0.0,434,432,0,0,432,432,,2,0,0,2,0
2020-10-08,US,Rhode Island,Bristol,430,0,0,41.71018079,-71.28652315,44001.0,886.9819922028095,0.0,430,430,0,0,430,414,48649,0,0,0,0,16
2020-10-08,US,Rhode Island,Kent,2018,0,0,41.67106337,-71.57641596,44003.0,1228.3008302291043,0.0,2018,2018,0,0,2018,1945,163861,0,0,0,0,73
2020-10-08,US,Rhode Island,Newport,545,0,0,41.5642026,-71.26569799,44005.0,663.9701761652982,0.0,545,545,0,0,545,530,82542,0,0,0,0,15
2020-10-08,US,Rhode Island,Providence,19636,0,0,41.87064746,-71.57753536,44007.0,3073.258301757153,0.0,19636,19636,0,0,19636,18927,636084,0,0,0,0,709
2020-10-08,US,Rhode Island,Unassigned,2461,1127,0,0.0,0.0,90044.0,0.0,45.79439252336449,1334,2192,1126,0,1066,2903,,269,1,0,268,-711
2020-10-08,US,Rhode Island,Washington,955,0,0,41.45961631,-71.61435303,44009.0,760.4895800982664,0.0,955,955,0,0,955,877,126179,0,0,0,0,78
2020-10-08,US,South Carolina,Abbeville,672,15,0,34.22333378,-82.46170658,45001.0,2739.837729848738,2.232142857142857,657,662,15,0,647,651,24541,10,0,0,10,11
2020-10-08,US,South Carolina,Aiken,4462,85,0,33.54338026,-81.63645384,45003.0,2611.311390982724,1.9049753473778572,4377,4432,85,0,4347,4417,169401,30,0,0,30,15
2020-10-08,US,South Carolina,Allendale,410,6,0,32.98837386,-81.35321066,45005.0,4719.152854511971,1.4634146341463414,404,408,6,0,402,405,8903,2,0,0,2,3
2020-10-08,US,South Carolina,Anderson,4893,187,0,34.51828081,-82.63959517,45007.0,2415.604419474916,3.8217862252197015,4706,4837,186,0,4651,4808,200482,56,1,0,55,29
2020-10-08,US,South Carolina,Bamberg,656,35,0,33.21927586,-81.05659969,45009.0,4663.72813877435,5.335365853658536,621,655,35,0,620,655,14275,1,0,0,1,0
2020-10-08,US,South Carolina,Barnwell,775,17,0,33.26679302,-81.43584352,45011.0,3714.176171762676,2.1935483870967745,758,777,17,0,760,776,21112,-2,0,0,-2,1
2020-10-08,US,South Carolina,Beaufort,5830,87,0,32.39226291,-80.72619758,45013.0,3034.53014230541,1.4922813036020584,5743,5796,86,0,5710,5773,188715,34,1,0,33,23
2020-10-08,US,South Carolina,Berkeley,5608,90,0,33.20222596,-79.94654523,45015.0,2460.6528101374684,1.6048502139800285,5518,5592,90,0,5502,5576,221091,16,0,0,16,16
2020-10-08,US,South Carolina,Calhoun,482,17,0,33.66926881,-80.77722168,45017.0,3312.0318834604545,3.5269709543568464,465,482,17,0,465,483,14520,0,0,0,0,-1
2020-10-08,US,South Carolina,Charleston,16141,269,0,32.82487866,-79.96512315,45019.0,3923.374962931994,1.6665634099498172,15872,16100,269,0,15831,16076,405905,41,0,0,41,24
2020-10-08,US,South Carolina,Cherokee,1275,43,0,35.05122251,-81.61828622,45021.0,2225.130890052356,3.372549019607843,1232,1262,43,0,1219,1261,57078,13,0,0,13,1
2020-10-08,US,South Carolina,Chester,1089,22,0,34.69249168,-81.1583216,45023.0,3377.3725344250092,2.0202020202020203,1067,1080,22,0,1058,1074,32251,9,0,0,9,6
2020-10-08,US,South Carolina,Chesterfield,1316,38,0,34.64137396,-80.15640140000002,45025.0,2882.803943044907,2.8875379939209727,1278,1294,38,0,1256,1277,45754,22,0,0,22,17
2020-10-08,US,South Carolina,Clarendon,1120,67,0,33.66610974,-80.21647898,45027.0,3319.01022373685,5.982142857142858,1053,1118,67,0,1051,1117,33700,2,0,0,2,1
2020-10-08,US,South Carolina,Colleton,1112,42,0,32.87582989,-80.67641292,45029.0,2951.402712530191,3.776978417266187,1070,1101,42,0,1059,1091,37660,11,0,0,11,10
2020-10-08,US,South Carolina,Darlington,2200,61,0,34.33358335,-79.96027485,45031.0,3302.4107598546943,2.772727272727273,2139,2185,60,0,2125,2136,66802,15,1,0,14,49
2020-10-08,US,South Carolina,Dillon,1153,44,0,34.39007791,-79.37741872,45033.0,3782.932510909151,3.8161318300086733,1109,1145,43,0,1102,1133,30599,8,1,0,7,12
2020-10-08,US,South Carolina,Dorchester,4352,91,0,33.0794369,-80.40502652,45035.0,2673.070899028924,2.090992647058824,4261,4321,91,0,4230,4308,160647,31,0,0,31,13
2020-10-08,US,South Carolina,Edgefield,834,19,0,33.77221995,-81.96231108,45037.0,3059.4277329420397,2.278177458033573,815,836,19,0,817,830,27052,-2,0,0,-2,6
2020-10-08,US,South Carolina,Fairfield,808,37,0,34.39287073,-81.1195624,45039.0,3615.697856535553,4.579207920792079,771,802,37,0,765,799,22402,6,0,0,6,3
2020-10-08,US,South Carolina,Florence,5136,197,0,34.02361754,-79.70189312,45041.0,3713.853918853449,3.835669781931464,4939,5118,197,0,4921,5074,138159,18,0,0,18,44
2020-10-08,US,South Carolina,Georgetown,1964,44,0,33.43443342,-79.33202141,45043.0,3133.375877472877,2.240325865580448,1920,1951,44,0,1907,1928,62249,13,0,0,13,23
2020-10-08,US,South Carolina,Greenville,15245,319,0,34.89502264,-82.37295012,45045.0,2911.8962757524705,2.0924893407674654,14926,15136,319,0,14817,15089,514213,109,0,0,109,47
2020-10-08,US,South Carolina,Greenwood,2356,73,0,34.15272415,-82.12715789,45047.0,3327.1666831424486,3.0984719864176564,2283,2340,73,0,2267,2338,70741,16,0,0,16,2
2020-10-08,US,South Carolina,Hampton,709,27,0,32.77419582,-81.13845571,45049.0,3688.4819477681817,3.808180535966149,682,704,27,0,677,701,19351,5,0,0,5,3
2020-10-08,US,South Carolina,Horry,10972,204,0,33.9212828,-78.99555293,45051.0,3098.7259977236845,1.8592781625956984,10768,10863,203,0,10660,10762,344147,109,1,0,108,101
2020-10-08,US,South Carolina,Jasper,842,23,0,32.43171982,-81.02487495,45053.0,2799.8536893559008,2.7315914489311166,819,839,22,0,817,835,28971,3,1,0,2,4
2020-10-08,US,South Carolina,Kershaw,2152,38,0,34.33988254,-80.58763164,45055.0,3233.610313894608,1.7657992565055762,2114,2140,38,0,2102,2128,65592,12,0,0,12,12
2020-10-08,US,South Carolina,Lancaster,2288,56,0,34.68270843,-80.70513032,45057.0,2334.4080316695913,2.4475524475524475,2232,2268,55,0,2213,2258,95380,20,1,0,19,10
2020-10-08,US,South Carolina,Laurens,1753,58,0,34.48244419,-82.00490796,45059.0,2597.306387329056,3.3086138049058755,1695,1748,57,0,1691,1746,66994,5,1,0,4,2
2020-10-08,US,South Carolina,Lee,724,35,0,34.16393091,-80.25690731,45061.0,4302.353220822439,4.834254143646409,689,722,35,0,687,721,17142,2,0,0,2,1
2020-10-08,US,South Carolina,Lexington,7943,178,0,33.89665987,-81.27146426,45063.0,2658.744769874477,2.2409668890847287,7765,7885,176,0,7709,7824,295032,58,2,0,56,61
2020-10-08,US,South Carolina,Marion,961,31,0,34.07859748,-79.36400756,45067.0,3134.683759010993,3.2258064516129035,930,946,31,0,915,940,31039,15,0,0,15,6
2020-10-08,US,South Carolina,Marlboro,991,11,0,34.59905577,-79.67561152,45069.0,3794.318094800521,1.1099899091826435,980,984,11,0,973,974,26398,7,0,0,7,10
2020-10-08,US,South Carolina,McCormick,252,7,0,33.90161443,-82.30794338,45065.0,2663.0032759167284,2.7777777777777777,245,247,7,0,240,247,9410,5,0,0,5,0
2020-10-08,US,South Carolina,Newberry,1452,30,0,34.28629098,-81.59935761,45071.0,3777.3152965660774,2.066115702479338,1422,1443,30,0,1413,1430,38520,9,0,0,9,13
2020-10-08,US,South Carolina,Oconee,2032,28,0,34.75225169,-83.06742317,45073.0,2554.4967691650118,1.3779527559055118,2004,1992,28,0,1964,1982,78374,40,0,0,40,10
2020-10-08,US,South Carolina,Orangeburg,3180,127,0,33.4391073,-80.79886287,45075.0,3690.1653611836377,3.993710691823899,3053,3172,127,0,3045,3166,86934,8,0,0,8,6
2020-10-08,US,South Carolina,Pickens,3469,48,0,34.88807695,-82.72791551,45077.0,2733.9932536805272,1.3836840588065724,3421,3411,48,0,3363,3400,124937,58,0,0,58,11
2020-10-08,US,South Carolina,Richland,15953,251,0,34.01791263,-80.90267209,45079.0,3837.0786922231378,1.5733717796025826,15702,15893,251,0,15642,15845,414576,60,0,0,60,48
2020-10-08,US,South Carolina,Saluda,697,22,0,34.00795823,-81.72713237,45081.0,3404.483954476628,3.1563845050215207,675,694,22,0,672,694,20544,3,0,0,3,0
2020-10-08,US,South Carolina,Spartanburg,7438,209,0,34.92960077,-81.99225984,45083.0,2325.9377394186718,2.809895133100296,7229,7329,209,0,7120,7287,313888,109,0,0,109,42
2020-10-08,US,South Carolina,Sumter,3287,82,0,33.91826534,-80.37942316,45085.0,3079.993628245613,2.494675996349254,3205,3282,81,0,3201,3280,106512,5,1,0,4,2
2020-10-08,US,South Carolina,Union,634,14,0,34.68835752,-81.61730349,45087.0,2320.9840386586616,2.2082018927444795,620,631,14,0,617,628,27410,3,0,0,3,3
2020-10-08,US,South Carolina,Williamsburg,1355,45,0,33.62190129,-79.72767442,45089.0,4461.933614330876,3.3210332103321027,1310,1350,45,0,1305,1349,30606,5,0,0,5,1
2020-10-08,US,South Carolina,York,5782,85,0,34.97281497,-81.18085944,45091.0,2057.80503169276,1.4700795572466274,5697,5732,84,0,5648,5698,274118,50,1,0,49,34
2020-10-08,US,South Dakota,Aurora,115,0,0,43.71757685,-98.56050467,46003.0,4180.298073427844,0.0,115,113,0,0,113,77,2801,2,0,0,2,36
2020-10-08,US,South Dakota,Beadle,899,11,0,44.41464384,-98.27858469,46005.0,4871.836557741289,1.2235817575083423,888,891,11,0,880,858,18883,8,0,0,8,33
2020-10-08,US,South Dakota,Bennett,89,4,0,43.19486375,-101.6665572,46007.0,2644.8736998514114,4.49438202247191,85,82,3,0,79,77,3468,7,1,0,6,5
2020-10-08,US,South Dakota,Bon Homme,125,1,0,42.98914167,-97.88592746,46009.0,1811.3316910592664,0.8,124,123,1,0,122,115,6980,2,0,0,2,8
2020-10-08,US,South Dakota,Brookings,874,2,0,44.36974375,-96.79079945,46011.0,2491.661202497363,0.2288329519450801,872,863,2,0,861,849,35232,11,0,0,11,14
2020-10-08,US,South Dakota,Brown,1427,4,0,45.58994323,-98.35165355,46013.0,3674.1419706995534,0.2803083391730904,1423,1415,4,0,1411,1380,39316,12,0,0,12,35
2020-10-08,US,South Dakota,Brule,160,1,0,43.71756379,-99.08118954,46015.0,3020.5776854823484,0.625,159,156,1,0,155,152,5229,4,0,0,4,4
2020-10-08,US,South Dakota,Buffalo,164,3,0,44.07657829,-99.20814467,46017.0,8358.817533129459,1.8292682926829267,161,159,3,0,156,153,2036,5,0,0,5,6
2020-10-08,US,South Dakota,Butte,149,3,0,44.90608745,-103.5079318,46019.0,1428.7084092434554,2.0134228187919465,146,144,3,0,141,136,10222,5,0,0,5,8
2020-10-08,US,South Dakota,Campbell,44,0,0,45.77074915,-100.0510181,46021.0,3197.674418604651,0.0,44,43,0,0,43,41,1377,1,0,0,1,2
2020-10-08,US,South Dakota,Charles Mix,239,0,0,43.20660134,-98.58856175,46023.0,2572.1050365906162,0.0,239,234,0,0,234,225,9338,5,0,0,5,9
2020-10-08,US,South Dakota,Clark,49,0,0,44.85834507,-97.72925109,46025.0,1311.5631691648825,0.0,49,48,0,0,48,47,3739,1,0,0,1,1
2020-10-08,US,South Dakota,Clay,606,7,0,42.91296147,-96.97656917,46027.0,4307.036247334755,1.155115511551155,599,603,7,0,596,589,14041,3,0,0,3,14
2020-10-08,US,South Dakota,Codington,1053,9,0,44.97788119,-97.18827677,46029.0,3759.5058731122135,0.8547008547008547,1044,1031,9,0,1022,1014,28015,22,0,0,22,17
2020-10-08,US,South Dakota,Corson,109,1,0,45.70889983,-101.1970473,46031.0,2667.645619187469,0.9174311926605504,108,107,1,0,106,95,4165,2,0,0,2,12
2020-10-08,US,South Dakota,Custer,207,3,0,43.67741105,-103.45345209999999,46033.0,2307.177886758805,1.4492753623188406,204,202,3,0,199,198,8726,5,0,0,5,4
2020-10-08,US,South Dakota,Davison,474,3,0,43.67490933,-98.14458906,46035.0,2396.965865992415,0.6329113924050633,471,460,2,0,458,434,19790,14,1,0,13,26
2020-10-08,US,South Dakota,Day,108,0,0,45.367281,-97.60737498,46037.0,1991.150442477876,0.0,108,107,0,0,107,101,5505,1,0,0,1,6
2020-10-08,US,South Dakota,Deuel,109,0,0,44.75994309,-96.66943645,46039.0,2505.171225005746,0.0,109,102,0,0,102,97,4337,7,0,0,7,5
2020-10-08,US,South Dakota,Dewey,196,0,0,45.15639647,-100.8709139,46041.0,3326.5444670739985,0.0,196,190,0,0,190,183,5904,6,0,0,6,7
2020-10-08,US,South Dakota,Douglas,115,1,0,43.38520741,-98.36978007,46043.0,3937.0078740157483,0.8695652173913043,114,111,1,0,110,103,2935,4,0,0,4,8
2020-10-08,US,South Dakota,Edmunds,104,0,0,45.41846445,-99.21545423,46045.0,2716.1138678506136,0.0,104,104,0,0,104,104,3875,0,0,0,0,0
2020-10-08,US,South Dakota,Fall River,122,5,0,43.23929297,-103.5275691,46047.0,1817.3692834798153,4.0983606557377055,117,113,5,0,108,106,6758,9,0,0,9,7
2020-10-08,US,South Dakota,Faulk,109,1,0,45.07082625,-99.14535601,46049.0,4741.191822531537,0.9174311926605504,108,108,1,0,107,79,2330,1,0,0,1,29
2020-10-08,US,South Dakota,Grant,197,1,0,45.1723937,-96.77002276,46051.0,2793.5337492909807,0.5076142131979695,196,194,1,0,193,188,7147,3,0,0,3,6
2020-10-08,US,South Dakota,Gregory,151,7,0,43.19419064,-99.18883902,46053.0,3608.124253285544,4.635761589403972,144,150,4,0,146,149,4212,1,3,0,-2,1
2020-10-08,US,South Dakota,Haakon,37,1,0,44.29299053,-101.539099,46055.0,1948.3938915218537,2.702702702702702,36,37,1,0,36,33,1918,0,0,0,0,4
2020-10-08,US,South Dakota,Hamlin,117,0,0,44.67385954,-97.18829593,46057.0,1898.1181051265407,0.0,117,115,0,0,115,110,6111,2,0,0,2,5
2020-10-08,US,South Dakota,Hand,68,1,0,44.54708407,-99.00386459,46059.0,2130.993418990912,1.4705882352941178,67,62,1,0,61,61,3262,6,0,0,6,1
2020-10-08,US,South Dakota,Hanson,50,1,0,43.6746384,-97.78715148,46061.0,1448.0162177816392,2.0,49,50,1,0,49,49,3376,0,0,0,0,1
2020-10-08,US,South Dakota,Harding,6,0,0,45.58015551,-103.4958629,46063.0,462.2496147919877,0.0,6,5,0,0,5,5,1249,1,0,0,1,0
2020-10-08,US,South Dakota,Hughes,596,5,0,44.39091534,-99.99661148,46065.0,3400.661873787516,0.8389261744966443,591,585,5,0,580,570,17650,11,0,0,11,15
2020-10-08,US,South Dakota,Hutchinson,141,2,0,43.33449012,-97.75536441,46067.0,1933.8910986147305,1.4184397163120568,139,135,2,0,133,133,7380,6,0,0,6,2
2020-10-08,US,South Dakota,Hyde,25,0,0,44.54747703,-99.48572582,46069.0,1921.5987701767872,0.0,25,24,0,0,24,20,1282,1,0,0,1,4
2020-10-08,US,South Dakota,Jackson,46,1,0,43.69318385,-101.6255063,46071.0,1375.5980861244018,2.1739130434782608,45,44,1,0,43,38,3307,2,0,0,2,6
2020-10-08,US,South Dakota,Jerauld,146,4,0,44.06637798,-98.62965972,46073.0,7252.856433184302,2.7397260273972597,142,146,3,0,143,102,2043,0,1,0,-1,44
2020-10-08,US,South Dakota,Jones,20,0,0,43.96278565,-100.6940008,46075.0,2214.839424141749,0.0,20,20,0,0,20,19,928,0,0,0,0,1
2020-10-08,US,South Dakota,Kingsbury,82,0,0,44.36956169,-97.4913945,46077.0,1660.2551123709252,0.0,82,80,0,0,80,69,4919,2,0,0,2,11
2020-10-08,US,South Dakota,Lake,229,8,0,44.02193107,-97.12926365,46079.0,1789.4819098226144,3.4934497816593884,221,223,8,0,215,220,13057,6,0,0,6,3
2020-10-08,US,South Dakota,Lawrence,525,5,0,44.35919441,-103.79294279999999,46081.0,2031.419284940412,0.9523809523809524,520,513,5,0,508,487,25741,12,0,0,12,26
2020-10-08,US,South Dakota,Lincoln,1692,6,0,43.27841182,-96.72039050000001,46083.0,2767.962308598351,0.3546099290780142,1686,1648,4,0,1644,1585,58807,44,2,0,42,63
2020-10-08,US,South Dakota,Lyman,199,4,0,43.89522709,-99.85201878,46085.0,5263.157894736842,2.010050251256281,195,193,3,0,190,186,3821,6,1,0,5,7
2020-10-08,US,South Dakota,Marshall,49,0,0,45.75870838,-97.59855639,46091.0,992.9078014184396,0.0,49,48,0,0,48,48,5112,1,0,0,1,0
2020-10-08,US,South Dakota,McCook,139,1,0,43.6742571,-97.36863144,46087.0,2488.363766559255,0.7194244604316546,138,137,1,0,136,132,5546,2,0,0,2,5
2020-10-08,US,South Dakota,McPherson,42,0,0,45.76626028,-99.22118798,46089.0,1765.447667087011,0.0,42,42,0,0,42,42,2407,0,0,0,0,0
2020-10-08,US,South Dakota,Meade,669,6,0,44.56676791,-102.71627409999999,46093.0,2361.2875900042354,0.8968609865470852,663,659,6,0,653,638,28294,10,0,0,10,21
2020-10-08,US,South Dakota,Mellette,40,0,0,43.58078848,-100.7563186,46095.0,1940.8054342552161,0.0,40,40,0,0,40,38,2042,0,0,0,0,2
2020-10-08,US,South Dakota,Miner,47,0,0,44.02197882,-97.60992207,46097.0,2120.938628158845,0.0,47,44,0,0,44,30,2213,3,0,0,3,14
2020-10-08,US,South Dakota,Minnehaha,7550,87,0,43.67441641,-96.7910885,46099.0,3909.202936821067,1.152317880794702,7463,7413,84,0,7329,7274,192876,137,3,0,134,139
2020-10-08,US,South Dakota,Moody,128,0,0,44.02266214,-96.67081159,46101.0,1946.4720194647198,0.0,128,120,0,0,120,115,6579,8,0,0,8,5
2020-10-08,US,South Dakota,Oglala Lakota,359,4,0,43.33749164,-102.55554980000001,46102.0,2532.2705791070043,1.1142061281337048,355,350,4,0,346,341,14309,9,0,0,9,9
2020-10-08,US,South Dakota,Pennington,2921,39,0,44.0025835,-102.8240777,46103.0,2567.3478356405185,1.3351591920575143,2882,2864,39,0,2825,2667,111729,57,0,0,57,197
2020-10-08,US,South Dakota,Perkins,47,0,0,45.49049506,-102.47555859999999,46105.0,1640.4886561954627,0.0,47,48,0,0,48,44,2922,-1,0,0,-1,4
2020-10-08,US,South Dakota,Potter,66,0,0,45.06583079,-99.95498503,46107.0,3065.490013934045,0.0,66,63,0,0,63,56,2207,3,0,0,3,7
2020-10-08,US,South Dakota,Roberts,244,1,0,45.62975048,-96.94672673,46109.0,2347.5081777948817,0.4098360655737705,243,243,1,0,242,237,10447,1,0,0,1,6
2020-10-08,US,South Dakota,Sanborn,50,0,0,44.02351092,-98.09098159999999,46111.0,2133.1058020477813,0.0,50,50,0,0,50,40,2429,0,0,0,0,10
2020-10-08,US,South Dakota,Spink,165,0,0,44.93837606,-98.34626602,46115.0,2587.829360100377,0.0,165,163,0,0,163,159,6495,2,0,0,2,4
2020-10-08,US,South Dakota,Stanley,49,0,0,44.41381872,-100.7349153,46117.0,1581.6655907036798,0.0,49,48,0,0,48,48,3022,1,0,0,1,0
2020-10-08,US,South Dakota,Sully,19,0,0,44.71571812,-100.1278092,46119.0,1365.923795830338,0.0,19,19,0,0,19,18,1392,0,0,0,0,1
2020-10-08,US,South Dakota,Todd,201,5,0,43.19338568,-100.71955030000001,46121.0,1975.041760833252,2.487562189054726,196,195,5,0,190,172,10283,6,0,0,6,23
2020-10-08,US,South Dakota,Tripp,196,1,0,43.34459388,-99.8854891,46123.0,3602.2789928321995,0.5102040816326531,195,195,1,0,194,190,5478,1,0,0,1,5
2020-10-08,US,South Dakota,Turner,250,7,0,43.3109081,-97.14865776,46125.0,2981.870229007633,2.8,243,235,5,0,230,188,8424,15,2,0,13,47
2020-10-08,US,South Dakota,Union,514,10,0,42.83112163,-96.6557828,46127.0,3226.2113984433845,1.9455252918287935,504,485,10,0,475,462,15619,29,0,0,29,23
2020-10-08,US,South Dakota,Walworth,152,1,0,45.43019636,-100.03075140000001,46129.0,2796.688132474701,0.6578947368421053,151,150,1,0,149,146,5587,2,0,0,2,4
2020-10-08,US,South Dakota,Yankton,501,4,0,43.00924485,-97.39467635,46135.0,2196.019987726834,0.7984031936127745,497,493,4,0,489,486,22869,8,0,0,8,7
2020-10-08,US,South Dakota,Ziebach,70,1,0,44.97881876,-101.6654622,46137.0,2539.912917271408,1.4285714285714286,69,69,1,0,68,68,2742,1,0,0,1,1
2020-10-08,US,Tennessee,Anderson,1350,13,0,36.12684348,-84.19965764,47001.0,1753.7478240536254,0.9629629629629628,1337,1337,13,0,1324,1317,76482,13,0,0,13,20
2020-10-08,US,Tennessee,Bedford,1435,19,0,35.51123746,-86.45549096,47003.0,2886.5689055176713,1.32404181184669,1416,1425,19,0,1406,1415,49038,10,0,0,10,10
2020-10-08,US,Tennessee,Benton,354,9,0,36.07110411,-88.06849355,47005.0,2190.5940594059407,2.5423728813559316,345,351,9,0,342,347,16184,3,0,0,3,4
2020-10-08,US,Tennessee,Bledsoe,883,4,0,35.59942968,-85.20611967,47007.0,5861.656930430165,0.4530011325028313,879,880,4,0,876,877,14755,3,0,0,3,3
2020-10-08,US,Tennessee,Blount,2772,28,0,35.68938198,-83.92847788,47009.0,2082.832411637413,1.0101010101010102,2744,2741,28,0,2713,2707,131349,31,0,0,31,34
2020-10-08,US,Tennessee,Bradley,3167,19,0,35.15739424,-84.857186,47011.0,2929.423735084636,0.5999368487527629,3148,3139,19,0,3120,3121,106727,28,0,0,28,18
2020-10-08,US,Tennessee,Campbell,615,4,0,36.40355516,-84.15108559999999,47013.0,1543.597208975453,0.6504065040650406,611,570,4,0,566,545,39583,45,0,0,45,25
2020-10-08,US,Tennessee,Cannon,340,2,0,35.80990797,-86.05738983,47015.0,2316.391879002589,0.5882352941176471,338,332,2,0,330,326,14462,8,0,0,8,6
2020-10-08,US,Tennessee,Carroll,1019,23,0,35.97366108,-88.45189331,47017.0,3669.8238916699684,2.2571148184494603,996,1004,23,0,981,997,28020,15,0,0,15,7
2020-10-08,US,Tennessee,Carter,1267,31,0,36.28969086,-82.12588974,47019.0,2246.8124346083605,2.44672454617206,1236,1256,31,0,1225,1233,56351,11,0,0,11,23
2020-10-08,US,Tennessee,Cheatham,874,10,0,36.26136216,-87.08903581,47021.0,2149.162711781051,1.1441647597254003,864,862,10,0,852,859,40439,12,0,0,12,3
2020-10-08,US,Tennessee,Chester,676,13,0,35.42527478,-88.6095842,47023.0,3908.192172052957,1.9230769230769231,663,674,13,0,661,670,17276,2,0,0,2,4
2020-10-08,US,Tennessee,Claiborne,467,5,0,36.48319149,-83.65947309,47025.0,1461.2472230044746,1.0706638115631693,462,462,5,0,457,458,31756,5,0,0,5,4
2020-10-08,US,Tennessee,Clay,281,6,0,36.55151008,-85.53930419,47027.0,3690.085357846356,2.1352313167259784,275,272,6,0,266,267,7717,9,0,0,9,5
2020-10-08,US,Tennessee,Cocke,836,11,0,35.9278914,-83.11828725,47029.0,2321.964226197089,1.3157894736842106,825,821,11,0,810,806,35774,15,0,0,15,15
2020-10-08,US,Tennessee,Coffee,1503,17,0,35.49090731,-86.07311784,47031.0,2659.235668789809,1.1310711909514304,1486,1465,16,0,1449,1425,55700,38,1,0,37,40
2020-10-08,US,Tennessee,Crockett,617,19,0,35.81830662,-89.14916269,47033.0,4335.910049191848,3.079416531604538,598,606,19,0,587,597,14328,11,0,0,11,9
2020-10-08,US,Tennessee,Cumberland,1363,22,0,35.95271721,-84.99840585,47035.0,2252.1480502313284,1.6140865737344094,1341,1339,21,0,1318,1307,59673,24,1,0,23,32
2020-10-08,US,Tennessee,Davidson,27765,319,0,36.17007426,-86.78646056,47037.0,3999.890512631385,1.1489285071132722,27446,27636,319,0,27317,27518,692587,129,0,0,129,118
2020-10-08,US,Tennessee,DeKalb,613,17,0,35.97616272,-85.83689361,47041.0,2991.70326988775,2.7732463295269167,596,608,17,0,591,598,20138,5,0,0,5,10
2020-10-08,US,Tennessee,Decatur,585,10,0,35.60048904,-88.11043779,47039.0,5015.862128097402,1.709401709401709,575,570,10,0,560,568,11706,15,0,0,15,2
2020-10-08,US,Tennessee,Dickson,1403,17,0,36.14669837,-87.35891709,47043.0,2600.652480166085,1.2116892373485388,1386,1385,17,0,1368,1372,53446,18,0,0,18,13
2020-10-08,US,Tennessee,Dyer,1640,20,0,36.05931946,-89.41542855,47045.0,4413.466454963805,1.2195121951219512,1620,1599,19,0,1580,1564,37320,41,1,0,40,35
2020-10-08,US,Tennessee,Fayette,1340,23,0,35.19615831,-89.41399032,47047.0,3257.724941044903,1.7164179104477613,1317,1319,22,0,1297,1313,40507,21,1,0,20,6
2020-10-08,US,Tennessee,Fentress,720,5,0,36.38128818,-84.92870012,47049.0,3887.059331641743,0.6944444444444444,715,690,4,0,686,678,18217,30,1,0,29,12
2020-10-08,US,Tennessee,Franklin,1080,12,0,35.15634626,-86.09201039,47051.0,2558.756633813495,1.1111111111111112,1068,1073,11,0,1062,1056,41890,7,1,0,6,17
2020-10-08,US,Tennessee,Gibson,1915,28,0,35.99438059,-88.93358327,47053.0,3897.584108440356,1.4621409921671018,1887,1887,28,0,1859,1874,49045,28,0,0,28,13
2020-10-08,US,Tennessee,Giles,773,23,0,35.20222469,-87.03992678,47055.0,2623.5405919087702,2.9754204398447617,750,757,22,0,735,734,29503,16,1,0,15,23
2020-10-08,US,Tennessee,Grainger,453,4,0,36.27469206,-83.51254721,47057.0,1942.5385934819892,0.8830022075055187,449,441,4,0,437,443,23145,12,0,0,12,-2
2020-10-08,US,Tennessee,Greene,1268,48,0,36.17470125,-82.84691273,47059.0,1835.845314106184,3.785488958990536,1220,1258,48,0,1210,1234,69087,10,0,0,10,24
2020-10-08,US,Tennessee,Grundy,412,8,0,35.38433717,-85.72142731,47061.0,3068.4441796380434,1.9417475728155342,404,405,8,0,397,397,13346,7,0,0,7,8
2020-10-08,US,Tennessee,Hamblen,2115,35,0,36.21990035,-83.26586179,47063.0,3257.1534173160435,1.6548463356973997,2080,2094,34,0,2060,2073,64569,21,1,0,20,21
2020-10-08,US,Tennessee,Hamilton,10250,101,0,35.17670231,-85.16652245,47065.0,2786.8103663907955,0.9853658536585366,10149,10166,99,0,10067,10094,364286,84,2,0,82,72
2020-10-08,US,Tennessee,Hancock,110,3,0,36.52692871,-83.22375847,47067.0,1661.631419939577,2.727272727272727,107,110,3,0,107,111,6549,0,0,0,0,-1
2020-10-08,US,Tennessee,Hardeman,1659,28,0,35.20772017,-88.99161161,47069.0,6622.754491017964,1.6877637130801688,1631,1648,28,0,1620,1644,25220,11,0,0,11,4
2020-10-08,US,Tennessee,Hardin,1153,17,0,35.19732531,-88.18593755,47071.0,4494.77623577109,1.4744145706851692,1136,1146,17,0,1129,1131,25776,7,0,0,7,15
2020-10-08,US,Tennessee,Hawkins,922,22,0,36.44355426,-82.94885298,47073.0,1623.6396294861408,2.386117136659436,900,916,22,0,894,898,56530,6,0,0,6,18
2020-10-08,US,Tennessee,Haywood,1119,24,0,35.58332824,-89.28536625,47075.0,6466.7128987517335,2.1447721179624666,1095,1114,24,0,1090,1096,17335,5,0,0,5,18
2020-10-08,US,Tennessee,Henderson,1279,24,0,35.65581134,-88.38600175,47077.0,4548.849450510367,1.8764659890539483,1255,1263,24,0,1239,1252,27847,16,0,0,16,11
2020-10-08,US,Tennessee,Henry,683,10,0,36.33160906,-88.30121797,47079.0,2111.6092131705054,1.4641288433382138,673,673,10,0,663,670,32358,10,0,0,10,3
2020-10-08,US,Tennessee,Hickman,685,12,0,35.80609681,-87.47643507,47081.0,2720.6291206608944,1.7518248175182485,673,674,11,0,663,666,25063,11,1,0,10,8
2020-10-08,US,Tennessee,Houston,332,13,0,36.28872054,-87.71878828,47083.0,4048.286794293379,3.9156626506024095,319,327,13,0,314,313,8263,5,0,0,5,14
2020-10-08,US,Tennessee,Humphreys,321,3,0,36.03958805,-87.77992872,47085.0,1727.4782047142396,0.9345794392523364,318,319,3,0,316,313,18486,2,0,0,2,6
2020-10-08,US,Tennessee,Jackson,373,5,0,36.36380466,-85.67239905,47087.0,3164.771763108773,1.3404825737265416,368,374,5,0,369,368,11758,-1,0,0,-1,6
2020-10-08,US,Tennessee,Jefferson,1286,16,0,36.04818632,-83.45148924,47089.0,2359.849527479585,1.2441679626749609,1270,1267,16,0,1251,1258,54012,19,0,0,19,9
2020-10-08,US,Tennessee,Johnson,1009,4,0,36.45523950000001,-81.84886538,47091.0,5672.363391050147,0.3964321110009911,1005,1009,3,0,1006,846,17778,0,1,0,-1,163
2020-10-08,US,Tennessee,Knox,10393,82,0,35.99508821,-83.94635435,47093.0,2209.8049596757905,0.7889925911671317,10311,10288,81,0,10207,10202,465289,105,1,0,104,86
2020-10-08,US,Tennessee,Lake,941,3,0,36.34180170000001,-89.48921915,47095.0,13412.200684150515,0.3188097768331562,938,940,3,0,937,938,7411,1,0,0,1,2
2020-10-08,US,Tennessee,Lauderdale,1124,16,0,35.75893438,-89.63015909999999,47097.0,4384.97249639137,1.4234875444839858,1108,1095,16,0,1079,1071,25825,29,0,0,29,24
2020-10-08,US,Tennessee,Lawrence,1206,16,0,35.21675201,-87.39787695,47099.0,2732.0918852793257,1.326699834162521,1190,1193,16,0,1177,1175,43734,13,0,0,13,18
2020-10-08,US,Tennessee,Lewis,258,1,0,35.52853208,-87.49022694,47101.0,2103.032279100097,0.3875968992248062,257,252,1,0,251,242,12086,6,0,0,6,10
2020-10-08,US,Tennessee,Lincoln,699,1,0,35.13738622,-86.58910106,47103.0,2033.9870802537396,0.1430615164520744,698,688,1,0,687,680,34117,11,0,0,11,8
2020-10-08,US,Tennessee,Loudon,1369,8,0,35.73939663,-84.31145275,47105.0,2531.9967448398315,0.5843681519357194,1361,1342,8,0,1334,1319,53054,27,0,0,27,23
2020-10-08,US,Tennessee,Macon,1159,22,0,36.53157855,-86.00778595,47111.0,4710.999105763759,1.8981880931837791,1137,1136,22,0,1114,1120,24265,23,0,0,23,16
2020-10-08,US,Tennessee,Madison,3295,73,0,35.61181957,-88.84076036,47113.0,3362.793925538864,2.215477996965099,3222,3246,73,0,3173,3225,97605,49,0,0,49,21
2020-10-08,US,Tennessee,Marion,604,9,0,35.12997174,-85.62265895,47115.0,2089.4593005154456,1.4900662251655632,595,599,9,0,590,589,28575,5,0,0,5,10
2020-10-08,US,Tennessee,Marshall,873,5,0,35.45798777,-86.76420988,47117.0,2539.6363636363635,0.572737686139748,868,862,5,0,857,846,33683,11,0,0,11,16
2020-10-08,US,Tennessee,Maury,2647,31,0,35.618741299999996,-87.07462444,47119.0,2746.220963407929,1.1711371363808083,2616,2602,30,0,2572,2582,94340,45,1,0,44,20
2020-10-08,US,Tennessee,McMinn,1265,29,0,35.42812616,-84.61520715,47107.0,2351.563371379708,2.292490118577075,1236,1259,28,0,1231,1239,53285,6,1,0,5,20
2020-10-08,US,Tennessee,McNairy,1009,21,0,35.17468549,-88.5647812,47109.0,3926.986845177863,2.0812685827552038,988,990,21,0,969,982,25832,19,0,0,19,8
2020-10-08,US,Tennessee,Meigs,250,3,0,35.51558739,-84.81482914,47121.0,2012.5583641925616,1.2,247,245,3,0,242,243,12306,5,0,0,5,2
2020-10-08,US,Tennessee,Monroe,1171,21,0,35.44550387,-84.24902965,47123.0,2515.844881297669,1.7933390264731002,1150,1157,21,0,1136,1146,46357,14,0,0,14,11
2020-10-08,US,Tennessee,Montgomery,3384,47,0,36.49609412,-87.38550661,47125.0,1619.1929873249344,1.3888888888888888,3337,3358,46,0,3312,3321,205950,26,1,0,25,37
2020-10-08,US,Tennessee,Moore,207,1,0,35.27724699,-86.36230578,47127.0,3190.5055487053028,0.4830917874396135,206,206,1,0,205,202,6411,1,0,0,1,4
2020-10-08,US,Tennessee,Morgan,355,4,0,36.13248031,-84.64880098,47129.0,1658.6459842078214,1.1267605633802815,351,348,4,0,344,347,21579,7,0,0,7,1
2020-10-08,US,Tennessee,Obion,1440,16,0,36.35732446,-89.14921589,47131.0,4788.985333732416,1.1111111111111112,1424,1414,16,0,1398,1382,30267,26,0,0,26,32
2020-10-08,US,Tennessee,Out of TN,3182,29,0,0.0,0.0,80047.0,0.0,0.9113764927718416,3153,3169,27,0,3142,3118,,13,2,0,11,51
2020-10-08,US,Tennessee,Overton,924,8,0,36.34117832,-85.28989535,47133.0,4154.489456409334,0.8658008658008658,916,893,8,0,885,872,22068,31,0,0,31,21
2020-10-08,US,Tennessee,Perry,166,1,0,35.63708728,-87.86139634,47135.0,2055.473006438831,0.6024096385542169,165,159,1,0,158,157,8064,7,0,0,7,2
2020-10-08,US,Tennessee,Pickett,179,3,0,36.55606529,-85.07763299999998,47137.0,3545.958795562599,1.675977653631285,176,169,2,0,167,157,5082,10,1,0,9,12
2020-10-08,US,Tennessee,Polk,438,12,0,35.12245443,-84.52075859,47139.0,2602.186311787072,2.7397260273972597,426,437,12,0,425,429,16898,1,0,0,1,8
2020-10-08,US,Tennessee,Putnam,3686,50,0,36.14005459,-85.50646123,47141.0,4593.432612623839,1.3564839934888768,3636,3639,49,0,3590,3588,78843,47,1,0,46,51
2020-10-08,US,Tennessee,Rhea,929,16,0,35.60536161,-84.93076643,47143.0,2800.9768746042755,1.7222820236813778,913,926,15,0,911,917,33044,3,1,0,2,9
2020-10-08,US,Tennessee,Roane,1010,6,0,35.84923189,-84.52458689,47145.0,1892.0235285302165,0.594059405940594,1004,998,6,0,992,980,53140,12,0,0,12,18
2020-10-08,US,Tennessee,Robertson,2342,39,0,36.52454807,-86.87346725,47147.0,3261.247963460655,1.6652433817250214,2303,2326,38,0,2288,2305,71012,16,1,0,15,21
2020-10-08,US,Tennessee,Rutherford,10048,101,0,35.84591405,-86.4107263,47149.0,3023.9101975713625,1.0051751592356688,9947,9978,99,0,9879,9884,324890,70,2,0,68,94
2020-10-08,US,Tennessee,Scott,264,3,0,36.42325673,-84.50360494,47151.0,1196.3023382272975,1.1363636363636365,261,255,3,0,252,249,22039,9,0,0,9,6
2020-10-08,US,Tennessee,Sequatchie,262,1,0,35.36979721,-85.41022136,47153.0,1743.6443497936912,0.3816793893129771,261,261,1,0,260,260,14876,1,0,0,1,1
2020-10-08,US,Tennessee,Sevier,2857,19,0,35.78077323,-83.52244332,47155.0,2907.8880407124684,0.6650332516625831,2838,2811,18,0,2793,2786,97892,46,1,0,45,25
2020-10-08,US,Tennessee,Shelby,32280,524,0,35.1864775,-89.89692423,47157.0,3444.427134573811,1.6232961586121435,31756,32138,491,0,31647,32016,935764,142,33,0,109,122
2020-10-08,US,Tennessee,Smith,833,12,0,36.25359775,-85.95411046,47159.0,4132.559408642159,1.4405762304921967,821,813,12,0,801,809,19942,20,0,0,20,4
2020-10-08,US,Tennessee,Stewart,261,4,0,36.50235092,-87.83920548,47161.0,1903.0258840685376,1.5325670498084292,257,259,3,0,256,252,13561,2,1,0,1,7
2020-10-08,US,Tennessee,Sullivan,2522,35,0,36.51240691,-82.30412917,47163.0,1592.6945714502233,1.3877874702616968,2487,2481,35,0,2446,2436,157668,41,0,0,41,45
2020-10-08,US,Tennessee,Sumner,5169,104,0,36.46824103,-86.45917204,47165.0,2702.27882247769,2.011994583091507,5065,5138,104,0,5034,5109,187149,31,0,0,31,29
2020-10-08,US,Tennessee,Tipton,1987,22,0,35.501942,-89.73694895,47167.0,3225.701715936947,1.1071967790639154,1965,1964,22,0,1942,1944,61581,23,0,0,23,20
2020-10-08,US,Tennessee,Trousdale,1702,7,0,36.39026213,-86.16087954,47169.0,15083.303792981209,0.4112808460634548,1695,1700,7,0,1693,1697,11012,2,0,0,2,3
2020-10-08,US,Tennessee,Unassigned,3422,10,0,0.0,0.0,90047.0,0.0,0.29222676797194624,3412,3370,10,0,3360,3316,,52,0,0,52,54
2020-10-08,US,Tennessee,Unicoi,300,1,0,36.10890856,-82.43709629,47171.0,1677.5708773695694,0.3333333333333333,299,300,1,0,299,297,17761,0,0,0,0,3
2020-10-08,US,Tennessee,Union,437,2,0,36.28590426,-83.83651902,47173.0,2188.0632886040453,0.4576659038901602,435,429,2,0,427,420,19688,8,0,0,8,9
2020-10-08,US,Tennessee,Van Buren,174,1,0,35.69864497,-85.45221699,47175.0,2963.215258855586,0.5747126436781609,173,173,1,0,172,171,5765,1,0,0,1,2
2020-10-08,US,Tennessee,Warren,1180,9,0,35.672829899999996,-85.77969117,47177.0,2858.734888678925,0.7627118644067796,1171,1162,9,0,1153,1140,40878,18,0,0,18,22
2020-10-08,US,Tennessee,Washington,2590,39,0,36.29472368,-82.49454720000001,47179.0,2001.9323671497586,1.505791505791506,2551,2573,38,0,2535,2531,128607,17,1,0,16,42
2020-10-08,US,Tennessee,Wayne,1538,6,0,35.23868267,-87.78644456,47181.0,9224.494692017033,0.3901170351105331,1532,1529,6,0,1523,1527,16558,9,0,0,9,2
2020-10-08,US,Tennessee,Weakley,1330,22,0,36.29896232,-88.71990865,47183.0,3990.6385021603455,1.6541353383458646,1308,1310,22,0,1288,1300,33415,20,0,0,20,10
2020-10-08,US,Tennessee,White,963,10,0,35.92929884,-85.45591799,47185.0,3521.6675809105877,1.038421599169263,953,950,10,0,940,939,27107,13,0,0,13,11
2020-10-08,US,Tennessee,Williamson,5833,42,0,35.89099229,-86.89281867,47187.0,2446.6050366592285,0.7200411452082977,5791,5798,41,0,5757,5735,231729,35,1,0,34,63
2020-10-08,US,Tennessee,Wilson,3908,52,0,36.15496772,-86.29775884,47189.0,2701.563007666411,1.330603889457523,3856,3863,50,0,3813,3827,140625,45,2,0,43,36
2020-10-08,US,Texas,Anderson,2858,37,0,31.81534745,-95.65354823,48001.0,4950.203516064777,1.2946116165150454,2821,2849,37,0,2812,2836,58057,9,0,0,9,13
2020-10-08,US,Texas,Andrews,477,10,0,32.30468633,-102.63765479999999,48003.0,2550.1202886928627,2.0964360587002098,467,477,10,0,467,466,18128,0,0,0,0,11
2020-10-08,US,Texas,Angelina,2205,85,0,31.25457347,-94.60901487,48005.0,2542.812662169175,3.8548752834467117,2120,2205,84,0,2121,2205,87092,0,1,0,-1,0
2020-10-08,US,Texas,Aransas,335,18,0,28.10556197,-96.9995047,48007.0,1424.9255635899615,5.373134328358209,317,335,18,0,317,335,23792,0,0,0,0,0
2020-10-08,US,Texas,Archer,89,1,0,33.61569967,-98.68754589,48009.0,1040.5705600374138,1.1235955056179776,88,89,1,0,88,88,8786,0,0,0,0,1
2020-10-08,US,Texas,Armstrong,15,1,0,34.96507426,-101.35748740000001,48011.0,794.912559618442,6.666666666666668,14,13,1,0,12,13,1892,2,0,0,2,0
2020-10-08,US,Texas,Atascosa,1237,34,0,28.89333001,-98.52730485,48013.0,2418.235489609602,2.7485852869846403,1203,1240,33,0,1207,1244,50310,-3,1,0,-4,-4
2020-10-08,US,Texas,Austin,503,9,0,29.88548725,-96.27736949,48015.0,1674.8801278636124,1.7892644135188869,494,503,9,0,494,502,29989,0,0,0,0,1
2020-10-08,US,Texas,Bailey,235,5,0,34.06854817,-102.8299707,48017.0,3357.142857142857,2.127659574468085,230,231,5,0,226,232,7027,4,0,0,4,-1
2020-10-08,US,Texas,Bandera,176,8,0,29.74619598,-99.24598147,48019.0,761.509172724126,4.545454545454546,168,176,8,0,168,177,22824,0,0,0,0,-1
2020-10-08,US,Texas,Bastrop,1887,30,0,30.10370699,-97.31206354,48021.0,2126.844223031232,1.5898251192368842,1857,1882,30,0,1852,1874,86976,5,0,0,5,8
2020-10-08,US,Texas,Baylor,35,2,0,33.61640794,-99.21352901,48023.0,997.4351667141636,5.7142857142857135,33,31,2,0,29,26,3582,4,0,0,4,5
2020-10-08,US,Texas,Bee,1826,36,0,28.41761668,-97.74215593,48025.0,5607.2470443727925,1.9715224534501643,1790,1819,36,0,1783,1840,32587,7,0,0,7,-21
2020-10-08,US,Texas,Bell,5749,92,0,31.03736027,-97.4785025,48027.0,1584.0782092118461,1.6002783092711776,5657,5721,91,0,5630,5690,355642,28,1,0,27,31
2020-10-08,US,Texas,Bexar,59323,1347,0,29.44928723,-98.52019748,48029.0,2960.888501133485,2.2706201641858974,57976,59153,1339,0,57814,58746,1986049,170,8,0,162,407
2020-10-08,US,Texas,Blanco,149,5,0,30.26640707,-98.3999852,48031.0,1248.847540021792,3.355704697986577,144,148,5,0,143,146,11702,1,0,0,1,2
2020-10-08,US,Texas,Borden,1,0,0,32.74363984,-101.43165090000001,48033.0,152.9051987767584,0.0,1,1,0,0,1,1,648,0,0,0,0,0
2020-10-08,US,Texas,Bosque,363,7,0,31.89978581,-97.63613524,48035.0,1942.7348140219428,1.9283746556473829,356,358,7,0,351,355,18691,5,0,0,5,3
2020-10-08,US,Texas,Bowie,1506,61,0,33.44626922,-94.41834132,48037.0,1615.100005362218,4.050464807436919,1445,1488,59,0,1429,1476,94324,18,2,0,16,12
2020-10-08,US,Texas,Brazoria,11691,173,0,29.18757369,-95.44563172,48039.0,3123.730842400017,1.479770763835429,11518,11658,173,0,11485,11603,370200,33,0,0,33,55
2020-10-08,US,Texas,Brazos,6901,65,0,30.663644800000004,-96.30205577,48041.0,3010.7630087561242,0.9418924793508188,6836,6794,65,0,6729,6725,226758,107,0,0,107,69
2020-10-08,US,Texas,Brewster,223,4,0,29.81008251,-103.25203259999999,48043.0,2423.1228947082473,1.7937219730941705,219,223,4,0,219,222,9267,0,0,0,0,1
2020-10-08,US,Texas,Briscoe,15,1,0,34.53026962,-101.2084947,48045.0,970.2457956015525,6.666666666666668,14,15,1,0,14,15,1516,0,0,0,0,0
2020-10-08,US,Texas,Brooks,329,23,0,27.03103197,-98.21808402,48047.0,4638.375863527422,6.990881458966565,306,329,22,0,307,329,7114,0,1,0,-1,0
2020-10-08,US,Texas,Brown,598,25,0,31.77430356,-98.99907113,48049.0,1579.3365729980985,4.180602006688964,573,594,25,0,569,593,37924,4,0,0,4,1
2020-10-08,US,Texas,Burleson,365,6,0,30.49273808,-96.62158484,48051.0,1979.0706501111533,1.643835616438356,359,370,6,0,364,358,18389,-5,0,0,-5,12
2020-10-08,US,Texas,Burnet,785,12,0,30.78801353,-98.181887,48053.0,1630.1526321254282,1.5286624203821657,773,785,12,0,773,782,47542,0,0,0,0,3
2020-10-08,US,Texas,Caldwell,1641,36,0,29.83668859,-97.61814775,48055.0,3758.244778307072,2.1937842778793417,1605,1669,36,0,1633,1633,43247,-28,0,0,-28,36
2020-10-08,US,Texas,Calhoun,857,8,0,28.47048236,-96.61633945,48057.0,4025.36402066698,0.9334889148191364,849,854,8,0,846,856,21561,3,0,0,3,-2
2020-10-08,US,Texas,Callahan,98,4,0,32.29760619,-99.37326312,48059.0,702.8616510076741,4.081632653061225,94,98,4,0,94,98,13994,0,0,0,0,0
2020-10-08,US,Texas,Cameron,23127,1037,0,26.14524221,-97.48140372,48061.0,5465.269884181746,4.4839365244087,22090,23084,1034,0,22050,23029,423908,43,3,0,40,55
2020-10-08,US,Texas,Camp,369,12,0,32.97195142,-94.97790104,48063.0,2818.0846189094236,3.2520325203252027,357,369,11,0,358,366,13033,0,1,0,-1,3
2020-10-08,US,Texas,Carson,34,0,0,35.40365929,-101.35426690000001,48065.0,573.7428282146473,0.0,34,33,0,0,33,33,6005,1,0,0,1,0
2020-10-08,US,Texas,Cass,406,17,0,33.07499881,-94.34646905,48067.0,1352.1614600679407,4.1871921182266005,389,404,17,0,387,400,30119,2,0,0,2,4
2020-10-08,US,Texas,Castro,263,5,0,34.53016752,-102.2617243,48069.0,3492.6958831341303,1.9011406844106464,258,263,5,0,258,263,7665,0,0,0,0,0
2020-10-08,US,Texas,Chambers,1419,8,0,29.70972016,-94.67154501,48071.0,3236.9915824531786,0.5637773079633545,1411,1414,8,0,1406,1377,42454,5,0,0,5,37
2020-10-08,US,Texas,Cherokee,1578,30,0,31.837258000000002,-95.16559897,48073.0,2997.378718231205,1.9011406844106464,1548,1575,30,0,1545,1573,52592,3,0,0,3,2
2020-10-08,US,Texas,Childress,79,0,0,34.529304100000004,-100.2077916,48075.0,1081.3030385984123,0.0,79,79,0,0,79,77,7291,0,0,0,0,2
2020-10-08,US,Texas,Clay,86,2,0,33.78686685,-98.20771198,48077.0,821.3160156623054,2.3255813953488373,84,83,2,0,81,83,10456,3,0,0,3,0
2020-10-08,US,Texas,Cochran,67,1,0,33.60425307,-102.82844990000001,48079.0,2348.4051875219066,1.492537313432836,66,60,1,0,59,60,2836,7,0,0,7,0
2020-10-08,US,Texas,Coke,54,3,0,31.88911733,-100.5297533,48081.0,1594.3312666076174,5.5555555555555545,51,54,3,0,51,53,3370,0,0,0,0,1
2020-10-08,US,Texas,Coleman,81,4,0,31.76736834,-99.45240766,48083.0,990.8256880733943,4.938271604938271,77,81,4,0,77,81,8397,0,0,0,0,0
2020-10-08,US,Texas,Collin,15923,161,0,33.18820114,-96.57264368,48085.0,1538.8555468576346,1.011115995729448,15762,15814,158,0,15656,15736,1005146,109,3,0,106,78
2020-10-08,US,Texas,Collingsworth,19,0,0,34.96489496,-100.27001109999999,48087.0,650.6849315068494,0.0,19,19,0,0,19,19,2962,0,0,0,0,0
2020-10-08,US,Texas,Colorado,491,4,0,29.622097999999998,-96.5273805,48089.0,2284.464709440283,0.8146639511201629,487,490,4,0,486,490,21217,1,0,0,1,0
2020-10-08,US,Texas,Comal,2766,103,0,29.80811278,-98.27647225,48091.0,1770.704632895672,3.723788864786696,2663,2766,103,0,2663,2761,148373,0,0,0,0,5
2020-10-08,US,Texas,Comanche,327,4,0,31.94854689,-98.55876441,48093.0,2398.2398239823983,1.2232415902140672,323,327,4,0,323,317,13534,0,0,0,0,10
2020-10-08,US,Texas,Concho,138,2,0,31.32635934,-99.86473038,48095.0,5062.362435803375,1.4492753623188406,136,138,2,0,136,138,4276,0,0,0,0,0
2020-10-08,US,Texas,Cooke,478,7,0,33.63979567,-97.21240912,48097.0,1158.591269360351,1.4644351464435146,471,477,7,0,470,476,40574,1,0,0,1,1
2020-10-08,US,Texas,Coryell,1864,12,0,31.39078397,-97.79936155,48099.0,2454.213901067794,0.6437768240343348,1852,1854,12,0,1842,1854,74808,10,0,0,10,0
2020-10-08,US,Texas,Cottle,32,3,0,34.07783319,-100.27850620000001,48101.0,2288.9842632331893,9.375,29,32,3,0,29,32,1389,0,0,0,0,0
2020-10-08,US,Texas,Crane,72,2,0,31.43052248,-102.5143314,48103.0,1500.93808630394,2.7777777777777777,70,72,2,0,70,72,4794,0,0,0,0,0
2020-10-08,US,Texas,Crockett,165,7,0,30.72367027,-101.4134238,48105.0,4763.279445727483,4.242424242424242,158,165,7,0,158,165,3499,0,0,0,0,0
2020-10-08,US,Texas,Crosby,91,3,0,33.61431553,-101.30003640000001,48107.0,1586.1948753704025,3.2967032967032965,88,90,3,0,87,90,5779,1,0,0,1,0
2020-10-08,US,Texas,Culberson,58,2,0,31.44506775,-104.5185739,48109.0,2671.579917088899,3.4482758620689653,56,58,2,0,56,55,2204,0,0,0,0,3
2020-10-08,US,Texas,Dallam,284,10,0,36.27787176,-102.60207249999999,48111.0,3897.351447783724,3.5211267605633805,274,283,9,0,274,274,7200,1,1,0,0,9
2020-10-08,US,Texas,Dallas,85189,1161,0,32.76670599,-96.77796049999999,48113.0,3232.34615156956,1.3628520114099238,84028,84951,1159,0,83792,84491,2637772,238,2,0,236,460
2020-10-08,US,Texas,Dawson,566,10,0,32.74255572,-101.94772420000001,48115.0,4446.888749214329,1.7667844522968197,556,552,10,0,542,544,12619,14,0,0,14,8
2020-10-08,US,Texas,DeWitt,1036,42,0,29.08101855,-97.35681170000001,48123.0,5138.88888888889,4.0540540540540535,994,1034,41,0,993,1033,20187,2,1,0,1,1
2020-10-08,US,Texas,Deaf Smith,930,22,0,34.96522957,-102.6054267,48117.0,5014.5583953413125,2.3655913978494625,908,917,22,0,895,917,18760,13,0,0,13,0
2020-10-08,US,Texas,Delta,30,0,0,33.38570922,-95.66921122,48119.0,562.7462014631401,0.0,30,30,0,0,30,29,5349,0,0,0,0,1
2020-10-08,US,Texas,Denton,12720,158,0,33.20521901,-97.11691153,48121.0,1433.7127637631354,1.2421383647798745,12562,12646,157,0,12489,12567,859064,74,1,0,73,79
2020-10-08,US,Texas,Dickens,50,2,0,33.61616822,-100.7788855,48125.0,2261.420171867933,4.0,48,50,2,0,48,50,2249,0,0,0,0,0
2020-10-08,US,Texas,Dimmit,267,7,0,28.42270064,-99.75645095,48127.0,2637.297510865271,2.621722846441948,260,266,7,0,259,263,10308,1,0,0,1,3
2020-10-08,US,Texas,Donley,71,1,0,34.96517499,-100.8140093,48129.0,2165.954850518609,1.4084507042253518,70,69,1,0,68,70,3319,2,0,0,2,-1
2020-10-08,US,Texas,Duval,461,17,0,27.68184592,-98.50864568,48131.0,4131.935108003944,3.6876355748373104,444,463,17,0,446,462,11212,-2,0,0,-2,1
2020-10-08,US,Texas,Eastland,201,4,0,32.32743996,-98.83243566,48133.0,1094.7712418300653,1.9900497512437807,197,200,4,0,196,196,18322,1,0,0,1,4
2020-10-08,US,Texas,Ector,5219,101,0,31.86898877,-102.54294279999999,48135.0,3139.7580358915434,1.9352366353707608,5118,5167,100,0,5067,5122,162124,52,1,0,51,45
2020-10-08,US,Texas,Edwards,68,2,0,29.98202582,-100.304252,48137.0,3519.6687370600416,2.9411764705882355,66,68,2,0,66,68,1928,0,0,0,0,0
2020-10-08,US,Texas,El Paso,26969,546,0,31.76980765,-106.23632749999999,48141.0,3213.5103510565527,2.0245467017686973,26423,26432,543,0,25889,26030,840758,537,3,0,534,402
2020-10-08,US,Texas,Ellis,4536,70,0,32.34894117,-96.79371841,48139.0,2454.200166643221,1.5432098765432098,4466,4523,69,0,4454,4484,179436,13,1,0,12,39
2020-10-08,US,Texas,Erath,911,13,0,32.23602653,-98.21773417,48143.0,2133.5893952878355,1.4270032930845225,898,902,13,0,889,887,42446,9,0,0,9,15
2020-10-08,US,Texas,Falls,569,5,0,31.25350609,-96.93630086,48145.0,3289.587789790137,0.8787346221441125,564,565,5,0,560,558,17335,4,0,0,4,7
2020-10-08,US,Texas,Fannin,706,15,0,33.59564294,-96.10751083,48147.0,1987.948414709692,2.1246458923512748,691,705,15,0,690,700,35286,1,0,0,1,5
2020-10-08,US,Texas,Fayette,626,21,0,29.87788372,-96.92076062,48149.0,2469.8177227175884,3.3546325878594248,605,625,21,0,604,624,25349,1,0,0,1,1
2020-10-08,US,Texas,Fisher,70,3,0,32.74281316,-100.40193020000001,48151.0,1827.6762402088773,4.285714285714286,67,70,3,0,67,70,3839,0,0,0,0,0
2020-10-08,US,Texas,Floyd,114,9,0,34.07227468,-101.3031546,48153.0,1995.7983193277316,7.894736842105262,105,113,9,0,104,113,5837,1,0,0,1,0
2020-10-08,US,Texas,Foard,18,0,0,33.97308618,-99.7767797,48155.0,1558.4415584415585,0.0,18,18,0,0,18,18,1200,0,0,0,0,0
2020-10-08,US,Texas,Fort Bend,16712,295,0,29.52704478,-95.77219463,48157.0,2058.9191906249694,1.7651986596457636,16417,16703,295,0,16408,16642,787858,9,0,0,9,61
2020-10-08,US,Texas,Franklin,163,6,0,33.17653242,-95.21917243,48159.0,1519.8135198135199,3.6809815950920246,157,152,6,0,146,152,10766,11,0,0,11,0
2020-10-08,US,Texas,Freestone,426,3,0,31.70422788,-96.15072516,48161.0,2160.5720951463204,0.7042253521126759,423,422,3,0,419,421,19808,4,0,0,4,1
2020-10-08,US,Texas,Frio,995,9,0,28.86751206,-99.10804207,48163.0,4900.029547916872,0.9045226130653268,986,994,9,0,985,996,19816,1,0,0,1,-2
2020-10-08,US,Texas,Gaines,409,10,0,32.74055318,-102.6353295,48165.0,1903.0336869532846,2.444987775061125,399,403,9,0,394,389,20901,6,1,0,5,14
2020-10-08,US,Texas,Galveston,11851,165,0,29.40167322,-94.90469073,48167.0,3463.7968778771196,1.3922875706691418,11686,11833,165,0,11668,11807,337890,18,0,0,18,26
2020-10-08,US,Texas,Garza,107,4,0,33.17969345,-101.2984114,48169.0,1717.7717129555303,3.7383177570093458,103,106,4,0,102,106,6578,1,0,0,1,0
2020-10-08,US,Texas,Gillespie,335,10,0,30.31824095,-98.94676915,48171.0,1241.2924262635245,2.985074626865672,325,337,10,0,327,338,26804,-2,0,0,-2,-1
2020-10-08,US,Texas,Glasscock,9,0,0,31.86942909,-101.5207776,48173.0,638.7508871540099,0.0,9,9,0,0,9,9,1388,0,0,0,0,0
2020-10-08,US,Texas,Goliad,156,6,0,28.65696592,-97.42760647,48175.0,2037.0854008879605,3.8461538461538463,150,156,6,0,150,156,7584,0,0,0,0,0
2020-10-08,US,Texas,Gonzales,1071,18,0,29.45634206,-97.49424032,48177.0,5139.895378413399,1.680672268907563,1053,1071,18,0,1053,1070,20826,0,0,0,0,1
2020-10-08,US,Texas,Gray,345,7,0,35.40081878,-100.8129222,48179.0,1576.3501781961072,2.028985507246377,338,336,7,0,329,336,21895,9,0,0,9,0
2020-10-08,US,Texas,Grayson,2035,50,0,33.62744998,-96.67753461,48181.0,1493.9946553901273,2.457002457002457,1985,2009,48,0,1961,1983,133991,26,2,0,24,26
2020-10-08,US,Texas,Gregg,2343,76,0,32.47940482,-94.81591935,48183.0,1890.354592762919,3.2437046521553565,2267,2328,76,0,2252,2314,123707,15,0,0,15,14
2020-10-08,US,Texas,Grimes,1104,33,0,30.54579585,-95.98902499,48185.0,3822.714681440443,2.989130434782609,1071,1101,33,0,1068,1098,28360,3,0,0,3,3
2020-10-08,US,Texas,Guadalupe,3730,78,0,29.58165339,-97.94786822,48187.0,2235.581101248449,2.091152815013405,3652,3727,78,0,3649,3737,163694,3,0,0,3,-10
2020-10-08,US,Texas,Hale,2025,57,0,34.07044901,-101.82681140000001,48189.0,6061.785308028499,2.814814814814815,1968,2009,57,0,1952,1940,33830,16,0,0,16,69
2020-10-08,US,Texas,Hall,35,1,0,34.5307555,-100.68138520000001,48191.0,1180.8367071524967,2.8571428571428568,34,35,1,0,34,35,3028,0,0,0,0,0
2020-10-08,US,Texas,Hamilton,165,4,0,31.70470573,-98.11083887,48193.0,1950.1240988062882,2.4242424242424243,161,162,4,0,158,157,8484,3,0,0,3,5
2020-10-08,US,Texas,Hansford,171,6,0,36.27743284,-101.3545796,48195.0,3167.2531950361176,3.5087719298245608,165,168,6,0,162,155,5463,3,0,0,3,13
2020-10-08,US,Texas,Hardeman,38,1,0,34.28944521,-99.74632408,48197.0,966.1835748792273,2.631578947368421,37,36,1,0,35,31,3922,2,0,0,2,5
2020-10-08,US,Texas,Hardin,1363,32,0,30.33364686,-94.38931817,48199.0,2366.237283427659,2.347762289068232,1331,1358,32,0,1326,1355,57207,5,0,0,5,3
2020-10-08,US,Texas,Harris,149771,2657,0,29.85864939,-95.39339521,48201.0,3177.608164087985,1.7740417036675993,147114,149394,2647,0,146747,148769,4698619,377,10,0,367,625
2020-10-08,US,Texas,Harrison,942,32,0,32.54935988,-94.36934071,48203.0,1415.4132796417896,3.397027600849257,910,939,32,0,907,937,66726,3,0,0,3,2
2020-10-08,US,Texas,Hartley,145,0,0,35.84008013,-102.6029022,48205.0,2600.4304160688666,0.0,145,145,0,0,145,144,5619,0,0,0,0,1
2020-10-08,US,Texas,Haskell,72,3,0,33.17823584,-99.73037358,48207.0,1272.5344644750794,4.166666666666667,69,72,3,0,69,72,5813,0,0,0,0,0
2020-10-08,US,Texas,Hays,6018,68,0,30.05669873,-98.02944344,48209.0,2614.350691382374,1.1299435028248588,5950,6008,68,0,5940,5995,222631,10,0,0,10,13
2020-10-08,US,Texas,Hemphill,95,0,0,35.83764858,-100.2703577,48211.0,2487.562189054727,0.0,95,88,0,0,88,88,3825,7,0,0,7,0
2020-10-08,US,Texas,Henderson,1055,25,0,32.21128872,-95.85846587,48213.0,1275.1247930188429,2.3696682464454977,1030,1041,24,0,1017,1038,82299,14,1,0,13,3
2020-10-08,US,Texas,Hidalgo,33148,1824,0,26.39418217,-98.18299696,48215.0,3815.7859899828136,5.502594425003017,31324,33018,1805,0,31213,32813,865939,130,19,0,111,205
2020-10-08,US,Texas,Hill,724,15,0,31.99045053,-97.13423143,48217.0,1975.4972850555268,2.0718232044198897,709,723,14,0,709,717,36354,1,1,0,0,6
2020-10-08,US,Texas,Hockley,392,9,0,33.60771256,-102.3431676,48219.0,1702.793101950393,2.295918367346939,383,387,9,0,378,383,22980,5,0,0,5,4
2020-10-08,US,Texas,Hood,1006,31,0,32.42990927,-97.83242024,48221.0,1631.977677919634,3.081510934393638,975,1013,30,0,983,1005,60537,-7,1,0,-8,8
2020-10-08,US,Texas,Hopkins,419,18,0,33.14875072,-95.56351139,48223.0,1129.867328227807,4.295942720763724,401,408,15,0,393,402,36810,11,3,0,8,6
2020-10-08,US,Texas,Houston,387,11,0,31.31925973,-95.42226208,48225.0,1684.9529780564264,2.842377260981912,376,385,11,0,374,384,23169,2,0,0,2,1
2020-10-08,US,Texas,Howard,965,17,0,32.30621324,-101.4356444,48227.0,2632.009600698233,1.7616580310880832,948,965,17,0,948,933,36459,0,0,0,0,32
2020-10-08,US,Texas,Hudspeth,64,3,0,31.45628381,-105.388178,48229.0,1309.8649201801065,4.6875,61,64,3,0,61,62,4795,0,0,0,0,2
2020-10-08,US,Texas,Hunt,1742,40,0,33.12351514,-96.08551032,48231.0,1766.841795646794,2.296211251435132,1702,1709,39,0,1670,1705,96493,33,1,0,32,4
2020-10-08,US,Texas,Hutchinson,252,6,0,35.84006574,-101.3546643,48233.0,1203.5533479797498,2.380952380952381,246,243,6,0,237,233,21198,9,0,0,9,10
2020-10-08,US,Texas,Irion,12,0,0,31.30375559,-100.982439,48235.0,781.25,0.0,12,12,0,0,12,12,1522,0,0,0,0,0
2020-10-08,US,Texas,Jack,144,3,0,33.23377248,-98.17283469,48237.0,1611.6396194739789,2.083333333333333,141,144,3,0,141,143,8843,0,0,0,0,1
2020-10-08,US,Texas,Jackson,627,16,0,28.95472367,-96.57749563,48239.0,4247.967479674797,2.5518341307815,611,626,16,0,610,630,14874,1,0,0,1,-4
2020-10-08,US,Texas,Jasper,496,30,0,30.74685667,-94.02667579,48241.0,1396.0426693686848,6.048387096774193,466,496,30,0,466,495,35872,0,0,0,0,1
2020-10-08,US,Texas,Jeff Davis,14,0,0,30.71490589,-104.1399973,48243.0,615.6552330694811,0.0,14,14,0,0,14,14,2252,0,0,0,0,0
2020-10-08,US,Texas,Jefferson,7753,138,0,29.8832777,-94.16434171,48245.0,3081.907260548964,1.779956146007997,7615,7708,138,0,7570,7669,255001,45,0,0,45,39
2020-10-08,US,Texas,Jim Hogg,141,3,0,27.04453923,-98.69681870000001,48247.0,2711.538461538461,2.127659574468085,138,113,3,0,110,113,5248,28,0,0,28,0
2020-10-08,US,Texas,Jim Wells,1541,40,0,27.73103938,-98.0904705,48249.0,3806.630107208142,2.5957170668397143,1501,1541,40,0,1501,1539,40822,0,0,0,0,2
2020-10-08,US,Texas,Johnson,3256,55,0,32.37877812,-97.36615819,48251.0,1851.925581712804,1.6891891891891893,3201,3234,53,0,3181,3196,171361,22,2,0,20,38
2020-10-08,US,Texas,Jones,567,0,0,32.73997145,-99.87861576,48253.0,2823.2833739979087,0.0,567,565,0,0,565,577,19817,2,0,0,2,-12
2020-10-08,US,Texas,Karnes,946,17,0,28.90705334,-97.85960149,48255.0,6063.713864495866,1.7970401691331923,929,946,17,0,929,946,15650,0,0,0,0,0
2020-10-08,US,Texas,Kaufman,3249,49,0,32.599141700000004,-96.28734728,48257.0,2386.2684900921013,1.5081563558017852,3200,3236,49,0,3187,3221,128622,13,0,0,13,15
2020-10-08,US,Texas,Kendall,371,10,0,29.94414155,-98.7113588,48259.0,782.1888638232381,2.6954177897574123,361,372,10,0,362,377,45641,-1,0,0,-1,-5
2020-10-08,US,Texas,Kenedy,7,2,0,26.92601662,-97.66413984,48261.0,1732.6732673267327,28.57142857142857,5,7,2,0,5,7,442,0,0,0,0,0
2020-10-08,US,Texas,Kent,9,0,0,33.18104136,-100.7780939,48263.0,1181.1023622047244,0.0,9,9,0,0,9,9,726,0,0,0,0,0
2020-10-08,US,Texas,Kerr,633,13,0,30.06040006,-99.34930144,48265.0,1203.4220532319393,2.0537124802527646,620,624,13,0,611,624,52405,9,0,0,9,0
2020-10-08,US,Texas,Kimble,17,1,0,30.48678918,-99.74856473,48267.0,391.97602029052337,5.882352941176472,16,17,1,0,16,17,4362,0,0,0,0,0
2020-10-08,US,Texas,Kinney,58,1,0,29.34967888,-100.41866379999999,48271.0,1581.6743932369784,1.7241379310344829,57,58,1,0,57,58,3767,0,0,0,0,0
2020-10-08,US,Texas,Kleberg,1024,47,0,27.42435506,-97.69894948,48273.0,3337.67926988266,4.58984375,977,1022,46,0,976,1022,31129,2,1,0,1,0
2020-10-08,US,Texas,Knox,107,8,0,33.60519951,-99.74229059999999,48275.0,2920.3056768558954,7.4766355140186915,99,106,8,0,98,104,3653,1,0,0,1,2
2020-10-08,US,Texas,La Salle,360,13,0,28.34453111,-99.09908775,48283.0,4787.234042553191,3.611111111111111,347,349,11,0,338,351,7531,11,2,0,9,-2
2020-10-08,US,Texas,Lamar,1341,38,0,33.66981763,-95.57404777,48277.0,2689.584628652801,2.8337061894108877,1303,1320,38,0,1282,1293,49728,21,0,0,21,27
2020-10-08,US,Texas,Lamb,354,23,0,34.06859623,-102.35162890000001,48279.0,2745.67594818894,6.497175141242938,331,353,23,0,330,346,13158,1,0,0,1,7
2020-10-08,US,Texas,Lampasas,274,9,0,31.19531316,-98.24206613,48281.0,1278.7007653537428,3.2846715328467155,265,275,9,0,266,275,21229,-1,0,0,-1,0
2020-10-08,US,Texas,Lavaca,1035,36,0,29.38508402,-96.93186692,48285.0,5135.456981244418,3.4782608695652173,999,1033,35,0,998,1042,20110,2,1,0,1,-9
2020-10-08,US,Texas,Lee,233,14,0,30.31120597,-96.97045773,48287.0,1351.5865189396136,6.008583690987124,219,232,14,0,218,231,17144,1,0,0,1,1
2020-10-08,US,Texas,Leon,270,8,0,31.29872538,-95.9936328,48289.0,1551.3675017237415,2.962962962962963,262,269,7,0,262,268,17270,1,1,0,0,1
2020-10-08,US,Texas,Liberty,2272,51,0,30.15152688,-94.81205615,48291.0,2575.408925514912,2.244718309859155,2221,2264,51,0,2213,2259,86323,8,0,0,8,5
2020-10-08,US,Texas,Limestone,605,15,0,31.5454767,-96.58095444,48293.0,2581.388402952596,2.479338842975207,590,600,15,0,585,594,23519,5,0,0,5,6
2020-10-08,US,Texas,Lipscomb,50,1,0,36.27783108,-100.27331509999999,48295.0,1546.5511908444169,2.0,49,44,1,0,43,36,3355,6,0,0,6,8
2020-10-08,US,Texas,Live Oak,374,9,0,28.35101362,-98.1246786,48297.0,3063.815843368559,2.406417112299465,365,374,9,0,365,374,12166,0,0,0,0,0
2020-10-08,US,Texas,Llano,143,2,0,30.70645047,-98.68475262,48299.0,656.1137875659555,1.3986013986013983,141,143,2,0,141,143,21646,0,0,0,0,0
2020-10-08,US,Texas,Lubbock,13070,135,0,33.61008596,-101.82047890000001,48303.0,4208.404573540824,1.0328997704667178,12935,12939,133,0,12806,12766,307412,131,2,0,129,173
2020-10-08,US,Texas,Lynn,115,5,0,33.17657705,-101.8162849,48305.0,1932.4483280120987,4.3478260869565215,110,113,5,0,108,111,5877,2,0,0,2,2
2020-10-08,US,Texas,Madison,735,6,0,30.96694679,-95.93003775,48313.0,5145.617474096892,0.8163265306122449,729,733,6,0,727,733,14422,2,0,0,2,0
2020-10-08,US,Texas,Marion,156,14,0,32.79868409,-94.35661230000001,48315.0,1583.1134564643799,8.974358974358974,142,156,14,0,142,156,9928,0,0,0,0,0
2020-10-08,US,Texas,Martin,79,6,0,32.30600051,-101.9513518,48317.0,1368.9135331831571,7.594936708860758,73,79,6,0,73,79,5753,0,0,0,0,0
2020-10-08,US,Texas,Mason,79,2,0,30.71780434,-99.22629416,48319.0,1848.3855872718768,2.5316455696202533,77,79,2,0,77,79,4280,0,0,0,0,0
2020-10-08,US,Texas,Matagorda,1068,50,0,28.81955746,-96.01230294,48321.0,2914.608520044756,4.681647940074907,1018,1063,48,0,1015,1057,36552,5,2,0,3,6
2020-10-08,US,Texas,Maverick,3838,135,0,28.7429195,-100.3157686,48323.0,6535.880930486021,3.5174570088587807,3703,3829,135,0,3694,3712,58485,9,0,0,9,117
2020-10-08,US,Texas,McCulloch,172,4,0,31.1925468,-99.34682807,48307.0,2154.308617234469,2.3255813953488373,168,172,4,0,168,172,7987,0,0,0,0,0
2020-10-08,US,Texas,McLennan,8716,114,0,31.55255453,-97.20217694,48309.0,3396.421988675996,1.3079394217530975,8602,8642,111,0,8531,8583,254607,74,3,0,71,59
2020-10-08,US,Texas,McMullen,24,1,0,28.35251708,-98.56769164,48311.0,3230.1480484522212,4.166666666666667,23,24,1,0,23,24,749,0,0,0,0,0
2020-10-08,US,Texas,Medina,1241,48,0,29.355730100000002,-99.11030298,48325.0,2405.7847394540945,3.86784850926672,1193,1241,48,0,1193,1236,50921,0,0,0,0,5
2020-10-08,US,Texas,Menard,31,0,0,30.88990665,-99.82047940000001,48327.0,1449.9532273152481,0.0,31,31,0,0,31,31,2139,0,0,0,0,0
2020-10-08,US,Texas,Midland,4080,85,0,31.86904128,-102.03156820000001,48329.0,2307.274701411509,2.083333333333333,3995,4080,85,0,3995,4035,172578,0,0,0,0,45
2020-10-08,US,Texas,Milam,519,7,0,30.78581830000001,-96.97718698,48331.0,2090.8028844217056,1.348747591522158,512,517,6,0,511,511,25131,2,1,0,1,6
2020-10-08,US,Texas,Mills,64,0,0,31.49557106,-98.59272068,48333.0,1313.359326903345,0.0,64,62,0,0,62,61,4921,2,0,0,2,1
2020-10-08,US,Texas,Mitchell,106,2,0,32.30623474,-100.9212058,48335.0,1240.491515506144,1.8867924528301887,104,106,1,0,105,101,8145,0,1,0,-1,5
2020-10-08,US,Texas,Montague,200,4,0,33.67521893,-97.72500958,48337.0,1009.1835704914723,2.0,196,195,4,0,191,192,19596,5,0,0,5,3
2020-10-08,US,Texas,Montgomery,12022,162,0,30.30079133,-95.50572772,48339.0,1979.2851721543454,1.3475295291964728,11860,11855,162,0,11693,11682,590925,167,0,0,167,173
2020-10-08,US,Texas,Moore,1209,22,0,35.83769242,-101.8930281,48341.0,5773.638968481376,1.8196856906534329,1187,1206,22,0,1184,1196,21485,3,0,0,3,10
2020-10-08,US,Texas,Morris,194,4,0,33.11304005,-94.73255695,48343.0,1566.0316435259924,2.061855670103093,190,194,4,0,190,194,12339,0,0,0,0,0
2020-10-08,US,Texas,Motley,10,0,0,34.07408766,-100.77972199999999,48345.0,833.3333333333335,0.0,10,10,0,0,10,10,1234,0,0,0,0,0
2020-10-08,US,Texas,Nacogdoches,1664,65,0,31.62017125,-94.61803994,48347.0,2551.990675418686,3.90625,1599,1658,65,0,1593,1655,65711,6,0,0,6,3
2020-10-08,US,Texas,Navarro,1342,28,0,32.04620681,-96.47428766,48349.0,2677.947837886377,2.0864381520119224,1314,1340,28,0,1312,1334,49565,2,0,0,2,6
2020-10-08,US,Texas,Newton,187,13,0,30.78548982,-93.74408813,48351.0,1375.5057006252298,6.951871657754011,174,187,13,0,174,187,13746,0,0,0,0,0
2020-10-08,US,Texas,Nolan,291,5,0,32.30365282,-100.4060208,48353.0,1977.7083050156314,1.718213058419244,286,282,5,0,277,278,14751,9,0,0,9,4
2020-10-08,US,Texas,Nueces,20767,423,0,27.736286,-97.5433285,48355.0,5732.084991747034,2.0368854432513124,20344,20745,423,0,20322,20727,362265,22,0,0,22,18
2020-10-08,US,Texas,Ochiltree,169,5,0,36.27829105,-100.8158184,48357.0,1718.1781211874743,2.9585798816568047,164,165,5,0,160,144,9947,4,0,0,4,21
2020-10-08,US,Texas,Oldham,21,1,0,35.40425596,-102.6027606,48359.0,994.3181818181821,4.761904761904762,20,20,1,0,19,19,2131,1,0,0,1,1
2020-10-08,US,Texas,Orange,2022,44,0,30.11879481,-93.89412775,48361.0,2424.576718307833,2.1760633036597428,1978,2008,44,0,1964,2008,83572,14,0,0,14,0
2020-10-08,US,Texas,Palo Pinto,623,16,0,32.75310985,-98.31319001,48363.0,2134.3656857035185,2.5682182985553768,607,620,16,0,604,605,28875,3,0,0,3,15
2020-10-08,US,Texas,Panola,415,26,0,32.163959600000005,-94.30552481,48365.0,1789.2558420281107,6.265060240963856,389,411,26,0,385,410,23148,4,0,0,4,1
2020-10-08,US,Texas,Parker,2096,38,0,32.77757172,-97.80500621,48367.0,1466.9858200702695,1.8129770992366407,2058,2085,38,0,2047,2063,138371,11,0,0,11,22
2020-10-08,US,Texas,Parmer,452,12,0,34.52993409,-102.78446679999999,48369.0,4705.882352941177,2.6548672566371683,440,449,11,0,438,445,9864,3,1,0,2,4
2020-10-08,US,Texas,Pecos,403,5,0,30.78097267,-102.72412609999999,48371.0,2546.925361815079,1.2406947890818858,398,403,5,0,398,401,15673,0,0,0,0,2
2020-10-08,US,Texas,Polk,876,25,0,30.79472531,-94.82766240000001,48373.0,1705.8399704009507,2.853881278538813,851,876,25,0,851,876,50031,0,0,0,0,0
2020-10-08,US,Texas,Potter,6500,76,0,35.40133773,-101.893964,48375.0,5535.919601413789,1.1692307692307693,6424,6353,76,0,6277,6260,119648,147,0,0,147,93
2020-10-08,US,Texas,Presidio,97,7,0,29.99954402,-104.24080790000001,48377.0,1446.8973747016707,7.216494845360825,90,97,7,0,90,97,6948,0,0,0,0,0
2020-10-08,US,Texas,Rains,76,5,0,32.87109387,-95.79232691,48379.0,607.3198018219596,6.578947368421053,71,76,5,0,71,75,12159,0,0,0,0,1
2020-10-08,US,Texas,Randall,3404,46,0,34.96585996,-101.8971322,48381.0,2471.807309404341,1.351351351351351,3358,3335,46,0,3289,3250,136271,69,0,0,69,85
2020-10-08,US,Texas,Reagan,90,6,0,31.36607041,-101.52326590000001,48383.0,2338.269680436477,6.666666666666668,84,90,6,0,84,90,3741,0,0,0,0,0
2020-10-08,US,Texas,Real,120,8,0,29.83321503,-99.82018052,48385.0,3476.245654692932,6.666666666666668,112,120,8,0,112,120,3478,0,0,0,0,0
2020-10-08,US,Texas,Red River,169,14,0,33.61886692,-95.04841765,48387.0,1405.63919154953,8.284023668639053,155,169,14,0,155,168,12175,0,0,0,0,1
2020-10-08,US,Texas,Reeves,216,6,0,31.32323325,-103.69038959999999,48389.0,1352.0280420630947,2.7777777777777777,210,216,6,0,210,213,15695,0,0,0,0,3
2020-10-08,US,Texas,Refugio,310,14,0,28.323897600000002,-97.15766311,48391.0,4461.715601611974,4.516129032258065,296,310,14,0,296,310,7032,0,0,0,0,0
2020-10-08,US,Texas,Roberts,14,0,0,35.83809685,-100.813175,48393.0,1639.344262295082,0.0,14,12,0,0,12,12,903,2,0,0,2,0
2020-10-08,US,Texas,Robertson,341,4,0,31.02539637,-96.51272246,48395.0,1997.188707977041,1.1730205278592376,337,338,4,0,334,333,17284,3,0,0,3,5
2020-10-08,US,Texas,Rockwall,1712,30,0,32.89779518,-96.40771592,48397.0,1631.7971691369205,1.7523364485981308,1682,1712,29,0,1683,1700,100657,0,1,0,-1,12
2020-10-08,US,Texas,Runnels,285,9,0,31.8314342,-99.97616148,48399.0,2776.6952455183173,3.1578947368421053,276,285,9,0,276,283,10234,0,0,0,0,2
2020-10-08,US,Texas,Rusk,950,19,0,32.10773545,-94.76176432,48401.0,1746.1309414402826,2.0,931,958,18,0,940,965,54450,-8,1,0,-9,-7
2020-10-08,US,Texas,Sabine,82,8,0,31.34318809,-93.85440451,48403.0,777.8410168848416,9.75609756097561,74,82,8,0,74,82,10589,0,0,0,0,0
2020-10-08,US,Texas,San Augustine,207,15,0,31.39457611,-94.17000399,48405.0,2513.050868034479,7.246376811594202,192,207,15,0,192,207,8232,0,0,0,0,0
2020-10-08,US,Texas,San Jacinto,228,11,0,30.57933681,-95.16260304,48407.0,790.04816521709,4.824561403508771,217,228,11,0,217,228,28719,0,0,0,0,0
2020-10-08,US,Texas,San Patricio,1501,77,0,28.00880118,-97.51763891,48409.0,2249.363105050202,5.129913391072618,1424,1501,77,0,1424,1501,66893,0,0,0,0,0
2020-10-08,US,Texas,San Saba,77,0,0,31.1577796,-98.81758731,48411.0,1271.676300578035,0.0,77,79,0,0,79,79,6054,-2,0,0,-2,0
2020-10-08,US,Texas,Schleicher,53,2,0,30.89740592,-100.5384842,48413.0,1897.6011457214465,3.7735849056603774,51,53,2,0,51,53,2895,0,0,0,0,0
2020-10-08,US,Texas,Scurry,856,8,0,32.74613808,-100.91626640000001,48415.0,5124.827875231994,0.9345794392523364,848,834,7,0,827,773,16866,22,1,0,21,61
2020-10-08,US,Texas,Shackelford,29,0,0,32.73587756,-99.35401337,48417.0,888.208269525268,0.0,29,29,0,0,29,29,3253,0,0,0,0,0
2020-10-08,US,Texas,Shelby,525,27,0,31.79211404,-94.14550696,48419.0,2077.2335206140697,5.142857142857143,498,495,27,0,468,488,25418,30,0,0,30,7
2020-10-08,US,Texas,Sherman,66,1,0,36.27751473,-101.8933156,48421.0,2183.9841164791533,1.5151515151515151,65,66,1,0,65,66,3079,0,0,0,0,0
2020-10-08,US,Texas,Smith,3981,112,0,32.37474036,-95.27175679999999,48423.0,1710.4115556968607,2.8133634765134388,3869,3953,110,0,3843,3928,230221,28,2,0,26,25
2020-10-08,US,Texas,Somervell,151,5,0,32.22236802,-97.77403489,48425.0,1654.2506573181424,3.3112582781456954,146,150,5,0,145,150,9016,1,0,0,1,0
2020-10-08,US,Texas,Starr,3479,173,0,26.56150059,-98.73892358,48427.0,5382.699240326149,4.972693302673182,3306,3465,173,0,3292,3461,64525,14,0,0,14,4
2020-10-08,US,Texas,Stephens,145,4,0,32.73553157,-98.83631615,48429.0,1548.1528934443734,2.7586206896551726,141,142,4,0,138,138,9433,3,0,0,3,4
2020-10-08,US,Texas,Sterling,7,0,0,31.82781912,-101.05007459999999,48431.0,542.2153369481024,0.0,7,7,0,0,7,7,1311,0,0,0,0,0
2020-10-08,US,Texas,Stonewall,16,1,0,33.17906744,-100.25384009999999,48433.0,1185.1851851851852,6.25,15,16,1,0,15,16,1362,0,0,0,0,0
2020-10-08,US,Texas,Sutton,85,3,0,30.49856623,-100.5382014,48435.0,2251.0593220338988,3.5294117647058822,82,85,3,0,82,85,3758,0,0,0,0,0
2020-10-08,US,Texas,Swisher,113,3,0,34.53028891,-101.73491740000001,48437.0,1527.6463431120724,2.6548672566371683,110,112,3,0,109,107,7462,1,0,0,1,5
2020-10-08,US,Texas,Tarrant,53838,751,0,32.77143818,-97.29101614,48439.0,2560.647605367857,1.3949255172926185,53087,53292,747,0,52545,52720,2084931,546,4,0,542,572
2020-10-08,US,Texas,Taylor,1582,60,0,32.30163422,-99.89007449,48441.0,1146.0944405001667,3.7926675094816686,1522,1574,59,0,1515,1570,137640,8,1,0,7,4
2020-10-08,US,Texas,Terrell,3,0,0,30.22429013,-102.0766732,48443.0,386.59793814432993,0.0,3,3,0,0,3,3,823,0,0,0,0,0
2020-10-08,US,Texas,Terry,323,4,0,33.17402785,-102.3354521,48445.0,2618.1405528086248,1.238390092879257,319,320,4,0,316,298,12287,3,0,0,3,22
2020-10-08,US,Texas,Throckmorton,13,2,0,33.17751417,-99.21226795,48447.0,866.089273817455,15.384615384615385,11,10,2,0,8,9,1515,3,0,0,3,1
2020-10-08,US,Texas,Titus,1601,31,0,33.21339719,-94.96797273,48449.0,4888.5496183206105,1.9362898188632105,1570,1601,30,0,1571,1601,33033,0,1,0,-1,0
2020-10-08,US,Texas,Tom Green,3968,71,0,31.40464436,-100.46244300000001,48451.0,3328.8590604026845,1.7893145161290325,3897,3932,71,0,3861,3901,118189,36,0,0,36,31
2020-10-08,US,Texas,Travis,30075,437,0,30.33432034,-97.78535620000001,48453.0,2360.7602786285847,1.4530340814630092,29638,29997,436,0,29561,29952,1248743,78,1,0,77,45
2020-10-08,US,Texas,Trinity,199,7,0,31.0879489,-95.1367187,48455.0,1358.2690601324139,3.5175879396984926,192,199,7,0,192,199,14740,0,0,0,0,0
2020-10-08,US,Texas,Tyler,236,4,0,30.77031716,-94.37690895,48457.0,1088.9627168696936,1.6949152542372878,232,236,4,0,232,236,21696,0,0,0,0,0
2020-10-08,US,Texas,Upshur,416,11,0,32.73706798,-94.93999853,48459.0,996.335592652025,2.644230769230769,405,412,11,0,401,411,41260,4,0,0,4,1
2020-10-08,US,Texas,Upton,25,2,0,31.36868194,-102.0423217,48461.0,683.6204539239814,8.0,23,25,2,0,23,26,3671,0,0,0,0,-1
2020-10-08,US,Texas,Uvalde,805,36,0,29.35739637,-99.76229172,48463.0,3010.358625331887,4.472049689440993,769,805,36,0,769,804,26846,0,0,0,0,1
2020-10-08,US,Texas,Val Verde,2278,117,0,29.89149232,-101.1525205,48465.0,4646.608873023967,5.136084284460051,2161,2269,117,0,2152,2262,49208,9,0,0,9,7
2020-10-08,US,Texas,Van Zandt,611,20,0,32.56483801,-95.83766469,48467.0,1079.6960593744477,3.2733224222585924,591,606,20,0,586,604,56019,5,0,0,5,2
2020-10-08,US,Texas,Victoria,4121,96,0,28.79780988,-96.96813006,48469.0,4475.2617175622245,2.329531667071099,4025,4115,96,0,4019,4108,92035,6,0,0,6,7
2020-10-08,US,Texas,Walker,3808,58,0,30.73872995,-95.57440968,48471.0,5218.511463458086,1.5231092436974791,3750,3788,57,0,3731,3819,72480,20,1,0,19,-31
2020-10-08,US,Texas,Waller,926,15,0,30.01058447,-95.99011759,48473.0,1676.139449009883,1.6198704103671706,911,923,15,0,908,918,53126,3,0,0,3,5
2020-10-08,US,Texas,Ward,140,1,0,31.50999644,-103.09279090000001,48475.0,1166.8611435239204,0.7142857142857143,139,140,1,0,139,138,11720,0,0,0,0,2
2020-10-08,US,Texas,Washington,655,48,0,30.21498498,-96.40946246,48477.0,1825.427791093027,7.32824427480916,607,653,48,0,605,652,35108,2,0,0,2,1
2020-10-08,US,Texas,Webb,14301,326,0,27.7610369,-99.33237355,48479.0,5169.310180298715,2.2795608698692402,13975,14287,321,0,13966,14156,275910,14,5,0,9,131
2020-10-08,US,Texas,Wharton,1394,55,0,29.27765923,-96.22319248,48481.0,3354.5095774376746,3.9454806312769013,1339,1392,55,0,1337,1391,41619,2,0,0,2,1
2020-10-08,US,Texas,Wheeler,50,0,0,35.40114335,-100.26995140000001,48483.0,988.9240506329114,0.0,50,50,0,0,50,50,5191,0,0,0,0,0
2020-10-08,US,Texas,Wichita,2118,25,0,33.98842886,-98.70410340000001,48485.0,1601.7545186417606,1.1803588290840414,2093,2051,25,0,2026,1989,132064,67,0,0,67,62
2020-10-08,US,Texas,Wilbarger,234,2,0,34.07945812,-99.24178437,48487.0,1832.5632390946826,0.8547008547008547,232,230,2,0,228,221,12820,4,0,0,4,9
2020-10-08,US,Texas,Willacy,1213,54,0,26.47411727,-97.61535848,48489.0,5679.370727596217,4.451772464962902,1159,1211,53,0,1158,1211,21515,2,1,0,1,0
2020-10-08,US,Texas,Williamson,8894,145,0,30.64655664,-97.60048540000001,48491.0,1506.0511285223458,1.6303125702720935,8749,8882,145,0,8737,8861,566719,12,0,0,12,21
2020-10-08,US,Texas,Wilson,963,28,0,29.1732598,-98.08693082,48493.0,1885.6471509692576,2.907580477673936,935,961,28,0,933,966,50224,2,0,0,2,-5
2020-10-08,US,Texas,Winkler,121,4,0,31.85008651,-103.04851629999999,48495.0,1510.6117353308364,3.3057851239669422,117,121,4,0,117,121,7720,0,0,0,0,0
2020-10-08,US,Texas,Wise,801,14,0,33.21570665,-97.65460265,48497.0,1144.5473251028807,1.7478152309612984,787,799,14,0,785,791,68305,2,0,0,2,8
2020-10-08,US,Texas,Wood,567,29,0,32.78722382,-95.38236368,48499.0,1245.0866290432375,5.114638447971782,538,561,29,0,532,553,45129,6,0,0,6,8
2020-10-08,US,Texas,Yoakum,268,5,0,33.17320212,-102.82764329999999,48501.0,3075.8636520142322,1.8656716417910448,263,265,5,0,260,260,8591,3,0,0,3,5
2020-10-08,US,Texas,Young,386,6,0,33.17659707,-98.68790885,48503.0,2143.253747917824,1.5544041450777202,380,371,6,0,365,360,18045,15,0,0,15,11
2020-10-08,US,Texas,Zapata,341,6,0,27.00156391,-99.16987152,48505.0,2404.9650892164473,1.7595307917888563,335,338,6,0,332,338,14190,3,0,0,3,0
2020-10-08,US,Texas,Zavala,401,16,0,28.86617238,-99.76050829,48507.0,3386.8243243243237,3.990024937655861,385,400,16,0,384,395,11983,1,0,0,1,5
2020-10-08,US,Utah,Bear River,3859,11,0,41.52106798,-113.08328159999999,0.0,2065.6467792182766,0.2850479398807981,3848,3751,11,0,3740,3721,,108,0,0,108,30
2020-10-08,US,Utah,Central Utah,809,5,0,39.37231946,-111.5758676,0.0,987.1391268272446,0.6180469715698393,804,794,5,0,789,766,,15,0,0,15,28
2020-10-08,US,Utah,Davis,6047,34,0,40.99001837,-112.1139997,49011.0,1701.0754442572174,0.5622622788159418,6013,5884,33,0,5851,5776,351713,163,1,0,162,108
2020-10-08,US,Utah,Salt Lake,35436,271,0,40.66616532,-111.92160109999999,49035.0,3053.6771922991084,0.7647590021447116,35165,34884,268,0,34616,34396,1152633,552,3,0,549,488
2020-10-08,US,Utah,San Juan,713,29,0,37.62762978,-109.80337140000002,49037.0,4657.695322707082,4.0673211781206176,684,712,29,0,683,709,15449,1,0,0,1,3
2020-10-08,US,Utah,Southeast Utah,268,1,0,38.99617072,-110.70139579999999,0.0,666.1860846652912,0.373134328358209,267,257,1,0,256,256,,11,0,0,11,1
2020-10-08,US,Utah,Southwest Utah,4682,40,0,37.85447192,-111.4418764,0.0,1857.6269034525992,0.8543357539513029,4642,4653,39,0,4614,4597,,29,1,0,28,56
2020-10-08,US,Utah,Summit,1112,1,0,40.86688146,-110.9535882,49043.0,2638.5099062759523,0.08992805755395683,1111,1100,1,0,1099,1088,41933,12,0,0,12,12
2020-10-08,US,Utah,Tooele,993,1,0,40.44862644,-113.12957150000001,49045.0,1374.223280145034,0.10070493454179257,992,968,1,0,967,953,69907,25,0,0,25,15
2020-10-08,US,Utah,TriCounty,273,2,0,40.12491499,-109.5174415,0.0,482.1447493906962,0.7326007326007326,271,265,2,0,263,258,,8,0,0,8,7
2020-10-08,US,Utah,Utah,22010,66,0,40.116672200000004,-111.66576620000001,49049.0,3459.4135814596807,0.29986369831894594,21944,21566,66,0,21500,21381,622213,444,0,0,444,185
2020-10-08,US,Utah,Wasatch,875,8,0,40.33110236,-111.1691419,49051.0,2566.659822240474,0.9142857142857144,867,865,8,0,857,855,33240,10,0,0,10,10
2020-10-08,US,Utah,Weber-Morgan,4870,32,0,41.27116049,-111.9145117,0.0,1788.2256175253451,0.6570841889117043,4838,4747,32,0,4715,4683,,123,0,0,123,64
2020-10-08,US,Vermont,Addison,111,2,0,44.03217337,-73.14130877,50001.0,301.81907170242266,1.8018018018018016,109,111,2,0,109,111,36973,0,0,0,0,0
2020-10-08,US,Vermont,Bennington,126,1,0,43.03519828,-73.09048868,50003.0,355.229771638004,0.7936507936507936,125,125,1,0,124,123,35631,1,0,0,1,2
2020-10-08,US,Vermont,Caledonia,34,0,0,44.46548598,-72.10314651,50005.0,113.35978394958825,0.0,34,34,0,0,34,34,30302,0,0,0,0,0
2020-10-08,US,Vermont,Chittenden,863,39,0,44.46322849,-73.08359212,50007.0,526.9456690317145,4.519119351100811,824,859,39,0,820,857,164572,4,0,0,4,2
2020-10-08,US,Vermont,Essex,6,0,0,44.72736416,-71.73579864,50009.0,97.35518416355671,0.0,6,6,0,0,6,6,6250,0,0,0,0,0
2020-10-08,US,Vermont,Franklin,131,7,0,44.85627605,-72.91249563,50011.0,265.1714505485608,5.343511450381679,124,130,7,0,123,130,49421,1,0,0,1,0
2020-10-08,US,Vermont,Grand Isle,16,0,0,44.797582399999996,-73.29679772,50013.0,221.147201105736,0.0,16,16,0,0,16,16,7090,0,0,0,0,0
2020-10-08,US,Vermont,Lamoille,59,1,0,44.60353043,-72.64356694,50015.0,232.63149593880607,1.6949152542372878,58,59,1,0,58,59,25300,0,0,0,0,0
2020-10-08,US,Vermont,Orange,25,0,0,44.00470222,-72.37640104,50017.0,86.52914301536758,0.0,25,25,0,0,25,25,28999,0,0,0,0,0
2020-10-08,US,Vermont,Orleans,21,0,0,44.82964024,-72.24562697,50019.0,77.67133927580724,0.0,21,21,0,0,21,21,26907,0,0,0,0,0
2020-10-08,US,Vermont,Rutland,131,1,0,43.57723578,-73.03741676,50021.0,225.12072313588013,0.7633587786259542,130,131,1,0,130,131,58672,0,0,0,0,0
2020-10-08,US,Vermont,Unassigned,8,0,0,0.0,0.0,90050.0,0.0,0.0,8,8,0,0,8,8,,0,0,0,0,0
2020-10-08,US,Vermont,Washington,81,2,0,44.27343241,-72.61604978,50023.0,138.67725864164768,2.469135802469136,79,78,2,0,76,78,58140,3,0,0,3,0
2020-10-08,US,Vermont,Windham,129,3,0,42.986982,-72.71268875,50025.0,305.52792383117804,2.3255813953488373,126,129,3,0,126,128,42756,0,0,0,0,1
2020-10-08,US,Vermont,Windsor,97,2,0,43.58010937,-72.58595157,50027.0,176.16505030692673,2.061855670103093,95,95,2,0,93,94,55286,2,0,0,2,1
2020-10-08,US,Virginia,Accomack,1188,19,0,37.76707161,-75.63234615,51001.0,3676.197549201634,1.5993265993265993,1169,1188,19,0,1169,1188,32412,0,0,0,0,0
2020-10-08,US,Virginia,Albemarle,1409,22,0,38.02080697,-78.55481085,51003.0,1288.7588036220614,1.5613910574875798,1387,1390,22,0,1368,1385,108718,19,0,0,19,5
2020-10-08,US,Virginia,Alexandria,3961,73,0,38.814003,-77.08183073,51510.0,2484.5071129287203,1.8429689472355464,3888,3938,71,0,3867,3932,160530,23,2,0,21,6
2020-10-08,US,Virginia,Alleghany,81,4,0,37.78636074,-80.00222498,51005.0,545.0874831763123,4.938271604938271,77,81,4,0,77,81,14910,0,0,0,0,0
2020-10-08,US,Virginia,Amelia,128,5,0,37.34081025,-77.98584649,51007.0,973.7542791936096,3.90625,123,127,5,0,122,126,13013,1,0,0,1,1
2020-10-08,US,Virginia,Amherst,445,4,0,37.60308293,-79.14548696,51009.0,1408.0050624901126,0.8988764044943821,441,434,4,0,430,433,31666,11,0,0,11,1
2020-10-08,US,Virginia,Appomattox,233,4,0,37.37569884,-78.81340003,51011.0,1464.395701087298,1.7167381974248928,229,227,3,0,224,227,15841,6,1,0,5,0
2020-10-08,US,Virginia,Arlington,4132,152,0,38.8767675,-77.10139853,51013.0,1744.6229976102206,3.678606001936109,3980,4083,152,0,3931,4068,237521,49,0,0,49,15
2020-10-08,US,Virginia,Augusta,550,7,0,38.16404586,-79.12461614,51015.0,727.9176261944466,1.2727272727272727,543,540,7,0,533,535,75457,10,0,0,10,5
2020-10-08,US,Virginia,Bath,19,0,0,38.05852573,-79.73912095,51017.0,458.16252712804436,0.0,19,18,0,0,18,16,4292,1,0,0,1,2
2020-10-08,US,Virginia,Bedford,897,15,0,37.3080028,-79.5281964,51019.0,1135.4861577021913,1.6722408026755853,882,867,15,0,852,862,78747,30,0,0,30,5
2020-10-08,US,Virginia,Bland,64,5,0,37.13128068,-81.13599391,51021.0,1019.108280254777,7.8125,59,64,5,0,59,64,6293,0,0,0,0,0
2020-10-08,US,Virginia,Botetourt,323,11,0,37.55531756,-79.80982182,51023.0,966.5160537418834,3.4055727554179565,312,320,10,0,310,315,33277,3,1,0,2,5
2020-10-08,US,Virginia,Bristol,199,7,0,36.616302399999995,-82.16359122,51520.0,1187.2091635842978,3.5175879396984926,192,198,7,0,191,198,16482,1,0,0,1,0
2020-10-08,US,Virginia,Brunswick,384,5,0,36.76366949,-77.8593436,51025.0,2365.8431396710002,1.3020833333333333,379,374,5,0,369,374,16384,10,0,0,10,0
2020-10-08,US,Virginia,Buchanan,196,2,0,37.26818323,-82.03749726,51027.0,933.1555894115406,1.020408163265306,194,188,2,0,186,181,21221,8,0,0,8,7
2020-10-08,US,Virginia,Buckingham,705,9,0,37.57242268,-78.52518834,51029.0,4111.266620013996,1.2765957446808511,696,704,9,0,695,702,16999,1,0,0,1,2
2020-10-08,US,Virginia,Buena Vista,99,1,0,37.73484642,-79.35296097,51530.0,1528.249459709787,1.0101010101010102,98,94,1,0,93,92,6237,5,0,0,5,2
2020-10-08,US,Virginia,Campbell,520,4,0,37.20553386,-79.09678609,51031.0,947.4355470529288,0.7692307692307693,516,496,4,0,492,494,54973,24,0,0,24,2
2020-10-08,US,Virginia,Caroline,371,5,0,38.02679129,-77.34901405,51033.0,1207.485760781123,1.3477088948787062,366,370,5,0,365,370,30772,1,0,0,1,0
2020-10-08,US,Virginia,Carroll,522,25,0,36.73066666,-80.73455942,51035.0,1752.2070423953546,4.789272030651341,497,517,25,0,492,516,29636,5,0,0,5,1
2020-10-08,US,Virginia,Charles City,87,5,0,37.35358063,-77.05634116,51036.0,1249.4614390348986,5.747126436781608,82,86,5,0,81,86,6941,1,0,0,1,0
2020-10-08,US,Virginia,Charlotte,157,0,0,37.01909701,-78.66314092,51037.0,1321.5488215488215,0.0,157,149,0,0,149,146,11938,8,0,0,8,3
2020-10-08,US,Virginia,Charlottesville,1421,30,0,38.03527919,-78.48569588,51540.0,3006.389370795075,2.1111893033075297,1391,1386,30,0,1356,1383,48117,35,0,0,35,3
2020-10-08,US,Virginia,Chesapeake,4517,73,0,36.67670048,-76.30545744,51550.0,1844.9159638123635,1.6161168917423068,4444,4457,72,0,4385,4448,242634,60,1,0,59,9
2020-10-08,US,Virginia,Chesterfield,6266,98,0,37.37373208,-77.58680140000001,51041.0,1776.0670290984744,1.5639961698052984,6168,6207,98,0,6109,6192,348556,59,0,0,59,15
2020-10-08,US,Virginia,Clarke,100,1,0,39.11271747,-77.99199425,51043.0,684.0413160954922,1.0,99,99,1,0,98,99,14523,1,0,0,1,0
2020-10-08,US,Virginia,Colonial Heights,272,26,0,37.26420587,-77.39609676,51570.0,1565.9182498560735,9.558823529411764,246,269,26,0,243,268,17833,3,0,0,3,1
2020-10-08,US,Virginia,Covington,33,0,0,37.7824656,-79.98631446,51580.0,595.8829902491874,0.0,33,33,0,0,33,33,5460,0,0,0,0,0
2020-10-08,US,Virginia,Craig,32,0,0,37.48133648,-80.21072274,51045.0,623.6601052426428,0.0,32,31,0,0,31,31,5064,1,0,0,1,0
2020-10-08,US,Virginia,Culpeper,1234,18,0,38.48199985,-77.95630870000002,51047.0,2345.784621233723,1.4586709886547813,1216,1229,17,0,1212,1228,51859,5,1,0,4,1
2020-10-08,US,Virginia,Cumberland,109,2,0,37.51328851,-78.24398086,51049.0,1097.4627466774064,1.834862385321101,107,109,2,0,107,109,9809,0,0,0,0,0
2020-10-08,US,Virginia,Danville,1011,34,0,36.58022376,-79.40395668,51590.0,2524.7228049145942,3.3630069238377844,977,978,33,0,945,961,40693,33,1,0,32,17
2020-10-08,US,Virginia,Dickenson,108,1,0,37.12560977,-82.35124171,51051.0,754.2952926386366,0.925925925925926,107,105,1,0,104,104,14523,3,0,0,3,1
2020-10-08,US,Virginia,Dinwiddie,426,11,0,37.07544585,-77.63451754,51053.0,1492.432735426009,2.582159624413145,415,422,11,0,411,421,28529,4,0,0,4,1
2020-10-08,US,Virginia,Emporia,265,26,0,36.69455571,-77.53406129,51595.0,4956.977179199402,9.81132075471698,239,263,26,0,237,261,5121,2,0,0,2,2
2020-10-08,US,Virginia,Essex,183,2,0,37.93357639,-76.94230311,51057.0,1670.7751301013418,1.0928961748633879,181,183,2,0,181,183,10919,0,0,0,0,0
2020-10-08,US,Virginia,Fairfax,21632,595,0,38.83677558,-77.27565836,51059.0,1885.08904326851,2.7505547337278107,21037,21447,594,0,20853,21414,1150795,185,1,0,184,33
2020-10-08,US,Virginia,Fairfax,21632,595,0,38.83677558,-77.27565836,51059.0,1885.08904326851,2.7505547337278107,21037,21447,594,0,20853,21414,24574,185,1,0,184,33
2020-10-08,US,Virginia,Fairfax City,141,8,0,38.85157547,-77.29779640000002,51600.0,587.0352637495316,5.673758865248227,133,140,8,0,132,140,24574,1,0,0,1,0
2020-10-08,US,Virginia,Falls Church,72,7,0,38.88485255,-77.17560759,51610.0,492.57713621126084,9.722222222222221,65,72,7,0,65,72,14772,0,0,0,0,0
2020-10-08,US,Virginia,Fauquier,987,25,0,38.73564842,-77.80647472,51061.0,1385.80775603044,2.532928064842958,962,978,25,0,953,976,70675,9,0,0,9,2
2020-10-08,US,Virginia,Floyd,218,14,0,36.9302126,-80.36738849,51063.0,1384.2148707854467,6.422018348623853,204,216,13,0,203,214,15795,2,1,0,1,2
2020-10-08,US,Virginia,Fluvanna,387,9,0,37.84157909,-78.27715475,51065.0,1419.1419141914193,2.3255813953488373,378,386,9,0,377,385,26783,1,0,0,1,1
2020-10-08,US,Virginia,Franklin,194,1,0,36.99536167,-79.88023649,51067.0,346.1689447200313,0.5154639175257731,193,194,1,0,193,194,56195,0,0,0,0,0
2020-10-08,US,Virginia,Franklin,194,1,0,36.99536167,-79.88023649,51067.0,346.1689447200313,0.5154639175257731,193,194,1,0,193,194,8013,0,0,0,0,0
2020-10-08,US,Virginia,Franklin City,443,10,0,36.6831435,-76.93859681,51620.0,5560.436801807457,2.2573363431151243,433,437,10,0,427,437,8013,6,0,0,6,0
2020-10-08,US,Virginia,Frederick,971,13,0,39.20172582,-78.25974949,51069.0,1087.1877554219432,1.3388259526261586,958,957,13,0,944,954,88355,14,0,0,14,3
2020-10-08,US,Virginia,Fredericksburg,560,5,0,38.2977863,-77.4922454,51630.0,1928.6403085824493,0.8928571428571429,555,554,5,0,549,553,29144,6,0,0,6,1
2020-10-08,US,Virginia,Galax,421,30,0,36.66601852,-80.91703124,51640.0,6633.054986607845,7.1258907363420425,391,421,30,0,391,421,6423,0,0,0,0,0
2020-10-08,US,Virginia,Giles,95,0,0,37.31234791,-80.70636931,51071.0,568.1818181818181,0.0,95,94,0,0,94,94,16844,1,0,0,1,0
2020-10-08,US,Virginia,Gloucester,277,2,0,37.40809042,-76.53524337,51073.0,741.6729142122737,0.7220216606498195,275,265,2,0,263,265,37349,12,0,0,12,0
2020-10-08,US,Virginia,Goochland,290,7,0,37.71714806,-77.90381514,51075.0,1220.8984128320633,2.413793103448276,283,287,7,0,280,287,23244,3,0,0,3,0
2020-10-08,US,Virginia,Grayson,328,17,0,36.65677234,-81.23215889,51077.0,2109.3247588424438,5.182926829268292,311,326,17,0,309,325,15631,2,0,0,2,1
2020-10-08,US,Virginia,Greene,244,3,0,38.29545894,-78.46525378,51079.0,1231.1418335940261,1.2295081967213115,241,241,3,0,238,241,19779,3,0,0,3,0
2020-10-08,US,Virginia,Greensville,812,11,0,36.67878901,-77.56351439,51081.0,7163.020465772759,1.354679802955665,801,808,11,0,797,806,11627,4,0,0,4,2
2020-10-08,US,Virginia,Halifax,394,7,0,36.76654925,-78.93512622,51083.0,1161.8648816018401,1.7766497461928934,387,385,7,0,378,384,34120,9,0,0,9,1
2020-10-08,US,Virginia,Hampton,1923,27,0,37.03513786,-76.35879121,51650.0,1429.6334844992934,1.4040561622464898,1896,1899,27,0,1872,1896,134313,24,0,0,24,3
2020-10-08,US,Virginia,Hanover,1416,40,0,37.7583355,-77.49464673,51085.0,1313.95802015478,2.824858757062147,1376,1401,39,0,1362,1395,107239,15,1,0,14,6
2020-10-08,US,Virginia,Harrisonburg,2784,35,0,38.43542574,-78.87536254,51660.0,5251.244907197827,1.257183908045977,2749,2757,34,0,2723,2739,54033,27,1,0,26,18
2020-10-08,US,Virginia,Henrico,5659,220,0,37.53460572,-77.39326555,51087.0,1710.6082498533938,3.887612652412087,5439,5617,219,0,5398,5608,329261,42,1,0,41,9
2020-10-08,US,Virginia,Henry,1140,27,0,36.68542395,-79.87634026,51089.0,2254.8806297842043,2.3684210526315788,1113,1120,26,0,1094,1113,50953,20,1,0,19,7
2020-10-08,US,Virginia,Highland,8,0,0,38.35799465,-79.56124594,51091.0,365.296803652968,0.0,8,8,0,0,8,8,2210,0,0,0,0,0
2020-10-08,US,Virginia,Hopewell,432,7,0,37.29186313,-77.29754684,51670.0,1917.5285187979932,1.6203703703703705,425,423,7,0,416,421,22596,9,0,0,9,2
2020-10-08,US,Virginia,Isle of Wight,788,20,0,36.90579348,-76.70842863,51093.0,2123.4740898434343,2.538071065989848,768,777,20,0,757,777,36953,11,0,0,11,0
2020-10-08,US,Virginia,James City,878,21,0,37.31156958,-76.76950618,51095.0,1147.3674581498376,2.3917995444191344,857,871,21,0,850,868,76397,7,0,0,7,3
2020-10-08,US,Virginia,King George,250,4,0,38.26818502,-77.15852768,51099.0,931.5844388135339,1.6,246,242,4,0,238,241,26575,8,0,0,8,1
2020-10-08,US,Virginia,King William,173,2,0,37.70965316,-77.09384941,51101.0,1008.8640074644272,1.1560693641618498,171,167,2,0,165,167,16939,6,0,0,6,0
2020-10-08,US,Virginia,King and Queen,78,1,0,37.71044922,-76.88689628,51097.0,1110.320284697509,1.2820512820512822,77,78,1,0,77,78,7042,0,0,0,0,0
2020-10-08,US,Virginia,Lancaster,164,0,0,37.71889653,-76.46400482,51103.0,1546.73205696501,0.0,164,161,0,0,161,161,10783,3,0,0,3,0
2020-10-08,US,Virginia,Lee,310,7,0,36.70586667,-83.12606515,51105.0,1323.4854630064467,2.2580645161290325,303,306,7,0,299,306,23541,4,0,0,4,0
2020-10-08,US,Virginia,Lexington,148,1,0,37.78258621,-79.44262866,51678.0,1987.6443728176205,0.6756756756756757,147,140,1,0,139,133,7136,8,0,0,8,7
2020-10-08,US,Virginia,Loudoun,7110,127,0,39.08990083,-77.63481877,51107.0,1719.309954587003,1.7862165963431786,6983,7042,127,0,6915,7026,406850,68,0,0,68,16
2020-10-08,US,Virginia,Louisa,319,7,0,37.97850256,-77.96274807,51109.0,848.6073794259264,2.19435736677116,312,314,7,0,307,314,36778,5,0,0,5,0
2020-10-08,US,Virginia,Lunenburg,124,3,0,36.94618528,-78.24133319,51111.0,1016.7267956707117,2.419354838709677,121,124,3,0,121,124,12086,0,0,0,0,0
2020-10-08,US,Virginia,Lynchburg,1613,19,0,37.40021399,-79.19888138,51680.0,1963.051309512219,1.1779293242405455,1594,1577,17,0,1560,1573,82126,36,2,0,34,4
2020-10-08,US,Virginia,Madison,117,3,0,38.41531222,-78.28220331,51113.0,882.2864037402911,2.5641025641025643,114,115,3,0,112,114,13295,2,0,0,2,1
2020-10-08,US,Virginia,Manassas,1970,24,0,38.7464321,-77.48509905,51683.0,4794.937325057807,1.218274111675127,1946,1961,24,0,1937,1954,41641,9,0,0,9,7
2020-10-08,US,Virginia,Manassas Park,621,8,0,38.77058531,-77.44399307,51685.0,3553.038105046344,1.288244766505636,613,619,8,0,611,616,17307,2,0,0,2,3
2020-10-08,US,Virginia,Martinsville,420,23,0,36.68212094,-79.86352771,51690.0,3345.5472359407368,5.476190476190476,397,407,23,0,384,404,12902,13,0,0,13,3
2020-10-08,US,Virginia,Mathews,104,0,0,37.44164146,-76.34098896,51115.0,1177.2696400271675,0.0,104,92,0,0,92,92,8802,12,0,0,12,0
2020-10-08,US,Virginia,Mecklenburg,815,34,0,36.67882005,-78.36131056,51117.0,2664.530682969889,4.171779141104294,781,807,34,0,773,807,30650,8,0,0,8,0
2020-10-08,US,Virginia,Middlesex,131,11,0,37.63191998,-76.55064617,51119.0,1237.951237951238,8.396946564885496,120,128,11,0,117,127,10769,3,0,0,3,1
2020-10-08,US,Virginia,Montgomery,2216,5,0,37.17746986,-80.37868691,51121.0,2248.947074643528,0.22563176895306855,2211,2178,5,0,2173,2165,98985,38,0,0,38,13
2020-10-08,US,Virginia,Nelson,111,2,0,37.78790447,-78.88498513,51125.0,743.4695244474212,1.8018018018018016,109,110,2,0,108,110,14836,1,0,0,1,0
2020-10-08,US,Virginia,New Kent,238,3,0,37.50694406,-76.99828634,51127.0,1030.7046035251828,1.2605042016806722,235,230,3,0,227,229,22391,8,0,0,8,1
2020-10-08,US,Virginia,Newport News,2867,49,0,37.08166899,-76.51754109,51700.0,1599.6652252754916,1.709103592605511,2818,2845,49,0,2796,2833,178626,22,0,0,22,12
2020-10-08,US,Virginia,Norfolk,4996,79,0,36.89934014,-76.26420872,51710.0,2058.1522769030494,1.5812650120096077,4917,4968,79,0,4889,4955,244076,28,0,0,28,13
2020-10-08,US,Virginia,Northampton,311,31,0,37.34062933,-75.87751591,51131.0,2655.849701110162,9.96784565916399,280,310,31,0,279,310,11735,1,0,0,1,0
2020-10-08,US,Virginia,Northumberland,188,6,0,37.89202088,-76.41949732,51133.0,1554.3613063249275,3.191489361702128,182,183,6,0,177,183,12147,5,0,0,5,0
2020-10-08,US,Virginia,Norton,39,0,0,36.93357076,-82.62750411,51720.0,979.6533534287868,0.0,39,39,0,0,39,39,3968,0,0,0,0,0
2020-10-08,US,Virginia,Nottoway,293,20,0,37.1435975,-78.05065922,51135.0,1923.5819327731087,6.825938566552901,273,281,20,0,261,276,15420,12,0,0,12,5
2020-10-08,US,Virginia,Orange,349,5,0,38.24530219,-78.01560400000002,51137.0,941.9448867776848,1.4326647564469914,344,346,5,0,341,345,36644,3,0,0,3,1
2020-10-08,US,Virginia,Page,422,29,0,38.61807452,-78.48797204,51139.0,1765.5426324156977,6.872037914691943,393,415,29,0,386,414,23933,7,0,0,7,1
2020-10-08,US,Virginia,Patrick,288,26,0,36.680163799999995,-80.2865648,51141.0,1635.6201726487961,9.027777777777779,262,286,26,0,260,284,17673,2,0,0,2,2
2020-10-08,US,Virginia,Petersburg,787,29,0,37.20530399,-77.39368102,51730.0,2510.6871690167804,3.684879288437103,758,782,29,0,753,779,31567,5,0,0,5,3
2020-10-08,US,Virginia,Pittsylvania,1116,11,0,36.81980341,-79.39731264,51143.0,1849.0903668356696,0.985663082437276,1105,1100,11,0,1089,1087,60949,16,0,0,16,13
2020-10-08,US,Virginia,Poquoson,77,2,0,37.14259351,-76.35798148,51735.0,627.4957216200797,2.5974025974025974,75,76,2,0,74,76,12190,1,0,0,1,0
2020-10-08,US,Virginia,Portsmouth,2652,63,0,36.85914825,-76.35971629,51740.0,2809.3815546939563,2.3755656108597285,2589,2634,63,0,2571,2633,94632,18,0,0,18,1
2020-10-08,US,Virginia,Powhatan,240,5,0,37.55016038,-77.91267882,51145.0,809.3889113719142,2.083333333333333,235,240,5,0,235,240,29189,0,0,0,0,0
2020-10-08,US,Virginia,Prince Edward,631,12,0,37.22554789,-78.43597949,51147.0,2767.3011139373743,1.901743264659271,619,625,12,0,613,622,22950,6,0,0,6,3
2020-10-08,US,Virginia,Prince George,879,5,0,37.18497668,-77.22922187,51149.0,2291.8676505097383,0.5688282138794084,874,872,5,0,867,871,38082,7,0,0,7,1
2020-10-08,US,Virginia,Prince William,12979,212,0,38.70916224,-77.48713689,51153.0,2759.522468028108,1.6334078126203868,12767,12855,208,0,12647,12811,468011,124,4,0,120,44
2020-10-08,US,Virginia,Pulaski,246,5,0,37.06474963,-80.71229738,51155.0,722.9553002027801,2.0325203252032518,241,245,5,0,240,244,34066,1,0,0,1,1
2020-10-08,US,Virginia,Radford,763,2,0,37.12222899,-80.56027320000003,51750.0,4181.051016494054,0.2621231979030144,761,756,1,0,755,754,18339,7,1,0,6,2
2020-10-08,US,Virginia,Rappahannock,67,2,0,38.68295619,-78.15826963,51157.0,909.0909090909092,2.985074626865672,65,66,2,0,64,65,7252,1,0,0,1,1
2020-10-08,US,Virginia,Richmond,355,4,0,37.937575,-76.72920628,51159.0,3934.3898924969517,1.1267605633802815,351,352,4,0,348,353,9038,3,0,0,3,-1
2020-10-08,US,Virginia,Richmond City,4839,62,0,37.53255773,-77.47966921,51760.0,2099.932302244441,1.2812564579458563,4777,4792,62,0,4730,4790,228783,47,0,0,47,2
2020-10-08,US,Virginia,Roanoke,1037,8,0,37.26865804,-80.06396753,51161.0,1101.0128893890812,0.7714561234329798,1029,995,8,0,987,964,94073,42,0,0,42,31
2020-10-08,US,Virginia,Roanoke City,2022,32,0,37.27791025,-79.96189766,51770.0,2039.4783292819463,1.5825914935707222,1990,1966,29,0,1937,1941,99920,56,3,0,53,25
2020-10-08,US,Virginia,Rockbridge,131,2,0,37.81204314,-79.44605905,51163.0,580.3393434634297,1.5267175572519085,129,129,2,0,127,126,22752,2,0,0,2,3
2020-10-08,US,Virginia,Rockingham,1576,22,0,38.51006137,-78.87260325,51165.0,1923.170791233465,1.3959390862944163,1554,1566,22,0,1544,1558,81244,10,0,0,10,8
2020-10-08,US,Virginia,Russell,318,6,0,36.93028320000001,-82.10095486,51167.0,1196.1182577296322,1.8867924528301887,312,300,5,0,295,293,26748,18,1,0,17,7
2020-10-08,US,Virginia,Salem,328,6,0,37.2836193,-80.06219455,51775.0,1296.3914469783804,1.8292682926829267,322,310,6,0,304,299,25643,18,0,0,18,11
2020-10-08,US,Virginia,Scott,210,4,0,36.71466456,-82.60171704,51169.0,973.754984698136,1.9047619047619049,206,205,4,0,201,205,21534,5,0,0,5,0
2020-10-08,US,Virginia,Shenandoah,849,59,0,38.85905135,-78.56813762,51171.0,1946.533382245048,6.9493521790341575,790,833,59,0,774,830,43497,16,0,0,16,3
2020-10-08,US,Virginia,Smyth,561,20,0,36.84455636,-81.53344948,51173.0,1863.5397289396758,3.5650623885918,541,549,20,0,529,543,30472,12,0,0,12,6
2020-10-08,US,Virginia,Southampton,801,29,0,36.72231125,-77.10642712,51175.0,4543.134252169474,3.6204744069912613,772,790,29,0,761,790,17586,11,0,0,11,0
2020-10-08,US,Virginia,Spotsylvania,2217,46,0,38.18574462,-77.655399,51177.0,1627.5740557207355,2.074875958502481,2171,2197,46,0,2151,2195,134238,20,0,0,20,2
2020-10-08,US,Virginia,Stafford,2108,18,0,38.41758738,-77.45917053,51179.0,1378.8411977865287,0.8538899430740038,2090,2082,18,0,2064,2081,149960,26,0,0,26,1
2020-10-08,US,Virginia,Staunton,295,0,0,38.15965544,-79.05979937,51790.0,1183.2183539226696,0.0,295,292,0,0,292,291,24922,3,0,0,3,1
2020-10-08,US,Virginia,Suffolk,2164,77,0,36.70155394,-76.63603554,51800.0,2349.415903070309,3.5582255083179297,2087,2134,76,0,2058,2132,91185,30,1,0,29,2
2020-10-08,US,Virginia,Surry,129,3,0,37.11781893,-76.88450012,51181.0,2008.7200249143566,2.3255813953488373,126,129,3,0,126,129,6474,0,0,0,0,0
2020-10-08,US,Virginia,Sussex,632,12,0,36.92432914,-77.25791182,51183.0,5663.5899274128515,1.8987341772151896,620,612,12,0,600,607,11237,20,0,0,20,5
2020-10-08,US,Virginia,Tazewell,358,2,0,37.12191123,-81.56685568,51185.0,881.8820051730509,0.5586592178770949,356,344,2,0,342,344,40855,14,0,0,14,0
2020-10-08,US,Virginia,Virginia Beach,7192,95,0,36.73285734,-76.04566934,51810.0,1598.3145692862256,1.32091212458287,7097,7141,95,0,7046,7126,450189,51,0,0,51,15
2020-10-08,US,Virginia,Warren,467,12,0,38.90847745,-78.20280433,51187.0,1162.732795538293,2.569593147751606,455,460,12,0,448,460,40003,7,0,0,7,0
2020-10-08,US,Virginia,Washington,685,21,0,36.72341572,-81.95666289,51191.0,1274.6557499069595,3.0656934306569337,664,660,21,0,639,651,54402,25,0,0,25,9
2020-10-08,US,Virginia,Waynesboro,315,3,0,38.06451466,-78.90293905,51820.0,1391.9575784357046,0.9523809523809524,312,302,3,0,299,295,22628,13,0,0,13,7
2020-10-08,US,Virginia,Westmoreland,282,4,0,38.11021557,-76.80213247,51193.0,1565.3621981681933,1.4184397163120568,278,279,4,0,275,278,17830,3,0,0,3,1
2020-10-08,US,Virginia,Williamsburg,202,8,0,37.28131268,-76.70905141,51830.0,1350.8091480540324,3.96039603960396,194,194,8,0,186,193,14896,8,0,0,8,1
2020-10-08,US,Virginia,Winchester,525,4,0,39.17054517,-78.17325058,51840.0,1869.7912956763305,0.7619047619047619,521,523,4,0,519,522,28108,2,0,0,2,1
2020-10-08,US,Virginia,Wise,464,9,0,36.9746148,-82.62410519,51195.0,1241.2058957280044,1.9396551724137927,455,456,9,0,447,456,38012,8,0,0,8,0
2020-10-08,US,Virginia,Wythe,275,4,0,36.91582035,-81.07834059,51197.0,958.7226328266628,1.4545454545454546,271,268,4,0,264,266,28754,7,0,0,7,2
2020-10-08,US,Virginia,York,570,9,0,37.24374789,-76.54412815,51199.0,834.7978910369069,1.5789473684210529,561,564,9,0,555,566,67846,6,0,0,6,-2
2020-10-08,US,Washington,Adams,879,10,0,46.98299757,-118.56017340000001,53001.0,4398.738928088876,1.1376564277588168,869,878,10,0,868,877,19759,1,0,0,1,1
2020-10-08,US,Washington,Asotin,141,5,0,46.18894415,-117.2022851,53003.0,624.3911079620938,3.5460992907801416,136,138,5,0,133,134,22610,3,0,0,3,4
2020-10-08,US,Washington,Benton,4766,132,0,46.23946995,-119.51208340000001,53005.0,2331.8166250795052,2.7696181284095682,4634,4751,132,0,4619,4730,201877,15,0,0,15,21
2020-10-08,US,Washington,Chelan,1895,16,0,47.87046092,-120.6173956,53007.0,2454.6632124352327,0.8443271767810027,1879,1889,16,0,1873,1887,77036,6,0,0,6,2
2020-10-08,US,Washington,Clallam,241,1,0,48.04754642,-123.92263190000001,53009.0,311.64733418680737,0.4149377593360996,240,241,1,0,240,239,76737,0,0,0,0,2
2020-10-08,US,Washington,Clark,3601,69,0,45.77568046,-122.48292040000001,53011.0,737.5455973586812,1.9161344071091364,3532,3570,69,0,3501,3511,481857,31,0,0,31,59
2020-10-08,US,Washington,Columbia,14,1,0,46.29442881,-117.9051983,53013.0,351.3174404015057,7.142857142857142,13,14,1,0,13,14,4059,0,0,0,0,0
2020-10-08,US,Washington,Cowlitz,715,7,0,46.19074721,-122.6782231,53015.0,646.5146980369462,0.9790209790209792,708,712,7,0,705,711,108987,3,0,0,3,1
2020-10-08,US,Washington,Douglas,1197,9,0,47.7361335,-119.69293700000001,53017.0,2756.2228004328913,0.7518796992481203,1188,1197,9,0,1188,1199,42907,0,0,0,0,-2
2020-10-08,US,Washington,Ferry,30,0,0,48.471143100000006,-118.5154041,53019.0,393.3394519470304,0.0,30,30,0,0,30,30,7649,0,0,0,0,0
2020-10-08,US,Washington,Franklin,4453,66,0,46.53351425,-118.9018212,53021.0,4676.440318413812,1.4821468672804852,4387,4437,66,0,4371,4409,94347,16,0,0,16,28
2020-10-08,US,Washington,Garfield,13,0,0,46.43197502,-117.54540320000001,53023.0,584.2696629213483,0.0,13,13,0,0,13,14,2247,0,0,0,0,-1
2020-10-08,US,Washington,Grant,3084,23,0,47.20753737,-119.4500749,53025.0,3155.53600114598,0.7457846952010376,3061,3060,23,0,3037,3053,97331,24,0,0,24,7
2020-10-08,US,Washington,Grays Harbor,557,11,0,47.14003705,-123.7820567,53027.0,742.0631219941115,1.9748653500897664,546,556,12,0,544,548,73901,1,-1,0,2,8
2020-10-08,US,Washington,Island,325,12,0,48.14713305,-122.5216407,53029.0,381.7197354975864,3.692307692307693,313,323,12,0,311,321,84460,2,0,0,2,2
2020-10-08,US,Washington,Jefferson,75,0,0,47.75003077,-123.56097040000002,53031.0,232.76744979981999,0.0,75,75,0,0,75,75,31729,0,0,0,0,0
2020-10-08,US,Washington,King,23547,782,0,47.49137892,-121.8346131,53033.0,1045.240950966405,3.3210175393893064,22765,23351,780,0,22571,23218,2233163,196,2,0,194,133
2020-10-08,US,Washington,Kitsap,1337,16,0,47.63479026,-122.6436061,53035.0,492.4983331675711,1.1967090501121915,1321,1325,14,0,1311,1300,269805,12,2,0,10,25
2020-10-08,US,Washington,Kittitas,574,22,0,47.12521214,-120.67943899999999,53037.0,1197.45488682591,3.8327526132404177,552,568,22,0,546,565,47364,6,0,0,6,3
2020-10-08,US,Washington,Klickitat,201,3,0,45.87325839,-120.7913598,53039.0,896.3210702341138,1.492537313432836,198,200,3,0,197,198,22107,1,0,0,1,2
2020-10-08,US,Washington,Lewis,606,7,0,46.57756476,-122.39257690000001,53041.0,750.8642373028363,1.155115511551155,599,608,7,0,601,599,79604,-2,0,0,-2,9
2020-10-08,US,Washington,Lincoln,64,1,0,47.57705241,-118.41943880000001,53043.0,585.0626199835451,1.5625,63,60,1,0,59,60,10740,4,0,0,4,0
2020-10-08,US,Washington,Mason,452,8,0,47.35007586,-123.1863685,53045.0,676.9710040738078,1.7699115044247788,444,450,8,0,442,446,65507,2,0,0,2,4
2020-10-08,US,Washington,Okanogan,1068,10,0,48.54855019,-119.73872240000001,53047.0,2528.229529152759,0.9363295880149812,1058,1060,10,0,1050,1059,42132,8,0,0,8,1
2020-10-08,US,Washington,Pacific,91,3,0,46.55418369,-123.7285716,53049.0,404.9664011392462,3.2967032967032965,88,91,3,0,88,91,22036,0,0,0,0,0
2020-10-08,US,Washington,Pend Oreille,92,0,0,48.53234021,-117.2741804,53051.0,670.3584960652871,0.0,92,88,0,0,88,87,13602,4,0,0,4,1
2020-10-08,US,Washington,Pierce,8518,208,0,47.03892768,-122.14059579999999,53053.0,941.2362704148156,2.4418877670814747,8310,8437,208,0,8229,8368,891299,81,0,0,81,69
2020-10-08,US,Washington,San Juan,29,0,0,48.60182783,-122.96745,53055.0,164.94141735866228,0.0,29,29,0,0,29,29,17128,0,0,0,0,0
2020-10-08,US,Washington,Skagit,1152,22,0,48.48171488,-121.766131,53057.0,891.6063619828954,1.9097222222222223,1130,1147,22,0,1125,1138,128206,5,0,0,5,9
2020-10-08,US,Washington,Skamania,65,1,0,46.02408726,-121.91644029999999,53059.0,537.9458743689481,1.5384615384615383,64,65,1,0,64,65,11924,0,0,0,0,0
2020-10-08,US,Washington,Snohomish,7320,217,0,48.04615983,-121.7170703,53061.0,890.4210402112683,2.96448087431694,7103,7273,214,0,7059,7227,814901,47,3,0,44,46
2020-10-08,US,Washington,Spokane,7658,177,0,47.62113146,-117.4046494,53063.0,1464.8105004227255,2.311308435622878,7481,7530,177,0,7353,7477,514631,128,0,0,128,53
2020-10-08,US,Washington,Stevens,207,3,0,48.40035475,-117.8542701,53065.0,452.7261990683026,1.4492753623188406,204,203,3,0,200,201,45260,4,0,0,4,2
2020-10-08,US,Washington,Thurston,1243,20,0,46.9291895,-122.82906559999999,53067.0,427.82994190048737,1.6090104585679808,1223,1208,20,0,1188,1202,286419,35,0,0,35,6
2020-10-08,US,Washington,Unassigned,327,3,0,0.0,0.0,90053.0,0.0,0.9174311926605504,324,321,3,0,318,316,,6,0,0,6,5
2020-10-08,US,Washington,Wahkiakum,7,0,0,46.29180039999999,-123.4250831,53069.0,155.97147950089123,0.0,7,7,0,0,7,7,4426,0,0,0,0,0
2020-10-08,US,Washington,Walla Walla,943,6,0,46.23040051,-118.4775539,53071.0,1552.0078999341672,0.6362672322375398,937,936,6,0,930,935,60922,7,0,0,7,1
2020-10-08,US,Washington,Whatcom,1440,48,0,48.82227976,-121.74900179999999,53073.0,628.1434435347028,3.333333333333333,1392,1419,48,0,1371,1406,225685,21,0,0,21,13
2020-10-08,US,Washington,Whitman,1455,1,0,46.90022523,-117.52417630000001,53075.0,2903.9597636915223,0.06872852233676978,1454,1427,1,0,1426,1411,49791,28,0,0,28,16
2020-10-08,US,Washington,Yakima,11536,263,0,46.45738486,-120.73801259999999,53077.0,4598.342587683808,2.2798196948682388,11273,11521,263,0,11258,11506,251446,15,0,0,15,15
2020-10-08,US,West Virginia,Barbour,118,1,0,39.1307219,-80.00350858,54001.0,717.7179003710237,0.8474576271186439,117,116,1,0,115,109,16535,2,0,0,2,7
2020-10-08,US,West Virginia,Berkeley,1161,16,0,39.46704621,-78.02414609,54003.0,974.2303077090904,1.3781223083548666,1145,1148,16,0,1132,1118,117123,13,0,0,13,30
2020-10-08,US,West Virginia,Boone,263,2,0,38.01974191,-81.69888019,54005.0,1225.707228410309,0.7604562737642585,261,262,2,0,260,259,21951,1,0,0,1,3
2020-10-08,US,West Virginia,Braxton,16,0,0,38.70036159,-80.72011184,54007.0,114.63781614960234,0.0,16,16,0,0,16,13,14089,0,0,0,0,3
2020-10-08,US,West Virginia,Brooke,125,1,0,40.27367263,-80.57915332,54009.0,569.7616117416472,0.8,124,124,1,0,123,123,22203,1,0,0,1,1
2020-10-08,US,West Virginia,Cabell,941,12,0,38.42424062,-82.23855912,54011.0,1023.4379248463756,1.2752391073326248,929,930,12,0,918,914,93224,11,0,0,11,16
2020-10-08,US,West Virginia,Calhoun,29,0,0,38.84315422,-81.11934872,54013.0,407.9336052890702,0.0,29,28,0,0,28,28,7254,1,0,0,1,0
2020-10-08,US,West Virginia,Clay,44,2,0,38.46231092,-81.07652217,54015.0,517.1603196991067,4.545454545454546,42,43,2,0,41,37,8632,1,0,0,1,6
2020-10-08,US,West Virginia,Doddridge,39,1,0,39.27057157,-80.70671527,54017.0,461.64772727272725,2.5641025641025643,38,36,1,0,35,35,8406,3,0,0,3,1
2020-10-08,US,West Virginia,Fayette,670,16,0,38.02974928,-81.08286634,54019.0,1579.9650992784036,2.388059701492537,654,664,16,0,648,662,43018,6,0,0,6,2
2020-10-08,US,West Virginia,Gilmer,50,0,0,38.9251277,-80.85952723,54021.0,639.1409945033872,0.0,50,49,0,0,49,49,8026,1,0,0,1,0
2020-10-08,US,West Virginia,Grant,165,7,0,39.10314817,-79.19440518,54023.0,1426.3485477178424,4.242424242424242,158,163,7,0,156,163,11626,2,0,0,2,0
2020-10-08,US,West Virginia,Greenbrier,139,3,0,37.9463652,-80.45335881,54025.0,401.0155213201777,2.1582733812949644,136,138,3,0,135,138,34786,1,0,0,1,0
2020-10-08,US,West Virginia,Hampshire,112,1,0,39.32103553,-78.60826476,54027.0,483.27939590075516,0.8928571428571429,111,112,1,0,111,112,23347,0,0,0,0,0
2020-10-08,US,West Virginia,Hancock,160,0,0,40.51943859,-80.57461608,54029.0,555.3627212773342,0.0,160,160,0,0,160,155,29094,0,0,0,0,5
2020-10-08,US,West Virginia,Hardy,96,1,0,39.00683177,-78.85855301,54031.0,696.8641114982578,1.0416666666666667,95,96,1,0,95,96,13775,0,0,0,0,0
2020-10-08,US,West Virginia,Harrison,486,10,0,39.2853852,-80.37919577,54033.0,722.6121089568218,2.05761316872428,476,473,10,0,463,464,67554,13,0,0,13,9
2020-10-08,US,West Virginia,Jackson,306,23,0,38.84263974,-81.68148753,54035.0,1070.828667413214,7.516339869281047,283,298,23,0,275,295,28706,8,0,0,8,3
2020-10-08,US,West Virginia,Jefferson,467,4,0,39.30776166,-77.86014147,54037.0,817.2050537220452,0.8565310492505354,463,463,4,0,459,451,56811,4,0,0,4,12
2020-10-08,US,West Virginia,Kanawha,2994,89,0,38.33860077,-81.52857054,54039.0,1680.85154162269,2.9726118904475616,2905,2965,88,0,2877,2930,180454,29,1,0,28,35
2020-10-08,US,West Virginia,Lewis,43,2,0,38.9947249,-80.49988181,54041.0,270.32124222040613,4.651162790697675,41,42,2,0,40,41,16024,1,0,0,1,1
2020-10-08,US,West Virginia,Lincoln,193,2,0,38.172154,-82.07017953,54043.0,945.6612278896564,1.0362694300518134,191,191,2,0,189,189,20599,2,0,0,2,2
2020-10-08,US,West Virginia,Logan,679,42,0,37.8299889,-81.93528571,54045.0,2120.615884318686,6.185567010309278,637,673,42,0,631,664,32607,6,0,0,6,9
2020-10-08,US,West Virginia,Marion,312,5,0,39.50984542,-80.24244659,54049.0,556.4274504208876,1.6025641025641026,307,311,5,0,306,311,56097,1,0,0,1,0
2020-10-08,US,West Virginia,Marshall,188,1,0,39.86064362,-80.66591062,54051.0,615.7675804919588,0.5319148936170213,187,186,1,0,185,186,30785,2,0,0,2,0
2020-10-08,US,West Virginia,Mason,152,6,0,38.77071799,-82.02524219,54053.0,573.2387992155682,3.947368421052632,146,151,6,0,145,149,26718,1,0,0,1,2
2020-10-08,US,West Virginia,McDowell,96,1,0,37.38002939,-81.65083669,54047.0,544.7117566954154,1.0416666666666667,95,96,1,0,95,96,18223,0,0,0,0,0
2020-10-08,US,West Virginia,Mercer,449,28,0,37.40481169,-81.11023142,54055.0,764.1512645086626,6.23608017817372,421,449,28,0,421,449,59131,0,0,0,0,0
2020-10-08,US,West Virginia,Mineral,180,4,0,39.41561583,-78.94104895,54057.0,669.9419383653417,2.2222222222222223,176,179,4,0,175,178,26940,1,0,0,1,1
2020-10-08,US,West Virginia,Mingo,419,10,0,37.73048351,-82.13338365,54059.0,1788.763661202186,2.386634844868735,409,414,10,0,404,410,23785,5,0,0,5,4
2020-10-08,US,West Virginia,Monongalia,2124,5,0,39.63218457,-80.04766838,54061.0,2011.135098284286,0.2354048964218456,2119,2119,5,0,2114,2115,106420,5,0,0,5,4
2020-10-08,US,West Virginia,Monroe,157,8,0,37.56274716,-80.54577965,54063.0,1182.6741996233525,5.095541401273885,149,155,8,0,147,155,13280,2,0,0,2,0
2020-10-08,US,West Virginia,Morgan,68,0,0,39.55439028,-78.26311676,54065.0,380.22813688212926,0.0,68,67,0,0,67,65,17787,1,0,0,1,2
2020-10-08,US,West Virginia,Nicholas,129,3,0,38.29617706,-80.79759588,54067.0,526.6165904637492,2.3255813953488373,126,129,3,0,126,125,24842,0,0,0,0,4
2020-10-08,US,West Virginia,Ohio,396,7,0,40.0955451,-80.62203992,54069.0,956.2676583516457,1.7676767676767675,389,392,7,0,385,384,41755,4,0,0,4,8
2020-10-08,US,West Virginia,Pendleton,54,1,0,38.68314479,-79.35084086,54071.0,774.8600947051227,1.851851851851852,53,54,1,0,53,53,6997,0,0,0,0,1
2020-10-08,US,West Virginia,Pleasants,20,3,0,39.37091679,-81.16771771,54073.0,268.0965147453083,15.0,17,20,3,0,17,20,7507,0,0,0,0,0
2020-10-08,US,West Virginia,Pocahontas,60,0,0,38.32758728,-80.00993811,54075.0,727.5372862859223,0.0,60,60,0,0,60,60,8414,0,0,0,0,0
2020-10-08,US,West Virginia,Preston,165,5,0,39.46770987,-79.66712803,54077.0,493.5391241923906,3.0303030303030303,160,162,5,0,157,161,33839,3,0,0,3,1
2020-10-08,US,West Virginia,Putnam,658,10,0,38.50782345,-81.9082131,54079.0,1165.6333038086802,1.5197568389057752,648,647,10,0,637,641,56682,11,0,0,11,6
2020-10-08,US,West Virginia,Raleigh,581,8,0,37.76936795,-81.2456041,54081.0,791.9739371055466,1.3769363166953528,573,571,8,0,563,567,74254,10,0,0,10,4
2020-10-08,US,West Virginia,Randolph,284,2,0,38.769899,-79.87919615,54083.0,989.719463321136,0.7042253521126759,282,281,2,0,279,280,28823,3,0,0,3,1
2020-10-08,US,West Virginia,Ritchie,16,0,0,39.18094587,-81.06356878,54085.0,167.46912288046892,0.0,16,13,0,0,13,13,9721,3,0,0,3,0
2020-10-08,US,West Virginia,Roane,61,2,0,38.71622686,-81.35243568,54087.0,445.645821157218,3.278688524590164,59,59,2,0,57,56,13932,2,0,0,2,3
2020-10-08,US,West Virginia,Summers,61,0,0,37.65390597,-80.86009693,54089.0,485.16662689891035,0.0,61,59,0,0,59,59,12760,2,0,0,2,0
2020-10-08,US,West Virginia,Taylor,151,8,0,39.33602617,-80.0421439,54091.0,904.462413896376,5.298013245033113,143,150,8,0,142,150,16862,1,0,0,1,0
2020-10-08,US,West Virginia,Tucker,43,0,0,39.11240885,-79.57053576,54093.0,628.7468928205877,0.0,43,43,0,0,43,43,6955,0,0,0,0,0
2020-10-08,US,West Virginia,Tyler,18,1,0,39.46811972,-80.88772676,54095.0,209.521592364102,5.5555555555555545,17,17,1,0,16,17,8746,1,0,0,1,0
2020-10-08,US,West Virginia,Upshur,150,1,0,38.89285061,-80.23689136,54097.0,620.4500330906684,0.6666666666666666,149,146,1,0,145,127,24415,4,0,0,4,19
2020-10-08,US,West Virginia,Wayne,426,11,0,38.14901357,-82.42287994,54099.0,1081.1633927211817,2.582159624413145,415,426,11,0,415,426,39944,0,0,0,0,0
2020-10-08,US,West Virginia,Webster,9,0,0,38.49370949,-80.4202023,54101.0,110.9193985703722,0.0,9,9,0,0,9,9,8285,0,0,0,0,0
2020-10-08,US,West Virginia,Wetzel,67,0,0,39.6065771,-80.64016540000001,54103.0,444.73946232990374,0.0,67,66,0,0,66,66,15270,1,0,0,1,0
2020-10-08,US,West Virginia,Wirt,15,0,0,39.02775007,-81.37473928,54105.0,257.6876825287751,0.0,15,12,0,0,12,12,5830,3,0,0,3,0
2020-10-08,US,West Virginia,Wood,396,6,0,39.20967886,-81.5162836,54107.0,474.14928518403224,1.5151515151515151,390,387,6,0,381,384,84203,9,0,0,9,3
2020-10-08,US,West Virginia,Wyoming,132,5,0,37.612327,-81.54511071,54109.0,647.2491909385112,3.787878787878788,127,130,5,0,125,130,20786,2,0,0,2,0
2020-10-08,US,Wisconsin,Adams,287,4,0,43.96974651,-89.76782777,55001.0,1419.3867457962413,1.3937282229965158,283,281,4,0,277,279,20348,6,0,0,6,2
2020-10-08,US,Wisconsin,Ashland,173,2,0,46.31956891,-90.67837132,55003.0,1111.682303045881,1.1560693641618498,171,168,2,0,166,161,15600,5,0,0,5,7
2020-10-08,US,Wisconsin,Barron,553,6,0,45.42372701,-91.84833627,55005.0,1222.2615153390504,1.08499095840868,547,535,6,0,529,528,45164,18,0,0,18,7
2020-10-08,US,Wisconsin,Bayfield,131,1,0,46.52868768,-91.19716729,55007.0,871.2423516892792,0.7633587786259542,130,131,1,0,130,131,15042,0,0,0,0,0
2020-10-08,US,Wisconsin,Brown,11173,72,0,44.452655299999996,-88.00411844,55009.0,4223.525942950458,0.6444106327754408,11101,10854,72,0,10782,10609,263378,319,0,0,319,245
2020-10-08,US,Wisconsin,Buffalo,165,2,0,44.37835084,-91.75332578,55011.0,1266.2113421840227,1.2121212121212122,163,161,2,0,159,160,13125,4,0,0,4,1
2020-10-08,US,Wisconsin,Burnett,238,4,0,45.86303537,-92.36711412,55013.0,1544.0508628519528,1.680672268907563,234,233,4,0,229,226,15392,5,0,0,5,7
2020-10-08,US,Wisconsin,Calumet,1726,6,0,44.0816316,-88.21780273,55015.0,3445.8663578829687,0.3476245654692932,1720,1662,6,0,1656,1591,50159,64,0,0,64,71
2020-10-08,US,Wisconsin,Chippewa,730,0,0,45.06939744,-91.28068855,55017.0,1129.0172909771413,0.0,730,698,0,0,698,667,64135,32,0,0,32,31
2020-10-08,US,Wisconsin,Clark,510,9,0,44.73483377,-90.61207486,55019.0,1466.6129867142115,1.7647058823529411,501,502,8,0,494,491,34709,8,1,0,7,11
2020-10-08,US,Wisconsin,Columbia,986,3,0,43.46492199,-89.33589004,55021.0,1713.8288256970034,0.30425963488843816,983,947,3,0,944,864,57358,39,0,0,39,83
2020-10-08,US,Wisconsin,Crawford,220,0,0,43.23870316,-90.93073686,55023.0,1363.8336122992994,0.0,220,210,0,0,210,205,16291,10,0,0,10,5
2020-10-08,US,Wisconsin,Dane,10841,43,0,43.06601594,-89.41733797,55025.0,1983.0069782968565,0.3966423761645605,10798,10734,43,0,10691,10671,542364,107,0,0,107,63
2020-10-08,US,Wisconsin,Dodge,2369,19,0,43.41576662,-88.70928178,55027.0,2696.979701499334,0.8020261713803293,2350,2268,19,0,2249,2226,87847,101,0,0,101,42
2020-10-08,US,Wisconsin,Door,462,3,0,44.95856458,-87.30002707,55029.0,1669.7990458291167,0.6493506493506493,459,449,4,0,445,442,27610,13,-1,0,14,7
2020-10-08,US,Wisconsin,Douglas,587,0,0,46.43222285,-91.91595768,55031.0,1360.3707995365005,0.0,587,566,0,0,566,559,43208,21,0,0,21,7
2020-10-08,US,Wisconsin,Dunn,725,1,0,44.94562799,-91.8962481,55033.0,1598.0426732498674,0.13793103448275862,724,706,1,0,705,700,45131,19,0,0,19,6
2020-10-08,US,Wisconsin,Eau Claire,2264,8,0,44.726614,-91.28609183,55035.0,2163.4845096802555,0.353356890459364,2256,2211,8,0,2203,2184,104534,53,0,0,53,27
2020-10-08,US,Wisconsin,Florence,121,2,0,45.84963535,-88.39804137,55037.0,2817.2293364377183,1.6528925619834711,119,120,2,0,118,115,4321,1,0,0,1,5
2020-10-08,US,Wisconsin,Fond du Lac,2694,14,0,43.75354908,-88.48885325,55039.0,2605.3402705917624,0.5196733481811433,2680,2600,14,0,2586,2533,103066,94,0,0,94,67
2020-10-08,US,Wisconsin,Forest,354,7,0,45.66678019,-88.77084892,55041.0,3931.585961794758,1.9774011299435028,347,346,7,0,339,347,8991,8,0,0,8,-1
2020-10-08,US,Wisconsin,Grant,1300,19,0,42.8671731,-90.7063218,55043.0,2527.265304535469,1.4615384615384617,1281,1268,19,0,1249,1240,51554,32,0,0,32,28
2020-10-08,US,Wisconsin,Green,647,3,0,42.6794956,-89.60243287,55045.0,1750.5411255411254,0.4636785162287481,644,632,3,0,629,619,36929,15,0,0,15,13
2020-10-08,US,Wisconsin,Green Lake,403,0,0,43.80025981,-89.04679553,55047.0,2130.809496113784,0.0,403,389,0,0,389,376,18918,14,0,0,14,13
2020-10-08,US,Wisconsin,Iowa,251,0,0,43.00050278,-90.13469017,55049.0,1060.0557479516851,0.0,251,243,0,0,243,240,23771,8,0,0,8,3
2020-10-08,US,Wisconsin,Iron,150,1,0,46.26302338,-90.24295041,55051.0,2637.594513803411,0.6666666666666666,149,149,1,0,148,149,5676,1,0,0,1,0
2020-10-08,US,Wisconsin,Jackson,194,1,0,44.31864893,-90.80566792,55053.0,939.785883834714,0.5154639175257731,193,189,1,0,188,181,20478,5,0,0,5,8
2020-10-08,US,Wisconsin,Jefferson,1752,8,0,43.02054068,-88.77529134,55055.0,2066.793285281176,0.45662100456620996,1744,1714,8,0,1706,1698,85129,38,0,0,38,16
2020-10-08,US,Wisconsin,Juneau,482,2,0,43.92456975,-90.11120239,55057.0,1806.1228313411027,0.4149377593360996,480,473,2,0,471,467,26617,9,0,0,9,6
2020-10-08,US,Wisconsin,Kenosha,3875,68,0,42.57639354,-88.04051686,55059.0,2285.3132500987845,1.7548387096774194,3807,3818,68,0,3750,3780,169290,57,0,0,57,38
2020-10-08,US,Wisconsin,Kewaunee,762,2,0,44.51727459,-87.61468386,55061.0,3729.0789860037203,0.2624671916010499,760,742,2,0,740,736,20383,20,0,0,20,6
2020-10-08,US,Wisconsin,La Crosse,3441,8,0,43.90632465,-91.11451093,55063.0,2915.7063449023863,0.23249055507120026,3433,3399,8,0,3391,3373,118230,42,0,0,42,26
2020-10-08,US,Wisconsin,Lafayette,374,0,0,42.66005229,-90.1317729,55065.0,2244.2244224422448,0.0,374,363,0,0,363,360,16665,11,0,0,11,3
2020-10-08,US,Wisconsin,Langlade,359,2,0,45.26271619,-89.07483625,55067.0,1870.8635155557874,0.5571030640668524,357,346,2,0,344,327,19268,13,0,0,13,19
2020-10-08,US,Wisconsin,Lincoln,375,3,0,45.33737523,-89.73411273,55069.0,1359.040336317182,0.8,372,371,2,0,369,348,27689,4,1,0,3,23
2020-10-08,US,Wisconsin,Manitowoc,1556,5,0,44.11946801,-87.80928853,55071.0,1970.0940732581253,0.3213367609254499,1551,1505,5,0,1500,1453,79074,51,0,0,51,52
2020-10-08,US,Wisconsin,Marathon,2183,24,0,44.89792533,-89.75863384,55073.0,1608.7904961235736,1.0994044892349977,2159,2096,23,0,2073,2023,135428,87,1,0,86,73
2020-10-08,US,Wisconsin,Marinette,1191,9,0,45.38553432,-88.03324599999998,55075.0,2951.672862453532,0.7556675062972292,1182,1167,9,0,1158,1146,40434,24,0,0,24,21
2020-10-08,US,Wisconsin,Marquette,366,1,0,43.81911946,-89.40073763,55077.0,2350.0706305380763,0.27322404371584696,365,360,1,0,359,348,15434,6,0,0,6,12
2020-10-08,US,Wisconsin,Menominee,139,0,0,45.00422544,-88.70950714,55078.0,3050.9218612818268,0.0,139,130,0,0,130,131,4658,9,0,0,9,-1
2020-10-08,US,Wisconsin,Milwaukee,31276,548,0,43.00486062,-87.96733172,55079.0,3307.0889454239386,1.7521422176748944,30728,30925,548,0,30377,30639,948201,351,0,0,351,286
2020-10-08,US,Wisconsin,Monroe,712,3,0,43.94641218,-90.61881899999999,55081.0,1539.3596091064364,0.4213483146067416,709,705,3,0,702,679,46051,7,0,0,7,26
2020-10-08,US,Wisconsin,Oconto,1373,4,0,45.02715345,-88.26807503,55083.0,3619.825995254416,0.29133284777858703,1369,1278,4,0,1274,1255,37830,95,0,0,95,23
2020-10-08,US,Wisconsin,Oneida,671,4,0,45.70677897,-89.51944105,55085.0,1885.0962213794073,0.5961251862891207,667,648,4,0,644,633,35470,23,0,0,23,15
2020-10-08,US,Wisconsin,Outagamie,6080,35,0,44.41578887,-88.46565023,55087.0,3236.0220347553027,0.5756578947368421,6045,5893,34,0,5859,5780,187365,187,1,0,186,113
2020-10-08,US,Wisconsin,Ozaukee,1555,21,0,43.38352225,-87.94625009,55089.0,1742.8632272671232,1.3504823151125402,1534,1528,20,0,1508,1506,89147,27,1,0,26,22
2020-10-08,US,Wisconsin,Pepin,73,0,0,44.58307413,-91.99949611,55091.0,1001.7839989021544,0.0,73,73,0,0,73,70,7289,0,0,0,0,3
2020-10-08,US,Wisconsin,Pierce,498,7,0,44.71850291,-92.4224416,55093.0,1164.8032932591102,1.4056224899598393,491,492,7,0,485,480,42555,6,0,0,6,12
2020-10-08,US,Wisconsin,Polk,303,2,0,45.46130348,-92.44182875,55095.0,692.049425576137,0.6600660066006601,301,298,2,0,296,294,43598,5,0,0,5,4
2020-10-08,US,Wisconsin,Portage,1765,12,0,44.47558711,-89.50152965,55097.0,2493.924150794099,0.6798866855524079,1753,1751,12,0,1739,1723,70942,14,0,0,14,28
2020-10-08,US,Wisconsin,Price,207,0,0,45.68051754,-90.36098879999999,55099.0,1550.445659501161,0.0,207,200,0,0,200,185,13397,7,0,0,7,15
2020-10-08,US,Wisconsin,Racine,5434,98,0,42.74753117,-88.05941254,55101.0,2768.0568078202446,1.8034596981965405,5336,5349,98,0,5251,5298,196584,85,0,0,85,51
2020-10-08,US,Wisconsin,Richland,261,4,0,43.3762778,-90.43012729,55103.0,1512.8680732668674,1.5325670498084292,257,243,4,0,239,236,17377,18,0,0,18,7
2020-10-08,US,Wisconsin,Rock,3005,34,0,42.67151616,-89.07147900000002,55105.0,1839.5631573147891,1.1314475873544094,2971,2939,34,0,2905,2880,163129,66,0,0,66,59
2020-10-08,US,Wisconsin,Rusk,86,1,0,45.47498854,-91.1333012,55107.0,606.5735646776698,1.162790697674419,85,78,1,0,77,77,14147,8,0,0,8,1
2020-10-08,US,Wisconsin,Sauk,1139,5,0,43.42574087,-89.94966132,55111.0,1767.4808354799663,0.43898156277436345,1134,1099,4,0,1095,1079,64249,40,1,0,39,20
2020-10-08,US,Wisconsin,Sawyer,268,1,0,45.87931905,-91.14504927,55113.0,1618.5529653339775,0.373134328358209,267,263,1,0,262,258,16489,5,0,0,5,5
2020-10-08,US,Wisconsin,Shawano,1415,6,0,44.78902246,-88.76443896,55115.0,3459.742291987579,0.4240282685512368,1409,1358,5,0,1353,1332,40796,57,1,0,56,26
2020-10-08,US,Wisconsin,Sheboygan,2374,20,0,43.72099677,-87.94579284,55117.0,2058.2625281775618,0.8424599831508003,2354,2321,19,0,2302,2261,115456,53,1,0,52,60
2020-10-08,US,Wisconsin,St. Croix,1126,9,0,45.03437474,-92.45000068,55109.0,1241.6333101767618,0.7992895204262878,1117,1099,9,0,1090,1081,89694,27,0,0,27,18
2020-10-08,US,Wisconsin,Taylor,259,4,0,45.21179252,-90.5004405,55119.0,1273.1652165364007,1.5444015444015444,255,254,4,0,250,245,20412,5,0,0,5,9
2020-10-08,US,Wisconsin,Trempealeau,764,2,0,44.30360275,-91.35893614,55121.0,2576.815406927721,0.2617801047120419,762,748,2,0,746,742,29442,16,0,0,16,6
2020-10-08,US,Wisconsin,Vernon,322,1,0,43.59422667,-90.8324691,55123.0,1044.708325222244,0.3105590062111801,321,310,1,0,309,300,30785,12,0,0,12,10
2020-10-08,US,Wisconsin,Vilas,319,1,0,46.05467334,-89.51719204,55125.0,1437.2606442892545,0.31347962382445144,318,307,1,0,306,303,21938,12,0,0,12,4
2020-10-08,US,Wisconsin,Walworth,2825,35,0,42.66858202,-88.54163073,55127.0,2719.798205414565,1.2389380530973448,2790,2797,35,0,2762,2780,103718,28,0,0,28,17
2020-10-08,US,Wisconsin,Washburn,144,2,0,45.89838588,-91.79050449,55129.0,916.0305343511453,1.3888888888888888,142,144,2,0,142,139,15878,0,0,0,0,5
2020-10-08,US,Wisconsin,Washington,3098,37,0,43.36863664,-88.22974712,55131.0,2277.3718335122103,1.1943189154293092,3061,3028,37,0,2991,2976,135693,70,0,0,70,52
2020-10-08,US,Wisconsin,Waukesha,8597,96,0,43.01833055,-88.30431188,55133.0,2126.927891775813,1.1166686053274395,8501,8410,94,0,8316,8289,403072,187,2,0,185,121
2020-10-08,US,Wisconsin,Waupaca,1495,22,0,44.47068056,-88.96534501,55135.0,2931.9474406746417,1.471571906354515,1473,1430,22,0,1408,1391,51128,65,0,0,65,39
2020-10-08,US,Wisconsin,Waushara,524,3,0,44.11324419,-89.24317107,55137.0,2143.7630405433047,0.5725190839694656,521,499,3,0,496,481,24263,25,0,0,25,18
2020-10-08,US,Wisconsin,Winnebago,5740,38,0,44.06886922,-88.64477096,55139.0,3339.014699808617,0.662020905923345,5702,5508,38,0,5470,5335,171020,232,0,0,232,173
2020-10-08,US,Wisconsin,Wood,1013,7,0,44.45537896,-90.04158336,55141.0,1387.6902423320869,0.6910167818361304,1006,987,7,0,980,968,73055,26,0,0,26,19
2020-10-08,US,Wyoming,Albany,771,0,0,41.65498705,-105.72354150000001,56001.0,1983.024691358025,0.0,771,747,0,0,747,732,38601,24,0,0,24,15
2020-10-08,US,Wyoming,Big Horn,90,2,0,44.52405055,-107.9960365,56003.0,763.3587786259543,2.2222222222222223,88,87,2,0,85,85,11881,3,0,0,3,2
2020-10-08,US,Wyoming,Campbell,427,2,0,44.24886082,-105.54744040000001,56005.0,921.4302669342484,0.468384074941452,425,412,2,0,410,400,46140,15,0,0,15,12
2020-10-08,US,Wyoming,Carbon,251,2,0,41.69357844,-106.9326084,56007.0,1695.945945945946,0.796812749003984,249,247,2,0,245,245,14971,4,0,0,4,2
2020-10-08,US,Wyoming,Converse,180,0,0,42.97272268,-105.5081848,56009.0,1302.2717407032267,0.0,180,172,0,0,172,169,13640,8,0,0,8,3
2020-10-08,US,Wyoming,Crook,55,0,0,44.58855102,-104.56977049999999,56011.0,725.210970464135,0.0,55,54,0,0,54,53,7450,1,0,0,1,1
2020-10-08,US,Wyoming,Fremont,866,14,0,43.04183996,-108.6296893,56013.0,2205.7512544255114,1.6166281755196306,852,835,14,0,821,814,39531,31,0,0,31,21
2020-10-08,US,Wyoming,Goshen,121,2,0,42.08798185,-104.3534743,56015.0,915.9034138218152,1.6528925619834711,119,120,2,0,118,119,13376,1,0,0,1,1
2020-10-08,US,Wyoming,Hot Springs,41,0,0,43.71930657,-108.44231740000001,56017.0,929.0731928393384,0.0,41,40,0,0,40,38,4555,1,0,0,1,2
2020-10-08,US,Wyoming,Johnson,46,1,0,44.04057166,-106.58451740000001,56019.0,544.7010065127295,2.1739130434782608,45,46,1,0,45,44,8460,0,0,0,0,2
2020-10-08,US,Wyoming,Laramie,863,4,0,41.30702520000001,-104.6887497,56021.0,867.3366834170854,0.4634994206257242,859,831,4,0,827,808,98976,32,0,0,32,23
2020-10-08,US,Wyoming,Lincoln,254,1,0,42.26376367,-110.6563997,56023.0,1280.887544125063,0.3937007874015748,253,246,1,0,245,242,19434,8,0,0,8,4
2020-10-08,US,Wyoming,Natrona,709,6,0,42.96180148,-106.79788500000001,56025.0,887.8258909564478,0.8462623413258108,703,693,6,0,687,687,79115,16,0,0,16,6
2020-10-08,US,Wyoming,Niobrara,4,0,0,43.05607708,-104.47588959999999,56027.0,169.77928692699493,0.0,4,4,0,0,4,4,2388,0,0,0,0,0
2020-10-08,US,Wyoming,Park,288,2,0,44.52157546,-109.58528249999999,56029.0,986.5040761800368,0.6944444444444444,286,284,2,0,282,272,29324,4,0,0,4,12
2020-10-08,US,Wyoming,Platte,54,1,0,42.13299116,-104.96633100000001,56031.0,643.3933039437627,1.851851851851852,53,54,1,0,53,51,8566,0,0,0,0,3
2020-10-08,US,Wyoming,Sheridan,369,4,0,44.79048913,-106.8862389,56033.0,1210.4313596850911,1.084010840108401,365,352,4,0,348,346,30233,17,0,0,17,6
2020-10-08,US,Wyoming,Sublette,129,1,0,42.76558279,-109.91309220000001,56035.0,1312.1757705218188,0.7751937984496124,128,127,1,0,126,127,9813,2,0,0,2,0
2020-10-08,US,Wyoming,Sweetwater,382,2,0,41.65943896,-108.8827882,56037.0,902.1562005526297,0.5235602094240838,380,378,2,0,376,371,43051,4,0,0,4,7
2020-10-08,US,Wyoming,Teton,645,1,0,43.93522482,-110.5890801,56039.0,2748.891919536311,0.15503875968992248,644,633,1,0,632,629,23081,12,0,0,12,4
2020-10-08,US,Wyoming,Uinta,373,2,0,41.2878183,-110.54757820000002,56041.0,1844.1609809156528,0.5361930294906166,371,368,2,0,366,368,20299,5,0,0,5,0
2020-10-08,US,Wyoming,Unassigned,0,1,0,0.0,0.0,90056.0,0.0,0.0,-1,,,,,,,,,,,
2020-10-08,US,Wyoming,Washakie,123,6,0,43.90451606,-107.68018700000002,56043.0,1575.9128763613069,4.878048780487805,117,119,6,0,113,120,7885,4,0,0,4,-1
2020-10-08,US,Wyoming,Weston,51,0,0,43.83961191,-104.56748809999999,56045.0,736.2494586401041,0.0,51,50,0,0,50,46,6967,1,0,0,1,4
