Date,Country/Region,Province/State,Admin2,Confirmed,Deaths,Recovered,Latitude,Longitude,FIPS,Active Cases,Previous Confirmed,Previous Deaths,Previous Recovered,Previous Active,Prev2 Confirmed,Population,Daily Confirmed,Daily Deaths,Daily Recovered,Daily Active,Previous Daily Confirmed
2020-05-01,US,Alabama,Autauga,42,3,0,32.53952745,-86.64408227,1001.0,39,44,4,0,40,43,55601,-2,-1,0,-1,1
2020-05-01,US,Alabama,Baldwin,175,4,0,30.72774991,-87.72207058,1003.0,171,174,3,0,171,174,218022,1,1,0,0,0
2020-05-01,US,Alabama,Barbour,42,1,0,31.868263,-85.3871286,1005.0,41,39,1,0,38,37,24881,3,0,0,3,2
2020-05-01,US,Alabama,Bibb,42,0,0,32.99642064,-87.12511459999996,1007.0,42,42,0,0,42,42,22400,0,0,0,0,0
2020-05-01,US,Alabama,Blount,39,0,0,33.98210918,-86.56790593,1009.0,39,37,0,0,37,36,57840,2,0,0,2,1
2020-05-01,US,Alabama,Bullock,14,0,0,32.10030533,-85.71265535,1011.0,14,13,0,0,13,12,10138,1,0,0,1,1
2020-05-01,US,Alabama,Butler,65,1,0,31.75300095,-86.68057478,1013.0,64,53,1,0,52,50,19680,12,0,0,12,3
2020-05-01,US,Alabama,Calhoun,93,3,0,33.77483727,-85.82630386,1015.0,90,94,3,0,91,93,114277,-1,0,0,-1,1
2020-05-01,US,Alabama,Chambers,290,21,0,32.91360079,-85.39072749,1017.0,269,295,21,0,274,293,33615,-5,0,0,-5,2
2020-05-01,US,Alabama,Cherokee,15,0,0,34.17805983,-85.60638968,1019.0,15,15,0,0,15,15,26032,0,0,0,0,0
2020-05-01,US,Alabama,Chilton,52,1,0,32.85044126,-86.7173256,1021.0,51,53,1,0,52,53,44153,-1,0,0,-1,0
2020-05-01,US,Alabama,Choctaw,49,0,0,32.02227341,-88.26564429999998,1023.0,49,43,0,0,43,39,12841,6,0,0,6,4
2020-05-01,US,Alabama,Clarke,34,1,0,31.68099859,-87.83548597,1025.0,33,32,1,0,31,30,23920,2,0,0,2,2
2020-05-01,US,Alabama,Clay,21,1,0,33.26984193,-85.85836077,1027.0,20,21,1,0,20,21,13275,0,0,0,0,0
2020-05-01,US,Alabama,Cleburne,12,1,0,33.67679204,-85.52005899,1029.0,11,12,1,0,11,12,14987,0,0,0,0,0
2020-05-01,US,Alabama,Coffee,117,0,0,31.39932826,-85.98901039,1031.0,117,111,0,0,111,107,51909,6,0,0,6,4
2020-05-01,US,Alabama,Colbert,33,2,0,34.69847452,-87.80168544,1033.0,31,29,2,0,27,27,54762,4,0,0,4,2
2020-05-01,US,Alabama,Conecuh,9,0,0,31.43401703,-86.99320044,1035.0,9,9,0,0,9,9,12277,0,0,0,0,0
2020-05-01,US,Alabama,Coosa,29,1,0,32.93690146,-86.24847739,1037.0,28,31,1,0,30,31,10715,-2,0,0,-2,0
2020-05-01,US,Alabama,Covington,38,1,0,31.2477854,-86.45050893,1039.0,37,36,1,0,35,36,36986,2,0,0,2,0
2020-05-01,US,Alabama,Crenshaw,19,0,0,31.72941803,-86.31593104,1041.0,19,19,0,0,19,17,13824,0,0,0,0,2
2020-05-01,US,Alabama,Cullman,57,0,0,34.13020303,-86.86888037,1043.0,57,55,0,0,55,55,83442,2,0,0,2,0
2020-05-01,US,Alabama,Dale,27,0,0,31.43037123,-85.61095742,1045.0,27,27,0,0,27,25,48956,0,0,0,0,2
2020-05-01,US,Alabama,Dallas,42,3,0,32.32688101,-87.10866709999998,1047.0,39,41,3,0,38,37,38310,1,0,0,1,4
2020-05-01,US,Alabama,DeKalb,76,2,0,34.45946862,-85.80782906,1049.0,74,77,2,0,75,77,71385,-1,0,0,-1,0
2020-05-01,US,Alabama,Elmore,88,2,0,32.59785413,-86.14415284,1051.0,86,86,2,0,84,84,81887,2,0,0,2,2
2020-05-01,US,Alabama,Escambia,29,2,0,31.1256789,-87.15918694,1053.0,27,28,1,0,27,27,36748,1,1,0,0,1
2020-05-01,US,Alabama,Etowah,139,10,0,34.04567266,-86.04051873,1055.0,129,139,9,0,130,139,102501,0,1,0,-1,0
2020-05-01,US,Alabama,Fayette,6,0,0,33.72076938,-87.73886638,1057.0,6,6,0,0,6,6,16433,0,0,0,0,0
2020-05-01,US,Alabama,Franklin,78,0,0,34.44235334,-87.84289505,1059.0,78,58,0,0,58,45,31363,20,0,0,20,13
2020-05-01,US,Alabama,Geneva,9,0,0,31.09389027,-85.83572839,1061.0,9,9,0,0,9,9,26314,0,0,0,0,0
2020-05-01,US,Alabama,Greene,54,1,0,32.85504247,-87.95684022,1063.0,53,55,1,0,54,50,8233,-1,0,0,-1,5
2020-05-01,US,Alabama,Hale,50,2,0,32.76039258,-87.63284988,1065.0,48,47,2,0,45,43,14726,3,0,0,3,4
2020-05-01,US,Alabama,Henry,24,1,0,31.51148016,-85.24267944,1067.0,23,24,1,0,23,23,17209,0,0,0,0,1
2020-05-01,US,Alabama,Houston,90,4,0,31.15197924,-85.29939599,1069.0,86,90,4,0,86,87,104722,0,0,0,0,3
2020-05-01,US,Alabama,Jackson,49,2,0,34.78144169,-85.99750489,1071.0,47,49,2,0,47,47,51736,0,0,0,0,2
2020-05-01,US,Alabama,Jefferson,929,48,0,33.55554728,-86.89506300000002,1073.0,881,886,46,0,840,880,659300,43,2,0,41,6
2020-05-01,US,Alabama,Lamar,11,0,0,33.77995024,-88.09668032,1075.0,11,11,0,0,11,10,13844,0,0,0,0,1
2020-05-01,US,Alabama,Lauderdale,50,2,0,34.90171875,-87.65624729,1077.0,48,38,2,0,36,31,92387,12,0,0,12,7
2020-05-01,US,Alabama,Lawrence,13,0,0,34.52041498,-87.31069453,1079.0,13,12,0,0,12,12,32957,1,0,0,1,0
2020-05-01,US,Alabama,Lee,391,29,0,32.60154883,-85.35132246,1081.0,362,394,29,0,365,386,163941,-3,0,0,-3,8
2020-05-01,US,Alabama,Limestone,44,0,0,34.81185586,-86.98310072,1083.0,44,44,0,0,44,44,96174,0,0,0,0,0
2020-05-01,US,Alabama,Lowndes,67,1,0,32.1597283,-86.65158371,1085.0,66,65,1,0,64,57,9974,2,0,0,2,8
2020-05-01,US,Alabama,Macon,37,2,0,32.38759944,-85.69267724,1087.0,35,37,2,0,35,36,18439,0,0,0,0,1
2020-05-01,US,Alabama,Madison,225,4,0,34.76327133,-86.55069633,1089.0,221,227,4,0,223,224,366519,-2,0,0,-2,3
2020-05-01,US,Alabama,Marengo,52,3,0,32.24767634,-87.78796182,1091.0,49,49,3,0,46,46,19066,3,0,0,3,3
2020-05-01,US,Alabama,Marion,78,6,0,34.13697363,-87.88704173,1093.0,72,75,6,0,69,76,29763,3,0,0,3,-1
2020-05-01,US,Alabama,Marshall,328,7,0,34.36975964,-86.30486727,1095.0,321,317,6,0,311,316,96109,11,1,0,10,1
2020-05-01,US,Alabama,Mobile,1099,61,0,30.78472347,-88.20842409,1097.0,1038,1058,55,0,1003,1033,413757,41,6,0,35,25
2020-05-01,US,Alabama,Monroe,13,1,0,31.56729412,-87.36995001,1099.0,12,13,1,0,12,12,21067,0,0,0,0,1
2020-05-01,US,Alabama,Montgomery,355,6,0,32.2206831,-86.20969272,1101.0,349,337,6,0,331,316,225763,18,0,0,18,21
2020-05-01,US,Alabama,Morgan,71,0,0,34.45500589,-86.85475946,1103.0,71,68,0,0,68,68,119089,3,0,0,3,0
2020-05-01,US,Alabama,Perry,10,0,0,32.64048341,-87.29770589,1105.0,10,9,0,0,9,9,9140,1,0,0,1,0
2020-05-01,US,Alabama,Pickens,50,2,0,33.28094866,-88.08818103,1107.0,48,48,1,0,47,48,19938,2,1,0,1,0
2020-05-01,US,Alabama,Pike,69,0,0,31.80396383,-85.9408295,1109.0,69,67,0,0,67,67,33338,2,0,0,2,0
2020-05-01,US,Alabama,Randolph,62,4,0,33.29526734,-85.45708831,1111.0,58,62,4,0,58,62,22725,0,0,0,0,0
2020-05-01,US,Alabama,Russell,60,0,0,32.28725256,-85.18415324,1113.0,60,57,0,0,57,55,57781,3,0,0,3,2
2020-05-01,US,Alabama,Shelby,320,13,0,33.26879845,-86.66232561,1117.0,307,320,12,0,308,320,215707,0,1,0,-1,0
2020-05-01,US,Alabama,St. Clair,73,0,0,33.71902176,-86.31029372,1115.0,73,72,0,0,72,70,88690,1,0,0,1,2
2020-05-01,US,Alabama,Sumter,68,3,0,32.59117397,-88.19916205,1119.0,65,64,2,0,62,56,12691,4,1,0,3,8
2020-05-01,US,Alabama,Talladega,61,2,0,33.37823223,-86.16886178,1121.0,59,61,2,0,59,59,79828,0,0,0,0,2
2020-05-01,US,Alabama,Tallapoosa,286,18,0,32.86698258,-85.79833053,1123.0,268,285,18,0,267,282,40497,1,0,0,1,3
2020-05-01,US,Alabama,Tuscaloosa,210,2,0,33.28726072,-87.52556818,1125.0,208,208,1,0,207,202,208911,2,1,0,1,6
2020-05-01,US,Alabama,Walker,97,0,0,33.80270512,-87.30027177,1127.0,97,96,0,0,96,95,63711,1,0,0,1,1
2020-05-01,US,Alabama,Washington,35,2,0,31.4092794,-88.20689944,1129.0,33,34,1,0,33,34,16378,1,1,0,0,0
2020-05-01,US,Alabama,Wilcox,67,3,0,31.98773215,-87.30891118,1131.0,64,66,2,0,64,62,10627,1,1,0,0,4
2020-05-01,US,Alabama,Winston,15,0,0,34.15030532,-87.37325922,1133.0,15,15,0,0,15,13,23660,0,0,0,0,2
2020-05-01,US,Alaska,Anchorage,185,4,0,61.14998174,-149.14269860000005,2020.0,181,179,4,0,175,179,291538,6,0,0,6,0
2020-05-01,US,Alaska,Bethel,1,0,0,60.90980451,-159.8561831,2050.0,1,1,0,0,1,1,18216,0,0,0,0,0
2020-05-01,US,Alaska,Fairbanks North Star,82,2,0,64.80726247,-146.5692662,2090.0,80,81,1,0,80,81,98971,1,1,0,0,0
2020-05-01,US,Alaska,Juneau,27,0,0,58.45031811,-134.200436,2110.0,27,27,0,0,27,27,32113,0,0,0,0,0
2020-05-01,US,Alaska,Kenai Peninsula,21,1,0,60.24429722,-151.53888840000005,2122.0,20,19,0,0,19,19,58533,2,1,0,1,0
2020-05-01,US,Alaska,Ketchikan Gateway,16,0,0,55.57445008,-130.975561,2130.0,16,16,0,0,16,16,13918,0,0,0,0,0
2020-05-01,US,Alaska,Kodiak Island,1,0,0,57.65529415,-153.7493579,2150.0,1,1,0,0,1,1,13345,0,0,0,0,0
2020-05-01,US,Alaska,Matanuska-Susitna,21,1,0,62.31305045,-149.5741743,2170.0,20,21,0,0,21,21,107610,0,1,0,-1,0
2020-05-01,US,Alaska,Nome,1,0,0,64.90320724,-164.0353804,2180.0,1,1,0,0,1,1,10008,0,0,0,0,0
2020-05-01,US,Alaska,Petersburg,4,1,0,57.13978948,-132.9540995,2195.0,3,4,0,0,4,4,3221,0,1,0,-1,0
2020-05-01,US,Alaska,Prince of Wales-Hyder,2,0,0,55.76261984,-133.0511621,2198.0,2,2,0,0,2,2,6422,0,0,0,0,0
2020-05-01,US,Alaska,Sitka,1,0,0,57.24124555,-135.3206587,2220.0,1,1,0,0,1,1,8647,0,0,0,0,0
2020-05-01,US,Alaska,Southeast Fairbanks,1,0,0,63.87692095,-143.2127643,2240.0,1,1,0,0,1,1,6918,0,0,0,0,0
2020-05-01,US,Alaska,Yukon-Koyukuk,1,0,0,65.50815459,-151.3907387,2290.0,1,1,0,0,1,1,5327,0,0,0,0,0
2020-05-01,US,Arizona,Apache,478,6,0,35.39465006,-109.4892383,4001.0,472,449,6,0,443,392,71818,29,0,0,29,57
2020-05-01,US,Arizona,Cochise,39,0,0,31.87934684,-109.7516088,4003.0,39,39,0,0,39,38,126770,0,0,0,0,1
2020-05-01,US,Arizona,Coconino,498,44,0,35.83883429,-111.7707178,4005.0,454,486,42,0,444,453,142854,12,2,0,10,33
2020-05-01,US,Arizona,Gila,13,0,0,33.80190085,-110.8132779,4007.0,13,13,0,0,13,12,53889,0,0,0,0,1
2020-05-01,US,Arizona,Graham,17,0,0,32.93166885,-109.8882178,4009.0,17,16,0,0,16,10,38072,1,0,0,1,6
2020-05-01,US,Arizona,Greenlee,2,0,0,33.21498827,-109.2405279,4011.0,2,2,0,0,2,2,9483,0,0,0,0,0
2020-05-01,US,Arizona,La Paz,15,1,0,33.72854224,-113.9810029,4012.0,14,14,1,0,13,8,21098,1,0,0,1,6
2020-05-01,US,Arizona,Maricopa,4156,147,0,33.34835867,-112.4918154,4013.0,4009,3972,145,0,3827,3723,4410824,184,2,0,182,249
2020-05-01,US,Arizona,Mohave,122,13,0,35.70471703,-113.7577902,4015.0,109,117,10,0,107,105,209550,5,3,0,2,12
2020-05-01,US,Arizona,Navajo,741,21,0,35.3997715,-110.3218983,4017.0,720,712,21,0,691,682,110445,29,0,0,29,30
2020-05-01,US,Arizona,Pima,1267,81,0,32.0971334,-111.7890033,4019.0,1186,1241,80,0,1161,1215,1039073,26,1,0,25,26
2020-05-01,US,Arizona,Pinal,417,13,0,32.90525627,-111.3449483,4021.0,404,397,11,0,386,387,447138,20,2,0,18,10
2020-05-01,US,Arizona,Santa Cruz,33,0,0,31.52508998,-110.8479088,4023.0,33,33,0,0,33,31,46511,0,0,0,0,2
2020-05-01,US,Arizona,Unassigned,0,2,0,0.0,0.0,90004.0,-2,0,2,0,-2,0,,0,0,0,0,0
2020-05-01,US,Arizona,Yavapai,82,1,0,34.59933926,-112.5538588,4025.0,81,79,1,0,78,79,231993,3,0,0,3,0
2020-05-01,US,Arizona,Yuma,89,1,0,32.76895712,-113.90666740000002,4027.0,88,85,1,0,84,72,212128,4,0,0,4,13
2020-05-01,US,Arkansas,Arkansas,2,0,0,34.29145151,-91.37277296,5001.0,2,2,0,0,2,2,17769,0,0,0,0,0
2020-05-01,US,Arkansas,Ashley,16,0,0,33.19153461,-91.7698471,5003.0,16,15,0,0,15,13,20046,1,0,0,1,2
2020-05-01,US,Arkansas,Baxter,5,0,0,36.28784385,-92.33782872,5005.0,5,5,0,0,5,5,41619,0,0,0,0,0
2020-05-01,US,Arkansas,Benton,107,0,0,36.33644656,-94.25680817,5007.0,107,102,0,0,102,101,272608,5,0,0,5,1
2020-05-01,US,Arkansas,Boone,5,0,0,36.3084504,-93.09374925,5009.0,5,5,0,0,5,5,37480,0,0,0,0,0
2020-05-01,US,Arkansas,Bradley,12,1,0,33.46755808,-92.15980837,5011.0,11,12,1,0,11,11,10897,0,0,0,0,1
2020-05-01,US,Arkansas,Carroll,5,0,0,36.34038560000001,-93.54270261,5015.0,5,5,0,0,5,5,28223,0,0,0,0,0
2020-05-01,US,Arkansas,Chicot,9,0,0,33.26458973,-91.29539209,5017.0,9,9,0,0,9,9,10438,0,0,0,0,0
2020-05-01,US,Arkansas,Clark,30,0,0,34.04613432,-93.17484713,5019.0,30,30,0,0,30,27,22061,0,0,0,0,3
2020-05-01,US,Arkansas,Clay,3,0,0,36.36826212,-90.4148172,5021.0,3,3,0,0,3,3,14847,0,0,0,0,0
2020-05-01,US,Arkansas,Cleburne,73,4,0,35.53864922,-92.02640019,5023.0,69,73,4,0,69,73,24965,0,0,0,0,0
2020-05-01,US,Arkansas,Cleveland,11,0,0,33.89723187,-92.18537045,5025.0,11,11,0,0,11,10,8018,0,0,0,0,1
2020-05-01,US,Arkansas,Columbia,13,0,0,33.21230701,-93.22642793,5027.0,13,13,0,0,13,12,23537,0,0,0,0,1
2020-05-01,US,Arkansas,Conway,13,1,0,35.26205537,-92.70506566,5029.0,12,13,1,0,12,13,20891,0,0,0,0,0
2020-05-01,US,Arkansas,Craighead,80,0,0,35.83018283,-90.63235729,5031.0,80,74,0,0,74,73,108558,6,0,0,6,1
2020-05-01,US,Arkansas,Crawford,4,0,0,35.58928601,-94.2446814,5033.0,4,4,0,0,4,4,63406,0,0,0,0,0
2020-05-01,US,Arkansas,Crittenden,188,5,0,35.21247318,-90.30839406,5035.0,183,187,5,0,182,180,48342,1,0,0,1,7
2020-05-01,US,Arkansas,Cross,21,0,0,35.29631396,-90.77185818,5037.0,21,17,0,0,17,16,16676,4,0,0,4,1
2020-05-01,US,Arkansas,Dallas,1,0,0,33.97042763,-92.65167437,5039.0,1,1,0,0,1,1,7182,0,0,0,0,0
2020-05-01,US,Arkansas,Desha,16,0,0,33.83011025,-91.25500948,5041.0,16,16,0,0,16,16,11512,0,0,0,0,0
2020-05-01,US,Arkansas,Drew,16,1,0,33.59035001,-91.71777921,5043.0,15,16,1,0,15,14,18328,0,0,0,0,2
2020-05-01,US,Arkansas,Faulkner,76,2,0,35.14719007,-92.33717519,5045.0,74,76,2,0,74,76,124806,0,0,0,0,0
2020-05-01,US,Arkansas,Franklin,2,0,0,35.51202821,-93.89299569,5047.0,2,2,0,0,2,2,17810,0,0,0,0,0
2020-05-01,US,Arkansas,Fulton,1,0,0,36.38177105,-91.81729127,5049.0,1,1,0,0,1,1,12269,0,0,0,0,0
2020-05-01,US,Arkansas,Garland,117,0,0,34.57692074,-93.14921604,5051.0,117,116,0,0,116,115,99154,1,0,0,1,1
2020-05-01,US,Arkansas,Grant,14,0,0,34.29017991,-92.42320562,5053.0,14,14,0,0,14,13,18188,0,0,0,0,1
2020-05-01,US,Arkansas,Greene,16,0,0,36.11735460000001,-90.55832668,5055.0,16,16,0,0,16,16,45325,0,0,0,0,0
2020-05-01,US,Arkansas,Hempstead,6,1,0,33.73325583,-93.66935133,5057.0,5,6,1,0,5,6,21741,0,0,0,0,0
2020-05-01,US,Arkansas,Hot Spring,19,0,0,34.31709259,-92.95396325,5059.0,19,19,0,0,19,16,33701,0,0,0,0,3
2020-05-01,US,Arkansas,Howard,13,0,0,34.09007427,-93.9934871,5061.0,13,13,0,0,13,13,13341,0,0,0,0,0
2020-05-01,US,Arkansas,Independence,10,0,0,35.74242707,-91.57001641,5063.0,10,9,0,0,9,9,37678,1,0,0,1,0
2020-05-01,US,Arkansas,Izard,6,0,0,36.09604046,-91.90847954,5065.0,6,5,0,0,5,5,13593,1,0,0,1,0
2020-05-01,US,Arkansas,Jackson,1,0,0,35.59802983,-91.21494602,5067.0,1,1,0,0,1,1,16811,0,0,0,0,0
2020-05-01,US,Arkansas,Jefferson,177,15,0,34.26767081,-91.92619839,5069.0,162,169,14,0,155,168,68114,8,1,0,7,1
2020-05-01,US,Arkansas,Johnson,31,0,0,35.56759135,-93.46036368,5071.0,31,31,0,0,31,29,26742,0,0,0,0,2
2020-05-01,US,Arkansas,Lafayette,8,1,0,33.24116713,-93.60677071,5073.0,7,7,1,0,6,7,6682,1,0,0,1,0
2020-05-01,US,Arkansas,Lawrence,59,2,0,36.04188196,-91.10867198,5075.0,57,59,2,0,57,46,16434,0,0,0,0,13
2020-05-01,US,Arkansas,Lee,3,1,0,34.78498904,-90.78383866,5077.0,2,3,1,0,2,3,8985,0,0,0,0,0
2020-05-01,US,Arkansas,Lincoln,816,0,0,33.95317155,-91.74002806,5079.0,816,814,0,0,814,756,13383,2,0,0,2,58
2020-05-01,US,Arkansas,Logan,3,0,0,35.21413234,-93.71951016,5083.0,3,3,0,0,3,3,21737,0,0,0,0,0
2020-05-01,US,Arkansas,Lonoke,41,0,0,34.75392199,-91.88742357,5085.0,41,41,0,0,41,41,73657,0,0,0,0,0
2020-05-01,US,Arkansas,Madison,1,0,0,36.01038185,-93.72524943,5087.0,1,1,0,0,1,1,16481,0,0,0,0,0
2020-05-01,US,Arkansas,Marion,1,0,0,36.26844485,-92.68451899,5089.0,1,1,0,0,1,1,16722,0,0,0,0,0
2020-05-01,US,Arkansas,Miller,34,1,0,33.31403423,-93.89285258,5091.0,33,34,1,0,33,33,43592,0,0,0,0,1
2020-05-01,US,Arkansas,Mississippi,20,0,0,35.76271485,-90.05194370000002,5093.0,20,19,0,0,19,15,41239,1,0,0,1,4
2020-05-01,US,Arkansas,Monroe,4,0,0,34.6815935,-91.20540287,5095.0,4,4,0,0,4,4,6900,0,0,0,0,0
2020-05-01,US,Arkansas,Montgomery,1,0,0,34.53704874,-93.65824478,5097.0,1,1,0,0,1,1,8924,0,0,0,0,0
2020-05-01,US,Arkansas,Nevada,1,0,0,33.66340119,-93.30632432,5099.0,1,1,0,0,1,1,8326,0,0,0,0,0
2020-05-01,US,Arkansas,Newton,3,0,0,35.91947491,-93.21612969,5101.0,3,3,0,0,3,3,7805,0,0,0,0,0
2020-05-01,US,Arkansas,Ouachita,7,0,0,33.58839816,-92.87795984,5103.0,7,6,0,0,6,6,23606,1,0,0,1,0
2020-05-01,US,Arkansas,Perry,7,0,0,34.9459153,-92.94372564,5105.0,7,7,0,0,7,6,10352,0,0,0,0,1
2020-05-01,US,Arkansas,Phillips,5,1,0,34.43268455,-90.84800154,5107.0,4,5,1,0,4,5,18029,0,0,0,0,0
2020-05-01,US,Arkansas,Pike,3,0,0,34.16250414,-93.65789349,5109.0,3,3,0,0,3,3,10673,0,0,0,0,0
2020-05-01,US,Arkansas,Poinsett,23,2,0,35.57433534,-90.66268713,5111.0,21,22,1,0,21,19,23974,1,1,0,0,3
2020-05-01,US,Arkansas,Polk,8,0,0,34.48254879,-94.22728802,5113.0,8,8,0,0,8,8,20049,0,0,0,0,0
2020-05-01,US,Arkansas,Pope,43,0,0,35.44871474,-93.03212219,5115.0,43,43,0,0,43,43,64000,0,0,0,0,0
2020-05-01,US,Arkansas,Prairie,2,0,0,34.83624419,-91.55162157,5117.0,2,2,0,0,2,2,8074,0,0,0,0,0
2020-05-01,US,Arkansas,Pulaski,527,18,0,34.77054088,-92.31355101,5119.0,509,518,17,0,501,500,392680,9,1,0,8,18
2020-05-01,US,Arkansas,Randolph,18,0,0,36.3415714,-91.02455531,5121.0,18,17,0,0,17,17,17948,1,0,0,1,0
2020-05-01,US,Arkansas,Saline,67,1,0,34.64916145,-92.67583224,5125.0,66,67,1,0,66,59,121421,0,0,0,0,8
2020-05-01,US,Arkansas,Scott,1,0,0,34.85588887,-94.0632176,5127.0,1,1,0,0,1,1,10319,0,0,0,0,0
2020-05-01,US,Arkansas,Searcy,6,0,0,35.9109364,-92.69936482,5129.0,6,6,0,0,6,6,7958,0,0,0,0,0
2020-05-01,US,Arkansas,Sebastian,13,0,0,35.19605503,-94.27162713,5131.0,13,13,0,0,13,12,127753,0,0,0,0,1
2020-05-01,US,Arkansas,Sevier,12,1,0,33.99780401,-94.2424869,5133.0,11,11,1,0,10,11,17139,1,0,0,1,0
2020-05-01,US,Arkansas,Sharp,10,0,0,36.16258158,-91.47819342,5135.0,10,10,0,0,10,6,17366,0,0,0,0,4
2020-05-01,US,Arkansas,St. Francis,84,0,0,35.02201976,-90.74828138,5123.0,84,83,0,0,83,83,25439,1,0,0,1,0
2020-05-01,US,Arkansas,Stone,7,0,0,35.86251946,-92.15684085,5137.0,7,7,0,0,7,7,12457,0,0,0,0,0
2020-05-01,US,Arkansas,Unassigned,173,0,0,0.0,0.0,90005.0,173,168,0,0,168,228,,5,0,0,5,-60
2020-05-01,US,Arkansas,Union,54,0,0,33.16887091,-92.59746952,5139.0,54,50,0,0,50,44,39126,4,0,0,4,6
2020-05-01,US,Arkansas,Van Buren,28,2,0,35.58095779,-92.51295036,5141.0,26,28,2,0,26,28,16603,0,0,0,0,0
2020-05-01,US,Arkansas,Washington,87,3,0,35.976844,-94.21800746,5143.0,84,86,3,0,83,84,236961,1,0,0,1,2
2020-05-01,US,Arkansas,White,34,1,0,35.25688493,-91.74908296,5145.0,33,34,1,0,33,33,78727,0,0,0,0,1
2020-05-01,US,Arkansas,Woodruff,1,0,0,35.18902527,-91.2439489,5147.0,1,1,0,0,1,1,6490,0,0,0,0,0
2020-05-01,US,Arkansas,Yell,3,0,0,35.00292371,-93.41171338,5149.0,3,3,0,0,3,3,21535,0,0,0,0,0
2020-05-01,US,California,Alameda,1636,62,0,37.64629437,-121.8929271,6001.0,1574,1603,60,0,1543,1568,1666753,33,2,0,31,35
2020-05-01,US,California,Alpine,2,0,0,38.59678594,-119.8223594,6003.0,2,2,0,0,2,2,1101,0,0,0,0,0
2020-05-01,US,California,Amador,8,0,0,38.44583082,-120.65696,6005.0,8,8,0,0,8,8,39383,0,0,0,0,0
2020-05-01,US,California,Butte,16,0,0,39.66727762,-121.6005252,6007.0,16,16,0,0,16,16,231256,0,0,0,0,0
2020-05-01,US,California,Calaveras,13,0,0,38.20537103,-120.552913,6009.0,13,13,0,0,13,13,45602,0,0,0,0,0
2020-05-01,US,California,Colusa,3,0,0,39.17881957,-122.2331726,6011.0,3,3,0,0,3,3,21627,0,0,0,0,0
2020-05-01,US,California,Contra Costa,907,28,0,37.91923498,-121.9289527,6013.0,879,891,27,0,864,862,1150215,16,1,0,15,29
2020-05-01,US,California,Del Norte,3,0,0,41.74228275,-123.8974063,6015.0,3,3,0,0,3,3,27828,0,0,0,0,0
2020-05-01,US,California,El Dorado,47,0,0,38.77965956,-120.5233166,6017.0,47,44,0,0,44,44,190678,3,0,0,3,0
2020-05-01,US,California,Fresno,615,8,0,36.75733899,-119.6466953,6019.0,607,538,7,0,531,538,994400,77,1,0,76,0
2020-05-01,US,California,Glenn,5,0,0,39.59875897,-122.3938452,6021.0,5,5,0,0,5,5,28047,0,0,0,0,0
2020-05-01,US,California,Humboldt,54,0,0,40.69923009,-123.876044,6023.0,54,54,0,0,54,54,136373,0,0,0,0,0
2020-05-01,US,California,Imperial,333,9,0,33.0393082,-115.3669042,6025.0,324,319,8,0,311,319,181827,14,1,0,13,0
2020-05-01,US,California,Inyo,19,1,0,36.51112084,-117.41119779999998,6027.0,18,19,1,0,18,19,17987,0,0,0,0,0
2020-05-01,US,California,Kern,939,8,0,35.34329425,-118.7277796,6029.0,931,893,7,0,886,866,896764,46,1,0,45,27
2020-05-01,US,California,Kings,123,1,0,36.07409056,-119.8159973,6031.0,122,96,1,0,95,79,151366,27,0,0,27,17
2020-05-01,US,California,Lake,7,0,0,39.10124298,-122.7536244,6033.0,7,6,0,0,6,6,64382,1,0,0,1,0
2020-05-01,US,California,Los Angeles,24262,1174,0,34.30828379,-118.2282411,6037.0,23088,23220,1111,0,22109,22485,10105518,1042,63,0,979,735
2020-05-01,US,California,Madera,46,2,0,37.21513971,-119.76655890000002,6039.0,44,46,2,0,44,46,157672,0,0,0,0,0
2020-05-01,US,California,Marin,237,13,0,38.07122463,-122.7210631,6041.0,224,235,13,0,222,226,259666,2,0,0,2,9
2020-05-01,US,California,Mariposa,13,0,0,37.57978556,-119.9073334,6043.0,13,3,0,0,3,1,17471,10,0,0,10,2
2020-05-01,US,California,Mendocino,12,0,0,39.4381191,-123.3911313,6045.0,12,12,0,0,12,12,87606,0,0,0,0,0
2020-05-01,US,California,Merced,134,3,0,37.18922369,-120.7209035,6047.0,131,125,3,0,122,118,274765,9,0,0,9,7
2020-05-01,US,California,Mono,26,1,0,37.93899289,-118.8872409,6051.0,25,26,1,0,25,26,14250,0,0,0,0,0
2020-05-01,US,California,Monterey,213,5,0,36.21862405,-121.2413397,6053.0,208,206,5,0,201,191,435594,7,0,0,7,15
2020-05-01,US,California,Napa,68,2,0,38.50735751,-122.332839,6055.0,66,67,2,0,65,67,139417,1,0,0,1,0
2020-05-01,US,California,Nevada,41,1,0,39.30394768,-120.7627281,6057.0,40,41,1,0,40,41,99696,0,0,0,0,0
2020-05-01,US,California,Orange,2537,50,0,33.70147516,-117.76459979999998,6059.0,2487,2393,45,0,2348,2252,3185968,144,5,0,139,141
2020-05-01,US,California,Placer,150,8,0,39.06167234,-120.7240569,6061.0,142,147,8,0,139,145,393149,3,0,0,3,2
2020-05-01,US,California,Plumas,4,0,0,40.00355989,-120.8395236,6063.0,4,4,0,0,4,4,18804,0,0,0,0,0
2020-05-01,US,California,Riverside,4079,156,0,33.74314981,-115.9933578,6065.0,3923,4031,149,0,3882,3942,2450758,48,7,0,41,89
2020-05-01,US,California,Sacramento,1090,42,0,38.45106826,-121.3425374,6067.0,1048,1077,43,0,1034,1068,1540975,13,-1,0,14,9
2020-05-01,US,California,San Benito,51,2,0,36.60308176,-121.069975,6069.0,49,50,2,0,48,50,61537,1,0,0,1,0
2020-05-01,US,California,San Bernardino,2113,94,0,34.84060306,-116.1774685,6071.0,2019,2058,93,0,1965,1928,2171603,55,1,0,54,130
2020-05-01,US,California,San Diego,3564,124,0,33.03484597,-116.7365326,6073.0,3440,3432,120,0,3312,3432,3343364,132,4,0,128,0
2020-05-01,US,California,San Francisco,1523,28,0,37.75215114,-122.4385672,6075.0,1495,1499,25,0,1474,1490,883305,24,3,0,21,9
2020-05-01,US,California,San Joaquin,557,25,0,37.93433732,-121.2730061,6077.0,532,543,25,0,518,540,752660,14,0,0,14,3
2020-05-01,US,California,San Luis Obispo,188,1,0,35.38822029,-120.4039028,6079.0,187,184,1,0,183,181,284010,4,0,0,4,3
2020-05-01,US,California,San Mateo,1197,51,0,37.4228808,-122.32755459999998,6081.0,1146,1177,48,0,1129,1136,769545,20,3,0,17,41
2020-05-01,US,California,Santa Barbara,506,8,0,34.65329488,-120.0188492,6083.0,498,485,8,0,477,485,446527,21,0,0,21,0
2020-05-01,US,California,Santa Clara,2179,113,0,37.23104908,-121.6970462,6085.0,2066,2163,111,0,2052,2134,1937570,16,2,0,14,29
2020-05-01,US,California,Santa Cruz,132,2,0,37.05580291,-122.0066524,6087.0,130,131,2,0,129,127,274255,1,0,0,1,4
2020-05-01,US,California,Shasta,31,4,0,40.76391419,-122.0396884,6089.0,27,31,4,0,27,31,180040,0,0,0,0,0
2020-05-01,US,California,Siskiyou,5,0,0,41.59198861,-122.5407434,6093.0,5,5,0,0,5,5,43724,0,0,0,0,0
2020-05-01,US,California,Solano,266,5,0,38.26827353,-121.9357113,6095.0,261,263,5,0,258,254,446610,3,0,0,3,9
2020-05-01,US,California,Sonoma,244,2,0,38.52746429,-122.8862506,6097.0,242,232,2,0,230,228,499942,12,0,0,12,4
2020-05-01,US,California,Stanislaus,380,13,0,37.55862499,-120.9970722,6099.0,367,339,11,0,328,339,549815,41,2,0,39,0
2020-05-01,US,California,Sutter,31,2,0,39.03417539,-121.6945899,6101.0,29,30,2,0,28,30,96807,1,0,0,1,0
2020-05-01,US,California,Tehama,1,1,0,40.12570935,-122.2370171,6103.0,0,1,1,0,0,1,63916,0,0,0,0,0
2020-05-01,US,California,Tulare,680,40,0,36.22026558,-118.8020203,6107.0,640,640,40,0,600,626,465861,40,0,0,40,14
2020-05-01,US,California,Tuolumne,4,0,0,38.02644018,-119.9525093,6109.0,4,4,0,0,4,4,54539,0,0,0,0,0
2020-05-01,US,California,Unassigned,0,2,0,0.0,0.0,90006.0,-2,0,2,0,-2,0,,0,0,0,0,0
2020-05-01,US,California,Ventura,544,18,0,34.44465746,-119.0910613,6111.0,526,535,18,0,517,517,850967,9,0,0,9,18
2020-05-01,US,California,Yolo,169,16,0,38.68278902,-121.9018288,6113.0,153,164,16,0,148,163,220408,5,0,0,5,1
2020-05-01,US,California,Yuba,19,1,0,39.26255932,-121.3535644,6115.0,18,18,1,0,17,17,78041,1,0,0,1,1
2020-05-01,US,Colorado,Adams,1665,68,0,39.87432092,-104.3362578,8001.0,1597,1585,63,0,1522,1490,511868,80,5,0,75,95
2020-05-01,US,Colorado,Alamosa,10,2,0,37.57250606,-105.7885451,8003.0,8,10,2,0,8,10,16683,0,0,0,0,0
2020-05-01,US,Colorado,Arapahoe,2557,152,0,39.64977461,-104.3353617,8005.0,2405,2472,141,0,2331,2389,651215,85,11,0,74,83
2020-05-01,US,Colorado,Archuleta,8,0,0,37.19474156,-107.0476867,8007.0,8,8,0,0,8,8,13765,0,0,0,0,0
2020-05-01,US,Colorado,Baca,10,0,0,37.31940883,-102.5603223,8009.0,10,10,0,0,10,10,3585,0,0,0,0,0
2020-05-01,US,Colorado,Boulder,618,40,0,40.09313619,-105.3546767,8013.0,578,580,40,0,540,565,326078,38,0,0,38,15
2020-05-01,US,Colorado,Broomfield,157,11,0,39.95998787,-105.0566324,8014.0,146,150,9,0,141,147,69267,7,2,0,5,3
2020-05-01,US,Colorado,Chaffee,67,15,0,38.74745778,-106.19265729999998,8015.0,52,66,15,0,51,66,20027,1,0,0,1,0
2020-05-01,US,Colorado,Clear Creek,13,1,0,39.68864463,-105.6463118,8019.0,12,13,1,0,12,13,9605,0,0,0,0,0
2020-05-01,US,Colorado,Costilla,3,0,0,37.27732493,-105.4276548,8023.0,3,3,0,0,3,3,3828,0,0,0,0,0
2020-05-01,US,Colorado,Crowley,3,1,0,38.32608609,-103.7844965,8025.0,2,2,1,0,1,2,5858,1,0,0,1,0
2020-05-01,US,Colorado,Custer,2,0,0,38.10883162,-105.3683478,8027.0,2,2,0,0,2,2,4954,0,0,0,0,0
2020-05-01,US,Colorado,Delta,46,1,0,38.86246243,-107.8631342,8029.0,45,44,1,0,43,43,30953,2,0,0,2,1
2020-05-01,US,Colorado,Denver,3092,163,0,39.76018276,-104.8725695,8031.0,2929,3001,154,0,2847,2890,716492,91,9,0,82,111
2020-05-01,US,Colorado,Douglas,502,23,0,39.33133796,-104.930001,8035.0,479,478,22,0,456,468,342776,24,1,0,23,10
2020-05-01,US,Colorado,Eagle,550,7,0,39.62754308,-106.6933637,8037.0,543,550,7,0,543,546,54993,0,0,0,0,4
2020-05-01,US,Colorado,El Paso,964,71,0,38.83240149,-104.5251411,8041.0,893,932,70,0,862,907,713856,32,1,0,31,25
2020-05-01,US,Colorado,Elbert,30,1,0,39.28656773,-104.1358721,8039.0,29,29,1,0,28,28,26282,1,0,0,1,1
2020-05-01,US,Colorado,Fremont,22,0,0,38.47362326,-105.4399667,8043.0,22,22,0,0,22,22,48021,0,0,0,0,0
2020-05-01,US,Colorado,Garfield,93,2,0,39.59921777,-107.902708,8045.0,91,93,2,0,91,91,59770,0,0,0,0,2
2020-05-01,US,Colorado,Gilpin,1,0,0,39.85646523,-105.5252597,8047.0,1,1,0,0,1,1,6121,0,0,0,0,0
2020-05-01,US,Colorado,Grand,5,0,0,40.10603347,-106.1178042,8049.0,5,5,0,0,5,5,15525,0,0,0,0,0
2020-05-01,US,Colorado,Gunnison,166,5,0,38.66611652,-107.0320729,8051.0,161,166,5,0,161,161,17246,0,0,0,0,5
2020-05-01,US,Colorado,Hinsdale,3,0,0,37.82247444,-107.3004345,8053.0,3,3,0,0,3,3,811,0,0,0,0,0
2020-05-01,US,Colorado,Huerfano,2,0,0,37.68473101,-104.9612585,8055.0,2,2,0,0,2,2,6889,0,0,0,0,0
2020-05-01,US,Colorado,Jefferson,1373,80,0,39.58635604,-105.2517692,8059.0,1293,1338,73,0,1265,1314,580233,35,7,0,28,24
2020-05-01,US,Colorado,Kit Carson,21,2,0,39.30497777,-102.6022199,8063.0,19,21,2,0,19,20,7163,0,0,0,0,1
2020-05-01,US,Colorado,La Plata,63,0,0,37.28632032,-107.8429014,8067.0,63,62,0,0,62,62,56310,1,0,0,1,0
2020-05-01,US,Colorado,Lake,19,0,0,39.20278823,-106.3555697,8065.0,19,18,0,0,18,17,7824,1,0,0,1,1
2020-05-01,US,Colorado,Larimer,377,19,0,40.66671597,-105.4625784,8069.0,358,363,19,0,344,348,350518,14,0,0,14,15
2020-05-01,US,Colorado,Las Animas,3,0,0,37.3153406,-104.0376458,8071.0,3,3,0,0,3,3,14503,0,0,0,0,0
2020-05-01,US,Colorado,Lincoln,3,0,0,38.98749519,-103.5136649,8073.0,3,3,0,0,3,3,5610,0,0,0,0,0
2020-05-01,US,Colorado,Logan,282,1,0,40.7249637,-103.110817,8075.0,281,282,1,0,281,270,21528,0,0,0,0,12
2020-05-01,US,Colorado,Mesa,47,0,0,39.01787888,-108.469799,8077.0,47,46,0,0,46,44,153207,1,0,0,1,2
2020-05-01,US,Colorado,Mineral,2,0,0,37.66954283,-106.9281698,8079.0,2,2,0,0,2,2,776,0,0,0,0,0
2020-05-01,US,Colorado,Moffat,6,0,0,40.61810999,-108.2070876,8081.0,6,6,0,0,6,6,13188,0,0,0,0,0
2020-05-01,US,Colorado,Montezuma,16,2,0,37.33859579,-108.5958857,8083.0,14,16,2,0,14,16,26158,0,0,0,0,0
2020-05-01,US,Colorado,Montrose,98,11,0,38.40214114,-108.26390220000002,8085.0,87,96,11,0,85,96,42214,2,0,0,2,0
2020-05-01,US,Colorado,Morgan,384,17,0,40.26279810000001,-103.8093302,8087.0,367,372,16,0,356,358,28558,12,1,0,11,14
2020-05-01,US,Colorado,Otero,10,1,0,37.9014485,-103.7173385,8089.0,9,10,1,0,9,8,18432,0,0,0,0,2
2020-05-01,US,Colorado,Ouray,5,1,0,38.14717457,-107.7675136,8091.0,4,5,1,0,4,5,4833,0,0,0,0,0
2020-05-01,US,Colorado,Out of CO,0,2,0,0.0,0.0,80008.0,-2,0,2,0,-2,0,,0,0,0,0,0
2020-05-01,US,Colorado,Park,13,0,0,39.120926,-105.7182065,8093.0,13,11,0,0,11,11,18556,2,0,0,2,0
2020-05-01,US,Colorado,Phillips,6,0,0,40.59414277,-102.3577703,8095.0,6,6,0,0,6,6,4286,0,0,0,0,0
2020-05-01,US,Colorado,Pitkin,65,2,0,39.21720112,-106.9310027,8097.0,63,65,2,0,63,62,17950,0,0,0,0,3
2020-05-01,US,Colorado,Prowers,1,0,0,37.95544985,-102.3926052,8099.0,1,1,0,0,1,1,12164,0,0,0,0,0
2020-05-01,US,Colorado,Pueblo,146,10,0,38.17359144,-104.5127437,8101.0,136,139,10,0,129,136,167529,7,0,0,7,3
2020-05-01,US,Colorado,Rio Blanco,1,0,0,39.97913541,-108.2179009,8103.0,1,1,0,0,1,1,6336,0,0,0,0,0
2020-05-01,US,Colorado,Rio Grande,7,0,0,37.5836865,-106.3847838,8105.0,7,7,0,0,7,7,11250,0,0,0,0,0
2020-05-01,US,Colorado,Routt,56,5,0,40.48596505,-106.9905548,8107.0,51,56,4,0,52,54,25733,0,1,0,-1,2
2020-05-01,US,Colorado,Saguache,4,0,0,38.08054629,-106.282466,8109.0,4,4,0,0,4,4,6843,0,0,0,0,0
2020-05-01,US,Colorado,San Miguel,19,0,0,38.00450883,-108.4020725,8113.0,19,19,0,0,19,19,8191,0,0,0,0,0
2020-05-01,US,Colorado,Summit,130,1,0,39.63803232,-106.1150762,8117.0,129,128,1,0,127,121,31007,2,0,0,2,7
2020-05-01,US,Colorado,Teller,28,2,0,38.88133511,-105.1614893,8119.0,26,28,2,0,26,28,25083,0,0,0,0,0
2020-05-01,US,Colorado,Unassigned,201,2,0,0.0,0.0,90008.0,199,158,1,0,157,145,,43,1,0,42,13
2020-05-01,US,Colorado,Washington,7,0,0,39.97015535,-103.202587,8121.0,7,7,0,0,7,7,4909,0,0,0,0,0
2020-05-01,US,Colorado,Weld,1802,100,0,40.55499405,-104.3929621,8123.0,1702,1776,95,0,1681,1704,314305,26,5,0,21,72
2020-05-01,US,Colorado,Yuma,9,0,0,40.00346839,-102.4258673,8125.0,9,8,0,0,8,8,10020,1,0,0,1,0
2020-05-01,US,Connecticut,Fairfield,11612,839,0,41.26809896,-73.3881171,9001.0,10773,11294,810,0,10484,10985,943823,318,29,0,289,309
2020-05-01,US,Connecticut,Hartford,5931,715,0,41.80283011,-72.73103891,9003.0,5216,5601,698,0,4903,5388,892697,330,17,0,313,213
2020-05-01,US,Connecticut,Litchfield,1014,86,0,41.7937534,-73.2451475,9005.0,928,963,80,0,883,919,181111,51,6,0,45,44
2020-05-01,US,Connecticut,Middlesex,687,82,0,41.45949668,-72.53714864,9007.0,605,657,79,0,578,631,162682,30,3,0,27,26
2020-05-01,US,Connecticut,New Haven,7900,533,0,41.4080325,-72.93620426,9009.0,7367,7536,512,0,7024,7205,857620,364,21,0,343,331
2020-05-01,US,Connecticut,New London,603,42,0,41.48896435,-72.10430976,9011.0,561,564,36,0,528,540,266784,39,6,0,33,24
2020-05-01,US,Connecticut,Tolland,446,38,0,41.85853803,-72.3308481,9013.0,408,437,36,0,401,427,150921,9,2,0,7,10
2020-05-01,US,Connecticut,Unassigned,371,2,0,0.0,0.0,90009.0,369,462,4,0,458,507,,-91,-2,0,-89,-45
2020-05-01,US,Connecticut,Windham,200,2,0,41.82972709,-71.98182316,9015.0,198,186,2,0,184,165,117027,14,0,0,14,21
2020-05-01,US,Delaware,Kent,773,27,0,39.08646628,-75.56884914,10001.0,746,759,26,0,733,743,178550,14,1,0,13,16
2020-05-01,US,Delaware,New Castle,1829,70,0,39.57992638,-75.64054974,10003.0,1759,1734,68,0,1666,1717,559335,95,2,0,93,17
2020-05-01,US,Delaware,Sussex,2292,62,0,38.66143781,-75.39031349,10005.0,2230,2216,58,0,2158,2169,229286,76,4,0,72,47
2020-05-01,US,Delaware,Unassigned,24,0,0,0.0,0.0,90010.0,24,25,0,0,25,26,,-1,0,0,-1,-1
2020-05-01,US,District of Columbia,District of Columbia,4658,231,0,38.90417773,-77.01655992,11001.0,4427,4323,224,0,4099,4106,702455,335,7,0,328,217
2020-05-01,US,Florida,Alachua,273,5,0,29.67866525,-82.35928158,12001.0,268,267,5,0,262,262,269956,6,0,0,6,5
2020-05-01,US,Florida,Baker,22,3,0,30.33060121,-82.28467476,12003.0,19,20,3,0,17,20,28355,2,0,0,2,0
2020-05-01,US,Florida,Bay,72,3,0,30.26548745,-85.62122584,12005.0,69,72,3,0,69,70,185287,0,0,0,0,2
2020-05-01,US,Florida,Bradford,47,2,0,29.95079741,-82.16611613,12007.0,45,46,2,0,44,46,27732,1,0,0,1,0
2020-05-01,US,Florida,Brevard,289,8,0,28.29409504,-80.73091022,12009.0,281,285,8,0,277,270,596849,4,0,0,4,15
2020-05-01,US,Florida,Broward,5144,199,0,26.15184651,-80.48725556,12011.0,4945,4953,185,0,4768,4898,1951260,191,14,0,177,55
2020-05-01,US,Florida,Calhoun,8,0,0,30.40666734,-85.19394153,12013.0,8,8,0,0,8,8,14587,0,0,0,0,0
2020-05-01,US,Florida,Charlotte,245,22,0,26.90131002,-81.92949121,12015.0,223,236,19,0,217,223,184998,9,3,0,6,13
2020-05-01,US,Florida,Citrus,99,11,0,28.84804315,-82.47614748,12017.0,88,99,11,0,88,97,147929,0,0,0,0,2
2020-05-01,US,Florida,Clay,276,16,0,29.98319144,-81.85609986,12019.0,260,273,15,0,258,272,216072,3,1,0,2,1
2020-05-01,US,Florida,Collier,610,21,0,26.11091986,-81.34687065,12021.0,589,596,19,0,577,581,378488,14,2,0,12,15
2020-05-01,US,Florida,Columbia,64,2,0,30.22509788,-82.62160164,12023.0,62,58,2,0,56,57,70503,6,0,0,6,1
2020-05-01,US,Florida,DeSoto,30,4,0,27.18677893,-81.80941373,12027.0,26,29,4,0,25,28,37489,1,0,0,1,1
2020-05-01,US,Florida,Dixie,7,0,0,29.60631086,-83.15724673,12029.0,7,7,0,0,7,6,16700,0,0,0,0,1
2020-05-01,US,Florida,Duval,1025,22,0,30.33225875,-81.66976468,12031.0,1003,1012,20,0,992,1007,950181,13,2,0,11,5
2020-05-01,US,Florida,Escambia,532,12,0,30.67652764,-87.37284571,12033.0,520,506,11,0,495,496,315534,26,1,0,25,10
2020-05-01,US,Florida,Flagler,134,2,0,29.45933576,-81.31508595,12035.0,132,133,2,0,131,133,112067,1,0,0,1,0
2020-05-01,US,Florida,Franklin,2,0,0,29.83791238,-84.82731662,12037.0,2,2,0,0,2,2,11736,0,0,0,0,0
2020-05-01,US,Florida,Gadsden,103,0,0,30.57796289,-84.61915825,12039.0,103,95,0,0,95,94,45894,8,0,0,8,1
2020-05-01,US,Florida,Gilchrist,5,0,0,29.72856978,-82.79880657,12041.0,5,5,0,0,5,4,18256,0,0,0,0,1
2020-05-01,US,Florida,Glades,6,1,0,26.95635849,-81.18996211,12043.0,5,6,1,0,5,6,13724,0,0,0,0,0
2020-05-01,US,Florida,Gulf,1,0,0,29.93543004,-85.24270990000002,12045.0,1,1,0,0,1,1,16164,0,0,0,0,0
2020-05-01,US,Florida,Hamilton,7,0,0,30.49673973,-82.94998918,12047.0,7,6,0,0,6,6,14310,1,0,0,1,0
2020-05-01,US,Florida,Hardee,22,0,0,27.49293939,-81.80956574,12049.0,22,18,0,0,18,16,27245,4,0,0,4,2
2020-05-01,US,Florida,Hendry,92,3,0,26.55386945,-81.16469006,12051.0,89,83,3,0,80,80,41556,9,0,0,9,3
2020-05-01,US,Florida,Hernando,92,5,0,28.55364461,-82.42700204,12053.0,87,90,5,0,85,89,190865,2,0,0,2,1
2020-05-01,US,Florida,Highlands,84,7,0,27.34254618,-81.34071957,12055.0,77,81,7,0,74,81,105424,3,0,0,3,0
2020-05-01,US,Florida,Hillsborough,1163,24,0,27.9276559,-82.32013172,12057.0,1139,1124,23,0,1101,1105,1436888,39,1,0,38,19
2020-05-01,US,Florida,Holmes,10,0,0,30.86747479,-85.81319222,12059.0,10,10,0,0,10,9,19477,0,0,0,0,1
2020-05-01,US,Florida,Indian River,91,8,0,27.69308961,-80.60556721,12061.0,83,90,7,0,83,90,157413,1,1,0,0,0
2020-05-01,US,Florida,Jackson,14,0,0,30.7954597,-85.21500423,12063.0,14,14,0,0,14,14,48305,0,0,0,0,0
2020-05-01,US,Florida,Jefferson,28,2,0,30.43669112,-83.89442308,12065.0,26,28,2,0,26,28,14288,0,0,0,0,0
2020-05-01,US,Florida,Lafayette,2,0,0,29.98484137,-83.18166636,12067.0,2,1,0,0,1,1,8732,1,0,0,1,0
2020-05-01,US,Florida,Lake,233,13,0,28.76202069,-81.7125123,12069.0,220,227,12,0,215,227,356495,6,1,0,5,0
2020-05-01,US,Florida,Lee,1067,42,0,26.58410348,-81.88399313,12071.0,1025,1021,43,0,978,1003,754610,46,-1,0,47,18
2020-05-01,US,Florida,Leon,226,3,0,30.45955727,-84.27491114,12073.0,223,219,3,0,216,214,292502,7,0,0,7,5
2020-05-01,US,Florida,Levy,19,0,0,29.31829741,-82.74007147,12075.0,19,19,0,0,19,18,40770,0,0,0,0,1
2020-05-01,US,Florida,Liberty,6,0,0,30.23766008,-84.8829258,12077.0,6,3,0,0,3,3,8457,3,0,0,3,0
2020-05-01,US,Florida,Madison,58,2,0,30.44396917,-83.47398594,12079.0,56,55,2,0,53,49,18529,3,0,0,3,6
2020-05-01,US,Florida,Manatee,591,57,0,27.47196942,-82.31831044,12081.0,534,580,55,0,525,567,394855,11,2,0,9,13
2020-05-01,US,Florida,Marion,178,4,0,29.21227113,-82.05803627,12083.0,174,175,4,0,171,165,359977,3,0,0,3,10
2020-05-01,US,Florida,Martin,197,6,0,27.0772071,-80.43109784,12085.0,191,191,6,0,185,186,160912,6,0,0,6,5
2020-05-01,US,Florida,Miami-Dade,12389,358,0,25.6112362,-80.55170587,12086.0,12031,12063,352,0,11711,11927,2761581,326,6,0,320,136
2020-05-01,US,Florida,Monroe,79,3,0,25.20904673,-81.07812416,12087.0,76,79,3,0,76,78,75027,0,0,0,0,1
2020-05-01,US,Florida,Nassau,57,0,0,30.61037141,-81.80297522,12089.0,57,56,0,0,56,56,85832,1,0,0,1,0
2020-05-01,US,Florida,Okaloosa,156,4,0,30.69143028,-86.59267105,12091.0,152,154,4,0,150,153,207269,2,0,0,2,1
2020-05-01,US,Florida,Okeechobee,12,0,0,27.386336199999995,-80.88944347,12093.0,12,11,0,0,11,10,41537,1,0,0,1,1
2020-05-01,US,Florida,Orange,1413,34,0,28.51367621,-81.31799498,12095.0,1379,1385,34,0,1351,1371,1380645,28,0,0,28,14
2020-05-01,US,Florida,Osceola,486,7,0,28.06312234,-81.14882926,12097.0,479,478,7,0,471,479,367990,8,0,0,8,-1
2020-05-01,US,Florida,Palm Beach,3041,191,0,26.64676272,-80.46536002,12099.0,2850,2963,186,0,2777,2911,1485941,78,5,0,73,52
2020-05-01,US,Florida,Pasco,252,8,0,28.30810945,-82.40227529,12101.0,244,249,7,0,242,241,539630,3,1,0,2,8
2020-05-01,US,Florida,Pinellas,748,38,0,27.93130349,-82.72239666,12103.0,710,729,37,0,692,718,975280,19,1,0,18,11
2020-05-01,US,Florida,Polk,500,24,0,27.95027105,-81.69732947,12105.0,476,483,23,0,460,468,708009,17,1,0,16,15
2020-05-01,US,Florida,Putnam,108,1,0,29.60779729,-81.74230285,12107.0,107,106,1,0,105,103,74163,2,0,0,2,3
2020-05-01,US,Florida,Santa Rosa,158,8,0,30.69341450000001,-87.02458128,12113.0,150,154,7,0,147,153,179349,4,1,0,3,1
2020-05-01,US,Florida,Sarasota,365,44,0,27.18546175,-82.33174248,12115.0,321,352,42,0,310,338,426718,13,2,0,11,14
2020-05-01,US,Florida,Seminole,385,8,0,28.7158582,-81.24060348,12117.0,377,379,8,0,371,373,467832,6,0,0,6,6
2020-05-01,US,Florida,St. Johns,210,4,0,29.90096506,-81.43589967,12109.0,206,208,4,0,204,207,254261,2,0,0,2,1
2020-05-01,US,Florida,St. Lucie,249,23,0,27.37763908,-80.47106649,12111.0,226,247,22,0,225,239,321128,2,1,0,1,8
2020-05-01,US,Florida,Sumter,217,14,0,28.70181754,-82.0794267,12119.0,203,181,13,0,168,176,128754,36,1,0,35,5
2020-05-01,US,Florida,Suwannee,139,14,0,30.19746066,-82.99099670000003,12121.0,125,130,14,0,116,129,44191,9,0,0,9,1
2020-05-01,US,Florida,Taylor,3,0,0,30.04848048,-83.60445406,12123.0,3,3,0,0,3,3,21623,0,0,0,0,0
2020-05-01,US,Florida,Unassigned,8,0,0,0.0,0.0,90012.0,8,7,0,0,7,7,,1,0,0,1,0
2020-05-01,US,Florida,Union,5,0,0,30.04412971,-82.37497443,12125.0,5,4,0,0,4,4,14940,1,0,0,1,0
2020-05-01,US,Florida,Volusia,500,21,0,29.05858895,-81.18263252,12127.0,479,452,21,0,431,448,547538,48,0,0,48,4
2020-05-01,US,Florida,Wakulla,24,1,0,30.16548905,-84.39895211,12129.0,23,23,1,0,22,22,32461,1,0,0,1,1
2020-05-01,US,Florida,Walton,38,0,0,30.64204028,-86.16935664,12131.0,38,38,0,0,38,35,71375,0,0,0,0,3
2020-05-01,US,Florida,Washington,12,0,0,30.61359259,-85.66002461,12133.0,12,12,0,0,12,12,24880,0,0,0,0,0
2020-05-01,US,Georgia,Appling,72,6,0,31.74847232,-82.28909114,13001.0,66,70,6,0,64,65,18507,2,0,0,2,5
2020-05-01,US,Georgia,Atkinson,9,1,0,31.29633502,-82.87545866,13003.0,8,8,1,0,7,7,8297,1,0,0,1,1
2020-05-01,US,Georgia,Bacon,25,1,0,31.55456473,-82.45936528,13005.0,24,24,1,0,23,22,11185,1,0,0,1,2
2020-05-01,US,Georgia,Baker,23,2,0,31.32669878,-84.44218806,13007.0,21,23,2,0,21,22,3092,0,0,0,0,1
2020-05-01,US,Georgia,Baldwin,226,8,0,33.06882326,-83.24701748,13009.0,218,215,8,0,207,210,44823,11,0,0,11,5
2020-05-01,US,Georgia,Banks,25,0,0,34.35607081,-83.49644388,13011.0,25,24,0,0,24,20,18988,1,0,0,1,4
2020-05-01,US,Georgia,Barrow,141,4,0,33.99148694,-83.71436292,13013.0,137,133,4,0,129,131,80809,8,0,0,8,2
2020-05-01,US,Georgia,Bartow,323,31,0,34.23732119,-84.83887523,13015.0,292,313,30,0,283,308,106408,10,1,0,9,5
2020-05-01,US,Georgia,Ben Hill,26,0,0,31.76095874,-83.22145359,13017.0,26,25,0,0,25,25,16787,1,0,0,1,0
2020-05-01,US,Georgia,Berrien,17,0,0,31.27590016,-83.22529920000002,13019.0,17,17,0,0,17,18,19252,0,0,0,0,-1
2020-05-01,US,Georgia,Bibb,312,10,0,32.80904227,-83.70489165,13021.0,302,305,10,0,295,302,153095,7,0,0,7,3
2020-05-01,US,Georgia,Bleckley,19,0,0,32.43829035,-83.33035166,13023.0,19,16,0,0,16,12,12838,3,0,0,3,4
2020-05-01,US,Georgia,Brantley,23,2,0,31.19576557,-81.97743999,13025.0,21,23,2,0,21,22,18897,0,0,0,0,1
2020-05-01,US,Georgia,Brooks,59,6,0,30.83922642,-83.58303423,13027.0,53,58,6,0,52,55,15513,1,0,0,1,3
2020-05-01,US,Georgia,Bryan,54,3,0,32.00979311,-81.44002948,13029.0,51,52,2,0,50,51,38109,2,1,0,1,1
2020-05-01,US,Georgia,Bulloch,40,2,0,32.39577406,-81.74811421,13031.0,38,37,2,0,35,36,77296,3,0,0,3,1
2020-05-01,US,Georgia,Burke,86,3,0,33.05917989,-81.99928721,13033.0,83,85,3,0,82,84,22423,1,0,0,1,1
2020-05-01,US,Georgia,Butts,153,16,0,33.283094500000004,-83.95435040000002,13035.0,137,141,11,0,130,134,24193,12,5,0,7,7
2020-05-01,US,Georgia,Calhoun,103,4,0,31.53169785,-84.62725131,13037.0,99,99,4,0,95,90,6352,4,0,0,4,9
2020-05-01,US,Georgia,Camden,33,1,0,30.92951916,-81.66601818,13039.0,32,33,1,0,32,32,53677,0,0,0,0,1
2020-05-01,US,Georgia,Candler,7,0,0,32.40209349,-82.07702563,13043.0,7,7,0,0,7,7,10836,0,0,0,0,0
2020-05-01,US,Georgia,Carroll,375,14,0,33.58138199,-85.07976677,13045.0,361,358,14,0,344,346,118121,17,0,0,17,12
2020-05-01,US,Georgia,Catoosa,48,0,0,34.89872298,-85.13757014,13047.0,48,47,0,0,47,47,67420,1,0,0,1,0
2020-05-01,US,Georgia,Charlton,11,0,0,30.78371028,-82.13951596,13049.0,11,8,0,0,8,9,12968,3,0,0,3,-1
2020-05-01,US,Georgia,Chatham,230,9,0,32.00043026,-81.12489526,13051.0,221,226,9,0,217,221,289195,4,0,0,4,5
2020-05-01,US,Georgia,Chattahoochee,12,0,0,32.34341231,-84.78809239,13053.0,12,12,0,0,12,11,10684,0,0,0,0,1
2020-05-01,US,Georgia,Chattooga,16,2,0,34.47197698,-85.34535662,13055.0,14,16,2,0,14,16,24790,0,0,0,0,0
2020-05-01,US,Georgia,Cherokee,474,13,0,34.24393976,-84.47431861,13057.0,461,467,11,0,456,456,254149,7,2,0,5,11
2020-05-01,US,Georgia,Clarke,155,13,0,33.95436462,-83.37124007,13059.0,142,150,13,0,137,144,127330,5,0,0,5,6
2020-05-01,US,Georgia,Clay,23,3,0,31.62221166,-84.97713865,13061.0,20,22,3,0,19,21,2887,1,0,0,1,1
2020-05-01,US,Georgia,Clayton,727,33,0,33.54187245,-84.35594188,13063.0,694,713,27,0,686,691,289615,14,6,0,8,22
2020-05-01,US,Georgia,Clinch,8,0,0,30.91395822,-82.70432472,13065.0,8,8,0,0,8,8,6648,0,0,0,0,0
2020-05-01,US,Georgia,Cobb,1677,96,0,33.94243204,-84.5761255,13067.0,1581,1614,94,0,1520,1571,756865,63,2,0,61,43
2020-05-01,US,Georgia,Coffee,141,7,0,31.54892966,-82.85492059999999,13069.0,134,138,7,0,131,127,43093,3,0,0,3,11
2020-05-01,US,Georgia,Colquitt,187,9,0,31.18810588,-83.7677946,13071.0,178,185,6,0,179,182,45592,2,3,0,-1,3
2020-05-01,US,Georgia,Columbia,162,4,0,33.54534185,-82.263524,13073.0,158,160,4,0,156,155,154291,2,0,0,2,5
2020-05-01,US,Georgia,Cook,25,1,0,31.16068491,-83.42947229,13075.0,24,23,1,0,22,22,17162,2,0,0,2,1
2020-05-01,US,Georgia,Coweta,211,4,0,33.35334302,-84.76129976,13077.0,207,195,4,0,191,195,145864,16,0,0,16,0
2020-05-01,US,Georgia,Crawford,17,0,0,32.71391813,-83.98061238,13079.0,17,15,0,0,15,15,12318,2,0,0,2,0
2020-05-01,US,Georgia,Crisp,167,3,0,31.92289565,-83.76811843,13081.0,164,165,3,0,162,163,22601,2,0,0,2,2
2020-05-01,US,Georgia,Dade,16,1,0,34.854916700000004,-85.50490424,13083.0,15,14,1,0,13,14,16226,2,0,0,2,0
2020-05-01,US,Georgia,Dawson,61,1,0,34.44244079,-84.16964071,13085.0,60,61,1,0,60,59,25083,0,0,0,0,2
2020-05-01,US,Georgia,DeKalb,2072,49,0,33.76944049,-84.22396017,13089.0,2023,2026,47,0,1979,1970,756558,46,2,0,44,56
2020-05-01,US,Georgia,Decatur,87,1,0,30.87967778,-84.57619536,13087.0,86,82,1,0,81,80,26575,5,0,0,5,2
2020-05-01,US,Georgia,Dodge,28,1,0,32.17265114,-83.16948926,13091.0,27,26,1,0,25,26,20705,2,0,0,2,0
2020-05-01,US,Georgia,Dooly,129,9,0,32.15630737,-83.79746561,13093.0,120,129,9,0,120,122,13706,0,0,0,0,7
2020-05-01,US,Georgia,Dougherty,1530,123,0,31.53328528,-84.21722377,13095.0,1407,1505,120,0,1385,1499,91243,25,3,0,22,6
2020-05-01,US,Georgia,Douglas,329,11,0,33.70291126,-84.77026156,13097.0,318,319,11,0,308,311,145331,10,0,0,10,8
2020-05-01,US,Georgia,Early,214,20,0,31.32155345,-84.90255207,13099.0,194,213,20,0,193,214,10247,1,0,0,1,-1
2020-05-01,US,Georgia,Echols,5,0,0,30.71101099,-82.89687287,13101.0,5,5,0,0,5,5,4000,0,0,0,0,0
2020-05-01,US,Georgia,Effingham,36,1,0,32.36616021,-81.34280942,13103.0,35,35,1,0,34,34,62190,1,0,0,1,1
2020-05-01,US,Georgia,Elbert,24,0,0,34.11302332,-82.83936148,13105.0,24,23,0,0,23,22,19120,1,0,0,1,1
2020-05-01,US,Georgia,Emanuel,21,0,0,32.59221302,-82.30239915,13107.0,21,21,0,0,21,21,22612,0,0,0,0,0
2020-05-01,US,Georgia,Evans,5,0,0,32.15328841,-81.8870105,13109.0,5,4,0,0,4,4,10721,1,0,0,1,0
2020-05-01,US,Georgia,Fannin,30,1,0,34.86430205,-84.316964,13111.0,29,29,1,0,28,28,25964,1,0,0,1,1
2020-05-01,US,Georgia,Fayette,178,10,0,33.41357794,-84.49089434,13113.0,168,176,10,0,166,174,113459,2,0,0,2,2
2020-05-01,US,Georgia,Floyd,145,11,0,34.26268279,-85.21577392,13115.0,134,144,11,0,133,139,97927,1,0,0,1,5
2020-05-01,US,Georgia,Forsyth,308,10,0,34.22604035,-84.12315129999998,13117.0,298,298,9,0,289,290,236612,10,1,0,9,8
2020-05-01,US,Georgia,Franklin,19,1,0,34.37525597,-83.23159927,13119.0,18,18,1,0,17,17,23023,1,0,0,1,1
2020-05-01,US,Georgia,Fulton,2882,122,0,33.79216944,-84.46319413,13121.0,2760,2811,117,0,2694,2770,1050114,71,5,0,66,41
2020-05-01,US,Georgia,Gilmer,69,0,0,34.69316688,-84.45802506,13123.0,69,68,0,0,68,64,30816,1,0,0,1,4
2020-05-01,US,Georgia,Glynn,58,1,0,31.23279254,-81.53811412,13127.0,57,55,1,0,54,55,85219,3,0,0,3,0
2020-05-01,US,Georgia,Gordon,113,12,0,34.50487351,-84.87296253,13129.0,101,92,12,0,80,89,57685,21,0,0,21,3
2020-05-01,US,Georgia,Grady,64,4,0,30.87454847,-84.23418364,13131.0,60,63,4,0,59,63,24748,1,0,0,1,0
2020-05-01,US,Georgia,Greene,55,2,0,33.5769205,-83.17139104,13133.0,53,54,2,0,52,54,17698,1,0,0,1,0
2020-05-01,US,Georgia,Gwinnett,1846,58,0,33.96044201,-84.02137802,13135.0,1788,1787,57,0,1730,1720,927781,59,1,0,58,67
2020-05-01,US,Georgia,Habersham,327,8,0,34.63331566,-83.53094677,13137.0,319,257,8,0,249,231,45388,70,0,0,70,26
2020-05-01,US,Georgia,Hall,1482,22,0,34.32207823,-83.81896936,13139.0,1460,1332,21,0,1311,1242,202148,150,1,0,149,90
2020-05-01,US,Georgia,Hancock,51,2,0,33.2721566,-82.99766919,13141.0,49,45,2,0,43,40,8348,6,0,0,6,5
2020-05-01,US,Georgia,Haralson,29,1,0,33.79602175,-85.21005667,13143.0,28,27,1,0,26,28,29533,2,0,0,2,-1
2020-05-01,US,Georgia,Harris,61,2,0,32.73709786,-84.90538572,13145.0,59,60,2,0,58,59,34475,1,0,0,1,1
2020-05-01,US,Georgia,Hart,11,0,0,34.34626973,-82.96567682,13147.0,11,10,0,0,10,10,26099,1,0,0,1,0
2020-05-01,US,Georgia,Heard,11,1,0,33.29686567,-85.12886832,13149.0,10,10,1,0,9,9,11879,1,0,0,1,1
2020-05-01,US,Georgia,Henry,492,13,0,33.4533428,-84.14814659999998,13151.0,479,492,12,0,480,492,230220,0,1,0,-1,0
2020-05-01,US,Georgia,Houston,234,14,0,32.45802497,-83.66879087,13153.0,220,223,14,0,209,221,155469,11,0,0,11,2
2020-05-01,US,Georgia,Irwin,15,1,0,31.60213036,-83.27501387,13155.0,14,15,1,0,14,15,9398,0,0,0,0,0
2020-05-01,US,Georgia,Jackson,97,2,0,34.13794553,-83.56814788,13157.0,95,93,2,0,91,84,70422,4,0,0,4,9
2020-05-01,US,Georgia,Jasper,22,0,0,33.31535543,-83.68844964,13159.0,22,21,0,0,21,22,14040,1,0,0,1,-1
2020-05-01,US,Georgia,Jeff Davis,20,1,0,31.80405727,-82.63724870000001,13161.0,19,17,1,0,16,15,15029,3,0,0,3,2
2020-05-01,US,Georgia,Jefferson,14,1,0,33.05867328,-82.41609057,13163.0,13,14,1,0,13,14,15430,0,0,0,0,0
2020-05-01,US,Georgia,Jenkins,16,1,0,32.79248718,-81.96040187,13165.0,15,16,1,0,15,16,8683,0,0,0,0,0
2020-05-01,US,Georgia,Johnson,51,2,0,32.70211082,-82.66166794,13167.0,49,49,2,0,47,39,9708,2,0,0,2,10
2020-05-01,US,Georgia,Jones,29,0,0,33.02512137,-83.56019163,13169.0,29,28,0,0,28,28,28616,1,0,0,1,0
2020-05-01,US,Georgia,Lamar,39,1,0,33.07841647,-84.14263877,13171.0,38,38,1,0,37,37,19000,1,0,0,1,1
2020-05-01,US,Georgia,Lanier,9,1,0,31.03828570000001,-83.06472457,13173.0,8,8,1,0,7,8,10340,1,0,0,1,0
2020-05-01,US,Georgia,Laurens,62,1,0,32.46325233,-82.92221316,13175.0,61,60,1,0,59,54,47325,2,0,0,2,6
2020-05-01,US,Georgia,Lee,322,20,0,31.779330600000005,-84.14324253,13177.0,302,318,20,0,298,314,29764,4,0,0,4,4
2020-05-01,US,Georgia,Liberty,37,0,0,31.82588896,-81.49251135,13179.0,37,37,0,0,37,37,61497,0,0,0,0,0
2020-05-01,US,Georgia,Lincoln,12,0,0,33.79201475,-82.45024131,13181.0,12,12,0,0,12,12,7915,0,0,0,0,0
2020-05-01,US,Georgia,Long,5,0,0,31.75218791,-81.74952375,13183.0,5,5,0,0,5,4,18998,0,0,0,0,1
2020-05-01,US,Georgia,Lowndes,156,4,0,30.83568832,-83.27056716,13185.0,152,155,4,0,151,152,116321,1,0,0,1,3
2020-05-01,US,Georgia,Lumpkin,46,2,0,34.57286511,-84.00425681,13187.0,44,44,2,0,42,40,32955,2,0,0,2,4
2020-05-01,US,Georgia,Macon,81,3,0,32.35207048,-84.04234127,13193.0,78,79,3,0,76,75,13143,2,0,0,2,4
2020-05-01,US,Georgia,Madison,24,1,0,34.12920917,-83.21218732,13195.0,23,24,1,0,23,24,29650,0,0,0,0,0
2020-05-01,US,Georgia,Marion,42,1,0,32.3483402,-84.52733571,13197.0,41,42,1,0,41,42,8351,0,0,0,0,0
2020-05-01,US,Georgia,McDuffie,45,4,0,33.47851918,-82.48252774,13189.0,41,45,4,0,41,44,21531,0,0,0,0,1
2020-05-01,US,Georgia,McIntosh,6,0,0,31.49683595,-81.40163426,13191.0,6,4,0,0,4,4,14340,2,0,0,2,0
2020-05-01,US,Georgia,Meriwether,54,1,0,33.04163534,-84.68859732,13199.0,53,54,1,0,53,54,21068,0,0,0,0,0
2020-05-01,US,Georgia,Miller,33,0,0,31.16568912,-84.73151117,13201.0,33,33,0,0,33,31,5686,0,0,0,0,2
2020-05-01,US,Georgia,Mitchell,318,31,0,31.22483255,-84.19381821,13205.0,287,310,30,0,280,306,22192,8,1,0,7,4
2020-05-01,US,Georgia,Monroe,24,3,0,33.014289,-83.92097166,13207.0,21,23,3,0,20,23,27520,1,0,0,1,0
2020-05-01,US,Georgia,Montgomery,3,0,0,32.17201038,-82.53527476,13209.0,3,2,0,0,2,2,9193,1,0,0,1,0
2020-05-01,US,Georgia,Morgan,27,0,0,33.59232073,-83.49129491,13211.0,27,28,0,0,28,28,18853,-1,0,0,-1,0
2020-05-01,US,Georgia,Murray,32,1,0,34.78897608,-84.74993177,13213.0,31,31,0,0,31,29,39921,1,1,0,0,2
2020-05-01,US,Georgia,Muscogee,316,7,0,32.50931999,-84.87142262,13215.0,309,303,7,0,296,294,194160,13,0,0,13,9
2020-05-01,US,Georgia,Newton,200,7,0,33.55514538,-83.84547140000002,13217.0,193,196,7,0,189,188,109541,4,0,0,4,8
2020-05-01,US,Georgia,Oconee,66,0,0,33.83749973,-83.43679568,13219.0,66,64,0,0,64,59,39272,2,0,0,2,5
2020-05-01,US,Georgia,Oglethorpe,49,3,0,33.878629600000004,-83.08278123,13221.0,46,48,3,0,45,49,15054,1,0,0,1,-1
2020-05-01,US,Georgia,Out of GA,1068,14,0,0.0,0.0,80013.0,1054,962,14,0,948,1018,,106,0,0,106,-56
2020-05-01,US,Georgia,Paulding,190,8,0,33.91969522,-84.86848792,13223.0,182,188,8,0,180,175,164044,2,0,0,2,13
2020-05-01,US,Georgia,Peach,52,2,0,32.56934316,-83.82937,13225.0,50,46,2,0,44,45,27297,6,0,0,6,1
2020-05-01,US,Georgia,Pickens,25,2,0,34.46589159,-84.46406611,13227.0,23,26,2,0,24,26,31980,-1,0,0,-1,0
2020-05-01,US,Georgia,Pierce,55,3,0,31.35928155,-82.21598442,13229.0,52,55,3,0,52,54,19389,0,0,0,0,1
2020-05-01,US,Georgia,Pike,40,2,0,33.09310242,-84.38790389,13231.0,38,40,2,0,38,39,18634,0,0,0,0,1
2020-05-01,US,Georgia,Polk,59,0,0,34.00267074,-85.18677781,13233.0,59,57,0,0,57,56,42470,2,0,0,2,1
2020-05-01,US,Georgia,Pulaski,31,1,0,32.23334561,-83.47549959999998,13235.0,30,30,1,0,29,27,11069,1,0,0,1,3
2020-05-01,US,Georgia,Putnam,42,5,0,33.32056115,-83.37552891,13237.0,37,40,5,0,35,37,21809,2,0,0,2,3
2020-05-01,US,Georgia,Quitman,5,1,0,31.86728114,-85.01773177,13239.0,4,4,1,0,3,5,2279,1,0,0,1,-1
2020-05-01,US,Georgia,Rabun,14,1,0,34.88389445,-83.40304637,13241.0,13,13,1,0,12,12,16867,1,0,0,1,1
2020-05-01,US,Georgia,Randolph,161,19,0,31.76622818,-84.75732369,13243.0,142,159,19,0,140,159,6833,2,0,0,2,0
2020-05-01,US,Georgia,Richmond,412,15,0,33.35777107,-82.07026432,13245.0,397,406,15,0,391,389,201554,6,0,0,6,17
2020-05-01,US,Georgia,Rockdale,191,6,0,33.65145002,-84.02202167,13247.0,185,186,6,0,180,178,90594,5,0,0,5,8
2020-05-01,US,Georgia,Schley,16,1,0,32.2654021,-84.31258912,13249.0,15,16,1,0,15,16,5236,0,0,0,0,0
2020-05-01,US,Georgia,Screven,15,1,0,32.74976524,-81.60779441,13251.0,14,15,1,0,14,15,13938,0,0,0,0,0
2020-05-01,US,Georgia,Seminole,30,2,0,30.93464824,-84.86823924,13253.0,28,29,2,0,27,30,8315,1,0,0,1,-1
2020-05-01,US,Georgia,Spalding,214,10,0,33.26310031,-84.28013991,13255.0,204,208,9,0,199,205,66100,6,1,0,5,3
2020-05-01,US,Georgia,Stephens,81,1,0,34.55151201,-83.29405315,13257.0,80,78,1,0,77,72,26035,3,0,0,3,6
2020-05-01,US,Georgia,Stewart,25,0,0,32.07996777,-84.83208037,13259.0,25,24,0,0,24,23,6199,1,0,0,1,1
2020-05-01,US,Georgia,Sumter,382,28,0,32.03650571,-84.19821492,13261.0,354,380,28,0,352,378,29733,2,0,0,2,2
2020-05-01,US,Georgia,Talbot,26,1,0,32.69642758,-84.53351366,13263.0,25,26,1,0,25,24,6272,0,0,0,0,2
2020-05-01,US,Georgia,Tattnall,9,0,0,32.04785085,-82.05539188,13267.0,9,10,0,0,10,10,25391,-1,0,0,-1,0
2020-05-01,US,Georgia,Taylor,17,2,0,32.55792548,-84.25077141,13269.0,15,17,2,0,15,17,8039,0,0,0,0,0
2020-05-01,US,Georgia,Telfair,28,0,0,31.92829517,-82.93491155,13271.0,28,27,0,0,27,25,15876,1,0,0,1,2
2020-05-01,US,Georgia,Terrell,184,19,0,31.77527543,-84.44069698,13273.0,165,183,19,0,164,177,8611,1,0,0,1,6
2020-05-01,US,Georgia,Thomas,190,19,0,30.86392347,-83.91847289,13275.0,171,186,19,0,167,178,44448,4,0,0,4,8
2020-05-01,US,Georgia,Tift,122,5,0,31.45743864,-83.5236119,13277.0,117,117,5,0,112,110,40571,5,0,0,5,7
2020-05-01,US,Georgia,Toombs,31,3,0,32.12059861,-82.32957247,13279.0,28,31,3,0,28,30,26887,0,0,0,0,1
2020-05-01,US,Georgia,Towns,22,1,0,34.91369188,-83.74107459999998,13281.0,21,21,1,0,20,21,11852,1,0,0,1,0
2020-05-01,US,Georgia,Treutlen,3,0,0,32.40422134,-82.56904553,13283.0,3,3,0,0,3,3,6809,0,0,0,0,0
2020-05-01,US,Georgia,Troup,150,4,0,33.03349196,-85.02812115,13285.0,146,148,4,0,144,145,70034,2,0,0,2,3
2020-05-01,US,Georgia,Turner,68,8,0,31.71612656,-83.62069378,13287.0,60,68,8,0,60,67,7912,0,0,0,0,1
2020-05-01,US,Georgia,Twiggs,8,0,0,32.67435595,-83.43078662,13289.0,8,8,0,0,8,8,8188,0,0,0,0,0
2020-05-01,US,Georgia,Unassigned,647,0,0,0.0,0.0,90013.0,647,394,0,0,394,579,,253,0,0,253,-185
2020-05-01,US,Georgia,Union,33,1,0,34.82995757,-83.98967069,13291.0,32,33,1,0,32,34,24001,0,0,0,0,-1
2020-05-01,US,Georgia,Upson,224,18,0,32.87920671,-84.30024826,13293.0,206,216,18,0,198,211,26215,8,0,0,8,5
2020-05-01,US,Georgia,Walker,60,0,0,34.73376362,-85.30165174,13295.0,60,61,0,0,61,60,69410,-1,0,0,-1,1
2020-05-01,US,Georgia,Walton,129,4,0,33.78017694,-83.73552314,13297.0,125,126,4,0,122,120,93503,3,0,0,3,6
2020-05-01,US,Georgia,Ware,128,11,0,31.05449097,-82.42224148,13299.0,117,121,11,0,110,115,35680,7,0,0,7,6
2020-05-01,US,Georgia,Warren,12,0,0,33.41146451,-82.67795848,13301.0,12,12,0,0,12,12,5251,0,0,0,0,0
2020-05-01,US,Georgia,Washington,43,1,0,32.96711864,-82.79357039,13303.0,42,42,1,0,41,38,20386,1,0,0,1,4
2020-05-01,US,Georgia,Wayne,13,0,0,31.5521809,-81.91894878,13305.0,13,13,0,0,13,12,29808,0,0,0,0,1
2020-05-01,US,Georgia,Webster,10,2,0,32.04066113,-84.54742852,13307.0,8,10,2,0,8,10,2611,0,0,0,0,0
2020-05-01,US,Georgia,Wheeler,5,0,0,32.12009104,-82.72574721,13309.0,5,4,0,0,4,4,7879,1,0,0,1,0
2020-05-01,US,Georgia,White,63,0,0,34.64624278,-83.74905525,13311.0,63,59,0,0,59,59,29970,4,0,0,4,0
2020-05-01,US,Georgia,Whitfield,111,4,0,34.80987459,-84.96093476,13313.0,107,103,4,0,99,79,104062,8,0,0,8,24
2020-05-01,US,Georgia,Wilcox,90,9,0,31.97496928,-83.43438555,13315.0,81,90,9,0,81,89,8812,0,0,0,0,1
2020-05-01,US,Georgia,Wilkes,25,0,0,33.78290391,-82.74286107,13317.0,25,25,0,0,25,24,9876,0,0,0,0,1
2020-05-01,US,Georgia,Wilkinson,35,2,0,32.80291082,-83.17140684,13319.0,33,35,2,0,33,34,9036,0,0,0,0,1
2020-05-01,US,Georgia,Worth,159,11,0,31.55162306,-83.85090513,13321.0,148,153,11,0,142,149,20299,6,0,0,6,4
2020-05-01,US,Hawaii,Hawaii,73,0,0,19.60121157,-155.5210167,15001.0,73,73,0,0,73,70,200983,0,0,0,0,3
2020-05-01,US,Hawaii,Honolulu,400,11,0,21.45803166,-157.97121819999995,15003.0,389,399,11,0,388,399,980080,1,0,0,1,0
2020-05-01,US,Hawaii,Kauai,21,0,0,22.03935037,-159.5966786,15007.0,21,21,0,0,21,21,72133,0,0,0,0,0
2020-05-01,US,Hawaii,Maui,116,5,0,20.86399628,-156.56890969999995,15009.0,111,116,5,0,111,115,167207,0,0,0,0,1
2020-05-01,US,Hawaii,Out of HI,9,0,0,0.0,0.0,80015.0,9,9,0,0,9,8,,0,0,0,0,1
2020-05-01,US,Idaho,Ada,681,16,0,43.4526575,-116.24155159999998,16001.0,665,671,16,0,655,662,469966,10,0,0,10,9
2020-05-01,US,Idaho,Adams,3,0,0,44.89333571,-116.4545247,16003.0,3,3,0,0,3,3,4250,0,0,0,0,0
2020-05-01,US,Idaho,Bannock,11,0,0,42.67002716,-112.2233311,16005.0,11,11,0,0,11,10,87138,0,0,0,0,1
2020-05-01,US,Idaho,Bingham,4,0,0,43.21672879999999,-112.3978437,16011.0,4,4,0,0,4,3,46236,0,0,0,0,1
2020-05-01,US,Idaho,Blaine,497,5,0,43.4085812,-113.9752658,16013.0,492,498,5,0,493,497,22601,-1,0,0,-1,1
2020-05-01,US,Idaho,Bonner,4,0,0,48.29996017,-116.6017932,16017.0,4,4,0,0,4,4,44727,0,0,0,0,0
2020-05-01,US,Idaho,Bonneville,28,0,0,43.38713372,-111.6161537,16019.0,28,28,0,0,28,27,116854,0,0,0,0,1
2020-05-01,US,Idaho,Camas,1,0,0,43.46665742,-114.8065892,16025.0,1,1,0,0,1,1,1127,0,0,0,0,0
2020-05-01,US,Idaho,Canyon,255,7,0,43.61970148,-116.7095499,16027.0,248,252,6,0,246,250,223499,3,1,0,2,2
2020-05-01,US,Idaho,Caribou,1,0,0,42.77149116,-111.5597683,16029.0,1,1,0,0,1,1,7060,0,0,0,0,0
2020-05-01,US,Idaho,Cassia,13,1,0,42.28347888,-113.6012409,16031.0,12,12,1,0,11,12,23864,1,0,0,1,0
2020-05-01,US,Idaho,Custer,2,0,0,44.24186819,-114.2855494,16037.0,2,2,0,0,2,2,4280,0,0,0,0,0
2020-05-01,US,Idaho,Elmore,30,2,0,43.3507101,-115.4701578,16039.0,28,30,2,0,28,30,27259,0,0,0,0,0
2020-05-01,US,Idaho,Fremont,2,0,0,44.22800938,-111.4809943,16043.0,2,2,0,0,2,2,13168,0,0,0,0,0
2020-05-01,US,Idaho,Gem,13,0,0,44.06482372,-116.398376,16045.0,13,12,0,0,12,12,17634,1,0,0,1,0
2020-05-01,US,Idaho,Gooding,12,0,0,42.96927962,-114.8108306,16047.0,12,11,0,0,11,9,15196,1,0,0,1,2
2020-05-01,US,Idaho,Idaho,3,0,0,45.84721541,-115.4634436,16049.0,3,3,0,0,3,3,16513,0,0,0,0,0
2020-05-01,US,Idaho,Jefferson,5,0,0,43.82078483,-112.3131749,16051.0,5,5,0,0,5,5,29439,0,0,0,0,0
2020-05-01,US,Idaho,Jerome,54,2,0,42.68891267,-114.2655033,16053.0,52,51,2,0,49,48,24015,3,0,0,3,3
2020-05-01,US,Idaho,Kootenai,62,0,0,47.67282258,-116.7020872,16055.0,62,61,0,0,61,61,161505,1,0,0,1,0
2020-05-01,US,Idaho,Latah,5,0,0,46.81587887,-116.7113698,16057.0,5,5,0,0,5,5,40134,0,0,0,0,0
2020-05-01,US,Idaho,Lemhi,1,0,0,44.9438088,-113.9309747,16059.0,1,1,0,0,1,1,7961,0,0,0,0,0
2020-05-01,US,Idaho,Lincoln,27,0,0,43.0012336,-114.1358773,16063.0,27,27,0,0,27,24,5360,0,0,0,0,3
2020-05-01,US,Idaho,Madison,11,0,0,43.78141028,-111.65384740000002,16065.0,11,10,0,0,10,9,39304,1,0,0,1,1
2020-05-01,US,Idaho,Minidoka,11,0,0,42.85518524,-113.6357257,16067.0,11,11,0,0,11,11,20825,0,0,0,0,0
2020-05-01,US,Idaho,Nez Perce,60,18,0,46.32638236,-116.7500975,16069.0,42,60,16,0,44,59,40408,0,2,0,-2,1
2020-05-01,US,Idaho,Owyhee,8,0,0,42.58016894,-116.1693871,16073.0,8,8,0,0,8,8,11693,0,0,0,0,0
2020-05-01,US,Idaho,Payette,16,1,0,44.00545243,-116.7647695,16075.0,15,16,1,0,15,14,23551,0,0,0,0,2
2020-05-01,US,Idaho,Power,2,0,0,42.69254894,-112.83957420000002,16077.0,2,2,0,0,2,2,7768,0,0,0,0,0
2020-05-01,US,Idaho,Teton,9,0,0,43.75303583,-111.2056773,16081.0,9,9,0,0,9,9,11640,0,0,0,0,0
2020-05-01,US,Idaho,Twin Falls,181,11,0,42.35440512,-114.6685381,16083.0,170,170,11,0,159,165,86081,11,0,0,11,5
2020-05-01,US,Idaho,Valley,2,0,0,44.76728382,-115.5676773,16085.0,2,2,0,0,2,2,11041,0,0,0,0,0
2020-05-01,US,Idaho,Washington,1,0,0,44.45275475,-116.7847688,16087.0,1,1,0,0,1,1,10161,0,0,0,0,0
2020-05-01,US,Illinois,Adams,40,1,0,39.98815591,-91.18786813,17001.0,39,40,0,0,40,40,65691,0,1,0,-1,0
2020-05-01,US,Illinois,Alexander,3,0,0,37.18049267,-89.32910838,17003.0,3,3,0,0,3,3,6060,0,0,0,0,0
2020-05-01,US,Illinois,Bond,6,1,0,38.88829622,-89.43534887,17005.0,5,6,1,0,5,6,16630,0,0,0,0,0
2020-05-01,US,Illinois,Boone,113,9,0,42.32359279,-88.82345779,17007.0,104,98,9,0,89,89,53577,15,0,0,15,9
2020-05-01,US,Illinois,Brown,1,0,0,39.96209138,-90.75068024,17009.0,1,,,,,,6556,,,,,
2020-05-01,US,Illinois,Bureau,10,0,0,41.40385234,-89.5283051,17011.0,10,10,0,0,10,11,32993,0,0,0,0,-1
2020-05-01,US,Illinois,Calhoun,1,0,0,39.16840183,-90.66330078,17013.0,1,1,0,0,1,1,4802,0,0,0,0,0
2020-05-01,US,Illinois,Carroll,9,2,0,42.06823429,-89.93395545,17015.0,7,9,2,0,7,9,14312,0,0,0,0,0
2020-05-01,US,Illinois,Cass,34,0,0,39.96991073,-90.24734436,17017.0,34,33,0,0,33,29,12260,1,0,0,1,4
2020-05-01,US,Illinois,Champaign,143,6,0,40.13919438,-88.20046615,17019.0,137,130,6,0,124,120,209983,13,0,0,13,10
2020-05-01,US,Illinois,Christian,29,4,0,39.54581621,-89.27780482,17021.0,25,30,4,0,26,30,32661,-1,0,0,-1,0
2020-05-01,US,Illinois,Clark,5,0,0,39.33425789,-87.78705622,17023.0,5,5,0,0,5,5,15596,0,0,0,0,0
2020-05-01,US,Illinois,Clay,2,0,0,38.75388572,-88.48914513,17025.0,2,2,0,0,2,2,13253,0,0,0,0,0
2020-05-01,US,Illinois,Clinton,110,4,0,38.60704876,-89.42385254,17027.0,106,106,3,0,103,101,37639,4,1,0,3,5
2020-05-01,US,Illinois,Coles,22,1,0,39.51949084,-88.22358557,17029.0,21,22,1,0,21,22,50885,0,0,0,0,0
2020-05-01,US,Illinois,Cook,38668,1673,0,41.84144849,-87.81658794,17031.0,36995,36513,1607,0,34906,34880,5180493,2155,66,0,2089,1633
2020-05-01,US,Illinois,Crawford,10,0,0,39.0032229,-87.75954624,17033.0,10,10,0,0,10,10,18807,0,0,0,0,0
2020-05-01,US,Illinois,Cumberland,3,0,0,39.27432424,-88.2401158,17035.0,3,3,0,0,3,3,10808,0,0,0,0,0
2020-05-01,US,Illinois,De Witt,3,0,0,40.17514519,-88.90959682,17039.0,3,3,0,0,3,3,15769,0,0,0,0,0
2020-05-01,US,Illinois,DeKalb,105,1,0,41.89373302,-88.76958483,17037.0,104,95,1,0,94,90,104143,10,0,0,10,5
2020-05-01,US,Illinois,Douglas,16,0,0,39.76768052,-88.21854195,17041.0,16,14,0,0,14,14,19479,2,0,0,2,0
2020-05-01,US,Illinois,DuPage,3256,174,0,41.85116968,-88.08642662,17043.0,3082,3081,163,0,2918,2870,928589,175,11,0,164,211
2020-05-01,US,Illinois,Effingham,5,1,0,39.05935711,-88.58969584,17049.0,4,5,1,0,4,6,34208,0,0,0,0,-1
2020-05-01,US,Illinois,Fayette,16,2,0,39.00072038,-89.02452658,17051.0,14,16,2,0,14,16,21416,0,0,0,0,0
2020-05-01,US,Illinois,Ford,9,1,0,40.59706922,-88.22350769,17053.0,8,9,1,0,8,10,13264,0,0,0,0,-1
2020-05-01,US,Illinois,Franklin,8,0,0,37.99189086,-88.92567818,17055.0,8,8,0,0,8,8,38701,0,0,0,0,0
2020-05-01,US,Illinois,Fulton,3,0,0,40.47289135,-90.20862357,17057.0,3,3,0,0,3,3,34844,0,0,0,0,0
2020-05-01,US,Illinois,Gallatin,2,0,0,37.76430935,-88.22953869,17059.0,2,2,0,0,2,2,5058,0,0,0,0,0
2020-05-01,US,Illinois,Greene,3,0,0,39.35907414,-90.388865,17061.0,3,3,0,0,3,3,13044,0,0,0,0,0
2020-05-01,US,Illinois,Grundy,37,0,0,41.28569601,-88.41905692,17063.0,37,35,0,0,35,32,50972,2,0,0,2,3
2020-05-01,US,Illinois,Hamilton,2,0,0,38.08163641,-88.53883373,17065.0,2,2,0,0,2,2,8163,0,0,0,0,0
2020-05-01,US,Illinois,Hancock,6,0,0,40.40423981,-91.16313899,17067.0,6,6,0,0,6,5,17844,0,0,0,0,1
2020-05-01,US,Illinois,Hardin,1,0,0,37.51810645,-88.26873022,17069.0,1,1,0,0,1,1,3910,0,0,0,0,0
2020-05-01,US,Illinois,Henderson,5,0,0,40.81908672,-90.92491462,17071.0,5,4,0,0,4,4,6709,1,0,0,1,0
2020-05-01,US,Illinois,Henry,49,0,0,41.3533994,-90.13296166,17073.0,49,45,0,0,45,39,49090,4,0,0,4,6
2020-05-01,US,Illinois,Iroquois,31,0,0,40.74717633,-87.82466784,17075.0,31,27,0,0,27,25,27604,4,0,0,4,2
2020-05-01,US,Illinois,Jackson,120,9,0,37.78595185,-89.38232563,17077.0,111,107,7,0,100,82,57419,13,2,0,11,25
2020-05-01,US,Illinois,Jasper,44,5,0,39.01054275,-88.15437049,17079.0,39,44,5,0,39,44,9611,0,0,0,0,0
2020-05-01,US,Illinois,Jefferson,85,12,0,38.29980057,-88.9240025,17081.0,73,83,12,0,71,81,37820,2,0,0,2,2
2020-05-01,US,Illinois,Jersey,12,1,0,39.08869046,-90.35393073,17083.0,11,12,1,0,11,12,21847,0,0,0,0,0
2020-05-01,US,Illinois,Jo Daviess,13,0,0,42.36542373,-90.21094405,17085.0,13,13,0,0,13,12,21366,0,0,0,0,1
2020-05-01,US,Illinois,Johnson,4,0,0,37.45939802,-88.88165419,17087.0,4,4,0,0,4,4,12456,0,0,0,0,0
2020-05-01,US,Illinois,Kane,1677,52,0,41.93842729,-88.42861412,17089.0,1625,1526,48,0,1478,1412,534216,151,4,0,147,114
2020-05-01,US,Illinois,Kankakee,350,25,0,41.13746989,-87.86205334,17091.0,325,338,25,0,313,326,110024,12,0,0,12,12
2020-05-01,US,Illinois,Kendall,281,7,0,41.59081014,-88.42869583,17093.0,274,266,7,0,259,255,127915,15,0,0,15,11
2020-05-01,US,Illinois,Knox,47,0,0,40.93148779,-90.21330340000002,17095.0,47,46,0,0,46,41,50112,1,0,0,1,5
2020-05-01,US,Illinois,LaSalle,54,1,0,41.34426129999999,-88.88633881,17099.0,53,53,1,0,52,49,109430,1,0,0,1,4
2020-05-01,US,Illinois,Lake,3766,140,0,42.3224907,-88.00367925,17097.0,3626,3509,138,0,3371,3382,700832,257,2,0,255,127
2020-05-01,US,Illinois,Lawrence,3,0,0,38.71987914,-87.72884035,17101.0,3,3,0,0,3,3,15765,0,0,0,0,0
2020-05-01,US,Illinois,Lee,23,0,0,41.74583951,-89.29977132,17103.0,23,24,0,0,24,23,34223,-1,0,0,-1,1
2020-05-01,US,Illinois,Livingston,20,1,0,40.89188292,-88.55784752,17105.0,19,20,1,0,19,20,35761,0,0,0,0,0
2020-05-01,US,Illinois,Logan,7,0,0,40.12581572,-89.36638784,17107.0,7,7,0,0,7,7,28925,0,0,0,0,0
2020-05-01,US,Illinois,Macon,109,12,0,39.86064913,-88.96342505,17115.0,97,106,12,0,94,105,104712,3,0,0,3,1
2020-05-01,US,Illinois,Macoupin,31,0,0,39.26119767,-89.92424028,17117.0,31,30,0,0,30,30,45313,1,0,0,1,0
2020-05-01,US,Illinois,Madison,335,22,0,38.83042506,-89.90422563,17119.0,313,333,21,0,312,324,264461,2,1,0,1,9
2020-05-01,US,Illinois,Marion,34,0,0,38.64963204,-88.91899208,17121.0,34,33,0,0,33,29,37620,1,0,0,1,4
2020-05-01,US,Illinois,Marshall,4,0,0,41.0327901,-89.34510444,17123.0,4,4,0,0,4,4,11534,0,0,0,0,0
2020-05-01,US,Illinois,Mason,12,0,0,40.23917274,-89.91824452,17125.0,12,12,0,0,12,11,13565,0,0,0,0,1
2020-05-01,US,Illinois,Massac,4,0,0,37.22078441,-88.71036614,17127.0,4,4,0,0,4,4,14080,0,0,0,0,0
2020-05-01,US,Illinois,McDonough,18,0,0,40.45674722,-90.67775541,17109.0,18,18,0,0,18,13,29955,0,0,0,0,5
2020-05-01,US,Illinois,McHenry,666,37,0,42.32451172,-88.45248227,17111.0,629,621,34,0,587,588,308570,45,3,0,42,33
2020-05-01,US,Illinois,McLean,97,3,0,40.48996987,-88.84621113,17113.0,94,95,3,0,92,94,172828,2,0,0,2,1
2020-05-01,US,Illinois,Menard,9,0,0,40.02742725,-89.80246001,17129.0,9,8,0,0,8,7,12288,1,0,0,1,1
2020-05-01,US,Illinois,Mercer,8,0,0,41.20596782,-90.74290052,17131.0,8,8,0,0,8,7,15601,0,0,0,0,1
2020-05-01,US,Illinois,Monroe,71,10,0,38.27594376,-90.17761038,17133.0,61,70,10,0,60,69,34335,1,0,0,1,1
2020-05-01,US,Illinois,Montgomery,26,1,0,39.23198845,-89.47809254,17135.0,25,26,1,0,25,25,28601,0,0,0,0,1
2020-05-01,US,Illinois,Morgan,24,1,0,39.71654544,-90.20255104,17137.0,23,22,1,0,21,22,33976,2,0,0,2,0
2020-05-01,US,Illinois,Moultrie,5,0,0,39.64187451,-88.62099969,17139.0,5,5,0,0,5,5,14717,0,0,0,0,0
2020-05-01,US,Illinois,Ogle,122,1,0,42.04165196,-89.32184679,17141.0,121,119,1,0,118,111,50923,3,0,0,3,8
2020-05-01,US,Illinois,Peoria,93,3,0,40.78702156,-89.76078901,17143.0,90,86,3,0,83,85,180621,7,0,0,7,1
2020-05-01,US,Illinois,Perry,24,0,0,38.08510853,-89.36856219,17145.0,24,21,0,0,21,18,21174,3,0,0,3,3
2020-05-01,US,Illinois,Piatt,7,0,0,40.01360584,-88.59319339,17147.0,7,7,0,0,7,7,16396,0,0,0,0,0
2020-05-01,US,Illinois,Pike,1,0,0,39.62265059,-90.8877017,17149.0,1,1,0,0,1,1,15611,0,0,0,0,0
2020-05-01,US,Illinois,Pulaski,20,0,0,37.22631423,-89.13085001,17153.0,20,18,0,0,18,17,5463,2,0,0,2,1
2020-05-01,US,Illinois,Randolph,164,1,0,38.05095369,-89.82512254,17157.0,163,156,1,0,155,138,32106,8,0,0,8,18
2020-05-01,US,Illinois,Richland,3,0,0,38.71240969,-88.08475366,17159.0,3,3,0,0,3,3,15763,0,0,0,0,0
2020-05-01,US,Illinois,Rock Island,389,9,0,41.46613806,-90.57042164,17161.0,380,377,9,0,368,369,143477,12,0,0,12,8
2020-05-01,US,Illinois,Saline,3,0,0,37.75332999,-88.54119706,17165.0,3,3,0,0,3,3,23906,0,0,0,0,0
2020-05-01,US,Illinois,Sangamon,195,10,0,39.75836914,-89.65872023,17167.0,185,178,9,0,169,169,195348,17,1,0,16,9
2020-05-01,US,Illinois,Schuyler,1,0,0,40.1571798,-90.61114163,17169.0,1,2,0,0,2,1,6907,-1,0,0,-1,1
2020-05-01,US,Illinois,Shelby,10,1,0,39.39133527,-88.80611122,17173.0,9,10,1,0,9,10,21741,0,0,0,0,0
2020-05-01,US,Illinois,St. Clair,492,31,0,38.46996033,-89.93063427,17163.0,461,475,30,0,445,442,261059,17,1,0,16,33
2020-05-01,US,Illinois,Stark,1,0,0,41.09309773,-89.79745866,17175.0,1,1,0,0,1,1,5427,0,0,0,0,0
2020-05-01,US,Illinois,Stephenson,45,0,0,42.35129217,-89.662598,17177.0,45,35,0,0,35,29,44753,10,0,0,10,6
2020-05-01,US,Illinois,Tazewell,41,3,0,40.50716185,-89.51404662,17179.0,38,45,3,0,42,40,132328,-4,0,0,-4,5
2020-05-01,US,Illinois,Unassigned,363,2,0,0.0,0.0,90017.0,361,378,1,0,377,354,,-15,1,0,-16,24
2020-05-01,US,Illinois,Union,19,0,0,37.47119609,-89.25548938,17181.0,19,17,0,0,17,11,16841,2,0,0,2,6
2020-05-01,US,Illinois,Vermilion,17,1,0,40.18417171,-87.73384359,17183.0,16,17,1,0,16,16,76806,0,0,0,0,1
2020-05-01,US,Illinois,Wabash,1,0,0,38.44272901,-87.84922065,17185.0,1,1,0,0,1,1,11549,0,0,0,0,0
2020-05-01,US,Illinois,Warren,70,0,0,40.84925021,-90.6147432,17187.0,70,62,0,0,62,56,17032,8,0,0,8,6
2020-05-01,US,Illinois,Washington,10,0,0,38.35309213,-89.40982703,17189.0,10,10,0,0,10,10,13995,0,0,0,0,0
2020-05-01,US,Illinois,Wayne,2,0,0,38.42955355,-88.42586459,17191.0,2,2,0,0,2,2,16332,0,0,0,0,0
2020-05-01,US,Illinois,White,2,0,0,38.08706198,-88.17657461,17193.0,2,2,0,0,2,2,13665,0,0,0,0,0
2020-05-01,US,Illinois,Whiteside,87,6,0,41.75509713,-89.91556058,17195.0,81,84,5,0,79,76,55626,3,1,0,2,8
2020-05-01,US,Illinois,Will,2617,158,0,41.44619267,-87.97862712,17197.0,2459,2492,151,0,2341,2369,692310,125,7,0,118,123
2020-05-01,US,Illinois,Williamson,32,0,0,37.73033511,-88.92994027,17199.0,32,31,0,0,31,29,67056,1,0,0,1,2
2020-05-01,US,Illinois,Winnebago,485,11,0,42.33641854,-89.16085327,17201.0,474,442,11,0,431,392,284081,43,0,0,43,50
2020-05-01,US,Illinois,Woodford,14,1,0,40.78579374,-89.20973757,17203.0,13,13,1,0,12,12,38463,1,0,0,1,1
2020-05-01,US,Indiana,Adams,7,1,0,40.7457653,-84.93671406,18001.0,6,7,1,0,6,7,35636,0,0,0,0,0
2020-05-01,US,Indiana,Allen,588,51,0,41.09194313,-85.06800636,18003.0,537,560,50,0,510,528,375351,28,1,0,27,32
2020-05-01,US,Indiana,Bartholomew,261,12,0,39.20744865,-85.89558181,18005.0,249,250,12,0,238,241,82753,11,0,0,11,9
2020-05-01,US,Indiana,Benton,8,0,0,40.60626947,-87.31093999,18007.0,8,8,0,0,8,8,8653,0,0,0,0,0
2020-05-01,US,Indiana,Blackford,8,1,0,40.47388153,-85.32499702,18009.0,7,8,1,0,7,8,11930,0,0,0,0,0
2020-05-01,US,Indiana,Boone,189,23,0,40.0509304,-86.46841646,18011.0,166,190,20,0,170,186,66999,-1,3,0,-4,4
2020-05-01,US,Indiana,Brown,16,1,0,39.19605589,-86.22868909,18013.0,15,15,1,0,14,15,15234,1,0,0,1,0
2020-05-01,US,Indiana,Carroll,24,1,0,40.580783200000006,-86.56198812,18015.0,23,22,1,0,21,21,20127,2,0,0,2,1
2020-05-01,US,Indiana,Cass,1214,2,0,40.76135835,-86.34830753,18017.0,1212,1164,2,0,1162,1125,37955,50,0,0,50,39
2020-05-01,US,Indiana,Clark,316,16,0,38.48015445,-85.70510334,18019.0,300,293,14,0,279,288,117360,23,2,0,21,5
2020-05-01,US,Indiana,Clay,20,1,0,39.39561833,-87.11723506,18021.0,19,20,1,0,19,19,26170,0,0,0,0,1
2020-05-01,US,Indiana,Clinton,45,1,0,40.30319754,-86.47277257,18023.0,44,38,1,0,37,36,32250,7,0,0,7,2
2020-05-01,US,Indiana,Crawford,17,0,0,38.28814402,-86.44518825,18025.0,17,18,0,0,18,18,10558,-1,0,0,-1,0
2020-05-01,US,Indiana,Daviess,47,13,0,38.70186039,-87.07185406,18027.0,34,47,11,0,36,47,33147,0,2,0,-2,0
2020-05-01,US,Indiana,DeKalb,20,1,0,41.39804622,-84.99906934,18033.0,19,20,1,0,19,18,43226,0,0,0,0,2
2020-05-01,US,Indiana,Dearborn,117,6,0,39.14647946,-84.97333539,18029.0,111,104,6,0,98,103,49568,13,0,0,13,1
2020-05-01,US,Indiana,Decatur,200,28,0,39.30712658,-85.50087166,18031.0,172,200,28,0,172,199,26794,0,0,0,0,1
2020-05-01,US,Indiana,Delaware,182,15,0,40.22787247,-85.39732772,18035.0,167,176,15,0,161,156,114772,6,0,0,6,20
2020-05-01,US,Indiana,Dubois,23,0,0,38.36597551,-86.87924170000002,18037.0,23,23,0,0,23,21,42565,0,0,0,0,2
2020-05-01,US,Indiana,Elkhart,293,9,0,41.59761169,-85.85875695,18039.0,284,287,7,0,280,281,205560,6,2,0,4,6
2020-05-01,US,Indiana,Fayette,28,4,0,39.63684962,-85.17797541,18041.0,24,28,4,0,24,28,23047,0,0,0,0,0
2020-05-01,US,Indiana,Floyd,182,16,0,38.32117957,-85.90385377,18043.0,166,178,16,0,162,174,77781,4,0,0,4,4
2020-05-01,US,Indiana,Fountain,12,2,0,40.12361933,-87.24217689,18045.0,10,11,2,0,9,10,16351,1,0,0,1,1
2020-05-01,US,Indiana,Franklin,97,7,0,39.4142482,-85.06062647,18047.0,90,97,7,0,90,96,22736,0,0,0,0,1
2020-05-01,US,Indiana,Fulton,30,1,0,41.0469907,-86.26252745,18049.0,29,27,1,0,26,26,20092,3,0,0,3,1
2020-05-01,US,Indiana,Gibson,7,0,0,38.30393723,-87.58054938,18051.0,7,7,0,0,7,6,33452,0,0,0,0,1
2020-05-01,US,Indiana,Grant,138,10,0,40.51587228,-85.65468702,18053.0,128,129,10,0,119,120,65936,9,0,0,9,9
2020-05-01,US,Indiana,Greene,90,6,0,39.03630547,-86.96223202,18055.0,84,56,6,0,50,55,32006,34,0,0,34,1
2020-05-01,US,Indiana,Hamilton,794,67,0,40.07306535,-86.05244729,18057.0,727,755,62,0,693,746,330086,39,5,0,34,9
2020-05-01,US,Indiana,Hancock,227,9,0,39.82304555,-85.77566351,18059.0,218,218,9,0,209,213,76351,9,0,0,9,5
2020-05-01,US,Indiana,Harrison,129,8,0,38.19467379,-86.10948271,18061.0,121,129,8,0,121,127,40350,0,0,0,0,2
2020-05-01,US,Indiana,Hendricks,701,40,0,39.76719009,-86.51037283,18063.0,661,667,34,0,633,658,167009,34,6,0,28,9
2020-05-01,US,Indiana,Henry,40,1,0,39.93029017,-85.39625719,18065.0,39,39,1,0,38,37,48271,1,0,0,1,2
2020-05-01,US,Indiana,Howard,176,7,0,40.48527731,-86.11351892,18067.0,169,172,5,0,167,169,82366,4,2,0,2,3
2020-05-01,US,Indiana,Huntington,9,2,0,40.82907273,-85.48822092,18069.0,7,9,2,0,7,9,36240,0,0,0,0,0
2020-05-01,US,Indiana,Jackson,157,1,0,38.90915820000001,-86.03851889,18071.0,156,138,1,0,137,128,44111,19,0,0,19,10
2020-05-01,US,Indiana,Jasper,33,1,0,41.02078733,-87.11553319,18073.0,32,46,1,0,45,45,33370,-13,0,0,-13,1
2020-05-01,US,Indiana,Jay,16,0,0,40.43781032,-85.00576229,18075.0,16,15,0,0,15,14,20764,1,0,0,1,1
2020-05-01,US,Indiana,Jefferson,29,0,0,38.78576239,-85.43633383,18077.0,29,26,0,0,26,26,32208,3,0,0,3,0
2020-05-01,US,Indiana,Jennings,78,2,0,38.99588883,-85.62710784,18079.0,76,75,2,0,73,74,27611,3,0,0,3,1
2020-05-01,US,Indiana,Johnson,616,67,0,39.48994426,-86.10149107,18081.0,549,579,62,0,517,563,156225,37,5,0,32,16
2020-05-01,US,Indiana,Knox,20,0,0,38.68861576,-87.4194665,18083.0,20,20,0,0,20,20,36895,0,0,0,0,0
2020-05-01,US,Indiana,Kosciusko,36,1,0,41.24521668,-85.86312322,18085.0,35,34,1,0,33,33,79344,2,0,0,2,1
2020-05-01,US,Indiana,LaGrange,25,2,0,41.64232188,-85.42674232,18087.0,23,25,2,0,23,24,39330,0,0,0,0,1
2020-05-01,US,Indiana,LaPorte,224,6,0,41.54366008,-86.74072188,18091.0,218,218,5,0,213,209,110007,6,1,0,5,9
2020-05-01,US,Indiana,Lake,1929,92,0,41.41874274,-87.38277575,18089.0,1837,1846,83,0,1763,1786,484411,83,9,0,74,60
2020-05-01,US,Indiana,Lawrence,99,13,0,38.84112637,-86.48361629,18093.0,86,99,13,0,86,94,45668,0,0,0,0,5
2020-05-01,US,Indiana,Madison,428,49,0,40.16143691,-85.71964711,18095.0,379,420,48,0,372,409,129641,8,1,0,7,11
2020-05-01,US,Indiana,Marion,5754,339,0,39.78163624,-86.13826325,18097.0,5415,5530,328,0,5202,5295,954670,224,11,0,213,235
2020-05-01,US,Indiana,Marshall,30,1,0,41.32467367,-86.26185087,18099.0,29,29,1,0,28,28,46248,1,0,0,1,1
2020-05-01,US,Indiana,Martin,7,0,0,38.7099921,-86.80373186,18101.0,7,7,0,0,7,7,10217,0,0,0,0,0
2020-05-01,US,Indiana,Miami,107,0,0,40.76940965,-86.04525048,18103.0,107,104,0,0,104,100,35567,3,0,0,3,4
2020-05-01,US,Indiana,Monroe,126,8,0,39.16130004,-86.52414358,18105.0,118,123,8,0,115,122,146917,3,0,0,3,1
2020-05-01,US,Indiana,Montgomery,88,0,0,40.04034823,-86.89335024,18107.0,88,67,0,0,67,40,38346,21,0,0,21,27
2020-05-01,US,Indiana,Morgan,156,5,0,39.47899078,-86.44573375,18109.0,151,152,4,0,148,140,70116,4,1,0,3,12
2020-05-01,US,Indiana,Newton,60,6,0,40.95610449,-87.39635768,18111.0,54,46,5,0,41,46,14011,14,1,0,13,0
2020-05-01,US,Indiana,Noble,71,12,0,41.39672484,-85.41966713,18113.0,59,69,12,0,57,68,47532,2,0,0,2,1
2020-05-01,US,Indiana,Ohio,4,0,0,38.955305,-84.96515993,18115.0,4,4,0,0,4,4,5844,0,0,0,0,0
2020-05-01,US,Indiana,Orange,101,9,0,38.54118920000001,-86.49523093,18117.0,92,76,9,0,67,64,19489,25,0,0,25,12
2020-05-01,US,Indiana,Owen,23,1,0,39.31145587,-86.83900724,18119.0,22,23,1,0,22,22,20845,0,0,0,0,1
2020-05-01,US,Indiana,Parke,12,0,0,39.77202286,-87.20375833,18121.0,12,12,0,0,12,12,16927,0,0,0,0,0
2020-05-01,US,Indiana,Perry,10,0,0,38.07809328,-86.63741946,18123.0,10,10,0,0,10,10,19102,0,0,0,0,0
2020-05-01,US,Indiana,Pike,2,0,0,38.40112197,-87.23574907,18125.0,2,1,0,0,1,1,12410,1,0,0,1,0
2020-05-01,US,Indiana,Porter,240,7,0,41.45986947,-87.06848888,18127.0,233,238,7,0,231,232,169594,2,0,0,2,6
2020-05-01,US,Indiana,Posey,12,0,0,38.02097333,-87.86480429,18129.0,12,11,0,0,11,9,25540,1,0,0,1,2
2020-05-01,US,Indiana,Pulaski,25,0,0,41.04166107,-86.69890683,18131.0,25,23,0,0,23,23,12469,2,0,0,2,0
2020-05-01,US,Indiana,Putnam,71,4,0,39.66437981,-86.84517605,18133.0,67,66,4,0,62,63,37779,5,0,0,5,3
2020-05-01,US,Indiana,Randolph,15,2,0,40.15734772,-85.01139319,18135.0,13,15,2,0,13,15,24851,0,0,0,0,0
2020-05-01,US,Indiana,Ripley,93,5,0,39.10235626,-85.26212744,18137.0,88,92,5,0,87,92,28523,1,0,0,1,0
2020-05-01,US,Indiana,Rush,32,1,0,39.62002287,-85.4655599,18139.0,31,31,1,0,30,31,16663,1,0,0,1,0
2020-05-01,US,Indiana,Scott,47,2,0,38.68672078,-85.74627859,18143.0,45,46,2,0,44,41,23878,1,0,0,1,5
2020-05-01,US,Indiana,Shelby,213,12,0,39.52305623,-85.79158570000001,18145.0,201,201,12,0,189,194,44593,12,0,0,12,7
2020-05-01,US,Indiana,Spencer,5,0,0,38.01519732,-87.0079644,18147.0,5,5,0,0,5,5,20327,0,0,0,0,0
2020-05-01,US,Indiana,St. Joseph,642,19,0,41.61756781,-86.29040834,18141.0,623,633,17,0,616,620,270771,9,2,0,7,13
2020-05-01,US,Indiana,Starke,16,1,0,41.27890281,-86.64686895,18149.0,15,16,1,0,15,16,22935,0,0,0,0,0
2020-05-01,US,Indiana,Steuben,25,1,0,41.64423868,-85.00101094,18151.0,24,23,1,0,22,22,34586,2,0,0,2,1
2020-05-01,US,Indiana,Sullivan,16,0,0,39.08952258,-87.41414469,18153.0,16,16,0,0,16,16,20690,0,0,0,0,0
2020-05-01,US,Indiana,Switzerland,15,0,0,38.82767338,-85.03022429,18155.0,15,15,0,0,15,15,10717,0,0,0,0,0
2020-05-01,US,Indiana,Tippecanoe,115,2,0,40.38872739,-86.89413959,18157.0,113,110,2,0,108,102,193048,5,0,0,5,8
2020-05-01,US,Indiana,Tipton,20,1,0,40.31123252,-86.05234925,18159.0,19,18,1,0,17,18,15128,2,0,0,2,0
2020-05-01,US,Indiana,Unassigned,0,113,0,0.0,0.0,90018.0,-113,0,107,0,-107,,,0,6,0,-6,
2020-05-01,US,Indiana,Union,7,0,0,39.62550777,-84.92497066,18161.0,7,7,0,0,7,7,7037,0,0,0,0,0
2020-05-01,US,Indiana,Vanderburgh,143,1,0,38.02658833,-87.58763124,18163.0,142,135,1,0,134,131,180974,8,0,0,8,4
2020-05-01,US,Indiana,Vermillion,7,0,0,39.8523352,-87.46160542,18165.0,7,7,0,0,7,7,15479,0,0,0,0,0
2020-05-01,US,Indiana,Vigo,64,6,0,39.42944561,-87.39169027,18167.0,58,64,6,0,58,62,107386,0,0,0,0,2
2020-05-01,US,Indiana,Wabash,51,1,0,40.84704239,-85.79328272,18169.0,50,42,1,0,41,38,31280,9,0,0,9,4
2020-05-01,US,Indiana,Warren,11,1,0,40.34728141,-87.35602659,18171.0,10,11,1,0,10,11,8263,0,0,0,0,0
2020-05-01,US,Indiana,Warrick,94,15,0,38.08922676,-87.2716085,18173.0,79,96,14,0,82,88,62567,-2,1,0,-3,8
2020-05-01,US,Indiana,Washington,44,0,0,38.60219804,-86.1049363,18175.0,44,43,0,0,43,41,27943,1,0,0,1,2
2020-05-01,US,Indiana,Wayne,35,3,0,39.8633444,-85.01044989,18177.0,32,34,3,0,31,36,65936,1,0,0,1,-2
2020-05-01,US,Indiana,Wells,5,0,0,40.72934187,-85.22132966,18179.0,5,5,0,0,5,5,28206,0,0,0,0,0
2020-05-01,US,Indiana,White,51,0,0,40.74911165,-86.86492015,18181.0,51,47,0,0,47,43,24133,4,0,0,4,4
2020-05-01,US,Indiana,Whitley,20,1,0,41.13863784,-85.50791236,18183.0,19,19,1,0,18,16,34074,1,0,0,1,3
2020-05-01,US,Iowa,Adair,1,0,0,41.33075609,-94.47105874,19001.0,1,1,0,0,1,1,7063,0,0,0,0,0
2020-05-01,US,Iowa,Allamakee,90,3,0,43.28383218,-91.37860922,19005.0,87,89,3,0,86,88,13832,1,0,0,1,1
2020-05-01,US,Iowa,Appanoose,3,2,0,40.74324454,-92.86865906,19007.0,1,2,2,0,0,2,12437,1,0,0,1,0
2020-05-01,US,Iowa,Audubon,2,0,0,41.6844628,-94.90581859,19009.0,2,1,0,0,1,1,5506,1,0,0,1,0
2020-05-01,US,Iowa,Benton,31,1,0,42.08011739,-92.06463573,19011.0,30,31,1,0,30,30,25642,0,0,0,0,1
2020-05-01,US,Iowa,Black Hawk,1195,13,0,42.4704581,-92.30524729,19013.0,1182,1140,13,0,1127,1082,132408,55,0,0,55,58
2020-05-01,US,Iowa,Boone,16,0,0,42.03657094,-93.9313999,19015.0,16,12,0,0,12,10,26346,4,0,0,4,2
2020-05-01,US,Iowa,Bremer,51,4,0,42.77461496,-92.31795937,19017.0,47,51,3,0,48,50,24947,0,1,0,-1,1
2020-05-01,US,Iowa,Buchanan,18,0,0,42.4709188,-91.83510825,19019.0,18,17,0,0,17,16,21199,1,0,0,1,1
2020-05-01,US,Iowa,Buena Vista,6,0,0,42.73545875,-95.15100162,19021.0,6,4,0,0,4,4,19874,2,0,0,2,0
2020-05-01,US,Iowa,Butler,9,0,0,42.73172833,-92.79015971,19023.0,9,9,0,0,9,8,14539,0,0,0,0,1
2020-05-01,US,Iowa,Calhoun,1,0,0,42.38521079,-94.64046046,19025.0,1,,,,,,9699,,,,,
2020-05-01,US,Iowa,Carroll,2,0,0,42.03617207,-94.86032705,19027.0,2,2,0,0,2,1,20154,0,0,0,0,1
2020-05-01,US,Iowa,Cass,1,0,0,41.33149454,-94.92792482,19029.0,1,1,0,0,1,1,12930,0,0,0,0,0
2020-05-01,US,Iowa,Cedar,30,0,0,41.77233777,-91.13246684,19031.0,30,29,0,0,29,29,18627,1,0,0,1,0
2020-05-01,US,Iowa,Cerro Gordo,14,0,0,43.08177563,-93.2612239,19033.0,14,14,0,0,14,14,42647,0,0,0,0,0
2020-05-01,US,Iowa,Cherokee,2,0,0,42.73538914,-95.62389402,19035.0,2,2,0,0,2,2,11321,0,0,0,0,0
2020-05-01,US,Iowa,Chickasaw,5,0,0,43.06001295,-92.31773347,19037.0,5,5,0,0,5,5,11964,0,0,0,0,0
2020-05-01,US,Iowa,Clarke,2,0,0,41.02868181,-93.78499767,19039.0,2,2,0,0,2,2,9423,0,0,0,0,0
2020-05-01,US,Iowa,Clay,4,0,0,43.08247182,-95.15096481,19041.0,4,4,0,0,4,3,16134,0,0,0,0,1
2020-05-01,US,Iowa,Clayton,17,1,0,42.84443388,-91.34133693,19043.0,16,14,1,0,13,12,17556,3,0,0,3,2
2020-05-01,US,Iowa,Clinton,49,1,0,41.89981633,-90.53275096,19045.0,48,48,1,0,47,48,46518,1,0,0,1,0
2020-05-01,US,Iowa,Crawford,24,1,0,42.03718237,-95.3819718,19047.0,23,21,1,0,20,21,17158,3,0,0,3,0
2020-05-01,US,Iowa,Dallas,408,0,0,41.68560356,-94.04127625,19049.0,408,318,0,0,318,258,90180,90,0,0,90,60
2020-05-01,US,Iowa,Davis,1,0,0,40.74773536,-92.41005468,19051.0,1,1,0,0,1,1,9017,0,0,0,0,0
2020-05-01,US,Iowa,Decatur,1,0,0,40.73742757,-93.78645949,19053.0,1,,,,,,7890,,,,,
2020-05-01,US,Iowa,Delaware,8,0,0,42.47104597,-91.3664492,19055.0,8,8,0,0,8,4,17069,0,0,0,0,4
2020-05-01,US,Iowa,Des Moines,16,1,0,40.92012606,-91.18326592,19057.0,15,16,1,0,15,17,39138,0,0,0,0,-1
2020-05-01,US,Iowa,Dickinson,6,0,0,43.37787725,-95.1510206,19059.0,6,6,0,0,6,6,17153,0,0,0,0,0
2020-05-01,US,Iowa,Dubuque,109,4,0,42.46815349,-90.88181925,19061.0,105,102,4,0,98,97,96854,7,0,0,7,5
2020-05-01,US,Iowa,Fayette,21,0,0,42.86271799,-91.8441231,19065.0,21,20,0,0,20,20,19660,1,0,0,1,0
2020-05-01,US,Iowa,Floyd,1,0,0,43.06000529999999,-92.78940097,19067.0,1,,,,,,15761,,,,,
2020-05-01,US,Iowa,Franklin,3,0,0,42.73270384,-93.26256925,19069.0,3,2,0,0,2,2,10124,1,0,0,1,0
2020-05-01,US,Iowa,Greene,7,0,0,42.03614551,-94.39658081,19073.0,7,5,0,0,5,2,8981,2,0,0,2,3
2020-05-01,US,Iowa,Grundy,11,0,0,42.40183723,-92.78829551,19075.0,11,11,0,0,11,11,12304,0,0,0,0,0
2020-05-01,US,Iowa,Guthrie,13,0,0,41.68378965,-94.50111014,19077.0,13,12,0,0,12,10,10720,1,0,0,1,2
2020-05-01,US,Iowa,Hamilton,7,0,0,42.38382428,-93.70197703,19079.0,7,7,0,0,7,7,14952,0,0,0,0,0
2020-05-01,US,Iowa,Hancock,3,0,0,43.08178477,-93.73454884,19081.0,3,3,0,0,3,3,10712,0,0,0,0,0
2020-05-01,US,Iowa,Hardin,9,0,0,42.38353877,-93.23654611,19083.0,9,8,0,0,8,7,16868,1,0,0,1,1
2020-05-01,US,Iowa,Harrison,16,0,0,41.68330137,-95.81558439,19085.0,16,16,0,0,16,16,14134,0,0,0,0,0
2020-05-01,US,Iowa,Henry,32,1,0,40.98767962,-91.54436349,19087.0,31,32,1,0,31,32,20067,0,0,0,0,0
2020-05-01,US,Iowa,Howard,10,0,0,43.35671042,-92.31702714,19089.0,10,10,0,0,10,10,9187,0,0,0,0,0
2020-05-01,US,Iowa,Humboldt,4,0,0,42.7764426,-94.20722537,19091.0,4,4,0,0,4,4,9547,0,0,0,0,0
2020-05-01,US,Iowa,Iowa,20,0,0,41.68630265,-92.0643373,19095.0,20,19,0,0,19,19,16141,1,0,0,1,0
2020-05-01,US,Iowa,Jackson,5,0,0,42.17178824,-90.57354837,19097.0,5,5,0,0,5,5,19432,0,0,0,0,0
2020-05-01,US,Iowa,Jasper,155,1,0,41.68576082,-93.05567785,19099.0,154,130,1,0,129,130,37147,25,0,0,25,0
2020-05-01,US,Iowa,Jefferson,6,0,0,41.03192394,-91.94849466,19101.0,6,6,0,0,6,6,18381,0,0,0,0,0
2020-05-01,US,Iowa,Johnson,475,6,0,41.67169354,-91.58754744,19103.0,469,461,6,0,455,453,151260,14,0,0,14,8
2020-05-01,US,Iowa,Jones,22,0,0,42.12118609,-91.13139641,19105.0,22,21,0,0,21,20,20744,1,0,0,1,1
2020-05-01,US,Iowa,Keokuk,3,0,0,41.33649833,-92.1785067,19107.0,3,2,0,0,2,2,10225,1,0,0,1,0
2020-05-01,US,Iowa,Kossuth,2,0,0,43.20405458,-94.20691791,19109.0,2,2,0,0,2,1,14908,0,0,0,0,1
2020-05-01,US,Iowa,Lee,9,0,0,40.64181461,-91.48183025,19111.0,9,8,0,0,8,8,34055,1,0,0,1,0
2020-05-01,US,Iowa,Linn,673,45,0,42.07923082,-91.59809485,19113.0,628,669,43,0,626,652,225909,4,2,0,2,17
2020-05-01,US,Iowa,Louisa,274,2,0,41.21842119,-91.26102611,19115.0,272,269,2,0,267,269,11169,5,0,0,5,0
2020-05-01,US,Iowa,Lyon,13,0,0,43.38107862,-96.20926845,19119.0,13,13,0,0,13,11,11811,0,0,0,0,2
2020-05-01,US,Iowa,Madison,8,1,0,41.33081904,-94.01554631,19121.0,7,5,1,0,4,5,16249,3,0,0,3,0
2020-05-01,US,Iowa,Mahaska,14,1,0,41.33521503,-92.64083907,19123.0,13,10,1,0,9,9,22000,4,0,0,4,1
2020-05-01,US,Iowa,Marion,10,0,0,41.33445101,-93.09934783,19125.0,10,8,0,0,8,8,33407,2,0,0,2,0
2020-05-01,US,Iowa,Marshall,500,2,0,42.03586837,-92.9990819,19127.0,498,467,2,0,465,459,39981,33,0,0,33,8
2020-05-01,US,Iowa,Mills,2,0,0,41.03299766,-95.61920963,19129.0,2,2,0,0,2,2,15063,0,0,0,0,0
2020-05-01,US,Iowa,Mitchell,3,0,0,43.35638371,-92.78887719,19131.0,3,2,0,0,2,2,10569,1,0,0,1,0
2020-05-01,US,Iowa,Monona,9,0,0,42.05220391,-95.95743843,19133.0,9,7,0,0,7,7,8679,2,0,0,2,0
2020-05-01,US,Iowa,Montgomery,1,0,0,41.03018714,-95.15642896,19137.0,1,1,0,0,1,1,10003,0,0,0,0,0
2020-05-01,US,Iowa,Muscatine,346,16,0,41.48370744,-91.1121697,19139.0,330,336,14,0,322,329,42929,10,2,0,8,7
2020-05-01,US,Iowa,O'Brien,9,0,0,43.08310673,-95.62474482,19141.0,9,8,0,0,8,7,13840,1,0,0,1,1
2020-05-01,US,Iowa,Osceola,10,0,0,43.37824276,-95.62422844,19143.0,10,9,0,0,9,8,6040,1,0,0,1,1
2020-05-01,US,Iowa,Page,7,0,0,40.7393172,-95.1497813,19145.0,7,6,0,0,6,5,15249,1,0,0,1,1
2020-05-01,US,Iowa,Plymouth,14,0,0,42.737633,-96.21366621,19149.0,14,12,0,0,12,12,25095,2,0,0,2,0
2020-05-01,US,Iowa,Pocahontas,3,0,0,42.73420133,-94.67862564,19151.0,3,1,0,0,1,1,6740,2,0,0,2,0
2020-05-01,US,Iowa,Polk,1176,37,0,41.68679484,-93.57767461,19153.0,1139,985,35,0,950,905,487204,191,2,0,189,80
2020-05-01,US,Iowa,Pottawattamie,37,2,0,41.33640314,-95.53907776,19155.0,35,33,2,0,31,30,93533,4,0,0,4,3
2020-05-01,US,Iowa,Poweshiek,57,2,0,41.68625425,-92.53155731,19157.0,55,56,2,0,54,55,18699,1,0,0,1,1
2020-05-01,US,Iowa,Sac,1,0,0,42.38624071,-95.10547892,19161.0,1,,,,,,9719,,,,,
2020-05-01,US,Iowa,Scott,230,7,0,41.63935978,-90.61959493,19163.0,223,226,6,0,220,222,173283,4,1,0,3,4
2020-05-01,US,Iowa,Shelby,9,0,0,41.6850066,-95.31015553,19165.0,9,9,0,0,9,9,11578,0,0,0,0,0
2020-05-01,US,Iowa,Sioux,11,0,0,43.08221074,-96.1767568,19167.0,11,9,0,0,9,8,34909,2,0,0,2,1
2020-05-01,US,Iowa,Story,31,1,0,42.03621213,-93.46499005,19169.0,30,27,1,0,26,27,98105,4,0,0,4,0
2020-05-01,US,Iowa,Tama,270,7,0,42.07991767,-92.53266945,19171.0,263,266,7,0,259,264,16904,4,0,0,4,2
2020-05-01,US,Iowa,Taylor,1,0,0,40.73710579,-94.69778563,19173.0,1,1,0,0,1,1,6191,0,0,0,0,0
2020-05-01,US,Iowa,Unassigned,63,0,0,0.0,0.0,90019.0,63,24,0,0,24,20,,39,0,0,39,4
2020-05-01,US,Iowa,Union,1,0,0,41.0277278,-94.24234847,19175.0,1,1,0,0,1,1,12359,0,0,0,0,0
2020-05-01,US,Iowa,Van Buren,8,0,0,40.75326764,-91.95017958,19177.0,8,8,0,0,8,8,7020,0,0,0,0,0
2020-05-01,US,Iowa,Wapello,17,0,0,41.03064984,-92.40954728,19179.0,17,10,0,0,10,10,35205,7,0,0,7,0
2020-05-01,US,Iowa,Warren,25,0,0,41.33559454,-93.56007641,19181.0,25,22,0,0,22,21,51056,3,0,0,3,1
2020-05-01,US,Iowa,Washington,144,7,0,41.33577126,-91.71725711,19183.0,137,141,7,0,134,139,22141,3,0,0,3,2
2020-05-01,US,Iowa,Wayne,1,0,0,40.73969028,-93.32752197,19185.0,1,,,,,,6401,,,,,
2020-05-01,US,Iowa,Webster,5,0,0,42.42853483,-94.17987389,19187.0,5,5,0,0,5,5,36277,0,0,0,0,0
2020-05-01,US,Iowa,Winnebago,2,0,0,43.37751174,-93.73407298,19189.0,2,2,0,0,2,2,10518,0,0,0,0,0
2020-05-01,US,Iowa,Winneshiek,17,0,0,43.29094334,-91.84422722,19191.0,17,15,0,0,15,15,20029,2,0,0,2,0
2020-05-01,US,Iowa,Woodbury,922,1,0,42.38979414,-96.0459439,19193.0,921,742,1,0,741,728,102539,180,0,0,180,14
2020-05-01,US,Iowa,Worth,1,0,0,43.37750768,-93.26087602,19195.0,1,1,0,0,1,1,7453,0,0,0,0,0
2020-05-01,US,Iowa,Wright,3,0,0,42.73305373,-93.73515113,19197.0,3,3,0,0,3,4,12690,0,0,0,0,-1
2020-05-01,US,Kansas,Atchison,10,0,0,39.53185661,-95.30870026,20005.0,10,9,0,0,9,9,16193,1,0,0,1,0
2020-05-01,US,Kansas,Barber,1,0,0,37.2288586,-98.68460053,20007.0,1,1,0,0,1,1,4472,0,0,0,0,0
2020-05-01,US,Kansas,Barton,9,0,0,38.47889676,-98.75636726,20009.0,9,9,0,0,9,9,26111,0,0,0,0,0
2020-05-01,US,Kansas,Bourbon,6,1,0,37.85508555,-94.84865997,20011.0,5,6,1,0,5,6,14653,0,0,0,0,0
2020-05-01,US,Kansas,Butler,14,0,0,37.78134351,-96.83878537,20015.0,14,16,0,0,16,16,66765,-2,0,0,-2,0
2020-05-01,US,Kansas,Chase,3,0,0,38.30292938,-96.59563862,20017.0,3,3,0,0,3,3,2629,0,0,0,0,0
2020-05-01,US,Kansas,Chautauqua,4,0,0,37.14994405,-96.2454192,20019.0,4,4,0,0,4,4,3309,0,0,0,0,0
2020-05-01,US,Kansas,Cherokee,8,0,0,37.16928494,-94.8462897,20021.0,8,8,0,0,8,8,20015,0,0,0,0,0
2020-05-01,US,Kansas,Cheyenne,2,0,0,39.78580976,-101.7318201,20023.0,2,2,0,0,2,2,2660,0,0,0,0,0
2020-05-01,US,Kansas,Clark,1,0,0,37.23577007,-99.81883015,20025.0,1,1,0,0,1,1,2005,0,0,0,0,0
2020-05-01,US,Kansas,Clay,4,1,0,39.34948772,-97.16518128,20027.0,3,4,1,0,3,4,7997,0,0,0,0,0
2020-05-01,US,Kansas,Cloud,4,0,0,39.48028352,-97.64925343,20029.0,4,4,0,0,4,4,8729,0,0,0,0,0
2020-05-01,US,Kansas,Coffey,48,8,0,38.2365018,-95.73379515,20031.0,40,48,8,0,40,48,8233,0,0,0,0,0
2020-05-01,US,Kansas,Cowley,3,1,0,37.23781842,-96.83776647,20035.0,2,3,1,0,2,3,35218,0,0,0,0,0
2020-05-01,US,Kansas,Crawford,8,1,0,37.50675523,-94.85245778,20037.0,7,8,1,0,7,7,39019,0,0,0,0,1
2020-05-01,US,Kansas,Dickinson,2,0,0,38.86600962,-97.15532383,20041.0,2,2,0,0,2,2,18717,0,0,0,0,0
2020-05-01,US,Kansas,Doniphan,3,0,0,39.79067154,-95.14056866,20043.0,3,3,0,0,3,3,7682,0,0,0,0,0
2020-05-01,US,Kansas,Douglas,51,0,0,38.88503636,-95.2925121,20045.0,51,50,0,0,50,49,121436,1,0,0,1,1
2020-05-01,US,Kansas,Edwards,4,0,0,37.88735543,-99.31263309,20047.0,4,3,0,0,3,3,2849,1,0,0,1,0
2020-05-01,US,Kansas,Elk,1,0,0,37.45338105,-96.24369667,20049.0,1,1,0,0,1,1,2508,0,0,0,0,0
2020-05-01,US,Kansas,Ellis,8,0,0,38.91458712,-99.31751551,20051.0,8,8,0,0,8,8,28710,0,0,0,0,0
2020-05-01,US,Kansas,Finney,503,3,0,38.04340344,-100.7381938,20055.0,500,404,1,0,403,270,36611,99,2,0,97,134
2020-05-01,US,Kansas,Ford,702,2,0,37.69200114,-99.88825298,20057.0,700,675,1,0,674,600,33888,27,1,0,26,75
2020-05-01,US,Kansas,Franklin,14,0,0,38.56443815,-95.28644341,20059.0,14,14,0,0,14,13,25631,0,0,0,0,1
2020-05-01,US,Kansas,Geary,11,0,0,38.99871131,-96.7577178,20061.0,11,11,0,0,11,11,32594,0,0,0,0,0
2020-05-01,US,Kansas,Gove,1,0,0,38.91588178,-100.4829321,20063.0,1,1,0,0,1,1,2612,0,0,0,0,0
2020-05-01,US,Kansas,Grant,5,0,0,37.56227336,-101.3079758,20067.0,5,4,0,0,4,2,7336,1,0,0,1,2
2020-05-01,US,Kansas,Gray,5,0,0,37.73836671,-100.4369088,20069.0,5,4,0,0,4,4,6033,1,0,0,1,0
2020-05-01,US,Kansas,Greenwood,3,0,0,37.8774388,-96.23250453,20073.0,3,3,0,0,3,3,6055,0,0,0,0,0
2020-05-01,US,Kansas,Hamilton,2,0,0,37.99978709,-101.7921066,20075.0,2,2,0,0,2,2,2607,0,0,0,0,0
2020-05-01,US,Kansas,Harper,1,0,0,37.19175361,-98.07578384,20077.0,1,1,0,0,1,,5506,0,0,0,0,
2020-05-01,US,Kansas,Harvey,7,0,0,38.04293782,-97.42747573,20079.0,7,7,0,0,7,6,34210,0,0,0,0,1
2020-05-01,US,Kansas,Haskell,7,0,0,37.5620394,-100.8710738,20081.0,7,7,0,0,7,7,3997,0,0,0,0,0
2020-05-01,US,Kansas,Jackson,2,0,0,39.41673394,-95.79356799,20085.0,2,2,0,0,2,2,13280,0,0,0,0,0
2020-05-01,US,Kansas,Jefferson,9,0,0,39.2347941,-95.38289232,20087.0,9,9,0,0,9,9,18975,0,0,0,0,0
2020-05-01,US,Kansas,Jewell,4,0,0,39.78470589,-98.21820662,20089.0,4,4,0,0,4,4,2841,0,0,0,0,0
2020-05-01,US,Kansas,Johnson,471,40,0,38.88548175,-94.82250877,20091.0,431,464,40,0,424,454,597555,7,0,0,7,10
2020-05-01,US,Kansas,Kearny,19,0,0,38.00017981,-101.321681,20093.0,19,16,0,0,16,14,3943,3,0,0,3,2
2020-05-01,US,Kansas,Kiowa,1,0,0,37.55848695,-99.2856537,20097.0,1,1,0,0,1,1,2516,0,0,0,0,0
2020-05-01,US,Kansas,Labette,22,0,0,37.19113093,-95.29849679,20099.0,22,22,0,0,22,22,19964,0,0,0,0,0
2020-05-01,US,Kansas,Leavenworth,372,5,0,39.20183497,-95.03620809,20103.0,367,356,4,0,352,197,81352,16,1,0,15,159
2020-05-01,US,Kansas,Linn,6,0,0,38.21267844,-94.84254089,20107.0,6,6,0,0,6,6,9750,0,0,0,0,0
2020-05-01,US,Kansas,Lyon,230,1,0,38.45576156,-96.15275715,20111.0,229,218,1,0,217,201,33406,12,0,0,12,17
2020-05-01,US,Kansas,Marion,5,1,0,38.35855394,-97.0985251,20115.0,4,5,1,0,4,5,11950,0,0,0,0,0
2020-05-01,US,Kansas,McPherson,22,0,0,38.39184858,-97.64769869,20113.0,22,22,0,0,22,20,28537,0,0,0,0,2
2020-05-01,US,Kansas,Meade,6,0,0,37.23859987,-100.364831,20119.0,6,5,0,0,5,3,4146,1,0,0,1,2
2020-05-01,US,Kansas,Miami,5,0,0,38.56383358,-94.83832189,20121.0,5,5,0,0,5,5,33680,0,0,0,0,0
2020-05-01,US,Kansas,Mitchell,3,0,0,39.39331582,-98.20906732,20123.0,3,3,0,0,3,3,6150,0,0,0,0,0
2020-05-01,US,Kansas,Montgomery,17,2,0,37.19236568,-95.74329258,20125.0,15,17,2,0,15,16,32120,0,0,0,0,1
2020-05-01,US,Kansas,Morris,3,0,0,38.68827511,-96.65128437,20127.0,3,3,0,0,3,3,5521,0,0,0,0,0
2020-05-01,US,Kansas,Morton,3,0,0,37.19141121,-101.79925190000002,20129.0,3,3,0,0,3,3,2667,0,0,0,0,0
2020-05-01,US,Kansas,Nemaha,1,0,0,39.78345387,-96.01392079,20131.0,1,1,0,0,1,1,10155,0,0,0,0,0
2020-05-01,US,Kansas,Neosho,2,0,0,37.55862897,-95.30670046,20133.0,2,2,0,0,2,3,15951,0,0,0,0,-1
2020-05-01,US,Kansas,Norton,1,0,0,39.78443827,-99.90286639,20137.0,1,,,,,,5430,,,,,
2020-05-01,US,Kansas,Osage,5,0,0,38.65235984,-95.72707998,20139.0,5,5,0,0,5,5,15941,0,0,0,0,0
2020-05-01,US,Kansas,Osborne,2,0,0,39.3503437,-98.76753828,20141.0,2,2,0,0,2,2,3475,0,0,0,0,0
2020-05-01,US,Kansas,Ottawa,4,0,0,39.13237408,-97.65020313,20143.0,4,4,0,0,4,4,5802,0,0,0,0,0
2020-05-01,US,Kansas,Phillips,1,0,0,39.78465501,-99.34668865,20147.0,1,1,0,0,1,1,5317,0,0,0,0,0
2020-05-01,US,Kansas,Pottawatomie,13,0,0,39.37925655,-96.34564657,20149.0,13,13,0,0,13,10,24277,0,0,0,0,3
2020-05-01,US,Kansas,Pratt,1,0,0,37.64780729,-98.73922153,20151.0,1,1,0,0,1,1,9378,0,0,0,0,0
2020-05-01,US,Kansas,Reno,39,0,0,37.95230263,-98.08607292,20155.0,39,36,0,0,36,35,62342,3,0,0,3,1
2020-05-01,US,Kansas,Republic,4,0,0,39.82799632,-97.65036709,20157.0,4,4,0,0,4,4,4664,0,0,0,0,0
2020-05-01,US,Kansas,Rice,3,0,0,38.34616184,-98.19992118,20159.0,3,3,0,0,3,3,9531,0,0,0,0,0
2020-05-01,US,Kansas,Riley,51,0,0,39.28935726,-96.73420026,20161.0,51,49,0,0,49,47,73703,2,0,0,2,2
2020-05-01,US,Kansas,Rooks,6,0,0,39.35022773,-99.32484567,20163.0,6,6,0,0,6,6,5013,0,0,0,0,0
2020-05-01,US,Kansas,Saline,21,2,0,38.78369175,-97.65185177,20169.0,19,21,2,0,19,21,54401,0,0,0,0,0
2020-05-01,US,Kansas,Scott,1,0,0,38.48222076,-100.9066539,20171.0,1,,,,,,4897,,,,,
2020-05-01,US,Kansas,Sedgwick,408,11,0,37.6842718,-97.4608198,20173.0,397,402,9,0,393,366,513607,6,2,0,4,36
2020-05-01,US,Kansas,Seward,528,0,0,37.19324632,-100.8507201,20175.0,528,527,0,0,527,472,21780,1,0,0,1,55
2020-05-01,US,Kansas,Shawnee,121,5,0,39.04100763,-95.7557264,20177.0,116,117,5,0,112,112,177499,4,0,0,4,5
2020-05-01,US,Kansas,Sheridan,2,0,0,39.35018161,-100.4418259,20179.0,2,2,0,0,2,2,2533,0,0,0,0,0
2020-05-01,US,Kansas,Sherman,4,0,0,39.35147699,-101.7197624,20181.0,4,4,0,0,4,3,5899,0,0,0,0,1
2020-05-01,US,Kansas,Smith,2,0,0,39.78516566,-98.78566062,20183.0,2,2,0,0,2,2,3603,0,0,0,0,0
2020-05-01,US,Kansas,Stafford,1,0,0,38.03100851,-98.71762001,20185.0,1,1,0,0,1,1,4178,0,0,0,0,0
2020-05-01,US,Kansas,Stanton,6,0,0,37.56304714,-101.7843534,20187.0,6,6,0,0,6,6,1987,0,0,0,0,0
2020-05-01,US,Kansas,Stevens,9,0,0,37.1923008,-101.3118967,20189.0,9,9,0,0,9,8,5559,0,0,0,0,1
2020-05-01,US,Kansas,Sumner,3,1,0,37.23682549,-97.47721621,20191.0,2,3,1,0,2,3,22996,0,0,0,0,0
2020-05-01,US,Kansas,Wabaunsee,22,0,0,38.95471985,-96.20350509,20197.0,22,21,0,0,21,18,6899,1,0,0,1,3
2020-05-01,US,Kansas,Washington,1,0,0,39.78420784,-97.0875323,20201.0,1,1,0,0,1,,5420,0,0,0,0,
2020-05-01,US,Kansas,Wilson,1,0,0,37.55937174,-95.74323255,20205.0,1,1,0,0,1,1,8665,0,0,0,0,0
2020-05-01,US,Kansas,Woodson,6,0,0,37.8865336,-95.74006277,20207.0,6,5,0,0,5,5,3183,1,0,0,1,0
2020-05-01,US,Kansas,Wyandotte,710,55,0,39.11727348,-94.76378225,20209.0,655,677,55,0,622,619,165324,33,0,0,33,58
2020-05-01,US,Kentucky,Adair,81,11,0,37.10459774,-85.28129668,21001.0,70,81,10,0,71,79,19215,0,1,0,-1,2
2020-05-01,US,Kentucky,Allen,14,0,0,36.75197631,-86.19457544,21003.0,14,13,0,0,13,12,21122,1,0,0,1,1
2020-05-01,US,Kentucky,Anderson,8,1,0,38.00671029,-84.99171713,21005.0,7,8,1,0,7,8,22663,0,0,0,0,0
2020-05-01,US,Kentucky,Ballard,10,0,0,37.05842757,-88.99427697,21007.0,10,9,0,0,9,9,7979,1,0,0,1,0
2020-05-01,US,Kentucky,Barren,17,0,0,36.96469836,-85.93338945,21009.0,17,17,0,0,17,16,44176,0,0,0,0,1
2020-05-01,US,Kentucky,Bath,4,1,0,38.14735938,-83.74588932,21011.0,3,4,1,0,3,4,12383,0,0,0,0,0
2020-05-01,US,Kentucky,Boone,144,2,0,38.97065142,-84.72615357,21015.0,142,138,2,0,136,125,131533,6,0,0,6,13
2020-05-01,US,Kentucky,Bourbon,8,1,0,38.2054607,-84.21827874,21017.0,7,8,1,0,7,7,20184,0,0,0,0,1
2020-05-01,US,Kentucky,Boyd,31,3,0,38.36176608,-82.68652187,21019.0,28,31,3,0,28,33,47240,0,0,0,0,-2
2020-05-01,US,Kentucky,Boyle,17,0,0,37.62680923,-84.8633779,21021.0,17,17,0,0,17,17,30100,0,0,0,0,0
2020-05-01,US,Kentucky,Bracken,9,0,0,38.69158994,-84.08532444,21023.0,9,7,0,0,7,7,8239,2,0,0,2,0
2020-05-01,US,Kentucky,Breathitt,2,0,0,37.52333168,-83.31959161,21025.0,2,2,0,0,2,2,12726,0,0,0,0,0
2020-05-01,US,Kentucky,Breckinridge,9,0,0,37.77377239,-86.42885017,21027.0,9,9,0,0,9,9,20388,0,0,0,0,0
2020-05-01,US,Kentucky,Bullitt,55,2,0,37.97162523,-85.68955617,21029.0,53,53,2,0,51,51,81069,2,0,0,2,2
2020-05-01,US,Kentucky,Butler,141,4,0,37.20946153,-86.68748787,21031.0,137,116,3,0,113,114,12772,25,1,0,24,2
2020-05-01,US,Kentucky,Caldwell,13,0,0,37.14749129,-87.86948214,21033.0,13,13,0,0,13,13,12715,0,0,0,0,0
2020-05-01,US,Kentucky,Calloway,34,1,0,36.62093411,-88.2731593,21035.0,33,34,1,0,33,31,39135,0,0,0,0,3
2020-05-01,US,Kentucky,Campbell,92,9,0,38.94384345,-84.37875208,21037.0,83,89,9,0,80,86,93152,3,0,0,3,3
2020-05-01,US,Kentucky,Carlisle,2,0,0,36.85372876,-88.96692220000001,21039.0,2,2,0,0,2,2,4771,0,0,0,0,0
2020-05-01,US,Kentucky,Carroll,2,0,0,38.66599534,-85.12601074,21041.0,2,2,0,0,2,2,10737,0,0,0,0,0
2020-05-01,US,Kentucky,Carter,5,0,0,38.31690743,-83.05092385,21043.0,5,5,0,0,5,5,27004,0,0,0,0,0
2020-05-01,US,Kentucky,Casey,1,0,0,37.32533118,-84.92726209,21045.0,1,1,0,0,1,1,15888,0,0,0,0,0
2020-05-01,US,Kentucky,Christian,88,3,0,36.89267803,-87.49055367,21047.0,85,86,3,0,83,86,71671,2,0,0,2,0
2020-05-01,US,Kentucky,Clark,21,0,0,37.9689263,-84.14615986,21049.0,21,21,0,0,21,20,36249,0,0,0,0,1
2020-05-01,US,Kentucky,Clay,1,0,0,37.16451126,-83.712575,21051.0,1,1,0,0,1,1,20105,0,0,0,0,0
2020-05-01,US,Kentucky,Clinton,3,0,0,36.72581156,-85.13377529,21053.0,3,3,0,0,3,3,10206,0,0,0,0,0
2020-05-01,US,Kentucky,Crittenden,4,1,0,37.35839237,-88.08826090000002,21055.0,3,4,1,0,3,4,8915,0,0,0,0,0
2020-05-01,US,Kentucky,Cumberland,5,0,0,36.78926125,-85.39050034,21057.0,5,5,0,0,5,5,6659,0,0,0,0,0
2020-05-01,US,Kentucky,Daviess,194,4,0,37.73028906,-87.09019479999998,21059.0,190,188,4,0,184,182,101104,6,0,0,6,6
2020-05-01,US,Kentucky,Edmonson,26,0,0,37.21218923,-86.23955613,21061.0,26,26,0,0,26,19,12274,0,0,0,0,7
2020-05-01,US,Kentucky,Fayette,254,9,0,38.0368225,-84.45576892,21067.0,245,248,9,0,239,246,323780,6,0,0,6,2
2020-05-01,US,Kentucky,Fleming,2,0,0,38.36758311,-83.69657514,21069.0,2,2,0,0,2,2,14432,0,0,0,0,0
2020-05-01,US,Kentucky,Floyd,14,0,0,37.56213922,-82.74750924,21071.0,14,13,0,0,13,13,35845,1,0,0,1,0
2020-05-01,US,Kentucky,Franklin,16,0,0,38.2379395,-84.87962551,21073.0,16,16,0,0,16,16,50815,0,0,0,0,0
2020-05-01,US,Kentucky,Fulton,2,0,0,36.55238827,-89.20140068,21075.0,2,2,0,0,2,1,6120,0,0,0,0,1
2020-05-01,US,Kentucky,Gallatin,1,0,0,38.75398691,-84.8558382,21077.0,1,1,0,0,1,1,8832,0,0,0,0,0
2020-05-01,US,Kentucky,Garrard,2,0,0,37.6388668,-84.53289319,21079.0,2,2,0,0,2,2,17560,0,0,0,0,0
2020-05-01,US,Kentucky,Grant,21,3,0,38.64962758,-84.62415957,21081.0,18,21,3,0,18,20,25121,0,0,0,0,1
2020-05-01,US,Kentucky,Graves,137,14,0,36.72292505,-88.65143315,21083.0,123,131,13,0,118,124,37317,6,1,0,5,7
2020-05-01,US,Kentucky,Grayson,69,5,0,37.46231118,-86.34248968,21085.0,64,65,5,0,60,62,26321,4,0,0,4,3
2020-05-01,US,Kentucky,Green,1,0,0,37.26484328,-85.5540745,21087.0,1,1,0,0,1,1,11049,0,0,0,0,0
2020-05-01,US,Kentucky,Greenup,11,0,0,38.54332505,-82.9215658,21089.0,11,11,0,0,11,11,35268,0,0,0,0,0
2020-05-01,US,Kentucky,Hancock,6,0,0,37.83766422,-86.78280584,21091.0,6,6,0,0,6,6,8758,0,0,0,0,0
2020-05-01,US,Kentucky,Hardin,44,0,0,37.6976111,-85.96319251,21093.0,44,40,0,0,40,37,110356,4,0,0,4,3
2020-05-01,US,Kentucky,Harrison,17,0,0,38.44188174,-84.32869741,21097.0,17,17,0,0,17,17,18778,0,0,0,0,0
2020-05-01,US,Kentucky,Hart,4,0,0,37.29943898,-85.88461055,21099.0,4,3,0,0,3,3,18906,1,0,0,1,0
2020-05-01,US,Kentucky,Henderson,62,1,0,37.79344553,-87.57392021,21101.0,61,58,1,0,57,58,45591,4,0,0,4,0
2020-05-01,US,Kentucky,Henry,6,0,0,38.44942688,-85.11587507,21103.0,6,6,0,0,6,6,16106,0,0,0,0,0
2020-05-01,US,Kentucky,Hickman,1,0,0,36.67948079999999,-88.97875928,21105.0,1,1,0,0,1,1,4421,0,0,0,0,0
2020-05-01,US,Kentucky,Hopkins,201,22,0,37.30939025,-87.54670406,21107.0,179,196,22,0,174,192,45068,5,0,0,5,4
2020-05-01,US,Kentucky,Jackson,59,8,0,37.41866422,-83.99825483,21109.0,51,59,7,0,52,59,13442,0,1,0,-1,0
2020-05-01,US,Kentucky,Jefferson,1352,93,0,38.18664655,-85.65931031,21111.0,1259,1307,91,0,1216,1281,770517,45,2,0,43,26
2020-05-01,US,Kentucky,Jessamine,41,0,0,37.87119786,-84.58252003,21113.0,41,41,0,0,41,40,53920,0,0,0,0,1
2020-05-01,US,Kentucky,Johnson,3,0,0,37.85106355,-82.8264322,21115.0,3,3,0,0,3,3,22386,0,0,0,0,0
2020-05-01,US,Kentucky,Kenton,286,20,0,38.93950319,-84.53241199,21117.0,266,276,20,0,256,248,166051,10,0,0,10,28
2020-05-01,US,Kentucky,Knott,4,0,0,37.35388197,-82.94981134,21119.0,4,4,0,0,4,3,15126,0,0,0,0,1
2020-05-01,US,Kentucky,Knox,6,0,0,36.89225732,-83.85403396,21121.0,6,6,0,0,6,6,31304,0,0,0,0,0
2020-05-01,US,Kentucky,Larue,5,0,0,37.54567114,-85.70138352,21123.0,5,5,0,0,5,5,14307,0,0,0,0,0
2020-05-01,US,Kentucky,Laurel,17,2,0,37.10975748,-84.11321779,21125.0,15,17,2,0,15,15,60669,0,0,0,0,2
2020-05-01,US,Kentucky,Lawrence,1,0,0,38.07136018,-82.72882223,21127.0,1,1,0,0,1,1,15571,0,0,0,0,0
2020-05-01,US,Kentucky,Leslie,4,0,0,37.09246661,-83.37999606,21131.0,4,4,0,0,4,2,10143,0,0,0,0,2
2020-05-01,US,Kentucky,Letcher,2,0,0,37.12306748,-82.85346474,21133.0,2,2,0,0,2,2,21899,0,0,0,0,0
2020-05-01,US,Kentucky,Lewis,3,0,0,38.53184419,-83.37735618,21135.0,3,3,0,0,3,3,13257,0,0,0,0,0
2020-05-01,US,Kentucky,Lincoln,5,1,0,37.45475628,-84.6565327,21137.0,4,5,1,0,4,5,24644,0,0,0,0,0
2020-05-01,US,Kentucky,Livingston,5,0,0,37.21137452,-88.34797529,21139.0,5,4,0,0,4,4,9242,1,0,0,1,0
2020-05-01,US,Kentucky,Logan,11,0,0,36.85949479,-86.877635,21141.0,11,10,0,0,10,8,26989,1,0,0,1,2
2020-05-01,US,Kentucky,Lyon,13,3,0,37.02080035,-88.07886257,21143.0,10,13,3,0,10,13,8009,0,0,0,0,0
2020-05-01,US,Kentucky,Madison,29,1,0,37.71659336,-84.27220275,21151.0,28,28,1,0,27,29,92368,1,0,0,1,-1
2020-05-01,US,Kentucky,Marion,17,0,0,37.55218078,-85.26898542,21155.0,17,16,0,0,16,16,19404,1,0,0,1,0
2020-05-01,US,Kentucky,Marshall,34,0,0,36.88007070000001,-88.32803576,21157.0,34,34,0,0,34,34,31191,0,0,0,0,0
2020-05-01,US,Kentucky,Martin,3,0,0,37.79990579,-82.51247478,21159.0,3,3,0,0,3,3,11323,0,0,0,0,0
2020-05-01,US,Kentucky,Mason,6,0,0,38.59471935,-83.82151043,21161.0,6,6,0,0,6,6,17150,0,0,0,0,0
2020-05-01,US,Kentucky,McCracken,58,2,0,37.05350953,-88.70445755,21145.0,56,55,2,0,53,48,65346,3,0,0,3,7
2020-05-01,US,Kentucky,McCreary,11,0,0,36.73874143,-84.48102924,21147.0,11,11,0,0,11,11,17408,0,0,0,0,0
2020-05-01,US,Kentucky,McLean,15,1,0,37.5301951,-87.26803443,21149.0,14,15,1,0,14,13,9252,0,0,0,0,2
2020-05-01,US,Kentucky,Meade,12,1,0,37.96163597,-86.21028219,21163.0,11,12,1,0,11,11,28715,0,0,0,0,1
2020-05-01,US,Kentucky,Menifee,3,0,0,37.94090733,-83.59985712,21165.0,3,3,0,0,3,3,6451,0,0,0,0,0
2020-05-01,US,Kentucky,Mercer,11,0,0,37.81474237,-84.87488475,21167.0,11,11,0,0,11,11,21774,0,0,0,0,0
2020-05-01,US,Kentucky,Metcalfe,1,0,0,36.99459295,-85.63123699,21169.0,1,1,0,0,1,1,10030,0,0,0,0,0
2020-05-01,US,Kentucky,Monroe,5,0,0,36.71225341,-85.71596443,21171.0,5,5,0,0,5,5,10718,0,0,0,0,0
2020-05-01,US,Kentucky,Montgomery,12,0,0,38.03253032,-83.9145241,21173.0,12,11,0,0,11,11,28203,1,0,0,1,0
2020-05-01,US,Kentucky,Morgan,1,0,0,37.92465657,-83.25558245,21175.0,1,1,0,0,1,1,13345,0,0,0,0,0
2020-05-01,US,Kentucky,Muhlenberg,125,4,0,37.21425819,-87.14632053,21177.0,121,123,4,0,119,116,30774,2,0,0,2,7
2020-05-01,US,Kentucky,Nelson,23,0,0,37.80335779,-85.4657193,21179.0,23,22,0,0,22,21,45851,1,0,0,1,1
2020-05-01,US,Kentucky,Nicholas,1,0,0,38.33342292,-84.01889177,21181.0,1,1,0,0,1,1,7166,0,0,0,0,0
2020-05-01,US,Kentucky,Ohio,49,0,0,37.47751843,-86.85368087,21183.0,49,39,0,0,39,40,24087,10,0,0,10,-1
2020-05-01,US,Kentucky,Oldham,32,0,0,38.39791089,-85.448222,21185.0,32,29,0,0,29,29,66470,3,0,0,3,0
2020-05-01,US,Kentucky,Owen,1,0,0,38.51679143,-84.82404619,21187.0,1,1,0,0,1,1,10880,0,0,0,0,0
2020-05-01,US,Kentucky,Owsley,2,0,0,37.42823949,-83.68811419,21189.0,2,2,0,0,2,2,4472,0,0,0,0,0
2020-05-01,US,Kentucky,Pendleton,6,0,0,38.69607718,-84.35599463,21191.0,6,6,0,0,6,6,14529,0,0,0,0,0
2020-05-01,US,Kentucky,Perry,13,0,0,37.25023553,-83.22922731,21193.0,13,12,0,0,12,6,26092,1,0,0,1,6
2020-05-01,US,Kentucky,Pike,13,2,0,37.47088263,-82.39487445,21195.0,11,11,2,0,9,11,58402,2,0,0,2,0
2020-05-01,US,Kentucky,Powell,1,0,0,37.83218794,-83.82553961,21197.0,1,1,0,0,1,1,12442,0,0,0,0,0
2020-05-01,US,Kentucky,Pulaski,43,2,0,37.10466131,-84.57629079,21199.0,41,43,2,0,41,43,64623,0,0,0,0,0
2020-05-01,US,Kentucky,Rockcastle,11,0,0,37.36642393,-84.31176452,21203.0,11,11,0,0,11,11,16750,0,0,0,0,0
2020-05-01,US,Kentucky,Rowan,2,0,0,38.19484205,-83.42088935,21205.0,2,2,0,0,2,2,24583,0,0,0,0,0
2020-05-01,US,Kentucky,Russell,16,3,0,36.99308373,-85.06070117,21207.0,13,16,3,0,13,16,17821,0,0,0,0,0
2020-05-01,US,Kentucky,Scott,24,0,0,38.29622293,-84.5816631,21209.0,24,24,0,0,24,24,56031,0,0,0,0,0
2020-05-01,US,Kentucky,Shelby,30,3,0,38.21476019,-85.194223,21211.0,27,30,3,0,27,28,48518,0,0,0,0,2
2020-05-01,US,Kentucky,Simpson,28,2,0,36.74058474,-86.58047435,21213.0,26,27,2,0,25,27,18529,1,0,0,1,0
2020-05-01,US,Kentucky,Spencer,13,0,0,38.03223971,-85.32749335,21215.0,13,13,0,0,13,12,18794,0,0,0,0,1
2020-05-01,US,Kentucky,Taylor,8,0,0,37.3677562,-85.3329931,21217.0,8,8,0,0,8,8,25549,0,0,0,0,0
2020-05-01,US,Kentucky,Todd,12,0,0,36.8381152,-87.17878374,21219.0,12,12,0,0,12,12,12311,0,0,0,0,0
2020-05-01,US,Kentucky,Trigg,9,0,0,36.80767017,-87.87333656,21221.0,9,9,0,0,9,9,14643,0,0,0,0,0
2020-05-01,US,Kentucky,Trimble,3,0,0,38.61056487,-85.33775972,21223.0,3,3,0,0,3,3,8515,0,0,0,0,0
2020-05-01,US,Kentucky,Unassigned,53,1,0,0.0,0.0,90021.0,52,53,1,0,52,50,,0,0,0,0,3
2020-05-01,US,Kentucky,Union,8,0,0,37.66166713,-87.94300009,21225.0,8,8,0,0,8,8,14505,0,0,0,0,0
2020-05-01,US,Kentucky,Warren,344,0,0,36.99903045,-86.42672751,21227.0,344,332,0,0,332,313,131264,12,0,0,12,19
2020-05-01,US,Kentucky,Washington,5,0,0,37.75599461,-85.17407732,21229.0,5,5,0,0,5,5,12084,0,0,0,0,0
2020-05-01,US,Kentucky,Wayne,9,0,0,36.80310688,-84.8251971,21231.0,9,9,0,0,9,9,20468,0,0,0,0,0
2020-05-01,US,Kentucky,Webster,22,0,0,37.52168356,-87.67989953,21233.0,22,22,0,0,22,21,13111,0,0,0,0,1
2020-05-01,US,Kentucky,Whitley,11,0,0,36.75700531,-84.14541217,21235.0,11,11,0,0,11,11,36242,0,0,0,0,0
2020-05-01,US,Kentucky,Woodford,18,0,0,38.04178222,-84.7417556,21239.0,18,18,0,0,18,18,26533,0,0,0,0,0
2020-05-01,US,Louisiana,Acadia,133,10,0,30.2950649,-92.41419698,22001.0,123,130,10,0,120,130,62190,3,0,0,3,0
2020-05-01,US,Louisiana,Allen,90,9,0,30.65385745,-92.82442028,22003.0,81,90,9,0,81,90,25605,0,0,0,0,0
2020-05-01,US,Louisiana,Ascension,627,40,0,30.20406249,-90.91328409999998,22005.0,587,593,40,0,553,587,124672,34,0,0,34,6
2020-05-01,US,Louisiana,Assumption,189,6,0,29.89946234,-91.06461642,22007.0,183,182,6,0,176,178,22300,7,0,0,7,4
2020-05-01,US,Louisiana,Avoyelles,73,7,0,31.07796211,-92.00079449,22009.0,66,71,7,0,64,71,40462,2,0,0,2,0
2020-05-01,US,Louisiana,Beauregard,42,3,0,30.64836518,-93.34173616,22011.0,39,39,3,0,36,37,37253,3,0,0,3,2
2020-05-01,US,Louisiana,Bienville,77,13,0,32.34569994,-93.05398492,22013.0,64,77,13,0,64,74,13308,0,0,0,0,3
2020-05-01,US,Louisiana,Bossier,287,17,0,32.67932307,-93.60460152,22015.0,270,286,17,0,269,285,127185,1,0,0,1,1
2020-05-01,US,Louisiana,Caddo,1579,113,0,32.57991587,-93.88375652,22017.0,1466,1540,107,0,1433,1525,242922,39,6,0,33,15
2020-05-01,US,Louisiana,Calcasieu,437,29,0,30.22931235,-93.35400434,22019.0,408,389,29,0,360,386,203112,48,0,0,48,3
2020-05-01,US,Louisiana,Caldwell,20,0,0,32.0902519,-92.11752148,22021.0,20,18,0,0,18,18,9960,2,0,0,2,0
2020-05-01,US,Louisiana,Cameron,3,0,0,29.87592238,-93.19310676,22023.0,3,3,0,0,3,3,6968,0,0,0,0,0
2020-05-01,US,Louisiana,Catahoula,40,2,0,31.66778967,-91.84526385,22025.0,38,36,2,0,34,35,9608,4,0,0,4,1
2020-05-01,US,Louisiana,Claiborne,59,7,0,32.82308512,-92.99526883,22027.0,52,59,7,0,52,54,15944,0,0,0,0,5
2020-05-01,US,Louisiana,Concordia,39,4,0,31.44817835,-91.63814433,22029.0,35,38,4,0,34,36,19572,1,0,0,1,2
2020-05-01,US,Louisiana,De Soto,194,11,0,32.05457447,-93.74130302,22031.0,183,190,11,0,179,191,27436,4,0,0,4,-1
2020-05-01,US,Louisiana,East Baton Rouge,1989,146,0,30.53842039,-91.09777565,22033.0,1843,1874,137,0,1737,1830,440956,115,9,0,106,44
2020-05-01,US,Louisiana,East Carroll,9,0,0,32.73926954,-91.23425694,22035.0,9,9,0,0,9,8,7037,0,0,0,0,1
2020-05-01,US,Louisiana,East Feliciana,128,14,0,30.84425359,-91.04976723,22037.0,114,122,14,0,108,119,19305,6,0,0,6,3
2020-05-01,US,Louisiana,Evangeline,51,1,0,30.72985248,-92.39915924,22039.0,50,49,1,0,48,49,33443,2,0,0,2,0
2020-05-01,US,Louisiana,Franklin,130,3,0,32.13675181,-91.67589857,22041.0,127,125,3,0,122,123,20156,5,0,0,5,2
2020-05-01,US,Louisiana,Grant,14,0,0,31.59882456,-92.56124347,22043.0,14,13,0,0,13,12,22482,1,0,0,1,1
2020-05-01,US,Louisiana,Iberia,261,21,0,29.86803617,-91.75871777,22045.0,240,257,21,0,236,248,70941,4,0,0,4,9
2020-05-01,US,Louisiana,Iberville,459,30,0,30.25734305,-91.3499598,22047.0,429,450,30,0,420,448,32721,9,0,0,9,2
2020-05-01,US,Louisiana,Jackson,40,2,0,32.30251776,-92.55692092,22049.0,38,34,2,0,32,34,15902,6,0,0,6,0
2020-05-01,US,Louisiana,Jefferson,6305,368,0,29.74075478,-90.11115756,22051.0,5937,6197,346,0,5851,6173,434051,108,22,0,86,24
2020-05-01,US,Louisiana,Jefferson Davis,63,6,0,30.26896765,-92.81210004,22053.0,57,62,6,0,56,62,31582,1,0,0,1,0
2020-05-01,US,Louisiana,LaSalle,26,0,0,31.67884782,-92.15907765,22059.0,26,23,0,0,23,22,14917,3,0,0,3,1
2020-05-01,US,Louisiana,Lafayette,463,20,0,30.2049055,-92.06959876,22055.0,443,455,20,0,435,451,242782,8,0,0,8,4
2020-05-01,US,Louisiana,Lafourche,661,50,0,29.52470226,-90.40976986,22057.0,611,651,45,0,606,651,98115,10,5,0,5,0
2020-05-01,US,Louisiana,Lincoln,85,8,0,32.6003154,-92.6659741,22061.0,77,85,8,0,77,83,47196,0,0,0,0,2
2020-05-01,US,Louisiana,Livingston,229,15,0,30.44143993,-90.73061664,22063.0,214,197,15,0,182,190,139567,32,0,0,32,7
2020-05-01,US,Louisiana,Madison,7,0,0,32.36918118,-91.23973355,22065.0,7,7,0,0,7,7,11161,0,0,0,0,0
2020-05-01,US,Louisiana,Morehouse,52,4,0,32.81686191,-91.80421614,22067.0,48,52,4,0,48,51,25398,0,0,0,0,1
2020-05-01,US,Louisiana,Natchitoches,86,4,0,31.72321584,-93.09816516,22069.0,82,84,4,0,80,79,38659,2,0,0,2,5
2020-05-01,US,Louisiana,Orleans,6495,437,0,30.06971951,-89.92660315,22071.0,6058,6452,434,0,6018,6420,391006,43,3,0,40,32
2020-05-01,US,Louisiana,Ouachita,730,21,0,32.47645559,-92.15704172,22073.0,709,706,16,0,690,671,154475,24,5,0,19,35
2020-05-01,US,Louisiana,Plaquemines,179,17,0,29.42245447,-89.60322085,22075.0,162,177,17,0,160,172,23410,2,0,0,2,5
2020-05-01,US,Louisiana,Pointe Coupee,104,15,0,30.71409502,-91.60209535,22077.0,89,99,15,0,84,98,21940,5,0,0,5,1
2020-05-01,US,Louisiana,Rapides,270,10,0,31.19778499,-92.52997303,22079.0,260,265,10,0,255,259,130562,5,0,0,5,6
2020-05-01,US,Louisiana,Red River,29,5,0,32.09530039,-93.34213308,22081.0,24,25,5,0,20,24,8477,4,0,0,4,1
2020-05-01,US,Louisiana,Richland,66,0,0,32.41391005,-91.76634876,22083.0,66,58,0,0,58,56,20192,8,0,0,8,2
2020-05-01,US,Louisiana,Sabine,17,1,0,31.56388699,-93.55433981,22085.0,16,17,1,0,16,16,24032,0,0,0,0,1
2020-05-01,US,Louisiana,St. Bernard,469,20,0,29.87761636,-89.51887093,22087.0,449,464,20,0,444,461,46721,5,0,0,5,3
2020-05-01,US,Louisiana,St. Charles,573,38,0,29.90709658,-90.35555967,22089.0,535,570,38,0,532,563,52879,3,0,0,3,7
2020-05-01,US,Louisiana,St. Helena,28,1,0,30.82210324,-90.71013176,22091.0,27,28,1,0,27,28,10262,0,0,0,0,0
2020-05-01,US,Louisiana,St. James,247,19,0,30.02531716,-90.80212061,22093.0,228,246,19,0,227,243,21037,1,0,0,1,3
2020-05-01,US,Louisiana,St. John the Baptist,771,71,0,30.12597499,-90.4753503,22095.0,700,768,69,0,699,765,43184,3,2,0,1,3
2020-05-01,US,Louisiana,St. Landry,181,44,0,30.59724262,-92.00135806,22097.0,137,180,42,0,138,172,82764,1,2,0,-1,8
2020-05-01,US,Louisiana,St. Martin,241,17,0,30.13112107,-91.61403569,22099.0,224,232,17,0,215,228,53621,9,0,0,9,4
2020-05-01,US,Louisiana,St. Mary,193,23,0,29.69262097,-91.44702164,22101.0,170,191,20,0,171,185,49774,2,3,0,-1,6
2020-05-01,US,Louisiana,St. Tammany,1270,112,0,30.40942847,-89.95642711,22103.0,1158,1220,110,0,1110,1205,258111,50,2,0,48,15
2020-05-01,US,Louisiana,Tangipahoa,565,23,0,30.62888673,-90.40664996,22105.0,542,553,22,0,531,549,133777,12,1,0,11,4
2020-05-01,US,Louisiana,Tensas,1,0,0,32.00760749,-91.32915234,22107.0,1,1,0,0,1,1,4462,0,0,0,0,0
2020-05-01,US,Louisiana,Terrebonne,450,33,0,29.37343766,-90.82626855,22109.0,417,437,32,0,405,389,111021,13,1,0,12,48
2020-05-01,US,Louisiana,Unassigned,63,43,0,0.0,0.0,90022.0,20,61,43,0,18,61,,2,0,0,2,0
2020-05-01,US,Louisiana,Union,125,6,0,32.83121059,-92.3749373,22111.0,119,117,6,0,111,114,22330,8,0,0,8,3
2020-05-01,US,Louisiana,Vermilion,37,1,0,29.83517605,-92.30292538,22113.0,36,35,1,0,34,35,59830,2,0,0,2,0
2020-05-01,US,Louisiana,Vernon,16,2,0,31.10884837,-93.18153838,22115.0,14,16,2,0,14,16,48860,0,0,0,0,0
2020-05-01,US,Louisiana,Washington,273,21,0,30.85288548,-90.03866652,22117.0,252,262,18,0,244,261,46582,11,3,0,8,1
2020-05-01,US,Louisiana,Webster,92,4,0,32.70847669,-93.33121835,22119.0,88,85,4,0,81,85,38798,7,0,0,7,0
2020-05-01,US,Louisiana,West Baton Rouge,108,19,0,30.46058217,-91.30989571,22121.0,89,98,18,0,80,96,26427,10,1,0,9,2
2020-05-01,US,Louisiana,West Carroll,4,0,0,32.78550125,-91.461201,22123.0,4,4,0,0,4,4,10982,0,0,0,0,0
2020-05-01,US,Louisiana,West Feliciana,129,2,0,30.87882871,-91.4148538,22125.0,127,115,2,0,113,111,15460,14,0,0,14,4
2020-05-01,US,Louisiana,Winn,38,2,0,31.94449367,-92.63789413,22127.0,36,32,2,0,30,32,14134,6,0,0,6,0
2020-05-01,US,Maine,Androscoggin,52,2,0,44.1664747,-70.20380627,23001.0,50,48,2,0,46,43,107679,4,0,0,4,5
2020-05-01,US,Maine,Aroostook,5,0,0,46.65926321,-68.59841248,23003.0,5,5,0,0,5,5,67111,0,0,0,0,0
2020-05-01,US,Maine,Cumberland,504,27,0,43.8370751,-70.37226999,23005.0,477,486,26,0,460,472,293557,18,1,0,17,14
2020-05-01,US,Maine,Franklin,28,1,0,44.97330019,-70.44381045,23007.0,27,27,1,0,26,27,29897,1,0,0,1,0
2020-05-01,US,Maine,Hancock,10,0,0,44.59816444,-68.38401854,23009.0,10,10,0,0,10,10,54811,0,0,0,0,0
2020-05-01,US,Maine,Kennebec,104,6,0,44.40759555,-69.76738544,23011.0,98,104,6,0,98,104,122083,0,0,0,0,0
2020-05-01,US,Maine,Knox,16,0,0,44.11486325,-69.10529169,23013.0,16,16,0,0,16,16,39771,0,0,0,0,0
2020-05-01,US,Maine,Lincoln,14,0,0,44.05996956,-69.54227124,23015.0,14,13,0,0,13,12,34342,1,0,0,1,1
2020-05-01,US,Maine,Oxford,15,0,0,44.49952995,-70.75682123,23017.0,15,15,0,0,15,15,57618,0,0,0,0,0
2020-05-01,US,Maine,Penobscot,79,0,0,45.40194593,-68.65020455,23019.0,79,78,0,0,78,59,151096,1,0,0,1,19
2020-05-01,US,Maine,Piscataquis,1,0,0,45.83839062,-69.2860223,23021.0,1,1,0,0,1,1,16800,0,0,0,0,0
2020-05-01,US,Maine,Sagadahoc,19,0,0,43.95415864,-69.85074999,23023.0,19,19,0,0,19,19,35634,0,0,0,0,0
2020-05-01,US,Maine,Somerset,17,0,0,45.51229767,-69.95995554,23025.0,17,17,0,0,17,18,50592,0,0,0,0,-1
2020-05-01,US,Maine,Waldo,49,12,0,44.4858305,-69.12061935,23027.0,37,48,11,0,37,48,39694,1,1,0,0,0
2020-05-01,US,Maine,Washington,2,0,0,45.01607142,-67.62813524,23029.0,2,2,0,0,2,2,31490,0,0,0,0,0
2020-05-01,US,Maine,York,208,7,0,43.47808377,-70.71052375,23031.0,201,205,7,0,198,203,206229,3,0,0,3,2
2020-05-01,US,Maryland,Allegany,118,7,0,39.62357628,-78.69280486,24001.0,111,118,7,0,111,116,70975,0,0,0,0,2
2020-05-01,US,Maryland,Anne Arundel,1807,90,0,39.00670238,-76.60329337,24003.0,1717,1725,91,0,1634,1662,576031,82,-1,0,83,63
2020-05-01,US,Maryland,Baltimore,3013,129,0,39.45784712,-76.62911955,24005.0,2884,2831,123,0,2708,2740,828431,182,6,0,176,91
2020-05-01,US,Maryland,Baltimore City,2162,115,0,39.30211911,-76.61151012,24510.0,2047,2068,112,0,1956,2014,621342,94,3,0,91,54
2020-05-01,US,Maryland,Calvert,161,9,0,38.53961642,-76.56820632,24009.0,152,150,8,0,142,142,92003,11,1,0,10,8
2020-05-01,US,Maryland,Caroline,74,0,0,38.87172293,-75.82904158,24011.0,74,71,0,0,71,69,33304,3,0,0,3,2
2020-05-01,US,Maryland,Carroll,460,46,0,39.56453592,-77.02373735,24013.0,414,436,46,0,390,421,168429,24,0,0,24,15
2020-05-01,US,Maryland,Cecil,176,8,0,39.56647682,-75.94627411,24015.0,168,167,8,0,159,164,102826,9,0,0,9,3
2020-05-01,US,Maryland,Charles,611,46,0,38.51092331,-76.98580666,24017.0,565,564,44,0,520,551,161503,47,2,0,45,13
2020-05-01,US,Maryland,Dorchester,54,2,0,38.45413522,-76.02752426,24019.0,52,51,2,0,49,51,31998,3,0,0,3,0
2020-05-01,US,Maryland,Frederick,942,56,0,39.47296601,-77.39999394,24021.0,886,918,56,0,862,893,255648,24,0,0,24,25
2020-05-01,US,Maryland,Garrett,4,0,0,39.52786077,-79.27355126,24023.0,4,4,0,0,4,4,29163,0,0,0,0,0
2020-05-01,US,Maryland,Harford,437,15,0,39.55010644,-76.30775940000002,24025.0,422,414,13,0,401,371,253956,23,2,0,21,43
2020-05-01,US,Maryland,Howard,896,19,0,39.25305293,-76.93126208,24027.0,877,867,19,0,848,831,323196,29,0,0,29,36
2020-05-01,US,Maryland,Kent,86,4,0,39.24976208,-76.04741541,24029.0,82,79,5,0,74,73,19383,7,-1,0,8,6
2020-05-01,US,Maryland,Montgomery,4754,262,0,39.13676329,-77.20358245,24031.0,4492,4300,255,0,4045,4152,1052567,454,7,0,447,148
2020-05-01,US,Maryland,Prince George's,6735,243,0,38.83070039,-76.8496441,24033.0,6492,6043,240,0,5803,5738,909308,692,3,0,689,305
2020-05-01,US,Maryland,Queen Anne's,52,7,0,39.06198912,-76.03530977,24035.0,45,52,6,0,46,55,50251,0,1,0,-1,-3
2020-05-01,US,Maryland,Somerset,30,0,0,38.1163542,-75.75118623,24039.0,30,26,0,0,26,21,25675,4,0,0,4,5
2020-05-01,US,Maryland,St. Mary's,159,7,0,38.30058422,-76.60629279999998,24037.0,152,150,8,0,142,145,112664,9,-1,0,10,5
2020-05-01,US,Maryland,Talbot,35,1,0,38.76618159,-76.10882561,24041.0,34,35,1,0,34,34,36968,0,0,0,0,1
2020-05-01,US,Maryland,Washington,216,4,0,39.60835778,-77.82002295,24043.0,212,206,4,0,202,197,150926,10,0,0,10,9
2020-05-01,US,Maryland,Wicomico,425,7,0,38.37301947,-75.62705831,24045.0,418,406,7,0,399,350,103195,19,0,0,19,56
2020-05-01,US,Maryland,Worcester,65,3,0,38.21274277,-75.33200012,24047.0,62,61,2,0,59,55,51823,4,1,0,3,6
2020-05-01,US,Massachusetts,Barnstable,902,45,0,41.72980578,-70.28854339,25001.0,857,860,43,0,817,842,213413,42,2,0,40,18
2020-05-01,US,Massachusetts,Berkshire,444,36,0,42.37428441,-73.20524838,25003.0,408,442,35,0,407,440,126348,2,1,0,1,2
2020-05-01,US,Massachusetts,Bristol,3792,182,0,41.79228404,-71.10872211,25005.0,3610,3580,172,0,3408,3429,564022,212,10,0,202,151
2020-05-01,US,Massachusetts,Dukes and Nantucket,29,1,0,41.40674725,-70.68763497,0.0,28,28,1,0,27,27,26707,1,0,0,1,1
2020-05-01,US,Massachusetts,Essex,9028,460,0,42.6687626,-70.94687179,25009.0,8568,8673,448,0,8225,8380,790638,355,12,0,343,293
2020-05-01,US,Massachusetts,Franklin,260,37,0,42.58119713,-72.58602547,25011.0,223,257,37,0,220,252,70963,3,0,0,3,5
2020-05-01,US,Massachusetts,Hampden,3900,381,0,42.13440424,-72.63235561,25013.0,3519,3777,373,0,3404,3698,470406,123,8,0,115,79
2020-05-01,US,Massachusetts,Hampshire,546,32,0,42.33997957,-72.65898478,25015.0,514,546,30,0,516,531,161355,0,2,0,-2,15
2020-05-01,US,Massachusetts,Middlesex,14607,885,0,42.48607732,-71.39049229,25017.0,13722,14208,845,0,13363,13799,1614714,399,40,0,359,409
2020-05-01,US,Massachusetts,Norfolk,6065,522,0,42.16073095,-71.20530408,25021.0,5543,5896,499,0,5397,5700,705388,169,23,0,146,196
2020-05-01,US,Massachusetts,Plymouth,5259,301,0,41.94070556,-70.80802823,25023.0,4958,5083,285,0,4798,4871,518132,176,16,0,160,212
2020-05-01,US,Massachusetts,Suffolk,13295,550,0,42.3279514,-71.07850442,25025.0,12745,12890,524,0,12366,12539,807252,405,26,0,379,351
2020-05-01,US,Massachusetts,Unassigned,397,6,0,0.0,0.0,90025.0,391,415,5,0,410,457,,-18,1,0,-19,-42
2020-05-01,US,Massachusetts,Worcester,5787,278,0,42.35026951,-71.90493363,25027.0,5509,5550,265,0,5285,5300,830839,237,13,0,224,250
2020-05-01,US,Michigan,Alcona,4,1,0,44.6846864,-83.59507875,26001.0,3,4,1,0,3,4,10362,0,0,0,0,0
2020-05-01,US,Michigan,Allegan,104,2,0,42.59147037,-85.89102866,26005.0,102,98,2,0,96,94,117327,6,0,0,6,4
2020-05-01,US,Michigan,Alpena,82,6,0,45.03477666,-83.62212411,26007.0,76,82,5,0,77,76,28360,0,1,0,-1,6
2020-05-01,US,Michigan,Antrim,10,0,0,44.99690221,-85.15503082,26009.0,10,10,0,0,10,10,23365,0,0,0,0,0
2020-05-01,US,Michigan,Arenac,26,1,0,44.0636262,-83.89277559,26011.0,25,24,1,0,23,18,15041,2,0,0,2,6
2020-05-01,US,Michigan,Baraga,1,0,0,46.6720582,-88.36363591,26013.0,1,,,,,,8320,,,,,
2020-05-01,US,Michigan,Barry,36,1,0,42.59513984,-85.30834519,26015.0,35,35,1,0,34,34,61157,1,0,0,1,1
2020-05-01,US,Michigan,Bay,150,6,0,43.70639106,-83.98731479,26017.0,144,143,4,0,139,142,103923,7,2,0,5,1
2020-05-01,US,Michigan,Benzie,4,0,0,44.63899297,-86.01608482,26019.0,4,6,0,0,6,6,17753,-2,0,0,-2,0
2020-05-01,US,Michigan,Berrien,263,15,0,41.95447397,-86.41313079999998,26021.0,248,248,15,0,233,242,154141,15,0,0,15,6
2020-05-01,US,Michigan,Branch,64,2,0,41.91600556,-85.05929476,26023.0,62,63,2,0,61,56,43622,1,0,0,1,7
2020-05-01,US,Michigan,Calhoun,231,15,0,42.24633834,-85.00493569,26025.0,216,228,13,0,215,219,134487,3,2,0,1,9
2020-05-01,US,Michigan,Cass,30,2,0,41.91522292,-85.99405727,26027.0,28,31,2,0,29,29,51653,-1,0,0,-1,2
2020-05-01,US,Michigan,Charlevoix,13,1,0,45.37790017,-85.19614053,26029.0,12,13,1,0,12,13,26244,0,0,0,0,0
2020-05-01,US,Michigan,Cheboygan,19,1,0,45.44787015,-84.50122149,26031.0,18,19,1,0,18,17,25413,0,0,0,0,2
2020-05-01,US,Michigan,Chippewa,2,0,0,46.29552653,-84.54353449,26033.0,2,2,0,0,2,2,37517,0,0,0,0,0
2020-05-01,US,Michigan,Clare,11,1,0,43.98794227,-84.84819859999998,26035.0,10,11,1,0,10,11,30757,0,0,0,0,0
2020-05-01,US,Michigan,Clinton,118,9,0,42.94400871,-84.60145248,26037.0,109,118,9,0,109,117,79332,0,0,0,0,1
2020-05-01,US,Michigan,Crawford,53,4,0,44.68255561,-84.61006219,26039.0,49,54,4,0,50,54,13901,-1,0,0,-1,0
2020-05-01,US,Michigan,Delta,13,2,0,45.90484910000001,-86.9080745,26041.0,11,13,2,0,11,13,35857,0,0,0,0,0
2020-05-01,US,Michigan,Dickinson,3,2,0,46.00999672,-87.86961634,26043.0,1,3,2,0,1,3,25383,0,0,0,0,0
2020-05-01,US,Michigan,Eaton,133,6,0,42.59599185,-84.83740035,26045.0,127,131,6,0,125,124,109826,2,0,0,2,7
2020-05-01,US,Michigan,Emmet,21,2,0,45.52625509,-84.89083249,26047.0,19,21,2,0,19,21,33308,0,0,0,0,0
2020-05-01,US,Michigan,Federal Correctional Institution (FCI),90,2,0,0.0,0.0,0.0,88,88,2,0,86,86,,2,0,0,2,2
2020-05-01,US,Michigan,Genesee,1600,192,0,43.02244215,-83.70589709,26049.0,1408,1581,188,0,1393,1564,406892,19,4,0,15,17
2020-05-01,US,Michigan,Gladwin,16,1,0,43.98901072,-84.38774817,26051.0,15,15,1,0,14,16,25337,1,0,0,1,-1
2020-05-01,US,Michigan,Gogebic,4,1,0,46.40862701,-89.69377193,26053.0,3,4,1,0,3,4,15096,0,0,0,0,0
2020-05-01,US,Michigan,Grand Traverse,19,5,0,44.69565625,-85.55585247,26055.0,14,19,5,0,14,19,92573,0,0,0,0,0
2020-05-01,US,Michigan,Gratiot,21,1,0,43.29265605,-84.60505416,26057.0,20,13,1,0,12,13,40599,8,0,0,8,0
2020-05-01,US,Michigan,Hillsdale,127,17,0,41.88753639,-84.59312019,26059.0,110,125,17,0,108,121,45749,2,0,0,2,4
2020-05-01,US,Michigan,Houghton,2,0,0,46.89988536,-88.68495385,26061.0,2,2,0,0,2,2,36219,0,0,0,0,0
2020-05-01,US,Michigan,Huron,19,0,0,43.83353985,-83.04078453,26063.0,19,17,0,0,17,16,31166,2,0,0,2,1
2020-05-01,US,Michigan,Ingham,483,12,0,42.59716886,-84.37472069,26065.0,471,470,11,0,459,446,292735,13,1,0,12,24
2020-05-01,US,Michigan,Ionia,80,2,0,42.94502238,-85.07413319,26067.0,78,76,2,0,74,60,64210,4,0,0,4,16
2020-05-01,US,Michigan,Iosco,51,7,0,44.35486835,-83.63484895,26069.0,44,52,4,0,48,47,25081,-1,3,0,-4,5
2020-05-01,US,Michigan,Isabella,60,7,0,43.64060976,-84.84664923,26073.0,53,61,7,0,54,60,70562,-1,0,0,-1,1
2020-05-01,US,Michigan,Jackson,381,22,0,42.24807035,-84.42258681,26075.0,359,364,22,0,342,351,158823,17,0,0,17,13
2020-05-01,US,Michigan,Kalamazoo,405,18,0,42.24542231,-85.53038622,26077.0,387,364,13,0,351,348,264870,41,5,0,36,16
2020-05-01,US,Michigan,Kalkaska,17,2,0,44.68512729,-85.09085699,26079.0,15,17,2,0,15,17,17824,0,0,0,0,0
2020-05-01,US,Michigan,Kent,1600,36,0,43.03197711,-85.54934642,26081.0,1564,1479,33,0,1446,1395,653786,121,3,0,118,84
2020-05-01,US,Michigan,Lake,2,0,0,43.99050893,-85.802173,26085.0,2,2,0,0,2,2,11881,0,0,0,0,0
2020-05-01,US,Michigan,Lapeer,171,25,0,43.09052506,-83.22153148,26087.0,146,170,24,0,146,167,88028,1,1,0,0,3
2020-05-01,US,Michigan,Leelanau,9,0,0,44.94430054,-85.80150326,26089.0,9,9,0,0,9,10,21764,0,0,0,0,-1
2020-05-01,US,Michigan,Lenawee,98,2,0,41.89475156,-84.06603727,26091.0,96,93,2,0,91,92,98266,5,0,0,5,1
2020-05-01,US,Michigan,Livingston,343,19,0,42.60302282,-83.91297209,26093.0,324,337,19,0,318,335,191224,6,0,0,6,2
2020-05-01,US,Michigan,Luce,1,0,0,46.47227431,-85.54471223,26095.0,1,1,0,0,1,1,6283,0,0,0,0,0
2020-05-01,US,Michigan,Mackinac,6,0,0,46.07028979,-85.04980537,26097.0,6,6,0,0,6,6,10787,0,0,0,0,0
2020-05-01,US,Michigan,Macomb,5623,614,0,42.69158356,-82.92752801,26099.0,5009,5513,603,0,4910,5430,874759,110,11,0,99,83
2020-05-01,US,Michigan,Manistee,11,0,0,44.33352407,-86.05626916,26101.0,11,11,0,0,11,11,24528,0,0,0,0,0
2020-05-01,US,Michigan,Marquette,50,8,0,46.4338914,-87.64043701,26103.0,42,46,8,0,38,45,66516,4,0,0,4,1
2020-05-01,US,Michigan,Mason,10,0,0,43.99509218,-86.24988902,26105.0,10,11,0,0,11,8,29100,-1,0,0,-1,3
2020-05-01,US,Michigan,Mecosta,14,1,0,43.64064262,-85.32463223,26107.0,13,14,1,0,13,14,43545,0,0,0,0,0
2020-05-01,US,Michigan,Menominee,5,0,0,45.58038692,-87.55370409,26109.0,5,5,0,0,5,5,22983,0,0,0,0,0
2020-05-01,US,Michigan,Michigan Department of Corrections (MDOC),1560,42,0,0.0,0.0,0.0,1518,1453,42,0,1411,1264,,107,0,0,107,189
2020-05-01,US,Michigan,Midland,60,6,0,43.64330771,-84.38804374,26111.0,54,61,5,0,56,59,83209,-1,1,0,-2,2
2020-05-01,US,Michigan,Missaukee,16,1,0,44.33772443,-85.09256478,26113.0,15,15,1,0,14,15,15113,1,0,0,1,0
2020-05-01,US,Michigan,Monroe,296,12,0,41.92734151,-83.53749864,26115.0,284,287,12,0,275,284,150439,9,0,0,9,3
2020-05-01,US,Michigan,Montcalm,40,1,0,43.31082541,-85.15252824,26117.0,39,40,1,0,39,38,63968,0,0,0,0,2
2020-05-01,US,Michigan,Montmorency,5,0,0,45.0275929,-84.12696227,26119.0,5,5,0,0,5,5,9265,0,0,0,0,0
2020-05-01,US,Michigan,Muskegon,288,17,0,43.29123859,-86.15176712,26121.0,271,276,17,0,259,262,173588,12,0,0,12,14
2020-05-01,US,Michigan,Newaygo,24,0,0,43.554374,-85.80070107,26123.0,24,22,0,0,22,22,48892,2,0,0,2,0
2020-05-01,US,Michigan,Oakland,7423,705,0,42.66090111,-83.38595416,26125.0,6718,7267,696,0,6571,7159,1259201,156,9,0,147,108
2020-05-01,US,Michigan,Oceana,11,1,0,43.64124435,-86.26726673,26127.0,10,9,1,0,8,9,26625,2,0,0,2,0
2020-05-01,US,Michigan,Ogemaw,14,0,0,44.33481032,-84.12725175,26129.0,14,13,0,0,13,12,20952,1,0,0,1,1
2020-05-01,US,Michigan,Osceola,8,0,0,43.98992088,-85.32566756,26133.0,8,8,0,0,8,8,23341,0,0,0,0,0
2020-05-01,US,Michigan,Oscoda,5,0,0,44.68192279,-84.12939244,26135.0,5,5,0,0,5,4,8276,0,0,0,0,1
2020-05-01,US,Michigan,Otsego,92,8,0,45.02085831,-84.59898295,26137.0,84,92,8,0,84,90,24665,0,0,0,0,2
2020-05-01,US,Michigan,Ottawa,254,11,0,42.95996803,-85.9969107,26139.0,243,236,9,0,227,224,290494,18,2,0,16,12
2020-05-01,US,Michigan,Out of MI,8,0,0,0.0,0.0,80026.0,8,32,1,0,31,39,,-24,-1,0,-23,-7
2020-05-01,US,Michigan,Presque Isle,11,0,0,45.34018577,-83.91498656,26141.0,11,11,0,0,11,12,12738,0,0,0,0,-1
2020-05-01,US,Michigan,Roscommon,16,0,0,44.33473082,-84.61067651,26143.0,16,16,0,0,16,15,23884,0,0,0,0,1
2020-05-01,US,Michigan,Saginaw,684,63,0,43.33433923,-84.05131209999998,26145.0,621,663,59,0,604,632,190800,21,4,0,17,31
2020-05-01,US,Michigan,Sanilac,36,5,0,43.42406072,-82.82055898,26151.0,31,35,4,0,31,34,41182,1,1,0,0,1
2020-05-01,US,Michigan,Schoolcraft,3,0,0,46.19235734,-86.19972234,26153.0,3,3,0,0,3,3,8068,0,0,0,0,0
2020-05-01,US,Michigan,Shiawassee,183,12,0,42.95392800000001,-84.14585902,26155.0,171,180,10,0,170,173,68192,3,2,0,1,7
2020-05-01,US,Michigan,St. Clair,331,21,0,42.92655373,-82.67937954,26147.0,310,328,21,0,307,313,159337,3,0,0,3,15
2020-05-01,US,Michigan,St. Joseph,33,1,0,41.91441767,-85.52797979,26149.0,32,32,1,0,31,30,61043,1,0,0,1,2
2020-05-01,US,Michigan,Tuscola,106,14,0,43.46606813,-83.41897025,26157.0,92,105,14,0,91,98,52516,1,0,0,1,7
2020-05-01,US,Michigan,Unassigned,16,1,0,0.0,0.0,90026.0,15,1,0,0,1,,,15,1,0,14,
2020-05-01,US,Michigan,Van Buren,54,2,0,42.25190229,-86.01939087,26159.0,52,49,2,0,47,46,75448,5,0,0,5,3
2020-05-01,US,Michigan,Washtenaw,1091,66,0,42.253105,-83.83853204,26161.0,1025,1075,61,0,1014,1049,370963,16,5,0,11,26
2020-05-01,US,Michigan,Wayne,16970,1802,0,42.28098405,-83.281255,26163.0,15168,16729,1782,0,14947,16494,1753893,241,20,0,221,235
2020-05-01,US,Michigan,Wexford,9,2,0,44.33853602,-85.57712739,26165.0,7,9,2,0,7,10,33466,0,0,0,0,-1
2020-05-01,US,Minnesota,Aitkin,1,0,0,46.60962049,-93.4116826,27001.0,1,1,0,0,1,1,15902,0,0,0,0,0
2020-05-01,US,Minnesota,Anoka,231,11,0,45.27476015,-93.24604565,27003.0,220,212,10,0,202,196,353813,19,1,0,18,16
2020-05-01,US,Minnesota,Becker,5,0,0,46.93479392,-95.67158144,27005.0,5,2,0,0,2,2,34371,3,0,0,3,0
2020-05-01,US,Minnesota,Beltrami,6,0,0,47.97373527,-94.93732139,27007.0,6,6,0,0,6,6,46847,0,0,0,0,0
2020-05-01,US,Minnesota,Benton,21,1,0,45.69804958,-93.99514135,27009.0,20,15,0,0,15,10,40545,6,1,0,5,5
2020-05-01,US,Minnesota,Big Stone,2,0,0,45.42712824,-96.41403739,27011.0,2,2,0,0,2,2,4989,0,0,0,0,0
2020-05-01,US,Minnesota,Blue Earth,38,0,0,44.03554215,-94.06699781,27013.0,38,38,0,0,38,34,67427,0,0,0,0,4
2020-05-01,US,Minnesota,Brown,8,1,0,44.24205652,-94.72562874,27015.0,7,8,1,0,7,8,25111,0,0,0,0,0
2020-05-01,US,Minnesota,Carlton,59,0,0,46.59180601,-92.67601019,27017.0,59,59,0,0,59,55,35837,0,0,0,0,4
2020-05-01,US,Minnesota,Carver,21,0,0,44.82017001,-93.8009918,27019.0,21,21,0,0,21,20,103551,0,0,0,0,1
2020-05-01,US,Minnesota,Cass,5,0,0,46.95043611,-94.32603968,27021.0,5,5,0,0,5,5,29519,0,0,0,0,0
2020-05-01,US,Minnesota,Chippewa,2,0,0,45.02343421,-95.56403693,27023.0,2,2,0,0,2,2,11924,0,0,0,0,0
2020-05-01,US,Minnesota,Chisago,12,1,0,45.5021011,-92.90861945,27025.0,11,11,1,0,10,10,55922,1,0,0,1,1
2020-05-01,US,Minnesota,Clay,165,11,0,46.89289518,-96.48761922,27027.0,154,157,11,0,146,152,63955,8,0,0,8,5
2020-05-01,US,Minnesota,Clearwater,2,0,0,47.57992111,-95.37790562,27029.0,2,2,0,0,2,2,8810,0,0,0,0,0
2020-05-01,US,Minnesota,Cottonwood,23,0,0,44.00715262,-95.18138802,27033.0,23,20,0,0,20,20,11277,3,0,0,3,0
2020-05-01,US,Minnesota,Crow Wing,21,1,0,46.48096553,-94.06755609,27035.0,20,20,1,0,19,20,64889,1,0,0,1,0
2020-05-01,US,Minnesota,Dakota,171,11,0,44.67172617,-93.06299363,27037.0,160,162,10,0,152,157,425423,9,1,0,8,5
2020-05-01,US,Minnesota,Dodge,22,0,0,44.02238415,-92.86244324,27039.0,22,21,0,0,21,19,20822,1,0,0,1,2
2020-05-01,US,Minnesota,Douglas,2,0,0,45.93348491,-95.45335469,27041.0,2,2,0,0,2,2,37964,0,0,0,0,0
2020-05-01,US,Minnesota,Faribault,5,0,0,43.67381499,-93.94787458,27043.0,5,5,0,0,5,5,13758,0,0,0,0,0
2020-05-01,US,Minnesota,Fillmore,12,1,0,43.67394126,-92.08980382,27045.0,11,12,1,0,11,12,21058,0,0,0,0,0
2020-05-01,US,Minnesota,Freeborn,35,0,0,43.67385583,-93.34884422,27047.0,35,34,0,0,34,34,30444,1,0,0,1,0
2020-05-01,US,Minnesota,Goodhue,19,0,0,44.40849741,-92.7234195,27049.0,19,19,0,0,19,19,46403,0,0,0,0,0
2020-05-01,US,Minnesota,Hennepin,1829,243,0,45.00761521,-93.47694895,27053.0,1586,1738,225,0,1513,1633,1259428,91,18,0,73,105
2020-05-01,US,Minnesota,Houston,1,0,0,43.67129565,-91.49143057,27055.0,1,1,0,0,1,1,18578,0,0,0,0,0
2020-05-01,US,Minnesota,Isanti,6,0,0,45.56181234,-93.29487636,27059.0,6,6,0,0,6,6,39966,0,0,0,0,0
2020-05-01,US,Minnesota,Itasca,6,0,0,47.51009045,-93.63092229,27061.0,6,5,0,0,5,3,45108,1,0,0,1,2
2020-05-01,US,Minnesota,Jackson,16,0,0,43.67423373,-95.15398258,27063.0,16,14,0,0,14,12,9911,2,0,0,2,2
2020-05-01,US,Minnesota,Kanabec,1,0,0,45.9459309,-93.29275192,27065.0,1,,,,,,16207,,,,,
2020-05-01,US,Minnesota,Kandiyohi,135,1,0,45.1526059,-95.00586446,27067.0,134,91,1,0,90,88,42855,44,0,0,44,3
2020-05-01,US,Minnesota,Kittson,1,0,0,48.77754106,-96.78317184,27069.0,1,1,0,0,1,1,4248,0,0,0,0,0
2020-05-01,US,Minnesota,Koochiching,1,0,0,48.24539665,-93.78352843,27071.0,1,1,0,0,1,1,12440,0,0,0,0,0
2020-05-01,US,Minnesota,Lac qui Parle,1,0,0,44.9973857,-96.17488219,27073.0,1,1,0,0,1,1,6658,0,0,0,0,0
2020-05-01,US,Minnesota,Le Sueur,25,0,0,44.37136597,-93.72844721,27079.0,25,24,0,0,24,24,28494,1,0,0,1,0
2020-05-01,US,Minnesota,Lincoln,3,0,0,44.41311883,-96.26688165,27081.0,3,3,0,0,3,3,5673,0,0,0,0,0
2020-05-01,US,Minnesota,Lyon,7,0,0,44.41327865,-95.83806103,27083.0,7,7,0,0,7,6,25629,0,0,0,0,1
2020-05-01,US,Minnesota,Mahnomen,2,0,0,47.32557075,-95.80921485,27087.0,2,2,0,0,2,1,5519,0,0,0,0,1
2020-05-01,US,Minnesota,Marshall,2,0,0,48.35825983,-96.37017407,27089.0,2,1,0,0,1,1,9390,1,0,0,1,0
2020-05-01,US,Minnesota,Martin,111,4,0,43.67429718,-94.55099908,27091.0,107,88,4,0,84,70,19785,23,0,0,23,18
2020-05-01,US,Minnesota,McLeod,4,0,0,44.82367677,-94.27287017,27085.0,4,4,0,0,4,4,35873,0,0,0,0,0
2020-05-01,US,Minnesota,Meeker,14,0,0,45.12328869,-94.52839455,27093.0,14,11,0,0,11,9,23141,3,0,0,3,2
2020-05-01,US,Minnesota,Mille Lacs,2,1,0,45.93705297,-93.63236823,27095.0,1,2,1,0,1,2,26139,0,0,0,0,0
2020-05-01,US,Minnesota,Morrison,6,0,0,46.01265363,-94.27341528,27097.0,6,5,0,0,5,2,33169,1,0,0,1,3
2020-05-01,US,Minnesota,Mower,28,0,0,43.67142874,-92.75234549,27099.0,28,28,0,0,28,28,40011,0,0,0,0,0
2020-05-01,US,Minnesota,Murray,16,0,0,44.02216709,-95.76328482,27101.0,16,13,0,0,13,11,8276,3,0,0,3,2
2020-05-01,US,Minnesota,Nicollet,13,2,0,44.35291112,-94.24710352,27103.0,11,11,2,0,9,9,34220,2,0,0,2,2
2020-05-01,US,Minnesota,Nobles,866,1,0,43.67434621,-95.75329576,27105.0,865,742,1,0,741,615,21924,124,0,0,124,127
2020-05-01,US,Minnesota,Norman,8,0,0,47.32628443,-96.45620947,27107.0,8,8,0,0,8,8,6475,0,0,0,0,0
2020-05-01,US,Minnesota,Olmsted,269,8,0,44.00374114,-92.40209944,27109.0,261,265,6,0,259,256,156277,4,2,0,2,9
2020-05-01,US,Minnesota,Otter Tail,14,0,0,46.40846929,-95.70835255,27111.0,14,9,0,0,9,8,58812,5,0,0,5,1
2020-05-01,US,Minnesota,Pennington,1,0,0,48.06642577,-96.0370814,27113.0,1,1,0,0,1,1,14178,0,0,0,0,0
2020-05-01,US,Minnesota,Pine,58,0,0,46.12105238,-92.74070188,27115.0,58,56,0,0,56,56,29483,2,0,0,2,0
2020-05-01,US,Minnesota,Pipestone,2,0,0,44.02301619,-96.25841142,27117.0,2,2,0,0,2,2,9047,0,0,0,0,0
2020-05-01,US,Minnesota,Polk,32,0,0,47.77372465,-96.40134647,27119.0,32,27,0,0,27,27,31529,5,0,0,5,0
2020-05-01,US,Minnesota,Ramsey,405,29,0,45.01625271,-93.09872295,27123.0,376,374,26,0,348,332,550210,31,3,0,28,42
2020-05-01,US,Minnesota,Red Lake,1,0,0,47.87197525,-96.09561104,27125.0,1,1,0,0,1,1,3999,0,0,0,0,0
2020-05-01,US,Minnesota,Redwood,3,0,0,44.40555844,-95.25207021,27127.0,3,2,0,0,2,1,15249,1,0,0,1,1
2020-05-01,US,Minnesota,Renville,4,0,0,44.72836381,-94.94553734,27129.0,4,4,0,0,4,4,14612,0,0,0,0,0
2020-05-01,US,Minnesota,Rice,14,1,0,44.3543376,-93.29658715,27131.0,13,14,1,0,13,12,66523,0,0,0,0,2
2020-05-01,US,Minnesota,Rock,12,0,0,43.67482683,-96.25296832,27133.0,12,11,0,0,11,9,9414,1,0,0,1,2
2020-05-01,US,Minnesota,Roseau,1,0,0,48.77501878,-95.81079919,27135.0,1,1,0,0,1,1,15150,0,0,0,0,0
2020-05-01,US,Minnesota,Scott,46,1,0,44.6490231,-93.53340251,27139.0,45,44,1,0,43,41,147381,2,0,0,2,3
2020-05-01,US,Minnesota,Sherburne,39,0,0,45.44447208,-93.77617511,27141.0,39,28,0,0,28,26,96036,11,0,0,11,2
2020-05-01,US,Minnesota,Sibley,2,0,0,44.5796592,-94.23164924,27143.0,2,2,0,0,2,2,15028,0,0,0,0,0
2020-05-01,US,Minnesota,St. Louis,73,11,0,47.6048407,-92.46879855,27137.0,62,71,11,0,60,71,199754,2,0,0,2,0
2020-05-01,US,Minnesota,Stearns,435,0,0,45.55192576,-94.61078221,27145.0,435,267,0,0,267,166,159256,168,0,0,168,101
2020-05-01,US,Minnesota,Steele,18,0,0,44.02240351,-93.22627088,27147.0,18,16,0,0,16,15,36803,2,0,0,2,1
2020-05-01,US,Minnesota,Swift,2,0,0,45.2829032,-95.68264092,27151.0,2,2,0,0,2,2,9345,0,0,0,0,0
2020-05-01,US,Minnesota,Todd,7,0,0,46.06996226,-94.89785296,27153.0,7,7,0,0,7,7,24582,0,0,0,0,0
2020-05-01,US,Minnesota,Traverse,2,0,0,45.77298854,-96.47062949,27155.0,2,2,0,0,2,2,3308,0,0,0,0,0
2020-05-01,US,Minnesota,Unassigned,13,0,0,0.0,0.0,90027.0,13,9,0,0,9,7,,4,0,0,4,2
2020-05-01,US,Minnesota,Wabasha,9,0,0,44.28424356,-92.23121312,27157.0,9,8,0,0,8,8,21645,1,0,0,1,0
2020-05-01,US,Minnesota,Wadena,1,0,0,46.58589171,-94.96968506,27159.0,1,1,0,0,1,1,13773,0,0,0,0,0
2020-05-01,US,Minnesota,Waseca,4,0,0,44.02211116,-93.58720034,27161.0,4,4,0,0,4,4,18691,0,0,0,0,0
2020-05-01,US,Minnesota,Washington,133,11,0,45.03864533,-92.88429635,27163.0,122,131,10,0,121,120,259201,2,1,0,1,11
2020-05-01,US,Minnesota,Watonwan,14,0,0,43.97823903,-94.61413846,27165.0,14,11,0,0,11,9,10980,3,0,0,3,2
2020-05-01,US,Minnesota,Wilkin,12,3,0,46.35721532,-96.4684375,27167.0,9,12,3,0,9,12,6254,0,0,0,0,0
2020-05-01,US,Minnesota,Winona,66,15,0,43.98772283,-91.78081305,27169.0,51,66,15,0,51,66,50825,0,0,0,0,0
2020-05-01,US,Minnesota,Wright,43,1,0,45.17297924,-93.96234781,27171.0,42,42,1,0,41,40,136349,1,0,0,1,2
2020-05-01,US,Minnesota,Yellow Medicine,3,0,0,44.71710183,-95.86842453,27173.0,3,3,0,0,3,3,9795,0,0,0,0,0
2020-05-01,US,Mississippi,Adams,148,8,0,31.47669768,-91.35326037,28001.0,140,133,8,0,125,129,31192,15,0,0,15,4
2020-05-01,US,Mississippi,Alcorn,10,1,0,34.88084463,-88.57996173,28003.0,9,10,1,0,9,10,36925,0,0,0,0,0
2020-05-01,US,Mississippi,Amite,29,0,0,31.17467303,-90.80501621,28005.0,29,29,0,0,29,26,12326,0,0,0,0,3
2020-05-01,US,Mississippi,Attala,109,0,0,33.08658803,-89.57838564,28007.0,109,99,0,0,99,94,18365,10,0,0,10,5
2020-05-01,US,Mississippi,Benton,12,0,0,34.81681228,-89.18945516,28009.0,12,11,0,0,11,9,8271,1,0,0,1,2
2020-05-01,US,Mississippi,Bolivar,102,7,0,33.79696941,-90.87372121,28011.0,95,102,7,0,95,101,31333,0,0,0,0,1
2020-05-01,US,Mississippi,Calhoun,52,3,0,33.93683395,-89.33686647,28013.0,49,50,3,0,47,51,14436,2,0,0,2,-1
2020-05-01,US,Mississippi,Carroll,58,1,0,33.44834567,-89.91994479,28015.0,57,38,1,0,37,25,9911,20,0,0,20,13
2020-05-01,US,Mississippi,Chickasaw,75,8,0,33.91983202,-88.9481545,28017.0,67,68,7,0,61,68,17171,7,1,0,6,0
2020-05-01,US,Mississippi,Choctaw,13,1,0,33.34598242,-89.24809382,28019.0,12,13,1,0,12,13,8278,0,0,0,0,0
2020-05-01,US,Mississippi,Claiborne,23,0,0,31.97061673,-90.90702196,28021.0,23,22,0,0,22,20,9002,1,0,0,1,2
2020-05-01,US,Mississippi,Clarke,55,3,0,32.04158545,-88.68896219999998,28023.0,52,54,3,0,51,53,15604,1,0,0,1,1
2020-05-01,US,Mississippi,Clay,42,2,0,33.65358105,-88.77784255,28025.0,40,40,2,0,38,34,19386,2,0,0,2,6
2020-05-01,US,Mississippi,Coahoma,64,3,0,34.22772299,-90.60415045,28027.0,61,61,3,0,58,61,22628,3,0,0,3,0
2020-05-01,US,Mississippi,Copiah,108,1,0,31.86977774,-90.44565118,28029.0,107,96,1,0,95,88,28543,12,0,0,12,8
2020-05-01,US,Mississippi,Covington,67,0,0,31.63225413,-89.55389939,28031.0,67,62,0,0,62,55,18853,5,0,0,5,7
2020-05-01,US,Mississippi,DeSoto,293,4,0,34.87625235,-89.99091418,28033.0,289,282,4,0,278,277,182001,11,0,0,11,5
2020-05-01,US,Mississippi,Forrest,219,12,0,31.18961454,-89.25832496,28035.0,207,207,12,0,195,198,75036,12,0,0,12,9
2020-05-01,US,Mississippi,Franklin,16,1,0,31.47786634,-90.89672989,28037.0,15,16,1,0,15,16,7788,0,0,0,0,0
2020-05-01,US,Mississippi,George,14,1,0,30.86259065,-88.64436789,28039.0,13,13,1,0,12,13,24250,1,0,0,1,0
2020-05-01,US,Mississippi,Greene,5,1,0,31.21444233,-88.63922281,28041.0,4,5,1,0,4,5,13586,0,0,0,0,0
2020-05-01,US,Mississippi,Grenada,32,0,0,33.77036166,-89.80245083,28043.0,32,28,0,0,28,28,21055,4,0,0,4,0
2020-05-01,US,Mississippi,Hancock,62,5,0,30.41830223,-89.48851033,28045.0,57,62,5,0,57,61,47334,0,0,0,0,1
2020-05-01,US,Mississippi,Harrison,177,6,0,30.51359752,-89.12467576,28047.0,171,174,6,0,168,171,206650,3,0,0,3,3
2020-05-01,US,Mississippi,Hinds,496,8,0,32.2656285,-90.44435448,28049.0,488,470,8,0,462,450,237085,26,0,0,26,20
2020-05-01,US,Mississippi,Holmes,153,9,0,33.12345854,-90.08923538,28051.0,144,133,5,0,128,129,17622,20,4,0,16,4
2020-05-01,US,Mississippi,Humphreys,24,3,0,33.12825718,-90.52252707,28053.0,21,23,3,0,20,22,8257,1,0,0,1,1
2020-05-01,US,Mississippi,Itawamba,59,3,0,34.27993475,-88.3606733,28057.0,56,57,3,0,54,51,23517,2,0,0,2,6
2020-05-01,US,Mississippi,Jackson,267,6,0,30.54020656,-88.64184064,28059.0,261,259,6,0,253,255,143277,8,0,0,8,4
2020-05-01,US,Mississippi,Jasper,48,1,0,32.01922104,-89.11786866,28061.0,47,42,1,0,41,34,16428,6,0,0,6,8
2020-05-01,US,Mississippi,Jefferson,20,0,0,31.73397872,-91.03764977,28063.0,20,18,0,0,18,23,7106,2,0,0,2,-5
2020-05-01,US,Mississippi,Jefferson Davis,35,1,0,31.56884708,-89.82670990000004,28065.0,34,32,1,0,31,31,11234,3,0,0,3,1
2020-05-01,US,Mississippi,Jones,159,2,0,31.62257767,-89.16896899999998,28067.0,157,143,1,0,142,136,68461,16,1,0,15,7
2020-05-01,US,Mississippi,Kemper,64,3,0,32.75462946,-88.64105766,28069.0,61,57,2,0,55,56,10027,7,1,0,6,1
2020-05-01,US,Mississippi,Lafayette,89,3,0,34.35687874,-89.48490961,28071.0,86,89,3,0,86,88,54793,0,0,0,0,1
2020-05-01,US,Mississippi,Lamar,111,2,0,31.20572971,-89.5077704,28073.0,109,103,2,0,101,102,62447,8,0,0,8,1
2020-05-01,US,Mississippi,Lauderdale,365,23,0,32.40419769,-88.66229662,28075.0,342,349,20,0,329,334,75317,16,3,0,13,15
2020-05-01,US,Mississippi,Lawrence,46,0,0,31.55147224,-90.10841127,28077.0,46,45,0,0,45,42,12455,1,0,0,1,3
2020-05-01,US,Mississippi,Leake,219,2,0,32.7536828,-89.52402044,28079.0,217,204,2,0,202,190,22763,15,0,0,15,14
2020-05-01,US,Mississippi,Lee,71,4,0,34.291877500000005,-88.68149954,28081.0,67,69,4,0,65,70,85202,2,0,0,2,-1
2020-05-01,US,Mississippi,Leflore,164,17,0,33.55545125,-90.29900733,28083.0,147,148,17,0,131,145,28919,16,0,0,16,3
2020-05-01,US,Mississippi,Lincoln,143,11,0,31.53288662,-90.45391915,28085.0,132,141,10,0,131,141,34205,2,1,0,1,0
2020-05-01,US,Mississippi,Lowndes,58,2,0,33.47386518,-88.44191529999998,28087.0,56,54,2,0,52,49,58930,4,0,0,4,5
2020-05-01,US,Mississippi,Madison,251,8,0,32.63389156,-90.03513564,28089.0,243,229,8,0,221,224,105630,22,0,0,22,5
2020-05-01,US,Mississippi,Marion,75,7,0,31.23132643,-89.8209217,28091.0,68,72,6,0,66,69,24715,3,1,0,2,3
2020-05-01,US,Mississippi,Marshall,44,2,0,34.76216286,-89.50299462,28093.0,42,43,2,0,41,42,35451,1,0,0,1,1
2020-05-01,US,Mississippi,Monroe,161,16,0,33.89236763,-88.4808438,28095.0,145,157,14,0,143,157,35564,4,2,0,2,0
2020-05-01,US,Mississippi,Montgomery,29,1,0,33.49419589,-89.61729103,28097.0,28,28,1,0,27,20,10023,1,0,0,1,8
2020-05-01,US,Mississippi,Neshoba,205,4,0,32.75339664,-89.11726492,28099.0,201,187,3,0,184,174,29125,18,1,0,17,13
2020-05-01,US,Mississippi,Newton,87,0,0,32.40021118,-89.11843336,28101.0,87,81,0,0,81,78,21443,6,0,0,6,3
2020-05-01,US,Mississippi,Noxubee,73,0,0,33.11009499,-88.56949061,28103.0,73,66,0,0,66,61,10535,7,0,0,7,5
2020-05-01,US,Mississippi,Oktibbeha,51,3,0,33.42491685,-88.87905132,28105.0,48,51,3,0,48,49,49599,0,0,0,0,2
2020-05-01,US,Mississippi,Panola,39,2,0,34.36398677,-89.95064249,28107.0,37,39,2,0,37,38,34178,0,0,0,0,1
2020-05-01,US,Mississippi,Pearl River,175,20,0,30.77090935,-89.58677275,28109.0,155,163,19,0,144,157,55387,12,1,0,11,6
2020-05-01,US,Mississippi,Perry,27,1,0,31.17161885,-88.99281835,28111.0,26,27,1,0,26,26,11931,0,0,0,0,1
2020-05-01,US,Mississippi,Pike,149,7,0,31.17507789,-90.40392572,28113.0,142,148,7,0,141,143,39563,1,0,0,1,5
2020-05-01,US,Mississippi,Pontotoc,18,2,0,34.226046000000004,-89.03636807,28115.0,16,18,2,0,16,18,31833,0,0,0,0,0
2020-05-01,US,Mississippi,Prentiss,32,1,0,34.61810501,-88.51986294,28117.0,31,32,1,0,31,32,25315,0,0,0,0,0
2020-05-01,US,Mississippi,Quitman,15,0,0,34.25157572,-90.28908,28119.0,15,14,0,0,14,14,7051,1,0,0,1,0
2020-05-01,US,Mississippi,Rankin,194,5,0,32.26469147,-89.94537876,28121.0,189,186,5,0,181,182,153902,8,0,0,8,4
2020-05-01,US,Mississippi,Scott,339,0,0,32.406704100000006,-89.53789439,28123.0,339,316,0,0,316,296,28287,23,0,0,23,20
2020-05-01,US,Mississippi,Sharkey,5,0,0,32.88149103,-90.8159538,28125.0,5,5,0,0,5,5,4377,0,0,0,0,0
2020-05-01,US,Mississippi,Simpson,47,0,0,31.91282117,-89.91716179,28127.0,47,46,0,0,46,45,26758,1,0,0,1,1
2020-05-01,US,Mississippi,Smith,76,4,0,32.01744532,-89.50644846,28129.0,72,74,4,0,70,73,16002,2,0,0,2,1
2020-05-01,US,Mississippi,Stone,22,0,0,30.79187949,-89.11547539,28131.0,22,22,0,0,22,22,18717,0,0,0,0,0
2020-05-01,US,Mississippi,Sunflower,55,2,0,33.60192578,-90.58882684,28133.0,53,53,2,0,51,53,25735,2,0,0,2,0
2020-05-01,US,Mississippi,Tallahatchie,11,1,0,33.95339918,-90.1729398,28135.0,10,11,1,0,10,11,13987,0,0,0,0,0
2020-05-01,US,Mississippi,Tate,42,0,0,34.65133709,-89.94485778,28137.0,42,41,0,0,41,41,28759,1,0,0,1,0
2020-05-01,US,Mississippi,Tippah,56,10,0,34.76872156,-88.90988194,28139.0,46,54,7,0,47,53,21995,2,3,0,-1,1
2020-05-01,US,Mississippi,Tishomingo,7,0,0,34.74023475,-88.23917219,28141.0,7,7,0,0,7,7,19454,0,0,0,0,0
2020-05-01,US,Mississippi,Tunica,35,2,0,34.64967704,-90.37481167,28143.0,33,35,1,0,34,35,9944,0,1,0,-1,0
2020-05-01,US,Mississippi,Union,19,1,0,34.49162015,-89.00776006,28145.0,18,17,1,0,16,16,28606,2,0,0,2,1
2020-05-01,US,Mississippi,Walthall,32,0,0,31.14971548,-90.10446654,28147.0,32,31,0,0,31,30,14465,1,0,0,1,1
2020-05-01,US,Mississippi,Warren,74,2,0,32.35810271,-90.83352619,28149.0,72,68,2,0,66,65,46176,6,0,0,6,3
2020-05-01,US,Mississippi,Washington,77,3,0,33.28392041,-90.94196237,28151.0,74,77,3,0,74,77,45063,0,0,0,0,0
2020-05-01,US,Mississippi,Wayne,23,0,0,31.64135687,-88.69573913,28153.0,23,23,0,0,23,20,20298,0,0,0,0,3
2020-05-01,US,Mississippi,Webster,19,1,0,33.61300486,-89.28392912,28155.0,18,18,1,0,17,17,9788,1,0,0,1,1
2020-05-01,US,Mississippi,Wilkinson,69,7,0,31.16078225,-91.31018819,28157.0,62,69,7,0,62,69,8792,0,0,0,0,0
2020-05-01,US,Mississippi,Winston,44,0,0,33.08747908,-89.03391385,28159.0,44,42,0,0,42,43,18165,2,0,0,2,-1
2020-05-01,US,Mississippi,Yalobusha,20,0,0,34.02824175,-89.70762049999998,28161.0,20,19,0,0,19,19,12392,1,0,0,1,0
2020-05-01,US,Mississippi,Yazoo,139,1,0,32.77890365,-90.39656148,28163.0,138,135,1,0,134,134,28248,4,0,0,4,1
2020-05-01,US,Missouri,Adair,12,0,0,40.19058551,-92.60078167,29001.0,12,12,0,0,12,12,25339,0,0,0,0,0
2020-05-01,US,Missouri,Andrew,3,0,0,39.98492163,-94.80163024,29003.0,3,2,0,0,2,2,17607,1,0,0,1,0
2020-05-01,US,Missouri,Atchison,2,0,0,40.43238737,-95.42970639,29005.0,2,2,0,0,2,2,5171,0,0,0,0,0
2020-05-01,US,Missouri,Audrain,1,0,0,39.215877,-91.84242683,29007.0,1,1,0,0,1,1,25473,0,0,0,0,0
2020-05-01,US,Missouri,Barry,6,0,0,36.70978521,-93.82919888,29009.0,6,6,0,0,6,6,35886,0,0,0,0,0
2020-05-01,US,Missouri,Bates,6,1,0,38.25271289,-94.34113157,29013.0,5,6,1,0,5,6,16320,0,0,0,0,0
2020-05-01,US,Missouri,Benton,8,0,0,38.29503305,-93.28756116,29015.0,8,8,0,0,8,4,19278,0,0,0,0,4
2020-05-01,US,Missouri,Bollinger,4,0,0,37.32449052,-90.02725304,29017.0,4,4,0,0,4,4,12169,0,0,0,0,0
2020-05-01,US,Missouri,Boone,102,1,0,38.99186229,-92.30723575,29019.0,101,100,1,0,99,99,180005,2,0,0,2,1
2020-05-01,US,Missouri,Buchanan,141,1,0,39.65816401,-94.80138942,29021.0,140,87,1,0,86,76,88571,54,0,0,54,11
2020-05-01,US,Missouri,Butler,25,0,0,36.71462476,-90.40421163,29023.0,25,26,0,0,26,26,42639,-1,0,0,-1,0
2020-05-01,US,Missouri,Caldwell,3,0,0,39.65620858,-93.98308093,29025.0,3,3,0,0,3,3,9108,0,0,0,0,0
2020-05-01,US,Missouri,Callaway,22,1,0,38.83674754,-91.92186505,29027.0,21,22,1,0,21,22,44889,0,0,0,0,0
2020-05-01,US,Missouri,Camden,35,1,0,38.02199522,-92.76083747,29029.0,34,35,1,0,34,35,45815,0,0,0,0,0
2020-05-01,US,Missouri,Cape Girardeau,49,1,0,37.38489388,-89.6843587,29031.0,48,49,1,0,48,49,78753,0,0,0,0,0
2020-05-01,US,Missouri,Carroll,3,0,0,39.42762566,-93.50626255,29033.0,3,3,0,0,3,3,8743,0,0,0,0,0
2020-05-01,US,Missouri,Carter,3,1,0,36.94160441,-90.96051322,29035.0,2,3,1,0,2,3,6054,0,0,0,0,0
2020-05-01,US,Missouri,Cass,63,6,0,38.64789422,-94.353399,29037.0,57,62,6,0,56,61,104954,1,0,0,1,1
2020-05-01,US,Missouri,Cedar,5,0,0,37.72391475,-93.85445441,29039.0,5,5,0,0,5,5,14165,0,0,0,0,0
2020-05-01,US,Missouri,Chariton,5,0,0,39.51499357,-92.9629191,29041.0,5,5,0,0,5,5,7451,0,0,0,0,0
2020-05-01,US,Missouri,Christian,19,0,0,36.9711783,-93.18537118,29043.0,19,19,0,0,19,19,86983,0,0,0,0,0
2020-05-01,US,Missouri,Clark,1,0,0,40.41040752,-91.73661677,29045.0,1,1,0,0,1,1,6842,0,0,0,0,0
2020-05-01,US,Missouri,Clay,72,2,0,39.31132056,-94.41850862,29047.0,70,70,2,0,68,69,246365,2,0,0,2,1
2020-05-01,US,Missouri,Clinton,11,0,0,39.6013098,-94.40465394,29049.0,11,11,0,0,11,11,20470,0,0,0,0,0
2020-05-01,US,Missouri,Cole,51,1,0,38.50455671,-92.27860244,29051.0,50,51,1,0,50,50,76796,0,0,0,0,1
2020-05-01,US,Missouri,Cooper,9,0,0,38.844478,-92.80896081,29053.0,9,7,0,0,7,7,17603,2,0,0,2,0
2020-05-01,US,Missouri,Crawford,8,0,0,37.97663738,-91.30528104,29055.0,8,8,0,0,8,7,23957,0,0,0,0,1
2020-05-01,US,Missouri,Dallas,2,0,0,37.6811355,-93.02127031,29059.0,2,2,0,0,2,2,16762,0,0,0,0,0
2020-05-01,US,Missouri,Daviess,2,0,0,39.96145298,-93.98519678,29061.0,2,2,0,0,2,2,8313,0,0,0,0,0
2020-05-01,US,Missouri,DeKalb,3,0,0,39.89201062,-94.40476508,29063.0,3,3,0,0,3,3,12630,0,0,0,0,0
2020-05-01,US,Missouri,Dunklin,21,2,0,36.27167174,-90.09122243,29069.0,19,21,2,0,19,21,29423,0,0,0,0,0
2020-05-01,US,Missouri,Franklin,114,12,0,38.41127108,-91.07522826,29071.0,102,114,12,0,102,112,103670,0,0,0,0,2
2020-05-01,US,Missouri,Gasconade,3,0,0,38.43947277,-91.50847147,29073.0,3,2,0,0,2,2,14705,1,0,0,1,0
2020-05-01,US,Missouri,Gentry,1,0,0,40.21097916,-94.40944419,29075.0,1,1,0,0,1,1,6628,0,0,0,0,0
2020-05-01,US,Missouri,Greene,96,8,0,37.2575872,-93.34230916,29077.0,88,96,8,0,88,95,291923,0,0,0,0,1
2020-05-01,US,Missouri,Harrison,6,0,0,40.35570088,-93.99222144,29081.0,6,6,0,0,6,6,8414,0,0,0,0,0
2020-05-01,US,Missouri,Henry,8,1,0,38.38482826,-93.79293734,29083.0,7,8,1,0,7,8,21792,0,0,0,0,0
2020-05-01,US,Missouri,Holt,1,0,0,40.09799248,-95.2163888,29087.0,1,1,0,0,1,1,4404,0,0,0,0,0
2020-05-01,US,Missouri,Howard,2,0,0,39.1435761,-92.69756691,29089.0,2,2,0,0,2,2,10137,0,0,0,0,0
2020-05-01,US,Missouri,Howell,5,0,0,36.77383887,-91.88683935,29091.0,5,5,0,0,5,5,40076,0,0,0,0,0
2020-05-01,US,Missouri,Iron,2,0,0,37.55487945,-90.7735296,29093.0,2,2,0,0,2,2,10177,0,0,0,0,0
2020-05-01,US,Missouri,Jackson,328,14,0,39.01002188,-94.34724536,29095.0,314,315,14,0,301,313,700307,13,0,0,13,2
2020-05-01,US,Missouri,Jasper,24,0,0,37.20351921,-94.34050458,29097.0,24,24,0,0,24,24,120636,0,0,0,0,0
2020-05-01,US,Missouri,Jefferson,277,8,0,38.25926778,-90.53870896,29099.0,269,274,8,0,266,273,224347,3,0,0,3,1
2020-05-01,US,Missouri,Johnson,55,0,0,38.74719601,-93.80691168,29101.0,55,54,0,0,54,54,53652,1,0,0,1,0
2020-05-01,US,Missouri,Kansas City,578,16,0,39.0997,-94.5786,0.0,562,545,16,0,529,520,491918,33,0,0,33,25
2020-05-01,US,Missouri,Lafayette,38,1,0,39.06986886,-93.78076396,29107.0,37,37,1,0,36,36,32598,1,0,0,1,1
2020-05-01,US,Missouri,Lewis,6,1,0,40.09673161,-91.72070156,29111.0,5,6,1,0,5,6,9855,0,0,0,0,0
2020-05-01,US,Missouri,Lincoln,70,1,0,39.05345619,-90.95588181,29113.0,69,70,1,0,69,71,57686,0,0,0,0,-1
2020-05-01,US,Missouri,Linn,5,1,0,39.87001769,-93.10704106,29115.0,4,5,1,0,4,5,12037,0,0,0,0,0
2020-05-01,US,Missouri,Livingston,2,0,0,39.78110272,-93.54645978,29117.0,2,2,0,0,2,2,15146,0,0,0,0,0
2020-05-01,US,Missouri,Macon,2,0,0,39.83049768,-92.56453089,29121.0,2,2,0,0,2,2,15153,0,0,0,0,0
2020-05-01,US,Missouri,Madison,1,0,0,37.47865134,-90.3467143,29123.0,1,1,0,0,1,1,12188,0,0,0,0,0
2020-05-01,US,Missouri,Maries,2,0,0,38.16193985,-91.92249662,29125.0,2,2,0,0,2,2,8769,0,0,0,0,0
2020-05-01,US,Missouri,Marion,5,0,0,39.80601912,-91.62203062,29127.0,5,5,0,0,5,5,28592,0,0,0,0,0
2020-05-01,US,Missouri,McDonald,4,0,0,36.62869595,-94.34867205,29119.0,4,4,0,0,4,4,23078,0,0,0,0,0
2020-05-01,US,Missouri,Miller,1,0,0,38.21450288,-92.42610898,29131.0,1,1,0,0,1,1,25336,0,0,0,0,0
2020-05-01,US,Missouri,Mississippi,29,0,0,36.82516239,-89.29505753,29133.0,29,29,0,0,29,23,13336,0,0,0,0,6
2020-05-01,US,Missouri,Moniteau,52,0,0,38.63571781,-92.57976951,29135.0,52,52,0,0,52,52,16121,0,0,0,0,0
2020-05-01,US,Missouri,Montgomery,7,0,0,38.94022054,-91.47000721,29139.0,7,7,0,0,7,7,11534,0,0,0,0,0
2020-05-01,US,Missouri,Morgan,4,0,0,38.4181765,-92.88791859,29141.0,4,3,0,0,3,3,20358,1,0,0,1,0
2020-05-01,US,Missouri,New Madrid,9,0,0,36.59666326,-89.66070007,29143.0,9,9,0,0,9,9,17296,0,0,0,0,0
2020-05-01,US,Missouri,Newton,10,1,0,36.90519407,-94.3394104,29145.0,9,10,1,0,9,10,58266,0,0,0,0,0
2020-05-01,US,Missouri,Nodaway,3,0,0,40.36079813,-94.88133008,29147.0,3,3,0,0,3,3,22304,0,0,0,0,0
2020-05-01,US,Missouri,Oregon,1,0,0,36.68710164,-91.4033755,29149.0,1,1,0,0,1,1,10541,0,0,0,0,0
2020-05-01,US,Missouri,Osage,5,0,0,38.46036182,-91.8613635,29151.0,5,5,0,0,5,5,13714,0,0,0,0,0
2020-05-01,US,Missouri,Pemiscot,32,1,0,36.2130572,-89.78742322,29155.0,31,28,1,0,27,25,16272,4,0,0,4,3
2020-05-01,US,Missouri,Perry,43,0,0,37.70660776,-89.82741088,29157.0,43,43,0,0,43,43,19150,0,0,0,0,0
2020-05-01,US,Missouri,Pettis,36,0,0,38.72798918,-93.28471706,29159.0,36,35,0,0,35,34,42542,1,0,0,1,1
2020-05-01,US,Missouri,Phelps,2,0,0,37.87736118,-91.79351727,29161.0,2,2,0,0,2,2,44732,0,0,0,0,0
2020-05-01,US,Missouri,Pike,11,0,0,39.34310674,-91.16980779,29163.0,11,11,0,0,11,10,18504,0,0,0,0,1
2020-05-01,US,Missouri,Platte,32,0,0,39.38154439,-94.77068479,29165.0,32,32,0,0,32,32,102985,0,0,0,0,0
2020-05-01,US,Missouri,Polk,1,0,0,37.6162296,-93.39828174,29167.0,1,1,0,0,1,1,32201,0,0,0,0,0
2020-05-01,US,Missouri,Pulaski,36,1,0,37.82462075,-92.20783203,29169.0,35,34,1,0,33,34,52014,2,0,0,2,0
2020-05-01,US,Missouri,Ralls,1,0,0,39.52817427,-91.51838643,29173.0,1,1,0,0,1,1,10212,0,0,0,0,0
2020-05-01,US,Missouri,Randolph,8,0,0,39.44007257,-92.4971374,29175.0,8,8,0,0,8,8,24763,0,0,0,0,0
2020-05-01,US,Missouri,Ray,12,0,0,39.3537468,-93.98905745,29177.0,12,12,0,0,12,12,22883,0,0,0,0,0
2020-05-01,US,Missouri,Reynolds,2,0,0,37.36085952,-90.97009925,29179.0,2,2,0,0,2,2,6254,0,0,0,0,0
2020-05-01,US,Missouri,Ripley,5,0,0,36.65460667,-90.85990261,29181.0,5,5,0,0,5,5,13401,0,0,0,0,0
2020-05-01,US,Missouri,Saline,192,0,0,39.13734288,-93.20259964,29195.0,192,188,0,0,188,188,22895,4,0,0,4,0
2020-05-01,US,Missouri,Scotland,4,0,0,40.45214695,-92.14709064,29199.0,4,4,0,0,4,4,4966,0,0,0,0,0
2020-05-01,US,Missouri,Scott,70,2,0,37.05588075,-89.56474493,29201.0,68,64,2,0,62,63,38458,6,0,0,6,1
2020-05-01,US,Missouri,Shelby,1,0,0,39.79742518,-92.07634971,29205.0,1,1,0,0,1,1,6050,0,0,0,0,0
2020-05-01,US,Missouri,St. Charles,591,37,0,38.77875681,-90.66662425,29183.0,554,596,34,0,562,596,399182,-5,3,0,-8,0
2020-05-01,US,Missouri,St. Clair,2,0,0,38.03699437,-93.77631447,29185.0,2,2,0,0,2,2,9395,0,0,0,0,0
2020-05-01,US,Missouri,St. Francois,28,1,0,37.81214171,-90.47598685,29187.0,27,28,1,0,27,28,66692,0,0,0,0,0
2020-05-01,US,Missouri,St. Louis,3253,168,0,38.63770039999999,-90.4458375,29189.0,3085,3136,162,0,2974,3060,996945,117,6,0,111,76
2020-05-01,US,Missouri,St. Louis City,1150,65,0,38.63555736,-90.24349225,29510.0,1085,1145,64,0,1081,1126,302838,5,1,0,4,19
2020-05-01,US,Missouri,Ste. Genevieve,8,1,0,37.89090059,-90.1949941,29186.0,7,7,1,0,6,7,17888,1,0,0,1,0
2020-05-01,US,Missouri,Stoddard,20,0,0,36.85571651,-89.9444155,29207.0,20,19,0,0,19,19,29206,1,0,0,1,0
2020-05-01,US,Missouri,Stone,3,0,0,36.75000327,-93.45256475,29209.0,3,3,0,0,3,3,31749,0,0,0,0,0
2020-05-01,US,Missouri,Taney,11,1,0,36.65465345,-93.04075153,29213.0,10,11,1,0,10,11,55852,0,0,0,0,0
2020-05-01,US,Missouri,Vernon,4,0,0,37.8457799,-94.34127305,29217.0,4,4,0,0,4,4,20528,0,0,0,0,0
2020-05-01,US,Missouri,Warren,22,0,0,38.76529479,-91.16124662,29219.0,22,22,0,0,22,22,34711,0,0,0,0,0
2020-05-01,US,Missouri,Washington,8,1,0,37.96130078,-90.87948158,29221.0,7,8,1,0,7,8,24943,0,0,0,0,0
2020-05-01,US,Missouri,Webster,15,0,0,37.2813734,-92.876329,29225.0,15,15,0,0,15,15,39109,0,0,0,0,0
2020-05-01,US,Missouri,Worth,1,0,0,40.47945588,-94.42328751,29227.0,1,1,0,0,1,1,2040,0,0,0,0,0
2020-05-01,US,Missouri,Wright,10,0,0,37.27029221,-92.46914488,29229.0,10,10,0,0,10,10,18378,0,0,0,0,0
2020-05-01,US,Montana,Beaverhead,1,0,0,45.13434354,-112.8984694,30001.0,1,1,0,0,1,1,9404,0,0,0,0,0
2020-05-01,US,Montana,Big Horn,3,0,0,45.42335905,-107.492347,30003.0,3,3,0,0,3,3,13338,0,0,0,0,0
2020-05-01,US,Montana,Broadwater,4,0,0,46.33277565,-111.4955813,30007.0,4,4,0,0,4,4,6085,0,0,0,0,0
2020-05-01,US,Montana,Carbon,6,0,0,45.22850116,-109.0274047,30009.0,6,6,0,0,6,6,10714,0,0,0,0,0
2020-05-01,US,Montana,Cascade,15,2,0,47.30797024,-111.3467922,30013.0,13,15,2,0,13,15,81643,0,0,0,0,0
2020-05-01,US,Montana,Deer Lodge,3,0,0,46.05953325,-113.073353,30023.0,3,3,0,0,3,3,9131,0,0,0,0,0
2020-05-01,US,Montana,Fergus,1,0,0,47.26331584,-109.2245206,30027.0,1,1,0,0,1,,11113,0,0,0,0,
2020-05-01,US,Montana,Flathead,37,2,0,48.29575866,-114.0520569,30029.0,35,37,2,0,35,37,102106,0,0,0,0,0
2020-05-01,US,Montana,Gallatin,146,1,0,45.54486106,-111.1692571,30031.0,145,146,1,0,145,146,111876,0,0,0,0,0
2020-05-01,US,Montana,Glacier,6,0,0,48.70513576,-112.9934235,30035.0,6,6,0,0,6,6,13747,0,0,0,0,0
2020-05-01,US,Montana,Golden Valley,3,0,0,46.3816474,-109.1768522,30037.0,3,3,0,0,3,3,826,0,0,0,0,0
2020-05-01,US,Montana,Hill,1,0,0,48.62879827,-110.1129252,30041.0,1,1,0,0,1,1,16347,0,0,0,0,0
2020-05-01,US,Montana,Jefferson,2,0,0,46.14907081,-112.094396,30043.0,2,2,0,0,2,2,12097,0,0,0,0,0
2020-05-01,US,Montana,Lake,5,0,0,47.64514965,-114.0898013,30047.0,5,5,0,0,5,5,30250,0,0,0,0,0
2020-05-01,US,Montana,Lewis and Clark,16,0,0,47.12610041,-112.394698,30049.0,16,16,0,0,16,16,68700,0,0,0,0,0
2020-05-01,US,Montana,Liberty,1,0,0,48.56084317,-111.024307,30051.0,1,1,0,0,1,1,2430,0,0,0,0,0
2020-05-01,US,Montana,Lincoln,7,1,0,48.54265777,-115.4046155,30053.0,6,7,1,0,6,7,19794,0,0,0,0,0
2020-05-01,US,Montana,Madison,8,1,0,45.30080065,-111.9173017,30057.0,7,8,1,0,7,8,8768,0,0,0,0,0
2020-05-01,US,Montana,Meagher,1,0,0,46.59907074,-110.8898557,30059.0,1,1,0,0,1,1,1866,0,0,0,0,0
2020-05-01,US,Montana,Missoula,39,1,0,47.03728583,-113.92135079999998,30063.0,38,39,1,0,38,39,118791,0,0,0,0,0
2020-05-01,US,Montana,Musselshell,1,0,0,46.49684637,-108.39498,30065.0,1,1,0,0,1,1,4651,0,0,0,0,0
2020-05-01,US,Montana,Park,8,0,0,45.48965095,-110.52643940000002,30067.0,8,8,0,0,8,7,16736,0,0,0,0,1
2020-05-01,US,Montana,Pondera,2,0,0,48.22773388,-112.2252703,30073.0,2,2,0,0,2,2,5972,0,0,0,0,0
2020-05-01,US,Montana,Ravalli,5,0,0,46.08520862,-114.11891640000002,30081.0,5,5,0,0,5,5,43172,0,0,0,0,0
2020-05-01,US,Montana,Richland,3,0,0,47.78668011,-104.5610786,30083.0,3,3,0,0,3,3,10913,0,0,0,0,0
2020-05-01,US,Montana,Roosevelt,7,0,0,48.29607488,-105.0079268,30085.0,7,7,0,0,7,7,11059,0,0,0,0,0
2020-05-01,US,Montana,Silver Bow,11,0,0,45.90018933,-112.6620092,30093.0,11,11,0,0,11,11,34993,0,0,0,0,0
2020-05-01,US,Montana,Stillwater,1,0,0,45.67071407,-109.3950061,30095.0,1,1,0,0,1,1,9534,0,0,0,0,0
2020-05-01,US,Montana,Toole,29,6,0,48.65577551,-111.6942414,30101.0,23,29,6,0,23,29,4853,0,0,0,0,0
2020-05-01,US,Montana,Wheatland,1,0,0,46.46652491,-109.8464636,30107.0,1,1,0,0,1,1,2236,0,0,0,0,0
2020-05-01,US,Montana,Yellowstone,80,2,0,45.93955949,-108.2691486,30111.0,78,80,2,0,78,80,160137,0,0,0,0,0
2020-05-01,US,Nebraska,Adams,187,3,0,40.52449420000001,-98.50117804,31001.0,184,164,3,0,161,147,31511,23,0,0,23,17
2020-05-01,US,Nebraska,Antelope,3,0,0,42.17695516,-98.0666283,31003.0,3,2,0,0,2,2,6336,1,0,0,1,0
2020-05-01,US,Nebraska,Box Butte,1,0,0,42.22079243,-103.0878834,31013.0,1,1,0,0,1,1,10772,0,0,0,0,0
2020-05-01,US,Nebraska,Buffalo,111,1,0,40.85486962,-99.07500296,31019.0,110,101,1,0,100,97,49615,10,0,0,10,4
2020-05-01,US,Nebraska,Burt,3,0,0,41.85056773,-96.32605633,31021.0,3,3,0,0,3,2,6488,0,0,0,0,1
2020-05-01,US,Nebraska,Butler,5,0,0,41.22703692,-97.13106306,31023.0,5,4,0,0,4,2,8058,1,0,0,1,2
2020-05-01,US,Nebraska,Cass,5,0,0,40.90899107,-96.13971217,31025.0,5,5,0,0,5,5,26159,0,0,0,0,0
2020-05-01,US,Nebraska,Cedar,4,0,0,42.5988851,-97.25311951,31027.0,4,4,0,0,4,2,8446,0,0,0,0,2
2020-05-01,US,Nebraska,Cherry,1,0,0,42.54502621,-101.1244332,31031.0,1,1,0,0,1,1,5761,0,0,0,0,0
2020-05-01,US,Nebraska,Cheyenne,6,0,0,41.21999357,-102.9941693,31033.0,6,6,0,0,6,6,9310,0,0,0,0,0
2020-05-01,US,Nebraska,Clay,10,0,0,40.52439441,-98.05126296,31035.0,10,9,0,0,9,9,6214,1,0,0,1,0
2020-05-01,US,Nebraska,Colfax,116,0,0,41.57486951,-97.0868542,31037.0,116,69,0,0,69,44,10881,47,0,0,47,25
2020-05-01,US,Nebraska,Cuming,6,0,0,41.91637624,-96.78730772,31039.0,6,6,0,0,6,5,8940,0,0,0,0,1
2020-05-01,US,Nebraska,Custer,24,3,0,41.39374521,-99.72805369,31041.0,21,23,3,0,20,22,10840,1,0,0,1,1
2020-05-01,US,Nebraska,Dakota,942,1,0,42.39040144,-96.56656425,31043.0,941,656,1,0,655,608,20083,286,0,0,286,48
2020-05-01,US,Nebraska,Dawson,503,0,0,40.87028216,-99.8201461,31047.0,503,456,0,0,456,424,23709,47,0,0,47,32
2020-05-01,US,Nebraska,Dixon,7,0,0,42.49188363,-96.86782408,31051.0,7,7,0,0,7,5,5709,0,0,0,0,2
2020-05-01,US,Nebraska,Dodge,60,0,0,41.58071748,-96.65598179,31053.0,60,55,0,0,55,53,36791,5,0,0,5,2
2020-05-01,US,Nebraska,Douglas,744,14,0,41.29518299,-96.15085305,31055.0,730,656,14,0,642,580,566880,88,0,0,88,76
2020-05-01,US,Nebraska,Fillmore,1,0,0,40.52458567,-97.59646937,31059.0,1,1,0,0,1,1,5527,0,0,0,0,0
2020-05-01,US,Nebraska,Franklin,5,0,0,40.17636348,-98.95299073,31061.0,5,5,0,0,5,3,3023,0,0,0,0,2
2020-05-01,US,Nebraska,Frontier,1,0,0,40.52993007,-100.3924658,31063.0,1,1,0,0,1,,2608,0,0,0,0,
2020-05-01,US,Nebraska,Furnas,3,0,0,40.17642064,-99.91247454,31065.0,3,3,0,0,3,3,4715,0,0,0,0,0
2020-05-01,US,Nebraska,Gage,38,3,0,40.26186809,-96.68946704,31067.0,35,36,3,0,33,35,21493,2,0,0,2,1
2020-05-01,US,Nebraska,Gosper,10,0,0,40.51481965,-99.83020279,31073.0,10,9,0,0,9,9,1996,1,0,0,1,0
2020-05-01,US,Nebraska,Greeley,2,0,0,41.56742671,-98.52150266,31077.0,2,2,0,0,2,2,2356,0,0,0,0,0
2020-05-01,US,Nebraska,Hall,1111,28,0,40.87257079,-98.50218293,31079.0,1083,1025,28,0,997,943,61607,86,0,0,86,82
2020-05-01,US,Nebraska,Hamilton,44,7,0,40.87349452,-98.02099117,31081.0,37,42,7,0,35,41,9280,2,0,0,2,1
2020-05-01,US,Nebraska,Hitchcock,1,0,0,40.17609175,-101.0416477,31087.0,1,1,0,0,1,,2806,0,0,0,0,
2020-05-01,US,Nebraska,Howard,15,0,0,41.2200529,-98.5166499,31093.0,15,12,0,0,12,12,6468,3,0,0,3,0
2020-05-01,US,Nebraska,Jefferson,4,0,0,40.17584531,-97.142601,31095.0,4,4,0,0,4,3,7097,0,0,0,0,1
2020-05-01,US,Nebraska,Johnson,4,0,0,40.39257596,-96.26522753,31097.0,4,4,0,0,4,4,5134,0,0,0,0,0
2020-05-01,US,Nebraska,Kearney,4,0,0,40.50663314,-98.94877182,31099.0,4,4,0,0,4,4,6544,0,0,0,0,0
2020-05-01,US,Nebraska,Kimball,9,0,0,41.19774275,-103.7148131,31105.0,9,9,0,0,9,9,3618,0,0,0,0,0
2020-05-01,US,Nebraska,Knox,2,0,0,42.63758421,-97.89178836,31107.0,2,2,0,0,2,2,8419,0,0,0,0,0
2020-05-01,US,Nebraska,Lancaster,280,1,0,40.78416049,-96.68777155,31109.0,279,240,1,0,239,204,317272,40,0,0,40,36
2020-05-01,US,Nebraska,Lincoln,30,1,0,41.04658298,-100.7475374,31111.0,29,25,1,0,24,23,35185,5,0,0,5,2
2020-05-01,US,Nebraska,Madison,132,3,0,41.91676024,-97.6005481,31119.0,129,115,3,0,112,109,35392,17,0,0,17,6
2020-05-01,US,Nebraska,Merrick,13,0,0,41.16624273,-98.0374887,31121.0,13,12,0,0,12,12,7733,1,0,0,1,0
2020-05-01,US,Nebraska,Morrill,1,0,0,41.71711774,-103.0061405,31123.0,1,1,0,0,1,1,4686,0,0,0,0,0
2020-05-01,US,Nebraska,Nance,2,0,0,41.39750195,-97.99327291,31125.0,2,2,0,0,2,1,3532,0,0,0,0,1
2020-05-01,US,Nebraska,Nemaha,1,0,0,40.38514847,-95.85433992,31127.0,1,1,0,0,1,1,6958,0,0,0,0,0
2020-05-01,US,Nebraska,Otoe,2,0,0,40.64843556,-96.13374142,31131.0,2,1,0,0,1,1,15985,1,0,0,1,0
2020-05-01,US,Nebraska,Phelps,6,0,0,40.51156033,-99.41461667,31137.0,6,5,0,0,5,2,8996,1,0,0,1,3
2020-05-01,US,Nebraska,Pierce,1,0,0,42.26434853,-97.60122773,31139.0,1,1,0,0,1,1,7142,0,0,0,0,0
2020-05-01,US,Nebraska,Platte,110,0,0,41.57246836,-97.52144359,31141.0,110,83,0,0,83,66,33363,27,0,0,27,17
2020-05-01,US,Nebraska,Polk,9,0,0,41.18813488,-97.56630712,31143.0,9,7,0,0,7,7,5278,2,0,0,2,0
2020-05-01,US,Nebraska,Red Willow,3,0,0,40.17556879999999,-100.476998,31145.0,3,3,0,0,3,2,10726,0,0,0,0,1
2020-05-01,US,Nebraska,Saline,194,0,0,40.52418865,-97.14085859,31151.0,194,129,0,0,129,107,14350,65,0,0,65,22
2020-05-01,US,Nebraska,Sarpy,133,0,0,41.11314181,-96.11156432,31153.0,133,122,0,0,122,113,184459,11,0,0,11,9
2020-05-01,US,Nebraska,Saunders,9,0,0,41.2278103,-96.63773905,31155.0,9,9,0,0,9,9,21303,0,0,0,0,0
2020-05-01,US,Nebraska,Scotts Bluff,29,0,0,41.85070896,-103.7080986,31157.0,29,29,0,0,29,29,35989,0,0,0,0,0
2020-05-01,US,Nebraska,Seward,8,1,0,40.87241834,-97.139673,31159.0,7,8,1,0,7,7,17318,0,0,0,0,1
2020-05-01,US,Nebraska,Sherman,2,0,0,41.22045983,-98.97588642,31163.0,2,1,0,0,1,1,3038,1,0,0,1,0
2020-05-01,US,Nebraska,Stanton,5,0,0,41.9169835,-97.19394708,31167.0,5,5,0,0,5,4,5970,0,0,0,0,1
2020-05-01,US,Nebraska,Thurston,5,0,0,42.15725356,-96.54157099,31173.0,5,4,0,0,4,4,7303,1,0,0,1,0
2020-05-01,US,Nebraska,Unassigned,0,6,0,0.0,0.0,90031.0,-6,48,3,0,45,23,,-48,3,0,-51,25
2020-05-01,US,Nebraska,Valley,1,0,0,41.56730777,-98.98197724,31175.0,1,1,0,0,1,1,4190,0,0,0,0,0
2020-05-01,US,Nebraska,Washington,22,1,0,41.52815707,-96.22019892,31177.0,21,22,1,0,21,22,20667,0,0,0,0,0
2020-05-01,US,Nebraska,Wayne,1,0,0,42.20934475,-97.11926964,31179.0,1,1,0,0,1,1,9403,0,0,0,0,0
2020-05-01,US,Nebraska,Webster,5,0,0,40.17642643,-98.50019851,31181.0,5,4,0,0,4,3,3533,1,0,0,1,1
2020-05-01,US,Nebraska,York,12,0,0,40.87272618,-97.59710186,31185.0,12,12,0,0,12,11,13772,0,0,0,0,1
2020-05-01,US,Nevada,Carson City,47,1,0,39.15509045,-119.7480219,32510.0,46,45,1,0,44,44,55414,2,0,0,2,1
2020-05-01,US,Nevada,Churchill,3,0,0,39.58105744,-118.3394607,32001.0,3,3,0,0,3,3,24440,0,0,0,0,0
2020-05-01,US,Nevada,Clark,4118,206,0,36.21458855,-115.0130241,32003.0,3912,3979,202,0,3777,3891,2231647,139,4,0,135,88
2020-05-01,US,Nevada,Douglas,20,0,0,38.912862,-119.6171333,32005.0,20,19,0,0,19,19,48467,1,0,0,1,0
2020-05-01,US,Nevada,Elko,15,1,0,41.14531606,-115.3577619,32007.0,14,15,1,0,14,15,52460,0,0,0,0,0
2020-05-01,US,Nevada,Humboldt,44,2,0,41.40692186,-118.1109427,32013.0,42,41,2,0,39,38,16786,3,0,0,3,3
2020-05-01,US,Nevada,Lander,7,0,0,39.9332233,-117.0397075,32015.0,7,7,0,0,7,7,5575,0,0,0,0,0
2020-05-01,US,Nevada,Lyon,29,0,0,39.01777974,-119.1870479,32019.0,29,28,0,0,28,27,55808,1,0,0,1,1
2020-05-01,US,Nevada,Mineral,4,0,0,38.53841696,-118.4344506,32021.0,4,4,0,0,4,4,4514,0,0,0,0,0
2020-05-01,US,Nevada,Nye,37,0,0,38.04264256,-116.4722702,32023.0,37,36,0,0,36,35,45346,1,0,0,1,1
2020-05-01,US,Nevada,Unassigned,0,3,0,0.0,0.0,90032.0,-3,0,7,0,-7,,,0,-4,0,4,
2020-05-01,US,Nevada,Washoe,921,33,0,40.66562265,-119.6631594,32031.0,888,873,30,0,843,848,465735,48,3,0,45,25
2020-05-01,US,Nevada,White Pine,3,0,0,39.44157041,-114.899966,32033.0,3,3,0,0,3,3,9475,0,0,0,0,0
2020-05-01,US,New Hampshire,Belknap,37,0,0,43.51637314,-71.41684235,33001.0,37,34,0,0,34,34,61022,3,0,0,3,0
2020-05-01,US,New Hampshire,Carroll,32,0,0,43.87498583,-71.20430216,33003.0,32,31,0,0,31,31,48779,1,0,0,1,0
2020-05-01,US,New Hampshire,Cheshire,40,2,0,42.92015988,-72.25311043,33005.0,38,40,2,0,38,40,76493,0,0,0,0,0
2020-05-01,US,New Hampshire,Coos,2,0,0,44.69063265,-71.30633239,33007.0,2,2,0,0,2,2,31589,0,0,0,0,0
2020-05-01,US,New Hampshire,Grafton,51,0,0,43.93779815,-71.82057197,33009.0,51,50,0,0,50,48,89786,1,0,0,1,2
2020-05-01,US,New Hampshire,Hillsborough,1012,31,0,42.91537785,-71.7200253,33011.0,981,964,31,0,933,931,415247,48,0,0,48,33
2020-05-01,US,New Hampshire,Merrimack,185,3,0,43.29662971,-71.6811573,33013.0,182,177,3,0,174,145,151132,8,0,0,8,32
2020-05-01,US,New Hampshire,Rockingham,779,16,0,42.98499744,-71.12883377,33015.0,763,692,16,0,676,670,309176,87,0,0,87,22
2020-05-01,US,New Hampshire,Strafford,145,7,0,43.291833,-71.02336013,33017.0,138,141,7,0,134,139,130090,4,0,0,4,2
2020-05-01,US,New Hampshire,Sullivan,12,1,0,43.36094111,-72.22203125,33019.0,11,12,1,0,11,11,43144,0,0,0,0,1
2020-05-01,US,New Hampshire,Unassigned,15,21,0,0.0,0.0,90033.0,-6,3,12,0,-9,7,,12,9,0,3,-4
2020-05-01,US,New Jersey,Atlantic,1012,45,0,39.47538693,-74.65848483,34001.0,967,964,41,0,923,908,265429,48,4,0,44,56
2020-05-01,US,New Jersey,Bergen,15830,1187,0,40.96010917,-74.07164325,34003.0,14643,15610,1136,0,14474,15446,936692,220,51,0,169,164
2020-05-01,US,New Jersey,Burlington,2769,144,0,39.87681124,-74.66927768,34005.0,2625,2690,130,0,2560,2606,445384,79,14,0,65,84
2020-05-01,US,New Jersey,Camden,3646,155,0,39.80343818,-74.96388753,34007.0,3491,3519,147,0,3372,3385,507078,127,8,0,119,134
2020-05-01,US,New Jersey,Cape May,334,22,0,39.15008829,-74.80170244,34009.0,312,323,22,0,301,305,92560,11,0,0,11,18
2020-05-01,US,New Jersey,Cumberland,746,13,0,39.37199394,-75.10712559,34011.0,733,723,12,0,711,687,150972,23,1,0,22,36
2020-05-01,US,New Jersey,Essex,13994,1240,0,40.78681335,-74.24657979,34013.0,12754,13682,1186,0,12496,13445,799767,312,54,0,258,237
2020-05-01,US,New Jersey,Gloucester,1282,48,0,39.71581067,-75.13995546,34015.0,1234,1251,46,0,1205,1208,291408,31,2,0,29,43
2020-05-01,US,New Jersey,Hudson,15148,819,0,40.73766234,-74.07515667,34017.0,14329,14916,798,0,14118,14596,676061,232,21,0,211,320
2020-05-01,US,New Jersey,Hunterdon,608,31,0,40.56335249,-74.91284156,34019.0,577,603,29,0,574,583,124714,5,2,0,3,20
2020-05-01,US,New Jersey,Mercer,4077,239,0,40.28047017,-74.70479631,34021.0,3838,3937,231,0,3706,3725,369811,140,8,0,132,212
2020-05-01,US,New Jersey,Middlesex,11947,591,0,40.43629879,-74.41426991,34023.0,11356,11715,571,0,11144,11436,829685,232,20,0,212,279
2020-05-01,US,New Jersey,Monmouth,6132,355,0,40.26549699,-74.22240686,34025.0,5777,6033,341,0,5692,5907,621354,99,14,0,85,126
2020-05-01,US,New Jersey,Morris,5354,430,0,40.86095313,-74.54553709999998,34027.0,4924,5287,413,0,4874,5213,494228,67,17,0,50,74
2020-05-01,US,New Jersey,Ocean,6505,420,0,39.8895449,-74.28089251,34029.0,6085,6375,397,0,5978,6253,601651,130,23,0,107,122
2020-05-01,US,New Jersey,Passaic,12814,599,0,41.03238628,-74.29954144,34031.0,12215,12449,573,0,11876,12185,503310,365,26,0,339,264
2020-05-01,US,New Jersey,Salem,237,11,0,39.58719656,-75.34696629999998,34033.0,226,231,10,0,221,227,62607,6,1,0,5,4
2020-05-01,US,New Jersey,Somerset,3537,282,0,40.56465737,-74.61683016,34035.0,3255,3464,270,0,3194,3372,331164,73,12,0,61,92
2020-05-01,US,New Jersey,Sussex,936,110,0,41.13891592,-74.69118243,34037.0,826,921,103,0,818,900,140799,15,7,0,8,21
2020-05-01,US,New Jersey,Unassigned,583,0,0,0.0,0.0,90034.0,583,478,0,0,478,718,,105,0,0,105,-240
2020-05-01,US,New Jersey,Union,12779,714,0,40.65835409,-74.30680092,34039.0,12065,12578,690,0,11888,12380,558067,201,24,0,177,198
2020-05-01,US,New Jersey,Warren,920,83,0,40.85951833,-74.99556527,34041.0,837,903,82,0,821,880,105779,17,1,0,16,23
2020-05-01,US,New Mexico,Bernalillo,830,36,0,35.05163625,-106.6703554,35001.0,794,811,35,0,776,765,678701,19,1,0,18,46
2020-05-01,US,New Mexico,Catron,1,1,0,33.91514144,-108.4046587,35003.0,0,1,1,0,0,1,3578,0,0,0,0,0
2020-05-01,US,New Mexico,Chaves,23,1,0,33.36406072,-104.4665365,35005.0,22,22,1,0,21,22,64689,1,0,0,1,0
2020-05-01,US,New Mexico,Cibola,63,3,0,34.91131525,-107.998876,35006.0,60,52,3,0,49,47,26746,11,0,0,11,5
2020-05-01,US,New Mexico,Colfax,5,0,0,36.60569702,-104.64726740000002,35007.0,5,5,0,0,5,5,12110,0,0,0,0,0
2020-05-01,US,New Mexico,Curry,17,0,0,34.57421077,-103.3468876,35009.0,17,17,0,0,17,13,49437,0,0,0,0,4
2020-05-01,US,New Mexico,Dona Ana,147,1,0,32.35275771,-106.83293870000001,35013.0,146,144,1,0,143,130,217522,3,0,0,3,14
2020-05-01,US,New Mexico,Eddy,12,1,0,32.47167456,-104.3053527,35015.0,11,12,1,0,11,12,57900,0,0,0,0,0
2020-05-01,US,New Mexico,Grant,14,0,0,32.73911281,-108.3827845,35017.0,14,14,0,0,14,14,27346,0,0,0,0,0
2020-05-01,US,New Mexico,Guadalupe,14,0,0,34.86319296,-104.790669,35019.0,14,14,0,0,14,14,4341,0,0,0,0,0
2020-05-01,US,New Mexico,Harding,1,0,0,35.85751555,-103.8220938,35021.0,1,1,0,0,1,1,655,0,0,0,0,0
2020-05-01,US,New Mexico,Lea,10,0,0,32.79215361,-103.4123733,35025.0,10,10,0,0,10,10,69611,0,0,0,0,0
2020-05-01,US,New Mexico,Lincoln,2,0,0,33.74526079,-105.4586166,35027.0,2,2,0,0,2,2,19556,0,0,0,0,0
2020-05-01,US,New Mexico,Los Alamos,6,0,0,35.86631386,-106.3134985,35028.0,6,6,0,0,6,6,19101,0,0,0,0,0
2020-05-01,US,New Mexico,Luna,5,1,0,32.18179341,-107.75088259999998,35029.0,4,5,1,0,4,4,23963,0,0,0,0,1
2020-05-01,US,New Mexico,McKinley,1064,20,0,35.58007720000001,-108.262245,35031.0,1044,1027,19,0,1008,953,72290,37,1,0,36,74
2020-05-01,US,New Mexico,Otero,5,0,0,32.61348406,-105.7417604,35035.0,5,5,0,0,5,5,66781,0,0,0,0,0
2020-05-01,US,New Mexico,Quay,4,1,0,35.10403332,-103.5481727,35037.0,3,4,1,0,3,4,8253,0,0,0,0,0
2020-05-01,US,New Mexico,Rio Arriba,18,0,0,36.51072137,-106.6931674,35039.0,18,14,0,0,14,14,39006,4,0,0,4,0
2020-05-01,US,New Mexico,Roosevelt,9,0,0,34.02097406,-103.4799493,35041.0,9,9,0,0,9,8,18743,0,0,0,0,1
2020-05-01,US,New Mexico,San Juan,637,49,0,36.50838318,-108.320437,35045.0,588,621,45,0,576,576,125043,16,4,0,12,45
2020-05-01,US,New Mexico,San Miguel,2,0,0,35.48014807,-104.8163562,35047.0,2,2,0,0,2,2,27591,0,0,0,0,0
2020-05-01,US,New Mexico,Sandoval,396,15,0,35.68862401,-106.8687803,35043.0,381,389,13,0,376,385,145179,7,2,0,5,4
2020-05-01,US,New Mexico,Santa Fe,100,0,0,35.50708973,-105.9774716,35049.0,100,100,0,0,100,98,150056,0,0,0,0,2
2020-05-01,US,New Mexico,Sierra,1,0,0,33.13028233,-107.1925893,35051.0,1,1,0,0,1,1,10968,0,0,0,0,0
2020-05-01,US,New Mexico,Socorro,43,2,0,34.00715494,-106.9298354,35053.0,41,42,2,0,40,42,16735,1,0,0,1,0
2020-05-01,US,New Mexico,Taos,19,0,0,36.58006022,-105.6310198,35055.0,19,18,0,0,18,17,32835,1,0,0,1,1
2020-05-01,US,New Mexico,Torrance,15,0,0,34.64048375,-105.8508949,35057.0,15,15,0,0,15,15,15591,0,0,0,0,0
2020-05-01,US,New Mexico,Union,3,0,0,36.48126404,-103.4709624,35059.0,3,3,0,0,3,3,4118,0,0,0,0,0
2020-05-01,US,New Mexico,Valencia,47,0,0,34.71669834,-106.8103733,35061.0,47,45,0,0,45,44,76456,2,0,0,2,1
2020-05-01,US,New York,Albany,1204,44,0,42.60060306,-73.97723916,36001.0,1160,1165,41,0,1124,1067,307117,39,3,0,36,98
2020-05-01,US,New York,Allegany,35,2,0,42.25748406,-78.02750466,36003.0,33,35,2,0,33,35,46430,0,0,0,0,0
2020-05-01,US,New York,Broome,299,22,0,42.15903158,-75.81326086,36007.0,277,284,22,0,262,273,191659,15,0,0,15,11
2020-05-01,US,New York,Cattaraugus,49,0,0,42.24778241,-78.67923096,36009.0,49,47,0,0,47,47,76840,2,0,0,2,0
2020-05-01,US,New York,Cayuga,51,1,0,42.91261714,-76.55731592,36011.0,50,48,1,0,47,48,77145,3,0,0,3,0
2020-05-01,US,New York,Chautauqua,35,3,0,42.22769210000001,-79.36691763,36013.0,32,33,3,0,30,31,127939,2,0,0,2,2
2020-05-01,US,New York,Chemung,123,1,0,42.13891056,-76.7638805,36015.0,122,122,1,0,121,119,84254,1,0,0,1,3
2020-05-01,US,New York,Chenango,99,0,0,42.49430041,-75.60887553,36017.0,99,98,0,0,98,96,47536,1,0,0,1,2
2020-05-01,US,New York,Clinton,61,4,0,44.74530905,-73.67875352,36019.0,57,59,4,0,55,59,80695,2,0,0,2,0
2020-05-01,US,New York,Columbia,202,13,0,42.24819348,-73.63089095,36021.0,189,170,13,0,157,165,59916,32,0,0,32,5
2020-05-01,US,New York,Cortland,28,0,0,42.59509207,-76.07048931,36023.0,28,28,0,0,28,28,47823,0,0,0,0,0
2020-05-01,US,New York,Delaware,61,4,0,42.19837623,-74.96709306,36025.0,57,61,4,0,57,60,44527,0,0,0,0,1
2020-05-01,US,New York,Dutchess,3002,37,0,41.76486060000001,-73.74356679,36027.0,2965,2954,37,0,2917,2881,293718,48,0,0,48,73
2020-05-01,US,New York,Erie,3481,266,0,42.76249024,-78.73063652,36029.0,3215,3319,266,0,3053,3196,919719,162,0,0,162,123
2020-05-01,US,New York,Essex,28,0,0,44.11630765,-73.77297842,36031.0,28,28,0,0,28,27,37300,0,0,0,0,1
2020-05-01,US,New York,Franklin,15,0,0,44.59040891,-74.29926032,36033.0,15,15,0,0,15,15,50293,0,0,0,0,0
2020-05-01,US,New York,Fulton,75,0,0,43.11363907,-74.41798804,36035.0,75,71,0,0,71,67,53591,4,0,0,4,4
2020-05-01,US,New York,Genesee,154,3,0,43.0022601,-78.19135193,36037.0,151,153,3,0,150,152,57511,1,0,0,1,1
2020-05-01,US,New York,Greene,139,5,0,42.275797,-74.12384884,36039.0,134,131,5,0,126,114,47491,8,0,0,8,17
2020-05-01,US,New York,Hamilton,3,0,0,43.66146647,-74.49721957,36041.0,3,3,0,0,3,3,4434,0,0,0,0,0
2020-05-01,US,New York,Herkimer,60,3,0,43.42034246,-74.96145307,36043.0,57,58,3,0,55,58,61833,2,0,0,2,0
2020-05-01,US,New York,Jefferson,61,0,0,44.04200959,-75.94653457,36045.0,61,61,0,0,61,60,111755,0,0,0,0,1
2020-05-01,US,New York,Lewis,9,0,0,43.7844157,-75.44903992,36049.0,9,9,0,0,9,9,26447,0,0,0,0,0
2020-05-01,US,New York,Livingston,73,5,0,42.72596275,-77.77966158,36051.0,68,69,5,0,64,67,63227,4,0,0,4,2
2020-05-01,US,New York,Madison,139,5,0,42.91653905,-75.67266639,36053.0,134,131,5,0,126,126,70795,8,0,0,8,5
2020-05-01,US,New York,Monroe,1478,121,0,43.14638895,-77.69322942,36055.0,1357,1441,115,0,1326,1404,742474,37,6,0,31,37
2020-05-01,US,New York,Montgomery,54,1,0,42.90123494,-74.44011632,36057.0,53,53,1,0,52,51,49455,1,0,0,1,2
2020-05-01,US,New York,Nassau,36161,1720,0,40.74066522,-73.58941873,36059.0,34441,35854,1700,0,34154,35505,1358343,307,20,0,287,349
2020-05-01,US,New York,New York City,169690,18399,0,40.76727260000001,-73.97152637,36061.0,151291,167478,18069,0,149409,164841,1628701,2212,330,0,1882,2637
2020-05-01,US,New York,Niagara,440,25,0,43.19898042,-78.74777412,36063.0,415,420,21,0,399,401,210433,20,4,0,16,19
2020-05-01,US,New York,Oneida,451,17,0,43.24375382,-75.43710392,36065.0,434,439,15,0,424,422,229577,12,2,0,10,17
2020-05-01,US,New York,Onondaga,860,34,0,43.00491923,-76.19971155,36067.0,826,832,30,0,802,782,461809,28,4,0,24,50
2020-05-01,US,New York,Ontario,91,9,0,42.85145728,-77.30874425,36069.0,82,90,9,0,81,90,109864,1,0,0,1,0
2020-05-01,US,New York,Orange,8751,329,0,41.40337468,-74.30240757,36071.0,8422,8650,320,0,8330,8488,381951,101,9,0,92,162
2020-05-01,US,New York,Orleans,92,13,0,43.2516977,-78.2320066,36073.0,79,89,9,0,80,85,40612,3,4,0,-1,4
2020-05-01,US,New York,Oswego,64,3,0,43.42778894,-76.14635194,36075.0,61,63,3,0,60,63,117898,1,0,0,1,0
2020-05-01,US,New York,Otsego,67,4,0,42.63492579,-75.03151402,36077.0,63,67,4,0,63,66,59749,0,0,0,0,1
2020-05-01,US,New York,Putnam,990,7,0,41.42630093,-73.74965532,36079.0,983,970,7,0,963,946,98892,20,0,0,20,24
2020-05-01,US,New York,Rensselaer,298,11,0,42.71348136,-73.51089874,36083.0,287,287,11,0,276,262,159442,11,0,0,11,25
2020-05-01,US,New York,Rockland,11812,519,0,41.15027894,-74.02560498,36087.0,11293,11708,511,0,11197,11586,325695,104,8,0,96,122
2020-05-01,US,New York,Saratoga,358,11,0,43.10904162,-73.86653895,36091.0,347,354,11,0,343,346,230163,4,0,0,4,8
2020-05-01,US,New York,Schenectady,514,27,0,42.81668777,-74.05278291,36093.0,487,501,22,0,479,479,155350,13,5,0,8,22
2020-05-01,US,New York,Schoharie,43,0,0,42.58831742,-74.44339029999998,36095.0,43,42,0,0,42,39,31097,1,0,0,1,3
2020-05-01,US,New York,Schuyler,7,0,0,42.39184015,-76.8773299,36097.0,7,7,0,0,7,7,17912,0,0,0,0,0
2020-05-01,US,New York,Seneca,41,0,0,42.78081007,-76.82497064,36099.0,41,39,0,0,39,38,34300,2,0,0,2,1
2020-05-01,US,New York,St. Lawrence,176,0,0,44.4976179,-75.06550039,36089.0,176,173,0,0,173,170,108047,3,0,0,3,3
2020-05-01,US,New York,Steuben,216,37,0,42.2689144,-77.3829924,36101.0,179,216,35,0,181,214,95796,0,2,0,-2,2
2020-05-01,US,New York,Suffolk,34037,1203,0,40.88320119,-72.8012172,36103.0,32834,33664,1177,0,32487,33265,1481093,373,26,0,347,399
2020-05-01,US,New York,Sullivan,880,22,0,41.71579493,-74.76394559,36105.0,858,838,22,0,816,811,75498,42,0,0,42,27
2020-05-01,US,New York,Tioga,90,10,0,42.16852837,-76.30835812,36107.0,80,88,10,0,78,84,48560,2,0,0,2,4
2020-05-01,US,New York,Tompkins,128,0,0,42.44945765,-76.47229843,36109.0,128,128,0,0,128,127,102793,0,0,0,0,1
2020-05-01,US,New York,Ulster,1298,37,0,41.89027881,-74.26252104,36111.0,1261,1279,30,0,1249,1252,178599,19,7,0,12,27
2020-05-01,US,New York,Warren,182,0,0,43.56173026,-73.8433699,36113.0,182,176,0,0,176,152,64265,6,0,0,6,24
2020-05-01,US,New York,Washington,170,6,0,43.31153794,-73.43043448,36115.0,164,148,2,0,146,134,61197,22,4,0,18,14
2020-05-01,US,New York,Wayne,71,1,0,43.15494365,-77.02976528,36117.0,70,71,1,0,70,70,90064,0,0,0,0,1
2020-05-01,US,New York,Westchester,29232,1049,0,41.16278376,-73.75741653,36119.0,28183,28970,1031,0,27939,28626,967612,262,18,0,244,344
2020-05-01,US,New York,Wyoming,68,5,0,42.70145109,-78.22199579,36121.0,63,67,5,0,62,65,40085,1,0,0,1,2
2020-05-01,US,New York,Yates,18,1,0,42.63505484,-77.10369919,36123.0,17,18,1,0,17,17,24841,0,0,0,0,1
2020-05-01,US,North Carolina,Alamance,109,1,0,36.0434701,-79.39976137,37001.0,108,109,1,0,108,96,166436,0,0,0,0,13
2020-05-01,US,North Carolina,Alexander,4,0,0,35.922379600000006,-81.17751948,37003.0,4,4,0,0,4,4,37353,0,0,0,0,0
2020-05-01,US,North Carolina,Alleghany,4,0,0,36.49360862,-81.12857041,37005.0,4,3,0,0,3,2,11161,1,0,0,1,1
2020-05-01,US,North Carolina,Anson,27,0,0,34.97403241,-80.09953279,37007.0,27,25,0,0,25,24,24877,2,0,0,2,1
2020-05-01,US,North Carolina,Ashe,5,0,0,36.43296207,-81.49862729,37009.0,5,5,0,0,5,5,27109,0,0,0,0,0
2020-05-01,US,North Carolina,Beaufort,22,0,0,35.48531943,-76.84325809,37013.0,22,22,0,0,22,22,47079,0,0,0,0,0
2020-05-01,US,North Carolina,Bertie,44,2,0,36.0688473,-76.96545943,37015.0,42,44,2,0,42,38,19026,0,0,0,0,6
2020-05-01,US,North Carolina,Bladen,25,0,0,34.61296243,-78.56180059,37017.0,25,21,0,0,21,20,33190,4,0,0,4,1
2020-05-01,US,North Carolina,Brunswick,43,2,0,34.070565,-78.22814204,37019.0,41,43,2,0,41,43,136744,0,0,0,0,0
2020-05-01,US,North Carolina,Buncombe,69,5,0,35.61113393,-82.53305,37021.0,64,68,5,0,63,60,259103,1,0,0,1,8
2020-05-01,US,North Carolina,Burke,106,8,0,35.74989637,-81.70755735,37023.0,98,102,8,0,94,97,90382,4,0,0,4,5
2020-05-01,US,North Carolina,Cabarrus,308,11,0,35.3877799,-80.55267168,37025.0,297,303,11,0,292,275,211342,5,0,0,5,28
2020-05-01,US,North Carolina,Caldwell,34,0,0,35.95204977,-81.54799522,37027.0,34,34,0,0,34,33,82029,0,0,0,0,1
2020-05-01,US,North Carolina,Camden,1,0,0,36.33804939,-76.15568396,37029.0,1,1,0,0,1,1,10710,0,0,0,0,0
2020-05-01,US,North Carolina,Carteret,29,3,0,34.8932941,-76.54120135,37031.0,26,28,3,0,25,28,69524,1,0,0,1,0
2020-05-01,US,North Carolina,Caswell,24,0,0,36.39312665,-79.33353281,37033.0,24,22,0,0,22,19,22698,2,0,0,2,3
2020-05-01,US,North Carolina,Catawba,56,1,0,35.66211129,-81.2132617,37035.0,55,56,1,0,55,56,158652,0,0,0,0,0
2020-05-01,US,North Carolina,Chatham,343,9,0,35.70394416,-79.25541492,37037.0,334,316,8,0,308,287,73139,27,1,0,26,29
2020-05-01,US,North Carolina,Cherokee,16,1,0,35.1349263,-84.05970864,37039.0,15,16,1,0,15,16,28383,0,0,0,0,0
2020-05-01,US,North Carolina,Chowan,7,0,0,36.12908077,-76.60118385,37041.0,7,7,0,0,7,7,14029,0,0,0,0,0
2020-05-01,US,North Carolina,Clay,6,0,0,35.05704275,-83.74353633,37043.0,6,6,0,0,6,6,11139,0,0,0,0,0
2020-05-01,US,North Carolina,Cleveland,47,2,0,35.33553364,-81.55204486,37045.0,45,47,2,0,45,47,97645,0,0,0,0,0
2020-05-01,US,North Carolina,Columbus,153,10,0,34.26744084,-78.65801424,37047.0,143,153,10,0,143,103,55655,0,0,0,0,50
2020-05-01,US,North Carolina,Craven,42,4,0,35.11833364,-77.08398081,37049.0,38,40,4,0,36,39,102912,2,0,0,2,1
2020-05-01,US,North Carolina,Cumberland,286,8,0,35.04762133,-78.82623165,37051.0,278,238,8,0,230,224,332330,48,0,0,48,14
2020-05-01,US,North Carolina,Currituck,5,0,0,36.36123664,-75.95876401,37053.0,5,5,0,0,5,5,27072,0,0,0,0,0
2020-05-01,US,North Carolina,Dare,15,1,0,35.66520691,-75.71767334,37055.0,14,15,1,0,14,15,36501,0,0,0,0,0
2020-05-01,US,North Carolina,Davidson,166,8,0,35.79115496,-80.21256572,37057.0,158,166,8,0,158,166,166614,0,0,0,0,0
2020-05-01,US,North Carolina,Davie,31,2,0,35.93099927,-80.54496571,37059.0,29,30,2,0,28,29,42733,1,0,0,1,1
2020-05-01,US,North Carolina,Duplin,103,0,0,34.93449805,-77.93140529,37061.0,103,92,0,0,92,78,58856,11,0,0,11,14
2020-05-01,US,North Carolina,Durham,741,23,0,36.03638492,-78.87608331,37063.0,718,733,21,0,712,724,316739,8,2,0,6,9
2020-05-01,US,North Carolina,Edgecombe,96,4,0,35.91230639,-77.59436892,37065.0,92,94,4,0,90,81,52005,2,0,0,2,13
2020-05-01,US,North Carolina,Forsyth,245,5,0,36.12859861,-80.25459052,37067.0,240,242,5,0,237,210,379099,3,0,0,3,32
2020-05-01,US,North Carolina,Franklin,104,22,0,36.081519,-78.28708884,37069.0,82,104,22,0,82,102,67560,0,0,0,0,2
2020-05-01,US,North Carolina,Gaston,150,3,0,35.29373559,-81.17477045,37071.0,147,140,3,0,137,140,222846,10,0,0,10,0
2020-05-01,US,North Carolina,Gates,7,0,0,36.44667547,-76.69749701,37073.0,7,7,0,0,7,7,11573,0,0,0,0,0
2020-05-01,US,North Carolina,Graham,2,0,0,35.3506925,-83.83369267,37075.0,2,2,0,0,2,1,8484,0,0,0,0,1
2020-05-01,US,North Carolina,Granville,139,6,0,36.30337451,-78.65184241,37077.0,133,136,5,0,131,136,60115,3,1,0,2,0
2020-05-01,US,North Carolina,Greene,17,0,0,35.48544173,-77.67578087,37079.0,17,16,0,0,16,15,21012,1,0,0,1,1
2020-05-01,US,North Carolina,Guilford,415,30,0,36.07959451,-79.78824948,37081.0,385,381,28,0,353,358,533670,34,2,0,32,23
2020-05-01,US,North Carolina,Halifax,58,1,0,36.25669272,-77.6556109,37083.0,57,58,1,0,57,58,50574,0,0,0,0,0
2020-05-01,US,North Carolina,Harnett,164,7,0,35.36731853,-78.87243571,37085.0,157,156,7,0,149,151,134214,8,0,0,8,5
2020-05-01,US,North Carolina,Haywood,10,0,0,35.55269063,-82.98196486,37087.0,10,10,0,0,10,7,61971,0,0,0,0,3
2020-05-01,US,North Carolina,Henderson,195,21,0,35.33788927,-82.4766782,37089.0,174,192,20,0,172,162,116748,3,1,0,2,30
2020-05-01,US,North Carolina,Hertford,39,1,0,36.3607755,-76.98104134,37091.0,38,37,1,0,36,34,23659,2,0,0,2,3
2020-05-01,US,North Carolina,Hoke,82,0,0,35.01888303,-79.23651674,37093.0,82,80,0,0,80,72,54764,2,0,0,2,8
2020-05-01,US,North Carolina,Hyde,1,0,0,35.42017674,-76.15180542,37095.0,1,1,0,0,1,1,5230,0,0,0,0,0
2020-05-01,US,North Carolina,Iredell,112,6,0,35.80950511,-80.8743128,37097.0,106,112,6,0,106,108,178435,0,0,0,0,4
2020-05-01,US,North Carolina,Jackson,15,0,0,35.28814273,-83.14093385,37099.0,15,15,0,0,15,15,43327,0,0,0,0,0
2020-05-01,US,North Carolina,Johnston,159,13,0,35.51745004,-78.36622717,37101.0,146,158,13,0,145,149,202675,1,0,0,1,9
2020-05-01,US,North Carolina,Jones,15,2,0,35.02254606,-77.35870791,37103.0,13,14,2,0,12,12,9637,1,0,0,1,2
2020-05-01,US,North Carolina,Lee,169,0,0,35.47623147,-79.17569362,37105.0,169,169,0,0,169,142,61452,0,0,0,0,27
2020-05-01,US,North Carolina,Lenoir,68,4,0,35.24032589999999,-77.64245615,37107.0,64,67,4,0,63,60,55976,1,0,0,1,7
2020-05-01,US,North Carolina,Lincoln,27,0,0,35.48508185,-81.21740317,37109.0,27,27,0,0,27,27,83770,0,0,0,0,0
2020-05-01,US,North Carolina,Macon,3,1,0,35.14867843,-83.41696617,37113.0,2,3,1,0,2,2,35285,0,0,0,0,1
2020-05-01,US,North Carolina,Madison,1,0,0,35.85402722,-82.71346418,37115.0,1,1,0,0,1,1,21763,0,0,0,0,0
2020-05-01,US,North Carolina,Martin,16,0,0,35.84326734,-77.10860251,37117.0,16,16,0,0,16,16,22671,0,0,0,0,0
2020-05-01,US,North Carolina,McDowell,25,1,0,35.67736232,-82.0482425,37111.0,24,25,1,0,24,25,45507,0,0,0,0,0
2020-05-01,US,North Carolina,Mecklenburg,1651,49,0,35.24469268,-80.8317671,37119.0,1602,1627,47,0,1580,1567,1093901,24,2,0,22,60
2020-05-01,US,North Carolina,Mitchell,5,0,0,36.01059309,-82.1582442,37121.0,5,5,0,0,5,5,15000,0,0,0,0,0
2020-05-01,US,North Carolina,Montgomery,38,2,0,35.33155144,-79.90416657,37123.0,36,38,2,0,36,37,27271,0,0,0,0,1
2020-05-01,US,North Carolina,Moore,125,6,0,35.30885257,-79.48474178,37125.0,119,125,6,0,119,125,98682,0,0,0,0,0
2020-05-01,US,North Carolina,Nash,97,3,0,35.96575634,-77.98422508,37127.0,94,92,3,0,89,88,94016,5,0,0,5,4
2020-05-01,US,North Carolina,New Hanover,79,3,0,34.25758282,-77.87075626,37129.0,76,79,3,0,76,79,232274,0,0,0,0,0
2020-05-01,US,North Carolina,Northampton,87,5,0,36.41736238,-77.39769443,37131.0,82,86,5,0,81,82,19676,1,0,0,1,4
2020-05-01,US,North Carolina,Onslow,46,1,0,34.72607366,-77.42908179,37133.0,45,45,1,0,44,43,197683,1,0,0,1,2
2020-05-01,US,North Carolina,Orange,219,17,0,36.06092947,-79.12167935,37135.0,202,217,16,0,201,217,146027,2,1,0,1,0
2020-05-01,US,North Carolina,Pamlico,7,0,0,35.15253315,-76.66559823,37137.0,7,7,0,0,7,7,12670,0,0,0,0,0
2020-05-01,US,North Carolina,Pasquotank,36,1,0,36.26723798,-76.25134778,37139.0,35,36,1,0,35,36,39639,0,0,0,0,0
2020-05-01,US,North Carolina,Pender,13,1,0,34.52265624,-77.90352133,37141.0,12,13,1,0,12,11,62162,0,0,0,0,2
2020-05-01,US,North Carolina,Perquimans,14,0,0,36.17847453,-76.40603143,37143.0,14,13,0,0,13,13,13422,1,0,0,1,0
2020-05-01,US,North Carolina,Person,21,0,0,36.38989032,-78.97217358,37145.0,21,20,0,0,20,20,39507,1,0,0,1,0
2020-05-01,US,North Carolina,Pitt,124,2,0,35.59535426,-77.37353178,37147.0,122,123,2,0,121,120,179914,1,0,0,1,3
2020-05-01,US,North Carolina,Polk,23,0,0,35.27820615,-82.16812354,37149.0,23,20,0,0,20,19,20611,3,0,0,3,1
2020-05-01,US,North Carolina,Randolph,209,3,0,35.71015088,-79.80570339,37151.0,206,205,3,0,202,168,143351,4,0,0,4,37
2020-05-01,US,North Carolina,Richmond,48,2,0,35.00417719,-79.74491009,37153.0,46,47,2,0,45,42,44887,1,0,0,1,5
2020-05-01,US,North Carolina,Robeson,175,3,0,34.64244496,-79.10250529999998,37155.0,172,162,3,0,159,162,131831,13,0,0,13,0
2020-05-01,US,North Carolina,Rockingham,26,2,0,36.39593137,-79.77504841,37157.0,24,26,2,0,24,25,90690,0,0,0,0,1
2020-05-01,US,North Carolina,Rowan,382,22,0,35.64003916,-80.52446628,37159.0,360,381,22,0,359,366,141262,1,0,0,1,15
2020-05-01,US,North Carolina,Rutherford,140,6,0,35.40114178,-81.92112099,37161.0,134,139,6,0,133,125,66826,1,0,0,1,14
2020-05-01,US,North Carolina,Sampson,65,0,0,34.98820368,-78.36914061,37163.0,65,63,0,0,63,51,63626,2,0,0,2,12
2020-05-01,US,North Carolina,Scotland,26,0,0,34.8386299,-79.4757978,37165.0,26,24,0,0,24,24,34810,2,0,0,2,0
2020-05-01,US,North Carolina,Stanly,29,4,0,35.31647813,-80.25093221,37167.0,25,29,4,0,25,29,62075,0,0,0,0,0
2020-05-01,US,North Carolina,Stokes,11,0,0,36.4017975,-80.23893369,37169.0,11,11,0,0,11,11,45467,0,0,0,0,0
2020-05-01,US,North Carolina,Surry,13,0,0,36.41689489,-80.69102283,37171.0,13,13,0,0,13,13,71948,0,0,0,0,0
2020-05-01,US,North Carolina,Swain,3,0,0,35.48665845,-83.48748932,37173.0,3,3,0,0,3,3,14245,0,0,0,0,0
2020-05-01,US,North Carolina,Transylvania,7,0,0,35.20383864,-82.79638423,37175.0,7,7,0,0,7,7,34215,0,0,0,0,0
2020-05-01,US,North Carolina,Tyrrell,4,0,0,35.87147226,-76.17055253,37177.0,4,4,0,0,4,4,4131,0,0,0,0,0
2020-05-01,US,North Carolina,Union,254,11,0,34.98960527,-80.52955873,37179.0,243,243,11,0,232,228,235908,11,0,0,11,15
2020-05-01,US,North Carolina,Vance,103,7,0,36.36880673,-78.40670845,37181.0,96,88,6,0,82,84,44582,15,1,0,14,4
2020-05-01,US,North Carolina,Wake,855,19,0,35.78879266,-78.65249174,37183.0,836,833,18,0,815,814,1092305,22,1,0,21,19
2020-05-01,US,North Carolina,Warren,15,0,0,36.39728256,-78.10652228,37185.0,15,10,0,0,10,9,19807,5,0,0,5,1
2020-05-01,US,North Carolina,Washington,24,2,0,35.83810081,-76.57299037,37187.0,22,24,2,0,22,24,11859,0,0,0,0,0
2020-05-01,US,North Carolina,Watauga,9,0,0,36.23103603,-81.70033724,37189.0,9,9,0,0,9,8,55945,0,0,0,0,1
2020-05-01,US,North Carolina,Wayne,658,11,0,35.36438125,-78.00027268,37191.0,647,655,10,0,645,651,123248,3,1,0,2,4
2020-05-01,US,North Carolina,Wilkes,42,1,0,36.2084135,-81.16232895,37193.0,41,33,1,0,32,26,68557,9,0,0,9,7
2020-05-01,US,North Carolina,Wilson,165,7,0,35.70625477,-77.917978,37195.0,158,165,7,0,158,159,81455,0,0,0,0,6
2020-05-01,US,North Carolina,Yadkin,17,1,0,36.16222629,-80.66239436,37197.0,16,17,1,0,16,17,37543,0,0,0,0,0
2020-05-01,US,North Dakota,Barnes,4,0,0,46.93579637,-98.06605978,38003.0,4,4,0,0,4,4,10542,0,0,0,0,0
2020-05-01,US,North Dakota,Bowman,1,0,0,46.11285362,-103.5203343,38011.0,1,1,0,0,1,1,3076,0,0,0,0,0
2020-05-01,US,North Dakota,Burke,3,0,0,48.79094471,-102.5182117,38013.0,3,3,0,0,3,3,2100,0,0,0,0,0
2020-05-01,US,North Dakota,Burleigh,79,0,0,46.97847375,-100.4645214,38015.0,79,77,0,0,77,76,95273,2,0,0,2,1
2020-05-01,US,North Dakota,Cass,542,12,0,46.93201724,-97.2444719,38017.0,530,513,12,0,501,492,181516,29,0,0,29,21
2020-05-01,US,North Dakota,Divide,1,0,0,48.814938700000006,-103.4873611,38023.0,1,1,0,0,1,1,2283,0,0,0,0,0
2020-05-01,US,North Dakota,Dunn,10,0,0,47.35423935,-102.6160468,38025.0,10,10,0,0,10,10,4332,0,0,0,0,0
2020-05-01,US,North Dakota,Eddy,1,0,0,47.71701474,-98.90432337,38027.0,1,1,0,0,1,1,2313,0,0,0,0,0
2020-05-01,US,North Dakota,Emmons,1,1,0,46.28398398,-100.2389766,38029.0,0,1,1,0,0,1,3295,0,0,0,0,0
2020-05-01,US,North Dakota,Foster,1,0,0,47.4571084,-98.88279923,38031.0,1,1,0,0,1,1,3216,0,0,0,0,0
2020-05-01,US,North Dakota,Grand Forks,262,0,0,47.92093639,-97.45450447,38035.0,262,258,0,0,258,251,70770,4,0,0,4,7
2020-05-01,US,North Dakota,Grant,1,0,0,46.35821257,-101.6390013,38037.0,1,1,0,0,1,1,2374,0,0,0,0,0
2020-05-01,US,North Dakota,McHenry,1,1,0,48.23104458,-100.6324822,38049.0,0,1,1,0,0,1,5816,0,0,0,0,0
2020-05-01,US,North Dakota,McIntosh,1,0,0,46.11182017,-99.44145858,38051.0,1,1,0,0,1,1,2585,0,0,0,0,0
2020-05-01,US,North Dakota,McKenzie,13,0,0,47.74133370000001,-103.395905,38053.0,13,13,0,0,13,13,13632,0,0,0,0,0
2020-05-01,US,North Dakota,McLean,3,0,0,47.60766714,-101.3182418,38055.0,3,3,0,0,3,3,9541,0,0,0,0,0
2020-05-01,US,North Dakota,Morton,24,2,0,46.71681782,-101.2822377,38059.0,22,24,2,0,22,24,31095,0,0,0,0,0
2020-05-01,US,North Dakota,Mountrail,35,0,0,48.20197971,-102.3555315,38061.0,35,35,0,0,35,35,10218,0,0,0,0,0
2020-05-01,US,North Dakota,Nelson,1,0,0,47.9226426,-98.19038437,38063.0,1,1,0,0,1,1,2869,0,0,0,0,0
2020-05-01,US,North Dakota,Oliver,1,0,0,47.11530482,-101.3406158,38065.0,1,1,0,0,1,1,1952,0,0,0,0,0
2020-05-01,US,North Dakota,Pembina,3,0,0,48.76623521,-97.5523809,38067.0,3,3,0,0,3,1,6947,0,0,0,0,2
2020-05-01,US,North Dakota,Pierce,2,0,0,48.24977025,-99.96407787,38069.0,2,2,0,0,2,2,4081,0,0,0,0,0
2020-05-01,US,North Dakota,Ramsey,3,0,0,48.26886249,-98.72223879,38071.0,3,3,0,0,3,3,11481,0,0,0,0,0
2020-05-01,US,North Dakota,Ransom,1,0,0,46.45621782,-97.65742504,38073.0,1,1,0,0,1,1,5237,0,0,0,0,0
2020-05-01,US,North Dakota,Renville,1,0,0,48.71982533,-101.6603912,38075.0,1,,,,,,2374,,,,,
2020-05-01,US,North Dakota,Richland,7,0,0,46.26440649,-96.94852979,38077.0,7,7,0,0,7,7,16239,0,0,0,0,0
2020-05-01,US,North Dakota,Rolette,1,0,0,48.77245354,-99.84097493,38079.0,1,1,0,0,1,1,14301,0,0,0,0,0
2020-05-01,US,North Dakota,Sargent,1,0,0,46.10830372,-97.63217159,38081.0,1,1,0,0,1,1,3870,0,0,0,0,0
2020-05-01,US,North Dakota,Sioux,1,0,0,46.11323337,-101.0440149,38085.0,1,1,0,0,1,1,4358,0,0,0,0,0
2020-05-01,US,North Dakota,Slope,3,0,0,46.44737738,-103.4601547,38087.0,3,3,0,0,3,3,763,0,0,0,0,0
2020-05-01,US,North Dakota,Stark,52,2,0,46.80851182,-102.6576326,38089.0,50,49,2,0,47,46,30997,3,0,0,3,3
2020-05-01,US,North Dakota,Stutsman,7,0,0,46.97962541,-98.95637318,38093.0,7,6,0,0,6,6,20917,1,0,0,1,0
2020-05-01,US,North Dakota,Unassigned,0,4,0,0.0,0.0,90038.0,-4,,,,,,,,,,,
2020-05-01,US,North Dakota,Walsh,7,0,0,48.36876964,-97.72574783,38099.0,7,7,0,0,7,7,10667,0,0,0,0,0
2020-05-01,US,North Dakota,Ward,21,1,0,48.22390169,-101.5436763,38101.0,20,21,1,0,20,21,67744,0,0,0,0,0
2020-05-01,US,North Dakota,Wells,2,0,0,47.58614526,-99.65904998,38103.0,2,2,0,0,2,2,3957,0,0,0,0,0
2020-05-01,US,North Dakota,Williams,10,0,0,48.34522353,-103.4793387,38105.0,10,10,0,0,10,10,35350,0,0,0,0,0
2020-05-01,US,Ohio,Adams,5,0,0,38.84541072,-83.4718964,39001.0,5,4,0,0,4,5,27724,1,0,0,1,-1
2020-05-01,US,Ohio,Allen,121,23,0,40.77285242,-84.10802343,39003.0,98,121,23,0,98,116,102663,0,0,0,0,5
2020-05-01,US,Ohio,Ashland,7,0,0,40.84772277,-82.27280781,39005.0,7,7,0,0,7,6,53745,0,0,0,0,1
2020-05-01,US,Ohio,Ashtabula,136,15,0,41.70860332,-80.74830218,39007.0,121,126,15,0,111,116,97493,10,0,0,10,10
2020-05-01,US,Ohio,Athens,4,1,0,39.33425634,-82.04278644,39009.0,3,3,1,0,2,3,65818,1,0,0,1,0
2020-05-01,US,Ohio,Auglaize,33,3,0,40.55998859,-84.22421429999999,39011.0,30,32,3,0,29,32,45804,1,0,0,1,0
2020-05-01,US,Ohio,Belmont,153,7,0,40.01625942,-80.9924051,39013.0,146,144,7,0,137,128,67505,9,0,0,9,16
2020-05-01,US,Ohio,Brown,11,1,0,38.93416837,-83.86788395,39015.0,10,11,1,0,10,11,43602,0,0,0,0,0
2020-05-01,US,Ohio,Butler,296,7,0,39.44012838,-84.57388716,39017.0,289,281,7,0,274,261,382378,15,0,0,15,20
2020-05-01,US,Ohio,Carroll,21,1,0,40.5789686,-81.09178213,39019.0,20,21,1,0,20,19,27081,0,0,0,0,2
2020-05-01,US,Ohio,Champaign,14,1,0,40.13923427,-83.76875242,39021.0,13,14,1,0,13,14,38754,0,0,0,0,0
2020-05-01,US,Ohio,Clark,57,2,0,39.91592258,-83.78498252,39023.0,55,57,2,0,55,51,134585,0,0,0,0,6
2020-05-01,US,Ohio,Clermont,93,3,0,39.04847534,-84.15375786,39025.0,90,88,3,0,85,81,205466,5,0,0,5,7
2020-05-01,US,Ohio,Clinton,31,0,0,39.41485808,-83.80852286,39027.0,31,29,0,0,29,29,42057,2,0,0,2,0
2020-05-01,US,Ohio,Columbiana,267,23,0,40.76932373,-80.78094576,39029.0,244,253,23,0,230,247,102665,14,0,0,14,6
2020-05-01,US,Ohio,Coshocton,17,0,0,40.30096166,-81.91729018,39031.0,17,17,0,0,17,17,36629,0,0,0,0,0
2020-05-01,US,Ohio,Crawford,48,0,0,40.85065156,-82.91989099,39033.0,48,45,0,0,45,45,41550,3,0,0,3,0
2020-05-01,US,Ohio,Cuyahoga,2217,115,0,41.424119,-81.65918339,39035.0,2102,2126,112,0,2014,2030,1243857,91,3,0,88,96
2020-05-01,US,Ohio,Darke,76,14,0,40.13412966,-84.6194517,39037.0,62,76,14,0,62,76,51323,0,0,0,0,0
2020-05-01,US,Ohio,Defiance,20,1,0,41.32398837,-84.49076944,39039.0,19,20,1,0,19,20,38165,0,0,0,0,0
2020-05-01,US,Ohio,Delaware,163,4,0,40.27942393,-83.00457058,39041.0,159,160,4,0,156,153,204826,3,0,0,3,7
2020-05-01,US,Ohio,Erie,56,3,0,41.36796058,-82.62904521,39043.0,53,56,3,0,53,54,74615,0,0,0,0,2
2020-05-01,US,Ohio,Fairfield,138,2,0,39.75107189,-82.63088163,39045.0,136,137,2,0,135,129,155782,1,0,0,1,8
2020-05-01,US,Ohio,Fayette,16,0,0,39.56021306,-83.4562016,39047.0,16,15,0,0,15,15,28666,1,0,0,1,0
2020-05-01,US,Ohio,Franklin,2589,76,0,39.96995815,-83.01115755,39049.0,2513,2441,73,0,2368,2216,1310300,148,3,0,145,225
2020-05-01,US,Ohio,Fulton,24,0,0,41.60213491,-84.12571393,39051.0,24,22,0,0,22,21,42276,2,0,0,2,1
2020-05-01,US,Ohio,Gallia,6,1,0,38.82708533,-82.31647569,39053.0,5,6,1,0,5,6,29979,0,0,0,0,0
2020-05-01,US,Ohio,Geauga,155,13,0,41.49952319,-81.17935342,39055.0,142,154,13,0,141,153,94031,1,0,0,1,1
2020-05-01,US,Ohio,Greene,46,4,0,39.69116283,-83.89032084,39057.0,42,46,4,0,42,46,167995,0,0,0,0,0
2020-05-01,US,Ohio,Guernsey,15,0,0,40.05026529,-81.49248905,39059.0,15,15,0,0,15,15,39022,0,0,0,0,0
2020-05-01,US,Ohio,Hamilton,1297,75,0,39.19673558,-84.54502924,39061.0,1222,1218,71,0,1147,1150,816684,79,4,0,75,68
2020-05-01,US,Ohio,Hancock,37,1,0,41.00250487,-83.66838948,39063.0,36,37,1,0,36,37,75930,0,0,0,0,0
2020-05-01,US,Ohio,Hardin,25,0,0,40.66015414,-83.65929931,39065.0,25,25,0,0,25,24,31480,0,0,0,0,1
2020-05-01,US,Ohio,Harrison,4,0,0,40.29380509,-81.09068544,39067.0,4,4,0,0,4,4,15174,0,0,0,0,0
2020-05-01,US,Ohio,Henry,5,0,0,41.3339642,-84.06830637,39069.0,5,5,0,0,5,5,27086,0,0,0,0,0
2020-05-01,US,Ohio,Highland,10,1,0,39.1839264,-83.60331456,39071.0,9,11,1,0,10,11,43058,-1,0,0,-1,0
2020-05-01,US,Ohio,Hocking,18,1,0,39.49537927,-82.47991446,39073.0,17,18,1,0,17,16,28385,0,0,0,0,2
2020-05-01,US,Ohio,Holmes,6,1,0,40.56163713,-81.92635677,39075.0,5,6,1,0,5,5,43892,0,0,0,0,1
2020-05-01,US,Ohio,Huron,29,1,0,41.14651175,-82.59867951,39077.0,28,29,1,0,28,30,58504,0,0,0,0,-1
2020-05-01,US,Ohio,Jackson,4,0,0,39.01914254,-82.61818559999998,39079.0,4,4,0,0,4,4,32384,0,0,0,0,0
2020-05-01,US,Ohio,Jefferson,43,1,0,40.38614126,-80.76259514,39081.0,42,43,1,0,42,43,65767,0,0,0,0,0
2020-05-01,US,Ohio,Knox,16,1,0,40.39830217,-82.42027563,39083.0,15,16,1,0,15,16,61893,0,0,0,0,0
2020-05-01,US,Ohio,Lake,170,8,0,41.69710807,-81.23676539,39085.0,162,168,7,0,161,165,230514,2,1,0,1,3
2020-05-01,US,Ohio,Lawrence,24,0,0,38.59743452,-82.53466552,39087.0,24,24,0,0,24,24,59866,0,0,0,0,0
2020-05-01,US,Ohio,Licking,121,5,0,40.09136236,-82.48185785,39089.0,116,118,5,0,113,115,175769,3,0,0,3,3
2020-05-01,US,Ohio,Logan,18,0,0,40.38996525,-83.76784341,39091.0,18,18,0,0,18,18,45358,0,0,0,0,0
2020-05-01,US,Ohio,Lorain,471,32,0,41.29553751,-82.15083537,39093.0,439,452,30,0,422,418,309461,19,2,0,17,34
2020-05-01,US,Ohio,Lucas,1297,119,0,41.62101218,-83.65468618,39095.0,1178,1251,117,0,1134,1208,429899,46,2,0,44,43
2020-05-01,US,Ohio,Madison,64,3,0,39.89381073,-83.40178317,39097.0,61,63,3,0,60,60,44413,1,0,0,1,3
2020-05-01,US,Ohio,Mahoning,853,82,0,41.01631101,-80.77287029,39099.0,771,828,80,0,748,804,229642,25,2,0,23,24
2020-05-01,US,Ohio,Marion,2276,4,0,40.58610662,-83.15736305,39101.0,2272,2196,4,0,2192,2196,65256,80,0,0,80,0
2020-05-01,US,Ohio,Medina,171,15,0,41.11770589,-81.89986209999998,39103.0,156,167,15,0,152,165,179146,4,0,0,4,2
2020-05-01,US,Ohio,Meigs,2,0,0,39.09224872,-82.0305041,39105.0,2,2,0,0,2,2,23106,0,0,0,0,0
2020-05-01,US,Ohio,Mercer,26,1,0,40.54043046,-84.62912742,39107.0,25,21,1,0,20,18,40959,5,0,0,5,3
2020-05-01,US,Ohio,Miami,142,27,0,40.0543329,-84.22871271,39109.0,115,139,27,0,112,138,106222,3,0,0,3,1
2020-05-01,US,Ohio,Monroe,3,0,0,39.72984936,-81.08464734,39111.0,3,3,0,0,3,3,13790,0,0,0,0,0
2020-05-01,US,Ohio,Montgomery,293,10,0,39.75394919,-84.29050975,39113.0,283,285,10,0,275,279,532331,8,0,0,8,6
2020-05-01,US,Ohio,Morgan,4,0,0,39.62081738,-81.85308173,39115.0,4,4,0,0,4,4,14604,0,0,0,0,0
2020-05-01,US,Ohio,Morrow,45,1,0,40.52363560000001,-82.7892599,39117.0,44,42,1,0,41,41,35112,3,0,0,3,1
2020-05-01,US,Ohio,Muskingum,15,0,0,39.96575964,-81.94363275,39119.0,15,12,0,0,12,10,86183,3,0,0,3,2
2020-05-01,US,Ohio,Noble,5,0,0,39.76818851,-81.45937183,39121.0,5,5,0,0,5,5,14354,0,0,0,0,0
2020-05-01,US,Ohio,Ottawa,40,1,0,41.53781826,-83.0940185,39123.0,39,38,0,0,38,37,40769,2,1,0,1,1
2020-05-01,US,Ohio,Paulding,8,0,0,41.11676341,-84.5801017,39125.0,8,8,0,0,8,8,18760,0,0,0,0,0
2020-05-01,US,Ohio,Perry,12,0,0,39.73508655,-82.23804971,39127.0,12,12,0,0,12,12,36033,0,0,0,0,0
2020-05-01,US,Ohio,Pickaway,1731,22,0,39.64170392,-83.0243386,39129.0,1709,1732,21,0,1711,1722,58086,-1,1,0,-2,10
2020-05-01,US,Ohio,Pike,3,0,0,39.07634001,-83.06769584,39131.0,3,3,0,0,3,3,28067,0,0,0,0,0
2020-05-01,US,Ohio,Portage,237,41,0,41.16793482,-81.19735782,39133.0,196,236,40,0,196,230,162927,1,1,0,0,6
2020-05-01,US,Ohio,Preble,27,1,0,39.7420247,-84.64787018,39135.0,26,27,1,0,26,27,40997,0,0,0,0,0
2020-05-01,US,Ohio,Putnam,68,8,0,41.02094889,-84.1336111,39137.0,60,67,8,0,59,64,33780,1,0,0,1,3
2020-05-01,US,Ohio,Richland,85,2,0,40.77180308,-82.53799609999999,39139.0,83,81,2,0,79,80,121099,4,0,0,4,1
2020-05-01,US,Ohio,Ross,39,1,0,39.33705391,-83.06000914,39141.0,38,39,1,0,38,37,76931,0,0,0,0,2
2020-05-01,US,Ohio,Sandusky,28,6,0,41.35624126,-83.137872,39143.0,22,27,5,0,22,23,58799,1,1,0,0,4
2020-05-01,US,Ohio,Scioto,11,0,0,38.80270163,-82.98907345,39145.0,11,10,0,0,10,8,75502,1,0,0,1,2
2020-05-01,US,Ohio,Seneca,14,1,0,41.12351311,-83.12783209,39147.0,13,14,1,0,13,14,55207,0,0,0,0,0
2020-05-01,US,Ohio,Shelby,30,1,0,40.33163494,-84.20258189,39149.0,29,30,1,0,29,30,48627,0,0,0,0,0
2020-05-01,US,Ohio,Stark,363,51,0,40.81482476,-81.36437305,39151.0,312,347,50,0,297,333,371574,16,1,0,15,14
2020-05-01,US,Ohio,Summit,639,49,0,41.12464734,-81.53123079,39153.0,590,608,49,0,559,584,541918,31,0,0,31,24
2020-05-01,US,Ohio,Trumbull,318,31,0,41.31735028,-80.76109643,39155.0,287,308,31,0,277,305,198627,10,0,0,10,3
2020-05-01,US,Ohio,Tuscarawas,94,0,0,40.44214695,-81.47226262,39157.0,94,74,0,0,74,60,92176,20,0,0,20,14
2020-05-01,US,Ohio,Union,22,0,0,40.30016061,-83.37239023,39159.0,22,22,0,0,22,19,57835,0,0,0,0,3
2020-05-01,US,Ohio,Van Wert,3,0,0,40.8554138,-84.59111700000003,39161.0,3,3,0,0,3,3,28281,0,0,0,0,0
2020-05-01,US,Ohio,Vinton,6,0,0,39.25208988,-82.4831444,39163.0,6,6,0,0,6,5,13139,0,0,0,0,1
2020-05-01,US,Ohio,Warren,160,11,0,39.42581994,-84.16557457,39165.0,149,146,11,0,135,134,232173,14,0,0,14,12
2020-05-01,US,Ohio,Washington,99,12,0,39.45690571,-81.49121382,39167.0,87,98,12,0,86,95,60155,1,0,0,1,3
2020-05-01,US,Ohio,Wayne,143,30,0,40.82925852,-81.88844833,39169.0,113,128,28,0,100,125,115967,15,2,0,13,3
2020-05-01,US,Ohio,Williams,36,1,0,41.56052014,-84.58429552,39171.0,35,34,1,0,33,33,36804,2,0,0,2,1
2020-05-01,US,Ohio,Wood,174,23,0,41.36224827,-83.62285108,39173.0,151,164,20,0,144,154,130696,10,3,0,7,10
2020-05-01,US,Ohio,Wyandot,24,2,0,40.84339621,-83.30734173,39175.0,22,24,2,0,22,25,21935,0,0,0,0,-1
2020-05-01,US,Oklahoma,Adair,65,3,0,35.88494195,-94.65859267,40001.0,62,64,3,0,61,64,22082,1,0,0,1,0
2020-05-01,US,Oklahoma,Alfalfa,1,0,0,36.73090616,-98.32408495,40003.0,1,1,0,0,1,1,5754,0,0,0,0,0
2020-05-01,US,Oklahoma,Atoka,1,0,0,34.37366573,-96.03802487,40005.0,1,1,0,0,1,1,13838,0,0,0,0,0
2020-05-01,US,Oklahoma,Beaver,9,0,0,36.7496847,-100.4758872,40007.0,9,8,0,0,8,5,5319,1,0,0,1,3
2020-05-01,US,Oklahoma,Beckham,5,0,0,35.26862449,-99.68128023,40009.0,5,5,0,0,5,5,21709,0,0,0,0,0
2020-05-01,US,Oklahoma,Bryan,8,1,0,33.96472458,-96.25903472,40013.0,7,8,1,0,7,8,47192,0,0,0,0,0
2020-05-01,US,Oklahoma,Caddo,64,7,0,35.17364557,-98.37534464,40015.0,57,62,7,0,55,61,28977,2,0,0,2,1
2020-05-01,US,Oklahoma,Canadian,98,3,0,35.5426055,-97.98465569,40017.0,95,98,3,0,95,97,144447,0,0,0,0,1
2020-05-01,US,Oklahoma,Carter,3,1,0,34.25103751,-97.28552485,40019.0,2,3,1,0,2,2,48177,0,0,0,0,1
2020-05-01,US,Oklahoma,Cherokee,27,1,0,35.90692775,-94.99980896,40021.0,26,27,1,0,26,27,48675,0,0,0,0,0
2020-05-01,US,Oklahoma,Choctaw,3,0,0,34.02807439,-95.54771129,40023.0,3,3,0,0,3,3,14668,0,0,0,0,0
2020-05-01,US,Oklahoma,Cimarron,1,0,0,36.74817177,-102.5173885,40025.0,1,1,0,0,1,1,2153,0,0,0,0,0
2020-05-01,US,Oklahoma,Cleveland,426,29,0,35.20413532,-97.32519562,40027.0,397,419,28,0,391,417,281669,7,1,0,6,2
2020-05-01,US,Oklahoma,Comanche,81,2,0,34.65973764,-98.47195055,40031.0,79,80,1,0,79,79,120422,1,1,0,0,1
2020-05-01,US,Oklahoma,Cotton,5,1,0,34.28845626,-98.37053567,40033.0,4,5,1,0,4,5,5776,0,0,0,0,0
2020-05-01,US,Oklahoma,Craig,11,0,0,36.76268118,-95.20916602,40035.0,11,10,0,0,10,10,14306,1,0,0,1,0
2020-05-01,US,Oklahoma,Creek,80,6,0,35.90230551,-96.37086028,40037.0,74,77,6,0,71,77,71604,3,0,0,3,0
2020-05-01,US,Oklahoma,Custer,10,0,0,35.63853802,-99.00170785,40039.0,10,10,0,0,10,10,29036,0,0,0,0,0
2020-05-01,US,Oklahoma,Delaware,91,13,0,36.40823634,-94.80325046,40041.0,78,90,13,0,77,90,42733,1,0,0,1,0
2020-05-01,US,Oklahoma,Dewey,2,0,0,35.98772922,-99.00730714,40043.0,2,2,0,0,2,2,4894,0,0,0,0,0
2020-05-01,US,Oklahoma,Garfield,17,1,0,36.3791334,-97.78265517,40047.0,16,17,1,0,16,15,60913,0,0,0,0,2
2020-05-01,US,Oklahoma,Garvin,14,1,0,34.70418038,-97.30811132,40049.0,13,13,1,0,12,13,27811,1,0,0,1,0
2020-05-01,US,Oklahoma,Grady,36,2,0,35.0167709,-97.88339847,40051.0,34,36,2,0,34,35,55551,0,0,0,0,1
2020-05-01,US,Oklahoma,Grant,2,0,0,36.796297,-97.78638765,40053.0,2,2,0,0,2,2,4326,0,0,0,0,0
2020-05-01,US,Oklahoma,Greer,65,6,0,34.93535801,-99.5605612,40055.0,59,65,6,0,59,64,5821,0,0,0,0,1
2020-05-01,US,Oklahoma,Harper,1,0,0,36.78836519,-99.6679804,40059.0,1,1,0,0,1,1,3797,0,0,0,0,0
2020-05-01,US,Oklahoma,Haskell,4,0,0,35.22257600000001,-95.11513306,40061.0,4,4,0,0,4,4,12668,0,0,0,0,0
2020-05-01,US,Oklahoma,Jackson,16,0,0,34.58781741,-99.41138784,40065.0,16,15,0,0,15,15,24949,1,0,0,1,0
2020-05-01,US,Oklahoma,Jefferson,2,0,0,34.11130184,-97.83182974,40067.0,2,2,0,0,2,2,6123,0,0,0,0,0
2020-05-01,US,Oklahoma,Johnston,3,0,0,34.31440473,-96.66011537,40069.0,3,3,0,0,3,3,10949,0,0,0,0,0
2020-05-01,US,Oklahoma,Kay,47,7,0,36.81799745,-97.14421435,40071.0,40,47,7,0,40,47,44161,0,0,0,0,0
2020-05-01,US,Oklahoma,Kingfisher,8,0,0,35.94530008,-97.94193268,40073.0,8,8,0,0,8,8,15816,0,0,0,0,0
2020-05-01,US,Oklahoma,Kiowa,5,0,0,34.91671958,-98.97720696,40075.0,5,5,0,0,5,4,8729,0,0,0,0,1
2020-05-01,US,Oklahoma,Latimer,5,1,0,34.87844729,-95.25215049,40077.0,4,5,1,0,4,5,10231,0,0,0,0,0
2020-05-01,US,Oklahoma,Le Flore,11,0,0,34.89851864,-94.70392124,40079.0,11,11,0,0,11,10,49980,0,0,0,0,1
2020-05-01,US,Oklahoma,Lincoln,12,0,0,35.70270942,-96.8812462,40081.0,12,13,0,0,13,12,34920,-1,0,0,-1,1
2020-05-01,US,Oklahoma,Logan,16,1,0,35.91899576,-97.44352845,40083.0,15,15,1,0,14,14,47291,1,0,0,1,1
2020-05-01,US,Oklahoma,Love,2,0,0,33.95273467,-97.23906784,40085.0,2,2,0,0,2,2,10134,0,0,0,0,0
2020-05-01,US,Oklahoma,Major,3,1,0,36.31149996,-98.53467076,40093.0,2,3,1,0,2,3,7644,0,0,0,0,0
2020-05-01,US,Oklahoma,Marshall,2,0,0,34.02311222,-96.76855464,40095.0,2,2,0,0,2,2,16806,0,0,0,0,0
2020-05-01,US,Oklahoma,Mayes,24,4,0,36.30179091,-95.23175116,40097.0,20,22,4,0,18,21,41107,2,0,0,2,1
2020-05-01,US,Oklahoma,McClain,74,2,0,35.01123903,-97.44572302,40087.0,72,53,2,0,51,35,39985,21,0,0,21,18
2020-05-01,US,Oklahoma,McCurtain,8,0,0,34.11664328,-94.77222373,40089.0,8,8,0,0,8,8,32703,0,0,0,0,0
2020-05-01,US,Oklahoma,McIntosh,2,0,0,35.37235506,-95.66599306,40091.0,2,2,0,0,2,2,19815,0,0,0,0,0
2020-05-01,US,Oklahoma,Murray,1,0,0,34.48116015,-97.06826283,40099.0,1,1,0,0,1,1,13953,0,0,0,0,0
2020-05-01,US,Oklahoma,Muskogee,27,5,0,35.61318461,-95.37802952,40101.0,22,27,5,0,22,26,68362,0,0,0,0,1
2020-05-01,US,Oklahoma,Noble,6,0,0,36.38953329,-97.22928674,40103.0,6,6,0,0,6,6,11289,0,0,0,0,0
2020-05-01,US,Oklahoma,Nowata,21,0,0,36.79843529,-95.61902331,40105.0,21,21,0,0,21,21,10218,0,0,0,0,0
2020-05-01,US,Oklahoma,Okfuskee,1,0,0,35.46485198,-96.32639984,40107.0,1,1,0,0,1,1,12098,0,0,0,0,0
2020-05-01,US,Oklahoma,Oklahoma,816,31,0,35.55140095,-97.40716948,40109.0,785,773,31,0,742,743,792582,43,0,0,43,30
2020-05-01,US,Oklahoma,Okmulgee,16,0,0,35.64661916,-95.96432828,40111.0,16,16,0,0,16,16,38335,0,0,0,0,0
2020-05-01,US,Oklahoma,Osage,76,8,0,36.62888819,-96.39635704,40113.0,68,75,8,0,67,73,47014,1,0,0,1,2
2020-05-01,US,Oklahoma,Ottawa,34,1,0,36.83532655,-94.81011909,40115.0,33,31,1,0,30,31,31175,3,0,0,3,0
2020-05-01,US,Oklahoma,Pawnee,29,2,0,36.31743373,-96.7033176,40117.0,27,29,2,0,27,29,16390,0,0,0,0,0
2020-05-01,US,Oklahoma,Payne,44,1,0,36.07695283,-96.97584944,40119.0,43,44,1,0,43,44,82040,0,0,0,0,0
2020-05-01,US,Oklahoma,Pittsburg,32,2,0,34.92065823,-95.7513432,40121.0,30,29,2,0,27,28,43877,3,0,0,3,1
2020-05-01,US,Oklahoma,Pontotoc,10,2,0,34.72959848,-96.68337199,40123.0,8,10,1,0,9,10,38247,0,1,0,-1,0
2020-05-01,US,Oklahoma,Pottawatomie,48,4,0,35.20614018,-96.94923008,40125.0,44,45,4,0,41,43,72679,3,0,0,3,2
2020-05-01,US,Oklahoma,Pushmataha,1,0,0,34.41635232,-95.37603505,40127.0,1,1,0,0,1,1,11179,0,0,0,0,0
2020-05-01,US,Oklahoma,Rogers,60,4,0,36.37004357,-95.60406759,40131.0,56,59,3,0,56,52,91984,1,1,0,0,7
2020-05-01,US,Oklahoma,Seminole,11,2,0,35.16478725,-96.61686741,40133.0,9,10,1,0,9,10,24578,1,1,0,0,0
2020-05-01,US,Oklahoma,Sequoyah,12,3,0,35.49447108,-94.75463785,40135.0,9,12,3,0,9,12,41179,0,0,0,0,0
2020-05-01,US,Oklahoma,Stephens,22,1,0,34.48556989,-97.85141892,40137.0,21,22,1,0,21,22,43265,0,0,0,0,0
2020-05-01,US,Oklahoma,Texas,138,1,0,36.74777635,-101.4889765,40139.0,137,131,1,0,130,119,20455,7,0,0,7,12
2020-05-01,US,Oklahoma,Tillman,2,0,0,34.37288446,-98.92426619,40141.0,2,1,0,0,1,1,7348,1,0,0,1,0
2020-05-01,US,Oklahoma,Tulsa,584,33,0,36.11939621,-95.94013939,40143.0,551,567,33,0,534,522,648360,17,0,0,17,45
2020-05-01,US,Oklahoma,Wagoner,120,15,0,35.96024096,-95.51911308,40145.0,105,119,15,0,104,118,80110,1,0,0,1,1
2020-05-01,US,Oklahoma,Washington,263,22,0,36.71380786,-95.90514104,40147.0,241,256,19,0,237,248,51843,7,3,0,4,8
2020-05-01,US,Oklahoma,Woods,3,0,0,36.76705782,-98.86573064,40151.0,3,3,0,0,3,3,8897,0,0,0,0,0
2020-05-01,US,Oklahoma,Woodward,1,0,0,36.42316318,-99.26283045,40153.0,1,1,0,0,1,1,20222,0,0,0,0,0
2020-05-01,US,Oregon,Benton,32,5,0,44.49167306,-123.4316987,41003.0,27,30,5,0,25,29,92101,2,0,0,2,1
2020-05-01,US,Oregon,Clackamas,222,7,0,45.18787398,-122.2179634,41005.0,215,214,7,0,207,206,416075,8,0,0,8,8
2020-05-01,US,Oregon,Clatsop,7,0,0,45.99712889,-123.660711,41007.0,7,6,0,0,6,6,39764,1,0,0,1,0
2020-05-01,US,Oregon,Columbia,14,0,0,45.94464254,-123.0890898,41009.0,14,14,0,0,14,14,52377,0,0,0,0,0
2020-05-01,US,Oregon,Coos,21,0,0,43.17406868,-124.0594514,41011.0,21,20,0,0,20,15,64389,1,0,0,1,5
2020-05-01,US,Oregon,Crook,1,0,0,44.14230227,-120.356297,41013.0,1,1,0,0,1,1,23867,0,0,0,0,0
2020-05-01,US,Oregon,Curry,4,0,0,42.45911325,-124.157282,41015.0,4,4,0,0,4,4,22813,0,0,0,0,0
2020-05-01,US,Oregon,Deschutes,76,0,0,43.91570171,-121.2289121,41017.0,76,76,0,0,76,75,191996,0,0,0,0,1
2020-05-01,US,Oregon,Douglas,24,0,0,43.27941273,-123.167291,41019.0,24,23,0,0,23,23,110283,1,0,0,1,0
2020-05-01,US,Oregon,Grant,1,0,0,44.49024544,-119.0068631,41023.0,1,1,0,0,1,1,7176,0,0,0,0,0
2020-05-01,US,Oregon,Harney,1,0,0,43.06422669,-118.9666306,41025.0,1,1,0,0,1,1,7329,0,0,0,0,0
2020-05-01,US,Oregon,Hood River,6,0,0,45.51872811,-121.65520359999998,41027.0,6,6,0,0,6,6,23428,0,0,0,0,0
2020-05-01,US,Oregon,Jackson,49,0,0,42.43201126,-122.7289309,41029.0,49,49,0,0,49,49,219564,0,0,0,0,0
2020-05-01,US,Oregon,Jefferson,10,0,0,44.62806839,-121.17832,41031.0,10,10,0,0,10,10,24192,0,0,0,0,0
2020-05-01,US,Oregon,Josephine,21,1,0,42.3665549,-123.5561938,41033.0,20,20,1,0,19,20,87393,1,0,0,1,0
2020-05-01,US,Oregon,Klamath,39,0,0,42.68762984,-121.64964609999998,41035.0,39,38,0,0,38,37,67653,1,0,0,1,1
2020-05-01,US,Oregon,Lane,50,2,0,43.93727035,-122.847753,41039.0,48,50,2,0,48,50,379611,0,0,0,0,0
2020-05-01,US,Oregon,Lincoln,5,0,0,44.64252874,-123.869912,41041.0,5,5,0,0,5,5,49388,0,0,0,0,0
2020-05-01,US,Oregon,Linn,87,7,0,44.48899494,-122.5373154,41043.0,80,86,7,0,79,82,127335,1,0,0,1,4
2020-05-01,US,Oregon,Malheur,10,0,0,43.1937027,-117.6227395,41045.0,10,8,0,0,8,7,30725,2,0,0,2,1
2020-05-01,US,Oregon,Marion,508,18,0,44.90287942,-122.5815117,41047.0,490,491,18,0,473,474,346868,17,0,0,17,17
2020-05-01,US,Oregon,Morrow,8,0,0,45.41846568,-119.584546,41049.0,8,6,0,0,6,6,11372,2,0,0,2,0
2020-05-01,US,Oregon,Multnomah,720,44,0,45.54747959,-122.4169351,41051.0,676,707,43,0,664,696,811880,13,1,0,12,11
2020-05-01,US,Oregon,Polk,42,1,0,44.90322804,-123.4128888,41053.0,41,39,1,0,38,39,85234,3,0,0,3,0
2020-05-01,US,Oregon,Sherman,1,0,0,45.41501554,-120.6827834,41055.0,1,1,0,0,1,1,1708,0,0,0,0,0
2020-05-01,US,Oregon,Tillamook,6,0,0,45.46248721,-123.712066,41057.0,6,6,0,0,6,6,26787,0,0,0,0,0
2020-05-01,US,Oregon,Umatilla,57,0,0,45.59073056,-118.7353826,41059.0,57,50,0,0,50,45,77516,7,0,0,7,5
2020-05-01,US,Oregon,Union,4,0,0,45.30915495,-118.0068979,41061.0,4,4,0,0,4,4,26461,0,0,0,0,0
2020-05-01,US,Oregon,Wallowa,1,0,0,45.57894064,-117.18353799999998,41063.0,1,1,0,0,1,1,7081,0,0,0,0,0
2020-05-01,US,Oregon,Wasco,13,1,0,45.16292781,-121.1670954,41065.0,12,13,1,0,12,13,26505,0,0,0,0,0
2020-05-01,US,Oregon,Washington,500,11,0,45.55972701,-123.0955257,41067.0,489,491,11,0,480,481,597695,9,0,0,9,10
2020-05-01,US,Oregon,Yamhill,39,7,0,45.23330449,-123.3086963,41071.0,32,39,7,0,32,39,107002,0,0,0,0,0
2020-05-01,US,Pennsylvania,Adams,140,4,0,39.87140411,-77.21610347,42001.0,136,137,4,0,133,130,102811,3,0,0,3,7
2020-05-01,US,Pennsylvania,Allegheny,1319,99,0,40.46809875,-79.98167747,42003.0,1220,1289,94,0,1195,1273,1218452,30,5,0,25,16
2020-05-01,US,Pennsylvania,Armstrong,52,2,0,40.81665618,-79.46290811,42005.0,50,51,2,0,49,50,65263,1,0,0,1,1
2020-05-01,US,Pennsylvania,Beaver,426,67,0,40.6825484,-80.34921611,42007.0,359,405,65,0,340,392,164742,21,2,0,19,13
2020-05-01,US,Pennsylvania,Bedford,24,1,0,40.00522157,-78.48998442,42009.0,23,24,1,0,23,24,48176,0,0,0,0,0
2020-05-01,US,Pennsylvania,Berks,2748,117,0,40.41570541,-75.92457766,42011.0,2631,2698,117,0,2581,2637,420152,50,0,0,50,61
2020-05-01,US,Pennsylvania,Blair,23,0,0,40.47961444,-78.34917412,42013.0,23,23,0,0,23,23,122492,0,0,0,0,0
2020-05-01,US,Pennsylvania,Bradford,33,2,0,41.78869215,-76.51570822,42015.0,31,31,2,0,29,29,60833,2,0,0,2,2
2020-05-01,US,Pennsylvania,Bucks,3070,225,0,40.33682119,-75.10836643,42017.0,2845,2907,205,0,2702,2776,628195,163,20,0,143,131
2020-05-01,US,Pennsylvania,Butler,180,6,0,40.91152759,-79.91351055,42019.0,174,178,6,0,172,175,187888,2,0,0,2,3
2020-05-01,US,Pennsylvania,Cambria,31,1,0,40.49527404,-78.71377428,42021.0,30,28,1,0,27,25,131730,3,0,0,3,3
2020-05-01,US,Pennsylvania,Cameron,1,0,0,41.43625568,-78.20376845,42023.0,1,1,0,0,1,1,4492,0,0,0,0,0
2020-05-01,US,Pennsylvania,Carbon,181,15,0,40.91545395,-75.7068525,42025.0,166,175,15,0,160,170,64227,6,0,0,6,5
2020-05-01,US,Pennsylvania,Centre,96,1,0,40.92058903,-77.82200624,42027.0,95,96,1,0,95,95,162805,0,0,0,0,1
2020-05-01,US,Pennsylvania,Chester,1432,111,0,39.97291773,-75.74768357,42029.0,1321,1375,111,0,1264,1304,522046,57,0,0,57,71
2020-05-01,US,Pennsylvania,Clarion,23,1,0,41.19265812,-79.42413524,42031.0,22,23,1,0,22,23,38779,0,0,0,0,0
2020-05-01,US,Pennsylvania,Clearfield,16,0,0,41.00110782,-78.47592663,42033.0,16,16,0,0,16,14,79388,0,0,0,0,2
2020-05-01,US,Pennsylvania,Clinton,32,0,0,41.23255967,-77.63785995,42035.0,32,31,0,0,31,30,38684,1,0,0,1,1
2020-05-01,US,Pennsylvania,Columbia,289,13,0,41.04821986,-76.40565017,42037.0,276,283,13,0,270,283,65456,6,0,0,6,0
2020-05-01,US,Pennsylvania,Crawford,19,0,0,41.68447709,-80.10760592,42039.0,19,19,0,0,19,19,85063,0,0,0,0,0
2020-05-01,US,Pennsylvania,Cumberland,349,17,0,40.1625372,-77.26130755,42041.0,332,343,16,0,327,324,251423,6,1,0,5,19
2020-05-01,US,Pennsylvania,Dauphin,601,25,0,40.41377078,-76.77993242,42043.0,576,584,25,0,559,558,277097,17,0,0,17,26
2020-05-01,US,Pennsylvania,Delaware,3848,240,0,39.91680171,-75.40243663,42045.0,3608,3696,235,0,3461,3619,564751,152,5,0,147,77
2020-05-01,US,Pennsylvania,Elk,3,0,0,41.42822061,-78.64524744,42047.0,3,3,0,0,3,3,30169,0,0,0,0,0
2020-05-01,US,Pennsylvania,Erie,87,2,0,41.99253829,-80.03301954,42049.0,85,87,2,0,85,87,272061,0,0,0,0,0
2020-05-01,US,Pennsylvania,Fayette,81,4,0,39.92041012,-79.64291195,42051.0,77,80,4,0,76,80,130441,1,0,0,1,0
2020-05-01,US,Pennsylvania,Forest,7,0,0,41.51095103,-79.23229292,42053.0,7,7,0,0,7,7,7279,0,0,0,0,0
2020-05-01,US,Pennsylvania,Franklin,313,7,0,39.92956518,-77.72157791,42055.0,306,284,6,0,278,264,154835,29,1,0,28,20
2020-05-01,US,Pennsylvania,Fulton,5,0,0,39.92913544,-78.11163677,42057.0,5,5,0,0,5,5,14523,0,0,0,0,0
2020-05-01,US,Pennsylvania,Greene,26,0,0,39.85746531,-80.22357106,42059.0,26,26,0,0,26,26,36506,0,0,0,0,0
2020-05-01,US,Pennsylvania,Huntingdon,40,0,0,40.42162652,-77.97673273,42061.0,40,38,0,0,38,29,45168,2,0,0,2,9
2020-05-01,US,Pennsylvania,Indiana,63,4,0,40.65241041,-79.08963285,42063.0,59,63,4,0,59,63,84501,0,0,0,0,0
2020-05-01,US,Pennsylvania,Jefferson,4,0,0,41.12913106,-78.9986361,42065.0,4,4,0,0,4,4,43641,0,0,0,0,0
2020-05-01,US,Pennsylvania,Juniata,84,1,0,40.53358749,-77.39975129999998,42067.0,83,83,1,0,82,82,24704,1,0,0,1,1
2020-05-01,US,Pennsylvania,Lackawanna,934,83,0,41.43564672,-75.60379201,42069.0,851,913,82,0,831,873,210793,21,1,0,20,40
2020-05-01,US,Pennsylvania,Lancaster,1820,173,0,40.03904563,-76.24770128,42071.0,1647,1765,170,0,1595,1703,543557,55,3,0,52,62
2020-05-01,US,Pennsylvania,Lawrence,65,6,0,40.99206278,-80.33393706,42073.0,59,65,6,0,59,64,86184,0,0,0,0,1
2020-05-01,US,Pennsylvania,Lebanon,694,9,0,40.36680311,-76.45651841,42075.0,685,676,9,0,667,648,141314,18,0,0,18,28
2020-05-01,US,Pennsylvania,Lehigh,2850,80,0,40.6154815,-75.59435245,42077.0,2770,2796,74,0,2722,2719,368100,54,6,0,48,77
2020-05-01,US,Pennsylvania,Luzerne,2173,92,0,41.17823008,-75.98447579,42079.0,2081,2143,88,0,2055,2111,317646,30,4,0,26,32
2020-05-01,US,Pennsylvania,Lycoming,71,1,0,41.34310539,-77.06629984,42081.0,70,68,0,0,68,61,113664,3,1,0,2,7
2020-05-01,US,Pennsylvania,McKean,6,0,0,41.80938602,-78.56478358,42083.0,6,6,0,0,6,6,40968,0,0,0,0,0
2020-05-01,US,Pennsylvania,Mercer,65,1,0,41.30248872,-80.25816981,42085.0,64,65,1,0,64,65,110683,0,0,0,0,0
2020-05-01,US,Pennsylvania,Mifflin,37,0,0,40.61116939,-77.61070738,42087.0,37,38,0,0,38,36,46222,-1,0,0,-1,2
2020-05-01,US,Pennsylvania,Monroe,1147,54,0,41.05934058,-75.34031025,42089.0,1093,1127,54,0,1073,1111,169507,20,0,0,20,16
2020-05-01,US,Pennsylvania,Montgomery,4406,362,0,40.21053671,-75.36652296,42091.0,4044,4307,351,0,3956,4177,828604,99,11,0,88,130
2020-05-01,US,Pennsylvania,Montour,48,0,0,41.03023987,-76.66345939,42093.0,48,47,0,0,47,47,18240,1,0,0,1,0
2020-05-01,US,Pennsylvania,Northampton,2103,94,0,40.75182733,-75.30471829,42095.0,2009,2050,94,0,1956,2008,304807,53,0,0,53,42
2020-05-01,US,Pennsylvania,Northumberland,95,0,0,40.84785433,-76.70798222,42097.0,95,93,0,0,93,92,91083,2,0,0,2,1
2020-05-01,US,Pennsylvania,Perry,32,1,0,40.40206612,-77.26297447,42099.0,31,30,1,0,29,30,46139,2,0,0,2,0
2020-05-01,US,Pennsylvania,Philadelphia,15137,638,0,40.00338507,-75.1379271,42101.0,14499,14468,541,0,13927,13803,1584138,669,97,0,572,665
2020-05-01,US,Pennsylvania,Pike,383,15,0,41.33155042,-75.03208106,42103.0,368,378,14,0,364,369,55933,5,1,0,4,9
2020-05-01,US,Pennsylvania,Potter,4,0,0,41.74471626,-77.89559864,42105.0,4,4,0,0,4,4,16622,0,0,0,0,0
2020-05-01,US,Pennsylvania,Schuylkill,375,6,0,40.70497338,-76.2150785,42107.0,369,368,6,0,362,343,142067,7,0,0,7,25
2020-05-01,US,Pennsylvania,Snyder,33,1,0,40.77129231,-77.06840691,42109.0,32,33,1,0,32,33,40540,0,0,0,0,0
2020-05-01,US,Pennsylvania,Somerset,26,0,0,39.97172723,-79.02699593,42111.0,26,26,0,0,26,26,73952,0,0,0,0,0
2020-05-01,US,Pennsylvania,Sullivan,1,0,0,41.44634738,-76.51246591,42113.0,1,1,0,0,1,1,6071,0,0,0,0,0
2020-05-01,US,Pennsylvania,Susquehanna,84,8,0,41.82147784,-75.80071959,42115.0,76,84,8,0,76,81,40589,0,0,0,0,3
2020-05-01,US,Pennsylvania,Tioga,16,1,0,41.77255149,-77.25433032,42117.0,15,16,1,0,15,14,40763,0,0,0,0,2
2020-05-01,US,Pennsylvania,Union,37,0,0,40.96188846,-77.05996014,42119.0,37,36,0,0,36,33,44785,1,0,0,1,3
2020-05-01,US,Pennsylvania,Venango,7,0,0,41.40323442,-79.75845449,42121.0,7,7,0,0,7,7,51266,0,0,0,0,0
2020-05-01,US,Pennsylvania,Warren,1,0,0,41.81304978,-79.26969577,42123.0,1,1,0,0,1,1,39498,0,0,0,0,0
2020-05-01,US,Pennsylvania,Washington,116,2,0,40.19208869,-80.24582867,42125.0,114,115,2,0,113,113,207346,1,0,0,1,2
2020-05-01,US,Pennsylvania,Wayne,102,5,0,41.64938475,-75.29956506,42127.0,97,100,5,0,95,95,51276,2,0,0,2,5
2020-05-01,US,Pennsylvania,Westmoreland,393,25,0,40.31377979999999,-79.46615476,42129.0,368,391,25,0,366,386,350611,2,0,0,2,5
2020-05-01,US,Pennsylvania,Wyoming,21,2,0,41.51955538,-76.01074915,42131.0,19,20,2,0,18,19,27046,1,0,0,1,1
2020-05-01,US,Pennsylvania,York,651,11,0,39.9210089,-76.73040131,42133.0,640,641,9,0,632,624,448273,10,2,0,8,17
2020-05-01,US,Rhode Island,Bristol,142,0,0,41.71018079,-71.28652315,44001.0,142,143,0,0,143,145,48649,-1,0,0,-1,-2
2020-05-01,US,Rhode Island,Kent,638,0,0,41.67106337,-71.57641596,44003.0,638,622,0,0,622,598,163861,16,0,0,16,24
2020-05-01,US,Rhode Island,Newport,155,0,0,41.5642026,-71.26569799,44005.0,155,149,0,0,149,148,82542,6,0,0,6,1
2020-05-01,US,Rhode Island,Providence,6579,0,0,41.87064746,-71.57753536,44007.0,6579,6290,0,0,6290,5967,636084,289,0,0,289,323
2020-05-01,US,Rhode Island,Unassigned,1104,279,0,0.0,0.0,90044.0,825,1087,266,0,821,1065,,17,13,0,4,22
2020-05-01,US,Rhode Island,Washington,344,0,0,41.45961631,-71.61435303,44009.0,344,330,0,0,330,324,126179,14,0,0,14,6
2020-05-01,US,South Carolina,Abbeville,31,0,0,34.22333378,-82.46170658,45001.0,31,31,0,0,31,29,24541,0,0,0,0,2
2020-05-01,US,South Carolina,Aiken,101,6,0,33.54338026,-81.63645384,45003.0,95,99,6,0,93,97,169401,2,0,0,2,2
2020-05-01,US,South Carolina,Allendale,11,1,0,32.98837386,-81.35321066,45005.0,10,10,1,0,9,10,8903,1,0,0,1,0
2020-05-01,US,South Carolina,Anderson,164,8,0,34.51828081,-82.63959517,45007.0,156,160,8,0,152,157,200482,4,0,0,4,3
2020-05-01,US,South Carolina,Bamberg,10,0,0,33.21927586,-81.05659969,45009.0,10,10,0,0,10,9,14275,0,0,0,0,1
2020-05-01,US,South Carolina,Barnwell,21,0,0,33.26679302,-81.43584352,45011.0,21,20,0,0,20,17,21112,1,0,0,1,3
2020-05-01,US,South Carolina,Beaufort,269,11,0,32.39226291,-80.72619758,45013.0,258,263,11,0,252,262,188715,6,0,0,6,1
2020-05-01,US,South Carolina,Berkeley,183,10,0,33.20222596,-79.94654523,45015.0,173,180,10,0,170,174,221091,3,0,0,3,6
2020-05-01,US,South Carolina,Calhoun,7,1,0,33.66926881,-80.77722168,45017.0,6,7,1,0,6,6,14520,0,0,0,0,1
2020-05-01,US,South Carolina,Charleston,452,7,0,32.82487866,-79.96512315,45019.0,445,444,7,0,437,441,405905,8,0,0,8,3
2020-05-01,US,South Carolina,Cherokee,17,0,0,35.05122251,-81.61828622,45021.0,17,17,0,0,17,15,57078,0,0,0,0,2
2020-05-01,US,South Carolina,Chester,30,0,0,34.69249168,-81.1583216,45023.0,30,30,0,0,30,27,32251,0,0,0,0,3
2020-05-01,US,South Carolina,Chesterfield,58,1,0,34.64137396,-80.15640140000002,45025.0,57,51,1,0,50,48,45754,7,0,0,7,3
2020-05-01,US,South Carolina,Clarendon,214,21,0,33.66610974,-80.21647898,45027.0,193,210,18,0,192,201,33700,4,3,0,1,9
2020-05-01,US,South Carolina,Colleton,33,4,0,32.87582989,-80.67641292,45029.0,29,27,4,0,23,26,37660,6,0,0,6,1
2020-05-01,US,South Carolina,Darlington,130,2,0,34.33358335,-79.96027485,45031.0,128,126,2,0,124,114,66802,4,0,0,4,12
2020-05-01,US,South Carolina,Dillon,54,0,0,34.39007791,-79.37741872,45033.0,54,52,0,0,52,47,30599,2,0,0,2,5
2020-05-01,US,South Carolina,Dorchester,100,3,0,33.0794369,-80.40502652,45035.0,97,97,3,0,94,94,160647,3,0,0,3,3
2020-05-01,US,South Carolina,Edgefield,29,1,0,33.77221995,-81.96231108,45037.0,28,29,1,0,28,29,27052,0,0,0,0,0
2020-05-01,US,South Carolina,Fairfield,36,2,0,34.39287073,-81.1195624,45039.0,34,36,2,0,34,34,22402,0,0,0,0,2
2020-05-01,US,South Carolina,Florence,325,15,0,34.02361754,-79.70189312,45041.0,310,304,14,0,290,288,138159,21,1,0,20,16
2020-05-01,US,South Carolina,Georgetown,43,3,0,33.43443342,-79.33202141,45043.0,40,43,3,0,40,40,62249,0,0,0,0,3
2020-05-01,US,South Carolina,Greenville,730,38,0,34.89502264,-82.37295012,45045.0,692,722,37,0,685,689,514213,8,1,0,7,33
2020-05-01,US,South Carolina,Greenwood,49,0,0,34.15272415,-82.12715789,45047.0,49,49,0,0,49,46,70741,0,0,0,0,3
2020-05-01,US,South Carolina,Hampton,26,0,0,32.77419582,-81.13845571,45049.0,26,23,0,0,23,23,19351,3,0,0,3,0
2020-05-01,US,South Carolina,Horry,223,16,0,33.9212828,-78.99555293,45051.0,207,215,15,0,200,211,344147,8,1,0,7,4
2020-05-01,US,South Carolina,Jasper,21,1,0,32.43171982,-81.02487495,45053.0,20,19,1,0,18,19,28971,2,0,0,2,0
2020-05-01,US,South Carolina,Kershaw,237,10,0,34.33988254,-80.58763164,45055.0,227,237,10,0,227,234,65592,0,0,0,0,3
2020-05-01,US,South Carolina,Lancaster,99,4,0,34.68270843,-80.70513032,45057.0,95,96,4,0,92,93,95380,3,0,0,3,3
2020-05-01,US,South Carolina,Laurens,40,1,0,34.48244419,-82.00490796,45059.0,39,39,1,0,38,38,66994,1,0,0,1,1
2020-05-01,US,South Carolina,Lee,65,7,0,34.16393091,-80.25690731,45061.0,58,63,7,0,56,58,17142,2,0,0,2,5
2020-05-01,US,South Carolina,Lexington,370,15,0,33.89665987,-81.27146426,45063.0,355,361,15,0,346,358,295032,9,0,0,9,3
2020-05-01,US,South Carolina,Marion,36,2,0,34.07859748,-79.36400756,45067.0,34,34,2,0,32,32,31039,2,0,0,2,2
2020-05-01,US,South Carolina,Marlboro,46,0,0,34.59905577,-79.67561152,45069.0,46,45,0,0,45,43,26398,1,0,0,1,2
2020-05-01,US,South Carolina,McCormick,6,1,0,33.90161443,-82.30794338,45065.0,5,6,1,0,5,6,9410,0,0,0,0,0
2020-05-01,US,South Carolina,Newberry,27,1,0,34.28629098,-81.59935761,45071.0,26,26,1,0,25,24,38520,1,0,0,1,2
2020-05-01,US,South Carolina,Oconee,24,0,0,34.75225169,-83.06742317,45073.0,24,24,0,0,24,24,78374,0,0,0,0,0
2020-05-01,US,South Carolina,Orangeburg,77,2,0,33.4391073,-80.79886287,45075.0,75,72,1,0,71,68,86934,5,1,0,4,4
2020-05-01,US,South Carolina,Pickens,57,1,0,34.88807695,-82.72791551,45077.0,56,54,1,0,53,54,124937,3,0,0,3,0
2020-05-01,US,South Carolina,Richland,913,34,0,34.01791263,-80.90267209,45079.0,879,899,33,0,866,884,414576,14,1,0,13,15
2020-05-01,US,South Carolina,Saluda,52,0,0,34.00795823,-81.72713237,45081.0,52,47,0,0,47,41,20544,5,0,0,5,6
2020-05-01,US,South Carolina,Spartanburg,295,11,0,34.92960077,-81.99225984,45083.0,284,287,9,0,278,262,313888,8,2,0,6,25
2020-05-01,US,South Carolina,Sumter,230,11,0,33.91826534,-80.37942316,45085.0,219,228,11,0,217,223,106512,2,0,0,2,5
2020-05-01,US,South Carolina,Union,26,0,0,34.68835752,-81.61730349,45087.0,26,26,0,0,26,25,27410,0,0,0,0,1
2020-05-01,US,South Carolina,Williamsburg,76,2,0,33.62190129,-79.72767442,45089.0,74,67,0,0,67,65,30606,9,2,0,7,2
2020-05-01,US,South Carolina,York,215,3,0,34.97281497,-81.18085944,45091.0,212,210,3,0,207,197,274118,5,0,0,5,13
2020-05-01,US,South Dakota,Aurora,1,0,0,43.71757685,-98.56050467,46003.0,1,1,0,0,1,1,2801,0,0,0,0,0
2020-05-01,US,South Dakota,Beadle,21,2,0,44.41464384,-98.27858469,46005.0,19,21,2,0,19,21,18883,0,0,0,0,0
2020-05-01,US,South Dakota,Bon Homme,4,0,0,42.98914167,-97.88592746,46009.0,4,4,0,0,4,4,6980,0,0,0,0,0
2020-05-01,US,South Dakota,Brookings,13,0,0,44.36974375,-96.79079945,46011.0,13,13,0,0,13,12,35232,0,0,0,0,1
2020-05-01,US,South Dakota,Brown,42,0,0,45.58994323,-98.35165355,46013.0,42,39,0,0,39,32,39316,3,0,0,3,7
2020-05-01,US,South Dakota,Buffalo,1,0,0,44.07657829,-99.20814467,46017.0,1,1,0,0,1,1,2036,0,0,0,0,0
2020-05-01,US,South Dakota,Charles Mix,5,0,0,43.20660134,-98.58856175,46023.0,5,5,0,0,5,5,9338,0,0,0,0,0
2020-05-01,US,South Dakota,Clark,1,0,0,44.85834507,-97.72925109,46025.0,1,1,0,0,1,1,3739,0,0,0,0,0
2020-05-01,US,South Dakota,Clay,6,0,0,42.91296147,-96.97656917,46027.0,6,6,0,0,6,6,14041,0,0,0,0,0
2020-05-01,US,South Dakota,Codington,14,0,0,44.97788119,-97.18827677,46029.0,14,14,0,0,14,14,28015,0,0,0,0,0
2020-05-01,US,South Dakota,Corson,1,0,0,45.70889983,-101.1970473,46031.0,1,1,0,0,1,1,4165,0,0,0,0,0
2020-05-01,US,South Dakota,Davison,5,0,0,43.67490933,-98.14458906,46035.0,5,5,0,0,5,5,19790,0,0,0,0,0
2020-05-01,US,South Dakota,Day,4,0,0,45.367281,-97.60737498,46037.0,4,1,0,0,1,1,5505,3,0,0,3,0
2020-05-01,US,South Dakota,Deuel,1,0,0,44.75994309,-96.66943645,46039.0,1,1,0,0,1,1,4337,0,0,0,0,0
2020-05-01,US,South Dakota,Dewey,1,0,0,45.15639647,-100.8709139,46041.0,1,,,,,,5904,,,,,
2020-05-01,US,South Dakota,Douglas,1,0,0,43.38520741,-98.36978007,46043.0,1,1,0,0,1,1,2935,0,0,0,0,0
2020-05-01,US,South Dakota,Fall River,1,0,0,43.23929297,-103.5275691,46047.0,1,1,0,0,1,1,6758,0,0,0,0,0
2020-05-01,US,South Dakota,Faulk,1,0,0,45.07082625,-99.14535601,46049.0,1,1,0,0,1,1,2330,0,0,0,0,0
2020-05-01,US,South Dakota,Hamlin,2,0,0,44.67385954,-97.18829593,46057.0,2,2,0,0,2,2,6111,0,0,0,0,0
2020-05-01,US,South Dakota,Hand,1,0,0,44.54708407,-99.00386459,46059.0,1,1,0,0,1,1,3262,0,0,0,0,0
2020-05-01,US,South Dakota,Hughes,9,0,0,44.39091534,-99.99661148,46065.0,9,8,0,0,8,7,17650,1,0,0,1,1
2020-05-01,US,South Dakota,Hutchinson,3,0,0,43.33449012,-97.75536441,46067.0,3,3,0,0,3,3,7380,0,0,0,0,0
2020-05-01,US,South Dakota,Hyde,1,0,0,44.54747703,-99.48572582,46069.0,1,1,0,0,1,1,1282,0,0,0,0,0
2020-05-01,US,South Dakota,Jerauld,6,1,0,44.06637798,-98.62965972,46073.0,5,6,1,0,5,6,2043,0,0,0,0,0
2020-05-01,US,South Dakota,Lake,4,0,0,44.02193107,-97.12926365,46079.0,4,4,0,0,4,4,13057,0,0,0,0,0
2020-05-01,US,South Dakota,Lawrence,9,0,0,44.35919441,-103.7929428,46081.0,9,9,0,0,9,9,25741,0,0,0,0,0
2020-05-01,US,South Dakota,Lincoln,153,0,0,43.27841182,-96.7203905,46083.0,153,147,0,0,147,138,58807,6,0,0,6,9
2020-05-01,US,South Dakota,Lyman,3,0,0,43.89522709,-99.85201878,46085.0,3,3,0,0,3,3,3821,0,0,0,0,0
2020-05-01,US,South Dakota,Marshall,1,0,0,45.75870838,-97.59855639,46091.0,1,1,0,0,1,1,5112,0,0,0,0,0
2020-05-01,US,South Dakota,McCook,4,1,0,43.6742571,-97.36863144,46087.0,3,4,1,0,3,4,5546,0,0,0,0,0
2020-05-01,US,South Dakota,McPherson,1,0,0,45.76626028,-99.22118798,46089.0,1,1,0,0,1,1,2407,0,0,0,0,0
2020-05-01,US,South Dakota,Meade,1,0,0,44.56676791,-102.7162741,46093.0,1,1,0,0,1,1,28294,0,0,0,0,0
2020-05-01,US,South Dakota,Miner,1,0,0,44.02197882,-97.60992207,46097.0,1,1,0,0,1,1,2213,0,0,0,0,0
2020-05-01,US,South Dakota,Minnehaha,2089,16,0,43.67441641,-96.7910885,46099.0,2073,2038,8,0,2030,1984,192876,51,8,0,43,54
2020-05-01,US,South Dakota,Moody,5,0,0,44.02266214,-96.67081159,46101.0,5,5,0,0,5,5,6579,0,0,0,0,0
2020-05-01,US,South Dakota,Oglala Lakota,1,0,0,43.33749164,-102.5555498,46102.0,1,1,0,0,1,1,14309,0,0,0,0,0
2020-05-01,US,South Dakota,Pennington,13,1,0,44.0025835,-102.8240777,46103.0,12,12,1,0,11,12,111729,1,0,0,1,0
2020-05-01,US,South Dakota,Roberts,8,0,0,45.62975048,-96.94672673,46109.0,8,4,0,0,4,4,10447,4,0,0,4,0
2020-05-01,US,South Dakota,Sanborn,3,0,0,44.02351092,-98.0909816,46111.0,3,3,0,0,3,3,2429,0,0,0,0,0
2020-05-01,US,South Dakota,Spink,3,0,0,44.93837606,-98.34626602,46115.0,3,3,0,0,3,3,6495,0,0,0,0,0
2020-05-01,US,South Dakota,Stanley,8,0,0,44.41381872,-100.7349153,46117.0,8,7,0,0,7,6,3022,1,0,0,1,1
2020-05-01,US,South Dakota,Sully,1,0,0,44.71571812,-100.1278092,46119.0,1,1,0,0,1,1,1392,0,0,0,0,0
2020-05-01,US,South Dakota,Todd,2,0,0,43.19338568,-100.7195503,46121.0,2,1,0,0,1,1,10283,1,0,0,1,0
2020-05-01,US,South Dakota,Turner,17,0,0,43.3109081,-97.14865776,46125.0,17,17,0,0,17,15,8424,0,0,0,0,2
2020-05-01,US,South Dakota,Union,21,0,0,42.83112163,-96.6557828,46127.0,21,18,0,0,18,17,15619,3,0,0,3,1
2020-05-01,US,South Dakota,Walworth,5,0,0,45.43019636,-100.0307514,46129.0,5,5,0,0,5,5,5587,0,0,0,0,0
2020-05-01,US,South Dakota,Yankton,27,0,0,43.00924485,-97.39467635,46135.0,27,26,0,0,26,26,22869,1,0,0,1,0
2020-05-01,US,Tennessee,Anderson,28,1,0,36.12684348,-84.19965764,47001.0,27,28,1,0,27,27,76482,0,0,0,0,1
2020-05-01,US,Tennessee,Bedford,184,2,0,35.51123746,-86.45549096,47003.0,182,173,2,0,171,169,49038,11,0,0,11,4
2020-05-01,US,Tennessee,Benton,5,1,0,36.07110411,-88.06849355,47005.0,4,6,1,0,5,6,16184,-1,0,0,-1,0
2020-05-01,US,Tennessee,Bledsoe,595,0,0,35.59942968,-85.20611967,47007.0,595,594,0,0,594,592,14755,1,0,0,1,2
2020-05-01,US,Tennessee,Blount,58,3,0,35.68938198,-83.92847788,47009.0,55,56,3,0,53,55,131349,2,0,0,2,1
2020-05-01,US,Tennessee,Bradley,52,1,0,35.15739424,-84.857186,47011.0,51,49,1,0,48,48,106727,3,0,0,3,1
2020-05-01,US,Tennessee,Campbell,16,1,0,36.40355516,-84.15108559999999,47013.0,15,15,1,0,14,14,39583,1,0,0,1,1
2020-05-01,US,Tennessee,Cannon,12,0,0,35.80990797,-86.05738983,47015.0,12,12,0,0,12,11,14462,0,0,0,0,1
2020-05-01,US,Tennessee,Carroll,18,1,0,35.97366108,-88.45189331,47017.0,17,18,1,0,17,18,28020,0,0,0,0,0
2020-05-01,US,Tennessee,Carter,13,1,0,36.28969086,-82.12588974,47019.0,12,12,1,0,11,12,56351,1,0,0,1,0
2020-05-01,US,Tennessee,Cheatham,48,0,0,36.26136216,-87.08903581,47021.0,48,46,0,0,46,42,40439,2,0,0,2,4
2020-05-01,US,Tennessee,Chester,10,0,0,35.42527478,-88.6095842,47023.0,10,10,0,0,10,10,17276,0,0,0,0,0
2020-05-01,US,Tennessee,Claiborne,5,0,0,36.48319149,-83.65947309,47025.0,5,5,0,0,5,5,31756,0,0,0,0,0
2020-05-01,US,Tennessee,Clay,5,0,0,36.55151008,-85.53930419,47027.0,5,5,0,0,5,5,7717,0,0,0,0,0
2020-05-01,US,Tennessee,Cocke,16,0,0,35.9278914,-83.11828725,47029.0,16,16,0,0,16,16,35774,0,0,0,0,0
2020-05-01,US,Tennessee,Coffee,36,0,0,35.49090731,-86.07311784,47031.0,36,36,0,0,36,35,55700,0,0,0,0,1
2020-05-01,US,Tennessee,Crockett,7,0,0,35.81830662,-89.14916269,47033.0,7,7,0,0,7,7,14328,0,0,0,0,0
2020-05-01,US,Tennessee,Cumberland,74,1,0,35.95271721,-84.99840585,47035.0,73,74,1,0,73,74,59673,0,0,0,0,0
2020-05-01,US,Tennessee,Davidson,2652,28,0,36.17007426,-86.78646056,47037.0,2624,2612,28,0,2584,2454,692587,40,0,0,40,158
2020-05-01,US,Tennessee,DeKalb,17,0,0,35.97616272,-85.83689361,47041.0,17,15,0,0,15,14,20138,2,0,0,2,1
2020-05-01,US,Tennessee,Decatur,4,0,0,35.60048904,-88.11043779,47039.0,4,4,0,0,4,4,11706,0,0,0,0,0
2020-05-01,US,Tennessee,Dickson,74,0,0,36.14669837,-87.35891709,47043.0,74,72,0,0,72,72,53446,2,0,0,2,0
2020-05-01,US,Tennessee,Dyer,36,0,0,36.05931946,-89.41542855,47045.0,36,34,0,0,34,34,37320,2,0,0,2,0
2020-05-01,US,Tennessee,Fayette,59,1,0,35.19615831,-89.41399032,47047.0,58,56,1,0,55,53,40507,3,0,0,3,3
2020-05-01,US,Tennessee,Fentress,4,0,0,36.38128818,-84.92870012,47049.0,4,4,0,0,4,4,18217,0,0,0,0,0
2020-05-01,US,Tennessee,Franklin,36,1,0,35.15634626,-86.09201039,47051.0,35,36,1,0,35,34,41890,0,0,0,0,2
2020-05-01,US,Tennessee,Gibson,45,1,0,35.99438059,-88.93358327,47053.0,44,43,1,0,42,44,49045,2,0,0,2,-1
2020-05-01,US,Tennessee,Giles,8,0,0,35.20222469,-87.03992678,47055.0,8,8,0,0,8,7,29503,0,0,0,0,1
2020-05-01,US,Tennessee,Grainger,6,0,0,36.27469206,-83.51254721,47057.0,6,5,0,0,5,5,23145,1,0,0,1,0
2020-05-01,US,Tennessee,Greene,44,2,0,36.17470125,-82.84691273,47059.0,42,44,2,0,42,43,69087,0,0,0,0,1
2020-05-01,US,Tennessee,Grundy,28,1,0,35.38433717,-85.72142731,47061.0,27,28,1,0,27,28,13346,0,0,0,0,0
2020-05-01,US,Tennessee,Hamblen,18,2,0,36.21990035,-83.26586179,47063.0,16,18,2,0,16,17,64569,0,0,0,0,1
2020-05-01,US,Tennessee,Hamilton,160,13,0,35.17670231,-85.16652245,47065.0,147,156,13,0,143,152,364286,4,0,0,4,4
2020-05-01,US,Tennessee,Hardeman,16,0,0,35.20772017,-88.99161161,47069.0,16,14,0,0,14,11,25220,2,0,0,2,3
2020-05-01,US,Tennessee,Hardin,5,0,0,35.19732531,-88.18593755,47071.0,5,5,0,0,5,5,25776,0,0,0,0,0
2020-05-01,US,Tennessee,Hawkins,30,2,0,36.44355426,-82.94885298,47073.0,28,30,2,0,28,30,56530,0,0,0,0,0
2020-05-01,US,Tennessee,Haywood,23,1,0,35.58332824,-89.28536625,47075.0,22,20,1,0,19,19,17335,3,0,0,3,1
2020-05-01,US,Tennessee,Henderson,7,0,0,35.65581134,-88.38600175,47077.0,7,7,0,0,7,6,27847,0,0,0,0,1
2020-05-01,US,Tennessee,Henry,13,0,0,36.33160906,-88.30121797,47079.0,13,13,0,0,13,11,32358,0,0,0,0,2
2020-05-01,US,Tennessee,Hickman,44,0,0,35.80609681,-87.47643507,47081.0,44,44,0,0,44,43,25063,0,0,0,0,1
2020-05-01,US,Tennessee,Houston,5,0,0,36.28872054,-87.71878828,47083.0,5,5,0,0,5,5,8263,0,0,0,0,0
2020-05-01,US,Tennessee,Humphreys,11,1,0,36.03958805,-87.77992872,47085.0,10,10,1,0,9,10,18486,1,0,0,1,0
2020-05-01,US,Tennessee,Jackson,7,0,0,36.36380466,-85.67239905,47087.0,7,7,0,0,7,7,11758,0,0,0,0,0
2020-05-01,US,Tennessee,Jefferson,20,0,0,36.04818632,-83.45148924,47089.0,20,19,0,0,19,18,54012,1,0,0,1,1
2020-05-01,US,Tennessee,Johnson,3,0,0,36.45523950000001,-81.84886538,47091.0,3,3,0,0,3,3,17778,0,0,0,0,0
2020-05-01,US,Tennessee,Knox,233,5,0,35.99508821,-83.94635435,47093.0,228,228,5,0,223,221,465289,5,0,0,5,7
2020-05-01,US,Tennessee,Lake,55,0,0,36.34180170000001,-89.48921915,47095.0,55,55,0,0,55,53,7411,0,0,0,0,2
2020-05-01,US,Tennessee,Lauderdale,21,0,0,35.75893438,-89.63015909999999,47097.0,21,21,0,0,21,19,25825,0,0,0,0,2
2020-05-01,US,Tennessee,Lawrence,17,0,0,35.21675201,-87.39787695,47099.0,17,17,0,0,17,17,43734,0,0,0,0,0
2020-05-01,US,Tennessee,Lewis,2,0,0,35.52853208,-87.49022694,47101.0,2,2,0,0,2,2,12086,0,0,0,0,0
2020-05-01,US,Tennessee,Lincoln,14,0,0,35.13738622,-86.58910106,47103.0,14,13,0,0,13,13,34117,1,0,0,1,0
2020-05-01,US,Tennessee,Loudon,32,0,0,35.73939663,-84.31145275,47105.0,32,33,0,0,33,32,53054,-1,0,0,-1,1
2020-05-01,US,Tennessee,Macon,41,3,0,36.53157855,-86.00778595,47111.0,38,40,3,0,37,39,24265,1,0,0,1,1
2020-05-01,US,Tennessee,Madison,136,1,0,35.61181957,-88.84076036,47113.0,135,135,1,0,134,131,97605,1,0,0,1,4
2020-05-01,US,Tennessee,Marion,29,1,0,35.12997174,-85.62265895,47115.0,28,29,1,0,28,28,28575,0,0,0,0,1
2020-05-01,US,Tennessee,Marshall,23,1,0,35.45798777,-86.76420988,47117.0,22,22,1,0,21,22,33683,1,0,0,1,0
2020-05-01,US,Tennessee,Maury,44,0,0,35.6187413,-87.07462444,47119.0,44,42,0,0,42,42,94340,2,0,0,2,0
2020-05-01,US,Tennessee,McMinn,94,1,0,35.42812616,-84.61520715,47107.0,93,92,1,0,91,89,53285,2,0,0,2,3
2020-05-01,US,Tennessee,McNairy,11,0,0,35.17468549,-88.5647812,47109.0,11,11,0,0,11,11,25832,0,0,0,0,0
2020-05-01,US,Tennessee,Meigs,9,0,0,35.51558739,-84.81482914,47121.0,9,8,0,0,8,8,12306,1,0,0,1,0
2020-05-01,US,Tennessee,Monroe,21,1,0,35.44550387,-84.24902965,47123.0,20,20,1,0,19,16,46357,1,0,0,1,4
2020-05-01,US,Tennessee,Montgomery,146,2,0,36.49609412,-87.38550661,47125.0,144,146,2,0,144,141,205950,0,0,0,0,5
2020-05-01,US,Tennessee,Moore,3,0,0,35.27724699,-86.36230578,47127.0,3,3,0,0,3,3,6411,0,0,0,0,0
2020-05-01,US,Tennessee,Morgan,6,0,0,36.13248031,-84.64880098,47129.0,6,6,0,0,6,6,21579,0,0,0,0,0
2020-05-01,US,Tennessee,Obion,14,1,0,36.35732446,-89.14921589,47131.0,13,13,1,0,12,12,30267,1,0,0,1,1
2020-05-01,US,Tennessee,Out of TN,258,1,0,0.0,0.0,80047.0,257,254,1,0,253,234,,4,0,0,4,20
2020-05-01,US,Tennessee,Overton,8,0,0,36.34117832,-85.28989535,47133.0,8,8,0,0,8,8,22068,0,0,0,0,0
2020-05-01,US,Tennessee,Perry,12,0,0,35.63708728,-87.86139634,47135.0,12,9,0,0,9,8,8064,3,0,0,3,1
2020-05-01,US,Tennessee,Polk,8,0,0,35.12245443,-84.52075859,47139.0,8,8,0,0,8,7,16898,0,0,0,0,1
2020-05-01,US,Tennessee,Putnam,122,5,0,36.14005459,-85.50646123,47141.0,117,121,5,0,116,119,78843,1,0,0,1,2
2020-05-01,US,Tennessee,Rhea,5,0,0,35.60536161,-84.93076643,47143.0,5,5,0,0,5,4,33044,0,0,0,0,1
2020-05-01,US,Tennessee,Roane,7,0,0,35.84923189,-84.52458689,47145.0,7,7,0,0,7,7,53140,0,0,0,0,0
2020-05-01,US,Tennessee,Robertson,157,0,0,36.52454807,-86.87346725,47147.0,157,148,0,0,148,139,71012,9,0,0,9,9
2020-05-01,US,Tennessee,Rutherford,502,11,0,35.84591405,-86.4107263,47149.0,491,474,11,0,463,448,324890,28,0,0,28,26
2020-05-01,US,Tennessee,Scott,11,0,0,36.42325673,-84.50360494,47151.0,11,11,0,0,11,11,22039,0,0,0,0,0
2020-05-01,US,Tennessee,Sequatchie,5,0,0,35.36979721,-85.41022136,47153.0,5,5,0,0,5,5,14876,0,0,0,0,0
2020-05-01,US,Tennessee,Sevier,49,1,0,35.78077323,-83.52244332,47155.0,48,49,1,0,48,48,97892,0,0,0,0,1
2020-05-01,US,Tennessee,Shelby,2599,51,0,35.1864775,-89.89692423,47157.0,2548,2507,47,0,2460,2432,935764,92,4,0,88,75
2020-05-01,US,Tennessee,Smith,22,1,0,36.25359775,-85.95411046,47159.0,21,21,1,0,20,20,19942,1,0,0,1,1
2020-05-01,US,Tennessee,Stewart,7,0,0,36.50235092,-87.83920548,47161.0,7,7,0,0,7,7,13561,0,0,0,0,0
2020-05-01,US,Tennessee,Sullivan,49,1,0,36.51240691,-82.30412917,47163.0,48,49,1,0,48,48,157668,0,0,0,0,1
2020-05-01,US,Tennessee,Sumner,632,37,0,36.46824103,-86.45917204,47165.0,595,623,37,0,586,619,187149,9,0,0,9,4
2020-05-01,US,Tennessee,Tipton,98,0,0,35.501942,-89.73694895,47167.0,98,98,0,0,98,98,61581,0,0,0,0,0
2020-05-01,US,Tennessee,Trousdale,1020,1,0,36.39026213,-86.16087954,47169.0,1019,123,1,0,122,122,11012,897,0,0,897,1
2020-05-01,US,Tennessee,Unassigned,33,0,0,0.0,0.0,90047.0,33,33,0,0,33,42,,0,0,0,0,-9
2020-05-01,US,Tennessee,Unicoi,2,0,0,36.10890856,-82.43709629,47171.0,2,1,0,0,1,1,17761,1,0,0,1,0
2020-05-01,US,Tennessee,Union,3,0,0,36.28590426,-83.83651902,47173.0,3,3,0,0,3,3,19688,0,0,0,0,0
2020-05-01,US,Tennessee,Van Buren,2,0,0,35.69864497,-85.45221699,47175.0,2,2,0,0,2,2,5765,0,0,0,0,0
2020-05-01,US,Tennessee,Warren,8,0,0,35.6728299,-85.77969117,47177.0,8,7,0,0,7,7,40878,1,0,0,1,0
2020-05-01,US,Tennessee,Washington,55,0,0,36.29472368,-82.49454720000001,47179.0,55,54,0,0,54,54,128607,1,0,0,1,0
2020-05-01,US,Tennessee,Wayne,4,0,0,35.23868267,-87.78644456,47181.0,4,4,0,0,4,4,16558,0,0,0,0,0
2020-05-01,US,Tennessee,Weakley,23,0,0,36.29896232,-88.71990865,47183.0,23,23,0,0,23,21,33415,0,0,0,0,2
2020-05-01,US,Tennessee,White,7,0,0,35.92929884,-85.45591799,47185.0,7,7,0,0,7,6,27107,0,0,0,0,1
2020-05-01,US,Tennessee,Williamson,416,9,0,35.89099229,-86.89281867,47187.0,407,411,9,0,402,408,231729,5,0,0,5,3
2020-05-01,US,Tennessee,Wilson,259,5,0,36.15496772,-86.29775884,47189.0,254,253,4,0,249,250,140625,6,1,0,5,3
2020-05-01,US,Texas,Anderson,32,0,0,31.81534745,-95.65354823,48001.0,32,29,0,0,29,29,58057,3,0,0,3,0
2020-05-01,US,Texas,Andrews,20,0,0,32.30468633,-102.6376548,48003.0,20,19,0,0,19,19,18128,1,0,0,1,0
2020-05-01,US,Texas,Angelina,54,0,0,31.25457347,-94.60901487,48005.0,54,53,0,0,53,49,87092,1,0,0,1,4
2020-05-01,US,Texas,Aransas,2,0,0,28.10556197,-96.9995047,48007.0,2,2,0,0,2,2,23792,0,0,0,0,0
2020-05-01,US,Texas,Armstrong,2,0,0,34.96507426,-101.3574874,48011.0,2,2,0,0,2,2,1892,0,0,0,0,0
2020-05-01,US,Texas,Atascosa,19,1,0,28.89333001,-98.52730485,48013.0,18,19,1,0,18,16,50310,0,0,0,0,3
2020-05-01,US,Texas,Austin,13,0,0,29.88548725,-96.27736949,48015.0,13,13,0,0,13,13,29989,0,0,0,0,0
2020-05-01,US,Texas,Bandera,6,0,0,29.74619598,-99.24598147,48019.0,6,6,0,0,6,6,22824,0,0,0,0,0
2020-05-01,US,Texas,Bastrop,82,2,0,30.10370699,-97.31206354,48021.0,80,73,2,0,71,67,86976,9,0,0,9,6
2020-05-01,US,Texas,Bee,6,0,0,28.41761668,-97.74215593,48025.0,6,6,0,0,6,5,32587,0,0,0,0,1
2020-05-01,US,Texas,Bell,189,3,0,31.03736027,-97.4785025,48027.0,186,189,3,0,186,180,355642,0,0,0,0,9
2020-05-01,US,Texas,Bexar,1374,48,0,29.44928723,-98.52019748,48029.0,1326,1374,48,0,1326,1307,1986049,0,0,0,0,67
2020-05-01,US,Texas,Blanco,6,0,0,30.26640707,-98.3999852,48031.0,6,6,0,0,6,6,11702,0,0,0,0,0
2020-05-01,US,Texas,Bosque,4,0,0,31.89978581,-97.63613524,48035.0,4,4,0,0,4,4,18691,0,0,0,0,0
2020-05-01,US,Texas,Bowie,74,2,0,33.44626922,-94.41834132,48037.0,72,70,2,0,68,69,94324,4,0,0,4,1
2020-05-01,US,Texas,Brazoria,509,6,0,29.18757369,-95.44563172,48039.0,503,485,6,0,479,476,370200,24,0,0,24,9
2020-05-01,US,Texas,Brazos,202,16,0,30.663644800000004,-96.30205577,48041.0,186,193,16,0,177,188,226758,9,0,0,9,5
2020-05-01,US,Texas,Brewster,1,0,0,29.81008251,-103.2520326,48043.0,1,,,,,,9267,,,,,
2020-05-01,US,Texas,Brooks,1,0,0,27.03103197,-98.21808402,48047.0,1,1,0,0,1,1,7114,0,0,0,0,0
2020-05-01,US,Texas,Brown,36,5,0,31.77430356,-98.99907113,48049.0,31,36,4,0,32,34,37924,0,1,0,-1,2
2020-05-01,US,Texas,Burleson,13,0,0,30.49273808,-96.62158484,48051.0,13,12,0,0,12,12,18389,1,0,0,1,0
2020-05-01,US,Texas,Burnet,19,0,0,30.78801353,-98.181887,48053.0,19,19,0,0,19,16,47542,0,0,0,0,3
2020-05-01,US,Texas,Caldwell,14,0,0,29.83668859,-97.61814775,48055.0,14,14,0,0,14,11,43247,0,0,0,0,3
2020-05-01,US,Texas,Calhoun,30,3,0,28.47048236,-96.61633945,48057.0,27,30,3,0,27,30,21561,0,0,0,0,0
2020-05-01,US,Texas,Callahan,2,0,0,32.29760619,-99.37326312,48059.0,2,2,0,0,2,2,13994,0,0,0,0,0
2020-05-01,US,Texas,Cameron,412,18,0,26.14524221,-97.48140372,48061.0,394,401,17,0,384,387,423908,11,1,0,10,14
2020-05-01,US,Texas,Camp,6,0,0,32.97195142,-94.97790104,48063.0,6,6,0,0,6,6,13033,0,0,0,0,0
2020-05-01,US,Texas,Carson,2,0,0,35.40365929,-101.3542669,48065.0,2,2,0,0,2,2,6005,0,0,0,0,0
2020-05-01,US,Texas,Cass,14,0,0,33.07499881,-94.34646905,48067.0,14,13,0,0,13,13,30119,1,0,0,1,0
2020-05-01,US,Texas,Castro,15,1,0,34.53016752,-102.2617243,48069.0,14,13,1,0,12,13,7665,2,0,0,2,0
2020-05-01,US,Texas,Chambers,42,0,0,29.70972016,-94.67154501,48071.0,42,41,0,0,41,41,42454,1,0,0,1,0
2020-05-01,US,Texas,Cherokee,16,1,0,31.837258,-95.16559897,48073.0,15,14,1,0,13,14,52592,2,0,0,2,0
2020-05-01,US,Texas,Childress,1,0,0,34.529304100000004,-100.2077916,48075.0,1,1,0,0,1,1,7291,0,0,0,0,0
2020-05-01,US,Texas,Clay,3,0,0,33.78686685,-98.20771198,48077.0,3,3,0,0,3,3,10456,0,0,0,0,0
2020-05-01,US,Texas,Cochran,1,0,0,33.60425307,-102.8284499,48079.0,1,1,0,0,1,1,2836,0,0,0,0,0
2020-05-01,US,Texas,Coleman,1,0,0,31.76736834,-99.45240766,48083.0,1,1,0,0,1,1,8397,0,0,0,0,0
2020-05-01,US,Texas,Collin,724,20,0,33.18820114,-96.57264368,48085.0,704,710,19,0,691,692,1005146,14,1,0,13,18
2020-05-01,US,Texas,Colorado,11,0,0,29.622098,-96.5273805,48089.0,11,10,0,0,10,10,21217,1,0,0,1,0
2020-05-01,US,Texas,Comal,55,6,0,29.80811278,-98.27647225,48091.0,49,54,6,0,48,52,148373,1,0,0,1,2
2020-05-01,US,Texas,Comanche,3,1,0,31.94854689,-98.55876441,48093.0,2,4,1,0,3,4,13534,-1,0,0,-1,0
2020-05-01,US,Texas,Concho,1,0,0,31.32635934,-99.86473038,48095.0,1,1,0,0,1,1,4276,0,0,0,0,0
2020-05-01,US,Texas,Cooke,7,0,0,33.63979567,-97.21240912,48097.0,7,8,0,0,8,8,40574,-1,0,0,-1,0
2020-05-01,US,Texas,Coryell,158,2,0,31.39078397,-97.79936155,48099.0,156,155,2,0,153,105,74808,3,0,0,3,50
2020-05-01,US,Texas,Cottle,2,0,0,34.07783319,-100.2785062,48101.0,2,2,0,0,2,2,1389,0,0,0,0,0
2020-05-01,US,Texas,Crane,2,0,0,31.43052248,-102.5143314,48103.0,2,2,0,0,2,2,4794,0,0,0,0,0
2020-05-01,US,Texas,Crosby,2,1,0,33.61431553,-101.3000364,48107.0,1,2,1,0,1,2,5779,0,0,0,0,0
2020-05-01,US,Texas,Dallam,10,1,0,36.27787176,-102.6020725,48111.0,9,10,1,0,9,10,7200,0,0,0,0,0
2020-05-01,US,Texas,Dallas,3718,106,0,32.76670599,-96.7779605,48113.0,3612,3531,104,0,3427,3240,2637772,187,2,0,185,291
2020-05-01,US,Texas,Dawson,24,1,0,32.74255572,-101.9477242,48115.0,23,24,1,0,23,21,12619,0,0,0,0,3
2020-05-01,US,Texas,DeWitt,15,1,0,29.08101855,-97.35681170000001,48123.0,14,15,1,0,14,15,20187,0,0,0,0,0
2020-05-01,US,Texas,Deaf Smith,31,0,0,34.96522957,-102.6054267,48117.0,31,31,0,0,31,26,18760,0,0,0,0,5
2020-05-01,US,Texas,Delta,1,0,0,33.38570922,-95.66921122,48119.0,1,1,0,0,1,1,5349,0,0,0,0,0
2020-05-01,US,Texas,Denton,765,21,0,33.20521901,-97.11691153,48121.0,744,748,20,0,728,738,859064,17,1,0,16,10
2020-05-01,US,Texas,Dickens,1,0,0,33.61616822,-100.7788855,48125.0,1,1,0,0,1,1,2249,0,0,0,0,0
2020-05-01,US,Texas,Dimmit,1,0,0,28.42270064,-99.75645095,48127.0,1,1,0,0,1,1,10308,0,0,0,0,0
2020-05-01,US,Texas,Donley,24,0,0,34.96517499,-100.8140093,48129.0,24,24,0,0,24,24,3319,0,0,0,0,0
2020-05-01,US,Texas,Duval,2,0,0,27.68184592,-98.50864568,48131.0,2,2,0,0,2,2,11212,0,0,0,0,0
2020-05-01,US,Texas,Eastland,3,0,0,32.32743996,-98.83243566,48133.0,3,3,0,0,3,3,18322,0,0,0,0,0
2020-05-01,US,Texas,Ector,78,4,0,31.86898877,-102.5429428,48135.0,74,81,4,0,77,78,162124,-3,0,0,-3,3
2020-05-01,US,Texas,El Paso,924,21,0,31.76980765,-106.2363275,48141.0,903,887,18,0,869,857,840758,37,3,0,34,30
2020-05-01,US,Texas,Ellis,148,6,0,32.34894117,-96.79371841,48139.0,142,148,6,0,142,143,179436,0,0,0,0,5
2020-05-01,US,Texas,Erath,12,1,0,32.23602653,-98.21773417,48143.0,11,12,1,0,11,12,42446,0,0,0,0,0
2020-05-01,US,Texas,Falls,4,0,0,31.25350609,-96.93630086,48145.0,4,4,0,0,4,4,17335,0,0,0,0,0
2020-05-01,US,Texas,Fannin,18,0,0,33.59564294,-96.10751083,48147.0,18,18,0,0,18,18,35286,0,0,0,0,0
2020-05-01,US,Texas,Fayette,15,1,0,29.87788372,-96.92076062,48149.0,14,15,1,0,14,15,25349,0,0,0,0,0
2020-05-01,US,Texas,Floyd,3,0,0,34.07227468,-101.3031546,48153.0,3,3,0,0,3,3,5837,0,0,0,0,0
2020-05-01,US,Texas,Fort Bend,1052,26,0,29.52704478,-95.77219463,48157.0,1026,1018,24,0,994,973,787858,34,2,0,32,45
2020-05-01,US,Texas,Franklin,1,0,0,33.17653242,-95.21917243,48159.0,1,1,0,0,1,1,10766,0,0,0,0,0
2020-05-01,US,Texas,Freestone,5,0,0,31.70422788,-96.15072516,48161.0,5,3,0,0,3,3,19808,2,0,0,2,0
2020-05-01,US,Texas,Frio,7,0,0,28.86751206,-99.10804207,48163.0,7,7,0,0,7,7,19816,0,0,0,0,0
2020-05-01,US,Texas,Gaines,2,0,0,32.74055318,-102.6353295,48165.0,2,2,0,0,2,2,20901,0,0,0,0,0
2020-05-01,US,Texas,Galveston,595,26,0,29.40167322,-94.90469073,48167.0,569,572,24,0,548,554,337890,23,2,0,21,18
2020-05-01,US,Texas,Garza,1,0,0,33.17969345,-101.2984114,48169.0,1,1,0,0,1,,6578,0,0,0,0,
2020-05-01,US,Texas,Gillespie,2,0,0,30.31824095,-98.94676915,48171.0,2,1,0,0,1,1,26804,1,0,0,1,0
2020-05-01,US,Texas,Glasscock,1,0,0,31.86942909,-101.5207776,48173.0,1,1,0,0,1,,1388,0,0,0,0,
2020-05-01,US,Texas,Goliad,7,0,0,28.65696592,-97.42760647,48175.0,7,7,0,0,7,7,7584,0,0,0,0,0
2020-05-01,US,Texas,Gonzales,21,2,0,29.45634206,-97.49424032,48177.0,19,20,2,0,18,18,20826,1,0,0,1,2
2020-05-01,US,Texas,Gray,58,0,0,35.40081878,-100.8129222,48179.0,58,47,0,0,47,42,21895,11,0,0,11,5
2020-05-01,US,Texas,Grayson,34,0,0,33.62744998,-96.67753461,48181.0,34,31,0,0,31,27,133991,3,0,0,3,4
2020-05-01,US,Texas,Gregg,80,0,0,32.47940482,-94.81591935,48183.0,80,73,0,0,73,69,123707,7,0,0,7,4
2020-05-01,US,Texas,Grimes,19,1,0,30.54579585,-95.98902499,48185.0,18,19,1,0,18,16,28360,0,0,0,0,3
2020-05-01,US,Texas,Guadalupe,81,0,0,29.58165339,-97.94786822,48187.0,81,80,0,0,80,80,163694,1,0,0,1,0
2020-05-01,US,Texas,Hale,25,4,0,34.07044901,-101.8268114,48189.0,21,25,4,0,21,24,33830,0,0,0,0,1
2020-05-01,US,Texas,Hamilton,5,0,0,31.70470573,-98.11083887,48193.0,5,5,0,0,5,5,8484,0,0,0,0,0
2020-05-01,US,Texas,Hansford,6,0,0,36.27743284,-101.3545796,48195.0,6,6,0,0,6,5,5463,0,0,0,0,1
2020-05-01,US,Texas,Hardin,100,3,0,30.33364686,-94.38931817,48199.0,97,99,3,0,96,99,57207,1,0,0,1,0
2020-05-01,US,Texas,Harris,6551,122,0,29.86,-95.39,48201.0,6429,6356,114,0,6242,6161,4698619,195,8,0,187,195
2020-05-01,US,Texas,Harrison,113,6,0,32.54935988,-94.36934071,48203.0,107,102,7,0,95,84,66726,11,-1,0,12,18
2020-05-01,US,Texas,Hartley,5,0,0,35.84008013,-102.6029022,48205.0,5,4,0,0,4,4,5619,1,0,0,1,0
2020-05-01,US,Texas,Hays,165,1,0,30.05669873,-98.02944344,48209.0,164,165,1,0,164,161,222631,0,0,0,0,4
2020-05-01,US,Texas,Hemphill,1,0,0,35.83764858,-100.2703577,48211.0,1,1,0,0,1,1,3825,0,0,0,0,0
2020-05-01,US,Texas,Henderson,25,0,0,32.21128872,-95.85846587,48213.0,25,25,0,0,25,24,82299,0,0,0,0,1
2020-05-01,US,Texas,Hidalgo,334,6,0,26.39418217,-98.18299696,48215.0,328,324,6,0,318,315,865939,10,0,0,10,9
2020-05-01,US,Texas,Hill,16,1,0,31.99045053,-97.13423143,48217.0,15,16,1,0,15,16,36354,0,0,0,0,0
2020-05-01,US,Texas,Hockley,21,1,0,33.60771256,-102.3431676,48219.0,20,20,1,0,19,20,22980,1,0,0,1,0
2020-05-01,US,Texas,Hood,19,3,0,32.42990927,-97.83242024,48221.0,16,19,3,0,16,18,60537,0,0,0,0,1
2020-05-01,US,Texas,Hopkins,4,0,0,33.14875072,-95.56351139,48223.0,4,4,0,0,4,4,36810,0,0,0,0,0
2020-05-01,US,Texas,Houston,6,0,0,31.31925973,-95.42226208,48225.0,6,5,0,0,5,5,23169,1,0,0,1,0
2020-05-01,US,Texas,Howard,4,1,0,32.30621324,-101.4356444,48227.0,3,4,1,0,3,4,36459,0,0,0,0,0
2020-05-01,US,Texas,Hunt,47,2,0,33.12351514,-96.08551032,48231.0,45,44,3,0,41,44,96493,3,-1,0,4,0
2020-05-01,US,Texas,Hutchinson,14,0,0,35.84006574,-101.3546643,48233.0,14,14,0,0,14,13,21198,0,0,0,0,1
2020-05-01,US,Texas,Jack,4,0,0,33.23377248,-98.17283469,48237.0,4,4,0,0,4,4,8843,0,0,0,0,0
2020-05-01,US,Texas,Jackson,8,0,0,28.95472367,-96.57749563,48239.0,8,6,0,0,6,6,14874,2,0,0,2,0
2020-05-01,US,Texas,Jasper,16,1,0,30.74685667,-94.02667579,48241.0,15,22,2,0,20,21,35872,-6,-1,0,-5,1
2020-05-01,US,Texas,Jefferson,307,21,0,29.8832777,-94.16434171,48245.0,286,305,21,0,284,298,255001,2,0,0,2,7
2020-05-01,US,Texas,Jim Hogg,3,0,0,27.04453923,-98.6968187,48247.0,3,3,0,0,3,3,5248,0,0,0,0,0
2020-05-01,US,Texas,Jim Wells,3,0,0,27.73103938,-98.0904705,48249.0,3,3,0,0,3,3,40822,0,0,0,0,0
2020-05-01,US,Texas,Johnson,69,4,0,32.37877812,-97.36615819,48251.0,65,69,4,0,65,67,171361,0,0,0,0,2
2020-05-01,US,Texas,Jones,37,0,0,32.73997145,-99.87861576,48253.0,37,37,0,0,37,37,19817,0,0,0,0,0
2020-05-01,US,Texas,Karnes,3,0,0,28.90705334,-97.85960149,48255.0,3,3,0,0,3,3,15650,0,0,0,0,0
2020-05-01,US,Texas,Kaufman,86,1,0,32.599141700000004,-96.28734728,48257.0,85,86,1,0,85,83,128622,0,0,0,0,3
2020-05-01,US,Texas,Kendall,16,0,0,29.94414155,-98.7113588,48259.0,16,16,0,0,16,16,45641,0,0,0,0,0
2020-05-01,US,Texas,Kerr,5,0,0,30.06040006,-99.34930144,48265.0,5,5,0,0,5,5,52405,0,0,0,0,0
2020-05-01,US,Texas,Kleberg,8,1,0,27.42435506,-97.69894948,48273.0,7,9,1,0,8,9,31129,-1,0,0,-1,0
2020-05-01,US,Texas,Knox,1,0,0,33.60519951,-99.7422906,48275.0,1,1,0,0,1,1,3653,0,0,0,0,0
2020-05-01,US,Texas,La Salle,1,0,0,28.34453111,-99.09908775,48283.0,1,1,0,0,1,1,7531,0,0,0,0,0
2020-05-01,US,Texas,Lamar,61,1,0,33.66981763,-95.57404777,48277.0,60,51,0,0,51,51,49728,10,1,0,9,0
2020-05-01,US,Texas,Lamb,3,0,0,34.06859623,-102.3516289,48279.0,3,3,0,0,3,3,13158,0,0,0,0,0
2020-05-01,US,Texas,Lampasas,3,0,0,31.19531316,-98.24206613,48281.0,3,3,0,0,3,3,21229,0,0,0,0,0
2020-05-01,US,Texas,Lavaca,6,1,0,29.38508402,-96.93186692,48285.0,5,6,1,0,5,5,20110,0,0,0,0,1
2020-05-01,US,Texas,Lee,2,0,0,30.31120597,-96.97045773,48287.0,2,2,0,0,2,2,17144,0,0,0,0,0
2020-05-01,US,Texas,Leon,6,0,0,31.29872538,-95.9936328,48289.0,6,5,0,0,5,5,17270,1,0,0,1,0
2020-05-01,US,Texas,Liberty,43,0,0,30.15152688,-94.81205615,48291.0,43,42,0,0,42,41,86323,1,0,0,1,1
2020-05-01,US,Texas,Limestone,12,1,0,31.5454767,-96.58095444,48293.0,11,13,1,0,12,13,23519,-1,0,0,-1,0
2020-05-01,US,Texas,Lipscomb,2,0,0,36.27783108,-100.2733151,48295.0,2,2,0,0,2,2,3355,0,0,0,0,0
2020-05-01,US,Texas,Live Oak,5,0,0,28.35101362,-98.1246786,48297.0,5,5,0,0,5,5,12166,0,0,0,0,0
2020-05-01,US,Texas,Llano,3,0,0,30.70645047,-98.68475262,48299.0,3,3,0,0,3,3,21646,0,0,0,0,0
2020-05-01,US,Texas,Lubbock,535,43,0,33.61008596,-101.8204789,48303.0,492,516,43,0,473,507,307412,19,0,0,19,9
2020-05-01,US,Texas,Lynn,5,1,0,33.17657705,-101.8162849,48305.0,4,5,1,0,4,5,5877,0,0,0,0,0
2020-05-01,US,Texas,Madison,1,0,0,30.96694679,-95.93003775,48313.0,1,2,0,0,2,2,14422,-1,0,0,-1,0
2020-05-01,US,Texas,Marion,14,0,0,32.79868409,-94.3566123,48315.0,14,13,0,0,13,9,9928,1,0,0,1,4
2020-05-01,US,Texas,Martin,2,0,0,32.30600051,-101.9513518,48317.0,2,2,0,0,2,2,5753,0,0,0,0,0
2020-05-01,US,Texas,Mason,21,0,0,30.71780434,-99.22629416,48319.0,21,15,0,0,15,15,4280,6,0,0,6,0
2020-05-01,US,Texas,Matagorda,60,3,0,28.81955746,-96.01230294,48321.0,57,60,3,0,57,60,36552,0,0,0,0,0
2020-05-01,US,Texas,Maverick,24,0,0,28.7429195,-100.3157686,48323.0,24,24,0,0,24,16,58485,0,0,0,0,8
2020-05-01,US,Texas,McCulloch,3,0,0,31.1925468,-99.34682807,48307.0,3,3,0,0,3,3,7987,0,0,0,0,0
2020-05-01,US,Texas,McLennan,89,4,0,31.55255453,-97.20217694,48309.0,85,88,4,0,84,87,254607,1,0,0,1,1
2020-05-01,US,Texas,Medina,20,2,0,29.3557301,-99.11030298,48325.0,18,20,2,0,18,19,50921,0,0,0,0,1
2020-05-01,US,Texas,Midland,79,6,0,31.86904128,-102.0315682,48329.0,73,76,6,0,70,75,172578,3,0,0,3,1
2020-05-01,US,Texas,Milam,16,1,0,30.78581830000001,-96.97718698,48331.0,15,16,1,0,15,14,25131,0,0,0,0,2
2020-05-01,US,Texas,Mitchell,1,0,0,32.30623474,-100.9212058,48335.0,1,1,0,0,1,1,8145,0,0,0,0,0
2020-05-01,US,Texas,Montague,6,1,0,33.67521893,-97.72500958,48337.0,5,6,1,0,5,6,19596,0,0,0,0,0
2020-05-01,US,Texas,Montgomery,629,14,0,30.30079133,-95.50572772,48339.0,615,602,12,0,590,562,590925,27,2,0,25,40
2020-05-01,US,Texas,Moore,350,5,0,35.83769242,-101.8930281,48341.0,345,327,3,0,324,295,21485,23,2,0,21,32
2020-05-01,US,Texas,Morris,5,0,0,33.11304005,-94.73255695,48343.0,5,5,0,0,5,5,12339,0,0,0,0,0
2020-05-01,US,Texas,Motley,1,0,0,34.07408766,-100.779722,48345.0,1,1,0,0,1,1,1234,0,0,0,0,0
2020-05-01,US,Texas,Nacogdoches,160,7,0,31.62017125,-94.61803994,48347.0,153,157,7,0,150,141,65711,3,0,0,3,16
2020-05-01,US,Texas,Navarro,31,2,0,32.04620681,-96.47428766,48349.0,29,30,2,0,28,30,49565,1,0,0,1,0
2020-05-01,US,Texas,Newton,2,0,0,30.78548982,-93.74408813,48351.0,2,2,0,0,2,2,13746,0,0,0,0,0
2020-05-01,US,Texas,Nolan,1,0,0,32.30365282,-100.4060208,48353.0,1,1,0,0,1,1,14751,0,0,0,0,0
2020-05-01,US,Texas,Nueces,102,3,0,27.736286,-97.5433285,48355.0,99,99,3,0,96,99,362265,3,0,0,3,0
2020-05-01,US,Texas,Ochiltree,19,1,0,36.27829105,-100.8158184,48357.0,18,25,1,0,24,25,9947,-6,0,0,-6,0
2020-05-01,US,Texas,Oldham,3,1,0,35.40425596,-102.6027606,48359.0,2,3,1,0,2,3,2131,0,0,0,0,0
2020-05-01,US,Texas,Orange,71,1,0,30.11879481,-93.89412775,48361.0,70,70,1,0,69,70,83572,1,0,0,1,0
2020-05-01,US,Texas,Palo Pinto,7,1,0,32.75310985,-98.31319001,48363.0,6,7,1,0,6,7,28875,0,0,0,0,0
2020-05-01,US,Texas,Panola,128,7,0,32.163959600000005,-94.30552481,48365.0,121,107,7,0,100,80,23148,21,0,0,21,27
2020-05-01,US,Texas,Parker,30,0,0,32.77757172,-97.80500621,48367.0,30,30,0,0,30,30,138371,0,0,0,0,0
2020-05-01,US,Texas,Parmer,8,0,0,34.52993409,-102.7844668,48369.0,8,6,0,0,6,6,9864,2,0,0,2,0
2020-05-01,US,Texas,Pecos,11,0,0,30.78097267,-102.7241261,48371.0,11,9,0,0,9,9,15673,2,0,0,2,0
2020-05-01,US,Texas,Polk,20,0,0,30.79472531,-94.8276624,48373.0,20,19,0,0,19,19,50031,1,0,0,1,0
2020-05-01,US,Texas,Potter,572,8,0,35.40133773,-101.893964,48375.0,564,499,8,0,491,430,119648,73,0,0,73,69
2020-05-01,US,Texas,Rains,2,0,0,32.87109387,-95.79232691,48379.0,2,2,0,0,2,2,12159,0,0,0,0,0
2020-05-01,US,Texas,Randall,234,3,0,34.96585996,-101.8971322,48381.0,231,213,3,0,210,200,136271,21,0,0,21,13
2020-05-01,US,Texas,Red River,1,0,0,33.61886692,-95.04841765,48387.0,1,1,0,0,1,1,12175,0,0,0,0,0
2020-05-01,US,Texas,Reeves,5,0,0,31.32323325,-103.6903896,48389.0,5,5,0,0,5,5,15695,0,0,0,0,0
2020-05-01,US,Texas,Roberts,2,0,0,35.83809685,-100.813175,48393.0,2,2,0,0,2,2,903,0,0,0,0,0
2020-05-01,US,Texas,Robertson,4,0,0,31.02539637,-96.51272246,48395.0,4,4,0,0,4,4,17284,0,0,0,0,0
2020-05-01,US,Texas,Rockwall,75,1,0,32.89779518,-96.40771592,48397.0,74,75,1,0,74,75,100657,0,0,0,0,0
2020-05-01,US,Texas,Runnels,1,0,0,31.8314342,-99.97616148,48399.0,1,1,0,0,1,1,10234,0,0,0,0,0
2020-05-01,US,Texas,Rusk,36,1,0,32.10773545,-94.76176432,48401.0,35,35,1,0,34,33,54450,1,0,0,1,2
2020-05-01,US,Texas,Sabine,1,0,0,31.34318809,-93.85440451,48403.0,1,1,0,0,1,1,10589,0,0,0,0,0
2020-05-01,US,Texas,San Augustine,19,1,0,31.39457611,-94.17000399,48405.0,18,16,1,0,15,16,8232,3,0,0,3,0
2020-05-01,US,Texas,San Jacinto,9,0,0,30.57933681,-95.16260304,48407.0,9,9,0,0,9,9,28719,0,0,0,0,0
2020-05-01,US,Texas,San Patricio,12,0,0,28.00880118,-97.51763891,48409.0,12,13,0,0,13,13,66893,-1,0,0,-1,0
2020-05-01,US,Texas,Scurry,2,0,0,32.74613808,-100.9162664,48415.0,2,2,0,0,2,2,16866,0,0,0,0,0
2020-05-01,US,Texas,Shelby,117,4,0,31.79211404,-94.14550696,48419.0,113,106,4,0,102,101,25418,11,0,0,11,5
2020-05-01,US,Texas,Sherman,17,0,0,36.27751473,-101.8933156,48421.0,17,15,0,0,15,14,3079,2,0,0,2,1
2020-05-01,US,Texas,Smith,144,3,0,32.37474036,-95.2717568,48423.0,141,142,3,0,139,139,230221,2,0,0,2,3
2020-05-01,US,Texas,Starr,9,0,0,26.56150059,-98.73892358,48427.0,9,9,0,0,9,9,64525,0,0,0,0,0
2020-05-01,US,Texas,Stephens,1,0,0,32.73553157,-98.83631615,48429.0,1,1,0,0,1,1,9433,0,0,0,0,0
2020-05-01,US,Texas,Swisher,9,0,0,34.53028891,-101.7349174,48437.0,9,9,0,0,9,9,7462,0,0,0,0,0
2020-05-01,US,Texas,Tarrant,2246,68,0,32.77143818,-97.29101614,48439.0,2178,2246,68,0,2178,2088,2084931,0,0,0,0,158
2020-05-01,US,Texas,Taylor,319,5,0,32.30163422,-99.89007449,48441.0,314,291,5,0,286,277,137640,28,0,0,28,14
2020-05-01,US,Texas,Terry,11,0,0,33.17402785,-102.3354521,48445.0,11,11,0,0,11,10,12287,0,0,0,0,1
2020-05-01,US,Texas,Titus,17,0,0,33.21339719,-94.96797273,48449.0,17,16,0,0,16,15,33033,1,0,0,1,1
2020-05-01,US,Texas,Tom Green,53,1,0,31.40464436,-100.462443,48451.0,52,49,1,0,48,44,118189,4,0,0,4,5
2020-05-01,US,Texas,Travis,1683,51,0,30.33432034,-97.7853562,48453.0,1632,1654,47,0,1607,1539,1248743,29,4,0,25,115
2020-05-01,US,Texas,Trinity,8,0,0,31.0879489,-95.1367187,48455.0,8,8,0,0,8,8,14740,0,0,0,0,0
2020-05-01,US,Texas,Tyler,6,0,0,30.77031716,-94.37690895,48457.0,6,6,0,0,6,6,21696,0,0,0,0,0
2020-05-01,US,Texas,Upshur,15,0,0,32.73706798,-94.93999853,48459.0,15,14,0,0,14,13,41260,1,0,0,1,1
2020-05-01,US,Texas,Uvalde,6,0,0,29.35739637,-99.76229172,48463.0,6,6,0,0,6,6,26846,0,0,0,0,0
2020-05-01,US,Texas,Val Verde,13,0,0,29.89149232,-101.1525205,48465.0,13,13,0,0,13,13,49208,0,0,0,0,0
2020-05-01,US,Texas,Van Zandt,15,1,0,32.56483801,-95.83766469,48467.0,14,14,1,0,13,14,56019,1,0,0,1,0
2020-05-01,US,Texas,Victoria,137,3,0,28.79780988,-96.96813006,48469.0,134,132,3,0,129,127,92035,5,0,0,5,5
2020-05-01,US,Texas,Walker,269,2,0,30.73872995,-95.57440968,48471.0,267,245,2,0,243,212,72480,24,0,0,24,33
2020-05-01,US,Texas,Waller,33,0,0,30.01058447,-95.99011759,48473.0,33,32,0,0,32,31,53126,1,0,0,1,1
2020-05-01,US,Texas,Washington,144,15,0,30.21498498,-96.40946246,48477.0,129,142,15,0,127,140,35108,2,0,0,2,2
2020-05-01,US,Texas,Webb,363,16,0,27.7610369,-99.33237355,48479.0,347,358,16,0,342,349,275910,5,0,0,5,9
2020-05-01,US,Texas,Wharton,37,0,0,29.27765923,-96.22319248,48481.0,37,37,0,0,37,36,41619,0,0,0,0,1
2020-05-01,US,Texas,Wheeler,7,0,0,35.40114335,-100.2699514,48483.0,7,7,0,0,7,7,5191,0,0,0,0,0
2020-05-01,US,Texas,Wichita,65,2,0,33.98842886,-98.7041034,48485.0,63,65,2,0,63,64,132064,0,0,0,0,1
2020-05-01,US,Texas,Wilbarger,1,0,0,34.07945812,-99.24178437,48487.0,1,1,0,0,1,1,12820,0,0,0,0,0
2020-05-01,US,Texas,Willacy,13,1,0,26.47411727,-97.61535848,48489.0,12,13,1,0,12,13,21515,0,0,0,0,0
2020-05-01,US,Texas,Williamson,306,10,0,30.64655664,-97.6004854,48491.0,296,301,9,0,292,287,566719,5,1,0,4,14
2020-05-01,US,Texas,Wilson,32,3,0,29.1732598,-98.08693082,48493.0,29,32,3,0,29,31,50224,0,0,0,0,1
2020-05-01,US,Texas,Winkler,3,0,0,31.85008651,-103.0485163,48495.0,3,3,0,0,3,3,7720,0,0,0,0,0
2020-05-01,US,Texas,Wise,17,2,0,33.21570665,-97.65460265,48497.0,15,17,2,0,15,17,68305,0,0,0,0,0
2020-05-01,US,Texas,Wood,9,0,0,32.78722382,-95.38236368,48499.0,9,8,0,0,8,7,45129,1,0,0,1,1
2020-05-01,US,Texas,Yoakum,1,0,0,33.17320212,-102.8276433,48501.0,1,1,0,0,1,1,8591,0,0,0,0,0
2020-05-01,US,Texas,Young,4,1,0,33.17659707,-98.68790885,48503.0,3,4,1,0,3,4,18045,0,0,0,0,0
2020-05-01,US,Texas,Zapata,7,0,0,27.00156391,-99.16987152,48505.0,7,7,0,0,7,7,14190,0,0,0,0,0
2020-05-01,US,Texas,Zavala,1,0,0,28.86617238,-99.76050829,48507.0,1,1,0,0,1,1,11983,0,0,0,0,0
2020-05-01,US,Utah,Bear River,61,1,0,41.52106798,-113.0832816,0.0,60,60,1,0,59,60,,1,0,0,1,0
2020-05-01,US,Utah,Central Utah,23,0,0,39.37231946,-111.5758676,0.0,23,23,0,0,23,22,,0,0,0,0,1
2020-05-01,US,Utah,Davis,293,2,0,40.99001837,-112.1139997,49011.0,291,285,2,0,283,283,351713,8,0,0,8,2
2020-05-01,US,Utah,Salt Lake,2526,29,0,40.66616532,-111.9216011,49035.0,2497,2438,29,0,2409,2348,1152633,88,0,0,88,90
2020-05-01,US,Utah,San Juan,47,2,0,37.62762978,-109.80337140000002,49037.0,45,46,2,0,44,45,15449,1,0,0,1,1
2020-05-01,US,Utah,Southeast Utah,13,0,0,38.99617072,-110.7013958,0.0,13,12,0,0,12,14,,1,0,0,1,-2
2020-05-01,US,Utah,Southwest Utah,101,2,0,37.85447192,-111.4418764,0.0,99,98,2,0,96,93,,3,0,0,3,5
2020-05-01,US,Utah,Summit,373,0,0,40.86688146,-110.9535882,49043.0,373,369,0,0,369,361,41933,4,0,0,4,8
2020-05-01,US,Utah,Tooele,68,0,0,40.44862644,-113.1295715,49045.0,68,65,0,0,65,63,69907,3,0,0,3,2
2020-05-01,US,Utah,TriCounty,13,0,0,40.12491499,-109.5174415,0.0,13,13,0,0,13,11,,0,0,0,0,2
2020-05-01,US,Utah,Utah,993,7,0,40.1166722,-111.6657662,49049.0,986,957,7,0,950,899,622213,36,0,0,36,58
2020-05-01,US,Utah,Wasatch,155,1,0,40.33110236,-111.1691419,49051.0,154,148,1,0,147,147,33240,7,0,0,7,1
2020-05-01,US,Utah,Weber-Morgan,162,2,0,41.27116049,-111.9145117,0.0,160,158,2,0,156,151,,4,0,0,4,7
2020-05-01,US,Vermont,Addison,61,2,0,44.03217337,-73.14130877,50001.0,59,61,2,0,59,61,36973,0,0,0,0,0
2020-05-01,US,Vermont,Bennington,47,1,0,43.03519828,-73.09048868,50003.0,46,44,1,0,43,44,35631,3,0,0,3,0
2020-05-01,US,Vermont,Caledonia,14,0,0,44.46548598,-72.10314651,50005.0,14,13,0,0,13,13,30302,1,0,0,1,0
2020-05-01,US,Vermont,Chittenden,419,33,0,44.46322849,-73.08359212,50007.0,386,418,32,0,386,416,164572,1,1,0,0,2
2020-05-01,US,Vermont,Essex,2,0,0,44.72736416,-71.73579864,50009.0,2,2,0,0,2,2,6250,0,0,0,0,0
2020-05-01,US,Vermont,Franklin,98,5,0,44.85627605,-72.91249563,50011.0,93,91,5,0,86,91,49421,7,0,0,7,0
2020-05-01,US,Vermont,Grand Isle,3,0,0,44.7975824,-73.29679772,50013.0,3,3,0,0,3,3,7090,0,0,0,0,0
2020-05-01,US,Vermont,Lamoille,26,2,0,44.60353043,-72.64356694,50015.0,24,26,2,0,24,26,25300,0,0,0,0,0
2020-05-01,US,Vermont,Orange,7,0,0,44.00470222,-72.37640104,50017.0,7,7,0,0,7,7,28999,0,0,0,0,0
2020-05-01,US,Vermont,Orleans,9,0,0,44.82964024,-72.24562697,50019.0,9,9,0,0,9,9,26907,0,0,0,0,0
2020-05-01,US,Vermont,Rutland,46,1,0,43.57723578,-73.03741676,50021.0,45,45,1,0,44,44,58672,1,0,0,1,1
2020-05-01,US,Vermont,Unassigned,3,0,0,0.0,0.0,90050.0,3,3,0,0,3,3,,0,0,0,0,0
2020-05-01,US,Vermont,Washington,33,1,0,44.27343241,-72.61604978,50023.0,32,33,1,0,32,32,58140,0,0,0,0,1
2020-05-01,US,Vermont,Windham,71,3,0,42.986982,-72.71268875,50025.0,68,71,3,0,68,71,42756,0,0,0,0,0
2020-05-01,US,Vermont,Windsor,40,2,0,43.58010937,-72.58595157,50027.0,38,40,2,0,38,40,55286,0,0,0,0,0
2020-05-01,US,Virginia,Accomack,303,5,0,37.76707161,-75.63234615,51001.0,298,264,4,0,260,229,32412,39,1,0,38,35
2020-05-01,US,Virginia,Albemarle,103,4,0,38.02080697,-78.55481085,51003.0,99,103,4,0,99,81,108718,0,0,0,0,22
2020-05-01,US,Virginia,Alexandria,802,24,0,38.814003,-77.08183073,51510.0,778,754,21,0,733,700,160530,48,3,0,45,54
2020-05-01,US,Virginia,Alleghany,6,0,0,37.78636074,-80.00222498,51005.0,6,6,0,0,6,6,14910,0,0,0,0,0
2020-05-01,US,Virginia,Amelia,16,1,0,37.34081025,-77.98584649,51007.0,15,15,1,0,14,15,13013,1,0,0,1,0
2020-05-01,US,Virginia,Amherst,13,0,0,37.60308293,-79.14548696,51009.0,13,12,0,0,12,11,31666,1,0,0,1,1
2020-05-01,US,Virginia,Appomattox,20,0,0,37.37569884,-78.81340003,51011.0,20,20,0,0,20,18,15841,0,0,0,0,2
2020-05-01,US,Virginia,Arlington,1004,42,0,38.8767675,-77.10139853,51013.0,962,967,41,0,926,912,237521,37,1,0,36,55
2020-05-01,US,Virginia,Augusta,44,1,0,38.16404586,-79.12461614,51015.0,43,43,1,0,42,41,75457,1,0,0,1,2
2020-05-01,US,Virginia,Bedford,33,0,0,37.3080028,-79.5281964,51019.0,33,30,0,0,30,27,78747,3,0,0,3,3
2020-05-01,US,Virginia,Botetourt,28,3,0,37.55531756,-79.80982182,51023.0,25,28,3,0,25,28,33277,0,0,0,0,0
2020-05-01,US,Virginia,Bristol,1,0,0,36.6163024,-82.16359122,51520.0,1,1,0,0,1,1,16482,0,0,0,0,0
2020-05-01,US,Virginia,Brunswick,14,0,0,36.76366949,-77.8593436,51025.0,14,14,0,0,14,14,16384,0,0,0,0,0
2020-05-01,US,Virginia,Buchanan,16,0,0,37.26818323,-82.03749726,51027.0,16,16,0,0,16,16,21221,0,0,0,0,0
2020-05-01,US,Virginia,Buckingham,94,0,0,37.57242268,-78.52518834,51029.0,94,58,0,0,58,55,16999,36,0,0,36,3
2020-05-01,US,Virginia,Buena Vista,6,0,0,37.73484642,-79.35296097,51530.0,6,6,0,0,6,5,6237,0,0,0,0,1
2020-05-01,US,Virginia,Campbell,12,0,0,37.20553386,-79.09678609,51031.0,12,12,0,0,12,12,54973,0,0,0,0,0
2020-05-01,US,Virginia,Caroline,32,1,0,38.02679129,-77.34901405,51033.0,31,27,1,0,26,25,30772,5,0,0,5,2
2020-05-01,US,Virginia,Carroll,12,0,0,36.73066666,-80.73455942,51035.0,12,11,0,0,11,9,29636,1,0,0,1,2
2020-05-01,US,Virginia,Charles City,13,1,0,37.35358063,-77.05634116,51036.0,12,13,1,0,12,13,6941,0,0,0,0,0
2020-05-01,US,Virginia,Charlotte,8,0,0,37.01909701,-78.66314092,51037.0,8,7,0,0,7,7,11938,1,0,0,1,0
2020-05-01,US,Virginia,Charlottesville,58,2,0,38.03527919,-78.48569588,51540.0,56,56,2,0,54,52,48117,2,0,0,2,4
2020-05-01,US,Virginia,Chesapeake,256,7,0,36.67670048,-76.30545744,51550.0,249,242,6,0,236,232,242634,14,1,0,13,10
2020-05-01,US,Virginia,Chesterfield,557,24,0,37.37373208,-77.58680140000001,51041.0,533,531,20,0,511,501,348556,26,4,0,22,30
2020-05-01,US,Virginia,Clarke,9,0,0,39.11271747,-77.99199425,51043.0,9,8,0,0,8,8,14523,1,0,0,1,0
2020-05-01,US,Virginia,Colonial Heights,54,5,0,37.26420587,-77.39609676,51570.0,49,54,5,0,49,49,17833,0,0,0,0,5
2020-05-01,US,Virginia,Covington,1,0,0,37.7824656,-79.98631446,51580.0,1,1,0,0,1,1,5460,0,0,0,0,0
2020-05-01,US,Virginia,Craig,3,0,0,37.48133648,-80.21072274,51045.0,3,3,0,0,3,2,5064,0,0,0,0,1
2020-05-01,US,Virginia,Culpeper,162,3,0,38.48199985,-77.95630870000002,51047.0,159,141,3,0,138,129,51859,21,0,0,21,12
2020-05-01,US,Virginia,Cumberland,13,0,0,37.51328851,-78.24398086,51049.0,13,13,0,0,13,11,9809,0,0,0,0,2
2020-05-01,US,Virginia,Danville,35,1,0,36.58022376,-79.40395668,51590.0,34,35,1,0,34,34,40693,0,0,0,0,1
2020-05-01,US,Virginia,Dinwiddie,16,0,0,37.07544585,-77.63451754,51053.0,16,16,0,0,16,15,28529,0,0,0,0,1
2020-05-01,US,Virginia,Emporia,23,2,0,36.69455571,-77.53406129,51595.0,21,23,2,0,21,22,5121,0,0,0,0,1
2020-05-01,US,Virginia,Essex,8,0,0,37.93357639,-76.94230311,51057.0,8,7,0,0,7,6,10919,1,0,0,1,1
2020-05-01,US,Virginia,Fairfax,3897,137,0,38.83677558,-77.27565836,51059.0,3760,3611,134,0,3477,3448,1150795,286,3,0,283,163
2020-05-01,US,Virginia,Fairfax,3897,137,0,38.83677558,-77.27565836,51059.0,3760,3611,134,0,3477,3448,24574,286,3,0,283,163
2020-05-01,US,Virginia,Fairfax City,29,2,0,38.85157547,-77.29779640000002,51600.0,27,27,2,0,25,27,24574,2,0,0,2,0
2020-05-01,US,Virginia,Falls Church,26,2,0,38.88485255,-77.17560759,51610.0,24,26,2,0,24,26,14772,0,0,0,0,0
2020-05-01,US,Virginia,Fauquier,128,2,0,38.73564842,-77.80647472,51061.0,126,111,2,0,109,109,70675,17,0,0,17,2
2020-05-01,US,Virginia,Floyd,3,0,0,36.9302126,-80.36738849,51063.0,3,2,0,0,2,2,15795,1,0,0,1,0
2020-05-01,US,Virginia,Fluvanna,74,6,0,37.84157909,-78.27715475,51065.0,68,73,6,0,67,73,26783,1,0,0,1,0
2020-05-01,US,Virginia,Franklin,21,0,0,36.99536167,-79.88023649,51067.0,21,21,0,0,21,21,56195,0,0,0,0,0
2020-05-01,US,Virginia,Franklin,21,0,0,36.99536167,-79.88023649,51067.0,21,21,0,0,21,21,8013,0,0,0,0,0
2020-05-01,US,Virginia,Franklin City,23,1,0,36.6831435,-76.93859681,51620.0,22,20,0,0,20,19,8013,3,1,0,2,1
2020-05-01,US,Virginia,Frederick,115,1,0,39.20172582,-78.25974949,51069.0,114,105,1,0,104,101,88355,10,0,0,10,4
2020-05-01,US,Virginia,Fredericksburg,34,0,0,38.2977863,-77.4922454,51630.0,34,33,0,0,33,28,29144,1,0,0,1,5
2020-05-01,US,Virginia,Galax,9,0,0,36.66601852,-80.91703124,51640.0,9,4,0,0,4,4,6423,5,0,0,5,0
2020-05-01,US,Virginia,Giles,4,0,0,37.31234791,-80.70636931,51071.0,4,4,0,0,4,4,16844,0,0,0,0,0
2020-05-01,US,Virginia,Gloucester,24,1,0,37.40809042,-76.53524337,51073.0,23,23,1,0,22,23,37349,1,0,0,1,0
2020-05-01,US,Virginia,Goochland,78,4,0,37.71714806,-77.90381514,51075.0,74,76,4,0,72,74,23244,2,0,0,2,2
2020-05-01,US,Virginia,Grayson,2,0,0,36.65677234,-81.23215889,51077.0,2,2,0,0,2,1,15631,0,0,0,0,1
2020-05-01,US,Virginia,Greene,10,1,0,38.29545894,-78.46525378,51079.0,9,10,1,0,9,10,19779,0,0,0,0,0
2020-05-01,US,Virginia,Greensville,39,6,0,36.67878901,-77.56351439,51081.0,33,39,6,0,33,38,11627,0,0,0,0,1
2020-05-01,US,Virginia,Halifax,18,0,0,36.76654925,-78.93512622,51083.0,18,18,0,0,18,17,34120,0,0,0,0,1
2020-05-01,US,Virginia,Hampton,119,1,0,37.03513786,-76.35879121,51650.0,118,115,1,0,114,109,134313,4,0,0,4,6
2020-05-01,US,Virginia,Hanover,132,12,0,37.7583355,-77.49464673,51085.0,120,118,9,0,109,113,107239,14,3,0,11,5
2020-05-01,US,Virginia,Harrisonburg,456,11,0,38.43542574,-78.87536254,51660.0,445,426,11,0,415,411,54033,30,0,0,30,15
2020-05-01,US,Virginia,Henrico,898,102,0,37.53460572,-77.39326555,51087.0,796,876,100,0,776,846,329261,22,2,0,20,30
2020-05-01,US,Virginia,Henry,16,1,0,36.68542395,-79.87634026,51089.0,15,16,1,0,15,16,50953,0,0,0,0,0
2020-05-01,US,Virginia,Highland,2,0,0,38.35799465,-79.56124594,51091.0,2,2,0,0,2,2,2210,0,0,0,0,0
2020-05-01,US,Virginia,Hopewell,25,0,0,37.29186313,-77.29754684,51670.0,25,24,0,0,24,24,22596,1,0,0,1,0
2020-05-01,US,Virginia,Isle of Wight,99,2,0,36.90579348,-76.70842863,51093.0,97,99,2,0,97,96,36953,0,0,0,0,3
2020-05-01,US,Virginia,James City,160,12,0,37.31156958,-76.76950618,51095.0,148,158,12,0,146,155,76397,2,0,0,2,3
2020-05-01,US,Virginia,King George,34,4,0,38.26818502,-77.15852768,51099.0,30,32,4,0,28,30,26575,2,0,0,2,2
2020-05-01,US,Virginia,King William,5,1,0,37.70965316,-77.09384941,51101.0,4,5,1,0,4,5,16939,0,0,0,0,0
2020-05-01,US,Virginia,King and Queen,2,0,0,37.71044922,-76.88689628,51097.0,2,2,0,0,2,2,7042,0,0,0,0,0
2020-05-01,US,Virginia,Lancaster,3,0,0,37.71889653,-76.46400482,51103.0,3,2,0,0,2,1,10783,1,0,0,1,1
2020-05-01,US,Virginia,Lee,10,0,0,36.70586667,-83.12606515,51105.0,10,9,0,0,9,9,23541,1,0,0,1,0
2020-05-01,US,Virginia,Lexington,4,0,0,37.78258621,-79.44262866,51678.0,4,3,0,0,3,3,7136,1,0,0,1,0
2020-05-01,US,Virginia,Loudoun,832,15,0,39.08990083,-77.63481877,51107.0,817,746,15,0,731,727,406850,86,0,0,86,19
2020-05-01,US,Virginia,Louisa,45,0,0,37.97850256,-77.96274807,51109.0,45,43,0,0,43,41,36778,2,0,0,2,2
2020-05-01,US,Virginia,Lunenburg,4,0,0,36.94618528,-78.24133319,51111.0,4,4,0,0,4,4,12086,0,0,0,0,0
2020-05-01,US,Virginia,Lynchburg,58,1,0,37.40021399,-79.19888138,51680.0,57,53,1,0,52,52,82126,5,0,0,5,1
2020-05-01,US,Virginia,Madison,14,0,0,38.41531222,-78.28220331,51113.0,14,14,0,0,14,14,13295,0,0,0,0,0
2020-05-01,US,Virginia,Manassas,222,2,0,38.7464321,-77.48509905,51683.0,220,216,2,0,214,196,41641,6,0,0,6,20
2020-05-01,US,Virginia,Manassas Park,68,1,0,38.77058531,-77.44399307,51685.0,67,61,1,0,60,60,17307,7,0,0,7,1
2020-05-01,US,Virginia,Martinsville,2,0,0,36.68212094,-79.86352771,51690.0,2,2,0,0,2,2,12902,0,0,0,0,0
2020-05-01,US,Virginia,Mathews,4,0,0,37.44164146,-76.34098896,51115.0,4,4,0,0,4,4,8802,0,0,0,0,0
2020-05-01,US,Virginia,Mecklenburg,103,10,0,36.67882005,-78.36131056,51117.0,93,100,10,0,90,100,30650,3,0,0,3,0
2020-05-01,US,Virginia,Middlesex,7,0,0,37.63191998,-76.55064617,51119.0,7,8,0,0,8,4,10769,-1,0,0,-1,4
2020-05-01,US,Virginia,Montgomery,56,1,0,37.17746986,-80.37868691,51121.0,55,56,1,0,55,55,98985,0,0,0,0,1
2020-05-01,US,Virginia,Nelson,8,0,0,37.78790447,-78.88498513,51125.0,8,8,0,0,8,7,14836,0,0,0,0,1
2020-05-01,US,Virginia,New Kent,23,1,0,37.50694406,-76.99828634,51127.0,22,23,1,0,22,23,22391,0,0,0,0,0
2020-05-01,US,Virginia,Newport News,120,9,0,37.08166899,-76.51754109,51700.0,111,118,7,0,111,114,178626,2,2,0,0,4
2020-05-01,US,Virginia,Norfolk,204,3,0,36.89934014,-76.26420872,51710.0,201,198,3,0,195,192,244076,6,0,0,6,6
2020-05-01,US,Virginia,Northampton,82,0,0,37.34062933,-75.87751591,51131.0,82,64,0,0,64,36,11735,18,0,0,18,28
2020-05-01,US,Virginia,Northumberland,9,0,0,37.89202088,-76.41949732,51133.0,9,9,0,0,9,8,12147,0,0,0,0,1
2020-05-01,US,Virginia,Norton,2,0,0,36.93357076,-82.62750411,51720.0,2,2,0,0,2,2,3968,0,0,0,0,0
2020-05-01,US,Virginia,Nottoway,13,0,0,37.1435975,-78.05065922,51135.0,13,12,0,0,12,12,15420,1,0,0,1,0
2020-05-01,US,Virginia,Orange,36,0,0,38.24530219,-78.01560400000002,51137.0,36,31,0,0,31,27,36644,5,0,0,5,4
2020-05-01,US,Virginia,Page,104,1,0,38.61807452,-78.48797204,51139.0,103,100,1,0,99,91,23933,4,0,0,4,9
2020-05-01,US,Virginia,Patrick,2,0,0,36.6801638,-80.2865648,51141.0,2,2,0,0,2,2,17673,0,0,0,0,0
2020-05-01,US,Virginia,Petersburg,33,2,0,37.20530399,-77.39368102,51730.0,31,31,2,0,29,31,31567,2,0,0,2,0
2020-05-01,US,Virginia,Pittsylvania,13,1,0,36.81980341,-79.39731264,51143.0,12,13,1,0,12,12,60949,0,0,0,0,1
2020-05-01,US,Virginia,Poquoson,6,0,0,37.14259351,-76.35798148,51735.0,6,6,0,0,6,6,12190,0,0,0,0,0
2020-05-01,US,Virginia,Portsmouth,170,7,0,36.85914825,-76.35971629,51740.0,163,158,5,0,153,150,94632,12,2,0,10,8
2020-05-01,US,Virginia,Powhatan,14,0,0,37.55016038,-77.91267882,51145.0,14,13,0,0,13,12,29189,1,0,0,1,1
2020-05-01,US,Virginia,Prince Edward,51,2,0,37.22554789,-78.43597949,51147.0,49,49,2,0,47,46,22950,2,0,0,2,3
2020-05-01,US,Virginia,Prince George,34,0,0,37.18497668,-77.22922187,51149.0,34,33,0,0,33,33,38082,1,0,0,1,0
2020-05-01,US,Virginia,Prince William,1781,28,0,38.70916224,-77.48713689,51153.0,1753,1645,24,0,1621,1527,468011,136,4,0,132,118
2020-05-01,US,Virginia,Pulaski,9,0,0,37.06474963,-80.71229738,51155.0,9,9,0,0,9,9,34066,0,0,0,0,0
2020-05-01,US,Virginia,Radford,3,0,0,37.12222899,-80.56027320000003,51750.0,3,3,0,0,3,3,18339,0,0,0,0,0
2020-05-01,US,Virginia,Rappahannock,5,0,0,38.68295619,-78.15826963,51157.0,5,5,0,0,5,3,7252,0,0,0,0,2
2020-05-01,US,Virginia,Richmond,142,0,0,37.937575,-76.72920628,51159.0,142,144,0,0,144,143,9038,-2,0,0,-2,1
2020-05-01,US,Virginia,Richmond City,364,15,0,37.53255773,-77.47966921,51760.0,349,339,15,0,324,323,228783,25,0,0,25,16
2020-05-01,US,Virginia,Roanoke,53,0,0,37.26865804,-80.06396753,51161.0,53,51,0,0,51,47,94073,2,0,0,2,4
2020-05-01,US,Virginia,Roanoke City,80,0,0,37.27791025,-79.96189766,51770.0,80,73,0,0,73,57,99920,7,0,0,7,16
2020-05-01,US,Virginia,Rockbridge,7,0,0,37.81204314,-79.44605905,51163.0,7,6,0,0,6,5,22752,1,0,0,1,1
2020-05-01,US,Virginia,Rockingham,249,1,0,38.51006137,-78.87260325,51165.0,248,240,1,0,239,220,81244,9,0,0,9,20
2020-05-01,US,Virginia,Russell,4,0,0,36.93028320000001,-82.10095486,51167.0,4,3,0,0,3,3,26748,1,0,0,1,0
2020-05-01,US,Virginia,Salem,26,0,0,37.2836193,-80.06219455,51775.0,26,26,0,0,26,16,25643,0,0,0,0,10
2020-05-01,US,Virginia,Scott,7,1,0,36.71466456,-82.60171704,51169.0,6,7,1,0,6,7,21534,0,0,0,0,0
2020-05-01,US,Virginia,Shenandoah,120,2,0,38.85905135,-78.56813762,51171.0,118,108,2,0,106,95,43497,12,0,0,12,13
2020-05-01,US,Virginia,Smyth,13,0,0,36.84455636,-81.53344948,51173.0,13,13,0,0,13,13,30472,0,0,0,0,0
2020-05-01,US,Virginia,Southampton,125,1,0,36.72231125,-77.10642712,51175.0,124,125,1,0,124,115,17586,0,0,0,0,10
2020-05-01,US,Virginia,Spotsylvania,155,4,0,38.18574462,-77.655399,51177.0,151,143,3,0,140,131,134238,12,1,0,11,12
2020-05-01,US,Virginia,Stafford,251,2,0,38.41758738,-77.45917053,51179.0,249,240,2,0,238,225,149960,11,0,0,11,15
2020-05-01,US,Virginia,Staunton,12,0,0,38.15965544,-79.05979937,51790.0,12,12,0,0,12,12,24922,0,0,0,0,0
2020-05-01,US,Virginia,Suffolk,175,13,0,36.70155394,-76.63603554,51800.0,162,169,12,0,157,154,91185,6,1,0,5,15
2020-05-01,US,Virginia,Surry,4,1,0,37.11781893,-76.88450012,51181.0,3,4,1,0,3,4,6474,0,0,0,0,0
2020-05-01,US,Virginia,Sussex,31,1,0,36.92432914,-77.25791182,51183.0,30,31,1,0,30,30,11237,0,0,0,0,1
2020-05-01,US,Virginia,Tazewell,6,0,0,37.12191123,-81.56685568,51185.0,6,6,0,0,6,6,40855,0,0,0,0,0
2020-05-01,US,Virginia,Virginia Beach,396,14,0,36.73285734,-76.04566934,51810.0,382,385,14,0,371,365,450189,11,0,0,11,20
2020-05-01,US,Virginia,Warren,57,0,0,38.90847745,-78.20280433,51187.0,57,52,0,0,52,51,40003,5,0,0,5,1
2020-05-01,US,Virginia,Washington,38,3,0,36.72341572,-81.95666289,51191.0,35,36,3,0,33,36,54402,2,0,0,2,0
2020-05-01,US,Virginia,Waynesboro,13,0,0,38.06451466,-78.90293905,51820.0,13,11,0,0,11,11,22628,2,0,0,2,0
2020-05-01,US,Virginia,Westmoreland,23,0,0,38.11021557,-76.80213247,51193.0,23,21,0,0,21,22,17830,2,0,0,2,-1
2020-05-01,US,Virginia,Williamsburg,20,1,0,37.28131268,-76.70905141,51830.0,19,18,1,0,17,18,14896,2,0,0,2,0
2020-05-01,US,Virginia,Winchester,41,0,0,39.17054517,-78.17325058,51840.0,41,37,0,0,37,36,28108,4,0,0,4,1
2020-05-01,US,Virginia,Wise,22,1,0,36.9746148,-82.62410519,51195.0,21,22,1,0,21,22,38012,0,0,0,0,0
2020-05-01,US,Virginia,Wythe,11,1,0,36.91582035,-81.07834059,51197.0,10,11,1,0,10,11,28754,0,0,0,0,0
2020-05-01,US,Virginia,York,46,1,0,37.24374789,-76.54412815,51199.0,45,46,1,0,45,45,67846,0,0,0,0,1
2020-05-01,US,Washington,Adams,47,0,0,46.98299757,-118.5601734,53001.0,47,47,0,0,47,47,19759,0,0,0,0,0
2020-05-01,US,Washington,Asotin,18,2,0,46.18894415,-117.2022851,53003.0,16,18,2,0,16,17,22610,0,0,0,0,1
2020-05-01,US,Washington,Benton,461,41,0,46.23946995,-119.5120834,53005.0,420,430,41,0,389,422,201877,31,0,0,31,8
2020-05-01,US,Washington,Chelan,113,5,0,47.87046092,-120.6173956,53007.0,108,108,5,0,103,98,77036,5,0,0,5,10
2020-05-01,US,Washington,Clallam,18,0,0,48.04754642,-123.9226319,53009.0,18,18,0,0,18,18,76737,0,0,0,0,0
2020-05-01,US,Washington,Clark,327,19,0,45.77568046,-122.4829204,53011.0,308,321,19,0,302,317,481857,6,0,0,6,4
2020-05-01,US,Washington,Columbia,1,0,0,46.29442881,-117.9051983,53013.0,1,1,0,0,1,1,4059,0,0,0,0,0
2020-05-01,US,Washington,Cowlitz,47,0,0,46.19074721,-122.6782231,53015.0,47,45,0,0,45,41,108987,2,0,0,2,4
2020-05-01,US,Washington,Douglas,79,1,0,47.7361335,-119.692937,53017.0,78,78,1,0,77,77,42907,1,0,0,1,1
2020-05-01,US,Washington,Ferry,1,0,0,48.471143100000006,-118.5154041,53019.0,1,1,0,0,1,1,7649,0,0,0,0,0
2020-05-01,US,Washington,Franklin,309,11,0,46.53351425,-118.9018212,53021.0,298,279,9,0,270,276,94347,30,2,0,28,3
2020-05-01,US,Washington,Grant,163,3,0,47.20753737,-119.4500749,53025.0,160,159,3,0,156,155,97331,4,0,0,4,4
2020-05-01,US,Washington,Grays Harbor,12,0,0,47.14003705,-123.7820567,53027.0,12,12,0,0,12,12,73901,0,0,0,0,0
2020-05-01,US,Washington,Island,169,9,0,48.14713305,-122.5216407,53029.0,160,168,9,0,159,168,84460,1,0,0,1,0
2020-05-01,US,Washington,Jefferson,28,0,0,47.75003077,-123.56097040000002,53031.0,28,28,0,0,28,28,31729,0,0,0,0,0
2020-05-01,US,Washington,King,6274,452,0,47.49137892,-121.8346131,53033.0,5822,6207,447,0,5760,6103,2233163,67,5,0,62,104
2020-05-01,US,Washington,Kitsap,150,2,0,47.63479026,-122.6436061,53035.0,148,149,2,0,147,148,269805,1,0,0,1,1
2020-05-01,US,Washington,Kittitas,15,0,0,47.12521214,-120.679439,53037.0,15,14,0,0,14,14,47364,1,0,0,1,0
2020-05-01,US,Washington,Klickitat,17,3,0,45.87325839,-120.7913598,53039.0,14,17,3,0,14,16,22107,0,0,0,0,1
2020-05-01,US,Washington,Lewis,29,3,0,46.57756476,-122.3925769,53041.0,26,29,3,0,26,29,79604,0,0,0,0,0
2020-05-01,US,Washington,Lincoln,2,0,0,47.57705241,-118.4194388,53043.0,2,2,0,0,2,2,10740,0,0,0,0,0
2020-05-01,US,Washington,Mason,25,1,0,47.35007586,-123.1863685,53045.0,24,23,1,0,22,23,65507,2,0,0,2,0
2020-05-01,US,Washington,Okanogan,21,1,0,48.54855019,-119.7387224,53047.0,20,22,1,0,21,21,42132,-1,0,0,-1,1
2020-05-01,US,Washington,Pacific,4,0,0,46.55418369,-123.7285716,53049.0,4,4,0,0,4,4,22036,0,0,0,0,0
2020-05-01,US,Washington,Pend Oreille,2,0,0,48.53234021,-117.2741804,53051.0,2,2,0,0,2,2,13602,0,0,0,0,0
2020-05-01,US,Washington,Pierce,1339,50,0,47.03892768,-122.1405958,53053.0,1289,1322,49,0,1273,1306,891299,17,1,0,16,16
2020-05-01,US,Washington,San Juan,14,0,0,48.60182783,-122.96745,53055.0,14,14,0,0,14,14,17128,0,0,0,0,0
2020-05-01,US,Washington,Skagit,337,13,0,48.48171488,-121.766131,53057.0,324,329,13,0,316,322,128206,8,0,0,8,7
2020-05-01,US,Washington,Skamania,3,0,0,46.02408726,-121.9164403,53059.0,3,3,0,0,3,3,11924,0,0,0,0,0
2020-05-01,US,Washington,Snohomish,2453,109,0,48.04615983,-121.7170703,53061.0,2344,2433,108,0,2325,2389,814901,20,1,0,19,44
2020-05-01,US,Washington,Spokane,367,22,0,47.62113146,-117.4046494,53063.0,345,357,21,0,336,353,514631,10,1,0,9,4
2020-05-01,US,Washington,Stevens,9,1,0,48.40035475,-117.8542701,53065.0,8,9,1,0,8,9,45260,0,0,0,0,0
2020-05-01,US,Washington,Thurston,106,1,0,46.9291895,-122.8290656,53067.0,105,105,1,0,104,104,286419,1,0,0,1,1
2020-05-01,US,Washington,Unassigned,77,0,0,0.0,0.0,90053.0,77,60,0,0,60,76,,17,0,0,17,-16
2020-05-01,US,Washington,Wahkiakum,2,0,0,46.29180039999999,-123.4250831,53069.0,2,2,0,0,2,2,4426,0,0,0,0,0
2020-05-01,US,Washington,Walla Walla,76,0,0,46.23040051,-118.4775539,53071.0,76,67,0,0,67,62,60922,9,0,0,9,5
2020-05-01,US,Washington,Whatcom,305,28,0,48.82227976,-121.7490018,53073.0,277,302,28,0,274,294,225685,3,0,0,3,8
2020-05-01,US,Washington,Whitman,14,0,0,46.90022523,-117.5241763,53075.0,14,14,0,0,14,14,49791,0,0,0,0,0
2020-05-01,US,Washington,Yakima,1203,47,0,46.45738486,-120.7380126,53077.0,1156,1128,47,0,1081,1082,251446,75,0,0,75,46
2020-05-01,US,West Virginia,Barbour,5,1,0,39.1307219,-80.00350858,54001.0,4,5,1,0,4,4,16535,0,0,0,0,1
2020-05-01,US,West Virginia,Berkeley,153,2,0,39.46704621,-78.02414609,54003.0,151,145,1,0,144,143,117123,8,1,0,7,2
2020-05-01,US,West Virginia,Boone,6,0,0,38.01974191,-81.69888019,54005.0,6,3,0,0,3,3,21951,3,0,0,3,0
2020-05-01,US,West Virginia,Braxton,2,0,0,38.70036159,-80.72011184,54007.0,2,2,0,0,2,2,14089,0,0,0,0,0
2020-05-01,US,West Virginia,Brooke,3,0,0,40.27367263,-80.57915332,54009.0,3,3,0,0,3,3,22203,0,0,0,0,0
2020-05-01,US,West Virginia,Cabell,43,0,0,38.42424062,-82.23855912,54011.0,43,42,0,0,42,42,93224,1,0,0,1,0
2020-05-01,US,West Virginia,Fayette,14,0,0,38.02974928,-81.08286634,54019.0,14,13,0,0,13,12,43018,1,0,0,1,1
2020-05-01,US,West Virginia,Gilmer,2,0,0,38.9251277,-80.85952723,54021.0,2,2,0,0,2,2,8026,0,0,0,0,0
2020-05-01,US,West Virginia,Grant,1,0,0,39.10314817,-79.19440518,54023.0,1,1,0,0,1,1,11626,0,0,0,0,0
2020-05-01,US,West Virginia,Greenbrier,3,0,0,37.9463652,-80.45335881,54025.0,3,3,0,0,3,3,34786,0,0,0,0,0
2020-05-01,US,West Virginia,Hampshire,7,1,0,39.32103553,-78.60826476,54027.0,6,7,1,0,6,7,23347,0,0,0,0,0
2020-05-01,US,West Virginia,Hancock,10,0,0,40.51943859,-80.57461608,54029.0,10,10,0,0,10,9,29094,0,0,0,0,1
2020-05-01,US,West Virginia,Hardy,6,0,0,39.00683177,-78.85855301,54031.0,6,5,0,0,5,5,13775,1,0,0,1,0
2020-05-01,US,West Virginia,Harrison,30,1,0,39.2853852,-80.37919577,54033.0,29,30,1,0,29,30,67554,0,0,0,0,0
2020-05-01,US,West Virginia,Jackson,130,15,0,38.84263974,-81.68148753,54035.0,115,130,13,0,117,129,28706,0,2,0,-2,1
2020-05-01,US,West Virginia,Jefferson,79,1,0,39.30776166,-77.86014147,54037.0,78,79,1,0,78,77,56811,0,0,0,0,2
2020-05-01,US,West Virginia,Kanawha,161,7,0,38.33860077,-81.52857054,54039.0,154,160,5,0,155,157,180454,1,2,0,-1,3
2020-05-01,US,West Virginia,Lewis,4,0,0,38.9947249,-80.49988181,54041.0,4,4,0,0,4,4,16024,0,0,0,0,0
2020-05-01,US,West Virginia,Lincoln,2,0,0,38.172154,-82.07017953,54043.0,2,2,0,0,2,1,20599,0,0,0,0,1
2020-05-01,US,West Virginia,Logan,13,1,0,37.8299889,-81.93528571,54045.0,12,13,1,0,12,12,32607,0,0,0,0,1
2020-05-01,US,West Virginia,Marion,46,2,0,39.50984542,-80.24244659,54049.0,44,45,2,0,43,45,56097,1,0,0,1,0
2020-05-01,US,West Virginia,Marshall,13,0,0,39.86064362,-80.66591062,54051.0,13,12,0,0,12,11,30785,1,0,0,1,1
2020-05-01,US,West Virginia,Mason,12,0,0,38.77071799,-82.02524219,54053.0,12,12,0,0,12,12,26718,0,0,0,0,0
2020-05-01,US,West Virginia,McDowell,6,0,0,37.38002939,-81.65083669,54047.0,6,6,0,0,6,6,18223,0,0,0,0,0
2020-05-01,US,West Virginia,Mercer,10,0,0,37.40481169,-81.11023142,54055.0,10,10,0,0,10,10,59131,0,0,0,0,0
2020-05-01,US,West Virginia,Mineral,18,0,0,39.41561583,-78.94104895,54057.0,18,17,0,0,17,15,26940,1,0,0,1,2
2020-05-01,US,West Virginia,Mingo,2,1,0,37.73048351,-82.13338365,54059.0,1,2,1,0,1,2,23785,0,0,0,0,0
2020-05-01,US,West Virginia,Monongalia,102,4,0,39.63218457,-80.04766838,54061.0,98,102,4,0,98,103,106420,0,0,0,0,-1
2020-05-01,US,West Virginia,Monroe,5,0,0,37.56274716,-80.54577965,54063.0,5,5,0,0,5,5,13280,0,0,0,0,0
2020-05-01,US,West Virginia,Morgan,12,0,0,39.55439028,-78.26311676,54065.0,12,11,0,0,11,10,17787,1,0,0,1,1
2020-05-01,US,West Virginia,Nicholas,6,0,0,38.29617706,-80.79759588,54067.0,6,6,0,0,6,6,24842,0,0,0,0,0
2020-05-01,US,West Virginia,Ohio,29,1,0,40.0955451,-80.62203992,54069.0,28,27,1,0,26,27,41755,2,0,0,2,0
2020-05-01,US,West Virginia,Pendleton,3,0,0,38.68314479,-79.35084086,54071.0,3,3,0,0,3,3,6997,0,0,0,0,0
2020-05-01,US,West Virginia,Pleasants,2,0,0,39.37091679,-81.16771771,54073.0,2,2,0,0,2,2,7507,0,0,0,0,0
2020-05-01,US,West Virginia,Pocahontas,2,0,0,38.32758728,-80.00993811,54075.0,2,2,0,0,2,2,8414,0,0,0,0,0
2020-05-01,US,West Virginia,Preston,13,0,0,39.46770987,-79.66712803,54077.0,13,13,0,0,13,13,33839,0,0,0,0,0
2020-05-01,US,West Virginia,Putnam,27,0,0,38.50782345,-81.9082131,54079.0,27,25,0,0,25,25,56682,2,0,0,2,0
2020-05-01,US,West Virginia,Raleigh,9,0,0,37.76936795,-81.2456041,54081.0,9,8,0,0,8,8,74254,1,0,0,1,0
2020-05-01,US,West Virginia,Randolph,4,0,0,38.769899,-79.87919615,54083.0,4,4,0,0,4,4,28823,0,0,0,0,0
2020-05-01,US,West Virginia,Roane,6,0,0,38.71622686,-81.35243568,54087.0,6,6,0,0,6,6,13932,0,0,0,0,0
2020-05-01,US,West Virginia,Summers,1,0,0,37.65390597,-80.86009693,54089.0,1,1,0,0,1,1,12760,0,0,0,0,0
2020-05-01,US,West Virginia,Taylor,6,0,0,39.33602617,-80.0421439,54091.0,6,6,0,0,6,6,16862,0,0,0,0,0
2020-05-01,US,West Virginia,Tucker,4,0,0,39.11240885,-79.57053576,54093.0,4,4,0,0,4,4,6955,0,0,0,0,0
2020-05-01,US,West Virginia,Tyler,3,0,0,39.46811972,-80.88772676,54095.0,3,3,0,0,3,3,8746,0,0,0,0,0
2020-05-01,US,West Virginia,Upshur,4,0,0,38.89285061,-80.23689136,54097.0,4,4,0,0,4,4,24415,0,0,0,0,0
2020-05-01,US,West Virginia,Wayne,86,7,0,38.14901357,-82.42287994,54099.0,79,85,7,0,78,85,39944,1,0,0,1,0
2020-05-01,US,West Virginia,Wetzel,3,0,0,39.6065771,-80.64016540000001,54103.0,3,3,0,0,3,3,15270,0,0,0,0,0
2020-05-01,US,West Virginia,Wirt,3,0,0,39.02775007,-81.37473928,54105.0,3,3,0,0,3,3,5830,0,0,0,0,0
2020-05-01,US,West Virginia,Wood,40,2,0,39.20967886,-81.5162836,54107.0,38,38,2,0,36,39,84203,2,0,0,2,-1
2020-05-01,US,West Virginia,Wyoming,1,0,0,37.612327,-81.54511071,54109.0,1,1,0,0,1,1,20786,0,0,0,0,0
2020-05-01,US,Wisconsin,Adams,4,1,0,43.96974651,-89.76782777,55001.0,3,4,1,0,3,4,20348,0,0,0,0,0
2020-05-01,US,Wisconsin,Ashland,2,0,0,46.31956891,-90.67837132,55003.0,2,2,0,0,2,2,15600,0,0,0,0,0
2020-05-01,US,Wisconsin,Barron,6,0,0,45.42372701,-91.84833627,55005.0,6,6,0,0,6,6,45164,0,0,0,0,0
2020-05-01,US,Wisconsin,Bayfield,3,1,0,46.52868768,-91.19716729,55007.0,2,3,1,0,2,3,15042,0,0,0,0,0
2020-05-01,US,Wisconsin,Brown,1175,5,0,44.4526553,-88.00411844,55009.0,1170,1057,3,0,1054,971,263378,118,2,0,116,86
2020-05-01,US,Wisconsin,Buffalo,4,1,0,44.37835084,-91.75332578,55011.0,3,4,1,0,3,4,13125,0,0,0,0,0
2020-05-01,US,Wisconsin,Calumet,14,0,0,44.0816316,-88.21780273,55015.0,14,13,0,0,13,12,50159,1,0,0,1,1
2020-05-01,US,Wisconsin,Chippewa,23,0,0,45.06939744,-91.28068855,55017.0,23,22,0,0,22,21,64135,1,0,0,1,1
2020-05-01,US,Wisconsin,Clark,20,4,0,44.73483377,-90.61207486,55019.0,16,20,4,0,16,20,34709,0,0,0,0,0
2020-05-01,US,Wisconsin,Columbia,28,1,0,43.46492199,-89.33589004,55021.0,27,27,1,0,26,27,57358,1,0,0,1,0
2020-05-01,US,Wisconsin,Crawford,3,0,0,43.23870316,-90.93073686,55023.0,3,3,0,0,3,3,16291,0,0,0,0,0
2020-05-01,US,Wisconsin,Dane,430,23,0,43.06601594,-89.41733797,55025.0,407,428,22,0,406,424,542364,2,1,0,1,4
2020-05-01,US,Wisconsin,Dodge,36,1,0,43.41576662,-88.70928178,55027.0,35,33,1,0,32,33,87847,3,0,0,3,0
2020-05-01,US,Wisconsin,Door,12,2,0,44.95856458,-87.30002707,55029.0,10,12,2,0,10,12,27610,0,0,0,0,0
2020-05-01,US,Wisconsin,Douglas,9,0,0,46.43222285,-91.91595768,55031.0,9,9,0,0,9,9,43208,0,0,0,0,0
2020-05-01,US,Wisconsin,Dunn,9,0,0,44.94562799,-91.8962481,55033.0,9,9,0,0,9,9,45131,0,0,0,0,0
2020-05-01,US,Wisconsin,Eau Claire,28,0,0,44.726614,-91.28609183,55035.0,28,28,0,0,28,27,104534,0,0,0,0,1
2020-05-01,US,Wisconsin,Florence,2,0,0,45.84963535,-88.39804137,55037.0,2,2,0,0,2,2,4321,0,0,0,0,0
2020-05-01,US,Wisconsin,Fond du Lac,71,3,0,43.75354908,-88.48885325,55039.0,68,69,3,0,66,69,103066,2,0,0,2,0
2020-05-01,US,Wisconsin,Grant,41,6,0,42.8671731,-90.7063218,55043.0,35,37,6,0,31,35,51554,4,0,0,4,2
2020-05-01,US,Wisconsin,Green,13,0,0,42.6794956,-89.60243287,55045.0,13,12,0,0,12,11,36929,1,0,0,1,1
2020-05-01,US,Wisconsin,Green Lake,3,0,0,43.80025981,-89.04679553,55047.0,3,2,0,0,2,2,18918,1,0,0,1,0
2020-05-01,US,Wisconsin,Iowa,7,0,0,43.00050278,-90.13469017,55049.0,7,7,0,0,7,7,23771,0,0,0,0,0
2020-05-01,US,Wisconsin,Iron,2,1,0,46.26302338,-90.24295041,55051.0,1,2,1,0,1,2,5676,0,0,0,0,0
2020-05-01,US,Wisconsin,Jackson,13,1,0,44.31864893,-90.80566792,55053.0,12,12,1,0,11,12,20478,1,0,0,1,0
2020-05-01,US,Wisconsin,Jefferson,46,0,0,43.02054068,-88.77529134,55055.0,46,45,0,0,45,45,85129,1,0,0,1,0
2020-05-01,US,Wisconsin,Juneau,17,1,0,43.92456975,-90.11120239,55057.0,16,17,1,0,16,14,26617,0,0,0,0,3
2020-05-01,US,Wisconsin,Kenosha,477,13,0,42.57639354,-88.04051686,55059.0,464,391,12,0,379,363,169290,86,1,0,85,28
2020-05-01,US,Wisconsin,Kewaunee,13,1,0,44.51727459,-87.61468386,55061.0,12,14,1,0,13,14,20383,-1,0,0,-1,0
2020-05-01,US,Wisconsin,La Crosse,28,0,0,43.90632465,-91.11451093,55063.0,28,28,0,0,28,27,118230,0,0,0,0,1
2020-05-01,US,Wisconsin,Lafayette,6,0,0,42.66005229,-90.1317729,55065.0,6,4,0,0,4,4,16665,2,0,0,2,0
2020-05-01,US,Wisconsin,Lincoln,1,0,0,45.33737523,-89.73411273,55069.0,1,,,,,,27689,,,,,
2020-05-01,US,Wisconsin,Manitowoc,11,1,0,44.11946801,-87.80928853,55071.0,10,11,1,0,10,11,79074,0,0,0,0,0
2020-05-01,US,Wisconsin,Marathon,18,1,0,44.89792533,-89.75863384,55073.0,17,18,1,0,17,17,135428,0,0,0,0,1
2020-05-01,US,Wisconsin,Marinette,10,1,0,45.38553432,-88.03324599999998,55075.0,9,8,1,0,7,7,40434,2,0,0,2,1
2020-05-01,US,Wisconsin,Marquette,3,1,0,43.81911946,-89.40073763,55077.0,2,3,1,0,2,3,15434,0,0,0,0,0
2020-05-01,US,Wisconsin,Menominee,1,0,0,45.00422544,-88.70950714,55078.0,1,1,0,0,1,1,4658,0,0,0,0,0
2020-05-01,US,Wisconsin,Milwaukee,3044,186,0,43.00486062,-87.96733172,55079.0,2858,2940,181,0,2759,2815,948201,104,5,0,99,125
2020-05-01,US,Wisconsin,Monroe,14,1,0,43.94641218,-90.618819,55081.0,13,14,1,0,13,14,46051,0,0,0,0,0
2020-05-01,US,Wisconsin,Oconto,14,0,0,45.02715345,-88.26807503,55083.0,14,10,0,0,10,8,37830,4,0,0,4,2
2020-05-01,US,Wisconsin,Oneida,6,0,0,45.70677897,-89.51944105,55085.0,6,6,0,0,6,6,35470,0,0,0,0,0
2020-05-01,US,Wisconsin,Outagamie,62,2,0,44.41578887,-88.46565023,55087.0,60,54,2,0,52,54,187365,8,0,0,8,0
2020-05-01,US,Wisconsin,Ozaukee,88,9,0,43.38352225,-87.94625009,55089.0,79,88,9,0,79,86,89147,0,0,0,0,2
2020-05-01,US,Wisconsin,Pierce,10,0,0,44.71850291,-92.4224416,55093.0,10,10,0,0,10,10,42555,0,0,0,0,0
2020-05-01,US,Wisconsin,Polk,4,0,0,45.46130348,-92.44182875,55095.0,4,4,0,0,4,4,43598,0,0,0,0,0
2020-05-01,US,Wisconsin,Portage,5,0,0,44.47558711,-89.50152965,55097.0,5,5,0,0,5,5,70942,0,0,0,0,0
2020-05-01,US,Wisconsin,Price,1,0,0,45.68051754,-90.3609888,55099.0,1,1,0,0,1,1,13397,0,0,0,0,0
2020-05-01,US,Wisconsin,Racine,393,13,0,42.74753117,-88.05941254,55101.0,380,355,12,0,343,317,196584,38,1,0,37,38
2020-05-01,US,Wisconsin,Richland,12,2,0,43.3762778,-90.43012729,55103.0,10,12,2,0,10,11,17377,0,0,0,0,1
2020-05-01,US,Wisconsin,Rock,222,6,0,42.67151616,-89.07147900000002,55105.0,216,198,6,0,192,183,163129,24,0,0,24,15
2020-05-01,US,Wisconsin,Rusk,4,0,0,45.47498854,-91.1333012,55107.0,4,4,0,0,4,4,14147,0,0,0,0,0
2020-05-01,US,Wisconsin,Sauk,58,3,0,43.42574087,-89.94966132,55111.0,55,45,3,0,42,44,64249,13,0,0,13,1
2020-05-01,US,Wisconsin,Sawyer,3,0,0,45.87931905,-91.14504927,55113.0,3,3,0,0,3,3,16489,0,0,0,0,0
2020-05-01,US,Wisconsin,Shawano,15,0,0,44.78902246,-88.76443896,55115.0,15,10,0,0,10,10,40796,5,0,0,5,0
2020-05-01,US,Wisconsin,Sheboygan,49,2,0,43.72099677,-87.94579284,55117.0,47,47,2,0,45,46,115456,2,0,0,2,1
2020-05-01,US,Wisconsin,St. Croix,16,0,0,45.03437474,-92.45000068,55109.0,16,16,0,0,16,13,89694,0,0,0,0,3
2020-05-01,US,Wisconsin,Trempealeau,3,0,0,44.30360275,-91.35893614,55121.0,3,3,0,0,3,2,29442,0,0,0,0,1
2020-05-01,US,Wisconsin,Vernon,1,0,0,43.59422667,-90.8324691,55123.0,1,1,0,0,1,1,30785,0,0,0,0,0
2020-05-01,US,Wisconsin,Vilas,4,0,0,46.05467334,-89.51719204,55125.0,4,4,0,0,4,4,21938,0,0,0,0,0
2020-05-01,US,Wisconsin,Walworth,171,8,0,42.66858202,-88.54163073,55127.0,163,161,8,0,153,156,103718,10,0,0,10,5
2020-05-01,US,Wisconsin,Washburn,1,0,0,45.89838588,-91.79050449,55129.0,1,1,0,0,1,1,15878,0,0,0,0,0
2020-05-01,US,Wisconsin,Washington,99,4,0,43.36863664,-88.22974712,55131.0,95,98,4,0,94,97,135693,1,0,0,1,1
2020-05-01,US,Wisconsin,Waukesha,350,20,0,43.01833055,-88.30431188,55133.0,330,336,19,0,317,329,403072,14,1,0,13,7
2020-05-01,US,Wisconsin,Waupaca,10,1,0,44.47068056,-88.96534501,55135.0,9,8,1,0,7,8,51128,2,0,0,2,0
2020-05-01,US,Wisconsin,Waushara,2,0,0,44.11324419,-89.24317107,55137.0,2,2,0,0,2,2,24263,0,0,0,0,0
2020-05-01,US,Wisconsin,Winnebago,62,1,0,44.06886922,-88.64477096,55139.0,61,53,1,0,52,51,171020,9,0,0,9,2
2020-05-01,US,Wisconsin,Wood,2,0,0,44.45537896,-90.04158336,55141.0,2,2,0,0,2,2,73055,0,0,0,0,0
2020-05-01,US,Wyoming,Albany,8,0,0,41.65498705,-105.7235415,56001.0,8,8,0,0,8,8,38601,0,0,0,0,0
2020-05-01,US,Wyoming,Big Horn,3,0,0,44.52405055,-107.9960365,56003.0,3,3,0,0,3,3,11881,0,0,0,0,0
2020-05-01,US,Wyoming,Campbell,24,0,0,44.24886082,-105.5474404,56005.0,24,24,0,0,24,23,46140,0,0,0,0,1
2020-05-01,US,Wyoming,Carbon,5,0,0,41.69357844,-106.9326084,56007.0,5,4,0,0,4,4,14971,1,0,0,1,0
2020-05-01,US,Wyoming,Converse,22,0,0,42.97272268,-105.5081848,56009.0,22,22,0,0,22,22,13640,0,0,0,0,0
2020-05-01,US,Wyoming,Crook,5,0,0,44.58855102,-104.5697705,56011.0,5,5,0,0,5,5,7450,0,0,0,0,0
2020-05-01,US,Wyoming,Fremont,120,0,0,43.04183996,-108.6296893,56013.0,120,116,0,0,116,110,39531,4,0,0,4,6
2020-05-01,US,Wyoming,Goshen,4,0,0,42.08798185,-104.3534743,56015.0,4,4,0,0,4,4,13376,0,0,0,0,0
2020-05-01,US,Wyoming,Hot Springs,3,0,0,43.71930657,-108.4423174,56017.0,3,3,0,0,3,3,4555,0,0,0,0,0
2020-05-01,US,Wyoming,Johnson,15,1,0,44.04057166,-106.5845174,56019.0,14,15,1,0,14,15,8460,0,0,0,0,0
2020-05-01,US,Wyoming,Laramie,147,0,0,41.30702520000001,-104.6887497,56021.0,147,145,0,0,145,139,98976,2,0,0,2,6
2020-05-01,US,Wyoming,Lincoln,9,0,0,42.26376367,-110.6563997,56023.0,9,9,0,0,9,9,19434,0,0,0,0,0
2020-05-01,US,Wyoming,Natrona,49,0,0,42.96180148,-106.797885,56025.0,49,49,0,0,49,49,79115,0,0,0,0,0
2020-05-01,US,Wyoming,Niobrara,2,0,0,43.05607708,-104.4758896,56027.0,2,2,0,0,2,2,2388,0,0,0,0,0
2020-05-01,US,Wyoming,Park,1,0,0,44.52157546,-109.5852825,56029.0,1,1,0,0,1,1,29324,0,0,0,0,0
2020-05-01,US,Wyoming,Sheridan,16,0,0,44.79048913,-106.8862389,56033.0,16,16,0,0,16,16,30233,0,0,0,0,0
2020-05-01,US,Wyoming,Sublette,3,0,0,42.76558279,-109.9130922,56035.0,3,3,0,0,3,3,9813,0,0,0,0,0
2020-05-01,US,Wyoming,Sweetwater,18,0,0,41.65943896,-108.8827882,56037.0,18,18,0,0,18,17,43051,0,0,0,0,1
2020-05-01,US,Wyoming,Teton,96,0,0,43.93522482,-110.5890801,56039.0,96,96,0,0,96,96,23081,0,0,0,0,0
2020-05-01,US,Wyoming,Uinta,8,0,0,41.2878183,-110.54757820000002,56041.0,8,8,0,0,8,8,20299,0,0,0,0,0
2020-05-01,US,Wyoming,Unassigned,0,6,0,0.0,0.0,90056.0,-6,0,6,0,-6,0,,0,0,0,0,0
2020-05-01,US,Wyoming,Washakie,8,0,0,43.90451606,-107.68018700000002,56043.0,8,8,0,0,8,8,7885,0,0,0,0,0
