Date,Country/Region,Province/State,Admin2,Confirmed,Deaths,Recovered,Latitude,Longitude,FIPS,Incidence_Rate,Case-Fatality_Ratio,Active Cases,Previous Confirmed,Previous Deaths,Previous Recovered,Previous Active,Prev2 Confirmed,Population,Daily Confirmed,Daily Deaths,Daily Recovered,Daily Active,Previous Daily Confirmed
2020-06-30,US,Alabama,Autauga,530,11,0,32.53952745,-86.64408227,1001.0,948.6477295101041,2.0754716981132075,519,521,11,0,510,497,55601,9,0,0,9,24
2020-06-30,US,Alabama,Baldwin,663,9,0,30.72774991,-87.72207058,1003.0,296.99776915702813,1.3574660633484164,654,626,9,0,617,559,218022,37,0,0,37,67
2020-06-30,US,Alabama,Barbour,322,1,0,31.868263,-85.3871286,1005.0,1304.3830511220935,0.3105590062111801,321,319,1,0,318,314,24881,3,0,0,3,5
2020-06-30,US,Alabama,Bibb,167,1,0,32.99642064,-87.12511459999996,1007.0,745.735464856658,0.5988023952095808,166,162,1,0,161,159,22400,5,0,0,5,3
2020-06-30,US,Alabama,Blount,204,1,0,33.98210918,-86.56790593,1009.0,352.78248538719606,0.4901960784313725,203,196,1,0,195,186,57840,8,0,0,8,10
2020-06-30,US,Alabama,Bullock,360,9,0,32.10030533,-85.71265535,1011.0,3564.003564003564,2.5,351,360,9,0,351,353,10138,0,0,0,0,7
2020-06-30,US,Alabama,Butler,604,27,0,31.75300095,-86.68057478,1013.0,3105.7178116001646,4.470198675496689,577,602,27,0,575,599,19680,2,0,0,2,3
2020-06-30,US,Alabama,Calhoun,268,5,0,33.77483727,-85.82630386,1015.0,235.9051098103076,1.8656716417910448,263,261,5,0,256,237,114277,7,0,0,7,24
2020-06-30,US,Alabama,Chambers,576,27,0,32.91360079,-85.39072749,1017.0,1732.122451434414,4.6875,549,571,27,0,544,547,33615,5,0,0,5,24
2020-06-30,US,Alabama,Cherokee,71,7,0,34.17805983,-85.60638968,1019.0,271.0337456100168,9.859154929577462,64,70,7,0,63,67,26032,1,0,0,1,3
2020-06-30,US,Alabama,Chilton,206,2,0,32.85044126,-86.7173256,1021.0,463.6715584766363,0.9708737864077671,204,203,2,0,201,195,44153,3,0,0,3,8
2020-06-30,US,Alabama,Choctaw,191,12,0,32.02227341,-88.26564429999998,1023.0,1517.1975534196522,6.282722513089006,179,191,12,0,179,188,12841,0,0,0,0,3
2020-06-30,US,Alabama,Clarke,264,5,0,31.68099859,-87.83548597,1025.0,1117.6022352044704,1.893939393939394,259,261,5,0,256,256,23920,3,0,0,3,5
2020-06-30,US,Alabama,Clay,53,2,0,33.26984193,-85.85836077,1027.0,400.4533434076313,3.7735849056603774,51,48,2,0,46,35,13275,5,0,0,5,13
2020-06-30,US,Alabama,Cleburne,29,1,0,33.67679204,-85.52005899,1029.0,194.50033534540574,3.4482758620689653,28,30,1,0,29,25,14987,-1,0,0,-1,5
2020-06-30,US,Alabama,Coffee,352,2,0,31.39932826,-85.98901039,1031.0,672.5000955255817,0.5681818181818182,350,346,1,0,345,340,51909,6,1,0,5,6
2020-06-30,US,Alabama,Colbert,363,5,0,34.69847452,-87.80168544,1033.0,657.1206169330751,1.3774104683195592,358,358,5,0,353,347,54762,5,0,0,5,11
2020-06-30,US,Alabama,Conecuh,178,6,0,31.43401703,-86.99320044,1035.0,1475.0973730007458,3.3707865168539324,172,176,4,0,172,163,12277,2,2,0,0,13
2020-06-30,US,Alabama,Coosa,55,1,0,32.93690146,-86.24847739,1037.0,515.8023070430461,1.818181818181818,54,55,1,0,54,55,10715,0,0,0,0,0
2020-06-30,US,Alabama,Covington,308,6,0,31.247785399999998,-86.45050893,1039.0,831.331479931982,1.9480519480519483,302,302,4,0,298,294,36986,6,2,0,4,8
2020-06-30,US,Alabama,Crenshaw,122,3,0,31.72941803,-86.31593104,1041.0,885.855358698809,2.459016393442623,119,122,3,0,119,121,13824,0,0,0,0,1
2020-06-30,US,Alabama,Cullman,398,3,0,34.13020303,-86.86888037,1043.0,475.12176487441513,0.7537688442211056,395,393,3,0,390,374,83442,5,0,0,5,19
2020-06-30,US,Alabama,Dale,241,0,0,31.43037123,-85.61095742,1045.0,490.1163263645978,0.0,241,235,0,0,235,233,48956,6,0,0,6,2
2020-06-30,US,Alabama,Dallas,808,8,0,32.32688101,-87.10866709999998,1047.0,2172.2765888805247,0.99009900990099,800,781,8,0,773,747,38310,27,0,0,27,34
2020-06-30,US,Alabama,DeKalb,576,5,0,34.45946862,-85.80782906,1049.0,805.4479605106765,0.8680555555555556,571,562,5,0,557,539,71385,14,0,0,14,23
2020-06-30,US,Alabama,Elmore,806,14,0,32.59785413,-86.14415284,1051.0,992.5008311886612,1.7369727047146402,792,796,14,0,782,774,81887,10,0,0,10,22
2020-06-30,US,Alabama,Escambia,258,6,0,31.1256789,-87.15918694,1053.0,704.2830235033986,2.3255813953488373,252,248,6,0,242,216,36748,10,0,0,10,32
2020-06-30,US,Alabama,Etowah,606,13,0,34.04567266,-86.04051873,1055.0,592.5607228067431,2.145214521452145,593,597,13,0,584,551,102501,9,0,0,9,46
2020-06-30,US,Alabama,Fayette,66,1,0,33.72076938,-87.73886638,1057.0,404.85829959514166,1.5151515151515151,65,66,1,0,65,66,16433,0,0,0,0,0
2020-06-30,US,Alabama,Franklin,843,13,0,34.44235334,-87.84289505,1059.0,2687.966328678018,1.5421115065243178,830,831,11,0,820,835,31363,12,2,0,10,-4
2020-06-30,US,Alabama,Geneva,63,0,0,31.09389027,-85.83572839,1061.0,239.80815347721818,0.0,63,59,0,0,59,60,26314,4,0,0,4,-1
2020-06-30,US,Alabama,Greene,164,7,0,32.85504247,-87.95684022,1063.0,2021.9455061028234,4.2682926829268295,157,164,7,0,157,164,8233,0,0,0,0,0
2020-06-30,US,Alabama,Hale,285,20,0,32.76039258,-87.63284988,1065.0,1945.2597092348644,7.0175438596491215,265,281,20,0,261,275,14726,4,0,0,4,6
2020-06-30,US,Alabama,Henry,129,3,0,31.51148016,-85.24267944,1067.0,749.7820401046208,2.3255813953488373,126,128,3,0,125,132,17209,1,0,0,1,-4
2020-06-30,US,Alabama,Houston,424,4,0,31.15197924,-85.29939599,1069.0,400.44577926370863,0.9433962264150944,420,420,4,0,416,425,104722,4,0,0,4,-5
2020-06-30,US,Alabama,Jackson,210,2,0,34.78144169,-85.99750489,1071.0,406.7717816604037,0.9523809523809524,208,204,2,0,202,196,51736,6,0,0,6,8
2020-06-30,US,Alabama,Jefferson,4210,140,0,33.55554728,-86.89506300000002,1073.0,639.2609475335307,3.32541567695962,4070,4053,134,0,3919,3682,659300,157,6,0,151,371
2020-06-30,US,Alabama,Lamar,71,1,0,33.77995024,-88.09668032,1075.0,514.3064107207533,1.4084507042253518,70,70,1,0,69,68,13844,1,0,0,1,2
2020-06-30,US,Alabama,Lauderdale,410,5,0,34.90171875,-87.65624729,1077.0,442.1486266432292,1.2195121951219512,405,392,4,0,388,372,92387,18,1,0,17,20
2020-06-30,US,Alabama,Lawrence,100,0,0,34.52041498,-87.31069453,1079.0,303.7298019681691,0.0,100,97,0,0,97,94,32957,3,0,0,3,3
2020-06-30,US,Alabama,Lee,1167,37,0,32.60154883,-85.35132246,1081.0,709.2414094881551,3.1705227077977716,1130,1135,37,0,1098,1064,163941,32,0,0,32,71
2020-06-30,US,Alabama,Limestone,403,0,0,34.81185586,-86.98310072,1083.0,407.42051256128997,0.0,403,394,0,0,394,359,96174,9,0,0,9,35
2020-06-30,US,Alabama,Lowndes,457,19,0,32.1597283,-86.65158371,1085.0,4698.745630269381,4.157549234135668,438,456,18,0,438,437,9974,1,1,0,0,19
2020-06-30,US,Alabama,Macon,166,8,0,32.38759944,-85.69267724,1087.0,918.7513836617225,4.819277108433735,158,165,8,0,157,161,18439,1,0,0,1,4
2020-06-30,US,Alabama,Madison,1021,6,0,34.76327133,-86.55069633,1089.0,273.79333832114537,0.5876591576885406,1015,996,6,0,990,905,366519,25,0,0,25,91
2020-06-30,US,Alabama,Marengo,277,11,0,32.24767634,-87.78796182,1091.0,1468.4832741345492,3.9711191335740073,266,273,11,0,262,266,19066,4,0,0,4,7
2020-06-30,US,Alabama,Marion,200,12,0,34.13697363,-87.88704173,1093.0,673.1966744084283,6.0,188,197,12,0,185,189,29763,3,0,0,3,8
2020-06-30,US,Alabama,Marshall,1495,9,0,34.36975964,-86.30486727,1095.0,1544.8364230061793,0.6020066889632107,1486,1453,9,0,1444,1408,96109,42,0,0,42,45
2020-06-30,US,Alabama,Mobile,3634,134,0,30.78472347,-88.20842409,1097.0,879.4559666997411,3.6873968079251513,3500,3537,133,0,3404,3418,413757,97,1,0,96,119
2020-06-30,US,Alabama,Monroe,194,2,0,31.56729412,-87.36995001,1099.0,935.7063618386148,1.0309278350515465,192,189,2,0,187,188,21067,5,0,0,5,1
2020-06-30,US,Alabama,Montgomery,3788,94,0,32.2206831,-86.20969272,1101.0,1672.5095590897452,2.4815205913410767,3694,3727,93,0,3634,3582,225763,61,1,0,60,145
2020-06-30,US,Alabama,Morgan,955,3,0,34.45500589,-86.85475946,1103.0,797.9678974590363,0.31413612565445026,952,939,3,0,936,916,119089,16,0,0,16,23
2020-06-30,US,Alabama,Perry,135,0,0,32.64048341,-87.29770589,1105.0,1512.944077104113,0.0,135,132,0,0,132,117,9140,3,0,0,3,15
2020-06-30,US,Alabama,Pickens,204,6,0,33.28094866,-88.08818103,1107.0,1023.5825388861014,2.9411764705882355,198,198,6,0,192,192,19938,6,0,0,6,6
2020-06-30,US,Alabama,Pike,396,5,0,31.80396383,-85.9408295,1109.0,1195.8688168146402,1.2626262626262623,391,395,5,0,390,389,33338,1,0,0,1,6
2020-06-30,US,Alabama,Randolph,169,9,0,33.29526734,-85.45708831,1111.0,743.772555232814,5.325443786982248,160,163,9,0,154,154,22725,6,0,0,6,9
2020-06-30,US,Alabama,Russell,469,0,0,32.28725256,-85.18415324,1113.0,809.1647832163006,0.0,469,452,0,0,452,422,57781,17,0,0,17,30
2020-06-30,US,Alabama,Shelby,1056,23,0,33.26879845,-86.66232561,1117.0,485.06674261145963,2.178030303030303,1033,1018,23,0,995,951,215707,38,0,0,38,67
2020-06-30,US,Alabama,St. Clair,292,2,0,33.71902176,-86.31029372,1115.0,326.21324515148814,0.6849315068493149,290,277,2,0,275,249,88690,15,0,0,15,28
2020-06-30,US,Alabama,Sumter,275,12,0,32.59117397,-88.19916205,1119.0,2212.923473082804,4.363636363636363,263,274,12,0,262,274,12691,1,0,0,1,0
2020-06-30,US,Alabama,Talladega,257,6,0,33.37823223,-86.16886178,1121.0,321.33836805121416,2.3346303501945527,251,245,5,0,240,223,79828,12,1,0,11,22
2020-06-30,US,Alabama,Tallapoosa,560,69,0,32.86698258,-85.79833053,1123.0,1387.2717814056036,12.321428571428573,491,556,69,0,487,543,40497,4,0,0,4,13
2020-06-30,US,Alabama,Tuscaloosa,1964,36,0,33.28726072,-87.52556818,1125.0,938.1194621575792,1.8329938900203664,1928,1925,36,0,1889,1845,208911,39,0,0,39,80
2020-06-30,US,Alabama,Unassigned,509,24,0,0.0,0.0,90001.0,0.0,4.715127701375246,485,493,24,0,469,477,,16,0,0,16,16
2020-06-30,US,Alabama,Walker,843,17,0,33.80270512,-87.30027177,1127.0,1327.120164984808,2.0166073546856467,826,827,15,0,812,786,63711,16,2,0,14,41
2020-06-30,US,Alabama,Washington,98,7,0,31.4092794,-88.20689944,1129.0,600.2695087590347,7.142857142857142,91,98,6,0,92,98,16378,0,1,0,-1,0
2020-06-30,US,Alabama,Wilcox,278,8,0,31.98773215,-87.30891118,1131.0,2680.0347054853946,2.8776978417266186,270,278,8,0,270,270,10627,0,0,0,0,8
2020-06-30,US,Alabama,Winston,229,3,0,34.15030532,-87.37325922,1133.0,969.1480807482332,1.310043668122271,226,226,3,0,223,218,23660,3,0,0,3,8
2020-06-30,US,Alaska,Anchorage,440,6,0,61.14998174,-149.14269860000005,2020.0,152.77777777777774,1.3636363636363635,434,418,6,0,412,411,291538,22,0,0,22,7
2020-06-30,US,Alaska,Bethel,9,0,0,60.90980451,-159.8561831,2050.0,48.950288262808655,0.0,9,9,0,0,9,9,18216,0,0,0,0,0
2020-06-30,US,Alaska,Fairbanks North Star,144,2,0,64.80726247,-146.5692662,2090.0,148.6850664436391,1.3888888888888888,142,139,2,0,137,137,98971,5,0,0,5,2
2020-06-30,US,Alaska,Haines,2,0,0,59.09893571,-135.4679843,2100.0,79.05138339920948,0.0,2,2,0,0,2,2,2474,0,0,0,0,0
2020-06-30,US,Alaska,Juneau,44,2,0,58.45031811,-134.200436,2110.0,137.61180959529617,4.545454545454546,42,44,2,0,42,44,32113,0,0,0,0,0
2020-06-30,US,Alaska,Kenai Peninsula,146,2,0,60.24429722,-151.53888840000005,2122.0,248.6884240648634,1.3698630136986298,144,141,2,0,139,133,58533,5,0,0,5,8
2020-06-30,US,Alaska,Ketchikan Gateway,21,0,0,55.57445008,-130.975561,2130.0,151.06826846989426,0.0,21,21,0,0,21,21,13918,0,0,0,0,0
2020-06-30,US,Alaska,Kodiak Island,3,0,0,57.65529415,-153.7493579,2150.0,23.08047391906447,0.0,3,3,0,0,3,3,13345,0,0,0,0,0
2020-06-30,US,Alaska,Matanuska-Susitna,81,1,0,62.31305045,-149.5741743,2170.0,74.78050536850171,1.2345679012345678,80,78,1,0,77,75,107610,3,0,0,3,3
2020-06-30,US,Alaska,Nome,7,0,0,64.90320724,-164.0353804,2180.0,69.97201119552179,0.0,7,7,0,0,7,6,10008,0,0,0,0,1
2020-06-30,US,Alaska,North Slope,4,0,0,69.31479216,-153.4836093,2185.0,40.68348250610252,0.0,4,4,0,0,4,4,9872,0,0,0,0,0
2020-06-30,US,Alaska,Northwest Arctic,4,0,0,67.04919196,-159.7503946,2188.0,52.48655032148013,0.0,4,4,0,0,4,4,7671,0,0,0,0,0
2020-06-30,US,Alaska,Petersburg,4,1,0,57.13978948,-132.9540995,2195.0,122.47397428046541,25.0,3,4,1,0,3,4,3221,0,0,0,0,0
2020-06-30,US,Alaska,Prince of Wales-Hyder,2,0,0,55.76261984,-133.0511621,2198.0,32.24246332419797,0.0,2,2,0,0,2,2,6422,0,0,0,0,0
2020-06-30,US,Alaska,Sitka,12,0,0,57.24124555,-135.3206587,2220.0,141.2928293889085,0.0,12,12,0,0,12,12,8647,0,0,0,0,0
2020-06-30,US,Alaska,Southeast Fairbanks,5,0,0,63.87692095,-143.2127643,2240.0,72.53735673872046,0.0,5,5,0,0,5,5,6918,0,0,0,0,0
2020-06-30,US,Alaska,Valdez-Cordova,3,0,0,61.47502768,-144.7126799,2261.0,32.60160834601174,0.0,3,2,0,0,2,2,9164,1,0,0,1,0
2020-06-30,US,Alaska,Wrangell,3,0,0,56.3202004,-132.05837309999998,2275.0,119.90407673860909,0.0,3,3,0,0,3,3,2503,0,0,0,0,0
2020-06-30,US,Alaska,Yukon-Koyukuk,3,0,0,65.50815459,-151.39073869999999,2290.0,57.361376673040155,0.0,3,3,0,0,3,3,5327,0,0,0,0,0
2020-06-30,US,Arizona,Apache,2337,86,0,35.39465006,-109.4892383,4001.0,3250.9354959867574,3.6799315361574663,2251,2309,85,0,2224,2303,71818,28,1,0,27,6
2020-06-30,US,Arizona,Cochise,614,8,0,31.87934684,-109.7516088,4003.0,487.6034370483315,1.3029315960912051,606,580,6,0,574,561,126770,34,2,0,32,19
2020-06-30,US,Arizona,Coconino,1885,92,0,35.83883429,-111.77071780000001,4005.0,1313.8085812261286,4.880636604774536,1793,1850,92,0,1758,1819,142854,35,0,0,35,31
2020-06-30,US,Arizona,Gila,292,5,0,33.80190085,-110.8132779,4007.0,540.5605538894442,1.7123287671232876,287,271,5,0,266,268,53889,21,0,0,21,3
2020-06-30,US,Arizona,Graham,96,1,0,32.93166885,-109.8882178,4009.0,247.1869608878132,1.0416666666666667,95,92,1,0,91,85,38072,4,0,0,4,7
2020-06-30,US,Arizona,Greenlee,18,1,0,33.21498827,-109.2405279,4011.0,189.51358180669612,5.5555555555555545,17,18,1,0,17,18,9483,0,0,0,0,0
2020-06-30,US,Arizona,La Paz,342,5,0,33.72854224,-113.98100290000001,4012.0,1620.2387720295621,1.4619883040935673,337,332,5,0,327,328,21098,10,0,0,10,4
2020-06-30,US,Arizona,Maricopa,48592,771,0,33.34835867,-112.49181540000001,4013.0,1083.3336677506245,1.5866809351333553,47821,45178,746,0,44432,44962,4410824,3414,25,0,3389,216
2020-06-30,US,Arizona,Mohave,1071,85,0,35.70471703,-113.7577902,4015.0,504.75773042826637,7.936507936507938,986,1028,85,0,943,1004,209550,43,0,0,43,24
2020-06-30,US,Arizona,Navajo,3625,125,0,35.3997715,-110.3218983,4017.0,3268.0033175868157,3.4482758620689653,3500,3570,124,0,3446,3537,110445,55,1,0,54,33
2020-06-30,US,Arizona,Pima,8004,273,0,32.0971334,-111.7890033,4019.0,764.266255696906,3.41079460269865,7731,7568,268,0,7300,7525,1039073,436,5,0,431,43
2020-06-30,US,Arizona,Pinal,3574,67,0,32.90525627,-111.3449483,4021.0,772.2741897495403,1.8746502518186905,3507,3382,63,0,3319,3350,447138,192,4,0,188,32
2020-06-30,US,Arizona,Santa Cruz,1771,22,0,31.52508998,-110.8479088,4023.0,3808.7659684287496,1.2422360248447204,1749,1717,18,0,1699,1698,46511,54,4,0,50,19
2020-06-30,US,Arizona,Unassigned,1,1,0,0.0,0.0,90004.0,0.0,100.0,0,0,1,0,-1,1,,1,0,0,1,-1
2020-06-30,US,Arizona,Yavapai,781,9,0,34.59933926,-112.5538588,4025.0,332.200477245756,1.1523687580025608,772,755,8,0,747,668,231993,26,1,0,25,87
2020-06-30,US,Arizona,Yuma,6225,94,0,32.76895712,-113.90666740000002,4027.0,2911.776674914752,1.5100401606425702,6131,5895,90,0,5805,5793,212128,330,4,0,326,102
2020-06-30,US,Arkansas,Arkansas,28,0,0,34.29145151,-91.37277296,5001.0,160.1281024819856,0.0,28,28,0,0,28,26,17769,0,0,0,0,2
2020-06-30,US,Arkansas,Ashley,71,1,0,33.19153461,-91.76984709999999,5003.0,361.1944854250394,1.4084507042253518,70,70,1,0,69,68,20046,1,0,0,1,2
2020-06-30,US,Arkansas,Baxter,20,0,0,36.28784385,-92.33782872,5005.0,47.696270151674135,0.0,20,20,0,0,20,20,41619,0,0,0,0,0
2020-06-30,US,Arkansas,Benton,2723,18,0,36.33644656,-94.25680817,5007.0,975.4926721620973,0.6610356224752112,2705,2679,18,0,2661,2623,272608,44,0,0,44,56
2020-06-30,US,Arkansas,Boone,26,1,0,36.3084504,-93.09374925,5009.0,69.45928617225904,3.8461538461538463,25,22,1,0,21,22,37480,4,0,0,4,0
2020-06-30,US,Arkansas,Bradley,52,2,0,33.46755808,-92.15980837,5011.0,483.1366719316177,3.8461538461538463,50,51,2,0,49,42,10897,1,0,0,1,9
2020-06-30,US,Arkansas,Carroll,168,5,0,36.34038560000001,-93.54270261,5015.0,591.9661733615222,2.9761904761904763,163,169,5,0,164,166,28223,-1,0,0,-1,3
2020-06-30,US,Arkansas,Chicot,134,3,0,33.26458973,-91.29539209,5017.0,1324.3724056137576,2.238805970149253,131,129,3,0,126,120,10438,5,0,0,5,9
2020-06-30,US,Arkansas,Clark,56,0,0,34.04613432,-93.17484713,5019.0,250.89605734767025,0.0,56,56,0,0,56,56,22061,0,0,0,0,0
2020-06-30,US,Arkansas,Clay,54,3,0,36.36826212,-90.4148172,5021.0,371.10851487870247,5.5555555555555545,51,54,3,0,51,54,14847,0,0,0,0,0
2020-06-30,US,Arkansas,Cleburne,85,4,0,35.53864922,-92.02640019,5023.0,341.1051807857458,4.705882352941177,81,85,4,0,81,84,24965,0,0,0,0,1
2020-06-30,US,Arkansas,Cleveland,25,0,0,33.89723187,-92.18537045,5025.0,314.228255404726,0.0,25,25,0,0,25,25,8018,0,0,0,0,0
2020-06-30,US,Arkansas,Columbia,83,3,0,33.21230701,-93.22642793,5027.0,353.83893933580595,3.614457831325301,80,84,3,0,81,84,23537,-1,0,0,-1,0
2020-06-30,US,Arkansas,Conway,55,3,0,35.26205537,-92.70506566,5029.0,263.83958553199653,5.454545454545454,52,48,3,0,45,47,20891,7,0,0,7,1
2020-06-30,US,Arkansas,Craighead,451,6,0,35.83018283,-90.63235729,5031.0,408.76626907878034,1.3303769401330376,445,447,6,0,441,442,108558,4,0,0,4,5
2020-06-30,US,Arkansas,Crawford,159,1,0,35.58928601,-94.2446814,5033.0,251.3555812004996,0.6289308176100629,158,155,0,0,155,148,63406,4,1,0,3,7
2020-06-30,US,Arkansas,Crittenden,746,12,0,35.21247318,-90.30839406,5035.0,1555.625065165259,1.6085790884718498,734,737,11,0,726,731,48342,9,1,0,8,6
2020-06-30,US,Arkansas,Cross,85,1,0,35.29631396,-90.77185818,5037.0,517.6929167427978,1.1764705882352942,84,85,1,0,84,85,16676,0,0,0,0,0
2020-06-30,US,Arkansas,Dallas,10,0,0,33.97042763,-92.65167437,5039.0,142.673705236125,0.0,10,10,0,0,10,9,7182,0,0,0,0,1
2020-06-30,US,Arkansas,Desha,47,1,0,33.83011025,-91.25500948,5041.0,413.6959774667723,2.127659574468085,46,45,0,0,45,44,11512,2,1,0,1,1
2020-06-30,US,Arkansas,Drew,65,1,0,33.59035001,-91.71777921,5043.0,356.770404522751,1.5384615384615383,64,64,1,0,63,63,18328,1,0,0,1,1
2020-06-30,US,Arkansas,Faulkner,477,3,0,35.14719007,-92.33717519,5045.0,378.55039799376226,0.6289308176100629,474,453,3,0,450,437,124806,24,0,0,24,16
2020-06-30,US,Arkansas,Franklin,21,0,0,35.51202821,-93.89299569,5047.0,118.54360711261644,0.0,21,18,0,0,18,17,17810,3,0,0,3,1
2020-06-30,US,Arkansas,Fulton,12,0,0,36.38177105,-91.81729127,5049.0,96.17696561673479,0.0,12,12,0,0,12,12,12269,0,0,0,0,0
2020-06-30,US,Arkansas,Garland,248,1,0,34.57692074,-93.14921604,5051.0,249.5321272613849,0.4032258064516129,247,240,1,0,239,237,99154,8,0,0,8,3
2020-06-30,US,Arkansas,Grant,40,0,0,34.29017991,-92.42320562,5053.0,218.99808376676705,0.0,40,40,0,0,40,34,18188,0,0,0,0,6
2020-06-30,US,Arkansas,Greene,114,0,0,36.11735460000001,-90.55832668,5055.0,251.5168229453944,0.0,114,114,0,0,114,114,45325,0,0,0,0,0
2020-06-30,US,Arkansas,Hempstead,50,1,0,33.73325583,-93.66935133,5057.0,232.2125208991269,2.0,49,50,1,0,49,48,21741,0,0,0,0,2
2020-06-30,US,Arkansas,Hot Spring,426,0,0,34.31709259,-92.95396325,5059.0,1261.4373278848716,0.0,426,428,0,0,428,423,33701,-2,0,0,-2,5
2020-06-30,US,Arkansas,Howard,89,1,0,34.09007427,-93.9934871,5061.0,674.1402817754887,1.1235955056179776,88,86,1,0,85,82,13341,3,0,0,3,4
2020-06-30,US,Arkansas,Independence,55,0,0,35.74242707,-91.57001641,5063.0,145.40647719762063,0.0,55,55,0,0,55,54,37678,0,0,0,0,1
2020-06-30,US,Arkansas,Izard,20,1,0,36.09604046,-91.90847954,5065.0,146.74590945777388,5.0,19,20,1,0,19,20,13593,0,0,0,0,0
2020-06-30,US,Arkansas,Jackson,27,0,0,35.59802983,-91.21494602,5067.0,161.4929122555177,0.0,27,27,0,0,27,27,16811,0,0,0,0,0
2020-06-30,US,Arkansas,Jefferson,700,28,0,34.26767081,-91.92619839,5069.0,1047.527834311026,4.0,672,693,28,0,665,683,68114,7,0,0,7,10
2020-06-30,US,Arkansas,Johnson,227,0,0,35.56759135,-93.46036368,5071.0,854.089848747084,0.0,227,211,0,0,211,210,26742,16,0,0,16,1
2020-06-30,US,Arkansas,Lafayette,18,1,0,33.24116713,-93.60677071,5073.0,271.7391304347826,5.5555555555555545,17,16,1,0,15,16,6682,2,0,0,2,0
2020-06-30,US,Arkansas,Lawrence,99,9,0,36.04188196,-91.10867198,5075.0,603.4377666707303,9.090909090909092,90,99,9,0,90,99,16434,0,0,0,0,0
2020-06-30,US,Arkansas,Lee,651,2,0,34.78498904,-90.78383866,5077.0,7350.118550299198,0.30721966205837176,649,641,2,0,639,628,8985,10,0,0,10,13
2020-06-30,US,Arkansas,Lincoln,1038,11,0,33.95317155,-91.74002806,5079.0,7969.90171990172,1.0597302504816957,1027,1038,11,0,1027,1037,13383,0,0,0,0,1
2020-06-30,US,Arkansas,Little River,38,0,0,33.70375665,-94.23468591,5081.0,309.9763439105963,0.0,38,38,0,0,38,38,12326,0,0,0,0,0
2020-06-30,US,Arkansas,Logan,46,0,0,35.21413234,-93.71951016,5083.0,214.29236932823997,0.0,46,45,0,0,45,46,21737,1,0,0,1,-1
2020-06-30,US,Arkansas,Lonoke,138,1,0,34.75392199,-91.88742357,5085.0,188.24428105689614,0.7246376811594203,137,134,1,0,133,132,73657,4,0,0,4,2
2020-06-30,US,Arkansas,Madison,192,0,0,36.01038185,-93.72524943,5087.0,1158.3011583011582,0.0,192,190,0,0,190,188,16481,2,0,0,2,2
2020-06-30,US,Arkansas,Marion,6,0,0,36.26844485,-92.68451899,5089.0,35.94105666706601,0.0,6,4,0,0,4,4,16722,2,0,0,2,0
2020-06-30,US,Arkansas,Miller,114,2,0,33.31403423,-93.89285258,5091.0,263.541160968167,1.7543859649122806,112,114,2,0,112,111,43592,0,0,0,0,3
2020-06-30,US,Arkansas,Mississippi,168,3,0,35.76271485,-90.05194370000002,5093.0,413.2739662000935,1.7857142857142858,165,161,3,0,158,157,41239,7,0,0,7,4
2020-06-30,US,Arkansas,Monroe,12,0,0,34.6815935,-91.20540287,5095.0,179.0777495896135,0.0,12,12,0,0,12,12,6900,0,0,0,0,0
2020-06-30,US,Arkansas,Montgomery,4,0,0,34.53704874,-93.65824478,5097.0,44.5136879590474,0.0,4,4,0,0,4,4,8924,0,0,0,0,0
2020-06-30,US,Arkansas,Nevada,101,3,0,33.66340119,-93.30632432,5099.0,1223.9457101308776,2.9702970297029703,98,101,2,0,99,101,8326,0,1,0,-1,0
2020-06-30,US,Arkansas,Newton,5,0,0,35.91947491,-93.21612969,5101.0,64.49116471043467,0.0,5,5,0,0,5,5,7805,0,0,0,0,0
2020-06-30,US,Arkansas,Ouachita,20,0,0,33.58839816,-92.87795984,5103.0,85.53588230262595,0.0,20,20,0,0,20,21,23606,0,0,0,0,-1
2020-06-30,US,Arkansas,Perry,29,0,0,34.945915299999996,-92.94372564,5105.0,277.3792443806791,0.0,29,29,0,0,29,29,10352,0,0,0,0,0
2020-06-30,US,Arkansas,Phillips,142,3,0,34.43268455,-90.84800154,5107.0,798.5603419187943,2.112676056338028,139,140,3,0,137,132,18029,2,0,0,2,8
2020-06-30,US,Arkansas,Pike,8,0,0,34.16250414,-93.65789349,5109.0,74.64079119238664,0.0,8,8,0,0,8,8,10673,0,0,0,0,0
2020-06-30,US,Arkansas,Poinsett,58,3,0,35.57433534,-90.66268713,5111.0,246.51479088745324,5.172413793103448,55,57,3,0,54,57,23974,1,0,0,1,0
2020-06-30,US,Arkansas,Polk,74,0,0,34.48254879,-94.22728802,5113.0,370.6672009617311,0.0,74,74,0,0,74,72,20049,0,0,0,0,2
2020-06-30,US,Arkansas,Pope,433,3,0,35.44871474,-93.03212219,5115.0,675.8022224996879,0.6928406466512702,430,416,3,0,413,414,64000,17,0,0,17,2
2020-06-30,US,Arkansas,Prairie,20,0,0,34.83624419,-91.55162157,5117.0,248.07740014884644,0.0,20,20,0,0,20,20,8074,0,0,0,0,0
2020-06-30,US,Arkansas,Pulaski,2036,58,0,34.77054088,-92.31355101,5119.0,519.5057041011862,2.8487229862475436,1978,1916,57,0,1859,1862,392680,120,1,0,119,54
2020-06-30,US,Arkansas,Randolph,48,1,0,36.3415714,-91.02455531,5121.0,267.2903441363181,2.083333333333333,47,47,1,0,46,46,17948,1,0,0,1,1
2020-06-30,US,Arkansas,Saline,275,2,0,34.64916145,-92.67583224,5125.0,224.6053072192229,0.7272727272727273,273,261,2,0,259,250,121421,14,0,0,14,11
2020-06-30,US,Arkansas,Scott,11,0,0,34.85588887,-94.0632176,5127.0,106.9934831242097,0.0,11,11,0,0,11,10,10319,0,0,0,0,1
2020-06-30,US,Arkansas,Searcy,7,0,0,35.9109364,-92.69936482,5129.0,88.82121558177894,0.0,7,7,0,0,7,7,7958,0,0,0,0,0
2020-06-30,US,Arkansas,Sebastian,468,5,0,35.19605503,-94.27162713,5131.0,366.1198338379216,1.0683760683760684,463,457,5,0,452,435,127753,11,0,0,11,22
2020-06-30,US,Arkansas,Sevier,700,7,0,33.99780401,-94.2424869,5133.0,4115.952254953842,1.0,693,693,7,0,686,661,17139,7,0,0,7,32
2020-06-30,US,Arkansas,Sharp,53,4,0,36.16258158,-91.47819342,5135.0,303.8642357527806,7.547169811320754,49,53,4,0,49,53,17366,0,0,0,0,0
2020-06-30,US,Arkansas,St. Francis,812,3,0,35.02201976,-90.74828138,5123.0,3248.7797071297114,0.3694581280788177,809,811,3,0,808,810,25439,1,0,0,1,1
2020-06-30,US,Arkansas,Stone,14,0,0,35.86251946,-92.15684085,5137.0,111.94626579241964,0.0,14,14,0,0,14,13,12457,0,0,0,0,1
2020-06-30,US,Arkansas,Unassigned,721,0,0,0.0,0.0,90005.0,0.0,0.0,721,731,0,0,731,712,,-10,0,0,-10,19
2020-06-30,US,Arkansas,Union,248,13,0,33.16887091,-92.59746952,5139.0,641.1250710924978,5.241935483870968,235,247,13,0,234,245,39126,1,0,0,1,2
2020-06-30,US,Arkansas,Van Buren,35,2,0,35.58095779,-92.51295036,5141.0,211.54427319431846,5.7142857142857135,33,34,2,0,32,34,16603,1,0,0,1,0
2020-06-30,US,Arkansas,Washington,3578,30,0,35.976844,-94.21800746,5143.0,1495.9006969442319,0.8384572386808273,3548,3417,30,0,3387,3320,236961,161,0,0,161,97
2020-06-30,US,Arkansas,White,86,1,0,35.25688493,-91.74908296,5145.0,109.20218912295404,1.162790697674419,85,85,1,0,84,84,78727,1,0,0,1,1
2020-06-30,US,Arkansas,Woodruff,6,0,0,35.18902527,-91.2439489,5147.0,94.93670886075951,0.0,6,6,0,0,6,6,6490,0,0,0,0,0
2020-06-30,US,Arkansas,Yell,616,3,0,35.00292371,-93.41171338,5149.0,2886.462677475283,0.48701298701298706,613,591,3,0,588,582,21535,25,0,0,25,9
2020-06-30,US,California,Alameda,5964,135,0,37.64629437,-121.8929271,6001.0,356.8417708302794,2.263581488933601,5829,5762,133,0,5629,5670,1666753,202,2,0,200,92
2020-06-30,US,California,Alpine,2,0,0,38.59678594,-119.82235940000001,6003.0,177.14791851195747,0.0,2,2,0,0,2,2,1101,0,0,0,0,0
2020-06-30,US,California,Amador,22,0,0,38.44583082,-120.65696000000001,6005.0,55.34312738981686,0.0,22,22,0,0,22,21,39383,0,0,0,0,1
2020-06-30,US,California,Butte,168,2,0,39.66727762,-121.6005252,6007.0,76.64723111877585,1.1904761904761905,166,168,2,0,166,143,231256,0,0,0,0,25
2020-06-30,US,California,Calaveras,32,0,0,38.20537103,-120.55291299999999,6009.0,69.70918200631739,0.0,32,32,0,0,32,32,45602,0,0,0,0,0
2020-06-30,US,California,Colusa,46,0,0,39.17881957,-122.2331726,6011.0,213.48679630575023,0.0,46,35,0,0,35,17,21627,11,0,0,11,18
2020-06-30,US,California,Contra Costa,3132,76,0,37.91923498,-121.9289527,6013.0,271.51533645535517,2.426564495530013,3056,2971,76,0,2895,2802,1150215,161,0,0,161,169
2020-06-30,US,California,Del Norte,50,1,0,41.74228275,-123.89740630000001,6015.0,179.77851287214153,2.0,49,50,1,0,49,50,27828,0,0,0,0,0
2020-06-30,US,California,El Dorado,178,0,0,38.77965956,-120.5233166,6017.0,92.3030651877434,0.0,178,178,0,0,178,158,190678,0,0,0,0,20
2020-06-30,US,California,Fresno,4811,72,0,36.75733899,-119.6466953,6019.0,481.5328980753697,1.4965703595926003,4739,4811,72,0,4739,4474,994400,0,0,0,0,337
2020-06-30,US,California,Glenn,103,0,0,39.59875897,-122.3938452,6021.0,362.76547036241334,0.0,103,103,0,0,103,87,28047,0,0,0,0,16
2020-06-30,US,California,Humboldt,133,4,0,40.69923009,-123.876044,6023.0,98.11298484781422,3.0075187969924815,129,133,4,0,129,129,136373,0,0,0,0,4
2020-06-30,US,California,Imperial,6242,93,0,33.0393082,-115.36690420000001,6025.0,3444.5272190491955,1.4899070810637616,6149,6187,81,0,6106,6041,181827,55,12,0,43,146
2020-06-30,US,California,Inyo,31,1,0,36.51112084,-117.41119779999998,6027.0,171.84988081379234,3.2258064516129035,30,31,1,0,30,30,17987,0,0,0,0,1
2020-06-30,US,California,Kern,4655,70,0,35.34329425,-118.72777959999999,6029.0,517.1061606172836,1.5037593984962403,4585,4548,68,0,4480,4478,896764,107,2,0,105,70
2020-06-30,US,California,Kings,2394,29,0,36.07409056,-119.8159973,6031.0,1565.319733228717,1.2113617376775272,2365,2394,28,0,2366,2318,151366,0,1,0,-1,76
2020-06-30,US,California,Lake,60,0,0,39.10124298,-122.75362439999999,6033.0,93.18796011555307,0.0,60,56,0,0,56,51,64382,4,0,0,4,5
2020-06-30,US,California,Lassen,229,0,0,40.67311306,-120.59350990000002,6035.0,749.0269191770517,0.0,229,229,0,0,229,220,30802,0,0,0,0,9
2020-06-30,US,California,Los Angeles,103850,3371,0,34.30828379,-118.22824109999999,6037.0,1034.4545585578478,3.2460279248916706,100479,100958,3331,0,97627,97918,10105518,2892,40,0,2852,3040
2020-06-30,US,California,Madera,488,5,0,37.21513971,-119.76655890000002,6039.0,310.1819776643552,1.024590163934426,483,488,5,0,483,415,157672,0,0,0,0,73
2020-06-30,US,California,Marin,2210,18,0,38.07122463,-122.72106310000001,6041.0,853.855485924907,0.8144796380090498,2192,2210,18,0,2192,1936,259666,0,0,0,0,274
2020-06-30,US,California,Mariposa,26,1,0,37.57978556,-119.9073334,6043.0,151.13642969249545,3.8461538461538463,25,25,1,0,24,23,17471,1,0,0,1,2
2020-06-30,US,California,Mendocino,78,0,0,39.4381191,-123.39113130000001,6045.0,89.91458114790949,0.0,78,76,0,0,76,76,87606,2,0,0,2,0
2020-06-30,US,California,Merced,979,11,0,37.18922369,-120.72090349999999,6047.0,352.5641025641025,1.1235955056179776,968,824,11,0,813,824,274765,155,0,0,155,0
2020-06-30,US,California,Mono,42,1,0,37.93899289,-118.8872409,6051.0,290.7781777900858,2.380952380952381,41,41,1,0,40,40,14250,1,0,0,1,1
2020-06-30,US,California,Monterey,1642,15,0,36.21862405,-121.24133970000001,6053.0,378.2878443352432,0.9135200974421436,1627,1605,14,0,1591,1548,435594,37,1,0,36,57
2020-06-30,US,California,Napa,317,4,0,38.50735751,-122.33283899999999,6055.0,230.13706586130797,1.2618296529968454,313,310,4,0,306,270,139417,7,0,0,7,40
2020-06-30,US,California,Nevada,113,1,0,39.30394768,-120.76272809999999,6057.0,113.27752994837351,0.8849557522123894,112,113,1,0,112,108,99696,0,0,0,0,5
2020-06-30,US,California,Orange,13843,340,0,33.70147516,-117.76459979999998,6059.0,435.9049933053961,2.456115003973127,13503,13064,330,0,12734,12608,3185968,779,10,0,769,456
2020-06-30,US,California,Placer,684,11,0,39.06167234,-120.72405690000001,6061.0,171.71734922639325,1.6081871345029242,673,643,11,0,632,627,393149,41,0,0,41,16
2020-06-30,US,California,Plumas,9,0,0,40.00355989,-120.8395236,6063.0,47.85452225235285,0.0,9,8,0,0,8,7,18804,1,0,0,1,1
2020-06-30,US,California,Riverside,17296,457,0,33.74314981,-115.9933578,6065.0,700.0881586499503,2.6422294172062903,16839,16634,440,0,16194,15643,2450758,662,17,0,645,991
2020-06-30,US,California,Sacramento,3223,68,0,38.45106826,-121.34253740000001,6067.0,207.65976529227646,2.109835556934533,3155,3004,68,0,2936,2776,1540975,219,0,0,219,228
2020-06-30,US,California,San Benito,213,2,0,36.60308176,-121.069975,6069.0,339.12877340466184,0.9389671361502347,211,213,2,0,211,205,61537,0,0,0,0,8
2020-06-30,US,California,San Bernardino,12550,253,0,34.84060306,-116.1774685,6071.0,575.6656277163505,2.01593625498008,12297,11797,249,0,11548,11501,2171603,753,4,0,749,296
2020-06-30,US,California,San Diego,14149,365,0,33.03484597,-116.73653259999999,6073.0,423.83467182693136,2.5796876104318325,13784,13832,361,0,13471,13334,3343364,317,4,0,313,498
2020-06-30,US,California,San Francisco,3603,50,0,37.75215114,-122.43856720000001,6075.0,408.7123914836271,1.3877324451845685,3553,3561,50,0,3511,3512,883305,42,0,0,42,49
2020-06-30,US,California,San Joaquin,3856,52,0,37.93433732,-121.2730061,6077.0,505.93847914053435,1.3485477178423235,3804,3291,52,0,3239,3093,752660,565,0,0,565,198
2020-06-30,US,California,San Luis Obispo,611,1,0,35.38822029,-120.4039028,6079.0,215.81641123093058,0.16366612111292966,610,567,1,0,566,508,284010,44,0,0,44,59
2020-06-30,US,California,San Mateo,3232,108,0,37.422880799999994,-122.32755459999998,6081.0,421.6167279567634,3.341584158415841,3124,3141,106,0,3035,3083,769545,91,2,0,89,58
2020-06-30,US,California,Santa Barbara,2896,29,0,34.65329488,-120.0188492,6083.0,648.6016765994998,1.0013812154696131,2867,2896,29,0,2867,2712,446527,0,0,0,0,184
2020-06-30,US,California,Santa Clara,4370,156,0,37.23104908,-121.6970462,6085.0,226.67715156557662,3.569794050343249,4214,4265,156,0,4109,4162,1937570,105,0,0,105,103
2020-06-30,US,California,Santa Cruz,379,3,0,37.05580291,-122.0066524,6087.0,138.7196070465168,0.7915567282321899,376,349,3,0,346,349,274255,30,0,0,30,0
2020-06-30,US,California,Shasta,112,4,0,40.76391419,-122.0396884,6089.0,62.194580186583735,3.571428571428572,108,112,4,0,108,105,180040,0,0,0,0,7
2020-06-30,US,California,Sierra,1,0,0,39.57713498,-120.52007009999998,6091.0,33.277870216306155,0.0,1,1,0,0,1,1,2987,0,0,0,0,0
2020-06-30,US,California,Siskiyou,28,0,0,41.59198861,-122.54074340000001,6093.0,64.31015870828453,0.0,28,28,0,0,28,27,43724,0,0,0,0,1
2020-06-30,US,California,Solano,1126,24,0,38.26827353,-121.9357113,6095.0,251.5397314377752,2.131438721136768,1102,1126,24,0,1102,1118,446610,0,0,0,0,8
2020-06-30,US,California,Sonoma,1136,7,0,38.52746429,-122.88625060000001,6097.0,229.8032107716209,0.6161971830985915,1129,1118,5,0,1113,1092,499942,18,2,0,16,26
2020-06-30,US,California,Stanislaus,2165,42,0,37.55862499,-120.9970722,6099.0,393.1645661569752,1.9399538106235563,2123,2165,42,0,2123,2115,549815,0,0,0,0,50
2020-06-30,US,California,Sutter,176,3,0,39.03417539,-121.6945899,6101.0,181.4975611265224,1.7045454545454546,173,176,3,0,173,160,96807,0,0,0,0,16
2020-06-30,US,California,Tehama,75,1,0,40.12570935,-122.23701709999999,6103.0,115.23569540900988,1.3333333333333333,74,75,1,0,74,62,63916,0,0,0,0,13
2020-06-30,US,California,Trinity,2,0,0,40.64917670000001,-123.114713,6105.0,16.28001628001628,0.0,2,2,0,0,2,2,12535,0,0,0,0,0
2020-06-30,US,California,Tulare,4156,126,0,36.22026558,-118.8020203,6107.0,891.4724525145058,3.0317613089509146,4030,3872,124,0,3748,3705,465861,284,2,0,282,167
2020-06-30,US,California,Tuolumne,28,0,0,38.02644018,-119.95250929999999,6109.0,51.3968941591101,0.0,28,28,0,0,28,28,54539,0,0,0,0,0
2020-06-30,US,California,Ventura,2740,45,0,34.44465746,-119.09106129999999,6111.0,323.87477157372405,1.6423357664233578,2695,2740,45,0,2695,2336,850967,0,0,0,0,404
2020-06-30,US,California,Yolo,505,24,0,38.68278902,-121.90182879999999,6113.0,229.0249433106576,4.752475247524752,481,505,24,0,481,479,220408,0,0,0,0,26
2020-06-30,US,California,Yuba,71,1,0,39.26255932,-121.35356440000001,6115.0,90.25270758122744,1.4084507042253518,70,71,1,0,70,65,78041,0,0,0,0,6
2020-06-30,US,Colorado,Adams,4185,155,0,39.87432092,-104.3362578,8001.0,808.8191240788449,3.703703703703704,4030,4170,155,0,4015,4148,511868,15,0,0,15,22
2020-06-30,US,Colorado,Alamosa,191,3,0,37.57250606,-105.7885451,8003.0,1176.6155362533113,1.5706806282722514,188,188,3,0,185,187,16683,3,0,0,3,1
2020-06-30,US,Colorado,Arapahoe,5202,344,0,39.64977461,-104.3353617,8005.0,792.2752402564766,6.6128412149173394,4858,5172,343,0,4829,5157,651215,30,1,0,29,15
2020-06-30,US,Colorado,Archuleta,8,0,0,37.19474156,-107.0476867,8007.0,57.02473447858009,0.0,8,8,0,0,8,8,13765,0,0,0,0,0
2020-06-30,US,Colorado,Baca,14,0,0,37.31940883,-102.5603223,8009.0,390.9522479754258,0.0,14,14,0,0,14,13,3585,0,0,0,0,1
2020-06-30,US,Colorado,Bent,4,0,0,37.95474293,-103.0720195,8011.0,71.72314864622557,0.0,4,4,0,0,4,4,5882,0,0,0,0,0
2020-06-30,US,Colorado,Boulder,1384,72,0,40.09313619,-105.3546767,8013.0,424.2847858342837,5.202312138728324,1312,1367,71,0,1296,1360,326078,17,1,0,16,7
2020-06-30,US,Colorado,Broomfield,298,30,0,39.95998787,-105.0566324,8014.0,422.90498829205984,10.06711409395973,268,297,30,0,267,295,69267,1,0,0,1,2
2020-06-30,US,Colorado,Chaffee,77,19,0,38.74745778,-106.19265729999998,8015.0,378.2668500687758,24.675324675324674,58,78,19,0,59,78,20027,-1,0,0,-1,0
2020-06-30,US,Colorado,Cheyenne,5,0,0,38.82777431,-102.6032558,8017.0,273.07482250136536,0.0,5,5,0,0,5,5,1876,0,0,0,0,0
2020-06-30,US,Colorado,Clear Creek,19,1,0,39.68864463,-105.6463118,8019.0,195.87628865979383,5.2631578947368425,18,18,1,0,17,18,9605,1,0,0,1,0
2020-06-30,US,Colorado,Conejos,13,0,0,37.201606,-106.19174879999998,8021.0,158.4399756246191,0.0,13,13,0,0,13,13,8200,0,0,0,0,0
2020-06-30,US,Colorado,Costilla,21,0,0,37.27732493,-105.4276548,8023.0,540.2624131721121,0.0,21,20,0,0,20,20,3828,1,0,0,1,0
2020-06-30,US,Colorado,Crowley,70,1,0,38.32608609,-103.7844965,8025.0,1154.9249298795578,1.4285714285714286,69,70,1,0,69,70,5858,0,0,0,0,0
2020-06-30,US,Colorado,Custer,2,0,0,38.10883162,-105.3683478,8027.0,39.463299131807425,0.0,2,2,0,0,2,2,4954,0,0,0,0,0
2020-06-30,US,Colorado,Delta,83,1,0,38.86246243,-107.8631342,8029.0,266.3500417174764,1.2048192771084338,82,82,1,0,81,82,30953,1,0,0,1,0
2020-06-30,US,Colorado,Denver,7091,381,0,39.76018276,-104.8725695,8031.0,975.0952612102952,5.373008038358481,6710,7065,376,0,6689,7007,716492,26,5,0,21,58
2020-06-30,US,Colorado,Douglas,951,52,0,39.33133796,-104.930001,8035.0,270.82134903774414,5.467928496319663,899,946,52,0,894,939,342776,5,0,0,5,7
2020-06-30,US,Colorado,Eagle,692,8,0,39.62754308,-106.6933637,8037.0,1255.283255029296,1.1560693641618498,684,688,8,0,680,686,54993,4,0,0,4,2
2020-06-30,US,Colorado,El Paso,2374,120,0,38.83240149,-104.5251411,8041.0,329.537772607832,5.054759898904802,2254,2360,119,0,2241,2327,713856,14,1,0,13,33
2020-06-30,US,Colorado,Elbert,57,2,0,39.28656773,-104.1358721,8039.0,213.2515245613379,3.5087719298245608,55,56,2,0,54,57,26282,1,0,0,1,-1
2020-06-30,US,Colorado,Fremont,36,0,0,38.47362326,-105.4399667,8043.0,75.25240912226427,0.0,36,36,0,0,36,36,48021,0,0,0,0,0
2020-06-30,US,Colorado,Garfield,298,2,0,39.59921777,-107.902708,8045.0,496.16223506102136,0.6711409395973155,296,277,2,0,275,273,59770,21,0,0,21,4
2020-06-30,US,Colorado,Gilpin,7,0,0,39.85646523,-105.5252597,8047.0,112.12558065032835,0.0,7,7,0,0,7,7,6121,0,0,0,0,0
2020-06-30,US,Colorado,Grand,21,1,0,40.10603347,-106.1178042,8049.0,133.46892080844032,4.761904761904762,20,21,0,0,21,19,15525,0,1,0,-1,2
2020-06-30,US,Colorado,Gunnison,187,6,0,38.66611652,-107.0320729,8051.0,1070.8968044897492,3.2085561497326203,181,186,6,0,180,186,17246,1,0,0,1,0
2020-06-30,US,Colorado,Hinsdale,3,0,0,37.82247444,-107.3004345,8053.0,365.8536585365854,0.0,3,3,0,0,3,3,811,0,0,0,0,0
2020-06-30,US,Colorado,Huerfano,4,0,0,37.68473101,-104.9612585,8055.0,57.99623024503408,0.0,4,4,0,0,4,4,6889,0,0,0,0,0
2020-06-30,US,Colorado,Jackson,2,0,0,40.66593870000001,-106.3408905,8057.0,143.67816091954026,0.0,2,1,0,0,1,1,1399,1,0,0,1,0
2020-06-30,US,Colorado,Jefferson,2682,209,0,39.58635604,-105.2517692,8059.0,460.1282251437257,7.792692020879941,2473,2671,209,0,2462,2656,580233,11,0,0,11,15
2020-06-30,US,Colorado,Kit Carson,32,3,0,39.30497777,-102.6022199,8063.0,450.8947442581372,9.375,29,31,3,0,28,31,7163,1,0,0,1,0
2020-06-30,US,Colorado,La Plata,112,1,0,37.28632032,-107.8429014,8067.0,199.21381690115794,0.8928571428571429,111,106,1,0,105,101,56310,6,0,0,6,5
2020-06-30,US,Colorado,Lake,51,0,0,39.20278823,-106.3555697,8065.0,627.5378368401623,0.0,51,51,0,0,51,51,7824,0,0,0,0,0
2020-06-30,US,Colorado,Larimer,736,29,0,40.66671597,-105.4625784,8069.0,206.22080756740704,3.940217391304348,707,723,29,0,694,718,350518,13,0,0,13,5
2020-06-30,US,Colorado,Las Animas,9,0,0,37.3153406,-104.0376458,8071.0,62.04329243071832,0.0,9,7,0,0,7,7,14503,2,0,0,2,0
2020-06-30,US,Colorado,Lincoln,4,0,0,38.98749519,-103.5136649,8073.0,70.1631292755657,0.0,4,4,0,0,4,4,5610,0,0,0,0,0
2020-06-30,US,Colorado,Logan,637,5,0,40.7249637,-103.110817,8075.0,2842.6078807621943,0.7849293563579278,632,637,5,0,632,637,21528,0,0,0,0,0
2020-06-30,US,Colorado,Mesa,96,0,0,39.01787888,-108.469799,8077.0,62.25277219376175,0.0,96,95,0,0,95,89,153207,1,0,0,1,6
2020-06-30,US,Colorado,Mineral,7,0,0,37.66954283,-106.9281698,8079.0,910.2730819245774,0.0,7,5,0,0,5,5,776,2,0,0,2,0
2020-06-30,US,Colorado,Moffat,14,0,0,40.61810999,-108.2070876,8081.0,105.39787698562073,0.0,14,10,0,0,10,10,13188,4,0,0,4,0
2020-06-30,US,Colorado,Montezuma,72,3,0,37.33859579,-108.5958857,8083.0,274.98758736584807,4.166666666666667,69,71,3,0,68,70,26158,1,0,0,1,1
2020-06-30,US,Colorado,Montrose,207,12,0,38.40214114,-108.26390220000002,8085.0,484.1199307731886,5.797101449275362,195,205,12,0,193,204,42214,2,0,0,2,1
2020-06-30,US,Colorado,Morgan,652,46,0,40.26279810000001,-103.8093302,8087.0,2243.016375395624,7.0552147239263805,606,652,46,0,606,652,28558,0,0,0,0,0
2020-06-30,US,Colorado,Otero,22,1,0,37.9014485,-103.7173385,8089.0,120.3632782580151,4.545454545454546,21,22,1,0,21,22,18432,0,0,0,0,0
2020-06-30,US,Colorado,Ouray,11,1,0,38.14717457,-107.7675136,8091.0,222.1324717285945,9.090909090909092,10,10,1,0,9,10,4833,1,0,0,1,0
2020-06-30,US,Colorado,Park,27,0,0,39.120926,-105.7182065,8093.0,143.27407800477582,0.0,27,27,0,0,27,27,18556,0,0,0,0,0
2020-06-30,US,Colorado,Phillips,16,0,0,40.59414277,-102.3577703,8095.0,375.14654161781954,0.0,16,16,0,0,16,16,4286,0,0,0,0,0
2020-06-30,US,Colorado,Pitkin,99,2,0,39.21720112,-106.9310027,8097.0,557.2128102662239,2.0202020202020203,97,94,2,0,92,93,17950,5,0,0,5,1
2020-06-30,US,Colorado,Prowers,20,0,0,37.95544985,-102.3926052,8099.0,164.31153466973382,0.0,20,20,0,0,20,19,12164,0,0,0,0,1
2020-06-30,US,Colorado,Pueblo,390,28,0,38.17359144,-104.5127437,8101.0,231.5584477271648,7.17948717948718,362,385,28,0,357,383,167529,5,0,0,5,2
2020-06-30,US,Colorado,Rio Blanco,4,0,0,39.97913541,-108.2179009,8103.0,63.25110689437065,0.0,4,3,0,0,3,3,6336,1,0,0,1,0
2020-06-30,US,Colorado,Rio Grande,76,2,0,37.5836865,-106.3847838,8105.0,674.5362563237774,2.631578947368421,74,74,2,0,72,73,11250,2,0,0,2,1
2020-06-30,US,Colorado,Routt,73,6,0,40.48596505,-106.9905548,8107.0,284.7335985646306,8.219178082191782,67,73,6,0,67,72,25733,0,0,0,0,1
2020-06-30,US,Colorado,Saguache,102,2,0,38.08054629,-106.282466,8109.0,1494.7245017584994,1.96078431372549,100,102,2,0,100,102,6843,0,0,0,0,0
2020-06-30,US,Colorado,San Juan,2,0,0,37.76248981,-107.67632890000002,8111.0,274.72527472527474,0.0,2,1,0,0,1,1,762,1,0,0,1,0
2020-06-30,US,Colorado,San Miguel,37,0,0,38.00450883,-108.4020725,8113.0,452.3780413253454,0.0,37,37,0,0,37,36,8191,0,0,0,0,1
2020-06-30,US,Colorado,Summit,269,3,0,39.63803232,-106.1150762,8117.0,867.4341362742254,1.1152416356877324,266,269,3,0,266,269,31007,0,0,0,0,0
2020-06-30,US,Colorado,Teller,41,2,0,38.88133511,-105.1614893,8119.0,161.49361903261382,4.878048780487805,39,41,2,0,39,41,25083,0,0,0,0,0
2020-06-30,US,Colorado,Washington,45,0,0,39.97015535,-103.202587,8121.0,916.8704156479216,0.0,45,44,0,0,44,44,4909,1,0,0,1,0
2020-06-30,US,Colorado,Weld,2802,137,0,40.55499405,-104.3929621,8123.0,863.5035686550052,4.889364739471807,2665,2798,137,0,2661,2788,314305,4,0,0,4,10
2020-06-30,US,Colorado,Yuma,52,0,0,40.00346839,-102.4258673,8125.0,519.0138736400838,0.0,52,52,0,0,52,51,10020,0,0,0,0,1
2020-06-30,US,Connecticut,Fairfield,16703,1376,0,41.26809896,-73.3881171,9001.0,1770.6385450721484,8.238041070466384,15327,16664,1376,0,15288,16633,943823,39,0,0,39,31
2020-06-30,US,Connecticut,Hartford,11662,1370,0,41.80283011,-72.73103891,9003.0,1307.809626340107,11.747556165323275,10292,11623,1370,0,10253,11587,892697,39,0,0,39,36
2020-06-30,US,Connecticut,Litchfield,1490,137,0,41.7937534,-73.2451475,9005.0,826.2492167268332,9.194630872483222,1353,1487,136,0,1351,1482,181111,3,1,0,2,5
2020-06-30,US,Connecticut,Middlesex,1305,184,0,41.45949668,-72.53714864,9007.0,803.3933364525105,14.099616858237548,1121,1295,183,0,1112,1292,162682,10,1,0,9,3
2020-06-30,US,Connecticut,New Haven,12359,1075,0,41.408032500000004,-72.93620426,9009.0,1445.9080183022775,8.698114734201798,11284,12318,1075,0,11243,12299,857620,41,0,0,41,19
2020-06-30,US,Connecticut,New London,1268,102,0,41.48896435,-72.10430976,9011.0,478.1188962542325,8.04416403785489,1166,1255,102,0,1153,1244,266784,13,0,0,13,11
2020-06-30,US,Connecticut,Tolland,913,64,0,41.85853803,-72.3308481,9013.0,605.7550042794302,7.0098576122672505,849,909,64,0,845,910,150921,4,0,0,4,-1
2020-06-30,US,Connecticut,Unassigned,204,0,0,0.0,0.0,90009.0,0.0,0.0,204,205,0,0,205,251,,-1,0,0,-1,-46
2020-06-30,US,Connecticut,Windham,610,14,0,41.82972709,-71.98182316,9015.0,522.3407716942679,2.295081967213114,596,606,14,0,592,605,117027,4,0,0,4,1
2020-06-30,US,Delaware,Kent,1690,89,0,39.08646628,-75.56884914,10001.0,934.8068987642848,5.266272189349112,1601,1672,89,0,1583,1663,178550,18,0,0,18,9
2020-06-30,US,Delaware,New Castle,5065,244,0,39.57992638,-75.64054974,10003.0,906.4828287275417,4.817374136229024,4821,5031,242,0,4789,4925,559335,34,2,0,32,106
2020-06-30,US,Delaware,Sussex,4681,176,0,38.66143781,-75.39031349,10005.0,1998.5057103212725,3.7598803674428543,4505,4637,176,0,4461,4608,229286,44,0,0,44,29
2020-06-30,US,Delaware,Unassigned,38,0,0,0.0,0.0,90010.0,0.0,0.0,38,36,0,0,36,30,,2,0,0,2,6
2020-06-30,US,District of Columbia,District of Columbia,10327,551,0,38.90417773,-77.01655992,11001.0,1463.2681023990115,5.335528226977825,9776,10292,551,0,9741,10248,702455,35,0,0,35,44
2020-06-30,US,Florida,Alachua,1197,12,0,29.67866525,-82.35928158,12001.0,444.9102931501656,1.0025062656641603,1185,1159,12,0,1147,1124,269956,38,0,0,38,35
2020-06-30,US,Florida,Baker,63,4,0,30.33060121,-82.28467476,12003.0,215.67956179390617,6.349206349206349,59,57,4,0,53,55,28355,6,0,0,6,2
2020-06-30,US,Florida,Bay,384,4,0,30.26548745,-85.62122584,12005.0,219.79908989439343,1.0416666666666667,380,347,4,0,343,322,185287,37,0,0,37,25
2020-06-30,US,Florida,Bradford,83,2,0,29.95079741,-82.16611613,12007.0,294.3158044040992,2.409638554216868,81,83,2,0,81,82,27732,0,0,0,0,1
2020-06-30,US,Florida,Brevard,1793,17,0,28.29409504,-80.73091022,12009.0,297.8692299258068,0.9481316229782488,1776,1716,17,0,1699,1631,596849,77,0,0,77,85
2020-06-30,US,Florida,Broward,15624,383,0,26.15184651,-80.48725556,12011.0,800.0909473580714,2.4513568868407583,15241,15045,382,0,14663,14620,1951260,579,1,0,578,425
2020-06-30,US,Florida,Calhoun,76,6,0,30.40666734,-85.19394153,12013.0,538.8160226869903,7.894736842105262,70,75,6,0,69,76,14587,1,0,0,1,-1
2020-06-30,US,Florida,Charlotte,775,76,0,26.90131002,-81.92949121,12015.0,410.2482663702292,9.806451612903226,699,749,76,0,673,714,184998,26,0,0,26,35
2020-06-30,US,Florida,Citrus,291,13,0,28.84804315,-82.47614748,12017.0,194.4446300540569,4.4673539518900345,278,284,13,0,271,277,147929,7,0,0,7,7
2020-06-30,US,Florida,Clay,713,34,0,29.98319144,-81.85609986,12019.0,325.1965774542536,4.768583450210379,679,682,34,0,648,659,216072,31,0,0,31,23
2020-06-30,US,Florida,Collier,4225,74,0,26.11091986,-81.34687065,12021.0,1097.6820073681092,1.7514792899408285,4151,4147,71,0,4076,4087,378488,78,3,0,75,60
2020-06-30,US,Florida,Columbia,287,3,0,30.22509788,-82.62160164,12023.0,400.35711296487466,1.0452961672473868,284,281,3,0,278,269,70503,6,0,0,6,12
2020-06-30,US,Florida,DeSoto,604,10,0,27.18677893,-81.80941373,12027.0,1589.431857056393,1.6556291390728477,594,600,10,0,590,585,37489,4,0,0,4,15
2020-06-30,US,Florida,Dixie,68,4,0,29.60631086,-83.15724673,12029.0,404.1364554855581,5.882352941176472,64,65,4,0,61,65,16700,3,0,0,3,0
2020-06-30,US,Florida,Duval,6207,64,0,30.33225875,-81.66976468,12031.0,648.0780575408116,1.0310939262123409,6143,5839,64,0,5775,5588,950181,368,0,0,368,251
2020-06-30,US,Florida,Escambia,1952,45,0,30.67652764,-87.37284571,12033.0,613.2271076540293,2.305327868852459,1907,1702,44,0,1658,1660,315534,250,1,0,249,42
2020-06-30,US,Florida,Flagler,310,5,0,29.45933576,-81.31508595,12035.0,269.375483355202,1.6129032258064515,305,302,5,0,297,293,112067,8,0,0,8,9
2020-06-30,US,Florida,Franklin,6,0,0,29.83791238,-84.82731662,12037.0,49.48453608247422,0.0,6,6,0,0,6,6,11736,0,0,0,0,0
2020-06-30,US,Florida,Gadsden,379,7,0,30.57796289,-84.61915825,12039.0,830.048182216382,1.8469656992084436,372,376,7,0,369,373,45894,3,0,0,3,3
2020-06-30,US,Florida,Gilchrist,97,0,0,29.72856978,-82.79880657,12041.0,522.0105478419977,0.0,97,96,0,0,96,97,18256,1,0,0,1,-1
2020-06-30,US,Florida,Glades,175,1,0,26.95635849,-81.18996211,12043.0,1267.1059300557527,0.5714285714285714,174,167,1,0,166,161,13724,8,0,0,8,6
2020-06-30,US,Florida,Gulf,23,0,0,29.93543004,-85.24270990000002,12045.0,168.63406408094434,0.0,23,22,0,0,22,22,16164,1,0,0,1,0
2020-06-30,US,Florida,Hamilton,334,2,0,30.49673973,-82.94998918,12047.0,2314.943166065983,0.5988023952095808,332,327,2,0,325,325,14310,7,0,0,7,2
2020-06-30,US,Florida,Hardee,430,3,0,27.49293939,-81.80956574,12049.0,1596.317333036344,0.6976744186046512,427,426,3,0,423,411,27245,4,0,0,4,15
2020-06-30,US,Florida,Hendry,953,25,0,26.55386945,-81.16469006,12051.0,2267.859692542002,2.623294858342077,928,938,25,0,913,923,41556,15,0,0,15,15
2020-06-30,US,Florida,Hernando,373,5,0,28.55364461,-82.42700204,12053.0,192.34735973597358,1.3404825737265416,368,361,5,0,356,346,190865,12,0,0,12,15
2020-06-30,US,Florida,Highlands,350,11,0,27.34254618,-81.34071957,12055.0,329.5016992873349,3.1428571428571432,339,345,11,0,334,324,105424,5,0,0,5,21
2020-06-30,US,Florida,Hillsborough,10752,138,0,27.9276559,-82.32013172,12057.0,730.4506619709123,1.2834821428571428,10614,10323,135,0,10188,9918,1436888,429,3,0,426,405
2020-06-30,US,Florida,Holmes,177,0,0,30.86747479,-85.81319222,12059.0,902.2786358770454,0.0,177,161,0,0,161,161,19477,16,0,0,16,0
2020-06-30,US,Florida,Indian River,697,16,0,27.69308961,-80.60556721,12061.0,435.83474547125803,2.295552367288378,681,686,16,0,670,655,157413,11,0,0,11,31
2020-06-30,US,Florida,Jackson,363,2,0,30.795459700000002,-85.21500423,12063.0,782.0916102899988,0.5509641873278237,361,359,2,0,357,359,48305,4,0,0,4,0
2020-06-30,US,Florida,Jefferson,49,4,0,30.43669112,-83.89442308,12065.0,343.9561982310824,8.16326530612245,45,46,4,0,42,47,14288,3,0,0,3,-1
2020-06-30,US,Florida,Lafayette,32,0,0,29.98484137,-83.18166636,12067.0,379.957254808834,0.0,32,31,0,0,31,30,8732,1,0,0,1,1
2020-06-30,US,Florida,Lake,1302,22,0,28.76202069,-81.7125123,12069.0,354.6543618128232,1.6897081413210446,1280,1252,22,0,1230,1192,356495,50,0,0,50,60
2020-06-30,US,Florida,Lee,5588,158,0,26.58410348,-81.88399313,12071.0,725.1708784456323,2.8274874731567645,5430,5363,156,0,5207,5188,754610,225,2,0,223,175
2020-06-30,US,Florida,Leon,1114,8,0,30.45955727,-84.27491114,12073.0,379.4510562636674,0.7181328545780971,1106,998,8,0,990,951,292502,116,0,0,116,47
2020-06-30,US,Florida,Levy,174,1,0,29.31829741,-82.74007147,12075.0,419.2468014360408,0.5747126436781609,173,173,1,0,172,171,40770,1,0,0,1,2
2020-06-30,US,Florida,Liberty,222,1,0,30.23766008,-84.8829258,12077.0,2657.409624132152,0.4504504504504505,221,222,1,0,221,221,8457,0,0,0,0,1
2020-06-30,US,Florida,Madison,195,3,0,30.44396917,-83.47398594,12079.0,1054.4530362839994,1.5384615384615383,192,191,3,0,188,187,18529,4,0,0,4,4
2020-06-30,US,Florida,Manatee,2856,130,0,27.47196942,-82.31831044,12081.0,708.2402362784654,4.551820728291316,2726,2810,130,0,2680,2737,394855,46,0,0,46,73
2020-06-30,US,Florida,Marion,672,10,0,29.21227113,-82.05803627,12083.0,183.81799829858937,1.488095238095238,662,655,10,0,645,631,359977,17,0,0,17,24
2020-06-30,US,Florida,Martin,2055,25,0,27.0772071,-80.43109784,12085.0,1276.3975155279504,1.2165450121654502,2030,1979,25,0,1954,1910,160912,76,0,0,76,69
2020-06-30,US,Florida,Miami-Dade,36820,991,0,25.6112362,-80.55170587,12086.0,1355.2010717940034,2.6914720260727867,35829,35222,975,0,34247,33714,2761581,1598,16,0,1582,1508
2020-06-30,US,Florida,Monroe,259,4,0,25.20904673,-81.07812416,12087.0,348.9249339871746,1.5444015444015444,255,236,4,0,232,219,75027,23,0,0,23,17
2020-06-30,US,Florida,Nassau,182,1,0,30.61037141,-81.80297522,12089.0,205.35966149506348,0.5494505494505495,181,175,1,0,174,169,85832,7,0,0,7,6
2020-06-30,US,Florida,Okaloosa,666,6,0,30.69143028,-86.59267105,12091.0,316.0322295931441,0.9009009009009008,660,636,6,0,630,601,207269,30,0,0,30,35
2020-06-30,US,Florida,Okeechobee,377,0,0,27.386336199999995,-80.88944347,12093.0,894.0428761145893,0.0,377,360,0,0,360,343,41537,17,0,0,17,17
2020-06-30,US,Florida,Orange,10314,58,0,28.51367621,-81.31799498,12095.0,740.1761955201903,0.5623424471592011,10256,10014,56,0,9958,9671,1380645,300,2,0,298,343
2020-06-30,US,Florida,Osceola,2026,24,0,28.06312234,-81.14882926,12097.0,539.1868551248034,1.1846001974333662,2002,1919,24,0,1895,1833,367990,107,0,0,107,86
2020-06-30,US,Florida,Palm Beach,14150,510,0,26.64676272,-80.46536002,12099.0,945.3690279735696,3.6042402826855118,13640,13711,503,0,13208,13389,1485941,439,7,0,432,322
2020-06-30,US,Florida,Pasco,1992,19,0,28.30810945,-82.40227529,12101.0,359.60118928345133,0.9538152610441768,1973,1909,17,0,1892,1780,539630,83,2,0,81,129
2020-06-30,US,Florida,Pinellas,6487,166,0,27.93130349,-82.72239666,12103.0,665.3360629171813,2.5589640820101742,6321,6260,154,0,6106,6020,975280,227,12,0,215,240
2020-06-30,US,Florida,Polk,3836,98,0,27.95027105,-81.69732947,12105.0,529.2662432720687,2.554744525547445,3738,3682,93,0,3589,3495,708009,154,5,0,149,187
2020-06-30,US,Florida,Putnam,339,6,0,29.60779729,-81.74230285,12107.0,454.90532869929285,1.7699115044247788,333,327,6,0,321,318,74163,12,0,0,12,9
2020-06-30,US,Florida,Santa Rosa,593,9,0,30.69341450000001,-87.02458128,12113.0,321.735308958131,1.5177065767284992,584,482,9,0,473,468,179349,111,0,0,111,14
2020-06-30,US,Florida,Sarasota,1482,97,0,27.18546175,-82.33174248,12115.0,341.677771578496,6.5452091767881235,1385,1447,96,0,1351,1401,426718,35,1,0,34,46
2020-06-30,US,Florida,Seminole,2566,16,0,28.7158582,-81.24060348,12117.0,543.8445528648274,0.6235385814497272,2550,2477,16,0,2461,2366,467832,89,0,0,89,111
2020-06-30,US,Florida,St. Johns,948,7,0,29.90096506,-81.43589967,12109.0,358.17918026840766,0.7383966244725738,941,895,7,0,888,837,254261,53,0,0,53,58
2020-06-30,US,Florida,St. Lucie,1724,47,0,27.37763908,-80.47106649,12111.0,525.1342534351517,2.726218097447796,1677,1691,45,0,1646,1652,321128,33,2,0,31,39
2020-06-30,US,Florida,Sumter,345,17,0,28.70181754,-82.0794267,12119.0,260.53466243769816,4.9275362318840585,328,334,17,0,317,327,128754,11,0,0,11,7
2020-06-30,US,Florida,Suwannee,499,20,0,30.19746066,-82.99099670000003,12121.0,1123.4437265011143,4.008016032064128,479,439,20,0,419,433,44191,60,0,0,60,6
2020-06-30,US,Florida,Taylor,79,0,0,30.04848048,-83.60445406,12123.0,366.26640085307616,0.0,79,76,0,0,76,74,21623,3,0,0,3,2
2020-06-30,US,Florida,Unassigned,145,0,0,0.0,0.0,90012.0,0.0,0.0,145,138,0,0,138,143,,7,0,0,7,-5
2020-06-30,US,Florida,Union,62,2,0,30.04412971,-82.37497443,12125.0,406.90424624269866,3.2258064516129035,60,61,2,0,59,61,14940,1,0,0,1,0
2020-06-30,US,Florida,Volusia,2105,57,0,29.05858895,-81.18263252,12127.0,380.4556068854332,2.7078384798099764,2048,2024,56,0,1968,1933,547538,81,1,0,80,91
2020-06-30,US,Florida,Wakulla,60,1,0,30.16548905,-84.39895211,12129.0,177.83573905569222,1.6666666666666667,59,55,1,0,54,54,32461,5,0,0,5,1
2020-06-30,US,Florida,Walton,245,9,0,30.64204028,-86.16935664,12131.0,330.7637266946578,3.673469387755102,236,213,9,0,204,211,71375,32,0,0,32,2
2020-06-30,US,Florida,Washington,113,12,0,30.61359259,-85.66002461,12133.0,443.6069563851922,10.619469026548671,101,112,12,0,100,110,24880,1,0,0,1,2
2020-06-30,US,Georgia,Appling,258,14,0,31.74847232,-82.28909114,13001.0,1403.2415968671814,5.426356589147288,244,256,14,0,242,254,18507,2,0,0,2,2
2020-06-30,US,Georgia,Atkinson,147,2,0,31.29633502,-82.87545866,13003.0,1800.3674219228415,1.3605442176870748,145,139,2,0,137,137,8297,8,0,0,8,2
2020-06-30,US,Georgia,Bacon,236,4,0,31.55456473,-82.45936528,13005.0,2113.937656753852,1.6949152542372878,232,229,4,0,225,228,11185,7,0,0,7,1
2020-06-30,US,Georgia,Baker,43,3,0,31.32669878,-84.44218806,13007.0,1415.4048716260697,6.9767441860465125,40,43,3,0,40,43,3092,0,0,0,0,0
2020-06-30,US,Georgia,Baldwin,499,34,0,33.06882326,-83.24701748,13009.0,1111.6061483626643,6.813627254509018,465,483,33,0,450,479,44823,16,1,0,15,4
2020-06-30,US,Georgia,Banks,133,0,0,34.35607081,-83.49644388,13011.0,691.4838307164398,0.0,133,130,0,0,130,130,18988,3,0,0,3,0
2020-06-30,US,Georgia,Barrow,523,25,0,33.99148694,-83.71436292,13013.0,628.3037001441613,4.780114722753346,498,485,25,0,460,466,80809,38,0,0,38,19
2020-06-30,US,Georgia,Bartow,688,42,0,34.23732119,-84.83887523,13015.0,638.5861998552042,6.104651162790698,646,677,42,0,635,671,106408,11,0,0,11,6
2020-06-30,US,Georgia,Ben Hill,165,1,0,31.76095874,-83.22145359,13017.0,988.0239520958085,0.6060606060606061,164,159,1,0,158,156,16787,6,0,0,6,3
2020-06-30,US,Georgia,Berrien,116,0,0,31.27590016,-83.22529920000002,13019.0,598.0306232922617,0.0,116,114,0,0,114,113,19252,2,0,0,2,1
2020-06-30,US,Georgia,Bibb,848,39,0,32.80904227,-83.70489165,13021.0,553.6729803668084,4.599056603773585,809,775,38,0,737,730,153095,73,1,0,72,45
2020-06-30,US,Georgia,Bleckley,60,1,0,32.43829035,-83.33035166,13023.0,466.09182008855737,1.6666666666666667,59,58,1,0,57,56,12838,2,0,0,2,2
2020-06-30,US,Georgia,Brantley,94,2,0,31.19576557,-81.97743999,13025.0,491.9148045423622,2.127659574468085,92,85,2,0,83,85,18897,9,0,0,9,0
2020-06-30,US,Georgia,Brooks,154,11,0,30.83922642,-83.58303423,13027.0,996.3123503914084,7.142857142857142,143,145,11,0,134,143,15513,9,0,0,9,2
2020-06-30,US,Georgia,Bryan,127,5,0,32.00979311,-81.44002948,13029.0,320.48855578267336,3.9370078740157477,122,117,5,0,112,116,38109,10,0,0,10,1
2020-06-30,US,Georgia,Bulloch,339,4,0,32.39577406,-81.74811421,13031.0,425.83659933675006,1.1799410029498525,335,299,4,0,295,286,77296,40,0,0,40,13
2020-06-30,US,Georgia,Burke,144,7,0,33.05917989,-81.99928721,13033.0,643.3453960595093,4.861111111111111,137,143,6,0,137,141,22423,1,1,0,0,2
2020-06-30,US,Georgia,Butts,274,33,0,33.283094500000004,-83.95435040000002,13035.0,1098.8129611806223,12.043795620437956,241,265,33,0,232,264,24193,9,0,0,9,1
2020-06-30,US,Georgia,Calhoun,162,5,0,31.53169785,-84.62725131,13037.0,2617.547261269995,3.08641975308642,157,162,5,0,157,161,6352,0,0,0,0,1
2020-06-30,US,Georgia,Camden,128,2,0,30.92951916,-81.66601818,13039.0,234.14919694142608,1.5625,126,114,2,0,112,113,53677,14,0,0,14,1
2020-06-30,US,Georgia,Candler,37,0,0,32.40209349,-82.07702563,13043.0,342.4974544108118,0.0,37,33,0,0,33,32,10836,4,0,0,4,1
2020-06-30,US,Georgia,Carroll,704,39,0,33.58138199,-85.07976677,13045.0,586.7057803853589,5.539772727272728,665,678,39,0,639,673,118121,26,0,0,26,5
2020-06-30,US,Georgia,Catoosa,312,8,0,34.89872298,-85.13757014,13047.0,461.6750517904706,2.5641025641025643,304,304,7,0,297,303,67420,8,1,0,7,1
2020-06-30,US,Georgia,Charlton,51,2,0,30.78371028,-82.13951596,13049.0,380.8243727598567,3.92156862745098,49,46,2,0,44,45,12968,5,0,0,5,1
2020-06-30,US,Georgia,Chatham,1321,37,0,32.00043026,-81.12489526,13051.0,456.4143316173168,2.800908402725208,1284,1140,37,0,1103,1095,289195,181,0,0,181,45
2020-06-30,US,Georgia,Chattahoochee,410,0,0,32.34341231,-84.78809239,13053.0,3759.053818648574,0.0,410,405,0,0,405,404,10684,5,0,0,5,1
2020-06-30,US,Georgia,Chattooga,61,2,0,34.47197698,-85.34535662,13055.0,246.0768889426762,3.278688524590164,59,56,2,0,54,56,24790,5,0,0,5,0
2020-06-30,US,Georgia,Cherokee,1315,43,0,34.24393976,-84.47431861,13057.0,508.1673899518111,3.269961977186312,1272,1283,44,0,1239,1253,254149,32,-1,0,33,30
2020-06-30,US,Georgia,Clarke,531,15,0,33.95436462,-83.37124007,13059.0,413.7737569254506,2.824858757062147,516,490,15,0,475,485,127330,41,0,0,41,5
2020-06-30,US,Georgia,Clay,57,2,0,31.62221166,-84.97713865,13061.0,2011.2914608327453,3.5087719298245608,55,57,2,0,55,57,2887,0,0,0,0,0
2020-06-30,US,Georgia,Clayton,1939,79,0,33.54187245,-84.35594188,13063.0,663.4594328260156,4.07426508509541,1860,1888,79,0,1809,1884,289615,51,0,0,51,4
2020-06-30,US,Georgia,Clinch,108,3,0,30.91395822,-82.70432472,13065.0,1631.9129646418858,2.7777777777777777,105,104,3,0,101,103,6648,4,0,0,4,1
2020-06-30,US,Georgia,Cobb,4877,243,0,33.94243204,-84.5761255,13067.0,641.591494209627,4.982571252819357,4634,4630,240,0,4390,4607,756865,247,3,0,244,23
2020-06-30,US,Georgia,Coffee,540,17,0,31.54892966,-82.85492059999999,13069.0,1247.891294802764,3.1481481481481484,523,534,17,0,517,532,43093,6,0,0,6,2
2020-06-30,US,Georgia,Colquitt,951,18,0,31.18810588,-83.7677946,13071.0,2085.5263157894738,1.892744479495268,933,911,18,0,893,907,45592,40,0,0,40,4
2020-06-30,US,Georgia,Columbia,470,9,0,33.54534185,-82.263524,13073.0,299.9093890781934,1.9148936170212767,461,444,9,0,435,422,154291,26,0,0,26,22
2020-06-30,US,Georgia,Cook,133,1,0,31.16068491,-83.42947229,13075.0,770.1215981470758,0.7518796992481203,132,130,1,0,129,130,17162,3,0,0,3,0
2020-06-30,US,Georgia,Coweta,667,15,0,33.35334302,-84.76129976,13077.0,449.1310290958797,2.2488755622188905,652,647,15,0,632,643,145864,20,0,0,20,4
2020-06-30,US,Georgia,Crawford,42,0,0,32.71391813,-83.98061238,13079.0,338.6004514672686,0.0,42,39,0,0,39,39,12318,3,0,0,3,0
2020-06-30,US,Georgia,Crisp,273,12,0,31.92289565,-83.76811843,13081.0,1220.2753441802256,4.395604395604397,261,271,12,0,259,268,22601,2,0,0,2,3
2020-06-30,US,Georgia,Dade,66,1,0,34.854916700000004,-85.50490424,13083.0,409.5309009679821,1.5151515151515151,65,65,1,0,64,64,16226,1,0,0,1,1
2020-06-30,US,Georgia,Dawson,141,3,0,34.44244079,-84.16964071,13085.0,540.0643480925387,2.127659574468085,138,136,3,0,133,133,25083,5,0,0,5,3
2020-06-30,US,Georgia,DeKalb,5841,173,0,33.76944049,-84.22396017,13089.0,769.2642009648398,2.9618216058894027,5668,5469,171,0,5298,5448,756558,372,2,0,370,21
2020-06-30,US,Georgia,Decatur,253,8,0,30.87967778,-84.57619536,13087.0,958.1881533101047,3.1620553359683794,245,250,8,0,242,249,26575,3,0,0,3,1
2020-06-30,US,Georgia,Dodge,100,2,0,32.17265114,-83.16948926,13091.0,485.319097306479,2.0,98,96,2,0,94,92,20705,4,0,0,4,4
2020-06-30,US,Georgia,Dooly,210,12,0,32.15630737,-83.79746561,13093.0,1568.334578043316,5.7142857142857135,198,205,12,0,193,200,13706,5,0,0,5,5
2020-06-30,US,Georgia,Dougherty,1903,154,0,31.53328528,-84.21722377,13095.0,2163.581790895448,8.092485549132949,1749,1887,154,0,1733,1883,91243,16,0,0,16,4
2020-06-30,US,Georgia,Douglas,917,36,0,33.70291126,-84.77026156,13097.0,626.6100872607503,3.9258451472191935,881,879,36,0,843,878,145331,38,0,0,38,1
2020-06-30,US,Georgia,Early,260,31,0,31.32155345,-84.90255207,13099.0,2551.521099116781,11.923076923076925,229,260,31,0,229,260,10247,0,0,0,0,0
2020-06-30,US,Georgia,Echols,184,0,0,30.71101099,-82.89687287,13101.0,4593.110334498253,0.0,184,183,0,0,183,182,4000,1,0,0,1,1
2020-06-30,US,Georgia,Effingham,141,1,0,32.36616021,-81.34280942,13103.0,219.29824561403512,0.7092198581560284,140,131,1,0,130,126,62190,10,0,0,10,5
2020-06-30,US,Georgia,Elbert,104,0,0,34.11302332,-82.83936148,13105.0,541.8359904136711,0.0,104,100,0,0,100,99,19120,4,0,0,4,1
2020-06-30,US,Georgia,Emanuel,116,3,0,32.59221302,-82.30239915,13107.0,512.2317407047602,2.586206896551724,113,106,3,0,103,105,22612,10,0,0,10,1
2020-06-30,US,Georgia,Evans,23,0,0,32.15328841,-81.8870105,13109.0,215.88135911394784,0.0,23,19,0,0,19,19,10721,4,0,0,4,0
2020-06-30,US,Georgia,Fannin,97,1,0,34.86430205,-84.316964,13111.0,370.3986558729189,1.0309278350515465,96,94,1,0,93,94,25964,3,0,0,3,0
2020-06-30,US,Georgia,Fayette,341,17,0,33.41357794,-84.49089434,13113.0,298.0222162015714,4.98533724340176,324,326,17,0,309,326,113459,15,0,0,15,0
2020-06-30,US,Georgia,Floyd,514,15,0,34.26268279,-85.21577392,13115.0,521.8380068630835,2.9182879377431905,499,502,15,0,487,495,97927,12,0,0,12,7
2020-06-30,US,Georgia,Forsyth,828,15,0,34.22604035,-84.12315129999998,13117.0,338.99415357909044,1.8115942028985508,813,792,15,0,777,788,236612,36,0,0,36,4
2020-06-30,US,Georgia,Franklin,193,1,0,34.37525597,-83.23159927,13119.0,826.5878624352222,0.5181347150259067,192,187,1,0,186,187,23023,6,0,0,6,0
2020-06-30,US,Georgia,Fulton,6965,312,0,33.79216944,-84.46319413,13121.0,654.644024975163,4.479540559942571,6653,6648,312,0,6336,6610,1050114,317,0,0,317,38
2020-06-30,US,Georgia,Gilmer,184,2,0,34.69316688,-84.45802506,13123.0,586.5663553189455,1.0869565217391304,182,185,2,0,183,181,30816,-1,0,0,-1,4
2020-06-30,US,Georgia,Glascock,7,0,0,33.22879932,-82.61297636,13125.0,235.61090541905082,0.0,7,8,0,0,8,7,2995,-1,0,0,-1,1
2020-06-30,US,Georgia,Glynn,788,6,0,31.23279254,-81.53811412,13127.0,923.8850068001688,0.7614213197969543,782,547,4,0,543,533,85219,241,2,0,239,14
2020-06-30,US,Georgia,Gordon,380,18,0,34.50487351,-84.87296253,13129.0,655.5906354053448,4.7368421052631575,362,356,18,0,338,351,57685,24,0,0,24,5
2020-06-30,US,Georgia,Grady,192,4,0,30.87454847,-84.23418364,13131.0,779.4422116672757,2.083333333333333,188,189,4,0,185,185,24748,3,0,0,3,4
2020-06-30,US,Georgia,Greene,98,9,0,33.5769205,-83.17139104,13133.0,534.81772538747,9.183673469387756,89,97,9,0,88,97,17698,1,0,0,1,0
2020-06-30,US,Georgia,Gwinnett,8082,170,0,33.96044201,-84.02137802,13135.0,863.2309746328438,2.1034397426379607,7912,7755,170,0,7585,7685,927781,327,0,0,327,70
2020-06-30,US,Georgia,Habersham,678,35,0,34.63331566,-83.53094677,13137.0,1495.76420755383,5.162241887905606,643,666,35,0,631,662,45388,12,0,0,12,4
2020-06-30,US,Georgia,Hall,3187,60,0,34.32207823,-83.81896936,13139.0,1558.8849594748608,1.8826482585503608,3127,3138,59,0,3079,3117,202148,49,1,0,48,21
2020-06-30,US,Georgia,Hancock,212,32,0,33.2721566,-82.99766919,13141.0,2506.799101336171,15.094339622641508,180,210,32,0,178,210,8348,2,0,0,2,0
2020-06-30,US,Georgia,Haralson,73,5,0,33.79602175,-85.21005667,13143.0,245.0322234156821,6.849315068493151,68,68,5,0,63,68,29533,5,0,0,5,0
2020-06-30,US,Georgia,Harris,324,9,0,32.73709786,-84.90538572,13145.0,919.5141332727893,2.7777777777777777,315,307,9,0,298,306,34475,17,0,0,17,1
2020-06-30,US,Georgia,Hart,59,0,0,34.34626973,-82.96567682,13147.0,225.14787254340771,0.0,59,56,0,0,56,56,26099,3,0,0,3,0
2020-06-30,US,Georgia,Heard,48,3,0,33.29686567,-85.12886832,13149.0,402.5832424725321,6.25,45,48,3,0,45,48,11879,0,0,0,0,0
2020-06-30,US,Georgia,Henry,1203,33,0,33.4533428,-84.14814659999998,13151.0,512.8729839998977,2.743142144638404,1170,1141,33,0,1108,1141,230220,62,0,0,62,0
2020-06-30,US,Georgia,Houston,629,23,0,32.45802497,-83.66879087,13153.0,398.446754464314,3.656597774244833,606,604,23,0,581,578,155469,25,0,0,25,26
2020-06-30,US,Georgia,Irwin,64,1,0,31.60213036,-83.27501387,13155.0,679.6941376380629,1.5625,63,59,1,0,58,56,9398,5,0,0,5,3
2020-06-30,US,Georgia,Jackson,370,10,0,34.13794553,-83.56814788,13157.0,507.00905764830014,2.702702702702702,360,355,10,0,345,354,70422,15,0,0,15,1
2020-06-30,US,Georgia,Jasper,68,1,0,33.31535543,-83.68844964,13159.0,478.2333497433012,1.4705882352941178,67,66,1,0,65,66,14040,2,0,0,2,0
2020-06-30,US,Georgia,Jeff Davis,110,2,0,31.80405727,-82.63724870000001,13161.0,727.7538868673503,1.818181818181818,108,104,2,0,102,99,15029,6,0,0,6,5
2020-06-30,US,Georgia,Jefferson,98,1,0,33.05867328,-82.41609057,13163.0,637.9377685197239,1.020408163265306,97,95,1,0,94,88,15430,3,0,0,3,7
2020-06-30,US,Georgia,Jenkins,104,11,0,32.79248718,-81.96040187,13165.0,1198.70908252651,10.576923076923077,93,96,11,0,85,95,8683,8,0,0,8,1
2020-06-30,US,Georgia,Johnson,90,2,0,32.70211082,-82.66166794,13167.0,933.3195063776833,2.2222222222222223,88,88,2,0,86,87,9708,2,0,0,2,1
2020-06-30,US,Georgia,Jones,73,0,0,33.02512137,-83.56019163,13169.0,254.04558900295802,0.0,73,62,0,0,62,62,28616,11,0,0,11,0
2020-06-30,US,Georgia,Lamar,115,6,0,33.07841647,-84.14263877,13171.0,602.8201499187502,5.217391304347826,109,112,6,0,106,112,19000,3,0,0,3,0
2020-06-30,US,Georgia,Lanier,132,3,0,31.03828570000001,-83.06472457,13173.0,1266.4300105535833,2.272727272727273,129,129,3,0,126,129,10340,3,0,0,3,0
2020-06-30,US,Georgia,Laurens,167,1,0,32.46325233,-82.92221316,13175.0,351.2388003196904,0.5988023952095808,166,158,1,0,157,156,47325,9,0,0,9,2
2020-06-30,US,Georgia,Lee,388,22,0,31.779330600000005,-84.14324253,13177.0,1293.6783142171246,5.6701030927835046,366,385,22,0,363,385,29764,3,0,0,3,0
2020-06-30,US,Georgia,Liberty,121,1,0,31.82588896,-81.49251135,13179.0,196.95613249776187,0.8264462809917356,120,114,1,0,113,114,61497,7,0,0,7,0
2020-06-30,US,Georgia,Lincoln,37,1,0,33.79201475,-82.45024131,13181.0,467.11273829062,2.702702702702702,36,36,1,0,35,36,7915,1,0,0,1,0
2020-06-30,US,Georgia,Long,43,1,0,31.75218791,-81.74952375,13183.0,219.8476404724168,2.3255813953488373,42,37,1,0,36,37,18998,6,0,0,6,0
2020-06-30,US,Georgia,Lowndes,1199,11,0,30.83568832,-83.27056716,13185.0,1021.242525935642,0.9174311926605504,1188,1150,9,0,1141,1136,116321,49,2,0,47,14
2020-06-30,US,Georgia,Lumpkin,139,3,0,34.57286511,-84.00425681,13187.0,413.5673906575423,2.1582733812949644,136,138,3,0,135,135,32955,1,0,0,1,3
2020-06-30,US,Georgia,Macon,115,9,0,32.35207048,-84.04234127,13193.0,888.2366571406502,7.826086956521738,106,113,9,0,104,113,13143,2,0,0,2,0
2020-06-30,US,Georgia,Madison,92,4,0,34.12920917,-83.21218732,13195.0,307.8982597054886,4.3478260869565215,88,89,4,0,85,89,29650,3,0,0,3,0
2020-06-30,US,Georgia,Marion,79,2,0,32.3483402,-84.52733571,13197.0,945.0891254934801,2.5316455696202533,77,78,2,0,76,78,8351,1,0,0,1,0
2020-06-30,US,Georgia,McDuffie,92,6,0,33.47851918,-82.48252774,13189.0,431.68168168168165,6.521739130434782,86,91,6,0,85,89,21531,1,0,0,1,2
2020-06-30,US,Georgia,McIntosh,41,1,0,31.49683595,-81.40163426,13191.0,285.1578800945889,2.4390243902439024,40,31,1,0,30,30,14340,10,0,0,10,1
2020-06-30,US,Georgia,Meriwether,183,2,0,33.04163534,-84.68859732,13199.0,864.5533141210375,1.0928961748633879,181,177,2,0,175,177,21068,6,0,0,6,0
2020-06-30,US,Georgia,Miller,47,0,0,31.16568912,-84.73151117,13201.0,821.9657222805175,0.0,47,47,0,0,47,47,5686,0,0,0,0,0
2020-06-30,US,Georgia,Mitchell,450,38,0,31.22483255,-84.19381821,13205.0,2058.2719663358184,8.444444444444445,412,446,38,0,408,444,22192,4,0,0,4,2
2020-06-30,US,Georgia,Monroe,160,17,0,33.014289,-83.92097166,13207.0,580.1726013489013,10.625,143,156,17,0,139,156,27520,4,0,0,4,0
2020-06-30,US,Georgia,Montgomery,31,0,0,32.17201038,-82.53527476,13209.0,337.9851722634104,0.0,31,31,0,0,31,31,9193,0,0,0,0,0
2020-06-30,US,Georgia,Morgan,52,0,0,33.59232073,-83.49129491,13211.0,269.76551151691217,0.0,52,49,0,0,49,49,18853,3,0,0,3,0
2020-06-30,US,Georgia,Murray,214,2,0,34.78897608,-84.74993177,13213.0,533.7190742218676,0.9345794392523364,212,210,2,0,208,194,39921,4,0,0,4,16
2020-06-30,US,Georgia,Muscogee,1679,47,0,32.50931999,-84.87142262,13215.0,857.6434471239063,2.7992852888624182,1632,1536,43,0,1493,1520,194160,143,4,0,139,16
2020-06-30,US,Georgia,Newton,599,11,0,33.55514538,-83.84547140000002,13217.0,536.0466781214203,1.8363939899833053,588,571,11,0,560,571,109541,28,0,0,28,0
2020-06-30,US,Georgia,Oconee,154,10,0,33.83749973,-83.43679568,13219.0,382.3237338629593,6.493506493506493,144,148,10,0,138,146,39272,6,0,0,6,2
2020-06-30,US,Georgia,Oglethorpe,89,7,0,33.878629600000004,-83.08278123,13221.0,583.2623369814536,7.865168539325843,82,88,7,0,81,88,15054,1,0,0,1,0
2020-06-30,US,Georgia,Out of GA,4011,47,0,0.0,0.0,80013.0,0.0,1.1717776115681875,3964,4601,45,0,4556,4410,,-590,2,0,-592,191
2020-06-30,US,Georgia,Paulding,583,15,0,33.91969522,-84.86848792,13223.0,345.65149080733045,2.5728987993138936,568,565,15,0,550,560,164044,18,0,0,18,5
2020-06-30,US,Georgia,Peach,103,9,0,32.56934316,-83.82937,13225.0,373.9199883830683,8.737864077669903,94,101,9,0,92,98,27297,2,0,0,2,3
2020-06-30,US,Georgia,Pickens,93,5,0,34.46589159,-84.46406611,13227.0,285.35485256665953,5.376344086021504,88,92,5,0,87,89,31980,1,0,0,1,3
2020-06-30,US,Georgia,Pierce,170,4,0,31.35928155,-82.21598442,13229.0,873.3624454148471,2.3529411764705883,166,162,4,0,158,161,19389,8,0,0,8,1
2020-06-30,US,Georgia,Pike,90,3,0,33.09310242,-84.38790389,13231.0,474.63347748127836,3.333333333333333,87,88,3,0,85,87,18634,2,0,0,2,1
2020-06-30,US,Georgia,Polk,205,2,0,34.00267074,-85.18677781,13233.0,481.0738507028372,0.975609756097561,203,206,1,0,205,205,42470,-1,1,0,-2,1
2020-06-30,US,Georgia,Pulaski,50,2,0,32.23334561,-83.47549959999998,13235.0,448.95393732603037,4.0,48,49,2,0,47,49,11069,1,0,0,1,0
2020-06-30,US,Georgia,Putnam,148,12,0,33.32056115,-83.37552891,13237.0,669.10800669108,8.108108108108109,136,142,12,0,130,137,21809,6,0,0,6,5
2020-06-30,US,Georgia,Quitman,17,1,0,31.86728114,-85.01773177,13239.0,739.4519356241844,5.882352941176472,16,15,1,0,14,15,2279,2,0,0,2,0
2020-06-30,US,Georgia,Rabun,42,3,0,34.88389445,-83.40304637,13241.0,245.0837369434557,7.142857142857142,39,42,3,0,39,41,16867,0,0,0,0,1
2020-06-30,US,Georgia,Randolph,197,25,0,31.76622818,-84.75732369,13243.0,2906.4620832103865,12.690355329949238,172,198,25,0,173,197,6833,-1,0,0,-1,1
2020-06-30,US,Georgia,Richmond,952,48,0,33.35777107,-82.07026432,13245.0,470.08167175263435,5.042016806722689,904,896,48,0,848,852,201554,56,0,0,56,44
2020-06-30,US,Georgia,Rockdale,459,11,0,33.65145002,-84.02202167,13247.0,504.9727160711143,2.396514161220044,448,436,11,0,425,436,90594,23,0,0,23,0
2020-06-30,US,Georgia,Schley,25,1,0,32.2654021,-84.31258912,13249.0,475.5564009891573,4.0,24,25,1,0,24,24,5236,0,0,0,0,1
2020-06-30,US,Georgia,Screven,92,6,0,32.74976524,-81.60779441,13251.0,658.7426607475297,6.521739130434782,86,91,6,0,85,89,13938,1,0,0,1,2
2020-06-30,US,Georgia,Seminole,51,2,0,30.93464824,-84.86823924,13253.0,630.4079110012361,3.92156862745098,49,50,2,0,48,50,8315,1,0,0,1,0
2020-06-30,US,Georgia,Spalding,400,32,0,33.26310031,-84.28013991,13255.0,599.6731781179258,8.0,368,383,32,0,351,383,66100,17,0,0,17,0
2020-06-30,US,Georgia,Stephens,224,6,0,34.55151201,-83.29405315,13257.0,864.0308582449372,2.6785714285714284,218,216,6,0,210,212,26035,8,0,0,8,4
2020-06-30,US,Georgia,Stewart,119,3,0,32.07996777,-84.83208037,13259.0,1797.3115843528171,2.5210084033613445,116,113,3,0,110,112,6199,6,0,0,6,1
2020-06-30,US,Georgia,Sumter,554,50,0,32.03650571,-84.19821492,13261.0,1876.4395068418914,9.025270758122744,504,551,50,0,501,550,29733,3,0,0,3,1
2020-06-30,US,Georgia,Talbot,73,2,0,32.69642758,-84.53351366,13263.0,1178.3696529459241,2.7397260273972597,71,69,2,0,67,68,6272,4,0,0,4,1
2020-06-30,US,Georgia,Taliaferro,2,0,0,33.56543317,-82.88136816,13265.0,130.1236174365647,0.0,2,2,0,0,2,2,1608,0,0,0,0,0
2020-06-30,US,Georgia,Tattnall,138,0,0,32.04785085,-82.05539188,13267.0,545.7565451237839,0.0,138,130,0,0,130,128,25391,8,0,0,8,2
2020-06-30,US,Georgia,Taylor,28,2,0,32.55792548,-84.25077141,13269.0,349.12718204488783,7.142857142857142,26,28,2,0,26,27,8039,0,0,0,0,1
2020-06-30,US,Georgia,Telfair,118,3,0,31.92829517,-82.93491155,13271.0,744.0100882723833,2.5423728813559316,115,112,3,0,109,106,15876,6,0,0,6,6
2020-06-30,US,Georgia,Terrell,225,27,0,31.77527543,-84.44069698,13273.0,2637.4399249794865,12.0,198,225,27,0,198,225,8611,0,0,0,0,0
2020-06-30,US,Georgia,Thomas,435,32,0,30.86392347,-83.91847289,13275.0,978.6056556657892,7.35632183908046,403,421,32,0,389,417,44448,14,0,0,14,4
2020-06-30,US,Georgia,Tift,750,26,0,31.45743864,-83.5236119,13277.0,1845.2908178328905,3.466666666666667,724,721,26,0,695,695,40571,29,0,0,29,26
2020-06-30,US,Georgia,Toombs,244,5,0,32.12059861,-82.32957247,13279.0,909.4297428251956,2.0491803278688523,239,236,5,0,231,230,26887,8,0,0,8,6
2020-06-30,US,Georgia,Towns,45,1,0,34.91369188,-83.74107459999998,13281.0,373.8473041455512,2.2222222222222223,44,38,1,0,37,38,11852,7,0,0,7,0
2020-06-30,US,Georgia,Treutlen,23,1,0,32.40422134,-82.56904553,13283.0,333.28503115490514,4.3478260869565215,22,23,1,0,22,23,6809,0,0,0,0,0
2020-06-30,US,Georgia,Troup,1398,32,0,33.03349196,-85.02812115,13285.0,1999.37072738194,2.2889842632331905,1366,1336,31,0,1305,1335,70034,62,1,0,61,1
2020-06-30,US,Georgia,Turner,177,16,0,31.71612656,-83.62069378,13287.0,2216.65623043206,9.039548022598868,161,176,16,0,160,176,7912,1,0,0,1,0
2020-06-30,US,Georgia,Twiggs,27,1,0,32.67435595,-83.43078662,13289.0,332.512315270936,3.703703703703704,26,24,1,0,23,23,8188,3,0,0,3,1
2020-06-30,US,Georgia,Unassigned,2699,2,0,0.0,0.0,90013.0,0.0,0.07410151908114118,2697,3621,2,0,3619,2379,,-922,0,0,-922,1242
2020-06-30,US,Georgia,Union,71,3,0,34.82995757,-83.98967069,13291.0,289.6658643058218,4.225352112676056,68,68,3,0,65,68,24001,3,0,0,3,0
2020-06-30,US,Georgia,Upson,355,43,0,32.87920671,-84.30024826,13293.0,1348.7841945288753,12.112676056338026,312,348,43,0,305,348,26215,7,0,0,7,0
2020-06-30,US,Georgia,Walker,318,11,0,34.73376362,-85.30165174,13295.0,455.84208941958974,3.459119496855346,307,315,11,0,304,315,69410,3,0,0,3,0
2020-06-30,US,Georgia,Walton,399,28,0,33.78017694,-83.73552314,13297.0,421.8071104627192,7.0175438596491215,371,383,28,0,355,383,93503,16,0,0,16,0
2020-06-30,US,Georgia,Ware,424,15,0,31.05449097,-82.42224148,13299.0,1186.545027145016,3.537735849056604,409,397,15,0,382,395,35680,27,0,0,27,2
2020-06-30,US,Georgia,Warren,22,0,0,33.41146451,-82.67795848,13301.0,418.7285877426722,0.0,22,20,0,0,20,19,5251,2,0,0,2,1
2020-06-30,US,Georgia,Washington,105,1,0,32.96711864,-82.79357039,13303.0,515.3627171885737,0.9523809523809524,104,94,1,0,93,91,20386,11,0,0,11,3
2020-06-30,US,Georgia,Wayne,70,0,0,31.5521809,-81.91894878,13305.0,233.90249607377956,0.0,70,59,0,0,59,57,29808,11,0,0,11,2
2020-06-30,US,Georgia,Webster,22,1,0,32.04066113,-84.54742852,13307.0,843.8818565400844,4.545454545454546,21,21,1,0,20,21,2611,1,0,0,1,0
2020-06-30,US,Georgia,Wheeler,49,0,0,32.12009104,-82.72574721,13309.0,623.8064926798218,0.0,49,48,0,0,48,45,7879,1,0,0,1,3
2020-06-30,US,Georgia,White,142,4,0,34.64624278,-83.74905525,13311.0,461.0689005779596,2.8169014084507036,138,140,4,0,136,139,29970,2,0,0,2,1
2020-06-30,US,Georgia,Whitfield,1101,10,0,34.80987459,-84.96093476,13313.0,1052.2995756394082,0.9082652134423252,1091,1055,10,0,1045,1001,104062,46,0,0,46,54
2020-06-30,US,Georgia,Wilcox,126,15,0,31.97496928,-83.43438555,13315.0,1459.177764910249,11.904761904761903,111,127,15,0,112,126,8812,-1,0,0,-1,1
2020-06-30,US,Georgia,Wilkes,56,1,0,33.78290391,-82.74286107,13317.0,572.7728342027207,1.7857142857142858,55,54,1,0,53,53,9876,2,0,0,2,1
2020-06-30,US,Georgia,Wilkinson,76,8,0,32.80291082,-83.17140684,13319.0,848.7826669644853,10.526315789473683,68,76,8,0,68,75,9036,0,0,0,0,1
2020-06-30,US,Georgia,Worth,315,22,0,31.55162306,-83.85090513,13321.0,1555.7860423766485,6.984126984126984,293,305,22,0,283,303,20299,10,0,0,10,2
2020-06-30,US,Hawaii,Hawaii,87,0,0,19.60121157,-155.5210167,15001.0,43.17339327983802,0.0,87,87,0,0,87,87,200983,0,0,0,0,0
2020-06-30,US,Hawaii,Honolulu,652,12,0,21.45803166,-157.97121819999995,15003.0,66.90178059294269,1.8404907975460123,640,638,12,0,626,636,980080,14,0,0,14,2
2020-06-30,US,Hawaii,Kauai,38,0,0,22.03935037,-159.5966786,15007.0,52.563872020804226,0.0,38,37,0,0,37,37,72133,1,0,0,1,0
2020-06-30,US,Hawaii,Maui,123,6,0,20.86399628,-156.56890969999995,15009.0,73.46924147488009,4.878048780487805,117,122,6,0,116,123,167207,1,0,0,1,-1
2020-06-30,US,Hawaii,Out of HI,16,0,0,0.0,0.0,80015.0,0.0,0.0,16,16,0,0,16,16,,0,0,0,0,0
2020-06-30,US,Hawaii,Unassigned,1,0,0,0.0,0.0,90015.0,0.0,0.0,1,,,,,,,,,,,
2020-06-30,US,Idaho,Ada,2169,23,0,43.4526575,-116.24155159999998,16001.0,450.38591157983916,1.0603964960811434,2146,2040,23,0,2017,1841,469966,129,0,0,129,199
2020-06-30,US,Idaho,Adams,11,0,0,44.89333571,-116.4545247,16003.0,256.171401956218,0.0,11,10,0,0,10,10,4250,1,0,0,1,0
2020-06-30,US,Idaho,Bannock,102,1,0,42.67002716,-112.2233311,16005.0,116.1625364431487,0.9803921568627452,101,95,1,0,94,95,87138,7,0,0,7,0
2020-06-30,US,Idaho,Bear Lake,1,0,0,42.28269683,-111.32892379999998,16007.0,16.3265306122449,0.0,1,,,,,,6050,,,,,
2020-06-30,US,Idaho,Benewah,21,0,0,47.21754179,-116.6586851,16009.0,225.85502258550227,0.0,21,21,0,0,21,21,9226,0,0,0,0,0
2020-06-30,US,Idaho,Bingham,40,0,0,43.21672879999999,-112.3978437,16011.0,85.45000106812502,0.0,40,37,0,0,37,36,46236,3,0,0,3,1
2020-06-30,US,Idaho,Blaine,535,5,0,43.4085812,-113.9752658,16013.0,2323.9650753659703,0.9345794392523364,530,532,5,0,527,529,22601,3,0,0,3,3
2020-06-30,US,Idaho,Boise,4,0,0,43.98829931,-115.7309284,16015.0,51.07904482186183,0.0,4,4,0,0,4,2,7634,0,0,0,0,2
2020-06-30,US,Idaho,Bonner,32,0,0,48.29996017,-116.6017932,16017.0,69.96217669822252,0.0,32,31,0,0,31,24,44727,1,0,0,1,7
2020-06-30,US,Idaho,Bonneville,115,1,0,43.38713372,-111.6161537,16019.0,96.58833212947876,0.8695652173913043,114,113,1,0,112,107,116854,2,0,0,2,6
2020-06-30,US,Idaho,Boundary,1,0,0,48.76684761,-116.4630179,16021.0,8.166598611678237,0.0,1,1,0,0,1,1,11948,0,0,0,0,0
2020-06-30,US,Idaho,Camas,1,0,0,43.46665742,-114.8065892,16025.0,90.41591320072331,0.0,1,1,0,0,1,1,1127,0,0,0,0,0
2020-06-30,US,Idaho,Canyon,856,6,0,43.61970148,-116.70954990000001,16027.0,372.41841382820894,0.7009345794392523,850,763,6,0,757,692,223499,93,0,0,93,71
2020-06-30,US,Idaho,Caribou,11,0,0,42.77149116,-111.5597683,16029.0,153.73864430468203,0.0,11,10,0,0,10,10,7060,1,0,0,1,0
2020-06-30,US,Idaho,Cassia,240,1,0,42.28347888,-113.6012409,16031.0,998.7515605493134,0.4166666666666667,239,228,1,0,227,209,23864,12,0,0,12,19
2020-06-30,US,Idaho,Clearwater,1,0,0,46.67459924,-115.6622393,16035.0,11.420740063956144,0.0,1,1,0,0,1,1,8758,0,0,0,0,0
2020-06-30,US,Idaho,Custer,4,0,0,44.24186819,-114.2855494,16037.0,92.69988412514485,0.0,4,4,0,0,4,3,4280,0,0,0,0,1
2020-06-30,US,Idaho,Elmore,60,2,0,43.3507101,-115.4701578,16039.0,218.0945803496783,3.333333333333333,58,54,2,0,52,52,27259,6,0,0,6,2
2020-06-30,US,Idaho,Franklin,25,0,0,42.18332217,-111.81496659999999,16041.0,180.16719515710582,0.0,25,25,0,0,25,23,13726,0,0,0,0,2
2020-06-30,US,Idaho,Fremont,7,0,0,44.22800938,-111.48099429999999,16043.0,53.4391938315902,0.0,7,6,0,0,6,5,13168,1,0,0,1,1
2020-06-30,US,Idaho,Gem,26,0,0,44.06482372,-116.398376,16045.0,143.55123674911658,0.0,26,23,0,0,23,21,17634,3,0,0,3,2
2020-06-30,US,Idaho,Gooding,65,1,0,42.96927962,-114.81083059999999,16047.0,428.22320310955934,1.5384615384615383,64,64,1,0,63,62,15196,1,0,0,1,2
2020-06-30,US,Idaho,Idaho,4,0,0,45.84721541,-115.4634436,16049.0,23.99952000959981,0.0,4,4,0,0,4,3,16513,0,0,0,0,1
2020-06-30,US,Idaho,Jefferson,18,0,0,43.82078483,-112.3131749,16051.0,60.259114191021396,0.0,18,18,0,0,18,18,29439,0,0,0,0,0
2020-06-30,US,Idaho,Jerome,239,5,0,42.68891267,-114.2655033,16053.0,979.0267081763068,2.092050209205021,234,237,4,0,233,232,24015,2,1,0,1,5
2020-06-30,US,Idaho,Kootenai,261,1,0,47.67282258,-116.7020872,16055.0,157.5164305931912,0.3831417624521073,260,234,1,0,233,187,161505,27,0,0,27,47
2020-06-30,US,Idaho,Latah,20,0,0,46.81587887,-116.71136979999999,16057.0,49.865363518500054,0.0,20,14,0,0,14,11,40134,6,0,0,6,3
2020-06-30,US,Idaho,Lemhi,2,0,0,44.9438088,-113.9309747,16059.0,24.915908807773768,0.0,2,2,0,0,2,2,7961,0,0,0,0,0
2020-06-30,US,Idaho,Lincoln,36,0,0,43.0012336,-114.1358773,16063.0,670.8907938874395,0.0,36,36,0,0,36,36,5360,0,0,0,0,0
2020-06-30,US,Idaho,Madison,35,0,0,43.78141028,-111.65384740000002,16065.0,87.70391159445711,0.0,35,36,0,0,36,33,39304,-1,0,0,-1,3
2020-06-30,US,Idaho,Minidoka,185,0,0,42.85518524,-113.6357257,16067.0,879.3193592851371,0.0,185,175,0,0,175,153,20825,10,0,0,10,22
2020-06-30,US,Idaho,Nez Perce,96,19,0,46.32638236,-116.75009750000001,16069.0,237.5767174816868,19.791666666666668,77,95,19,0,76,93,40408,1,0,0,1,2
2020-06-30,US,Idaho,Oneida,2,0,0,42.19494279999999,-112.5407838,16071.0,44.140366365040826,0.0,2,,,,,,4488,,,,,
2020-06-30,US,Idaho,Owyhee,41,0,0,42.58016894,-116.16938710000001,16073.0,346.78169669288667,0.0,41,40,0,0,40,34,11693,1,0,0,1,6
2020-06-30,US,Idaho,Payette,102,2,0,44.00545243,-116.7647695,16075.0,425.86948352887146,1.96078431372549,100,89,2,0,87,82,23551,13,0,0,13,7
2020-06-30,US,Idaho,Power,17,0,0,42.69254894,-112.83957420000002,16077.0,221.32534826194507,0.0,17,16,0,0,16,16,7768,1,0,0,1,0
2020-06-30,US,Idaho,Teton,17,0,0,43.75303583,-111.2056773,16081.0,140.00988305056828,0.0,17,16,0,0,16,16,11640,1,0,0,1,0
2020-06-30,US,Idaho,Twin Falls,599,25,0,42.35440512,-114.6685381,16083.0,689.4725937521582,4.173622704507513,574,566,25,0,541,551,86081,33,0,0,33,15
2020-06-30,US,Idaho,Unassigned,1,0,0,0.0,0.0,90016.0,0.0,0.0,1,,,,,1,,,,,,
2020-06-30,US,Idaho,Valley,13,0,0,44.76728382,-115.5676773,16085.0,114.11516853932585,0.0,13,11,0,0,11,11,11041,2,0,0,2,0
2020-06-30,US,Idaho,Washington,102,0,0,44.45275475,-116.78476880000001,16087.0,1000.5885815185403,0.0,102,100,0,0,100,98,10161,2,0,0,2,2
2020-06-30,US,Illinois,Adams,87,1,0,39.98815591,-91.18786813,17001.0,132.95636891571792,1.1494252873563218,86,88,1,0,87,83,65691,-1,0,0,-1,5
2020-06-30,US,Illinois,Alexander,22,0,0,37.18049267,-89.32910838,17003.0,381.87814615518135,0.0,22,22,0,0,22,22,6060,0,0,0,0,0
2020-06-30,US,Illinois,Bond,13,1,0,38.88829622,-89.43534887,17005.0,79.14282235480336,7.6923076923076925,12,13,1,0,12,13,16630,0,0,0,0,0
2020-06-30,US,Illinois,Boone,586,21,0,42.32359279,-88.82345779,17007.0,1094.427013297475,3.583617747440273,565,579,21,0,558,577,53577,7,0,0,7,2
2020-06-30,US,Illinois,Brown,10,0,0,39.96209138,-90.75068024,17009.0,152.02189115232594,0.0,10,10,0,0,10,10,6556,0,0,0,0,0
2020-06-30,US,Illinois,Bureau,29,2,0,41.40385234,-89.5283051,17011.0,88.88071594949123,6.896551724137932,27,25,1,0,24,25,32993,4,1,0,3,0
2020-06-30,US,Illinois,Calhoun,1,0,0,39.16840183,-90.66330078,17013.0,21.101498206372653,0.0,1,1,0,0,1,1,4802,0,0,0,0,0
2020-06-30,US,Illinois,Carroll,21,2,0,42.06823429,-89.93395545,17015.0,146.8018175463125,9.523809523809524,19,21,2,0,19,21,14312,0,0,0,0,0
2020-06-30,US,Illinois,Cass,129,2,0,39.96991073,-90.24734436,17017.0,1061.9906149666583,1.5503875968992251,127,129,1,0,128,127,12260,0,1,0,-1,2
2020-06-30,US,Illinois,Champaign,860,12,0,40.13919438,-88.20046615,17019.0,410.1311942924999,1.3953488372093024,848,854,12,0,842,847,209983,6,0,0,6,7
2020-06-30,US,Illinois,Christian,43,4,0,39.54581621,-89.27780482,17021.0,133.1104507181773,9.30232558139535,39,43,4,0,39,43,32661,0,0,0,0,0
2020-06-30,US,Illinois,Clark,14,0,0,39.33425789,-87.78705622,17023.0,90.66770286898516,0.0,14,15,0,0,15,15,15596,-1,0,0,-1,0
2020-06-30,US,Illinois,Clay,2,0,0,38.75388572,-88.48914513,17025.0,15.169902912621357,0.0,2,2,0,0,2,2,13253,0,0,0,0,0
2020-06-30,US,Illinois,Clinton,236,17,0,38.60704876,-89.42385254,17027.0,628.2945530056973,7.203389830508474,219,236,17,0,219,233,37639,0,0,0,0,3
2020-06-30,US,Illinois,Coles,164,17,0,39.51949084,-88.22358557,17029.0,323.9762154046739,10.365853658536585,147,161,17,0,144,161,50885,3,0,0,3,0
2020-06-30,US,Illinois,Cook,90536,4565,0,41.84144849,-87.81658794,17031.0,1757.9010503019958,5.0421931607316415,85971,90122,4554,0,85568,89755,5180493,414,11,0,403,367
2020-06-30,US,Illinois,Crawford,18,0,0,39.0032229,-87.75954624,17033.0,96.42684952054428,0.0,18,18,0,0,18,18,18807,0,0,0,0,0
2020-06-30,US,Illinois,Cumberland,11,0,0,39.27432424,-88.2401158,17035.0,102.17350919561581,0.0,11,11,0,0,11,11,10808,0,0,0,0,0
2020-06-30,US,Illinois,De Witt,6,0,0,40.17514519,-88.90959682,17039.0,38.368077759304256,0.0,6,4,0,0,4,4,15769,2,0,0,2,0
2020-06-30,US,Illinois,DeKalb,550,18,0,41.89373302,-88.76958483,17037.0,524.3238605489195,3.272727272727273,532,542,18,0,524,541,104143,8,0,0,8,1
2020-06-30,US,Illinois,Douglas,52,0,0,39.76768052,-88.21854195,17041.0,267.14615977395323,0.0,52,50,0,0,50,48,19479,2,0,0,2,2
2020-06-30,US,Illinois,DuPage,9032,470,0,41.85116968,-88.08642662,17043.0,978.6319739175943,5.203720106288751,8562,8993,470,0,8523,8951,928589,39,0,0,39,42
2020-06-30,US,Illinois,Edgar,10,0,0,39.6809186,-87.74759563,17045.0,58.271662490530865,0.0,10,10,0,0,10,9,17360,0,0,0,0,1
2020-06-30,US,Illinois,Edwards,2,0,0,38.41353228,-88.05720863,17047.0,31.27443315089914,0.0,2,2,0,0,2,2,6392,0,0,0,0,0
2020-06-30,US,Illinois,Effingham,12,1,0,39.05935711,-88.58969584,17049.0,35.28581510232886,8.333333333333334,11,11,1,0,10,11,34208,1,0,0,1,0
2020-06-30,US,Illinois,Fayette,23,3,0,39.00072038,-89.02452658,17051.0,107.79902512185976,13.043478260869565,20,23,3,0,20,23,21416,0,0,0,0,0
2020-06-30,US,Illinois,Ford,31,1,0,40.59706922,-88.22350769,17053.0,239.17907568860429,3.2258064516129035,30,31,1,0,30,30,13264,0,0,0,0,1
2020-06-30,US,Illinois,Franklin,14,0,0,37.99189086,-88.92567818,17055.0,36.39293976968468,0.0,14,14,0,0,14,13,38701,0,0,0,0,1
2020-06-30,US,Illinois,Fulton,15,0,0,40.47289135,-90.20862357,17057.0,43.680838672102496,0.0,15,15,0,0,15,15,34844,0,0,0,0,0
2020-06-30,US,Illinois,Gallatin,2,0,0,37.76430935,-88.22953869,17059.0,41.42502071251035,0.0,2,2,0,0,2,2,5058,0,0,0,0,0
2020-06-30,US,Illinois,Greene,9,0,0,39.35907414,-90.388865,17061.0,69.39625260235947,0.0,9,9,0,0,9,9,13044,0,0,0,0,0
2020-06-30,US,Illinois,Grundy,162,4,0,41.28569601,-88.41905692,17063.0,317.3110823833588,2.469135802469136,158,160,4,0,156,160,50972,2,0,0,2,0
2020-06-30,US,Illinois,Hamilton,5,0,0,38.08163641,-88.53883373,17065.0,61.60670280926565,0.0,5,4,0,0,4,4,8163,1,0,0,1,0
2020-06-30,US,Illinois,Hancock,18,1,0,40.40423981,-91.16313899,17067.0,101.6489722159476,5.5555555555555545,17,18,1,0,17,18,17844,0,0,0,0,0
2020-06-30,US,Illinois,Hardin,1,0,0,37.51810645,-88.26873022,17069.0,26.17115938236064,0.0,1,1,0,0,1,1,3910,0,0,0,0,0
2020-06-30,US,Illinois,Henderson,8,0,0,40.81908672,-90.92491462,17071.0,120.37315678603672,0.0,8,8,0,0,8,8,6709,0,0,0,0,0
2020-06-30,US,Illinois,Henry,84,1,0,41.3533994,-90.13296166,17073.0,171.73348598532087,1.1904761904761905,83,86,1,0,85,83,49090,-2,0,0,-2,3
2020-06-30,US,Illinois,Iroquois,157,5,0,40.74717633,-87.82466784,17075.0,579.0366600280298,3.1847133757961785,152,157,5,0,152,156,27604,0,0,0,0,1
2020-06-30,US,Illinois,Jackson,332,19,0,37.78595185,-89.38232563,17077.0,585.022026431718,5.7228915662650595,313,329,19,0,310,329,57419,3,0,0,3,0
2020-06-30,US,Illinois,Jasper,46,7,0,39.01054275,-88.15437049,17079.0,478.6680541103018,15.217391304347824,39,46,7,0,39,46,9611,0,0,0,0,0
2020-06-30,US,Illinois,Jefferson,107,17,0,38.29980057,-88.9240025,17081.0,283.9401337437639,15.88785046728972,90,107,17,0,90,106,37820,0,0,0,0,1
2020-06-30,US,Illinois,Jersey,35,1,0,39.08869046,-90.35393073,17083.0,160.74955219767602,2.8571428571428568,34,35,1,0,34,35,21847,0,0,0,0,0
2020-06-30,US,Illinois,Jo Daviess,42,1,0,42.36542373,-90.21094405,17085.0,197.78667294560867,2.380952380952381,41,42,1,0,41,42,21366,0,0,0,0,0
2020-06-30,US,Illinois,Johnson,20,0,0,37.45939802,-88.88165419,17087.0,161.0695014898929,0.0,20,20,0,0,20,20,12456,0,0,0,0,0
2020-06-30,US,Illinois,Kane,7703,268,0,41.93842729,-88.42861412,17089.0,1446.8363251146218,3.4791639620926915,7435,7674,265,0,7409,7626,534216,29,3,0,26,48
2020-06-30,US,Illinois,Kankakee,1272,65,0,41.13746989,-87.86205334,17091.0,1157.8161693761265,5.1100628930817615,1207,1269,65,0,1204,1268,110024,3,0,0,3,1
2020-06-30,US,Illinois,Kendall,956,20,0,41.59081014,-88.42869583,17093.0,741.1427242421892,2.092050209205021,936,955,20,0,935,950,127915,1,0,0,1,5
2020-06-30,US,Illinois,Knox,130,0,0,40.93148779,-90.21330340000002,17095.0,261.5746795710175,0.0,130,125,0,0,125,124,50112,5,0,0,5,1
2020-06-30,US,Illinois,LaSalle,216,17,0,41.34426129999999,-88.88633881,17099.0,198.7687380945808,7.87037037037037,199,208,17,0,191,205,109430,8,0,0,8,3
2020-06-30,US,Illinois,Lake,9719,416,0,42.3224907,-88.00367925,17097.0,1395.335482064792,4.2802757485338,9303,9695,415,0,9280,9644,700832,24,1,0,23,51
2020-06-30,US,Illinois,Lawrence,7,0,0,38.71987914,-87.72884035,17101.0,44.64855211123868,0.0,7,7,0,0,7,7,15765,0,0,0,0,0
2020-06-30,US,Illinois,Lee,97,2,0,41.74583951,-89.29977132,17103.0,284.4908493664946,2.061855670103093,95,97,2,0,95,97,34223,0,0,0,0,0
2020-06-30,US,Illinois,Livingston,43,2,0,40.89188292,-88.55784752,17105.0,120.62387791741472,4.651162790697675,41,43,2,0,41,43,35761,0,0,0,0,0
2020-06-30,US,Illinois,Logan,14,0,0,40.12581572,-89.36638784,17107.0,48.920259976238725,0.0,14,13,0,0,13,13,28925,1,0,0,1,0
2020-06-30,US,Illinois,Macon,232,22,0,39.86064913,-88.96342505,17115.0,223.0576200136527,9.482758620689657,210,228,22,0,206,227,104712,4,0,0,4,1
2020-06-30,US,Illinois,Macoupin,51,3,0,39.26119767,-89.92424028,17117.0,113.5200106842363,5.882352941176472,48,51,3,0,48,51,45313,0,0,0,0,0
2020-06-30,US,Illinois,Madison,932,68,0,38.83042506,-89.90422563,17119.0,354.4184419278538,7.296137339055795,864,931,68,0,863,917,264461,1,0,0,1,14
2020-06-30,US,Illinois,Marion,65,0,0,38.64963204,-88.91899208,17121.0,174.7077005778793,0.0,65,65,0,0,65,65,37620,0,0,0,0,0
2020-06-30,US,Illinois,Marshall,8,0,0,41.0327901,-89.34510444,17123.0,69.94229760447631,0.0,8,8,0,0,8,8,11534,0,0,0,0,0
2020-06-30,US,Illinois,Mason,22,0,0,40.23917274,-89.91824452,17125.0,164.68298525338722,0.0,22,22,0,0,22,22,13565,0,0,0,0,0
2020-06-30,US,Illinois,Massac,11,0,0,37.22078441,-88.71036614,17127.0,79.87220447284345,0.0,11,11,0,0,11,11,14080,0,0,0,0,0
2020-06-30,US,Illinois,McDonough,100,15,0,40.45674722,-90.67775541,17109.0,336.9045212586753,15.0,85,100,15,0,85,100,29955,0,0,0,0,0
2020-06-30,US,Illinois,McHenry,2032,97,0,42.32451172,-88.45248227,17111.0,660.2247103394049,4.7736220472440944,1935,2010,97,0,1913,1999,308570,22,0,0,22,11
2020-06-30,US,Illinois,McLean,260,13,0,40.48996987,-88.84621113,17113.0,151.58847227971572,5.0,247,257,13,0,244,257,172828,3,0,0,3,0
2020-06-30,US,Illinois,Menard,25,0,0,40.02742725,-89.80246001,17129.0,204.9852410626435,0.0,25,24,0,0,24,24,12288,1,0,0,1,0
2020-06-30,US,Illinois,Mercer,20,0,0,41.20596782,-90.74290052,17131.0,129.55885210857028,0.0,20,19,0,0,19,19,15601,1,0,0,1,0
2020-06-30,US,Illinois,Monroe,127,13,0,38.27594376,-90.17761038,17133.0,366.65993013251733,10.236220472440944,114,126,13,0,113,123,34335,1,0,0,1,3
2020-06-30,US,Illinois,Montgomery,44,1,0,39.23198845,-89.47809254,17135.0,154.85324135989305,2.272727272727273,43,42,1,0,41,41,28601,2,0,0,2,1
2020-06-30,US,Illinois,Morgan,128,3,0,39.71654544,-90.20255104,17137.0,380.29591776100784,2.34375,125,127,3,0,124,126,33976,1,0,0,1,1
2020-06-30,US,Illinois,Moultrie,17,0,0,39.64187451,-88.62099969,17139.0,117.23329425556858,0.0,17,17,0,0,17,17,14717,0,0,0,0,0
2020-06-30,US,Illinois,Ogle,261,4,0,42.04165196,-89.32184679,17141.0,515.3723120668207,1.5325670498084292,257,256,4,0,252,252,50923,5,0,0,5,4
2020-06-30,US,Illinois,Out of IL,1,0,0,0.0,0.0,80017.0,0.0,0.0,1,1,0,0,1,,,0,0,0,0,
2020-06-30,US,Illinois,Peoria,487,28,0,40.78702156,-89.76078901,17143.0,271.795243862283,5.749486652977412,459,487,28,0,459,475,180621,0,0,0,0,12
2020-06-30,US,Illinois,Perry,51,1,0,38.08510853,-89.36856219,17145.0,243.83247274813542,1.96078431372549,50,50,1,0,49,49,21174,1,0,0,1,1
2020-06-30,US,Illinois,Piatt,19,0,0,40.01360584,-88.59319339,17147.0,116.25061184532551,0.0,19,19,0,0,19,19,16396,0,0,0,0,0
2020-06-30,US,Illinois,Pike,2,0,0,39.62265059,-90.8877017,17149.0,12.852644431591802,0.0,2,2,0,0,2,2,15611,0,0,0,0,0
2020-06-30,US,Illinois,Pope,1,0,0,37.41391284,-88.56152109,17151.0,23.94062724443381,0.0,1,1,0,0,1,1,4212,0,0,0,0,0
2020-06-30,US,Illinois,Pulaski,74,0,0,37.22631423,-89.13085001,17153.0,1387.0665417057169,0.0,74,74,0,0,74,74,5463,0,0,0,0,0
2020-06-30,US,Illinois,Putnam,1,0,0,41.2013541,-89.2869272,17155.0,17.424638438752392,0.0,1,1,0,0,1,1,5740,0,0,0,0,0
2020-06-30,US,Illinois,Randolph,285,7,0,38.05095369,-89.82512254,17157.0,896.7340003775722,2.456140350877193,278,281,7,0,274,279,32106,4,0,0,4,2
2020-06-30,US,Illinois,Richland,4,0,0,38.71240969,-88.08475366,17159.0,25.78482563011668,0.0,4,4,0,0,4,4,15763,0,0,0,0,0
2020-06-30,US,Illinois,Rock Island,925,29,0,41.46613806,-90.57042164,17161.0,651.9639974908198,3.135135135135135,896,912,28,0,884,899,143477,13,1,0,12,13
2020-06-30,US,Illinois,Saline,9,0,0,37.75332999,-88.54119706,17165.0,38.31254523008812,0.0,9,9,0,0,9,9,23906,0,0,0,0,0
2020-06-30,US,Illinois,Sangamon,426,31,0,39.75836914,-89.65872023,17167.0,218.82962110627102,7.276995305164318,395,419,31,0,388,411,195348,7,0,0,7,8
2020-06-30,US,Illinois,Schuyler,13,0,0,40.1571798,-90.61114163,17169.0,192.08037825059105,0.0,13,13,0,0,13,13,6907,0,0,0,0,0
2020-06-30,US,Illinois,Shelby,18,1,0,39.39133527,-88.80611122,17173.0,83.2023666450957,5.5555555555555545,17,18,1,0,17,18,21741,0,0,0,0,0
2020-06-30,US,Illinois,St. Clair,1874,135,0,38.46996033,-89.93063427,17163.0,721.6407507528322,7.20384204909285,1739,1863,135,0,1728,1801,261059,11,0,0,11,62
2020-06-30,US,Illinois,Stark,3,0,0,41.09309773,-89.79745866,17175.0,56.15874204417821,0.0,3,3,0,0,3,3,5427,0,0,0,0,0
2020-06-30,US,Illinois,Stephenson,270,5,0,42.35129217,-89.662598,17177.0,606.76884354353,1.851851851851852,265,268,5,0,263,268,44753,2,0,0,2,0
2020-06-30,US,Illinois,Tazewell,127,8,0,40.50716185,-89.51404662,17179.0,96.35592513068748,6.299212598425197,119,122,7,0,115,120,132328,5,1,0,4,2
2020-06-30,US,Illinois,Unassigned,48,0,0,0.0,0.0,90017.0,0.0,0.0,48,43,0,0,43,29,,5,0,0,5,14
2020-06-30,US,Illinois,Union,188,19,0,37.47119609,-89.25548938,17181.0,1128.9257190896535,10.106382978723405,169,184,19,0,165,184,16841,4,0,0,4,0
2020-06-30,US,Illinois,Vermilion,65,2,0,40.18417171,-87.73384359,17183.0,85.79951952269067,3.0769230769230766,63,66,2,0,64,65,76806,-1,0,0,-1,1
2020-06-30,US,Illinois,Wabash,22,0,0,38.44272901,-87.84922065,17185.0,190.97222222222226,0.0,22,22,0,0,22,22,11549,0,0,0,0,0
2020-06-30,US,Illinois,Warren,136,0,0,40.84925021,-90.6147432,17187.0,807.4091664687722,0.0,136,135,0,0,135,135,17032,1,0,0,1,0
2020-06-30,US,Illinois,Washington,19,0,0,38.35309213,-89.40982703,17189.0,136.81860733059696,0.0,19,19,0,0,19,19,13995,0,0,0,0,0
2020-06-30,US,Illinois,Wayne,14,1,0,38.42955355,-88.42586459,17191.0,86.33980881899475,7.142857142857142,13,13,1,0,12,12,16332,1,0,0,1,1
2020-06-30,US,Illinois,White,4,0,0,38.08706198,-88.17657461,17193.0,29.548644455935587,0.0,4,4,0,0,4,4,13665,0,0,0,0,0
2020-06-30,US,Illinois,Whiteside,186,15,0,41.75509713,-89.91556058,17195.0,337.10919800634343,8.064516129032258,171,183,15,0,168,183,55626,3,0,0,3,0
2020-06-30,US,Illinois,Will,6686,319,0,41.44619267,-87.97862712,17197.0,967.9432147701823,4.771163625486089,6367,6635,319,0,6316,6608,692310,51,0,0,51,27
2020-06-30,US,Illinois,Williamson,115,4,0,37.73033511,-88.92994027,17199.0,172.6804510713696,3.4782608695652173,111,114,4,0,110,113,67056,1,0,0,1,1
2020-06-30,US,Illinois,Winnebago,3030,94,0,42.33641854,-89.16085327,17201.0,1072.2930792859872,3.1023102310231017,2936,3014,92,0,2922,3004,284081,16,2,0,14,10
2020-06-30,US,Illinois,Woodford,33,2,0,40.78579374,-89.20973757,17203.0,85.80566317376946,6.0606060606060606,31,33,2,0,31,33,38463,0,0,0,0,0
2020-06-30,US,Indiana,Adams,45,1,0,40.7457653,-84.93671406,18001.0,125.77913184448109,2.2222222222222223,44,45,1,0,44,44,35636,0,0,0,0,1
2020-06-30,US,Indiana,Allen,2649,110,0,41.09194313,-85.06800636,18003.0,698.3936155908663,4.152510381275953,2539,2621,106,0,2515,2598,375351,28,4,0,24,23
2020-06-30,US,Indiana,Bartholomew,578,44,0,39.20744865,-85.89558181,18005.0,689.9103593979397,7.612456747404845,534,578,44,0,534,577,82753,0,0,0,0,1
2020-06-30,US,Indiana,Benton,47,0,0,40.60626947,-87.31093999,18007.0,537.2656607224509,0.0,47,46,0,0,46,46,8653,1,0,0,1,0
2020-06-30,US,Indiana,Blackford,35,2,0,40.47388153,-85.32499702,18009.0,297.6696717128763,5.7142857142857135,33,35,2,0,33,35,11930,0,0,0,0,0
2020-06-30,US,Indiana,Boone,421,42,0,40.0509304,-86.46841646,18011.0,620.5503883967395,9.97624703087886,379,416,41,0,375,411,66999,5,1,0,4,5
2020-06-30,US,Indiana,Brown,38,1,0,39.19605589,-86.22868909,18013.0,251.78902729923138,2.631578947368421,37,38,1,0,37,38,15234,0,0,0,0,0
2020-06-30,US,Indiana,Carroll,108,2,0,40.580783200000006,-86.56198812,18015.0,533.1490349015155,1.851851851851852,106,107,2,0,105,107,20127,1,0,0,1,0
2020-06-30,US,Indiana,Cass,1636,9,0,40.76135835,-86.34830753,18017.0,4340.789089654806,0.5501222493887531,1627,1636,9,0,1627,1635,37955,0,0,0,0,1
2020-06-30,US,Indiana,Clark,616,44,0,38.48015445,-85.70510334,18019.0,520.701256107251,7.142857142857142,572,614,44,0,570,613,117360,2,0,0,2,1
2020-06-30,US,Indiana,Clay,59,4,0,39.39561833,-87.11723506,18021.0,224.97616777883698,6.779661016949151,55,59,4,0,55,59,26170,0,0,0,0,0
2020-06-30,US,Indiana,Clinton,279,2,0,40.30319754,-86.47277257,18023.0,861.1376894348591,0.7168458781362007,277,278,1,0,277,277,32250,1,1,0,0,1
2020-06-30,US,Indiana,Crawford,29,0,0,38.28814402,-86.44518825,18025.0,274.1798241467335,0.0,29,28,0,0,28,28,10558,1,0,0,1,0
2020-06-30,US,Indiana,Daviess,138,16,0,38.70186039,-87.07185406,18027.0,413.7806962309976,11.594202898550725,122,135,16,0,119,134,33147,3,0,0,3,1
2020-06-30,US,Indiana,DeKalb,157,4,0,41.39804622,-84.99906934,18033.0,361.12708453133996,2.5477707006369426,153,156,4,0,152,155,43226,1,0,0,1,1
2020-06-30,US,Indiana,Dearborn,203,22,0,39.14647946,-84.97333539,18029.0,410.4492700877512,10.83743842364532,181,199,22,0,177,198,49568,4,0,0,4,1
2020-06-30,US,Indiana,Decatur,243,32,0,39.30712658,-85.50087166,18031.0,914.9440867502542,13.168724279835393,211,242,32,0,210,241,26794,1,0,0,1,1
2020-06-30,US,Indiana,Delaware,425,48,0,40.22787247,-85.39732772,18035.0,372.3660577386429,11.294117647058822,377,423,48,0,375,422,114772,2,0,0,2,1
2020-06-30,US,Indiana,Dubois,259,6,0,38.36597551,-86.87924170000002,18037.0,606.0464245600897,2.3166023166023164,253,258,6,0,252,258,42565,1,0,0,1,0
2020-06-30,US,Indiana,Elkhart,3041,43,0,41.59761169,-85.85875695,18039.0,1473.7739954735125,1.4140085498191384,2998,3003,42,0,2961,2976,205560,38,1,0,37,27
2020-06-30,US,Indiana,Fayette,95,7,0,39.63684962,-85.17797541,18041.0,411.21980780884763,7.36842105263158,88,95,7,0,88,95,23047,0,0,0,0,0
2020-06-30,US,Indiana,Floyd,362,44,0,38.32117957,-85.90385377,18043.0,461.0172945161866,12.154696132596685,318,358,44,0,314,357,77781,4,0,0,4,1
2020-06-30,US,Indiana,Fountain,28,2,0,40.12361933,-87.24217689,18045.0,171.29572984216318,7.142857142857142,26,28,2,0,26,27,16351,0,0,0,0,1
2020-06-30,US,Indiana,Franklin,124,8,0,39.4142482,-85.06062647,18047.0,544.8633447578874,6.451612903225807,116,124,8,0,116,124,22736,0,0,0,0,0
2020-06-30,US,Indiana,Fulton,66,1,0,41.0469907,-86.26252745,18049.0,330.42955842595376,1.5151515151515151,65,65,1,0,64,65,20092,1,0,0,1,0
2020-06-30,US,Indiana,Gibson,41,2,0,38.30393723,-87.58054938,18051.0,121.80991710983689,4.878048780487805,39,36,2,0,34,32,33452,5,0,0,5,4
2020-06-30,US,Indiana,Grant,285,26,0,40.51587228,-85.65468702,18053.0,433.3348538065046,9.12280701754386,259,283,26,0,257,283,65936,2,0,0,2,0
2020-06-30,US,Indiana,Greene,184,31,0,39.03630547,-86.96223202,18055.0,576.4049871561932,16.847826086956523,153,183,31,0,152,183,32006,1,0,0,1,0
2020-06-30,US,Indiana,Hamilton,1463,100,0,40.07306535,-86.05244729,18057.0,432.826150628234,6.83526999316473,1363,1447,98,0,1349,1432,330086,16,2,0,14,15
2020-06-30,US,Indiana,Hancock,418,35,0,39.82304555,-85.77566351,18059.0,534.7456759799406,8.373205741626794,383,413,35,0,378,408,76351,5,0,0,5,5
2020-06-30,US,Indiana,Harrison,208,22,0,38.19467379,-86.10948271,18061.0,513.3901024311983,10.576923076923077,186,206,22,0,184,205,40350,2,0,0,2,1
2020-06-30,US,Indiana,Hendricks,1366,99,0,39.76719009,-86.51037283,18063.0,802.0621099048213,7.247437774524157,1267,1361,99,0,1262,1358,167009,5,0,0,5,3
2020-06-30,US,Indiana,Henry,235,15,0,39.93029017,-85.39625719,18065.0,489.86909030267657,6.382978723404255,220,232,15,0,217,220,48271,3,0,0,3,12
2020-06-30,US,Indiana,Howard,542,56,0,40.48527731,-86.11351892,18067.0,656.619499903082,10.33210332103321,486,538,55,0,483,537,82366,4,1,0,3,1
2020-06-30,US,Indiana,Huntington,70,2,0,40.82907273,-85.48822092,18069.0,191.6757940854326,2.8571428571428568,68,70,2,0,68,67,36240,0,0,0,0,3
2020-06-30,US,Indiana,Jackson,454,3,0,38.90915820000001,-86.03851889,18071.0,1026.429427324727,0.6607929515418502,451,451,3,0,448,446,44111,3,0,0,3,5
2020-06-30,US,Indiana,Jasper,107,2,0,41.02078733,-87.11553319,18073.0,318.81294320958233,1.8691588785046729,105,107,2,0,105,106,33370,0,0,0,0,1
2020-06-30,US,Indiana,Jay,67,0,0,40.43781032,-85.00576229,18075.0,327.8528087688393,0.0,67,66,0,0,66,65,20764,1,0,0,1,1
2020-06-30,US,Indiana,Jefferson,64,1,0,38.78576239,-85.43633383,18077.0,198.09335149189056,1.5625,63,63,1,0,62,63,32208,1,0,0,1,0
2020-06-30,US,Indiana,Jennings,169,10,0,38.99588883,-85.62710784,18079.0,609.3383811069046,5.9171597633136095,159,170,9,0,161,168,27611,-1,1,0,-2,2
2020-06-30,US,Indiana,Johnson,1232,118,0,39.48994426,-86.10149107,18081.0,778.9235428376337,9.57792207792208,1114,1231,117,0,1114,1227,156225,1,1,0,0,4
2020-06-30,US,Indiana,Knox,62,0,0,38.68861576,-87.4194665,18083.0,169.4266819697218,0.0,62,59,0,0,59,58,36895,3,0,0,3,1
2020-06-30,US,Indiana,Kosciusko,484,2,0,41.24521668,-85.86312322,18085.0,609.1421667337897,0.4132231404958678,482,477,2,0,475,468,79344,7,0,0,7,9
2020-06-30,US,Indiana,LaGrange,456,6,0,41.64232188,-85.42674232,18087.0,1151.1081940728025,1.3157894736842106,450,449,6,0,443,446,39330,7,0,0,7,3
2020-06-30,US,Indiana,LaPorte,534,25,0,41.54366008,-86.74072188,18091.0,485.94933022714036,4.681647940074907,509,522,25,0,497,521,110007,12,0,0,12,1
2020-06-30,US,Indiana,Lake,4847,239,0,41.41874274,-87.38277575,18089.0,998.3666087873564,4.93088508355684,4608,4781,239,0,4542,4741,484411,66,0,0,66,40
2020-06-30,US,Indiana,Lawrence,229,24,0,38.84112637,-86.48361629,18093.0,504.73881419440164,10.480349344978166,205,218,24,0,194,217,45668,11,0,0,11,1
2020-06-30,US,Indiana,Madison,642,63,0,40.16143691,-85.71964711,18095.0,495.48889008945036,9.813084112149532,579,642,63,0,579,639,129641,0,0,0,0,3
2020-06-30,US,Indiana,Marion,11329,679,0,39.78163624,-86.13826325,18097.0,1174.4983837558652,5.993468090740577,10650,11279,677,0,10602,11236,954670,50,2,0,48,43
2020-06-30,US,Indiana,Marshall,409,3,0,41.32467367,-86.26185087,18099.0,884.1713865709715,0.7334963325183375,406,407,3,0,404,403,46248,2,0,0,2,4
2020-06-30,US,Indiana,Martin,22,0,0,38.7099921,-86.80373186,18101.0,214.5294978059483,0.0,22,24,0,0,24,22,10217,-2,0,0,-2,2
2020-06-30,US,Indiana,Miami,180,2,0,40.76940965,-86.04525048,18103.0,506.8138303863048,1.1111111111111112,178,180,2,0,178,179,35567,0,0,0,0,1
2020-06-30,US,Indiana,Monroe,244,28,0,39.16130004,-86.52414358,18105.0,164.38614575122446,11.475409836065571,216,237,28,0,209,233,146917,7,0,0,7,4
2020-06-30,US,Indiana,Montgomery,285,20,0,40.04034823,-86.89335024,18107.0,743.3877614899055,7.0175438596491215,265,284,20,0,264,281,38346,1,0,0,1,3
2020-06-30,US,Indiana,Morgan,318,31,0,39.47899078,-86.44573375,18109.0,451.13421952361364,9.748427672955977,287,316,31,0,285,314,70116,2,0,0,2,2
2020-06-30,US,Indiana,Newton,94,10,0,40.95610449,-87.39635768,18111.0,672.1967963386727,10.638297872340424,84,93,10,0,83,93,14011,1,0,0,1,0
2020-06-30,US,Indiana,Noble,434,28,0,41.39672484,-85.41966713,18113.0,909.014745308311,6.451612903225807,406,431,28,0,403,427,47532,3,0,0,3,4
2020-06-30,US,Indiana,Ohio,14,0,0,38.955305,-84.96515993,18115.0,238.29787234042556,0.0,14,14,0,0,14,14,5844,0,0,0,0,0
2020-06-30,US,Indiana,Orange,133,23,0,38.54118920000001,-86.49523093,18117.0,676.9825918762089,17.29323308270677,110,133,23,0,110,133,19489,0,0,0,0,0
2020-06-30,US,Indiana,Owen,43,1,0,39.31145587,-86.83900724,18119.0,206.74070868791767,2.3255813953488373,42,43,1,0,42,43,20845,0,0,0,0,0
2020-06-30,US,Indiana,Parke,22,0,0,39.77202286,-87.20375833,18121.0,129.89313337663106,0.0,22,22,0,0,22,22,16927,0,0,0,0,0
2020-06-30,US,Indiana,Perry,118,8,0,38.07809328,-86.63741946,18123.0,615.5772340758516,6.779661016949151,110,119,7,0,112,118,19102,-1,1,0,-2,1
2020-06-30,US,Indiana,Pike,6,0,0,38.40112197,-87.23574907,18125.0,48.43005892323836,0.0,6,6,0,0,6,6,12410,0,0,0,0,0
2020-06-30,US,Indiana,Porter,680,36,0,41.45986947,-87.06848888,18127.0,399.08679550909983,5.294117647058823,644,676,36,0,640,668,169594,4,0,0,4,8
2020-06-30,US,Indiana,Posey,32,0,0,38.02097333,-87.86480429,18129.0,125.8504739056908,0.0,32,30,0,0,30,29,25540,2,0,0,2,1
2020-06-30,US,Indiana,Pulaski,59,1,0,41.04166107,-86.69890683,18131.0,477.6167732534607,1.6949152542372878,58,55,1,0,54,55,12469,4,0,0,4,0
2020-06-30,US,Indiana,Putnam,165,8,0,39.66437981,-86.84517605,18133.0,439.11007025761126,4.848484848484849,157,164,8,0,156,162,37779,1,0,0,1,2
2020-06-30,US,Indiana,Randolph,76,4,0,40.15734772,-85.01139319,18135.0,308.1289276302453,5.2631578947368425,72,75,4,0,71,75,24851,1,0,0,1,0
2020-06-30,US,Indiana,Ripley,112,7,0,39.10235626,-85.26212744,18137.0,395.4243750882644,6.25,105,112,7,0,105,112,28523,0,0,0,0,0
2020-06-30,US,Indiana,Rush,56,3,0,39.62002287,-85.4655599,18139.0,337.7359628490441,5.357142857142857,53,53,3,0,50,53,16663,3,0,0,3,0
2020-06-30,US,Indiana,Scott,154,7,0,38.68672078,-85.74627859,18143.0,645.0802161437607,4.545454545454546,147,154,6,0,148,154,23878,0,1,0,-1,0
2020-06-30,US,Indiana,Shelby,414,25,0,39.52305623,-85.79158570000001,18145.0,925.5740123857007,6.038647342995169,389,413,25,0,388,412,44593,1,0,0,1,1
2020-06-30,US,Indiana,Spencer,30,1,0,38.01519732,-87.0079644,18147.0,147.95088030773783,3.333333333333333,29,30,1,0,29,30,20327,0,0,0,0,0
2020-06-30,US,Indiana,St. Joseph,1830,65,0,41.61756781,-86.29040834,18141.0,673.2247835012104,3.551912568306011,1765,1819,65,0,1754,1812,270771,11,0,0,11,7
2020-06-30,US,Indiana,Starke,68,3,0,41.27890281,-86.64686895,18149.0,295.7164601000217,4.411764705882354,65,67,3,0,64,66,22935,1,0,0,1,1
2020-06-30,US,Indiana,Steuben,123,2,0,41.64423868,-85.00101094,18151.0,355.5529860669481,1.6260162601626016,121,121,2,0,119,120,34586,2,0,0,2,1
2020-06-30,US,Indiana,Sullivan,45,1,0,39.08952258,-87.41414469,18153.0,217.7173544922348,2.2222222222222223,44,45,1,0,44,45,20690,0,0,0,0,0
2020-06-30,US,Indiana,Switzerland,24,0,0,38.82767338,-85.03022429,18155.0,223.23504790252068,0.0,24,23,0,0,23,23,10717,1,0,0,1,0
2020-06-30,US,Indiana,Tippecanoe,633,8,0,40.38872739,-86.89413959,18157.0,323.4013855680216,1.263823064770932,625,624,8,0,616,609,193048,9,0,0,9,15
2020-06-30,US,Indiana,Tipton,30,1,0,40.31123252,-86.05234925,18159.0,198.045946659625,3.333333333333333,29,30,1,0,29,30,15128,0,0,0,0,0
2020-06-30,US,Indiana,Unassigned,0,192,0,0.0,0.0,90018.0,0.0,0.0,-192,0,192,0,-192,0,,0,0,0,0,0
2020-06-30,US,Indiana,Union,13,0,0,39.62550777,-84.92497066,18161.0,184.2925999432946,0.0,13,13,0,0,13,13,7037,0,0,0,0,0
2020-06-30,US,Indiana,Vanderburgh,413,6,0,38.02658833,-87.58763124,18163.0,227.6096577037327,1.452784503631961,407,407,6,0,401,400,180974,6,0,0,6,7
2020-06-30,US,Indiana,Vermillion,13,0,0,39.8523352,-87.46160542,18165.0,83.88179119886435,0.0,13,13,0,0,13,13,15479,0,0,0,0,0
2020-06-30,US,Indiana,Vigo,222,8,0,39.42944561,-87.39169027,18167.0,207.40297838150937,3.603603603603604,214,220,8,0,212,218,107386,2,0,0,2,2
2020-06-30,US,Indiana,Wabash,107,2,0,40.84704239,-85.79328272,18169.0,345.20583301071105,1.8691588785046729,105,106,2,0,104,106,31280,1,0,0,1,0
2020-06-30,US,Indiana,Warren,14,1,0,40.34728141,-87.35602659,18171.0,169.38898971566852,7.142857142857142,13,14,1,0,13,14,8263,0,0,0,0,0
2020-06-30,US,Indiana,Warrick,196,29,0,38.08922676,-87.2716085,18173.0,311.120987967872,14.79591836734694,167,194,29,0,165,190,62567,2,0,0,2,4
2020-06-30,US,Indiana,Washington,64,1,0,38.60219804,-86.1049363,18175.0,228.27792837779998,1.5625,63,63,1,0,62,63,27943,1,0,0,1,0
2020-06-30,US,Indiana,Wayne,127,6,0,39.8633444,-85.01044989,18177.0,192.76303806690547,4.724409448818896,121,126,6,0,120,124,65936,1,0,0,1,2
2020-06-30,US,Indiana,Wells,67,1,0,40.72934187,-85.22132966,18179.0,236.7825841108284,1.492537313432836,66,67,1,0,66,67,28206,0,0,0,0,0
2020-06-30,US,Indiana,White,257,10,0,40.74911165,-86.86492015,18181.0,1066.301551738445,3.891050583657588,247,255,10,0,245,255,24133,2,0,0,2,0
2020-06-30,US,Indiana,Whitley,79,4,0,41.13863784,-85.50791236,18183.0,232.59922270639498,5.063291139240507,75,79,4,0,75,78,34074,0,0,0,0,1
2020-06-30,US,Iowa,Adair,15,0,0,41.33075609,-94.47105874,19001.0,209.7315436241611,0.0,15,15,0,0,15,15,7063,0,0,0,0,0
2020-06-30,US,Iowa,Adams,8,0,0,41.02903567,-94.69932645,19003.0,222.0988339811216,0.0,8,8,0,0,8,8,3645,0,0,0,0,0
2020-06-30,US,Iowa,Allamakee,124,4,0,43.28383218,-91.37860922,19005.0,905.9691678234822,3.2258064516129035,120,123,4,0,119,123,13832,1,0,0,1,0
2020-06-30,US,Iowa,Appanoose,20,3,0,40.74324454,-92.86865906,19007.0,160.95284081764044,15.0,17,20,3,0,17,20,12437,0,0,0,0,0
2020-06-30,US,Iowa,Audubon,17,1,0,41.6844628,-94.90581859,19009.0,309.315866084425,5.882352941176472,16,17,1,0,16,17,5506,0,0,0,0,0
2020-06-30,US,Iowa,Benton,58,1,0,42.08011739,-92.06463573,19011.0,226.16494443361282,1.7241379310344829,57,58,1,0,57,56,25642,0,0,0,0,2
2020-06-30,US,Iowa,Black Hawk,2095,57,0,42.4704581,-92.30524729,19013.0,1596.4580729722315,2.720763723150358,2038,2079,57,0,2022,2059,132408,16,0,0,16,20
2020-06-30,US,Iowa,Boone,136,1,0,42.03657094,-93.9313999,19015.0,518.4112220782191,0.7352941176470589,135,135,1,0,134,134,26346,1,0,0,1,1
2020-06-30,US,Iowa,Bremer,87,6,0,42.77461496,-92.31795937,19017.0,347.1390950442902,6.896551724137932,81,87,6,0,81,86,24947,0,0,0,0,1
2020-06-30,US,Iowa,Buchanan,45,1,0,42.4709188,-91.83510825,19019.0,212.51475796930345,2.2222222222222223,44,44,1,0,43,43,21199,1,0,0,1,1
2020-06-30,US,Iowa,Buena Vista,1695,11,0,42.73545875,-95.15100162,19021.0,8639.14373088685,0.6489675516224189,1684,1694,11,0,1683,1692,19874,1,0,0,1,2
2020-06-30,US,Iowa,Butler,45,2,0,42.73172833,-92.79015971,19023.0,311.6559318512363,4.4444444444444455,43,45,2,0,43,42,14539,0,0,0,0,3
2020-06-30,US,Iowa,Calhoun,44,2,0,42.38521079,-94.64046046,19025.0,455.1096400496483,4.545454545454546,42,43,1,0,42,41,9699,1,1,0,0,2
2020-06-30,US,Iowa,Carroll,82,1,0,42.03617207,-94.86032705,19027.0,406.64517728737917,1.2195121951219512,81,82,1,0,81,79,20154,0,0,0,0,3
2020-06-30,US,Iowa,Cass,17,0,0,41.33149454,-94.92792482,19029.0,132.44001246494236,0.0,17,17,0,0,17,17,12930,0,0,0,0,0
2020-06-30,US,Iowa,Cedar,75,1,0,41.77233777,-91.13246684,19031.0,402.6413271058141,1.3333333333333333,74,74,1,0,73,71,18627,1,0,0,1,3
2020-06-30,US,Iowa,Cerro Gordo,99,1,0,43.08177563,-93.2612239,19033.0,233.21554770318025,1.0101010101010102,98,99,1,0,98,93,42647,0,0,0,0,6
2020-06-30,US,Iowa,Cherokee,72,0,0,42.73538914,-95.62389402,19035.0,640.8544726301735,0.0,72,71,0,0,71,71,11321,1,0,0,1,0
2020-06-30,US,Iowa,Chickasaw,25,0,0,43.06001295,-92.31773347,19037.0,209.50305874465766,0.0,25,25,0,0,25,24,11964,0,0,0,0,1
2020-06-30,US,Iowa,Clarke,125,2,0,41.02868181,-93.78499767,19039.0,1330.4949441192125,1.6,123,123,2,0,121,123,9423,2,0,0,2,0
2020-06-30,US,Iowa,Clay,121,0,0,43.08247182,-95.15096481,19041.0,755.4945054945055,0.0,121,119,0,0,119,119,16134,2,0,0,2,0
2020-06-30,US,Iowa,Clayton,39,3,0,42.84443388,-91.34133693,19043.0,222.23488517864263,7.6923076923076925,36,38,3,0,35,39,17556,1,0,0,1,-1
2020-06-30,US,Iowa,Clinton,95,1,0,41.89981633,-90.53275096,19045.0,204.61349587542267,1.0526315789473684,94,92,1,0,91,88,46518,3,0,0,3,4
2020-06-30,US,Iowa,Crawford,666,2,0,42.03718237,-95.3819718,19047.0,3959.571938168847,0.3003003003003003,664,667,2,0,665,661,17158,-1,0,0,-1,6
2020-06-30,US,Iowa,Dallas,1175,29,0,41.68560356,-94.04127625,19049.0,1257.3165120434871,2.4680851063829787,1146,1173,29,0,1144,1172,90180,2,0,0,2,1
2020-06-30,US,Iowa,Davis,37,1,0,40.74773536,-92.41005468,19051.0,411.11111111111114,2.702702702702702,36,37,1,0,36,37,9017,0,0,0,0,0
2020-06-30,US,Iowa,Decatur,10,0,0,40.73742757,-93.78645949,19053.0,127.06480304955528,0.0,10,9,0,0,9,9,7890,1,0,0,1,0
2020-06-30,US,Iowa,Delaware,41,1,0,42.47104597,-91.3664492,19055.0,241.02051613661752,2.4390243902439024,40,40,1,0,39,41,17069,1,0,0,1,-1
2020-06-30,US,Iowa,Des Moines,84,3,0,40.92012606,-91.18326592,19057.0,215.5670182462084,3.571428571428572,81,84,2,0,82,84,39138,0,1,0,-1,0
2020-06-30,US,Iowa,Dickinson,241,2,0,43.37787725,-95.1510206,19059.0,1396.4538185189474,0.8298755186721992,239,239,2,0,237,237,17153,2,0,0,2,2
2020-06-30,US,Iowa,Dubuque,512,22,0,42.46815349,-90.88181925,19061.0,526.1481230282292,4.296875,490,501,22,0,479,500,96854,11,0,0,11,1
2020-06-30,US,Iowa,Emmet,75,0,0,43.37782951,-94.67858943,19063.0,814.509122502172,0.0,75,75,0,0,75,75,9253,0,0,0,0,0
2020-06-30,US,Iowa,Fayette,33,0,0,42.86271799,-91.8441231,19065.0,167.9389312977099,0.0,33,32,0,0,32,31,19660,1,0,0,1,1
2020-06-30,US,Iowa,Floyd,65,2,0,43.06000529999999,-92.78940097,19067.0,415.5478839023143,3.0769230769230766,63,65,2,0,63,64,15761,0,0,0,0,1
2020-06-30,US,Iowa,Franklin,75,0,0,42.73270384,-93.26256925,19069.0,744.7864945382323,0.0,75,74,0,0,74,74,10124,1,0,0,1,0
2020-06-30,US,Iowa,Fremont,7,0,0,40.74542720000001,-95.60129045,19071.0,100.57471264367815,0.0,7,7,0,0,7,7,6993,0,0,0,0,0
2020-06-30,US,Iowa,Greene,28,0,0,42.03614551,-94.39658081,19073.0,315.031503150315,0.0,28,28,0,0,28,28,8981,0,0,0,0,0
2020-06-30,US,Iowa,Grundy,33,0,0,42.40183723,-92.78829551,19075.0,269.7841726618705,0.0,33,33,0,0,33,30,12304,0,0,0,0,3
2020-06-30,US,Iowa,Guthrie,64,4,0,41.68378965,-94.50111014,19077.0,598.7463747778088,6.25,60,64,4,0,60,64,10720,0,0,0,0,0
2020-06-30,US,Iowa,Hamilton,185,1,0,42.38382428,-93.70197703,19079.0,1252.2845732078792,0.5405405405405406,184,183,1,0,182,182,14952,2,0,0,2,1
2020-06-30,US,Iowa,Hancock,47,0,0,43.08178477,-93.73454884,19081.0,442.1448730009407,0.0,47,46,0,0,46,45,10712,1,0,0,1,1
2020-06-30,US,Iowa,Hardin,63,0,0,42.38353877,-93.23654611,19083.0,373.9760180458269,0.0,63,66,0,0,66,65,16868,-3,0,0,-3,1
2020-06-30,US,Iowa,Harrison,50,0,0,41.68330137,-95.81558439,19085.0,355.89721688376403,0.0,50,49,0,0,49,49,14134,1,0,0,1,0
2020-06-30,US,Iowa,Henry,82,3,0,40.98767962,-91.54436349,19087.0,410.94517389996986,3.6585365853658534,79,81,3,0,78,81,20067,1,0,0,1,0
2020-06-30,US,Iowa,Howard,22,0,0,43.35671042,-92.31702714,19089.0,240.2271238261629,0.0,22,21,0,0,21,21,9187,1,0,0,1,0
2020-06-30,US,Iowa,Humboldt,48,1,0,42.7764426,-94.20722537,19091.0,502.19711236660385,2.083333333333333,47,48,1,0,47,46,9547,0,0,0,0,2
2020-06-30,US,Iowa,Ida,22,0,0,42.38696136,-95.51355387,19093.0,320.6997084548105,0.0,22,21,0,0,21,21,6841,1,0,0,1,0
2020-06-30,US,Iowa,Iowa,47,0,0,41.68630265,-92.0643373,19095.0,290.4102817597627,0.0,47,47,0,0,47,47,16141,0,0,0,0,0
2020-06-30,US,Iowa,Jackson,24,0,0,42.17178824,-90.57354837,19097.0,123.46314110808169,0.0,24,23,0,0,23,23,19432,1,0,0,1,0
2020-06-30,US,Iowa,Jasper,317,17,0,41.68576082,-93.05567785,19099.0,852.4942853301062,5.3627760252365935,300,315,17,0,298,313,37147,2,0,0,2,2
2020-06-30,US,Iowa,Jefferson,53,0,0,41.03192394,-91.94849466,19101.0,289.6966384257994,0.0,53,52,0,0,52,50,18381,1,0,0,1,2
2020-06-30,US,Iowa,Johnson,1145,8,0,41.67169354,-91.58754744,19103.0,757.5757575757576,0.6986899563318777,1137,1115,8,0,1107,1033,151260,30,0,0,30,82
2020-06-30,US,Iowa,Jones,54,0,0,42.12118609,-91.13139641,19105.0,261.1092306948407,0.0,54,52,0,0,52,51,20744,2,0,0,2,1
2020-06-30,US,Iowa,Keokuk,19,1,0,41.33649833,-92.1785067,19107.0,185.43821979308998,5.2631578947368425,18,19,1,0,18,19,10225,0,0,0,0,0
2020-06-30,US,Iowa,Kossuth,32,0,0,43.20405458,-94.20691791,19109.0,216.02646324174708,0.0,32,32,0,0,32,32,14908,0,0,0,0,0
2020-06-30,US,Iowa,Lee,48,2,0,40.64181461,-91.48183025,19111.0,142.61520634637668,4.166666666666667,46,47,1,0,46,47,34055,1,1,0,0,0
2020-06-30,US,Iowa,Linn,1203,82,0,42.07923082,-91.59809485,19113.0,530.6432119132269,6.816292601828763,1121,1194,82,0,1112,1181,225909,9,0,0,9,13
2020-06-30,US,Iowa,Louisa,360,13,0,41.21842119,-91.26102611,19115.0,3262.347077480743,3.611111111111111,347,359,13,0,346,359,11169,1,0,0,1,0
2020-06-30,US,Iowa,Lucas,30,4,0,41.02958964,-93.32780803,19117.0,348.8372093023256,13.333333333333336,26,30,4,0,26,29,8645,0,0,0,0,1
2020-06-30,US,Iowa,Lyon,39,0,0,43.38107862,-96.20926845,19119.0,331.7737133134836,0.0,39,39,0,0,39,39,11811,0,0,0,0,0
2020-06-30,US,Iowa,Madison,37,2,0,41.33081904,-94.01554631,19121.0,226.4659076998409,5.405405405405406,35,37,2,0,35,37,16249,0,0,0,0,0
2020-06-30,US,Iowa,Mahaska,115,17,0,41.33521503,-92.64083907,19123.0,520.479746548993,14.782608695652176,98,115,17,0,98,117,22000,0,0,0,0,-2
2020-06-30,US,Iowa,Marion,66,0,0,41.33445101,-93.09934783,19125.0,198.47833278200463,0.0,66,63,0,0,63,60,33407,3,0,0,3,3
2020-06-30,US,Iowa,Marshall,1012,18,0,42.03586837,-92.9990819,19127.0,2570.5504330818662,1.7786561264822134,994,1011,18,0,993,1009,39981,1,0,0,1,2
2020-06-30,US,Iowa,Mills,34,0,0,41.03299766,-95.61920963,19129.0,225.03143821563307,0.0,34,32,0,0,32,32,15063,2,0,0,2,0
2020-06-30,US,Iowa,Mitchell,23,0,0,43.35638371,-92.78887719,19131.0,217.26808993009635,0.0,23,22,0,0,22,21,10569,1,0,0,1,1
2020-06-30,US,Iowa,Monona,70,0,0,42.05220391,-95.95743843,19133.0,812.5362739408009,0.0,70,70,0,0,70,69,8679,0,0,0,0,1
2020-06-30,US,Iowa,Monroe,50,6,0,41.02988815,-92.8690667,19135.0,648.760866744518,12.0,44,50,6,0,44,50,7790,0,0,0,0,0
2020-06-30,US,Iowa,Montgomery,10,2,0,41.03018714,-95.15642896,19137.0,100.83694665725521,20.0,8,10,2,0,8,10,10003,0,0,0,0,0
2020-06-30,US,Iowa,Muscatine,615,44,0,41.48370744,-91.1121697,19139.0,1441.4963435214704,7.154471544715447,571,610,44,0,566,606,42929,5,0,0,5,4
2020-06-30,US,Iowa,O'Brien,83,1,0,43.08310673,-95.62474482,19141.0,603.5046898858429,1.2048192771084338,82,81,1,0,80,80,13840,2,0,0,2,1
2020-06-30,US,Iowa,Osceola,51,0,0,43.37824276,-95.62422844,19143.0,855.9919436052368,0.0,51,51,0,0,51,51,6040,0,0,0,0,0
2020-06-30,US,Iowa,Page,20,0,0,40.7393172,-95.1497813,19145.0,132.38895876083936,0.0,20,20,0,0,20,20,15249,0,0,0,0,0
2020-06-30,US,Iowa,Palo Alto,31,0,0,43.08193849,-94.67824621,19147.0,348.86338059869456,0.0,31,30,0,0,30,29,8929,1,0,0,1,1
2020-06-30,US,Iowa,Plymouth,300,4,0,42.737633,-96.21366621,19149.0,1191.5637288000953,1.3333333333333333,296,296,4,0,292,291,25095,4,0,0,4,5
2020-06-30,US,Iowa,Pocahontas,75,1,0,42.73420133,-94.67862564,19151.0,1133.101676990482,1.3333333333333333,74,73,1,0,72,70,6740,2,0,0,2,3
2020-06-30,US,Iowa,Polk,6037,177,0,41.68679484,-93.57767461,19153.0,1231.6361358818838,2.9319198277290046,5860,6000,176,0,5824,5947,487204,37,1,0,36,53
2020-06-30,US,Iowa,Pottawattamie,692,11,0,41.33640314,-95.53907776,19155.0,742.4414737248676,1.5895953757225434,681,683,11,0,672,674,93533,9,0,0,9,9
2020-06-30,US,Iowa,Poweshiek,104,8,0,41.68625425,-92.53155731,19157.0,562.0406398616516,7.6923076923076925,96,104,8,0,96,104,18699,0,0,0,0,0
2020-06-30,US,Iowa,Ringgold,14,0,0,40.73518949,-94.24368535,19159.0,286.0645688598284,0.0,14,14,0,0,14,13,4968,0,0,0,0,1
2020-06-30,US,Iowa,Sac,63,0,0,42.38624071,-95.10547892,19161.0,648.0814730994754,0.0,63,62,0,0,62,60,9719,1,0,0,1,2
2020-06-30,US,Iowa,Scott,631,10,0,41.63935978,-90.61959493,19163.0,364.8600984139283,1.584786053882726,621,621,10,0,611,598,173283,10,0,0,10,23
2020-06-30,US,Iowa,Shelby,106,0,0,41.6850066,-95.31015553,19165.0,925.440894010826,0.0,106,103,0,0,103,103,11578,3,0,0,3,0
2020-06-30,US,Iowa,Sioux,455,0,0,43.08221074,-96.1767568,19167.0,1305.4081193515995,0.0,455,449,0,0,449,445,34909,6,0,0,6,4
2020-06-30,US,Iowa,Story,694,3,0,42.03621213,-93.46499005,19169.0,714.6019749374466,0.4322766570605187,691,677,3,0,674,673,98105,17,0,0,17,4
2020-06-30,US,Iowa,Tama,445,29,0,42.07991767,-92.53266945,19171.0,2640.3227720422447,6.516853932584269,416,438,29,0,409,438,16904,7,0,0,7,0
2020-06-30,US,Iowa,Taylor,78,0,0,40.73710579,-94.69778563,19173.0,1274.3015847083811,0.0,78,78,0,0,78,77,6191,0,0,0,0,1
2020-06-30,US,Iowa,Unassigned,3,0,0,0.0,0.0,90019.0,0.0,0.0,3,6,0,0,6,6,,-3,0,0,-3,0
2020-06-30,US,Iowa,Union,25,0,0,41.0277278,-94.24234847,19175.0,204.23168041826648,0.0,25,25,0,0,25,26,12359,0,0,0,0,-1
2020-06-30,US,Iowa,Van Buren,19,0,0,40.75326764,-91.95017958,19177.0,269.73310618966497,0.0,19,19,0,0,19,18,7020,0,0,0,0,1
2020-06-30,US,Iowa,Wapello,700,30,0,41.03064984,-92.40954728,19179.0,2001.77299894192,4.285714285714286,670,699,30,0,669,696,35205,1,0,0,1,3
2020-06-30,US,Iowa,Warren,245,2,0,41.33559454,-93.56007641,19181.0,476.0424357828469,0.8163265306122449,243,243,2,0,241,237,51056,2,0,0,2,6
2020-06-30,US,Iowa,Washington,225,9,0,41.33577126,-91.71725711,19183.0,1024.356931481903,4.0,216,225,9,0,216,221,22141,0,0,0,0,4
2020-06-30,US,Iowa,Wayne,8,0,0,40.73969028,-93.32752197,19185.0,124.2043160999845,0.0,8,8,0,0,8,8,6401,0,0,0,0,0
2020-06-30,US,Iowa,Webster,161,2,0,42.42853483,-94.17987389,19187.0,448.4180035650624,1.2422360248447204,159,160,2,0,158,150,36277,1,0,0,1,10
2020-06-30,US,Iowa,Winnebago,24,0,0,43.37751174,-93.73407298,19189.0,231.79447556499903,0.0,24,23,0,0,23,22,10518,1,0,0,1,1
2020-06-30,US,Iowa,Winneshiek,29,0,0,43.29094334,-91.84422722,19191.0,145.0652793757191,0.0,29,28,0,0,28,27,20029,1,0,0,1,1
2020-06-30,US,Iowa,Woodbury,3165,44,0,42.38979414,-96.0459439,19193.0,3069.62669847828,1.3902053712480251,3121,3152,43,0,3109,3140,102539,13,1,0,12,12
2020-06-30,US,Iowa,Worth,14,0,0,43.37750768,-93.26087602,19195.0,189.6761956374475,0.0,14,13,0,0,13,12,7453,1,0,0,1,1
2020-06-30,US,Iowa,Wright,370,0,0,42.73305373,-93.73515113,19197.0,2945.3908613278136,0.0,370,369,0,0,369,366,12690,1,0,0,1,3
2020-06-30,US,Kansas,Allen,4,0,0,37.88582951,-95.30030847,20001.0,32.338911795618074,0.0,4,4,0,0,4,5,12444,0,0,0,0,-1
2020-06-30,US,Kansas,Anderson,4,0,0,38.21413251,-95.29272815,20003.0,50.903537795876815,0.0,4,4,0,0,4,3,7878,0,0,0,0,1
2020-06-30,US,Kansas,Atchison,34,0,0,39.53185661,-95.30870026,20005.0,211.5348721458346,0.0,34,34,0,0,34,31,16193,0,0,0,0,3
2020-06-30,US,Kansas,Barber,1,0,0,37.2288586,-98.68460053,20007.0,22.588660492432798,0.0,1,1,0,0,1,1,4472,0,0,0,0,0
2020-06-30,US,Kansas,Barton,56,2,0,38.47889676,-98.75636726,20009.0,217.23107956088288,3.571428571428572,54,56,2,0,54,55,26111,0,0,0,0,1
2020-06-30,US,Kansas,Bourbon,28,1,0,37.85508555,-94.84865997,20011.0,192.65171322416404,3.571428571428572,27,21,1,0,20,21,14653,7,0,0,7,0
2020-06-30,US,Kansas,Brown,14,0,0,39.82652589,-95.56421698,20013.0,146.3822668339607,0.0,14,14,0,0,14,14,9598,0,0,0,0,0
2020-06-30,US,Kansas,Butler,53,0,0,37.78134351,-96.83878537,20015.0,79.20969646246506,0.0,53,53,0,0,53,51,66765,0,0,0,0,2
2020-06-30,US,Kansas,Chase,4,0,0,38.30292938,-96.59563862,20017.0,151.0574018126888,0.0,4,4,0,0,4,4,2629,0,0,0,0,0
2020-06-30,US,Kansas,Chautauqua,4,0,0,37.14994405,-96.2454192,20019.0,123.07692307692308,0.0,4,4,0,0,4,4,3309,0,0,0,0,0
2020-06-30,US,Kansas,Cherokee,29,0,0,37.16928494,-94.8462897,20021.0,145.4436029891168,0.0,29,29,0,0,29,29,20015,0,0,0,0,0
2020-06-30,US,Kansas,Cheyenne,2,0,0,39.78580976,-101.7318201,20023.0,75.27286413248024,0.0,2,2,0,0,2,2,2660,0,0,0,0,0
2020-06-30,US,Kansas,Clark,34,1,0,37.23577007,-99.81883015,20025.0,1705.1153460381142,2.9411764705882355,33,34,1,0,33,34,2005,0,0,0,0,0
2020-06-30,US,Kansas,Clay,6,2,0,39.34948772,-97.16518128,20027.0,74.9812546863284,33.333333333333336,4,6,2,0,4,6,7997,0,0,0,0,0
2020-06-30,US,Kansas,Cloud,18,0,0,39.48028352,-97.64925343,20029.0,204.87138629638056,0.0,18,18,0,0,18,10,8729,0,0,0,0,8
2020-06-30,US,Kansas,Coffey,53,8,0,38.2365018,-95.73379515,20031.0,648.0009781146838,15.094339622641508,45,53,8,0,45,53,8233,0,0,0,0,0
2020-06-30,US,Kansas,Comanche,2,0,0,37.19114520000001,-99.27113247,20033.0,117.64705882352942,0.0,2,2,0,0,2,2,1748,0,0,0,0,0
2020-06-30,US,Kansas,Cowley,71,1,0,37.23781842,-96.83776647,20035.0,203.39177265956226,1.4084507042253518,70,70,1,0,69,66,35218,1,0,0,1,4
2020-06-30,US,Kansas,Crawford,256,1,0,37.50675523,-94.85245778,20037.0,659.4878664537069,0.390625,255,256,1,0,255,246,39019,0,0,0,0,10
2020-06-30,US,Kansas,Dickinson,8,1,0,38.86600962,-97.15532383,20041.0,43.32286364128669,12.5,7,8,1,0,7,8,18717,0,0,0,0,0
2020-06-30,US,Kansas,Doniphan,25,0,0,39.79067154,-95.14056866,20043.0,328.9473684210526,0.0,25,25,0,0,25,26,7682,0,0,0,0,-1
2020-06-30,US,Kansas,Douglas,157,0,0,38.88503636,-95.2925121,20045.0,128.4159039416321,0.0,157,157,0,0,157,124,121436,0,0,0,0,33
2020-06-30,US,Kansas,Edwards,6,0,0,37.88735543,-99.31263309,20047.0,214.43888491779842,0.0,6,6,0,0,6,6,2849,0,0,0,0,0
2020-06-30,US,Kansas,Elk,1,0,0,37.45338105,-96.24369667,20049.0,39.52569169960474,0.0,1,1,0,0,1,1,2508,0,0,0,0,0
2020-06-30,US,Kansas,Ellis,18,0,0,38.91458712,-99.31751551,20051.0,63.040661226491096,0.0,18,18,0,0,18,15,28710,0,0,0,0,3
2020-06-30,US,Kansas,Ellsworth,3,0,0,38.69677695,-98.20462799,20053.0,49.164208456243855,0.0,3,3,0,0,3,3,6196,0,0,0,0,0
2020-06-30,US,Kansas,Finney,1570,10,0,38.04340344,-100.73819379999999,20055.0,4305.262291935174,0.6369426751592356,1560,1563,10,0,1553,1563,36611,7,0,0,7,0
2020-06-30,US,Kansas,Ford,1944,8,0,37.69200114,-99.88825298,20057.0,5782.4444510544645,0.41152263374485604,1936,1944,8,0,1936,1937,33888,0,0,0,0,7
2020-06-30,US,Kansas,Franklin,71,0,0,38.56443815,-95.28644341,20059.0,277.951769495772,0.0,71,71,0,0,71,67,25631,0,0,0,0,4
2020-06-30,US,Kansas,Geary,57,1,0,38.99871131,-96.7577178,20061.0,179.98105462582885,1.7543859649122806,56,57,1,0,56,45,32594,0,0,0,0,12
2020-06-30,US,Kansas,Gove,1,0,0,38.91588178,-100.4829321,20063.0,37.93626707132018,0.0,1,1,0,0,1,1,2612,0,0,0,0,0
2020-06-30,US,Kansas,Grant,47,1,0,37.56227336,-101.3079758,20067.0,657.3426573426574,2.127659574468085,46,47,1,0,46,47,7336,0,0,0,0,0
2020-06-30,US,Kansas,Gray,29,0,0,37.73836671,-100.4369088,20069.0,484.3019372077488,0.0,29,24,0,0,24,24,6033,5,0,0,5,0
2020-06-30,US,Kansas,Greenwood,11,0,0,37.8774388,-96.23250453,20073.0,183.884988298228,0.0,11,11,0,0,11,11,6055,0,0,0,0,0
2020-06-30,US,Kansas,Hamilton,29,0,0,37.99978709,-101.7921066,20075.0,1142.1819614021267,0.0,29,29,0,0,29,29,2607,0,0,0,0,0
2020-06-30,US,Kansas,Harper,2,0,0,37.19175361,-98.07578384,20077.0,36.79175864606328,0.0,2,2,0,0,2,2,5506,0,0,0,0,0
2020-06-30,US,Kansas,Harvey,37,0,0,38.04293782,-97.42747573,20079.0,107.4675418978187,0.0,37,37,0,0,37,28,34210,0,0,0,0,9
2020-06-30,US,Kansas,Haskell,23,0,0,37.562039399999996,-100.8710738,20081.0,579.6370967741935,0.0,23,23,0,0,23,23,3997,0,0,0,0,0
2020-06-30,US,Kansas,Hodgeman,9,0,0,38.08780079,-99.89829881,20083.0,501.6722408026756,0.0,9,9,0,0,9,9,1818,0,0,0,0,0
2020-06-30,US,Kansas,Jackson,112,1,0,39.41673394,-95.79356799,20085.0,850.3530483638298,0.8928571428571429,111,106,1,0,105,105,13280,6,0,0,6,1
2020-06-30,US,Kansas,Jefferson,24,0,0,39.2347941,-95.38289232,20087.0,126.03056241138478,0.0,24,24,0,0,24,24,18975,0,0,0,0,0
2020-06-30,US,Kansas,Jewell,4,0,0,39.78470589,-98.21820662,20089.0,138.9371309482459,0.0,4,4,0,0,4,4,2841,0,0,0,0,0
2020-06-30,US,Kansas,Johnson,1692,86,0,38.88548175,-94.82250877,20091.0,280.8760277622381,5.08274231678487,1606,1651,86,0,1565,1613,597555,41,0,0,41,38
2020-06-30,US,Kansas,Kearny,48,1,0,38.00017981,-101.32168100000001,20093.0,1250.6513809275666,2.083333333333333,47,48,1,0,47,48,3943,0,0,0,0,0
2020-06-30,US,Kansas,Kiowa,4,0,0,37.55848695,-99.2856537,20097.0,161.6161616161616,0.0,4,4,0,0,4,4,2516,0,0,0,0,0
2020-06-30,US,Kansas,Labette,59,0,0,37.19113093,-95.29849679,20099.0,300.74421449689066,0.0,59,57,0,0,57,55,19964,2,0,0,2,2
2020-06-30,US,Kansas,Lane,5,0,0,38.48119447,-100.46607540000001,20101.0,325.73289902280135,0.0,5,5,0,0,5,5,1560,0,0,0,0,0
2020-06-30,US,Kansas,Leavenworth,1162,7,0,39.20183497,-95.03620809,20103.0,1421.2676435333544,0.6024096385542169,1155,1162,7,0,1155,1146,81352,0,0,0,0,16
2020-06-30,US,Kansas,Lincoln,1,0,0,39.04549684,-98.20756994,20105.0,33.7609723160027,0.0,1,1,0,0,1,,3023,0,0,0,0,
2020-06-30,US,Kansas,Linn,14,0,0,38.21267844,-94.84254089,20107.0,144.2852725961043,0.0,14,14,0,0,14,13,9750,0,0,0,0,1
2020-06-30,US,Kansas,Logan,1,0,0,38.91735806,-101.148475,20109.0,35.79098067287043,0.0,1,1,0,0,1,1,2844,0,0,0,0,0
2020-06-30,US,Kansas,Lyon,489,6,0,38.45576156,-96.15275715,20111.0,1473.113420695888,1.2269938650306749,483,489,6,0,483,479,33406,0,0,0,0,10
2020-06-30,US,Kansas,Marion,9,1,0,38.35855394,-97.09852509999999,20115.0,75.73207674183777,11.111111111111109,8,9,1,0,8,8,11950,0,0,0,0,1
2020-06-30,US,Kansas,Marshall,2,0,0,39.78359669,-96.52278974,20117.0,20.603688060162767,0.0,2,2,0,0,2,1,9722,0,0,0,0,1
2020-06-30,US,Kansas,McPherson,72,0,0,38.39184858,-97.64769869,20113.0,252.25982762245118,0.0,72,72,0,0,72,72,28537,0,0,0,0,0
2020-06-30,US,Kansas,Meade,30,0,0,37.23859987,-100.36483100000001,20119.0,743.86312918423,0.0,30,30,0,0,30,30,4146,0,0,0,0,0
2020-06-30,US,Kansas,Miami,27,0,0,38.56383358,-94.83832189,20121.0,78.86204982913223,0.0,27,27,0,0,27,26,33680,0,0,0,0,1
2020-06-30,US,Kansas,Mitchell,4,0,0,39.39331582,-98.20906732,20123.0,66.9008195350393,0.0,4,4,0,0,4,4,6150,0,0,0,0,0
2020-06-30,US,Kansas,Montgomery,41,3,0,37.19236568,-95.74329258,20125.0,128.81334631939427,7.317073170731707,38,38,3,0,35,32,32120,3,0,0,3,6
2020-06-30,US,Kansas,Morris,5,0,0,38.68827511,-96.65128437,20127.0,88.96797153024912,0.0,5,5,0,0,5,5,5521,0,0,0,0,0
2020-06-30,US,Kansas,Morton,6,1,0,37.19141121,-101.79925190000002,20129.0,231.92887514495555,16.666666666666668,5,6,1,0,5,6,2667,0,0,0,0,0
2020-06-30,US,Kansas,Nemaha,26,0,0,39.78345387,-96.01392079,20131.0,254.12960609911056,0.0,26,24,0,0,24,24,10155,2,0,0,2,0
2020-06-30,US,Kansas,Neosho,32,0,0,37.55862897,-95.30670046,20133.0,199.91253826450927,0.0,32,32,0,0,32,29,15951,0,0,0,0,3
2020-06-30,US,Kansas,Ness,4,0,0,38.47974157,-99.91547333,20135.0,145.45454545454547,0.0,4,4,0,0,4,4,2840,0,0,0,0,0
2020-06-30,US,Kansas,Norton,4,0,0,39.78443827,-99.90286639,20137.0,74.61294534601755,0.0,4,4,0,0,4,3,5430,0,0,0,0,1
2020-06-30,US,Kansas,Osage,13,0,0,38.65235984,-95.72707998,20139.0,81.50981252743121,0.0,13,13,0,0,13,11,15941,0,0,0,0,2
2020-06-30,US,Kansas,Osborne,2,0,0,39.3503437,-98.76753828,20141.0,58.46243788365975,0.0,2,2,0,0,2,2,3475,0,0,0,0,0
2020-06-30,US,Kansas,Ottawa,6,0,0,39.13237408,-97.65020313,20143.0,105.18934081346424,0.0,6,6,0,0,6,5,5802,0,0,0,0,1
2020-06-30,US,Kansas,Pawnee,3,0,0,38.18108732,-99.23692334,20145.0,46.772684752104766,0.0,3,3,0,0,3,3,6562,0,0,0,0,0
2020-06-30,US,Kansas,Phillips,3,0,0,39.78465501,-99.34668865,20147.0,57.3175391669851,0.0,3,3,0,0,3,3,5317,0,0,0,0,0
2020-06-30,US,Kansas,Pottawatomie,65,0,0,39.37925655,-96.34564657,20149.0,266.5791740146824,0.0,65,65,0,0,65,58,24277,0,0,0,0,7
2020-06-30,US,Kansas,Pratt,11,0,0,37.64780729,-98.73922153,20151.0,120.03491924923614,0.0,11,11,0,0,11,11,9378,0,0,0,0,0
2020-06-30,US,Kansas,Reno,63,0,0,37.95230263,-98.08607292,20155.0,101.61618116713444,0.0,63,63,0,0,63,62,62342,0,0,0,0,1
2020-06-30,US,Kansas,Republic,11,0,0,39.82799632,-97.65036709,20157.0,237.2735116479724,0.0,11,9,0,0,9,9,4664,2,0,0,2,0
2020-06-30,US,Kansas,Rice,4,0,0,38.34616184,-98.19992118,20159.0,41.94191045402118,0.0,4,4,0,0,4,4,9531,0,0,0,0,0
2020-06-30,US,Kansas,Riley,233,3,0,39.28935726,-96.73420026,20161.0,313.8808061213493,1.2875536480686696,230,222,3,0,219,184,73703,11,0,0,11,38
2020-06-30,US,Kansas,Rooks,7,0,0,39.35022773,-99.32484567,20163.0,142.27642276422762,0.0,7,7,0,0,7,6,5013,0,0,0,0,1
2020-06-30,US,Kansas,Rush,1,0,0,38.52275276,-99.30863983,20165.0,32.93807641633729,0.0,1,1,0,0,1,,3093,0,0,0,0,
2020-06-30,US,Kansas,Saline,105,2,0,38.78369175,-97.65185177,20169.0,193.64119209206257,1.9047619047619049,103,105,2,0,103,93,54401,0,0,0,0,12
2020-06-30,US,Kansas,Scott,16,0,0,38.48222076,-100.90665390000001,20171.0,331.74372797014314,0.0,16,16,0,0,16,16,4897,0,0,0,0,0
2020-06-30,US,Kansas,Sedgwick,1208,28,0,37.6842718,-97.4608198,20173.0,234.08947333744152,2.3178807947019866,1180,1161,28,0,1133,1120,513607,47,0,0,47,41
2020-06-30,US,Kansas,Seward,1011,2,0,37.19324632,-100.85072009999999,20175.0,4718.1258166884445,0.19782393669634027,1009,1011,2,0,1009,1001,21780,0,0,0,0,10
2020-06-30,US,Kansas,Shawnee,646,11,0,39.04100763,-95.75572640000001,20177.0,365.2296819787986,1.7027863777089782,635,621,11,0,610,596,177499,25,0,0,25,25
2020-06-30,US,Kansas,Sheridan,4,0,0,39.35018161,-100.44182590000001,20179.0,158.66719555731854,0.0,4,4,0,0,4,3,2533,0,0,0,0,1
2020-06-30,US,Kansas,Sherman,7,0,0,39.35147699,-101.71976240000001,20181.0,118.30319418624303,0.0,7,7,0,0,7,7,5899,0,0,0,0,0
2020-06-30,US,Kansas,Smith,3,0,0,39.78516566,-98.78566062,20183.0,83.72871895060004,0.0,3,3,0,0,3,3,3603,0,0,0,0,0
2020-06-30,US,Kansas,Stafford,1,0,0,38.03100851,-98.71762001,20185.0,24.06159769008662,0.0,1,1,0,0,1,1,4178,0,0,0,0,0
2020-06-30,US,Kansas,Stanton,10,0,0,37.56304714,-101.78435340000001,20187.0,498.5044865403789,0.0,10,10,0,0,10,10,1987,0,0,0,0,0
2020-06-30,US,Kansas,Stevens,31,0,0,37.1923008,-101.3118967,20189.0,565.1777575205105,0.0,31,31,0,0,31,31,5559,0,0,0,0,0
2020-06-30,US,Kansas,Sumner,11,1,0,37.23682549,-97.47721621,20191.0,48.169556840077064,9.090909090909092,10,11,1,0,10,11,22996,0,0,0,0,0
2020-06-30,US,Kansas,Thomas,15,0,0,39.35107575,-101.0553705,20193.0,192.87643050019287,0.0,15,15,0,0,15,15,7711,0,0,0,0,0
2020-06-30,US,Kansas,Trego,1,0,0,38.91467218,-99.87284448,20195.0,35.676061362825536,0.0,1,1,0,0,1,1,2793,0,0,0,0,0
2020-06-30,US,Kansas,Unassigned,0,1,0,0.0,0.0,90020.0,0.0,0.0,-1,0,1,0,-1,0,,0,0,0,0,0
2020-06-30,US,Kansas,Wabaunsee,35,0,0,38.95471985,-96.20350509,20197.0,504.9776367046602,0.0,35,35,0,0,35,33,6899,0,0,0,0,2
2020-06-30,US,Kansas,Washington,1,0,0,39.78420784,-97.08753229999999,20201.0,18.49796522382538,0.0,1,1,0,0,1,1,5420,0,0,0,0,0
2020-06-30,US,Kansas,Wilson,1,0,0,37.55937174,-95.74323255,20205.0,11.730205278592374,0.0,1,1,0,0,1,1,8665,0,0,0,0,0
2020-06-30,US,Kansas,Woodson,10,0,0,37.8865336,-95.74006277,20207.0,318.67431485022314,0.0,10,8,0,0,8,8,3183,2,0,0,2,0
2020-06-30,US,Kansas,Wyandotte,2234,82,0,39.11727348,-94.76378225,20209.0,1350.428280410327,3.670546105640108,2152,2234,82,0,2152,2191,165324,0,0,0,0,43
2020-06-30,US,Kentucky,Adair,117,19,0,37.10459774,-85.28129668,21001.0,609.3115300489533,16.23931623931624,98,115,19,0,96,111,19215,2,0,0,2,4
2020-06-30,US,Kentucky,Allen,166,5,0,36.75197631,-86.19457544,21003.0,778.794276331222,3.0120481927710845,161,165,5,0,160,165,21122,1,0,0,1,0
2020-06-30,US,Kentucky,Anderson,26,1,0,38.00671029,-84.99171713,21005.0,114.30078691695608,3.8461538461538463,25,26,1,0,25,26,22663,0,0,0,0,0
2020-06-30,US,Kentucky,Ballard,14,0,0,37.05842757,-88.99427697,21007.0,177.4847870182556,0.0,14,14,0,0,14,14,7979,0,0,0,0,0
2020-06-30,US,Kentucky,Barren,86,2,0,36.96469836,-85.93338945,21009.0,194.35467468191368,2.3255813953488373,84,85,2,0,83,84,44176,1,0,0,1,1
2020-06-30,US,Kentucky,Bath,15,1,0,38.14735938,-83.74588932,21011.0,120.0,6.666666666666668,14,13,1,0,12,13,12383,2,0,0,2,0
2020-06-30,US,Kentucky,Bell,8,0,0,36.73355174,-83.67766671,21013.0,30.73140749846343,0.0,8,8,0,0,8,8,26569,0,0,0,0,0
2020-06-30,US,Kentucky,Boone,597,23,0,38.97065142,-84.72615357,21015.0,446.9198463853392,3.8525963149078732,574,594,23,0,571,594,131533,3,0,0,3,0
2020-06-30,US,Kentucky,Bourbon,31,1,0,38.2054607,-84.21827874,21017.0,156.66060238528402,3.2258064516129035,30,30,1,0,29,30,20184,1,0,0,1,0
2020-06-30,US,Kentucky,Boyd,62,3,0,38.36176608,-82.68652187,21019.0,132.7111605805043,4.838709677419356,59,61,3,0,58,61,47240,1,0,0,1,0
2020-06-30,US,Kentucky,Boyle,38,0,0,37.62680923,-84.8633779,21021.0,126.41383898868929,0.0,38,38,0,0,38,38,30100,0,0,0,0,0
2020-06-30,US,Kentucky,Bracken,17,0,0,38.69158994,-84.08532444,21023.0,204.74527279296643,0.0,17,17,0,0,17,17,8239,0,0,0,0,0
2020-06-30,US,Kentucky,Breathitt,8,0,0,37.52333168,-83.31959161,21025.0,63.34125098970705,0.0,8,8,0,0,8,8,12726,0,0,0,0,0
2020-06-30,US,Kentucky,Breckinridge,24,2,0,37.77377239,-86.42885017,21027.0,117.2046686526347,8.333333333333334,22,24,2,0,22,24,20388,0,0,0,0,0
2020-06-30,US,Kentucky,Bullitt,150,4,0,37.97162523,-85.68955617,21029.0,183.6524805328371,2.6666666666666665,146,149,4,0,145,148,81069,1,0,0,1,1
2020-06-30,US,Kentucky,Butler,256,14,0,37.20946153,-86.68748787,21031.0,1987.7319667676059,5.46875,242,255,14,0,241,253,12772,1,0,0,1,2
2020-06-30,US,Kentucky,Caldwell,15,0,0,37.14749129,-87.86948214,21033.0,117.67474699929396,0.0,15,13,0,0,13,13,12715,2,0,0,2,0
2020-06-30,US,Kentucky,Calloway,81,1,0,36.62093411,-88.2731593,21035.0,207.686982385067,1.2345679012345678,80,79,1,0,78,79,39135,2,0,0,2,0
2020-06-30,US,Kentucky,Campbell,256,13,0,38.94384345,-84.37875208,21037.0,273.55103436484865,5.078125,243,249,12,0,237,248,93152,7,1,0,6,1
2020-06-30,US,Kentucky,Carlisle,5,1,0,36.85372876,-88.96692220000001,21039.0,105.04201680672269,20.0,4,5,1,0,4,5,4771,0,0,0,0,0
2020-06-30,US,Kentucky,Carroll,37,0,0,38.66599534,-85.12601074,21041.0,348.03875458564573,0.0,37,37,0,0,37,37,10737,0,0,0,0,0
2020-06-30,US,Kentucky,Carter,23,0,0,38.31690743,-83.05092385,21043.0,85.83050341456133,0.0,23,22,0,0,22,22,27004,1,0,0,1,0
2020-06-30,US,Kentucky,Casey,19,0,0,37.32533118,-84.92726209,21045.0,117.58153351073703,0.0,19,18,0,0,18,15,15888,1,0,0,1,3
2020-06-30,US,Kentucky,Christian,193,4,0,36.89267803,-87.49055367,21047.0,273.91039014490286,2.0725388601036268,189,192,4,0,188,190,71671,1,0,0,1,2
2020-06-30,US,Kentucky,Clark,98,5,0,37.9689263,-84.14615986,21049.0,270.2479110939525,5.1020408163265305,93,98,5,0,93,98,36249,0,0,0,0,0
2020-06-30,US,Kentucky,Clay,59,3,0,37.16451126,-83.712575,21051.0,296.46751419526663,5.084745762711863,56,53,3,0,50,53,20105,6,0,0,6,0
2020-06-30,US,Kentucky,Clinton,5,0,0,36.72581156,-85.13377529,21053.0,48.933255040125275,0.0,5,5,0,0,5,5,10206,0,0,0,0,0
2020-06-30,US,Kentucky,Crittenden,9,1,0,37.35839237,-88.08826090000002,21055.0,102.20304337951396,11.111111111111109,8,8,1,0,7,8,8915,1,0,0,1,0
2020-06-30,US,Kentucky,Cumberland,6,0,0,36.78926125,-85.39050034,21057.0,90.71666162685213,0.0,6,6,0,0,6,6,6659,0,0,0,0,0
2020-06-30,US,Kentucky,Daviess,433,8,0,37.73028906,-87.09019479999998,21059.0,426.5547576124755,1.8475750577367205,425,431,8,0,423,428,101104,2,0,0,2,3
2020-06-30,US,Kentucky,Edmonson,75,11,0,37.21218923,-86.23955613,21061.0,617.2839506172841,14.666666666666664,64,75,11,0,64,74,12274,0,0,0,0,1
2020-06-30,US,Kentucky,Elliott,3,0,0,38.11624059,-83.09771563,21063.0,39.90953837967274,0.0,3,3,0,0,3,3,7508,0,0,0,0,0
2020-06-30,US,Kentucky,Estill,4,0,0,37.69241417,-83.95956369,21065.0,28.356727633631078,0.0,4,4,0,0,4,4,14198,0,0,0,0,0
2020-06-30,US,Kentucky,Fayette,1432,26,0,38.0368225,-84.45576892,21067.0,443.1351190770907,1.8156424581005584,1406,1387,26,0,1361,1378,323780,45,0,0,45,9
2020-06-30,US,Kentucky,Fleming,20,0,0,38.36758311,-83.69657514,21069.0,137.16480351141897,0.0,20,18,0,0,18,18,14432,2,0,0,2,0
2020-06-30,US,Kentucky,Floyd,29,0,0,37.56213922,-82.74750924,21071.0,81.48585237011436,0.0,29,27,0,0,27,27,35845,2,0,0,2,0
2020-06-30,US,Kentucky,Franklin,135,4,0,38.2379395,-84.87962551,21073.0,264.7526034006001,2.962962962962963,131,128,4,0,124,128,50815,7,0,0,7,0
2020-06-30,US,Kentucky,Fulton,23,0,0,36.55238827,-89.20140068,21075.0,385.3241749036689,0.0,23,23,0,0,23,21,6120,0,0,0,0,2
2020-06-30,US,Kentucky,Gallatin,61,7,0,38.75398691,-84.8558382,21077.0,687.7889277257865,11.475409836065571,54,61,7,0,54,61,8832,0,0,0,0,0
2020-06-30,US,Kentucky,Garrard,23,0,0,37.638866799999995,-84.53289319,21079.0,130.19359221102684,0.0,23,21,0,0,21,20,17560,2,0,0,2,1
2020-06-30,US,Kentucky,Grant,57,4,0,38.64962758,-84.62415957,21081.0,227.37245203239058,7.0175438596491215,53,57,4,0,53,57,25121,0,0,0,0,0
2020-06-30,US,Kentucky,Graves,206,21,0,36.72292505,-88.65143315,21083.0,552.7826973648903,10.194174757281553,185,200,21,0,179,199,37317,6,0,0,6,1
2020-06-30,US,Kentucky,Grayson,138,10,0,37.46231118,-86.34248968,21085.0,522.1932114882507,7.246376811594202,128,137,10,0,127,137,26321,1,0,0,1,0
2020-06-30,US,Kentucky,Green,4,1,0,37.26484328,-85.5540745,21087.0,36.55972945800201,25.0,3,4,1,0,3,4,11049,0,0,0,0,0
2020-06-30,US,Kentucky,Greenup,28,0,0,38.54332505,-82.9215658,21089.0,79.77662544874352,0.0,28,28,0,0,28,28,35268,0,0,0,0,0
2020-06-30,US,Kentucky,Hancock,18,0,0,37.83766422,-86.78280584,21091.0,206.37468470534282,0.0,18,17,0,0,17,17,8758,1,0,0,1,0
2020-06-30,US,Kentucky,Hardin,155,6,0,37.6976111,-85.96319251,21093.0,139.69249625984608,3.870967741935484,149,146,5,0,141,145,110356,9,1,0,8,1
2020-06-30,US,Kentucky,Harlan,23,2,0,36.85699301,-83.21899516,21095.0,88.42752787389465,8.695652173913043,21,23,2,0,21,22,26409,0,0,0,0,1
2020-06-30,US,Kentucky,Harrison,70,0,0,38.44188174,-84.32869741,21097.0,370.64492216456637,0.0,70,68,0,0,68,68,18778,2,0,0,2,0
2020-06-30,US,Kentucky,Hart,40,0,0,37.29943898,-85.88461055,21099.0,210.1392172314158,0.0,40,40,0,0,40,39,18906,0,0,0,0,1
2020-06-30,US,Kentucky,Henderson,156,3,0,37.79344553,-87.57392021,21101.0,345.05640345056406,1.9230769230769231,153,157,3,0,154,156,45591,-1,0,0,-1,1
2020-06-30,US,Kentucky,Henry,33,2,0,38.44942688,-85.11587507,21103.0,204.63847203274216,6.0606060606060606,31,33,2,0,31,33,16106,0,0,0,0,0
2020-06-30,US,Kentucky,Hickman,5,0,0,36.67948079999999,-88.97875928,21105.0,114.15525114155253,0.0,5,5,0,0,5,5,4421,0,0,0,0,0
2020-06-30,US,Kentucky,Hopkins,254,32,0,37.30939025,-87.54670406,21107.0,568.4106879112027,12.598425196850394,222,250,32,0,218,250,45068,4,0,0,4,0
2020-06-30,US,Kentucky,Jackson,108,13,0,37.41866422,-83.99825483,21109.0,810.263335584065,12.037037037037035,95,104,13,0,91,104,13442,4,0,0,4,0
2020-06-30,US,Kentucky,Jefferson,3901,193,0,38.18664655,-85.65931031,21111.0,508.7661410329479,4.9474493719559085,3708,3852,190,0,3662,3829,770517,49,3,0,46,23
2020-06-30,US,Kentucky,Jessamine,104,0,0,37.87119786,-84.58252003,21113.0,192.1833133142382,0.0,104,104,0,0,104,104,53920,0,0,0,0,0
2020-06-30,US,Kentucky,Johnson,10,0,0,37.85106355,-82.8264322,21115.0,45.06940688660537,0.0,10,10,0,0,10,10,22386,0,0,0,0,0
2020-06-30,US,Kentucky,Kenton,794,36,0,38.93950319,-84.53241199,21117.0,475.45479586581877,4.534005037783375,758,787,36,0,751,787,166051,7,0,0,7,0
2020-06-30,US,Kentucky,Knott,7,0,0,37.35388197,-82.94981134,21119.0,47.278130487640155,0.0,7,7,0,0,7,7,15126,0,0,0,0,0
2020-06-30,US,Kentucky,Knox,66,0,0,36.89225732,-83.85403396,21121.0,211.9120244019907,0.0,66,64,0,0,64,63,31304,2,0,0,2,1
2020-06-30,US,Kentucky,Larue,15,1,0,37.54567114,-85.70138352,21123.0,104.18113626892624,6.666666666666668,14,15,1,0,14,15,14307,0,0,0,0,0
2020-06-30,US,Kentucky,Laurel,102,3,0,37.10975748,-84.11321779,21125.0,167.7272951507079,2.9411764705882355,99,90,3,0,87,85,60669,12,0,0,12,5
2020-06-30,US,Kentucky,Lawrence,8,0,0,38.07136018,-82.72882223,21127.0,52.22954886727165,0.0,8,7,0,0,7,7,15571,1,0,0,1,0
2020-06-30,US,Kentucky,Lee,1,0,0,37.59645942,-83.71513901,21129.0,13.508037282182901,0.0,1,1,0,0,1,1,7033,0,0,0,0,0
2020-06-30,US,Kentucky,Leslie,8,0,0,37.09246661,-83.37999606,21131.0,80.99625392325605,0.0,8,8,0,0,8,8,10143,0,0,0,0,0
2020-06-30,US,Kentucky,Letcher,14,0,0,37.12306748,-82.85346474,21133.0,64.95615459564793,0.0,14,15,0,0,15,15,21899,-1,0,0,-1,0
2020-06-30,US,Kentucky,Lewis,23,0,0,38.53184419,-83.37735618,21135.0,173.25800376647834,0.0,23,22,0,0,22,21,13257,1,0,0,1,1
2020-06-30,US,Kentucky,Lincoln,28,1,0,37.45475628,-84.6565327,21137.0,114.0575990875392,3.571428571428572,27,25,1,0,24,25,24644,3,0,0,3,0
2020-06-30,US,Kentucky,Livingston,10,0,0,37.21137452,-88.34797529,21139.0,108.76658690450293,0.0,10,10,0,0,10,10,9242,0,0,0,0,0
2020-06-30,US,Kentucky,Logan,217,11,0,36.85949479,-86.877635,21141.0,800.6789166851155,5.0691244239631335,206,216,11,0,205,213,26989,1,0,0,1,3
2020-06-30,US,Kentucky,Lyon,20,3,0,37.02080035,-88.07886257,21143.0,243.605359317905,15.0,17,20,3,0,17,20,8009,0,0,0,0,0
2020-06-30,US,Kentucky,Madison,118,1,0,37.71659336,-84.27220275,21151.0,126.89945906417026,0.8474576271186439,117,115,1,0,114,114,92368,3,0,0,3,1
2020-06-30,US,Kentucky,Magoffin,5,0,0,37.70820545,-83.0657714,21153.0,41.115039881588686,0.0,5,5,0,0,5,5,12362,0,0,0,0,0
2020-06-30,US,Kentucky,Marion,51,0,0,37.55218078,-85.26898542,21155.0,264.6188969024023,0.0,51,51,0,0,51,49,19404,0,0,0,0,2
2020-06-30,US,Kentucky,Marshall,58,2,0,36.88007070000001,-88.32803576,21157.0,186.4951768488746,3.4482758620689653,56,56,2,0,54,55,31191,2,0,0,2,1
2020-06-30,US,Kentucky,Martin,5,0,0,37.79990579,-82.51247478,21159.0,44.662795891022775,0.0,5,5,0,0,5,5,11323,0,0,0,0,0
2020-06-30,US,Kentucky,Mason,31,0,0,38.59471935,-83.82151043,21161.0,181.60515524311657,0.0,31,30,0,0,30,29,17150,1,0,0,1,1
2020-06-30,US,Kentucky,McCracken,166,3,0,37.05350953,-88.70445755,21145.0,253.752789752056,1.8072289156626504,163,161,3,0,158,159,65346,5,0,0,5,2
2020-06-30,US,Kentucky,McCreary,18,0,0,36.73874143,-84.48102924,21147.0,104.46288665776798,0.0,18,18,0,0,18,17,17408,0,0,0,0,1
2020-06-30,US,Kentucky,McLean,24,1,0,37.5301951,-87.26803443,21149.0,260.67122841316393,4.166666666666667,23,24,1,0,23,24,9252,0,0,0,0,0
2020-06-30,US,Kentucky,Meade,26,2,0,37.96163597,-86.21028219,21163.0,90.99818003639929,7.6923076923076925,24,25,2,0,23,25,28715,1,0,0,1,0
2020-06-30,US,Kentucky,Menifee,13,0,0,37.94090733,-83.59985712,21165.0,200.3390352904916,0.0,13,12,0,0,12,12,6451,1,0,0,1,0
2020-06-30,US,Kentucky,Mercer,23,0,0,37.81474237,-84.87488475,21167.0,104.86481557470478,0.0,23,23,0,0,23,23,21774,0,0,0,0,0
2020-06-30,US,Kentucky,Metcalfe,9,2,0,36.99459295,-85.63123699,21169.0,89.36550491510279,22.222222222222218,7,9,2,0,7,9,10030,0,0,0,0,0
2020-06-30,US,Kentucky,Monroe,35,1,0,36.71225341,-85.71596443,21171.0,328.63849765258215,2.8571428571428568,34,35,1,0,34,35,10718,0,0,0,0,0
2020-06-30,US,Kentucky,Montgomery,52,0,0,38.03253032,-83.9145241,21173.0,184.67876549348298,0.0,52,48,0,0,48,47,28203,4,0,0,4,1
2020-06-30,US,Kentucky,Morgan,8,0,0,37.92465657,-83.25558245,21175.0,60.10970020287024,0.0,8,8,0,0,8,8,13345,0,0,0,0,0
2020-06-30,US,Kentucky,Muhlenberg,499,8,0,37.21425819,-87.14632053,21177.0,1629.5473842335575,1.6032064128256514,491,498,8,0,490,496,30774,1,0,0,1,2
2020-06-30,US,Kentucky,Nelson,74,1,0,37.80335779,-85.4657193,21179.0,160.0588324357061,1.351351351351351,73,70,1,0,69,69,45851,4,0,0,4,1
2020-06-30,US,Kentucky,Nicholas,5,0,0,38.33342292,-84.01889177,21181.0,68.78525244187647,0.0,5,5,0,0,5,5,7166,0,0,0,0,0
2020-06-30,US,Kentucky,Ohio,186,0,0,37.47751843,-86.85368087,21183.0,775.1937984496125,0.0,186,184,0,0,184,183,24087,2,0,0,2,1
2020-06-30,US,Kentucky,Oldham,130,6,0,38.39791089,-85.448222,21185.0,194.61369182173385,4.615384615384615,124,129,6,0,123,129,66470,1,0,0,1,0
2020-06-30,US,Kentucky,Owen,6,0,0,38.51679143,-84.82404619,21187.0,55.04082194294103,0.0,6,6,0,0,6,6,10880,0,0,0,0,0
2020-06-30,US,Kentucky,Owsley,2,0,0,37.42823949,-83.68811419,21189.0,45.30011325028314,0.0,2,2,0,0,2,2,4472,0,0,0,0,0
2020-06-30,US,Kentucky,Pendleton,17,0,0,38.69607718,-84.35599463,21191.0,116.51816312542836,0.0,17,16,0,0,16,16,14529,1,0,0,1,0
2020-06-30,US,Kentucky,Perry,57,1,0,37.25023553,-83.22922731,21193.0,221.2904728627999,1.7543859649122806,56,57,1,0,56,57,26092,0,0,0,0,0
2020-06-30,US,Kentucky,Pike,84,2,0,37.47088263,-82.39487445,21195.0,145.1378809869376,2.380952380952381,82,76,2,0,74,76,58402,8,0,0,8,0
2020-06-30,US,Kentucky,Powell,6,0,0,37.83218794,-83.82553961,21197.0,48.54761712112631,0.0,6,6,0,0,6,6,12442,0,0,0,0,0
2020-06-30,US,Kentucky,Pulaski,94,2,0,37.10466131,-84.57629079,21199.0,144.6621216085197,2.127659574468085,92,94,2,0,92,89,64623,0,0,0,0,5
2020-06-30,US,Kentucky,Rockcastle,21,0,0,37.36642393,-84.31176452,21203.0,125.78616352201256,0.0,21,19,0,0,19,19,16750,2,0,0,2,0
2020-06-30,US,Kentucky,Rowan,22,0,0,38.19484205,-83.42088935,21205.0,89.94276369582992,0.0,22,22,0,0,22,22,24583,0,0,0,0,0
2020-06-30,US,Kentucky,Russell,45,4,0,36.99308373,-85.06070117,21207.0,251.07403894437317,8.888888888888891,41,43,4,0,39,40,17821,2,0,0,2,3
2020-06-30,US,Kentucky,Scott,87,0,0,38.29622293,-84.5816631,21209.0,152.6208687109676,0.0,87,83,0,0,83,82,56031,4,0,0,4,1
2020-06-30,US,Kentucky,Shelby,414,11,0,38.21476019,-85.194223,21211.0,844.4843342036554,2.6570048309178738,403,408,11,0,397,406,48518,6,0,0,6,2
2020-06-30,US,Kentucky,Simpson,77,3,0,36.74058474,-86.58047435,21213.0,414.6026276114581,3.8961038961038965,74,76,3,0,73,75,18529,1,0,0,1,1
2020-06-30,US,Kentucky,Spencer,36,0,0,38.03223971,-85.32749335,21215.0,186.0368973179681,0.0,36,36,0,0,36,36,18794,0,0,0,0,0
2020-06-30,US,Kentucky,Taylor,41,1,0,37.3677562,-85.3329931,21217.0,159.10590244091742,2.4390243902439024,40,38,1,0,37,38,25549,3,0,0,3,0
2020-06-30,US,Kentucky,Todd,25,0,0,36.8381152,-87.17878374,21219.0,203.35122824141857,0.0,25,25,0,0,25,25,12311,0,0,0,0,0
2020-06-30,US,Kentucky,Trigg,26,0,0,36.80767017,-87.87333656,21221.0,177.4622892635315,0.0,26,24,0,0,24,24,14643,2,0,0,2,0
2020-06-30,US,Kentucky,Trimble,6,0,0,38.61056487,-85.33775972,21223.0,70.82989021367017,0.0,6,6,0,0,6,6,8515,0,0,0,0,0
2020-06-30,US,Kentucky,Unassigned,2,0,0,0.0,0.0,90021.0,0.0,0.0,2,2,0,0,2,2,,0,0,0,0,0
2020-06-30,US,Kentucky,Union,29,0,0,37.66166713,-87.94300009,21225.0,201.65496140741257,0.0,29,29,0,0,29,29,14505,0,0,0,0,0
2020-06-30,US,Kentucky,Warren,1533,13,0,36.99903045,-86.42672751,21227.0,1153.5335901757765,0.8480104370515329,1520,1508,13,0,1495,1491,131264,25,0,0,25,17
2020-06-30,US,Kentucky,Washington,23,0,0,37.75599461,-85.17407732,21229.0,190.1612236461348,0.0,23,23,0,0,23,22,12084,0,0,0,0,1
2020-06-30,US,Kentucky,Wayne,15,0,0,36.80310688,-84.8251971,21231.0,73.7717011754291,0.0,15,14,0,0,14,13,20468,1,0,0,1,1
2020-06-30,US,Kentucky,Webster,41,0,0,37.52168356,-87.67989953,21233.0,316.7980219440581,0.0,41,40,0,0,40,40,13111,1,0,0,1,0
2020-06-30,US,Kentucky,Whitley,28,0,0,36.75700531,-84.14541217,21235.0,77.2115596735054,0.0,28,27,0,0,27,25,36242,1,0,0,1,2
2020-06-30,US,Kentucky,Wolfe,2,0,0,37.73941626,-83.49303612,21237.0,27.944669554282516,0.0,2,2,0,0,2,2,7177,0,0,0,0,0
2020-06-30,US,Kentucky,Woodford,67,0,0,38.04178222,-84.7417556,21239.0,250.6171915912321,0.0,67,67,0,0,67,66,26533,0,0,0,0,1
2020-06-30,US,Louisiana,Acadia,878,36,0,30.295064899999996,-92.41419698,22001.0,1415.1019421387705,4.100227790432802,842,850,37,0,813,812,62190,28,-1,0,29,38
2020-06-30,US,Louisiana,Allen,304,10,0,30.65385745,-92.82442028,22003.0,1186.2488781363404,3.2894736842105265,294,287,10,0,277,284,25605,17,0,0,17,3
2020-06-30,US,Louisiana,Ascension,1171,58,0,30.20406249,-90.91328409999998,22005.0,924.9312817920444,4.9530315969257055,1113,1157,58,0,1099,1146,124672,14,0,0,14,11
2020-06-30,US,Louisiana,Assumption,352,14,0,29.89946234,-91.06461642,22007.0,1607.9667443241517,3.977272727272727,338,351,14,0,337,343,22300,1,0,0,1,8
2020-06-30,US,Louisiana,Avoyelles,319,13,0,31.07796211,-92.00079449,22009.0,794.6392985253087,4.075235109717869,306,309,11,0,298,308,40462,10,2,0,8,1
2020-06-30,US,Louisiana,Beauregard,201,8,0,30.64836518,-93.34173616,22011.0,536.0428834306745,3.9800995024875614,193,193,8,0,185,191,37253,8,0,0,8,2
2020-06-30,US,Louisiana,Bienville,227,26,0,32.34569994,-93.05398492,22013.0,1714.372026282003,11.453744493392069,201,220,26,0,194,220,13308,7,0,0,7,0
2020-06-30,US,Louisiana,Bossier,875,30,0,32.67932307,-93.60460152,22015.0,688.7648674816396,3.4285714285714284,845,836,29,0,807,825,127185,39,1,0,38,11
2020-06-30,US,Louisiana,Caddo,3309,235,0,32.57991587,-93.88375652,22017.0,1377.5790578008694,7.1018434572378375,3074,3260,232,0,3028,3211,242922,49,3,0,46,49
2020-06-30,US,Louisiana,Calcasieu,1300,59,0,30.22931235,-93.35400434,22019.0,639.0216087614779,4.538461538461538,1241,1257,54,0,1203,1205,203112,43,5,0,38,52
2020-06-30,US,Louisiana,Caldwell,104,1,0,32.0902519,-92.11752148,22021.0,1048.598507763662,0.9615384615384616,103,104,1,0,103,103,9960,0,0,0,0,1
2020-06-30,US,Louisiana,Cameron,46,0,0,29.87592238,-93.19310676,22023.0,659.6873655528467,0.0,46,40,0,0,40,40,6968,6,0,0,6,0
2020-06-30,US,Louisiana,Catahoula,190,3,0,31.66778967,-91.84526385,22025.0,2001.2639561828526,1.5789473684210529,187,190,3,0,187,188,9608,0,0,0,0,2
2020-06-30,US,Louisiana,Claiborne,120,11,0,32.82308512,-92.99526883,22027.0,765.7945118059987,9.166666666666666,109,116,11,0,105,114,15944,4,0,0,4,2
2020-06-30,US,Louisiana,Concordia,111,6,0,31.44817835,-91.63814433,22029.0,576.3539124565139,5.405405405405406,105,110,6,0,104,107,19572,1,0,0,1,3
2020-06-30,US,Louisiana,De Soto,348,18,0,32.05457447,-93.74130302,22031.0,1267.1594508975713,5.172413793103448,330,341,18,0,323,336,27436,7,0,0,7,5
2020-06-30,US,Louisiana,East Baton Rouge,5123,270,0,30.53842039,-91.09777565,22033.0,1164.1620782667778,5.270349404645716,4853,5034,270,0,4764,4963,440956,89,0,0,89,71
2020-06-30,US,Louisiana,East Carroll,440,1,0,32.73926954,-91.23425694,22035.0,6413.0593207987185,0.2272727272727273,439,432,1,0,431,427,7037,8,0,0,8,5
2020-06-30,US,Louisiana,East Feliciana,297,33,0,30.84425359,-91.04976723,22037.0,1552.1296054350669,11.111111111111109,264,299,33,0,266,298,19305,-2,0,0,-2,1
2020-06-30,US,Louisiana,Evangeline,192,1,0,30.72985248,-92.39915924,22039.0,574.9363677197184,0.5208333333333334,191,177,1,0,176,173,33443,15,0,0,15,4
2020-06-30,US,Louisiana,Franklin,467,14,0,32.13675181,-91.67589857,22041.0,2333.2500624531604,2.9978586723768736,453,468,14,0,454,464,20156,-1,0,0,-1,4
2020-06-30,US,Louisiana,Grant,84,1,0,31.59882456,-92.56124347,22043.0,375.18424226182503,1.1904761904761905,83,83,1,0,82,82,22482,1,0,0,1,1
2020-06-30,US,Louisiana,Iberia,697,44,0,29.86803617,-91.75871777,22045.0,998.138335958757,6.3127690100430405,653,673,44,0,629,636,70941,24,0,0,24,37
2020-06-30,US,Louisiana,Iberville,711,43,0,30.25734305,-91.3499598,22047.0,2186.9521085171173,6.047819971870606,668,702,43,0,659,699,32721,9,0,0,9,3
2020-06-30,US,Louisiana,Jackson,211,16,0,32.30251776,-92.55692092,22049.0,1340.1930894308944,7.582938388625592,195,212,16,0,196,209,15902,-1,0,0,-1,3
2020-06-30,US,Louisiana,Jefferson,9489,484,0,29.74075478,-90.11115756,22051.0,2194.02394952057,5.100642849615344,9005,9403,483,0,8920,9342,434051,86,1,0,85,61
2020-06-30,US,Louisiana,Jefferson Davis,349,9,0,30.26896765,-92.81210004,22053.0,1112.5988268298904,2.5787965616045847,340,339,8,0,331,328,31582,10,1,0,9,11
2020-06-30,US,Louisiana,LaSalle,97,0,0,31.67884782,-92.15907765,22059.0,651.3564329841525,0.0,97,96,0,0,96,91,14917,1,0,0,1,5
2020-06-30,US,Louisiana,Lafayette,2158,42,0,30.2049055,-92.06959876,22055.0,883.0148533082369,1.946246524559777,2116,2058,41,0,2017,1972,242782,100,1,0,99,86
2020-06-30,US,Louisiana,Lafourche,1149,87,0,29.52470226,-90.40976986,22057.0,1177.0852541643615,7.571801566579634,1062,1119,86,0,1033,1097,98115,30,1,0,29,22
2020-06-30,US,Louisiana,Lincoln,323,18,0,32.6003154,-92.66597409999999,22061.0,691.0273415771683,5.572755417956658,305,314,18,0,296,312,47196,9,0,0,9,2
2020-06-30,US,Louisiana,Livingston,903,37,0,30.44143993,-90.73061664,22063.0,641.3853355020634,4.097452934662236,866,860,37,0,823,846,139567,43,0,0,43,14
2020-06-30,US,Louisiana,Madison,356,2,0,32.36918118,-91.23973355,22065.0,3250.844671719477,0.5617977528089888,354,352,2,0,350,347,11161,4,0,0,4,5
2020-06-30,US,Louisiana,Morehouse,235,8,0,32.81686191,-91.80421614,22067.0,944.7615984562192,3.404255319148936,227,237,8,0,229,236,25398,-2,0,0,-2,1
2020-06-30,US,Louisiana,Natchitoches,280,14,0,31.72321584,-93.09816516,22069.0,733.7910791970229,5.0,266,280,14,0,266,280,38659,0,0,0,0,0
2020-06-30,US,Louisiana,Orleans,7851,534,0,30.06971951,-89.92660315,22071.0,2012.333907480315,6.801681314482233,7317,7796,532,0,7264,7760,391006,55,2,0,53,36
2020-06-30,US,Louisiana,Ouachita,2392,74,0,32.47645559,-92.15704172,22073.0,1560.5529785554447,3.0936454849498327,2318,2331,73,0,2258,2267,154475,61,1,0,60,64
2020-06-30,US,Louisiana,Plaquemines,261,17,0,29.42245447,-89.60322085,22075.0,1125.145492951675,6.5134099616858245,244,260,17,0,243,257,23410,1,0,0,1,3
2020-06-30,US,Louisiana,Pointe Coupee,245,27,0,30.71409502,-91.60209535,22077.0,1127.4735388863326,11.020408163265307,218,237,27,0,210,234,21940,8,0,0,8,3
2020-06-30,US,Louisiana,Rapides,1536,59,0,31.19778499,-92.52997303,22079.0,1184.7463902258423,3.8411458333333335,1477,1499,57,0,1442,1498,130562,37,2,0,35,1
2020-06-30,US,Louisiana,Red River,60,8,0,32.09530039,-93.34213308,22081.0,710.7320540156361,13.333333333333336,52,60,8,0,52,60,8477,0,0,0,0,0
2020-06-30,US,Louisiana,Richland,188,4,0,32.41391005,-91.76634876,22083.0,934.3007653314779,2.127659574468085,184,183,4,0,179,175,20192,5,0,0,5,8
2020-06-30,US,Louisiana,Sabine,82,1,0,31.56388699,-93.55433981,22085.0,343.3260760341651,1.2195121951219512,81,77,1,0,76,77,24032,5,0,0,5,0
2020-06-30,US,Louisiana,St. Bernard,617,23,0,29.87761636,-89.51887093,22087.0,1305.985945305224,3.7277147487844413,594,611,23,0,588,607,46721,6,0,0,6,4
2020-06-30,US,Louisiana,St. Charles,759,49,0,29.90709658,-90.35555967,22089.0,1429.3785310734463,6.4558629776021075,710,741,49,0,692,736,52879,18,0,0,18,5
2020-06-30,US,Louisiana,St. Helena,97,1,0,30.82210324,-90.71013176,22091.0,957.3628108961707,1.0309278350515465,96,90,1,0,89,89,10262,7,0,0,7,1
2020-06-30,US,Louisiana,St. James,367,29,0,30.02531716,-90.80212061,22093.0,1739.6662874478573,7.901907356948229,338,351,28,0,323,349,21037,16,1,0,15,2
2020-06-30,US,Louisiana,St. John the Baptist,970,86,0,30.12597499,-90.4753503,22095.0,2264.39760020543,8.8659793814433,884,960,86,0,874,952,43184,10,0,0,10,8
2020-06-30,US,Louisiana,St. Landry,626,57,0,30.59724262,-92.00135806,22097.0,762.2619453509328,9.105431309904152,569,619,57,0,562,605,82764,7,0,0,7,14
2020-06-30,US,Louisiana,St. Martin,712,26,0,30.13112107,-91.61403569,22099.0,1332.5597499578896,3.651685393258427,686,685,26,0,659,661,53621,27,0,0,27,24
2020-06-30,US,Louisiana,St. Mary,469,38,0,29.69262097,-91.44702164,22101.0,950.3931263678363,8.102345415778252,431,457,38,0,419,443,49774,12,0,0,12,14
2020-06-30,US,Louisiana,St. Tammany,2308,175,0,30.40942847,-89.95642711,22103.0,886.2640590740308,7.582322357019064,2133,2327,175,0,2152,2288,258111,-19,0,0,-19,39
2020-06-30,US,Louisiana,Tangipahoa,1304,43,0,30.62888673,-90.40664996,22105.0,967.6605470547203,3.2975460122699385,1261,1295,43,0,1252,1273,133777,9,0,0,9,22
2020-06-30,US,Louisiana,Tensas,26,0,0,32.00760749,-91.32915234,22107.0,599.9077065066913,0.0,26,24,0,0,24,24,4462,2,0,0,2,0
2020-06-30,US,Louisiana,Terrebonne,1030,61,0,29.37343766,-90.82626855,22109.0,932.4557988792424,5.922330097087379,969,1011,61,0,950,988,111021,19,0,0,19,23
2020-06-30,US,Louisiana,Unassigned,2,108,0,0.0,0.0,90022.0,0.0,5400.0,-106,11,108,0,-97,11,,-9,0,0,-9,0
2020-06-30,US,Louisiana,Union,422,24,0,32.83121059,-92.3749373,22111.0,1908.811290030758,5.6872037914691935,398,417,24,0,393,412,22330,5,0,0,5,5
2020-06-30,US,Louisiana,Vermilion,251,6,0,29.83517605,-92.30292538,22113.0,421.7707650686428,2.3904382470119523,245,238,6,0,232,229,59830,13,0,0,13,9
2020-06-30,US,Louisiana,Vernon,138,8,0,31.10884837,-93.18153838,22115.0,290.9612262539796,5.797101449275362,130,116,7,0,109,111,48860,22,1,0,21,5
2020-06-30,US,Louisiana,Washington,678,46,0,30.85288548,-90.03866652,22117.0,1467.7230809195999,6.784660766961652,632,663,46,0,617,647,46582,15,0,0,15,16
2020-06-30,US,Louisiana,Webster,418,11,0,32.70847669,-93.33121835,22119.0,1090.245174752217,2.631578947368421,407,409,10,0,399,402,38798,9,1,0,8,7
2020-06-30,US,Louisiana,West Baton Rouge,258,30,0,30.46058217,-91.30989571,22121.0,974.8724730776497,11.627906976744184,228,252,30,0,222,248,26427,6,0,0,6,4
2020-06-30,US,Louisiana,West Carroll,124,5,0,32.78550125,-91.461201,22123.0,1144.9676823638042,4.032258064516129,119,118,5,0,113,115,10982,6,0,0,6,3
2020-06-30,US,Louisiana,West Feliciana,246,14,0,30.87882871,-91.41485379999999,22125.0,1580.16443987667,5.691056910569106,232,242,14,0,228,242,15460,4,0,0,4,0
2020-06-30,US,Louisiana,Winn,242,5,0,31.94449367,-92.63789413,22127.0,1740.506329113924,2.066115702479338,237,242,5,0,237,241,14134,0,0,0,0,1
2020-06-30,US,Maine,Androscoggin,483,4,0,44.1664747,-70.20380627,23001.0,446.078114465676,0.8281573498964804,479,476,4,0,472,476,107679,7,0,0,7,0
2020-06-30,US,Maine,Aroostook,23,1,0,46.65926321,-68.59841248,23003.0,34.30020132726866,4.3478260869565215,22,22,1,0,21,23,67111,1,0,0,1,-1
2020-06-30,US,Maine,Cumberland,1715,60,0,43.8370751,-70.37226999,23005.0,581.3500201692864,3.498542274052478,1655,1697,60,0,1637,1682,293557,18,0,0,18,15
2020-06-30,US,Maine,Franklin,41,1,0,44.97330019,-70.44381045,23007.0,135.76608496970098,2.4390243902439024,40,41,1,0,40,39,29897,0,0,0,0,2
2020-06-30,US,Maine,Hancock,16,1,0,44.59816444,-68.38401854,23009.0,29.09778674959536,6.25,15,16,1,0,15,16,54811,0,0,0,0,0
2020-06-30,US,Maine,Kennebec,146,10,0,44.40759555,-69.76738544,23011.0,119.37662507563243,6.849315068493151,136,146,10,0,136,143,122083,0,0,0,0,3
2020-06-30,US,Maine,Knox,24,1,0,44.11486325,-69.10529169,23013.0,60.34396057527909,4.166666666666667,23,24,1,0,23,24,39771,0,0,0,0,0
2020-06-30,US,Maine,Lincoln,23,0,0,44.05996956,-69.54227124,23015.0,66.40873130449847,0.0,23,23,0,0,23,23,34342,0,0,0,0,0
2020-06-30,US,Maine,Oxford,37,0,0,44.49952995,-70.75682123,23017.0,63.820612332902115,0.0,37,37,0,0,37,35,57618,0,0,0,0,2
2020-06-30,US,Maine,Penobscot,106,2,0,45.40194593,-68.65020455,23019.0,69.66900649367722,1.8867924528301887,104,106,2,0,104,105,151096,0,0,0,0,1
2020-06-30,US,Maine,Piscataquis,3,0,0,45.83839062,-69.2860223,23021.0,17.873100983020553,0.0,3,3,0,0,3,3,16800,0,0,0,0,0
2020-06-30,US,Maine,Sagadahoc,34,0,0,43.95415864,-69.85074999,23023.0,94.82373940205264,0.0,34,34,0,0,34,34,35634,0,0,0,0,0
2020-06-30,US,Maine,Somerset,28,0,0,45.51229767,-69.95995554,23025.0,55.463117027176935,0.0,28,28,0,0,28,27,50592,0,0,0,0,1
2020-06-30,US,Maine,Unassigned,2,0,0,0.0,0.0,90023.0,0.0,0.0,2,5,0,0,5,5,,-3,0,0,-3,0
2020-06-30,US,Maine,Waldo,55,14,0,44.4858305,-69.12061935,23027.0,138.48671786478658,25.45454545454545,41,55,14,0,41,55,39694,0,0,0,0,0
2020-06-30,US,Maine,Washington,2,0,0,45.01607142,-67.62813524,23029.0,6.373689410115046,0.0,2,2,0,0,2,2,31490,0,0,0,0,0
2020-06-30,US,Maine,York,515,11,0,43.47808377,-70.71052375,23031.0,248.02423413487702,2.1359223300970878,504,504,11,0,493,499,206229,11,0,0,11,5
2020-06-30,US,Maryland,Allegany,205,17,0,39.62357628,-78.69280486,24001.0,291.12701658713934,8.292682926829269,188,204,17,0,187,204,70975,1,0,0,1,0
2020-06-30,US,Maryland,Anne Arundel,5109,207,0,39.00670238,-76.60329337,24003.0,882.0269528377133,4.051673517322373,4902,5092,207,0,4885,5055,576031,17,0,0,17,37
2020-06-30,US,Maryland,Baltimore,7985,473,0,39.45784712,-76.62911955,24005.0,965.1063006877214,5.923606762680025,7512,7929,470,0,7459,7847,828431,56,3,0,53,82
2020-06-30,US,Maryland,Baltimore City,7546,337,0,39.30211911,-76.61151012,24510.0,1271.46202968879,4.465942221044261,7209,7498,335,0,7163,7416,621342,48,2,0,46,82
2020-06-30,US,Maryland,Calvert,414,27,0,38.53961642,-76.56820632,24009.0,447.44663604431236,6.521739130434782,387,413,26,0,387,410,92003,1,1,0,0,3
2020-06-30,US,Maryland,Caroline,319,3,0,38.87172293,-75.82904158,24011.0,954.9182781536252,0.9404388714733544,316,318,3,0,315,315,33304,1,0,0,1,3
2020-06-30,US,Maryland,Carroll,1117,112,0,39.56453592,-77.02373735,24013.0,663.1165886005688,10.026857654431511,1005,1114,112,0,1002,1105,168429,3,0,0,3,9
2020-06-30,US,Maryland,Cecil,479,29,0,39.56647682,-75.94627411,24015.0,465.70414661416567,6.054279749478079,450,478,29,0,449,473,102826,1,0,0,1,5
2020-06-30,US,Maryland,Charles,1393,86,0,38.51092331,-76.98580666,24017.0,853.2559093943904,6.173725771715722,1307,1383,86,0,1297,1371,161503,10,0,0,10,12
2020-06-30,US,Maryland,Dorchester,188,5,0,38.45413522,-76.02752426,24019.0,588.8064142315764,2.6595744680851063,183,188,5,0,183,185,31998,0,0,0,0,3
2020-06-30,US,Maryland,Frederick,2490,117,0,39.47296601,-77.39999394,24021.0,959.3638146462877,4.698795180722891,2373,2486,117,0,2369,2471,255648,4,0,0,4,15
2020-06-30,US,Maryland,Garrett,11,0,0,39.52786077,-79.27355126,24023.0,37.91273178465568,0.0,11,11,0,0,11,11,29163,0,0,0,0,0
2020-06-30,US,Maryland,Harford,1116,62,0,39.55010644,-76.30775940000002,24025.0,436.89149353471055,5.5555555555555545,1054,1108,62,0,1046,1096,253956,8,0,0,8,12
2020-06-30,US,Maryland,Howard,2538,84,0,39.25305293,-76.93126208,24027.0,779.2686296785288,3.309692671394799,2454,2527,85,0,2442,2501,323196,11,-1,0,12,26
2020-06-30,US,Maryland,Kent,198,23,0,39.24976208,-76.04741541,24029.0,1019.4624652455977,11.616161616161616,175,199,23,0,176,198,19383,-1,0,0,-1,1
2020-06-30,US,Maryland,Montgomery,14737,738,0,39.13676329,-77.20358245,24031.0,1402.6047694463055,5.007803487819774,13999,14675,736,0,13939,14607,1052567,62,2,0,60,68
2020-06-30,US,Maryland,Prince George's,18572,682,0,38.83070039,-76.8496441,24033.0,2042.3895914231075,3.672194701701486,17890,18505,680,0,17825,18414,909308,67,2,0,65,91
2020-06-30,US,Maryland,Queen Anne's,230,17,0,39.06198912,-76.03530977,24035.0,456.5213076358151,7.391304347826088,213,227,17,0,210,226,50251,3,0,0,3,1
2020-06-30,US,Maryland,Somerset,87,3,0,38.1163542,-75.75118623,24039.0,339.631480324797,3.4482758620689653,84,87,3,0,84,86,25675,0,0,0,0,1
2020-06-30,US,Maryland,St. Mary's,637,51,0,38.30058422,-76.60629279999998,24037.0,561.1840366487534,8.006279434850864,586,633,51,0,582,620,112664,4,0,0,4,13
2020-06-30,US,Maryland,Talbot,137,4,0,38.76618159,-76.10882561,24041.0,368.4677657943573,2.9197080291970803,133,136,4,0,132,130,36968,1,0,0,1,6
2020-06-30,US,Maryland,Unassigned,0,29,0,0.0,0.0,90024.0,0.0,0.0,-29,0,24,0,-24,0,,0,5,0,-5,0
2020-06-30,US,Maryland,Washington,698,27,0,39.60835778,-77.82002295,24043.0,462.1017020966705,3.8681948424068766,671,695,26,0,669,694,150926,3,1,0,2,1
2020-06-30,US,Maryland,Wicomico,1067,41,0,38.37301947,-75.62705831,24045.0,1029.8333156386032,3.8425492033739457,1026,1062,41,0,1021,1060,103195,5,0,0,5,2
2020-06-30,US,Maryland,Worcester,286,16,0,38.21274277,-75.33200012,24047.0,547.0961818042697,5.594405594405594,270,286,16,0,270,282,51823,0,0,0,0,4
2020-06-30,US,Massachusetts,Barnstable,1538,144,0,41.72980578,-70.28854339,25001.0,722.0996290905676,9.362808842652797,1394,1535,145,0,1390,1532,213413,3,-1,0,4,3
2020-06-30,US,Massachusetts,Berkshire,594,44,0,42.37428441,-73.20524838,25003.0,475.41298501728767,7.407407407407407,550,594,44,0,550,594,126348,0,0,0,0,0
2020-06-30,US,Massachusetts,Bristol,8225,574,0,41.79228404,-71.10872211,25005.0,1455.1933151338337,6.97872340425532,7651,8208,575,0,7633,8198,564022,17,-1,0,18,10
2020-06-30,US,Massachusetts,Dukes and Nantucket,64,0,0,41.40674725,-70.68763497,0.0,222.75590825241028,0.0,64,64,0,0,64,63,26707,0,0,0,0,1
2020-06-30,US,Massachusetts,Essex,16088,1104,0,42.6687626,-70.94687179,25009.0,2038.9488919362161,6.862257583291893,14984,16069,1106,0,14963,16053,790638,19,-2,0,21,16
2020-06-30,US,Massachusetts,Franklin,366,54,0,42.58119713,-72.58602547,25011.0,521.5161014534056,14.754098360655734,312,366,54,0,312,366,70963,0,0,0,0,0
2020-06-30,US,Massachusetts,Hampden,6776,655,0,42.13440424,-72.63235561,25013.0,1452.917413566852,9.666469893742619,6121,6765,664,0,6101,6760,470406,11,-9,0,20,5
2020-06-30,US,Massachusetts,Hampshire,962,110,0,42.33997957,-72.65898478,25015.0,598.1471118572406,11.434511434511435,852,959,110,0,849,958,161355,3,0,0,3,1
2020-06-30,US,Massachusetts,Middlesex,23962,1851,0,42.48607732,-71.39049229,25017.0,1486.7540403015698,7.724730823804357,22111,23946,1862,0,22084,23915,1614714,16,-11,0,27,31
2020-06-30,US,Massachusetts,Norfolk,9166,923,0,42.16073095,-71.20530408,25021.0,1296.8766580594956,10.069823259873443,8243,9161,930,0,8231,9151,705388,5,-7,0,12,10
2020-06-30,US,Massachusetts,Plymouth,8684,665,0,41.94070556,-70.80802823,25023.0,1666.1486333513685,7.65776140027637,8019,8676,666,0,8010,8671,518132,8,-1,0,9,5
2020-06-30,US,Massachusetts,Suffolk,19819,1002,0,42.327951399999996,-71.07850442,25025.0,2465.334920581609,5.0557545789394025,18817,19795,1007,0,18788,19795,807252,24,-5,0,29,0
2020-06-30,US,Massachusetts,Unassigned,288,7,0,0.0,0.0,90025.0,0.0,2.430555555555556,281,288,7,0,281,287,,0,0,0,0,1
2020-06-30,US,Massachusetts,Worcester,12350,920,0,42.35026951,-71.90493363,25027.0,1486.8375747331518,7.449392712550608,11430,12342,924,0,11418,12324,830839,8,-4,0,12,18
2020-06-30,US,Michigan,Alcona,22,1,0,44.6846864,-83.59507875,26001.0,211.43680922633345,4.545454545454546,21,21,1,0,20,21,10362,1,0,0,1,0
2020-06-30,US,Michigan,Alger,3,0,0,46.41292944,-86.60260122,26003.0,32.93807641633729,0.0,3,3,0,0,3,3,9097,0,0,0,0,0
2020-06-30,US,Michigan,Allegan,312,7,0,42.59147037,-85.89102866,26005.0,264.2254045951508,2.243589743589744,305,308,6,0,302,306,117327,4,1,0,3,2
2020-06-30,US,Michigan,Alpena,120,11,0,45.03477666,-83.62212411,26007.0,422.4608343601479,9.166666666666666,109,119,11,0,108,118,28360,1,0,0,1,1
2020-06-30,US,Michigan,Antrim,18,0,0,44.99690221,-85.15503082,26009.0,77.17372663351055,0.0,18,18,0,0,18,18,23365,0,0,0,0,0
2020-06-30,US,Michigan,Arenac,38,2,0,44.0636262,-83.89277559,26011.0,255.32486729825973,5.2631578947368425,36,38,2,0,36,39,15041,0,0,0,0,-1
2020-06-30,US,Michigan,Baraga,5,0,0,46.6720582,-88.36363591,26013.0,60.908758679498106,0.0,5,5,0,0,5,4,8320,0,0,0,0,1
2020-06-30,US,Michigan,Barry,102,2,0,42.59513984,-85.30834519,26015.0,165.71892770105606,1.96078431372549,100,98,2,0,96,97,61157,4,0,0,4,1
2020-06-30,US,Michigan,Bay,392,30,0,43.70639106,-83.98731479,26017.0,380.11752613307993,7.653061224489796,362,387,30,0,357,386,103923,5,0,0,5,1
2020-06-30,US,Michigan,Benzie,12,0,0,44.63899297,-86.01608482,26019.0,67.54474839581222,0.0,12,9,0,0,9,7,17753,3,0,0,3,2
2020-06-30,US,Michigan,Berrien,882,60,0,41.95447397,-86.41313079999998,26021.0,574.9636573425206,6.802721088435375,822,879,60,0,819,870,154141,3,0,0,3,9
2020-06-30,US,Michigan,Branch,257,2,0,41.91600556,-85.05929476,26023.0,590.573798745318,0.7782101167315175,255,257,2,0,255,257,43622,0,0,0,0,0
2020-06-30,US,Michigan,Calhoun,536,33,0,42.24633834,-85.00493569,26025.0,399.52593564352753,6.156716417910447,503,532,33,0,499,526,134487,4,0,0,4,6
2020-06-30,US,Michigan,Cass,145,5,0,41.91522292,-85.99405727,26027.0,279.9930484484523,3.4482758620689653,140,139,5,0,134,136,51653,6,0,0,6,3
2020-06-30,US,Michigan,Charlevoix,27,2,0,45.37790017,-85.19614053,26029.0,103.27812416325594,7.407407407407407,25,26,2,0,24,26,26244,1,0,0,1,0
2020-06-30,US,Michigan,Cheboygan,27,2,0,45.44787015,-84.50122149,26031.0,106.82069947776549,7.407407407407407,25,27,2,0,25,27,25413,0,0,0,0,0
2020-06-30,US,Michigan,Chippewa,10,0,0,46.29552653,-84.54353449,26033.0,26.774478567029906,0.0,10,5,0,0,5,5,37517,5,0,0,5,0
2020-06-30,US,Michigan,Clare,28,3,0,43.98794227,-84.84819859999998,26035.0,90.46849757673668,10.714285714285714,25,27,3,0,24,27,30757,1,0,0,1,0
2020-06-30,US,Michigan,Clinton,223,12,0,42.94400871,-84.60145248,26037.0,280.1683522834349,5.381165919282512,211,220,12,0,208,217,79332,3,0,0,3,3
2020-06-30,US,Michigan,Crawford,70,5,0,44.68255561,-84.61006219,26039.0,498.9664266875757,7.142857142857142,65,71,5,0,66,68,13901,-1,0,0,-1,3
2020-06-30,US,Michigan,Delta,23,3,0,45.90484910000001,-86.9080745,26041.0,64.27453610552202,13.043478260869565,20,21,3,0,18,21,35857,2,0,0,2,0
2020-06-30,US,Michigan,Dickinson,7,2,0,46.00999672,-87.86961634,26043.0,27.734854788224567,28.57142857142857,5,7,2,0,5,7,25383,0,0,0,0,0
2020-06-30,US,Michigan,Eaton,327,7,0,42.59599185,-84.83740035,26045.0,296.5502230928284,2.1406727828746184,320,319,7,0,312,314,109826,8,0,0,8,5
2020-06-30,US,Michigan,Emmet,27,2,0,45.52625509,-84.89083249,26047.0,80.80203501421518,7.407407407407407,25,27,2,0,25,27,33308,0,0,0,0,0
2020-06-30,US,Michigan,Federal Correctional Institution (FCI),183,5,0,0.0,0.0,0.0,0.0,2.7322404371584703,178,181,5,0,176,181,,2,0,0,2,0
2020-06-30,US,Michigan,Genesee,2734,288,0,43.02244215,-83.70589709,26049.0,673.7093193170252,10.5340160936357,2446,2715,288,0,2427,2690,406892,19,0,0,19,25
2020-06-30,US,Michigan,Gladwin,27,1,0,43.98901072,-84.38774817,26051.0,106.09454202522691,3.703703703703704,26,26,1,0,25,26,25337,1,0,0,1,0
2020-06-30,US,Michigan,Gogebic,7,1,0,46.40862701,-89.69377193,26053.0,50.08944543828265,14.285714285714285,6,7,1,0,6,7,15096,0,0,0,0,0
2020-06-30,US,Michigan,Grand Traverse,48,5,0,44.69565625,-85.55585247,26055.0,51.564111378480575,10.416666666666666,43,47,5,0,42,44,92573,1,0,0,1,3
2020-06-30,US,Michigan,Gratiot,92,13,0,43.29265605,-84.60505416,26057.0,225.98314951732948,14.130434782608695,79,92,13,0,79,92,40599,0,0,0,0,0
2020-06-30,US,Michigan,Hillsdale,194,25,0,41.88753639,-84.59312019,26059.0,425.39195263677226,12.88659793814433,169,194,25,0,169,193,45749,0,0,0,0,1
2020-06-30,US,Michigan,Houghton,11,0,0,46.89988536,-88.68495385,26061.0,30.82614056720099,0.0,11,11,0,0,11,11,36219,0,0,0,0,0
2020-06-30,US,Michigan,Huron,65,3,0,43.83353985,-83.04078453,26063.0,209.80601013524415,4.615384615384615,62,65,3,0,62,65,31166,0,0,0,0,0
2020-06-30,US,Michigan,Ingham,1019,29,0,42.59716886,-84.37472069,26065.0,348.4880611204969,2.845927379784102,990,1002,29,0,973,992,292735,17,0,0,17,10
2020-06-30,US,Michigan,Ionia,195,4,0,42.94502238,-85.07413319,26067.0,301.40501105151714,2.051282051282051,191,194,4,0,190,193,64210,1,0,0,1,1
2020-06-30,US,Michigan,Iosco,113,10,0,44.35486835,-83.63484895,26069.0,449.71544553667366,8.849557522123892,103,113,10,0,103,112,25081,0,0,0,0,1
2020-06-30,US,Michigan,Iron,5,1,0,46.20974132,-88.53136251,26071.0,45.18344478583048,20.0,4,5,1,0,4,5,11117,0,0,0,0,0
2020-06-30,US,Michigan,Isabella,123,8,0,43.64060976,-84.84664923,26073.0,176.03618044424093,6.5040650406504055,115,122,8,0,114,122,70562,1,0,0,1,0
2020-06-30,US,Michigan,Jackson,505,30,0,42.24807035,-84.42258681,26075.0,318.59188694719575,5.9405940594059405,475,497,30,0,467,494,158823,8,0,0,8,3
2020-06-30,US,Michigan,Kalamazoo,1084,67,0,42.24542231,-85.53038622,26077.0,408.9547508922306,6.180811808118081,1017,1069,67,0,1002,1063,264870,15,0,0,15,6
2020-06-30,US,Michigan,Kalkaska,33,2,0,44.68512729,-85.09085699,26079.0,182.94711165317662,6.0606060606060606,31,32,2,0,30,32,17824,1,0,0,1,0
2020-06-30,US,Michigan,Kent,4900,134,0,43.03197711,-85.54934642,26081.0,745.8653941289737,2.7346938775510203,4766,4862,132,0,4730,4849,653786,38,2,0,36,13
2020-06-30,US,Michigan,Keweenaw,1,0,0,47.63197653,-88.41434263,26083.0,47.25897920604915,0.0,1,1,0,0,1,1,2113,0,0,0,0,0
2020-06-30,US,Michigan,Lake,8,0,0,43.99050893,-85.802173,26085.0,67.49346157091031,0.0,8,7,0,0,7,7,11881,1,0,0,1,0
2020-06-30,US,Michigan,Lapeer,292,31,0,43.09052506,-83.22153148,26087.0,333.30669923636236,10.616438356164382,261,291,31,0,260,288,88028,1,0,0,1,3
2020-06-30,US,Michigan,Leelanau,17,0,0,44.94430054,-85.80150326,26089.0,78.12140986167915,0.0,17,16,0,0,16,16,21764,1,0,0,1,0
2020-06-30,US,Michigan,Lenawee,220,6,0,41.89475156,-84.06603727,26091.0,223.46141735482627,2.727272727272727,214,214,6,0,208,210,98266,6,0,0,6,4
2020-06-30,US,Michigan,Livingston,572,28,0,42.60302282,-83.91297209,26093.0,297.9244251152374,4.895104895104895,544,568,28,0,540,566,191224,4,0,0,4,2
2020-06-30,US,Michigan,Luce,3,0,0,46.47227431,-85.54471223,26095.0,48.16182372772515,0.0,3,3,0,0,3,3,6283,0,0,0,0,0
2020-06-30,US,Michigan,Mackinac,9,0,0,46.07028979,-85.04980537,26097.0,83.34105009723123,0.0,9,8,0,0,8,8,10787,1,0,0,1,0
2020-06-30,US,Michigan,Macomb,7359,916,0,42.69158356,-82.92752801,26099.0,842.0178220812566,12.447343389047425,6443,7317,907,0,6410,7297,874759,42,9,0,33,20
2020-06-30,US,Michigan,Manistee,19,0,0,44.33352407,-86.05626916,26101.0,77.36786383255965,0.0,19,16,0,0,16,16,24528,3,0,0,3,0
2020-06-30,US,Michigan,Marquette,64,11,0,46.4338914,-87.64043701,26103.0,95.95346257065323,17.1875,53,64,11,0,53,64,66516,0,0,0,0,0
2020-06-30,US,Michigan,Mason,51,0,0,43.99509218,-86.24988902,26105.0,174.99313752401866,0.0,51,46,0,0,46,45,29100,5,0,0,5,1
2020-06-30,US,Michigan,Mecosta,29,2,0,43.64064262,-85.32463223,26107.0,66.7387752284077,6.896551724137932,27,29,2,0,27,29,43545,0,0,0,0,0
2020-06-30,US,Michigan,Menominee,16,0,0,45.58038692,-87.55370409,26109.0,70.23705004389814,0.0,16,16,0,0,16,16,22983,0,0,0,0,0
2020-06-30,US,Michigan,Michigan Department of Corrections (MDOC),4107,68,0,0.0,0.0,0.0,0.0,1.6557097638178717,4039,4106,68,0,4038,4104,,1,0,0,1,2
2020-06-30,US,Michigan,Midland,166,9,0,43.64330771,-84.38804374,26111.0,199.62480157775747,5.421686746987952,157,164,9,0,155,164,83209,2,0,0,2,0
2020-06-30,US,Michigan,Missaukee,29,1,0,44.33772443,-85.09256478,26113.0,191.824315385633,3.4482758620689653,28,29,1,0,28,28,15113,0,0,0,0,1
2020-06-30,US,Michigan,Monroe,617,21,0,41.92734151,-83.53749864,26115.0,409.9667774086378,3.4035656401944894,596,606,21,0,585,603,150439,11,0,0,11,3
2020-06-30,US,Michigan,Montcalm,88,1,0,43.31082541,-85.15252824,26117.0,137.7410468319559,1.1363636363636365,87,87,1,0,86,86,63968,1,0,0,1,1
2020-06-30,US,Michigan,Montmorency,5,0,0,45.0275929,-84.12696227,26119.0,53.60205831903945,0.0,5,5,0,0,5,5,9265,0,0,0,0,0
2020-06-30,US,Michigan,Muskegon,815,51,0,43.29123859,-86.15176712,26121.0,469.5620109929364,6.257668711656443,764,811,50,0,761,807,173588,4,1,0,3,4
2020-06-30,US,Michigan,Newaygo,167,0,0,43.554373999999996,-85.80070107,26123.0,340.9554920375664,0.0,167,165,0,0,165,163,48892,2,0,0,2,2
2020-06-30,US,Michigan,Oakland,12017,1090,0,42.66090111,-83.38595416,26125.0,955.5624117355184,9.070483481734211,10927,11942,1085,0,10857,11916,1259201,75,5,0,70,26
2020-06-30,US,Michigan,Oceana,287,3,0,43.64124435,-86.26726673,26127.0,1084.3692144935203,1.0452961672473868,284,280,3,0,277,263,26625,7,0,0,7,17
2020-06-30,US,Michigan,Ogemaw,33,2,0,44.33481032,-84.12725175,26129.0,157.16530932990426,6.0606060606060606,31,33,2,0,31,32,20952,0,0,0,0,1
2020-06-30,US,Michigan,Osceola,29,0,0,43.98992088,-85.32566756,26133.0,123.614663256607,0.0,29,29,0,0,29,27,23341,0,0,0,0,2
2020-06-30,US,Michigan,Oscoda,18,1,0,44.68192279,-84.12939244,26135.0,218.4200946487077,5.5555555555555545,17,16,1,0,15,16,8276,2,0,0,2,0
2020-06-30,US,Michigan,Otsego,122,10,0,45.02085831,-84.59898295,26137.0,494.56786119669215,8.196721311475411,112,122,10,0,112,122,24665,0,0,0,0,0
2020-06-30,US,Michigan,Ottawa,1036,51,0,42.95996803,-85.9969107,26139.0,355.0011993283762,4.922779922779923,985,1013,51,0,962,1012,290494,23,0,0,23,1
2020-06-30,US,Michigan,Out of MI,104,0,0,0.0,0.0,80026.0,0.0,0.0,104,99,0,0,99,96,,5,0,0,5,3
2020-06-30,US,Michigan,Presque Isle,12,0,0,45.34018577,-83.91498656,26141.0,95.29860228716646,0.0,12,12,0,0,12,12,12738,0,0,0,0,0
2020-06-30,US,Michigan,Roscommon,26,0,0,44.33473082,-84.61067651,26143.0,108.2476372871477,0.0,26,26,0,0,26,26,23884,0,0,0,0,0
2020-06-30,US,Michigan,Saginaw,1286,123,0,43.33433923,-84.05131209999998,26145.0,674.9274426757777,9.564541213063764,1163,1275,123,0,1152,1268,190800,11,0,0,11,7
2020-06-30,US,Michigan,Sanilac,47,6,0,43.42406072,-82.82055898,26151.0,114.16079669662376,12.76595744680851,41,46,6,0,40,44,41182,1,0,0,1,2
2020-06-30,US,Michigan,Schoolcraft,4,0,0,46.19235734,-86.19972234,26153.0,49.419322955275504,0.0,4,4,0,0,4,4,8068,0,0,0,0,0
2020-06-30,US,Michigan,Shiawassee,273,28,0,42.95392800000001,-84.14585902,26155.0,400.7515927306891,10.256410256410255,245,272,27,0,245,269,68192,1,1,0,0,3
2020-06-30,US,Michigan,St. Clair,558,50,0,42.92655373,-82.67937954,26147.0,350.6611030114122,8.960573476702507,508,552,49,0,503,549,159337,6,1,0,5,3
2020-06-30,US,Michigan,St. Joseph,320,4,0,41.91441767,-85.52797979,26149.0,524.8999409487567,1.25,316,307,4,0,303,289,61043,13,0,0,13,18
2020-06-30,US,Michigan,Tuscola,232,26,0,43.46606813,-83.41897025,26157.0,444.0616326921236,11.20689655172414,206,234,26,0,208,233,52516,-2,0,0,-2,1
2020-06-30,US,Michigan,Unassigned,3,0,0,0.0,0.0,90026.0,0.0,0.0,3,3,0,0,3,7,,0,0,0,0,-4
2020-06-30,US,Michigan,Van Buren,225,8,0,42.25190229,-86.01939087,26159.0,297.31622553748167,3.555555555555556,217,226,7,0,219,225,75448,-1,1,0,-2,1
2020-06-30,US,Michigan,Washtenaw,1699,105,0,42.253105,-83.83853204,26161.0,462.18590264988404,6.180105944673338,1594,1683,104,0,1579,1670,370963,16,1,0,15,13
2020-06-30,US,Michigan,Wayne,22767,2720,0,42.28098405,-83.281255,26163.0,1301.460033852709,11.947116440462072,20047,22662,2711,0,19951,22621,1753893,105,9,0,96,41
2020-06-30,US,Michigan,Wexford,25,4,0,44.33853602,-85.57712739,26165.0,74.3361779310755,16.0,21,21,3,0,18,21,33466,4,1,0,3,0
2020-06-30,US,Minnesota,Aitkin,14,0,0,46.60962049,-93.41168259999999,27001.0,88.12791136850056,0.0,14,13,0,0,13,13,15902,1,0,0,1,0
2020-06-30,US,Minnesota,Anoka,2097,107,0,45.27476015,-93.24604565,27003.0,587.5249705116819,5.1025274201239865,1990,2076,107,0,1969,2053,353813,21,0,0,21,23
2020-06-30,US,Minnesota,Becker,54,0,0,46.93479392,-95.67158144,27005.0,156.87185893152838,0.0,54,54,0,0,54,54,34371,0,0,0,0,0
2020-06-30,US,Minnesota,Beltrami,27,0,0,47.97373527,-94.93732139,27007.0,57.217936763583964,0.0,27,27,0,0,27,27,46847,0,0,0,0,0
2020-06-30,US,Minnesota,Benton,208,3,0,45.69804958,-93.99514135,27009.0,508.6942698525276,1.4423076923076923,205,208,3,0,205,208,40545,0,0,0,0,0
2020-06-30,US,Minnesota,Big Stone,14,0,0,45.42712824,-96.41403739,27011.0,280.50490883590464,0.0,14,14,0,0,14,14,4989,0,0,0,0,0
2020-06-30,US,Minnesota,Blue Earth,403,2,0,44.03554215,-94.06699781,27013.0,595.6868135928931,0.4962779156327544,401,377,2,0,375,368,67427,26,0,0,26,9
2020-06-30,US,Minnesota,Brown,30,2,0,44.24205652,-94.72562874,27015.0,119.9616122840691,6.666666666666668,28,27,2,0,25,27,25111,3,0,0,3,0
2020-06-30,US,Minnesota,Carlton,81,0,0,46.59180601,-92.67601019,27017.0,225.8091494522037,0.0,81,81,0,0,81,81,35837,0,0,0,0,0
2020-06-30,US,Minnesota,Carver,340,1,0,44.82017001,-93.80099179999999,27019.0,323.5352891358753,0.29411764705882354,339,338,1,0,337,333,103551,2,0,0,2,5
2020-06-30,US,Minnesota,Cass,13,2,0,46.95043611,-94.32603968,27021.0,43.65492461130327,15.384615384615385,11,12,2,0,10,12,29519,1,0,0,1,0
2020-06-30,US,Minnesota,Chippewa,75,1,0,45.02343421,-95.56403693,27023.0,635.5932203389832,1.3333333333333333,74,74,1,0,73,74,11924,1,0,0,1,0
2020-06-30,US,Minnesota,Chisago,93,1,0,45.5021011,-92.90861945,27025.0,164.37194011912547,1.075268817204301,92,93,1,0,92,92,55922,0,0,0,0,1
2020-06-30,US,Minnesota,Clay,563,37,0,46.89289518,-96.48761922,27027.0,876.6466319952664,6.571936056838366,526,560,37,0,523,557,63955,3,0,0,3,3
2020-06-30,US,Minnesota,Clearwater,7,0,0,47.57992111,-95.37790562,27029.0,79.38308006350647,0.0,7,7,0,0,7,7,8810,0,0,0,0,0
2020-06-30,US,Minnesota,Cook,1,0,0,47.90504893,-90.52629546,27031.0,18.304960644334614,0.0,1,1,0,0,1,1,5393,0,0,0,0,0
2020-06-30,US,Minnesota,Cottonwood,133,0,0,44.00715262,-95.18138802,27033.0,1187.9242586638084,0.0,133,132,0,0,132,131,11277,1,0,0,1,1
2020-06-30,US,Minnesota,Crow Wing,102,12,0,46.48096553,-94.06755609,27035.0,156.79040811620936,11.764705882352944,90,102,12,0,90,102,64889,0,0,0,0,0
2020-06-30,US,Minnesota,Dakota,2180,87,0,44.67172617,-93.06299363,27037.0,508.13363448409285,3.9908256880733934,2093,2157,87,0,2070,2133,425423,23,0,0,23,24
2020-06-30,US,Minnesota,Dodge,81,0,0,44.02238415,-92.86244324,27039.0,386.93035253654335,0.0,81,79,0,0,79,79,20822,2,0,0,2,0
2020-06-30,US,Minnesota,Douglas,61,0,0,45.93348491,-95.45335469,27041.0,159.93288062714663,0.0,61,58,0,0,58,58,37964,3,0,0,3,0
2020-06-30,US,Minnesota,Faribault,53,0,0,43.67381499,-93.94787458,27043.0,388.19307111990037,0.0,53,53,0,0,53,48,13758,0,0,0,0,5
2020-06-30,US,Minnesota,Fillmore,25,0,0,43.67394126,-92.08980382,27045.0,118.66900840176581,0.0,25,25,0,0,25,25,21058,0,0,0,0,0
2020-06-30,US,Minnesota,Freeborn,281,0,0,43.67385583,-93.34884422,27047.0,927.9746375615073,0.0,281,282,0,0,282,280,30444,-1,0,0,-1,2
2020-06-30,US,Minnesota,Goodhue,119,8,0,44.40849741,-92.72341949999999,27049.0,256.797583081571,6.722689075630252,111,117,8,0,109,117,46403,2,0,0,2,0
2020-06-30,US,Minnesota,Grant,6,0,0,45.93424769,-96.01139609,27051.0,100.46885465505692,0.0,6,6,0,0,6,6,6021,0,0,0,0,0
2020-06-30,US,Minnesota,Hennepin,11796,776,0,45.00761521,-93.47694895,27053.0,931.8691180501847,6.578501186842997,11020,11656,773,0,10883,11556,1259428,140,3,0,137,100
2020-06-30,US,Minnesota,Houston,24,0,0,43.67129565,-91.49143057,27055.0,129.03225806451613,0.0,24,23,0,0,23,21,18578,1,0,0,1,2
2020-06-30,US,Minnesota,Hubbard,5,0,0,47.10778564,-94.91693868,27057.0,23.265553022195334,0.0,5,5,0,0,5,5,21332,0,0,0,0,0
2020-06-30,US,Minnesota,Isanti,61,0,0,45.56181234,-93.29487636,27059.0,150.2611094689132,0.0,61,61,0,0,61,60,39966,0,0,0,0,1
2020-06-30,US,Minnesota,Itasca,65,12,0,47.51009045,-93.63092229,27061.0,144.0283625083093,18.46153846153846,53,64,12,0,52,64,45108,1,0,0,1,0
2020-06-30,US,Minnesota,Jackson,54,0,0,43.67423373,-95.15398258,27063.0,548.4460694698355,0.0,54,54,0,0,54,54,9911,0,0,0,0,0
2020-06-30,US,Minnesota,Kanabec,14,1,0,45.9459309,-93.29275192,27065.0,85.69504805043766,7.142857142857142,13,14,1,0,13,13,16207,0,0,0,0,1
2020-06-30,US,Minnesota,Kandiyohi,565,1,0,45.1526059,-95.00586446,27067.0,1307.9006458482836,0.17699115044247787,564,565,1,0,564,565,42855,0,0,0,0,0
2020-06-30,US,Minnesota,Kittson,2,0,0,48.77754106,-96.78317184,27069.0,46.533271288971605,0.0,2,2,0,0,2,2,4248,0,0,0,0,0
2020-06-30,US,Minnesota,Koochiching,13,1,0,48.24539665,-93.78352843,27071.0,106.30468558344921,7.6923076923076925,12,12,1,0,11,12,12440,1,0,0,1,0
2020-06-30,US,Minnesota,Lac qui Parle,4,0,0,44.9973857,-96.17488219,27073.0,60.3955911218481,0.0,4,4,0,0,4,4,6658,0,0,0,0,0
2020-06-30,US,Minnesota,Lake,7,0,0,47.64270764,-91.44557998,27075.0,65.78329104407479,0.0,7,6,0,0,6,6,10658,1,0,0,1,0
2020-06-30,US,Minnesota,Le Sueur,82,1,0,44.37136597,-93.72844721,27079.0,283.8647142313152,1.2195121951219512,81,79,1,0,78,77,28494,3,0,0,3,2
2020-06-30,US,Minnesota,Lincoln,8,0,0,44.41311883,-96.26688165,27081.0,141.86912573151267,0.0,8,9,0,0,9,7,5673,-1,0,0,-1,2
2020-06-30,US,Minnesota,Lyon,295,2,0,44.41327865,-95.83806103,27083.0,1158.0434953285705,0.6779661016949152,293,295,2,0,293,294,25629,0,0,0,0,1
2020-06-30,US,Minnesota,Mahnomen,7,1,0,47.32557075,-95.80921485,27087.0,126.65098606839152,14.285714285714285,6,7,1,0,6,7,5519,0,0,0,0,0
2020-06-30,US,Minnesota,Marshall,12,0,0,48.35825983,-96.37017407,27089.0,128.53470437017995,0.0,12,12,0,0,12,12,9390,0,0,0,0,0
2020-06-30,US,Minnesota,Martin,156,5,0,43.67429718,-94.55099908,27091.0,792.5621094345373,3.2051282051282053,151,155,5,0,150,154,19785,1,0,0,1,1
2020-06-30,US,Minnesota,McLeod,81,0,0,44.82367677,-94.27287017,27085.0,225.67074359903046,0.0,81,81,0,0,81,79,35873,0,0,0,0,2
2020-06-30,US,Minnesota,Meeker,58,1,0,45.12328869,-94.52839455,27093.0,249.76315562828358,1.7241379310344829,57,57,1,0,56,57,23141,1,0,0,1,0
2020-06-30,US,Minnesota,Mille Lacs,32,2,0,45.93705297,-93.63236823,27095.0,121.77950298740343,6.25,30,32,1,0,31,32,26139,0,1,0,-1,0
2020-06-30,US,Minnesota,Morrison,58,1,0,46.01265363,-94.27341528,27097.0,173.7255136883724,1.7241379310344829,57,58,1,0,57,57,33169,0,0,0,0,1
2020-06-30,US,Minnesota,Mower,921,2,0,43.67142874,-92.75234549,27099.0,2298.936648195297,0.21715526601520088,919,911,2,0,909,910,40011,10,0,0,10,1
2020-06-30,US,Minnesota,Murray,51,0,0,44.02216709,-95.76328482,27101.0,622.4066390041494,0.0,51,50,0,0,50,49,8276,1,0,0,1,1
2020-06-30,US,Minnesota,Nicollet,144,12,0,44.35291112,-94.24710352,27103.0,420.143549045924,8.333333333333334,132,136,12,0,124,128,34220,8,0,0,8,8
2020-06-30,US,Minnesota,Nobles,1652,6,0,43.67434621,-95.75329576,27105.0,7637.893568819641,0.3631961259079903,1646,1651,6,0,1645,1649,21924,1,0,0,1,2
2020-06-30,US,Minnesota,Norman,20,0,0,47.32628443,-96.45620947,27107.0,313.72549019607845,0.0,20,19,0,0,19,19,6475,1,0,0,1,0
2020-06-30,US,Minnesota,Olmsted,1047,15,0,44.00374114,-92.40209944,27109.0,661.4316489042471,1.4326647564469914,1032,1027,15,0,1012,1020,156277,20,0,0,20,7
2020-06-30,US,Minnesota,Otter Tail,92,1,0,46.40846929,-95.70835255,27111.0,156.60640724474857,1.0869565217391304,91,91,1,0,90,88,58812,1,0,0,1,3
2020-06-30,US,Minnesota,Pennington,50,0,0,48.06642577,-96.0370814,27113.0,354.1327289468092,0.0,50,50,0,0,50,50,14178,0,0,0,0,0
2020-06-30,US,Minnesota,Pine,100,0,0,46.12105238,-92.74070188,27115.0,338.07769025322017,0.0,100,100,0,0,100,99,29483,0,0,0,0,1
2020-06-30,US,Minnesota,Pipestone,25,1,0,44.02301619,-96.25841142,27117.0,273.9425816348893,4.0,24,20,1,0,19,20,9047,5,0,0,5,0
2020-06-30,US,Minnesota,Polk,79,2,0,47.77372465,-96.40134647,27119.0,251.88113760999872,2.5316455696202533,77,79,2,0,77,79,31529,0,0,0,0,0
2020-06-30,US,Minnesota,Pope,10,0,0,45.58606667,-95.44451209,27121.0,88.8967908258512,0.0,10,10,0,0,10,10,11097,0,0,0,0,0
2020-06-30,US,Minnesota,Ramsey,4685,217,0,45.01625271,-93.09872295,27123.0,851.3213197388434,4.63180362860192,4468,4629,217,0,4412,4610,550210,56,0,0,56,19
2020-06-30,US,Minnesota,Red Lake,3,0,0,47.87197525,-96.09561104,27125.0,73.98273736128236,0.0,3,3,0,0,3,3,3999,0,0,0,0,0
2020-06-30,US,Minnesota,Redwood,16,0,0,44.40555844,-95.25207021,27127.0,105.47132498352009,0.0,16,16,0,0,16,14,15249,0,0,0,0,2
2020-06-30,US,Minnesota,Renville,24,2,0,44.72836381,-94.94553734,27129.0,164.97113005224085,8.333333333333334,22,24,2,0,22,24,14612,0,0,0,0,0
2020-06-30,US,Minnesota,Rice,809,7,0,44.3543376,-93.29658715,27131.0,1207.9675088096515,0.865265760197775,802,804,6,0,798,793,66523,5,1,0,4,11
2020-06-30,US,Minnesota,Rock,30,0,0,43.67482683,-96.25296832,27133.0,322.06119162640897,0.0,30,30,0,0,30,29,9414,0,0,0,0,1
2020-06-30,US,Minnesota,Roseau,6,0,0,48.77501878,-95.81079919,27135.0,39.564787339268044,0.0,6,6,0,0,6,6,15150,0,0,0,0,0
2020-06-30,US,Minnesota,Scott,658,4,0,44.6490231,-93.53340251,27139.0,441.57221182044515,0.6079027355623101,654,641,4,0,637,637,147381,17,0,0,17,4
2020-06-30,US,Minnesota,Sherburne,295,4,0,45.44447208,-93.77617511,27141.0,303.3793372961188,1.3559322033898304,291,291,4,0,287,291,96036,4,0,0,4,0
2020-06-30,US,Minnesota,Sibley,48,2,0,44.5796592,-94.23164924,27143.0,322.90615539858726,4.166666666666667,46,46,2,0,44,43,15028,2,0,0,2,3
2020-06-30,US,Minnesota,St. Louis,161,14,0,47.604840700000004,-92.46879855,27137.0,80.87607374290452,8.695652173913043,147,158,14,0,144,156,199754,3,0,0,3,2
2020-06-30,US,Minnesota,Stearns,2265,19,0,45.55192576,-94.61078221,27145.0,1406.1772466242433,0.8388520971302428,2246,2228,19,0,2209,2200,159256,37,0,0,37,28
2020-06-30,US,Minnesota,Steele,215,0,0,44.02240351,-93.22627088,27147.0,586.6462932140031,0.0,215,215,0,0,215,212,36803,0,0,0,0,3
2020-06-30,US,Minnesota,Stevens,4,0,0,45.58613007,-96.00163705,27149.0,40.7955124936257,0.0,4,3,0,0,3,3,9753,1,0,0,1,0
2020-06-30,US,Minnesota,Swift,20,1,0,45.2829032,-95.68264092,27151.0,215.8428663932657,5.0,19,20,1,0,19,20,9345,0,0,0,0,0
2020-06-30,US,Minnesota,Todd,398,2,0,46.06996226,-94.89785296,27153.0,1613.6879662666233,0.5025125628140703,396,397,2,0,395,397,24582,1,0,0,1,0
2020-06-30,US,Minnesota,Traverse,5,0,0,45.77298854,-96.47062949,27155.0,153.42129487572873,0.0,5,5,0,0,5,5,3308,0,0,0,0,0
2020-06-30,US,Minnesota,Unassigned,83,35,0,0.0,0.0,90027.0,0.0,42.16867469879518,48,82,35,0,47,82,,1,0,0,1,0
2020-06-30,US,Minnesota,Wabasha,31,0,0,44.28424356,-92.23121312,27157.0,143.3393443380959,0.0,31,30,0,0,30,30,21645,1,0,0,1,0
2020-06-30,US,Minnesota,Wadena,15,0,0,46.58589171,-94.96968506,27159.0,109.63309457681623,0.0,15,15,0,0,15,15,13773,0,0,0,0,0
2020-06-30,US,Minnesota,Waseca,57,0,0,44.02211116,-93.58720034,27161.0,306.254029658285,0.0,57,57,0,0,57,55,18691,0,0,0,0,2
2020-06-30,US,Minnesota,Washington,1008,40,0,45.03864533,-92.88429635,27163.0,384.08779149519887,3.968253968253968,968,995,40,0,955,984,259201,13,0,0,13,11
2020-06-30,US,Minnesota,Watonwan,203,0,0,43.97823903,-94.61413846,27165.0,1862.8980453335778,0.0,203,200,0,0,200,196,10980,3,0,0,3,4
2020-06-30,US,Minnesota,Wilkin,20,3,0,46.35721532,-96.4684375,27167.0,322.2168519413565,15.0,17,20,3,0,17,20,6254,0,0,0,0,0
2020-06-30,US,Minnesota,Winona,119,15,0,43.98772283,-91.78081305,27169.0,235.71824736550198,12.605042016806722,104,113,15,0,98,112,50825,6,0,0,6,1
2020-06-30,US,Minnesota,Wright,445,5,0,45.17297924,-93.96234781,27171.0,321.58523454042216,1.1235955056179776,440,438,4,0,434,426,136349,7,1,0,6,12
2020-06-30,US,Minnesota,Yellow Medicine,29,0,0,44.71710183,-95.86842453,27173.0,298.6919353177464,0.0,29,27,0,0,27,27,9795,2,0,0,2,0
2020-06-30,US,Mississippi,Adams,263,18,0,31.47669768,-91.35326037,28001.0,856.8729026162317,6.844106463878328,245,253,18,0,235,252,31192,10,0,0,10,1
2020-06-30,US,Mississippi,Alcorn,55,1,0,34.88084463,-88.57996173,28003.0,148.83771277027574,1.818181818181818,54,53,1,0,52,53,36925,2,0,0,2,0
2020-06-30,US,Mississippi,Amite,81,2,0,31.17467303,-90.80501621,28005.0,658.6972432300562,2.469135802469136,79,80,2,0,78,80,12326,1,0,0,1,0
2020-06-30,US,Mississippi,Attala,350,23,0,33.08658803,-89.57838564,28007.0,1925.8281060856168,6.571428571428571,327,347,23,0,324,346,18365,3,0,0,3,1
2020-06-30,US,Mississippi,Benton,27,0,0,34.81681228,-89.18945516,28009.0,326.91609153650563,0.0,27,27,0,0,27,25,8271,0,0,0,0,2
2020-06-30,US,Mississippi,Bolivar,261,13,0,33.79696941,-90.87372121,28011.0,852.1614209220322,4.980842911877394,248,254,13,0,241,247,31333,7,0,0,7,7
2020-06-30,US,Mississippi,Calhoun,119,4,0,33.93683395,-89.33686647,28013.0,828.6331035443214,3.361344537815126,115,114,4,0,110,110,14436,5,0,0,5,4
2020-06-30,US,Mississippi,Carroll,157,11,0,33.44834567,-89.91994479,28015.0,1578.365336282296,7.0063694267515935,146,149,11,0,138,146,9911,8,0,0,8,3
2020-06-30,US,Mississippi,Chickasaw,254,18,0,33.91983202,-88.9481545,28017.0,1485.1195696661405,7.086614173228346,236,246,18,0,228,235,17171,8,0,0,8,11
2020-06-30,US,Mississippi,Choctaw,71,4,0,33.34598242,-89.24809382,28019.0,864.7990255785628,5.633802816901407,67,71,4,0,67,71,8278,0,0,0,0,0
2020-06-30,US,Mississippi,Claiborne,228,10,0,31.97061673,-90.90702196,28021.0,2536.7156208277697,4.385964912280701,218,220,10,0,210,212,9002,8,0,0,8,8
2020-06-30,US,Mississippi,Clarke,198,24,0,32.04158545,-88.68896219999998,28023.0,1274.0492889775433,12.12121212121212,174,196,24,0,172,196,15604,2,0,0,2,0
2020-06-30,US,Mississippi,Clay,240,10,0,33.65358105,-88.77784255,28025.0,1242.4932698281218,4.166666666666667,230,237,8,0,229,235,19386,3,2,0,1,2
2020-06-30,US,Mississippi,Coahoma,183,6,0,34.22772299,-90.60415045,28027.0,827.1560296510578,3.278688524590164,177,180,6,0,174,178,22628,3,0,0,3,2
2020-06-30,US,Mississippi,Copiah,562,14,0,31.86977774,-90.44565118,28029.0,2002.4942098699448,2.491103202846975,548,558,13,0,545,538,28543,4,1,0,3,20
2020-06-30,US,Mississippi,Covington,290,5,0,31.63225413,-89.55389939,28031.0,1556.1279244473062,1.7241379310344829,285,269,5,0,264,268,18853,21,0,0,21,1
2020-06-30,US,Mississippi,DeSoto,1311,15,0,34.87625235,-89.99091418,28033.0,708.8593906296468,1.1441647597254003,1296,1293,15,0,1278,1224,182001,18,0,0,18,69
2020-06-30,US,Mississippi,Forrest,798,42,0,31.18961454,-89.25832496,28035.0,1065.463236177684,5.2631578947368425,756,786,42,0,744,777,75036,12,0,0,12,9
2020-06-30,US,Mississippi,Franklin,38,2,0,31.47786634,-90.89672989,28037.0,492.67470504343316,5.2631578947368425,36,35,2,0,33,34,7788,3,0,0,3,1
2020-06-30,US,Mississippi,George,73,3,0,30.86259065,-88.64436789,28039.0,297.9591836734694,4.109589041095891,70,72,3,0,69,65,24250,1,0,0,1,7
2020-06-30,US,Mississippi,Greene,91,7,0,31.21444233,-88.63922281,28041.0,669.8071544236715,7.6923076923076925,84,88,7,0,81,83,13586,3,0,0,3,5
2020-06-30,US,Mississippi,Grenada,367,5,0,33.77036166,-89.80245083,28043.0,1767.9930629155026,1.3623978201634876,362,355,5,0,350,296,21055,12,0,0,12,59
2020-06-30,US,Mississippi,Hancock,120,13,0,30.41830223,-89.48851033,28045.0,251.9314746388982,10.833333333333336,107,120,13,0,107,116,47334,0,0,0,0,4
2020-06-30,US,Mississippi,Harrison,719,8,0,30.51359752,-89.12467576,28047.0,345.5401768550558,1.1126564673157162,711,688,7,0,681,642,206650,31,1,0,30,46
2020-06-30,US,Mississippi,Hinds,2111,39,0,32.2656285,-90.44435448,28049.0,910.5417529330573,1.8474656560871623,2072,2048,38,0,2010,1957,237085,63,1,0,62,91
2020-06-30,US,Mississippi,Holmes,520,40,0,33.12345854,-90.08923538,28051.0,3057.025279247501,7.6923076923076925,480,514,40,0,474,507,17622,6,0,0,6,7
2020-06-30,US,Mississippi,Humphreys,120,9,0,33.12825718,-90.52252707,28053.0,1488.095238095238,7.5,111,115,9,0,106,111,8257,5,0,0,5,4
2020-06-30,US,Mississippi,Issaquena,6,1,0,32.72531359,-90.97392828,28055.0,452.14770158251696,16.666666666666668,5,6,1,0,5,6,1308,0,0,0,0,0
2020-06-30,US,Mississippi,Itawamba,122,8,0,34.27993475,-88.3606733,28057.0,521.5904232578025,6.557377049180328,114,119,8,0,111,115,23517,3,0,0,3,4
2020-06-30,US,Mississippi,Jackson,505,16,0,30.54020656,-88.64184064,28059.0,351.6296817229158,3.1683168316831685,489,493,16,0,477,475,143277,12,0,0,12,18
2020-06-30,US,Mississippi,Jasper,245,6,0,32.01922104,-89.11786866,28061.0,1495.4526033083073,2.4489795918367347,239,239,6,0,233,234,16428,6,0,0,6,5
2020-06-30,US,Mississippi,Jefferson,84,3,0,31.73397872,-91.03764977,28063.0,1201.716738197425,3.571428571428572,81,83,3,0,80,80,7106,1,0,0,1,3
2020-06-30,US,Mississippi,Jefferson Davis,103,4,0,31.56884708,-89.82670990000004,28065.0,925.5930984902948,3.8834951456310685,99,102,4,0,98,101,11234,1,0,0,1,1
2020-06-30,US,Mississippi,Jones,1061,49,0,31.62257767,-89.16896899999998,28067.0,1558.0486945284736,4.618284637134779,1012,1033,49,0,984,1027,68461,28,0,0,28,6
2020-06-30,US,Mississippi,Kemper,174,13,0,32.75462946,-88.64105766,28069.0,1786.0808868815438,7.471264367816093,161,172,13,0,159,171,10027,2,0,0,2,1
2020-06-30,US,Mississippi,Lafayette,339,4,0,34.35687874,-89.48490961,28071.0,627.556970695496,1.1799410029498525,335,330,4,0,326,323,54793,9,0,0,9,7
2020-06-30,US,Mississippi,Lamar,407,7,0,31.20572971,-89.5077704,28073.0,642.5335080435092,1.71990171990172,400,393,7,0,386,384,62447,14,0,0,14,9
2020-06-30,US,Mississippi,Lauderdale,879,78,0,32.40419769,-88.66229662,28075.0,1185.8347386172004,8.873720136518774,801,872,78,0,794,869,75317,7,0,0,7,3
2020-06-30,US,Mississippi,Lawrence,154,1,0,31.55147224,-90.10841127,28077.0,1223.5817575083427,0.6493506493506493,153,149,1,0,148,146,12455,5,0,0,5,3
2020-06-30,US,Mississippi,Leake,547,19,0,32.7536828,-89.52402044,28079.0,2400.5968577196522,3.473491773308958,528,533,19,0,514,533,22763,14,0,0,14,0
2020-06-30,US,Mississippi,Lee,477,16,0,34.291877500000005,-88.68149954,28081.0,558.3126550868486,3.3542976939203357,461,460,15,0,445,452,85202,17,1,0,16,8
2020-06-30,US,Mississippi,Leflore,469,48,0,33.55545125,-90.29900733,28083.0,1664.123762551893,10.23454157782516,421,455,48,0,407,454,28919,14,0,0,14,1
2020-06-30,US,Mississippi,Lincoln,434,34,0,31.53288662,-90.45391915,28085.0,1270.7522033203525,7.834101382488479,400,430,33,0,397,422,34205,4,1,0,3,8
2020-06-30,US,Mississippi,Lowndes,444,11,0,33.47386518,-88.44191529999998,28087.0,757.7438347981911,2.477477477477477,433,438,11,0,427,431,58930,6,0,0,6,7
2020-06-30,US,Mississippi,Madison,1206,34,0,32.63389156,-90.03513564,28089.0,1134.8238482384825,2.8192371475953566,1172,1181,32,0,1149,1145,105630,25,2,0,23,36
2020-06-30,US,Mississippi,Marion,240,11,0,31.23132643,-89.8209217,28091.0,976.6817238432426,4.583333333333333,229,233,11,0,222,228,24715,7,0,0,7,5
2020-06-30,US,Mississippi,Marshall,196,3,0,34.76216286,-89.50299462,28093.0,555.3351844506149,1.5306122448979589,193,195,3,0,192,185,35451,1,0,0,1,10
2020-06-30,US,Mississippi,Monroe,355,29,0,33.89236763,-88.4808438,28095.0,1007.035061840463,8.169014084507044,326,342,29,0,313,340,35564,13,0,0,13,2
2020-06-30,US,Mississippi,Montgomery,116,2,0,33.49419589,-89.61729103,28097.0,1186.700767263427,1.7241379310344829,114,112,2,0,110,111,10023,4,0,0,4,1
2020-06-30,US,Mississippi,Neshoba,952,68,0,32.75339664,-89.11726492,28099.0,3269.455319733498,7.142857142857142,884,938,68,0,870,933,29125,14,0,0,14,5
2020-06-30,US,Mississippi,Newton,328,9,0,32.40021118,-89.11843336,28101.0,1560.5671329336758,2.7439024390243905,319,329,9,0,320,329,21443,-1,0,0,-1,0
2020-06-30,US,Mississippi,Noxubee,245,8,0,33.11009499,-88.56949061,28103.0,2351.924738408371,3.26530612244898,237,242,8,0,234,234,10535,3,0,0,3,8
2020-06-30,US,Mississippi,Oktibbeha,483,24,0,33.42491685,-88.87905132,28105.0,974.0456167947244,4.9689440993788825,459,477,24,0,453,466,49599,6,0,0,6,11
2020-06-30,US,Mississippi,Panola,254,6,0,34.36398677,-89.95064249,28107.0,742.8638277959758,2.3622047244094486,248,246,6,0,240,240,34178,8,0,0,8,6
2020-06-30,US,Mississippi,Pearl River,239,32,0,30.77090935,-89.58677275,28109.0,430.359232916179,13.389121338912132,207,237,32,0,205,236,55387,2,0,0,2,1
2020-06-30,US,Mississippi,Perry,59,4,0,31.17161885,-88.99281835,28111.0,492.77541134218666,6.779661016949151,55,59,4,0,55,56,11931,0,0,0,0,3
2020-06-30,US,Mississippi,Pike,356,12,0,31.17507789,-90.40392572,28113.0,906.1290979433924,3.3707865168539324,344,347,11,0,336,334,39563,9,1,0,8,13
2020-06-30,US,Mississippi,Pontotoc,231,4,0,34.226046000000004,-89.03636807,28115.0,717.9710325107228,1.7316017316017316,227,203,3,0,200,202,31833,28,1,0,27,1
2020-06-30,US,Mississippi,Prentiss,97,3,0,34.61810501,-88.51986294,28117.0,386.0542863965613,3.0927835051546397,94,94,3,0,91,91,25315,3,0,0,3,3
2020-06-30,US,Mississippi,Quitman,67,0,0,34.25157572,-90.28908,28119.0,986.454652532391,0.0,67,65,0,0,65,63,7051,2,0,0,2,2
2020-06-30,US,Mississippi,Rankin,816,12,0,32.26469147,-89.94537876,28121.0,525.5327781749329,1.4705882352941178,804,798,12,0,786,773,153902,18,0,0,18,25
2020-06-30,US,Mississippi,Scott,742,15,0,32.406704100000006,-89.53789439,28123.0,2638.316029014365,2.0215633423180592,727,733,15,0,718,726,28287,9,0,0,9,7
2020-06-30,US,Mississippi,Sharkey,24,0,0,32.88149103,-90.8159538,28125.0,555.42698449433,0.0,24,24,0,0,24,23,4377,0,0,0,0,1
2020-06-30,US,Mississippi,Simpson,218,3,0,31.91282117,-89.91716179,28127.0,817.7657738765099,1.3761467889908257,215,209,3,0,206,198,26758,9,0,0,9,11
2020-06-30,US,Mississippi,Smith,204,11,0,32.01744532,-89.50644846,28129.0,1281.7290776577029,5.3921568627450975,193,203,11,0,192,204,16002,1,0,0,1,-1
2020-06-30,US,Mississippi,Stone,51,1,0,30.79187949,-89.11547539,28131.0,278.1413612565445,1.96078431372549,50,50,1,0,49,48,18717,1,0,0,1,2
2020-06-30,US,Mississippi,Sunflower,280,6,0,33.60192578,-90.58882684,28133.0,1115.0935882118679,2.142857142857143,274,247,6,0,241,238,25735,33,0,0,33,9
2020-06-30,US,Mississippi,Tallahatchie,94,3,0,33.95339918,-90.1729398,28135.0,680.7154754145847,3.191489361702128,91,93,3,0,90,93,13987,1,0,0,1,0
2020-06-30,US,Mississippi,Tate,245,7,0,34.65133709,-89.94485778,28137.0,865.0824476536845,2.8571428571428568,238,242,6,0,236,234,28759,3,1,0,2,8
2020-06-30,US,Mississippi,Tippah,121,11,0,34.76872156,-88.90988194,28139.0,549.6252555076085,9.090909090909092,110,119,11,0,108,116,21995,2,0,0,2,3
2020-06-30,US,Mississippi,Tishomingo,65,1,0,34.74023475,-88.23917219,28141.0,335.34540576794103,1.5384615384615383,64,61,1,0,60,60,19454,4,0,0,4,1
2020-06-30,US,Mississippi,Tunica,89,3,0,34.64967704,-90.37481167,28143.0,924.0033222591362,3.3707865168539324,86,88,3,0,85,82,9944,1,0,0,1,6
2020-06-30,US,Mississippi,Union,172,9,0,34.49162015,-89.00776006,28145.0,596.911330904043,5.232558139534883,163,166,9,0,157,161,28606,6,0,0,6,5
2020-06-30,US,Mississippi,Walthall,169,4,0,31.14971548,-90.10446654,28147.0,1182.9763404731905,2.366863905325444,165,168,3,0,165,166,14465,1,1,0,0,2
2020-06-30,US,Mississippi,Warren,425,17,0,32.35810271,-90.83352619,28149.0,936.5152817258323,4.0,408,409,17,0,392,398,46176,16,0,0,16,11
2020-06-30,US,Mississippi,Washington,465,9,0,33.28392041,-90.94196237,28151.0,1059.0084037441072,1.935483870967742,456,427,9,0,418,419,45063,38,0,0,38,8
2020-06-30,US,Mississippi,Wayne,515,11,0,31.64135687,-88.69573913,28153.0,2551.6523807164444,2.1359223300970878,504,509,10,0,499,499,20298,6,1,0,5,10
2020-06-30,US,Mississippi,Webster,123,10,0,33.61300486,-89.28392912,28155.0,1269.4808545773558,8.130081300813009,113,122,10,0,112,122,9788,1,0,0,1,0
2020-06-30,US,Mississippi,Wilkinson,89,9,0,31.16078225,-91.31018819,28157.0,1031.2862108922363,10.112359550561797,80,89,9,0,80,89,8792,0,0,0,0,0
2020-06-30,US,Mississippi,Winston,240,5,0,33.08747908,-89.03391385,28159.0,1336.6750208855472,2.083333333333333,235,230,5,0,225,230,18165,10,0,0,10,0
2020-06-30,US,Mississippi,Yalobusha,152,7,0,34.02824175,-89.70762049999998,28161.0,1255.3683515031385,4.605263157894737,145,151,7,0,144,148,12392,1,0,0,1,3
2020-06-30,US,Mississippi,Yazoo,467,6,0,32.77890365,-90.39656148,28163.0,1572.9201751431458,1.284796573875803,461,454,6,0,448,445,28248,13,0,0,13,9
2020-06-30,US,Missouri,Adair,90,0,0,40.19058551,-92.60078167,29001.0,355.12764866037963,0.0,90,90,0,0,90,90,25339,0,0,0,0,0
2020-06-30,US,Missouri,Andrew,49,0,0,39.98492163,-94.80163024,29003.0,276.64859981933154,0.0,49,49,0,0,49,49,17607,0,0,0,0,0
2020-06-30,US,Missouri,Atchison,3,0,0,40.43238737,-95.42970639,29005.0,58.331713007972,0.0,3,3,0,0,3,3,5171,0,0,0,0,0
2020-06-30,US,Missouri,Audrain,138,1,0,39.215877,-91.84242683,29007.0,543.5638884512368,0.7246376811594203,137,138,1,0,137,138,25473,0,0,0,0,0
2020-06-30,US,Missouri,Barry,43,0,0,36.70978521,-93.82919888,29009.0,120.14864902623712,0.0,43,43,0,0,43,43,35886,0,0,0,0,0
2020-06-30,US,Missouri,Barton,21,0,0,37.50207671,-94.34757022,29011.0,178.66258295048493,0.0,21,21,0,0,21,21,11798,0,0,0,0,0
2020-06-30,US,Missouri,Bates,12,1,0,38.25271289,-94.34113157,29013.0,74.20232500618353,8.333333333333334,11,12,1,0,11,12,16320,0,0,0,0,0
2020-06-30,US,Missouri,Benton,17,0,0,38.29503305,-93.28756116,29015.0,87.43506660494779,0.0,17,17,0,0,17,17,19278,0,0,0,0,0
2020-06-30,US,Missouri,Bollinger,12,0,0,37.32449052,-90.02725304,29017.0,98.90381603890215,0.0,12,12,0,0,12,12,12169,0,0,0,0,0
2020-06-30,US,Missouri,Boone,313,2,0,38.99186229,-92.30723575,29019.0,173.44275557870586,0.6389776357827476,311,313,2,0,311,313,180005,0,0,0,0,0
2020-06-30,US,Missouri,Buchanan,838,3,0,39.65816401,-94.80138942,29021.0,959.2051645986903,0.35799522673031026,835,838,3,0,835,838,88571,0,0,0,0,0
2020-06-30,US,Missouri,Butler,75,0,0,36.71462476,-90.40421163,29023.0,176.56198502754367,0.0,75,75,0,0,75,75,42639,0,0,0,0,0
2020-06-30,US,Missouri,Caldwell,9,0,0,39.65620858,-93.98308093,29025.0,99.77827050997783,0.0,9,9,0,0,9,9,9108,0,0,0,0,0
2020-06-30,US,Missouri,Callaway,44,1,0,38.83674754,-91.92186505,29027.0,98.33940504659948,2.272727272727273,43,44,1,0,43,44,44889,0,0,0,0,0
2020-06-30,US,Missouri,Camden,60,1,0,38.02199522,-92.76083747,29029.0,129.5756397797214,1.6666666666666667,59,60,1,0,59,60,45815,0,0,0,0,0
2020-06-30,US,Missouri,Cape Girardeau,141,3,0,37.38489388,-89.6843587,29031.0,178.7729330172053,2.127659574468085,138,141,3,0,138,141,78753,0,0,0,0,0
2020-06-30,US,Missouri,Carroll,11,0,0,39.42762566,-93.50626255,29033.0,126.74271229404309,0.0,11,11,0,0,11,11,8743,0,0,0,0,0
2020-06-30,US,Missouri,Carter,6,1,0,36.94160441,-90.96051322,29035.0,100.30090270812435,16.666666666666668,5,6,1,0,5,6,6054,0,0,0,0,0
2020-06-30,US,Missouri,Cass,125,8,0,38.64789422,-94.353399,29037.0,118.16978634902628,6.4,117,125,8,0,117,125,104954,0,0,0,0,0
2020-06-30,US,Missouri,Cedar,9,0,0,37.72391475,-93.85445441,29039.0,62.72214091574325,0.0,9,9,0,0,9,9,14165,0,0,0,0,0
2020-06-30,US,Missouri,Chariton,6,0,0,39.51499357,-92.9629191,29041.0,80.79719903043363,0.0,6,6,0,0,6,6,7451,0,0,0,0,0
2020-06-30,US,Missouri,Christian,40,0,0,36.9711783,-93.18537118,29043.0,45.149274789773685,0.0,40,40,0,0,40,40,86983,0,0,0,0,0
2020-06-30,US,Missouri,Clark,2,0,0,40.41040752,-91.73661677,29045.0,29.424746211563924,0.0,2,2,0,0,2,2,6842,0,0,0,0,0
2020-06-30,US,Missouri,Clay,414,10,0,39.31132056,-94.41850862,29047.0,165.63445196600892,2.415458937198068,404,414,10,0,404,414,246365,0,0,0,0,0
2020-06-30,US,Missouri,Clinton,23,0,0,39.6013098,-94.40465394,29049.0,112.81699121989504,0.0,23,23,0,0,23,23,20470,0,0,0,0,0
2020-06-30,US,Missouri,Cole,72,2,0,38.50455671,-92.27860244,29051.0,93.81718678741288,2.7777777777777777,70,72,2,0,70,72,76796,0,0,0,0,0
2020-06-30,US,Missouri,Cooper,14,0,0,38.844478,-92.80896081,29053.0,79.05584730927777,0.0,14,14,0,0,14,14,17603,0,0,0,0,0
2020-06-30,US,Missouri,Crawford,11,0,0,37.97663738,-91.30528104,29055.0,45.986622073578594,0.0,11,11,0,0,11,11,23957,0,0,0,0,0
2020-06-30,US,Missouri,Dade,1,0,0,37.431814,-93.8503345,29057.0,13.225763787858751,0.0,1,1,0,0,1,1,7569,0,0,0,0,0
2020-06-30,US,Missouri,Dallas,12,1,0,37.6811355,-93.02127031,29059.0,71.09847138286527,8.333333333333334,11,12,1,0,11,12,16762,0,0,0,0,0
2020-06-30,US,Missouri,Daviess,8,0,0,39.96145298,-93.98519678,29061.0,96.64170089393572,0.0,8,8,0,0,8,8,8313,0,0,0,0,0
2020-06-30,US,Missouri,DeKalb,11,0,0,39.89201062,-94.40476508,29063.0,87.67035944847375,0.0,11,11,0,0,11,11,12630,0,0,0,0,0
2020-06-30,US,Missouri,Dent,3,0,0,37.60663134,-91.50790473,29065.0,19.264110961279137,0.0,3,3,0,0,3,3,15441,0,0,0,0,0
2020-06-30,US,Missouri,Douglas,3,0,0,36.9325593,-92.49905109,29067.0,22.75312855517633,0.0,3,3,0,0,3,3,13373,0,0,0,0,0
2020-06-30,US,Missouri,Dunklin,92,3,0,36.27167174,-90.09122243,29069.0,315.8147677731626,3.260869565217391,89,92,3,0,89,92,29423,0,0,0,0,0
2020-06-30,US,Missouri,Franklin,204,18,0,38.41127108,-91.07522826,29071.0,196.21610703396266,8.823529411764708,186,204,18,0,186,204,103670,0,0,0,0,0
2020-06-30,US,Missouri,Gasconade,11,0,0,38.43947277,-91.50847147,29073.0,74.79940160478716,0.0,11,11,0,0,11,11,14705,0,0,0,0,0
2020-06-30,US,Missouri,Gentry,57,9,0,40.21097916,-94.40944419,29075.0,867.4478770354589,15.789473684210524,48,57,9,0,48,57,6628,0,0,0,0,0
2020-06-30,US,Missouri,Greene,265,8,0,37.2575872,-93.34230916,29077.0,90.41714718546774,3.018867924528302,257,265,8,0,257,265,291923,0,0,0,0,0
2020-06-30,US,Missouri,Grundy,18,0,0,40.11406587,-93.56509276,29079.0,182.74111675126903,0.0,18,18,0,0,18,18,9914,0,0,0,0,0
2020-06-30,US,Missouri,Harrison,13,0,0,40.35570088,-93.99222144,29081.0,155.65134099616859,0.0,13,13,0,0,13,13,8414,0,0,0,0,0
2020-06-30,US,Missouri,Henry,19,3,0,38.38482826,-93.79293734,29083.0,87.0601173020528,15.789473684210524,16,19,3,0,16,19,21792,0,0,0,0,0
2020-06-30,US,Missouri,Holt,1,0,0,40.09799248,-95.2163888,29087.0,22.71178741766977,0.0,1,1,0,0,1,1,4404,0,0,0,0,0
2020-06-30,US,Missouri,Howard,5,0,0,39.1435761,-92.69756691,29089.0,49.99500049995,0.0,5,5,0,0,5,5,10137,0,0,0,0,0
2020-06-30,US,Missouri,Howell,36,0,0,36.77383887,-91.88683935,29091.0,89.73751776055039,0.0,36,36,0,0,36,36,40076,0,0,0,0,0
2020-06-30,US,Missouri,Iron,3,0,0,37.55487945,-90.7735296,29093.0,29.62962962962963,0.0,3,3,0,0,3,3,10177,0,0,0,0,0
2020-06-30,US,Missouri,Jackson,1126,24,0,39.01002188,-94.34724536,29095.0,160.16819082489462,2.131438721136768,1102,1126,24,0,1102,1126,700307,0,0,0,0,0
2020-06-30,US,Missouri,Jasper,447,3,0,37.20351921,-94.34050458,29097.0,368.422787814849,0.6711409395973155,444,447,3,0,444,447,120636,0,0,0,0,0
2020-06-30,US,Missouri,Jefferson,445,19,0,38.25926778,-90.53870896,29099.0,197.70660340055358,4.2696629213483135,426,445,19,0,426,445,224347,0,0,0,0,0
2020-06-30,US,Missouri,Johnson,112,0,0,38.74719601,-93.80691168,29101.0,207.16954607672676,0.0,112,112,0,0,112,112,53652,0,0,0,0,0
2020-06-30,US,Missouri,Kansas City,2242,31,0,39.0997,-94.5786,0.0,458.5401570326192,1.3826940231935771,2211,2242,31,0,2211,2242,491918,0,0,0,0,0
2020-06-30,US,Missouri,Knox,2,0,0,40.12699751,-92.14780832,29103.0,50.51780752715332,0.0,2,2,0,0,2,2,3947,0,0,0,0,0
2020-06-30,US,Missouri,Laclede,25,0,0,37.65896829,-92.5888493,29105.0,69.98292416650337,0.0,25,25,0,0,25,25,35713,0,0,0,0,0
2020-06-30,US,Missouri,Lafayette,87,2,0,39.06986886,-93.78076396,29107.0,265.9899718723248,2.2988505747126435,85,87,2,0,85,87,32598,0,0,0,0,0
2020-06-30,US,Missouri,Lawrence,30,0,0,37.10626634,-93.83293097,29109.0,78.21666014861167,0.0,30,30,0,0,30,30,38359,0,0,0,0,0
2020-06-30,US,Missouri,Lewis,7,1,0,40.09673161,-91.72070156,29111.0,71.6039279869067,14.285714285714285,6,7,1,0,6,7,9855,0,0,0,0,0
2020-06-30,US,Missouri,Lincoln,96,1,0,39.05345619,-90.95588181,29113.0,162.6760205378476,1.0416666666666667,95,96,1,0,95,96,57686,0,0,0,0,0
2020-06-30,US,Missouri,Linn,15,1,0,39.87001769,-93.10704106,29115.0,125.83892617449663,6.666666666666668,14,15,1,0,14,15,12037,0,0,0,0,0
2020-06-30,US,Missouri,Livingston,11,0,0,39.78110272,-93.54645978,29117.0,72.24009982268339,0.0,11,11,0,0,11,11,15146,0,0,0,0,0
2020-06-30,US,Missouri,Macon,7,0,0,39.83049768,-92.56453089,29121.0,46.30548389230668,0.0,7,7,0,0,7,7,15153,0,0,0,0,0
2020-06-30,US,Missouri,Madison,4,0,0,37.47865134,-90.3467143,29123.0,33.090668431502316,0.0,4,4,0,0,4,4,12188,0,0,0,0,0
2020-06-30,US,Missouri,Maries,4,0,0,38.16193985,-91.92249662,29125.0,45.992871104978725,0.0,4,4,0,0,4,4,8769,0,0,0,0,0
2020-06-30,US,Missouri,Marion,15,0,0,39.80601912,-91.62203062,29127.0,52.57623554153521,0.0,15,15,0,0,15,15,28592,0,0,0,0,0
2020-06-30,US,Missouri,McDonald,498,1,0,36.62869595,-94.34867205,29119.0,2180.6717169505628,0.2008032128514056,497,498,1,0,497,498,23078,0,0,0,0,0
2020-06-30,US,Missouri,Mercer,6,0,0,40.42212303,-93.5682959,29129.0,165.8833287254631,0.0,6,6,0,0,6,6,3641,0,0,0,0,0
2020-06-30,US,Missouri,Miller,12,0,0,38.21450288,-92.42610898,29131.0,46.840235762519995,0.0,12,12,0,0,12,12,25336,0,0,0,0,0
2020-06-30,US,Missouri,Mississippi,88,0,0,36.82516239,-89.29505753,29133.0,667.6783004552352,0.0,88,88,0,0,88,88,13336,0,0,0,0,0
2020-06-30,US,Missouri,Moniteau,49,1,0,38.63571781,-92.57976951,29135.0,303.74411108356065,2.0408163265306123,48,49,1,0,48,49,16121,0,0,0,0,0
2020-06-30,US,Missouri,Monroe,5,0,0,39.49593978,-92.00043978,29137.0,57.84359093012494,0.0,5,5,0,0,5,5,8664,0,0,0,0,0
2020-06-30,US,Missouri,Montgomery,16,0,0,38.94022054,-91.47000721,29139.0,138.51614578824345,0.0,16,16,0,0,16,16,11534,0,0,0,0,0
2020-06-30,US,Missouri,Morgan,13,0,0,38.4181765,-92.88791859,29141.0,63.024191593542454,0.0,13,13,0,0,13,13,20358,0,0,0,0,0
2020-06-30,US,Missouri,New Madrid,38,1,0,36.59666326,-89.66070007,29143.0,222.53455141719368,2.631578947368421,37,38,1,0,37,38,17296,0,0,0,0,0
2020-06-30,US,Missouri,Newton,348,2,0,36.90519407,-94.3394104,29145.0,597.5685143210385,0.5747126436781609,346,348,2,0,346,348,58266,0,0,0,0,0
2020-06-30,US,Missouri,Nodaway,17,0,0,40.36079813,-94.88133008,29147.0,76.95093246424045,0.0,17,17,0,0,17,17,22304,0,0,0,0,0
2020-06-30,US,Missouri,Oregon,7,0,0,36.68710164,-91.4033755,29149.0,66.48304682306012,0.0,7,7,0,0,7,7,10541,0,0,0,0,0
2020-06-30,US,Missouri,Osage,7,0,0,38.46036182,-91.8613635,29151.0,51.41388174807197,0.0,7,7,0,0,7,7,13714,0,0,0,0,0
2020-06-30,US,Missouri,Ozark,1,0,0,36.64916339,-92.44459066,29153.0,10.90037061260083,0.0,1,1,0,0,1,1,9017,0,0,0,0,0
2020-06-30,US,Missouri,Pemiscot,110,6,0,36.2130572,-89.78742322,29155.0,695.9822840873143,5.454545454545454,104,110,6,0,104,110,16272,0,0,0,0,0
2020-06-30,US,Missouri,Perry,123,0,0,37.70660776,-89.82741088,29157.0,642.7675585284281,0.0,123,123,0,0,123,123,19150,0,0,0,0,0
2020-06-30,US,Missouri,Pettis,116,1,0,38.72798918,-93.28471706,29159.0,273.9790736673044,0.8620689655172413,115,116,1,0,115,116,42542,0,0,0,0,0
2020-06-30,US,Missouri,Phelps,21,0,0,37.87736118,-91.79351727,29161.0,47.113723554618275,0.0,21,21,0,0,21,21,44732,0,0,0,0,0
2020-06-30,US,Missouri,Pike,36,1,0,39.34310674,-91.16980779,29163.0,196.69981422795325,2.7777777777777777,35,36,1,0,35,36,18504,0,0,0,0,0
2020-06-30,US,Missouri,Platte,114,6,0,39.38154439,-94.77068479,29165.0,109.1765787507901,5.2631578947368425,108,114,6,0,108,114,102985,0,0,0,0,0
2020-06-30,US,Missouri,Polk,13,0,0,37.6162296,-93.39828174,29167.0,40.43671653861706,0.0,13,13,0,0,13,13,32201,0,0,0,0,0
2020-06-30,US,Missouri,Pulaski,120,1,0,37.82462075,-92.20783203,29169.0,228.1065257475241,0.8333333333333334,119,120,1,0,119,120,52014,0,0,0,0,0
2020-06-30,US,Missouri,Putnam,2,0,0,40.47942497,-93.02042674,29171.0,42.58943781942078,0.0,2,2,0,0,2,2,4757,0,0,0,0,0
2020-06-30,US,Missouri,Ralls,9,0,0,39.52817427,-91.51838643,29173.0,87.30235716364342,0.0,9,9,0,0,9,9,10212,0,0,0,0,0
2020-06-30,US,Missouri,Randolph,12,0,0,39.44007257,-92.4971374,29175.0,48.48876676903184,0.0,12,12,0,0,12,12,24763,0,0,0,0,0
2020-06-30,US,Missouri,Ray,25,0,0,39.3537468,-93.98905745,29177.0,108.61065253280043,0.0,25,25,0,0,25,25,22883,0,0,0,0,0
2020-06-30,US,Missouri,Reynolds,2,0,0,37.36085952,-90.97009925,29179.0,31.897926634768737,0.0,2,2,0,0,2,2,6254,0,0,0,0,0
2020-06-30,US,Missouri,Ripley,17,0,0,36.65460667,-90.85990261,29181.0,127.9349789283564,0.0,17,17,0,0,17,17,13401,0,0,0,0,0
2020-06-30,US,Missouri,Saline,282,4,0,39.13734288,-93.20259964,29195.0,1238.9613813101355,1.4184397163120568,278,282,4,0,278,282,22895,0,0,0,0,0
2020-06-30,US,Missouri,Schuyler,5,0,0,40.46921489,-92.52311943,29197.0,107.2961373390558,0.0,5,5,0,0,5,5,4599,0,0,0,0,0
2020-06-30,US,Missouri,Scotland,11,1,0,40.45214695,-92.14709064,29199.0,224.3982048143615,9.090909090909092,10,11,1,0,10,11,4966,0,0,0,0,0
2020-06-30,US,Missouri,Scott,161,11,0,37.05588075,-89.56474493,29201.0,420.58516196447226,6.832298136645963,150,161,11,0,150,161,38458,0,0,0,0,0
2020-06-30,US,Missouri,Shannon,6,0,0,37.15772072,-91.40190382,29203.0,73.47538574577517,0.0,6,6,0,0,6,6,8189,0,0,0,0,0
2020-06-30,US,Missouri,Shelby,3,0,0,39.79742518,-92.07634971,29205.0,50.590219224283295,0.0,3,3,0,0,3,3,6050,0,0,0,0,0
2020-06-30,US,Missouri,St. Charles,1010,73,0,38.77875681,-90.66662425,29183.0,251.23003218729323,7.227722772277228,937,1010,73,0,937,1010,399182,0,0,0,0,0
2020-06-30,US,Missouri,St. Clair,2,0,0,38.03699437,-93.77631447,29185.0,21.283388315419813,0.0,2,2,0,0,2,2,9395,0,0,0,0,0
2020-06-30,US,Missouri,St. Francois,138,2,0,37.81214171,-90.47598685,29187.0,205.3113144387414,1.4492753623188406,136,138,2,0,136,138,66692,0,0,0,0,0
2020-06-30,US,Missouri,St. Louis,6582,568,0,38.63770039999999,-90.4458375,29189.0,662.0365015263452,8.629595867517471,6014,6446,568,0,5878,6357,996945,136,0,0,136,89
2020-06-30,US,Missouri,St. Louis City,2493,156,0,38.63555736,-90.24349225,29510.0,829.4075375279464,6.257521058965103,2337,2453,155,0,2298,2406,302838,40,1,0,39,47
2020-06-30,US,Missouri,Ste. Genevieve,17,1,0,37.89090059,-90.1949941,29186.0,95.00391192578518,5.882352941176472,16,17,1,0,16,17,17888,0,0,0,0,0
2020-06-30,US,Missouri,Stoddard,134,8,0,36.85571651,-89.9444155,29207.0,461.67097329888026,5.970149253731344,126,134,8,0,126,134,29206,0,0,0,0,0
2020-06-30,US,Missouri,Stone,12,0,0,36.75000327,-93.45256475,29209.0,37.55633450175264,0.0,12,12,0,0,12,12,31749,0,0,0,0,0
2020-06-30,US,Missouri,Sullivan,108,0,0,40.2099105,-93.11150106,29211.0,1773.690261126622,0.0,108,108,0,0,108,108,6221,0,0,0,0,0
2020-06-30,US,Missouri,Taney,48,2,0,36.65465345,-93.04075153,29213.0,85.82463166928909,4.166666666666667,46,48,2,0,46,48,55852,0,0,0,0,0
2020-06-30,US,Missouri,Texas,4,0,0,37.31728859,-91.96564727,29215.0,15.749271596188676,0.0,4,4,0,0,4,4,25571,0,0,0,0,0
2020-06-30,US,Missouri,Vernon,16,0,0,37.8457799,-94.34127305,29217.0,77.80965812381461,0.0,16,16,0,0,16,16,20528,0,0,0,0,0
2020-06-30,US,Missouri,Warren,40,0,0,38.76529479,-91.16124662,29219.0,112.20511094280344,0.0,40,40,0,0,40,40,34711,0,0,0,0,0
2020-06-30,US,Missouri,Washington,21,1,0,37.96130078,-90.87948158,29221.0,84.91710473109583,4.761904761904762,20,21,1,0,20,21,24943,0,0,0,0,0
2020-06-30,US,Missouri,Wayne,3,0,0,37.11303869,-90.46001416,29223.0,23.304591004427877,0.0,3,3,0,0,3,3,13122,0,0,0,0,0
2020-06-30,US,Missouri,Webster,27,1,0,37.2813734,-92.876329,29225.0,68.19559506971105,3.703703703703704,26,27,1,0,26,27,39109,0,0,0,0,0
2020-06-30,US,Missouri,Worth,4,0,0,40.47945588,-94.42328751,29227.0,198.7083954297069,0.0,4,4,0,0,4,4,2040,0,0,0,0,0
2020-06-30,US,Missouri,Wright,14,0,0,37.27029221,-92.46914488,29229.0,76.54874514735633,0.0,14,14,0,0,14,14,18378,0,0,0,0,0
2020-06-30,US,Montana,Beaverhead,1,0,0,45.13434354,-112.89846940000001,30001.0,10.578652279699568,0.0,1,1,0,0,1,1,9404,0,0,0,0,0
2020-06-30,US,Montana,Big Horn,74,3,0,45.42335905,-107.492347,30003.0,555.5972670620919,4.0540540540540535,71,73,3,0,70,72,13338,1,0,0,1,1
2020-06-30,US,Montana,Broadwater,5,0,0,46.33277565,-111.49558130000001,30007.0,80.1667468334135,0.0,5,5,0,0,5,5,6085,0,0,0,0,0
2020-06-30,US,Montana,Carbon,20,0,0,45.22850116,-109.0274047,30009.0,186.4801864801865,0.0,20,19,0,0,19,18,10714,1,0,0,1,1
2020-06-30,US,Montana,Cascade,29,2,0,47.30797024,-111.3467922,30013.0,35.641422707273314,6.896551724137932,27,28,2,0,26,27,81643,1,0,0,1,1
2020-06-30,US,Montana,Custer,27,0,0,46.25319932,-105.57375259999998,30017.0,236.8005613050342,0.0,27,27,0,0,27,25,11586,0,0,0,0,2
2020-06-30,US,Montana,Dawson,8,0,0,47.26584855,-104.89444170000002,30021.0,92.88285150354116,0.0,8,8,0,0,8,8,8680,0,0,0,0,0
2020-06-30,US,Montana,Deer Lodge,4,0,0,46.05953325,-113.073353,30023.0,43.7636761487965,0.0,4,3,0,0,3,3,9131,1,0,0,1,0
2020-06-30,US,Montana,Fergus,2,0,0,47.26331584,-109.2245206,30027.0,18.099547511312217,0.0,2,2,0,0,2,2,11113,0,0,0,0,0
2020-06-30,US,Montana,Flathead,58,2,0,48.29575866,-114.05205690000001,30029.0,55.8734562549371,3.4482758620689653,56,59,2,0,57,53,102106,-1,0,0,-1,6
2020-06-30,US,Montana,Gallatin,263,1,0,45.54486106,-111.1692571,30031.0,229.82679972735372,0.3802281368821293,262,253,1,0,252,240,111876,10,0,0,10,13
2020-06-30,US,Montana,Glacier,18,0,0,48.70513576,-112.9934235,30035.0,130.88053515596596,0.0,18,18,0,0,18,9,13747,0,0,0,0,9
2020-06-30,US,Montana,Golden Valley,3,0,0,46.3816474,-109.17685220000001,30037.0,365.40803897685754,0.0,3,3,0,0,3,3,826,0,0,0,0,0
2020-06-30,US,Montana,Granite,3,0,0,46.40605220000001,-113.4414186,30039.0,88.78366380585972,0.0,3,3,0,0,3,2,3378,0,0,0,0,1
2020-06-30,US,Montana,Hill,1,0,0,48.62879827,-110.1129252,30041.0,6.066488716330987,0.0,1,1,0,0,1,1,16347,0,0,0,0,0
2020-06-30,US,Montana,Jefferson,4,0,0,46.14907081,-112.094396,30043.0,32.730545781850914,0.0,4,4,0,0,4,4,12097,0,0,0,0,0
2020-06-30,US,Montana,Lake,17,0,0,47.64514965,-114.0898013,30047.0,55.81456431807735,0.0,17,16,0,0,16,16,30250,1,0,0,1,0
2020-06-30,US,Montana,Lewis and Clark,26,0,0,47.12610041,-112.39469799999999,30049.0,37.446710450512725,0.0,26,25,0,0,25,25,68700,1,0,0,1,0
2020-06-30,US,Montana,Liberty,1,0,0,48.56084317,-111.02430700000001,30051.0,42.78990158322636,0.0,1,1,0,0,1,1,2430,0,0,0,0,0
2020-06-30,US,Montana,Lincoln,8,1,0,48.54265777,-115.4046155,30053.0,40.04004004004004,12.5,7,8,1,0,7,7,19794,0,0,0,0,1
2020-06-30,US,Montana,Madison,8,1,0,45.30080065,-111.9173017,30057.0,93.02325581395347,12.5,7,8,1,0,7,8,8768,0,0,0,0,0
2020-06-30,US,Montana,Meagher,2,0,0,46.59907074,-110.8898557,30059.0,107.41138560687432,0.0,2,1,0,0,1,1,1866,1,0,0,1,0
2020-06-30,US,Montana,Missoula,86,1,0,47.03728583,-113.92135079999998,30063.0,71.90635451505017,1.162790697674419,85,66,1,0,65,66,118791,20,0,0,20,0
2020-06-30,US,Montana,Musselshell,1,0,0,46.49684637,-108.39498,30065.0,21.58428663932657,0.0,1,1,0,0,1,1,4651,0,0,0,0,0
2020-06-30,US,Montana,Park,11,0,0,45.48965095,-110.52643940000002,30067.0,66.24111766831264,0.0,11,9,0,0,9,9,16736,2,0,0,2,0
2020-06-30,US,Montana,Pondera,2,0,0,48.22773388,-112.22527029999999,30073.0,33.83522246658772,0.0,2,2,0,0,2,2,5972,0,0,0,0,0
2020-06-30,US,Montana,Ravalli,27,0,0,46.08520862,-114.11891640000002,30081.0,61.635392411998346,0.0,27,27,0,0,27,23,43172,0,0,0,0,4
2020-06-30,US,Montana,Richland,12,0,0,47.78668011,-104.5610786,30083.0,111.0802554845876,0.0,12,12,0,0,12,10,10913,0,0,0,0,2
2020-06-30,US,Montana,Roosevelt,7,0,0,48.29607488,-105.00792679999999,30085.0,63.613231552162844,0.0,7,7,0,0,7,8,11059,0,0,0,0,-1
2020-06-30,US,Montana,Rosebud,9,1,0,46.23397237,-106.72928799999998,30087.0,100.70493454179257,11.111111111111109,8,9,1,0,8,9,9063,0,0,0,0,0
2020-06-30,US,Montana,Silver Bow,14,0,0,45.90018933,-112.6620092,30093.0,40.09737934984963,0.0,14,14,0,0,14,14,34993,0,0,0,0,0
2020-06-30,US,Montana,Stillwater,5,0,0,45.67071407,-109.3950061,30095.0,51.85646131507986,0.0,5,5,0,0,5,4,9534,0,0,0,0,1
2020-06-30,US,Montana,Toole,31,6,0,48.65577551,-111.69424140000001,30101.0,654.5608108108107,19.354838709677423,25,31,6,0,25,31,4853,0,0,0,0,0
2020-06-30,US,Montana,Treasure,2,0,0,46.20973220000001,-107.26665159999999,30103.0,287.3563218390805,0.0,2,2,0,0,2,2,679,0,0,0,0,0
2020-06-30,US,Montana,Valley,3,0,0,48.36435097,-106.6669635,30105.0,40.56246619794484,0.0,3,2,0,0,2,1,7437,1,0,0,1,1
2020-06-30,US,Montana,Wheatland,1,0,0,46.46652491,-109.84646359999999,30107.0,47.036688617121364,0.0,1,1,0,0,1,1,2236,0,0,0,0,0
2020-06-30,US,Montana,Yellowstone,174,4,0,45.93955949,-108.26914860000001,30111.0,107.87352758834471,2.2988505747126435,170,165,4,0,161,151,160137,9,0,0,9,14
2020-06-30,US,Nebraska,Adams,294,11,0,40.52449420000001,-98.50117804,31001.0,937.4103242674487,3.741496598639456,283,292,11,0,281,288,31511,2,0,0,2,4
2020-06-30,US,Nebraska,Antelope,9,1,0,42.17695516,-98.06662829999999,31003.0,142.9025087329311,11.111111111111109,8,9,1,0,8,9,6336,0,0,0,0,0
2020-06-30,US,Nebraska,Banner,1,0,0,41.54634427,-103.7114332,31007.0,134.2281879194631,0.0,1,1,0,0,1,1,730,0,0,0,0,0
2020-06-30,US,Nebraska,Boone,7,0,0,41.70759415,-98.06737183,31011.0,134.82280431432974,0.0,7,7,0,0,7,7,5239,0,0,0,0,0
2020-06-30,US,Nebraska,Box Butte,3,0,0,42.22079243,-103.08788340000001,31013.0,27.821570991375317,0.0,3,3,0,0,3,3,10772,0,0,0,0,0
2020-06-30,US,Nebraska,Boyd,1,0,0,42.899727399999996,-98.76486568,31015.0,52.11047420531528,0.0,1,1,0,0,1,1,1955,0,0,0,0,0
2020-06-30,US,Nebraska,Buffalo,184,1,0,40.85486962,-99.07500296,31019.0,370.5269940997604,0.5434782608695652,183,184,1,0,183,183,49615,0,0,0,0,1
2020-06-30,US,Nebraska,Burt,14,0,0,41.85056773,-96.32605633,31021.0,216.75181916705367,0.0,14,13,0,0,13,13,6488,1,0,0,1,0
2020-06-30,US,Nebraska,Butler,51,0,0,41.22703692,-97.13106306,31023.0,636.2275449101796,0.0,51,51,0,0,51,51,8058,0,0,0,0,0
2020-06-30,US,Nebraska,Cass,66,1,0,40.90899107,-96.13971217,31025.0,251.4477293508077,1.5151515151515151,65,66,1,0,65,65,26159,0,0,0,0,1
2020-06-30,US,Nebraska,Cedar,17,0,0,42.598885100000004,-97.25311951,31027.0,202.33277791002143,0.0,17,17,0,0,17,13,8446,0,0,0,0,4
2020-06-30,US,Nebraska,Chase,1,0,0,40.523719799999995,-101.69780259999999,31029.0,25.4841997961264,0.0,1,1,0,0,1,1,3977,0,0,0,0,0
2020-06-30,US,Nebraska,Cherry,1,0,0,42.54502621,-101.1244332,31031.0,17.577781683951486,0.0,1,1,0,0,1,1,5761,0,0,0,0,0
2020-06-30,US,Nebraska,Cheyenne,19,0,0,41.21999357,-102.9941693,31033.0,213.2435465768799,0.0,19,18,0,0,18,18,9310,1,0,0,1,0
2020-06-30,US,Nebraska,Clay,27,0,0,40.52439441,-98.05126296,31035.0,435.2732548766726,0.0,27,27,0,0,27,27,6214,0,0,0,0,0
2020-06-30,US,Nebraska,Colfax,668,4,0,41.57486951,-97.0868542,31037.0,6237.743953683817,0.5988023952095808,664,667,4,0,663,666,10881,1,0,0,1,1
2020-06-30,US,Nebraska,Cuming,35,0,0,41.91637624,-96.78730772,31039.0,395.6590549400859,0.0,35,36,0,0,36,35,8940,-1,0,0,-1,1
2020-06-30,US,Nebraska,Custer,40,4,0,41.39374521,-99.72805369,31041.0,371.16080541894775,10.0,36,40,4,0,36,40,10840,0,0,0,0,0
2020-06-30,US,Nebraska,Dakota,1759,31,0,42.39040144,-96.56656425,31043.0,8783.581344252472,1.7623649801023311,1728,1761,31,0,1730,1760,20083,-2,0,0,-2,1
2020-06-30,US,Nebraska,Dawes,3,0,0,42.71985036,-103.1313774,31045.0,34.9283967865875,0.0,3,2,0,0,2,2,8716,1,0,0,1,0
2020-06-30,US,Nebraska,Dawson,857,8,0,40.87028216,-99.82014609999999,31047.0,3632.125450307269,0.9334889148191364,849,857,8,0,849,857,23709,0,0,0,0,0
2020-06-30,US,Nebraska,Dixon,48,2,0,42.49188363,-96.86782408,31051.0,851.6678495386798,4.166666666666667,46,47,2,0,45,46,5709,1,0,0,1,1
2020-06-30,US,Nebraska,Dodge,687,8,0,41.58071748,-96.65598179,31053.0,1878.8458908792559,1.1644832605531297,679,684,8,0,676,681,36791,3,0,0,3,3
2020-06-30,US,Nebraska,Douglas,7084,93,0,41.29518299,-96.15085305,31055.0,1239.9203958503626,1.312817617165443,6991,7019,88,0,6931,6962,566880,65,5,0,60,57
2020-06-30,US,Nebraska,Fillmore,14,1,0,40.52458567,-97.59646937,31059.0,256.31636763090444,7.142857142857142,13,14,1,0,13,13,5527,0,0,0,0,1
2020-06-30,US,Nebraska,Franklin,6,0,0,40.17636348,-98.95299073,31061.0,201.40986908358508,0.0,6,6,0,0,6,7,3023,0,0,0,0,-1
2020-06-30,US,Nebraska,Frontier,1,0,0,40.52993007,-100.3924658,31063.0,38.06623524933384,0.0,1,1,0,0,1,1,2608,0,0,0,0,0
2020-06-30,US,Nebraska,Furnas,10,1,0,40.17642064,-99.91247454,31065.0,213.85799828913602,10.0,9,10,1,0,9,10,4715,0,0,0,0,0
2020-06-30,US,Nebraska,Gage,52,4,0,40.26186809,-96.68946704,31067.0,241.71431227629802,7.6923076923076925,48,49,4,0,45,50,21493,3,0,0,3,-1
2020-06-30,US,Nebraska,Garden,4,0,0,41.61703149,-102.3313973,31069.0,217.74632553075668,0.0,4,4,0,0,4,5,1897,0,0,0,0,-1
2020-06-30,US,Nebraska,Garfield,1,0,0,41.91428955,-98.99111827,31071.0,50.787201625190455,0.0,1,1,0,0,1,1,1987,0,0,0,0,0
2020-06-30,US,Nebraska,Gosper,13,0,0,40.51481965,-99.83020279,31073.0,653.2663316582915,0.0,13,13,0,0,13,13,1996,0,0,0,0,0
2020-06-30,US,Nebraska,Greeley,3,0,0,41.56742671,-98.52150266,31077.0,127.33446519524618,0.0,3,3,0,0,3,3,2356,0,0,0,0,0
2020-06-30,US,Nebraska,Hall,1591,47,0,40.87257079,-98.50218293,31079.0,2593.190227046762,2.95411690760528,1544,1587,47,0,1540,1590,61607,4,0,0,4,-3
2020-06-30,US,Nebraska,Hamilton,64,12,0,40.87349452,-98.02099117,31081.0,686.4006864006864,18.75,52,64,12,0,52,58,9280,0,0,0,0,6
2020-06-30,US,Nebraska,Harlan,1,0,0,40.17658508,-99.40438879,31083.0,29.58579881656805,0.0,1,1,0,0,1,1,3401,0,0,0,0,0
2020-06-30,US,Nebraska,Hitchcock,1,0,0,40.17609175,-101.04164770000001,31087.0,36.205648081100655,0.0,1,1,0,0,1,1,2806,0,0,0,0,0
2020-06-30,US,Nebraska,Holt,3,0,0,42.45522056,-98.78402558,31089.0,29.800337737161023,0.0,3,3,0,0,3,3,10178,0,0,0,0,0
2020-06-30,US,Nebraska,Howard,46,4,0,41.2200529,-98.5166499,31093.0,713.7315748642359,8.695652173913043,42,46,4,0,42,46,6468,0,0,0,0,0
2020-06-30,US,Nebraska,Jefferson,9,0,0,40.17584531,-97.142601,31095.0,127.73204655123476,0.0,9,9,0,0,9,9,7097,0,0,0,0,0
2020-06-30,US,Nebraska,Johnson,7,0,0,40.39257596,-96.26522753,31097.0,138.03983435219877,0.0,7,6,0,0,6,6,5134,1,0,0,1,0
2020-06-30,US,Nebraska,Kearney,13,0,0,40.50663314,-98.94877182,31099.0,200.15396458814476,0.0,13,13,0,0,13,13,6544,0,0,0,0,0
2020-06-30,US,Nebraska,Keith,4,0,0,41.19930341,-101.66201640000001,31101.0,49.78839930296241,0.0,4,4,0,0,4,3,8021,0,0,0,0,1
2020-06-30,US,Nebraska,Kimball,10,0,0,41.19774275,-103.7148131,31105.0,275.3303964757709,0.0,10,9,0,0,9,9,3618,1,0,0,1,0
2020-06-30,US,Nebraska,Knox,21,0,0,42.63758421,-97.89178836,31107.0,252.0403264522324,0.0,21,21,0,0,21,21,8419,0,0,0,0,0
2020-06-30,US,Nebraska,Lancaster,1723,12,0,40.78416049,-96.68777155,31109.0,539.9730483562631,0.6964596633778294,1711,1708,12,0,1696,1692,317272,15,0,0,15,16
2020-06-30,US,Nebraska,Lincoln,57,2,0,41.04658298,-100.74753740000001,31111.0,163.25829180271523,3.5087719298245608,55,57,2,0,55,55,35185,0,0,0,0,2
2020-06-30,US,Nebraska,Madison,362,4,0,41.91676024,-97.6005481,31119.0,1031.36841505456,1.1049723756906078,358,361,4,0,357,359,35392,1,0,0,1,2
2020-06-30,US,Nebraska,Merrick,38,0,0,41.16624273,-98.0374887,31121.0,490.006447453256,0.0,38,38,0,0,38,38,7733,0,0,0,0,0
2020-06-30,US,Nebraska,Morrill,37,0,0,41.71711774,-103.0061405,31123.0,797.0702283498492,0.0,37,31,0,0,31,25,4686,6,0,0,6,6
2020-06-30,US,Nebraska,Nance,4,0,0,41.39750195,-97.99327291,31125.0,113.66865586814436,0.0,4,4,0,0,4,4,3532,0,0,0,0,0
2020-06-30,US,Nebraska,Nemaha,5,0,0,40.38514847,-95.85433992,31127.0,71.7154331612163,0.0,5,5,0,0,5,5,6958,0,0,0,0,0
2020-06-30,US,Nebraska,Nuckolls,1,0,0,40.17637905,-98.04743961,31129.0,24.10800385728061,0.0,1,1,0,0,1,1,4195,0,0,0,0,0
2020-06-30,US,Nebraska,Otoe,22,0,0,40.64843556,-96.13374142,31131.0,137.39695228578566,0.0,22,20,0,0,20,18,15985,2,0,0,2,2
2020-06-30,US,Nebraska,Phelps,26,0,0,40.51156033,-99.41461667,31137.0,287.8016382554793,0.0,26,25,0,0,25,23,8996,1,0,0,1,2
2020-06-30,US,Nebraska,Pierce,8,0,0,42.26434853,-97.60122773,31139.0,111.9194180190263,0.0,8,8,0,0,8,8,7142,0,0,0,0,0
2020-06-30,US,Nebraska,Platte,664,3,0,41.57246836,-97.52144359,31141.0,1983.8661487899606,0.4518072289156626,661,663,3,0,660,660,33363,1,0,0,1,3
2020-06-30,US,Nebraska,Polk,12,0,0,41.18813488,-97.56630712,31143.0,230.19374640322275,0.0,12,12,0,0,12,12,5278,0,0,0,0,0
2020-06-30,US,Nebraska,Red Willow,6,0,0,40.17556879999999,-100.476998,31145.0,55.949272659455424,0.0,6,6,0,0,6,6,10726,0,0,0,0,0
2020-06-30,US,Nebraska,Richardson,5,1,0,40.1247415,-95.71755036,31147.0,63.57279084551812,20.0,4,5,1,0,4,5,7937,0,0,0,0,0
2020-06-30,US,Nebraska,Rock,1,0,0,42.42252217,-99.44832069,31149.0,73.69196757553426,0.0,1,1,0,0,1,1,1360,0,0,0,0,0
2020-06-30,US,Nebraska,Saline,533,2,0,40.52418865,-97.14085859,31151.0,3747.1878515185604,0.37523452157598497,531,534,2,0,532,533,14350,-1,0,0,-1,1
2020-06-30,US,Nebraska,Sarpy,1167,8,0,41.11314181,-96.11156432,31153.0,623.4107566400993,0.6855184233076264,1159,1145,8,0,1137,1123,184459,22,0,0,22,22
2020-06-30,US,Nebraska,Saunders,77,2,0,41.227810299999994,-96.63773905,31155.0,356.8449346556678,2.5974025974025974,75,74,2,0,72,74,21303,3,0,0,3,0
2020-06-30,US,Nebraska,Scotts Bluff,215,3,0,41.85070896,-103.70809859999999,31157.0,603.6273794149025,1.3953488372093024,212,213,3,0,210,209,35989,2,0,0,2,4
2020-06-30,US,Nebraska,Seward,34,1,0,40.87241834,-97.139673,31159.0,196.7137236750752,2.9411764705882355,33,33,1,0,32,33,17318,1,0,0,1,0
2020-06-30,US,Nebraska,Sheridan,4,0,0,42.50284406,-102.4126613,31161.0,76.24857033930614,0.0,4,4,0,0,4,2,5190,0,0,0,0,2
2020-06-30,US,Nebraska,Sherman,5,0,0,41.22045983,-98.97588642,31163.0,166.61112962345885,0.0,5,5,0,0,5,5,3038,0,0,0,0,0
2020-06-30,US,Nebraska,Sioux,6,0,0,42.48932059,-103.7576544,31165.0,514.5797598627787,0.0,6,6,0,0,6,6,1187,0,0,0,0,0
2020-06-30,US,Nebraska,Stanton,21,0,0,41.9169835,-97.19394708,31167.0,354.72972972972974,0.0,21,21,0,0,21,21,5970,0,0,0,0,0
2020-06-30,US,Nebraska,Thayer,1,0,0,40.17626377,-97.59504381,31169.0,19.98800719568259,0.0,1,1,0,0,1,1,5039,0,0,0,0,0
2020-06-30,US,Nebraska,Thomas,1,0,0,41.91358968,-100.5556632,31171.0,138.50415512465375,0.0,1,1,0,0,1,1,720,0,0,0,0,0
2020-06-30,US,Nebraska,Thurston,85,1,0,42.15725356,-96.54157099,31173.0,1176.6334440753046,1.1764705882352942,84,85,1,0,84,84,7303,0,0,0,0,1
2020-06-30,US,Nebraska,Unassigned,174,1,0,0.0,0.0,90031.0,0.0,0.5747126436781609,173,175,1,0,174,173,,-1,0,0,-1,2
2020-06-30,US,Nebraska,Valley,8,0,0,41.56730777,-98.98197724,31175.0,192.40019240019242,0.0,8,8,0,0,8,8,4190,0,0,0,0,0
2020-06-30,US,Nebraska,Washington,50,1,0,41.52815707,-96.22019892,31177.0,241.20796951131263,2.0,49,48,1,0,47,46,20667,2,0,0,2,2
2020-06-30,US,Nebraska,Wayne,28,0,0,42.20934475,-97.11926964,31179.0,298.3484283431007,0.0,28,28,0,0,28,28,9403,0,0,0,0,0
2020-06-30,US,Nebraska,Webster,6,0,0,40.17642643,-98.50019851,31181.0,172.0676799541153,0.0,6,6,0,0,6,6,3533,0,0,0,0,0
2020-06-30,US,Nebraska,York,41,0,0,40.87272618,-97.59710186,31185.0,299.72951239125666,0.0,41,41,0,0,41,41,13772,0,0,0,0,0
2020-06-30,US,Nevada,Carson City,151,5,0,39.15509045,-119.7480219,32510.0,270.0479290364117,3.3112582781456954,146,151,5,0,146,149,55414,0,0,0,0,2
2020-06-30,US,Nevada,Churchill,11,1,0,39.58105744,-118.3394607,32001.0,44.16074511220843,9.090909090909092,10,11,1,0,10,10,24440,0,0,0,0,1
2020-06-30,US,Nevada,Clark,15095,416,0,36.21458855,-115.0130241,32003.0,665.9416821258958,2.7558794302749257,14679,14607,414,0,14193,13910,2231647,488,2,0,486,697
2020-06-30,US,Nevada,Douglas,65,0,0,38.912862,-119.61713329999999,32005.0,132.91074532256417,0.0,65,64,0,0,64,64,48467,1,0,0,1,0
2020-06-30,US,Nevada,Elko,121,1,0,41.14531606,-115.3577619,32007.0,229.26219258024173,0.8264462809917356,120,111,1,0,110,115,52460,10,0,0,10,-4
2020-06-30,US,Nevada,Eureka,1,0,0,39.98100864,-116.26832040000001,32011.0,49.28536224741252,0.0,1,1,0,0,1,1,2003,0,0,0,0,0
2020-06-30,US,Nevada,Humboldt,83,4,0,41.40692186,-118.11094270000001,32013.0,493.1376626463074,4.819277108433735,79,83,4,0,79,82,16786,0,0,0,0,1
2020-06-30,US,Nevada,Lander,35,0,0,39.933223299999995,-117.03970749999999,32015.0,632.6825741142444,0.0,35,35,0,0,35,35,5575,0,0,0,0,0
2020-06-30,US,Nevada,Lincoln,2,0,0,37.64268459,-114.8790388,32017.0,38.58769052672198,0.0,2,2,0,0,2,2,5201,0,0,0,0,0
2020-06-30,US,Nevada,Lyon,115,2,0,39.01777974,-119.18704790000001,32019.0,199.96522343940185,1.7391304347826086,113,112,2,0,110,110,55808,3,0,0,3,2
2020-06-30,US,Nevada,Mineral,5,0,0,38.53841696,-118.4344506,32021.0,110.98779134295229,0.0,5,5,0,0,5,4,4514,0,0,0,0,1
2020-06-30,US,Nevada,Nye,104,3,0,38.04264256,-116.47227020000001,32023.0,223.5453431635965,2.8846153846153846,101,100,3,0,97,94,45346,4,0,0,4,6
2020-06-30,US,Nevada,Pershing,6,0,0,40.44003782,-118.40056409999998,32027.0,89.21933085501858,0.0,6,6,0,0,6,6,6666,0,0,0,0,0
2020-06-30,US,Nevada,Storey,2,0,0,39.44875482,-119.5250207,32029.0,48.50836769342711,0.0,2,2,0,0,2,2,4029,0,0,0,0,0
2020-06-30,US,Nevada,Washoe,2656,75,0,40.66562265,-119.6631594,32031.0,563.2858909184996,2.823795180722892,2581,2600,74,0,2526,2573,465735,56,1,0,55,27
2020-06-30,US,Nevada,White Pine,4,0,0,39.44157041,-114.89996599999999,32033.0,41.7536534446764,0.0,4,4,0,0,4,3,9475,0,0,0,0,1
2020-06-30,US,New Hampshire,Belknap,81,1,0,43.51637314,-71.41684235,33001.0,132.13056457269627,1.2345679012345678,80,81,1,0,80,81,61022,0,0,0,0,0
2020-06-30,US,New Hampshire,Carroll,54,0,0,43.87498583,-71.20430216,33003.0,110.40686976078513,0.0,54,54,0,0,54,54,48779,0,0,0,0,0
2020-06-30,US,New Hampshire,Cheshire,71,2,0,42.92015988,-72.25311043,33005.0,93.31668528619308,2.8169014084507036,69,69,2,0,67,67,76493,2,0,0,2,2
2020-06-30,US,New Hampshire,Coos,7,0,0,44.69063265,-71.30633239,33007.0,22.177866489243737,0.0,7,6,0,0,6,6,31589,1,0,0,1,0
2020-06-30,US,New Hampshire,Grafton,85,1,0,43.93779815,-71.82057197,33009.0,94.5642257971208,1.1764705882352942,84,84,1,0,83,84,89786,1,0,0,1,0
2020-06-30,US,New Hampshire,Hillsborough,3275,246,0,42.91537785,-71.7200253,33011.0,785.3246208260896,7.5114503816793885,3029,3263,242,0,3021,3254,415247,12,4,0,8,9
2020-06-30,US,New Hampshire,Merrimack,410,18,0,43.29662971,-71.6811573,33013.0,270.82191147426204,4.390243902439025,392,409,18,0,391,407,151132,1,0,0,1,2
2020-06-30,US,New Hampshire,Rockingham,1474,89,0,42.98499744,-71.12883377,33015.0,475.83844735916125,6.0379918588873815,1385,1470,89,0,1381,1470,309176,4,0,0,4,0
2020-06-30,US,New Hampshire,Strafford,292,13,0,43.291833000000004,-71.02336013,33017.0,223.52698016580803,4.452054794520548,279,292,13,0,279,291,130090,0,0,0,0,1
2020-06-30,US,New Hampshire,Sullivan,32,1,0,43.36094111,-72.22203125,33019.0,74.16678255226441,3.125,31,31,1,0,30,31,43144,1,0,0,1,0
2020-06-30,US,New Hampshire,Unassigned,1,0,0,0.0,0.0,90033.0,0.0,0.0,1,1,0,0,1,2,,0,0,0,0,-1
2020-06-30,US,New Jersey,Atlantic,2863,216,0,39.47538693,-74.65848483,34001.0,1085.8269806955664,7.544533705902898,2647,2845,214,0,2631,2839,265429,18,2,0,16,6
2020-06-30,US,New Jersey,Bergen,19423,1989,0,40.96010917,-74.07164325,34003.0,2083.561288218648,10.240436595788498,17434,19375,1985,0,17390,19354,936692,48,4,0,44,21
2020-06-30,US,New Jersey,Burlington,5168,424,0,39.87681124,-74.66927768,34005.0,1160.4382181165781,8.204334365325076,4744,5142,421,0,4721,5136,445384,26,3,0,23,6
2020-06-30,US,New Jersey,Camden,7317,489,0,39.80343818,-74.96388753,34007.0,1444.7026581976065,6.683066830668308,6828,7297,485,0,6812,7284,507078,20,4,0,16,13
2020-06-30,US,New Jersey,Cape May,740,73,0,39.15008829,-74.80170244,34009.0,804.0069970338661,9.864864864864863,667,712,68,0,644,732,92560,28,5,0,23,-20
2020-06-30,US,New Jersey,Cumberland,2963,143,0,39.37199394,-75.10712559,34011.0,1981.5819216596333,4.826189672629091,2820,2946,141,0,2805,2942,150972,17,2,0,15,4
2020-06-30,US,New Jersey,Essex,18758,2021,0,40.78681335,-74.24657979,34013.0,2347.7580650208083,10.774069730248428,16737,18731,2021,0,16710,18716,799767,27,0,0,27,15
2020-06-30,US,New Jersey,Gloucester,2578,182,0,39.71581067,-75.13995546,34015.0,883.9786583275041,7.0597362296353765,2396,2563,182,0,2381,2557,291408,15,0,0,15,6
2020-06-30,US,New Jersey,Hudson,18841,1451,0,40.73766234,-74.07515667,34017.0,2802.0898554561263,7.701289740459637,17390,18838,1449,0,17389,18834,676061,3,2,0,1,4
2020-06-30,US,New Jersey,Hunterdon,1080,124,0,40.56335249,-74.91284156,34019.0,868.3696360083943,11.481481481481481,956,1076,123,0,953,1074,124714,4,1,0,3,2
2020-06-30,US,New Jersey,Mercer,7659,577,0,40.28047017,-74.70479631,34021.0,2084.4786762104345,7.533620577098838,7082,7634,578,0,7056,7626,369811,25,-1,0,26,8
2020-06-30,US,New Jersey,Middlesex,16816,1322,0,40.43629879,-74.41426991,34023.0,2038.1498602529266,7.861560418648906,15494,16764,1319,0,15445,16764,829685,52,3,0,49,0
2020-06-30,US,New Jersey,Monmouth,9140,807,0,40.26549699,-74.22240686,34025.0,1477.064294313949,8.829321663019693,8333,9110,805,0,8305,9108,621354,30,2,0,28,2
2020-06-30,US,New Jersey,Morris,6738,798,0,40.86095313,-74.54553709999998,34027.0,1369.9437831024002,11.843276936776492,5940,6735,796,0,5939,6730,494228,3,2,0,1,5
2020-06-30,US,New Jersey,Ocean,9614,955,0,39.8895449,-74.28089251,34029.0,1583.3698405430955,9.933430413979615,8659,9575,946,0,8629,9570,601651,39,9,0,30,5
2020-06-30,US,New Jersey,Passaic,16879,1186,0,41.03238628,-74.29954144,34031.0,3363.516437968539,7.02648261152912,15693,16876,1183,0,15693,16867,503310,3,3,0,0,9
2020-06-30,US,New Jersey,Salem,768,75,0,39.58719656,-75.34696629999998,34033.0,1231.0651598942054,9.765625,693,762,75,0,687,756,62607,6,0,0,6,6
2020-06-30,US,New Jersey,Somerset,4869,528,0,40.56465737,-74.61683016,34035.0,1480.2361567974121,10.84411583487369,4341,4858,528,0,4330,4857,331164,11,0,0,11,1
2020-06-30,US,New Jersey,Sussex,1192,191,0,41.13891592,-74.69118243,34037.0,848.471043790217,16.023489932885905,1001,1190,192,0,998,1189,140799,2,-1,0,3,1
2020-06-30,US,New Jersey,Unassigned,642,0,0,0.0,0.0,90034.0,0.0,0.0,642,636,0,0,636,651,,6,0,0,6,-15
2020-06-30,US,New Jersey,Union,16386,1326,0,40.65835409,-74.30680092,34039.0,2945.3159123631012,8.092273892347126,15060,16377,1325,0,15052,16368,558067,9,1,0,8,9
2020-06-30,US,New Jersey,Warren,1233,158,0,40.85951833,-74.99556527,34041.0,1171.307247285474,12.814274128142744,1075,1230,156,0,1074,1228,105779,3,2,0,1,2
2020-06-30,US,New Mexico,Bernalillo,2143,85,0,35.05163625,-106.6703554,35001.0,315.5549600144893,3.9664022398506766,2058,2109,85,0,2024,2064,678701,34,0,0,34,45
2020-06-30,US,New Mexico,Catron,2,1,0,33.91514144,-108.4046587,35003.0,56.70541536716757,50.0,1,2,1,0,1,2,3578,0,0,0,0,0
2020-06-30,US,New Mexico,Chaves,94,2,0,33.36406072,-104.4665365,35005.0,145.47705641105009,2.127659574468085,92,89,2,0,87,83,64689,5,0,0,5,6
2020-06-30,US,New Mexico,Cibola,212,14,0,34.91131525,-107.998876,35006.0,794.7516401124649,6.60377358490566,198,211,14,0,197,211,26746,1,0,0,1,0
2020-06-30,US,New Mexico,Colfax,9,1,0,36.60569702,-104.64726740000002,35007.0,75.37057197889624,11.111111111111109,8,9,1,0,8,9,12110,0,0,0,0,0
2020-06-30,US,New Mexico,Curry,163,0,0,34.57421077,-103.34688759999999,35009.0,332.96564121420107,0.0,163,153,0,0,153,142,49437,10,0,0,10,11
2020-06-30,US,New Mexico,Dona Ana,949,9,0,32.35275771,-106.83293870000001,35013.0,434.93205618827204,0.9483667017913592,940,929,9,0,920,895,217522,20,0,0,20,34
2020-06-30,US,New Mexico,Eddy,80,1,0,32.47167456,-104.3053527,35015.0,136.84570646595964,1.25,79,78,1,0,77,69,57900,2,0,0,2,9
2020-06-30,US,New Mexico,Grant,18,0,0,32.73911281,-108.3827845,35017.0,66.6716053040966,0.0,18,18,0,0,18,18,27346,0,0,0,0,0
2020-06-30,US,New Mexico,Guadalupe,20,0,0,34.86319296,-104.790669,35019.0,465.11627906976736,0.0,20,20,0,0,20,20,4341,0,0,0,0,0
2020-06-30,US,New Mexico,Harding,1,0,0,35.85751555,-103.82209379999999,35021.0,160.0,0.0,1,1,0,0,1,1,655,0,0,0,0,0
2020-06-30,US,New Mexico,Hidalgo,49,0,0,31.91383467,-108.7151824,35023.0,1167.2224868985234,0.0,49,49,0,0,49,46,4240,0,0,0,0,3
2020-06-30,US,New Mexico,Lea,132,0,0,32.79215361,-103.4123733,35025.0,185.7323765301815,0.0,132,113,0,0,113,106,69611,19,0,0,19,7
2020-06-30,US,New Mexico,Lincoln,11,0,0,33.74526079,-105.4586166,35027.0,56.202738606172076,0.0,11,11,0,0,11,11,19556,0,0,0,0,0
2020-06-30,US,New Mexico,Los Alamos,8,0,0,35.86631386,-106.31349850000001,35028.0,41.30311322215912,0.0,8,8,0,0,8,8,19101,0,0,0,0,0
2020-06-30,US,New Mexico,Luna,79,3,0,32.18179341,-107.75088259999998,35029.0,333.2067991058248,3.79746835443038,76,77,2,0,75,73,23963,2,1,0,1,4
2020-06-30,US,New Mexico,McKinley,3375,168,0,35.58007720000001,-108.262245,35031.0,4729.0764639118925,4.977777777777779,3207,3347,166,0,3181,3336,72290,28,2,0,26,11
2020-06-30,US,New Mexico,Otero,42,6,0,32.61348406,-105.7417604,35035.0,62.231441695065925,14.285714285714285,36,41,6,0,35,38,66781,1,0,0,1,3
2020-06-30,US,New Mexico,Quay,6,1,0,35.10403332,-103.54817270000001,35037.0,72.70083605961469,16.666666666666668,5,6,1,0,5,6,8253,0,0,0,0,0
2020-06-30,US,New Mexico,Rio Arriba,98,1,0,36.51072137,-106.69316740000001,35039.0,251.7920916728758,1.020408163265306,97,96,1,0,95,93,39006,2,0,0,2,3
2020-06-30,US,New Mexico,Roosevelt,59,1,0,34.02097406,-103.4799493,35041.0,318.91891891891885,1.6949152542372878,58,57,1,0,56,57,18743,2,0,0,2,0
2020-06-30,US,New Mexico,San Juan,2422,163,0,36.50838318,-108.32043700000001,35045.0,1953.887607092725,6.7299752270850535,2259,2405,162,0,2243,2392,125043,17,1,0,16,13
2020-06-30,US,New Mexico,San Miguel,21,0,0,35.48014807,-104.8163562,35047.0,76.98793855629283,0.0,21,21,0,0,21,21,27591,0,0,0,0,0
2020-06-30,US,New Mexico,Sandoval,728,29,0,35.68862401,-106.86878030000001,35043.0,496.0885327227628,3.983516483516484,699,720,29,0,691,716,145179,8,0,0,8,4
2020-06-30,US,New Mexico,Santa Fe,237,3,0,35.50708973,-105.9774716,35049.0,157.62380451987926,1.2658227848101269,234,234,3,0,231,228,150056,3,0,0,3,6
2020-06-30,US,New Mexico,Sierra,11,0,0,33.13028233,-107.1925893,35051.0,101.9367991845056,0.0,11,12,0,0,12,12,10968,-1,0,0,-1,0
2020-06-30,US,New Mexico,Socorro,60,5,0,34.00715494,-106.9298354,35053.0,360.6419426579311,8.333333333333334,55,60,5,0,55,59,16735,0,0,0,0,1
2020-06-30,US,New Mexico,Taos,42,1,0,36.58006022,-105.63101979999999,35055.0,128.35009015065856,2.380952380952381,41,40,1,0,39,40,32835,2,0,0,2,0
2020-06-30,US,New Mexico,Torrance,43,1,0,34.64048375,-105.8508949,35057.0,278.1191384774594,2.3255813953488373,42,43,1,0,42,42,15591,0,0,0,0,1
2020-06-30,US,New Mexico,Unassigned,905,0,0,0.0,0.0,90035.0,0.0,0.0,905,900,0,0,900,899,,5,0,0,5,1
2020-06-30,US,New Mexico,Union,7,0,0,36.48126404,-103.4709624,35059.0,172.45627001724563,0.0,7,7,0,0,7,7,4118,0,0,0,0,0
2020-06-30,US,New Mexico,Valencia,121,2,0,34.71669834,-106.8103733,35061.0,157.78218234925933,1.6528925619834711,119,116,2,0,114,105,76456,5,0,0,5,11
2020-06-30,US,New York,Albany,2102,121,0,42.60060306,-73.97723916,36001.0,688.0388601205867,5.756422454804947,1981,2099,121,0,1978,2097,307117,3,0,0,3,2
2020-06-30,US,New York,Allegany,59,0,0,42.25748406,-78.02750466,36003.0,128.0076370658046,0.0,59,59,0,0,59,59,46430,0,0,0,0,0
2020-06-30,US,New York,Broome,716,58,0,42.15903158,-75.81326086,36007.0,375.8766956448701,8.100558659217876,658,710,58,0,652,703,191659,6,0,0,6,7
2020-06-30,US,New York,Cattaraugus,123,6,0,42.24778241,-78.67923096,36009.0,161.59333657395848,4.878048780487805,117,123,6,0,117,123,76840,0,0,0,0,0
2020-06-30,US,New York,Cayuga,115,2,0,42.91261714,-76.55731592,36011.0,150.1776013372336,1.7391304347826086,113,114,2,0,112,113,77145,1,0,0,1,1
2020-06-30,US,New York,Chautauqua,127,7,0,42.22769210000001,-79.36691763,36013.0,100.07643633326241,5.511811023622046,120,123,7,0,116,123,127939,4,0,0,4,0
2020-06-30,US,New York,Chemung,141,2,0,42.13891056,-76.7638805,36015.0,168.9513036809816,1.4184397163120568,139,140,2,0,138,140,84254,1,0,0,1,0
2020-06-30,US,New York,Chenango,146,5,0,42.49430041,-75.60887553,36017.0,309.2761666701972,3.4246575342465757,141,78,5,0,73,146,47536,68,0,0,68,-68
2020-06-30,US,New York,Clinton,101,4,0,44.74530905,-73.67875352,36019.0,125.48922159408585,3.96039603960396,97,219,4,0,215,101,80695,-118,0,0,-118,118
2020-06-30,US,New York,Columbia,464,37,0,42.24819348,-73.63089095,36021.0,780.3434183750694,7.974137931034483,427,463,37,0,426,463,59916,1,0,0,1,0
2020-06-30,US,New York,Cortland,47,0,0,42.59509207,-76.07048931,36023.0,98.77892436056408,0.0,47,49,0,0,49,46,47823,-2,0,0,-2,3
2020-06-30,US,New York,Delaware,91,4,0,42.19837623,-74.96709306,36025.0,206.18556701030928,4.395604395604397,87,91,4,0,87,91,44527,0,0,0,0,0
2020-06-30,US,New York,Dutchess,4207,151,0,41.76486060000001,-73.74356679,36027.0,1429.89212080838,3.5892560019015924,4056,4201,151,0,4050,4198,293718,6,0,0,6,3
2020-06-30,US,New York,Erie,7292,634,0,42.76249024,-78.73063652,36029.0,793.7285430966733,8.694459681843115,6658,7249,634,0,6615,7228,919719,43,0,0,43,21
2020-06-30,US,New York,Essex,42,0,0,44.11630765,-73.77297842,36031.0,113.86742578283855,0.0,42,59,0,0,59,42,37300,-17,0,0,-17,17
2020-06-30,US,New York,Franklin,30,0,0,44.59040891,-74.29926032,36033.0,59.97361161089121,0.0,30,30,0,0,30,29,50293,0,0,0,0,1
2020-06-30,US,New York,Fulton,256,24,0,43.11363907,-74.41798804,36035.0,479.55341588146035,9.375,232,256,24,0,232,255,53591,0,0,0,0,1
2020-06-30,US,New York,Genesee,238,5,0,43.0022601,-78.19135193,36037.0,415.5027932960894,2.100840336134454,233,238,5,0,233,238,57511,0,0,0,0,0
2020-06-30,US,New York,Greene,260,18,0,42.275797,-74.12384884,36039.0,550.9875392048826,6.9230769230769225,242,319,18,0,301,260,47491,-59,0,0,-59,59
2020-06-30,US,New York,Hamilton,6,0,0,43.66146647,-74.49721957,36041.0,135.8695652173913,0.0,6,6,0,0,6,6,4434,0,0,0,0,0
2020-06-30,US,New York,Herkimer,159,3,0,43.42034246,-74.96145307,36043.0,259.29972765374515,1.8867924528301887,156,159,3,0,156,158,61833,0,0,0,0,1
2020-06-30,US,New York,Jefferson,86,0,0,44.04200959,-75.94653457,36045.0,78.29997996977256,0.0,86,91,0,0,91,85,111755,-5,0,0,-5,6
2020-06-30,US,New York,Lewis,30,0,0,43.784415700000004,-75.44903992,36049.0,114.08579251597202,0.0,30,37,0,0,37,29,26447,-7,0,0,-7,8
2020-06-30,US,New York,Livingston,129,8,0,42.72596275,-77.77966158,36051.0,205.04180309629018,6.2015503875969005,121,128,8,0,120,128,63227,1,0,0,1,0
2020-06-30,US,New York,Madison,357,17,0,42.91653905,-75.67266639,36053.0,503.23508267433505,4.761904761904762,340,375,17,0,358,352,70795,-18,0,0,-18,23
2020-06-30,US,New York,Monroe,3742,266,0,43.14638895,-77.69322942,36055.0,504.4690402685469,7.108498129342598,3476,3709,266,0,3443,3690,742474,33,0,0,33,19
2020-06-30,US,New York,Montgomery,118,4,0,42.90123494,-74.44011632,36057.0,239.73507242843502,3.3898305084745757,114,118,4,0,114,118,49455,0,0,0,0,0
2020-06-30,US,New York,Nassau,41807,2182,0,40.74066522,-73.58941873,36059.0,3081.012643302057,5.219221661444256,39625,41780,2182,0,39598,41754,1358343,27,0,0,27,26
2020-06-30,US,New York,New York City,215179,23096,0,40.76727260000001,-73.97152637,36061.0,2581.069009911097,10.733389410676693,192083,214939,22470,0,192469,214750,1628701,240,626,0,-386,189
2020-06-30,US,New York,Niagara,1234,88,0,43.19898042,-78.74777412,36063.0,589.6378553237035,7.131280388978929,1146,1228,88,0,1140,1226,210433,6,0,0,6,2
2020-06-30,US,New York,Oneida,1627,90,0,43.24375382,-75.43710392,36065.0,711.5025517009152,5.531653349723418,1537,1616,90,0,1526,1586,229577,11,0,0,11,30
2020-06-30,US,New York,Onondaga,2842,184,0,43.00491923,-76.19971155,36067.0,617.1177431122537,6.474313863476424,2658,2822,184,0,2638,2816,461809,20,0,0,20,6
2020-06-30,US,New York,Ontario,259,9,0,42.85145728,-77.30874425,36069.0,235.93284567805642,3.474903474903475,250,257,9,0,248,256,109864,2,0,0,2,1
2020-06-30,US,New York,Orange,10723,478,0,41.40337468,-74.30240757,36071.0,2785.628929183769,4.457707731045416,10245,10744,478,0,10266,10713,381951,-21,0,0,-21,31
2020-06-30,US,New York,Orleans,281,51,0,43.2516977,-78.2320066,36073.0,696.3719270420302,18.14946619217082,230,281,51,0,230,281,40612,0,0,0,0,0
2020-06-30,US,New York,Oswego,197,3,0,43.42778894,-76.14635194,36075.0,168.19780745193128,1.5228426395939083,194,196,3,0,193,195,117898,1,0,0,1,1
2020-06-30,US,New York,Otsego,84,5,0,42.63492579,-75.03151402,36077.0,141.1930815390046,5.9523809523809526,79,84,5,0,79,84,59749,0,0,0,0,0
2020-06-30,US,New York,Putnam,1326,63,0,41.42630093,-73.74965532,36079.0,1348.6574450772987,4.751131221719457,1263,1499,63,0,1436,1323,98892,-173,0,0,-173,176
2020-06-30,US,New York,Rensselaer,553,28,0,42.71348136,-73.51089874,36083.0,348.42546971281683,5.063291139240507,525,553,28,0,525,551,159442,0,0,0,0,2
2020-06-30,US,New York,Rockland,13590,667,0,41.15027894,-74.02560498,36087.0,4171.411557787403,4.908020603384841,12923,13580,667,0,12913,13576,325695,10,0,0,10,4
2020-06-30,US,New York,Saratoga,549,14,0,43.10904162,-73.86653895,36091.0,238.837916498088,2.550091074681238,535,549,14,0,535,548,230163,0,0,0,0,1
2020-06-30,US,New York,Schenectady,800,37,0,42.81668777,-74.05278291,36093.0,515.1353196092699,4.625,763,867,37,0,830,792,155350,-67,0,0,-67,75
2020-06-30,US,New York,Schoharie,58,0,0,42.58831742,-74.44339029999998,36095.0,187.10280976805703,0.0,58,58,0,0,58,58,31097,0,0,0,0,0
2020-06-30,US,New York,Schuyler,12,0,0,42.39184015,-76.8773299,36097.0,67.38922895490539,0.0,12,14,0,0,14,12,17912,-2,0,0,-2,2
2020-06-30,US,New York,Seneca,69,0,0,42.78081007,-76.82497064,36099.0,202.84571966133583,0.0,69,69,0,0,69,69,34300,0,0,0,0,0
2020-06-30,US,New York,St. Lawrence,219,2,0,44.4976179,-75.06550039,36089.0,203.26712455912383,0.9132420091324199,217,219,2,0,217,218,108047,0,0,0,0,1
2020-06-30,US,New York,Steuben,266,41,0,42.2689144,-77.3829924,36101.0,278.8873861122469,15.413533834586469,225,285,41,0,244,266,95796,-19,0,0,-19,19
2020-06-30,US,New York,Suffolk,41385,1981,0,40.88320119,-72.8012172,36103.0,2802.720572449836,4.7867584873746525,39404,41339,1979,0,39360,41306,1481093,46,2,0,44,33
2020-06-30,US,New York,Sullivan,1451,45,0,41.71579493,-74.76394559,36105.0,1923.5868066603036,3.1013094417643003,1406,1451,45,0,1406,1451,75498,0,0,0,0,0
2020-06-30,US,New York,Tioga,143,24,0,42.16852837,-76.30835812,36107.0,296.66203348339315,16.783216783216783,119,144,24,0,120,142,48560,-1,0,0,-1,2
2020-06-30,US,New York,Tompkins,177,0,0,42.44945765,-76.47229843,36109.0,173.22372284204346,0.0,177,177,0,0,177,176,102793,0,0,0,0,1
2020-06-30,US,New York,Ulster,1781,85,0,41.89027881,-74.26252104,36111.0,1002.9677935271692,4.772599663110612,1696,1796,85,0,1711,1778,178599,-15,0,0,-15,18
2020-06-30,US,New York,Warren,263,30,0,43.56173026,-73.8433699,36113.0,411.2973852120605,11.40684410646388,233,263,30,0,233,263,64265,0,0,0,0,0
2020-06-30,US,New York,Washington,246,14,0,43.31153794,-73.43043448,36115.0,401.9345140840468,5.691056910569106,232,246,14,0,232,246,61197,0,0,0,0,0
2020-06-30,US,New York,Wayne,170,3,0,43.15494365,-77.02976528,36117.0,189.06114459841191,1.7647058823529411,167,165,3,0,162,162,90064,5,0,0,5,3
2020-06-30,US,New York,Westchester,34838,1425,0,41.16278376,-73.75741653,36119.0,3600.8045428142045,4.090361099948332,33413,34798,1424,0,33374,34780,967612,40,1,0,39,18
2020-06-30,US,New York,Wyoming,95,5,0,42.70145109,-78.22199579,36121.0,238.34014902531425,5.2631578947368425,90,95,5,0,90,95,40085,0,0,0,0,0
2020-06-30,US,New York,Yates,46,6,0,42.63505484,-77.10369919,36123.0,184.6425560952113,13.043478260869565,40,46,6,0,40,45,24841,0,0,0,0,1
2020-06-30,US,North Carolina,Alamance,1146,37,0,36.0434701,-79.39976137,37001.0,676.0702971523635,3.2286212914485164,1109,1114,37,0,1077,1088,166436,32,0,0,32,26
2020-06-30,US,North Carolina,Alexander,91,1,0,35.922379600000006,-81.17751948,37003.0,242.6860815531909,1.0989010989010992,90,88,0,0,88,88,37353,3,1,0,2,0
2020-06-30,US,North Carolina,Alleghany,31,0,0,36.49360862,-81.12857041,37005.0,278.3514411421388,0.0,31,31,0,0,31,31,11161,0,0,0,0,0
2020-06-30,US,North Carolina,Anson,128,2,0,34.97403241,-80.09953279,37007.0,523.60304344269,1.5625,126,126,2,0,124,125,24877,2,0,0,2,1
2020-06-30,US,North Carolina,Ashe,54,1,0,36.43296207,-81.49862729,37009.0,198.50751755321102,1.851851851851852,53,52,1,0,51,52,27109,2,0,0,2,0
2020-06-30,US,North Carolina,Avery,12,0,0,36.07569796,-81.92308483,37011.0,68.34880674374894,0.0,12,11,0,0,11,11,17505,1,0,0,1,0
2020-06-30,US,North Carolina,Beaufort,83,0,0,35.48531943,-76.84325809,37013.0,176.61829169681235,0.0,83,80,0,0,80,77,47079,3,0,0,3,3
2020-06-30,US,North Carolina,Bertie,145,4,0,36.0688473,-76.96545943,37015.0,765.292658468359,2.7586206896551726,141,145,4,0,141,141,19026,0,0,0,0,4
2020-06-30,US,North Carolina,Bladen,371,3,0,34.61296243,-78.56180059,37017.0,1133.7937778864373,0.8086253369272237,368,366,3,0,363,357,33190,5,0,0,5,9
2020-06-30,US,North Carolina,Brunswick,510,5,0,34.070565,-78.22814204,37019.0,357.09284413947626,0.9803921568627452,505,499,5,0,494,479,136744,11,0,0,11,20
2020-06-30,US,North Carolina,Buncombe,591,40,0,35.61113393,-82.53305,37021.0,226.27119617444703,6.768189509306262,551,574,37,0,537,547,259103,17,3,0,14,27
2020-06-30,US,North Carolina,Burke,1033,20,0,35.74989637,-81.70755735,37023.0,1141.625683814997,1.936108422071636,1013,1022,20,0,1002,1016,90382,11,0,0,11,6
2020-06-30,US,North Carolina,Cabarrus,1164,32,0,35.3877799,-80.55267168,37025.0,537.7610843924547,2.7491408934707904,1132,1164,32,0,1132,1064,211342,0,0,0,0,100
2020-06-30,US,North Carolina,Caldwell,419,4,0,35.95204977,-81.54799522,37027.0,509.8688213390445,0.9546539379474941,415,411,4,0,407,398,82029,8,0,0,8,13
2020-06-30,US,North Carolina,Camden,28,0,0,36.33804939,-76.15568396,37029.0,257.6608079506764,0.0,28,26,0,0,26,24,10710,2,0,0,2,2
2020-06-30,US,North Carolina,Carteret,94,3,0,34.8932941,-76.54120135,37031.0,135.3043628459977,3.191489361702128,91,84,3,0,81,77,69524,10,0,0,10,7
2020-06-30,US,North Carolina,Caswell,135,1,0,36.39312665,-79.33353281,37033.0,597.2394266501503,0.7407407407407407,134,135,1,0,134,135,22698,0,0,0,0,0
2020-06-30,US,North Carolina,Catawba,825,14,0,35.66211129,-81.2132617,37035.0,517.0760446502999,1.6969696969696968,811,776,13,0,763,720,158652,49,1,0,48,56
2020-06-30,US,North Carolina,Chatham,950,43,0,35.70394416,-79.25541492,37037.0,1275.681482476165,4.526315789473684,907,947,42,0,905,936,73139,3,1,0,2,11
2020-06-30,US,North Carolina,Cherokee,36,1,0,35.1349263,-84.05970864,37039.0,125.82133370613728,2.7777777777777777,35,36,1,0,35,36,28383,0,0,0,0,0
2020-06-30,US,North Carolina,Chowan,24,0,0,36.12908077,-76.60118385,37041.0,172.1293839202467,0.0,24,24,0,0,24,24,14029,0,0,0,0,0
2020-06-30,US,North Carolina,Clay,12,0,0,35.05704275,-83.74353633,37043.0,106.84711957973468,0.0,12,12,0,0,12,12,11139,0,0,0,0,0
2020-06-30,US,North Carolina,Cleveland,297,4,0,35.33553364,-81.55204486,37045.0,303.22521363594603,1.3468013468013469,293,283,4,0,279,277,97645,14,0,0,14,6
2020-06-30,US,North Carolina,Columbus,521,38,0,34.26744084,-78.65801424,37047.0,938.6034445485336,7.293666026871401,483,517,37,0,480,513,55655,4,1,0,3,4
2020-06-30,US,North Carolina,Craven,365,6,0,35.11833364,-77.08398081,37049.0,357.35615191063164,1.643835616438356,359,365,6,0,359,354,102912,0,0,0,0,11
2020-06-30,US,North Carolina,Cumberland,1180,41,0,35.04762133,-78.82623165,37051.0,351.7044252166112,3.4745762711864407,1139,1157,41,0,1116,1142,332330,23,0,0,23,15
2020-06-30,US,North Carolina,Currituck,19,0,0,36.36123664,-75.95876401,37053.0,68.43640816914599,0.0,19,19,0,0,19,18,27072,0,0,0,0,1
2020-06-30,US,North Carolina,Dare,59,1,0,35.66520691,-75.71767334,37055.0,159.4206814558621,1.6949152542372878,58,48,1,0,47,43,36501,11,0,0,11,5
2020-06-30,US,North Carolina,Davidson,946,15,0,35.79115496,-80.21256572,37057.0,564.4088324612641,1.5856236786469344,931,936,15,0,921,925,166614,10,0,0,10,11
2020-06-30,US,North Carolina,Davie,214,4,0,35.93099927,-80.54496571,37059.0,499.46319376371184,1.8691588785046729,210,193,4,0,189,190,42733,21,0,0,21,3
2020-06-30,US,North Carolina,Duplin,1468,28,0,34.93449805,-77.93140529,37061.0,2499.1062460632265,1.9073569482288828,1440,1460,28,0,1432,1438,58856,8,0,0,8,22
2020-06-30,US,North Carolina,Durham,3679,63,0,36.03638492,-78.87608331,37063.0,1144.3661971830984,1.71242185376461,3616,3627,63,0,3564,3571,316739,52,0,0,52,56
2020-06-30,US,North Carolina,Edgecombe,315,9,0,35.91230639,-77.59436892,37065.0,611.9832141746971,2.8571428571428568,306,313,9,0,304,309,52005,2,0,0,2,4
2020-06-30,US,North Carolina,Forsyth,2996,34,0,36.12859861,-80.25459052,37067.0,783.6879896415072,1.1348464619492658,2962,2978,34,0,2944,2935,379099,18,0,0,18,43
2020-06-30,US,North Carolina,Franklin,345,21,0,36.081519,-78.28708884,37069.0,495.08502547176585,6.086956521739131,324,338,21,0,317,332,67560,7,0,0,7,6
2020-06-30,US,North Carolina,Gaston,1083,12,0,35.29373559,-81.17477045,37071.0,482.3430380930748,1.10803324099723,1071,1041,12,0,1029,1004,222846,42,0,0,42,37
2020-06-30,US,North Carolina,Gates,27,2,0,36.44667547,-76.69749701,37073.0,233.52361183186298,7.407407407407407,25,28,2,0,26,27,11573,-1,0,0,-1,1
2020-06-30,US,North Carolina,Graham,9,0,0,35.3506925,-83.83369267,37075.0,106.62243809975122,0.0,9,9,0,0,9,9,8484,0,0,0,0,0
2020-06-30,US,North Carolina,Granville,813,19,0,36.30337451,-78.65184241,37077.0,1345.068907896696,2.3370233702337018,794,788,19,0,769,786,60115,25,0,0,25,2
2020-06-30,US,North Carolina,Greene,174,2,0,35.48544173,-77.67578087,37079.0,825.8578954862593,1.1494252873563218,172,174,2,0,172,174,21012,0,0,0,0,0
2020-06-30,US,North Carolina,Guilford,2812,114,0,36.07959451,-79.78824948,37081.0,523.4802875790712,4.0540540540540535,2698,2775,111,0,2664,2743,533670,37,3,0,34,32
2020-06-30,US,North Carolina,Halifax,321,4,0,36.25669272,-77.6556109,37083.0,641.8716256748651,1.2461059190031152,317,306,4,0,302,298,50574,15,0,0,15,8
2020-06-30,US,North Carolina,Harnett,630,30,0,35.36731853,-78.87243571,37085.0,463.3170559510502,4.761904761904762,600,621,30,0,591,615,134214,9,0,0,9,6
2020-06-30,US,North Carolina,Haywood,90,0,0,35.55269063,-82.98196486,37087.0,144.42287016383972,0.0,90,89,0,0,89,89,61971,1,0,0,1,0
2020-06-30,US,North Carolina,Henderson,610,50,0,35.33788927,-82.4766782,37089.0,519.5159133685922,8.196721311475411,560,593,50,0,543,569,116748,17,0,0,17,24
2020-06-30,US,North Carolina,Hertford,162,10,0,36.3607755,-76.98104134,37091.0,684.208303416818,6.172839506172839,152,161,10,0,151,160,23659,1,0,0,1,1
2020-06-30,US,North Carolina,Hoke,371,3,0,35.01888303,-79.23651674,37093.0,671.6877285729803,0.8086253369272237,368,361,3,0,358,357,54764,10,0,0,10,4
2020-06-30,US,North Carolina,Hyde,11,0,0,35.42017674,-76.15180542,37095.0,222.80737289852138,0.0,11,11,0,0,11,10,5230,0,0,0,0,1
2020-06-30,US,North Carolina,Iredell,778,9,0,35.80950511,-80.8743128,37097.0,427.9286712209718,1.1568123393316196,769,748,9,0,739,731,178435,30,0,0,30,17
2020-06-30,US,North Carolina,Jackson,115,1,0,35.28814273,-83.14093385,37099.0,261.73244116709907,0.8695652173913043,114,105,1,0,104,96,43327,10,0,0,10,9
2020-06-30,US,North Carolina,Johnston,1541,29,0,35.51745004,-78.36622717,37101.0,736.1265698221546,1.8818948734587932,1512,1431,29,0,1402,1393,202675,110,0,0,110,38
2020-06-30,US,North Carolina,Jones,35,3,0,35.02254606,-77.35870791,37103.0,371.5893406943412,8.571428571428571,32,35,3,0,32,35,9637,0,0,0,0,0
2020-06-30,US,North Carolina,Lee,823,8,0,35.47623147,-79.17569362,37105.0,1332.1678887647904,0.9720534629404616,815,821,8,0,813,798,61452,2,0,0,2,23
2020-06-30,US,North Carolina,Lenoir,368,11,0,35.24032589999999,-77.64245615,37107.0,657.7418720620565,2.989130434782609,357,367,10,0,357,363,55976,1,1,0,0,4
2020-06-30,US,North Carolina,Lincoln,252,2,0,35.48508185,-81.21740317,37109.0,292.64553889746946,0.7936507936507936,250,246,2,0,244,240,83770,6,0,0,6,6
2020-06-30,US,North Carolina,Macon,282,3,0,35.14867843,-83.41696617,37113.0,786.4353840147247,1.0638297872340423,279,280,3,0,277,277,35285,2,0,0,2,3
2020-06-30,US,North Carolina,Madison,12,0,0,35.85402722,-82.71346418,37115.0,55.159733394621924,0.0,12,13,0,0,13,12,21763,-1,0,0,-1,1
2020-06-30,US,North Carolina,Martin,133,4,0,35.84326734,-77.10860251,37117.0,592.6916221033869,3.0075187969924815,129,128,4,0,124,123,22671,5,0,0,5,5
2020-06-30,US,North Carolina,McDowell,235,2,0,35.67736232,-82.0482425,37111.0,513.5938456158755,0.851063829787234,233,226,2,0,224,222,45507,9,0,0,9,4
2020-06-30,US,North Carolina,Mecklenburg,11170,150,0,35.24469268,-80.8317671,37119.0,1005.9836664997532,1.3428827215756491,11020,10863,146,0,10717,10592,1093901,307,4,0,303,271
2020-06-30,US,North Carolina,Mitchell,32,0,0,36.01059309,-82.1582442,37121.0,213.84656508954825,0.0,32,30,0,0,30,29,15000,2,0,0,2,1
2020-06-30,US,North Carolina,Montgomery,309,7,0,35.33155144,-79.90416657,37123.0,1137.1582085158059,2.26537216828479,302,305,7,0,298,298,27271,4,0,0,4,7
2020-06-30,US,North Carolina,Moore,458,14,0,35.30885257,-79.48474178,37125.0,454.00475812846946,3.056768558951965,444,450,14,0,436,439,98682,8,0,0,8,11
2020-06-30,US,North Carolina,Nash,469,6,0,35.96575634,-77.98422508,37127.0,497.3594349827144,1.279317697228145,463,461,4,0,457,437,94016,8,2,0,6,24
2020-06-30,US,North Carolina,New Hanover,1018,5,0,34.25758282,-77.87075626,37129.0,434.16512775458153,0.4911591355599214,1013,840,5,0,835,810,232274,178,0,0,178,30
2020-06-30,US,North Carolina,Northampton,199,15,0,36.41736238,-77.39769443,37131.0,1021.4032746496947,7.537688442211055,184,193,15,0,178,193,19676,6,0,0,6,0
2020-06-30,US,North Carolina,Onslow,290,3,0,34.72607366,-77.42908179,37133.0,146.51052349725668,1.0344827586206895,287,270,3,0,267,261,197683,20,0,0,20,9
2020-06-30,US,North Carolina,Orange,669,41,0,36.06092947,-79.12167935,37135.0,450.5778711710984,6.128550074738415,628,651,41,0,610,635,146027,18,0,0,18,16
2020-06-30,US,North Carolina,Pamlico,21,1,0,35.15253315,-76.66559823,37137.0,165.01650165016503,4.761904761904762,20,19,0,0,19,19,12670,2,1,0,1,0
2020-06-30,US,North Carolina,Pasquotank,203,15,0,36.26723798,-76.25134778,37139.0,509.7428686219365,7.389162561576356,188,204,15,0,189,204,39639,-1,0,0,-1,0
2020-06-30,US,North Carolina,Pender,261,1,0,34.52265624,-77.90352133,37141.0,413.8915318744053,0.3831417624521073,260,243,1,0,242,235,62162,18,0,0,18,8
2020-06-30,US,North Carolina,Perquimans,36,2,0,36.17847453,-76.40603143,37143.0,267.3995394785709,5.5555555555555545,34,36,2,0,34,36,13422,0,0,0,0,0
2020-06-30,US,North Carolina,Person,107,1,0,36.38989032,-78.97217358,37145.0,270.95467206887815,0.9345794392523364,106,107,1,0,106,104,39507,0,0,0,0,3
2020-06-30,US,North Carolina,Pitt,696,7,0,35.59535426,-77.37353178,37147.0,385.0792842836752,1.0057471264367817,689,679,6,0,673,660,179914,17,1,0,16,19
2020-06-30,US,North Carolina,Polk,73,4,0,35.27820615,-82.16812354,37149.0,352.248600656244,5.479452054794519,69,73,4,0,69,72,20611,0,0,0,0,1
2020-06-30,US,North Carolina,Randolph,1201,30,0,35.71015088,-79.80570339,37151.0,835.9609374456207,2.4979184013322238,1171,1155,29,0,1126,1149,143351,46,1,0,45,6
2020-06-30,US,North Carolina,Richmond,278,6,0,35.00417719,-79.74491009,37153.0,620.134288072453,2.1582733812949644,272,276,5,0,271,273,44887,2,1,0,1,3
2020-06-30,US,North Carolina,Robeson,1240,39,0,34.64244496,-79.10250529999998,37155.0,949.2822966507176,3.1451612903225805,1201,1240,39,0,1201,1240,131831,0,0,0,0,0
2020-06-30,US,North Carolina,Rockingham,231,2,0,36.39593137,-79.77504841,37157.0,253.8182617294803,0.8658008658008658,229,229,2,0,227,218,90690,2,0,0,2,11
2020-06-30,US,North Carolina,Rowan,1205,42,0,35.64003916,-80.52446628,37159.0,848.0659872754911,3.485477178423237,1163,1183,42,0,1141,1163,141262,22,0,0,22,20
2020-06-30,US,North Carolina,Rutherford,306,9,0,35.40114178,-81.92112099,37161.0,456.518820212147,2.9411764705882355,297,291,9,0,282,281,66826,15,0,0,15,10
2020-06-30,US,North Carolina,Sampson,1040,6,0,34.98820368,-78.36914061,37163.0,1636.9961121342335,0.5769230769230769,1034,1030,6,0,1024,1018,63626,10,0,0,10,12
2020-06-30,US,North Carolina,Scotland,137,2,0,34.8386299,-79.4757978,37165.0,393.41814318123085,1.45985401459854,135,136,2,0,134,134,34810,1,0,0,1,2
2020-06-30,US,North Carolina,Stanly,378,5,0,35.31647813,-80.25093221,37167.0,601.8533261153393,1.3227513227513228,373,373,5,0,368,359,62075,5,0,0,5,14
2020-06-30,US,North Carolina,Stokes,125,1,0,36.4017975,-80.23893369,37169.0,274.1769208835077,0.8,124,125,1,0,124,125,45467,0,0,0,0,0
2020-06-30,US,North Carolina,Surry,470,2,0,36.41689489,-80.69102283,37171.0,654.7511249181563,0.425531914893617,468,464,2,0,462,451,71948,6,0,0,6,13
2020-06-30,US,North Carolina,Swain,58,0,0,35.48665845,-83.48748932,37173.0,406.41861116950463,0.0,58,52,0,0,52,51,14245,6,0,0,6,1
2020-06-30,US,North Carolina,Transylvania,22,1,0,35.20383864,-82.79638423,37175.0,63.981387232805005,4.545454545454546,21,22,1,0,21,21,34215,0,0,0,0,1
2020-06-30,US,North Carolina,Tyrrell,10,0,0,35.87147226,-76.17055253,37177.0,249.003984063745,0.0,10,9,0,0,9,8,4131,1,0,0,1,1
2020-06-30,US,North Carolina,Union,1201,24,0,34.98960527,-80.52955873,37179.0,500.71083428180725,1.9983347210657785,1177,1173,24,0,1149,1151,235908,28,0,0,28,22
2020-06-30,US,North Carolina,Vance,502,36,0,36.36880673,-78.40670845,37181.0,1127.2033232289211,7.171314741035856,466,501,36,0,465,499,44582,1,0,0,1,2
2020-06-30,US,North Carolina,Wake,5178,47,0,35.78879266,-78.65249174,37183.0,465.7475842379792,0.9076863653920432,5131,5009,47,0,4962,4816,1092305,169,0,0,169,193
2020-06-30,US,North Carolina,Warren,161,5,0,36.39728256,-78.10652228,37185.0,815.9748618924534,3.1055900621118013,156,159,5,0,154,159,19807,2,0,0,2,0
2020-06-30,US,North Carolina,Washington,38,3,0,35.83810081,-76.57299037,37187.0,328.15198618307426,7.894736842105262,35,38,3,0,35,38,11859,0,0,0,0,0
2020-06-30,US,North Carolina,Watauga,68,0,0,36.23103603,-81.70033724,37189.0,121.04597967139576,0.0,68,67,0,0,67,65,55945,1,0,0,1,2
2020-06-30,US,North Carolina,Wayne,1802,26,0,35.36438125,-78.00027268,37191.0,1463.4819826038934,1.4428412874583796,1776,1795,25,0,1770,1767,123248,7,1,0,6,28
2020-06-30,US,North Carolina,Wilkes,576,6,0,36.2084135,-81.16232895,37193.0,841.9575513067882,1.0416666666666667,570,576,6,0,570,570,68557,0,0,0,0,6
2020-06-30,US,North Carolina,Wilson,735,19,0,35.70625477,-77.917978,37195.0,898.5220229581546,2.5850340136054424,716,721,18,0,703,686,81455,14,1,0,13,35
2020-06-30,US,North Carolina,Yadkin,337,4,0,36.16222629,-80.66239436,37197.0,894.6823479438235,1.1869436201780414,333,330,4,0,326,322,37543,7,0,0,7,8
2020-06-30,US,North Carolina,Yancey,44,0,0,35.90079156,-82.31237181,37199.0,243.5109856660579,0.0,44,44,0,0,44,44,17903,0,0,0,0,0
2020-06-30,US,North Dakota,Barnes,19,0,0,46.93579637,-98.06605978,38003.0,182.4291886701872,0.0,19,19,0,0,19,19,10542,0,0,0,0,0
2020-06-30,US,North Dakota,Benson,4,0,0,48.0683985,-99.35916363,38005.0,58.5480093676815,0.0,4,3,0,0,3,3,6962,1,0,0,1,0
2020-06-30,US,North Dakota,Billings,1,0,0,47.02366884,-103.3762965,38007.0,107.75862068965515,0.0,1,1,0,0,1,1,919,0,0,0,0,0
2020-06-30,US,North Dakota,Bottineau,5,0,0,48.79106111,-100.8378166,38009.0,79.59248646927729,0.0,5,5,0,0,5,5,6411,0,0,0,0,0
2020-06-30,US,North Dakota,Bowman,1,0,0,46.11285362,-103.5203343,38011.0,33.06878306878307,0.0,1,1,0,0,1,1,3076,0,0,0,0,0
2020-06-30,US,North Dakota,Burke,5,0,0,48.79094471,-102.51821170000001,38013.0,236.40661938534282,0.0,5,5,0,0,5,5,2100,0,0,0,0,0
2020-06-30,US,North Dakota,Burleigh,258,0,0,46.97847375,-100.46452140000001,38015.0,269.8011001192144,0.0,258,249,0,0,249,241,95273,9,0,0,9,8
2020-06-30,US,North Dakota,Cass,2245,66,0,46.93201724,-97.24447190000001,38017.0,1234.0385767604973,2.939866369710468,2179,2233,66,0,2167,2208,181516,12,0,0,12,25
2020-06-30,US,North Dakota,Cavalier,2,0,0,48.77286211,-98.46685243,38019.0,53.163211057947905,0.0,2,2,0,0,2,2,3829,0,0,0,0,0
2020-06-30,US,North Dakota,Dickey,4,0,0,46.11017712,-98.50490079999999,38021.0,82.10180623973726,0.0,4,4,0,0,4,4,4903,0,0,0,0,0
2020-06-30,US,North Dakota,Divide,1,0,0,48.814938700000006,-103.48736109999999,38023.0,44.16961130742049,0.0,1,1,0,0,1,1,2283,0,0,0,0,0
2020-06-30,US,North Dakota,Dunn,13,0,0,47.35423935,-102.61604679999999,38025.0,293.8517179023508,0.0,13,13,0,0,13,13,4332,0,0,0,0,0
2020-06-30,US,North Dakota,Eddy,5,0,0,47.71701474,-98.90432337,38027.0,218.62702229995628,0.0,5,5,0,0,5,5,2313,0,0,0,0,0
2020-06-30,US,North Dakota,Emmons,4,1,0,46.28398398,-100.2389766,38029.0,123.41869793273679,25.0,3,4,1,0,3,4,3295,0,0,0,0,0
2020-06-30,US,North Dakota,Foster,2,0,0,47.457108399999996,-98.88279923,38031.0,62.305295950155774,0.0,2,2,0,0,2,2,3216,0,0,0,0,0
2020-06-30,US,North Dakota,Grand Forks,385,4,0,47.92093639,-97.45450447,38035.0,554.3476695799917,1.0389610389610389,381,385,4,0,381,384,70770,0,0,0,0,1
2020-06-30,US,North Dakota,Grant,3,0,0,46.35821257,-101.63900129999999,38037.0,131.9261213720317,0.0,3,3,0,0,3,3,2374,0,0,0,0,0
2020-06-30,US,North Dakota,Griggs,2,0,0,47.45785838,-98.23850925,38039.0,89.64589870013447,0.0,2,2,0,0,2,2,2232,0,0,0,0,0
2020-06-30,US,North Dakota,Hettinger,1,0,0,46.43375068,-102.4632417,38041.0,40.01600640256103,0.0,1,1,0,0,1,1,2514,0,0,0,0,0
2020-06-30,US,North Dakota,Kidder,2,0,0,46.97830064,-99.77507857,38043.0,80.64516129032258,0.0,2,2,0,0,2,2,2450,0,0,0,0,0
2020-06-30,US,North Dakota,LaMoure,13,0,0,46.45681054,-98.53542355,38045.0,321.3049925852694,0.0,13,13,0,0,13,13,4062,0,0,0,0,0
2020-06-30,US,North Dakota,McHenry,3,1,0,48.23104458,-100.6324822,38049.0,52.219321148825074,33.333333333333336,2,3,1,0,2,3,5816,0,0,0,0,0
2020-06-30,US,North Dakota,McIntosh,2,0,0,46.11182017,-99.44145858,38051.0,80.0961153384061,0.0,2,2,0,0,2,2,2585,0,0,0,0,0
2020-06-30,US,North Dakota,McKenzie,27,0,0,47.74133370000001,-103.395905,38053.0,179.71246006389774,0.0,27,27,0,0,27,27,13632,0,0,0,0,0
2020-06-30,US,North Dakota,McLean,11,0,0,47.60766714,-101.3182418,38055.0,116.40211640211642,0.0,11,11,0,0,11,11,9541,0,0,0,0,0
2020-06-30,US,North Dakota,Mercer,6,0,0,47.31213126,-101.8318399,38057.0,73.28691828508613,0.0,6,6,0,0,6,6,8267,0,0,0,0,0
2020-06-30,US,North Dakota,Morton,91,2,0,46.71681782,-101.2822377,38059.0,290.1415635760745,2.1978021978021984,89,81,2,0,79,78,31095,10,0,0,10,3
2020-06-30,US,North Dakota,Mountrail,50,0,0,48.20197971,-102.3555315,38061.0,474.158368895211,0.0,50,47,0,0,47,45,10218,3,0,0,3,2
2020-06-30,US,North Dakota,Nelson,1,0,0,47.9226426,-98.19038437,38063.0,34.734282737061484,0.0,1,1,0,0,1,1,2869,0,0,0,0,0
2020-06-30,US,North Dakota,Oliver,2,0,0,47.11530482,-101.3406158,38065.0,102.09290454313422,0.0,2,2,0,0,2,1,1952,0,0,0,0,1
2020-06-30,US,North Dakota,Pembina,9,0,0,48.76623521,-97.5523809,38067.0,132.33348037053378,0.0,9,9,0,0,9,9,6947,0,0,0,0,0
2020-06-30,US,North Dakota,Pierce,5,0,0,48.24977025,-99.96407787,38069.0,125.78616352201256,0.0,5,4,0,0,4,4,4081,1,0,0,1,0
2020-06-30,US,North Dakota,Ramsey,10,1,0,48.26886249,-98.72223879,38071.0,86.81309141418525,10.0,9,10,1,0,9,10,11481,0,0,0,0,0
2020-06-30,US,North Dakota,Ransom,17,0,0,46.45621782,-97.65742504,38073.0,325.7953238788808,0.0,17,17,0,0,17,17,5237,0,0,0,0,0
2020-06-30,US,North Dakota,Renville,5,0,0,48.71982533,-101.6603912,38075.0,214.86892995272885,0.0,5,5,0,0,5,5,2374,0,0,0,0,0
2020-06-30,US,North Dakota,Richland,41,0,0,46.26440649,-96.94852979,38077.0,253.4462508499722,0.0,41,41,0,0,41,41,16239,0,0,0,0,0
2020-06-30,US,North Dakota,Rolette,10,0,0,48.77245354,-99.84097493,38079.0,70.54176072234762,0.0,10,10,0,0,10,10,14301,0,0,0,0,0
2020-06-30,US,North Dakota,Sargent,6,0,0,46.10830372,-97.63217159,38081.0,153.9250897896357,0.0,6,6,0,0,6,6,3870,0,0,0,0,0
2020-06-30,US,North Dakota,Sheridan,1,0,0,47.57700669,-100.3426391,38083.0,76.04562737642586,0.0,1,1,0,0,1,1,1349,0,0,0,0,0
2020-06-30,US,North Dakota,Sioux,24,0,0,46.11323337,-101.04401490000001,38085.0,567.3758865248228,0.0,24,24,0,0,24,21,4358,0,0,0,0,3
2020-06-30,US,North Dakota,Slope,3,0,0,46.44737738,-103.4601547,38087.0,400.0,0.0,3,3,0,0,3,3,763,0,0,0,0,0
2020-06-30,US,North Dakota,Stark,73,2,0,46.80851182,-102.65763259999999,38089.0,231.82698720188003,2.7397260273972597,71,73,2,0,71,73,30997,0,0,0,0,0
2020-06-30,US,North Dakota,Steele,1,0,0,47.45611548,-97.72728747,38091.0,52.91005291005291,0.0,1,1,0,0,1,1,1903,0,0,0,0,0
2020-06-30,US,North Dakota,Stutsman,63,1,0,46.97962541,-98.95637318,38093.0,304.28902627511593,1.5873015873015872,62,63,1,0,62,63,20917,0,0,0,0,0
2020-06-30,US,North Dakota,Traill,17,0,0,47.45367788,-97.16323288,38097.0,211.54803384768545,0.0,17,17,0,0,17,17,8037,0,0,0,0,0
2020-06-30,US,North Dakota,Walsh,23,0,0,48.36876964,-97.72574783,38099.0,216.1450991448172,0.0,23,22,0,0,22,22,10667,1,0,0,1,0
2020-06-30,US,North Dakota,Ward,60,1,0,48.22390169,-101.54367629999999,38101.0,88.70359693085554,1.6666666666666667,59,60,1,0,59,59,67744,0,0,0,0,1
2020-06-30,US,North Dakota,Wells,8,0,0,47.58614526,-99.65904998,38103.0,208.65936358894103,0.0,8,8,0,0,8,8,3957,0,0,0,0,0
2020-06-30,US,North Dakota,Williams,32,0,0,48.34522353,-103.4793387,38105.0,85.131288408843,0.0,32,32,0,0,32,32,35350,0,0,0,0,0
2020-06-30,US,Ohio,Adams,21,1,0,38.84541072,-83.4718964,39001.0,75.81774857390425,4.761904761904762,20,21,1,0,20,20,27724,0,0,0,0,1
2020-06-30,US,Ohio,Allen,293,38,0,40.77285242,-84.10802343,39003.0,286.269797070864,12.969283276450513,255,284,38,0,246,269,102663,9,0,0,9,15
2020-06-30,US,Ohio,Ashland,53,1,0,40.84772277,-82.27280781,39005.0,99.095056465485,1.8867924528301887,52,51,1,0,50,46,53745,2,0,0,2,5
2020-06-30,US,Ohio,Ashtabula,420,43,0,41.70860332,-80.74830218,39007.0,431.91657839800087,10.238095238095235,377,419,43,0,376,415,97493,1,0,0,1,4
2020-06-30,US,Ohio,Athens,33,1,0,39.33425634,-82.04278644,39009.0,50.51510095366388,3.0303030303030303,32,32,1,0,31,30,65818,1,0,0,1,2
2020-06-30,US,Ohio,Auglaize,99,3,0,40.55998859,-84.22421429999999,39011.0,216.8389696863501,3.0303030303030303,96,98,3,0,95,98,45804,1,0,0,1,0
2020-06-30,US,Ohio,Belmont,528,21,0,40.01625942,-80.9924051,39013.0,787.9891353013162,3.977272727272727,507,524,21,0,503,523,67505,4,0,0,4,1
2020-06-30,US,Ohio,Brown,52,1,0,38.93416837,-83.86788395,39015.0,119.72738994289922,1.9230769230769231,51,53,1,0,52,53,43602,-1,0,0,-1,0
2020-06-30,US,Ohio,Butler,1405,44,0,39.44012838,-84.57388716,39017.0,366.71242959382363,3.1316725978647684,1361,1388,44,0,1344,1371,382378,17,0,0,17,17
2020-06-30,US,Ohio,Carroll,51,3,0,40.5789686,-81.09178213,39019.0,189.49245745708552,5.882352941176472,48,50,3,0,47,48,27081,1,0,0,1,2
2020-06-30,US,Ohio,Champaign,37,1,0,40.13923427,-83.76875242,39021.0,95.15237238009516,2.702702702702702,36,37,1,0,36,37,38754,0,0,0,0,0
2020-06-30,US,Ohio,Clark,729,8,0,39.91592258,-83.78498252,39023.0,543.6930856260674,1.0973936899862826,721,728,8,0,720,727,134585,1,0,0,1,1
2020-06-30,US,Ohio,Clermont,347,6,0,39.04847534,-84.15375786,39025.0,168.097351134536,1.7291066282420748,341,336,6,0,330,327,205466,11,0,0,11,9
2020-06-30,US,Ohio,Clinton,61,0,0,39.41485808,-83.80852286,39027.0,145.3488372093023,0.0,61,60,0,0,60,60,42057,1,0,0,1,0
2020-06-30,US,Ohio,Columbiana,1205,60,0,40.76932373,-80.78094576,39029.0,1182.729208994631,4.979253112033195,1145,1202,59,0,1143,1197,102665,3,1,0,2,5
2020-06-30,US,Ohio,Coshocton,76,1,0,40.30096166,-81.91729018,39031.0,207.65027322404373,1.3157894736842106,75,75,1,0,74,70,36629,1,0,0,1,5
2020-06-30,US,Ohio,Crawford,135,6,0,40.85065156,-82.91989099,39033.0,325.34824311948717,4.4444444444444455,129,132,6,0,126,130,41550,3,0,0,3,2
2020-06-30,US,Ohio,Cuyahoga,6831,364,0,41.424119,-81.65918339,39035.0,553.085164265727,5.328648806909675,6467,6694,352,0,6342,6571,1243857,137,12,0,125,123
2020-06-30,US,Ohio,Darke,234,25,0,40.13412966,-84.6194517,39037.0,457.8091679220551,10.683760683760683,209,233,25,0,208,233,51323,1,0,0,1,0
2020-06-30,US,Ohio,Defiance,45,3,0,41.32398837,-84.49076944,39039.0,118.1505500564497,6.666666666666668,42,45,3,0,42,45,38165,0,0,0,0,0
2020-06-30,US,Ohio,Delaware,494,15,0,40.27942393,-83.00457058,39041.0,236.1636317568375,3.0364372469635628,479,482,15,0,467,471,204826,12,0,0,12,11
2020-06-30,US,Ohio,Erie,228,22,0,41.36796058,-82.62904521,39043.0,307.0045512078205,9.649122807017543,206,226,22,0,204,225,74615,2,0,0,2,1
2020-06-30,US,Ohio,Fairfield,481,16,0,39.75107189,-82.63088163,39045.0,305.2534047495145,3.3264033264033266,465,476,15,0,461,470,155782,5,1,0,4,6
2020-06-30,US,Ohio,Fayette,46,0,0,39.56021306,-83.4562016,39047.0,161.26205083260297,0.0,46,46,0,0,46,45,28666,0,0,0,0,1
2020-06-30,US,Ohio,Franklin,9148,404,0,39.96995815,-83.01115755,39049.0,694.7376734945578,4.4162658504591175,8744,8982,395,0,8587,8840,1310300,166,9,0,157,142
2020-06-30,US,Ohio,Fulton,57,0,0,41.60213491,-84.12571393,39051.0,135.30836063238854,0.0,57,57,0,0,57,57,42276,0,0,0,0,0
2020-06-30,US,Ohio,Gallia,14,1,0,38.82708533,-82.31647569,39053.0,46.825874640444184,7.142857142857142,13,11,1,0,10,10,29979,3,0,0,3,1
2020-06-30,US,Ohio,Geauga,387,42,0,41.49952319,-81.17935342,39055.0,413.2452028318509,10.852713178294573,345,383,41,0,342,382,94031,4,1,0,3,1
2020-06-30,US,Ohio,Greene,208,9,0,39.69116283,-83.89032084,39057.0,123.12282093324731,4.326923076923077,199,201,9,0,192,194,167995,7,0,0,7,7
2020-06-30,US,Ohio,Guernsey,59,3,0,40.05026529,-81.49248905,39059.0,151.76848874598068,5.084745762711863,56,59,3,0,56,58,39022,0,0,0,0,1
2020-06-30,US,Ohio,Hamilton,5010,198,0,39.19673558,-84.54502924,39061.0,612.8642780862488,3.9520958083832336,4812,4922,191,0,4731,4794,816684,88,7,0,81,128
2020-06-30,US,Ohio,Hancock,76,1,0,41.00250487,-83.66838948,39063.0,100.28634390298616,1.3157894736842106,75,72,1,0,71,69,75930,4,0,0,4,3
2020-06-30,US,Ohio,Hardin,111,12,0,40.66015414,-83.65929931,39065.0,353.89765662362504,10.810810810810812,99,111,12,0,99,111,31480,0,0,0,0,0
2020-06-30,US,Ohio,Harrison,12,1,0,40.29380509,-81.09068544,39067.0,79.78723404255321,8.333333333333334,11,12,1,0,11,12,15174,0,0,0,0,0
2020-06-30,US,Ohio,Henry,29,0,0,41.3339642,-84.06830637,39069.0,107.38354439754127,0.0,29,28,0,0,28,27,27086,1,0,0,1,1
2020-06-30,US,Ohio,Highland,42,1,0,39.1839264,-83.60331456,39071.0,97.3100715924098,2.380952380952381,41,42,1,0,41,43,43058,0,0,0,0,-1
2020-06-30,US,Ohio,Hocking,76,7,0,39.49537927,-82.47991446,39073.0,268.893291819983,9.210526315789474,69,76,7,0,69,76,28385,0,0,0,0,0
2020-06-30,US,Ohio,Holmes,202,3,0,40.56163713,-81.92635677,39075.0,459.50864422202005,1.4851485148514851,199,197,3,0,194,190,43892,5,0,0,5,7
2020-06-30,US,Ohio,Huron,170,1,0,41.14651175,-82.59867951,39077.0,291.7653520063159,0.5882352941176471,169,165,1,0,164,159,58504,5,0,0,5,6
2020-06-30,US,Ohio,Jackson,17,0,0,39.01914254,-82.61818559999998,39079.0,52.4480918150125,0.0,17,17,0,0,17,17,32384,0,0,0,0,0
2020-06-30,US,Ohio,Jefferson,76,2,0,40.38614126,-80.76259514,39081.0,116.34137007271336,2.631578947368421,74,76,2,0,74,76,65767,0,0,0,0,0
2020-06-30,US,Ohio,Knox,39,1,0,40.39830217,-82.42027563,39083.0,62.57822277847309,2.5641025641025643,38,38,1,0,37,38,61893,1,0,0,1,0
2020-06-30,US,Ohio,Lake,433,17,0,41.69710807,-81.23676539,39085.0,188.13898822067443,3.9260969976905313,416,422,17,0,405,415,230514,11,0,0,11,7
2020-06-30,US,Ohio,Lawrence,63,0,0,38.59743452,-82.53466552,39087.0,105.94823671863176,0.0,63,60,0,0,60,59,59866,3,0,0,3,1
2020-06-30,US,Ohio,Licking,404,11,0,40.09136236,-82.48185785,39089.0,228.426682950549,2.722772277227723,393,396,11,0,385,381,175769,8,0,0,8,15
2020-06-30,US,Ohio,Logan,58,1,0,40.38996525,-83.76784341,39091.0,126.99246803293045,1.7241379310344829,57,56,0,0,56,56,45358,2,1,0,1,0
2020-06-30,US,Ohio,Lorain,947,67,0,41.29553751,-82.15083537,39093.0,305.64852678701106,7.074973600844773,880,937,67,0,870,925,309461,10,0,0,10,12
2020-06-30,US,Ohio,Lucas,2600,301,0,41.62101218,-83.65468618,39095.0,606.9831071932168,11.576923076923075,2299,2584,299,0,2285,2567,429899,16,2,0,14,17
2020-06-30,US,Ohio,Madison,187,8,0,39.89381073,-83.40178317,39097.0,418.054593011558,4.2780748663101615,179,185,8,0,177,184,44413,2,0,0,2,1
2020-06-30,US,Ohio,Mahoning,1741,228,0,41.01631101,-80.77287029,39099.0,761.3158826847646,13.095921883974727,1513,1736,228,0,1508,1720,229642,5,0,0,5,16
2020-06-30,US,Ohio,Marion,2726,38,0,40.58610662,-83.15736305,39101.0,4187.854300769668,1.3939838591342626,2688,2724,37,0,2687,2721,65256,2,1,0,1,3
2020-06-30,US,Ohio,Medina,480,32,0,41.11770589,-81.89986209999998,39103.0,267.04349470920084,6.666666666666668,448,469,31,0,438,464,179146,11,1,0,10,5
2020-06-30,US,Ohio,Meigs,11,0,0,39.09224872,-82.0305041,39105.0,48.02025581699917,0.0,11,11,0,0,11,11,23106,0,0,0,0,0
2020-06-30,US,Ohio,Mercer,270,8,0,40.54043046,-84.62912742,39107.0,655.7854852812592,2.962962962962963,262,266,8,0,258,266,40959,4,0,0,4,0
2020-06-30,US,Ohio,Miami,437,31,0,40.0543329,-84.22871271,39109.0,408.46084103676145,7.093821510297482,406,431,31,0,400,425,106222,6,0,0,6,6
2020-06-30,US,Ohio,Monroe,85,17,0,39.72984936,-81.08464734,39111.0,622.5281968653875,20.0,68,85,17,0,68,85,13790,0,0,0,0,0
2020-06-30,US,Ohio,Montgomery,1704,25,0,39.75394919,-84.29050975,39113.0,320.48931044016496,1.4671361502347418,1679,1646,23,0,1623,1603,532331,58,2,0,56,43
2020-06-30,US,Ohio,Morgan,9,0,0,39.62081738,-81.85308173,39115.0,62.034739454094286,0.0,9,7,0,0,7,7,14604,2,0,0,2,0
2020-06-30,US,Ohio,Morrow,114,1,0,40.52363560000001,-82.7892599,39117.0,322.6902173913044,0.8771929824561403,113,114,1,0,113,113,35112,0,0,0,0,1
2020-06-30,US,Ohio,Muskingum,73,1,0,39.96575964,-81.94363275,39119.0,84.67204082816215,1.3698630136986298,72,73,1,0,72,74,86183,0,0,0,0,-1
2020-06-30,US,Ohio,Noble,9,0,0,39.76818851,-81.45937183,39121.0,62.396006655574034,0.0,9,9,0,0,9,9,14354,0,0,0,0,0
2020-06-30,US,Ohio,Ottawa,129,23,0,41.53781826,-83.0940185,39123.0,318.3220234423196,17.829457364341085,106,127,23,0,104,127,40769,2,0,0,2,0
2020-06-30,US,Ohio,Paulding,23,0,0,41.11676341,-84.5801017,39125.0,123.17909168808912,0.0,23,22,0,0,22,22,18760,1,0,0,1,0
2020-06-30,US,Ohio,Perry,30,1,0,39.73508655,-82.23804971,39127.0,83.02429844467814,3.333333333333333,29,28,1,0,27,26,36033,2,0,0,2,2
2020-06-30,US,Ohio,Pickaway,2170,41,0,39.64170392,-83.0243386,39129.0,3712.1302837983476,1.8894009216589864,2129,2169,41,0,2128,2164,58086,1,0,0,1,5
2020-06-30,US,Ohio,Pike,20,0,0,39.07634001,-83.06769584,39131.0,72.01497911565606,0.0,20,20,0,0,20,20,28067,0,0,0,0,0
2020-06-30,US,Ohio,Portage,412,58,0,41.16793482,-81.19735782,39133.0,253.59152068740536,14.07766990291262,354,409,58,0,351,407,162927,3,0,0,3,2
2020-06-30,US,Ohio,Preble,62,1,0,39.7420247,-84.64787018,39135.0,151.65598551929943,1.6129032258064515,61,60,1,0,59,59,40997,2,0,0,2,1
2020-06-30,US,Ohio,Putnam,113,16,0,41.02094889,-84.1336111,39137.0,333.717255840052,14.15929203539823,97,113,15,0,98,112,33780,0,1,0,-1,1
2020-06-30,US,Ohio,Richland,314,5,0,40.77180308,-82.53799609999999,39139.0,259.1742740644139,1.5923566878980893,309,312,4,0,308,310,121099,2,1,0,1,2
2020-06-30,US,Ohio,Ross,107,2,0,39.33705391,-83.06000914,39141.0,139.5664310124436,1.8691588785046729,105,105,2,0,103,100,76931,2,0,0,2,5
2020-06-30,US,Ohio,Sandusky,122,13,0,41.35624126,-83.137872,39143.0,208.48285997470865,10.655737704918034,109,120,13,0,107,115,58799,2,0,0,2,5
2020-06-30,US,Ohio,Scioto,35,0,0,38.80270163,-82.98907345,39145.0,46.472103460180044,0.0,35,34,0,0,34,34,75502,1,0,0,1,0
2020-06-30,US,Ohio,Seneca,33,2,0,41.12351311,-83.12783209,39147.0,59.806444597484514,6.0606060606060606,31,32,2,0,30,31,55207,1,0,0,1,1
2020-06-30,US,Ohio,Shelby,58,4,0,40.33163494,-84.20258189,39149.0,119.36612471701996,6.896551724137932,54,58,4,0,54,56,48627,0,0,0,0,2
2020-06-30,US,Ohio,Stark,1042,112,0,40.81482476,-81.36437305,39151.0,281.1611252920892,10.748560460652593,930,1026,111,0,915,1016,371574,16,1,0,15,10
2020-06-30,US,Ohio,Summit,1953,205,0,41.12464734,-81.53123079,39153.0,360.98947714749914,10.496671786994366,1748,1920,204,0,1716,1896,541918,33,1,0,32,24
2020-06-30,US,Ohio,Trumbull,834,62,0,41.31735028,-80.76109643,39155.0,421.26743915867735,7.434052757793765,772,824,61,0,763,809,198627,10,1,0,9,15
2020-06-30,US,Ohio,Tuscarawas,507,10,0,40.44214695,-81.47226262,39157.0,551.1648385097893,1.9723865877712032,497,498,10,0,488,486,92176,9,0,0,9,12
2020-06-30,US,Ohio,Union,77,1,0,40.30016061,-83.37239023,39159.0,130.53502407269275,1.2987012987012987,76,77,1,0,76,77,57835,0,0,0,0,0
2020-06-30,US,Ohio,Van Wert,24,0,0,40.8554138,-84.59111700000003,39161.0,84.88063660477455,0.0,24,23,0,0,23,21,28281,1,0,0,1,2
2020-06-30,US,Ohio,Vinton,22,2,0,39.25208988,-82.4831444,39163.0,168.13144822315633,9.090909090909092,20,22,2,0,20,22,13139,0,0,0,0,0
2020-06-30,US,Ohio,Warren,738,21,0,39.42581994,-84.16557457,39165.0,314.57532331352667,2.845528455284553,717,731,20,0,711,725,232173,7,1,0,6,6
2020-06-30,US,Ohio,Washington,124,20,0,39.45690571,-81.49121382,39167.0,206.97367762180568,16.129032258064516,104,124,20,0,104,122,60155,0,0,0,0,2
2020-06-30,US,Ohio,Wayne,353,52,0,40.82925852,-81.88844833,39169.0,305.0730273960764,14.73087818696884,301,352,52,0,300,350,115967,1,0,0,1,2
2020-06-30,US,Ohio,Williams,65,2,0,41.56052014,-84.58429552,39171.0,177.1503324975471,3.0769230769230766,63,63,1,0,62,63,36804,2,1,0,1,0
2020-06-30,US,Ohio,Wood,376,51,0,41.36224827,-83.62285108,39173.0,287.4244173157923,13.563829787234043,325,368,51,0,317,363,130696,8,0,0,8,5
2020-06-30,US,Ohio,Wyandot,58,4,0,40.84339621,-83.30734173,39175.0,266.3972074223774,6.896551724137932,54,57,4,0,53,57,21935,1,0,0,1,0
2020-06-30,US,Oklahoma,Adair,115,4,0,35.88494195,-94.65859267,40001.0,518.1580607371361,3.4782608695652173,111,114,4,0,110,112,22082,1,0,0,1,2
2020-06-30,US,Oklahoma,Alfalfa,1,0,0,36.73090616,-98.32408495,40003.0,17.5377060680463,0.0,1,1,0,0,1,1,5754,0,0,0,0,0
2020-06-30,US,Oklahoma,Atoka,22,0,0,34.37366573,-96.03802487,40005.0,159.90696322139846,0.0,22,19,0,0,19,19,13838,3,0,0,3,0
2020-06-30,US,Oklahoma,Beaver,30,0,0,36.7496847,-100.4758872,40007.0,564.865373752589,0.0,30,30,0,0,30,30,5319,0,0,0,0,0
2020-06-30,US,Oklahoma,Beckham,11,0,0,35.26862449,-99.68128023,40009.0,50.32252161581042,0.0,11,11,0,0,11,12,21709,0,0,0,0,-1
2020-06-30,US,Oklahoma,Blaine,14,0,0,35.87518314,-98.43307003,40011.0,148.47809948032662,0.0,14,14,0,0,14,15,9485,0,0,0,0,-1
2020-06-30,US,Oklahoma,Bryan,94,1,0,33.96472458,-96.25903472,40013.0,195.85373476403788,1.0638297872340423,93,86,1,0,85,85,47192,8,0,0,8,1
2020-06-30,US,Oklahoma,Caddo,186,11,0,35.17364557,-98.37534464,40015.0,646.6866003754956,5.913978494623656,175,185,11,0,174,184,28977,1,0,0,1,1
2020-06-30,US,Oklahoma,Canadian,280,3,0,35.5426055,-97.98465569,40017.0,188.7988348414764,1.0714285714285714,277,266,3,0,263,258,144447,14,0,0,14,8
2020-06-30,US,Oklahoma,Carter,92,1,0,34.25103751,-97.28552485,40019.0,191.2244601026792,1.0869565217391304,91,82,1,0,81,82,48177,10,0,0,10,0
2020-06-30,US,Oklahoma,Cherokee,77,1,0,35.90692775,-94.99980896,40021.0,158.25061142281686,1.2987012987012987,76,74,1,0,73,74,48675,3,0,0,3,0
2020-06-30,US,Oklahoma,Choctaw,112,1,0,34.02807439,-95.54771129,40023.0,763.3587786259543,0.8928571428571429,111,110,1,0,109,110,14668,2,0,0,2,0
2020-06-30,US,Oklahoma,Cimarron,1,0,0,36.74817177,-102.5173885,40025.0,46.79457182966776,0.0,1,1,0,0,1,1,2153,0,0,0,0,0
2020-06-30,US,Oklahoma,Cleveland,886,40,0,35.20413532,-97.32519562,40027.0,311.9564528509158,4.514672686230249,846,873,40,0,833,852,281669,13,0,0,13,21
2020-06-30,US,Oklahoma,Coal,8,0,0,34.58840127,-96.29798747,40029.0,145.5868971792539,0.0,8,8,0,0,8,8,5520,0,0,0,0,0
2020-06-30,US,Oklahoma,Comanche,406,5,0,34.65973764,-98.47195055,40031.0,336.234668610092,1.2315270935960592,401,399,5,0,394,392,120422,7,0,0,7,7
2020-06-30,US,Oklahoma,Cotton,6,2,0,34.28845626,-98.37053567,40033.0,105.89481115425345,33.333333333333336,4,6,2,0,4,6,5776,0,0,0,0,0
2020-06-30,US,Oklahoma,Craig,21,0,0,36.76268118,-95.20916602,40035.0,148.49384811200682,0.0,21,19,0,0,19,19,14306,2,0,0,2,0
2020-06-30,US,Oklahoma,Creek,144,7,0,35.90230551,-96.37086028,40037.0,201.33665165962918,4.861111111111111,137,140,7,0,133,140,71604,4,0,0,4,0
2020-06-30,US,Oklahoma,Custer,55,0,0,35.63853802,-99.00170785,40039.0,189.63555494259214,0.0,55,55,0,0,55,55,29036,0,0,0,0,0
2020-06-30,US,Oklahoma,Delaware,152,16,0,36.40823634,-94.80325046,40041.0,353.41440163686667,10.526315789473683,136,136,16,0,120,132,42733,16,0,0,16,4
2020-06-30,US,Oklahoma,Dewey,5,0,0,35.98772922,-99.00730714,40043.0,102.22858311183808,0.0,5,5,0,0,5,5,4894,0,0,0,0,0
2020-06-30,US,Oklahoma,Ellis,1,0,0,36.218019399999996,-99.75324573,40045.0,25.91344908007256,0.0,1,1,0,0,1,1,3952,0,0,0,0,0
2020-06-30,US,Oklahoma,Garfield,67,2,0,36.3791334,-97.78265517,40047.0,109.73532494758908,2.985074626865672,65,66,2,0,64,65,60913,1,0,0,1,1
2020-06-30,US,Oklahoma,Garvin,70,1,0,34.70418038,-97.30811132,40049.0,252.60726787196418,1.4285714285714286,69,69,1,0,68,68,27811,1,0,0,1,1
2020-06-30,US,Oklahoma,Grady,137,5,0,35.0167709,-97.88339847,40051.0,245.37020453487116,3.6496350364963503,132,138,5,0,133,135,55551,-1,0,0,-1,3
2020-06-30,US,Oklahoma,Grant,2,0,0,36.796296999999996,-97.78638765,40053.0,46.15739672282484,0.0,2,2,0,0,2,2,4326,0,0,0,0,0
2020-06-30,US,Oklahoma,Greer,66,7,0,34.93535801,-99.56056120000001,40055.0,1155.4621848739494,10.606060606060606,59,66,7,0,59,66,5821,0,0,0,0,0
2020-06-30,US,Oklahoma,Harmon,1,0,0,34.7440135,-99.84741652,40057.0,37.69317753486619,0.0,1,1,0,0,1,1,2664,0,0,0,0,0
2020-06-30,US,Oklahoma,Harper,1,0,0,36.78836519,-99.6679804,40059.0,27.11496746203905,0.0,1,1,0,0,1,1,3797,0,0,0,0,0
2020-06-30,US,Oklahoma,Haskell,10,0,0,35.22257600000001,-95.11513306,40061.0,79.19537499010058,0.0,10,9,0,0,9,8,12668,1,0,0,1,1
2020-06-30,US,Oklahoma,Hughes,10,0,0,35.04912569,-96.24921145,40063.0,75.30687551773477,0.0,10,10,0,0,10,10,13335,0,0,0,0,0
2020-06-30,US,Oklahoma,Jackson,38,3,0,34.58781741,-99.41138784,40065.0,154.91235222176925,7.894736842105262,35,35,3,0,32,35,24949,3,0,0,3,0
2020-06-30,US,Oklahoma,Jefferson,8,0,0,34.11130184,-97.83182974,40067.0,133.2889036987671,0.0,8,6,0,0,6,5,6123,2,0,0,2,1
2020-06-30,US,Oklahoma,Johnston,12,0,0,34.31440473,-96.66011537,40069.0,108.25439783491206,0.0,12,12,0,0,12,10,10949,0,0,0,0,2
2020-06-30,US,Oklahoma,Kay,97,7,0,36.81799745,-97.14421435,40071.0,222.7938812072213,7.216494845360825,90,92,7,0,85,91,44161,5,0,0,5,1
2020-06-30,US,Oklahoma,Kingfisher,26,0,0,35.94530008,-97.94193268,40073.0,164.9222962258167,0.0,26,27,0,0,27,27,15816,-1,0,0,-1,0
2020-06-30,US,Oklahoma,Kiowa,10,1,0,34.91671958,-98.97720696,40075.0,114.83693155718879,10.0,9,8,1,0,7,8,8729,2,0,0,2,0
2020-06-30,US,Oklahoma,Latimer,11,1,0,34.87844729,-95.25215049,40077.0,109.2028194182468,9.090909090909092,10,9,1,0,8,9,10231,2,0,0,2,0
2020-06-30,US,Oklahoma,Le Flore,32,1,0,34.89851864,-94.70392124,40079.0,64.18871482157543,3.125,31,31,1,0,30,30,49980,1,0,0,1,1
2020-06-30,US,Oklahoma,Lincoln,29,2,0,35.70270942,-96.8812462,40081.0,83.14935344209653,6.896551724137932,27,29,2,0,27,29,34920,0,0,0,0,0
2020-06-30,US,Oklahoma,Logan,49,1,0,35.91899576,-97.44352845,40083.0,102.05994459603008,2.0408163265306123,48,44,1,0,43,43,47291,5,0,0,5,1
2020-06-30,US,Oklahoma,Love,30,0,0,33.95273467,-97.23906784,40085.0,292.597288598459,0.0,30,30,0,0,30,29,10134,0,0,0,0,1
2020-06-30,US,Oklahoma,Major,8,1,0,36.31149996,-98.53467076,40093.0,104.86302267662865,12.5,7,8,1,0,7,8,7644,0,0,0,0,0
2020-06-30,US,Oklahoma,Marshall,32,0,0,34.02311222,-96.76855464,40095.0,189.0024215935266,0.0,32,26,0,0,26,25,16806,6,0,0,6,1
2020-06-30,US,Oklahoma,Mayes,81,5,0,36.30179091,-95.23175116,40097.0,197.0802919708029,6.172839506172839,76,79,4,0,75,78,41107,2,1,0,1,1
2020-06-30,US,Oklahoma,McClain,159,4,0,35.01123903,-97.44572302,40087.0,392.84478924741813,2.5157232704402515,155,154,4,0,150,151,39985,5,0,0,5,3
2020-06-30,US,Oklahoma,McCurtain,471,4,0,34.11664328,-94.77222373,40089.0,1434.5760233918131,0.8492569002123143,467,436,4,0,432,421,32703,35,0,0,35,15
2020-06-30,US,Oklahoma,McIntosh,57,1,0,35.37235506,-95.66599306,40091.0,290.87568891610533,1.7543859649122806,56,52,1,0,51,50,19815,5,0,0,5,2
2020-06-30,US,Oklahoma,Murray,18,0,0,34.48116015,-97.06826283,40099.0,127.90449797484544,0.0,18,19,0,0,19,18,13953,-1,0,0,-1,1
2020-06-30,US,Oklahoma,Muskogee,118,11,0,35.61318461,-95.37802952,40101.0,173.53706781181526,9.322033898305083,107,106,11,0,95,106,68362,12,0,0,12,0
2020-06-30,US,Oklahoma,Noble,39,0,0,36.38953329,-97.22928674,40103.0,350.37283262959295,0.0,39,38,0,0,38,37,11289,1,0,0,1,1
2020-06-30,US,Oklahoma,Nowata,34,1,0,36.79843529,-95.61902331,40105.0,337.43549027391816,2.9411764705882355,33,34,1,0,33,34,10218,0,0,0,0,0
2020-06-30,US,Oklahoma,Okfuskee,14,0,0,35.46485198,-96.32639984,40107.0,116.7347619444676,0.0,14,14,0,0,14,14,12098,0,0,0,0,0
2020-06-30,US,Oklahoma,Oklahoma,2913,70,0,35.55140095,-97.40716948,40109.0,365.2966891303857,2.403020940611054,2843,2732,70,0,2662,2663,792582,181,0,0,181,69
2020-06-30,US,Oklahoma,Okmulgee,62,0,0,35.64661916,-95.96432828,40111.0,161.1854933056025,0.0,62,61,0,0,61,59,38335,1,0,0,1,2
2020-06-30,US,Oklahoma,Osage,165,8,0,36.62888819,-96.39635704,40113.0,351.3404169239614,4.848484848484849,157,160,8,0,152,158,47014,5,0,0,5,2
2020-06-30,US,Oklahoma,Ottawa,70,2,0,36.83532655,-94.81011909,40115.0,224.8851479423009,2.8571428571428568,68,50,2,0,48,47,31175,20,0,0,20,3
2020-06-30,US,Oklahoma,Pawnee,56,2,0,36.31743373,-96.70331759999999,40117.0,341.9638495359062,3.571428571428572,54,54,2,0,52,53,16390,2,0,0,2,1
2020-06-30,US,Oklahoma,Payne,382,1,0,36.07695283,-96.97584944,40119.0,467.0840262153967,0.2617801047120419,381,358,1,0,357,354,82040,24,0,0,24,4
2020-06-30,US,Oklahoma,Pittsburg,58,3,0,34.92065823,-95.75134320000001,40121.0,132.86296788381364,5.172413793103448,55,58,3,0,55,57,43877,0,0,0,0,1
2020-06-30,US,Oklahoma,Pontotoc,39,2,0,34.72959848,-96.68337199,40123.0,101.87023299550728,5.128205128205129,37,38,2,0,36,37,38247,1,0,0,1,1
2020-06-30,US,Oklahoma,Pottawatomie,104,4,0,35.20614018,-96.94923008,40125.0,143.2664756446991,3.8461538461538463,100,102,4,0,98,99,72679,2,0,0,2,3
2020-06-30,US,Oklahoma,Pushmataha,11,0,0,34.41635232,-95.37603505,40127.0,99.13482335976929,0.0,11,10,0,0,10,10,11179,1,0,0,1,0
2020-06-30,US,Oklahoma,Rogers,178,6,0,36.37004357,-95.60406759,40131.0,192.5177646308093,3.3707865168539324,172,167,5,0,162,164,91984,11,1,0,10,3
2020-06-30,US,Oklahoma,Seminole,40,3,0,35.16478725,-96.61686741,40133.0,164.89405556929674,7.5,37,37,3,0,34,36,24578,3,0,0,3,1
2020-06-30,US,Oklahoma,Sequoyah,40,3,0,35.49447108,-94.75463785,40135.0,96.22555269551829,7.5,37,32,3,0,29,32,41179,8,0,0,8,0
2020-06-30,US,Oklahoma,Stephens,63,1,0,34.48556989,-97.85141892,40137.0,146.02600653640218,1.5873015873015872,62,55,1,0,54,55,43265,8,0,0,8,0
2020-06-30,US,Oklahoma,Texas,987,6,0,36.74777635,-101.4889765,40139.0,4939.198318570785,0.6079027355623101,981,986,6,0,980,985,20455,1,0,0,1,1
2020-06-30,US,Oklahoma,Tillman,23,1,0,34.37288446,-98.92426619,40141.0,317.2413793103448,4.3478260869565215,22,23,1,0,22,23,7348,0,0,0,0,0
2020-06-30,US,Oklahoma,Tulsa,3424,67,0,36.11939621,-95.94013939,40143.0,525.5144639261333,1.9567757009345796,3357,3304,67,0,3237,3251,648360,120,0,0,120,53
2020-06-30,US,Oklahoma,Wagoner,266,19,0,35.96024096,-95.51911308,40145.0,327.22754616245743,7.142857142857142,247,246,19,0,227,242,80110,20,0,0,20,4
2020-06-30,US,Oklahoma,Washington,398,39,0,36.71380786,-95.90514104,40147.0,772.4105808605198,9.798994974874372,359,396,39,0,357,395,51843,2,0,0,2,1
2020-06-30,US,Oklahoma,Washita,3,0,0,35.29071824,-98.99180434,40149.0,27.482594356907292,0.0,3,3,0,0,3,3,11127,0,0,0,0,0
2020-06-30,US,Oklahoma,Woods,7,0,0,36.76705782,-98.86573064,40151.0,79.60877971113386,0.0,7,5,0,0,5,5,8897,2,0,0,2,0
2020-06-30,US,Oklahoma,Woodward,12,0,0,36.42316318,-99.26283045,40153.0,59.373608431052396,0.0,12,12,0,0,12,12,20222,0,0,0,0,0
2020-06-30,US,Oregon,Baker,1,0,0,44.70915557,-117.6749883,41001.0,6.201935003721161,0.0,1,1,0,0,1,1,16006,0,0,0,0,0
2020-06-30,US,Oregon,Benton,82,5,0,44.49167306,-123.4316987,41003.0,88.12182304708071,6.097560975609755,77,82,5,0,77,82,92101,0,0,0,0,0
2020-06-30,US,Oregon,Clackamas,733,24,0,45.18787398,-122.2179634,41005.0,175.28043674241428,3.2742155525238745,709,716,24,0,692,699,416075,17,0,0,17,17
2020-06-30,US,Oregon,Clatsop,48,0,0,45.99712889,-123.660711,41007.0,119.33174224343675,0.0,48,49,0,0,49,49,39764,-1,0,0,-1,0
2020-06-30,US,Oregon,Columbia,29,0,0,45.94464254,-123.0890898,41009.0,55.39213813653207,0.0,29,29,0,0,29,29,52377,0,0,0,0,0
2020-06-30,US,Oregon,Coos,41,0,0,43.17406868,-124.0594514,41011.0,63.57870578566222,0.0,41,40,0,0,40,40,64389,1,0,0,1,0
2020-06-30,US,Oregon,Crook,10,0,0,44.14230227,-120.356297,41013.0,40.976889034584495,0.0,10,10,0,0,10,10,23867,0,0,0,0,0
2020-06-30,US,Oregon,Curry,7,0,0,42.45911325,-124.157282,41015.0,30.53435114503817,0.0,7,7,0,0,7,7,22813,0,0,0,0,0
2020-06-30,US,Oregon,Deschutes,181,0,0,43.91570171,-121.2289121,41017.0,91.55656273394978,0.0,181,172,0,0,172,170,191996,9,0,0,9,2
2020-06-30,US,Oregon,Douglas,40,0,0,43.27941273,-123.167291,41019.0,36.04253018561903,0.0,40,40,0,0,40,38,110283,0,0,0,0,2
2020-06-30,US,Oregon,Grant,1,0,0,44.49024544,-119.0068631,41023.0,13.890818169190164,0.0,1,1,0,0,1,1,7176,0,0,0,0,0
2020-06-30,US,Oregon,Harney,1,0,0,43.06422669,-118.9666306,41025.0,13.526308670363855,0.0,1,1,0,0,1,1,7329,0,0,0,0,0
2020-06-30,US,Oregon,Hood River,88,0,0,45.51872811,-121.65520359999998,41027.0,376.35788213155416,0.0,88,88,0,0,88,88,23428,0,0,0,0,0
2020-06-30,US,Oregon,Jackson,114,0,0,42.43201126,-122.7289309,41029.0,51.596784705626774,0.0,114,109,0,0,109,106,219564,5,0,0,5,3
2020-06-30,US,Oregon,Jefferson,112,0,0,44.62806839,-121.17832,41031.0,454.21364263119466,0.0,112,100,0,0,100,97,24192,12,0,0,12,3
2020-06-30,US,Oregon,Josephine,33,1,0,42.3665549,-123.5561938,41033.0,37.71988981220067,3.0303030303030303,32,32,1,0,31,31,87393,1,0,0,1,1
2020-06-30,US,Oregon,Klamath,119,0,0,42.68762984,-121.64964609999998,41035.0,174.38963627304435,0.0,119,116,0,0,116,111,67653,3,0,0,3,5
2020-06-30,US,Oregon,Lake,17,0,0,42.79246693,-120.3850163,41037.0,216.03761596136738,0.0,17,15,0,0,15,13,7879,2,0,0,2,2
2020-06-30,US,Oregon,Lane,151,3,0,43.93727035,-122.847753,41039.0,39.521863966267695,1.9867549668874167,148,145,3,0,142,139,379611,6,0,0,6,6
2020-06-30,US,Oregon,Lincoln,312,2,0,44.64252874,-123.869912,41041.0,624.4746006965294,0.6410256410256411,310,310,2,0,308,310,49388,2,0,0,2,0
2020-06-30,US,Oregon,Linn,144,9,0,44.48899494,-122.5373154,41043.0,110.9835143238098,6.25,135,140,9,0,131,140,127335,4,0,0,4,0
2020-06-30,US,Oregon,Malheur,108,1,0,43.1937027,-117.6227395,41045.0,353.2759805043996,0.925925925925926,107,101,1,0,100,96,30725,7,0,0,7,5
2020-06-30,US,Oregon,Marion,1514,46,0,44.90287942,-122.5815117,41047.0,435.28512037904886,3.038309114927345,1468,1489,43,0,1446,1475,346868,25,3,0,22,14
2020-06-30,US,Oregon,Morrow,61,1,0,45.41846568,-119.584546,41049.0,525.7261053175903,1.639344262295082,60,61,1,0,60,61,11372,0,0,0,0,0
2020-06-30,US,Oregon,Multnomah,2202,69,0,45.54747959,-122.4169351,41051.0,270.8970234543676,3.1335149863760217,2133,2167,69,0,2098,2139,811880,35,0,0,35,28
2020-06-30,US,Oregon,Polk,141,12,0,44.90322804,-123.4128888,41053.0,163.79160132427253,8.51063829787234,129,139,12,0,127,139,85234,2,0,0,2,0
2020-06-30,US,Oregon,Sherman,1,0,0,45.41501554,-120.6827834,41055.0,56.179775280898866,0.0,1,1,0,0,1,1,1708,0,0,0,0,0
2020-06-30,US,Oregon,Tillamook,9,0,0,45.46248721,-123.712066,41057.0,33.288948069241016,0.0,9,9,0,0,9,7,26787,0,0,0,0,2
2020-06-30,US,Oregon,Umatilla,492,4,0,45.59073056,-118.7353826,41059.0,631.1738293778062,0.8130081300813008,488,482,4,0,478,467,77516,10,0,0,10,15
2020-06-30,US,Oregon,Union,337,1,0,45.30915495,-118.0068979,41061.0,1255.8226197130616,0.2967359050445104,336,327,1,0,326,322,26461,10,0,0,10,5
2020-06-30,US,Oregon,Wallowa,8,0,0,45.57894064,-117.18353799999998,41063.0,110.98779134295229,0.0,8,8,0,0,8,8,7081,0,0,0,0,0
2020-06-30,US,Oregon,Wasco,69,1,0,45.16292781,-121.1670954,41065.0,258.6013042500562,1.4492753623188406,68,68,1,0,67,63,26505,1,0,0,1,5
2020-06-30,US,Oregon,Washington,1331,20,0,45.55972701,-123.0955257,41067.0,221.2462931687921,1.5026296018031555,1311,1315,20,0,1295,1287,597695,16,0,0,16,28
2020-06-30,US,Oregon,Yamhill,119,8,0,45.23330449,-123.3086963,41071.0,111.11111111111113,6.722689075630252,111,115,8,0,107,114,107002,4,0,0,4,1
2020-06-30,US,Pennsylvania,Adams,339,12,0,39.87140411,-77.21610347,42001.0,329.09745750371326,3.5398230088495577,327,332,12,0,320,328,102811,7,0,0,7,4
2020-06-30,US,Pennsylvania,Allegheny,2760,183,0,40.46809875,-79.98167747,42003.0,226.96528500178857,6.630434782608695,2577,2651,183,0,2468,2568,1218452,109,0,0,109,83
2020-06-30,US,Pennsylvania,Armstrong,74,6,0,40.81665618,-79.46290811,42005.0,114.3121958754924,8.108108108108109,68,73,6,0,67,73,65263,1,0,0,1,0
2020-06-30,US,Pennsylvania,Beaver,669,78,0,40.6825484,-80.34921611,42007.0,408.1035082261223,11.659192825112108,591,651,78,0,573,648,164742,18,0,0,18,3
2020-06-30,US,Pennsylvania,Bedford,82,3,0,40.00522157,-78.48998442,42009.0,171.23287671232876,3.6585365853658534,79,81,3,0,78,81,48176,1,0,0,1,0
2020-06-30,US,Pennsylvania,Berks,4527,351,0,40.41570541,-75.92457766,42011.0,1074.8781947174973,7.753479125248508,4176,4521,350,0,4171,4498,420152,6,1,0,5,23
2020-06-30,US,Pennsylvania,Blair,71,1,0,40.47961444,-78.34917412,42013.0,58.27840661911368,1.4084507042253518,70,72,1,0,71,71,122492,-1,0,0,-1,1
2020-06-30,US,Pennsylvania,Bradford,57,3,0,41.78869215,-76.51570822,42015.0,94.49132171808432,5.2631578947368425,54,56,3,0,53,56,60833,1,0,0,1,0
2020-06-30,US,Pennsylvania,Bucks,5744,564,0,40.33682119,-75.10836643,42017.0,914.2566094195172,9.818941504178273,5180,5729,563,0,5166,5718,628195,15,1,0,14,11
2020-06-30,US,Pennsylvania,Butler,307,13,0,40.91152759,-79.91351055,42019.0,163.4256572958643,4.234527687296417,294,302,13,0,289,295,187888,5,0,0,5,7
2020-06-30,US,Pennsylvania,Cambria,80,3,0,40.49527404,-78.71377428,42021.0,61.44770800049158,3.75,77,78,3,0,75,77,131730,2,0,0,2,1
2020-06-30,US,Pennsylvania,Cameron,3,0,0,41.43625568,-78.20376845,42023.0,67.4612098043625,0.0,3,3,0,0,3,3,4492,0,0,0,0,0
2020-06-30,US,Pennsylvania,Carbon,278,26,0,40.91545395,-75.7068525,42025.0,433.14324888598054,9.352517985611511,252,278,25,0,253,274,64227,0,1,0,-1,4
2020-06-30,US,Pennsylvania,Centre,201,7,0,40.92058903,-77.82200624,42027.0,123.7799057794747,3.4825870646766166,194,201,7,0,194,201,162805,0,0,0,0,0
2020-06-30,US,Pennsylvania,Chester,3711,323,0,39.97291773,-75.74768357,42029.0,706.8719535075973,8.703853408784694,3388,3677,323,0,3354,3658,522046,34,0,0,34,19
2020-06-30,US,Pennsylvania,Clarion,34,2,0,41.19265812,-79.42413524,42031.0,88.45413392996514,5.882352941176472,32,34,2,0,32,35,38779,0,0,0,0,-1
2020-06-30,US,Pennsylvania,Clearfield,72,0,0,41.00110782,-78.47592663,42033.0,90.84600340672512,0.0,72,72,0,0,72,72,79388,0,0,0,0,0
2020-06-30,US,Pennsylvania,Clinton,78,4,0,41.23255967,-77.63785995,42035.0,201.90515634706975,5.128205128205129,74,77,4,0,73,75,38684,1,0,0,1,2
2020-06-30,US,Pennsylvania,Columbia,400,34,0,41.04821986,-76.40565017,42037.0,615.7256326580874,8.5,366,400,33,0,367,399,65456,0,1,0,-1,1
2020-06-30,US,Pennsylvania,Crawford,53,0,0,41.68447709,-80.10760592,42039.0,62.62628649753631,0.0,53,53,0,0,53,53,85063,0,0,0,0,0
2020-06-30,US,Pennsylvania,Cumberland,852,64,0,40.1625372,-77.26130755,42041.0,336.26711923274263,7.511737089201878,788,847,63,0,784,840,251423,5,1,0,4,7
2020-06-30,US,Pennsylvania,Dauphin,2045,133,0,40.41377078,-76.77993242,42043.0,734.8211815349678,6.503667481662593,1912,1971,133,0,1838,1942,277097,74,0,0,74,29
2020-06-30,US,Pennsylvania,Delaware,7201,655,0,39.91680171,-75.40243663,42045.0,1270.5845818328107,9.095958894597972,6546,7170,653,0,6517,7154,564751,31,2,0,29,16
2020-06-30,US,Pennsylvania,Elk,15,0,0,41.42822061,-78.64524744,42047.0,50.15045135406218,0.0,15,13,0,0,13,13,30169,2,0,0,2,0
2020-06-30,US,Pennsylvania,Erie,607,12,0,41.99253829,-80.03301954,42049.0,225.04152331237395,1.9769357495881383,595,595,10,0,585,589,272061,12,2,0,10,6
2020-06-30,US,Pennsylvania,Fayette,116,4,0,39.92041012,-79.64291195,42051.0,89.73188730912634,3.4482758620689653,112,112,4,0,108,111,130441,4,0,0,4,1
2020-06-30,US,Pennsylvania,Forest,7,0,0,41.51095103,-79.23229292,42053.0,96.59169311439214,0.0,7,7,0,0,7,7,7279,0,0,0,0,0
2020-06-30,US,Pennsylvania,Franklin,925,43,0,39.92956518,-77.72157791,42055.0,596.6702574390267,4.648648648648648,882,915,42,0,873,913,154835,10,1,0,9,2
2020-06-30,US,Pennsylvania,Fulton,18,1,0,39.92913544,-78.11163677,42057.0,123.88162422573986,5.5555555555555545,17,18,1,0,17,18,14523,0,0,0,0,0
2020-06-30,US,Pennsylvania,Greene,41,0,0,39.85746531,-80.22357106,42059.0,113.15651477934479,0.0,41,39,0,0,39,39,36506,2,0,0,2,0
2020-06-30,US,Pennsylvania,Huntingdon,252,4,0,40.42162652,-77.97673273,42061.0,558.2137161084529,1.5873015873015872,248,251,4,0,247,245,45168,1,0,0,1,6
2020-06-30,US,Pennsylvania,Indiana,108,6,0,40.65241041,-79.08963285,42063.0,128.45979089600704,5.5555555555555545,102,104,6,0,98,102,84501,4,0,0,4,2
2020-06-30,US,Pennsylvania,Jefferson,22,1,0,41.12913106,-78.9986361,42065.0,50.662061024755324,4.545454545454546,21,21,1,0,20,21,43641,1,0,0,1,0
2020-06-30,US,Pennsylvania,Juniata,111,6,0,40.53358749,-77.39975129999998,42067.0,448.249404353269,5.405405405405406,105,111,5,0,106,111,24704,0,1,0,-1,0
2020-06-30,US,Pennsylvania,Lackawanna,1703,203,0,41.43564672,-75.60379201,42069.0,812.213245323693,11.920140927774515,1500,1694,202,0,1492,1684,210793,9,1,0,8,10
2020-06-30,US,Pennsylvania,Lancaster,4442,357,0,40.03904563,-76.24770128,42071.0,813.9645681699907,8.036920306168392,4085,4414,356,0,4058,4388,543557,28,1,0,27,26
2020-06-30,US,Pennsylvania,Lawrence,102,9,0,40.99206278,-80.33393706,42073.0,119.28150435026664,8.823529411764708,93,101,9,0,92,102,86184,1,0,0,1,-1
2020-06-30,US,Pennsylvania,Lebanon,1342,43,0,40.36680311,-76.45651841,42075.0,946.4501068458952,3.204172876304024,1299,1331,43,0,1288,1324,141314,11,0,0,11,7
2020-06-30,US,Pennsylvania,Lehigh,4235,297,0,40.6154815,-75.59435245,42077.0,1146.708256840988,7.012987012987013,3938,4220,294,0,3926,4214,368100,15,3,0,12,6
2020-06-30,US,Pennsylvania,Luzerne,2910,177,0,41.17823008,-75.98447579,42079.0,916.7750939615712,6.082474226804122,2733,2906,177,0,2729,2903,317646,4,0,0,4,3
2020-06-30,US,Pennsylvania,Lycoming,182,19,0,41.34310539,-77.06629984,42081.0,160.63689882523238,10.43956043956044,163,179,19,0,160,177,113664,3,0,0,3,2
2020-06-30,US,Pennsylvania,McKean,17,1,0,41.80938602,-78.56478358,42083.0,41.846153846153854,5.882352941176472,16,15,1,0,14,15,40968,2,0,0,2,0
2020-06-30,US,Pennsylvania,Mercer,140,6,0,41.30248872,-80.25816981,42085.0,127.94268167860798,4.285714285714286,134,136,6,0,130,135,110683,4,0,0,4,1
2020-06-30,US,Pennsylvania,Mifflin,63,1,0,40.61116939,-77.61070738,42087.0,136.5468810958429,1.5873015873015872,62,63,1,0,62,62,46222,0,0,0,0,1
2020-06-30,US,Pennsylvania,Monroe,1421,108,0,41.05934058,-75.34031025,42089.0,834.5519789042173,7.600281491907108,1313,1409,108,0,1301,1405,169507,12,0,0,12,4
2020-06-30,US,Pennsylvania,Montgomery,8448,801,0,40.21053671,-75.36652296,42091.0,1016.7104938531619,9.481534090909092,7647,8413,798,0,7615,8377,828604,35,3,0,32,36
2020-06-30,US,Pennsylvania,Montour,73,1,0,41.03023987,-76.66345939,42093.0,400.4388370817334,1.3698630136986298,72,73,0,0,73,73,18240,0,1,0,-1,0
2020-06-30,US,Pennsylvania,Northampton,3413,266,0,40.75182733,-75.30471829,42095.0,1117.9717313330166,7.793729856431294,3147,3407,266,0,3141,3389,304807,6,0,0,6,18
2020-06-30,US,Pennsylvania,Northumberland,304,5,0,40.84785433,-76.70798222,42097.0,334.6432856686812,1.6447368421052633,299,302,5,0,297,299,91083,2,0,0,2,3
2020-06-30,US,Pennsylvania,Perry,86,5,0,40.40206612,-77.26297447,42099.0,185.85753803596126,5.813953488372092,81,86,5,0,81,86,46139,0,0,0,0,0
2020-06-30,US,Pennsylvania,Philadelphia,26133,1606,0,40.00338507,-75.1379271,42101.0,1649.7439497394046,6.145486549573335,24527,25991,1595,0,24396,25782,1584138,142,11,0,131,209
2020-06-30,US,Pennsylvania,Pike,496,20,0,41.33155042,-75.03208106,42103.0,888.7455428335933,4.032258064516129,476,494,20,0,474,493,55933,2,0,0,2,1
2020-06-30,US,Pennsylvania,Potter,15,0,0,41.74471626,-77.89559864,42105.0,90.76606559361008,0.0,15,15,0,0,15,15,16622,0,0,0,0,0
2020-06-30,US,Pennsylvania,Schuylkill,741,44,0,40.70497338,-76.2150785,42107.0,524.1972566302818,5.937921727395412,697,741,44,0,697,740,142067,0,0,0,0,1
2020-06-30,US,Pennsylvania,Snyder,66,2,0,40.77129231,-77.06840691,42109.0,163.47963935400773,3.0303030303030303,64,65,2,0,63,65,40540,1,0,0,1,0
2020-06-30,US,Pennsylvania,Somerset,61,1,0,39.97172723,-79.02699593,42111.0,83.05308589867523,1.639344262295082,60,61,1,0,60,61,73952,0,0,0,0,0
2020-06-30,US,Pennsylvania,Sullivan,5,0,0,41.44634738,-76.51246591,42113.0,82.42664029014178,0.0,5,5,0,0,5,5,6071,0,0,0,0,0
2020-06-30,US,Pennsylvania,Susquehanna,182,23,0,41.82147784,-75.80071959,42115.0,451.29934536798254,12.637362637362635,159,182,22,0,160,181,40589,0,1,0,-1,1
2020-06-30,US,Pennsylvania,Tioga,25,2,0,41.77255149,-77.25433032,42117.0,61.59000763716094,8.0,23,25,2,0,23,24,40763,0,0,0,0,1
2020-06-30,US,Pennsylvania,Union,92,2,0,40.96188846,-77.05996014,42119.0,204.79487122409455,2.1739130434782608,90,92,2,0,90,90,44785,0,0,0,0,2
2020-06-30,US,Pennsylvania,Venango,18,0,0,41.40323442,-79.75845449,42121.0,35.52538091102865,0.0,18,18,0,0,18,18,51266,0,0,0,0,0
2020-06-30,US,Pennsylvania,Warren,6,0,0,41.81304978,-79.26969577,42123.0,15.309637416753846,0.0,6,5,0,0,5,5,39498,1,0,0,1,0
2020-06-30,US,Pennsylvania,Washington,219,6,0,40.19208869,-80.24582867,42125.0,105.86614458704952,2.7397260273972597,213,216,6,0,210,211,207346,3,0,0,3,5
2020-06-30,US,Pennsylvania,Wayne,140,9,0,41.64938475,-75.29956506,42127.0,272.58036253188214,6.428571428571429,131,139,9,0,130,139,51276,1,0,0,1,0
2020-06-30,US,Pennsylvania,Westmoreland,646,38,0,40.31377979999999,-79.46615476,42129.0,185.1538697445393,5.882352941176472,608,640,38,0,602,620,350611,6,0,0,6,20
2020-06-30,US,Pennsylvania,Wyoming,38,7,0,41.51955538,-76.01074915,42131.0,141.82279614839143,18.42105263157895,31,37,7,0,30,37,27046,1,0,0,1,0
2020-06-30,US,Pennsylvania,York,1515,48,0,39.9210089,-76.73040131,42133.0,337.3729006052671,3.1683168316831685,1467,1477,45,0,1432,1456,448273,38,3,0,35,21
2020-06-30,US,Rhode Island,Bristol,253,0,0,41.71018079,-71.28652315,44001.0,521.8754512263042,0.0,253,253,0,0,253,247,48649,0,0,0,0,6
2020-06-30,US,Rhode Island,Kent,1199,0,0,41.67106337,-71.57641596,44003.0,729.7981642441507,0.0,1199,1199,0,0,1199,1169,163861,0,0,0,0,30
2020-06-30,US,Rhode Island,Newport,308,0,0,41.5642026,-71.26569799,44005.0,375.234521575985,0.0,308,308,0,0,308,294,82542,0,0,0,0,14
2020-06-30,US,Rhode Island,Providence,12937,0,0,41.87064746,-71.57753536,44007.0,2024.7882791725556,0.0,12937,12937,0,0,12937,12712,636084,0,0,0,0,225
2020-06-30,US,Rhode Island,Unassigned,1584,950,0,0.0,0.0,90044.0,0.0,59.97474747474747,634,1535,946,0,589,1716,,49,4,0,45,-181
2020-06-30,US,Rhode Island,Washington,532,0,0,41.45961631,-71.61435303,44009.0,423.64445718563115,0.0,532,532,0,0,532,523,126179,0,0,0,0,9
2020-06-30,US,South Carolina,Abbeville,113,0,0,34.22333378,-82.46170658,45001.0,460.71676112039785,0.0,113,106,0,0,106,103,24541,7,0,0,7,3
2020-06-30,US,South Carolina,Aiken,387,10,0,33.54338026,-81.63645384,45003.0,226.4853223465518,2.5839793281653747,377,358,9,0,349,345,169401,29,1,0,28,13
2020-06-30,US,South Carolina,Allendale,48,3,0,32.98837386,-81.35321066,45005.0,552.4861878453039,6.25,45,48,3,0,45,48,8903,0,0,0,0,0
2020-06-30,US,South Carolina,Anderson,608,11,0,34.51828081,-82.63959517,45007.0,300.1609415574798,1.8092105263157892,597,578,11,0,567,563,200482,30,0,0,30,15
2020-06-30,US,South Carolina,Bamberg,113,1,0,33.21927586,-81.05659969,45009.0,803.3556092705817,0.8849557522123894,112,103,1,0,102,91,14275,10,0,0,10,12
2020-06-30,US,South Carolina,Barnwell,79,1,0,33.26679302,-81.43584352,45011.0,378.606345250647,1.2658227848101269,78,77,1,0,76,75,21112,2,0,0,2,2
2020-06-30,US,South Carolina,Beaufort,1223,18,0,32.39226291,-80.72619758,45013.0,636.5746765076357,1.4717906786590351,1205,1152,18,0,1134,1125,188715,71,0,0,71,27
2020-06-30,US,South Carolina,Berkeley,1069,22,0,33.20222596,-79.94654523,45015.0,469.05097254581915,2.0579981290926104,1047,1007,21,0,986,949,221091,62,1,0,61,58
2020-06-30,US,South Carolina,Calhoun,87,1,0,33.66926881,-80.77722168,45017.0,597.8148835291693,1.1494252873563218,86,83,1,0,82,82,14520,4,0,0,4,1
2020-06-30,US,South Carolina,Charleston,4027,26,0,32.82487866,-79.96512315,45019.0,978.8384223856723,0.6456419170598461,4001,3654,23,0,3631,3381,405905,373,3,0,370,273
2020-06-30,US,South Carolina,Cherokee,154,7,0,35.05122251,-81.61828622,45021.0,268.760907504363,4.545454545454546,147,145,7,0,138,142,57078,9,0,0,9,3
2020-06-30,US,South Carolina,Chester,185,1,0,34.69249168,-81.1583216,45023.0,573.7501550676095,0.5405405405405406,184,173,1,0,172,171,32251,12,0,0,12,2
2020-06-30,US,South Carolina,Chesterfield,366,14,0,34.64137396,-80.15640140000002,45025.0,801.7524644030667,3.8251366120218577,352,363,14,0,349,359,45754,3,0,0,3,4
2020-06-30,US,South Carolina,Clarendon,413,42,0,33.66610974,-80.21647898,45027.0,1223.8850200029633,10.169491525423727,371,409,42,0,367,407,33700,4,0,0,4,2
2020-06-30,US,South Carolina,Colleton,329,21,0,32.87582989,-80.67641292,45029.0,873.2117737611806,6.382978723404255,308,324,21,0,303,307,37660,5,0,0,5,17
2020-06-30,US,South Carolina,Darlington,445,14,0,34.33358335,-79.96027485,45031.0,667.9876309706085,3.1460674157303368,431,433,14,0,419,427,66802,12,0,0,12,6
2020-06-30,US,South Carolina,Dillon,304,9,0,34.39007791,-79.37741872,45033.0,997.4080514452572,2.9605263157894735,295,298,8,0,290,289,30599,6,1,0,5,9
2020-06-30,US,South Carolina,Dorchester,712,3,0,33.0794369,-80.40502652,45035.0,437.32226105436433,0.4213483146067416,709,627,3,0,624,594,160647,85,0,0,85,33
2020-06-30,US,South Carolina,Edgefield,76,3,0,33.77221995,-81.96231108,45037.0,278.79677182685253,3.947368421052632,73,76,2,0,74,73,27052,0,1,0,-1,3
2020-06-30,US,South Carolina,Fairfield,298,21,0,34.39287073,-81.1195624,45039.0,1333.5123282767265,7.046979865771812,277,288,21,0,267,280,22402,10,0,0,10,8
2020-06-30,US,South Carolina,Florence,1199,51,0,34.02361754,-79.70189312,45041.0,866.9997758382565,4.253544620517098,1148,1159,49,0,1110,1134,138159,40,2,0,38,25
2020-06-30,US,South Carolina,Georgetown,458,3,0,33.43443342,-79.33202141,45043.0,730.6955966815573,0.6550218340611353,455,440,3,0,437,435,62249,18,0,0,18,5
2020-06-30,US,South Carolina,Greenville,5009,81,0,34.89502264,-82.37295012,45045.0,956.7522758441537,1.6170892393691356,4928,4895,80,0,4815,4741,514213,114,1,0,113,154
2020-06-30,US,South Carolina,Greenwood,493,7,0,34.15272415,-82.12715789,45047.0,696.2195139173292,1.4198782961460443,486,467,7,0,460,458,70741,26,0,0,26,9
2020-06-30,US,South Carolina,Hampton,71,2,0,32.77419582,-81.13845571,45049.0,369.3684320049943,2.8169014084507036,69,68,2,0,66,65,19351,3,0,0,3,3
2020-06-30,US,South Carolina,Horry,3321,45,0,33.9212828,-78.99555293,45051.0,937.9209841815857,1.3550135501355014,3276,3152,44,0,3108,2987,344147,169,1,0,168,165
2020-06-30,US,South Carolina,Jasper,132,3,0,32.43171982,-81.02487495,45053.0,438.93193229807474,2.272727272727273,129,122,3,0,119,121,28971,10,0,0,10,1
2020-06-30,US,South Carolina,Kershaw,665,15,0,34.33988254,-80.58763164,45055.0,999.2336704181756,2.255639097744361,650,640,15,0,625,628,65592,25,0,0,25,12
2020-06-30,US,South Carolina,Lancaster,475,12,0,34.68270843,-80.70513032,45057.0,484.6345345467902,2.526315789473684,463,447,12,0,435,421,95380,28,0,0,28,26
2020-06-30,US,South Carolina,Laurens,471,5,0,34.48244419,-82.00490796,45059.0,697.8501474226957,1.0615711252653928,466,422,5,0,417,407,66994,49,0,0,49,15
2020-06-30,US,South Carolina,Lee,289,22,0,34.16393091,-80.25690731,45061.0,1717.3758022343713,7.612456747404845,267,285,22,0,263,283,17142,4,0,0,4,2
2020-06-30,US,South Carolina,Lexington,2071,49,0,33.89665987,-81.27146426,45063.0,693.2217573221758,2.366006760019314,2022,1971,48,0,1923,1901,295032,100,1,0,99,70
2020-06-30,US,South Carolina,Marion,208,7,0,34.07859748,-79.36400756,45067.0,678.4747366017548,3.3653846153846154,201,193,7,0,186,191,31039,15,0,0,15,2
2020-06-30,US,South Carolina,Marlboro,302,4,0,34.59905577,-79.67561152,45069.0,1156.2906807565664,1.3245033112582782,298,301,4,0,297,298,26398,1,0,0,1,3
2020-06-30,US,South Carolina,McCormick,17,2,0,33.90161443,-82.30794338,45065.0,179.64704639120785,11.764705882352944,15,15,1,0,14,12,9410,2,1,0,1,3
2020-06-30,US,South Carolina,Newberry,252,4,0,34.28629098,-81.59935761,45071.0,655.5671175858481,1.5873015873015872,248,246,4,0,242,221,38520,6,0,0,6,25
2020-06-30,US,South Carolina,Oconee,260,1,0,34.75225169,-83.06742317,45073.0,326.8549015663893,0.38461538461538464,259,252,1,0,251,244,78374,8,0,0,8,8
2020-06-30,US,South Carolina,Orangeburg,747,11,0,33.4391073,-80.79886287,45075.0,866.8407310704961,1.4725568942436411,736,694,10,0,684,670,86934,53,1,0,52,24
2020-06-30,US,South Carolina,Pickens,835,5,0,34.88807695,-82.72791551,45077.0,658.0813971816777,0.5988023952095808,830,809,4,0,805,778,124937,26,1,0,25,31
2020-06-30,US,South Carolina,Richland,3518,83,0,34.01791263,-80.90267209,45079.0,846.1632820937131,2.359295054007959,3435,3363,82,0,3281,3285,414576,155,1,0,154,78
2020-06-30,US,South Carolina,Saluda,208,1,0,34.00795823,-81.72713237,45081.0,1015.972256142236,0.4807692307692308,207,206,1,0,205,203,20544,2,0,0,2,3
2020-06-30,US,South Carolina,Spartanburg,1609,48,0,34.92960077,-81.99225984,45083.0,503.150554278656,2.983219390926041,1561,1544,45,0,1499,1472,313888,65,3,0,62,72
2020-06-30,US,South Carolina,Sumter,1059,23,0,33.91826534,-80.37942316,45085.0,992.3070435996665,2.1718602455146363,1036,1022,23,0,999,1003,106512,37,0,0,37,19
2020-06-30,US,South Carolina,Union,90,0,0,34.68835752,-81.61730349,45087.0,329.47722946258597,0.0,90,84,0,0,84,73,27410,6,0,0,6,11
2020-06-30,US,South Carolina,Williamsburg,400,15,0,33.62190129,-79.72767442,45089.0,1317.1759747102212,3.75,385,389,15,0,374,383,30606,11,0,0,11,6
2020-06-30,US,South Carolina,York,1204,12,0,34.97281497,-81.18085944,45091.0,428.50177415394035,0.9966777408637874,1192,1156,12,0,1144,1095,274118,48,0,0,48,61
2020-06-30,US,South Dakota,Aurora,34,0,0,43.71757685,-98.56050467,46003.0,1235.9142130134496,0.0,34,34,0,0,34,34,2801,0,0,0,0,0
2020-06-30,US,South Dakota,Beadle,524,6,0,44.41464384,-98.27858469,46005.0,2839.6466699181706,1.1450381679389312,518,523,6,0,517,522,18883,1,0,0,1,1
2020-06-30,US,South Dakota,Bennett,4,0,0,43.19486375,-101.6665572,46007.0,118.87072808320951,0.0,4,5,0,0,5,5,3468,-1,0,0,-1,0
2020-06-30,US,South Dakota,Bon Homme,11,0,0,42.98914167,-97.88592746,46009.0,159.39718881321548,0.0,11,11,0,0,11,11,6980,0,0,0,0,0
2020-06-30,US,South Dakota,Brookings,62,0,0,44.36974375,-96.79079945,46011.0,176.75399834649483,0.0,62,61,0,0,61,61,35232,1,0,0,1,0
2020-06-30,US,South Dakota,Brown,342,2,0,45.58994323,-98.35165355,46013.0,880.5582018074617,0.5847953216374269,340,342,2,0,340,341,39316,0,0,0,0,1
2020-06-30,US,South Dakota,Brule,23,0,0,43.71756379,-99.08118954,46015.0,434.2080422880876,0.0,23,20,0,0,20,18,5229,3,0,0,3,2
2020-06-30,US,South Dakota,Buffalo,71,1,0,44.07657829,-99.20814467,46017.0,3618.756371049949,1.4084507042253518,70,71,1,0,70,72,2036,0,0,0,0,-1
2020-06-30,US,South Dakota,Charles Mix,82,0,0,43.20660134,-98.58856175,46023.0,882.4795523030564,0.0,82,75,0,0,75,70,9338,7,0,0,7,5
2020-06-30,US,South Dakota,Clark,15,0,0,44.85834507,-97.72925109,46025.0,401.4989293361885,0.0,15,14,0,0,14,14,3739,1,0,0,1,0
2020-06-30,US,South Dakota,Clay,82,0,0,42.91296147,-96.97656917,46027.0,582.8002842928216,0.0,82,80,0,0,80,80,14041,2,0,0,2,0
2020-06-30,US,South Dakota,Codington,63,0,0,44.97788119,-97.18827677,46029.0,224.92770181013245,0.0,63,61,0,0,61,57,28015,2,0,0,2,4
2020-06-30,US,South Dakota,Corson,18,0,0,45.70889983,-101.1970473,46031.0,440.5286343612335,0.0,18,17,0,0,17,17,4165,1,0,0,1,0
2020-06-30,US,South Dakota,Custer,8,0,0,43.67741105,-103.45345209999999,46033.0,89.16629514043692,0.0,8,8,0,0,8,8,8726,0,0,0,0,0
2020-06-30,US,South Dakota,Davison,41,0,0,43.67490933,-98.14458906,46035.0,207.33249051833118,0.0,41,40,0,0,40,39,19790,1,0,0,1,1
2020-06-30,US,South Dakota,Day,16,0,0,45.367281,-97.60737498,46037.0,294.9852507374631,0.0,16,16,0,0,16,16,5505,0,0,0,0,0
2020-06-30,US,South Dakota,Deuel,3,0,0,44.75994309,-96.66943645,46039.0,68.94966674327739,0.0,3,3,0,0,3,3,4337,0,0,0,0,0
2020-06-30,US,South Dakota,Dewey,4,0,0,45.15639647,-100.8709139,46041.0,67.88866259334691,0.0,4,4,0,0,4,4,5904,0,0,0,0,0
2020-06-30,US,South Dakota,Douglas,4,0,0,43.38520741,-98.36978007,46043.0,136.93940431359124,0.0,4,4,0,0,4,4,2935,0,0,0,0,0
2020-06-30,US,South Dakota,Edmunds,7,0,0,45.41846445,-99.21545423,46045.0,182.81535648994515,0.0,7,7,0,0,7,7,3875,0,0,0,0,0
2020-06-30,US,South Dakota,Fall River,12,0,0,43.23929297,-103.5275691,46047.0,178.75763444063756,0.0,12,12,0,0,12,11,6758,0,0,0,0,1
2020-06-30,US,South Dakota,Faulk,23,1,0,45.07082625,-99.14535601,46049.0,1000.4349717268376,4.3478260869565215,22,23,1,0,22,23,2330,0,0,0,0,0
2020-06-30,US,South Dakota,Grant,13,0,0,45.1723937,-96.77002276,46051.0,184.344866704481,0.0,13,13,0,0,13,13,7147,0,0,0,0,0
2020-06-30,US,South Dakota,Gregory,3,0,0,43.19419064,-99.18883902,46053.0,71.68458781362006,0.0,3,3,0,0,3,2,4212,0,0,0,0,1
2020-06-30,US,South Dakota,Hamlin,11,0,0,44.67385954,-97.18829593,46057.0,178.45554834523037,0.0,11,11,0,0,11,11,6111,0,0,0,0,0
2020-06-30,US,South Dakota,Hand,7,0,0,44.54708407,-99.00386459,46059.0,219.3669696020056,0.0,7,7,0,0,7,7,3262,0,0,0,0,0
2020-06-30,US,South Dakota,Hanson,7,0,0,43.6746384,-97.78715148,46061.0,202.72227048942952,0.0,7,7,0,0,7,6,3376,0,0,0,0,1
2020-06-30,US,South Dakota,Hughes,55,0,0,44.39091534,-99.99661148,46065.0,313.81946821864665,0.0,55,52,0,0,52,51,17650,3,0,0,3,1
2020-06-30,US,South Dakota,Hutchinson,12,0,0,43.33449012,-97.75536441,46067.0,164.5864764778494,0.0,12,12,0,0,12,12,7380,0,0,0,0,0
2020-06-30,US,South Dakota,Hyde,3,0,0,44.54747703,-99.48572582,46069.0,230.59185242121444,0.0,3,3,0,0,3,3,1282,0,0,0,0,0
2020-06-30,US,South Dakota,Jackson,6,1,0,43.69318385,-101.6255063,46071.0,179.42583732057415,16.666666666666668,5,6,1,0,5,6,3307,0,0,0,0,0
2020-06-30,US,South Dakota,Jerauld,39,1,0,44.06637798,-98.62965972,46073.0,1937.4068554396426,2.5641025641025643,38,39,1,0,38,39,2043,0,0,0,0,0
2020-06-30,US,South Dakota,Kingsbury,6,0,0,44.36956169,-97.4913945,46077.0,121.48208139299452,0.0,6,6,0,0,6,6,4919,0,0,0,0,0
2020-06-30,US,South Dakota,Lake,21,1,0,44.02193107,-97.12926365,46079.0,164.10096116277253,4.761904761904762,20,21,1,0,20,20,13057,0,0,0,0,1
2020-06-30,US,South Dakota,Lawrence,19,0,0,44.35919441,-103.79294279999999,46081.0,73.51803126451014,0.0,19,19,0,0,19,19,25741,0,0,0,0,0
2020-06-30,US,South Dakota,Lincoln,343,1,0,43.27841182,-96.72039050000001,46083.0,561.1176547572309,0.2915451895043732,342,341,1,0,340,339,58807,2,0,0,2,2
2020-06-30,US,South Dakota,Lyman,62,0,0,43.89522709,-99.85201878,46085.0,1639.777836551177,0.0,62,59,0,0,59,59,3821,3,0,0,3,0
2020-06-30,US,South Dakota,Marshall,5,0,0,45.75870838,-97.59855639,46091.0,101.31712259371834,0.0,5,5,0,0,5,5,5112,0,0,0,0,0
2020-06-30,US,South Dakota,McCook,10,1,0,43.6742571,-97.36863144,46087.0,179.01897601145726,10.0,9,10,1,0,9,10,5546,0,0,0,0,0
2020-06-30,US,South Dakota,McPherson,4,0,0,45.76626028,-99.22118798,46089.0,168.13787305590589,0.0,4,4,0,0,4,4,2407,0,0,0,0,0
2020-06-30,US,South Dakota,Meade,48,1,0,44.56676791,-102.71627409999999,46093.0,169.419737399407,2.083333333333333,47,47,1,0,46,47,28294,1,0,0,1,0
2020-06-30,US,South Dakota,Mellette,3,0,0,43.58078848,-100.7563186,46095.0,145.56040756914118,0.0,3,3,0,0,3,3,2042,0,0,0,0,0
2020-06-30,US,South Dakota,Miner,9,0,0,44.02197882,-97.60992207,46097.0,406.1371841155234,0.0,9,9,0,0,9,9,2213,0,0,0,0,0
2020-06-30,US,South Dakota,Minnehaha,3610,57,0,43.67441641,-96.7910885,46099.0,1869.168556546232,1.5789473684210529,3553,3600,57,0,3543,3598,192876,10,0,0,10,2
2020-06-30,US,South Dakota,Moody,22,0,0,44.02266214,-96.67081159,46101.0,334.5498783454988,0.0,22,21,0,0,21,21,6579,1,0,0,1,0
2020-06-30,US,South Dakota,Oglala Lakota,85,0,0,43.33749164,-102.55554980000001,46102.0,599.5626719334132,0.0,85,85,0,0,85,84,14309,0,0,0,0,1
2020-06-30,US,South Dakota,Pennington,518,16,0,44.0025835,-102.8240777,46103.0,455.2845528455285,3.088803088803089,502,513,16,0,497,507,111729,5,0,0,5,6
2020-06-30,US,South Dakota,Roberts,47,0,0,45.62975048,-96.94672673,46109.0,452.1839522801616,0.0,47,45,0,0,45,41,10447,2,0,0,2,4
2020-06-30,US,South Dakota,Sanborn,12,0,0,44.02351092,-98.09098159999999,46111.0,511.9453924914676,0.0,12,12,0,0,12,12,2429,0,0,0,0,0
2020-06-30,US,South Dakota,Spink,11,0,0,44.93837606,-98.34626602,46115.0,172.5219573400251,0.0,11,11,0,0,11,11,6495,0,0,0,0,0
2020-06-30,US,South Dakota,Stanley,12,0,0,44.41381872,-100.7349153,46117.0,387.34667527437057,0.0,12,12,0,0,12,12,3022,0,0,0,0,0
2020-06-30,US,South Dakota,Sully,1,0,0,44.71571812,-100.1278092,46119.0,71.89072609633357,0.0,1,1,0,0,1,1,1392,0,0,0,0,0
2020-06-30,US,South Dakota,Todd,57,1,0,43.19338568,-100.71955030000001,46121.0,560.0864694900265,1.7543859649122806,56,57,1,0,56,56,10283,0,0,0,0,1
2020-06-30,US,South Dakota,Tripp,16,0,0,43.34459388,-99.8854891,46123.0,294.0635912516082,0.0,16,16,0,0,16,15,5478,0,0,0,0,1
2020-06-30,US,South Dakota,Turner,24,0,0,43.3109081,-97.14865776,46125.0,286.25954198473283,0.0,24,24,0,0,24,24,8424,0,0,0,0,0
2020-06-30,US,South Dakota,Union,123,1,0,42.83112163,-96.6557828,46127.0,772.0311323123274,0.8130081300813008,122,121,1,0,120,121,15619,2,0,0,2,0
2020-06-30,US,South Dakota,Walworth,12,0,0,45.43019636,-100.03075140000001,46129.0,220.79116835326587,0.0,12,9,0,0,9,9,5587,3,0,0,3,0
2020-06-30,US,South Dakota,Yankton,77,0,0,43.00924485,-97.39467635,46135.0,337.5120540019286,0.0,77,78,0,0,78,78,22869,-1,0,0,-1,0
2020-06-30,US,South Dakota,Ziebach,2,0,0,44.97881876,-101.6654622,46137.0,72.5689404934688,0.0,2,3,0,0,3,3,2742,-1,0,0,-1,0
2020-06-30,US,Tennessee,Anderson,102,2,0,36.12684348,-84.19965764,47001.0,132.5053911507184,1.96078431372549,100,97,2,0,95,90,76482,5,0,0,5,7
2020-06-30,US,Tennessee,Bedford,513,5,0,35.51123746,-86.45549096,47003.0,1031.9232393941222,0.9746588693957114,508,502,5,0,497,482,49038,11,0,0,11,20
2020-06-30,US,Tennessee,Benton,12,1,0,36.07110411,-88.06849355,47005.0,74.25742574257426,8.333333333333334,11,12,1,0,11,12,16184,0,0,0,0,0
2020-06-30,US,Tennessee,Bledsoe,617,1,0,35.59942968,-85.20611967,47007.0,4095.857673924588,0.1620745542949757,616,616,1,0,615,616,14755,1,0,0,1,0
2020-06-30,US,Tennessee,Blount,173,3,0,35.68938198,-83.92847788,47009.0,129.98918009136813,1.7341040462427746,170,162,3,0,159,156,131349,11,0,0,11,6
2020-06-30,US,Tennessee,Bradley,550,3,0,35.15739424,-84.857186,47011.0,508.74109703080194,0.5454545454545454,547,493,3,0,490,444,106727,57,0,0,57,49
2020-06-30,US,Tennessee,Campbell,36,1,0,36.40355516,-84.15108559999999,47013.0,90.35690979368505,2.7777777777777777,35,31,1,0,30,31,39583,5,0,0,5,0
2020-06-30,US,Tennessee,Cannon,27,0,0,35.80990797,-86.05738983,47015.0,183.94876686197028,0.0,27,26,0,0,26,25,14462,1,0,0,1,1
2020-06-30,US,Tennessee,Carroll,39,1,0,35.97366108,-88.45189331,47017.0,140.45449634458168,2.5641025641025643,38,39,1,0,38,38,28020,0,0,0,0,1
2020-06-30,US,Tennessee,Carter,54,1,0,36.28969086,-82.12588974,47019.0,95.75996169601532,1.851851851851852,53,52,1,0,51,49,56351,2,0,0,2,3
2020-06-30,US,Tennessee,Cheatham,202,1,0,36.26136216,-87.08903581,47021.0,496.71724002262283,0.4950495049504951,201,195,1,0,194,194,40439,7,0,0,7,1
2020-06-30,US,Tennessee,Chester,23,0,0,35.42527478,-88.6095842,47023.0,132.97103543967162,0.0,23,21,0,0,21,19,17276,2,0,0,2,2
2020-06-30,US,Tennessee,Claiborne,25,0,0,36.48319149,-83.65947309,47025.0,78.22522607090335,0.0,25,24,0,0,24,21,31756,1,0,0,1,3
2020-06-30,US,Tennessee,Clay,16,0,0,36.55151008,-85.53930419,47027.0,210.11162179908072,0.0,16,14,0,0,14,13,7717,2,0,0,2,1
2020-06-30,US,Tennessee,Cocke,58,0,0,35.9278914,-83.11828725,47029.0,161.0932118653483,0.0,58,51,0,0,51,48,35774,7,0,0,7,3
2020-06-30,US,Tennessee,Coffee,108,0,0,35.49090731,-86.07311784,47031.0,191.08280254777068,0.0,108,105,0,0,105,103,55700,3,0,0,3,2
2020-06-30,US,Tennessee,Crockett,31,3,0,35.81830662,-89.14916269,47033.0,217.8496134926212,9.677419354838712,28,30,3,0,27,28,14328,1,0,0,1,2
2020-06-30,US,Tennessee,Cumberland,168,3,0,35.95271721,-84.99840585,47035.0,277.5941837409121,1.7857142857142858,165,165,3,0,162,159,59673,3,0,0,3,6
2020-06-30,US,Tennessee,Davidson,9237,113,0,36.17007426,-86.78646056,47037.0,1330.7037156555411,1.2233409115513696,9124,9016,110,0,8906,8675,692587,221,3,0,218,341
2020-06-30,US,Tennessee,DeKalb,52,0,0,35.97616272,-85.83689361,47041.0,253.78233284529043,0.0,52,50,0,0,50,47,20138,2,0,0,2,3
2020-06-30,US,Tennessee,Decatur,21,0,0,35.60048904,-88.11043779,47039.0,180.0565892137529,0.0,21,19,0,0,19,18,11706,2,0,0,2,1
2020-06-30,US,Tennessee,Dickson,175,0,0,36.14669837,-87.35891709,47043.0,324.386446207459,0.0,175,168,0,0,168,159,53446,7,0,0,7,9
2020-06-30,US,Tennessee,Dyer,214,1,0,36.05931946,-89.41542855,47045.0,575.9035496111305,0.4672897196261682,213,206,0,0,206,192,37320,8,1,0,7,14
2020-06-30,US,Tennessee,Fayette,273,2,0,35.19615831,-89.41399032,47047.0,663.7006782875064,0.7326007326007326,271,263,2,0,261,244,40507,10,0,0,10,19
2020-06-30,US,Tennessee,Fentress,17,0,0,36.38128818,-84.92870012,47049.0,91.77778977487448,0.0,17,17,0,0,17,16,18217,0,0,0,0,1
2020-06-30,US,Tennessee,Franklin,75,3,0,35.15634626,-86.09201039,47051.0,177.69143290371494,4.0,72,73,3,0,70,73,41890,2,0,0,2,0
2020-06-30,US,Tennessee,Gibson,100,1,0,35.99438059,-88.93358327,47053.0,203.52919626320397,1.0,99,97,1,0,96,90,49045,3,0,0,3,7
2020-06-30,US,Tennessee,Giles,50,1,0,35.20222469,-87.03992678,47055.0,169.69861525929952,2.0,49,50,1,0,49,45,29503,0,0,0,0,5
2020-06-30,US,Tennessee,Grainger,35,0,0,36.27469206,-83.51254721,47057.0,150.08576329331046,0.0,35,32,0,0,32,28,23145,3,0,0,3,4
2020-06-30,US,Tennessee,Greene,85,2,0,36.17470125,-82.84691273,47059.0,123.0653404566448,2.3529411764705883,83,81,2,0,79,74,69087,4,0,0,4,7
2020-06-30,US,Tennessee,Grundy,58,1,0,35.38433717,-85.72142731,47061.0,431.96544276457877,1.7241379310344829,57,59,1,0,58,59,13346,-1,0,0,-1,0
2020-06-30,US,Tennessee,Hamblen,220,4,0,36.21990035,-83.26586179,47063.0,338.80555641112517,1.818181818181818,216,204,4,0,200,181,64569,16,0,0,16,23
2020-06-30,US,Tennessee,Hamilton,2466,30,0,35.17670231,-85.16652245,47065.0,670.4657915628976,1.2165450121654502,2436,2433,30,0,2403,2321,364286,33,0,0,33,112
2020-06-30,US,Tennessee,Hancock,3,0,0,36.52692871,-83.22375847,47067.0,45.31722054380665,0.0,3,3,0,0,3,3,6549,0,0,0,0,0
2020-06-30,US,Tennessee,Hardeman,299,1,0,35.20772017,-88.99161161,47069.0,1193.6127744510975,0.33444816053511706,298,287,1,0,286,276,25220,12,0,0,12,11
2020-06-30,US,Tennessee,Hardin,93,5,0,35.19732531,-88.18593755,47071.0,362.54483081241233,5.376344086021504,88,89,5,0,84,89,25776,4,0,0,4,0
2020-06-30,US,Tennessee,Hawkins,51,2,0,36.44355426,-82.94885298,47073.0,89.81086887613144,3.92156862745098,49,49,2,0,47,45,56530,2,0,0,2,4
2020-06-30,US,Tennessee,Haywood,71,2,0,35.58332824,-89.28536625,47075.0,410.3097549699492,2.8169014084507036,69,67,2,0,65,62,17335,4,0,0,4,5
2020-06-30,US,Tennessee,Henderson,32,0,0,35.65581134,-88.38600175,47077.0,113.81015044279262,0.0,32,31,0,0,31,31,27847,1,0,0,1,0
2020-06-30,US,Tennessee,Henry,42,0,0,36.33160906,-88.30121797,47079.0,129.8500541041892,0.0,42,42,0,0,42,40,32358,0,0,0,0,2
2020-06-30,US,Tennessee,Hickman,70,0,0,35.80609681,-87.47643507,47081.0,278.0204940821352,0.0,70,70,0,0,70,69,25063,0,0,0,0,1
2020-06-30,US,Tennessee,Houston,12,0,0,36.28872054,-87.71878828,47083.0,146.32361907084498,0.0,12,12,0,0,12,10,8263,0,0,0,0,2
2020-06-30,US,Tennessee,Humphreys,22,1,0,36.03958805,-87.77992872,47085.0,118.3941448713809,4.545454545454546,21,20,1,0,19,20,18486,2,0,0,2,0
2020-06-30,US,Tennessee,Jackson,26,0,0,36.36380466,-85.67239905,47087.0,220.6007127099949,0.0,26,23,0,0,23,22,11758,3,0,0,3,1
2020-06-30,US,Tennessee,Jefferson,102,0,0,36.04818632,-83.45148924,47089.0,187.17313515001374,0.0,102,99,0,0,99,91,54012,3,0,0,3,8
2020-06-30,US,Tennessee,Johnson,36,0,0,36.45523950000001,-81.84886538,47091.0,202.38362941308748,0.0,36,35,0,0,35,34,17778,1,0,0,1,1
2020-06-30,US,Tennessee,Knox,967,5,0,35.99508821,-83.94635435,47093.0,205.60775483560948,0.5170630816959669,962,947,5,0,942,878,465289,20,0,0,20,69
2020-06-30,US,Tennessee,Lake,690,0,0,36.34180170000001,-89.48921915,47095.0,9834.66362599772,0.0,690,691,0,0,691,691,7411,-1,0,0,-1,0
2020-06-30,US,Tennessee,Lauderdale,119,2,0,35.75893438,-89.63015909999999,47097.0,464.2453087816487,1.680672268907563,117,111,2,0,109,99,25825,8,0,0,8,12
2020-06-30,US,Tennessee,Lawrence,124,5,0,35.21675201,-87.39787695,47099.0,280.9116034615559,4.032258064516129,119,116,4,0,112,113,43734,8,1,0,7,3
2020-06-30,US,Tennessee,Lewis,6,0,0,35.52853208,-87.49022694,47101.0,48.90772742093251,0.0,6,5,0,0,5,5,12086,1,0,0,1,0
2020-06-30,US,Tennessee,Lincoln,56,0,0,35.13738622,-86.58910106,47103.0,162.95175464121516,0.0,56,53,0,0,53,52,34117,3,0,0,3,1
2020-06-30,US,Tennessee,Loudon,261,1,0,35.73939663,-84.31145275,47105.0,482.7254568321373,0.3831417624521073,260,254,1,0,253,248,53054,7,0,0,7,6
2020-06-30,US,Tennessee,Macon,394,3,0,36.53157855,-86.00778595,47111.0,1601.4958133485086,0.7614213197969543,391,361,3,0,358,293,24265,33,0,0,33,68
2020-06-30,US,Tennessee,Madison,247,2,0,35.61181957,-88.84076036,47113.0,252.0819725669497,0.8097165991902834,245,233,2,0,231,228,97605,14,0,0,14,5
2020-06-30,US,Tennessee,Marion,64,4,0,35.12997174,-85.62265895,47115.0,221.39966098176913,6.25,60,61,4,0,57,57,28575,3,0,0,3,4
2020-06-30,US,Tennessee,Marshall,71,1,0,35.45798777,-86.76420988,47117.0,206.54545454545453,1.4084507042253518,70,67,1,0,66,60,33683,4,0,0,4,7
2020-06-30,US,Tennessee,Maury,287,3,0,35.618741299999996,-87.07462444,47119.0,297.7579964103043,1.0452961672473868,284,282,3,0,279,276,94340,5,0,0,5,6
2020-06-30,US,Tennessee,McMinn,210,17,0,35.42812616,-84.61520715,47107.0,390.3781090827973,8.095238095238095,193,212,17,0,195,203,53285,-2,0,0,-2,9
2020-06-30,US,Tennessee,McNairy,58,0,0,35.17468549,-88.5647812,47109.0,225.73363431151242,0.0,58,56,0,0,56,52,25832,2,0,0,2,4
2020-06-30,US,Tennessee,Meigs,32,0,0,35.51558739,-84.81482914,47121.0,257.6074706166479,0.0,32,32,0,0,32,32,12306,0,0,0,0,0
2020-06-30,US,Tennessee,Monroe,132,4,0,35.44550387,-84.24902965,47123.0,283.5965194972607,3.0303030303030303,128,118,4,0,114,118,46357,14,0,0,14,0
2020-06-30,US,Tennessee,Montgomery,479,7,0,36.49609412,-87.38550661,47125.0,229.19427923423274,1.4613778705636744,472,464,7,0,457,438,205950,15,0,0,15,26
2020-06-30,US,Tennessee,Moore,7,0,0,35.27724699,-86.36230578,47127.0,107.89149198520346,0.0,7,6,0,0,6,6,6411,1,0,0,1,0
2020-06-30,US,Tennessee,Morgan,24,1,0,36.13248031,-84.64880098,47129.0,112.1338130168668,4.166666666666667,23,23,1,0,22,23,21579,1,0,0,1,0
2020-06-30,US,Tennessee,Obion,94,2,0,36.35732446,-89.14921589,47131.0,312.61432039642165,2.127659574468085,92,93,2,0,91,87,30267,1,0,0,1,6
2020-06-30,US,Tennessee,Out of TN,952,7,0,0.0,0.0,80047.0,0.0,0.7352941176470589,945,909,7,0,902,766,,43,0,0,43,143
2020-06-30,US,Tennessee,Overton,56,0,0,36.34117832,-85.28989535,47133.0,251.78723978238392,0.0,56,55,0,0,55,51,22068,1,0,0,1,4
2020-06-30,US,Tennessee,Perry,31,0,0,35.63708728,-87.86139634,47135.0,383.85339276869735,0.0,31,30,0,0,30,29,8064,1,0,0,1,1
2020-06-30,US,Tennessee,Pickett,6,0,0,36.55606529,-85.07763299999998,47137.0,118.85895404120443,0.0,6,6,0,0,6,6,5082,0,0,0,0,0
2020-06-30,US,Tennessee,Polk,41,0,0,35.12245443,-84.52075859,47139.0,243.5836501901141,0.0,41,41,0,0,41,38,16898,0,0,0,0,3
2020-06-30,US,Tennessee,Putnam,783,7,0,36.14005459,-85.50646123,47141.0,975.7617297027851,0.8939974457215837,776,773,7,0,766,735,78843,10,0,0,10,38
2020-06-30,US,Tennessee,Rhea,269,0,0,35.60536161,-84.93076643,47143.0,811.047125154521,0.0,269,266,0,0,266,262,33044,3,0,0,3,4
2020-06-30,US,Tennessee,Roane,44,0,0,35.84923189,-84.52458689,47145.0,82.42478738151436,0.0,44,43,0,0,43,43,53140,1,0,0,1,0
2020-06-30,US,Tennessee,Robertson,776,11,0,36.52454807,-86.87346725,47147.0,1080.584295322574,1.4175257731958764,765,768,11,0,757,751,71012,8,0,0,8,17
2020-06-30,US,Tennessee,Rutherford,2528,34,0,35.84591405,-86.4107263,47149.0,760.7926930195465,1.3449367088607596,2494,2450,34,0,2416,2362,324890,78,0,0,78,88
2020-06-30,US,Tennessee,Scott,14,0,0,36.42325673,-84.50360494,47151.0,63.44027551205365,0.0,14,14,0,0,14,14,22039,0,0,0,0,0
2020-06-30,US,Tennessee,Sequatchie,24,0,0,35.36979721,-85.41022136,47153.0,159.72314654598696,0.0,24,24,0,0,24,24,14876,0,0,0,0,0
2020-06-30,US,Tennessee,Sevier,608,3,0,35.78077323,-83.52244332,47155.0,618.8295165394402,0.4934210526315789,605,588,3,0,585,549,97892,20,0,0,20,39
2020-06-30,US,Tennessee,Shelby,10028,192,0,35.1864775,-89.89692423,47157.0,1070.0345509760277,1.9146390107698443,9836,9671,186,0,9485,9139,935764,357,6,0,351,532
2020-06-30,US,Tennessee,Smith,90,1,0,36.25359775,-85.95411046,47159.0,446.4950141390088,1.1111111111111112,89,79,1,0,78,67,19942,11,0,0,11,12
2020-06-30,US,Tennessee,Stewart,21,0,0,36.50235092,-87.83920548,47161.0,153.11702515493985,0.0,21,20,0,0,20,19,13561,1,0,0,1,1
2020-06-30,US,Tennessee,Sullivan,89,2,0,36.51240691,-82.30412917,47163.0,56.20531992825928,2.247191011235955,87,87,2,0,85,83,157668,2,0,0,2,4
2020-06-30,US,Tennessee,Sumner,1417,52,0,36.46824103,-86.45917204,47165.0,740.7872105728163,3.669724770642202,1365,1371,51,0,1320,1318,187149,46,1,0,45,53
2020-06-30,US,Tennessee,Tipton,607,4,0,35.501942,-89.73694895,47167.0,985.4056072338836,0.6589785831960461,603,605,4,0,601,593,61581,2,0,0,2,12
2020-06-30,US,Tennessee,Trousdale,1485,5,0,36.39026213,-86.16087954,47169.0,13160.226869904287,0.3367003367003367,1480,1482,5,0,1477,1476,11012,3,0,0,3,6
2020-06-30,US,Tennessee,Unassigned,369,0,0,0.0,0.0,90047.0,0.0,0.0,369,385,0,0,385,246,,-16,0,0,-16,139
2020-06-30,US,Tennessee,Unicoi,54,0,0,36.10890856,-82.43709629,47171.0,301.9627579265224,0.0,54,53,0,0,53,53,17761,1,0,0,1,0
2020-06-30,US,Tennessee,Union,12,0,0,36.28590426,-83.83651902,47173.0,60.084117764870825,0.0,12,12,0,0,12,11,19688,0,0,0,0,1
2020-06-30,US,Tennessee,Van Buren,7,0,0,35.69864497,-85.45221699,47175.0,119.20980926430519,0.0,7,7,0,0,7,6,5765,0,0,0,0,1
2020-06-30,US,Tennessee,Warren,62,0,0,35.672829899999996,-85.77969117,47177.0,150.20471448990963,0.0,62,58,0,0,58,55,40878,4,0,0,4,3
2020-06-30,US,Tennessee,Washington,131,0,0,36.29472368,-82.49454720000001,47179.0,101.256038647343,0.0,131,128,0,0,128,121,128607,3,0,0,3,7
2020-06-30,US,Tennessee,Wayne,77,0,0,35.23868267,-87.78644456,47181.0,461.8245066874588,0.0,77,75,0,0,75,74,16558,2,0,0,2,1
2020-06-30,US,Tennessee,Weakley,60,1,0,36.29896232,-88.71990865,47183.0,180.0288046087374,1.6666666666666667,59,56,1,0,55,49,33415,4,0,0,4,7
2020-06-30,US,Tennessee,White,63,3,0,35.92929884,-85.45591799,47185.0,230.3894679100384,4.761904761904762,60,63,3,0,60,61,27107,0,0,0,0,2
2020-06-30,US,Tennessee,Williamson,1013,14,0,35.89099229,-86.89281867,47187.0,424.89472006442634,1.3820335636722607,999,1001,14,0,987,945,231729,12,0,0,12,56
2020-06-30,US,Tennessee,Wilson,779,17,0,36.15496772,-86.29775884,47189.0,538.5152464104744,2.1822849807445444,762,762,17,0,745,725,140625,17,0,0,17,37
2020-06-30,US,Texas,Anderson,1032,2,0,31.81534745,-95.65354823,48001.0,1787.4772668225512,0.1937984496124031,1030,1016,2,0,1014,1016,58057,16,0,0,16,0
2020-06-30,US,Texas,Andrews,75,0,0,32.30468633,-102.63765479999999,48003.0,400.962309542903,0.0,75,73,0,0,73,73,18128,2,0,0,2,0
2020-06-30,US,Texas,Angelina,476,6,0,31.25457347,-94.60901487,48005.0,548.924638182552,1.2605042016806722,470,464,6,0,458,464,87092,12,0,0,12,0
2020-06-30,US,Texas,Aransas,23,0,0,28.10556197,-96.9995047,48007.0,97.83071033602722,0.0,23,20,0,0,20,17,23792,3,0,0,3,3
2020-06-30,US,Texas,Archer,7,0,0,33.61569967,-98.68754589,48009.0,81.84262831754941,0.0,7,6,0,0,6,6,8786,1,0,0,1,0
2020-06-30,US,Texas,Armstrong,3,0,0,34.96507426,-101.35748740000001,48011.0,158.9825119236884,0.0,3,3,0,0,3,3,1892,0,0,0,0,0
2020-06-30,US,Texas,Atascosa,106,2,0,28.89333001,-98.52730485,48013.0,207.22147283639282,1.8867924528301887,104,90,2,0,88,90,50310,16,0,0,16,0
2020-06-30,US,Texas,Austin,71,0,0,29.88548725,-96.27736949,48015.0,236.41449120937668,0.0,71,69,0,0,69,67,29989,2,0,0,2,2
2020-06-30,US,Texas,Bailey,94,1,0,34.06854817,-102.8299707,48017.0,1342.857142857143,1.0638297872340423,93,93,1,0,92,93,7027,1,0,0,1,0
2020-06-30,US,Texas,Bandera,16,0,0,29.74619598,-99.24598147,48019.0,69.22810661128418,0.0,16,16,0,0,16,16,22824,0,0,0,0,0
2020-06-30,US,Texas,Bastrop,442,6,0,30.10370699,-97.31206354,48021.0,498.1797279172255,1.3574660633484164,436,439,6,0,433,417,86976,3,0,0,3,22
2020-06-30,US,Texas,Baylor,1,0,0,33.61640794,-99.21352901,48023.0,28.498147620404676,0.0,1,1,0,0,1,1,3582,0,0,0,0,0
2020-06-30,US,Texas,Bee,46,0,0,28.41761668,-97.74215593,48025.0,141.25594963918317,0.0,46,46,0,0,46,43,32587,0,0,0,0,3
2020-06-30,US,Texas,Bell,1187,13,0,31.03736027,-97.4785025,48027.0,327.0657217489061,1.0951979780960404,1174,1128,12,0,1116,1128,355642,59,1,0,58,0
2020-06-30,US,Texas,Bexar,10797,109,0,29.44928723,-98.52019748,48029.0,538.8923882261222,1.0095396869500788,10688,10797,109,0,10688,10147,1986049,0,0,0,0,650
2020-06-30,US,Texas,Blanco,27,1,0,30.26640707,-98.3999852,48031.0,226.3012320844858,3.703703703703704,26,27,1,0,26,26,11702,0,0,0,0,1
2020-06-30,US,Texas,Bosque,13,0,0,31.89978581,-97.63613524,48035.0,69.57452502006957,0.0,13,13,0,0,13,10,18691,0,0,0,0,3
2020-06-30,US,Texas,Bowie,427,13,0,33.44626922,-94.41834132,48037.0,457.9334012547589,3.0444964871194378,414,430,13,0,417,418,94324,-3,0,0,-3,12
2020-06-30,US,Texas,Brazoria,2269,21,0,29.18757369,-95.44563172,48039.0,606.2565461813052,0.9255178492728074,2248,2217,21,0,2196,2161,370200,52,0,0,52,56
2020-06-30,US,Texas,Brazos,1943,29,0,30.663644800000004,-96.30205577,48041.0,847.6905558633748,1.492537313432836,1914,1822,29,0,1793,1720,226758,121,0,0,121,102
2020-06-30,US,Texas,Brewster,130,1,0,29.81008251,-103.25203259999999,48043.0,1412.5828534173638,0.7692307692307693,129,85,0,0,85,85,9267,45,1,0,44,0
2020-06-30,US,Texas,Briscoe,2,0,0,34.53026962,-101.2084947,48045.0,129.36610608020698,0.0,2,2,0,0,2,2,1516,0,0,0,0,0
2020-06-30,US,Texas,Brooks,3,0,0,27.03103197,-98.21808402,48047.0,42.295220640067676,0.0,3,3,0,0,3,3,7114,0,0,0,0,0
2020-06-30,US,Texas,Brown,77,10,0,31.77430356,-98.99907113,48049.0,203.35939150644413,12.987012987012987,67,73,10,0,63,68,37924,4,0,0,4,5
2020-06-30,US,Texas,Burleson,76,0,0,30.49273808,-96.62158484,48051.0,412.0804641327333,0.0,76,76,0,0,76,74,18389,0,0,0,0,2
2020-06-30,US,Texas,Burnet,129,3,0,30.78801353,-98.181887,48053.0,267.88495483335066,2.3255813953488373,126,129,3,0,126,117,47542,0,0,0,0,12
2020-06-30,US,Texas,Caldwell,336,2,0,29.83668859,-97.61814775,48055.0,769.512641993404,0.5952380952380952,334,332,2,0,330,307,43247,4,0,0,4,25
2020-06-30,US,Texas,Calhoun,74,3,0,28.47048236,-96.61633945,48057.0,347.58102395490835,4.0540540540540535,71,72,3,0,69,72,21561,2,0,0,2,0
2020-06-30,US,Texas,Callahan,16,2,0,32.29760619,-99.37326312,48059.0,114.75292261349782,12.5,14,16,2,0,14,16,13994,0,0,0,0,0
2020-06-30,US,Texas,Cameron,2296,55,0,26.14524221,-97.48140372,48061.0,542.5805186181211,2.3954703832752613,2241,2183,55,0,2128,2183,423908,113,0,0,113,0
2020-06-30,US,Texas,Camp,117,1,0,32.97195142,-94.97790104,48063.0,893.5390255078662,0.8547008547008547,116,117,1,0,116,117,13033,0,0,0,0,0
2020-06-30,US,Texas,Carson,6,0,0,35.40365929,-101.35426690000001,48065.0,101.24873439082012,0.0,6,6,0,0,6,6,6005,0,0,0,0,0
2020-06-30,US,Texas,Cass,38,2,0,33.07499881,-94.34646905,48067.0,126.55698394724571,5.2631578947368425,36,38,2,0,36,37,30119,0,0,0,0,1
2020-06-30,US,Texas,Castro,75,1,0,34.53016752,-102.2617243,48069.0,996.01593625498,1.3333333333333333,74,74,1,0,73,74,7665,1,0,0,1,0
2020-06-30,US,Texas,Chambers,288,2,0,29.70972016,-94.67154501,48071.0,656.9792640919771,0.6944444444444444,286,272,2,0,270,272,42454,16,0,0,16,0
2020-06-30,US,Texas,Cherokee,148,2,0,31.837258000000002,-95.16559897,48073.0,281.1229723055883,1.351351351351351,146,130,2,0,128,105,52592,18,0,0,18,25
2020-06-30,US,Texas,Childress,7,0,0,34.529304100000004,-100.2077916,48075.0,95.81166164796059,0.0,7,7,0,0,7,7,7291,0,0,0,0,0
2020-06-30,US,Texas,Clay,7,0,0,33.78686685,-98.20771198,48077.0,66.85130360042021,0.0,7,6,0,0,6,6,10456,1,0,0,1,0
2020-06-30,US,Texas,Cochran,1,0,0,33.60425307,-102.82844990000001,48079.0,35.05082369435681,0.0,1,1,0,0,1,1,2836,0,0,0,0,0
2020-06-30,US,Texas,Coke,5,1,0,31.88911733,-100.5297533,48081.0,147.62326542663124,20.0,4,5,1,0,4,5,3370,0,0,0,0,0
2020-06-30,US,Texas,Coleman,3,0,0,31.76736834,-99.45240766,48083.0,36.697247706422026,0.0,3,3,0,0,3,3,8397,0,0,0,0,0
2020-06-30,US,Texas,Collin,2882,42,0,33.18820114,-96.57264368,48085.0,278.52676543639404,1.4573213046495492,2840,2763,42,0,2721,2671,1005146,119,0,0,119,92
2020-06-30,US,Texas,Collingsworth,6,0,0,34.96489496,-100.27001109999999,48087.0,205.4794520547945,0.0,6,6,0,0,6,6,2962,0,0,0,0,0
2020-06-30,US,Texas,Colorado,87,0,0,29.622097999999998,-96.5273805,48089.0,404.7829525892151,0.0,87,87,0,0,87,87,21217,0,0,0,0,0
2020-06-30,US,Texas,Comal,470,7,0,29.80811278,-98.27647225,48091.0,300.87895063664706,1.4893617021276595,463,470,7,0,463,470,148373,0,0,0,0,0
2020-06-30,US,Texas,Comanche,23,1,0,31.94854689,-98.55876441,48093.0,168.68353502016868,4.3478260869565215,22,23,1,0,22,20,13534,0,0,0,0,3
2020-06-30,US,Texas,Concho,9,0,0,31.32635934,-99.86473038,48095.0,330.1540719002201,0.0,9,7,0,0,7,7,4276,2,0,0,2,0
2020-06-30,US,Texas,Cooke,43,0,0,33.63979567,-97.21240912,48097.0,104.22473762028262,0.0,43,35,0,0,35,35,40574,8,0,0,8,0
2020-06-30,US,Texas,Coryell,331,2,0,31.39078397,-97.79936155,48099.0,435.8072968097852,0.6042296072507553,329,330,2,0,328,327,74808,1,0,0,1,3
2020-06-30,US,Texas,Cottle,4,1,0,34.07783319,-100.27850620000001,48101.0,286.12303290414883,25.0,3,4,1,0,3,4,1389,0,0,0,0,0
2020-06-30,US,Texas,Crane,54,8,0,31.43052248,-102.5143314,48103.0,1125.703564727955,14.814814814814815,46,50,8,0,42,50,4794,4,0,0,4,0
2020-06-30,US,Texas,Crockett,9,0,0,30.72367027,-101.4134238,48105.0,259.8152424942263,0.0,9,8,0,0,8,7,3499,1,0,0,1,1
2020-06-30,US,Texas,Crosby,21,1,0,33.61431553,-101.30003640000001,48107.0,366.0449712393237,4.761904761904762,20,15,1,0,14,15,5779,6,0,0,6,0
2020-06-30,US,Texas,Culberson,3,0,0,31.44506775,-104.5185739,48109.0,138.18516812528787,0.0,3,3,0,0,3,3,2204,0,0,0,0,0
2020-06-30,US,Texas,Dallam,83,1,0,36.27787176,-102.60207249999999,48111.0,1139.0146836832714,1.2048192771084338,82,84,1,0,83,84,7200,-1,0,0,-1,0
2020-06-30,US,Texas,Dallas,21338,373,0,32.76670599,-96.77796049999999,48113.0,809.6327246732707,1.7480551129440436,20965,20737,353,0,20384,19595,2637772,601,20,0,581,1142
2020-06-30,US,Texas,Dawson,52,1,0,32.74255572,-101.94772420000001,48115.0,408.5480829666876,1.9230769230769231,51,45,1,0,44,45,12619,7,0,0,7,0
2020-06-30,US,Texas,DeWitt,56,1,0,29.08101855,-97.35681170000001,48123.0,277.77777777777777,1.7857142857142858,55,56,1,0,55,56,20187,0,0,0,0,0
2020-06-30,US,Texas,Deaf Smith,292,16,0,34.96522957,-102.6054267,48117.0,1574.4634961716813,5.479452054794519,276,287,16,0,271,287,18760,5,0,0,5,0
2020-06-30,US,Texas,Delta,6,0,0,33.38570922,-95.66921122,48119.0,112.54924029262804,0.0,6,6,0,0,6,5,5349,0,0,0,0,1
2020-06-30,US,Texas,Denton,2740,37,0,33.20521901,-97.11691153,48121.0,308.83435320054963,1.3503649635036497,2703,2670,37,0,2633,2630,859064,70,0,0,70,40
2020-06-30,US,Texas,Dickens,2,0,0,33.61616822,-100.7788855,48125.0,90.45680687471732,0.0,2,2,0,0,2,2,2249,0,0,0,0,0
2020-06-30,US,Texas,Dimmit,13,0,0,28.42270064,-99.75645095,48127.0,128.40774397471355,0.0,13,11,0,0,11,11,10308,2,0,0,2,0
2020-06-30,US,Texas,Donley,27,0,0,34.96517499,-100.8140093,48129.0,823.672971323978,0.0,27,27,0,0,27,27,3319,0,0,0,0,0
2020-06-30,US,Texas,Duval,41,0,0,27.68184592,-98.50864568,48131.0,367.48229810881065,0.0,41,20,0,0,20,15,11212,21,0,0,21,5
2020-06-30,US,Texas,Eastland,10,0,0,32.32743996,-98.83243566,48133.0,54.46623093681917,0.0,10,9,0,0,9,9,18322,1,0,0,1,0
2020-06-30,US,Texas,Ector,558,7,0,31.86898877,-102.54294279999999,48135.0,335.6936164068751,1.254480286738351,551,506,7,0,499,506,162124,52,0,0,52,0
2020-06-30,US,Texas,Edwards,2,0,0,29.98202582,-100.304252,48137.0,103.51966873706004,0.0,2,2,0,0,2,2,1928,0,0,0,0,0
2020-06-30,US,Texas,El Paso,5928,130,0,31.76980765,-106.23632749999999,48141.0,706.3550506530925,2.1929824561403506,5798,5745,128,0,5617,5614,840758,183,2,0,181,131
2020-06-30,US,Texas,Ellis,820,19,0,32.34894117,-96.79371841,48139.0,443.66052395225785,2.3170731707317067,801,711,19,0,692,711,179436,109,0,0,109,0
2020-06-30,US,Texas,Erath,149,1,0,32.23602653,-98.21773417,48143.0,348.9624806782519,0.6711409395973155,148,142,1,0,141,120,42446,7,0,0,7,22
2020-06-30,US,Texas,Falls,29,0,0,31.25350609,-96.93630086,48145.0,167.6591316413251,0.0,29,28,0,0,28,26,17335,1,0,0,1,2
2020-06-30,US,Texas,Fannin,88,7,0,33.59564294,-96.10751083,48147.0,247.78960409979163,7.954545454545454,81,82,7,0,75,82,35286,6,0,0,6,0
2020-06-30,US,Texas,Fayette,86,2,0,29.87788372,-96.92076062,48149.0,339.3040321944291,2.3255813953488373,84,86,2,0,84,80,25349,0,0,0,0,6
2020-06-30,US,Texas,Fisher,5,1,0,32.74281316,-100.40193020000001,48151.0,130.54830287206266,20.0,4,5,1,0,4,5,3839,0,0,0,0,0
2020-06-30,US,Texas,Floyd,28,1,0,34.07227468,-101.3031546,48153.0,490.19607843137254,3.571428571428572,27,22,1,0,21,22,5837,6,0,0,6,0
2020-06-30,US,Texas,Fort Bend,3722,53,0,29.52704478,-95.77219463,48157.0,458.55057608342116,1.4239656098871574,3669,3716,53,0,3663,3716,787858,6,0,0,6,0
2020-06-30,US,Texas,Franklin,41,0,0,33.17653242,-95.21917243,48159.0,382.28438228438233,0.0,41,41,0,0,41,41,10766,0,0,0,0,0
2020-06-30,US,Texas,Freestone,28,0,0,31.70422788,-96.15072516,48161.0,142.00943348379568,0.0,28,28,0,0,28,20,19808,0,0,0,0,8
2020-06-30,US,Texas,Frio,192,0,0,28.86751206,-99.10804207,48163.0,945.533339899537,0.0,192,178,0,0,178,178,19816,14,0,0,14,0
2020-06-30,US,Texas,Gaines,16,0,0,32.74055318,-102.6353295,48165.0,74.44630560208451,0.0,16,15,0,0,15,15,20901,1,0,0,1,0
2020-06-30,US,Texas,Galveston,3293,40,0,29.40167322,-94.90469073,48167.0,962.4743159943764,1.2146978439113272,3253,2923,40,0,2883,2821,337890,370,0,0,370,102
2020-06-30,US,Texas,Garza,12,0,0,33.17969345,-101.2984114,48169.0,192.6472949109006,0.0,12,12,0,0,12,12,6578,0,0,0,0,0
2020-06-30,US,Texas,Gillespie,42,0,0,30.31824095,-98.94676915,48171.0,155.62472209871055,0.0,42,33,0,0,33,33,26804,9,0,0,9,0
2020-06-30,US,Texas,Glasscock,5,0,0,31.86942909,-101.5207776,48173.0,354.86160397445,0.0,5,5,0,0,5,5,1388,0,0,0,0,0
2020-06-30,US,Texas,Goliad,14,0,0,28.65696592,-97.42760647,48175.0,182.81535648994515,0.0,14,12,0,0,12,12,7584,2,0,0,2,0
2020-06-30,US,Texas,Gonzales,260,4,0,29.45634206,-97.49424032,48177.0,1247.7803906512456,1.5384615384615383,256,248,4,0,244,248,20826,12,0,0,12,0
2020-06-30,US,Texas,Gray,114,4,0,35.40081878,-100.8129222,48179.0,520.8809284474092,3.5087719298245608,110,114,4,0,110,114,21895,0,0,0,0,0
2020-06-30,US,Texas,Grayson,572,5,0,33.62744998,-96.67753461,48181.0,419.93363286641403,0.8741258741258742,567,566,5,0,561,563,133991,6,0,0,6,3
2020-06-30,US,Texas,Gregg,355,13,0,32.47940482,-94.81591935,48183.0,286.41736253983623,3.661971830985916,342,339,13,0,326,339,123707,16,0,0,16,0
2020-06-30,US,Texas,Grimes,513,2,0,30.54579585,-95.98902499,48185.0,1776.3157894736844,0.3898635477582846,511,355,2,0,353,344,28360,158,0,0,158,11
2020-06-30,US,Texas,Guadalupe,698,1,0,29.58165339,-97.94786822,48187.0,418.34734816928085,0.14326647564469913,697,638,1,0,637,638,163694,60,0,0,60,0
2020-06-30,US,Texas,Hale,285,7,0,34.07044901,-101.82681140000001,48189.0,853.1401544632699,2.456140350877193,278,235,7,0,228,235,33830,50,0,0,50,0
2020-06-30,US,Texas,Hall,2,1,0,34.5307555,-100.68138520000001,48191.0,67.47638326585695,50.0,1,2,1,0,1,2,3028,0,0,0,0,0
2020-06-30,US,Texas,Hamilton,20,1,0,31.70470573,-98.11083887,48193.0,236.37867864318642,5.0,19,20,1,0,19,19,8484,0,0,0,0,1
2020-06-30,US,Texas,Hansford,28,2,0,36.27743284,-101.3545796,48195.0,518.614558251528,7.142857142857142,26,28,2,0,26,28,5463,0,0,0,0,0
2020-06-30,US,Texas,Hardeman,5,0,0,34.28944521,-99.74632408,48197.0,127.12941774726671,0.0,5,4,0,0,4,4,3922,1,0,0,1,0
2020-06-30,US,Texas,Hardin,232,5,0,30.33364686,-94.38931817,48199.0,402.7637929238568,2.155172413793104,227,217,5,0,212,217,57207,15,0,0,15,0
2020-06-30,US,Texas,Harris,31422,378,0,29.86,-95.39,48201.0,666.6631305925223,1.202978804659156,31044,30729,376,0,30353,29276,4698619,693,2,0,691,1453
2020-06-30,US,Texas,Harrison,308,30,0,32.54935988,-94.36934071,48203.0,462.78905533935364,9.74025974025974,278,289,30,0,259,288,66726,19,0,0,19,1
2020-06-30,US,Texas,Hartley,26,2,0,35.84008013,-102.6029022,48205.0,466.28407460545196,7.6923076923076925,24,22,2,0,20,22,5619,4,0,0,4,0
2020-06-30,US,Texas,Haskell,5,0,0,33.17823584,-99.73037358,48207.0,88.37044892188051,0.0,5,4,0,0,4,4,5813,1,0,0,1,0
2020-06-30,US,Texas,Hays,2661,6,0,30.05669873,-98.02944344,48209.0,1155.9965420020765,0.2254791431792559,2655,2586,6,0,2580,2469,222631,75,0,0,75,117
2020-06-30,US,Texas,Hemphill,7,0,0,35.83764858,-100.2703577,48211.0,183.29405603561142,0.0,7,7,0,0,7,7,3825,0,0,0,0,0
2020-06-30,US,Texas,Henderson,128,4,0,32.21128872,-95.85846587,48213.0,154.70708389233351,3.125,124,117,4,0,113,117,82299,11,0,0,11,0
2020-06-30,US,Texas,Hidalgo,3542,32,0,26.39418217,-98.18299696,48215.0,407.7324115035334,0.9034443817052512,3510,3294,32,0,3262,2892,865939,248,0,0,248,402
2020-06-30,US,Texas,Hill,66,1,0,31.99045053,-97.13423143,48217.0,180.0867690796475,1.5151515151515151,65,66,1,0,65,59,36354,0,0,0,0,7
2020-06-30,US,Texas,Hockley,38,1,0,33.60771256,-102.3431676,48219.0,165.06667825029322,2.631578947368421,37,36,1,0,35,36,22980,2,0,0,2,0
2020-06-30,US,Texas,Hood,61,4,0,32.42990927,-97.83242024,48221.0,98.95689697127007,6.557377049180328,57,57,4,0,53,57,60537,4,0,0,4,0
2020-06-30,US,Texas,Hopkins,56,1,0,33.14875072,-95.56351139,48223.0,151.0085211951246,1.7857142857142858,55,54,1,0,53,54,36810,2,0,0,2,0
2020-06-30,US,Texas,Houston,160,0,0,31.31925973,-95.42226208,48225.0,696.6213862765587,0.0,160,160,0,0,160,160,23169,0,0,0,0,0
2020-06-30,US,Texas,Howard,40,1,0,32.30621324,-101.4356444,48227.0,109.09884355225834,2.5,39,34,1,0,33,34,36459,6,0,0,6,0
2020-06-30,US,Texas,Hudspeth,15,0,0,31.45628381,-105.388178,48229.0,306.99959066721243,0.0,15,15,0,0,15,15,4795,0,0,0,0,0
2020-06-30,US,Texas,Hunt,392,6,0,33.12351514,-96.08551032,48231.0,397.590117045662,1.5306122448979589,386,392,6,0,386,392,96493,0,0,0,0,0
2020-06-30,US,Texas,Hutchinson,62,0,0,35.84006574,-101.3546643,48233.0,296.11233164581137,0.0,62,57,0,0,57,57,21198,5,0,0,5,0
2020-06-30,US,Texas,Irion,2,0,0,31.30375559,-100.982439,48235.0,130.20833333333334,0.0,2,2,0,0,2,2,1522,0,0,0,0,0
2020-06-30,US,Texas,Jack,9,0,0,33.23377248,-98.17283469,48237.0,100.72747621712368,0.0,9,7,0,0,7,7,8843,2,0,0,2,0
2020-06-30,US,Texas,Jackson,41,1,0,28.95472367,-96.57749563,48239.0,277.77777777777777,2.4390243902439024,40,40,1,0,39,40,14874,1,0,0,1,0
2020-06-30,US,Texas,Jasper,51,1,0,30.74685667,-94.02667579,48241.0,143.54470995524784,1.96078431372549,50,51,1,0,50,51,35872,0,0,0,0,0
2020-06-30,US,Texas,Jeff Davis,4,0,0,30.71490589,-104.1399973,48243.0,175.9014951627089,0.0,4,1,0,0,1,1,2252,3,0,0,3,0
2020-06-30,US,Texas,Jefferson,1787,33,0,29.8832777,-94.16434171,48245.0,710.3531890366307,1.846670397313934,1754,1638,32,0,1606,1631,255001,149,1,0,148,7
2020-06-30,US,Texas,Jim Hogg,15,0,0,27.04453923,-98.69681870000001,48247.0,288.46153846153845,0.0,15,14,0,0,14,13,5248,1,0,0,1,1
2020-06-30,US,Texas,Jim Wells,142,0,0,27.73103938,-98.0904705,48249.0,350.7731831431253,0.0,142,124,0,0,124,105,40822,18,0,0,18,19
2020-06-30,US,Texas,Johnson,436,4,0,32.37877812,-97.36615819,48251.0,247.98512089274644,0.9174311926605504,432,372,4,0,368,372,171361,64,0,0,64,0
2020-06-30,US,Texas,Jones,611,0,0,32.73997145,-99.87861576,48253.0,3042.374147288752,0.0,611,607,0,0,607,607,19817,4,0,0,4,0
2020-06-30,US,Texas,Karnes,29,0,0,28.90705334,-97.85960149,48255.0,185.88552015896417,0.0,29,21,0,0,21,21,15650,8,0,0,8,0
2020-06-30,US,Texas,Kaufman,586,4,0,32.599141700000004,-96.28734728,48257.0,430.39499390396173,0.6825938566552902,582,518,4,0,514,518,128622,68,0,0,68,0
2020-06-30,US,Texas,Kendall,66,0,0,29.94414155,-98.7113588,48259.0,139.14950138095338,0.0,66,61,0,0,61,61,45641,5,0,0,5,0
2020-06-30,US,Texas,Kerr,77,1,0,30.06040006,-99.34930144,48265.0,146.38783269961976,1.2987012987012987,76,72,1,0,71,72,52405,5,0,0,5,0
2020-06-30,US,Texas,Kimble,5,0,0,30.48678918,-99.74856473,48267.0,115.28706479133041,0.0,5,4,0,0,4,1,4362,1,0,0,1,3
2020-06-30,US,Texas,Kinney,2,0,0,29.34967888,-100.41866379999999,48271.0,54.5404963185165,0.0,2,2,0,0,2,2,3767,0,0,0,0,0
2020-06-30,US,Texas,Kleberg,66,1,0,27.42435506,-97.69894948,48273.0,215.1238591916558,1.5151515151515151,65,59,1,0,58,52,31129,7,0,0,7,7
2020-06-30,US,Texas,Knox,3,0,0,33.60519951,-99.74229059999999,48275.0,81.87772925764193,0.0,3,1,0,0,1,1,3653,2,0,0,2,0
2020-06-30,US,Texas,La Salle,13,0,0,28.34453111,-99.09908775,48283.0,172.87234042553192,0.0,13,10,0,0,10,10,7531,3,0,0,3,0
2020-06-30,US,Texas,Lamar,283,13,0,33.66981763,-95.57404777,48277.0,567.6006337872801,4.593639575971731,270,265,13,0,252,265,49728,18,0,0,18,0
2020-06-30,US,Texas,Lamb,37,0,0,34.06859623,-102.35162890000001,48279.0,286.97742961296825,0.0,37,36,0,0,36,36,13158,1,0,0,1,0
2020-06-30,US,Texas,Lampasas,20,0,0,31.19531316,-98.24206613,48281.0,93.33582228859436,0.0,20,20,0,0,20,19,21229,0,0,0,0,1
2020-06-30,US,Texas,Lavaca,131,1,0,29.38508402,-96.93186692,48285.0,649.9950382058153,0.7633587786259542,130,123,1,0,122,123,20110,8,0,0,8,0
2020-06-30,US,Texas,Lee,59,3,0,30.31120597,-96.97045773,48287.0,342.24723011775626,5.084745762711863,56,58,3,0,55,56,17144,1,0,0,1,2
2020-06-30,US,Texas,Leon,27,0,0,31.29872538,-95.9936328,48289.0,155.13675017237418,0.0,27,27,0,0,27,20,17270,0,0,0,0,7
2020-06-30,US,Texas,Liberty,314,3,0,30.15152688,-94.81205615,48291.0,355.93239551570525,0.9554140127388536,311,287,3,0,284,275,86323,27,0,0,27,12
2020-06-30,US,Texas,Limestone,49,1,0,31.5454767,-96.58095444,48293.0,209.07112685070615,2.0408163265306123,48,47,1,0,46,45,23519,2,0,0,2,2
2020-06-30,US,Texas,Lipscomb,9,0,0,36.27783108,-100.27331509999999,48295.0,278.3792143519951,0.0,9,9,0,0,9,9,3355,0,0,0,0,0
2020-06-30,US,Texas,Live Oak,31,0,0,28.35101362,-98.1246786,48297.0,253.9526501187843,0.0,31,21,0,0,21,21,12166,10,0,0,10,0
2020-06-30,US,Texas,Llano,10,0,0,30.70645047,-98.68475262,48299.0,45.88208304657032,0.0,10,9,0,0,9,8,21646,1,0,0,1,1
2020-06-30,US,Texas,Lubbock,2095,51,0,33.61008596,-101.82047890000001,48303.0,674.5682923923507,2.4343675417661097,2044,2041,51,0,1990,1984,307412,54,0,0,54,57
2020-06-30,US,Texas,Lynn,33,1,0,33.17657705,-101.8162849,48305.0,554.52865064695,3.0303030303030303,32,28,1,0,27,28,5877,5,0,0,5,0
2020-06-30,US,Texas,Madison,30,0,0,30.96694679,-95.93003775,48313.0,210.02520302436287,0.0,30,29,0,0,29,30,14422,1,0,0,1,-1
2020-06-30,US,Texas,Marion,26,1,0,32.79868409,-94.35661230000001,48315.0,263.8522427440633,3.8461538461538463,25,26,1,0,25,26,9928,0,0,0,0,0
2020-06-30,US,Texas,Martin,16,1,0,32.30600051,-101.9513518,48317.0,277.24831051810776,6.25,15,14,1,0,13,11,5753,2,0,0,2,3
2020-06-30,US,Texas,Mason,33,0,0,30.71780434,-99.22629416,48319.0,772.1104351895182,0.0,33,33,0,0,33,33,4280,0,0,0,0,0
2020-06-30,US,Texas,Matagorda,172,5,0,28.81955746,-96.01230294,48321.0,469.3938815053353,2.9069767441860463,167,158,5,0,153,152,36552,14,0,0,14,6
2020-06-30,US,Texas,Maverick,311,2,0,28.7429195,-100.3157686,48323.0,529.6141139606962,0.6430868167202572,309,311,2,0,309,311,58485,0,0,0,0,0
2020-06-30,US,Texas,McCulloch,12,0,0,31.1925468,-99.34682807,48307.0,150.3006012024048,0.0,12,11,0,0,11,11,7987,1,0,0,1,0
2020-06-30,US,Texas,McLennan,795,8,0,31.55255453,-97.20217694,48309.0,309.79296477712444,1.0062893081761006,787,744,6,0,738,697,254607,51,2,0,49,47
2020-06-30,US,Texas,Medina,255,2,0,29.355730100000002,-99.11030298,48325.0,494.3393300248138,0.7843137254901961,253,254,2,0,252,254,50921,1,0,0,1,0
2020-06-30,US,Texas,Menard,6,0,0,30.88990665,-99.82047940000001,48327.0,280.63610851262865,0.0,6,3,0,0,3,3,2139,3,0,0,3,0
2020-06-30,US,Texas,Midland,651,14,0,31.86904128,-102.03156820000001,48329.0,368.14603691639525,2.150537634408602,637,563,14,0,549,563,172578,88,0,0,88,0
2020-06-30,US,Texas,Milam,83,1,0,30.78581830000001,-96.97718698,48331.0,334.3673206300608,1.2048192771084338,82,80,1,0,79,80,25131,3,0,0,3,0
2020-06-30,US,Texas,Mills,1,0,0,31.49557106,-98.59272068,48333.0,20.521239482864765,0.0,1,1,0,0,1,1,4921,0,0,0,0,0
2020-06-30,US,Texas,Mitchell,5,0,0,32.30623474,-100.9212058,48335.0,58.513750731421894,0.0,5,4,0,0,4,4,8145,1,0,0,1,0
2020-06-30,US,Texas,Montague,18,1,0,33.67521893,-97.72500958,48337.0,90.82652134423252,5.5555555555555545,17,17,1,0,16,17,19596,1,0,0,1,0
2020-06-30,US,Texas,Montgomery,2133,36,0,30.30079133,-95.50572772,48339.0,351.1741201301962,1.6877637130801688,2097,2028,36,0,1992,1952,590925,105,0,0,105,76
2020-06-30,US,Texas,Moore,889,15,0,35.83769242,-101.8930281,48341.0,4245.463228271251,1.687289088863892,874,888,15,0,873,888,21485,1,0,0,1,0
2020-06-30,US,Texas,Morris,38,0,0,33.11304005,-94.73255695,48343.0,306.74846625766867,0.0,38,38,0,0,38,37,12339,0,0,0,0,1
2020-06-30,US,Texas,Motley,1,0,0,34.07408766,-100.77972199999999,48345.0,83.33333333333333,0.0,1,1,0,0,1,1,1234,0,0,0,0,0
2020-06-30,US,Texas,Nacogdoches,397,26,0,31.62017125,-94.61803994,48347.0,608.8583522483283,6.549118387909321,371,381,26,0,355,381,65711,16,0,0,16,0
2020-06-30,US,Texas,Navarro,230,6,0,32.04620681,-96.47428766,48349.0,458.96274419811226,2.608695652173913,224,185,6,0,179,185,49565,45,0,0,45,0
2020-06-30,US,Texas,Newton,12,0,0,30.78548982,-93.74408813,48351.0,88.26774549466715,0.0,12,12,0,0,12,12,13746,0,0,0,0,0
2020-06-30,US,Texas,Nolan,33,0,0,32.30365282,-100.4060208,48353.0,224.27619953785512,0.0,33,33,0,0,33,33,14751,0,0,0,0,0
2020-06-30,US,Texas,Nueces,2394,8,0,27.736286,-97.5433285,48355.0,660.7893037146628,0.3341687552213868,2386,2120,8,0,2112,1727,362265,274,0,0,274,393
2020-06-30,US,Texas,Ochiltree,53,2,0,36.27829105,-100.8158184,48357.0,538.8369255795038,3.7735849056603774,51,53,2,0,51,53,9947,0,0,0,0,0
2020-06-30,US,Texas,Oldham,4,1,0,35.40425596,-102.6027606,48359.0,189.3939393939394,25.0,3,4,1,0,3,4,2131,0,0,0,0,0
2020-06-30,US,Texas,Orange,212,3,0,30.11879481,-93.89412775,48361.0,254.208834956113,1.4150943396226414,209,198,3,0,195,198,83572,14,0,0,14,0
2020-06-30,US,Texas,Palo Pinto,19,2,0,32.75310985,-98.31319001,48363.0,65.0930144917606,10.526315789473683,17,17,2,0,15,17,28875,2,0,0,2,0
2020-06-30,US,Texas,Panola,209,25,0,32.163959600000005,-94.30552481,48365.0,901.0951108045184,11.961722488038278,184,209,25,0,184,209,23148,0,0,0,0,0
2020-06-30,US,Texas,Parker,286,1,0,32.77757172,-97.80500621,48367.0,200.17077506684024,0.34965034965034963,285,255,1,0,254,255,138371,31,0,0,31,0
2020-06-30,US,Texas,Parmer,191,8,0,34.52993409,-102.78446679999999,48369.0,1988.5476314419575,4.18848167539267,183,188,8,0,180,188,9864,3,0,0,3,0
2020-06-30,US,Texas,Pecos,124,0,0,30.78097267,-102.72412609999999,48371.0,783.6693420969475,0.0,124,120,0,0,120,117,15673,4,0,0,4,3
2020-06-30,US,Texas,Polk,113,0,0,30.79472531,-94.82766240000001,48373.0,220.04556695811345,0.0,113,106,0,0,106,106,50031,7,0,0,7,0
2020-06-30,US,Texas,Potter,2873,39,0,35.40133773,-101.893964,48375.0,2446.8764638248945,1.3574660633484164,2834,2858,39,0,2819,2858,119648,15,0,0,15,0
2020-06-30,US,Texas,Presidio,19,0,0,29.99954402,-104.24080790000001,48377.0,283.4128878281623,0.0,19,15,0,0,15,15,6948,4,0,0,4,0
2020-06-30,US,Texas,Rains,12,0,0,32.87109387,-95.79232691,48379.0,95.89260028767781,0.0,12,8,0,0,8,8,12159,4,0,0,4,0
2020-06-30,US,Texas,Randall,844,7,0,34.96585996,-101.8971322,48381.0,612.868792343497,0.8293838862559242,837,825,6,0,819,825,136271,19,1,0,18,0
2020-06-30,US,Texas,Reagan,4,0,0,31.36607041,-101.52326590000001,48383.0,103.92309690828787,0.0,4,2,0,0,2,2,3741,2,0,0,2,0
2020-06-30,US,Texas,Real,1,0,0,29.83321503,-99.82018052,48385.0,28.968713789107767,0.0,1,1,0,0,1,1,3478,0,0,0,0,0
2020-06-30,US,Texas,Red River,110,10,0,33.61886692,-95.04841765,48387.0,914.9130832570903,9.090909090909092,100,105,10,0,95,105,12175,5,0,0,5,0
2020-06-30,US,Texas,Reeves,29,0,0,31.32323325,-103.69038959999999,48389.0,181.52228342513766,0.0,29,20,0,0,20,19,15695,9,0,0,9,1
2020-06-30,US,Texas,Refugio,12,0,0,28.323897600000002,-97.15766311,48391.0,172.71157167530225,0.0,12,12,0,0,12,10,7032,0,0,0,0,2
2020-06-30,US,Texas,Roberts,3,0,0,35.83809685,-100.813175,48393.0,351.28805620608904,0.0,3,3,0,0,3,3,903,0,0,0,0,0
2020-06-30,US,Texas,Robertson,42,0,0,31.02539637,-96.51272246,48395.0,245.98805200890243,0.0,42,42,0,0,42,35,17284,0,0,0,0,7
2020-06-30,US,Texas,Rockwall,360,16,0,32.89779518,-96.40771592,48397.0,343.13491874374495,4.4444444444444455,344,331,16,0,315,331,100657,29,0,0,29,0
2020-06-30,US,Texas,Runnels,7,0,0,31.8314342,-99.97616148,48399.0,68.19953234606392,0.0,7,5,0,0,5,5,10234,2,0,0,2,0
2020-06-30,US,Texas,Rusk,268,3,0,32.10773545,-94.76176432,48401.0,492.5927287431533,1.1194029850746268,265,266,3,0,263,264,54450,2,0,0,2,2
2020-06-30,US,Texas,Sabine,24,1,0,31.34318809,-93.85440451,48403.0,227.6607854297097,4.166666666666667,23,23,1,0,22,23,10589,1,0,0,1,0
2020-06-30,US,Texas,San Augustine,105,7,0,31.39457611,-94.17000399,48405.0,1274.735947553721,6.666666666666668,98,103,7,0,96,103,8232,2,0,0,2,0
2020-06-30,US,Texas,San Jacinto,33,0,0,30.57933681,-95.16260304,48407.0,114.34907654457882,0.0,33,31,0,0,31,31,28719,2,0,0,2,0
2020-06-30,US,Texas,San Patricio,133,0,0,28.00880118,-97.51763891,48409.0,199.31065487786603,0.0,133,109,0,0,109,109,66893,24,0,0,24,0
2020-06-30,US,Texas,San Saba,4,0,0,31.1577796,-98.81758731,48411.0,66.06110652353426,0.0,4,4,0,0,4,4,6054,0,0,0,0,0
2020-06-30,US,Texas,Schleicher,20,0,0,30.89740592,-100.5384842,48413.0,716.0759040458289,0.0,20,15,0,0,15,14,2895,5,0,0,5,1
2020-06-30,US,Texas,Scurry,32,0,0,32.74613808,-100.91626640000001,48415.0,191.58235047596241,0.0,32,32,0,0,32,32,16866,0,0,0,0,0
2020-06-30,US,Texas,Shackelford,1,0,0,32.73587756,-99.35401337,48417.0,30.627871362940283,0.0,1,1,0,0,1,1,3253,0,0,0,0,0
2020-06-30,US,Texas,Shelby,277,9,0,31.79211404,-94.14550696,48419.0,1095.9879718287568,3.249097472924188,268,275,9,0,266,275,25418,2,0,0,2,0
2020-06-30,US,Texas,Sherman,30,0,0,36.27751473,-101.8933156,48421.0,992.7200529450696,0.0,30,30,0,0,30,30,3079,0,0,0,0,0
2020-06-30,US,Texas,Smith,566,4,0,32.37474036,-95.27175679999999,48423.0,243.17833220909895,0.7067137809187279,562,499,4,0,495,499,230221,67,0,0,67,0
2020-06-30,US,Texas,Somervell,6,0,0,32.22236802,-97.77403489,48425.0,65.73181419807187,0.0,6,5,0,0,5,5,9016,1,0,0,1,0
2020-06-30,US,Texas,Starr,598,3,0,26.56150059,-98.73892358,48427.0,925.2239568022528,0.5016722408026756,595,598,3,0,595,496,64525,0,0,0,0,102
2020-06-30,US,Texas,Stephens,8,0,0,32.73553157,-98.83631615,48429.0,85.41533205210335,0.0,8,7,0,0,7,7,9433,1,0,0,1,0
2020-06-30,US,Texas,Sutton,5,0,0,30.49856623,-100.5382014,48435.0,132.41525423728814,0.0,5,4,0,0,4,3,3758,1,0,0,1,1
2020-06-30,US,Texas,Swisher,31,1,0,34.53028891,-101.73491740000001,48437.0,419.08881979180745,3.2258064516129035,30,31,1,0,30,31,7462,0,0,0,0,0
2020-06-30,US,Texas,Tarrant,12344,228,0,32.77143818,-97.29101614,48439.0,587.1063940090796,1.8470511989630591,12116,11739,225,0,11514,11476,2084931,605,3,0,602,263
2020-06-30,US,Texas,Taylor,400,5,0,32.30163422,-99.89007449,48441.0,289.78367648550363,1.25,395,352,5,0,347,346,137640,48,0,0,48,6
2020-06-30,US,Texas,Terrell,2,0,0,30.22429013,-102.0766732,48443.0,257.73195876288656,0.0,2,1,0,0,1,1,823,1,0,0,1,0
2020-06-30,US,Texas,Terry,17,0,0,33.17402785,-102.3354521,48445.0,137.79687120045392,0.0,17,16,0,0,16,16,12287,1,0,0,1,0
2020-06-30,US,Texas,Throckmorton,1,0,0,33.17751417,-99.21226795,48447.0,66.62225183211193,0.0,1,1,0,0,1,1,1515,0,0,0,0,0
2020-06-30,US,Texas,Titus,799,5,0,33.21339719,-94.96797273,48449.0,2439.6946564885493,0.6257822277847309,794,766,5,0,761,766,33033,33,0,0,33,0
2020-06-30,US,Texas,Tom Green,394,2,0,31.40464436,-100.46244300000001,48451.0,330.53691275167785,0.5076142131979695,392,379,2,0,377,358,118189,15,0,0,15,21
2020-06-30,US,Texas,Travis,8969,121,0,30.33432034,-97.78535620000001,48453.0,704.0285599009069,1.349091314527818,8848,8461,117,0,8344,7825,1248743,508,4,0,504,636
2020-06-30,US,Texas,Trinity,32,0,0,31.0879489,-95.1367187,48455.0,218.4151252474234,0.0,32,32,0,0,32,32,14740,0,0,0,0,0
2020-06-30,US,Texas,Tyler,25,0,0,30.77031716,-94.37690895,48457.0,115.35622000738279,0.0,25,25,0,0,25,25,21696,0,0,0,0,0
2020-06-30,US,Texas,Upshur,53,0,0,32.73706798,-94.93999853,48459.0,126.93698656383972,0.0,53,46,0,0,46,46,41260,7,0,0,7,0
2020-06-30,US,Texas,Upton,3,0,0,31.36868194,-102.0423217,48461.0,82.03445447087776,0.0,3,2,0,0,2,2,3671,1,0,0,1,0
2020-06-30,US,Texas,Uvalde,80,1,0,29.35739637,-99.76229172,48463.0,299.1660745671441,1.25,79,73,1,0,72,70,26846,7,0,0,7,3
2020-06-30,US,Texas,Val Verde,224,0,0,29.89149232,-101.1525205,48465.0,456.90973992860796,0.0,224,191,0,0,191,123,49208,33,0,0,33,68
2020-06-30,US,Texas,Van Zandt,85,3,0,32.56483801,-95.83766469,48467.0,150.20321611592155,3.5294117647058822,82,78,3,0,75,78,56019,7,0,0,7,0
2020-06-30,US,Texas,Victoria,480,8,0,28.79780988,-96.96813006,48469.0,521.2631944746101,1.6666666666666667,472,480,8,0,472,480,92035,0,0,0,0,0
2020-06-30,US,Texas,Walker,1991,28,0,30.73872995,-95.57440968,48471.0,2728.481177454057,1.4063284781516825,1963,1981,28,0,1953,1967,72480,10,0,0,10,14
2020-06-30,US,Texas,Waller,152,0,0,30.01058447,-95.99011759,48473.0,275.1330413061579,0.0,152,149,0,0,149,145,53126,3,0,0,3,4
2020-06-30,US,Texas,Ward,19,0,0,31.50999644,-103.09279090000001,48475.0,158.3597266211035,0.0,19,14,0,0,14,14,11720,5,0,0,5,0
2020-06-30,US,Texas,Washington,267,31,0,30.21498498,-96.40946246,48477.0,744.1056797279973,11.610486891385767,236,265,31,0,234,261,35108,2,0,0,2,4
2020-06-30,US,Texas,Webb,1503,25,0,27.7610369,-99.33237355,48479.0,543.2818125298209,1.66333998669328,1478,1457,25,0,1432,1262,275910,46,0,0,46,195
2020-06-30,US,Texas,Wharton,197,1,0,29.27765923,-96.22319248,48481.0,474.0591009721821,0.5076142131979695,196,192,1,0,191,189,41619,5,0,0,5,3
2020-06-30,US,Texas,Wheeler,16,0,0,35.40114335,-100.26995140000001,48483.0,316.4556962025317,0.0,16,16,0,0,16,16,5191,0,0,0,0,0
2020-06-30,US,Texas,Wichita,318,2,0,33.98842886,-98.70410340000001,48485.0,240.49005520683656,0.6289308176100629,316,300,2,0,298,300,132064,18,0,0,18,0
2020-06-30,US,Texas,Wilbarger,10,0,0,34.07945812,-99.24178437,48487.0,78.31466833737959,0.0,10,9,0,0,9,9,12820,1,0,0,1,0
2020-06-30,US,Texas,Willacy,154,3,0,26.47411727,-97.61535848,48489.0,721.0412960014983,1.9480519480519483,151,151,3,0,148,137,21515,3,0,0,3,14
2020-06-30,US,Texas,Williamson,2230,39,0,30.64655664,-97.60048540000001,48491.0,377.61344913479104,1.7488789237668159,2191,2100,37,0,2063,2019,566719,130,2,0,128,81
2020-06-30,US,Texas,Wilson,98,5,0,29.1732598,-98.08693082,48493.0,191.89347953788916,5.1020408163265305,93,86,5,0,81,86,50224,12,0,0,12,0
2020-06-30,US,Texas,Winkler,21,0,0,31.85008651,-103.04851629999999,48495.0,262.17228464419475,0.0,21,16,0,0,16,14,7720,5,0,0,5,2
2020-06-30,US,Texas,Wise,104,5,0,33.21570665,-97.65460265,48497.0,148.60539551897574,4.807692307692308,99,90,5,0,85,90,68305,14,0,0,14,0
2020-06-30,US,Texas,Wood,82,5,0,32.78722382,-95.38236368,48499.0,180.06543841542415,6.097560975609755,77,80,5,0,75,80,45129,2,0,0,2,0
2020-06-30,US,Texas,Yoakum,24,0,0,33.17320212,-102.82764329999999,48501.0,275.45047629978194,0.0,24,21,0,0,21,21,8591,3,0,0,3,0
2020-06-30,US,Texas,Young,24,1,0,33.17659707,-98.68790885,48503.0,133.25930038867295,4.166666666666667,23,22,1,0,21,22,18045,2,0,0,2,0
2020-06-30,US,Texas,Zapata,47,0,0,27.00156391,-99.16987152,48505.0,331.47612666619654,0.0,47,45,0,0,45,45,14190,2,0,0,2,0
2020-06-30,US,Texas,Zavala,21,0,0,28.86617238,-99.76050829,48507.0,177.36486486486487,0.0,21,19,0,0,19,19,11983,2,0,0,2,0
2020-06-30,US,Utah,Bear River,1521,2,0,41.52106798,-113.08328159999999,0.0,814.161376312775,0.13149243918474687,1519,1504,2,0,1502,1471,,17,0,0,17,33
2020-06-30,US,Utah,Central Utah,169,0,0,39.37231946,-111.5758676,0.0,206.21324157454185,0.0,169,159,0,0,159,143,,10,0,0,10,16
2020-06-30,US,Utah,Davis,1179,5,0,40.99001837,-112.1139997,49011.0,331.6632956473061,0.4240882103477524,1174,1155,5,0,1150,1113,351713,24,0,0,24,42
2020-06-30,US,Utah,Salt Lake,11166,107,0,40.66616532,-111.92160109999999,49035.0,962.2237139973993,0.9582661651441876,11059,10887,106,0,10781,10629,1152633,279,1,0,278,258
2020-06-30,US,Utah,San Juan,399,9,0,37.62762978,-109.80337140000002,49037.0,2606.480271753332,2.255639097744361,390,400,8,0,392,399,15449,-1,1,0,-2,1
2020-06-30,US,Utah,Southeast Utah,36,0,0,38.99617072,-110.70139579999999,0.0,89.4876830147406,0.0,36,35,0,0,35,35,,1,0,0,1,0
2020-06-30,US,Utah,Southwest Utah,1519,11,0,37.85447192,-111.4418764,0.0,602.6773315558518,0.7241606319947334,1508,1467,10,0,1457,1428,,52,1,0,51,39
2020-06-30,US,Utah,Summit,488,0,0,40.86688146,-110.9535882,49043.0,1157.9072250563534,0.0,488,485,0,0,485,483,41933,3,0,0,3,2
2020-06-30,US,Utah,Tooele,244,0,0,40.44862644,-113.12957150000001,49045.0,337.67419975366386,0.0,244,234,0,0,234,229,69907,10,0,0,10,5
2020-06-30,US,Utah,TriCounty,50,0,0,40.12491499,-109.5174415,0.0,88.30489915580515,0.0,50,48,0,0,48,48,,2,0,0,2,0
2020-06-30,US,Utah,Utah,4084,22,0,40.116672200000004,-111.66576620000001,49049.0,641.9011843108285,0.5386875612144956,4062,3965,22,0,3943,3850,622213,119,0,0,119,115
2020-06-30,US,Utah,Wasatch,408,3,0,40.33110236,-111.1691419,49051.0,1196.7968085418438,0.7352941176470589,405,406,3,0,403,400,33240,2,0,0,2,6
2020-06-30,US,Utah,Weber-Morgan,954,13,0,41.27116049,-111.9145117,0.0,350.30128113330176,1.3626834381551365,941,919,12,0,907,872,,35,1,0,34,47
2020-06-30,US,Vermont,Addison,68,2,0,44.03217337,-73.14130877,50001.0,184.8981700519346,2.9411764705882355,66,68,2,0,66,68,36973,0,0,0,0,0
2020-06-30,US,Vermont,Bennington,72,1,0,43.03519828,-73.09048868,50003.0,202.98844093600223,1.3888888888888888,71,72,1,0,71,71,35631,0,0,0,0,1
2020-06-30,US,Vermont,Caledonia,19,0,0,44.46548598,-72.10314651,50005.0,63.34811456006401,0.0,19,19,0,0,19,19,30302,0,0,0,0,0
2020-06-30,US,Vermont,Chittenden,607,39,0,44.46322849,-73.08359212,50007.0,370.6327011613565,6.42504118616145,568,607,39,0,568,602,164572,0,0,0,0,5
2020-06-30,US,Vermont,Essex,3,0,0,44.72736416,-71.73579864,50009.0,48.67759208177836,0.0,3,3,0,0,3,3,6250,0,0,0,0,0
2020-06-30,US,Vermont,Franklin,104,6,0,44.85627605,-72.91249563,50011.0,210.51779280191087,5.769230769230768,98,104,6,0,98,104,49421,0,0,0,0,0
2020-06-30,US,Vermont,Grand Isle,10,0,0,44.797582399999996,-73.29679772,50013.0,138.217000691085,0.0,10,10,0,0,10,10,7090,0,0,0,0,0
2020-06-30,US,Vermont,Lamoille,30,1,0,44.60353043,-72.64356694,50015.0,118.28720132481665,3.333333333333333,29,30,1,0,29,30,25300,0,0,0,0,0
2020-06-30,US,Vermont,Orange,9,0,0,44.00470222,-72.37640104,50017.0,31.150491485532328,0.0,9,9,0,0,9,9,28999,0,0,0,0,0
2020-06-30,US,Vermont,Orleans,14,0,0,44.82964024,-72.24562697,50019.0,51.78089285053815,0.0,14,14,0,0,14,14,26907,0,0,0,0,0
2020-06-30,US,Vermont,Rutland,73,1,0,43.57723578,-73.03741676,50021.0,125.44895258716984,1.3698630136986298,72,73,1,0,72,73,58672,0,0,0,0,0
2020-06-30,US,Vermont,Unassigned,6,0,0,0.0,0.0,90050.0,0.0,0.0,6,6,0,0,6,6,,0,0,0,0,0
2020-06-30,US,Vermont,Washington,41,1,0,44.27343241,-72.61604978,50023.0,70.19466178157475,2.4390243902439024,40,41,1,0,40,41,58140,0,0,0,0,0
2020-06-30,US,Vermont,Windham,94,3,0,42.986982,-72.71268875,50025.0,222.6327506986879,3.191489361702128,91,94,3,0,91,94,42756,0,0,0,0,0
2020-06-30,US,Vermont,Windsor,58,2,0,43.58010937,-72.58595157,50027.0,105.3358032763067,3.4482758620689653,56,58,2,0,56,58,55286,0,0,0,0,0
2020-06-30,US,Virginia,Accomack,1042,14,0,37.76707161,-75.63234615,51001.0,3224.4089615051366,1.343570057581574,1028,1039,14,0,1025,1039,32412,3,0,0,3,0
2020-06-30,US,Virginia,Albemarle,401,8,0,38.02080697,-78.55481085,51003.0,366.7794749839934,1.9950124688279305,393,394,8,0,386,393,108718,7,0,0,7,1
2020-06-30,US,Virginia,Alexandria,2325,57,0,38.814003,-77.08183073,51510.0,1458.338560353263,2.4516129032258065,2268,2317,57,0,2260,2312,160530,8,0,0,8,5
2020-06-30,US,Virginia,Alleghany,31,2,0,37.78636074,-80.00222498,51005.0,208.6137281292059,6.451612903225807,29,31,2,0,29,31,14910,0,0,0,0,0
2020-06-30,US,Virginia,Amelia,44,1,0,37.34081025,-77.98584649,51007.0,334.72803347280336,2.272727272727273,43,44,1,0,43,42,13013,0,0,0,0,2
2020-06-30,US,Virginia,Amherst,36,0,0,37.60308293,-79.14548696,51009.0,113.90602752728998,0.0,36,35,0,0,35,35,31666,1,0,0,1,0
2020-06-30,US,Virginia,Appomattox,40,0,0,37.37569884,-78.81340003,51011.0,251.39840362013697,0.0,40,39,0,0,39,39,15841,1,0,0,1,0
2020-06-30,US,Virginia,Arlington,2479,132,0,38.8767675,-77.10139853,51013.0,1046.6893540841575,5.324727712787414,2347,2466,132,0,2334,2464,237521,13,0,0,13,2
2020-06-30,US,Virginia,Augusta,185,2,0,38.16404586,-79.12461614,51015.0,244.84501971995024,1.0810810810810811,183,183,2,0,181,183,75457,2,0,0,2,0
2020-06-30,US,Virginia,Bedford,118,3,0,37.3080028,-79.5281964,51019.0,149.3727609909237,2.5423728813559316,115,114,3,0,111,109,78747,4,0,0,4,5
2020-06-30,US,Virginia,Bland,2,0,0,37.13128068,-81.13599391,51021.0,31.84713375796178,0.0,2,2,0,0,2,2,6293,0,0,0,0,0
2020-06-30,US,Virginia,Botetourt,121,4,0,37.55531756,-79.80982182,51023.0,362.0694814327179,3.3057851239669422,117,86,4,0,82,73,33277,35,0,0,35,13
2020-06-30,US,Virginia,Bristol,4,0,0,36.616302399999995,-82.16359122,51520.0,23.863500775563768,0.0,4,4,0,0,4,4,16482,0,0,0,0,0
2020-06-30,US,Virginia,Brunswick,103,1,0,36.76366949,-77.8593436,51025.0,634.5881338180026,0.9708737864077671,102,102,1,0,101,102,16384,1,0,0,1,0
2020-06-30,US,Virginia,Buchanan,31,0,0,37.26818323,-82.03749726,51027.0,147.59093505998857,0.0,31,31,0,0,31,31,21221,0,0,0,0,0
2020-06-30,US,Virginia,Buckingham,556,4,0,37.57242268,-78.52518834,51029.0,3242.360625145789,0.7194244604316546,552,556,4,0,552,556,16999,0,0,0,0,0
2020-06-30,US,Virginia,Buena Vista,15,0,0,37.73484642,-79.35296097,51530.0,231.5529484408768,0.0,15,14,0,0,14,14,6237,1,0,0,1,0
2020-06-30,US,Virginia,Campbell,45,1,0,37.20553386,-79.09678609,51031.0,81.98961464881116,2.2222222222222223,44,44,1,0,43,43,54973,1,0,0,1,1
2020-06-30,US,Virginia,Caroline,128,4,0,38.02679129,-77.34901405,51033.0,416.5988608624898,3.125,124,128,4,0,124,128,30772,0,0,0,0,0
2020-06-30,US,Virginia,Carroll,214,8,0,36.73066666,-80.73455942,51035.0,718.3377530126547,3.7383177570093458,206,209,8,0,201,206,29636,5,0,0,5,3
2020-06-30,US,Virginia,Charles City,39,3,0,37.35358063,-77.05634116,51036.0,560.1034037052996,7.6923076923076925,36,40,3,0,37,39,6941,-1,0,0,-1,1
2020-06-30,US,Virginia,Charlotte,31,0,0,37.01909701,-78.66314092,51037.0,260.94276094276097,0.0,31,31,0,0,31,30,11938,0,0,0,0,1
2020-06-30,US,Virginia,Charlottesville,212,3,0,38.03527919,-78.48569588,51540.0,448.5253670714679,1.4150943396226414,209,211,3,0,208,209,48117,1,0,0,1,2
2020-06-30,US,Virginia,Chesapeake,895,20,0,36.67670048,-76.30545744,51550.0,365.552310739886,2.23463687150838,875,887,20,0,867,879,242634,8,0,0,8,8
2020-06-30,US,Virginia,Chesterfield,2897,50,0,37.37373208,-77.58680140000001,51041.0,821.1404697252283,1.7259233690024165,2847,2869,49,0,2820,2856,348556,28,1,0,27,13
2020-06-30,US,Virginia,Clarke,49,0,0,39.11271747,-77.99199425,51043.0,335.1802448867912,0.0,49,49,0,0,49,49,14523,0,0,0,0,0
2020-06-30,US,Virginia,Colonial Heights,143,17,0,37.26420587,-77.39609676,51570.0,823.2584916522742,11.888111888111887,126,143,17,0,126,143,17833,0,0,0,0,0
2020-06-30,US,Virginia,Covington,5,0,0,37.7824656,-79.98631446,51580.0,90.2853015529072,0.0,5,3,0,0,3,3,5460,2,0,0,2,0
2020-06-30,US,Virginia,Craig,7,0,0,37.48133648,-80.21072274,51045.0,136.4256480218281,0.0,7,7,0,0,7,6,5064,0,0,0,0,1
2020-06-30,US,Virginia,Culpeper,808,10,0,38.48199985,-77.95630870000002,51047.0,1535.9756677121948,1.2376237623762376,798,808,10,0,798,808,51859,0,0,0,0,0
2020-06-30,US,Virginia,Cumberland,51,0,0,37.51328851,-78.24398086,51049.0,513.491743858236,0.0,51,50,0,0,50,50,9809,1,0,0,1,0
2020-06-30,US,Virginia,Danville,86,2,0,36.58022376,-79.40395668,51590.0,214.76375986414945,2.3255813953488373,84,82,2,0,80,80,40693,4,0,0,4,2
2020-06-30,US,Virginia,Dickenson,4,0,0,37.12560977,-82.35124171,51051.0,27.936862690319877,0.0,4,4,0,0,4,3,14523,0,0,0,0,1
2020-06-30,US,Virginia,Dinwiddie,142,0,0,37.07544585,-77.63451754,51053.0,497.4775784753363,0.0,142,140,0,0,140,141,28529,2,0,0,2,-1
2020-06-30,US,Virginia,Emporia,136,14,0,36.69455571,-77.53406129,51595.0,2543.9580995136553,10.294117647058824,122,133,12,0,121,133,5121,3,2,0,1,0
2020-06-30,US,Virginia,Essex,58,0,0,37.93357639,-76.94230311,51057.0,529.5352871359445,0.0,58,57,0,0,57,56,10919,1,0,0,1,1
2020-06-30,US,Virginia,Fairfax,13850,488,0,38.83677558,-77.27565836,51059.0,1206.9380200290711,3.523465703971119,13362,13840,478,0,13362,13778,1150795,10,10,0,0,62
2020-06-30,US,Virginia,Fairfax,13850,488,0,38.83677558,-77.27565836,51059.0,1206.9380200290711,3.523465703971119,13362,13840,478,0,13362,13778,24574,10,10,0,0,62
2020-06-30,US,Virginia,Fairfax City,70,7,0,38.85157547,-77.29779640000002,51600.0,291.4359465423206,10.0,63,70,7,0,63,70,24574,0,0,0,0,0
2020-06-30,US,Virginia,Falls Church,56,8,0,38.88485255,-77.17560759,51610.0,383.1155503865362,14.285714285714285,48,56,8,0,48,56,14772,0,0,0,0,0
2020-06-30,US,Virginia,Fauquier,420,6,0,38.73564842,-77.80647472,51061.0,589.7054280980594,1.4285714285714286,414,417,6,0,411,417,70675,3,0,0,3,0
2020-06-30,US,Virginia,Floyd,17,1,0,36.9302126,-80.36738849,51063.0,107.94336148326876,5.882352941176472,16,17,1,0,16,16,15795,0,0,0,0,1
2020-06-30,US,Virginia,Fluvanna,110,7,0,37.84157909,-78.27715475,51065.0,403.37367070040335,6.363636363636362,103,110,6,0,104,109,26783,0,1,0,-1,1
2020-06-30,US,Virginia,Franklin,88,1,0,36.99536167,-79.88023649,51067.0,157.02508832661218,1.1363636363636365,87,72,1,0,71,66,56195,16,0,0,16,6
2020-06-30,US,Virginia,Franklin,88,1,0,36.99536167,-79.88023649,51067.0,157.02508832661218,1.1363636363636365,87,72,1,0,71,66,8013,16,0,0,16,6
2020-06-30,US,Virginia,Franklin City,51,2,0,36.6831435,-76.93859681,51620.0,640.1405798920548,3.92156862745098,49,50,2,0,48,47,8013,1,0,0,1,3
2020-06-30,US,Virginia,Frederick,493,6,0,39.20172582,-78.25974949,51069.0,551.9913114552194,1.2170385395537526,487,491,5,0,486,488,88355,2,1,0,1,3
2020-06-30,US,Virginia,Fredericksburg,246,0,0,38.2977863,-77.4922454,51630.0,847.2241355558618,0.0,246,247,0,0,247,246,29144,-1,0,0,-1,1
2020-06-30,US,Virginia,Galax,253,13,0,36.66601852,-80.91703124,51640.0,3986.1351819757374,5.138339920948616,240,253,13,0,240,252,6423,0,0,0,0,1
2020-06-30,US,Virginia,Giles,15,0,0,37.31234791,-80.70636931,51071.0,89.71291866028709,0.0,15,14,0,0,14,13,16844,1,0,0,1,1
2020-06-30,US,Virginia,Gloucester,49,1,0,37.40809042,-76.53524337,51073.0,131.19845774874156,2.0408163265306123,48,48,1,0,47,45,37349,1,0,0,1,3
2020-06-30,US,Virginia,Goochland,119,6,0,37.71714806,-77.90381514,51075.0,500.9893487138466,5.042016806722689,113,119,6,0,113,119,23244,0,0,0,0,0
2020-06-30,US,Virginia,Grayson,84,2,0,36.65677234,-81.23215889,51077.0,540.1929260450161,2.380952380952381,82,84,2,0,82,84,15631,0,0,0,0,0
2020-06-30,US,Virginia,Greene,67,1,0,38.29545894,-78.46525378,51079.0,338.0594379131137,1.492537313432836,66,65,1,0,64,65,19779,2,0,0,2,0
2020-06-30,US,Virginia,Greensville,359,7,0,36.67878901,-77.56351439,51081.0,3166.901905434016,1.9498607242339836,352,354,7,0,347,355,11627,5,0,0,5,-1
2020-06-30,US,Virginia,Halifax,53,1,0,36.76654925,-78.93512622,51083.0,156.29146884491757,1.8867924528301887,52,50,1,0,49,49,34120,3,0,0,3,1
2020-06-30,US,Virginia,Hampton,328,5,0,37.03513786,-76.35879121,51650.0,243.84804103784103,1.5243902439024388,323,316,5,0,311,310,134313,12,0,0,12,6
2020-06-30,US,Virginia,Hanover,429,26,0,37.7583355,-77.49464673,51085.0,398.08473915706253,6.0606060606060606,403,423,26,0,397,420,107239,6,0,0,6,3
2020-06-30,US,Virginia,Harrisonburg,939,24,0,38.43542574,-78.87536254,51660.0,1771.16342236306,2.5559105431309903,915,936,24,0,912,933,54033,3,0,0,3,3
2020-06-30,US,Virginia,Henrico,2591,141,0,37.53460572,-77.39326555,51087.0,783.2101034405624,5.441914318795832,2450,2584,141,0,2443,2579,329261,7,0,0,7,5
2020-06-30,US,Virginia,Henry,260,4,0,36.68542395,-79.87634026,51089.0,514.2710208279764,1.5384615384615383,256,250,4,0,246,249,50953,10,0,0,10,1
2020-06-30,US,Virginia,Highland,3,0,0,38.35799465,-79.56124594,51091.0,136.98630136986299,0.0,3,3,0,0,3,3,2210,0,0,0,0,0
2020-06-30,US,Virginia,Hopewell,174,2,0,37.29186313,-77.29754684,51670.0,772.3378756269698,1.1494252873563218,172,169,2,0,167,169,22596,5,0,0,5,0
2020-06-30,US,Virginia,Isle of Wight,179,8,0,36.90579348,-76.70842863,51093.0,482.36276913956186,4.46927374301676,171,178,8,0,170,177,36953,1,0,0,1,1
2020-06-30,US,Virginia,James City,263,15,0,37.31156958,-76.76950618,51095.0,343.6875187852018,5.70342205323194,248,258,15,0,243,254,76397,5,0,0,5,4
2020-06-30,US,Virginia,King George,97,4,0,38.26818502,-77.15852768,51099.0,361.4547622596512,4.123711340206185,93,97,4,0,93,97,26575,0,0,0,0,0
2020-06-30,US,Virginia,King William,42,0,0,37.70965316,-77.09384941,51101.0,244.926522043387,0.0,42,42,0,0,42,42,16939,0,0,0,0,0
2020-06-30,US,Virginia,King and Queen,23,1,0,37.71044922,-76.88689628,51097.0,327.40213523131666,4.3478260869565215,22,23,1,0,22,23,7042,0,0,0,0,0
2020-06-30,US,Virginia,Lancaster,11,0,0,37.71889653,-76.46400482,51103.0,103.74422333301895,0.0,11,11,0,0,11,11,10783,0,0,0,0,0
2020-06-30,US,Virginia,Lee,11,0,0,36.70586667,-83.12606515,51105.0,46.962387397002956,0.0,11,9,0,0,9,9,23541,2,0,0,2,0
2020-06-30,US,Virginia,Lexington,10,0,0,37.78258621,-79.44262866,51678.0,134.30029546065,0.0,10,10,0,0,10,10,7136,0,0,0,0,0
2020-06-30,US,Virginia,Loudoun,4000,87,0,39.08990083,-77.63481877,51107.0,967.2629842964856,2.175,3913,3968,87,0,3881,3932,406850,32,0,0,32,36
2020-06-30,US,Virginia,Louisa,118,1,0,37.97850256,-77.96274807,51109.0,313.90492405096967,0.8474576271186439,117,118,1,0,117,118,36778,0,0,0,0,0
2020-06-30,US,Virginia,Lunenburg,31,0,0,36.94618528,-78.24133319,51111.0,254.18169891767792,0.0,31,31,0,0,31,30,12086,0,0,0,0,1
2020-06-30,US,Virginia,Lynchburg,147,1,0,37.40021399,-79.19888138,51680.0,178.90176224320905,0.6802721088435374,146,139,1,0,138,134,82126,8,0,0,8,5
2020-06-30,US,Virginia,Madison,43,1,0,38.41531222,-78.28220331,51113.0,324.2591056481412,2.3255813953488373,42,43,1,0,42,43,13295,0,0,0,0,0
2020-06-30,US,Virginia,Manassas,1397,16,0,38.7464321,-77.48509905,51683.0,3400.267737617135,1.145311381531854,1381,1385,16,0,1369,1387,41641,12,0,0,12,-2
2020-06-30,US,Virginia,Manassas Park,431,6,0,38.77058531,-77.44399307,51685.0,2465.9572033413433,1.3921113689095128,425,427,5,0,422,428,17307,4,1,0,3,-1
2020-06-30,US,Virginia,Martinsville,78,1,0,36.68212094,-79.86352771,51690.0,621.3159152461368,1.2820512820512822,77,74,1,0,73,72,12902,4,0,0,4,2
2020-06-30,US,Virginia,Mathews,6,0,0,37.44164146,-76.34098896,51115.0,67.91940230925968,0.0,6,5,0,0,5,5,8802,1,0,0,1,0
2020-06-30,US,Virginia,Mecklenburg,240,26,0,36.67882005,-78.36131056,51117.0,784.6470722856116,10.833333333333336,214,240,26,0,214,240,30650,0,0,0,0,0
2020-06-30,US,Virginia,Middlesex,15,0,0,37.63191998,-76.55064617,51119.0,141.75014175014175,0.0,15,15,0,0,15,15,10769,0,0,0,0,0
2020-06-30,US,Virginia,Montgomery,145,2,0,37.17746986,-80.37868691,51121.0,147.15583295275792,1.3793103448275863,143,143,2,0,141,136,98985,2,0,0,2,7
2020-06-30,US,Virginia,Nelson,18,0,0,37.78790447,-78.88498513,51125.0,120.56262558606831,0.0,18,18,0,0,18,18,14836,0,0,0,0,0
2020-06-30,US,Virginia,New Kent,57,1,0,37.50694406,-76.99828634,51127.0,246.84942185266988,1.7543859649122806,56,57,1,0,56,57,22391,0,0,0,0,0
2020-06-30,US,Virginia,Newport News,523,10,0,37.08166899,-76.51754109,51700.0,291.81196819640115,1.9120458891013383,513,513,10,0,503,500,178626,10,0,0,10,13
2020-06-30,US,Virginia,Norfolk,915,9,0,36.89934014,-76.26420872,51710.0,376.94342141038635,0.9836065573770492,906,889,9,0,880,855,244076,26,0,0,26,34
2020-06-30,US,Virginia,Northampton,269,28,0,37.34062933,-75.87751591,51131.0,2297.1818958155427,10.408921933085502,241,269,28,0,241,269,11735,0,0,0,0,0
2020-06-30,US,Virginia,Northumberland,37,1,0,37.89202088,-76.41949732,51133.0,305.9115336916081,2.702702702702702,36,39,1,0,38,38,12147,-2,0,0,-2,1
2020-06-30,US,Virginia,Norton,4,0,0,36.93357076,-82.62750411,51720.0,100.4772670183371,0.0,4,4,0,0,4,4,3968,0,0,0,0,0
2020-06-30,US,Virginia,Nottoway,111,2,0,37.1435975,-78.05065922,51135.0,728.7289915966388,1.8018018018018016,109,110,2,0,108,109,15420,1,0,0,1,1
2020-06-30,US,Virginia,Orange,149,3,0,38.24530219,-78.01560400000002,51137.0,402.1483900569485,2.0134228187919465,146,146,3,0,143,145,36644,3,0,0,3,1
2020-06-30,US,Virginia,Page,269,24,0,38.61807452,-78.48797204,51139.0,1125.4288344071626,8.921933085501859,245,267,24,0,243,267,23933,2,0,0,2,0
2020-06-30,US,Virginia,Patrick,46,1,0,36.680163799999995,-80.2865648,51141.0,261.24488868696045,2.1739130434782608,45,42,1,0,41,42,17673,4,0,0,4,0
2020-06-30,US,Virginia,Petersburg,234,3,0,37.20530399,-77.39368102,51730.0,746.5067313213808,1.2820512820512822,231,226,3,0,223,221,31567,8,0,0,8,5
2020-06-30,US,Virginia,Pittsylvania,122,1,0,36.81980341,-79.39731264,51143.0,202.1407031845445,0.819672131147541,121,117,1,0,116,108,60949,5,0,0,5,9
2020-06-30,US,Virginia,Poquoson,19,0,0,37.14259351,-76.35798148,51735.0,154.8366066335262,0.0,19,19,0,0,19,19,12190,0,0,0,0,0
2020-06-30,US,Virginia,Portsmouth,482,16,0,36.85914825,-76.35971629,51740.0,510.6040382211488,3.319502074688797,466,471,16,0,455,459,94632,11,0,0,11,12
2020-06-30,US,Virginia,Powhatan,82,2,0,37.55016038,-77.91267882,51145.0,276.54121138540404,2.4390243902439024,80,79,2,0,77,77,29189,3,0,0,3,2
2020-06-30,US,Virginia,Prince Edward,187,3,0,37.22554789,-78.43597949,51147.0,820.1034996930093,1.60427807486631,184,186,3,0,183,182,22950,1,0,0,1,4
2020-06-30,US,Virginia,Prince George,238,1,0,37.18497668,-77.22922187,51149.0,620.5511954736265,0.4201680672268908,237,235,1,0,234,229,38082,3,0,0,3,6
2020-06-30,US,Virginia,Prince William,7285,144,0,38.70916224,-77.48713689,51153.0,1548.8959996598169,1.9766643788606728,7141,7210,139,0,7071,7204,468011,75,5,0,70,6
2020-06-30,US,Virginia,Pulaski,45,2,0,37.06474963,-80.71229738,51155.0,132.24792076880124,4.4444444444444455,43,45,2,0,43,39,34066,0,0,0,0,6
2020-06-30,US,Virginia,Radford,11,0,0,37.12222899,-80.56027320000003,51750.0,60.27727546714888,0.0,11,11,0,0,11,11,18339,0,0,0,0,0
2020-06-30,US,Virginia,Rappahannock,20,0,0,38.68295619,-78.15826963,51157.0,271.370420624152,0.0,20,20,0,0,20,20,7252,0,0,0,0,0
2020-06-30,US,Virginia,Richmond,298,4,0,37.937575,-76.72920628,51159.0,3302.670952011526,1.342281879194631,294,296,4,0,292,296,9038,2,0,0,2,0
2020-06-30,US,Virginia,Richmond City,2209,30,0,37.53255773,-77.47966921,51760.0,958.6175771146867,1.358080579447714,2179,2195,30,0,2165,2184,228783,14,0,0,14,11
2020-06-30,US,Virginia,Roanoke,254,6,0,37.26865804,-80.06396753,51161.0,269.67914552056567,2.3622047244094486,248,234,5,0,229,206,94073,20,1,0,19,28
2020-06-30,US,Virginia,Roanoke City,439,9,0,37.27791025,-79.96189766,51770.0,442.79475101620886,2.050113895216401,430,403,10,0,393,368,99920,36,-1,0,37,35
2020-06-30,US,Virginia,Rockbridge,30,0,0,37.81204314,-79.44605905,51163.0,132.90213972444957,0.0,30,30,0,0,30,30,22752,0,0,0,0,0
2020-06-30,US,Virginia,Rockingham,720,10,0,38.51006137,-78.87260325,51165.0,878.6059452335628,1.3888888888888888,710,713,10,0,703,707,81244,7,0,0,7,6
2020-06-30,US,Virginia,Russell,12,0,0,36.93028320000001,-82.10095486,51167.0,45.13653802753329,0.0,12,11,0,0,11,9,26748,1,0,0,1,2
2020-06-30,US,Virginia,Salem,68,3,0,37.2836193,-80.06219455,51775.0,268.7640804711276,4.411764705882354,65,59,3,0,56,51,25643,9,0,0,9,8
2020-06-30,US,Virginia,Scott,10,2,0,36.71466456,-82.60171704,51169.0,46.36928498562553,20.0,8,10,2,0,8,10,21534,0,0,0,0,0
2020-06-30,US,Virginia,Shenandoah,562,29,0,38.85905135,-78.56813762,51171.0,1288.5179750550258,5.160142348754448,533,559,29,0,530,558,43497,3,0,0,3,1
2020-06-30,US,Virginia,Smyth,36,1,0,36.84455636,-81.53344948,51173.0,119.58543715120912,2.7777777777777777,35,36,1,0,35,35,30472,0,0,0,0,1
2020-06-30,US,Virginia,Southampton,156,4,0,36.72231125,-77.10642712,51175.0,884.8051727071636,2.5641025641025643,152,155,2,0,153,155,17586,1,2,0,-1,0
2020-06-30,US,Virginia,Spotsylvania,993,29,0,38.18574462,-77.655399,51177.0,728.9946041184892,2.920443101711984,964,985,29,0,956,981,134238,8,0,0,8,4
2020-06-30,US,Virginia,Stafford,988,5,0,38.41758738,-77.45917053,51179.0,646.250049057443,0.5060728744939271,983,985,5,0,980,983,149960,3,0,0,3,2
2020-06-30,US,Virginia,Staunton,73,0,0,38.15965544,-79.05979937,51790.0,292.79640622493184,0.0,73,72,0,0,72,68,24922,1,0,0,1,4
2020-06-30,US,Virginia,Suffolk,414,34,0,36.70155394,-76.63603554,51800.0,449.4723585356321,8.21256038647343,380,403,34,0,369,398,91185,11,0,0,11,5
2020-06-30,US,Virginia,Surry,15,1,0,37.11781893,-76.88450012,51181.0,233.57209592027405,6.666666666666668,14,14,1,0,13,14,6474,1,0,0,1,0
2020-06-30,US,Virginia,Sussex,194,2,0,36.92432914,-77.25791182,51183.0,1738.5070346805267,1.0309278350515465,192,195,2,0,193,195,11237,-1,0,0,-1,0
2020-06-30,US,Virginia,Tazewell,15,0,0,37.12191123,-81.56685568,51185.0,36.950363345239566,0.0,15,15,0,0,15,15,40855,0,0,0,0,0
2020-06-30,US,Virginia,Virginia Beach,1176,29,0,36.73285734,-76.04566934,51810.0,261.34843346504465,2.4659863945578238,1147,1145,29,0,1116,1123,450189,31,0,0,31,22
2020-06-30,US,Virginia,Warren,284,5,0,38.90847745,-78.20280433,51187.0,707.1008863658998,1.7605633802816902,279,285,5,0,280,285,40003,-1,0,0,-1,0
2020-06-30,US,Virginia,Washington,64,4,0,36.72341572,-81.95666289,51191.0,119.09192407889842,6.25,60,63,4,0,59,63,54402,1,0,0,1,0
2020-06-30,US,Virginia,Waynesboro,82,0,0,38.06451466,-78.90293905,51820.0,362.35086168802485,0.0,82,81,0,0,81,77,22628,1,0,0,1,4
2020-06-30,US,Virginia,Westmoreland,108,2,0,38.11021557,-76.80213247,51193.0,599.5004163197335,1.851851851851852,106,105,2,0,103,104,17830,3,0,0,3,1
2020-06-30,US,Virginia,Williamsburg,60,6,0,37.28131268,-76.70905141,51830.0,401.2304400160492,10.0,54,56,6,0,50,55,14896,4,0,0,4,1
2020-06-30,US,Virginia,Winchester,317,3,0,39.17054517,-78.17325058,51840.0,1128.9977918655175,0.946372239747634,314,314,3,0,311,311,28108,3,0,0,3,3
2020-06-30,US,Virginia,Wise,28,2,0,36.9746148,-82.62410519,51195.0,74.90035577668993,7.142857142857142,26,27,2,0,25,27,38012,1,0,0,1,0
2020-06-30,US,Virginia,Wythe,50,1,0,36.91582035,-81.07834059,51197.0,174.31320596848414,2.0,49,49,1,0,48,49,28754,1,0,0,1,0
2020-06-30,US,Virginia,York,115,3,0,37.24374789,-76.54412815,51199.0,168.4241359109549,2.608695652173913,112,115,3,0,112,114,67846,0,0,0,0,1
2020-06-30,US,Washington,Adams,134,0,0,46.98299757,-118.56017340000001,53001.0,670.5699844868137,0.0,134,130,0,0,130,130,19759,4,0,0,4,0
2020-06-30,US,Washington,Asotin,21,2,0,46.18894415,-117.2022851,53003.0,92.99442033477993,9.523809523809524,19,21,2,0,19,21,22610,0,0,0,0,0
2020-06-30,US,Washington,Benton,1731,82,0,46.23946995,-119.51208340000001,53005.0,846.9103185087332,4.737146158290006,1649,1718,79,0,1639,1686,201877,13,3,0,10,32
2020-06-30,US,Washington,Chelan,330,6,0,47.87046092,-120.6173956,53007.0,427.46113989637314,1.818181818181818,324,325,6,0,319,315,77036,5,0,0,5,10
2020-06-30,US,Washington,Clallam,36,0,0,48.04754642,-123.92263190000001,53009.0,46.553128758195285,0.0,36,36,0,0,36,36,76737,0,0,0,0,0
2020-06-30,US,Washington,Clark,731,30,0,45.77568046,-122.48292040000001,53011.0,149.72114181316198,4.1039671682626535,701,700,30,0,670,697,481857,31,0,0,31,3
2020-06-30,US,Washington,Columbia,8,0,0,46.29442881,-117.9051983,53013.0,200.75282308657467,0.0,8,8,0,0,8,8,4059,0,0,0,0,0
2020-06-30,US,Washington,Cowlitz,179,0,0,46.19074721,-122.6782231,53015.0,161.8547285994593,0.0,179,172,0,0,172,170,108987,7,0,0,7,2
2020-06-30,US,Washington,Douglas,233,3,0,47.7361335,-119.69293700000001,53017.0,536.5078634092426,1.2875536480686696,230,233,3,0,230,230,42907,0,0,0,0,3
2020-06-30,US,Washington,Ferry,1,0,0,48.471143100000006,-118.5154041,53019.0,13.111315064901008,0.0,1,1,0,0,1,1,7649,0,0,0,0,0
2020-06-30,US,Washington,Franklin,1640,33,0,46.53351425,-118.9018212,53021.0,1722.2910671903549,2.0121951219512195,1607,1610,33,0,1577,1578,94347,30,0,0,30,32
2020-06-30,US,Washington,Grant,511,6,0,47.20753737,-119.4500749,53025.0,522.8530793079103,1.1741682974559686,505,487,6,0,481,472,97331,24,0,0,24,15
2020-06-30,US,Washington,Grays Harbor,27,0,0,47.14003705,-123.7820567,53027.0,35.97074379504669,0.0,27,26,0,0,26,26,73901,1,0,0,1,0
2020-06-30,US,Washington,Island,192,12,0,48.14713305,-122.5216407,53029.0,225.5082745093433,6.25,180,192,12,0,180,192,84460,0,0,0,0,0
2020-06-30,US,Washington,Jefferson,38,0,0,47.75003077,-123.56097040000002,53031.0,117.93550789857548,0.0,38,38,0,0,38,37,31729,0,0,0,0,1
2020-06-30,US,Washington,King,10177,610,0,47.49137892,-121.8346131,53033.0,451.7525441875868,5.993907831384496,9567,10019,610,0,9409,9895,2233163,158,0,0,158,124
2020-06-30,US,Washington,Kitsap,221,2,0,47.63479026,-122.6436061,53035.0,81.40772747197695,0.9049773755656108,219,212,2,0,210,213,269805,9,0,0,9,-1
2020-06-30,US,Washington,Kittitas,128,0,0,47.12521214,-120.67943899999999,53037.0,267.02826744549907,0.0,128,127,0,0,127,122,47364,1,0,0,1,5
2020-06-30,US,Washington,Klickitat,59,3,0,45.87325839,-120.7913598,53039.0,263.0992196209588,5.084745762711863,56,60,3,0,57,59,22107,-1,0,0,-1,1
2020-06-30,US,Washington,Lewis,65,3,0,46.57756476,-122.39257690000001,53041.0,80.53824327505669,4.615384615384615,62,64,3,0,61,64,79604,1,0,0,1,0
2020-06-30,US,Washington,Lincoln,4,0,0,47.57705241,-118.41943880000001,53043.0,36.56641374897157,0.0,4,3,0,0,3,3,10740,1,0,0,1,0
2020-06-30,US,Washington,Mason,50,1,0,47.35007586,-123.1863685,53045.0,74.88617301701414,2.0,49,47,1,0,46,47,65507,3,0,0,3,0
2020-06-30,US,Washington,Okanogan,77,2,0,48.54855019,-119.73872240000001,53047.0,182.2787207347963,2.5974025974025974,75,70,2,0,68,67,42132,7,0,0,7,3
2020-06-30,US,Washington,Pacific,17,1,0,46.55418369,-123.7285716,53049.0,75.65306394908994,5.882352941176472,16,13,1,0,12,13,22036,4,0,0,4,0
2020-06-30,US,Washington,Pend Oreille,4,0,0,48.53234021,-117.2741804,53051.0,29.146021568055957,0.0,4,4,0,0,4,3,13602,0,0,0,0,1
2020-06-30,US,Washington,Pierce,2564,101,0,47.03892768,-122.14059579999999,53053.0,283.3211783685827,3.9391575663026517,2463,2510,98,0,2412,2485,891299,54,3,0,51,25
2020-06-30,US,Washington,San Juan,19,0,0,48.60182783,-122.96745,53055.0,108.06506654533042,0.0,19,19,0,0,19,19,17128,0,0,0,0,0
2020-06-30,US,Washington,Skagit,519,15,0,48.48171488,-121.766131,53057.0,401.68724120583573,2.8901734104046244,504,512,15,0,497,503,128206,7,0,0,7,9
2020-06-30,US,Washington,Skamania,5,0,0,46.02408726,-121.91644029999999,53059.0,41.380451874534465,0.0,5,4,0,0,4,4,11924,1,0,0,1,0
2020-06-30,US,Washington,Snohomish,3508,171,0,48.04615983,-121.7170703,53061.0,426.72090287720334,4.874572405929304,3337,3463,170,0,3293,3438,814901,45,1,0,44,25
2020-06-30,US,Washington,Spokane,1344,40,0,47.62113146,-117.4046494,53063.0,257.0782596719957,2.9761904761904763,1304,1236,39,0,1197,1193,514631,108,1,0,107,43
2020-06-30,US,Washington,Stevens,18,1,0,48.40035475,-117.8542701,53065.0,39.36749557115674,5.5555555555555545,17,17,1,0,16,17,45260,1,0,0,1,0
2020-06-30,US,Washington,Thurston,253,7,0,46.9291895,-122.82906559999999,53067.0,87.08043065231159,2.766798418972332,246,241,7,0,234,237,286419,12,0,0,12,4
2020-06-30,US,Washington,Unassigned,78,0,0,0.0,0.0,90053.0,0.0,0.0,78,109,0,0,109,51,,-31,0,0,-31,58
2020-06-30,US,Washington,Wahkiakum,5,0,0,46.29180039999999,-123.4250831,53069.0,111.40819964349377,0.0,5,5,0,0,5,5,4426,0,0,0,0,0
2020-06-30,US,Washington,Walla Walla,166,3,0,46.23040051,-118.4775539,53071.0,273.20605661619487,1.8072289156626504,163,161,3,0,158,158,60922,5,0,0,5,3
2020-06-30,US,Washington,Whatcom,622,40,0,48.82227976,-121.74900179999999,53073.0,271.32307074901746,6.430868167202573,582,615,40,0,575,600,225685,7,0,0,7,15
2020-06-30,US,Washington,Whitman,38,0,0,46.90022523,-117.52417630000001,53075.0,75.84224812390228,0.0,38,37,0,0,37,37,49791,1,0,0,1,0
2020-06-30,US,Washington,Yakima,7071,158,0,46.45738486,-120.73801259999999,53077.0,2818.5575968717244,2.234478857304483,6913,7008,154,0,6854,6920,251446,63,4,0,59,88
2020-06-30,US,West Virginia,Barbour,15,1,0,39.1307219,-80.00350858,54001.0,91.23532631835045,6.666666666666668,14,15,1,0,14,15,16535,0,0,0,0,0
2020-06-30,US,West Virginia,Berkeley,458,10,0,39.46704621,-78.02414609,54003.0,384.32168900151885,2.183406113537118,448,454,10,0,444,450,117123,4,0,0,4,4
2020-06-30,US,West Virginia,Boone,21,0,0,38.01974191,-81.69888019,54005.0,97.87015892249615,0.0,21,20,0,0,20,20,21951,1,0,0,1,0
2020-06-30,US,West Virginia,Braxton,3,0,0,38.70036159,-80.72011184,54007.0,21.49459052805044,0.0,3,4,0,0,4,4,14089,-1,0,0,-1,0
2020-06-30,US,West Virginia,Brooke,9,0,0,40.27367263,-80.57915332,54009.0,41.022836045398606,0.0,9,9,0,0,9,9,22203,0,0,0,0,0
2020-06-30,US,West Virginia,Cabell,124,0,0,38.42424062,-82.23855912,54011.0,134.86323345478274,0.0,124,122,0,0,122,118,93224,2,0,0,2,4
2020-06-30,US,West Virginia,Calhoun,2,0,0,38.84315422,-81.11934872,54013.0,28.133352088901397,0.0,2,2,0,0,2,2,7254,0,0,0,0,0
2020-06-30,US,West Virginia,Clay,10,1,0,38.46231092,-81.07652217,54015.0,117.53643629525152,10.0,9,10,1,0,9,10,8632,0,0,0,0,0
2020-06-30,US,West Virginia,Fayette,66,4,0,38.02974928,-81.08286634,54019.0,155.63835306324575,6.0606060606060606,62,66,4,0,62,67,43018,0,0,0,0,-1
2020-06-30,US,West Virginia,Gilmer,13,0,0,38.9251277,-80.85952723,54021.0,166.1766585708807,0.0,13,12,0,0,12,12,8026,1,0,0,1,0
2020-06-30,US,West Virginia,Grant,16,0,0,39.10314817,-79.19440518,54023.0,138.31258644536652,0.0,16,16,0,0,16,16,11626,0,0,0,0,0
2020-06-30,US,West Virginia,Greenbrier,58,1,0,37.9463652,-80.45335881,54025.0,167.33021752928278,1.7241379310344829,57,58,1,0,57,59,34786,0,0,0,0,-1
2020-06-30,US,West Virginia,Hampshire,41,1,0,39.32103553,-78.60826476,54027.0,176.91477885652642,2.4390243902439024,40,41,1,0,40,41,23347,0,0,0,0,0
2020-06-30,US,West Virginia,Hancock,22,0,0,40.51943859,-80.57461608,54029.0,76.36237417563345,0.0,22,22,0,0,22,22,29094,0,0,0,0,0
2020-06-30,US,West Virginia,Hardy,44,0,0,39.00683177,-78.85855301,54031.0,319.39605110336817,0.0,44,43,0,0,43,43,13775,1,0,0,1,0
2020-06-30,US,West Virginia,Harrison,61,1,0,39.2853852,-80.37919577,54033.0,90.69822766742,1.639344262295082,60,60,1,0,59,61,67554,1,0,0,1,-1
2020-06-30,US,West Virginia,Jackson,143,18,0,38.84263974,-81.68148753,54035.0,500.41993281075025,12.587412587412588,125,143,18,0,125,142,28706,0,0,0,0,1
2020-06-30,US,West Virginia,Jefferson,224,4,0,39.30776166,-77.86014147,54037.0,391.97844118573477,1.7857142857142858,220,224,4,0,220,224,56811,0,0,0,0,0
2020-06-30,US,West Virginia,Kanawha,316,20,0,38.33860077,-81.52857054,54039.0,177.4045047270441,6.329113924050633,296,309,20,0,289,301,180454,7,0,0,7,8
2020-06-30,US,West Virginia,Lewis,19,2,0,38.9947249,-80.49988181,54041.0,119.444269818319,10.526315789473683,17,17,2,0,15,17,16024,2,0,0,2,0
2020-06-30,US,West Virginia,Lincoln,8,0,0,38.172154,-82.07017953,54043.0,39.1983928658925,0.0,8,8,0,0,8,7,20599,0,0,0,0,1
2020-06-30,US,West Virginia,Logan,22,1,0,37.8299889,-81.93528571,54045.0,68.70920391017833,4.545454545454546,21,23,1,0,22,23,32607,-1,0,0,-1,0
2020-06-30,US,West Virginia,Marion,59,2,0,39.50984542,-80.24244659,54049.0,105.22185761164219,3.3898305084745757,57,55,2,0,53,56,56097,4,0,0,4,-1
2020-06-30,US,West Virginia,Marshall,40,0,0,39.86064362,-80.66591062,54051.0,131.0143788280764,0.0,40,42,0,0,42,42,30785,-2,0,0,-2,0
2020-06-30,US,West Virginia,Mason,18,0,0,38.77071799,-82.02524219,54053.0,67.88354201236989,0.0,18,17,0,0,17,16,26718,1,0,0,1,1
2020-06-30,US,West Virginia,McDowell,6,0,0,37.38002939,-81.65083669,54047.0,34.04448479346346,0.0,6,6,0,0,6,6,18223,0,0,0,0,0
2020-06-30,US,West Virginia,Mercer,39,0,0,37.40481169,-81.11023142,54055.0,66.37394056979475,0.0,39,37,0,0,37,36,59131,2,0,0,2,1
2020-06-30,US,West Virginia,Mineral,56,3,0,39.41561583,-78.94104895,54057.0,208.426380824773,5.357142857142857,53,56,3,0,53,55,26940,0,0,0,0,1
2020-06-30,US,West Virginia,Mingo,20,2,0,37.73048351,-82.13338365,54059.0,85.38251366120218,10.0,18,18,2,0,16,17,23785,2,0,0,2,1
2020-06-30,US,West Virginia,Monongalia,171,5,0,39.63218457,-80.04766838,54061.0,161.9134189296671,2.9239766081871346,166,171,5,0,166,167,106420,0,0,0,0,4
2020-06-30,US,West Virginia,Monroe,12,0,0,37.56274716,-80.54577965,54063.0,90.3954802259887,0.0,12,12,0,0,12,11,13280,0,0,0,0,1
2020-06-30,US,West Virginia,Morgan,20,0,0,39.55439028,-78.26311676,54065.0,111.83180496533214,0.0,20,20,0,0,20,20,17787,0,0,0,0,0
2020-06-30,US,West Virginia,Nicholas,10,1,0,38.29617706,-80.79759588,54067.0,40.82299150881777,10.0,9,10,1,0,9,8,24842,0,0,0,0,2
2020-06-30,US,West Virginia,Ohio,91,1,0,40.0955451,-80.62203992,54069.0,219.74837603535286,1.0989010989010992,90,89,1,0,88,87,41755,2,0,0,2,2
2020-06-30,US,West Virginia,Pendleton,13,1,0,38.68314479,-79.35084086,54071.0,186.5403931697517,7.6923076923076925,12,13,1,0,12,13,6997,0,0,0,0,0
2020-06-30,US,West Virginia,Pleasants,5,0,0,39.37091679,-81.16771771,54073.0,67.02412868632706,0.0,5,5,0,0,5,5,7507,0,0,0,0,0
2020-06-30,US,West Virginia,Pocahontas,25,0,0,38.32758728,-80.00993811,54075.0,303.1405359524676,0.0,25,24,0,0,24,24,8414,1,0,0,1,0
2020-06-30,US,West Virginia,Preston,78,2,0,39.46770987,-79.66712803,54077.0,233.3094041636755,2.5641025641025643,76,77,2,0,75,75,33839,1,0,0,1,2
2020-06-30,US,West Virginia,Putnam,55,0,0,38.50782345,-81.9082131,54079.0,97.43135518157663,0.0,55,53,0,0,53,52,56682,2,0,0,2,1
2020-06-30,US,West Virginia,Raleigh,52,0,0,37.76936795,-81.2456041,54081.0,70.88234893199383,0.0,52,52,0,0,52,51,74254,0,0,0,0,1
2020-06-30,US,West Virginia,Randolph,156,0,0,38.769899,-79.87919615,54083.0,543.6487192890747,0.0,156,156,0,0,156,155,28823,0,0,0,0,1
2020-06-30,US,West Virginia,Ritchie,2,0,0,39.18094587,-81.06356878,54085.0,20.933640360058615,0.0,2,2,0,0,2,2,9721,0,0,0,0,0
2020-06-30,US,West Virginia,Roane,11,1,0,38.71622686,-81.35243568,54087.0,80.3623611922852,9.090909090909092,10,11,1,0,10,11,13932,0,0,0,0,0
2020-06-30,US,West Virginia,Summers,2,0,0,37.65390597,-80.86009693,54089.0,15.90710252127575,0.0,2,2,0,0,2,2,12760,0,0,0,0,0
2020-06-30,US,West Virginia,Taylor,16,0,0,39.33602617,-80.0421439,54091.0,95.83707696915243,0.0,16,16,0,0,16,16,16862,0,0,0,0,0
2020-06-30,US,West Virginia,Tucker,6,0,0,39.11240885,-79.57053576,54093.0,87.73212457961691,0.0,6,6,0,0,6,6,6955,0,0,0,0,0
2020-06-30,US,West Virginia,Tyler,4,0,0,39.46811972,-80.88772676,54095.0,46.560353858689325,0.0,4,4,0,0,4,4,8746,0,0,0,0,0
2020-06-30,US,West Virginia,Unassigned,5,0,0,0.0,0.0,90054.0,0.0,0.0,5,,,,,,,,,,,
2020-06-30,US,West Virginia,Upshur,19,0,0,38.89285061,-80.23689136,54097.0,78.590337524818,0.0,19,19,0,0,19,16,24415,0,0,0,0,3
2020-06-30,US,West Virginia,Wayne,111,9,0,38.14901357,-82.42287994,54099.0,281.71158824425163,8.108108108108109,102,111,9,0,102,111,39944,0,0,0,0,0
2020-06-30,US,West Virginia,Webster,1,0,0,38.49370949,-80.4202023,54101.0,12.324377618930244,0.0,1,1,0,0,1,1,8285,0,0,0,0,0
2020-06-30,US,West Virginia,Wetzel,10,0,0,39.6065771,-80.64016540000001,54103.0,66.37902422834384,0.0,10,10,0,0,10,10,15270,0,0,0,0,0
2020-06-30,US,West Virginia,Wirt,4,0,0,39.02775007,-81.37473928,54105.0,68.7167153410067,0.0,4,4,0,0,4,4,5830,0,0,0,0,0
2020-06-30,US,West Virginia,Wood,86,2,0,39.20967886,-81.5162836,54107.0,102.97181445915852,2.3255813953488373,84,86,2,0,84,83,84203,0,0,0,0,3
2020-06-30,US,West Virginia,Wyoming,7,0,0,37.612327,-81.54511071,54109.0,34.32382073158772,0.0,7,7,0,0,7,7,20786,0,0,0,0,0
2020-06-30,US,Wisconsin,Adams,19,2,0,43.96974651,-89.76782777,55001.0,93.96636993076163,10.526315789473683,17,19,2,0,17,15,20348,0,0,0,0,4
2020-06-30,US,Wisconsin,Ashland,3,0,0,46.31956891,-90.67837132,55003.0,19.27772779848349,0.0,3,3,0,0,3,3,15600,0,0,0,0,0
2020-06-30,US,Wisconsin,Barron,34,1,0,45.42372701,-91.84833627,55005.0,75.14808593404649,2.9411764705882355,33,34,0,0,34,34,45164,0,1,0,-1,0
2020-06-30,US,Wisconsin,Bayfield,3,1,0,46.52868768,-91.19716729,55007.0,19.952114924181963,33.333333333333336,2,3,1,0,2,3,15042,0,0,0,0,0
2020-06-30,US,Wisconsin,Brown,2873,42,0,44.452655299999996,-88.00411844,55009.0,1086.0279275124556,1.461886529759833,2831,2825,42,0,2783,2826,263378,48,0,0,48,-1
2020-06-30,US,Wisconsin,Buffalo,7,2,0,44.37835084,-91.75332578,55011.0,53.718056941140354,28.57142857142857,5,7,2,0,5,7,13125,0,0,0,0,0
2020-06-30,US,Wisconsin,Burnett,3,1,0,45.86303537,-92.36711412,55013.0,19.46282600233554,33.333333333333336,2,3,1,0,2,3,15392,0,0,0,0,0
2020-06-30,US,Wisconsin,Calumet,108,2,0,44.0816316,-88.21780273,55015.0,215.6162031583781,1.851851851851852,106,106,2,0,104,103,50159,2,0,0,2,3
2020-06-30,US,Wisconsin,Chippewa,84,0,0,45.06939744,-91.28068855,55017.0,129.91431841380805,0.0,84,84,0,0,84,82,64135,0,0,0,0,2
2020-06-30,US,Wisconsin,Clark,72,6,0,44.73483377,-90.61207486,55019.0,207.05124518318283,8.333333333333334,66,70,6,0,64,70,34709,2,0,0,2,0
2020-06-30,US,Wisconsin,Columbia,85,1,0,43.46492199,-89.33589004,55021.0,147.74386428422443,1.1764705882352942,84,83,1,0,82,80,57358,2,0,0,2,3
2020-06-30,US,Wisconsin,Crawford,33,0,0,43.23870316,-90.93073686,55023.0,204.5750418448949,0.0,33,33,0,0,33,33,16291,0,0,0,0,0
2020-06-30,US,Wisconsin,Dane,1873,32,0,43.06601594,-89.41733797,55025.0,342.6041942948079,1.7084890549919916,1841,1727,32,0,1695,1647,542364,146,0,0,146,80
2020-06-30,US,Wisconsin,Dodge,459,5,0,43.41576662,-88.70928178,55027.0,522.5469324559706,1.0893246187363834,454,456,5,0,451,453,87847,3,0,0,3,3
2020-06-30,US,Wisconsin,Door,44,3,0,44.95856458,-87.30002707,55029.0,159.02848055515395,6.8181818181818175,41,43,3,0,40,43,27610,1,0,0,1,0
2020-06-30,US,Wisconsin,Douglas,25,0,0,46.43222285,-91.91595768,55031.0,57.937427578215534,0.0,25,24,0,0,24,24,43208,1,0,0,1,0
2020-06-30,US,Wisconsin,Dunn,37,0,0,44.94562799,-91.8962481,55033.0,81.55528125551051,0.0,37,37,0,0,37,38,45131,0,0,0,0,-1
2020-06-30,US,Wisconsin,Eau Claire,229,1,0,44.726614,-91.28609183,55035.0,218.83301798444282,0.4366812227074236,228,218,1,0,217,208,104534,11,0,0,11,10
2020-06-30,US,Wisconsin,Florence,3,0,0,45.84963535,-88.39804137,55037.0,69.848661233993,0.0,3,3,0,0,3,3,4321,0,0,0,0,0
2020-06-30,US,Wisconsin,Fond du Lac,311,6,0,43.75354908,-88.48885325,55039.0,300.76496813438683,1.929260450160772,305,309,6,0,303,308,103066,2,0,0,2,1
2020-06-30,US,Wisconsin,Forest,39,3,0,45.66678019,-88.77084892,55041.0,433.14082629942254,7.6923076923076925,36,38,3,0,35,38,8991,1,0,0,1,0
2020-06-30,US,Wisconsin,Grant,154,13,0,42.8671731,-90.7063218,55043.0,299.3837360757402,8.441558441558442,141,152,13,0,139,150,51554,2,0,0,2,2
2020-06-30,US,Wisconsin,Green,89,1,0,42.6794956,-89.60243287,55045.0,240.80086580086584,1.1235955056179776,88,88,1,0,87,88,36929,1,0,0,1,0
2020-06-30,US,Wisconsin,Green Lake,32,0,0,43.80025981,-89.04679553,55047.0,169.19579125469255,0.0,32,32,0,0,32,32,18918,0,0,0,0,0
2020-06-30,US,Wisconsin,Iowa,31,0,0,43.00050278,-90.13469017,55049.0,130.92321986654278,0.0,31,29,0,0,29,29,23771,2,0,0,2,0
2020-06-30,US,Wisconsin,Iron,6,1,0,46.26302338,-90.24295041,55051.0,105.50378055213643,16.666666666666668,5,6,1,0,5,5,5676,0,0,0,0,1
2020-06-30,US,Wisconsin,Jackson,27,1,0,44.31864893,-90.80566792,55053.0,130.79494259555298,3.703703703703704,26,26,1,0,25,26,20478,1,0,0,1,0
2020-06-30,US,Wisconsin,Jefferson,236,4,0,43.02054068,-88.77529134,55055.0,278.40366171595747,1.6949152542372878,232,234,4,0,230,228,85129,2,0,0,2,6
2020-06-30,US,Wisconsin,Juneau,36,1,0,43.92456975,-90.11120239,55057.0,134.89714093004085,2.7777777777777777,35,35,1,0,34,32,26617,1,0,0,1,3
2020-06-30,US,Wisconsin,Kenosha,1503,43,0,42.57639354,-88.04051686,55059.0,886.4066619092833,2.8609447771124414,1460,1490,43,0,1447,1478,169290,13,0,0,13,12
2020-06-30,US,Wisconsin,Kewaunee,56,1,0,44.51727459,-87.61468386,55061.0,274.0530488401684,1.7857142857142858,55,55,1,0,54,55,20383,1,0,0,1,0
2020-06-30,US,Wisconsin,La Crosse,432,0,0,43.90632465,-91.11451093,55063.0,366.05206073752714,0.0,432,404,0,0,404,403,118230,28,0,0,28,1
2020-06-30,US,Wisconsin,Lafayette,74,0,0,42.66005229,-90.1317729,55065.0,444.04440444044405,0.0,74,70,0,0,70,70,16665,4,0,0,4,0
2020-06-30,US,Wisconsin,Langlade,8,0,0,45.26271619,-89.07483625,55067.0,41.690551878680495,0.0,8,8,0,0,8,7,19268,0,0,0,0,1
2020-06-30,US,Wisconsin,Lincoln,10,0,0,45.33737523,-89.73411273,55069.0,36.24107563512485,0.0,10,9,0,0,9,9,27689,1,0,0,1,0
2020-06-30,US,Wisconsin,Manitowoc,94,1,0,44.11946801,-87.80928853,55071.0,119.01596586520807,1.0638297872340423,93,92,1,0,91,91,79074,2,0,0,2,1
2020-06-30,US,Wisconsin,Marathon,168,1,0,44.89792533,-89.75863384,55073.0,123.80980455737995,0.5952380952380952,167,158,1,0,157,150,135428,10,0,0,10,8
2020-06-30,US,Wisconsin,Marinette,56,3,0,45.38553432,-88.03324599999998,55075.0,138.78562577447337,5.357142857142857,53,53,3,0,50,53,40434,3,0,0,3,0
2020-06-30,US,Wisconsin,Marquette,13,1,0,43.81911946,-89.40073763,55077.0,83.47245409015025,7.6923076923076925,12,13,1,0,12,13,15434,0,0,0,0,0
2020-06-30,US,Wisconsin,Menominee,7,0,0,45.00422544,-88.70950714,55078.0,153.64354697102718,0.0,7,6,0,0,6,6,4658,1,0,0,1,0
2020-06-30,US,Wisconsin,Milwaukee,11358,390,0,43.00486062,-87.96733172,55079.0,1200.9821026386078,3.4337031167459067,10968,11216,389,0,10827,11110,948201,142,1,0,141,106
2020-06-30,US,Wisconsin,Monroe,66,1,0,43.94641218,-90.61881899999999,55081.0,142.6934469115517,1.5151515151515151,65,63,1,0,62,61,46051,3,0,0,3,2
2020-06-30,US,Wisconsin,Oconto,59,0,0,45.02715345,-88.26807503,55083.0,155.549696809913,0.0,59,56,0,0,56,56,37830,3,0,0,3,0
2020-06-30,US,Wisconsin,Oneida,19,0,0,45.70677897,-89.51944105,55085.0,53.37828346677905,0.0,19,19,0,0,19,19,35470,0,0,0,0,0
2020-06-30,US,Wisconsin,Outagamie,476,9,0,44.41578887,-88.46565023,55087.0,253.3464619315006,1.8907563025210083,467,463,8,0,455,454,187365,13,1,0,12,9
2020-06-30,US,Wisconsin,Ozaukee,229,15,0,43.38352225,-87.94625009,55089.0,256.66603153965997,6.5502183406113526,214,223,15,0,208,222,89147,6,0,0,6,1
2020-06-30,US,Wisconsin,Pepin,1,0,0,44.58307413,-91.99949611,55091.0,13.723068478111706,0.0,1,1,0,0,1,1,7289,0,0,0,0,0
2020-06-30,US,Wisconsin,Pierce,68,0,0,44.71850291,-92.4224416,55093.0,159.0494456659026,0.0,68,68,0,0,68,66,42555,0,0,0,0,2
2020-06-30,US,Wisconsin,Polk,48,1,0,45.46130348,-92.44182875,55095.0,109.63159217047712,2.083333333333333,47,48,1,0,47,46,43598,0,0,0,0,2
2020-06-30,US,Wisconsin,Portage,142,0,0,44.47558711,-89.50152965,55097.0,200.64432261346292,0.0,142,135,0,0,135,130,70942,7,0,0,7,5
2020-06-30,US,Wisconsin,Price,2,0,0,45.68051754,-90.36098879999999,55099.0,14.980151299528124,0.0,2,2,0,0,2,2,13397,0,0,0,0,0
2020-06-30,US,Wisconsin,Racine,2171,63,0,42.74753117,-88.05941254,55101.0,1105.898294033447,2.9018885306310462,2108,2155,61,0,2094,2151,196584,16,2,0,14,4
2020-06-30,US,Wisconsin,Richland,15,4,0,43.3762778,-90.43012729,55103.0,86.94644099234871,26.66666666666667,11,15,4,0,11,15,17377,0,0,0,0,0
2020-06-30,US,Wisconsin,Rock,864,24,0,42.67151616,-89.07147900000002,55105.0,528.9126681930042,2.7777777777777777,840,853,23,0,830,848,163129,11,1,0,10,5
2020-06-30,US,Wisconsin,Rusk,11,0,0,45.47498854,-91.1333012,55107.0,77.58499083086474,0.0,11,11,0,0,11,11,14147,0,0,0,0,0
2020-06-30,US,Wisconsin,Sauk,107,3,0,43.42574087,-89.94966132,55111.0,166.04078085720494,2.803738317757009,104,105,3,0,102,102,64249,2,0,0,2,3
2020-06-30,US,Wisconsin,Sawyer,12,0,0,45.87931905,-91.14504927,55113.0,72.47252083584974,0.0,12,12,0,0,12,12,16489,0,0,0,0,0
2020-06-30,US,Wisconsin,Shawano,78,0,0,44.78902246,-88.76443896,55115.0,190.71370938164745,0.0,78,76,0,0,76,75,40796,2,0,0,2,1
2020-06-30,US,Wisconsin,Sheboygan,208,4,0,43.72099677,-87.94579284,55117.0,180.33639674007281,1.9230769230769231,204,201,4,0,197,198,115456,7,0,0,7,3
2020-06-30,US,Wisconsin,St. Croix,164,1,0,45.03437474,-92.45000068,55109.0,180.8417965088712,0.6097560975609756,163,159,1,0,158,158,89694,5,0,0,5,1
2020-06-30,US,Wisconsin,Taylor,12,0,0,45.21179252,-90.5004405,55119.0,58.988349800914314,0.0,12,12,0,0,12,12,20412,0,0,0,0,0
2020-06-30,US,Wisconsin,Trempealeau,116,0,0,44.30360275,-91.35893614,55121.0,391.2442240885022,0.0,116,111,0,0,111,112,29442,5,0,0,5,-1
2020-06-30,US,Wisconsin,Vernon,35,0,0,43.59422667,-90.8324691,55123.0,113.55525274154823,0.0,35,32,0,0,32,32,30785,3,0,0,3,0
2020-06-30,US,Wisconsin,Vilas,10,0,0,46.05467334,-89.51719204,55125.0,45.05519261094841,0.0,10,10,0,0,10,10,21938,0,0,0,0,0
2020-06-30,US,Wisconsin,Walworth,607,18,0,42.66858202,-88.54163073,55127.0,584.3955790041207,2.9654036243822075,589,574,18,0,556,572,103718,33,0,0,33,2
2020-06-30,US,Wisconsin,Washburn,4,0,0,45.89838588,-91.79050449,55129.0,25.44529262086514,0.0,4,4,0,0,4,4,15878,0,0,0,0,0
2020-06-30,US,Wisconsin,Washington,368,15,0,43.36863664,-88.22974712,55131.0,270.5206051428319,4.076086956521738,353,358,15,0,343,354,135693,10,0,0,10,4
2020-06-30,US,Wisconsin,Waukesha,1175,38,0,43.01833055,-88.30431188,55133.0,290.69911281104805,3.234042553191489,1137,1151,38,0,1113,1133,403072,24,0,0,24,18
2020-06-30,US,Wisconsin,Waupaca,113,7,0,44.47068056,-88.96534501,55135.0,221.6120808001569,6.1946902654867255,106,106,6,0,100,106,51128,7,1,0,6,0
2020-06-30,US,Wisconsin,Waushara,25,0,0,44.11324419,-89.24317107,55137.0,102.27877101828743,0.0,25,23,0,0,23,23,24263,2,0,0,2,0
2020-06-30,US,Wisconsin,Winnebago,669,11,0,44.06886922,-88.64477096,55139.0,389.1639083923285,1.6442451420029895,658,662,11,0,651,655,171020,7,0,0,7,7
2020-06-30,US,Wisconsin,Wood,51,1,0,44.45537896,-90.04158336,55141.0,69.8639707393252,1.96078431372549,50,49,1,0,48,47,73055,2,0,0,2,2
2020-06-30,US,Wyoming,Albany,34,0,0,41.65498705,-105.72354150000001,56001.0,87.4485596707819,0.0,34,34,0,0,34,32,38601,0,0,0,0,2
2020-06-30,US,Wyoming,Big Horn,20,0,0,44.52405055,-107.9960365,56003.0,169.63528413910097,0.0,20,14,0,0,14,12,11881,6,0,0,6,2
2020-06-30,US,Wyoming,Campbell,56,0,0,44.24886082,-105.54744040000001,56005.0,120.84331369629486,0.0,56,55,0,0,55,55,46140,1,0,0,1,0
2020-06-30,US,Wyoming,Carbon,23,0,0,41.69357844,-106.9326084,56007.0,155.40540540540542,0.0,23,22,0,0,22,22,14971,1,0,0,1,0
2020-06-30,US,Wyoming,Converse,26,0,0,42.97272268,-105.5081848,56009.0,188.10591810157717,0.0,26,26,0,0,26,26,13640,0,0,0,0,0
2020-06-30,US,Wyoming,Crook,7,0,0,44.58855102,-104.56977049999999,56011.0,92.2995780590717,0.0,7,7,0,0,7,7,7450,0,0,0,0,0
2020-06-30,US,Wyoming,Fremont,355,0,0,43.04183996,-108.6296893,56013.0,904.2051909019127,0.0,355,356,0,0,356,355,39531,-1,0,0,-1,1
2020-06-30,US,Wyoming,Goshen,5,0,0,42.08798185,-104.3534743,56015.0,37.847248505033676,0.0,5,5,0,0,5,5,13376,0,0,0,0,0
2020-06-30,US,Wyoming,Hot Springs,12,0,0,43.71930657,-108.44231740000001,56017.0,271.92386131883075,0.0,12,12,0,0,12,12,4555,0,0,0,0,0
2020-06-30,US,Wyoming,Johnson,20,1,0,44.04057166,-106.58451740000001,56019.0,236.82652457075196,5.0,19,20,1,0,19,20,8460,0,0,0,0,0
2020-06-30,US,Wyoming,Laramie,261,0,0,41.30702520000001,-104.6887497,56021.0,262.3115577889447,0.0,261,256,0,0,256,250,98976,5,0,0,5,6
2020-06-30,US,Wyoming,Lincoln,23,0,0,42.26376367,-110.6563997,56023.0,115.98587997982855,0.0,23,18,0,0,18,17,19434,5,0,0,5,1
2020-06-30,US,Wyoming,Natrona,121,0,0,42.96180148,-106.79788500000001,56025.0,151.51894612937966,0.0,121,120,0,0,120,118,79115,1,0,0,1,2
2020-06-30,US,Wyoming,Niobrara,2,0,0,43.05607708,-104.47588959999999,56027.0,84.88964346349746,0.0,2,2,0,0,2,2,2388,0,0,0,0,0
2020-06-30,US,Wyoming,Park,50,0,0,44.52157546,-109.58528249999999,56029.0,171.26806878125646,0.0,50,40,0,0,40,37,29324,10,0,0,10,3
2020-06-30,US,Wyoming,Platte,3,0,0,42.13299116,-104.96633100000001,56031.0,35.74407244132015,0.0,3,2,0,0,2,2,8566,1,0,0,1,0
2020-06-30,US,Wyoming,Sheridan,27,0,0,44.79048913,-106.8862389,56033.0,88.56814826964079,0.0,27,26,0,0,26,26,30233,1,0,0,1,0
2020-06-30,US,Wyoming,Sublette,6,0,0,42.76558279,-109.91309220000001,56035.0,61.03143118706135,0.0,6,6,0,0,6,6,9813,0,0,0,0,0
2020-06-30,US,Wyoming,Sweetwater,90,0,0,41.65943896,-108.8827882,56037.0,212.54989018255677,0.0,90,86,0,0,86,82,43051,4,0,0,4,4
2020-06-30,US,Wyoming,Teton,129,0,0,43.93522482,-110.5890801,56039.0,549.7783839072622,0.0,129,128,0,0,128,123,23081,1,0,0,1,5
2020-06-30,US,Wyoming,Uinta,176,0,0,41.2878183,-110.54757820000002,56041.0,870.1671116384853,0.0,176,174,0,0,174,168,20299,2,0,0,2,6
2020-06-30,US,Wyoming,Unassigned,0,19,0,0.0,0.0,90056.0,0.0,0.0,-19,0,19,0,-19,0,,0,0,0,0,0
2020-06-30,US,Wyoming,Washakie,39,0,0,43.90451606,-107.68018700000002,56043.0,499.6796925048046,0.0,39,39,0,0,39,39,7885,0,0,0,0,0
2020-06-30,US,Wyoming,Weston,2,0,0,43.83961191,-104.56748809999999,56045.0,28.872527789808,0.0,2,2,0,0,2,1,6967,0,0,0,0,1
