Date,Country/Region,Province/State,Admin2,Confirmed,Deaths,Recovered,Latitude,Longitude,FIPS,Incidence_Rate,Case-Fatality_Ratio,Active Cases,Previous Confirmed,Previous Deaths,Previous Recovered,Previous Active,Prev2 Confirmed,Population,Daily Confirmed,Daily Deaths,Daily Recovered,Daily Active,Previous Daily Confirmed
2020-08-28,US,Alabama,Autauga,1296,22,0,32.53952745,-86.64408227,1001.0,2319.712183858669,1.6975308641975309,1274,1284,22,0,1262,1281,55601,12,0,0,12,3
2020-08-28,US,Alabama,Baldwin,4230,35,0,30.72774991,-87.72207058,1003.0,1894.872644848007,0.8274231678486997,4195,4199,34,0,4165,4166,218022,31,1,0,30,33
2020-08-28,US,Alabama,Barbour,620,7,0,31.868263,-85.3871286,1005.0,2511.545005266143,1.1290322580645162,613,614,7,0,607,616,24881,6,0,0,6,-2
2020-08-28,US,Alabama,Bibb,517,5,0,32.99642064,-87.12511459999996,1007.0,2308.654103777797,0.9671179883945842,512,515,5,0,510,513,22400,2,0,0,2,2
2020-08-28,US,Alabama,Blount,983,9,0,33.98210918,-86.56790593,1009.0,1699.927368311832,0.9155645981688708,974,979,7,0,972,968,57840,4,2,0,2,11
2020-08-28,US,Alabama,Bullock,530,13,0,32.10030533,-85.71265535,1011.0,5247.005247005247,2.452830188679245,517,527,13,0,514,526,10138,3,0,0,3,1
2020-08-28,US,Alabama,Butler,814,36,0,31.75300095,-86.68057478,1013.0,4185.52036199095,4.422604422604422,778,813,36,0,777,809,19680,1,0,0,1,4
2020-08-28,US,Alabama,Calhoun,2255,27,0,33.77483727,-85.82630386,1015.0,1984.9478456053866,1.197339246119734,2228,2225,26,0,2199,2215,114277,30,1,0,29,10
2020-08-28,US,Alabama,Chambers,863,39,0,32.91360079,-85.39072749,1017.0,2595.1765201178805,4.519119351100811,824,860,38,0,822,862,33615,3,1,0,2,-2
2020-08-28,US,Alabama,Cherokee,336,11,0,34.17805983,-85.60638968,1019.0,1282.638570774164,3.273809523809524,325,336,11,0,325,331,26032,0,0,0,0,5
2020-08-28,US,Alabama,Chilton,1007,10,0,32.85044126,-86.7173256,1021.0,2266.588637795985,0.99304865938431,997,983,10,0,973,965,44153,24,0,0,24,18
2020-08-28,US,Alabama,Choctaw,314,12,0,32.02227341,-88.26564429999998,1023.0,2494.241004051156,3.8216560509554136,302,314,12,0,302,315,12841,0,0,0,0,-1
2020-08-28,US,Alabama,Clarke,902,12,0,31.68099859,-87.83548597,1025.0,3818.474303615274,1.3303769401330376,890,900,12,0,888,900,23920,2,0,0,2,0
2020-08-28,US,Alabama,Clay,338,6,0,33.26984193,-85.85836077,1027.0,2553.8345296562147,1.7751479289940828,332,329,6,0,323,333,13275,9,0,0,9,-4
2020-08-28,US,Alabama,Cleburne,197,4,0,33.67679204,-85.52005899,1029.0,1321.2608987256876,2.0304568527918785,193,193,4,0,189,191,14987,4,0,0,4,2
2020-08-28,US,Alabama,Coffee,924,5,0,31.39932826,-85.98901039,1031.0,1765.3127507546521,0.5411255411255411,919,914,5,0,909,909,51909,10,0,0,10,5
2020-08-28,US,Alabama,Colbert,1393,21,0,34.69847452,-87.80168544,1033.0,2521.677739360258,1.5075376884422111,1372,1381,19,0,1362,1367,54762,12,2,0,10,14
2020-08-28,US,Alabama,Conecuh,434,11,0,31.43401703,-86.99320044,1035.0,3596.585729675976,2.5345622119815667,423,432,11,0,421,431,12277,2,0,0,2,1
2020-08-28,US,Alabama,Coosa,108,3,0,32.93690146,-86.24847739,1037.0,1012.848166557254,2.7777777777777777,105,108,3,0,105,110,10715,0,0,0,0,-2
2020-08-28,US,Alabama,Covington,805,24,0,31.247785399999998,-86.45050893,1039.0,2172.798186185862,2.9813664596273286,781,800,22,0,778,796,36986,5,2,0,3,4
2020-08-28,US,Alabama,Crenshaw,378,20,0,31.72941803,-86.31593104,1041.0,2744.699390066802,5.291005291005291,358,376,20,0,356,377,13824,2,0,0,2,-1
2020-08-28,US,Alabama,Cullman,1396,11,0,34.13020303,-86.86888037,1043.0,1666.5074968961897,0.7879656160458453,1385,1387,11,0,1376,1386,83442,9,0,0,9,1
2020-08-28,US,Alabama,Dale,986,36,0,31.43037123,-85.61095742,1045.0,2005.2062149190601,3.6511156186612577,950,983,36,0,947,975,48956,3,0,0,3,8
2020-08-28,US,Alabama,Dallas,1405,25,0,32.32688101,-87.10866709999998,1047.0,3777.287880417249,1.7793594306049825,1380,1400,25,0,1375,1395,38310,5,0,0,5,5
2020-08-28,US,Alabama,DeKalb,2035,14,0,34.45946862,-85.80782906,1049.0,2845.6364577069903,0.687960687960688,2021,2026,14,0,2012,2010,71385,9,0,0,9,16
2020-08-28,US,Alabama,Elmore,1966,42,0,32.59785413,-86.14415284,1051.0,2420.9139381103078,2.136317395727365,1924,1950,42,0,1908,1935,81887,16,0,0,16,15
2020-08-28,US,Alabama,Escambia,1199,22,0,31.1256789,-87.15918694,1053.0,3273.005213878197,1.834862385321101,1177,1190,21,0,1169,1193,36748,9,1,0,8,-3
2020-08-28,US,Alabama,Etowah,2600,39,0,34.04567266,-86.04051873,1055.0,2542.339734814409,1.5,2561,2578,38,0,2540,2568,102501,22,1,0,21,10
2020-08-28,US,Alabama,Fayette,282,6,0,33.72076938,-87.73886638,1057.0,1729.849098270151,2.127659574468085,276,276,6,0,270,272,16433,6,0,0,6,4
2020-08-28,US,Alabama,Franklin,1504,26,0,34.44235334,-87.84289505,1059.0,4795.612524711434,1.7287234042553192,1478,1475,25,0,1450,1465,31363,29,1,0,28,10
2020-08-28,US,Alabama,Geneva,370,3,0,31.09389027,-85.83572839,1061.0,1408.3970918503296,0.8108108108108109,367,367,3,0,364,365,26314,3,0,0,3,2
2020-08-28,US,Alabama,Greene,275,14,0,32.85504247,-87.95684022,1063.0,3390.457403526076,5.090909090909091,261,274,14,0,260,273,8233,1,0,0,1,1
2020-08-28,US,Alabama,Hale,522,27,0,32.76039258,-87.63284988,1065.0,3562.896730598594,5.172413793103448,495,521,27,0,494,517,14726,1,0,0,1,4
2020-08-28,US,Alabama,Henry,314,3,0,31.51148016,-85.24267944,1067.0,1825.0508573089212,0.9554140127388536,311,312,3,0,309,310,17209,2,0,0,2,2
2020-08-28,US,Alabama,Houston,1785,14,0,31.15197924,-85.29939599,1069.0,1685.8389527965094,0.7843137254901961,1771,1766,14,0,1752,1762,104722,19,0,0,19,4
2020-08-28,US,Alabama,Jackson,1247,7,0,34.78144169,-85.99750489,1071.0,2415.449579669159,0.5613472333600642,1240,1237,7,0,1230,1238,51736,10,0,0,10,-1
2020-08-28,US,Alabama,Jefferson,15325,286,0,33.55554728,-86.89506300000002,1073.0,2327.000955095335,1.866231647634584,15039,15175,286,0,14889,15068,659300,150,0,0,150,107
2020-08-28,US,Alabama,Lamar,266,2,0,33.77995024,-88.09668032,1075.0,1926.8381021369064,0.7518796992481203,264,266,2,0,264,266,13844,0,0,0,0,0
2020-08-28,US,Alabama,Lauderdale,1384,23,0,34.90171875,-87.65624729,1077.0,1492.5212177420224,1.6618497109826589,1361,1373,22,0,1351,1364,92387,11,1,0,10,9
2020-08-28,US,Alabama,Lawrence,433,5,0,34.52041498,-87.31069453,1079.0,1315.1500425221725,1.1547344110854505,428,432,5,0,427,427,32957,1,0,0,1,5
2020-08-28,US,Alabama,Lee,3091,48,0,32.60154883,-85.35132246,1081.0,1878.547726416356,1.552895503073439,3043,3031,48,0,2983,3006,163941,60,0,0,60,25
2020-08-28,US,Alabama,Limestone,1596,14,0,34.81185586,-86.98310072,1083.0,1613.5065460243645,0.8771929824561403,1582,1591,14,0,1577,1570,96174,5,0,0,5,21
2020-08-28,US,Alabama,Lowndes,593,24,0,32.1597283,-86.65158371,1085.0,6097.059428336418,4.0472175379426645,569,590,24,0,566,588,9974,3,0,0,3,2
2020-08-28,US,Alabama,Macon,383,16,0,32.38759944,-85.69267724,1087.0,2119.7697586893955,4.1775456919060066,367,381,16,0,365,380,18439,2,0,0,2,1
2020-08-28,US,Alabama,Madison,6088,46,0,34.76327133,-86.55069633,1089.0,1632.5698762968982,0.7555847568988173,6042,6048,45,0,6003,6008,366519,40,1,0,39,40
2020-08-28,US,Alabama,Marengo,620,17,0,32.24767634,-87.78796182,1091.0,3286.857869904045,2.7419354838709675,603,621,17,0,604,621,19066,-1,0,0,-1,0
2020-08-28,US,Alabama,Marion,699,28,0,34.13697363,-87.88704173,1093.0,2352.822377057457,4.005722460658083,671,691,28,0,663,681,29763,8,0,0,8,10
2020-08-28,US,Alabama,Marshall,3457,41,0,34.36975964,-86.30486727,1095.0,3572.240477814289,1.1859994214636969,3416,3441,39,0,3402,3438,96109,16,2,0,14,3
2020-08-28,US,Alabama,Mobile,11830,250,0,30.78472347,-88.20842409,1097.0,2862.9510418431305,2.113271344040575,11580,11778,247,0,11531,11731,413757,52,3,0,49,47
2020-08-28,US,Alabama,Monroe,443,6,0,31.56729412,-87.36995001,1099.0,2136.690300487146,1.3544018058690743,437,439,6,0,433,439,21067,4,0,0,4,0
2020-08-28,US,Alabama,Montgomery,7582,159,0,32.2206831,-86.20969272,1101.0,3347.6682885476366,2.0970720126615667,7423,7551,157,0,7394,7497,225763,31,2,0,29,54
2020-08-28,US,Alabama,Morgan,2742,22,0,34.45500589,-86.85475946,1103.0,2291.128769458301,0.8023340627279358,2720,2723,22,0,2701,2698,119089,19,0,0,19,25
2020-08-28,US,Alabama,Perry,477,5,0,32.64048341,-87.29770589,1105.0,5345.735739101198,1.0482180293501049,472,473,4,0,469,473,9140,4,1,0,3,0
2020-08-28,US,Alabama,Pickens,515,10,0,33.28094866,-88.08818103,1107.0,2584.044154540893,1.9417475728155342,505,511,10,0,501,508,19938,4,0,0,4,3
2020-08-28,US,Alabama,Pike,814,7,0,31.80396383,-85.9408295,1109.0,2458.174790118983,0.85995085995086,807,809,7,0,802,802,33338,5,0,0,5,7
2020-08-28,US,Alabama,Randolph,458,11,0,33.29526734,-85.45708831,1111.0,2015.667634891295,2.4017467248908297,447,456,11,0,445,450,22725,2,0,0,2,6
2020-08-28,US,Alabama,Russell,1512,2,0,32.28725256,-85.18415324,1113.0,2608.65064439882,0.13227513227513227,1510,1507,2,0,1505,1503,57781,5,0,0,5,4
2020-08-28,US,Alabama,Shelby,3824,40,0,33.26879845,-86.66232561,1117.0,1756.529567941498,1.0460251046025104,3784,3758,40,0,3718,3732,215707,66,0,0,66,26
2020-08-28,US,Alabama,St. Clair,1604,26,0,33.71902176,-86.31029372,1115.0,1791.9385110376265,1.6209476309226931,1578,1577,25,0,1552,1568,88690,27,1,0,26,9
2020-08-28,US,Alabama,Sumter,395,19,0,32.59117397,-88.19916205,1119.0,3178.562806791663,4.810126582278482,376,393,19,0,374,393,12691,2,0,0,2,0
2020-08-28,US,Alabama,Talladega,1232,17,0,33.37823223,-86.16886178,1121.0,1540.4236164945362,1.37987012987013,1215,1224,17,0,1207,1222,79828,8,0,0,8,2
2020-08-28,US,Alabama,Tallapoosa,915,81,0,32.86698258,-85.79833053,1123.0,2266.702999975227,8.852459016393443,834,911,79,0,832,910,40497,4,2,0,2,1
2020-08-28,US,Alabama,Tuscaloosa,5024,87,0,33.28726072,-87.52556818,1125.0,2399.7516180650086,1.731687898089172,4937,4954,87,0,4867,4899,208911,70,0,0,70,55
2020-08-28,US,Alabama,Unassigned,8462,90,0,0.0,0.0,90001.0,0.0,1.0635783502718033,8372,8229,86,0,8143,7128,,233,4,0,229,1101
2020-08-28,US,Alabama,Walker,1790,70,0,33.80270512,-87.30027177,1127.0,2817.965712126699,3.910614525139665,1720,1776,68,0,1708,1758,63711,14,2,0,12,18
2020-08-28,US,Alabama,Washington,492,13,0,31.4092794,-88.20689944,1129.0,3013.597941933113,2.6422764227642275,479,492,13,0,479,494,16378,0,0,0,0,-2
2020-08-28,US,Alabama,Wilcox,478,10,0,31.98773215,-87.30891118,1131.0,4608.117227417333,2.092050209205021,468,476,10,0,466,475,10627,2,0,0,2,1
2020-08-28,US,Alabama,Winston,531,11,0,34.15030532,-87.37325922,1133.0,2247.238562783021,2.071563088512241,520,522,11,0,511,512,23660,9,0,0,9,10
2020-08-28,US,Alaska,Aleutians East,2,0,0,55.32222414,-161.9722021,2013.0,59.93407252022774,0.0,2,2,0,0,2,2,3515,0,0,0,0,0
2020-08-28,US,Alaska,Aleutians West,6,0,0,52.3233,-174.1596,2016.0,106.49627263045794,0.0,6,6,0,0,6,6,5723,0,0,0,0,0
2020-08-28,US,Alaska,Anchorage,2897,21,0,61.14998174,-149.14269860000005,2020.0,1005.9027777777776,0.7248878149810148,2876,2819,21,0,2798,2777,291538,78,0,0,78,42
2020-08-28,US,Alaska,Bethel,58,1,0,60.90980451,-159.8561831,2050.0,315.4574132492114,1.7241379310344829,57,55,1,0,54,55,18216,3,0,0,3,0
2020-08-28,US,Alaska,Bristol Bay,11,0,0,58.74513976,-156.701064,2060.0,1315.7894736842104,0.0,11,11,0,0,11,11,877,0,0,0,0,0
2020-08-28,US,Alaska,Denali,1,0,0,63.67264044,-150.0076108,2068.0,47.687172150691474,0.0,1,1,0,0,1,1,2059,0,0,0,0,0
2020-08-28,US,Alaska,Dillingham,5,0,0,59.79603738,-158.23819419999995,2070.0,101.70870626525631,0.0,5,5,0,0,5,5,5000,0,0,0,0,0
2020-08-28,US,Alaska,Fairbanks North Star,607,8,0,64.80726247,-146.5692662,2090.0,626.7488564672841,1.317957166392092,599,590,8,0,582,575,98971,17,0,0,17,15
2020-08-28,US,Alaska,Haines,5,0,0,59.09893571,-135.4679843,2100.0,197.6284584980237,0.0,5,5,0,0,5,5,2474,0,0,0,0,0
2020-08-28,US,Alaska,Juneau,171,1,0,58.45031811,-134.200436,2110.0,534.8095327453556,0.5847953216374269,170,168,1,0,167,164,32113,3,0,0,3,4
2020-08-28,US,Alaska,Kenai Peninsula,406,2,0,60.24429722,-151.53888840000005,2122.0,691.5582203447569,0.4926108374384237,404,406,2,0,404,406,58533,0,0,0,0,0
2020-08-28,US,Alaska,Ketchikan Gateway,44,0,0,55.57445008,-130.975561,2130.0,316.52399107977845,0.0,44,43,0,0,43,43,13918,1,0,0,1,0
2020-08-28,US,Alaska,Kodiak Island,14,0,0,57.65529415,-153.7493579,2150.0,107.70887828896757,0.0,14,14,0,0,14,14,13345,0,0,0,0,0
2020-08-28,US,Alaska,Kusilvak,8,0,0,62.15429159999999,-163.39678830000003,2158.0,96.22323791195574,0.0,8,8,0,0,8,8,8303,0,0,0,0,0
2020-08-28,US,Alaska,Matanuska-Susitna,469,2,0,62.31305045,-149.5741743,2170.0,432.98835824478147,0.4264392324093816,467,466,2,0,464,454,107610,3,0,0,3,12
2020-08-28,US,Alaska,Nome,35,0,0,64.90320724,-164.0353804,2180.0,349.86005597760897,0.0,35,32,0,0,32,32,10008,3,0,0,3,0
2020-08-28,US,Alaska,North Slope,37,0,0,69.31479216,-153.4836093,2185.0,376.32221318144826,0.0,37,35,0,0,35,34,9872,2,0,0,2,1
2020-08-28,US,Alaska,Northwest Arctic,65,0,0,67.04919196,-159.7503946,2188.0,852.906442724052,0.0,65,65,0,0,65,65,7671,0,0,0,0,0
2020-08-28,US,Alaska,Petersburg,7,1,0,57.13978948,-132.9540995,2195.0,214.32945499081444,14.285714285714285,6,7,1,0,6,7,3221,0,0,0,0,0
2020-08-28,US,Alaska,Prince of Wales-Hyder,23,0,0,55.76261984,-133.0511621,2198.0,370.78832822827667,0.0,23,21,0,0,21,20,6422,2,0,0,2,1
2020-08-28,US,Alaska,Sitka,36,0,0,57.24124555,-135.3206587,2220.0,423.8784881667256,0.0,36,35,0,0,35,34,8647,1,0,0,1,1
2020-08-28,US,Alaska,Southeast Fairbanks,18,0,0,63.87692095,-143.2127643,2240.0,261.13448425939356,0.0,18,18,0,0,18,18,6918,0,0,0,0,0
2020-08-28,US,Alaska,Unassigned,4,0,0,0.0,0.0,90002.0,0.0,0.0,4,3,0,0,3,2,,1,0,0,1,1
2020-08-28,US,Alaska,Valdez-Cordova,72,0,0,61.47502768,-144.7126799,2261.0,782.4386003042816,0.0,72,71,0,0,71,71,9164,1,0,0,1,0
2020-08-28,US,Alaska,Wrangell,10,0,0,56.3202004,-132.05837309999998,2275.0,399.6802557953637,0.0,10,10,0,0,10,9,2503,0,0,0,0,1
2020-08-28,US,Alaska,Yakutat,12,0,0,59.890980799999994,-140.36014509999998,2282.0,2072.538860103627,0.0,12,11,0,0,11,11,604,1,0,0,1,0
2020-08-28,US,Alaska,Yukon-Koyukuk,69,1,0,65.50815459,-151.39073869999999,2290.0,1319.3116634799235,1.4492753623188406,68,67,1,0,66,66,5327,2,0,0,2,1
2020-08-28,US,Arizona,Apache,3329,153,0,35.39465006,-109.4892383,4001.0,4630.8790184595255,4.595974767197356,3176,3323,151,0,3172,3315,71818,6,2,0,4,8
2020-08-28,US,Arizona,Cochise,1809,59,0,31.87934684,-109.7516088,4003.0,1436.6036117596607,3.2614704256495295,1750,1805,58,0,1747,1802,126770,4,1,0,3,3
2020-08-28,US,Arizona,Coconino,3287,124,0,35.83883429,-111.77071780000001,4005.0,2290.975494159302,3.772436872528141,3163,3269,123,0,3146,3266,142854,18,1,0,17,3
2020-08-28,US,Arizona,Gila,1101,47,0,33.80190085,-110.8132779,4007.0,2038.20948572698,4.268846503178929,1054,1095,47,0,1048,1081,53889,6,0,0,6,14
2020-08-28,US,Arizona,Graham,707,22,0,32.93166885,-109.8882178,4009.0,1820.4289723717075,3.111739745403112,685,702,22,0,680,698,38072,5,0,0,5,4
2020-08-28,US,Arizona,Greenlee,58,1,0,33.21498827,-109.2405279,4011.0,610.6548747104654,1.7241379310344829,57,58,1,0,57,58,9483,0,0,0,0,0
2020-08-28,US,Arizona,La Paz,498,15,0,33.72854224,-113.98100290000001,4012.0,2359.295054007959,3.0120481927710845,483,498,15,0,483,496,21098,0,0,0,0,2
2020-08-28,US,Arizona,Maricopa,132986,2924,0,33.34835867,-112.49181540000001,4013.0,2964.854526248859,2.198727685621043,130062,132704,2896,0,129808,132434,4410824,282,28,0,254,270
2020-08-28,US,Arizona,Mohave,3585,202,0,35.70471703,-113.7577902,4015.0,1689.5952040946177,5.634588563458856,3383,3566,202,0,3364,3541,209550,19,0,0,19,25
2020-08-28,US,Arizona,Navajo,5569,219,0,35.3997715,-110.3218983,4017.0,5020.5546139699245,3.9324833901957263,5350,5546,218,0,5328,5529,110445,23,1,0,22,17
2020-08-28,US,Arizona,Pima,21072,574,0,32.0971334,-111.7890033,4019.0,2012.071281864718,2.7239939255884584,20498,21001,567,0,20434,20911,1039073,71,7,0,64,90
2020-08-28,US,Arizona,Pinal,9488,183,0,32.90525627,-111.3449483,4021.0,2050.1783750262,1.928752107925801,9305,9435,180,0,9255,9247,447138,53,3,0,50,188
2020-08-28,US,Arizona,Santa Cruz,2720,57,0,31.52508998,-110.8479088,4023.0,5849.713966192095,2.0955882352941178,2663,2718,57,0,2661,2718,46511,2,0,0,2,0
2020-08-28,US,Arizona,Unassigned,0,1,0,0.0,0.0,90004.0,0.0,0.0,-1,0,1,0,-1,0,,0,0,0,0,0
2020-08-28,US,Arizona,Yavapai,2284,78,0,34.59933926,-112.5538588,4025.0,971.5056210362444,3.415061295971978,2206,2277,76,0,2201,2260,231993,7,2,0,5,17
2020-08-28,US,Arizona,Yuma,12165,319,0,32.76895712,-113.90666740000002,4027.0,5690.24309242377,2.622277024249897,11846,12142,315,0,11827,12103,212128,23,4,0,19,39
2020-08-28,US,Arkansas,Arkansas,275,3,0,34.29145151,-91.37277296,5001.0,1572.6867208052154,1.0909090909090908,272,273,2,0,271,270,17769,2,1,0,1,3
2020-08-28,US,Arkansas,Ashley,387,7,0,33.19153461,-91.76984709999999,5003.0,1968.7643078801443,1.8087855297157625,380,386,7,0,379,383,20046,1,0,0,1,3
2020-08-28,US,Arkansas,Baxter,132,0,0,36.28784385,-92.33782872,5005.0,314.7953830010493,0.0,132,129,0,0,129,121,41619,3,0,0,3,8
2020-08-28,US,Arkansas,Benton,5238,48,0,36.33644656,-94.25680817,5007.0,1876.471030769396,0.9163802978235968,5190,5185,47,0,5138,5147,272608,53,1,0,52,38
2020-08-28,US,Arkansas,Boone,309,2,0,36.3084504,-93.09374925,5009.0,825.4969010472322,0.6472491909385113,307,301,1,0,300,292,37480,8,1,0,7,9
2020-08-28,US,Arkansas,Bradley,284,5,0,33.46755808,-92.15980837,5011.0,2638.669515934219,1.7605633802816902,279,275,5,0,270,271,10897,9,0,0,9,4
2020-08-28,US,Arkansas,Calhoun,23,0,0,33.55598792,-92.49974403,5013.0,443.24532665253423,0.0,23,23,0,0,23,23,5277,0,0,0,0,0
2020-08-28,US,Arkansas,Carroll,455,7,0,36.34038560000001,-93.54270261,5015.0,1603.2417195207893,1.5384615384615383,448,448,7,0,441,442,28223,7,0,0,7,6
2020-08-28,US,Arkansas,Chicot,955,10,0,33.26458973,-91.29539209,5017.0,9438.624234038349,1.0471204188481675,945,948,10,0,938,943,10438,7,0,0,7,5
2020-08-28,US,Arkansas,Clark,224,3,0,34.04613432,-93.17484713,5019.0,1003.584229390681,1.3392857142857142,221,222,3,0,219,218,22061,2,0,0,2,4
2020-08-28,US,Arkansas,Clay,172,6,0,36.36826212,-90.4148172,5021.0,1182.0493436877189,3.4883720930232562,166,170,5,0,165,167,14847,2,1,0,1,3
2020-08-28,US,Arkansas,Cleburne,255,7,0,35.53864922,-92.02640019,5023.0,1023.3155423572374,2.7450980392156863,248,253,6,0,247,249,24965,2,1,0,1,4
2020-08-28,US,Arkansas,Cleveland,135,3,0,33.89723187,-92.18537045,5025.0,1696.8325791855207,2.2222222222222223,132,134,3,0,131,132,8018,1,0,0,1,2
2020-08-28,US,Arkansas,Columbia,290,14,0,33.21230701,-93.22642793,5027.0,1236.304727799804,4.827586206896552,276,288,14,0,274,286,23537,2,0,0,2,2
2020-08-28,US,Arkansas,Conway,200,3,0,35.26205537,-92.70506566,5029.0,959.4166746618056,1.5,197,196,3,0,193,195,20891,4,0,0,4,1
2020-08-28,US,Arkansas,Craighead,1772,15,0,35.83018283,-90.63235729,5031.0,1606.0617046731686,0.8465011286681715,1757,1746,14,0,1732,1728,108558,26,1,0,25,18
2020-08-28,US,Arkansas,Crawford,896,6,0,35.58928601,-94.2446814,5033.0,1416.4440299097332,0.6696428571428571,890,883,6,0,877,865,63406,13,0,0,13,18
2020-08-28,US,Arkansas,Crittenden,1624,30,0,35.21247318,-90.30839406,5035.0,3386.5081847565425,1.8472906403940887,1594,1619,30,0,1589,1602,48342,5,0,0,5,17
2020-08-28,US,Arkansas,Cross,261,5,0,35.29631396,-90.77185818,5037.0,1589.6217796455326,1.9157088122605364,256,258,5,0,253,248,16676,3,0,0,3,10
2020-08-28,US,Arkansas,Dallas,112,2,0,33.97042763,-92.65167437,5039.0,1597.9454986445999,1.7857142857142858,110,109,2,0,107,104,7182,3,0,0,3,5
2020-08-28,US,Arkansas,Desha,234,5,0,33.83011025,-91.25500948,5041.0,2059.6778452601,2.1367521367521367,229,232,5,0,227,225,11512,2,0,0,2,7
2020-08-28,US,Arkansas,Drew,298,4,0,33.59035001,-91.71777921,5043.0,1635.6550853504584,1.342281879194631,294,298,4,0,294,295,18328,0,0,0,0,3
2020-08-28,US,Arkansas,Faulkner,1640,8,0,35.14719007,-92.33717519,5045.0,1301.5149951986791,0.4878048780487805,1632,1610,8,0,1602,1593,124806,30,0,0,30,17
2020-08-28,US,Arkansas,Franklin,158,2,0,35.51202821,-93.89299569,5047.0,891.8995201806379,1.2658227848101269,156,156,2,0,154,156,17810,2,0,0,2,0
2020-08-28,US,Arkansas,Fulton,66,0,0,36.38177105,-91.81729127,5049.0,528.9733108920414,0.0,66,65,0,0,65,62,12269,1,0,0,1,3
2020-08-28,US,Arkansas,Garland,1391,28,0,34.57692074,-93.14921604,5051.0,1399.5935041152677,2.01294033069734,1363,1368,28,0,1340,1348,99154,23,0,0,23,20
2020-08-28,US,Arkansas,Grant,180,1,0,34.29017991,-92.42320562,5053.0,985.4913769504517,0.5555555555555556,179,177,1,0,176,174,18188,3,0,0,3,3
2020-08-28,US,Arkansas,Greene,615,4,0,36.11735460000001,-90.55832668,5055.0,1356.8670711527855,0.6504065040650406,611,603,4,0,599,598,45325,12,0,0,12,5
2020-08-28,US,Arkansas,Hempstead,328,3,0,33.73325583,-93.66935133,5057.0,1523.3141370982723,0.9146341463414634,325,323,3,0,320,318,21741,5,0,0,5,5
2020-08-28,US,Arkansas,Hot Spring,1707,20,0,34.31709259,-92.95396325,5059.0,5054.632673003463,1.1716461628588166,1687,1693,20,0,1673,1687,33701,14,0,0,14,6
2020-08-28,US,Arkansas,Howard,420,5,0,34.09007427,-93.9934871,5061.0,3181.336161187699,1.1904761904761905,415,407,5,0,402,398,13341,13,0,0,13,9
2020-08-28,US,Arkansas,Independence,751,5,0,35.74242707,-91.57001641,5063.0,1985.4593522802381,0.6657789613848203,746,731,4,0,727,723,37678,20,1,0,19,8
2020-08-28,US,Arkansas,Izard,93,0,0,36.09604046,-91.90847954,5065.0,682.3684789786486,0.0,93,88,0,0,88,83,13593,5,0,0,5,5
2020-08-28,US,Arkansas,Jackson,181,1,0,35.59802983,-91.21494602,5067.0,1082.600634009211,0.5524861878453039,180,180,1,0,179,175,16811,1,0,0,1,5
2020-08-28,US,Arkansas,Jefferson,2059,50,0,34.26767081,-91.92619839,5069.0,3081.2283012091466,2.4283632831471587,2009,2002,47,0,1955,1970,68114,57,3,0,54,32
2020-08-28,US,Arkansas,Johnson,753,4,0,35.56759135,-93.46036368,5071.0,2833.170291218301,0.5312084993359893,749,749,4,0,745,745,26742,4,0,0,4,4
2020-08-28,US,Arkansas,Lafayette,66,2,0,33.24116713,-93.60677071,5073.0,996.3768115942028,3.0303030303030303,64,66,2,0,64,66,6682,0,0,0,0,0
2020-08-28,US,Arkansas,Lawrence,245,10,0,36.04188196,-91.10867198,5075.0,1493.3560892356454,4.081632653061225,235,245,10,0,235,244,16434,0,0,0,0,1
2020-08-28,US,Arkansas,Lee,1000,10,0,34.78498904,-90.78383866,5077.0,11290.504685559443,1.0,990,999,10,0,989,996,8985,1,0,0,1,3
2020-08-28,US,Arkansas,Lincoln,1529,13,0,33.95317155,-91.74002806,5079.0,11739.864864864863,0.8502289077828646,1516,1406,13,0,1393,1398,13383,123,0,0,123,8
2020-08-28,US,Arkansas,Little River,276,14,0,33.70375665,-94.23468591,5081.0,2251.40712945591,5.0724637681159415,262,274,14,0,260,271,12326,2,0,0,2,3
2020-08-28,US,Arkansas,Logan,360,1,0,35.21413234,-93.71951016,5083.0,1677.0707164818784,0.2777777777777778,359,359,1,0,358,355,21737,1,0,0,1,4
2020-08-28,US,Arkansas,Lonoke,689,4,0,34.75392199,-91.88742357,5085.0,939.8573162913146,0.5805515239477503,685,679,3,0,676,674,73657,10,1,0,9,5
2020-08-28,US,Arkansas,Madison,290,2,0,36.01038185,-93.72524943,5087.0,1749.5173745173745,0.6896551724137931,288,287,2,0,285,287,16481,3,0,0,3,0
2020-08-28,US,Arkansas,Marion,44,0,0,36.26844485,-92.68451899,5089.0,263.5677488918174,0.0,44,43,0,0,43,43,16722,1,0,0,1,0
2020-08-28,US,Arkansas,Miller,597,6,0,33.31403423,-93.89285258,5091.0,1380.1234482280324,1.0050251256281406,591,591,6,0,585,584,43592,6,0,0,6,7
2020-08-28,US,Arkansas,Mississippi,1325,20,0,35.76271485,-90.05194370000002,5093.0,3259.452411994785,1.509433962264151,1305,1304,20,0,1284,1292,41239,21,0,0,21,12
2020-08-28,US,Arkansas,Monroe,92,0,0,34.6815935,-91.20540287,5095.0,1372.9294135203702,0.0,92,91,0,0,91,91,6900,1,0,0,1,0
2020-08-28,US,Arkansas,Montgomery,76,3,0,34.53704874,-93.65824478,5097.0,845.7600712219008,3.947368421052632,73,70,3,0,67,65,8924,6,0,0,6,5
2020-08-28,US,Arkansas,Nevada,162,12,0,33.66340119,-93.30632432,5099.0,1963.1604459524967,7.407407407407407,150,161,11,0,150,158,8326,1,1,0,0,3
2020-08-28,US,Arkansas,Newton,116,15,0,35.91947491,-93.21612969,5101.0,1496.1950212820843,12.93103448275862,101,112,15,0,97,110,7805,4,0,0,4,2
2020-08-28,US,Arkansas,Ouachita,142,4,0,33.58839816,-92.87795984,5103.0,607.3047643486443,2.8169014084507036,138,141,4,0,137,135,23606,1,0,0,1,6
2020-08-28,US,Arkansas,Perry,61,1,0,34.945915299999996,-92.94372564,5105.0,583.452893352463,1.639344262295082,60,61,0,0,61,59,10352,0,1,0,-1,2
2020-08-28,US,Arkansas,Phillips,396,9,0,34.43268455,-90.84800154,5107.0,2226.9710943650884,2.272727272727273,387,393,9,0,384,385,18029,3,0,0,3,8
2020-08-28,US,Arkansas,Pike,170,1,0,34.16250414,-93.65789349,5109.0,1586.116812838216,0.5882352941176471,169,167,1,0,166,163,10673,3,0,0,3,4
2020-08-28,US,Arkansas,Poinsett,465,6,0,35.57433534,-90.66268713,5111.0,1976.368582114927,1.2903225806451613,459,453,5,0,448,452,23974,12,1,0,11,1
2020-08-28,US,Arkansas,Polk,220,4,0,34.48254879,-94.22728802,5113.0,1101.9835704267682,1.818181818181818,216,218,4,0,214,212,20049,2,0,0,2,6
2020-08-28,US,Arkansas,Pope,1699,14,0,35.44871474,-93.03212219,5115.0,2651.704332625796,0.8240141259564449,1685,1658,14,0,1644,1620,64000,41,0,0,41,38
2020-08-28,US,Arkansas,Prairie,114,0,0,34.83624419,-91.55162157,5117.0,1414.0411808484243,0.0,114,114,0,0,114,114,8074,0,0,0,0,0
2020-08-28,US,Arkansas,Pulaski,6928,100,0,34.77054088,-92.31355101,5119.0,1767.7482897902842,1.4434180138568133,6828,6855,99,0,6756,6761,392680,73,1,0,72,94
2020-08-28,US,Arkansas,Randolph,303,12,0,36.3415714,-91.02455531,5121.0,1687.2702973605078,3.96039603960396,291,296,12,0,284,292,17948,7,0,0,7,4
2020-08-28,US,Arkansas,Saline,1528,11,0,34.64916145,-92.67583224,5125.0,1247.9887615671732,0.7198952879581152,1517,1509,11,0,1498,1475,121421,19,0,0,19,34
2020-08-28,US,Arkansas,Scott,86,0,0,34.85588887,-94.0632176,5127.0,836.4945044256395,0.0,86,84,0,0,84,84,10319,2,0,0,2,0
2020-08-28,US,Arkansas,Searcy,94,0,0,35.9109364,-92.69936482,5129.0,1192.7420378124602,0.0,94,87,0,0,87,73,7958,7,0,0,7,14
2020-08-28,US,Arkansas,Sebastian,2817,32,0,35.19605503,-94.27162713,5131.0,2203.759769062874,1.1359602413915513,2785,2790,32,0,2758,2753,127753,27,0,0,27,37
2020-08-28,US,Arkansas,Sevier,1148,12,0,33.99780401,-94.2424869,5133.0,6750.1616981243005,1.0452961672473868,1136,1146,12,0,1134,1142,17139,2,0,0,2,4
2020-08-28,US,Arkansas,Sharp,149,5,0,36.16258158,-91.47819342,5135.0,854.2598325880057,3.355704697986577,144,147,5,0,142,145,17366,2,0,0,2,2
2020-08-28,US,Arkansas,St. Francis,1325,4,0,35.02201976,-90.74828138,5123.0,5301.2723053532845,0.3018867924528302,1321,1299,3,0,1296,1282,25439,26,1,0,25,17
2020-08-28,US,Arkansas,Stone,189,2,0,35.86251946,-92.15684085,5137.0,1511.274588197665,1.058201058201058,187,183,2,0,181,169,12457,6,0,0,6,14
2020-08-28,US,Arkansas,Unassigned,815,0,0,0.0,0.0,90005.0,0.0,0.0,815,806,0,0,806,794,,9,0,0,9,12
2020-08-28,US,Arkansas,Union,683,20,0,33.16887091,-92.59746952,5139.0,1765.6791272426447,2.928257686676428,663,670,20,0,650,653,39126,13,0,0,13,17
2020-08-28,US,Arkansas,Van Buren,112,2,0,35.58095779,-92.51295036,5141.0,676.9416742218192,1.7857142857142858,110,109,2,0,107,106,16603,3,0,0,3,3
2020-08-28,US,Arkansas,Washington,6715,56,0,35.976844,-94.21800746,5143.0,2807.4268250364776,0.8339538346984363,6659,6673,55,0,6618,6659,236961,42,1,0,41,14
2020-08-28,US,Arkansas,White,521,10,0,35.25688493,-91.74908296,5145.0,661.5620992216169,1.919385796545105,511,511,10,0,501,480,78727,10,0,0,10,31
2020-08-28,US,Arkansas,Woodruff,27,0,0,35.18902527,-91.2439489,5147.0,427.21518987341767,0.0,27,27,0,0,27,27,6490,0,0,0,0,0
2020-08-28,US,Arkansas,Yell,1136,23,0,35.00292371,-93.41171338,5149.0,5323.087015603767,2.0246478873239435,1113,1133,23,0,1110,1118,21535,3,0,0,3,15
2020-08-28,US,California,Alameda,17847,247,0,37.64629437,-121.8929271,6001.0,1067.8328444010724,1.3839861041071329,17600,17621,244,0,17377,17385,1666753,226,3,0,223,236
2020-08-28,US,California,Alpine,2,0,0,38.59678594,-119.82235940000001,6003.0,177.14791851195747,0.0,2,2,0,0,2,2,1101,0,0,0,0,0
2020-08-28,US,California,Amador,276,14,0,38.44583082,-120.65696000000001,6005.0,694.3046890722479,5.0724637681159415,262,275,14,0,261,270,39383,1,0,0,1,5
2020-08-28,US,California,Butte,1815,21,0,39.66727762,-121.6005252,6007.0,828.0638361939175,1.1570247933884297,1794,1765,21,0,1744,1718,231256,50,0,0,50,47
2020-08-28,US,California,Calaveras,223,2,0,38.20537103,-120.55291299999999,6009.0,485.78586210652435,0.8968609865470852,221,223,2,0,221,223,45602,0,0,0,0,0
2020-08-28,US,California,Colusa,439,6,0,39.17881957,-122.2331726,6011.0,2037.406599526616,1.366742596810934,433,434,6,0,428,430,21627,5,0,0,5,4
2020-08-28,US,California,Contra Costa,13398,173,0,37.91923498,-121.9289527,6013.0,1161.4822726145744,1.2912374981340498,13225,13259,172,0,13087,13181,1150215,139,1,0,138,78
2020-08-28,US,California,Del Norte,122,1,0,41.74228275,-123.89740630000001,6015.0,438.6595714080253,0.819672131147541,121,121,1,0,120,121,27828,1,0,0,1,0
2020-08-28,US,California,El Dorado,942,2,0,38.77965956,-120.5233166,6017.0,488.4802663306421,0.21231422505307854,940,938,2,0,936,932,190678,4,0,0,4,6
2020-08-28,US,California,Fresno,24367,263,0,36.75733899,-119.6466953,6019.0,2438.8925644154097,1.0793286001559486,24104,24071,239,0,23832,23932,994400,296,24,0,272,139
2020-08-28,US,California,Glenn,435,3,0,39.59875897,-122.3938452,6021.0,1532.067763181066,0.6896551724137931,432,434,3,0,431,433,28047,1,0,0,1,1
2020-08-28,US,California,Humboldt,368,4,0,40.69923009,-123.876044,6023.0,271.47051446613256,1.0869565217391304,364,364,4,0,360,361,136373,4,0,0,4,3
2020-08-28,US,California,Imperial,10641,287,0,33.0393082,-115.36690420000001,6025.0,5872.030461054548,2.697114932807067,10354,10573,286,0,10287,10509,181827,68,1,0,67,64
2020-08-28,US,California,Inyo,172,13,0,36.51112084,-117.41119779999998,6027.0,953.4896612894285,7.558139534883722,159,172,13,0,159,168,17987,0,0,0,0,4
2020-08-28,US,California,Kern,28854,256,0,35.34329425,-118.72777959999999,6029.0,3205.2805925781104,0.887225341373813,28598,28612,251,0,28361,28520,896764,242,5,0,237,92
2020-08-28,US,California,Kings,6090,72,0,36.07409056,-119.8159973,6031.0,3981.9537073362103,1.1822660098522169,6018,6021,72,0,5949,5977,151366,69,0,0,69,44
2020-08-28,US,California,Lake,315,3,0,39.10124298,-122.75362439999999,6033.0,489.2367906066536,0.9523809523809524,312,314,3,0,311,304,64382,1,0,0,1,10
2020-08-28,US,California,Lassen,716,0,0,40.67311306,-120.59350990000002,6035.0,2341.935694894188,0.0,716,715,0,0,715,714,30802,1,0,0,1,1
2020-08-28,US,California,Los Angeles,238458,5732,0,34.30828379,-118.22824109999999,6037.0,2375.290949683075,2.4037776044418724,232726,236986,5701,0,231285,235386,10105518,1472,31,0,1441,1600
2020-08-28,US,California,Madera,3674,54,0,37.21513971,-119.76655890000002,6039.0,2335.263495776313,1.4697876973326076,3620,3567,54,0,3513,3551,157672,107,0,0,107,16
2020-08-28,US,California,Marin,6054,94,0,38.07122463,-122.72106310000001,6041.0,2339.0231275065107,1.5526924347538815,5960,5999,95,0,5904,5965,259666,55,-1,0,56,34
2020-08-28,US,California,Mariposa,71,2,0,37.57978556,-119.9073334,6043.0,412.71871185258385,2.8169014084507036,69,71,2,0,69,70,17471,0,0,0,0,1
2020-08-28,US,California,Mendocino,659,17,0,39.4381191,-123.39113130000001,6045.0,759.6629355957994,2.579666160849772,642,656,16,0,640,653,87606,3,1,0,2,3
2020-08-28,US,California,Merced,7814,114,0,37.18922369,-120.72090349999999,6047.0,2814.03053874964,1.4589198873816227,7700,7744,112,0,7632,7693,274765,70,2,0,68,51
2020-08-28,US,California,Modoc,7,0,0,41.58965602,-120.7244817,6049.0,79.1765637371338,0.0,7,5,0,0,5,5,8777,2,0,0,2,0
2020-08-28,US,California,Mono,162,2,0,37.93899289,-118.8872409,6051.0,1121.5729714760457,1.2345679012345678,160,162,2,0,160,162,14250,0,0,0,0,0
2020-08-28,US,California,Monterey,7522,53,0,36.21862405,-121.24133970000001,6053.0,1732.9361541350181,0.7045998404679606,7469,7451,53,0,7398,7393,435594,71,0,0,71,58
2020-08-28,US,California,Napa,1397,13,0,38.50735751,-122.33283899999999,6055.0,1014.2002555465212,0.9305654974946314,1384,1382,13,0,1369,1374,139417,15,0,0,15,8
2020-08-28,US,California,Nevada,435,5,0,39.30394768,-120.76272809999999,6057.0,436.0683675003759,1.1494252873563218,430,432,5,0,427,430,99696,3,0,0,3,2
2020-08-28,US,California,Orange,47782,956,0,33.70147516,-117.76459979999998,6059.0,1504.6169464796963,2.0007534217906326,46826,47459,947,0,46512,47090,3185968,323,9,0,314,369
2020-08-28,US,California,Placer,2899,32,0,39.06167234,-120.72405690000001,6061.0,727.7903441627399,1.1038289065194895,2867,2875,32,0,2843,2852,393149,24,0,0,24,23
2020-08-28,US,California,Plumas,40,0,0,40.00355989,-120.8395236,6063.0,212.6867655660127,0.0,40,40,0,0,40,40,18804,0,0,0,0,0
2020-08-28,US,California,Riverside,51860,1007,0,33.74314981,-115.9933578,6065.0,2099.131123241583,1.9417662938681064,50853,51734,997,0,50737,51538,2450758,126,10,0,116,196
2020-08-28,US,California,Sacramento,17150,274,0,38.45106826,-121.34253740000001,6067.0,1104.9844786728333,1.5976676384839652,16876,16909,265,0,16644,16742,1540975,241,9,0,232,167
2020-08-28,US,California,San Benito,1042,8,0,36.60308176,-121.069975,6069.0,1659.0243281110684,0.7677543186180422,1034,1018,7,0,1011,998,61537,24,1,0,23,20
2020-08-28,US,California,San Bernardino,46892,716,0,34.84060306,-116.1774685,6071.0,2150.925307958176,1.5269129062526656,46176,46407,715,0,45692,46051,2171603,485,1,0,484,356
2020-08-28,US,California,San Diego,37784,676,0,33.03484597,-116.73653259999999,6073.0,1131.8233967283045,1.7891170865975017,37108,37499,673,0,36826,37222,3343364,285,3,0,282,277
2020-08-28,US,California,San Francisco,9215,83,0,37.75215114,-122.43856720000001,6075.0,1045.3190917351162,0.9007053716766142,9132,9149,82,0,9067,9060,883305,66,1,0,65,89
2020-08-28,US,California,San Joaquin,16989,307,0,37.93433732,-121.2730061,6077.0,2229.094611545265,1.80705162163753,16682,16845,305,0,16540,16795,752660,144,2,0,142,50
2020-08-28,US,California,San Luis Obispo,2842,21,0,35.38822029,-120.4039028,6079.0,1003.8465478204663,0.7389162561576355,2821,2792,21,0,2771,2769,284010,50,0,0,50,23
2020-08-28,US,California,San Mateo,7978,131,0,37.422880799999994,-122.32755459999998,6081.0,1040.735846422976,1.642015542742542,7847,7911,130,0,7781,7849,769545,67,1,0,66,62
2020-08-28,US,California,Santa Barbara,7951,91,0,34.65329488,-120.0188492,6083.0,1780.7430699732806,1.14451012451264,7860,7916,90,0,7826,7869,446527,35,1,0,34,47
2020-08-28,US,California,Santa Clara,16607,245,0,37.23104908,-121.6970462,6085.0,861.4250471509224,1.4752815077979164,16362,16393,240,0,16153,16306,1937570,214,5,0,209,87
2020-08-28,US,California,Santa Cruz,1734,7,0,37.05580291,-122.0066524,6087.0,634.6696533473882,0.40369088811995385,1727,1726,7,0,1719,1714,274255,8,0,0,8,12
2020-08-28,US,California,Shasta,562,12,0,40.76391419,-122.0396884,6089.0,312.0835184362505,2.1352313167259784,550,557,12,0,545,554,180040,5,0,0,5,3
2020-08-28,US,California,Sierra,6,0,0,39.57713498,-120.52007009999998,6091.0,199.6672212978369,0.0,6,6,0,0,6,6,2987,0,0,0,0,0
2020-08-28,US,California,Siskiyou,127,0,0,41.59198861,-122.54074340000001,6093.0,291.6925055697191,0.0,127,126,0,0,126,125,43724,1,0,0,1,1
2020-08-28,US,California,Solano,5388,46,0,38.26827353,-121.9357113,6095.0,1203.6377202368851,0.8537490720118782,5342,5328,46,0,5282,5280,446610,60,0,0,60,48
2020-08-28,US,California,Sonoma,5588,78,0,38.52746429,-122.88625060000001,6097.0,1130.4052304505435,1.395848246241947,5510,5469,78,0,5391,5422,499942,119,0,0,119,47
2020-08-28,US,California,Stanislaus,14257,253,0,37.55862499,-120.9970722,6099.0,2589.074928267897,1.7745668794276497,14004,14101,245,0,13856,13886,549815,156,8,0,148,215
2020-08-28,US,California,Sutter,1347,10,0,39.03417539,-121.6945899,6101.0,1389.0750843035544,0.7423904974016332,1337,1325,8,0,1317,1312,96807,22,2,0,20,13
2020-08-28,US,California,Tehama,402,1,0,40.12570935,-122.23701709999999,6103.0,617.663327392293,0.24875621890547264,401,402,1,0,401,394,63916,0,0,0,0,8
2020-08-28,US,California,Trinity,11,0,0,40.64917670000001,-123.114713,6105.0,89.54008954008955,0.0,11,11,0,0,11,10,12535,0,0,0,0,1
2020-08-28,US,California,Tulare,13775,229,0,36.22026558,-118.8020203,6107.0,2954.7721447033973,1.6624319419237747,13546,13673,224,0,13449,13609,465861,102,5,0,97,64
2020-08-28,US,California,Tuolumne,189,2,0,38.02644018,-119.95250929999999,6109.0,346.92903557399325,1.058201058201058,187,189,2,0,187,179,54539,0,0,0,0,10
2020-08-28,US,California,Ventura,10483,110,0,34.44465746,-119.09106129999999,6111.0,1239.1165074479375,1.0493179433368311,10373,10412,107,0,10305,10313,850967,71,3,0,68,99
2020-08-28,US,California,Yolo,2310,51,0,38.68278902,-121.90182879999999,6113.0,1047.6190476190477,2.207792207792208,2259,2287,51,0,2236,2274,220408,23,0,0,23,13
2020-08-28,US,California,Yuba,900,6,0,39.26255932,-121.35356440000001,6115.0,1144.048405959221,0.6666666666666666,894,893,6,0,887,883,78041,7,0,0,7,10
2020-08-28,US,Colorado,Adams,7404,197,0,39.87432092,-104.3362578,8001.0,1430.9430811660138,2.660723933009184,7207,7331,196,0,7135,7285,511868,73,1,0,72,46
2020-08-28,US,Colorado,Alamosa,237,9,0,37.57250606,-105.7885451,8003.0,1459.9889114766218,3.79746835443038,228,237,9,0,228,238,16683,0,0,0,0,-1
2020-08-28,US,Colorado,Arapahoe,8014,365,0,39.64977461,-104.3353617,8005.0,1220.54859196759,4.5545295732468185,7649,7968,365,0,7603,7928,651215,46,0,0,46,40
2020-08-28,US,Colorado,Archuleta,46,0,0,37.19474156,-107.04768670000001,8007.0,327.8922232518355,0.0,46,46,0,0,46,46,13765,0,0,0,0,0
2020-08-28,US,Colorado,Baca,16,0,0,37.31940883,-102.5603223,8009.0,446.8025691147723,0.0,16,16,0,0,16,16,3585,0,0,0,0,0
2020-08-28,US,Colorado,Bent,11,0,0,37.95474293,-103.0720195,8011.0,197.23865877712032,0.0,11,11,0,0,11,11,5882,0,0,0,0,0
2020-08-28,US,Colorado,Boulder,2272,79,0,40.09313619,-105.3546767,8013.0,696.5137524678412,3.477112676056338,2193,2261,79,0,2182,2252,326078,11,0,0,11,9
2020-08-28,US,Colorado,Broomfield,528,33,0,39.95998787,-105.0566324,8014.0,749.3081671751934,6.25,495,522,33,0,489,521,69267,6,0,0,6,1
2020-08-28,US,Colorado,Chaffee,315,19,0,38.74745778,-106.19265729999998,8015.0,1547.4552957359008,6.0317460317460325,296,315,19,0,296,314,20027,0,0,0,0,1
2020-08-28,US,Colorado,Cheyenne,9,0,0,38.82777431,-102.6032558,8017.0,491.53468050245766,0.0,9,9,0,0,9,9,1876,0,0,0,0,0
2020-08-28,US,Colorado,Clear Creek,34,1,0,39.68864463,-105.6463118,8019.0,350.5154639175258,2.9411764705882355,33,34,1,0,33,34,9605,0,0,0,0,0
2020-08-28,US,Colorado,Conejos,31,0,0,37.201606,-106.19174879999998,8021.0,377.8184034125533,0.0,31,31,0,0,31,31,8200,0,0,0,0,0
2020-08-28,US,Colorado,Costilla,33,0,0,37.27732493,-105.4276548,8023.0,848.9837921276047,0.0,33,32,0,0,32,32,3828,1,0,0,1,0
2020-08-28,US,Colorado,Crowley,73,1,0,38.32608609,-103.7844965,8025.0,1204.4217125886814,1.3698630136986298,72,73,1,0,72,73,5858,0,0,0,0,0
2020-08-28,US,Colorado,Custer,17,0,0,38.10883162,-105.3683478,8027.0,335.43804262036303,0.0,17,15,0,0,15,15,4954,2,0,0,2,0
2020-08-28,US,Colorado,Delta,153,2,0,38.86246243,-107.86313419999999,8029.0,490.98260702137225,1.30718954248366,151,152,2,0,150,148,30953,1,0,0,1,4
2020-08-28,US,Colorado,Denver,11147,425,0,39.76018276,-104.87256950000001,8031.0,1532.8426000156762,3.812685027361622,10722,11077,425,0,10652,11021,716492,70,0,0,70,56
2020-08-28,US,Colorado,Dolores,2,0,0,37.75208676,-108.5211585,8033.0,97.32360097323601,0.0,2,2,0,0,2,2,2074,0,0,0,0,0
2020-08-28,US,Colorado,Douglas,1979,60,0,39.33133796,-104.930001,8035.0,563.5703993119828,3.031834259727135,1919,1958,60,0,1898,1941,342776,21,0,0,21,17
2020-08-28,US,Colorado,Eagle,1174,9,0,39.62754308,-106.6933637,8037.0,2129.627950006349,0.7666098807495741,1165,1169,9,0,1160,1168,54993,5,0,0,5,1
2020-08-28,US,Colorado,El Paso,5948,152,0,38.83240149,-104.5251411,8041.0,825.6489770309119,2.5554808338937463,5796,5898,150,0,5748,5845,713856,50,2,0,48,53
2020-08-28,US,Colorado,Elbert,120,2,0,39.28656773,-104.13587209999999,8039.0,448.9505780238692,1.6666666666666667,118,120,2,0,118,119,26282,0,0,0,0,1
2020-08-28,US,Colorado,Fremont,156,0,0,38.47362326,-105.43996670000001,8043.0,326.0937728631452,0.0,156,155,0,0,155,153,48021,1,0,0,1,2
2020-08-28,US,Colorado,Garfield,839,4,0,39.59921777,-107.902708,8045.0,1396.9131383093854,0.4767580452920143,835,830,4,0,826,825,59770,9,0,0,9,5
2020-08-28,US,Colorado,Gilpin,17,0,0,39.85646523,-105.5252597,8047.0,272.30498157936887,0.0,17,17,0,0,17,17,6121,0,0,0,0,0
2020-08-28,US,Colorado,Grand,62,1,0,40.10603347,-106.11780420000001,8049.0,394.05109952968087,1.6129032258064515,61,62,1,0,61,60,15525,0,0,0,0,2
2020-08-28,US,Colorado,Gunnison,289,7,0,38.66611652,-107.0320729,8051.0,1655.0223342114305,2.4221453287197234,282,289,7,0,282,289,17246,0,0,0,0,0
2020-08-28,US,Colorado,Hinsdale,3,0,0,37.82247444,-107.3004345,8053.0,365.8536585365854,0.0,3,3,0,0,3,3,811,0,0,0,0,0
2020-08-28,US,Colorado,Huerfano,9,1,0,37.68473101,-104.9612585,8055.0,130.49151805132666,11.111111111111109,8,8,1,0,7,8,6889,1,0,0,1,0
2020-08-28,US,Colorado,Jackson,9,0,0,40.66593870000001,-106.3408905,8057.0,646.5517241379309,0.0,9,9,0,0,9,9,1399,0,0,0,0,0
2020-08-28,US,Colorado,Jefferson,4732,236,0,39.58635604,-105.2517692,8059.0,811.8295158016816,4.9873203719357555,4496,4694,236,0,4458,4670,580233,38,0,0,38,24
2020-08-28,US,Colorado,Kit Carson,74,3,0,39.30497777,-102.60221990000001,8063.0,1042.6940960969425,4.0540540540540535,71,74,3,0,71,74,7163,0,0,0,0,0
2020-08-28,US,Colorado,La Plata,238,2,0,37.28632032,-107.8429014,8067.0,423.3293609149608,0.8403361344537815,236,233,2,0,231,234,56310,5,0,0,5,-1
2020-08-28,US,Colorado,Lake,80,0,0,39.20278823,-106.35556969999999,8065.0,984.3730773963333,0.0,80,80,0,0,80,80,7824,0,0,0,0,0
2020-08-28,US,Colorado,Larimer,1905,42,0,40.66671597,-105.4625784,8069.0,533.7644543694435,2.204724409448819,1863,1880,39,0,1841,1849,350518,25,3,0,22,31
2020-08-28,US,Colorado,Las Animas,20,0,0,37.3153406,-104.03764579999999,8071.0,137.87398317937405,0.0,20,20,0,0,20,19,14503,0,0,0,0,1
2020-08-28,US,Colorado,Lincoln,8,0,0,38.98749519,-103.51366490000001,8073.0,140.3262585511314,0.0,8,8,0,0,8,8,5610,0,0,0,0,0
2020-08-28,US,Colorado,Logan,681,5,0,40.7249637,-103.110817,8075.0,3038.9575616939624,0.7342143906020558,676,675,5,0,670,672,21528,6,0,0,6,3
2020-08-28,US,Colorado,Mesa,403,5,0,39.01787888,-108.469799,8077.0,261.33194993839567,1.2406947890818858,398,397,5,0,392,393,153207,6,0,0,6,4
2020-08-28,US,Colorado,Mineral,19,0,0,37.66954283,-106.92816979999999,8079.0,2470.74122236671,0.0,19,19,0,0,19,19,776,0,0,0,0,0
2020-08-28,US,Colorado,Moffat,34,1,0,40.61810999,-108.2070876,8081.0,255.96627267936455,2.9411764705882355,33,34,1,0,33,35,13188,0,0,0,0,-1
2020-08-28,US,Colorado,Montezuma,123,5,0,37.33859579,-108.59588570000001,8083.0,469.7704617499904,4.0650406504065035,118,123,5,0,118,122,26158,0,0,0,0,1
2020-08-28,US,Colorado,Montrose,341,13,0,38.40214114,-108.26390220000002,8085.0,797.5115767809532,3.812316715542522,328,339,13,0,326,338,42214,2,0,0,2,1
2020-08-28,US,Colorado,Morgan,711,48,0,40.26279810000001,-103.8093302,8087.0,2445.9887161139395,6.751054852320674,663,711,48,0,663,710,28558,0,0,0,0,1
2020-08-28,US,Colorado,Otero,82,6,0,37.9014485,-103.7173385,8089.0,448.6267644162381,7.317073170731707,76,81,6,0,75,81,18432,1,0,0,1,0
2020-08-28,US,Colorado,Ouray,22,1,0,38.14717457,-107.7675136,8091.0,444.264943457189,4.545454545454546,21,22,1,0,21,22,4833,0,0,0,0,0
2020-08-28,US,Colorado,Park,43,1,0,39.120926000000004,-105.7182065,8093.0,228.1772353409393,2.3255813953488373,42,43,1,0,42,43,18556,0,0,0,0,0
2020-08-28,US,Colorado,Phillips,19,0,0,40.59414277,-102.3577703,8095.0,445.48651817116064,0.0,19,19,0,0,19,19,4286,0,0,0,0,0
2020-08-28,US,Colorado,Pitkin,196,2,0,39.21720112,-106.9310027,8097.0,1103.168796082625,1.020408163265306,194,196,2,0,194,195,17950,0,0,0,0,1
2020-08-28,US,Colorado,Prowers,81,0,0,37.95544985,-102.3926052,8099.0,665.461715412422,0.0,81,79,0,0,79,79,12164,2,0,0,2,0
2020-08-28,US,Colorado,Pueblo,859,34,0,38.17359144,-104.5127437,8101.0,510.02232460931936,3.958090803259603,825,841,34,0,807,821,167529,18,0,0,18,20
2020-08-28,US,Colorado,Rio Blanco,23,0,0,39.97913541,-108.2179009,8103.0,363.69386464263124,0.0,23,23,0,0,23,21,6336,0,0,0,0,2
2020-08-28,US,Colorado,Rio Grande,94,2,0,37.5836865,-106.3847838,8105.0,834.2948433478299,2.127659574468085,92,94,2,0,92,94,11250,0,0,0,0,0
2020-08-28,US,Colorado,Routt,132,8,0,40.48596505,-106.9905548,8107.0,514.8607535689212,6.0606060606060606,124,132,8,0,124,132,25733,0,0,0,0,0
2020-08-28,US,Colorado,Saguache,110,2,0,38.08054629,-106.28246599999999,8109.0,1611.957796014068,1.818181818181818,108,110,2,0,108,110,6843,0,0,0,0,0
2020-08-28,US,Colorado,San Juan,3,0,0,37.76248981,-107.67632890000002,8111.0,412.0879120879121,0.0,3,2,0,0,2,2,762,1,0,0,1,0
2020-08-28,US,Colorado,San Miguel,93,0,0,38.00450883,-108.4020725,8113.0,1137.0583200880305,0.0,93,94,0,0,94,93,8191,-1,0,0,-1,1
2020-08-28,US,Colorado,Sedgwick,12,1,0,40.87595412,-102.3519227,8115.0,533.8078291814946,8.333333333333334,11,12,1,0,11,12,2303,0,0,0,0,0
2020-08-28,US,Colorado,Summit,363,4,0,39.63803232,-106.1150762,8117.0,1170.552384637709,1.1019283746556474,359,361,4,0,357,361,31007,2,0,0,2,0
2020-08-28,US,Colorado,Teller,160,3,0,38.88133511,-105.16148929999999,8119.0,630.2190011028832,1.875,157,160,3,0,157,158,25083,0,0,0,0,2
2020-08-28,US,Colorado,Washington,53,0,0,39.97015535,-103.202587,8121.0,1079.8696006519967,0.0,53,53,0,0,53,52,4909,0,0,0,0,1
2020-08-28,US,Colorado,Weld,4029,146,0,40.55499405,-104.39296209999999,8123.0,1241.6330756998632,3.6237279722015385,3883,4001,146,0,3855,3979,314305,28,0,0,28,22
2020-08-28,US,Colorado,Yuma,63,0,0,40.00346839,-102.4258673,8125.0,628.8052699870246,0.0,63,63,0,0,63,63,10020,0,0,0,0,0
2020-08-28,US,Connecticut,Fairfield,18774,1413,0,41.26809896,-73.3881171,9001.0,1990.179491419776,7.526366251198466,17361,18721,1413,0,17308,18667,943823,53,0,0,53,54
2020-08-28,US,Connecticut,Hartford,13392,1426,0,41.80283011,-72.73103891,9003.0,1501.816713766653,10.648148148148149,11966,13307,1426,0,11881,13273,892697,85,0,0,85,34
2020-08-28,US,Connecticut,Litchfield,1688,139,0,41.7937534,-73.2451475,9005.0,936.0460925066403,8.234597156398102,1549,1673,139,0,1534,1662,181111,15,0,0,15,11
2020-08-28,US,Connecticut,Middlesex,1446,192,0,41.45949668,-72.53714864,9007.0,890.1967544140464,13.278008298755188,1254,1438,192,0,1246,1437,162682,8,0,0,8,1
2020-08-28,US,Connecticut,New Haven,13622,1109,0,41.408032500000004,-72.93620426,9009.0,1593.6693118629034,8.141242108354133,12513,13584,1109,0,12475,13556,857620,38,0,0,38,28
2020-08-28,US,Connecticut,New London,1554,106,0,41.48896435,-72.10430976,9011.0,585.9595936743513,6.821106821106821,1448,1526,106,0,1420,1526,266784,28,0,0,28,0
2020-08-28,US,Connecticut,Tolland,1126,65,0,41.85853803,-72.3308481,9013.0,747.0757226929228,5.772646536412077,1061,1112,65,0,1047,1093,150921,14,0,0,14,19
2020-08-28,US,Connecticut,Unassigned,104,0,0,0.0,0.0,90009.0,0.0,0.0,104,204,0,0,204,221,,-100,0,0,-100,-17
2020-08-28,US,Connecticut,Windham,789,15,0,41.82972709,-71.98182316,9015.0,675.6178178143892,1.9011406844106464,774,785,15,0,770,785,117027,4,0,0,4,0
2020-08-28,US,Delaware,Kent,2578,109,0,39.08646628,-75.56884914,10001.0,1425.995375748122,4.2280837858805285,2469,2566,109,0,2457,2560,178550,12,0,0,12,6
2020-08-28,US,Delaware,New Castle,7989,300,0,39.57992638,-75.64054974,10003.0,1429.7909809880216,3.755163349605708,7689,7927,300,0,7627,7925,559335,62,0,0,62,2
2020-08-28,US,Delaware,Sussex,6237,195,0,38.66143781,-75.39031349,10005.0,2662.8242074927953,3.1265031265031267,6042,6208,195,0,6013,6225,229286,29,0,0,29,-17
2020-08-28,US,Delaware,Unassigned,279,0,0,0.0,0.0,90010.0,0.0,0.0,279,275,0,0,275,276,,4,0,0,4,-1
2020-08-28,US,District of Columbia,District of Columbia,13851,605,0,38.90417773,-77.01655992,11001.0,1962.5957670503253,4.367915673958558,13246,13794,605,0,13189,13684,702455,57,0,0,57,110
2020-08-28,US,Florida,Alachua,5117,31,0,29.67866525,-82.35928158,12001.0,1901.926457852462,0.6058237248387727,5086,5082,31,0,5051,5053,269956,35,0,0,35,29
2020-08-28,US,Florida,Baker,1143,4,0,30.33060121,-82.28467476,12003.0,3913.0434782608704,0.3499562554680665,1139,1136,4,0,1132,1132,28355,7,0,0,7,4
2020-08-28,US,Florida,Bay,5315,78,0,30.26548745,-85.62122584,12005.0,3042.2712572622413,1.4675446848541862,5237,5289,77,0,5212,5237,185287,26,1,0,25,52
2020-08-28,US,Florida,Bradford,705,5,0,29.95079741,-82.16611613,12007.0,2499.911350661324,0.7092198581560284,700,692,5,0,687,673,27732,13,0,0,13,19
2020-08-28,US,Florida,Brevard,7132,207,0,28.29409504,-80.73091022,12009.0,1184.831761199584,2.902411665731913,6925,7092,205,0,6887,7040,596849,40,2,0,38,52
2020-08-28,US,Florida,Broward,70513,1175,0,26.15184651,-80.48725556,12011.0,3610.9071282040254,1.6663593947215407,69338,70147,1169,0,68978,69883,1951260,366,6,0,360,264
2020-08-28,US,Florida,Calhoun,554,8,0,30.40666734,-85.19394153,12013.0,3927.685218007799,1.444043321299639,546,547,8,0,539,546,14587,7,0,0,7,1
2020-08-28,US,Florida,Charlotte,2622,108,0,26.90131002,-81.92949121,12015.0,1387.9625218357944,4.118993135011442,2514,2602,109,0,2493,2582,184998,20,-1,0,21,20
2020-08-28,US,Florida,Citrus,2054,55,0,28.84804315,-82.47614748,12017.0,1372.4717186633436,2.6777020447906525,1999,2031,54,0,1977,1996,147929,23,1,0,22,35
2020-08-28,US,Florida,Clay,3864,75,0,29.98319144,-81.85609986,12019.0,1762.3556455585351,1.940993788819876,3789,3809,75,0,3734,3759,216072,55,0,0,55,50
2020-08-28,US,Florida,Collier,11517,174,0,26.11091986,-81.34687065,12021.0,2992.190219848169,1.5108101067986457,11343,11471,172,0,11299,11376,378488,46,2,0,44,95
2020-08-28,US,Florida,Columbia,3316,32,0,30.22509788,-82.62160164,12023.0,4625.728873141199,0.9650180940892642,3284,3295,32,0,3263,3269,70503,21,0,0,21,26
2020-08-28,US,Florida,DeSoto,1468,22,0,27.18677893,-81.80941373,12027.0,3863.056235362227,1.4986376021798364,1446,1460,21,0,1439,1457,37489,8,1,0,7,3
2020-08-28,US,Florida,Dixie,697,4,0,29.60631086,-83.15724673,12029.0,4142.39866872697,0.5738880918220947,693,685,4,0,681,681,16700,12,0,0,12,4
2020-08-28,US,Florida,Duval,26169,251,0,30.33225875,-81.66976468,12031.0,2732.32716091276,0.9591501394780084,25918,26017,249,0,25768,25879,950181,152,2,0,150,138
2020-08-28,US,Florida,Escambia,11066,184,0,30.67652764,-87.37284571,12033.0,3476.4196584526067,1.6627507681185614,10882,10999,183,0,10816,10944,315534,67,1,0,66,55
2020-08-28,US,Florida,Flagler,1288,15,0,29.45933576,-81.31508595,12035.0,1119.2116856822586,1.1645962732919255,1273,1279,15,0,1264,1275,112067,9,0,0,9,4
2020-08-28,US,Florida,Franklin,529,3,0,29.83791238,-84.82731662,12037.0,4362.8865979381435,0.5671077504725898,526,527,3,0,524,522,11736,2,0,0,2,5
2020-08-28,US,Florida,Gadsden,2268,31,0,30.57796289,-84.61915825,12039.0,4967.148488830486,1.3668430335097002,2237,2254,31,0,2223,2240,45894,14,0,0,14,14
2020-08-28,US,Florida,Gilchrist,451,9,0,29.72856978,-82.79880657,12041.0,2427.079969863309,1.9955654101995568,442,447,9,0,438,443,18256,4,0,0,4,4
2020-08-28,US,Florida,Glades,453,3,0,26.95635849,-81.18996211,12043.0,3279.9942075157483,0.6622516556291391,450,452,3,0,449,451,13724,1,0,0,1,1
2020-08-28,US,Florida,Gulf,818,11,0,29.93543004,-85.24270990000002,12045.0,5997.507148617935,1.344743276283619,807,806,10,0,796,801,16164,12,1,0,11,5
2020-08-28,US,Florida,Hamilton,692,4,0,30.49673973,-82.94998918,12047.0,4796.2295536456895,0.5780346820809249,688,686,4,0,682,681,14310,6,0,0,6,5
2020-08-28,US,Florida,Hardee,1083,9,0,27.49293939,-81.80956574,12049.0,4020.4922597171167,0.8310249307479224,1074,1083,9,0,1074,1073,27245,0,0,0,0,10
2020-08-28,US,Florida,Hendry,1957,39,0,26.55386945,-81.16469006,12051.0,4657.084384370092,1.9928461931527848,1918,1955,39,0,1916,1948,41556,2,0,0,2,7
2020-08-28,US,Florida,Hernando,2516,79,0,28.55364461,-82.42700204,12053.0,1297.4422442244224,3.1399046104928456,2437,2506,79,0,2427,2493,190865,10,0,0,10,13
2020-08-28,US,Florida,Highlands,1795,62,0,27.34254618,-81.34071957,12055.0,1689.8730006307605,3.4540389972144845,1733,1781,60,0,1721,1756,105424,14,2,0,12,25
2020-08-28,US,Florida,Hillsborough,36574,541,0,27.9276559,-82.32013172,12057.0,2484.700754364225,1.4791928692513807,36033,36354,540,0,35814,36157,1436888,220,1,0,219,197
2020-08-28,US,Florida,Holmes,616,5,0,30.86747479,-85.81319222,12059.0,3140.1335576285883,0.8116883116883117,611,609,5,0,604,600,19477,7,0,0,7,9
2020-08-28,US,Florida,Indian River,2811,97,0,27.69308961,-80.60556721,12061.0,1757.7209031846576,3.450729277837069,2714,2801,96,0,2705,2780,157413,10,1,0,9,21
2020-08-28,US,Florida,Jackson,2314,65,0,30.795459700000002,-85.21500423,12063.0,4985.564700305942,2.808988764044944,2249,2301,65,0,2236,2292,48305,13,0,0,13,9
2020-08-28,US,Florida,Jefferson,496,6,0,30.43669112,-83.89442308,12065.0,3481.679067808508,1.2096774193548387,490,493,6,0,487,493,14288,3,0,0,3,0
2020-08-28,US,Florida,Lafayette,1184,7,0,29.98484137,-83.18166636,12067.0,14058.418427926856,0.5912162162162162,1177,1177,7,0,1170,1169,8732,7,0,0,7,8
2020-08-28,US,Florida,Lake,6275,103,0,28.76202069,-81.7125123,12069.0,1709.2596930687134,1.6414342629482073,6172,6213,99,0,6114,6163,356495,62,4,0,58,50
2020-08-28,US,Florida,Lee,18461,417,0,26.58410348,-81.88399313,12071.0,2395.737220290769,2.258815882129896,18044,18332,414,0,17918,18217,754610,129,3,0,126,115
2020-08-28,US,Florida,Leon,6145,31,0,30.45955727,-84.27491114,12073.0,2093.111975529835,0.5044751830756713,6114,6067,31,0,6036,5975,292502,78,0,0,78,92
2020-08-28,US,Florida,Levy,891,6,0,29.31829741,-82.74007147,12075.0,2146.8327590776566,0.6734006734006734,885,886,6,0,880,874,40770,5,0,0,5,12
2020-08-28,US,Florida,Liberty,431,7,0,30.23766008,-84.8829258,12077.0,5159.205171175485,1.6241299303944317,424,426,7,0,419,427,8457,5,0,0,5,-1
2020-08-28,US,Florida,Madison,852,14,0,30.44396917,-83.47398594,12079.0,4607.148650840859,1.6431924882629108,838,844,14,0,830,841,18529,8,0,0,8,3
2020-08-28,US,Florida,Manatee,10340,255,0,27.47196942,-82.31831044,12081.0,2564.1470739213346,2.4661508704061896,10085,10310,254,0,10056,10278,394855,30,1,0,29,32
2020-08-28,US,Florida,Marion,8321,169,0,29.21227113,-82.05803627,12083.0,2276.115422384765,2.031005888715298,8152,8261,165,0,8096,8172,359977,60,4,0,56,89
2020-08-28,US,Florida,Martin,4362,114,0,27.0772071,-80.43109784,12085.0,2709.3167701863354,2.6134800550206325,4248,4222,114,0,4108,4173,160912,140,0,0,140,49
2020-08-28,US,Florida,Miami-Dade,155418,2372,0,25.6112362,-80.55170587,12086.0,5720.332432810441,1.5262067456793935,153046,154757,2346,0,152411,154135,2761581,661,26,0,635,622
2020-08-28,US,Florida,Monroe,1714,16,0,25.20904673,-81.07812416,12087.0,2309.101686695048,0.9334889148191364,1698,1704,15,0,1689,1700,75027,10,1,0,9,4
2020-08-28,US,Florida,Nassau,1620,18,0,30.61037141,-81.80297522,12089.0,1827.926657263752,1.1111111111111112,1602,1574,16,0,1558,1533,85832,46,2,0,44,41
2020-08-28,US,Florida,Okaloosa,4094,76,0,30.69143028,-86.59267105,12091.0,1942.696618550048,1.8563751831949196,4018,4055,75,0,3980,4020,207269,39,1,0,38,35
2020-08-28,US,Florida,Okeechobee,1219,15,0,27.386336199999995,-80.88944347,12093.0,2890.8176816543346,1.2305168170631666,1204,1211,15,0,1196,1210,41537,8,0,0,8,1
2020-08-28,US,Florida,Orange,35449,370,0,28.51367621,-81.31799498,12095.0,2543.9699394022896,1.0437529972636743,35079,35245,369,0,34876,35083,1380645,204,1,0,203,162
2020-08-28,US,Florida,Osceola,10988,128,0,28.06312234,-81.14882926,12097.0,2924.276981298786,1.1649071714597743,10860,10892,128,0,10764,10844,367990,96,0,0,96,48
2020-08-28,US,Florida,Palm Beach,41558,1099,0,26.64676272,-80.46536002,12099.0,2776.5120893657677,2.644496847779008,40459,41195,1094,0,40101,41013,1485941,363,5,0,358,182
2020-08-28,US,Florida,Pasco,7949,173,0,28.30810945,-82.40227529,12101.0,1434.974826111523,2.17637438671531,7776,7915,172,0,7743,7868,539630,34,1,0,33,47
2020-08-28,US,Florida,Pinellas,19740,645,0,27.93130349,-82.72239666,12103.0,2024.6236907638595,3.267477203647416,19095,19681,641,0,19040,19605,975280,59,4,0,55,76
2020-08-28,US,Florida,Polk,16692,429,0,27.95027105,-81.69732947,12105.0,2303.0532149888863,2.5700934579439254,16263,16569,425,0,16144,16498,708009,123,4,0,119,71
2020-08-28,US,Florida,Putnam,1757,36,0,29.60779729,-81.74230285,12107.0,2357.724668214329,2.0489470688673874,1721,1750,36,0,1714,1740,74163,7,0,0,7,10
2020-08-28,US,Florida,Santa Rosa,4592,55,0,30.69341450000001,-87.02458128,12113.0,2491.414061948967,1.1977351916376306,4537,4566,55,0,4511,4523,179349,26,0,0,26,43
2020-08-28,US,Florida,Sarasota,7136,201,0,27.18546175,-82.33174248,12115.0,1645.2176639569143,2.8167040358744395,6935,7091,198,0,6893,7066,426718,45,3,0,42,25
2020-08-28,US,Florida,Seminole,7934,172,0,28.7158582,-81.24060348,12117.0,1681.5520975953,2.167885051676329,7762,7896,169,0,7727,7839,467832,38,3,0,35,57
2020-08-28,US,Florida,St. Johns,4263,56,0,29.90096506,-81.43589967,12109.0,1610.6728327892636,1.3136288998357963,4207,4239,56,0,4183,4219,254261,24,0,0,24,20
2020-08-28,US,Florida,St. Lucie,6896,235,0,27.37763908,-80.47106649,12111.0,2100.5370137406067,3.4077726218097446,6661,6822,233,0,6589,6773,321128,74,2,0,72,49
2020-08-28,US,Florida,Sumter,1819,48,0,28.70181754,-82.0794267,12119.0,1373.6595680410815,2.638812534359538,1771,1754,48,0,1706,1742,128754,65,0,0,65,12
2020-08-28,US,Florida,Suwannee,2406,59,0,30.19746066,-82.99099670000003,12121.0,5416.844901726817,2.4522028262676643,2347,2388,56,0,2332,2377,44191,18,3,0,15,11
2020-08-28,US,Florida,Taylor,1185,5,0,30.04848048,-83.60445406,12123.0,5493.996012796142,0.4219409282700422,1180,1183,5,0,1178,1171,21623,2,0,0,2,12
2020-08-28,US,Florida,Unassigned,959,0,0,0.0,0.0,90012.0,0.0,0.0,959,911,0,0,911,886,,48,0,0,48,25
2020-08-28,US,Florida,Union,569,5,0,30.04412971,-82.37497443,12125.0,3734.3309050338003,0.8787346221441125,564,561,5,0,556,547,14940,8,0,0,8,14
2020-08-28,US,Florida,Volusia,9174,187,0,29.05858895,-81.18263252,12127.0,1658.099637799033,2.0383693045563547,8987,9126,186,0,8940,9069,547538,48,1,0,47,57
2020-08-28,US,Florida,Wakulla,880,7,0,30.16548905,-84.39895211,12129.0,2608.2575061501525,0.7954545454545454,873,873,7,0,866,869,32461,7,0,0,7,4
2020-08-28,US,Florida,Walton,1622,20,0,30.64204028,-86.16935664,12131.0,2189.790876321368,1.2330456226880395,1602,1612,20,0,1592,1601,71375,10,0,0,10,11
2020-08-28,US,Florida,Washington,998,15,0,30.61359259,-85.66002461,12133.0,3917.8738271895727,1.503006012024048,983,995,15,0,980,990,24880,3,0,0,3,5
2020-08-28,US,Georgia,Appling,881,23,0,31.74847232,-82.28909114,13001.0,4791.689328837158,2.6106696935300797,858,869,23,0,846,862,18507,12,0,0,12,7
2020-08-28,US,Georgia,Atkinson,398,3,0,31.29633502,-82.87545866,13003.0,4874.464176362523,0.7537688442211056,395,394,3,0,391,391,8297,4,0,0,4,3
2020-08-28,US,Georgia,Bacon,511,8,0,31.55456473,-82.45936528,13005.0,4577.21246864923,1.5655577299412915,503,507,8,0,499,498,11185,4,0,0,4,9
2020-08-28,US,Georgia,Baker,72,3,0,31.32669878,-84.44218806,13007.0,2369.980250164582,4.166666666666667,69,73,3,0,70,73,3092,-1,0,0,-1,0
2020-08-28,US,Georgia,Baldwin,1599,48,0,33.06882326,-83.24701748,13009.0,3562.040543550903,3.00187617260788,1551,1563,48,0,1515,1510,44823,36,0,0,36,53
2020-08-28,US,Georgia,Banks,362,6,0,34.35607081,-83.49644388,13011.0,1882.083809919933,1.6574585635359116,356,360,8,0,352,355,18988,2,-2,0,4,5
2020-08-28,US,Georgia,Barrow,1694,37,0,33.99148694,-83.71436292,13013.0,2035.07928880346,2.1841794569067297,1657,1671,37,0,1634,1655,80809,23,0,0,23,16
2020-08-28,US,Georgia,Bartow,2376,69,0,34.23732119,-84.83887523,13015.0,2205.3500157790195,2.904040404040404,2307,2361,68,0,2293,2325,106408,15,1,0,14,36
2020-08-28,US,Georgia,Ben Hill,610,12,0,31.76095874,-83.22145359,13017.0,3652.694610778443,1.9672131147540983,598,610,11,0,599,607,16787,0,1,0,-1,3
2020-08-28,US,Georgia,Berrien,374,5,0,31.27590016,-83.22529920000002,13019.0,1928.1332164767748,1.3368983957219251,369,373,3,0,370,368,19252,1,2,0,-1,5
2020-08-28,US,Georgia,Bibb,5365,115,0,32.80904227,-83.70489165,13021.0,3502.895683570669,2.1435228331780056,5250,5351,113,0,5238,5327,153095,14,2,0,12,24
2020-08-28,US,Georgia,Bleckley,338,15,0,32.43829035,-83.33035166,13023.0,2625.650586498873,4.437869822485207,323,334,15,0,319,330,12838,4,0,0,4,4
2020-08-28,US,Georgia,Brantley,301,8,0,31.19576557,-81.97743999,13025.0,1575.1740017792663,2.6578073089701,293,299,8,0,291,297,18897,2,0,0,2,2
2020-08-28,US,Georgia,Brooks,470,20,0,30.83922642,-83.58303423,13027.0,3040.693536908844,4.25531914893617,450,468,20,0,448,459,15513,2,0,0,2,9
2020-08-28,US,Georgia,Bryan,840,9,0,32.00979311,-81.44002948,13029.0,2119.7668256491784,1.0714285714285714,831,823,9,0,814,807,38109,17,0,0,17,16
2020-08-28,US,Georgia,Bulloch,1743,21,0,32.39577406,-81.74811421,13031.0,2189.4784443774497,1.2048192771084338,1722,1610,21,0,1589,1546,77296,133,0,0,133,64
2020-08-28,US,Georgia,Burke,639,8,0,33.05917989,-81.99928721,13033.0,2854.845195014073,1.2519561815336464,631,636,8,0,628,633,22423,3,0,0,3,3
2020-08-28,US,Georgia,Butts,556,40,0,33.283094500000004,-83.95435040000002,13035.0,2229.7080526146938,7.1942446043165456,516,550,40,0,510,546,24193,6,0,0,6,4
2020-08-28,US,Georgia,Calhoun,229,7,0,31.53169785,-84.62725131,13037.0,3700.1131038940057,3.056768558951965,222,227,7,0,220,226,6352,2,0,0,2,1
2020-08-28,US,Georgia,Camden,999,7,0,30.92951916,-81.66601818,13039.0,1827.4613105037865,0.7007007007007007,992,993,7,0,986,970,53677,6,0,0,6,23
2020-08-28,US,Georgia,Candler,326,12,0,32.40209349,-82.07702563,13043.0,3017.6802739979635,3.6809815950920246,314,320,12,0,308,318,10836,6,0,0,6,2
2020-08-28,US,Georgia,Carroll,2286,58,0,33.58138199,-85.07976677,13045.0,1905.1270084672312,2.537182852143482,2228,2260,57,0,2203,2227,118121,26,1,0,25,33
2020-08-28,US,Georgia,Catoosa,833,17,0,34.89872298,-85.13757014,13047.0,1232.6131991713526,2.0408163265306123,816,821,17,0,804,816,67420,12,0,0,12,5
2020-08-28,US,Georgia,Charlton,555,5,0,30.78371028,-82.13951596,13049.0,4144.265232974911,0.9009009009009008,550,551,5,0,546,547,12968,4,0,0,4,4
2020-08-28,US,Georgia,Chatham,6935,120,0,32.00043026,-81.12489526,13051.0,2396.0888643195244,1.7303532804614274,6815,6866,121,0,6745,6802,289195,69,-1,0,70,64
2020-08-28,US,Georgia,Chattahoochee,1088,2,0,32.34341231,-84.78809239,13053.0,9975.245255340607,0.18382352941176472,1086,1066,2,0,1064,1026,10684,22,0,0,22,40
2020-08-28,US,Georgia,Chattooga,522,5,0,34.47197698,-85.34535662,13055.0,2105.7727217717543,0.9578544061302682,517,508,5,0,503,491,24790,14,0,0,14,17
2020-08-28,US,Georgia,Cherokee,4720,76,0,34.24393976,-84.47431861,13057.0,1823.992456709162,1.6101694915254237,4644,4653,75,0,4578,4565,254149,67,1,0,66,88
2020-08-28,US,Georgia,Clarke,2737,26,0,33.95436462,-83.37124007,13059.0,2132.7660502918234,0.9499451954694922,2711,2691,26,0,2665,2628,127330,46,0,0,46,63
2020-08-28,US,Georgia,Clay,112,2,0,31.62221166,-84.97713865,13061.0,3952.011291460833,1.7857142857142858,110,112,2,0,110,111,2887,0,0,0,0,1
2020-08-28,US,Georgia,Clayton,6366,132,0,33.54187245,-84.35594188,13063.0,2178.2273075659696,2.0735155513666355,6234,6344,132,0,6212,6283,289615,22,0,0,22,61
2020-08-28,US,Georgia,Clinch,284,4,0,30.91395822,-82.70432472,13065.0,4291.3266847990335,1.4084507042253518,280,277,4,0,273,274,6648,7,0,0,7,3
2020-08-28,US,Georgia,Cobb,16630,387,0,33.94243204,-84.5761255,13067.0,2187.7520091667197,2.32711966325917,16243,16536,381,0,16155,16369,756865,94,6,0,88,167
2020-08-28,US,Georgia,Coffee,1767,36,0,31.54892966,-82.85492059999999,13069.0,4083.3776257712652,2.037351443123939,1731,1751,36,0,1715,1730,43093,16,0,0,16,21
2020-08-28,US,Georgia,Colquitt,1736,26,0,31.18810588,-83.7677946,13071.0,3807.017543859649,1.4976958525345625,1710,1723,26,0,1697,1708,45592,13,0,0,13,15
2020-08-28,US,Georgia,Columbia,3085,44,0,33.54534185,-82.263524,13073.0,1968.5541815026104,1.426256077795786,3041,3055,43,0,3012,3028,154291,30,1,0,29,27
2020-08-28,US,Georgia,Cook,505,10,0,31.16068491,-83.42947229,13075.0,2924.145917776491,1.98019801980198,495,502,10,0,492,500,17162,3,0,0,3,2
2020-08-28,US,Georgia,Coweta,2201,26,0,33.35334302,-84.76129976,13077.0,1482.065060030032,1.1812812358019082,2175,2153,26,0,2127,2107,145864,48,0,0,48,46
2020-08-28,US,Georgia,Crawford,148,3,0,32.71391813,-83.98061238,13079.0,1193.1634956465655,2.0270270270270268,145,147,1,0,146,146,12318,1,2,0,-1,1
2020-08-28,US,Georgia,Crisp,459,15,0,31.92289565,-83.76811843,13081.0,2051.6717325227964,3.2679738562091503,444,455,15,0,440,449,22601,4,0,0,4,6
2020-08-28,US,Georgia,Dade,189,3,0,34.854916700000004,-85.50490424,13083.0,1172.7475800446762,1.5873015873015872,186,187,3,0,184,186,16226,2,0,0,2,1
2020-08-28,US,Georgia,Dawson,650,7,0,34.44244079,-84.16964071,13085.0,2489.6583422705685,1.0769230769230769,643,632,6,0,626,614,25083,18,1,0,17,18
2020-08-28,US,Georgia,DeKalb,16368,296,0,33.76944049,-84.22396017,13089.0,2155.6782128732234,1.8084066471163245,16072,16278,293,0,15985,16193,756558,90,3,0,87,85
2020-08-28,US,Georgia,Decatur,968,21,0,30.87967778,-84.57619536,13087.0,3666.111195273444,2.169421487603306,947,958,21,0,937,949,26575,10,0,0,10,9
2020-08-28,US,Georgia,Dodge,308,6,0,32.17265114,-83.16948926,13091.0,1494.7828197039553,1.9480519480519483,302,303,5,0,298,299,20705,5,1,0,4,4
2020-08-28,US,Georgia,Dooly,282,14,0,32.15630737,-83.79746561,13093.0,2106.04929051531,4.964539007092198,268,284,14,0,270,286,13706,-2,0,0,-2,-2
2020-08-28,US,Georgia,Dougherty,2962,178,0,31.53328528,-84.21722377,13095.0,3367.5928873527673,6.009453072248482,2784,2949,178,0,2771,2939,91243,13,0,0,13,10
2020-08-28,US,Georgia,Douglas,3123,62,0,33.70291126,-84.77026156,13097.0,2134.0275927102766,1.9852705731668268,3061,3105,62,0,3043,3092,145331,18,0,0,18,13
2020-08-28,US,Georgia,Early,406,32,0,31.32155345,-84.90255207,13099.0,3984.298331697743,7.881773399014778,374,404,32,0,372,404,10247,2,0,0,2,0
2020-08-28,US,Georgia,Echols,232,2,0,30.71101099,-82.89687287,13101.0,5791.3130304543165,0.8620689655172413,230,231,2,0,229,231,4000,1,0,0,1,0
2020-08-28,US,Georgia,Effingham,1029,15,0,32.36616021,-81.34280942,13103.0,1600.4106009705115,1.4577259475218658,1014,1010,14,0,996,996,62190,19,1,0,18,14
2020-08-28,US,Georgia,Elbert,447,1,0,34.11302332,-82.83936148,13105.0,2328.8527664895278,0.22371364653243847,446,440,1,0,439,438,19120,7,0,0,7,2
2020-08-28,US,Georgia,Emanuel,719,22,0,32.59221302,-82.30239915,13107.0,3174.953634195885,3.05980528511822,697,698,22,0,676,691,22612,21,0,0,21,7
2020-08-28,US,Georgia,Evans,356,5,0,32.15328841,-81.8870105,13109.0,3341.467993241975,1.404494382022472,351,354,5,0,349,350,10721,2,0,0,2,4
2020-08-28,US,Georgia,Fannin,428,7,0,34.86430205,-84.316964,13111.0,1634.336337253704,1.6355140186915889,421,424,6,0,418,422,25964,4,1,0,3,2
2020-08-28,US,Georgia,Fayette,1539,38,0,33.41357794,-84.49089434,13113.0,1345.0328174023998,2.469135802469136,1501,1492,36,0,1456,1453,113459,47,2,0,45,39
2020-08-28,US,Georgia,Floyd,2215,30,0,34.26268279,-85.21577392,13115.0,2248.7766249060896,1.3544018058690743,2185,2193,29,0,2164,2154,97927,22,1,0,21,39
2020-08-28,US,Georgia,Forsyth,3015,32,0,34.22604035,-84.12315129999998,13117.0,1234.3808853151666,1.0613598673300166,2983,2975,31,0,2944,2938,236612,40,1,0,39,37
2020-08-28,US,Georgia,Franklin,525,10,0,34.37525597,-83.23159927,13119.0,2248.4902993704227,1.9047619047619049,515,522,10,0,512,517,23023,3,0,0,3,5
2020-08-28,US,Georgia,Fulton,24586,503,0,33.79216944,-84.46319413,13121.0,2310.85111242489,2.045879768974213,24083,24378,498,0,23880,24211,1050114,208,5,0,203,167
2020-08-28,US,Georgia,Gilmer,746,5,0,34.69316688,-84.45802506,13123.0,2378.144027543116,0.6702412868632708,741,733,5,0,728,729,30816,13,0,0,13,4
2020-08-28,US,Georgia,Glascock,35,2,0,33.22879932,-82.61297636,13125.0,1178.0545270952541,5.7142857142857135,33,34,2,0,32,34,2995,1,0,0,1,0
2020-08-28,US,Georgia,Glynn,2985,70,0,31.23279254,-81.53811412,13127.0,3499.7420625615528,2.345058626465661,2915,2957,65,0,2892,2935,85219,28,5,0,23,22
2020-08-28,US,Georgia,Gordon,1492,29,0,34.50487351,-84.87296253,13129.0,2574.0558632230905,1.9436997319034848,1463,1481,28,0,1453,1469,57685,11,1,0,10,12
2020-08-28,US,Georgia,Grady,642,10,0,30.87454847,-84.23418364,13131.0,2606.259895262453,1.557632398753894,632,647,9,0,638,630,24748,-5,1,0,-6,17
2020-08-28,US,Georgia,Greene,428,15,0,33.5769205,-83.17139104,13133.0,2335.734555773849,3.504672897196261,413,414,15,0,399,410,17698,14,0,0,14,4
2020-08-28,US,Georgia,Gwinnett,23972,324,0,33.96044201,-84.02137802,13135.0,2560.427236315087,1.3515768396462542,23648,23812,322,0,23490,23636,927781,160,2,0,158,176
2020-08-28,US,Georgia,Habersham,1309,62,0,34.63331566,-83.53094677,13137.0,2887.839745852453,4.736440030557676,1247,1301,61,0,1240,1297,45388,8,1,0,7,4
2020-08-28,US,Georgia,Hall,7475,122,0,34.32207823,-83.81896936,13139.0,3656.3116009019723,1.6321070234113713,7353,7365,120,0,7245,7266,202148,110,2,0,108,99
2020-08-28,US,Georgia,Hancock,355,39,0,33.2721566,-82.99766919,13141.0,4197.706042331796,10.985915492957748,316,353,39,0,314,352,8348,2,0,0,2,1
2020-08-28,US,Georgia,Haralson,319,7,0,33.79602175,-85.21005667,13143.0,1070.7572502685284,2.19435736677116,312,307,7,0,300,301,29533,12,0,0,12,6
2020-08-28,US,Georgia,Harris,721,21,0,32.73709786,-84.90538572,13145.0,2046.2027471903725,2.9126213592233015,700,718,21,0,697,713,34475,3,0,0,3,5
2020-08-28,US,Georgia,Hart,402,10,0,34.34626973,-82.96567682,13147.0,1534.0583858042355,2.487562189054726,392,392,10,0,382,390,26099,10,0,0,10,2
2020-08-28,US,Georgia,Heard,168,5,0,33.29686567,-85.12886832,13149.0,1409.0413486538625,2.9761904761904763,163,165,5,0,160,164,11879,3,0,0,3,1
2020-08-28,US,Georgia,Henry,4335,73,0,33.4533428,-84.14814659999998,13151.0,1848.1333213961402,1.6839677047289503,4262,4310,71,0,4239,4263,230220,25,2,0,23,47
2020-08-28,US,Georgia,Houston,2600,65,0,32.45802497,-83.66879087,13153.0,1646.9977132070212,2.5,2535,2587,65,0,2522,2567,155469,13,0,0,13,20
2020-08-28,US,Georgia,Irwin,210,4,0,31.60213036,-83.27501387,13155.0,2230.246389124894,1.9047619047619049,206,209,4,0,205,207,9398,1,0,0,1,2
2020-08-28,US,Georgia,Jackson,1427,25,0,34.13794553,-83.56814788,13157.0,1955.4106088219573,1.7519271198318151,1402,1406,25,0,1381,1381,70422,21,0,0,21,25
2020-08-28,US,Georgia,Jasper,195,3,0,33.31535543,-83.68844964,13159.0,1371.404458822702,1.5384615384615383,192,194,3,0,191,193,14040,1,0,0,1,1
2020-08-28,US,Georgia,Jeff Davis,620,10,0,31.80405727,-82.63724870000001,13161.0,4101.885544161429,1.6129032258064515,610,614,10,0,604,605,15029,6,0,0,6,9
2020-08-28,US,Georgia,Jefferson,642,15,0,33.05867328,-82.41609057,13163.0,4179.143340710844,2.336448598130841,627,630,15,0,615,629,15430,12,0,0,12,1
2020-08-28,US,Georgia,Jenkins,302,24,0,32.79248718,-81.96040187,13165.0,3480.866758875057,7.947019867549669,278,294,24,0,270,292,8683,8,0,0,8,2
2020-08-28,US,Georgia,Johnson,309,13,0,32.70211082,-82.66166794,13167.0,3204.3969718967132,4.207119741100324,296,304,13,0,291,293,9708,5,0,0,5,11
2020-08-28,US,Georgia,Jones,451,5,0,33.02512137,-83.56019163,13169.0,1569.5145293196454,1.1086474501108647,446,441,5,0,436,433,28616,10,0,0,10,8
2020-08-28,US,Georgia,Lamar,322,16,0,33.07841647,-84.14263877,13171.0,1687.8964197725006,4.9689440993788825,306,321,16,0,305,317,19000,1,0,0,1,4
2020-08-28,US,Georgia,Lanier,247,5,0,31.03828570000001,-83.06472457,13173.0,2369.7591864146602,2.0242914979757085,242,247,5,0,242,246,10340,0,0,0,0,1
2020-08-28,US,Georgia,Laurens,1305,42,0,32.46325233,-82.92221316,13175.0,2744.7103857317124,3.218390804597701,1263,1276,40,0,1236,1253,47325,29,2,0,27,23
2020-08-28,US,Georgia,Lee,656,24,0,31.779330600000005,-84.14324253,13177.0,2187.2499333155506,3.6585365853658534,632,646,23,0,623,643,29764,10,1,0,9,3
2020-08-28,US,Georgia,Liberty,914,17,0,31.82588896,-81.49251135,13179.0,1487.7512818425973,1.8599562363238507,897,900,17,0,883,894,61497,14,0,0,14,6
2020-08-28,US,Georgia,Lincoln,192,6,0,33.79201475,-82.45024131,13181.0,2423.936371670244,3.125,186,191,6,0,185,188,7915,1,0,0,1,3
2020-08-28,US,Georgia,Long,176,2,0,31.75218791,-81.74952375,13183.0,899.8415051894267,1.1363636363636365,174,174,2,0,172,172,18998,2,0,0,2,2
2020-08-28,US,Georgia,Lowndes,3438,64,0,30.83568832,-83.27056716,13185.0,2928.3000868780127,1.8615474112856312,3374,3426,63,0,3363,3402,116321,12,1,0,11,24
2020-08-28,US,Georgia,Lumpkin,676,12,0,34.57286511,-84.00425681,13187.0,2011.3061588812848,1.7751479289940828,664,656,12,0,644,619,32955,20,0,0,20,37
2020-08-28,US,Georgia,Macon,203,10,0,32.35207048,-84.04234127,13193.0,1567.930794778713,4.9261083743842375,193,203,10,0,193,201,13143,0,0,0,0,2
2020-08-28,US,Georgia,Madison,527,8,0,34.12920917,-83.21218732,13195.0,1763.7215528781796,1.5180265654648957,519,519,7,0,512,509,29650,8,1,0,7,10
2020-08-28,US,Georgia,Marion,166,6,0,32.3483402,-84.52733571,13197.0,1985.8834788850336,3.614457831325301,160,165,6,0,159,165,8351,1,0,0,1,0
2020-08-28,US,Georgia,McDuffie,503,12,0,33.47851918,-82.48252774,13189.0,2360.172672672673,2.3856858846918487,491,501,12,0,489,495,21531,2,0,0,2,6
2020-08-28,US,Georgia,McIntosh,240,5,0,31.49683595,-81.40163426,13191.0,1669.2168590902768,2.083333333333333,235,235,4,0,231,233,14340,5,1,0,4,2
2020-08-28,US,Georgia,Meriwether,477,9,0,33.04163534,-84.68859732,13199.0,2253.5078187745075,1.8867924528301887,468,475,9,0,466,469,21068,2,0,0,2,6
2020-08-28,US,Georgia,Miller,209,0,0,31.16568912,-84.73151117,13201.0,3655.1241692899616,0.0,209,202,0,0,202,201,5686,7,0,0,7,1
2020-08-28,US,Georgia,Mitchell,700,44,0,31.22483255,-84.19381821,13205.0,3201.7563920779407,6.2857142857142865,656,705,44,0,661,698,22192,-5,0,0,-5,7
2020-08-28,US,Georgia,Monroe,587,39,0,33.014289,-83.92097166,13207.0,2128.508231198781,6.6439522998296425,548,585,39,0,546,581,27520,2,0,0,2,4
2020-08-28,US,Georgia,Montgomery,212,2,0,32.17201038,-82.53527476,13209.0,2311.3824683820317,0.9433962264150944,210,207,2,0,205,205,9193,5,0,0,5,2
2020-08-28,US,Georgia,Morgan,410,2,0,33.59232073,-83.49129491,13211.0,2126.9973023448847,0.4878048780487805,408,406,2,0,404,396,18853,4,0,0,4,10
2020-08-28,US,Georgia,Murray,699,3,0,34.78897608,-84.74993177,13213.0,1743.3160415003988,0.4291845493562232,696,695,3,0,692,689,39921,4,0,0,4,6
2020-08-28,US,Georgia,Muscogee,5402,129,0,32.50931999,-84.87142262,13215.0,2759.3745690073506,2.3880044427989637,5273,5384,126,0,5258,5361,194160,18,3,0,15,23
2020-08-28,US,Georgia,Newton,2252,59,0,33.55514538,-83.84547140000002,13217.0,2015.3207331042386,2.619893428063943,2193,2234,58,0,2176,2208,109541,18,1,0,17,26
2020-08-28,US,Georgia,Oconee,545,20,0,33.83749973,-83.43679568,13219.0,1353.028798411122,3.669724770642202,525,539,20,0,519,528,39272,6,0,0,6,11
2020-08-28,US,Georgia,Oglethorpe,276,9,0,33.878629600000004,-83.08278123,13221.0,1808.768595582935,3.260869565217391,267,272,9,0,263,271,15054,4,0,0,4,1
2020-08-28,US,Georgia,Out of GA,16055,119,0,0.0,0.0,80013.0,0.0,0.7412021177203364,15936,16057,118,0,15939,16096,,-2,1,0,-3,-39
2020-08-28,US,Georgia,Paulding,2214,32,0,33.91969522,-84.86848792,13223.0,1312.645627182555,1.4453477868112017,2182,2184,31,0,2153,2147,164044,30,1,0,29,37
2020-08-28,US,Georgia,Peach,563,15,0,32.56934316,-83.82937,13225.0,2043.8539170841505,2.6642984014209588,548,558,15,0,543,553,27297,5,0,0,5,5
2020-08-28,US,Georgia,Pickens,506,6,0,34.46589159,-84.46406611,13227.0,1552.5758645024698,1.1857707509881423,500,502,6,0,496,492,31980,4,0,0,4,10
2020-08-28,US,Georgia,Pierce,510,12,0,31.35928155,-82.21598442,13229.0,2620.087336244541,2.3529411764705883,498,507,12,0,495,502,19389,3,0,0,3,5
2020-08-28,US,Georgia,Pike,271,8,0,33.09310242,-84.38790389,13231.0,1429.1741377491824,2.9520295202952034,263,271,8,0,263,268,18634,0,0,0,0,3
2020-08-28,US,Georgia,Polk,1189,15,0,34.00267074,-85.18677781,13233.0,2790.228334076456,1.2615643397813288,1174,1168,15,0,1153,1153,42470,21,0,0,21,15
2020-08-28,US,Georgia,Pulaski,200,7,0,32.23334561,-83.47549959999998,13235.0,1795.8157493041215,3.5,193,192,7,0,185,169,11069,8,0,0,8,23
2020-08-28,US,Georgia,Putnam,613,20,0,33.32056115,-83.37552891,13237.0,2771.3730277137292,3.2626427406199023,593,610,20,0,590,607,21809,3,0,0,3,3
2020-08-28,US,Georgia,Quitman,33,1,0,31.86728114,-85.01773177,13239.0,1435.4066985645934,3.0303030303030303,32,33,1,0,32,32,2279,0,0,0,0,1
2020-08-28,US,Georgia,Rabun,276,5,0,34.88389445,-83.40304637,13241.0,1610.5502713427088,1.8115942028985508,271,268,5,0,263,263,16867,8,0,0,8,5
2020-08-28,US,Georgia,Randolph,310,27,0,31.76622818,-84.75732369,13243.0,4573.620537031573,8.709677419354838,283,308,27,0,281,308,6833,2,0,0,2,0
2020-08-28,US,Georgia,Richmond,5916,120,0,33.35777107,-82.07026432,13245.0,2921.221817319942,2.028397565922921,5796,5853,117,0,5736,5773,201554,63,3,0,60,80
2020-08-28,US,Georgia,Rockdale,1626,32,0,33.65145002,-84.02202167,13247.0,1788.8575954937512,1.9680196801968017,1594,1630,31,0,1599,1622,90594,-4,1,0,-5,8
2020-08-28,US,Georgia,Schley,93,2,0,32.2654021,-84.31258912,13249.0,1769.0698116796652,2.150537634408602,91,93,2,0,91,92,5236,0,0,0,0,1
2020-08-28,US,Georgia,Screven,278,9,0,32.74976524,-81.60779441,13251.0,1990.5484748675353,3.2374100719424463,269,277,9,0,268,276,13938,1,0,0,1,1
2020-08-28,US,Georgia,Seminole,282,8,0,30.93464824,-84.86823924,13253.0,3485.7849196538928,2.8368794326241136,274,279,8,0,271,276,8315,3,0,0,3,3
2020-08-28,US,Georgia,Spalding,1152,48,0,33.26310031,-84.28013991,13255.0,1727.0587529796262,4.166666666666667,1104,1144,48,0,1096,1137,66100,8,0,0,8,7
2020-08-28,US,Georgia,Stephens,808,25,0,34.55151201,-83.29405315,13257.0,3116.6827386692385,3.0940594059405937,783,796,24,0,772,778,26035,12,1,0,11,18
2020-08-28,US,Georgia,Stewart,353,11,0,32.07996777,-84.83208037,13259.0,5331.520918290288,3.1161473087818696,342,335,11,0,324,318,6199,18,0,0,18,17
2020-08-28,US,Georgia,Sumter,849,59,0,32.03650571,-84.19821492,13261.0,2875.6266088605876,6.9493521790341575,790,844,59,0,785,832,29733,5,0,0,5,12
2020-08-28,US,Georgia,Talbot,154,5,0,32.69642758,-84.53351366,13263.0,2485.875706214689,3.2467532467532467,149,154,5,0,149,154,6272,0,0,0,0,0
2020-08-28,US,Georgia,Taliaferro,19,0,0,33.56543317,-82.88136816,13265.0,1236.174365647365,0.0,19,18,0,0,18,18,1608,1,0,0,1,0
2020-08-28,US,Georgia,Tattnall,663,7,0,32.04785085,-82.05539188,13267.0,2622.00427113818,1.0558069381598794,656,659,6,0,653,658,25391,4,1,0,3,1
2020-08-28,US,Georgia,Taylor,134,6,0,32.55792548,-84.25077141,13269.0,1670.8229426433911,4.477611940298506,128,127,5,0,122,126,8039,7,1,0,6,1
2020-08-28,US,Georgia,Telfair,343,13,0,31.92829517,-82.93491155,13271.0,2162.673392181589,3.7900874635568513,330,340,13,0,327,333,15876,3,0,0,3,7
2020-08-28,US,Georgia,Terrell,318,31,0,31.77527543,-84.44069698,13273.0,3727.5817606376745,9.748427672955977,287,314,31,0,283,313,8611,4,0,0,4,1
2020-08-28,US,Georgia,Thomas,1377,47,0,30.86392347,-83.91847289,13275.0,3097.793075521361,3.413217138707335,1330,1367,47,0,1320,1355,44448,10,0,0,10,12
2020-08-28,US,Georgia,Tift,1485,48,0,31.45743864,-83.5236119,13277.0,3653.6758193091223,3.2323232323232323,1437,1479,48,0,1431,1468,40571,6,0,0,6,11
2020-08-28,US,Georgia,Toombs,1038,17,0,32.12059861,-82.32957247,13279.0,3868.803578084233,1.6377649325626205,1021,1030,13,0,1017,1011,26887,8,4,0,4,19
2020-08-28,US,Georgia,Towns,201,5,0,34.91369188,-83.74107459999998,13281.0,1669.8512918501287,2.487562189054726,196,195,5,0,190,192,11852,6,0,0,6,3
2020-08-28,US,Georgia,Treutlen,198,3,0,32.40422134,-82.56904553,13283.0,2869.149398637879,1.5151515151515151,195,197,3,0,194,188,6809,1,0,0,1,9
2020-08-28,US,Georgia,Troup,2570,84,0,33.03349196,-85.02812115,13285.0,3675.524155487543,3.268482490272373,2486,2557,82,0,2475,2540,70034,13,2,0,11,17
2020-08-28,US,Georgia,Turner,276,19,0,31.71612656,-83.62069378,13287.0,3456.48090169067,6.884057971014492,257,276,19,0,257,275,7912,0,0,0,0,1
2020-08-28,US,Georgia,Twiggs,166,6,0,32.67435595,-83.43078662,13289.0,2044.334975369458,3.614457831325301,160,167,6,0,161,169,8188,-1,0,0,-1,-2
2020-08-28,US,Georgia,Unassigned,2497,4,0,0.0,0.0,90013.0,0.0,0.16019223067681218,2493,2564,4,0,2560,2597,,-67,0,0,-67,-33
2020-08-28,US,Georgia,Union,463,9,0,34.82995757,-83.98967069,13291.0,1888.947819346416,1.9438444924406049,454,449,8,0,441,427,24001,14,1,0,13,22
2020-08-28,US,Georgia,Upson,646,54,0,32.87920671,-84.30024826,13293.0,2454.407294832827,8.359133126934985,592,640,53,0,587,636,26215,6,1,0,5,4
2020-08-28,US,Georgia,Walker,996,21,0,34.73376362,-85.30165174,13295.0,1427.7318272387151,2.108433734939759,975,946,21,0,925,942,69410,50,0,0,50,4
2020-08-28,US,Georgia,Walton,1440,47,0,33.78017694,-83.73552314,13297.0,1522.3113761060545,3.263888888888889,1393,1429,46,0,1383,1411,93503,11,1,0,10,18
2020-08-28,US,Georgia,Ware,1324,42,0,31.05449097,-82.42224148,13299.0,3705.1547545754743,3.1722054380664653,1282,1318,42,0,1276,1311,35680,6,0,0,6,7
2020-08-28,US,Georgia,Warren,118,5,0,33.41146451,-82.67795848,13301.0,2245.9078797106968,4.2372881355932215,113,116,5,0,111,116,5251,2,0,0,2,0
2020-08-28,US,Georgia,Washington,605,4,0,32.96711864,-82.79357039,13303.0,2969.47089427702,0.6611570247933884,601,598,4,0,594,594,20386,7,0,0,7,4
2020-08-28,US,Georgia,Wayne,946,24,0,31.5521809,-81.91894878,13305.0,3161.025161225649,2.5369978858350954,922,941,22,0,919,934,29808,5,2,0,3,7
2020-08-28,US,Georgia,Webster,38,2,0,32.04066113,-84.54742852,13307.0,1457.6141158419641,5.2631578947368425,36,38,2,0,36,38,2611,0,0,0,0,0
2020-08-28,US,Georgia,Wheeler,143,5,0,32.12009104,-82.72574721,13309.0,1820.4964990451945,3.4965034965034967,138,141,4,0,137,141,7879,2,1,0,1,0
2020-08-28,US,Georgia,White,492,12,0,34.64624278,-83.74905525,13311.0,1597.5063315799728,2.4390243902439024,480,478,10,0,468,462,29970,14,2,0,12,16
2020-08-28,US,Georgia,Whitfield,3932,50,0,34.80987459,-84.96093476,13313.0,3758.0762319837895,1.2716174974567651,3882,3902,50,0,3852,3878,104062,30,0,0,30,24
2020-08-28,US,Georgia,Wilcox,218,20,0,31.97496928,-83.43438555,13315.0,2524.6091488129705,9.174311926605503,198,220,20,0,200,215,8812,-2,0,0,-2,5
2020-08-28,US,Georgia,Wilkes,219,3,0,33.78290391,-82.74286107,13317.0,2239.95090518564,1.3698630136986298,216,216,3,0,213,216,9876,3,0,0,3,0
2020-08-28,US,Georgia,Wilkinson,287,14,0,32.80291082,-83.17140684,13319.0,3205.271387089569,4.878048780487805,273,283,14,0,269,280,9036,4,0,0,4,3
2020-08-28,US,Georgia,Worth,496,26,0,31.55162306,-83.85090513,13321.0,2449.7456413295795,5.241935483870968,470,494,25,0,469,492,20299,2,1,0,1,2
2020-08-28,US,Hawaii,Hawaii,279,0,0,19.60121157,-155.5210167,15001.0,138.45260603534263,0.0,279,253,0,0,253,243,200983,26,0,0,26,10
2020-08-28,US,Hawaii,Honolulu,7147,50,0,21.45803166,-157.97121819999995,15003.0,733.3543341990205,0.6995942353435007,7097,6915,47,0,6868,6626,980080,232,3,0,229,289
2020-08-28,US,Hawaii,Kauai,56,0,0,22.03935037,-159.5966786,15007.0,77.46254824118517,0.0,56,56,0,0,56,56,72133,0,0,0,0,0
2020-08-28,US,Hawaii,Maui,324,8,0,20.86399628,-156.56890969999995,15009.0,193.52873364114757,2.469135802469136,316,318,7,0,311,311,167207,6,1,0,5,7
2020-08-28,US,Hawaii,Out of HI,24,1,0,0.0,0.0,80015.0,0.0,4.166666666666667,23,24,1,0,23,24,,0,0,0,0,0
2020-08-28,US,Idaho,Ada,10982,124,0,43.4526575,-116.24155159999998,16001.0,2280.377169649513,1.1291203788016757,10858,10930,118,0,10812,10853,469966,52,6,0,46,77
2020-08-28,US,Idaho,Adams,25,0,0,44.89333571,-116.4545247,16003.0,582.2077317186772,0.0,25,25,0,0,25,25,4250,0,0,0,0,0
2020-08-28,US,Idaho,Bannock,607,2,0,42.67002716,-112.2233311,16005.0,691.2809766763849,0.32948929159802304,605,598,2,0,596,589,87138,9,0,0,9,9
2020-08-28,US,Idaho,Bear Lake,30,0,0,42.28269683,-111.32892379999998,16007.0,489.79591836734687,0.0,30,30,0,0,30,30,6050,0,0,0,0,0
2020-08-28,US,Idaho,Benewah,109,1,0,47.21754179,-116.6586851,16009.0,1172.2951172295118,0.9174311926605504,108,109,1,0,108,103,9226,0,0,0,0,6
2020-08-28,US,Idaho,Bingham,439,5,0,43.21672879999999,-112.3978437,16011.0,937.813761722672,1.1389521640091116,434,432,5,0,427,419,46236,7,0,0,7,13
2020-08-28,US,Idaho,Blaine,601,6,0,43.4085812,-113.9752658,16013.0,2610.659832327006,0.9983361064891848,595,601,6,0,595,598,22601,0,0,0,0,3
2020-08-28,US,Idaho,Boise,61,1,0,43.98829931,-115.7309284,16015.0,778.9554335333929,1.639344262295082,60,60,1,0,59,59,7634,1,0,0,1,1
2020-08-28,US,Idaho,Bonner,211,0,0,48.29996017,-116.6017932,16017.0,461.3131026039048,0.0,211,207,0,0,207,204,44727,4,0,0,4,3
2020-08-28,US,Idaho,Bonneville,1697,9,0,43.38713372,-111.6161537,16019.0,1425.3078228150039,0.5303476723629935,1688,1647,9,0,1638,1596,116854,50,0,0,50,51
2020-08-28,US,Idaho,Boundary,43,1,0,48.76684761,-116.4630179,16021.0,351.1637403021642,2.3255813953488373,42,43,1,0,42,43,11948,0,0,0,0,0
2020-08-28,US,Idaho,Butte,10,0,0,43.72592209,-113.1735463,16023.0,385.0596842510589,0.0,10,7,0,0,7,4,2611,3,0,0,3,3
2020-08-28,US,Idaho,Camas,4,0,0,43.46665742,-114.8065892,16025.0,361.6636528028933,0.0,4,3,0,0,3,2,1127,1,0,0,1,1
2020-08-28,US,Idaho,Canyon,7051,74,0,43.61970148,-116.70954990000001,16027.0,3067.666163437735,1.049496525315558,6977,7004,73,0,6931,6950,223499,47,1,0,46,54
2020-08-28,US,Idaho,Caribou,39,0,0,42.77149116,-111.5597683,16029.0,545.0733752620545,0.0,39,39,0,0,39,35,7060,0,0,0,0,4
2020-08-28,US,Idaho,Cassia,580,4,0,42.28347888,-113.6012409,16031.0,2413.6496046608404,0.6896551724137931,576,578,3,0,575,573,23864,2,1,0,1,5
2020-08-28,US,Idaho,Clark,18,0,0,44.28496071,-112.35057040000001,16033.0,2130.1775147928993,0.0,18,18,0,0,18,18,852,0,0,0,0,0
2020-08-28,US,Idaho,Clearwater,21,0,0,46.67459924,-115.6622393,16035.0,239.83554134307903,0.0,21,20,0,0,20,21,8758,1,0,0,1,-1
2020-08-28,US,Idaho,Custer,31,0,0,44.24186819,-114.2855494,16037.0,718.4241019698725,0.0,31,27,0,0,27,21,4280,4,0,0,4,6
2020-08-28,US,Idaho,Elmore,274,3,0,43.3507101,-115.4701578,16039.0,995.9652502635312,1.094890510948905,271,274,3,0,271,273,27259,0,0,0,0,1
2020-08-28,US,Idaho,Franklin,56,0,0,42.18332217,-111.81496659999999,16041.0,403.57451715191706,0.0,56,55,0,0,55,54,13726,1,0,0,1,1
2020-08-28,US,Idaho,Fremont,108,1,0,44.22800938,-111.48099429999999,16043.0,824.4904191159628,0.925925925925926,107,107,1,0,106,103,13168,1,0,0,1,4
2020-08-28,US,Idaho,Gem,208,2,0,44.06482372,-116.398376,16045.0,1148.4098939929331,0.9615384615384616,206,206,2,0,204,205,17634,2,0,0,2,1
2020-08-28,US,Idaho,Gooding,219,1,0,42.96927962,-114.81083059999999,16047.0,1442.7827920152845,0.45662100456620996,218,215,1,0,214,211,15196,4,0,0,4,4
2020-08-28,US,Idaho,Idaho,40,0,0,45.84721541,-115.4634436,16049.0,239.9952000959981,0.0,40,40,0,0,40,40,16513,0,0,0,0,0
2020-08-28,US,Idaho,Jefferson,338,1,0,43.82078483,-112.3131749,16051.0,1131.532255364735,0.2958579881656805,337,336,1,0,335,329,29439,2,0,0,2,7
2020-08-28,US,Idaho,Jerome,592,6,0,42.68891267,-114.2655033,16053.0,2425.036867114534,1.0135135135135136,586,589,6,0,583,579,24015,3,0,0,3,10
2020-08-28,US,Idaho,Kootenai,2164,29,0,47.67282258,-116.7020872,16055.0,1305.9982980983361,1.3401109057301297,2135,2150,29,0,2121,2136,161505,14,0,0,14,14
2020-08-28,US,Idaho,Latah,233,0,0,46.81587887,-116.71136979999999,16057.0,580.9314849905256,0.0,233,225,0,0,225,219,40134,8,0,0,8,6
2020-08-28,US,Idaho,Lemhi,69,0,0,44.9438088,-113.9309747,16059.0,859.5988538681949,0.0,69,69,0,0,69,69,7961,0,0,0,0,0
2020-08-28,US,Idaho,Lincoln,67,0,0,43.0012336,-114.1358773,16063.0,1248.602310846068,0.0,67,67,0,0,67,66,5360,0,0,0,0,1
2020-08-28,US,Idaho,Madison,233,0,0,43.78141028,-111.65384740000002,16065.0,583.8574686145288,0.0,233,229,0,0,229,226,39304,4,0,0,4,3
2020-08-28,US,Idaho,Minidoka,550,2,0,42.85518524,-113.6357257,16067.0,2614.192689766624,0.3636363636363637,548,547,2,0,545,540,20825,3,0,0,3,7
2020-08-28,US,Idaho,Nez Perce,284,19,0,46.32638236,-116.75009750000001,16069.0,702.83112254999,6.690140845070423,265,274,19,0,255,269,40408,10,0,0,10,5
2020-08-28,US,Idaho,Oneida,21,0,0,42.19494279999999,-112.5407838,16071.0,463.4738468329287,0.0,21,20,0,0,20,20,4488,1,0,0,1,0
2020-08-28,US,Idaho,Owyhee,297,5,0,42.58016894,-116.16938710000001,16073.0,2512.0527784826186,1.6835016835016836,292,296,5,0,291,293,11693,1,0,0,1,3
2020-08-28,US,Idaho,Payette,639,4,0,44.00545243,-116.7647695,16075.0,2667.94705857793,0.6259780907668232,635,628,4,0,624,605,23551,11,0,0,11,23
2020-08-28,US,Idaho,Power,107,0,0,42.69254894,-112.83957420000002,16077.0,1393.0477802369485,0.0,107,105,0,0,105,104,7768,2,0,0,2,1
2020-08-28,US,Idaho,Shoshone,195,14,0,47.35364087,-115.89167490000001,16079.0,1513.7401024685607,7.17948717948718,181,195,12,0,183,192,12796,0,2,0,-2,3
2020-08-28,US,Idaho,Teton,123,0,0,43.75303583,-111.2056773,16081.0,1013.0126832482292,0.0,123,122,0,0,122,122,11640,1,0,0,1,0
2020-08-28,US,Idaho,Twin Falls,1650,34,0,42.35440512,-114.6685381,16083.0,1899.2149911369968,2.060606060606061,1616,1640,34,0,1606,1628,86081,10,0,0,10,12
2020-08-28,US,Idaho,Unassigned,3,0,0,0.0,0.0,90016.0,0.0,0.0,3,3,0,0,3,3,,0,0,0,0,0
2020-08-28,US,Idaho,Valley,80,1,0,44.76728382,-115.5676773,16085.0,702.2471910112358,1.25,79,80,1,0,79,79,11041,0,0,0,0,1
2020-08-28,US,Idaho,Washington,267,4,0,44.45275475,-116.78476880000001,16087.0,2619.1877575044145,1.49812734082397,263,263,4,0,259,263,10161,4,0,0,4,0
2020-08-28,US,Illinois,Adams,749,7,0,39.98815591,-91.18786813,17001.0,1144.6473599755482,0.9345794392523364,742,734,7,0,727,731,65691,15,0,0,15,3
2020-08-28,US,Illinois,Alexander,44,0,0,37.18049267,-89.32910838,17003.0,763.7562923103627,0.0,44,44,0,0,44,42,6060,0,0,0,0,2
2020-08-28,US,Illinois,Bond,125,3,0,38.88829622,-89.43534887,17005.0,760.9886764884938,2.4,122,123,3,0,120,119,16630,2,0,0,2,4
2020-08-28,US,Illinois,Boone,849,23,0,42.32359279,-88.82345779,17007.0,1585.6118332586286,2.7090694935217905,826,846,23,0,823,843,53577,3,0,0,3,3
2020-08-28,US,Illinois,Brown,20,0,0,39.96209138,-90.75068024,17009.0,304.04378230465187,0.0,20,18,0,0,18,16,6556,2,0,0,2,2
2020-08-28,US,Illinois,Bureau,353,5,0,41.40385234,-89.5283051,17011.0,1081.8928527644966,1.4164305949008498,348,348,5,0,343,335,32993,5,0,0,5,13
2020-08-28,US,Illinois,Calhoun,26,0,0,39.16840183,-90.66330078,17013.0,548.638953365689,0.0,26,26,0,0,26,25,4802,0,0,0,0,1
2020-08-28,US,Illinois,Carroll,131,4,0,42.06823429,-89.93395545,17015.0,915.7637189793776,3.053435114503817,127,125,4,0,121,115,14312,6,0,0,6,10
2020-08-28,US,Illinois,Cass,296,11,0,39.96991073,-90.24734436,17017.0,2436.815674652177,3.716216216216216,285,297,11,0,286,296,12260,-1,0,0,-1,1
2020-08-28,US,Illinois,Champaign,2310,20,0,40.13919438,-88.20046615,17019.0,1101.6314637391563,0.8658008658008658,2290,2210,20,0,2190,2187,209983,100,0,0,100,23
2020-08-28,US,Illinois,Christian,216,4,0,39.54581621,-89.27780482,17021.0,668.6478454680533,1.851851851851852,212,195,4,0,191,192,32661,21,0,0,21,3
2020-08-28,US,Illinois,Clark,115,2,0,39.33425789,-87.78705622,17023.0,744.7704164238068,1.7391304347826086,113,112,2,0,110,113,15596,3,0,0,3,-1
2020-08-28,US,Illinois,Clay,72,0,0,38.75388572,-88.48914513,17025.0,546.1165048543689,0.0,72,65,0,0,65,62,13253,7,0,0,7,3
2020-08-28,US,Illinois,Clinton,670,17,0,38.60704876,-89.42385254,17027.0,1783.717586922954,2.537313432835821,653,667,17,0,650,647,37639,3,0,0,3,20
2020-08-28,US,Illinois,Coles,884,21,0,39.51949084,-88.22358557,17029.0,1746.3108196203154,2.3755656108597285,863,860,21,0,839,827,50885,24,0,0,24,33
2020-08-28,US,Illinois,Cook,124573,5045,0,41.84144849,-87.81658794,17031.0,2418.7837715303367,4.049834233742463,119528,123691,5039,0,118652,123172,5180493,882,6,0,876,519
2020-08-28,US,Illinois,Crawford,72,0,0,39.0032229,-87.75954624,17033.0,385.7073980821771,0.0,72,72,0,0,72,72,18807,0,0,0,0,0
2020-08-28,US,Illinois,Cumberland,128,3,0,39.27432424,-88.2401158,17035.0,1188.9281070035295,2.34375,125,127,3,0,124,123,10808,1,0,0,1,4
2020-08-28,US,Illinois,De Witt,40,1,0,40.17514519,-88.90959682,17039.0,255.78718506202839,2.5,39,39,1,0,38,38,15769,1,0,0,1,1
2020-08-28,US,Illinois,DeKalb,1089,35,0,41.89373302,-88.76958483,17037.0,1038.1612438868603,3.2139577594123048,1054,1082,33,0,1049,1078,104143,7,2,0,5,4
2020-08-28,US,Illinois,Douglas,207,5,0,39.76768052,-88.21854195,17041.0,1063.4472129463138,2.415458937198068,202,202,4,0,198,198,19479,5,1,0,4,4
2020-08-28,US,Illinois,DuPage,14299,533,0,41.85116968,-88.08642662,17043.0,1549.3200393099735,3.7275333939436326,13766,14200,533,0,13667,14103,928589,99,0,0,99,97
2020-08-28,US,Illinois,Edgar,79,0,0,39.6809186,-87.74759563,17045.0,460.3461336751938,0.0,79,77,0,0,77,75,17360,2,0,0,2,2
2020-08-28,US,Illinois,Edwards,36,0,0,38.41353228,-88.05720863,17047.0,562.9397967161846,0.0,36,34,0,0,34,33,6392,2,0,0,2,1
2020-08-28,US,Illinois,Effingham,478,1,0,39.05935711,-88.58969584,17049.0,1405.551634909433,0.20920502092050208,477,464,1,0,463,424,34208,14,0,0,14,40
2020-08-28,US,Illinois,Fayette,153,3,0,39.00072038,-89.02452658,17051.0,717.0978627671541,1.96078431372549,150,144,3,0,141,140,21416,9,0,0,9,4
2020-08-28,US,Illinois,Ford,70,2,0,40.59706922,-88.22350769,17053.0,540.0817838129774,2.8571428571428568,68,69,2,0,67,69,13264,1,0,0,1,0
2020-08-28,US,Illinois,Franklin,327,1,0,37.99189086,-88.92567818,17055.0,850.0350931919207,0.3058103975535168,326,315,1,0,314,305,38701,12,0,0,12,10
2020-08-28,US,Illinois,Fulton,77,0,0,40.47289135,-90.20862357,17057.0,224.22830518345955,0.0,77,75,0,0,75,72,34844,2,0,0,2,3
2020-08-28,US,Illinois,Gallatin,62,2,0,37.76430935,-88.22953869,17059.0,1284.175642087821,3.2258064516129035,60,62,2,0,60,62,5058,0,0,0,0,0
2020-08-28,US,Illinois,Greene,99,1,0,39.35907414,-90.388865,17061.0,763.3587786259543,1.0101010101010102,98,97,0,0,97,97,13044,2,1,0,1,0
2020-08-28,US,Illinois,Grundy,468,5,0,41.28569601,-88.41905692,17063.0,916.6764602185921,1.0683760683760684,463,461,5,0,456,452,50972,7,0,0,7,9
2020-08-28,US,Illinois,Hamilton,44,0,0,38.08163641,-88.53883373,17065.0,542.1389847215377,0.0,44,44,0,0,44,44,8163,0,0,0,0,0
2020-08-28,US,Illinois,Hancock,126,2,0,40.40423981,-91.16313899,17067.0,711.5428055116331,1.5873015873015872,124,123,2,0,121,120,17844,3,0,0,3,3
2020-08-28,US,Illinois,Hardin,18,0,0,37.51810645,-88.26873022,17069.0,471.08086888249153,0.0,18,18,0,0,18,18,3910,0,0,0,0,0
2020-08-28,US,Illinois,Henderson,41,0,0,40.81908672,-90.92491462,17071.0,616.9124285284381,0.0,41,40,0,0,40,37,6709,1,0,0,1,3
2020-08-28,US,Illinois,Henry,438,1,0,41.3533994,-90.13296166,17073.0,895.4674626377446,0.22831050228310498,437,424,1,0,423,412,49090,14,0,0,14,12
2020-08-28,US,Illinois,Iroquois,291,19,0,40.74717633,-87.82466784,17075.0,1073.2462934277496,6.529209621993128,272,287,18,0,269,284,27604,4,1,0,3,3
2020-08-28,US,Illinois,Jackson,895,20,0,37.78595185,-89.38232563,17077.0,1577.092511013216,2.23463687150838,875,892,20,0,872,877,57419,3,0,0,3,15
2020-08-28,US,Illinois,Jasper,111,7,0,39.01054275,-88.15437049,17079.0,1155.0468262226848,6.306306306306308,104,104,7,0,97,100,9611,7,0,0,7,4
2020-08-28,US,Illinois,Jefferson,442,34,0,38.29980057,-88.9240025,17081.0,1172.911580511623,7.6923076923076925,408,434,33,0,401,416,37820,8,1,0,7,18
2020-08-28,US,Illinois,Jersey,271,5,0,39.08869046,-90.35393073,17083.0,1244.6608184448628,1.845018450184502,266,264,3,0,261,246,21847,7,2,0,5,18
2020-08-28,US,Illinois,Jo Daviess,173,2,0,42.36542373,-90.21094405,17085.0,814.6927242759593,1.1560693641618498,171,171,2,0,169,171,21366,2,0,0,2,0
2020-08-28,US,Illinois,Johnson,110,0,0,37.45939802,-88.88165419,17087.0,885.8822581944107,0.0,110,107,0,0,107,105,12456,3,0,0,3,2
2020-08-28,US,Illinois,Kane,11052,312,0,41.93842729,-88.42861412,17089.0,2075.871097645956,2.8230184581976117,10740,11002,312,0,10690,10956,534216,50,0,0,50,46
2020-08-28,US,Illinois,Kankakee,2149,71,0,41.13746989,-87.86205334,17091.0,1956.0903679161127,3.3038622615169846,2078,2107,71,0,2036,2089,110024,42,0,0,42,18
2020-08-28,US,Illinois,Kendall,1633,23,0,41.59081014,-88.42869583,17093.0,1265.9896115977986,1.4084507042253518,1610,1623,23,0,1600,1609,127915,10,0,0,10,14
2020-08-28,US,Illinois,Knox,441,3,0,40.93148779,-90.21330340000002,17095.0,887.3417976216824,0.6802721088435374,438,440,3,0,437,436,50112,1,0,0,1,4
2020-08-28,US,Illinois,LaSalle,1203,45,0,41.34426129999999,-88.88633881,17099.0,1107.031444110096,3.740648379052369,1158,1180,45,0,1135,1148,109430,23,0,0,23,32
2020-08-28,US,Illinois,Lake,14379,463,0,42.3224907,-88.00367925,17097.0,2064.361446302052,3.2199735725711105,13916,14223,462,0,13761,14172,700832,156,1,0,155,51
2020-08-28,US,Illinois,Lawrence,96,0,0,38.71987914,-87.72884035,17101.0,612.3230003827017,0.0,96,93,0,0,93,89,15765,3,0,0,3,4
2020-08-28,US,Illinois,Lee,231,1,0,41.74583951,-89.29977132,17103.0,677.4988268418582,0.4329004329004329,230,226,1,0,225,222,34223,5,0,0,5,4
2020-08-28,US,Illinois,Livingston,180,4,0,40.89188292,-88.55784752,17105.0,504.9371633752244,2.2222222222222223,176,179,4,0,175,172,35761,1,0,0,1,7
2020-08-28,US,Illinois,Logan,249,1,0,40.12581572,-89.36638784,17107.0,870.0817667202458,0.4016064257028112,248,247,1,0,246,245,28925,2,0,0,2,2
2020-08-28,US,Illinois,Macon,907,26,0,39.86064913,-88.96342505,17115.0,872.0399196223402,2.8665931642778393,881,894,26,0,868,875,104712,13,0,0,13,19
2020-08-28,US,Illinois,Macoupin,340,3,0,39.26119767,-89.92424028,17117.0,756.800071228242,0.8823529411764706,337,333,3,0,330,324,45313,7,0,0,7,9
2020-08-28,US,Illinois,Madison,3868,95,0,38.83042506,-89.90422563,17119.0,1470.9125894602344,2.456049638055843,3773,3818,95,0,3723,3752,264461,50,0,0,50,66
2020-08-28,US,Illinois,Marion,262,0,0,38.64963204,-88.91899208,17121.0,704.2064238677597,0.0,262,259,0,0,259,249,37620,3,0,0,3,10
2020-08-28,US,Illinois,Marshall,44,0,0,41.0327901,-89.34510444,17123.0,384.6826368246197,0.0,44,44,0,0,44,42,11534,0,0,0,0,2
2020-08-28,US,Illinois,Mason,77,1,0,40.23917274,-89.91824452,17125.0,576.3904483868553,1.2987012987012987,76,76,1,0,75,73,13565,1,0,0,1,3
2020-08-28,US,Illinois,Massac,64,1,0,37.22078441,-88.71036614,17127.0,464.7110078419983,1.5625,63,63,1,0,62,61,14080,1,0,0,1,2
2020-08-28,US,Illinois,McDonough,185,15,0,40.45674722,-90.67775541,17109.0,623.2733643285493,8.108108108108109,170,176,15,0,161,164,29955,9,0,0,9,12
2020-08-28,US,Illinois,McHenry,3774,114,0,42.32451172,-88.45248227,17111.0,1226.2244374118673,3.02066772655008,3660,3743,114,0,3629,3698,308570,31,0,0,31,45
2020-08-28,US,Illinois,McLean,1379,16,0,40.48996987,-88.84621113,17113.0,804.0019356681845,1.1602610587382158,1363,1323,16,0,1307,1250,172828,56,0,0,56,73
2020-08-28,US,Illinois,Menard,68,0,0,40.02742725,-89.80246001,17129.0,557.5598556903901,0.0,68,68,0,0,68,68,12288,0,0,0,0,0
2020-08-28,US,Illinois,Mercer,97,4,0,41.20596782,-90.74290052,17131.0,628.360432726566,4.123711340206185,93,94,4,0,90,95,15601,3,0,0,3,-1
2020-08-28,US,Illinois,Monroe,440,14,0,38.27594376,-90.17761038,17133.0,1270.3178681756506,3.1818181818181817,426,442,14,0,428,429,34335,-2,0,0,-2,13
2020-08-28,US,Illinois,Montgomery,246,8,0,39.23198845,-89.47809254,17135.0,865.7703948757654,3.2520325203252027,238,243,8,0,235,234,28601,3,0,0,3,9
2020-08-28,US,Illinois,Morgan,480,18,0,39.71654544,-90.20255104,17137.0,1426.109691603779,3.75,462,475,18,0,457,466,33976,5,0,0,5,9
2020-08-28,US,Illinois,Moultrie,151,0,0,39.64187451,-88.62099969,17139.0,1041.3074960347562,0.0,151,144,0,0,144,140,14717,7,0,0,7,4
2020-08-28,US,Illinois,Ogle,468,5,0,42.04165196,-89.32184679,17141.0,924.1158699129196,1.0683760683760684,463,468,5,0,463,467,50923,0,0,0,0,1
2020-08-28,US,Illinois,Out of IL,2,0,0,0.0,0.0,80017.0,0.0,0.0,2,2,0,0,2,,,0,0,0,0,
2020-08-28,US,Illinois,Peoria,2301,40,0,40.78702156,-89.76078901,17143.0,1284.19066966553,1.738374619730552,2261,2271,40,0,2231,2255,180621,30,0,0,30,16
2020-08-28,US,Illinois,Perry,286,8,0,38.08510853,-89.36856219,17145.0,1367.374258940524,2.797202797202797,278,283,8,0,275,278,21174,3,0,0,3,5
2020-08-28,US,Illinois,Piatt,76,0,0,40.01360584,-88.59319339,17147.0,465.00244738130203,0.0,76,72,0,0,72,71,16396,4,0,0,4,1
2020-08-28,US,Illinois,Pike,68,0,0,39.62265059,-90.8877017,17149.0,436.9899106741212,0.0,68,66,0,0,66,64,15611,2,0,0,2,2
2020-08-28,US,Illinois,Pope,14,1,0,37.41391284,-88.56152109,17151.0,335.16878142207327,7.142857142857142,13,14,1,0,13,14,4212,0,0,0,0,0
2020-08-28,US,Illinois,Pulaski,117,1,0,37.22631423,-89.13085001,17153.0,2193.064667291472,0.8547008547008547,116,117,1,0,116,114,5463,0,0,0,0,3
2020-08-28,US,Illinois,Putnam,16,0,0,41.2013541,-89.2869272,17155.0,278.7942150200384,0.0,16,15,0,0,15,14,5740,1,0,0,1,1
2020-08-28,US,Illinois,Randolph,702,7,0,38.05095369,-89.82512254,17157.0,2208.797432508967,0.9971509971509972,695,697,7,0,690,682,32106,5,0,0,5,15
2020-08-28,US,Illinois,Richland,60,2,0,38.71240969,-88.08475366,17159.0,386.77238445175016,3.333333333333333,58,58,1,0,57,58,15763,2,1,0,1,0
2020-08-28,US,Illinois,Rock Island,2112,53,0,41.46613806,-90.57042164,17161.0,1488.5923921087685,2.509469696969697,2059,2094,52,0,2042,2071,143477,18,1,0,17,23
2020-08-28,US,Illinois,Saline,161,3,0,37.75332999,-88.54119706,17165.0,685.3688646715764,1.8633540372670807,158,161,3,0,158,158,23906,0,0,0,0,3
2020-08-28,US,Illinois,Sangamon,1724,37,0,39.75836914,-89.65872023,17167.0,885.5921755568338,2.1461716937354987,1687,1701,37,0,1664,1680,195348,23,0,0,23,21
2020-08-28,US,Illinois,Schuyler,19,0,0,40.157179799999994,-90.61114163,17169.0,280.73286052009456,0.0,19,19,0,0,19,19,6907,0,0,0,0,0
2020-08-28,US,Illinois,Scott,45,0,0,39.642916899999996,-90.47814431,17171.0,908.9072914562712,0.0,45,44,0,0,44,43,4926,1,0,0,1,1
2020-08-28,US,Illinois,Shelby,185,3,0,39.39133527,-88.80611122,17173.0,855.1354349634835,1.6216216216216215,182,176,3,0,173,171,21741,9,0,0,9,5
2020-08-28,US,Illinois,St. Clair,5158,170,0,38.46996033,-89.93063427,17163.0,1986.2449265651599,3.295851105079488,4988,5107,170,0,4937,5058,261059,51,0,0,51,49
2020-08-28,US,Illinois,Stark,17,0,0,41.09309773,-89.79745866,17175.0,318.2328715836765,0.0,17,15,0,0,15,13,5427,2,0,0,2,2
2020-08-28,US,Illinois,Stephenson,376,6,0,42.35129217,-89.662598,17177.0,844.9817969346936,1.5957446808510638,370,373,6,0,367,371,44753,3,0,0,3,2
2020-08-28,US,Illinois,Tazewell,1040,9,0,40.50716185,-89.51404662,17179.0,789.0563947709842,0.8653846153846154,1031,1019,9,0,1010,993,132328,21,0,0,21,26
2020-08-28,US,Illinois,Unassigned,1752,209,0,0.0,0.0,90017.0,0.0,11.929223744292235,1543,1474,209,0,1265,1463,,278,0,0,278,11
2020-08-28,US,Illinois,Union,414,24,0,37.47119609,-89.25548938,17181.0,2486.038551612322,5.797101449275362,390,414,23,0,391,409,16841,0,1,0,-1,5
2020-08-28,US,Illinois,Vermilion,320,3,0,40.18417171,-87.73384359,17183.0,422.39763457324636,0.9375,317,312,3,0,309,306,76806,8,0,0,8,6
2020-08-28,US,Illinois,Wabash,101,1,0,38.44272901,-87.84922065,17185.0,876.7361111111113,0.99009900990099,100,95,1,0,94,95,11549,6,0,0,6,0
2020-08-28,US,Illinois,Warren,247,1,0,40.84925021,-90.6147432,17187.0,1466.3975302778435,0.4048582995951417,246,241,1,0,240,238,17032,6,0,0,6,3
2020-08-28,US,Illinois,Washington,109,1,0,38.35309213,-89.40982703,17189.0,784.9067473176352,0.9174311926605504,108,106,1,0,105,101,13995,3,0,0,3,5
2020-08-28,US,Illinois,Wayne,92,2,0,38.42955355,-88.42586459,17191.0,567.3758865248228,2.1739130434782608,90,90,2,0,88,90,16332,2,0,0,2,0
2020-08-28,US,Illinois,White,114,0,0,38.08706198,-88.17657461,17193.0,842.1363669941643,0.0,114,114,0,0,114,113,13665,0,0,0,0,1
2020-08-28,US,Illinois,Whiteside,490,19,0,41.75509713,-89.91556058,17195.0,888.0833710919801,3.877551020408163,471,478,19,0,459,471,55626,12,0,0,12,7
2020-08-28,US,Illinois,Will,11278,358,0,41.44619267,-87.97862712,17197.0,1632.7346060691168,3.174321688242596,10920,11136,357,0,10779,11063,692310,142,1,0,141,73
2020-08-28,US,Illinois,Williamson,812,12,0,37.73033511,-88.92994027,17199.0,1219.2741414778445,1.477832512315271,800,806,11,0,795,784,67056,6,1,0,5,22
2020-08-28,US,Illinois,Winnebago,4175,146,0,42.33641854,-89.16085327,17201.0,1477.499539940263,3.4970059880239517,4029,4153,146,0,4007,4116,284081,22,0,0,22,37
2020-08-28,US,Illinois,Woodford,263,3,0,40.78579374,-89.20973757,17203.0,683.8451337788292,1.1406844106463878,260,255,3,0,252,249,38463,8,0,0,8,6
2020-08-28,US,Indiana,Adams,177,2,0,40.7457653,-84.93671406,18001.0,494.7312519216256,1.1299435028248588,175,177,2,0,175,164,35636,0,0,0,0,13
2020-08-28,US,Indiana,Allen,4849,177,0,41.09194313,-85.06800636,18003.0,1278.4109633824505,3.650237162301505,4672,4826,177,0,4649,4756,375351,23,0,0,23,70
2020-08-28,US,Indiana,Bartholomew,1039,54,0,39.20744865,-85.89558181,18005.0,1240.1675837620405,5.19730510105871,985,1036,54,0,982,1025,82753,3,0,0,3,11
2020-08-28,US,Indiana,Benton,78,0,0,40.60626947,-87.31093999,18007.0,891.6323731138547,0.0,78,78,0,0,78,77,8653,0,0,0,0,1
2020-08-28,US,Indiana,Blackford,71,2,0,40.47388153,-85.32499702,18009.0,603.8441911889778,2.8169014084507036,69,70,2,0,68,70,11930,1,0,0,1,0
2020-08-28,US,Indiana,Boone,820,46,0,40.0509304,-86.46841646,18011.0,1208.6729655233407,5.609756097560974,774,814,46,0,768,798,66999,6,0,0,6,16
2020-08-28,US,Indiana,Brown,88,2,0,39.19605589,-86.22868909,18013.0,583.0903790087464,2.272727272727273,86,86,2,0,84,84,15234,2,0,0,2,2
2020-08-28,US,Indiana,Carroll,253,13,0,40.580783200000006,-86.56198812,18015.0,1248.95097990818,5.138339920948616,240,250,12,0,238,248,20127,3,1,0,2,2
2020-08-28,US,Indiana,Cass,1857,9,0,40.76135835,-86.34830753,18017.0,4927.167077927246,0.4846526655896608,1848,1854,9,0,1845,1848,37955,3,0,0,3,6
2020-08-28,US,Indiana,Clark,1690,51,0,38.48015445,-85.70510334,18019.0,1428.5472773072306,3.0177514792899407,1639,1677,51,0,1626,1644,117360,13,0,0,13,33
2020-08-28,US,Indiana,Clay,218,5,0,39.39561833,-87.11723506,18021.0,831.2678741658722,2.2935779816513757,213,214,5,0,209,209,26170,4,0,0,4,5
2020-08-28,US,Indiana,Clinton,542,8,0,40.30319754,-86.47277257,18023.0,1672.891138615389,1.4760147601476017,534,535,7,0,528,525,32250,7,1,0,6,10
2020-08-28,US,Indiana,Crawford,58,0,0,38.28814402,-86.44518825,18025.0,548.359648293467,0.0,58,57,0,0,57,56,10558,1,0,0,1,1
2020-08-28,US,Indiana,Daviess,464,23,0,38.70186039,-87.07185406,18027.0,1391.2626308056726,4.956896551724138,441,443,23,0,420,430,33147,21,0,0,21,13
2020-08-28,US,Indiana,DeKalb,313,4,0,41.39804622,-84.99906934,18033.0,719.9539965497412,1.2779552715654952,309,310,4,0,306,304,43226,3,0,0,3,6
2020-08-28,US,Indiana,Dearborn,565,28,0,39.14647946,-84.97333539,18029.0,1142.3834364511306,4.955752212389379,537,564,28,0,536,559,49568,1,0,0,1,5
2020-08-28,US,Indiana,Decatur,393,34,0,39.30712658,-85.50087166,18031.0,1479.724387213374,8.651399491094146,359,389,34,0,355,380,26794,4,0,0,4,9
2020-08-28,US,Indiana,Delaware,1006,56,0,40.22787247,-85.39732772,18035.0,881.4123625531171,5.566600397614313,950,971,55,0,916,931,114772,35,1,0,34,40
2020-08-28,US,Indiana,Dubois,825,17,0,38.36597551,-86.87924170000002,18037.0,1930.4567577686264,2.060606060606061,808,819,17,0,802,810,42565,6,0,0,6,9
2020-08-28,US,Indiana,Elkhart,5512,98,0,41.59761169,-85.85875695,18039.0,2671.306235794147,1.7779390420899854,5414,5485,97,0,5388,5439,205560,27,1,0,26,46
2020-08-28,US,Indiana,Fayette,306,8,0,39.63684962,-85.17797541,18041.0,1324.560644100078,2.6143790849673203,298,304,8,0,296,295,23047,2,0,0,2,9
2020-08-28,US,Indiana,Floyd,1043,54,0,38.32117957,-85.90385377,18043.0,1328.290160719289,5.177372962607862,989,1027,54,0,973,1022,77781,16,0,0,16,5
2020-08-28,US,Indiana,Fountain,90,2,0,40.12361933,-87.24217689,18045.0,550.5934173498105,2.2222222222222223,88,88,2,0,86,86,16351,2,0,0,2,2
2020-08-28,US,Indiana,Franklin,273,25,0,39.4142482,-85.06062647,18047.0,1199.5781703137359,9.157509157509157,248,270,24,0,246,265,22736,3,1,0,2,5
2020-08-28,US,Indiana,Fulton,201,2,0,41.0469907,-86.26252745,18049.0,1006.3082006608593,0.9950248756218906,199,201,2,0,199,198,20092,0,0,0,0,3
2020-08-28,US,Indiana,Gibson,309,4,0,38.30393723,-87.58054938,18051.0,918.0308387058438,1.2944983818770226,305,306,4,0,302,301,33452,3,0,0,3,5
2020-08-28,US,Indiana,Grant,624,30,0,40.51587228,-85.65468702,18053.0,948.7752588605574,4.807692307692308,594,621,30,0,591,612,65936,3,0,0,3,9
2020-08-28,US,Indiana,Greene,357,35,0,39.03630547,-86.96223202,18055.0,1118.3509805150054,9.803921568627453,322,356,35,0,321,345,32006,1,0,0,1,11
2020-08-28,US,Indiana,Hamilton,3740,107,0,40.07306535,-86.05244729,18057.0,1106.472866267666,2.86096256684492,3633,3692,107,0,3585,3639,330086,48,0,0,48,53
2020-08-28,US,Indiana,Hancock,803,41,0,39.82304555,-85.77566351,18059.0,1027.274588066728,5.1058530510585305,762,793,41,0,752,786,76351,10,0,0,10,7
2020-08-28,US,Indiana,Harrison,466,24,0,38.19467379,-86.10948271,18061.0,1150.1912871775885,5.150214592274677,442,463,24,0,439,458,40350,3,0,0,3,5
2020-08-28,US,Indiana,Hendricks,2255,111,0,39.76719009,-86.51037283,18063.0,1324.0483585910479,4.92239467849224,2144,2241,111,0,2130,2204,167009,14,0,0,14,37
2020-08-28,US,Indiana,Henry,585,21,0,39.93029017,-85.39625719,18065.0,1219.4613524555991,3.58974358974359,564,577,21,0,556,568,48271,8,0,0,8,9
2020-08-28,US,Indiana,Howard,1046,61,0,40.48527731,-86.11351892,18067.0,1267.202946307424,5.831739961759082,985,1044,61,0,983,1035,82366,2,0,0,2,9
2020-08-28,US,Indiana,Huntington,157,3,0,40.82907273,-85.48822092,18069.0,429.9014238773275,1.9108280254777068,154,155,3,0,152,153,36240,2,0,0,2,2
2020-08-28,US,Indiana,Jackson,684,8,0,38.90915820000001,-86.03851889,18071.0,1546.4267142954034,1.1695906432748535,676,681,8,0,673,675,44111,3,0,0,3,6
2020-08-28,US,Indiana,Jasper,310,2,0,41.02078733,-87.11553319,18073.0,923.663667242715,0.6451612903225806,308,309,2,0,307,306,33370,1,0,0,1,3
2020-08-28,US,Indiana,Jay,125,0,0,40.43781032,-85.00576229,18075.0,611.6656880015659,0.0,125,122,0,0,122,119,20764,3,0,0,3,3
2020-08-28,US,Indiana,Jefferson,204,3,0,38.78576239,-85.43633383,18077.0,631.4225578804012,1.4705882352941178,201,203,3,0,200,200,32208,1,0,0,1,3
2020-08-28,US,Indiana,Jennings,260,12,0,38.99588883,-85.62710784,18079.0,937.4436632413916,4.615384615384615,248,261,12,0,249,261,27611,-1,0,0,-1,0
2020-08-28,US,Indiana,Johnson,1999,120,0,39.48994426,-86.10149107,18081.0,1263.8540277048942,6.003001500750375,1879,1990,120,0,1870,1964,156225,9,0,0,9,26
2020-08-28,US,Indiana,Knox,328,3,0,38.68861576,-87.4194665,18083.0,896.3218013882057,0.9146341463414634,325,311,3,0,308,303,36895,17,0,0,17,8
2020-08-28,US,Indiana,Kosciusko,1018,16,0,41.24521668,-85.86312322,18085.0,1281.212243254128,1.5717092337917484,1002,1009,16,0,993,1002,79344,9,0,0,9,7
2020-08-28,US,Indiana,LaGrange,593,11,0,41.64232188,-85.42674232,18087.0,1496.9455243095874,1.8549747048903882,582,591,11,0,580,585,39330,2,0,0,2,6
2020-08-28,US,Indiana,LaPorte,1154,31,0,41.54366008,-86.74072188,18091.0,1050.160163075131,2.68630849220104,1123,1140,31,0,1109,1127,110007,14,0,0,14,13
2020-08-28,US,Indiana,Lake,8945,294,0,41.41874274,-87.38277575,18089.0,1842.457048814298,3.2867523756288435,8651,8872,293,0,8579,8799,484411,73,1,0,72,73
2020-08-28,US,Indiana,Lawrence,442,27,0,38.84112637,-86.48361629,18093.0,974.212034383954,6.108597285067872,415,440,27,0,413,431,45668,2,0,0,2,9
2020-08-28,US,Indiana,Madison,1250,69,0,40.16143691,-85.71964711,18095.0,964.736935532419,5.52,1181,1245,68,0,1177,1230,129641,5,1,0,4,15
2020-08-28,US,Indiana,Marion,18087,746,0,39.78163624,-86.13826325,18097.0,1875.1127431364048,4.124509316083375,17341,17976,746,0,17230,17833,954670,111,0,0,111,143
2020-08-28,US,Indiana,Marshall,877,23,0,41.32467367,-86.26185087,18099.0,1895.8882787842106,2.622576966932725,854,871,23,0,848,864,46248,6,0,0,6,7
2020-08-28,US,Indiana,Martin,97,0,0,38.7099921,-86.80373186,18101.0,945.8800585080447,0.0,97,93,0,0,93,83,10217,4,0,0,4,10
2020-08-28,US,Indiana,Miami,309,2,0,40.76940965,-86.04525048,18103.0,870.0304088298233,0.6472491909385113,307,309,2,0,307,308,35567,0,0,0,0,1
2020-08-28,US,Indiana,Monroe,1030,36,0,39.16130004,-86.52414358,18105.0,693.9251234580378,3.4951456310679614,994,1008,36,0,972,993,146917,22,0,0,22,15
2020-08-28,US,Indiana,Montgomery,396,21,0,40.04034823,-86.89335024,18107.0,1032.9177317543954,5.303030303030303,375,393,21,0,372,391,38346,3,0,0,3,2
2020-08-28,US,Indiana,Morgan,574,35,0,39.47899078,-86.44573375,18109.0,814.3114528507996,6.097560975609755,539,568,35,0,533,557,70116,6,0,0,6,11
2020-08-28,US,Indiana,Newton,140,10,0,40.95610449,-87.39635768,18111.0,1001.1441647597252,7.142857142857142,130,137,10,0,127,134,14011,3,0,0,3,3
2020-08-28,US,Indiana,Noble,789,30,0,41.39672484,-85.41966713,18113.0,1652.563672922252,3.8022813688212933,759,787,30,0,757,779,47532,2,0,0,2,8
2020-08-28,US,Indiana,Ohio,71,7,0,38.955304999999996,-84.96515993,18115.0,1208.5106382978724,9.859154929577462,64,71,7,0,64,71,5844,0,0,0,0,0
2020-08-28,US,Indiana,Orange,231,24,0,38.54118920000001,-86.49523093,18117.0,1175.8118701007836,10.389610389610391,207,230,24,0,206,224,19489,1,0,0,1,6
2020-08-28,US,Indiana,Owen,135,1,0,39.31145587,-86.83900724,18119.0,649.0696668109042,0.7407407407407407,134,135,1,0,134,133,20845,0,0,0,0,2
2020-08-28,US,Indiana,Parke,77,2,0,39.77202286,-87.20375833,18121.0,454.62596681820884,2.5974025974025974,75,75,2,0,73,74,16927,2,0,0,2,1
2020-08-28,US,Indiana,Perry,196,13,0,38.07809328,-86.63741946,18123.0,1022.4842193124316,6.632653061224491,183,197,13,0,184,196,19102,-1,0,0,-1,1
2020-08-28,US,Indiana,Pike,90,1,0,38.40112197,-87.23574907,18125.0,726.4508838485755,1.1111111111111112,89,88,1,0,87,84,12410,2,0,0,2,4
2020-08-28,US,Indiana,Porter,1658,41,0,41.45986947,-87.06848888,18127.0,973.0675102265993,2.4728588661037394,1617,1642,41,0,1601,1613,169594,16,0,0,16,29
2020-08-28,US,Indiana,Posey,208,0,0,38.02097333,-87.86480429,18129.0,818.0280803869902,0.0,208,206,0,0,206,206,25540,2,0,0,2,0
2020-08-28,US,Indiana,Pulaski,93,1,0,41.04166107,-86.69890683,18131.0,752.8535578402008,1.075268817204301,92,93,1,0,92,93,12469,0,0,0,0,0
2020-08-28,US,Indiana,Putnam,427,8,0,39.66437981,-86.84517605,18133.0,1136.3636363636365,1.873536299765808,419,419,8,0,411,410,37779,8,0,0,8,9
2020-08-28,US,Indiana,Randolph,157,7,0,40.15734772,-85.01139319,18135.0,636.5294952361646,4.4585987261146505,150,156,7,0,149,153,24851,1,0,0,1,3
2020-08-28,US,Indiana,Ripley,243,8,0,39.10235626,-85.26212744,18137.0,857.9296709504307,3.2921810699588483,235,241,8,0,233,237,28523,2,0,0,2,4
2020-08-28,US,Indiana,Rush,129,4,0,39.62002287,-85.4655599,18139.0,777.9989144201194,3.1007751937984502,125,127,4,0,123,128,16663,2,0,0,2,-1
2020-08-28,US,Indiana,Scott,307,10,0,38.68672078,-85.74627859,18143.0,1285.9715997151593,3.2573289902280136,297,306,10,0,296,305,23878,1,0,0,1,1
2020-08-28,US,Indiana,Shelby,614,28,0,39.52305623,-85.79158570000001,18145.0,1372.7112164367634,4.5602605863192185,586,609,28,0,581,609,44593,5,0,0,5,0
2020-08-28,US,Indiana,Spencer,151,3,0,38.01519732,-87.0079644,18147.0,744.686097548947,1.9867549668874167,148,150,3,0,147,150,20327,1,0,0,1,0
2020-08-28,US,Indiana,St. Joseph,4969,92,0,41.61756781,-86.29040834,18141.0,1828.0076225232322,1.8514791708593281,4877,4922,90,0,4832,4823,270771,47,2,0,45,99
2020-08-28,US,Indiana,Starke,202,7,0,41.27890281,-86.64686895,18149.0,878.451837355947,3.4653465346534653,195,199,7,0,192,193,22935,3,0,0,3,6
2020-08-28,US,Indiana,Steuben,257,3,0,41.64423868,-85.00101094,18151.0,742.9033936520784,1.1673151750972763,254,254,3,0,251,252,34586,3,0,0,3,2
2020-08-28,US,Indiana,Sullivan,282,8,0,39.08952258,-87.41414469,18153.0,1364.3620881513375,2.8368794326241136,274,275,7,0,268,271,20690,7,1,0,6,4
2020-08-28,US,Indiana,Switzerland,63,0,0,38.82767338,-85.03022429,18155.0,585.9920007441167,0.0,63,63,0,0,63,63,10717,0,0,0,0,0
2020-08-28,US,Indiana,Tippecanoe,1526,13,0,40.38872739,-86.89413959,18157.0,779.6374634704596,0.8519003931847968,1513,1515,13,0,1502,1500,193048,11,0,0,11,15
2020-08-28,US,Indiana,Tipton,177,19,0,40.31123252,-86.05234925,18159.0,1168.4710852917876,10.734463276836157,158,176,19,0,157,173,15128,1,0,0,1,3
2020-08-28,US,Indiana,Unassigned,0,219,0,0.0,0.0,90018.0,0.0,0.0,-219,0,219,0,-219,0,,0,0,0,0,0
2020-08-28,US,Indiana,Union,60,0,0,39.62550777,-84.92497066,18161.0,850.5812305075134,0.0,60,59,0,0,59,58,7037,1,0,0,1,1
2020-08-28,US,Indiana,Vanderburgh,2495,19,0,38.02658833,-87.58763124,18163.0,1375.0268667574167,0.7615230460921844,2476,2452,18,0,2434,2417,180974,43,1,0,42,35
2020-08-28,US,Indiana,Vermillion,90,0,0,39.8523352,-87.46160542,18165.0,580.7200929152149,0.0,90,84,0,0,84,82,15479,6,0,0,6,2
2020-08-28,US,Indiana,Vigo,1168,15,0,39.42944561,-87.39169027,18167.0,1091.201255628842,1.2842465753424657,1153,1132,15,0,1117,1100,107386,36,0,0,36,32
2020-08-28,US,Indiana,Wabash,202,5,0,40.84704239,-85.79328272,18169.0,651.6969931604077,2.4752475247524752,197,200,5,0,195,199,31280,2,0,0,2,1
2020-08-28,US,Indiana,Warren,38,1,0,40.34728141,-87.35602659,18171.0,459.7701149425288,2.631578947368421,37,36,1,0,35,36,8263,2,0,0,2,0
2020-08-28,US,Indiana,Warrick,743,31,0,38.08922676,-87.2716085,18173.0,1179.4025207149436,4.172274562584119,712,732,31,0,701,721,62567,11,0,0,11,11
2020-08-28,US,Indiana,Washington,207,1,0,38.60219804,-86.1049363,18175.0,738.3364245969467,0.4830917874396135,206,205,1,0,204,199,27943,2,0,0,2,6
2020-08-28,US,Indiana,Wayne,523,10,0,39.863344399999995,-85.01044989,18177.0,793.81944022828,1.9120458891013383,513,519,10,0,509,502,65936,4,0,0,4,17
2020-08-28,US,Indiana,Wells,206,2,0,40.72934187,-85.22132966,18179.0,728.0180944303082,0.9708737864077671,204,202,2,0,200,202,28206,4,0,0,4,0
2020-08-28,US,Indiana,White,432,12,0,40.74911165,-86.86492015,18181.0,1792.3823749066464,2.7777777777777777,420,425,12,0,413,419,24133,7,0,0,7,6
2020-08-28,US,Indiana,Whitley,202,6,0,41.13863784,-85.50791236,18183.0,594.7473795783771,2.9702970297029703,196,200,6,0,194,195,34074,2,0,0,2,5
2020-08-28,US,Iowa,Adair,50,1,0,41.33075609,-94.47105874,19001.0,699.1051454138702,2.0,49,48,1,0,47,43,7063,2,0,0,2,5
2020-08-28,US,Iowa,Adams,20,0,0,41.02903567,-94.69932645,19003.0,555.247084952804,0.0,20,20,0,0,20,20,3645,0,0,0,0,0
2020-08-28,US,Iowa,Allamakee,172,4,0,43.28383218,-91.37860922,19005.0,1256.6669102067654,2.3255813953488373,168,172,4,0,168,169,13832,0,0,0,0,3
2020-08-28,US,Iowa,Appanoose,80,3,0,40.74324454,-92.86865906,19007.0,643.8113632705617,3.75,77,76,3,0,73,70,12437,4,0,0,4,6
2020-08-28,US,Iowa,Audubon,37,1,0,41.6844628,-94.90581859,19009.0,673.2168850072779,2.702702702702702,36,37,1,0,36,36,5506,0,0,0,0,1
2020-08-28,US,Iowa,Benton,194,1,0,42.08011739,-92.06463573,19011.0,756.482745174498,0.5154639175257731,193,189,1,0,188,184,25642,5,0,0,5,5
2020-08-28,US,Iowa,Black Hawk,3704,74,0,42.4704581,-92.30524729,19013.0,2822.5683543146283,1.9978401727861768,3630,3641,73,0,3568,3576,132408,63,1,0,62,65
2020-08-28,US,Iowa,Boone,338,4,0,42.03657094,-93.9313999,19015.0,1288.404360753221,1.183431952662722,334,335,4,0,331,326,26346,3,0,0,3,9
2020-08-28,US,Iowa,Bremer,286,7,0,42.77461496,-92.31795937,19017.0,1141.1698986513447,2.4475524475524475,279,282,7,0,275,274,24947,4,0,0,4,8
2020-08-28,US,Iowa,Buchanan,172,1,0,42.4709188,-91.83510825,19019.0,812.2786304604488,0.5813953488372093,171,170,1,0,169,166,21199,2,0,0,2,4
2020-08-28,US,Iowa,Buena Vista,1825,12,0,42.73545875,-95.15100162,19021.0,9301.732925586137,0.6575342465753424,1813,1822,12,0,1810,1822,19874,3,0,0,3,0
2020-08-28,US,Iowa,Butler,193,2,0,42.73172833,-92.79015971,19023.0,1336.6576632730796,1.0362694300518134,191,182,2,0,180,171,14539,11,0,0,11,11
2020-08-28,US,Iowa,Calhoun,119,2,0,42.38521079,-94.64046046,19025.0,1230.8647083160945,1.680672268907563,117,117,2,0,115,104,9699,2,0,0,2,13
2020-08-28,US,Iowa,Carroll,352,2,0,42.03617207,-94.86032705,19027.0,1745.5988098189932,0.5681818181818182,350,336,2,0,334,323,20154,16,0,0,16,13
2020-08-28,US,Iowa,Cass,112,2,0,41.33149454,-94.92792482,19029.0,872.5459644749143,1.7857142857142858,110,112,2,0,110,107,12930,0,0,0,0,5
2020-08-28,US,Iowa,Cedar,148,1,0,41.77233777,-91.13246684,19031.0,794.5455521554732,0.6756756756756757,147,147,1,0,146,146,18627,1,0,0,1,1
2020-08-28,US,Iowa,Cerro Gordo,801,20,0,43.08177563,-93.2612239,19033.0,1886.925795053004,2.4968789013732837,781,786,20,0,766,726,42647,15,0,0,15,60
2020-08-28,US,Iowa,Cherokee,136,2,0,42.73538914,-95.62389402,19035.0,1210.5028927458834,1.4705882352941178,134,135,1,0,134,131,11321,1,1,0,0,4
2020-08-28,US,Iowa,Chickasaw,100,0,0,43.06001295,-92.31773347,19037.0,838.0122349786307,0.0,100,97,0,0,97,94,11964,3,0,0,3,3
2020-08-28,US,Iowa,Clarke,234,3,0,41.02868181,-93.78499767,19039.0,2490.686535391165,1.2820512820512822,231,231,3,0,228,224,9423,3,0,0,3,7
2020-08-28,US,Iowa,Clay,236,3,0,43.08247182,-95.15096481,19041.0,1473.5264735264734,1.2711864406779658,233,236,2,0,234,235,16134,0,1,0,-1,1
2020-08-28,US,Iowa,Clayton,177,3,0,42.84443388,-91.34133693,19043.0,1008.604478887686,1.6949152542372878,174,175,3,0,172,172,17556,2,0,0,2,3
2020-08-28,US,Iowa,Clinton,789,10,0,41.89981633,-90.53275096,19045.0,1699.3689289021947,1.267427122940431,779,758,9,0,749,728,46518,31,1,0,30,30
2020-08-28,US,Iowa,Crawford,822,3,0,42.03718237,-95.3819718,19047.0,4887.039239001189,0.36496350364963503,819,812,3,0,809,804,17158,10,0,0,10,8
2020-08-28,US,Iowa,Dallas,2332,39,0,41.68560356,-94.04127625,19049.0,2495.372005179073,1.6723842195540308,2293,2306,38,0,2268,2167,90180,26,1,0,25,139
2020-08-28,US,Iowa,Davis,81,2,0,40.74773536,-92.41005468,19051.0,900.0,2.469135802469136,79,80,2,0,78,78,9017,1,0,0,1,2
2020-08-28,US,Iowa,Decatur,43,0,0,40.73742757,-93.78645949,19053.0,546.3786531130877,0.0,43,43,0,0,43,38,7890,0,0,0,0,5
2020-08-28,US,Iowa,Delaware,199,3,0,42.47104597,-91.3664492,19055.0,1169.8312856387045,1.5075376884422111,196,189,3,0,186,185,17069,10,0,0,10,4
2020-08-28,US,Iowa,Des Moines,541,5,0,40.92012606,-91.18326592,19057.0,1388.3542484666516,0.9242144177449167,536,511,5,0,506,479,39138,30,0,0,30,32
2020-08-28,US,Iowa,Dickinson,419,6,0,43.37787725,-95.1510206,19059.0,2427.8595434001622,1.431980906921241,413,417,5,0,412,409,17153,2,1,0,1,8
2020-08-28,US,Iowa,Dubuque,1984,36,0,42.46815349,-90.88181925,19061.0,2038.8239767343882,1.814516129032258,1948,1966,36,0,1930,1938,96854,18,0,0,18,28
2020-08-28,US,Iowa,Emmet,220,8,0,43.37782951,-94.67858943,19063.0,2389.226759339705,3.636363636363636,212,217,7,0,210,216,9253,3,1,0,2,1
2020-08-28,US,Iowa,Fayette,137,1,0,42.86271799,-91.84412309999999,19065.0,697.2010178117047,0.7299270072992701,136,134,1,0,133,130,19660,3,0,0,3,4
2020-08-28,US,Iowa,Floyd,211,3,0,43.06000529999999,-92.78940097,19067.0,1348.9323615905894,1.4218009478672986,208,209,3,0,206,191,15761,2,0,0,2,18
2020-08-28,US,Iowa,Franklin,294,17,0,42.73270384,-93.26256925,19069.0,2919.563058589871,5.782312925170068,277,292,16,0,276,280,10124,2,1,0,1,12
2020-08-28,US,Iowa,Fremont,57,0,0,40.74542720000001,-95.60129045,19071.0,818.9655172413792,0.0,57,55,0,0,55,55,6993,2,0,0,2,0
2020-08-28,US,Iowa,Greene,53,0,0,42.03614551,-94.39658081,19073.0,596.3096309630962,0.0,53,54,0,0,54,52,8981,-1,0,0,-1,2
2020-08-28,US,Iowa,Grundy,124,1,0,42.40183723,-92.78829551,19075.0,1013.7344669718767,0.8064516129032258,123,120,1,0,119,116,12304,4,0,0,4,4
2020-08-28,US,Iowa,Guthrie,168,5,0,41.68378965,-94.50111014,19077.0,1571.7092337917484,2.9761904761904763,163,166,5,0,161,160,10720,2,0,0,2,6
2020-08-28,US,Iowa,Hamilton,279,2,0,42.38382428,-93.70197703,19079.0,1888.5805185135046,0.7168458781362007,277,278,2,0,276,248,14952,1,0,0,1,30
2020-08-28,US,Iowa,Hancock,149,2,0,43.08178477,-93.73454884,19081.0,1401.6933207902164,1.342281879194631,147,149,2,0,147,139,10712,0,0,0,0,10
2020-08-28,US,Iowa,Hardin,226,1,0,42.38353877,-93.23654611,19083.0,1341.564763148522,0.4424778761061947,225,221,1,0,220,214,16868,5,0,0,5,7
2020-08-28,US,Iowa,Harrison,143,1,0,41.68330137,-95.81558439,19085.0,1017.8660402875647,0.6993006993006993,142,142,1,0,141,140,14134,1,0,0,1,2
2020-08-28,US,Iowa,Henry,261,4,0,40.98767962,-91.54436349,19087.0,1308.0084193645387,1.5325670498084292,257,235,4,0,231,215,20067,26,0,0,26,20
2020-08-28,US,Iowa,Howard,126,2,0,43.35671042,-92.31702714,19089.0,1375.8462546407513,1.5873015873015872,124,120,2,0,118,115,9187,6,0,0,6,5
2020-08-28,US,Iowa,Humboldt,154,2,0,42.7764426,-94.20722537,19091.0,1611.215735509521,1.2987012987012987,152,151,2,0,149,101,9547,3,0,0,3,50
2020-08-28,US,Iowa,Ida,40,0,0,42.38696136,-95.51355387,19093.0,583.0903790087464,0.0,40,38,0,0,38,39,6841,2,0,0,2,-1
2020-08-28,US,Iowa,Iowa,111,1,0,41.68630265,-92.0643373,19095.0,685.8625803262481,0.9009009009009008,110,109,1,0,108,109,16141,2,0,0,2,0
2020-08-28,US,Iowa,Jackson,198,1,0,42.17178824,-90.57354837,19097.0,1018.570914141674,0.5050505050505051,197,193,1,0,192,187,19432,5,0,0,5,6
2020-08-28,US,Iowa,Jasper,563,30,0,41.68576082,-93.05567785,19099.0,1514.0513647976334,5.3285968028419175,533,556,30,0,526,536,37147,7,0,0,7,20
2020-08-28,US,Iowa,Jefferson,116,0,0,41.03192394,-91.94849466,19101.0,634.0530199508063,0.0,116,116,0,0,116,110,18381,0,0,0,0,6
2020-08-28,US,Iowa,Johnson,3443,26,0,41.67169354,-91.58754744,19103.0,2278.0203784570604,0.7551553877432472,3417,3218,26,0,3192,2939,151260,225,0,0,225,279
2020-08-28,US,Iowa,Jones,166,2,0,42.12118609,-91.13139641,19105.0,802.6691165804361,1.2048192771084338,164,165,2,0,163,164,20744,1,0,0,1,1
2020-08-28,US,Iowa,Keokuk,59,1,0,41.33649833,-92.1785067,19107.0,575.8344719890689,1.6949152542372878,58,55,1,0,54,52,10225,4,0,0,4,3
2020-08-28,US,Iowa,Kossuth,119,0,0,43.20405458,-94.20691791,19109.0,803.3484101802472,0.0,119,117,0,0,117,115,14908,2,0,0,2,2
2020-08-28,US,Iowa,Lee,380,5,0,40.64181461,-91.48183025,19111.0,1129.0370502421488,1.3157894736842106,375,353,5,0,348,326,34055,27,0,0,27,27
2020-08-28,US,Iowa,Linn,2903,94,0,42.07923082,-91.59809485,19113.0,1280.5130874348276,3.2380296245263525,2809,2873,93,0,2780,2828,225909,30,1,0,29,45
2020-08-28,US,Iowa,Louisa,394,14,0,41.21842119,-91.26102611,19115.0,3570.4576347983693,3.5532994923857872,380,392,14,0,378,386,11169,2,0,0,2,6
2020-08-28,US,Iowa,Lucas,93,5,0,41.02958964,-93.32780803,19117.0,1081.3953488372092,5.376344086021504,88,93,5,0,88,85,8645,0,0,0,0,8
2020-08-28,US,Iowa,Lyon,143,2,0,43.38107862,-96.20926845,19119.0,1216.5036154827733,1.3986013986013983,141,141,2,0,139,140,11811,2,0,0,2,1
2020-08-28,US,Iowa,Madison,160,2,0,41.33081904,-94.01554631,19121.0,979.3120332966092,1.25,158,160,2,0,158,151,16249,0,0,0,0,9
2020-08-28,US,Iowa,Mahaska,210,18,0,41.33521503,-92.64083907,19123.0,950.4412763068567,8.571428571428571,192,208,18,0,190,203,22000,2,0,0,2,5
2020-08-28,US,Iowa,Marion,456,0,0,41.33445101,-93.09934783,19125.0,1371.3048446756684,0.0,456,424,0,0,424,376,33407,32,0,0,32,48
2020-08-28,US,Iowa,Marshall,1622,31,0,42.03586837,-92.99908190000001,19127.0,4119.992887805126,1.9112207151664609,1591,1606,29,0,1577,1594,39981,16,2,0,14,12
2020-08-28,US,Iowa,Mills,126,1,0,41.03299766,-95.61920963,19129.0,833.9400357402873,0.7936507936507936,125,122,1,0,121,120,15063,4,0,0,4,2
2020-08-28,US,Iowa,Mitchell,96,0,0,43.35638371,-92.78887719,19131.0,906.8581144908368,0.0,96,93,0,0,93,93,10569,3,0,0,3,0
2020-08-28,US,Iowa,Monona,106,1,0,42.05220391,-95.95743843,19133.0,1230.4120719674984,0.9433962264150944,105,106,1,0,105,105,8679,0,0,0,0,1
2020-08-28,US,Iowa,Monroe,102,8,0,41.02988815,-92.8690667,19135.0,1323.4721681588167,7.84313725490196,94,96,8,0,88,93,7790,6,0,0,6,3
2020-08-28,US,Iowa,Montgomery,73,4,0,41.03018714,-95.15642896,19137.0,736.1097105979628,5.479452054794519,69,70,4,0,66,70,10003,3,0,0,3,0
2020-08-28,US,Iowa,Muscatine,949,51,0,41.48370744,-91.11216970000001,19139.0,2224.3577723607727,5.374077976817703,898,943,51,0,892,939,42929,6,0,0,6,4
2020-08-28,US,Iowa,O'Brien,188,7,0,43.08310673,-95.62474482,19141.0,1366.9744782956445,3.723404255319149,181,181,7,0,174,175,13840,7,0,0,7,6
2020-08-28,US,Iowa,Osceola,97,0,0,43.37824276,-95.62422844,19143.0,1628.063108425646,0.0,97,93,0,0,93,92,6040,4,0,0,4,1
2020-08-28,US,Iowa,Page,110,0,0,40.7393172,-95.1497813,19145.0,728.1392731846164,0.0,110,107,0,0,107,107,15249,3,0,0,3,0
2020-08-28,US,Iowa,Palo Alto,112,0,0,43.08193849,-94.67824621,19147.0,1260.4096331307676,0.0,112,111,0,0,111,107,8929,1,0,0,1,4
2020-08-28,US,Iowa,Plymouth,702,18,0,42.737633,-96.21366621,19149.0,2788.259125392224,2.5641025641025643,684,672,18,0,654,654,25095,30,0,0,30,18
2020-08-28,US,Iowa,Pocahontas,129,2,0,42.73420133,-94.67862564,19151.0,1948.9348844236288,1.5503875968992251,127,128,2,0,126,124,6740,1,0,0,1,4
2020-08-28,US,Iowa,Polk,13039,226,0,41.68679484,-93.57767461,19153.0,2660.146360073527,1.7332617532019328,12813,12792,222,0,12570,12080,487204,247,4,0,243,712
2020-08-28,US,Iowa,Pottawattamie,1593,34,0,41.33640314,-95.53907776,19155.0,1709.1174387914941,2.1343377275580666,1559,1565,34,0,1531,1541,93533,28,0,0,28,24
2020-08-28,US,Iowa,Poweshiek,182,8,0,41.68625425,-92.53155731,19157.0,983.5711197578903,4.395604395604397,174,181,8,0,173,178,18699,1,0,0,1,3
2020-08-28,US,Iowa,Ringgold,30,1,0,40.73518949,-94.24368535,19159.0,612.9955046996323,3.333333333333333,29,30,1,0,29,30,4968,0,0,0,0,0
2020-08-28,US,Iowa,Sac,107,0,0,42.38624071,-95.10547892,19161.0,1100.7098035181566,0.0,107,105,0,0,105,103,9719,2,0,0,2,2
2020-08-28,US,Iowa,Scott,2146,20,0,41.63935978,-90.61959493,19163.0,1240.871269724707,0.9319664492078286,2126,2111,19,0,2092,2059,173283,35,1,0,34,52
2020-08-28,US,Iowa,Shelby,214,1,0,41.6850066,-95.31015553,19165.0,1868.3429369652524,0.4672897196261682,213,212,1,0,211,211,11578,2,0,0,2,1
2020-08-28,US,Iowa,Sioux,871,3,0,43.08221074,-96.17675679999999,19167.0,2498.924114187348,0.34443168771526983,868,852,3,0,849,834,34909,19,0,0,19,18
2020-08-28,US,Iowa,Story,2225,16,0,42.03621213,-93.46499005,19169.0,2291.0510003397962,0.7191011235955056,2209,2079,16,0,2063,1854,98105,146,0,0,146,225
2020-08-28,US,Iowa,Tama,614,29,0,42.07991767,-92.53266945,19171.0,3643.052094458289,4.723127035830619,585,610,29,0,581,600,16904,4,0,0,4,10
2020-08-28,US,Iowa,Taylor,110,1,0,40.73710579,-94.69778563,19173.0,1797.0919784348962,0.9090909090909092,109,108,1,0,107,107,6191,2,0,0,2,1
2020-08-28,US,Iowa,Unassigned,16,0,0,0.0,0.0,90019.0,0.0,0.0,16,11,0,0,11,17,,5,0,0,5,-6
2020-08-28,US,Iowa,Union,93,3,0,41.0277278,-94.24234847,19175.0,759.7418511559513,3.2258064516129035,90,93,3,0,90,91,12359,0,0,0,0,2
2020-08-28,US,Iowa,Van Buren,99,1,0,40.75326764,-91.95017958,19177.0,1405.451448040886,1.0101010101010102,98,95,1,0,94,49,7020,4,0,0,4,46
2020-08-28,US,Iowa,Wapello,1067,49,0,41.03064984,-92.40954728,19179.0,3051.273985530041,4.5923149015932525,1018,1053,48,0,1005,1042,35205,14,1,0,13,11
2020-08-28,US,Iowa,Warren,753,5,0,41.33559454,-93.56007641,19181.0,1463.101853650954,0.6640106241699867,748,742,5,0,737,679,51056,11,0,0,11,63
2020-08-28,US,Iowa,Washington,334,11,0,41.33577126,-91.71725711,19183.0,1520.600956066469,3.2934131736526946,323,330,11,0,319,320,22141,4,0,0,4,10
2020-08-28,US,Iowa,Wayne,47,2,0,40.73969028,-93.32752197,19185.0,729.7003570874087,4.25531914893617,45,45,2,0,43,39,6401,2,0,0,2,6
2020-08-28,US,Iowa,Webster,998,8,0,42.42853483,-94.17987389,19187.0,2779.634581105169,0.8016032064128257,990,993,8,0,985,712,36277,5,0,0,5,281
2020-08-28,US,Iowa,Winnebago,155,7,0,43.37751174,-93.73407298,19189.0,1497.005988023952,4.516129032258065,148,154,7,0,147,149,10518,1,0,0,1,5
2020-08-28,US,Iowa,Winneshiek,208,1,0,43.29094334,-91.84422722,19191.0,1040.4682106948126,0.4807692307692308,207,198,1,0,197,196,20029,10,0,0,10,2
2020-08-28,US,Iowa,Woodbury,4068,56,0,42.38979414,-96.0459439,19193.0,3945.415927143647,1.376597836774828,4012,4028,56,0,3972,4008,102539,40,0,0,40,20
2020-08-28,US,Iowa,Worth,79,0,0,43.37750768,-93.26087602,19195.0,1070.3156753827395,0.0,79,78,0,0,78,76,7453,1,0,0,1,2
2020-08-28,US,Iowa,Wright,516,1,0,42.73305373,-93.73515113,19197.0,4107.626174176085,0.1937984496124031,515,513,1,0,512,496,12690,3,0,0,3,17
2020-08-28,US,Kansas,Allen,20,0,0,37.88582951,-95.30030847,20001.0,161.69455897809038,0.0,20,20,0,0,20,20,12444,0,0,0,0,0
2020-08-28,US,Kansas,Anderson,32,0,0,38.21413251,-95.29272815,20003.0,407.22830236701446,0.0,32,32,0,0,32,32,7878,0,0,0,0,0
2020-08-28,US,Kansas,Atchison,157,0,0,39.53185661,-95.30870026,20005.0,976.7933802028247,0.0,157,157,0,0,157,157,16193,0,0,0,0,0
2020-08-28,US,Kansas,Barber,5,0,0,37.2288586,-98.68460053,20007.0,112.943302462164,0.0,5,5,0,0,5,5,4472,0,0,0,0,0
2020-08-28,US,Kansas,Barton,273,4,0,38.47889676,-98.75636726,20009.0,1059.001512859304,1.465201465201465,269,257,4,0,253,257,26111,16,0,0,16,0
2020-08-28,US,Kansas,Bourbon,82,2,0,37.85508555,-94.84865997,20011.0,564.1943030136233,2.4390243902439024,80,82,2,0,80,82,14653,0,0,0,0,0
2020-08-28,US,Kansas,Brown,62,1,0,39.82652589,-95.56421698,20013.0,648.2643245503973,1.6129032258064515,61,62,0,0,62,62,9598,0,1,0,-1,0
2020-08-28,US,Kansas,Butler,397,2,0,37.78134351,-96.83878537,20015.0,593.3254621811062,0.5037783375314862,395,393,2,0,391,393,66765,4,0,0,4,0
2020-08-28,US,Kansas,Chase,65,0,0,38.30292938,-96.59563862,20017.0,2454.6827794561927,0.0,65,65,0,0,65,65,2629,0,0,0,0,0
2020-08-28,US,Kansas,Chautauqua,8,0,0,37.14994405,-96.2454192,20019.0,246.15384615384616,0.0,8,8,0,0,8,8,3309,0,0,0,0,0
2020-08-28,US,Kansas,Cherokee,225,1,0,37.16928494,-94.8462897,20021.0,1128.4417473293545,0.4444444444444444,224,225,1,0,224,215,20015,0,0,0,0,10
2020-08-28,US,Kansas,Cheyenne,6,0,0,39.78580976,-101.7318201,20023.0,225.81859239744068,0.0,6,6,0,0,6,6,2660,0,0,0,0,0
2020-08-28,US,Kansas,Clark,46,1,0,37.23577007,-99.81883015,20025.0,2306.9207622868607,2.1739130434782608,45,46,1,0,45,46,2005,0,0,0,0,0
2020-08-28,US,Kansas,Clay,30,2,0,39.34948772,-97.16518128,20027.0,374.90627343164215,6.666666666666668,28,30,2,0,28,30,7997,0,0,0,0,0
2020-08-28,US,Kansas,Cloud,52,0,0,39.48028352,-97.64925343,20029.0,591.8506715228773,0.0,52,48,0,0,48,48,8729,4,0,0,4,0
2020-08-28,US,Kansas,Coffey,77,8,0,38.2365018,-95.73379515,20031.0,941.4353832986916,10.389610389610391,69,77,8,0,69,77,8233,0,0,0,0,0
2020-08-28,US,Kansas,Comanche,9,0,0,37.19114520000001,-99.27113247,20033.0,529.4117647058823,0.0,9,9,0,0,9,9,1748,0,0,0,0,0
2020-08-28,US,Kansas,Cowley,249,3,0,37.23781842,-96.83776647,20035.0,713.3035407356482,1.2048192771084338,246,247,3,0,244,247,35218,2,0,0,2,0
2020-08-28,US,Kansas,Crawford,459,1,0,37.50675523,-94.85245778,20037.0,1182.44113555567,0.2178649237472767,458,440,1,0,439,440,39019,19,0,0,19,0
2020-08-28,US,Kansas,Decatur,6,0,0,39.78468441,-100.45940809999999,20039.0,212.2391227449593,0.0,6,6,0,0,6,6,2871,0,0,0,0,0
2020-08-28,US,Kansas,Dickinson,72,1,0,38.86600962,-97.15532383,20041.0,389.9057727715802,1.3888888888888888,71,72,1,0,71,72,18717,0,0,0,0,0
2020-08-28,US,Kansas,Doniphan,67,0,0,39.79067154,-95.14056866,20043.0,881.578947368421,0.0,67,67,0,0,67,58,7682,0,0,0,0,9
2020-08-28,US,Kansas,Douglas,1306,8,0,38.88503636,-95.2925121,20045.0,1068.2240162278442,0.6125574272588055,1298,1264,8,0,1256,1199,121436,42,0,0,42,65
2020-08-28,US,Kansas,Edwards,25,0,0,37.88735543,-99.31263309,20047.0,893.4953538241601,0.0,25,25,0,0,25,16,2849,0,0,0,0,9
2020-08-28,US,Kansas,Elk,1,0,0,37.45338105,-96.24369667,20049.0,39.52569169960474,0.0,1,1,0,0,1,1,2508,0,0,0,0,0
2020-08-28,US,Kansas,Ellis,341,1,0,38.91458712,-99.31751551,20051.0,1194.2703043463036,0.2932551319648094,340,294,1,0,293,294,28710,47,0,0,47,0
2020-08-28,US,Kansas,Ellsworth,25,0,0,38.69677695,-98.20462799,20053.0,409.70173713536553,0.0,25,25,0,0,25,25,6196,0,0,0,0,0
2020-08-28,US,Kansas,Finney,1877,12,0,38.04340344,-100.73819379999999,20055.0,5147.119313351797,0.6393180607352158,1865,1876,12,0,1864,1861,36611,1,0,0,1,15
2020-08-28,US,Kansas,Ford,2309,10,0,37.69200114,-99.88825298,20057.0,6868.140039858416,0.43308791684712,2299,2239,10,0,2229,2239,33888,70,0,0,70,0
2020-08-28,US,Kansas,Franklin,256,2,0,38.56443815,-95.28644341,20059.0,1002.1922956467273,0.78125,254,253,2,0,251,253,25631,3,0,0,3,0
2020-08-28,US,Kansas,Geary,207,2,0,38.99871131,-96.7577178,20061.0,653.6154089043257,0.966183574879227,205,207,2,0,205,207,32594,0,0,0,0,0
2020-08-28,US,Kansas,Gove,10,0,0,38.91588178,-100.4829321,20063.0,379.36267071320185,0.0,10,9,0,0,9,9,2612,1,0,0,1,0
2020-08-28,US,Kansas,Graham,25,0,0,39.34987223,-99.88332493,20065.0,1007.252215954875,0.0,25,24,0,0,24,24,2492,1,0,0,1,0
2020-08-28,US,Kansas,Grant,149,3,0,37.56227336,-101.3079758,20067.0,2083.916083916084,2.0134228187919465,146,149,3,0,146,148,7336,0,0,0,0,1
2020-08-28,US,Kansas,Gray,106,0,0,37.73836671,-100.4369088,20069.0,1770.2070808283233,0.0,106,106,0,0,106,106,6033,0,0,0,0,0
2020-08-28,US,Kansas,Greeley,5,0,0,38.4808095,-101.8061079,20071.0,405.84415584415603,0.0,5,4,0,0,4,4,1227,1,0,0,1,0
2020-08-28,US,Kansas,Greenwood,23,0,0,37.8774388,-96.23250453,20073.0,384.4867937144768,0.0,23,23,0,0,23,23,6055,0,0,0,0,0
2020-08-28,US,Kansas,Hamilton,42,0,0,37.99978709,-101.7921066,20075.0,1654.1945647892871,0.0,42,42,0,0,42,42,2607,0,0,0,0,0
2020-08-28,US,Kansas,Harper,108,1,0,37.19175361,-98.07578384,20077.0,1986.7549668874167,0.925925925925926,107,108,1,0,107,95,5506,0,0,0,0,13
2020-08-28,US,Kansas,Harvey,291,4,0,38.04293782,-97.42747573,20079.0,845.217694385547,1.3745704467353952,287,285,4,0,281,285,34210,6,0,0,6,0
2020-08-28,US,Kansas,Haskell,47,0,0,37.562039399999996,-100.8710738,20081.0,1184.475806451613,0.0,47,46,0,0,46,46,3997,1,0,0,1,0
2020-08-28,US,Kansas,Hodgeman,13,0,0,38.08780079,-99.89829881,20083.0,724.6376811594204,0.0,13,13,0,0,13,13,1818,0,0,0,0,0
2020-08-28,US,Kansas,Jackson,194,1,0,39.41673394,-95.79356799,20085.0,1472.9329587730622,0.5154639175257731,193,187,1,0,186,187,13280,7,0,0,7,0
2020-08-28,US,Kansas,Jefferson,118,0,0,39.2347941,-95.38289232,20087.0,619.6502651893084,0.0,118,113,0,0,113,113,18975,5,0,0,5,0
2020-08-28,US,Kansas,Jewell,14,1,0,39.78470589,-98.21820662,20089.0,486.2799583188608,7.142857142857142,13,14,1,0,13,14,2841,0,0,0,0,0
2020-08-28,US,Kansas,Johnson,7870,116,0,38.88548175,-94.82250877,20091.0,1306.4387343314504,1.4739517153748412,7754,7754,116,0,7638,7604,597555,116,0,0,116,150
2020-08-28,US,Kansas,Kearny,70,1,0,38.00017981,-101.32168100000001,20093.0,1823.8665971860346,1.4285714285714286,69,69,1,0,68,69,3943,1,0,0,1,0
2020-08-28,US,Kansas,Kingman,39,0,0,37.55909527,-98.13638678,20095.0,545.3020134228188,0.0,39,39,0,0,39,39,7310,0,0,0,0,0
2020-08-28,US,Kansas,Kiowa,8,0,0,37.55848695,-99.2856537,20097.0,323.2323232323232,0.0,8,8,0,0,8,8,2516,0,0,0,0,0
2020-08-28,US,Kansas,Labette,183,1,0,37.19113093,-95.29849679,20099.0,932.8168008971353,0.5464480874316939,182,173,1,0,172,172,19964,10,0,0,10,1
2020-08-28,US,Kansas,Lane,8,0,0,38.48119447,-100.46607540000001,20101.0,521.1726384364822,0.0,8,8,0,0,8,8,1560,0,0,0,0,0
2020-08-28,US,Kansas,Leavenworth,1638,9,0,39.20183497,-95.03620809,20103.0,2003.4736661855718,0.5494505494505495,1629,1624,9,0,1615,1624,81352,14,0,0,14,0
2020-08-28,US,Kansas,Lincoln,7,0,0,39.04549684,-98.20756994,20105.0,236.32680621201888,0.0,7,7,0,0,7,7,3023,0,0,0,0,0
2020-08-28,US,Kansas,Linn,52,0,0,38.21267844,-94.84254089,20107.0,535.9167267855303,0.0,52,53,0,0,53,53,9750,-1,0,0,-1,0
2020-08-28,US,Kansas,Logan,2,0,0,38.91735806,-101.148475,20109.0,71.58196134574086,0.0,2,2,0,0,2,2,2844,0,0,0,0,0
2020-08-28,US,Kansas,Lyon,916,17,0,38.45576156,-96.15275715,20111.0,2759.4517246573278,1.8558951965065504,899,906,17,0,889,897,33406,10,0,0,10,9
2020-08-28,US,Kansas,Marion,62,1,0,38.35855394,-97.09852509999999,20115.0,521.7098619993268,1.6129032258064515,61,61,1,0,60,61,11950,1,0,0,1,0
2020-08-28,US,Kansas,Marshall,14,0,0,39.78359669,-96.52278974,20117.0,144.22581642113937,0.0,14,14,0,0,14,14,9722,0,0,0,0,0
2020-08-28,US,Kansas,McPherson,207,1,0,38.39184858,-97.64769869,20113.0,725.247004414547,0.4830917874396135,206,207,1,0,206,207,28537,0,0,0,0,0
2020-08-28,US,Kansas,Meade,63,0,0,37.23859987,-100.36483100000001,20119.0,1562.1125712868832,0.0,63,62,0,0,62,62,4146,1,0,0,1,0
2020-08-28,US,Kansas,Miami,188,0,0,38.56383358,-94.83832189,20121.0,549.1135321435873,0.0,188,188,0,0,188,188,33680,0,0,0,0,0
2020-08-28,US,Kansas,Mitchell,30,0,0,39.39331582,-98.20906732,20123.0,501.7561465127948,0.0,30,30,0,0,30,30,6150,0,0,0,0,0
2020-08-28,US,Kansas,Montgomery,227,5,0,37.19236568,-95.74329258,20125.0,713.1860881585976,2.202643171806167,222,227,5,0,222,220,32120,0,0,0,0,7
2020-08-28,US,Kansas,Morris,19,0,0,38.68827511,-96.65128437,20127.0,338.0782918149466,0.0,19,18,0,0,18,18,5521,1,0,0,1,0
2020-08-28,US,Kansas,Morton,10,2,0,37.19141121,-101.79925190000002,20129.0,386.54812524159263,20.0,8,10,2,0,8,10,2667,0,0,0,0,0
2020-08-28,US,Kansas,Nemaha,55,1,0,39.78345387,-96.01392079,20131.0,537.5818590558108,1.818181818181818,54,55,1,0,54,55,10155,0,0,0,0,0
2020-08-28,US,Kansas,Neosho,79,0,0,37.55862897,-95.30670046,20133.0,493.5340788405073,0.0,79,79,0,0,79,79,15951,0,0,0,0,0
2020-08-28,US,Kansas,Ness,18,0,0,38.47974157,-99.91547333,20135.0,654.5454545454545,0.0,18,18,0,0,18,18,2840,0,0,0,0,0
2020-08-28,US,Kansas,Norton,23,0,0,39.78443827,-99.90286639,20137.0,429.0244357396009,0.0,23,23,0,0,23,23,5430,0,0,0,0,0
2020-08-28,US,Kansas,Osage,62,0,0,38.65235984,-95.72707998,20139.0,388.73910590005636,0.0,62,60,0,0,60,60,15941,2,0,0,2,0
2020-08-28,US,Kansas,Osborne,4,0,0,39.3503437,-98.76753828,20141.0,116.92487576731949,0.0,4,4,0,0,4,4,3475,0,0,0,0,0
2020-08-28,US,Kansas,Ottawa,40,0,0,39.13237408,-97.65020313,20143.0,701.2622720897616,0.0,40,40,0,0,40,40,5802,0,0,0,0,0
2020-08-28,US,Kansas,Pawnee,206,0,0,38.18108732,-99.23692334,20145.0,3211.7243529778607,0.0,206,187,0,0,187,187,6562,19,0,0,19,0
2020-08-28,US,Kansas,Phillips,51,8,0,39.78465501,-99.34668865,20147.0,974.3981658387466,15.68627450980392,43,51,8,0,43,51,5317,0,0,0,0,0
2020-08-28,US,Kansas,Pottawatomie,158,0,0,39.37925655,-96.34564657,20149.0,647.9924537587664,0.0,158,151,0,0,151,151,24277,7,0,0,7,0
2020-08-28,US,Kansas,Pratt,40,0,0,37.64780729,-98.73922153,20151.0,436.4906154517678,0.0,40,40,0,0,40,40,9378,0,0,0,0,0
2020-08-28,US,Kansas,Rawlins,1,0,0,39.78525843,-101.07616170000001,20153.0,39.52569169960474,0.0,1,1,0,0,1,1,2508,0,0,0,0,0
2020-08-28,US,Kansas,Reno,692,1,0,37.95230263,-98.08607292,20155.0,1116.1650375818574,0.14450867052023122,691,687,1,0,686,684,62342,5,0,0,5,3
2020-08-28,US,Kansas,Republic,36,0,0,39.82799632,-97.65036709,20157.0,776.5314926660915,0.0,36,35,0,0,35,35,4664,1,0,0,1,0
2020-08-28,US,Kansas,Rice,44,1,0,38.34616184,-98.19992118,20159.0,461.36101499423296,2.272727272727273,43,43,1,0,42,43,9531,1,0,0,1,0
2020-08-28,US,Kansas,Riley,822,5,0,39.28935726,-96.73420026,20161.0,1107.3391529259618,0.6082725060827251,817,686,5,0,681,686,73703,136,0,0,136,0
2020-08-28,US,Kansas,Rooks,25,0,0,39.35022773,-99.32484567,20163.0,508.130081300813,0.0,25,25,0,0,25,25,5013,0,0,0,0,0
2020-08-28,US,Kansas,Rush,15,0,0,38.52275276,-99.30863983,20165.0,494.07114624505925,0.0,15,14,0,0,14,14,3093,1,0,0,1,0
2020-08-28,US,Kansas,Russell,18,0,0,38.91462787,-98.76254297,20167.0,262.54375729288216,0.0,18,18,0,0,18,18,6907,0,0,0,0,0
2020-08-28,US,Kansas,Saline,465,9,0,38.78369175,-97.65185177,20169.0,857.5538506934198,1.935483870967742,456,455,9,0,446,455,54401,10,0,0,10,0
2020-08-28,US,Kansas,Scott,93,1,0,38.48222076,-100.90665390000001,20171.0,1928.2604188264565,1.075268817204301,92,91,1,0,90,91,4897,2,0,0,2,0
2020-08-28,US,Kansas,Sedgwick,6733,50,0,37.6842718,-97.4608198,20173.0,1304.7387615736704,0.742611020347542,6683,6693,50,0,6643,6621,513607,40,0,0,40,72
2020-08-28,US,Kansas,Seward,1373,4,0,37.19324632,-100.85072009999999,20175.0,6407.504200112003,0.29133284777858703,1369,1373,4,0,1369,1356,21780,0,0,0,0,17
2020-08-28,US,Kansas,Shawnee,2129,22,0,39.04100763,-95.75572640000001,20177.0,1203.6749116607773,1.0333489901362145,2107,2098,22,0,2076,2062,177499,31,0,0,31,36
2020-08-28,US,Kansas,Sheridan,10,0,0,39.35018161,-100.44182590000001,20179.0,396.6679888932963,0.0,10,9,0,0,9,9,2533,1,0,0,1,0
2020-08-28,US,Kansas,Sherman,17,0,0,39.35147699,-101.71976240000001,20181.0,287.30775730944737,0.0,17,17,0,0,17,17,5899,0,0,0,0,0
2020-08-28,US,Kansas,Smith,3,0,0,39.78516566,-98.78566062,20183.0,83.72871895060004,0.0,3,3,0,0,3,3,3603,0,0,0,0,0
2020-08-28,US,Kansas,Stafford,31,1,0,38.03100851,-98.71762001,20185.0,745.9095283926853,3.2258064516129035,30,31,1,0,30,19,4178,0,0,0,0,12
2020-08-28,US,Kansas,Stanton,21,1,0,37.56304714,-101.78435340000001,20187.0,1046.8594217347957,4.761904761904762,20,22,1,0,21,22,1987,-1,0,0,-1,0
2020-08-28,US,Kansas,Stevens,67,0,0,37.1923008,-101.3118967,20189.0,1221.5132178669098,0.0,67,65,0,0,65,60,5559,2,0,0,2,5
2020-08-28,US,Kansas,Sumner,117,3,0,37.23682549,-97.47721621,20191.0,512.3489227535472,2.5641025641025643,114,117,3,0,114,117,22996,0,0,0,0,0
2020-08-28,US,Kansas,Thomas,53,0,0,39.35107575,-101.0553705,20193.0,681.4967211006815,0.0,53,53,0,0,53,53,7711,0,0,0,0,0
2020-08-28,US,Kansas,Trego,26,1,0,38.91467218,-99.87284448,20195.0,927.577595433464,3.8461538461538463,25,24,1,0,23,11,2793,2,0,0,2,13
2020-08-28,US,Kansas,Wabaunsee,54,0,0,38.95471985,-96.20350509,20197.0,779.1083537729044,0.0,54,52,0,0,52,52,6899,2,0,0,2,0
2020-08-28,US,Kansas,Wallace,2,0,0,38.91686134,-101.76388759999999,20199.0,131.75230566534916,0.0,2,2,0,0,2,1,1503,0,0,0,0,1
2020-08-28,US,Kansas,Washington,5,0,0,39.78420784,-97.08753229999999,20201.0,92.48982611912693,0.0,5,3,0,0,3,3,5420,2,0,0,2,0
2020-08-28,US,Kansas,Wichita,4,0,0,38.48178252,-101.3471509,20203.0,188.76828692779614,0.0,4,4,0,0,4,4,2105,0,0,0,0,0
2020-08-28,US,Kansas,Wilson,16,0,0,37.55937174,-95.74323255,20205.0,187.68328445747798,0.0,16,16,0,0,16,16,8665,0,0,0,0,0
2020-08-28,US,Kansas,Woodson,12,0,0,37.8865336,-95.74006277,20207.0,382.4091778202677,0.0,12,12,0,0,12,12,3183,0,0,0,0,0
2020-08-28,US,Kansas,Wyandotte,5926,113,0,39.11727348,-94.76378225,20209.0,3582.2014278028637,1.906851164360445,5813,5882,113,0,5769,5850,165324,44,0,0,44,32
2020-08-28,US,Kentucky,Adair,257,19,0,37.10459774,-85.28129668,21001.0,1338.4022497656495,7.3929961089494185,238,255,19,0,236,250,19215,2,0,0,2,5
2020-08-28,US,Kentucky,Allen,252,9,0,36.75197631,-86.19457544,21003.0,1182.2660098522167,3.571428571428572,243,248,9,0,239,244,21122,4,0,0,4,4
2020-08-28,US,Kentucky,Anderson,114,1,0,38.00671029,-84.99171713,21005.0,501.16498878973056,0.8771929824561403,113,114,1,0,113,113,22663,0,0,0,0,1
2020-08-28,US,Kentucky,Ballard,41,0,0,37.05842757,-88.99427697,21007.0,519.7768762677484,0.0,41,41,0,0,41,41,7979,0,0,0,0,0
2020-08-28,US,Kentucky,Barren,490,8,0,36.96469836,-85.93338945,21009.0,1107.3696580713688,1.6326530612244898,482,483,7,0,476,483,44176,7,1,0,6,0
2020-08-28,US,Kentucky,Bath,56,1,0,38.14735938,-83.74588932,21011.0,448.0,1.7857142857142858,55,53,1,0,52,53,12383,3,0,0,3,0
2020-08-28,US,Kentucky,Bell,387,7,0,36.73355174,-83.67766671,21013.0,1486.6318377381685,1.8087855297157625,380,386,7,0,379,372,26569,1,0,0,1,14
2020-08-28,US,Kentucky,Boone,1266,25,0,38.97065142,-84.72615357,21015.0,947.7395737417746,1.9747235387045812,1241,1255,25,0,1230,1248,131533,11,0,0,11,7
2020-08-28,US,Kentucky,Bourbon,110,1,0,38.2054607,-84.21827874,21017.0,555.8924600768142,0.9090909090909092,109,107,1,0,106,105,20184,3,0,0,3,2
2020-08-28,US,Kentucky,Boyd,227,4,0,38.36176608,-82.68652187,21019.0,485.8940879318464,1.7621145374449338,223,224,4,0,220,221,47240,3,0,0,3,3
2020-08-28,US,Kentucky,Boyle,201,0,0,37.62680923,-84.8633779,21021.0,668.6626746506986,0.0,201,200,0,0,200,196,30100,1,0,0,1,4
2020-08-28,US,Kentucky,Bracken,37,0,0,38.69158994,-84.08532444,21023.0,445.6220643141034,0.0,37,37,0,0,37,37,8239,0,0,0,0,0
2020-08-28,US,Kentucky,Breathitt,54,0,0,37.52333168,-83.31959161,21025.0,427.55344418052255,0.0,54,54,0,0,54,51,12726,0,0,0,0,3
2020-08-28,US,Kentucky,Breckinridge,93,2,0,37.77377239,-86.42885017,21027.0,454.16809102895934,2.150537634408602,91,93,2,0,91,92,20388,0,0,0,0,1
2020-08-28,US,Kentucky,Bullitt,603,5,0,37.97162523,-85.68955617,21029.0,738.282971742005,0.8291873963515755,598,591,5,0,586,580,81069,12,0,0,12,11
2020-08-28,US,Kentucky,Butler,317,16,0,37.20946153,-86.68748787,21031.0,2461.37122447395,5.047318611987381,301,315,16,0,299,311,12772,2,0,0,2,4
2020-08-28,US,Kentucky,Caldwell,70,0,0,37.14749129,-87.86948214,21033.0,549.1488193300386,0.0,70,68,0,0,68,68,12715,2,0,0,2,0
2020-08-28,US,Kentucky,Calloway,389,5,0,36.62093411,-88.2731593,21035.0,997.4103228122356,1.2853470437017995,384,383,5,0,378,379,39135,6,0,0,6,4
2020-08-28,US,Kentucky,Campbell,675,13,0,38.94384345,-84.37875208,21037.0,721.2771413916909,1.9259259259259256,662,670,13,0,657,663,93152,5,0,0,5,7
2020-08-28,US,Kentucky,Carlisle,59,1,0,36.85372876,-88.96692220000001,21039.0,1239.4957983193276,1.6949152542372878,58,59,1,0,58,58,4771,0,0,0,0,1
2020-08-28,US,Kentucky,Carroll,190,3,0,38.66599534,-85.12601074,21041.0,1787.2260370614242,1.5789473684210529,187,190,2,0,188,188,10737,0,1,0,-1,2
2020-08-28,US,Kentucky,Carter,113,3,0,38.31690743,-83.05092385,21043.0,421.68899503675766,2.6548672566371683,110,113,3,0,110,113,27004,0,0,0,0,0
2020-08-28,US,Kentucky,Casey,241,11,0,37.32533118,-84.92726209,21045.0,1491.4289250572438,4.564315352697094,230,238,11,0,227,234,15888,3,0,0,3,4
2020-08-28,US,Kentucky,Christian,851,12,0,36.89267803,-87.49055367,21047.0,1207.7603213124992,1.4101057579318448,839,824,10,0,814,757,71671,27,2,0,25,67
2020-08-28,US,Kentucky,Clark,237,8,0,37.9689263,-84.14615986,21049.0,653.558723768028,3.3755274261603376,229,236,8,0,228,235,36249,1,0,0,1,1
2020-08-28,US,Kentucky,Clay,205,6,0,37.16451126,-83.712575,21051.0,1030.0989900005022,2.9268292682926833,199,201,6,0,195,199,20105,4,0,0,4,2
2020-08-28,US,Kentucky,Clinton,69,1,0,36.72581156,-85.13377529,21053.0,675.2789195537288,1.4492753623188406,68,68,1,0,67,63,10206,1,0,0,1,5
2020-08-28,US,Kentucky,Crittenden,48,1,0,37.35839237,-88.08826090000002,21055.0,545.0828980240744,2.083333333333333,47,47,1,0,46,43,8915,1,0,0,1,4
2020-08-28,US,Kentucky,Cumberland,86,0,0,36.78926125,-85.39050034,21057.0,1300.2721499848806,0.0,86,84,0,0,84,82,6659,2,0,0,2,2
2020-08-28,US,Kentucky,Daviess,941,11,0,37.73028906,-87.09019479999998,21059.0,926.9931337490518,1.1689691817215728,930,923,11,0,912,913,101104,18,0,0,18,10
2020-08-28,US,Kentucky,Edmonson,117,12,0,37.21218923,-86.23955613,21061.0,962.9629629629628,10.256410256410255,105,116,12,0,104,116,12274,1,0,0,1,0
2020-08-28,US,Kentucky,Elliott,21,0,0,38.11624059,-83.09771563,21063.0,279.3667686577092,0.0,21,20,0,0,20,20,7508,1,0,0,1,0
2020-08-28,US,Kentucky,Estill,34,0,0,37.69241417,-83.95956369,21065.0,241.03218488586415,0.0,34,32,0,0,32,30,14198,2,0,0,2,2
2020-08-28,US,Kentucky,Fayette,4037,52,0,38.0368225,-84.45576892,21067.0,1249.2573154428876,1.2880852117909338,3985,3946,52,0,3894,3901,323780,91,0,0,91,45
2020-08-28,US,Kentucky,Fleming,68,0,0,38.36758311,-83.69657514,21069.0,466.36033193882446,0.0,68,67,0,0,67,65,14432,1,0,0,1,2
2020-08-28,US,Kentucky,Floyd,143,2,0,37.56213922,-82.74750924,21071.0,401.8095478940122,1.3986013986013983,141,140,2,0,138,140,35845,3,0,0,3,0
2020-08-28,US,Kentucky,Franklin,457,11,0,38.2379395,-84.87962551,21073.0,896.2365907709202,2.4070021881838075,446,451,11,0,440,448,50815,6,0,0,6,3
2020-08-28,US,Kentucky,Fulton,116,2,0,36.55238827,-89.20140068,21075.0,1943.3740995141568,1.7241379310344829,114,115,2,0,113,112,6120,1,0,0,1,3
2020-08-28,US,Kentucky,Gallatin,92,8,0,38.75398691,-84.8558382,21077.0,1037.3210057503663,8.695652173913043,84,90,8,0,82,89,8832,2,0,0,2,1
2020-08-28,US,Kentucky,Garrard,116,2,0,37.638866799999995,-84.53289319,21079.0,656.628552020831,1.7241379310344829,114,110,2,0,108,109,17560,6,0,0,6,1
2020-08-28,US,Kentucky,Grant,133,6,0,38.64962758,-84.62415957,21081.0,530.5357214089114,4.511278195488722,127,132,6,0,126,132,25121,1,0,0,1,0
2020-08-28,US,Kentucky,Graves,633,29,0,36.72292505,-88.65143315,21083.0,1698.599259378522,4.581358609794629,604,630,29,0,601,625,37317,3,0,0,3,5
2020-08-28,US,Kentucky,Grayson,251,11,0,37.46231118,-86.34248968,21085.0,949.7862035039923,4.382470119521912,240,245,11,0,234,244,26321,6,0,0,6,1
2020-08-28,US,Kentucky,Green,142,6,0,37.26484328,-85.5540745,21087.0,1297.8703957590715,4.225352112676056,136,127,6,0,121,111,11049,15,0,0,15,16
2020-08-28,US,Kentucky,Greenup,189,2,0,38.54332505,-82.9215658,21089.0,538.4922217790188,1.058201058201058,187,187,2,0,185,185,35268,2,0,0,2,2
2020-08-28,US,Kentucky,Hancock,56,0,0,37.83766422,-86.78280584,21091.0,642.0545746388442,0.0,56,56,0,0,56,56,8758,0,0,0,0,0
2020-08-28,US,Kentucky,Hardin,898,9,0,37.6976111,-85.96319251,21093.0,809.3152363957531,1.0022271714922049,889,885,9,0,876,870,110356,13,0,0,13,15
2020-08-28,US,Kentucky,Harlan,283,6,0,36.85699301,-83.21899516,21095.0,1088.0430603613997,2.120141342756184,277,278,6,0,272,273,26409,5,0,0,5,5
2020-08-28,US,Kentucky,Harrison,150,0,0,38.44188174,-84.32869741,21097.0,794.2391189240708,0.0,150,150,0,0,150,146,18778,0,0,0,0,4
2020-08-28,US,Kentucky,Hart,123,1,0,37.29943898,-85.88461055,21099.0,646.1780929866036,0.8130081300813008,122,123,1,0,122,121,18906,0,0,0,0,2
2020-08-28,US,Kentucky,Henderson,418,3,0,37.79344553,-87.57392021,21101.0,924.574209245742,0.7177033492822966,415,414,3,0,411,410,45591,4,0,0,4,4
2020-08-28,US,Kentucky,Henry,159,1,0,38.44942688,-85.11587507,21103.0,985.9853652486667,0.6289308176100629,158,159,1,0,158,158,16106,0,0,0,0,1
2020-08-28,US,Kentucky,Hickman,66,0,0,36.67948079999999,-88.97875928,21105.0,1506.849315068493,0.0,66,66,0,0,66,66,4421,0,0,0,0,0
2020-08-28,US,Kentucky,Hopkins,502,36,0,37.30939025,-87.54670406,21107.0,1123.3943516985184,7.171314741035856,466,498,36,0,462,495,45068,4,0,0,4,3
2020-08-28,US,Kentucky,Jackson,209,15,0,37.41866422,-83.99825483,21109.0,1568.0096031210144,7.177033492822965,194,202,15,0,187,198,13442,7,0,0,7,4
2020-08-28,US,Kentucky,Jefferson,11353,264,0,38.18664655,-85.65931031,21111.0,1480.6516275690994,2.3253765524530956,11089,11167,264,0,10903,11018,770517,186,0,0,186,149
2020-08-28,US,Kentucky,Jessamine,439,0,0,37.87119786,-84.58252003,21113.0,811.2353321629863,0.0,439,435,0,0,435,428,53920,4,0,0,4,7
2020-08-28,US,Kentucky,Johnson,115,1,0,37.85106355,-82.8264322,21115.0,518.2981791959619,0.8695652173913043,114,110,1,0,109,105,22386,5,0,0,5,5
2020-08-28,US,Kentucky,Kenton,1695,41,0,38.93950319,-84.53241199,21117.0,1014.9822153558723,2.4188790560471976,1654,1680,41,0,1639,1666,166051,15,0,0,15,14
2020-08-28,US,Kentucky,Knott,88,1,0,37.35388197,-82.94981134,21119.0,594.3536404160476,1.1363636363636365,87,89,1,0,88,88,15126,-1,0,0,-1,1
2020-08-28,US,Kentucky,Knox,350,9,0,36.89225732,-83.85403396,21121.0,1123.7758869802535,2.571428571428572,341,346,9,0,337,321,31304,4,0,0,4,25
2020-08-28,US,Kentucky,Larue,82,1,0,37.54567114,-85.70138352,21123.0,569.5235449367967,1.2195121951219512,81,81,1,0,80,78,14307,1,0,0,1,3
2020-08-28,US,Kentucky,Laurel,554,5,0,37.10975748,-84.11321779,21125.0,910.9894266028647,0.9025270758122744,549,545,5,0,540,529,60669,9,0,0,9,16
2020-08-28,US,Kentucky,Lawrence,44,0,0,38.07136018,-82.72882223,21127.0,287.26251876999413,0.0,44,43,0,0,43,40,15571,1,0,0,1,3
2020-08-28,US,Kentucky,Lee,13,0,0,37.59645942,-83.71513901,21129.0,175.6044846683777,0.0,13,12,0,0,12,12,7033,1,0,0,1,0
2020-08-28,US,Kentucky,Leslie,40,0,0,37.09246661,-83.37999606,21131.0,404.9812696162802,0.0,40,40,0,0,40,39,10143,0,0,0,0,1
2020-08-28,US,Kentucky,Letcher,70,2,0,37.12306748,-82.85346474,21133.0,324.78077297823967,2.8571428571428568,68,67,2,0,65,68,21899,3,0,0,3,-1
2020-08-28,US,Kentucky,Lewis,148,10,0,38.53184419,-83.37735618,21135.0,1114.8775894538603,6.756756756756758,138,147,10,0,137,137,13257,1,0,0,1,10
2020-08-28,US,Kentucky,Lincoln,134,2,0,37.45475628,-84.6565327,21137.0,545.8470813475092,1.492537313432836,132,134,2,0,132,132,24644,0,0,0,0,2
2020-08-28,US,Kentucky,Livingston,45,1,0,37.21137452,-88.34797529,21139.0,489.4496410702632,2.2222222222222223,44,44,1,0,43,43,9242,1,0,0,1,1
2020-08-28,US,Kentucky,Logan,408,26,0,36.85949479,-86.877635,21141.0,1505.423953951738,6.372549019607844,382,401,26,0,375,393,26989,7,0,0,7,8
2020-08-28,US,Kentucky,Lyon,34,4,0,37.02080035,-88.07886257,21143.0,414.12911084043856,11.764705882352944,30,34,4,0,30,34,8009,0,0,0,0,0
2020-08-28,US,Kentucky,Madison,937,3,0,37.71659336,-84.27220275,21151.0,1007.6677385010807,0.32017075773745995,934,881,3,0,878,859,92368,56,0,0,56,22
2020-08-28,US,Kentucky,Magoffin,66,0,0,37.70820545,-83.0657714,21153.0,542.7185264369706,0.0,66,62,0,0,62,62,12362,4,0,0,4,0
2020-08-28,US,Kentucky,Marion,173,2,0,37.55218078,-85.26898542,21155.0,897.6288071395218,1.1560693641618498,171,171,2,0,169,172,19404,2,0,0,2,-1
2020-08-28,US,Kentucky,Marshall,185,2,0,36.88007070000001,-88.32803576,21157.0,594.8553054662381,1.0810810810810811,183,183,2,0,181,183,31191,2,0,0,2,0
2020-08-28,US,Kentucky,Martin,53,0,0,37.79990579,-82.51247478,21159.0,473.42563644484153,0.0,53,51,0,0,51,51,11323,2,0,0,2,0
2020-08-28,US,Kentucky,Mason,86,2,0,38.59471935,-83.82151043,21161.0,503.80785002929116,2.3255813953488373,84,83,2,0,81,80,17150,3,0,0,3,3
2020-08-28,US,Kentucky,McCracken,486,6,0,37.05350953,-88.70445755,21145.0,742.9147940933686,1.2345679012345678,480,479,6,0,473,472,65346,7,0,0,7,7
2020-08-28,US,Kentucky,McCreary,82,0,0,36.73874143,-84.48102924,21147.0,475.8864836631652,0.0,82,76,0,0,76,72,17408,6,0,0,6,4
2020-08-28,US,Kentucky,McLean,53,1,0,37.5301951,-87.26803443,21149.0,575.648962745737,1.8867924528301887,52,52,1,0,51,51,9252,1,0,0,1,1
2020-08-28,US,Kentucky,Meade,123,3,0,37.96163597,-86.21028219,21163.0,430.4913901721965,2.4390243902439024,120,123,3,0,120,121,28715,0,0,0,0,2
2020-08-28,US,Kentucky,Menifee,30,0,0,37.94090733,-83.59985712,21165.0,462.32085067036525,0.0,30,31,0,0,31,30,6451,-1,0,0,-1,1
2020-08-28,US,Kentucky,Mercer,107,1,0,37.81474237,-84.87488475,21167.0,487.84935941275705,0.9345794392523364,106,107,1,0,106,107,21774,0,0,0,0,0
2020-08-28,US,Kentucky,Metcalfe,82,2,0,36.99459295,-85.63123699,21169.0,814.2190447820474,2.4390243902439024,80,80,2,0,78,80,10030,2,0,0,2,0
2020-08-28,US,Kentucky,Monroe,129,2,0,36.71225341,-85.71596443,21171.0,1211.2676056338028,1.5503875968992251,127,129,2,0,127,124,10718,0,0,0,0,5
2020-08-28,US,Kentucky,Montgomery,182,1,0,38.03253032,-83.9145241,21173.0,646.3756792271904,0.5494505494505495,181,178,1,0,177,177,28203,4,0,0,4,1
2020-08-28,US,Kentucky,Morgan,43,0,0,37.92465657,-83.25558245,21175.0,323.0896385904275,0.0,43,41,0,0,41,41,13345,2,0,0,2,0
2020-08-28,US,Kentucky,Muhlenberg,657,11,0,37.21425819,-87.14632053,21177.0,2145.5162954738425,1.67427701674277,646,651,11,0,640,652,30774,6,0,0,6,-1
2020-08-28,US,Kentucky,Nelson,326,2,0,37.80335779,-85.4657193,21179.0,705.1240455951378,0.6134969325153374,324,322,2,0,320,322,45851,4,0,0,4,0
2020-08-28,US,Kentucky,Nicholas,22,1,0,38.33342292,-84.01889177,21181.0,302.65511074425643,4.545454545454546,21,22,1,0,21,22,7166,0,0,0,0,0
2020-08-28,US,Kentucky,Ohio,382,9,0,37.47751843,-86.85368087,21183.0,1592.064682837376,2.356020942408377,373,379,9,0,370,378,24087,3,0,0,3,1
2020-08-28,US,Kentucky,Oldham,799,23,0,38.39791089,-85.448222,21185.0,1196.1256905043488,2.8785982478097623,776,790,23,0,767,779,66470,9,0,0,9,11
2020-08-28,US,Kentucky,Owen,80,0,0,38.51679143,-84.82404619,21187.0,733.8776259058803,0.0,80,79,0,0,79,75,10880,1,0,0,1,4
2020-08-28,US,Kentucky,Owsley,31,0,0,37.42823949,-83.68811419,21189.0,702.1517553793884,0.0,31,30,0,0,30,26,4472,1,0,0,1,4
2020-08-28,US,Kentucky,Pendleton,63,0,0,38.69607718,-84.35599463,21191.0,431.8026045236463,0.0,63,64,0,0,64,62,14529,-1,0,0,-1,2
2020-08-28,US,Kentucky,Perry,282,7,0,37.25023553,-83.22922731,21193.0,1094.8054973212206,2.482269503546099,275,279,7,0,272,275,26092,3,0,0,3,4
2020-08-28,US,Kentucky,Pike,300,3,0,37.47088263,-82.39487445,21195.0,518.3495749533486,1.0,297,299,3,0,296,299,58402,1,0,0,1,0
2020-08-28,US,Kentucky,Powell,76,0,0,37.83218794,-83.82553961,21197.0,614.9364835342665,0.0,76,72,0,0,72,72,12442,4,0,0,4,0
2020-08-28,US,Kentucky,Pulaski,497,6,0,37.10466131,-84.57629079,21199.0,764.8624940365347,1.2072434607645874,491,480,6,0,474,467,64623,17,0,0,17,13
2020-08-28,US,Kentucky,Robertson,4,0,0,38.51923469,-84.05055616,21201.0,189.75332068311195,0.0,4,4,0,0,4,4,2135,0,0,0,0,0
2020-08-28,US,Kentucky,Rockcastle,114,0,0,37.36642393,-84.31176452,21203.0,682.8391734052111,0.0,114,112,0,0,112,110,16750,2,0,0,2,2
2020-08-28,US,Kentucky,Rowan,153,0,0,38.19484205,-83.42088935,21205.0,625.5110384300899,0.0,153,124,0,0,124,112,24583,29,0,0,29,12
2020-08-28,US,Kentucky,Russell,171,5,0,36.99308373,-85.06070117,21207.0,954.0813479886181,2.9239766081871346,166,168,5,0,163,158,17821,3,0,0,3,10
2020-08-28,US,Kentucky,Scott,563,5,0,38.29622293,-84.5816631,21209.0,987.6499894744228,0.8880994671403197,558,558,4,0,554,539,56031,5,1,0,4,19
2020-08-28,US,Kentucky,Shelby,890,23,0,38.21476019,-85.194223,21211.0,1815.4373368146207,2.5842696629213484,867,882,23,0,859,877,48518,8,0,0,8,5
2020-08-28,US,Kentucky,Simpson,204,7,0,36.74058474,-86.58047435,21213.0,1098.4277406849021,3.431372549019608,197,202,7,0,195,199,18529,2,0,0,2,3
2020-08-28,US,Kentucky,Spencer,163,0,0,38.03223971,-85.32749335,21215.0,842.333729523022,0.0,163,163,0,0,163,162,18794,0,0,0,0,1
2020-08-28,US,Kentucky,Taylor,197,5,0,37.3677562,-85.3329931,21217.0,764.4844580697737,2.538071065989848,192,193,4,0,189,186,25549,4,1,0,3,7
2020-08-28,US,Kentucky,Todd,109,0,0,36.8381152,-87.17878374,21219.0,886.611355132585,0.0,109,107,0,0,107,100,12311,2,0,0,2,7
2020-08-28,US,Kentucky,Trigg,78,0,0,36.80767017,-87.87333656,21221.0,532.3868677905945,0.0,78,74,0,0,74,74,14643,4,0,0,4,0
2020-08-28,US,Kentucky,Trimble,43,0,0,38.61056487,-85.33775972,21223.0,507.6142131979696,0.0,43,43,0,0,43,43,8515,0,0,0,0,0
2020-08-28,US,Kentucky,Union,90,1,0,37.66166713,-87.94300009,21225.0,625.8257422988665,1.1111111111111112,89,86,0,0,86,83,14505,4,1,0,3,3
2020-08-28,US,Kentucky,Warren,3211,26,0,36.99903045,-86.42672751,21227.0,2416.175054177703,0.8097165991902834,3185,3176,25,0,3151,3120,131264,35,1,0,34,56
2020-08-28,US,Kentucky,Washington,119,1,0,37.75599461,-85.17407732,21229.0,983.8776353865236,0.8403361344537815,118,118,1,0,117,118,12084,1,0,0,1,0
2020-08-28,US,Kentucky,Wayne,94,0,0,36.80310688,-84.8251971,21231.0,462.30266069935567,0.0,94,89,0,0,89,86,20468,5,0,0,5,3
2020-08-28,US,Kentucky,Webster,97,2,0,37.52168356,-87.67989953,21233.0,749.4977592335033,2.061855670103093,95,97,2,0,95,95,13111,0,0,0,0,2
2020-08-28,US,Kentucky,Whitley,193,2,0,36.75700531,-84.14541217,21235.0,532.2082506066622,1.0362694300518134,191,186,2,0,184,182,36242,7,0,0,7,4
2020-08-28,US,Kentucky,Wolfe,26,0,0,37.73941626,-83.49303612,21237.0,363.2807042056729,0.0,26,27,0,0,27,27,7177,-1,0,0,-1,0
2020-08-28,US,Kentucky,Woodford,202,0,0,38.04178222,-84.7417556,21239.0,755.5921298720731,0.0,202,201,0,0,201,201,26533,1,0,0,1,0
2020-08-28,US,Louisiana,Acadia,2799,93,0,30.295064899999996,-92.41419698,22001.0,4511.241840599565,3.3226152197213286,2706,2781,93,0,2688,2775,62190,18,0,0,18,6
2020-08-28,US,Louisiana,Allen,1437,37,0,30.65385745,-92.82442028,22003.0,5607.367229874742,2.5748086290883787,1400,1434,37,0,1397,1430,25605,3,0,0,3,4
2020-08-28,US,Louisiana,Ascension,3291,92,0,30.20406249,-90.91328409999998,22005.0,2599.443935420682,2.7955028866605893,3199,3267,90,0,3177,3257,124672,24,2,0,22,10
2020-08-28,US,Louisiana,Assumption,653,22,0,29.89946234,-91.06461642,22007.0,2982.9610342149736,3.3690658499234303,631,654,22,0,632,649,22300,-1,0,0,-1,5
2020-08-28,US,Louisiana,Avoyelles,1268,43,0,31.07796211,-92.00079449,22009.0,3158.628935831008,3.3911671924290223,1225,1261,43,0,1218,1255,40462,7,0,0,7,6
2020-08-28,US,Louisiana,Beauregard,932,31,0,30.64836518,-93.34173616,22011.0,2485.532175907406,3.326180257510729,901,928,31,0,897,926,37253,4,0,0,4,2
2020-08-28,US,Louisiana,Bienville,412,31,0,32.34569994,-93.05398492,22013.0,3111.547466203459,7.524271844660194,381,412,31,0,381,414,13308,0,0,0,0,-2
2020-08-28,US,Louisiana,Bossier,2674,92,0,32.67932307,-93.60460152,22015.0,2104.8654350238903,3.4405385190725504,2582,2667,92,0,2575,2653,127185,7,0,0,7,14
2020-08-28,US,Louisiana,Caddo,7320,314,0,32.57991587,-93.88375652,22017.0,3047.4097017535096,4.2896174863387975,7006,7278,313,0,6965,7225,242922,42,1,0,41,53
2020-08-28,US,Louisiana,Calcasieu,7298,182,0,30.22931235,-93.35400434,22019.0,3587.3690005702038,2.493833927103316,7116,7285,181,0,7104,7269,203112,13,1,0,12,16
2020-08-28,US,Louisiana,Caldwell,276,3,0,32.0902519,-92.11752148,22021.0,2782.819116757411,1.0869565217391304,273,274,3,0,271,271,9960,2,0,0,2,3
2020-08-28,US,Louisiana,Cameron,206,1,0,29.87592238,-93.19310676,22023.0,2954.2521153018793,0.4854368932038835,205,204,1,0,203,205,6968,2,0,0,2,-1
2020-08-28,US,Louisiana,Catahoula,366,6,0,31.66778967,-91.84526385,22025.0,3855.0663576996003,1.639344262295082,360,363,6,0,357,358,9608,3,0,0,3,5
2020-08-28,US,Louisiana,Claiborne,355,13,0,32.82308512,-92.99526883,22027.0,2265.475430759413,3.661971830985916,342,354,13,0,341,344,15944,1,0,0,1,10
2020-08-28,US,Louisiana,Concordia,427,10,0,31.44817835,-91.63814433,22029.0,2217.145230801184,2.34192037470726,417,426,9,0,417,421,19572,1,1,0,0,5
2020-08-28,US,Louisiana,De Soto,810,32,0,32.05457447,-93.74130302,22031.0,2949.4228598477953,3.9506172839506166,778,807,32,0,775,808,27436,3,0,0,3,-1
2020-08-28,US,Louisiana,East Baton Rouge,13573,407,0,30.53842039,-91.09777565,22033.0,3084.359142751313,2.998600162086495,13166,13520,405,0,13115,13450,440956,53,2,0,51,70
2020-08-28,US,Louisiana,East Carroll,531,2,0,32.73926954,-91.23425694,22035.0,7739.396589418452,0.3766478342749529,529,531,2,0,529,532,7037,0,0,0,0,-1
2020-08-28,US,Louisiana,East Feliciana,1054,43,0,30.84425359,-91.04976723,22037.0,5508.230990331853,4.079696394686907,1011,1056,43,0,1013,888,19305,-2,0,0,-2,168
2020-08-28,US,Louisiana,Evangeline,1033,24,0,30.72985248,-92.39915924,22039.0,3093.2774367420275,2.323330106485963,1009,1034,24,0,1010,1028,33443,-1,0,0,-1,6
2020-08-28,US,Louisiana,Franklin,1077,29,0,32.13675181,-91.67589857,22041.0,5380.964276792406,2.692664809656453,1048,1076,28,0,1048,1061,20156,1,1,0,0,15
2020-08-28,US,Louisiana,Grant,406,27,0,31.59882456,-92.56124347,22043.0,1813.390504265488,6.650246305418719,379,395,26,0,369,390,22482,11,1,0,10,5
2020-08-28,US,Louisiana,Iberia,2701,86,0,29.86803617,-91.75871777,22045.0,3867.965057997995,3.184005923731952,2615,2695,86,0,2609,2698,70941,6,0,0,6,-3
2020-08-28,US,Louisiana,Iberville,1321,53,0,30.25734305,-91.3499598,22047.0,4063.240134108456,4.012112036336109,1268,1319,53,0,1266,1317,32721,2,0,0,2,2
2020-08-28,US,Louisiana,Jackson,451,21,0,32.30251776,-92.55692092,22049.0,2864.583333333333,4.656319290465632,430,439,20,0,419,431,15902,12,1,0,11,8
2020-08-28,US,Louisiana,Jefferson,16315,543,0,29.74075478,-90.11115756,22051.0,3772.315390075677,3.3282255593012566,15772,16269,541,0,15728,16227,434051,46,2,0,44,42
2020-08-28,US,Louisiana,Jefferson Davis,1157,35,0,30.26896765,-92.81210004,22053.0,3688.4723284876313,3.025064822817632,1122,1146,35,0,1111,1153,31582,11,0,0,11,-7
2020-08-28,US,Louisiana,LaSalle,382,5,0,31.67884782,-92.15907765,22059.0,2565.135643298416,1.3089005235602094,377,378,5,0,373,382,14917,4,0,0,4,-4
2020-08-28,US,Louisiana,Lafayette,8216,110,0,30.2049055,-92.06959876,22055.0,3361.8396824747333,1.3388510223953265,8106,8205,110,0,8095,8183,242782,11,0,0,11,22
2020-08-28,US,Louisiana,Lafourche,3245,108,0,29.52470226,-90.40976986,22057.0,3324.3182330403424,3.3281972265023114,3137,3236,107,0,3129,3216,98115,9,1,0,8,20
2020-08-28,US,Louisiana,Lincoln,896,39,0,32.6003154,-92.66597409999999,22061.0,1916.9055667279965,4.352678571428571,857,887,39,0,848,884,47196,9,0,0,9,3
2020-08-28,US,Louisiana,Livingston,3356,64,0,30.44143993,-90.73061664,22063.0,2383.7089545348003,1.9070321811680573,3292,3330,64,0,3266,3325,139567,26,0,0,26,5
2020-08-28,US,Louisiana,Madison,783,7,0,32.36918118,-91.23973355,22065.0,7150.031960551548,0.8939974457215837,776,781,7,0,774,780,11161,2,0,0,2,1
2020-08-28,US,Louisiana,Morehouse,587,17,0,32.81686191,-91.80421614,22067.0,2359.8938650800033,2.8960817717206133,570,585,16,0,569,582,25398,2,1,0,1,3
2020-08-28,US,Louisiana,Natchitoches,912,22,0,31.72321584,-93.09816516,22069.0,2390.0623722417317,2.4122807017543857,890,908,22,0,886,907,38659,4,0,0,4,1
2020-08-28,US,Louisiana,Orleans,11326,576,0,30.06971951,-89.92660315,22071.0,2903.0306758530187,5.085643651774678,10750,11279,574,0,10705,11269,391006,47,2,0,45,10
2020-08-28,US,Louisiana,Ouachita,5441,128,0,32.47645559,-92.15704172,22073.0,3549.736102140541,2.3525087300128655,5313,5400,127,0,5273,5369,154475,41,1,0,40,31
2020-08-28,US,Louisiana,Plaquemines,491,19,0,29.42245447,-89.60322085,22075.0,2116.653015476139,3.8696537678207736,472,490,19,0,471,487,23410,1,0,0,1,3
2020-08-28,US,Louisiana,Pointe Coupee,930,37,0,30.71409502,-91.60209535,22077.0,4279.797514956282,3.9784946236559136,893,928,37,0,891,924,21940,2,0,0,2,4
2020-08-28,US,Louisiana,Rapides,3742,135,0,31.19778499,-92.52997303,22079.0,2886.2766876465507,3.607696419027258,3607,3711,134,0,3577,3691,130562,31,1,0,30,20
2020-08-28,US,Louisiana,Red River,313,20,0,32.09530039,-93.34213308,22081.0,3707.6522151149015,6.389776357827476,293,310,20,0,290,310,8477,3,0,0,3,0
2020-08-28,US,Louisiana,Richland,682,9,0,32.41391005,-91.76634876,22083.0,3389.325116787596,1.3196480938416422,673,678,9,0,669,666,20192,4,0,0,4,12
2020-08-28,US,Louisiana,Sabine,735,13,0,31.56388699,-93.55433981,22085.0,3077.3739742086755,1.7687074829931972,722,735,13,0,722,736,24032,0,0,0,0,-1
2020-08-28,US,Louisiana,St. Bernard,1221,26,0,29.87761636,-89.51887093,22087.0,2584.455168910337,2.1294021294021293,1195,1213,26,0,1187,1213,46721,8,0,0,8,0
2020-08-28,US,Louisiana,St. Charles,1628,55,0,29.90709658,-90.35555967,22089.0,3065.9133709981165,3.3783783783783785,1573,1621,55,0,1566,1614,52879,7,0,0,7,7
2020-08-28,US,Louisiana,St. Helena,367,2,0,30.82210324,-90.71013176,22091.0,3622.187129885511,0.5449591280653951,365,365,2,0,363,364,10262,2,0,0,2,1
2020-08-28,US,Louisiana,St. James,757,35,0,30.02531716,-90.80212061,22093.0,3588.357982555935,4.623513870541611,722,755,35,0,720,754,21037,2,0,0,2,1
2020-08-28,US,Louisiana,St. John the Baptist,1505,95,0,30.12597499,-90.4753503,22095.0,3513.31792609193,6.312292358803988,1410,1503,95,0,1408,1500,43184,2,0,0,2,3
2020-08-28,US,Louisiana,St. Landry,3032,110,0,30.59724262,-92.00135806,22097.0,3691.977984511226,3.627968337730871,2922,3026,110,0,2916,3021,82764,6,0,0,6,5
2020-08-28,US,Louisiana,St. Martin,1930,56,0,30.13112107,-91.61403569,22099.0,3612.135277273493,2.9015544041450783,1874,1922,55,0,1867,1920,53621,8,1,0,7,2
2020-08-28,US,Louisiana,St. Mary,1754,68,0,29.69262097,-91.44702164,22101.0,3554.3487071411205,3.8768529076396807,1686,1746,68,0,1678,1737,49774,8,0,0,8,9
2020-08-28,US,Louisiana,St. Tammany,5940,236,0,30.40942847,-89.95642711,22103.0,2280.939562781517,3.973063973063973,5704,5917,235,0,5682,5892,258111,23,1,0,22,25
2020-08-28,US,Louisiana,Tangipahoa,3985,94,0,30.62888673,-90.40664996,22105.0,2957.1528220959053,2.358845671267252,3891,3965,91,0,3874,3956,133777,20,3,0,17,9
2020-08-28,US,Louisiana,Tensas,137,1,0,32.00760749,-91.32915234,22107.0,3161.0521458237195,0.7299270072992701,136,136,1,0,135,133,4462,1,0,0,1,3
2020-08-28,US,Louisiana,Terrebonne,3294,97,0,29.37343766,-90.82626855,22109.0,2982.0479626293445,2.9447480267152404,3197,3296,96,0,3200,3285,111021,-2,1,0,-3,11
2020-08-28,US,Louisiana,Unassigned,187,163,0,0.0,0.0,90022.0,0.0,87.16577540106951,24,187,163,0,24,190,,0,0,0,0,-3
2020-08-28,US,Louisiana,Union,818,39,0,32.83121059,-92.3749373,22111.0,3700.0180929980097,4.767726161369193,779,807,39,0,768,806,22330,11,0,0,11,1
2020-08-28,US,Louisiana,Vermilion,1864,44,0,29.83517605,-92.30292538,22113.0,3132.1940481591637,2.360515021459228,1820,1853,41,0,1812,1854,59830,11,3,0,8,-1
2020-08-28,US,Louisiana,Vernon,951,39,0,31.10884837,-93.18153838,22115.0,2005.1023635328602,4.100946372239748,912,939,38,0,901,935,48860,12,1,0,11,4
2020-08-28,US,Louisiana,Washington,1446,60,0,30.85288548,-90.03866652,22117.0,3130.2766593064034,4.149377593360996,1386,1436,60,0,1376,1431,46582,10,0,0,10,5
2020-08-28,US,Louisiana,Webster,1020,19,0,32.70847669,-93.33121835,22119.0,2660.406885758998,1.862745098039216,1001,1016,19,0,997,1005,38798,4,0,0,4,11
2020-08-28,US,Louisiana,West Baton Rouge,826,39,0,30.46058217,-91.30989571,22121.0,3121.103344039297,4.721549636803874,787,820,38,0,782,814,26427,6,1,0,5,6
2020-08-28,US,Louisiana,West Carroll,312,9,0,32.78550125,-91.461201,22123.0,2880.8864265927973,2.8846153846153846,303,311,9,0,302,310,10982,1,0,0,1,1
2020-08-28,US,Louisiana,West Feliciana,547,20,0,30.87882871,-91.41485379999999,22125.0,3513.617677286742,3.6563071297989036,527,547,20,0,527,545,15460,0,0,0,0,2
2020-08-28,US,Louisiana,Winn,542,16,0,31.94449367,-92.63789413,22127.0,3898.158803222095,2.9520295202952034,526,540,15,0,525,535,14134,2,1,0,1,5
2020-08-28,US,Maine,Androscoggin,602,10,0,44.1664747,-70.20380627,23001.0,555.9814180296831,1.6611295681063123,592,600,10,0,590,596,107679,2,0,0,2,4
2020-08-28,US,Maine,Aroostook,38,1,0,46.65926321,-68.59841248,23003.0,56.66989784505257,2.631578947368421,37,38,1,0,37,38,67111,0,0,0,0,0
2020-08-28,US,Maine,Cumberland,2177,70,0,43.8370751,-70.37226999,23005.0,737.9585970312164,3.2154340836012865,2107,2171,70,0,2101,2167,293557,6,0,0,6,4
2020-08-28,US,Maine,Franklin,50,1,0,44.97330019,-70.44381045,23007.0,165.56839630451339,2.0,49,50,1,0,49,48,29897,0,0,0,0,2
2020-08-28,US,Maine,Hancock,45,1,0,44.59816444,-68.38401854,23009.0,81.83752523323695,2.2222222222222223,44,46,1,0,45,46,54811,-1,0,0,-1,0
2020-08-28,US,Maine,Kennebec,185,11,0,44.40759555,-69.76738544,23011.0,151.26490163693154,5.945945945945946,174,184,11,0,173,183,122083,1,0,0,1,1
2020-08-28,US,Maine,Knox,29,1,0,44.11486325,-69.10529169,23013.0,72.91561902846225,3.4482758620689653,28,29,1,0,28,29,39771,0,0,0,0,0
2020-08-28,US,Maine,Lincoln,35,1,0,44.05996956,-69.54227124,23015.0,101.05676502858464,2.8571428571428568,34,35,1,0,34,35,34342,0,0,0,0,0
2020-08-28,US,Maine,Oxford,59,0,0,44.49952995,-70.75682123,23017.0,101.76800344976284,0.0,59,59,0,0,59,59,57618,0,0,0,0,0
2020-08-28,US,Maine,Penobscot,225,6,0,45.40194593,-68.65020455,23019.0,147.8823251045035,2.6666666666666665,219,223,6,0,217,221,151096,2,0,0,2,2
2020-08-28,US,Maine,Piscataquis,8,0,0,45.83839062,-69.2860223,23021.0,47.66160262138814,0.0,8,8,0,0,8,8,16800,0,0,0,0,0
2020-08-28,US,Maine,Sagadahoc,60,0,0,43.95415864,-69.85074999,23023.0,167.33601070950468,0.0,60,60,0,0,60,59,35634,0,0,0,0,1
2020-08-28,US,Maine,Somerset,50,1,0,45.51229767,-69.95995554,23025.0,99.04128040567308,2.0,49,50,1,0,49,47,50592,0,0,0,0,3
2020-08-28,US,Maine,Unassigned,3,0,0,0.0,0.0,90023.0,0.0,0.0,3,1,0,0,1,1,,2,0,0,2,0
2020-08-28,US,Maine,Waldo,69,14,0,44.4858305,-69.12061935,23027.0,173.73788241218682,20.28985507246377,55,69,14,0,55,69,39694,0,0,0,0,0
2020-08-28,US,Maine,Washington,15,0,0,45.01607142,-67.62813524,23029.0,47.802670575862855,0.0,15,15,0,0,15,15,31490,0,0,0,0,0
2020-08-28,US,Maine,York,786,15,0,43.47808377,-70.71052375,23031.0,378.5379573398317,1.9083969465648856,771,776,15,0,761,768,206229,10,0,0,10,8
2020-08-28,US,Maryland,Allegany,392,20,0,39.62357628,-78.69280486,24001.0,556.6916609861395,5.1020408163265305,372,389,20,0,369,388,70975,3,0,0,3,1
2020-08-28,US,Maryland,Anne Arundel,8190,233,0,39.00670238,-76.60329337,24003.0,1413.9363366100747,2.844932844932845,7957,8132,232,0,7900,8091,576031,58,1,0,57,41
2020-08-28,US,Maryland,Baltimore,15149,598,0,39.45784712,-76.62911955,24005.0,1830.9825108476252,3.9474552775760783,14551,15043,599,0,14444,14912,828431,106,-1,0,107,131
2020-08-28,US,Maryland,Baltimore City,14312,458,0,39.30211911,-76.61151012,24510.0,2411.4980875836154,3.2001117942984907,13854,14243,455,0,13788,14172,621342,69,3,0,66,71
2020-08-28,US,Maryland,Calvert,779,28,0,38.53961642,-76.56820632,24009.0,841.9346122669548,3.5943517329910137,751,772,28,0,744,768,92003,7,0,0,7,4
2020-08-28,US,Maryland,Caroline,489,3,0,38.87172293,-75.82904158,24011.0,1463.8088966054004,0.6134969325153374,486,485,3,0,482,481,33304,4,0,0,4,4
2020-08-28,US,Maryland,Carroll,1669,123,0,39.56453592,-77.02373735,24013.0,990.8161023942247,7.369682444577593,1546,1665,122,0,1543,1660,168429,4,1,0,3,5
2020-08-28,US,Maryland,Cecil,769,31,0,39.56647682,-75.94627411,24015.0,747.6544650235768,4.031209362808843,738,768,31,0,737,766,102826,1,0,0,1,2
2020-08-28,US,Maryland,Charles,2346,93,0,38.51092331,-76.98580666,24017.0,1436.9981072787075,3.964194373401535,2253,2331,93,0,2238,2319,161503,15,0,0,15,12
2020-08-28,US,Maryland,Dorchester,443,6,0,38.45413522,-76.02752426,24019.0,1387.4534122584485,1.3544018058690743,437,437,6,0,431,430,31998,6,0,0,6,7
2020-08-28,US,Maryland,Frederick,3430,124,0,39.47296601,-77.39999394,24021.0,1321.5332868420744,3.6151603498542273,3306,3413,123,0,3290,3404,255648,17,1,0,16,9
2020-08-28,US,Maryland,Garrett,63,0,0,39.52786077,-79.27355126,24023.0,217.1365547666644,0.0,63,62,0,0,62,63,29163,1,0,0,1,-1
2020-08-28,US,Maryland,Harford,2408,69,0,39.55010644,-76.30775940000002,24025.0,942.6834376627087,2.8654485049833887,2339,2381,69,0,2312,2357,253956,27,0,0,27,24
2020-08-28,US,Maryland,Howard,4325,117,0,39.25305293,-76.93126208,24027.0,1327.9498910006446,2.7052023121387285,4208,4300,117,0,4183,4282,323196,25,0,0,25,18
2020-08-28,US,Maryland,Kent,260,23,0,39.24976208,-76.04741541,24029.0,1338.6880856760374,8.846153846153848,237,260,23,0,237,256,19383,0,0,0,0,4
2020-08-28,US,Maryland,Montgomery,19806,818,0,39.13676329,-77.20358245,24031.0,1885.0505573490893,4.1300615974957084,18988,19733,818,0,18915,19646,1052567,73,0,0,73,87
2020-08-28,US,Maryland,Prince George's,25963,785,0,38.83070039,-76.8496441,24033.0,2855.188507544591,3.0235334899664914,25178,25817,785,0,25032,25705,909308,146,0,0,146,112
2020-08-28,US,Maryland,Queen Anne's,533,26,0,39.06198912,-76.03530977,24035.0,1057.9385085647366,4.878048780487805,507,526,26,0,500,524,50251,7,0,0,7,2
2020-08-28,US,Maryland,Somerset,191,3,0,38.1163542,-75.75118623,24039.0,745.627732667083,1.5706806282722514,188,187,3,0,184,183,25675,4,0,0,4,4
2020-08-28,US,Maryland,St. Mary's,1096,55,0,38.30058422,-76.60629279999998,24037.0,965.5536957096292,5.018248175182482,1041,1091,55,0,1036,1089,112664,5,0,0,5,2
2020-08-28,US,Maryland,Talbot,463,4,0,38.76618159,-76.10882561,24041.0,1245.2596756407845,0.8639308855291576,459,461,4,0,457,459,36968,2,0,0,2,2
2020-08-28,US,Maryland,Unassigned,0,8,0,0.0,0.0,90024.0,0.0,0.0,-8,0,8,0,-8,0,,0,0,0,0,0
2020-08-28,US,Maryland,Washington,1273,32,0,39.60835778,-77.82002295,24043.0,842.7728750273088,2.5137470542026707,1241,1267,32,0,1235,1258,150926,6,0,0,6,9
2020-08-28,US,Maryland,Wicomico,1522,47,0,38.37301947,-75.62705831,24045.0,1468.984354641006,3.0880420499342964,1475,1506,47,0,1459,1488,103195,16,0,0,16,18
2020-08-28,US,Maryland,Worcester,793,23,0,38.21274277,-75.33200012,24047.0,1516.9485040936565,2.9003783102143763,770,794,23,0,771,785,51823,-1,0,0,-1,9
2020-08-28,US,Massachusetts,Barnstable,1605,165,0,41.72980578,-70.28854339,25001.0,753.5565050002347,10.280373831775703,1440,1598,165,0,1433,1594,213413,7,0,0,7,4
2020-08-28,US,Massachusetts,Berkshire,655,46,0,42.37428441,-73.20524838,25003.0,524.2348572160328,7.022900763358778,609,651,46,0,605,648,126348,4,0,0,4,3
2020-08-28,US,Massachusetts,Bristol,9050,657,0,41.79228404,-71.10872211,25005.0,1601.154954645738,7.259668508287293,8393,9022,655,0,8367,8993,564022,28,2,0,26,29
2020-08-28,US,Massachusetts,Dukes and Nantucket,95,1,0,41.40674725,-70.68763497,0.0,330.65330131217155,1.0526315789473684,94,92,1,0,91,92,26707,3,0,0,3,0
2020-08-28,US,Massachusetts,Essex,17900,1231,0,42.6687626,-70.94687179,25009.0,2268.596790505859,6.877094972067039,16669,17824,1228,0,16596,17772,790638,76,3,0,73,52
2020-08-28,US,Massachusetts,Franklin,387,64,0,42.58119713,-72.58602547,25011.0,551.4391564548305,16.537467700258397,323,387,63,0,324,385,70963,0,1,0,-1,2
2020-08-28,US,Massachusetts,Hampden,7617,746,0,42.13440424,-72.63235561,25013.0,1633.2455636273194,9.793882105815936,6871,7591,746,0,6845,7569,470406,26,0,0,26,22
2020-08-28,US,Massachusetts,Hampshire,1153,137,0,42.33997957,-72.65898478,25015.0,716.9060498663182,11.882046834345186,1016,1144,136,0,1008,1139,161355,9,1,0,8,5
2020-08-28,US,Massachusetts,Middlesex,25105,2062,0,42.48607732,-71.39049229,25017.0,1557.67298980765,8.213503286197968,23043,25019,2062,0,22957,24938,1614714,86,0,0,86,81
2020-08-28,US,Massachusetts,Norfolk,9467,1014,0,42.16073095,-71.20530408,25021.0,1339.4644688903825,10.710890461603462,8453,9439,1011,0,8428,9419,705388,28,3,0,25,20
2020-08-28,US,Massachusetts,Plymouth,9037,740,0,41.94070556,-70.80802823,25023.0,1733.8766927218235,8.188558149828483,8297,9007,739,0,8268,8989,518132,30,1,0,29,18
2020-08-28,US,Massachusetts,Suffolk,22143,1106,0,42.327951399999996,-71.07850442,25025.0,2754.423086252514,4.994806485119451,21037,22036,1105,0,20931,21946,807252,107,1,0,106,90
2020-08-28,US,Massachusetts,Unassigned,10022,5,0,0.0,0.0,90025.0,0.0,0.04989024146876871,10017,9995,5,0,9990,9980,,27,0,0,27,15
2020-08-28,US,Massachusetts,Worcester,13348,1050,0,42.35026951,-71.90493363,25027.0,1606.9884977763654,7.866347018279892,12298,13319,1046,0,12273,13292,830839,29,4,0,25,27
2020-08-28,US,Michigan,Alcona,31,2,0,44.6846864,-83.59507875,26001.0,297.93368572801535,6.451612903225807,29,31,2,0,29,31,10362,0,0,0,0,0
2020-08-28,US,Michigan,Alger,17,0,0,46.41292944,-86.60260122,26003.0,186.649099692578,0.0,17,17,0,0,17,17,9097,0,0,0,0,0
2020-08-28,US,Michigan,Allegan,620,6,0,42.59147037,-85.89102866,26005.0,525.0633040031843,0.967741935483871,614,616,6,0,610,613,117327,4,0,0,4,3
2020-08-28,US,Michigan,Alpena,132,14,0,45.03477666,-83.62212411,26007.0,464.70691779616266,10.606060606060606,118,132,14,0,118,132,28360,0,0,0,0,0
2020-08-28,US,Michigan,Antrim,54,0,0,44.99690221,-85.15503082,26009.0,231.52117990053156,0.0,54,55,0,0,55,54,23365,-1,0,0,-1,1
2020-08-28,US,Michigan,Arenac,53,3,0,44.0636262,-83.89277559,26011.0,356.11099912652014,5.660377358490566,50,52,3,0,49,52,15041,1,0,0,1,0
2020-08-28,US,Michigan,Baraga,8,0,0,46.6720582,-88.36363591,26013.0,97.45401388719698,0.0,8,8,0,0,8,8,8320,0,0,0,0,0
2020-08-28,US,Michigan,Barry,212,2,0,42.59513984,-85.30834519,26015.0,344.4354183590577,0.9433962264150944,210,210,2,0,208,209,61157,2,0,0,2,1
2020-08-28,US,Michigan,Bay,803,41,0,43.70639106,-83.98731479,26017.0,778.6591160328142,5.1058530510585305,762,792,41,0,751,790,103923,11,0,0,11,2
2020-08-28,US,Michigan,Benzie,46,2,0,44.63899297,-86.01608482,26019.0,258.9215355172802,4.3478260869565215,44,42,2,0,40,41,17753,4,0,0,4,1
2020-08-28,US,Michigan,Berrien,1593,70,0,41.95447397,-86.41313079999998,26021.0,1038.4547688737362,4.394224733207784,1523,1578,70,0,1508,1565,154141,15,0,0,15,13
2020-08-28,US,Michigan,Branch,462,3,0,41.91600556,-85.05929476,26023.0,1061.6540662269915,0.6493506493506493,459,434,3,0,431,425,43622,28,0,0,28,9
2020-08-28,US,Michigan,Calhoun,958,44,0,42.24633834,-85.00493569,26025.0,714.0780715419763,4.592901878914405,914,947,44,0,903,909,134487,11,0,0,11,38
2020-08-28,US,Michigan,Cass,402,16,0,41.91522292,-85.99405727,26027.0,776.2565894915712,3.9800995024875614,386,398,16,0,382,395,51653,4,0,0,4,3
2020-08-28,US,Michigan,Charlevoix,70,2,0,45.37790017,-85.19614053,26029.0,267.7580996825154,2.8571428571428568,68,69,2,0,67,69,26244,1,0,0,1,0
2020-08-28,US,Michigan,Cheboygan,72,2,0,45.44787015,-84.50122149,26031.0,284.85519860737463,2.7777777777777777,70,69,2,0,67,67,25413,3,0,0,3,2
2020-08-28,US,Michigan,Chippewa,56,0,0,46.29552653,-84.54353449,26033.0,149.93707997536748,0.0,56,51,0,0,51,51,37517,5,0,0,5,0
2020-08-28,US,Michigan,Clare,99,3,0,43.98794227,-84.84819859999998,26035.0,319.87075928917614,3.0303030303030303,96,99,3,0,96,98,30757,0,0,0,0,1
2020-08-28,US,Michigan,Clinton,476,13,0,42.94400871,-84.60145248,26037.0,598.0275142910988,2.73109243697479,463,469,13,0,456,466,79332,7,0,0,7,3
2020-08-28,US,Michigan,Crawford,113,5,0,44.68255561,-84.61006219,26039.0,805.4743745099437,4.424778761061948,108,113,5,0,108,113,13901,0,0,0,0,0
2020-08-28,US,Michigan,Delta,142,3,0,45.90484910000001,-86.9080745,26041.0,396.8253968253968,2.112676056338028,139,140,3,0,137,137,35857,2,0,0,2,3
2020-08-28,US,Michigan,Dickinson,64,2,0,46.00999672,-87.86961634,26043.0,253.57581520662467,3.125,62,63,2,0,61,63,25383,1,0,0,1,0
2020-08-28,US,Michigan,Eaton,509,8,0,42.59599185,-84.83740035,26045.0,461.602640838684,1.5717092337917484,501,503,8,0,495,499,109826,6,0,0,6,4
2020-08-28,US,Michigan,Emmet,112,2,0,45.52625509,-84.89083249,26047.0,335.17881191081847,1.7857142857142858,110,114,2,0,112,108,33308,-2,0,0,-2,6
2020-08-28,US,Michigan,Federal Correctional Institution (FCI),195,5,0,0.0,0.0,0.0,0.0,2.5641025641025643,190,195,5,0,190,195,,0,0,0,0,0
2020-08-28,US,Michigan,Genesee,3942,303,0,43.02244215,-83.70589709,26049.0,971.3833711586373,7.686453576864536,3639,3927,303,0,3624,3914,406892,15,0,0,15,13
2020-08-28,US,Michigan,Gladwin,75,2,0,43.98901072,-84.38774817,26051.0,294.7070611811858,2.6666666666666665,73,75,2,0,73,75,25337,0,0,0,0,0
2020-08-28,US,Michigan,Gogebic,142,1,0,46.40862701,-89.69377193,26053.0,1016.1001788908766,0.7042253521126759,141,142,1,0,141,142,15096,0,0,0,0,0
2020-08-28,US,Michigan,Grand Traverse,336,6,0,44.69565625,-85.55585247,26055.0,360.94877964936404,1.7857142857142858,330,329,6,0,323,306,92573,7,0,0,7,23
2020-08-28,US,Michigan,Gratiot,183,15,0,43.29265605,-84.60505416,26057.0,449.50996045294886,8.196721311475411,168,182,15,0,167,183,40599,1,0,0,1,-1
2020-08-28,US,Michigan,Hillsdale,300,26,0,41.88753639,-84.59312019,26059.0,657.8226071702665,8.666666666666666,274,299,26,0,273,298,45749,1,0,0,1,1
2020-08-28,US,Michigan,Houghton,64,0,0,46.89988536,-88.68495385,26061.0,179.35209057280574,0.0,64,62,0,0,62,61,36219,2,0,0,2,1
2020-08-28,US,Michigan,Huron,197,4,0,43.83353985,-83.04078453,26063.0,635.8735999483555,2.0304568527918785,193,197,4,0,193,196,31166,0,0,0,0,1
2020-08-28,US,Michigan,Ingham,1749,38,0,42.59716886,-84.37472069,26065.0,598.1409410203621,2.172670097198399,1711,1735,37,0,1698,1742,292735,14,1,0,13,-7
2020-08-28,US,Michigan,Ionia,292,7,0,42.94502238,-85.07413319,26067.0,451.334683215605,2.3972602739726026,285,291,7,0,284,290,64210,1,0,0,1,1
2020-08-28,US,Michigan,Iosco,141,12,0,44.35486835,-83.63484895,26069.0,561.149361244876,8.51063829787234,129,141,12,0,129,141,25081,0,0,0,0,0
2020-08-28,US,Michigan,Iron,27,1,0,46.20974132,-88.53136251,26071.0,243.99060184348454,3.703703703703704,26,27,1,0,26,27,11117,0,0,0,0,0
2020-08-28,US,Michigan,Isabella,439,9,0,43.64060976,-84.84664923,26073.0,628.2917334554613,2.050113895216401,430,406,9,0,397,379,70562,33,0,0,33,27
2020-08-28,US,Michigan,Jackson,809,40,0,42.24807035,-84.42258681,26075.0,510.3778941391709,4.944375772558715,769,797,40,0,757,787,158823,12,0,0,12,10
2020-08-28,US,Michigan,Kalamazoo,1912,87,0,42.24542231,-85.53038622,26077.0,721.3297820165544,4.550209205020921,1825,1890,87,0,1803,1864,264870,22,0,0,22,26
2020-08-28,US,Michigan,Kalkaska,63,4,0,44.68512729,-85.09085699,26079.0,349.2626677015191,6.349206349206349,59,63,4,0,59,62,17824,0,0,0,0,1
2020-08-28,US,Michigan,Kent,8347,162,0,43.03197711,-85.54934642,26081.0,1270.558866284601,1.9408170600215648,8185,8284,162,0,8122,8229,653786,63,0,0,63,55
2020-08-28,US,Michigan,Keweenaw,2,0,0,47.63197653,-88.41434263,26083.0,94.5179584120983,0.0,2,2,0,0,2,2,2113,0,0,0,0,0
2020-08-28,US,Michigan,Lake,29,0,0,43.99050893,-85.802173,26085.0,244.6637981945499,0.0,29,29,0,0,29,29,11881,0,0,0,0,0
2020-08-28,US,Michigan,Lapeer,525,35,0,43.09052506,-83.22153148,26087.0,599.2671818461995,6.666666666666668,490,521,35,0,486,523,88028,4,0,0,4,-2
2020-08-28,US,Michigan,Leelanau,86,1,0,44.94430054,-85.80150326,26089.0,395.2024263590828,1.162790697674419,85,86,1,0,85,84,21764,0,0,0,0,2
2020-08-28,US,Michigan,Lenawee,543,13,0,41.89475156,-84.06603727,26091.0,551.5434073803211,2.394106813996317,530,529,13,0,516,520,98266,14,0,0,14,9
2020-08-28,US,Michigan,Livingston,1070,29,0,42.60302282,-83.91297209,26093.0,557.3061798484335,2.710280373831776,1041,1066,29,0,1037,1046,191224,4,0,0,4,20
2020-08-28,US,Michigan,Luce,20,0,0,46.47227431,-85.54471223,26095.0,321.07882485150105,0.0,20,4,0,0,4,4,6283,16,0,0,16,0
2020-08-28,US,Michigan,Mackinac,34,0,0,46.07028979,-85.04980537,26097.0,314.84396703398465,0.0,34,33,0,0,33,32,10787,1,0,0,1,1
2020-08-28,US,Michigan,Macomb,12562,965,0,42.69158356,-82.92752801,26099.0,1437.3458188591849,7.681897786976596,11597,12454,964,0,11490,12360,874759,108,1,0,107,94
2020-08-28,US,Michigan,Manistee,53,1,0,44.33352407,-86.05626916,26101.0,215.81562016450852,1.8867924528301887,52,51,1,0,50,50,24528,2,0,0,2,1
2020-08-28,US,Michigan,Marquette,238,11,0,46.4338914,-87.64043701,26103.0,356.8269389346167,4.621848739495798,227,239,11,0,228,238,66516,-1,0,0,-1,1
2020-08-28,US,Michigan,Mason,116,0,0,43.99509218,-86.24988902,26105.0,398.0236069173758,0.0,116,117,0,0,117,115,29100,-1,0,0,-1,2
2020-08-28,US,Michigan,Mecosta,83,2,0,43.64064262,-85.32463223,26107.0,191.01097737785653,2.409638554216868,81,83,2,0,81,82,43545,0,0,0,0,1
2020-08-28,US,Michigan,Menominee,243,0,0,45.58038692,-87.55370409,26109.0,1066.7251975417032,0.0,243,234,0,0,234,233,22983,9,0,0,9,1
2020-08-28,US,Michigan,Michigan Department of Corrections (MDOC),5189,70,0,0.0,0.0,0.0,0.0,1.3490075158990171,5119,5185,70,0,5115,5164,,4,0,0,4,21
2020-08-28,US,Michigan,Midland,407,11,0,43.64330771,-84.38804374,26111.0,489.4415315792006,2.702702702702702,396,403,11,0,392,398,83209,4,0,0,4,5
2020-08-28,US,Michigan,Missaukee,45,1,0,44.33772443,-85.09256478,26113.0,297.65842042598234,2.2222222222222223,44,43,1,0,42,43,15113,2,0,0,2,0
2020-08-28,US,Michigan,Monroe,1269,27,0,41.92734151,-83.53749864,26115.0,843.1893687707643,2.127659574468085,1242,1258,26,0,1232,1242,150439,11,1,0,10,16
2020-08-28,US,Michigan,Montcalm,220,3,0,43.31082541,-85.15252824,26117.0,344.35261707988985,1.3636363636363635,217,217,3,0,214,215,63968,3,0,0,3,2
2020-08-28,US,Michigan,Montmorency,12,0,0,45.0275929,-84.12696227,26119.0,128.6449399656947,0.0,12,12,0,0,12,12,9265,0,0,0,0,0
2020-08-28,US,Michigan,Muskegon,1316,65,0,43.29123859,-86.15176712,26121.0,758.2130140695758,4.939209726443769,1251,1313,65,0,1248,1305,173588,3,0,0,3,8
2020-08-28,US,Michigan,Newaygo,291,0,0,43.554373999999996,-85.80070107,26123.0,594.1200489995916,0.0,291,290,0,0,290,288,48892,1,0,0,1,2
2020-08-28,US,Michigan,Oakland,17794,1157,0,42.66090111,-83.38595416,26125.0,1414.9353045204134,6.502191750028099,16637,17694,1157,0,16537,17579,1259201,100,0,0,100,115
2020-08-28,US,Michigan,Oceana,499,6,0,43.64124435,-86.26726673,26127.0,1885.3666830392565,1.2024048096192386,493,499,6,0,493,499,26625,0,0,0,0,0
2020-08-28,US,Michigan,Ogemaw,57,4,0,44.33481032,-84.12725175,26129.0,271.46735247892553,7.0175438596491215,53,57,3,0,54,56,20952,0,1,0,-1,1
2020-08-28,US,Michigan,Ontonagon,34,0,0,46.665226200000006,-89.31390481,26131.0,594.4055944055945,0.0,34,33,0,0,33,34,5795,1,0,0,1,-1
2020-08-28,US,Michigan,Osceola,76,0,0,43.98992088,-85.32566756,26133.0,323.95566922421136,0.0,76,76,0,0,76,74,23341,0,0,0,0,2
2020-08-28,US,Michigan,Oscoda,29,1,0,44.68192279,-84.12939244,26135.0,351.8990413784735,3.4482758620689653,28,29,1,0,28,29,8276,0,0,0,0,0
2020-08-28,US,Michigan,Otsego,143,11,0,45.02085831,-84.59898295,26137.0,579.6983946813685,7.6923076923076925,132,144,11,0,133,143,24665,-1,0,0,-1,1
2020-08-28,US,Michigan,Ottawa,2068,63,0,42.95996803,-85.9969107,26139.0,708.6317376554844,3.04642166344294,2005,2042,63,0,1979,2026,290494,26,0,0,26,16
2020-08-28,US,Michigan,Out of MI,101,0,0,0.0,0.0,80026.0,0.0,0.0,101,103,0,0,103,93,,-2,0,0,-2,10
2020-08-28,US,Michigan,Presque Isle,21,1,0,45.34018577,-83.91498656,26141.0,166.77255400254128,4.761904761904762,20,21,1,0,20,21,12738,0,0,0,0,0
2020-08-28,US,Michigan,Roscommon,75,3,0,44.33473082,-84.61067651,26143.0,312.25279986677214,4.0,72,75,3,0,72,73,23884,0,0,0,0,2
2020-08-28,US,Michigan,Saginaw,2479,131,0,43.33433923,-84.05131209999998,26145.0,1301.045980088066,5.284388866478419,2348,2449,131,0,2318,2429,190800,30,0,0,30,20
2020-08-28,US,Michigan,Sanilac,123,7,0,43.42406072,-82.82055898,26151.0,298.7612339081856,5.691056910569106,116,123,7,0,116,121,41182,0,0,0,0,2
2020-08-28,US,Michigan,Schoolcraft,15,0,0,46.19235734,-86.19972234,26153.0,185.32246108228318,0.0,15,15,0,0,15,15,8068,0,0,0,0,0
2020-08-28,US,Michigan,Shiawassee,418,29,0,42.95392800000001,-84.14585902,26155.0,613.6050027891138,6.937799043062202,389,410,29,0,381,402,68192,8,0,0,8,8
2020-08-28,US,Michigan,St. Clair,908,53,0,42.92655373,-82.67937954,26147.0,570.6098235382836,5.837004405286344,855,901,53,0,848,895,159337,7,0,0,7,6
2020-08-28,US,Michigan,St. Joseph,676,11,0,41.91441767,-85.52797979,26149.0,1108.8511252542482,1.6272189349112427,665,671,11,0,660,669,61043,5,0,0,5,2
2020-08-28,US,Michigan,Tuscola,442,29,0,43.46606813,-83.41897025,26157.0,846.0139726289598,6.561085972850679,413,432,29,0,403,431,52516,10,0,0,10,1
2020-08-28,US,Michigan,Unassigned,5,0,0,0.0,0.0,90026.0,0.0,0.0,5,8,0,0,8,6,,-3,0,0,-3,2
2020-08-28,US,Michigan,Van Buren,597,14,0,42.25190229,-86.01939087,26159.0,788.8790517594515,2.345058626465661,583,589,14,0,575,586,75448,8,0,0,8,3
2020-08-28,US,Michigan,Washtenaw,2858,115,0,42.253105,-83.83853204,26161.0,777.4734018677859,4.023792862141358,2743,2846,115,0,2731,2825,370963,12,0,0,12,21
2020-08-28,US,Michigan,Wayne,30955,2874,0,42.28098405,-83.281255,26163.0,1769.5214717754034,9.284445162332418,28081,30820,2872,0,27948,30595,1753893,135,2,0,133,225
2020-08-28,US,Michigan,Wexford,93,4,0,44.33853602,-85.57712739,26165.0,276.5305819036008,4.301075268817204,89,93,4,0,89,91,33466,0,0,0,0,2
2020-08-28,US,Minnesota,Aitkin,48,1,0,46.60962049,-93.41168259999999,27001.0,302.15283897771616,2.083333333333333,47,47,1,0,46,46,15902,1,0,0,1,1
2020-08-28,US,Minnesota,Anoka,4567,120,0,45.27476015,-93.24604565,27003.0,1279.554859478708,2.6275454346398077,4447,4516,120,0,4396,4447,353813,51,0,0,51,69
2020-08-28,US,Minnesota,Becker,189,2,0,46.93479392,-95.67158144,27005.0,549.0515062603491,1.058201058201058,187,185,2,0,183,181,34371,4,0,0,4,4
2020-08-28,US,Minnesota,Beltrami,313,1,0,47.97373527,-94.93732139,27007.0,663.3042298889549,0.3194888178913738,312,311,1,0,310,305,46847,2,0,0,2,6
2020-08-28,US,Minnesota,Benton,381,3,0,45.69804958,-93.99514135,27009.0,931.7909462202548,0.7874015748031497,378,378,3,0,375,362,40545,3,0,0,3,16
2020-08-28,US,Minnesota,Big Stone,32,0,0,45.42712824,-96.41403739,27011.0,641.1540773392106,0.0,32,32,0,0,32,32,4989,0,0,0,0,0
2020-08-28,US,Minnesota,Blue Earth,1153,5,0,44.03554215,-94.06699781,27013.0,1704.285101917136,0.4336513443191674,1148,1124,5,0,1119,1095,67427,29,0,0,29,29
2020-08-28,US,Minnesota,Brown,117,2,0,44.24205652,-94.72562874,27015.0,467.8502879078695,1.709401709401709,115,113,2,0,111,113,25111,4,0,0,4,0
2020-08-28,US,Minnesota,Carlton,183,1,0,46.59180601,-92.67601019,27017.0,510.1614117253492,0.5464480874316939,182,182,1,0,181,179,35837,1,0,0,1,3
2020-08-28,US,Minnesota,Carver,1094,4,0,44.82017001,-93.80099179999999,27019.0,1041.0223715136694,0.3656307129798903,1090,1084,4,0,1080,1057,103551,10,0,0,10,27
2020-08-28,US,Minnesota,Cass,99,3,0,46.95043611,-94.32603968,27021.0,332.4490412706941,3.0303030303030303,96,99,3,0,96,98,29519,0,0,0,0,1
2020-08-28,US,Minnesota,Chippewa,130,1,0,45.02343421,-95.56403693,27023.0,1101.6949152542372,0.7692307692307693,129,130,1,0,129,129,11924,0,0,0,0,1
2020-08-28,US,Minnesota,Chisago,291,1,0,45.5021011,-92.90861945,27025.0,514.3251029533926,0.3436426116838488,290,289,1,0,288,281,55922,2,0,0,2,8
2020-08-28,US,Minnesota,Clay,856,40,0,46.89289518,-96.48761922,27027.0,1332.8765843480428,4.672897196261682,816,850,40,0,810,836,63955,6,0,0,6,14
2020-08-28,US,Minnesota,Clearwater,18,0,0,47.57992111,-95.37790562,27029.0,204.12792016330243,0.0,18,18,0,0,18,18,8810,0,0,0,0,0
2020-08-28,US,Minnesota,Cook,6,0,0,47.90504893,-90.52629546,27031.0,109.82976386600771,0.0,6,6,0,0,6,6,5393,0,0,0,0,0
2020-08-28,US,Minnesota,Cottonwood,197,0,0,44.00715262,-95.18138802,27033.0,1759.5569846373705,0.0,197,196,0,0,196,195,11277,1,0,0,1,1
2020-08-28,US,Minnesota,Crow Wing,297,16,0,46.48096553,-94.06755609,27035.0,456.53677657366836,5.387205387205388,281,293,16,0,277,290,64889,4,0,0,4,3
2020-08-28,US,Minnesota,Dakota,5677,110,0,44.67172617,-93.06299363,27037.0,1323.245249067062,1.9376431213669192,5567,5585,110,0,5475,5427,425423,92,0,0,92,158
2020-08-28,US,Minnesota,Dodge,154,0,0,44.02238415,-92.86244324,27039.0,735.6453616126877,0.0,154,150,0,0,150,147,20822,4,0,0,4,3
2020-08-28,US,Minnesota,Douglas,155,1,0,45.93348491,-95.45335469,27041.0,406.38682782307745,0.6451612903225806,154,152,1,0,151,148,37964,3,0,0,3,4
2020-08-28,US,Minnesota,Faribault,112,0,0,43.67381499,-93.94787458,27043.0,820.3325276496007,0.0,112,112,0,0,112,109,13758,0,0,0,0,3
2020-08-28,US,Minnesota,Fillmore,84,0,0,43.67394126,-92.08980382,27045.0,398.7278682299331,0.0,84,83,0,0,83,83,21058,1,0,0,1,0
2020-08-28,US,Minnesota,Freeborn,394,1,0,43.67385583,-93.34884422,27047.0,1301.145933093359,0.2538071065989848,393,394,1,0,393,390,30444,0,0,0,0,4
2020-08-28,US,Minnesota,Goodhue,252,9,0,44.40849741,-92.72341949999999,27049.0,543.8066465256798,3.571428571428572,243,249,9,0,240,244,46403,3,0,0,3,5
2020-08-28,US,Minnesota,Grant,55,4,0,45.93424769,-96.01139609,27051.0,920.9645010046886,7.272727272727272,51,55,4,0,51,55,6021,0,0,0,0,0
2020-08-28,US,Minnesota,Hennepin,22520,878,0,45.00761521,-93.47694895,27053.0,1779.051588546131,3.8987566607460034,21642,22305,877,0,21428,22044,1259428,215,1,0,214,261
2020-08-28,US,Minnesota,Houston,70,0,0,43.67129565,-91.49143057,27055.0,376.34408602150535,0.0,70,69,0,0,69,66,18578,1,0,0,1,3
2020-08-28,US,Minnesota,Hubbard,42,0,0,47.10778564,-94.91693868,27057.0,195.4306453864409,0.0,42,42,0,0,42,41,21332,0,0,0,0,1
2020-08-28,US,Minnesota,Isanti,169,0,0,45.56181234,-93.29487636,27059.0,416.2971721351858,0.0,169,169,0,0,169,168,39966,0,0,0,0,1
2020-08-28,US,Minnesota,Itasca,185,12,0,47.51009045,-93.63092229,27061.0,409.926877908265,6.486486486486488,173,181,12,0,169,173,45108,4,0,0,4,8
2020-08-28,US,Minnesota,Jackson,93,0,0,43.67423373,-95.15398258,27063.0,944.5460085313832,0.0,93,93,0,0,93,91,9911,0,0,0,0,2
2020-08-28,US,Minnesota,Kanabec,64,4,0,45.9459309,-93.29275192,27065.0,391.748791087715,6.25,60,63,4,0,59,63,16207,1,0,0,1,0
2020-08-28,US,Minnesota,Kandiyohi,803,1,0,45.1526059,-95.00586446,27067.0,1858.8393249843743,0.12453300124533,802,798,1,0,797,780,42855,5,0,0,5,18
2020-08-28,US,Minnesota,Kittson,4,0,0,48.77754106,-96.78317184,27069.0,93.06654257794321,0.0,4,3,0,0,3,3,4248,1,0,0,1,0
2020-08-28,US,Minnesota,Koochiching,87,3,0,48.24539665,-93.78352843,27071.0,711.4236650584676,3.4482758620689653,84,87,3,0,84,87,12440,0,0,0,0,0
2020-08-28,US,Minnesota,Lac qui Parle,13,0,0,44.9973857,-96.17488219,27073.0,196.2856711460064,0.0,13,13,0,0,13,13,6658,0,0,0,0,0
2020-08-28,US,Minnesota,Lake,28,0,0,47.64270764,-91.44557998,27075.0,263.13316417629915,0.0,28,28,0,0,28,27,10658,0,0,0,0,1
2020-08-28,US,Minnesota,Lake of the Woods,7,0,0,48.77217001,-94.90274472,27077.0,187.16577540106945,0.0,7,7,0,0,7,7,3758,0,0,0,0,0
2020-08-28,US,Minnesota,Le Sueur,361,2,0,44.37136597,-93.72844721,27079.0,1249.6970955793265,0.554016620498615,359,352,2,0,350,339,28494,9,0,0,9,13
2020-08-28,US,Minnesota,Lincoln,64,0,0,44.41311883,-96.26688165,27081.0,1134.9530058521013,0.0,64,64,0,0,64,63,5673,0,0,0,0,1
2020-08-28,US,Minnesota,Lyon,473,3,0,44.41327865,-95.83806103,27083.0,1856.795163696317,0.6342494714587738,470,458,3,0,455,451,25629,15,0,0,15,7
2020-08-28,US,Minnesota,Mahnomen,35,1,0,47.32557075,-95.80921485,27087.0,633.2549303419578,2.8571428571428568,34,35,1,0,34,33,5519,0,0,0,0,2
2020-08-28,US,Minnesota,Marshall,33,0,0,48.35825983,-96.37017407,27089.0,353.47043701799487,0.0,33,30,0,0,30,30,9390,3,0,0,3,0
2020-08-28,US,Minnesota,Martin,226,6,0,43.67429718,-94.55099908,27091.0,1148.1989534115735,2.6548672566371683,220,223,6,0,217,222,19785,3,0,0,3,1
2020-08-28,US,Minnesota,McLeod,347,1,0,44.82367677,-94.27287017,27085.0,966.7623213439947,0.2881844380403458,346,347,1,0,346,344,35873,0,0,0,0,3
2020-08-28,US,Minnesota,Meeker,103,2,0,45.12328869,-94.52839455,27093.0,443.5449143054,1.9417475728155342,101,101,2,0,99,97,23141,2,0,0,2,4
2020-08-28,US,Minnesota,Mille Lacs,93,3,0,45.93705297,-93.63236823,27095.0,353.9216805571412,3.2258064516129035,90,92,3,0,89,89,26139,1,0,0,1,3
2020-08-28,US,Minnesota,Morrison,112,1,0,46.01265363,-94.27341528,27097.0,335.4699574672018,0.8928571428571429,111,112,1,0,111,110,33169,0,0,0,0,2
2020-08-28,US,Minnesota,Mower,1170,3,0,43.67142874,-92.75234549,27099.0,2920.4732664370226,0.2564102564102564,1167,1165,3,0,1162,1162,40011,5,0,0,5,3
2020-08-28,US,Minnesota,Murray,140,1,0,44.02216709,-95.76328482,27101.0,1708.567244325116,0.7142857142857143,139,140,1,0,139,139,8276,0,0,0,0,1
2020-08-28,US,Minnesota,Nicollet,427,15,0,44.35291112,-94.24710352,27103.0,1245.8423294625666,3.5128805620608903,412,423,15,0,408,413,34220,4,0,0,4,10
2020-08-28,US,Minnesota,Nobles,1850,13,0,43.67434621,-95.75329576,27105.0,8553.331175736279,0.7027027027027027,1837,1847,13,0,1834,1833,21924,3,0,0,3,14
2020-08-28,US,Minnesota,Norman,45,0,0,47.32628443,-96.45620947,27107.0,705.8823529411765,0.0,45,45,0,0,45,45,6475,0,0,0,0,0
2020-08-28,US,Minnesota,Olmsted,1977,24,0,44.00374114,-92.40209944,27109.0,1248.949732458163,1.2139605462822458,1953,1958,24,0,1934,1947,156277,19,0,0,19,11
2020-08-28,US,Minnesota,Otter Tail,268,4,0,46.40846929,-95.70835255,27111.0,456.2012732781806,1.492537313432836,264,263,4,0,259,257,58812,5,0,0,5,6
2020-08-28,US,Minnesota,Pennington,81,1,0,48.06642577,-96.0370814,27113.0,573.695020893831,1.2345679012345678,80,80,1,0,79,77,14178,1,0,0,1,3
2020-08-28,US,Minnesota,Pine,149,0,0,46.12105238,-92.74070188,27115.0,503.7357584772981,0.0,149,145,0,0,145,142,29483,4,0,0,4,3
2020-08-28,US,Minnesota,Pipestone,180,9,0,44.02301619,-96.25841142,27117.0,1972.386587771204,5.0,171,179,9,0,170,175,9047,1,0,0,1,4
2020-08-28,US,Minnesota,Polk,194,4,0,47.77372465,-96.40134647,27119.0,618.5435531182247,2.061855670103093,190,189,4,0,185,186,31529,5,0,0,5,3
2020-08-28,US,Minnesota,Pope,62,0,0,45.58606667,-95.44451209,27121.0,551.1601031202773,0.0,62,61,0,0,61,60,11097,1,0,0,1,1
2020-08-28,US,Minnesota,Ramsey,8951,298,0,45.01625271,-93.09872295,27123.0,1626.5052578404238,3.3292369567646074,8653,8856,296,0,8560,8783,550210,95,2,0,93,73
2020-08-28,US,Minnesota,Red Lake,28,0,0,47.87197525,-96.09561104,27125.0,690.5055487053021,0.0,28,28,0,0,28,28,3999,0,0,0,0,0
2020-08-28,US,Minnesota,Redwood,54,0,0,44.40555844,-95.25207021,27127.0,355.96572181938035,0.0,54,53,0,0,53,47,15249,1,0,0,1,6
2020-08-28,US,Minnesota,Renville,78,6,0,44.72836381,-94.94553734,27129.0,536.1561726697828,7.6923076923076925,72,77,6,0,71,72,14612,1,0,0,1,5
2020-08-28,US,Minnesota,Rice,1163,8,0,44.3543376,-93.29658715,27131.0,1736.5466164964462,0.6878761822871883,1155,1159,8,0,1151,1151,66523,4,0,0,4,8
2020-08-28,US,Minnesota,Rock,101,0,0,43.67482683,-96.25296832,27133.0,1084.2726784755769,0.0,101,101,0,0,101,99,9414,0,0,0,0,2
2020-08-28,US,Minnesota,Roseau,69,0,0,48.77501878,-95.81079919,27135.0,454.99505440158265,0.0,69,63,0,0,63,64,15150,6,0,0,6,-1
2020-08-28,US,Minnesota,Scott,1941,31,0,44.6490231,-93.53340251,27139.0,1302.5709166314348,1.5971148892323546,1910,1916,31,0,1885,1892,147381,25,0,0,25,24
2020-08-28,US,Minnesota,Sherburne,876,12,0,45.44447208,-93.77617511,27141.0,900.8823710894916,1.3698630136986298,864,871,12,0,859,849,96036,5,0,0,5,22
2020-08-28,US,Minnesota,Sibley,128,2,0,44.5796592,-94.23164924,27143.0,861.0830810628993,1.5625,126,125,2,0,123,123,15028,3,0,0,3,2
2020-08-28,US,Minnesota,St. Louis,832,23,0,47.604840700000004,-92.46879855,27137.0,417.94343698196616,2.7644230769230766,809,808,23,0,785,790,199754,24,0,0,24,18
2020-08-28,US,Minnesota,Stearns,3212,22,0,45.55192576,-94.61078221,27145.0,1994.1021263386624,0.6849315068493149,3190,3192,21,0,3171,3145,159256,20,1,0,19,47
2020-08-28,US,Minnesota,Steele,418,2,0,44.02240351,-93.22627088,27147.0,1140.549537504434,0.4784688995215311,416,407,2,0,405,401,36803,11,0,0,11,6
2020-08-28,US,Minnesota,Stevens,33,0,0,45.58613007,-96.00163705,27149.0,336.562978072412,0.0,33,31,0,0,31,27,9753,2,0,0,2,4
2020-08-28,US,Minnesota,Swift,60,1,0,45.2829032,-95.68264092,27151.0,647.5285991797971,1.6666666666666667,59,60,1,0,59,60,9345,0,0,0,0,0
2020-08-28,US,Minnesota,Todd,446,2,0,46.06996226,-94.89785296,27153.0,1808.3036003892312,0.4484304932735426,444,445,2,0,443,444,24582,1,0,0,1,1
2020-08-28,US,Minnesota,Traverse,21,0,0,45.77298854,-96.47062949,27155.0,644.3694384780607,0.0,21,21,0,0,21,21,3308,0,0,0,0,0
2020-08-28,US,Minnesota,Unassigned,147,49,0,0.0,0.0,90027.0,0.0,33.333333333333336,98,141,49,0,92,127,,6,0,0,6,14
2020-08-28,US,Minnesota,Wabasha,117,0,0,44.28424356,-92.23121312,27157.0,540.9904286308781,0.0,117,115,0,0,115,113,21645,2,0,0,2,2
2020-08-28,US,Minnesota,Wadena,45,0,0,46.58589171,-94.96968506,27159.0,328.8992837304488,0.0,45,45,0,0,45,44,13773,0,0,0,0,1
2020-08-28,US,Minnesota,Waseca,248,2,0,44.02211116,-93.58720034,27161.0,1332.4736728992048,0.8064516129032258,246,240,2,0,238,226,18691,8,0,0,8,14
2020-08-28,US,Minnesota,Washington,2861,54,0,45.03864533,-92.88429635,27163.0,1090.1539399481787,1.8874519398811604,2807,2808,54,0,2754,2715,259201,53,0,0,53,93
2020-08-28,US,Minnesota,Watonwan,422,4,0,43.97823903,-94.61413846,27165.0,3872.6254932550237,0.9478672985781992,418,418,4,0,414,413,10980,4,0,0,4,5
2020-08-28,US,Minnesota,Wilkin,49,3,0,46.35721532,-96.4684375,27167.0,789.4312872563237,6.1224489795918355,46,48,3,0,45,45,6254,1,0,0,1,3
2020-08-28,US,Minnesota,Winona,365,17,0,43.98772283,-91.78081305,27169.0,723.0013469614136,4.6575342465753415,348,353,17,0,336,315,50825,12,0,0,12,38
2020-08-28,US,Minnesota,Wright,1168,6,0,45.17297924,-93.96234781,27171.0,844.0709077375575,0.5136986301369864,1162,1137,6,0,1131,1124,136349,31,0,0,31,13
2020-08-28,US,Minnesota,Yellow Medicine,78,1,0,44.71710183,-95.86842453,27173.0,803.3783087856627,1.2820512820512822,77,72,1,0,71,68,9795,6,0,0,6,4
2020-08-28,US,Mississippi,Adams,773,31,0,31.47669768,-91.35326037,28001.0,2518.489557879647,4.010349288486417,742,759,31,0,728,751,31192,14,0,0,14,8
2020-08-28,US,Mississippi,Alcorn,610,6,0,34.88084463,-88.57996173,28003.0,1650.7455416339676,0.9836065573770492,604,593,6,0,587,580,36925,17,0,0,17,13
2020-08-28,US,Mississippi,Amite,271,7,0,31.17467303,-90.80501621,28005.0,2203.789542164756,2.5830258302583027,264,270,7,0,263,265,12326,1,0,0,1,5
2020-08-28,US,Mississippi,Attala,578,25,0,33.08658803,-89.57838564,28007.0,3180.3675580499616,4.3252595155709335,553,577,25,0,552,576,18365,1,0,0,1,1
2020-08-28,US,Mississippi,Benton,193,1,0,34.81681228,-89.18945516,28009.0,2336.844654316503,0.5181347150259067,192,194,1,0,193,191,8271,-1,0,0,-1,3
2020-08-28,US,Mississippi,Bolivar,1436,48,0,33.79696941,-90.87372121,28011.0,4688.520308214705,3.3426183844011144,1388,1428,46,0,1382,1420,31333,8,2,0,6,8
2020-08-28,US,Mississippi,Calhoun,466,10,0,33.93683395,-89.33686647,28013.0,3244.8993802659984,2.145922746781116,456,461,10,0,451,460,14436,5,0,0,5,1
2020-08-28,US,Mississippi,Carroll,289,11,0,33.44834567,-89.91994479,28015.0,2905.3986126470286,3.8062283737024223,278,290,11,0,279,287,9911,-1,0,0,-1,3
2020-08-28,US,Mississippi,Chickasaw,578,20,0,33.91983202,-88.9481545,28017.0,3379.5240601064147,3.460207612456748,558,576,20,0,556,564,17171,2,0,0,2,12
2020-08-28,US,Mississippi,Choctaw,154,4,0,33.34598242,-89.24809382,28019.0,1875.7612667478686,2.5974025974025974,150,157,4,0,153,153,8278,-3,0,0,-3,4
2020-08-28,US,Mississippi,Claiborne,432,16,0,31.97061673,-90.90702196,28021.0,4806.408544726301,3.703703703703704,416,432,16,0,416,430,9002,0,0,0,0,2
2020-08-28,US,Mississippi,Clarke,431,28,0,32.04158545,-88.68896219999998,28023.0,2773.309310855157,6.4965197215777275,403,431,28,0,403,421,15604,0,0,0,0,10
2020-08-28,US,Mississippi,Clay,467,14,0,33.65358105,-88.77784255,28025.0,2417.684820873887,2.9978586723768736,453,465,14,0,451,464,19386,2,0,0,2,1
2020-08-28,US,Mississippi,Coahoma,959,17,0,34.22772299,-90.60415045,28027.0,4334.659193635871,1.772679874869656,942,946,17,0,929,926,22628,13,0,0,13,20
2020-08-28,US,Mississippi,Copiah,1051,31,0,31.86977774,-90.44565118,28029.0,3744.877961874221,2.9495718363463372,1020,1048,31,0,1017,1048,28543,3,0,0,3,0
2020-08-28,US,Mississippi,Covington,710,17,0,31.63225413,-89.55389939,28031.0,3809.830435715819,2.3943661971830985,693,709,17,0,692,708,18853,1,0,0,1,1
2020-08-28,US,Mississippi,DeSoto,4509,43,0,34.87625235,-89.99091418,28033.0,2438.0221146827434,0.9536482590374806,4466,4456,43,0,4413,4421,182001,53,0,0,53,35
2020-08-28,US,Mississippi,Forrest,2104,61,0,31.18961454,-89.25832496,28035.0,2809.1912893707367,2.899239543726236,2043,2098,61,0,2037,2063,75036,6,0,0,6,35
2020-08-28,US,Mississippi,Franklin,174,3,0,31.47786634,-90.89672989,28037.0,2255.931544146247,1.7241379310344829,171,170,3,0,167,171,7788,4,0,0,4,-1
2020-08-28,US,Mississippi,George,674,12,0,30.86259065,-88.64436789,28039.0,2751.0204081632646,1.7804154302670625,662,674,12,0,662,673,24250,0,0,0,0,1
2020-08-28,US,Mississippi,Greene,287,14,0,31.21444233,-88.63922281,28041.0,2112.468717797733,4.878048780487805,273,285,14,0,271,285,13586,2,0,0,2,0
2020-08-28,US,Mississippi,Grenada,928,31,0,33.77036166,-89.80245083,28043.0,4470.565565083341,3.3405172413793105,897,917,31,0,886,908,21055,11,0,0,11,9
2020-08-28,US,Mississippi,Hancock,480,18,0,30.41830223,-89.48851033,28045.0,1007.7258985555928,3.75,462,472,18,0,454,466,47334,8,0,0,8,6
2020-08-28,US,Mississippi,Harrison,3200,53,0,30.51359752,-89.12467576,28047.0,1537.8700499807767,1.65625,3147,3174,53,0,3121,3158,206650,26,0,0,26,16
2020-08-28,US,Mississippi,Hinds,6425,138,0,32.2656285,-90.44435448,28049.0,2771.3077984817114,2.147859922178988,6287,6396,137,0,6259,6357,237085,29,1,0,28,39
2020-08-28,US,Mississippi,Holmes,1032,54,0,33.12345854,-90.08923538,28051.0,6067.019400352734,5.232558139534883,978,1027,54,0,973,1038,17622,5,0,0,5,-11
2020-08-28,US,Mississippi,Humphreys,334,14,0,33.12825718,-90.52252707,28053.0,4141.8650793650795,4.1916167664670665,320,334,14,0,320,334,8257,0,0,0,0,0
2020-08-28,US,Mississippi,Issaquena,97,3,0,32.72531359,-90.97392828,28055.0,7309.721175584023,3.0927835051546397,94,96,3,0,93,95,1308,1,0,0,1,1
2020-08-28,US,Mississippi,Itawamba,538,14,0,34.27993475,-88.3606733,28057.0,2300.1282599401447,2.6022304832713754,524,531,14,0,517,514,23517,7,0,0,7,17
2020-08-28,US,Mississippi,Jackson,2932,59,0,30.54020656,-88.64184064,28059.0,2041.5410431912653,2.0122783083219646,2873,2897,59,0,2838,2879,143277,35,0,0,35,18
2020-08-28,US,Mississippi,Jasper,474,13,0,32.01922104,-89.11786866,28061.0,2893.2429957883173,2.7426160337552736,461,475,13,0,462,470,16428,-1,0,0,-1,5
2020-08-28,US,Mississippi,Jefferson,217,8,0,31.73397872,-91.03764977,28063.0,3104.434907010015,3.6866359447004617,209,217,8,0,209,213,7106,0,0,0,0,4
2020-08-28,US,Mississippi,Jefferson Davis,302,8,0,31.56884708,-89.82670990000004,28065.0,2713.8749101365925,2.6490066225165565,294,296,8,0,288,291,11234,6,0,0,6,5
2020-08-28,US,Mississippi,Jones,2127,72,0,31.62257767,-89.16896899999998,28067.0,3123.439748597609,3.385049365303243,2055,2111,71,0,2040,2114,68461,16,1,0,15,-3
2020-08-28,US,Mississippi,Kemper,266,15,0,32.75462946,-88.64105766,28069.0,2730.445493738452,5.639097744360902,251,266,15,0,251,264,10027,0,0,0,0,2
2020-08-28,US,Mississippi,Lafayette,1335,34,0,34.35687874,-89.48490961,28071.0,2471.352672207927,2.546816479400749,1301,1288,34,0,1254,1244,54793,47,0,0,47,44
2020-08-28,US,Mississippi,Lamar,1426,26,0,31.20572971,-89.5077704,28073.0,2251.235337764236,1.82328190743338,1400,1399,26,0,1373,1400,62447,27,0,0,27,-1
2020-08-28,US,Mississippi,Lauderdale,1732,106,0,32.40419769,-88.66229662,28075.0,2336.593591905565,6.120092378752887,1626,1709,106,0,1603,1688,75317,23,0,0,23,21
2020-08-28,US,Mississippi,Lawrence,400,10,0,31.55147224,-90.10841127,28077.0,3178.134435086605,2.5,390,401,10,0,391,397,12455,-1,0,0,-1,4
2020-08-28,US,Mississippi,Leake,875,31,0,32.7536828,-89.52402044,28079.0,3840.0772404107774,3.5428571428571427,844,875,31,0,844,875,22763,0,0,0,0,0
2020-08-28,US,Mississippi,Lee,2111,54,0,34.291877500000005,-88.68149954,28081.0,2470.855377124397,2.5580293699668397,2057,2086,51,0,2035,2066,85202,25,3,0,22,20
2020-08-28,US,Mississippi,Leflore,1229,75,0,33.55545125,-90.29900733,28083.0,4360.78487031189,6.102522375915378,1154,1222,74,0,1148,1215,28919,7,1,0,6,7
2020-08-28,US,Mississippi,Lincoln,954,50,0,31.53288662,-90.45391915,28085.0,2793.3124469299914,5.2410901467505235,904,944,50,0,894,941,34205,10,0,0,10,3
2020-08-28,US,Mississippi,Lowndes,1262,53,0,33.47386518,-88.44191529999998,28087.0,2153.767386295759,4.199683042789223,1209,1252,53,0,1199,1245,58930,10,0,0,10,7
2020-08-28,US,Mississippi,Madison,2865,82,0,32.63389156,-90.03513564,28089.0,2695.9123757904244,2.862129144851658,2783,2845,82,0,2763,2821,105630,20,0,0,20,24
2020-08-28,US,Mississippi,Marion,775,25,0,31.23132643,-89.8209217,28091.0,3153.8680665771376,3.2258064516129035,750,776,25,0,751,766,24715,-1,0,0,-1,10
2020-08-28,US,Mississippi,Marshall,919,12,0,34.76216286,-89.50299462,28093.0,2603.842012806709,1.3057671381936888,907,912,11,0,901,907,35451,7,1,0,6,5
2020-08-28,US,Mississippi,Monroe,1012,56,0,33.89236763,-88.4808438,28095.0,2870.7591058663343,5.533596837944664,956,1009,56,0,953,996,35564,3,0,0,3,13
2020-08-28,US,Mississippi,Montgomery,405,16,0,33.49419589,-89.61729103,28097.0,4143.222506393862,3.9506172839506166,389,407,15,0,392,402,10023,-2,1,0,-3,5
2020-08-28,US,Mississippi,Neshoba,1416,99,0,32.75339664,-89.11726492,28099.0,4862.971357922936,6.991525423728813,1317,1411,99,0,1312,1410,29125,5,0,0,5,1
2020-08-28,US,Mississippi,Newton,653,14,0,32.40021118,-89.11843336,28101.0,3106.8607859929584,2.14395099540582,639,642,14,0,628,641,21443,11,0,0,11,1
2020-08-28,US,Mississippi,Noxubee,517,14,0,33.11009499,-88.56949061,28103.0,4963.0411826821555,2.707930367504836,503,516,14,0,502,514,10535,1,0,0,1,2
2020-08-28,US,Mississippi,Oktibbeha,1381,46,0,33.42491685,-88.87905132,28105.0,2785.004134148063,3.3309196234612597,1335,1360,46,0,1314,1346,49599,21,0,0,21,14
2020-08-28,US,Mississippi,Panola,1273,23,0,34.36398677,-89.95064249,28107.0,3723.0931211979414,1.8067556952081696,1250,1269,23,0,1246,1263,34178,4,0,0,4,6
2020-08-28,US,Mississippi,Pearl River,733,48,0,30.77090935,-89.58677275,28109.0,1319.8883586927166,6.548431105047749,685,726,48,0,678,718,55387,7,0,0,7,8
2020-08-28,US,Mississippi,Perry,289,9,0,31.17161885,-88.99281835,28111.0,2413.764303015117,3.1141868512110733,280,287,9,0,278,289,11931,2,0,0,2,-2
2020-08-28,US,Mississippi,Pike,1118,44,0,31.17507789,-90.40392572,28113.0,2845.652616575036,3.9355992844364938,1074,1109,44,0,1065,1101,39563,9,0,0,9,8
2020-08-28,US,Mississippi,Pontotoc,1041,11,0,34.226046000000004,-89.03636807,28115.0,3235.531795860011,1.0566762728146013,1030,1025,11,0,1014,1014,31833,16,0,0,16,11
2020-08-28,US,Mississippi,Prentiss,608,12,0,34.61810501,-88.51986294,28117.0,2419.804186898034,1.973684210526316,596,605,12,0,593,593,25315,3,0,0,3,12
2020-08-28,US,Mississippi,Quitman,313,3,0,34.25157572,-90.28908,28119.0,4608.362779740873,0.9584664536741214,310,313,3,0,310,306,7051,0,0,0,0,7
2020-08-28,US,Mississippi,Rankin,2797,61,0,32.26469147,-89.94537876,28121.0,1801.3666428373615,2.1809081158383985,2736,2785,60,0,2725,2756,153902,12,1,0,11,29
2020-08-28,US,Mississippi,Scott,1088,22,0,32.406704100000006,-89.53789439,28123.0,3868.5819940264532,2.022058823529412,1066,1087,22,0,1065,1079,28287,1,0,0,1,8
2020-08-28,US,Mississippi,Sharkey,249,8,0,32.88149103,-90.81595379999999,28125.0,5762.554964128674,3.21285140562249,241,247,8,0,239,247,4377,2,0,0,2,0
2020-08-28,US,Mississippi,Simpson,927,39,0,31.91282117,-89.91716179,28127.0,3477.380148548278,4.207119741100324,888,923,39,0,884,918,26758,4,0,0,4,5
2020-08-28,US,Mississippi,Smith,462,13,0,32.01744532,-89.50644846,28129.0,2902.7393817542097,2.813852813852814,449,463,13,0,450,456,16002,-1,0,0,-1,7
2020-08-28,US,Mississippi,Stone,306,9,0,30.79187949,-89.11547539,28131.0,1668.848167539267,2.9411764705882355,297,299,9,0,290,302,18717,7,0,0,7,-3
2020-08-28,US,Mississippi,Sunflower,1244,36,0,33.60192578,-90.58882684,28133.0,4954.201513341298,2.893890675241157,1208,1241,36,0,1205,1229,25735,3,0,0,3,12
2020-08-28,US,Mississippi,Tallahatchie,618,13,0,33.95339918,-90.1729398,28135.0,4475.3421681512045,2.103559870550162,605,615,13,0,602,611,13987,3,0,0,3,4
2020-08-28,US,Mississippi,Tate,851,32,0,34.65133709,-89.94485778,28137.0,3004.8373998093293,3.7602820211515855,819,851,32,0,819,849,28759,0,0,0,0,2
2020-08-28,US,Mississippi,Tippah,531,15,0,34.76872156,-88.90988194,28139.0,2411.9918237565303,2.824858757062147,516,528,15,0,513,524,21995,3,0,0,3,4
2020-08-28,US,Mississippi,Tishomingo,541,28,0,34.74023475,-88.23917219,28141.0,2791.105608007017,5.175600739371534,513,537,28,0,509,539,19454,4,0,0,4,-2
2020-08-28,US,Mississippi,Tunica,444,11,0,34.64967704,-90.37481167,28143.0,4609.634551495016,2.477477477477477,433,441,11,0,430,438,9944,3,0,0,3,3
2020-08-28,US,Mississippi,Union,867,21,0,34.49162015,-89.00776006,28145.0,3008.849557522124,2.4221453287197234,846,857,21,0,836,849,28606,10,0,0,10,8
2020-08-28,US,Mississippi,Walthall,559,24,0,31.14971548,-90.10446654,28147.0,3912.921741565169,4.293381037567084,535,557,24,0,533,553,14465,2,0,0,2,4
2020-08-28,US,Mississippi,Warren,1293,46,0,32.35810271,-90.83352619,28149.0,2849.2100218152973,3.557617942768754,1247,1281,46,0,1235,1274,46176,12,0,0,12,7
2020-08-28,US,Mississippi,Washington,1974,60,0,33.28392041,-90.94196237,28151.0,4495.661481700789,3.0395136778115504,1914,1964,59,0,1905,1964,45063,10,1,0,9,0
2020-08-28,US,Mississippi,Wayne,843,22,0,31.64135687,-88.69573913,28153.0,4176.782440667889,2.6097271648873077,821,842,21,0,821,842,20298,1,1,0,0,0
2020-08-28,US,Mississippi,Webster,298,13,0,33.61300486,-89.28392912,28155.0,3075.6528021467643,4.362416107382551,285,292,13,0,279,295,9788,6,0,0,6,-3
2020-08-28,US,Mississippi,Wilkinson,275,17,0,31.16078225,-91.31018819,28157.0,3186.5585168018542,6.1818181818181825,258,274,17,0,257,277,8792,1,0,0,1,-3
2020-08-28,US,Mississippi,Winston,690,19,0,33.08747908,-89.03391385,28159.0,3842.9406850459477,2.753623188405797,671,688,19,0,669,691,18165,2,0,0,2,-3
2020-08-28,US,Mississippi,Yalobusha,353,12,0,34.02824175,-89.70762049999998,28161.0,2915.4278163197887,3.39943342776204,341,364,12,0,352,362,12392,-11,0,0,-11,2
2020-08-28,US,Mississippi,Yazoo,944,20,0,32.77890365,-90.39656148,28163.0,3179.5217244863593,2.1186440677966103,924,943,19,0,924,939,28248,1,1,0,0,4
2020-08-28,US,Missouri,Adair,222,0,0,40.19058551,-92.60078167,29001.0,875.9815333622697,0.0,222,219,0,0,219,212,25339,3,0,0,3,7
2020-08-28,US,Missouri,Andrew,122,1,0,39.98492163,-94.80163024,29003.0,688.7985546522133,0.819672131147541,121,120,1,0,119,114,17607,2,0,0,2,6
2020-08-28,US,Missouri,Atchison,25,0,0,40.43238737,-95.42970639,29005.0,486.0976083997666,0.0,25,23,0,0,23,22,5171,2,0,0,2,1
2020-08-28,US,Missouri,Audrain,255,1,0,39.215877,-91.84242683,29007.0,1004.4115330077202,0.392156862745098,254,249,1,0,248,245,25473,6,0,0,6,4
2020-08-28,US,Missouri,Barry,349,4,0,36.70978521,-93.82919888,29009.0,975.1599653524826,1.146131805157593,345,340,4,0,336,335,35886,9,0,0,9,5
2020-08-28,US,Missouri,Barton,94,0,0,37.50207671,-94.34757022,29011.0,799.7277522545517,0.0,94,92,0,0,92,88,11798,2,0,0,2,4
2020-08-28,US,Missouri,Bates,66,1,0,38.25271289,-94.34113157,29013.0,408.1127875340094,1.5151515151515151,65,65,1,0,64,62,16320,1,0,0,1,3
2020-08-28,US,Missouri,Benton,154,1,0,38.29503305,-93.28756116,29015.0,792.0588386565859,0.6493506493506493,153,154,1,0,153,152,19278,0,0,0,0,2
2020-08-28,US,Missouri,Bollinger,115,1,0,37.32449052,-90.02725304,29017.0,947.8282370394792,0.8695652173913043,114,109,1,0,108,105,12169,6,0,0,6,4
2020-08-28,US,Missouri,Boone,2283,6,0,38.99186229,-92.30723575,29019.0,1265.0792683264713,0.2628120893561104,2277,2209,6,0,2203,2097,180005,74,0,0,74,112
2020-08-28,US,Missouri,Buchanan,1247,10,0,39.65816401,-94.80138942,29021.0,1427.3613845519894,0.8019246190858059,1237,1234,10,0,1224,1215,88571,13,0,0,13,19
2020-08-28,US,Missouri,Butler,366,2,0,36.71462476,-90.40421163,29023.0,861.6224869344131,0.5464480874316939,364,363,2,0,361,358,42639,3,0,0,3,5
2020-08-28,US,Missouri,Caldwell,41,1,0,39.65620858,-93.98308093,29025.0,454.54545454545456,2.4390243902439024,40,41,1,0,40,40,9108,0,0,0,0,1
2020-08-28,US,Missouri,Callaway,306,2,0,38.83674754,-91.92186505,29027.0,683.9058623695328,0.6535947712418301,304,299,2,0,297,276,44889,7,0,0,7,23
2020-08-28,US,Missouri,Camden,500,8,0,38.02199522,-92.76083747,29029.0,1079.796998164345,1.6,492,488,8,0,480,481,45815,12,0,0,12,7
2020-08-28,US,Missouri,Cape Girardeau,930,7,0,37.38489388,-89.6843587,29031.0,1179.1406220283754,0.7526881720430108,923,914,7,0,907,893,78753,16,0,0,16,21
2020-08-28,US,Missouri,Carroll,108,0,0,39.42762566,-93.50626255,29033.0,1244.3829934324228,0.0,108,107,0,0,107,107,8743,1,0,0,1,0
2020-08-28,US,Missouri,Carter,33,1,0,36.94160441,-90.96051322,29035.0,551.6549648946841,3.0303030303030303,32,32,1,0,31,27,6054,1,0,0,1,5
2020-08-28,US,Missouri,Cass,1027,9,0,38.64789422,-94.353399,29037.0,970.8829646436,0.8763388510223953,1018,1009,9,0,1000,998,104954,18,0,0,18,11
2020-08-28,US,Missouri,Cedar,48,0,0,37.72391475,-93.85445441,29039.0,334.5180848839641,0.0,48,47,0,0,47,46,14165,1,0,0,1,1
2020-08-28,US,Missouri,Chariton,23,0,0,39.51499357,-92.9629191,29041.0,309.72259628332887,0.0,23,23,0,0,23,24,7451,0,0,0,0,-1
2020-08-28,US,Missouri,Christian,606,1,0,36.9711783,-93.18537118,29043.0,684.0115130650714,0.16501650165016502,605,589,1,0,588,576,86983,17,0,0,17,13
2020-08-28,US,Missouri,Clark,40,0,0,40.41040752,-91.73661677,29045.0,588.4949242312786,0.0,40,38,0,0,38,34,6842,2,0,0,2,4
2020-08-28,US,Missouri,Clay,1346,30,0,39.31132056,-94.41850862,29047.0,538.5120104981836,2.2288261515601784,1316,1323,30,0,1293,1309,246365,23,0,0,23,14
2020-08-28,US,Missouri,Clinton,127,0,0,39.6013098,-94.40465394,29049.0,622.9459949968118,0.0,127,123,0,0,123,121,20470,4,0,0,4,2
2020-08-28,US,Missouri,Cole,788,4,0,38.50455671,-92.27860244,29051.0,1026.7769887289073,0.5076142131979695,784,775,4,0,771,758,76796,13,0,0,13,17
2020-08-28,US,Missouri,Cooper,216,0,0,38.844478,-92.80896081,29053.0,1219.7187870574285,0.0,216,215,0,0,215,193,17603,1,0,0,1,22
2020-08-28,US,Missouri,Crawford,175,1,0,37.97663738,-91.30528104,29055.0,731.6053511705687,0.5714285714285714,174,164,1,0,163,159,23957,11,0,0,11,5
2020-08-28,US,Missouri,Dade,24,0,0,37.431814,-93.8503345,29057.0,317.41833090861,0.0,24,22,0,0,22,22,7569,2,0,0,2,0
2020-08-28,US,Missouri,Dallas,105,1,0,37.681135499999996,-93.02127031,29059.0,622.1116246000711,0.9523809523809524,104,104,1,0,103,99,16762,1,0,0,1,5
2020-08-28,US,Missouri,Daviess,22,0,0,39.96145298,-93.98519678,29061.0,265.76467745832326,0.0,22,20,0,0,20,20,8313,2,0,0,2,0
2020-08-28,US,Missouri,DeKalb,61,1,0,39.89201062,-94.40476508,29063.0,486.17199330517263,1.639344262295082,60,59,1,0,58,54,12630,2,0,0,2,5
2020-08-28,US,Missouri,Dent,33,0,0,37.60663134,-91.50790473,29065.0,211.9052205740705,0.0,33,33,0,0,33,33,15441,0,0,0,0,0
2020-08-28,US,Missouri,Douglas,106,2,0,36.9325593,-92.49905109,29067.0,803.9438756162306,1.8867924528301887,104,102,2,0,100,101,13373,4,0,0,4,1
2020-08-28,US,Missouri,Dunklin,473,4,0,36.27167174,-90.09122243,29069.0,1623.6998386598468,0.8456659619450317,469,471,4,0,467,464,29423,2,0,0,2,7
2020-08-28,US,Missouri,Franklin,981,19,0,38.41127108,-91.07522826,29071.0,943.5686323544973,1.9367991845056065,962,943,19,0,924,922,103670,38,0,0,38,21
2020-08-28,US,Missouri,Gasconade,81,1,0,38.43947277,-91.50847147,29073.0,550.795593635251,1.2345679012345678,80,63,0,0,63,52,14705,18,1,0,17,11
2020-08-28,US,Missouri,Gentry,92,9,0,40.21097916,-94.40944419,29075.0,1400.0913103028458,9.782608695652174,83,90,9,0,81,89,6628,2,0,0,2,1
2020-08-28,US,Missouri,Greene,2805,10,0,37.2575872,-93.34230916,29077.0,957.0569730386304,0.35650623885918004,2795,2718,10,0,2708,2585,291923,87,0,0,87,133
2020-08-28,US,Missouri,Grundy,38,1,0,40.11406587,-93.56509276,29079.0,385.78680203045684,2.631578947368421,37,34,1,0,33,34,9914,4,0,0,4,0
2020-08-28,US,Missouri,Harrison,68,1,0,40.35570088,-93.99222144,29081.0,814.176245210728,1.4705882352941178,67,65,1,0,64,62,8414,3,0,0,3,3
2020-08-28,US,Missouri,Henry,112,3,0,38.38482826,-93.79293734,29083.0,513.1964809384165,2.6785714285714284,109,112,3,0,109,110,21792,0,0,0,0,2
2020-08-28,US,Missouri,Hickory,62,0,0,37.94163617,-93.3203037,29085.0,649.6227996647108,0.0,62,59,0,0,59,53,9509,3,0,0,3,6
2020-08-28,US,Missouri,Holt,58,0,0,40.09799248,-95.21638879999999,29087.0,1317.283670224847,0.0,58,58,0,0,58,55,4404,0,0,0,0,3
2020-08-28,US,Missouri,Howard,110,0,0,39.1435761,-92.69756691,29089.0,1099.8900109989004,0.0,110,106,0,0,106,96,10137,4,0,0,4,10
2020-08-28,US,Missouri,Howell,235,3,0,36.77383887,-91.88683935,29091.0,585.7865742702595,1.2765957446808511,232,218,3,0,215,214,40076,17,0,0,17,4
2020-08-28,US,Missouri,Iron,47,0,0,37.55487945,-90.7735296,29093.0,464.19753086419746,0.0,47,44,0,0,44,43,10177,3,0,0,3,1
2020-08-28,US,Missouri,Jackson,5324,77,0,39.01002188,-94.34724536,29095.0,757.3138969376013,1.4462809917355373,5247,5254,77,0,5177,5184,700307,70,0,0,70,70
2020-08-28,US,Missouri,Jasper,2251,34,0,37.20351921,-94.34050458,29097.0,1855.301331926678,1.5104398045313194,2217,2207,34,0,2173,2162,120636,44,0,0,44,45
2020-08-28,US,Missouri,Jefferson,2536,31,0,38.25926778,-90.53870896,29099.0,1126.7054971321436,1.2223974763406942,2505,2486,31,0,2455,2417,224347,50,0,0,50,69
2020-08-28,US,Missouri,Johnson,582,3,0,38.74719601,-93.80691168,29101.0,1076.5417483629906,0.5154639175257731,579,568,3,0,565,560,53652,14,0,0,14,8
2020-08-28,US,Missouri,Kansas City,8995,66,0,39.0997,-94.5786,0.0,1839.6827442053573,0.7337409672040022,8929,8837,66,0,8771,8686,491918,158,0,0,158,151
2020-08-28,US,Missouri,Knox,38,0,0,40.12699751,-92.14780832,29103.0,959.8383430159132,0.0,38,38,0,0,38,38,3947,0,0,0,0,0
2020-08-28,US,Missouri,Laclede,280,1,0,37.65896829,-92.5888493,29105.0,783.8087506648378,0.35714285714285715,279,275,1,0,274,271,35713,5,0,0,5,4
2020-08-28,US,Missouri,Lafayette,226,2,0,39.06986886,-93.78076396,29107.0,690.9624556683383,0.8849557522123894,224,223,2,0,221,220,32598,3,0,0,3,3
2020-08-28,US,Missouri,Lawrence,342,2,0,37.10626634,-93.83293097,29109.0,891.6699256941728,0.5847953216374269,340,335,2,0,333,323,38359,7,0,0,7,12
2020-08-28,US,Missouri,Lewis,56,2,0,40.09673161,-91.72070156,29111.0,572.8314238952538,3.571428571428572,54,55,2,0,53,54,9855,1,0,0,1,1
2020-08-28,US,Missouri,Lincoln,537,1,0,39.05345619,-90.95588181,29113.0,909.9689898835852,0.186219739292365,536,525,1,0,524,514,57686,12,0,0,12,11
2020-08-28,US,Missouri,Linn,46,1,0,39.87001769,-93.10704106,29115.0,385.90604026845637,2.1739130434782608,45,46,1,0,45,46,12037,0,0,0,0,0
2020-08-28,US,Missouri,Livingston,71,1,0,39.78110272,-93.54645978,29117.0,466.277007946411,1.4084507042253518,70,71,1,0,70,71,15146,0,0,0,0,0
2020-08-28,US,Missouri,Macon,75,0,0,39.83049768,-92.56453089,29121.0,496.13018456042863,0.0,75,73,0,0,73,72,15153,2,0,0,2,1
2020-08-28,US,Missouri,Madison,111,0,0,37.47865134,-90.34671429999999,29123.0,918.2660489741893,0.0,111,98,0,0,98,84,12188,13,0,0,13,14
2020-08-28,US,Missouri,Maries,41,0,0,38.16193985,-91.92249662,29125.0,471.42692882603205,0.0,41,39,0,0,39,37,8769,2,0,0,2,2
2020-08-28,US,Missouri,Marion,425,1,0,39.80601912,-91.62203062,29127.0,1489.6600070101647,0.2352941176470588,424,378,1,0,377,365,28592,47,0,0,47,13
2020-08-28,US,Missouri,McDonald,986,9,0,36.62869595,-94.34867205,29119.0,4317.554845207339,0.9127789046653144,977,985,9,0,976,981,23078,1,0,0,1,4
2020-08-28,US,Missouri,Mercer,16,0,0,40.42212303,-93.56829590000001,29129.0,442.3555432679016,0.0,16,16,0,0,16,15,3641,0,0,0,0,1
2020-08-28,US,Missouri,Miller,229,1,0,38.21450288,-92.42610898,29131.0,893.8678324680901,0.4366812227074236,228,222,1,0,221,218,25336,7,0,0,7,4
2020-08-28,US,Missouri,Mississippi,222,0,0,36.82516239,-89.29505753,29133.0,1684.370257966616,0.0,222,221,0,0,221,216,13336,1,0,0,1,5
2020-08-28,US,Missouri,Moniteau,181,2,0,38.63571781,-92.57976951,29135.0,1121.9935531862136,1.1049723756906078,179,181,2,0,179,179,16121,0,0,0,0,2
2020-08-28,US,Missouri,Monroe,66,0,0,39.49593978,-92.00043978,29137.0,763.5354002776493,0.0,66,65,0,0,65,62,8664,1,0,0,1,3
2020-08-28,US,Missouri,Montgomery,55,1,0,38.94022054,-91.47000721,29139.0,476.1492511470868,1.818181818181818,54,53,1,0,52,51,11534,2,0,0,2,2
2020-08-28,US,Missouri,Morgan,117,0,0,38.4181765,-92.88791859,29141.0,567.217724341882,0.0,117,114,0,0,114,113,20358,3,0,0,3,1
2020-08-28,US,Missouri,New Madrid,365,4,0,36.59666326,-89.66070007,29143.0,2137.5029280862027,1.095890410958904,361,362,4,0,358,358,17296,3,0,0,3,4
2020-08-28,US,Missouri,Newton,1063,13,0,36.90519407,-94.3394104,29145.0,1825.3314101243216,1.2229539040451551,1050,1056,13,0,1043,1040,58266,7,0,0,7,16
2020-08-28,US,Missouri,Nodaway,379,1,0,40.36079813,-94.88133008,29147.0,1715.5531414086547,0.2638522427440633,378,341,1,0,340,319,22304,38,0,0,38,22
2020-08-28,US,Missouri,Oregon,47,0,0,36.68710164,-91.4033755,29149.0,446.3861715262609,0.0,47,42,0,0,42,34,10541,5,0,0,5,8
2020-08-28,US,Missouri,Osage,75,1,0,38.46036182,-91.8613635,29151.0,550.8630187293427,1.3333333333333333,74,75,1,0,74,73,13714,0,0,0,0,2
2020-08-28,US,Missouri,Ozark,21,0,0,36.64916339,-92.44459066,29153.0,228.90778286461742,0.0,21,18,0,0,18,18,9017,3,0,0,3,0
2020-08-28,US,Missouri,Pemiscot,319,9,0,36.2130572,-89.78742322,29155.0,2018.3486238532114,2.8213166144200628,310,314,9,0,305,311,16272,5,0,0,5,3
2020-08-28,US,Missouri,Perry,360,4,0,37.70660776,-89.82741088,29157.0,1881.2709030100327,1.1111111111111112,356,347,4,0,343,324,19150,13,0,0,13,23
2020-08-28,US,Missouri,Pettis,774,8,0,38.72798918,-93.28471706,29159.0,1828.1017501594274,1.0335917312661498,766,758,8,0,750,754,42542,16,0,0,16,4
2020-08-28,US,Missouri,Phelps,190,0,0,37.87736118,-91.79351727,29161.0,426.2670226370224,0.0,190,180,0,0,180,175,44732,10,0,0,10,5
2020-08-28,US,Missouri,Pike,138,1,0,39.34310674,-91.16980779,29163.0,754.0159545404872,0.7246376811594203,137,135,1,0,134,133,18504,3,0,0,3,2
2020-08-28,US,Missouri,Platte,465,10,0,39.38154439,-94.77068479,29165.0,445.32551858874916,2.150537634408602,455,460,10,0,450,454,102985,5,0,0,5,6
2020-08-28,US,Missouri,Polk,276,0,0,37.616229600000004,-93.39828174,29167.0,858.5025972814085,0.0,276,275,0,0,275,267,32201,1,0,0,1,8
2020-08-28,US,Missouri,Pulaski,374,1,0,37.82462075,-92.20783203,29169.0,710.9320052464502,0.26737967914438504,373,366,1,0,365,360,52014,8,0,0,8,6
2020-08-28,US,Missouri,Putnam,22,1,0,40.47942497,-93.02042674,29171.0,468.4838160136286,4.545454545454546,21,20,1,0,19,20,4757,2,0,0,2,0
2020-08-28,US,Missouri,Ralls,106,0,0,39.52817427,-91.51838643,29173.0,1028.227762149578,0.0,106,96,0,0,96,92,10212,10,0,0,10,4
2020-08-28,US,Missouri,Randolph,107,1,0,39.44007257,-92.49713740000001,29175.0,432.3581703572006,0.9345794392523364,106,105,1,0,104,114,24763,2,0,0,2,-9
2020-08-28,US,Missouri,Ray,124,0,0,39.353746799999996,-93.98905745,29177.0,538.7088365626902,0.0,124,124,0,0,124,122,22883,0,0,0,0,2
2020-08-28,US,Missouri,Reynolds,21,0,0,37.36085952,-90.97009925,29179.0,334.92822966507185,0.0,21,19,0,0,19,19,6254,2,0,0,2,0
2020-08-28,US,Missouri,Ripley,85,0,0,36.65460667,-90.85990261,29181.0,639.6748946417822,0.0,85,85,0,0,85,84,13401,0,0,0,0,1
2020-08-28,US,Missouri,Saline,534,7,0,39.13734288,-93.20259964,29195.0,2346.118360353236,1.310861423220974,527,531,7,0,524,530,22895,3,0,0,3,1
2020-08-28,US,Missouri,Schuyler,16,0,0,40.46921489,-92.52311943,29197.0,343.34763948497846,0.0,16,15,0,0,15,14,4599,1,0,0,1,1
2020-08-28,US,Missouri,Scotland,18,1,0,40.45214695,-92.14709064,29199.0,367.1970624235006,5.5555555555555545,17,18,1,0,17,18,4966,0,0,0,0,0
2020-08-28,US,Missouri,Scott,582,13,0,37.05588075,-89.56474493,29201.0,1520.3761755485891,2.233676975945017,569,581,13,0,568,565,38458,1,0,0,1,16
2020-08-28,US,Missouri,Shannon,50,1,0,37.15772072,-91.40190382,29203.0,612.294881214793,2.0,49,49,1,0,48,47,8189,1,0,0,1,2
2020-08-28,US,Missouri,Shelby,45,0,0,39.79742518,-92.07634971,29205.0,758.8532883642496,0.0,45,45,0,0,45,46,6050,0,0,0,0,-1
2020-08-28,US,Missouri,St. Charles,5558,98,0,38.77875681,-90.66662425,29183.0,1382.5114048484907,1.7632241813602014,5460,5473,96,0,5377,5392,399182,85,2,0,83,81
2020-08-28,US,Missouri,St. Clair,26,0,0,38.03699437,-93.77631447,29185.0,276.68404810045763,0.0,26,26,0,0,26,26,9395,0,0,0,0,0
2020-08-28,US,Missouri,St. Francois,956,4,0,37.81214171,-90.47598685,29187.0,1422.3015695901208,0.41841004184100417,952,932,4,0,928,873,66692,24,0,0,24,59
2020-08-28,US,Missouri,St. Louis,18774,727,0,38.63770039999999,-90.4458375,29189.0,1888.3429473800675,3.8723766911686375,18047,18507,726,0,17781,18334,996945,267,1,0,266,173
2020-08-28,US,Missouri,St. Louis City,6059,188,0,38.63555736,-90.24349225,29510.0,2015.7963376982864,3.102822247895692,5871,6032,188,0,5844,6015,302838,27,0,0,27,17
2020-08-28,US,Missouri,Ste. Genevieve,101,1,0,37.89090059,-90.1949941,29186.0,564.4350061473118,0.99009900990099,100,99,1,0,98,99,17888,2,0,0,2,0
2020-08-28,US,Missouri,Stoddard,286,9,0,36.85571651,-89.9444155,29207.0,985.3574504737295,3.1468531468531467,277,284,9,0,275,277,29206,2,0,0,2,7
2020-08-28,US,Missouri,Stone,262,2,0,36.75000327,-93.45256475,29209.0,819.9799699549324,0.7633587786259542,260,261,2,0,259,252,31749,1,0,0,1,9
2020-08-28,US,Missouri,Sullivan,171,0,0,40.2099105,-93.11150106,29211.0,2808.3429134504845,0.0,171,171,0,0,171,169,6221,0,0,0,0,2
2020-08-28,US,Missouri,Taney,893,11,0,36.65465345,-93.04075153,29213.0,1596.6957516807324,1.2318029115341544,882,886,3,0,883,879,55852,7,8,0,-1,7
2020-08-28,US,Missouri,Texas,91,1,0,37.31728859,-91.96564727,29215.0,358.2959288132924,1.0989010989010992,90,89,1,0,88,85,25571,2,0,0,2,4
2020-08-28,US,Missouri,Vernon,80,0,0,37.8457799,-94.34127305,29217.0,389.0482906190731,0.0,80,80,0,0,80,77,20528,0,0,0,0,3
2020-08-28,US,Missouri,Warren,315,0,0,38.76529479,-91.16124662,29219.0,883.6152486745772,0.0,315,306,0,0,306,303,34711,9,0,0,9,3
2020-08-28,US,Missouri,Washington,227,1,0,37.96130078,-90.87948158,29221.0,917.9134654266072,0.4405286343612335,226,224,1,0,223,212,24943,3,0,0,3,12
2020-08-28,US,Missouri,Wayne,79,0,0,37.11303869,-90.46001416,29223.0,613.6875631166007,0.0,79,78,0,0,78,76,13122,1,0,0,1,2
2020-08-28,US,Missouri,Webster,205,1,0,37.2813734,-92.876329,29225.0,517.781369973732,0.4878048780487805,204,201,1,0,200,194,39109,4,0,0,4,7
2020-08-28,US,Missouri,Worth,11,0,0,40.47945588,-94.42328751,29227.0,546.448087431694,0.0,11,10,0,0,10,10,2040,1,0,0,1,0
2020-08-28,US,Missouri,Wright,89,0,0,37.27029221,-92.46914488,29229.0,486.6313084367652,0.0,89,88,0,0,88,85,18378,1,0,0,1,3
2020-08-28,US,Montana,Beaverhead,70,1,0,45.13434354,-112.89846940000001,30001.0,740.5056595789696,1.4285714285714286,69,70,0,0,70,69,9404,0,1,0,-1,1
2020-08-28,US,Montana,Big Horn,630,15,0,45.42335905,-107.492347,30003.0,4730.084841204294,2.380952380952381,615,623,15,0,608,609,13338,7,0,0,7,14
2020-08-28,US,Montana,Blaine,15,0,0,48.43175214,-108.9582723,30005.0,224.51728783116297,0.0,15,15,0,0,15,15,6807,0,0,0,0,0
2020-08-28,US,Montana,Broadwater,16,0,0,46.33277565,-111.49558130000001,30007.0,256.5335898669232,0.0,16,16,0,0,16,16,6085,0,0,0,0,0
2020-08-28,US,Montana,Carbon,86,0,0,45.22850116,-109.0274047,30009.0,801.8648018648017,0.0,86,85,0,0,85,84,10714,1,0,0,1,1
2020-08-28,US,Montana,Cascade,265,5,0,47.30797024,-111.3467922,30013.0,325.68886266991126,1.8867924528301887,260,262,5,0,257,258,81643,3,0,0,3,4
2020-08-28,US,Montana,Chouteau,10,0,0,47.88084126,-110.4353362,30015.0,177.4622892635315,0.0,10,10,0,0,10,10,5745,0,0,0,0,0
2020-08-28,US,Montana,Custer,67,2,0,46.25319932,-105.57375259999998,30017.0,587.6162076828626,2.985074626865672,65,66,2,0,64,65,11586,1,0,0,1,1
2020-08-28,US,Montana,Daniels,3,0,0,48.78420029,-105.54763429999998,30019.0,177.5147928994083,0.0,3,3,0,0,3,3,1747,0,0,0,0,0
2020-08-28,US,Montana,Dawson,39,0,0,47.26584855,-104.89444170000002,30021.0,452.8039010797632,0.0,39,36,0,0,36,32,8680,3,0,0,3,4
2020-08-28,US,Montana,Deer Lodge,33,0,0,46.05953325,-113.073353,30023.0,361.05032822757113,0.0,33,34,0,0,34,33,9131,-1,0,0,-1,1
2020-08-28,US,Montana,Fallon,2,0,0,46.33478338,-104.41835649999999,30025.0,70.27406886858749,0.0,2,2,0,0,2,2,2920,0,0,0,0,0
2020-08-28,US,Montana,Fergus,32,0,0,47.26331584,-109.2245206,30027.0,289.59276018099547,0.0,32,26,0,0,26,26,11113,6,0,0,6,0
2020-08-28,US,Montana,Flathead,557,4,0,48.29575866,-114.05205690000001,30029.0,536.5778471379303,0.7181328545780971,553,545,4,0,541,539,102106,12,0,0,12,6
2020-08-28,US,Montana,Gallatin,1051,3,0,45.54486106,-111.1692571,30031.0,918.4333327507561,0.285442435775452,1048,1046,3,0,1043,1029,111876,5,0,0,5,17
2020-08-28,US,Montana,Garfield,12,0,0,47.27545948,-107.0002351,30033.0,953.8950715421304,0.0,12,12,0,0,12,12,1268,0,0,0,0,0
2020-08-28,US,Montana,Glacier,135,1,0,48.70513576,-112.9934235,30035.0,981.6040136697447,0.7407407407407407,134,128,1,0,127,128,13747,7,0,0,7,0
2020-08-28,US,Montana,Golden Valley,3,0,0,46.3816474,-109.17685220000001,30037.0,365.4080389768576,0.0,3,3,0,0,3,3,826,0,0,0,0,0
2020-08-28,US,Montana,Granite,18,0,0,46.40605220000001,-113.4414186,30039.0,532.7019828351583,0.0,18,18,0,0,18,18,3378,0,0,0,0,0
2020-08-28,US,Montana,Hill,79,2,0,48.62879827,-110.1129252,30041.0,479.252608590148,2.5316455696202533,77,76,2,0,74,72,16347,3,0,0,3,4
2020-08-28,US,Montana,Jefferson,38,0,0,46.14907081,-112.094396,30043.0,310.9401849275837,0.0,38,38,0,0,38,36,12097,0,0,0,0,2
2020-08-28,US,Montana,Judith Basin,5,0,0,47.04581276,-110.26606880000001,30045.0,249.1280518186348,0.0,5,5,0,0,5,4,1952,0,0,0,0,1
2020-08-28,US,Montana,Lake,199,1,0,47.64514965,-114.0898013,30047.0,653.358723488082,0.5025125628140703,198,199,1,0,198,192,30250,0,0,0,0,7
2020-08-28,US,Montana,Lewis and Clark,195,2,0,47.12610041,-112.39469799999999,30049.0,280.85032837884546,1.0256410256410255,193,194,2,0,192,191,68700,1,0,0,1,3
2020-08-28,US,Montana,Liberty,5,0,0,48.56084317,-111.02430700000001,30051.0,213.9495079161317,0.0,5,5,0,0,5,5,2430,0,0,0,0,0
2020-08-28,US,Montana,Lincoln,89,2,0,48.54265777,-115.4046155,30053.0,445.4454454454454,2.247191011235955,87,87,2,0,85,85,19794,2,0,0,2,2
2020-08-28,US,Montana,Madison,92,1,0,45.30080065,-111.9173017,30057.0,1069.7674418604652,1.0869565217391304,91,92,1,0,91,91,8768,0,0,0,0,1
2020-08-28,US,Montana,McCone,8,0,0,47.64469406,-105.79449939999999,30055.0,480.76923076923083,0.0,8,8,0,0,8,8,1675,0,0,0,0,0
2020-08-28,US,Montana,Meagher,4,0,0,46.59907074,-110.8898557,30059.0,214.8227712137487,0.0,4,4,0,0,4,4,1866,0,0,0,0,0
2020-08-28,US,Montana,Mineral,2,0,0,47.15283992,-115.00152390000001,30061.0,45.48555833522857,0.0,2,2,0,0,2,2,4316,0,0,0,0,0
2020-08-28,US,Montana,Missoula,427,3,0,47.03728583,-113.92135079999998,30063.0,357.0234113712374,0.7025761124121779,424,416,3,0,413,417,118791,11,0,0,11,-1
2020-08-28,US,Montana,Musselshell,9,0,0,46.49684637,-108.39498,30065.0,194.25857975393916,0.0,9,8,0,0,8,7,4651,1,0,0,1,1
2020-08-28,US,Montana,Park,63,0,0,45.48965095,-110.52643940000002,30067.0,379.3809466457907,0.0,63,63,0,0,63,63,16736,0,0,0,0,0
2020-08-28,US,Montana,Phillips,110,0,0,48.25936577,-107.9128511,30071.0,2781.99291856348,0.0,110,110,0,0,110,110,4074,0,0,0,0,0
2020-08-28,US,Montana,Pondera,15,0,0,48.22773388,-112.22527029999999,30073.0,253.76416849940787,0.0,15,15,0,0,15,15,5972,0,0,0,0,0
2020-08-28,US,Montana,Powder River,2,0,0,45.39617714,-105.636738,30075.0,118.90606420927469,0.0,2,2,0,0,2,2,1716,0,0,0,0,0
2020-08-28,US,Montana,Powell,10,0,0,46.85538891,-112.93591640000001,30077.0,145.1378809869376,0.0,10,10,0,0,10,10,6968,0,0,0,0,0
2020-08-28,US,Montana,Prairie,1,0,0,46.86048047,-105.379384,30079.0,92.85051067780873,0.0,1,1,0,0,1,1,1087,0,0,0,0,0
2020-08-28,US,Montana,Ravalli,104,2,0,46.08520862,-114.11891640000002,30081.0,237.41040040177143,1.9230769230769231,102,99,2,0,97,99,43172,5,0,0,5,0
2020-08-28,US,Montana,Richland,57,2,0,47.78668011,-104.5610786,30083.0,527.6312135517911,3.5087719298245608,55,56,2,0,54,55,10913,1,0,0,1,1
2020-08-28,US,Montana,Roosevelt,34,1,0,48.29607488,-105.00792679999999,30085.0,308.9785532533624,2.9411764705882355,33,34,1,0,33,34,11059,0,0,0,0,0
2020-08-28,US,Montana,Rosebud,205,2,0,46.23397237,-106.72928799999998,30087.0,2293.834620118608,0.975609756097561,203,195,2,0,193,166,9063,10,0,0,10,29
2020-08-28,US,Montana,Sanders,31,0,0,47.67657534,-115.1329916,30089.0,255.9233880954346,0.0,31,31,0,0,31,31,11844,0,0,0,0,0
2020-08-28,US,Montana,Sheridan,5,0,0,48.72085833,-104.50382900000001,30091.0,151.1030522816561,0.0,5,5,0,0,5,5,3424,0,0,0,0,0
2020-08-28,US,Montana,Silver Bow,111,0,0,45.90018933,-112.6620092,30093.0,317.9149362738078,0.0,111,111,0,0,111,110,34993,0,0,0,0,1
2020-08-28,US,Montana,Stillwater,36,2,0,45.67071407,-109.3950061,30095.0,373.366521468575,5.5555555555555545,34,34,2,0,32,34,9534,2,0,0,2,0
2020-08-28,US,Montana,Sweet Grass,10,1,0,45.81367654,-109.9425686,30097.0,267.5943270002676,10.0,9,10,1,0,9,9,3710,0,0,0,0,1
2020-08-28,US,Montana,Teton,18,0,0,47.83741052,-112.24106880000001,30099.0,292.8257686676428,0.0,18,18,0,0,18,17,6162,0,0,0,0,1
2020-08-28,US,Montana,Toole,47,6,0,48.65577551,-111.69424140000001,30101.0,992.3986486486486,12.76595744680851,41,47,6,0,41,47,4853,0,0,0,0,0
2020-08-28,US,Montana,Treasure,3,0,0,46.20973220000001,-107.26665159999999,30103.0,431.0344827586207,0.0,3,3,0,0,3,3,679,0,0,0,0,0
2020-08-28,US,Montana,Valley,39,0,0,48.36435097,-106.6669635,30105.0,527.3120605732829,0.0,39,37,0,0,37,37,7437,2,0,0,2,0
2020-08-28,US,Montana,Wheatland,3,0,0,46.46652491,-109.84646359999999,30107.0,141.11006585136406,0.0,3,3,0,0,3,3,2236,0,0,0,0,0
2020-08-28,US,Montana,Wibaux,5,0,0,46.95925154,-104.2510927,30109.0,515.9958720330237,0.0,5,5,0,0,5,5,1034,0,0,0,0,0
2020-08-28,US,Montana,Yellowstone,1958,42,0,45.93955949,-108.26914860000001,30111.0,1213.887166769994,2.1450459652706844,1916,1906,41,0,1865,1864,160137,52,1,0,51,42
2020-08-28,US,Nebraska,Adams,399,11,0,40.52449420000001,-98.50117804,31001.0,1272.1997257915375,2.7568922305764407,388,396,11,0,385,392,31511,3,0,0,3,4
2020-08-28,US,Nebraska,Antelope,24,1,0,42.17695516,-98.06662829999999,31003.0,381.07335662114957,4.166666666666667,23,24,1,0,23,23,6336,0,0,0,0,1
2020-08-28,US,Nebraska,Arthur,1,0,0,41.56896142,-101.6959559,31005.0,215.98272138228938,0.0,1,1,0,0,1,1,465,0,0,0,0,0
2020-08-28,US,Nebraska,Banner,2,0,0,41.54634427,-103.7114332,31007.0,268.4563758389262,0.0,2,2,0,0,2,2,730,0,0,0,0,0
2020-08-28,US,Nebraska,Boone,22,0,0,41.70759415,-98.06737183,31011.0,423.72881355932196,0.0,22,21,0,0,21,20,5239,1,0,0,1,1
2020-08-28,US,Nebraska,Box Butte,23,0,0,42.22079243,-103.08788340000001,31013.0,213.2987109338774,0.0,23,21,0,0,21,21,10772,2,0,0,2,0
2020-08-28,US,Nebraska,Boyd,10,0,0,42.899727399999996,-98.76486568,31015.0,521.1047420531527,0.0,10,10,0,0,10,10,1955,0,0,0,0,0
2020-08-28,US,Nebraska,Brown,3,0,0,42.43018907,-99.92904055,31017.0,101.5228426395939,0.0,3,3,0,0,3,3,2973,0,0,0,0,0
2020-08-28,US,Nebraska,Buffalo,654,3,0,40.85486962,-99.07500296,31019.0,1316.981815985018,0.4587155963302753,651,632,3,0,629,612,49615,22,0,0,22,20
2020-08-28,US,Nebraska,Burt,63,0,0,41.85056773,-96.32605633,31021.0,975.3831862517418,0.0,63,62,0,0,62,61,6488,1,0,0,1,1
2020-08-28,US,Nebraska,Butler,83,0,0,41.22703692,-97.13106306,31023.0,1035.4291417165668,0.0,83,79,0,0,79,77,8058,4,0,0,4,2
2020-08-28,US,Nebraska,Cass,250,2,0,40.90899107,-96.13971217,31025.0,952.4535202682108,0.8,248,250,2,0,248,245,26159,0,0,0,0,5
2020-08-28,US,Nebraska,Cedar,45,0,0,42.598885100000004,-97.25311951,31027.0,535.586765055939,0.0,45,45,0,0,45,44,8446,0,0,0,0,1
2020-08-28,US,Nebraska,Chase,11,0,0,40.523719799999995,-101.69780259999999,31029.0,280.32619775739045,0.0,11,11,0,0,11,11,3977,0,0,0,0,0
2020-08-28,US,Nebraska,Cherry,19,0,0,42.54502621,-101.1244332,31031.0,333.9778519950782,0.0,19,9,0,0,9,6,5761,10,0,0,10,3
2020-08-28,US,Nebraska,Cheyenne,28,0,0,41.21999357,-102.9941693,31033.0,314.25364758698095,0.0,28,28,0,0,28,28,9310,0,0,0,0,0
2020-08-28,US,Nebraska,Clay,57,0,0,40.52439441,-98.05126296,31035.0,918.9102047396422,0.0,57,55,0,0,55,54,6214,2,0,0,2,1
2020-08-28,US,Nebraska,Colfax,721,5,0,41.57486951,-97.0868542,31037.0,6732.654776356336,0.6934812760055479,716,718,5,0,713,716,10881,3,0,0,3,2
2020-08-28,US,Nebraska,Cuming,79,0,0,41.91637624,-96.78730772,31039.0,893.0590097219083,0.0,79,78,0,0,78,78,8940,1,0,0,1,0
2020-08-28,US,Nebraska,Custer,72,4,0,41.39374521,-99.72805369,31041.0,668.089449754106,5.5555555555555545,68,69,4,0,65,69,10840,3,0,0,3,0
2020-08-28,US,Nebraska,Dakota,1986,42,0,42.39040144,-96.56656425,31043.0,9917.107759912114,2.114803625377644,1944,1977,42,0,1935,1971,20083,9,0,0,9,6
2020-08-28,US,Nebraska,Dawes,71,0,0,42.71985036,-103.1313774,31045.0,826.6387239492374,0.0,71,65,0,0,65,64,8716,6,0,0,6,1
2020-08-28,US,Nebraska,Dawson,998,9,0,40.87028216,-99.82014609999999,31047.0,4229.709684255139,0.9018036072144288,989,995,9,0,986,993,23709,3,0,0,3,2
2020-08-28,US,Nebraska,Deuel,2,0,0,41.11168186,-102.33333309999999,31049.0,111.48272017837236,0.0,2,2,0,0,2,2,1825,0,0,0,0,0
2020-08-28,US,Nebraska,Dixon,60,2,0,42.49188363,-96.86782408,31051.0,1064.5848119233501,3.333333333333333,58,58,2,0,56,57,5709,2,0,0,2,1
2020-08-28,US,Nebraska,Dodge,896,11,0,41.58071748,-96.65598179,31053.0,2450.430739778477,1.2276785714285714,885,892,11,0,881,883,36791,4,0,0,4,9
2020-08-28,US,Nebraska,Douglas,13207,155,0,41.29518299,-96.15085305,31055.0,2311.6358932800304,1.173620049973499,13052,13095,155,0,12940,12944,566880,112,0,0,112,151
2020-08-28,US,Nebraska,Dundy,7,0,0,40.17638677,-101.6876522,31057.0,413.4672179562906,0.0,7,5,0,0,5,5,1770,2,0,0,2,0
2020-08-28,US,Nebraska,Fillmore,31,1,0,40.52458567,-97.59646937,31059.0,567.557671182717,3.2258064516129035,30,31,1,0,30,30,5527,0,0,0,0,1
2020-08-28,US,Nebraska,Franklin,18,0,0,40.17636348,-98.95299073,31061.0,604.2296072507552,0.0,18,18,0,0,18,18,3023,0,0,0,0,0
2020-08-28,US,Nebraska,Frontier,6,0,0,40.52993007,-100.3924658,31063.0,228.39741149600303,0.0,6,6,0,0,6,6,2608,0,0,0,0,0
2020-08-28,US,Nebraska,Furnas,23,1,0,40.17642064,-99.91247454,31065.0,491.8733960650129,4.3478260869565215,22,20,1,0,19,20,4715,3,0,0,3,0
2020-08-28,US,Nebraska,Gage,126,4,0,40.26186809,-96.68946704,31067.0,585.6923720541067,3.1746031746031744,122,125,4,0,121,125,21493,1,0,0,1,0
2020-08-28,US,Nebraska,Garden,7,0,0,41.61703149,-102.3313973,31069.0,381.05606967882414,0.0,7,7,0,0,7,7,1897,0,0,0,0,0
2020-08-28,US,Nebraska,Garfield,6,0,0,41.91428955,-98.99111827,31071.0,304.7232097511427,0.0,6,6,0,0,6,6,1987,0,0,0,0,0
2020-08-28,US,Nebraska,Gosper,23,0,0,40.51481965,-99.83020279,31073.0,1155.7788944723618,0.0,23,23,0,0,23,23,1996,0,0,0,0,0
2020-08-28,US,Nebraska,Greeley,12,0,0,41.56742671,-98.52150266,31077.0,509.3378607809847,0.0,12,11,0,0,11,11,2356,1,0,0,1,0
2020-08-28,US,Nebraska,Hall,1830,46,0,40.87257079,-98.50218293,31079.0,2982.739230355484,2.5136612021857925,1784,1823,46,0,1777,1809,61607,7,0,0,7,14
2020-08-28,US,Nebraska,Hamilton,104,12,0,40.87349452,-98.02099117,31081.0,1115.4011154011155,11.538461538461537,92,103,12,0,91,103,9280,1,0,0,1,0
2020-08-28,US,Nebraska,Harlan,4,0,0,40.17658508,-99.40438879,31083.0,118.3431952662722,0.0,4,4,0,0,4,4,3401,0,0,0,0,0
2020-08-28,US,Nebraska,Hitchcock,2,0,0,40.17609175,-101.04164770000001,31087.0,72.41129616220131,0.0,2,2,0,0,2,2,2806,0,0,0,0,0
2020-08-28,US,Nebraska,Holt,19,0,0,42.45522056,-98.78402558,31089.0,188.7354723353532,0.0,19,19,0,0,19,19,10178,0,0,0,0,0
2020-08-28,US,Nebraska,Hooker,4,0,0,41.91586243,-101.1354293,31091.0,586.5102639296188,0.0,4,4,0,0,4,4,682,0,0,0,0,0
2020-08-28,US,Nebraska,Howard,64,5,0,41.2200529,-98.5166499,31093.0,993.0178432893716,7.8125,59,62,5,0,57,61,6468,2,0,0,2,1
2020-08-28,US,Nebraska,Jefferson,19,0,0,40.17584531,-97.142601,31095.0,269.6565427192733,0.0,19,19,0,0,19,19,7097,0,0,0,0,0
2020-08-28,US,Nebraska,Johnson,22,0,0,40.39257596,-96.26522753,31097.0,433.8394793926248,0.0,22,22,0,0,22,21,5134,0,0,0,0,1
2020-08-28,US,Nebraska,Kearney,108,0,0,40.50663314,-98.94877182,31099.0,1662.8175519630483,0.0,108,105,0,0,105,101,6544,3,0,0,3,4
2020-08-28,US,Nebraska,Keith,46,0,0,41.19930341,-101.66201640000001,31101.0,572.5665919840677,0.0,46,47,0,0,47,47,8021,-1,0,0,-1,0
2020-08-28,US,Nebraska,Keya Paha,1,0,0,42.87990694,-99.71343729,31103.0,124.06947890818859,0.0,1,1,0,0,1,1,810,0,0,0,0,0
2020-08-28,US,Nebraska,Kimball,15,0,0,41.19774275,-103.7148131,31105.0,412.9955947136564,0.0,15,15,0,0,15,15,3618,0,0,0,0,0
2020-08-28,US,Nebraska,Knox,62,0,0,42.63758421,-97.89178836,31107.0,744.119059049448,0.0,62,60,0,0,60,58,8419,2,0,0,2,2
2020-08-28,US,Nebraska,Lancaster,3860,21,0,40.78416049,-96.68777155,31109.0,1209.6900560970262,0.5440414507772021,3839,3796,20,0,3776,3720,317272,64,1,0,63,76
2020-08-28,US,Nebraska,Lincoln,267,2,0,41.04658298,-100.74753740000001,31111.0,764.7362089706136,0.7490636704119851,265,265,2,0,263,265,35185,2,0,0,2,0
2020-08-28,US,Nebraska,Logan,3,0,0,41.56650314,-100.4817851,31113.0,401.06951871657753,0.0,3,3,0,0,3,3,749,0,0,0,0,0
2020-08-28,US,Nebraska,Loup,1,0,0,41.91371961,-99.45440415,31115.0,150.60240963855418,0.0,1,1,0,0,1,,618,0,0,0,0,
2020-08-28,US,Nebraska,Madison,573,5,0,41.91676024,-97.6005481,31119.0,1632.525143166472,0.8726003490401396,568,568,5,0,563,554,35392,5,0,0,5,14
2020-08-28,US,Nebraska,McPherson,6,0,0,41.56797682,-101.05993620000001,31117.0,1214.5748987854256,0.0,6,6,0,0,6,6,492,0,0,0,0,0
2020-08-28,US,Nebraska,Merrick,65,1,0,41.16624273,-98.0374887,31121.0,838.1689232753063,1.5384615384615383,64,63,1,0,62,63,7733,2,0,0,2,0
2020-08-28,US,Nebraska,Morrill,64,0,0,41.71711774,-103.0061405,31123.0,1378.7160706591985,0.0,64,64,0,0,64,64,4686,0,0,0,0,0
2020-08-28,US,Nebraska,Nance,11,0,0,41.39750195,-97.99327291,31125.0,312.588803637397,0.0,11,11,0,0,11,11,3532,0,0,0,0,0
2020-08-28,US,Nebraska,Nemaha,77,0,0,40.38514847,-95.85433992,31127.0,1104.4176706827307,0.0,77,75,0,0,75,71,6958,2,0,0,2,4
2020-08-28,US,Nebraska,Nuckolls,10,0,0,40.17637905,-98.04743961,31129.0,241.08003857280616,0.0,10,9,0,0,9,9,4195,1,0,0,1,0
2020-08-28,US,Nebraska,Otoe,109,1,0,40.64843556,-96.13374142,31131.0,680.739445415938,0.9174311926605504,108,105,1,0,104,100,15985,4,0,0,4,5
2020-08-28,US,Nebraska,Pawnee,10,0,0,40.13141096,-96.23705437,31133.0,382.70187523918884,0.0,10,10,0,0,10,10,2632,0,0,0,0,0
2020-08-28,US,Nebraska,Perkins,29,7,0,40.85082525,-101.6502942,31135.0,1003.1131096506399,24.13793103448276,22,29,7,0,22,29,2929,0,0,0,0,0
2020-08-28,US,Nebraska,Phelps,65,0,0,40.51156033,-99.41461667,31137.0,719.5040956386982,0.0,65,59,0,0,59,56,8996,6,0,0,6,3
2020-08-28,US,Nebraska,Pierce,59,2,0,42.26434853,-97.60122773,31139.0,825.4057078903189,3.3898305084745757,57,60,2,0,58,60,7142,-1,0,0,-1,0
2020-08-28,US,Nebraska,Platte,848,3,0,41.57246836,-97.52144359,31141.0,2533.612190020914,0.35377358490566035,845,842,3,0,839,834,33363,6,0,0,6,8
2020-08-28,US,Nebraska,Polk,32,0,0,41.18813488,-97.56630712,31143.0,613.849990408594,0.0,32,32,0,0,32,32,5278,0,0,0,0,0
2020-08-28,US,Nebraska,Red Willow,18,0,0,40.17556879999999,-100.476998,31145.0,167.84781797836632,0.0,18,18,0,0,18,18,10726,0,0,0,0,0
2020-08-28,US,Nebraska,Richardson,32,1,0,40.1247415,-95.71755036,31147.0,406.865861411316,3.125,31,31,1,0,30,31,7937,1,0,0,1,0
2020-08-28,US,Nebraska,Rock,6,0,0,42.42252217,-99.44832069,31149.0,442.1518054532057,0.0,6,5,0,0,5,5,1360,1,0,0,1,0
2020-08-28,US,Nebraska,Saline,630,2,0,40.52418865,-97.14085859,31151.0,4429.133858267716,0.31746031746031744,628,627,2,0,625,624,14350,3,0,0,3,3
2020-08-28,US,Nebraska,Sarpy,2772,15,0,41.11314181,-96.11156432,31153.0,1480.8008718135004,0.5411255411255411,2757,2753,15,0,2738,2724,184459,19,0,0,19,29
2020-08-28,US,Nebraska,Saunders,214,2,0,41.227810299999994,-96.63773905,31155.0,991.7508573547133,0.9345794392523364,212,209,2,0,207,202,21303,5,0,0,5,7
2020-08-28,US,Nebraska,Scotts Bluff,354,6,0,41.85070896,-103.70809859999999,31157.0,993.8794991296536,1.6949152542372878,348,351,6,0,345,348,35989,3,0,0,3,3
2020-08-28,US,Nebraska,Seward,162,2,0,40.87241834,-97.139673,31159.0,937.2830363341819,1.2345679012345678,160,157,2,0,155,154,17318,5,0,0,5,3
2020-08-28,US,Nebraska,Sheridan,21,0,0,42.50284406,-102.4126613,31161.0,400.3049942813572,0.0,21,20,0,0,20,20,5190,1,0,0,1,0
2020-08-28,US,Nebraska,Sherman,15,1,0,41.22045983,-98.97588642,31163.0,499.8333888703766,6.666666666666668,14,15,1,0,14,15,3038,0,0,0,0,0
2020-08-28,US,Nebraska,Sioux,6,0,0,42.48932059,-103.7576544,31165.0,514.5797598627787,0.0,6,6,0,0,6,5,1187,0,0,0,0,1
2020-08-28,US,Nebraska,Stanton,33,0,0,41.9169835,-97.19394708,31167.0,557.4324324324324,0.0,33,33,0,0,33,32,5970,0,0,0,0,1
2020-08-28,US,Nebraska,Thayer,27,0,0,40.17626377,-97.59504381,31169.0,539.6761942834298,0.0,27,27,0,0,27,27,5039,0,0,0,0,0
2020-08-28,US,Nebraska,Thomas,3,0,0,41.91358968,-100.5556632,31171.0,415.51246537396116,0.0,3,4,0,0,4,4,720,-1,0,0,-1,0
2020-08-28,US,Nebraska,Thurston,219,4,0,42.15725356,-96.54157099,31173.0,3031.5614617940196,1.8264840182648399,215,218,4,0,214,217,7303,1,0,0,1,1
2020-08-28,US,Nebraska,Unassigned,125,2,0,0.0,0.0,90031.0,0.0,1.6,123,134,2,0,132,158,,-9,0,0,-9,-24
2020-08-28,US,Nebraska,Valley,18,0,0,41.56730777,-98.98197724,31175.0,432.9004329004329,0.0,18,18,0,0,18,18,4190,0,0,0,0,0
2020-08-28,US,Nebraska,Washington,173,1,0,41.52815707,-96.22019892,31177.0,834.5795745091417,0.5780346820809249,172,171,1,0,170,169,20667,2,0,0,2,2
2020-08-28,US,Nebraska,Wayne,51,0,0,42.20934475,-97.11926964,31179.0,543.4203516249335,0.0,51,48,0,0,48,46,9403,3,0,0,3,2
2020-08-28,US,Nebraska,Webster,13,0,0,40.17642643,-98.50019851,31181.0,372.8133065672498,0.0,13,13,0,0,13,13,3533,0,0,0,0,0
2020-08-28,US,Nebraska,Wheeler,1,0,0,41.91482725,-98.52798941,31183.0,127.7139208173691,0.0,1,1,0,0,1,1,805,0,0,0,0,0
2020-08-28,US,Nebraska,York,109,0,0,40.87272618,-97.59710186,31185.0,796.8418744060239,0.0,109,108,0,0,108,107,13772,1,0,0,1,1
2020-08-28,US,Nevada,Carson City,419,8,0,39.15509045,-119.7480219,32510.0,749.3382931540167,1.9093078758949882,411,417,8,0,409,416,55414,2,0,0,2,1
2020-08-28,US,Nevada,Churchill,84,1,0,39.58105744,-118.3394607,32001.0,337.22750812959174,1.1904761904761905,83,84,1,0,83,84,24440,0,0,0,0,0
2020-08-28,US,Nevada,Clark,58292,1111,0,36.21458855,-115.0130241,32003.0,2571.651045676232,1.9059219103822136,57181,57756,1099,0,56657,57283,2231647,536,12,0,524,473
2020-08-28,US,Nevada,Douglas,235,1,0,38.912862,-119.61713329999999,32005.0,480.5234638585012,0.425531914893617,234,235,1,0,234,233,48467,0,0,0,0,2
2020-08-28,US,Nevada,Elko,777,4,0,41.14531606,-115.3577619,32007.0,1472.204327560726,0.5148005148005148,773,761,3,0,758,735,52460,16,1,0,15,26
2020-08-28,US,Nevada,Eureka,5,0,0,39.98100864,-116.26832040000001,32011.0,246.4268112370626,0.0,5,5,0,0,5,5,2003,0,0,0,0,0
2020-08-28,US,Nevada,Humboldt,111,4,0,41.40692186,-118.11094270000001,32013.0,659.4973560691581,3.603603603603604,107,109,4,0,105,109,16786,2,0,0,2,0
2020-08-28,US,Nevada,Lander,59,1,0,39.933223299999995,-117.03970749999999,32015.0,1066.522053506869,1.6949152542372878,58,59,1,0,58,58,5575,0,0,0,0,1
2020-08-28,US,Nevada,Lincoln,6,0,0,37.64268459,-114.8790388,32017.0,115.76307158016591,0.0,6,6,0,0,6,6,5201,0,0,0,0,0
2020-08-28,US,Nevada,Lyon,311,6,0,39.01777974,-119.18704790000001,32019.0,540.7755173013389,1.929260450160772,305,310,6,0,304,308,55808,1,0,0,1,2
2020-08-28,US,Nevada,Mineral,12,0,0,38.53841696,-118.4344506,32021.0,266.37069922308547,0.0,12,12,0,0,12,12,4514,0,0,0,0,0
2020-08-28,US,Nevada,Nye,467,14,0,38.04264256,-116.47227020000001,32023.0,1003.804569782688,2.9978586723768736,453,466,14,0,452,464,45346,1,0,0,1,2
2020-08-28,US,Nevada,Pershing,19,0,0,40.44003782,-118.40056409999998,32027.0,282.52788104089217,0.0,19,18,0,0,18,19,6666,1,0,0,1,-1
2020-08-28,US,Nevada,Storey,6,0,0,39.44875482,-119.5250207,32029.0,145.52510308028138,0.0,6,6,0,0,6,6,4029,0,0,0,0,0
2020-08-28,US,Nevada,Washoe,7024,136,0,40.66562265,-119.6631594,32031.0,1489.6536512844657,1.9362186788154896,6888,6951,133,0,6818,6904,465735,73,3,0,70,47
2020-08-28,US,Nevada,White Pine,25,1,0,39.44157041,-114.89996599999999,32033.0,260.9603340292276,4.0,24,25,1,0,24,24,9475,0,0,0,0,1
2020-08-28,US,New Hampshire,Belknap,123,4,0,43.51637314,-71.41684235,33001.0,200.6427091659462,3.2520325203252027,119,123,4,0,119,122,61022,0,0,0,0,1
2020-08-28,US,New Hampshire,Carroll,104,1,0,43.87498583,-71.20430216,33003.0,212.63545287262318,0.9615384615384616,103,104,1,0,103,100,48779,0,0,0,0,4
2020-08-28,US,New Hampshire,Cheshire,125,3,0,42.92015988,-72.25311043,33005.0,164.28993888414274,2.4,122,123,3,0,120,121,76493,2,0,0,2,2
2020-08-28,US,New Hampshire,Coos,18,0,0,44.69063265,-71.30633239,33007.0,57.0287995437696,0.0,18,18,0,0,18,17,31589,0,0,0,0,1
2020-08-28,US,New Hampshire,Grafton,113,1,0,43.93779815,-71.82057197,33009.0,125.71479429499588,0.8849557522123894,112,112,1,0,111,109,89786,1,0,0,1,3
2020-08-28,US,New Hampshire,Hillsborough,4010,286,0,42.91537785,-71.7200253,33011.0,961.5730471794257,7.132169576059852,3724,4001,285,0,3716,3987,415247,9,1,0,8,14
2020-08-28,US,New Hampshire,Merrimack,497,23,0,43.29662971,-71.6811573,33013.0,328.28900000660536,4.627766599597585,474,497,23,0,474,495,151132,0,0,0,0,2
2020-08-28,US,New Hampshire,Rockingham,1794,100,0,42.98499744,-71.12883377,33015.0,579.1412310463602,5.574136008918618,1694,1787,100,0,1687,1775,309176,7,0,0,7,12
2020-08-28,US,New Hampshire,Strafford,382,13,0,43.291833000000004,-71.02336013,33017.0,292.4222822717078,3.4031413612565444,369,379,13,0,366,378,130090,3,0,0,3,1
2020-08-28,US,New Hampshire,Sullivan,47,1,0,43.36094111,-72.22203125,33019.0,108.93246187363836,2.127659574468085,46,47,1,0,46,46,43144,0,0,0,0,1
2020-08-28,US,New Hampshire,Unassigned,3,0,0,0.0,0.0,90033.0,0.0,0.0,3,3,0,0,3,6,,0,0,0,0,-3
2020-08-28,US,New Jersey,Atlantic,3720,251,0,39.47538693,-74.65848483,34001.0,1410.8544771873933,6.747311827956989,3469,3707,251,0,3456,3703,265429,13,0,0,13,4
2020-08-28,US,New Jersey,Bergen,21474,2032,0,40.96010917,-74.07164325,34003.0,2303.5779798798967,9.46260594206948,19442,21454,2031,0,19423,21436,936692,20,1,0,19,18
2020-08-28,US,New Jersey,Burlington,6354,481,0,39.87681124,-74.66927768,34005.0,1426.7462147663964,7.5700346238589855,5873,6327,481,0,5846,6314,445384,27,0,0,27,13
2020-08-28,US,New Jersey,Camden,9093,590,0,39.80343818,-74.96388753,34007.0,1795.364394012688,6.488507643242055,8503,9054,588,0,8466,9020,507078,39,2,0,37,34
2020-08-28,US,New Jersey,Cape May,894,94,0,39.15008829,-74.80170244,34009.0,971.3273720922654,10.51454138702461,800,888,92,0,796,886,92560,6,2,0,4,2
2020-08-28,US,New Jersey,Cumberland,3542,155,0,39.37199394,-75.10712559,34011.0,2368.802958662984,4.376058723884811,3387,3530,155,0,3375,3523,150972,12,0,0,12,7
2020-08-28,US,New Jersey,Essex,20260,2111,0,40.78681335,-74.24657979,34013.0,2535.748928314403,10.419545903257653,18149,20219,2110,0,18109,20183,799767,41,1,0,40,36
2020-08-28,US,New Jersey,Gloucester,3634,219,0,39.71581067,-75.13995546,34015.0,1246.073872910066,6.0264171711612535,3415,3610,219,0,3391,3592,291408,24,0,0,24,18
2020-08-28,US,New Jersey,Hudson,20100,1506,0,40.73766234,-74.07515667,34017.0,2989.332099924003,7.492537313432837,18594,20088,1506,0,18582,20068,676061,12,0,0,12,20
2020-08-28,US,New Jersey,Hunterdon,1209,124,0,40.56335249,-74.91284156,34019.0,972.0915647538412,10.256410256410255,1085,1206,124,0,1082,1202,124714,3,0,0,3,4
2020-08-28,US,New Jersey,Mercer,8310,625,0,40.28047017,-74.70479631,34021.0,2261.6552812780665,7.521058965102286,7685,8303,625,0,7678,8288,369811,7,0,0,7,15
2020-08-28,US,New Jersey,Middlesex,18377,1417,0,40.43629879,-74.41426991,34023.0,2227.347762955996,7.710725363225771,16960,18361,1417,0,16944,18348,829685,16,0,0,16,13
2020-08-28,US,New Jersey,Monmouth,10669,857,0,40.26549699,-74.22240686,34025.0,1724.1574350148273,8.032617864842068,9812,10647,856,0,9791,10628,621354,22,1,0,21,19
2020-08-28,US,New Jersey,Morris,7455,829,0,40.86095313,-74.54553709999998,34027.0,1515.7214162998505,11.120053655264924,6626,7442,829,0,6613,7442,494228,13,0,0,13,0
2020-08-28,US,New Jersey,Ocean,11092,1020,0,39.8895449,-74.28089251,34029.0,1826.7878376642414,9.195816804904435,10072,11069,1020,0,10049,11036,601651,23,0,0,23,33
2020-08-28,US,New Jersey,Passaic,18275,1245,0,41.03238628,-74.29954144,34031.0,3641.700509738435,6.812585499316006,17030,18249,1245,0,17004,18223,503310,26,0,0,26,26
2020-08-28,US,New Jersey,Salem,978,88,0,39.58719656,-75.34696629999998,34033.0,1567.684539552777,8.997955010224949,890,975,88,0,887,966,62607,3,0,0,3,9
2020-08-28,US,New Jersey,Somerset,5379,567,0,40.56465737,-74.61683016,34035.0,1635.2824578790885,10.540992749581706,4812,5373,566,0,4807,5364,331164,6,1,0,5,9
2020-08-28,US,New Jersey,Sussex,1386,198,0,41.13891592,-74.69118243,34037.0,986.5611297762086,14.285714285714285,1188,1383,197,0,1186,1380,140799,3,1,0,2,3
2020-08-28,US,New Jersey,Unassigned,328,0,0,0.0,0.0,90034.0,0.0,0.0,328,301,0,0,301,297,,27,0,0,27,4
2020-08-28,US,New Jersey,Union,17052,1350,0,40.65835409,-74.30680092,34039.0,3065.026665300599,7.916959887403237,15702,17040,1350,0,15690,17023,558067,12,0,0,12,17
2020-08-28,US,New Jersey,Warren,1390,171,0,40.85951833,-74.99556527,34041.0,1320.4518035091721,12.302158273381295,1219,1387,171,0,1216,1384,105779,3,0,0,3,3
2020-08-28,US,New Mexico,Bernalillo,5743,153,0,35.05163625,-106.6703554,35001.0,845.6519530392966,2.664112833014104,5590,5721,152,0,5569,5668,678701,22,1,0,21,53
2020-08-28,US,New Mexico,Catron,5,1,0,33.91514144,-108.4046587,35003.0,141.7635384179189,20.0,4,5,1,0,4,5,3578,0,0,0,0,0
2020-08-28,US,New Mexico,Chaves,679,6,0,33.36406072,-104.4665365,35005.0,1050.8395883308826,0.8836524300441826,673,663,6,0,657,647,64689,16,0,0,16,16
2020-08-28,US,New Mexico,Cibola,396,20,0,34.91131525,-107.998876,35006.0,1484.5360824742268,5.05050505050505,376,396,20,0,376,396,26746,0,0,0,0,0
2020-08-28,US,New Mexico,Colfax,19,1,0,36.60569702,-104.64726740000002,35007.0,159.11565195544762,5.2631578947368425,18,19,1,0,18,19,12110,0,0,0,0,0
2020-08-28,US,New Mexico,Curry,660,3,0,34.57421077,-103.34688759999999,35009.0,1348.2044368182374,0.4545454545454545,657,655,3,0,652,650,49437,5,0,0,5,5
2020-08-28,US,New Mexico,Dona Ana,2793,41,0,32.35275771,-106.83293870000001,35013.0,1280.0476637869795,1.4679556032939491,2752,2772,41,0,2731,2752,217522,21,0,0,21,20
2020-08-28,US,New Mexico,Eddy,476,5,0,32.47167456,-104.3053527,35015.0,814.2319534724597,1.050420168067227,471,466,5,0,461,457,57900,10,0,0,10,9
2020-08-28,US,New Mexico,Grant,79,2,0,32.73911281,-108.3827845,35017.0,292.6142677235352,2.5316455696202533,77,78,2,0,76,76,27346,1,0,0,1,2
2020-08-28,US,New Mexico,Guadalupe,32,1,0,34.86319296,-104.790669,35019.0,744.1860465116278,3.125,31,32,1,0,31,32,4341,0,0,0,0,0
2020-08-28,US,New Mexico,Harding,2,0,0,35.85751555,-103.82209379999999,35021.0,320.0,0.0,2,2,0,0,2,2,655,0,0,0,0,0
2020-08-28,US,New Mexico,Hidalgo,97,1,0,31.91383467,-108.7151824,35023.0,2310.624106717485,1.0309278350515465,96,97,1,0,96,93,4240,0,0,0,0,4
2020-08-28,US,New Mexico,Lea,1097,10,0,32.79215361,-103.4123733,35025.0,1543.5486140424932,0.911577028258888,1087,1084,10,0,1074,1076,69611,13,0,0,13,8
2020-08-28,US,New Mexico,Lincoln,166,2,0,33.74526079,-105.4586166,35027.0,848.1504189658696,1.2048192771084338,164,166,2,0,164,164,19556,0,0,0,0,2
2020-08-28,US,New Mexico,Los Alamos,27,0,0,35.86631386,-106.31349850000001,35028.0,139.39800712478706,0.0,27,25,0,0,25,24,19101,2,0,0,2,1
2020-08-28,US,New Mexico,Luna,311,5,0,32.18179341,-107.75088259999998,35029.0,1311.738158505209,1.6077170418006432,306,307,5,0,302,275,23963,4,0,0,4,32
2020-08-28,US,New Mexico,McKinley,4178,242,0,35.58007720000001,-108.262245,35031.0,5854.246360362633,5.792245093346097,3936,4170,242,0,3928,4167,72290,8,0,0,8,3
2020-08-28,US,New Mexico,Mora,6,0,0,36.01095101,-104.9497716,35033.0,132.71400132713998,0.0,6,6,0,0,6,6,4506,0,0,0,0,0
2020-08-28,US,New Mexico,Otero,218,12,0,32.61348406,-105.7417604,35035.0,323.010816417247,5.504587155963303,206,218,11,0,207,218,66781,0,1,0,-1,0
2020-08-28,US,New Mexico,Quay,60,2,0,35.10403332,-103.54817270000001,35037.0,727.0083605961469,3.333333333333333,58,60,1,0,59,60,8253,0,1,0,-1,0
2020-08-28,US,New Mexico,Rio Arriba,353,12,0,36.51072137,-106.69316740000001,35039.0,906.9653914339302,3.39943342776204,341,353,12,0,341,352,39006,0,0,0,0,1
2020-08-28,US,New Mexico,Roosevelt,198,1,0,34.02097406,-103.4799493,35041.0,1070.2702702702702,0.5050505050505051,197,195,1,0,194,194,18743,3,0,0,3,1
2020-08-28,US,New Mexico,San Juan,3177,190,0,36.50838318,-108.32043700000001,35045.0,2562.964875199664,5.9804847340258105,2987,3167,190,0,2977,3162,125043,10,0,0,10,5
2020-08-28,US,New Mexico,San Miguel,77,0,0,35.48014807,-104.8163562,35047.0,282.28910803974037,0.0,77,77,0,0,77,75,27591,0,0,0,0,2
2020-08-28,US,New Mexico,Sandoval,1236,37,0,35.68862401,-106.86878030000001,35043.0,842.2602011611743,2.9935275080906147,1199,1234,37,0,1197,1230,145179,2,0,0,2,4
2020-08-28,US,New Mexico,Santa Fe,809,4,0,35.50708973,-105.9774716,35049.0,538.0491892682797,0.4944375772558714,805,806,4,0,802,791,150056,3,0,0,3,15
2020-08-28,US,New Mexico,Sierra,37,1,0,33.13028233,-107.1925893,35051.0,342.87832452970065,2.702702702702702,36,37,1,0,36,37,10968,0,0,0,0,0
2020-08-28,US,New Mexico,Socorro,77,6,0,34.00715494,-106.9298354,35053.0,462.8238264110117,7.792207792207793,71,77,6,0,71,77,16735,0,0,0,0,0
2020-08-28,US,New Mexico,Taos,115,2,0,36.58006022,-105.63101979999999,35055.0,351.43477065061273,1.7391304347826086,113,116,2,0,114,116,32835,-1,0,0,-1,0
2020-08-28,US,New Mexico,Torrance,63,1,0,34.64048375,-105.8508949,35057.0,407.4768773041847,1.5873015873015872,62,63,1,0,62,63,15591,0,0,0,0,0
2020-08-28,US,New Mexico,Unassigned,1319,0,0,0.0,0.0,90035.0,0.0,0.0,1319,1318,0,0,1318,1318,,1,0,0,1,0
2020-08-28,US,New Mexico,Union,31,2,0,36.48126404,-103.4709624,35059.0,763.7349100763735,6.451612903225807,29,31,2,0,29,31,4118,0,0,0,0,0
2020-08-28,US,New Mexico,Valencia,506,4,0,34.71669834,-106.8103733,35061.0,659.8163989150845,0.7905138339920948,502,504,4,0,500,499,76456,2,0,0,2,5
2020-08-28,US,New York,Albany,2746,131,0,42.60060306,-73.97723916,36001.0,898.8366840585782,4.770575382374362,2615,2736,131,0,2605,2718,307117,10,0,0,10,18
2020-08-28,US,New York,Allegany,87,1,0,42.25748406,-78.02750466,36003.0,188.7570241478814,1.1494252873563218,86,87,1,0,86,86,46430,0,0,0,0,1
2020-08-28,US,New York,Broome,1283,69,0,42.15903158,-75.81326086,36007.0,673.5332409390618,5.378020265003897,1214,1274,69,0,1205,1268,191659,9,0,0,9,6
2020-08-28,US,New York,Cattaraugus,197,6,0,42.24778241,-78.67923096,36009.0,258.8120919111368,3.045685279187817,191,188,6,0,182,185,76840,9,0,0,9,3
2020-08-28,US,New York,Cayuga,177,2,0,42.91261714,-76.55731592,36011.0,231.14291684078563,1.1299435028248588,175,176,2,0,174,175,77145,1,0,0,1,1
2020-08-28,US,New York,Chautauqua,355,9,0,42.22769210000001,-79.36691763,36013.0,279.7412196717178,2.5352112676056344,346,340,9,0,331,310,127939,15,0,0,15,30
2020-08-28,US,New York,Chemung,196,3,0,42.13891056,-76.7638805,36015.0,234.8542944785276,1.5306122448979589,193,194,3,0,191,194,84254,2,0,0,2,0
2020-08-28,US,New York,Chenango,224,7,0,42.49430041,-75.60887553,36017.0,474.50589954879575,3.125,217,224,7,0,217,223,47536,0,0,0,0,1
2020-08-28,US,New York,Clinton,149,5,0,44.74530905,-73.67875352,36019.0,185.12766353979003,3.355704697986577,144,148,5,0,143,147,80695,1,0,0,1,1
2020-08-28,US,New York,Columbia,568,37,0,42.24819348,-73.63089095,36021.0,955.2479776660333,6.514084507042254,531,568,37,0,531,564,59916,0,0,0,0,4
2020-08-28,US,New York,Cortland,98,0,0,42.59509207,-76.07048931,36023.0,205.9645656879847,0.0,98,98,0,0,98,98,47823,0,0,0,0,0
2020-08-28,US,New York,Delaware,112,4,0,42.19837623,-74.96709306,36025.0,253.76685170499604,3.571428571428572,108,110,4,0,106,109,44527,2,0,0,2,1
2020-08-28,US,New York,Dutchess,4827,153,0,41.76486060000001,-73.74356679,36027.0,1640.620220380806,3.1696706028589188,4674,4815,153,0,4662,4798,293718,12,0,0,12,17
2020-08-28,US,New York,Erie,9713,676,0,42.76249024,-78.73063652,36029.0,1057.252514961326,6.959744672088952,9037,9668,676,0,8992,9589,919719,45,0,0,45,79
2020-08-28,US,New York,Essex,126,0,0,44.11630765,-73.77297842,36031.0,341.6022773485157,0.0,126,119,0,0,119,105,37300,7,0,0,7,14
2020-08-28,US,New York,Franklin,58,0,0,44.59040891,-74.29926032,36033.0,115.94898244772301,0.0,58,58,0,0,58,57,50293,0,0,0,0,1
2020-08-28,US,New York,Fulton,310,24,0,43.11363907,-74.41798804,36035.0,580.7092145439558,7.741935483870968,286,310,24,0,286,309,53591,0,0,0,0,1
2020-08-28,US,New York,Genesee,293,5,0,43.0022601,-78.19135193,36037.0,511.5223463687152,1.706484641638225,288,292,5,0,287,292,57511,1,0,0,1,0
2020-08-28,US,New York,Greene,306,18,0,42.275797,-74.12384884,36039.0,648.4699499872847,5.882352941176472,288,306,18,0,288,306,47491,0,0,0,0,0
2020-08-28,US,New York,Hamilton,14,0,0,43.66146647,-74.49721957,36041.0,317.0289855072464,0.0,14,13,0,0,13,13,4434,1,0,0,1,0
2020-08-28,US,New York,Herkimer,294,4,0,43.42034246,-74.96145307,36043.0,479.4598737748496,1.3605442176870748,290,294,4,0,290,292,61833,0,0,0,0,2
2020-08-28,US,New York,Jefferson,149,0,0,44.04200959,-75.94653457,36045.0,135.6592676220478,0.0,149,148,0,0,148,146,111755,1,0,0,1,2
2020-08-28,US,New York,Lewis,48,0,0,43.784415700000004,-75.44903992,36049.0,182.5372680255552,0.0,48,48,0,0,48,48,26447,0,0,0,0,0
2020-08-28,US,New York,Livingston,181,8,0,42.72596275,-77.77966158,36051.0,287.6943128715389,4.419889502762431,173,181,8,0,173,181,63227,0,0,0,0,0
2020-08-28,US,New York,Madison,456,17,0,42.91653905,-75.67266639,36053.0,642.7876686260414,3.728070175438596,439,439,17,0,422,435,70795,17,0,0,17,4
2020-08-28,US,New York,Monroe,5398,289,0,43.14638895,-77.69322942,36055.0,727.7188346792133,5.353834753612449,5109,5385,289,0,5096,5364,742474,13,0,0,13,21
2020-08-28,US,New York,Montgomery,200,4,0,42.90123494,-74.44011632,36057.0,406.33063123463563,2.0,196,198,4,0,194,197,49455,2,0,0,2,1
2020-08-28,US,New York,Nassau,44503,2197,0,40.74066522,-73.58941873,36059.0,3279.697315398652,4.936745837359278,42306,44450,2196,0,42254,44403,1358343,53,1,0,52,47
2020-08-28,US,New York,New York City,233410,23680,0,40.76727260000001,-73.97152637,36061.0,2799.749592680276,10.145237993230797,209730,233140,23674,0,209466,232825,1628701,270,6,0,264,315
2020-08-28,US,New York,Niagara,1600,101,0,43.19898042,-78.74777412,36063.0,764.5223407762769,6.3125,1499,1595,101,0,1494,1590,210433,5,0,0,5,5
2020-08-28,US,New York,Oneida,2265,120,0,43.24375382,-75.43710392,36065.0,990.506010819037,5.298013245033113,2145,2264,120,0,2144,2259,229577,1,0,0,1,5
2020-08-28,US,New York,Onondaga,3847,204,0,43.00491923,-76.19971155,36067.0,835.3455164506827,5.3028333766571345,3643,3832,204,0,3628,3801,461809,15,0,0,15,31
2020-08-28,US,New York,Ontario,385,35,0,42.85145728,-77.30874425,36069.0,350.7109868187325,9.090909090909092,350,384,35,0,349,381,109864,1,0,0,1,3
2020-08-28,US,New York,Orange,11399,494,0,41.40337468,-74.30240757,36071.0,2961.2407128383643,4.333713483638916,10905,11382,494,0,10888,11366,381951,17,0,0,17,16
2020-08-28,US,New York,Orleans,306,54,0,43.2516977,-78.2320066,36073.0,758.3267248215703,17.647058823529417,252,305,54,0,251,305,40612,1,0,0,1,0
2020-08-28,US,New York,Oswego,288,3,0,43.42778894,-76.14635194,36075.0,245.89324135104675,1.0416666666666667,285,287,3,0,284,286,117898,1,0,0,1,1
2020-08-28,US,New York,Otsego,125,5,0,42.63492579,-75.03151402,36077.0,210.1087522901854,4.0,120,124,5,0,119,124,59749,1,0,0,1,0
2020-08-28,US,New York,Putnam,1492,63,0,41.42630093,-73.74965532,36079.0,1517.4938974776242,4.222520107238606,1429,1487,63,0,1424,1482,98892,5,0,0,5,5
2020-08-28,US,New York,Rensselaer,826,40,0,42.71348136,-73.51089874,36083.0,520.4329800773719,4.842615012106537,786,823,40,0,783,822,159442,3,0,0,3,1
2020-08-28,US,New York,Rockland,14197,674,0,41.15027894,-74.02560498,36087.0,4357.728468425883,4.747481862365288,13523,14183,674,0,13509,14161,325695,14,0,0,14,22
2020-08-28,US,New York,Saratoga,832,17,0,43.10904162,-73.86653895,36091.0,361.95472955630095,2.043269230769231,815,829,17,0,812,824,230163,3,0,0,3,5
2020-08-28,US,New York,Schenectady,1233,44,0,42.81668777,-74.05278291,36093.0,793.9523113477871,3.5685320356853203,1189,1231,44,0,1187,1211,155350,2,0,0,2,20
2020-08-28,US,New York,Schoharie,69,0,0,42.58831742,-74.44339029999998,36095.0,222.58782541372295,0.0,69,69,0,0,69,69,31097,0,0,0,0,0
2020-08-28,US,New York,Schuyler,25,0,0,42.39184015,-76.8773299,36097.0,140.3942269893862,0.0,25,24,0,0,24,24,17912,1,0,0,1,0
2020-08-28,US,New York,Seneca,98,3,0,42.78081007,-76.82497064,36099.0,288.0997177798684,3.0612244897959178,95,98,3,0,95,98,34300,0,0,0,0,0
2020-08-28,US,New York,St. Lawrence,270,4,0,44.4976179,-75.06550039,36089.0,250.6033042509746,1.4814814814814814,266,269,4,0,265,267,108047,1,0,0,1,2
2020-08-28,US,New York,Steuben,312,42,0,42.2689144,-77.3829924,36101.0,327.1160318309062,13.461538461538463,270,311,42,0,269,310,95796,1,0,0,1,1
2020-08-28,US,New York,Suffolk,44678,2001,0,40.88320119,-72.8012172,36103.0,3025.732747031865,4.4787143560589096,42677,44641,2001,0,42640,44605,1481093,37,0,0,37,36
2020-08-28,US,New York,Sullivan,1515,48,0,41.71579493,-74.76394559,36105.0,2008.431434934776,3.1683168316831685,1467,1506,48,0,1458,1499,75498,9,0,0,9,7
2020-08-28,US,New York,Tioga,207,25,0,42.16852837,-76.30835812,36107.0,429.4338526647719,12.07729468599034,182,206,25,0,181,206,48560,1,0,0,1,0
2020-08-28,US,New York,Tompkins,251,0,0,42.44945765,-76.47229843,36109.0,245.64494030142885,0.0,251,249,0,0,249,248,102793,2,0,0,2,1
2020-08-28,US,New York,Ulster,2155,94,0,41.89027881,-74.26252104,36111.0,1213.5853986811055,4.361948955916473,2061,2152,94,0,2058,2141,178599,3,0,0,3,11
2020-08-28,US,New York,Warren,320,33,0,43.56173026,-73.8433699,36113.0,500.4378831477543,10.3125,287,318,33,0,285,316,64265,2,0,0,2,2
2020-08-28,US,New York,Washington,267,14,0,43.31153794,-73.43043448,36115.0,436.2459969936605,5.243445692883896,253,266,14,0,252,266,61197,1,0,0,1,0
2020-08-28,US,New York,Wayne,279,5,0,43.15494365,-77.02976528,36117.0,310.2827020173936,1.7921146953405018,274,279,5,0,274,277,90064,0,0,0,0,2
2020-08-28,US,New York,Westchester,36863,1450,0,41.16278376,-73.75741653,36119.0,3810.1055704047303,3.9334834386783495,35413,36825,1449,0,35376,36780,967612,38,1,0,37,45
2020-08-28,US,New York,Wyoming,125,5,0,42.70145109,-78.22199579,36121.0,313.6054592438345,4.0,120,125,5,0,120,125,40085,0,0,0,0,0
2020-08-28,US,New York,Yates,60,7,0,42.63505484,-77.10369919,36123.0,240.83811664592784,11.666666666666664,53,60,7,0,53,60,24841,0,0,0,0,0
2020-08-28,US,North Carolina,Alamance,3027,45,0,36.0434701,-79.39976137,37001.0,1785.7458895987822,1.4866204162537169,2982,3012,44,0,2968,2955,166436,15,1,0,14,57
2020-08-28,US,North Carolina,Alexander,386,2,0,35.922379600000006,-81.17751948,37003.0,1029.4156865882603,0.5181347150259067,384,383,2,0,381,378,37353,3,0,0,3,5
2020-08-28,US,North Carolina,Alleghany,199,0,0,36.49360862,-81.12857041,37005.0,1786.8366705576007,0.0,199,195,0,0,195,193,11161,4,0,0,4,2
2020-08-28,US,North Carolina,Anson,432,3,0,34.97403241,-80.09953279,37007.0,1767.1602716190787,0.6944444444444444,429,429,3,0,426,421,24877,3,0,0,3,8
2020-08-28,US,North Carolina,Ashe,192,1,0,36.43296207,-81.49862729,37009.0,705.8045068558615,0.5208333333333334,191,190,1,0,189,187,27109,2,0,0,2,3
2020-08-28,US,North Carolina,Avery,132,0,0,36.07569796,-81.92308483,37011.0,751.8368741812383,0.0,132,127,0,0,127,121,17505,5,0,0,5,6
2020-08-28,US,North Carolina,Beaufort,541,9,0,35.48531943,-76.84325809,37013.0,1151.2107928671746,1.6635859519408502,532,524,9,0,515,512,47079,17,0,0,17,12
2020-08-28,US,North Carolina,Bertie,397,6,0,36.0688473,-76.96545943,37015.0,2095.318520082335,1.5113350125944585,391,385,5,0,380,372,19026,12,1,0,11,13
2020-08-28,US,North Carolina,Bladen,694,10,0,34.61296243,-78.56180059,37017.0,2120.8972556689687,1.4409221902017288,684,689,9,0,680,684,33190,5,1,0,4,5
2020-08-28,US,North Carolina,Brunswick,1371,24,0,34.070565,-78.22814204,37019.0,959.949586892592,1.7505470459518602,1347,1372,24,0,1348,1365,136744,-1,0,0,-1,7
2020-08-28,US,North Carolina,Buncombe,2386,69,0,35.61113393,-82.53305,37021.0,913.5077395469217,2.8918692372170995,2317,2347,67,0,2280,2314,259103,39,2,0,37,33
2020-08-28,US,North Carolina,Burke,1822,28,0,35.74989637,-81.70755735,37023.0,2013.5934132729185,1.5367727771679474,1794,1816,28,0,1788,1817,90382,6,0,0,6,-1
2020-08-28,US,North Carolina,Cabarrus,3094,52,0,35.3877799,-80.55267168,37025.0,1429.4096177923154,1.680672268907563,3042,3069,52,0,3017,3029,211342,25,0,0,25,40
2020-08-28,US,North Carolina,Caldwell,1403,16,0,35.95204977,-81.54799522,37027.0,1707.2695855338407,1.1404133998574484,1387,1393,14,0,1379,1369,82029,10,2,0,8,24
2020-08-28,US,North Carolina,Camden,93,3,0,36.33804939,-76.15568396,37029.0,855.8019692647465,3.2258064516129035,90,92,3,0,89,89,10710,1,0,0,1,3
2020-08-28,US,North Carolina,Carteret,466,5,0,34.8932941,-76.54120135,37031.0,670.7641817684569,1.072961373390558,461,460,5,0,455,446,69524,6,0,0,6,14
2020-08-28,US,North Carolina,Caswell,238,2,0,36.39312665,-79.33353281,37033.0,1052.9109892054505,0.8403361344537815,236,235,2,0,233,225,22698,3,0,0,3,10
2020-08-28,US,North Carolina,Catawba,2535,44,0,35.66211129,-81.2132617,37035.0,1588.8336644709216,1.7357001972386588,2491,2512,43,0,2469,2483,158652,23,1,0,22,29
2020-08-28,US,North Carolina,Chatham,1458,56,0,35.70394416,-79.25541492,37037.0,1957.83536994763,3.840877914951989,1402,1452,56,0,1396,1443,73139,6,0,0,6,9
2020-08-28,US,North Carolina,Cherokee,392,5,0,35.1349263,-84.05970864,37039.0,1370.0545225779392,1.2755102040816326,387,382,5,0,377,376,28383,10,0,0,10,6
2020-08-28,US,North Carolina,Chowan,203,2,0,36.12908077,-76.60118385,37041.0,1455.9277056587534,0.9852216748768472,201,199,2,0,197,193,14029,4,0,0,4,6
2020-08-28,US,North Carolina,Clay,87,1,0,35.05704275,-83.74353633,37043.0,774.6416169530763,1.1494252873563218,86,86,1,0,85,83,11139,1,0,0,1,3
2020-08-28,US,North Carolina,Cleveland,1568,32,0,35.33553364,-81.55204486,37045.0,1600.8657743473514,2.0408163265306123,1536,1537,32,0,1505,1509,97645,31,0,0,31,28
2020-08-28,US,North Carolina,Columbus,1083,51,0,34.26744084,-78.65801424,37047.0,1951.0701160193125,4.709141274238228,1032,1067,51,0,1016,1058,55655,16,0,0,16,9
2020-08-28,US,North Carolina,Craven,888,26,0,35.11833364,-77.08398081,37049.0,869.4034599907968,2.927927927927928,862,884,26,0,858,881,102912,4,0,0,4,3
2020-08-28,US,North Carolina,Cumberland,3949,65,0,35.04762133,-78.82623165,37051.0,1177.0176060850827,1.6459863256520637,3884,3914,65,0,3849,3861,332330,35,0,0,35,53
2020-08-28,US,North Carolina,Currituck,95,0,0,36.36123664,-75.95876401,37053.0,342.18204084572994,0.0,95,94,0,0,94,91,27072,1,0,0,1,3
2020-08-28,US,North Carolina,Dare,241,2,0,35.66520691,-75.71767334,37055.0,651.1929530654705,0.8298755186721992,239,239,2,0,237,236,36501,2,0,0,2,3
2020-08-28,US,North Carolina,Davidson,2128,32,0,35.79115496,-80.21256572,37057.0,1269.621559701448,1.5037593984962403,2096,2106,32,0,2074,2080,166614,22,0,0,22,26
2020-08-28,US,North Carolina,Davie,470,6,0,35.93099927,-80.54496571,37059.0,1096.9518741539466,1.2765957446808511,464,465,6,0,459,463,42733,5,0,0,5,2
2020-08-28,US,North Carolina,Duplin,2071,50,0,34.93449805,-77.93140529,37061.0,3525.646482014265,2.4142926122646067,2021,2065,50,0,2015,2061,58856,6,0,0,6,4
2020-08-28,US,North Carolina,Durham,6790,83,0,36.03638492,-78.87608331,37063.0,2112.053949136516,1.2223858615611194,6707,6753,83,0,6670,6699,316739,37,0,0,37,54
2020-08-28,US,North Carolina,Edgecombe,912,19,0,35.91230639,-77.59436892,37065.0,1771.8371153248368,2.083333333333333,893,891,19,0,872,871,52005,21,0,0,21,20
2020-08-28,US,North Carolina,Forsyth,6014,71,0,36.12859861,-80.25459052,37067.0,1573.1306974980055,1.1805786498170934,5943,5984,70,0,5914,5952,379099,30,1,0,29,32
2020-08-28,US,North Carolina,Franklin,1026,29,0,36.081519,-78.28708884,37069.0,1472.3398148812514,2.8265107212475638,997,1008,28,0,980,996,67560,18,1,0,17,12
2020-08-28,US,North Carolina,Gaston,3969,63,0,35.29373559,-81.17477045,37071.0,1767.7003861416565,1.5873015873015872,3906,3946,63,0,3883,3910,222846,23,0,0,23,36
2020-08-28,US,North Carolina,Gates,79,2,0,36.44667547,-76.69749701,37073.0,683.2727901747103,2.5316455696202533,77,76,2,0,74,75,11573,3,0,0,3,1
2020-08-28,US,North Carolina,Graham,54,0,0,35.3506925,-83.83369267,37075.0,639.7346285985072,0.0,54,51,0,0,51,50,8484,3,0,0,3,1
2020-08-28,US,North Carolina,Granville,1500,42,0,36.30337451,-78.65184241,37077.0,2481.676951838923,2.8,1458,1490,41,0,1449,1468,60115,10,1,0,9,22
2020-08-28,US,North Carolina,Greene,388,3,0,35.48544173,-77.67578087,37079.0,1841.568180739475,0.7731958762886598,385,384,3,0,381,378,21012,4,0,0,4,6
2020-08-28,US,North Carolina,Guilford,6636,170,0,36.07959451,-79.78824948,37081.0,1235.3539076723746,2.561784207353828,6466,6572,168,0,6404,6518,533670,64,2,0,62,54
2020-08-28,US,North Carolina,Halifax,846,10,0,36.25669272,-77.6556109,37083.0,1691.6616676664667,1.182033096926714,836,841,10,0,831,836,50574,5,0,0,5,5
2020-08-28,US,North Carolina,Harnett,1578,45,0,35.36731853,-78.87243571,37085.0,1160.4989115726305,2.8517110266159698,1533,1566,45,0,1521,1531,134214,12,0,0,12,35
2020-08-28,US,North Carolina,Haywood,498,25,0,35.55269063,-82.98196486,37087.0,799.1398815732465,5.020080321285142,473,493,25,0,468,491,61971,5,0,0,5,2
2020-08-28,US,North Carolina,Henderson,1675,60,0,35.33788927,-82.4766782,37089.0,1426.5395981842496,3.582089552238806,1615,1674,60,0,1614,1667,116748,1,0,0,1,7
2020-08-28,US,North Carolina,Hertford,514,14,0,36.3607755,-76.98104134,37091.0,2170.883135532373,2.723735408560312,500,491,14,0,477,486,23659,23,0,0,23,5
2020-08-28,US,North Carolina,Hoke,858,12,0,35.01888303,-79.23651674,37093.0,1553.3910272658145,1.3986013986013983,846,853,12,0,841,842,54764,5,0,0,5,11
2020-08-28,US,North Carolina,Hyde,91,0,0,35.42017674,-76.15180542,37095.0,1843.2246303423126,0.0,91,89,0,0,89,85,5230,2,0,0,2,4
2020-08-28,US,North Carolina,Iredell,2282,20,0,35.80950511,-80.8743128,37097.0,1255.184097334521,0.8764241893076249,2262,2271,19,0,2252,2239,178435,11,1,0,10,32
2020-08-28,US,North Carolina,Jackson,484,7,0,35.28814273,-83.14093385,37099.0,1101.5521871728342,1.4462809917355373,477,476,7,0,469,473,43327,8,0,0,8,3
2020-08-28,US,North Carolina,Johnston,3746,50,0,35.51745004,-78.36622717,37101.0,1789.442005550805,1.3347570742124932,3696,3717,50,0,3667,3664,202675,29,0,0,29,53
2020-08-28,US,North Carolina,Jones,130,7,0,35.02254606,-77.35870791,37103.0,1380.188979721839,5.384615384615384,123,128,6,0,122,128,9637,2,1,0,1,0
2020-08-28,US,North Carolina,Lee,1416,12,0,35.47623147,-79.17569362,37105.0,2292.04098480066,0.8474576271186439,1404,1403,12,0,1391,1391,61452,13,0,0,13,12
2020-08-28,US,North Carolina,Lenoir,765,14,0,35.24032589999999,-77.64245615,37107.0,1367.3166633898732,1.830065359477124,751,752,12,0,740,741,55976,13,2,0,11,11
2020-08-28,US,North Carolina,Lincoln,1076,12,0,35.48508185,-81.21740317,37109.0,1249.549999419354,1.1152416356877324,1064,1066,10,0,1056,1049,83770,10,2,0,8,17
2020-08-28,US,North Carolina,Macon,529,2,0,35.14867843,-83.41696617,37113.0,1475.2635395169837,0.3780718336483932,527,529,2,0,527,521,35285,0,0,0,0,8
2020-08-28,US,North Carolina,Madison,64,1,0,35.85402722,-82.71346418,37115.0,294.18524477131695,1.5625,63,62,1,0,61,58,21763,2,0,0,2,4
2020-08-28,US,North Carolina,Martin,325,7,0,35.84326734,-77.10860251,37117.0,1448.3065953654184,2.1538461538461537,318,323,7,0,316,318,22671,2,0,0,2,5
2020-08-28,US,North Carolina,McDowell,773,24,0,35.67736232,-82.0482425,37111.0,1689.3959262173264,3.104786545924968,749,767,24,0,743,762,45507,6,0,0,6,5
2020-08-28,US,North Carolina,Mecklenburg,24847,284,0,35.24469268,-80.8317671,37119.0,2237.75077542698,1.1429951301968044,24563,24744,284,0,24460,24545,1093901,103,0,0,103,199
2020-08-28,US,North Carolina,Mitchell,90,3,0,36.01059309,-82.1582442,37121.0,601.4434643143544,3.333333333333333,87,89,3,0,86,89,15000,1,0,0,1,0
2020-08-28,US,North Carolina,Montgomery,854,18,0,35.33155144,-79.90416657,37123.0,3142.825598940125,2.107728337236534,836,840,17,0,823,824,27271,14,1,0,13,16
2020-08-28,US,North Carolina,Moore,1264,21,0,35.30885257,-79.48474178,37125.0,1252.973830293418,1.6613924050632911,1243,1251,21,0,1230,1230,98682,13,0,0,13,21
2020-08-28,US,North Carolina,Nash,1580,21,0,35.96575634,-77.98422508,37127.0,1675.5392479161803,1.3291139240506329,1559,1547,21,0,1526,1518,94016,33,0,0,33,29
2020-08-28,US,North Carolina,New Hanover,2917,21,0,34.25758282,-77.87075626,37129.0,1244.0664810020771,0.7199177236887213,2896,2903,21,0,2882,2884,232274,14,0,0,14,19
2020-08-28,US,North Carolina,Northampton,336,17,0,36.41736238,-77.39769443,37131.0,1724.58040342863,5.059523809523808,319,335,17,0,318,333,19676,1,0,0,1,2
2020-08-28,US,North Carolina,Onslow,1440,12,0,34.72607366,-77.42908179,37133.0,727.5005304691368,0.8333333333333334,1428,1421,14,0,1407,1403,197683,19,-2,0,21,18
2020-08-28,US,North Carolina,Orange,2170,50,0,36.06092947,-79.12167935,37135.0,1461.515665831515,2.3041474654377883,2120,2143,50,0,2093,2090,146027,27,0,0,27,53
2020-08-28,US,North Carolina,Pamlico,99,2,0,35.15253315,-76.66559823,37137.0,777.9349363507779,2.0202020202020203,97,96,2,0,94,92,12670,3,0,0,3,4
2020-08-28,US,North Carolina,Pasquotank,532,23,0,36.26723798,-76.25134778,37139.0,1335.8778625954199,4.3233082706766925,509,523,23,0,500,515,39639,9,0,0,9,8
2020-08-28,US,North Carolina,Pender,754,4,0,34.52265624,-77.90352133,37141.0,1195.6866476371706,0.5305039787798409,750,752,4,0,748,743,62162,2,0,0,2,9
2020-08-28,US,North Carolina,Perquimans,127,2,0,36.17847453,-76.40603143,37143.0,943.3261531605141,1.5748031496062993,125,120,2,0,118,112,13422,7,0,0,7,8
2020-08-28,US,North Carolina,Person,307,3,0,36.38989032,-78.97217358,37145.0,777.4120030387439,0.977198697068404,304,302,3,0,299,298,39507,5,0,0,5,4
2020-08-28,US,North Carolina,Pitt,3229,17,0,35.59535426,-77.37353178,37147.0,1786.5244381494065,0.5264787860018582,3212,3088,17,0,3071,2934,179914,141,0,0,141,154
2020-08-28,US,North Carolina,Polk,219,7,0,35.27820615,-82.16812354,37149.0,1056.745801968732,3.1963470319634704,212,217,6,0,211,214,20611,2,1,0,1,3
2020-08-28,US,North Carolina,Randolph,2379,43,0,35.71015088,-79.80570339,37151.0,1655.912631293199,1.807482135350988,2336,2370,43,0,2327,2346,143351,9,0,0,9,24
2020-08-28,US,North Carolina,Richmond,649,9,0,35.00417719,-79.74491009,37153.0,1447.7235717950437,1.386748844375963,640,643,9,0,634,628,44887,6,0,0,6,15
2020-08-28,US,North Carolina,Robeson,3404,60,0,34.64244496,-79.10250529999998,37155.0,2605.933014354067,1.7626321974148058,3344,3368,59,0,3309,3303,131831,36,1,0,35,65
2020-08-28,US,North Carolina,Rockingham,743,8,0,36.39593137,-79.77504841,37157.0,816.3938028788043,1.0767160161507403,735,733,8,0,725,721,90690,10,0,0,10,12
2020-08-28,US,North Carolina,Rowan,2725,60,0,35.64003916,-80.52446628,37159.0,1917.8255728844092,2.201834862385321,2665,2708,60,0,2648,2628,141262,17,0,0,17,80
2020-08-28,US,North Carolina,Rutherford,915,19,0,35.40114178,-81.92112099,37161.0,1365.0807859284787,2.076502732240437,896,914,19,0,895,906,66826,1,0,0,1,8
2020-08-28,US,North Carolina,Sampson,1591,20,0,34.98820368,-78.36914061,37163.0,2504.289244620737,1.2570710245128849,1571,1587,20,0,1567,1574,63626,4,0,0,4,13
2020-08-28,US,North Carolina,Scotland,597,8,0,34.8386299,-79.4757978,37165.0,1714.3841713809838,1.340033500837521,589,597,8,0,589,573,34810,0,0,0,0,24
2020-08-28,US,North Carolina,Stanly,1440,31,0,35.31647813,-80.25093221,37167.0,2292.774575677483,2.1527777777777777,1409,1427,31,0,1396,1413,62075,13,0,0,13,14
2020-08-28,US,North Carolina,Stokes,325,3,0,36.4017975,-80.23893369,37169.0,712.85999429712,0.9230769230769232,322,322,3,0,319,321,45467,3,0,0,3,1
2020-08-28,US,North Carolina,Surry,1131,16,0,36.41689489,-80.69102283,37171.0,1575.5819623030525,1.4146772767462423,1115,1118,15,0,1103,1110,71948,13,1,0,12,8
2020-08-28,US,North Carolina,Swain,129,3,0,35.48665845,-83.48748932,37173.0,903.93104898045,2.3255813953488373,126,125,3,0,122,125,14245,4,0,0,4,0
2020-08-28,US,North Carolina,Transylvania,233,2,0,35.20383864,-82.79638423,37175.0,677.6210556928893,0.8583690987124464,231,228,2,0,226,215,34215,5,0,0,5,13
2020-08-28,US,North Carolina,Tyrrell,105,2,0,35.87147226,-76.17055253,37177.0,2614.5418326693225,1.9047619047619049,103,105,2,0,103,104,4131,0,0,0,0,1
2020-08-28,US,North Carolina,Union,3830,48,0,34.98960527,-80.52955873,37179.0,1596.7714365523075,1.2532637075718016,3782,3806,48,0,3758,3751,235908,24,0,0,24,55
2020-08-28,US,North Carolina,Vance,894,42,0,36.36880673,-78.40670845,37181.0,2007.4099023240149,4.697986577181208,852,882,42,0,840,871,44582,12,0,0,12,11
2020-08-28,US,North Carolina,Wake,14536,198,0,35.78879266,-78.65249174,37183.0,1307.4752577217587,1.3621353880022014,14338,14387,197,0,14190,14151,1092305,149,1,0,148,236
2020-08-28,US,North Carolina,Warren,287,6,0,36.39728256,-78.10652228,37185.0,1454.5638842430692,2.0905923344947737,281,287,6,0,281,283,19807,0,0,0,0,4
2020-08-28,US,North Carolina,Washington,172,4,0,35.83810081,-76.57299037,37187.0,1485.3195164075994,2.3255813953488373,168,170,4,0,166,169,11859,2,0,0,2,1
2020-08-28,US,North Carolina,Watauga,407,0,0,36.23103603,-81.70033724,37189.0,724.4957900920308,0.0,407,404,0,0,404,391,55945,3,0,0,3,13
2020-08-28,US,North Carolina,Wayne,2767,51,0,35.36438125,-78.00027268,37191.0,2247.2001364400517,1.8431514275388508,2716,2751,51,0,2700,2717,123248,16,0,0,16,34
2020-08-28,US,North Carolina,Wilkes,1005,20,0,36.2084135,-81.16232895,37193.0,1469.0405192071564,1.9900497512437807,985,1002,20,0,982,999,68557,3,0,0,3,3
2020-08-28,US,North Carolina,Wilson,1698,36,0,35.70625477,-77.917978,37195.0,2075.769244874757,2.120141342756184,1662,1694,36,0,1658,1677,81455,4,0,0,4,17
2020-08-28,US,North Carolina,Yadkin,618,7,0,36.16222629,-80.66239436,37197.0,1640.6934451907505,1.132686084142395,611,614,7,0,607,604,37543,4,0,0,4,10
2020-08-28,US,North Carolina,Yancey,87,0,0,35.90079156,-82.31237181,37199.0,481.48763074879633,0.0,87,87,0,0,87,87,17903,0,0,0,0,0
2020-08-28,US,North Dakota,Adams,5,0,0,46.09686891,-102.5285397,38001.0,225.6317689530686,0.0,5,4,0,0,4,5,2294,1,0,0,1,-1
2020-08-28,US,North Dakota,Barnes,83,0,0,46.93579637,-98.06605978,38003.0,796.9275084013443,0.0,83,77,0,0,77,63,10542,6,0,0,6,14
2020-08-28,US,North Dakota,Benson,222,3,0,48.0683985,-99.35916363,38005.0,3249.414519906323,1.351351351351351,219,209,3,0,206,209,6962,13,0,0,13,0
2020-08-28,US,North Dakota,Billings,4,0,0,47.02366884,-103.3762965,38007.0,431.0344827586207,0.0,4,4,0,0,4,4,919,0,0,0,0,0
2020-08-28,US,North Dakota,Bottineau,26,0,0,48.79106111,-100.8378166,38009.0,413.880929640242,0.0,26,26,0,0,26,25,6411,0,0,0,0,1
2020-08-28,US,North Dakota,Bowman,15,0,0,46.11285362,-103.5203343,38011.0,496.03174603174597,0.0,15,14,0,0,14,14,3076,1,0,0,1,0
2020-08-28,US,North Dakota,Burke,24,1,0,48.79094471,-102.51821170000001,38013.0,1134.7517730496456,4.166666666666667,23,23,1,0,22,24,2100,1,0,0,1,-1
2020-08-28,US,North Dakota,Burleigh,1915,14,0,46.97847375,-100.46452140000001,38015.0,2002.5934369313784,0.7310704960835509,1901,1865,14,0,1851,1810,95273,50,0,0,50,55
2020-08-28,US,North Dakota,Cass,3430,76,0,46.93201724,-97.24447190000001,38017.0,1885.4130593712725,2.2157434402332363,3354,3375,76,0,3299,3339,181516,55,0,0,55,36
2020-08-28,US,North Dakota,Cavalier,33,0,0,48.77286211,-98.46685243,38019.0,877.1929824561405,0.0,33,32,0,0,32,32,3829,1,0,0,1,0
2020-08-28,US,North Dakota,Dickey,24,0,0,46.11017712,-98.50490079999999,38021.0,492.61083743842363,0.0,24,24,0,0,24,22,4903,0,0,0,0,2
2020-08-28,US,North Dakota,Divide,5,0,0,48.814938700000006,-103.48736109999999,38023.0,220.84805653710248,0.0,5,5,0,0,5,5,2283,0,0,0,0,0
2020-08-28,US,North Dakota,Dunn,48,0,0,47.35423935,-102.61604679999999,38025.0,1084.9909584086802,0.0,48,45,0,0,45,46,4332,3,0,0,3,-1
2020-08-28,US,North Dakota,Eddy,30,0,0,47.71701474,-98.90432337,38027.0,1311.7621337997375,0.0,30,31,0,0,31,26,2313,-1,0,0,-1,5
2020-08-28,US,North Dakota,Emmons,25,1,0,46.28398398,-100.2389766,38029.0,771.3668620796051,4.0,24,25,1,0,24,25,3295,0,0,0,0,0
2020-08-28,US,North Dakota,Foster,30,0,0,47.457108399999996,-98.88279923,38031.0,934.5794392523364,0.0,30,29,0,0,29,28,3216,1,0,0,1,1
2020-08-28,US,North Dakota,Golden Valley,30,0,0,46.94022281,-103.8465421,38033.0,1703.5775127768313,0.0,30,28,0,0,28,26,1769,2,0,0,2,2
2020-08-28,US,North Dakota,Grand Forks,1297,10,0,47.92093639,-97.45450447,38035.0,1867.5037076499973,0.7710100231303006,1287,1251,10,0,1241,1170,70770,46,0,0,46,81
2020-08-28,US,North Dakota,Grant,9,0,0,46.35821257,-101.63900129999999,38037.0,395.77836411609496,0.0,9,9,0,0,9,9,2374,0,0,0,0,0
2020-08-28,US,North Dakota,Griggs,36,1,0,47.45785838,-98.23850925,38039.0,1613.6261766024204,2.7777777777777777,35,36,1,0,35,38,2232,0,0,0,0,-2
2020-08-28,US,North Dakota,Hettinger,18,0,0,46.43375068,-102.4632417,38041.0,720.2881152460982,0.0,18,15,0,0,15,14,2514,3,0,0,3,1
2020-08-28,US,North Dakota,Kidder,30,0,0,46.97830064,-99.77507857,38043.0,1209.6774193548388,0.0,30,29,0,0,29,28,2450,1,0,0,1,1
2020-08-28,US,North Dakota,LaMoure,20,0,0,46.45681054,-98.53542355,38045.0,494.31537320810685,0.0,20,19,0,0,19,18,4062,1,0,0,1,1
2020-08-28,US,North Dakota,Logan,10,0,0,46.45729487,-99.47719806,38047.0,540.5405405405405,0.0,10,9,0,0,9,9,1903,1,0,0,1,0
2020-08-28,US,North Dakota,McHenry,34,1,0,48.23104458,-100.6324822,38049.0,591.8189730200174,2.9411764705882355,33,33,1,0,32,29,5816,1,0,0,1,4
2020-08-28,US,North Dakota,McIntosh,44,3,0,46.11182017,-99.44145858,38051.0,1762.1145374449338,6.8181818181818175,41,45,3,0,42,44,2585,-1,0,0,-1,1
2020-08-28,US,North Dakota,McKenzie,113,2,0,47.74133370000001,-103.395905,38053.0,752.1299254526092,1.7699115044247788,111,113,2,0,111,111,13632,0,0,0,0,2
2020-08-28,US,North Dakota,McLean,148,1,0,47.60766714,-101.3182418,38055.0,1566.1375661375662,0.6756756756756757,147,145,1,0,144,137,9541,3,0,0,3,8
2020-08-28,US,North Dakota,Mercer,39,0,0,47.31213126,-101.8318399,38057.0,476.3649688530597,0.0,39,38,0,0,38,39,8267,1,0,0,1,-1
2020-08-28,US,North Dakota,Morton,610,5,0,46.71681782,-101.2822377,38059.0,1944.904986608851,0.819672131147541,605,581,5,0,576,559,31095,29,0,0,29,22
2020-08-28,US,North Dakota,Mountrail,168,1,0,48.20197971,-102.3555315,38061.0,1593.172119487909,0.5952380952380952,167,166,1,0,165,163,10218,2,0,0,2,3
2020-08-28,US,North Dakota,Nelson,27,0,0,47.9226426,-98.19038437,38063.0,937.8256339006599,0.0,27,28,0,0,28,28,2869,-1,0,0,-1,0
2020-08-28,US,North Dakota,Oliver,10,0,0,47.11530482,-101.3406158,38065.0,510.46452271567125,0.0,10,10,0,0,10,10,1952,0,0,0,0,0
2020-08-28,US,North Dakota,Pembina,33,0,0,48.76623521,-97.5523809,38067.0,485.22276135862376,0.0,33,29,0,0,29,29,6947,4,0,0,4,0
2020-08-28,US,North Dakota,Pierce,24,0,0,48.24977025,-99.96407787,38069.0,603.7735849056604,0.0,24,24,0,0,24,24,4081,0,0,0,0,0
2020-08-28,US,North Dakota,Ramsey,115,2,0,48.26886249,-98.72223879,38071.0,998.3505512631303,1.7391304347826086,113,115,2,0,113,114,11481,0,0,0,0,1
2020-08-28,US,North Dakota,Ransom,40,0,0,46.45621782,-97.65742504,38073.0,766.5772326561902,0.0,40,38,0,0,38,37,5237,2,0,0,2,1
2020-08-28,US,North Dakota,Renville,11,0,0,48.71982533,-101.6603912,38075.0,472.71164589600335,0.0,11,11,0,0,11,11,2374,0,0,0,0,0
2020-08-28,US,North Dakota,Richland,132,1,0,46.26440649,-96.94852979,38077.0,815.9732954194226,0.7575757575757576,131,129,1,0,128,124,16239,3,0,0,3,5
2020-08-28,US,North Dakota,Rolette,108,2,0,48.77245354,-99.84097493,38079.0,761.8510158013544,1.851851851851852,106,106,2,0,104,106,14301,2,0,0,2,0
2020-08-28,US,North Dakota,Sargent,15,0,0,46.10830372,-97.63217159,38081.0,384.8127244740893,0.0,15,13,0,0,13,13,3870,2,0,0,2,0
2020-08-28,US,North Dakota,Sheridan,9,0,0,47.57700669,-100.3426391,38083.0,684.4106463878327,0.0,9,9,0,0,9,9,1349,0,0,0,0,0
2020-08-28,US,North Dakota,Sioux,120,2,0,46.11323337,-101.04401490000001,38085.0,2836.8794326241136,1.6666666666666667,118,119,2,0,117,119,4358,1,0,0,1,0
2020-08-28,US,North Dakota,Slope,6,0,0,46.44737738,-103.4601547,38087.0,800.0,0.0,6,5,0,0,5,5,763,1,0,0,1,0
2020-08-28,US,North Dakota,Stark,659,6,0,46.80851182,-102.65763259999999,38089.0,2092.794309123821,0.9104704097116844,653,611,6,0,605,556,30997,48,0,0,48,55
2020-08-28,US,North Dakota,Steele,18,0,0,47.45611548,-97.72728747,38091.0,952.3809523809523,0.0,18,18,0,0,18,17,1903,0,0,0,0,1
2020-08-28,US,North Dakota,Stutsman,165,3,0,46.97962541,-98.95637318,38093.0,796.9474497681607,1.818181818181818,162,154,3,0,151,152,20917,11,0,0,11,2
2020-08-28,US,North Dakota,Towner,6,0,0,48.68565745,-99.24564265,38095.0,274.09776153494744,0.0,6,6,0,0,6,6,2192,0,0,0,0,0
2020-08-28,US,North Dakota,Traill,68,0,0,47.45367788,-97.16323288,38097.0,846.1921353907418,0.0,68,65,0,0,65,67,8037,3,0,0,3,-2
2020-08-28,US,North Dakota,Walsh,137,1,0,48.36876964,-97.72574783,38099.0,1287.472981862607,0.7299270072992701,136,140,1,0,139,141,10667,-3,0,0,-3,-1
2020-08-28,US,North Dakota,Ward,468,1,0,48.22390169,-101.54367629999999,38101.0,691.8880560606732,0.21367521367521367,467,463,1,0,462,444,67744,5,0,0,5,19
2020-08-28,US,North Dakota,Wells,28,0,0,47.58614526,-99.65904998,38103.0,730.3077725612936,0.0,28,28,0,0,28,28,3957,0,0,0,0,0
2020-08-28,US,North Dakota,Williams,386,2,0,48.34522353,-103.4793387,38105.0,1026.896166431669,0.5181347150259067,384,374,2,0,372,356,35350,12,0,0,12,18
2020-08-28,US,Ohio,Adams,89,4,0,38.84541072,-83.4718964,39001.0,321.3228391941656,4.49438202247191,85,88,4,0,84,86,27724,1,0,0,1,2
2020-08-28,US,Ohio,Allen,1113,51,0,40.77285242,-84.10802343,39003.0,1087.4344168596301,4.5822102425876015,1062,1071,51,0,1020,1052,102663,42,0,0,42,19
2020-08-28,US,Ohio,Ashland,163,3,0,40.84772277,-82.27280781,39005.0,304.7640415825293,1.8404907975460123,160,162,3,0,159,162,53745,1,0,0,1,0
2020-08-28,US,Ohio,Ashtabula,602,46,0,41.70860332,-80.74830218,39007.0,619.0804290371344,7.6411960132890355,556,598,46,0,552,595,97493,4,0,0,4,3
2020-08-28,US,Ohio,Athens,381,2,0,39.33425634,-82.04278644,39009.0,583.2198019195738,0.5249343832020997,379,376,2,0,374,376,65818,5,0,0,5,0
2020-08-28,US,Ohio,Auglaize,393,8,0,40.55998859,-84.22421429999999,39011.0,860.7850008761169,2.0356234096692107,385,387,8,0,379,377,45804,6,0,0,6,10
2020-08-28,US,Ohio,Belmont,677,26,0,40.01625942,-80.9924051,39013.0,1010.3572814374833,3.840472673559823,651,677,26,0,651,676,67505,0,0,0,0,1
2020-08-28,US,Ohio,Brown,204,2,0,38.93416837,-83.86788395,39015.0,469.6997605452201,0.9803921568627452,202,197,2,0,195,195,43602,7,0,0,7,2
2020-08-28,US,Ohio,Butler,3798,73,0,39.44012838,-84.57388716,39017.0,991.2980836991758,1.9220642443391256,3725,3686,73,0,3613,3613,382378,112,0,0,112,73
2020-08-28,US,Ohio,Carroll,125,6,0,40.578968599999996,-81.09178213,39019.0,464.44229768893507,4.8,119,125,6,0,119,123,27081,0,0,0,0,2
2020-08-28,US,Ohio,Champaign,243,2,0,40.13923427,-83.76875242,39021.0,624.9196348206249,0.8230452674897121,241,242,2,0,240,239,38754,1,0,0,1,3
2020-08-28,US,Ohio,Clark,1394,27,0,39.91592258,-83.78498252,39023.0,1039.6545423357177,1.9368723098995693,1367,1383,23,0,1360,1373,134585,11,4,0,7,10
2020-08-28,US,Ohio,Clermont,1246,14,0,39.04847534,-84.15375786,39025.0,603.6002867828007,1.1235955056179776,1232,1220,14,0,1206,1193,205466,26,0,0,26,27
2020-08-28,US,Ohio,Clinton,234,10,0,39.41485808,-83.80852286,39027.0,557.5676706061762,4.2735042735042725,224,232,10,0,222,224,42057,2,0,0,2,8
2020-08-28,US,Ohio,Columbiana,1798,64,0,40.76932373,-80.78094576,39029.0,1764.7693923421964,3.5595105672969964,1734,1786,64,0,1722,1781,102665,12,0,0,12,5
2020-08-28,US,Ohio,Coshocton,215,9,0,40.30096166,-81.91729018,39031.0,587.4316939890709,4.186046511627906,206,214,9,0,205,211,36629,1,0,0,1,3
2020-08-28,US,Ohio,Crawford,193,5,0,40.85065156,-82.91989099,39033.0,465.1274883115631,2.5906735751295336,188,191,5,0,186,190,41550,2,0,0,2,1
2020-08-28,US,Ohio,Cuyahoga,15452,571,0,41.424119,-81.65918339,39035.0,1251.1011503782775,3.6953145223919233,14881,15316,570,0,14746,15192,1243857,136,1,0,135,124
2020-08-28,US,Ohio,Darke,598,35,0,40.13412966,-84.6194517,39037.0,1169.9567624674742,5.852842809364549,563,578,35,0,543,556,51323,20,0,0,20,22
2020-08-28,US,Ohio,Defiance,203,5,0,41.32398837,-84.49076944,39039.0,532.9902591435398,2.4630541871921183,198,202,5,0,197,196,38165,1,0,0,1,6
2020-08-28,US,Ohio,Delaware,1606,20,0,40.27942393,-83.00457058,39041.0,767.7708352256701,1.2453300124533002,1586,1580,20,0,1560,1565,204826,26,0,0,26,15
2020-08-28,US,Ohio,Erie,760,36,0,41.36796058,-82.62904521,39043.0,1023.3485040260684,4.7368421052631575,724,756,36,0,720,747,74615,4,0,0,4,9
2020-08-28,US,Ohio,Fairfield,1690,40,0,39.75107189,-82.63088163,39045.0,1072.5119626334294,2.366863905325444,1650,1653,40,0,1613,1630,155782,37,0,0,37,23
2020-08-28,US,Ohio,Fayette,189,4,0,39.56021306,-83.4562016,39047.0,662.5766871165645,2.1164021164021163,185,182,3,0,179,181,28666,7,1,0,6,1
2020-08-28,US,Ohio,Franklin,21320,559,0,39.96995815,-83.01115755,39049.0,1619.1306513887162,2.6219512195121952,20761,21133,556,0,20577,20954,1310300,187,3,0,184,179
2020-08-28,US,Ohio,Fulton,180,1,0,41.60213491,-84.12571393,39051.0,427.2895598917533,0.5555555555555556,179,179,1,0,178,178,42276,1,0,0,1,1
2020-08-28,US,Ohio,Gallia,134,3,0,38.82708533,-82.31647569,39053.0,448.19051441568,2.238805970149253,131,130,3,0,127,130,29979,4,0,0,4,0
2020-08-28,US,Ohio,Geauga,608,46,0,41.49952319,-81.17935342,39055.0,649.2327734412539,7.565789473684211,562,605,46,0,559,598,94031,3,0,0,3,7
2020-08-28,US,Ohio,Greene,945,16,0,39.69116283,-83.89032084,39057.0,559.3801239515323,1.693121693121693,929,932,16,0,916,916,167995,13,0,0,13,16
2020-08-28,US,Ohio,Guernsey,128,7,0,40.05026529,-81.49248905,39059.0,329.26045016077165,5.46875,121,128,7,0,121,129,39022,0,0,0,0,-1
2020-08-28,US,Ohio,Hamilton,10903,285,0,39.19673558,-84.54502924,39061.0,1333.7443560827085,2.61395946069889,10618,10836,284,0,10552,10727,816684,67,1,0,66,109
2020-08-28,US,Ohio,Hancock,511,6,0,41.00250487,-83.66838948,39063.0,674.2937070319201,1.1741682974559686,505,504,6,0,498,487,75930,7,0,0,7,17
2020-08-28,US,Ohio,Hardin,214,13,0,40.66015414,-83.65929931,39065.0,682.2891758329347,6.074766355140188,201,212,13,0,199,210,31480,2,0,0,2,2
2020-08-28,US,Ohio,Harrison,28,1,0,40.29380509,-81.09068544,39067.0,186.17021276595744,3.571428571428572,27,28,1,0,27,28,15174,0,0,0,0,0
2020-08-28,US,Ohio,Henry,208,3,0,41.333964200000004,-84.06830637,39069.0,770.1992149892618,1.4423076923076923,205,207,3,0,204,201,27086,1,0,0,1,6
2020-08-28,US,Ohio,Highland,188,3,0,39.1839264,-83.60331456,39071.0,435.57841569935823,1.5957446808510638,185,186,3,0,183,185,43058,2,0,0,2,1
2020-08-28,US,Ohio,Hocking,138,9,0,39.49537927,-82.47991446,39073.0,488.2536088310218,6.521739130434782,129,136,9,0,127,134,28385,2,0,0,2,2
2020-08-28,US,Ohio,Holmes,348,7,0,40.56163713,-81.92635677,39075.0,791.6287534121929,2.0114942528735638,341,349,7,0,342,343,43892,-1,0,0,-1,6
2020-08-28,US,Ohio,Huron,468,6,0,41.14651175,-82.59867951,39077.0,803.2128514056226,1.2820512820512822,462,465,6,0,459,462,58504,3,0,0,3,3
2020-08-28,US,Ohio,Jackson,159,1,0,39.01914254,-82.61818559999998,39079.0,490.5439175639403,0.6289308176100629,158,153,1,0,152,148,32384,6,0,0,6,5
2020-08-28,US,Ohio,Jefferson,265,4,0,40.38614126,-80.76259514,39081.0,405.66398775353997,1.509433962264151,261,264,4,0,260,263,65767,1,0,0,1,1
2020-08-28,US,Ohio,Knox,242,14,0,40.39830217,-82.42027563,39083.0,388.30589518949967,5.785123966942148,228,238,13,0,225,238,61893,4,1,0,3,0
2020-08-28,US,Ohio,Lake,1296,44,0,41.69710807,-81.23676539,39085.0,563.113461279432,3.3950617283950617,1252,1285,44,0,1241,1267,230514,11,0,0,11,18
2020-08-28,US,Ohio,Lawrence,422,14,0,38.59743452,-82.53466552,39087.0,709.6850142105175,3.3175355450236967,408,416,7,0,409,400,59866,6,7,0,-1,16
2020-08-28,US,Ohio,Licking,1547,57,0,40.09136236,-82.48185785,39089.0,874.6932636745032,3.684550743374273,1490,1536,57,0,1479,1520,175769,11,0,0,11,16
2020-08-28,US,Ohio,Logan,229,2,0,40.38996525,-83.76784341,39091.0,501.4012961989842,0.8733624454148472,227,227,2,0,225,225,45358,2,0,0,2,2
2020-08-28,US,Ohio,Lorain,2075,81,0,41.29553751,-82.15083537,39093.0,669.7156209958267,3.903614457831325,1994,2059,81,0,1978,2045,309461,16,0,0,16,14
2020-08-28,US,Ohio,Lucas,6292,341,0,41.62101218,-83.65468618,39095.0,1468.8991194075845,5.419580419580419,5951,6256,341,0,5915,6197,429899,36,0,0,36,59
2020-08-28,US,Ohio,Madison,679,11,0,39.89381073,-83.40178317,39097.0,1517.9629339831436,1.6200294550810015,668,669,11,0,658,662,44413,10,0,0,10,7
2020-08-28,US,Ohio,Mahoning,2835,265,0,41.01631101,-80.77287029,39099.0,1239.7073678410725,9.347442680776012,2570,2825,264,0,2561,2812,229642,10,1,0,9,13
2020-08-28,US,Ohio,Marion,2996,46,0,40.58610662,-83.15736305,39101.0,4602.645445746854,1.535380507343124,2950,2995,46,0,2949,2990,65256,1,0,0,1,5
2020-08-28,US,Ohio,Medina,1155,37,0,41.11770589,-81.89986209999998,39103.0,642.5734091440144,3.203463203463204,1118,1139,37,0,1102,1119,179146,16,0,0,16,20
2020-08-28,US,Ohio,Meigs,115,3,0,39.09224872,-82.0305041,39105.0,502.02994717771867,2.608695652173913,112,110,3,0,107,106,23106,5,0,0,5,4
2020-08-28,US,Ohio,Mercer,808,17,0,40.54043046,-84.62912742,39107.0,1962.4987855824347,2.103960396039604,791,799,17,0,782,786,40959,9,0,0,9,13
2020-08-28,US,Ohio,Miami,1030,43,0,40.0543329,-84.22871271,39109.0,962.733790086646,4.174757281553398,987,1022,43,0,979,1004,106222,8,0,0,8,18
2020-08-28,US,Ohio,Monroe,103,18,0,39.72984936,-81.08464734,39111.0,754.3576973780578,17.475728155339805,85,103,18,0,85,103,13790,0,0,0,0,0
2020-08-28,US,Ohio,Montgomery,5436,122,0,39.75394919,-84.29050975,39113.0,1022.4060396436247,2.2442972774098604,5314,5301,120,0,5181,5215,532331,135,2,0,133,86
2020-08-28,US,Ohio,Morgan,43,0,0,39.62081738,-81.85308173,39115.0,296.38819961400606,0.0,43,43,0,0,43,43,14604,0,0,0,0,0
2020-08-28,US,Ohio,Morrow,223,2,0,40.52363560000001,-82.7892599,39117.0,631.2273550724638,0.8968609865470852,221,222,2,0,220,220,35112,1,0,0,1,2
2020-08-28,US,Ohio,Muskingum,296,1,0,39.96575964,-81.94363275,39119.0,343.3277271936438,0.33783783783783783,295,294,1,0,293,294,86183,2,0,0,2,0
2020-08-28,US,Ohio,Noble,21,0,0,39.76818851,-81.45937183,39121.0,145.59068219633943,0.0,21,21,0,0,21,21,14354,0,0,0,0,0
2020-08-28,US,Ohio,Ottawa,446,29,0,41.53781826,-83.0940185,39123.0,1100.5552128315858,6.502242152466367,417,445,29,0,416,444,40769,1,0,0,1,1
2020-08-28,US,Ohio,Paulding,79,0,0,41.11676341,-84.5801017,39125.0,423.0934018851757,0.0,79,79,0,0,79,79,18760,0,0,0,0,0
2020-08-28,US,Ohio,Perry,224,6,0,39.73508655,-82.23804971,39127.0,619.9147617202634,2.6785714285714284,218,221,6,0,215,219,36033,3,0,0,3,2
2020-08-28,US,Ohio,Pickaway,2484,43,0,39.64170392,-83.0243386,39129.0,4249.2772465230855,1.7310789049919484,2441,2470,42,0,2428,2462,58086,14,1,0,13,8
2020-08-28,US,Ohio,Pike,102,0,0,39.07634001,-83.06769584,39131.0,367.2763934898459,0.0,102,101,0,0,101,100,28067,1,0,0,1,1
2020-08-28,US,Ohio,Portage,838,65,0,41.16793482,-81.19735782,39133.0,515.8002289709847,7.756563245823388,773,838,65,0,773,835,162927,0,0,0,0,3
2020-08-28,US,Ohio,Preble,329,4,0,39.7420247,-84.64787018,39135.0,804.7551489653148,1.2158054711246202,325,328,3,0,325,323,40997,1,1,0,0,5
2020-08-28,US,Ohio,Putnam,303,17,0,41.02094889,-84.1336111,39137.0,894.8347656596083,5.6105610561056105,286,294,17,0,277,279,33780,9,0,0,9,15
2020-08-28,US,Ohio,Richland,693,17,0,40.77180308,-82.53799609999999,39139.0,571.999273651716,2.453102453102453,676,689,17,0,672,687,121099,4,0,0,4,2
2020-08-28,US,Ohio,Ross,672,10,0,39.33705391,-83.06000914,39141.0,876.5293611248793,1.488095238095238,662,654,10,0,644,636,76931,18,0,0,18,18
2020-08-28,US,Ohio,Sandusky,505,17,0,41.35624126,-83.137872,39143.0,862.9823302231794,3.366336633663366,488,499,17,0,482,494,58799,6,0,0,6,5
2020-08-28,US,Ohio,Scioto,339,3,0,38.80270163,-82.98907345,39145.0,450.1155163714582,0.8849557522123894,336,330,2,0,328,317,75502,9,1,0,8,13
2020-08-28,US,Ohio,Seneca,334,11,0,41.12351311,-83.12783209,39147.0,605.3137119866614,3.2934131736526946,323,321,11,0,310,309,55207,13,0,0,13,12
2020-08-28,US,Ohio,Shelby,336,4,0,40.33163494,-84.20258189,39149.0,691.500308705495,1.1904761904761905,332,328,4,0,324,318,48627,8,0,0,8,10
2020-08-28,US,Ohio,Stark,2276,151,0,40.81482476,-81.36437305,39151.0,614.1292909451008,6.634446397188048,2125,2250,151,0,2099,2218,371574,26,0,0,26,32
2020-08-28,US,Ohio,Summit,4318,235,0,41.12464734,-81.53123079,39153.0,798.1323923824382,5.442334414080593,4083,4281,234,0,4047,4256,541918,37,1,0,36,25
2020-08-28,US,Ohio,Trumbull,1740,121,0,41.31735028,-80.76109643,39155.0,878.9032903310533,6.954022988505748,1619,1735,117,0,1618,1725,198627,5,4,0,1,10
2020-08-28,US,Ohio,Tuscarawas,853,16,0,40.44214695,-81.47226262,39157.0,927.3049452640048,1.875732708089097,837,848,16,0,832,846,92176,5,0,0,5,2
2020-08-28,US,Ohio,Union,355,1,0,40.30016061,-83.37239023,39159.0,601.8173187767003,0.28169014084507044,354,348,1,0,347,341,57835,7,0,0,7,7
2020-08-28,US,Ohio,Van Wert,87,2,0,40.8554138,-84.59111700000003,39161.0,307.6923076923077,2.2988505747126435,85,85,2,0,83,84,28281,2,0,0,2,1
2020-08-28,US,Ohio,Vinton,37,2,0,39.25208988,-82.4831444,39163.0,282.7665265571265,5.405405405405406,35,36,2,0,34,36,13139,1,0,0,1,0
2020-08-28,US,Ohio,Warren,2234,42,0,39.42581994,-84.16557457,39165.0,952.251046453142,1.8800358102059087,2192,2198,42,0,2156,2173,232173,36,0,0,36,25
2020-08-28,US,Ohio,Washington,226,23,0,39.45690571,-81.49121382,39167.0,377.22621889135553,10.176991150442475,203,226,23,0,203,224,60155,0,0,0,0,2
2020-08-28,US,Ohio,Wayne,723,61,0,40.82925852,-81.88844833,39169.0,624.8379569613691,8.437067773167357,662,693,61,0,632,685,115967,30,0,0,30,8
2020-08-28,US,Ohio,Williams,156,3,0,41.56052014,-84.58429552,39171.0,425.1607979941132,1.9230769230769231,153,153,3,0,150,152,36804,3,0,0,3,1
2020-08-28,US,Ohio,Wood,1296,61,0,41.36224827,-83.62285108,39173.0,990.6969277693266,4.7067901234567895,1235,1288,61,0,1227,1271,130696,8,0,0,8,17
2020-08-28,US,Ohio,Wyandot,185,10,0,40.84339621,-83.30734173,39175.0,849.7152305713762,5.405405405405406,175,181,10,0,171,178,21935,4,0,0,4,3
2020-08-28,US,Oklahoma,Adair,432,6,0,35.88494195,-94.65859267,40001.0,1946.4720194647198,1.3888888888888888,426,428,6,0,422,417,22082,4,0,0,4,11
2020-08-28,US,Oklahoma,Alfalfa,12,0,0,36.73090616,-98.32408495,40003.0,210.4524728165556,0.0,12,13,0,0,13,12,5754,-1,0,0,-1,1
2020-08-28,US,Oklahoma,Atoka,107,1,0,34.37366573,-96.03802487,40005.0,777.7293211222561,0.9345794392523364,106,103,1,0,102,100,13838,4,0,0,4,3
2020-08-28,US,Oklahoma,Beaver,42,0,0,36.7496847,-100.4758872,40007.0,790.8115232536246,0.0,42,42,0,0,42,42,5319,0,0,0,0,0
2020-08-28,US,Oklahoma,Beckham,119,1,0,35.26862449,-99.68128023,40009.0,544.3981883892218,0.8403361344537815,118,118,1,0,117,118,21709,1,0,0,1,0
2020-08-28,US,Oklahoma,Blaine,70,1,0,35.87518314,-98.43307003,40011.0,742.3904974016333,1.4285714285714286,69,63,0,0,63,62,9485,7,1,0,6,1
2020-08-28,US,Oklahoma,Bryan,587,3,0,33.96472458,-96.25903472,40013.0,1223.044067090322,0.5110732538330494,584,572,3,0,569,563,47192,15,0,0,15,9
2020-08-28,US,Oklahoma,Caddo,539,20,0,35.17364557,-98.37534464,40015.0,1874.0004172171616,3.710575139146568,519,529,20,0,509,522,28977,10,0,0,10,7
2020-08-28,US,Oklahoma,Canadian,1502,11,0,35.5426055,-97.98465569,40017.0,1012.7708926139197,0.7323568575233023,1491,1488,11,0,1477,1455,144447,14,0,0,14,33
2020-08-28,US,Oklahoma,Carter,399,6,0,34.25103751,-97.28552485,40019.0,829.3321693583588,1.5037593984962403,393,398,6,0,392,399,48177,1,0,0,1,-1
2020-08-28,US,Oklahoma,Cherokee,638,5,0,35.90692775,-94.99980896,40021.0,1311.219351789054,0.7836990595611285,633,620,5,0,615,597,48675,18,0,0,18,23
2020-08-28,US,Oklahoma,Choctaw,239,1,0,34.02807439,-95.54771129,40023.0,1628.9531079607416,0.41841004184100417,238,233,1,0,232,229,14668,6,0,0,6,4
2020-08-28,US,Oklahoma,Cimarron,14,0,0,36.74817177,-102.5173885,40025.0,655.1240056153488,0.0,14,14,0,0,14,14,2153,0,0,0,0,0
2020-08-28,US,Oklahoma,Cleveland,3749,63,0,35.20413532,-97.32519562,40027.0,1320.0053518488526,1.6804481194985332,3686,3721,63,0,3658,3638,281669,28,0,0,28,83
2020-08-28,US,Oklahoma,Coal,52,0,0,34.58840127,-96.29798747,40029.0,946.31483166515,0.0,52,50,0,0,50,50,5520,2,0,0,2,0
2020-08-28,US,Oklahoma,Comanche,1212,11,0,34.65973764,-98.47195055,40031.0,1003.7350205798807,0.9075907590759076,1201,1209,11,0,1198,1203,120422,3,0,0,3,6
2020-08-28,US,Oklahoma,Cotton,26,2,0,34.28845626,-98.37053567,40033.0,458.8775150017649,7.6923076923076925,24,26,2,0,24,26,5776,0,0,0,0,0
2020-08-28,US,Oklahoma,Craig,115,1,0,36.76268118,-95.20916602,40035.0,813.1805968038467,0.8695652173913043,114,113,1,0,112,112,14306,2,0,0,2,1
2020-08-28,US,Oklahoma,Creek,779,21,0,35.90230551,-96.37086028,40037.0,1089.1753586309108,2.6957637997432604,758,769,21,0,748,765,71604,10,0,0,10,4
2020-08-28,US,Oklahoma,Custer,315,0,0,35.63853802,-99.00170785,40039.0,1086.0945419439367,0.0,315,304,0,0,304,303,29036,11,0,0,11,1
2020-08-28,US,Oklahoma,Delaware,530,20,0,36.40823634,-94.80325046,40041.0,1232.3002162338114,3.7735849056603774,510,523,20,0,503,521,42733,7,0,0,7,2
2020-08-28,US,Oklahoma,Dewey,18,0,0,35.98772922,-99.00730714,40043.0,368.02289920261705,0.0,18,18,0,0,18,18,4894,0,0,0,0,0
2020-08-28,US,Oklahoma,Ellis,6,0,0,36.218019399999996,-99.75324573,40045.0,155.48069448043537,0.0,6,6,0,0,6,6,3952,0,0,0,0,0
2020-08-28,US,Oklahoma,Garfield,895,11,0,36.3791334,-97.78265517,40047.0,1465.8674004192872,1.2290502793296092,884,865,11,0,854,816,60913,30,0,0,30,49
2020-08-28,US,Oklahoma,Garvin,262,4,0,34.70418038,-97.30811132,40049.0,945.4729168922087,1.5267175572519085,258,258,4,0,254,258,27811,4,0,0,4,0
2020-08-28,US,Oklahoma,Grady,516,7,0,35.0167709,-97.88339847,40051.0,924.1680696349896,1.3565891472868217,509,506,7,0,499,501,55551,10,0,0,10,5
2020-08-28,US,Oklahoma,Grant,23,0,0,36.796296999999996,-97.78638765,40053.0,530.8100623124857,0.0,23,24,0,0,24,23,4326,-1,0,0,-1,1
2020-08-28,US,Oklahoma,Greer,87,8,0,34.93535801,-99.56056120000001,40055.0,1523.1092436974786,9.195402298850574,79,87,8,0,79,87,5821,0,0,0,0,0
2020-08-28,US,Oklahoma,Harmon,37,0,0,34.7440135,-99.84741652,40057.0,1394.647568790049,0.0,37,37,0,0,37,37,2664,0,0,0,0,0
2020-08-28,US,Oklahoma,Harper,17,0,0,36.78836519,-99.6679804,40059.0,460.95444685466384,0.0,17,17,0,0,17,17,3797,0,0,0,0,0
2020-08-28,US,Oklahoma,Haskell,157,4,0,35.22257600000001,-95.11513306,40061.0,1243.3673873445794,2.5477707006369426,153,155,4,0,151,152,12668,2,0,0,2,3
2020-08-28,US,Oklahoma,Hughes,208,3,0,35.04912569,-96.24921145,40063.0,1566.3830107688834,1.4423076923076923,205,207,3,0,204,205,13335,1,0,0,1,2
2020-08-28,US,Oklahoma,Jackson,579,8,0,34.58781741,-99.41138784,40065.0,2360.3750509580104,1.381692573402418,571,575,8,0,567,576,24949,4,0,0,4,-1
2020-08-28,US,Oklahoma,Jefferson,36,0,0,34.11130184,-97.83182974,40067.0,599.8000666444517,0.0,36,35,0,0,35,34,6123,1,0,0,1,1
2020-08-28,US,Oklahoma,Johnston,77,1,0,34.31440473,-96.66011537,40069.0,694.6323861073523,1.2987012987012987,76,72,0,0,72,70,10949,5,1,0,4,2
2020-08-28,US,Oklahoma,Kay,300,12,0,36.81799745,-97.14421435,40071.0,689.0532408470763,4.0,288,295,12,0,283,294,44161,5,0,0,5,1
2020-08-28,US,Oklahoma,Kingfisher,250,1,0,35.94530008,-97.94193268,40073.0,1585.791309863622,0.4,249,246,1,0,245,240,15816,4,0,0,4,6
2020-08-28,US,Oklahoma,Kiowa,40,1,0,34.91671958,-98.97720696,40075.0,459.34772622875516,2.5,39,40,1,0,39,40,8729,0,0,0,0,0
2020-08-28,US,Oklahoma,Latimer,109,2,0,34.87844729,-95.25215049,40077.0,1082.1006651444457,1.834862385321101,107,107,2,0,105,107,10231,2,0,0,2,0
2020-08-28,US,Oklahoma,Le Flore,608,5,0,34.89851864,-94.70392124,40079.0,1219.5855816099333,0.8223684210526315,603,593,5,0,588,575,49980,15,0,0,15,18
2020-08-28,US,Oklahoma,Lincoln,289,8,0,35.70270942,-96.8812462,40081.0,828.6263153367547,2.7681660899653977,281,283,8,0,275,279,34920,6,0,0,6,4
2020-08-28,US,Oklahoma,Logan,281,1,0,35.91899576,-97.44352845,40083.0,585.2825394180502,0.3558718861209965,280,281,1,0,280,277,47291,0,0,0,0,4
2020-08-28,US,Oklahoma,Love,93,0,0,33.95273467,-97.23906784,40085.0,907.0515946552227,0.0,93,89,0,0,89,89,10134,4,0,0,4,0
2020-08-28,US,Oklahoma,Major,46,1,0,36.31149996,-98.53467076,40093.0,602.9623803906147,2.1739130434782608,45,44,1,0,43,45,7644,2,0,0,2,-1
2020-08-28,US,Oklahoma,Marshall,130,1,0,34.02311222,-96.76855464,40095.0,767.8223377237019,0.7692307692307693,129,129,1,0,128,128,16806,1,0,0,1,1
2020-08-28,US,Oklahoma,Mayes,405,9,0,36.30179091,-95.23175116,40097.0,985.4014598540144,2.2222222222222223,396,400,9,0,391,399,41107,5,0,0,5,1
2020-08-28,US,Oklahoma,McClain,551,4,0,35.01123903,-97.44572302,40087.0,1361.3677916687254,0.7259528130671506,547,548,4,0,544,544,39985,3,0,0,3,4
2020-08-28,US,Oklahoma,McCurtain,1004,29,0,34.11664328,-94.77222373,40089.0,3057.992202729045,2.8884462151394423,975,993,29,0,964,981,32703,11,0,0,11,12
2020-08-28,US,Oklahoma,McIntosh,232,4,0,35.37235506,-95.66599306,40091.0,1183.9150847111655,1.7241379310344829,228,231,4,0,227,228,19815,1,0,0,1,3
2020-08-28,US,Oklahoma,Murray,87,1,0,34.48116015,-97.06826283,40099.0,618.2050735450862,1.1494252873563218,86,87,1,0,86,87,13953,0,0,0,0,0
2020-08-28,US,Oklahoma,Muskogee,720,16,0,35.61318461,-95.37802952,40101.0,1058.8702442754827,2.2222222222222223,704,706,16,0,690,697,68362,14,0,0,14,9
2020-08-28,US,Oklahoma,Noble,101,2,0,36.38953329,-97.22928674,40103.0,907.3757973227922,1.98019801980198,99,101,2,0,99,100,11289,0,0,0,0,1
2020-08-28,US,Oklahoma,Nowata,92,1,0,36.79843529,-95.61902331,40105.0,913.0607383882492,1.0869565217391304,91,90,1,0,89,86,10218,2,0,0,2,4
2020-08-28,US,Oklahoma,Okfuskee,98,3,0,35.46485198,-96.32639984,40107.0,817.1433336112732,3.0612244897959178,95,97,3,0,94,96,12098,1,0,0,1,1
2020-08-28,US,Oklahoma,Oklahoma,13144,153,0,35.55140095,-97.40716948,40109.0,1648.2868801681393,1.1640292148508826,12991,12974,150,0,12824,12870,792582,170,3,0,167,104
2020-08-28,US,Oklahoma,Okmulgee,592,4,0,35.64661916,-95.96432828,40111.0,1539.061484466398,0.6756756756756757,588,585,4,0,581,585,38335,7,0,0,7,0
2020-08-28,US,Oklahoma,Osage,614,12,0,36.62888819,-96.39635704,40113.0,1307.4122181291655,1.954397394136808,602,609,12,0,597,608,47014,5,0,0,5,1
2020-08-28,US,Oklahoma,Ottawa,499,4,0,36.83532655,-94.81011909,40115.0,1603.109840331545,0.8016032064128257,495,493,4,0,489,488,31175,6,0,0,6,5
2020-08-28,US,Oklahoma,Pawnee,210,3,0,36.31743373,-96.70331759999999,40117.0,1282.3644357596484,1.4285714285714286,207,203,3,0,200,201,16390,7,0,0,7,2
2020-08-28,US,Oklahoma,Payne,1047,5,0,36.07695283,-96.97584944,40119.0,1280.2015064071209,0.4775549188156638,1042,1001,5,0,996,961,82040,46,0,0,46,40
2020-08-28,US,Oklahoma,Pittsburg,564,15,0,34.92065823,-95.75134320000001,40121.0,1291.9778256288084,2.6595744680851063,549,553,15,0,538,548,43877,11,0,0,11,5
2020-08-28,US,Oklahoma,Pontotoc,233,3,0,34.72959848,-96.68337199,40123.0,608.6093407167485,1.2875536480686696,230,232,2,0,230,229,38247,1,1,0,0,3
2020-08-28,US,Oklahoma,Pottawatomie,801,9,0,35.20614018,-96.94923008,40125.0,1103.4273749173462,1.1235955056179776,792,787,9,0,778,776,72679,14,0,0,14,11
2020-08-28,US,Oklahoma,Pushmataha,125,1,0,34.41635232,-95.37603505,40127.0,1126.532083633742,0.8,124,123,1,0,122,121,11179,2,0,0,2,2
2020-08-28,US,Oklahoma,Roger Mills,13,1,0,35.68711719,-99.69666167,40129.0,362.8244487859336,7.6923076923076925,12,13,1,0,12,13,3656,0,0,0,0,0
2020-08-28,US,Oklahoma,Rogers,1279,40,0,36.37004357,-95.60406759,40131.0,1383.3158481056464,3.1274433150899137,1239,1260,40,0,1220,1234,91984,19,0,0,19,26
2020-08-28,US,Oklahoma,Seminole,305,5,0,35.16478725,-96.61686741,40133.0,1257.3171737158875,1.639344262295082,300,302,5,0,297,302,24578,3,0,0,3,0
2020-08-28,US,Oklahoma,Sequoyah,575,8,0,35.49447108,-94.75463785,40135.0,1383.2423199980756,1.391304347826087,567,568,7,0,561,539,41179,7,1,0,6,29
2020-08-28,US,Oklahoma,Stephens,247,4,0,34.48556989,-97.85141892,40137.0,572.5146605474816,1.6194331983805668,243,244,4,0,240,241,43265,3,0,0,3,3
2020-08-28,US,Oklahoma,Texas,1127,7,0,36.74777635,-101.4889765,40139.0,5639.793824751037,0.6211180124223602,1120,1124,7,0,1117,1115,20455,3,0,0,3,9
2020-08-28,US,Oklahoma,Tillman,64,1,0,34.37288446,-98.92426619,40141.0,882.7586206896551,1.5625,63,64,1,0,63,64,7348,0,0,0,0,0
2020-08-28,US,Oklahoma,Tulsa,12941,129,0,36.11939621,-95.94013939,40143.0,1986.1806885712888,0.9968317749787498,12812,12831,128,0,12703,12714,648360,110,1,0,109,117
2020-08-28,US,Oklahoma,Unassigned,21,0,0,0.0,0.0,90040.0,0.0,0.0,21,18,0,0,18,8,,3,0,0,3,10
2020-08-28,US,Oklahoma,Wagoner,1114,23,0,35.96024096,-95.51911308,40145.0,1370.4191218984115,2.0646319569120286,1091,1102,23,0,1079,1086,80110,12,0,0,12,16
2020-08-28,US,Oklahoma,Washington,766,39,0,36.71380786,-95.90514104,40147.0,1486.5992586411007,5.091383812010443,727,761,39,0,722,751,51843,5,0,0,5,10
2020-08-28,US,Oklahoma,Washita,42,0,0,35.29071824,-98.99180434,40149.0,384.756320996702,0.0,42,42,0,0,42,42,11127,0,0,0,0,0
2020-08-28,US,Oklahoma,Woods,24,0,0,36.76705782,-98.86573064,40151.0,272.9443875810304,0.0,24,24,0,0,24,24,8897,0,0,0,0,0
2020-08-28,US,Oklahoma,Woodward,81,0,0,36.42316318,-99.26283045,40153.0,400.7718569096036,0.0,81,79,0,0,79,78,20222,2,0,0,2,1
2020-08-28,US,Oregon,Baker,68,2,0,44.70915557,-117.6749883,41001.0,421.7315802530389,2.9411764705882355,66,67,2,0,65,67,16006,1,0,0,1,0
2020-08-28,US,Oregon,Benton,208,6,0,44.49167306,-123.4316987,41003.0,223.52852675357056,2.8846153846153846,202,207,6,0,201,206,92101,1,0,0,1,1
2020-08-28,US,Oregon,Clackamas,1904,55,0,45.18787398,-122.2179634,41005.0,455.2987060812507,2.888655462184874,1849,1878,55,0,1823,1861,416075,26,0,0,26,17
2020-08-28,US,Oregon,Clatsop,95,0,0,45.99712889,-123.660711,41007.0,236.17740652346856,0.0,95,95,0,0,95,94,39764,0,0,0,0,1
2020-08-28,US,Oregon,Columbia,128,1,0,45.94464254,-123.08908980000001,41009.0,244.48943729227955,0.78125,127,128,1,0,127,127,52377,0,0,0,0,1
2020-08-28,US,Oregon,Coos,110,0,0,43.17406868,-124.0594514,41011.0,170.57701552250842,0.0,110,106,0,0,106,106,64389,4,0,0,4,0
2020-08-28,US,Oregon,Crook,54,1,0,44.14230227,-120.356297,41013.0,221.27520078675627,1.851851851851852,53,54,1,0,53,54,23867,0,0,0,0,0
2020-08-28,US,Oregon,Curry,20,0,0,42.45911325,-124.15728200000001,41015.0,87.24100327153762,0.0,20,20,0,0,20,20,22813,0,0,0,0,0
2020-08-28,US,Oregon,Deschutes,687,11,0,43.91570171,-121.2289121,41017.0,347.5102684984724,1.6011644832605532,676,681,11,0,670,677,191996,6,0,0,6,4
2020-08-28,US,Oregon,Douglas,177,2,0,43.27941273,-123.16729099999999,41019.0,159.4881960713642,1.1299435028248588,175,174,2,0,172,173,110283,3,0,0,3,1
2020-08-28,US,Oregon,Gilliam,4,0,0,45.37160076,-120.20488689999999,41021.0,209.20502092050208,0.0,4,4,0,0,4,4,1894,0,0,0,0,0
2020-08-28,US,Oregon,Grant,8,0,0,44.49024544,-119.0068631,41023.0,111.12654535352131,0.0,8,8,0,0,8,8,7176,0,0,0,0,0
2020-08-28,US,Oregon,Harney,11,0,0,43.06422669,-118.96663059999999,41025.0,148.7893953740024,0.0,11,11,0,0,11,11,7329,0,0,0,0,0
2020-08-28,US,Oregon,Hood River,223,0,0,45.51872811,-121.65520359999998,41027.0,953.7250876742792,0.0,223,223,0,0,223,222,23428,0,0,0,0,1
2020-08-28,US,Oregon,Jackson,776,2,0,42.43201126,-122.72893090000001,41029.0,351.2202186979506,0.25773195876288657,774,762,2,0,760,747,219564,14,0,0,14,15
2020-08-28,US,Oregon,Jefferson,454,7,0,44.62806839,-121.17832,41031.0,1841.1874442371645,1.5418502202643172,447,452,7,0,445,450,24192,2,0,0,2,2
2020-08-28,US,Oregon,Josephine,154,2,0,42.3665549,-123.5561938,41033.0,176.02615245693644,1.2987012987012987,152,154,2,0,152,152,87393,0,0,0,0,2
2020-08-28,US,Oregon,Klamath,234,2,0,42.68762984,-121.64964609999998,41035.0,342.917436032709,0.8547008547008547,232,230,2,0,228,225,67653,4,0,0,4,5
2020-08-28,US,Oregon,Lake,30,0,0,42.79246693,-120.38501629999999,41037.0,381.2428516965307,0.0,30,30,0,0,30,30,7879,0,0,0,0,0
2020-08-28,US,Oregon,Lane,682,5,0,43.93727035,-122.847753,41039.0,178.5027233443349,0.7331378299120235,677,672,5,0,667,667,379611,10,0,0,10,5
2020-08-28,US,Oregon,Lincoln,463,13,0,44.64252874,-123.86991200000001,41041.0,926.7042952644008,2.8077753779697625,450,459,13,0,446,458,49388,4,0,0,4,1
2020-08-28,US,Oregon,Linn,377,12,0,44.48899494,-122.53731540000001,41043.0,290.5610062505299,3.1830238726790454,365,371,12,0,359,366,127335,6,0,0,6,5
2020-08-28,US,Oregon,Malheur,1122,19,0,43.1937027,-117.62273950000001,41045.0,3670.1449085734853,1.6934046345811051,1103,1085,17,0,1068,1073,30725,37,2,0,35,12
2020-08-28,US,Oregon,Marion,3706,78,0,44.90287942,-122.58151170000001,41047.0,1065.4997728697192,2.1046950890447924,3628,3662,77,0,3585,3624,346868,44,1,0,43,38
2020-08-28,US,Oregon,Morrow,429,3,0,45.41846568,-119.584546,41049.0,3697.3196587089546,0.6993006993006993,426,420,3,0,417,425,11372,9,0,0,9,-5
2020-08-28,US,Oregon,Multnomah,5902,115,0,45.54747959,-122.4169351,41051.0,726.0827576874104,1.9484920365977636,5787,5833,113,0,5720,5810,811880,69,2,0,67,23
2020-08-28,US,Oregon,Polk,408,14,0,44.90322804,-123.4128888,41053.0,473.95016553406515,3.431372549019608,394,399,13,0,386,396,85234,9,1,0,8,3
2020-08-28,US,Oregon,Sherman,16,0,0,45.41501554,-120.6827834,41055.0,898.876404494382,0.0,16,16,0,0,16,16,1708,0,0,0,0,0
2020-08-28,US,Oregon,Tillamook,38,0,0,45.46248721,-123.712066,41057.0,140.55333629235093,0.0,38,38,0,0,38,38,26787,0,0,0,0,0
2020-08-28,US,Oregon,Umatilla,2616,37,0,45.59073056,-118.7353826,41059.0,3355.9974342527253,1.4143730886850152,2579,2599,35,0,2564,2594,77516,17,2,0,15,5
2020-08-28,US,Oregon,Union,414,2,0,45.30915495,-118.0068979,41061.0,1542.7613191727219,0.4830917874396135,412,412,2,0,410,410,26461,2,0,0,2,2
2020-08-28,US,Oregon,Wallowa,22,1,0,45.57894064,-117.18353799999998,41063.0,305.2164261931188,4.545454545454546,21,22,1,0,21,22,7081,0,0,0,0,0
2020-08-28,US,Oregon,Wasco,206,3,0,45.16292781,-121.16709540000001,41065.0,772.0560677610374,1.4563106796116505,203,206,3,0,203,206,26505,0,0,0,0,0
2020-08-28,US,Oregon,Washington,3694,40,0,45.55972701,-123.0955257,41067.0,614.0374207103818,1.0828370330265296,3654,3673,39,0,3634,3626,597695,21,1,0,20,47
2020-08-28,US,Oregon,Yamhill,614,14,0,45.23330449,-123.3086963,41071.0,573.2959850606909,2.280130293159609,600,610,14,0,596,606,107002,4,0,0,4,4
2020-08-28,US,Pennsylvania,Adams,599,23,0,39.87140411,-77.21610347,42001.0,581.5025871525789,3.839732888146912,576,585,23,0,562,580,102811,14,0,0,14,5
2020-08-28,US,Pennsylvania,Allegheny,10128,311,0,40.46809875,-79.98167747,42003.0,832.8639153978677,3.0706951026856237,9817,10065,304,0,9761,10004,1218452,63,7,0,56,61
2020-08-28,US,Pennsylvania,Armstrong,308,9,0,40.81665618,-79.46290811,42005.0,475.785896346644,2.9220779220779223,299,301,9,0,292,297,65263,7,0,0,7,4
2020-08-28,US,Pennsylvania,Beaver,1573,96,0,40.6825484,-80.34921611,42007.0,959.5617614943054,6.102987921169738,1477,1532,96,0,1436,1526,164742,41,0,0,41,6
2020-08-28,US,Pennsylvania,Bedford,167,5,0,40.00522157,-78.48998442,42009.0,348.7303708653525,2.9940119760479043,162,166,5,0,161,162,48176,1,0,0,1,4
2020-08-28,US,Pennsylvania,Berks,5980,381,0,40.41570541,-75.92457766,42011.0,1419.874443209771,6.37123745819398,5599,5942,379,0,5563,5916,420152,38,2,0,36,26
2020-08-28,US,Pennsylvania,Blair,434,11,0,40.47961444,-78.34917412,42013.0,356.2370207421878,2.5345622119815667,423,427,11,0,416,422,122492,7,0,0,7,5
2020-08-28,US,Pennsylvania,Bradford,98,3,0,41.78869215,-76.51570822,42015.0,162.45876365565374,3.0612244897959178,95,98,3,0,95,96,60833,0,0,0,0,2
2020-08-28,US,Pennsylvania,Bucks,7705,585,0,40.33682119,-75.10836643,42017.0,1226.383561207761,7.592472420506165,7120,7666,585,0,7081,7641,628195,39,0,0,39,25
2020-08-28,US,Pennsylvania,Butler,767,18,0,40.91152759,-79.91351055,42019.0,408.2979776740324,2.346805736636245,749,760,18,0,742,757,187888,7,0,0,7,3
2020-08-28,US,Pennsylvania,Cambria,450,4,0,40.49527404,-78.71377428,42021.0,345.6433575027651,0.8888888888888888,446,448,4,0,444,443,131730,2,0,0,2,5
2020-08-28,US,Pennsylvania,Cameron,8,0,0,41.43625568,-78.20376845,42023.0,179.89655947830002,0.0,8,8,0,0,8,8,4492,0,0,0,0,0
2020-08-28,US,Pennsylvania,Carbon,420,28,0,40.91545395,-75.7068525,42025.0,654.3890810507619,6.666666666666668,392,419,28,0,391,419,64227,1,0,0,1,0
2020-08-28,US,Pennsylvania,Centre,442,11,0,40.92058903,-77.82200624,42027.0,272.1926286294916,2.4886877828054303,431,433,11,0,422,429,162805,9,0,0,9,4
2020-08-28,US,Pennsylvania,Chester,5604,356,0,39.97291773,-75.74768357,42029.0,1067.4509370672529,6.352605281941471,5248,5561,355,0,5206,5542,522046,43,1,0,42,19
2020-08-28,US,Pennsylvania,Clarion,98,3,0,41.19265812,-79.42413524,42031.0,254.95603309225243,3.0612244897959178,95,99,3,0,96,96,38779,-1,0,0,-1,3
2020-08-28,US,Pennsylvania,Clearfield,224,1,0,41.00110782,-78.47592663,42033.0,282.6320105987004,0.44642857142857145,223,215,1,0,214,213,79388,9,0,0,9,2
2020-08-28,US,Pennsylvania,Clinton,132,5,0,41.23255967,-77.63785995,42035.0,341.6856492027335,3.787878787878788,127,131,5,0,126,130,38684,1,0,0,1,1
2020-08-28,US,Pennsylvania,Columbia,580,35,0,41.04821986,-76.40565017,42037.0,892.802167354227,6.0344827586206895,545,562,35,0,527,546,65456,18,0,0,18,16
2020-08-28,US,Pennsylvania,Crawford,203,2,0,41.68447709,-80.10760592,42039.0,239.87049356603526,0.9852216748768472,201,201,2,0,199,193,85063,2,0,0,2,8
2020-08-28,US,Pennsylvania,Cumberland,1496,72,0,40.1625372,-77.26130755,42041.0,590.4408572443463,4.81283422459893,1424,1487,72,0,1415,1472,251423,9,0,0,9,15
2020-08-28,US,Pennsylvania,Dauphin,3246,163,0,40.41377078,-76.77993242,42043.0,1166.371420666262,5.021565003080715,3083,3214,161,0,3053,3197,277097,32,2,0,30,17
2020-08-28,US,Pennsylvania,Delaware,10236,724,0,39.91680171,-75.40243663,42045.0,1806.096900380593,7.073075420085972,9512,10187,722,0,9465,10144,564751,49,2,0,47,43
2020-08-28,US,Pennsylvania,Elk,64,2,0,41.42822061,-78.64524744,42047.0,213.97525911066532,3.125,62,64,2,0,62,64,30169,0,0,0,0,0
2020-08-28,US,Pennsylvania,Erie,1335,30,0,41.99253829,-80.03301954,42049.0,494.94305374303,2.247191011235955,1305,1321,30,0,1291,1313,272061,14,0,0,14,8
2020-08-28,US,Pennsylvania,Fayette,681,6,0,39.92041012,-79.64291195,42051.0,526.7880625647848,0.8810572687224669,675,674,6,0,668,665,130441,7,0,0,7,9
2020-08-28,US,Pennsylvania,Forest,14,0,0,41.51095103,-79.23229292,42053.0,193.1833862287843,0.0,14,14,0,0,14,14,7279,0,0,0,0,0
2020-08-28,US,Pennsylvania,Franklin,1499,46,0,39.92956518,-77.72157791,42055.0,966.928341514704,3.068712474983322,1453,1493,46,0,1447,1488,154835,6,0,0,6,5
2020-08-28,US,Pennsylvania,Fulton,34,2,0,39.92913544,-78.11163677,42057.0,233.9986235375086,5.882352941176472,32,34,2,0,32,34,14523,0,0,0,0,0
2020-08-28,US,Pennsylvania,Greene,136,1,0,39.85746531,-80.22357106,42059.0,375.34843926807054,0.7352941176470589,135,135,1,0,134,135,36506,1,0,0,1,0
2020-08-28,US,Pennsylvania,Huntingdon,357,5,0,40.42162652,-77.97673273,42061.0,790.802764486975,1.4005602240896358,352,354,5,0,349,350,45168,3,0,0,3,4
2020-08-28,US,Pennsylvania,Indiana,418,10,0,40.65241041,-79.08963285,42063.0,497.1869684678791,2.392344497607656,408,412,10,0,402,411,84501,6,0,0,6,1
2020-08-28,US,Pennsylvania,Jefferson,97,1,0,41.12913106,-78.9986361,42065.0,223.3736327000576,1.0309278350515465,96,96,1,0,95,95,43641,1,0,0,1,1
2020-08-28,US,Pennsylvania,Juniata,149,6,0,40.53358749,-77.39975129999998,42067.0,601.7041553931267,4.026845637583893,143,149,6,0,143,146,24704,0,0,0,0,3
2020-08-28,US,Pennsylvania,Lackawanna,2027,213,0,41.43564672,-75.60379201,42069.0,966.7388422026577,10.50814010853478,1814,2012,213,0,1799,2008,210793,15,0,0,15,4
2020-08-28,US,Pennsylvania,Lancaster,6623,429,0,40.03904563,-76.24770128,42071.0,1213.6171397996056,6.477427147818209,6194,6578,429,0,6149,6547,543557,45,0,0,45,31
2020-08-28,US,Pennsylvania,Lawrence,453,18,0,40.99206278,-80.33393706,42073.0,529.7502104967724,3.9735099337748334,435,450,18,0,432,445,86184,3,0,0,3,5
2020-08-28,US,Pennsylvania,Lebanon,1705,57,0,40.36680311,-76.45651841,42075.0,1202.4571029599488,3.343108504398827,1648,1694,57,0,1637,1685,141314,11,0,0,11,9
2020-08-28,US,Pennsylvania,Lehigh,5165,343,0,40.6154815,-75.59435245,42077.0,1398.5237654270843,6.640851887705711,4822,5152,342,0,4810,5139,368100,13,1,0,12,13
2020-08-28,US,Pennsylvania,Luzerne,3753,188,0,41.17823008,-75.98447579,42079.0,1182.3563325215725,5.009325872635224,3565,3730,187,0,3543,3720,317646,23,1,0,22,10
2020-08-28,US,Pennsylvania,Lycoming,505,22,0,41.34310539,-77.06629984,42081.0,445.72326322385896,4.356435643564357,483,501,22,0,479,498,113664,4,0,0,4,3
2020-08-28,US,Pennsylvania,McKean,37,1,0,41.80938602,-78.56478358,42083.0,91.07692307692308,2.702702702702702,36,36,1,0,35,35,40968,1,0,0,1,1
2020-08-28,US,Pennsylvania,Mercer,541,13,0,41.30248872,-80.25816981,42085.0,494.40707705804937,2.4029574861367844,528,539,13,0,526,537,110683,2,0,0,2,2
2020-08-28,US,Pennsylvania,Mifflin,155,1,0,40.61116939,-77.61070738,42087.0,335.94867571199444,0.6451612903225806,154,152,1,0,151,146,46222,3,0,0,3,6
2020-08-28,US,Pennsylvania,Monroe,1711,127,0,41.05934058,-75.34031025,42089.0,1004.8687092928333,7.422559906487434,1584,1704,127,0,1577,1700,169507,7,0,0,7,4
2020-08-28,US,Pennsylvania,Montgomery,10912,861,0,40.21053671,-75.36652296,42091.0,1313.251054560334,7.890395894428152,10051,10871,861,0,10010,10818,828604,41,0,0,41,53
2020-08-28,US,Pennsylvania,Montour,129,4,0,41.03023987,-76.66345939,42093.0,707.6247942951179,3.1007751937984502,125,126,4,0,122,126,18240,3,0,0,3,0
2020-08-28,US,Pennsylvania,Northampton,4092,300,0,40.75182733,-75.30471829,42095.0,1340.3868516304435,7.331378299120233,3792,4080,299,0,3781,4073,304807,12,1,0,11,7
2020-08-28,US,Pennsylvania,Northumberland,659,32,0,40.84785433,-76.70798222,42097.0,725.4273857094107,4.855842185128983,627,652,31,0,621,641,91083,7,1,0,6,11
2020-08-28,US,Pennsylvania,Perry,174,5,0,40.40206612,-77.26297447,42099.0,376.0373443983402,2.8735632183908044,169,172,5,0,167,165,46139,2,0,0,2,7
2020-08-28,US,Pennsylvania,Philadelphia,33495,1749,0,40.00338507,-75.1379271,42101.0,2114.497899074785,5.221674876847291,31746,33343,1749,0,31594,33255,1584138,152,0,0,152,88
2020-08-28,US,Pennsylvania,Pike,539,21,0,41.33155042,-75.03208106,42103.0,965.7940475550536,3.8961038961038965,518,537,21,0,516,536,55933,2,0,0,2,1
2020-08-28,US,Pennsylvania,Potter,24,0,0,41.74471626,-77.89559864,42105.0,145.22570494977614,0.0,24,24,0,0,24,24,16622,0,0,0,0,0
2020-08-28,US,Pennsylvania,Schuylkill,983,51,0,40.70497338,-76.2150785,42107.0,695.3925820075128,5.188199389623602,932,980,51,0,929,976,142067,3,0,0,3,4
2020-08-28,US,Pennsylvania,Snyder,151,2,0,40.77129231,-77.06840691,42109.0,374.0215991281086,1.3245033112582782,149,148,2,0,146,148,40540,3,0,0,3,0
2020-08-28,US,Pennsylvania,Somerset,162,3,0,39.97172723,-79.02699593,42111.0,220.567211730908,1.851851851851852,159,161,3,0,158,160,73952,1,0,0,1,1
2020-08-28,US,Pennsylvania,Sullivan,10,0,0,41.44634738,-76.51246591,42113.0,164.85328058028355,0.0,10,10,0,0,10,10,6071,0,0,0,0,0
2020-08-28,US,Pennsylvania,Susquehanna,259,27,0,41.82147784,-75.80071959,42115.0,642.2336837928982,10.424710424710424,232,255,27,0,228,252,40589,4,0,0,4,3
2020-08-28,US,Pennsylvania,Tioga,47,3,0,41.77255149,-77.25433032,42117.0,115.78921435786259,6.382978723404255,44,46,3,0,43,46,40763,1,0,0,1,0
2020-08-28,US,Pennsylvania,Union,372,4,0,40.96188846,-77.05996014,42119.0,828.0836097322084,1.075268817204301,368,359,4,0,355,359,44785,13,0,0,13,0
2020-08-28,US,Pennsylvania,Venango,70,1,0,41.40323442,-79.75845449,42121.0,138.15425909844478,1.4285714285714286,69,70,1,0,69,70,51266,0,0,0,0,0
2020-08-28,US,Pennsylvania,Warren,27,1,0,41.81304978,-79.26969577,42123.0,68.89336837539231,3.703703703703704,26,26,1,0,25,26,39498,1,0,0,1,0
2020-08-28,US,Pennsylvania,Washington,1019,26,0,40.19208869,-80.24582867,42125.0,492.5917869141712,2.5515210991167807,993,1001,25,0,976,994,207346,18,1,0,17,7
2020-08-28,US,Pennsylvania,Wayne,176,10,0,41.64938475,-75.29956506,42127.0,342.6724557543661,5.6818181818181825,166,175,10,0,165,175,51276,1,0,0,1,0
2020-08-28,US,Pennsylvania,Westmoreland,1789,49,0,40.31377979999999,-79.46615476,42129.0,512.75584051545,2.738960313024036,1740,1778,49,0,1729,1763,350611,11,0,0,11,15
2020-08-28,US,Pennsylvania,Wyoming,66,8,0,41.51955538,-76.01074915,42131.0,246.32380383667984,12.12121212121212,58,65,8,0,57,65,27046,1,0,0,1,0
2020-08-28,US,Pennsylvania,York,3269,118,0,39.9210089,-76.73040131,42133.0,727.9683248043683,3.609666564698685,3151,3232,117,0,3115,3189,448273,37,1,0,36,43
2020-08-28,US,Puerto Rico,Adjuntas,119,0,0,18.180117000000006,-66.754367,72001.0,610.7888928809733,0.0,119,119,0,0,119,117,,0,0,0,0,2
2020-08-28,US,Puerto Rico,Aguada,209,0,0,18.360255,-67.17513100000001,72003.0,498.10529326247047,0.0,209,202,0,0,202,200,,7,0,0,7,2
2020-08-28,US,Puerto Rico,Aguadilla,304,0,0,18.459681,-67.12081500000001,72005.0,498.7776665736928,0.0,304,298,0,0,298,293,,6,0,0,6,5
2020-08-28,US,Puerto Rico,Aguas Buenas,190,0,0,18.251619,-66.126806,72007.0,662.9680030705888,0.0,190,188,0,0,188,184,,2,0,0,2,4
2020-08-28,US,Puerto Rico,Aibonito,119,0,0,18.131361,-66.264131,72009.0,459.45945945945954,0.0,119,119,0,0,119,118,,0,0,0,0,1
2020-08-28,US,Puerto Rico,Anasco,188,0,0,18.287985,-67.120611,72011.0,642.4934212774683,0.0,188,182,0,0,182,180,,6,0,0,6,2
2020-08-28,US,Puerto Rico,Arecibo,484,0,0,18.406631,-66.675077,72013.0,501.866445458316,0.0,484,477,0,0,477,462,,7,0,0,7,15
2020-08-28,US,Puerto Rico,Arroyo,125,0,0,17.998457000000005,-66.056546,72015.0,638.5696040868455,0.0,125,119,0,0,119,117,,6,0,0,6,2
2020-08-28,US,Puerto Rico,Barceloneta,122,0,0,18.445532999999998,-66.56053100000001,72017.0,491.61831076724695,0.0,122,119,0,0,119,117,,3,0,0,3,2
2020-08-28,US,Puerto Rico,Barranquitas,326,0,0,18.201592,-66.30963,72019.0,1075.268817204301,0.0,326,323,0,0,323,316,,3,0,0,3,7
2020-08-28,US,Puerto Rico,Bayamon,2460,0,0,18.34946,-66.168435,72021.0,1182.033096926714,0.0,2460,2384,0,0,2384,2309,,76,0,0,76,75
2020-08-28,US,Puerto Rico,Cabo Rojo,271,0,0,18.040993,-67.154391,72023.0,532.2387414812341,0.0,271,268,0,0,268,264,,3,0,0,3,4
2020-08-28,US,Puerto Rico,Caguas,1060,0,0,18.211615,-66.050779,72025.0,741.8138047350116,0.0,1060,1044,0,0,1044,1032,,16,0,0,16,12
2020-08-28,US,Puerto Rico,Camuy,190,0,0,18.418578,-66.860206,72027.0,540.4021729855798,0.0,190,188,0,0,188,187,,2,0,0,2,1
2020-08-28,US,Puerto Rico,Canovanas,495,0,0,18.328802,-65.887612,72029.0,1038.8683680322363,0.0,495,489,0,0,489,483,,6,0,0,6,6
2020-08-28,US,Puerto Rico,Carolina,1801,0,0,18.374986,-65.95683100000001,72031.0,1018.8841493081093,0.0,1801,1766,0,0,1766,1732,,35,0,0,35,34
2020-08-28,US,Puerto Rico,Catano,290,0,0,18.437269,-66.14330600000001,72033.0,1030.5614783226724,0.0,290,281,0,0,281,279,,9,0,0,9,2
2020-08-28,US,Puerto Rico,Cayey,258,0,0,18.102851,-66.14914,72035.0,536.1707433654067,0.0,258,251,0,0,251,246,,7,0,0,7,5
2020-08-28,US,Puerto Rico,Ceiba,84,0,0,18.251818,-65.666416,72037.0,616.2423886728781,0.0,84,82,0,0,82,82,,2,0,0,2,0
2020-08-28,US,Puerto Rico,Ciales,187,0,0,18.28885,-66.516475,72039.0,995.6341177723352,0.0,187,186,0,0,186,182,,1,0,0,1,4
2020-08-28,US,Puerto Rico,Cidra,237,0,0,18.173559,-66.161179,72041.0,545.0781968721251,0.0,237,235,0,0,235,233,,2,0,0,2,2
2020-08-28,US,Puerto Rico,Coamo,208,0,0,18.097597,-66.36014,72043.0,513.4281200631913,0.0,208,199,0,0,199,199,,9,0,0,9,0
2020-08-28,US,Puerto Rico,Comerio,166,0,0,18.224687,-66.221622,72045.0,798.921936663779,0.0,166,164,0,0,164,160,,2,0,0,2,4
2020-08-28,US,Puerto Rico,Corozal,387,0,0,18.304264,-66.327738,72047.0,1041.9471218566582,0.0,387,376,0,0,376,361,,11,0,0,11,15
2020-08-28,US,Puerto Rico,Culebra,20,0,0,18.31586,-65.28813000000001,72049.0,1100.1100110011,0.0,20,20,0,0,20,19,,0,0,0,0,1
2020-08-28,US,Puerto Rico,Dorado,465,0,0,18.436115,-66.278669,72051.0,1218.393816323857,0.0,465,455,0,0,455,449,,10,0,0,10,6
2020-08-28,US,Puerto Rico,Fajardo,341,0,0,18.318373,-65.666866,72053.0,921.7960154623848,0.0,341,334,0,0,334,329,,7,0,0,7,5
2020-08-28,US,Puerto Rico,Florida,207,0,0,18.373715,-66.560488,72054.0,1632.492113564669,0.0,207,204,0,0,204,203,,3,0,0,3,1
2020-08-28,US,Puerto Rico,Guanica,81,0,0,17.982429,-66.91964300000001,72055.0,416.94548823801927,0.0,81,78,0,0,78,76,,3,0,0,3,2
2020-08-28,US,Puerto Rico,Guayama,218,0,0,18.007516,-66.13390799999999,72057.0,480.57845773995865,0.0,218,214,0,0,214,212,,4,0,0,4,2
2020-08-28,US,Puerto Rico,Guayanilla,143,0,0,18.039942,-66.79186,72059.0,662.6198971317363,0.0,143,142,0,0,142,139,,1,0,0,1,3
2020-08-28,US,Puerto Rico,Guaynabo,1226,0,0,18.345114000000002,-66.11452299999999,72061.0,1251.9913402230302,0.0,1226,1203,0,0,1203,1173,,23,0,0,23,30
2020-08-28,US,Puerto Rico,Gurabo,351,0,0,18.266461,-65.97970500000001,72063.0,773.6560206308271,0.0,351,346,0,0,346,339,,5,0,0,5,7
2020-08-28,US,Puerto Rico,Hatillo,186,0,0,18.410928,-66.79632600000001,72065.0,443.353276285367,0.0,186,183,0,0,183,168,,3,0,0,3,15
2020-08-28,US,Puerto Rico,Hormigueros,119,0,0,18.134532,-67.113972,72067.0,689.8550724637681,0.0,119,118,0,0,118,118,,1,0,0,1,0
2020-08-28,US,Puerto Rico,Humacao,290,0,0,18.145211,-65.810174,72069.0,496.0147778195874,0.0,290,286,0,0,286,282,,4,0,0,4,4
2020-08-28,US,Puerto Rico,Isabela,197,0,0,18.44981,-67.005093,72071.0,431.72404724858086,0.0,197,191,0,0,191,184,,6,0,0,6,7
2020-08-28,US,Puerto Rico,Jayuya,203,0,0,18.211446,-66.58878,72073.0,1219.805311861555,0.0,203,198,0,0,198,197,,5,0,0,5,1
2020-08-28,US,Puerto Rico,Juana Diaz,250,0,0,18.050764,-66.49458100000001,72075.0,312.90286243538554,0.0,250,247,0,0,247,243,,3,0,0,3,4
2020-08-28,US,Puerto Rico,Juncos,232,0,0,18.223793,-65.909109,72077.0,575.825266815587,0.0,232,225,0,0,225,219,,7,0,0,7,6
2020-08-28,US,Puerto Rico,Lajas,111,0,0,18.011661,-67.040585,72079.0,431.01774550537806,0.0,111,109,0,0,109,108,,2,0,0,2,1
2020-08-28,US,Puerto Rico,Lares,236,0,0,18.269035000000002,-66.867236,72081.0,767.4048060351836,0.0,236,234,0,0,234,231,,2,0,0,2,3
2020-08-28,US,Puerto Rico,Las Marias,79,0,0,18.23679,-66.98362,72083.0,799.5142192085823,0.0,79,80,0,0,80,80,,-1,0,0,-1,0
2020-08-28,US,Puerto Rico,Las Piedras,263,0,0,18.187527,-65.86946800000001,72085.0,680.0258564964448,0.0,263,256,0,0,256,247,,7,0,0,7,9
2020-08-28,US,Puerto Rico,Loiza,178,0,0,18.425688,-65.89943000000001,72087.0,592.1490352628077,0.0,178,176,0,0,176,171,,2,0,0,2,5
2020-08-28,US,Puerto Rico,Luquillo,171,0,0,18.342114000000002,-65.72509699999999,72089.0,852.1028503089494,0.0,171,169,0,0,169,165,,2,0,0,2,4
2020-08-28,US,Puerto Rico,Manati,348,0,0,18.420473,-66.490461,72091.0,788.883095686079,0.0,348,343,0,0,343,336,,5,0,0,5,7
2020-08-28,US,Puerto Rico,Maricao,51,0,0,18.171795,-66.942126,72093.0,812.6195028680687,0.0,51,50,0,0,50,50,,1,0,0,1,0
2020-08-28,US,Puerto Rico,Maunabo,84,0,0,18.017889,-65.922235,72095.0,687.1165644171779,0.0,84,82,0,0,82,79,,2,0,0,2,3
2020-08-28,US,Puerto Rico,Mayaguez,619,0,0,18.2013,-67.1452,72097.0,694.8810058374495,0.0,619,612,0,0,612,607,,7,0,0,7,5
2020-08-28,US,Puerto Rico,Moca,247,0,0,18.377805,-67.080952,72099.0,615.8218853623874,0.0,247,245,0,0,245,242,,2,0,0,2,3
2020-08-28,US,Puerto Rico,Morovis,383,0,0,18.316963,-66.420383,72101.0,1174.486353879178,0.0,383,368,0,0,368,356,,15,0,0,15,12
2020-08-28,US,Puerto Rico,Naguabo,130,0,0,18.230636999999998,-65.753897,72103.0,486.5269461077845,0.0,130,127,0,0,127,123,,3,0,0,3,4
2020-08-28,US,Puerto Rico,Naranjito,453,0,0,18.288019,-66.252703,72105.0,1490.0335504243142,0.0,453,437,0,0,437,422,,16,0,0,16,15
2020-08-28,US,Puerto Rico,Orocovis,269,0,0,18.215046,-66.433604,72107.0,1148.4438372539814,0.0,269,267,0,0,267,266,,2,0,0,2,1
2020-08-28,US,Puerto Rico,Out of PR,738,0,0,0.0,0.0,72888.0,0.0,0.0,738,738,0,0,738,734,,0,0,0,0,4
2020-08-28,US,Puerto Rico,Patillas,133,0,0,18.03174,-66.012242,72109.0,689.9413809202676,0.0,133,130,0,0,130,130,,3,0,0,3,0
2020-08-28,US,Puerto Rico,Penuelas,97,0,0,18.059645,-66.721572,72111.0,399.47286055514365,0.0,97,96,0,0,96,93,,1,0,0,1,3
2020-08-28,US,Puerto Rico,Ponce,641,0,0,18.059498,-66.613748,72113.0,385.3854154767416,0.0,641,633,0,0,633,624,,8,0,0,8,9
2020-08-28,US,Puerto Rico,Quebradillas,113,0,0,18.439692,-66.926113,72115.0,435.973610092982,0.0,113,109,0,0,109,106,,4,0,0,4,3
2020-08-28,US,Puerto Rico,Rincon,123,0,0,18.335442999999998,-67.23174,72117.0,809.2105263157895,0.0,123,123,0,0,123,123,,0,0,0,0,0
2020-08-28,US,Puerto Rico,Rio Grande,419,0,0,18.346329,-65.813742,72119.0,771.5822038892163,0.0,419,414,0,0,414,411,,5,0,0,5,3
2020-08-28,US,Puerto Rico,Sabana Grande,157,0,0,18.08282,-66.943758,72121.0,621.4130219671483,0.0,157,155,0,0,155,153,,2,0,0,2,2
2020-08-28,US,Puerto Rico,Salinas,299,0,0,18.010386999999994,-66.256592,72123.0,962.0953729326213,0.0,299,295,0,0,295,292,,4,0,0,4,3
2020-08-28,US,Puerto Rico,San German,187,0,0,18.111484,-67.03858100000001,72125.0,526.3602330621779,0.0,187,186,0,0,186,185,,1,0,0,1,1
2020-08-28,US,Puerto Rico,San Juan,5111,0,0,18.386933,-66.061128,72127.0,1292.8570344475193,0.0,5111,4993,0,0,4993,4886,,118,0,0,118,107
2020-08-28,US,Puerto Rico,San Lorenzo,253,0,0,18.147987,-65.976392,72129.0,616.201471089678,0.0,253,248,0,0,248,238,,5,0,0,5,10
2020-08-28,US,Puerto Rico,San Sebastian,272,0,0,18.328646,-66.971214,72131.0,641.0558567051613,0.0,272,272,0,0,272,270,,0,0,0,0,2
2020-08-28,US,Puerto Rico,Santa Isabel,127,0,0,17.994525,-66.388913,72133.0,545.673283492309,0.0,127,123,0,0,123,123,,4,0,0,4,0
2020-08-28,US,Puerto Rico,Toa Alta,873,0,0,18.362406,-66.246616,72135.0,1178.678475953879,0.0,873,858,0,0,858,833,,15,0,0,15,25
2020-08-28,US,Puerto Rico,Toa Baja,863,0,0,18.431445999999998,-66.213553,72137.0,963.0729056233192,0.0,863,844,0,0,844,827,,19,0,0,19,17
2020-08-28,US,Puerto Rico,Trujillo Alto,721,0,0,18.336159,-65.99888399999999,72139.0,963.3628176692232,0.0,721,712,0,0,712,696,,9,0,0,9,16
2020-08-28,US,Puerto Rico,Unassigned,590,424,0,0.0,0.0,72999.0,0.0,71.86440677966101,166,591,412,0,179,572,,-1,12,0,-13,19
2020-08-28,US,Puerto Rico,Utuado,98,0,0,18.271214,-66.702984,72141.0,295.63486078011397,0.0,98,98,0,0,98,94,,0,0,0,0,4
2020-08-28,US,Puerto Rico,Vega Alta,430,0,0,18.409346,-66.33725,72143.0,1076.3184901504342,0.0,430,415,0,0,415,397,,15,0,0,15,18
2020-08-28,US,Puerto Rico,Vega Baja,635,0,0,18.428262,-66.397924,72145.0,1064.3290536690022,0.0,635,623,0,0,623,616,,12,0,0,12,7
2020-08-28,US,Puerto Rico,Vieques,85,0,0,18.123276,-65.44097099999999,72147.0,913.8802279324804,0.0,85,84,0,0,84,82,,1,0,0,1,2
2020-08-28,US,Puerto Rico,Villalba,94,0,0,18.127951,-66.473115,72149.0,360.52621485828246,0.0,94,92,0,0,92,92,,2,0,0,2,0
2020-08-28,US,Puerto Rico,Yabucoa,190,0,0,18.070399,-65.896289,72151.0,500.77752299623086,0.0,190,187,0,0,187,183,,3,0,0,3,4
2020-08-28,US,Puerto Rico,Yauco,308,0,0,18.080374,-66.858814,72153.0,732.5833075660634,0.0,308,306,0,0,306,298,,2,0,0,2,8
2020-08-28,US,Rhode Island,Bristol,349,0,0,41.71018079,-71.28652315,44001.0,719.8993378576291,0.0,349,349,0,0,349,349,48649,0,0,0,0,0
2020-08-28,US,Rhode Island,Kent,1664,0,0,41.67106337,-71.57641596,44003.0,1012.8308134297473,0.0,1664,1664,0,0,1664,1664,163861,0,0,0,0,0
2020-08-28,US,Rhode Island,Newport,434,0,0,41.5642026,-71.26569799,44005.0,528.7395531297972,0.0,434,434,0,0,434,434,82542,0,0,0,0,0
2020-08-28,US,Rhode Island,Providence,16668,0,0,41.87064746,-71.57753536,44007.0,2608.7323983340925,0.0,16668,16668,0,0,16668,16668,636084,0,0,0,0,0
2020-08-28,US,Rhode Island,Unassigned,1874,1046,0,0.0,0.0,90044.0,0.0,55.81643543223052,828,1780,1044,0,736,1645,,94,2,0,92,135
2020-08-28,US,Rhode Island,Washington,694,0,0,41.45961631,-71.61435303,44009.0,552.6489723436616,0.0,694,694,0,0,694,694,126179,0,0,0,0,0
2020-08-28,US,South Carolina,Abbeville,404,10,0,34.22333378,-82.46170658,45001.0,1647.1643494923962,2.4752475247524752,394,394,10,0,384,393,24541,10,0,0,10,1
2020-08-28,US,South Carolina,Aiken,2312,62,0,33.54338026,-81.63645384,45003.0,1353.0596001685471,2.6816608996539792,2250,2293,57,0,2236,2277,169401,19,5,0,14,16
2020-08-28,US,South Carolina,Allendale,286,6,0,32.98837386,-81.35321066,45005.0,3291.8968692449357,2.097902097902098,280,285,6,0,279,283,8903,1,0,0,1,2
2020-08-28,US,South Carolina,Anderson,3065,114,0,34.51828081,-82.63959517,45007.0,1513.146851765914,3.719412724306689,2951,2997,110,0,2887,2978,200482,68,4,0,64,19
2020-08-28,US,South Carolina,Bamberg,530,28,0,33.21927586,-81.05659969,45009.0,3767.951087729277,5.283018867924528,502,524,27,0,497,523,14275,6,1,0,5,1
2020-08-28,US,South Carolina,Barnwell,526,13,0,33.26679302,-81.43584352,45011.0,2520.8473114157,2.4714828897338403,513,521,13,0,508,516,21112,5,0,0,5,5
2020-08-28,US,South Carolina,Beaufort,4679,65,0,32.39226291,-80.72619758,45013.0,2435.431652803948,1.3891857234451803,4614,4635,65,0,4570,4627,188715,44,0,0,44,8
2020-08-28,US,South Carolina,Berkeley,4718,77,0,33.20222596,-79.94654523,45015.0,2070.142645903812,1.632047477744807,4641,4676,76,0,4600,4658,221091,42,1,0,41,18
2020-08-28,US,South Carolina,Calhoun,410,15,0,33.66926881,-80.77722168,45017.0,2817.288531574246,3.6585365853658534,395,404,15,0,389,407,14520,6,0,0,6,-3
2020-08-28,US,South Carolina,Charleston,13679,232,0,32.82487866,-79.96512315,45019.0,3324.9393543117985,1.696030411579794,13447,13503,231,0,13272,13478,405905,176,1,0,175,25
2020-08-28,US,South Carolina,Cherokee,776,32,0,35.05122251,-81.61828622,45021.0,1354.2757417102964,4.123711340206185,744,765,32,0,733,764,57078,11,0,0,11,1
2020-08-28,US,South Carolina,Chester,852,18,0,34.69249168,-81.1583216,45023.0,2642.3520655005577,2.112676056338028,834,829,18,0,811,823,32251,23,0,0,23,6
2020-08-28,US,South Carolina,Chesterfield,973,25,0,34.64137396,-80.15640140000002,45025.0,2131.434830230011,2.569373072970196,948,937,25,0,912,928,45754,36,0,0,36,9
2020-08-28,US,South Carolina,Clarendon,965,62,0,33.66610974,-80.21647898,45027.0,2859.6829159875538,6.4248704663212415,903,959,62,0,897,956,33700,6,0,0,6,3
2020-08-28,US,South Carolina,Colleton,887,39,0,32.87582989,-80.67641292,45029.0,2354.2214082862224,4.3968432919954905,848,877,39,0,838,875,37660,10,0,0,10,2
2020-08-28,US,South Carolina,Darlington,1606,44,0,34.33358335,-79.96027485,45031.0,2410.759854693926,2.7397260273972597,1562,1592,45,0,1547,1582,66802,14,-1,0,15,10
2020-08-28,US,South Carolina,Dillon,740,28,0,34.39007791,-79.37741872,45033.0,2427.901177860166,3.783783783783784,712,735,28,0,707,721,30599,5,0,0,5,14
2020-08-28,US,South Carolina,Dorchester,3518,73,0,33.0794369,-80.40502652,45035.0,2160.8142056028837,2.075042637862422,3445,3484,72,0,3412,3471,160647,34,1,0,33,13
2020-08-28,US,South Carolina,Edgefield,488,12,0,33.77221995,-81.96231108,45037.0,1790.1687454145267,2.459016393442623,476,485,11,0,474,483,27052,3,1,0,2,2
2020-08-28,US,South Carolina,Fairfield,636,28,0,34.39287073,-81.1195624,45039.0,2846.0195999463012,4.402515723270441,608,623,28,0,595,620,22402,13,0,0,13,3
2020-08-28,US,South Carolina,Florence,4173,150,0,34.02361754,-79.70189312,45041.0,3017.506309068427,3.5945363048166787,4023,4120,149,0,3971,4103,138159,53,1,0,52,17
2020-08-28,US,South Carolina,Georgetown,1707,37,0,33.43443342,-79.33202141,45043.0,2723.356732610083,2.1675454012888107,1670,1699,37,0,1662,1691,62249,8,0,0,8,8
2020-08-28,US,South Carolina,Greenville,11962,255,0,34.89502264,-82.37295012,45045.0,2284.8214660905905,2.1317505433873936,11707,11851,253,0,11598,11835,514213,111,2,0,109,16
2020-08-28,US,South Carolina,Greenwood,1794,40,0,34.15272415,-82.12715789,45047.0,2533.5046814760417,2.2296544035674466,1754,1761,37,0,1724,1746,70741,33,3,0,30,15
2020-08-28,US,South Carolina,Hampton,536,21,0,32.77419582,-81.13845571,45049.0,2788.471543023619,3.917910447761194,515,523,21,0,502,523,19351,13,0,0,13,0
2020-08-28,US,South Carolina,Horry,9261,178,0,33.9212828,-78.99555293,45051.0,2615.503232311251,1.9220386567325345,9083,9239,178,0,9061,9186,344147,22,0,0,22,53
2020-08-28,US,South Carolina,Jasper,680,18,0,32.43171982,-81.02487495,45053.0,2261.1644997173544,2.647058823529412,662,676,18,0,658,678,28971,4,0,0,4,-2
2020-08-28,US,South Carolina,Kershaw,1576,29,0,34.33988254,-80.58763164,45055.0,2368.108668539917,1.84010152284264,1547,1550,29,0,1521,1540,65592,26,0,0,26,10
2020-08-28,US,South Carolina,Lancaster,1606,35,0,34.68270843,-80.70513032,45057.0,1638.5748683834634,2.179327521793275,1571,1582,35,0,1547,1568,95380,24,0,0,24,14
2020-08-28,US,South Carolina,Laurens,1471,54,0,34.48244419,-82.00490796,45059.0,2179.4852799549585,3.670972127804215,1417,1456,54,0,1402,1451,66994,15,0,0,15,5
2020-08-28,US,South Carolina,Lee,641,30,0,34.16393091,-80.25690731,45061.0,3809.127644402187,4.6801872074883,611,627,30,0,597,624,17142,14,0,0,14,3
2020-08-28,US,South Carolina,Lexington,5610,134,0,33.89665987,-81.27146426,45063.0,1877.8242677824273,2.3885918003565063,5476,5550,134,0,5416,5524,295032,60,0,0,60,26
2020-08-28,US,South Carolina,Marion,669,17,0,34.07859748,-79.36400756,45067.0,2182.2096095508373,2.5411061285500747,652,661,17,0,644,656,31039,8,0,0,8,5
2020-08-28,US,South Carolina,Marlboro,681,5,0,34.59905577,-79.67561152,45069.0,2607.3971973351713,0.7342143906020558,676,670,5,0,665,660,26398,11,0,0,11,10
2020-08-28,US,South Carolina,McCormick,158,5,0,33.90161443,-82.30794338,45065.0,1669.6607841065204,3.1645569620253164,153,157,4,0,153,155,9410,1,1,0,0,2
2020-08-28,US,South Carolina,Newberry,950,15,0,34.28629098,-81.59935761,45071.0,2471.3839750260145,1.5789473684210529,935,938,15,0,923,934,38520,12,0,0,12,4
2020-08-28,US,South Carolina,Oconee,1028,19,0,34.75225169,-83.06742317,45073.0,1292.3339954240316,1.8482490272373544,1009,999,18,0,981,998,78374,29,1,0,28,1
2020-08-28,US,South Carolina,Orangeburg,2806,97,0,33.4391073,-80.79886287,45075.0,3256.164780968959,3.4568781183178903,2709,2776,94,0,2682,2765,86934,30,3,0,27,11
2020-08-28,US,South Carolina,Pickens,2147,34,0,34.88807695,-82.72791551,45077.0,1692.09671826235,1.5836050302748022,2113,2118,33,0,2085,2113,124937,29,1,0,28,5
2020-08-28,US,South Carolina,Richland,10404,194,0,34.01791263,-80.90267209,45079.0,2502.4112526728227,1.864667435601692,10210,10257,193,0,10064,10179,414576,147,1,0,146,78
2020-08-28,US,South Carolina,Saluda,548,12,0,34.00795823,-81.72713237,45081.0,2676.696136374737,2.18978102189781,536,534,12,0,522,529,20544,14,0,0,14,5
2020-08-28,US,South Carolina,Spartanburg,4896,143,0,34.92960077,-81.99225984,45083.0,1531.0286598808575,2.9207516339869284,4753,4823,142,0,4681,4804,313888,73,1,0,72,19
2020-08-28,US,South Carolina,Sumter,2814,63,0,33.91826534,-80.37942316,45085.0,2636.781889225176,2.238805970149253,2751,2793,63,0,2730,2779,106512,21,0,0,21,14
2020-08-28,US,South Carolina,Union,446,5,0,34.68835752,-81.61730349,45087.0,1632.7427148923707,1.1210762331838564,441,442,5,0,437,443,27410,4,0,0,4,-1
2020-08-28,US,South Carolina,Williamsburg,1179,36,0,33.62190129,-79.72767442,45089.0,3882.376185458377,3.053435114503817,1143,1171,36,0,1135,1165,30606,8,0,0,8,6
2020-08-28,US,South Carolina,York,4158,46,0,34.97281497,-81.18085944,45091.0,1479.8258944618638,1.1063011063011063,4112,4107,46,0,4061,4081,274118,51,0,0,51,26
2020-08-28,US,South Dakota,Aurora,42,0,0,43.71757685,-98.56050467,46003.0,1526.7175572519086,0.0,42,42,0,0,42,42,2801,0,0,0,0,0
2020-08-28,US,South Dakota,Beadle,629,9,0,44.41464384,-98.27858469,46005.0,3408.6598385086436,1.4308426073131957,620,621,9,0,612,620,18883,8,0,0,8,1
2020-08-28,US,South Dakota,Bennett,20,0,0,43.19486375,-101.6665572,46007.0,594.3536404160476,0.0,20,18,0,0,18,13,3468,2,0,0,2,5
2020-08-28,US,South Dakota,Bon Homme,49,1,0,42.98914167,-97.88592746,46009.0,710.0420228952325,2.0408163265306123,48,47,1,0,46,39,6980,2,0,0,2,8
2020-08-28,US,South Dakota,Brookings,240,1,0,44.36974375,-96.79079945,46011.0,684.2090258573994,0.4166666666666667,239,224,1,0,223,197,35232,16,0,0,16,27
2020-08-28,US,South Dakota,Brown,618,3,0,45.58994323,-98.35165355,46013.0,1591.1841190555883,0.4854368932038835,615,604,3,0,601,562,39316,14,0,0,14,42
2020-08-28,US,South Dakota,Brule,59,0,0,43.71756379,-99.08118954,46015.0,1113.8380215216162,0.0,59,55,0,0,55,50,5229,4,0,0,4,5
2020-08-28,US,South Dakota,Buffalo,109,3,0,44.07657829,-99.20814467,46017.0,5555.555555555556,2.7522935779816518,106,109,3,0,106,109,2036,0,0,0,0,0
2020-08-28,US,South Dakota,Butte,44,1,0,44.90608745,-103.5079318,46019.0,421.9004698437049,2.272727272727273,43,41,1,0,40,33,10222,3,0,0,3,8
2020-08-28,US,South Dakota,Campbell,4,0,0,45.77074915,-100.0510181,46021.0,290.6976744186046,0.0,4,4,0,0,4,4,1377,0,0,0,0,0
2020-08-28,US,South Dakota,Charles Mix,119,0,0,43.20660134,-98.58856175,46023.0,1280.6715454154112,0.0,119,117,0,0,117,116,9338,2,0,0,2,1
2020-08-28,US,South Dakota,Clark,19,0,0,44.85834507,-97.72925109,46025.0,508.5653104925053,0.0,19,18,0,0,18,18,3739,1,0,0,1,0
2020-08-28,US,South Dakota,Clay,252,2,0,42.91296147,-96.97656917,46027.0,1791.044776119403,0.7936507936507936,250,230,1,0,229,176,14041,22,1,0,21,54
2020-08-28,US,South Dakota,Codington,266,1,0,44.97788119,-97.18827677,46029.0,949.6947409761148,0.3759398496240601,265,243,1,0,242,221,28015,23,0,0,23,22
2020-08-28,US,South Dakota,Corson,52,0,0,45.70889983,-101.1970473,46031.0,1272.6382770435634,0.0,52,52,0,0,52,52,4165,0,0,0,0,0
2020-08-28,US,South Dakota,Custer,110,0,0,43.67741105,-103.45345209999999,46033.0,1226.0365581810076,0.0,110,104,0,0,104,92,8726,6,0,0,6,12
2020-08-28,US,South Dakota,Davison,126,2,0,43.67490933,-98.14458906,46035.0,637.1681415929204,1.5873015873015872,124,121,2,0,119,113,19790,5,0,0,5,8
2020-08-28,US,South Dakota,Day,35,0,0,45.367281,-97.60737498,46037.0,645.2802359882006,0.0,35,34,0,0,34,32,5505,1,0,0,1,2
2020-08-28,US,South Dakota,Deuel,38,0,0,44.75994309,-96.66943645,46039.0,873.3624454148471,0.0,38,38,0,0,38,34,4337,0,0,0,0,4
2020-08-28,US,South Dakota,Dewey,73,0,0,45.15639647,-100.8709139,46041.0,1238.9680923285812,0.0,73,72,0,0,72,68,5904,1,0,0,1,4
2020-08-28,US,South Dakota,Douglas,25,0,0,43.38520741,-98.36978007,46043.0,855.8712769599452,0.0,25,23,0,0,23,22,2935,2,0,0,2,1
2020-08-28,US,South Dakota,Edmunds,31,0,0,45.41846445,-99.21545423,46045.0,809.6108644554712,0.0,31,27,0,0,27,26,3875,4,0,0,4,1
2020-08-28,US,South Dakota,Fall River,32,1,0,43.23929297,-103.5275691,46047.0,476.6870251750335,3.125,31,32,0,0,32,27,6758,0,1,0,-1,5
2020-08-28,US,South Dakota,Faulk,32,1,0,45.07082625,-99.14535601,46049.0,1391.9095258808175,3.125,31,31,1,0,30,29,2330,1,0,0,1,2
2020-08-28,US,South Dakota,Grant,41,0,0,45.1723937,-96.77002276,46051.0,581.3953488372092,0.0,41,41,0,0,41,39,7147,0,0,0,0,2
2020-08-28,US,South Dakota,Gregory,16,0,0,43.19419064,-99.18883902,46053.0,382.31780167264037,0.0,16,14,0,0,14,10,4212,2,0,0,2,4
2020-08-28,US,South Dakota,Haakon,6,0,0,44.29299053,-101.539099,46055.0,315.955766192733,0.0,6,5,0,0,5,3,1918,1,0,0,1,2
2020-08-28,US,South Dakota,Hamlin,49,0,0,44.67385954,-97.18829593,46057.0,794.9383517196626,0.0,49,48,0,0,48,44,6111,1,0,0,1,4
2020-08-28,US,South Dakota,Hand,13,0,0,44.54708407,-99.00386459,46059.0,407.3958006894391,0.0,13,14,0,0,14,13,3262,-1,0,0,-1,1
2020-08-28,US,South Dakota,Hanson,23,0,0,43.6746384,-97.78715148,46061.0,666.087460179554,0.0,23,23,0,0,23,22,3376,0,0,0,0,1
2020-08-28,US,South Dakota,Harding,2,0,0,45.58015551,-103.4958629,46063.0,154.08320493066256,0.0,2,2,0,0,2,2,1249,0,0,0,0,0
2020-08-28,US,South Dakota,Hughes,124,4,0,44.39091534,-99.99661148,46065.0,707.5202556202214,3.2258064516129035,120,121,3,0,118,113,17650,3,1,0,2,8
2020-08-28,US,South Dakota,Hutchinson,36,1,0,43.33449012,-97.75536441,46067.0,493.7594294335482,2.7777777777777777,35,36,1,0,35,35,7380,0,0,0,0,1
2020-08-28,US,South Dakota,Hyde,5,0,0,44.54747703,-99.48572582,46069.0,384.3197540353573,0.0,5,5,0,0,5,5,1282,0,0,0,0,0
2020-08-28,US,South Dakota,Jackson,12,1,0,43.69318385,-101.6255063,46071.0,358.85167464114835,8.333333333333334,11,12,1,0,11,12,3307,0,0,0,0,0
2020-08-28,US,South Dakota,Jerauld,40,1,0,44.06637798,-98.62965972,46073.0,1987.083954297069,2.5,39,40,1,0,39,40,2043,0,0,0,0,0
2020-08-28,US,South Dakota,Jones,3,0,0,43.96278565,-100.6940008,46075.0,332.2259136212625,0.0,3,3,0,0,3,3,928,0,0,0,0,0
2020-08-28,US,South Dakota,Kingsbury,21,0,0,44.36956169,-97.4913945,46077.0,425.1872848754809,0.0,21,21,0,0,21,18,4919,0,0,0,0,3
2020-08-28,US,South Dakota,Lake,111,6,0,44.02193107,-97.12926365,46079.0,867.3907947175119,5.405405405405406,105,113,6,0,107,109,13057,-2,0,0,-2,4
2020-08-28,US,South Dakota,Lawrence,190,2,0,44.35919441,-103.79294279999999,46081.0,735.1803126451014,1.0526315789473684,188,171,2,0,169,129,25741,19,0,0,19,42
2020-08-28,US,South Dakota,Lincoln,844,2,0,43.27841182,-96.72039050000001,46083.0,1380.7093312393665,0.23696682464454974,842,830,2,0,828,805,58807,14,0,0,14,25
2020-08-28,US,South Dakota,Lyman,102,3,0,43.89522709,-99.85201878,46085.0,2697.699021422904,2.9411764705882355,99,99,3,0,96,95,3821,3,0,0,3,4
2020-08-28,US,South Dakota,Marshall,16,0,0,45.75870838,-97.59855639,46091.0,324.2147922998987,0.0,16,16,0,0,16,16,5112,0,0,0,0,0
2020-08-28,US,South Dakota,McCook,44,1,0,43.6742571,-97.36863144,46087.0,787.6834944504117,2.272727272727273,43,41,1,0,40,39,5546,3,0,0,3,2
2020-08-28,US,South Dakota,McPherson,10,0,0,45.76626028,-99.22118798,46089.0,420.34468263976464,0.0,10,10,0,0,10,10,2407,0,0,0,0,0
2020-08-28,US,South Dakota,Meade,261,1,0,44.56676791,-102.71627409999999,46093.0,921.2198221092757,0.3831417624521073,260,247,1,0,246,179,28294,14,0,0,14,68
2020-08-28,US,South Dakota,Mellette,24,0,0,43.58078848,-100.7563186,46095.0,1164.4832605531294,0.0,24,24,0,0,24,24,2042,0,0,0,0,0
2020-08-28,US,South Dakota,Miner,16,0,0,44.02197882,-97.60992207,46097.0,722.0216606498195,0.0,16,15,0,0,15,15,2213,1,0,0,1,0
2020-08-28,US,South Dakota,Minnehaha,5079,70,0,43.67441641,-96.7910885,46099.0,2629.7803597502248,1.378224059854302,5009,5028,70,0,4958,4954,192876,51,0,0,51,74
2020-08-28,US,South Dakota,Moody,41,0,0,44.02266214,-96.67081159,46101.0,623.4793187347932,0.0,41,39,0,0,39,38,6579,2,0,0,2,1
2020-08-28,US,South Dakota,Oglala Lakota,172,2,0,43.33749164,-102.55554980000001,46102.0,1213.232700853495,1.162790697674419,170,169,2,0,167,163,14309,3,0,0,3,6
2020-08-28,US,South Dakota,Pennington,1284,33,0,44.0025835,-102.8240777,46103.0,1128.543177323665,2.5700934579439254,1251,1211,33,0,1178,1091,111729,73,0,0,73,120
2020-08-28,US,South Dakota,Perkins,14,0,0,45.49049506,-102.47555859999999,46105.0,488.6561954624782,0.0,14,13,0,0,13,9,2922,1,0,0,1,4
2020-08-28,US,South Dakota,Potter,7,0,0,45.06583079,-99.95498503,46107.0,325.12772875058056,0.0,7,7,0,0,7,4,2207,0,0,0,0,3
2020-08-28,US,South Dakota,Roberts,93,1,0,45.62975048,-96.94672673,46109.0,894.7469694054262,1.075268817204301,92,93,1,0,92,91,10447,0,0,0,0,2
2020-08-28,US,South Dakota,Sanborn,14,0,0,44.02351092,-98.09098159999999,46111.0,597.2696245733788,0.0,14,13,0,0,13,13,2429,1,0,0,1,0
2020-08-28,US,South Dakota,Spink,47,0,0,44.93837606,-98.34626602,46115.0,737.1392722710164,0.0,47,44,0,0,44,38,6495,3,0,0,3,6
2020-08-28,US,South Dakota,Stanley,20,0,0,44.41381872,-100.7349153,46117.0,645.577792123951,0.0,20,20,0,0,20,20,3022,0,0,0,0,0
2020-08-28,US,South Dakota,Sully,8,0,0,44.71571812,-100.1278092,46119.0,575.1258087706685,0.0,8,8,0,0,8,8,1392,0,0,0,0,0
2020-08-28,US,South Dakota,Todd,78,5,0,43.19338568,-100.71955030000001,46121.0,766.4341161442468,6.410256410256411,73,77,5,0,72,77,10283,1,0,0,1,0
2020-08-28,US,South Dakota,Tripp,20,0,0,43.34459388,-99.8854891,46123.0,367.5794890645102,0.0,20,20,0,0,20,20,5478,0,0,0,0,0
2020-08-28,US,South Dakota,Turner,74,0,0,43.3109081,-97.14865776,46125.0,882.6335877862596,0.0,74,74,0,0,74,70,8424,0,0,0,0,4
2020-08-28,US,South Dakota,Union,249,4,0,42.83112163,-96.6557828,46127.0,1562.8922922420286,1.606425702811245,245,244,4,0,240,237,15619,5,0,0,5,7
2020-08-28,US,South Dakota,Walworth,38,0,0,45.43019636,-100.03075140000001,46129.0,699.1720331186752,0.0,38,37,0,0,37,32,5587,1,0,0,1,5
2020-08-28,US,South Dakota,Yankton,199,3,0,43.00924485,-97.39467635,46135.0,872.2714122906987,1.5075376884422111,196,193,3,0,190,185,22869,6,0,0,6,8
2020-08-28,US,South Dakota,Ziebach,47,0,0,44.97881876,-101.6654622,46137.0,1705.3701015965164,0.0,47,46,0,0,46,46,2742,1,0,0,1,0
2020-08-28,US,Tennessee,Anderson,851,8,0,36.12684348,-84.19965764,47001.0,1105.5106653849152,0.9400705052878966,843,851,8,0,843,847,76482,0,0,0,0,4
2020-08-28,US,Tennessee,Bedford,1098,14,0,35.51123746,-86.45549096,47003.0,2208.677810633033,1.275045537340619,1084,1094,14,0,1080,1076,49038,4,0,0,4,18
2020-08-28,US,Tennessee,Benton,243,5,0,36.07110411,-88.06849355,47005.0,1503.7128712871286,2.05761316872428,238,236,4,0,232,231,16184,7,1,0,6,5
2020-08-28,US,Tennessee,Bledsoe,773,3,0,35.59942968,-85.20611967,47007.0,5131.439192777483,0.38809831824062097,770,772,3,0,769,770,14755,1,0,0,1,2
2020-08-28,US,Tennessee,Blount,1962,17,0,35.68938198,-83.92847788,47009.0,1474.212551094013,0.8664627930682977,1945,1940,17,0,1923,1770,131349,22,0,0,22,170
2020-08-28,US,Tennessee,Bradley,2439,16,0,35.15739424,-84.857186,47011.0,2256.0355193784108,0.6560065600656007,2423,2416,16,0,2400,2398,106727,23,0,0,23,18
2020-08-28,US,Tennessee,Campbell,320,2,0,36.40355516,-84.15108559999999,47013.0,803.1725314994228,0.625,318,316,2,0,314,311,39583,4,0,0,4,5
2020-08-28,US,Tennessee,Cannon,194,0,0,35.80990797,-86.05738983,47015.0,1321.7059544897124,0.0,194,188,0,0,188,187,14462,6,0,0,6,1
2020-08-28,US,Tennessee,Carroll,596,8,0,35.97366108,-88.45189331,47017.0,2146.432815932582,1.342281879194631,588,566,7,0,559,530,28020,30,1,0,29,36
2020-08-28,US,Tennessee,Carter,802,18,0,36.28969086,-82.12588974,47019.0,1422.2127644482275,2.244389027431421,784,790,18,0,772,770,56351,12,0,0,12,20
2020-08-28,US,Tennessee,Cheatham,701,10,0,36.26136216,-87.08903581,47021.0,1723.7563626527651,1.4265335235378032,691,701,10,0,691,697,40439,0,0,0,0,4
2020-08-28,US,Tennessee,Chester,370,4,0,35.42527478,-88.6095842,47023.0,2139.09926576863,1.0810810810810811,366,358,4,0,354,351,17276,12,0,0,12,7
2020-08-28,US,Tennessee,Claiborne,354,3,0,36.48319149,-83.65947309,47025.0,1107.6692011639914,0.8474576271186439,351,349,3,0,346,345,31756,5,0,0,5,4
2020-08-28,US,Tennessee,Clay,109,0,0,36.55151008,-85.53930419,47027.0,1431.3854235062374,0.0,109,106,0,0,106,103,7717,3,0,0,3,3
2020-08-28,US,Tennessee,Cocke,630,7,0,35.9278914,-83.11828725,47029.0,1749.8055771580935,1.1111111111111112,623,622,7,0,615,619,35774,8,0,0,8,3
2020-08-28,US,Tennessee,Coffee,752,6,0,35.49090731,-86.07311784,47031.0,1330.5024769992922,0.7978723404255319,746,742,6,0,736,725,55700,10,0,0,10,17
2020-08-28,US,Tennessee,Crockett,387,14,0,35.81830662,-89.14916269,47033.0,2719.606465214336,3.617571059431525,373,378,14,0,364,364,14328,9,0,0,9,14
2020-08-28,US,Tennessee,Cumberland,780,8,0,35.95271721,-84.99840585,47035.0,1288.8301387970919,1.0256410256410255,772,757,8,0,749,747,59673,23,0,0,23,10
2020-08-28,US,Tennessee,Davidson,23321,254,0,36.17007426,-86.78646056,47037.0,3359.677530886963,1.0891471206208996,23067,23181,251,0,22930,23056,692587,140,3,0,137,125
2020-08-28,US,Tennessee,DeKalb,443,5,0,35.97616272,-85.83689361,47041.0,2162.030258662762,1.1286681715575622,438,435,5,0,430,427,20138,8,0,0,8,8
2020-08-28,US,Tennessee,Decatur,291,4,0,35.60048904,-88.11043779,47039.0,2495.0698791048612,1.3745704467353952,287,285,4,0,281,280,11706,6,0,0,6,5
2020-08-28,US,Tennessee,Dickson,906,9,0,36.14669837,-87.35891709,47043.0,1679.394972936902,0.9933774834437086,897,890,9,0,881,877,53446,16,0,0,16,13
2020-08-28,US,Tennessee,Dyer,924,10,0,36.05931946,-89.41542855,47045.0,2486.611588040583,1.0822510822510822,914,917,9,0,908,887,37320,7,1,0,6,30
2020-08-28,US,Tennessee,Fayette,873,10,0,35.19615831,-89.41399032,47047.0,2122.3834877105974,1.145475372279496,863,859,10,0,849,851,40507,14,0,0,14,8
2020-08-28,US,Tennessee,Fentress,198,0,0,36.38128818,-84.92870012,47049.0,1068.9413162014791,0.0,198,189,0,0,189,180,18217,9,0,0,9,9
2020-08-28,US,Tennessee,Franklin,470,4,0,35.15634626,-86.09201039,47051.0,1113.532979529947,0.851063829787234,466,460,4,0,456,444,41890,10,0,0,10,16
2020-08-28,US,Tennessee,Gibson,1066,13,0,35.99438059,-88.93358327,47053.0,2169.621232165754,1.2195121951219512,1053,1045,13,0,1032,1013,49045,21,0,0,21,32
2020-08-28,US,Tennessee,Giles,438,14,0,35.20222469,-87.03992678,47055.0,1486.5598696714637,3.1963470319634704,424,436,14,0,422,433,29503,2,0,0,2,3
2020-08-28,US,Tennessee,Grainger,267,1,0,36.27469206,-83.51254721,47057.0,1144.9399656946828,0.3745318352059925,266,263,1,0,262,255,23145,4,0,0,4,8
2020-08-28,US,Tennessee,Greene,800,16,0,36.17470125,-82.84691273,47059.0,1158.2620278272452,2.0,784,779,11,0,768,759,69087,21,5,0,16,20
2020-08-28,US,Tennessee,Grundy,147,2,0,35.38433717,-85.72142731,47061.0,1094.8089670067777,1.3605442176870748,145,147,2,0,145,143,13346,0,0,0,0,4
2020-08-28,US,Tennessee,Hamblen,1634,20,0,36.21990035,-83.26586179,47063.0,2516.4012689808114,1.2239902080783354,1614,1625,20,0,1605,1609,64569,9,0,0,9,16
2020-08-28,US,Tennessee,Hamilton,7863,73,0,35.17670231,-85.16652245,47065.0,2137.8234059444703,0.9283988299631184,7790,7763,70,0,7693,7689,364286,100,3,0,97,74
2020-08-28,US,Tennessee,Hancock,90,2,0,36.52692871,-83.22375847,47067.0,1359.5166163141996,2.2222222222222223,88,90,2,0,88,89,6549,0,0,0,0,1
2020-08-28,US,Tennessee,Hardeman,1223,21,0,35.20772017,-88.99161161,47069.0,4882.235528942116,1.7170891251022078,1202,1201,22,0,1179,1194,25220,22,-1,0,23,7
2020-08-28,US,Tennessee,Hardin,667,10,0,35.19732531,-88.18593755,47071.0,2600.187119912677,1.4992503748125936,657,653,9,0,644,642,25776,14,1,0,13,11
2020-08-28,US,Tennessee,Hawkins,654,13,0,36.44355426,-82.94885298,47073.0,1151.6923185292148,1.9877675840978597,641,649,12,0,637,643,56530,5,1,0,4,6
2020-08-28,US,Tennessee,Haywood,728,11,0,35.58332824,-89.28536625,47075.0,4207.119741100324,1.510989010989011,717,718,10,0,708,713,17335,10,1,0,9,5
2020-08-28,US,Tennessee,Henderson,832,6,0,35.65581134,-88.38600175,47077.0,2959.0639115126082,0.7211538461538461,826,813,6,0,807,805,27847,19,0,0,19,8
2020-08-28,US,Tennessee,Henry,440,4,0,36.33160906,-88.30121797,47079.0,1360.333900139125,0.9090909090909092,436,430,4,0,426,424,32358,10,0,0,10,6
2020-08-28,US,Tennessee,Hickman,365,3,0,35.80609681,-87.47643507,47081.0,1449.6782905711334,0.821917808219178,362,365,3,0,362,356,25063,0,0,0,0,9
2020-08-28,US,Tennessee,Houston,87,0,0,36.28872054,-87.71878828,47083.0,1060.8462382636264,0.0,87,81,0,0,81,79,8263,6,0,0,6,2
2020-08-28,US,Tennessee,Humphreys,165,3,0,36.03958805,-87.77992872,47085.0,887.9560865353568,1.818181818181818,162,163,3,0,160,157,18486,2,0,0,2,6
2020-08-28,US,Tennessee,Jackson,208,1,0,36.36380466,-85.67239905,47087.0,1764.8057016799594,0.4807692307692308,207,203,1,0,202,197,11758,5,0,0,5,6
2020-08-28,US,Tennessee,Jefferson,781,6,0,36.04818632,-83.45148924,47089.0,1433.1590054133408,0.7682458386683739,775,752,6,0,746,738,54012,29,0,0,29,14
2020-08-28,US,Tennessee,Johnson,405,1,0,36.45523950000001,-81.84886538,47091.0,2276.815830897235,0.2469135802469136,404,403,1,0,402,396,17778,2,0,0,2,7
2020-08-28,US,Tennessee,Knox,6170,51,0,35.99508821,-83.94635435,47093.0,1311.8922930048711,0.826580226904376,6119,6099,51,0,6048,5988,465289,71,0,0,71,111
2020-08-28,US,Tennessee,Lake,831,1,0,36.34180170000001,-89.48921915,47095.0,11844.355758266818,0.12033694344163658,830,822,1,0,821,820,7411,9,0,0,9,2
2020-08-28,US,Tennessee,Lauderdale,705,12,0,35.75893438,-89.63015909999999,47097.0,2750.360862950103,1.702127659574468,693,712,12,0,700,700,25825,-7,0,0,-7,12
2020-08-28,US,Tennessee,Lawrence,740,9,0,35.21675201,-87.39787695,47099.0,1676.4079561415433,1.2162162162162162,731,725,9,0,716,721,43734,15,0,0,15,4
2020-08-28,US,Tennessee,Lewis,129,1,0,35.52853208,-87.49022694,47101.0,1051.5161395500486,0.7751937984496124,128,126,1,0,125,120,12086,3,0,0,3,6
2020-08-28,US,Tennessee,Lincoln,400,1,0,35.13738622,-86.58910106,47103.0,1163.9411045801082,0.25,399,396,1,0,395,391,34117,4,0,0,4,5
2020-08-28,US,Tennessee,Loudon,934,3,0,35.73939663,-84.31145275,47105.0,1727.4543167862691,0.32119914346895073,931,914,3,0,911,903,53054,20,0,0,20,11
2020-08-28,US,Tennessee,Macon,898,15,0,36.53157855,-86.00778595,47111.0,3650.1097471750263,1.6703786191536751,883,896,15,0,881,885,24265,2,0,0,2,11
2020-08-28,US,Tennessee,Madison,1720,37,0,35.61181957,-88.84076036,47113.0,1755.388634879164,2.1511627906976742,1683,1675,36,0,1639,1618,97605,45,1,0,44,57
2020-08-28,US,Tennessee,Marion,318,6,0,35.12997174,-85.62265895,47115.0,1100.0795655031652,1.8867924528301887,312,314,6,0,308,308,28575,4,0,0,4,6
2020-08-28,US,Tennessee,Marshall,519,4,0,35.45798777,-86.76420988,47117.0,1509.8181818181818,0.7707129094412332,515,507,4,0,503,488,33683,12,0,0,12,19
2020-08-28,US,Tennessee,Maury,1711,14,0,35.618741299999996,-87.07462444,47119.0,1775.1356510732776,0.8182349503214494,1697,1674,14,0,1660,1648,94340,37,0,0,37,26
2020-08-28,US,Tennessee,McMinn,775,21,0,35.42812616,-84.61520715,47107.0,1440.6811168531806,2.7096774193548385,754,765,21,0,744,742,53285,10,0,0,10,23
2020-08-28,US,Tennessee,McNairy,526,11,0,35.17468549,-88.5647812,47109.0,2047.1705456526813,2.091254752851711,515,517,10,0,507,503,25832,9,1,0,8,14
2020-08-28,US,Tennessee,Meigs,159,2,0,35.51558739,-84.81482914,47121.0,1279.9871196264692,1.2578616352201255,157,151,2,0,149,142,12306,8,0,0,8,9
2020-08-28,US,Tennessee,Monroe,711,14,0,35.44550387,-84.24902965,47123.0,1527.5539800193362,1.969057665260197,697,681,14,0,667,654,46357,30,0,0,30,27
2020-08-28,US,Tennessee,Montgomery,2440,28,0,36.49609412,-87.38550661,47125.0,1167.5032178111228,1.147540983606557,2412,2418,28,0,2390,2377,205950,22,0,0,22,41
2020-08-28,US,Tennessee,Moore,90,0,0,35.27724699,-86.36230578,47127.0,1387.1763255240444,0.0,90,89,0,0,89,86,6411,1,0,0,1,3
2020-08-28,US,Tennessee,Morgan,204,1,0,36.13248031,-84.64880098,47129.0,953.1374106433676,0.4901960784313725,203,191,1,0,190,187,21579,13,0,0,13,4
2020-08-28,US,Tennessee,Obion,796,7,0,36.35732446,-89.14921589,47131.0,2647.2446705909742,0.8793969849246231,789,782,7,0,775,770,30267,14,0,0,14,12
2020-08-28,US,Tennessee,Out of TN,3001,26,0,0.0,0.0,80047.0,0.0,0.8663778740419861,2975,2996,26,0,2970,2953,,5,0,0,5,43
2020-08-28,US,Tennessee,Overton,413,2,0,36.34117832,-85.28989535,47133.0,1856.9308933950808,0.4842615012106538,411,405,2,0,403,387,22068,8,0,0,8,18
2020-08-28,US,Tennessee,Perry,104,0,0,35.63708728,-87.86139634,47135.0,1287.7662209014366,0.0,104,103,0,0,103,100,8064,1,0,0,1,3
2020-08-28,US,Tennessee,Pickett,58,1,0,36.55606529,-85.07763299999998,47137.0,1148.9698890649765,1.7241379310344829,57,57,1,0,56,54,5082,1,0,0,1,3
2020-08-28,US,Tennessee,Polk,319,10,0,35.12245443,-84.52075859,47139.0,1895.1996197718631,3.134796238244514,309,318,10,0,308,314,16898,1,0,0,1,4
2020-08-28,US,Tennessee,Putnam,2314,28,0,36.14005459,-85.50646123,47141.0,2883.668764408997,1.2100259291270528,2286,2275,27,0,2248,2226,78843,39,1,0,38,49
2020-08-28,US,Tennessee,Rhea,639,3,0,35.60536161,-84.93076643,47143.0,1926.6138028763528,0.4694835680751174,636,635,3,0,632,627,33044,4,0,0,4,8
2020-08-28,US,Tennessee,Roane,624,2,0,35.84923189,-84.52458689,47145.0,1168.9333483196585,0.3205128205128205,622,605,2,0,603,597,53140,19,0,0,19,8
2020-08-28,US,Tennessee,Robertson,1790,26,0,36.52454807,-86.87346725,47147.0,2492.5849080250096,1.4525139664804467,1764,1788,26,0,1762,1779,71012,2,0,0,2,9
2020-08-28,US,Tennessee,Rutherford,7725,68,0,35.84591405,-86.4107263,47149.0,2324.811532268986,0.8802588996763754,7657,7670,67,0,7603,7620,324890,55,1,0,54,50
2020-08-28,US,Tennessee,Scott,156,2,0,36.42325673,-84.50360494,47151.0,706.9059271343123,1.2820512820512822,154,156,2,0,154,154,22039,0,0,0,0,2
2020-08-28,US,Tennessee,Sequatchie,141,1,0,35.36979721,-85.41022136,47153.0,938.3734859576732,0.7092198581560284,140,141,1,0,140,138,14876,0,0,0,0,3
2020-08-28,US,Tennessee,Sevier,2211,11,0,35.78077323,-83.52244332,47155.0,2250.381679389313,0.4975124378109453,2200,2200,11,0,2189,2181,97892,11,0,0,11,19
2020-08-28,US,Tennessee,Shelby,26649,378,0,35.1864775,-89.89692423,47157.0,2843.573070299179,1.4184397163120568,26271,26504,377,0,26127,26334,935764,145,1,0,144,170
2020-08-28,US,Tennessee,Smith,513,8,0,36.25359775,-85.95411046,47159.0,2545.02158059235,1.5594541910331383,505,509,8,0,501,506,19942,4,0,0,4,3
2020-08-28,US,Tennessee,Stewart,93,0,0,36.50235092,-87.83920548,47161.0,678.0896828290194,0.0,93,92,0,0,92,91,13561,1,0,0,1,1
2020-08-28,US,Tennessee,Sullivan,1571,25,0,36.51240691,-82.30412917,47163.0,992.1186248010713,1.5913430935709738,1546,1534,25,0,1509,1523,157668,37,0,0,37,11
2020-08-28,US,Tennessee,Sumner,4007,86,0,36.46824103,-86.45917204,47165.0,2094.80194267133,2.146244072872473,3921,3972,86,0,3886,3939,187149,35,0,0,35,33
2020-08-28,US,Tennessee,Tipton,1431,15,0,35.501942,-89.73694895,47167.0,2323.0896605464372,1.0482180293501049,1416,1392,14,0,1378,1356,61581,39,1,0,38,36
2020-08-28,US,Tennessee,Trousdale,1603,6,0,36.39026213,-86.16087954,47169.0,14205.955334987593,0.3742981908920773,1597,1596,6,0,1590,1592,11012,7,0,0,7,4
2020-08-28,US,Tennessee,Unassigned,3332,6,0,0.0,0.0,90047.0,0.0,0.18007202881152462,3326,3296,4,0,3292,3303,,36,2,0,34,-7
2020-08-28,US,Tennessee,Unicoi,220,1,0,36.10890856,-82.43709629,47171.0,1230.2186434043504,0.4545454545454545,219,216,1,0,215,215,17761,4,0,0,4,1
2020-08-28,US,Tennessee,Union,220,1,0,36.28590426,-83.83651902,47173.0,1101.5421590226317,0.4545454545454545,219,217,1,0,216,211,19688,3,0,0,3,6
2020-08-28,US,Tennessee,Van Buren,69,0,0,35.69864497,-85.45221699,47175.0,1175.0681198910079,0.0,69,64,0,0,64,59,5765,5,0,0,5,5
2020-08-28,US,Tennessee,Warren,824,7,0,35.672829899999996,-85.77969117,47177.0,1996.269108704605,0.8495145631067961,817,798,7,0,791,780,40878,26,0,0,26,18
2020-08-28,US,Tennessee,Washington,1671,12,0,36.29472368,-82.49454720000001,47179.0,1291.5942028985507,0.7181328545780971,1659,1650,9,0,1641,1641,128607,21,3,0,18,9
2020-08-28,US,Tennessee,Wayne,292,3,0,35.23868267,-87.78644456,47181.0,1751.3344928927008,1.0273972602739727,289,278,2,0,276,271,16558,14,1,0,13,7
2020-08-28,US,Tennessee,Weakley,807,11,0,36.29896232,-88.71990865,47183.0,2421.387421987518,1.3630731102850062,796,785,11,0,774,770,33415,22,0,0,22,15
2020-08-28,US,Tennessee,White,536,7,0,35.92929884,-85.45591799,47185.0,1960.1389650758829,1.3059701492537314,529,497,7,0,490,482,27107,39,0,0,39,15
2020-08-28,US,Tennessee,Williamson,4295,27,0,35.89099229,-86.89281867,47187.0,1801.5032800362399,0.6286379511059371,4268,4260,27,0,4233,4210,231729,35,0,0,35,50
2020-08-28,US,Tennessee,Wilson,2764,31,0,36.15496772,-86.29775884,47189.0,1910.726753631003,1.121562952243126,2733,2739,31,0,2708,2712,140625,25,0,0,25,27
2020-08-28,US,Texas,Anderson,2495,18,0,31.81534745,-95.65354823,48001.0,4321.468779769637,0.7214428857715431,2477,2482,18,0,2464,2453,58057,13,0,0,13,29
2020-08-28,US,Texas,Andrews,362,8,0,32.30468633,-102.63765479999999,48003.0,1935.311414060412,2.209944751381216,354,362,8,0,354,357,18128,0,0,0,0,5
2020-08-28,US,Texas,Angelina,2002,66,0,31.25457347,-94.60901487,48005.0,2308.712448826616,3.2967032967032965,1936,1968,65,0,1903,1968,87092,34,1,0,33,0
2020-08-28,US,Texas,Aransas,208,17,0,28.10556197,-96.9995047,48007.0,884.7299021692895,8.173076923076923,191,198,16,0,182,198,23792,10,1,0,9,0
2020-08-28,US,Texas,Archer,48,0,0,33.61569967,-98.68754589,48009.0,561.2065941774816,0.0,48,46,0,0,46,42,8786,2,0,0,2,4
2020-08-28,US,Texas,Armstrong,11,0,0,34.96507426,-101.35748740000001,48011.0,582.9358770535241,0.0,11,11,0,0,11,11,1892,0,0,0,0,0
2020-08-28,US,Texas,Atascosa,565,26,0,28.89333001,-98.52730485,48013.0,1104.5295486090747,4.601769911504425,539,559,24,0,535,558,50310,6,2,0,4,1
2020-08-28,US,Texas,Austin,401,6,0,29.88548725,-96.27736949,48015.0,1335.2424080980288,1.4962593516209477,395,401,5,0,396,401,29989,0,1,0,-1,0
2020-08-28,US,Texas,Bailey,202,4,0,34.06854817,-102.8299707,48017.0,2885.714285714286,1.98019801980198,198,199,4,0,195,199,7027,3,0,0,3,0
2020-08-28,US,Texas,Bandera,109,3,0,29.74619598,-99.24598147,48019.0,471.61647628937345,2.7522935779816518,106,106,3,0,103,106,22824,3,0,0,3,0
2020-08-28,US,Texas,Bastrop,1573,25,0,30.10370699,-97.31206354,48021.0,1772.933737587773,1.5893197711379532,1548,1571,25,0,1546,1561,86976,2,0,0,2,10
2020-08-28,US,Texas,Baylor,15,0,0,33.61640794,-99.21352901,48023.0,427.4722143060701,0.0,15,13,0,0,13,13,3582,2,0,0,2,0
2020-08-28,US,Texas,Bee,1516,22,0,28.41761668,-97.74215593,48025.0,4655.304775065254,1.4511873350923483,1494,1496,22,0,1474,1490,32587,20,0,0,20,6
2020-08-28,US,Texas,Bell,4747,62,0,31.03736027,-97.4785025,48027.0,1307.9873472131906,1.3060880556140722,4685,4706,61,0,4645,4679,355642,41,1,0,40,27
2020-08-28,US,Texas,Bexar,46083,1062,0,29.44928723,-98.52019748,48029.0,2300.062788424969,2.3045374650087886,45021,45811,1046,0,44765,45622,1986049,272,16,0,256,189
2020-08-28,US,Texas,Blanco,124,5,0,30.26640707,-98.3999852,48031.0,1039.3093621657865,4.032258064516129,119,124,5,0,119,124,11702,0,0,0,0,0
2020-08-28,US,Texas,Bosque,211,5,0,31.89978581,-97.63613524,48035.0,1129.2480599411292,2.3696682464454977,206,209,5,0,204,206,18691,2,0,0,2,3
2020-08-28,US,Texas,Bowie,914,44,0,33.44626922,-94.41834132,48037.0,980.2134162689688,4.814004376367615,870,914,43,0,871,914,94324,0,1,0,-1,0
2020-08-28,US,Texas,Brazoria,9093,134,0,29.18757369,-95.44563172,48039.0,2429.568432977791,1.47366105795667,8959,8981,131,0,8850,8886,370200,112,3,0,109,95
2020-08-28,US,Texas,Brazos,4613,55,0,30.663644800000004,-96.30205577,48041.0,2012.5561164167514,1.1922826793843486,4558,4550,54,0,4496,4481,226758,63,1,0,62,69
2020-08-28,US,Texas,Brewster,191,2,0,29.81008251,-103.25203259999999,48043.0,2075.4101923285884,1.0471204188481675,189,189,2,0,187,189,9267,2,0,0,2,0
2020-08-28,US,Texas,Briscoe,12,1,0,34.53026962,-101.2084947,48045.0,776.1966364812421,8.333333333333334,11,12,1,0,11,12,1516,0,0,0,0,0
2020-08-28,US,Texas,Brooks,209,16,0,27.03103197,-98.21808402,48047.0,2946.5670379247144,7.655502392344498,193,199,16,0,183,197,7114,10,0,0,10,2
2020-08-28,US,Texas,Brown,466,19,0,31.77430356,-98.99907113,48049.0,1230.7204732727655,4.07725321888412,447,462,19,0,443,461,37924,4,0,0,4,1
2020-08-28,US,Texas,Burleson,275,6,0,30.49273808,-96.62158484,48051.0,1491.0806267960745,2.1818181818181817,269,277,6,0,271,275,18389,-2,0,0,-2,2
2020-08-28,US,Texas,Burnet,637,12,0,30.78801353,-98.181887,48053.0,1322.8117537119715,1.8838304552590264,625,637,12,0,625,628,47542,0,0,0,0,9
2020-08-28,US,Texas,Caldwell,1232,32,0,29.83668859,-97.61814775,48055.0,2821.546353975815,2.5974025974025974,1200,1230,32,0,1198,1226,43247,2,0,0,2,4
2020-08-28,US,Texas,Calhoun,591,7,0,28.47048236,-96.61633945,48057.0,2775.951150775012,1.1844331641285957,584,589,7,0,582,589,21561,2,0,0,2,0
2020-08-28,US,Texas,Callahan,87,3,0,32.29760619,-99.37326312,48059.0,623.9690167108944,3.4482758620689653,84,64,3,0,61,62,13994,23,0,0,23,2
2020-08-28,US,Texas,Cameron,20739,731,0,26.14524221,-97.48140372,48061.0,4900.948334329797,3.524760113795265,20008,20739,712,0,20027,20335,423908,0,19,0,-19,404
2020-08-28,US,Texas,Camp,292,8,0,32.97195142,-94.97790104,48063.0,2230.029020925615,2.7397260273972597,284,289,8,0,281,290,13033,3,0,0,3,-1
2020-08-28,US,Texas,Carson,17,0,0,35.40365929,-101.35426690000001,48065.0,286.87141410732363,0.0,17,17,0,0,17,17,6005,0,0,0,0,0
2020-08-28,US,Texas,Cass,255,10,0,33.07499881,-94.34646905,48067.0,849.2639712249384,3.92156862745098,245,249,9,0,240,246,30119,6,1,0,5,3
2020-08-28,US,Texas,Castro,223,4,0,34.53016752,-102.2617243,48069.0,2961.487383798141,1.7937219730941705,219,221,4,0,217,220,7665,2,0,0,2,1
2020-08-28,US,Texas,Chambers,1123,5,0,29.70972016,-94.67154501,48071.0,2561.762894358647,0.4452359750667854,1118,1123,5,0,1118,1123,42454,0,0,0,0,0
2020-08-28,US,Texas,Cherokee,1402,15,0,31.837258000000002,-95.16559897,48073.0,2663.070318732667,1.0699001426533523,1387,1385,14,0,1371,1377,52592,17,1,0,16,8
2020-08-28,US,Texas,Childress,56,0,0,34.529304100000004,-100.2077916,48075.0,766.4932931836847,0.0,56,56,0,0,56,55,7291,0,0,0,0,1
2020-08-28,US,Texas,Clay,63,1,0,33.78686685,-98.20771198,48077.0,601.6617324037819,1.5873015873015872,62,62,1,0,61,61,10456,1,0,0,1,1
2020-08-28,US,Texas,Cochran,37,1,0,33.60425307,-102.82844990000001,48079.0,1296.880476691202,2.702702702702702,36,37,1,0,36,37,2836,0,0,0,0,0
2020-08-28,US,Texas,Coke,48,3,0,31.88911733,-100.5297533,48081.0,1417.1833480956598,6.25,45,48,3,0,45,48,3370,0,0,0,0,0
2020-08-28,US,Texas,Coleman,52,2,0,31.76736834,-99.45240766,48083.0,636.085626911315,3.8461538461538463,50,47,2,0,45,47,8397,5,0,0,5,0
2020-08-28,US,Texas,Collin,10812,110,0,33.18820114,-96.57264368,48085.0,1044.9102664463194,1.0173880873103958,10702,10785,108,0,10677,10570,1005146,27,2,0,25,215
2020-08-28,US,Texas,Collingsworth,16,0,0,34.96489496,-100.27001109999999,48087.0,547.9452054794519,0.0,16,16,0,0,16,15,2962,0,0,0,0,1
2020-08-28,US,Texas,Colorado,422,3,0,29.622097999999998,-96.5273805,48089.0,1963.4299539384915,0.7109004739336493,419,422,3,0,419,421,21217,0,0,0,0,1
2020-08-28,US,Texas,Comal,2308,94,0,29.80811278,-98.27647225,48091.0,1477.5076980199606,4.072790294627383,2214,2297,94,0,2203,2293,148373,11,0,0,11,4
2020-08-28,US,Texas,Comanche,213,3,0,31.94854689,-98.55876441,48093.0,1562.1562156215618,1.4084507042253518,210,209,3,0,206,207,13534,4,0,0,4,2
2020-08-28,US,Texas,Concho,48,0,0,31.32635934,-99.86473038,48095.0,1760.8217168011738,0.0,48,46,0,0,46,42,4276,2,0,0,2,4
2020-08-28,US,Texas,Cooke,312,4,0,33.63979567,-97.21240912,48097.0,756.2353055239108,1.2820512820512822,308,300,4,0,296,300,40574,12,0,0,12,0
2020-08-28,US,Texas,Coryell,914,10,0,31.39078397,-97.79936155,48099.0,1203.4074600729418,1.0940919037199124,904,850,10,0,840,793,74808,64,0,0,64,57
2020-08-28,US,Texas,Cottle,18,2,0,34.07783319,-100.27850620000001,48101.0,1287.5536480686694,11.111111111111109,16,18,2,0,16,18,1389,0,0,0,0,0
2020-08-28,US,Texas,Crane,70,2,0,31.43052248,-102.5143314,48103.0,1459.245361684386,2.8571428571428568,68,70,2,0,68,70,4794,0,0,0,0,0
2020-08-28,US,Texas,Crockett,162,5,0,30.72367027,-101.4134238,48105.0,4676.674364896075,3.08641975308642,157,162,5,0,157,161,3499,0,0,0,0,1
2020-08-28,US,Texas,Crosby,81,1,0,33.61431553,-101.30003640000001,48107.0,1411.8877462088199,1.2345679012345678,80,81,1,0,80,81,5779,0,0,0,0,0
2020-08-28,US,Texas,Culberson,23,2,0,31.44506775,-104.5185739,48109.0,1059.4196222938738,8.695652173913043,21,22,2,0,20,23,2204,1,0,0,1,-1
2020-08-28,US,Texas,Dallam,206,7,0,36.27787176,-102.60207249999999,48111.0,2826.9521064910114,3.3980582524271843,199,206,7,0,199,206,7200,0,0,0,0,0
2020-08-28,US,Texas,Dallas,70100,938,0,32.76670599,-96.77796049999999,48113.0,2659.820695453945,1.3380884450784594,69162,69881,926,0,68955,69881,2637772,219,12,0,207,0
2020-08-28,US,Texas,Dawson,200,8,0,32.74255572,-101.94772420000001,48115.0,1571.3387806411065,4.0,192,200,8,0,192,190,12619,0,0,0,0,10
2020-08-28,US,Texas,DeWitt,817,25,0,29.08101855,-97.35681170000001,48123.0,4052.5793650793653,3.0599755201958385,792,817,25,0,792,798,20187,0,0,0,0,19
2020-08-28,US,Texas,Deaf Smith,798,19,0,34.96522957,-102.6054267,48117.0,4302.814623099322,2.380952380952381,779,790,19,0,771,785,18760,8,0,0,8,5
2020-08-28,US,Texas,Delta,17,0,0,33.38570922,-95.66921122,48119.0,318.88951416244606,0.0,17,17,0,0,17,17,5349,0,0,0,0,0
2020-08-28,US,Texas,Denton,9875,128,0,33.20521901,-97.11691153,48121.0,1113.0435174654842,1.2962025316455696,9747,9745,125,0,9620,9544,859064,130,3,0,127,201
2020-08-28,US,Texas,Dickens,22,1,0,33.61616822,-100.7788855,48125.0,995.0248756218906,4.545454545454546,21,17,1,0,16,16,2249,5,0,0,5,1
2020-08-28,US,Texas,Dimmit,180,6,0,28.42270064,-99.75645095,48127.0,1777.9533781114185,3.333333333333333,174,176,6,0,170,176,10308,4,0,0,4,0
2020-08-28,US,Texas,Donley,54,1,0,34.96517499,-100.8140093,48129.0,1647.345942647956,1.851851851851852,53,54,1,0,53,53,3319,0,0,0,0,1
2020-08-28,US,Texas,Duval,243,10,0,27.68184592,-98.50864568,48131.0,2178.0048400107557,4.11522633744856,233,234,10,0,224,234,11212,9,0,0,9,0
2020-08-28,US,Texas,Eastland,130,2,0,32.32743996,-98.83243566,48133.0,708.0610021786493,1.5384615384615383,128,111,2,0,109,109,18322,19,0,0,19,2
2020-08-28,US,Texas,Ector,4217,69,0,31.86898877,-102.54294279999999,48135.0,2536.9533698705955,1.6362342897794642,4148,4181,68,0,4113,4134,162124,36,1,0,35,47
2020-08-28,US,Texas,Edwards,34,1,0,29.98202582,-100.304252,48137.0,1759.8343685300208,2.9411764705882355,33,34,1,0,33,34,1928,0,0,0,0,0
2020-08-28,US,Texas,El Paso,20072,423,0,31.76980765,-106.23632749999999,48141.0,2391.693417123629,2.1074133120765244,19649,19925,410,0,19515,19753,840758,147,13,0,134,172
2020-08-28,US,Texas,Ellis,3740,55,0,32.34894117,-96.79371841,48139.0,2023.5248287578588,1.4705882352941178,3685,3700,55,0,3645,3670,179436,40,0,0,40,30
2020-08-28,US,Texas,Erath,660,9,0,32.23602653,-98.21773417,48143.0,1545.7398472996392,1.3636363636363635,651,654,8,0,646,647,42446,6,1,0,5,7
2020-08-28,US,Texas,Falls,160,3,0,31.25350609,-96.93630086,48145.0,925.0158987107593,1.875,157,159,3,0,156,158,17335,1,0,0,1,1
2020-08-28,US,Texas,Fannin,584,12,0,33.59564294,-96.10751083,48147.0,1644.421918116799,2.054794520547945,572,581,11,0,570,566,35286,3,1,0,2,15
2020-08-28,US,Texas,Fayette,457,16,0,29.87788372,-96.92076062,48149.0,1803.045845498304,3.5010940919037203,441,457,16,0,441,450,25349,0,0,0,0,7
2020-08-28,US,Texas,Fisher,52,1,0,32.74281316,-100.40193020000001,48151.0,1357.7023498694514,1.9230769230769231,51,52,1,0,51,52,3839,0,0,0,0,0
2020-08-28,US,Texas,Floyd,99,7,0,34.07227468,-101.3031546,48153.0,1733.1932773109245,7.070707070707071,92,98,7,0,91,98,5837,1,0,0,1,0
2020-08-28,US,Texas,Foard,3,0,0,33.97308618,-99.7767797,48155.0,259.7402597402597,0.0,3,3,0,0,3,3,1200,0,0,0,0,0
2020-08-28,US,Texas,Fort Bend,14845,231,0,29.52704478,-95.77219463,48157.0,1828.9047022994052,1.556079488043112,14614,14761,230,0,14531,14761,787858,84,1,0,83,0
2020-08-28,US,Texas,Franklin,109,4,0,33.17653242,-95.21917243,48159.0,1016.3170163170164,3.669724770642202,105,107,4,0,103,107,10766,2,0,0,2,0
2020-08-28,US,Texas,Freestone,381,0,0,31.70422788,-96.15072516,48161.0,1932.3426484759345,0.0,381,380,0,0,380,378,19808,1,0,0,1,2
2020-08-28,US,Texas,Frio,629,7,0,28.86751206,-99.10804207,48163.0,3097.6066187333795,1.1128775834658189,622,624,7,0,617,623,19816,5,0,0,5,1
2020-08-28,US,Texas,Gaines,244,6,0,32.74055318,-102.6353295,48165.0,1135.3061604317884,2.459016393442623,238,244,6,0,238,239,20901,0,0,0,0,5
2020-08-28,US,Texas,Galveston,10509,137,0,29.40167322,-94.90469073,48167.0,3071.5586355253276,1.3036444951945951,10372,10430,136,0,10294,10430,337890,79,1,0,78,0
2020-08-28,US,Texas,Garza,102,3,0,33.17969345,-101.2984114,48169.0,1637.5020067426553,2.9411764705882355,99,102,3,0,99,101,6578,0,0,0,0,1
2020-08-28,US,Texas,Gillespie,198,6,0,30.31824095,-98.94676915,48171.0,733.6594041796353,3.0303030303030303,192,198,6,0,192,197,26804,0,0,0,0,1
2020-08-28,US,Texas,Glasscock,6,0,0,31.86942909,-101.5207776,48173.0,425.83392476934,0.0,6,6,0,0,6,6,1388,0,0,0,0,0
2020-08-28,US,Texas,Goliad,121,6,0,28.65696592,-97.42760647,48175.0,1580.0470096630975,4.958677685950414,115,121,6,0,115,121,7584,0,0,0,0,0
2020-08-28,US,Texas,Gonzales,808,12,0,29.45634206,-97.49424032,48177.0,3877.717521716178,1.4851485148514851,796,805,12,0,793,805,20826,3,0,0,3,0
2020-08-28,US,Texas,Gray,241,4,0,35.40081878,-100.8129222,48179.0,1101.1605592616284,1.6597510373443984,237,241,4,0,237,242,21895,0,0,0,0,-1
2020-08-28,US,Texas,Grayson,1435,25,0,33.62744998,-96.67753461,48181.0,1053.5048307050774,1.7421602787456445,1410,1421,24,0,1397,1408,133991,14,1,0,13,13
2020-08-28,US,Texas,Gregg,1859,45,0,32.47940482,-94.81591935,48183.0,1499.85880834241,2.4206562668101133,1814,1840,44,0,1796,1824,123707,19,1,0,18,16
2020-08-28,US,Texas,Grimes,980,30,0,30.54579585,-95.98902499,48185.0,3393.351800554017,3.0612244897959178,950,982,29,0,953,977,28360,-2,1,0,-3,5
2020-08-28,US,Texas,Guadalupe,1891,72,0,29.58165339,-97.94786822,48187.0,1133.3736896677794,3.8075092543627713,1819,1885,71,0,1814,1882,163694,6,1,0,5,3
2020-08-28,US,Texas,Hale,1606,42,0,34.07044901,-101.82681140000001,48189.0,4807.519607256181,2.61519302615193,1564,1591,41,0,1550,1584,33830,15,1,0,14,7
2020-08-28,US,Texas,Hall,16,1,0,34.5307555,-100.68138520000001,48191.0,539.8110661268556,6.25,15,17,1,0,16,17,3028,-1,0,0,-1,0
2020-08-28,US,Texas,Hamilton,100,3,0,31.70470573,-98.11083887,48193.0,1181.8933932159316,3.0,97,99,3,0,96,98,8484,1,0,0,1,1
2020-08-28,US,Texas,Hansford,101,3,0,36.27743284,-101.3545796,48195.0,1870.7167994072975,2.9702970297029703,98,101,3,0,98,101,5463,0,0,0,0,0
2020-08-28,US,Texas,Hardeman,22,0,0,34.28944521,-99.74632408,48197.0,559.3694380879734,0.0,22,22,0,0,22,22,3922,0,0,0,0,0
2020-08-28,US,Texas,Hardin,1206,19,0,30.33364686,-94.38931817,48199.0,2093.677302871428,1.5754560530679933,1187,1206,19,0,1187,1254,57207,0,0,0,0,-48
2020-08-28,US,Texas,Harris,103088,2153,0,29.85864939,-95.39339521,48201.0,2187.1608683890886,2.088506906720472,100935,101670,2140,0,99530,101077,4698619,1418,13,0,1405,593
2020-08-28,US,Texas,Harrison,793,27,0,32.54935988,-94.36934071,48203.0,1191.531561312037,3.4047919293820934,766,787,26,0,761,783,66726,6,1,0,5,4
2020-08-28,US,Texas,Hartley,101,0,0,35.84008013,-102.6029022,48205.0,1811.3342898134865,0.0,101,99,0,0,99,99,5619,2,0,0,2,0
2020-08-28,US,Texas,Haskell,54,2,0,33.17823584,-99.73037358,48207.0,954.4008483563097,3.703703703703704,52,52,1,0,51,52,5813,2,1,0,1,0
2020-08-28,US,Texas,Hays,5361,56,0,30.05669873,-98.02944344,48209.0,2328.9355361417256,1.0445812348442456,5305,5340,55,0,5285,5322,222631,21,1,0,20,18
2020-08-28,US,Texas,Hemphill,54,0,0,35.83764858,-100.2703577,48211.0,1413.9827179890024,0.0,54,53,0,0,53,53,3825,1,0,0,1,0
2020-08-28,US,Texas,Henderson,794,16,0,32.21128872,-95.85846587,48213.0,959.6673797696317,2.0151133501259446,778,786,16,0,770,771,82299,8,0,0,8,15
2020-08-28,US,Texas,Hidalgo,27252,1156,0,26.39418217,-98.18299696,48215.0,3137.0761372937022,4.241890503449288,26096,27077,1145,0,25932,26606,865939,175,11,0,164,471
2020-08-28,US,Texas,Hill,369,8,0,31.99045053,-97.13423143,48217.0,1006.8487543998473,2.168021680216802,361,367,8,0,359,361,36354,2,0,0,2,6
2020-08-28,US,Texas,Hockley,259,5,0,33.60771256,-102.3431676,48219.0,1125.0597280743668,1.9305019305019304,254,255,5,0,250,253,22980,4,0,0,4,2
2020-08-28,US,Texas,Hood,765,22,0,32.42990927,-97.83242024,48221.0,1241.0168226724852,2.8758169934640523,743,756,21,0,735,737,60537,9,1,0,8,19
2020-08-28,US,Texas,Hopkins,241,7,0,33.14875072,-95.56351139,48223.0,649.8759572861611,2.904564315352697,234,240,7,0,233,238,36810,1,0,0,1,2
2020-08-28,US,Texas,Houston,535,8,0,31.31925973,-95.42226208,48225.0,2329.327760362243,1.4953271028037385,527,532,8,0,524,531,23169,3,0,0,3,1
2020-08-28,US,Texas,Howard,276,8,0,32.30621324,-101.4356444,48227.0,752.7820205105826,2.898550724637681,268,266,8,0,258,260,36459,10,0,0,10,6
2020-08-28,US,Texas,Hudspeth,38,2,0,31.45628381,-105.388178,48229.0,777.7322963569381,5.2631578947368425,36,37,2,0,35,37,4795,1,0,0,1,0
2020-08-28,US,Texas,Hunt,1405,29,0,33.12351514,-96.08551032,48231.0,1425.0360062478446,2.06405693950178,1376,1392,27,0,1365,1383,96493,13,2,0,11,9
2020-08-28,US,Texas,Hutchinson,146,3,0,35.84006574,-101.3546643,48233.0,697.2967809723947,2.054794520547945,143,145,3,0,142,144,21198,1,0,0,1,1
2020-08-28,US,Texas,Irion,10,0,0,31.30375559,-100.982439,48235.0,651.0416666666666,0.0,10,10,0,0,10,9,1522,0,0,0,0,1
2020-08-28,US,Texas,Jack,122,0,0,33.23377248,-98.17283469,48237.0,1365.4168998321209,0.0,122,120,0,0,120,119,8843,2,0,0,2,1
2020-08-28,US,Texas,Jackson,496,14,0,28.95472367,-96.57749563,48239.0,3360.4336043360436,2.8225806451612905,482,495,14,0,481,492,14874,1,0,0,1,3
2020-08-28,US,Texas,Jasper,393,18,0,30.74685667,-94.02667579,48241.0,1106.138647302204,4.580152671755725,375,393,18,0,375,393,35872,0,0,0,0,0
2020-08-28,US,Texas,Jeff Davis,8,0,0,30.71490589,-104.1399973,48243.0,351.8029903254178,0.0,8,8,0,0,8,8,2252,0,0,0,0,0
2020-08-28,US,Texas,Jefferson,6590,106,0,29.8832777,-94.16434171,48245.0,2619.6012958877427,1.6084977238239755,6484,6586,106,0,6480,6569,255001,4,0,0,4,17
2020-08-28,US,Texas,Jim Hogg,77,2,0,27.04453923,-98.69681870000001,48247.0,1480.7692307692307,2.5974025974025974,75,75,2,0,73,75,5248,2,0,0,2,0
2020-08-28,US,Texas,Jim Wells,980,24,0,27.73103938,-98.0904705,48249.0,2420.829010424386,2.4489795918367347,956,957,24,0,933,957,40822,23,0,0,23,0
2020-08-28,US,Texas,Johnson,2493,42,0,32.37877812,-97.36615819,48251.0,1417.951620150497,1.6847172081829125,2451,2470,42,0,2428,2451,171361,23,0,0,23,19
2020-08-28,US,Texas,Jones,601,0,0,32.73997145,-99.87861576,48253.0,2992.580789722651,0.0,601,601,0,0,601,602,19817,0,0,0,0,-1
2020-08-28,US,Texas,Karnes,736,11,0,28.90705334,-97.85960149,48255.0,4717.646304724056,1.4945652173913044,725,734,11,0,723,732,15650,2,0,0,2,2
2020-08-28,US,Texas,Kaufman,2752,36,0,32.599141700000004,-96.28734728,48257.0,2021.2406539653628,1.3081395348837208,2716,2725,36,0,2689,2705,128622,27,0,0,27,20
2020-08-28,US,Texas,Kendall,196,4,0,29.94414155,-98.7113588,48259.0,413.2318525858616,2.0408163265306123,192,196,4,0,192,199,45641,0,0,0,0,-3
2020-08-28,US,Texas,Kenedy,7,1,0,26.92601662,-97.66413984,48261.0,1732.6732673267327,14.285714285714285,6,7,1,0,6,7,442,0,0,0,0,0
2020-08-28,US,Texas,Kent,7,0,0,33.18104136,-100.7780939,48263.0,918.6351706036743,0.0,7,7,0,0,7,7,726,0,0,0,0,0
2020-08-28,US,Texas,Kerr,434,9,0,30.06040006,-99.34930144,48265.0,825.0950570342204,2.0737327188940093,425,433,9,0,424,431,52405,1,0,0,1,2
2020-08-28,US,Texas,Kimble,16,1,0,30.48678918,-99.74856473,48267.0,368.9186073322573,6.25,15,16,1,0,15,16,4362,0,0,0,0,0
2020-08-28,US,Texas,Kinney,22,1,0,29.34967888,-100.41866379999999,48271.0,599.9454595036815,4.545454545454546,21,22,1,0,21,22,3767,0,0,0,0,0
2020-08-28,US,Texas,Kleberg,604,24,0,27.42435506,-97.69894948,48273.0,1968.70925684485,3.9735099337748334,580,593,24,0,569,591,31129,11,0,0,11,2
2020-08-28,US,Texas,Knox,67,8,0,33.60519951,-99.74229059999999,48275.0,1828.6026200873362,11.940298507462687,59,65,8,0,57,64,3653,2,0,0,2,1
2020-08-28,US,Texas,La Salle,366,3,0,28.34453111,-99.09908775,48283.0,4867.021276595745,0.819672131147541,363,366,3,0,363,366,7531,0,0,0,0,0
2020-08-28,US,Texas,Lamar,791,25,0,33.66981763,-95.57404777,48277.0,1586.4738562746945,3.1605562579013906,766,791,24,0,767,791,49728,0,1,0,-1,0
2020-08-28,US,Texas,Lamb,276,19,0,34.06859623,-102.35162890000001,48279.0,2140.696501977817,6.884057971014492,257,273,19,0,254,272,13158,3,0,0,3,1
2020-08-28,US,Texas,Lampasas,151,5,0,31.19531316,-98.24206613,48281.0,704.6854582788874,3.3112582781456954,146,150,5,0,145,146,21229,1,0,0,1,4
2020-08-28,US,Texas,Lavaca,678,29,0,29.38508402,-96.93186692,48285.0,3364.096457278952,4.277286135693215,649,674,29,0,645,670,20110,4,0,0,4,4
2020-08-28,US,Texas,Lee,194,14,0,30.31120597,-96.97045773,48287.0,1125.3552990312662,7.216494845360825,180,193,13,0,180,191,17144,1,1,0,0,2
2020-08-28,US,Texas,Leon,180,4,0,31.29872538,-95.9936328,48289.0,1034.2450011491612,2.2222222222222223,176,178,4,0,174,173,17270,2,0,0,2,5
2020-08-28,US,Texas,Liberty,1670,42,0,30.15152688,-94.81205615,48291.0,1893.0162436663306,2.51497005988024,1628,1670,42,0,1628,1665,86323,0,0,0,0,5
2020-08-28,US,Texas,Limestone,408,7,0,31.5454767,-96.58095444,48293.0,1740.8371378589407,1.7156862745098038,401,405,7,0,398,396,23519,3,0,0,3,9
2020-08-28,US,Texas,Lipscomb,23,0,0,36.27783108,-100.27331509999999,48295.0,711.4135477884317,0.0,23,23,0,0,23,23,3355,0,0,0,0,0
2020-08-28,US,Texas,Live Oak,330,6,0,28.35101362,-98.1246786,48297.0,2703.366920619317,1.818181818181818,324,330,6,0,324,330,12166,0,0,0,0,0
2020-08-28,US,Texas,Llano,101,1,0,30.70645047,-98.68475262,48299.0,463.4090387703602,0.99009900990099,100,101,1,0,100,100,21646,0,0,0,0,1
2020-08-28,US,Texas,Lubbock,7173,92,0,33.61008596,-101.82047890000001,48303.0,2309.631676052665,1.2825874808308937,7081,7035,92,0,6943,6975,307412,138,0,0,138,60
2020-08-28,US,Texas,Lynn,77,4,0,33.17657705,-101.8162849,48305.0,1293.9001848428834,5.194805194805196,73,77,4,0,73,76,5877,0,0,0,0,1
2020-08-28,US,Texas,Madison,833,5,0,30.96694679,-95.93003775,48313.0,5831.699803976479,0.6002400960384153,828,834,5,0,829,836,14422,-1,0,0,-1,-2
2020-08-28,US,Texas,Marion,140,10,0,32.79868409,-94.35661230000001,48315.0,1420.7428455449563,7.142857142857142,130,139,10,0,129,139,9928,1,0,0,1,0
2020-08-28,US,Texas,Martin,71,5,0,32.30600051,-101.9513518,48317.0,1230.2893779241033,7.042253521126762,66,70,5,0,65,70,5753,1,0,0,1,0
2020-08-28,US,Texas,Mason,73,0,0,30.71780434,-99.22629416,48319.0,1708.0018717828732,0.0,73,68,0,0,68,68,4280,5,0,0,5,0
2020-08-28,US,Texas,Matagorda,895,38,0,28.81955746,-96.01230294,48321.0,2442.4856043446225,4.245810055865922,857,895,38,0,857,891,36552,0,0,0,0,4
2020-08-28,US,Texas,Maverick,3258,78,0,28.7429195,-100.3157686,48323.0,5548.176152038418,2.394106813996317,3180,3248,78,0,3170,3228,58485,10,0,0,10,20
2020-08-28,US,Texas,McCulloch,91,1,0,31.1925468,-99.34682807,48307.0,1139.7795591182366,1.0989010989010992,90,85,1,0,84,82,7987,6,0,0,6,3
2020-08-28,US,Texas,McLennan,6100,80,0,31.55255453,-97.20217694,48309.0,2377.027780050892,1.3114754098360657,6020,6008,79,0,5929,5907,254607,92,1,0,91,101
2020-08-28,US,Texas,McMullen,11,0,0,28.35251708,-98.56769164,48311.0,1480.4845222072681,0.0,11,11,0,0,11,11,749,0,0,0,0,0
2020-08-28,US,Texas,Medina,1103,35,0,29.355730100000002,-99.11030298,48325.0,2138.2599255583127,3.1731640979147784,1068,1103,35,0,1068,1101,50921,0,0,0,0,2
2020-08-28,US,Texas,Menard,20,0,0,30.88990665,-99.82047940000001,48327.0,935.4536950420952,0.0,20,20,0,0,20,20,2139,0,0,0,0,0
2020-08-28,US,Texas,Midland,3239,67,0,31.86904128,-102.03156820000001,48329.0,1831.6820484980094,2.0685396727384995,3172,3201,65,0,3136,3166,172578,38,2,0,36,35
2020-08-28,US,Texas,Milam,420,5,0,30.78581830000001,-96.97718698,48331.0,1691.9792128268139,1.1904761904761905,415,413,5,0,408,409,25131,7,0,0,7,4
2020-08-28,US,Texas,Mills,33,0,0,31.49557106,-98.59272068,48333.0,677.2009029345372,0.0,33,31,0,0,31,31,4921,2,0,0,2,0
2020-08-28,US,Texas,Mitchell,73,1,0,32.30623474,-100.9212058,48335.0,854.3007606787595,1.3698630136986298,72,73,1,0,72,73,8145,0,0,0,0,0
2020-08-28,US,Texas,Montague,118,3,0,33.67521893,-97.72500958,48337.0,595.4183065899687,2.5423728813559316,115,116,3,0,113,112,19596,2,0,0,2,4
2020-08-28,US,Texas,Montgomery,8580,120,0,30.30079133,-95.50572772,48339.0,1412.5991330131662,1.3986013986013983,8460,8515,119,0,8396,8515,590925,65,1,0,64,0
2020-08-28,US,Texas,Moore,1117,18,0,35.83769242,-101.8930281,48341.0,5334.288443170965,1.6114592658907791,1099,1112,18,0,1094,1112,21485,5,0,0,5,0
2020-08-28,US,Texas,Morris,155,3,0,33.11304005,-94.73255695,48343.0,1251.2108492089121,1.935483870967742,152,152,3,0,149,147,12339,3,0,0,3,5
2020-08-28,US,Texas,Motley,6,0,0,34.07408766,-100.77972199999999,48345.0,500.0,0.0,6,6,0,0,6,6,1234,0,0,0,0,0
2020-08-28,US,Texas,Nacogdoches,1328,48,0,31.62017125,-94.61803994,48347.0,2036.6848659591433,3.614457831325301,1280,1318,48,0,1270,1305,65711,10,0,0,10,13
2020-08-28,US,Texas,Navarro,1068,14,0,32.04620681,-96.47428766,48349.0,2131.1835252329734,1.310861423220974,1054,1058,14,0,1044,1048,49565,10,0,0,10,10
2020-08-28,US,Texas,Newton,162,6,0,30.78548982,-93.74408813,48351.0,1191.6145641780067,3.703703703703704,156,162,6,0,156,162,13746,0,0,0,0,0
2020-08-28,US,Texas,Nolan,147,4,0,32.30365282,-100.4060208,48353.0,999.0485252140816,2.7210884353741496,143,147,4,0,143,147,14751,0,0,0,0,0
2020-08-28,US,Texas,Nueces,18664,348,0,27.736286,-97.5433285,48355.0,5151.617194874881,1.8645520788684096,18316,18536,339,0,18197,18444,362265,128,9,0,119,92
2020-08-28,US,Texas,Ochiltree,106,3,0,36.27829105,-100.8158184,48357.0,1077.6738511590077,2.830188679245283,103,105,3,0,102,104,9947,1,0,0,1,1
2020-08-28,US,Texas,Oldham,14,1,0,35.40425596,-102.6027606,48359.0,662.8787878787879,7.142857142857142,13,14,1,0,13,14,2131,0,0,0,0,0
2020-08-28,US,Texas,Orange,1817,35,0,30.11879481,-93.89412775,48361.0,2178.7615712983843,1.9262520638414966,1782,1817,35,0,1782,1817,83572,0,0,0,0,0
2020-08-28,US,Texas,Palo Pinto,420,11,0,32.75310985,-98.31319001,48363.0,1438.8982150810236,2.619047619047619,409,416,11,0,405,413,28875,4,0,0,4,3
2020-08-28,US,Texas,Panola,312,20,0,32.163959600000005,-94.30552481,48365.0,1345.1754764163145,6.410256410256411,292,309,20,0,289,309,23148,3,0,0,3,0
2020-08-28,US,Texas,Parker,1639,25,0,32.77757172,-97.80500621,48367.0,1147.1325186522768,1.525320317266626,1614,1632,24,0,1608,1615,138371,7,1,0,6,17
2020-08-28,US,Texas,Parmer,383,7,0,34.52993409,-102.78446679999999,48369.0,3987.5065070275896,1.827676240208877,376,381,7,0,374,380,9864,2,0,0,2,1
2020-08-28,US,Texas,Pecos,294,3,0,30.78097267,-102.72412609999999,48371.0,1858.0547304556653,1.020408163265306,291,288,3,0,285,287,15673,6,0,0,6,1
2020-08-28,US,Texas,Polk,778,16,0,30.79472531,-94.82766240000001,48373.0,1515.0039919770995,2.056555269922879,762,774,16,0,758,774,50031,4,0,0,4,0
2020-08-28,US,Texas,Potter,4034,51,0,35.40133773,-101.893964,48375.0,3435.6768726312653,1.2642538423401093,3983,4007,51,0,3956,3981,119648,27,0,0,27,26
2020-08-28,US,Texas,Presidio,50,5,0,29.99954402,-104.24080790000001,48377.0,745.8233890214798,10.0,45,50,4,0,46,49,6948,0,1,0,-1,1
2020-08-28,US,Texas,Rains,59,3,0,32.87109387,-95.79232691,48379.0,471.47195141441597,5.084745762711863,56,58,1,0,57,58,12159,1,2,0,-1,0
2020-08-28,US,Texas,Randall,2152,27,0,34.96585996,-101.8971322,48381.0,1562.6701909042715,1.254646840148699,2125,2125,27,0,2098,2102,136271,27,0,0,27,23
2020-08-28,US,Texas,Reagan,82,6,0,31.36607041,-101.52326590000001,48383.0,2130.4234866199013,7.317073170731707,76,78,6,0,72,78,3741,4,0,0,4,0
2020-08-28,US,Texas,Real,104,5,0,29.83321503,-99.82018052,48385.0,3012.746234067208,4.807692307692308,99,102,5,0,97,101,3478,2,0,0,2,1
2020-08-28,US,Texas,Red River,145,14,0,33.61886692,-95.04841765,48387.0,1206.0217915661653,9.655172413793103,131,144,14,0,130,144,12175,1,0,0,1,0
2020-08-28,US,Texas,Reeves,169,5,0,31.32323325,-103.69038959999999,48389.0,1057.836755132699,2.9585798816568047,164,169,5,0,164,169,15695,0,0,0,0,0
2020-08-28,US,Texas,Refugio,263,10,0,28.323897600000002,-97.15766311,48391.0,3785.261945883708,3.8022813688212933,253,254,10,0,244,254,7032,9,0,0,9,0
2020-08-28,US,Texas,Roberts,8,0,0,35.83809685,-100.813175,48393.0,936.768149882904,0.0,8,8,0,0,8,8,903,0,0,0,0,0
2020-08-28,US,Texas,Robertson,248,4,0,31.02539637,-96.51272246,48395.0,1452.500878528757,1.6129032258064515,244,247,4,0,243,247,17284,1,0,0,1,0
2020-08-28,US,Texas,Rockwall,1318,21,0,32.89779518,-96.40771592,48397.0,1256.2550636229328,1.5933232169954477,1297,1293,21,0,1272,1284,100657,25,0,0,25,9
2020-08-28,US,Texas,Runnels,189,3,0,31.8314342,-99.97616148,48399.0,1841.3873733437256,1.5873015873015872,186,185,3,0,182,183,10234,4,0,0,4,2
2020-08-28,US,Texas,Rusk,718,4,0,32.10773545,-94.76176432,48401.0,1319.707385214866,0.5571030640668524,714,709,4,0,705,700,54450,9,0,0,9,9
2020-08-28,US,Texas,Sabine,72,6,0,31.34318809,-93.85440451,48403.0,682.9823562891291,8.333333333333334,66,72,6,0,66,72,10589,0,0,0,0,0
2020-08-28,US,Texas,San Augustine,188,12,0,31.39457611,-94.17000399,48405.0,2282.3843632390435,6.382978723404255,176,186,12,0,174,186,8232,2,0,0,2,0
2020-08-28,US,Texas,San Jacinto,200,8,0,30.57933681,-95.16260304,48407.0,693.0247063307806,4.0,192,199,8,0,191,198,28719,1,0,0,1,1
2020-08-28,US,Texas,San Patricio,1230,58,0,28.00880118,-97.51763891,48409.0,1843.2489135321448,4.715447154471545,1172,1226,57,0,1169,1226,66893,4,1,0,3,0
2020-08-28,US,Texas,San Saba,38,0,0,31.1577796,-98.81758731,48411.0,627.5805119735755,0.0,38,36,0,0,36,34,6054,2,0,0,2,2
2020-08-28,US,Texas,Schleicher,38,2,0,30.89740592,-100.5384842,48413.0,1360.544217687075,5.2631578947368425,36,38,2,0,36,38,2895,0,0,0,0,0
2020-08-28,US,Texas,Scurry,543,2,0,32.74613808,-100.91626640000001,48415.0,3250.9130096389868,0.3683241252302026,541,542,2,0,540,532,16866,1,0,0,1,10
2020-08-28,US,Texas,Shackelford,23,0,0,32.73587756,-99.35401337,48417.0,704.4410413476262,0.0,23,22,0,0,22,23,3253,1,0,0,1,-1
2020-08-28,US,Texas,Shelby,436,19,0,31.79211404,-94.14550696,48419.0,1725.092980929018,4.357798165137615,417,435,19,0,416,430,25418,1,0,0,1,5
2020-08-28,US,Texas,Sherman,53,0,0,36.27751473,-101.8933156,48421.0,1753.8054268696228,0.0,53,53,0,0,53,53,3079,0,0,0,0,0
2020-08-28,US,Texas,Smith,3172,57,0,32.37474036,-95.27175679999999,48423.0,1362.8298052425125,1.7969735182849935,3115,3158,57,0,3101,3136,230221,14,0,0,14,22
2020-08-28,US,Texas,Somervell,117,3,0,32.22236802,-97.77403489,48425.0,1281.7703768624015,2.5641025641025643,114,117,3,0,114,114,9016,0,0,0,0,3
2020-08-28,US,Texas,Starr,2780,129,0,26.56150059,-98.73892358,48427.0,4301.208361053951,4.640287769784171,2651,2635,124,0,2511,2624,64525,145,5,0,140,11
2020-08-28,US,Texas,Stephens,110,3,0,32.73553157,-98.83631615,48429.0,1174.4608157164212,2.727272727272727,107,110,3,0,107,113,9433,0,0,0,0,-3
2020-08-28,US,Texas,Sterling,2,0,0,31.82781912,-101.05007459999999,48431.0,154.9186676994578,0.0,2,1,0,0,1,1,1311,1,0,0,1,0
2020-08-28,US,Texas,Stonewall,10,1,0,33.17906744,-100.25384009999999,48433.0,740.7407407407408,10.0,9,9,1,0,8,9,1362,1,0,0,1,0
2020-08-28,US,Texas,Sutton,76,2,0,30.49856623,-100.5382014,48435.0,2012.71186440678,2.631578947368421,74,76,2,0,74,76,3758,0,0,0,0,0
2020-08-28,US,Texas,Swisher,93,3,0,34.53028891,-101.73491740000001,48437.0,1257.2664593754225,3.2258064516129035,90,93,3,0,90,91,7462,0,0,0,0,2
2020-08-28,US,Texas,Tarrant,38644,599,0,32.77143818,-97.29101614,48439.0,1837.9892652371088,1.5500465790290858,38045,38451,590,0,37861,38283,2084931,193,9,0,184,168
2020-08-28,US,Texas,Taylor,1270,33,0,32.30163422,-99.89007449,48441.0,920.0631728414737,2.598425196850393,1237,1260,33,0,1227,1254,137640,10,0,0,10,6
2020-08-28,US,Texas,Terrell,3,0,0,30.22429013,-102.0766732,48443.0,386.59793814432993,0.0,3,3,0,0,3,3,823,0,0,0,0,0
2020-08-28,US,Texas,Terry,198,3,0,33.17402785,-102.3354521,48445.0,1604.9282645699927,1.5151515151515151,195,198,3,0,195,194,12287,0,0,0,0,4
2020-08-28,US,Texas,Throckmorton,4,2,0,33.17751417,-99.21226795,48447.0,266.4890073284477,50.0,2,4,2,0,2,4,1515,0,0,0,0,0
2020-08-28,US,Texas,Titus,1487,22,0,33.21339719,-94.96797273,48449.0,4540.458015267175,1.4794889038332213,1465,1436,22,0,1414,1436,33033,51,0,0,51,0
2020-08-28,US,Texas,Tom Green,3183,51,0,31.40464436,-100.46244300000001,48451.0,2670.3020134228186,1.6022620169651272,3132,3158,48,0,3110,3138,118189,25,3,0,22,20
2020-08-28,US,Texas,Travis,26307,377,0,30.33432034,-97.78535620000001,48453.0,2064.988217784944,1.4330786482685216,25930,26239,374,0,25865,26117,1248743,68,3,0,65,122
2020-08-28,US,Texas,Trinity,176,6,0,31.0879489,-95.1367187,48455.0,1201.2831888608287,3.4090909090909087,170,173,5,0,168,173,14740,3,1,0,2,0
2020-08-28,US,Texas,Tyler,175,3,0,30.77031716,-94.37690895,48457.0,807.4935400516797,1.7142857142857142,172,175,3,0,172,175,21696,0,0,0,0,0
2020-08-28,US,Texas,Upshur,323,6,0,32.73706798,-94.93999853,48459.0,773.5971067947212,1.8575851393188851,317,319,6,0,313,318,41260,4,0,0,4,1
2020-08-28,US,Texas,Upton,18,1,0,31.36868194,-102.0423217,48461.0,492.2067268252666,5.5555555555555545,17,18,1,0,17,18,3671,0,0,0,0,0
2020-08-28,US,Texas,Uvalde,682,18,0,29.35739637,-99.76229172,48463.0,2550.3907856849028,2.6392961876832843,664,670,17,0,653,663,26846,12,1,0,11,7
2020-08-28,US,Texas,Val Verde,1912,86,0,29.89149232,-101.1525205,48465.0,3900.0509943906172,4.497907949790795,1826,1912,86,0,1826,1881,49208,0,0,0,0,31
2020-08-28,US,Texas,Van Zandt,515,18,0,32.56483801,-95.83766469,48467.0,910.0547799964658,3.4951456310679614,497,511,14,0,497,508,56019,4,4,0,0,3
2020-08-28,US,Texas,Victoria,3758,75,0,28.79780988,-96.96813006,48469.0,4081.056426740801,1.9957424161788184,3683,3755,75,0,3680,3755,92035,3,0,0,3,0
2020-08-28,US,Texas,Walker,3443,46,0,30.73872995,-95.57440968,48471.0,4718.312754381876,1.336044147545745,3397,3443,46,0,3397,3426,72480,0,0,0,0,17
2020-08-28,US,Texas,Waller,640,8,0,30.01058447,-95.99011759,48473.0,1158.4549107627702,1.25,632,640,8,0,632,639,53126,0,0,0,0,1
2020-08-28,US,Texas,Ward,106,1,0,31.50999644,-103.09279090000001,48475.0,883.4805800966827,0.9433962264150944,105,104,1,0,103,103,11720,2,0,0,2,1
2020-08-28,US,Texas,Washington,560,45,0,30.21498498,-96.40946246,48477.0,1560.6710885680843,8.035714285714286,515,560,44,0,516,560,35108,0,1,0,-1,0
2020-08-28,US,Texas,Webb,10482,242,0,27.7610369,-99.33237355,48479.0,3788.8755548486906,2.3087197099790115,10240,10434,236,0,10198,10417,275910,48,6,0,42,17
2020-08-28,US,Texas,Wharton,1169,42,0,29.27765923,-96.22319248,48481.0,2813.07151795168,3.5928143712574854,1127,1169,41,0,1128,1165,41619,0,1,0,-1,4
2020-08-28,US,Texas,Wheeler,42,0,0,35.40114335,-100.26995140000001,48483.0,830.6962025316458,0.0,42,41,0,0,41,41,5191,1,0,0,1,0
2020-08-28,US,Texas,Wichita,1276,14,0,33.98842886,-98.70410340000001,48485.0,964.9852529683127,1.09717868338558,1262,1252,14,0,1238,1242,132064,24,0,0,24,10
2020-08-28,US,Texas,Wilbarger,103,2,0,34.07945812,-99.24178437,48487.0,806.6410838750097,1.9417475728155342,101,103,2,0,101,100,12820,0,0,0,0,3
2020-08-28,US,Texas,Willacy,834,42,0,26.47411727,-97.61535848,48489.0,3904.860005618504,5.035971223021583,792,822,42,0,780,822,21515,12,0,0,12,0
2020-08-28,US,Texas,Williamson,7893,119,0,30.64655664,-97.60048540000001,48491.0,1336.5484098748454,1.5076650196376535,7774,7867,119,0,7748,7820,566719,26,0,0,26,47
2020-08-28,US,Texas,Wilson,538,25,0,29.1732598,-98.08693082,48493.0,1053.456040728412,4.6468401486988835,513,537,25,0,512,533,50224,1,0,0,1,4
2020-08-28,US,Texas,Winkler,91,1,0,31.85008651,-103.04851629999999,48495.0,1136.079900124844,1.0989010989010992,90,90,1,0,89,88,7720,1,0,0,1,2
2020-08-28,US,Texas,Wise,643,12,0,33.21570665,-97.65460265,48497.0,918.7814357567444,1.8662519440124417,631,630,12,0,618,624,68305,13,0,0,13,6
2020-08-28,US,Texas,Wood,395,14,0,32.78722382,-95.38236368,48499.0,867.3883923669823,3.5443037974683542,381,394,14,0,380,392,45129,1,0,0,1,2
2020-08-28,US,Texas,Yoakum,142,4,0,33.17320212,-102.82764329999999,48501.0,1629.7486514403765,2.8169014084507036,138,142,4,0,138,141,8591,0,0,0,0,1
2020-08-28,US,Texas,Young,243,6,0,33.17659707,-98.68790885,48503.0,1349.2504164353138,2.469135802469136,237,214,6,0,208,213,18045,29,0,0,29,1
2020-08-28,US,Texas,Zapata,263,4,0,27.00156391,-99.16987152,48505.0,1854.8557726214826,1.520912547528517,259,247,4,0,243,247,14190,16,0,0,16,0
2020-08-28,US,Texas,Zavala,261,10,0,28.86617238,-99.76050829,48507.0,2204.391891891892,3.8314176245210727,251,259,10,0,249,259,11983,2,0,0,2,0
2020-08-28,US,Utah,Bear River,2536,11,0,41.52106798,-113.08328159999999,0.0,1357.4709075142653,0.4337539432176656,2525,2526,9,0,2517,2510,,10,2,0,8,16
2020-08-28,US,Utah,Central Utah,503,3,0,39.37231946,-111.5758676,0.0,613.7589379407959,0.5964214711729622,500,498,3,0,495,494,,5,0,0,5,4
2020-08-28,US,Utah,Davis,3792,23,0,40.99001837,-112.1139997,49011.0,1066.723678621361,0.6065400843881856,3769,3741,23,0,3718,3708,351713,51,0,0,51,33
2020-08-28,US,Utah,Salt Lake,23531,230,0,40.66616532,-111.92160109999999,49035.0,2027.770572637722,0.9774340232034338,23301,23355,229,0,23126,23186,1152633,176,1,0,175,169
2020-08-28,US,Utah,San Juan,663,28,0,37.62762978,-109.80337140000002,49037.0,4331.068722236739,4.223227752639517,635,663,28,0,635,663,15449,0,0,0,0,0
2020-08-28,US,Utah,Southeast Utah,139,1,0,38.99617072,-110.70139579999999,0.0,345.52188719580397,0.7194244604316546,138,137,1,0,136,135,,2,0,0,2,2
2020-08-28,US,Utah,Southwest Utah,3541,27,0,37.85447192,-111.4418764,0.0,1404.9245760627198,0.7624964699237503,3514,3522,27,0,3495,3504,,19,0,0,19,18
2020-08-28,US,Utah,Summit,837,1,0,40.86688146,-110.9535882,49043.0,1986.000711828212,0.11947431302270012,836,832,1,0,831,828,41933,5,0,0,5,4
2020-08-28,US,Utah,Tooele,676,0,0,40.44862644,-113.12957150000001,49045.0,935.5236025962164,0.0,676,673,0,0,673,663,69907,3,0,0,3,10
2020-08-28,US,Utah,TriCounty,204,1,0,40.12491499,-109.5174415,0.0,360.2839885556852,0.4901960784313725,203,203,1,0,202,201,,1,0,0,1,2
2020-08-28,US,Utah,Utah,10626,46,0,40.116672200000004,-111.66576620000001,49049.0,1670.1376063875766,0.4329004329004329,10580,10539,46,0,10493,10435,622213,87,0,0,87,104
2020-08-28,US,Utah,Wasatch,627,7,0,40.33110236,-111.1691419,49051.0,1839.1950954797449,1.116427432216906,620,625,6,0,619,624,33240,2,1,0,1,1
2020-08-28,US,Utah,Weber-Morgan,3273,29,0,41.27116049,-111.9145117,0.0,1201.819804139724,0.8860372746715551,3244,3243,29,0,3214,3223,,30,0,0,30,20
2020-08-28,US,Vermont,Addison,79,2,0,44.03217337,-73.14130877,50001.0,214.8081681485712,2.5316455696202533,77,80,2,0,78,77,36973,-1,0,0,-1,3
2020-08-28,US,Vermont,Bennington,100,1,0,43.03519828,-73.09048868,50003.0,281.92839018889197,1.0,99,98,1,0,97,97,35631,2,0,0,2,1
2020-08-28,US,Vermont,Caledonia,32,0,0,44.46548598,-72.10314651,50005.0,106.69156136431835,0.0,32,32,0,0,32,30,30302,0,0,0,0,2
2020-08-28,US,Vermont,Chittenden,779,39,0,44.46322849,-73.08359212,50007.0,475.6554764492532,5.006418485237483,740,779,39,0,740,780,164572,0,0,0,0,-1
2020-08-28,US,Vermont,Essex,6,0,0,44.72736416,-71.73579864,50009.0,97.35518416355671,0.0,6,6,0,0,6,6,6250,0,0,0,0,0
2020-08-28,US,Vermont,Franklin,122,7,0,44.85627605,-72.91249563,50011.0,246.9535646330108,5.737704918032787,115,122,7,0,115,123,49421,0,0,0,0,-1
2020-08-28,US,Vermont,Grand Isle,13,0,0,44.797582399999996,-73.29679772,50013.0,179.68210089841045,0.0,13,13,0,0,13,13,7090,0,0,0,0,0
2020-08-28,US,Vermont,Lamoille,45,1,0,44.60353043,-72.64356694,50015.0,177.43080198722495,2.2222222222222223,44,45,1,0,44,45,25300,0,0,0,0,0
2020-08-28,US,Vermont,Orange,20,0,0,44.00470222,-72.37640104,50017.0,69.22331441229406,0.0,20,20,0,0,20,20,28999,0,0,0,0,0
2020-08-28,US,Vermont,Orleans,15,0,0,44.82964024,-72.24562697,50019.0,55.479528054148034,0.0,15,15,0,0,15,15,26907,0,0,0,0,0
2020-08-28,US,Vermont,Rutland,111,1,0,43.57723578,-73.03741676,50021.0,190.75114708460072,0.9009009009009008,110,110,1,0,109,107,58672,1,0,0,1,3
2020-08-28,US,Vermont,Unassigned,8,0,0,0.0,0.0,90050.0,0.0,0.0,8,8,0,0,8,8,,0,0,0,0,0
2020-08-28,US,Vermont,Washington,62,2,0,44.27343241,-72.61604978,50023.0,106.14802513311304,3.2258064516129035,60,61,2,0,59,61,58140,1,0,0,1,0
2020-08-28,US,Vermont,Windham,120,3,0,42.986982,-72.71268875,50025.0,284.21202216853766,2.5,117,120,3,0,117,120,42756,0,0,0,0,0
2020-08-28,US,Vermont,Windsor,77,2,0,43.58010937,-72.58595157,50027.0,139.84235952199342,2.5974025974025974,75,77,2,0,75,75,55286,0,0,0,0,2
2020-08-28,US,Virginia,Accomack,1141,19,0,37.76707161,-75.63234615,51001.0,3530.75875727194,1.6652059596844873,1122,1139,18,0,1121,1136,32412,2,1,0,1,3
2020-08-28,US,Virginia,Albemarle,1002,18,0,38.02080697,-78.55481085,51003.0,916.491356443794,1.7964071856287425,984,990,17,0,973,980,108718,12,1,0,11,10
2020-08-28,US,Virginia,Alexandria,3352,64,0,38.814003,-77.08183073,51510.0,2102.516496474898,1.9093078758949882,3288,3333,61,0,3272,3324,160530,19,3,0,16,9
2020-08-28,US,Virginia,Alleghany,64,4,0,37.78636074,-80.00222498,51005.0,430.6864064602961,6.25,60,63,4,0,59,63,14910,1,0,0,1,0
2020-08-28,US,Virginia,Amelia,98,3,0,37.34081025,-77.98584649,51007.0,745.5306200076076,3.0612244897959178,95,96,3,0,93,94,13013,2,0,0,2,2
2020-08-28,US,Virginia,Amherst,277,1,0,37.60308293,-79.14548696,51009.0,876.4436006960924,0.36101083032490977,276,273,1,0,272,269,31666,4,0,0,4,4
2020-08-28,US,Virginia,Appomattox,157,1,0,37.37569884,-78.81340003,51011.0,986.7387342090376,0.6369426751592356,156,150,1,0,149,145,15841,7,0,0,7,5
2020-08-28,US,Virginia,Arlington,3492,137,0,38.8767675,-77.10139853,51013.0,1474.40065528918,3.9232531500572736,3355,3457,138,0,3319,3435,237521,35,-1,0,36,22
2020-08-28,US,Virginia,Augusta,354,4,0,38.16404586,-79.12461614,51015.0,468.5142539506076,1.1299435028248588,350,353,4,0,349,349,75457,1,0,0,1,4
2020-08-28,US,Virginia,Bath,4,0,0,38.05852573,-79.73912095,51017.0,96.45526886906195,0.0,4,4,0,0,4,4,4292,0,0,0,0,0
2020-08-28,US,Virginia,Bedford,526,8,0,37.3080028,-79.5281964,51019.0,665.8480701798802,1.520912547528517,518,514,8,0,506,502,78747,12,0,0,12,12
2020-08-28,US,Virginia,Bland,42,0,0,37.13128068,-81.13599391,51021.0,668.7898089171973,0.0,42,42,0,0,42,42,6293,0,0,0,0,0
2020-08-28,US,Virginia,Botetourt,247,8,0,37.55531756,-79.80982182,51023.0,739.1005116849698,3.238866396761133,239,238,8,0,230,237,33277,9,0,0,9,1
2020-08-28,US,Virginia,Bristol,115,2,0,36.616302399999995,-82.16359122,51520.0,686.0756472974585,1.7391304347826086,113,113,2,0,111,109,16482,2,0,0,2,4
2020-08-28,US,Virginia,Brunswick,281,2,0,36.76366949,-77.8593436,51025.0,1731.255005852997,0.7117437722419929,279,279,2,0,277,273,16384,2,0,0,2,6
2020-08-28,US,Virginia,Buchanan,97,1,0,37.26818323,-82.03749726,51027.0,461.8167968006094,1.0309278350515465,96,97,1,0,96,97,21221,0,0,0,0,0
2020-08-28,US,Virginia,Buckingham,644,8,0,37.57242268,-78.52518834,51029.0,3755.5400046652667,1.2422360248447204,636,644,8,0,636,640,16999,0,0,0,0,4
2020-08-28,US,Virginia,Buena Vista,72,1,0,37.73484642,-79.35296097,51530.0,1111.4541525162088,1.3888888888888888,71,72,1,0,71,71,6237,0,0,0,0,1
2020-08-28,US,Virginia,Campbell,310,3,0,37.20553386,-79.09678609,51031.0,564.8173453584767,0.967741935483871,307,307,3,0,304,298,54973,3,0,0,3,9
2020-08-28,US,Virginia,Caroline,256,5,0,38.02679129,-77.34901405,51033.0,833.1977217249797,1.953125,251,252,5,0,247,250,30772,4,0,0,4,2
2020-08-28,US,Virginia,Carroll,388,19,0,36.73066666,-80.73455942,51035.0,1302.4067671444395,4.896907216494847,369,385,19,0,366,384,29636,3,0,0,3,1
2020-08-28,US,Virginia,Charles City,66,5,0,37.35358063,-77.05634116,51036.0,947.8672985781993,7.575757575757576,61,66,5,0,61,66,6941,0,0,0,0,0
2020-08-28,US,Virginia,Charlotte,67,0,0,37.01909701,-78.66314092,51037.0,563.973063973064,0.0,67,64,0,0,64,64,11938,3,0,0,3,0
2020-08-28,US,Virginia,Charlottesville,623,17,0,38.03527919,-78.48569588,51540.0,1318.0721871958701,2.7287319422150884,606,604,17,0,587,595,48117,19,0,0,19,9
2020-08-28,US,Virginia,Chesapeake,3685,47,0,36.67670048,-76.30545744,51550.0,1505.0952682418772,1.2754409769335142,3638,3660,47,0,3613,3625,242634,25,0,0,25,35
2020-08-28,US,Virginia,Chesterfield,4974,82,0,37.37373208,-77.58680140000001,51041.0,1409.8559531975445,1.6485725774024929,4892,4946,78,0,4868,4915,348556,28,4,0,24,31
2020-08-28,US,Virginia,Clarke,78,0,0,39.11271747,-77.99199425,51043.0,533.5522265544839,0.0,78,77,0,0,77,76,14523,1,0,0,1,1
2020-08-28,US,Virginia,Colonial Heights,219,22,0,37.26420587,-77.39609676,51570.0,1260.7944732297067,10.04566210045662,197,218,22,0,196,218,17833,1,0,0,1,0
2020-08-28,US,Virginia,Covington,23,0,0,37.7824656,-79.98631446,51580.0,415.3123871433731,0.0,23,22,0,0,22,19,5460,1,0,0,1,3
2020-08-28,US,Virginia,Craig,21,0,0,37.48133648,-80.21072274,51045.0,409.2769440654843,0.0,21,21,0,0,21,21,5064,0,0,0,0,0
2020-08-28,US,Virginia,Culpeper,1104,13,0,38.48199985,-77.95630870000002,51047.0,2098.6598232107212,1.177536231884058,1091,1103,13,0,1090,1090,51859,1,0,0,1,13
2020-08-28,US,Virginia,Cumberland,96,0,0,37.51328851,-78.24398086,51049.0,966.5726943213854,0.0,96,96,0,0,96,96,9809,0,0,0,0,0
2020-08-28,US,Virginia,Danville,582,12,0,36.58022376,-79.40395668,51590.0,1453.4012586155234,2.061855670103093,570,575,12,0,563,558,40693,7,0,0,7,17
2020-08-28,US,Virginia,Dickenson,63,1,0,37.12560977,-82.35124171,51051.0,440.00558737253806,1.5873015873015872,62,59,1,0,58,58,14523,4,0,0,4,1
2020-08-28,US,Virginia,Dinwiddie,281,8,0,37.07544585,-77.63451754,51053.0,984.4450672645739,2.846975088967972,273,274,8,0,266,267,28529,7,0,0,7,7
2020-08-28,US,Virginia,Emporia,219,16,0,36.69455571,-77.53406129,51595.0,4096.52076318743,7.305936073059359,203,219,15,0,204,216,5121,0,1,0,-1,3
2020-08-28,US,Virginia,Essex,116,2,0,37.93357639,-76.94230311,51057.0,1059.070574271889,1.7241379310344829,114,114,2,0,112,113,10919,2,0,0,2,1
2020-08-28,US,Virginia,Fairfax,18084,550,0,38.83677558,-77.27565836,51059.0,1575.9037656466226,3.0413625304136254,17534,17959,549,0,17410,17878,1150795,125,1,0,124,81
2020-08-28,US,Virginia,Fairfax,18084,550,0,38.83677558,-77.27565836,51059.0,1575.9037656466226,3.0413625304136254,17534,17959,549,0,17410,17878,24574,125,1,0,124,81
2020-08-28,US,Virginia,Fairfax City,110,7,0,38.85157547,-77.29779640000002,51600.0,457.9707731379325,6.363636363636362,103,109,7,0,102,109,24574,1,0,0,1,0
2020-08-28,US,Virginia,Falls Church,66,7,0,38.88485255,-77.17560759,51610.0,451.5290415269892,10.606060606060606,59,66,7,0,59,66,14772,0,0,0,0,0
2020-08-28,US,Virginia,Fauquier,742,9,0,38.73564842,-77.80647472,51061.0,1041.8129229732383,1.2129380053908356,733,731,9,0,722,724,70675,11,0,0,11,7
2020-08-28,US,Virginia,Floyd,140,2,0,36.9302126,-80.36738849,51063.0,888.9453298622134,1.4285714285714286,138,140,2,0,138,139,15795,0,0,0,0,1
2020-08-28,US,Virginia,Fluvanna,222,9,0,37.84157909,-78.27715475,51065.0,814.081408140814,4.0540540540540535,213,223,9,0,214,219,26783,-1,0,0,-1,4
2020-08-28,US,Virginia,Franklin,194,1,0,36.99536167,-79.88023649,51067.0,346.1689447200313,0.5154639175257731,193,194,1,0,193,194,56195,0,0,0,0,0
2020-08-28,US,Virginia,Franklin,194,1,0,36.99536167,-79.88023649,51067.0,346.1689447200313,0.5154639175257731,193,194,1,0,193,194,8013,0,0,0,0,0
2020-08-28,US,Virginia,Franklin City,283,6,0,36.6831435,-76.93859681,51620.0,3552.152629597088,2.120141342756184,277,279,6,0,273,272,8013,4,0,0,4,7
2020-08-28,US,Virginia,Frederick,757,10,0,39.20172582,-78.25974949,51069.0,847.5809792527403,1.3210039630118893,747,758,10,0,748,755,88355,-1,0,0,-1,3
2020-08-28,US,Virginia,Fredericksburg,472,4,0,38.2977863,-77.4922454,51630.0,1625.5682600909217,0.8474576271186439,468,470,4,0,466,456,29144,2,0,0,2,14
2020-08-28,US,Virginia,Galax,394,28,0,36.66601852,-80.91703124,51640.0,6207.6571608633985,7.1065989847715745,366,394,28,0,366,394,6423,0,0,0,0,0
2020-08-28,US,Virginia,Giles,37,0,0,37.31234791,-80.70636931,51071.0,221.29186602870809,0.0,37,37,0,0,37,37,16844,0,0,0,0,0
2020-08-28,US,Virginia,Gloucester,200,2,0,37.40809042,-76.53524337,51073.0,535.503909178537,1.0,198,198,2,0,196,189,37349,2,0,0,2,9
2020-08-28,US,Virginia,Goochland,214,7,0,37.71714806,-77.90381514,51075.0,900.9388287795224,3.2710280373831777,207,213,7,0,206,212,23244,1,0,0,1,1
2020-08-28,US,Virginia,Grayson,184,6,0,36.65677234,-81.23215889,51077.0,1183.2797427652733,3.260869565217391,178,184,6,0,178,177,15631,0,0,0,0,7
2020-08-28,US,Virginia,Greene,199,3,0,38.29545894,-78.46525378,51079.0,1004.0869872344721,1.5075376884422111,196,197,3,0,194,196,19779,2,0,0,2,1
2020-08-28,US,Virginia,Greensville,668,11,0,36.67878901,-77.56351439,51081.0,5892.7311220889205,1.6467065868263473,657,665,11,0,654,660,11627,3,0,0,3,5
2020-08-28,US,Virginia,Halifax,202,2,0,36.76654925,-78.93512622,51083.0,595.6769189938367,0.99009900990099,200,200,2,0,198,193,34120,2,0,0,2,7
2020-08-28,US,Virginia,Hampton,1519,16,0,37.03513786,-76.35879121,51650.0,1129.2840680990262,1.0533245556287032,1503,1505,15,0,1490,1483,134313,14,1,0,13,22
2020-08-28,US,Virginia,Hanover,768,34,0,37.7583355,-77.49464673,51085.0,712.655197372084,4.427083333333333,734,762,34,0,728,757,107239,6,0,0,6,5
2020-08-28,US,Virginia,Harrisonburg,1203,32,0,38.43542574,-78.87536254,51660.0,2269.126301493889,2.6600166251039066,1171,1179,32,0,1147,1161,54033,24,0,0,24,18
2020-08-28,US,Virginia,Henrico,4510,193,0,37.53460572,-77.39326555,51087.0,1363.2873664673627,4.279379157427938,4317,4467,191,0,4276,4428,329261,43,2,0,41,39
2020-08-28,US,Virginia,Henry,809,15,0,36.68542395,-79.87634026,51089.0,1600.1740609608953,1.854140914709518,794,803,15,0,788,778,50953,6,0,0,6,25
2020-08-28,US,Virginia,Highland,6,0,0,38.35799465,-79.56124594,51091.0,273.97260273972597,0.0,6,6,0,0,6,6,2210,0,0,0,0,0
2020-08-28,US,Virginia,Hopewell,338,4,0,37.29186313,-77.29754684,51670.0,1500.2885170225045,1.183431952662722,334,337,4,0,333,334,22596,1,0,0,1,3
2020-08-28,US,Virginia,Isle of Wight,519,11,0,36.90579348,-76.70842863,51093.0,1398.5825540973885,2.119460500963392,508,504,11,0,493,494,36953,15,0,0,15,10
2020-08-28,US,Virginia,James City,726,18,0,37.31156958,-76.76950618,51095.0,948.7343674450818,2.479338842975207,708,723,18,0,705,717,76397,3,0,0,3,6
2020-08-28,US,Virginia,King George,202,4,0,38.26818502,-77.15852768,51099.0,752.7202265613355,1.98019801980198,198,200,4,0,196,196,26575,2,0,0,2,4
2020-08-28,US,Virginia,King William,111,2,0,37.70965316,-77.09384941,51101.0,647.3058082575227,1.8018018018018016,109,110,2,0,108,110,16939,1,0,0,1,0
2020-08-28,US,Virginia,King and Queen,49,1,0,37.71044922,-76.88689628,51097.0,697.508896797153,2.0408163265306123,48,49,1,0,48,48,7042,0,0,0,0,1
2020-08-28,US,Virginia,Lancaster,66,0,0,37.71889653,-76.46400482,51103.0,622.4653399981138,0.0,66,64,0,0,64,63,10783,2,0,0,2,1
2020-08-28,US,Virginia,Lee,183,3,0,36.70586667,-83.12606515,51105.0,781.2833539683216,1.639344262295082,180,178,3,0,175,172,23541,5,0,0,5,6
2020-08-28,US,Virginia,Lexington,42,0,0,37.78258621,-79.44262866,51678.0,564.0612409347301,0.0,42,42,0,0,42,41,7136,0,0,0,0,1
2020-08-28,US,Virginia,Loudoun,5878,118,0,39.08990083,-77.63481877,51107.0,1421.3929554236856,2.0074855392990814,5760,5825,117,0,5708,5787,406850,53,1,0,52,38
2020-08-28,US,Virginia,Louisa,243,2,0,37.97850256,-77.96274807,51109.0,646.4313266473357,0.8230452674897121,241,239,2,0,237,238,36778,4,0,0,4,1
2020-08-28,US,Virginia,Lunenburg,93,2,0,36.94618528,-78.24133319,51111.0,762.5450967530337,2.150537634408602,91,92,2,0,90,89,12086,1,0,0,1,3
2020-08-28,US,Virginia,Lynchburg,936,5,0,37.40021399,-79.19888138,51680.0,1139.1295881608412,0.5341880341880342,931,911,5,0,906,874,82126,25,0,0,25,37
2020-08-28,US,Virginia,Madison,87,2,0,38.41531222,-78.28220331,51113.0,656.05912072996,2.2988505747126435,85,86,2,0,84,86,13295,1,0,0,1,0
2020-08-28,US,Virginia,Manassas,1782,23,0,38.7464321,-77.48509905,51683.0,4337.349397590361,1.2906846240179572,1759,1778,23,0,1755,1772,41641,4,0,0,4,6
2020-08-28,US,Virginia,Manassas Park,558,7,0,38.77058531,-77.44399307,51685.0,3192.5849639546864,1.254480286738351,551,555,7,0,548,555,17307,3,0,0,3,0
2020-08-28,US,Virginia,Martinsville,316,6,0,36.68212094,-79.86352771,51690.0,2517.1260156125536,1.8987341772151896,310,314,5,0,309,293,12902,2,1,0,1,21
2020-08-28,US,Virginia,Mathews,23,0,0,37.44164146,-76.34098896,51115.0,260.3577088521621,0.0,23,23,0,0,23,23,8802,0,0,0,0,0
2020-08-28,US,Virginia,Mecklenburg,501,33,0,36.67882005,-78.36131056,51117.0,1637.950763396214,6.586826347305388,468,498,33,0,465,491,30650,3,0,0,3,7
2020-08-28,US,Virginia,Middlesex,55,1,0,37.63191998,-76.55064617,51119.0,519.7505197505197,1.818181818181818,54,55,1,0,54,54,10769,0,0,0,0,1
2020-08-28,US,Virginia,Montgomery,427,3,0,37.17746986,-80.37868691,51121.0,433.34855635053526,0.7025761124121779,424,411,3,0,408,404,98985,16,0,0,16,7
2020-08-28,US,Virginia,Nelson,83,0,0,37.78790447,-78.88498513,51125.0,555.9276624246484,0.0,83,83,0,0,83,81,14836,0,0,0,0,2
2020-08-28,US,Virginia,New Kent,147,1,0,37.50694406,-76.99828634,51127.0,636.6116668832012,0.6802721088435374,146,146,1,0,145,145,22391,1,0,0,1,1
2020-08-28,US,Virginia,Newport News,2216,21,0,37.08166899,-76.51754109,51700.0,1236.4346491839867,0.947653429602888,2195,2190,21,0,2169,2167,178626,26,0,0,26,23
2020-08-28,US,Virginia,Norfolk,4328,52,0,36.89934014,-76.26420872,51710.0,1782.9629812722974,1.2014787430683922,4276,4297,49,0,4248,4260,244076,31,3,0,28,37
2020-08-28,US,Virginia,Northampton,303,29,0,37.34062933,-75.87751591,51131.0,2587.532023911187,9.570957095709572,274,303,29,0,274,303,11735,0,0,0,0,0
2020-08-28,US,Virginia,Northumberland,86,4,0,37.89202088,-76.41949732,51133.0,711.0376188507647,4.651162790697675,82,86,3,0,83,86,12147,0,1,0,-1,0
2020-08-28,US,Virginia,Norton,26,0,0,36.93357076,-82.62750411,51720.0,653.1022356191911,0.0,26,26,0,0,26,26,3968,0,0,0,0,0
2020-08-28,US,Virginia,Nottoway,194,14,0,37.1435975,-78.05065922,51135.0,1273.6344537815125,7.216494845360825,180,191,14,0,177,188,15420,3,0,0,3,3
2020-08-28,US,Virginia,Orange,257,3,0,38.24530219,-78.01560400000002,51137.0,693.6384982861463,1.1673151750972763,254,254,3,0,251,251,36644,3,0,0,3,3
2020-08-28,US,Virginia,Page,360,25,0,38.61807452,-78.48797204,51139.0,1506.1501129612586,6.9444444444444455,335,358,25,0,333,358,23933,2,0,0,2,0
2020-08-28,US,Virginia,Patrick,217,11,0,36.680163799999995,-80.2865648,51141.0,1232.394366197183,5.0691244239631335,206,213,11,0,202,209,17673,4,0,0,4,4
2020-08-28,US,Virginia,Petersburg,614,20,0,37.20530399,-77.39368102,51730.0,1958.782619791999,3.2573289902280136,594,611,20,0,591,604,31567,3,0,0,3,7
2020-08-28,US,Virginia,Pittsylvania,714,4,0,36.81980341,-79.39731264,51143.0,1183.0201809324985,0.5602240896358543,710,695,4,0,691,678,60949,19,0,0,19,17
2020-08-28,US,Virginia,Poquoson,63,0,0,37.14259351,-76.35798148,51735.0,513.4055904164289,0.0,63,63,0,0,63,59,12190,0,0,0,0,4
2020-08-28,US,Virginia,Portsmouth,2186,34,0,36.85914825,-76.35971629,51740.0,2315.727028115002,1.555352241537054,2152,2161,34,0,2127,2142,94632,25,0,0,25,19
2020-08-28,US,Virginia,Powhatan,185,4,0,37.55016038,-77.91267882,51145.0,623.9039525158505,2.1621621621621623,181,183,4,0,179,181,29189,2,0,0,2,2
2020-08-28,US,Virginia,Prince Edward,478,11,0,37.22554789,-78.43597949,51147.0,2096.3073414612754,2.301255230125523,467,473,11,0,462,472,22950,5,0,0,5,1
2020-08-28,US,Virginia,Prince George,506,2,0,37.18497668,-77.22922187,51149.0,1319.3231298725002,0.3952569169960474,504,499,2,0,497,495,38082,7,0,0,7,4
2020-08-28,US,Virginia,Prince William,10648,183,0,38.70916224,-77.48713689,51153.0,2263.918271019593,1.7186326070623592,10465,10577,183,0,10394,10511,468011,71,0,0,71,66
2020-08-28,US,Virginia,Pulaski,126,3,0,37.06474963,-80.71229738,51155.0,370.2941781526435,2.380952380952381,123,123,3,0,120,122,34066,3,0,0,3,1
2020-08-28,US,Virginia,Radford,282,0,0,37.12222899,-80.56027320000003,51750.0,1545.2901528850894,0.0,282,252,0,0,252,223,18339,30,0,0,30,29
2020-08-28,US,Virginia,Rappahannock,53,2,0,38.68295619,-78.15826963,51157.0,719.1316146540026,3.7735849056603774,51,51,2,0,49,51,7252,2,0,0,2,0
2020-08-28,US,Virginia,Richmond,326,5,0,37.937575,-76.72920628,51159.0,3612.9890280394548,1.5337423312883436,321,328,5,0,323,324,9038,-2,0,0,-2,4
2020-08-28,US,Virginia,Richmond City,3795,47,0,37.53255773,-77.47966921,51760.0,1646.8780919647972,1.238471673254282,3748,3767,45,0,3722,3735,228783,28,2,0,26,32
2020-08-28,US,Virginia,Roanoke,598,4,0,37.26865804,-80.06396753,51161.0,634.913893784639,0.6688963210702341,594,584,4,0,580,565,94073,14,0,0,14,19
2020-08-28,US,Virginia,Roanoke City,1179,15,0,37.27791025,-79.96189766,51770.0,1189.1913700412535,1.272264631043257,1164,1169,15,0,1154,1140,99920,10,0,0,10,29
2020-08-28,US,Virginia,Rockbridge,84,1,0,37.81204314,-79.44605905,51163.0,372.12599122845876,1.1904761904761905,83,84,1,0,83,82,22752,0,0,0,0,2
2020-08-28,US,Virginia,Rockingham,1032,20,0,38.51006137,-78.87260325,51165.0,1259.3351881681067,1.937984496124031,1012,1022,20,0,1002,1011,81244,10,0,0,10,11
2020-08-28,US,Virginia,Russell,177,4,0,36.93028320000001,-82.10095486,51167.0,665.763935906116,2.2598870056497176,173,174,4,0,170,172,26748,3,0,0,3,2
2020-08-28,US,Virginia,Salem,208,3,0,37.2836193,-80.06219455,51775.0,822.1018932058023,1.4423076923076923,205,206,3,0,203,203,25643,2,0,0,2,3
2020-08-28,US,Virginia,Scott,148,4,0,36.71466456,-82.60171704,51169.0,686.2654177872578,2.702702702702702,144,144,3,0,141,144,21534,4,1,0,3,0
2020-08-28,US,Virginia,Shenandoah,764,48,0,38.85905135,-78.56813762,51171.0,1751.6507703595016,6.282722513089006,716,763,48,0,715,762,43497,1,0,0,1,1
2020-08-28,US,Virginia,Smyth,253,3,0,36.84455636,-81.53344948,51173.0,840.4198777571088,1.1857707509881423,250,241,3,0,238,233,30472,12,0,0,12,8
2020-08-28,US,Virginia,Southampton,338,13,0,36.72231125,-77.10642712,51175.0,1917.0778741988543,3.8461538461538463,325,337,13,0,324,335,17586,1,0,0,1,2
2020-08-28,US,Virginia,Spotsylvania,1769,38,0,38.18574462,-77.655399,51177.0,1298.6822302976911,2.1481062747314867,1731,1759,38,0,1721,1735,134238,10,0,0,10,24
2020-08-28,US,Virginia,Stafford,1660,10,0,38.41758738,-77.45917053,51179.0,1085.8047382948942,0.6024096385542169,1650,1639,10,0,1629,1625,149960,21,0,0,21,14
2020-08-28,US,Virginia,Staunton,170,0,0,38.15965544,-79.05979937,51790.0,681.8546446334028,0.0,170,170,0,0,170,167,24922,0,0,0,0,3
2020-08-28,US,Virginia,Suffolk,1603,59,0,36.70155394,-76.63603554,51800.0,1740.3482867937641,3.6805988771054268,1544,1590,59,0,1531,1573,91185,13,0,0,13,17
2020-08-28,US,Virginia,Surry,63,2,0,37.11781893,-76.88450012,51181.0,981.002802865151,3.1746031746031744,61,62,2,0,60,62,6474,1,0,0,1,0
2020-08-28,US,Virginia,Sussex,334,9,0,36.92432914,-77.25791182,51183.0,2993.0997401200825,2.6946107784431144,325,330,9,0,321,326,11237,4,0,0,4,4
2020-08-28,US,Virginia,Tazewell,186,1,0,37.12191123,-81.56685568,51185.0,458.1845054809706,0.5376344086021505,185,184,1,0,183,178,40855,2,0,0,2,6
2020-08-28,US,Virginia,Virginia Beach,5906,65,0,36.73285734,-76.04566934,51810.0,1312.5202789494506,1.100575685743312,5841,5876,65,0,5811,5821,450189,30,0,0,30,55
2020-08-28,US,Virginia,Warren,389,6,0,38.90847745,-78.20280433,51187.0,968.5290309730107,1.5424164524421593,383,390,6,0,384,388,40003,-1,0,0,-1,2
2020-08-28,US,Virginia,Washington,345,9,0,36.72341572,-81.95666289,51191.0,641.9799032378116,2.608695652173913,336,339,8,0,331,326,54402,6,1,0,5,13
2020-08-28,US,Virginia,Waynesboro,213,3,0,38.06451466,-78.90293905,51820.0,941.2284577993812,1.4084507042253518,210,213,3,0,210,210,22628,0,0,0,0,3
2020-08-28,US,Virginia,Westmoreland,223,3,0,38.11021557,-76.80213247,51193.0,1237.857341104635,1.345291479820628,220,223,3,0,220,221,17830,0,0,0,0,2
2020-08-28,US,Virginia,Williamsburg,148,6,0,37.28131268,-76.70905141,51830.0,989.701752039588,4.0540540540540535,142,148,6,0,142,146,14896,0,0,0,0,2
2020-08-28,US,Virginia,Winchester,431,4,0,39.17054517,-78.17325058,51840.0,1535.009616069521,0.9280742459396752,427,432,4,0,428,436,28108,-1,0,0,-1,-4
2020-08-28,US,Virginia,Wise,317,5,0,36.9746148,-82.62410519,51195.0,847.9790279003827,1.5772870662460567,312,318,5,0,313,310,38012,-1,0,0,-1,8
2020-08-28,US,Virginia,Wythe,149,3,0,36.91582035,-81.07834059,51197.0,519.4533537860829,2.0134228187919465,146,146,3,0,143,146,28754,3,0,0,3,0
2020-08-28,US,Virginia,York,444,5,0,37.24374789,-76.54412815,51199.0,650.2636203866432,1.1261261261261262,439,444,5,0,439,437,67846,0,0,0,0,7
2020-08-28,US,Washington,Adams,619,7,0,46.98299757,-118.56017340000001,53001.0,3097.632988039834,1.1308562197092085,612,596,7,0,589,576,19759,23,0,0,23,20
2020-08-28,US,Washington,Asotin,51,2,0,46.18894415,-117.2022851,53003.0,225.84359224160838,3.92156862745098,49,51,2,0,49,50,22610,0,0,0,0,1
2020-08-28,US,Washington,Benton,4105,122,0,46.23946995,-119.51208340000001,53005.0,2008.4152845051126,2.9719853836784416,3983,4057,122,0,3935,4037,201877,48,0,0,48,20
2020-08-28,US,Washington,Chelan,1729,12,0,47.87046092,-120.6173956,53007.0,2239.6373056994817,0.6940427993059572,1717,1713,11,0,1702,1693,77036,16,1,0,15,20
2020-08-28,US,Washington,Clallam,207,1,0,48.04754642,-123.92263190000001,53009.0,267.6804903596229,0.4830917874396135,206,204,1,0,203,202,76737,3,0,0,3,2
2020-08-28,US,Washington,Clark,2141,54,0,45.77568046,-122.48292040000001,53011.0,438.51294749928826,2.5221858944418503,2087,2122,54,0,2068,2111,481857,19,0,0,19,11
2020-08-28,US,Washington,Columbia,13,1,0,46.29442881,-117.9051983,53013.0,326.2233375156838,7.6923076923076925,12,13,1,0,12,13,4059,0,0,0,0,0
2020-08-28,US,Washington,Cowlitz,535,6,0,46.19074721,-122.6782231,53015.0,483.75575307659625,1.1214953271028036,529,529,6,0,523,526,108987,6,0,0,6,3
2020-08-28,US,Washington,Douglas,1146,8,0,47.7361335,-119.69293700000001,53017.0,2638.7897487853743,0.6980802792321117,1138,1146,7,0,1139,1134,42907,0,1,0,-1,12
2020-08-28,US,Washington,Ferry,25,0,0,48.471143100000006,-118.5154041,53019.0,327.78287662252524,0.0,25,25,0,0,25,25,7649,0,0,0,0,0
2020-08-28,US,Washington,Franklin,3899,57,0,46.53351425,-118.9018212,53021.0,4094.6419944970703,1.4619133111054117,3842,3874,56,0,3818,3864,94347,25,1,0,24,10
2020-08-28,US,Washington,Garfield,4,0,0,46.43197502,-117.54540320000001,53023.0,179.77528089887642,0.0,4,4,0,0,4,4,2247,0,0,0,0,0
2020-08-28,US,Washington,Grant,2224,15,0,47.20753737,-119.4500749,53025.0,2275.587570216815,0.6744604316546763,2209,2166,14,0,2152,2106,97331,58,1,0,57,60
2020-08-28,US,Washington,Grays Harbor,222,6,0,47.14003705,-123.7820567,53027.0,295.75944898149504,2.702702702702702,216,221,6,0,215,219,73901,1,0,0,1,2
2020-08-28,US,Washington,Island,269,11,0,48.14713305,-122.5216407,53029.0,315.9464887656945,4.089219330855019,258,268,11,0,257,268,84460,1,0,0,1,0
2020-08-28,US,Washington,Jefferson,69,0,0,47.75003077,-123.56097040000002,53031.0,214.1460538158344,0.0,69,69,0,0,69,69,31729,0,0,0,0,0
2020-08-28,US,Washington,King,19322,723,0,47.49137892,-121.8346131,53033.0,857.6950632595607,3.741848669909947,18599,19155,722,0,18433,18976,2233163,167,1,0,166,179
2020-08-28,US,Washington,Kitsap,971,9,0,47.63479026,-122.6436061,53035.0,357.6782958157901,0.9268795056642636,962,962,9,0,953,949,269805,9,0,0,9,13
2020-08-28,US,Washington,Kittitas,451,21,0,47.12521214,-120.67943899999999,53037.0,940.8574110775007,4.656319290465632,430,448,21,0,427,448,47364,3,0,0,3,0
2020-08-28,US,Washington,Klickitat,174,3,0,45.87325839,-120.7913598,53039.0,775.9197324414715,1.7241379310344829,171,174,3,0,171,169,22107,0,0,0,0,5
2020-08-28,US,Washington,Lewis,330,4,0,46.57756476,-122.39257690000001,53041.0,408.8864658579801,1.2121212121212122,326,327,4,0,323,319,79604,3,0,0,3,8
2020-08-28,US,Washington,Lincoln,31,1,0,47.57705241,-118.41943880000001,53043.0,283.3897065545296,3.2258064516129035,30,31,1,0,30,32,10740,0,0,0,0,-1
2020-08-28,US,Washington,Mason,306,1,0,47.35007586,-123.1863685,53045.0,458.3033788641265,0.32679738562091504,305,303,1,0,302,299,65507,3,0,0,3,4
2020-08-28,US,Washington,Okanogan,980,7,0,48.54855019,-119.73872240000001,53047.0,2319.910991170135,0.7142857142857143,973,981,6,0,975,977,42132,-1,1,0,-2,4
2020-08-28,US,Washington,Pacific,60,3,0,46.55418369,-123.7285716,53049.0,267.01081393796454,5.0,57,60,3,0,57,60,22036,0,0,0,0,0
2020-08-28,US,Washington,Pend Oreille,52,0,0,48.53234021,-117.2741804,53051.0,378.8982803847274,0.0,52,52,0,0,52,52,13602,0,0,0,0,0
2020-08-28,US,Washington,Pierce,6678,166,0,47.03892768,-122.14059579999999,53053.0,737.9168600411058,2.4857741838873912,6512,6661,164,0,6497,6621,891299,17,2,0,15,40
2020-08-28,US,Washington,San Juan,29,0,0,48.60182783,-122.96745,53055.0,164.94141735866228,0.0,29,29,0,0,29,29,17128,0,0,0,0,0
2020-08-28,US,Washington,Skagit,1003,22,0,48.48171488,-121.766131,53057.0,776.2857474555939,2.1934197407776668,981,997,22,0,975,992,128206,6,0,0,6,5
2020-08-28,US,Washington,Skamania,58,1,0,46.02408726,-121.91644029999999,53059.0,480.01324174459984,1.7241379310344829,57,58,1,0,57,58,11924,0,0,0,0,0
2020-08-28,US,Washington,Snohomish,6114,209,0,48.04615983,-121.7170703,53061.0,743.7205245699035,3.4183840366372262,5905,6077,208,0,5869,6032,814901,37,1,0,36,45
2020-08-28,US,Washington,Spokane,5208,131,0,47.62113146,-117.4046494,53063.0,996.1782562289833,2.5153609831029184,5077,5158,128,0,5030,5117,514631,50,3,0,47,41
2020-08-28,US,Washington,Stevens,124,1,0,48.40035475,-117.8542701,53065.0,271.1983028235244,0.8064516129032258,123,125,1,0,124,125,45260,-1,0,0,-1,0
2020-08-28,US,Washington,Thurston,905,13,0,46.9291895,-122.82906559999999,53067.0,311.49324008040315,1.4364640883977902,892,888,12,0,876,884,286419,17,1,0,16,4
2020-08-28,US,Washington,Unassigned,252,4,0,0.0,0.0,90053.0,0.0,1.5873015873015872,248,255,5,0,250,257,,-3,-1,0,-2,-2
2020-08-28,US,Washington,Wahkiakum,6,0,0,46.29180039999999,-123.4250831,53069.0,133.6898395721925,0.0,6,6,0,0,6,6,4426,0,0,0,0,0
2020-08-28,US,Washington,Walla Walla,737,6,0,46.23040051,-118.4775539,53071.0,1212.9690585911785,0.8141112618724559,731,731,4,0,727,725,60922,6,2,0,4,6
2020-08-28,US,Washington,Whatcom,1074,39,0,48.82227976,-121.74900179999999,53073.0,468.49031830296576,3.6312849162011163,1035,1065,39,0,1026,1062,225685,9,0,0,9,3
2020-08-28,US,Washington,Whitman,279,0,0,46.90022523,-117.52417630000001,53075.0,556.84176912023,0.0,279,233,0,0,233,222,49791,46,0,0,46,11
2020-08-28,US,Washington,Yakima,10899,239,0,46.45738486,-120.73801259999999,53077.0,4344.429253048355,2.1928617304339846,10660,10869,238,0,10631,10853,251446,30,1,0,29,16
2020-08-28,US,West Virginia,Barbour,33,1,0,39.1307219,-80.00350858,54001.0,200.717717900371,3.0303030303030303,32,33,1,0,32,33,16535,0,0,0,0,0
2020-08-28,US,West Virginia,Berkeley,788,11,0,39.46704621,-78.02414609,54003.0,661.2346963606917,1.3959390862944163,777,780,11,0,769,777,117123,8,0,0,8,3
2020-08-28,US,West Virginia,Boone,134,0,0,38.01974191,-81.69888019,54005.0,624.5048236006897,0.0,134,132,0,0,132,131,21951,2,0,0,2,1
2020-08-28,US,West Virginia,Braxton,9,0,0,38.70036159,-80.72011184,54007.0,64.48377158415133,0.0,9,9,0,0,9,9,14089,0,0,0,0,0
2020-08-28,US,West Virginia,Brooke,86,1,0,40.27367263,-80.57915332,54009.0,391.9959888782532,1.162790697674419,85,85,1,0,84,85,22203,1,0,0,1,0
2020-08-28,US,West Virginia,Cabell,509,7,0,38.42424062,-82.23855912,54011.0,553.591821197455,1.3752455795677798,502,502,6,0,496,501,93224,7,1,0,6,1
2020-08-28,US,West Virginia,Calhoun,9,0,0,38.84315422,-81.11934872,54013.0,126.60008440005626,0.0,9,8,0,0,8,8,7254,1,0,0,1,0
2020-08-28,US,West Virginia,Clay,20,2,0,38.46231092,-81.07652217,54015.0,235.0728725905031,10.0,18,19,1,0,18,19,8632,1,1,0,0,0
2020-08-28,US,West Virginia,Doddridge,6,0,0,39.27057157,-80.70671527,54017.0,71.02272727272727,0.0,6,6,0,0,6,6,8406,0,0,0,0,0
2020-08-28,US,West Virginia,Fayette,235,10,0,38.02974928,-81.08286634,54019.0,554.1668631797387,4.25531914893617,225,215,10,0,205,195,43018,20,0,0,20,20
2020-08-28,US,West Virginia,Gilmer,18,0,0,38.9251277,-80.85952723,54021.0,230.09075802121947,0.0,18,18,0,0,18,18,8026,0,0,0,0,0
2020-08-28,US,West Virginia,Grant,140,5,0,39.10314817,-79.19440518,54023.0,1210.2351313969568,3.571428571428572,135,139,5,0,134,138,11626,1,0,0,1,1
2020-08-28,US,West Virginia,Greenbrier,103,3,0,37.9463652,-80.45335881,54025.0,297.15538630200217,2.9126213592233015,100,99,3,0,96,99,34786,4,0,0,4,0
2020-08-28,US,West Virginia,Hampshire,91,1,0,39.32103553,-78.60826476,54027.0,392.6645091693636,1.0989010989010992,90,91,1,0,90,91,23347,0,0,0,0,0
2020-08-28,US,West Virginia,Hancock,118,0,0,40.51943859,-80.57461608,54029.0,409.580006942034,0.0,118,118,0,0,118,118,29094,0,0,0,0,0
2020-08-28,US,West Virginia,Hardy,71,0,0,39.00683177,-78.85855301,54031.0,515.3890824622532,0.0,71,70,0,0,70,66,13775,1,0,0,1,4
2020-08-28,US,West Virginia,Harrison,262,1,0,39.2853852,-80.37919577,54033.0,389.55632211252527,0.3816793893129771,261,260,1,0,259,259,67554,2,0,0,2,1
2020-08-28,US,West Virginia,Jackson,200,19,0,38.84263974,-81.68148753,54035.0,699.8880179171332,9.5,181,198,19,0,179,194,28706,2,0,0,2,4
2020-08-28,US,West Virginia,Jefferson,347,4,0,39.30776166,-77.86014147,54037.0,607.2166030868302,1.1527377521613833,343,336,4,0,332,332,56811,11,0,0,11,4
2020-08-28,US,West Virginia,Kanawha,1338,28,0,38.33860077,-81.52857054,54039.0,751.1621117872943,2.0926756352765317,1310,1294,27,0,1267,1281,180454,44,1,0,43,13
2020-08-28,US,West Virginia,Lewis,32,2,0,38.9947249,-80.49988181,54041.0,201.16929653611615,6.25,30,32,2,0,30,32,16024,0,0,0,0,0
2020-08-28,US,West Virginia,Lincoln,112,1,0,38.172154,-82.07017953,54043.0,548.777500122495,0.8928571428571429,111,111,1,0,110,115,20599,1,0,0,1,-4
2020-08-28,US,West Virginia,Logan,471,26,0,37.8299889,-81.93528571,54045.0,1471.0015928042724,5.520169851380042,445,454,26,0,428,454,32607,17,0,0,17,0
2020-08-28,US,West Virginia,Marion,215,2,0,39.50984542,-80.24244659,54049.0,383.4355828220858,0.9302325581395348,213,212,2,0,210,212,56097,3,0,0,3,0
2020-08-28,US,West Virginia,Marshall,133,1,0,39.86064362,-80.66591062,54051.0,435.622809603354,0.7518796992481203,132,133,1,0,132,134,30785,0,0,0,0,-1
2020-08-28,US,West Virginia,Mason,102,1,0,38.77071799,-82.02524219,54053.0,384.67340473676285,0.9803921568627452,101,94,1,0,93,91,26718,8,0,0,8,3
2020-08-28,US,West Virginia,McDowell,71,0,0,37.38002939,-81.65083669,54047.0,402.8597367226509,0.0,71,71,0,0,71,72,18223,0,0,0,0,-1
2020-08-28,US,West Virginia,Mercer,290,22,0,37.40481169,-81.11023142,54055.0,493.5498144933457,7.586206896551723,268,287,22,0,265,284,59131,3,0,0,3,3
2020-08-28,US,West Virginia,Mineral,144,4,0,39.41561583,-78.94104895,54057.0,535.9535506922733,2.7777777777777777,140,140,4,0,136,131,26940,4,0,0,4,9
2020-08-28,US,West Virginia,Mingo,229,5,0,37.73048351,-82.13338365,54059.0,977.6297814207652,2.183406113537118,224,224,5,0,219,222,23785,5,0,0,5,2
2020-08-28,US,West Virginia,Monongalia,1083,5,0,39.63218457,-80.04766838,54061.0,1025.451653221225,0.4616805170821791,1078,1075,5,0,1070,1072,106420,8,0,0,8,3
2020-08-28,US,West Virginia,Monroe,95,1,0,37.56274716,-80.54577965,54063.0,715.6308851224104,1.0526315789473684,94,95,1,0,94,91,13280,0,0,0,0,4
2020-08-28,US,West Virginia,Morgan,37,0,0,39.55439028,-78.26311676,54065.0,206.8888391858645,0.0,37,37,0,0,37,37,17787,0,0,0,0,0
2020-08-28,US,West Virginia,Nicholas,47,1,0,38.29617706,-80.79759588,54067.0,191.86806009144348,2.127659574468085,46,47,1,0,46,47,24842,0,0,0,0,0
2020-08-28,US,West Virginia,Ohio,289,5,0,40.0955451,-80.62203992,54069.0,697.8822052111757,1.7301038062283738,284,288,5,0,283,289,41755,1,0,0,1,-1
2020-08-28,US,West Virginia,Pendleton,44,1,0,38.68314479,-79.35084086,54071.0,631.3674845745444,2.272727272727273,43,44,1,0,43,44,6997,0,0,0,0,0
2020-08-28,US,West Virginia,Pleasants,14,3,0,39.37091679,-81.16771771,54073.0,187.66756032171585,21.428571428571427,11,14,3,0,11,14,7507,0,0,0,0,0
2020-08-28,US,West Virginia,Pocahontas,42,0,0,38.32758728,-80.00993811,54075.0,509.2761004001455,0.0,42,42,0,0,42,42,8414,0,0,0,0,0
2020-08-28,US,West Virginia,Preston,138,4,0,39.46770987,-79.66712803,54077.0,412.7781765972722,2.898550724637681,134,136,4,0,132,136,33839,2,0,0,2,0
2020-08-28,US,West Virginia,Putnam,265,0,0,38.50782345,-81.9082131,54079.0,469.4419840566873,0.0,265,257,0,0,257,254,56682,8,0,0,8,3
2020-08-28,US,West Virginia,Raleigh,340,3,0,37.76936795,-81.2456041,54081.0,463.46151224765197,0.8823529411764706,337,332,3,0,329,331,74254,8,0,0,8,1
2020-08-28,US,West Virginia,Randolph,221,0,0,38.769899,-79.87919615,54083.0,770.1690189928559,0.0,221,221,0,0,221,220,28823,0,0,0,0,1
2020-08-28,US,West Virginia,Ritchie,5,0,0,39.18094587,-81.06356878,54085.0,52.33410090014655,0.0,5,3,0,0,3,3,9721,2,0,0,2,0
2020-08-28,US,West Virginia,Roane,26,1,0,38.71622686,-81.35243568,54087.0,189.94739918176504,3.8461538461538463,25,24,1,0,23,25,13932,2,0,0,2,-1
2020-08-28,US,West Virginia,Summers,19,0,0,37.65390597,-80.86009693,54089.0,151.1174739521196,0.0,19,18,0,0,18,18,12760,1,0,0,1,0
2020-08-28,US,West Virginia,Taylor,104,3,0,39.33602617,-80.0421439,54091.0,622.9410002994907,2.8846153846153846,101,103,3,0,100,103,16862,1,0,0,1,0
2020-08-28,US,West Virginia,Tucker,11,0,0,39.11240885,-79.57053576,54093.0,160.84222839596433,0.0,11,11,0,0,11,11,6955,0,0,0,0,0
2020-08-28,US,West Virginia,Tyler,15,0,0,39.46811972,-80.88772676,54095.0,174.60132697008495,0.0,15,15,0,0,15,15,8746,0,0,0,0,0
2020-08-28,US,West Virginia,Upshur,43,0,0,38.89285061,-80.23689136,54097.0,177.86234281932497,0.0,43,43,0,0,43,41,24415,0,0,0,0,2
2020-08-28,US,West Virginia,Wayne,242,9,0,38.14901357,-82.42287994,54099.0,614.1820212171971,3.71900826446281,233,238,9,0,229,232,39944,4,0,0,4,6
2020-08-28,US,West Virginia,Webster,7,0,0,38.49370949,-80.4202023,54101.0,86.27064333251171,0.0,7,7,0,0,7,7,8285,0,0,0,0,0
2020-08-28,US,West Virginia,Wetzel,45,0,0,39.6065771,-80.64016540000001,54103.0,298.70560902754727,0.0,45,45,0,0,45,45,15270,0,0,0,0,0
2020-08-28,US,West Virginia,Wirt,9,0,0,39.02775007,-81.37473928,54105.0,154.6126095172651,0.0,9,9,0,0,9,8,5830,0,0,0,0,1
2020-08-28,US,West Virginia,Wood,305,5,0,39.20967886,-81.5162836,54107.0,365.19073732608535,1.639344262295082,300,298,5,0,293,297,84203,7,0,0,7,1
2020-08-28,US,West Virginia,Wyoming,64,3,0,37.612327,-81.54511071,54109.0,313.8177895459449,4.6875,61,61,3,0,58,55,20786,3,0,0,3,6
2020-08-28,US,Wisconsin,Adams,106,3,0,43.96974651,-89.76782777,55001.0,524.2334322453016,2.830188679245283,103,102,3,0,99,102,20348,4,0,0,4,0
2020-08-28,US,Wisconsin,Ashland,34,1,0,46.31956891,-90.67837132,55003.0,218.48091504947948,2.9411764705882355,33,34,1,0,33,33,15600,0,0,0,0,1
2020-08-28,US,Wisconsin,Barron,367,3,0,45.42372701,-91.84833627,55005.0,811.1572805233842,0.8174386920980926,364,363,3,0,360,362,45164,4,0,0,4,1
2020-08-28,US,Wisconsin,Bayfield,43,1,0,46.52868768,-91.19716729,55007.0,285.9803139132748,2.3255813953488373,42,42,1,0,41,41,15042,1,0,0,1,1
2020-08-28,US,Wisconsin,Brown,5262,58,0,44.452655299999996,-88.00411844,55009.0,1989.0981394258758,1.1022424933485366,5204,5194,58,0,5136,5143,263378,68,0,0,68,51
2020-08-28,US,Wisconsin,Buffalo,58,2,0,44.37835084,-91.75332578,55011.0,445.0924717980201,3.4482758620689653,56,58,2,0,56,58,13125,0,0,0,0,0
2020-08-28,US,Wisconsin,Burnett,38,2,0,45.86303537,-92.36711412,55013.0,246.5291293629168,5.2631578947368425,36,39,1,0,38,37,15392,-1,1,0,-2,2
2020-08-28,US,Wisconsin,Calumet,484,2,0,44.0816316,-88.21780273,55015.0,966.2800215616203,0.4132231404958678,482,473,2,0,471,461,50159,11,0,0,11,12
2020-08-28,US,Wisconsin,Chippewa,331,0,0,45.06939744,-91.28068855,55017.0,511.9242785115531,0.0,331,323,0,0,323,312,64135,8,0,0,8,11
2020-08-28,US,Wisconsin,Clark,236,8,0,44.73483377,-90.61207486,55019.0,678.6679703226547,3.3898305084745757,228,236,8,0,228,234,34709,0,0,0,0,2
2020-08-28,US,Wisconsin,Columbia,344,2,0,43.46492199,-89.33589004,55021.0,597.9281095738023,0.5813953488372093,342,340,2,0,338,334,57358,4,0,0,4,6
2020-08-28,US,Wisconsin,Crawford,99,0,0,43.23870316,-90.93073686,55023.0,613.7251255346847,0.0,99,99,0,0,99,98,16291,0,0,0,0,1
2020-08-28,US,Wisconsin,Dane,5330,40,0,43.06601594,-89.41733797,55025.0,974.9494690823954,0.7504690431519699,5290,5294,39,0,5255,5209,542364,36,1,0,35,85
2020-08-28,US,Wisconsin,Dodge,1102,5,0,43.41576662,-88.70928178,55027.0,1254.5680164847051,0.4537205081669691,1097,1076,5,0,1071,1057,87847,26,0,0,26,19
2020-08-28,US,Wisconsin,Door,128,3,0,44.95856458,-87.30002707,55029.0,462.6283070695388,2.34375,125,128,3,0,125,128,27610,0,0,0,0,0
2020-08-28,US,Wisconsin,Douglas,244,0,0,46.43222285,-91.91595768,55031.0,565.4692931633837,0.0,244,244,0,0,244,243,43208,0,0,0,0,1
2020-08-28,US,Wisconsin,Dunn,169,0,0,44.94562799,-91.8962481,55033.0,372.5092576265208,0.0,169,163,0,0,163,159,45131,6,0,0,6,4
2020-08-28,US,Wisconsin,Eau Claire,780,6,0,44.726614,-91.28609183,55035.0,745.3701049251763,0.7692307692307693,774,768,6,0,762,748,104534,12,0,0,12,20
2020-08-28,US,Wisconsin,Florence,23,0,0,45.84963535,-88.39804137,55037.0,535.5064027939463,0.0,23,23,0,0,23,23,4321,0,0,0,0,0
2020-08-28,US,Wisconsin,Fond du Lac,1053,9,0,43.75354908,-88.48885325,55039.0,1018.345695966268,0.8547008547008547,1044,1022,9,0,1013,1010,103066,31,0,0,31,12
2020-08-28,US,Wisconsin,Forest,70,4,0,45.66678019,-88.77084892,55041.0,777.4322523322968,5.7142857142857135,66,67,4,0,63,66,8991,3,0,0,3,1
2020-08-28,US,Wisconsin,Grant,426,17,0,42.8671731,-90.7063218,55043.0,828.1653997939306,3.9906103286384975,409,425,17,0,408,426,51554,1,0,0,1,-1
2020-08-28,US,Wisconsin,Green,262,1,0,42.6794956,-89.60243287,55045.0,708.8744588744589,0.3816793893129771,261,261,1,0,260,256,36929,1,0,0,1,5
2020-08-28,US,Wisconsin,Green Lake,88,0,0,43.80025981,-89.04679553,55047.0,465.28842595040453,0.0,88,88,0,0,88,87,18918,0,0,0,0,1
2020-08-28,US,Wisconsin,Iowa,115,0,0,43.00050278,-90.13469017,55049.0,485.68291240814256,0.0,115,114,0,0,114,113,23771,1,0,0,1,1
2020-08-28,US,Wisconsin,Iron,119,1,0,46.26302338,-90.24295041,55051.0,2092.491647617373,0.8403361344537815,118,118,1,0,117,115,5676,1,0,0,1,3
2020-08-28,US,Wisconsin,Jackson,75,1,0,44.31864893,-90.80566792,55053.0,363.31928498764717,1.3333333333333333,74,74,1,0,73,72,20478,1,0,0,1,2
2020-08-28,US,Wisconsin,Jefferson,870,6,0,43.02054068,-88.77529134,55055.0,1026.3185834444196,0.6896551724137931,864,848,6,0,842,844,85129,22,0,0,22,4
2020-08-28,US,Wisconsin,Juneau,189,1,0,43.92456975,-90.11120239,55057.0,708.2099898827147,0.5291005291005291,188,188,1,0,187,182,26617,1,0,0,1,6
2020-08-28,US,Wisconsin,Kenosha,2929,62,0,42.57639354,-88.04051686,55059.0,1727.401937945636,2.116763400477979,2867,2920,62,0,2858,2912,169290,9,0,0,9,8
2020-08-28,US,Wisconsin,Kewaunee,165,2,0,44.51727459,-87.61468386,55061.0,807.4777331897818,1.2121212121212122,163,163,2,0,161,154,20383,2,0,0,2,9
2020-08-28,US,Wisconsin,La Crosse,1133,1,0,43.90632465,-91.11451093,55063.0,960.03931670282,0.08826125330979699,1132,1109,1,0,1108,1077,118230,24,0,0,24,32
2020-08-28,US,Wisconsin,Lafayette,185,0,0,42.66005229,-90.1317729,55065.0,1110.1110111011099,0.0,185,185,0,0,185,184,16665,0,0,0,0,1
2020-08-28,US,Wisconsin,Langlade,80,2,0,45.26271619,-89.07483625,55067.0,416.90551878680486,2.5,78,79,2,0,77,77,19268,1,0,0,1,2
2020-08-28,US,Wisconsin,Lincoln,81,1,0,45.33737523,-89.73411273,55069.0,293.5527126445113,1.2345679012345678,80,78,1,0,77,76,27689,3,0,0,3,2
2020-08-28,US,Wisconsin,Manitowoc,505,1,0,44.11946801,-87.80928853,55071.0,639.3942847013839,0.19801980198019806,504,488,1,0,487,478,79074,17,0,0,17,10
2020-08-28,US,Wisconsin,Marathon,764,13,0,44.89792533,-89.75863384,55073.0,563.0398254871326,1.7015706806282722,751,753,13,0,740,748,135428,11,0,0,11,5
2020-08-28,US,Wisconsin,Marinette,594,6,0,45.38553432,-88.03324599999998,55075.0,1472.1189591078064,1.0101010101010102,588,582,6,0,576,574,40434,12,0,0,12,8
2020-08-28,US,Wisconsin,Marquette,89,1,0,43.81911946,-89.40073763,55077.0,571.4652626171825,1.1235955056179776,88,86,1,0,85,85,15434,3,0,0,3,1
2020-08-28,US,Wisconsin,Menominee,28,0,0,45.00422544,-88.70950714,55078.0,614.5741878841087,0.0,28,28,0,0,28,28,4658,0,0,0,0,0
2020-08-28,US,Wisconsin,Milwaukee,23841,485,0,43.00486062,-87.96733172,55079.0,2520.9204357287413,2.034310641332159,23356,23676,485,0,23191,23514,948201,165,0,0,165,162
2020-08-28,US,Wisconsin,Monroe,276,2,0,43.94641218,-90.61881899999999,55081.0,596.7180507210343,0.7246376811594203,274,274,2,0,272,271,46051,2,0,0,2,3
2020-08-28,US,Wisconsin,Oconto,412,2,0,45.02715345,-88.26807503,55083.0,1086.2114421302401,0.4854368932038835,410,405,2,0,403,391,37830,7,0,0,7,14
2020-08-28,US,Wisconsin,Oneida,205,0,0,45.70677897,-89.51944105,55085.0,575.9235847731424,0.0,205,203,0,0,203,199,35470,2,0,0,2,4
2020-08-28,US,Wisconsin,Outagamie,1741,19,0,44.41578887,-88.46565023,55087.0,926.630651728451,1.0913268236645606,1722,1692,19,0,1673,1646,187365,49,0,0,49,46
2020-08-28,US,Wisconsin,Ozaukee,893,18,0,43.38352225,-87.94625009,55089.0,1000.8854417681937,2.0156774916013442,875,885,18,0,867,870,89147,8,0,0,8,15
2020-08-28,US,Wisconsin,Pepin,46,0,0,44.58307413,-91.99949611,55091.0,631.2611499931385,0.0,46,47,0,0,47,47,7289,-1,0,0,-1,0
2020-08-28,US,Wisconsin,Pierce,285,5,0,44.71850291,-92.4224416,55093.0,666.6042943350329,1.7543859649122806,280,281,5,0,276,276,42555,4,0,0,4,5
2020-08-28,US,Wisconsin,Polk,170,2,0,45.46130348,-92.44182875,55095.0,388.2785556037732,1.1764705882352942,168,167,2,0,165,164,43598,3,0,0,3,3
2020-08-28,US,Wisconsin,Portage,569,1,0,44.47558711,-89.50152965,55097.0,803.9902786412706,0.1757469244288225,568,550,1,0,549,534,70942,19,0,0,19,16
2020-08-28,US,Wisconsin,Price,36,0,0,45.68051754,-90.36098879999999,55099.0,269.64272339150625,0.0,36,37,0,0,37,35,13397,-1,0,0,-1,2
2020-08-28,US,Wisconsin,Racine,3960,89,0,42.74753117,-88.05941254,55101.0,2017.2073903143482,2.2474747474747474,3871,3931,89,0,3842,3897,196584,29,0,0,29,34
2020-08-28,US,Wisconsin,Richland,46,4,0,43.3762778,-90.43012729,55103.0,266.6357523765361,8.695652173913043,42,44,4,0,40,44,17377,2,0,0,2,0
2020-08-28,US,Wisconsin,Rock,1641,26,0,42.67151616,-89.07147900000002,55105.0,1004.5667691026848,1.5843997562461911,1615,1613,26,0,1587,1597,163129,28,0,0,28,16
2020-08-28,US,Wisconsin,Rusk,24,1,0,45.47498854,-91.1333012,55107.0,169.27634363097758,4.166666666666667,23,24,1,0,23,24,14147,0,0,0,0,0
2020-08-28,US,Wisconsin,Sauk,627,3,0,43.42574087,-89.94966132,55111.0,972.9679401632477,0.4784688995215311,624,628,3,0,625,604,64249,-1,0,0,-1,24
2020-08-28,US,Wisconsin,Sawyer,157,0,0,45.87931905,-91.14504927,55113.0,948.1821476023674,0.0,157,151,0,0,151,150,16489,6,0,0,6,1
2020-08-28,US,Wisconsin,Shawano,258,0,0,44.78902246,-88.76443896,55115.0,630.8222694931418,0.0,258,245,0,0,245,239,40796,13,0,0,13,6
2020-08-28,US,Wisconsin,Sheboygan,1014,8,0,43.72099677,-87.94579284,55117.0,879.1399341078551,0.7889546351084813,1006,1000,8,0,992,980,115456,14,0,0,14,20
2020-08-28,US,Wisconsin,St. Croix,618,7,0,45.03437474,-92.45000068,55109.0,681.4648185517217,1.132686084142395,611,611,7,0,604,605,89694,7,0,0,7,6
2020-08-28,US,Wisconsin,Taylor,93,3,0,45.21179252,-90.5004405,55119.0,457.159710957086,3.2258064516129035,90,90,3,0,87,87,20412,3,0,0,3,3
2020-08-28,US,Wisconsin,Trempealeau,411,2,0,44.30360275,-91.35893614,55121.0,1386.218759485986,0.4866180048661801,409,411,2,0,409,407,29442,0,0,0,0,4
2020-08-28,US,Wisconsin,Vernon,94,0,0,43.59422667,-90.8324691,55123.0,304.97696450587244,0.0,94,93,0,0,93,89,30785,1,0,0,1,4
2020-08-28,US,Wisconsin,Vilas,98,0,0,46.05467334,-89.51719204,55125.0,441.5408875872944,0.0,98,97,0,0,97,95,21938,1,0,0,1,2
2020-08-28,US,Wisconsin,Walworth,1673,27,0,42.66858202,-88.54163073,55127.0,1610.6981938614394,1.6138673042438734,1646,1652,27,0,1625,1636,103718,21,0,0,21,16
2020-08-28,US,Wisconsin,Washburn,60,0,0,45.89838588,-91.79050449,55129.0,381.6793893129772,0.0,60,59,0,0,59,58,15878,1,0,0,1,1
2020-08-28,US,Wisconsin,Washington,1565,29,0,43.36863664,-88.22974712,55131.0,1150.4476821970975,1.853035143769968,1536,1543,29,0,1514,1521,135693,22,0,0,22,22
2020-08-28,US,Wisconsin,Waukesha,5475,73,0,43.01833055,-88.30431188,55133.0,1354.5341639493515,1.3333333333333333,5402,5416,73,0,5343,5353,403072,59,0,0,59,63
2020-08-28,US,Wisconsin,Waupaca,647,17,0,44.47068056,-88.96534501,55135.0,1268.8762502451461,2.627511591962905,630,632,17,0,615,615,51128,15,0,0,15,17
2020-08-28,US,Wisconsin,Waushara,147,2,0,44.11324419,-89.24317107,55137.0,601.3991735875302,1.3605442176870748,145,142,2,0,140,139,24263,5,0,0,5,3
2020-08-28,US,Wisconsin,Winnebago,1461,21,0,44.06886922,-88.64477096,55139.0,849.8781317805557,1.4373716632443532,1440,1433,21,0,1412,1402,171020,28,0,0,28,31
2020-08-28,US,Wisconsin,Wood,440,2,0,44.45537896,-90.04158336,55141.0,602.7479828490801,0.4545454545454545,438,431,2,0,429,425,73055,9,0,0,9,6
2020-08-28,US,Wyoming,Albany,133,0,0,41.65498705,-105.72354150000001,56001.0,342.0781893004115,0.0,133,128,0,0,128,128,38601,5,0,0,5,0
2020-08-28,US,Wyoming,Big Horn,40,0,0,44.52405055,-107.9960365,56003.0,339.2705682782019,0.0,40,39,0,0,39,39,11881,1,0,0,1,0
2020-08-28,US,Wyoming,Campbell,184,0,0,44.24886082,-105.54744040000001,56005.0,397.0566021449688,0.0,184,172,0,0,172,172,46140,12,0,0,12,0
2020-08-28,US,Wyoming,Carbon,185,0,0,41.69357844,-106.9326084,56007.0,1250.0,0.0,185,185,0,0,185,185,14971,0,0,0,0,0
2020-08-28,US,Wyoming,Converse,40,0,0,42.97272268,-105.5081848,56009.0,289.3937201562726,0.0,40,40,0,0,40,40,13640,0,0,0,0,0
2020-08-28,US,Wyoming,Crook,14,0,0,44.58855102,-104.56977049999999,56011.0,184.59915611814347,0.0,14,14,0,0,14,14,7450,0,0,0,0,0
2020-08-28,US,Wyoming,Fremont,601,0,0,43.04183996,-108.6296893,56013.0,1530.7811823438017,0.0,601,585,0,0,585,585,39531,16,0,0,16,0
2020-08-28,US,Wyoming,Goshen,57,0,0,42.08798185,-104.3534743,56015.0,431.45863295738405,0.0,57,51,0,0,51,51,13376,6,0,0,6,0
2020-08-28,US,Wyoming,Hot Springs,29,0,0,43.71930657,-108.44231740000001,56017.0,657.1493315205076,0.0,29,29,0,0,29,29,4555,0,0,0,0,0
2020-08-28,US,Wyoming,Johnson,27,1,0,44.04057166,-106.58451740000001,56019.0,319.7158081705151,3.703703703703704,26,27,1,0,26,27,8460,0,0,0,0,0
2020-08-28,US,Wyoming,Laramie,563,0,0,41.30702520000001,-104.6887497,56021.0,565.8291457286433,0.0,563,560,0,0,560,560,98976,3,0,0,3,0
2020-08-28,US,Wyoming,Lincoln,109,0,0,42.26376367,-110.6563997,56023.0,549.6722138174483,0.0,109,108,0,0,108,108,19434,1,0,0,1,0
2020-08-28,US,Wyoming,Natrona,278,0,0,42.96180148,-106.79788500000001,56025.0,348.117909288988,0.0,278,278,0,0,278,278,79115,0,0,0,0,0
2020-08-28,US,Wyoming,Niobrara,3,0,0,43.05607708,-104.47588959999999,56027.0,127.33446519524618,0.0,3,2,0,0,2,2,2388,1,0,0,1,0
2020-08-28,US,Wyoming,Park,160,0,0,44.52157546,-109.58528249999999,56029.0,548.0578201000205,0.0,160,160,0,0,160,160,29324,0,0,0,0,0
2020-08-28,US,Wyoming,Platte,7,0,0,42.13299116,-104.96633100000001,56031.0,83.40283569641367,0.0,7,7,0,0,7,7,8566,0,0,0,0,0
2020-08-28,US,Wyoming,Sheridan,141,0,0,44.79048913,-106.8862389,56033.0,462.5225520747909,0.0,141,127,0,0,127,127,30233,14,0,0,14,0
2020-08-28,US,Wyoming,Sublette,48,0,0,42.76558279,-109.91309220000001,56035.0,488.2514494964907,0.0,48,48,0,0,48,48,9813,0,0,0,0,0
2020-08-28,US,Wyoming,Sweetwater,296,0,0,41.65943896,-108.8827882,56037.0,699.0529721559642,0.0,296,295,0,0,295,295,43051,1,0,0,1,0
2020-08-28,US,Wyoming,Teton,424,0,0,43.93522482,-110.5890801,56039.0,1807.0235254006132,0.0,424,417,0,0,417,417,23081,7,0,0,7,0
2020-08-28,US,Wyoming,Uinta,292,0,0,41.2878183,-110.54757820000002,56041.0,1443.6863443093048,0.0,292,289,0,0,289,289,20299,3,0,0,3,0
2020-08-28,US,Wyoming,Unassigned,53,36,0,0.0,0.0,90056.0,0.0,67.9245283018868,17,53,36,0,17,0,,0,0,0,0,53
2020-08-28,US,Wyoming,Washakie,108,0,0,43.90451606,-107.68018700000002,56043.0,1383.7283792440744,0.0,108,108,0,0,108,108,7885,0,0,0,0,0
2020-08-28,US,Wyoming,Weston,11,0,0,43.83961191,-104.56748809999999,56045.0,158.79890284394398,0.0,11,11,0,0,11,11,6967,0,0,0,0,0
