Date,Country/Region,Province/State,Admin2,Confirmed,Deaths,Recovered,Latitude,Longitude,FIPS,Incidence_Rate,Case-Fatality_Ratio,Active Cases,Previous Confirmed,Previous Deaths,Previous Recovered,Previous Active,Prev2 Confirmed,Population,Daily Confirmed,Daily Deaths,Daily Recovered,Daily Active,Previous Daily Confirmed
2020-09-27,US,Alabama,Autauga,1773,25,0,32.53952745,-86.64408227,1001.0,3173.49514,1.4100394809999999,1748,1764,25,0,1739,1757,55601,9,0,0,9,7
2020-09-27,US,Alabama,Baldwin,5526,50,0,30.72774991,-87.72207058,1003.0,2475.42937,0.904813608,5476,5477,50,0,5427,5456,218022,49,0,0,49,21
2020-09-27,US,Alabama,Barbour,885,7,0,31.868263,-85.3871286,1005.0,3585.0279509999996,0.790960452,878,882,7,0,875,873,24881,3,0,0,3,9
2020-09-27,US,Alabama,Bibb,656,10,0,32.99642064,-87.12511459999999,1007.0,2929.3560780000003,1.5243902440000001,646,654,10,0,644,652,22400,2,0,0,2,2
2020-09-27,US,Alabama,Blount,1617,15,0,33.98210918,-86.56790593,1009.0,2796.319994,0.927643785,1602,1611,15,0,1596,1608,57840,6,0,0,6,3
2020-09-27,US,Alabama,Bullock,606,14,0,32.10030533,-85.71265535,1011.0,5999.4059990000005,2.310231023,592,604,14,0,590,599,10138,2,0,0,2,5
2020-09-27,US,Alabama,Butler,913,39,0,31.75300095,-86.68057478,1013.0,4694.570136,4.271631982,874,912,39,0,873,916,19680,1,0,0,1,-4
2020-09-27,US,Alabama,Calhoun,3534,44,0,33.77483727,-85.82630386,1015.0,3110.778575,1.245048104,3490,3515,44,0,3471,3499,114277,19,0,0,19,16
2020-09-27,US,Alabama,Chambers,1168,42,0,32.91360079,-85.39072749,1017.0,3512.359415,3.595890411,1126,1164,42,0,1122,1161,33615,4,0,0,4,3
2020-09-27,US,Alabama,Cherokee,612,13,0,34.17805983,-85.60638968,1019.0,2336.23454,2.124183007,599,608,13,0,595,603,26032,4,0,0,4,5
2020-09-27,US,Alabama,Chilton,1588,30,0,32.85044126,-86.7173256,1021.0,3574.3224990000003,1.8891687659999998,1558,1585,30,0,1555,1564,44153,3,0,0,3,21
2020-09-27,US,Alabama,Choctaw,351,12,0,32.02227341,-88.26564429999999,1023.0,2788.148384,3.4188034189999996,339,347,12,0,335,349,12841,4,0,0,4,-2
2020-09-27,US,Alabama,Clarke,1100,16,0,31.68099859,-87.83548597,1025.0,4656.67598,1.454545455,1084,1091,16,0,1075,1089,23920,9,0,0,9,2
2020-09-27,US,Alabama,Clay,587,8,0,33.26984193,-85.85836077,1027.0,4435.2096710000005,1.36286201,579,585,8,0,577,579,13275,2,0,0,2,6
2020-09-27,US,Alabama,Cleburne,382,5,0,33.67679204,-85.52005899,1029.0,2562.0389,1.308900524,377,380,5,0,375,364,14987,2,0,0,2,16
2020-09-27,US,Alabama,Coffee,1359,6,0,31.39932826,-85.98901039,1031.0,2596.385312,0.441501104,1353,1348,6,0,1342,1320,51909,11,0,0,11,28
2020-09-27,US,Alabama,Colbert,1666,26,0,34.69847452,-87.80168544,1033.0,3015.875889,1.56062425,1640,1646,26,0,1620,1641,54762,20,0,0,20,5
2020-09-27,US,Alabama,Conecuh,536,11,0,31.43401703,-86.99320044,1035.0,4441.866247,2.052238806,525,535,11,0,524,535,12277,1,0,0,1,0
2020-09-27,US,Alabama,Coosa,172,3,0,32.93690146,-86.24847739,1037.0,1613.0544869999999,1.744186047,169,171,3,0,168,168,10715,1,0,0,1,3
2020-09-27,US,Alabama,Covington,1403,27,0,31.247785399999998,-86.45050893,1039.0,3786.876839,1.9244476119999998,1376,1401,27,0,1374,1385,36986,2,0,0,2,16
2020-09-27,US,Alabama,Crenshaw,540,32,0,31.72941803,-86.31593104,1041.0,3920.999129,5.925925926000001,508,537,32,0,505,536,13824,3,0,0,3,1
2020-09-27,US,Alabama,Cullman,1907,20,0,34.13020303,-86.86888037,1043.0,2276.525642,1.048767698,1887,1899,20,0,1879,1890,83442,8,0,0,8,9
2020-09-27,US,Alabama,Dale,1392,44,0,31.43037123,-85.61095742,1045.0,2830.879362,3.16091954,1348,1386,44,0,1342,1358,48956,6,0,0,6,28
2020-09-27,US,Alabama,Dallas,1791,26,0,32.32688101,-87.10866709999999,1047.0,4815.033875,1.4517029590000001,1765,1790,26,0,1764,1783,38310,1,0,0,1,7
2020-09-27,US,Alabama,DeKalb,2432,21,0,34.45946862,-85.80782906,1049.0,3400.780278,0.863486842,2411,2416,21,0,2395,2406,71385,16,0,0,16,10
2020-09-27,US,Alabama,Elmore,2673,48,0,32.59785413,-86.14415284,1051.0,3291.507099,1.795735129,2625,2667,48,0,2619,2659,81887,6,0,0,6,8
2020-09-27,US,Alabama,Escambia,1611,24,0,31.1256789,-87.15918694,1053.0,4397.674228,1.4897579140000001,1587,1608,24,0,1584,1603,36748,3,0,0,3,5
2020-09-27,US,Alabama,Etowah,3521,45,0,34.04567266,-86.04051873,1055.0,3442.9146950000004,1.27804601,3476,3490,45,0,3445,3439,102501,31,0,0,31,51
2020-09-27,US,Alabama,Fayette,462,8,0,33.72076938,-87.73886638,1057.0,2834.008097,1.731601732,454,457,8,0,449,450,16433,5,0,0,5,7
2020-09-27,US,Alabama,Franklin,1781,29,0,34.44235334,-87.84289505,1059.0,5678.847012,1.628298709,1752,1771,29,0,1742,1767,31363,10,0,0,10,4
2020-09-27,US,Alabama,Geneva,634,4,0,31.09389027,-85.83572839,1061.0,2413.307449,0.630914826,630,625,4,0,621,607,26314,9,0,0,9,18
2020-09-27,US,Alabama,Greene,303,15,0,32.85504247,-87.95684022,1063.0,3735.6676119999997,4.95049505,288,303,15,0,288,303,8233,0,0,0,0,0
2020-09-27,US,Alabama,Hale,644,28,0,32.76039258,-87.63284988,1065.0,4395.604396,4.347826087,616,635,28,0,607,634,14726,9,0,0,9,1
2020-09-27,US,Alabama,Henry,507,5,0,31.51148016,-85.24267944,1067.0,2946.817786,0.9861932940000001,502,505,5,0,500,493,17209,2,0,0,2,12
2020-09-27,US,Alabama,Houston,2920,21,0,31.15197924,-85.29939599,1069.0,2757.78697,0.719178082,2899,2903,21,0,2882,2802,104722,17,0,0,17,101
2020-09-27,US,Alabama,Jackson,1581,11,0,34.78144169,-85.99750489,1071.0,3062.410413,0.6957621759999999,1570,1575,11,0,1564,1560,51736,6,0,0,6,15
2020-09-27,US,Alabama,Jefferson,19752,350,0,33.55554728,-86.89506300000001,1073.0,2999.211932,1.771972458,19402,19676,351,0,19325,19572,659300,76,-1,0,77,104
2020-09-27,US,Alabama,Lamar,370,2,0,33.77995024,-88.09668032,1075.0,2680.188338,0.540540541,368,367,2,0,365,366,13844,3,0,0,3,1
2020-09-27,US,Alabama,Lauderdale,1723,33,0,34.90171875,-87.65624729,1077.0,1858.102643,1.915264074,1690,1713,33,0,1680,1698,92387,10,0,0,10,15
2020-09-27,US,Alabama,Lawrence,621,23,0,34.52041498,-87.31069453,1079.0,1886.1620699999999,3.7037037039999996,598,620,23,0,597,616,32957,1,0,0,1,4
2020-09-27,US,Alabama,Lee,5927,60,0,32.60154883,-85.35132246,1081.0,3602.1198240000003,1.012316518,5867,5897,60,0,5837,5887,163941,30,0,0,30,10
2020-09-27,US,Alabama,Limestone,2119,20,0,34.81185586,-86.98310072,1083.0,2142.24334,0.943841435,2099,2101,20,0,2081,2088,96174,18,0,0,18,13
2020-09-27,US,Alabama,Lowndes,654,27,0,32.1597283,-86.65158371,1085.0,6724.244294,4.128440367,627,653,27,0,626,653,9974,1,0,0,1,0
2020-09-27,US,Alabama,Macon,483,18,0,32.38759944,-85.69267724,1087.0,2673.234448,3.726708075,465,480,18,0,462,481,18439,3,0,0,3,-1
2020-09-27,US,Alabama,Madison,7927,78,0,34.76327133,-86.55069633,1089.0,2125.71968,0.9839788070000001,7849,7881,78,0,7803,7820,366519,46,0,0,46,61
2020-09-27,US,Alabama,Marengo,724,20,0,32.24767634,-87.78796182,1091.0,3838.201771,2.7624309389999997,704,720,20,0,700,716,19066,4,0,0,4,4
2020-09-27,US,Alabama,Marion,968,29,0,34.13697363,-87.88704173,1093.0,3258.2719039999997,2.9958677689999997,939,964,29,0,935,957,29763,4,0,0,4,7
2020-09-27,US,Alabama,Marshall,3961,43,0,34.36975964,-86.30486727,1095.0,4093.041519,1.0855844479999999,3918,3943,43,0,3900,3933,96109,18,0,0,18,10
2020-09-27,US,Alabama,Mobile,13449,292,0,30.78472347,-88.20842409,1097.0,3254.761501,2.171165142,13157,13373,292,0,13081,13320,413757,76,0,0,76,53
2020-09-27,US,Alabama,Monroe,590,8,0,31.56729412,-87.36995001,1099.0,2845.704915,1.355932203,582,589,8,0,581,584,21067,1,0,0,1,5
2020-09-27,US,Alabama,Montgomery,8852,184,0,32.2206831,-86.20969272,1101.0,3908.40935,2.078626299,8668,8834,184,0,8650,8811,225763,18,0,0,18,23
2020-09-27,US,Alabama,Morgan,3314,28,0,34.45500589,-86.85475946,1103.0,2769.073939,0.844900422,3286,3292,28,0,3264,3273,119089,22,0,0,22,19
2020-09-27,US,Alabama,Perry,541,6,0,32.64048341,-87.29770589,1105.0,6062.983302000001,1.109057301,535,541,6,0,535,541,9140,0,0,0,0,0
2020-09-27,US,Alabama,Pickens,666,14,0,33.28094866,-88.08818103,1107.0,3341.695936,2.102102102,652,662,14,0,648,656,19938,4,0,0,4,6
2020-09-27,US,Alabama,Pike,1205,10,0,31.80396383,-85.9408295,1109.0,3638.944253,0.829875519,1195,1198,10,0,1188,1194,33338,7,0,0,7,4
2020-09-27,US,Alabama,Randolph,654,13,0,33.29526734,-85.45708831,1111.0,2878.267758,1.987767584,641,647,13,0,634,642,22725,7,0,0,7,5
2020-09-27,US,Alabama,Russell,1763,3,0,32.28725256,-85.18415324,1113.0,3041.700454,0.170164492,1760,1760,3,0,1757,1757,57781,3,0,0,3,3
2020-09-27,US,Alabama,Shelby,6013,49,0,33.26879845,-86.66232561,1117.0,2762.032503,0.814901048,5964,5978,49,0,5929,5923,215707,35,0,0,35,55
2020-09-27,US,Alabama,St. Clair,2330,36,0,33.71902176,-86.31029372,1115.0,2603.0029489999997,1.5450643780000002,2294,2322,35,0,2287,2308,88690,8,1,0,7,14
2020-09-27,US,Alabama,Sumter,438,19,0,32.59117397,-88.19916205,1119.0,3524.583568,4.337899543,419,438,19,0,419,435,12691,0,0,0,0,3
2020-09-27,US,Alabama,Talladega,2171,29,0,33.37823223,-86.16886178,1121.0,2714.496487,1.335789959,2142,2166,29,0,2137,2146,79828,5,0,0,5,20
2020-09-27,US,Alabama,Tallapoosa,1164,85,0,32.86698258,-85.79833053,1123.0,2883.543488,7.302405498,1079,1160,85,0,1075,1156,40497,4,0,0,4,4
2020-09-27,US,Alabama,Tuscaloosa,8654,118,0,33.28726072,-87.52556818,1125.0,4133.648587,1.363531315,8536,8621,118,0,8503,8586,208911,33,0,0,33,35
2020-09-27,US,Alabama,Walker,2319,84,0,33.80270512,-87.30027177,1127.0,3650.761166,3.62225097,2235,2316,84,0,2232,2306,63711,3,0,0,3,10
2020-09-27,US,Alabama,Washington,559,13,0,31.4092794,-88.20689944,1129.0,3423.9862799999996,2.325581395,546,557,13,0,544,556,16378,2,0,0,2,1
2020-09-27,US,Alabama,Wilcox,532,11,0,31.98773215,-87.30891118,1131.0,5128.699508,2.067669173,521,531,11,0,520,531,10627,1,0,0,1,0
2020-09-27,US,Alabama,Winston,745,12,0,34.15030532,-87.37325922,1133.0,3152.9053280000003,1.610738255,733,744,12,0,732,738,23660,1,0,0,1,6
2020-09-27,US,Alaska,Aleutians East,3,0,0,55.32222414,-161.9722021,2013.0,89.90110878,0.0,3,2,0,0,2,2,3515,1,0,0,1,0
2020-09-27,US,Alaska,Aleutians West,8,0,0,52.3233,-174.1596,2016.0,141.9950302,0.0,8,8,0,0,8,8,5723,0,0,0,0,0
2020-09-27,US,Alaska,Anchorage,4194,35,0,61.14998174,-149.14269860000002,2020.0,1456.25,0.834525513,4159,4131,31,0,4100,4065,291538,63,4,0,59,66
2020-09-27,US,Alaska,Bethel,109,1,0,60.90980451,-159.8561831,2050.0,592.8423801,0.917431193,108,107,1,0,106,105,18216,2,0,0,2,2
2020-09-27,US,Alaska,Bristol Bay,10,0,0,58.74513976,-156.701064,2060.0,1196.172249,0.0,10,10,0,0,10,10,877,0,0,0,0,0
2020-09-27,US,Alaska,Denali,6,0,0,63.67264044,-150.0076108,2068.0,286.1230329,0.0,6,6,0,0,6,3,2059,0,0,0,0,3
2020-09-27,US,Alaska,Dillingham,9,0,0,59.79603738,-158.23819419999998,2070.0,183.0756713,0.0,9,8,0,0,8,8,5000,1,0,0,1,0
2020-09-27,US,Alaska,Fairbanks North Star,1094,11,0,64.80726247,-146.5692662,2090.0,1129.593491,1.005484461,1083,1065,11,0,1054,1044,98971,29,0,0,29,21
2020-09-27,US,Alaska,Haines,5,0,0,59.09893571,-135.4679843,2100.0,197.6284585,0.0,5,5,0,0,5,5,2474,0,0,0,0,0
2020-09-27,US,Alaska,Juneau,288,1,0,58.45031811,-134.200436,2110.0,900.7318446,0.347222222,287,287,1,0,286,284,32113,1,0,0,1,3
2020-09-27,US,Alaska,Kenai Peninsula,449,3,0,60.24429722,-151.53888840000002,2122.0,764.8020713,0.6681514479999999,446,447,3,0,444,443,58533,2,0,0,2,4
2020-09-27,US,Alaska,Ketchikan Gateway,49,0,0,55.57445008,-130.975561,2130.0,352.4926264,0.0,49,49,0,0,49,49,13918,0,0,0,0,0
2020-09-27,US,Alaska,Kodiak Island,22,0,0,57.65529415,-153.7493579,2150.0,169.2568087,0.0,22,22,0,0,22,21,13345,0,0,0,0,1
2020-09-27,US,Alaska,Kusilvak,13,0,0,62.15429159999999,-163.39678830000003,2158.0,156.3627616,0.0,13,12,0,0,12,12,8303,1,0,0,1,0
2020-09-27,US,Alaska,Matanuska-Susitna,600,2,0,62.31305045,-149.5741743,2170.0,553.9296694,0.333333333,598,595,2,0,593,593,107610,5,0,0,5,2
2020-09-27,US,Alaska,Nome,69,0,0,64.90320724,-164.0353804,2180.0,689.7241104,0.0,69,66,0,0,66,64,10008,3,0,0,3,2
2020-09-27,US,Alaska,North Slope,121,0,0,69.31479216,-153.4836093,2185.0,1230.675346,0.0,121,120,0,0,120,115,9872,1,0,0,1,5
2020-09-27,US,Alaska,Northwest Arctic,107,0,0,67.04919196,-159.7503946,2188.0,1404.015221,0.0,107,106,0,0,106,105,7671,1,0,0,1,1
2020-09-27,US,Alaska,Petersburg,7,1,0,57.13978948,-132.9540995,2195.0,214.32945499999997,14.28571429,6,7,1,0,6,7,3221,0,0,0,0,0
2020-09-27,US,Alaska,Prince of Wales-Hyder,31,0,0,55.76261984,-133.0511621,2198.0,499.75818150000003,0.0,31,31,0,0,31,31,6422,0,0,0,0,0
2020-09-27,US,Alaska,Sitka,46,0,0,57.24124555,-135.3206587,2220.0,541.6225127,0.0,46,45,0,0,45,45,8647,1,0,0,1,0
2020-09-27,US,Alaska,Southeast Fairbanks,27,0,0,63.87692095,-143.2127643,2240.0,391.7017264,0.0,27,26,0,0,26,25,6918,1,0,0,1,1
2020-09-27,US,Alaska,Unassigned,20,0,0,0.0,0.0,90002.0,0.0,0.0,20,19,0,0,19,18,,1,0,0,1,1
2020-09-27,US,Alaska,Valdez-Cordova,76,0,0,61.47502768,-144.7126799,2261.0,825.9074114,0.0,76,76,0,0,76,76,9164,0,0,0,0,0
2020-09-27,US,Alaska,Wrangell,13,0,0,56.3202004,-132.05837309999998,2275.0,519.5843325000001,0.0,13,13,0,0,13,13,2503,0,0,0,0,0
2020-09-27,US,Alaska,Yakutat,24,0,0,59.890980799999994,-140.36014509999998,2282.0,4145.07772,0.0,24,24,0,0,24,23,604,0,0,0,0,1
2020-09-27,US,Alaska,Yukon-Koyukuk,81,2,0,65.50815459,-151.39073869999999,2290.0,1548.7571699999999,2.469135802,79,80,2,0,78,80,5327,1,0,0,1,0
2020-09-27,US,Arizona,Apache,3527,165,0,35.39465006,-109.4892383,4001.0,4906.311294,4.678196768,3362,3525,165,0,3360,3507,71818,2,0,0,2,18
2020-09-27,US,Arizona,Cochise,1905,71,0,31.87934684,-109.7516088,4003.0,1512.841283,3.7270341210000004,1834,1901,71,0,1830,1893,126770,4,0,0,4,8
2020-09-27,US,Arizona,Coconino,4080,144,0,35.83883429,-111.77071780000001,4005.0,2843.681173,3.529411765,3936,4040,144,0,3896,3985,142854,40,0,0,40,55
2020-09-27,US,Arizona,Gila,1304,56,0,33.80190085,-110.8132779,4007.0,2414.0101449999997,4.294478528,1248,1304,56,0,1248,1287,53889,0,0,0,0,17
2020-09-27,US,Arizona,Graham,821,25,0,32.93166885,-109.8882178,4009.0,2113.963488,3.045066991,796,818,25,0,793,815,38072,3,0,0,3,3
2020-09-27,US,Arizona,Greenlee,59,1,0,33.21498827,-109.2405279,4011.0,621.183407,1.694915254,58,59,1,0,58,59,9483,0,0,0,0,0
2020-09-27,US,Arizona,La Paz,544,15,0,33.72854224,-113.98100290000001,4012.0,2577.2219059999998,2.757352941,529,544,15,0,529,545,21098,0,0,0,0,-1
2020-09-27,US,Arizona,Maricopa,141211,3363,0,33.34835867,-112.49181540000001,4013.0,3148.226674,2.381542514,137848,140963,3363,0,137600,140753,4410824,248,0,0,248,210
2020-09-27,US,Arizona,Mohave,3977,227,0,35.70471703,-113.7577902,4015.0,1874.343132,5.707819965,3750,3978,227,0,3751,3957,209550,-1,0,0,-1,21
2020-09-27,US,Arizona,Navajo,5787,235,0,35.3997715,-110.3218983,4017.0,5217.085572,4.060825989,5552,5785,235,0,5550,5781,110445,2,0,0,2,4
2020-09-27,US,Arizona,Pima,25412,622,0,32.0971334,-111.7890033,4019.0,2426.478522,2.447662522,24790,25329,622,0,24707,25265,1039073,83,0,0,83,64
2020-09-27,US,Arizona,Pinal,10547,207,0,32.90525627,-111.3449483,4021.0,2279.0083600000003,1.962643406,10340,10538,207,0,10331,10504,447138,9,0,0,9,34
2020-09-27,US,Arizona,Santa Cruz,2836,63,0,31.52508998,-110.8479088,4023.0,6099.187062,2.2214386459999997,2773,2833,63,0,2770,2834,46511,3,0,0,3,-1
2020-09-27,US,Arizona,Unassigned,0,2,0,0.0,0.0,90004.0,0.0,0.0,-2,2,1,0,1,0,,-2,1,0,-3,2
2020-09-27,US,Arizona,Yavapai,2532,82,0,34.59933926,-112.5538588,4025.0,1076.993097,3.238546603,2450,2528,82,0,2446,2518,231993,4,0,0,4,10
2020-09-27,US,Arizona,Yuma,12695,345,0,32.76895712,-113.90666740000002,4027.0,5938.153396,2.7176053560000004,12350,12679,345,0,12334,12664,212128,16,0,0,16,15
2020-09-27,US,Arkansas,Arkansas,406,8,0,34.29145151,-91.37277296,5001.0,2321.857486,1.97044335,398,404,7,0,397,391,17769,2,1,0,1,13
2020-09-27,US,Arkansas,Ashley,431,10,0,33.19153461,-91.76984709999999,5003.0,2192.603144,2.320185615,421,431,10,0,421,431,20046,0,0,0,0,0
2020-09-27,US,Arkansas,Baxter,345,2,0,36.28784385,-92.33782872,5005.0,822.7606601,0.579710145,343,337,2,0,335,331,41619,8,0,0,8,6
2020-09-27,US,Arkansas,Benton,6574,86,0,36.33644656,-94.25680817,5007.0,2355.082199,1.308183754,6488,6528,86,0,6442,6500,272608,46,0,0,46,28
2020-09-27,US,Arkansas,Boone,720,12,0,36.3084504,-93.09374925,5009.0,1923.487925,1.6666666669999999,708,711,10,0,701,706,37480,9,2,0,7,5
2020-09-27,US,Arkansas,Bradley,342,8,0,33.46755808,-92.15980837,5011.0,3177.552727,2.3391812869999997,334,342,8,0,334,342,10897,0,0,0,0,0
2020-09-27,US,Arkansas,Calhoun,36,0,0,33.55598792,-92.49974403,5013.0,693.7752939,0.0,36,36,0,0,36,35,5277,0,0,0,0,1
2020-09-27,US,Arkansas,Carroll,665,10,0,36.340385600000005,-93.54270261,5015.0,2343.199436,1.5037593980000001,655,652,9,0,643,650,28223,13,1,0,12,2
2020-09-27,US,Arkansas,Chicot,1006,21,0,33.26458973,-91.29539209,5017.0,9942.676418000001,2.087475149,985,1005,20,0,985,1004,10438,1,1,0,0,1
2020-09-27,US,Arkansas,Clark,342,4,0,34.04613432,-93.17484713,5019.0,1532.258065,1.169590643,338,338,4,0,334,332,22061,4,0,0,4,6
2020-09-27,US,Arkansas,Clay,295,8,0,36.36826212,-90.4148172,5021.0,2027.352072,2.7118644069999998,287,294,8,0,286,286,14847,1,0,0,1,8
2020-09-27,US,Arkansas,Cleburne,331,8,0,35.53864922,-92.02640019,5023.0,1328.303704,2.416918429,323,328,8,0,320,324,24965,3,0,0,3,4
2020-09-27,US,Arkansas,Cleveland,184,10,0,33.89723187,-92.18537045,5025.0,2312.7199600000004,5.434782609,174,184,10,0,174,184,8018,0,0,0,0,0
2020-09-27,US,Arkansas,Columbia,451,18,0,33.21230701,-93.22642793,5027.0,1922.667008,3.99113082,433,443,18,0,425,434,23537,8,0,0,8,9
2020-09-27,US,Arkansas,Conway,267,3,0,35.26205537,-92.70506566,5029.0,1280.821261,1.123595506,264,264,3,0,261,263,20891,3,0,0,3,1
2020-09-27,US,Arkansas,Craighead,2950,22,0,35.83018283,-90.63235729,5031.0,2673.7483230000003,0.745762712,2928,2934,22,0,2912,2876,108558,16,0,0,16,58
2020-09-27,US,Arkansas,Crawford,1402,15,0,35.58928601,-94.2446814,5033.0,2216.355502,1.069900143,1387,1383,15,0,1368,1361,63406,19,0,0,19,22
2020-09-27,US,Arkansas,Crittenden,1945,46,0,35.21247318,-90.30839406,5035.0,4055.885726,2.36503856,1899,1944,46,0,1898,1923,48342,1,0,0,1,21
2020-09-27,US,Arkansas,Cross,434,13,0,35.29631396,-90.77185818,5037.0,2643.279128,2.995391705,421,432,11,0,421,430,16676,2,2,0,0,2
2020-09-27,US,Arkansas,Dallas,162,4,0,33.97042763,-92.65167437,5039.0,2311.314025,2.469135802,158,162,4,0,158,162,7182,0,0,0,0,0
2020-09-27,US,Arkansas,Desha,294,5,0,33.83011025,-91.25500948,5041.0,2587.80037,1.7006802719999998,289,294,5,0,289,290,11512,0,0,0,0,4
2020-09-27,US,Arkansas,Drew,357,7,0,33.59035001,-91.71777921,5043.0,1959.492837,1.960784314,350,357,7,0,350,355,18328,0,0,0,0,2
2020-09-27,US,Arkansas,Faulkner,2473,19,0,35.14719007,-92.33717519,5045.0,1962.5893800000001,0.7682976140000001,2454,2452,19,0,2433,2432,124806,21,0,0,21,20
2020-09-27,US,Arkansas,Franklin,280,2,0,35.51202821,-93.89299569,5047.0,1580.581428,0.7142857140000001,278,279,2,0,277,273,17810,1,0,0,1,6
2020-09-27,US,Arkansas,Fulton,161,3,0,36.38177105,-91.81729127,5049.0,1290.374289,1.863354037,158,157,3,0,154,153,12269,4,0,0,4,4
2020-09-27,US,Arkansas,Garland,1892,52,0,34.57692074,-93.14921604,5051.0,1903.688648,2.7484143760000004,1840,1884,51,0,1833,1865,99154,8,1,0,7,19
2020-09-27,US,Arkansas,Grant,266,2,0,34.29017991,-92.42320562,5053.0,1456.3372570000001,0.7518796990000001,264,263,2,0,261,256,18188,3,0,0,3,7
2020-09-27,US,Arkansas,Greene,873,10,0,36.117354600000006,-90.55832668,5055.0,1926.089355,1.145475372,863,870,10,0,860,859,45325,3,0,0,3,11
2020-09-27,US,Arkansas,Hempstead,369,4,0,33.73325583,-93.66935133,5057.0,1713.728404,1.08401084,365,366,4,0,362,363,21741,3,0,0,3,3
2020-09-27,US,Arkansas,Hot Spring,1904,26,0,34.31709259,-92.95396325,5059.0,5637.973409,1.3655462180000002,1878,1904,26,0,1878,1884,33701,0,0,0,0,20
2020-09-27,US,Arkansas,Howard,471,10,0,34.09007427,-93.9934871,5061.0,3567.6412659999996,2.123142251,461,469,9,0,460,468,13341,2,1,0,1,1
2020-09-27,US,Arkansas,Independence,1095,19,0,35.74242707,-91.57001641,5063.0,2894.910773,1.7351598169999998,1076,1091,19,0,1072,1076,37678,4,0,0,4,15
2020-09-27,US,Arkansas,Izard,244,0,0,36.09604046,-91.90847954,5065.0,1790.3000949999998,0.0,244,242,0,0,242,238,13593,2,0,0,2,4
2020-09-27,US,Arkansas,Jackson,324,1,0,35.59802983,-91.21494602,5067.0,1937.914947,0.308641975,323,322,1,0,321,321,16811,2,0,0,2,1
2020-09-27,US,Arkansas,Jefferson,3299,73,0,34.26767081,-91.92619839,5069.0,4936.849036,2.212791755,3226,3140,71,0,3069,3107,68114,159,2,0,157,33
2020-09-27,US,Arkansas,Johnson,851,6,0,35.56759135,-93.46036368,5071.0,3201.896305,0.705052879,845,847,5,0,842,837,26742,4,1,0,3,10
2020-09-27,US,Arkansas,Lafayette,107,2,0,33.24116713,-93.60677071,5073.0,1615.338164,1.869158879,105,104,2,0,102,104,6682,3,0,0,3,0
2020-09-27,US,Arkansas,Lawrence,441,12,0,36.04188196,-91.10867198,5075.0,2688.040961,2.721088435,429,437,12,0,425,424,16434,4,0,0,4,13
2020-09-27,US,Arkansas,Lee,1057,18,0,34.78498904,-90.78383866,5077.0,11934.06345,1.702932829,1039,1056,18,0,1038,1054,8985,1,0,0,1,2
2020-09-27,US,Arkansas,Lincoln,2013,15,0,33.95317155,-91.74002806,5079.0,15456.081080000002,0.7451564829999999,1998,2011,15,0,1996,1961,13383,2,0,0,2,50
2020-09-27,US,Arkansas,Little River,358,25,0,33.70375665,-94.23468591,5081.0,2920.303451,6.983240222999999,333,355,25,0,330,354,12326,3,0,0,3,1
2020-09-27,US,Arkansas,Logan,407,1,0,35.21413234,-93.71951016,5083.0,1896.021616,0.245700246,406,406,1,0,405,403,21737,1,0,0,1,3
2020-09-27,US,Arkansas,Lonoke,1181,12,0,34.75392199,-91.88742357,5085.0,1610.989101,1.016088061,1169,1171,11,0,1160,1153,73657,10,1,0,9,18
2020-09-27,US,Arkansas,Madison,352,3,0,36.01038185,-93.72524943,5087.0,2123.552124,0.852272727,349,351,3,0,348,346,16481,1,0,0,1,5
2020-09-27,US,Arkansas,Marion,98,0,0,36.26844485,-92.68451899,5089.0,587.0372589,0.0,98,95,0,0,95,89,16722,3,0,0,3,6
2020-09-27,US,Arkansas,Miller,828,11,0,33.31403423,-93.89285258,5091.0,1914.1410640000001,1.328502415,817,822,11,0,811,818,43592,6,0,0,6,4
2020-09-27,US,Arkansas,Mississippi,1681,50,0,35.76271485,-90.05194370000001,5093.0,4135.199626,2.974419988,1631,1668,50,0,1618,1657,41239,13,0,0,13,11
2020-09-27,US,Arkansas,Monroe,131,0,0,34.6815935,-91.20540287,5095.0,1954.9321,0.0,131,131,0,0,131,128,6900,0,0,0,0,3
2020-09-27,US,Arkansas,Montgomery,151,4,0,34.53704874,-93.65824478,5097.0,1680.3917199999999,2.649006623,147,150,4,0,146,145,8924,1,0,0,1,5
2020-09-27,US,Arkansas,Nevada,220,13,0,33.66340119,-93.30632432,5099.0,2666.020359,5.909090909,207,220,13,0,207,220,8326,0,0,0,0,0
2020-09-27,US,Arkansas,Newton,241,19,0,35.91947491,-93.21612969,5101.0,3108.474139,7.883817427,222,239,18,0,221,236,7805,2,1,0,1,3
2020-09-27,US,Arkansas,Ouachita,263,6,0,33.58839816,-92.87795984,5103.0,1124.796852,2.281368821,257,258,6,0,252,255,23606,5,0,0,5,3
2020-09-27,US,Arkansas,Perry,88,0,0,34.945915299999996,-92.94372564,5105.0,841.7025347000001,0.0,88,88,0,0,88,88,10352,0,0,0,0,0
2020-09-27,US,Arkansas,Phillips,494,12,0,34.43268455,-90.84800154,5107.0,2778.090204,2.429149798,482,490,12,0,478,485,18029,4,0,0,4,5
2020-09-27,US,Arkansas,Pike,227,3,0,34.16250414,-93.65789349,5109.0,2117.93245,1.321585903,224,227,3,0,224,226,10673,0,0,0,0,1
2020-09-27,US,Arkansas,Poinsett,657,13,0,35.57433534,-90.66268713,5111.0,2792.417545,1.97869102,644,651,12,0,639,645,23974,6,1,0,5,6
2020-09-27,US,Arkansas,Polk,261,4,0,34.48254879,-94.22728802,5113.0,1307.353236,1.53256705,257,259,4,0,255,258,20049,2,0,0,2,1
2020-09-27,US,Arkansas,Pope,2127,31,0,35.44871474,-93.03212219,5115.0,3319.702834,1.45745181,2096,2107,31,0,2076,2096,64000,20,0,0,20,11
2020-09-27,US,Arkansas,Prairie,150,1,0,34.83624419,-91.55162157,5117.0,1860.5805010000001,0.666666667,149,150,1,0,149,146,8074,0,0,0,0,4
2020-09-27,US,Arkansas,Pulaski,9163,149,0,34.77054088,-92.31355101,5119.0,2338.030828,1.626104987,9014,9135,148,0,8987,9059,392680,28,1,0,27,76
2020-09-27,US,Arkansas,Randolph,417,22,0,36.3415714,-91.02455531,5121.0,2322.084865,5.275779376,395,414,22,0,392,411,17948,3,0,0,3,3
2020-09-27,US,Arkansas,Saline,2064,23,0,34.64916145,-92.67583224,5125.0,1685.7649239999998,1.114341085,2041,2044,23,0,2021,2030,121421,20,0,0,20,14
2020-09-27,US,Arkansas,Scott,101,1,0,34.85588887,-94.0632176,5127.0,982.3947087000001,0.99009901,100,100,1,0,99,100,10319,1,0,0,1,0
2020-09-27,US,Arkansas,Searcy,142,1,0,35.9109364,-92.69936482,5129.0,1801.801802,0.704225352,141,141,1,0,140,141,7958,1,0,0,1,0
2020-09-27,US,Arkansas,Sebastian,3704,60,0,35.19605503,-94.27162713,5131.0,2897.666377,1.61987041,3644,3677,60,0,3617,3638,127753,27,0,0,27,39
2020-09-27,US,Arkansas,Sevier,1203,18,0,33.99780401,-94.2424869,5133.0,7073.557947,1.4962593519999998,1185,1202,16,0,1186,1201,17139,1,2,0,-1,1
2020-09-27,US,Arkansas,Sharp,220,6,0,36.16258158,-91.47819342,5135.0,1261.323243,2.727272727,214,218,6,0,212,216,17366,2,0,0,2,2
2020-09-27,US,Arkansas,St. Francis,1506,6,0,35.02201976,-90.74828138,5123.0,6025.446107,0.398406375,1500,1503,6,0,1497,1498,25439,3,0,0,3,5
2020-09-27,US,Arkansas,Stone,347,12,0,35.86251946,-92.15684085,5137.0,2774.668159,3.458213256,335,345,9,0,336,342,12457,2,3,0,-1,3
2020-09-27,US,Arkansas,Unassigned,1772,0,0,0.0,0.0,90005.0,0.0,0.0,1772,1857,0,0,1857,1766,,-85,0,0,-85,91
2020-09-27,US,Arkansas,Union,892,36,0,33.16887091,-92.59746952,5139.0,2305.982111,4.035874439,856,891,36,0,855,880,39126,1,0,0,1,11
2020-09-27,US,Arkansas,Van Buren,174,3,0,35.58095779,-92.51295036,5141.0,1051.677244,1.724137931,171,173,3,0,170,173,16603,1,0,0,1,0
2020-09-27,US,Arkansas,Washington,9415,117,0,35.976844,-94.21800746,5143.0,3936.2507159999996,1.2426978229999999,9298,9379,115,0,9264,9328,236961,36,2,0,34,51
2020-09-27,US,Arkansas,White,841,23,0,35.25688493,-91.74908296,5145.0,1067.895826,2.734839477,818,837,23,0,814,828,78727,4,0,0,4,9
2020-09-27,US,Arkansas,Woodruff,53,0,0,35.18902527,-91.2439489,5147.0,838.6075949,0.0,53,52,0,0,52,52,6490,1,0,0,1,0
2020-09-27,US,Arkansas,Yell,1254,29,0,35.00292371,-93.41171338,5149.0,5876.013308,2.312599681,1225,1252,29,0,1223,1250,21535,2,0,0,2,2
2020-09-27,US,California,Alameda,21189,406,0,37.64629437,-121.8929271,6001.0,1267.793475,1.9160885369999998,20783,21136,406,0,20730,21028,1666753,53,0,0,53,108
2020-09-27,US,California,Alpine,2,0,0,38.59678594,-119.82235940000001,6003.0,177.1479185,0.0,2,2,0,0,2,2,1101,0,0,0,0,0
2020-09-27,US,California,Amador,296,16,0,38.44583082,-120.65696000000001,6005.0,744.6166231000001,5.405405405,280,296,16,0,280,296,39383,0,0,0,0,0
2020-09-27,US,California,Butte,2827,44,0,39.66727762,-121.6005252,6007.0,1289.772157,1.556420233,2783,2819,44,0,2775,2803,231256,8,0,0,8,16
2020-09-27,US,California,Calaveras,317,14,0,38.20537103,-120.55291299999999,6009.0,690.5565842999999,4.416403785,303,317,14,0,303,314,45602,0,0,0,0,3
2020-09-27,US,California,Colusa,529,6,0,39.17881957,-122.2331726,6011.0,2455.098158,1.134215501,523,529,6,0,523,527,21627,0,0,0,0,2
2020-09-27,US,California,Contra Costa,16572,205,0,37.91923498,-121.9289527,6013.0,1436.6386189999998,1.237026309,16367,16469,205,0,16264,16327,1150215,103,0,0,103,142
2020-09-27,US,California,Del Norte,139,1,0,41.74228275,-123.89740630000001,6015.0,499.78426579999996,0.71942446,138,139,1,0,138,139,27828,0,0,0,0,0
2020-09-27,US,California,El Dorado,1127,4,0,38.77965956,-120.5233166,6017.0,584.4132272999999,0.35492457899999996,1123,1109,4,0,1105,1098,190678,18,0,0,18,11
2020-09-27,US,California,Fresno,28336,382,0,36.75733899,-119.6466953,6019.0,2836.149699,1.348108413,27954,28199,382,0,27817,28106,994400,137,0,0,137,93
2020-09-27,US,California,Glenn,578,3,0,39.59875897,-122.3938452,6021.0,2035.7130280000001,0.519031142,575,578,3,0,575,574,28047,0,0,0,0,4
2020-09-27,US,California,Humboldt,501,7,0,40.69923009,-123.876044,6023.0,369.5834993,1.3972055890000001,494,501,7,0,494,501,136373,0,0,0,0,0
2020-09-27,US,California,Imperial,11835,317,0,33.0393082,-115.36690420000001,6025.0,6530.9163149999995,2.678495986,11518,11835,317,0,11518,11781,181827,0,0,0,0,54
2020-09-27,US,California,Inyo,187,15,0,36.51112084,-117.41119779999998,6027.0,1036.642829,8.021390374,172,187,15,0,172,187,17987,0,0,0,0,0
2020-09-27,US,California,Kern,31947,369,0,35.34329425,-118.72777959999999,6029.0,3548.870142,1.155038032,31578,31865,367,0,31498,31785,896764,82,2,0,80,80
2020-09-27,US,California,Kings,7569,80,0,36.07409056,-119.8159973,6031.0,4948.999608,1.056942793,7489,7631,77,0,7554,7631,151366,-62,3,0,-65,0
2020-09-27,US,California,Lake,549,11,0,39.10124298,-122.75362439999999,6033.0,852.6698351,2.003642987,538,539,11,0,528,534,64382,10,0,0,10,5
2020-09-27,US,California,Lassen,740,0,0,40.67311306,-120.59350990000002,6035.0,2420.4363329999996,0.0,740,740,0,0,740,737,30802,0,0,0,0,3
2020-09-27,US,California,Los Angeles,267801,6514,0,34.30828379,-118.22824109999999,6037.0,2667.5779030000003,2.432403165,261287,266988,6504,0,260484,265775,10105518,813,10,0,803,1213
2020-09-27,US,California,Madera,4481,65,0,37.21513971,-119.76655890000002,6039.0,2848.207873,1.4505690690000002,4416,4481,65,0,4416,4481,157672,0,0,0,0,0
2020-09-27,US,California,Marin,6716,118,0,38.07122463,-122.72106310000001,6041.0,2594.793413,1.7569982130000001,6598,6694,117,0,6577,6672,259666,22,1,0,21,22
2020-09-27,US,California,Mariposa,75,2,0,37.57978556,-119.9073334,6043.0,435.9704703,2.666666667,73,75,2,0,73,75,17471,0,0,0,0,0
2020-09-27,US,California,Mendocino,931,18,0,39.4381191,-123.39113130000001,6045.0,1073.211219,1.933404941,913,908,18,0,890,899,87606,23,0,0,23,9
2020-09-27,US,California,Merced,8872,142,0,37.18922369,-120.72090349999999,6047.0,3195.044656,1.600541028,8730,8872,142,0,8730,8846,274765,0,0,0,0,26
2020-09-27,US,California,Modoc,27,0,0,41.58965602,-120.7244817,6049.0,305.3953173,0.0,27,27,0,0,27,27,8777,0,0,0,0,0
2020-09-27,US,California,Mono,165,2,0,37.93899289,-118.8872409,6051.0,1142.342841,1.212121212,163,165,2,0,163,165,14250,0,0,0,0,0
2020-09-27,US,California,Monterey,9884,71,0,36.21862405,-121.24133970000001,6053.0,2277.099302,0.7183326590000001,9813,9807,71,0,9736,9772,435594,77,0,0,77,35
2020-09-27,US,California,Napa,1681,13,0,38.50735751,-122.33283899999999,6055.0,1220.379835,0.773349197,1668,1669,13,0,1656,1661,139417,12,0,0,12,8
2020-09-27,US,California,Nevada,534,7,0,39.30394768,-120.76272809999999,6057.0,535.3115132,1.310861423,527,533,7,0,526,531,99696,1,0,0,1,2
2020-09-27,US,California,Orange,53315,1216,0,33.70147516,-117.76459979999998,6059.0,1678.846689,2.28078402,52099,53069,1214,0,51855,52904,3185968,246,2,0,244,165
2020-09-27,US,California,Placer,3577,45,0,39.06167234,-120.72405690000001,6061.0,898.0014008999999,1.258037462,3532,3567,45,0,3522,3542,393149,10,0,0,10,25
2020-09-27,US,California,Plumas,50,0,0,40.00355989,-120.8395236,6063.0,265.858457,0.0,50,50,0,0,50,50,18804,0,0,0,0,0
2020-09-27,US,California,Riverside,58178,1189,0,33.74314981,-115.9933578,6065.0,2354.864066,2.04372787,56989,58178,1189,0,56989,58178,2450758,0,0,0,0,0
2020-09-27,US,California,Sacramento,22269,406,0,38.45106826,-121.34253740000001,6067.0,1434.804627,1.823162243,21863,22183,406,0,21777,22026,1540975,86,0,0,86,157
2020-09-27,US,California,San Benito,1345,11,0,36.60308176,-121.069975,6069.0,2141.4469489999997,0.8178438659999999,1334,1340,11,0,1329,1331,61537,5,0,0,5,9
2020-09-27,US,California,San Bernardino,54478,925,0,34.84060306,-116.1774685,6071.0,2498.8933920000004,1.697933111,53553,54386,925,0,53461,53669,2171603,92,0,0,92,717
2020-09-27,US,California,San Diego,46610,776,0,33.03484597,-116.73653259999999,6073.0,1396.207086,1.6648787809999999,45834,46331,775,0,45556,46001,3343364,279,1,0,278,330
2020-09-27,US,California,San Francisco,11143,101,0,37.75215114,-122.43856720000001,6075.0,1264.025029,0.9063986359999999,11042,11076,101,0,10975,11038,883305,67,0,0,67,38
2020-09-27,US,California,San Joaquin,20194,441,0,37.93433732,-121.2730061,6077.0,2649.61661,2.183816975,19753,20194,441,0,19753,20194,752660,0,0,0,0,0
2020-09-27,US,California,San Luis Obispo,3546,29,0,35.38822029,-120.4039028,6079.0,1252.512266,0.817822899,3517,3544,29,0,3515,3510,284010,2,0,0,2,34
2020-09-27,US,California,San Mateo,9843,150,0,37.422880799999994,-122.32755459999998,6081.0,1284.02644,1.5239256319999999,9693,9843,150,0,9693,9785,769545,0,0,0,0,58
2020-09-27,US,California,Santa Barbara,9061,113,0,34.65329488,-120.0188492,6083.0,2029.343851,1.247102969,8948,9037,113,0,8924,9003,446527,24,0,0,24,34
2020-09-27,US,California,Santa Clara,21153,312,0,37.23104908,-121.6970462,6085.0,1097.23153,1.47496809,20841,21030,311,0,20719,20882,1937570,123,1,0,122,148
2020-09-27,US,California,Santa Cruz,2358,9,0,37.05580291,-122.0066524,6087.0,863.0628849999999,0.381679389,2349,2330,9,0,2321,2319,274255,28,0,0,28,11
2020-09-27,US,California,Shasta,856,17,0,40.76391419,-122.0396884,6089.0,475.3442914,1.9859813080000002,839,806,17,0,789,777,180040,50,0,0,50,29
2020-09-27,US,California,Sierra,6,0,0,39.57713498,-120.52007009999998,6091.0,199.66722130000002,0.0,6,6,0,0,6,6,2987,0,0,0,0,0
2020-09-27,US,California,Siskiyou,165,0,0,41.59198861,-122.54074340000001,6093.0,378.97057810000007,0.0,165,165,0,0,165,165,43724,0,0,0,0,0
2020-09-27,US,California,Solano,6309,63,0,38.26827353,-121.9357113,6095.0,1409.38203,0.998573466,6246,6309,63,0,6246,6309,446610,0,0,0,0,0
2020-09-27,US,California,Sonoma,7412,122,0,38.52746429,-122.88625060000001,6097.0,1499.385034,1.645979493,7290,7369,122,0,7247,7320,499942,43,0,0,43,49
2020-09-27,US,California,Stanislaus,16452,354,0,37.55862499,-120.9970722,6099.0,2987.6875019999998,2.151714077,16098,16452,351,0,16101,16452,549815,0,3,0,-3,0
2020-09-27,US,California,Sutter,1705,11,0,39.03417539,-121.6945899,6101.0,1758.257623,0.64516129,1694,1705,11,0,1694,1696,96807,0,0,0,0,9
2020-09-27,US,California,Tehama,560,5,0,40.12570935,-122.23701709999999,6103.0,860.4265257000001,0.892857143,555,546,5,0,541,540,63916,14,0,0,14,6
2020-09-27,US,California,Trinity,16,0,0,40.649176700000005,-123.114713,6105.0,130.2401302,0.0,16,16,0,0,16,16,12535,0,0,0,0,0
2020-09-27,US,California,Tulare,15970,263,0,36.22026558,-118.8020203,6107.0,3425.605165,1.6468378209999999,15707,15970,263,0,15707,15897,465861,0,0,0,0,73
2020-09-27,US,California,Tuolumne,227,4,0,38.02644018,-119.95250929999999,6109.0,416.6819634,1.762114537,223,227,4,0,223,227,54539,0,0,0,0,0
2020-09-27,US,California,Ventura,12729,150,0,34.44465746,-119.09106129999999,6111.0,1504.599258,1.178411501,12579,12664,150,0,12514,12617,850967,65,0,0,65,47
2020-09-27,US,California,Yolo,2803,55,0,38.68278902,-121.90182879999999,6113.0,1271.201814,1.962183375,2748,2795,55,0,2740,2789,220408,8,0,0,8,6
2020-09-27,US,California,Yuba,1153,7,0,39.26255932,-121.35356440000001,6115.0,1465.653125,0.607111882,1146,1153,7,0,1146,1143,78041,0,0,0,0,10
2020-09-27,US,Colorado,Adams,9099,225,0,39.87432092,-104.3362578,8001.0,1758.529321,2.472799209,8874,8972,225,0,8747,8872,511868,127,0,0,127,100
2020-09-27,US,Colorado,Alamosa,242,9,0,37.57250606,-105.7885451,8003.0,1490.790365,3.7190082639999997,233,242,9,0,233,242,16683,0,0,0,0,0
2020-09-27,US,Colorado,Arapahoe,9239,371,0,39.64977461,-104.3353617,8005.0,1407.118598,4.015586102,8868,9185,371,0,8814,9141,651215,54,0,0,54,44
2020-09-27,US,Colorado,Archuleta,54,0,0,37.19474156,-107.04768670000001,8007.0,384.9169577,0.0,54,54,0,0,54,54,13765,0,0,0,0,0
2020-09-27,US,Colorado,Baca,17,0,0,37.31940883,-102.5603223,8009.0,474.7277297,0.0,17,18,0,0,18,18,3585,-1,0,0,-1,0
2020-09-27,US,Colorado,Bent,11,0,0,37.95474293,-103.0720195,8011.0,197.23865880000002,0.0,11,11,0,0,11,11,5882,0,0,0,0,0
2020-09-27,US,Colorado,Boulder,4323,79,0,40.09313619,-105.3546767,8013.0,1325.276827,1.8274346519999998,4244,4252,79,0,4173,4191,326078,71,0,0,71,61
2020-09-27,US,Colorado,Broomfield,645,33,0,39.95998787,-105.0566324,8014.0,915.3480450999999,5.11627907,612,636,33,0,603,626,69267,9,0,0,9,10
2020-09-27,US,Colorado,Chaffee,333,19,0,38.74745778,-106.19265729999998,8015.0,1635.881313,5.705705706,314,332,19,0,313,332,20027,1,0,0,1,0
2020-09-27,US,Colorado,Cheyenne,14,0,0,38.82777431,-102.6032558,8017.0,764.609503,0.0,14,14,0,0,14,14,1876,0,0,0,0,0
2020-09-27,US,Colorado,Clear Creek,39,1,0,39.68864463,-105.6463118,8019.0,402.0618557,2.564102564,38,37,1,0,36,37,9605,2,0,0,2,0
2020-09-27,US,Colorado,Conejos,33,0,0,37.201606,-106.19174879999998,8021.0,402.19378430000006,0.0,33,33,0,0,33,33,8200,0,0,0,0,0
2020-09-27,US,Colorado,Costilla,32,1,0,37.27732493,-105.4276548,8023.0,823.2570105000001,3.125,31,32,1,0,31,32,3828,0,0,0,0,0
2020-09-27,US,Colorado,Crowley,73,1,0,38.32608609,-103.7844965,8025.0,1204.4217130000002,1.369863014,72,73,1,0,72,73,5858,0,0,0,0,0
2020-09-27,US,Colorado,Custer,17,0,0,38.10883162,-105.3683478,8027.0,335.4380426,0.0,17,17,0,0,17,17,4954,0,0,0,0,0
2020-09-27,US,Colorado,Delta,189,3,0,38.86246243,-107.86313419999999,8029.0,606.5079262999999,1.5873015869999998,186,188,3,0,185,187,30953,1,0,0,1,1
2020-09-27,US,Colorado,Denver,13116,435,0,39.76018276,-104.87256950000001,8031.0,1803.603081,3.3165599269999997,12681,13011,435,0,12576,12910,716492,105,0,0,105,101
2020-09-27,US,Colorado,Dolores,3,0,0,37.75208676,-108.5211585,8033.0,145.9854015,0.0,3,3,0,0,3,3,2074,0,0,0,0,0
2020-09-27,US,Colorado,Douglas,2574,60,0,39.33133796,-104.930001,8035.0,733.011727,2.331002331,2514,2550,60,0,2490,2511,342776,24,0,0,24,39
2020-09-27,US,Colorado,Eagle,1254,10,0,39.62754308,-106.6933637,8037.0,2274.747401,0.7974481659999999,1244,1250,10,0,1240,1247,54993,4,0,0,4,3
2020-09-27,US,Colorado,El Paso,6871,173,0,38.83240149,-104.5251411,8041.0,953.7717082999999,2.517828555,6698,6845,172,0,6673,6800,713856,26,1,0,25,45
2020-09-27,US,Colorado,Elbert,158,3,0,39.28656773,-104.13587209999999,8039.0,591.1182611,1.898734177,155,157,3,0,154,156,26282,1,0,0,1,1
2020-09-27,US,Colorado,Fremont,175,1,0,38.47362326,-105.43996670000001,8043.0,365.81032210000006,0.571428571,174,175,1,0,174,173,48021,0,0,0,0,2
2020-09-27,US,Colorado,Garfield,945,5,0,39.59921777,-107.902708,8045.0,1573.400376,0.5291005289999999,940,944,5,0,939,942,59770,1,0,0,1,2
2020-09-27,US,Colorado,Gilpin,18,0,0,39.85646523,-105.5252597,8047.0,288.3229217,0.0,18,18,0,0,18,18,6121,0,0,0,0,0
2020-09-27,US,Colorado,Grand,74,1,0,40.10603347,-106.11780420000001,8049.0,470.31905430000006,1.351351351,73,74,1,0,73,72,15525,0,0,0,0,2
2020-09-27,US,Colorado,Gunnison,296,7,0,38.66611652,-107.0320729,8051.0,1695.10938,2.364864865,289,296,7,0,289,296,17246,0,0,0,0,0
2020-09-27,US,Colorado,Hinsdale,3,0,0,37.82247444,-107.3004345,8053.0,365.8536585,0.0,3,3,0,0,3,3,811,0,0,0,0,0
2020-09-27,US,Colorado,Huerfano,23,1,0,37.68473101,-104.9612585,8055.0,333.47832389999996,4.347826087,22,23,1,0,22,20,6889,0,0,0,0,3
2020-09-27,US,Colorado,Jackson,9,0,0,40.665938700000005,-106.3408905,8057.0,646.5517241,0.0,9,9,0,0,9,9,1399,0,0,0,0,0
2020-09-27,US,Colorado,Jefferson,5716,248,0,39.58635604,-105.2517692,8059.0,980.6461353,4.33869839,5468,5654,248,0,5406,5598,580233,62,0,0,62,56
2020-09-27,US,Colorado,Kiowa,1,0,0,38.43260896,-102.7392145,8061.0,71.12375533,0.0,1,1,0,0,1,1,1383,0,0,0,0,0
2020-09-27,US,Colorado,Kit Carson,79,3,0,39.30497777,-102.60221990000001,8063.0,1113.1464,3.797468354,76,79,3,0,76,79,7163,0,0,0,0,0
2020-09-27,US,Colorado,La Plata,260,2,0,37.28632032,-107.8429014,8067.0,462.4606464,0.7692307690000001,258,260,2,0,258,259,56310,0,0,0,0,1
2020-09-27,US,Colorado,Lake,94,0,0,39.20278823,-106.35556969999999,8065.0,1156.638366,0.0,94,94,0,0,94,93,7824,0,0,0,0,1
2020-09-27,US,Colorado,Larimer,2530,52,0,40.66671597,-105.4625784,8069.0,708.884026,2.055335968,2478,2515,52,0,2463,2489,350518,15,0,0,15,26
2020-09-27,US,Colorado,Las Animas,25,0,0,37.3153406,-104.03764579999999,8071.0,172.342479,0.0,25,24,0,0,24,23,14503,1,0,0,1,1
2020-09-27,US,Colorado,Lincoln,11,0,0,38.98749519,-103.51366490000001,8073.0,192.94860549999999,0.0,11,11,0,0,11,10,5610,0,0,0,0,1
2020-09-27,US,Colorado,Logan,868,6,0,40.7249637,-103.110817,8075.0,3873.443706,0.69124424,862,864,6,0,858,856,21528,4,0,0,4,8
2020-09-27,US,Colorado,Mesa,615,7,0,39.01787888,-108.469799,8077.0,398.80682189999993,1.138211382,608,607,7,0,600,592,153207,8,0,0,8,15
2020-09-27,US,Colorado,Mineral,20,0,0,37.66954283,-106.92816979999999,8079.0,2600.780234,0.0,20,20,0,0,20,20,776,0,0,0,0,0
2020-09-27,US,Colorado,Moffat,42,1,0,40.61810999,-108.2070876,8081.0,316.193631,2.3809523809999997,41,41,1,0,40,41,13188,1,0,0,1,0
2020-09-27,US,Colorado,Montezuma,138,5,0,37.33859579,-108.59588570000001,8083.0,527.0595425,3.623188406,133,138,5,0,133,136,26158,0,0,0,0,2
2020-09-27,US,Colorado,Montrose,383,13,0,38.40214114,-108.26390220000002,8085.0,895.7388091,3.394255875,370,380,13,0,367,380,42214,3,0,0,3,0
2020-09-27,US,Colorado,Morgan,747,48,0,40.262798100000005,-103.8093302,8087.0,2569.8362460000003,6.425702811,699,746,48,0,698,743,28558,1,0,0,1,3
2020-09-27,US,Colorado,Otero,96,6,0,37.9014485,-103.7173385,8089.0,525.2215779,6.25,90,96,6,0,90,95,18432,0,0,0,0,1
2020-09-27,US,Colorado,Ouray,25,1,0,38.14717457,-107.7675136,8091.0,504.8465267,4.0,24,25,1,0,24,25,4833,0,0,0,0,0
2020-09-27,US,Colorado,Park,57,1,0,39.120926000000004,-105.7182065,8093.0,302.467498,1.754385965,56,56,1,0,55,56,18556,1,0,0,1,0
2020-09-27,US,Colorado,Phillips,34,0,0,40.59414277,-102.3577703,8095.0,797.1864009,0.0,34,34,0,0,34,34,4286,0,0,0,0,0
2020-09-27,US,Colorado,Pitkin,223,2,0,39.21720112,-106.9310027,8097.0,1255.135926,0.896860987,221,223,2,0,221,222,17950,0,0,0,0,1
2020-09-27,US,Colorado,Prowers,94,0,0,37.95544985,-102.3926052,8099.0,772.2642129,0.0,94,94,0,0,94,94,12164,0,0,0,0,0
2020-09-27,US,Colorado,Pueblo,1090,37,0,38.17359144,-104.5127437,8101.0,647.1761744,3.394495413,1053,1079,37,0,1042,1072,167529,11,0,0,11,7
2020-09-27,US,Colorado,Rio Blanco,26,0,0,39.97913541,-108.2179009,8103.0,411.13219480000004,0.0,26,26,0,0,26,25,6336,0,0,0,0,1
2020-09-27,US,Colorado,Rio Grande,96,2,0,37.5836865,-106.3847838,8105.0,852.0457974999999,2.083333333,94,96,2,0,94,96,11250,0,0,0,0,0
2020-09-27,US,Colorado,Routt,155,8,0,40.48596505,-106.9905548,8107.0,604.5713393999999,5.161290323,147,153,8,0,145,152,25733,2,0,0,2,1
2020-09-27,US,Colorado,Saguache,111,2,0,38.08054629,-106.28246599999999,8109.0,1626.611958,1.801801802,109,111,2,0,109,111,6843,0,0,0,0,0
2020-09-27,US,Colorado,San Juan,6,0,0,37.76248981,-107.67632890000002,8111.0,824.1758242000001,0.0,6,6,0,0,6,6,762,0,0,0,0,0
2020-09-27,US,Colorado,San Miguel,97,0,0,38.00450883,-108.4020725,8113.0,1185.9640539999998,0.0,97,97,0,0,97,96,8191,0,0,0,0,1
2020-09-27,US,Colorado,Sedgwick,15,1,0,40.87595412,-102.3519227,8115.0,667.2597865,6.666666667,14,15,1,0,14,15,2303,0,0,0,0,0
2020-09-27,US,Colorado,Summit,462,4,0,39.63803232,-106.1150762,8117.0,1489.793944,0.865800866,458,458,4,0,454,451,31007,4,0,0,4,7
2020-09-27,US,Colorado,Teller,176,4,0,38.88133511,-105.16148929999999,8119.0,693.2409012,2.272727273,172,176,4,0,172,176,25083,0,0,0,0,0
2020-09-27,US,Colorado,Washington,61,0,0,39.97015535,-103.202587,8121.0,1242.868786,0.0,61,61,0,0,61,60,4909,0,0,0,0,1
2020-09-27,US,Colorado,Weld,4712,149,0,40.55499405,-104.39296209999999,8123.0,1452.115923,3.1621392189999997,4563,4682,149,0,4533,4655,314305,30,0,0,30,27
2020-09-27,US,Colorado,Yuma,114,1,0,40.00346839,-102.4258673,8125.0,1137.838108,0.8771929820000001,113,113,1,0,112,104,10020,1,0,0,1,9
2020-09-27,US,Connecticut,Fairfield,20015,1422,0,41.26809896,-73.3881171,9001.0,2121.734448,7.104671496,18593,20015,1422,0,18593,20015,943823,0,0,0,0,0
2020-09-27,US,Connecticut,Hartford,14539,1434,0,41.80283011,-72.73103891,9003.0,1630.444534,9.863126763,13105,14539,1434,0,13105,14539,892697,0,0,0,0,0
2020-09-27,US,Connecticut,Litchfield,1857,141,0,41.7937534,-73.2451475,9005.0,1029.761608,7.592891761000001,1716,1857,141,0,1716,1857,181111,0,0,0,0,0
2020-09-27,US,Connecticut,Middlesex,1566,193,0,41.45949668,-72.53714864,9007.0,964.0720037000001,12.32439336,1373,1566,193,0,1373,1566,162682,0,0,0,0,0
2020-09-27,US,Connecticut,New Haven,14340,1115,0,41.408032500000004,-72.93620426,9009.0,1677.669794,7.775453278,13225,14340,1115,0,13225,14340,857620,0,0,0,0,0
2020-09-27,US,Connecticut,New London,1843,114,0,41.48896435,-72.10430976,9011.0,694.9314872,6.18556701,1729,1843,114,0,1729,1843,266784,0,0,0,0,0
2020-09-27,US,Connecticut,Tolland,1337,67,0,41.85853803,-72.3308481,9013.0,887.069486,5.011219147,1270,1337,67,0,1270,1337,150921,0,0,0,0,0
2020-09-27,US,Connecticut,Unassigned,132,0,0,0.0,0.0,90009.0,0.0,0.0,132,132,0,0,132,132,,0,0,0,0,0
2020-09-27,US,Connecticut,Windham,958,15,0,41.82972709,-71.98182316,9015.0,820.3319005,1.565762004,943,958,15,0,943,958,117027,0,0,0,0,0
2020-09-27,US,Delaware,Kent,2925,116,0,39.08646628,-75.56884914,10001.0,1617.935017,3.9658119660000004,2809,2911,116,0,2795,2905,178550,14,0,0,14,6
2020-09-27,US,Delaware,New Castle,10106,311,0,39.57992638,-75.64054974,10003.0,1808.670379,3.0773797739999997,9795,10029,311,0,9718,9975,559335,77,0,0,77,54
2020-09-27,US,Delaware,Sussex,6740,206,0,38.66143781,-75.39031349,10005.0,2877.5749809999998,3.056379822,6534,6727,206,0,6521,6718,229286,13,0,0,13,9
2020-09-27,US,Delaware,Unassigned,489,0,0,0.0,0.0,90010.0,0.0,0.0,489,489,0,0,489,487,,0,0,0,0,2
2020-09-27,US,District of Columbia,District of Columbia,15250,624,0,38.90417773,-77.01655992,11001.0,2160.8248829999998,4.091803279,14626,15215,624,0,14591,15163,702455,35,0,0,35,52
2020-09-27,US,Florida,Alachua,8109,55,0,29.67866525,-82.35928158,12001.0,3014.0163469999998,0.678258725,8054,8060,55,0,8005,7960,269956,49,0,0,49,100
2020-09-27,US,Florida,Baker,1470,12,0,30.33060121,-82.28467476,12003.0,5032.523109000001,0.816326531,1458,1467,12,0,1455,1449,28355,3,0,0,3,18
2020-09-27,US,Florida,Bay,6057,104,0,30.26548745,-85.62122584,12005.0,3466.987207,1.7170216280000001,5953,6040,104,0,5936,5999,185287,17,0,0,17,41
2020-09-27,US,Florida,Bradford,1099,8,0,29.95079741,-82.16611613,12007.0,3897.0249280000003,0.727934486,1091,1090,8,0,1082,1081,27732,9,0,0,9,9
2020-09-27,US,Florida,Brevard,8841,293,0,28.29409504,-80.73091022,12009.0,1468.746158,3.314104739,8548,8800,293,0,8507,8728,596849,41,0,0,41,72
2020-09-27,US,Florida,Broward,76854,1379,0,26.15184651,-80.48725556,12011.0,3935.624019,1.794311292,75475,76700,1379,0,75321,76520,1951260,154,0,0,154,180
2020-09-27,US,Florida,Calhoun,615,11,0,30.40666734,-85.19394153,12013.0,4360.155973,1.788617886,604,614,11,0,603,612,14587,1,0,0,1,2
2020-09-27,US,Florida,Charlotte,3039,135,0,26.90131002,-81.92949121,12015.0,1608.702557,4.44225074,2904,3030,135,0,2895,3013,184998,9,0,0,9,17
2020-09-27,US,Florida,Citrus,2745,103,0,28.84804315,-82.47614748,12017.0,1834.194191,3.752276867,2642,2737,102,0,2635,2722,147929,8,1,0,7,15
2020-09-27,US,Florida,Clay,5077,100,0,29.98319144,-81.85609986,12019.0,2315.6003140000003,1.969667126,4977,5001,100,0,4901,4966,216072,76,0,0,76,35
2020-09-27,US,Florida,Collier,12681,216,0,26.11091986,-81.34687065,12021.0,3294.6048600000004,1.7033356990000001,12465,12656,216,0,12440,12617,378488,25,0,0,25,39
2020-09-27,US,Florida,Columbia,3787,54,0,30.22509788,-82.62160164,12023.0,5282.7609299999995,1.425930816,3733,3774,54,0,3720,3757,70503,13,0,0,13,17
2020-09-27,US,Florida,DeSoto,1563,25,0,27.18677893,-81.80941373,12027.0,4113.0496570000005,1.599488164,1538,1561,25,0,1536,1556,37489,2,0,0,2,5
2020-09-27,US,Florida,Dixie,832,7,0,29.60631086,-83.15724673,12029.0,4944.728397,0.841346154,825,831,7,0,824,831,16700,1,0,0,1,0
2020-09-27,US,Florida,Duval,30207,378,0,30.33225875,-81.66976468,12031.0,3153.938116,1.251365578,29829,30114,378,0,29736,29965,950181,93,0,0,93,149
2020-09-27,US,Florida,Escambia,12243,228,0,30.67652764,-87.37284571,12033.0,3846.178012,1.862288655,12015,12219,228,0,11991,12181,315534,24,0,0,24,38
2020-09-27,US,Florida,Flagler,1726,23,0,29.45933576,-81.31508595,12035.0,1499.813175,1.3325608340000001,1703,1722,23,0,1699,1715,112067,4,0,0,4,7
2020-09-27,US,Florida,Franklin,614,3,0,29.83791238,-84.82731662,12037.0,5063.917526,0.48859934899999996,611,614,3,0,611,614,11736,0,0,0,0,0
2020-09-27,US,Florida,Gadsden,2797,46,0,30.57796289,-84.61915825,12039.0,6125.711783,1.644619235,2751,2790,46,0,2744,2770,45894,7,0,0,7,20
2020-09-27,US,Florida,Gilchrist,511,12,0,29.72856978,-82.79880657,12041.0,2749.973092,2.348336595,499,510,12,0,498,507,18256,1,0,0,1,3
2020-09-27,US,Florida,Glades,540,4,0,26.95635849,-81.18996211,12043.0,3909.9268700000002,0.740740741,536,538,4,0,534,523,13724,2,0,0,2,15
2020-09-27,US,Florida,Gulf,875,14,0,29.93543004,-85.24270990000001,12045.0,6415.426351,1.6,861,875,14,0,861,875,16164,0,0,0,0,0
2020-09-27,US,Florida,Hamilton,849,8,0,30.49673973,-82.94998918,12047.0,5884.391461,0.942285041,841,849,8,0,841,849,14310,0,0,0,0,0
2020-09-27,US,Florida,Hardee,1358,11,0,27.49293939,-81.80956574,12049.0,5041.392879999999,0.810014728,1347,1354,11,0,1343,1331,27245,4,0,0,4,23
2020-09-27,US,Florida,Hendry,2069,42,0,26.55386945,-81.16469006,12051.0,4923.611442,2.029966167,2027,2069,42,0,2027,2063,41556,0,0,0,0,6
2020-09-27,US,Florida,Hernando,3126,120,0,28.55364461,-82.42700204,12053.0,1612.00495,3.838771593,3006,3120,120,0,3000,3107,190865,6,0,0,6,13
2020-09-27,US,Florida,Highlands,2156,86,0,27.34254618,-81.34071957,12055.0,2029.730468,3.988868275,2070,2148,86,0,2062,2127,105424,8,0,0,8,21
2020-09-27,US,Florida,Hillsborough,41826,628,0,27.9276559,-82.32013172,12057.0,2841.501989,1.501458423,41198,41722,628,0,41094,41506,1436888,104,0,0,104,216
2020-09-27,US,Florida,Holmes,753,7,0,30.86747479,-85.81319222,12059.0,3838.5074170000003,0.9296148740000001,746,752,7,0,745,744,19477,1,0,0,1,8
2020-09-27,US,Florida,Indian River,3219,116,0,27.69308961,-80.60556721,12061.0,2012.8436809999998,3.603603604,3103,3197,116,0,3081,3169,157413,22,0,0,22,28
2020-09-27,US,Florida,Jackson,2810,77,0,30.795459700000002,-85.21500423,12063.0,6054.207782,2.740213523,2733,2801,77,0,2724,2791,48305,9,0,0,9,10
2020-09-27,US,Florida,Jefferson,557,9,0,30.43669112,-83.89442308,12065.0,3909.869437,1.615798923,548,555,9,0,546,555,14288,2,0,0,2,0
2020-09-27,US,Florida,Lafayette,1233,12,0,29.98484137,-83.18166636,12067.0,14640.227969999998,0.97323601,1221,1233,12,0,1221,1234,8732,0,0,0,0,-1
2020-09-27,US,Florida,Lake,7466,189,0,28.76202069,-81.7125123,12069.0,2033.678545,2.531476025,7277,7444,189,0,7255,7420,356495,22,0,0,22,24
2020-09-27,US,Florida,Lee,20377,465,0,26.58410348,-81.88399313,12071.0,2644.382067,2.28198459,19912,20326,465,0,19861,20244,754610,51,0,0,51,82
2020-09-27,US,Florida,Leon,10482,69,0,30.45955727,-84.27491114,12073.0,3570.3823799999996,0.658271322,10413,10437,68,0,10369,10366,292502,45,1,0,44,71
2020-09-27,US,Florida,Levy,1035,9,0,29.31829741,-82.74007147,12075.0,2493.7956289999997,0.869565217,1026,1033,9,0,1024,1022,40770,2,0,0,2,11
2020-09-27,US,Florida,Liberty,516,8,0,30.23766008,-84.8829258,12077.0,6176.681829,1.5503875969999998,508,516,8,0,508,510,8457,0,0,0,0,6
2020-09-27,US,Florida,Madison,1014,19,0,30.44396917,-83.47398594,12079.0,5483.155789,1.8737672580000002,995,1013,18,0,995,1013,18529,1,1,0,0,0
2020-09-27,US,Florida,Manatee,11458,291,0,27.47196942,-82.31831044,12081.0,2841.3923760000002,2.539710246,11167,11436,291,0,11145,11393,394855,22,0,0,22,43
2020-09-27,US,Florida,Marion,9708,288,0,29.21227113,-82.05803627,12083.0,2655.513583,2.966625464,9420,9668,282,0,9386,9626,359977,40,6,0,34,42
2020-09-27,US,Florida,Martin,4890,142,0,27.0772071,-80.43109784,12085.0,3037.267081,2.903885481,4748,4880,142,0,4738,4860,160912,10,0,0,10,20
2020-09-27,US,Florida,Miami-Dade,169426,3231,0,25.6112362,-80.55170587,12086.0,6235.9124600000005,1.907027257,166195,169144,3231,0,165913,168775,2761581,282,0,0,282,369
2020-09-27,US,Florida,Monroe,1835,22,0,25.20904673,-81.07812416,12087.0,2472.112949,1.198910082,1813,1834,22,0,1812,1828,75027,1,0,0,1,6
2020-09-27,US,Florida,Nassau,2097,44,0,30.61037141,-81.80297522,12089.0,2366.1495059999997,2.098235575,2053,2080,43,0,2037,2075,85832,17,1,0,16,5
2020-09-27,US,Florida,Okaloosa,4953,109,0,30.69143028,-86.59267105,12091.0,2350.3117620000003,2.2006864530000003,4844,4918,109,0,4809,4884,207269,35,0,0,35,34
2020-09-27,US,Florida,Okeechobee,1554,26,0,27.386336199999995,-80.88944347,12093.0,3685.258964,1.6731016730000001,1528,1537,26,0,1511,1521,41537,17,0,0,17,16
2020-09-27,US,Florida,Orange,39973,445,0,28.51367621,-81.31799498,12095.0,2868.631284,1.113251445,39528,39875,445,0,39430,39717,1380645,98,0,0,98,158
2020-09-27,US,Florida,Osceola,12438,145,0,28.06312234,-81.14882926,12097.0,3310.170831,1.16578228,12293,12395,145,0,12250,12354,367990,43,0,0,43,41
2020-09-27,US,Florida,Palm Beach,46283,1342,0,26.64676272,-80.46536002,12099.0,3092.1918530000003,2.899552752,44941,46183,1342,0,44841,46023,1485941,100,0,0,100,160
2020-09-27,US,Florida,Pasco,9204,208,0,28.30810945,-82.40227529,12101.0,1661.530796,2.259887006,8996,9162,208,0,8954,9101,539630,42,0,0,42,61
2020-09-27,US,Florida,Pinellas,22004,744,0,27.93130349,-82.72239666,12103.0,2256.829772,3.381203418,21260,21964,744,0,21220,21845,975280,40,0,0,40,119
2020-09-27,US,Florida,Polk,19849,529,0,27.95027105,-81.69732947,12105.0,2738.6354699999997,2.665121669,19320,19765,529,0,19236,19647,708009,84,0,0,84,118
2020-09-27,US,Florida,Putnam,2127,39,0,29.60779729,-81.74230285,12107.0,2854.229009,1.833568406,2088,2120,39,0,2081,2107,74163,7,0,0,7,13
2020-09-27,US,Florida,Santa Rosa,5314,76,0,30.693414500000003,-87.02458128,12113.0,2883.1390079999996,1.4301844190000002,5238,5296,76,0,5220,5279,179349,18,0,0,18,17
2020-09-27,US,Florida,Sarasota,8142,254,0,27.18546175,-82.33174248,12115.0,1877.152777,3.1196266269999997,7888,8107,254,0,7853,8065,426718,35,0,0,35,42
2020-09-27,US,Florida,Seminole,8998,208,0,28.7158582,-81.24060348,12117.0,1907.0589579999998,2.3116248059999998,8790,8972,208,0,8764,8946,467832,26,0,0,26,26
2020-09-27,US,Florida,St. Johns,5308,70,0,29.90096506,-81.43589967,12109.0,2005.501149,1.31876413,5238,5279,70,0,5209,5235,254261,29,0,0,29,44
2020-09-27,US,Florida,St. Lucie,8000,275,0,27.37763908,-80.47106649,12111.0,2436.817881,3.4375,7725,7993,275,0,7718,7952,321128,7,0,0,7,41
2020-09-27,US,Florida,Sumter,2222,67,0,28.70181754,-82.0794267,12119.0,1677.994261,3.01530153,2155,2217,67,0,2150,2210,128754,5,0,0,5,7
2020-09-27,US,Florida,Suwannee,2714,69,0,30.19746066,-82.99099670000001,12121.0,6110.273094,2.542372881,2645,2685,69,0,2616,2674,44191,29,0,0,29,11
2020-09-27,US,Florida,Taylor,1322,13,0,30.04848048,-83.60445406,12123.0,6129.16686,0.983358548,1309,1321,13,0,1308,1317,21623,1,0,0,1,4
2020-09-27,US,Florida,Unassigned,1687,0,0,0.0,0.0,90012.0,0.0,0.0,1687,1669,0,0,1669,1654,,18,0,0,18,15
2020-09-27,US,Florida,Union,955,14,0,30.04412971,-82.37497443,12125.0,6267.637986,1.465968586,941,935,14,0,921,926,14940,20,0,0,20,9
2020-09-27,US,Florida,Volusia,10815,239,0,29.05858895,-81.18263252,12127.0,1954.692346,2.209893666,10576,10789,239,0,10550,10738,547538,26,0,0,26,51
2020-09-27,US,Florida,Wakulla,1126,10,0,30.16548905,-84.39895211,12129.0,3337.384036,0.888099467,1116,1122,10,0,1112,1118,32461,4,0,0,4,4
2020-09-27,US,Florida,Walton,1958,25,0,30.64204028,-86.16935664,12131.0,2643.409702,1.276813075,1933,1952,25,0,1927,1937,71375,6,0,0,6,15
2020-09-27,US,Florida,Washington,1076,22,0,30.61359259,-85.66002461,12133.0,4224.080399,2.044609665,1054,1072,22,0,1050,1068,24880,4,0,0,4,4
2020-09-27,US,Georgia,Appling,1028,28,0,31.74847232,-82.28909114,13001.0,5591.210704,2.7237354089999997,1000,1022,28,0,994,1021,18507,6,0,0,6,1
2020-09-27,US,Georgia,Atkinson,441,3,0,31.29633502,-82.87545866,13003.0,5401.102266,0.680272109,438,441,3,0,438,441,8297,0,0,0,0,0
2020-09-27,US,Georgia,Bacon,597,14,0,31.55456473,-82.45936528,13005.0,5347.545682999999,2.345058626,583,597,14,0,583,595,11185,0,0,0,0,2
2020-09-27,US,Georgia,Baker,84,4,0,31.32669878,-84.44218806,13007.0,2764.976959,4.7619047619999995,80,84,4,0,80,83,3092,0,0,0,0,1
2020-09-27,US,Georgia,Baldwin,2109,56,0,33.06882326,-83.24701748,13009.0,4698.151036,2.655286866,2053,2104,56,0,2048,2087,44823,5,0,0,5,17
2020-09-27,US,Georgia,Banks,482,8,0,34.35607081,-83.49644388,13011.0,2505.9789960000003,1.659751037,474,481,7,0,474,478,18988,1,1,0,0,3
2020-09-27,US,Georgia,Barrow,2174,48,0,33.99148694,-83.71436292,13013.0,2611.725132,2.207911684,2126,2168,48,0,2120,2158,80809,6,0,0,6,10
2020-09-27,US,Georgia,Bartow,2910,85,0,34.23732119,-84.83887523,13015.0,2700.996863,2.920962199,2825,2905,85,0,2820,2888,106408,5,0,0,5,17
2020-09-27,US,Georgia,Ben Hill,772,24,0,31.76095874,-83.22145359,13017.0,4622.754491,3.10880829,748,768,23,0,745,760,16787,4,1,0,3,8
2020-09-27,US,Georgia,Berrien,449,12,0,31.27590016,-83.22529920000001,13019.0,2314.790947,2.672605791,437,449,12,0,437,446,19252,0,0,0,0,3
2020-09-27,US,Georgia,Bibb,6053,170,0,32.80904227,-83.70489165,13021.0,3952.102064,2.8085246980000003,5883,6039,168,0,5871,6024,153095,14,2,0,12,15
2020-09-27,US,Georgia,Bleckley,433,21,0,32.43829035,-83.33035166,13023.0,3363.6293020000003,4.8498845269999995,412,432,20,0,412,431,12838,1,1,0,0,1
2020-09-27,US,Georgia,Brantley,344,10,0,31.19576557,-81.97743999,13025.0,1800.198859,2.9069767439999996,334,343,10,0,333,343,18897,1,0,0,1,0
2020-09-27,US,Georgia,Brooks,520,25,0,30.83922642,-83.58303423,13027.0,3364.1715729999996,4.807692308,495,519,25,0,494,515,15513,1,0,0,1,4
2020-09-27,US,Georgia,Bryan,1147,11,0,32.00979311,-81.44002948,13029.0,2894.49113,0.95902354,1136,1145,11,0,1134,1141,38109,2,0,0,2,4
2020-09-27,US,Georgia,Bulloch,2880,28,0,32.39577406,-81.74811421,13031.0,3617.7268619999995,0.9722222220000001,2852,2875,28,0,2847,2859,77296,5,0,0,5,16
2020-09-27,US,Georgia,Burke,802,10,0,33.05917989,-81.99928721,13033.0,3583.076442,1.246882793,792,800,10,0,790,795,22423,2,0,0,2,5
2020-09-27,US,Georgia,Butts,654,42,0,33.283094500000004,-83.95435040000001,13035.0,2622.714148,6.422018349,612,649,42,0,607,642,24193,5,0,0,5,7
2020-09-27,US,Georgia,Calhoun,244,8,0,31.53169785,-84.62725131,13037.0,3942.4785909999996,3.278688525,236,243,8,0,235,239,6352,1,0,0,1,4
2020-09-27,US,Georgia,Camden,1290,9,0,30.92951916,-81.66601818,13039.0,2359.784875,0.697674419,1281,1289,8,0,1281,1277,53677,1,1,0,0,12
2020-09-27,US,Georgia,Candler,458,19,0,32.40209349,-82.07702563,13043.0,4239.563084,4.148471616,439,455,19,0,436,446,10836,3,0,0,3,9
2020-09-27,US,Georgia,Carroll,2769,68,0,33.58138199,-85.07976677,13045.0,2307.653844,2.455760202,2701,2755,67,0,2688,2734,118121,14,1,0,13,21
2020-09-27,US,Georgia,Catoosa,1181,18,0,34.89872298,-85.13757014,13047.0,1747.5584489999999,1.524132091,1163,1179,18,0,1161,1171,67420,2,0,0,2,8
2020-09-27,US,Georgia,Charlton,633,7,0,30.78371028,-82.13951596,13049.0,4726.702509000001,1.105845182,626,626,7,0,619,625,12968,7,0,0,7,1
2020-09-27,US,Georgia,Chatham,8428,159,0,32.00043026,-81.12489526,13051.0,2911.930346,1.886568581,8269,8407,157,0,8250,8377,289195,21,2,0,19,30
2020-09-27,US,Georgia,Chattahoochee,1633,1,0,32.34341231,-84.78809239,13053.0,14972.03631,0.061236987,1632,1633,1,0,1632,1632,10684,0,0,0,0,1
2020-09-27,US,Georgia,Chattooga,765,22,0,34.47197698,-85.34535662,13055.0,3086.04623,2.875816993,743,762,21,0,741,757,24790,3,1,0,2,5
2020-09-27,US,Georgia,Cherokee,6021,92,0,34.24393976,-84.47431861,13057.0,2326.7497,1.5279853840000002,5929,5994,92,0,5902,5959,254149,27,0,0,27,35
2020-09-27,US,Georgia,Clarke,5024,44,0,33.95436462,-83.37124007,13059.0,3914.8763740000004,0.875796178,4980,5020,44,0,4976,4997,127330,4,0,0,4,23
2020-09-27,US,Georgia,Clay,121,2,0,31.62221166,-84.97713865,13061.0,4269.583627,1.652892562,119,121,2,0,119,120,2887,0,0,0,0,1
2020-09-27,US,Georgia,Clayton,7078,162,0,33.54187245,-84.35594188,13063.0,2421.849338,2.288782142,6916,7094,162,0,6932,7061,289615,-16,0,0,-16,33
2020-09-27,US,Georgia,Clinch,377,6,0,30.91395822,-82.70432472,13065.0,5696.585071,1.5915119359999998,371,377,6,0,371,376,6648,0,0,0,0,1
2020-09-27,US,Georgia,Cobb,19551,426,0,33.94243204,-84.5761255,13067.0,2572.022822,2.178916679,19125,19513,426,0,19087,19430,756865,38,0,0,38,83
2020-09-27,US,Georgia,Coffee,2053,49,0,31.54892966,-82.85492059999999,13069.0,4744.2978299999995,2.386751096,2004,2043,49,0,1994,2036,43093,10,0,0,10,7
2020-09-27,US,Georgia,Colquitt,1878,33,0,31.18810588,-83.7677946,13071.0,4118.421053,1.757188498,1845,1875,33,0,1842,1877,45592,3,0,0,3,-2
2020-09-27,US,Georgia,Columbia,3741,61,0,33.54534185,-82.263524,13073.0,2387.151116,1.6305800590000001,3680,3724,59,0,3665,3704,154291,17,2,0,15,20
2020-09-27,US,Georgia,Cook,549,13,0,31.16068491,-83.42947229,13075.0,3178.922988,2.367941712,536,549,13,0,536,548,17162,0,0,0,0,1
2020-09-27,US,Georgia,Coweta,2605,46,0,33.35334302,-84.76129976,13077.0,1754.102445,1.765834933,2559,2601,45,0,2556,2578,145864,4,1,0,3,23
2020-09-27,US,Georgia,Crawford,167,5,0,32.71391813,-83.98061238,13079.0,1346.33989,2.9940119760000004,162,167,5,0,162,166,12318,0,0,0,0,1
2020-09-27,US,Georgia,Crisp,551,17,0,31.92289565,-83.76811843,13081.0,2462.9000539999997,3.0852994560000004,534,550,17,0,533,545,22601,1,0,0,1,5
2020-09-27,US,Georgia,Dade,282,5,0,34.854916700000004,-85.50490424,13083.0,1749.81385,1.773049645,277,282,5,0,277,282,16226,0,0,0,0,0
2020-09-27,US,Georgia,Dawson,814,7,0,34.44244079,-84.16964071,13085.0,3117.818293,0.85995086,807,812,7,0,805,810,25083,2,0,0,2,2
2020-09-27,US,Georgia,DeKalb,18647,362,0,33.76944049,-84.22396017,13089.0,2455.824269,1.941331045,18285,18600,360,0,18240,18521,756558,47,2,0,45,79
2020-09-27,US,Georgia,Decatur,1149,29,0,30.87967778,-84.57619536,13087.0,4351.613392,2.5239338559999998,1120,1146,29,0,1117,1133,26575,3,0,0,3,13
2020-09-27,US,Georgia,Dodge,426,12,0,32.17265114,-83.16948926,13091.0,2067.459355,2.816901408,414,422,12,0,410,417,20705,4,0,0,4,5
2020-09-27,US,Georgia,Dooly,338,14,0,32.15630737,-83.79746561,13093.0,2524.2718449999998,4.142011834,324,338,14,0,324,338,13706,0,0,0,0,0
2020-09-27,US,Georgia,Dougherty,3147,187,0,31.53328528,-84.21722377,13095.0,3577.9253259999996,5.942167143,2960,3141,187,0,2954,3137,91243,6,0,0,6,4
2020-09-27,US,Georgia,Douglas,3550,71,0,33.70291126,-84.77026156,13097.0,2425.807862,2.0,3479,3543,71,0,3472,3520,145331,7,0,0,7,23
2020-09-27,US,Georgia,Early,493,33,0,31.32155345,-84.90255207,13099.0,4838.076546,6.693711968,460,492,32,0,460,486,10247,1,1,0,0,6
2020-09-27,US,Georgia,Echols,240,2,0,30.71101099,-82.89687287,13101.0,5991.01348,0.833333333,238,240,2,0,238,240,4000,0,0,0,0,0
2020-09-27,US,Georgia,Effingham,1439,23,0,32.36616021,-81.34280942,13103.0,2238.0863510000004,1.598332175,1416,1431,23,0,1408,1423,62190,8,0,0,8,8
2020-09-27,US,Georgia,Elbert,645,3,0,34.11302332,-82.83936148,13105.0,3360.4251329999997,0.46511627899999997,642,645,3,0,642,644,19120,0,0,0,0,1
2020-09-27,US,Georgia,Emanuel,1047,30,0,32.59221302,-82.30239915,13107.0,4623.333039,2.8653295130000003,1017,1038,30,0,1008,1031,22612,9,0,0,9,7
2020-09-27,US,Georgia,Evans,428,6,0,32.15328841,-81.8870105,13109.0,4017.2705090000004,1.401869159,422,423,6,0,417,421,10721,5,0,0,5,2
2020-09-27,US,Georgia,Fannin,651,22,0,34.86430205,-84.316964,13111.0,2485.871391,3.3794162830000003,629,648,22,0,626,641,25964,3,0,0,3,7
2020-09-27,US,Georgia,Fayette,1850,50,0,33.41357794,-84.49089434,13113.0,1616.8360699999998,2.702702703,1800,1840,50,0,1790,1808,113459,10,0,0,10,32
2020-09-27,US,Georgia,Floyd,3161,45,0,34.26268279,-85.21577392,13115.0,3209.202217,1.4236001269999998,3116,3152,45,0,3107,3129,97927,9,0,0,9,23
2020-09-27,US,Georgia,Forsyth,4007,45,0,34.22604035,-84.12315129999999,13117.0,1640.518808,1.123034689,3962,3979,45,0,3934,3926,236612,28,0,0,28,53
2020-09-27,US,Georgia,Franklin,753,13,0,34.37525597,-83.23159927,13119.0,3224.977515,1.7264276230000002,740,752,13,0,739,747,23023,1,0,0,1,5
2020-09-27,US,Georgia,Fulton,27529,575,0,33.79216944,-84.46319413,13121.0,2587.465235,2.088706455,26954,27480,572,0,26908,27389,1050114,49,3,0,46,91
2020-09-27,US,Georgia,Gilmer,818,13,0,34.69316688,-84.45802506,13123.0,2607.669993,1.589242054,805,811,13,0,798,810,30816,7,0,0,7,1
2020-09-27,US,Georgia,Glascock,38,2,0,33.22879932,-82.61297636,13125.0,1279.0306289999999,5.263157895,36,38,2,0,36,38,2995,0,0,0,0,0
2020-09-27,US,Georgia,Glynn,3454,95,0,31.23279254,-81.53811412,13127.0,4049.6177840000005,2.750434279,3359,3452,95,0,3357,3446,85219,2,0,0,2,6
2020-09-27,US,Georgia,Gordon,1846,36,0,34.50487351,-84.87296253,13129.0,3184.790297,1.950162514,1810,1845,36,0,1809,1841,57685,1,0,0,1,4
2020-09-27,US,Georgia,Grady,774,22,0,30.87454847,-84.23418364,13131.0,3142.126416,2.842377261,752,771,22,0,749,768,24748,3,0,0,3,3
2020-09-27,US,Georgia,Greene,501,23,0,33.5769205,-83.17139104,13133.0,2734.119188,4.590818363,478,501,23,0,478,499,17698,0,0,0,0,2
2020-09-27,US,Georgia,Gwinnett,27358,404,0,33.96044201,-84.02137802,13135.0,2922.082777,1.4767161340000001,26954,27296,402,0,26894,27187,927781,62,2,0,60,109
2020-09-27,US,Georgia,Habersham,1640,67,0,34.63331566,-83.53094677,13137.0,3618.072714,4.085365854,1573,1640,67,0,1573,1633,45388,0,0,0,0,7
2020-09-27,US,Georgia,Hall,9247,152,0,34.32207823,-83.81896936,13139.0,4523.065334000001,1.64377636,9095,9225,152,0,9073,9147,202148,22,0,0,22,78
2020-09-27,US,Georgia,Hancock,391,42,0,33.2721566,-82.99766919,13141.0,4623.388909,10.74168798,349,391,42,0,349,387,8348,0,0,0,0,4
2020-09-27,US,Georgia,Haralson,473,8,0,33.79602175,-85.21005667,13143.0,1587.674544,1.691331924,465,469,8,0,461,460,29533,4,0,0,4,9
2020-09-27,US,Georgia,Harris,793,22,0,32.73709786,-84.90538572,13145.0,2250.539221,2.774274905,771,790,21,0,769,786,34475,3,1,0,2,4
2020-09-27,US,Georgia,Hart,507,13,0,34.34626973,-82.96567682,13147.0,1934.745278,2.564102564,494,507,13,0,494,505,26099,0,0,0,0,2
2020-09-27,US,Georgia,Heard,194,5,0,33.29686567,-85.12886832,13149.0,1627.107272,2.577319588,189,194,5,0,189,192,11879,0,0,0,0,2
2020-09-27,US,Georgia,Henry,5208,100,0,33.4533428,-84.14814659999999,13151.0,2220.317956,1.920122888,5108,5181,100,0,5081,5156,230220,27,0,0,27,25
2020-09-27,US,Georgia,Houston,3139,82,0,32.45802497,-83.66879087,13153.0,1988.4330079999997,2.61229691,3057,3126,80,0,3046,3109,155469,13,2,0,11,17
2020-09-27,US,Georgia,Irwin,295,4,0,31.60213036,-83.27501387,13155.0,3132.965166,1.355932203,291,293,4,0,289,294,9398,2,0,0,2,-1
2020-09-27,US,Georgia,Jackson,1987,32,0,34.13794553,-83.56814788,13157.0,2722.775669,1.610468042,1955,1981,32,0,1949,1961,70422,6,0,0,6,20
2020-09-27,US,Georgia,Jasper,221,4,0,33.31535543,-83.68844964,13159.0,1554.2583869999999,1.809954751,217,220,4,0,216,216,14040,1,0,0,1,4
2020-09-27,US,Georgia,Jeff Davis,716,20,0,31.80405727,-82.63724870000001,13161.0,4737.016209,2.7932960889999996,696,716,20,0,696,713,15029,0,0,0,0,3
2020-09-27,US,Georgia,Jefferson,793,28,0,33.05867328,-82.41609057,13163.0,5162.08827,3.5308953339999998,765,790,28,0,762,787,15430,3,0,0,3,3
2020-09-27,US,Georgia,Jenkins,421,29,0,32.79248718,-81.96040187,13165.0,4852.466574,6.888361045,392,415,29,0,386,412,8683,6,0,0,6,3
2020-09-27,US,Georgia,Johnson,416,22,0,32.70211082,-82.66166794,13167.0,4314.010163,5.288461538,394,415,22,0,393,414,9708,1,0,0,1,1
2020-09-27,US,Georgia,Jones,553,8,0,33.02512137,-83.56019163,13169.0,1924.4823390000001,1.446654611,545,548,8,0,540,545,28616,5,0,0,5,3
2020-09-27,US,Georgia,Lamar,365,18,0,33.07841647,-84.14263877,13171.0,1913.298737,4.931506849,347,364,18,0,346,362,19000,1,0,0,1,2
2020-09-27,US,Georgia,Lanier,295,5,0,31.038285700000003,-83.06472457,13173.0,2830.2791899999997,1.694915254,290,295,5,0,290,295,10340,0,0,0,0,0
2020-09-27,US,Georgia,Laurens,1651,69,0,32.46325233,-82.92221316,13175.0,3472.426703,4.1792852819999995,1582,1644,69,0,1575,1632,47325,7,0,0,7,12
2020-09-27,US,Georgia,Lee,698,25,0,31.779330600000005,-84.14324253,13177.0,2327.287277,3.5816618910000004,673,699,25,0,674,697,29764,-1,0,0,-1,2
2020-09-27,US,Georgia,Liberty,1108,22,0,31.82588896,-81.49251135,13179.0,1803.532188,1.985559567,1086,1105,22,0,1083,1103,61497,3,0,0,3,2
2020-09-27,US,Georgia,Lincoln,213,7,0,33.79201475,-82.45024131,13181.0,2689.054412,3.286384977,206,213,7,0,206,213,7915,0,0,0,0,0
2020-09-27,US,Georgia,Long,251,3,0,31.75218791,-81.74952375,13183.0,1283.296692,1.195219124,248,251,3,0,248,246,18998,0,0,0,0,5
2020-09-27,US,Georgia,Lowndes,3900,82,0,30.83568832,-83.27056716,13185.0,3321.806381,2.102564103,3818,3890,82,0,3808,3872,116321,10,0,0,10,18
2020-09-27,US,Georgia,Lumpkin,908,14,0,34.57286511,-84.00425681,13187.0,2701.576912,1.54185022,894,907,14,0,893,905,32955,1,0,0,1,2
2020-09-27,US,Georgia,Macon,233,10,0,32.35207048,-84.04234127,13193.0,1799.6447050000002,4.2918454939999995,223,233,10,0,223,229,13143,0,0,0,0,4
2020-09-27,US,Georgia,Madison,691,8,0,34.12920917,-83.21218732,13195.0,2312.5836679999998,1.157742402,683,689,8,0,681,687,29650,2,0,0,2,2
2020-09-27,US,Georgia,Marion,190,8,0,32.3483402,-84.52733571,13197.0,2272.999163,4.210526316,182,190,8,0,182,190,8351,0,0,0,0,0
2020-09-27,US,Georgia,McDuffie,601,14,0,33.47851918,-82.48252774,13189.0,2820.0075079999997,2.329450915,587,600,14,0,586,595,21531,1,0,0,1,5
2020-09-27,US,Georgia,McIntosh,290,7,0,31.49683595,-81.40163426,13191.0,2016.9703710000001,2.413793103,283,288,7,0,281,287,14340,2,0,0,2,1
2020-09-27,US,Georgia,Meriwether,544,13,0,33.04163534,-84.68859732,13199.0,2570.0382670000004,2.389705882,531,544,13,0,531,544,21068,0,0,0,0,0
2020-09-27,US,Georgia,Miller,260,1,0,31.16568912,-84.73151117,13201.0,4547.0444210000005,0.384615385,259,256,1,0,255,254,5686,4,0,0,4,2
2020-09-27,US,Georgia,Mitchell,806,45,0,31.22483255,-84.19381821,13205.0,3686.593789,5.583126551,761,799,45,0,754,793,22192,7,0,0,7,6
2020-09-27,US,Georgia,Monroe,686,51,0,33.014289,-83.92097166,13207.0,2487.490028,7.434402332,635,684,50,0,634,676,27520,2,1,0,1,8
2020-09-27,US,Georgia,Montgomery,304,5,0,32.17201038,-82.53527476,13209.0,3314.435238,1.644736842,299,305,5,0,300,304,9193,-1,0,0,-1,1
2020-09-27,US,Georgia,Morgan,481,2,0,33.59232073,-83.49129491,13211.0,2495.330982,0.415800416,479,481,2,0,479,478,18853,0,0,0,0,3
2020-09-27,US,Georgia,Murray,826,6,0,34.78897608,-84.74993177,13213.0,2060.055866,0.726392252,820,822,6,0,816,818,39921,4,0,0,4,4
2020-09-27,US,Georgia,Muscogee,6009,169,0,32.50931999,-84.87142262,13215.0,3069.433874,2.812447995,5840,5991,169,0,5822,5973,194160,18,0,0,18,18
2020-09-27,US,Georgia,Newton,2581,88,0,33.55514538,-83.84547140000001,13217.0,2309.7437,3.409531189,2493,2579,87,0,2492,2575,109541,2,1,0,1,4
2020-09-27,US,Georgia,Oconee,739,26,0,33.83749973,-83.43679568,13219.0,1834.657398,3.51826793,713,740,26,0,714,736,39272,-1,0,0,-1,4
2020-09-27,US,Georgia,Oglethorpe,330,11,0,33.878629600000004,-83.08278123,13221.0,2162.658103,3.333333333,319,330,11,0,319,329,15054,0,0,0,0,1
2020-09-27,US,Georgia,Out of GA,16364,157,0,0.0,0.0,80013.0,0.0,0.9594231240000001,16207,16320,156,0,16164,16425,,44,1,0,43,-105
2020-09-27,US,Georgia,Paulding,2776,53,0,33.91969522,-84.86848792,13223.0,1645.84655,1.9092219019999999,2723,2770,53,0,2717,2760,164044,6,0,0,6,10
2020-09-27,US,Georgia,Peach,670,24,0,32.56934316,-83.82937,13225.0,2432.29507,3.582089552,646,666,24,0,642,665,27297,4,0,0,4,1
2020-09-27,US,Georgia,Pickens,618,10,0,34.46589159,-84.46406611,13227.0,1896.22902,1.6181229769999999,608,618,10,0,608,615,31980,0,0,0,0,3
2020-09-27,US,Georgia,Pierce,606,20,0,31.35928155,-82.21598442,13229.0,3113.2802469999997,3.3003300330000003,586,603,20,0,583,602,19389,3,0,0,3,1
2020-09-27,US,Georgia,Pike,326,10,0,33.09310242,-84.38790389,13231.0,1719.22793,3.067484663,316,324,10,0,314,323,18634,2,0,0,2,1
2020-09-27,US,Georgia,Polk,1476,17,0,34.00267074,-85.18677781,13233.0,3463.731725,1.151761518,1459,1474,17,0,1457,1468,42470,2,0,0,2,6
2020-09-27,US,Georgia,Pulaski,312,22,0,32.23334561,-83.47549959999999,13235.0,2801.472569,7.051282051,290,312,22,0,290,312,11069,0,0,0,0,0
2020-09-27,US,Georgia,Putnam,688,25,0,33.32056115,-83.37552891,13237.0,3110.448031,3.63372093,663,684,25,0,659,683,21809,4,0,0,4,1
2020-09-27,US,Georgia,Quitman,32,1,0,31.86728114,-85.01773177,13239.0,1391.909526,3.125,31,32,1,0,31,32,2279,0,0,0,0,0
2020-09-27,US,Georgia,Rabun,340,9,0,34.88389445,-83.40304637,13241.0,1984.011204,2.647058824,331,338,9,0,329,335,16867,2,0,0,2,3
2020-09-27,US,Georgia,Randolph,331,29,0,31.76622818,-84.75732369,13243.0,4883.446444,8.761329305,302,331,29,0,302,331,6833,0,0,0,0,0
2020-09-27,US,Georgia,Richmond,7101,162,0,33.35777107,-82.07026432,13245.0,3506.3549909999997,2.281368821,6939,7062,162,0,6900,7027,201554,39,0,0,39,35
2020-09-27,US,Georgia,Rockdale,1852,36,0,33.65145002,-84.02202167,13247.0,2037.4933989999997,1.943844492,1816,1846,36,0,1810,1842,90594,6,0,0,6,4
2020-09-27,US,Georgia,Schley,105,2,0,32.2654021,-84.31258912,13249.0,1997.336884,1.904761905,103,105,2,0,103,105,5236,0,0,0,0,0
2020-09-27,US,Georgia,Screven,414,10,0,32.74976524,-81.60779441,13251.0,2964.341973,2.415458937,404,412,10,0,402,406,13938,2,0,0,2,6
2020-09-27,US,Georgia,Seminole,356,9,0,30.93464824,-84.86823924,13253.0,4400.494438000001,2.5280898880000002,347,355,9,0,346,354,8315,1,0,0,1,1
2020-09-27,US,Georgia,Spalding,1333,61,0,33.26310031,-84.28013991,13255.0,1998.410866,4.5761440360000005,1272,1332,61,0,1271,1327,66100,1,0,0,1,5
2020-09-27,US,Georgia,Stephens,1058,38,0,34.55151201,-83.29405315,13257.0,4081.002893,3.59168242,1020,1057,38,0,1019,1050,26035,1,0,0,1,7
2020-09-27,US,Georgia,Stewart,521,14,0,32.07996777,-84.83208037,13259.0,7868.901979,2.687140115,507,521,14,0,507,520,6199,0,0,0,0,1
2020-09-27,US,Georgia,Sumter,930,62,0,32.03650571,-84.19821492,13261.0,3149.979678,6.666666667,868,929,62,0,867,928,29733,1,0,0,1,1
2020-09-27,US,Georgia,Talbot,166,6,0,32.69642758,-84.53351366,13263.0,2679.580307,3.614457831,160,166,6,0,160,166,6272,0,0,0,0,0
2020-09-27,US,Georgia,Taliaferro,22,0,0,33.56543317,-82.88136816,13265.0,1431.359792,0.0,22,22,0,0,22,22,1608,0,0,0,0,0
2020-09-27,US,Georgia,Tattnall,832,12,0,32.04785085,-82.05539188,13267.0,3290.358301,1.442307692,820,832,11,0,821,826,25391,0,1,0,-1,6
2020-09-27,US,Georgia,Taylor,210,10,0,32.55792548,-84.25077141,13269.0,2618.453865,4.7619047619999995,200,208,10,0,198,208,8039,2,0,0,2,0
2020-09-27,US,Georgia,Telfair,384,18,0,31.92829517,-82.93491155,13271.0,2421.185372,4.6875,366,383,18,0,365,383,15876,1,0,0,1,0
2020-09-27,US,Georgia,Terrell,329,32,0,31.77527543,-84.44069698,13273.0,3856.523268,9.726443769,297,329,31,0,298,328,8611,0,1,0,-1,1
2020-09-27,US,Georgia,Thomas,1492,63,0,30.86392347,-83.91847289,13275.0,3356.504916,4.222520107,1429,1488,63,0,1425,1486,44448,4,0,0,4,2
2020-09-27,US,Georgia,Tift,1774,57,0,31.45743864,-83.5236119,13277.0,4364.727881,3.21307779,1717,1771,57,0,1714,1754,40571,3,0,0,3,17
2020-09-27,US,Georgia,Toombs,1327,49,0,32.12059861,-82.32957247,13279.0,4945.956019,3.692539563,1278,1326,49,0,1277,1312,26887,1,0,0,1,14
2020-09-27,US,Georgia,Towns,331,9,0,34.91369188,-83.74107459999999,13281.0,2749.8546149999997,2.719033233,322,329,9,0,320,322,11852,2,0,0,2,7
2020-09-27,US,Georgia,Treutlen,258,8,0,32.40422134,-82.56904553,13283.0,3738.5886100000002,3.1007751939999997,250,257,8,0,249,256,6809,1,0,0,1,1
2020-09-27,US,Georgia,Troup,2802,96,0,33.03349196,-85.02812115,13285.0,4007.3224450000002,3.426124197,2706,2800,96,0,2704,2796,70034,2,0,0,2,4
2020-09-27,US,Georgia,Turner,304,22,0,31.71612656,-83.62069378,13287.0,3807.1383840000003,7.236842105,282,301,22,0,279,296,7912,3,0,0,3,5
2020-09-27,US,Georgia,Twiggs,192,7,0,32.67435595,-83.43078662,13289.0,2364.53202,3.645833333,185,187,7,0,180,187,8188,5,0,0,5,0
2020-09-27,US,Georgia,Unassigned,2237,6,0,0.0,0.0,90013.0,0.0,0.268216361,2231,2235,6,0,2229,2223,,2,0,0,2,12
2020-09-27,US,Georgia,Union,757,20,0,34.82995757,-83.98967069,13291.0,3088.409286,2.642007926,737,757,20,0,737,737,24001,0,0,0,0,20
2020-09-27,US,Georgia,Upson,789,62,0,32.87920671,-84.30024826,13293.0,2997.7203649999997,7.858048162,727,786,62,0,724,783,26215,3,0,0,3,3
2020-09-27,US,Georgia,Walker,1531,35,0,34.73376362,-85.30165174,13295.0,2194.635971,2.286087524,1496,1527,34,0,1493,1521,69410,4,1,0,3,6
2020-09-27,US,Georgia,Walton,1813,54,0,33.78017694,-83.73552314,13297.0,1916.632309,2.978488693,1759,1802,53,0,1749,1781,93503,11,1,0,10,21
2020-09-27,US,Georgia,Ware,1492,59,0,31.05449097,-82.42224148,13299.0,4175.295236999999,3.954423592,1433,1485,59,0,1426,1480,35680,7,0,0,7,5
2020-09-27,US,Georgia,Warren,150,5,0,33.41146451,-82.67795848,13301.0,2854.9676440000003,3.333333333,145,145,5,0,140,142,5251,5,0,0,5,3
2020-09-27,US,Georgia,Washington,671,8,0,32.96711864,-82.79357039,13303.0,3293.413174,1.192250373,663,670,8,0,662,666,20386,1,0,0,1,4
2020-09-27,US,Georgia,Wayne,1128,30,0,31.5521809,-81.91894878,13305.0,3769.1716509999997,2.659574468,1098,1123,29,0,1094,1118,29808,5,1,0,4,5
2020-09-27,US,Georgia,Webster,44,2,0,32.04066113,-84.54742852,13307.0,1687.7637129999998,4.545454545,42,44,2,0,42,44,2611,0,0,0,0,0
2020-09-27,US,Georgia,Wheeler,332,11,0,32.12009104,-82.72574721,13309.0,4226.607257,3.3132530119999997,321,331,11,0,320,329,7879,1,0,0,1,2
2020-09-27,US,Georgia,White,832,19,0,34.64624278,-83.74905525,13311.0,2701.474122,2.283653846,813,831,19,0,812,828,29970,1,0,0,1,3
2020-09-27,US,Georgia,Whitfield,4562,60,0,34.80987459,-84.96093476,13313.0,4360.2095039999995,1.3152126259999999,4502,4551,60,0,4491,4530,104062,11,0,0,11,21
2020-09-27,US,Georgia,Wilcox,248,20,0,31.97496928,-83.43438555,13315.0,2872.032426,8.064516129,228,248,20,0,228,248,8812,0,0,0,0,0
2020-09-27,US,Georgia,Wilkes,266,5,0,33.78290391,-82.74286107,13317.0,2720.670962,1.879699248,261,266,5,0,261,264,9876,0,0,0,0,2
2020-09-27,US,Georgia,Wilkinson,336,18,0,32.80291082,-83.17140684,13319.0,3752.512843,5.3571428569999995,318,335,18,0,317,336,9036,1,0,0,1,-1
2020-09-27,US,Georgia,Worth,530,30,0,31.55162306,-83.85090513,13321.0,2617.671754,5.660377358,500,531,30,0,501,528,20299,-1,0,0,-1,3
2020-09-27,US,Hawaii,Hawaii,700,15,0,19.60121157,-155.5210167,15001.0,347.3721298,2.142857143,685,693,15,0,678,691,200983,7,0,0,7,2
2020-09-27,US,Hawaii,Honolulu,10939,107,0,21.45803166,-157.97121819999998,15003.0,1122.451807,0.9781515679999999,10832,10848,106,0,10742,10724,980080,91,1,0,90,124
2020-09-27,US,Hawaii,Kauai,59,0,0,22.03935037,-159.5966786,15007.0,81.61232761,0.0,59,59,0,0,59,58,72133,0,0,0,0,1
2020-09-27,US,Hawaii,Maui,388,9,0,20.86399628,-156.56890969999998,15009.0,231.75663160000002,2.319587629,379,388,9,0,379,388,167207,0,0,0,0,0
2020-09-27,US,Hawaii,Out of HI,30,1,0,0.0,0.0,80015.0,0.0,3.333333333,29,30,1,0,29,30,,0,0,0,0,0
2020-09-27,US,Idaho,Ada,12862,147,0,43.4526575,-116.24155159999998,16001.0,2670.7531559999998,1.142901571,12715,12831,147,0,12684,12693,469966,31,0,0,31,138
2020-09-27,US,Idaho,Adams,28,2,0,44.89333571,-116.4545247,16003.0,652.0726595,7.142857143,26,28,2,0,26,28,4250,0,0,0,0,0
2020-09-27,US,Idaho,Bannock,1025,4,0,42.67002716,-112.2233311,16005.0,1167.319606,0.39024390200000003,1021,997,4,0,993,972,87138,28,0,0,28,25
2020-09-27,US,Idaho,Bear Lake,42,1,0,42.28269683,-111.32892379999998,16007.0,685.7142857000001,2.3809523809999997,41,42,1,0,41,42,6050,0,0,0,0,0
2020-09-27,US,Idaho,Benewah,142,3,0,47.21754179,-116.6586851,16009.0,1527.210153,2.1126760559999997,139,142,3,0,139,141,9226,0,0,0,0,1
2020-09-27,US,Idaho,Bingham,914,10,0,43.21672879999999,-112.3978437,16011.0,1952.5325239999997,1.0940919040000001,904,896,10,0,886,881,46236,18,0,0,18,15
2020-09-27,US,Idaho,Blaine,664,6,0,43.4085812,-113.9752658,16013.0,2884.323009,0.903614458,658,664,6,0,658,648,22601,0,0,0,0,16
2020-09-27,US,Idaho,Boise,70,2,0,43.98829931,-115.7309284,16015.0,893.8832844000001,2.857142857,68,70,2,0,68,67,7634,0,0,0,0,3
2020-09-27,US,Idaho,Bonner,321,0,0,48.29996017,-116.6017932,16017.0,701.808085,0.0,321,321,0,0,321,320,44727,0,0,0,0,1
2020-09-27,US,Idaho,Bonneville,2716,16,0,43.38713372,-111.6161537,16019.0,2281.164435,0.58910162,2700,2694,16,0,2678,2638,116854,22,0,0,22,56
2020-09-27,US,Idaho,Boundary,57,1,0,48.76684761,-116.4630179,16021.0,465.4961209,1.754385965,56,57,1,0,56,57,11948,0,0,0,0,0
2020-09-27,US,Idaho,Butte,30,0,0,43.72592209,-113.1735463,16023.0,1155.1790529999998,0.0,30,28,0,0,28,27,2611,2,0,0,2,1
2020-09-27,US,Idaho,Camas,31,0,0,43.46665742,-114.8065892,16025.0,2802.893309,0.0,31,31,0,0,31,27,1127,0,0,0,0,4
2020-09-27,US,Idaho,Canyon,8168,101,0,43.61970148,-116.70954990000001,16027.0,3553.637388,1.236532811,8067,8143,101,0,8042,8087,223499,25,0,0,25,56
2020-09-27,US,Idaho,Caribou,116,0,0,42.77149116,-111.5597683,16029.0,1621.2438849999999,0.0,116,116,0,0,116,105,7060,0,0,0,0,11
2020-09-27,US,Idaho,Cassia,724,5,0,42.28347888,-113.6012409,16031.0,3012.900541,0.690607735,719,724,5,0,719,705,23864,0,0,0,0,19
2020-09-27,US,Idaho,Clark,33,0,0,44.28496071,-112.35057040000001,16033.0,3905.3254439999996,0.0,33,32,0,0,32,32,852,1,0,0,1,0
2020-09-27,US,Idaho,Clearwater,44,0,0,46.67459924,-115.6622393,16035.0,502.51256280000007,0.0,44,44,0,0,44,44,8758,0,0,0,0,0
2020-09-27,US,Idaho,Custer,66,1,0,44.24186819,-114.2855494,16037.0,1529.548088,1.515151515,65,65,1,0,64,64,4280,1,0,0,1,1
2020-09-27,US,Idaho,Elmore,342,3,0,43.3507101,-115.4701578,16039.0,1243.139108,0.8771929820000001,339,342,3,0,339,338,27259,0,0,0,0,4
2020-09-27,US,Idaho,Franklin,121,0,0,42.18332217,-111.81496659999999,16041.0,872.0092245999999,0.0,121,115,0,0,115,109,13726,6,0,0,6,6
2020-09-27,US,Idaho,Fremont,199,3,0,44.22800938,-111.48099429999999,16043.0,1519.199939,1.5075376880000002,196,197,3,0,194,188,13168,2,0,0,2,9
2020-09-27,US,Idaho,Gem,326,2,0,44.06482372,-116.398376,16045.0,1799.9116609999999,0.613496933,324,323,2,0,321,307,17634,3,0,0,3,16
2020-09-27,US,Idaho,Gooding,284,1,0,42.96927962,-114.81083059999999,16047.0,1871.005995,0.352112676,283,283,1,0,282,280,15196,1,0,0,1,3
2020-09-27,US,Idaho,Idaho,198,0,0,45.84721541,-115.4634436,16049.0,1187.97624,0.0,198,198,0,0,198,198,16513,0,0,0,0,0
2020-09-27,US,Idaho,Jefferson,569,2,0,43.82078483,-112.3131749,16051.0,1904.857554,0.35149384899999997,567,558,2,0,556,549,29439,11,0,0,11,9
2020-09-27,US,Idaho,Jerome,756,7,0,42.68891267,-114.2655033,16053.0,3096.837621,0.9259259259999999,749,756,7,0,749,753,24015,0,0,0,0,3
2020-09-27,US,Idaho,Kootenai,2654,34,0,47.67282258,-116.7020872,16055.0,1601.7188,1.2810851540000001,2620,2655,34,0,2621,2634,161505,-1,0,0,-1,21
2020-09-27,US,Idaho,Latah,416,0,0,46.81587887,-116.71136979999999,16057.0,1037.199561,0.0,416,413,0,0,413,409,40134,3,0,0,3,4
2020-09-27,US,Idaho,Lemhi,93,0,0,44.9438088,-113.9309747,16059.0,1158.58976,0.0,93,92,0,0,92,85,7961,1,0,0,1,7
2020-09-27,US,Idaho,Lewis,15,0,0,46.23315327,-116.434146,16061.0,390.8285565,0.0,15,15,0,0,15,15,3861,0,0,0,0,0
2020-09-27,US,Idaho,Lincoln,91,0,0,43.0012336,-114.1358773,16063.0,1695.8628399999998,0.0,91,91,0,0,91,88,5360,0,0,0,0,3
2020-09-27,US,Idaho,Madison,736,1,0,43.78141028,-111.65384740000002,16065.0,1844.2879699999999,0.135869565,735,703,1,0,702,654,39304,33,0,0,33,49
2020-09-27,US,Idaho,Minidoka,685,8,0,42.85518524,-113.6357257,16067.0,3255.8581679999998,1.167883212,677,685,8,0,677,675,20825,0,0,0,0,10
2020-09-27,US,Idaho,Nez Perce,435,24,0,46.32638236,-116.75009750000001,16069.0,1076.519501,5.517241379,411,435,24,0,411,435,40408,0,0,0,0,0
2020-09-27,US,Idaho,Oneida,26,0,0,42.19494279999999,-112.5407838,16071.0,573.8247627000001,0.0,26,24,0,0,24,24,4488,2,0,0,2,0
2020-09-27,US,Idaho,Owyhee,329,5,0,42.58016894,-116.16938710000001,16073.0,2782.711664,1.519756839,324,330,5,0,325,326,11693,-1,0,0,-1,4
2020-09-27,US,Idaho,Payette,876,8,0,44.00545243,-116.7647695,16075.0,3657.467329,0.9132420090000001,868,871,8,0,863,864,23551,5,0,0,5,7
2020-09-27,US,Idaho,Power,236,1,0,42.69254894,-112.83957420000002,16077.0,3072.516599,0.423728814,235,230,1,0,229,227,7768,6,0,0,6,3
2020-09-27,US,Idaho,Shoshone,215,18,0,47.35364087,-115.89167490000001,16079.0,1668.995498,8.372093023,197,215,18,0,197,215,12796,0,0,0,0,0
2020-09-27,US,Idaho,Teton,168,0,0,43.75303583,-111.2056773,16081.0,1383.62708,0.0,168,165,0,0,165,162,11640,3,0,0,3,3
2020-09-27,US,Idaho,Twin Falls,2224,37,0,42.35440512,-114.6685381,16083.0,2559.9116,1.663669065,2187,2225,37,0,2188,2196,86081,-1,0,0,-1,29
2020-09-27,US,Idaho,Valley,93,1,0,44.76728382,-115.5676773,16085.0,816.3623596,1.075268817,92,91,1,0,90,91,11041,2,0,0,2,0
2020-09-27,US,Idaho,Washington,361,6,0,44.45275475,-116.78476880000001,16087.0,3541.298803,1.6620498609999999,355,359,6,0,353,356,10161,2,0,0,2,3
2020-09-27,US,Illinois,Adams,1123,10,0,39.98815591,-91.18786813,17001.0,1716.206923,0.89047195,1113,1112,10,0,1102,1082,65691,11,0,0,11,30
2020-09-27,US,Illinois,Alexander,81,1,0,37.18049267,-89.32910838,17003.0,1406.0059019999999,1.234567901,80,80,1,0,79,76,6060,1,0,0,1,4
2020-09-27,US,Illinois,Bond,328,5,0,38.88829622,-89.43534887,17005.0,1996.8342870000001,1.5243902440000001,323,322,5,0,317,313,16630,6,0,0,6,9
2020-09-27,US,Illinois,Boone,1125,23,0,42.32359279,-88.82345779,17007.0,2101.0757510000003,2.0444444440000002,1102,1113,23,0,1090,1095,53577,12,0,0,12,18
2020-09-27,US,Illinois,Brown,61,0,0,39.96209138,-90.75068024,17009.0,927.333536,0.0,61,59,0,0,59,56,6556,2,0,0,2,3
2020-09-27,US,Illinois,Bureau,641,11,0,41.40385234,-89.5283051,17011.0,1964.5703079999998,1.716068643,630,637,11,0,626,625,32993,4,0,0,4,12
2020-09-27,US,Illinois,Calhoun,60,0,0,39.16840183,-90.66330078,17013.0,1266.089892,0.0,60,59,0,0,59,58,4802,1,0,0,1,1
2020-09-27,US,Illinois,Carroll,230,5,0,42.06823429,-89.93395545,17015.0,1607.82943,2.173913043,225,227,4,0,223,228,14312,3,1,0,2,-1
2020-09-27,US,Illinois,Cass,398,11,0,39.96991073,-90.24734436,17017.0,3276.529184,2.763819095,387,395,11,0,384,393,12260,3,0,0,3,2
2020-09-27,US,Illinois,Champaign,4703,20,0,40.13919438,-88.20046615,17019.0,2242.845357,0.42526047200000006,4683,4645,20,0,4625,4583,209983,58,0,0,58,62
2020-09-27,US,Illinois,Christian,539,11,0,39.54581621,-89.27780482,17021.0,1668.524022,2.040816327,528,537,11,0,526,521,32661,2,0,0,2,16
2020-09-27,US,Illinois,Clark,173,2,0,39.33425789,-87.78705622,17023.0,1120.393757,1.1560693640000002,171,172,2,0,170,158,15596,1,0,0,1,14
2020-09-27,US,Illinois,Clay,154,0,0,38.75388572,-88.48914513,17025.0,1168.082524,0.0,154,151,0,0,151,149,13253,3,0,0,3,2
2020-09-27,US,Illinois,Clinton,1169,20,0,38.60704876,-89.42385254,17027.0,3112.187849,1.710863986,1149,1153,20,0,1133,1129,37639,16,0,0,16,24
2020-09-27,US,Illinois,Coles,1464,30,0,39.51949084,-88.22358557,17029.0,2892.080362,2.0491803280000003,1434,1450,30,0,1420,1437,50885,14,0,0,14,13
2020-09-27,US,Illinois,Cook,143634,5210,0,41.84144849,-87.81658794,17031.0,2788.883532,3.627274879,138424,143084,5203,0,137881,142215,5180493,550,7,0,543,869
2020-09-27,US,Illinois,Crawford,450,3,0,39.0032229,-87.75954624,17033.0,2410.671238,0.666666667,447,440,3,0,437,429,18807,10,0,0,10,11
2020-09-27,US,Illinois,Cumberland,217,5,0,39.27432424,-88.2401158,17035.0,2015.6046809999998,2.304147465,212,215,5,0,210,211,10808,2,0,0,2,4
2020-09-27,US,Illinois,De Witt,122,1,0,40.17514519,-88.90959682,17039.0,780.1509143999999,0.8196721309999999,121,116,1,0,115,112,15769,6,0,0,6,4
2020-09-27,US,Illinois,DeKalb,1579,38,0,41.89373302,-88.76958483,17037.0,1505.2861380000002,2.406586447,1541,1567,38,0,1529,1551,104143,12,0,0,12,16
2020-09-27,US,Illinois,Douglas,312,7,0,39.76768052,-88.21854195,17041.0,1602.876959,2.243589744,305,308,7,0,301,303,19479,4,0,0,4,5
2020-09-27,US,Illinois,DuPage,17471,561,0,41.85116968,-88.08642662,17043.0,1893.011428,3.21103543,16910,17393,560,0,16833,17253,928589,78,1,0,77,140
2020-09-27,US,Illinois,Edgar,113,8,0,39.6809186,-87.74759563,17045.0,658.4697861000001,7.079646017999999,105,113,8,0,105,113,17360,0,0,0,0,0
2020-09-27,US,Illinois,Edwards,63,0,0,38.41353228,-88.05720863,17047.0,985.1446443,0.0,63,63,0,0,63,64,6392,0,0,0,0,-1
2020-09-27,US,Illinois,Effingham,870,2,0,39.05935711,-88.58969584,17049.0,2558.221595,0.229885057,868,865,3,0,862,858,34208,5,-1,0,6,7
2020-09-27,US,Illinois,Fayette,418,3,0,39.00072038,-89.02452658,17051.0,1959.130109,0.7177033490000001,415,406,3,0,403,402,21416,12,0,0,12,4
2020-09-27,US,Illinois,Ford,106,5,0,40.59706922,-88.22350769,17053.0,817.8381297999999,4.716981132,101,104,5,0,99,100,13264,2,0,0,2,4
2020-09-27,US,Illinois,Franklin,539,3,0,37.99189086,-88.92567818,17055.0,1401.128181,0.556586271,536,530,3,0,527,520,38701,9,0,0,9,10
2020-09-27,US,Illinois,Fulton,176,0,0,40.47289135,-90.20862357,17057.0,512.5218404,0.0,176,174,0,0,174,162,34844,2,0,0,2,12
2020-09-27,US,Illinois,Gallatin,73,2,0,37.76430935,-88.22953869,17059.0,1512.013256,2.7397260269999997,71,72,2,0,70,71,5058,1,0,0,1,1
2020-09-27,US,Illinois,Greene,227,11,0,39.35907414,-90.388865,17061.0,1750.3277050000002,4.845814978,216,226,11,0,215,219,13044,1,0,0,1,7
2020-09-27,US,Illinois,Grundy,669,5,0,41.28569601,-88.41905692,17063.0,1310.377248,0.747384155,664,667,5,0,662,659,50972,2,0,0,2,8
2020-09-27,US,Illinois,Hamilton,68,2,0,38.08163641,-88.53883373,17065.0,837.8511582,2.9411764710000003,66,68,1,0,67,68,8163,0,1,0,-1,0
2020-09-27,US,Illinois,Hancock,217,3,0,40.40423981,-91.16313899,17067.0,1225.4348320000001,1.382488479,214,215,3,0,212,206,17844,2,0,0,2,9
2020-09-27,US,Illinois,Hardin,40,0,0,37.51810645,-88.26873022,17069.0,1046.846375,0.0,40,39,0,0,39,39,3910,1,0,0,1,0
2020-09-27,US,Illinois,Henderson,66,0,0,40.81908672,-90.92491462,17071.0,993.0785435,0.0,66,66,0,0,66,66,6709,0,0,0,0,0
2020-09-27,US,Illinois,Henry,666,5,0,41.3533994,-90.13296166,17073.0,1361.60121,0.750750751,661,664,5,0,659,656,49090,2,0,0,2,8
2020-09-27,US,Illinois,Iroquois,365,19,0,40.74717633,-87.82466784,17075.0,1346.1680310000002,5.205479452,346,364,19,0,345,361,27604,1,0,0,1,3
2020-09-27,US,Illinois,Jackson,1261,24,0,37.78595185,-89.38232563,17077.0,2222.026432,1.9032513880000002,1237,1259,24,0,1235,1257,57419,2,0,0,2,2
2020-09-27,US,Illinois,Jasper,211,9,0,39.01054275,-88.15437049,17079.0,2195.629553,4.265402844,202,211,9,0,202,206,9611,0,0,0,0,5
2020-09-27,US,Illinois,Jefferson,611,38,0,38.29980057,-88.9240025,17081.0,1621.377773,6.2193126020000005,573,600,38,0,562,587,37820,11,0,0,11,13
2020-09-27,US,Illinois,Jersey,392,15,0,39.08869046,-90.35393073,17083.0,1800.3949850000001,3.826530612,377,390,15,0,375,389,21847,2,0,0,2,1
2020-09-27,US,Illinois,Jo Daviess,263,2,0,42.36542373,-90.21094405,17085.0,1238.521309,0.760456274,261,259,2,0,257,257,21366,4,0,0,4,2
2020-09-27,US,Illinois,Johnson,156,0,0,37.45939802,-88.88165419,17087.0,1256.3421119999998,0.0,156,153,0,0,153,153,12456,3,0,0,3,0
2020-09-27,US,Illinois,Kane,13092,326,0,41.93842729,-88.42861412,17089.0,2459.039487,2.490070272,12766,13065,326,0,12739,12974,534216,27,0,0,27,91
2020-09-27,US,Illinois,Kankakee,2741,77,0,41.13746989,-87.86205334,17091.0,2494.948208,2.809193725,2664,2731,77,0,2654,2709,110024,10,0,0,10,22
2020-09-27,US,Illinois,Kendall,2009,25,0,41.59081014,-88.42869583,17093.0,1557.485076,1.244400199,1984,1997,25,0,1972,1975,127915,12,0,0,12,22
2020-09-27,US,Illinois,Knox,670,3,0,40.93148779,-90.21330340000002,17095.0,1348.115656,0.447761194,667,648,3,0,645,640,50112,22,0,0,22,8
2020-09-27,US,Illinois,LaSalle,1712,57,0,41.34426129999999,-88.88633881,17099.0,1575.426295,3.329439252,1655,1701,57,0,1644,1682,109430,11,0,0,11,19
2020-09-27,US,Illinois,Lake,16892,487,0,42.3224907,-88.00367925,17097.0,2425.147336,2.883021549,16405,16794,487,0,16307,16733,700832,98,0,0,98,61
2020-09-27,US,Illinois,Lawrence,256,2,0,38.71987914,-87.72884035,17101.0,1632.861334,0.78125,254,254,2,0,252,252,15765,2,0,0,2,2
2020-09-27,US,Illinois,Lee,371,1,0,41.74583951,-89.29977132,17103.0,1088.104176,0.269541779,370,368,1,0,367,360,34223,3,0,0,3,8
2020-09-27,US,Illinois,Livingston,395,6,0,40.89188292,-88.55784752,17105.0,1108.056553,1.518987342,389,388,6,0,382,371,35761,7,0,0,7,17
2020-09-27,US,Illinois,Logan,464,1,0,40.12581572,-89.36638784,17107.0,1621.3571880000002,0.21551724100000003,463,461,1,0,460,459,28925,3,0,0,3,2
2020-09-27,US,Illinois,Macon,1544,44,0,39.86064913,-88.96342505,17115.0,1484.486919,2.849740933,1500,1503,44,0,1459,1487,104712,41,0,0,41,16
2020-09-27,US,Illinois,Macoupin,544,7,0,39.26119767,-89.92424028,17117.0,1210.880114,1.286764706,537,540,7,0,533,535,45313,4,0,0,4,5
2020-09-27,US,Illinois,Madison,5698,136,0,38.83042506,-89.90422563,17119.0,2166.820045,2.386802387,5562,5666,136,0,5530,5565,264461,32,0,0,32,101
2020-09-27,US,Illinois,Marion,554,0,0,38.64963204,-88.91899208,17121.0,1489.0471710000002,0.0,554,548,0,0,548,532,37620,6,0,0,6,16
2020-09-27,US,Illinois,Marshall,104,0,0,41.0327901,-89.34510444,17123.0,909.2498688999999,0.0,104,101,0,0,101,101,11534,3,0,0,3,0
2020-09-27,US,Illinois,Mason,147,1,0,40.23917274,-89.91824452,17125.0,1100.381765,0.680272109,146,145,1,0,144,140,13565,2,0,0,2,5
2020-09-27,US,Illinois,Massac,112,2,0,37.22078441,-88.71036614,17127.0,813.2442637,1.785714286,110,109,2,0,107,107,14080,3,0,0,3,2
2020-09-27,US,Illinois,McDonough,480,15,0,40.45674722,-90.67775541,17109.0,1617.141702,3.125,465,480,15,0,465,475,29955,0,0,0,0,5
2020-09-27,US,Illinois,McHenry,4581,118,0,42.32451172,-88.45248227,17111.0,1488.429822,2.5758568,4463,4567,118,0,4449,4536,308570,14,0,0,14,31
2020-09-27,US,Illinois,McLean,3279,23,0,40.48996987,-88.84621113,17113.0,1911.763848,0.7014333640000001,3256,3260,23,0,3237,3245,172828,19,0,0,19,15
2020-09-27,US,Illinois,Menard,125,1,0,40.02742725,-89.80246001,17129.0,1024.926205,0.8,124,125,1,0,124,124,12288,0,0,0,0,1
2020-09-27,US,Illinois,Mercer,139,5,0,41.20596782,-90.74290052,17131.0,900.4340222000001,3.597122302,134,137,5,0,132,137,15601,2,0,0,2,0
2020-09-27,US,Illinois,Monroe,674,16,0,38.27594376,-90.17761038,17133.0,1945.896007,2.37388724,658,673,15,0,658,652,34335,1,1,0,0,21
2020-09-27,US,Illinois,Montgomery,372,13,0,39.23198845,-89.47809254,17135.0,1309.213768,3.4946236560000004,359,371,13,0,358,362,28601,1,0,0,1,9
2020-09-27,US,Illinois,Morgan,661,23,0,39.71654544,-90.20255104,17137.0,1963.871888,3.479576399,638,655,23,0,632,647,33976,6,0,0,6,8
2020-09-27,US,Illinois,Moultrie,214,3,0,39.64187451,-88.62099969,17139.0,1475.760292,1.401869159,211,214,3,0,211,213,14717,0,0,0,0,1
2020-09-27,US,Illinois,Ogle,710,6,0,42.04165196,-89.32184679,17141.0,1401.970657,0.845070423,704,695,6,0,689,674,50923,15,0,0,15,21
2020-09-27,US,Illinois,Out of IL,2,0,0,0.0,0.0,80017.0,0.0,0.0,2,3,0,0,3,4,,-1,0,0,-1,-1
2020-09-27,US,Illinois,Peoria,3494,50,0,40.78702156,-89.76078901,17143.0,1950.005302,1.431024614,3444,3459,49,0,3410,3413,180621,35,1,0,34,46
2020-09-27,US,Illinois,Perry,350,15,0,38.08510853,-89.36856219,17145.0,1673.360107,4.285714286,335,347,15,0,332,345,21174,3,0,0,3,2
2020-09-27,US,Illinois,Piatt,140,0,0,40.01360584,-88.59319339,17147.0,856.5834557000001,0.0,140,137,0,0,137,137,16396,3,0,0,3,0
2020-09-27,US,Illinois,Pike,128,1,0,39.62265059,-90.8877017,17149.0,822.5692436,0.78125,127,127,1,0,126,123,15611,1,0,0,1,4
2020-09-27,US,Illinois,Pope,29,1,0,37.41391284,-88.56152109,17151.0,694.2781901000001,3.448275862,28,29,1,0,28,27,4212,0,0,0,0,2
2020-09-27,US,Illinois,Pulaski,180,1,0,37.22631423,-89.13085001,17153.0,3373.945642,0.5555555560000001,179,174,1,0,173,173,5463,6,0,0,6,1
2020-09-27,US,Illinois,Putnam,57,0,0,41.2013541,-89.2869272,17155.0,993.204391,0.0,57,57,0,0,57,57,5740,0,0,0,0,0
2020-09-27,US,Illinois,Randolph,939,11,0,38.05095369,-89.82512254,17157.0,2954.502549,1.1714589990000002,928,937,11,0,926,933,32106,2,0,0,2,4
2020-09-27,US,Illinois,Richland,209,5,0,38.71240969,-88.08475366,17159.0,1347.257139,2.392344498,204,205,5,0,200,204,15763,4,0,0,4,1
2020-09-27,US,Illinois,Rock Island,2995,76,0,41.46613806,-90.57042164,17161.0,2110.9537,2.537562604,2919,2971,76,0,2895,2935,143477,24,0,0,24,36
2020-09-27,US,Illinois,Saline,340,4,0,37.75332999,-88.54119706,17165.0,1447.3628199999998,1.176470588,336,334,4,0,330,319,23906,6,0,0,6,15
2020-09-27,US,Illinois,Sangamon,2411,45,0,39.75836914,-89.65872023,17167.0,1238.4934660000001,1.866445458,2366,2401,45,0,2356,2367,195348,10,0,0,10,34
2020-09-27,US,Illinois,Schuyler,50,0,0,40.157179799999994,-90.61114163,17169.0,738.7706856000001,0.0,50,49,0,0,49,49,6907,1,0,0,1,0
2020-09-27,US,Illinois,Scott,78,0,0,39.642916899999996,-90.47814431,17171.0,1575.439305,0.0,78,78,0,0,78,77,4926,0,0,0,0,1
2020-09-27,US,Illinois,Shelby,390,4,0,39.39133527,-88.80611122,17173.0,1802.7179440000002,1.025641026,386,385,4,0,381,372,21741,5,0,0,5,13
2020-09-27,US,Illinois,St. Clair,6607,190,0,38.46996033,-89.93063427,17163.0,2544.226489,2.8757378539999996,6417,6574,190,0,6384,6487,261059,33,0,0,33,87
2020-09-27,US,Illinois,Stark,55,2,0,41.09309773,-89.79745866,17175.0,1029.5769369999998,3.6363636360000005,53,55,2,0,53,55,5427,0,0,0,0,0
2020-09-27,US,Illinois,Stephenson,523,6,0,42.35129217,-89.662598,17177.0,1175.333723,1.147227533,517,517,6,0,511,510,44753,6,0,0,6,7
2020-09-27,US,Illinois,Tazewell,1774,25,0,40.50716185,-89.51404662,17179.0,1345.94812,1.409244645,1749,1749,23,0,1726,1698,132328,25,2,0,23,51
2020-09-27,US,Illinois,Unassigned,2537,244,0,0.0,0.0,90017.0,0.0,9.617658652000001,2293,2538,244,0,2294,2538,,-1,0,0,-1,0
2020-09-27,US,Illinois,Union,515,24,0,37.47119609,-89.25548938,17181.0,3092.535879,4.660194175,491,514,24,0,490,514,16841,1,0,0,1,0
2020-09-27,US,Illinois,Vermilion,770,4,0,40.18417171,-87.73384359,17183.0,1016.394308,0.519480519,766,745,4,0,741,718,76806,25,0,0,25,27
2020-09-27,US,Illinois,Wabash,154,3,0,38.44272901,-87.84922065,17185.0,1336.805556,1.948051948,151,151,3,0,148,150,11549,3,0,0,3,1
2020-09-27,US,Illinois,Warren,332,2,0,40.84925021,-90.6147432,17187.0,1971.028259,0.602409639,330,330,2,0,328,327,17032,2,0,0,2,3
2020-09-27,US,Illinois,Washington,211,1,0,38.35309213,-89.40982703,17189.0,1519.406639,0.473933649,210,210,1,0,209,204,13995,1,0,0,1,6
2020-09-27,US,Illinois,Wayne,280,5,0,38.42955355,-88.42586459,17191.0,1726.796176,1.785714286,275,278,5,0,273,269,16332,2,0,0,2,9
2020-09-27,US,Illinois,White,168,0,0,38.08706198,-88.17657461,17193.0,1241.043067,0.0,168,167,0,0,167,167,13665,1,0,0,1,0
2020-09-27,US,Illinois,Whiteside,743,20,0,41.75509713,-89.91556058,17195.0,1346.6243769999999,2.69179004,723,738,20,0,718,726,55626,5,0,0,5,12
2020-09-27,US,Illinois,Will,13984,378,0,41.44619267,-87.97862712,17197.0,2024.4866760000002,2.703089245,13606,13917,378,0,13539,13803,692310,67,0,0,67,114
2020-09-27,US,Illinois,Williamson,1401,45,0,37.73033511,-88.92994027,17199.0,2103.6983649999997,3.211991435,1356,1390,45,0,1345,1383,67056,11,0,0,11,7
2020-09-27,US,Illinois,Winnebago,5959,149,0,42.33641854,-89.16085327,17201.0,2108.8430559999997,2.500419533,5810,5848,149,0,5699,5750,284081,111,0,0,111,98
2020-09-27,US,Illinois,Woodford,424,6,0,40.78579374,-89.20973757,17203.0,1102.472763,1.41509434,418,420,6,0,414,421,38463,4,0,0,4,-1
2020-09-27,US,Indiana,Adams,274,3,0,40.7457653,-84.93671406,18001.0,765.8551583,1.094890511,271,266,3,0,263,261,35636,8,0,0,8,5
2020-09-27,US,Indiana,Allen,6292,203,0,41.09194313,-85.06800636,18003.0,1658.849615,3.226319135,6089,6244,203,0,6041,6178,375351,48,0,0,48,66
2020-09-27,US,Indiana,Bartholomew,1179,57,0,39.20744865,-85.89558181,18005.0,1407.273899,4.8346055980000004,1122,1170,57,0,1113,1164,82753,9,0,0,9,6
2020-09-27,US,Indiana,Benton,87,0,0,40.60626947,-87.31093999,18007.0,994.5130316,0.0,87,87,0,0,87,88,8653,0,0,0,0,-1
2020-09-27,US,Indiana,Blackford,120,3,0,40.47388153,-85.32499702,18009.0,1020.581732,2.5,117,119,3,0,116,119,11930,1,0,0,1,0
2020-09-27,US,Indiana,Boone,986,46,0,40.0509304,-86.46841646,18011.0,1453.355541,4.665314402,940,981,46,0,935,968,66999,5,0,0,5,13
2020-09-27,US,Indiana,Brown,104,3,0,39.19605589,-86.22868909,18013.0,689.1068116,2.884615385,101,104,3,0,101,104,15234,0,0,0,0,0
2020-09-27,US,Indiana,Carroll,277,13,0,40.580783200000006,-86.56198812,18015.0,1367.428543,4.693140794,264,275,13,0,262,274,20127,2,0,0,2,1
2020-09-27,US,Indiana,Cass,1954,9,0,40.76135835,-86.34830753,18017.0,5184.536602,0.46059365399999996,1945,1950,9,0,1941,1941,37955,4,0,0,4,9
2020-09-27,US,Indiana,Clark,2236,57,0,38.48015445,-85.70510334,18019.0,1890.077936,2.549194991,2179,2227,57,0,2170,2214,117360,9,0,0,9,13
2020-09-27,US,Indiana,Clay,302,5,0,39.39561833,-87.11723506,18021.0,1151.572927,1.655629139,297,301,5,0,296,300,26170,1,0,0,1,1
2020-09-27,US,Indiana,Clinton,609,14,0,40.30319754,-86.47277257,18023.0,1879.687645,2.298850575,595,602,14,0,588,599,32250,7,0,0,7,3
2020-09-27,US,Indiana,Crawford,108,0,0,38.28814402,-86.44518825,18025.0,1021.083483,0.0,108,107,0,0,107,105,10558,1,0,0,1,2
2020-09-27,US,Indiana,Daviess,677,28,0,38.70186039,-87.07185406,18027.0,2029.9241399999999,4.135893648,649,672,28,0,644,663,33147,5,0,0,5,9
2020-09-27,US,Indiana,DeKalb,487,11,0,41.39804622,-84.99906934,18033.0,1120.1840140000002,2.258726899,476,483,11,0,472,476,43226,4,0,0,4,7
2020-09-27,US,Indiana,Dearborn,665,28,0,39.14647946,-84.97333539,18029.0,1344.575195,4.210526316,637,664,28,0,636,660,49568,1,0,0,1,4
2020-09-27,US,Indiana,Decatur,458,39,0,39.30712658,-85.50087166,18031.0,1724.4625170000002,8.515283842999999,419,458,39,0,419,458,26794,0,0,0,0,0
2020-09-27,US,Indiana,Delaware,1985,62,0,40.22787247,-85.39732772,18035.0,1739.1685280000002,3.123425693,1923,1960,62,0,1898,1942,114772,25,0,0,25,18
2020-09-27,US,Indiana,Dubois,991,19,0,38.36597551,-86.87924170000001,18037.0,2318.888057,1.9172552980000002,972,979,19,0,960,969,42565,12,0,0,12,10
2020-09-27,US,Indiana,Elkhart,6667,111,0,41.59761169,-85.85875695,18039.0,3231.059266,1.664916754,6556,6623,111,0,6512,6528,205560,44,0,0,44,95
2020-09-27,US,Indiana,Fayette,423,13,0,39.63684962,-85.17797541,18041.0,1831.010302,3.073286052,410,422,13,0,409,421,23047,1,0,0,1,1
2020-09-27,US,Indiana,Floyd,1389,63,0,38.32117957,-85.90385377,18043.0,1768.931,4.535637148999999,1326,1370,63,0,1307,1358,77781,19,0,0,19,12
2020-09-27,US,Indiana,Fountain,128,2,0,40.12361933,-87.24217689,18045.0,783.0661936,1.5625,126,127,2,0,125,123,16351,1,0,0,1,4
2020-09-27,US,Indiana,Franklin,311,25,0,39.4142482,-85.06062647,18047.0,1366.552421,8.038585208999999,286,309,25,0,284,307,22736,2,0,0,2,2
2020-09-27,US,Indiana,Fulton,241,2,0,41.0469907,-86.26252745,18049.0,1206.568539,0.829875519,239,241,2,0,239,238,20092,0,0,0,0,3
2020-09-27,US,Indiana,Gibson,530,5,0,38.30393723,-87.58054938,18051.0,1574.616002,0.943396226,525,522,5,0,517,511,33452,8,0,0,8,11
2020-09-27,US,Indiana,Grant,933,34,0,40.51587228,-85.65468702,18053.0,1418.601469,3.644158628,899,925,34,0,891,919,65936,8,0,0,8,6
2020-09-27,US,Indiana,Greene,427,35,0,39.03630547,-86.96223202,18055.0,1337.635486,8.196721311000001,392,426,35,0,391,424,32006,1,0,0,1,2
2020-09-27,US,Indiana,Hamilton,4909,109,0,40.07306535,-86.05244729,18057.0,1452.319599,2.220411489,4800,4893,109,0,4784,4848,330086,16,0,0,16,45
2020-09-27,US,Indiana,Hancock,932,43,0,39.82304555,-85.77566351,18059.0,1192.303756,4.613733906,889,930,43,0,887,921,76351,2,0,0,2,9
2020-09-27,US,Indiana,Harrison,587,24,0,38.19467379,-86.10948271,18061.0,1448.846106,4.088586031,563,582,24,0,558,576,40350,5,0,0,5,6
2020-09-27,US,Indiana,Hendricks,2747,123,0,39.76719009,-86.51037283,18063.0,1612.931637,4.47761194,2624,2741,123,0,2618,2715,167009,6,0,0,6,26
2020-09-27,US,Indiana,Henry,809,26,0,39.93029017,-85.39625719,18065.0,1686.4004,3.213844252,783,803,26,0,777,798,48271,6,0,0,6,5
2020-09-27,US,Indiana,Howard,1318,63,0,40.48527731,-86.11351892,18067.0,1596.724171,4.779969651,1255,1313,63,0,1250,1305,82366,5,0,0,5,8
2020-09-27,US,Indiana,Huntington,245,3,0,40.82907273,-85.48822092,18069.0,670.8652793,1.2244897959999999,242,236,3,0,233,236,36240,9,0,0,9,0
2020-09-27,US,Indiana,Jackson,768,9,0,38.90915820000001,-86.03851889,18071.0,1736.3387670000002,1.171875,759,758,9,0,749,749,44111,10,0,0,10,9
2020-09-27,US,Indiana,Jasper,399,2,0,41.02078733,-87.11553319,18073.0,1188.844527,0.501253133,397,396,2,0,394,394,33370,3,0,0,3,2
2020-09-27,US,Indiana,Jay,188,0,0,40.43781032,-85.00576229,18075.0,919.9451947999999,0.0,188,185,0,0,185,180,20764,3,0,0,3,5
2020-09-27,US,Indiana,Jefferson,248,3,0,38.78576239,-85.43633383,18077.0,767.6117370000001,1.2096774190000001,245,248,3,0,245,248,32208,0,0,0,0,0
2020-09-27,US,Indiana,Jennings,316,12,0,38.99588883,-85.62710784,18079.0,1139.354606,3.797468354,304,314,12,0,302,313,27611,2,0,0,2,1
2020-09-27,US,Indiana,Johnson,2338,124,0,39.48994426,-86.10149107,18081.0,1478.184451,5.303678358,2214,2328,124,0,2204,2305,156225,10,0,0,10,23
2020-09-27,US,Indiana,Knox,525,9,0,38.68861576,-87.4194665,18083.0,1434.66142,1.714285714,516,517,9,0,508,515,36895,8,0,0,8,2
2020-09-27,US,Indiana,Kosciusko,1248,17,0,41.24521668,-85.86312322,18085.0,1570.6806279999998,1.362179487,1231,1218,17,0,1201,1216,79344,30,0,0,30,2
2020-09-27,US,Indiana,LaGrange,639,11,0,41.64232188,-85.42674232,18087.0,1613.066088,1.72143975,628,638,11,0,627,634,39330,1,0,0,1,4
2020-09-27,US,Indiana,LaPorte,1474,41,0,41.54366008,-86.74072188,18091.0,1341.365754,2.781546811,1433,1444,40,0,1404,1423,110007,30,1,0,29,21
2020-09-27,US,Indiana,Lake,10618,323,0,41.41874274,-87.38277575,18089.0,2187.0552199999997,3.042004144,10295,10566,323,0,10243,10493,484411,52,0,0,52,73
2020-09-27,US,Indiana,Lawrence,515,29,0,38.84112637,-86.48361629,18093.0,1135.1113070000001,5.631067961,486,512,29,0,483,511,45668,3,0,0,3,1
2020-09-27,US,Indiana,Madison,1689,75,0,40.16143691,-85.71964711,18095.0,1303.552547,4.440497336,1614,1670,75,0,1595,1643,129641,19,0,0,19,27
2020-09-27,US,Indiana,Marion,21403,766,0,39.78163624,-86.13826325,18097.0,2218.8885960000002,3.578937532,20637,21322,766,0,20556,21196,954670,81,0,0,81,126
2020-09-27,US,Indiana,Marshall,1012,24,0,41.32467367,-86.26185087,18099.0,2187.7296899999997,2.371541502,988,1007,24,0,983,1008,46248,5,0,0,5,-1
2020-09-27,US,Indiana,Martin,168,0,0,38.7099921,-86.80373186,18101.0,1638.225256,0.0,168,166,0,0,166,164,10217,2,0,0,2,2
2020-09-27,US,Indiana,Miami,438,3,0,40.76940965,-86.04525048,18103.0,1233.246987,0.684931507,435,436,3,0,433,435,35567,2,0,0,2,1
2020-09-27,US,Indiana,Monroe,2627,36,0,39.16130004,-86.52414358,18105.0,1769.845922,1.370384469,2591,2598,36,0,2562,2560,146917,29,0,0,29,38
2020-09-27,US,Indiana,Montgomery,511,21,0,40.04034823,-86.89335024,18107.0,1332.881214,4.109589041,490,511,21,0,490,508,38346,0,0,0,0,3
2020-09-27,US,Indiana,Morgan,729,38,0,39.47899078,-86.44573375,18109.0,1034.203918,5.212620027,691,724,38,0,686,716,70116,5,0,0,5,8
2020-09-27,US,Indiana,Newton,173,11,0,40.95610449,-87.39635768,18111.0,1237.128146,6.3583815029999995,162,173,11,0,162,173,14011,0,0,0,0,0
2020-09-27,US,Indiana,Noble,925,32,0,41.39672484,-85.41966713,18113.0,1937.4162199999998,3.4594594589999996,893,915,32,0,883,908,47532,10,0,0,10,7
2020-09-27,US,Indiana,Ohio,79,7,0,38.955304999999996,-84.96515993,18115.0,1344.680851,8.860759494,72,78,7,0,71,78,5844,1,0,0,1,0
2020-09-27,US,Indiana,Orange,288,24,0,38.541189200000005,-86.49523093,18117.0,1465.947267,8.333333332999999,264,288,24,0,264,288,19489,0,0,0,0,0
2020-09-27,US,Indiana,Owen,171,1,0,39.31145587,-86.83900724,18119.0,822.1549113,0.5847953220000001,170,169,1,0,168,168,20845,2,0,0,2,1
2020-09-27,US,Indiana,Parke,103,2,0,39.77202286,-87.20375833,18121.0,608.1360334999999,1.9417475730000002,101,100,2,0,98,96,16927,3,0,0,3,4
2020-09-27,US,Indiana,Perry,221,13,0,38.07809328,-86.63741946,18123.0,1152.903125,5.882352941000001,208,219,13,0,206,221,19102,2,0,0,2,-2
2020-09-27,US,Indiana,Pike,162,1,0,38.40112197,-87.23574907,18125.0,1307.611591,0.617283951,161,151,1,0,150,147,12410,11,0,0,11,4
2020-09-27,US,Indiana,Porter,2176,47,0,41.45986947,-87.06848888,18127.0,1277.0777460000002,2.159926471,2129,2154,47,0,2107,2136,169594,22,0,0,22,18
2020-09-27,US,Indiana,Posey,340,0,0,38.02097333,-87.86480429,18129.0,1337.161285,0.0,340,335,0,0,335,324,25540,5,0,0,5,11
2020-09-27,US,Indiana,Pulaski,113,1,0,41.04166107,-86.69890683,18131.0,914.7575488,0.884955752,112,113,1,0,112,113,12469,0,0,0,0,0
2020-09-27,US,Indiana,Putnam,581,12,0,39.66437981,-86.84517605,18133.0,1546.199702,2.065404475,569,579,12,0,567,564,37779,2,0,0,2,15
2020-09-27,US,Indiana,Randolph,220,7,0,40.15734772,-85.01139319,18135.0,891.9521589,3.1818181819999998,213,216,7,0,209,216,24851,4,0,0,4,0
2020-09-27,US,Indiana,Ripley,303,8,0,39.10235626,-85.26212744,18137.0,1069.764158,2.640264026,295,298,8,0,290,296,28523,5,0,0,5,2
2020-09-27,US,Indiana,Rush,157,4,0,39.62002287,-85.4655599,18139.0,946.8668957999998,2.547770701,153,155,4,0,151,155,16663,2,0,0,2,0
2020-09-27,US,Indiana,Scott,381,11,0,38.68672078,-85.74627859,18143.0,1595.9452099999999,2.887139108,370,377,11,0,366,373,23878,4,0,0,4,4
2020-09-27,US,Indiana,Shelby,677,29,0,39.52305623,-85.79158570000001,18145.0,1513.559436,4.283604136,648,674,29,0,645,672,44593,3,0,0,3,2
2020-09-27,US,Indiana,Spencer,259,3,0,38.01519732,-87.0079644,18147.0,1277.309267,1.158301158,256,246,3,0,243,241,20327,13,0,0,13,5
2020-09-27,US,Indiana,St. Joseph,6576,110,0,41.61756781,-86.29040834,18141.0,2419.194632,1.6727493919999998,6466,6488,109,0,6379,6392,270771,88,1,0,87,96
2020-09-27,US,Indiana,Starke,267,7,0,41.27890281,-86.64686895,18149.0,1161.121983,2.621722846,260,264,7,0,257,263,22935,3,0,0,3,1
2020-09-27,US,Indiana,Steuben,387,7,0,41.64423868,-85.00101094,18151.0,1118.6911029999999,1.80878553,380,385,7,0,378,380,34586,2,0,0,2,5
2020-09-27,US,Indiana,Sullivan,338,12,0,39.08952258,-87.41414469,18153.0,1635.29924,3.550295858,326,337,12,0,325,337,20690,1,0,0,1,0
2020-09-27,US,Indiana,Switzerland,69,0,0,38.82767338,-85.03022429,18155.0,641.8007627000001,0.0,69,69,0,0,69,69,10717,0,0,0,0,0
2020-09-27,US,Indiana,Tippecanoe,2523,13,0,40.38872739,-86.89413959,18157.0,1289.007418,0.515259612,2510,2483,13,0,2470,2391,193048,40,0,0,40,92
2020-09-27,US,Indiana,Tipton,228,22,0,40.31123252,-86.05234925,18159.0,1505.149195,9.649122807000001,206,227,22,0,205,226,15128,1,0,0,1,1
2020-09-27,US,Indiana,Unassigned,0,226,0,0.0,0.0,90018.0,0.0,0.0,-226,0,226,0,-226,0,,0,0,0,0,0
2020-09-27,US,Indiana,Union,79,0,0,39.62550777,-84.92497066,18161.0,1119.931954,0.0,79,79,0,0,79,78,7037,0,0,0,0,1
2020-09-27,US,Indiana,Vanderburgh,3719,31,0,38.02658833,-87.58763124,18163.0,2049.589145,0.833557408,3688,3652,31,0,3621,3609,180974,67,0,0,67,43
2020-09-27,US,Indiana,Vermillion,130,0,0,39.8523352,-87.46160542,18165.0,838.817912,0.0,130,130,0,0,130,128,15479,0,0,0,0,2
2020-09-27,US,Indiana,Vigo,1843,27,0,39.42944561,-87.39169027,18167.0,1721.8184199999998,1.465002713,1816,1835,27,0,1808,1825,107386,8,0,0,8,10
2020-09-27,US,Indiana,Wabash,271,8,0,40.84704239,-85.79328272,18169.0,874.3063620999999,2.95202952,263,268,8,0,260,264,31280,3,0,0,3,4
2020-09-27,US,Indiana,Warren,40,1,0,40.34728141,-87.35602659,18171.0,483.968542,2.5,39,40,1,0,39,39,8263,0,0,0,0,1
2020-09-27,US,Indiana,Warrick,1344,40,0,38.08922676,-87.2716085,18173.0,2133.40106,2.976190476,1304,1330,39,0,1291,1280,62567,14,1,0,13,50
2020-09-27,US,Indiana,Washington,269,1,0,38.60219804,-86.1049363,18175.0,959.4806677000001,0.37174721200000005,268,266,1,0,265,265,27943,3,0,0,3,1
2020-09-27,US,Indiana,Wayne,768,14,0,39.863344399999995,-85.01044989,18177.0,1165.685144,1.8229166669999999,754,761,14,0,747,754,65936,7,0,0,7,7
2020-09-27,US,Indiana,Wells,265,4,0,40.72934187,-85.22132966,18179.0,936.5281312000001,1.509433962,261,263,4,0,259,261,28206,2,0,0,2,2
2020-09-27,US,Indiana,White,486,14,0,40.74911165,-86.86492015,18181.0,2016.4301719999999,2.880658436,472,486,14,0,472,485,24133,0,0,0,0,1
2020-09-27,US,Indiana,Whitley,279,6,0,41.13863784,-85.50791236,18183.0,821.4580143999999,2.150537634,273,276,6,0,270,270,34074,3,0,0,3,6
2020-09-27,US,Iowa,Adair,72,1,0,41.33075609,-94.47105874,19001.0,1006.711409,1.388888889,71,72,1,0,71,71,7063,0,0,0,0,1
2020-09-27,US,Iowa,Adams,33,0,0,41.02903567,-94.69932645,19003.0,916.1576902,0.0,33,33,0,0,33,33,3645,0,0,0,0,0
2020-09-27,US,Iowa,Allamakee,264,6,0,43.28383218,-91.37860922,19005.0,1928.8375829999998,2.272727273,258,261,6,0,255,259,13832,3,0,0,3,2
2020-09-27,US,Iowa,Appanoose,139,3,0,40.74324454,-92.86865906,19007.0,1118.622244,2.158273381,136,136,3,0,133,136,12437,3,0,0,3,0
2020-09-27,US,Iowa,Audubon,82,1,0,41.6844628,-94.90581859,19009.0,1491.994178,1.219512195,81,82,1,0,81,82,5506,0,0,0,0,0
2020-09-27,US,Iowa,Benton,324,1,0,42.08011739,-92.06463573,19011.0,1263.404172,0.308641975,323,310,1,0,309,309,25642,14,0,0,14,1
2020-09-27,US,Iowa,Black Hawk,4500,90,0,42.4704581,-92.30524729,19013.0,3429.1462189999997,2.0,4410,4489,90,0,4399,4472,132408,11,0,0,11,17
2020-09-27,US,Iowa,Boone,511,8,0,42.03657094,-93.9313999,19015.0,1947.85393,1.56555773,503,507,8,0,499,505,26346,4,0,0,4,2
2020-09-27,US,Iowa,Bremer,495,7,0,42.77461496,-92.31795937,19017.0,1975.101748,1.4141414140000002,488,492,7,0,485,488,24947,3,0,0,3,4
2020-09-27,US,Iowa,Buchanan,285,1,0,42.4709188,-91.83510825,19019.0,1345.9268,0.350877193,284,279,1,0,278,274,21199,6,0,0,6,5
2020-09-27,US,Iowa,Buena Vista,1992,12,0,42.73545875,-95.15100162,19021.0,10152.9052,0.602409639,1980,1991,12,0,1979,1984,19874,1,0,0,1,7
2020-09-27,US,Iowa,Butler,271,2,0,42.73172833,-92.79015971,19023.0,1876.861278,0.73800738,269,270,2,0,268,270,14539,1,0,0,1,0
2020-09-27,US,Iowa,Calhoun,185,3,0,42.38521079,-94.64046046,19025.0,1913.529168,1.621621622,182,183,3,0,180,182,9699,2,0,0,2,1
2020-09-27,US,Iowa,Carroll,674,5,0,42.03617207,-94.86032705,19027.0,3342.424994,0.741839763,669,662,5,0,657,660,20154,12,0,0,12,2
2020-09-27,US,Iowa,Cass,169,2,0,41.33149454,-94.92792482,19029.0,1316.609536,1.183431953,167,168,2,0,166,163,12930,1,0,0,1,5
2020-09-27,US,Iowa,Cedar,250,1,0,41.77233777,-91.13246684,19031.0,1342.137757,0.4,249,246,1,0,245,241,18627,4,0,0,4,5
2020-09-27,US,Iowa,Cerro Gordo,1058,21,0,43.08177563,-93.2612239,19033.0,2492.343934,1.9848771269999999,1037,1057,21,0,1036,1051,42647,1,0,0,1,6
2020-09-27,US,Iowa,Cherokee,251,2,0,42.73538914,-95.62389402,19035.0,2234.089898,0.7968127490000001,249,249,2,0,247,246,11321,2,0,0,2,3
2020-09-27,US,Iowa,Chickasaw,257,0,0,43.06001295,-92.31773347,19037.0,2153.691444,0.0,257,250,0,0,250,246,11964,7,0,0,7,4
2020-09-27,US,Iowa,Clarke,266,3,0,41.02868181,-93.78499767,19039.0,2831.293241,1.127819549,263,265,3,0,262,265,9423,1,0,0,1,0
2020-09-27,US,Iowa,Clay,328,4,0,43.08247182,-95.15096481,19041.0,2047.952048,1.219512195,324,326,4,0,322,319,16134,2,0,0,2,7
2020-09-27,US,Iowa,Clayton,261,3,0,42.84443388,-91.34133693,19043.0,1487.264232,1.1494252870000001,258,252,3,0,249,252,17556,9,0,0,9,0
2020-09-27,US,Iowa,Clinton,1124,21,0,41.89981633,-90.53275096,19045.0,2420.9007300000003,1.8683274019999998,1103,1121,21,0,1100,1112,46518,3,0,0,3,9
2020-09-27,US,Iowa,Crawford,1091,5,0,42.03718237,-95.3819718,19047.0,6486.325803,0.45829514200000004,1086,1088,5,0,1083,1077,17158,3,0,0,3,11
2020-09-27,US,Iowa,Dallas,2798,38,0,41.68560356,-94.04127625,19049.0,2994.018384,1.358112938,2760,2785,38,0,2747,2771,90180,13,0,0,13,14
2020-09-27,US,Iowa,Davis,127,4,0,40.74773536,-92.41005468,19051.0,1411.111111,3.1496062989999998,123,124,4,0,120,124,9017,3,0,0,3,0
2020-09-27,US,Iowa,Decatur,67,0,0,40.73742757,-93.78645949,19053.0,851.3341803999999,0.0,67,67,0,0,67,67,7890,0,0,0,0,0
2020-09-27,US,Iowa,Delaware,410,3,0,42.47104597,-91.3664492,19055.0,2410.205161,0.731707317,407,402,3,0,399,397,17069,8,0,0,8,5
2020-09-27,US,Iowa,Des Moines,797,8,0,40.92012606,-91.18326592,19057.0,2045.3203989999997,1.003764115,789,784,8,0,776,774,39138,13,0,0,13,10
2020-09-27,US,Iowa,Dickinson,528,6,0,43.37787725,-95.1510206,19059.0,3059.4506899999997,1.136363636,522,527,6,0,521,510,17153,1,0,0,1,17
2020-09-27,US,Iowa,Dubuque,3283,41,0,42.46815349,-90.88181925,19061.0,3373.7193119999997,1.248857752,3242,3257,41,0,3216,3173,96854,26,0,0,26,84
2020-09-27,US,Iowa,Emmet,265,10,0,43.37782951,-94.67858943,19063.0,2877.932233,3.7735849060000004,255,265,10,0,255,261,9253,0,0,0,0,4
2020-09-27,US,Iowa,Fayette,227,2,0,42.86271799,-91.84412309999999,19065.0,1155.216285,0.881057269,225,222,2,0,220,217,19660,5,0,0,5,5
2020-09-27,US,Iowa,Floyd,352,3,0,43.06000529999999,-92.78940097,19067.0,2250.3516170000003,0.852272727,349,349,3,0,346,342,15761,3,0,0,3,7
2020-09-27,US,Iowa,Franklin,350,18,0,42.73270384,-93.26256925,19069.0,3475.6703079999997,5.1428571430000005,332,348,18,0,330,347,10124,2,0,0,2,1
2020-09-27,US,Iowa,Fremont,122,0,0,40.74542720000001,-95.60129045,19071.0,1752.8735629999999,0.0,122,118,0,0,118,115,6993,4,0,0,4,3
2020-09-27,US,Iowa,Greene,101,0,0,42.03614551,-94.39658081,19073.0,1136.363636,0.0,101,101,0,0,101,100,8981,0,0,0,0,1
2020-09-27,US,Iowa,Grundy,223,3,0,42.40183723,-92.78829551,19075.0,1823.0869850000001,1.34529148,220,220,3,0,217,219,12304,3,0,0,3,1
2020-09-27,US,Iowa,Guthrie,245,6,0,41.68378965,-94.50111014,19077.0,2292.075966,2.4489795919999997,239,245,6,0,239,244,10720,0,0,0,0,1
2020-09-27,US,Iowa,Hamilton,327,3,0,42.38382428,-93.70197703,19079.0,2213.497597,0.917431193,324,322,3,0,319,322,14952,5,0,0,5,0
2020-09-27,US,Iowa,Hancock,188,2,0,43.08178477,-93.73454884,19081.0,1768.579492,1.063829787,186,184,2,0,182,184,10712,4,0,0,4,0
2020-09-27,US,Iowa,Hardin,304,1,0,42.38353877,-93.23654611,19083.0,1804.58269,0.328947368,303,299,1,0,298,299,16868,5,0,0,5,0
2020-09-27,US,Iowa,Harrison,241,3,0,41.68330137,-95.81558439,19085.0,1715.4245850000002,1.244813278,238,222,3,0,219,214,14134,19,0,0,19,8
2020-09-27,US,Iowa,Henry,746,4,0,40.98767962,-91.54436349,19087.0,3738.598777,0.536193029,742,743,4,0,739,730,20067,3,0,0,3,13
2020-09-27,US,Iowa,Howard,190,6,0,43.35671042,-92.31702714,19089.0,2074.688797,3.157894737,184,188,6,0,182,187,9187,2,0,0,2,1
2020-09-27,US,Iowa,Humboldt,190,3,0,42.7764426,-94.20722537,19091.0,1987.86357,1.5789473680000001,187,190,3,0,187,188,9547,0,0,0,0,2
2020-09-27,US,Iowa,Ida,122,1,0,42.38696136,-95.51355387,19093.0,1778.425656,0.8196721309999999,121,122,1,0,121,120,6841,0,0,0,0,2
2020-09-27,US,Iowa,Iowa,213,1,0,41.68630265,-92.0643373,19095.0,1316.114681,0.46948356799999996,212,209,1,0,208,204,16141,4,0,0,4,5
2020-09-27,US,Iowa,Jackson,350,3,0,42.17178824,-90.57354837,19097.0,1800.5041410000001,0.857142857,347,349,3,0,346,337,19432,1,0,0,1,12
2020-09-27,US,Iowa,Jasper,845,32,0,41.68576082,-93.05567785,19099.0,2272.421675,3.786982249,813,838,32,0,806,833,37147,7,0,0,7,5
2020-09-27,US,Iowa,Jefferson,139,1,0,41.03192394,-91.94849466,19101.0,759.7704291,0.71942446,138,138,1,0,137,138,18381,1,0,0,1,0
2020-09-27,US,Iowa,Johnson,5147,27,0,41.67169354,-91.58754744,19103.0,3405.451899,0.524577424,5120,5126,27,0,5099,5100,151260,21,0,0,21,26
2020-09-27,US,Iowa,Jones,276,3,0,42.12118609,-91.13139641,19105.0,1334.55829,1.086956522,273,274,3,0,271,269,20744,2,0,0,2,5
2020-09-27,US,Iowa,Keokuk,109,1,0,41.33649833,-92.1785067,19107.0,1063.829787,0.917431193,108,109,1,0,108,107,10225,0,0,0,0,2
2020-09-27,US,Iowa,Kossuth,274,0,0,43.20405458,-94.20691791,19109.0,1849.7265920000002,0.0,274,270,0,0,270,265,14908,4,0,0,4,5
2020-09-27,US,Iowa,Lee,639,7,0,40.64181461,-91.48183025,19111.0,1898.564934,1.0954616590000001,632,637,7,0,630,624,34055,2,0,0,2,13
2020-09-27,US,Iowa,Linn,4078,112,0,42.07923082,-91.59809485,19113.0,1798.8055010000003,2.746444335,3966,4010,111,0,3899,3973,225909,68,1,0,67,37
2020-09-27,US,Iowa,Louisa,429,15,0,41.21842119,-91.26102611,19115.0,3887.630267,3.496503497,414,429,15,0,414,428,11169,0,0,0,0,1
2020-09-27,US,Iowa,Lucas,156,6,0,41.02958964,-93.32780803,19117.0,1813.9534879999999,3.8461538460000004,150,156,6,0,150,156,8645,0,0,0,0,0
2020-09-27,US,Iowa,Lyon,332,4,0,43.38107862,-96.20926845,19119.0,2824.3300719999997,1.2048192770000001,328,326,4,0,322,318,11811,6,0,0,6,8
2020-09-27,US,Iowa,Madison,223,2,0,41.33081904,-94.01554631,19121.0,1364.916146,0.896860987,221,219,2,0,217,212,16249,4,0,0,4,7
2020-09-27,US,Iowa,Mahaska,410,19,0,41.33521503,-92.64083907,19123.0,1855.623444,4.634146341,391,412,19,0,393,406,22000,-2,0,0,-2,6
2020-09-27,US,Iowa,Marion,763,7,0,41.33445101,-93.09934783,19125.0,2294.529817,0.917431193,756,763,7,0,756,756,33407,0,0,0,0,7
2020-09-27,US,Iowa,Marshall,1790,34,0,42.03586837,-92.99908190000001,19127.0,4546.72458,1.899441341,1756,1784,34,0,1750,1777,39981,6,0,0,6,7
2020-09-27,US,Iowa,Mills,181,1,0,41.03299766,-95.61920963,19129.0,1197.9614800000002,0.5524861879999999,180,180,1,0,179,178,15063,1,0,0,1,2
2020-09-27,US,Iowa,Mitchell,191,0,0,43.35638371,-92.78887719,19131.0,1804.2697899999998,0.0,191,190,0,0,190,189,10569,1,0,0,1,1
2020-09-27,US,Iowa,Monona,157,1,0,42.05220391,-95.95743843,19133.0,1822.4027859999999,0.636942675,156,153,1,0,152,150,8679,4,0,0,4,3
2020-09-27,US,Iowa,Monroe,159,11,0,41.02988815,-92.8690667,19135.0,2063.0595559999997,6.918238994,148,159,11,0,148,157,7790,0,0,0,0,2
2020-09-27,US,Iowa,Montgomery,97,5,0,41.03018714,-95.15642896,19137.0,978.1183825999999,5.154639175,92,96,5,0,91,92,10003,1,0,0,1,4
2020-09-27,US,Iowa,Muscatine,1111,55,0,41.48370744,-91.11216970000001,19139.0,2604.069004,4.95049505,1056,1108,55,0,1053,1100,42929,3,0,0,3,8
2020-09-27,US,Iowa,O'Brien,385,9,0,43.08310673,-95.62474482,19141.0,2799.389224,2.3376623380000003,376,375,9,0,366,360,13840,10,0,0,10,15
2020-09-27,US,Iowa,Osceola,168,0,0,43.37824276,-95.62422844,19143.0,2819.738167,0.0,168,161,0,0,161,157,6040,7,0,0,7,4
2020-09-27,US,Iowa,Page,170,0,0,40.7393172,-95.1497813,19145.0,1125.306149,0.0,170,170,0,0,170,154,15249,0,0,0,0,16
2020-09-27,US,Iowa,Palo Alto,203,0,0,43.08193849,-94.67824621,19147.0,2284.49246,0.0,203,202,0,0,202,188,8929,1,0,0,1,14
2020-09-27,US,Iowa,Plymouth,1155,21,0,42.737633,-96.21366621,19149.0,4587.520356,1.8181818180000002,1134,1141,21,0,1120,1122,25095,14,0,0,14,19
2020-09-27,US,Iowa,Pocahontas,163,2,0,42.73420133,-94.67862564,19151.0,2462.607645,1.226993865,161,159,2,0,157,157,6740,4,0,0,4,2
2020-09-27,US,Iowa,Polk,15962,262,0,41.68679484,-93.57767461,19153.0,3256.481034,1.641398321,15700,15872,262,0,15610,15779,487204,90,0,0,90,93
2020-09-27,US,Iowa,Pottawattamie,2141,39,0,41.33640314,-95.53907776,19155.0,2297.062421,1.8215787019999998,2102,2113,38,0,2075,2089,93533,28,1,0,27,24
2020-09-27,US,Iowa,Poweshiek,304,8,0,41.68625425,-92.53155731,19157.0,1642.888024,2.631578947,296,295,8,0,287,292,18699,9,0,0,9,3
2020-09-27,US,Iowa,Ringgold,52,2,0,40.73518949,-94.24368535,19159.0,1062.525541,3.8461538460000004,50,50,2,0,48,50,4968,2,0,0,2,0
2020-09-27,US,Iowa,Sac,257,0,0,42.38624071,-95.10547892,19161.0,2643.76093,0.0,257,250,0,0,250,248,9719,7,0,0,7,2
2020-09-27,US,Iowa,Scott,3020,28,0,41.63935978,-90.61959493,19163.0,1746.2400910000001,0.927152318,2992,3011,28,0,2983,2971,173283,9,0,0,9,40
2020-09-27,US,Iowa,Shelby,267,1,0,41.6850066,-95.31015553,19165.0,2331.063384,0.374531835,266,267,1,0,266,265,11578,0,0,0,0,2
2020-09-27,US,Iowa,Sioux,1646,3,0,43.08221074,-96.17675679999999,19167.0,4722.4214600000005,0.182260024,1643,1618,3,0,1615,1565,34909,28,0,0,28,53
2020-09-27,US,Iowa,Story,3453,17,0,42.03621213,-93.46499005,19169.0,3555.5052149999997,0.49232551399999996,3436,3444,17,0,3427,3429,98105,9,0,0,9,15
2020-09-27,US,Iowa,Tama,732,31,0,42.07991767,-92.53266945,19171.0,4343.182627,4.234972678,701,713,31,0,682,708,16904,19,0,0,19,5
2020-09-27,US,Iowa,Taylor,131,1,0,40.73710579,-94.69778563,19173.0,2140.173174,0.763358779,130,130,1,0,129,127,6191,1,0,0,1,3
2020-09-27,US,Iowa,Unassigned,23,0,0,0.0,0.0,90019.0,0.0,0.0,23,17,0,0,17,7,,6,0,0,6,10
2020-09-27,US,Iowa,Union,137,3,0,41.0277278,-94.24234847,19175.0,1119.189609,2.189781022,134,135,3,0,132,131,12359,2,0,0,2,4
2020-09-27,US,Iowa,Van Buren,114,1,0,40.75326764,-91.95017958,19177.0,1618.398637,0.8771929820000001,113,114,1,0,113,114,7020,0,0,0,0,0
2020-09-27,US,Iowa,Wapello,1334,57,0,41.03064984,-92.40954728,19179.0,3814.8074009999996,4.272863568,1277,1333,57,0,1276,1328,35205,1,0,0,1,5
2020-09-27,US,Iowa,Warren,965,6,0,41.33559454,-93.56007641,19181.0,1875.0242879999998,0.6217616579999999,959,956,6,0,950,951,51056,9,0,0,9,5
2020-09-27,US,Iowa,Washington,466,11,0,41.33577126,-91.71725711,19183.0,2121.557023,2.360515021,455,459,11,0,448,456,22141,7,0,0,7,3
2020-09-27,US,Iowa,Wayne,87,2,0,40.73969028,-93.32752197,19185.0,1350.7219380000001,2.298850575,85,86,2,0,84,86,6401,1,0,0,1,0
2020-09-27,US,Iowa,Webster,1272,14,0,42.42853483,-94.17987389,19187.0,3542.780749,1.100628931,1258,1255,14,0,1241,1251,36277,17,0,0,17,4
2020-09-27,US,Iowa,Winnebago,315,13,0,43.37751174,-93.73407298,19189.0,3042.3024920000003,4.126984127,302,303,13,0,290,301,10518,12,0,0,12,2
2020-09-27,US,Iowa,Winneshiek,339,6,0,43.29094334,-91.84422722,19191.0,1695.763093,1.769911504,333,335,6,0,329,330,20029,4,0,0,4,5
2020-09-27,US,Iowa,Woodbury,5509,64,0,42.38979414,-96.0459439,19193.0,5342.993201,1.161735342,5445,5447,64,0,5383,5356,102539,62,0,0,62,91
2020-09-27,US,Iowa,Worth,108,0,0,43.37750768,-93.26087602,19195.0,1463.216366,0.0,108,108,0,0,108,107,7453,0,0,0,0,1
2020-09-27,US,Iowa,Wright,592,1,0,42.73305373,-93.73515113,19197.0,4712.625378,0.16891891899999997,591,581,1,0,580,581,12690,11,0,0,11,0
2020-09-27,US,Kansas,Allen,34,0,0,37.88582951,-95.30030847,20001.0,274.8807503,0.0,34,34,0,0,34,34,12444,0,0,0,0,0
2020-09-27,US,Kansas,Anderson,70,0,0,38.21413251,-95.29272815,20003.0,890.8119114,0.0,70,70,0,0,70,70,7878,0,0,0,0,0
2020-09-27,US,Kansas,Atchison,331,2,0,39.53185661,-95.30870026,20005.0,2059.3541960000002,0.6042296070000001,329,331,2,0,329,331,16193,0,0,0,0,0
2020-09-27,US,Kansas,Barber,5,0,0,37.2288586,-98.68460053,20007.0,112.94330249999999,0.0,5,5,0,0,5,5,4472,0,0,0,0,0
2020-09-27,US,Kansas,Barton,498,7,0,38.47889676,-98.75636726,20009.0,1931.8049579999997,1.40562249,491,498,7,0,491,498,26111,0,0,0,0,0
2020-09-27,US,Kansas,Bourbon,150,2,0,37.85508555,-94.84865997,20011.0,1032.062749,1.333333333,148,150,2,0,148,150,14653,0,0,0,0,0
2020-09-27,US,Kansas,Brown,120,3,0,39.82652589,-95.56421698,20013.0,1254.705144,2.5,117,120,3,0,117,120,9598,0,0,0,0,0
2020-09-27,US,Kansas,Butler,529,3,0,37.78134351,-96.83878537,20015.0,790.602442,0.56710775,526,529,3,0,526,529,66765,0,0,0,0,0
2020-09-27,US,Kansas,Chase,81,1,0,38.30292938,-96.59563862,20017.0,3058.9123870000003,1.234567901,80,81,1,0,80,81,2629,0,0,0,0,0
2020-09-27,US,Kansas,Chautauqua,13,0,0,37.14994405,-96.2454192,20019.0,400.0,0.0,13,13,0,0,13,13,3309,0,0,0,0,0
2020-09-27,US,Kansas,Cherokee,494,7,0,37.16928494,-94.8462897,20021.0,2477.5565469999997,1.417004049,487,494,7,0,487,494,20015,0,0,0,0,0
2020-09-27,US,Kansas,Cheyenne,58,2,0,39.78580976,-101.7318201,20023.0,2182.9130600000003,3.448275862,56,58,2,0,56,58,2660,0,0,0,0,0
2020-09-27,US,Kansas,Clark,48,1,0,37.23577007,-99.81883015,20025.0,2407.221665,2.083333333,47,48,1,0,47,48,2005,0,0,0,0,0
2020-09-27,US,Kansas,Clay,48,2,0,39.34948772,-97.16518128,20027.0,599.8500375,4.166666667,46,48,2,0,46,48,7997,0,0,0,0,0
2020-09-27,US,Kansas,Cloud,67,0,0,39.48028352,-97.64925343,20029.0,762.5768267999999,0.0,67,67,0,0,67,67,8729,0,0,0,0,0
2020-09-27,US,Kansas,Coffey,115,8,0,38.2365018,-95.73379515,20031.0,1406.039858,6.956521738999999,107,115,8,0,107,115,8233,0,0,0,0,0
2020-09-27,US,Kansas,Comanche,11,0,0,37.19114520000001,-99.27113247,20033.0,647.0588235,0.0,11,11,0,0,11,11,1748,0,0,0,0,0
2020-09-27,US,Kansas,Cowley,358,5,0,37.23781842,-96.83776647,20035.0,1025.552882,1.396648045,353,358,5,0,353,358,35218,0,0,0,0,0
2020-09-27,US,Kansas,Crawford,1041,8,0,37.50675523,-94.85245778,20037.0,2681.745582,0.768491835,1033,1041,8,0,1033,1041,39019,0,0,0,0,0
2020-09-27,US,Kansas,Decatur,21,0,0,39.78468441,-100.45940809999999,20039.0,742.8369296,0.0,21,21,0,0,21,21,2871,0,0,0,0,0
2020-09-27,US,Kansas,Dickinson,188,1,0,38.86600962,-97.15532383,20041.0,1018.087296,0.531914894,187,188,1,0,187,188,18717,0,0,0,0,0
2020-09-27,US,Kansas,Doniphan,110,0,0,39.79067154,-95.14056866,20043.0,1447.3684210000001,0.0,110,110,0,0,110,110,7682,0,0,0,0,0
2020-09-27,US,Kansas,Douglas,2177,10,0,38.88503636,-95.2925121,20045.0,1780.646006,0.459347726,2167,2177,10,0,2167,2177,121436,0,0,0,0,0
2020-09-27,US,Kansas,Edwards,47,0,0,37.88735543,-99.31263309,20047.0,1679.7712649999999,0.0,47,47,0,0,47,47,2849,0,0,0,0,0
2020-09-27,US,Kansas,Elk,1,0,0,37.45338105,-96.24369667,20049.0,39.5256917,0.0,1,1,0,0,1,1,2508,0,0,0,0,0
2020-09-27,US,Kansas,Ellis,974,3,0,38.91458712,-99.31751551,20051.0,3411.200224,0.308008214,971,974,3,0,971,974,28710,0,0,0,0,0
2020-09-27,US,Kansas,Ellsworth,32,0,0,38.69677695,-98.20462799,20053.0,524.4182235000001,0.0,32,32,0,0,32,32,6196,0,0,0,0,0
2020-09-27,US,Kansas,Finney,2134,12,0,38.04340344,-100.73819379999999,20055.0,5851.866071,0.562324274,2122,2134,12,0,2122,2134,36611,0,0,0,0,0
2020-09-27,US,Kansas,Ford,2760,10,0,37.69200114,-99.88825298,20057.0,8209.643356,0.362318841,2750,2760,10,0,2750,2760,33888,0,0,0,0,0
2020-09-27,US,Kansas,Franklin,347,3,0,38.56443815,-95.28644341,20059.0,1358.440338,0.864553314,344,347,3,0,344,347,25631,0,0,0,0,0
2020-09-27,US,Kansas,Geary,302,2,0,38.99871131,-96.7577178,20061.0,953.5838332999999,0.662251656,300,302,2,0,300,302,32594,0,0,0,0,0
2020-09-27,US,Kansas,Gove,33,0,0,38.91588178,-100.4829321,20063.0,1251.896813,0.0,33,33,0,0,33,33,2612,0,0,0,0,0
2020-09-27,US,Kansas,Graham,37,1,0,39.34987223,-99.88332493,20065.0,1490.7332800000001,2.702702703,36,37,1,0,36,37,2492,0,0,0,0,0
2020-09-27,US,Kansas,Grant,272,5,0,37.56227336,-101.3079758,20067.0,3804.195804,1.838235294,267,272,5,0,267,268,7336,0,0,0,0,4
2020-09-27,US,Kansas,Gray,136,0,0,37.73836671,-100.4369088,20069.0,2271.209085,0.0,136,136,0,0,136,136,6033,0,0,0,0,0
2020-09-27,US,Kansas,Greeley,7,0,0,38.4808095,-101.8061079,20071.0,568.1818182,0.0,7,7,0,0,7,7,1227,0,0,0,0,0
2020-09-27,US,Kansas,Greenwood,47,0,0,37.8774388,-96.23250453,20073.0,785.6904045,0.0,47,47,0,0,47,47,6055,0,0,0,0,0
2020-09-27,US,Kansas,Hamilton,44,0,0,37.99978709,-101.7921066,20075.0,1732.9657350000002,0.0,44,44,0,0,44,44,2607,0,0,0,0,0
2020-09-27,US,Kansas,Harper,120,2,0,37.19175361,-98.07578384,20077.0,2207.5055190000003,1.6666666669999999,118,120,2,0,118,120,5506,0,0,0,0,0
2020-09-27,US,Kansas,Harvey,352,7,0,38.04293782,-97.42747573,20079.0,1022.3939119999999,1.988636364,345,352,7,0,345,352,34210,0,0,0,0,0
2020-09-27,US,Kansas,Haskell,103,1,0,37.562039399999996,-100.8710738,20081.0,2595.766129,0.970873786,102,103,1,0,102,103,3997,0,0,0,0,0
2020-09-27,US,Kansas,Hodgeman,22,0,0,38.08780079,-99.89829881,20083.0,1226.3099220000001,0.0,22,22,0,0,22,22,1818,0,0,0,0,0
2020-09-27,US,Kansas,Jackson,237,2,0,39.41673394,-95.79356799,20085.0,1799.4077899999997,0.8438818570000001,235,237,2,0,235,237,13280,0,0,0,0,0
2020-09-27,US,Kansas,Jefferson,187,4,0,39.2347941,-95.38289232,20087.0,981.9881321,2.139037433,183,187,4,0,183,187,18975,0,0,0,0,0
2020-09-27,US,Kansas,Jewell,17,1,0,39.78470589,-98.21820662,20089.0,590.4828065,5.882352941000001,16,17,1,0,16,17,2841,0,0,0,0,0
2020-09-27,US,Kansas,Johnson,10952,146,0,38.88548175,-94.82250877,20091.0,1818.0580710000002,1.333089847,10806,10873,146,0,10727,10773,597555,79,0,0,79,100
2020-09-27,US,Kansas,Kearny,95,1,0,38.00017981,-101.32168100000001,20093.0,2475.247525,1.052631579,94,95,1,0,94,95,3943,0,0,0,0,0
2020-09-27,US,Kansas,Kingman,85,1,0,37.55909527,-98.13638678,20095.0,1188.478747,1.176470588,84,85,1,0,84,85,7310,0,0,0,0,0
2020-09-27,US,Kansas,Kiowa,24,0,0,37.55848695,-99.2856537,20097.0,969.6969697000001,0.0,24,24,0,0,24,24,2516,0,0,0,0,0
2020-09-27,US,Kansas,Labette,237,4,0,37.19113093,-95.29849679,20099.0,1208.074218,1.687763713,233,237,4,0,233,237,19964,0,0,0,0,0
2020-09-27,US,Kansas,Lane,13,0,0,38.48119447,-100.46607540000001,20101.0,846.9055375,0.0,13,13,0,0,13,13,1560,0,0,0,0,0
2020-09-27,US,Kansas,Leavenworth,2039,11,0,39.20183497,-95.03620809,20103.0,2493.945547,0.5394801370000001,2028,2039,11,0,2028,2039,81352,0,0,0,0,0
2020-09-27,US,Kansas,Lincoln,12,0,0,39.04549684,-98.20756994,20105.0,405.1316678,0.0,12,12,0,0,12,12,3023,0,0,0,0,0
2020-09-27,US,Kansas,Linn,71,0,0,38.21267844,-94.84254089,20107.0,731.7324539,0.0,71,71,0,0,71,71,9750,0,0,0,0,0
2020-09-27,US,Kansas,Logan,7,0,0,38.91735806,-101.148475,20109.0,250.5368647,0.0,7,7,0,0,7,7,2844,0,0,0,0,0
2020-09-27,US,Kansas,Lyon,1112,33,0,38.45576156,-96.15275715,20111.0,3349.902094,2.9676258989999997,1079,1112,33,0,1079,1112,33406,0,0,0,0,0
2020-09-27,US,Kansas,Marion,76,1,0,38.35855394,-97.09852509999999,20115.0,639.5153147000001,1.315789474,75,76,1,0,75,76,11950,0,0,0,0,0
2020-09-27,US,Kansas,Marshall,23,0,0,39.78359669,-96.52278974,20117.0,236.94241269999998,0.0,23,23,0,0,23,23,9722,0,0,0,0,0
2020-09-27,US,Kansas,McPherson,277,1,0,38.39184858,-97.64769869,20113.0,970.4996146,0.36101083,276,277,1,0,276,277,28537,0,0,0,0,0
2020-09-27,US,Kansas,Meade,114,1,0,37.23859987,-100.36483100000001,20119.0,2826.679891,0.8771929820000001,113,114,1,0,113,114,4146,0,0,0,0,0
2020-09-27,US,Kansas,Miami,357,1,0,38.56383358,-94.83832189,20121.0,1042.731548,0.280112045,356,357,1,0,356,357,33680,0,0,0,0,0
2020-09-27,US,Kansas,Mitchell,45,0,0,39.39331582,-98.20906732,20123.0,752.6342198,0.0,45,45,0,0,45,45,6150,0,0,0,0,0
2020-09-27,US,Kansas,Montgomery,407,6,0,37.19236568,-95.74329258,20125.0,1278.708096,1.474201474,401,407,6,0,401,407,32120,0,0,0,0,0
2020-09-27,US,Kansas,Morris,33,0,0,38.68827511,-96.65128437,20127.0,587.1886121,0.0,33,33,0,0,33,33,5521,0,0,0,0,0
2020-09-27,US,Kansas,Morton,15,2,0,37.19141121,-101.79925190000002,20129.0,579.8221879,13.33333333,13,15,2,0,13,15,2667,0,0,0,0,0
2020-09-27,US,Kansas,Nemaha,100,1,0,39.78345387,-96.01392079,20131.0,977.4215618999999,1.0,99,100,1,0,99,100,10155,0,0,0,0,0
2020-09-27,US,Kansas,Neosho,173,0,0,37.55862897,-95.30670046,20133.0,1080.7771599999999,0.0,173,173,0,0,173,173,15951,0,0,0,0,0
2020-09-27,US,Kansas,Ness,82,7,0,38.47974157,-99.91547333,20135.0,2981.818182,8.536585366,75,82,7,0,75,82,2840,0,0,0,0,0
2020-09-27,US,Kansas,Norton,31,0,0,39.78443827,-99.90286639,20137.0,578.2503264,0.0,31,31,0,0,31,31,5430,0,0,0,0,0
2020-09-27,US,Kansas,Osage,104,0,0,38.65235984,-95.72707998,20139.0,652.0785002,0.0,104,104,0,0,104,104,15941,0,0,0,0,0
2020-09-27,US,Kansas,Osborne,6,0,0,39.3503437,-98.76753828,20141.0,175.3873137,0.0,6,6,0,0,6,6,3475,0,0,0,0,0
2020-09-27,US,Kansas,Ottawa,53,0,0,39.13237408,-97.65020313,20143.0,929.1725105,0.0,53,53,0,0,53,53,5802,0,0,0,0,0
2020-09-27,US,Kansas,Pawnee,414,1,0,38.18108732,-99.23692334,20145.0,6454.630496,0.24154589399999998,413,414,1,0,413,414,6562,0,0,0,0,0
2020-09-27,US,Kansas,Phillips,116,8,0,39.78465501,-99.34668865,20147.0,2216.2781809999997,6.896551724,108,116,8,0,108,116,5317,0,0,0,0,0
2020-09-27,US,Kansas,Pottawatomie,245,0,0,39.37925655,-96.34564657,20149.0,1004.798425,0.0,245,245,0,0,245,245,24277,0,0,0,0,0
2020-09-27,US,Kansas,Pratt,72,0,0,37.64780729,-98.73922153,20151.0,785.6831078,0.0,72,72,0,0,72,72,9378,0,0,0,0,0
2020-09-27,US,Kansas,Rawlins,22,0,0,39.78525843,-101.07616170000001,20153.0,869.5652174,0.0,22,22,0,0,22,22,2508,0,0,0,0,0
2020-09-27,US,Kansas,Reno,1068,3,0,37.95230263,-98.08607292,20155.0,1722.636214,0.280898876,1065,1056,3,0,1053,1046,62342,12,0,0,12,10
2020-09-27,US,Kansas,Republic,48,1,0,39.82799632,-97.65036709,20157.0,1035.375324,2.083333333,47,48,1,0,47,48,4664,0,0,0,0,0
2020-09-27,US,Kansas,Rice,77,1,0,38.34616184,-98.19992118,20159.0,807.3817762,1.298701299,76,77,1,0,76,77,9531,0,0,0,0,0
2020-09-27,US,Kansas,Riley,1807,8,0,39.28935726,-96.73420026,20161.0,2434.260157,0.442722745,1799,1807,8,0,1799,1807,73703,0,0,0,0,0
2020-09-27,US,Kansas,Rooks,70,0,0,39.35022773,-99.32484567,20163.0,1422.764228,0.0,70,70,0,0,70,70,5013,0,0,0,0,0
2020-09-27,US,Kansas,Rush,42,0,0,38.52275276,-99.30863983,20165.0,1383.399209,0.0,42,42,0,0,42,42,3093,0,0,0,0,0
2020-09-27,US,Kansas,Russell,83,0,0,38.91462787,-98.76254297,20167.0,1210.618436,0.0,83,83,0,0,83,83,6907,0,0,0,0,0
2020-09-27,US,Kansas,Saline,724,11,0,38.78369175,-97.65185177,20169.0,1335.202125,1.5193370169999998,713,724,11,0,713,724,54401,0,0,0,0,0
2020-09-27,US,Kansas,Scott,109,1,0,38.48222076,-100.90665390000001,20171.0,2260.004147,0.917431193,108,108,1,0,107,108,4897,1,0,0,1,0
2020-09-27,US,Kansas,Sedgwick,8478,86,0,37.6842718,-97.4608198,20173.0,1642.889532,1.014390186,8392,8394,86,0,8308,8321,513607,84,0,0,84,73
2020-09-27,US,Kansas,Seward,1708,5,0,37.19324632,-100.85072009999999,20175.0,7970.879223000001,0.292740047,1703,1708,5,0,1703,1708,21780,0,0,0,0,0
2020-09-27,US,Kansas,Shawnee,2681,32,0,39.04100763,-95.75572640000001,20177.0,1515.759717,1.193584483,2649,2681,32,0,2649,2681,177499,0,0,0,0,0
2020-09-27,US,Kansas,Sheridan,15,0,0,39.35018161,-100.44182590000001,20179.0,595.0019833,0.0,15,15,0,0,15,15,2533,0,0,0,0,0
2020-09-27,US,Kansas,Sherman,31,0,0,39.35147699,-101.71976240000001,20181.0,523.9141457,0.0,31,31,0,0,31,31,5899,0,0,0,0,0
2020-09-27,US,Kansas,Smith,7,0,0,39.78516566,-98.78566062,20183.0,195.36701090000003,0.0,7,7,0,0,7,7,3603,0,0,0,0,0
2020-09-27,US,Kansas,Stafford,56,1,0,38.03100851,-98.71762001,20185.0,1347.4494710000001,1.785714286,55,56,1,0,55,56,4178,0,0,0,0,0
2020-09-27,US,Kansas,Stanton,48,2,0,37.56304714,-101.78435340000001,20187.0,2392.821535,4.166666667,46,48,2,0,46,48,1987,0,0,0,0,0
2020-09-27,US,Kansas,Stevens,144,1,0,37.1923008,-101.3118967,20189.0,2625.341841,0.694444444,143,144,1,0,143,144,5559,0,0,0,0,0
2020-09-27,US,Kansas,Sumner,195,3,0,37.23682549,-97.47721621,20191.0,853.9148713,1.5384615380000002,192,195,3,0,192,195,22996,0,0,0,0,0
2020-09-27,US,Kansas,Thomas,126,0,0,39.35107575,-101.0553705,20193.0,1620.162016,0.0,126,126,0,0,126,126,7711,0,0,0,0,0
2020-09-27,US,Kansas,Trego,57,3,0,38.91467218,-99.87284448,20195.0,2033.535498,5.263157895,54,57,3,0,54,57,2793,0,0,0,0,0
2020-09-27,US,Kansas,Wabaunsee,67,1,0,38.95471985,-96.20350509,20197.0,966.671476,1.4925373130000001,66,67,1,0,66,67,6899,0,0,0,0,0
2020-09-27,US,Kansas,Wallace,17,0,0,38.91686134,-101.76388759999999,20199.0,1119.894598,0.0,17,17,0,0,17,17,1503,0,0,0,0,0
2020-09-27,US,Kansas,Washington,17,0,0,39.78420784,-97.08753229999999,20201.0,314.4654088,0.0,17,17,0,0,17,17,5420,0,0,0,0,0
2020-09-27,US,Kansas,Wichita,6,0,0,38.48178252,-101.3471509,20203.0,283.15243039999996,0.0,6,6,0,0,6,6,2105,0,0,0,0,0
2020-09-27,US,Kansas,Wilson,59,2,0,37.55937174,-95.74323255,20205.0,692.0821114,3.389830508,57,59,2,0,57,59,8665,0,0,0,0,0
2020-09-27,US,Kansas,Woodson,15,0,0,37.8865336,-95.74006277,20207.0,478.01147230000004,0.0,15,15,0,0,15,15,3183,0,0,0,0,0
2020-09-27,US,Kansas,Wyandotte,6929,134,0,39.11727348,-94.76378225,20209.0,4188.503829,1.933900996,6795,6884,134,0,6750,6843,165324,45,0,0,45,41
2020-09-27,US,Kentucky,Adair,310,19,0,37.10459774,-85.28129668,21001.0,1614.4151650000001,6.129032258,291,309,19,0,290,308,19215,1,0,0,1,1
2020-09-27,US,Kentucky,Allen,337,9,0,36.75197631,-86.19457544,21003.0,1581.046212,2.670623145,328,336,9,0,327,328,21122,1,0,0,1,8
2020-09-27,US,Kentucky,Anderson,160,1,0,38.00671029,-84.99171713,21005.0,703.389458,0.625,159,160,1,0,159,155,22663,0,0,0,0,5
2020-09-27,US,Kentucky,Ballard,56,1,0,37.05842757,-88.99427697,21007.0,709.9391481,1.785714286,55,56,1,0,55,56,7979,0,0,0,0,0
2020-09-27,US,Kentucky,Barren,757,13,0,36.96469836,-85.93338945,21009.0,1710.773125,1.7173051519999998,744,754,13,0,741,747,44176,3,0,0,3,7
2020-09-27,US,Kentucky,Bath,88,1,0,38.14735938,-83.74588932,21011.0,704.0,1.136363636,87,88,1,0,87,87,12383,0,0,0,0,1
2020-09-27,US,Kentucky,Bell,500,14,0,36.73355174,-83.67766671,21013.0,1920.7129690000002,2.8,486,492,13,0,479,490,26569,8,1,0,7,2
2020-09-27,US,Kentucky,Boone,1574,25,0,38.97065142,-84.72615357,21015.0,1178.311287,1.5883100380000001,1549,1567,25,0,1542,1550,131533,7,0,0,7,17
2020-09-27,US,Kentucky,Bourbon,192,1,0,38.2054607,-84.21827874,21017.0,970.2850212000001,0.520833333,191,191,1,0,190,186,20184,1,0,0,1,5
2020-09-27,US,Kentucky,Boyd,445,8,0,38.36176608,-82.68652187,21019.0,952.5236526000001,1.7977528090000001,437,439,8,0,431,426,47240,6,0,0,6,13
2020-09-27,US,Kentucky,Boyle,283,0,0,37.62680923,-84.8633779,21021.0,941.4504324999999,0.0,283,282,0,0,282,276,30100,1,0,0,1,6
2020-09-27,US,Kentucky,Bracken,41,0,0,38.69158994,-84.08532444,21023.0,493.7974226,0.0,41,41,0,0,41,40,8239,0,0,0,0,1
2020-09-27,US,Kentucky,Breathitt,87,0,0,37.52333168,-83.31959161,21025.0,688.8361045,0.0,87,87,0,0,87,87,12726,0,0,0,0,0
2020-09-27,US,Kentucky,Breckinridge,136,2,0,37.77377239,-86.42885017,21027.0,664.1597889999999,1.470588235,134,136,2,0,134,135,20388,0,0,0,0,1
2020-09-27,US,Kentucky,Bullitt,885,9,0,37.97162523,-85.68955617,21029.0,1083.5496349999999,1.0169491529999999,876,880,9,0,871,860,81069,5,0,0,5,20
2020-09-27,US,Kentucky,Butler,341,16,0,37.20946153,-86.68748787,21031.0,2647.721096,4.692082111,325,340,16,0,324,336,12772,1,0,0,1,4
2020-09-27,US,Kentucky,Caldwell,156,0,0,37.14749129,-87.86948214,21033.0,1223.8173689999999,0.0,156,156,0,0,156,152,12715,0,0,0,0,4
2020-09-27,US,Kentucky,Calloway,582,8,0,36.62093411,-88.2731593,21035.0,1492.269429,1.374570447,574,580,8,0,572,568,39135,2,0,0,2,12
2020-09-27,US,Kentucky,Campbell,876,16,0,38.94384345,-84.37875208,21037.0,936.0574457,1.8264840180000002,860,870,16,0,854,864,93152,6,0,0,6,6
2020-09-27,US,Kentucky,Carlisle,79,1,0,36.85372876,-88.96692220000001,21039.0,1659.663866,1.265822785,78,79,1,0,78,79,4771,0,0,0,0,0
2020-09-27,US,Kentucky,Carroll,199,5,0,38.66599534,-85.12601074,21041.0,1871.8841129999998,2.5125628140000003,194,199,5,0,194,199,10737,0,0,0,0,0
2020-09-27,US,Kentucky,Carter,182,3,0,38.31690743,-83.05092385,21043.0,679.1805052999999,1.6483516480000002,179,181,3,0,178,173,27004,1,0,0,1,8
2020-09-27,US,Kentucky,Casey,272,15,0,37.32533118,-84.92726209,21045.0,1683.27248,5.514705882,257,271,15,0,256,269,15888,1,0,0,1,2
2020-09-27,US,Kentucky,Christian,1303,21,0,36.89267803,-87.49055367,21047.0,1849.24994,1.611665388,1282,1298,21,0,1277,1278,71671,5,0,0,5,20
2020-09-27,US,Kentucky,Clark,316,8,0,37.9689263,-84.14615986,21049.0,871.4116316999999,2.53164557,308,313,8,0,305,309,36249,3,0,0,3,4
2020-09-27,US,Kentucky,Clay,324,6,0,37.16451126,-83.712575,21051.0,1628.058892,1.8518518519999998,318,324,6,0,318,317,20105,0,0,0,0,7
2020-09-27,US,Kentucky,Clinton,121,2,0,36.72581156,-85.13377529,21053.0,1184.184772,1.652892562,119,119,2,0,117,114,10206,2,0,0,2,5
2020-09-27,US,Kentucky,Crittenden,121,1,0,37.35839237,-88.08826090000001,21055.0,1374.063139,0.826446281,120,121,1,0,120,121,8915,0,0,0,0,0
2020-09-27,US,Kentucky,Cumberland,103,0,0,36.78926125,-85.39050034,21057.0,1557.302691,0.0,103,102,0,0,102,101,6659,1,0,0,1,1
2020-09-27,US,Kentucky,Daviess,1382,14,0,37.73028906,-87.09019479999999,21059.0,1361.428811,1.013024602,1368,1372,14,0,1358,1359,101104,10,0,0,10,13
2020-09-27,US,Kentucky,Edmonson,136,12,0,37.21218923,-86.23955613,21061.0,1119.341564,8.823529412000001,124,135,12,0,123,134,12274,1,0,0,1,1
2020-09-27,US,Kentucky,Elliott,39,0,0,38.11624059,-83.09771563,21063.0,518.8239989,0.0,39,39,0,0,39,39,7508,0,0,0,0,0
2020-09-27,US,Kentucky,Estill,160,0,0,37.69241417,-83.95956369,21065.0,1134.269105,0.0,160,154,0,0,154,152,14198,6,0,0,6,2
2020-09-27,US,Kentucky,Fayette,6054,73,0,38.0368225,-84.45576892,21067.0,1873.421795,1.205814338,5981,5993,72,0,5921,5885,323780,61,1,0,60,108
2020-09-27,US,Kentucky,Fleming,84,0,0,38.36758311,-83.69657514,21069.0,576.0921747000001,0.0,84,84,0,0,84,84,14432,0,0,0,0,0
2020-09-27,US,Kentucky,Floyd,181,2,0,37.56213922,-82.74750924,21071.0,508.5841131,1.1049723759999999,179,180,2,0,178,179,35845,1,0,0,1,1
2020-09-27,US,Kentucky,Franklin,652,12,0,38.2379395,-84.87962551,21073.0,1278.6570179999999,1.840490798,640,653,12,0,641,635,50815,-1,0,0,-1,18
2020-09-27,US,Kentucky,Fulton,148,3,0,36.55238827,-89.20140068,21075.0,2479.4772989999997,2.027027027,145,145,3,0,142,145,6120,3,0,0,3,0
2020-09-27,US,Kentucky,Gallatin,99,8,0,38.75398691,-84.8558382,21077.0,1116.247604,8.080808081,91,99,8,0,91,99,8832,0,0,0,0,0
2020-09-27,US,Kentucky,Garrard,157,3,0,37.638866799999995,-84.53289319,21079.0,888.7127816,1.910828025,154,157,3,0,154,154,17560,0,0,0,0,3
2020-09-27,US,Kentucky,Grant,164,6,0,38.64962758,-84.62415957,21081.0,654.1944234,3.658536585,158,163,6,0,157,161,25121,1,0,0,1,2
2020-09-27,US,Kentucky,Graves,735,29,0,36.72292505,-88.65143315,21083.0,1972.3071969999999,3.9455782310000003,706,731,29,0,702,729,37317,4,0,0,4,2
2020-09-27,US,Kentucky,Grayson,400,14,0,37.46231118,-86.34248968,21085.0,1513.603512,3.5,386,400,14,0,386,392,26321,0,0,0,0,8
2020-09-27,US,Kentucky,Green,270,8,0,37.26484328,-85.5540745,21087.0,2467.7817379999997,2.9629629630000003,262,265,8,0,257,262,11049,5,0,0,5,3
2020-09-27,US,Kentucky,Greenup,413,4,0,38.54332505,-82.9215658,21089.0,1176.705225,0.9685230020000001,409,404,4,0,400,396,35268,9,0,0,9,8
2020-09-27,US,Kentucky,Hancock,81,0,0,37.83766422,-86.78280584,21091.0,928.6860812000001,0.0,81,81,0,0,81,80,8758,0,0,0,0,1
2020-09-27,US,Kentucky,Hardin,1311,11,0,37.6976111,-85.96319251,21093.0,1181.528146,0.8390541570000001,1300,1299,11,0,1288,1287,110356,12,0,0,12,12
2020-09-27,US,Kentucky,Harlan,397,10,0,36.85699301,-83.21899516,21095.0,1526.336025,2.518891688,387,390,10,0,380,382,26409,7,0,0,7,8
2020-09-27,US,Kentucky,Harrison,177,0,0,38.44188174,-84.32869741,21097.0,937.2021603000001,0.0,177,177,0,0,177,176,18778,0,0,0,0,1
2020-09-27,US,Kentucky,Hart,175,1,0,37.29943898,-85.88461055,21099.0,919.3590754,0.571428571,174,172,1,0,171,172,18906,3,0,0,3,0
2020-09-27,US,Kentucky,Henderson,758,3,0,37.79344553,-87.57392021,21101.0,1676.620217,0.395778364,755,742,3,0,739,707,45591,16,0,0,16,35
2020-09-27,US,Kentucky,Henry,197,2,0,38.44942688,-85.11587507,21103.0,1221.629666,1.015228426,195,195,2,0,193,194,16106,2,0,0,2,1
2020-09-27,US,Kentucky,Hickman,77,0,0,36.67948079999999,-88.97875928,21105.0,1757.9908679999999,0.0,77,77,0,0,77,77,4421,0,0,0,0,0
2020-09-27,US,Kentucky,Hopkins,631,39,0,37.30939025,-87.54670406,21107.0,1412.07537,6.18066561,592,628,39,0,589,626,45068,3,0,0,3,2
2020-09-27,US,Kentucky,Jackson,368,17,0,37.41866422,-83.99825483,21109.0,2760.897292,4.619565217,351,367,17,0,350,364,13442,1,0,0,1,3
2020-09-27,US,Kentucky,Jefferson,15513,304,0,38.18664655,-85.65931031,21111.0,2023.196397,1.9596467480000002,15209,15418,304,0,15114,15184,770517,95,0,0,95,234
2020-09-27,US,Kentucky,Jessamine,608,0,0,37.87119786,-84.58252003,21113.0,1123.533216,0.0,608,599,0,0,599,589,53920,9,0,0,9,10
2020-09-27,US,Kentucky,Johnson,155,1,0,37.85106355,-82.8264322,21115.0,698.5758067,0.64516129,154,155,1,0,154,150,22386,0,0,0,0,5
2020-09-27,US,Kentucky,Kenton,2030,47,0,38.93950319,-84.53241199,21117.0,1215.58342,2.315270936,1983,2021,46,0,1975,2005,166051,9,1,0,8,16
2020-09-27,US,Kentucky,Knott,207,1,0,37.35388197,-82.94981134,21119.0,1398.081859,0.48309178700000005,206,201,1,0,200,198,15126,6,0,0,6,3
2020-09-27,US,Kentucky,Knox,492,9,0,36.89225732,-83.85403396,21121.0,1579.7078179999999,1.8292682930000002,483,492,9,0,483,477,31304,0,0,0,0,15
2020-09-27,US,Kentucky,Larue,124,1,0,37.54567114,-85.70138352,21123.0,861.2307265000001,0.806451613,123,122,1,0,121,114,14307,2,0,0,2,8
2020-09-27,US,Kentucky,Laurel,878,6,0,37.10975748,-84.11321779,21125.0,1443.770246,0.683371298,872,878,6,0,872,851,60669,0,0,0,0,27
2020-09-27,US,Kentucky,Lawrence,57,0,0,38.07136018,-82.72882223,21127.0,372.1355357,0.0,57,56,0,0,56,56,15571,1,0,0,1,0
2020-09-27,US,Kentucky,Lee,17,0,0,37.59645942,-83.71513901,21129.0,229.6366338,0.0,17,17,0,0,17,17,7033,0,0,0,0,0
2020-09-27,US,Kentucky,Leslie,75,0,0,37.09246661,-83.37999606,21131.0,759.3398804999999,0.0,75,72,0,0,72,70,10143,3,0,0,3,2
2020-09-27,US,Kentucky,Letcher,154,2,0,37.12306748,-82.85346474,21133.0,714.5177006,1.298701299,152,145,2,0,143,137,21899,9,0,0,9,8
2020-09-27,US,Kentucky,Lewis,221,14,0,38.53184419,-83.37735618,21135.0,1664.7834269999998,6.334841629,207,221,14,0,207,221,13257,0,0,0,0,0
2020-09-27,US,Kentucky,Lincoln,192,13,0,37.45475628,-84.6565327,21137.0,782.1092509,6.770833333,179,192,13,0,179,188,24644,0,0,0,0,4
2020-09-27,US,Kentucky,Livingston,87,1,0,37.21137452,-88.34797529,21139.0,946.2693061000001,1.1494252870000001,86,87,1,0,86,87,9242,0,0,0,0,0
2020-09-27,US,Kentucky,Logan,553,28,0,36.85949479,-86.877635,21141.0,2040.4398199999998,5.0632911389999995,525,551,28,0,523,548,26989,2,0,0,2,3
2020-09-27,US,Kentucky,Lyon,70,4,0,37.02080035,-88.07886257,21143.0,852.6187576,5.714285714,66,70,4,0,66,70,8009,0,0,0,0,0
2020-09-27,US,Kentucky,Madison,1750,7,0,37.71659336,-84.27220275,21151.0,1881.9835030000002,0.4,1743,1730,7,0,1723,1724,92368,20,0,0,20,6
2020-09-27,US,Kentucky,Magoffin,84,0,0,37.70820545,-83.0657714,21153.0,690.73267,0.0,84,84,0,0,84,83,12362,0,0,0,0,1
2020-09-27,US,Kentucky,Marion,228,8,0,37.55218078,-85.26898542,21155.0,1183.002127,3.50877193,220,225,8,0,217,223,19404,3,0,0,3,2
2020-09-27,US,Kentucky,Marshall,302,4,0,36.880070700000005,-88.32803576,21157.0,971.0610932,1.324503311,298,299,4,0,295,297,31191,3,0,0,3,2
2020-09-27,US,Kentucky,Martin,78,3,0,37.79990579,-82.51247478,21159.0,696.7396159,3.8461538460000004,75,78,3,0,75,77,11323,0,0,0,0,1
2020-09-27,US,Kentucky,Mason,124,2,0,38.59471935,-83.82151043,21161.0,726.420621,1.612903226,122,123,2,0,121,122,17150,1,0,0,1,1
2020-09-27,US,Kentucky,McCracken,734,10,0,37.05350953,-88.70445755,21145.0,1122.015347,1.36239782,724,725,10,0,715,714,65346,9,0,0,9,11
2020-09-27,US,Kentucky,McCreary,168,0,0,36.73874143,-84.48102924,21147.0,974.9869421,0.0,168,162,0,0,162,153,17408,6,0,0,6,9
2020-09-27,US,Kentucky,McLean,77,1,0,37.5301951,-87.26803443,21149.0,836.3201912000001,1.298701299,76,76,1,0,75,77,9252,1,0,0,1,-1
2020-09-27,US,Kentucky,Meade,218,3,0,37.96163597,-86.21028219,21163.0,762.9847403,1.376146789,215,215,3,0,212,212,28715,3,0,0,3,3
2020-09-27,US,Kentucky,Menifee,46,0,0,37.94090733,-83.59985712,21165.0,708.891971,0.0,46,46,0,0,46,45,6451,0,0,0,0,1
2020-09-27,US,Kentucky,Mercer,239,2,0,37.81474237,-84.87488475,21167.0,1089.6822140000002,0.8368200840000001,237,235,2,0,233,218,21774,4,0,0,4,17
2020-09-27,US,Kentucky,Metcalfe,115,2,0,36.99459295,-85.63123699,21169.0,1141.892563,1.739130435,113,112,2,0,110,111,10030,3,0,0,3,1
2020-09-27,US,Kentucky,Monroe,206,4,0,36.71225341,-85.71596443,21171.0,1934.2723,1.9417475730000002,202,205,4,0,201,203,10718,1,0,0,1,2
2020-09-27,US,Kentucky,Montgomery,282,3,0,38.03253032,-83.9145241,21173.0,1001.527151,1.063829787,279,281,3,0,278,277,28203,1,0,0,1,4
2020-09-27,US,Kentucky,Morgan,58,0,0,37.92465657,-83.25558245,21175.0,435.7953265,0.0,58,57,0,0,57,55,13345,1,0,0,1,2
2020-09-27,US,Kentucky,Muhlenberg,773,12,0,37.21425819,-87.14632053,21177.0,2524.328914,1.552393273,761,768,12,0,756,767,30774,5,0,0,5,1
2020-09-27,US,Kentucky,Nelson,502,4,0,37.80335779,-85.4657193,21179.0,1085.804512,0.7968127490000001,498,501,4,0,497,496,45851,1,0,0,1,5
2020-09-27,US,Kentucky,Nicholas,32,1,0,38.33342292,-84.01889177,21181.0,440.2256156,3.125,31,32,1,0,31,32,7166,0,0,0,0,0
2020-09-27,US,Kentucky,Ohio,457,9,0,37.47751843,-86.85368087,21183.0,1904.642827,1.9693654269999998,448,454,9,0,445,448,24087,3,0,0,3,6
2020-09-27,US,Kentucky,Oldham,1122,25,0,38.39791089,-85.448222,21185.0,1679.665863,2.228163993,1097,1117,25,0,1092,1109,66470,5,0,0,5,8
2020-09-27,US,Kentucky,Owen,101,2,0,38.51679143,-84.82404619,21187.0,926.5205027000001,1.98019802,99,101,2,0,99,99,10880,0,0,0,0,2
2020-09-27,US,Kentucky,Owsley,39,1,0,37.42823949,-83.68811419,21189.0,883.3522083999999,2.564102564,38,37,1,0,36,37,4472,2,0,0,2,0
2020-09-27,US,Kentucky,Pendleton,102,0,0,38.69607718,-84.35599463,21191.0,699.1089787999999,0.0,102,101,0,0,101,99,14529,1,0,0,1,2
2020-09-27,US,Kentucky,Perry,335,9,0,37.25023553,-83.22922731,21193.0,1300.566814,2.686567164,326,334,9,0,325,331,26092,1,0,0,1,3
2020-09-27,US,Kentucky,Pike,442,3,0,37.47088263,-82.39487445,21195.0,763.7017071,0.678733032,439,442,3,0,439,417,58402,0,0,0,0,25
2020-09-27,US,Kentucky,Powell,96,0,0,37.83218794,-83.82553961,21197.0,776.7618739,0.0,96,94,0,0,94,93,12442,2,0,0,2,1
2020-09-27,US,Kentucky,Pulaski,787,10,0,37.10466131,-84.57629079,21199.0,1211.160529,1.27064803,777,784,10,0,774,776,64623,3,0,0,3,8
2020-09-27,US,Kentucky,Robertson,12,0,0,38.51923469,-84.05055616,21201.0,569.259962,0.0,12,12,0,0,12,12,2135,0,0,0,0,0
2020-09-27,US,Kentucky,Rockcastle,172,1,0,37.36642393,-84.31176452,21203.0,1030.248577,0.581395349,171,170,1,0,169,170,16750,2,0,0,2,0
2020-09-27,US,Kentucky,Rowan,221,1,0,38.19484205,-83.42088935,21205.0,903.5159444,0.452488688,220,221,1,0,220,218,24583,0,0,0,0,3
2020-09-27,US,Kentucky,Russell,249,6,0,36.99308373,-85.06070117,21207.0,1389.276349,2.4096385540000003,243,249,6,0,243,248,17821,0,0,0,0,1
2020-09-27,US,Kentucky,Scott,762,11,0,38.29622293,-84.5816631,21209.0,1336.748298,1.443569554,751,759,11,0,748,746,56031,3,0,0,3,13
2020-09-27,US,Kentucky,Shelby,1061,24,0,38.21476019,-85.194223,21211.0,2164.246084,2.262016965,1037,1058,24,0,1034,1055,48518,3,0,0,3,3
2020-09-27,US,Kentucky,Simpson,277,8,0,36.74058474,-86.58047435,21213.0,1491.492569,2.8880866430000003,269,276,8,0,268,274,18529,1,0,0,1,2
2020-09-27,US,Kentucky,Spencer,213,0,0,38.03223971,-85.32749335,21215.0,1100.718309,0.0,213,211,0,0,211,208,18794,2,0,0,2,3
2020-09-27,US,Kentucky,Taylor,298,7,0,37.3677562,-85.3329931,21217.0,1156.428267,2.348993289,291,296,7,0,289,294,25549,2,0,0,2,2
2020-09-27,US,Kentucky,Todd,188,8,0,36.8381152,-87.17878374,21219.0,1529.2012359999999,4.255319149,180,188,8,0,180,184,12311,0,0,0,0,4
2020-09-27,US,Kentucky,Trigg,173,0,0,36.80767017,-87.87333656,21221.0,1180.806771,0.0,173,173,0,0,173,172,14643,0,0,0,0,1
2020-09-27,US,Kentucky,Trimble,66,0,0,38.61056487,-85.33775972,21223.0,779.1287924,0.0,66,65,0,0,65,63,8515,1,0,0,1,2
2020-09-27,US,Kentucky,Union,330,3,0,37.66166713,-87.94300009,21225.0,2294.694388,0.9090909090000001,327,327,3,0,324,318,14505,3,0,0,3,9
2020-09-27,US,Kentucky,Warren,4329,50,0,36.99903045,-86.42672751,21227.0,3257.434385,1.155001155,4279,4310,50,0,4260,4275,131264,19,0,0,19,35
2020-09-27,US,Kentucky,Washington,146,1,0,37.75599461,-85.17407732,21229.0,1207.110376,0.684931507,145,145,1,0,144,144,12084,1,0,0,1,1
2020-09-27,US,Kentucky,Wayne,150,0,0,36.80310688,-84.8251971,21231.0,737.7170118,0.0,150,150,0,0,150,147,20468,0,0,0,0,3
2020-09-27,US,Kentucky,Webster,164,3,0,37.52168356,-87.67989953,21233.0,1267.192088,1.8292682930000002,161,163,3,0,160,161,13111,1,0,0,1,2
2020-09-27,US,Kentucky,Whitley,366,2,0,36.75700531,-84.14541217,21235.0,1009.2653869999999,0.546448087,364,365,2,0,363,337,36242,1,0,0,1,28
2020-09-27,US,Kentucky,Wolfe,39,0,0,37.73941626,-83.49303612,21237.0,544.9210562999999,0.0,39,38,0,0,38,32,7177,1,0,0,1,6
2020-09-27,US,Kentucky,Woodford,273,0,0,38.04178222,-84.7417556,21239.0,1021.171542,0.0,273,272,0,0,272,270,26533,1,0,0,1,2
2020-09-27,US,Louisiana,Acadia,2962,97,0,30.295064899999996,-92.41419698,22001.0,4773.954388,3.274814315,2865,2946,96,0,2850,2946,62190,16,1,0,15,0
2020-09-27,US,Louisiana,Allen,1586,50,0,30.65385745,-92.82442028,22003.0,6188.785266,3.15258512,1536,1580,49,0,1531,1580,25605,6,1,0,5,0
2020-09-27,US,Louisiana,Ascension,3750,98,0,30.20406249,-90.91328409999998,22005.0,2961.9917219999998,2.613333333,3652,3736,97,0,3639,3736,124672,14,1,0,13,0
2020-09-27,US,Louisiana,Assumption,761,24,0,29.89946234,-91.06461642,22007.0,3476.314467,3.153745072,737,758,24,0,734,758,22300,3,0,0,3,0
2020-09-27,US,Louisiana,Avoyelles,1526,55,0,31.07796211,-92.00079449,22009.0,3801.3152649999997,3.6041939710000004,1471,1514,54,0,1460,1514,40462,12,1,0,11,0
2020-09-27,US,Louisiana,Beauregard,1004,37,0,30.64836518,-93.34173616,22011.0,2677.547537,3.685258964,967,995,37,0,958,995,37253,9,0,0,9,0
2020-09-27,US,Louisiana,Bienville,484,32,0,32.34569994,-93.05398492,22013.0,3655.313043,6.611570248,452,478,32,0,446,478,13308,6,0,0,6,0
2020-09-27,US,Louisiana,Bossier,3281,106,0,32.67932307,-93.60460152,22015.0,2582.6714629999997,3.2307223410000003,3175,3241,106,0,3135,3241,127185,40,0,0,40,0
2020-09-27,US,Louisiana,Caddo,8538,353,0,32.57991587,-93.88375652,22017.0,3554.478693,4.134457718,8185,8457,353,0,8104,8457,242922,81,0,0,81,0
2020-09-27,US,Louisiana,Calcasieu,7856,212,0,30.22931235,-93.35400434,22019.0,3861.656737,2.6985743380000002,7644,7831,210,0,7621,7831,203112,25,2,0,23,0
2020-09-27,US,Louisiana,Caldwell,301,3,0,32.0902519,-92.11752148,22021.0,3034.886066,0.996677741,298,300,3,0,297,300,9960,1,0,0,1,0
2020-09-27,US,Louisiana,Cameron,224,2,0,29.87592238,-93.19310676,22023.0,3212.39065,0.892857143,222,226,2,0,224,226,6968,-2,0,0,-2,0
2020-09-27,US,Louisiana,Catahoula,436,10,0,31.66778967,-91.84526385,22025.0,4592.3741310000005,2.293577982,426,433,10,0,423,433,9608,3,0,0,3,0
2020-09-27,US,Louisiana,Claiborne,507,23,0,32.82308512,-92.99526883,22027.0,3235.481812,4.536489152,484,508,23,0,485,508,15944,-1,0,0,-1,0
2020-09-27,US,Louisiana,Concordia,511,14,0,31.44817835,-91.63814433,22029.0,2653.304948,2.7397260269999997,497,510,13,0,497,510,19572,1,1,0,0,0
2020-09-27,US,Louisiana,De Soto,906,35,0,32.05457447,-93.74130302,22031.0,3298.9840879999997,3.8631346580000003,871,895,35,0,860,895,27436,11,0,0,11,0
2020-09-27,US,Louisiana,East Baton Rouge,15111,440,0,30.53842039,-91.09777565,22033.0,3433.857733,2.911786116,14671,15042,441,0,14601,15042,440956,69,-1,0,70,0
2020-09-27,US,Louisiana,East Carroll,549,4,0,32.73926954,-91.23425694,22035.0,8001.749016,0.72859745,545,543,4,0,539,543,7037,6,0,0,6,0
2020-09-27,US,Louisiana,East Feliciana,1740,67,0,30.84425359,-91.04976723,22037.0,9093.284556999999,3.8505747130000003,1673,1739,67,0,1672,1739,19305,1,0,0,1,0
2020-09-27,US,Louisiana,Evangeline,1327,32,0,30.72985248,-92.39915924,22039.0,3973.64875,2.411454408,1295,1314,32,0,1282,1314,33443,13,0,0,13,0
2020-09-27,US,Louisiana,Franklin,1204,38,0,32.13675181,-91.67589857,22041.0,6015.488384,3.156146179,1166,1202,38,0,1164,1202,20156,2,0,0,2,0
2020-09-27,US,Louisiana,Grant,495,30,0,31.59882456,-92.56124347,22043.0,2210.907142,6.0606060610000005,465,490,30,0,460,490,22482,5,0,0,5,0
2020-09-27,US,Louisiana,Iberia,2929,89,0,29.86803617,-91.75871777,22045.0,4194.47229,3.03857972,2840,2918,89,0,2829,2918,70941,11,0,0,11,0
2020-09-27,US,Louisiana,Iberville,1409,58,0,30.25734305,-91.3499598,22047.0,4333.917751,4.116394606,1351,1407,58,0,1349,1407,32721,2,0,0,2,0
2020-09-27,US,Louisiana,Jackson,649,22,0,32.30251776,-92.55692092,22049.0,4122.205285,3.389830508,627,640,22,0,618,640,15902,9,0,0,9,0
2020-09-27,US,Louisiana,Jefferson,17530,568,0,29.74075478,-90.11115756,22051.0,4053.244792,3.2401597260000004,16962,17459,568,0,16891,17459,434051,71,0,0,71,0
2020-09-27,US,Louisiana,Jefferson Davis,1241,39,0,30.26896765,-92.81210004,22053.0,3956.261158,3.1426269139999996,1202,1239,39,0,1200,1239,31582,2,0,0,2,0
2020-09-27,US,Louisiana,LaSalle,423,7,0,31.67884782,-92.15907765,22059.0,2840.4512489999997,1.6548463359999999,416,425,7,0,418,425,14917,-2,0,0,-2,0
2020-09-27,US,Louisiana,Lafayette,8959,132,0,30.2049055,-92.06959876,22055.0,3665.861942,1.473378725,8827,8938,130,0,8808,8938,242782,21,2,0,19,0
2020-09-27,US,Louisiana,Lafourche,3648,121,0,29.52470226,-90.40976986,22057.0,3737.168849,3.316885965,3527,3625,121,0,3504,3625,98115,23,0,0,23,0
2020-09-27,US,Louisiana,Lincoln,1321,48,0,32.6003154,-92.66597409999999,22061.0,2826.152069,3.6336109010000004,1273,1269,48,0,1221,1269,47196,52,0,0,52,0
2020-09-27,US,Louisiana,Livingston,3777,76,0,30.44143993,-90.73061664,22063.0,2682.737998,2.012178978,3701,3758,74,0,3684,3758,139567,19,2,0,17,0
2020-09-27,US,Louisiana,Madison,877,8,0,32.36918118,-91.23973355,22065.0,8008.401059000001,0.9122006840000001,869,870,8,0,862,870,11161,7,0,0,7,0
2020-09-27,US,Louisiana,Morehouse,780,22,0,32.81686191,-91.80421614,22067.0,3135.804454,2.8205128210000003,758,776,22,0,754,776,25398,4,0,0,4,0
2020-09-27,US,Louisiana,Natchitoches,1141,26,0,31.72321584,-93.09816516,22069.0,2990.198648,2.278702892,1115,1129,26,0,1103,1129,38659,12,0,0,12,0
2020-09-27,US,Louisiana,Orleans,12569,587,0,30.06971951,-89.92660315,22071.0,3221.630988,4.670220383,11982,12524,587,0,11937,12524,391006,45,0,0,45,0
2020-09-27,US,Louisiana,Ouachita,6249,143,0,32.47645559,-92.15704172,22073.0,4076.8794159999998,2.288366139,6106,6193,142,0,6051,6193,154475,56,1,0,55,0
2020-09-27,US,Louisiana,Plaquemines,687,19,0,29.42245447,-89.60322085,22075.0,2961.589861,2.765647744,668,676,19,0,657,676,23410,11,0,0,11,0
2020-09-27,US,Louisiana,Pointe Coupee,1062,40,0,30.71409502,-91.60209535,22077.0,4887.252646,3.766478343,1022,1055,40,0,1015,1055,21940,7,0,0,7,0
2020-09-27,US,Louisiana,Rapides,4214,148,0,31.19778499,-92.52997303,22079.0,3250.33938,3.512102515,4066,4182,148,0,4034,4182,130562,32,0,0,32,0
2020-09-27,US,Louisiana,Red River,359,22,0,32.09530039,-93.34213308,22081.0,4252.546789999999,6.128133705,337,356,22,0,334,356,8477,3,0,0,3,0
2020-09-27,US,Louisiana,Richland,786,11,0,32.41391005,-91.76634876,22083.0,3906.1723490000004,1.399491094,775,752,10,0,742,752,20192,34,1,0,33,0
2020-09-27,US,Louisiana,Sabine,857,13,0,31.56388699,-93.55433981,22085.0,3588.1761850000003,1.5169194869999998,844,848,13,0,835,848,24032,9,0,0,9,0
2020-09-27,US,Louisiana,St. Bernard,1410,30,0,29.87761636,-89.51887093,22087.0,2984.5059690000003,2.127659574,1380,1401,29,0,1372,1401,46721,9,1,0,8,0
2020-09-27,US,Louisiana,St. Charles,1803,59,0,29.90709658,-90.35555967,22089.0,3395.4802259999997,3.272323905,1744,1791,59,0,1732,1791,52879,12,0,0,12,0
2020-09-27,US,Louisiana,St. Helena,408,4,0,30.82210324,-90.71013176,22091.0,4026.8456380000002,0.980392157,404,413,4,0,409,413,10262,-5,0,0,-5,0
2020-09-27,US,Louisiana,St. James,808,40,0,30.02531716,-90.80212061,22093.0,3830.1099729999996,4.95049505,768,805,40,0,765,805,21037,3,0,0,3,0
2020-09-27,US,Louisiana,St. John the Baptist,1586,100,0,30.12597499,-90.4753503,22095.0,3702.4067979999995,6.30517024,1486,1581,100,0,1481,1581,43184,5,0,0,5,0
2020-09-27,US,Louisiana,St. Landry,3307,124,0,30.59724262,-92.00135806,22097.0,4026.837465,3.749622014,3183,3299,124,0,3175,3299,82764,8,0,0,8,0
2020-09-27,US,Louisiana,St. Martin,2094,61,0,30.13112107,-91.61403569,22099.0,3919.0731969999997,2.913085005,2033,2094,61,0,2033,2094,53621,0,0,0,0,0
2020-09-27,US,Louisiana,St. Mary,1917,77,0,29.69262097,-91.44702164,22101.0,3884.655913,4.016692749,1840,1911,77,0,1834,1911,49774,6,0,0,6,0
2020-09-27,US,Louisiana,St. Tammany,6941,253,0,30.40942847,-89.95642711,22103.0,2665.320119,3.6450079239999997,6688,6907,252,0,6655,6907,258111,34,1,0,33,0
2020-09-27,US,Louisiana,Tangipahoa,4471,119,0,30.62888673,-90.40664996,22105.0,3317.799314,2.661596958,4352,4441,118,0,4323,4441,133777,30,1,0,29,0
2020-09-27,US,Louisiana,Tensas,161,2,0,32.00760749,-91.32915234,22107.0,3714.813106,1.242236025,159,161,2,0,159,161,4462,0,0,0,0,0
2020-09-27,US,Louisiana,Terrebonne,3630,115,0,29.37343766,-90.82626855,22109.0,3286.227718,3.168044077,3515,3623,113,0,3510,3623,111021,7,2,0,5,0
2020-09-27,US,Louisiana,Unassigned,196,182,0,0.0,0.0,90022.0,0.0,92.85714286,14,196,182,0,14,196,,0,0,0,0,0
2020-09-27,US,Louisiana,Union,969,43,0,32.83121059,-92.3749373,22111.0,4383.028768,4.437564499,926,963,42,0,921,963,22330,6,1,0,5,0
2020-09-27,US,Louisiana,Vermilion,2037,61,0,29.83517605,-92.30292538,22113.0,3422.896607,2.994599902,1976,2038,61,0,1977,2038,59830,-1,0,0,-1,0
2020-09-27,US,Louisiana,Vernon,1049,51,0,31.10884837,-93.18153838,22115.0,2211.727002,4.861773117,998,1049,49,0,1000,1049,48860,0,2,0,-2,0
2020-09-27,US,Louisiana,Washington,1634,66,0,30.85288548,-90.03866652,22117.0,3537.255921,4.039167687,1568,1624,65,0,1559,1624,46582,10,1,0,9,0
2020-09-27,US,Louisiana,Webster,1263,23,0,32.70847669,-93.33121835,22119.0,3294.209703,1.821060966,1240,1232,23,0,1209,1232,38798,31,0,0,31,0
2020-09-27,US,Louisiana,West Baton Rouge,908,41,0,30.46058217,-91.30989571,22121.0,3430.946533,4.515418502,867,903,41,0,862,903,26427,5,0,0,5,0
2020-09-27,US,Louisiana,West Carroll,349,10,0,32.78550125,-91.461201,22123.0,3222.530009,2.8653295130000003,339,345,10,0,335,345,10982,4,0,0,4,0
2020-09-27,US,Louisiana,West Feliciana,756,25,0,30.87882871,-91.41485379999999,22125.0,4856.115108,3.306878307,731,752,25,0,727,752,15460,4,0,0,4,0
2020-09-27,US,Louisiana,Winn,628,18,0,31.94449367,-92.63789413,22127.0,4516.685846,2.866242038,610,622,18,0,604,622,14134,6,0,0,6,0
2020-09-27,US,Maine,Androscoggin,711,10,0,44.1664747,-70.20380627,23001.0,656.6491499,1.4064697609999999,701,706,10,0,696,705,107679,5,0,0,5,1
2020-09-27,US,Maine,Aroostook,43,1,0,46.65926321,-68.59841248,23003.0,64.12646335,2.325581395,42,43,1,0,42,43,67111,0,0,0,0,0
2020-09-27,US,Maine,Cumberland,2307,70,0,43.8370751,-70.37226999,23005.0,782.0259455,3.0342436060000004,2237,2306,70,0,2236,2302,293557,1,0,0,1,4
2020-09-27,US,Maine,Franklin,61,1,0,44.97330019,-70.44381045,23007.0,201.9934435,1.6393442619999998,60,62,1,0,61,61,29897,-1,0,0,-1,1
2020-09-27,US,Maine,Hancock,54,1,0,44.59816444,-68.38401854,23009.0,98.20503028,1.8518518519999998,53,54,1,0,53,53,54811,0,0,0,0,1
2020-09-27,US,Maine,Kennebec,214,11,0,44.40759555,-69.76738544,23011.0,174.976697,5.140186916,203,214,11,0,203,211,122083,0,0,0,0,3
2020-09-27,US,Maine,Knox,39,1,0,44.11486325,-69.10529169,23013.0,98.05893593,2.564102564,38,36,1,0,35,36,39771,3,0,0,3,0
2020-09-27,US,Maine,Lincoln,42,1,0,44.05996956,-69.54227124,23015.0,121.26811799999999,2.3809523809999997,41,42,1,0,41,42,34342,0,0,0,0,0
2020-09-27,US,Maine,Oxford,147,1,0,44.49952995,-70.75682123,23017.0,253.5575679,0.680272109,146,140,1,0,139,139,57618,7,0,0,7,1
2020-09-27,US,Maine,Penobscot,254,6,0,45.40194593,-68.65020455,23019.0,166.94271369999998,2.362204724,248,253,6,0,247,253,151096,1,0,0,1,0
2020-09-27,US,Maine,Piscataquis,9,0,0,45.83839062,-69.2860223,23021.0,53.61930295,0.0,9,9,0,0,9,9,16800,0,0,0,0,0
2020-09-27,US,Maine,Sagadahoc,66,0,0,43.95415864,-69.85074999,23023.0,184.0696118,0.0,66,66,0,0,66,66,35634,0,0,0,0,0
2020-09-27,US,Maine,Somerset,86,8,0,45.51229767,-69.95995554,23025.0,170.3510023,9.302325581,78,85,8,0,77,84,50592,1,0,0,1,1
2020-09-27,US,Maine,Waldo,73,14,0,44.4858305,-69.12061935,23027.0,183.80964369999998,19.17808219,59,73,14,0,59,73,39694,0,0,0,0,0
2020-09-27,US,Maine,Washington,16,0,0,45.01607142,-67.62813524,23029.0,50.98951528,0.0,16,16,0,0,16,16,31490,0,0,0,0,0
2020-09-27,US,Maine,York,1165,15,0,43.47808377,-70.71052375,23031.0,561.0645296,1.287553648,1150,1153,15,0,1138,1141,206229,12,0,0,12,12
2020-09-27,US,Maryland,Allegany,463,22,0,39.62357628,-78.69280486,24001.0,657.521018,4.75161987,441,461,22,0,439,460,70975,2,0,0,2,1
2020-09-27,US,Maryland,Anne Arundel,9969,248,0,39.00670238,-76.60329337,24003.0,1721.066098,2.487711907,9721,9933,247,0,9686,9873,576031,36,1,0,35,60
2020-09-27,US,Maryland,Baltimore,17837,623,0,39.45784712,-76.62911955,24005.0,2155.8673870000002,3.4927398110000003,17214,17782,622,0,17160,17720,828431,55,1,0,54,62
2020-09-27,US,Maryland,Baltimore City,15525,487,0,39.30211911,-76.61151012,24510.0,2615.8823230000003,3.136876006,15038,15484,487,0,14997,15431,621342,41,0,0,41,53
2020-09-27,US,Maryland,Calvert,942,28,0,38.53961642,-76.56820632,24009.0,1018.1032150000001,2.9723991510000003,914,939,28,0,911,933,92003,3,0,0,3,6
2020-09-27,US,Maryland,Caroline,646,7,0,38.87172293,-75.82904158,24011.0,1933.78435,1.083591331,639,644,7,0,637,640,33304,2,0,0,2,4
2020-09-27,US,Maryland,Carroll,1948,126,0,39.56453592,-77.02373735,24013.0,1156.446835,6.468172485,1822,1944,126,0,1818,1937,168429,4,0,0,4,7
2020-09-27,US,Maryland,Cecil,1057,35,0,39.56647682,-75.94627411,24015.0,1027.660298,3.311258278,1022,1056,35,0,1021,1038,102826,1,0,0,1,18
2020-09-27,US,Maryland,Charles,2759,101,0,38.51092331,-76.98580666,24017.0,1689.973477,3.660746647,2658,2753,101,0,2652,2745,161503,6,0,0,6,8
2020-09-27,US,Maryland,Dorchester,593,10,0,38.45413522,-76.02752426,24019.0,1857.245764,1.686340641,583,592,10,0,582,587,31998,1,0,0,1,5
2020-09-27,US,Maryland,Frederick,4037,131,0,39.47296601,-77.39999394,24021.0,1555.402297,3.2449838989999997,3906,4019,131,0,3888,3995,255648,18,0,0,18,24
2020-09-27,US,Maryland,Garrett,74,1,0,39.52786077,-79.27355126,24023.0,255.0492866,1.351351351,73,72,1,0,71,72,29163,2,0,0,2,0
2020-09-27,US,Maryland,Harford,3021,76,0,39.55010644,-76.30775940000001,24025.0,1182.660575,2.51572327,2945,3008,76,0,2932,2986,253956,13,0,0,13,22
2020-09-27,US,Maryland,Howard,5061,122,0,39.25305293,-76.93126208,24027.0,1553.9316529999999,2.410590792,4939,5034,122,0,4912,5013,323196,27,0,0,27,21
2020-09-27,US,Maryland,Kent,304,24,0,39.24976208,-76.04741541,24029.0,1565.2353,7.894736842,280,303,24,0,279,300,19383,1,0,0,1,3
2020-09-27,US,Maryland,Montgomery,22360,844,0,39.13676329,-77.20358245,24031.0,2128.129378,3.774597496,21516,22275,844,0,21431,22185,1052567,85,0,0,85,90
2020-09-27,US,Maryland,Prince George's,29210,827,0,38.83070039,-76.8496441,24033.0,3212.265775,2.8312221839999996,28383,29130,827,0,28303,28995,909308,80,0,0,80,135
2020-09-27,US,Maryland,Queen Anne's,659,26,0,39.06198912,-76.03530977,24035.0,1308.03279,3.945371775,633,654,26,0,628,652,50251,5,0,0,5,2
2020-09-27,US,Maryland,Somerset,276,5,0,38.1163542,-75.75118623,24039.0,1077.451593,1.811594203,271,272,4,0,268,263,25675,4,1,0,3,9
2020-09-27,US,Maryland,St. Mary's,1291,57,0,38.30058422,-76.60629279999999,24037.0,1137.344727,4.4151820289999995,1234,1288,57,0,1231,1274,112664,3,0,0,3,14
2020-09-27,US,Maryland,Talbot,559,6,0,38.76618159,-76.10882561,24041.0,1503.456066,1.073345259,553,555,6,0,549,551,36968,4,0,0,4,4
2020-09-27,US,Maryland,Unassigned,0,17,0,0.0,0.0,90024.0,0.0,0.0,-17,0,11,0,-11,0,,0,6,0,-6,0
2020-09-27,US,Maryland,Washington,1787,37,0,39.60835778,-77.82002295,24043.0,1183.059802,2.070509233,1750,1770,37,0,1733,1720,150926,17,0,0,17,50
2020-09-27,US,Maryland,Wicomico,1975,48,0,38.37301947,-75.62705831,24045.0,1906.205059,2.430379747,1927,1959,48,0,1911,1949,103195,16,0,0,16,10
2020-09-27,US,Maryland,Worcester,1050,27,0,38.21274277,-75.33200012,24047.0,2008.569898,2.5714285709999998,1023,1045,26,0,1019,1040,51823,5,1,0,4,5
2020-09-27,US,Massachusetts,Barnstable,1757,174,0,41.72980578,-70.28854339,25001.0,824.9213578,9.903244166,1583,1750,174,0,1576,1736,213413,7,0,0,7,14
2020-09-27,US,Massachusetts,Berkshire,711,49,0,42.37428441,-73.20524838,25003.0,569.0549366,6.8917018279999995,662,707,49,0,658,707,126348,4,0,0,4,0
2020-09-27,US,Massachusetts,Bristol,10018,697,0,41.79228404,-71.10872211,25005.0,1772.4166120000002,6.957476542,9321,9981,696,0,9285,9926,564022,37,1,0,36,55
2020-09-27,US,Massachusetts,Dukes and Nantucket,157,1,0,41.40674725,-70.68763497,0.0,546.4480874,0.636942675,156,157,1,0,156,154,26707,0,0,0,0,3
2020-09-27,US,Massachusetts,Essex,19765,1281,0,42.6687626,-70.94687179,25009.0,2504.961763,6.481153554,18484,19637,1280,0,18357,19525,790638,128,1,0,127,112
2020-09-27,US,Massachusetts,Franklin,410,68,0,42.58119713,-72.58602547,25011.0,584.2120262,16.58536585,342,408,68,0,340,406,70963,2,0,0,2,2
2020-09-27,US,Massachusetts,Hampden,8199,776,0,42.13440424,-72.63235561,25013.0,1758.0386469999999,9.46456885,7423,8147,775,0,7372,8117,470406,52,1,0,51,30
2020-09-27,US,Massachusetts,Hampshire,1226,144,0,42.33997957,-72.65898478,25015.0,762.2955916,11.74551387,1082,1222,143,0,1079,1214,161355,4,1,0,3,8
2020-09-27,US,Massachusetts,Middlesex,27340,2146,0,42.48607732,-71.39049229,25017.0,1696.3465260000003,7.849305048,25194,27201,2143,0,25058,27103,1614714,139,3,0,136,98
2020-09-27,US,Massachusetts,Norfolk,10247,1058,0,42.16073095,-71.20530408,25021.0,1449.824909,10.32497316,9189,10212,1058,0,9154,10170,705388,35,0,0,35,42
2020-09-27,US,Massachusetts,Plymouth,9671,769,0,41.94070556,-70.80802823,25023.0,1855.51859,7.9516079,8902,9639,767,0,8872,9621,518132,32,2,0,30,18
2020-09-27,US,Massachusetts,Suffolk,24281,1135,0,42.327951399999996,-71.07850442,25025.0,3020.3742469999997,4.674436802,23146,24177,1134,0,23043,24089,807252,104,1,0,103,88
2020-09-27,US,Massachusetts,Unassigned,2516,5,0,0.0,0.0,90025.0,0.0,0.19872814,2511,2511,5,0,2506,2461,,5,0,0,5,50
2020-09-27,US,Massachusetts,Worcester,14344,1101,0,42.35026951,-71.90493363,25027.0,1726.898637,7.675683212,13243,14301,1098,0,13203,14252,830839,43,3,0,40,49
2020-09-27,US,Michigan,Alcona,43,2,0,44.6846864,-83.59507875,26001.0,413.2628544,4.651162791,41,43,2,0,41,42,10362,0,0,0,0,1
2020-09-27,US,Michigan,Alger,18,0,0,46.41292944,-86.60260122,26003.0,197.6284585,0.0,18,18,0,0,18,17,9097,0,0,0,0,1
2020-09-27,US,Michigan,Allegan,765,7,0,42.59147037,-85.89102866,26005.0,647.860367,0.91503268,758,765,7,0,758,755,117327,0,0,0,0,10
2020-09-27,US,Michigan,Alpena,148,14,0,45.03477666,-83.62212411,26007.0,521.035029,9.459459459,134,148,14,0,134,148,28360,0,0,0,0,0
2020-09-27,US,Michigan,Antrim,70,0,0,44.99690221,-85.15503082,26009.0,300.120048,0.0,70,70,0,0,70,70,23365,0,0,0,0,0
2020-09-27,US,Michigan,Arenac,70,3,0,44.0636262,-83.89277559,26011.0,470.33528190000004,4.285714286,67,70,3,0,67,69,15041,0,0,0,0,1
2020-09-27,US,Michigan,Baraga,30,0,0,46.6720582,-88.36363591,26013.0,365.4525521,0.0,30,30,0,0,30,26,8320,0,0,0,0,4
2020-09-27,US,Michigan,Barry,306,4,0,42.59513984,-85.30834519,26015.0,497.15678310000004,1.307189542,302,306,4,0,302,292,61157,0,0,0,0,14
2020-09-27,US,Michigan,Bay,1006,50,0,43.70639106,-83.98731479,26017.0,975.5056921,4.970178926,956,1006,50,0,956,1000,103923,0,0,0,0,6
2020-09-27,US,Michigan,Benzie,79,2,0,44.63899297,-86.01608482,26019.0,444.66959360000004,2.53164557,77,79,2,0,77,79,17753,0,0,0,0,0
2020-09-27,US,Michigan,Berrien,1877,74,0,41.95447397,-86.41313079999999,26021.0,1223.590459,3.942461375,1803,1877,74,0,1803,1863,154141,0,0,0,0,14
2020-09-27,US,Michigan,Branch,619,5,0,41.91600556,-85.05929476,26023.0,1422.4326130000002,0.807754443,614,619,5,0,614,610,43622,0,0,0,0,9
2020-09-27,US,Michigan,Calhoun,1357,45,0,42.24633834,-85.00493569,26025.0,1011.4863710000001,3.3161385410000004,1312,1357,45,0,1312,1332,134487,0,0,0,0,25
2020-09-27,US,Michigan,Cass,579,16,0,41.91522292,-85.99405727,26027.0,1118.041207,2.7633851469999997,563,579,16,0,563,572,51653,0,0,0,0,7
2020-09-27,US,Michigan,Charlevoix,107,3,0,45.37790017,-85.19614053,26029.0,409.2873809,2.803738318,104,107,3,0,104,107,26244,0,0,0,0,0
2020-09-27,US,Michigan,Cheboygan,91,2,0,45.44787015,-84.50122149,26031.0,360.0253205,2.197802198,89,91,2,0,89,90,25413,0,0,0,0,1
2020-09-27,US,Michigan,Chippewa,78,0,0,46.29552653,-84.54353449,26033.0,208.84093280000002,0.0,78,78,0,0,78,77,37517,0,0,0,0,1
2020-09-27,US,Michigan,Clare,112,4,0,43.98794227,-84.84819859999999,26035.0,361.8739903,3.571428571,108,112,4,0,108,112,30757,0,0,0,0,0
2020-09-27,US,Michigan,Clinton,677,14,0,42.94400871,-84.60145248,26037.0,850.5559393999999,2.067946824,663,677,14,0,663,669,79332,0,0,0,0,8
2020-09-27,US,Michigan,Crawford,124,5,0,44.68255561,-84.61006219,26039.0,883.8833844000001,4.032258065,119,124,5,0,119,123,13901,0,0,0,0,1
2020-09-27,US,Michigan,Delta,414,7,0,45.90484910000001,-86.9080745,26041.0,1156.94165,1.690821256,407,414,7,0,407,377,35857,0,0,0,0,37
2020-09-27,US,Michigan,Dickinson,131,2,0,46.00999672,-87.86961634,26043.0,519.0379968000001,1.5267175569999998,129,131,2,0,129,128,25383,0,0,0,0,3
2020-09-27,US,Michigan,Eaton,664,10,0,42.59599185,-84.83740035,26045.0,602.1692602999999,1.506024096,654,664,10,0,654,647,109826,0,0,0,0,17
2020-09-27,US,Michigan,Emmet,157,4,0,45.52625509,-84.89083249,26047.0,469.8488703,2.547770701,153,157,4,0,153,156,33308,0,0,0,0,1
2020-09-27,US,Michigan,Federal Correctional Institution (FCI),195,5,0,0.0,0.0,0.0,0.0,2.564102564,190,195,5,0,190,195,,0,0,0,0,0
2020-09-27,US,Michigan,Genesee,4554,308,0,43.02244215,-83.70589709,26049.0,1122.191748,6.763285024,4246,4554,308,0,4246,4497,406892,0,0,0,0,57
2020-09-27,US,Michigan,Gladwin,96,2,0,43.98901072,-84.38774817,26051.0,377.2250383,2.083333333,94,96,2,0,94,93,25337,0,0,0,0,3
2020-09-27,US,Michigan,Gogebic,160,2,0,46.40862701,-89.69377193,26053.0,1144.90161,1.25,158,160,2,0,158,158,15096,0,0,0,0,2
2020-09-27,US,Michigan,Grand Traverse,482,8,0,44.69565625,-85.55585247,26055.0,517.7896184,1.659751037,474,482,8,0,474,477,92573,0,0,0,0,5
2020-09-27,US,Michigan,Gratiot,270,15,0,43.29265605,-84.60505416,26057.0,663.2114171000001,5.555555556,255,270,15,0,255,267,40599,0,0,0,0,3
2020-09-27,US,Michigan,Hillsdale,348,27,0,41.88753639,-84.59312019,26059.0,763.0742243,7.75862069,321,348,27,0,321,344,45749,0,0,0,0,4
2020-09-27,US,Michigan,Houghton,475,1,0,46.89988536,-88.68495385,26061.0,1331.128797,0.21052631600000002,474,475,1,0,474,442,36219,0,0,0,0,33
2020-09-27,US,Michigan,Huron,225,5,0,43.83353985,-83.04078453,26063.0,726.2515735000001,2.222222222,220,225,5,0,220,225,31166,0,0,0,0,0
2020-09-27,US,Michigan,Ingham,3506,47,0,42.59716886,-84.37472069,26065.0,1199.0178039999998,1.340559042,3459,3506,47,0,3459,3462,292735,0,0,0,0,44
2020-09-27,US,Michigan,Ionia,368,7,0,42.94502238,-85.07413319,26067.0,568.8053542,1.9021739130000002,361,368,7,0,361,364,64210,0,0,0,0,4
2020-09-27,US,Michigan,Iosco,219,12,0,44.35486835,-83.63484895,26069.0,871.5724121,5.479452055,207,219,12,0,207,215,25081,0,0,0,0,4
2020-09-27,US,Michigan,Iron,164,2,0,46.20974132,-88.53136251,26071.0,1482.016989,1.219512195,162,164,2,0,162,145,11117,0,0,0,0,19
2020-09-27,US,Michigan,Isabella,700,13,0,43.64060976,-84.84664923,26073.0,1001.8319210000001,1.857142857,687,700,13,0,687,693,70562,0,0,0,0,7
2020-09-27,US,Michigan,Jackson,1079,45,0,42.24807035,-84.42258681,26075.0,680.7141505,4.170528267,1034,1079,45,0,1034,1071,158823,0,0,0,0,8
2020-09-27,US,Michigan,Kalamazoo,2888,93,0,42.24542231,-85.53038622,26077.0,1089.539964,3.220221607,2795,2888,93,0,2795,2833,264870,0,0,0,0,55
2020-09-27,US,Michigan,Kalkaska,85,4,0,44.68512729,-85.09085699,26079.0,471.22740880000003,4.705882353,81,85,4,0,81,83,17824,0,0,0,0,2
2020-09-27,US,Michigan,Kent,9843,175,0,43.03197711,-85.54934642,26081.0,1498.2761380000002,1.7779132380000002,9668,9843,175,0,9668,9752,653786,0,0,0,0,91
2020-09-27,US,Michigan,Keweenaw,10,0,0,47.63197653,-88.41434263,26083.0,472.5897921,0.0,10,10,0,0,10,9,2113,0,0,0,0,1
2020-09-27,US,Michigan,Lake,32,0,0,43.99050893,-85.802173,26085.0,269.9738463,0.0,32,32,0,0,32,32,11881,0,0,0,0,0
2020-09-27,US,Michigan,Lapeer,613,36,0,43.09052506,-83.22153148,26087.0,699.7157761,5.872756933,577,613,36,0,577,606,88028,0,0,0,0,7
2020-09-27,US,Michigan,Leelanau,112,1,0,44.94430054,-85.80150326,26089.0,514.6822297,0.892857143,111,112,1,0,111,112,21764,0,0,0,0,0
2020-09-27,US,Michigan,Lenawee,797,18,0,41.89475156,-84.06603727,26091.0,809.5397711,2.25846926,779,797,18,0,779,794,98266,0,0,0,0,3
2020-09-27,US,Michigan,Livingston,1377,30,0,42.60302282,-83.91297209,26093.0,717.2061772000001,2.1786492369999997,1347,1377,30,0,1347,1361,191224,0,0,0,0,16
2020-09-27,US,Michigan,Luce,13,0,0,46.47227431,-85.54471223,26095.0,208.70123619999998,0.0,13,13,0,0,13,13,6283,0,0,0,0,0
2020-09-27,US,Michigan,Mackinac,59,0,0,46.07028979,-85.04980537,26097.0,546.3468839999999,0.0,59,59,0,0,59,57,10787,0,0,0,0,2
2020-09-27,US,Michigan,Macomb,14478,1021,0,42.69158356,-82.92752801,26099.0,1656.57481,7.052079016,13457,14478,1021,0,13457,14400,874759,0,0,0,0,78
2020-09-27,US,Michigan,Manistee,76,2,0,44.33352407,-86.05626916,26101.0,309.4714553,2.631578947,74,76,2,0,74,75,24528,0,0,0,0,1
2020-09-27,US,Michigan,Marquette,362,12,0,46.4338914,-87.64043701,26103.0,542.7367727000001,3.3149171269999997,350,362,12,0,350,354,66516,0,0,0,0,8
2020-09-27,US,Michigan,Mason,134,0,0,43.99509218,-86.24988902,26105.0,459.7858907,0.0,134,134,0,0,134,134,29100,0,0,0,0,0
2020-09-27,US,Michigan,Mecosta,206,3,0,43.64064262,-85.32463223,26107.0,474.07543780000003,1.45631068,203,206,3,0,203,205,43545,0,0,0,0,1
2020-09-27,US,Michigan,Menominee,375,1,0,45.58038692,-87.55370409,26109.0,1646.18086,0.26666666699999997,374,375,1,0,374,369,22983,0,0,0,0,6
2020-09-27,US,Michigan,Michigan Department of Corrections (MDOC),5593,73,0,0.0,0.0,0.0,0.0,1.305202932,5520,5593,73,0,5520,5593,,0,0,0,0,0
2020-09-27,US,Michigan,Midland,605,11,0,43.64330771,-84.38804374,26111.0,727.5482226,1.8181818180000002,594,605,11,0,594,599,83209,0,0,0,0,6
2020-09-27,US,Michigan,Missaukee,63,1,0,44.33772443,-85.09256478,26113.0,416.7217886,1.5873015869999998,62,63,1,0,62,62,15113,0,0,0,0,1
2020-09-27,US,Michigan,Monroe,1513,28,0,41.92734151,-83.53749864,26115.0,1005.3156150000001,1.8506278919999999,1485,1513,28,0,1485,1506,150439,0,0,0,0,7
2020-09-27,US,Michigan,Montcalm,315,6,0,43.31082541,-85.15252824,26117.0,493.05033810000003,1.904761905,309,315,6,0,309,312,63968,0,0,0,0,3
2020-09-27,US,Michigan,Montmorency,14,0,0,45.0275929,-84.12696227,26119.0,150.08576330000002,0.0,14,14,0,0,14,14,9265,0,0,0,0,0
2020-09-27,US,Michigan,Muskegon,1517,69,0,43.29123859,-86.15176712,26121.0,874.0191051,4.54845089,1448,1517,69,0,1448,1502,173588,0,0,0,0,15
2020-09-27,US,Michigan,Newaygo,361,2,0,43.554373999999996,-85.80070107,26123.0,737.0355247,0.55401662,359,361,2,0,359,362,48892,0,0,0,0,-1
2020-09-27,US,Michigan,Oakland,20543,1200,0,42.66090111,-83.38595416,26125.0,1633.529053,5.841405832,19343,20543,1200,0,19343,20442,1259201,0,0,0,0,101
2020-09-27,US,Michigan,Oceana,518,6,0,43.64124435,-86.26726673,26127.0,1957.1541920000002,1.158301158,512,518,6,0,512,516,26625,0,0,0,0,2
2020-09-27,US,Michigan,Ogemaw,67,5,0,44.33481032,-84.12725175,26129.0,319.0932038,7.462686567,62,67,5,0,62,65,20952,0,0,0,0,2
2020-09-27,US,Michigan,Ontonagon,42,0,0,46.665226200000006,-89.31390481,26131.0,734.2657343,0.0,42,42,0,0,42,42,5795,0,0,0,0,0
2020-09-27,US,Michigan,Osceola,93,0,0,43.98992088,-85.32566756,26133.0,396.4194373,0.0,93,93,0,0,93,93,23341,0,0,0,0,0
2020-09-27,US,Michigan,Oscoda,30,1,0,44.68192279,-84.12939244,26135.0,364.03349110000005,3.333333333,29,30,1,0,29,31,8276,0,0,0,0,-1
2020-09-27,US,Michigan,Otsego,176,11,0,45.02085831,-84.59898295,26137.0,713.4749472999999,6.25,165,176,11,0,165,174,24665,0,0,0,0,2
2020-09-27,US,Michigan,Ottawa,3398,66,0,42.95996803,-85.9969107,26139.0,1164.3765210000001,1.942319011,3332,3398,66,0,3332,3370,290494,0,0,0,0,28
2020-09-27,US,Michigan,Out of MI,186,2,0,0.0,0.0,80026.0,0.0,1.075268817,184,186,2,0,184,195,,0,0,0,0,-9
2020-09-27,US,Michigan,Presque Isle,27,1,0,45.34018577,-83.91498656,26141.0,214.4218551,3.7037037039999996,26,27,1,0,26,26,12738,0,0,0,0,1
2020-09-27,US,Michigan,Roscommon,100,4,0,44.33473082,-84.61067651,26143.0,416.3370665,4.0,96,100,4,0,96,97,23884,0,0,0,0,3
2020-09-27,US,Michigan,Saginaw,2932,139,0,43.33433923,-84.05131209999999,26145.0,1538.792583,4.740791269,2793,2932,139,0,2793,2921,190800,0,0,0,0,11
2020-09-27,US,Michigan,Sanilac,147,7,0,43.42406072,-82.82055898,26151.0,357.0561088,4.7619047619999995,140,147,7,0,140,146,41182,0,0,0,0,1
2020-09-27,US,Michigan,Schoolcraft,27,0,0,46.19235734,-86.19972234,26153.0,333.58042989999996,0.0,27,27,0,0,27,25,8068,0,0,0,0,2
2020-09-27,US,Michigan,Shiawassee,513,32,0,42.953928000000005,-84.14585902,26155.0,753.0606852000001,6.237816764,481,513,32,0,481,510,68192,0,0,0,0,3
2020-09-27,US,Michigan,St. Clair,1008,56,0,42.92655373,-82.67937954,26147.0,633.4523151000001,5.555555556,952,1008,56,0,952,998,159337,0,0,0,0,10
2020-09-27,US,Michigan,St. Joseph,769,11,0,41.91441767,-85.52797979,26149.0,1261.400171,1.430429129,758,769,11,0,758,763,61043,0,0,0,0,6
2020-09-27,US,Michigan,Tuscola,509,31,0,43.46606813,-83.41897025,26157.0,974.2559097000001,6.090373281000001,478,509,31,0,478,510,52516,0,0,0,0,-1
2020-09-27,US,Michigan,Unassigned,17,0,0,0.0,0.0,90026.0,0.0,0.0,17,17,0,0,17,8,,0,0,0,0,9
2020-09-27,US,Michigan,Van Buren,763,17,0,42.25190229,-86.01939087,26159.0,1008.2323560000001,2.228047182,746,763,17,0,746,753,75448,0,0,0,0,10
2020-09-27,US,Michigan,Washtenaw,3560,116,0,42.253105,-83.83853204,26161.0,968.4413263,3.258426966,3444,3560,116,0,3444,3517,370963,0,0,0,0,43
2020-09-27,US,Michigan,Wayne,35021,2977,0,42.28098405,-83.281255,26163.0,2001.95159,8.500613917,32044,35021,2977,0,32044,34903,1753893,0,0,0,0,118
2020-09-27,US,Michigan,Wexford,123,4,0,44.33853602,-85.57712739,26165.0,365.73399539999997,3.25203252,119,123,4,0,119,124,33466,0,0,0,0,-1
2020-09-27,US,Minnesota,Aitkin,81,1,0,46.60962049,-93.41168259999999,27001.0,509.8829158,1.234567901,80,80,1,0,79,76,15902,1,0,0,1,4
2020-09-27,US,Minnesota,Anoka,6182,135,0,45.27476015,-93.24604565,27003.0,1732.035941,2.183759301,6047,6092,133,0,5959,6006,353813,90,2,0,88,86
2020-09-27,US,Minnesota,Becker,280,2,0,46.93479392,-95.67158144,27005.0,813.4096389,0.7142857140000001,278,280,2,0,278,272,34371,0,0,0,0,8
2020-09-27,US,Minnesota,Beltrami,440,5,0,47.97373527,-94.93732139,27007.0,932.4404509999999,1.136363636,435,421,5,0,416,413,46847,19,0,0,19,8
2020-09-27,US,Minnesota,Benton,558,3,0,45.69804958,-93.99514135,27009.0,1364.6702050000001,0.537634409,555,552,3,0,549,536,40545,6,0,0,6,16
2020-09-27,US,Minnesota,Big Stone,83,0,0,45.42712824,-96.41403739,27011.0,1662.993388,0.0,83,82,0,0,82,81,4989,1,0,0,1,1
2020-09-27,US,Minnesota,Blue Earth,1714,6,0,44.03554215,-94.06699781,27013.0,2533.516622,0.350058343,1708,1699,6,0,1693,1676,67427,15,0,0,15,23
2020-09-27,US,Minnesota,Brown,195,2,0,44.24205652,-94.72562874,27015.0,779.7504798,1.025641026,193,191,2,0,189,184,25111,4,0,0,4,7
2020-09-27,US,Minnesota,Carlton,271,1,0,46.59180601,-92.67601019,27017.0,755.4849321,0.36900369,270,270,1,0,269,263,35837,1,0,0,1,7
2020-09-27,US,Minnesota,Carver,1429,7,0,44.82017001,-93.80099179999999,27019.0,1359.7997890000001,0.48985304399999996,1422,1419,7,0,1412,1396,103551,10,0,0,10,23
2020-09-27,US,Minnesota,Cass,182,4,0,46.95043611,-94.32603968,27021.0,611.1689446,2.197802198,178,180,4,0,176,165,29519,2,0,0,2,15
2020-09-27,US,Minnesota,Chippewa,219,1,0,45.02343421,-95.56403693,27023.0,1855.932203,0.456621005,218,214,1,0,213,208,11924,5,0,0,5,6
2020-09-27,US,Minnesota,Chisago,507,1,0,45.5021011,-92.90861945,27025.0,896.0921897,0.19723865899999998,506,494,1,0,493,484,55922,13,0,0,13,10
2020-09-27,US,Minnesota,Clay,1411,40,0,46.89289518,-96.48761922,27027.0,2197.0664260000003,2.834868887,1371,1389,40,0,1349,1371,63955,22,0,0,22,18
2020-09-27,US,Minnesota,Clearwater,28,0,0,47.57992111,-95.37790562,27029.0,317.53232030000004,0.0,28,27,0,0,27,27,8810,1,0,0,1,0
2020-09-27,US,Minnesota,Cook,6,0,0,47.90504893,-90.52629546,27031.0,109.8297639,0.0,6,6,0,0,6,6,5393,0,0,0,0,0
2020-09-27,US,Minnesota,Cottonwood,227,0,0,44.00715262,-95.18138802,27033.0,2027.509825,0.0,227,225,0,0,225,224,11277,2,0,0,2,1
2020-09-27,US,Minnesota,Crow Wing,533,18,0,46.48096553,-94.06755609,27035.0,819.3067405,3.3771106939999997,515,516,18,0,498,494,64889,17,0,0,17,22
2020-09-27,US,Minnesota,Dakota,7585,126,0,44.67172617,-93.06299363,27037.0,1767.9787239999998,1.661173368,7459,7524,126,0,7398,7428,425423,61,0,0,61,96
2020-09-27,US,Minnesota,Dodge,248,0,0,44.02238415,-92.86244324,27039.0,1184.675647,0.0,248,239,0,0,239,232,20822,9,0,0,9,7
2020-09-27,US,Minnesota,Douglas,326,2,0,45.93348491,-95.45335469,27041.0,854.7232637,0.613496933,324,310,2,0,308,297,37964,16,0,0,16,13
2020-09-27,US,Minnesota,Faribault,146,0,0,43.67381499,-93.94787458,27043.0,1069.3620449999999,0.0,146,145,0,0,145,141,13758,1,0,0,1,4
2020-09-27,US,Minnesota,Fillmore,123,0,0,43.67394126,-92.08980382,27045.0,583.8515213,0.0,123,120,0,0,120,116,21058,3,0,0,3,4
2020-09-27,US,Minnesota,Freeborn,544,4,0,43.67385583,-93.34884422,27047.0,1796.5060600000002,0.735294118,540,542,4,0,538,540,30444,2,0,0,2,2
2020-09-27,US,Minnesota,Goodhue,376,9,0,44.40849741,-92.72341949999999,27049.0,811.394044,2.393617021,367,365,9,0,356,360,46403,11,0,0,11,5
2020-09-27,US,Minnesota,Grant,62,4,0,45.93424769,-96.01139609,27051.0,1038.178165,6.451612902999999,58,61,4,0,57,61,6021,1,0,0,1,0
2020-09-27,US,Minnesota,Hennepin,27177,931,0,45.00761521,-93.47694895,27053.0,2146.9487129999998,3.425690842,26246,26960,930,0,26030,26706,1259428,217,1,0,216,254
2020-09-27,US,Minnesota,Houston,127,0,0,43.67129565,-91.49143057,27055.0,682.7956989,0.0,127,128,0,0,128,125,18578,-1,0,0,-1,3
2020-09-27,US,Minnesota,Hubbard,111,1,0,47.10778564,-94.91693868,27057.0,516.4952771000001,0.900900901,110,103,1,0,102,97,21332,8,0,0,8,6
2020-09-27,US,Minnesota,Isanti,307,1,0,45.56181234,-93.29487636,27059.0,756.2321411,0.32573289899999996,306,297,1,0,296,289,39966,10,0,0,10,8
2020-09-27,US,Minnesota,Itasca,339,14,0,47.51009045,-93.63092229,27061.0,751.1633059999999,4.12979351,325,328,14,0,314,313,45108,11,0,0,11,15
2020-09-27,US,Minnesota,Jackson,150,1,0,43.67423373,-95.15398258,27063.0,1523.461304,0.666666667,149,148,1,0,147,145,9911,2,0,0,2,3
2020-09-27,US,Minnesota,Kanabec,126,8,0,45.9459309,-93.29275192,27065.0,771.2554325,6.349206349,118,125,8,0,117,119,16207,1,0,0,1,6
2020-09-27,US,Minnesota,Kandiyohi,1026,2,0,45.1526059,-95.00586446,27067.0,2375.054978,0.19493177399999997,1024,1011,2,0,1009,982,42855,15,0,0,15,29
2020-09-27,US,Minnesota,Kittson,12,0,0,48.77754106,-96.78317184,27069.0,279.19962769999995,0.0,12,12,0,0,12,12,4248,0,0,0,0,0
2020-09-27,US,Minnesota,Koochiching,123,3,0,48.24539665,-93.78352843,27071.0,1005.8058710000001,2.43902439,120,122,3,0,119,121,12440,1,0,0,1,1
2020-09-27,US,Minnesota,Lac qui Parle,60,1,0,44.9973857,-96.17488219,27073.0,905.9338667999999,1.6666666669999999,59,58,1,0,57,53,6658,2,0,0,2,5
2020-09-27,US,Minnesota,Lake,59,0,0,47.64270764,-91.44557998,27075.0,554.4591674,0.0,59,59,0,0,59,58,10658,0,0,0,0,1
2020-09-27,US,Minnesota,Lake of the Woods,23,1,0,48.77217001,-94.90274472,27077.0,614.973262,4.347826087,22,22,1,0,21,21,3758,1,0,0,1,1
2020-09-27,US,Minnesota,Le Sueur,472,4,0,44.37136597,-93.72844721,27079.0,1633.9529890000001,0.847457627,468,467,4,0,463,460,28494,5,0,0,5,7
2020-09-27,US,Minnesota,Lincoln,115,0,0,44.41311883,-96.26688165,27081.0,2039.368682,0.0,115,111,0,0,111,111,5673,4,0,0,4,0
2020-09-27,US,Minnesota,Lyon,713,4,0,44.41327865,-95.83806103,27083.0,2798.932245,0.5610098179999999,709,695,4,0,691,678,25629,18,0,0,18,17
2020-09-27,US,Minnesota,Mahnomen,48,1,0,47.32557075,-95.80921485,27087.0,868.4639045,2.083333333,47,48,1,0,47,46,5519,0,0,0,0,2
2020-09-27,US,Minnesota,Marshall,53,1,0,48.35825983,-96.37017407,27089.0,567.6949443,1.8867924530000002,52,52,1,0,51,51,9390,1,0,0,1,1
2020-09-27,US,Minnesota,Martin,426,10,0,43.67429718,-94.55099908,27091.0,2164.3042219999998,2.34741784,416,408,10,0,398,394,19785,18,0,0,18,14
2020-09-27,US,Minnesota,McLeod,494,2,0,44.82367677,-94.27287017,27085.0,1376.31293,0.4048583,492,488,2,0,486,478,35873,6,0,0,6,10
2020-09-27,US,Minnesota,Meeker,207,2,0,45.12328869,-94.52839455,27093.0,891.3960899,0.966183575,205,202,2,0,200,198,23141,5,0,0,5,4
2020-09-27,US,Minnesota,Mille Lacs,165,3,0,45.93705297,-93.63236823,27095.0,627.9255622999999,1.8181818180000002,162,164,3,0,161,158,26139,1,0,0,1,6
2020-09-27,US,Minnesota,Morrison,264,2,0,46.01265363,-94.27341528,27097.0,790.7506139999999,0.757575758,262,249,2,0,247,233,33169,15,0,0,15,16
2020-09-27,US,Minnesota,Mower,1336,5,0,43.67142874,-92.75234549,27099.0,3334.831012,0.37425149700000004,1331,1328,5,0,1323,1322,40011,8,0,0,8,6
2020-09-27,US,Minnesota,Murray,170,2,0,44.02216709,-95.76328482,27101.0,2074.688797,1.176470588,168,164,2,0,162,163,8276,6,0,0,6,1
2020-09-27,US,Minnesota,Nicollet,542,17,0,44.35291112,-94.24710352,27103.0,1581.373636,3.136531365,525,540,16,0,524,529,34220,2,1,0,1,11
2020-09-27,US,Minnesota,Nobles,1975,16,0,43.67434621,-95.75329576,27105.0,9131.258958,0.810126582,1959,1971,16,0,1955,1961,21924,4,0,0,4,10
2020-09-27,US,Minnesota,Norman,53,0,0,47.32628443,-96.45620947,27107.0,831.372549,0.0,53,54,0,0,54,54,6475,-1,0,0,-1,0
2020-09-27,US,Minnesota,Olmsted,2473,28,0,44.00374114,-92.40209944,27109.0,1562.29271,1.132228063,2445,2446,28,0,2418,2388,156277,27,0,0,27,58
2020-09-27,US,Minnesota,Otter Tail,445,4,0,46.40846929,-95.70835255,27111.0,757.4983829,0.898876404,441,441,4,0,437,430,58812,4,0,0,4,11
2020-09-27,US,Minnesota,Pennington,120,1,0,48.06642577,-96.0370814,27113.0,849.9185494999999,0.833333333,119,119,1,0,118,117,14178,1,0,0,1,2
2020-09-27,US,Minnesota,Pine,336,0,0,46.12105238,-92.74070188,27115.0,1135.941039,0.0,336,328,0,0,328,319,29483,8,0,0,8,9
2020-09-27,US,Minnesota,Pipestone,230,10,0,44.02301619,-96.25841142,27117.0,2520.271751,4.347826087,220,225,10,0,215,220,9047,5,0,0,5,5
2020-09-27,US,Minnesota,Polk,316,4,0,47.77372465,-96.40134647,27119.0,1007.52455,1.265822785,312,305,4,0,301,305,31529,11,0,0,11,0
2020-09-27,US,Minnesota,Pope,98,0,0,45.58606667,-95.44451209,27121.0,871.1885501,0.0,98,94,0,0,94,92,11097,4,0,0,4,2
2020-09-27,US,Minnesota,Ramsey,10985,320,0,45.01625271,-93.09872295,27123.0,1996.1077260000002,2.913063268,10665,10911,320,0,10591,10775,550210,74,0,0,74,136
2020-09-27,US,Minnesota,Red Lake,45,1,0,47.87197525,-96.09561104,27125.0,1109.74106,2.222222222,44,45,1,0,44,44,3999,0,0,0,0,1
2020-09-27,US,Minnesota,Redwood,170,3,0,44.40555844,-95.25207021,27127.0,1120.632828,1.764705882,167,167,3,0,164,158,15249,3,0,0,3,9
2020-09-27,US,Minnesota,Renville,156,8,0,44.72836381,-94.94553734,27129.0,1072.3123449999998,5.128205128,148,151,8,0,143,147,14612,5,0,0,5,4
2020-09-27,US,Minnesota,Rice,1343,8,0,44.3543376,-93.29658715,27131.0,2005.315654,0.59568131,1335,1335,8,0,1327,1328,66523,8,0,0,8,7
2020-09-27,US,Minnesota,Rock,176,0,0,43.67482683,-96.25296832,27133.0,1889.4256579999999,0.0,176,173,0,0,173,166,9414,3,0,0,3,7
2020-09-27,US,Minnesota,Roseau,124,0,0,48.77501878,-95.81079919,27135.0,817.6722717,0.0,124,123,0,0,123,118,15150,1,0,0,1,5
2020-09-27,US,Minnesota,Scott,2603,33,0,44.6490231,-93.53340251,27139.0,1746.8274579999998,1.26776796,2570,2574,33,0,2541,2532,147381,29,0,0,29,42
2020-09-27,US,Minnesota,Sherburne,1161,14,0,45.44447208,-93.77617511,27141.0,1193.9776630000001,1.20585702,1147,1150,14,0,1136,1137,96036,11,0,0,11,13
2020-09-27,US,Minnesota,Sibley,195,3,0,44.5796592,-94.23164924,27143.0,1311.806256,1.5384615380000002,192,192,3,0,189,191,15028,3,0,0,3,1
2020-09-27,US,Minnesota,St. Louis,1618,41,0,47.604840700000004,-92.46879855,27137.0,812.7794243,2.5339925830000003,1577,1602,41,0,1561,1555,199754,16,0,0,16,47
2020-09-27,US,Minnesota,Stearns,4045,24,0,45.55192576,-94.61078221,27145.0,2511.2525219999998,0.593325093,4021,4010,24,0,3986,3950,159256,35,0,0,35,60
2020-09-27,US,Minnesota,Steele,553,2,0,44.02240351,-93.22627088,27147.0,1508.908838,0.361663653,551,547,2,0,545,540,36803,6,0,0,6,7
2020-09-27,US,Minnesota,Stevens,105,1,0,45.58613007,-96.00163705,27149.0,1070.882203,0.9523809520000001,104,103,1,0,102,97,9753,2,0,0,2,6
2020-09-27,US,Minnesota,Swift,142,1,0,45.2829032,-95.68264092,27151.0,1532.484351,0.704225352,141,138,1,0,137,137,9345,4,0,0,4,1
2020-09-27,US,Minnesota,Todd,502,2,0,46.06996226,-94.89785296,27153.0,2035.3551739999998,0.398406375,500,495,2,0,493,488,24582,7,0,0,7,7
2020-09-27,US,Minnesota,Traverse,31,0,0,45.77298854,-96.47062949,27155.0,951.2120282,0.0,31,31,0,0,31,29,3308,0,0,0,0,2
2020-09-27,US,Minnesota,Unassigned,180,52,0,0.0,0.0,90027.0,0.0,28.88888889,128,170,52,0,118,155,,10,0,0,10,15
2020-09-27,US,Minnesota,Wabasha,201,0,0,44.28424356,-92.23121312,27157.0,929.3938132999999,0.0,201,196,0,0,196,188,21645,5,0,0,5,8
2020-09-27,US,Minnesota,Wadena,69,0,0,46.58589171,-94.96968506,27159.0,504.31223509999995,0.0,69,69,0,0,69,68,13773,0,0,0,0,1
2020-09-27,US,Minnesota,Waseca,689,8,0,44.02211116,-93.58720034,27161.0,3701.9127439999997,1.161103048,681,669,8,0,661,614,18691,20,0,0,20,55
2020-09-27,US,Minnesota,Washington,3841,55,0,45.03864533,-92.88429635,27163.0,1463.572626,1.4319187709999999,3786,3799,55,0,3744,3735,259201,42,0,0,42,64
2020-09-27,US,Minnesota,Watonwan,530,4,0,43.97823903,-94.61413846,27165.0,4863.723961,0.754716981,526,528,4,0,524,520,10980,2,0,0,2,8
2020-09-27,US,Minnesota,Wilkin,66,3,0,46.35721532,-96.4684375,27167.0,1063.315611,4.545454545,63,65,3,0,62,63,6254,1,0,0,1,2
2020-09-27,US,Minnesota,Winona,906,18,0,43.98772283,-91.78081305,27169.0,1794.6280010000003,1.986754967,888,887,18,0,869,870,50825,19,0,0,19,17
2020-09-27,US,Minnesota,Wright,1664,7,0,45.17297924,-93.96234781,27171.0,1202.511978,0.420673077,1657,1632,7,0,1625,1603,136349,32,0,0,32,29
2020-09-27,US,Minnesota,Yellow Medicine,187,2,0,44.71710183,-95.86842453,27173.0,1926.047997,1.069518717,185,182,2,0,180,176,9795,5,0,0,5,6
2020-09-27,US,Mississippi,Adams,942,37,0,31.47669768,-91.35326037,28001.0,3069.103704,3.927813163,905,941,37,0,904,938,31192,1,0,0,1,3
2020-09-27,US,Mississippi,Alcorn,823,11,0,34.88084463,-88.57996173,28003.0,2227.153411,1.336573512,812,820,11,0,809,803,36925,3,0,0,3,17
2020-09-27,US,Mississippi,Amite,332,10,0,31.17467303,-90.80501621,28005.0,2699.845491,3.012048193,322,332,10,0,322,329,12326,0,0,0,0,3
2020-09-27,US,Mississippi,Attala,670,25,0,33.08658803,-89.57838564,28007.0,3686.585232,3.731343284,645,667,25,0,642,659,18365,3,0,0,3,8
2020-09-27,US,Mississippi,Benton,228,3,0,34.81681228,-89.18945516,28009.0,2760.624773,1.315789474,225,227,3,0,224,226,8271,1,0,0,1,1
2020-09-27,US,Mississippi,Bolivar,1847,66,0,33.79696941,-90.87372121,28011.0,6030.429672,3.573362209,1781,1845,66,0,1779,1840,31333,2,0,0,2,5
2020-09-27,US,Mississippi,Calhoun,522,12,0,33.93683395,-89.33686647,28013.0,3634.8443700000003,2.298850575,510,521,12,0,509,515,14436,1,0,0,1,6
2020-09-27,US,Mississippi,Carroll,320,12,0,33.44834567,-89.91994479,28015.0,3217.0503670000003,3.75,308,319,12,0,307,316,9911,1,0,0,1,3
2020-09-27,US,Mississippi,Chickasaw,685,24,0,33.91983202,-88.9481545,28017.0,4005.145296,3.503649635,661,684,24,0,660,679,17171,1,0,0,1,5
2020-09-27,US,Mississippi,Choctaw,186,6,0,33.34598242,-89.24809382,28019.0,2265.5298420000004,3.225806452,180,186,6,0,180,185,8278,0,0,0,0,1
2020-09-27,US,Mississippi,Claiborne,465,16,0,31.97061673,-90.90702196,28021.0,5173.564753000001,3.440860215,449,465,16,0,449,463,9002,0,0,0,0,2
2020-09-27,US,Mississippi,Clarke,603,46,0,32.04158545,-88.68896219999999,28023.0,3880.0591979999995,7.628524046,557,600,46,0,554,587,15604,3,0,0,3,13
2020-09-27,US,Mississippi,Clay,596,18,0,33.65358105,-88.77784255,28025.0,3085.524953,3.0201342280000003,578,595,18,0,577,592,19386,1,0,0,1,3
2020-09-27,US,Mississippi,Coahoma,1162,29,0,34.22772299,-90.60415045,28027.0,5252.214789,2.495697074,1133,1163,29,0,1134,1155,22628,-1,0,0,-1,8
2020-09-27,US,Mississippi,Copiah,1192,33,0,31.86977774,-90.44565118,28029.0,4247.283093,2.768456376,1159,1191,33,0,1158,1184,28543,1,0,0,1,7
2020-09-27,US,Mississippi,Covington,827,23,0,31.63225413,-89.55389939,28031.0,4437.647564,2.781136638,804,827,22,0,805,820,18853,0,1,0,-1,7
2020-09-27,US,Mississippi,DeSoto,5623,61,0,34.87625235,-89.99091418,28033.0,3040.363351,1.084830162,5562,5594,60,0,5534,5565,182001,29,1,0,28,29
2020-09-27,US,Mississippi,Forrest,2500,75,0,31.18961454,-89.25832496,28035.0,3337.917407,3.0,2425,2489,73,0,2416,2478,75036,11,2,0,9,11
2020-09-27,US,Mississippi,Franklin,193,3,0,31.47786634,-90.89672989,28037.0,2502.268897,1.554404145,190,193,3,0,190,192,7788,0,0,0,0,1
2020-09-27,US,Mississippi,George,782,13,0,30.86259065,-88.64436789,28039.0,3191.8367350000003,1.6624040919999998,769,780,13,0,767,771,24250,2,0,0,2,9
2020-09-27,US,Mississippi,Greene,387,17,0,31.21444233,-88.63922281,28041.0,2848.520536,4.3927648580000005,370,388,17,0,371,375,13586,-1,0,0,-1,13
2020-09-27,US,Mississippi,Grenada,1095,36,0,33.77036166,-89.80245083,28043.0,5275.07467,3.287671233,1059,1090,36,0,1054,1083,21055,5,0,0,5,7
2020-09-27,US,Mississippi,Hancock,588,22,0,30.41830223,-89.48851033,28045.0,1234.464226,3.741496599,566,587,22,0,565,582,47334,1,0,0,1,5
2020-09-27,US,Mississippi,Harrison,3883,74,0,30.51359752,-89.12467576,28047.0,1866.109189,1.9057429819999998,3809,3883,74,0,3809,3853,206650,0,0,0,0,30
2020-09-27,US,Mississippi,Hinds,7148,160,0,32.2656285,-90.44435448,28049.0,3083.160801,2.23838836,6988,7143,160,0,6983,7110,237085,5,0,0,5,33
2020-09-27,US,Mississippi,Holmes,1098,59,0,33.12345854,-90.08923538,28051.0,6455.026454999999,5.373406192999999,1039,1098,59,0,1039,1096,17622,0,0,0,0,2
2020-09-27,US,Mississippi,Humphreys,378,15,0,33.12825718,-90.52252707,28053.0,4687.5,3.968253968,363,377,15,0,362,377,8257,1,0,0,1,0
2020-09-27,US,Mississippi,Issaquena,105,3,0,32.72531359,-90.97392828,28055.0,7912.584778,2.857142857,102,105,3,0,102,104,1308,0,0,0,0,1
2020-09-27,US,Mississippi,Itawamba,831,21,0,34.27993475,-88.3606733,28057.0,3552.800342,2.527075812,810,826,21,0,805,815,23517,5,0,0,5,11
2020-09-27,US,Mississippi,Jackson,3521,70,0,30.54020656,-88.64184064,28059.0,2451.6596219999997,1.9880715709999999,3451,3505,70,0,3435,3486,143277,16,0,0,16,19
2020-09-27,US,Mississippi,Jasper,577,15,0,32.01922104,-89.11786866,28061.0,3521.943478,2.59965338,562,575,15,0,560,573,16428,2,0,0,2,2
2020-09-27,US,Mississippi,Jefferson,243,9,0,31.73397872,-91.03764977,28063.0,3476.39485,3.7037037039999996,234,243,9,0,234,243,7106,0,0,0,0,0
2020-09-27,US,Mississippi,Jefferson Davis,342,11,0,31.56884708,-89.82670990000001,28065.0,3073.328541,3.2163742689999997,331,342,11,0,331,341,11234,0,0,0,0,1
2020-09-27,US,Mississippi,Jones,2498,79,0,31.62257767,-89.16896899999999,28067.0,3668.2428270000005,3.1625300239999996,2419,2487,79,0,2408,2475,68461,11,0,0,11,12
2020-09-27,US,Mississippi,Kemper,290,15,0,32.75462946,-88.64105766,28069.0,2976.8014780000003,5.1724137930000005,275,290,15,0,275,289,10027,0,0,0,0,1
2020-09-27,US,Mississippi,Lafayette,2193,40,0,34.35687874,-89.48490961,28071.0,4059.682704,1.8239854080000002,2153,2191,39,0,2152,2173,54793,2,1,0,1,18
2020-09-27,US,Mississippi,Lamar,1724,35,0,31.20572971,-89.5077704,28073.0,2721.689847,2.030162413,1689,1716,35,0,1681,1700,62447,8,0,0,8,16
2020-09-27,US,Mississippi,Lauderdale,2064,125,0,32.40419769,-88.66229662,28075.0,2784.485666,6.05620155,1939,2059,125,0,1934,2049,75317,5,0,0,5,10
2020-09-27,US,Mississippi,Lawrence,433,13,0,31.55147224,-90.10841127,28077.0,3440.3305259999997,3.0023094689999996,420,433,13,0,420,433,12455,0,0,0,0,0
2020-09-27,US,Mississippi,Leake,961,38,0,32.7536828,-89.52402044,28079.0,4217.501975,3.95421436,923,960,38,0,922,953,22763,1,0,0,1,7
2020-09-27,US,Mississippi,Lee,2748,70,0,34.291877500000005,-88.68149954,28081.0,3216.4427170000004,2.547307132,2678,2736,70,0,2666,2714,85202,12,0,0,12,22
2020-09-27,US,Mississippi,Leflore,1413,81,0,33.55545125,-90.29900733,28083.0,5013.660717,5.732484076,1332,1410,81,0,1329,1404,28919,3,0,0,3,6
2020-09-27,US,Mississippi,Lincoln,1104,53,0,31.53288662,-90.45391915,28085.0,3232.512517,4.800724638,1051,1102,53,0,1049,1090,34205,2,0,0,2,12
2020-09-27,US,Mississippi,Lowndes,1579,58,0,33.47386518,-88.44191529999999,28087.0,2694.769178,3.6732108930000003,1521,1580,58,0,1522,1569,58930,-1,0,0,-1,11
2020-09-27,US,Mississippi,Madison,3312,89,0,32.63389156,-90.03513564,28089.0,3116.531165,2.6871980680000003,3223,3310,89,0,3221,3297,105630,2,0,0,2,13
2020-09-27,US,Mississippi,Marion,868,35,0,31.23132643,-89.8209217,28091.0,3532.3322350000003,4.032258065,833,865,35,0,830,859,24715,3,0,0,3,6
2020-09-27,US,Mississippi,Marshall,1111,17,0,34.76216286,-89.50299462,28093.0,3147.8438260000003,1.530153015,1094,1106,17,0,1089,1095,35451,5,0,0,5,11
2020-09-27,US,Mississippi,Monroe,1236,69,0,33.89236763,-88.4808438,28095.0,3506.1840460000003,5.582524272000001,1167,1235,68,0,1167,1228,35564,1,1,0,0,7
2020-09-27,US,Mississippi,Montgomery,465,20,0,33.49419589,-89.61729103,28097.0,4757.033248,4.301075269,445,464,20,0,444,461,10023,1,0,0,1,3
2020-09-27,US,Mississippi,Neshoba,1580,104,0,32.75339664,-89.11726492,28099.0,5426.196854,6.582278481,1476,1579,104,0,1475,1566,29125,1,0,0,1,13
2020-09-27,US,Mississippi,Newton,773,24,0,32.40021118,-89.11843336,28101.0,3677.799981,3.104786546,749,772,24,0,748,770,21443,1,0,0,1,2
2020-09-27,US,Mississippi,Noxubee,551,16,0,33.11009499,-88.56949061,28103.0,5289.430738,2.9038112519999997,535,551,16,0,535,548,10535,0,0,0,0,3
2020-09-27,US,Mississippi,Oktibbeha,1801,52,0,33.42491685,-88.87905132,28105.0,3632.0003229999998,2.8872848419999997,1749,1799,52,0,1747,1778,49599,2,0,0,2,21
2020-09-27,US,Mississippi,Panola,1507,31,0,34.36398677,-89.95064249,28107.0,4407.463734,2.057067021,1476,1499,30,0,1469,1471,34178,8,1,0,7,28
2020-09-27,US,Mississippi,Pearl River,894,53,0,30.77090935,-89.58677275,28109.0,1609.795624,5.928411633,841,892,53,0,839,883,55387,2,0,0,2,9
2020-09-27,US,Mississippi,Perry,424,19,0,31.17161885,-88.99281835,28111.0,3541.301261,4.481132075,405,424,19,0,405,423,11931,0,0,0,0,1
2020-09-27,US,Mississippi,Pike,1240,51,0,31.17507789,-90.40392572,28113.0,3156.180004,4.112903226,1189,1240,51,0,1189,1234,39563,0,0,0,0,6
2020-09-27,US,Mississippi,Pontotoc,1279,16,0,34.226046000000004,-89.03636807,28115.0,3975.259526,1.250977326,1263,1278,16,0,1262,1266,31833,1,0,0,1,12
2020-09-27,US,Mississippi,Prentiss,863,17,0,34.61810501,-88.51986294,28117.0,3434.689167,1.9698725380000002,846,862,17,0,845,855,25315,1,0,0,1,7
2020-09-27,US,Mississippi,Quitman,377,5,0,34.25157572,-90.28908,28119.0,5550.6478210000005,1.326259947,372,377,5,0,372,373,7051,0,0,0,0,4
2020-09-27,US,Mississippi,Rankin,3308,79,0,32.26469147,-89.94537876,28121.0,2130.468664,2.38814994,3229,3306,79,0,3227,3293,153902,2,0,0,2,13
2020-09-27,US,Mississippi,Scott,1176,27,0,32.406704100000006,-89.53789439,28123.0,4181.482008,2.295918367,1149,1176,27,0,1149,1174,28287,0,0,0,0,2
2020-09-27,US,Mississippi,Sharkey,266,13,0,32.88149103,-90.81595379999999,28125.0,6155.982411,4.887218045,253,266,13,0,253,266,4377,0,0,0,0,0
2020-09-27,US,Mississippi,Simpson,1047,46,0,31.91282117,-89.91716179,28127.0,3927.5264460000003,4.393505253,1001,1046,46,0,1000,1033,26758,1,0,0,1,13
2020-09-27,US,Mississippi,Smith,536,15,0,32.01744532,-89.50644846,28129.0,3367.6803219999997,2.798507463,521,534,15,0,519,532,16002,2,0,0,2,2
2020-09-27,US,Mississippi,Stone,375,12,0,30.79187949,-89.11547539,28131.0,2045.157068,3.2,363,374,12,0,362,371,18717,1,0,0,1,3
2020-09-27,US,Mississippi,Sunflower,1473,46,0,33.60192578,-90.58882684,28133.0,5866.188768999999,3.1228784789999997,1427,1471,46,0,1425,1465,25735,2,0,0,2,6
2020-09-27,US,Mississippi,Tallahatchie,774,21,0,33.95339918,-90.1729398,28135.0,5605.040191,2.713178295,753,773,21,0,752,770,13987,1,0,0,1,3
2020-09-27,US,Mississippi,Tate,1006,38,0,34.65133709,-89.94485778,28137.0,3552.1344590000003,3.7773359839999996,968,1004,37,0,967,987,28759,2,1,0,1,17
2020-09-27,US,Mississippi,Tippah,672,17,0,34.76872156,-88.90988194,28139.0,3052.4642289999997,2.529761905,655,671,17,0,654,669,21995,1,0,0,1,2
2020-09-27,US,Mississippi,Tishomingo,691,38,0,34.74023475,-88.23917219,28141.0,3564.979621,5.499276411,653,690,38,0,652,682,19454,1,0,0,1,8
2020-09-27,US,Mississippi,Tunica,497,15,0,34.64967704,-90.37481167,28143.0,5159.883721,3.018108652,482,497,15,0,482,486,9944,0,0,0,0,11
2020-09-27,US,Mississippi,Union,998,24,0,34.49162015,-89.00776006,28145.0,3463.4738850000003,2.404809619,974,998,24,0,974,997,28606,0,0,0,0,1
2020-09-27,US,Mississippi,Walthall,602,26,0,31.14971548,-90.10446654,28147.0,4213.915722,4.318936877,576,601,26,0,575,600,14465,1,0,0,1,1
2020-09-27,US,Mississippi,Warren,1409,50,0,32.35810271,-90.83352619,28149.0,3104.823605,3.54861604,1359,1407,50,0,1357,1405,46176,2,0,0,2,2
2020-09-27,US,Mississippi,Washington,2259,77,0,33.28392041,-90.94196237,28151.0,5144.731149,3.4085878710000004,2182,2259,77,0,2182,2238,45063,0,0,0,0,21
2020-09-27,US,Mississippi,Wayne,905,21,0,31.64135687,-88.69573913,28153.0,4483.971659000001,2.320441989,884,904,21,0,883,900,20298,1,0,0,1,4
2020-09-27,US,Mississippi,Webster,338,13,0,33.61300486,-89.28392912,28155.0,3488.492104,3.8461538460000004,325,338,13,0,325,338,9788,0,0,0,0,0
2020-09-27,US,Mississippi,Wilkinson,305,18,0,31.16078225,-91.31018819,28157.0,3534.183082,5.9016393439999995,287,305,18,0,287,305,8792,0,0,0,0,0
2020-09-27,US,Mississippi,Winston,742,19,0,33.08747908,-89.03391385,28159.0,4132.553606,2.5606468999999996,723,742,19,0,723,738,18165,0,0,0,0,4
2020-09-27,US,Mississippi,Yalobusha,436,14,0,34.02824175,-89.70762049999999,28161.0,3600.9250079999997,3.211009174,422,435,14,0,421,433,12392,1,0,0,1,2
2020-09-27,US,Mississippi,Yazoo,1062,30,0,32.77890365,-90.39656148,28163.0,3576.9619399999997,2.824858757,1032,1062,30,0,1032,1059,28248,0,0,0,0,3
2020-09-27,US,Missouri,Adair,343,0,0,40.19058551,-92.60078167,29001.0,1353.430928,0.0,343,338,0,0,338,331,25339,5,0,0,5,7
2020-09-27,US,Missouri,Andrew,258,2,0,39.98492163,-94.80163024,29003.0,1456.639566,0.775193798,256,250,2,0,248,244,17607,8,0,0,8,6
2020-09-27,US,Missouri,Atchison,53,0,0,40.43238737,-95.42970639,29005.0,1030.52693,0.0,53,52,0,0,52,51,5171,1,0,0,1,1
2020-09-27,US,Missouri,Audrain,431,4,0,39.215877,-91.84242683,29007.0,1697.652434,0.928074246,427,424,4,0,420,420,25473,7,0,0,7,4
2020-09-27,US,Missouri,Barry,490,6,0,36.70978521,-93.82919888,29009.0,1369.1357679999999,1.2244897959999999,484,478,6,0,472,473,35886,12,0,0,12,5
2020-09-27,US,Missouri,Barton,185,0,0,37.50207671,-94.34757022,29011.0,1573.932278,0.0,185,183,0,0,183,180,11798,2,0,0,2,3
2020-09-27,US,Missouri,Bates,123,2,0,38.25271289,-94.34113157,29013.0,760.5738312999999,1.62601626,121,116,2,0,114,113,16320,7,0,0,7,3
2020-09-27,US,Missouri,Benton,333,3,0,38.29503305,-93.28756116,29015.0,1712.6986579999998,0.900900901,330,317,3,0,314,304,19278,16,0,0,16,13
2020-09-27,US,Missouri,Bollinger,351,1,0,37.32449052,-90.02725304,29017.0,2892.936619,0.284900285,350,348,1,0,347,344,12169,3,0,0,3,4
2020-09-27,US,Missouri,Boone,4686,10,0,38.99186229,-92.30723575,29019.0,2596.6541620000003,0.21340162199999999,4676,4655,10,0,4645,4628,180005,31,0,0,31,27
2020-09-27,US,Missouri,Buchanan,2006,16,0,39.65816401,-94.80138942,29021.0,2296.140287,0.7976071779999999,1990,1971,16,0,1955,1919,88571,35,0,0,35,52
2020-09-27,US,Missouri,Butler,650,7,0,36.71462476,-90.40421163,29023.0,1530.2038699999998,1.076923077,643,646,7,0,639,640,42639,4,0,0,4,6
2020-09-27,US,Missouri,Caldwell,95,1,0,39.65620858,-93.98308093,29025.0,1053.215078,1.052631579,94,93,1,0,92,89,9108,2,0,0,2,4
2020-09-27,US,Missouri,Callaway,662,3,0,38.83674754,-91.92186505,29027.0,1479.561049,0.453172205,659,652,3,0,649,638,44889,10,0,0,10,14
2020-09-27,US,Missouri,Camden,1008,11,0,38.02199522,-92.76083747,29029.0,2176.870748,1.091269841,997,989,11,0,978,939,45815,19,0,0,19,50
2020-09-27,US,Missouri,Cape Girardeau,1779,15,0,37.38489388,-89.6843587,29031.0,2255.5819,0.84317032,1764,1726,15,0,1711,1678,78753,53,0,0,53,48
2020-09-27,US,Missouri,Carroll,132,2,0,39.42762566,-93.50626255,29033.0,1520.912548,1.515151515,130,134,2,0,132,132,8743,-2,0,0,-2,2
2020-09-27,US,Missouri,Carter,109,1,0,36.94160441,-90.96051322,29035.0,1822.133066,0.917431193,108,104,1,0,103,100,6054,5,0,0,5,4
2020-09-27,US,Missouri,Cass,1515,24,0,38.64789422,-94.353399,29037.0,1432.217811,1.584158416,1491,1502,24,0,1478,1489,104954,13,0,0,13,13
2020-09-27,US,Missouri,Cedar,113,0,0,37.72391475,-93.85445441,29039.0,787.5113248,0.0,113,107,0,0,107,103,14165,6,0,0,6,4
2020-09-27,US,Missouri,Chariton,47,0,0,39.51499357,-92.9629191,29041.0,632.9113924,0.0,47,47,0,0,47,47,7451,0,0,0,0,0
2020-09-27,US,Missouri,Christian,1453,6,0,36.9711783,-93.18537118,29043.0,1640.047407,0.41293874700000005,1447,1417,6,0,1411,1372,86983,36,0,0,36,45
2020-09-27,US,Missouri,Clark,65,0,0,40.41040752,-91.73661677,29045.0,956.3042518999999,0.0,65,65,0,0,65,64,6842,0,0,0,0,1
2020-09-27,US,Missouri,Clay,1809,41,0,39.31132056,-94.41850862,29047.0,723.7505401000001,2.26644555,1768,1817,41,0,1776,1799,246365,-8,0,0,-8,18
2020-09-27,US,Missouri,Clinton,241,0,0,39.6013098,-94.40465394,29049.0,1182.125865,0.0,241,236,0,0,236,231,20470,5,0,0,5,5
2020-09-27,US,Missouri,Cole,1559,14,0,38.50455671,-92.27860244,29051.0,2031.402697,0.898011546,1545,1535,14,0,1521,1509,76796,24,0,0,24,26
2020-09-27,US,Missouri,Cooper,431,2,0,38.844478,-92.80896081,29053.0,2433.790728,0.464037123,429,426,2,0,424,419,17603,5,0,0,5,7
2020-09-27,US,Missouri,Crawford,402,4,0,37.97663738,-91.30528104,29055.0,1680.602007,0.9950248759999999,398,397,4,0,393,391,23957,5,0,0,5,6
2020-09-27,US,Missouri,Dade,68,0,0,37.431814,-93.8503345,29057.0,899.3519376,0.0,68,62,0,0,62,61,7569,6,0,0,6,1
2020-09-27,US,Missouri,Dallas,190,1,0,37.681135499999996,-93.02127031,29059.0,1125.725797,0.526315789,189,189,1,0,188,190,16762,1,0,0,1,-1
2020-09-27,US,Missouri,Daviess,117,1,0,39.96145298,-93.98519678,29061.0,1413.384876,0.854700855,116,114,1,0,113,112,8313,3,0,0,3,2
2020-09-27,US,Missouri,DeKalb,134,2,0,39.89201062,-94.40476508,29063.0,1067.984379,1.4925373130000001,132,133,2,0,131,131,12630,1,0,0,1,2
2020-09-27,US,Missouri,Dent,149,2,0,37.60663134,-91.50790473,29065.0,956.7841777000001,1.342281879,147,146,2,0,144,142,15441,3,0,0,3,4
2020-09-27,US,Missouri,Douglas,205,3,0,36.9325593,-92.49905109,29067.0,1554.797118,1.463414634,202,193,3,0,190,188,13373,12,0,0,12,5
2020-09-27,US,Missouri,Dunklin,789,8,0,36.27167174,-90.09122243,29069.0,2708.454911,1.013941698,781,784,8,0,776,779,29423,5,0,0,5,5
2020-09-27,US,Missouri,Franklin,1736,29,0,38.41127108,-91.07522826,29071.0,1669.760597,1.6705069119999998,1707,1711,29,0,1682,1681,103670,25,0,0,25,30
2020-09-27,US,Missouri,Gasconade,166,20,0,38.43947277,-91.50847147,29073.0,1128.79097,12.04819277,146,166,21,0,145,160,14705,0,-1,0,1,6
2020-09-27,US,Missouri,Gentry,122,9,0,40.21097916,-94.40944419,29075.0,1856.642825,7.37704918,113,118,9,0,109,118,6628,4,0,0,4,0
2020-09-27,US,Missouri,Greene,6312,58,0,37.2575872,-93.34230916,29077.0,2153.634087,0.918884664,6254,6107,56,0,6051,5934,291923,205,2,0,203,173
2020-09-27,US,Missouri,Grundy,193,4,0,40.11406587,-93.56509276,29079.0,1959.3908629999999,2.07253886,189,191,4,0,187,183,9914,2,0,0,2,8
2020-09-27,US,Missouri,Harrison,109,1,0,40.35570088,-93.99222144,29081.0,1305.076628,0.917431193,108,107,1,0,106,107,8414,2,0,0,2,0
2020-09-27,US,Missouri,Henry,203,5,0,38.38482826,-93.79293734,29083.0,930.1686217,2.463054187,198,196,5,0,191,191,21792,7,0,0,7,5
2020-09-27,US,Missouri,Hickory,108,3,0,37.94163617,-93.3203037,29085.0,1131.601006,2.777777778,105,101,3,0,98,90,9509,7,0,0,7,11
2020-09-27,US,Missouri,Holt,79,1,0,40.09799248,-95.21638879999999,29087.0,1794.231206,1.265822785,78,78,1,0,77,75,4404,1,0,0,1,3
2020-09-27,US,Missouri,Howard,175,2,0,39.1435761,-92.69756691,29089.0,1749.8250170000001,1.142857143,173,173,2,0,171,172,10137,2,0,0,2,1
2020-09-27,US,Missouri,Howell,622,3,0,36.77383887,-91.88683935,29091.0,1550.46489,0.48231511299999996,619,613,3,0,610,602,40076,9,0,0,9,11
2020-09-27,US,Missouri,Iron,56,0,0,37.55487945,-90.7735296,29093.0,553.0864197999999,0.0,56,57,0,0,57,55,10177,-1,0,0,-1,2
2020-09-27,US,Missouri,Jackson,7512,99,0,39.01002188,-94.34724536,29095.0,1068.5465800000002,1.317891374,7413,7470,99,0,7371,7064,700307,42,0,0,42,406
2020-09-27,US,Missouri,Jasper,3811,53,0,37.20351921,-94.34050458,29097.0,3141.0721350000003,1.390711099,3758,3793,53,0,3740,3751,120636,18,0,0,18,42
2020-09-27,US,Missouri,Jefferson,4240,59,0,38.25926778,-90.53870896,29099.0,1883.7662890000001,1.391509434,4181,4191,59,0,4132,4133,224347,49,0,0,49,58
2020-09-27,US,Missouri,Johnson,1117,4,0,38.74719601,-93.80691168,29101.0,2066.146276,0.358102059,1113,1101,4,0,1097,1081,53652,16,0,0,16,20
2020-09-27,US,Missouri,Kansas City,11147,125,0,39.0997,-94.5786,0.0,2279.815848,1.121377949,11022,11085,125,0,10960,11034,491918,62,0,0,62,51
2020-09-27,US,Missouri,Knox,50,1,0,40.12699751,-92.14780832,29103.0,1262.9451880000001,2.0,49,50,1,0,49,50,3947,0,0,0,0,0
2020-09-27,US,Missouri,Laclede,641,4,0,37.65896829,-92.5888493,29105.0,1794.362176,0.624024961,637,626,4,0,622,604,35713,15,0,0,15,22
2020-09-27,US,Missouri,Lafayette,529,2,0,39.06986886,-93.78076396,29107.0,1617.341323,0.378071834,527,509,2,0,507,497,32598,20,0,0,20,12
2020-09-27,US,Missouri,Lawrence,624,4,0,37.10626634,-93.83293097,29109.0,1626.906531,0.641025641,620,619,4,0,615,611,38359,5,0,0,5,8
2020-09-27,US,Missouri,Lewis,91,2,0,40.09673161,-91.72070156,29111.0,930.8510638,2.197802198,89,90,2,0,88,87,9855,1,0,0,1,3
2020-09-27,US,Missouri,Lincoln,776,3,0,39.05345619,-90.95588181,29113.0,1314.964499,0.386597938,773,762,3,0,759,748,57686,14,0,0,14,14
2020-09-27,US,Missouri,Linn,83,1,0,39.87001769,-93.10704106,29115.0,696.3087247999999,1.2048192770000001,82,85,2,0,83,84,12037,-2,-1,0,-1,1
2020-09-27,US,Missouri,Livingston,406,1,0,39.78110272,-93.54645978,29117.0,2666.316412,0.246305419,405,402,1,0,401,396,15146,4,0,0,4,6
2020-09-27,US,Missouri,Macon,150,0,0,39.83049768,-92.56453089,29121.0,992.2603690999999,0.0,150,150,0,0,150,150,15153,0,0,0,0,0
2020-09-27,US,Missouri,Madison,306,1,0,37.47865134,-90.34671429999999,29123.0,2531.436135,0.326797386,305,304,1,0,303,296,12188,2,0,0,2,8
2020-09-27,US,Missouri,Maries,82,0,0,38.16193985,-91.92249662,29125.0,942.8538576999999,0.0,82,83,0,0,83,81,8769,-1,0,0,-1,2
2020-09-27,US,Missouri,Marion,663,14,0,39.80601912,-91.62203062,29127.0,2323.869611,2.111613876,649,655,14,0,641,651,28592,8,0,0,8,4
2020-09-27,US,Missouri,McDonald,1113,11,0,36.62869595,-94.34867205,29119.0,4873.669922,0.9883198559999999,1102,1095,11,0,1084,1061,23078,18,0,0,18,34
2020-09-27,US,Missouri,Mercer,28,0,0,40.42212303,-93.56829590000001,29129.0,774.1222007,0.0,28,28,0,0,28,28,3641,0,0,0,0,0
2020-09-27,US,Missouri,Miller,508,1,0,38.21450288,-92.42610898,29131.0,1982.9033140000001,0.19685039399999998,507,503,1,0,502,488,25336,5,0,0,5,15
2020-09-27,US,Missouri,Mississippi,300,3,0,36.82516239,-89.29505753,29133.0,2276.176024,1.0,297,298,3,0,295,294,13336,2,0,0,2,4
2020-09-27,US,Missouri,Moniteau,321,4,0,38.63571781,-92.57976951,29135.0,1989.833871,1.2461059190000001,317,313,4,0,309,307,16121,8,0,0,8,6
2020-09-27,US,Missouri,Monroe,90,1,0,39.49593978,-92.00043978,29137.0,1041.1846369999998,1.111111111,89,88,1,0,87,89,8664,2,0,0,2,-1
2020-09-27,US,Missouri,Montgomery,84,1,0,38.94022054,-91.47000721,29139.0,727.2097654,1.19047619,83,84,1,0,83,83,11534,0,0,0,0,1
2020-09-27,US,Missouri,Morgan,359,1,0,38.4181765,-92.88791859,29141.0,1740.437291,0.278551532,358,346,1,0,345,332,20358,13,0,0,13,14
2020-09-27,US,Missouri,New Madrid,534,16,0,36.59666326,-89.66070007,29143.0,3127.1960649999996,2.996254682,518,529,16,0,513,524,17296,5,0,0,5,5
2020-09-27,US,Missouri,Newton,1481,15,0,36.90519407,-94.3394104,29145.0,2543.100488,1.012829169,1466,1469,15,0,1454,1454,58266,12,0,0,12,15
2020-09-27,US,Missouri,Nodaway,760,10,0,40.36079813,-94.88133008,29147.0,3440.1593340000004,1.315789474,750,755,10,0,745,749,22304,5,0,0,5,6
2020-09-27,US,Missouri,Oregon,123,0,0,36.68710164,-91.4033755,29149.0,1168.202108,0.0,123,120,0,0,120,116,10541,3,0,0,3,4
2020-09-27,US,Missouri,Osage,156,2,0,38.46036182,-91.8613635,29151.0,1145.795079,1.282051282,154,153,2,0,151,150,13714,3,0,0,3,3
2020-09-27,US,Missouri,Ozark,125,0,0,36.64916339,-92.44459066,29153.0,1362.546327,0.0,125,125,0,0,125,124,9017,0,0,0,0,1
2020-09-27,US,Missouri,Pemiscot,531,10,0,36.2130572,-89.78742322,29155.0,3359.696299,1.883239171,521,524,10,0,514,512,16272,7,0,0,7,12
2020-09-27,US,Missouri,Perry,625,7,0,37.70660776,-89.82741088,29157.0,3266.095318,1.12,618,621,7,0,614,616,19150,4,0,0,4,5
2020-09-27,US,Missouri,Pettis,1149,12,0,38.72798918,-93.28471706,29159.0,2713.8099620000003,1.044386423,1137,1124,12,0,1112,1100,42542,25,0,0,25,24
2020-09-27,US,Missouri,Phelps,488,8,0,37.87736118,-91.79351727,29161.0,1094.833195,1.6393442619999998,480,476,8,0,468,466,44732,12,0,0,12,10
2020-09-27,US,Missouri,Pike,239,4,0,39.34310674,-91.16980779,29163.0,1305.868211,1.6736401669999998,235,240,4,0,236,239,18504,-1,0,0,-1,1
2020-09-27,US,Missouri,Platte,704,10,0,39.38154439,-94.77068479,29165.0,674.2132583,1.420454545,694,697,10,0,687,688,102985,7,0,0,7,9
2020-09-27,US,Missouri,Polk,644,3,0,37.616229600000004,-93.39828174,29167.0,2003.172727,0.465838509,641,576,3,0,573,544,32201,68,0,0,68,32
2020-09-27,US,Missouri,Pulaski,659,5,0,37.82462075,-92.20783203,29169.0,1252.685004,0.7587253409999999,654,660,5,0,655,648,52014,-1,0,0,-1,12
2020-09-27,US,Missouri,Putnam,33,1,0,40.47942497,-93.02042674,29171.0,702.725724,3.03030303,32,33,1,0,32,33,4757,0,0,0,0,0
2020-09-27,US,Missouri,Ralls,150,0,0,39.52817427,-91.51838643,29173.0,1455.039286,0.0,150,150,0,0,150,148,10212,0,0,0,0,2
2020-09-27,US,Missouri,Randolph,258,2,0,39.44007257,-92.49713740000001,29175.0,1042.508486,0.775193798,256,258,3,0,255,244,24763,0,-1,0,1,14
2020-09-27,US,Missouri,Ray,166,0,0,39.353746799999996,-93.98905745,29177.0,721.1747328,0.0,166,166,0,0,166,168,22883,0,0,0,0,-2
2020-09-27,US,Missouri,Reynolds,39,0,0,37.36085952,-90.97009925,29179.0,622.0095694,0.0,39,39,0,0,39,38,6254,0,0,0,0,1
2020-09-27,US,Missouri,Ripley,165,0,0,36.65460667,-90.85990261,29181.0,1241.721854,0.0,165,162,0,0,162,161,13401,3,0,0,3,1
2020-09-27,US,Missouri,Saline,726,9,0,39.13734288,-93.20259964,29195.0,3189.6665350000003,1.2396694209999999,717,718,9,0,709,711,22895,8,0,0,8,7
2020-09-27,US,Missouri,Schuyler,25,0,0,40.46921489,-92.52311943,29197.0,536.4806867,0.0,25,22,0,0,22,22,4599,3,0,0,3,0
2020-09-27,US,Missouri,Scotland,31,1,0,40.45214695,-92.14709064,29199.0,632.3949408,3.225806452,30,31,1,0,30,31,4966,0,0,0,0,0
2020-09-27,US,Missouri,Scott,878,17,0,37.05588075,-89.56474493,29201.0,2293.625914,1.936218679,861,872,17,0,855,851,38458,6,0,0,6,21
2020-09-27,US,Missouri,Shannon,109,1,0,37.15772072,-91.40190382,29203.0,1334.802841,0.917431193,108,104,1,0,103,94,8189,5,0,0,5,10
2020-09-27,US,Missouri,Shelby,67,1,0,39.79742518,-92.07634971,29205.0,1129.848229,1.4925373130000001,66,67,1,0,66,67,6050,0,0,0,0,0
2020-09-27,US,Missouri,St. Charles,7678,120,0,38.77875681,-90.66662425,29183.0,1909.84573,1.562907007,7558,7605,120,0,7485,7545,399182,73,0,0,73,60
2020-09-27,US,Missouri,St. Clair,76,0,0,38.03699437,-93.77631447,29185.0,808.7687559999999,0.0,76,70,0,0,70,66,9395,6,0,0,6,4
2020-09-27,US,Missouri,St. Francois,2092,11,0,37.81214171,-90.47598685,29187.0,3112.400506,0.52581262,2081,2074,11,0,2063,2046,66692,18,0,0,18,28
2020-09-27,US,Missouri,St. Louis,24104,801,0,38.63770039999999,-90.4458375,29189.0,2424.449686,3.3230998999999994,23303,23912,801,0,23111,23688,996945,192,0,0,192,224
2020-09-27,US,Missouri,St. Louis City,7067,197,0,38.63555736,-90.24349225,29510.0,2351.152454,2.7876043580000003,6870,7031,197,0,6834,7003,302838,36,0,0,36,28
2020-09-27,US,Missouri,Ste. Genevieve,205,1,0,37.89090059,-90.1949941,29186.0,1145.635409,0.487804878,204,198,1,0,197,192,17888,7,0,0,7,6
2020-09-27,US,Missouri,Stoddard,508,13,0,36.85571651,-89.9444155,29207.0,1750.215332,2.5590551180000003,495,495,13,0,482,490,29206,13,0,0,13,5
2020-09-27,US,Missouri,Stone,466,4,0,36.75000327,-93.45256475,29209.0,1458.437656,0.858369099,462,455,4,0,451,447,31749,11,0,0,11,8
2020-09-27,US,Missouri,Sullivan,193,0,0,40.2099105,-93.11150106,29211.0,3169.650189,0.0,193,192,0,0,192,190,6221,1,0,0,1,2
2020-09-27,US,Missouri,Taney,1213,31,0,36.65465345,-93.04075153,29213.0,2168.859963,2.555647156,1182,1193,31,0,1162,1184,55852,20,0,0,20,9
2020-09-27,US,Missouri,Texas,326,2,0,37.31728859,-91.96564727,29215.0,1283.565635,0.613496933,324,319,2,0,317,312,25571,7,0,0,7,7
2020-09-27,US,Missouri,Vernon,185,1,0,37.8457799,-94.34127305,29217.0,899.6741721000001,0.540540541,184,181,1,0,180,169,20528,4,0,0,4,12
2020-09-27,US,Missouri,Warren,479,1,0,38.76529479,-91.16124662,29219.0,1343.656204,0.20876826699999998,478,473,1,0,472,467,34711,6,0,0,6,6
2020-09-27,US,Missouri,Washington,423,10,0,37.96130078,-90.87948158,29221.0,1710.4731100000001,2.364066194,413,414,10,0,404,384,24943,9,0,0,9,30
2020-09-27,US,Missouri,Wayne,223,0,0,37.11303869,-90.46001416,29223.0,1732.3079309999998,0.0,223,217,0,0,217,212,13122,6,0,0,6,5
2020-09-27,US,Missouri,Webster,657,5,0,37.2813734,-92.876329,29225.0,1659.4261470000001,0.761035008,652,639,5,0,634,620,39109,18,0,0,18,19
2020-09-27,US,Missouri,Worth,21,0,0,40.47945588,-94.42328751,29227.0,1043.219076,0.0,21,20,0,0,20,20,2040,1,0,0,1,0
2020-09-27,US,Missouri,Wright,352,0,0,37.27029221,-92.46914488,29229.0,1924.654164,0.0,352,333,0,0,333,305,18378,19,0,0,19,28
2020-09-27,US,Montana,Beaverhead,85,1,0,45.13434354,-112.89846940000001,30001.0,899.1854437999999,1.176470588,84,85,1,0,84,85,9404,0,0,0,0,0
2020-09-27,US,Montana,Big Horn,900,22,0,45.42335905,-107.492347,30003.0,6757.264059,2.444444444,878,900,22,0,878,881,13338,0,0,0,0,19
2020-09-27,US,Montana,Blaine,21,0,0,48.43175214,-108.9582723,30005.0,314.32420299999995,0.0,21,21,0,0,21,21,6807,0,0,0,0,0
2020-09-27,US,Montana,Broadwater,17,0,0,46.33277565,-111.49558130000001,30007.0,272.5669392,0.0,17,17,0,0,17,17,6085,0,0,0,0,0
2020-09-27,US,Montana,Carbon,116,0,0,45.22850116,-109.0274047,30009.0,1081.585082,0.0,116,116,0,0,116,115,10714,0,0,0,0,1
2020-09-27,US,Montana,Carter,4,0,0,45.5197966,-104.53955359999999,30011.0,319.48881789999996,0.0,4,4,0,0,4,3,1238,0,0,0,0,1
2020-09-27,US,Montana,Cascade,677,5,0,47.30797024,-111.3467922,30013.0,832.042868,0.7385524370000001,672,669,5,0,664,658,81643,8,0,0,8,11
2020-09-27,US,Montana,Chouteau,29,0,0,47.88084126,-110.4353362,30015.0,514.6406389,0.0,29,29,0,0,29,28,5745,0,0,0,0,1
2020-09-27,US,Montana,Custer,116,2,0,46.25319932,-105.57375259999998,30017.0,1017.365374,1.724137931,114,116,2,0,114,112,11586,0,0,0,0,4
2020-09-27,US,Montana,Daniels,5,0,0,48.78420029,-105.54763429999998,30019.0,295.85798819999997,0.0,5,5,0,0,5,5,1747,0,0,0,0,0
2020-09-27,US,Montana,Dawson,78,1,0,47.26584855,-104.89444170000002,30021.0,905.6078022,1.282051282,77,77,1,0,76,77,8680,1,0,0,1,0
2020-09-27,US,Montana,Deer Lodge,116,0,0,46.05953325,-113.073353,30023.0,1269.146608,0.0,116,116,0,0,116,114,9131,0,0,0,0,2
2020-09-27,US,Montana,Fallon,5,0,0,46.33478338,-104.41835649999999,30025.0,175.68517219999998,0.0,5,5,0,0,5,5,2920,0,0,0,0,0
2020-09-27,US,Montana,Fergus,63,1,0,47.26331584,-109.2245206,30027.0,570.1357466,1.5873015869999998,62,63,1,0,62,64,11113,0,0,0,0,-1
2020-09-27,US,Montana,Flathead,1034,17,0,48.29575866,-114.05205690000001,30029.0,996.0888581,1.64410058,1017,988,17,0,971,956,102106,46,0,0,46,32
2020-09-27,US,Montana,Gallatin,1353,4,0,45.54486106,-111.1692571,30031.0,1182.340913,0.29563932,1349,1336,4,0,1332,1313,111876,17,0,0,17,23
2020-09-27,US,Montana,Garfield,17,0,0,47.27545948,-107.0002351,30033.0,1351.351351,0.0,17,17,0,0,17,17,1268,0,0,0,0,0
2020-09-27,US,Montana,Glacier,279,1,0,48.70513576,-112.9934235,30035.0,2028.648295,0.358422939,278,274,1,0,273,250,13747,5,0,0,5,24
2020-09-27,US,Montana,Golden Valley,5,0,0,46.3816474,-109.17685220000001,30037.0,609.0133983,0.0,5,4,0,0,4,4,826,1,0,0,1,0
2020-09-27,US,Montana,Granite,22,0,0,46.406052200000005,-113.4414186,30039.0,651.0802012,0.0,22,22,0,0,22,22,3378,0,0,0,0,0
2020-09-27,US,Montana,Hill,152,3,0,48.62879827,-110.1129252,30041.0,922.1062849,1.973684211,149,152,3,0,149,147,16347,0,0,0,0,5
2020-09-27,US,Montana,Jefferson,77,0,0,46.14907081,-112.094396,30043.0,630.0630062999999,0.0,77,74,0,0,74,74,12097,3,0,0,3,0
2020-09-27,US,Montana,Judith Basin,7,0,0,47.04581276,-110.26606880000001,30045.0,348.7792725,0.0,7,7,0,0,7,6,1952,0,0,0,0,1
2020-09-27,US,Montana,Lake,276,1,0,47.64514965,-114.0898013,30047.0,906.1658677999999,0.362318841,275,276,1,0,275,274,30250,0,0,0,0,2
2020-09-27,US,Montana,Lewis and Clark,275,3,0,47.12610041,-112.39469799999999,30049.0,396.07097589999995,1.0909090909999999,272,274,3,0,271,248,68700,1,0,0,1,26
2020-09-27,US,Montana,Liberty,19,0,0,48.56084317,-111.02430700000001,30051.0,813.0081301,0.0,19,18,0,0,18,18,2430,1,0,0,1,0
2020-09-27,US,Montana,Lincoln,117,3,0,48.54265777,-115.4046155,30053.0,585.5855856000001,2.564102564,114,110,3,0,107,109,19794,7,0,0,7,1
2020-09-27,US,Montana,Madison,102,1,0,45.30080065,-111.9173017,30057.0,1186.046512,0.980392157,101,100,1,0,99,100,8768,2,0,0,2,0
2020-09-27,US,Montana,McCone,19,0,0,47.64469406,-105.79449939999999,30055.0,1141.826923,0.0,19,19,0,0,19,19,1675,0,0,0,0,0
2020-09-27,US,Montana,Meagher,25,2,0,46.59907074,-110.8898557,30059.0,1342.64232,8.0,23,25,2,0,23,25,1866,0,0,0,0,0
2020-09-27,US,Montana,Mineral,2,0,0,47.15283992,-115.00152390000001,30061.0,45.48555834,0.0,2,2,0,0,2,2,4316,0,0,0,0,0
2020-09-27,US,Montana,Missoula,739,3,0,47.03728583,-113.92135079999998,30063.0,617.8929766,0.40595399200000004,736,739,3,0,736,706,118791,0,0,0,0,33
2020-09-27,US,Montana,Musselshell,35,1,0,46.49684637,-108.39498,30065.0,755.4500324,2.857142857,34,35,1,0,34,35,4651,0,0,0,0,0
2020-09-27,US,Montana,Park,98,0,0,45.48965095,-110.52643940000002,30067.0,590.1481392000001,0.0,98,98,0,0,98,95,16736,0,0,0,0,3
2020-09-27,US,Montana,Phillips,121,0,0,48.25936577,-107.9128511,30071.0,3060.19221,0.0,121,121,0,0,121,121,4074,0,0,0,0,0
2020-09-27,US,Montana,Pondera,29,0,0,48.22773388,-112.22527029999999,30073.0,490.6107258,0.0,29,28,0,0,28,24,5972,1,0,0,1,4
2020-09-27,US,Montana,Powder River,9,0,0,45.39617714,-105.636738,30075.0,535.0772889,0.0,9,9,0,0,9,8,1716,0,0,0,0,1
2020-09-27,US,Montana,Powell,12,0,0,46.85538891,-112.93591640000001,30077.0,174.1654572,0.0,12,12,0,0,12,12,6968,0,0,0,0,0
2020-09-27,US,Montana,Prairie,2,0,0,46.86048047,-105.379384,30079.0,185.7010214,0.0,2,2,0,0,2,1,1087,0,0,0,0,1
2020-09-27,US,Montana,Ravalli,140,2,0,46.08520862,-114.11891640000002,30081.0,319.5909236,1.428571429,138,140,2,0,138,135,43172,0,0,0,0,5
2020-09-27,US,Montana,Richland,79,2,0,47.78668011,-104.5610786,30083.0,731.2783486000001,2.53164557,77,78,2,0,76,78,10913,1,0,0,1,0
2020-09-27,US,Montana,Roosevelt,354,4,0,48.29607488,-105.00792679999999,30085.0,3217.011996,1.129943503,350,336,4,0,332,287,11059,18,0,0,18,49
2020-09-27,US,Montana,Rosebud,635,19,0,46.23397237,-106.72928799999998,30087.0,7105.292604,2.992125984,616,632,18,0,614,630,9063,3,1,0,2,2
2020-09-27,US,Montana,Sanders,46,1,0,47.67657534,-115.1329916,30089.0,379.7572856,2.173913043,45,46,1,0,45,46,11844,0,0,0,0,0
2020-09-27,US,Montana,Sheridan,13,0,0,48.72085833,-104.50382900000001,30091.0,392.86793589999996,0.0,13,13,0,0,13,13,3424,0,0,0,0,0
2020-09-27,US,Montana,Silver Bow,255,0,0,45.90018933,-112.6620092,30093.0,730.3451239,0.0,255,255,0,0,255,249,34993,0,0,0,0,6
2020-09-27,US,Montana,Stillwater,69,2,0,45.67071407,-109.3950061,30095.0,715.6191661,2.898550725,67,69,2,0,67,62,9534,0,0,0,0,7
2020-09-27,US,Montana,Sweet Grass,43,1,0,45.81367654,-109.9425686,30097.0,1150.655606,2.325581395,42,43,1,0,42,43,3710,0,0,0,0,0
2020-09-27,US,Montana,Teton,21,0,0,47.83741052,-112.24106880000001,30099.0,341.6300634,0.0,21,21,0,0,21,21,6162,0,0,0,0,0
2020-09-27,US,Montana,Toole,76,6,0,48.65577551,-111.69424140000001,30101.0,1604.72973,7.894736842,70,76,6,0,70,76,4853,0,0,0,0,0
2020-09-27,US,Montana,Treasure,3,0,0,46.209732200000005,-107.26665159999999,30103.0,431.0344828,0.0,3,3,0,0,3,3,679,0,0,0,0,0
2020-09-27,US,Montana,Valley,83,0,0,48.36435097,-106.6669635,30105.0,1122.228231,0.0,83,83,0,0,83,79,7437,0,0,0,0,4
2020-09-27,US,Montana,Wheatland,17,1,0,46.46652491,-109.84646359999999,30107.0,799.6237065,5.882352941000001,16,17,1,0,16,16,2236,0,0,0,0,1
2020-09-27,US,Montana,Wibaux,9,0,0,46.95925154,-104.2510927,30109.0,928.7925697000001,0.0,9,9,0,0,9,9,1034,0,0,0,0,0
2020-09-27,US,Montana,Yellowstone,3206,64,0,45.93955949,-108.26914860000001,30111.0,1987.600744,1.996257018,3142,3121,63,0,3058,3046,160137,85,1,0,84,75
2020-09-27,US,Nebraska,Adams,548,12,0,40.52449420000001,-98.50117804,31001.0,1747.281829,2.189781022,536,543,12,0,531,542,31511,5,0,0,5,1
2020-09-27,US,Nebraska,Antelope,69,1,0,42.17695516,-98.06662829999999,31003.0,1095.5859,1.4492753619999998,68,68,1,0,67,67,6336,1,0,0,1,1
2020-09-27,US,Nebraska,Arthur,1,0,0,41.56896142,-101.6959559,31005.0,215.9827214,0.0,1,1,0,0,1,1,465,0,0,0,0,0
2020-09-27,US,Nebraska,Banner,2,0,0,41.54634427,-103.7114332,31007.0,268.4563758,0.0,2,2,0,0,2,2,730,0,0,0,0,0
2020-09-27,US,Nebraska,Blaine,1,0,0,41.91311716,-99.97677845,31009.0,215.0537634,0.0,1,1,0,0,1,1,476,0,0,0,0,0
2020-09-27,US,Nebraska,Boone,82,0,0,41.70759415,-98.06737183,31011.0,1579.3528509999999,0.0,82,78,0,0,78,78,5239,4,0,0,4,0
2020-09-27,US,Nebraska,Box Butte,79,1,0,42.22079243,-103.08788340000001,31013.0,732.6347028,1.265822785,78,78,1,0,77,76,10772,1,0,0,1,2
2020-09-27,US,Nebraska,Boyd,24,0,0,42.899727399999996,-98.76486568,31015.0,1250.6513810000001,0.0,24,22,0,0,22,21,1955,2,0,0,2,1
2020-09-27,US,Nebraska,Brown,34,0,0,42.43018907,-99.92904055,31017.0,1150.592217,0.0,34,34,0,0,34,33,2973,0,0,0,0,1
2020-09-27,US,Nebraska,Buffalo,1069,4,0,40.85486962,-99.07500296,31019.0,2152.681286,0.37418147799999996,1065,1046,4,0,1042,1043,49615,23,0,0,23,3
2020-09-27,US,Nebraska,Burt,76,0,0,41.85056773,-96.32605633,31021.0,1176.652733,0.0,76,76,0,0,76,75,6488,0,0,0,0,1
2020-09-27,US,Nebraska,Butler,117,1,0,41.22703692,-97.13106306,31023.0,1459.580838,0.854700855,116,113,1,0,112,113,8058,4,0,0,4,0
2020-09-27,US,Nebraska,Cass,330,2,0,40.90899107,-96.13971217,31025.0,1257.2386470000001,0.606060606,328,329,2,0,327,325,26159,1,0,0,1,4
2020-09-27,US,Nebraska,Cedar,84,0,0,42.598885100000004,-97.25311951,31027.0,999.7619614,0.0,84,83,0,0,83,80,8446,1,0,0,1,3
2020-09-27,US,Nebraska,Chase,23,0,0,40.523719799999995,-101.69780259999999,31029.0,586.1365953,0.0,23,23,0,0,23,23,3977,0,0,0,0,0
2020-09-27,US,Nebraska,Cherry,47,4,0,42.54502621,-101.1244332,31031.0,826.1557391,8.510638298,43,47,4,0,43,47,5761,0,0,0,0,0
2020-09-27,US,Nebraska,Cheyenne,37,0,0,41.21999357,-102.9941693,31033.0,415.2637486,0.0,37,36,0,0,36,36,9310,1,0,0,1,0
2020-09-27,US,Nebraska,Clay,72,0,0,40.52439441,-98.05126296,31035.0,1160.7286800000002,0.0,72,72,0,0,72,72,6214,0,0,0,0,0
2020-09-27,US,Nebraska,Colfax,783,5,0,41.57486951,-97.0868542,31037.0,7311.607059,0.638569604,778,781,5,0,776,771,10881,2,0,0,2,10
2020-09-27,US,Nebraska,Cuming,147,0,0,41.91637624,-96.78730772,31039.0,1661.768031,0.0,147,143,0,0,143,135,8940,4,0,0,4,8
2020-09-27,US,Nebraska,Custer,84,4,0,41.39374521,-99.72805369,31041.0,779.4376914,4.7619047619999995,80,84,4,0,80,84,10840,0,0,0,0,0
2020-09-27,US,Nebraska,Dakota,2215,43,0,42.39040144,-96.56656425,31043.0,11060.62119,1.941309255,2172,2208,43,0,2165,2192,20083,7,0,0,7,16
2020-09-27,US,Nebraska,Dawes,123,0,0,42.71985036,-103.1313774,31045.0,1432.064268,0.0,123,123,0,0,123,121,8716,0,0,0,0,2
2020-09-27,US,Nebraska,Dawson,1083,12,0,40.87028216,-99.82014609999999,31047.0,4589.955499000001,1.108033241,1071,1079,12,0,1067,1075,23709,4,0,0,4,4
2020-09-27,US,Nebraska,Deuel,4,0,0,41.11168186,-102.33333309999999,31049.0,222.9654404,0.0,4,4,0,0,4,4,1825,0,0,0,0,0
2020-09-27,US,Nebraska,Dixon,90,2,0,42.49188363,-96.86782408,31051.0,1596.8772179999999,2.222222222,88,88,2,0,86,87,5709,2,0,0,2,1
2020-09-27,US,Nebraska,Dodge,1185,12,0,41.58071748,-96.65598179,31053.0,3240.804048,1.012658228,1173,1168,12,0,1156,1153,36791,17,0,0,17,15
2020-09-27,US,Nebraska,Douglas,16013,192,0,41.29518299,-96.15085305,31055.0,2802.773193,1.199025792,15821,15850,192,0,15658,15687,566880,163,0,0,163,163
2020-09-27,US,Nebraska,Dundy,11,1,0,40.17638677,-101.6876522,31057.0,649.7341996,9.090909091,10,11,1,0,10,11,1770,0,0,0,0,0
2020-09-27,US,Nebraska,Fillmore,55,1,0,40.52458567,-97.59646937,31059.0,1006.9571589999999,1.8181818180000002,54,55,1,0,54,55,5527,0,0,0,0,0
2020-09-27,US,Nebraska,Franklin,28,0,0,40.17636348,-98.95299073,31061.0,939.9127223999999,0.0,28,28,0,0,28,28,3023,0,0,0,0,0
2020-09-27,US,Nebraska,Frontier,8,0,0,40.52993007,-100.3924658,31063.0,304.529882,0.0,8,7,0,0,7,7,2608,1,0,0,1,0
2020-09-27,US,Nebraska,Furnas,39,2,0,40.17642064,-99.91247454,31065.0,834.0461932999999,5.128205128,37,39,2,0,37,39,4715,0,0,0,0,0
2020-09-27,US,Nebraska,Gage,249,5,0,40.26186809,-96.68946704,31067.0,1157.4396880000002,2.008032129,244,246,5,0,241,239,21493,3,0,0,3,7
2020-09-27,US,Nebraska,Garden,10,0,0,41.61703149,-102.3313973,31069.0,544.3658138,0.0,10,10,0,0,10,10,1897,0,0,0,0,0
2020-09-27,US,Nebraska,Garfield,11,0,0,41.91428955,-98.99111827,31071.0,558.6592178999999,0.0,11,10,0,0,10,10,1987,1,0,0,1,0
2020-09-27,US,Nebraska,Gosper,35,0,0,40.51481965,-99.83020279,31073.0,1758.79397,0.0,35,34,0,0,34,34,1996,1,0,0,1,0
2020-09-27,US,Nebraska,Grant,1,0,0,41.91528587,-101.740701,31075.0,160.5136437,0.0,1,1,0,0,1,1,660,0,0,0,0,0
2020-09-27,US,Nebraska,Greeley,27,0,0,41.56742671,-98.52150266,31077.0,1146.0101869999999,0.0,27,27,0,0,27,27,2356,0,0,0,0,0
2020-09-27,US,Nebraska,Hall,2015,47,0,40.87257079,-98.50218293,31079.0,3284.272978,2.3325062030000003,1968,2007,47,0,1960,2003,61607,8,0,0,8,4
2020-09-27,US,Nebraska,Hamilton,130,12,0,40.87349452,-98.02099117,31081.0,1394.251394,9.230769231,118,128,12,0,116,128,9280,2,0,0,2,0
2020-09-27,US,Nebraska,Harlan,23,0,0,40.17658508,-99.40438879,31083.0,680.4733727999999,0.0,23,22,0,0,22,21,3401,1,0,0,1,1
2020-09-27,US,Nebraska,Hitchcock,4,0,0,40.17609175,-101.04164770000001,31087.0,144.82259230000003,0.0,4,4,0,0,4,4,2806,0,0,0,0,0
2020-09-27,US,Nebraska,Holt,74,1,0,42.45522056,-98.78402558,31089.0,735.0749975,1.351351351,73,74,1,0,73,70,10178,0,0,0,0,4
2020-09-27,US,Nebraska,Hooker,7,0,0,41.91586243,-101.1354293,31091.0,1026.392962,0.0,7,7,0,0,7,7,682,0,0,0,0,0
2020-09-27,US,Nebraska,Howard,95,5,0,41.2200529,-98.5166499,31093.0,1474.010861,5.263157895,90,95,5,0,90,95,6468,0,0,0,0,0
2020-09-27,US,Nebraska,Jefferson,31,0,0,40.17584531,-97.142601,31095.0,439.9659381,0.0,31,29,0,0,29,29,7097,2,0,0,2,0
2020-09-27,US,Nebraska,Johnson,53,0,0,40.39257596,-96.26522753,31097.0,1045.158746,0.0,53,49,0,0,49,46,5134,4,0,0,4,3
2020-09-27,US,Nebraska,Kearney,141,0,0,40.50663314,-98.94877182,31099.0,2170.900693,0.0,141,140,0,0,140,140,6544,1,0,0,1,0
2020-09-27,US,Nebraska,Keith,64,0,0,41.19930341,-101.66201640000001,31101.0,796.6143887999999,0.0,64,64,0,0,64,64,8021,0,0,0,0,0
2020-09-27,US,Nebraska,Keya Paha,5,0,0,42.87990694,-99.71343729,31103.0,620.3473945000001,0.0,5,5,0,0,5,5,810,0,0,0,0,0
2020-09-27,US,Nebraska,Kimball,15,0,0,41.19774275,-103.7148131,31105.0,412.99559469999997,0.0,15,15,0,0,15,15,3618,0,0,0,0,0
2020-09-27,US,Nebraska,Knox,163,0,0,42.63758421,-97.89178836,31107.0,1956.31301,0.0,163,163,0,0,163,161,8419,0,0,0,0,2
2020-09-27,US,Nebraska,Lancaster,6253,24,0,40.78416049,-96.68777155,31109.0,1959.6352129999998,0.38381576799999995,6229,6172,24,0,6148,6103,317272,81,0,0,81,69
2020-09-27,US,Nebraska,Lincoln,372,2,0,41.04658298,-100.74753740000001,31111.0,1065.475168,0.537634409,370,369,2,0,367,368,35185,3,0,0,3,1
2020-09-27,US,Nebraska,Logan,6,0,0,41.56650314,-100.4817851,31113.0,802.1390374,0.0,6,6,0,0,6,6,749,0,0,0,0,0
2020-09-27,US,Nebraska,Loup,3,0,0,41.91371961,-99.45440415,31115.0,451.8072289,0.0,3,3,0,0,3,3,618,0,0,0,0,0
2020-09-27,US,Nebraska,Madison,827,5,0,41.91676024,-97.6005481,31119.0,2356.192484,0.604594921,822,824,5,0,819,817,35392,3,0,0,3,7
2020-09-27,US,Nebraska,McPherson,6,0,0,41.56797682,-101.05993620000001,31117.0,1214.574899,0.0,6,6,0,0,6,6,492,0,0,0,0,0
2020-09-27,US,Nebraska,Merrick,80,1,0,41.16624273,-98.0374887,31121.0,1031.592521,1.25,79,80,1,0,79,80,7733,0,0,0,0,0
2020-09-27,US,Nebraska,Morrill,78,0,0,41.71711774,-103.0061405,31123.0,1680.310211,0.0,78,78,0,0,78,78,4686,0,0,0,0,0
2020-09-27,US,Nebraska,Nance,49,0,0,41.39750195,-97.99327291,31125.0,1392.441034,0.0,49,47,0,0,47,46,3532,2,0,0,2,1
2020-09-27,US,Nebraska,Nemaha,122,0,0,40.38514847,-95.85433992,31127.0,1749.856569,0.0,122,122,0,0,122,122,6958,0,0,0,0,0
2020-09-27,US,Nebraska,Nuckolls,16,0,0,40.17637905,-98.04743961,31129.0,385.7280617,0.0,16,16,0,0,16,16,4195,0,0,0,0,0
2020-09-27,US,Nebraska,Otoe,152,1,0,40.64843556,-96.13374142,31131.0,949.288034,0.657894737,151,150,1,0,149,146,15985,2,0,0,2,4
2020-09-27,US,Nebraska,Pawnee,19,0,0,40.13141096,-96.23705437,31133.0,727.133563,0.0,19,19,0,0,19,19,2632,0,0,0,0,0
2020-09-27,US,Nebraska,Perkins,33,10,0,40.85082525,-101.6502942,31135.0,1141.473539,30.303030300000003,23,33,10,0,23,33,2929,0,0,0,0,0
2020-09-27,US,Nebraska,Phelps,107,0,0,40.51156033,-99.41461667,31137.0,1184.414434,0.0,107,107,0,0,107,106,8996,0,0,0,0,1
2020-09-27,US,Nebraska,Pierce,106,8,0,42.26434853,-97.60122773,31139.0,1482.932289,7.547169811,98,105,8,0,97,103,7142,1,0,0,1,2
2020-09-27,US,Nebraska,Platte,1107,4,0,41.57246836,-97.52144359,31141.0,3307.439498,0.361336947,1103,1076,3,0,1073,1069,33363,31,1,0,30,7
2020-09-27,US,Nebraska,Polk,59,1,0,41.18813488,-97.56630712,31143.0,1131.78592,1.694915254,58,57,1,0,56,57,5278,2,0,0,2,0
2020-09-27,US,Nebraska,Red Willow,33,0,0,40.17556879999999,-100.476998,31145.0,307.7209996,0.0,33,33,0,0,33,33,10726,0,0,0,0,0
2020-09-27,US,Nebraska,Richardson,55,1,0,40.1247415,-95.71755036,31147.0,699.3006993,1.8181818180000002,54,53,1,0,52,53,7937,2,0,0,2,0
2020-09-27,US,Nebraska,Rock,42,1,0,42.42252217,-99.44832069,31149.0,3095.062638,2.3809523809999997,41,42,1,0,41,42,1360,0,0,0,0,0
2020-09-27,US,Nebraska,Saline,737,2,0,40.52418865,-97.14085859,31151.0,5181.3835770000005,0.27137042100000003,735,734,2,0,732,723,14350,3,0,0,3,11
2020-09-27,US,Nebraska,Sarpy,3640,16,0,41.11314181,-96.11156432,31153.0,1944.485993,0.43956044,3624,3598,16,0,3582,3547,184459,42,0,0,42,51
2020-09-27,US,Nebraska,Saunders,469,3,0,41.227810299999994,-96.63773905,31155.0,2173.510057,0.639658849,466,466,3,0,463,456,21303,3,0,0,3,10
2020-09-27,US,Nebraska,Scotts Bluff,414,8,0,41.85070896,-103.70809859999999,31157.0,1162.333652,1.93236715,406,414,8,0,406,411,35989,0,0,0,0,3
2020-09-27,US,Nebraska,Seward,233,3,0,40.87241834,-97.139673,31159.0,1348.067577,1.287553648,230,232,3,0,229,223,17318,1,0,0,1,9
2020-09-27,US,Nebraska,Sheridan,48,0,0,42.50284406,-102.4126613,31161.0,914.9828441,0.0,48,48,0,0,48,48,5190,0,0,0,0,0
2020-09-27,US,Nebraska,Sherman,24,1,0,41.22045983,-98.97588642,31163.0,799.7334222,4.166666667,23,24,1,0,23,24,3038,0,0,0,0,0
2020-09-27,US,Nebraska,Sioux,7,0,0,42.48932059,-103.7576544,31165.0,600.3430532000001,0.0,7,7,0,0,7,7,1187,0,0,0,0,0
2020-09-27,US,Nebraska,Stanton,39,0,0,41.9169835,-97.19394708,31167.0,658.7837837999999,0.0,39,39,0,0,39,39,5970,0,0,0,0,0
2020-09-27,US,Nebraska,Thayer,31,0,0,40.17626377,-97.59504381,31169.0,619.6282231,0.0,31,31,0,0,31,31,5039,0,0,0,0,0
2020-09-27,US,Nebraska,Thomas,4,0,0,41.91358968,-100.5556632,31171.0,554.0166205,0.0,4,4,0,0,4,4,720,0,0,0,0,0
2020-09-27,US,Nebraska,Thurston,257,4,0,42.15725356,-96.54157099,31173.0,3557.585825,1.556420233,253,257,4,0,253,256,7303,0,0,0,0,1
2020-09-27,US,Nebraska,Unassigned,273,0,0,0.0,0.0,90031.0,0.0,0.0,273,269,0,0,269,277,,4,0,0,4,-8
2020-09-27,US,Nebraska,Valley,40,0,0,41.56730777,-98.98197724,31175.0,962.000962,0.0,40,38,0,0,38,37,4190,2,0,0,2,1
2020-09-27,US,Nebraska,Washington,268,4,0,41.52815707,-96.22019892,31177.0,1292.874717,1.4925373130000001,264,263,4,0,259,262,20667,5,0,0,5,1
2020-09-27,US,Nebraska,Wayne,154,0,0,42.20934475,-97.11926964,31179.0,1640.916356,0.0,154,142,0,0,142,139,9403,12,0,0,12,3
2020-09-27,US,Nebraska,Webster,16,0,0,40.17642643,-98.50019851,31181.0,458.8471465,0.0,16,16,0,0,16,16,3533,0,0,0,0,0
2020-09-27,US,Nebraska,Wheeler,1,0,0,41.91482725,-98.52798941,31183.0,127.71392079999998,0.0,1,1,0,0,1,1,805,0,0,0,0,0
2020-09-27,US,Nebraska,York,167,2,0,40.87272618,-97.59710186,31185.0,1220.849477,1.19760479,165,165,2,0,163,162,13772,2,0,0,2,3
2020-09-27,US,Nevada,Carson City,539,8,0,39.15509045,-119.7480219,32510.0,963.9459188999999,1.484230056,531,536,8,0,528,536,55414,3,0,0,3,0
2020-09-27,US,Nevada,Churchill,148,3,0,39.58105744,-118.3394607,32001.0,594.1627524,2.027027027,145,141,3,0,138,140,24440,7,0,0,7,1
2020-09-27,US,Nevada,Clark,66262,1379,0,36.21458855,-115.0130241,32003.0,2923.261195,2.081132474,64883,66009,1377,0,64632,65583,2231647,253,2,0,251,426
2020-09-27,US,Nevada,Douglas,300,1,0,38.912862,-119.61713329999999,32005.0,613.4342092,0.333333333,299,298,1,0,297,298,48467,2,0,0,2,0
2020-09-27,US,Nevada,Elko,952,10,0,41.14531606,-115.3577619,32007.0,1803.781879,1.050420168,942,949,10,0,939,945,52460,3,0,0,3,4
2020-09-27,US,Nevada,Eureka,10,0,0,39.98100864,-116.26832040000001,32011.0,492.8536225,0.0,10,10,0,0,10,10,2003,0,0,0,0,0
2020-09-27,US,Nevada,Humboldt,126,4,0,41.40692186,-118.11094270000001,32013.0,748.6186203999999,3.174603175,122,121,4,0,117,121,16786,5,0,0,5,0
2020-09-27,US,Nevada,Lander,71,1,0,39.933223299999995,-117.03970749999999,32015.0,1283.441793,1.408450704,70,70,1,0,69,70,5575,1,0,0,1,0
2020-09-27,US,Nevada,Lincoln,7,0,0,37.64268459,-114.8790388,32017.0,135.0569168,0.0,7,7,0,0,7,7,5201,0,0,0,0,0
2020-09-27,US,Nevada,Lyon,435,7,0,39.01777974,-119.18704790000001,32019.0,756.390193,1.6091954019999999,428,434,7,0,427,428,55808,1,0,0,1,6
2020-09-27,US,Nevada,Mineral,13,0,0,38.53841696,-118.4344506,32021.0,288.5682575,0.0,13,13,0,0,13,13,4514,0,0,0,0,0
2020-09-27,US,Nevada,Nye,505,15,0,38.04264256,-116.47227020000001,32023.0,1085.4845990000001,2.97029703,490,503,15,0,488,501,45346,2,0,0,2,2
2020-09-27,US,Nevada,Pershing,21,0,0,40.44003782,-118.40056409999998,32027.0,312.267658,0.0,21,21,0,0,21,21,6666,0,0,0,0,0
2020-09-27,US,Nevada,Storey,10,0,0,39.44875482,-119.5250207,32029.0,242.54183849999998,0.0,10,10,0,0,10,10,4029,0,0,0,0,0
2020-09-27,US,Nevada,Washoe,9268,156,0,40.66562265,-119.6631594,32031.0,1965.562363,1.683211049,9112,9172,155,0,9017,9010,465735,96,1,0,95,162
2020-09-27,US,Nevada,White Pine,61,1,0,39.44157041,-114.89996599999999,32033.0,636.7432150000001,1.6393442619999998,60,61,1,0,60,60,9475,0,0,0,0,1
2020-09-27,US,New Hampshire,Belknap,147,4,0,43.51637314,-71.41684235,33001.0,239.79250609999997,2.721088435,143,147,4,0,143,147,61022,0,0,0,0,0
2020-09-27,US,New Hampshire,Carroll,123,2,0,43.87498583,-71.20430216,33003.0,251.4823145,1.62601626,121,123,2,0,121,123,48779,0,0,0,0,0
2020-09-27,US,New Hampshire,Cheshire,148,3,0,42.92015988,-72.25311043,33005.0,194.51928759999998,2.027027027,145,143,3,0,140,143,76493,5,0,0,5,0
2020-09-27,US,New Hampshire,Coos,22,0,0,44.69063265,-71.30633239,33007.0,69.70186611,0.0,22,22,0,0,22,22,31589,0,0,0,0,0
2020-09-27,US,New Hampshire,Grafton,141,1,0,43.93779815,-71.82057197,33009.0,156.8653628,0.709219858,140,138,1,0,137,138,89786,3,0,0,3,0
2020-09-27,US,New Hampshire,Hillsborough,4381,289,0,42.91537785,-71.7200253,33011.0,1050.536539,6.596667428,4092,4366,289,0,4077,4345,415247,15,0,0,15,21
2020-09-27,US,New Hampshire,Merrimack,583,23,0,43.29662971,-71.6811573,33013.0,385.0955473,3.9451114919999997,560,573,23,0,550,569,151132,10,0,0,10,4
2020-09-27,US,New Hampshire,Rockingham,2017,103,0,42.98499744,-71.12883377,33015.0,651.1303584,5.106593951,1914,2010,103,0,1907,2003,309176,7,0,0,7,7
2020-09-27,US,New Hampshire,Strafford,551,13,0,43.291833000000004,-71.02336013,33017.0,421.7923496,2.3593466419999998,538,542,13,0,529,538,130090,9,0,0,9,4
2020-09-27,US,New Hampshire,Sullivan,55,1,0,43.36094111,-72.22203125,33019.0,127.47415749999999,1.8181818180000002,54,54,1,0,53,53,43144,1,0,0,1,1
2020-09-27,US,New Hampshire,Unassigned,4,0,0,0.0,0.0,90033.0,0.0,0.0,4,3,0,0,3,4,,1,0,0,1,-1
2020-09-27,US,New Jersey,Atlantic,4084,256,0,39.47538693,-74.65848483,34001.0,1548.9058289999998,6.268364349,3828,4055,256,0,3799,4033,265429,29,0,0,29,22
2020-09-27,US,New Jersey,Bergen,22406,2045,0,40.96010917,-74.07164325,34003.0,2403.556311,9.127019548,20361,22363,2045,0,20318,22331,936692,43,0,0,43,32
2020-09-27,US,New Jersey,Burlington,7127,496,0,39.87681124,-74.66927768,34005.0,1600.317953,6.9594499789999995,6631,7098,496,0,6602,7064,445384,29,0,0,29,34
2020-09-27,US,New Jersey,Camden,9888,610,0,39.80343818,-74.96388753,34007.0,1952.3329079999999,6.169093851,9278,9860,609,0,9251,9823,507078,28,1,0,27,37
2020-09-27,US,New Jersey,Cape May,1023,96,0,39.15008829,-74.80170244,34009.0,1111.485349,9.384164222999999,927,1020,96,0,924,1017,92560,3,0,0,3,3
2020-09-27,US,New Jersey,Cumberland,3784,159,0,39.37199394,-75.10712559,34011.0,2530.646639,4.201902748,3625,3778,159,0,3619,3772,150972,6,0,0,6,6
2020-09-27,US,New Jersey,Essex,21054,2129,0,40.78681335,-74.24657979,34013.0,2635.126256,10.11209271,18925,21024,2129,0,18895,20954,799767,30,0,0,30,70
2020-09-27,US,New Jersey,Gloucester,4511,227,0,39.71581067,-75.13995546,34015.0,1546.791205,5.032143649,4284,4489,227,0,4262,4459,291408,22,0,0,22,30
2020-09-27,US,New Jersey,Hudson,20643,1516,0,40.73766234,-74.07515667,34017.0,3070.088684,7.343893813999999,19127,20621,1515,0,19106,20596,676061,22,1,0,21,25
2020-09-27,US,New Jersey,Hunterdon,1321,125,0,40.56335249,-74.91284156,34019.0,1062.144712,9.462528387999999,1196,1311,125,0,1186,1307,124714,10,0,0,10,4
2020-09-27,US,New Jersey,Mercer,8637,636,0,40.28047017,-74.70479631,34021.0,2350.651825,7.36366794,8001,8628,635,0,7993,8615,369811,9,1,0,8,13
2020-09-27,US,New Jersey,Middlesex,19444,1425,0,40.43629879,-74.41426991,34023.0,2356.671377,7.328738942999999,18019,19379,1425,0,17954,19319,829685,65,0,0,65,60
2020-09-27,US,New Jersey,Monmouth,11827,867,0,40.26549699,-74.22240686,34025.0,1911.29534,7.330684027999999,10960,11778,867,0,10911,11726,621354,49,0,0,49,52
2020-09-27,US,New Jersey,Morris,7860,831,0,40.86095313,-74.54553709999999,34027.0,1598.064431,10.57251908,7029,7847,831,0,7016,7821,494228,13,0,0,13,26
2020-09-27,US,New Jersey,Ocean,13158,1048,0,39.8895449,-74.28089251,34029.0,2167.0460120000002,7.9647362820000005,12110,12903,1048,0,11855,12663,601651,255,0,0,255,240
2020-09-27,US,New Jersey,Passaic,19004,1254,0,41.03238628,-74.29954144,34031.0,3786.969986,6.598610819,17750,18982,1254,0,17728,18951,503310,22,0,0,22,31
2020-09-27,US,New Jersey,Salem,1064,89,0,39.58719656,-75.34696629999999,34033.0,1705.5381899999998,8.364661653999999,975,1062,89,0,973,1052,62607,2,0,0,2,10
2020-09-27,US,New Jersey,Somerset,5798,573,0,40.56465737,-74.61683016,34035.0,1762.663635,9.882718179,5225,5786,573,0,5213,5777,331164,12,0,0,12,9
2020-09-27,US,New Jersey,Sussex,1497,198,0,41.13891592,-74.69118243,34037.0,1065.5714369999998,13.22645291,1299,1490,198,0,1292,1480,140799,7,0,0,7,10
2020-09-27,US,New Jersey,Unassigned,336,0,0,0.0,0.0,90034.0,0.0,0.0,336,336,0,0,336,340,,0,0,0,0,-4
2020-09-27,US,New Jersey,Union,17641,1355,0,40.65835409,-74.30680092,34039.0,3170.8969859999997,7.680970467000001,16286,17602,1355,0,16247,17565,558067,39,0,0,39,37
2020-09-27,US,New Jersey,Warren,1441,171,0,40.85951833,-74.99556527,34041.0,1368.900035,11.866759199999999,1270,1438,171,0,1267,1435,105779,3,0,0,3,3
2020-09-27,US,New Mexico,Bernalillo,6452,177,0,35.05163625,-106.6703554,35001.0,950.0516107999999,2.7433354,6275,6422,177,0,6245,6381,678701,30,0,0,30,41
2020-09-27,US,New Mexico,Catron,9,1,0,33.91514144,-108.4046587,35003.0,255.17436919999997,11.11111111,8,9,1,0,8,9,3578,0,0,0,0,0
2020-09-27,US,New Mexico,Chaves,1159,12,0,33.36406072,-104.4665365,35005.0,1793.7011530000002,1.035375324,1147,1150,12,0,1138,1116,64689,9,0,0,9,34
2020-09-27,US,New Mexico,Cibola,422,21,0,34.91131525,-107.998876,35006.0,1582.005623,4.976303318,401,422,21,0,401,415,26746,0,0,0,0,7
2020-09-27,US,New Mexico,Colfax,36,1,0,36.60569702,-104.64726740000002,35007.0,301.48228789999996,2.777777778,35,30,1,0,29,30,12110,6,0,0,6,0
2020-09-27,US,New Mexico,Curry,790,6,0,34.57421077,-103.34688759999999,35009.0,1613.7598560000001,0.759493671,784,787,6,0,781,779,49437,3,0,0,3,8
2020-09-27,US,New Mexico,De Baca,1,0,0,34.34274529,-104.4117842,35011.0,57.20823799,0.0,1,1,0,0,1,1,1781,0,0,0,0,0
2020-09-27,US,New Mexico,Dona Ana,3343,55,0,32.35275771,-106.83293870000001,35013.0,1532.115768,1.645228836,3288,3324,55,0,3269,3285,217522,19,0,0,19,39
2020-09-27,US,New Mexico,Eddy,824,7,0,32.47167456,-104.3053527,35015.0,1409.510777,0.849514563,817,795,7,0,788,785,57900,29,0,0,29,10
2020-09-27,US,New Mexico,Grant,120,2,0,32.73911281,-108.3827845,35017.0,444.4773687,1.6666666669999999,118,120,2,0,118,120,27346,0,0,0,0,0
2020-09-27,US,New Mexico,Guadalupe,34,1,0,34.86319296,-104.790669,35019.0,790.6976744,2.9411764710000003,33,34,1,0,33,34,4341,0,0,0,0,0
2020-09-27,US,New Mexico,Harding,2,0,0,35.85751555,-103.82209379999999,35021.0,320.0,0.0,2,2,0,0,2,2,655,0,0,0,0,0
2020-09-27,US,New Mexico,Hidalgo,99,2,0,31.91383467,-108.7151824,35023.0,2358.265841,2.02020202,97,99,2,0,97,99,4240,0,0,0,0,0
2020-09-27,US,New Mexico,Lea,1412,22,0,32.79215361,-103.4123733,35025.0,1986.773603,1.558073654,1390,1394,22,0,1372,1382,69611,18,0,0,18,12
2020-09-27,US,New Mexico,Lincoln,211,3,0,33.74526079,-105.4586166,35027.0,1078.070713,1.421800948,208,211,3,0,208,208,19556,0,0,0,0,3
2020-09-27,US,New Mexico,Los Alamos,33,0,0,35.86631386,-106.31349850000001,35028.0,170.375342,0.0,33,33,0,0,33,33,19101,0,0,0,0,0
2020-09-27,US,New Mexico,Luna,419,6,0,32.18179341,-107.75088259999998,35029.0,1767.2613780000001,1.4319809069999998,413,419,6,0,413,418,23963,0,0,0,0,1
2020-09-27,US,New Mexico,McKinley,4322,257,0,35.580077200000005,-108.262245,35031.0,6056.020289,5.946321147999999,4065,4317,257,0,4060,4316,72290,5,0,0,5,1
2020-09-27,US,New Mexico,Mora,7,0,0,36.01095101,-104.9497716,35033.0,154.8330015,0.0,7,7,0,0,7,7,4506,0,0,0,0,0
2020-09-27,US,New Mexico,Otero,263,13,0,32.61348406,-105.7417604,35035.0,389.6873611,4.942965779,250,262,13,0,249,260,66781,1,0,0,1,2
2020-09-27,US,New Mexico,Quay,74,2,0,35.10403332,-103.54817270000001,35037.0,896.6436447000001,2.702702703,72,74,2,0,72,74,8253,0,0,0,0,0
2020-09-27,US,New Mexico,Rio Arriba,397,13,0,36.51072137,-106.69316740000001,35039.0,1020.014902,3.2745591939999996,384,395,13,0,382,391,39006,2,0,0,2,4
2020-09-27,US,New Mexico,Roosevelt,282,4,0,34.02097406,-103.4799493,35041.0,1524.324324,1.418439716,278,282,4,0,278,281,18743,0,0,0,0,1
2020-09-27,US,New Mexico,San Juan,3327,199,0,36.50838318,-108.32043700000001,35045.0,2683.973604,5.9813645929999995,3128,3321,199,0,3122,3307,125043,6,0,0,6,14
2020-09-27,US,New Mexico,San Miguel,100,0,0,35.48014807,-104.8163562,35047.0,366.6092312,0.0,100,100,0,0,100,98,27591,0,0,0,0,2
2020-09-27,US,New Mexico,Sandoval,1351,42,0,35.68862401,-106.86878030000001,35043.0,920.6258347999999,3.10880829,1309,1343,42,0,1301,1339,145179,8,0,0,8,4
2020-09-27,US,New Mexico,Santa Fe,1004,6,0,35.50708973,-105.9774716,35049.0,667.7396613,0.597609562,998,993,6,0,987,979,150056,11,0,0,11,14
2020-09-27,US,New Mexico,Sierra,46,1,0,33.13028233,-107.1925893,35051.0,426.2811602,2.173913043,45,46,1,0,45,45,10968,0,0,0,0,1
2020-09-27,US,New Mexico,Socorro,103,6,0,34.00715494,-106.9298354,35053.0,619.1020016,5.825242717999999,97,103,6,0,97,102,16735,0,0,0,0,1
2020-09-27,US,New Mexico,Taos,143,4,0,36.58006022,-105.63101979999999,35055.0,437.00149739999995,2.7972027969999997,139,141,4,0,137,139,32835,2,0,0,2,2
2020-09-27,US,New Mexico,Torrance,72,1,0,34.64048375,-105.8508949,35057.0,465.6878598,1.388888889,71,72,1,0,71,71,15591,0,0,0,0,1
2020-09-27,US,New Mexico,Unassigned,1378,0,0,0.0,0.0,90035.0,0.0,0.0,1378,1377,0,0,1377,1374,,1,0,0,1,3
2020-09-27,US,New Mexico,Union,31,2,0,36.48126404,-103.4709624,35059.0,763.7349101,6.451612902999999,29,31,2,0,29,31,4118,0,0,0,0,0
2020-09-27,US,New Mexico,Valencia,578,4,0,34.71669834,-106.8103733,35061.0,753.7033173,0.692041522,574,576,4,0,572,576,76456,2,0,0,2,0
2020-09-27,US,New York,Albany,3095,134,0,42.60060306,-73.97723916,36001.0,1013.073393,4.329563813,2961,3082,134,0,2948,3063,307117,13,0,0,13,19
2020-09-27,US,New York,Allegany,106,1,0,42.25748406,-78.02750466,36003.0,229.9798225,0.943396226,105,106,1,0,105,103,46430,0,0,0,0,3
2020-09-27,US,New York,Bronx,52920,4947,0,40.85209301,-73.86282755,36005.0,3731.4722039999997,9.348072562,47973,52872,4946,0,47926,52815,1432132,48,1,0,47,57
2020-09-27,US,New York,Broome,1572,82,0,42.15903158,-75.81326086,36007.0,825.2488346,5.216284987,1490,1550,82,0,1468,1513,191659,22,0,0,22,37
2020-09-27,US,New York,Cattaraugus,260,6,0,42.24778241,-78.67923096,36009.0,341.5794106,2.307692308,254,259,6,0,253,258,76840,1,0,0,1,1
2020-09-27,US,New York,Cayuga,215,2,0,42.91261714,-76.55731592,36011.0,280.7668199,0.9302325579999999,213,211,2,0,209,208,77145,4,0,0,4,3
2020-09-27,US,New York,Chautauqua,573,9,0,42.227692100000006,-79.36691763,36013.0,451.52596869999996,1.570680628,564,568,9,0,559,561,127939,5,0,0,5,7
2020-09-27,US,New York,Chemung,461,3,0,42.13891056,-76.7638805,36015.0,552.3868865000001,0.650759219,458,440,3,0,437,415,84254,21,0,0,21,25
2020-09-27,US,New York,Chenango,249,7,0,42.49430041,-75.60887553,36017.0,527.4641473,2.81124498,242,249,7,0,242,248,47536,0,0,0,0,1
2020-09-27,US,New York,Clinton,160,5,0,44.74530905,-73.67875352,36019.0,198.7948065,3.125,155,159,5,0,154,158,80695,1,0,0,1,1
2020-09-27,US,New York,Columbia,591,37,0,42.24819348,-73.63089095,36021.0,993.9287937,6.260575296,554,591,37,0,554,588,59916,0,0,0,0,3
2020-09-27,US,New York,Cortland,171,0,0,42.59509207,-76.07048931,36023.0,359.38715030000003,0.0,171,171,0,0,171,169,47823,0,0,0,0,2
2020-09-27,US,New York,Delaware,134,4,0,42.19837623,-74.96709306,36025.0,303.6139119,2.985074627,130,133,4,0,129,133,44527,1,0,0,1,0
2020-09-27,US,New York,Dutchess,5120,156,0,41.764860600000006,-73.74356679,36027.0,1740.2062420000002,3.046875,4964,5115,156,0,4959,5108,293718,5,0,0,5,7
2020-09-27,US,New York,Erie,11342,693,0,42.76249024,-78.73063652,36029.0,1234.567901,6.110033504,10649,11308,693,0,10615,11251,919719,34,0,0,34,57
2020-09-27,US,New York,Essex,167,0,0,44.11630765,-73.77297842,36031.0,452.7585739,0.0,167,167,0,0,167,164,37300,0,0,0,0,3
2020-09-27,US,New York,Franklin,66,0,0,44.59040891,-74.29926032,36033.0,131.9419455,0.0,66,66,0,0,66,66,50293,0,0,0,0,0
2020-09-27,US,New York,Fulton,335,24,0,43.11363907,-74.41798804,36035.0,627.5406028,7.164179104,311,334,24,0,310,333,53591,1,0,0,1,1
2020-09-27,US,New York,Genesee,321,5,0,43.0022601,-78.19135193,36037.0,560.4050279,1.557632399,316,319,5,0,314,317,57511,2,0,0,2,2
2020-09-27,US,New York,Greene,323,18,0,42.275797,-74.12384884,36039.0,684.4960583,5.572755418,305,323,18,0,305,323,47491,0,0,0,0,0
2020-09-27,US,New York,Hamilton,15,0,0,43.66146647,-74.49721957,36041.0,339.67391299999997,0.0,15,15,0,0,15,15,4434,0,0,0,0,0
2020-09-27,US,New York,Herkimer,334,10,0,43.42034246,-74.96145307,36043.0,544.6925097,2.9940119760000004,324,334,10,0,324,331,61833,0,0,0,0,3
2020-09-27,US,New York,Jefferson,170,0,0,44.04200959,-75.94653457,36045.0,154.7790302,0.0,170,167,0,0,167,167,111755,3,0,0,3,0
2020-09-27,US,New York,Kings,68279,7326,0,40.636182500000004,-73.94935552,36047.0,2667.2495010000002,10.72950688,60953,68095,7323,0,60772,67892,2582830,184,3,0,181,203
2020-09-27,US,New York,Lewis,50,0,0,43.784415700000004,-75.44903992,36049.0,190.1429875,0.0,50,50,0,0,50,50,26447,0,0,0,0,0
2020-09-27,US,New York,Livingston,207,8,0,42.72596275,-77.77966158,36051.0,329.02056780000004,3.8647343000000003,199,207,8,0,199,206,63227,0,0,0,0,1
2020-09-27,US,New York,Madison,493,17,0,42.91653905,-75.67266639,36053.0,694.9436856000001,3.448275862,476,493,17,0,476,492,70795,0,0,0,0,1
2020-09-27,US,New York,Monroe,6026,289,0,43.14638895,-77.69322942,36055.0,812.3811962999999,4.7958845000000005,5737,6002,289,0,5713,5985,742474,24,0,0,24,17
2020-09-27,US,New York,Montgomery,232,4,0,42.90123494,-74.44011632,36057.0,471.34353219999997,1.724137931,228,232,4,0,228,232,49455,0,0,0,0,0
2020-09-27,US,New York,Nassau,46643,2201,0,40.74066522,-73.58941873,36059.0,3437.4069590000004,4.718821688,44442,46576,2201,0,44375,46505,1358343,67,0,0,67,71
2020-09-27,US,New York,New York,33371,3176,0,40.767272600000005,-73.97152637,36061.0,2048.927185,9.517245512999999,30195,33335,3176,0,30159,33287,,36,0,0,36,48
2020-09-27,US,New York,Niagara,1777,101,0,43.19898042,-78.74777412,36063.0,849.0976247000001,5.683736635,1676,1773,101,0,1672,1766,210433,4,0,0,4,7
2020-09-27,US,New York,Oneida,2412,123,0,43.24375382,-75.43710392,36065.0,1054.790507,5.099502488,2289,2407,123,0,2284,2400,229577,5,0,0,5,7
2020-09-27,US,New York,Onondaga,4365,205,0,43.00491923,-76.19971155,36067.0,947.8251051000001,4.696449026,4160,4342,205,0,4137,4321,461809,23,0,0,23,21
2020-09-27,US,New York,Ontario,473,35,0,42.85145728,-77.30874425,36069.0,430.87349810000006,7.399577167,438,471,35,0,436,469,109864,2,0,0,2,2
2020-09-27,US,New York,Orange,12036,498,0,41.40337468,-74.30240757,36071.0,3126.721047,4.137587238,11538,12014,498,0,11516,11955,381951,22,0,0,22,59
2020-09-27,US,New York,Orleans,335,54,0,43.2516977,-78.2320066,36073.0,830.1942902000001,16.11940299,281,332,54,0,278,330,40612,3,0,0,3,2
2020-09-27,US,New York,Oswego,493,3,0,43.42778894,-76.14635194,36075.0,420.92141660000004,0.60851927,490,483,3,0,480,479,117898,10,0,0,10,4
2020-09-27,US,New York,Otsego,338,5,0,42.63492579,-75.03151402,36077.0,568.1340662,1.479289941,333,338,5,0,333,335,59749,0,0,0,0,3
2020-09-27,US,New York,Putnam,1599,63,0,41.42630093,-73.74965532,36079.0,1626.3222130000001,3.939962477,1536,1597,63,0,1534,1594,98892,2,0,0,2,3
2020-09-27,US,New York,Queens,72233,7248,0,40.71088124,-73.81684712,36081.0,3204.860288,10.034194900000001,64985,72142,7247,0,64895,72051,2278906,91,1,0,90,91
2020-09-27,US,New York,Rensselaer,911,42,0,42.71348136,-73.51089874,36083.0,573.988432,4.610318332,869,908,42,0,866,905,159442,3,0,0,3,3
2020-09-27,US,New York,Richmond,15890,1086,0,40.58582155,-74.14808598,36085.0,3337.2327219999997,6.8344870989999995,14804,15867,1086,0,14781,15837,476179,23,0,0,23,30
2020-09-27,US,New York,Rockland,15167,675,0,41.15027894,-74.02560498,36087.0,4655.467189,4.4504516380000005,14492,15100,675,0,14425,15045,325695,67,0,0,67,55
2020-09-27,US,New York,Saratoga,1044,17,0,43.10904162,-73.86653895,36091.0,454.1835789,1.62835249,1027,1036,17,0,1019,1031,230163,8,0,0,8,5
2020-09-27,US,New York,Schenectady,1402,48,0,42.81668777,-74.05278291,36093.0,902.7746476,3.423680456,1354,1399,48,0,1351,1398,155350,3,0,0,3,1
2020-09-27,US,New York,Schoharie,85,0,0,42.58831742,-74.44339029999999,36095.0,274.20239360000005,0.0,85,84,0,0,84,83,31097,1,0,0,1,1
2020-09-27,US,New York,Schuyler,41,0,0,42.39184015,-76.8773299,36097.0,230.24653230000004,0.0,41,41,0,0,41,41,17912,0,0,0,0,0
2020-09-27,US,New York,Seneca,106,3,0,42.78081007,-76.82497064,36099.0,311.61806210000003,2.830188679,103,106,3,0,103,106,34300,0,0,0,0,0
2020-09-27,US,New York,St. Lawrence,322,4,0,44.4976179,-75.06550039,36089.0,298.8676443,1.242236025,318,322,4,0,318,322,108047,0,0,0,0,0
2020-09-27,US,New York,Steuben,416,42,0,42.2689144,-77.3829924,36101.0,436.1547091,10.09615385,374,404,42,0,362,387,95796,12,0,0,12,17
2020-09-27,US,New York,Suffolk,46387,2011,0,40.88320119,-72.8012172,36103.0,3141.471528,4.335266346,44376,46345,2011,0,44334,46293,1481093,42,0,0,42,52
2020-09-27,US,New York,Sullivan,1591,48,0,41.71579493,-74.76394559,36105.0,2109.1844309999997,3.016970459,1543,1583,48,0,1535,1581,75498,8,0,0,8,2
2020-09-27,US,New York,Tioga,235,25,0,42.16852837,-76.30835812,36107.0,487.5215236,10.63829787,210,234,25,0,209,229,48560,1,0,0,1,5
2020-09-27,US,New York,Tompkins,413,0,0,42.44945765,-76.47229843,36109.0,404.18868660000004,0.0,413,409,0,0,409,408,102793,4,0,0,4,1
2020-09-27,US,New York,Ulster,2260,95,0,41.89027881,-74.26252104,36111.0,1272.7160099999999,4.203539823,2165,2256,95,0,2161,2255,178599,4,0,0,4,1
2020-09-27,US,New York,Unassigned,0,18,0,0.0,0.0,90036.0,0.0,0.0,-18,0,17,0,-17,0,,0,1,0,-1,0
2020-09-27,US,New York,Warren,381,33,0,43.56173026,-73.8433699,36113.0,595.8338546,8.661417323,348,377,33,0,344,371,64265,4,0,0,4,6
2020-09-27,US,New York,Washington,296,14,0,43.31153794,-73.43043448,36115.0,483.628521,4.72972973,282,296,14,0,282,294,61197,0,0,0,0,2
2020-09-27,US,New York,Wayne,318,5,0,43.15494365,-77.02976528,36117.0,353.6555528,1.5723270440000001,313,316,5,0,311,315,90064,2,0,0,2,1
2020-09-27,US,New York,Westchester,38098,1454,0,41.16278376,-73.75741653,36119.0,3937.753358,3.8164733060000002,36644,38051,1454,0,36597,38001,967612,47,0,0,47,50
2020-09-27,US,New York,Wyoming,137,5,0,42.70145109,-78.22199579,36121.0,343.71158330000003,3.6496350360000003,132,136,5,0,131,135,40085,1,0,0,1,1
2020-09-27,US,New York,Yates,64,7,0,42.63505484,-77.10369919,36123.0,256.8939911,10.9375,57,62,7,0,55,62,24841,2,0,0,2,0
2020-09-27,US,North Carolina,Alamance,3934,54,0,36.0434701,-79.39976137,37001.0,2320.8207230000003,1.3726487040000002,3880,3916,54,0,3862,3881,166436,18,0,0,18,35
2020-09-27,US,North Carolina,Alexander,526,7,0,35.922379600000006,-81.17751948,37003.0,1402.7788890000002,1.330798479,519,522,7,0,515,516,37353,4,0,0,4,6
2020-09-27,US,North Carolina,Alleghany,231,0,0,36.49360862,-81.12857041,37005.0,2074.1671899999997,0.0,231,229,0,0,229,226,11161,2,0,0,2,3
2020-09-27,US,North Carolina,Anson,602,4,0,34.97403241,-80.09953279,37007.0,2462.570564,0.664451827,598,597,4,0,593,577,24877,5,0,0,5,20
2020-09-27,US,North Carolina,Ashe,268,1,0,36.43296207,-81.49862729,37009.0,985.1854574999999,0.37313432799999996,267,268,1,0,267,266,27109,0,0,0,0,2
2020-09-27,US,North Carolina,Avery,356,0,0,36.07569796,-81.92308483,37011.0,2027.6812670000002,0.0,356,355,0,0,355,348,17505,1,0,0,1,7
2020-09-27,US,North Carolina,Beaufort,956,23,0,35.48531943,-76.84325809,37013.0,2034.302251,2.405857741,933,944,23,0,921,918,47079,12,0,0,12,26
2020-09-27,US,North Carolina,Bertie,588,8,0,36.0688473,-76.96545943,37015.0,3103.393677,1.360544218,580,583,8,0,575,577,19026,5,0,0,5,6
2020-09-27,US,North Carolina,Bladen,906,15,0,34.61296243,-78.56180059,37017.0,2768.779414,1.655629139,891,896,15,0,881,893,33190,10,0,0,10,3
2020-09-27,US,North Carolina,Brunswick,1639,27,0,34.070565,-78.22814204,37019.0,1147.598376,1.6473459430000001,1612,1636,27,0,1609,1622,136744,3,0,0,3,14
2020-09-27,US,North Carolina,Buncombe,3125,82,0,35.61113393,-82.53305,37021.0,1196.44245,2.6239999999999997,3043,3101,82,0,3019,3081,259103,24,0,0,24,20
2020-09-27,US,North Carolina,Burke,2120,38,0,35.74989637,-81.70755735,37023.0,2342.929767,1.79245283,2082,2110,38,0,2072,2104,90382,10,0,0,10,6
2020-09-27,US,North Carolina,Cabarrus,4035,69,0,35.3877799,-80.55267168,37025.0,1864.146027,1.710037175,3966,3999,69,0,3930,3966,211342,36,0,0,36,33
2020-09-27,US,North Carolina,Caldwell,1664,18,0,35.95204977,-81.54799522,37027.0,2024.8728370000001,1.081730769,1646,1657,18,0,1639,1653,82029,7,0,0,7,4
2020-09-27,US,North Carolina,Camden,115,3,0,36.33804939,-76.15568396,37029.0,1058.249747,2.6086956519999998,112,114,3,0,111,113,10710,1,0,0,1,1
2020-09-27,US,North Carolina,Carteret,708,5,0,34.8932941,-76.54120135,37031.0,1019.1009460000001,0.7062146890000001,703,694,5,0,689,677,69524,14,0,0,14,17
2020-09-27,US,North Carolina,Caswell,358,4,0,36.39312665,-79.33353281,37033.0,1583.7904800000001,1.117318436,354,352,4,0,348,349,22698,6,0,0,6,3
2020-09-27,US,North Carolina,Catawba,3173,52,0,35.66211129,-81.2132617,37035.0,1988.705806,1.6388276080000002,3121,3152,52,0,3100,3129,158652,21,0,0,21,23
2020-09-27,US,North Carolina,Chatham,1672,57,0,35.70394416,-79.25541492,37037.0,2245.199409,3.4090909089999997,1615,1669,57,0,1612,1654,73139,3,0,0,3,15
2020-09-27,US,North Carolina,Cherokee,625,12,0,35.1349263,-84.05970864,37039.0,2184.398155,1.92,613,619,12,0,607,614,28383,6,0,0,6,5
2020-09-27,US,North Carolina,Chowan,356,3,0,36.12908077,-76.60118385,37041.0,2553.252528,0.8426966290000001,353,349,3,0,346,346,14029,7,0,0,7,3
2020-09-27,US,North Carolina,Clay,118,2,0,35.05704275,-83.74353633,37043.0,1050.663343,1.694915254,116,117,2,0,115,116,11139,1,0,0,1,1
2020-09-27,US,North Carolina,Cleveland,2224,62,0,35.33553364,-81.55204486,37045.0,2270.615741,2.787769784,2162,2202,62,0,2140,2176,97645,22,0,0,22,26
2020-09-27,US,North Carolina,Columbus,1374,57,0,34.26744084,-78.65801424,37047.0,2475.318873,4.148471616,1317,1368,57,0,1311,1357,55655,6,0,0,6,11
2020-09-27,US,North Carolina,Craven,1634,34,0,35.11833364,-77.08398081,37049.0,1599.780691,2.0807833540000003,1600,1629,34,0,1595,1591,102912,5,0,0,5,38
2020-09-27,US,North Carolina,Cumberland,5500,76,0,35.04762133,-78.82623165,37051.0,1639.300287,1.381818182,5424,5446,76,0,5370,5389,332330,54,0,0,54,57
2020-09-27,US,North Carolina,Currituck,184,3,0,36.36123664,-75.95876401,37053.0,662.7525843999999,1.630434783,181,182,3,0,179,182,27072,2,0,0,2,0
2020-09-27,US,North Carolina,Dare,273,3,0,35.66520691,-75.71767334,37055.0,737.6584074,1.098901099,270,271,3,0,268,271,36501,2,0,0,2,0
2020-09-27,US,North Carolina,Davidson,2761,34,0,35.79115496,-80.21256572,37057.0,1647.286244,1.231437885,2727,2743,34,0,2709,2714,166614,18,0,0,18,29
2020-09-27,US,North Carolina,Davie,561,6,0,35.93099927,-80.54496571,37059.0,1309.3404289999999,1.069518717,555,559,6,0,553,553,42733,2,0,0,2,6
2020-09-27,US,North Carolina,Duplin,2379,53,0,34.93449805,-77.93140529,37061.0,4049.982125,2.227826818,2326,2377,53,0,2324,2372,58856,2,0,0,2,5
2020-09-27,US,North Carolina,Durham,7741,94,0,36.03638492,-78.87608331,37063.0,2407.865923,1.2143133959999999,7647,7708,94,0,7614,7666,316739,33,0,0,33,42
2020-09-27,US,North Carolina,Edgecombe,1362,47,0,35.91230639,-77.59436892,37065.0,2646.09885,3.4508076360000004,1315,1349,47,0,1302,1342,52005,13,0,0,13,7
2020-09-27,US,North Carolina,Forsyth,7023,101,0,36.12859861,-80.25459052,37067.0,1837.0630010000002,1.438131852,6922,6992,101,0,6891,6956,379099,31,0,0,31,36
2020-09-27,US,North Carolina,Franklin,1210,31,0,36.081519,-78.28708884,37069.0,1736.385162,2.561983471,1179,1207,31,0,1176,1207,67560,3,0,0,3,0
2020-09-27,US,North Carolina,Gaston,5162,83,0,35.29373559,-81.17477045,37071.0,2299.034869,1.6079039130000001,5079,5125,82,0,5043,5087,222846,37,1,0,36,38
2020-09-27,US,North Carolina,Gates,142,3,0,36.44667547,-76.69749701,37073.0,1228.161218,2.1126760559999997,139,139,3,0,136,138,11573,3,0,0,3,1
2020-09-27,US,North Carolina,Graham,155,3,0,35.3506925,-83.83369267,37075.0,1836.275323,1.935483871,152,154,3,0,151,143,8484,1,0,0,1,11
2020-09-27,US,North Carolina,Granville,1731,50,0,36.30337451,-78.65184241,37077.0,2863.8552019999997,2.888503755,1681,1723,50,0,1673,1715,60115,8,0,0,8,8
2020-09-27,US,North Carolina,Greene,604,5,0,35.48544173,-77.67578087,37079.0,2866.7710850000003,0.82781457,599,601,5,0,596,593,21012,3,0,0,3,8
2020-09-27,US,North Carolina,Guilford,8597,180,0,36.07959451,-79.78824948,37081.0,1600.412529,2.093753635,8417,8541,180,0,8361,8437,533670,56,0,0,56,104
2020-09-27,US,North Carolina,Halifax,1025,19,0,36.25669272,-77.6556109,37083.0,2049.590082,1.8536585369999998,1006,1022,19,0,1003,1006,50574,3,0,0,3,16
2020-09-27,US,North Carolina,Harnett,2244,53,0,35.36731853,-78.87243571,37085.0,1650.291228,2.361853832,2191,2226,53,0,2173,2210,134214,18,0,0,18,16
2020-09-27,US,North Carolina,Haywood,609,31,0,35.55269063,-82.98196486,37087.0,977.2614214,5.090311987,578,607,31,0,576,603,61971,2,0,0,2,4
2020-09-27,US,North Carolina,Henderson,2021,64,0,35.33788927,-82.4766782,37089.0,1721.2158379999998,3.166749134,1957,2005,64,0,1941,1994,116748,16,0,0,16,11
2020-09-27,US,North Carolina,Hertford,754,30,0,36.3607755,-76.98104134,37091.0,3184.525067,3.978779841,724,747,30,0,717,744,23659,7,0,0,7,3
2020-09-27,US,North Carolina,Hoke,1167,17,0,35.01888303,-79.23651674,37093.0,2112.829055,1.45672665,1150,1153,17,0,1136,1138,54764,14,0,0,14,15
2020-09-27,US,North Carolina,Hyde,126,5,0,35.42017674,-76.15180542,37095.0,2552.15718,3.968253968,121,125,5,0,120,126,5230,1,0,0,1,-1
2020-09-27,US,North Carolina,Iredell,3080,32,0,35.80950511,-80.8743128,37097.0,1694.113506,1.0389610390000001,3048,3068,32,0,3036,3045,178435,12,0,0,12,23
2020-09-27,US,North Carolina,Jackson,653,7,0,35.28814273,-83.14093385,37099.0,1486.1850789999999,1.071975498,646,648,7,0,641,638,43327,5,0,0,5,10
2020-09-27,US,North Carolina,Johnston,4521,56,0,35.51745004,-78.36622717,37101.0,2159.654914,1.238664012,4465,4480,56,0,4424,4460,202675,41,0,0,41,20
2020-09-27,US,North Carolina,Jones,158,11,0,35.02254606,-77.35870791,37103.0,1677.460452,6.962025316,147,157,11,0,146,157,9637,1,0,0,1,0
2020-09-27,US,North Carolina,Lee,1640,14,0,35.47623147,-79.17569362,37105.0,2654.623739,0.853658537,1626,1635,14,0,1621,1631,61452,5,0,0,5,4
2020-09-27,US,North Carolina,Lenoir,1011,32,0,35.240325899999995,-77.64245615,37107.0,1807.002806,3.1651829869999997,979,1005,32,0,973,996,55976,6,0,0,6,9
2020-09-27,US,North Carolina,Lincoln,1625,14,0,35.48508185,-81.21740317,37109.0,1887.099209,0.8615384620000001,1611,1599,14,0,1585,1575,83770,26,0,0,26,24
2020-09-27,US,North Carolina,Macon,598,2,0,35.14867843,-83.41696617,37113.0,1667.6892189999999,0.334448161,596,596,2,0,594,593,35285,2,0,0,2,3
2020-09-27,US,North Carolina,Madison,105,1,0,35.85402722,-82.71346418,37115.0,482.6476672,0.9523809520000001,104,103,1,0,102,99,21763,2,0,0,2,4
2020-09-27,US,North Carolina,Martin,460,10,0,35.84326734,-77.10860251,37117.0,2049.9108730000003,2.173913043,450,456,10,0,446,453,22671,4,0,0,4,3
2020-09-27,US,North Carolina,McDowell,986,26,0,35.67736232,-82.0482425,37111.0,2154.908646,2.636916836,960,979,26,0,953,972,45507,7,0,0,7,7
2020-09-27,US,North Carolina,Mecklenburg,28708,352,0,35.24469268,-80.8317671,37119.0,2585.47709,1.226139055,28356,28579,352,0,28227,28416,1093901,129,0,0,129,163
2020-09-27,US,North Carolina,Mitchell,157,3,0,36.01059309,-82.1582442,37121.0,1049.18471,1.910828025,154,151,3,0,148,150,15000,6,0,0,6,1
2020-09-27,US,North Carolina,Montgomery,1049,30,0,35.33155144,-79.90416657,37123.0,3860.4497109999998,2.85986654,1019,1047,30,0,1017,1042,27271,2,0,0,2,5
2020-09-27,US,North Carolina,Moore,1664,29,0,35.30885257,-79.48474178,37125.0,1649.484536,1.7427884619999998,1635,1651,29,0,1622,1630,98682,13,0,0,13,21
2020-09-27,US,North Carolina,Nash,2343,39,0,35.96575634,-77.98422508,37127.0,2484.676239,1.66453265,2304,2332,39,0,2293,2295,94016,11,0,0,11,37
2020-09-27,US,North Carolina,New Hanover,4293,30,0,34.25758282,-77.87075626,37129.0,1830.914434,0.69881202,4263,4268,30,0,4238,4231,232274,25,0,0,25,37
2020-09-27,US,North Carolina,Northampton,452,17,0,36.41736238,-77.39769443,37131.0,2319.971257,3.761061947,435,450,17,0,433,449,19676,2,0,0,2,1
2020-09-27,US,North Carolina,Onslow,2193,25,0,34.72607366,-77.42908179,37133.0,1107.922683,1.13999088,2168,2180,25,0,2155,2151,197683,13,0,0,13,29
2020-09-27,US,North Carolina,Orange,2663,55,0,36.06092947,-79.12167935,37135.0,1793.555861,2.0653398419999998,2608,2653,55,0,2598,2636,146027,10,0,0,10,17
2020-09-27,US,North Carolina,Pamlico,270,2,0,35.15253315,-76.66559823,37137.0,2121.640736,0.740740741,268,269,2,0,267,267,12670,1,0,0,1,2
2020-09-27,US,North Carolina,Pasquotank,707,30,0,36.26723798,-76.25134778,37139.0,1775.31137,4.243281471,677,700,30,0,670,695,39639,7,0,0,7,5
2020-09-27,US,North Carolina,Pender,967,5,0,34.52265624,-77.90352133,37141.0,1533.460197,0.5170630820000001,962,956,5,0,951,940,62162,11,0,0,11,16
2020-09-27,US,North Carolina,Perquimans,187,3,0,36.17847453,-76.40603143,37143.0,1388.992052,1.604278075,184,187,3,0,184,186,13422,0,0,0,0,1
2020-09-27,US,North Carolina,Person,436,7,0,36.38989032,-78.97217358,37145.0,1104.076982,1.605504587,429,430,7,0,423,427,39507,6,0,0,6,3
2020-09-27,US,North Carolina,Pitt,4918,29,0,35.59535426,-77.37353178,37147.0,2721.005632,0.589670598,4889,4895,29,0,4866,4852,179914,23,0,0,23,43
2020-09-27,US,North Carolina,Polk,313,11,0,35.27820615,-82.16812354,37149.0,1510.326192,3.514376997,302,311,11,0,300,308,20611,2,0,0,2,3
2020-09-27,US,North Carolina,Randolph,2834,52,0,35.71015088,-79.80570339,37151.0,1972.6172329999997,1.834862385,2782,2821,52,0,2769,2809,143351,13,0,0,13,12
2020-09-27,US,North Carolina,Richmond,1013,16,0,35.00417719,-79.74491009,37153.0,2259.697963,1.57946693,997,1010,16,0,994,995,44887,3,0,0,3,15
2020-09-27,US,North Carolina,Robeson,4530,75,0,34.64244496,-79.10250529999999,37155.0,3467.9425840000004,1.655629139,4455,4484,75,0,4409,4455,131831,46,0,0,46,29
2020-09-27,US,North Carolina,Rockingham,1257,14,0,36.39593137,-79.77504841,37157.0,1381.166905,1.1137629279999999,1243,1242,14,0,1228,1207,90690,15,0,0,15,35
2020-09-27,US,North Carolina,Rowan,3369,97,0,35.64003916,-80.52446628,37159.0,2371.065818,2.8791926389999998,3272,3354,97,0,3257,3325,141262,15,0,0,15,29
2020-09-27,US,North Carolina,Rutherford,1197,33,0,35.40114178,-81.92112099,37161.0,1785.7942079999998,2.756892231,1164,1183,33,0,1150,1160,66826,14,0,0,14,23
2020-09-27,US,North Carolina,Sampson,2238,28,0,34.98820368,-78.36914061,37163.0,3522.689711,1.251117069,2210,2224,28,0,2196,2200,63626,14,0,0,14,24
2020-09-27,US,North Carolina,Scotland,1167,13,0,34.8386299,-79.4757978,37165.0,3351.23338,1.113967438,1154,1154,13,0,1141,1095,34810,13,0,0,13,59
2020-09-27,US,North Carolina,Stanly,1956,56,0,35.31647813,-80.25093221,37167.0,3114.352132,2.862985685,1900,1946,56,0,1890,1891,62075,10,0,0,10,55
2020-09-27,US,North Carolina,Stokes,441,3,0,36.4017975,-80.23893369,37169.0,967.2961769,0.680272109,438,431,3,0,428,424,45467,10,0,0,10,7
2020-09-27,US,North Carolina,Surry,1323,23,0,36.41689489,-80.69102283,37171.0,1843.0547620000002,1.738473167,1300,1316,23,0,1293,1313,71948,7,0,0,7,3
2020-09-27,US,North Carolina,Swain,144,3,0,35.48665845,-83.48748932,37173.0,1009.03931,2.083333333,141,144,3,0,141,142,14245,0,0,0,0,2
2020-09-27,US,North Carolina,Transylvania,330,7,0,35.20383864,-82.79638423,37175.0,959.7208085000001,2.121212121,323,330,7,0,323,329,34215,0,0,0,0,1
2020-09-27,US,North Carolina,Tyrrell,116,3,0,35.87147226,-76.17055253,37177.0,2888.446215,2.586206897,113,116,3,0,113,116,4131,0,0,0,0,0
2020-09-27,US,North Carolina,Union,4799,59,0,34.98960527,-80.52955873,37179.0,2000.758779,1.229422796,4740,4778,59,0,4719,4750,235908,21,0,0,21,28
2020-09-27,US,North Carolina,Vance,1042,44,0,36.36880673,-78.40670845,37181.0,2339.732794,4.222648752,998,1039,44,0,995,1032,44582,3,0,0,3,7
2020-09-27,US,North Carolina,Wake,17596,242,0,35.78879266,-78.65249174,37183.0,1582.71427,1.375312571,17354,17485,242,0,17243,17416,1092305,111,0,0,111,69
2020-09-27,US,North Carolina,Warren,344,7,0,36.39728256,-78.10652228,37185.0,1743.4493940000002,2.034883721,337,338,7,0,331,338,19807,6,0,0,6,0
2020-09-27,US,North Carolina,Washington,208,8,0,35.83810081,-76.57299037,37187.0,1796.200345,3.8461538460000004,200,208,8,0,200,209,11859,0,0,0,0,-1
2020-09-27,US,North Carolina,Watauga,841,1,0,36.23103603,-81.70033724,37189.0,1497.053954,0.118906064,840,830,1,0,829,816,55945,11,0,0,11,14
2020-09-27,US,North Carolina,Wayne,3381,67,0,35.36438125,-78.00027268,37191.0,2745.8560399999997,1.98166223,3314,3366,67,0,3299,3336,123248,15,0,0,15,30
2020-09-27,US,North Carolina,Wilkes,1234,33,0,36.2084135,-81.16232895,37193.0,1803.7771149999999,2.6742301459999998,1201,1224,33,0,1191,1201,68557,10,0,0,10,23
2020-09-27,US,North Carolina,Wilson,2240,49,0,35.70625477,-77.917978,37195.0,2738.352832,2.1875,2191,2219,49,0,2170,2196,81455,21,0,0,21,23
2020-09-27,US,North Carolina,Yadkin,742,8,0,36.16222629,-80.66239436,37197.0,1969.8940719999998,1.078167116,734,741,8,0,733,736,37543,1,0,0,1,5
2020-09-27,US,North Carolina,Yancey,212,0,0,35.90079156,-82.31237181,37199.0,1173.280204,0.0,212,212,0,0,212,209,17903,0,0,0,0,3
2020-09-27,US,North Dakota,Adams,21,0,0,46.09686891,-102.5285397,38001.0,947.6534296,0.0,21,21,0,0,21,20,2294,0,0,0,0,1
2020-09-27,US,North Dakota,Barnes,235,0,0,46.93579637,-98.06605978,38003.0,2256.361018,0.0,235,233,0,0,233,228,10542,2,0,0,2,5
2020-09-27,US,North Dakota,Benson,343,6,0,48.0683985,-99.35916363,38005.0,5020.491803,1.7492711369999998,337,340,6,0,334,340,6962,3,0,0,3,0
2020-09-27,US,North Dakota,Billings,18,0,0,47.02366884,-103.3762965,38007.0,1939.655172,0.0,18,17,0,0,17,15,919,1,0,0,1,2
2020-09-27,US,North Dakota,Bottineau,81,4,0,48.79106111,-100.8378166,38009.0,1289.398281,4.938271605,77,70,2,0,68,65,6411,11,2,0,9,5
2020-09-27,US,North Dakota,Bowman,38,0,0,46.11285362,-103.5203343,38011.0,1256.613757,0.0,38,38,0,0,38,36,3076,0,0,0,0,2
2020-09-27,US,North Dakota,Burke,33,1,0,48.79094471,-102.51821170000001,38013.0,1560.283688,3.03030303,32,33,1,0,32,33,2100,0,0,0,0,0
2020-09-27,US,North Dakota,Burleigh,3582,43,0,46.97847375,-100.46452140000001,38015.0,3745.843181,1.200446678,3539,3525,43,0,3482,3434,95273,57,0,0,57,91
2020-09-27,US,North Dakota,Cass,5122,77,0,46.93201724,-97.24447190000001,38017.0,2815.476878,1.5033190159999998,5045,5064,77,0,4987,4984,181516,58,0,0,58,80
2020-09-27,US,North Dakota,Cavalier,55,0,0,48.77286211,-98.46685243,38019.0,1461.988304,0.0,55,54,0,0,54,53,3829,1,0,0,1,1
2020-09-27,US,North Dakota,Dickey,70,0,0,46.11017712,-98.50490079999999,38021.0,1436.781609,0.0,70,65,0,0,65,62,4903,5,0,0,5,3
2020-09-27,US,North Dakota,Divide,7,0,0,48.814938700000006,-103.48736109999999,38023.0,309.1872792,0.0,7,7,0,0,7,7,2283,0,0,0,0,0
2020-09-27,US,North Dakota,Dunn,105,1,0,47.35423935,-102.61604679999999,38025.0,2373.4177219999997,0.9523809520000001,104,101,1,0,100,100,4332,4,0,0,4,1
2020-09-27,US,North Dakota,Eddy,84,3,0,47.71701474,-98.90432337,38027.0,3672.933975,3.571428571,81,83,3,0,80,79,2313,1,0,0,1,4
2020-09-27,US,North Dakota,Emmons,169,1,0,46.28398398,-100.2389766,38029.0,5214.439988,0.591715976,168,150,1,0,149,149,3295,19,0,0,19,1
2020-09-27,US,North Dakota,Foster,63,0,0,47.457108399999996,-98.88279923,38031.0,1962.616822,0.0,63,62,0,0,62,61,3216,1,0,0,1,1
2020-09-27,US,North Dakota,Golden Valley,45,0,0,46.94022281,-103.8465421,38033.0,2555.366269,0.0,45,44,0,0,44,43,1769,1,0,0,1,1
2020-09-27,US,North Dakota,Grand Forks,2233,13,0,47.92093639,-97.45450447,38035.0,3215.216484,0.582176444,2220,2211,13,0,2198,2196,70770,22,0,0,22,15
2020-09-27,US,North Dakota,Grant,21,0,0,46.35821257,-101.63900129999999,38037.0,923.4828495999999,0.0,21,19,0,0,19,17,2374,2,0,0,2,2
2020-09-27,US,North Dakota,Griggs,58,1,0,47.45785838,-98.23850925,38039.0,2599.7310620000003,1.724137931,57,57,1,0,56,57,2232,1,0,0,1,0
2020-09-27,US,North Dakota,Hettinger,64,0,0,46.43375068,-102.4632417,38041.0,2561.02441,0.0,64,63,0,0,63,59,2514,1,0,0,1,4
2020-09-27,US,North Dakota,Kidder,51,0,0,46.97830064,-99.77507857,38043.0,2056.4516129999997,0.0,51,48,0,0,48,43,2450,3,0,0,3,5
2020-09-27,US,North Dakota,LaMoure,63,0,0,46.45681054,-98.53542355,38045.0,1557.093426,0.0,63,60,0,0,60,53,4062,3,0,0,3,7
2020-09-27,US,North Dakota,Logan,59,0,0,46.45729487,-99.47719806,38047.0,3189.189189,0.0,59,56,0,0,56,45,1903,3,0,0,3,11
2020-09-27,US,North Dakota,McHenry,62,1,0,48.23104458,-100.6324822,38049.0,1079.199304,1.612903226,61,61,1,0,60,59,5816,1,0,0,1,2
2020-09-27,US,North Dakota,McIntosh,68,3,0,46.11182017,-99.44145858,38051.0,2723.267922,4.4117647060000005,65,68,3,0,65,61,2585,0,0,0,0,7
2020-09-27,US,North Dakota,McKenzie,232,2,0,47.741333700000006,-103.395905,38053.0,1544.195953,0.8620689659999999,230,226,2,0,224,219,13632,6,0,0,6,7
2020-09-27,US,North Dakota,McLean,272,3,0,47.60766714,-101.3182418,38055.0,2878.3068780000003,1.1029411759999999,269,269,3,0,266,266,9541,3,0,0,3,3
2020-09-27,US,North Dakota,Mercer,144,0,0,47.31213126,-101.8318399,38057.0,1758.886039,0.0,144,143,0,0,143,140,8267,1,0,0,1,3
2020-09-27,US,North Dakota,Morton,1257,24,0,46.71681782,-101.2822377,38059.0,4007.7796200000003,1.909307876,1233,1248,24,0,1224,1220,31095,9,0,0,9,28
2020-09-27,US,North Dakota,Mountrail,254,2,0,48.20197971,-102.3555315,38061.0,2408.724514,0.787401575,252,249,2,0,247,242,10218,5,0,0,5,7
2020-09-27,US,North Dakota,Nelson,57,0,0,47.9226426,-98.19038437,38063.0,1979.854116,0.0,57,54,0,0,54,48,2869,3,0,0,3,6
2020-09-27,US,North Dakota,Oliver,21,0,0,47.11530482,-101.3406158,38065.0,1071.975498,0.0,21,21,0,0,21,20,1952,0,0,0,0,1
2020-09-27,US,North Dakota,Pembina,84,0,0,48.76623521,-97.5523809,38067.0,1235.112483,0.0,84,78,0,0,78,72,6947,6,0,0,6,6
2020-09-27,US,North Dakota,Pierce,32,0,0,48.24977025,-99.96407787,38069.0,805.0314465,0.0,32,32,0,0,32,31,4081,0,0,0,0,1
2020-09-27,US,North Dakota,Ramsey,239,2,0,48.26886249,-98.72223879,38071.0,2074.8328850000003,0.8368200840000001,237,219,2,0,217,207,11481,20,0,0,20,12
2020-09-27,US,North Dakota,Ransom,82,0,0,46.45621782,-97.65742504,38073.0,1571.483327,0.0,82,80,0,0,80,80,5237,2,0,0,2,0
2020-09-27,US,North Dakota,Renville,66,1,0,48.71982533,-101.6603912,38075.0,2836.269875,1.515151515,65,60,1,0,59,57,2374,6,0,0,6,3
2020-09-27,US,North Dakota,Richland,238,1,0,46.26440649,-96.94852979,38077.0,1471.2245779999998,0.42016806700000003,237,236,1,0,235,227,16239,2,0,0,2,9
2020-09-27,US,North Dakota,Rolette,184,4,0,48.77245354,-99.84097493,38079.0,1297.968397,2.173913043,180,180,4,0,176,175,14301,4,0,0,4,5
2020-09-27,US,North Dakota,Sargent,74,0,0,46.10830372,-97.63217159,38081.0,1898.409441,0.0,74,73,0,0,73,71,3870,1,0,0,1,2
2020-09-27,US,North Dakota,Sheridan,12,0,0,47.57700669,-100.3426391,38083.0,912.5475285,0.0,12,11,0,0,11,10,1349,1,0,0,1,1
2020-09-27,US,North Dakota,Sioux,150,3,0,46.11323337,-101.04401490000001,38085.0,3546.0992909999995,2.0,147,149,3,0,146,147,4358,1,0,0,1,2
2020-09-27,US,North Dakota,Slope,7,0,0,46.44737738,-103.4601547,38087.0,933.3333332999998,0.0,7,7,0,0,7,7,763,0,0,0,0,0
2020-09-27,US,North Dakota,Stark,1616,14,0,46.80851182,-102.65763259999999,38089.0,5131.9508399999995,0.866336634,1602,1585,13,0,1572,1523,30997,31,1,0,30,62
2020-09-27,US,North Dakota,Steele,28,0,0,47.45611548,-97.72728747,38091.0,1481.481481,0.0,28,28,0,0,28,28,1903,0,0,0,0,0
2020-09-27,US,North Dakota,Stutsman,512,3,0,46.97962541,-98.95637318,38093.0,2472.952087,0.5859375,509,510,3,0,507,505,20917,2,0,0,2,5
2020-09-27,US,North Dakota,Towner,19,0,0,48.68565745,-99.24564265,38095.0,867.9762448999999,0.0,19,18,0,0,18,18,2192,1,0,0,1,0
2020-09-27,US,North Dakota,Traill,119,0,0,47.45367788,-97.16323288,38097.0,1480.836237,0.0,119,118,0,0,118,115,8037,1,0,0,1,3
2020-09-27,US,North Dakota,Walsh,192,1,0,48.36876964,-97.72574783,38099.0,1804.3416969999998,0.520833333,191,191,1,0,190,185,10667,1,0,0,1,6
2020-09-27,US,North Dakota,Ward,1056,10,0,48.22390169,-101.54367629999999,38101.0,1561.1833060000001,0.946969697,1046,1034,9,0,1025,987,67744,22,1,0,21,47
2020-09-27,US,North Dakota,Wells,36,0,0,47.58614526,-99.65904998,38103.0,938.9671362,0.0,36,33,0,0,33,33,3957,3,0,0,3,0
2020-09-27,US,North Dakota,Williams,991,7,0,48.34522353,-103.4793387,38105.0,2636.409588,0.706357215,984,978,7,0,971,953,35350,13,0,0,13,25
2020-09-27,US,Ohio,Adams,135,4,0,38.84541072,-83.4718964,39001.0,487.39981229999995,2.9629629630000003,131,131,4,0,127,129,27724,4,0,0,4,2
2020-09-27,US,Ohio,Allen,1441,69,0,40.77285242,-84.10802343,39003.0,1407.900265,4.78834143,1372,1437,69,0,1368,1430,102663,4,0,0,4,7
2020-09-27,US,Ohio,Ashland,242,4,0,40.84772277,-82.27280781,39005.0,452.47176730000007,1.652892562,238,239,4,0,235,237,53745,3,0,0,3,2
2020-09-27,US,Ohio,Ashtabula,659,48,0,41.70860332,-80.74830218,39007.0,677.697679,7.2837632779999995,611,659,48,0,611,657,97493,0,0,0,0,2
2020-09-27,US,Ohio,Athens,707,2,0,39.33425634,-82.04278644,39009.0,1082.2477689999998,0.282885431,705,678,2,0,676,669,65818,29,0,0,29,9
2020-09-27,US,Ohio,Auglaize,608,9,0,40.55998859,-84.22421429999999,39011.0,1331.697915,1.480263158,599,607,9,0,598,597,45804,1,0,0,1,10
2020-09-27,US,Ohio,Belmont,722,27,0,40.01625942,-80.9924051,39013.0,1077.515446,3.739612188,695,721,27,0,694,718,67505,1,0,0,1,3
2020-09-27,US,Ohio,Brown,290,2,0,38.93416837,-83.86788395,39015.0,667.7104439,0.689655172,288,288,2,0,286,288,43602,2,0,0,2,0
2020-09-27,US,Ohio,Butler,6040,111,0,39.44012838,-84.57388716,39017.0,1576.471939,1.837748344,5929,6022,111,0,5911,5933,382378,18,0,0,18,89
2020-09-27,US,Ohio,Carroll,152,7,0,40.578968599999996,-81.09178213,39019.0,564.761834,4.6052631580000005,145,152,7,0,145,152,27081,0,0,0,0,0
2020-09-27,US,Ohio,Champaign,308,3,0,40.13923427,-83.76875242,39021.0,792.0792079,0.974025974,305,307,3,0,304,304,38754,1,0,0,1,3
2020-09-27,US,Ohio,Clark,1810,40,0,39.91592258,-83.78498252,39023.0,1349.91013,2.209944751,1770,1799,40,0,1759,1794,134585,11,0,0,11,5
2020-09-27,US,Ohio,Clermont,1731,23,0,39.04847534,-84.15375786,39025.0,838.549034,1.328711727,1708,1725,23,0,1702,1707,205466,6,0,0,6,18
2020-09-27,US,Ohio,Clinton,299,13,0,39.41485808,-83.80852286,39027.0,712.4475791,4.347826087,286,300,13,0,287,294,42057,-1,0,0,-1,6
2020-09-27,US,Ohio,Columbiana,1932,80,0,40.76932373,-80.78094576,39029.0,1896.292806,4.140786749,1852,1931,80,0,1851,1929,102665,1,0,0,1,2
2020-09-27,US,Ohio,Coshocton,234,11,0,40.30096166,-81.91729018,39031.0,639.3442623,4.700854701,223,234,11,0,223,234,36629,0,0,0,0,0
2020-09-27,US,Ohio,Crawford,244,6,0,40.85065156,-82.91989099,39033.0,588.0368246,2.459016393,238,238,6,0,232,236,41550,6,0,0,6,2
2020-09-27,US,Ohio,Cuyahoga,17490,656,0,41.424119,-81.65918339,39035.0,1416.111773,3.7507146939999996,16834,17437,656,0,16781,17375,1243857,53,0,0,53,62
2020-09-27,US,Ohio,Darke,804,42,0,40.13412966,-84.6194517,39037.0,1572.9853460000002,5.223880597,762,799,42,0,757,799,51323,5,0,0,5,0
2020-09-27,US,Ohio,Defiance,325,11,0,41.32398837,-84.49076944,39039.0,853.3095281999999,3.384615385,314,292,11,0,281,289,38165,33,0,0,33,3
2020-09-27,US,Ohio,Delaware,2281,20,0,40.27942393,-83.00457058,39041.0,1090.4640570000001,0.876808417,2261,2259,20,0,2239,2231,204826,22,0,0,22,28
2020-09-27,US,Ohio,Erie,946,47,0,41.36796058,-82.62904521,39043.0,1273.799585,4.968287526,899,943,47,0,896,935,74615,3,0,0,3,8
2020-09-27,US,Ohio,Fairfield,2118,53,0,39.75107189,-82.63088163,39045.0,1344.130377,2.5023607180000003,2065,2105,53,0,2052,2087,155782,13,0,0,13,18
2020-09-27,US,Ohio,Fayette,232,6,0,39.56021306,-83.4562016,39047.0,813.3216477000001,2.586206897,226,231,6,0,225,230,28666,1,0,0,1,1
2020-09-27,US,Ohio,Franklin,26961,607,0,39.96995815,-83.01115755,39049.0,2047.531965,2.251400171,26354,26872,607,0,26265,26704,1310300,89,0,0,89,168
2020-09-27,US,Ohio,Fulton,246,1,0,41.60213491,-84.12571393,39051.0,583.9623985000001,0.406504065,245,244,1,0,243,241,42276,2,0,0,2,3
2020-09-27,US,Ohio,Gallia,191,13,0,38.82708533,-82.31647569,39053.0,638.8387183,6.806282723,178,191,13,0,178,189,29979,0,0,0,0,2
2020-09-27,US,Ohio,Geauga,723,49,0,41.49952319,-81.17935342,39055.0,772.0317355000001,6.777316736,674,720,49,0,671,713,94031,3,0,0,3,7
2020-09-27,US,Ohio,Greene,1465,33,0,39.69116283,-83.89032084,39057.0,867.1871763,2.252559727,1432,1453,32,0,1421,1444,167995,12,1,0,11,9
2020-09-27,US,Ohio,Guernsey,170,8,0,40.05026529,-81.49248905,39059.0,437.2990353999999,4.705882353,162,169,8,0,161,169,39022,1,0,0,1,0
2020-09-27,US,Ohio,Hamilton,13191,315,0,39.19673558,-84.54502924,39061.0,1613.631276,2.387991813,12876,13158,315,0,12843,13036,816684,33,0,0,33,122
2020-09-27,US,Ohio,Hancock,712,10,0,41.00250487,-83.66838948,39063.0,939.5246955,1.404494382,702,710,10,0,700,695,75930,2,0,0,2,15
2020-09-27,US,Ohio,Hardin,256,13,0,40.66015414,-83.65929931,39065.0,816.1963973,5.078125,243,255,13,0,242,252,31480,1,0,0,1,3
2020-09-27,US,Ohio,Harrison,64,3,0,40.29380509,-81.09068544,39067.0,425.5319149,4.6875,61,63,3,0,60,63,15174,1,0,0,1,0
2020-09-27,US,Ohio,Henry,318,14,0,41.333964200000004,-84.06830637,39069.0,1177.516108,4.4025157230000005,304,314,14,0,300,312,27086,4,0,0,4,2
2020-09-27,US,Ohio,Highland,230,3,0,39.1839264,-83.60331456,39071.0,532.8884873,1.3043478259999999,227,230,3,0,227,227,43058,0,0,0,0,3
2020-09-27,US,Ohio,Hocking,166,9,0,39.49537927,-82.47991446,39073.0,587.3195584,5.421686747000001,157,164,9,0,155,163,28385,2,0,0,2,1
2020-09-27,US,Ohio,Holmes,390,9,0,40.56163713,-81.92635677,39075.0,887.1701547,2.307692308,381,387,9,0,378,385,43892,3,0,0,3,2
2020-09-27,US,Ohio,Huron,551,7,0,41.14651175,-82.59867951,39077.0,945.6629939,1.270417423,544,546,7,0,539,542,58504,5,0,0,5,4
2020-09-27,US,Ohio,Jackson,263,6,0,39.01914254,-82.61818559999999,39079.0,811.4028322,2.281368821,257,258,6,0,252,250,32384,5,0,0,5,8
2020-09-27,US,Ohio,Jefferson,336,4,0,40.38614126,-80.76259514,39081.0,514.3513203,1.19047619,332,336,4,0,332,336,65767,0,0,0,0,0
2020-09-27,US,Ohio,Knox,286,15,0,40.39830217,-82.42027563,39083.0,458.906967,5.244755245,271,284,15,0,269,284,61893,2,0,0,2,0
2020-09-27,US,Ohio,Lake,1638,51,0,41.69710807,-81.23676539,39085.0,711.7128468999999,3.1135531139999997,1587,1628,51,0,1577,1619,230514,10,0,0,10,9
2020-09-27,US,Ohio,Lawrence,659,22,0,38.59743452,-82.53466552,39087.0,1108.25219,3.338391502,637,658,22,0,636,653,59866,1,0,0,1,5
2020-09-27,US,Ohio,Licking,1936,63,0,40.09136236,-82.48185785,39089.0,1094.638758,3.2541322310000003,1873,1927,63,0,1864,1910,175769,9,0,0,9,17
2020-09-27,US,Ohio,Logan,312,3,0,40.38996525,-83.76784341,39091.0,683.131897,0.961538462,309,312,3,0,309,309,45358,0,0,0,0,3
2020-09-27,US,Ohio,Lorain,2317,86,0,41.29553751,-82.15083537,39093.0,747.8222139,3.7116961589999997,2231,2311,86,0,2225,2307,309461,6,0,0,6,4
2020-09-27,US,Ohio,Lucas,7322,364,0,41.62101218,-83.65468618,39095.0,1709.3578120000002,4.971319312,6958,7303,364,0,6939,7280,429899,19,0,0,19,23
2020-09-27,US,Ohio,Madison,830,12,0,39.89381073,-83.40178317,39097.0,1855.536429,1.4457831330000002,818,823,12,0,811,815,44413,7,0,0,7,8
2020-09-27,US,Ohio,Mahoning,3073,281,0,41.01631101,-80.77287029,39099.0,1343.781567,9.144158802,2792,3065,281,0,2784,3053,229642,8,0,0,8,12
2020-09-27,US,Ohio,Marion,3103,47,0,40.58610662,-83.15736305,39101.0,4767.02564,1.5146632290000002,3056,3096,47,0,3049,3088,65256,7,0,0,7,8
2020-09-27,US,Ohio,Medina,1475,39,0,41.11770589,-81.89986209999999,39103.0,820.6024056,2.644067797,1436,1467,39,0,1428,1460,179146,8,0,0,8,7
2020-09-27,US,Ohio,Meigs,176,10,0,39.09224872,-82.0305041,39105.0,768.3240931,5.681818182000001,166,175,10,0,165,174,23106,1,0,0,1,1
2020-09-27,US,Ohio,Mercer,1132,18,0,40.54043046,-84.62912742,39107.0,2749.441368,1.590106007,1114,1122,18,0,1104,1119,40959,10,0,0,10,3
2020-09-27,US,Ohio,Miami,1454,51,0,40.0543329,-84.22871271,39109.0,1359.0436220000001,3.507565337,1403,1436,51,0,1385,1428,106222,18,0,0,18,8
2020-09-27,US,Ohio,Monroe,110,18,0,39.72984936,-81.08464734,39111.0,805.6247254,16.36363636,92,110,18,0,92,110,13790,0,0,0,0,0
2020-09-27,US,Ohio,Montgomery,7883,163,0,39.75394919,-84.29050975,39113.0,1482.639222,2.067740708,7720,7809,163,0,7646,7755,532331,74,0,0,74,54
2020-09-27,US,Ohio,Morgan,49,0,0,39.62081738,-81.85308173,39115.0,337.74469260000006,0.0,49,47,0,0,47,47,14604,2,0,0,2,0
2020-09-27,US,Ohio,Morrow,261,2,0,40.523635600000006,-82.7892599,39117.0,738.7907609,0.766283525,259,258,2,0,256,257,35112,3,0,0,3,1
2020-09-27,US,Ohio,Muskingum,421,3,0,39.96575964,-81.94363275,39119.0,488.31409850000006,0.712589074,418,410,3,0,407,401,86183,11,0,0,11,9
2020-09-27,US,Ohio,Noble,33,0,0,39.76818851,-81.45937183,39121.0,228.7853577,0.0,33,30,0,0,30,28,14354,3,0,0,3,2
2020-09-27,US,Ohio,Ottawa,469,30,0,41.53781826,-83.0940185,39123.0,1157.3103019999999,6.396588486000001,439,468,30,0,438,468,40769,1,0,0,1,0
2020-09-27,US,Ohio,Paulding,110,0,0,41.11676341,-84.5801017,39125.0,589.117395,0.0,110,110,0,0,110,108,18760,0,0,0,0,2
2020-09-27,US,Ohio,Perry,298,9,0,39.73508655,-82.23804971,39127.0,824.7080312,3.0201342280000003,289,297,9,0,288,296,36033,1,0,0,1,1
2020-09-27,US,Ohio,Pickaway,2678,44,0,39.64170392,-83.0243386,39129.0,4581.145115,1.643017177,2634,2653,44,0,2609,2643,58086,25,0,0,25,10
2020-09-27,US,Ohio,Pike,200,0,0,39.07634001,-83.06769584,39131.0,720.1497912000001,0.0,200,191,0,0,191,184,28067,9,0,0,9,7
2020-09-27,US,Ohio,Portage,1155,66,0,41.16793482,-81.19735782,39133.0,710.9179767,5.714285714,1089,1139,66,0,1073,1132,162927,16,0,0,16,7
2020-09-27,US,Ohio,Preble,440,15,0,39.7420247,-84.64787018,39135.0,1076.268284,3.4090909089999997,425,435,15,0,420,433,40997,5,0,0,5,2
2020-09-27,US,Ohio,Putnam,608,23,0,41.02094889,-84.1336111,39137.0,1795.5760309999998,3.782894737,585,603,23,0,580,585,33780,5,0,0,5,18
2020-09-27,US,Ohio,Richland,903,19,0,40.77180308,-82.53799609999999,39139.0,745.3323869,2.104097453,884,888,19,0,869,861,121099,15,0,0,15,27
2020-09-27,US,Ohio,Ross,890,24,0,39.33705391,-83.06000914,39141.0,1160.87966,2.696629213,866,884,24,0,860,879,76931,6,0,0,6,5
2020-09-27,US,Ohio,Sandusky,577,20,0,41.35624126,-83.137872,39143.0,986.0213951,3.4662045060000004,557,576,20,0,556,563,58799,1,0,0,1,13
2020-09-27,US,Ohio,Scioto,511,7,0,38.80270163,-82.98907345,39145.0,678.4927105,1.369863014,504,505,7,0,498,498,75502,6,0,0,6,7
2020-09-27,US,Ohio,Seneca,485,14,0,41.12351311,-83.12783209,39147.0,878.9735038999999,2.886597938,471,480,14,0,466,470,55207,5,0,0,5,10
2020-09-27,US,Ohio,Shelby,649,10,0,40.33163494,-84.20258189,39149.0,1335.665775,1.540832049,639,645,10,0,635,625,48627,4,0,0,4,20
2020-09-27,US,Ohio,Stark,2883,175,0,40.81482476,-81.36437305,39151.0,777.9150904,6.070065904,2708,2872,175,0,2697,2838,371574,11,0,0,11,34
2020-09-27,US,Ohio,Summit,5332,252,0,41.12464734,-81.53123079,39153.0,985.5585725,4.726181545,5080,5304,252,0,5052,5265,541918,28,0,0,28,39
2020-09-27,US,Ohio,Trumbull,1896,132,0,41.31735028,-80.76109643,39155.0,957.7015164,6.962025316,1764,1888,132,0,1756,1883,198627,8,0,0,8,5
2020-09-27,US,Ohio,Tuscarawas,936,20,0,40.44214695,-81.47226262,39157.0,1017.535086,2.1367521369999998,916,931,20,0,911,930,92176,5,0,0,5,1
2020-09-27,US,Ohio,Union,545,2,0,40.30016061,-83.37239023,39159.0,923.9167287999999,0.366972477,543,538,2,0,536,529,57835,7,0,0,7,9
2020-09-27,US,Ohio,Van Wert,123,3,0,40.8554138,-84.59111700000001,39161.0,435.0132626,2.43902439,120,119,3,0,116,117,28281,4,0,0,4,2
2020-09-27,US,Ohio,Vinton,47,3,0,39.25208988,-82.4831444,39163.0,359.1899121,6.382978723,44,47,3,0,44,47,13139,0,0,0,0,0
2020-09-27,US,Ohio,Warren,3096,49,0,39.42581994,-84.16557457,39165.0,1319.681844,1.582687339,3047,3083,49,0,3034,3023,232173,13,0,0,13,60
2020-09-27,US,Ohio,Washington,261,23,0,39.45690571,-81.49121382,39167.0,435.6462085,8.812260536,238,260,23,0,237,260,60155,1,0,0,1,0
2020-09-27,US,Ohio,Wayne,936,68,0,40.82925852,-81.88844833,39169.0,808.9188488,7.264957265,868,931,68,0,863,927,115967,5,0,0,5,4
2020-09-27,US,Ohio,Williams,213,3,0,41.56052014,-84.58429552,39171.0,580.5080126,1.408450704,210,209,3,0,206,207,36804,4,0,0,4,2
2020-09-27,US,Ohio,Wood,1902,72,0,41.36224827,-83.62285108,39173.0,1453.9394730000001,3.785488959,1830,1866,72,0,1794,1841,130696,36,0,0,36,25
2020-09-27,US,Ohio,Wyandot,213,12,0,40.84339621,-83.30734173,39175.0,978.3207789999999,5.633802817,201,212,12,0,200,210,21935,1,0,0,1,2
2020-09-27,US,Oklahoma,Adair,621,10,0,35.88494195,-94.65859267,40001.0,2798.053528,1.610305958,611,614,10,0,604,609,22082,7,0,0,7,5
2020-09-27,US,Oklahoma,Alfalfa,65,0,0,36.73090616,-98.32408495,40003.0,1139.9508939999998,0.0,65,64,0,0,64,63,5754,1,0,0,1,1
2020-09-27,US,Oklahoma,Atoka,302,1,0,34.37366573,-96.03802487,40005.0,2195.086495,0.331125828,301,293,1,0,292,292,13838,9,0,0,9,1
2020-09-27,US,Oklahoma,Beaver,55,0,0,36.7496847,-100.4758872,40007.0,1035.586519,0.0,55,54,0,0,54,53,5319,1,0,0,1,1
2020-09-27,US,Oklahoma,Beckham,505,2,0,35.26862449,-99.68128023,40009.0,2310.26122,0.396039604,503,404,1,0,403,375,21709,101,1,0,100,29
2020-09-27,US,Oklahoma,Blaine,126,1,0,35.87518314,-98.43307003,40011.0,1336.302895,0.793650794,125,126,1,0,125,125,9485,0,0,0,0,1
2020-09-27,US,Oklahoma,Bryan,960,4,0,33.96472458,-96.25903472,40013.0,2000.208355,0.41666666700000005,956,940,4,0,936,925,47192,20,0,0,20,15
2020-09-27,US,Oklahoma,Caddo,759,21,0,35.17364557,-98.37534464,40015.0,2638.898547,2.7667984189999997,738,758,21,0,737,748,28977,1,0,0,1,10
2020-09-27,US,Oklahoma,Canadian,2267,17,0,35.5426055,-97.98465569,40017.0,1528.596281,0.749889722,2250,2210,17,0,2193,2178,144447,57,0,0,57,32
2020-09-27,US,Oklahoma,Carter,551,8,0,34.25103751,-97.28552485,40019.0,1145.268234,1.4519056259999998,543,549,8,0,541,546,48177,2,0,0,2,3
2020-09-27,US,Oklahoma,Cherokee,1078,8,0,35.90692775,-94.99980896,40021.0,2215.50856,0.742115028,1070,1070,8,0,1062,1060,48675,8,0,0,8,10
2020-09-27,US,Oklahoma,Choctaw,319,2,0,34.02807439,-95.54771129,40023.0,2174.209378,0.626959248,317,316,2,0,314,317,14668,3,0,0,3,-1
2020-09-27,US,Oklahoma,Cimarron,25,0,0,36.74817177,-102.5173885,40025.0,1169.8642960000002,0.0,25,24,0,0,24,24,2153,1,0,0,1,0
2020-09-27,US,Oklahoma,Cleveland,6007,70,0,35.20413532,-97.32519562,40027.0,2115.0365829999996,1.165307142,5937,5967,70,0,5897,5908,281669,40,0,0,40,59
2020-09-27,US,Oklahoma,Coal,70,0,0,34.58840127,-96.29798747,40029.0,1273.88535,0.0,70,70,0,0,70,70,5520,0,0,0,0,0
2020-09-27,US,Oklahoma,Comanche,1599,13,0,34.65973764,-98.47195055,40031.0,1324.234569,0.81300813,1586,1578,13,0,1565,1563,120422,21,0,0,21,15
2020-09-27,US,Oklahoma,Cotton,68,3,0,34.28845626,-98.37053567,40033.0,1200.141193,4.4117647060000005,65,68,3,0,65,68,5776,0,0,0,0,0
2020-09-27,US,Oklahoma,Craig,503,1,0,36.76268118,-95.20916602,40035.0,3556.781219,0.19880715699999998,502,501,1,0,500,500,14306,2,0,0,2,1
2020-09-27,US,Oklahoma,Creek,1145,33,0,35.90230551,-96.37086028,40037.0,1600.906015,2.88209607,1112,1138,33,0,1105,1121,71604,7,0,0,7,17
2020-09-27,US,Oklahoma,Custer,671,0,0,35.63853802,-99.00170785,40039.0,2313.55377,0.0,671,666,0,0,666,655,29036,5,0,0,5,11
2020-09-27,US,Oklahoma,Delaware,749,25,0,36.40823634,-94.80325046,40041.0,1741.495966,3.337783712,724,741,25,0,716,736,42733,8,0,0,8,5
2020-09-27,US,Oklahoma,Dewey,67,1,0,35.98772922,-99.00730714,40043.0,1369.863014,1.4925373130000001,66,66,1,0,65,66,4894,1,0,0,1,0
2020-09-27,US,Oklahoma,Ellis,11,0,0,36.218019399999996,-99.75324573,40045.0,285.04793989999996,0.0,11,11,0,0,11,10,3952,0,0,0,0,1
2020-09-27,US,Oklahoma,Garfield,1654,20,0,36.3791334,-97.78265517,40047.0,2708.98847,1.2091898429999999,1634,1634,20,0,1614,1604,60913,20,0,0,20,30
2020-09-27,US,Oklahoma,Garvin,369,5,0,34.70418038,-97.30811132,40049.0,1331.601169,1.35501355,364,367,5,0,362,364,27811,2,0,0,2,3
2020-09-27,US,Oklahoma,Grady,1076,11,0,35.0167709,-97.88339847,40051.0,1927.1411679999999,1.022304833,1065,1059,11,0,1048,1034,55551,17,0,0,17,25
2020-09-27,US,Oklahoma,Grant,47,0,0,36.796296999999996,-97.78638765,40053.0,1084.698823,0.0,47,46,0,0,46,46,4326,1,0,0,1,0
2020-09-27,US,Oklahoma,Greer,108,8,0,34.93535801,-99.56056120000001,40055.0,1890.7563030000001,7.407407407000001,100,108,8,0,100,108,5821,0,0,0,0,0
2020-09-27,US,Oklahoma,Harmon,43,0,0,34.7440135,-99.84741652,40057.0,1620.806634,0.0,43,43,0,0,43,43,2664,0,0,0,0,0
2020-09-27,US,Oklahoma,Harper,29,1,0,36.78836519,-99.6679804,40059.0,786.3340563999999,3.448275862,28,29,1,0,28,29,3797,0,0,0,0,0
2020-09-27,US,Oklahoma,Haskell,278,4,0,35.222576000000004,-95.11513306,40061.0,2201.631425,1.438848921,274,278,4,0,274,278,12668,0,0,0,0,0
2020-09-27,US,Oklahoma,Hughes,296,4,0,35.04912569,-96.24921145,40063.0,2229.083515,1.351351351,292,296,4,0,292,293,13335,0,0,0,0,3
2020-09-27,US,Oklahoma,Jackson,765,10,0,34.58781741,-99.41138784,40065.0,3118.630249,1.307189542,755,759,10,0,749,747,24949,6,0,0,6,12
2020-09-27,US,Oklahoma,Jefferson,42,0,0,34.11130184,-97.83182974,40067.0,699.7667444,0.0,42,42,0,0,42,41,6123,0,0,0,0,1
2020-09-27,US,Oklahoma,Johnston,167,4,0,34.31440473,-96.66011537,40069.0,1506.54037,2.395209581,163,165,4,0,161,164,10949,2,0,0,2,1
2020-09-27,US,Oklahoma,Kay,594,13,0,36.81799745,-97.14421435,40071.0,1364.325417,2.188552189,581,585,13,0,572,570,44161,9,0,0,9,15
2020-09-27,US,Oklahoma,Kingfisher,348,2,0,35.94530008,-97.94193268,40073.0,2207.421503,0.574712644,346,345,2,0,343,339,15816,3,0,0,3,6
2020-09-27,US,Oklahoma,Kiowa,76,2,0,34.91671958,-98.97720696,40075.0,872.7606798,2.631578947,74,75,2,0,73,75,8729,1,0,0,1,0
2020-09-27,US,Oklahoma,Latimer,137,2,0,34.87844729,-95.25215049,40077.0,1360.0714779999998,1.459854015,135,136,2,0,134,136,10231,1,0,0,1,0
2020-09-27,US,Oklahoma,Le Flore,1118,18,0,34.89851864,-94.70392124,40079.0,2242.5932239999997,1.610017889,1100,1102,17,0,1085,1093,49980,16,1,0,15,9
2020-09-27,US,Oklahoma,Lincoln,446,10,0,35.70270942,-96.8812462,40081.0,1278.779712,2.242152466,436,441,10,0,431,435,34920,5,0,0,5,6
2020-09-27,US,Oklahoma,Logan,483,1,0,35.91899576,-97.44352845,40083.0,1006.0194539999999,0.207039337,482,467,1,0,466,456,47291,16,0,0,16,11
2020-09-27,US,Oklahoma,Love,178,1,0,33.95273467,-97.23906784,40085.0,1736.077246,0.561797753,177,174,1,0,173,172,10134,4,0,0,4,2
2020-09-27,US,Oklahoma,Major,90,1,0,36.31149996,-98.53467076,40093.0,1179.7090050000002,1.111111111,89,90,1,0,89,88,7644,0,0,0,0,2
2020-09-27,US,Oklahoma,Marshall,180,2,0,34.02311222,-96.76855464,40095.0,1063.138621,1.111111111,178,180,2,0,178,180,16806,0,0,0,0,0
2020-09-27,US,Oklahoma,Mayes,636,11,0,36.30179091,-95.23175116,40097.0,1547.445255,1.7295597480000002,625,628,11,0,617,601,41107,8,0,0,8,27
2020-09-27,US,Oklahoma,McClain,861,7,0,35.01123903,-97.44572302,40087.0,2127.291595,0.81300813,854,854,7,0,847,846,39985,7,0,0,7,8
2020-09-27,US,Oklahoma,McCurtain,1279,34,0,34.11664328,-94.77222373,40089.0,3895.589669,2.658326818,1245,1273,34,0,1239,1269,32703,6,0,0,6,4
2020-09-27,US,Oklahoma,McIntosh,323,5,0,35.37235506,-95.66599306,40091.0,1648.295571,1.547987616,318,319,5,0,314,310,19815,4,0,0,4,9
2020-09-27,US,Oklahoma,Murray,138,1,0,34.48116015,-97.06826283,40099.0,980.6011511,0.7246376809999999,137,137,1,0,136,136,13953,1,0,0,1,1
2020-09-27,US,Oklahoma,Muskogee,1823,22,0,35.61318461,-95.37802952,40101.0,2681.000632,1.206801975,1801,1822,22,0,1800,1792,68362,1,0,0,1,30
2020-09-27,US,Oklahoma,Noble,152,2,0,36.38953329,-97.22928674,40103.0,1365.5556550000001,1.315789474,150,151,2,0,149,151,11289,1,0,0,1,0
2020-09-27,US,Oklahoma,Nowata,150,4,0,36.79843529,-95.61902331,40105.0,1488.6859869999998,2.666666667,146,143,4,0,139,142,10218,7,0,0,7,1
2020-09-27,US,Oklahoma,Okfuskee,140,4,0,35.46485198,-96.32639984,40107.0,1167.347619,2.857142857,136,138,4,0,134,136,12098,2,0,0,2,2
2020-09-27,US,Oklahoma,Oklahoma,17869,194,0,35.55140095,-97.40716948,40109.0,2240.812406,1.085679109,17675,17711,194,0,17517,17556,792582,158,0,0,158,155
2020-09-27,US,Oklahoma,Okmulgee,832,7,0,35.64661916,-95.96432828,40111.0,2163.00533,0.841346154,825,833,7,0,826,823,38335,-1,0,0,-1,10
2020-09-27,US,Oklahoma,Osage,906,13,0,36.62888819,-96.39635704,40113.0,1929.178289,1.4348785869999998,893,903,13,0,890,836,47014,3,0,0,3,67
2020-09-27,US,Oklahoma,Ottawa,866,6,0,36.83532655,-94.81011909,40115.0,2782.150545,0.692840647,860,858,6,0,852,843,31175,8,0,0,8,15
2020-09-27,US,Oklahoma,Pawnee,252,3,0,36.31743373,-96.70331759999999,40117.0,1538.837323,1.19047619,249,253,3,0,250,252,16390,-1,0,0,-1,1
2020-09-27,US,Oklahoma,Payne,2231,6,0,36.07695283,-96.97584944,40119.0,2727.917441,0.268937696,2225,2215,6,0,2209,2181,82040,16,0,0,16,34
2020-09-27,US,Oklahoma,Pittsburg,960,19,0,34.92065823,-95.75134320000001,40121.0,2199.111193,1.9791666669999999,941,958,19,0,939,920,43877,2,0,0,2,38
2020-09-27,US,Oklahoma,Pontotoc,417,3,0,34.72959848,-96.68337199,40123.0,1089.227876,0.71942446,414,404,3,0,401,400,38247,13,0,0,13,4
2020-09-27,US,Oklahoma,Pottawatomie,1350,10,0,35.20614018,-96.94923008,40125.0,1859.709059,0.740740741,1340,1331,10,0,1321,1313,72679,19,0,0,19,18
2020-09-27,US,Oklahoma,Pushmataha,164,2,0,34.41635232,-95.37603505,40127.0,1478.010094,1.219512195,162,163,2,0,161,154,11179,1,0,0,1,9
2020-09-27,US,Oklahoma,Roger Mills,51,1,0,35.68711719,-99.69666167,40129.0,1423.388222,1.960784314,50,46,1,0,45,46,3656,5,0,0,5,0
2020-09-27,US,Oklahoma,Rogers,1867,50,0,36.37004357,-95.60406759,40131.0,2019.2734079999998,2.678093198,1817,1852,50,0,1802,1816,91984,15,0,0,15,36
2020-09-27,US,Oklahoma,Seminole,450,6,0,35.16478725,-96.61686741,40133.0,1855.058125,1.333333333,444,448,6,0,442,443,24578,2,0,0,2,5
2020-09-27,US,Oklahoma,Sequoyah,884,11,0,35.49447108,-94.75463785,40135.0,2126.584715,1.244343891,873,873,11,0,862,857,41179,11,0,0,11,16
2020-09-27,US,Oklahoma,Stephens,433,5,0,34.48556989,-97.85141892,40137.0,1003.639061,1.154734411,428,432,5,0,427,416,43265,1,0,0,1,16
2020-09-27,US,Oklahoma,Texas,1519,9,0,36.74777635,-101.4889765,40139.0,7601.461242,0.592495063,1510,1507,9,0,1498,1491,20455,12,0,0,12,16
2020-09-27,US,Oklahoma,Tillman,99,2,0,34.37288446,-98.92426619,40141.0,1365.517241,2.02020202,97,93,2,0,91,90,7348,6,0,0,6,3
2020-09-27,US,Oklahoma,Tulsa,16887,160,0,36.11939621,-95.94013939,40143.0,2591.8115510000002,0.947474389,16727,16793,160,0,16633,16683,648360,94,0,0,94,110
2020-09-27,US,Oklahoma,Unassigned,51,0,0,0.0,0.0,90040.0,0.0,0.0,51,50,0,0,50,62,,1,0,0,1,-12
2020-09-27,US,Oklahoma,Wagoner,1476,26,0,35.96024096,-95.51911308,40145.0,1815.7438280000001,1.761517615,1450,1467,26,0,1441,1455,80110,9,0,0,9,12
2020-09-27,US,Oklahoma,Washington,992,40,0,36.71380786,-95.90514104,40147.0,1925.2042620000002,4.032258065,952,989,40,0,949,983,51843,3,0,0,3,6
2020-09-27,US,Oklahoma,Washita,83,0,0,35.29071824,-98.99180434,40149.0,760.3517772000001,0.0,83,78,0,0,78,76,11127,5,0,0,5,2
2020-09-27,US,Oklahoma,Woods,109,0,0,36.76705782,-98.86573064,40151.0,1239.622427,0.0,109,108,0,0,108,106,8897,1,0,0,1,2
2020-09-27,US,Oklahoma,Woodward,1036,4,0,36.42316318,-99.26283045,40153.0,5125.921528,0.386100386,1032,1031,4,0,1027,1028,20222,5,0,0,5,3
2020-09-27,US,Oregon,Baker,94,2,0,44.70915557,-117.6749883,41001.0,582.9818903,2.127659574,92,94,2,0,92,92,16006,0,0,0,0,2
2020-09-27,US,Oregon,Benton,310,6,0,44.49167306,-123.4316987,41003.0,333.1434774,1.935483871,304,310,6,0,304,307,92101,0,0,0,0,3
2020-09-27,US,Oregon,Clackamas,2408,61,0,45.18787398,-122.2179634,41005.0,575.8189517999999,2.533222591,2347,2398,61,0,2337,2377,416075,10,0,0,10,21
2020-09-27,US,Oregon,Clatsop,212,0,0,45.99712889,-123.660711,41007.0,527.0485282,0.0,212,204,0,0,204,205,39764,8,0,0,8,-1
2020-09-27,US,Oregon,Columbia,171,1,0,45.94464254,-123.08908980000001,41009.0,326.62260760000004,0.5847953220000001,170,165,1,0,164,162,52377,6,0,0,6,3
2020-09-27,US,Oregon,Coos,157,0,0,43.17406868,-124.0594514,41011.0,243.4599222,0.0,157,156,0,0,156,152,64389,1,0,0,1,4
2020-09-27,US,Oregon,Crook,62,1,0,44.14230227,-120.356297,41013.0,254.056712,1.612903226,61,62,1,0,61,61,23867,0,0,0,0,1
2020-09-27,US,Oregon,Curry,31,0,0,42.45911325,-124.15728200000001,41015.0,135.2235551,0.0,31,31,0,0,31,31,22813,0,0,0,0,0
2020-09-27,US,Oregon,Deschutes,840,12,0,43.91570171,-121.2289121,41017.0,424.9033851,1.428571429,828,825,12,0,813,810,191996,15,0,0,15,15
2020-09-27,US,Oregon,Douglas,232,4,0,43.27941273,-123.16729099999999,41019.0,209.0466751,1.724137931,228,227,4,0,223,223,110283,5,0,0,5,4
2020-09-27,US,Oregon,Gilliam,8,0,0,45.37160076,-120.20488689999999,41021.0,418.4100418,0.0,8,8,0,0,8,8,1894,0,0,0,0,0
2020-09-27,US,Oregon,Grant,10,0,0,44.49024544,-119.0068631,41023.0,138.90818169999997,0.0,10,9,0,0,9,9,7176,1,0,0,1,0
2020-09-27,US,Oregon,Harney,12,0,0,43.06422669,-118.96663059999999,41025.0,162.315704,0.0,12,12,0,0,12,12,7329,0,0,0,0,0
2020-09-27,US,Oregon,Hood River,251,0,0,45.51872811,-121.65520359999998,41027.0,1073.4753230000001,0.0,251,251,0,0,251,248,23428,0,0,0,0,3
2020-09-27,US,Oregon,Jackson,1148,5,0,42.43201126,-122.72893090000001,41029.0,519.5886741,0.43554007,1143,1139,5,0,1134,1123,219564,9,0,0,9,16
2020-09-27,US,Oregon,Jefferson,534,8,0,44.62806839,-121.17832,41031.0,2165.6257600000004,1.498127341,526,529,8,0,521,524,24192,5,0,0,5,5
2020-09-27,US,Oregon,Josephine,198,2,0,42.3665549,-123.5561938,41033.0,226.3193389,1.01010101,196,198,2,0,196,197,87393,0,0,0,0,1
2020-09-27,US,Oregon,Klamath,280,2,0,42.68762984,-121.64964609999998,41035.0,410.32855589999997,0.7142857140000001,278,280,2,0,278,280,67653,0,0,0,0,0
2020-09-27,US,Oregon,Lake,33,0,0,42.79246693,-120.38501629999999,41037.0,419.3671369,0.0,33,32,0,0,32,32,7879,1,0,0,1,0
2020-09-27,US,Oregon,Lane,1210,17,0,43.93727035,-122.847753,41039.0,316.69838010000007,1.404958678,1193,1185,17,0,1168,1143,379611,25,0,0,25,42
2020-09-27,US,Oregon,Lincoln,482,13,0,44.64252874,-123.86991200000001,41041.0,964.7331972000001,2.697095436,469,481,13,0,468,478,49388,1,0,0,1,3
2020-09-27,US,Oregon,Linn,522,13,0,44.48899494,-122.53731540000001,41043.0,402.3152394,2.490421456,509,519,13,0,506,508,127335,3,0,0,3,11
2020-09-27,US,Oregon,Malheur,1627,23,0,43.1937027,-117.62273950000001,41045.0,5322.037225,1.413644745,1604,1617,23,0,1594,1609,30725,10,0,0,10,8
2020-09-27,US,Oregon,Marion,4683,94,0,44.90287942,-122.58151170000001,41047.0,1346.3938039999998,2.0072603030000002,4589,4658,94,0,4564,4627,346868,25,0,0,25,31
2020-09-27,US,Oregon,Morrow,499,6,0,45.41846568,-119.584546,41049.0,4300.611911,1.20240481,493,498,6,0,492,498,11372,1,0,0,1,0
2020-09-27,US,Oregon,Multnomah,7184,138,0,45.54747959,-122.4169351,41051.0,883.7984634,1.920935412,7046,7113,137,0,6976,7081,811880,71,1,0,70,32
2020-09-27,US,Oregon,Polk,530,15,0,44.90322804,-123.4128888,41053.0,615.6705582000001,2.830188679,515,529,15,0,514,523,85234,1,0,0,1,6
2020-09-27,US,Oregon,Sherman,18,0,0,45.41501554,-120.6827834,41055.0,1011.2359550000001,0.0,18,18,0,0,18,18,1708,0,0,0,0,0
2020-09-27,US,Oregon,Tillamook,53,0,0,45.46248721,-123.712066,41057.0,196.03491640000001,0.0,53,52,0,0,52,52,26787,1,0,0,1,0
2020-09-27,US,Oregon,Umatilla,2976,41,0,45.59073056,-118.7353826,41059.0,3817.8319439999996,1.3776881719999998,2935,2962,41,0,2921,2948,77516,14,0,0,14,14
2020-09-27,US,Oregon,Union,446,2,0,45.30915495,-118.0068979,41061.0,1662.008571,0.448430493,444,446,2,0,444,443,26461,0,0,0,0,3
2020-09-27,US,Oregon,Wallowa,31,1,0,45.57894064,-117.18353799999998,41063.0,430.0776915,3.225806452,30,30,1,0,29,28,7081,1,0,0,1,2
2020-09-27,US,Oregon,Wasco,292,3,0,45.16292781,-121.16709540000001,41065.0,1094.370737,1.02739726,289,289,3,0,286,282,26505,3,0,0,3,7
2020-09-27,US,Oregon,Washington,4519,60,0,45.55972701,-123.0955257,41067.0,751.1735528,1.3277273729999999,4459,4497,60,0,4437,4468,597695,22,0,0,22,29
2020-09-27,US,Oregon,Yamhill,757,13,0,45.23330449,-123.3086963,41071.0,706.8160598,1.7173051519999998,744,757,13,0,744,755,107002,0,0,0,0,2
2020-09-27,US,Pennsylvania,Adams,833,26,0,39.87140411,-77.21610347,42001.0,808.6672037999999,3.1212484989999996,807,824,26,0,798,822,102811,9,0,0,9,2
2020-09-27,US,Pennsylvania,Allegheny,12162,355,0,40.46809875,-79.98167747,42003.0,1000.1274619999999,2.9189278080000003,11807,12101,355,0,11746,11995,1218452,61,0,0,61,106
2020-09-27,US,Pennsylvania,Armstrong,435,18,0,40.81665618,-79.46290811,42005.0,671.9703406,4.137931034,417,431,18,0,413,428,65263,4,0,0,4,3
2020-09-27,US,Pennsylvania,Beaver,1886,122,0,40.6825484,-80.34921611,42007.0,1150.498081,6.468716861,1764,1878,122,0,1756,1872,164742,8,0,0,8,6
2020-09-27,US,Pennsylvania,Bedford,242,6,0,40.00522157,-78.48998442,42009.0,505.3458069,2.4793388430000003,236,238,6,0,232,238,48176,4,0,0,4,0
2020-09-27,US,Pennsylvania,Berks,7069,393,0,40.41570541,-75.92457766,42011.0,1678.443552,5.5594850760000005,6676,7022,393,0,6629,6979,420152,47,0,0,47,43
2020-09-27,US,Pennsylvania,Blair,679,18,0,40.47961444,-78.34917412,42013.0,557.3385647000001,2.65095729,661,667,18,0,649,648,122492,12,0,0,12,19
2020-09-27,US,Pennsylvania,Bradford,148,3,0,41.78869215,-76.51570822,42015.0,245.345888,2.027027027,145,139,3,0,136,135,60833,9,0,0,9,4
2020-09-27,US,Pennsylvania,Bucks,8789,607,0,40.33682119,-75.10836643,42017.0,1398.920846,6.906360222999999,8182,8760,607,0,8153,8704,628195,29,0,0,29,56
2020-09-27,US,Pennsylvania,Butler,1049,25,0,40.91152759,-79.91351055,42019.0,558.4153567000001,2.383222116,1024,1045,25,0,1020,1034,187888,4,0,0,4,11
2020-09-27,US,Pennsylvania,Cambria,574,7,0,40.49527404,-78.71377428,42021.0,440.88730489999995,1.219512195,567,567,7,0,560,560,131730,7,0,0,7,7
2020-09-27,US,Pennsylvania,Cameron,8,0,0,41.43625568,-78.20376845,42023.0,179.8965595,0.0,8,8,0,0,8,8,4492,0,0,0,0,0
2020-09-27,US,Pennsylvania,Carbon,463,28,0,40.91545395,-75.7068525,42025.0,721.3860584,6.0475161989999995,435,463,28,0,435,462,64227,0,0,0,0,1
2020-09-27,US,Pennsylvania,Centre,2481,11,0,40.92058903,-77.82200624,42027.0,1527.850479,0.443369609,2470,2393,11,0,2382,2231,162805,88,0,0,88,162
2020-09-27,US,Pennsylvania,Chester,6777,367,0,39.97291773,-75.74768357,42029.0,1290.88419,5.415375535,6410,6777,367,0,6410,6777,522046,0,0,0,0,0
2020-09-27,US,Pennsylvania,Clarion,122,3,0,41.19265812,-79.42413524,42031.0,317.3942453,2.459016393,119,121,3,0,118,120,38779,1,0,0,1,1
2020-09-27,US,Pennsylvania,Clearfield,323,6,0,41.00110782,-78.47592663,42033.0,407.5452653,1.857585139,317,319,5,0,314,317,79388,4,1,0,3,2
2020-09-27,US,Pennsylvania,Clinton,207,6,0,41.23255967,-77.63785995,42035.0,535.8252226,2.898550725,201,205,6,0,199,204,38684,2,0,0,2,1
2020-09-27,US,Pennsylvania,Columbia,889,35,0,41.04821986,-76.40565017,42037.0,1368.450219,3.937007874,854,885,35,0,850,883,65456,4,0,0,4,2
2020-09-27,US,Pennsylvania,Crawford,305,3,0,41.68447709,-80.10760592,42039.0,360.39655439999996,0.983606557,302,304,3,0,301,303,85063,1,0,0,1,1
2020-09-27,US,Pennsylvania,Cumberland,1859,77,0,40.1625372,-77.26130755,42041.0,733.7095947,4.142011834,1782,1843,77,0,1766,1814,251423,16,0,0,16,29
2020-09-27,US,Pennsylvania,Dauphin,3788,181,0,40.41377078,-76.77993242,42043.0,1361.125983,4.778247096,3607,3783,181,0,3602,3767,277097,5,0,0,5,16
2020-09-27,US,Pennsylvania,Delaware,11401,756,0,39.91680171,-75.40243663,42045.0,2011.6559949999998,6.630997281,10645,11344,756,0,10588,11311,564751,57,0,0,57,33
2020-09-27,US,Pennsylvania,Elk,72,2,0,41.42822061,-78.64524744,42047.0,240.72216650000001,2.777777778,70,71,2,0,69,72,30169,1,0,0,1,-1
2020-09-27,US,Pennsylvania,Erie,1544,38,0,41.99253829,-80.03301954,42049.0,572.4285206000001,2.461139896,1506,1537,38,0,1499,1526,272061,7,0,0,7,11
2020-09-27,US,Pennsylvania,Fayette,799,7,0,39.92041012,-79.64291195,42051.0,618.0670514,0.876095119,792,794,7,0,787,788,130441,5,0,0,5,6
2020-09-27,US,Pennsylvania,Forest,15,0,0,41.51095103,-79.23229292,42053.0,206.9821995,0.0,15,15,0,0,15,15,7279,0,0,0,0,0
2020-09-27,US,Pennsylvania,Franklin,1774,50,0,39.92956518,-77.72157791,42055.0,1144.316796,2.81848929,1724,1763,50,0,1713,1757,154835,11,0,0,11,6
2020-09-27,US,Pennsylvania,Fulton,48,2,0,39.92913544,-78.11163677,42057.0,330.3509979,4.166666667,46,47,2,0,45,47,14523,1,0,0,1,0
2020-09-27,US,Pennsylvania,Greene,187,1,0,39.85746531,-80.22357106,42059.0,516.104104,0.534759358,186,184,1,0,183,183,36506,3,0,0,3,1
2020-09-27,US,Pennsylvania,Huntingdon,403,6,0,40.42162652,-77.97673273,42061.0,892.6989189999999,1.488833747,397,402,6,0,396,401,45168,1,0,0,1,1
2020-09-27,US,Pennsylvania,Indiana,707,12,0,40.65241041,-79.08963285,42063.0,840.9358534,1.6973125880000002,695,699,12,0,687,692,84501,8,0,0,8,7
2020-09-27,US,Pennsylvania,Jefferson,113,3,0,41.12913106,-78.9986361,42065.0,260.218768,2.654867257,110,112,3,0,109,111,43641,1,0,0,1,1
2020-09-27,US,Pennsylvania,Juniata,191,7,0,40.53358749,-77.39975129999999,42067.0,771.3120381,3.664921466,184,191,7,0,184,186,24704,0,0,0,0,5
2020-09-27,US,Pennsylvania,Lackawanna,2541,217,0,41.43564672,-75.60379201,42069.0,1211.881301,8.539944904,2324,2505,217,0,2288,2459,210793,36,0,0,36,46
2020-09-27,US,Pennsylvania,Lancaster,7859,458,0,40.03904563,-76.24770128,42071.0,1440.1052550000002,5.82771345,7401,7811,458,0,7353,7770,543557,48,0,0,48,41
2020-09-27,US,Pennsylvania,Lawrence,519,23,0,40.99206278,-80.33393706,42073.0,606.9323603999999,4.431599229,496,517,23,0,494,510,86184,2,0,0,2,7
2020-09-27,US,Pennsylvania,Lebanon,2037,59,0,40.36680311,-76.45651841,42075.0,1436.601243,2.896416298,1978,2015,59,0,1956,2001,141314,22,0,0,22,14
2020-09-27,US,Pennsylvania,Lehigh,5623,353,0,40.6154815,-75.59435245,42077.0,1522.536134,6.277787657999999,5270,5597,353,0,5244,5568,368100,26,0,0,26,29
2020-09-27,US,Pennsylvania,Luzerne,4102,190,0,41.17823008,-75.98447579,42079.0,1292.306335,4.631886884,3912,4088,189,0,3899,4071,317646,14,1,0,13,17
2020-09-27,US,Pennsylvania,Lycoming,690,25,0,41.34310539,-77.06629984,42081.0,609.0080230000001,3.623188406,665,671,25,0,646,658,113664,19,0,0,19,13
2020-09-27,US,Pennsylvania,McKean,57,2,0,41.80938602,-78.56478358,42083.0,140.3076923,3.50877193,55,57,2,0,55,57,40968,0,0,0,0,0
2020-09-27,US,Pennsylvania,Mercer,728,17,0,41.30248872,-80.25816981,42085.0,665.3019447,2.335164835,711,725,17,0,708,720,110683,3,0,0,3,5
2020-09-27,US,Pennsylvania,Mifflin,224,2,0,40.61116939,-77.61070738,42087.0,485.5000217,0.892857143,222,222,2,0,220,221,46222,2,0,0,2,1
2020-09-27,US,Pennsylvania,Monroe,1792,133,0,41.05934058,-75.34031025,42089.0,1052.439934,7.421875,1659,1790,133,0,1657,1787,169507,2,0,0,2,3
2020-09-27,US,Pennsylvania,Montgomery,12180,878,0,40.21053671,-75.36652296,42091.0,1465.853908,7.208538588,11302,12144,878,0,11266,12084,828604,36,0,0,36,60
2020-09-27,US,Pennsylvania,Montour,174,5,0,41.03023987,-76.66345939,42093.0,954.4706527999999,2.873563218,169,170,5,0,165,168,18240,4,0,0,4,2
2020-09-27,US,Pennsylvania,Northampton,4487,305,0,40.75182733,-75.30471829,42095.0,1469.7741449999999,6.797414754,4182,4476,305,0,4171,4457,304807,11,0,0,11,19
2020-09-27,US,Pennsylvania,Northumberland,1024,55,0,40.84785433,-76.70798222,42097.0,1127.219489,5.37109375,969,976,54,0,922,963,91083,48,1,0,47,13
2020-09-27,US,Pennsylvania,Perry,222,6,0,40.40206612,-77.26297447,42099.0,479.7717842,2.702702703,216,218,6,0,212,217,46139,4,0,0,4,1
2020-09-27,US,Pennsylvania,Philadelphia,36187,1799,0,40.00338507,-75.1379271,42101.0,2284.440528,4.971398569,34388,36187,1799,0,34388,36187,1584138,0,0,0,0,0
2020-09-27,US,Pennsylvania,Pike,577,22,0,41.33155042,-75.03208106,42103.0,1033.883424,3.8128249569999997,555,574,22,0,552,572,55933,3,0,0,3,2
2020-09-27,US,Pennsylvania,Potter,29,0,0,41.74471626,-77.89559864,42105.0,175.4810601,0.0,29,28,0,0,28,28,16622,1,0,0,1,0
2020-09-27,US,Pennsylvania,Schuylkill,1143,52,0,40.70497338,-76.2150785,42107.0,808.579574,4.549431321,1091,1122,52,0,1070,1101,142067,21,0,0,21,21
2020-09-27,US,Pennsylvania,Snyder,314,4,0,40.77129231,-77.06840691,42109.0,777.7667690000001,1.27388535,310,305,4,0,301,298,40540,9,0,0,9,7
2020-09-27,US,Pennsylvania,Somerset,218,3,0,39.97172723,-79.02699593,42111.0,296.81266760000005,1.376146789,215,215,3,0,212,212,73952,3,0,0,3,3
2020-09-27,US,Pennsylvania,Sullivan,13,0,0,41.44634738,-76.51246591,42113.0,214.3092648,0.0,13,12,0,0,12,11,6071,1,0,0,1,1
2020-09-27,US,Pennsylvania,Susquehanna,293,28,0,41.82147784,-75.80071959,42115.0,726.5423527,9.556313993,265,293,28,0,265,293,40589,0,0,0,0,0
2020-09-27,US,Pennsylvania,Tioga,70,3,0,41.77255149,-77.25433032,42117.0,172.4520214,4.285714286,67,68,3,0,65,67,40763,2,0,0,2,1
2020-09-27,US,Pennsylvania,Union,472,6,0,40.96188846,-77.05996014,42119.0,1050.686731,1.271186441,466,472,6,0,466,464,44785,0,0,0,0,8
2020-09-27,US,Pennsylvania,Venango,85,1,0,41.40323442,-79.75845449,42121.0,167.75874319999997,1.176470588,84,84,1,0,83,84,51266,1,0,0,1,0
2020-09-27,US,Pennsylvania,Warren,43,1,0,41.81304978,-79.26969577,42123.0,109.71906820000001,2.325581395,42,43,1,0,42,42,39498,0,0,0,0,1
2020-09-27,US,Pennsylvania,Washington,1338,30,0,40.19208869,-80.24582867,42125.0,646.7986367999999,2.242152466,1308,1328,30,0,1298,1320,207346,10,0,0,10,8
2020-09-27,US,Pennsylvania,Wayne,232,10,0,41.64938475,-75.29956506,42127.0,451.70460080000004,4.310344828,222,226,10,0,216,224,51276,6,0,0,6,2
2020-09-27,US,Pennsylvania,Westmoreland,2225,54,0,40.31377979999999,-79.46615476,42129.0,637.7203718,2.426966292,2171,2203,54,0,2149,2184,350611,22,0,0,22,19
2020-09-27,US,Pennsylvania,Wyoming,76,8,0,41.51955538,-76.01074915,42131.0,283.6455923,10.52631579,68,75,8,0,67,74,27046,1,0,0,1,1
2020-09-27,US,Pennsylvania,York,4828,156,0,39.9210089,-76.73040131,42133.0,1075.139514,3.2311516160000004,4672,4784,156,0,4628,4752,448273,44,0,0,44,32
2020-09-27,US,Puerto Rico,Adjuntas,147,0,0,18.180117000000003,-66.754367,72001.0,754.5039264999999,0.0,147,145,0,0,145,145,,2,0,0,2,0
2020-09-27,US,Puerto Rico,Aguada,338,0,0,18.360255,-67.17513100000001,72003.0,805.5482732999999,0.0,338,327,0,0,327,323,,11,0,0,11,4
2020-09-27,US,Puerto Rico,Aguadilla,435,0,0,18.459681,-67.12081500000001,72005.0,713.7114637,0.0,435,427,0,0,427,424,,8,0,0,8,3
2020-09-27,US,Puerto Rico,Aguas Buenas,269,0,0,18.251619,-66.126806,72007.0,938.6231200999999,0.0,269,265,0,0,265,265,,4,0,0,4,0
2020-09-27,US,Puerto Rico,Aibonito,156,0,0,18.131361,-66.264131,72009.0,602.3166022999999,0.0,156,154,0,0,154,153,,2,0,0,2,1
2020-09-27,US,Puerto Rico,Anasco,222,0,0,18.287985,-67.120611,72011.0,758.6890400000001,0.0,222,220,0,0,220,220,,2,0,0,2,0
2020-09-27,US,Puerto Rico,Arecibo,827,0,0,18.406631,-66.675077,72013.0,857.5279967,0.0,827,813,0,0,813,794,,14,0,0,14,19
2020-09-27,US,Puerto Rico,Arroyo,165,0,0,17.998457000000002,-66.056546,72015.0,842.9118774,0.0,165,164,0,0,164,162,,1,0,0,1,2
2020-09-27,US,Puerto Rico,Barceloneta,239,0,0,18.445532999999998,-66.56053100000001,72017.0,963.0883301000001,0.0,239,230,0,0,230,228,,9,0,0,9,2
2020-09-27,US,Puerto Rico,Barranquitas,446,0,0,18.201592,-66.30963,72019.0,1471.07329,0.0,446,437,0,0,437,436,,9,0,0,9,1
2020-09-27,US,Puerto Rico,Bayamon,3695,0,0,18.34946,-66.168435,72021.0,1775.4521519999998,0.0,3695,3633,0,0,3633,3585,,62,0,0,62,48
2020-09-27,US,Puerto Rico,Cabo Rojo,342,0,0,18.040993,-67.154391,72023.0,671.6813638,0.0,342,331,0,0,331,330,,11,0,0,11,1
2020-09-27,US,Puerto Rico,Caguas,1596,0,0,18.211615,-66.050779,72025.0,1116.919653,0.0,1596,1555,0,0,1555,1543,,41,0,0,41,12
2020-09-27,US,Puerto Rico,Camuy,283,0,0,18.418578,-66.860206,72027.0,804.9148156,0.0,283,278,0,0,278,269,,5,0,0,5,9
2020-09-27,US,Puerto Rico,Canovanas,690,0,0,18.328802,-65.887612,72029.0,1448.119543,0.0,690,682,0,0,682,669,,8,0,0,8,13
2020-09-27,US,Puerto Rico,Carolina,2611,0,0,18.374986,-65.95683100000001,72031.0,1477.1274369999999,0.0,2611,2563,0,0,2563,2533,,48,0,0,48,30
2020-09-27,US,Puerto Rico,Catano,449,0,0,18.437269,-66.14330600000001,72033.0,1595.593461,0.0,449,439,0,0,439,430,,10,0,0,10,9
2020-09-27,US,Puerto Rico,Cayey,354,0,0,18.102851,-66.14914,72035.0,735.6761362000001,0.0,354,350,0,0,350,345,,4,0,0,4,5
2020-09-27,US,Puerto Rico,Ceiba,132,0,0,18.251818,-65.666416,72037.0,968.3808965,0.0,132,131,0,0,131,122,,1,0,0,1,9
2020-09-27,US,Puerto Rico,Ciales,252,0,0,18.28885,-66.516475,72039.0,1341.7101480000001,0.0,252,243,0,0,243,237,,9,0,0,9,6
2020-09-27,US,Puerto Rico,Cidra,314,0,0,18.173559,-66.161179,72041.0,722.1711132,0.0,314,312,0,0,312,310,,2,0,0,2,2
2020-09-27,US,Puerto Rico,Coamo,289,0,0,18.097597,-66.36014,72043.0,713.3688784,0.0,289,281,0,0,281,280,,8,0,0,8,1
2020-09-27,US,Puerto Rico,Comerio,250,0,0,18.224687,-66.221622,72045.0,1203.195688,0.0,250,249,0,0,249,249,,1,0,0,1,0
2020-09-27,US,Puerto Rico,Corozal,611,0,0,18.304264,-66.327738,72047.0,1645.0379619999999,0.0,611,609,0,0,609,604,,2,0,0,2,5
2020-09-27,US,Puerto Rico,Culebra,23,0,0,18.31586,-65.28813000000001,72049.0,1265.1265130000002,0.0,23,23,0,0,23,23,,0,0,0,0,0
2020-09-27,US,Puerto Rico,Dorado,786,0,0,18.436115,-66.278669,72051.0,2059.47858,0.0,786,772,0,0,772,764,,14,0,0,14,8
2020-09-27,US,Puerto Rico,Fajardo,543,0,0,18.318373,-65.666866,72053.0,1467.845268,0.0,543,518,0,0,518,517,,25,0,0,25,1
2020-09-27,US,Puerto Rico,Florida,269,0,0,18.373715,-66.560488,72054.0,2121.4511039999998,0.0,269,266,0,0,266,265,,3,0,0,3,1
2020-09-27,US,Puerto Rico,Guanica,104,0,0,17.982429,-66.91964300000001,72055.0,535.337417,0.0,104,103,0,0,103,101,,1,0,0,1,2
2020-09-27,US,Puerto Rico,Guayama,287,0,0,18.007516,-66.13390799999999,72057.0,632.6881531,0.0,287,285,0,0,285,284,,2,0,0,2,1
2020-09-27,US,Puerto Rico,Guayanilla,179,0,0,18.039942,-66.79186,72059.0,829.4332977999999,0.0,179,173,0,0,173,169,,6,0,0,6,4
2020-09-27,US,Puerto Rico,Guaynabo,1720,0,0,18.345114000000002,-66.11452299999999,72061.0,1756.4641969999998,0.0,1720,1681,0,0,1681,1657,,39,0,0,39,24
2020-09-27,US,Puerto Rico,Gurabo,533,0,0,18.266461,-65.97970500000001,72063.0,1174.810994,0.0,533,528,0,0,528,523,,5,0,0,5,5
2020-09-27,US,Puerto Rico,Hatillo,310,0,0,18.410928,-66.79632600000001,72065.0,738.9221271,0.0,310,302,0,0,302,278,,8,0,0,8,24
2020-09-27,US,Puerto Rico,Hormigueros,174,0,0,18.134532,-67.113972,72067.0,1008.695652,0.0,174,172,0,0,172,168,,2,0,0,2,4
2020-09-27,US,Puerto Rico,Humacao,529,0,0,18.145211,-65.810174,72069.0,904.7993706,0.0,529,521,0,0,521,510,,8,0,0,8,11
2020-09-27,US,Puerto Rico,Isabela,268,0,0,18.44981,-67.005093,72071.0,587.3200237000001,0.0,268,263,0,0,263,258,,5,0,0,5,5
2020-09-27,US,Puerto Rico,Jayuya,228,0,0,18.211446,-66.58878,72073.0,1370.027641,0.0,228,228,0,0,228,228,,0,0,0,0,0
2020-09-27,US,Puerto Rico,Juana Diaz,346,0,0,18.050764,-66.49458100000001,72075.0,433.05756160000004,0.0,346,337,0,0,337,334,,9,0,0,9,3
2020-09-27,US,Puerto Rico,Juncos,390,0,0,18.223793,-65.909109,72077.0,967.9821296,0.0,390,385,0,0,385,380,,5,0,0,5,5
2020-09-27,US,Puerto Rico,Lajas,162,0,0,18.011661,-67.040585,72079.0,629.0529259,0.0,162,155,0,0,155,155,,7,0,0,7,0
2020-09-27,US,Puerto Rico,Lares,328,0,0,18.269035000000002,-66.867236,72081.0,1066.562612,0.0,328,326,0,0,326,323,,2,0,0,2,3
2020-09-27,US,Puerto Rico,Las Marias,108,0,0,18.23679,-66.98362,72083.0,1093.006781,0.0,108,106,0,0,106,105,,2,0,0,2,1
2020-09-27,US,Puerto Rico,Las Piedras,488,0,0,18.187527,-65.86946800000001,72085.0,1261.7970269999998,0.0,488,476,0,0,476,472,,12,0,0,12,4
2020-09-27,US,Puerto Rico,Loiza,270,0,0,18.425688,-65.89943000000001,72087.0,898.2035927999999,0.0,270,268,0,0,268,262,,2,0,0,2,6
2020-09-27,US,Puerto Rico,Luquillo,261,0,0,18.342114000000002,-65.72509699999999,72089.0,1300.578035,0.0,261,257,0,0,257,254,,4,0,0,4,3
2020-09-27,US,Puerto Rico,Manati,552,0,0,18.420473,-66.490461,72091.0,1251.331807,0.0,552,533,0,0,533,529,,19,0,0,19,4
2020-09-27,US,Puerto Rico,Maricao,85,0,0,18.171795,-66.942126,72093.0,1354.3658380000002,0.0,85,82,0,0,82,81,,3,0,0,3,1
2020-09-27,US,Puerto Rico,Maunabo,118,0,0,18.017889,-65.922235,72095.0,965.2351738,0.0,118,113,0,0,113,110,,5,0,0,5,3
2020-09-27,US,Puerto Rico,Mayaguez,813,0,0,18.2013,-67.1452,72097.0,912.662775,0.0,813,787,0,0,787,781,,26,0,0,26,6
2020-09-27,US,Puerto Rico,Moca,343,0,0,18.377805,-67.080952,72099.0,855.1696627,0.0,343,335,0,0,335,334,,8,0,0,8,1
2020-09-27,US,Puerto Rico,Morovis,521,0,0,18.316963,-66.420383,72101.0,1597.669427,0.0,521,516,0,0,516,514,,5,0,0,5,2
2020-09-27,US,Puerto Rico,Naguabo,206,0,0,18.230636999999998,-65.753897,72103.0,770.9580837999999,0.0,206,204,0,0,204,202,,2,0,0,2,2
2020-09-27,US,Puerto Rico,Naranjito,622,0,0,18.288019,-66.252703,72105.0,2045.918032,0.0,622,616,0,0,616,614,,6,0,0,6,2
2020-09-27,US,Puerto Rico,Orocovis,336,0,0,18.215046,-66.433604,72107.0,1434.48747,0.0,336,332,0,0,332,331,,4,0,0,4,1
2020-09-27,US,Puerto Rico,Out of PR,790,0,0,0.0,0.0,72888.0,0.0,0.0,790,793,0,0,793,791,,-3,0,0,-3,2
2020-09-27,US,Puerto Rico,Patillas,169,0,0,18.03174,-66.012242,72109.0,876.6924313999999,0.0,169,168,0,0,168,168,,1,0,0,1,0
2020-09-27,US,Puerto Rico,Penuelas,119,0,0,18.059645,-66.721572,72111.0,490.0749526000001,0.0,119,119,0,0,119,117,,0,0,0,0,2
2020-09-27,US,Puerto Rico,Ponce,889,0,0,18.059498,-66.613748,72113.0,534.4892892,0.0,889,875,0,0,875,867,,14,0,0,14,8
2020-09-27,US,Puerto Rico,Quebradillas,179,0,0,18.439692,-66.926113,72115.0,690.6130638,0.0,179,179,0,0,179,177,,0,0,0,0,2
2020-09-27,US,Puerto Rico,Rincon,193,0,0,18.335442999999998,-67.23174,72117.0,1269.736842,0.0,193,182,0,0,182,180,,11,0,0,11,2
2020-09-27,US,Puerto Rico,Rio Grande,597,0,0,18.346329,-65.813742,72119.0,1099.366529,0.0,597,587,0,0,587,583,,10,0,0,10,4
2020-09-27,US,Puerto Rico,Sabana Grande,202,0,0,18.08282,-66.943758,72121.0,799.5250346,0.0,202,196,0,0,196,194,,6,0,0,6,2
2020-09-27,US,Puerto Rico,Salinas,431,0,0,18.010386999999998,-66.256592,72123.0,1386.83313,0.0,431,426,0,0,426,421,,5,0,0,5,5
2020-09-27,US,Puerto Rico,San German,263,0,0,18.111484,-67.03858100000001,72125.0,740.2820389999999,0.0,263,247,0,0,247,245,,16,0,0,16,2
2020-09-27,US,Puerto Rico,San Juan,7433,0,0,18.386933,-66.061128,72127.0,1880.220375,0.0,7433,7284,0,0,7284,7182,,149,0,0,149,102
2020-09-27,US,Puerto Rico,San Lorenzo,502,0,0,18.147987,-65.976392,72129.0,1222.6606259999999,0.0,502,489,0,0,489,475,,13,0,0,13,14
2020-09-27,US,Puerto Rico,San Sebastian,359,0,0,18.328646,-66.971214,72131.0,846.0994579,0.0,359,355,0,0,355,354,,4,0,0,4,1
2020-09-27,US,Puerto Rico,Santa Isabel,171,0,0,17.994525,-66.388913,72133.0,734.7254447,0.0,171,170,0,0,170,170,,1,0,0,1,0
2020-09-27,US,Puerto Rico,Toa Alta,1266,0,0,18.362406,-66.246616,72135.0,1709.2863120000002,0.0,1266,1244,0,0,1244,1237,,22,0,0,22,7
2020-09-27,US,Puerto Rico,Toa Baja,1349,0,0,18.431445999999998,-66.213553,72137.0,1505.429142,0.0,1349,1306,0,0,1306,1295,,43,0,0,43,11
2020-09-27,US,Puerto Rico,Trujillo Alto,1070,0,0,18.336159,-65.99888399999999,72139.0,1429.678523,0.0,1070,1039,0,0,1039,1026,,31,0,0,31,13
2020-09-27,US,Puerto Rico,Unassigned,521,644,0,0.0,0.0,72999.0,0.0,123.6084453,-123,517,642,0,-125,535,,4,2,0,2,-18
2020-09-27,US,Puerto Rico,Utuado,143,0,0,18.271214,-66.702984,72141.0,431.3855621999999,0.0,143,138,0,0,138,136,,5,0,0,5,2
2020-09-27,US,Puerto Rico,Vega Alta,761,0,0,18.409346,-66.33725,72143.0,1904.833421,0.0,761,745,0,0,745,741,,16,0,0,16,4
2020-09-27,US,Puerto Rico,Vega Baja,959,0,0,18.428262,-66.397924,72145.0,1607.388287,0.0,959,945,0,0,945,933,,14,0,0,14,12
2020-09-27,US,Puerto Rico,Vieques,89,0,0,18.123276,-65.44097099999999,72147.0,956.8863562999999,0.0,89,88,0,0,88,88,,1,0,0,1,0
2020-09-27,US,Puerto Rico,Villalba,132,0,0,18.127951,-66.473115,72149.0,506.27085489999996,0.0,132,131,0,0,131,129,,1,0,0,1,2
2020-09-27,US,Puerto Rico,Yabucoa,304,0,0,18.070399,-65.896289,72151.0,801.2440368,0.0,304,296,0,0,296,289,,8,0,0,8,7
2020-09-27,US,Puerto Rico,Yauco,399,0,0,18.080374,-66.858814,72153.0,949.0283757000001,0.0,399,393,0,0,393,390,,6,0,0,6,3
2020-09-27,US,Rhode Island,Bristol,404,0,0,41.71018079,-71.28652315,44001.0,833.3505229,0.0,404,404,0,0,404,404,48649,0,0,0,0,0
2020-09-27,US,Rhode Island,Kent,1867,0,0,41.67106337,-71.57641596,44003.0,1136.3913029999999,0.0,1867,1867,0,0,1867,1867,163861,0,0,0,0,0
2020-09-27,US,Rhode Island,Newport,518,0,0,41.5642026,-71.26569799,44005.0,631.0762407999999,0.0,518,518,0,0,518,518,82542,0,0,0,0,0
2020-09-27,US,Rhode Island,Providence,18437,0,0,41.87064746,-71.57753536,44007.0,2885.601106,0.0,18437,18437,0,0,18437,18437,636084,0,0,0,0,0
2020-09-27,US,Rhode Island,Unassigned,2152,1107,0,0.0,0.0,90044.0,0.0,51.44052045,1045,2152,1107,0,1045,2152,,0,0,0,0,0
2020-09-27,US,Rhode Island,Washington,803,0,0,41.45961631,-71.61435303,44009.0,639.4483066,0.0,803,803,0,0,803,803,126179,0,0,0,0,0
2020-09-27,US,South Carolina,Abbeville,579,12,0,34.22333378,-82.46170658,45001.0,2360.6637579999997,2.07253886,567,578,12,0,566,569,24541,1,0,0,1,9
2020-09-27,US,South Carolina,Aiken,4149,82,0,33.54338026,-81.63645384,45003.0,2428.13334,1.976379851,4067,4135,81,0,4054,4092,169401,14,1,0,13,43
2020-09-27,US,South Carolina,Allendale,383,6,0,32.98837386,-81.35321066,45005.0,4408.379374,1.566579634,377,381,6,0,375,381,8903,2,0,0,2,0
2020-09-27,US,South Carolina,Anderson,4463,176,0,34.51828081,-82.63959517,45007.0,2203.319543,3.943535738,4287,4452,176,0,4276,4332,200482,11,0,0,11,120
2020-09-27,US,South Carolina,Bamberg,645,33,0,33.21927586,-81.05659969,45009.0,4585.52538,5.11627907,612,642,33,0,609,640,14275,3,0,0,3,2
2020-09-27,US,South Carolina,Barnwell,709,16,0,33.26679302,-81.43584352,45011.0,3397.872136,2.256699577,693,702,16,0,686,695,21112,7,0,0,7,7
2020-09-27,US,South Carolina,Beaufort,5622,83,0,32.39226291,-80.72619758,45013.0,2926.265602,1.4763429380000002,5539,5614,83,0,5531,5598,188715,8,0,0,8,16
2020-09-27,US,South Carolina,Berkeley,5512,88,0,33.20222596,-79.94654523,45015.0,2418.530365,1.596516691,5424,5466,88,0,5378,5439,221091,46,0,0,46,27
2020-09-27,US,South Carolina,Calhoun,454,17,0,33.66926881,-80.77722168,45017.0,3119.631691,3.744493392,437,448,17,0,431,447,14520,6,0,0,6,1
2020-09-27,US,South Carolina,Charleston,15817,260,0,32.82487866,-79.96512315,45019.0,3844.6206420000003,1.6438009740000001,15557,15780,260,0,15520,15728,405905,37,0,0,37,52
2020-09-27,US,South Carolina,Cherokee,1163,36,0,35.05122251,-81.61828622,45021.0,2029.6684120000002,3.09544282,1127,1162,36,0,1126,1143,57078,1,0,0,1,19
2020-09-27,US,South Carolina,Chester,1043,21,0,34.69249168,-81.1583216,45023.0,3234.710334,2.013422819,1022,1039,21,0,1018,1033,32251,4,0,0,4,6
2020-09-27,US,South Carolina,Chesterfield,1230,37,0,34.64137396,-80.15640140000001,45025.0,2694.4140199999997,3.0081300810000005,1193,1226,37,0,1189,1215,45754,4,0,0,4,11
2020-09-27,US,South Carolina,Clarendon,1101,66,0,33.66610974,-80.21647898,45027.0,3262.705586,5.9945504089999995,1035,1098,66,0,1032,1092,33700,3,0,0,3,6
2020-09-27,US,South Carolina,Colleton,1031,42,0,32.87582989,-80.67641292,45029.0,2736.417443,4.07371484,989,1022,42,0,980,1013,37660,9,0,0,9,9
2020-09-27,US,South Carolina,Darlington,2056,53,0,34.33358335,-79.96027485,45031.0,3086.2529649999997,2.577821012,2003,2045,53,0,1992,2035,66802,11,0,0,11,10
2020-09-27,US,South Carolina,Dillon,1039,37,0,34.39007791,-79.37741872,45033.0,3408.904492,3.5611164580000003,1002,1027,37,0,990,1016,30599,12,0,0,12,11
2020-09-27,US,South Carolina,Dorchester,4173,91,0,33.0794369,-80.40502652,45035.0,2563.1261170000002,2.1806853580000003,4082,4163,91,0,4072,4112,160647,10,0,0,10,51
2020-09-27,US,South Carolina,Edgefield,814,18,0,33.77221995,-81.96231108,45037.0,2986.060161,2.211302211,796,813,18,0,795,806,27052,1,0,0,1,7
2020-09-27,US,South Carolina,Fairfield,765,35,0,34.39287073,-81.1195624,45039.0,3423.278292,4.575163399,730,763,35,0,728,761,22402,2,0,0,2,2
2020-09-27,US,South Carolina,Florence,4931,190,0,34.02361754,-79.70189312,45041.0,3565.6179270000002,3.8531737980000003,4741,4912,190,0,4722,4890,138159,19,0,0,19,22
2020-09-27,US,South Carolina,Georgetown,1893,45,0,33.43443342,-79.33202141,45043.0,3020.102106,2.377179081,1848,1892,45,0,1847,1885,62249,1,0,0,1,7
2020-09-27,US,South Carolina,Greenville,14356,299,0,34.89502264,-82.37295012,45045.0,2742.09137,2.082752856,14057,14318,299,0,14019,14203,514213,38,0,0,38,115
2020-09-27,US,South Carolina,Greenwood,2213,72,0,34.15272415,-82.12715789,45047.0,3125.2206579999997,3.253502033,2141,2212,72,0,2140,2196,70741,1,0,0,1,16
2020-09-27,US,South Carolina,Hampton,645,26,0,32.77419582,-81.13845571,45049.0,3355.5301219999997,4.031007752,619,644,25,0,619,637,19351,1,1,0,0,7
2020-09-27,US,South Carolina,Horry,10353,196,0,33.9212828,-78.99555293,45051.0,2923.907242,1.893171062,10157,10326,196,0,10130,10292,344147,27,0,0,27,34
2020-09-27,US,South Carolina,Jasper,814,20,0,32.43171982,-81.02487495,45053.0,2706.746916,2.4570024569999998,794,812,20,0,792,806,28971,2,0,0,2,6
2020-09-27,US,South Carolina,Kershaw,1985,37,0,34.33988254,-80.58763164,45055.0,2982.674941,1.8639798490000001,1948,1972,37,0,1935,1951,65592,13,0,0,13,21
2020-09-27,US,South Carolina,Lancaster,2167,52,0,34.68270843,-80.70513032,45057.0,2210.9537609999998,2.399630826,2115,2155,52,0,2103,2134,95380,12,0,0,12,21
2020-09-27,US,South Carolina,Laurens,1676,56,0,34.48244419,-82.00490796,45059.0,2483.220482,3.341288783,1620,1650,56,0,1594,1642,66994,26,0,0,26,8
2020-09-27,US,South Carolina,Lee,719,34,0,34.16393091,-80.25690731,45061.0,4272.640837,4.728789986000001,685,719,34,0,685,713,17142,0,0,0,0,6
2020-09-27,US,South Carolina,Lexington,7278,158,0,33.89665987,-81.27146426,45063.0,2436.1506280000003,2.170926079,7120,7193,158,0,7035,7106,295032,85,0,0,85,87
2020-09-27,US,South Carolina,Marion,881,24,0,34.07859748,-79.36400756,45067.0,2873.731937,2.724177072,857,869,24,0,845,860,31039,12,0,0,12,9
2020-09-27,US,South Carolina,Marlboro,932,11,0,34.59905577,-79.67561152,45069.0,3568.420247,1.180257511,921,918,11,0,907,906,26398,14,0,0,14,12
2020-09-27,US,South Carolina,McCormick,234,6,0,33.90161443,-82.30794338,45065.0,2472.788756,2.564102564,228,233,6,0,227,231,9410,1,0,0,1,2
2020-09-27,US,South Carolina,Newberry,1249,27,0,34.28629098,-81.59935761,45071.0,3249.219563,2.161729384,1222,1245,27,0,1218,1230,38520,4,0,0,4,15
2020-09-27,US,South Carolina,Oconee,1419,26,0,34.75225169,-83.06742317,45073.0,1783.873482,1.832276251,1393,1412,26,0,1386,1387,78374,7,0,0,7,25
2020-09-27,US,South Carolina,Orangeburg,3115,126,0,33.4391073,-80.79886287,45075.0,3614.737453,4.04494382,2989,3099,126,0,2973,3092,86934,16,0,0,16,7
2020-09-27,US,South Carolina,Pickens,2937,45,0,34.88807695,-82.72791551,45077.0,2314.7126510000003,1.532175689,2892,2924,45,0,2879,2848,124937,13,0,0,13,76
2020-09-27,US,South Carolina,Richland,15250,240,0,34.01791263,-80.90267209,45079.0,3667.99035,1.573770492,15010,15191,239,0,14952,15014,414576,59,1,0,58,177
2020-09-27,US,South Carolina,Saluda,689,21,0,34.00795823,-81.72713237,45081.0,3365.408098,3.047895501,668,689,21,0,668,689,20544,0,0,0,0,0
2020-09-27,US,South Carolina,Spartanburg,6917,198,0,34.92960077,-81.99225984,45083.0,2163.015776,2.86251265,6719,6900,198,0,6702,6693,313888,17,0,0,17,207
2020-09-27,US,South Carolina,Sumter,3215,77,0,33.91826534,-80.37942316,45085.0,3012.527994,2.395023328,3138,3209,77,0,3132,3192,106512,6,0,0,6,17
2020-09-27,US,South Carolina,Union,565,12,0,34.68835752,-81.61730349,45087.0,2068.384829,2.123893805,553,564,12,0,552,562,27410,1,0,0,1,2
2020-09-27,US,South Carolina,Williamsburg,1335,44,0,33.62190129,-79.72767442,45089.0,4396.074815999999,3.29588015,1291,1327,44,0,1283,1326,30606,8,0,0,8,1
2020-09-27,US,South Carolina,York,5371,75,0,34.97281497,-81.18085944,45091.0,1911.530755,1.39638801,5296,5332,75,0,5257,5270,274118,39,0,0,39,62
2020-09-27,US,South Dakota,Aurora,54,0,0,43.71757685,-98.56050467,46003.0,1962.922574,0.0,54,51,0,0,51,48,2801,3,0,0,3,3
2020-09-27,US,South Dakota,Beadle,791,9,0,44.41464384,-98.27858469,46005.0,4286.56587,1.137800253,782,784,9,0,775,758,18883,7,0,0,7,26
2020-09-27,US,South Dakota,Bennett,67,1,0,43.19486375,-101.6665572,46007.0,1991.084695,1.4925373130000001,66,67,1,0,66,63,3468,0,0,0,0,4
2020-09-27,US,South Dakota,Bon Homme,84,1,0,42.98914167,-97.88592746,46009.0,1217.2148960000002,1.19047619,83,81,1,0,80,81,6980,3,0,0,3,0
2020-09-27,US,South Dakota,Brookings,763,2,0,44.36974375,-96.79079945,46011.0,2175.214528,0.262123198,761,751,2,0,749,731,35232,12,0,0,12,20
2020-09-27,US,South Dakota,Brown,1189,4,0,45.58994323,-98.35165355,46013.0,3061.355854,0.336417157,1185,1160,4,0,1156,1124,39316,29,0,0,29,36
2020-09-27,US,South Dakota,Brule,120,0,0,43.71756379,-99.08118954,46015.0,2265.4332640000002,0.0,120,115,0,0,115,110,5229,5,0,0,5,5
2020-09-27,US,South Dakota,Buffalo,138,3,0,44.07657829,-99.20814467,46017.0,7033.639144,2.173913043,135,135,3,0,132,135,2036,3,0,0,3,0
2020-09-27,US,South Dakota,Butte,102,3,0,44.90608745,-103.5079318,46019.0,978.0419982999999,2.9411764710000003,99,97,3,0,94,91,10222,5,0,0,5,6
2020-09-27,US,South Dakota,Campbell,29,0,0,45.77074915,-100.0510181,46021.0,2107.5581399999996,0.0,29,24,0,0,24,23,1377,5,0,0,5,1
2020-09-27,US,South Dakota,Charles Mix,173,0,0,43.20660134,-98.58856175,46023.0,1861.816616,0.0,173,171,0,0,171,160,9338,2,0,0,2,11
2020-09-27,US,South Dakota,Clark,40,0,0,44.85834507,-97.72925109,46025.0,1070.663812,0.0,40,40,0,0,40,37,3739,0,0,0,0,3
2020-09-27,US,South Dakota,Clay,563,5,0,42.91296147,-96.97656917,46027.0,4001.421464,0.888099467,558,558,5,0,553,554,14041,5,0,0,5,4
2020-09-27,US,South Dakota,Codington,872,4,0,44.97788119,-97.18827677,46029.0,3113.285016,0.458715596,868,842,4,0,838,805,28015,30,0,0,30,37
2020-09-27,US,South Dakota,Corson,91,1,0,45.70889983,-101.1970473,46031.0,2227.116985,1.098901099,90,91,1,0,90,91,4165,0,0,0,0,0
2020-09-27,US,South Dakota,Custer,185,2,0,43.67741105,-103.45345209999999,46033.0,2061.970575,1.081081081,183,182,2,0,180,181,8726,3,0,0,3,1
2020-09-27,US,South Dakota,Davison,295,2,0,43.67490933,-98.14458906,46035.0,1491.782554,0.6779661020000001,293,283,2,0,281,258,19790,12,0,0,12,25
2020-09-27,US,South Dakota,Day,76,0,0,45.367281,-97.60737498,46037.0,1401.179941,0.0,76,74,0,0,74,70,5505,2,0,0,2,4
2020-09-27,US,South Dakota,Deuel,84,0,0,44.75994309,-96.66943645,46039.0,1930.5906690000002,0.0,84,83,0,0,83,82,4337,1,0,0,1,1
2020-09-27,US,South Dakota,Dewey,144,0,0,45.15639647,-100.8709139,46041.0,2443.991853,0.0,144,144,0,0,144,143,5904,0,0,0,0,1
2020-09-27,US,South Dakota,Douglas,80,1,0,43.38520741,-98.36978007,46043.0,2738.788086,1.25,79,81,1,0,80,79,2935,-1,0,0,-1,2
2020-09-27,US,South Dakota,Edmunds,93,0,0,45.41846445,-99.21545423,46045.0,2428.832593,0.0,93,91,0,0,91,91,3875,2,0,0,2,0
2020-09-27,US,South Dakota,Fall River,94,3,0,43.23929297,-103.5275691,46047.0,1400.268136,3.191489362,91,93,3,0,90,92,6758,1,0,0,1,1
2020-09-27,US,South Dakota,Faulk,73,1,0,45.07082625,-99.14535601,46049.0,3175.2936059999997,1.369863014,72,71,1,0,70,66,2330,2,0,0,2,5
2020-09-27,US,South Dakota,Grant,128,1,0,45.1723937,-96.77002276,46051.0,1815.087918,0.78125,127,124,1,0,123,114,7147,4,0,0,4,10
2020-09-27,US,South Dakota,Gregory,127,3,0,43.19419064,-99.18883902,46053.0,3034.647551,2.362204724,124,125,3,0,122,118,4212,2,0,0,2,7
2020-09-27,US,South Dakota,Haakon,24,0,0,44.29299053,-101.539099,46055.0,1263.823065,0.0,24,23,0,0,23,22,1918,1,0,0,1,1
2020-09-27,US,South Dakota,Hamlin,99,0,0,44.67385954,-97.18829593,46057.0,1606.099935,0.0,99,97,0,0,97,90,6111,2,0,0,2,7
2020-09-27,US,South Dakota,Hand,38,0,0,44.54708407,-99.00386459,46059.0,1190.849264,0.0,38,36,0,0,36,35,3262,2,0,0,2,1
2020-09-27,US,South Dakota,Hanson,38,0,0,43.6746384,-97.78715148,46061.0,1100.492326,0.0,38,37,0,0,37,35,3376,1,0,0,1,2
2020-09-27,US,South Dakota,Harding,4,0,0,45.58015551,-103.4958629,46063.0,308.1664099,0.0,4,5,0,0,5,5,1249,-1,0,0,-1,0
2020-09-27,US,South Dakota,Hughes,437,5,0,44.39091534,-99.99661148,46065.0,2493.4383199999997,1.14416476,432,429,5,0,424,384,17650,8,0,0,8,45
2020-09-27,US,South Dakota,Hutchinson,99,2,0,43.33449012,-97.75536441,46067.0,1357.8384310000001,2.02020202,97,95,2,0,93,88,7380,4,0,0,4,7
2020-09-27,US,South Dakota,Hyde,19,0,0,44.54747703,-99.48572582,46069.0,1460.4150650000001,0.0,19,19,0,0,19,19,1282,0,0,0,0,0
2020-09-27,US,South Dakota,Jackson,34,1,0,43.69318385,-101.6255063,46071.0,1016.746411,2.9411764710000003,33,34,1,0,33,32,3307,0,0,0,0,2
2020-09-27,US,South Dakota,Jerauld,84,1,0,44.06637798,-98.62965972,46073.0,4172.876304,1.19047619,83,83,1,0,82,81,2043,1,0,0,1,2
2020-09-27,US,South Dakota,Jones,13,0,0,43.96278565,-100.6940008,46075.0,1439.645626,0.0,13,13,0,0,13,10,928,0,0,0,0,3
2020-09-27,US,South Dakota,Kingsbury,55,0,0,44.36956169,-97.4913945,46077.0,1113.5857460000002,0.0,55,55,0,0,55,52,4919,0,0,0,0,3
2020-09-27,US,South Dakota,Lake,195,7,0,44.02193107,-97.12926365,46079.0,1523.794639,3.58974359,188,190,7,0,183,188,13057,5,0,0,5,2
2020-09-27,US,South Dakota,Lawrence,402,4,0,44.35919441,-103.79294279999999,46081.0,1555.486767,0.9950248759999999,398,395,4,0,391,380,25741,7,0,0,7,15
2020-09-27,US,South Dakota,Lincoln,1355,2,0,43.27841182,-96.72039050000001,46083.0,2216.660123,0.147601476,1353,1331,2,0,1329,1296,58807,24,0,0,24,35
2020-09-27,US,South Dakota,Lyman,160,3,0,43.89522709,-99.85201878,46085.0,4231.684739,1.875,157,155,3,0,152,146,3821,5,0,0,5,9
2020-09-27,US,South Dakota,Marshall,38,0,0,45.75870838,-97.59855639,46091.0,770.0101317000001,0.0,38,38,0,0,38,38,5112,0,0,0,0,0
2020-09-27,US,South Dakota,McCook,96,1,0,43.6742571,-97.36863144,46087.0,1718.58217,1.041666667,95,93,1,0,92,92,5546,3,0,0,3,1
2020-09-27,US,South Dakota,McPherson,33,0,0,45.76626028,-99.22118798,46089.0,1387.1374529999998,0.0,33,33,0,0,33,31,2407,0,0,0,0,2
2020-09-27,US,South Dakota,Meade,537,5,0,44.56676791,-102.71627409999999,46093.0,1895.3833120000002,0.931098696,532,519,5,0,514,509,28294,18,0,0,18,10
2020-09-27,US,South Dakota,Mellette,30,0,0,43.58078848,-100.7563186,46095.0,1455.604076,0.0,30,30,0,0,30,30,2042,0,0,0,0,0
2020-09-27,US,South Dakota,Miner,23,0,0,44.02197882,-97.60992207,46097.0,1037.906137,0.0,23,21,0,0,21,20,2213,2,0,0,2,1
2020-09-27,US,South Dakota,Minnehaha,6650,81,0,43.67441641,-96.7910885,46099.0,3443.205236,1.218045113,6569,6580,81,0,6499,6508,192876,70,0,0,70,72
2020-09-27,US,South Dakota,Moody,90,0,0,44.02266214,-96.67081159,46101.0,1368.613139,0.0,90,90,0,0,90,85,6579,0,0,0,0,5
2020-09-27,US,South Dakota,Oglala Lakota,281,3,0,43.33749164,-102.55554980000001,46102.0,1982.0836570000001,1.067615658,278,270,3,0,267,252,14309,11,0,0,11,18
2020-09-27,US,South Dakota,Pennington,2311,37,0,44.0025835,-102.8240777,46103.0,2031.201934,1.6010385109999998,2274,2249,37,0,2212,2198,111729,62,0,0,62,51
2020-09-27,US,South Dakota,Perkins,38,0,0,45.49049506,-102.47555859999999,46105.0,1326.352531,0.0,38,37,0,0,37,37,2922,1,0,0,1,0
2020-09-27,US,South Dakota,Potter,43,0,0,45.06583079,-99.95498503,46107.0,1997.213191,0.0,43,42,0,0,42,42,2207,1,0,0,1,0
2020-09-27,US,South Dakota,Roberts,209,1,0,45.62975048,-96.94672673,46109.0,2010.775447,0.47846890000000003,208,204,1,0,203,181,10447,5,0,0,5,23
2020-09-27,US,South Dakota,Sanborn,29,0,0,44.02351092,-98.09098159999999,46111.0,1237.2013650000001,0.0,29,29,0,0,29,27,2429,0,0,0,0,2
2020-09-27,US,South Dakota,Spink,134,0,0,44.93837606,-98.34626602,46115.0,2101.6311170000004,0.0,134,129,0,0,129,124,6495,5,0,0,5,5
2020-09-27,US,South Dakota,Stanley,41,0,0,44.41381872,-100.7349153,46117.0,1323.434474,0.0,41,41,0,0,41,40,3022,0,0,0,0,1
2020-09-27,US,South Dakota,Sully,11,0,0,44.71571812,-100.1278092,46119.0,790.7979871,0.0,11,11,0,0,11,10,1392,0,0,0,0,1
2020-09-27,US,South Dakota,Todd,120,5,0,43.19338568,-100.71955030000001,46121.0,1179.129409,4.166666667,115,122,5,0,117,122,10283,-2,0,0,-2,0
2020-09-27,US,South Dakota,Tripp,155,0,0,43.34459388,-99.8854891,46123.0,2848.74104,0.0,155,148,0,0,148,135,5478,7,0,0,7,13
2020-09-27,US,South Dakota,Turner,162,2,0,43.3109081,-97.14865776,46125.0,1932.2519079999997,1.234567901,160,159,2,0,157,153,8424,3,0,0,3,6
2020-09-27,US,South Dakota,Union,402,7,0,42.83112163,-96.6557828,46127.0,2523.2237010000003,1.7412935319999998,395,394,7,0,387,384,15619,8,0,0,8,10
2020-09-27,US,South Dakota,Walworth,123,1,0,45.43019636,-100.03075140000001,46129.0,2263.109476,0.81300813,122,117,1,0,116,115,5587,6,0,0,6,2
2020-09-27,US,South Dakota,Yankton,413,4,0,43.00924485,-97.39467635,46135.0,1810.291926,0.9685230020000001,409,402,4,0,398,393,22869,11,0,0,11,9
2020-09-27,US,South Dakota,Ziebach,61,0,0,44.97881876,-101.6654622,46137.0,2213.3526850000003,0.0,61,60,0,0,60,60,2742,1,0,0,1,0
2020-09-27,US,Tennessee,Anderson,1200,13,0,36.12684348,-84.19965764,47001.0,1558.8869550000002,1.083333333,1187,1179,13,0,1166,1165,76482,21,0,0,21,14
2020-09-27,US,Tennessee,Bedford,1364,17,0,35.51123746,-86.45549096,47003.0,2743.74912,1.246334311,1347,1345,17,0,1328,1328,49038,19,0,0,19,17
2020-09-27,US,Tennessee,Benton,337,9,0,36.07110411,-88.06849355,47005.0,2085.3960399999996,2.670623145,328,336,9,0,327,336,16184,1,0,0,1,0
2020-09-27,US,Tennessee,Bledsoe,862,4,0,35.59942968,-85.20611967,47007.0,5722.2517259999995,0.464037123,858,854,4,0,850,854,14755,8,0,0,8,0
2020-09-27,US,Tennessee,Blount,2535,24,0,35.68938198,-83.92847788,47009.0,1904.754749,0.946745562,2511,2516,24,0,2492,2504,131349,19,0,0,19,12
2020-09-27,US,Tennessee,Bradley,2962,17,0,35.15739424,-84.857186,47011.0,2739.8020530000003,0.573936529,2945,2934,17,0,2917,2914,106727,28,0,0,28,20
2020-09-27,US,Tennessee,Campbell,454,4,0,36.40355516,-84.15108559999999,47013.0,1139.501029,0.881057269,450,446,4,0,442,439,39583,8,0,0,8,7
2020-09-27,US,Tennessee,Cannon,292,0,0,35.80990797,-86.05738983,47015.0,1989.3718489999999,0.0,292,286,0,0,286,283,14462,6,0,0,6,3
2020-09-27,US,Tennessee,Carroll,899,20,0,35.97366108,-88.45189331,47017.0,3237.656211,2.224694105,879,889,20,0,869,874,28020,10,0,0,10,15
2020-09-27,US,Tennessee,Carter,1177,28,0,36.28969086,-82.12588974,47019.0,2087.212498,2.3789294819999998,1149,1168,28,0,1140,1158,56351,9,0,0,9,10
2020-09-27,US,Tennessee,Cheatham,815,10,0,36.26136216,-87.08903581,47021.0,2004.081934,1.226993865,805,807,10,0,797,805,40439,8,0,0,8,2
2020-09-27,US,Tennessee,Chester,643,10,0,35.42527478,-88.6095842,47023.0,3717.407643,1.555209953,633,632,10,0,622,623,17276,11,0,0,11,9
2020-09-27,US,Tennessee,Claiborne,442,5,0,36.48319149,-83.65947309,47025.0,1383.021997,1.131221719,437,442,5,0,437,441,31756,0,0,0,0,1
2020-09-27,US,Tennessee,Clay,233,5,0,36.55151008,-85.53930419,47027.0,3059.750492,2.1459227469999997,228,226,5,0,221,224,7717,7,0,0,7,2
2020-09-27,US,Tennessee,Cocke,754,9,0,35.9278914,-83.11828725,47029.0,2094.211754,1.193633952,745,746,9,0,737,743,35774,8,0,0,8,3
2020-09-27,US,Tennessee,Coffee,1254,13,0,35.49090731,-86.07311784,47031.0,2218.683652,1.036682616,1241,1236,13,0,1223,1210,55700,18,0,0,18,26
2020-09-27,US,Tennessee,Crockett,542,19,0,35.81830662,-89.14916269,47033.0,3808.8545329999997,3.505535055,523,538,19,0,519,536,14328,4,0,0,4,2
2020-09-27,US,Tennessee,Cumberland,1217,18,0,35.95271721,-84.99840585,47035.0,2010.9054859999999,1.479046836,1199,1201,18,0,1183,1192,59673,16,0,0,16,9
2020-09-27,US,Tennessee,Davidson,26630,306,0,36.17007426,-86.78646056,47037.0,3836.379771,1.149079985,26324,26474,306,0,26168,26381,692587,156,0,0,156,93
2020-09-27,US,Tennessee,DeKalb,570,14,0,35.97616272,-85.83689361,47041.0,2781.844802,2.4561403509999997,556,566,14,0,552,561,20138,4,0,0,4,5
2020-09-27,US,Tennessee,Decatur,530,7,0,35.60048904,-88.11043779,47039.0,4544.285347,1.320754717,523,520,7,0,513,512,11706,10,0,0,10,8
2020-09-27,US,Tennessee,Dickson,1274,15,0,36.14669837,-87.35891709,47043.0,2361.533328,1.177394035,1259,1257,15,0,1242,1250,53446,17,0,0,17,7
2020-09-27,US,Tennessee,Dyer,1387,14,0,36.05931946,-89.41542855,47045.0,3732.60852,1.009372747,1373,1370,14,0,1356,1350,37320,17,0,0,17,20
2020-09-27,US,Tennessee,Fayette,1204,19,0,35.19615831,-89.41399032,47047.0,2927.0901710000003,1.57807309,1185,1188,19,0,1169,1183,40507,16,0,0,16,5
2020-09-27,US,Tennessee,Fentress,526,3,0,36.38128818,-84.92870012,47049.0,2839.71279,0.570342205,523,505,3,0,502,493,18217,21,0,0,21,12
2020-09-27,US,Tennessee,Franklin,989,9,0,35.15634626,-86.09201039,47051.0,2343.157695,0.910010111,980,969,9,0,960,963,41890,20,0,0,20,6
2020-09-27,US,Tennessee,Gibson,1704,23,0,35.99438059,-88.93358327,47053.0,3468.137504,1.3497652580000001,1681,1658,23,0,1635,1636,49045,46,0,0,46,22
2020-09-27,US,Tennessee,Giles,631,17,0,35.20222469,-87.03992678,47055.0,2141.596525,2.694136292,614,607,17,0,590,591,29503,24,0,0,24,16
2020-09-27,US,Tennessee,Grainger,386,3,0,36.27469206,-83.51254721,47057.0,1655.2315609999998,0.777202073,383,376,3,0,373,372,23145,10,0,0,10,4
2020-09-27,US,Tennessee,Greene,1161,44,0,36.17470125,-82.84691273,47059.0,1680.927768,3.789836348,1117,1156,44,0,1112,1142,69087,5,0,0,5,14
2020-09-27,US,Tennessee,Grundy,309,5,0,35.38433717,-85.72142731,47061.0,2301.3331350000003,1.6181229769999999,304,291,5,0,286,283,13346,18,0,0,18,8
2020-09-27,US,Tennessee,Hamblen,1939,26,0,36.21990035,-83.26586179,47063.0,2986.108972,1.34089737,1913,1914,26,0,1888,1899,64569,25,0,0,25,15
2020-09-27,US,Tennessee,Hamilton,9519,95,0,35.17670231,-85.16652245,47065.0,2588.063208,0.998003992,9424,9443,94,0,9349,9374,364286,76,1,0,75,69
2020-09-27,US,Tennessee,Hancock,108,3,0,36.52692871,-83.22375847,47067.0,1631.41994,2.777777778,105,106,3,0,103,106,6549,2,0,0,2,0
2020-09-27,US,Tennessee,Hardeman,1582,26,0,35.20772017,-88.99161161,47069.0,6315.369261,1.6434892540000001,1556,1570,26,0,1544,1558,25220,12,0,0,12,12
2020-09-27,US,Tennessee,Hardin,1047,16,0,35.19732531,-88.18593755,47071.0,4081.553095,1.52817574,1031,1030,16,0,1014,1022,25776,17,0,0,17,8
2020-09-27,US,Tennessee,Hawkins,822,18,0,36.44355426,-82.94885298,47073.0,1447.539887,2.189781022,804,812,18,0,794,796,56530,10,0,0,10,16
2020-09-27,US,Tennessee,Haywood,992,21,0,35.58332824,-89.28536625,47075.0,5732.778547999999,2.116935484,971,969,21,0,948,968,17335,23,0,0,23,1
2020-09-27,US,Tennessee,Henderson,1189,24,0,35.65581134,-88.38600175,47077.0,4228.758402,2.018502944,1165,1181,24,0,1157,1169,27847,8,0,0,8,12
2020-09-27,US,Tennessee,Henry,628,9,0,36.33160906,-88.30121797,47079.0,1941.5674760000002,1.433121019,619,625,9,0,616,618,32358,3,0,0,3,7
2020-09-27,US,Tennessee,Hickman,593,8,0,35.80609681,-87.47643507,47081.0,2355.230757,1.349072513,585,585,8,0,577,573,25063,8,0,0,8,12
2020-09-27,US,Tennessee,Houston,224,3,0,36.28872054,-87.71878828,47083.0,2731.3742230000003,1.339285714,221,220,3,0,217,214,8263,4,0,0,4,6
2020-09-27,US,Tennessee,Humphreys,258,3,0,36.03958805,-87.77992872,47085.0,1388.440426,1.162790698,255,251,3,0,248,246,18486,7,0,0,7,5
2020-09-27,US,Tennessee,Jackson,331,5,0,36.36380466,-85.67239905,47087.0,2808.416766,1.510574018,326,326,5,0,321,324,11758,5,0,0,5,2
2020-09-27,US,Tennessee,Jefferson,1130,14,0,36.04818632,-83.45148924,47089.0,2073.5847329999997,1.238938053,1116,1119,14,0,1105,1110,54012,11,0,0,11,9
2020-09-27,US,Tennessee,Johnson,726,2,0,36.455239500000005,-81.84886538,47091.0,4081.403193,0.275482094,724,711,2,0,709,696,17778,15,0,0,15,15
2020-09-27,US,Tennessee,Knox,9497,79,0,35.99508821,-83.94635435,47093.0,2019.293534,0.8318416340000001,9418,9378,79,0,9299,9298,465289,119,0,0,119,80
2020-09-27,US,Tennessee,Lake,925,2,0,36.341801700000005,-89.48921915,47095.0,13184.15051,0.21621621600000002,923,919,2,0,917,918,7411,6,0,0,6,1
2020-09-27,US,Tennessee,Lauderdale,994,16,0,35.75893438,-89.63015909999999,47097.0,3877.813756,1.6096579480000002,978,983,16,0,967,979,25825,11,0,0,11,4
2020-09-27,US,Tennessee,Lawrence,1067,13,0,35.21675201,-87.39787695,47099.0,2417.199039,1.21836926,1054,1043,13,0,1030,1023,43734,24,0,0,24,20
2020-09-27,US,Tennessee,Lewis,204,1,0,35.52853208,-87.49022694,47101.0,1662.862732,0.490196078,203,201,1,0,200,196,12086,3,0,0,3,5
2020-09-27,US,Tennessee,Lincoln,624,1,0,35.13738622,-86.58910106,47103.0,1815.748123,0.16025641,623,619,1,0,618,611,34117,5,0,0,5,8
2020-09-27,US,Tennessee,Loudon,1184,6,0,35.73939663,-84.31145275,47105.0,2189.835023,0.506756757,1178,1172,6,0,1166,1154,53054,12,0,0,12,18
2020-09-27,US,Tennessee,Macon,1067,21,0,36.53157855,-86.00778595,47111.0,4337.045768999999,1.968134958,1046,1055,21,0,1034,1046,24265,12,0,0,12,9
2020-09-27,US,Tennessee,Madison,2921,64,0,35.61181957,-88.84076036,47113.0,2981.098955,2.191030469,2857,2877,64,0,2813,2832,97605,44,0,0,44,45
2020-09-27,US,Tennessee,Marion,533,8,0,35.12997174,-85.62265895,47115.0,1843.844052,1.500938086,525,529,8,0,521,525,28575,4,0,0,4,4
2020-09-27,US,Tennessee,Marshall,778,5,0,35.45798777,-86.76420988,47117.0,2263.272727,0.642673522,773,756,5,0,751,749,33683,22,0,0,22,7
2020-09-27,US,Tennessee,Maury,2409,24,0,35.618741299999996,-87.07462444,47119.0,2499.2996980000003,0.99626401,2385,2361,24,0,2337,2329,94340,48,0,0,48,32
2020-09-27,US,Tennessee,McMinn,1146,25,0,35.42812616,-84.61520715,47107.0,2130.34911,2.181500873,1121,1119,25,0,1094,1113,53285,27,0,0,27,6
2020-09-27,US,Tennessee,McNairy,896,18,0,35.17468549,-88.5647812,47109.0,3487.1954539999997,2.0089285709999998,878,883,18,0,865,876,25832,13,0,0,13,7
2020-09-27,US,Tennessee,Meigs,228,3,0,35.51558739,-84.81482914,47121.0,1835.453228,1.315789474,225,226,3,0,223,226,12306,2,0,0,2,0
2020-09-27,US,Tennessee,Monroe,1052,18,0,35.44550387,-84.24902965,47123.0,2260.1783219999998,1.7110266159999998,1034,1036,18,0,1018,1030,46357,16,0,0,16,6
2020-09-27,US,Tennessee,Montgomery,3111,44,0,36.49609412,-87.38550661,47125.0,1488.566603,1.4143362259999999,3067,3070,44,0,3026,3045,205950,41,0,0,41,25
2020-09-27,US,Tennessee,Moore,179,1,0,35.27724699,-86.36230578,47127.0,2758.939581,0.558659218,178,175,1,0,174,169,6411,4,0,0,4,6
2020-09-27,US,Tennessee,Morgan,320,3,0,36.13248031,-84.64880098,47129.0,1495.117507,0.9375,317,317,3,0,314,315,21579,3,0,0,3,2
2020-09-27,US,Tennessee,Obion,1191,10,0,36.35732446,-89.14921589,47131.0,3960.8899530000003,0.8396305629999999,1181,1171,10,0,1161,1156,30267,20,0,0,20,15
2020-09-27,US,Tennessee,Out of TN,2986,27,0,0.0,0.0,80047.0,0.0,0.9042196920000001,2959,2896,27,0,2869,2844,,90,0,0,90,52
2020-09-27,US,Tennessee,Overton,758,6,0,36.34117832,-85.28989535,47133.0,3408.120138,0.791556728,752,745,6,0,739,735,22068,13,0,0,13,10
2020-09-27,US,Tennessee,Perry,153,0,0,35.63708728,-87.86139634,47135.0,1894.502229,0.0,153,150,0,0,150,150,8064,3,0,0,3,0
2020-09-27,US,Tennessee,Pickett,123,2,0,36.55606529,-85.07763299999999,47137.0,2436.608558,1.62601626,121,116,2,0,114,114,5082,7,0,0,7,2
2020-09-27,US,Tennessee,Polk,399,10,0,35.12245443,-84.52075859,47139.0,2370.484791,2.506265664,389,388,10,0,378,388,16898,11,0,0,11,0
2020-09-27,US,Tennessee,Putnam,3349,40,0,36.14005459,-85.50646123,47141.0,4173.468752000001,1.194386384,3309,3315,40,0,3275,3277,78843,34,0,0,34,38
2020-09-27,US,Tennessee,Rhea,844,12,0,35.60536161,-84.93076643,47143.0,2544.698043,1.421800948,832,834,12,0,822,821,33044,10,0,0,10,13
2020-09-27,US,Tennessee,Roane,905,5,0,35.84923189,-84.52458689,47145.0,1695.3280129999998,0.5524861879999999,900,895,4,0,891,885,53140,10,1,0,9,10
2020-09-27,US,Tennessee,Robertson,2225,35,0,36.52454807,-86.87346725,47147.0,3098.324816,1.573033708,2190,2210,35,0,2175,2203,71012,15,0,0,15,7
2020-09-27,US,Tennessee,Rutherford,9361,89,0,35.84591405,-86.4107263,47149.0,2817.159968,0.950753125,9272,9293,89,0,9204,9240,324890,68,0,0,68,53
2020-09-27,US,Tennessee,Scott,217,2,0,36.42325673,-84.50360494,47151.0,983.3242704,0.921658986,215,214,2,0,212,213,22039,3,0,0,3,1
2020-09-27,US,Tennessee,Sequatchie,238,1,0,35.36979721,-85.41022136,47153.0,1583.9212029999999,0.42016806700000003,237,233,2,0,231,231,14876,5,-1,0,6,2
2020-09-27,US,Tennessee,Sevier,2638,15,0,35.78077323,-83.52244332,47155.0,2684.987277,0.568612585,2623,2623,15,0,2608,2596,97892,15,0,0,15,27
2020-09-27,US,Tennessee,Shelby,30953,459,0,35.1864775,-89.89692423,47157.0,3302.830022,1.482893419,30494,30755,458,0,30297,30613,935764,198,1,0,197,142
2020-09-27,US,Tennessee,Smith,731,11,0,36.25359775,-85.95411046,47159.0,3626.5317259999997,1.504787962,720,723,11,0,712,713,19942,8,0,0,8,10
2020-09-27,US,Tennessee,Stewart,214,2,0,36.50235092,-87.83920548,47161.0,1560.335399,0.9345794390000001,212,204,2,0,202,198,13561,10,0,0,10,6
2020-09-27,US,Tennessee,Sullivan,2197,33,0,36.51240691,-82.30412917,47163.0,1387.4504259999999,1.5020482480000001,2164,2164,33,0,2131,2148,157668,33,0,0,33,16
2020-09-27,US,Tennessee,Sumner,4865,98,0,36.46824103,-86.45917204,47165.0,2543.3519969999998,2.014388489,4767,4819,98,0,4721,4794,187149,46,0,0,46,25
2020-09-27,US,Tennessee,Tipton,1832,19,0,35.501942,-89.73694895,47167.0,2974.074254,1.037117904,1813,1818,19,0,1799,1805,61581,14,0,0,14,13
2020-09-27,US,Tennessee,Trousdale,1666,7,0,36.39026213,-86.16087954,47169.0,14764.26799,0.42016806700000003,1659,1657,7,0,1650,1653,11012,9,0,0,9,4
2020-09-27,US,Tennessee,Unassigned,3042,5,0,0.0,0.0,90047.0,0.0,0.164365549,3037,2949,5,0,2944,2947,,93,0,0,93,2
2020-09-27,US,Tennessee,Unicoi,289,1,0,36.10890856,-82.43709629,47171.0,1616.059945,0.346020761,288,286,1,0,285,285,17761,3,0,0,3,1
2020-09-27,US,Tennessee,Union,364,2,0,36.28590426,-83.83651902,47173.0,1822.5515719999999,0.549450549,362,359,1,0,358,353,19688,5,1,0,4,6
2020-09-27,US,Tennessee,Van Buren,166,0,0,35.69864497,-85.45221699,47175.0,2826.975477,0.0,166,166,0,0,166,164,5765,0,0,0,0,2
2020-09-27,US,Tennessee,Warren,1075,7,0,35.672829899999996,-85.77969117,47177.0,2604.3559370000003,0.651162791,1068,1061,7,0,1054,1047,40878,14,0,0,14,14
2020-09-27,US,Tennessee,Washington,2328,36,0,36.29472368,-82.49454720000001,47179.0,1799.4202899999998,1.5463917530000002,2292,2297,36,0,2261,2276,128607,31,0,0,31,21
2020-09-27,US,Tennessee,Wayne,1499,5,0,35.23868267,-87.78644456,47181.0,8990.583578,0.333555704,1494,1497,5,0,1492,1495,16558,2,0,0,2,2
2020-09-27,US,Tennessee,Weakley,1205,19,0,36.29896232,-88.71990865,47183.0,3615.578493,1.576763485,1186,1189,19,0,1170,1176,33415,16,0,0,16,13
2020-09-27,US,Tennessee,White,847,9,0,35.92929884,-85.45591799,47185.0,3097.4584019999998,1.06257379,838,837,9,0,828,830,27107,10,0,0,10,7
2020-09-27,US,Tennessee,Williamson,5310,36,0,35.89099229,-86.89281867,47187.0,2227.236884,0.6779661020000001,5274,5252,36,0,5216,5198,231729,58,0,0,58,54
2020-09-27,US,Tennessee,Wilson,3519,45,0,36.15496772,-86.29775884,47189.0,2432.65103,1.278772379,3474,3476,45,0,3431,3453,140625,43,0,0,43,23
2020-09-27,US,Texas,Anderson,2840,31,0,31.81534745,-95.65354823,48001.0,4919.026586999999,1.091549296,2809,2840,31,0,2809,2832,58057,0,0,0,0,8
2020-09-27,US,Texas,Andrews,425,9,0,32.30468633,-102.63765479999999,48003.0,2272.119754,2.1176470590000003,416,425,9,0,416,425,18128,0,0,0,0,0
2020-09-27,US,Texas,Angelina,2144,82,0,31.25457347,-94.60901487,48005.0,2472.467278,3.8246268660000005,2062,2144,81,0,2063,2144,87092,0,1,0,-1,0
2020-09-27,US,Texas,Aransas,323,18,0,28.10556197,-96.9995047,48007.0,1373.8834539999998,5.572755418,305,323,18,0,305,322,23792,0,0,0,0,1
2020-09-27,US,Texas,Archer,87,1,0,33.61569967,-98.68754589,48009.0,1017.1869519999999,1.1494252870000001,86,87,1,0,86,85,8786,0,0,0,0,2
2020-09-27,US,Texas,Armstrong,13,1,0,34.96507426,-101.35748740000001,48011.0,688.9242182999999,7.692307692000001,12,13,1,0,12,13,1892,0,0,0,0,0
2020-09-27,US,Texas,Atascosa,1144,30,0,28.89333001,-98.52730485,48013.0,2236.427971,2.6223776219999997,1114,1144,30,0,1114,1153,50310,0,0,0,0,-9
2020-09-27,US,Texas,Austin,499,9,0,29.88548725,-96.27736949,48015.0,1661.561002,1.8036072140000001,490,499,9,0,490,497,29989,0,0,0,0,2
2020-09-27,US,Texas,Bailey,219,5,0,34.06854817,-102.8299707,48017.0,3128.571429,2.283105023,214,219,5,0,214,217,7027,0,0,0,0,2
2020-09-27,US,Texas,Bandera,157,8,0,29.74619598,-99.24598147,48019.0,679.3007961,5.095541401,149,157,8,0,149,158,22824,0,0,0,0,-1
2020-09-27,US,Texas,Bastrop,1818,29,0,30.10370699,-97.31206354,48021.0,2049.074085,1.5951595159999998,1789,1818,29,0,1789,1817,86976,0,0,0,0,1
2020-09-27,US,Texas,Baylor,19,1,0,33.61640794,-99.21352901,48023.0,541.4648047999999,5.263157895,18,19,1,0,18,17,3582,0,0,0,0,2
2020-09-27,US,Texas,Bee,1814,33,0,28.41761668,-97.74215593,48025.0,5570.397666,1.819184123,1781,1814,32,0,1782,1811,32587,0,1,0,-1,3
2020-09-27,US,Texas,Bell,5473,84,0,31.03736027,-97.4785025,48027.0,1508.029229,1.534807236,5389,5473,84,0,5389,5426,355642,0,0,0,0,47
2020-09-27,US,Texas,Bexar,57145,1297,0,29.44928723,-98.52019748,48029.0,2852.181673,2.2696648880000003,55848,54295,1297,0,52998,54195,1986049,2850,0,0,2850,100
2020-09-27,US,Texas,Blanco,144,5,0,30.26640707,-98.3999852,48031.0,1206.9399039999998,3.472222222,139,144,5,0,139,144,11702,0,0,0,0,0
2020-09-27,US,Texas,Borden,1,0,0,32.74363984,-101.43165090000001,48033.0,152.90519880000002,0.0,1,1,0,0,1,1,648,0,0,0,0,0
2020-09-27,US,Texas,Bosque,324,6,0,31.89978581,-97.63613524,48035.0,1734.0112390000002,1.8518518519999998,318,323,6,0,317,319,18691,1,0,0,1,4
2020-09-27,US,Texas,Bowie,1370,53,0,33.44626922,-94.41834132,48037.0,1469.247681,3.868613139,1317,1370,53,0,1317,1358,94324,0,0,0,0,12
2020-09-27,US,Texas,Brazoria,11281,167,0,29.18757369,-95.44563172,48039.0,3014.182502,1.480365216,11114,11281,165,0,11116,11222,370200,0,2,0,-2,59
2020-09-27,US,Texas,Brazos,6332,64,0,30.663644800000004,-96.30205577,48041.0,2762.5201230000002,1.010739103,6268,6332,64,0,6268,6292,226758,0,0,0,0,40
2020-09-27,US,Texas,Brewster,218,3,0,29.81008251,-103.25203259999999,48043.0,2368.792785,1.376146789,215,218,3,0,215,217,9267,0,0,0,0,1
2020-09-27,US,Texas,Briscoe,12,1,0,34.53026962,-101.2084947,48045.0,776.1966365000001,8.333333332999999,11,12,1,0,11,12,1516,0,0,0,0,0
2020-09-27,US,Texas,Brooks,317,22,0,27.03103197,-98.21808402,48047.0,4469.194981000001,6.940063091,295,317,22,0,295,317,7114,0,0,0,0,0
2020-09-27,US,Texas,Brown,570,25,0,31.77430356,-98.99907113,48049.0,1505.3877029999999,4.3859649119999995,545,570,25,0,545,569,37924,0,0,0,0,1
2020-09-27,US,Texas,Burleson,338,6,0,30.49273808,-96.62158484,48051.0,1832.673643,1.775147929,332,338,6,0,332,337,18389,0,0,0,0,1
2020-09-27,US,Texas,Burnet,729,12,0,30.78801353,-98.181887,48053.0,1513.8614890000001,1.646090535,717,729,12,0,717,725,47542,0,0,0,0,4
2020-09-27,US,Texas,Caldwell,1523,35,0,29.83668859,-97.61814775,48055.0,3487.999267,2.298095863,1488,1523,35,0,1488,1524,43247,0,0,0,0,-1
2020-09-27,US,Texas,Calhoun,821,7,0,28.47048236,-96.61633945,48057.0,3856.27055,0.852618758,814,821,7,0,814,820,21561,0,0,0,0,1
2020-09-27,US,Texas,Callahan,88,3,0,32.29760619,-99.37326312,48059.0,631.1410744,3.4090909089999997,85,88,3,0,85,88,13994,0,0,0,0,0
2020-09-27,US,Texas,Cameron,22698,903,0,26.14524221,-97.48140372,48061.0,5363.89051,3.9783240810000002,21795,22698,903,0,21795,22633,423908,0,0,0,0,65
2020-09-27,US,Texas,Camp,355,11,0,32.97195142,-94.97790104,48063.0,2711.165419,3.0985915489999996,344,355,11,0,344,355,13033,0,0,0,0,0
2020-09-27,US,Texas,Carson,23,0,0,35.40365929,-101.35426690000001,48065.0,388.12014849999997,0.0,23,23,0,0,23,22,6005,0,0,0,0,1
2020-09-27,US,Texas,Cass,370,15,0,33.07499881,-94.34646905,48067.0,1232.2653699999998,4.054054054,355,370,15,0,355,368,30119,0,0,0,0,2
2020-09-27,US,Texas,Castro,257,5,0,34.53016752,-102.2617243,48069.0,3413.014608,1.945525292,252,257,5,0,252,254,7665,0,0,0,0,3
2020-09-27,US,Texas,Chambers,1309,8,0,29.70972016,-94.67154501,48071.0,2986.062002,0.611153552,1301,1309,8,0,1301,1302,42454,0,0,0,0,7
2020-09-27,US,Texas,Cherokee,1547,30,0,31.837258000000002,-95.16559897,48073.0,2938.494852,1.939237233,1517,1547,29,0,1518,1547,52592,0,1,0,-1,0
2020-09-27,US,Texas,Childress,69,0,0,34.529304100000004,-100.2077916,48075.0,944.4292362,0.0,69,69,0,0,69,68,7291,0,0,0,0,1
2020-09-27,US,Texas,Clay,90,2,0,33.78686685,-98.20771198,48077.0,859.5167606000001,2.222222222,88,90,2,0,88,84,10456,0,0,0,0,6
2020-09-27,US,Texas,Cochran,52,1,0,33.60425307,-102.82844990000001,48079.0,1822.642832,1.9230769230000002,51,52,1,0,51,50,2836,0,0,0,0,2
2020-09-27,US,Texas,Coke,53,3,0,31.88911733,-100.5297533,48081.0,1564.806614,5.660377358,50,53,3,0,50,52,3370,0,0,0,0,1
2020-09-27,US,Texas,Coleman,72,4,0,31.76736834,-99.45240766,48083.0,880.733945,5.555555556,68,72,4,0,68,71,8397,0,0,0,0,1
2020-09-27,US,Texas,Collin,13537,145,0,33.18820114,-96.57264368,48085.0,1308.263992,1.0711383620000001,13392,13513,145,0,13368,13471,1005146,24,0,0,24,42
2020-09-27,US,Texas,Collingsworth,18,0,0,34.96489496,-100.27001109999999,48087.0,616.4383562,0.0,18,18,0,0,18,18,2962,0,0,0,0,0
2020-09-27,US,Texas,Colorado,486,4,0,29.622097999999998,-96.5273805,48089.0,2261.201321,0.823045267,482,486,4,0,482,485,21217,0,0,0,0,1
2020-09-27,US,Texas,Comal,2714,102,0,29.80811278,-98.27647225,48091.0,1737.415898,3.7582903460000003,2612,2714,102,0,2612,2694,148373,0,0,0,0,20
2020-09-27,US,Texas,Comanche,300,4,0,31.94854689,-98.55876441,48093.0,2200.220022,1.333333333,296,300,4,0,296,302,13534,0,0,0,0,-2
2020-09-27,US,Texas,Concho,130,2,0,31.32635934,-99.86473038,48095.0,4768.89215,1.5384615380000002,128,130,2,0,128,130,4276,0,0,0,0,0
2020-09-27,US,Texas,Cooke,440,6,0,33.63979567,-97.21240912,48097.0,1066.4856869999999,1.363636364,434,440,6,0,434,442,40574,0,0,0,0,-2
2020-09-27,US,Texas,Coryell,1818,12,0,31.39078397,-97.79936155,48099.0,2393.648537,0.6600660070000001,1806,1818,12,0,1806,1816,74808,0,0,0,0,2
2020-09-27,US,Texas,Cottle,27,3,0,34.07783319,-100.27850620000001,48101.0,1931.3304719999999,11.11111111,24,27,3,0,24,25,1389,0,0,0,0,2
2020-09-27,US,Texas,Crane,72,2,0,31.43052248,-102.5143314,48103.0,1500.9380859999999,2.777777778,70,72,2,0,70,71,4794,0,0,0,0,1
2020-09-27,US,Texas,Crockett,164,7,0,30.72367027,-101.4134238,48105.0,4734.411085,4.268292683,157,164,7,0,157,164,3499,0,0,0,0,0
2020-09-27,US,Texas,Crosby,87,3,0,33.61431553,-101.30003640000001,48107.0,1516.472024,3.448275862,84,87,3,0,84,86,5779,0,0,0,0,1
2020-09-27,US,Texas,Culberson,54,2,0,31.44506775,-104.5185739,48109.0,2487.3330260000002,3.7037037039999996,52,54,2,0,52,54,2204,0,0,0,0,0
2020-09-27,US,Texas,Dallam,249,9,0,36.27787176,-102.60207249999999,48111.0,3417.044051,3.614457831,240,249,9,0,240,247,7200,0,0,0,0,2
2020-09-27,US,Texas,Dallas,81175,1124,0,32.76670599,-96.77796049999999,48113.0,3080.042011,1.384662766,80051,80605,1120,0,79485,79426,2637772,570,4,0,566,1179
2020-09-27,US,Texas,Dawson,433,9,0,32.74255572,-101.94772420000001,48115.0,3401.94846,2.07852194,424,433,9,0,424,411,12619,0,0,0,0,22
2020-09-27,US,Texas,DeWitt,996,37,0,29.08101855,-97.35681170000001,48123.0,4940.476189999999,3.714859438,959,996,37,0,959,996,20187,0,0,0,0,0
2020-09-27,US,Texas,Deaf Smith,886,22,0,34.96522957,-102.6054267,48117.0,4777.310471,2.483069977,864,886,21,0,865,877,18760,0,1,0,-1,9
2020-09-27,US,Texas,Delta,26,0,0,33.38570922,-95.66921122,48119.0,487.7133746,0.0,26,26,0,0,26,26,5349,0,0,0,0,0
2020-09-27,US,Texas,Denton,11985,152,0,33.20521901,-97.11691153,48121.0,1350.868512,1.268251982,11833,11985,152,0,11833,11950,859064,0,0,0,0,35
2020-09-27,US,Texas,Dickens,49,2,0,33.61616822,-100.7788855,48125.0,2216.191768,4.081632653,47,49,2,0,47,48,2249,0,0,0,0,1
2020-09-27,US,Texas,Dimmit,256,7,0,28.42270064,-99.75645095,48127.0,2528.644804,2.734375,249,256,7,0,249,256,10308,0,0,0,0,0
2020-09-27,US,Texas,Donley,64,1,0,34.96517499,-100.8140093,48129.0,1952.4100059999998,1.5625,63,64,1,0,63,61,3319,0,0,0,0,3
2020-09-27,US,Texas,Duval,439,15,0,27.68184592,-98.50864568,48131.0,3934.7494850000003,3.416856492,424,439,14,0,425,434,11212,0,1,0,-1,5
2020-09-27,US,Texas,Eastland,171,3,0,32.32743996,-98.83243566,48133.0,931.372549,1.754385965,168,171,3,0,168,172,18322,0,0,0,0,-1
2020-09-27,US,Texas,Ector,4785,98,0,31.86898877,-102.54294279999999,48135.0,2878.6630010000003,2.048066876,4687,4785,98,0,4687,4785,162124,0,0,0,0,0
2020-09-27,US,Texas,Edwards,67,1,0,29.98202582,-100.304252,48137.0,3467.908903,1.4925373130000001,66,67,1,0,66,67,1928,0,0,0,0,0
2020-09-27,US,Texas,El Paso,23784,522,0,31.76980765,-106.23632749999999,48141.0,2833.999414,2.194752775,23262,23604,521,0,23083,23388,840758,180,1,0,179,216
2020-09-27,US,Texas,Ellis,4398,68,0,32.34894117,-96.79371841,48139.0,2379.535347,1.546157344,4330,4398,68,0,4330,4394,179436,0,0,0,0,4
2020-09-27,US,Texas,Erath,847,12,0,32.23602653,-98.21773417,48143.0,1983.6994710000001,1.4167650530000002,835,847,12,0,835,838,42446,0,0,0,0,9
2020-09-27,US,Texas,Falls,276,5,0,31.25350609,-96.93630086,48145.0,1595.652425,1.811594203,271,276,5,0,271,272,17335,0,0,0,0,4
2020-09-27,US,Texas,Fannin,679,15,0,33.59564294,-96.10751083,48147.0,1911.922059,2.209131075,664,679,15,0,664,676,35286,0,0,0,0,3
2020-09-27,US,Texas,Fayette,597,20,0,29.87788372,-96.92076062,48149.0,2355.401247,3.3500837519999997,577,597,20,0,577,597,25349,0,0,0,0,0
2020-09-27,US,Texas,Fisher,66,3,0,32.74281316,-100.40193020000001,48151.0,1723.237598,4.545454545,63,66,3,0,63,66,3839,0,0,0,0,0
2020-09-27,US,Texas,Floyd,111,9,0,34.07227468,-101.3031546,48153.0,1943.2773109999998,8.108108108,102,111,9,0,102,107,5837,0,0,0,0,4
2020-09-27,US,Texas,Foard,9,0,0,33.97308618,-99.7767797,48155.0,779.2207792,0.0,9,9,0,0,9,9,1200,0,0,0,0,0
2020-09-27,US,Texas,Fort Bend,16207,288,0,29.52704478,-95.77219463,48157.0,1996.7031670000001,1.777009934,15919,16207,287,0,15920,16167,787858,0,1,0,-1,40
2020-09-27,US,Texas,Franklin,134,6,0,33.17653242,-95.21917243,48159.0,1249.417249,4.47761194,128,134,6,0,128,134,10766,0,0,0,0,0
2020-09-27,US,Texas,Freestone,407,2,0,31.70422788,-96.15072516,48161.0,2064.208551,0.491400491,405,406,2,0,404,406,19808,1,0,0,1,0
2020-09-27,US,Texas,Frio,975,9,0,28.86751206,-99.10804207,48163.0,4801.536492,0.923076923,966,975,9,0,966,974,19816,0,0,0,0,1
2020-09-27,US,Texas,Gaines,343,9,0,32.74055318,-102.6353295,48165.0,1595.942676,2.623906706,334,343,9,0,334,339,20901,0,0,0,0,4
2020-09-27,US,Texas,Galveston,11604,158,0,29.40167322,-94.90469073,48167.0,3391.6039969999997,1.3615994480000002,11446,11575,158,0,11417,11536,337890,29,0,0,29,39
2020-09-27,US,Texas,Garza,105,4,0,33.17969345,-101.2984114,48169.0,1685.66383,3.80952381,101,105,4,0,101,104,6578,0,0,0,0,1
2020-09-27,US,Texas,Gillespie,312,10,0,30.31824095,-98.94676915,48171.0,1156.069364,3.205128205,302,312,10,0,302,310,26804,0,0,0,0,2
2020-09-27,US,Texas,Glasscock,9,0,0,31.86942909,-101.5207776,48173.0,638.7508872000001,0.0,9,9,0,0,9,9,1388,0,0,0,0,0
2020-09-27,US,Texas,Goliad,154,6,0,28.65696592,-97.42760647,48175.0,2010.9689210000001,3.896103896,148,154,6,0,148,154,7584,0,0,0,0,0
2020-09-27,US,Texas,Gonzales,1058,18,0,29.45634206,-97.49424032,48177.0,5077.506359,1.701323251,1040,1058,17,0,1041,1057,20826,0,1,0,-1,1
2020-09-27,US,Texas,Gray,310,6,0,35.40081878,-100.8129222,48179.0,1416.4305949999998,1.935483871,304,310,6,0,304,304,21895,0,0,0,0,6
2020-09-27,US,Texas,Grayson,1866,45,0,33.62744998,-96.67753461,48181.0,1369.9233550000001,2.411575563,1821,1866,44,0,1822,1849,133991,0,1,0,-1,17
2020-09-27,US,Texas,Gregg,2225,66,0,32.47940482,-94.81591935,48183.0,1795.151075,2.966292135,2159,2225,66,0,2159,2215,123707,0,0,0,0,10
2020-09-27,US,Texas,Grimes,1087,32,0,30.54579585,-95.98902499,48185.0,3763.8504159999998,2.943882245,1055,1087,31,0,1056,1089,28360,0,1,0,-1,-2
2020-09-27,US,Texas,Guadalupe,3560,76,0,29.58165339,-97.94786822,48187.0,2133.691346,2.134831461,3484,3560,76,0,3484,3564,163694,0,0,0,0,-4
2020-09-27,US,Texas,Hale,1865,54,0,34.07044901,-101.82681140000001,48189.0,5582.829432,2.8954423589999996,1811,1865,53,0,1812,1865,33830,0,1,0,-1,0
2020-09-27,US,Texas,Hall,28,1,0,34.5307555,-100.68138520000001,48191.0,944.6693657,3.571428571,27,28,1,0,27,28,3028,0,0,0,0,0
2020-09-27,US,Texas,Hamilton,137,4,0,31.70470573,-98.11083887,48193.0,1619.193949,2.9197080289999997,133,137,4,0,133,131,8484,0,0,0,0,6
2020-09-27,US,Texas,Hansford,114,4,0,36.27743284,-101.3545796,48195.0,2111.50213,3.50877193,110,114,4,0,110,113,5463,0,0,0,0,1
2020-09-27,US,Texas,Hardeman,25,0,0,34.28944521,-99.74632408,48197.0,635.6470887,0.0,25,25,0,0,25,25,3922,0,0,0,0,0
2020-09-27,US,Texas,Hardin,1342,30,0,30.33364686,-94.38931817,48199.0,2329.780216,2.235469449,1312,1342,30,0,1312,1342,57207,0,0,0,0,0
2020-09-27,US,Texas,Harris,141353,2576,0,29.85864939,-95.39339521,48201.0,2999.008131,1.8223879219999999,138777,140868,2572,0,138296,140532,4698619,485,4,0,481,336
2020-09-27,US,Texas,Harrison,891,31,0,32.54935988,-94.36934071,48203.0,1338.782624,3.479236813,860,891,31,0,860,888,66726,0,0,0,0,3
2020-09-27,US,Texas,Hartley,130,0,0,35.84008013,-102.6029022,48205.0,2331.420373,0.0,130,130,0,0,130,130,5619,0,0,0,0,0
2020-09-27,US,Texas,Haskell,65,2,0,33.17823584,-99.73037358,48207.0,1148.815836,3.076923077,63,65,2,0,63,62,5813,0,0,0,0,3
2020-09-27,US,Texas,Hays,5871,61,0,30.05669873,-98.02944344,48209.0,2550.490679,1.03900528,5810,5871,61,0,5810,5871,222631,0,0,0,0,0
2020-09-27,US,Texas,Hemphill,73,0,0,35.83764858,-100.2703577,48211.0,1911.495156,0.0,73,73,0,0,73,73,3825,0,0,0,0,0
2020-09-27,US,Texas,Henderson,963,23,0,32.21128872,-95.85846587,48213.0,1163.929076,2.388369678,940,963,23,0,940,954,82299,0,0,0,0,9
2020-09-27,US,Texas,Hidalgo,31562,1630,0,26.39418217,-98.18299696,48215.0,3633.215802,5.164438249,29932,31562,1630,0,29932,31562,865939,0,0,0,0,0
2020-09-27,US,Texas,Hill,650,14,0,31.99045053,-97.13423143,48217.0,1773.5818170000002,2.153846154,636,650,14,0,636,647,36354,0,0,0,0,3
2020-09-27,US,Texas,Hockley,351,8,0,33.60771256,-102.3431676,48219.0,1524.6948439999999,2.279202279,343,351,8,0,343,348,22980,0,0,0,0,3
2020-09-27,US,Texas,Hood,945,27,0,32.42990927,-97.83242024,48221.0,1533.020781,2.857142857,918,945,27,0,918,946,60537,0,0,0,0,-1
2020-09-27,US,Texas,Hopkins,354,8,0,33.14875072,-95.56351139,48223.0,954.5895803999999,2.259887006,346,354,8,0,346,343,36810,0,0,0,0,11
2020-09-27,US,Texas,Houston,373,11,0,31.31925973,-95.42226208,48225.0,1623.998607,2.949061662,362,373,11,0,362,373,23169,0,0,0,0,0
2020-09-27,US,Texas,Howard,757,16,0,32.30621324,-101.4356444,48227.0,2064.695614,2.113606341,741,757,13,0,744,753,36459,0,3,0,-3,4
2020-09-27,US,Texas,Hudspeth,47,3,0,31.45628381,-105.388178,48229.0,961.9320508,6.382978723,44,47,3,0,44,45,4795,0,0,0,0,2
2020-09-27,US,Texas,Hunt,1632,36,0,33.12351514,-96.08551032,48231.0,1655.27314,2.2058823530000002,1596,1625,36,0,1589,1614,96493,7,0,0,7,11
2020-09-27,US,Texas,Hutchinson,211,5,0,35.84006574,-101.3546643,48233.0,1007.7371289999999,2.369668246,206,211,5,0,206,209,21198,0,0,0,0,2
2020-09-27,US,Texas,Irion,10,0,0,31.30375559,-100.982439,48235.0,651.0416667000001,0.0,10,10,0,0,10,10,1522,0,0,0,0,0
2020-09-27,US,Texas,Jack,133,2,0,33.23377248,-98.17283469,48237.0,1488.52826,1.5037593980000001,131,133,2,0,131,132,8843,0,0,0,0,1
2020-09-27,US,Texas,Jackson,606,16,0,28.95472367,-96.57749563,48239.0,4105.691057,2.640264026,590,606,16,0,590,607,14874,0,0,0,0,-1
2020-09-27,US,Texas,Jasper,473,25,0,30.74685667,-94.02667579,48241.0,1331.30682,5.2854122619999995,448,473,25,0,448,473,35872,0,0,0,0,0
2020-09-27,US,Texas,Jeff Davis,14,0,0,30.71490589,-104.1399973,48243.0,615.6552331,0.0,14,14,0,0,14,14,2252,0,0,0,0,0
2020-09-27,US,Texas,Jefferson,7402,133,0,29.8832777,-94.16434171,48245.0,2942.380697,1.796811673,7269,7402,133,0,7269,7368,255001,0,0,0,0,34
2020-09-27,US,Texas,Jim Hogg,108,3,0,27.04453923,-98.69681870000001,48247.0,2076.923077,2.777777778,105,108,3,0,105,107,5248,0,0,0,0,1
2020-09-27,US,Texas,Jim Wells,1469,36,0,27.73103938,-98.0904705,48249.0,3628.773282,2.450646698,1433,1469,37,0,1432,1462,40822,0,-1,0,1,7
2020-09-27,US,Texas,Johnson,3011,50,0,32.37877812,-97.36615819,48251.0,1712.576145,1.660577881,2961,3011,50,0,2961,2991,171361,0,0,0,0,20
2020-09-27,US,Texas,Jones,575,0,0,32.73997145,-99.87861576,48253.0,2863.1180600000002,0.0,575,575,0,0,575,575,19817,0,0,0,0,0
2020-09-27,US,Texas,Karnes,937,16,0,28.90705334,-97.85960149,48255.0,6006.025255,1.707577375,921,937,16,0,921,935,15650,0,0,0,0,2
2020-09-27,US,Texas,Kaufman,3136,47,0,32.599141700000004,-96.28734728,48257.0,2303.274234,1.49872449,3089,3136,47,0,3089,3130,128622,0,0,0,0,6
2020-09-27,US,Texas,Kendall,328,7,0,29.94414155,-98.7113588,48259.0,691.5308553,2.134146341,321,328,7,0,321,331,45641,0,0,0,0,-3
2020-09-27,US,Texas,Kenedy,7,2,0,26.92601662,-97.66413984,48261.0,1732.6732670000001,28.57142857,5,7,2,0,5,7,442,0,0,0,0,0
2020-09-27,US,Texas,Kent,9,0,0,33.18104136,-100.7780939,48263.0,1181.1023619999999,0.0,9,9,0,0,9,9,726,0,0,0,0,0
2020-09-27,US,Texas,Kerr,591,10,0,30.06040006,-99.34930144,48265.0,1123.574144,1.692047377,581,591,10,0,581,591,52405,0,0,0,0,0
2020-09-27,US,Texas,Kimble,16,1,0,30.48678918,-99.74856473,48267.0,368.9186073,6.25,15,16,1,0,15,16,4362,0,0,0,0,0
2020-09-27,US,Texas,Kinney,44,1,0,29.34967888,-100.41866379999999,48271.0,1199.890919,2.272727273,43,44,1,0,43,44,3767,0,0,0,0,0
2020-09-27,US,Texas,Kleberg,1001,42,0,27.42435506,-97.69894948,48273.0,3262.711864,4.195804196,959,1000,43,0,957,997,31129,1,-1,0,2,3
2020-09-27,US,Texas,Knox,73,8,0,33.60519951,-99.74229059999999,48275.0,1992.3580789999999,10.95890411,65,73,8,0,65,68,3653,0,0,0,0,5
2020-09-27,US,Texas,La Salle,359,11,0,28.34453111,-99.09908775,48283.0,4773.93617,3.064066852,348,359,11,0,348,359,7531,0,0,0,0,0
2020-09-27,US,Texas,Lamar,1136,34,0,33.66981763,-95.57404777,48277.0,2278.425159,2.992957746,1102,1136,34,0,1102,1136,49728,0,0,0,0,0
2020-09-27,US,Texas,Lamb,336,22,0,34.06859623,-102.35162890000001,48279.0,2606.065307,6.547619048,314,336,22,0,314,335,13158,0,0,0,0,1
2020-09-27,US,Texas,Lampasas,250,8,0,31.19531316,-98.24206613,48281.0,1166.6977789999999,3.2,242,249,8,0,241,248,21229,1,0,0,1,1
2020-09-27,US,Texas,Lavaca,981,35,0,29.38508402,-96.93186692,48285.0,4867.520095,3.5677879710000004,946,981,35,0,946,983,20110,0,0,0,0,-2
2020-09-27,US,Texas,Lee,221,14,0,30.31120597,-96.97045773,48287.0,1281.9769130000002,6.334841629,207,221,14,0,207,220,17144,0,0,0,0,1
2020-09-27,US,Texas,Leon,240,6,0,31.29872538,-95.9936328,48289.0,1378.993335,2.5,234,240,6,0,234,240,17270,0,0,0,0,0
2020-09-27,US,Texas,Liberty,2256,51,0,30.15152688,-94.81205615,48291.0,2557.272243,2.260638298,2205,2251,51,0,2200,2253,86323,5,0,0,5,-2
2020-09-27,US,Texas,Limestone,568,13,0,31.5454767,-96.58095444,48293.0,2423.518368,2.288732394,555,568,13,0,555,566,23519,0,0,0,0,2
2020-09-27,US,Texas,Lipscomb,32,0,0,36.27783108,-100.27331509999999,48295.0,989.7927620999999,0.0,32,32,0,0,32,32,3355,0,0,0,0,0
2020-09-27,US,Texas,Live Oak,374,9,0,28.35101362,-98.1246786,48297.0,3063.815843,2.4064171119999997,365,374,9,0,365,374,12166,0,0,0,0,0
2020-09-27,US,Texas,Llano,124,2,0,30.70645047,-98.68475262,48299.0,568.9378297999999,1.612903226,122,124,2,0,122,124,21646,0,0,0,0,0
2020-09-27,US,Texas,Lubbock,11324,125,0,33.61008596,-101.82047890000001,48303.0,3646.210665,1.10385023,11199,11241,125,0,11116,11011,307412,83,0,0,83,230
2020-09-27,US,Texas,Lynn,99,5,0,33.17657705,-101.8162849,48305.0,1663.585952,5.050505051,94,99,5,0,94,98,5877,0,0,0,0,1
2020-09-27,US,Texas,Madison,721,6,0,30.96694679,-95.93003775,48313.0,5047.605713,0.8321775309999999,715,721,6,0,715,721,14422,0,0,0,0,0
2020-09-27,US,Texas,Marion,150,14,0,32.79868409,-94.35661230000001,48315.0,1522.224477,9.333333332999999,136,150,14,0,136,150,9928,0,0,0,0,0
2020-09-27,US,Texas,Martin,77,6,0,32.30600051,-101.9513518,48317.0,1334.257494,7.792207792,71,77,6,0,71,77,5753,0,0,0,0,0
2020-09-27,US,Texas,Mason,77,2,0,30.71780434,-99.22629416,48319.0,1801.5910149999997,2.597402597,75,77,2,0,75,77,4280,0,0,0,0,0
2020-09-27,US,Texas,Matagorda,1035,46,0,28.81955746,-96.01230294,48321.0,2824.550392,4.444444444,989,1035,46,0,989,1032,36552,0,0,0,0,3
2020-09-27,US,Texas,Maverick,3712,123,0,28.7429195,-100.3157686,48323.0,6321.310582,3.313577586,3589,3712,122,0,3590,3698,58485,0,1,0,-1,14
2020-09-27,US,Texas,McCulloch,155,4,0,31.1925468,-99.34682807,48307.0,1941.382766,2.580645161,151,155,4,0,151,153,7987,0,0,0,0,2
2020-09-27,US,Texas,McLennan,7983,102,0,31.55255453,-97.20217694,48309.0,3110.788978,1.277715145,7881,7942,101,0,7841,7870,254607,41,1,0,40,72
2020-09-27,US,Texas,McMullen,24,1,0,28.35251708,-98.56769164,48311.0,3230.148048,4.166666667,23,24,1,0,23,24,749,0,0,0,0,0
2020-09-27,US,Texas,Medina,1198,45,0,29.355730100000002,-99.11030298,48325.0,2322.425558,3.7562604339999996,1153,1198,45,0,1153,1196,50921,0,0,0,0,2
2020-09-27,US,Texas,Menard,26,0,0,30.88990665,-99.82047940000001,48327.0,1216.089804,0.0,26,26,0,0,26,26,2139,0,0,0,0,0
2020-09-27,US,Texas,Midland,3707,83,0,31.86904128,-102.03156820000001,48329.0,2096.340029,2.239007284,3624,3707,83,0,3624,3707,172578,0,0,0,0,0
2020-09-27,US,Texas,Milam,495,6,0,30.785818300000003,-96.97718698,48331.0,1994.1183579999997,1.212121212,489,495,5,0,490,488,25131,0,1,0,-1,7
2020-09-27,US,Texas,Mills,59,0,0,31.49557106,-98.59272068,48333.0,1210.753129,0.0,59,59,0,0,59,59,4921,0,0,0,0,0
2020-09-27,US,Texas,Mitchell,90,1,0,32.30623474,-100.9212058,48335.0,1053.247513,1.111111111,89,90,1,0,89,88,8145,0,0,0,0,2
2020-09-27,US,Texas,Montague,180,4,0,33.67521893,-97.72500958,48337.0,908.2652134,2.222222222,176,180,4,0,176,178,19596,0,0,0,0,2
2020-09-27,US,Texas,Montgomery,10814,158,0,30.30079133,-95.50572772,48339.0,1780.401751,1.461068985,10656,10814,158,0,10656,10814,590925,0,0,0,0,0
2020-09-27,US,Texas,Moore,1174,22,0,35.83769242,-101.8930281,48341.0,5606.494747,1.873935264,1152,1174,22,0,1152,1168,21485,0,0,0,0,6
2020-09-27,US,Texas,Morris,185,3,0,33.11304005,-94.73255695,48343.0,1493.380691,1.621621622,182,185,3,0,182,184,12339,0,0,0,0,1
2020-09-27,US,Texas,Motley,9,0,0,34.07408766,-100.77972199999999,48345.0,750.0,0.0,9,9,0,0,9,9,1234,0,0,0,0,0
2020-09-27,US,Texas,Nacogdoches,1576,62,0,31.62017125,-94.61803994,48347.0,2417.02963,3.934010152,1514,1576,62,0,1514,1553,65711,0,0,0,0,23
2020-09-27,US,Texas,Navarro,1283,26,0,32.04620681,-96.47428766,48349.0,2560.213917,2.02650039,1257,1283,26,0,1257,1274,49565,0,0,0,0,9
2020-09-27,US,Texas,Newton,180,10,0,30.78548982,-93.74408813,48351.0,1324.016182,5.555555556,170,180,10,0,170,180,13746,0,0,0,0,0
2020-09-27,US,Texas,Nolan,256,5,0,32.30365282,-100.4060208,48353.0,1739.8396089999999,1.953125,251,256,5,0,251,227,14751,0,0,0,0,29
2020-09-27,US,Texas,Nueces,20456,412,0,27.736286,-97.5433285,48355.0,5646.243106,2.014078999,20044,20451,411,0,20040,20451,362265,5,1,0,4,0
2020-09-27,US,Texas,Ochiltree,137,5,0,36.27829105,-100.8158184,48357.0,1392.842619,3.6496350360000003,132,137,5,0,132,133,9947,0,0,0,0,4
2020-09-27,US,Texas,Oldham,17,1,0,35.40425596,-102.6027606,48359.0,804.9242423999999,5.882352941000001,16,17,1,0,16,17,2131,0,0,0,0,0
2020-09-27,US,Texas,Orange,1996,43,0,30.11879481,-93.89412775,48361.0,2393.400163,2.154308617,1953,1996,43,0,1953,1967,83572,0,0,0,0,29
2020-09-27,US,Texas,Palo Pinto,561,15,0,32.75310985,-98.31319001,48363.0,1921.956902,2.673796791,546,561,15,0,546,557,28875,0,0,0,0,4
2020-09-27,US,Texas,Panola,381,26,0,32.163959600000005,-94.30552481,48365.0,1642.666207,6.824146982,355,381,26,0,355,379,23148,0,0,0,0,2
2020-09-27,US,Texas,Parker,1967,34,0,32.77757172,-97.80500621,48367.0,1376.699002,1.72852059,1933,1967,33,0,1934,1956,138371,0,1,0,-1,11
2020-09-27,US,Texas,Parmer,433,7,0,34.52993409,-102.78446679999999,48369.0,4508.068714,1.6166281759999999,426,433,7,0,426,425,9864,0,0,0,0,8
2020-09-27,US,Texas,Pecos,368,5,0,30.78097267,-102.72412609999999,48371.0,2325.72837,1.358695652,363,368,5,0,363,364,15673,0,0,0,0,4
2020-09-27,US,Texas,Polk,855,22,0,30.79472531,-94.82766240000001,48373.0,1664.9465460000001,2.573099415,833,855,22,0,833,855,50031,0,0,0,0,0
2020-09-27,US,Texas,Potter,4780,63,0,35.40133773,-101.893964,48375.0,4071.030107,1.317991632,4717,4780,63,0,4717,4780,119648,0,0,0,0,0
2020-09-27,US,Texas,Presidio,97,6,0,29.99954402,-104.24080790000001,48377.0,1446.897375,6.18556701,91,97,6,0,91,97,6948,0,0,0,0,0
2020-09-27,US,Texas,Rains,68,3,0,32.87109387,-95.79232691,48379.0,543.3914016,4.4117647060000005,65,68,3,0,65,67,12159,0,0,0,0,1
2020-09-27,US,Texas,Randall,2833,41,0,34.96585996,-101.8971322,48381.0,2057.176882,1.4472290859999999,2792,2833,41,0,2792,2794,136271,0,0,0,0,39
2020-09-27,US,Texas,Reagan,87,6,0,31.36607041,-101.52326590000001,48383.0,2260.327358,6.896551724,81,87,6,0,81,87,3741,0,0,0,0,0
2020-09-27,US,Texas,Real,118,7,0,29.83321503,-99.82018052,48385.0,3418.3082270000004,5.93220339,111,118,7,0,111,118,3478,0,0,0,0,0
2020-09-27,US,Texas,Red River,162,14,0,33.61886692,-95.04841765,48387.0,1347.41745,8.641975309,148,162,14,0,148,162,12175,0,0,0,0,0
2020-09-27,US,Texas,Reeves,196,6,0,31.32323325,-103.69038959999999,48389.0,1226.84026,3.06122449,190,196,6,0,190,193,15695,0,0,0,0,3
2020-09-27,US,Texas,Refugio,307,14,0,28.323897600000002,-97.15766311,48391.0,4418.537709,4.560260586,293,306,14,0,292,305,7032,1,0,0,1,1
2020-09-27,US,Texas,Roberts,9,0,0,35.83809685,-100.813175,48393.0,1053.864169,0.0,9,9,0,0,9,9,903,0,0,0,0,0
2020-09-27,US,Texas,Robertson,309,3,0,31.02539637,-96.51272246,48395.0,1809.7692399999999,0.970873786,306,309,3,0,306,308,17284,0,0,0,0,1
2020-09-27,US,Texas,Rockwall,1629,26,0,32.89779518,-96.40771592,48397.0,1552.6855070000001,1.596071209,1603,1629,25,0,1604,1625,100657,0,1,0,-1,4
2020-09-27,US,Texas,Runnels,270,6,0,31.8314342,-99.97616148,48399.0,2630.55339,2.222222222,264,270,5,0,265,264,10234,0,1,0,-1,6
2020-09-27,US,Texas,Rusk,960,11,0,32.10773545,-94.76176432,48401.0,1764.511267,1.145833333,949,960,11,0,949,947,54450,0,0,0,0,13
2020-09-27,US,Texas,Sabine,78,8,0,31.34318809,-93.85440451,48403.0,739.8975526,10.25641026,70,78,8,0,70,78,10589,0,0,0,0,0
2020-09-27,US,Texas,San Augustine,201,15,0,31.39457611,-94.17000399,48405.0,2440.208814,7.462686567,186,201,15,0,186,201,8232,0,0,0,0,0
2020-09-27,US,Texas,San Jacinto,227,9,0,30.57933681,-95.16260304,48407.0,786.5830417000001,3.9647577089999997,218,227,9,0,218,227,28719,0,0,0,0,0
2020-09-27,US,Texas,San Patricio,1466,75,0,28.00880118,-97.51763891,48409.0,2196.9129329999996,5.115961801,1391,1466,74,0,1392,1460,66893,0,1,0,-1,6
2020-09-27,US,Texas,San Saba,65,0,0,31.1577796,-98.81758731,48411.0,1073.492981,0.0,65,65,0,0,65,66,6054,0,0,0,0,-1
2020-09-27,US,Texas,Schleicher,53,2,0,30.89740592,-100.5384842,48413.0,1897.6011460000002,3.7735849060000004,51,53,2,0,51,53,2895,0,0,0,0,0
2020-09-27,US,Texas,Scurry,646,4,0,32.74613808,-100.91626640000001,48415.0,3867.5687,0.619195046,642,646,4,0,642,646,16866,0,0,0,0,0
2020-09-27,US,Texas,Shackelford,25,0,0,32.73587756,-99.35401337,48417.0,765.6967841,0.0,25,25,0,0,25,25,3253,0,0,0,0,0
2020-09-27,US,Texas,Shelby,480,27,0,31.79211404,-94.14550696,48419.0,1899.1849329999998,5.625,453,480,27,0,453,478,25418,0,0,0,0,2
2020-09-27,US,Texas,Sherman,63,0,0,36.27751473,-101.8933156,48421.0,2084.712111,0.0,63,63,0,0,63,62,3079,0,0,0,0,1
2020-09-27,US,Texas,Smith,3766,103,0,32.37474036,-95.27175679999999,48423.0,1618.038161,2.734997345,3663,3766,103,0,3663,3750,230221,0,0,0,0,16
2020-09-27,US,Texas,Somervell,143,5,0,32.22236802,-97.77403489,48425.0,1566.608238,3.496503497,138,143,5,0,138,142,9016,0,0,0,0,1
2020-09-27,US,Texas,Starr,3409,164,0,26.56150059,-98.73892358,48427.0,5274.395433,4.810794955,3245,3409,163,0,3246,3403,64525,0,1,0,-1,6
2020-09-27,US,Texas,Stephens,134,4,0,32.73553157,-98.83631615,48429.0,1430.706812,2.985074627,130,134,4,0,130,136,9433,0,0,0,0,-2
2020-09-27,US,Texas,Sterling,5,0,0,31.82781912,-101.05007459999999,48431.0,387.2966692,0.0,5,5,0,0,5,5,1311,0,0,0,0,0
2020-09-27,US,Texas,Stonewall,14,1,0,33.17906744,-100.25384009999999,48433.0,1037.0370369999998,7.142857143,13,14,1,0,13,14,1362,0,0,0,0,0
2020-09-27,US,Texas,Sutton,81,3,0,30.49856623,-100.5382014,48435.0,2145.127119,3.7037037039999996,78,81,3,0,78,81,3758,0,0,0,0,0
2020-09-27,US,Texas,Swisher,109,3,0,34.53028891,-101.73491740000001,48437.0,1473.570366,2.752293578,106,109,3,0,106,104,7462,0,0,0,0,5
2020-09-27,US,Texas,Tarrant,47917,711,0,32.77143818,-97.29101614,48439.0,2279.0324920000003,1.483815765,47206,47917,710,0,47207,47917,2084931,0,1,0,-1,0
2020-09-27,US,Texas,Taylor,1485,55,0,32.30163422,-99.89007449,48441.0,1075.821899,3.7037037039999996,1430,1485,55,0,1430,1475,137640,0,0,0,0,10
2020-09-27,US,Texas,Terrell,3,0,0,30.22429013,-102.0766732,48443.0,386.5979381,0.0,3,3,0,0,3,3,823,0,0,0,0,0
2020-09-27,US,Texas,Terry,242,4,0,33.17402785,-102.3354521,48445.0,1961.5789899999997,1.652892562,238,242,4,0,238,240,12287,0,0,0,0,2
2020-09-27,US,Texas,Throckmorton,8,2,0,33.17751417,-99.21226795,48447.0,532.9780147,25.0,6,8,2,0,6,8,1515,0,0,0,0,0
2020-09-27,US,Texas,Titus,1557,28,0,33.21339719,-94.96797273,48449.0,4754.1984729999995,1.7983301219999999,1529,1557,28,0,1529,1557,33033,0,0,0,0,0
2020-09-27,US,Texas,Tom Green,3674,69,0,31.40464436,-100.46244300000001,48451.0,3082.2147649999997,1.878062058,3605,3667,68,0,3599,3655,118189,7,1,0,6,12
2020-09-27,US,Texas,Travis,29252,426,0,30.33432034,-97.78535620000001,48453.0,2296.15826,1.45631068,28826,29130,422,0,28708,29073,1248743,122,4,0,118,57
2020-09-27,US,Texas,Trinity,196,7,0,31.0879489,-95.1367187,48455.0,1337.792642,3.571428571,189,196,7,0,189,196,14740,0,0,0,0,0
2020-09-27,US,Texas,Tyler,216,4,0,30.77031716,-94.37690895,48457.0,996.6777409,1.8518518519999998,212,216,4,0,212,216,21696,0,0,0,0,0
2020-09-27,US,Texas,Upshur,387,10,0,32.73706798,-94.93999853,48459.0,926.8795057,2.5839793280000003,377,387,10,0,377,384,41260,0,0,0,0,3
2020-09-27,US,Texas,Upton,25,2,0,31.36868194,-102.0423217,48461.0,683.6204539,8.0,23,25,2,0,23,25,3671,0,0,0,0,0
2020-09-27,US,Texas,Uvalde,783,34,0,29.35739637,-99.76229172,48463.0,2928.087955,4.342273308,749,781,34,0,747,772,26846,2,0,0,2,9
2020-09-27,US,Texas,Val Verde,2186,104,0,29.89149232,-101.1525205,48465.0,4458.949516,4.757548033,2082,2168,104,0,2064,2168,49208,18,0,0,18,0
2020-09-27,US,Texas,Van Zandt,586,19,0,32.56483801,-95.83766469,48467.0,1035.5186429999999,3.2423208189999997,567,586,19,0,567,586,56019,0,0,0,0,0
2020-09-27,US,Texas,Victoria,4046,96,0,28.79780988,-96.96813006,48469.0,4393.814343,2.372713791,3950,4046,96,0,3950,4046,92035,0,0,0,0,0
2020-09-27,US,Texas,Walker,3709,57,0,30.73872995,-95.57440968,48471.0,5082.841129,1.5368023730000002,3652,3701,57,0,3644,3697,72480,8,0,0,8,4
2020-09-27,US,Texas,Waller,856,14,0,30.01058447,-95.99011759,48473.0,1549.433443,1.6355140190000002,842,855,14,0,841,850,53126,1,0,0,1,5
2020-09-27,US,Texas,Ward,128,1,0,31.50999644,-103.09279090000001,48475.0,1066.844474,0.78125,127,128,1,0,127,125,11720,0,0,0,0,3
2020-09-27,US,Texas,Washington,640,48,0,30.21498498,-96.40946246,48477.0,1783.624101,7.5,592,638,48,0,590,636,35108,2,0,0,2,2
2020-09-27,US,Texas,Webb,13474,289,0,27.7610369,-99.33237355,48479.0,4870.378671,2.144871605,13185,13474,289,0,13185,13474,275910,0,0,0,0,0
2020-09-27,US,Texas,Wharton,1364,52,0,29.27765923,-96.22319248,48481.0,3282.3178359999997,3.812316716,1312,1364,52,0,1312,1360,41619,0,0,0,0,4
2020-09-27,US,Texas,Wheeler,48,0,0,35.40114335,-100.26995140000001,48483.0,949.3670886,0.0,48,48,0,0,48,48,5191,0,0,0,0,0
2020-09-27,US,Texas,Wichita,1741,24,0,33.98842886,-98.70410340000001,48485.0,1316.645239,1.378518093,1717,1741,23,0,1718,1717,132064,0,1,0,-1,24
2020-09-27,US,Texas,Wilbarger,188,2,0,34.07945812,-99.24178437,48487.0,1472.315765,1.063829787,186,188,2,0,186,185,12820,0,0,0,0,3
2020-09-27,US,Texas,Willacy,1214,49,0,26.47411727,-97.61535848,48489.0,5684.052814,4.036243822,1165,1213,49,0,1164,1209,21515,1,0,0,1,4
2020-09-27,US,Texas,Williamson,8565,143,0,30.64655664,-97.60048540000001,48491.0,1450.3404449999998,1.669585522,8422,8565,143,0,8422,8565,566719,0,0,0,0,0
2020-09-27,US,Texas,Wilson,892,26,0,29.1732598,-98.08693082,48493.0,1746.622283,2.9147982060000004,866,892,26,0,866,888,50224,0,0,0,0,4
2020-09-27,US,Texas,Winkler,118,3,0,31.85008651,-103.04851629999999,48495.0,1473.1585519999999,2.542372881,115,118,3,0,115,113,7720,0,0,0,0,5
2020-09-27,US,Texas,Wise,760,14,0,33.21570665,-97.65460265,48497.0,1085.962506,1.842105263,746,760,14,0,746,769,68305,0,0,0,0,-9
2020-09-27,US,Texas,Wood,525,23,0,32.78722382,-95.38236368,48499.0,1152.85799,4.380952381,502,525,23,0,502,519,45129,0,0,0,0,6
2020-09-27,US,Texas,Yoakum,224,5,0,33.17320212,-102.82764329999999,48501.0,2570.8711120000003,2.232142857,219,224,5,0,219,221,8591,0,0,0,0,3
2020-09-27,US,Texas,Young,314,6,0,33.17659707,-98.68790885,48503.0,1743.475847,1.910828025,308,314,6,0,308,304,18045,0,0,0,0,10
2020-09-27,US,Texas,Zapata,333,6,0,27.00156391,-99.16987152,48505.0,2348.5436210000003,1.801801802,327,333,6,0,327,333,14190,0,0,0,0,0
2020-09-27,US,Texas,Zavala,357,16,0,28.86617238,-99.76050829,48507.0,3015.202703,4.481792717,341,357,16,0,341,355,11983,0,0,0,0,2
2020-09-27,US,Utah,Bear River,3351,11,0,41.52106798,-113.08328159999999,0.0,1793.724373,0.328260221,3340,3307,11,0,3296,3271,,44,0,0,44,36
2020-09-27,US,Utah,Central Utah,647,3,0,39.37231946,-111.5758676,0.0,789.4672621,0.46367851600000004,644,641,3,0,638,637,,6,0,0,6,4
2020-09-27,US,Utah,Davis,5104,28,0,40.99001837,-112.1139997,49011.0,1435.80107,0.548589342,5076,5024,28,0,4996,4966,351713,80,0,0,80,58
2020-09-27,US,Utah,Salt Lake,30784,251,0,40.66616532,-111.92160109999999,49035.0,2652.793732,0.8153586279999999,30533,30357,249,0,30108,29977,1152633,427,2,0,425,380
2020-09-27,US,Utah,San Juan,700,29,0,37.62762978,-109.80337140000002,49037.0,4572.772407,4.1428571430000005,671,699,29,0,670,697,15449,1,0,0,1,2
2020-09-27,US,Utah,Southeast Utah,214,1,0,38.99617072,-110.70139579999999,0.0,531.9545601,0.46728972,213,207,1,0,206,204,,7,0,0,7,3
2020-09-27,US,Utah,Southwest Utah,4210,32,0,37.85447192,-111.4418764,0.0,1670.356528,0.7600950120000001,4178,4193,32,0,4161,4164,,17,0,0,17,29
2020-09-27,US,Utah,Summit,998,1,0,40.86688146,-110.9535882,49043.0,2368.015186,0.100200401,997,991,1,0,990,981,41933,7,0,0,7,10
2020-09-27,US,Utah,Tooele,877,0,0,40.44862644,-113.12957150000001,49045.0,1213.689644,0.0,877,862,0,0,862,857,69907,15,0,0,15,5
2020-09-27,US,Utah,TriCounty,237,2,0,40.12491499,-109.5174415,0.0,418.565222,0.8438818570000001,235,236,2,0,234,235,,1,0,0,1,1
2020-09-27,US,Utah,Utah,18436,57,0,40.116672200000004,-111.66576620000001,49049.0,2897.671458,0.309177696,18379,18037,54,0,17983,17584,622213,399,3,0,396,453
2020-09-27,US,Utah,Wasatch,762,7,0,40.33110236,-111.1691419,49051.0,2235.194039,0.9186351709999999,755,750,7,0,743,745,33240,12,0,0,12,5
2020-09-27,US,Utah,Weber-Morgan,4295,31,0,41.27116049,-111.9145117,0.0,1577.090149,0.7217694990000001,4264,4243,31,0,4212,4212,,52,0,0,52,31
2020-09-27,US,Vermont,Addison,83,2,0,44.03217337,-73.14130877,50001.0,225.6845311,2.4096385540000003,81,83,2,0,81,83,36973,0,0,0,0,0
2020-09-27,US,Vermont,Bennington,114,1,0,43.03519828,-73.09048868,50003.0,321.3983648,0.8771929820000001,113,114,1,0,113,110,35631,0,0,0,0,4
2020-09-27,US,Vermont,Caledonia,34,0,0,44.46548598,-72.10314651,50005.0,113.35978390000001,0.0,34,34,0,0,34,34,30302,0,0,0,0,0
2020-09-27,US,Vermont,Chittenden,835,39,0,44.46322849,-73.08359212,50007.0,509.8489382,4.670658683,796,835,39,0,796,835,164572,0,0,0,0,0
2020-09-27,US,Vermont,Essex,6,0,0,44.72736416,-71.73579864,50009.0,97.35518416,0.0,6,6,0,0,6,6,6250,0,0,0,0,0
2020-09-27,US,Vermont,Franklin,126,7,0,44.85627605,-72.91249563,50011.0,255.0504028,5.555555556,119,126,7,0,119,125,49421,0,0,0,0,1
2020-09-27,US,Vermont,Grand Isle,14,0,0,44.797582399999996,-73.29679772,50013.0,193.503801,0.0,14,14,0,0,14,14,7090,0,0,0,0,0
2020-09-27,US,Vermont,Lamoille,58,1,0,44.60353043,-72.64356694,50015.0,228.6885892,1.724137931,57,58,1,0,57,57,25300,0,0,0,0,1
2020-09-27,US,Vermont,Orange,25,0,0,44.00470222,-72.37640104,50017.0,86.52914302,0.0,25,24,0,0,24,24,28999,1,0,0,1,0
2020-09-27,US,Vermont,Orleans,21,0,0,44.82964024,-72.24562697,50019.0,77.67133928,0.0,21,21,0,0,21,21,26907,0,0,0,0,0
2020-09-27,US,Vermont,Rutland,131,1,0,43.57723578,-73.03741676,50021.0,225.12072310000002,0.763358779,130,130,1,0,129,128,58672,1,0,0,1,2
2020-09-27,US,Vermont,Unassigned,8,0,0,0.0,0.0,90050.0,0.0,0.0,8,8,0,0,8,8,,0,0,0,0,0
2020-09-27,US,Vermont,Washington,77,2,0,44.27343241,-72.61604978,50023.0,131.828999,2.597402597,75,77,2,0,75,77,58140,0,0,0,0,0
2020-09-27,US,Vermont,Windham,123,3,0,42.986982,-72.71268875,50025.0,291.3173227,2.43902439,120,123,3,0,120,123,42756,0,0,0,0,0
2020-09-27,US,Vermont,Windsor,87,2,0,43.58010937,-72.58595157,50027.0,158.0037049,2.298850575,85,86,2,0,84,86,55286,1,0,0,1,0
2020-09-27,US,Virginia,Accomack,1175,19,0,37.76707161,-75.63234615,51001.0,3635.9697979999996,1.6170212769999999,1156,1175,19,0,1156,1172,32412,0,0,0,0,3
2020-09-27,US,Virginia,Albemarle,1255,21,0,38.02080697,-78.55481085,51003.0,1147.9008509999999,1.6733067730000002,1234,1253,21,0,1232,1233,108718,2,0,0,2,20
2020-09-27,US,Virginia,Alexandria,3814,69,0,38.814003,-77.08183073,51510.0,2392.3024809999997,1.8091242790000002,3745,3804,69,0,3735,3780,160530,10,0,0,10,24
2020-09-27,US,Virginia,Alleghany,79,4,0,37.78636074,-80.00222498,51005.0,531.6285330000001,5.0632911389999995,75,78,4,0,74,78,14910,1,0,0,1,0
2020-09-27,US,Virginia,Amelia,124,5,0,37.34081025,-77.98584649,51007.0,943.324458,4.032258065,119,124,5,0,119,124,13013,0,0,0,0,0
2020-09-27,US,Virginia,Amherst,396,4,0,37.60308293,-79.14548696,51009.0,1252.966303,1.01010101,392,395,4,0,391,390,31666,1,0,0,1,5
2020-09-27,US,Virginia,Appomattox,215,3,0,37.37569884,-78.81340003,51011.0,1351.266419,1.3953488369999998,212,215,3,0,212,213,15841,0,0,0,0,2
2020-09-27,US,Virginia,Arlington,3951,149,0,38.8767675,-77.10139853,51013.0,1668.200741,3.771197165,3802,3935,149,0,3786,3909,237521,16,0,0,16,26
2020-09-27,US,Virginia,Augusta,497,7,0,38.16404586,-79.12461614,51015.0,657.7728367999999,1.408450704,490,494,7,0,487,478,75457,3,0,0,3,16
2020-09-27,US,Virginia,Bath,9,0,0,38.05852573,-79.73912095,51017.0,217.02435499999999,0.0,9,7,0,0,7,7,4292,2,0,0,2,0
2020-09-27,US,Virginia,Bedford,760,13,0,37.3080028,-79.5281964,51019.0,962.0618505000001,1.710526316,747,753,13,0,740,739,78747,7,0,0,7,14
2020-09-27,US,Virginia,Bland,64,5,0,37.13128068,-81.13599391,51021.0,1019.10828,7.8125,59,64,5,0,59,64,6293,0,0,0,0,0
2020-09-27,US,Virginia,Botetourt,302,10,0,37.55531756,-79.80982182,51023.0,903.6775487,3.311258278,292,302,10,0,292,297,33277,0,0,0,0,5
2020-09-27,US,Virginia,Bristol,185,5,0,36.616302399999995,-82.16359122,51520.0,1103.686911,2.702702703,180,182,5,0,177,182,16482,3,0,0,3,0
2020-09-27,US,Virginia,Brunswick,358,5,0,36.76366949,-77.8593436,51025.0,2205.6558440000003,1.396648045,353,355,5,0,350,351,16384,3,0,0,3,4
2020-09-27,US,Virginia,Buchanan,140,2,0,37.26818323,-82.03749726,51027.0,666.5397067000001,1.428571429,138,140,2,0,138,137,21221,0,0,0,0,3
2020-09-27,US,Virginia,Buckingham,679,9,0,37.57242268,-78.52518834,51029.0,3959.64544,1.325478645,670,679,9,0,670,677,16999,0,0,0,0,2
2020-09-27,US,Virginia,Buena Vista,83,1,0,37.73484642,-79.35296097,51530.0,1281.259648,1.2048192770000001,82,80,1,0,79,80,6237,3,0,0,3,0
2020-09-27,US,Virginia,Campbell,450,4,0,37.20553386,-79.09678609,51031.0,819.8961465,0.8888888890000001,446,447,4,0,443,436,54973,3,0,0,3,11
2020-09-27,US,Virginia,Caroline,354,5,0,38.02679129,-77.34901405,51033.0,1152.156225,1.412429379,349,350,5,0,345,347,30772,4,0,0,4,3
2020-09-27,US,Virginia,Carroll,500,24,0,36.73066666,-80.73455942,51035.0,1678.359236,4.8,476,499,24,0,475,492,29636,1,0,0,1,7
2020-09-27,US,Virginia,Charles City,85,5,0,37.35358063,-77.05634116,51036.0,1220.738188,5.882352941000001,80,84,5,0,79,84,6941,1,0,0,1,0
2020-09-27,US,Virginia,Charlotte,107,0,0,37.01909701,-78.66314092,51037.0,900.6734007000001,0.0,107,106,0,0,106,106,11938,1,0,0,1,0
2020-09-27,US,Virginia,Charlottesville,1216,28,0,38.03527919,-78.48569588,51540.0,2572.673804,2.3026315790000003,1188,1186,28,0,1158,1144,48117,30,0,0,30,42
2020-09-27,US,Virginia,Chesapeake,4299,72,0,36.67670048,-76.30545744,51550.0,1755.876407,1.674808095,4227,4296,71,0,4225,4271,242634,3,1,0,2,25
2020-09-27,US,Virginia,Chesterfield,5985,94,0,37.37373208,-77.58680140000001,51041.0,1696.418955,1.57059315,5891,5945,94,0,5851,5916,348556,40,0,0,40,29
2020-09-27,US,Virginia,Clarke,94,0,0,39.11271747,-77.99199425,51043.0,642.9988371000001,0.0,94,94,0,0,94,94,14523,0,0,0,0,0
2020-09-27,US,Virginia,Colonial Heights,256,25,0,37.26420587,-77.39609676,51570.0,1473.805412,9.765625,231,256,25,0,231,253,17833,0,0,0,0,3
2020-09-27,US,Virginia,Covington,32,0,0,37.7824656,-79.98631446,51580.0,577.8259299,0.0,32,32,0,0,32,32,5460,0,0,0,0,0
2020-09-27,US,Virginia,Craig,31,0,0,37.48133648,-80.21072274,51045.0,604.1707269999999,0.0,31,29,0,0,29,29,5064,2,0,0,2,0
2020-09-27,US,Virginia,Culpeper,1196,17,0,38.48199985,-77.95630870000001,51047.0,2273.548142,1.421404682,1179,1195,17,0,1178,1190,51859,1,0,0,1,5
2020-09-27,US,Virginia,Cumberland,105,2,0,37.51328851,-78.24398086,51049.0,1057.188884,1.904761905,103,105,2,0,103,104,9809,0,0,0,0,1
2020-09-27,US,Virginia,Danville,875,27,0,36.58022376,-79.40395668,51590.0,2185.096394,3.0857142860000004,848,868,27,0,841,860,40693,7,0,0,7,8
2020-09-27,US,Virginia,Dickenson,101,1,0,37.12560977,-82.35124171,51051.0,705.4057829,0.99009901,100,101,1,0,100,99,14523,0,0,0,0,2
2020-09-27,US,Virginia,Dinwiddie,385,11,0,37.07544585,-77.63451754,51053.0,1348.794843,2.857142857,374,377,11,0,366,376,28529,8,0,0,8,1
2020-09-27,US,Virginia,Emporia,258,26,0,36.69455571,-77.53406129,51595.0,4826.038159000001,10.07751938,232,255,26,0,229,255,5121,3,0,0,3,0
2020-09-27,US,Virginia,Essex,180,2,0,37.93357639,-76.94230311,51057.0,1643.385374,1.111111111,178,178,2,0,176,176,10919,2,0,0,2,2
2020-09-27,US,Virginia,Fairfax,20801,586,0,38.83677558,-77.27565836,51059.0,1812.6727620000001,2.817172251,20215,20687,586,0,20101,20627,1150795,114,0,0,114,60
2020-09-27,US,Virginia,Fairfax,20801,586,0,38.83677558,-77.27565836,51059.0,1812.6727620000001,2.817172251,20215,20687,586,0,20101,20627,24574,114,0,0,114,60
2020-09-27,US,Virginia,Fairfax City,137,8,0,38.85157547,-77.29779640000001,51600.0,570.3817811,5.839416057999999,129,136,8,0,128,135,24574,1,0,0,1,1
2020-09-27,US,Virginia,Falls Church,70,7,0,38.88485255,-77.17560759,51610.0,478.894438,10.0,63,70,7,0,63,70,14772,0,0,0,0,0
2020-09-27,US,Virginia,Fauquier,936,25,0,38.73564842,-77.80647472,51061.0,1314.200668,2.670940171,911,931,25,0,906,925,70675,5,0,0,5,6
2020-09-27,US,Virginia,Floyd,203,9,0,36.9302126,-80.36738849,51063.0,1288.970728,4.433497537,194,203,9,0,194,201,15795,0,0,0,0,2
2020-09-27,US,Virginia,Fluvanna,379,9,0,37.84157909,-78.27715475,51065.0,1389.8056470000001,2.374670185,370,375,9,0,366,375,26783,4,0,0,4,0
2020-09-27,US,Virginia,Franklin,194,1,0,36.99536167,-79.88023649,51067.0,346.1689447,0.515463918,193,194,1,0,193,194,56195,0,0,0,0,0
2020-09-27,US,Virginia,Franklin,194,1,0,36.99536167,-79.88023649,51067.0,346.1689447,0.515463918,193,194,1,0,193,194,8013,0,0,0,0,0
2020-09-27,US,Virginia,Franklin City,415,9,0,36.6831435,-76.93859681,51620.0,5208.987072,2.168674699,406,415,9,0,406,413,8013,0,0,0,0,2
2020-09-27,US,Virginia,Frederick,883,13,0,39.20172582,-78.25974949,51069.0,988.6578662000001,1.472253681,870,881,13,0,868,873,88355,2,0,0,2,8
2020-09-27,US,Virginia,Fredericksburg,539,5,0,38.2977863,-77.4922454,51630.0,1856.3162969999998,0.927643785,534,539,5,0,534,535,29144,0,0,0,0,4
2020-09-27,US,Virginia,Galax,418,30,0,36.66601852,-80.91703124,51640.0,6585.788562,7.177033493,388,415,30,0,385,413,6423,3,0,0,3,2
2020-09-27,US,Virginia,Giles,89,0,0,37.31234791,-80.70636931,51071.0,532.2966507,0.0,89,89,0,0,89,88,16844,0,0,0,0,1
2020-09-27,US,Virginia,Gloucester,244,2,0,37.40809042,-76.53524337,51073.0,653.3147692000001,0.8196721309999999,242,242,2,0,240,235,37349,2,0,0,2,7
2020-09-27,US,Virginia,Goochland,271,7,0,37.71714806,-77.90381514,51075.0,1140.908517,2.58302583,264,269,7,0,262,266,23244,2,0,0,2,3
2020-09-27,US,Virginia,Grayson,320,13,0,36.65677234,-81.23215889,51077.0,2057.877814,4.0625,307,312,12,0,300,308,15631,8,1,0,7,4
2020-09-27,US,Virginia,Greene,216,3,0,38.29545894,-78.46525378,51079.0,1089.8632630000002,1.388888889,213,216,3,0,213,216,19779,0,0,0,0,0
2020-09-27,US,Virginia,Greensville,789,11,0,36.67878901,-77.56351439,51081.0,6960.127029,1.394169835,778,781,11,0,770,782,11627,8,0,0,8,-1
2020-09-27,US,Virginia,Halifax,348,6,0,36.76654925,-78.93512622,51083.0,1026.215682,1.724137931,342,348,6,0,342,342,34120,0,0,0,0,6
2020-09-27,US,Virginia,Hampton,1819,24,0,37.03513786,-76.35879121,51650.0,1352.3158130000002,1.319406267,1795,1809,24,0,1785,1803,134313,10,0,0,10,6
2020-09-27,US,Virginia,Hanover,1293,37,0,37.7583355,-77.49464673,51085.0,1199.8218359999998,2.861562258,1256,1288,37,0,1251,1286,107239,5,0,0,5,2
2020-09-27,US,Virginia,Harrisonburg,2631,34,0,38.43542574,-78.87536254,51660.0,4962.652784000001,1.292284303,2597,2608,34,0,2574,2578,54033,23,0,0,23,30
2020-09-27,US,Virginia,Henrico,5453,211,0,37.53460572,-77.39326555,51087.0,1648.3383609999998,3.869429672,5242,5434,211,0,5223,5399,329261,19,0,0,19,35
2020-09-27,US,Virginia,Henry,1065,24,0,36.68542395,-79.87634026,51089.0,2106.53322,2.253521127,1041,1046,21,0,1025,1042,50953,19,3,0,16,4
2020-09-27,US,Virginia,Highland,7,0,0,38.35799465,-79.56124594,51091.0,319.6347032,0.0,7,7,0,0,7,7,2210,0,0,0,0,0
2020-09-27,US,Virginia,Hopewell,393,7,0,37.29186313,-77.29754684,51670.0,1744.4183050000001,1.7811704830000001,386,390,7,0,383,390,22596,3,0,0,3,0
2020-09-27,US,Virginia,Isle of Wight,739,19,0,36.90579348,-76.70842863,51093.0,1991.43065,2.571041949,720,733,19,0,714,723,36953,6,0,0,6,10
2020-09-27,US,Virginia,James City,851,20,0,37.31156958,-76.76950618,51095.0,1112.083949,2.3501762630000003,831,848,20,0,828,842,76397,3,0,0,3,6
2020-09-27,US,Virginia,King George,229,4,0,38.26818502,-77.15852768,51099.0,853.331346,1.746724891,225,228,4,0,224,228,26575,1,0,0,1,0
2020-09-27,US,Virginia,King William,161,2,0,37.70965316,-77.09384941,51101.0,938.8850012,1.242236025,159,160,2,0,158,157,16939,1,0,0,1,3
2020-09-27,US,Virginia,King and Queen,72,1,0,37.71044922,-76.88689628,51097.0,1024.911032,1.388888889,71,72,1,0,71,72,7042,0,0,0,0,0
2020-09-27,US,Virginia,Lancaster,146,0,0,37.71889653,-76.46400482,51103.0,1376.968782,0.0,146,144,0,0,144,142,10783,2,0,0,2,2
2020-09-27,US,Virginia,Lee,269,7,0,36.70586667,-83.12606515,51105.0,1148.443837,2.602230483,262,267,7,0,260,266,23541,2,0,0,2,1
2020-09-27,US,Virginia,Lexington,85,1,0,37.78258621,-79.44262866,51678.0,1141.5525109999999,1.176470588,84,77,1,0,76,73,7136,8,0,0,8,4
2020-09-27,US,Virginia,Loudoun,6816,124,0,39.08990083,-77.63481877,51107.0,1648.216125,1.819248826,6692,6792,124,0,6668,6774,406850,24,0,0,24,18
2020-09-27,US,Virginia,Louisa,290,6,0,37.97850256,-77.96274807,51109.0,771.461254,2.068965517,284,289,6,0,283,287,36778,1,0,0,1,2
2020-09-27,US,Virginia,Lunenburg,118,3,0,36.94618528,-78.24133319,51111.0,967.5303377999999,2.542372881,115,118,3,0,115,116,12086,0,0,0,0,2
2020-09-27,US,Virginia,Lynchburg,1396,13,0,37.40021399,-79.19888138,51680.0,1698.958232,0.931232092,1383,1391,13,0,1378,1374,82126,5,0,0,5,17
2020-09-27,US,Virginia,Madison,106,3,0,38.41531222,-78.28220331,51113.0,799.3364,2.830188679,103,106,3,0,103,106,13295,0,0,0,0,0
2020-09-27,US,Virginia,Manassas,1920,25,0,38.7464321,-77.48509905,51683.0,4673.238408,1.302083333,1895,1918,25,0,1893,1918,41641,2,0,0,2,0
2020-09-27,US,Virginia,Manassas Park,612,8,0,38.77058531,-77.44399307,51685.0,3501.5447990000002,1.307189542,604,610,8,0,602,610,17307,2,0,0,2,0
2020-09-27,US,Virginia,Martinsville,382,17,0,36.68212094,-79.86352771,51690.0,3042.854867,4.45026178,365,382,16,0,366,380,12902,0,1,0,-1,2
2020-09-27,US,Virginia,Mathews,74,0,0,37.44164146,-76.34098896,51115.0,837.6726285,0.0,74,72,0,0,72,49,8802,2,0,0,2,23
2020-09-27,US,Virginia,Mecklenburg,718,33,0,36.67882005,-78.36131056,51117.0,2347.402491,4.596100279,685,717,33,0,684,711,30650,1,0,0,1,6
2020-09-27,US,Virginia,Middlesex,119,10,0,37.63191998,-76.55064617,51119.0,1124.551125,8.403361345,109,115,10,0,105,113,10769,4,0,0,4,2
2020-09-27,US,Virginia,Montgomery,1936,4,0,37.17746986,-80.37868691,51121.0,1964.784087,0.20661157,1932,1909,4,0,1905,1880,98985,27,0,0,27,29
2020-09-27,US,Virginia,Nelson,104,2,0,37.78790447,-78.88498513,51125.0,696.5840589,1.9230769230000002,102,100,2,0,98,100,14836,4,0,0,4,0
2020-09-27,US,Virginia,New Kent,191,3,0,37.50694406,-76.99828634,51127.0,827.1620978,1.570680628,188,189,3,0,186,188,22391,2,0,0,2,1
2020-09-27,US,Virginia,Newport News,2733,38,0,37.08166899,-76.51754109,51700.0,1524.89887,1.390413465,2695,2721,38,0,2683,2715,178626,12,0,0,12,6
2020-09-27,US,Virginia,Norfolk,4824,78,0,36.89934014,-76.26420872,51710.0,1987.295153,1.616915423,4746,4822,78,0,4744,4800,244076,2,0,0,2,22
2020-09-27,US,Virginia,Northampton,305,31,0,37.34062933,-75.87751591,51131.0,2604.611443,10.16393443,274,305,31,0,274,305,11735,0,0,0,0,0
2020-09-27,US,Virginia,Northumberland,160,6,0,37.89202088,-76.41949732,51133.0,1322.860686,3.75,154,157,6,0,151,152,12147,3,0,0,3,5
2020-09-27,US,Virginia,Norton,34,0,0,36.93357076,-82.62750411,51720.0,854.0567697,0.0,34,33,0,0,33,33,3968,1,0,0,1,0
2020-09-27,US,Virginia,Nottoway,265,18,0,37.1435975,-78.05065922,51135.0,1739.758403,6.79245283,247,265,18,0,247,257,15420,0,0,0,0,8
2020-09-27,US,Virginia,Orange,325,4,0,38.24530219,-78.01560400000001,51137.0,877.1693072,1.230769231,321,322,4,0,318,320,36644,3,0,0,3,2
2020-09-27,US,Virginia,Page,393,29,0,38.61807452,-78.48797204,51139.0,1644.2138730000001,7.37913486,364,393,29,0,364,390,23933,0,0,0,0,3
2020-09-27,US,Virginia,Patrick,277,25,0,36.680163799999995,-80.2865648,51141.0,1573.148569,9.025270758,252,277,25,0,252,276,17673,0,0,0,0,1
2020-09-27,US,Virginia,Petersburg,740,29,0,37.20530399,-77.39368102,51730.0,2360.747783,3.918918919,711,734,29,0,705,734,31567,6,0,0,6,0
2020-09-27,US,Virginia,Pittsylvania,998,9,0,36.81980341,-79.39731264,51143.0,1653.5772279999999,0.9018036070000001,989,994,9,0,985,985,60949,4,0,0,4,9
2020-09-27,US,Virginia,Poquoson,74,2,0,37.14259351,-76.35798148,51735.0,603.0478364,2.702702703,72,74,2,0,72,74,12190,0,0,0,0,0
2020-09-27,US,Virginia,Portsmouth,2559,59,0,36.85914825,-76.35971629,51740.0,2710.862518,2.30558812,2500,2555,59,0,2496,2547,94632,4,0,0,4,8
2020-09-27,US,Virginia,Powhatan,222,5,0,37.55016038,-77.91267882,51145.0,748.684743,2.252252252,217,221,5,0,216,219,29189,1,0,0,1,2
2020-09-27,US,Virginia,Prince Edward,580,12,0,37.22554789,-78.43597949,51147.0,2543.636523,2.068965517,568,581,12,0,569,577,22950,-1,0,0,-1,4
2020-09-27,US,Virginia,Prince George,803,5,0,37.18497668,-77.22922187,51149.0,2093.7084449999998,0.622665006,798,796,5,0,791,791,38082,7,0,0,7,5
2020-09-27,US,Virginia,Prince William,12449,203,0,38.70916224,-77.48713689,51153.0,2646.836829,1.630653065,12246,12394,203,0,12191,12318,468011,55,0,0,55,76
2020-09-27,US,Virginia,Pulaski,236,5,0,37.06474963,-80.71229738,51155.0,693.5668734,2.118644068,231,232,5,0,227,225,34066,4,0,0,4,7
2020-09-27,US,Virginia,Radford,740,1,0,37.12222899,-80.56027320000001,51750.0,4055.0167130000004,0.135135135,739,737,1,0,736,734,18339,3,0,0,3,3
2020-09-27,US,Virginia,Rappahannock,63,2,0,38.68295619,-78.15826963,51157.0,854.816825,3.174603175,61,63,2,0,61,64,7252,0,0,0,0,-1
2020-09-27,US,Virginia,Richmond,349,4,0,37.937575,-76.72920628,51159.0,3867.893162,1.146131805,345,348,4,0,344,346,9038,1,0,0,1,2
2020-09-27,US,Virginia,Richmond City,4637,61,0,37.53255773,-77.47966921,51760.0,2012.2723879999999,1.315505715,4576,4625,61,0,4564,4595,228783,12,0,0,12,30
2020-09-27,US,Virginia,Roanoke,879,7,0,37.26865804,-80.06396753,51161.0,933.2597201,0.796359499,872,861,7,0,854,842,94073,18,0,0,18,19
2020-09-27,US,Virginia,Roanoke City,1713,27,0,37.27791025,-79.96189766,51770.0,1727.807309,1.576182137,1686,1694,23,0,1671,1656,99920,19,4,0,15,38
2020-09-27,US,Virginia,Rockbridge,115,2,0,37.81204314,-79.44605905,51163.0,509.4582023,1.739130435,113,111,2,0,109,108,22752,4,0,0,4,3
2020-09-27,US,Virginia,Rockingham,1424,22,0,38.51006137,-78.87260325,51165.0,1737.687314,1.54494382,1402,1423,22,0,1401,1414,81244,1,0,0,1,9
2020-09-27,US,Virginia,Russell,262,5,0,36.930283200000005,-82.10095486,51167.0,985.4810802999999,1.908396947,257,257,5,0,252,254,26748,5,0,0,5,3
2020-09-27,US,Virginia,Salem,267,6,0,37.2836193,-80.06219455,51775.0,1055.294257,2.247191011,261,267,5,0,262,264,25643,0,1,0,-1,3
2020-09-27,US,Virginia,Scott,186,4,0,36.71466456,-82.60171704,51169.0,862.4687007000001,2.150537634,182,185,4,0,181,184,21534,1,0,0,1,1
2020-09-27,US,Virginia,Shenandoah,806,58,0,38.85905135,-78.56813762,51171.0,1847.9457079999997,7.196029777000001,748,806,58,0,748,805,43497,0,0,0,0,1
2020-09-27,US,Virginia,Smyth,491,13,0,36.84455636,-81.53344948,51173.0,1631.01249,2.647657841,478,465,10,0,455,457,30472,26,3,0,23,8
2020-09-27,US,Virginia,Southampton,757,23,0,36.72231125,-77.10642712,51175.0,4293.573819,3.038309115,734,755,23,0,732,748,17586,2,0,0,2,7
2020-09-27,US,Virginia,Spotsylvania,2136,44,0,38.18574462,-77.655399,51177.0,1568.1092390000001,2.059925094,2092,2131,44,0,2087,2121,134238,5,0,0,5,10
2020-09-27,US,Virginia,Stafford,2012,17,0,38.41758738,-77.45917053,51179.0,1316.047671,0.844930417,1995,2005,17,0,1988,1998,149960,7,0,0,7,7
2020-09-27,US,Virginia,Staunton,257,0,0,38.15965544,-79.05979937,51790.0,1030.803786,0.0,257,256,0,0,256,251,24922,1,0,0,1,5
2020-09-27,US,Virginia,Suffolk,1972,72,0,36.70155394,-76.63603554,51800.0,2140.964954,3.6511156189999996,1900,1970,72,0,1898,1963,91185,2,0,0,2,7
2020-09-27,US,Virginia,Surry,119,3,0,37.11781893,-76.88450012,51181.0,1853.005294,2.521008403,116,119,3,0,116,118,6474,0,0,0,0,1
2020-09-27,US,Virginia,Sussex,465,11,0,36.92432914,-77.25791182,51183.0,4167.040057,2.3655913980000003,454,463,11,0,452,462,11237,2,0,0,2,1
2020-09-27,US,Virginia,Tazewell,301,2,0,37.12191123,-81.56685568,51185.0,741.4706245,0.664451827,299,297,2,0,295,284,40855,4,0,0,4,13
2020-09-27,US,Virginia,Virginia Beach,6826,90,0,36.73285734,-76.04566934,51810.0,1516.976536,1.318488134,6736,6809,89,0,6720,6776,450189,17,1,0,16,33
2020-09-27,US,Virginia,Warren,418,7,0,38.90847745,-78.20280433,51187.0,1040.7329949999998,1.674641148,411,418,7,0,411,415,40003,0,0,0,0,3
2020-09-27,US,Virginia,Washington,572,20,0,36.72341572,-81.95666289,51191.0,1064.3840710000002,3.496503497,552,563,20,0,543,553,54402,9,0,0,9,10
2020-09-27,US,Virginia,Waynesboro,266,3,0,38.06451466,-78.90293905,51820.0,1175.430844,1.127819549,263,265,3,0,262,259,22628,1,0,0,1,6
2020-09-27,US,Virginia,Westmoreland,275,3,0,38.11021557,-76.80213247,51193.0,1526.50569,1.0909090909999999,272,274,3,0,271,273,17830,1,0,0,1,1
2020-09-27,US,Virginia,Williamsburg,181,7,0,37.28131268,-76.70905141,51830.0,1210.378494,3.867403315,174,178,7,0,171,177,14896,3,0,0,3,1
2020-09-27,US,Virginia,Winchester,499,4,0,39.17054517,-78.17325058,51840.0,1777.1921079999997,0.8016032059999999,495,497,4,0,493,495,28108,2,0,0,2,2
2020-09-27,US,Virginia,Wise,411,9,0,36.9746148,-82.62410519,51195.0,1099.430222,2.189781022,402,408,9,0,399,400,38012,3,0,0,3,8
2020-09-27,US,Virginia,Wythe,238,4,0,36.91582035,-81.07834059,51197.0,829.7308604,1.680672269,234,237,4,0,233,232,28754,1,0,0,1,5
2020-09-27,US,Virginia,York,545,8,0,37.24374789,-76.54412815,51199.0,798.1839484,1.467889908,537,544,8,0,536,541,67846,1,0,0,1,3
2020-09-27,US,Washington,Adams,846,10,0,46.98299757,-118.56017340000001,53001.0,4233.598559,1.182033097,836,842,10,0,832,835,19759,4,0,0,4,7
2020-09-27,US,Washington,Asotin,110,2,0,46.18894415,-117.2022851,53003.0,487.1136303,1.8181818180000002,108,105,2,0,103,105,22610,5,0,0,5,0
2020-09-27,US,Washington,Benton,4541,130,0,46.23946995,-119.51208340000001,53005.0,2221.732961,2.862805549,4411,4529,130,0,4399,4514,201877,12,0,0,12,15
2020-09-27,US,Washington,Chelan,1845,15,0,47.87046092,-120.6173956,53007.0,2389.896373,0.81300813,1830,1841,15,0,1826,1840,77036,4,0,0,4,1
2020-09-27,US,Washington,Clallam,230,1,0,48.04754642,-123.92263190000001,53009.0,297.4227671,0.434782609,229,229,1,0,228,228,76737,1,0,0,1,1
2020-09-27,US,Washington,Clark,3234,62,0,45.77568046,-122.48292040000001,53011.0,662.3778010999999,1.917130489,3172,3215,62,0,3153,3176,481857,19,0,0,19,39
2020-09-27,US,Washington,Columbia,14,1,0,46.29442881,-117.9051983,53013.0,351.31744039999995,7.142857143,13,14,1,0,13,14,4059,0,0,0,0,0
2020-09-27,US,Washington,Cowlitz,659,7,0,46.19074721,-122.6782231,53015.0,595.8785818,1.062215478,652,660,7,0,653,657,108987,-1,0,0,-1,3
2020-09-27,US,Washington,Douglas,1186,9,0,47.7361335,-119.69293700000001,53017.0,2730.894103,0.758853288,1177,1185,9,0,1176,1183,42907,1,0,0,1,2
2020-09-27,US,Washington,Ferry,30,0,0,48.471143100000006,-118.5154041,53019.0,393.3394519,0.0,30,30,0,0,30,30,7649,0,0,0,0,0
2020-09-27,US,Washington,Franklin,4282,66,0,46.53351425,-118.9018212,53021.0,4496.859969,1.5413358240000001,4216,4265,66,0,4199,4242,94347,17,0,0,17,23
2020-09-27,US,Washington,Garfield,11,0,0,46.43197502,-117.54540320000001,53023.0,494.38202249999995,0.0,11,11,0,0,11,11,2247,0,0,0,0,0
2020-09-27,US,Washington,Grant,2937,21,0,47.20753737,-119.4500749,53025.0,3005.126211,0.7150153220000001,2916,2919,21,0,2898,2908,97331,18,0,0,18,11
2020-09-27,US,Washington,Grays Harbor,499,7,0,47.14003705,-123.7820567,53027.0,664.7926352999999,1.402805611,492,492,7,0,485,476,73901,7,0,0,7,16
2020-09-27,US,Washington,Island,313,12,0,48.14713305,-122.5216407,53029.0,367.6254683,3.833865815,301,313,12,0,301,312,84460,0,0,0,0,1
2020-09-27,US,Washington,Jefferson,71,0,0,47.75003077,-123.56097040000002,53031.0,220.3531858,0.0,71,71,0,0,71,71,31729,0,0,0,0,0
2020-09-27,US,Washington,King,22103,768,0,47.49137892,-121.8346131,53033.0,981.1424275,3.474641451,21335,21995,768,0,21227,21866,2233163,108,0,0,108,129
2020-09-27,US,Washington,Kitsap,1201,13,0,47.63479026,-122.6436061,53035.0,442.40127010000003,1.082431307,1188,1193,13,0,1180,1174,269805,8,0,0,8,19
2020-09-27,US,Washington,Kittitas,533,22,0,47.12521214,-120.67943899999999,53037.0,1111.9223949999998,4.127579737,511,532,22,0,510,528,47364,1,0,0,1,4
2020-09-27,US,Washington,Klickitat,192,3,0,45.87325839,-120.7913598,53039.0,856.187291,1.5625,189,192,3,0,189,192,22107,0,0,0,0,0
2020-09-27,US,Washington,Lewis,522,4,0,46.57756476,-122.39257690000001,53041.0,646.784046,0.766283525,518,498,4,0,494,491,79604,24,0,0,24,7
2020-09-27,US,Washington,Lincoln,49,1,0,47.57705241,-118.41943880000001,53043.0,447.93856839999995,2.040816327,48,49,1,0,48,45,10740,0,0,0,0,4
2020-09-27,US,Washington,Mason,396,4,0,47.35007586,-123.1863685,53045.0,593.0984903,1.01010101,392,393,4,0,389,386,65507,3,0,0,3,7
2020-09-27,US,Washington,Okanogan,1049,10,0,48.54855019,-119.73872240000001,53047.0,2483.251663,0.953288847,1039,1048,10,0,1038,1047,42132,1,0,0,1,1
2020-09-27,US,Washington,Pacific,80,3,0,46.55418369,-123.7285716,53049.0,356.0144186,3.75,77,80,3,0,77,80,22036,0,0,0,0,0
2020-09-27,US,Washington,Pend Oreille,62,0,0,48.53234021,-117.2741804,53051.0,451.76333430000005,0.0,62,60,0,0,60,60,13602,2,0,0,2,0
2020-09-27,US,Washington,Pierce,7913,200,0,47.03892768,-122.14059579999999,53053.0,874.3839642999999,2.527486415,7713,7849,200,0,7649,7788,891299,64,0,0,64,61
2020-09-27,US,Washington,San Juan,29,0,0,48.60182783,-122.96745,53055.0,164.9414174,0.0,29,29,0,0,29,29,17128,0,0,0,0,0
2020-09-27,US,Washington,Skagit,1103,22,0,48.48171488,-121.766131,53057.0,853.682133,1.99456029,1081,1100,22,0,1078,1095,128206,3,0,0,3,5
2020-09-27,US,Washington,Skamania,65,1,0,46.02408726,-121.91644029999999,53059.0,537.9458744,1.5384615380000002,64,65,1,0,64,65,11924,0,0,0,0,0
2020-09-27,US,Washington,Snohomish,6905,212,0,48.04615983,-121.7170703,53061.0,839.9395195000001,3.070238957,6693,6878,212,0,6666,6821,814901,27,0,0,27,57
2020-09-27,US,Washington,Spokane,6801,165,0,47.62113146,-117.4046494,53063.0,1300.884854,2.4261138069999997,6636,6730,165,0,6565,6661,514631,71,0,0,71,69
2020-09-27,US,Washington,Stevens,167,2,0,48.40035475,-117.8542701,53065.0,365.2428756,1.19760479,165,167,2,0,165,165,45260,0,0,0,0,2
2020-09-27,US,Washington,Thurston,1087,17,0,46.9291895,-122.82906559999999,53067.0,374.1360795,1.5639374430000001,1070,1080,17,0,1063,1064,286419,7,0,0,7,16
2020-09-27,US,Washington,Unassigned,301,4,0,0.0,0.0,90053.0,0.0,1.328903654,297,309,4,0,305,295,,-8,0,0,-8,14
2020-09-27,US,Washington,Wahkiakum,6,0,0,46.29180039999999,-123.4250831,53069.0,133.6898396,0.0,6,6,0,0,6,6,4426,0,0,0,0,0
2020-09-27,US,Washington,Walla Walla,892,6,0,46.23040051,-118.4775539,53071.0,1468.071099,0.67264574,886,889,6,0,883,880,60922,3,0,0,3,9
2020-09-27,US,Washington,Whatcom,1338,42,0,48.82227976,-121.74900179999999,53073.0,583.6499496,3.139013453,1296,1327,42,0,1285,1318,225685,11,0,0,11,9
2020-09-27,US,Washington,Whitman,1272,0,0,46.90022523,-117.52417630000001,53075.0,2538.7194640000002,0.0,1272,1262,0,0,1262,1221,49791,10,0,0,10,41
2020-09-27,US,Washington,Yakima,11395,258,0,46.45738486,-120.73801259999999,53077.0,4542.138851,2.264150943,11137,11378,258,0,11120,11347,251446,17,0,0,17,31
2020-09-27,US,West Virginia,Barbour,56,1,0,39.1307219,-80.00350858,54001.0,340.6118849,1.785714286,55,56,1,0,55,53,16535,0,0,0,0,3
2020-09-27,US,West Virginia,Berkeley,995,13,0,39.46704621,-78.02414609,54003.0,834.9346737000001,1.306532663,982,987,13,0,974,976,117123,8,0,0,8,11
2020-09-27,US,West Virginia,Boone,218,1,0,38.01974191,-81.69888019,54005.0,1015.985459,0.458715596,217,218,1,0,217,218,21951,0,0,0,0,0
2020-09-27,US,West Virginia,Braxton,13,0,0,38.70036159,-80.72011184,54007.0,93.14322562,0.0,13,13,0,0,13,13,14089,0,0,0,0,0
2020-09-27,US,West Virginia,Brooke,113,1,0,40.27367263,-80.57915332,54009.0,515.064497,0.884955752,112,113,1,0,112,112,22203,0,0,0,0,1
2020-09-27,US,West Virginia,Cabell,804,10,0,38.42424062,-82.23855912,54011.0,874.435804,1.243781095,794,791,10,0,781,767,93224,13,0,0,13,24
2020-09-27,US,West Virginia,Calhoun,25,0,0,38.84315422,-81.11934872,54013.0,351.6669011,0.0,25,25,0,0,25,25,7254,0,0,0,0,0
2020-09-27,US,West Virginia,Clay,36,2,0,38.46231092,-81.07652217,54015.0,423.1311706999999,5.555555556,34,36,2,0,34,36,8632,0,0,0,0,0
2020-09-27,US,West Virginia,Doddridge,25,1,0,39.27057157,-80.70671527,54017.0,295.92803030000005,4.0,24,23,1,0,22,22,8406,2,0,0,2,1
2020-09-27,US,West Virginia,Fayette,615,13,0,38.02974928,-81.08286634,54019.0,1450.266472,2.113821138,602,608,13,0,595,599,43018,7,0,0,7,9
2020-09-27,US,West Virginia,Gilmer,46,0,0,38.9251277,-80.85952723,54021.0,588.0097149000001,0.0,46,46,0,0,46,43,8026,0,0,0,0,3
2020-09-27,US,West Virginia,Grant,161,7,0,39.10314817,-79.19440518,54023.0,1391.770401,4.347826087,154,160,7,0,153,158,11626,1,0,0,1,2
2020-09-27,US,West Virginia,Greenbrier,127,3,0,37.9463652,-80.45335881,54025.0,366.39547630000004,2.362204724,124,126,3,0,123,125,34786,1,0,0,1,1
2020-09-27,US,West Virginia,Hampshire,107,1,0,39.32103553,-78.60826476,54027.0,461.70442289999994,0.9345794390000001,106,106,1,0,105,104,23347,1,0,0,1,2
2020-09-27,US,West Virginia,Hancock,150,0,0,40.51943859,-80.57461608,54029.0,520.6525512000001,0.0,150,148,0,0,148,148,29094,2,0,0,2,0
2020-09-27,US,West Virginia,Hardy,90,1,0,39.00683177,-78.85855301,54031.0,653.3101045,1.111111111,89,89,1,0,88,88,13775,1,0,0,1,1
2020-09-27,US,West Virginia,Harrison,365,9,0,39.2853852,-80.37919577,54033.0,542.7025097999999,2.465753425,356,354,9,0,345,349,67554,11,0,0,11,5
2020-09-27,US,West Virginia,Jackson,264,23,0,38.84263974,-81.68148753,54035.0,923.8521837000001,8.712121212000001,241,259,23,0,236,259,28706,5,0,0,5,0
2020-09-27,US,West Virginia,Jefferson,431,4,0,39.30776166,-77.86014147,54037.0,754.2085185,0.928074246,427,429,4,0,425,427,56811,2,0,0,2,2
2020-09-27,US,West Virginia,Kanawha,2651,78,0,38.33860077,-81.52857054,54039.0,1488.289057,2.94228593,2573,2603,76,0,2527,2554,180454,48,2,0,46,49
2020-09-27,US,West Virginia,Lewis,38,2,0,38.9947249,-80.49988181,54041.0,238.88853959999997,5.263157895,36,38,2,0,36,38,16024,0,0,0,0,0
2020-09-27,US,West Virginia,Lincoln,167,2,0,38.172154,-82.07017953,54043.0,818.2664511,1.19760479,165,164,2,0,162,164,20599,3,0,0,3,0
2020-09-27,US,West Virginia,Logan,617,41,0,37.8299889,-81.93528571,54045.0,1926.980855,6.645056726,576,610,41,0,569,606,32607,7,0,0,7,4
2020-09-27,US,West Virginia,Marion,269,3,0,39.50984542,-80.24244659,54049.0,479.7403339,1.115241636,266,267,3,0,264,265,56097,2,0,0,2,2
2020-09-27,US,West Virginia,Marshall,173,1,0,39.86064362,-80.66591062,54051.0,566.6371884,0.5780346820000001,172,172,1,0,171,170,30785,1,0,0,1,2
2020-09-27,US,West Virginia,Mason,142,6,0,38.77071799,-82.02524219,54053.0,535.5257203,4.2253521130000005,136,141,6,0,135,141,26718,1,0,0,1,0
2020-09-27,US,West Virginia,McDowell,86,1,0,37.38002939,-81.65083669,54047.0,487.97094869999995,1.162790698,85,86,1,0,85,86,18223,0,0,0,0,0
2020-09-27,US,West Virginia,Mercer,415,28,0,37.40481169,-81.11023142,54055.0,706.2868035,6.7469879520000005,387,412,28,0,384,409,59131,3,0,0,3,3
2020-09-27,US,West Virginia,Mineral,174,4,0,39.41561583,-78.94104895,54057.0,647.6105404,2.298850575,170,172,4,0,168,172,26940,2,0,0,2,0
2020-09-27,US,West Virginia,Mingo,376,9,0,37.73048351,-82.13338365,54059.0,1605.191257,2.393617021,367,376,9,0,367,372,23785,0,0,0,0,4
2020-09-27,US,West Virginia,Monongalia,1999,5,0,39.63218457,-80.04766838,54061.0,1892.7773359999999,0.250125063,1994,1992,5,0,1987,1980,106420,7,0,0,7,12
2020-09-27,US,West Virginia,Monroe,149,7,0,37.56274716,-80.54577965,54063.0,1122.410546,4.697986577,142,149,7,0,142,148,13280,0,0,0,0,1
2020-09-27,US,West Virginia,Morgan,55,0,0,39.55439028,-78.26311676,54065.0,307.5374637,0.0,55,55,0,0,55,53,17787,0,0,0,0,2
2020-09-27,US,West Virginia,Nicholas,102,3,0,38.29617706,-80.79759588,54067.0,416.39451339999994,2.9411764710000003,99,100,3,0,97,99,24842,2,0,0,2,1
2020-09-27,US,West Virginia,Ohio,373,6,0,40.0955451,-80.62203992,54069.0,900.72686,1.6085790880000002,367,368,6,0,362,367,41755,5,0,0,5,1
2020-09-27,US,West Virginia,Pendleton,53,1,0,38.68314479,-79.35084086,54071.0,760.5108337,1.8867924530000002,52,53,1,0,52,52,6997,0,0,0,0,1
2020-09-27,US,West Virginia,Pleasants,17,3,0,39.37091679,-81.16771771,54073.0,227.8820375,17.64705882,14,17,3,0,14,17,7507,0,0,0,0,0
2020-09-27,US,West Virginia,Pocahontas,59,0,0,38.32758728,-80.00993811,54075.0,715.4116647999999,0.0,59,59,0,0,59,59,8414,0,0,0,0,0
2020-09-27,US,West Virginia,Preston,154,4,0,39.46770987,-79.66712803,54077.0,460.6365159,2.597402597,150,153,4,0,149,152,33839,1,0,0,1,1
2020-09-27,US,West Virginia,Putnam,559,5,0,38.50782345,-81.9082131,54079.0,990.2568645,0.894454383,554,550,5,0,545,538,56682,9,0,0,9,12
2020-09-27,US,West Virginia,Raleigh,520,8,0,37.76936795,-81.2456041,54081.0,708.8234892999999,1.5384615380000002,512,510,8,0,502,501,74254,10,0,0,10,9
2020-09-27,US,West Virginia,Randolph,252,2,0,38.769899,-79.87919615,54083.0,878.2017773,0.793650794,250,242,2,0,240,240,28823,10,0,0,10,2
2020-09-27,US,West Virginia,Ritchie,13,0,0,39.18094587,-81.06356878,54085.0,136.0686623,0.0,13,12,0,0,12,12,9721,1,0,0,1,0
2020-09-27,US,West Virginia,Roane,49,2,0,38.71622686,-81.35243568,54087.0,357.97779080000004,4.081632653,47,49,2,0,47,49,13932,0,0,0,0,0
2020-09-27,US,West Virginia,Summers,54,0,0,37.65390597,-80.86009693,54089.0,429.4917681,0.0,54,54,0,0,54,49,12760,0,0,0,0,5
2020-09-27,US,West Virginia,Taylor,126,6,0,39.33602617,-80.0421439,54091.0,754.7169811000001,4.7619047619999995,120,124,6,0,118,120,16862,2,0,0,2,4
2020-09-27,US,West Virginia,Tucker,26,0,0,39.11240885,-79.57053576,54093.0,380.1725398,0.0,26,23,0,0,23,20,6955,3,0,0,3,3
2020-09-27,US,West Virginia,Tyler,16,1,0,39.46811972,-80.88772676,54095.0,186.24141540000002,6.25,15,16,1,0,15,16,8746,0,0,0,0,0
2020-09-27,US,West Virginia,Upshur,77,1,0,38.89285061,-80.23689136,54097.0,318.4976837,1.298701299,76,71,1,0,70,64,24415,6,0,0,6,7
2020-09-27,US,West Virginia,Wayne,395,11,0,38.14901357,-82.42287994,54099.0,1002.487183,2.784810127,384,392,11,0,381,389,39944,3,0,0,3,3
2020-09-27,US,West Virginia,Webster,8,0,0,38.49370949,-80.4202023,54101.0,98.59502095,0.0,8,8,0,0,8,7,8285,0,0,0,0,1
2020-09-27,US,West Virginia,Wetzel,55,0,0,39.6065771,-80.64016540000001,54103.0,365.0846333,0.0,55,54,0,0,54,53,15270,1,0,0,1,1
2020-09-27,US,West Virginia,Wirt,12,0,0,39.02775007,-81.37473928,54105.0,206.150146,0.0,12,12,0,0,12,12,5830,0,0,0,0,0
2020-09-27,US,West Virginia,Wood,364,6,0,39.20967886,-81.5162836,54107.0,435.8341914,1.6483516480000002,358,362,6,0,356,356,84203,2,0,0,2,6
2020-09-27,US,West Virginia,Wyoming,115,3,0,37.612327,-81.54511071,54109.0,563.8913406,2.6086956519999998,112,114,3,0,111,110,20786,1,0,0,1,4
2020-09-27,US,Wisconsin,Adams,251,4,0,43.96974651,-89.76782777,55001.0,1241.3452029999999,1.5936254980000002,247,227,4,0,223,226,20348,24,0,0,24,1
2020-09-27,US,Wisconsin,Ashland,103,2,0,46.31956891,-90.67837132,55003.0,661.8686544,1.9417475730000002,101,99,2,0,97,90,15600,4,0,0,4,9
2020-09-27,US,Wisconsin,Barron,466,4,0,45.42372701,-91.84833627,55005.0,1029.970825,0.858369099,462,456,4,0,452,444,45164,10,0,0,10,12
2020-09-27,US,Wisconsin,Bayfield,100,1,0,46.52868768,-91.19716729,55007.0,665.0704975,1.0,99,99,1,0,98,96,15042,1,0,0,1,3
2020-09-27,US,Wisconsin,Brown,8897,62,0,44.452655299999996,-88.00411844,55009.0,3363.171065,0.6968641109999999,8835,8778,62,0,8716,8499,263378,119,0,0,119,279
2020-09-27,US,Wisconsin,Buffalo,139,2,0,44.37835084,-91.75332578,55011.0,1066.6871310000001,1.438848921,137,138,2,0,136,134,13125,1,0,0,1,4
2020-09-27,US,Wisconsin,Burnett,190,3,0,45.86303537,-92.36711412,55013.0,1232.645647,1.5789473680000001,187,186,3,0,183,172,15392,4,0,0,4,14
2020-09-27,US,Wisconsin,Calumet,1144,3,0,44.0816316,-88.21780273,55015.0,2283.934596,0.262237762,1141,1105,3,0,1102,1012,50159,39,0,0,39,93
2020-09-27,US,Wisconsin,Chippewa,546,0,0,45.06939744,-91.28068855,55017.0,844.4430697,0.0,546,522,0,0,522,517,64135,24,0,0,24,5
2020-09-27,US,Wisconsin,Clark,397,8,0,44.73483377,-90.61207486,55019.0,1141.6575599999999,2.01511335,389,384,8,0,376,373,34709,13,0,0,13,11
2020-09-27,US,Wisconsin,Columbia,622,2,0,43.46492199,-89.33589004,55021.0,1081.137454,0.32154340800000003,620,603,2,0,601,573,57358,19,0,0,19,30
2020-09-27,US,Wisconsin,Crawford,164,0,0,43.23870316,-90.93073686,55023.0,1016.675966,0.0,164,160,0,0,160,156,16291,4,0,0,4,4
2020-09-27,US,Wisconsin,Dane,9607,41,0,43.06601594,-89.41733797,55025.0,1757.2869699999999,0.426772145,9566,9488,41,0,9447,9345,542364,119,0,0,119,143
2020-09-27,US,Wisconsin,Dodge,1837,16,0,43.41576662,-88.70928178,55027.0,2091.326176,0.870985302,1821,1806,16,0,1790,1782,87847,31,0,0,31,24
2020-09-27,US,Wisconsin,Door,329,3,0,44.95856458,-87.30002707,55029.0,1189.0993210000001,0.9118541029999999,326,314,3,0,311,300,27610,15,0,0,15,14
2020-09-27,US,Wisconsin,Douglas,455,0,0,46.43222285,-91.91595768,55031.0,1054.461182,0.0,455,441,0,0,441,417,43208,14,0,0,14,24
2020-09-27,US,Wisconsin,Dunn,527,0,0,44.94562799,-91.8962481,55033.0,1161.611709,0.0,527,498,0,0,498,472,45131,29,0,0,29,26
2020-09-27,US,Wisconsin,Eau Claire,1887,6,0,44.726614,-91.28609183,55035.0,1803.2222920000002,0.317965024,1881,1840,6,0,1834,1776,104534,47,0,0,47,64
2020-09-27,US,Wisconsin,Florence,91,2,0,45.84963535,-88.39804137,55037.0,2118.7427239999997,2.197802198,89,89,2,0,87,87,4321,2,0,0,2,2
2020-09-27,US,Wisconsin,Fond du Lac,2045,13,0,43.75354908,-88.48885325,55039.0,1977.6989059999999,0.635696822,2032,2013,13,0,2000,1953,103066,32,0,0,32,60
2020-09-27,US,Wisconsin,Forest,272,4,0,45.66678019,-88.77084892,55041.0,3020.879609,1.470588235,268,269,4,0,265,257,8991,3,0,0,3,12
2020-09-27,US,Wisconsin,Grant,1003,19,0,42.8671731,-90.7063218,55043.0,1949.882385,1.894317049,984,953,19,0,934,926,51554,50,0,0,50,27
2020-09-27,US,Wisconsin,Green,515,3,0,42.6794956,-89.60243287,55045.0,1393.398268,0.582524272,512,485,3,0,482,475,36929,30,0,0,30,10
2020-09-27,US,Wisconsin,Green Lake,277,0,0,43.80025981,-89.04679553,55047.0,1464.601068,0.0,277,261,0,0,261,244,18918,16,0,0,16,17
2020-09-27,US,Wisconsin,Iowa,183,0,0,43.00050278,-90.13469017,55049.0,772.8693302,0.0,183,180,0,0,180,177,23771,3,0,0,3,3
2020-09-27,US,Wisconsin,Iron,142,1,0,46.26302338,-90.24295041,55051.0,2496.922806,0.704225352,141,140,1,0,139,138,5676,2,0,0,2,2
2020-09-27,US,Wisconsin,Jackson,150,1,0,44.31864893,-90.80566792,55053.0,726.6385700000001,0.666666667,149,145,1,0,144,133,20478,5,0,0,5,12
2020-09-27,US,Wisconsin,Jefferson,1418,8,0,43.02054068,-88.77529134,55055.0,1672.7813230000002,0.564174894,1410,1394,8,0,1386,1331,85129,24,0,0,24,63
2020-09-27,US,Wisconsin,Juneau,379,2,0,43.92456975,-90.11120239,55057.0,1420.167123,0.527704485,377,367,2,0,365,364,26617,12,0,0,12,3
2020-09-27,US,Wisconsin,Kenosha,3511,65,0,42.57639354,-88.04051686,55059.0,2070.641244,1.851324409,3446,3476,65,0,3411,3428,169290,35,0,0,35,48
2020-09-27,US,Wisconsin,Kewaunee,536,2,0,44.51727459,-87.61468386,55061.0,2623.079182,0.37313432799999996,534,516,2,0,514,486,20383,20,0,0,20,30
2020-09-27,US,Wisconsin,La Crosse,3047,2,0,43.90632465,-91.11451093,55063.0,2581.8533079999997,0.065638333,3045,2990,2,0,2988,2946,118230,57,0,0,57,44
2020-09-27,US,Wisconsin,Lafayette,283,0,0,42.66005229,-90.1317729,55065.0,1698.1698170000002,0.0,283,266,0,0,266,260,16665,17,0,0,17,6
2020-09-27,US,Wisconsin,Langlade,186,2,0,45.26271619,-89.07483625,55067.0,969.3053312000001,1.075268817,184,169,2,0,167,158,19268,17,0,0,17,11
2020-09-27,US,Wisconsin,Lincoln,211,1,0,45.33737523,-89.73411273,55069.0,764.6866959,0.473933649,210,206,1,0,205,186,27689,5,0,0,5,20
2020-09-27,US,Wisconsin,Manitowoc,1070,3,0,44.11946801,-87.80928853,55071.0,1354.7562070000001,0.280373832,1067,1043,3,0,1040,992,79074,27,0,0,27,51
2020-09-27,US,Wisconsin,Marathon,1380,14,0,44.89792533,-89.75863384,55073.0,1017.009109,1.0144927540000002,1366,1312,14,0,1298,1234,135428,68,0,0,68,78
2020-09-27,US,Wisconsin,Marinette,922,8,0,45.38553432,-88.03324599999999,55075.0,2285.0061960000003,0.867678959,914,884,8,0,876,854,40434,38,0,0,38,30
2020-09-27,US,Wisconsin,Marquette,264,1,0,43.81911946,-89.40073763,55077.0,1695.132914,0.378787879,263,251,1,0,250,238,15434,13,0,0,13,13
2020-09-27,US,Wisconsin,Menominee,71,0,0,45.00422544,-88.70950714,55078.0,1558.384548,0.0,71,66,0,0,66,63,4658,5,0,0,5,3
2020-09-27,US,Wisconsin,Milwaukee,28535,528,0,43.00486062,-87.96733172,55079.0,3017.258699,1.8503592080000002,28007,28260,528,0,27732,27937,948201,275,0,0,275,323
2020-09-27,US,Wisconsin,Monroe,527,2,0,43.94641218,-90.61881899999999,55081.0,1139.3855529999998,0.37950664100000003,525,494,2,0,492,475,46051,33,0,0,33,19
2020-09-27,US,Wisconsin,Oconto,878,4,0,45.02715345,-88.26807503,55083.0,2314.790403,0.45558086600000003,874,855,4,0,851,794,37830,23,0,0,23,61
2020-09-27,US,Wisconsin,Oneida,443,2,0,45.70677897,-89.51944105,55085.0,1244.55682,0.451467269,441,435,2,0,433,419,35470,8,0,0,8,16
2020-09-27,US,Wisconsin,Outagamie,4373,29,0,44.41578887,-88.46565023,55087.0,2327.487559,0.663160302,4344,4252,29,0,4223,4030,187365,121,0,0,121,222
2020-09-27,US,Wisconsin,Ozaukee,1353,19,0,43.38352225,-87.94625009,55089.0,1516.4591300000002,1.40428677,1334,1329,19,0,1310,1304,89147,24,0,0,24,25
2020-09-27,US,Wisconsin,Pepin,67,0,0,44.58307413,-91.99949611,55091.0,919.445588,0.0,67,63,0,0,63,59,7289,4,0,0,4,4
2020-09-27,US,Wisconsin,Pierce,438,7,0,44.71850291,-92.4224416,55093.0,1024.465547,1.598173516,431,434,7,0,427,428,42555,4,0,0,4,6
2020-09-27,US,Wisconsin,Polk,244,2,0,45.46130348,-92.44182875,55095.0,557.2939269,0.8196721309999999,242,241,2,0,239,236,43598,3,0,0,3,5
2020-09-27,US,Wisconsin,Portage,1415,4,0,44.47558711,-89.50152965,55097.0,1999.3782850000002,0.28268551199999997,1411,1379,4,0,1375,1335,70942,36,0,0,36,44
2020-09-27,US,Wisconsin,Price,107,0,0,45.68051754,-90.36098879999999,55099.0,801.4380945,0.0,107,88,0,0,88,73,13397,19,0,0,19,15
2020-09-27,US,Wisconsin,Racine,4857,95,0,42.74753117,-88.05941254,55101.0,2474.135428,1.955939881,4762,4805,95,0,4710,4723,196584,52,0,0,52,82
2020-09-27,US,Wisconsin,Richland,134,4,0,43.3762778,-90.43012729,55103.0,776.7215395,2.985074627,130,123,4,0,119,118,17377,11,0,0,11,5
2020-09-27,US,Wisconsin,Rock,2540,32,0,42.67151616,-89.07147900000001,55105.0,1554.9052980000001,1.25984252,2508,2473,32,0,2441,2447,163129,67,0,0,67,26
2020-09-27,US,Wisconsin,Rusk,61,1,0,45.47498854,-91.1333012,55107.0,430.24404010000006,1.6393442619999998,60,61,1,0,60,59,14147,0,0,0,0,2
2020-09-27,US,Wisconsin,Sauk,902,3,0,43.42574087,-89.94966132,55111.0,1399.708265,0.332594235,899,885,3,0,882,868,64249,17,0,0,17,17
2020-09-27,US,Wisconsin,Sawyer,211,1,0,45.87931905,-91.14504927,55113.0,1274.308491,0.473933649,210,206,1,0,205,202,16489,5,0,0,5,4
2020-09-27,US,Wisconsin,Shawano,864,1,0,44.78902246,-88.76443896,55115.0,2112.521089,0.115740741,863,791,1,0,790,732,40796,73,0,0,73,59
2020-09-27,US,Wisconsin,Sheboygan,1578,16,0,43.72099677,-87.94579284,55117.0,1368.1290099999999,1.013941698,1562,1568,16,0,1552,1549,115456,10,0,0,10,19
2020-09-27,US,Wisconsin,St. Croix,914,8,0,45.03437474,-92.45000068,55109.0,1007.862207,0.8752735229999999,906,902,8,0,894,885,89694,12,0,0,12,17
2020-09-27,US,Wisconsin,Taylor,184,4,0,45.21179252,-90.5004405,55119.0,904.4880303,2.173913043,180,174,4,0,170,167,20412,10,0,0,10,7
2020-09-27,US,Wisconsin,Trempealeau,630,2,0,44.30360275,-91.35893614,55121.0,2124.8608719999997,0.317460317,628,623,2,0,621,610,29442,7,0,0,7,13
2020-09-27,US,Wisconsin,Vernon,228,0,0,43.59422667,-90.8324691,55123.0,739.7313607000001,0.0,228,215,0,0,215,208,30785,13,0,0,13,7
2020-09-27,US,Wisconsin,Vilas,212,1,0,46.05467334,-89.51719204,55125.0,955.1700833999998,0.471698113,211,201,1,0,200,193,21938,11,0,0,11,8
2020-09-27,US,Wisconsin,Walworth,2584,35,0,42.66858202,-88.54163073,55127.0,2487.772943,1.354489164,2549,2578,35,0,2543,2549,103718,6,0,0,6,29
2020-09-27,US,Wisconsin,Washburn,102,1,0,45.89838588,-91.79050449,55129.0,648.8549618,0.980392157,101,101,1,0,100,98,15878,1,0,0,1,3
2020-09-27,US,Wisconsin,Washington,2604,32,0,43.36863664,-88.22974712,55131.0,1914.2273260000002,1.228878648,2572,2534,32,0,2502,2497,135693,70,0,0,70,37
2020-09-27,US,Wisconsin,Waukesha,7362,87,0,43.01833055,-88.30431188,55133.0,1821.384569,1.1817440909999999,7275,7254,87,0,7167,7075,403072,108,0,0,108,179
2020-09-27,US,Wisconsin,Waupaca,1043,20,0,44.47068056,-88.96534501,55135.0,2045.499117,1.9175455419999998,1023,1011,20,0,991,987,51128,32,0,0,32,24
2020-09-27,US,Wisconsin,Waushara,348,2,0,44.11324419,-89.24317107,55137.0,1423.720493,0.574712644,346,331,2,0,329,320,24263,17,0,0,17,11
2020-09-27,US,Wisconsin,Winnebago,3681,26,0,44.06886922,-88.64477096,55139.0,2141.274061,0.7063298020000001,3655,3568,26,0,3542,3378,171020,113,0,0,113,190
2020-09-27,US,Wisconsin,Wood,826,5,0,44.45537896,-90.04158336,55141.0,1131.52235,0.605326877,821,792,5,0,787,759,73055,34,0,0,34,33
2020-09-27,US,Wyoming,Albany,520,0,0,41.65498705,-105.72354150000001,56001.0,1337.44856,0.0,520,493,0,0,493,480,38601,27,0,0,27,13
2020-09-27,US,Wyoming,Big Horn,58,2,0,44.52405055,-107.9960365,56003.0,491.94232400000004,3.448275862,56,54,2,0,52,54,11881,4,0,0,4,0
2020-09-27,US,Wyoming,Campbell,303,1,0,44.24886082,-105.54744040000001,56005.0,653.8486437000001,0.330033003,302,294,1,0,293,294,46140,9,0,0,9,0
2020-09-27,US,Wyoming,Carbon,228,2,0,41.69357844,-106.9326084,56007.0,1540.540541,0.8771929820000001,226,225,2,0,223,222,14971,3,0,0,3,3
2020-09-27,US,Wyoming,Converse,115,0,0,42.97272268,-105.5081848,56009.0,832.0069454,0.0,115,113,0,0,113,113,13640,2,0,0,2,0
2020-09-27,US,Wyoming,Crook,44,0,0,44.58855102,-104.56977049999999,56011.0,580.1687764,0.0,44,41,0,0,41,40,7450,3,0,0,3,1
2020-09-27,US,Wyoming,Fremont,716,14,0,43.04183996,-108.6296893,56013.0,1823.6927230000001,1.9553072630000001,702,702,14,0,688,699,39531,14,0,0,14,3
2020-09-27,US,Wyoming,Goshen,98,2,0,42.08798185,-104.3534743,56015.0,741.8060707000001,2.040816327,96,86,2,0,84,86,13376,12,0,0,12,0
2020-09-27,US,Wyoming,Hot Springs,38,0,0,43.71930657,-108.44231740000001,56017.0,861.0922275,0.0,38,37,0,0,37,37,4555,1,0,0,1,0
2020-09-27,US,Wyoming,Johnson,36,1,0,44.04057166,-106.58451740000001,56019.0,426.28774419999996,2.777777778,35,35,1,0,34,33,8460,1,0,0,1,2
2020-09-27,US,Wyoming,Laramie,695,4,0,41.307025200000005,-104.6887497,56021.0,698.4924622999999,0.575539568,691,680,4,0,676,678,98976,15,0,0,15,2
2020-09-27,US,Wyoming,Lincoln,177,1,0,42.26376367,-110.6563997,56023.0,892.5869894,0.564971751,176,170,1,0,169,170,19434,7,0,0,7,0
2020-09-27,US,Wyoming,Natrona,559,4,0,42.96180148,-106.79788500000001,56025.0,699.9924867000001,0.715563506,555,532,4,0,528,528,79115,27,0,0,27,4
2020-09-27,US,Wyoming,Niobrara,4,0,0,43.05607708,-104.47588959999999,56027.0,169.7792869,0.0,4,4,0,0,4,4,2388,0,0,0,0,0
2020-09-27,US,Wyoming,Park,236,2,0,44.52157546,-109.58528249999999,56029.0,808.3852846,0.847457627,234,230,2,0,228,227,29324,6,0,0,6,3
2020-09-27,US,Wyoming,Platte,28,1,0,42.13299116,-104.96633100000001,56031.0,333.61134280000005,3.571428571,27,28,1,0,27,27,8566,0,0,0,0,1
2020-09-27,US,Wyoming,Sheridan,289,4,0,44.79048913,-106.8862389,56033.0,948.0072167000002,1.384083045,285,275,4,0,271,272,30233,14,0,0,14,3
2020-09-27,US,Wyoming,Sublette,97,1,0,42.76558279,-109.91309220000001,56035.0,986.6748042000002,1.030927835,96,98,1,0,97,95,9813,-1,0,0,-1,3
2020-09-27,US,Wyoming,Sweetwater,335,2,0,41.65943896,-108.8827882,56037.0,791.1579246,0.597014925,333,332,2,0,330,332,43051,3,0,0,3,0
2020-09-27,US,Wyoming,Teton,554,1,0,43.93522482,-110.5890801,56039.0,2361.063757,0.180505415,553,536,1,0,535,532,23081,18,0,0,18,4
2020-09-27,US,Wyoming,Uinta,352,2,0,41.2878183,-110.54757820000002,56041.0,1740.334223,0.568181818,350,350,2,0,348,348,20299,2,0,0,2,2
2020-09-27,US,Wyoming,Washakie,115,6,0,43.90451606,-107.68018700000002,56043.0,1473.414478,5.2173913039999995,109,114,6,0,108,114,7885,1,0,0,1,0
2020-09-27,US,Wyoming,Weston,36,0,0,43.83961191,-104.56748809999999,56045.0,519.7055002000001,0.0,36,36,0,0,36,35,6967,0,0,0,0,1
