Date,Country/Region,Province/State,Admin2,Confirmed,Deaths,Recovered,Latitude,Longitude,FIPS,Incidence_Rate,Case-Fatality_Ratio,Active Cases,Previous Confirmed,Previous Deaths,Previous Recovered,Previous Active,Prev2 Confirmed,Population,Daily Confirmed,Daily Deaths,Daily Recovered,Daily Active,Previous Daily Confirmed
2020-06-02,US,Alabama,Autauga,239,5,0,32.53952745,-86.64408227,1001.0,427.7864289677639,2.092050209205021,234,233,5,0,228,221,55601,6,0,0,6,12
2020-06-02,US,Alabama,Baldwin,292,9,0,30.72774991,-87.72207058,1003.0,130.80444735120994,3.0821917808219177,283,292,9,0,283,290,218022,0,0,0,0,2
2020-06-02,US,Alabama,Barbour,175,1,0,31.868263,-85.3871286,1005.0,708.9038321315726,0.5714285714285714,174,172,1,0,171,167,24881,3,0,0,3,5
2020-06-02,US,Alabama,Bibb,76,1,0,32.99642064,-87.12511459999996,1007.0,339.37661873716166,1.3157894736842106,75,76,1,0,75,75,22400,0,0,0,0,1
2020-06-02,US,Alabama,Blount,63,1,0,33.98210918,-86.56790593,1009.0,108.9475322519282,1.5873015873015872,62,63,1,0,62,62,57840,0,0,0,0,1
2020-06-02,US,Alabama,Bullock,213,6,0,32.10030533,-85.71265535,1011.0,2108.7021087021085,2.8169014084507036,207,209,6,0,203,209,10138,4,0,0,4,0
2020-06-02,US,Alabama,Butler,416,18,0,31.75300095,-86.68057478,1013.0,2139.03743315508,4.326923076923077,398,414,18,0,396,411,19680,2,0,0,2,3
2020-06-02,US,Alabama,Calhoun,165,3,0,33.77483727,-85.82630386,1015.0,145.2400862638088,1.818181818181818,162,164,3,0,161,160,114277,1,0,0,1,4
2020-06-02,US,Alabama,Chambers,358,26,0,32.91360079,-85.39072749,1017.0,1076.562218079028,7.2625698324022325,332,358,25,0,333,355,33615,0,1,0,-1,3
2020-06-02,US,Alabama,Cherokee,38,3,0,34.17805983,-85.60638968,1019.0,145.06031455183995,7.894736842105262,35,38,3,0,35,37,26032,0,0,0,0,1
2020-06-02,US,Alabama,Chilton,104,1,0,32.85044126,-86.7173256,1021.0,234.08661204645716,0.9615384615384616,103,103,1,0,102,101,44153,1,0,0,1,2
2020-06-02,US,Alabama,Choctaw,153,10,0,32.02227341,-88.26564429999998,1023.0,1215.346731273334,6.5359477124183005,143,153,10,0,143,153,12841,0,0,0,0,0
2020-06-02,US,Alabama,Clarke,148,2,0,31.68099859,-87.83548597,1025.0,626.5345864025063,1.351351351351351,146,146,2,0,144,144,23920,2,0,0,2,2
2020-06-02,US,Alabama,Clay,28,2,0,33.26984193,-85.85836077,1027.0,211.5602568945977,7.142857142857142,26,28,2,0,26,27,13275,0,0,0,0,1
2020-06-02,US,Alabama,Cleburne,15,1,0,33.67679204,-85.52005899,1029.0,100.60362173038229,6.666666666666668,14,15,1,0,14,15,14987,0,0,0,0,0
2020-06-02,US,Alabama,Coffee,238,1,0,31.39932826,-85.98901039,1031.0,454.701769133774,0.4201680672268908,237,238,1,0,237,236,51909,0,0,0,0,2
2020-06-02,US,Alabama,Colbert,187,2,0,34.69847452,-87.80168544,1033.0,338.516681450372,1.0695187165775402,185,186,2,0,184,184,54762,1,0,0,1,2
2020-06-02,US,Alabama,Conecuh,41,1,0,31.43401703,-86.99320044,1035.0,339.7696196237673,2.4390243902439024,40,41,1,0,40,41,12277,0,0,0,0,0
2020-06-02,US,Alabama,Coosa,40,1,0,32.93690146,-86.24847739,1037.0,375.1289505767608,2.5,39,40,1,0,39,40,10715,0,0,0,0,0
2020-06-02,US,Alabama,Covington,81,1,0,31.247785399999998,-86.45050893,1039.0,218.62938270938488,1.2345679012345678,80,81,1,0,80,80,36986,0,0,0,0,1
2020-06-02,US,Alabama,Crenshaw,78,3,0,31.72941803,-86.31593104,1041.0,566.3665408074354,3.8461538461538463,75,75,3,0,72,75,13824,3,0,0,3,0
2020-06-02,US,Alabama,Cullman,150,1,0,34.13020303,-86.86888037,1043.0,179.06599178683982,0.6666666666666666,149,147,1,0,146,143,83442,3,0,0,3,4
2020-06-02,US,Alabama,Dale,123,0,0,31.43037123,-85.61095742,1045.0,250.14235743919303,0.0,123,122,0,0,122,115,48956,1,0,0,1,7
2020-06-02,US,Alabama,Dallas,282,3,0,32.32688101,-87.10866709999998,1047.0,758.146037208302,1.0638297872340423,279,279,3,0,276,272,38310,3,0,0,3,7
2020-06-02,US,Alabama,DeKalb,256,3,0,34.45946862,-85.80782906,1049.0,357.9768713380784,1.171875,253,249,3,0,246,248,71385,7,0,0,7,1
2020-06-02,US,Alabama,Elmore,373,9,0,32.59785413,-86.14415284,1051.0,459.3086973118743,2.412868632707774,364,362,8,0,354,354,81887,11,1,0,10,8
2020-06-02,US,Alabama,Escambia,74,3,0,31.1256789,-87.15918694,1053.0,202.0036579040756,4.0540540540540535,71,72,3,0,69,63,36748,2,0,0,2,9
2020-06-02,US,Alabama,Etowah,261,12,0,34.04567266,-86.04051873,1055.0,255.21179645636954,4.597701149425287,249,260,12,0,248,257,102501,1,0,0,1,3
2020-06-02,US,Alabama,Fayette,16,0,0,33.72076938,-87.73886638,1057.0,98.1474665685192,0.0,16,16,0,0,16,16,16433,0,0,0,0,0
2020-06-02,US,Alabama,Franklin,576,8,0,34.44235334,-87.84289505,1059.0,1836.6175626554432,1.3888888888888888,568,562,8,0,554,556,31363,14,0,0,14,6
2020-06-02,US,Alabama,Geneva,43,0,0,31.09389027,-85.83572839,1061.0,163.67858094476802,0.0,43,43,0,0,43,43,26314,0,0,0,0,0
2020-06-02,US,Alabama,Greene,95,4,0,32.85504247,-87.95684022,1063.0,1171.248921218099,4.2105263157894735,91,95,4,0,91,94,8233,0,0,0,0,1
2020-06-02,US,Alabama,Hale,178,9,0,32.76039258,-87.63284988,1065.0,1214.9341341887925,5.056179775280898,169,175,9,0,166,173,14726,3,0,0,3,2
2020-06-02,US,Alabama,Henry,81,2,0,31.51148016,-85.24267944,1067.0,470.79337401918053,2.469135802469136,79,80,2,0,78,80,17209,1,0,0,1,0
2020-06-02,US,Alabama,Houston,223,5,0,31.15197924,-85.29939599,1069.0,210.61181315048827,2.242152466367713,218,221,4,0,217,220,104722,2,1,0,1,1
2020-06-02,US,Alabama,Jackson,83,3,0,34.78144169,-85.99750489,1071.0,160.77170418006432,3.614457831325301,80,81,2,0,79,78,51736,2,1,0,1,3
2020-06-02,US,Alabama,Jefferson,1882,103,0,33.55554728,-86.89506300000002,1073.0,285.76938319669955,5.472901168969182,1779,1859,103,0,1756,1837,659300,23,0,0,23,22
2020-06-02,US,Alabama,Lamar,26,0,0,33.77995024,-88.09668032,1075.0,188.33755885548717,0.0,26,26,0,0,26,26,13844,0,0,0,0,0
2020-06-02,US,Alabama,Lauderdale,167,2,0,34.90171875,-87.65624729,1077.0,180.09468451077873,1.1976047904191616,165,166,2,0,164,164,92387,1,0,0,1,2
2020-06-02,US,Alabama,Lawrence,51,0,0,34.52041498,-87.31069453,1079.0,154.90219900376624,0.0,51,50,0,0,50,50,32957,1,0,0,1,0
2020-06-02,US,Alabama,Lee,552,34,0,32.60154883,-85.35132246,1081.0,335.47665641599104,6.159420289855072,518,550,33,0,517,548,163941,2,1,0,1,2
2020-06-02,US,Alabama,Limestone,108,0,0,34.81185586,-86.98310072,1083.0,109.18465349037052,0.0,108,108,0,0,108,106,96174,0,0,0,0,2
2020-06-02,US,Alabama,Lowndes,255,12,0,32.1597283,-86.65158371,1085.0,2621.838371375694,4.705882352941177,243,252,12,0,240,246,9974,3,0,0,3,6
2020-06-02,US,Alabama,Macon,86,4,0,32.38759944,-85.69267724,1087.0,475.97963249944655,4.651162790697675,82,85,4,0,81,82,18439,1,0,0,1,3
2020-06-02,US,Alabama,Madison,344,4,0,34.76327133,-86.55069633,1089.0,92.24770654502841,1.162790697674419,340,343,4,0,339,339,366519,1,0,0,1,4
2020-06-02,US,Alabama,Marengo,174,6,0,32.24767634,-87.78796182,1091.0,922.4407570375869,3.4482758620689653,168,171,6,0,165,170,19066,3,0,0,3,1
2020-06-02,US,Alabama,Marion,124,11,0,34.13697363,-87.88704173,1093.0,417.3819381332256,8.870967741935484,113,122,11,0,111,122,29763,2,0,0,2,0
2020-06-02,US,Alabama,Marshall,705,9,0,34.36975964,-86.30486727,1095.0,728.501457002914,1.2765957446808511,696,700,9,0,691,693,96109,5,0,0,5,7
2020-06-02,US,Alabama,Mobile,2283,118,0,30.78472347,-88.20842409,1097.0,552.5035696135137,5.168637757336837,2165,2271,118,0,2153,2239,413757,12,0,0,12,32
2020-06-02,US,Alabama,Monroe,44,2,0,31.56729412,-87.36995001,1099.0,212.22206144793324,4.545454545454546,42,43,2,0,41,40,21067,1,0,0,1,3
2020-06-02,US,Alabama,Montgomery,1802,43,0,32.2206831,-86.20969272,1101.0,795.6341672332946,2.386237513873474,1759,1758,43,0,1715,1710,225763,44,0,0,44,48
2020-06-02,US,Alabama,Morgan,297,1,0,34.45500589,-86.85475946,1103.0,248.16383826736518,0.3367003367003367,296,287,1,0,286,280,119089,10,0,0,10,7
2020-06-02,US,Alabama,Perry,42,0,0,32.64048341,-87.29770589,1105.0,470.69371287683515,0.0,42,42,0,0,42,39,9140,0,0,0,0,3
2020-06-02,US,Alabama,Pickens,121,5,0,33.28094866,-88.08818103,1107.0,607.1249372804817,4.132231404958676,116,118,4,0,114,116,19938,3,1,0,2,2
2020-06-02,US,Alabama,Pike,208,0,0,31.80396383,-85.9408295,1109.0,628.1331159026394,0.0,208,206,0,0,206,203,33338,2,0,0,2,3
2020-06-02,US,Alabama,Randolph,128,7,0,33.29526734,-85.45708831,1111.0,563.3306927207112,5.46875,121,127,7,0,120,127,22725,1,0,0,1,0
2020-06-02,US,Alabama,Russell,177,0,0,32.28725256,-85.18415324,1113.0,305.3777540070047,0.0,177,175,0,0,175,171,57781,2,0,0,2,4
2020-06-02,US,Alabama,Shelby,522,20,0,33.26879845,-86.66232561,1117.0,239.77731026816474,3.8314176245210727,502,522,20,0,502,517,215707,0,0,0,0,5
2020-06-02,US,Alabama,St. Clair,131,1,0,33.71902176,-86.31029372,1115.0,146.349092859058,0.7633587786259542,130,128,1,0,127,123,88690,3,0,0,3,5
2020-06-02,US,Alabama,Sumter,226,7,0,32.59117397,-88.19916205,1119.0,1818.6207451516862,3.0973451327433628,219,224,7,0,217,224,12691,2,0,0,2,0
2020-06-02,US,Alabama,Talladega,117,5,0,33.37823223,-86.16886178,1121.0,146.29022981319864,4.2735042735042725,112,117,5,0,112,113,79828,0,0,0,0,4
2020-06-02,US,Alabama,Tallapoosa,431,66,0,32.86698258,-85.79833053,1123.0,1067.70381747467,15.313225058004642,365,427,65,0,362,427,40497,4,1,0,3,0
2020-06-02,US,Alabama,Tuscaloosa,816,16,0,33.28726072,-87.52556818,1125.0,389.768574908648,1.96078431372549,800,799,16,0,783,783,208911,17,0,0,17,16
2020-06-02,US,Alabama,Unassigned,292,2,0,0.0,0.0,90001.0,0.0,0.6849315068493149,290,384,2,0,382,,,-92,0,0,-92,
2020-06-02,US,Alabama,Walker,378,2,0,33.80270512,-87.30027177,1127.0,595.0787928401631,0.5291005291005291,376,370,2,0,368,354,63711,8,0,0,8,16
2020-06-02,US,Alabama,Washington,72,6,0,31.4092794,-88.20689944,1129.0,441.0143329658214,8.333333333333334,66,71,6,0,65,70,16378,1,0,0,1,1
2020-06-02,US,Alabama,Wilcox,152,7,0,31.98773215,-87.30891118,1131.0,1465.3427166682736,4.605263157894737,145,150,7,0,143,148,10627,2,0,0,2,2
2020-06-02,US,Alabama,Winston,91,0,0,34.15030532,-87.37325922,1133.0,385.11997968597916,0.0,91,90,0,0,90,90,23660,1,0,0,1,0
2020-06-02,US,Alaska,Anchorage,247,4,0,61.14998174,-149.14269860000005,2020.0,85.7638888888889,1.6194331983805668,243,232,4,0,228,229,291538,15,0,0,15,3
2020-06-02,US,Alaska,Bethel,3,0,0,60.90980451,-159.8561831,2050.0,16.316762754269554,0.0,3,3,0,0,3,3,18216,0,0,0,0,0
2020-06-02,US,Alaska,Fairbanks North Star,85,2,0,64.80726247,-146.5692662,2090.0,87.76549060909252,2.3529411764705883,83,85,2,0,83,85,98971,0,0,0,0,0
2020-06-02,US,Alaska,Juneau,33,0,0,58.45031811,-134.200436,2110.0,103.20885719647215,0.0,33,33,0,0,33,33,32113,0,0,0,0,0
2020-06-02,US,Alaska,Kenai Peninsula,54,2,0,60.24429722,-151.53888840000005,2122.0,91.9806499965933,3.703703703703704,52,49,2,0,47,45,58533,5,0,0,5,4
2020-06-02,US,Alaska,Ketchikan Gateway,16,0,0,55.57445008,-130.975561,2130.0,115.09963311991943,0.0,16,16,0,0,16,16,13918,0,0,0,0,0
2020-06-02,US,Alaska,Kodiak Island,1,0,0,57.65529415,-153.7493579,2150.0,7.693491306354824,0.0,1,1,0,0,1,1,13345,0,0,0,0,0
2020-06-02,US,Alaska,Matanuska-Susitna,29,1,0,62.31305045,-149.5741743,2170.0,26.77326735415493,3.4482758620689653,28,29,1,0,28,29,107610,0,0,0,0,0
2020-06-02,US,Alaska,Nome,3,0,0,64.90320724,-164.0353804,2180.0,29.98800479808077,0.0,3,3,0,0,3,3,10008,0,0,0,0,0
2020-06-02,US,Alaska,North Slope,1,0,0,69.31479216,-153.4836093,2185.0,10.17087062652563,0.0,1,1,0,0,1,1,9872,0,0,0,0,0
2020-06-02,US,Alaska,Northwest Arctic,2,0,0,67.04919196,-159.7503946,2188.0,26.243275160740065,0.0,2,2,0,0,2,2,7671,0,0,0,0,0
2020-06-02,US,Alaska,Petersburg,4,1,0,57.13978948,-132.9540995,2195.0,122.47397428046541,25.0,3,4,1,0,3,4,3221,0,0,0,0,0
2020-06-02,US,Alaska,Prince of Wales-Hyder,2,0,0,55.76261984,-133.0511621,2198.0,32.24246332419797,0.0,2,2,0,0,2,2,6422,0,0,0,0,0
2020-06-02,US,Alaska,Sitka,2,0,0,57.24124555,-135.3206587,2220.0,23.54880489815142,0.0,2,2,0,0,2,2,8647,0,0,0,0,0
2020-06-02,US,Alaska,Southeast Fairbanks,3,0,0,63.87692095,-143.2127643,2240.0,43.52241404323227,0.0,3,3,0,0,3,3,6918,0,0,0,0,0
2020-06-02,US,Alaska,Yukon-Koyukuk,1,0,0,65.50815459,-151.39073869999999,2290.0,19.120458891013385,0.0,1,1,0,0,1,1,5327,0,0,0,0,0
2020-06-02,US,Arizona,Apache,1569,41,0,35.39465006,-109.4892383,4001.0,2182.5921237497737,2.613129381771829,1528,1526,39,0,1487,1524,71818,43,2,0,41,2
2020-06-02,US,Arizona,Cochise,89,4,0,31.87934684,-109.7516088,4003.0,70.67867409983958,4.49438202247191,85,76,3,0,73,74,126770,13,1,0,12,2
2020-06-02,US,Arizona,Coconino,1173,81,0,35.83883429,-111.77071780000001,4005.0,817.5583372828904,6.905370843989769,1092,1155,81,0,1074,1151,142854,18,0,0,18,4
2020-06-02,US,Arizona,Gila,35,1,0,33.80190085,-110.8132779,4007.0,64.79321707578957,2.8571428571428568,34,31,1,0,30,31,53889,4,0,0,4,0
2020-06-02,US,Arizona,Graham,37,1,0,32.93166885,-109.8882178,4009.0,95.26997450884464,2.702702702702702,36,32,1,0,31,32,38072,5,0,0,5,0
2020-06-02,US,Arizona,Greenlee,8,0,0,33.21498827,-109.2405279,4011.0,84.22825858075385,0.0,8,6,0,0,6,6,9483,2,0,0,2,0
2020-06-02,US,Arizona,La Paz,92,1,0,33.72854224,-113.98100290000001,4012.0,435.85370475649046,1.0869565217391304,91,79,1,0,78,78,21098,13,0,0,13,1
2020-06-02,US,Arizona,Maricopa,10536,448,0,33.34835867,-112.49181540000001,4013.0,234.89470537167807,4.2520880789673505,10088,9937,433,0,9504,9815,4410824,599,15,0,584,122
2020-06-02,US,Arizona,Mohave,409,46,0,35.70471703,-113.7577902,4015.0,192.75995494412788,11.246943765281172,363,403,45,0,358,396,209550,6,1,0,5,7
2020-06-02,US,Arizona,Navajo,1957,64,0,35.3997715,-110.3218983,4017.0,1764.2710324185932,3.2703117015840566,1893,1873,64,0,1809,1866,110445,84,0,0,84,7
2020-06-02,US,Arizona,Pima,2496,191,0,32.0971334,-111.7890033,4019.0,238.3319058245224,7.652243589743589,2305,2382,185,0,2197,2368,1039073,114,6,0,108,14
2020-06-02,US,Arizona,Pinal,909,39,0,32.90525627,-111.3449483,4021.0,196.41780595476558,4.29042904290429,870,865,40,0,825,863,447138,44,-1,0,45,2
2020-06-02,US,Arizona,Santa Cruz,365,0,0,31.52508998,-110.8479088,4023.0,784.979999139748,0.0,365,330,0,0,330,330,46511,35,0,0,35,0
2020-06-02,US,Arizona,Unassigned,0,3,0,0.0,0.0,90004.0,0.0,0.0,-3,0,3,0,-3,0,,0,0,0,0,0
2020-06-02,US,Arizona,Yavapai,300,6,0,34.59933926,-112.5538588,4025.0,127.60581712384995,2.0,294,297,6,0,291,297,231993,3,0,0,3,0
2020-06-02,US,Arizona,Yuma,1289,17,0,32.76895712,-113.90666740000002,4027.0,602.9365677052392,1.3188518231186968,1272,1137,16,0,1121,1105,212128,152,1,0,151,32
2020-06-02,US,Arkansas,Arkansas,7,0,0,34.29145151,-91.37277296,5001.0,40.0320256204964,0.0,7,7,0,0,7,6,17769,0,0,0,0,1
2020-06-02,US,Arkansas,Ashley,20,0,0,33.19153461,-91.76984709999999,5003.0,101.7449254718421,0.0,20,19,0,0,19,19,20046,1,0,0,1,0
2020-06-02,US,Arkansas,Baxter,12,0,0,36.28784385,-92.33782872,5005.0,28.617762091004487,0.0,12,12,0,0,12,12,41619,0,0,0,0,0
2020-06-02,US,Arkansas,Benton,676,2,0,36.33644656,-94.25680817,5007.0,242.171519053095,0.2958579881656805,674,607,2,0,605,578,272608,69,0,0,69,29
2020-06-02,US,Arkansas,Boone,6,0,0,36.3084504,-93.09374925,5009.0,16.029066039752085,0.0,6,6,0,0,6,6,37480,0,0,0,0,0
2020-06-02,US,Arkansas,Bradley,22,1,0,33.46755808,-92.15980837,5011.0,204.40397658645358,4.545454545454546,21,22,1,0,21,22,10897,0,0,0,0,0
2020-06-02,US,Arkansas,Carroll,29,1,0,36.34038560000001,-93.54270261,5015.0,102.184637068358,3.4482758620689653,28,25,1,0,24,24,28223,4,0,0,4,1
2020-06-02,US,Arkansas,Chicot,16,0,0,33.26458973,-91.29539209,5017.0,158.13401858074718,0.0,16,15,0,0,15,15,10438,1,0,0,1,0
2020-06-02,US,Arkansas,Clark,39,0,0,34.04613432,-93.17484713,5019.0,174.73118279569889,0.0,39,39,0,0,39,39,22061,0,0,0,0,0
2020-06-02,US,Arkansas,Clay,5,0,0,36.36826212,-90.4148172,5021.0,34.36189952580579,0.0,5,4,0,0,4,4,14847,1,0,0,1,0
2020-06-02,US,Arkansas,Cleburne,74,4,0,35.53864922,-92.02640019,5023.0,296.9621573899434,5.405405405405406,70,74,4,0,70,73,24965,0,0,0,0,1
2020-06-02,US,Arkansas,Cleveland,19,0,0,33.89723187,-92.18537045,5025.0,238.81347410759173,0.0,19,19,0,0,19,19,8018,0,0,0,0,0
2020-06-02,US,Arkansas,Columbia,22,2,0,33.21230701,-93.22642793,5027.0,93.78863452274376,9.090909090909092,20,23,2,0,21,23,23537,-1,0,0,-1,0
2020-06-02,US,Arkansas,Conway,14,1,0,35.26205537,-92.70506566,5029.0,67.15916722632639,7.142857142857142,13,14,1,0,13,14,20891,0,0,0,0,0
2020-06-02,US,Arkansas,Craighead,249,0,0,35.83018283,-90.63235729,5031.0,225.6824855889497,0.0,249,228,0,0,228,220,108558,21,0,0,21,8
2020-06-02,US,Arkansas,Crawford,31,0,0,35.58928601,-94.2446814,5033.0,49.00643407053765,0.0,31,30,0,0,30,29,63406,1,0,0,1,1
2020-06-02,US,Arkansas,Crittenden,395,9,0,35.21247318,-90.30839406,5035.0,823.688874986967,2.278481012658228,386,386,9,0,377,380,48342,9,0,0,9,6
2020-06-02,US,Arkansas,Cross,56,0,0,35.29631396,-90.77185818,5037.0,341.068274559961,0.0,56,52,0,0,52,52,16676,4,0,0,4,0
2020-06-02,US,Arkansas,Dallas,3,0,0,33.97042763,-92.65167437,5039.0,42.802111570837496,0.0,3,1,0,0,1,1,7182,2,0,0,2,0
2020-06-02,US,Arkansas,Desha,19,0,0,33.83011025,-91.25500948,5041.0,167.23879940146114,0.0,19,19,0,0,19,19,11512,0,0,0,0,0
2020-06-02,US,Arkansas,Drew,20,1,0,33.59035001,-91.71777921,5043.0,109.77550908392338,5.0,19,20,1,0,19,20,18328,0,0,0,0,0
2020-06-02,US,Arkansas,Faulkner,103,3,0,35.14719007,-92.33717519,5045.0,81.74149055211218,2.9126213592233015,100,102,3,0,99,102,124806,1,0,0,1,0
2020-06-02,US,Arkansas,Franklin,4,0,0,35.51202821,-93.89299569,5047.0,22.579734688117412,0.0,4,4,0,0,4,4,17810,0,0,0,0,0
2020-06-02,US,Arkansas,Fulton,7,0,0,36.38177105,-91.81729127,5049.0,56.10322994309529,0.0,7,7,0,0,7,7,12269,0,0,0,0,0
2020-06-02,US,Arkansas,Garland,136,1,0,34.57692074,-93.14921604,5051.0,136.8401988207595,0.7352941176470589,135,136,1,0,135,136,99154,0,0,0,0,0
2020-06-02,US,Arkansas,Grant,18,0,0,34.29017991,-92.42320562,5053.0,98.54913769504519,0.0,18,18,0,0,18,18,18188,0,0,0,0,0
2020-06-02,US,Arkansas,Greene,65,0,0,36.11735460000001,-90.55832668,5055.0,143.40871483728625,0.0,65,64,0,0,64,64,45325,1,0,0,1,0
2020-06-02,US,Arkansas,Hempstead,21,1,0,33.73325583,-93.66935133,5057.0,97.52925877763329,4.761904761904762,20,18,1,0,17,18,21741,3,0,0,3,0
2020-06-02,US,Arkansas,Hot Spring,32,0,0,34.31709259,-92.95396325,5059.0,94.755855615765,0.0,32,32,0,0,32,32,33701,0,0,0,0,0
2020-06-02,US,Arkansas,Howard,25,0,0,34.09007427,-93.9934871,5061.0,189.365247689744,0.0,25,21,0,0,21,21,13341,4,0,0,4,0
2020-06-02,US,Arkansas,Independence,34,0,0,35.74242707,-91.57001641,5063.0,89.88764044943821,0.0,34,31,0,0,31,31,37678,3,0,0,3,0
2020-06-02,US,Arkansas,Izard,17,1,0,36.09604046,-91.90847954,5065.0,124.73402303910778,5.882352941176472,16,16,0,0,16,16,13593,1,1,0,0,0
2020-06-02,US,Arkansas,Jackson,4,0,0,35.59802983,-91.21494602,5067.0,23.92487588970632,0.0,4,3,0,0,3,3,16811,1,0,0,1,0
2020-06-02,US,Arkansas,Jefferson,529,25,0,34.26767081,-91.92619839,5069.0,791.6317490721898,4.725897920604915,504,523,25,0,498,521,68114,6,0,0,6,2
2020-06-02,US,Arkansas,Johnson,49,0,0,35.56759135,-93.46036368,5071.0,184.36300699826924,0.0,49,48,0,0,48,43,26742,1,0,0,1,5
2020-06-02,US,Arkansas,Lafayette,9,1,0,33.24116713,-93.60677071,5073.0,135.8695652173913,11.111111111111109,8,9,1,0,8,9,6682,0,0,0,0,0
2020-06-02,US,Arkansas,Lawrence,85,5,0,36.04188196,-91.10867198,5075.0,518.1031330001218,5.882352941176472,80,84,5,0,79,84,16434,1,0,0,1,0
2020-06-02,US,Arkansas,Lee,23,1,0,34.78498904,-90.78383866,5077.0,259.6816077678672,4.3478260869565215,22,21,1,0,20,20,8985,2,0,0,2,1
2020-06-02,US,Arkansas,Lincoln,983,9,0,33.95317155,-91.74002806,5079.0,7547.604422604422,0.9155645981688708,974,983,9,0,974,982,13383,0,0,0,0,1
2020-06-02,US,Arkansas,Little River,8,0,0,33.70375665,-94.23468591,5081.0,65.2581776653887,0.0,8,6,0,0,6,6,12326,2,0,0,2,0
2020-06-02,US,Arkansas,Logan,8,0,0,35.21413234,-93.71951016,5083.0,37.268238144041746,0.0,8,7,0,0,7,6,21737,1,0,0,1,1
2020-06-02,US,Arkansas,Lonoke,54,0,0,34.75392199,-91.88742357,5085.0,73.66080563095936,0.0,54,49,0,0,49,48,73657,5,0,0,5,1
2020-06-02,US,Arkansas,Madison,29,0,0,36.01038185,-93.72524943,5087.0,174.95173745173744,0.0,29,23,0,0,23,23,16481,6,0,0,6,0
2020-06-02,US,Arkansas,Marion,2,0,0,36.26844485,-92.68451899,5089.0,11.980352222355338,0.0,2,2,0,0,2,2,16722,0,0,0,0,0
2020-06-02,US,Arkansas,Miller,47,1,0,33.31403423,-93.89285258,5091.0,108.65293478512147,2.127659574468085,46,45,1,0,44,44,43592,2,0,0,2,1
2020-06-02,US,Arkansas,Mississippi,78,2,0,35.76271485,-90.05194370000002,5093.0,191.87719859290058,2.5641025641025643,76,76,2,0,74,75,41239,2,0,0,2,1
2020-06-02,US,Arkansas,Monroe,5,0,0,34.6815935,-91.20540287,5095.0,74.61572899567228,0.0,5,5,0,0,5,5,6900,0,0,0,0,0
2020-06-02,US,Arkansas,Montgomery,2,0,0,34.53704874,-93.65824478,5097.0,22.2568439795237,0.0,2,2,0,0,2,2,8924,0,0,0,0,0
2020-06-02,US,Arkansas,Nevada,7,0,0,33.66340119,-93.30632432,5099.0,84.8279205041202,0.0,7,7,0,0,7,6,8326,0,0,0,0,1
2020-06-02,US,Arkansas,Newton,3,0,0,35.91947491,-93.21612969,5101.0,38.6946988262608,0.0,3,3,0,0,3,3,7805,0,0,0,0,0
2020-06-02,US,Arkansas,Ouachita,10,0,0,33.58839816,-92.87795984,5103.0,42.767941151312975,0.0,10,10,0,0,10,10,23606,0,0,0,0,0
2020-06-02,US,Arkansas,Perry,14,0,0,34.945915299999996,-92.94372564,5105.0,133.90722142515543,0.0,14,14,0,0,14,14,10352,0,0,0,0,0
2020-06-02,US,Arkansas,Phillips,24,1,0,34.43268455,-90.84800154,5107.0,134.96794511303565,4.166666666666667,23,22,1,0,21,21,18029,2,0,0,2,1
2020-06-02,US,Arkansas,Pike,5,0,0,34.16250414,-93.65789349,5109.0,46.65049449524165,0.0,5,5,0,0,5,5,10673,0,0,0,0,0
2020-06-02,US,Arkansas,Poinsett,37,2,0,35.57433534,-90.66268713,5111.0,157.259435566134,5.405405405405406,35,33,2,0,31,33,23974,4,0,0,4,0
2020-06-02,US,Arkansas,Polk,26,0,0,34.48254879,-94.22728802,5113.0,130.23442195952714,0.0,26,21,0,0,21,19,20049,5,0,0,5,2
2020-06-02,US,Arkansas,Pope,166,1,0,35.44871474,-93.03212219,5115.0,259.08353102759395,0.6024096385542169,165,161,1,0,160,148,64000,5,0,0,5,13
2020-06-02,US,Arkansas,Prairie,3,0,0,34.83624419,-91.55162157,5117.0,37.21161002232697,0.0,3,2,0,0,2,2,8074,1,0,0,1,0
2020-06-02,US,Arkansas,Pulaski,969,35,0,34.77054088,-92.31355101,5119.0,247.25001339589852,3.6119711042311664,934,903,34,0,869,888,392680,66,1,0,65,15
2020-06-02,US,Arkansas,Randolph,26,0,0,36.3415714,-91.02455531,5121.0,144.78226974050563,0.0,26,26,0,0,26,26,17948,0,0,0,0,0
2020-06-02,US,Arkansas,Saline,116,1,0,34.64916145,-92.67583224,5125.0,94.74260231792677,0.8620689655172413,115,113,1,0,112,112,121421,3,0,0,3,1
2020-06-02,US,Arkansas,Scott,1,0,0,34.85588887,-94.0632176,5127.0,9.726680284019064,0.0,1,1,0,0,1,1,10319,0,0,0,0,0
2020-06-02,US,Arkansas,Searcy,7,0,0,35.9109364,-92.69936482,5129.0,88.82121558177894,0.0,7,7,0,0,7,7,7958,0,0,0,0,0
2020-06-02,US,Arkansas,Sebastian,47,0,0,35.19605503,-94.27162713,5131.0,36.76844485124426,0.0,47,43,0,0,43,40,127753,4,0,0,4,3
2020-06-02,US,Arkansas,Sevier,258,2,0,33.99780401,-94.2424869,5133.0,1517.0224025401305,0.7751937984496124,256,225,2,0,223,210,17139,33,0,0,33,15
2020-06-02,US,Arkansas,Sharp,46,2,0,36.16258158,-91.47819342,5135.0,263.7312234835455,4.3478260869565215,44,46,2,0,44,46,17366,0,0,0,0,0
2020-06-02,US,Arkansas,St. Francis,682,1,0,35.02201976,-90.74828138,5123.0,2728.654877170521,0.1466275659824047,681,676,1,0,675,672,25439,6,0,0,6,4
2020-06-02,US,Arkansas,Stone,9,0,0,35.86251946,-92.15684085,5137.0,71.96545658084119,0.0,9,9,0,0,9,9,12457,0,0,0,0,0
2020-06-02,US,Arkansas,Unassigned,203,0,0,0.0,0.0,90005.0,0.0,0.0,203,189,0,0,189,188,,14,0,0,14,1
2020-06-02,US,Arkansas,Union,173,9,0,33.16887091,-92.59746952,5139.0,447.23644072178274,5.202312138728324,164,173,8,0,165,173,39126,0,1,0,-1,0
2020-06-02,US,Arkansas,Van Buren,29,2,0,35.58095779,-92.51295036,5141.0,175.27954064672107,6.896551724137932,27,28,2,0,26,28,16603,1,0,0,1,0
2020-06-02,US,Arkansas,Washington,620,7,0,35.976844,-94.21800746,5143.0,259.2114119914544,1.1290322580645162,613,562,7,0,555,509,236961,58,0,0,58,53
2020-06-02,US,Arkansas,White,46,1,0,35.25688493,-91.74908296,5145.0,58.41047325181263,2.1739130434782608,45,44,1,0,43,44,78727,2,0,0,2,0
2020-06-02,US,Arkansas,Woodruff,1,0,0,35.18902527,-91.2439489,5147.0,15.822784810126587,0.0,1,1,0,0,1,1,6490,0,0,0,0,0
2020-06-02,US,Arkansas,Yell,179,1,0,35.00292371,-93.41171338,5149.0,838.7610702403822,0.5586592178770949,178,162,1,0,161,141,21535,17,0,0,17,21
2020-06-02,US,California,Alameda,3515,97,0,37.64629437,-121.8929271,6001.0,210.31167412280882,2.7596017069701277,3418,3470,96,0,3374,3390,1666753,45,1,0,44,80
2020-06-02,US,California,Alpine,2,0,0,38.59678594,-119.82235940000001,6003.0,177.14791851195747,0.0,2,2,0,0,2,2,1101,0,0,0,0,0
2020-06-02,US,California,Amador,10,0,0,38.44583082,-120.65696000000001,6005.0,25.155966995371298,0.0,10,10,0,0,10,19,39383,0,0,0,0,-9
2020-06-02,US,California,Butte,51,1,0,39.66727762,-121.6005252,6007.0,23.267909446771235,1.96078431372549,50,51,0,0,51,44,231256,0,1,0,-1,7
2020-06-02,US,California,Calaveras,15,0,0,38.20537103,-120.55291299999999,6009.0,32.676179065461284,0.0,15,15,0,0,15,15,45602,0,0,0,0,0
2020-06-02,US,California,Colusa,7,0,0,39.17881957,-122.2331726,6011.0,32.48712117696199,0.0,7,7,0,0,7,5,21627,0,0,0,0,2
2020-06-02,US,California,Contra Costa,1506,37,0,37.91923498,-121.9289527,6013.0,130.5562250005635,2.4568393094289513,1469,1468,38,0,1430,1450,1150215,38,-1,0,39,18
2020-06-02,US,California,Del Norte,46,0,0,41.74228275,-123.89740630000001,6015.0,165.39623184237018,0.0,46,46,0,0,46,45,27828,0,0,0,0,1
2020-06-02,US,California,El Dorado,96,0,0,38.77965956,-120.5233166,6017.0,49.781428415861605,0.0,96,96,0,0,96,90,190678,0,0,0,0,6
2020-06-02,US,California,Fresno,1882,36,0,36.75733899,-119.6466953,6019.0,188.36934404029225,1.9128586609989373,1846,1743,35,0,1708,1743,994400,139,1,0,138,0
2020-06-02,US,California,Glenn,17,0,0,39.59875897,-122.3938452,6021.0,59.87391258408763,0.0,17,16,0,0,16,16,28047,1,0,0,1,0
2020-06-02,US,California,Humboldt,102,3,0,40.69923009,-123.876044,6023.0,75.24454477050412,2.9411764705882355,99,101,3,0,98,101,136373,1,0,0,1,0
2020-06-02,US,California,Imperial,1798,29,0,33.0393082,-115.36690420000001,6025.0,992.1915956184642,1.6129032258064515,1769,1751,29,0,1722,1634,181827,47,0,0,47,117
2020-06-02,US,California,Inyo,20,1,0,36.51112084,-117.41119779999998,6027.0,110.87089084760795,5.0,19,20,1,0,19,20,17987,0,0,0,0,0
2020-06-02,US,California,Kern,2376,39,0,35.34329425,-118.72777959999999,6029.0,263.940759962764,1.6414141414141414,2337,2322,38,0,2284,2250,896764,54,1,0,53,72
2020-06-02,US,California,Kings,1137,5,0,36.07409056,-119.8159973,6031.0,743.42879560612,0.4397537379067722,1132,1122,5,0,1117,746,151366,15,0,0,15,376
2020-06-02,US,California,Lake,26,0,0,39.10124298,-122.75362439999999,6033.0,40.38144938340633,0.0,26,21,0,0,21,21,64382,5,0,0,5,0
2020-06-02,US,California,Lassen,5,0,0,40.67311306,-120.59350990000002,6035.0,16.35429954535047,0.0,5,5,0,0,5,5,30802,0,0,0,0,0
2020-06-02,US,California,Los Angeles,57219,2448,0,34.30828379,-118.22824109999999,6037.0,569.9610533088252,4.278299166360823,54771,56011,2386,0,53625,55001,10105518,1208,62,0,1146,1010
2020-06-02,US,California,Madera,114,3,0,37.21513971,-119.76655890000002,6039.0,72.46054396257477,2.631578947368421,111,106,2,0,104,106,157672,8,1,0,7,0
2020-06-02,US,California,Marin,501,15,0,38.07122463,-122.72106310000001,6041.0,193.56633413953773,2.9940119760479043,486,483,14,0,469,483,259666,18,1,0,17,0
2020-06-02,US,California,Mariposa,16,1,0,37.57978556,-119.9073334,6043.0,93.0070336569203,6.25,15,16,1,0,15,16,17471,0,0,0,0,0
2020-06-02,US,California,Mendocino,30,0,0,39.4381191,-123.39113130000001,6045.0,34.582531210734416,0.0,30,30,0,0,30,30,87606,0,0,0,0,0
2020-06-02,US,California,Merced,301,7,0,37.18922369,-120.72090349999999,6047.0,108.39815615096514,2.3255813953488373,294,283,7,0,276,283,274765,18,0,0,18,0
2020-06-02,US,California,Mono,37,1,0,37.93899289,-118.8872409,6051.0,256.1617280531709,2.702702702702702,36,37,1,0,36,37,14250,0,0,0,0,0
2020-06-02,US,California,Monterey,571,10,0,36.21862405,-121.24133970000001,6053.0,131.54833076456995,1.7513134851138354,561,545,10,0,535,530,435594,26,0,0,26,15
2020-06-02,US,California,Napa,113,3,0,38.50735751,-122.33283899999999,6055.0,82.03624114298991,2.6548672566371683,110,113,3,0,110,112,139417,0,0,0,0,1
2020-06-02,US,California,Nevada,42,1,0,39.30394768,-120.76272809999999,6057.0,42.10315272417423,2.380952380952381,41,41,1,0,40,41,99696,1,0,0,1,0
2020-06-02,US,California,Orange,6574,150,0,33.70147516,-117.76459979999998,6059.0,207.0099997102993,2.2817158503194404,6424,6474,147,0,6327,6261,3185968,100,3,0,97,213
2020-06-02,US,California,Placer,228,9,0,39.06167234,-120.72405690000001,6061.0,57.23911640879776,3.947368421052632,219,217,9,0,208,215,393149,11,0,0,11,2
2020-06-02,US,California,Plumas,4,0,0,40.00355989,-120.8395236,6063.0,21.268676556601264,0.0,4,4,0,0,4,4,18804,0,0,0,0,0
2020-06-02,US,California,Riverside,8155,342,0,33.74314981,-115.9933578,6065.0,330.0889762829755,4.193746167995095,7813,7982,331,0,7651,7486,2450758,173,11,0,162,496
2020-06-02,US,California,Sacramento,1439,58,0,38.45106826,-121.34253740000001,6067.0,92.71560727756308,4.0305767894371085,1381,1429,58,0,1371,1400,1540975,10,0,0,10,29
2020-06-02,US,California,San Benito,88,2,0,36.60308176,-121.069975,6069.0,140.10954018596357,2.272727272727273,86,87,2,0,85,87,61537,1,0,0,1,0
2020-06-02,US,California,San Bernardino,5501,208,0,34.84060306,-116.1774685,6071.0,252.3296110014059,3.7811307035084534,5293,5355,204,0,5151,5246,2171603,146,4,0,142,109
2020-06-02,US,California,San Diego,7554,269,0,33.03484597,-116.73653259999999,6073.0,226.28080507319527,3.56102727032036,7285,7481,269,0,7212,7481,3343364,73,0,0,73,0
2020-06-02,US,California,San Francisco,2587,43,0,37.75215114,-122.43856720000001,6075.0,293.46071517295127,1.6621569385388482,2544,2570,43,0,2527,2588,883305,17,0,0,17,-18
2020-06-02,US,California,San Joaquin,982,35,0,37.93433732,-121.2730061,6077.0,128.84636579771907,3.564154786150713,947,908,34,0,874,858,752660,74,1,0,73,50
2020-06-02,US,California,San Luis Obispo,278,1,0,35.38822029,-120.4039028,6079.0,98.1947010183285,0.3597122302158273,277,271,1,0,270,269,284010,7,0,0,7,2
2020-06-02,US,California,San Mateo,2188,84,0,37.422880799999994,-122.32755459999998,6081.0,285.4261759806306,3.839122486288848,2104,2165,84,0,2081,2104,769545,23,0,0,23,61
2020-06-02,US,California,Santa Barbara,1669,12,0,34.65329488,-120.0188492,6083.0,373.7970297805818,0.7189934092270821,1657,1649,12,0,1637,1649,446527,20,0,0,20,0
2020-06-02,US,California,Santa Clara,2819,143,0,37.23104908,-121.6970462,6085.0,146.22491768040285,5.0727208229868745,2676,2776,141,0,2635,2776,1937570,43,2,0,41,0
2020-06-02,US,California,Santa Cruz,217,2,0,37.05580291,-122.0066524,6087.0,79.42521036700303,0.9216589861751152,215,217,2,0,215,213,274255,0,0,0,0,4
2020-06-02,US,California,Shasta,39,4,0,40.76391419,-122.0396884,6089.0,21.657041314971124,10.256410256410255,35,39,4,0,35,39,180040,0,0,0,0,0
2020-06-02,US,California,Sierra,1,0,0,39.57713498,-120.52007009999998,6091.0,33.277870216306155,0.0,1,1,0,0,1,1,2987,0,0,0,0,0
2020-06-02,US,California,Siskiyou,8,0,0,41.59198861,-122.54074340000001,6093.0,18.374331059509863,0.0,8,7,0,0,7,7,43724,1,0,0,1,0
2020-06-02,US,California,Solano,546,22,0,38.26827353,-121.9357113,6095.0,121.97219659416098,4.029304029304028,524,517,22,0,495,517,446610,29,0,0,29,0
2020-06-02,US,California,Sonoma,566,4,0,38.52746429,-122.88625060000001,6097.0,114.4970222682548,0.7067137809187279,562,564,4,0,560,553,499942,2,0,0,2,11
2020-06-02,US,California,Stanislaus,750,29,0,37.55862499,-120.9970722,6099.0,136.2001961282824,3.8666666666666663,721,744,29,0,715,744,549815,6,0,0,6,0
2020-06-02,US,California,Sutter,46,2,0,39.03417539,-121.6945899,6101.0,47.43686256715925,4.3478260869565215,44,46,2,0,44,46,96807,0,0,0,0,0
2020-06-02,US,California,Tehama,5,1,0,40.12570935,-122.23701709999999,6103.0,7.682379693933992,20.0,4,4,1,0,3,4,63916,1,0,0,1,0
2020-06-02,US,California,Trinity,1,0,0,40.64917670000001,-123.114713,6105.0,8.14000814000814,0.0,1,1,0,0,1,1,12535,0,0,0,0,0
2020-06-02,US,California,Tulare,2004,89,0,36.22026558,-118.8020203,6107.0,429.86304014414566,4.441117764471059,1915,1897,89,0,1808,1844,465861,107,0,0,107,53
2020-06-02,US,California,Tuolumne,4,0,0,38.02644018,-119.95250929999999,6109.0,7.342413451301442,0.0,4,4,0,0,4,4,54539,0,0,0,0,0
2020-06-02,US,California,Ventura,1164,34,0,34.44465746,-119.09106129999999,6111.0,137.58767668314408,2.9209621993127146,1130,1152,34,0,1118,1078,850967,12,0,0,12,74
2020-06-02,US,California,Yolo,213,24,0,38.68278902,-121.90182879999999,6113.0,96.59863945578232,11.267605633802814,189,211,24,0,187,211,220408,2,0,0,2,0
2020-06-02,US,California,Yuba,30,1,0,39.26255932,-121.35356440000001,6115.0,38.13494686530737,3.333333333333333,29,30,1,0,29,30,78041,0,0,0,0,0
2020-06-02,US,Colorado,Adams,3338,125,0,39.87432092,-104.3362578,8001.0,645.122637078897,3.7447573397243863,3213,3291,123,0,3168,3258,511868,47,2,0,45,33
2020-06-02,US,Colorado,Alamosa,82,2,0,37.57250606,-105.7885451,8003.0,505.1438427893797,2.4390243902439024,80,78,2,0,76,76,16683,4,0,0,4,2
2020-06-02,US,Colorado,Arapahoe,4453,309,0,39.64977461,-104.3353617,8005.0,678.2010082395408,6.939142151358634,4144,4416,307,0,4109,4394,651215,37,2,0,35,22
2020-06-02,US,Colorado,Archuleta,8,0,0,37.19474156,-107.0476867,8007.0,57.02473447858009,0.0,8,8,0,0,8,8,13765,0,0,0,0,0
2020-06-02,US,Colorado,Baca,12,0,0,37.31940883,-102.5603223,8009.0,335.1019268360793,0.0,12,12,0,0,12,12,3585,0,0,0,0,0
2020-06-02,US,Colorado,Bent,2,0,0,37.95474293,-103.0720195,8011.0,35.861574323112784,0.0,2,2,0,0,2,2,5882,0,0,0,0,0
2020-06-02,US,Colorado,Boulder,986,67,0,40.09313619,-105.3546767,8013.0,302.2722534917657,6.7951318458417855,919,984,66,0,918,980,326078,2,1,0,1,4
2020-06-02,US,Colorado,Broomfield,244,27,0,39.95998787,-105.0566324,8014.0,346.2711984673242,11.065573770491802,217,242,27,0,215,240,69267,2,0,0,2,2
2020-06-02,US,Colorado,Chaffee,77,20,0,38.74745778,-106.19265729999998,8015.0,378.2668500687758,25.97402597402597,57,76,20,0,56,72,20027,1,0,0,1,4
2020-06-02,US,Colorado,Cheyenne,5,0,0,38.82777431,-102.6032558,8017.0,273.07482250136536,0.0,5,5,0,0,5,5,1876,0,0,0,0,0
2020-06-02,US,Colorado,Clear Creek,17,1,0,39.68864463,-105.6463118,8019.0,175.2577319587629,5.882352941176472,16,17,1,0,16,16,9605,0,0,0,0,1
2020-06-02,US,Colorado,Conejos,2,0,0,37.201606,-106.19174879999998,8021.0,24.375380865326022,0.0,2,2,0,0,2,2,8200,0,0,0,0,0
2020-06-02,US,Colorado,Costilla,6,0,0,37.27732493,-105.4276548,8023.0,154.36068947774638,0.0,6,6,0,0,6,6,3828,0,0,0,0,0
2020-06-02,US,Colorado,Crowley,64,1,0,38.32608609,-103.7844965,8025.0,1055.93136446131,1.5625,63,64,1,0,63,64,5858,0,0,0,0,0
2020-06-02,US,Colorado,Custer,2,0,0,38.10883162,-105.3683478,8027.0,39.463299131807425,0.0,2,2,0,0,2,2,4954,0,0,0,0,0
2020-06-02,US,Colorado,Delta,71,1,0,38.86246243,-107.8631342,8029.0,227.84160195109428,1.4084507042253518,70,69,1,0,68,69,30953,2,0,0,2,0
2020-06-02,US,Colorado,Denver,5854,332,0,39.76018276,-104.8725695,8031.0,804.9933238083584,5.67133583874274,5522,5802,329,0,5473,5775,716492,52,3,0,49,27
2020-06-02,US,Colorado,Douglas,726,45,0,39.33133796,-104.930001,8035.0,206.74689737266274,6.198347107438017,681,724,45,0,679,720,342776,2,0,0,2,4
2020-06-02,US,Colorado,Eagle,590,8,0,39.62754308,-106.6933637,8037.0,1070.2559544324922,1.3559322033898304,582,587,8,0,579,587,54993,3,0,0,3,0
2020-06-02,US,Colorado,El Paso,1761,95,0,38.83240149,-104.5251411,8041.0,244.44651118887626,5.3946621237933,1666,1748,89,0,1659,1732,713856,13,6,0,7,16
2020-06-02,US,Colorado,Elbert,53,2,0,39.28656773,-104.1358721,8039.0,198.2865052938756,3.7735849056603774,51,53,2,0,51,53,26282,0,0,0,0,0
2020-06-02,US,Colorado,Fremont,27,0,0,38.47362326,-105.4399667,8043.0,56.439306841698205,0.0,27,26,0,0,26,26,48021,1,0,0,1,0
2020-06-02,US,Colorado,Garfield,148,2,0,39.59921777,-107.902708,8045.0,246.41614358735282,1.351351351351351,146,143,2,0,141,139,59770,5,0,0,5,4
2020-06-02,US,Colorado,Gilpin,3,0,0,39.85646523,-105.5252597,8047.0,48.05382027871216,0.0,3,3,0,0,3,3,6121,0,0,0,0,0
2020-06-02,US,Colorado,Grand,15,0,0,40.10603347,-106.1178042,8049.0,95.33494343460023,0.0,15,14,0,0,14,14,15525,1,0,0,1,0
2020-06-02,US,Colorado,Gunnison,178,6,0,38.66611652,-107.0320729,8051.0,1019.3563165731302,3.3707865168539324,172,177,6,0,171,177,17246,1,0,0,1,0
2020-06-02,US,Colorado,Hinsdale,3,0,0,37.82247444,-107.3004345,8053.0,365.8536585365854,0.0,3,3,0,0,3,3,811,0,0,0,0,0
2020-06-02,US,Colorado,Huerfano,3,0,0,37.68473101,-104.9612585,8055.0,43.497172683775545,0.0,3,3,0,0,3,3,6889,0,0,0,0,0
2020-06-02,US,Colorado,Jefferson,2266,172,0,39.58635604,-105.2517692,8059.0,388.75859738094056,7.590467784642542,2094,2244,171,0,2073,2221,580233,22,1,0,21,23
2020-06-02,US,Colorado,Kit Carson,26,3,0,39.30497777,-102.6022199,8063.0,366.3519797097365,11.538461538461537,23,26,3,0,23,26,7163,0,0,0,0,0
2020-06-02,US,Colorado,La Plata,82,1,0,37.28632032,-107.8429014,8067.0,145.85297308834777,1.2195121951219512,81,82,1,0,81,81,56310,0,0,0,0,1
2020-06-02,US,Colorado,Lake,31,0,0,39.20278823,-106.3555697,8065.0,381.4445674910791,0.0,31,31,0,0,31,31,7824,0,0,0,0,0
2020-06-02,US,Colorado,Larimer,589,28,0,40.66671597,-105.4625784,8069.0,165.03268431685154,4.753820033955857,561,589,28,0,561,583,350518,0,0,0,0,6
2020-06-02,US,Colorado,Las Animas,5,0,0,37.3153406,-104.0376458,8071.0,34.46849579484351,0.0,5,5,0,0,5,5,14503,0,0,0,0,0
2020-06-02,US,Colorado,Lincoln,3,0,0,38.98749519,-103.5136649,8073.0,52.62234695667427,0.0,3,3,0,0,3,3,5610,0,0,0,0,0
2020-06-02,US,Colorado,Logan,620,4,0,40.7249637,-103.110817,8075.0,2766.7455040385557,0.6451612903225806,616,619,3,0,616,614,21528,1,1,0,0,5
2020-06-02,US,Colorado,Mesa,55,0,0,39.01787888,-108.469799,8077.0,35.66565073600935,0.0,55,55,0,0,55,54,153207,0,0,0,0,1
2020-06-02,US,Colorado,Mineral,2,0,0,37.66954283,-106.9281698,8079.0,260.0780234070221,0.0,2,2,0,0,2,2,776,0,0,0,0,0
2020-06-02,US,Colorado,Moffat,8,0,0,40.61810999,-108.2070876,8081.0,60.22735827749755,0.0,8,7,0,0,7,7,13188,1,0,0,1,0
2020-06-02,US,Colorado,Montezuma,46,3,0,37.33859579,-108.5958857,8083.0,175.6865141504029,6.521739130434782,43,46,3,0,43,45,26158,0,0,0,0,1
2020-06-02,US,Colorado,Montrose,181,12,0,38.40214114,-108.26390220000002,8085.0,423.3125964731746,6.629834254143647,169,177,12,0,165,172,42214,4,0,0,4,5
2020-06-02,US,Colorado,Morgan,631,43,0,40.26279810000001,-103.8093302,8087.0,2170.7719829365624,6.814580031695721,588,630,43,0,587,629,28558,1,0,0,1,1
2020-06-02,US,Colorado,Otero,19,1,0,37.9014485,-103.7173385,8089.0,103.95010395010395,5.2631578947368425,18,19,1,0,18,19,18432,0,0,0,0,0
2020-06-02,US,Colorado,Ouray,8,1,0,38.14717457,-107.7675136,8091.0,161.55088852988692,12.5,7,8,1,0,7,8,4833,0,0,0,0,0
2020-06-02,US,Colorado,Park,23,0,0,39.120926,-105.7182065,8093.0,122.04828867073496,0.0,23,23,0,0,23,23,18556,0,0,0,0,0
2020-06-02,US,Colorado,Phillips,14,0,0,40.59414277,-102.3577703,8095.0,328.253223915592,0.0,14,14,0,0,14,13,4286,0,0,0,0,1
2020-06-02,US,Colorado,Pitkin,58,2,0,39.21720112,-106.9310027,8097.0,326.44790904485836,3.4482758620689653,56,58,2,0,56,58,17950,0,0,0,0,0
2020-06-02,US,Colorado,Prowers,15,0,0,37.95544985,-102.3926052,8099.0,123.23365100230036,0.0,15,14,0,0,14,14,12164,1,0,0,1,0
2020-06-02,US,Colorado,Pueblo,297,18,0,38.17359144,-104.5127437,8101.0,176.34066403837932,6.0606060606060606,279,297,18,0,279,295,167529,0,0,0,0,2
2020-06-02,US,Colorado,Rio Blanco,1,0,0,39.97913541,-108.2179009,8103.0,15.812776723592664,0.0,1,1,0,0,1,1,6336,0,0,0,0,0
2020-06-02,US,Colorado,Rio Grande,37,0,0,37.5836865,-106.3847838,8105.0,328.39265110499684,0.0,37,35,0,0,35,33,11250,2,0,0,2,2
2020-06-02,US,Colorado,Routt,62,6,0,40.48596505,-106.9905548,8107.0,241.82853576722053,9.677419354838712,56,62,6,0,56,62,25733,0,0,0,0,0
2020-06-02,US,Colorado,Saguache,89,1,0,38.08054629,-106.282466,8109.0,1304.2203985932006,1.1235955056179776,88,89,1,0,88,81,6843,0,0,0,0,8
2020-06-02,US,Colorado,San Juan,1,0,0,37.76248981,-107.67632890000002,8111.0,137.36263736263737,0.0,1,1,0,0,1,1,762,0,0,0,0,0
2020-06-02,US,Colorado,San Miguel,23,0,0,38.00450883,-108.4020725,8113.0,281.2079716346741,0.0,23,23,0,0,23,23,8191,0,0,0,0,0
2020-06-02,US,Colorado,Summit,233,2,0,39.63803232,-106.1150762,8117.0,751.3462964754442,0.8583690987124464,231,231,2,0,229,226,31007,2,0,0,2,5
2020-06-02,US,Colorado,Teller,33,2,0,38.88133511,-105.1614893,8119.0,129.9826689774697,6.0606060606060606,31,33,2,0,31,32,25083,0,0,0,0,1
2020-06-02,US,Colorado,Washington,41,0,0,39.97015535,-103.202587,8121.0,835.3708231458843,0.0,41,41,0,0,41,41,4909,0,0,0,0,0
2020-06-02,US,Colorado,Weld,2505,132,0,40.55499405,-104.3929621,8123.0,771.9758884656633,5.269461077844311,2373,2501,132,0,2369,2488,314305,4,0,0,4,13
2020-06-02,US,Colorado,Yuma,40,0,0,40.00346839,-102.4258673,8125.0,399.24144126160303,0.0,40,40,0,0,40,35,10020,0,0,0,0,5
2020-06-02,US,Connecticut,Fairfield,15776,1287,0,41.26809896,-73.3881171,9001.0,1672.3698549397245,8.157961460446247,14489,15709,1288,0,14421,15549,943823,67,-1,0,68,160
2020-06-02,US,Connecticut,Hartford,10536,1253,0,41.80283011,-72.73103891,9003.0,1181.5368052751985,11.892558845861807,9283,10448,1259,0,9189,10296,892697,88,-6,0,94,152
2020-06-02,US,Connecticut,Litchfield,1402,133,0,41.7937534,-73.2451475,9005.0,777.450605269141,9.48644793152639,1269,1400,136,0,1264,1397,181111,2,-3,0,5,3
2020-06-02,US,Connecticut,Middlesex,1154,150,0,41.45949668,-72.53714864,9007.0,710.4336477135611,12.998266897746966,1004,1143,153,0,990,1104,162682,11,-3,0,14,39
2020-06-02,US,Connecticut,New Haven,11525,985,0,41.408032500000004,-72.93620426,9009.0,1348.3364277800592,8.546637744034706,10540,11479,974,0,10505,11323,857620,46,11,0,35,156
2020-06-02,US,Connecticut,New London,1094,90,0,41.48896435,-72.10430976,9011.0,412.5095209007338,8.226691042047532,1004,1091,89,0,1002,1078,266784,3,1,0,2,13
2020-06-02,US,Connecticut,Tolland,848,60,0,41.85853803,-72.3308481,9013.0,562.6289634490217,7.075471698113208,788,845,58,0,787,836,150921,3,2,0,1,9
2020-06-02,US,Connecticut,Unassigned,251,0,0,0.0,0.0,90009.0,0.0,0.0,251,237,0,0,237,234,,14,0,0,14,3
2020-06-02,US,Connecticut,Windham,393,14,0,41.82972709,-71.98182316,9015.0,336.52446438663486,3.5623409669211195,379,388,13,0,375,384,117027,5,1,0,4,4
2020-06-02,US,Delaware,Kent,1450,66,0,39.08646628,-75.56884914,10001.0,802.0532563362207,4.551724137931036,1384,1440,63,0,1377,1436,178550,10,3,0,7,4
2020-06-02,US,Delaware,New Castle,3883,172,0,39.57992638,-75.64054974,10003.0,694.9403403650629,4.429564769508112,3711,3838,172,0,3666,3758,559335,45,0,0,45,80
2020-06-02,US,Delaware,Sussex,4299,135,0,38.66143781,-75.39031349,10005.0,1835.4146653858468,3.14026517794836,4164,4272,133,0,4139,4253,229286,27,2,0,25,19
2020-06-02,US,Delaware,Unassigned,53,0,0,0.0,0.0,90010.0,0.0,0.0,53,55,0,0,55,51,,-2,0,0,-2,4
2020-06-02,US,District of Columbia,District of Columbia,8886,470,0,38.90417773,-77.01655992,11001.0,1259.0878626820586,5.289218996173757,8416,8857,468,0,8389,8801,702455,29,2,0,27,56
2020-06-02,US,Florida,Alachua,382,7,0,29.67866525,-82.35928158,12001.0,141.98473849905034,1.8324607329842928,375,382,7,0,375,380,269956,0,0,0,0,2
2020-06-02,US,Florida,Baker,29,3,0,30.33060121,-82.28467476,12003.0,99.28106812735365,10.344827586206897,26,29,3,0,26,29,28355,0,0,0,0,0
2020-06-02,US,Florida,Bay,99,3,0,30.26548745,-85.62122584,12005.0,56.66695286339829,3.0303030303030303,96,100,3,0,97,98,185287,-1,0,0,-1,2
2020-06-02,US,Florida,Bradford,51,2,0,29.95079741,-82.16611613,12007.0,180.8446508989043,3.92156862745098,49,51,2,0,49,51,27732,0,0,0,0,0
2020-06-02,US,Florida,Brevard,427,13,0,28.29409504,-80.73091022,12009.0,70.93706702639125,3.0444964871194378,414,424,13,0,411,422,596849,3,0,0,3,2
2020-06-02,US,Florida,Broward,7248,317,0,26.15184651,-80.48725556,12011.0,371.16354239959685,4.373620309050772,6931,7196,314,0,6882,7123,1951260,52,3,0,49,73
2020-06-02,US,Florida,Calhoun,62,4,0,30.40666734,-85.19394153,12013.0,439.56043956043953,6.451612903225807,58,61,4,0,57,63,14587,1,0,0,1,-2
2020-06-02,US,Florida,Charlotte,463,65,0,26.90131002,-81.92949121,12015.0,245.09025461860145,14.038876889848812,398,461,63,0,398,458,184998,2,2,0,0,3
2020-06-02,US,Florida,Citrus,122,12,0,28.84804315,-82.47614748,12017.0,81.51974180960462,9.836065573770492,110,122,12,0,110,121,147929,0,0,0,0,1
2020-06-02,US,Florida,Clay,387,30,0,29.98319144,-81.85609986,12019.0,176.5092222647912,7.751937984496124,357,383,28,0,355,382,216072,4,2,0,2,1
2020-06-02,US,Florida,Collier,1605,49,0,26.11091986,-81.34687065,12021.0,416.9892596037433,3.0529595015576323,1556,1580,49,0,1531,1539,378488,25,0,0,25,41
2020-06-02,US,Florida,Columbia,147,2,0,30.22509788,-82.62160164,12023.0,205.0609602990821,1.3605442176870748,145,148,2,0,146,144,70503,-1,0,0,-1,4
2020-06-02,US,Florida,DeSoto,197,7,0,27.18677893,-81.80941373,12027.0,518.4074103313071,3.5532994923857872,190,182,7,0,175,182,37489,15,0,0,15,0
2020-06-02,US,Florida,Dixie,54,2,0,29.60631086,-83.15724673,12029.0,320.93189112088436,3.703703703703704,52,54,2,0,52,51,16700,0,0,0,0,3
2020-06-02,US,Florida,Duval,1660,51,0,30.33225875,-81.66976468,12031.0,173.32198735584782,3.0722891566265065,1609,1654,51,0,1603,1644,950181,6,0,0,6,10
2020-06-02,US,Florida,Escambia,844,34,0,30.67652764,-87.37284571,12033.0,265.14532728483647,4.028436018957346,810,828,33,0,795,815,315534,16,1,0,15,13
2020-06-02,US,Florida,Flagler,190,4,0,29.45933576,-81.31508595,12035.0,165.1011027015754,2.1052631578947367,186,189,4,0,185,189,112067,1,0,0,1,0
2020-06-02,US,Florida,Franklin,2,0,0,29.83791238,-84.82731662,12037.0,16.49484536082474,0.0,2,2,0,0,2,2,11736,0,0,0,0,0
2020-06-02,US,Florida,Gadsden,278,3,0,30.57796289,-84.61915825,12039.0,608.8480070083224,1.0791366906474822,275,276,2,0,274,273,45894,2,1,0,1,3
2020-06-02,US,Florida,Gilchrist,15,0,0,29.72856978,-82.79880657,12041.0,80.72328059412334,0.0,15,15,0,0,15,12,18256,0,0,0,0,3
2020-06-02,US,Florida,Glades,61,1,0,26.95635849,-81.18996211,12043.0,441.67692419086234,1.639344262295082,60,32,1,0,31,30,13724,29,0,0,29,2
2020-06-02,US,Florida,Gulf,2,0,0,29.93543004,-85.24270990000002,12045.0,14.663831659212553,0.0,2,1,0,0,1,1,16164,1,0,0,1,0
2020-06-02,US,Florida,Hamilton,239,0,0,30.49673973,-82.94998918,12047.0,1656.5012475741614,0.0,239,239,0,0,239,233,14310,0,0,0,0,6
2020-06-02,US,Florida,Hardee,105,0,0,27.49293939,-81.80956574,12049.0,389.7984185321306,0.0,105,101,0,0,101,99,27245,4,0,0,4,2
2020-06-02,US,Florida,Hendry,446,16,0,26.55386945,-81.16469006,12051.0,1061.3488172861837,3.5874439461883414,430,431,15,0,416,415,41556,15,1,0,14,16
2020-06-02,US,Florida,Hernando,118,5,0,28.55364461,-82.42700204,12053.0,60.849834983498354,4.2372881355932215,113,115,5,0,110,115,190865,3,0,0,3,0
2020-06-02,US,Florida,Highlands,132,9,0,27.34254618,-81.34071957,12055.0,124.26921230265202,6.8181818181818175,123,130,9,0,121,129,105424,2,0,0,2,1
2020-06-02,US,Florida,Hillsborough,2285,81,0,27.9276559,-82.32013172,12057.0,155.2343529207157,3.5448577680525166,2204,2251,81,0,2170,2201,1436888,34,0,0,34,50
2020-06-02,US,Florida,Holmes,23,0,0,30.86747479,-85.81319222,12059.0,117.24524646989856,0.0,23,19,0,0,19,19,19477,4,0,0,4,0
2020-06-02,US,Florida,Indian River,138,10,0,27.69308961,-80.60556721,12061.0,86.29152779775265,7.246376811594202,128,133,10,0,123,130,157413,5,0,0,5,3
2020-06-02,US,Florida,Jackson,266,1,0,30.795459700000002,-85.21500423,12063.0,573.1029430775197,0.3759398496240601,265,256,1,0,255,251,48305,10,0,0,10,5
2020-06-02,US,Florida,Jefferson,29,3,0,30.43669112,-83.89442308,12065.0,203.56591323880392,10.344827586206897,26,29,3,0,26,29,14288,0,0,0,0,0
2020-06-02,US,Florida,Lafayette,8,0,0,29.98484137,-83.18166636,12067.0,94.9893137022085,0.0,8,8,0,0,8,8,8732,0,0,0,0,0
2020-06-02,US,Florida,Lake,306,15,0,28.76202069,-81.7125123,12069.0,83.35194678550221,4.901960784313727,291,304,15,0,289,301,356495,2,0,0,2,3
2020-06-02,US,Florida,Lee,1967,112,0,26.58410348,-81.88399313,12071.0,255.26326376209,5.6939501779359425,1855,1943,105,0,1838,1908,754610,24,7,0,17,35
2020-06-02,US,Florida,Leon,411,7,0,30.45955727,-84.27491114,12073.0,139.99495881900117,1.70316301703163,404,405,7,0,398,404,292502,6,0,0,6,1
2020-06-02,US,Florida,Levy,35,1,0,29.31829741,-82.74007147,12075.0,84.33125316242197,2.8571428571428568,34,34,1,0,33,32,40770,1,0,0,1,2
2020-06-02,US,Florida,Liberty,213,1,0,30.23766008,-84.8829258,12077.0,2549.6768015322,0.4694835680751174,212,213,0,0,213,213,8457,0,1,0,-1,0
2020-06-02,US,Florida,Madison,69,4,0,30.44396917,-83.47398594,12079.0,373.1141513004921,5.797101449275362,65,69,4,0,65,69,18529,0,0,0,0,0
2020-06-02,US,Florida,Manatee,1074,98,0,27.47196942,-82.31831044,12081.0,266.3340384324481,9.124767225325883,976,1057,97,0,960,1045,394855,17,1,0,16,12
2020-06-02,US,Florida,Marion,255,7,0,29.21227113,-82.05803627,12083.0,69.752365425804,2.7450980392156863,248,250,7,0,243,248,359977,5,0,0,5,2
2020-06-02,US,Florida,Martin,680,10,0,27.0772071,-80.43109784,12085.0,422.360248447205,1.4705882352941178,670,652,9,0,643,651,160912,28,1,0,27,1
2020-06-02,US,Florida,Miami-Dade,18224,722,0,25.6112362,-80.55170587,12086.0,670.7545989237892,3.96180860403863,17502,18139,702,0,17437,18000,2761581,85,20,0,65,139
2020-06-02,US,Florida,Monroe,109,4,0,25.20904673,-81.07812416,12087.0,146.8448563884249,3.669724770642202,105,109,4,0,105,108,75027,0,0,0,0,1
2020-06-02,US,Florida,Nassau,80,1,0,30.61037141,-81.80297522,12089.0,90.26798307475319,1.25,79,76,1,0,75,76,85832,4,0,0,4,0
2020-06-02,US,Florida,Okaloosa,235,6,0,30.69143028,-86.59267105,12091.0,111.51287380538868,2.5531914893617023,229,232,6,0,226,223,207269,3,0,0,3,9
2020-06-02,US,Florida,Okeechobee,85,0,0,27.386336199999995,-80.88944347,12093.0,201.57465376588885,0.0,85,84,0,0,84,83,41537,1,0,0,1,1
2020-06-02,US,Florida,Orange,2048,41,0,28.51367621,-81.31799498,12095.0,146.9731286043581,2.001953125,2007,2031,41,0,1990,2002,1380645,17,0,0,17,29
2020-06-02,US,Florida,Osceola,709,20,0,28.06312234,-81.14882926,12097.0,188.68878592472146,2.8208744710860367,689,703,19,0,684,701,367990,6,1,0,5,2
2020-06-02,US,Florida,Palm Beach,6219,351,0,26.64676272,-80.46536002,12099.0,415.49469858428483,5.643994211287987,5868,6135,337,0,5798,5996,1485941,84,14,0,70,139
2020-06-02,US,Florida,Pasco,394,15,0,28.30810945,-82.40227529,12101.0,71.12593804100392,3.807106598984772,379,388,13,0,375,386,539630,6,2,0,4,2
2020-06-02,US,Florida,Pinellas,1335,90,0,27.93130349,-82.72239666,12103.0,136.9236386610817,6.741573033707866,1245,1313,83,0,1230,1297,975280,22,7,0,15,16
2020-06-02,US,Florida,Polk,1053,58,0,27.95027105,-81.69732947,12105.0,145.28606730070078,5.5080721747388415,995,1038,57,0,981,1027,708009,15,1,0,14,11
2020-06-02,US,Florida,Putnam,154,6,0,29.60779729,-81.74230285,12107.0,206.6531581701802,3.8961038961038965,148,153,6,0,147,152,74163,1,0,0,1,1
2020-06-02,US,Florida,Santa Rosa,248,9,0,30.69341450000001,-87.02458128,12113.0,134.55372111571077,3.629032258064516,239,247,9,0,238,245,179349,1,0,0,1,2
2020-06-02,US,Florida,Sarasota,647,80,0,27.18546175,-82.33174248,12115.0,149.1670163369007,12.364760432766616,567,639,77,0,562,635,426718,8,3,0,5,4
2020-06-02,US,Florida,Seminole,493,12,0,28.7158582,-81.24060348,12117.0,104.48767130255644,2.4340770791075053,481,491,12,0,479,490,467832,2,0,0,2,1
2020-06-02,US,Florida,St. Johns,262,6,0,29.90096506,-81.43589967,12109.0,98.99044855519286,2.2900763358778624,256,260,6,0,254,260,254261,2,0,0,2,0
2020-06-02,US,Florida,St. Lucie,492,31,0,27.37763908,-80.47106649,12111.0,149.86429970423126,6.30081300813008,461,473,30,0,443,471,321128,19,1,0,18,2
2020-06-02,US,Florida,Sumter,255,17,0,28.70181754,-82.0794267,12119.0,192.56909832351607,6.666666666666668,238,253,17,0,236,253,128754,2,0,0,2,0
2020-06-02,US,Florida,Suwannee,168,18,0,30.19746066,-82.99099670000003,12121.0,378.23355922282013,10.714285714285714,150,168,18,0,150,167,44191,0,0,0,0,1
2020-06-02,US,Florida,Taylor,22,0,0,30.04848048,-83.60445406,12123.0,101.99823821224906,0.0,22,22,0,0,22,22,21623,0,0,0,0,0
2020-06-02,US,Florida,Unassigned,87,0,0,0.0,0.0,90012.0,0.0,0.0,87,84,0,0,84,84,,3,0,0,3,0
2020-06-02,US,Florida,Union,33,1,0,30.04412971,-82.37497443,12125.0,216.57806654853317,3.0303030303030303,32,32,1,0,31,32,14940,1,0,0,1,0
2020-06-02,US,Florida,Volusia,752,39,0,29.05858895,-81.18263252,12127.0,135.91573224600748,5.1861702127659575,713,741,38,0,703,736,547538,11,1,0,10,5
2020-06-02,US,Florida,Wakulla,35,1,0,30.16548905,-84.39895211,12129.0,103.7375144491538,2.8571428571428568,34,35,1,0,34,34,32461,0,0,0,0,1
2020-06-02,US,Florida,Walton,118,9,0,30.64204028,-86.16935664,12131.0,159.3066112243658,7.627118644067798,109,117,9,0,108,117,71375,1,0,0,1,0
2020-06-02,US,Florida,Washington,66,4,0,30.61359259,-85.66002461,12133.0,259.0978683311742,6.0606060606060606,62,58,4,0,54,57,24880,8,0,0,8,1
2020-06-02,US,Georgia,Appling,161,13,0,31.74847232,-82.28909114,13001.0,875.666267812466,8.074534161490684,148,161,13,0,148,159,18507,0,0,0,0,2
2020-06-02,US,Georgia,Atkinson,51,2,0,31.29633502,-82.87545866,13003.0,624.6172688303735,3.92156862745098,49,51,2,0,49,48,8297,0,0,0,0,3
2020-06-02,US,Georgia,Bacon,131,3,0,31.55456473,-82.45936528,13005.0,1173.4145467574347,2.2900763358778624,128,129,3,0,126,122,11185,2,0,0,2,7
2020-06-02,US,Georgia,Baker,34,2,0,31.32669878,-84.44218806,13007.0,1119.1573403554974,5.882352941176472,32,35,3,0,32,34,3092,-1,-1,0,0,1
2020-06-02,US,Georgia,Baldwin,350,26,0,33.06882326,-83.24701748,13009.0,779.6836711962575,7.428571428571429,324,349,26,0,323,345,44823,1,0,0,1,4
2020-06-02,US,Georgia,Banks,93,1,0,34.35607081,-83.49644388,13011.0,483.5187688468337,1.075268817204301,92,92,1,0,91,88,18988,1,0,0,1,4
2020-06-02,US,Georgia,Barrow,328,18,0,33.99148694,-83.71436292,13013.0,394.0413262854397,5.487804878048781,310,333,17,0,316,326,80809,-5,1,0,-6,7
2020-06-02,US,Georgia,Bartow,485,38,0,34.23732119,-84.83887523,13015.0,450.1661437932762,7.835051546391753,447,481,39,0,442,478,106408,4,-1,0,5,3
2020-06-02,US,Georgia,Ben Hill,77,1,0,31.76095874,-83.22145359,13017.0,461.07784431137725,1.2987012987012987,76,76,1,0,75,74,16787,1,0,0,1,2
2020-06-02,US,Georgia,Berrien,49,0,0,31.27590016,-83.22529920000002,13019.0,252.61638397690362,0.0,49,49,0,0,49,46,19252,0,0,0,0,3
2020-06-02,US,Georgia,Bibb,472,29,0,32.80904227,-83.70489165,13021.0,308.1764702041669,6.1440677966101696,443,467,28,0,439,453,153095,5,1,0,4,14
2020-06-02,US,Georgia,Bleckley,48,0,0,32.43829035,-83.33035166,13023.0,372.87345607084603,0.0,48,45,0,0,45,45,12838,3,0,0,3,0
2020-06-02,US,Georgia,Brantley,58,2,0,31.19576557,-81.97743999,13025.0,303.52190067507456,3.4482758620689653,56,57,2,0,55,56,18897,1,0,0,1,1
2020-06-02,US,Georgia,Brooks,70,8,0,30.83922642,-83.58303423,13027.0,452.8692501779129,11.428571428571427,62,69,8,0,61,68,15513,1,0,0,1,1
2020-06-02,US,Georgia,Bryan,75,5,0,32.00979311,-81.44002948,13029.0,189.26489514724807,6.666666666666668,70,75,5,0,70,74,38109,0,0,0,0,1
2020-06-02,US,Georgia,Bulloch,67,2,0,32.39577406,-81.74811421,13031.0,84.16239573912169,2.985074626865672,65,65,2,0,63,60,77296,2,0,0,2,5
2020-06-02,US,Georgia,Burke,122,6,0,33.05917989,-81.99928721,13033.0,545.0565161059733,4.918032786885246,116,122,6,0,116,121,22423,0,0,0,0,1
2020-06-02,US,Georgia,Butts,234,24,0,33.283094500000004,-83.95435040000002,13035.0,938.4023099133784,10.256410256410255,210,228,24,0,204,228,24193,6,0,0,6,0
2020-06-02,US,Georgia,Calhoun,134,6,0,31.53169785,-84.62725131,13037.0,2165.131685248021,4.477611940298506,128,132,6,0,126,132,6352,2,0,0,2,0
2020-06-02,US,Georgia,Camden,64,1,0,30.92951916,-81.66601818,13039.0,117.07459847071306,1.5625,63,63,1,0,62,62,53677,1,0,0,1,1
2020-06-02,US,Georgia,Candler,14,0,0,32.40209349,-82.07702563,13043.0,129.59363139868557,0.0,14,13,0,0,13,13,10836,1,0,0,1,0
2020-06-02,US,Georgia,Carroll,524,24,0,33.58138199,-85.07976677,13045.0,436.6957797186478,4.580152671755725,500,526,24,0,502,525,118121,-2,0,0,-2,1
2020-06-02,US,Georgia,Catoosa,142,0,0,34.89872298,-85.13757014,13047.0,210.121337673868,0.0,142,140,0,0,140,133,67420,2,0,0,2,7
2020-06-02,US,Georgia,Charlton,33,1,0,30.78371028,-82.13951596,13049.0,246.415770609319,3.0303030303030303,32,33,1,0,32,32,12968,0,0,0,0,1
2020-06-02,US,Georgia,Chatham,518,26,0,32.00043026,-81.12489526,13051.0,178.97246311716134,5.019305019305019,492,516,25,0,491,501,289195,2,1,0,1,15
2020-06-02,US,Georgia,Chattahoochee,154,0,0,32.34341231,-84.78809239,13053.0,1411.9372879801965,0.0,154,114,0,0,114,54,10684,40,0,0,40,60
2020-06-02,US,Georgia,Chattooga,25,2,0,34.47197698,-85.34535662,13055.0,100.85118399290009,8.0,23,24,2,0,22,24,24790,1,0,0,1,0
2020-06-02,US,Georgia,Cherokee,911,33,0,34.24393976,-84.47431861,13057.0,352.04600170806066,3.622392974753019,878,910,33,0,877,909,254149,1,0,0,1,1
2020-06-02,US,Georgia,Clarke,295,14,0,33.95436462,-83.37124007,13059.0,229.8743094030281,4.7457627118644075,281,293,13,0,280,283,127330,2,1,0,1,10
2020-06-02,US,Georgia,Clay,39,2,0,31.62221166,-84.97713865,13061.0,1376.1467889908256,5.128205128205129,37,39,2,0,37,39,2887,0,0,0,0,0
2020-06-02,US,Georgia,Clayton,1238,51,0,33.54187245,-84.35594188,13063.0,423.6012263221285,4.119547657512117,1187,1234,50,0,1184,1221,289615,4,1,0,3,13
2020-06-02,US,Georgia,Clinch,59,2,0,30.91395822,-82.70432472,13065.0,891.5080084617709,3.3898305084745757,57,59,2,0,57,59,6648,0,0,0,0,0
2020-06-02,US,Georgia,Cobb,3056,183,0,33.94243204,-84.5761255,13067.0,402.0306758877629,5.9882198952879575,2873,3052,183,0,2869,3027,756865,4,0,0,4,25
2020-06-02,US,Georgia,Coffee,277,15,0,31.54892966,-82.85492059999999,13069.0,640.122016037714,5.415162454873647,262,277,15,0,262,271,43093,0,0,0,0,6
2020-06-02,US,Georgia,Colquitt,484,15,0,31.18810588,-83.7677946,13071.0,1061.4035087719299,3.0991735537190084,469,479,15,0,464,467,45592,5,0,0,5,12
2020-06-02,US,Georgia,Columbia,251,8,0,33.54534185,-82.263524,13073.0,160.16437586941817,3.187250996015936,243,251,8,0,243,248,154291,0,0,0,0,3
2020-06-02,US,Georgia,Cook,47,2,0,31.16068491,-83.42947229,13075.0,272.1482339316734,4.25531914893617,45,47,2,0,45,48,17162,0,0,0,0,-1
2020-06-02,US,Georgia,Coweta,422,9,0,33.35334302,-84.76129976,13077.0,284.1578624864486,2.1327014218009483,413,421,9,0,412,417,145864,1,0,0,1,4
2020-06-02,US,Georgia,Crawford,28,0,0,32.71391813,-83.98061238,13079.0,225.73363431151242,0.0,28,28,0,0,28,28,12318,0,0,0,0,0
2020-06-02,US,Georgia,Crisp,237,7,0,31.92289565,-83.76811843,13081.0,1059.3599141784373,2.9535864978902957,230,236,7,0,229,232,22601,1,0,0,1,4
2020-06-02,US,Georgia,Dade,37,1,0,34.854916700000004,-85.50490424,13083.0,229.5855050881112,2.702702702702702,36,36,1,0,35,28,16226,1,0,0,1,8
2020-06-02,US,Georgia,Dawson,109,1,0,34.44244079,-84.16964071,13085.0,417.49655278075693,0.9174311926605504,108,109,1,0,108,109,25083,0,0,0,0,0
2020-06-02,US,Georgia,DeKalb,3803,121,0,33.76944049,-84.22396017,13089.0,500.8580305203365,3.181698658953458,3682,3795,121,0,3674,3734,756558,8,0,0,8,61
2020-06-02,US,Georgia,Decatur,204,5,0,30.87967778,-84.57619536,13087.0,772.6102105741554,2.4509803921568634,199,194,5,0,189,186,26575,10,0,0,10,8
2020-06-02,US,Georgia,Dodge,52,2,0,32.17265114,-83.16948926,13091.0,252.36593059936908,3.8461538461538463,50,52,2,0,50,51,20705,0,0,0,0,1
2020-06-02,US,Georgia,Dooly,183,12,0,32.15630737,-83.79746561,13093.0,1366.6915608663182,6.557377049180328,171,182,12,0,170,179,13706,1,0,0,1,3
2020-06-02,US,Georgia,Dougherty,1784,149,0,31.53328528,-84.21722377,13095.0,2028.2868707080813,8.352017937219731,1635,1780,149,0,1631,1770,91243,4,0,0,4,10
2020-06-02,US,Georgia,Douglas,549,25,0,33.70291126,-84.77026156,13097.0,375.1460609663599,4.553734061930784,524,546,25,0,521,543,145331,3,0,0,3,3
2020-06-02,US,Georgia,Early,244,31,0,31.32155345,-84.90255207,13099.0,2394.5044160942107,12.704918032786884,213,241,31,0,210,238,10247,3,0,0,3,3
2020-06-02,US,Georgia,Echols,121,0,0,30.71101099,-82.89687287,13101.0,3020.469296055916,0.0,121,119,0,0,119,117,4000,2,0,0,2,2
2020-06-02,US,Georgia,Effingham,75,1,0,32.36616021,-81.34280942,13103.0,116.64800298618887,1.3333333333333333,74,74,1,0,73,74,62190,1,0,0,1,0
2020-06-02,US,Georgia,Elbert,75,0,0,34.11302332,-82.83936148,13105.0,390.7471084713973,0.0,75,75,0,0,75,75,19120,0,0,0,0,0
2020-06-02,US,Georgia,Emanuel,27,2,0,32.59221302,-82.30239915,13107.0,119.22635343990109,7.407407407407407,25,28,2,0,26,27,22612,-1,0,0,-1,1
2020-06-02,US,Georgia,Evans,5,0,0,32.15328841,-81.8870105,13109.0,46.93073024216257,0.0,5,5,0,0,5,5,10721,0,0,0,0,0
2020-06-02,US,Georgia,Fannin,47,1,0,34.86430205,-84.316964,13111.0,179.47151367038342,2.127659574468085,46,46,1,0,45,44,25964,1,0,0,1,2
2020-06-02,US,Georgia,Fayette,237,13,0,33.41357794,-84.49089434,13113.0,207.12981008730915,5.485232067510547,224,235,13,0,222,235,113459,2,0,0,2,0
2020-06-02,US,Georgia,Floyd,274,15,0,34.26268279,-85.21577392,13115.0,278.17823712156587,5.474452554744525,259,268,15,0,253,265,97927,6,0,0,6,3
2020-06-02,US,Georgia,Forsyth,532,12,0,34.22604035,-84.12315129999998,13117.0,217.8078378068552,2.255639097744361,520,523,12,0,511,512,236612,9,0,0,9,11
2020-06-02,US,Georgia,Franklin,104,1,0,34.37525597,-83.23159927,13119.0,445.4152212086171,0.9615384615384616,103,102,1,0,101,46,23023,2,0,0,2,56
2020-06-02,US,Georgia,Fulton,4638,242,0,33.79216944,-84.46319413,13121.0,435.92806716939066,5.217766278568348,4396,4621,241,0,4380,4524,1050114,17,1,0,16,97
2020-06-02,US,Georgia,Gilmer,156,1,0,34.69316688,-84.45802506,13123.0,497.3062577704103,0.6410256410256411,155,155,0,0,155,153,30816,1,1,0,0,2
2020-06-02,US,Georgia,Glascock,1,0,0,33.22879932,-82.61297636,13125.0,33.65870077415012,0.0,1,1,0,0,1,1,2995,0,0,0,0,0
2020-06-02,US,Georgia,Glynn,133,2,0,31.23279254,-81.53811412,13127.0,155.93490597007926,1.5037593984962403,131,122,2,0,120,115,85219,11,0,0,11,7
2020-06-02,US,Georgia,Gordon,166,16,0,34.50487351,-84.87296253,13129.0,286.3895933612822,9.63855421686747,150,164,16,0,148,163,57685,2,0,0,2,1
2020-06-02,US,Georgia,Grady,114,4,0,30.87454847,-84.23418364,13131.0,462.79381317744486,3.5087719298245608,110,111,4,0,107,110,24748,3,0,0,3,1
2020-06-02,US,Georgia,Greene,68,7,0,33.5769205,-83.17139104,13133.0,371.09801353416293,10.294117647058824,61,68,7,0,61,68,17698,0,0,0,0,0
2020-06-02,US,Georgia,Gwinnett,3891,133,0,33.96044201,-84.02137802,13135.0,415.5941255006675,3.4181444358776663,3758,3870,132,0,3738,3780,927781,21,1,0,20,90
2020-06-02,US,Georgia,Habersham,530,23,0,34.63331566,-83.53094677,13137.0,1169.2552064948818,4.339622641509433,507,530,23,0,507,520,45388,0,0,0,0,10
2020-06-02,US,Georgia,Hall,2508,50,0,34.32207823,-83.81896936,13139.0,1226.7597986705211,1.9936204146730463,2458,2507,49,0,2458,2467,202148,1,1,0,0,40
2020-06-02,US,Georgia,Hancock,197,25,0,33.2721566,-82.99766919,13141.0,2329.4312403925737,12.690355329949238,172,197,25,0,172,195,8348,0,0,0,0,2
2020-06-02,US,Georgia,Haralson,47,3,0,33.79602175,-85.21005667,13143.0,157.76047261009668,6.382978723404255,44,45,3,0,42,43,29533,2,0,0,2,2
2020-06-02,US,Georgia,Harris,102,6,0,32.73709786,-84.90538572,13145.0,289.47667158587814,5.882352941176472,96,101,6,0,95,91,34475,1,0,0,1,10
2020-06-02,US,Georgia,Hart,33,0,0,34.34626973,-82.96567682,13147.0,125.93016599885516,0.0,33,33,0,0,33,30,26099,0,0,0,0,3
2020-06-02,US,Georgia,Heard,35,2,0,33.29686567,-85.12886832,13149.0,293.55028096955465,5.7142857142857135,33,34,2,0,32,34,11879,1,0,0,1,0
2020-06-02,US,Georgia,Henry,695,23,0,33.4533428,-84.14814659999998,13151.0,296.2981910888852,3.309352517985612,672,693,23,0,670,690,230220,2,0,0,2,3
2020-06-02,US,Georgia,Houston,376,17,0,32.45802497,-83.66879087,13153.0,238.1812077560923,4.5212765957446805,359,375,17,0,358,366,155469,1,0,0,1,9
2020-06-02,US,Georgia,Irwin,30,1,0,31.60213036,-83.27501387,13155.0,318.606627017842,3.333333333333333,29,30,1,0,29,28,9398,0,0,0,0,2
2020-06-02,US,Georgia,Jackson,198,6,0,34.13794553,-83.56814788,13157.0,271.31836057936056,3.0303030303030303,192,195,6,0,189,184,70422,3,0,0,3,11
2020-06-02,US,Georgia,Jasper,39,1,0,33.31535543,-83.68844964,13159.0,274.2808917645404,2.5641025641025643,38,40,1,0,39,36,14040,-1,0,0,-1,4
2020-06-02,US,Georgia,Jeff Davis,37,1,0,31.80405727,-82.63724870000001,13161.0,244.78994376447238,2.702702702702702,36,37,1,0,36,37,15029,0,0,0,0,0
2020-06-02,US,Georgia,Jefferson,44,1,0,33.05867328,-82.41609057,13163.0,286.42103892722304,2.272727272727273,43,43,1,0,42,43,15430,1,0,0,1,0
2020-06-02,US,Georgia,Jenkins,21,1,0,32.79248718,-81.96040187,13165.0,242.04702627939145,4.761904761904762,20,20,1,0,19,19,8683,1,0,0,1,1
2020-06-02,US,Georgia,Johnson,83,2,0,32.70211082,-82.66166794,13167.0,860.7279892149746,2.409638554216868,81,83,2,0,81,82,9708,0,0,0,0,1
2020-06-02,US,Georgia,Jones,40,0,0,33.02512137,-83.56019163,13169.0,139.20306246737428,0.0,40,40,0,0,40,37,28616,0,0,0,0,3
2020-06-02,US,Georgia,Lamar,71,2,0,33.07841647,-84.14263877,13171.0,372.1759186454893,2.8169014084507036,69,71,2,0,69,67,19000,0,0,0,0,4
2020-06-02,US,Georgia,Lanier,25,2,0,31.03828570000001,-83.06472457,13173.0,239.8541686654514,8.0,23,25,2,0,23,21,10340,0,0,0,0,4
2020-06-02,US,Georgia,Laurens,108,1,0,32.46325233,-82.92221316,13175.0,227.14844571572792,0.925925925925926,107,108,1,0,107,106,47325,0,0,0,0,2
2020-06-02,US,Georgia,Lee,361,22,0,31.779330600000005,-84.14324253,13177.0,1203.6543078154175,6.094182825484765,339,361,22,0,339,361,29764,0,0,0,0,0
2020-06-02,US,Georgia,Liberty,82,1,0,31.82588896,-81.49251135,13179.0,133.47440384145844,1.2195121951219512,81,82,0,0,82,82,61497,0,1,0,-1,0
2020-06-02,US,Georgia,Lincoln,16,0,0,33.79201475,-82.45024131,13181.0,201.99469763918697,0.0,16,16,0,0,16,16,7915,0,0,0,0,0
2020-06-02,US,Georgia,Long,16,1,0,31.75218791,-81.74952375,13183.0,81.8037731990388,6.25,15,16,1,0,15,16,18998,0,0,0,0,0
2020-06-02,US,Georgia,Lowndes,319,4,0,30.83568832,-83.27056716,13185.0,271.70672708379465,1.2539184952978055,315,316,4,0,312,302,116321,3,0,0,3,14
2020-06-02,US,Georgia,Lumpkin,99,1,0,34.57286511,-84.00425681,13187.0,294.55519190717047,1.0101010101010102,98,99,1,0,98,99,32955,0,0,0,0,0
2020-06-02,US,Georgia,Macon,102,6,0,32.35207048,-84.04234127,13193.0,787.8272958986638,5.882352941176472,96,102,6,0,96,101,13143,0,0,0,0,1
2020-06-02,US,Georgia,Madison,56,1,0,34.12920917,-83.21218732,13195.0,187.41633199464522,1.7857142857142858,55,55,1,0,54,54,29650,1,0,0,1,1
2020-06-02,US,Georgia,Marion,59,2,0,32.3483402,-84.52733571,13197.0,705.8260557482953,3.3898305084745757,57,57,2,0,55,57,8351,2,0,0,2,0
2020-06-02,US,Georgia,McDuffie,67,5,0,33.47851918,-82.48252774,13189.0,314.37687687687685,7.462686567164179,62,67,5,0,62,67,21531,0,0,0,0,0
2020-06-02,US,Georgia,McIntosh,16,1,0,31.49683595,-81.40163426,13191.0,111.28112393935179,6.25,15,16,1,0,15,16,14340,0,0,0,0,0
2020-06-02,US,Georgia,Meriwether,87,2,0,33.04163534,-84.68859732,13199.0,411.01714933623083,2.2988505747126435,85,86,2,0,84,85,21068,1,0,0,1,1
2020-06-02,US,Georgia,Miller,42,0,0,31.16568912,-84.73151117,13201.0,734.5225603357817,0.0,42,42,0,0,42,41,5686,0,0,0,0,1
2020-06-02,US,Georgia,Mitchell,413,32,0,31.22483255,-84.19381821,13205.0,1889.0362713259844,7.74818401937046,381,413,32,0,381,409,22192,0,0,0,0,4
2020-06-02,US,Georgia,Monroe,121,11,0,33.014289,-83.92097166,13207.0,438.75552977010665,9.090909090909092,110,121,11,0,110,120,27520,0,0,0,0,1
2020-06-02,US,Georgia,Montgomery,11,0,0,32.17201038,-82.53527476,13209.0,119.93022241604885,0.0,11,10,0,0,10,9,9193,1,0,0,1,1
2020-06-02,US,Georgia,Morgan,38,0,0,33.59232073,-83.49129491,13211.0,197.136335339282,0.0,38,38,0,0,38,37,18853,0,0,0,0,1
2020-06-02,US,Georgia,Murray,96,1,0,34.78897608,-84.74993177,13213.0,239.42537909018355,1.0416666666666667,95,94,1,0,93,91,39921,2,0,0,2,3
2020-06-02,US,Georgia,Muscogee,637,18,0,32.50931999,-84.87142262,13215.0,325.3834876819108,2.82574568288854,619,632,18,0,614,615,194160,5,0,0,5,17
2020-06-02,US,Georgia,Newton,370,11,0,33.55514538,-83.84547140000002,13217.0,331.11397479954184,2.972972972972973,359,361,11,0,350,352,109541,9,0,0,9,9
2020-06-02,US,Georgia,Oconee,116,8,0,33.83749973,-83.43679568,13219.0,287.98411122144984,6.896551724137932,108,116,7,0,109,116,39272,0,1,0,-1,0
2020-06-02,US,Georgia,Oglethorpe,62,7,0,33.878629600000004,-83.08278123,13221.0,406.31758306573164,11.290322580645164,55,62,7,0,55,61,15054,0,0,0,0,1
2020-06-02,US,Georgia,Out of GA,2144,32,0,0.0,0.0,80013.0,0.0,1.492537313432836,2112,2142,34,0,2108,2012,,2,-2,0,4,130
2020-06-02,US,Georgia,Paulding,330,11,0,33.91969522,-84.86848792,13223.0,195.6517872494323,3.333333333333333,319,328,11,0,317,328,164044,2,0,0,2,0
2020-06-02,US,Georgia,Peach,74,4,0,32.56934316,-83.82937,13225.0,268.64154505191317,5.405405405405406,70,73,4,0,69,72,27297,1,0,0,1,1
2020-06-02,US,Georgia,Pickens,48,3,0,34.46589159,-84.46406611,13227.0,147.2799239053726,6.25,45,48,3,0,45,48,31980,0,0,0,0,0
2020-06-02,US,Georgia,Pierce,100,3,0,31.35928155,-82.21598442,13229.0,513.7426149499101,3.0,97,99,3,0,96,100,19389,1,0,0,1,-1
2020-06-02,US,Georgia,Pike,54,3,0,33.09310242,-84.38790389,13231.0,284.78008648876704,5.5555555555555545,51,54,3,0,51,54,18634,0,0,0,0,0
2020-06-02,US,Georgia,Polk,126,1,0,34.00267074,-85.18677781,13233.0,295.68441555393895,0.7936507936507936,125,124,1,0,123,118,42470,2,0,0,2,6
2020-06-02,US,Georgia,Pulaski,42,2,0,32.23334561,-83.47549959999998,13235.0,377.1213073538655,4.761904761904762,40,42,2,0,40,42,11069,0,0,0,0,0
2020-06-02,US,Georgia,Putnam,93,9,0,33.32056115,-83.37552891,13237.0,420.45300420453003,9.677419354838712,84,93,9,0,84,90,21809,0,0,0,0,3
2020-06-02,US,Georgia,Quitman,12,1,0,31.86728114,-85.01773177,13239.0,521.9660722053067,8.333333333333334,11,12,1,0,11,12,2279,0,0,0,0,0
2020-06-02,US,Georgia,Rabun,23,1,0,34.88389445,-83.40304637,13241.0,134.2125226118924,4.3478260869565215,22,24,1,0,23,20,16867,-1,0,0,-1,4
2020-06-02,US,Georgia,Randolph,179,19,0,31.76622818,-84.75732369,13243.0,2640.897019769844,10.614525139664805,160,179,19,0,160,179,6833,0,0,0,0,0
2020-06-02,US,Georgia,Richmond,598,25,0,33.35777107,-82.07026432,13245.0,295.2823946513396,4.180602006688964,573,599,25,0,574,595,201554,-1,0,0,-1,4
2020-06-02,US,Georgia,Rockdale,289,8,0,33.65145002,-84.02202167,13247.0,317.94578419292384,2.7681660899653977,281,285,8,0,277,285,90594,4,0,0,4,0
2020-06-02,US,Georgia,Schley,16,1,0,32.2654021,-84.31258912,13249.0,304.3560966330607,6.25,15,17,1,0,16,16,5236,-1,0,0,-1,1
2020-06-02,US,Georgia,Screven,55,3,0,32.74976524,-81.60779441,13251.0,393.8135471860232,5.454545454545454,52,55,3,0,52,51,13938,0,0,0,0,4
2020-06-02,US,Georgia,Seminole,45,2,0,30.93464824,-84.86823924,13253.0,556.2422744128554,4.4444444444444455,43,46,2,0,44,44,8315,-1,0,0,-1,2
2020-06-02,US,Georgia,Spalding,277,22,0,33.26310031,-84.28013991,13255.0,415.2736758466636,7.9422382671480145,255,277,22,0,255,275,66100,0,0,0,0,2
2020-06-02,US,Georgia,Stephens,147,2,0,34.55151201,-83.29405315,13257.0,567.0202507232401,1.3605442176870748,145,147,2,0,145,139,26035,0,0,0,0,8
2020-06-02,US,Georgia,Stewart,52,1,0,32.07996777,-84.83208037,13259.0,785.3798519861048,1.9230769230769231,51,52,1,0,51,52,6199,0,0,0,0,0
2020-06-02,US,Georgia,Sumter,489,44,0,32.03650571,-84.19821492,13261.0,1656.2796369055686,8.997955010224949,445,487,44,0,443,475,29733,2,0,0,2,12
2020-06-02,US,Georgia,Talbot,39,2,0,32.69642758,-84.53351366,13263.0,629.5399515738499,5.128205128205129,37,39,2,0,37,38,6272,0,0,0,0,1
2020-06-02,US,Georgia,Taliaferro,1,0,0,33.56543317,-82.88136816,13265.0,65.06180871828235,0.0,1,1,0,0,1,1,1608,0,0,0,0,0
2020-06-02,US,Georgia,Tattnall,27,0,0,32.04785085,-82.05539188,13267.0,106.77845448074034,0.0,27,27,0,0,27,27,25391,0,0,0,0,0
2020-06-02,US,Georgia,Taylor,22,2,0,32.55792548,-84.25077141,13269.0,274.3142144638404,9.090909090909092,20,22,2,0,20,22,8039,0,0,0,0,0
2020-06-02,US,Georgia,Telfair,37,1,0,31.92829517,-82.93491155,13271.0,233.2912988650694,2.702702702702702,36,37,1,0,36,37,15876,0,0,0,0,0
2020-06-02,US,Georgia,Terrell,213,26,0,31.77527543,-84.44069698,13273.0,2496.7764623139137,12.206572769953054,187,213,26,0,187,213,8611,0,0,0,0,0
2020-06-02,US,Georgia,Thomas,332,32,0,30.86392347,-83.91847289,13275.0,746.8898337495219,9.63855421686747,300,329,32,0,297,324,44448,3,0,0,3,5
2020-06-02,US,Georgia,Tift,270,18,0,31.45743864,-83.5236119,13277.0,664.3046944198404,6.666666666666668,252,266,17,0,249,256,40571,4,1,0,3,10
2020-06-02,US,Georgia,Toombs,56,4,0,32.12059861,-82.32957247,13279.0,208.7215803205367,7.142857142857142,52,56,4,0,52,56,26887,0,0,0,0,0
2020-06-02,US,Georgia,Towns,24,1,0,34.91369188,-83.74107459999998,13281.0,199.3852288776273,4.166666666666667,23,24,1,0,23,24,11852,0,0,0,0,0
2020-06-02,US,Georgia,Treutlen,12,0,0,32.40422134,-82.56904553,13283.0,173.8878423416896,0.0,12,10,0,0,10,10,6809,2,0,0,2,0
2020-06-02,US,Georgia,Troup,320,11,0,33.03349196,-85.02812115,13285.0,457.6528131346357,3.4375,309,318,11,0,307,313,70034,2,0,0,2,5
2020-06-02,US,Georgia,Turner,128,13,0,31.71612656,-83.62069378,13287.0,1603.0056355666877,10.15625,115,125,13,0,112,118,7912,3,0,0,3,7
2020-06-02,US,Georgia,Twiggs,17,1,0,32.67435595,-83.43078662,13289.0,209.35960591133002,5.882352941176472,16,17,1,0,16,17,8188,0,0,0,0,0
2020-06-02,US,Georgia,Unassigned,1561,0,0,0.0,0.0,90013.0,0.0,0.0,1561,1511,1,0,1510,1698,,50,-1,0,51,-187
2020-06-02,US,Georgia,Union,46,1,0,34.82995757,-83.98967069,13291.0,187.67084166292682,2.1739130434782608,45,46,1,0,45,46,24001,0,0,0,0,0
2020-06-02,US,Georgia,Upson,284,34,0,32.87920671,-84.30024826,13293.0,1079.0273556231002,11.971830985915492,250,283,34,0,249,281,26215,1,0,0,1,2
2020-06-02,US,Georgia,Walker,162,0,0,34.73376362,-85.30165174,13295.0,232.22144177979098,0.0,162,168,0,0,168,141,69410,-6,0,0,-6,27
2020-06-02,US,Georgia,Walton,269,12,0,33.78017694,-83.73552314,13297.0,284.37622234203377,4.4609665427509295,257,265,12,0,253,265,93503,4,0,0,4,0
2020-06-02,US,Georgia,Ware,228,14,0,31.05449097,-82.42224148,13299.0,638.0477976157161,6.140350877192982,214,228,14,0,214,228,35680,0,0,0,0,0
2020-06-02,US,Georgia,Warren,18,0,0,33.41146451,-82.67795848,13301.0,342.59611724400463,0.0,18,18,0,0,18,18,5251,0,0,0,0,0
2020-06-02,US,Georgia,Washington,74,1,0,32.96711864,-82.79357039,13303.0,363.20801020909,1.351351351351351,73,74,1,0,73,74,20386,0,0,0,0,0
2020-06-02,US,Georgia,Wayne,20,0,0,31.5521809,-81.91894878,13305.0,66.82928459250844,0.0,20,20,0,0,20,19,29808,0,0,0,0,1
2020-06-02,US,Georgia,Webster,13,1,0,32.04066113,-84.54742852,13307.0,498.6574606827771,7.6923076923076925,12,13,1,0,12,13,2611,0,0,0,0,0
2020-06-02,US,Georgia,Wheeler,13,0,0,32.12009104,-82.72574721,13309.0,165.49968173138132,0.0,13,13,0,0,13,13,7879,0,0,0,0,0
2020-06-02,US,Georgia,White,103,3,0,34.64624278,-83.74905525,13311.0,334.43730112344963,2.9126213592233015,100,103,3,0,100,101,29970,0,0,0,0,2
2020-06-02,US,Georgia,Whitfield,391,7,0,34.80987459,-84.96093476,13313.0,373.7049355812976,1.7902813299232736,384,391,7,0,384,374,104062,0,0,0,0,17
2020-06-02,US,Georgia,Wilcox,117,13,0,31.97496928,-83.43438555,13315.0,1354.950781702374,11.111111111111109,104,116,13,0,103,111,8812,1,0,0,1,5
2020-06-02,US,Georgia,Wilkes,33,1,0,33.78290391,-82.74286107,13317.0,337.52684872660325,3.0303030303030303,32,33,1,0,32,33,9876,0,0,0,0,0
2020-06-02,US,Georgia,Wilkinson,70,7,0,32.80291082,-83.17140684,13319.0,781.7735090462363,10.0,63,69,6,0,63,69,9036,1,1,0,0,0
2020-06-02,US,Georgia,Worth,223,21,0,31.55162306,-83.85090513,13321.0,1101.3977379364844,9.417040358744394,202,222,21,0,201,211,20299,1,0,0,1,11
2020-06-02,US,Hawaii,Hawaii,81,0,0,19.60121157,-155.5210167,15001.0,40.195917881228496,0.0,81,81,0,0,81,81,200983,0,0,0,0,0
2020-06-02,US,Hawaii,Honolulu,422,11,0,21.45803166,-157.97121819999995,15003.0,43.30145921813161,2.6066350710900474,411,421,11,0,410,421,980080,1,0,0,1,0
2020-06-02,US,Hawaii,Kauai,20,0,0,22.03935037,-159.5966786,15007.0,27.665195800423284,0.0,20,20,0,0,20,20,72133,0,0,0,0,0
2020-06-02,US,Hawaii,Maui,120,6,0,20.86399628,-156.56890969999995,15009.0,71.67730875598058,5.0,114,120,6,0,114,120,167207,0,0,0,0,0
2020-06-02,US,Hawaii,Out of HI,10,0,0,0.0,0.0,80015.0,0.0,0.0,10,10,0,0,10,10,,0,0,0,0,0
2020-06-02,US,Idaho,Ada,818,22,0,43.4526575,-116.24155159999998,16001.0,169.85508329751426,2.6894865525672373,796,812,22,0,790,812,469966,6,0,0,6,0
2020-06-02,US,Idaho,Adams,3,0,0,44.89333571,-116.4545247,16003.0,69.86492780624127,0.0,3,3,0,0,3,3,4250,0,0,0,0,0
2020-06-02,US,Idaho,Bannock,34,1,0,42.67002716,-112.2233311,16005.0,38.72084548104957,2.9411764705882355,33,28,0,0,28,28,87138,6,1,0,5,0
2020-06-02,US,Idaho,Benewah,12,0,0,47.21754179,-116.6586851,16009.0,129.0600129060013,0.0,12,8,0,0,8,8,9226,4,0,0,4,0
2020-06-02,US,Idaho,Bingham,8,0,0,43.21672879999999,-112.3978437,16011.0,17.090000213625007,0.0,8,6,0,0,6,6,46236,2,0,0,2,0
2020-06-02,US,Idaho,Blaine,512,5,0,43.4085812,-113.9752658,16013.0,2224.0562964250034,0.9765625,507,512,5,0,507,512,22601,0,0,0,0,0
2020-06-02,US,Idaho,Bonner,6,0,0,48.29996017,-116.6017932,16017.0,13.117908130916724,0.0,6,6,0,0,6,6,44727,0,0,0,0,0
2020-06-02,US,Idaho,Bonneville,51,0,0,43.38713372,-111.6161537,16019.0,42.83482555307319,0.0,51,47,0,0,47,47,116854,4,0,0,4,0
2020-06-02,US,Idaho,Camas,1,0,0,43.46665742,-114.8065892,16025.0,90.41591320072331,0.0,1,1,0,0,1,1,1127,0,0,0,0,0
2020-06-02,US,Idaho,Canyon,310,6,0,43.61970148,-116.70954990000001,16027.0,134.87115454058969,1.935483870967742,304,303,6,0,297,303,223499,7,0,0,7,0
2020-06-02,US,Idaho,Caribou,1,0,0,42.77149116,-111.5597683,16029.0,13.976240391334732,0.0,1,1,0,0,1,1,7060,0,0,0,0,0
2020-06-02,US,Idaho,Cassia,85,1,0,42.28347888,-113.6012409,16031.0,353.72451102788176,1.1764705882352942,84,63,1,0,62,63,23864,22,0,0,22,0
2020-06-02,US,Idaho,Custer,2,0,0,44.24186819,-114.2855494,16037.0,46.349942062572424,0.0,2,2,0,0,2,2,4280,0,0,0,0,0
2020-06-02,US,Idaho,Elmore,31,2,0,43.3507101,-115.4701578,16039.0,112.68219984733379,6.451612903225807,29,31,2,0,29,31,27259,0,0,0,0,0
2020-06-02,US,Idaho,Franklin,9,0,0,42.18332217,-111.81496659999999,16041.0,64.86019025655807,0.0,9,2,0,0,2,2,13726,7,0,0,7,0
2020-06-02,US,Idaho,Fremont,3,0,0,44.22800938,-111.48099429999999,16043.0,22.902511642110085,0.0,3,3,0,0,3,3,13168,0,0,0,0,0
2020-06-02,US,Idaho,Gem,17,0,0,44.06482372,-116.398376,16045.0,93.86042402826857,0.0,17,17,0,0,17,17,17634,0,0,0,0,0
2020-06-02,US,Idaho,Gooding,49,0,0,42.96927962,-114.81083059999999,16047.0,322.8144146518216,0.0,49,47,0,0,47,47,15196,2,0,0,2,0
2020-06-02,US,Idaho,Idaho,3,0,0,45.84721541,-115.4634436,16049.0,17.999640007199854,0.0,3,3,0,0,3,3,16513,0,0,0,0,0
2020-06-02,US,Idaho,Jefferson,7,0,0,43.82078483,-112.3131749,16051.0,23.434099963174987,0.0,7,7,0,0,7,7,29439,0,0,0,0,0
2020-06-02,US,Idaho,Jerome,175,2,0,42.68891267,-114.2655033,16053.0,716.8605603801408,1.1428571428571428,173,169,2,0,167,169,24015,6,0,0,6,0
2020-06-02,US,Idaho,Kootenai,73,0,0,47.67282258,-116.7020872,16055.0,44.056319667827424,0.0,73,68,0,0,68,68,161505,5,0,0,5,0
2020-06-02,US,Idaho,Latah,7,0,0,46.81587887,-116.71136979999999,16057.0,17.452877231475018,0.0,7,7,0,0,7,7,40134,0,0,0,0,0
2020-06-02,US,Idaho,Lemhi,1,0,0,44.9438088,-113.9309747,16059.0,12.457954403886884,0.0,1,1,0,0,1,1,7961,0,0,0,0,0
2020-06-02,US,Idaho,Lincoln,33,0,0,43.0012336,-114.1358773,16063.0,614.9832277301529,0.0,33,33,0,0,33,33,5360,0,0,0,0,0
2020-06-02,US,Idaho,Madison,21,0,0,43.78141028,-111.65384740000002,16065.0,52.62234695667427,0.0,21,21,0,0,21,21,39304,0,0,0,0,0
2020-06-02,US,Idaho,Minidoka,58,0,0,42.85518524,-113.6357257,16067.0,275.67850182993493,0.0,58,50,0,0,50,50,20825,8,0,0,8,0
2020-06-02,US,Idaho,Nez Perce,82,19,0,46.32638236,-116.75009750000001,16069.0,202.9301128489408,23.170731707317074,63,82,19,0,63,82,40408,0,0,0,0,0
2020-06-02,US,Idaho,Owyhee,8,0,0,42.58016894,-116.16938710000001,16073.0,67.66472130592912,0.0,8,8,0,0,8,8,11693,0,0,0,0,0
2020-06-02,US,Idaho,Payette,23,2,0,44.00545243,-116.7647695,16075.0,96.02939334474551,8.695652173913043,21,23,2,0,21,23,23551,0,0,0,0,0
2020-06-02,US,Idaho,Power,6,0,0,42.69254894,-112.83957420000002,16077.0,78.11482879833355,0.0,6,5,0,0,5,5,7768,1,0,0,1,0
2020-06-02,US,Idaho,Teton,11,0,0,43.75303583,-111.2056773,16081.0,90.59463020919122,0.0,11,11,0,0,11,11,11640,0,0,0,0,0
2020-06-02,US,Idaho,Twin Falls,428,23,0,42.35440512,-114.6685381,16083.0,492.64485830705127,5.3738317757009355,405,419,23,0,396,419,86081,9,0,0,9,0
2020-06-02,US,Idaho,Valley,2,0,0,44.76728382,-115.5676773,16085.0,17.5561797752809,0.0,2,2,0,0,2,2,11041,0,0,0,0,0
2020-06-02,US,Idaho,Washington,43,0,0,44.45275475,-116.78476880000001,16087.0,421.8167549538945,0.0,43,38,0,0,38,38,10161,5,0,0,5,0
2020-06-02,US,Illinois,Adams,44,1,0,39.98815591,-91.18786813,17001.0,67.24230152059296,2.272727272727273,43,44,1,0,43,44,65691,0,0,0,0,0
2020-06-02,US,Illinois,Alexander,8,0,0,37.18049267,-89.32910838,17003.0,138.86478042006596,0.0,8,8,0,0,8,8,6060,0,0,0,0,0
2020-06-02,US,Illinois,Bond,12,1,0,38.88829622,-89.43534887,17005.0,73.0549129428954,8.333333333333334,11,12,1,0,11,12,16630,0,0,0,0,0
2020-06-02,US,Illinois,Boone,476,17,0,42.32359279,-88.82345779,17007.0,888.9884954430001,3.571428571428572,459,463,17,0,446,452,53577,13,0,0,13,11
2020-06-02,US,Illinois,Brown,10,0,0,39.96209138,-90.75068024,17009.0,152.02189115232594,0.0,10,10,0,0,10,10,6556,0,0,0,0,0
2020-06-02,US,Illinois,Bureau,15,1,0,41.40385234,-89.5283051,17011.0,45.97278411180581,6.666666666666668,14,15,1,0,14,15,32993,0,0,0,0,0
2020-06-02,US,Illinois,Calhoun,1,0,0,39.16840183,-90.66330078,17013.0,21.101498206372653,0.0,1,1,0,0,1,1,4802,0,0,0,0,0
2020-06-02,US,Illinois,Carroll,15,2,0,42.06823429,-89.93395545,17015.0,104.85844110450891,13.333333333333336,13,15,2,0,13,15,14312,0,0,0,0,0
2020-06-02,US,Illinois,Cass,74,0,0,39.96991073,-90.24734436,17017.0,609.2039186630443,0.0,74,73,0,0,73,73,12260,1,0,0,1,0
2020-06-02,US,Illinois,Champaign,652,7,0,40.13919438,-88.20046615,17019.0,310.9366728822208,1.0736196319018405,645,645,7,0,638,640,209983,7,0,0,7,5
2020-06-02,US,Illinois,Christian,35,4,0,39.54581621,-89.27780482,17021.0,108.34571570084199,11.428571428571427,31,35,4,0,31,35,32661,0,0,0,0,0
2020-06-02,US,Illinois,Clark,11,0,0,39.33425789,-87.78705622,17023.0,71.23890939705977,0.0,11,11,0,0,11,11,15596,0,0,0,0,0
2020-06-02,US,Illinois,Clay,2,0,0,38.75388572,-88.48914513,17025.0,15.169902912621357,0.0,2,2,0,0,2,2,13253,0,0,0,0,0
2020-06-02,US,Illinois,Clinton,188,17,0,38.60704876,-89.42385254,17027.0,500.50583036047067,9.04255319148936,171,186,17,0,169,186,37639,2,0,0,2,0
2020-06-02,US,Illinois,Coles,127,15,0,39.51949084,-88.22358557,17029.0,250.8840204658146,11.811023622047243,112,127,15,0,112,127,50885,0,0,0,0,0
2020-06-02,US,Illinois,Cook,79673,3726,0,41.84144849,-87.81658794,17031.0,1546.978554174151,4.67661566653697,75947,78495,3658,0,74837,77925,5180493,1178,68,0,1110,570
2020-06-02,US,Illinois,Crawford,12,0,0,39.0032229,-87.75954624,17033.0,64.28456634702951,0.0,12,11,0,0,11,11,18807,1,0,0,1,0
2020-06-02,US,Illinois,Cumberland,10,0,0,39.27432424,-88.2401158,17035.0,92.88500835965077,0.0,10,10,0,0,10,10,10808,0,0,0,0,0
2020-06-02,US,Illinois,De Witt,4,0,0,40.17514519,-88.90959682,17039.0,25.57871850620284,0.0,4,4,0,0,4,4,15769,0,0,0,0,0
2020-06-02,US,Illinois,DeKalb,422,5,0,41.89373302,-88.76958483,17037.0,402.29939845753455,1.1848341232227488,417,418,4,0,414,416,104143,4,1,0,3,2
2020-06-02,US,Illinois,Douglas,28,0,0,39.76768052,-88.21854195,17041.0,143.84793218597486,0.0,28,28,0,0,28,28,19479,0,0,0,0,0
2020-06-02,US,Illinois,DuPage,7818,380,0,41.85116968,-88.08642662,17043.0,847.0930881408051,4.860578152980302,7438,7765,374,0,7391,7707,928589,53,6,0,47,58
2020-06-02,US,Illinois,Edgar,1,0,0,39.6809186,-87.74759563,17045.0,5.827166249053086,0.0,1,1,0,0,1,1,17360,0,0,0,0,0
2020-06-02,US,Illinois,Edwards,2,0,0,38.41353228,-88.05720863,17047.0,31.27443315089914,0.0,2,2,0,0,2,2,6392,0,0,0,0,0
2020-06-02,US,Illinois,Effingham,7,1,0,39.05935711,-88.58969584,17049.0,20.58339214302517,14.285714285714285,6,7,1,0,6,7,34208,0,0,0,0,0
2020-06-02,US,Illinois,Fayette,21,3,0,39.00072038,-89.02452658,17051.0,98.42519685039369,14.285714285714285,18,21,3,0,18,21,21416,0,0,0,0,0
2020-06-02,US,Illinois,Ford,20,1,0,40.59706922,-88.22350769,17053.0,154.30908108942208,5.0,19,20,1,0,19,20,13264,0,0,0,0,0
2020-06-02,US,Illinois,Franklin,12,0,0,37.99189086,-88.92567818,17055.0,31.19394837401544,0.0,12,12,0,0,12,12,38701,0,0,0,0,0
2020-06-02,US,Illinois,Fulton,12,0,0,40.47289135,-90.20862357,17057.0,34.944670937682005,0.0,12,11,0,0,11,11,34844,1,0,0,1,0
2020-06-02,US,Illinois,Gallatin,2,0,0,37.76430935,-88.22953869,17059.0,41.42502071251035,0.0,2,2,0,0,2,2,5058,0,0,0,0,0
2020-06-02,US,Illinois,Greene,5,0,0,39.35907414,-90.388865,17061.0,38.55347366797749,0.0,5,5,0,0,5,5,13044,0,0,0,0,0
2020-06-02,US,Illinois,Grundy,101,2,0,41.28569601,-88.41905692,17063.0,197.82974889332863,1.98019801980198,99,99,2,0,97,98,50972,2,0,0,2,1
2020-06-02,US,Illinois,Hamilton,2,0,0,38.08163641,-88.53883373,17065.0,24.64268112370626,0.0,2,2,0,0,2,2,8163,0,0,0,0,0
2020-06-02,US,Illinois,Hancock,17,1,0,40.40423981,-91.16313899,17067.0,96.00180709283941,5.882352941176472,16,17,0,0,17,17,17844,0,1,0,-1,0
2020-06-02,US,Illinois,Hardin,1,0,0,37.51810645,-88.26873022,17069.0,26.17115938236064,0.0,1,1,0,0,1,1,3910,0,0,0,0,0
2020-06-02,US,Illinois,Henderson,8,0,0,40.81908672,-90.92491462,17071.0,120.37315678603672,0.0,8,8,0,0,8,8,6709,0,0,0,0,0
2020-06-02,US,Illinois,Henry,69,0,0,41.3533994,-90.13296166,17073.0,141.06679205937073,0.0,69,69,0,0,69,69,49090,0,0,0,0,0
2020-06-02,US,Illinois,Iroquois,132,4,0,40.74717633,-87.82466784,17075.0,486.8333702146493,3.0303030303030303,128,132,4,0,128,132,27604,0,0,0,0,0
2020-06-02,US,Illinois,Jackson,289,10,0,37.78595185,-89.38232563,17077.0,509.25110132158585,3.460207612456748,279,289,10,0,279,286,57419,0,0,0,0,3
2020-06-02,US,Illinois,Jasper,46,7,0,39.01054275,-88.15437049,17079.0,478.6680541103018,15.217391304347824,39,45,7,0,38,45,9611,1,0,0,1,0
2020-06-02,US,Illinois,Jefferson,101,16,0,38.29980057,-88.9240025,17081.0,268.0182570852351,15.84158415841584,85,101,16,0,85,101,37820,0,0,0,0,0
2020-06-02,US,Illinois,Jersey,24,1,0,39.08869046,-90.35393073,17083.0,110.22826436412072,4.166666666666667,23,24,1,0,23,24,21847,0,0,0,0,0
2020-06-02,US,Illinois,Jo Daviess,32,0,0,42.36542373,-90.21094405,17085.0,150.69460795855895,0.0,32,32,0,0,32,32,21366,0,0,0,0,0
2020-06-02,US,Illinois,Johnson,9,0,0,37.45939802,-88.88165419,17087.0,72.4812756704518,0.0,9,9,0,0,9,8,12456,0,0,0,0,1
2020-06-02,US,Illinois,Kane,6467,186,0,41.93842729,-88.42861412,17089.0,1214.6813597969956,2.8761404051337562,6281,6404,178,0,6226,6338,534216,63,8,0,55,66
2020-06-02,US,Illinois,Kankakee,930,50,0,41.13746989,-87.86205334,17091.0,846.5165389306586,5.376344086021504,880,915,48,0,867,910,110024,15,2,0,13,5
2020-06-02,US,Illinois,Kendall,819,19,0,41.59081014,-88.42869583,17093.0,634.9329405380263,2.31990231990232,800,804,19,0,785,798,127915,15,0,0,15,6
2020-06-02,US,Illinois,Knox,101,0,0,40.93148779,-90.21330340000002,17095.0,203.22340489748282,0.0,101,101,0,0,101,100,50112,0,0,0,0,1
2020-06-02,US,Illinois,LaSalle,154,14,0,41.34426129999999,-88.88633881,17099.0,141.7147484563215,9.090909090909092,140,153,13,0,140,153,109430,1,1,0,0,0
2020-06-02,US,Illinois,Lake,8450,307,0,42.3224907,-88.00367925,17097.0,1213.1479394431005,3.633136094674556,8143,8408,292,0,8116,8331,700832,42,15,0,27,77
2020-06-02,US,Illinois,Lawrence,4,0,0,38.71987914,-87.72884035,17101.0,25.513458349279247,0.0,4,4,0,0,4,4,15765,0,0,0,0,0
2020-06-02,US,Illinois,Lee,82,1,0,41.74583951,-89.29977132,17103.0,240.49741905208825,1.2195121951219512,81,81,1,0,80,81,34223,1,0,0,1,0
2020-06-02,US,Illinois,Livingston,34,2,0,40.89188292,-88.55784752,17105.0,95.37701974865351,5.882352941176472,32,34,2,0,32,34,35761,0,0,0,0,0
2020-06-02,US,Illinois,Logan,11,0,0,40.12581572,-89.36638784,17107.0,38.43734712418758,0.0,11,11,0,0,11,10,28925,0,0,0,0,1
2020-06-02,US,Illinois,Macon,194,19,0,39.86064913,-88.96342505,17115.0,186.52232018383026,9.793814432989693,175,194,19,0,175,193,104712,0,0,0,0,1
2020-06-02,US,Illinois,Macoupin,46,2,0,39.26119767,-89.92424028,17117.0,102.39059787205628,4.3478260869565215,44,45,2,0,43,45,45313,1,0,0,1,0
2020-06-02,US,Illinois,Madison,595,60,0,38.83042506,-89.90422563,17119.0,226.26499243248176,10.084033613445378,535,594,60,0,534,580,264461,1,0,0,1,14
2020-06-02,US,Illinois,Marion,50,0,0,38.64963204,-88.91899208,17121.0,134.390538906061,0.0,50,50,0,0,50,50,37620,0,0,0,0,0
2020-06-02,US,Illinois,Marshall,5,0,0,41.0327901,-89.34510444,17123.0,43.7139360027977,0.0,5,5,0,0,5,5,11534,0,0,0,0,0
2020-06-02,US,Illinois,Mason,18,0,0,40.23917274,-89.91824452,17125.0,134.74062429822592,0.0,18,18,0,0,18,18,13565,0,0,0,0,0
2020-06-02,US,Illinois,Massac,7,0,0,37.22078441,-88.71036614,17127.0,50.827766482718566,0.0,7,7,0,0,7,7,14080,0,0,0,0,0
2020-06-02,US,Illinois,McDonough,91,13,0,40.45674722,-90.67775541,17109.0,306.5831143453945,14.285714285714285,78,89,11,0,78,88,29955,2,2,0,0,1
2020-06-02,US,Illinois,McHenry,1606,73,0,42.32451172,-88.45248227,17111.0,521.8114590576204,4.545454545454546,1533,1585,72,0,1513,1566,308570,21,1,0,20,19
2020-06-02,US,Illinois,McLean,221,13,0,40.48996987,-88.84621113,17113.0,128.85020143775836,5.882352941176472,208,220,13,0,207,220,172828,1,0,0,1,0
2020-06-02,US,Illinois,Menard,20,0,0,40.02742725,-89.80246001,17129.0,163.9881928501148,0.0,20,20,0,0,20,20,12288,0,0,0,0,0
2020-06-02,US,Illinois,Mercer,17,0,0,41.20596782,-90.74290052,17131.0,110.12502429228478,0.0,17,17,0,0,17,17,15601,0,0,0,0,0
2020-06-02,US,Illinois,Monroe,96,12,0,38.27594376,-90.17761038,17133.0,277.16026214741464,12.5,84,96,12,0,84,95,34335,0,0,0,0,1
2020-06-02,US,Illinois,Montgomery,40,1,0,39.23198845,-89.47809254,17135.0,140.77567396353908,2.5,39,39,1,0,38,39,28601,1,0,0,1,0
2020-06-02,US,Illinois,Morgan,38,1,0,39.71654544,-90.20255104,17137.0,112.9003505852992,2.631578947368421,37,36,1,0,35,36,33976,2,0,0,2,0
2020-06-02,US,Illinois,Moultrie,11,0,0,39.64187451,-88.62099969,17139.0,75.85683745948555,0.0,11,11,0,0,11,11,14717,0,0,0,0,0
2020-06-02,US,Illinois,Ogle,214,3,0,42.04165196,-89.32184679,17141.0,422.5658037636002,1.4018691588785046,211,211,3,0,208,206,50923,3,0,0,3,5
2020-06-02,US,Illinois,Out of IL,115,1,0,0.0,0.0,80017.0,0.0,0.8695652173913043,114,118,1,0,117,118,,-3,0,0,-3,0
2020-06-02,US,Illinois,Peoria,262,9,0,40.78702156,-89.76078901,17143.0,146.2224925912077,3.435114503816794,253,238,9,0,229,233,180621,24,0,0,24,5
2020-06-02,US,Illinois,Perry,41,0,0,38.08510853,-89.36856219,17145.0,196.0221839739912,0.0,41,41,0,0,41,41,21174,0,0,0,0,0
2020-06-02,US,Illinois,Piatt,11,0,0,40.01360584,-88.59319339,17147.0,67.30298580518844,0.0,11,11,0,0,11,11,16396,0,0,0,0,0
2020-06-02,US,Illinois,Pike,1,0,0,39.62265059,-90.8877017,17149.0,6.426322215795901,0.0,1,1,0,0,1,1,15611,0,0,0,0,0
2020-06-02,US,Illinois,Pope,1,0,0,37.41391284,-88.56152109,17151.0,23.94062724443381,0.0,1,1,0,0,1,1,4212,0,0,0,0,0
2020-06-02,US,Illinois,Pulaski,55,0,0,37.22631423,-89.13085001,17153.0,1030.9278350515463,0.0,55,56,0,0,56,56,5463,-1,0,0,-1,0
2020-06-02,US,Illinois,Putnam,1,0,0,41.2013541,-89.2869272,17155.0,17.424638438752392,0.0,1,1,0,0,1,1,5740,0,0,0,0,0
2020-06-02,US,Illinois,Randolph,270,4,0,38.05095369,-89.82512254,17157.0,849.5374740419105,1.4814814814814814,266,269,4,0,265,270,32106,1,0,0,1,-1
2020-06-02,US,Illinois,Richland,3,0,0,38.71240969,-88.08475366,17159.0,19.338619222587507,0.0,3,3,0,0,3,3,15763,0,0,0,0,0
2020-06-02,US,Illinois,Rock Island,683,24,0,41.46613806,-90.57042164,17161.0,481.39611922835655,3.5139092240117127,659,661,24,0,637,658,143477,22,0,0,22,3
2020-06-02,US,Illinois,Saline,7,0,0,37.75332999,-88.54119706,17165.0,29.798646290068536,0.0,7,7,0,0,7,7,23906,0,0,0,0,0
2020-06-02,US,Illinois,Sangamon,350,29,0,39.75836914,-89.65872023,17167.0,179.78959480562176,8.285714285714286,321,350,29,0,321,351,195348,0,0,0,0,-1
2020-06-02,US,Illinois,Schuyler,13,0,0,40.157179799999994,-90.61114163,17169.0,192.08037825059105,0.0,13,13,0,0,13,13,6907,0,0,0,0,0
2020-06-02,US,Illinois,Shelby,16,1,0,39.39133527,-88.80611122,17173.0,73.95765924008505,6.25,15,16,1,0,15,16,21741,0,0,0,0,0
2020-06-02,US,Illinois,St. Clair,1172,86,0,38.46996033,-89.93063427,17163.0,451.3142795529986,7.33788395904437,1086,1152,82,0,1070,1137,261059,20,4,0,16,15
2020-06-02,US,Illinois,Stark,3,0,0,41.09309773,-89.79745866,17175.0,56.15874204417821,0.0,3,3,0,0,3,3,5427,0,0,0,0,0
2020-06-02,US,Illinois,Stephenson,211,2,0,42.35129217,-89.662598,17177.0,474.1786147692032,0.9478672985781992,209,209,2,0,207,206,44753,2,0,0,2,3
2020-06-02,US,Illinois,Tazewell,74,5,0,40.50716185,-89.51404662,17179.0,56.144397320243094,6.756756756756758,69,73,5,0,68,73,132328,1,0,0,1,0
2020-06-02,US,Illinois,Unassigned,147,0,0,0.0,0.0,90017.0,0.0,0.0,147,93,0,0,93,85,,54,0,0,54,8
2020-06-02,US,Illinois,Union,157,11,0,37.47119609,-89.25548938,17181.0,942.7730739206148,7.0063694267515935,146,155,11,0,144,154,16841,2,0,0,2,1
2020-06-02,US,Illinois,Vermilion,40,1,0,40.18417171,-87.73384359,17183.0,52.799704321655796,2.5,39,40,1,0,39,40,76806,0,0,0,0,0
2020-06-02,US,Illinois,Wabash,5,0,0,38.44272901,-87.84922065,17185.0,43.40277777777778,0.0,5,5,0,0,5,2,11549,0,0,0,0,3
2020-06-02,US,Illinois,Warren,117,0,0,40.84925021,-90.6147432,17187.0,694.6093564473997,0.0,117,117,0,0,117,117,17032,0,0,0,0,0
2020-06-02,US,Illinois,Washington,18,0,0,38.35309213,-89.40982703,17189.0,129.61762799740765,0.0,18,18,0,0,18,18,13995,0,0,0,0,0
2020-06-02,US,Illinois,Wayne,9,1,0,38.42955355,-88.42586459,17191.0,55.50416281221092,11.111111111111109,8,9,1,0,8,9,16332,0,0,0,0,0
2020-06-02,US,Illinois,White,2,0,0,38.08706198,-88.17657461,17193.0,14.774322227967794,0.0,2,2,0,0,2,2,13665,0,0,0,0,0
2020-06-02,US,Illinois,Whiteside,142,13,0,41.75509713,-89.91556058,17195.0,257.3629361123697,9.154929577464786,129,142,13,0,129,140,55626,0,0,0,0,2
2020-06-02,US,Illinois,Will,5649,280,0,41.44619267,-87.97862712,17197.0,817.8150194790248,4.956629491945477,5369,5613,277,0,5336,5566,692310,36,3,0,33,47
2020-06-02,US,Illinois,Williamson,68,2,0,37.73033511,-88.92994027,17199.0,102.10670150307072,2.9411764705882355,66,67,2,0,65,67,67056,1,0,0,1,0
2020-06-02,US,Illinois,Winnebago,2313,56,0,42.33641854,-89.16085327,17201.0,818.5524397321743,2.4210981409424988,2257,2290,55,0,2235,2251,284081,23,1,0,22,39
2020-06-02,US,Illinois,Woodford,21,2,0,40.78579374,-89.20973757,17203.0,54.6036038378533,9.523809523809524,19,21,2,0,19,19,38463,0,0,0,0,2
2020-06-02,US,Indiana,Adams,20,1,0,40.7457653,-84.93671406,18001.0,55.901836375324926,5.0,19,17,1,0,16,15,35636,3,0,0,3,2
2020-06-02,US,Indiana,Allen,1711,70,0,41.09194313,-85.06800636,18003.0,451.0953100324546,4.091174751607247,1641,1662,69,0,1593,1618,375351,49,1,0,48,44
2020-06-02,US,Indiana,Bartholomew,521,38,0,39.20744865,-85.89558181,18005.0,621.8742166891465,7.293666026871401,483,515,35,0,480,511,82753,6,3,0,3,4
2020-06-02,US,Indiana,Benton,32,0,0,40.60626947,-87.31093999,18007.0,365.7978966620942,0.0,32,31,0,0,31,30,8653,1,0,0,1,1
2020-06-02,US,Indiana,Blackford,27,2,0,40.47388153,-85.32499702,18009.0,229.63088960707603,7.407407407407407,25,26,2,0,24,25,11930,1,0,0,1,1
2020-06-02,US,Indiana,Boone,316,35,0,40.0509304,-86.46841646,18011.0,465.7812891528971,11.075949367088606,281,315,35,0,280,315,66999,1,0,0,1,0
2020-06-02,US,Indiana,Brown,33,1,0,39.19605589,-86.22868909,18013.0,218.65889212827992,3.0303030303030303,32,33,1,0,32,33,15234,0,0,0,0,0
2020-06-02,US,Indiana,Carroll,93,3,0,40.580783200000006,-86.56198812,18015.0,459.10055783186067,3.2258064516129035,90,93,2,0,91,93,20127,0,1,0,-1,0
2020-06-02,US,Indiana,Cass,1592,7,0,40.76135835,-86.34830753,18017.0,4224.044150813234,0.4396984924623116,1585,1587,7,0,1580,1587,37955,5,0,0,5,0
2020-06-02,US,Indiana,Clark,519,41,0,38.48015445,-85.70510334,18019.0,438.7077141552975,7.89980732177264,478,505,41,0,464,504,117360,14,0,0,14,1
2020-06-02,US,Indiana,Clay,51,2,0,39.39561833,-87.11723506,18021.0,194.47092469018116,3.92156862745098,49,51,1,0,50,51,26170,0,1,0,-1,0
2020-06-02,US,Indiana,Clinton,238,1,0,40.30319754,-86.47277257,18023.0,734.5905737831415,0.4201680672268908,237,233,1,0,232,232,32250,5,0,0,5,1
2020-06-02,US,Indiana,Crawford,24,0,0,38.28814402,-86.44518825,18025.0,226.90744067315876,0.0,24,24,0,0,24,24,10558,0,0,0,0,0
2020-06-02,US,Indiana,Daviess,94,16,0,38.70186039,-87.07185406,18027.0,281.8506191718389,17.02127659574468,78,92,16,0,76,88,33147,2,0,0,2,4
2020-06-02,US,Indiana,DeKalb,37,1,0,41.39804622,-84.99906934,18033.0,85.1063829787234,2.702702702702702,36,37,1,0,36,37,43226,0,0,0,0,0
2020-06-02,US,Indiana,Dearborn,169,21,0,39.14647946,-84.97333539,18029.0,341.7040721420195,12.426035502958579,148,168,21,0,147,168,49568,1,0,0,1,0
2020-06-02,US,Indiana,Decatur,225,31,0,39.30712658,-85.50087166,18031.0,847.1704506946797,13.777777777777779,194,224,31,0,193,224,26794,1,0,0,1,0
2020-06-02,US,Indiana,Delaware,385,40,0,40.22787247,-85.39732772,18035.0,337.31984053971166,10.389610389610391,345,385,39,0,346,385,114772,0,1,0,-1,0
2020-06-02,US,Indiana,Dubois,202,3,0,38.36597551,-86.87924170000002,18037.0,472.6694122051666,1.4851485148514851,199,199,3,0,196,199,42565,3,0,0,3,0
2020-06-02,US,Indiana,Elkhart,1384,28,0,41.59761169,-85.85875695,18039.0,670.7343668975143,2.0231213872832368,1356,1322,28,0,1294,1322,205560,62,0,0,62,0
2020-06-02,US,Indiana,Fayette,78,7,0,39.63684962,-85.17797541,18041.0,337.6331053588434,8.974358974358974,71,78,7,0,71,77,23047,0,0,0,0,1
2020-06-02,US,Indiana,Floyd,319,40,0,38.32117957,-85.90385377,18043.0,406.2555716869157,12.539184952978056,279,318,39,0,279,318,77781,1,1,0,0,0
2020-06-02,US,Indiana,Fountain,22,2,0,40.12361933,-87.24217689,18045.0,134.5895020188425,9.090909090909092,20,21,2,0,19,21,16351,1,0,0,1,0
2020-06-02,US,Indiana,Franklin,110,8,0,39.4142482,-85.06062647,18047.0,483.3465155110291,7.272727272727272,102,110,8,0,102,110,22736,0,0,0,0,0
2020-06-02,US,Indiana,Fulton,49,1,0,41.0469907,-86.26252745,18049.0,245.3189145889657,2.0408163265306123,48,49,1,0,48,49,20092,0,0,0,0,0
2020-06-02,US,Indiana,Gibson,17,2,0,38.30393723,-87.58054938,18051.0,50.50655099676164,11.764705882352944,15,17,2,0,15,17,33452,0,0,0,0,0
2020-06-02,US,Indiana,Grant,219,23,0,40.51587228,-85.65468702,18053.0,332.98362450394563,10.502283105022832,196,213,23,0,190,211,65936,6,0,0,6,2
2020-06-02,US,Indiana,Greene,169,25,0,39.03630547,-86.96223202,18055.0,529.4154501597644,14.792899408284025,144,169,25,0,144,169,32006,0,0,0,0,0
2020-06-02,US,Indiana,Hamilton,1170,93,0,40.07306535,-86.05244729,18057.0,346.14258115860133,7.94871794871795,1077,1162,93,0,1069,1159,330086,8,0,0,8,3
2020-06-02,US,Indiana,Hancock,345,28,0,39.82304555,-85.77566351,18059.0,441.3570770647835,8.115942028985508,317,340,27,0,313,338,76351,5,1,0,4,2
2020-06-02,US,Indiana,Harrison,196,22,0,38.19467379,-86.10948271,18061.0,483.77144267555224,11.224489795918366,174,194,22,0,172,194,40350,2,0,0,2,0
2020-06-02,US,Indiana,Hendricks,1177,73,0,39.76719009,-86.51037283,18063.0,691.0886554597178,6.2022090059473225,1104,1171,71,0,1100,1169,167009,6,2,0,4,2
2020-06-02,US,Indiana,Henry,184,12,0,39.93029017,-85.39625719,18065.0,383.5570749603936,6.521739130434782,172,184,11,0,173,182,48271,0,1,0,-1,2
2020-06-02,US,Indiana,Howard,429,34,0,40.48527731,-86.11351892,18067.0,519.7228144989339,7.925407925407924,395,415,28,0,387,408,82366,14,6,0,8,7
2020-06-02,US,Indiana,Huntington,28,2,0,40.82907273,-85.48822092,18069.0,76.67031763417306,7.142857142857142,26,28,2,0,26,28,36240,0,0,0,0,0
2020-06-02,US,Indiana,Jackson,394,2,0,38.90915820000001,-86.03851889,18071.0,890.7779611584634,0.5076142131979695,392,392,1,0,391,389,44111,2,1,0,1,3
2020-06-02,US,Indiana,Jasper,68,1,0,41.02078733,-87.11553319,18073.0,202.61009475001492,1.4705882352941178,67,68,1,0,67,67,33370,0,0,0,0,1
2020-06-02,US,Indiana,Jay,53,0,0,40.43781032,-85.00576229,18075.0,259.3462517126639,0.0,53,53,0,0,53,52,20764,0,0,0,0,1
2020-06-02,US,Indiana,Jefferson,46,1,0,38.78576239,-85.43633383,18077.0,142.37959638479634,2.1739130434782608,45,45,1,0,44,45,32208,1,0,0,1,0
2020-06-02,US,Indiana,Jennings,131,4,0,38.99588883,-85.62710784,18079.0,472.3273841716243,3.053435114503817,127,130,4,0,126,130,27611,1,0,0,1,0
2020-06-02,US,Indiana,Johnson,1117,110,0,39.48994426,-86.10149107,18081.0,706.2155822643157,9.847806624888094,1007,1115,109,0,1006,1105,156225,2,1,0,1,10
2020-06-02,US,Indiana,Knox,29,0,0,38.68861576,-87.4194665,18083.0,79.24796414712796,0.0,29,28,0,0,28,28,36895,1,0,0,1,0
2020-06-02,US,Indiana,Kosciusko,156,1,0,41.24521668,-85.86312322,18085.0,196.33507853403145,0.6410256410256411,155,150,1,0,149,135,79344,6,0,0,6,15
2020-06-02,US,Indiana,LaGrange,93,2,0,41.64232188,-85.42674232,18087.0,234.7654869490584,2.150537634408602,91,84,2,0,82,81,39330,9,0,0,9,3
2020-06-02,US,Indiana,LaPorte,434,24,0,41.54366008,-86.74072188,18091.0,394.9475829935935,5.529953917050692,410,438,24,0,414,433,110007,-4,0,0,-4,5
2020-06-02,US,Indiana,Lake,3689,200,0,41.41874274,-87.38277575,18089.0,759.8461769788647,5.421523448088913,3489,3639,190,0,3449,3616,484411,50,10,0,40,23
2020-06-02,US,Indiana,Lawrence,165,24,0,38.84112637,-86.48361629,18093.0,363.6764381750055,14.545454545454545,141,165,24,0,141,163,45668,0,0,0,0,2
2020-06-02,US,Indiana,Madison,594,61,0,40.16143691,-85.71964711,18095.0,458.4429917650055,10.26936026936027,533,593,59,0,534,586,129641,1,2,0,-1,7
2020-06-02,US,Indiana,Marion,9978,592,0,39.78163624,-86.13826325,18097.0,1034.437714989498,5.933052715975145,9386,9900,581,0,9319,9853,954670,78,11,0,67,47
2020-06-02,US,Indiana,Marshall,128,2,0,41.32467367,-86.26185087,18099.0,276.70889359678324,1.5625,126,111,2,0,109,108,46248,17,0,0,17,3
2020-06-02,US,Indiana,Martin,12,0,0,38.7099921,-86.80373186,18101.0,117.01608971233543,0.0,12,11,0,0,11,11,10217,1,0,0,1,0
2020-06-02,US,Indiana,Miami,141,1,0,40.76940965,-86.04525048,18103.0,397.0041671359388,0.7092198581560284,140,140,1,0,139,140,35567,1,0,0,1,0
2020-06-02,US,Indiana,Monroe,169,12,0,39.16130004,-86.52414358,18105.0,113.8576173440858,7.100591715976331,157,166,12,0,154,166,146917,3,0,0,3,0
2020-06-02,US,Indiana,Montgomery,244,16,0,40.04034823,-86.89335024,18107.0,636.4442589597787,6.557377049180328,228,245,17,0,228,241,38346,-1,-1,0,0,4
2020-06-02,US,Indiana,Morgan,281,24,0,39.47899078,-86.44573375,18109.0,398.64376001929384,8.540925266903914,257,280,24,0,256,277,70116,1,0,0,1,3
2020-06-02,US,Indiana,Newton,78,10,0,40.95610449,-87.39635768,18111.0,557.7803203661326,12.82051282051282,68,78,10,0,68,78,14011,0,0,0,0,0
2020-06-02,US,Indiana,Noble,238,21,0,41.39672484,-85.41966713,18113.0,498.4919571045576,8.823529411764708,217,237,21,0,216,232,47532,1,0,0,1,5
2020-06-02,US,Indiana,Ohio,13,0,0,38.955304999999996,-84.96515993,18115.0,221.27659574468086,0.0,13,13,0,0,13,13,5844,0,0,0,0,0
2020-06-02,US,Indiana,Orange,130,22,0,38.54118920000001,-86.49523093,18117.0,661.712307848926,16.923076923076927,108,130,22,0,108,128,19489,0,0,0,0,2
2020-06-02,US,Indiana,Owen,34,1,0,39.31145587,-86.83900724,18119.0,163.46939756719073,2.9411764705882355,33,35,1,0,34,35,20845,-1,0,0,-1,0
2020-06-02,US,Indiana,Parke,17,0,0,39.77202286,-87.20375833,18121.0,100.37196670012399,0.0,17,18,0,0,18,18,16927,-1,0,0,-1,0
2020-06-02,US,Indiana,Perry,33,0,0,38.07809328,-86.63741946,18123.0,172.15295529239918,0.0,33,33,0,0,33,33,19102,0,0,0,0,0
2020-06-02,US,Indiana,Pike,6,0,0,38.40112197,-87.23574907,18125.0,48.43005892323836,0.0,6,6,0,0,6,6,12410,0,0,0,0,0
2020-06-02,US,Indiana,Porter,547,29,0,41.45986947,-87.06848888,18127.0,321.03011344629056,5.3016453382084086,518,543,28,0,515,539,169594,4,1,0,3,4
2020-06-02,US,Indiana,Posey,16,0,0,38.02097333,-87.86480429,18129.0,62.9252369528454,0.0,16,16,0,0,16,16,25540,0,0,0,0,0
2020-06-02,US,Indiana,Pulaski,47,0,0,41.04166107,-86.69890683,18131.0,380.47437869343486,0.0,47,46,0,0,46,46,12469,1,0,0,1,0
2020-06-02,US,Indiana,Putnam,137,7,0,39.66437981,-86.84517605,18133.0,364.59442197147115,5.109489051094892,130,137,7,0,130,137,37779,0,0,0,0,0
2020-06-02,US,Indiana,Randolph,48,3,0,40.15734772,-85.01139319,18135.0,194.60774376647072,6.25,45,48,3,0,45,47,24851,0,0,0,0,1
2020-06-02,US,Indiana,Ripley,108,6,0,39.10235626,-85.26212744,18137.0,381.3020759779692,5.5555555555555545,102,109,6,0,103,109,28523,-1,0,0,-1,0
2020-06-02,US,Indiana,Rush,48,3,0,39.62002287,-85.4655599,18139.0,289.4879681563235,6.25,45,47,2,0,45,47,16663,1,1,0,0,0
2020-06-02,US,Indiana,Scott,121,3,0,38.68672078,-85.74627859,18143.0,506.848741255812,2.479338842975207,118,120,3,0,117,120,23878,1,0,0,1,0
2020-06-02,US,Indiana,Shelby,375,22,0,39.52305623,-85.79158570000001,18145.0,838.3822575957432,5.866666666666666,353,373,22,0,351,373,44593,2,0,0,2,0
2020-06-02,US,Indiana,Spencer,21,1,0,38.01519732,-87.0079644,18147.0,103.56561621541648,4.761904761904762,20,20,1,0,19,20,20327,1,0,0,1,0
2020-06-02,US,Indiana,St. Joseph,1309,34,0,41.61756781,-86.29040834,18141.0,481.55805552081114,2.5974025974025974,1275,1286,34,0,1252,1274,270771,23,0,0,23,12
2020-06-02,US,Indiana,Starke,39,3,0,41.27890281,-86.64686895,18149.0,169.60208741030658,7.6923076923076925,36,39,3,0,36,39,22935,0,0,0,0,0
2020-06-02,US,Indiana,Steuben,85,2,0,41.64423868,-85.00101094,18151.0,245.70734809504535,2.3529411764705883,83,84,2,0,82,83,34586,1,0,0,1,1
2020-06-02,US,Indiana,Sullivan,36,1,0,39.08952258,-87.41414469,18153.0,174.1738835937878,2.7777777777777777,35,36,1,0,35,36,20690,0,0,0,0,0
2020-06-02,US,Indiana,Switzerland,21,0,0,38.82767338,-85.03022429,18155.0,195.33066691470557,0.0,21,20,0,0,20,20,10717,1,0,0,1,0
2020-06-02,US,Indiana,Tippecanoe,418,4,0,40.38872739,-86.89413959,18157.0,213.55731306071567,0.9569377990430622,414,414,3,0,411,402,193048,4,1,0,3,12
2020-06-02,US,Indiana,Tipton,25,1,0,40.31123252,-86.05234925,18159.0,165.03828888302087,4.0,24,25,1,0,24,25,15128,0,0,0,0,0
2020-06-02,US,Indiana,Unassigned,0,175,0,0.0,0.0,90018.0,0.0,0.0,-175,0,167,0,-167,0,,0,8,0,-8,0
2020-06-02,US,Indiana,Union,9,0,0,39.62550777,-84.92497066,18161.0,127.58718457612702,0.0,9,9,0,0,9,9,7037,0,0,0,0,0
2020-06-02,US,Indiana,Vanderburgh,284,2,0,38.02658833,-87.58763124,18163.0,156.51608423210675,0.7042253521126759,282,282,2,0,280,274,180974,2,0,0,2,8
2020-06-02,US,Indiana,Vermillion,10,0,0,39.8523352,-87.46160542,18165.0,64.5244547683572,0.0,10,10,0,0,10,10,15479,0,0,0,0,0
2020-06-02,US,Indiana,Vigo,171,8,0,39.42944561,-87.39169027,18167.0,159.75634821278425,4.678362573099415,163,169,8,0,161,169,107386,2,0,0,2,0
2020-06-02,US,Indiana,Wabash,79,2,0,40.84704239,-85.79328272,18169.0,254.871596335011,2.5316455696202533,77,79,2,0,77,78,31280,0,0,0,0,1
2020-06-02,US,Indiana,Warren,12,1,0,40.34728141,-87.35602659,18171.0,145.19056261343013,8.333333333333334,11,12,1,0,11,12,8263,0,0,0,0,0
2020-06-02,US,Indiana,Warrick,166,28,0,38.08922676,-87.2716085,18173.0,263.5004285850345,16.867469879518072,138,166,28,0,138,166,62567,0,0,0,0,0
2020-06-02,US,Indiana,Washington,51,1,0,38.60219804,-86.1049363,18175.0,181.9089741760594,1.96078431372549,50,52,1,0,51,52,27943,-1,0,0,-1,0
2020-06-02,US,Indiana,Wayne,85,5,0,39.863344399999995,-85.01044989,18177.0,129.0146317770627,5.882352941176472,80,85,5,0,80,82,65936,0,0,0,0,3
2020-06-02,US,Indiana,Wells,32,0,0,40.72934187,-85.22132966,18179.0,113.09018942606727,0.0,32,32,0,0,32,32,28206,0,0,0,0,0
2020-06-02,US,Indiana,White,238,9,0,40.74911165,-86.86492015,18181.0,987.4699195087544,3.7815126050420167,229,237,8,0,229,235,24133,1,1,0,0,2
2020-06-02,US,Indiana,Whitley,43,3,0,41.13863784,-85.50791236,18183.0,126.6046402072783,6.9767441860465125,40,43,3,0,40,42,34074,0,0,0,0,1
2020-06-02,US,Iowa,Adair,9,0,0,41.33075609,-94.47105874,19001.0,125.83892617449663,0.0,9,9,0,0,9,9,7063,0,0,0,0,0
2020-06-02,US,Iowa,Adams,7,0,0,41.02903567,-94.69932645,19003.0,194.3364797334814,0.0,7,7,0,0,7,7,3645,0,0,0,0,0
2020-06-02,US,Iowa,Allamakee,120,4,0,43.28383218,-91.37860922,19005.0,876.7443559582084,3.333333333333333,116,120,4,0,116,121,13832,0,0,0,0,-1
2020-06-02,US,Iowa,Appanoose,14,3,0,40.74324454,-92.86865906,19007.0,112.66698857234829,21.428571428571427,11,14,3,0,11,15,12437,0,0,0,0,-1
2020-06-02,US,Iowa,Audubon,13,1,0,41.6844628,-94.90581859,19009.0,236.53566229985444,7.6923076923076925,12,12,1,0,11,12,5506,1,0,0,1,0
2020-06-02,US,Iowa,Benton,43,1,0,42.08011739,-92.06463573,19011.0,167.67401052836814,2.3255813953488373,42,43,1,0,42,43,25642,0,0,0,0,0
2020-06-02,US,Iowa,Black Hawk,1759,45,0,42.4704581,-92.30524729,19013.0,1340.415155302222,2.558271745309835,1714,1747,45,0,1702,1746,132408,12,0,0,12,1
2020-06-02,US,Iowa,Boone,67,0,0,42.03657094,-93.9313999,19015.0,255.39376381794617,0.0,67,65,0,0,65,62,26346,2,0,0,2,3
2020-06-02,US,Iowa,Bremer,69,6,0,42.77461496,-92.31795937,19017.0,275.31721331098873,8.695652173913043,63,69,6,0,63,70,24947,0,0,0,0,-1
2020-06-02,US,Iowa,Buchanan,33,0,0,42.4709188,-91.83510825,19019.0,155.84415584415584,0.0,33,33,0,0,33,33,21199,0,0,0,0,0
2020-06-02,US,Iowa,Buena Vista,852,1,0,42.73545875,-95.15100162,19021.0,4342.507645259939,0.11737089201877934,851,810,0,0,810,783,19874,42,1,0,41,27
2020-06-02,US,Iowa,Butler,17,1,0,42.73172833,-92.79015971,19023.0,117.73668536602258,5.882352941176472,16,17,1,0,16,16,14539,0,0,0,0,1
2020-06-02,US,Iowa,Calhoun,3,0,0,42.38521079,-94.64046046,19025.0,31.03020273065784,0.0,3,2,0,0,2,2,9699,1,0,0,1,0
2020-06-02,US,Iowa,Carroll,12,0,0,42.03617207,-94.86032705,19027.0,59.509050334738404,0.0,12,11,0,0,11,10,20154,1,0,0,1,1
2020-06-02,US,Iowa,Cass,12,0,0,41.33149454,-94.92792482,19029.0,93.48706762231224,0.0,12,12,0,0,12,12,12930,0,0,0,0,0
2020-06-02,US,Iowa,Cedar,49,1,0,41.77233777,-91.13246684,19031.0,263.05900037579863,2.0408163265306123,48,48,1,0,47,47,18627,1,0,0,1,1
2020-06-02,US,Iowa,Cerro Gordo,29,1,0,43.08177563,-93.2612239,19033.0,68.31566548881037,3.4482758620689653,28,29,1,0,28,29,42647,0,0,0,0,0
2020-06-02,US,Iowa,Cherokee,32,0,0,42.73538914,-95.62389402,19035.0,284.82421005785494,0.0,32,31,0,0,31,28,11321,1,0,0,1,3
2020-06-02,US,Iowa,Chickasaw,12,0,0,43.06001295,-92.31773347,19037.0,100.56146819743569,0.0,12,10,0,0,10,10,11964,2,0,0,2,0
2020-06-02,US,Iowa,Clarke,62,0,0,41.02868181,-93.78499767,19039.0,659.9254922831293,0.0,62,56,0,0,56,55,9423,6,0,0,6,1
2020-06-02,US,Iowa,Clay,18,0,0,43.08247182,-95.15096481,19041.0,112.3876123876124,0.0,18,17,0,0,17,16,16134,1,0,0,1,1
2020-06-02,US,Iowa,Clayton,34,3,0,42.84443388,-91.34133693,19043.0,193.74323323266282,8.823529411764708,31,34,3,0,31,35,17556,0,0,0,0,-1
2020-06-02,US,Iowa,Clinton,64,1,0,41.89981633,-90.53275096,19045.0,137.8448814318637,1.5625,63,64,1,0,63,61,46518,0,0,0,0,3
2020-06-02,US,Iowa,Crawford,530,2,0,42.03718237,-95.3819718,19047.0,3151.010701545779,0.37735849056603776,528,528,2,0,526,516,17158,2,0,0,2,12
2020-06-02,US,Iowa,Dallas,924,24,0,41.68560356,-94.04127625,19049.0,988.7323039388783,2.5974025974025974,900,916,23,0,893,904,90180,8,1,0,7,12
2020-06-02,US,Iowa,Davis,25,0,0,40.74773536,-92.41005468,19051.0,277.77777777777777,0.0,25,23,0,0,23,22,9017,2,0,0,2,1
2020-06-02,US,Iowa,Decatur,1,0,0,40.73742757,-93.78645949,19053.0,12.706480304955528,0.0,1,1,0,0,1,1,7890,0,0,0,0,0
2020-06-02,US,Iowa,Delaware,17,1,0,42.47104597,-91.3664492,19055.0,99.9353359590853,5.882352941176472,16,17,1,0,16,15,17069,0,0,0,0,2
2020-06-02,US,Iowa,Des Moines,66,1,0,40.92012606,-91.18326592,19057.0,169.37408576487798,1.5151515151515151,65,65,1,0,64,63,39138,1,0,0,1,2
2020-06-02,US,Iowa,Dickinson,25,0,0,43.37787725,-95.1510206,19059.0,144.8603546181481,0.0,25,21,0,0,21,21,17153,4,0,0,4,0
2020-06-02,US,Iowa,Dubuque,350,20,0,42.46815349,-90.88181925,19061.0,359.67156847632845,5.7142857142857135,330,346,19,0,327,344,96854,4,1,0,3,2
2020-06-02,US,Iowa,Emmet,18,0,0,43.37782951,-94.67858943,19063.0,195.48218940052132,0.0,18,16,0,0,16,15,9253,2,0,0,2,1
2020-06-02,US,Iowa,Fayette,27,0,0,42.86271799,-91.84412309999999,19065.0,137.40458015267177,0.0,27,27,0,0,27,27,19660,0,0,0,0,0
2020-06-02,US,Iowa,Floyd,19,1,0,43.06000529999999,-92.78940097,19067.0,121.4678429868303,5.2631578947368425,18,19,1,0,18,19,15761,0,0,0,0,0
2020-06-02,US,Iowa,Franklin,13,0,0,42.73270384,-93.26256925,19069.0,129.09632571996028,0.0,13,14,0,0,14,13,10124,-1,0,0,-1,1
2020-06-02,US,Iowa,Fremont,4,0,0,40.74542720000001,-95.60129045,19071.0,57.4712643678161,0.0,4,4,0,0,4,4,6993,0,0,0,0,0
2020-06-02,US,Iowa,Greene,13,0,0,42.03614551,-94.39658081,19073.0,146.26462646264628,0.0,13,13,0,0,13,13,8981,0,0,0,0,0
2020-06-02,US,Iowa,Grundy,20,0,0,42.40183723,-92.78829551,19075.0,163.50555918901242,0.0,20,20,0,0,20,20,12304,0,0,0,0,0
2020-06-02,US,Iowa,Guthrie,53,3,0,41.68378965,-94.50111014,19077.0,495.83684161287306,5.660377358490566,50,51,3,0,48,50,10720,2,0,0,2,1
2020-06-02,US,Iowa,Hamilton,44,0,0,42.38382428,-93.70197703,19079.0,297.8406552494416,0.0,44,43,0,0,43,37,14952,1,0,0,1,6
2020-06-02,US,Iowa,Hancock,16,0,0,43.08178477,-93.73454884,19081.0,150.51740357478837,0.0,16,16,0,0,16,16,10712,0,0,0,0,0
2020-06-02,US,Iowa,Hardin,17,0,0,42.38353877,-93.23654611,19083.0,100.91416359966757,0.0,17,17,0,0,17,17,16868,0,0,0,0,0
2020-06-02,US,Iowa,Harrison,25,0,0,41.68330137,-95.81558439,19085.0,177.94860844188202,0.0,25,23,0,0,23,23,14134,2,0,0,2,0
2020-06-02,US,Iowa,Henry,72,2,0,40.98767962,-91.54436349,19087.0,360.82990879021753,2.7777777777777777,70,71,1,0,70,71,20067,1,1,0,0,0
2020-06-02,US,Iowa,Howard,12,0,0,43.35671042,-92.31702714,19089.0,131.03297663245252,0.0,12,12,0,0,12,12,9187,0,0,0,0,0
2020-06-02,US,Iowa,Humboldt,19,1,0,42.7764426,-94.20722537,19091.0,198.78635697844737,5.2631578947368425,18,18,1,0,17,18,9547,1,0,0,1,0
2020-06-02,US,Iowa,Ida,14,0,0,42.38696136,-95.51355387,19093.0,204.08163265306126,0.0,14,14,0,0,14,14,6841,0,0,0,0,0
2020-06-02,US,Iowa,Iowa,34,0,0,41.68630265,-92.0643373,19095.0,210.08403361344537,0.0,34,33,0,0,33,33,16141,1,0,0,1,0
2020-06-02,US,Iowa,Jackson,12,0,0,42.17178824,-90.57354837,19097.0,61.73157055404084,0.0,12,12,0,0,12,12,19432,0,0,0,0,0
2020-06-02,US,Iowa,Jasper,261,17,0,41.68576082,-93.05567785,19099.0,701.8959257765226,6.5134099616858245,244,260,17,0,243,260,37147,1,0,0,1,0
2020-06-02,US,Iowa,Jefferson,34,0,0,41.03192394,-91.94849466,19101.0,185.8431265373053,0.0,34,30,0,0,30,27,18381,4,0,0,4,3
2020-06-02,US,Iowa,Johnson,616,9,0,41.67169354,-91.58754744,19103.0,407.56914119359527,1.4610389610389611,607,614,9,0,605,614,151260,2,0,0,2,0
2020-06-02,US,Iowa,Jones,37,0,0,42.12118609,-91.13139641,19105.0,178.90817658720562,0.0,37,36,0,0,36,36,20744,1,0,0,1,0
2020-06-02,US,Iowa,Keokuk,14,0,0,41.33649833,-92.1785067,19107.0,136.63868826859263,0.0,14,14,0,0,14,15,10225,0,0,0,0,-1
2020-06-02,US,Iowa,Kossuth,13,0,0,43.20405458,-94.20691791,19109.0,87.76075069195976,0.0,13,10,0,0,10,9,14908,3,0,0,3,1
2020-06-02,US,Iowa,Lee,27,0,0,40.64181461,-91.48183025,19111.0,80.22105356983687,0.0,27,27,0,0,27,27,34055,0,0,0,0,0
2020-06-02,US,Iowa,Linn,958,79,0,42.07923082,-91.59809485,19113.0,422.57372985276083,8.24634655532359,879,953,79,0,874,955,225909,5,0,0,5,-2
2020-06-02,US,Iowa,Louisa,346,11,0,41.21842119,-91.26102611,19115.0,3135.478024467603,3.1791907514450872,335,345,11,0,334,344,11169,1,0,0,1,1
2020-06-02,US,Iowa,Lucas,19,1,0,41.02958964,-93.32780803,19117.0,220.93023255813952,5.2631578947368425,18,17,0,0,17,17,8645,2,1,0,1,0
2020-06-02,US,Iowa,Lyon,24,0,0,43.38107862,-96.20926845,19119.0,204.16843896214374,0.0,24,24,0,0,24,24,11811,0,0,0,0,0
2020-06-02,US,Iowa,Madison,30,2,0,41.33081904,-94.01554631,19121.0,183.6210062431142,6.666666666666668,28,29,2,0,27,28,16249,1,0,0,1,1
2020-06-02,US,Iowa,Mahaska,97,10,0,41.33521503,-92.64083907,19123.0,439.0133514369767,10.309278350515463,87,95,10,0,85,94,22000,2,0,0,2,1
2020-06-02,US,Iowa,Marion,34,0,0,41.33445101,-93.09934783,19125.0,102.24641385739632,0.0,34,32,0,0,32,32,33407,2,0,0,2,0
2020-06-02,US,Iowa,Marshall,898,16,0,42.03586837,-92.99908190000001,19127.0,2280.982498920471,1.7817371937639201,882,896,16,0,880,894,39981,2,0,0,2,2
2020-06-02,US,Iowa,Mills,19,0,0,41.03299766,-95.61920963,19129.0,125.75286253226555,0.0,19,19,0,0,19,19,15063,0,0,0,0,0
2020-06-02,US,Iowa,Mitchell,4,0,0,43.35638371,-92.78887719,19131.0,37.78575477045154,0.0,4,4,0,0,4,4,10569,0,0,0,0,0
2020-06-02,US,Iowa,Monona,25,0,0,42.05220391,-95.95743843,19133.0,290.1915264074289,0.0,25,25,0,0,25,24,8679,0,0,0,0,1
2020-06-02,US,Iowa,Monroe,38,5,0,41.02988815,-92.8690667,19135.0,493.0582587258336,13.157894736842106,33,38,5,0,33,38,7790,0,0,0,0,0
2020-06-02,US,Iowa,Montgomery,8,0,0,41.03018714,-95.15642896,19137.0,80.66955732580419,0.0,8,8,0,0,8,7,10003,0,0,0,0,1
2020-06-02,US,Iowa,Muscatine,558,41,0,41.48370744,-91.11216970000001,19139.0,1307.8942433902118,7.3476702508960585,517,557,41,0,516,557,42929,1,0,0,1,0
2020-06-02,US,Iowa,O'Brien,33,0,0,43.08310673,-95.62474482,19141.0,239.9476477859376,0.0,33,30,0,0,30,31,13840,3,0,0,3,-1
2020-06-02,US,Iowa,Osceola,34,0,0,43.37824276,-95.62422844,19143.0,570.6612957368243,0.0,34,34,0,0,34,33,6040,0,0,0,0,1
2020-06-02,US,Iowa,Page,14,0,0,40.7393172,-95.1497813,19145.0,92.67227113258755,0.0,14,14,0,0,14,13,15249,0,0,0,0,1
2020-06-02,US,Iowa,Palo Alto,7,0,0,43.08193849,-94.67824621,19147.0,78.77560207067297,0.0,7,7,0,0,7,6,8929,0,0,0,0,1
2020-06-02,US,Iowa,Plymouth,135,2,0,42.737633,-96.21366621,19149.0,536.2036779600429,1.4814814814814814,133,133,2,0,131,132,25095,2,0,0,2,1
2020-06-02,US,Iowa,Pocahontas,13,0,0,42.73420133,-94.67862564,19151.0,196.40429067835018,0.0,13,13,0,0,13,12,6740,0,0,0,0,1
2020-06-02,US,Iowa,Polk,4342,133,0,41.68679484,-93.57767461,19153.0,885.8313900942751,3.063104560110548,4209,4236,133,0,4103,4227,487204,106,0,0,106,9
2020-06-02,US,Iowa,Pottawattamie,273,8,0,41.33640314,-95.53907776,19155.0,292.8995987382786,2.93040293040293,265,269,8,0,261,263,93533,4,0,0,4,6
2020-06-02,US,Iowa,Poweshiek,90,8,0,41.68625425,-92.53155731,19157.0,486.3813229571985,8.888888888888891,82,90,8,0,82,90,18699,0,0,0,0,0
2020-06-02,US,Iowa,Ringgold,4,0,0,40.73518949,-94.24368535,19159.0,81.73273395995095,0.0,4,4,0,0,4,4,4968,0,0,0,0,0
2020-06-02,US,Iowa,Sac,21,0,0,42.38624071,-95.10547892,19161.0,216.02715769982512,0.0,21,20,0,0,20,19,9719,1,0,0,1,1
2020-06-02,US,Iowa,Scott,365,10,0,41.63935978,-90.61959493,19163.0,211.05219638840546,2.7397260273972597,355,361,10,0,351,359,173283,4,0,0,4,2
2020-06-02,US,Iowa,Shelby,37,0,0,41.6850066,-95.31015553,19165.0,323.031255456609,0.0,37,37,0,0,37,37,11578,0,0,0,0,0
2020-06-02,US,Iowa,Sioux,287,0,0,43.08221074,-96.17675679999999,19167.0,823.4112752833166,0.0,287,283,0,0,283,275,34909,4,0,0,4,8
2020-06-02,US,Iowa,Story,119,1,0,42.03621213,-93.46499005,19169.0,122.53261529907223,0.8403361344537815,118,116,1,0,115,115,98105,3,0,0,3,1
2020-06-02,US,Iowa,Tama,405,27,0,42.07991767,-92.53266945,19171.0,2402.9903880384477,6.666666666666668,378,403,27,0,376,403,16904,2,0,0,2,0
2020-06-02,US,Iowa,Taylor,58,0,0,40.73710579,-94.69778563,19173.0,947.557588629309,0.0,58,56,0,0,56,56,6191,2,0,0,2,0
2020-06-02,US,Iowa,Unassigned,3,0,0,0.0,0.0,90019.0,0.0,0.0,3,1,0,0,1,1,,2,0,0,2,0
2020-06-02,US,Iowa,Union,10,0,0,41.0277278,-94.24234847,19175.0,81.6926721673066,0.0,10,9,0,0,9,8,12359,1,0,0,1,1
2020-06-02,US,Iowa,Van Buren,9,0,0,40.75326764,-91.95017958,19177.0,127.76831345826237,0.0,9,9,0,0,9,9,7020,0,0,0,0,0
2020-06-02,US,Iowa,Wapello,610,13,0,41.03064984,-92.40954728,19179.0,1744.4021847922445,2.1311475409836067,597,597,12,0,585,593,35205,13,1,0,12,4
2020-06-02,US,Iowa,Warren,144,0,0,41.33559454,-93.56007641,19181.0,279.796370419306,0.0,144,135,0,0,135,132,51056,9,0,0,9,3
2020-06-02,US,Iowa,Washington,190,8,0,41.33577126,-91.71725711,19183.0,865.0125199180515,4.2105263157894735,182,189,8,0,181,189,22141,1,0,0,1,0
2020-06-02,US,Iowa,Wayne,1,0,0,40.73969028,-93.32752197,19185.0,15.525539512498062,0.0,1,1,0,0,1,1,6401,0,0,0,0,0
2020-06-02,US,Iowa,Webster,43,1,0,42.42853483,-94.17987389,19187.0,119.7638146167558,2.3255813953488373,42,42,1,0,41,40,36277,1,0,0,1,2
2020-06-02,US,Iowa,Winnebago,11,0,0,43.37751174,-93.73407298,19189.0,106.23913463395789,0.0,11,11,0,0,11,11,10518,0,0,0,0,0
2020-06-02,US,Iowa,Winneshiek,24,0,0,43.29094334,-91.84422722,19191.0,120.05402431093992,0.0,24,24,0,0,24,24,20029,0,0,0,0,0
2020-06-02,US,Iowa,Woodbury,2786,36,0,42.38979414,-96.0459439,19193.0,2702.047387665241,1.2921751615218953,2750,2761,36,0,2725,2750,102539,25,0,0,25,11
2020-06-02,US,Iowa,Worth,3,0,0,43.37750768,-93.26087602,19195.0,40.64489906516732,0.0,3,3,0,0,3,3,7453,0,0,0,0,0
2020-06-02,US,Iowa,Wright,188,0,0,42.73305373,-93.73515113,19197.0,1496.5769781881866,0.0,188,178,0,0,178,169,12690,10,0,0,10,9
2020-06-02,US,Kansas,Allen,1,0,0,37.88582951,-95.30030847,20001.0,8.084727948904519,0.0,1,1,0,0,1,1,12444,0,0,0,0,0
2020-06-02,US,Kansas,Anderson,1,0,0,38.21413251,-95.29272815,20003.0,12.725884448969204,0.0,1,1,0,0,1,1,7878,0,0,0,0,0
2020-06-02,US,Kansas,Atchison,23,0,0,39.53185661,-95.30870026,20005.0,143.09711939277045,0.0,23,23,0,0,23,22,16193,0,0,0,0,1
2020-06-02,US,Kansas,Barber,1,0,0,37.2288586,-98.68460053,20007.0,22.588660492432798,0.0,1,1,0,0,1,1,4472,0,0,0,0,0
2020-06-02,US,Kansas,Barton,44,1,0,38.47889676,-98.75636726,20009.0,170.6815625121223,2.272727272727273,43,44,1,0,43,45,26111,0,0,0,0,-1
2020-06-02,US,Kansas,Bourbon,7,1,0,37.85508555,-94.84865997,20011.0,48.16292830604101,14.285714285714285,6,7,1,0,6,7,14653,0,0,0,0,0
2020-06-02,US,Kansas,Brown,6,0,0,39.82652589,-95.56421698,20013.0,62.73525721455458,0.0,6,6,0,0,6,6,9598,0,0,0,0,0
2020-06-02,US,Kansas,Butler,34,0,0,37.78134351,-96.83878537,20015.0,50.813767541958725,0.0,34,34,0,0,34,31,66765,0,0,0,0,3
2020-06-02,US,Kansas,Chase,4,0,0,38.30292938,-96.59563862,20017.0,151.0574018126888,0.0,4,4,0,0,4,4,2629,0,0,0,0,0
2020-06-02,US,Kansas,Chautauqua,4,0,0,37.14994405,-96.2454192,20019.0,123.07692307692308,0.0,4,4,0,0,4,4,3309,0,0,0,0,0
2020-06-02,US,Kansas,Cherokee,10,0,0,37.16928494,-94.8462897,20021.0,50.15296654797132,0.0,10,10,0,0,10,10,20015,0,0,0,0,0
2020-06-02,US,Kansas,Cheyenne,2,0,0,39.78580976,-101.7318201,20023.0,75.27286413248024,0.0,2,2,0,0,2,2,2660,0,0,0,0,0
2020-06-02,US,Kansas,Clark,33,1,0,37.23577007,-99.81883015,20025.0,1654.964894684052,3.0303030303030303,32,33,1,0,32,33,2005,0,0,0,0,0
2020-06-02,US,Kansas,Clay,5,2,0,39.34948772,-97.16518128,20027.0,62.48437890527367,40.0,3,5,2,0,3,5,7997,0,0,0,0,0
2020-06-02,US,Kansas,Cloud,5,0,0,39.48028352,-97.64925343,20029.0,56.908718415661276,0.0,5,5,0,0,5,5,8729,0,0,0,0,0
2020-06-02,US,Kansas,Coffey,50,8,0,38.2365018,-95.73379515,20031.0,611.321677466683,16.0,42,50,8,0,42,50,8233,0,0,0,0,0
2020-06-02,US,Kansas,Comanche,2,0,0,37.19114520000001,-99.27113247,20033.0,117.64705882352942,0.0,2,2,0,0,2,2,1748,0,0,0,0,0
2020-06-02,US,Kansas,Cowley,10,1,0,37.23781842,-96.83776647,20035.0,28.64672854360032,10.0,9,10,1,0,9,5,35218,0,0,0,0,5
2020-06-02,US,Kansas,Crawford,8,1,0,37.50675523,-94.85245778,20037.0,20.608995826678342,12.5,7,8,1,0,7,8,39019,0,0,0,0,0
2020-06-02,US,Kansas,Dickinson,4,0,0,38.86600962,-97.15532383,20041.0,21.661431820643344,0.0,4,4,0,0,4,3,18717,0,0,0,0,1
2020-06-02,US,Kansas,Doniphan,18,0,0,39.79067154,-95.14056866,20043.0,236.84210526315792,0.0,18,17,0,0,17,15,7682,1,0,0,1,2
2020-06-02,US,Kansas,Douglas,67,0,0,38.88503636,-95.2925121,20045.0,54.80169149101498,0.0,67,67,0,0,67,66,121436,0,0,0,0,1
2020-06-02,US,Kansas,Edwards,5,0,0,37.88735543,-99.31263309,20047.0,178.69907076483204,0.0,5,5,0,0,5,5,2849,0,0,0,0,0
2020-06-02,US,Kansas,Ellis,8,0,0,38.91458712,-99.31751551,20051.0,28.01807165621826,0.0,8,8,0,0,8,8,28710,0,0,0,0,0
2020-06-02,US,Kansas,Ellsworth,2,0,0,38.69677695,-98.20462799,20053.0,32.77613897082924,0.0,2,2,0,0,2,2,6196,0,0,0,0,0
2020-06-02,US,Kansas,Finney,1504,10,0,38.04340344,-100.73819379999999,20055.0,4124.276743357008,0.6648936170212766,1494,1502,8,0,1494,1481,36611,2,2,0,0,21
2020-06-02,US,Kansas,Ford,1789,8,0,37.69200114,-99.88825298,20057.0,5321.395639370594,0.4471771939631079,1781,1787,8,0,1779,1742,33888,2,0,0,2,45
2020-06-02,US,Kansas,Franklin,35,0,0,38.56443815,-95.28644341,20059.0,137.018477920451,0.0,35,35,0,0,35,34,25631,0,0,0,0,1
2020-06-02,US,Kansas,Geary,20,0,0,38.99871131,-96.7577178,20061.0,63.15124723713294,0.0,20,20,0,0,20,20,32594,0,0,0,0,0
2020-06-02,US,Kansas,Gove,1,0,0,38.91588178,-100.4829321,20063.0,37.93626707132018,0.0,1,1,0,0,1,1,2612,0,0,0,0,0
2020-06-02,US,Kansas,Grant,18,0,0,37.56227336,-101.3079758,20067.0,251.74825174825176,0.0,18,18,0,0,18,18,7336,0,0,0,0,0
2020-06-02,US,Kansas,Gray,23,0,0,37.73836671,-100.4369088,20069.0,384.1015364061456,0.0,23,23,0,0,23,22,6033,0,0,0,0,1
2020-06-02,US,Kansas,Greenwood,9,0,0,37.8774388,-96.23250453,20073.0,150.45135406218657,0.0,9,9,0,0,9,9,6055,0,0,0,0,0
2020-06-02,US,Kansas,Hamilton,18,0,0,37.99978709,-101.7921066,20075.0,708.9405277668374,0.0,18,18,0,0,18,17,2607,0,0,0,0,1
2020-06-02,US,Kansas,Harper,2,0,0,37.19175361,-98.07578384,20077.0,36.79175864606328,0.0,2,2,0,0,2,2,5506,0,0,0,0,0
2020-06-02,US,Kansas,Harvey,11,0,0,38.04293782,-97.42747573,20079.0,31.949809753405557,0.0,11,11,0,0,11,11,34210,0,0,0,0,0
2020-06-02,US,Kansas,Haskell,21,0,0,37.562039399999996,-100.8710738,20081.0,529.233870967742,0.0,21,21,0,0,21,21,3997,0,0,0,0,0
2020-06-02,US,Kansas,Hodgeman,5,0,0,38.08780079,-99.89829881,20083.0,278.70680044593087,0.0,5,5,0,0,5,5,1818,0,0,0,0,0
2020-06-02,US,Kansas,Jackson,100,1,0,39.41673394,-95.79356799,20085.0,759.2437931819908,1.0,99,100,1,0,99,96,13280,0,0,0,0,4
2020-06-02,US,Kansas,Jefferson,22,0,0,39.2347941,-95.38289232,20087.0,115.52801554376936,0.0,22,22,0,0,22,22,18975,0,0,0,0,0
2020-06-02,US,Kansas,Jewell,4,0,0,39.78470589,-98.21820662,20089.0,138.9371309482459,0.0,4,4,0,0,4,4,2841,0,0,0,0,0
2020-06-02,US,Kansas,Johnson,857,66,0,38.88548175,-94.82250877,20091.0,142.26404006633456,7.701283547257876,791,844,63,0,781,812,597555,13,3,0,10,32
2020-06-02,US,Kansas,Kearny,45,1,0,38.00017981,-101.32168100000001,20093.0,1172.4856696195934,2.2222222222222223,44,45,1,0,44,45,3943,0,0,0,0,0
2020-06-02,US,Kansas,Kiowa,2,0,0,37.55848695,-99.2856537,20097.0,80.8080808080808,0.0,2,2,0,0,2,2,2516,0,0,0,0,0
2020-06-02,US,Kansas,Labette,22,0,0,37.19113093,-95.29849679,20099.0,112.141910490366,0.0,22,22,0,0,22,22,19964,0,0,0,0,0
2020-06-02,US,Kansas,Lane,3,0,0,38.48119447,-100.46607540000001,20101.0,195.4397394136808,0.0,3,3,0,0,3,3,1560,0,0,0,0,0
2020-06-02,US,Kansas,Leavenworth,1093,7,0,39.20183497,-95.03620809,20103.0,1336.8722326867094,0.6404391582799634,1086,1093,7,0,1086,1082,81352,0,0,0,0,11
2020-06-02,US,Kansas,Linn,11,0,0,38.21267844,-94.84254089,20107.0,113.36699989693909,0.0,11,11,0,0,11,11,9750,0,0,0,0,0
2020-06-02,US,Kansas,Lyon,372,3,0,38.45576156,-96.15275715,20111.0,1120.6507004066875,0.8064516129032258,369,372,3,0,369,354,33406,0,0,0,0,18
2020-06-02,US,Kansas,Marion,5,1,0,38.35855394,-97.09852509999999,20115.0,42.07337596768765,20.0,4,5,1,0,4,5,11950,0,0,0,0,0
2020-06-02,US,Kansas,McPherson,28,0,0,38.39184858,-97.64769869,20113.0,98.10104407539768,0.0,28,28,0,0,28,27,28537,0,0,0,0,1
2020-06-02,US,Kansas,Meade,31,0,0,37.23859987,-100.36483100000001,20119.0,768.6585668237044,0.0,31,31,0,0,31,29,4146,0,0,0,0,2
2020-06-02,US,Kansas,Miami,7,0,0,38.56383358,-94.83832189,20121.0,20.445716622367613,0.0,7,7,0,0,7,7,33680,0,0,0,0,0
2020-06-02,US,Kansas,Mitchell,4,0,0,39.39331582,-98.20906732,20123.0,66.9008195350393,0.0,4,4,0,0,4,4,6150,0,0,0,0,0
2020-06-02,US,Kansas,Montgomery,20,2,0,37.19236568,-95.74329258,20125.0,62.835778692387436,10.0,18,20,2,0,18,20,32120,0,0,0,0,0
2020-06-02,US,Kansas,Morris,5,0,0,38.68827511,-96.65128437,20127.0,88.96797153024912,0.0,5,5,0,0,5,5,5521,0,0,0,0,0
2020-06-02,US,Kansas,Morton,6,0,0,37.19141121,-101.79925190000002,20129.0,231.92887514495555,0.0,6,6,0,0,6,5,2667,0,0,0,0,1
2020-06-02,US,Kansas,Nemaha,19,0,0,39.78345387,-96.01392079,20131.0,185.7100967647346,0.0,19,18,0,0,18,16,10155,1,0,0,1,2
2020-06-02,US,Kansas,Neosho,2,0,0,37.55862897,-95.30670046,20133.0,12.494533641531827,0.0,2,2,0,0,2,2,15951,0,0,0,0,0
2020-06-02,US,Kansas,Ness,3,0,0,38.47974157,-99.91547333,20135.0,109.0909090909091,0.0,3,3,0,0,3,1,2840,0,0,0,0,2
2020-06-02,US,Kansas,Norton,2,0,0,39.78443827,-99.90286639,20137.0,37.30647267300878,0.0,2,2,0,0,2,2,5430,0,0,0,0,0
2020-06-02,US,Kansas,Osage,7,0,0,38.65235984,-95.72707998,20139.0,43.889899053232185,0.0,7,7,0,0,7,7,15941,0,0,0,0,0
2020-06-02,US,Kansas,Osborne,2,0,0,39.3503437,-98.76753828,20141.0,58.46243788365975,0.0,2,2,0,0,2,2,3475,0,0,0,0,0
2020-06-02,US,Kansas,Ottawa,4,0,0,39.13237408,-97.65020313,20143.0,70.12622720897616,0.0,4,4,0,0,4,4,5802,0,0,0,0,0
2020-06-02,US,Kansas,Phillips,2,0,0,39.78465501,-99.34668865,20147.0,38.211692777990066,0.0,2,2,0,0,2,2,5317,0,0,0,0,0
2020-06-02,US,Kansas,Pottawatomie,25,0,0,39.37925655,-96.34564657,20149.0,102.5304515441086,0.0,25,25,0,0,25,25,24277,0,0,0,0,0
2020-06-02,US,Kansas,Pratt,2,0,0,37.64780729,-98.73922153,20151.0,21.824530772588393,0.0,2,2,0,0,2,2,9378,0,0,0,0,0
2020-06-02,US,Kansas,Reno,43,0,0,37.95230263,-98.08607292,20155.0,69.3570760347108,0.0,43,43,0,0,43,43,62342,0,0,0,0,0
2020-06-02,US,Kansas,Republic,4,0,0,39.82799632,-97.65036709,20157.0,86.28127696289906,0.0,4,4,0,0,4,4,4664,0,0,0,0,0
2020-06-02,US,Kansas,Rice,4,0,0,38.34616184,-98.19992118,20159.0,41.94191045402118,0.0,4,4,0,0,4,4,9531,0,0,0,0,0
2020-06-02,US,Kansas,Riley,66,1,0,39.28935726,-96.73420026,20161.0,88.91044293566117,1.5151515151515151,65,66,1,0,65,64,73703,0,0,0,0,2
2020-06-02,US,Kansas,Rooks,6,0,0,39.35022773,-99.32484567,20163.0,121.95121951219512,0.0,6,6,0,0,6,6,5013,0,0,0,0,0
2020-06-02,US,Kansas,Saline,26,2,0,38.78369175,-97.65185177,20169.0,47.94924756565359,7.6923076923076925,24,25,2,0,23,25,54401,1,0,0,1,0
2020-06-02,US,Kansas,Scott,14,0,0,38.48222076,-100.90665390000001,20171.0,290.2757619738752,0.0,14,14,0,0,14,14,4897,0,0,0,0,0
2020-06-02,US,Kansas,Sedgwick,604,21,0,37.6842718,-97.4608198,20173.0,117.04473666872076,3.4768211920529803,583,601,21,0,580,580,513607,3,0,0,3,21
2020-06-02,US,Kansas,Seward,883,2,0,37.19324632,-100.85072009999999,20175.0,4120.776554041441,0.2265005662514156,881,879,2,0,877,883,21780,4,0,0,4,-4
2020-06-02,US,Kansas,Shawnee,326,7,0,39.04100763,-95.75572640000001,20177.0,184.31095406360424,2.147239263803681,319,324,7,0,317,300,177499,2,0,0,2,24
2020-06-02,US,Kansas,Sheridan,2,0,0,39.35018161,-100.44182590000001,20179.0,79.33359777865927,0.0,2,2,0,0,2,2,2533,0,0,0,0,0
2020-06-02,US,Kansas,Sherman,7,0,0,39.35147699,-101.71976240000001,20181.0,118.30319418624303,0.0,7,7,0,0,7,7,5899,0,0,0,0,0
2020-06-02,US,Kansas,Smith,2,0,0,39.78516566,-98.78566062,20183.0,55.81914596706671,0.0,2,2,0,0,2,2,3603,0,0,0,0,0
2020-06-02,US,Kansas,Stafford,1,0,0,38.03100851,-98.71762001,20185.0,24.06159769008662,0.0,1,1,0,0,1,1,4178,0,0,0,0,0
2020-06-02,US,Kansas,Stanton,10,0,0,37.56304714,-101.78435340000001,20187.0,498.5044865403789,0.0,10,10,0,0,10,9,1987,0,0,0,0,1
2020-06-02,US,Kansas,Stevens,30,0,0,37.1923008,-101.3118967,20189.0,546.9462169553327,0.0,30,30,0,0,30,30,5559,0,0,0,0,0
2020-06-02,US,Kansas,Sumner,8,1,0,37.23682549,-97.47721621,20191.0,35.032404974601505,12.5,7,8,1,0,7,8,22996,0,0,0,0,0
2020-06-02,US,Kansas,Trego,1,0,0,38.91467218,-99.87284448,20195.0,35.676061362825536,0.0,1,1,0,0,1,1,2793,0,0,0,0,0
2020-06-02,US,Kansas,Wabaunsee,31,0,0,38.95471985,-96.20350509,20197.0,447.2659067955562,0.0,31,31,0,0,31,31,6899,0,0,0,0,0
2020-06-02,US,Kansas,Wilson,1,0,0,37.55937174,-95.74323255,20205.0,11.730205278592374,0.0,1,1,0,0,1,1,8665,0,0,0,0,0
2020-06-02,US,Kansas,Woodson,6,0,0,37.8865336,-95.74006277,20207.0,191.20458891013385,0.0,6,6,0,0,6,6,3183,0,0,0,0,0
2020-06-02,US,Kansas,Wyandotte,1375,74,0,39.11727348,-94.76378225,20209.0,831.1722853913159,5.381818181818181,1301,1359,74,0,1285,1337,165324,16,0,0,16,22
2020-06-02,US,Kentucky,Adair,97,19,0,37.10459774,-85.28129668,21001.0,505.15571294656814,19.587628865979386,78,97,19,0,78,97,19215,0,0,0,0,0
2020-06-02,US,Kentucky,Allen,92,3,0,36.75197631,-86.19457544,21003.0,431.6209242317617,3.260869565217391,89,93,3,0,90,70,21122,-1,0,0,-1,23
2020-06-02,US,Kentucky,Anderson,22,1,0,38.00671029,-84.99171713,21005.0,96.71605046819359,4.545454545454546,21,20,1,0,19,18,22663,2,0,0,2,2
2020-06-02,US,Kentucky,Ballard,12,0,0,37.05842757,-88.99427697,21007.0,152.1298174442191,0.0,12,12,0,0,12,12,7979,0,0,0,0,0
2020-06-02,US,Kentucky,Barren,49,1,0,36.96469836,-85.93338945,21009.0,110.73696580713688,2.0408163265306123,48,47,1,0,46,45,44176,2,0,0,2,2
2020-06-02,US,Kentucky,Bath,9,1,0,38.14735938,-83.74588932,21011.0,72.0,11.111111111111109,8,9,1,0,8,9,12383,0,0,0,0,0
2020-06-02,US,Kentucky,Bell,1,0,0,36.73355174,-83.67766671,21013.0,3.8414259373079287,0.0,1,1,0,0,1,1,26569,0,0,0,0,0
2020-06-02,US,Kentucky,Boone,467,17,0,38.97065142,-84.72615357,21015.0,349.60061685419333,3.6402569593147747,450,459,17,0,442,436,131533,8,0,0,8,23
2020-06-02,US,Kentucky,Bourbon,11,1,0,38.2054607,-84.21827874,21017.0,55.589246007681425,9.090909090909092,10,11,1,0,10,11,20184,0,0,0,0,0
2020-06-02,US,Kentucky,Boyd,40,3,0,38.36176608,-82.68652187,21019.0,85.62010360032535,7.5,37,40,3,0,37,39,47240,0,0,0,0,1
2020-06-02,US,Kentucky,Boyle,26,0,0,37.62680923,-84.8633779,21021.0,86.49367930805056,0.0,26,25,0,0,25,25,30100,1,0,0,1,0
2020-06-02,US,Kentucky,Bracken,13,0,0,38.69158994,-84.08532444,21023.0,156.56991448873904,0.0,13,13,0,0,13,12,8239,0,0,0,0,1
2020-06-02,US,Kentucky,Breathitt,3,0,0,37.52333168,-83.31959161,21025.0,23.752969121140147,0.0,3,3,0,0,3,3,12726,0,0,0,0,0
2020-06-02,US,Kentucky,Breckinridge,17,2,0,37.77377239,-86.42885017,21027.0,83.01997362894957,11.764705882352944,15,17,2,0,15,17,20388,0,0,0,0,0
2020-06-02,US,Kentucky,Bullitt,119,4,0,37.97162523,-85.68955617,21029.0,145.69763455605073,3.361344537815126,115,115,4,0,111,111,81069,4,0,0,4,4
2020-06-02,US,Kentucky,Butler,232,13,0,37.20946153,-86.68748787,21031.0,1801.382094883143,5.603448275862068,219,232,13,0,219,228,12772,0,0,0,0,4
2020-06-02,US,Kentucky,Caldwell,12,0,0,37.14749129,-87.86948214,21033.0,94.13979759943516,0.0,12,12,0,0,12,12,12715,0,0,0,0,0
2020-06-02,US,Kentucky,Calloway,52,1,0,36.62093411,-88.2731593,21035.0,133.3299146175739,1.9230769230769231,51,52,1,0,51,50,39135,0,0,0,0,2
2020-06-02,US,Kentucky,Campbell,185,12,0,38.94384345,-84.37875208,21037.0,197.6833646777227,6.486486486486488,173,182,12,0,170,173,93152,3,0,0,3,9
2020-06-02,US,Kentucky,Carlisle,5,1,0,36.85372876,-88.96692220000001,21039.0,105.04201680672269,20.0,4,5,1,0,4,5,4771,0,0,0,0,0
2020-06-02,US,Kentucky,Carroll,14,0,0,38.66599534,-85.12601074,21041.0,131.69033957294704,0.0,14,14,0,0,14,12,10737,0,0,0,0,2
2020-06-02,US,Kentucky,Carter,12,0,0,38.31690743,-83.05092385,21043.0,44.78113221629287,0.0,12,12,0,0,12,11,27004,0,0,0,0,1
2020-06-02,US,Kentucky,Casey,3,0,0,37.32533118,-84.92726209,21045.0,18.565505291169007,0.0,3,3,0,0,3,3,15888,0,0,0,0,0
2020-06-02,US,Kentucky,Christian,111,3,0,36.89267803,-87.49055367,21047.0,157.53395495380425,2.702702702702702,108,111,3,0,108,110,71671,0,0,0,0,1
2020-06-02,US,Kentucky,Clark,42,0,0,37.9689263,-84.14615986,21049.0,115.82053332597964,0.0,42,42,0,0,42,41,36249,0,0,0,0,1
2020-06-02,US,Kentucky,Clay,7,1,0,37.16451126,-83.712575,21051.0,35.1741118536757,14.285714285714285,6,7,0,0,7,7,20105,0,1,0,-1,0
2020-06-02,US,Kentucky,Clinton,4,0,0,36.72581156,-85.13377529,21053.0,39.14660403210021,0.0,4,4,0,0,4,3,10206,0,0,0,0,1
2020-06-02,US,Kentucky,Crittenden,7,1,0,37.35839237,-88.08826090000002,21055.0,79.4912559618442,14.285714285714285,6,6,1,0,5,6,8915,1,0,0,1,0
2020-06-02,US,Kentucky,Cumberland,5,0,0,36.78926125,-85.39050034,21057.0,75.59721802237678,0.0,5,5,0,0,5,5,6659,0,0,0,0,0
2020-06-02,US,Kentucky,Daviess,323,6,0,37.73028906,-87.09019479999998,21059.0,318.1921171104609,1.8575851393188851,317,324,6,0,318,317,101104,-1,0,0,-1,7
2020-06-02,US,Kentucky,Edmonson,56,9,0,37.21218923,-86.23955613,21061.0,460.90534979423865,16.071428571428573,47,56,9,0,47,56,12274,0,0,0,0,0
2020-06-02,US,Kentucky,Elliott,1,0,0,38.11624059,-83.09771563,21063.0,13.303179459890915,0.0,1,1,0,0,1,1,7508,0,0,0,0,0
2020-06-02,US,Kentucky,Estill,1,0,0,37.69241417,-83.95956369,21065.0,7.089181908407768,0.0,1,,,,,,14198,,,,,
2020-06-02,US,Kentucky,Fayette,770,13,0,38.0368225,-84.45576892,21067.0,238.27796207357528,1.6883116883116882,757,760,13,0,747,714,323780,10,0,0,10,46
2020-06-02,US,Kentucky,Fleming,3,0,0,38.36758311,-83.69657514,21069.0,20.574720526712845,0.0,3,3,0,0,3,3,14432,0,0,0,0,0
2020-06-02,US,Kentucky,Floyd,17,0,0,37.56213922,-82.74750924,21071.0,47.767568630756685,0.0,17,16,0,0,16,16,35845,1,0,0,1,0
2020-06-02,US,Kentucky,Franklin,55,0,0,38.2379395,-84.87962551,21073.0,107.86217175580003,0.0,55,38,0,0,38,38,50815,17,0,0,17,0
2020-06-02,US,Kentucky,Fulton,7,0,0,36.55238827,-89.20140068,21075.0,117.27257497068186,0.0,7,7,0,0,7,7,6120,0,0,0,0,0
2020-06-02,US,Kentucky,Gallatin,43,4,0,38.75398691,-84.8558382,21077.0,484.83481790506255,9.30232558139535,39,37,4,0,33,36,8832,6,0,0,6,1
2020-06-02,US,Kentucky,Garrard,5,0,0,37.638866799999995,-84.53289319,21079.0,28.302954828484093,0.0,5,5,0,0,5,5,17560,0,0,0,0,0
2020-06-02,US,Kentucky,Grant,42,4,0,38.64962758,-84.62415957,21081.0,167.5375962343931,9.523809523809524,38,42,4,0,38,42,25121,0,0,0,0,0
2020-06-02,US,Kentucky,Graves,167,19,0,36.72292505,-88.65143315,21083.0,448.12966242687696,11.377245508982035,148,166,19,0,147,165,37317,1,0,0,1,1
2020-06-02,US,Kentucky,Grayson,126,9,0,37.46231118,-86.34248968,21085.0,476.7851061414463,7.142857142857142,117,126,9,0,117,124,26321,0,0,0,0,2
2020-06-02,US,Kentucky,Green,1,0,0,37.26484328,-85.5540745,21087.0,9.139932364500504,0.0,1,1,0,0,1,1,11049,0,0,0,0,0
2020-06-02,US,Kentucky,Greenup,14,0,0,38.54332505,-82.9215658,21089.0,39.88831272437176,0.0,14,14,0,0,14,14,35268,0,0,0,0,0
2020-06-02,US,Kentucky,Hancock,7,0,0,37.83766422,-86.78280584,21091.0,80.25682182985555,0.0,7,7,0,0,7,7,8758,0,0,0,0,0
2020-06-02,US,Kentucky,Hardin,106,2,0,37.6976111,-85.96319251,21093.0,95.53164260350763,1.8867924528301887,104,103,2,0,101,102,110356,3,0,0,3,1
2020-06-02,US,Kentucky,Harlan,4,0,0,36.85699301,-83.21899516,21095.0,15.378700499807767,0.0,4,4,0,0,4,1,26409,0,0,0,0,3
2020-06-02,US,Kentucky,Harrison,23,0,0,38.44188174,-84.32869741,21097.0,121.78333156835753,0.0,23,21,0,0,21,18,18778,2,0,0,2,3
2020-06-02,US,Kentucky,Hart,23,0,0,37.29943898,-85.88461055,21099.0,120.8300499080641,0.0,23,24,0,0,24,22,18906,-1,0,0,-1,2
2020-06-02,US,Kentucky,Henderson,112,3,0,37.79344553,-87.57392021,21101.0,247.732802477328,2.6785714285714284,109,111,3,0,108,110,45591,1,0,0,1,1
2020-06-02,US,Kentucky,Henry,22,0,0,38.44942688,-85.11587507,21103.0,136.4256480218281,0.0,22,22,0,0,22,22,16106,0,0,0,0,0
2020-06-02,US,Kentucky,Hickman,5,0,0,36.67948079999999,-88.97875928,21105.0,114.15525114155253,0.0,5,5,0,0,5,5,4421,0,0,0,0,0
2020-06-02,US,Kentucky,Hopkins,222,30,0,37.30939025,-87.54670406,21107.0,496.7998925838071,13.513513513513516,192,222,30,0,192,221,45068,0,0,0,0,1
2020-06-02,US,Kentucky,Jackson,61,13,0,37.41866422,-83.99825483,21109.0,457.6487358391477,21.311475409836067,48,61,13,0,48,61,13442,0,0,0,0,0
2020-06-02,US,Kentucky,Jefferson,2562,157,0,38.18664655,-85.65931031,21111.0,334.13454327772683,6.128024980483997,2405,2519,156,0,2363,2437,770517,43,1,0,42,82
2020-06-02,US,Kentucky,Jessamine,68,0,0,37.87119786,-84.58252003,21113.0,125.65832024392498,0.0,68,65,0,0,65,62,53920,3,0,0,3,3
2020-06-02,US,Kentucky,Johnson,5,0,0,37.85106355,-82.8264322,21115.0,22.534703443302693,0.0,5,5,0,0,5,5,22386,0,0,0,0,0
2020-06-02,US,Kentucky,Kenton,614,34,0,38.93950319,-84.53241199,21117.0,367.66907388112435,5.537459283387622,580,608,34,0,574,585,166051,6,0,0,6,23
2020-06-02,US,Kentucky,Knott,4,0,0,37.35388197,-82.94981134,21119.0,27.016074564365802,0.0,4,4,0,0,4,4,15126,0,0,0,0,0
2020-06-02,US,Kentucky,Knox,10,0,0,36.89225732,-83.85403396,21121.0,32.10788248515011,0.0,10,8,0,0,8,8,31304,2,0,0,2,0
2020-06-02,US,Kentucky,Larue,8,0,0,37.54567114,-85.70138352,21123.0,55.563272676760654,0.0,8,8,0,0,8,8,14307,0,0,0,0,0
2020-06-02,US,Kentucky,Laurel,21,2,0,37.10975748,-84.11321779,21125.0,34.532090178086925,9.523809523809524,19,21,2,0,19,21,60669,0,0,0,0,0
2020-06-02,US,Kentucky,Lawrence,4,0,0,38.07136018,-82.72882223,21127.0,26.114774433635827,0.0,4,3,0,0,3,2,15571,1,0,0,1,1
2020-06-02,US,Kentucky,Lee,1,0,0,37.59645942,-83.71513901,21129.0,13.508037282182901,0.0,1,1,0,0,1,1,7033,0,0,0,0,0
2020-06-02,US,Kentucky,Leslie,6,0,0,37.09246661,-83.37999606,21131.0,60.74719044244203,0.0,6,6,0,0,6,6,10143,0,0,0,0,0
2020-06-02,US,Kentucky,Letcher,4,0,0,37.12306748,-82.85346474,21133.0,18.558901313042266,0.0,4,4,0,0,4,4,21899,0,0,0,0,0
2020-06-02,US,Kentucky,Lewis,7,0,0,38.53184419,-83.37735618,21135.0,52.730696798493405,0.0,7,7,0,0,7,7,13257,0,0,0,0,0
2020-06-02,US,Kentucky,Lincoln,8,1,0,37.45475628,-84.6565327,21137.0,32.58788545358263,12.5,7,8,1,0,7,8,24644,0,0,0,0,0
2020-06-02,US,Kentucky,Livingston,9,0,0,37.21137452,-88.34797529,21139.0,97.88992821405265,0.0,9,9,0,0,9,9,9242,0,0,0,0,0
2020-06-02,US,Kentucky,Logan,152,4,0,36.85949479,-86.877635,21141.0,560.8442181388829,2.631578947368421,148,150,4,0,146,145,26989,2,0,0,2,5
2020-06-02,US,Kentucky,Lyon,15,3,0,37.02080035,-88.07886257,21143.0,182.70401948842877,20.0,12,15,3,0,12,15,8009,0,0,0,0,0
2020-06-02,US,Kentucky,Madison,55,1,0,37.71659336,-84.27220275,21151.0,59.148052953638675,1.818181818181818,54,55,1,0,54,55,92368,0,0,0,0,0
2020-06-02,US,Kentucky,Magoffin,2,0,0,37.70820545,-83.0657714,21153.0,16.446015952635474,0.0,2,2,0,0,2,2,12362,0,0,0,0,0
2020-06-02,US,Kentucky,Marion,24,0,0,37.55218078,-85.26898542,21155.0,124.52653971877756,0.0,24,21,0,0,21,21,19404,3,0,0,3,0
2020-06-02,US,Kentucky,Marshall,38,2,0,36.88007070000001,-88.32803576,21157.0,122.18649517684887,5.2631578947368425,36,38,2,0,36,38,31191,0,0,0,0,0
2020-06-02,US,Kentucky,Martin,3,0,0,37.79990579,-82.51247478,21159.0,26.797677534613662,0.0,3,3,0,0,3,3,11323,0,0,0,0,0
2020-06-02,US,Kentucky,Mason,9,0,0,38.59471935,-83.82151043,21161.0,52.72407732864674,0.0,9,9,0,0,9,9,17150,0,0,0,0,0
2020-06-02,US,Kentucky,McCracken,97,2,0,37.05350953,-88.70445755,21145.0,148.27723256596045,2.061855670103093,95,97,2,0,95,95,65346,0,0,0,0,2
2020-06-02,US,Kentucky,McCreary,13,0,0,36.73874143,-84.48102924,21147.0,75.44541814172132,0.0,13,13,0,0,13,13,17408,0,0,0,0,0
2020-06-02,US,Kentucky,McLean,22,1,0,37.5301951,-87.26803443,21149.0,238.94862604540023,4.545454545454546,21,22,1,0,21,22,9252,0,0,0,0,0
2020-06-02,US,Kentucky,Meade,22,2,0,37.96163597,-86.21028219,21163.0,76.99846003079938,9.090909090909092,20,22,2,0,20,22,28715,0,0,0,0,0
2020-06-02,US,Kentucky,Menifee,10,0,0,37.94090733,-83.59985712,21165.0,154.10695022345507,0.0,10,10,0,0,10,10,6451,0,0,0,0,0
2020-06-02,US,Kentucky,Mercer,14,0,0,37.81474237,-84.87488475,21167.0,63.830757306342036,0.0,14,13,0,0,13,13,21774,1,0,0,1,0
2020-06-02,US,Kentucky,Metcalfe,6,1,0,36.99459295,-85.63123699,21169.0,59.577003276735184,16.666666666666668,5,6,1,0,5,6,10030,0,0,0,0,0
2020-06-02,US,Kentucky,Monroe,21,0,0,36.71225341,-85.71596443,21171.0,197.18309859154925,0.0,21,20,0,0,20,17,10718,1,0,0,1,3
2020-06-02,US,Kentucky,Montgomery,25,0,0,38.03253032,-83.9145241,21173.0,88.78786802571297,0.0,25,25,0,0,25,24,28203,0,0,0,0,1
2020-06-02,US,Kentucky,Morgan,1,0,0,37.92465657,-83.25558245,21175.0,7.5137125253587795,0.0,1,1,0,0,1,1,13345,0,0,0,0,0
2020-06-02,US,Kentucky,Muhlenberg,484,8,0,37.21425819,-87.14632053,21177.0,1580.5629939259354,1.6528925619834711,476,484,7,0,477,483,30774,0,1,0,-1,1
2020-06-02,US,Kentucky,Nelson,42,1,0,37.80335779,-85.4657193,21179.0,90.8442021932386,2.380952380952381,41,41,1,0,40,41,45851,1,0,0,1,0
2020-06-02,US,Kentucky,Nicholas,3,0,0,38.33342292,-84.01889177,21181.0,41.27115146512588,0.0,3,3,0,0,3,3,7166,0,0,0,0,0
2020-06-02,US,Kentucky,Ohio,148,0,0,37.47751843,-86.85368087,21183.0,616.8208718846379,0.0,148,148,0,0,148,144,24087,0,0,0,0,4
2020-06-02,US,Kentucky,Oldham,100,5,0,38.39791089,-85.448222,21185.0,149.70283986287217,5.0,95,99,5,0,94,83,66470,1,0,0,1,16
2020-06-02,US,Kentucky,Owen,3,0,0,38.51679143,-84.82404619,21187.0,27.520410971470515,0.0,3,3,0,0,3,2,10880,0,0,0,0,1
2020-06-02,US,Kentucky,Owsley,2,0,0,37.42823949,-83.68811419,21189.0,45.30011325028314,0.0,2,2,0,0,2,2,4472,0,0,0,0,0
2020-06-02,US,Kentucky,Pendleton,11,0,0,38.69607718,-84.35599463,21191.0,75.39410555174777,0.0,11,10,0,0,10,9,14529,1,0,0,1,1
2020-06-02,US,Kentucky,Perry,21,0,0,37.25023553,-83.22922731,21193.0,81.52806894945259,0.0,21,19,0,0,19,19,26092,2,0,0,2,0
2020-06-02,US,Kentucky,Pike,30,2,0,37.47088263,-82.39487445,21195.0,51.83495749533486,6.666666666666668,28,30,2,0,28,29,58402,0,0,0,0,1
2020-06-02,US,Kentucky,Powell,1,0,0,37.83218794,-83.82553961,21197.0,8.091269520187717,0.0,1,1,0,0,1,1,12442,0,0,0,0,0
2020-06-02,US,Kentucky,Pulaski,61,2,0,37.10466131,-84.57629079,21199.0,93.87648317148614,3.278688524590164,59,58,2,0,56,58,64623,3,0,0,3,0
2020-06-02,US,Kentucky,Rockcastle,13,0,0,37.36642393,-84.31176452,21203.0,77.86762503743634,0.0,13,13,0,0,13,13,16750,0,0,0,0,0
2020-06-02,US,Kentucky,Rowan,7,0,0,38.19484205,-83.42088935,21205.0,28.618152085036797,0.0,7,7,0,0,7,7,24583,0,0,0,0,0
2020-06-02,US,Kentucky,Russell,24,4,0,36.99308373,-85.06070117,21207.0,133.9061541036657,16.666666666666668,20,24,4,0,20,24,17821,0,0,0,0,0
2020-06-02,US,Kentucky,Scott,35,0,0,38.29622293,-84.5816631,21209.0,61.39920005613641,0.0,35,35,0,0,35,35,56031,0,0,0,0,0
2020-06-02,US,Kentucky,Shelby,178,4,0,38.21476019,-85.194223,21211.0,363.08746736292426,2.247191011235955,174,175,4,0,171,164,48518,3,0,0,3,11
2020-06-02,US,Kentucky,Simpson,54,3,0,36.74058474,-86.58047435,21213.0,290.7602842989447,5.5555555555555545,51,54,3,0,51,52,18529,0,0,0,0,2
2020-06-02,US,Kentucky,Spencer,22,0,0,38.03223971,-85.32749335,21215.0,113.68921502764715,0.0,22,22,0,0,22,22,18794,0,0,0,0,0
2020-06-02,US,Kentucky,Taylor,12,1,0,37.3677562,-85.3329931,21217.0,46.56758120221971,8.333333333333334,11,11,1,0,10,11,25549,1,0,0,1,0
2020-06-02,US,Kentucky,Todd,17,0,0,36.8381152,-87.17878374,21219.0,138.27883520416464,0.0,17,17,0,0,17,17,12311,0,0,0,0,0
2020-06-02,US,Kentucky,Trigg,10,0,0,36.80767017,-87.87333656,21221.0,68.25472663981981,0.0,10,10,0,0,10,10,14643,0,0,0,0,0
2020-06-02,US,Kentucky,Trimble,6,0,0,38.61056487,-85.33775972,21223.0,70.82989021367017,0.0,6,6,0,0,6,6,8515,0,0,0,0,0
2020-06-02,US,Kentucky,Unassigned,7,0,0,0.0,0.0,90021.0,0.0,0.0,7,14,0,0,14,6,,-7,0,0,-7,8
2020-06-02,US,Kentucky,Union,15,0,0,37.66166713,-87.94300009,21225.0,104.30429038314443,0.0,15,12,0,0,12,11,14505,3,0,0,3,1
2020-06-02,US,Kentucky,Warren,1045,6,0,36.99903045,-86.42672751,21227.0,786.3291596436311,0.5741626794258373,1039,1038,6,0,1032,1007,131264,7,0,0,7,31
2020-06-02,US,Kentucky,Washington,6,0,0,37.75599461,-85.17407732,21229.0,49.60727573377429,0.0,6,6,0,0,6,6,12084,0,0,0,0,0
2020-06-02,US,Kentucky,Wayne,8,0,0,36.80310688,-84.8251971,21231.0,39.34490729356219,0.0,8,8,0,0,8,8,20468,0,0,0,0,0
2020-06-02,US,Kentucky,Webster,32,0,0,37.52168356,-87.67989953,21233.0,247.25699273682582,0.0,32,32,0,0,32,32,13111,0,0,0,0,0
2020-06-02,US,Kentucky,Whitley,13,0,0,36.75700531,-84.14541217,21235.0,35.848224134127506,0.0,13,13,0,0,13,13,36242,0,0,0,0,0
2020-06-02,US,Kentucky,Wolfe,1,0,0,37.73941626,-83.49303612,21237.0,13.972334777141258,0.0,1,1,0,0,1,1,7177,0,0,0,0,0
2020-06-02,US,Kentucky,Woodford,29,0,0,38.04178222,-84.7417556,21239.0,108.47609785292136,0.0,29,27,0,0,27,27,26533,2,0,0,2,0
2020-06-02,US,Louisiana,Acadia,428,24,0,30.295064899999996,-92.41419698,22001.0,689.8219034571682,5.607476635514018,404,422,23,0,399,418,62190,6,1,0,5,4
2020-06-02,US,Louisiana,Allen,184,10,0,30.65385745,-92.82442028,22003.0,717.9927420298903,5.434782608695652,174,184,10,0,174,184,25605,0,0,0,0,0
2020-06-02,US,Louisiana,Ascension,841,56,0,30.20406249,-90.91328409999998,22005.0,664.2760102366434,6.658739595719383,785,827,56,0,771,820,124672,14,0,0,14,7
2020-06-02,US,Louisiana,Assumption,252,14,0,29.89946234,-91.06461642,22007.0,1151.158010141154,5.5555555555555545,238,252,14,0,238,252,22300,0,0,0,0,0
2020-06-02,US,Louisiana,Avoyelles,136,9,0,31.07796211,-92.00079449,22009.0,338.78039059386214,6.617647058823528,127,130,9,0,121,128,40462,6,0,0,6,2
2020-06-02,US,Louisiana,Beauregard,69,4,0,30.64836518,-93.34173616,22011.0,184.0147211776942,5.797101449275362,65,69,4,0,65,66,37253,0,0,0,0,3
2020-06-02,US,Louisiana,Bienville,147,23,0,32.34569994,-93.05398492,22013.0,1110.1880522619138,15.646258503401361,124,147,23,0,124,146,13308,0,0,0,0,1
2020-06-02,US,Louisiana,Bossier,421,26,0,32.67932307,-93.60460152,22015.0,331.39429623973734,6.175771971496438,395,416,26,0,390,415,127185,5,0,0,5,1
2020-06-02,US,Louisiana,Caddo,2609,190,0,32.57991587,-93.88375652,22017.0,1086.1600972506703,7.282483710233806,2419,2578,189,0,2389,2562,242922,31,1,0,30,16
2020-06-02,US,Louisiana,Calcasieu,611,49,0,30.22931235,-93.35400434,22019.0,300.34015611789465,8.019639934533549,562,608,49,0,559,599,203112,3,0,0,3,9
2020-06-02,US,Louisiana,Caldwell,60,0,0,32.0902519,-92.11752148,22021.0,604.9606775559589,0.0,60,58,0,0,58,54,9960,2,0,0,2,4
2020-06-02,US,Louisiana,Cameron,6,0,0,29.87592238,-93.19310676,22023.0,86.0461781155887,0.0,6,6,0,0,6,6,6968,0,0,0,0,0
2020-06-02,US,Louisiana,Catahoula,114,3,0,31.66778967,-91.84526385,22025.0,1200.7583737097113,2.631578947368421,111,115,3,0,112,113,9608,-1,0,0,-1,2
2020-06-02,US,Louisiana,Claiborne,66,10,0,32.82308512,-92.99526883,22027.0,421.18698149329936,15.151515151515152,56,66,10,0,56,66,15944,0,0,0,0,0
2020-06-02,US,Louisiana,Concordia,88,5,0,31.44817835,-91.63814433,22029.0,456.9292278934524,5.6818181818181825,83,88,5,0,83,87,19572,0,0,0,0,1
2020-06-02,US,Louisiana,De Soto,249,17,0,32.05457447,-93.74130302,22031.0,906.674434693952,6.827309236947792,232,247,17,0,230,247,27436,2,0,0,2,0
2020-06-02,US,Louisiana,East Baton Rouge,3730,240,0,30.53842039,-91.09777565,22033.0,847.6136154470197,6.434316353887398,3490,3666,239,0,3427,3618,440956,64,1,0,63,48
2020-06-02,US,Louisiana,East Carroll,164,0,0,32.73926954,-91.23425694,22035.0,2390.322110479522,0.0,164,159,0,0,159,148,7037,5,0,0,5,11
2020-06-02,US,Louisiana,East Feliciana,198,30,0,30.84425359,-91.04976723,22037.0,1034.7530702900444,15.151515151515152,168,197,30,0,167,194,19305,1,0,0,1,3
2020-06-02,US,Louisiana,Evangeline,80,1,0,30.72985248,-92.39915924,22039.0,239.556819883216,1.25,79,78,1,0,77,78,33443,2,0,0,2,0
2020-06-02,US,Louisiana,Franklin,377,10,0,32.13675181,-91.67589857,22041.0,1883.5873095178613,2.6525198938992043,367,376,10,0,366,332,20156,1,0,0,1,44
2020-06-02,US,Louisiana,Grant,30,1,0,31.59882456,-92.56124347,22043.0,133.99437223636608,3.333333333333333,29,29,1,0,28,28,22482,1,0,0,1,1
2020-06-02,US,Louisiana,Iberia,411,38,0,29.86803617,-91.75871777,22045.0,588.5722468852929,9.24574209245742,373,410,38,0,372,408,70941,1,0,0,1,2
2020-06-02,US,Louisiana,Iberville,578,41,0,30.25734305,-91.3499598,22047.0,1777.859801298022,7.093425605536332,537,577,41,0,536,567,32721,1,0,0,1,10
2020-06-02,US,Louisiana,Jackson,109,15,0,32.30251776,-92.55692092,22049.0,692.3272357723578,13.761467889908257,94,106,13,0,93,106,15902,3,2,0,1,0
2020-06-02,US,Louisiana,Jefferson,7711,453,0,29.74075478,-90.11115756,22051.0,1782.9190299033744,5.874724419660225,7258,7652,451,0,7201,7584,434051,59,2,0,57,68
2020-06-02,US,Louisiana,Jefferson Davis,78,7,0,30.26896765,-92.81210004,22053.0,248.66105585309867,8.974358974358974,71,78,7,0,71,76,31582,0,0,0,0,2
2020-06-02,US,Louisiana,LaSalle,53,1,0,31.67884782,-92.15907765,22059.0,355.8957829707225,1.8867924528301887,52,52,0,0,52,51,14917,1,1,0,0,1
2020-06-02,US,Louisiana,Lafayette,803,27,0,30.2049055,-92.06959876,22055.0,328.5731822087647,3.3623910336239105,776,793,26,0,767,768,242782,10,1,0,9,25
2020-06-02,US,Louisiana,Lafourche,867,72,0,29.52470226,-90.40976986,22057.0,888.1922675026123,8.304498269896193,795,827,72,0,755,821,98115,40,0,0,40,6
2020-06-02,US,Louisiana,Lincoln,160,14,0,32.6003154,-92.66597409999999,22061.0,342.30456548714216,8.75,146,160,14,0,146,157,47196,0,0,0,0,3
2020-06-02,US,Louisiana,Livingston,440,30,0,30.44143993,-90.73061664,22063.0,312.5244159699977,6.8181818181818175,410,428,29,0,399,422,139567,12,1,0,11,6
2020-06-02,US,Louisiana,Madison,105,2,0,32.36918118,-91.23973355,22065.0,958.8165464341156,1.9047619047619049,103,101,0,0,101,97,11161,4,2,0,2,4
2020-06-02,US,Louisiana,Morehouse,122,5,0,32.81686191,-91.80421614,22067.0,490.47197877301596,4.0983606557377055,117,122,5,0,117,122,25398,0,0,0,0,0
2020-06-02,US,Louisiana,Natchitoches,172,13,0,31.72321584,-93.09816516,22069.0,450.7573772210284,7.558139534883722,159,171,13,0,158,169,38659,1,0,0,1,2
2020-06-02,US,Louisiana,Orleans,7156,506,0,30.06971951,-89.92660315,22071.0,1834.1945538057746,7.0709893795416425,6650,7141,507,0,6634,7127,391006,15,-1,0,16,14
2020-06-02,US,Louisiana,Ouachita,1289,44,0,32.47645559,-92.15704172,22073.0,840.9501627750702,3.4134988363072147,1245,1264,41,0,1223,1248,154475,25,3,0,22,16
2020-06-02,US,Louisiana,Plaquemines,215,17,0,29.42245447,-89.60322085,22075.0,926.8439884467821,7.906976744186046,198,213,17,0,196,211,23410,2,0,0,2,2
2020-06-02,US,Louisiana,Pointe Coupee,205,25,0,30.71409502,-91.60209535,22077.0,943.3962264150942,12.19512195121951,180,199,24,0,175,197,21940,6,1,0,5,2
2020-06-02,US,Louisiana,Rapides,810,31,0,31.19778499,-92.52997303,22079.0,624.768604220659,3.8271604938271606,779,800,28,0,772,790,130562,10,3,0,7,10
2020-06-02,US,Louisiana,Red River,50,7,0,32.09530039,-93.34213308,22081.0,592.2767116796967,14.0,43,50,7,0,43,50,8477,0,0,0,0,0
2020-06-02,US,Louisiana,Richland,139,3,0,32.41391005,-91.76634876,22083.0,690.7862041546567,2.1582733812949644,136,138,3,0,135,135,20192,1,0,0,1,3
2020-06-02,US,Louisiana,Sabine,47,0,0,31.56388699,-93.55433981,22085.0,196.7844582147044,0.0,47,47,0,0,47,46,24032,0,0,0,0,1
2020-06-02,US,Louisiana,St. Bernard,544,22,0,29.87761636,-89.51887093,22087.0,1151.468969604606,4.044117647058823,522,539,22,0,517,536,46721,5,0,0,5,3
2020-06-02,US,Louisiana,St. Charles,645,45,0,29.90709658,-90.35555967,22089.0,1214.6892655367233,6.9767441860465125,600,642,44,0,598,638,52879,3,1,0,2,4
2020-06-02,US,Louisiana,St. Helena,51,1,0,30.82210324,-90.71013176,22091.0,503.3557046979866,1.96078431372549,50,51,1,0,50,51,10262,0,0,0,0,0
2020-06-02,US,Louisiana,St. James,294,27,0,30.02531716,-90.80212061,22093.0,1393.6291240045507,9.183673469387756,267,294,25,0,269,294,21037,0,2,0,-2,0
2020-06-02,US,Louisiana,St. John the Baptist,864,82,0,30.12597499,-90.4753503,22095.0,2016.9479655438056,9.49074074074074,782,862,79,0,783,860,43184,2,3,0,-1,2
2020-06-02,US,Louisiana,St. Landry,266,54,0,30.59724262,-92.00135806,22097.0,323.9004432321855,20.30075187969925,212,263,54,0,209,257,82764,3,0,0,3,6
2020-06-02,US,Louisiana,St. Martin,300,23,0,30.13112107,-91.61403569,22099.0,561.4718047575377,7.666666666666668,277,300,23,0,277,298,53621,0,0,0,0,2
2020-06-02,US,Louisiana,St. Mary,323,31,0,29.69262097,-91.44702164,22101.0,654.5351382021562,9.597523219814242,292,321,30,0,291,319,49774,2,1,0,1,2
2020-06-02,US,Louisiana,St. Tammany,1776,159,0,30.40942847,-89.95642711,22103.0,681.9778894781102,8.952702702702704,1617,1764,158,0,1606,1749,258111,12,1,0,11,15
2020-06-02,US,Louisiana,Tangipahoa,883,37,0,30.62888673,-90.40664996,22105.0,655.2486679826059,4.190260475651189,846,868,35,0,833,858,133777,15,2,0,13,10
2020-06-02,US,Louisiana,Tensas,12,0,0,32.00760749,-91.32915234,22107.0,276.8804799261652,0.0,12,12,0,0,12,11,4462,0,0,0,0,1
2020-06-02,US,Louisiana,Terrebonne,692,54,0,29.37343766,-90.82626855,22109.0,626.4654493441124,7.803468208092487,638,686,51,0,635,679,111021,6,3,0,3,7
2020-06-02,US,Louisiana,Unassigned,85,111,0,0.0,0.0,90022.0,0.0,130.58823529411765,-26,84,111,0,-27,84,,1,0,0,1,0
2020-06-02,US,Louisiana,Union,324,19,0,32.83121059,-92.3749373,22111.0,1465.5328387913876,5.864197530864197,305,324,17,0,307,317,22330,0,2,0,-2,7
2020-06-02,US,Louisiana,Vermilion,57,3,0,29.83517605,-92.30292538,22113.0,95.78061198769976,5.2631578947368425,54,55,3,0,52,53,59830,2,0,0,2,2
2020-06-02,US,Louisiana,Vernon,28,3,0,31.10884837,-93.18153838,22115.0,59.035611123995864,10.714285714285714,25,26,3,0,23,26,48860,2,0,0,2,0
2020-06-02,US,Louisiana,Washington,437,38,0,30.85288548,-90.03866652,22117.0,946.0103043685327,8.695652173913043,399,433,38,0,395,425,46582,4,0,0,4,8
2020-06-02,US,Louisiana,Webster,157,7,0,32.70847669,-93.33121835,22119.0,409.4940010432968,4.4585987261146505,150,147,7,0,140,147,38798,10,0,0,10,0
2020-06-02,US,Louisiana,West Baton Rouge,176,31,0,30.46058217,-91.30989571,22121.0,665.0292839599472,17.613636363636363,145,175,30,0,145,166,26427,1,1,0,0,9
2020-06-02,US,Louisiana,West Carroll,66,0,0,32.78550125,-91.461201,22123.0,609.4182825484764,0.0,66,64,0,0,64,62,10982,2,0,0,2,2
2020-06-02,US,Louisiana,West Feliciana,212,13,0,30.87882871,-91.41485379999999,22125.0,1361.7677286742035,6.132075471698112,199,211,13,0,198,209,15460,1,0,0,1,2
2020-06-02,US,Louisiana,Winn,174,2,0,31.94449367,-92.63789413,22127.0,1251.4384349827387,1.1494252873563218,172,173,2,0,171,164,14134,1,0,0,1,9
2020-06-02,US,Maine,Androscoggin,314,2,0,44.1664747,-70.20380627,23001.0,289.99695226132974,0.6369426751592356,312,304,2,0,302,298,107679,10,0,0,10,6
2020-06-02,US,Maine,Aroostook,10,1,0,46.65926321,-68.59841248,23003.0,14.913131011855938,10.0,9,10,1,0,9,10,67111,0,0,0,0,0
2020-06-02,US,Maine,Cumberland,1203,54,0,43.8370751,-70.37226999,23005.0,407.7924631274936,4.488778054862842,1149,1189,50,0,1139,1175,293557,14,4,0,10,14
2020-06-02,US,Maine,Franklin,36,1,0,44.97330019,-70.44381045,23007.0,119.20924533924965,2.7777777777777777,35,36,1,0,35,36,29897,0,0,0,0,0
2020-06-02,US,Maine,Hancock,11,1,0,44.59816444,-68.38401854,23009.0,20.00472839034681,9.090909090909092,10,11,1,0,10,11,54811,0,0,0,0,0
2020-06-02,US,Maine,Kennebec,127,9,0,44.40759555,-69.76738544,23011.0,103.84131085346114,7.086614173228346,118,128,9,0,119,128,122083,-1,0,0,-1,0
2020-06-02,US,Maine,Knox,20,0,0,44.11486325,-69.10529169,23013.0,50.28663381273258,0.0,20,20,0,0,20,20,39771,0,0,0,0,0
2020-06-02,US,Maine,Lincoln,20,0,0,44.05996956,-69.54227124,23015.0,57.746722873476934,0.0,20,20,0,0,20,20,34342,0,0,0,0,0
2020-06-02,US,Maine,Oxford,33,0,0,44.49952995,-70.75682123,23017.0,56.92108667529107,0.0,33,33,0,0,33,34,57618,0,0,0,0,-1
2020-06-02,US,Maine,Penobscot,100,2,0,45.40194593,-68.65020455,23019.0,65.72547782422379,2.0,98,100,1,0,99,100,151096,0,1,0,-1,0
2020-06-02,US,Maine,Piscataquis,1,0,0,45.83839062,-69.2860223,23021.0,5.957700327673518,0.0,1,1,0,0,1,1,16800,0,0,0,0,0
2020-06-02,US,Maine,Sagadahoc,31,0,0,43.95415864,-69.85074999,23023.0,86.45693886657742,0.0,31,30,0,0,30,30,35634,1,0,0,1,0
2020-06-02,US,Maine,Somerset,22,0,0,45.51229767,-69.95995554,23025.0,43.57816337849616,0.0,22,22,0,0,22,22,50592,0,0,0,0,0
2020-06-02,US,Maine,Unassigned,1,0,0,0.0,0.0,90023.0,0.0,0.0,1,1,0,0,1,2,,0,0,0,0,-1
2020-06-02,US,Maine,Waldo,51,14,0,44.4858305,-69.12061935,23027.0,128.4149565655294,27.450980392156858,37,51,14,0,37,51,39694,0,0,0,0,0
2020-06-02,US,Maine,Washington,1,0,0,45.01607142,-67.62813524,23029.0,3.1868447050575224,0.0,1,2,0,0,2,2,31490,-1,0,0,-1,0
2020-06-02,US,Maine,York,396,10,0,43.47808377,-70.71052375,23031.0,190.71378003380838,2.525252525252525,386,391,10,0,381,385,206229,5,0,0,5,6
2020-06-02,US,Maryland,Allegany,181,17,0,39.62357628,-78.69280486,24001.0,257.0438536696205,9.392265193370166,164,180,17,0,163,178,70975,1,0,0,1,2
2020-06-02,US,Maryland,Anne Arundel,3924,178,0,39.00670238,-76.60329337,24003.0,677.4464206175743,4.5361875637105,3746,3842,175,0,3667,3785,576031,82,3,0,79,57
2020-06-02,US,Maryland,Baltimore,6385,358,0,39.45784712,-76.62911955,24005.0,771.7224458223044,5.606891151135473,6027,6299,349,0,5950,6065,828431,86,9,0,77,234
2020-06-02,US,Maryland,Baltimore City,5688,263,0,39.30211911,-76.61151012,24510.0,958.3986250821413,4.623769338959212,5425,5604,261,0,5343,5664,621342,84,2,0,82,-60
2020-06-02,US,Maryland,Calvert,352,18,0,38.53961642,-76.56820632,24009.0,380.43771953526067,5.113636363636363,334,349,18,0,331,341,92003,3,0,0,3,8
2020-06-02,US,Maryland,Caroline,263,1,0,38.87172293,-75.82904158,24011.0,787.283721487158,0.3802281368821293,262,260,1,0,259,259,33304,3,0,0,3,1
2020-06-02,US,Maryland,Carroll,927,93,0,39.56453592,-77.02373735,24013.0,550.3214660991291,10.032362459546926,834,914,92,0,822,913,168429,13,1,0,12,1
2020-06-02,US,Maryland,Cecil,377,24,0,39.56647682,-75.94627411,24015.0,366.53541393223463,6.366047745358091,353,369,23,0,346,371,102826,8,1,0,7,-2
2020-06-02,US,Maryland,Charles,1133,73,0,38.51092331,-76.98580666,24017.0,693.9978071384381,6.443071491615182,1060,1120,73,0,1047,1108,161503,13,0,0,13,12
2020-06-02,US,Maryland,Dorchester,144,3,0,38.45413522,-76.02752426,24019.0,451.0006577092925,2.083333333333333,141,142,3,0,139,142,31998,2,0,0,2,0
2020-06-02,US,Maryland,Frederick,1961,107,0,39.47296601,-77.39999394,24021.0,755.5471648680202,5.4563997960224375,1854,1928,106,0,1822,1911,255648,33,1,0,32,17
2020-06-02,US,Maryland,Garrett,10,0,0,39.52786077,-79.27355126,24023.0,34.46611980423244,0.0,10,10,0,0,10,10,29163,0,0,0,0,0
2020-06-02,US,Maryland,Harford,891,51,0,39.55010644,-76.30775940000002,24025.0,348.8085311285189,5.723905723905723,840,881,51,0,830,882,253956,10,0,0,10,-1
2020-06-02,US,Maryland,Howard,1975,61,0,39.25305293,-76.93126208,24027.0,606.4048635205256,3.088607594936709,1914,1944,61,0,1883,1928,323196,31,0,0,31,16
2020-06-02,US,Maryland,Kent,174,19,0,39.24976208,-76.04741541,24029.0,895.8912573370404,10.919540229885056,155,174,19,0,155,173,19383,0,0,0,0,1
2020-06-02,US,Maryland,Montgomery,11731,624,0,39.13676329,-77.20358245,24031.0,1116.5065176341598,5.319239621515642,11107,11476,616,0,10860,11361,1052567,255,8,0,247,115
2020-06-02,US,Maryland,Prince George's,15553,552,0,38.83070039,-76.8496441,24033.0,1710.3858128044144,3.549154503954221,15001,15353,545,0,14808,15220,909308,200,7,0,193,133
2020-06-02,US,Maryland,Queen Anne's,161,12,0,39.06198912,-76.03530977,24035.0,319.56491534507063,7.453416149068322,149,161,12,0,149,160,50251,0,0,0,0,1
2020-06-02,US,Maryland,Somerset,74,3,0,38.1163542,-75.75118623,24039.0,288.88194878201125,4.0540540540540535,71,73,2,0,71,73,25675,1,1,0,0,0
2020-06-02,US,Maryland,St. Mary's,518,24,0,38.30058422,-76.60629279999998,24037.0,456.3474583737116,4.633204633204633,494,505,23,0,482,499,112664,13,1,0,12,6
2020-06-02,US,Maryland,Talbot,101,3,0,38.76618159,-76.10882561,24041.0,271.64411930824883,2.9702970297029703,98,101,2,0,99,99,36968,0,1,0,-1,2
2020-06-02,US,Maryland,Unassigned,0,55,0,0.0,0.0,90024.0,0.0,0.0,-55,0,46,0,-46,0,,0,9,0,-9,0
2020-06-02,US,Maryland,Washington,480,15,0,39.60835778,-77.82002295,24043.0,317.77767479427206,3.125,465,472,14,0,458,469,150926,8,1,0,7,3
2020-06-02,US,Maryland,Wicomico,955,30,0,38.37301947,-75.62705831,24045.0,921.7345983457036,3.141361256544503,925,955,30,0,925,953,103195,0,0,0,0,2
2020-06-02,US,Maryland,Worcester,217,13,0,38.21274277,-75.33200012,24047.0,415.1044456347081,5.990783410138249,204,215,13,0,202,214,51823,2,0,0,2,1
2020-06-02,US,Massachusetts,Barnstable,1430,118,0,41.72980578,-70.28854339,25001.0,671.3930231466265,8.251748251748253,1312,1424,118,0,1306,1312,213413,6,0,0,6,112
2020-06-02,US,Massachusetts,Berkshire,568,40,0,42.37428441,-73.20524838,25003.0,454.60366244077346,7.042253521126762,528,567,40,0,527,544,126348,1,0,0,1,23
2020-06-02,US,Massachusetts,Bristol,7380,435,0,41.79228404,-71.10872211,25005.0,1305.6932116337618,5.894308943089431,6945,7348,429,0,6919,7159,564022,32,6,0,26,189
2020-06-02,US,Massachusetts,Dukes and Nantucket,54,1,0,41.40674725,-70.68763497,0.0,187.9502975879712,1.851851851851852,53,53,1,0,52,40,26707,1,0,0,1,13
2020-06-02,US,Massachusetts,Essex,14795,971,0,42.6687626,-70.94687179,25009.0,1875.077626566156,6.563028050016898,13824,14721,968,0,13753,14225,790638,74,3,0,71,496
2020-06-02,US,Massachusetts,Franklin,335,47,0,42.58119713,-72.58602547,25011.0,477.34397264177835,14.029850746268654,288,335,47,0,288,320,70963,0,0,0,0,15
2020-06-02,US,Massachusetts,Hampden,6201,603,0,42.13440424,-72.63235561,25013.0,1329.6252776753322,9.724238026124821,5598,6188,601,0,5587,6035,470406,13,2,0,11,153
2020-06-02,US,Massachusetts,Hampshire,883,90,0,42.33997957,-72.65898478,25015.0,549.026922837779,10.192525481313703,793,886,89,0,797,855,161355,-3,1,0,-4,31
2020-06-02,US,Massachusetts,Middlesex,22296,1663,0,42.48607732,-71.39049229,25017.0,1383.3848628062685,7.458736993182634,20633,22224,1650,0,20574,21287,1614714,72,13,0,59,937
2020-06-02,US,Massachusetts,Norfolk,8600,845,0,42.16073095,-71.20530408,25021.0,1216.7945951681936,9.825581395348838,7755,8586,841,0,7745,8079,705388,14,4,0,10,507
2020-06-02,US,Massachusetts,Plymouth,8228,568,0,41.94070556,-70.80802823,25023.0,1578.6585623232452,6.9032571706368495,7660,8200,562,0,7638,7859,518132,28,6,0,22,341
2020-06-02,US,Massachusetts,Suffolk,18636,902,0,42.327951399999996,-71.07850442,25025.0,2318.178595285276,4.840094440867139,17734,18581,896,0,17685,17936,807252,55,6,0,49,645
2020-06-02,US,Massachusetts,Unassigned,319,12,0,0.0,0.0,90025.0,0.0,3.761755485893417,307,340,14,0,326,296,,-21,-2,0,-19,44
2020-06-02,US,Massachusetts,Worcester,11438,790,0,42.35026951,-71.90493363,25027.0,1377.0403384451652,6.906801888442034,10648,11352,779,0,10573,11018,830839,86,11,0,75,334
2020-06-02,US,Michigan,Alcona,17,1,0,44.6846864,-83.59507875,26001.0,163.3829889476213,5.882352941176472,16,17,1,0,16,15,10362,0,0,0,0,2
2020-06-02,US,Michigan,Allegan,221,6,0,42.59147037,-85.89102866,26005.0,187.1596615882318,2.7149321266968327,215,220,6,0,214,218,117327,1,0,0,1,2
2020-06-02,US,Michigan,Alpena,95,9,0,45.03477666,-83.62212411,26007.0,334.4481605351171,9.473684210526317,86,95,9,0,86,94,28360,0,0,0,0,1
2020-06-02,US,Michigan,Antrim,12,0,0,44.99690221,-85.15503082,26009.0,51.44915108900703,0.0,12,12,0,0,12,12,23365,0,0,0,0,0
2020-06-02,US,Michigan,Arenac,34,1,0,44.0636262,-83.89277559,26011.0,228.44856547739033,2.9411764705882355,33,34,1,0,33,34,15041,0,0,0,0,0
2020-06-02,US,Michigan,Baraga,1,0,0,46.6720582,-88.36363591,26013.0,12.181751735899622,0.0,1,1,0,0,1,1,8320,0,0,0,0,0
2020-06-02,US,Michigan,Barry,64,2,0,42.59513984,-85.30834519,26015.0,103.98050365556458,3.125,62,63,2,0,61,63,61157,1,0,0,1,0
2020-06-02,US,Michigan,Bay,317,24,0,43.70639106,-83.98731479,26017.0,307.3909586331284,7.570977917981073,293,312,24,0,288,310,103923,5,0,0,5,2
2020-06-02,US,Michigan,Benzie,4,0,0,44.63899297,-86.01608482,26019.0,22.514916131937408,0.0,4,4,0,0,4,4,17753,0,0,0,0,0
2020-06-02,US,Michigan,Berrien,636,53,0,41.95447397,-86.41313079999998,26021.0,414.5996440701169,8.333333333333334,583,629,52,0,577,626,154141,7,1,0,6,3
2020-06-02,US,Michigan,Branch,124,2,0,41.91600556,-85.05929476,26023.0,284.9461130133052,1.6129032258064515,122,123,2,0,121,121,43622,1,0,0,1,2
2020-06-02,US,Michigan,Calhoun,386,23,0,42.24633834,-85.00493569,26025.0,287.71830440000303,5.958549222797928,363,372,22,0,350,371,134487,14,1,0,13,1
2020-06-02,US,Michigan,Cass,83,3,0,41.91522292,-85.99405727,26027.0,160.2718829049761,3.614457831325301,80,82,3,0,79,83,51653,1,0,0,1,-1
2020-06-02,US,Michigan,Charlevoix,15,1,0,45.37790017,-85.19614053,26029.0,57.3767356462533,6.666666666666668,14,15,1,0,14,15,26244,0,0,0,0,0
2020-06-02,US,Michigan,Cheboygan,21,1,0,45.44787015,-84.50122149,26031.0,83.08276626048425,4.761904761904762,20,21,1,0,20,21,25413,0,0,0,0,0
2020-06-02,US,Michigan,Chippewa,2,0,0,46.29552653,-84.54353449,26033.0,5.354895713405981,0.0,2,2,0,0,2,2,37517,0,0,0,0,0
2020-06-02,US,Michigan,Clare,19,2,0,43.98794227,-84.84819859999998,26035.0,61.38933764135703,10.526315789473683,17,19,2,0,17,19,30757,0,0,0,0,0
2020-06-02,US,Michigan,Clinton,140,11,0,42.94400871,-84.60145248,26037.0,175.89044537973493,7.857142857142858,129,140,11,0,129,139,79332,0,0,0,0,1
2020-06-02,US,Michigan,Crawford,58,5,0,44.68255561,-84.61006219,26039.0,413.42932496970565,8.620689655172415,53,58,5,0,53,58,13901,0,0,0,0,0
2020-06-02,US,Michigan,Delta,17,2,0,45.90484910000001,-86.9080745,26041.0,47.507265817124974,11.764705882352944,15,17,2,0,15,17,35857,0,0,0,0,0
2020-06-02,US,Michigan,Dickinson,5,2,0,46.00999672,-87.86961634,26043.0,19.81061056301755,40.0,3,5,2,0,3,5,25383,0,0,0,0,0
2020-06-02,US,Michigan,Eaton,189,6,0,42.59599185,-84.83740035,26045.0,171.4005876591577,3.1746031746031744,183,190,6,0,184,190,109826,-1,0,0,-1,0
2020-06-02,US,Michigan,Emmet,21,2,0,45.52625509,-84.89083249,26047.0,62.84602723327846,9.523809523809524,19,21,2,0,19,21,33308,0,0,0,0,0
2020-06-02,US,Michigan,Federal Correctional Institution (FCI),147,4,0,0.0,0.0,0.0,0.0,2.7210884353741496,143,146,4,0,142,146,,1,0,0,1,0
2020-06-02,US,Michigan,Genesee,2021,252,0,43.02244215,-83.70589709,26049.0,498.0126314336899,12.469074715487382,1769,2015,252,0,1763,2013,406892,6,0,0,6,2
2020-06-02,US,Michigan,Gladwin,18,1,0,43.98901072,-84.38774817,26051.0,70.72969468348461,5.5555555555555545,17,18,1,0,17,18,25337,0,0,0,0,0
2020-06-02,US,Michigan,Gogebic,5,1,0,46.40862701,-89.69377193,26053.0,35.77817531305904,20.0,4,5,1,0,4,5,15096,0,0,0,0,0
2020-06-02,US,Michigan,Grand Traverse,27,5,0,44.69565625,-85.55585247,26055.0,29.004812650395326,18.51851851851852,22,27,5,0,22,27,92573,0,0,0,0,0
2020-06-02,US,Michigan,Gratiot,76,11,0,43.29265605,-84.60505416,26057.0,186.68173220996783,14.473684210526313,65,74,11,0,63,74,40599,2,0,0,2,0
2020-06-02,US,Michigan,Hillsdale,169,24,0,41.88753639,-84.59312019,26059.0,370.5734020392501,14.201183431952662,145,169,24,0,145,169,45749,0,0,0,0,0
2020-06-02,US,Michigan,Houghton,6,0,0,46.89988536,-88.68495385,26061.0,16.814258491200537,0.0,6,6,0,0,6,6,36219,0,0,0,0,0
2020-06-02,US,Michigan,Huron,48,1,0,43.83353985,-83.04078453,26063.0,154.93366902294952,2.083333333333333,47,48,1,0,47,48,31166,0,0,0,0,0
2020-06-02,US,Michigan,Ingham,745,27,0,42.59716886,-84.37472069,26065.0,254.78273359643782,3.624161073825504,718,740,26,0,714,738,292735,5,1,0,4,2
2020-06-02,US,Michigan,Ionia,152,4,0,42.94502238,-85.07413319,26067.0,234.9413419478492,2.631578947368421,148,151,4,0,147,148,64210,1,0,0,1,3
2020-06-02,US,Michigan,Iosco,96,9,0,44.35486835,-83.63484895,26069.0,382.05913957097937,9.375,87,95,9,0,86,94,25081,1,0,0,1,1
2020-06-02,US,Michigan,Iron,1,0,0,46.20974132,-88.53136251,26071.0,9.036688957166094,0.0,1,,,,,,11117,,,,,
2020-06-02,US,Michigan,Isabella,78,7,0,43.64060976,-84.84664923,26073.0,111.63269979390887,8.974358974358974,71,77,7,0,70,77,70562,1,0,0,1,0
2020-06-02,US,Michigan,Jackson,456,28,0,42.24807035,-84.42258681,26075.0,287.67901078796285,6.140350877192982,428,448,28,0,420,448,158823,8,0,0,8,0
2020-06-02,US,Michigan,Kalamazoo,848,58,0,42.24542231,-85.53038622,26077.0,319.92032173119145,6.839622641509434,790,844,57,0,787,844,264870,4,1,0,3,0
2020-06-02,US,Michigan,Kalkaska,19,2,0,44.68512729,-85.09085699,26079.0,105.33318549728351,10.526315789473683,17,19,2,0,17,19,17824,0,0,0,0,0
2020-06-02,US,Michigan,Kent,3777,93,0,43.03197711,-85.54934642,26081.0,574.9252231888029,2.4622716441620334,3684,3748,89,0,3659,3715,653786,29,4,0,25,33
2020-06-02,US,Michigan,Lake,6,0,0,43.99050893,-85.802173,26085.0,50.62009617818274,0.0,6,6,0,0,6,6,11881,0,0,0,0,0
2020-06-02,US,Michigan,Lapeer,191,30,0,43.09052506,-83.22153148,26087.0,218.01910806214119,15.70680628272251,161,190,30,0,160,190,88028,1,0,0,1,0
2020-06-02,US,Michigan,Leelanau,11,0,0,44.94430054,-85.80150326,26089.0,50.549147557557106,0.0,11,11,0,0,11,11,21764,0,0,0,0,0
2020-06-02,US,Michigan,Lenawee,154,4,0,41.89475156,-84.06603727,26091.0,156.42299214837837,2.5974025974025974,150,154,4,0,150,153,98266,0,0,0,0,1
2020-06-02,US,Michigan,Livingston,397,26,0,42.60302282,-83.91297209,26093.0,206.7762181306805,6.549118387909321,371,397,26,0,371,395,191224,0,0,0,0,2
2020-06-02,US,Michigan,Luce,3,0,0,46.47227431,-85.54471223,26095.0,48.16182372772515,0.0,3,3,0,0,3,3,6283,0,0,0,0,0
2020-06-02,US,Michigan,Mackinac,8,0,0,46.07028979,-85.04980537,26097.0,74.0809334197611,0.0,8,8,0,0,8,8,10787,0,0,0,0,0
2020-06-02,US,Michigan,Macomb,6720,818,0,42.69158356,-82.92752801,26099.0,768.9033515947881,12.172619047619047,5902,6707,814,0,5893,6695,874759,13,4,0,9,12
2020-06-02,US,Michigan,Manistee,11,0,0,44.33352407,-86.05626916,26101.0,44.79192116621875,0.0,11,11,0,0,11,11,24528,0,0,0,0,0
2020-06-02,US,Michigan,Marquette,56,12,0,46.4338914,-87.64043701,26103.0,83.95927974932158,21.428571428571427,44,56,12,0,44,56,66516,0,0,0,0,0
2020-06-02,US,Michigan,Mason,32,0,0,43.99509218,-86.24988902,26105.0,109.79961570134505,0.0,32,32,0,0,32,32,29100,0,0,0,0,0
2020-06-02,US,Michigan,Mecosta,21,2,0,43.64064262,-85.32463223,26107.0,48.328078613674535,9.523809523809524,19,21,2,0,19,21,43545,0,0,0,0,0
2020-06-02,US,Michigan,Menominee,8,0,0,45.58038692,-87.55370409,26109.0,35.11852502194907,0.0,8,8,0,0,8,8,22983,0,0,0,0,0
2020-06-02,US,Michigan,Michigan Department of Corrections (MDOC),3965,70,0,0.0,0.0,0.0,0.0,1.7654476670870114,3895,3933,69,0,3864,3933,,32,1,0,31,0
2020-06-02,US,Michigan,Midland,82,8,0,43.64330771,-84.38804374,26111.0,98.6098417432296,9.75609756097561,74,82,8,0,74,82,83209,0,0,0,0,0
2020-06-02,US,Michigan,Missaukee,16,1,0,44.33772443,-85.09256478,26113.0,105.83410504034927,6.25,15,16,1,0,15,16,15113,0,0,0,0,0
2020-06-02,US,Michigan,Monroe,472,21,0,41.92734151,-83.53749864,26115.0,313.62126245847173,4.4491525423728815,451,473,21,0,452,474,150439,-1,0,0,-1,-1
2020-06-02,US,Michigan,Montcalm,66,1,0,43.31082541,-85.15252824,26117.0,103.30578512396694,1.5151515151515151,65,66,1,0,65,66,63968,0,0,0,0,0
2020-06-02,US,Michigan,Montmorency,5,0,0,45.0275929,-84.12696227,26119.0,53.60205831903945,0.0,5,5,0,0,5,5,9265,0,0,0,0,0
2020-06-02,US,Michigan,Muskegon,648,37,0,43.29123859,-86.15176712,26121.0,373.3450099673899,5.709876543209878,611,645,36,0,609,643,173588,3,1,0,2,2
2020-06-02,US,Michigan,Newaygo,108,0,0,43.554373999999996,-85.80070107,26123.0,220.49816251531243,0.0,108,107,0,0,107,105,48892,1,0,0,1,2
2020-06-02,US,Michigan,Oakland,8412,999,0,42.66090111,-83.38595416,26125.0,668.9016399699742,11.87589158345221,7413,8407,992,0,7415,8396,1259201,5,7,0,-2,11
2020-06-02,US,Michigan,Oceana,89,2,0,43.64124435,-86.26726673,26127.0,336.26780519137037,2.247191011235955,87,87,2,0,85,85,26625,2,0,0,2,2
2020-06-02,US,Michigan,Ogemaw,22,1,0,44.33481032,-84.12725175,26129.0,104.77687288660285,4.545454545454546,21,22,1,0,21,21,20952,0,0,0,0,1
2020-06-02,US,Michigan,Osceola,11,0,0,43.98992088,-85.32566756,26133.0,46.88832054560954,0.0,11,11,0,0,11,11,23341,0,0,0,0,0
2020-06-02,US,Michigan,Oscoda,5,1,0,44.68192279,-84.12939244,26135.0,60.6722485135299,20.0,4,5,1,0,4,5,8276,0,0,0,0,0
2020-06-02,US,Michigan,Otsego,102,10,0,45.02085831,-84.59898295,26137.0,413.49116263985735,9.803921568627453,92,102,10,0,92,102,24665,0,0,0,0,0
2020-06-02,US,Michigan,Ottawa,786,35,0,42.95996803,-85.9969107,26139.0,269.33488674913485,4.4529262086514,751,781,34,0,747,774,290494,5,1,0,4,7
2020-06-02,US,Michigan,Out of MI,42,0,0,0.0,0.0,80026.0,0.0,0.0,42,42,0,0,42,42,,0,0,0,0,0
2020-06-02,US,Michigan,Presque Isle,11,0,0,45.34018577,-83.91498656,26141.0,87.35705209656925,0.0,11,11,0,0,11,11,12738,0,0,0,0,0
2020-06-02,US,Michigan,Roscommon,21,0,0,44.33473082,-84.61067651,26143.0,87.43078396269621,0.0,21,21,0,0,21,21,23884,0,0,0,0,0
2020-06-02,US,Michigan,Saginaw,1050,109,0,43.33433923,-84.05131209999998,26145.0,551.0682852329444,10.380952380952381,941,1048,108,0,940,1038,190800,2,1,0,1,10
2020-06-02,US,Michigan,Sanilac,41,5,0,43.42406072,-82.82055898,26151.0,99.5870779693952,12.19512195121951,36,41,5,0,36,41,41182,0,0,0,0,0
2020-06-02,US,Michigan,Schoolcraft,4,0,0,46.19235734,-86.19972234,26153.0,49.419322955275504,0.0,4,4,0,0,4,4,8068,0,0,0,0,0
2020-06-02,US,Michigan,Shiawassee,240,26,0,42.95392800000001,-84.14585902,26155.0,352.30909251049593,10.833333333333336,214,240,26,0,214,240,68192,0,0,0,0,0
2020-06-02,US,Michigan,St. Clair,448,43,0,42.92655373,-82.67937954,26147.0,281.53436227439545,9.598214285714286,405,448,41,0,407,449,159337,0,2,0,-2,-1
2020-06-02,US,Michigan,St. Joseph,129,2,0,41.91441767,-85.52797979,26149.0,211.6002886949676,1.5503875968992251,127,119,2,0,117,119,61043,10,0,0,10,0
2020-06-02,US,Michigan,Tuscola,189,24,0,43.46606813,-83.41897025,26157.0,361.75710594315245,12.698412698412698,165,189,24,0,165,187,52516,0,0,0,0,2
2020-06-02,US,Michigan,Unassigned,12,0,0,0.0,0.0,90026.0,0.0,0.0,12,2,0,0,2,4,,10,0,0,10,-2
2020-06-02,US,Michigan,Van Buren,147,6,0,42.25190229,-86.01939087,26159.0,194.246600684488,4.081632653061225,141,144,6,0,138,144,75448,3,0,0,3,0
2020-06-02,US,Michigan,Washtenaw,1340,99,0,42.253105,-83.83853204,26161.0,364.52566777565886,7.388059701492537,1241,1337,99,0,1238,1336,370963,3,0,0,3,1
2020-06-02,US,Michigan,Wayne,20468,2475,0,42.28098405,-83.281255,26163.0,1170.0392661702135,12.09204612077389,17993,20446,2463,0,17983,20415,1753893,22,12,0,10,31
2020-06-02,US,Michigan,Wexford,12,3,0,44.33853602,-85.57712739,26165.0,35.681365406916235,25.0,9,12,3,0,9,11,33466,0,0,0,0,1
2020-06-02,US,Minnesota,Aitkin,11,0,0,46.60962049,-93.41168259999999,27001.0,69.24335893239329,0.0,11,8,0,0,8,8,15902,3,0,0,3,0
2020-06-02,US,Minnesota,Anoka,1441,71,0,45.27476015,-93.24604565,27003.0,403.7307975714513,4.9271339347675225,1370,1429,70,0,1359,1399,353813,12,1,0,11,30
2020-06-02,US,Minnesota,Becker,41,0,0,46.93479392,-95.67158144,27005.0,119.10641141097523,0.0,41,40,0,0,40,40,34371,1,0,0,1,0
2020-06-02,US,Minnesota,Beltrami,16,0,0,47.97373527,-94.93732139,27007.0,33.90692548953124,0.0,16,15,0,0,15,15,46847,1,0,0,1,0
2020-06-02,US,Minnesota,Benton,178,3,0,45.69804958,-93.99514135,27009.0,435.324904008413,1.6853932584269662,175,178,3,0,175,177,40545,0,0,0,0,1
2020-06-02,US,Minnesota,Big Stone,8,0,0,45.42712824,-96.41403739,27011.0,160.28851933480266,0.0,8,6,0,0,6,5,4989,2,0,0,2,1
2020-06-02,US,Minnesota,Blue Earth,145,0,0,44.03554215,-94.06699781,27013.0,214.3290024093536,0.0,145,142,0,0,142,140,67427,3,0,0,3,2
2020-06-02,US,Minnesota,Brown,16,2,0,44.24205652,-94.72562874,27015.0,63.979526551503525,12.5,14,16,2,0,14,16,25111,0,0,0,0,0
2020-06-02,US,Minnesota,Carlton,75,0,0,46.59180601,-92.67601019,27017.0,209.08254578907756,0.0,75,75,0,0,75,73,35837,0,0,0,0,2
2020-06-02,US,Minnesota,Carver,222,2,0,44.82017001,-93.80099179999999,27019.0,211.24951231813037,0.9009009009009008,220,218,2,0,216,210,103551,4,0,0,4,8
2020-06-02,US,Minnesota,Cass,13,2,0,46.95043611,-94.32603968,27021.0,43.65492461130327,15.384615384615385,11,14,2,0,12,14,29519,-1,0,0,-1,0
2020-06-02,US,Minnesota,Chippewa,51,1,0,45.02343421,-95.56403693,27023.0,432.2033898305085,1.96078431372549,50,51,1,0,50,51,11924,0,0,0,0,0
2020-06-02,US,Minnesota,Chisago,62,1,0,45.5021011,-92.90861945,27025.0,109.58129341275033,1.6129032258064515,61,62,1,0,61,61,55922,0,0,0,0,1
2020-06-02,US,Minnesota,Clay,430,29,0,46.89289518,-96.48761922,27027.0,669.5524898010027,6.7441860465116275,401,427,28,0,399,423,63955,3,1,0,2,4
2020-06-02,US,Minnesota,Clearwater,3,0,0,47.57992111,-95.37790562,27029.0,34.02132002721706,0.0,3,3,0,0,3,3,8810,0,0,0,0,0
2020-06-02,US,Minnesota,Cottonwood,76,0,0,44.00715262,-95.18138802,27033.0,678.8138620936047,0.0,76,76,0,0,76,75,11277,0,0,0,0,1
2020-06-02,US,Minnesota,Crow Wing,72,2,0,46.48096553,-94.06755609,27035.0,110.6755821996772,2.7777777777777777,70,71,2,0,69,71,64889,1,0,0,1,0
2020-06-02,US,Minnesota,Dakota,1368,59,0,44.67172617,-93.06299363,27037.0,318.8655100799261,4.312865497076023,1309,1349,57,0,1292,1327,425423,19,2,0,17,22
2020-06-02,US,Minnesota,Dodge,53,0,0,44.02238415,-92.86244324,27039.0,253.17665042514568,0.0,53,53,0,0,53,52,20822,0,0,0,0,1
2020-06-02,US,Minnesota,Douglas,44,0,0,45.93348491,-95.45335469,27041.0,115.3614220917123,0.0,44,44,0,0,44,42,37964,0,0,0,0,2
2020-06-02,US,Minnesota,Faribault,20,0,0,43.67381499,-93.94787458,27043.0,146.48795136600015,0.0,20,19,0,0,19,18,13758,1,0,0,1,1
2020-06-02,US,Minnesota,Fillmore,17,1,0,43.67394126,-92.08980382,27045.0,80.69492571320075,5.882352941176472,16,17,1,0,16,17,21058,0,0,0,0,0
2020-06-02,US,Minnesota,Freeborn,130,0,0,43.67385583,-93.34884422,27047.0,429.31210990390025,0.0,130,125,0,0,125,117,30444,5,0,0,5,8
2020-06-02,US,Minnesota,Goodhue,69,3,0,44.40849741,-92.72341949999999,27049.0,148.89943892965042,4.3478260869565215,66,68,3,0,65,66,46403,1,0,0,1,2
2020-06-02,US,Minnesota,Grant,4,0,0,45.93424769,-96.01139609,27051.0,66.97923643670461,0.0,4,4,0,0,4,4,6021,0,0,0,0,0
2020-06-02,US,Minnesota,Hennepin,8591,627,0,45.00761521,-93.47694895,27053.0,678.6781615097608,7.2983354673495535,7964,8514,616,0,7898,8393,1259428,77,11,0,66,121
2020-06-02,US,Minnesota,Houston,2,0,0,43.67129565,-91.49143057,27055.0,10.752688172043008,0.0,2,2,0,0,2,2,18578,0,0,0,0,0
2020-06-02,US,Minnesota,Hubbard,3,0,0,47.10778564,-94.91693868,27057.0,13.959331813317206,0.0,3,2,0,0,2,2,21332,1,0,0,1,0
2020-06-02,US,Minnesota,Isanti,35,0,0,45.56181234,-93.29487636,27059.0,86.21539067888462,0.0,35,35,0,0,35,35,39966,0,0,0,0,0
2020-06-02,US,Minnesota,Itasca,55,10,0,47.51009045,-93.63092229,27061.0,121.87015289164637,18.181818181818183,45,55,10,0,45,54,45108,0,0,0,0,1
2020-06-02,US,Minnesota,Jackson,40,0,0,43.67423373,-95.15398258,27063.0,406.25634775543364,0.0,40,39,0,0,39,39,9911,1,0,0,1,0
2020-06-02,US,Minnesota,Kanabec,12,1,0,45.9459309,-93.29275192,27065.0,73.45289832894656,8.333333333333334,11,11,1,0,10,11,16207,1,0,0,1,0
2020-06-02,US,Minnesota,Kandiyohi,504,1,0,45.1526059,-95.00586446,27067.0,1166.6936734646636,0.1984126984126984,503,497,1,0,496,496,42855,7,0,0,7,1
2020-06-02,US,Minnesota,Kittson,1,0,0,48.77754106,-96.78317184,27069.0,23.266635644485806,0.0,1,1,0,0,1,1,4248,0,0,0,0,0
2020-06-02,US,Minnesota,Koochiching,9,0,0,48.24539665,-93.78352843,27071.0,73.59555155777251,0.0,9,9,0,0,9,8,12440,0,0,0,0,1
2020-06-02,US,Minnesota,Lac qui Parle,3,0,0,44.9973857,-96.17488219,27073.0,45.29669334138608,0.0,3,3,0,0,3,3,6658,0,0,0,0,0
2020-06-02,US,Minnesota,Lake,1,0,0,47.64270764,-91.44557998,27075.0,9.3976130062964,0.0,1,1,0,0,1,1,10658,0,0,0,0,0
2020-06-02,US,Minnesota,Le Sueur,44,1,0,44.37136597,-93.72844721,27079.0,152.31765153875446,2.272727272727273,43,44,1,0,43,44,28494,0,0,0,0,0
2020-06-02,US,Minnesota,Lincoln,6,0,0,44.41311883,-96.26688165,27081.0,106.40184429863451,0.0,6,5,0,0,5,5,5673,1,0,0,1,0
2020-06-02,US,Minnesota,Lyon,65,1,0,44.41327865,-95.83806103,27083.0,255.162126089346,1.5384615384615383,64,57,0,0,57,56,25629,8,1,0,7,1
2020-06-02,US,Minnesota,Mahnomen,6,1,0,47.32557075,-95.80921485,27087.0,108.5579880586213,16.666666666666668,5,6,1,0,5,6,5519,0,0,0,0,0
2020-06-02,US,Minnesota,Marshall,12,0,0,48.35825983,-96.37017407,27089.0,128.53470437017995,0.0,12,12,0,0,12,12,9390,0,0,0,0,0
2020-06-02,US,Minnesota,Martin,132,5,0,43.67429718,-94.55099908,27091.0,670.6294772138392,3.787878787878788,127,132,5,0,127,130,19785,0,0,0,0,2
2020-06-02,US,Minnesota,McLeod,37,0,0,44.82367677,-94.27287017,27085.0,103.08416682918677,0.0,37,37,0,0,37,37,35873,0,0,0,0,0
2020-06-02,US,Minnesota,Meeker,45,0,0,45.12328869,-94.52839455,27093.0,193.78175867711656,0.0,45,45,0,0,45,45,23141,0,0,0,0,0
2020-06-02,US,Minnesota,Mille Lacs,20,1,0,45.93705297,-93.63236823,27095.0,76.11218936712714,5.0,19,19,1,0,18,19,26139,1,0,0,1,0
2020-06-02,US,Minnesota,Morrison,48,0,0,46.01265363,-94.27341528,27097.0,143.77283891451506,0.0,48,47,0,0,47,46,33169,1,0,0,1,1
2020-06-02,US,Minnesota,Mower,354,2,0,43.67142874,-92.75234549,27099.0,883.6303729219708,0.5649717514124294,352,345,2,0,343,318,40011,9,0,0,9,27
2020-06-02,US,Minnesota,Murray,39,0,0,44.02216709,-95.76328482,27101.0,475.9580180619966,0.0,39,39,0,0,39,39,8276,0,0,0,0,0
2020-06-02,US,Minnesota,Nicollet,88,10,0,44.35291112,-94.24710352,27103.0,256.75439108362025,11.363636363636365,78,88,10,0,78,87,34220,0,0,0,0,1
2020-06-02,US,Minnesota,Nobles,1552,5,0,43.67434621,-95.75329576,27105.0,7175.551343104165,0.3221649484536083,1547,1544,5,0,1539,1539,21924,8,0,0,8,5
2020-06-02,US,Minnesota,Norman,13,0,0,47.32628443,-96.45620947,27107.0,203.921568627451,0.0,13,13,0,0,13,13,6475,0,0,0,0,0
2020-06-02,US,Minnesota,Olmsted,650,11,0,44.00374114,-92.40209944,27109.0,410.6309186129519,1.6923076923076923,639,634,10,0,624,626,156277,16,1,0,15,8
2020-06-02,US,Minnesota,Otter Tail,70,0,0,46.40846929,-95.70835255,27111.0,119.15704899056955,0.0,70,70,0,0,70,68,58812,0,0,0,0,2
2020-06-02,US,Minnesota,Pennington,19,0,0,48.06642577,-96.0370814,27113.0,134.57043699978752,0.0,19,19,0,0,19,19,14178,0,0,0,0,0
2020-06-02,US,Minnesota,Pine,89,0,0,46.12105238,-92.74070188,27115.0,300.889144325366,0.0,89,89,0,0,89,89,29483,0,0,0,0,0
2020-06-02,US,Minnesota,Pipestone,12,0,0,44.02301619,-96.25841142,27117.0,131.49243918474687,0.0,12,12,0,0,12,12,9047,0,0,0,0,0
2020-06-02,US,Minnesota,Polk,61,2,0,47.77372465,-96.40134647,27119.0,194.4904986608851,3.278688524590164,59,61,2,0,59,61,31529,0,0,0,0,0
2020-06-02,US,Minnesota,Pope,9,0,0,45.58606667,-95.44451209,27121.0,80.00711174326605,0.0,9,9,0,0,9,9,11097,0,0,0,0,0
2020-06-02,US,Minnesota,Ramsey,3128,133,0,45.01625271,-93.09872295,27123.0,568.3955364232875,4.251918158567775,2995,3075,128,0,2947,3019,550210,53,5,0,48,56
2020-06-02,US,Minnesota,Red Lake,4,0,0,47.87197525,-96.09561104,27125.0,98.64364981504316,0.0,4,4,0,0,4,4,3999,0,0,0,0,0
2020-06-02,US,Minnesota,Redwood,6,0,0,44.40555844,-95.25207021,27127.0,39.55174686882004,0.0,6,5,0,0,5,5,15249,1,0,0,1,0
2020-06-02,US,Minnesota,Renville,5,0,0,44.72836381,-94.94553734,27129.0,34.36898542755018,0.0,5,5,0,0,5,5,14612,0,0,0,0,0
2020-06-02,US,Minnesota,Rice,467,2,0,44.3543376,-93.29658715,27131.0,697.306336976647,0.4282655246252677,465,462,2,0,460,462,66523,5,0,0,5,0
2020-06-02,US,Minnesota,Rock,22,0,0,43.67482683,-96.25296832,27133.0,236.17820719269997,0.0,22,22,0,0,22,22,9414,0,0,0,0,0
2020-06-02,US,Minnesota,Roseau,2,0,0,48.77501878,-95.81079919,27135.0,13.188262446422687,0.0,2,2,0,0,2,2,15150,0,0,0,0,0
2020-06-02,US,Minnesota,Scott,442,2,0,44.6490231,-93.53340251,27139.0,296.618415842913,0.4524886877828054,440,436,2,0,434,426,147381,6,0,0,6,10
2020-06-02,US,Minnesota,Sherburne,253,2,0,45.44447208,-93.77617511,27141.0,260.18634690141715,0.7905138339920948,251,246,2,0,244,243,96036,7,0,0,7,3
2020-06-02,US,Minnesota,Sibley,16,0,0,44.5796592,-94.23164924,27143.0,107.63538513286241,0.0,16,16,0,0,16,16,15028,0,0,0,0,0
2020-06-02,US,Minnesota,St. Louis,118,14,0,47.604840700000004,-92.46879855,27137.0,59.275631687346156,11.864406779661017,104,118,14,0,104,118,199754,0,0,0,0,0
2020-06-02,US,Minnesota,Stearns,2042,13,0,45.55192576,-94.61078221,27145.0,1267.7324227844172,0.6366307541625857,2029,2030,13,0,2017,2021,159256,12,0,0,12,9
2020-06-02,US,Minnesota,Steele,164,0,0,44.02240351,-93.22627088,27147.0,447.48833528882096,0.0,164,160,0,0,160,158,36803,4,0,0,4,2
2020-06-02,US,Minnesota,Stevens,1,0,0,45.58613007,-96.00163705,27149.0,10.198878123406423,0.0,1,1,0,0,1,1,9753,0,0,0,0,0
2020-06-02,US,Minnesota,Swift,19,0,0,45.2829032,-95.68264092,27151.0,205.05072307360246,0.0,19,19,0,0,19,18,9345,0,0,0,0,1
2020-06-02,US,Minnesota,Todd,327,0,0,46.06996226,-94.89785296,27153.0,1325.819007460266,0.0,327,319,0,0,319,316,24582,8,0,0,8,3
2020-06-02,US,Minnesota,Traverse,4,0,0,45.77298854,-96.47062949,27155.0,122.737035900583,0.0,4,3,0,0,3,3,3308,1,0,0,1,0
2020-06-02,US,Minnesota,Unassigned,83,10,0,0.0,0.0,90027.0,0.0,12.048192771084338,73,88,10,0,78,89,,-5,0,0,-5,-1
2020-06-02,US,Minnesota,Wabasha,18,0,0,44.28424356,-92.23121312,27157.0,83.22929671244277,0.0,18,18,0,0,18,18,21645,0,0,0,0,0
2020-06-02,US,Minnesota,Wadena,10,0,0,46.58589171,-94.96968506,27159.0,73.0887297178775,0.0,10,10,0,0,10,10,13773,0,0,0,0,0
2020-06-02,US,Minnesota,Waseca,26,0,0,44.02211116,-93.58720034,27161.0,139.69482054588437,0.0,26,26,0,0,26,26,18691,0,0,0,0,0
2020-06-02,US,Minnesota,Washington,658,32,0,45.03864533,-92.88429635,27163.0,250.72397500381044,4.863221884498481,626,645,32,0,613,636,259201,13,0,0,13,9
2020-06-02,US,Minnesota,Watonwan,77,0,0,43.97823903,-94.61413846,27165.0,706.6164999541159,0.0,77,75,0,0,75,74,10980,2,0,0,2,1
2020-06-02,US,Minnesota,Wilkin,11,3,0,46.35721532,-96.4684375,27167.0,177.2192685677461,27.272727272727273,8,11,3,0,8,11,6254,0,0,0,0,0
2020-06-02,US,Minnesota,Winona,80,15,0,43.98772283,-91.78081305,27169.0,158.4660486490769,18.75,65,80,15,0,65,79,50825,0,0,0,0,1
2020-06-02,US,Minnesota,Wright,327,2,0,45.17297924,-93.96234781,27171.0,236.3109476285799,0.6116207951070336,325,320,2,0,318,313,136349,7,0,0,7,7
2020-06-02,US,Minnesota,Yellow Medicine,6,0,0,44.71710183,-95.86842453,27173.0,61.79833144505098,0.0,6,6,0,0,6,6,9795,0,0,0,0,0
2020-06-02,US,Mississippi,Adams,200,15,0,31.47669768,-91.35326037,28001.0,651.614374613104,7.5,185,200,15,0,185,199,31192,0,0,0,0,1
2020-06-02,US,Mississippi,Alcorn,18,1,0,34.88084463,-88.57996173,28003.0,48.71052417936298,5.5555555555555545,17,17,1,0,16,17,36925,1,0,0,1,0
2020-06-02,US,Mississippi,Amite,64,1,0,31.17467303,-90.80501621,28005.0,520.4521427990567,1.5625,63,64,1,0,63,64,12326,0,0,0,0,0
2020-06-02,US,Mississippi,Attala,303,18,0,33.08658803,-89.57838564,28007.0,1667.216903268405,5.9405940594059405,285,298,17,0,281,298,18365,5,1,0,4,0
2020-06-02,US,Mississippi,Benton,14,0,0,34.81681228,-89.18945516,28009.0,169.51204746337328,0.0,14,14,0,0,14,15,8271,0,0,0,0,-1
2020-06-02,US,Mississippi,Bolivar,165,11,0,33.79696941,-90.87372121,28011.0,538.722737364503,6.666666666666668,154,165,11,0,154,162,31333,0,0,0,0,3
2020-06-02,US,Mississippi,Calhoun,67,4,0,33.93683395,-89.33686647,28013.0,466.5413272056264,5.970149253731344,63,65,4,0,61,65,14436,2,0,0,2,0
2020-06-02,US,Mississippi,Carroll,117,11,0,33.44834567,-89.91994479,28015.0,1176.2340404141953,9.401709401709402,106,117,11,0,106,117,9911,0,0,0,0,0
2020-06-02,US,Mississippi,Chickasaw,137,14,0,33.91983202,-88.9481545,28017.0,801.029059229375,10.218978102189784,123,137,12,0,125,135,17171,0,2,0,-2,2
2020-06-02,US,Mississippi,Choctaw,48,2,0,33.34598242,-89.24809382,28019.0,584.6528623629721,4.166666666666667,46,48,2,0,46,43,8278,0,0,0,0,5
2020-06-02,US,Mississippi,Claiborne,112,2,0,31.97061673,-90.90702196,28021.0,1246.1059190031153,1.7857142857142858,110,110,2,0,108,111,9002,2,0,0,2,-1
2020-06-02,US,Mississippi,Clarke,154,19,0,32.04158545,-88.68896219999998,28023.0,990.9272247603114,12.337662337662337,135,148,19,0,129,144,15604,6,0,0,6,4
2020-06-02,US,Mississippi,Clay,115,4,0,33.65358105,-88.77784255,28025.0,595.3613584593082,3.4782608695652173,111,114,4,0,110,112,19386,1,0,0,1,2
2020-06-02,US,Mississippi,Coahoma,127,4,0,34.22772299,-90.60415045,28027.0,574.0372446212257,3.1496062992125986,123,125,4,0,121,125,22628,2,0,0,2,0
2020-06-02,US,Mississippi,Copiah,315,4,0,31.86977774,-90.44565118,28029.0,1122.394441475147,1.2698412698412698,311,313,4,0,309,312,28543,2,0,0,2,1
2020-06-02,US,Mississippi,Covington,173,2,0,31.63225413,-89.55389939,28031.0,928.3107963082208,1.1560693641618498,171,173,2,0,171,165,18853,0,0,0,0,8
2020-06-02,US,Mississippi,DeSoto,553,8,0,34.87625235,-89.99091418,28033.0,299.0078131336344,1.4466546112115732,545,550,7,0,543,542,182001,3,1,0,2,8
2020-06-02,US,Mississippi,Forrest,594,39,0,31.18961454,-89.25832496,28035.0,793.0891758014341,6.565656565656567,555,583,38,0,545,564,75036,11,1,0,10,19
2020-06-02,US,Mississippi,Franklin,29,2,0,31.47786634,-90.89672989,28037.0,375.9885906910411,6.896551724137932,27,29,2,0,27,29,7788,0,0,0,0,0
2020-06-02,US,Mississippi,George,26,1,0,30.86259065,-88.64436789,28039.0,106.12244897959185,3.8461538461538463,25,25,1,0,24,25,24250,1,0,0,1,0
2020-06-02,US,Mississippi,Greene,22,1,0,31.21444233,-88.63922281,28041.0,161.9313999705579,4.545454545454546,21,16,1,0,15,13,13586,6,0,0,6,3
2020-06-02,US,Mississippi,Grenada,99,3,0,33.77036166,-89.80245083,28043.0,476.92455920608916,3.0303030303030303,96,95,3,0,92,94,21055,4,0,0,4,1
2020-06-02,US,Mississippi,Hancock,91,12,0,30.41830223,-89.48851033,28045.0,191.04803493449782,13.186813186813184,79,91,11,0,80,91,47334,0,1,0,-1,0
2020-06-02,US,Mississippi,Harrison,263,7,0,30.51359752,-89.12467576,28047.0,126.39369473279508,2.661596958174905,256,261,7,0,254,258,206650,2,0,0,2,3
2020-06-02,US,Mississippi,Hinds,1035,26,0,32.2656285,-90.44435448,28049.0,446.4285714285714,2.5120772946859904,1009,1028,26,0,1002,1006,237085,7,0,0,7,22
2020-06-02,US,Mississippi,Holmes,439,28,0,33.12345854,-90.08923538,28051.0,2580.834803057025,6.378132118451026,411,434,28,0,406,429,17622,5,0,0,5,5
2020-06-02,US,Mississippi,Humphreys,59,7,0,33.12825718,-90.52252707,28053.0,731.6468253968254,11.864406779661017,52,59,7,0,52,60,8257,0,0,0,0,-1
2020-06-02,US,Mississippi,Itawamba,89,7,0,34.27993475,-88.3606733,28057.0,380.5044890979051,7.865168539325843,82,88,7,0,81,87,23517,1,0,0,1,1
2020-06-02,US,Mississippi,Jackson,308,13,0,30.54020656,-88.64184064,28059.0,214.45929103100607,4.220779220779221,295,307,13,0,294,308,143277,1,0,0,1,-1
2020-06-02,US,Mississippi,Jasper,165,4,0,32.01922104,-89.11786866,28061.0,1007.1415491668193,2.4242424242424243,161,163,4,0,159,163,16428,2,0,0,2,0
2020-06-02,US,Mississippi,Jefferson,43,1,0,31.73397872,-91.03764977,28063.0,615.1645207439199,2.3255813953488373,42,42,1,0,41,42,7106,1,0,0,1,0
2020-06-02,US,Mississippi,Jefferson Davis,80,3,0,31.56884708,-89.82670990000004,28065.0,718.9072609633357,3.75,77,77,3,0,74,77,11234,3,0,0,3,0
2020-06-02,US,Mississippi,Jones,663,31,0,31.62257767,-89.16896899999998,28067.0,973.5968750917797,4.675716440422323,632,652,28,0,624,629,68461,11,3,0,8,23
2020-06-02,US,Mississippi,Kemper,147,11,0,32.75462946,-88.64105766,28069.0,1508.9304044344076,7.482993197278912,136,145,11,0,134,144,10027,2,0,0,2,1
2020-06-02,US,Mississippi,Lafayette,141,4,0,34.35687874,-89.48490961,28071.0,261.01927099724173,2.8368794326241136,137,137,4,0,133,136,54793,4,0,0,4,1
2020-06-02,US,Mississippi,Lamar,248,5,0,31.20572971,-89.5077704,28073.0,391.51918917638886,2.0161290322580645,243,239,5,0,234,238,62447,9,0,0,9,1
2020-06-02,US,Mississippi,Lauderdale,745,68,0,32.40419769,-88.66229662,28075.0,1005.0590219224284,9.127516778523491,677,741,62,0,679,738,75317,4,6,0,-2,3
2020-06-02,US,Mississippi,Lawrence,106,1,0,31.55147224,-90.10841127,28077.0,842.2056252979502,0.9433962264150944,105,106,1,0,105,102,12455,0,0,0,0,4
2020-06-02,US,Mississippi,Leake,447,12,0,32.7536828,-89.52402044,28079.0,1961.730887386992,2.684563758389262,435,431,12,0,419,427,22763,16,0,0,16,4
2020-06-02,US,Mississippi,Lee,165,7,0,34.291877500000005,-88.68149954,28081.0,193.1270190551992,4.242424242424242,158,154,6,0,148,153,85202,11,1,0,10,1
2020-06-02,US,Mississippi,Leflore,273,34,0,33.55545125,-90.29900733,28083.0,968.6690558137883,12.454212454212456,239,265,32,0,233,264,28919,8,2,0,6,1
2020-06-02,US,Mississippi,Lincoln,270,29,0,31.53288662,-90.45391915,28085.0,790.5601264896202,10.74074074074074,241,266,29,0,237,263,34205,4,0,0,4,3
2020-06-02,US,Mississippi,Lowndes,230,9,0,33.47386518,-88.44191529999998,28087.0,392.52495946753135,3.9130434782608696,221,219,9,0,210,211,58930,11,0,0,11,8
2020-06-02,US,Mississippi,Madison,745,25,0,32.63389156,-90.03513564,28089.0,701.0313158687143,3.355704697986577,720,742,23,0,719,724,105630,3,2,0,1,18
2020-06-02,US,Mississippi,Marion,117,9,0,31.23132643,-89.8209217,28091.0,476.1323403735808,7.6923076923076925,108,117,9,0,108,115,24715,0,0,0,0,2
2020-06-02,US,Mississippi,Marshall,81,3,0,34.76216286,-89.50299462,28093.0,229.50076500255,3.703703703703704,78,81,3,0,78,83,35451,0,0,0,0,-2
2020-06-02,US,Mississippi,Monroe,265,25,0,33.89236763,-88.4808438,28095.0,751.7303982752753,9.433962264150944,240,261,25,0,236,257,35564,4,0,0,4,4
2020-06-02,US,Mississippi,Montgomery,85,1,0,33.49419589,-89.61729103,28097.0,869.5652173913044,1.1764705882352942,84,85,1,0,84,85,10023,0,0,0,0,0
2020-06-02,US,Mississippi,Neshoba,707,42,0,32.75339664,-89.11726492,28099.0,2428.0513771550245,5.9405940594059405,665,671,39,0,632,646,29125,36,3,0,33,25
2020-06-02,US,Mississippi,Newton,282,4,0,32.40021118,-89.11843336,28101.0,1341.7071081929776,1.4184397163120568,278,278,4,0,274,271,21443,4,0,0,4,7
2020-06-02,US,Mississippi,Noxubee,191,6,0,33.11009499,-88.56949061,28103.0,1833.5413266775463,3.141361256544503,185,187,6,0,181,186,10535,4,0,0,4,1
2020-06-02,US,Mississippi,Oktibbeha,253,14,0,33.42491685,-88.87905132,28105.0,510.2143707019985,5.533596837944664,239,243,14,0,229,239,49599,10,0,0,10,4
2020-06-02,US,Mississippi,Panola,84,3,0,34.36398677,-89.95064249,28107.0,245.67150210575574,3.571428571428572,81,71,3,0,68,71,34178,13,0,0,13,0
2020-06-02,US,Mississippi,Pearl River,211,31,0,30.77090935,-89.58677275,28109.0,379.9405780138652,14.691943127962086,180,209,31,0,178,209,55387,2,0,0,2,0
2020-06-02,US,Mississippi,Perry,51,3,0,31.17161885,-88.99281835,28111.0,425.95840641443255,5.882352941176472,48,50,3,0,47,50,11931,1,0,0,1,0
2020-06-02,US,Mississippi,Pike,204,11,0,31.17507789,-90.40392572,28113.0,519.2425167990226,5.3921568627450975,193,203,11,0,192,203,39563,1,0,0,1,0
2020-06-02,US,Mississippi,Pontotoc,43,3,0,34.226046000000004,-89.03636807,28115.0,133.64828743706101,6.9767441860465125,40,36,3,0,33,35,31833,7,0,0,7,1
2020-06-02,US,Mississippi,Prentiss,56,3,0,34.61810501,-88.51986294,28117.0,222.8767014248189,5.357142857142857,53,56,3,0,53,53,25315,0,0,0,0,3
2020-06-02,US,Mississippi,Quitman,34,0,0,34.25157572,-90.28908,28119.0,500.5889281507656,0.0,34,34,0,0,34,33,7051,0,0,0,0,1
2020-06-02,US,Mississippi,Rankin,446,8,0,32.26469147,-89.94537876,28121.0,287.2397292475736,1.7937219730941705,438,446,8,0,438,439,153902,0,0,0,0,7
2020-06-02,US,Mississippi,Scott,661,12,0,32.406704100000006,-89.53789439,28123.0,2350.305788650263,1.815431164901664,649,648,12,0,636,650,28287,13,0,0,13,-2
2020-06-02,US,Mississippi,Sharkey,7,0,0,32.88149103,-90.81595379999999,28125.0,161.99953714417958,0.0,7,7,0,0,7,7,4377,0,0,0,0,0
2020-06-02,US,Mississippi,Simpson,102,0,0,31.91282117,-89.91716179,28127.0,382.62435291469734,0.0,102,100,0,0,100,101,26758,2,0,0,2,-1
2020-06-02,US,Mississippi,Smith,153,11,0,32.01744532,-89.50644846,28129.0,961.2968082432773,7.189542483660131,142,152,11,0,141,152,16002,1,0,0,1,0
2020-06-02,US,Mississippi,Stone,31,0,0,30.79187949,-89.11547539,28131.0,169.06631762652702,0.0,31,30,0,0,30,30,18717,1,0,0,1,0
2020-06-02,US,Mississippi,Sunflower,85,3,0,33.60192578,-90.58882684,28133.0,338.51055356431704,3.5294117647058822,82,85,3,0,82,84,25735,0,0,0,0,1
2020-06-02,US,Mississippi,Tallahatchie,29,1,0,33.95339918,-90.1729398,28135.0,210.00796581939315,3.4482758620689653,28,27,1,0,26,27,13987,2,0,0,2,0
2020-06-02,US,Mississippi,Tate,95,1,0,34.65133709,-89.94485778,28137.0,335.4401327636736,1.0526315789473684,94,95,1,0,94,94,28759,0,0,0,0,1
2020-06-02,US,Mississippi,Tippah,76,11,0,34.76872156,-88.90988194,28139.0,345.2191687485805,14.473684210526313,65,73,11,0,62,73,21995,3,0,0,3,0
2020-06-02,US,Mississippi,Tishomingo,34,0,0,34.74023475,-88.23917219,28141.0,175.4114430170768,0.0,34,32,0,0,32,32,19454,2,0,0,2,0
2020-06-02,US,Mississippi,Tunica,56,3,0,34.64967704,-90.37481167,28143.0,581.3953488372092,5.357142857142857,53,55,3,0,52,55,9944,1,0,0,1,0
2020-06-02,US,Mississippi,Union,85,7,0,34.49162015,-89.00776006,28145.0,294.9852507374631,8.235294117647058,78,84,5,0,79,83,28606,1,2,0,-1,1
2020-06-02,US,Mississippi,Walthall,61,0,0,31.14971548,-90.10446654,28147.0,426.99146017079664,0.0,61,57,0,0,57,56,14465,4,0,0,4,1
2020-06-02,US,Mississippi,Warren,181,10,0,32.35810271,-90.83352619,28149.0,398.8453317467663,5.524861878453039,171,175,10,0,165,173,46176,6,0,0,6,2
2020-06-02,US,Mississippi,Washington,191,7,0,33.28392041,-90.94196237,28151.0,434.99054863467626,3.6649214659685865,184,191,7,0,184,178,45063,0,0,0,0,13
2020-06-02,US,Mississippi,Wayne,224,2,0,31.64135687,-88.69573913,28153.0,1109.8449189912303,0.8928571428571429,222,210,1,0,209,204,20298,14,1,0,13,6
2020-06-02,US,Mississippi,Webster,68,3,0,33.61300486,-89.28392912,28155.0,701.8268139126844,4.411764705882354,65,68,2,0,66,69,9788,0,1,0,-1,-1
2020-06-02,US,Mississippi,Wilkinson,85,9,0,31.16078225,-91.31018819,28157.0,984.936268829664,10.588235294117649,76,85,9,0,76,88,8792,0,0,0,0,-3
2020-06-02,US,Mississippi,Winston,121,1,0,33.08747908,-89.03391385,28159.0,673.9069896964634,0.8264462809917356,120,120,1,0,119,117,18165,1,0,0,1,3
2020-06-02,US,Mississippi,Yalobusha,96,6,0,34.02824175,-89.70762049999998,28161.0,792.8642220019823,6.25,90,94,5,0,89,93,12392,2,1,0,1,1
2020-06-02,US,Mississippi,Yazoo,286,4,0,32.77890365,-90.39656148,28163.0,963.2873021219266,1.3986013986013983,282,283,4,0,279,281,28248,3,0,0,3,2
2020-06-02,US,Missouri,Adair,60,0,0,40.19058551,-92.60078167,29001.0,236.75176577358638,0.0,60,60,0,0,60,55,25339,0,0,0,0,5
2020-06-02,US,Missouri,Andrew,30,0,0,39.98492163,-94.80163024,29003.0,169.3766937669377,0.0,30,30,0,0,30,30,17607,0,0,0,0,0
2020-06-02,US,Missouri,Atchison,3,0,0,40.43238737,-95.42970639,29005.0,58.331713007972,0.0,3,3,0,0,3,3,5171,0,0,0,0,0
2020-06-02,US,Missouri,Audrain,90,0,0,39.215877,-91.84242683,29007.0,354.49818812037176,0.0,90,85,0,0,85,82,25473,5,0,0,5,3
2020-06-02,US,Missouri,Barry,9,0,0,36.70978521,-93.82919888,29009.0,25.147391656654282,0.0,9,9,0,0,9,9,35886,0,0,0,0,0
2020-06-02,US,Missouri,Bates,10,1,0,38.25271289,-94.34113157,29013.0,61.835270838486274,10.0,9,9,1,0,8,7,16320,1,0,0,1,2
2020-06-02,US,Missouri,Benton,11,0,0,38.29503305,-93.28756116,29015.0,56.57563133261328,0.0,11,11,0,0,11,11,19278,0,0,0,0,0
2020-06-02,US,Missouri,Bollinger,6,0,0,37.32449052,-90.02725304,29017.0,49.451908019451075,0.0,6,6,0,0,6,6,12169,0,0,0,0,0
2020-06-02,US,Missouri,Boone,154,1,0,38.99186229,-92.30723575,29019.0,85.33605226556136,0.6493506493506493,153,153,1,0,152,152,180005,1,0,0,1,1
2020-06-02,US,Missouri,Buchanan,719,2,0,39.65816401,-94.80138942,29021.0,822.9934526807381,0.27816411682892905,717,709,2,0,707,692,88571,10,0,0,10,17
2020-06-02,US,Missouri,Butler,40,0,0,36.71462476,-90.40421163,29023.0,94.16639201468996,0.0,40,35,0,0,35,35,42639,5,0,0,5,0
2020-06-02,US,Missouri,Caldwell,6,0,0,39.65620858,-93.98308093,29025.0,66.51884700665188,0.0,6,6,0,0,6,5,9108,0,0,0,0,1
2020-06-02,US,Missouri,Callaway,30,1,0,38.83674754,-91.92186505,29027.0,67.04959434995418,3.333333333333333,29,29,1,0,28,29,44889,1,0,0,1,0
2020-06-02,US,Missouri,Camden,38,1,0,38.02199522,-92.76083747,29029.0,82.06457186049023,2.631578947368421,37,38,1,0,37,38,45815,0,0,0,0,0
2020-06-02,US,Missouri,Cape Girardeau,76,2,0,37.38489388,-89.6843587,29031.0,96.35987878941565,2.631578947368421,74,74,2,0,72,73,78753,2,0,0,2,1
2020-06-02,US,Missouri,Carroll,8,0,0,39.42762566,-93.50626255,29033.0,92.17651803203134,0.0,8,8,0,0,8,8,8743,0,0,0,0,0
2020-06-02,US,Missouri,Carter,5,1,0,36.94160441,-90.96051322,29035.0,83.58408559010364,20.0,4,5,1,0,4,5,6054,0,0,0,0,0
2020-06-02,US,Missouri,Cass,96,8,0,38.64789422,-94.353399,29037.0,90.7543959160522,8.333333333333334,88,93,8,0,85,90,104954,3,0,0,3,3
2020-06-02,US,Missouri,Cedar,9,0,0,37.72391475,-93.85445441,29039.0,62.72214091574325,0.0,9,9,0,0,9,9,14165,0,0,0,0,0
2020-06-02,US,Missouri,Chariton,6,0,0,39.51499357,-92.9629191,29041.0,80.79719903043363,0.0,6,6,0,0,6,6,7451,0,0,0,0,0
2020-06-02,US,Missouri,Christian,24,0,0,36.9711783,-93.18537118,29043.0,27.089564873864212,0.0,24,24,0,0,24,23,86983,0,0,0,0,1
2020-06-02,US,Missouri,Clark,1,0,0,40.41040752,-91.73661677,29045.0,14.712373105781962,0.0,1,1,0,0,1,1,6842,0,0,0,0,0
2020-06-02,US,Missouri,Clay,173,3,0,39.31132056,-94.41850862,29047.0,69.21439659449166,1.7341040462427746,170,173,3,0,170,173,246365,0,0,0,0,0
2020-06-02,US,Missouri,Clinton,18,0,0,39.6013098,-94.40465394,29049.0,88.29155834600479,0.0,18,18,0,0,18,18,20470,0,0,0,0,0
2020-06-02,US,Missouri,Cole,61,1,0,38.50455671,-92.27860244,29051.0,79.48400547266922,1.639344262295082,60,61,1,0,60,60,76796,0,0,0,0,1
2020-06-02,US,Missouri,Cooper,9,0,0,38.844478,-92.80896081,29053.0,50.82161612739286,0.0,9,9,0,0,9,9,17603,0,0,0,0,0
2020-06-02,US,Missouri,Crawford,9,0,0,37.97663738,-91.30528104,29055.0,37.625418060200666,0.0,9,9,0,0,9,9,23957,0,0,0,0,0
2020-06-02,US,Missouri,Dallas,3,0,0,37.681135499999996,-93.02127031,29059.0,17.774617845716318,0.0,3,3,0,0,3,3,16762,0,0,0,0,0
2020-06-02,US,Missouri,Daviess,4,0,0,39.96145298,-93.98519678,29061.0,48.32085044696787,0.0,4,4,0,0,4,4,8313,0,0,0,0,0
2020-06-02,US,Missouri,DeKalb,6,0,0,39.89201062,-94.40476508,29063.0,47.82019606280386,0.0,6,6,0,0,6,6,12630,0,0,0,0,0
2020-06-02,US,Missouri,Dunklin,45,2,0,36.27167174,-90.09122243,29069.0,154.47461467165562,4.4444444444444455,43,45,2,0,43,38,29423,0,0,0,0,7
2020-06-02,US,Missouri,Franklin,142,17,0,38.41127108,-91.07522826,29071.0,136.5817999942289,11.971830985915492,125,141,16,0,125,139,103670,1,1,0,0,2
2020-06-02,US,Missouri,Gasconade,2,0,0,38.43947277,-91.50847147,29073.0,13.599891200870395,0.0,2,2,0,0,2,2,14705,0,0,0,0,0
2020-06-02,US,Missouri,Gentry,41,0,0,40.21097916,-94.40944419,29075.0,623.9537361132247,0.0,41,35,0,0,35,31,6628,6,0,0,6,4
2020-06-02,US,Missouri,Greene,155,8,0,37.2575872,-93.34230916,29077.0,52.885501183952826,5.161290322580644,147,155,8,0,147,151,291923,0,0,0,0,4
2020-06-02,US,Missouri,Harrison,9,0,0,40.35570088,-93.99222144,29081.0,107.75862068965515,0.0,9,9,0,0,9,9,8414,0,0,0,0,0
2020-06-02,US,Missouri,Henry,12,3,0,38.38482826,-93.79293734,29083.0,54.98533724340176,25.0,9,12,3,0,9,12,21792,0,0,0,0,0
2020-06-02,US,Missouri,Holt,2,0,0,40.09799248,-95.21638879999999,29087.0,45.42357483533954,0.0,2,2,0,0,2,2,4404,0,0,0,0,0
2020-06-02,US,Missouri,Howard,3,0,0,39.1435761,-92.69756691,29089.0,29.99700029997,0.0,3,3,0,0,3,3,10137,0,0,0,0,0
2020-06-02,US,Missouri,Howell,9,0,0,36.77383887,-91.88683935,29091.0,22.4343794401376,0.0,9,7,0,0,7,7,40076,2,0,0,2,0
2020-06-02,US,Missouri,Iron,3,0,0,37.55487945,-90.7735296,29093.0,29.62962962962963,0.0,3,3,0,0,3,2,10177,0,0,0,0,1
2020-06-02,US,Missouri,Jackson,637,22,0,39.01002188,-94.34724536,29095.0,90.61024649685423,3.4536891679748822,615,613,19,0,594,596,700307,24,3,0,21,17
2020-06-02,US,Missouri,Jasper,38,0,0,37.20351921,-94.34050458,29097.0,31.32005802452855,0.0,38,37,0,0,37,37,120636,1,0,0,1,0
2020-06-02,US,Missouri,Jefferson,390,18,0,38.25926778,-90.53870896,29099.0,173.2709557892492,4.615384615384615,372,363,17,0,346,349,224347,27,1,0,26,14
2020-06-02,US,Missouri,Johnson,76,0,0,38.74719601,-93.80691168,29101.0,140.57933483777884,0.0,76,76,0,0,76,76,53652,0,0,0,0,0
2020-06-02,US,Missouri,Kansas City,1315,27,0,39.0997,-94.5786,0.0,268.9475051284097,2.053231939163498,1288,1219,26,0,1193,1182,491918,96,1,0,95,37
2020-06-02,US,Missouri,Laclede,7,0,0,37.65896829,-92.5888493,29105.0,19.595218766620945,0.0,7,5,0,0,5,4,35713,2,0,0,2,1
2020-06-02,US,Missouri,Lafayette,75,3,0,39.06986886,-93.78076396,29107.0,229.30169988993518,4.0,72,74,3,0,71,74,32598,1,0,0,1,0
2020-06-02,US,Missouri,Lawrence,8,0,0,37.10626634,-93.83293097,29109.0,20.857776039629773,0.0,8,8,0,0,8,8,38359,0,0,0,0,0
2020-06-02,US,Missouri,Lewis,7,1,0,40.09673161,-91.72070156,29111.0,71.6039279869067,14.285714285714285,6,7,1,0,6,7,9855,0,0,0,0,0
2020-06-02,US,Missouri,Lincoln,118,1,0,39.05345619,-90.95588181,29113.0,199.9559419111044,0.8474576271186439,117,109,1,0,108,109,57686,9,0,0,9,0
2020-06-02,US,Missouri,Linn,9,1,0,39.87001769,-93.10704106,29115.0,75.50335570469798,11.111111111111109,8,9,1,0,8,9,12037,0,0,0,0,0
2020-06-02,US,Missouri,Livingston,3,0,0,39.78110272,-93.54645978,29117.0,19.70184540618638,0.0,3,3,0,0,3,3,15146,0,0,0,0,0
2020-06-02,US,Missouri,Macon,5,0,0,39.83049768,-92.56453089,29121.0,33.075345637361906,0.0,5,4,0,0,4,4,15153,1,0,0,1,0
2020-06-02,US,Missouri,Madison,3,0,0,37.47865134,-90.34671429999999,29123.0,24.81800132362674,0.0,3,3,0,0,3,3,12188,0,0,0,0,0
2020-06-02,US,Missouri,Maries,2,0,0,38.16193985,-91.92249662,29125.0,22.996435552489363,0.0,2,2,0,0,2,2,8769,0,0,0,0,0
2020-06-02,US,Missouri,Marion,5,0,0,39.80601912,-91.62203062,29127.0,17.525411847178407,0.0,5,5,0,0,5,5,28592,0,0,0,0,0
2020-06-02,US,Missouri,McDonald,22,0,0,36.62869595,-94.34867205,29119.0,96.33489512633007,0.0,22,22,0,0,22,20,23078,0,0,0,0,2
2020-06-02,US,Missouri,Miller,4,0,0,38.21450288,-92.42610898,29131.0,15.613411920839999,0.0,4,4,0,0,4,4,25336,0,0,0,0,0
2020-06-02,US,Missouri,Mississippi,59,0,0,36.82516239,-89.29505753,29133.0,447.6479514415781,0.0,59,58,0,0,58,58,13336,1,0,0,1,0
2020-06-02,US,Missouri,Moniteau,48,0,0,38.63571781,-92.57976951,29135.0,297.54525167369206,0.0,48,47,0,0,47,47,16121,1,0,0,1,0
2020-06-02,US,Missouri,Montgomery,9,0,0,38.94022054,-91.47000721,29139.0,77.91533200588694,0.0,9,9,0,0,9,9,11534,0,0,0,0,0
2020-06-02,US,Missouri,Morgan,9,0,0,38.4181765,-92.88791859,29141.0,43.63213264168323,0.0,9,9,0,0,9,9,20358,0,0,0,0,0
2020-06-02,US,Missouri,New Madrid,21,0,0,36.59666326,-89.66070007,29143.0,122.97962052002809,0.0,21,21,0,0,21,21,17296,0,0,0,0,0
2020-06-02,US,Missouri,Newton,20,1,0,36.90519407,-94.3394104,29145.0,34.343018064427504,5.0,19,19,1,0,18,18,58266,1,0,0,1,1
2020-06-02,US,Missouri,Nodaway,14,0,0,40.36079813,-94.88133008,29147.0,63.371356147021544,0.0,14,14,0,0,14,13,22304,0,0,0,0,1
2020-06-02,US,Missouri,Oregon,2,0,0,36.68710164,-91.4033755,29149.0,18.995156235160035,0.0,2,2,0,0,2,2,10541,0,0,0,0,0
2020-06-02,US,Missouri,Osage,5,0,0,38.46036182,-91.8613635,29151.0,36.72420124862284,0.0,5,5,0,0,5,5,13714,0,0,0,0,0
2020-06-02,US,Missouri,Pemiscot,88,5,0,36.2130572,-89.78742322,29155.0,556.7858272698513,5.6818181818181825,83,87,4,0,83,83,16272,1,1,0,0,4
2020-06-02,US,Missouri,Perry,63,0,0,37.70660776,-89.82741088,29157.0,329.22240802675583,0.0,63,61,0,0,61,57,19150,2,0,0,2,4
2020-06-02,US,Missouri,Pettis,79,1,0,38.72798918,-93.28471706,29159.0,186.5891967216987,1.2658227848101269,78,78,1,0,77,78,42542,1,0,0,1,0
2020-06-02,US,Missouri,Phelps,4,0,0,37.87736118,-91.79351727,29161.0,8.974042581832052,0.0,4,4,0,0,4,4,44732,0,0,0,0,0
2020-06-02,US,Missouri,Pike,25,1,0,39.34310674,-91.16980779,29163.0,136.59709321385643,4.0,24,22,1,0,21,22,18504,3,0,0,3,0
2020-06-02,US,Missouri,Platte,73,0,0,39.38154439,-94.77068479,29165.0,69.91131797199715,0.0,73,70,0,0,70,70,102985,3,0,0,3,0
2020-06-02,US,Missouri,Polk,3,0,0,37.616229600000004,-93.39828174,29167.0,9.33154997045009,0.0,3,3,0,0,3,3,32201,0,0,0,0,0
2020-06-02,US,Missouri,Pulaski,35,1,0,37.82462075,-92.20783203,29169.0,66.53107000969453,2.8571428571428568,34,35,1,0,34,34,52014,0,0,0,0,1
2020-06-02,US,Missouri,Ralls,5,0,0,39.52817427,-91.51838643,29173.0,48.50130953535746,0.0,5,5,0,0,5,5,10212,0,0,0,0,0
2020-06-02,US,Missouri,Randolph,10,0,0,39.44007257,-92.49713740000001,29175.0,40.40730564085987,0.0,10,10,0,0,10,10,24763,0,0,0,0,0
2020-06-02,US,Missouri,Ray,19,0,0,39.353746799999996,-93.98905745,29177.0,82.54409592492831,0.0,19,19,0,0,19,19,22883,0,0,0,0,0
2020-06-02,US,Missouri,Reynolds,2,0,0,37.36085952,-90.97009925,29179.0,31.897926634768737,0.0,2,2,0,0,2,2,6254,0,0,0,0,0
2020-06-02,US,Missouri,Ripley,8,0,0,36.65460667,-90.85990261,29181.0,60.20469596628537,0.0,8,7,0,0,7,7,13401,1,0,0,1,0
2020-06-02,US,Missouri,Saline,269,2,0,39.13734288,-93.20259964,29195.0,1181.8461403277533,0.7434944237918215,267,269,2,0,267,269,22895,0,0,0,0,0
2020-06-02,US,Missouri,Scotland,6,0,0,40.45214695,-92.14709064,29199.0,122.39902080783354,0.0,6,6,0,0,6,5,4966,0,0,0,0,1
2020-06-02,US,Missouri,Scott,110,10,0,37.05588075,-89.56474493,29201.0,287.3563218390805,9.090909090909092,100,108,10,0,98,110,38458,2,0,0,2,-2
2020-06-02,US,Missouri,Shelby,1,0,0,39.79742518,-92.07634971,29205.0,16.863406408094434,0.0,1,1,0,0,1,1,6050,0,0,0,0,0
2020-06-02,US,Missouri,St. Charles,791,60,0,38.77875681,-90.66662425,29183.0,196.75540144569203,7.585335018963338,731,787,59,0,728,780,399182,4,1,0,3,7
2020-06-02,US,Missouri,St. Clair,3,0,0,38.03699437,-93.77631447,29185.0,31.925082473129727,0.0,3,3,0,0,3,3,9395,0,0,0,0,0
2020-06-02,US,Missouri,St. Francois,36,2,0,37.81214171,-90.47598685,29187.0,53.55947333184557,5.5555555555555545,34,35,2,0,33,35,66692,1,0,0,1,0
2020-06-02,US,Missouri,St. Louis,5084,444,0,38.63770039999999,-90.4458375,29189.0,511.3633506168245,8.733280881195908,4640,5034,443,0,4591,4914,996945,50,1,0,49,120
2020-06-02,US,Missouri,St. Louis City,1990,131,0,38.63555736,-90.24349225,29510.0,662.0621739593314,6.582914572864323,1859,1974,130,0,1844,1955,302838,16,1,0,15,19
2020-06-02,US,Missouri,Ste. Genevieve,12,1,0,37.89090059,-90.1949941,29186.0,67.06158488878954,8.333333333333334,11,12,1,0,11,12,17888,0,0,0,0,0
2020-06-02,US,Missouri,Stoddard,87,0,0,36.85571651,-89.9444155,29207.0,299.74160206718346,0.0,87,84,0,0,84,81,29206,3,0,0,3,3
2020-06-02,US,Missouri,Stone,5,0,0,36.75000327,-93.45256475,29209.0,15.648472709063597,0.0,5,4,0,0,4,4,31749,1,0,0,1,0
2020-06-02,US,Missouri,Sullivan,61,0,0,40.2099105,-93.11150106,29211.0,1001.8065363770734,0.0,61,60,0,0,60,59,6221,1,0,0,1,1
2020-06-02,US,Missouri,Taney,14,2,0,36.65465345,-93.04075153,29213.0,25.03218423687598,14.285714285714285,12,14,2,0,12,14,55852,0,0,0,0,0
2020-06-02,US,Missouri,Texas,1,0,0,37.31728859,-91.96564727,29215.0,3.937317899047169,0.0,1,1,0,0,1,1,25571,0,0,0,0,0
2020-06-02,US,Missouri,Vernon,10,0,0,37.8457799,-94.34127305,29217.0,48.63103632738414,0.0,10,9,0,0,9,9,20528,1,0,0,1,0
2020-06-02,US,Missouri,Warren,28,0,0,38.76529479,-91.16124662,29219.0,78.54357765996241,0.0,28,28,0,0,28,28,34711,0,0,0,0,0
2020-06-02,US,Missouri,Washington,12,1,0,37.96130078,-90.87948158,29221.0,48.52405984634048,8.333333333333334,11,12,1,0,11,11,24943,0,0,0,0,1
2020-06-02,US,Missouri,Webster,18,0,0,37.2813734,-92.876329,29225.0,45.463730046474026,0.0,18,18,0,0,18,17,39109,0,0,0,0,1
2020-06-02,US,Missouri,Worth,4,0,0,40.47945588,-94.42328751,29227.0,198.7083954297069,0.0,4,4,0,0,4,4,2040,0,0,0,0,0
2020-06-02,US,Missouri,Wright,11,0,0,37.27029221,-92.46914488,29229.0,60.14544261577997,0.0,11,11,0,0,11,11,18378,0,0,0,0,0
2020-06-02,US,Montana,Beaverhead,1,0,0,45.13434354,-112.89846940000001,30001.0,10.578652279699568,0.0,1,1,0,0,1,1,9404,0,0,0,0,0
2020-06-02,US,Montana,Big Horn,31,0,0,45.42335905,-107.492347,30003.0,232.7502064719573,0.0,31,30,0,0,30,29,13338,1,0,0,1,1
2020-06-02,US,Montana,Broadwater,4,0,0,46.33277565,-111.49558130000001,30007.0,64.1333974667308,0.0,4,4,0,0,4,4,6085,0,0,0,0,0
2020-06-02,US,Montana,Carbon,6,0,0,45.22850116,-109.0274047,30009.0,55.94405594405596,0.0,6,6,0,0,6,6,10714,0,0,0,0,0
2020-06-02,US,Montana,Cascade,17,2,0,47.30797024,-111.3467922,30013.0,20.893247793918835,11.764705882352944,15,17,2,0,15,17,81643,0,0,0,0,0
2020-06-02,US,Montana,Deer Lodge,3,0,0,46.05953325,-113.073353,30023.0,32.822757111597376,0.0,3,3,0,0,3,3,9131,0,0,0,0,0
2020-06-02,US,Montana,Flathead,37,2,0,48.29575866,-114.05205690000001,30029.0,35.64341174883918,5.405405405405406,35,37,2,0,35,37,102106,0,0,0,0,0
2020-06-02,US,Montana,Gallatin,155,1,0,45.54486106,-111.1692571,30031.0,135.44925459216662,0.6451612903225806,154,153,1,0,152,151,111876,2,0,0,2,2
2020-06-02,US,Montana,Glacier,6,0,0,48.70513576,-112.9934235,30035.0,43.62684505198866,0.0,6,6,0,0,6,6,13747,0,0,0,0,0
2020-06-02,US,Montana,Golden Valley,3,0,0,46.3816474,-109.17685220000001,30037.0,365.40803897685754,0.0,3,3,0,0,3,3,826,0,0,0,0,0
2020-06-02,US,Montana,Hill,1,0,0,48.62879827,-110.1129252,30041.0,6.066488716330987,0.0,1,1,0,0,1,1,16347,0,0,0,0,0
2020-06-02,US,Montana,Jefferson,3,0,0,46.14907081,-112.094396,30043.0,24.547909336388184,0.0,3,3,0,0,3,3,12097,0,0,0,0,0
2020-06-02,US,Montana,Lake,5,0,0,47.64514965,-114.0898013,30047.0,16.41604832884628,0.0,5,5,0,0,5,5,30250,0,0,0,0,0
2020-06-02,US,Montana,Lewis and Clark,16,0,0,47.12610041,-112.39469799999999,30049.0,23.044129508007835,0.0,16,16,0,0,16,16,68700,0,0,0,0,0
2020-06-02,US,Montana,Liberty,1,0,0,48.56084317,-111.02430700000001,30051.0,42.78990158322636,0.0,1,1,0,0,1,1,2430,0,0,0,0,0
2020-06-02,US,Montana,Lincoln,7,1,0,48.54265777,-115.4046155,30053.0,35.03503503503504,14.285714285714285,6,7,1,0,6,7,19794,0,0,0,0,0
2020-06-02,US,Montana,Madison,8,1,0,45.30080065,-111.9173017,30057.0,93.02325581395347,12.5,7,8,1,0,7,8,8768,0,0,0,0,0
2020-06-02,US,Montana,Meagher,1,0,0,46.59907074,-110.8898557,30059.0,53.705692803437174,0.0,1,1,0,0,1,1,1866,0,0,0,0,0
2020-06-02,US,Montana,Missoula,40,1,0,47.03728583,-113.92135079999998,30063.0,33.44481605351171,2.5,39,40,1,0,39,40,118791,0,0,0,0,0
2020-06-02,US,Montana,Musselshell,1,0,0,46.49684637,-108.39498,30065.0,21.58428663932657,0.0,1,1,0,0,1,1,4651,0,0,0,0,0
2020-06-02,US,Montana,Park,8,0,0,45.48965095,-110.52643940000002,30067.0,48.17535830422739,0.0,8,8,0,0,8,8,16736,0,0,0,0,0
2020-06-02,US,Montana,Pondera,2,0,0,48.22773388,-112.22527029999999,30073.0,33.83522246658772,0.0,2,2,0,0,2,2,5972,0,0,0,0,0
2020-06-02,US,Montana,Ravalli,14,0,0,46.08520862,-114.11891640000002,30081.0,31.959092361776925,0.0,14,14,0,0,14,14,43172,0,0,0,0,0
2020-06-02,US,Montana,Richland,3,0,0,47.78668011,-104.5610786,30083.0,27.770063871146906,0.0,3,3,0,0,3,3,10913,0,0,0,0,0
2020-06-02,US,Montana,Roosevelt,7,0,0,48.29607488,-105.00792679999999,30085.0,63.613231552162844,0.0,7,7,0,0,7,7,11059,0,0,0,0,0
2020-06-02,US,Montana,Rosebud,1,0,0,46.23397237,-106.72928799999998,30087.0,11.189437171310285,0.0,1,,,,,,9063,,,,,
2020-06-02,US,Montana,Silver Bow,11,0,0,45.90018933,-112.6620092,30093.0,31.505083774881854,0.0,11,11,0,0,11,11,34993,0,0,0,0,0
2020-06-02,US,Montana,Stillwater,1,0,0,45.67071407,-109.3950061,30095.0,10.371292263015972,0.0,1,1,0,0,1,1,9534,0,0,0,0,0
2020-06-02,US,Montana,Toole,29,6,0,48.65577551,-111.69424140000001,30101.0,612.331081081081,20.689655172413797,23,29,6,0,23,29,4853,0,0,0,0,0
2020-06-02,US,Montana,Wheatland,1,0,0,46.46652491,-109.84646359999999,30107.0,47.036688617121364,0.0,1,1,0,0,1,1,2236,0,0,0,0,0
2020-06-02,US,Montana,Yellowstone,100,3,0,45.93955949,-108.26914860000001,30111.0,61.99628022318661,3.0,97,100,3,0,97,99,160137,0,0,0,0,1
2020-06-02,US,Nebraska,Adams,272,11,0,40.52449420000001,-98.50117804,31001.0,867.2639734719255,4.044117647058823,261,272,11,0,261,270,31511,0,0,0,0,2
2020-06-02,US,Nebraska,Antelope,8,0,0,42.17695516,-98.06662829999999,31003.0,127.02445220704986,0.0,8,8,0,0,8,8,6336,0,0,0,0,0
2020-06-02,US,Nebraska,Boone,6,0,0,41.70759415,-98.06737183,31011.0,115.56240369799693,0.0,6,6,0,0,6,6,5239,0,0,0,0,0
2020-06-02,US,Nebraska,Box Butte,2,0,0,42.22079243,-103.08788340000001,31013.0,18.547713994250213,0.0,2,2,0,0,2,2,10772,0,0,0,0,0
2020-06-02,US,Nebraska,Boyd,1,0,0,42.899727399999996,-98.76486568,31015.0,52.11047420531528,0.0,1,1,0,0,1,,1955,0,0,0,0,
2020-06-02,US,Nebraska,Buffalo,166,1,0,40.85486962,-99.07500296,31019.0,334.27978815521857,0.6024096385542169,165,159,1,0,158,157,49615,7,0,0,7,2
2020-06-02,US,Nebraska,Burt,8,0,0,41.85056773,-96.32605633,31021.0,123.85818238117355,0.0,8,8,0,0,8,9,6488,0,0,0,0,-1
2020-06-02,US,Nebraska,Butler,49,0,0,41.22703692,-97.13106306,31023.0,611.2774451097804,0.0,49,48,0,0,48,48,8058,1,0,0,1,0
2020-06-02,US,Nebraska,Cass,53,0,0,40.90899107,-96.13971217,31025.0,201.9201462968607,0.0,53,51,0,0,51,50,26159,2,0,0,2,1
2020-06-02,US,Nebraska,Cedar,8,0,0,42.598885100000004,-97.25311951,31027.0,95.21542489883362,0.0,8,8,0,0,8,8,8446,0,0,0,0,0
2020-06-02,US,Nebraska,Chase,1,0,0,40.523719799999995,-101.69780259999999,31029.0,25.4841997961264,0.0,1,1,0,0,1,1,3977,0,0,0,0,0
2020-06-02,US,Nebraska,Cherry,1,0,0,42.54502621,-101.1244332,31031.0,17.577781683951486,0.0,1,1,0,0,1,1,5761,0,0,0,0,0
2020-06-02,US,Nebraska,Cheyenne,9,0,0,41.21999357,-102.9941693,31033.0,101.010101010101,0.0,9,9,0,0,9,9,9310,0,0,0,0,0
2020-06-02,US,Nebraska,Clay,24,0,0,40.52439441,-98.05126296,31035.0,386.90955989037565,0.0,24,24,0,0,24,24,6214,0,0,0,0,0
2020-06-02,US,Nebraska,Colfax,620,2,0,41.57486951,-97.0868542,31037.0,5789.522831263424,0.3225806451612903,618,619,2,0,617,617,10881,1,0,0,1,2
2020-06-02,US,Nebraska,Cuming,34,0,0,41.91637624,-96.78730772,31039.0,384.35451051322633,0.0,34,32,0,0,32,31,8940,2,0,0,2,1
2020-06-02,US,Nebraska,Custer,31,4,0,41.39374521,-99.72805369,31041.0,287.64962419968447,12.903225806451614,27,31,4,0,27,31,10840,0,0,0,0,0
2020-06-02,US,Nebraska,Dakota,1675,15,0,42.39040144,-96.56656425,31043.0,8364.126635374014,0.8955223880597015,1660,1665,15,0,1650,1663,20083,10,0,0,10,2
2020-06-02,US,Nebraska,Dawes,1,0,0,42.71985036,-103.1313774,31045.0,11.6427989288625,0.0,1,1,0,0,1,1,8716,0,0,0,0,0
2020-06-02,US,Nebraska,Dawson,839,7,0,40.87028216,-99.82014609999999,31047.0,3555.8381012926466,0.834326579261025,832,839,7,0,832,838,23709,0,0,0,0,1
2020-06-02,US,Nebraska,Dixon,29,0,0,42.49188363,-96.86782408,31051.0,514.5493257629523,0.0,29,29,0,0,29,27,5709,0,0,0,0,2
2020-06-02,US,Nebraska,Dodge,487,1,0,41.58071748,-96.65598179,31053.0,1331.8747436072747,0.2053388090349076,486,478,1,0,477,465,36791,9,0,0,9,13
2020-06-02,US,Nebraska,Douglas,4476,23,0,41.29518299,-96.15085305,31055.0,783.4392563278122,0.5138516532618409,4453,4331,23,0,4308,4198,566880,145,0,0,145,133
2020-06-02,US,Nebraska,Fillmore,7,0,0,40.52458567,-97.59646937,31059.0,128.15818381545222,0.0,7,7,0,0,7,6,5527,0,0,0,0,1
2020-06-02,US,Nebraska,Franklin,6,0,0,40.17636348,-98.95299073,31061.0,201.40986908358508,0.0,6,6,0,0,6,6,3023,0,0,0,0,0
2020-06-02,US,Nebraska,Frontier,1,0,0,40.52993007,-100.3924658,31063.0,38.06623524933384,0.0,1,1,0,0,1,1,2608,0,0,0,0,0
2020-06-02,US,Nebraska,Furnas,9,0,0,40.17642064,-99.91247454,31065.0,192.4721984602224,0.0,9,9,0,0,9,9,4715,0,0,0,0,0
2020-06-02,US,Nebraska,Gage,45,4,0,40.26186809,-96.68946704,31067.0,209.17584716218101,8.888888888888891,41,45,4,0,41,45,21493,0,0,0,0,0
2020-06-02,US,Nebraska,Garden,2,0,0,41.61703149,-102.3313973,31069.0,108.87316276537834,0.0,2,2,0,0,2,,1897,0,0,0,0,
2020-06-02,US,Nebraska,Gosper,13,0,0,40.51481965,-99.83020279,31073.0,653.2663316582915,0.0,13,13,0,0,13,13,1996,0,0,0,0,0
2020-06-02,US,Nebraska,Greeley,2,0,0,41.56742671,-98.52150266,31077.0,84.88964346349746,0.0,2,2,0,0,2,2,2356,0,0,0,0,0
2020-06-02,US,Nebraska,Hall,1522,39,0,40.87257079,-98.50218293,31079.0,2480.726288853031,2.562417871222076,1483,1515,39,0,1476,1503,61607,7,0,0,7,12
2020-06-02,US,Nebraska,Hamilton,55,10,0,40.87349452,-98.02099117,31081.0,589.8755898755899,18.181818181818183,45,55,10,0,45,55,9280,0,0,0,0,0
2020-06-02,US,Nebraska,Hitchcock,1,0,0,40.17609175,-101.04164770000001,31087.0,36.205648081100655,0.0,1,1,0,0,1,1,2806,0,0,0,0,0
2020-06-02,US,Nebraska,Holt,1,0,0,42.45522056,-98.78402558,31089.0,9.933445912387008,0.0,1,1,0,0,1,1,10178,0,0,0,0,0
2020-06-02,US,Nebraska,Howard,42,0,0,41.2200529,-98.5166499,31093.0,651.6679596586501,0.0,42,42,0,0,42,42,6468,0,0,0,0,0
2020-06-02,US,Nebraska,Jefferson,7,0,0,40.17584531,-97.142601,31095.0,99.347147317627,0.0,7,6,0,0,6,6,7097,1,0,0,1,0
2020-06-02,US,Nebraska,Johnson,6,0,0,40.39257596,-96.26522753,31097.0,118.3198580161704,0.0,6,6,0,0,6,6,5134,0,0,0,0,0
2020-06-02,US,Nebraska,Kearney,11,0,0,40.50663314,-98.94877182,31099.0,169.36104695919937,0.0,11,11,0,0,11,11,6544,0,0,0,0,0
2020-06-02,US,Nebraska,Keith,2,0,0,41.19930341,-101.66201640000001,31101.0,24.894199651481205,0.0,2,2,0,0,2,2,8021,0,0,0,0,0
2020-06-02,US,Nebraska,Kimball,8,0,0,41.19774275,-103.7148131,31105.0,220.26431718061676,0.0,8,8,0,0,8,8,3618,0,0,0,0,0
2020-06-02,US,Nebraska,Knox,10,0,0,42.63758421,-97.89178836,31107.0,120.01920307249159,0.0,10,10,0,0,10,10,8419,0,0,0,0,0
2020-06-02,US,Nebraska,Lancaster,1244,6,0,40.78416049,-96.68777155,31109.0,389.8586605659845,0.482315112540193,1238,1222,6,0,1216,1205,317272,22,0,0,22,17
2020-06-02,US,Nebraska,Lincoln,48,2,0,41.04658298,-100.74753740000001,31111.0,137.48066678123388,4.166666666666667,46,48,2,0,46,48,35185,0,0,0,0,0
2020-06-02,US,Nebraska,Madison,318,3,0,41.91676024,-97.6005481,31119.0,906.0087181970996,0.9433962264150944,315,318,3,0,315,314,35392,0,0,0,0,4
2020-06-02,US,Nebraska,Merrick,32,0,0,41.16624273,-98.0374887,31121.0,412.6370083816892,0.0,32,32,0,0,32,33,7733,0,0,0,0,-1
2020-06-02,US,Nebraska,Morrill,11,0,0,41.71711774,-103.0061405,31123.0,236.96682464454975,0.0,11,11,0,0,11,11,4686,0,0,0,0,0
2020-06-02,US,Nebraska,Nance,4,0,0,41.39750195,-97.99327291,31125.0,113.66865586814436,0.0,4,4,0,0,4,4,3532,0,0,0,0,0
2020-06-02,US,Nebraska,Nemaha,4,0,0,40.38514847,-95.85433992,31127.0,57.37234652897303,0.0,4,3,0,0,3,3,6958,1,0,0,1,0
2020-06-02,US,Nebraska,Nuckolls,1,0,0,40.17637905,-98.04743961,31129.0,24.10800385728061,0.0,1,1,0,0,1,1,4195,0,0,0,0,0
2020-06-02,US,Nebraska,Otoe,7,0,0,40.64843556,-96.13374142,31131.0,43.717212090931795,0.0,7,7,0,0,7,7,15985,0,0,0,0,0
2020-06-02,US,Nebraska,Phelps,20,0,0,40.51156033,-99.41461667,31137.0,221.38587558113792,0.0,20,20,0,0,20,20,8996,0,0,0,0,0
2020-06-02,US,Nebraska,Pierce,6,0,0,42.26434853,-97.60122773,31139.0,83.93956351426971,0.0,6,6,0,0,6,6,7142,0,0,0,0,0
2020-06-02,US,Nebraska,Platte,603,1,0,41.57246836,-97.52144359,31141.0,1801.613385121004,0.16583747927031509,602,586,1,0,585,577,33363,17,0,0,17,9
2020-06-02,US,Nebraska,Polk,11,0,0,41.18813488,-97.56630712,31143.0,211.01093420295413,0.0,11,11,0,0,11,11,5278,0,0,0,0,0
2020-06-02,US,Nebraska,Red Willow,5,0,0,40.17556879999999,-100.476998,31145.0,46.624393882879524,0.0,5,5,0,0,5,5,10726,0,0,0,0,0
2020-06-02,US,Nebraska,Richardson,1,0,0,40.1247415,-95.71755036,31147.0,12.714558169103626,0.0,1,1,0,0,1,1,7937,0,0,0,0,0
2020-06-02,US,Nebraska,Saline,506,1,0,40.52418865,-97.14085859,31151.0,3557.3678290213725,0.1976284584980237,505,504,1,0,503,497,14350,2,0,0,2,7
2020-06-02,US,Nebraska,Sarpy,680,2,0,41.11314181,-96.11156432,31153.0,363.25562512019485,0.29411764705882354,678,650,2,0,648,620,184459,30,0,0,30,30
2020-06-02,US,Nebraska,Saunders,40,1,0,41.227810299999994,-96.63773905,31155.0,185.3739920289184,2.5,39,38,1,0,37,36,21303,2,0,0,2,2
2020-06-02,US,Nebraska,Scotts Bluff,112,0,0,41.85070896,-103.70809859999999,31157.0,314.44775113706555,0.0,112,107,0,0,107,102,35989,5,0,0,5,5
2020-06-02,US,Nebraska,Seward,28,1,0,40.87241834,-97.139673,31159.0,161.99953714417958,3.571428571428572,27,28,1,0,27,28,17318,0,0,0,0,0
2020-06-02,US,Nebraska,Sherman,4,0,0,41.22045983,-98.97588642,31163.0,133.2889036987671,0.0,4,4,0,0,4,4,3038,0,0,0,0,0
2020-06-02,US,Nebraska,Stanton,20,0,0,41.9169835,-97.19394708,31167.0,337.8378378378378,0.0,20,20,0,0,20,20,5970,0,0,0,0,0
2020-06-02,US,Nebraska,Thayer,1,0,0,40.17626377,-97.59504381,31169.0,19.98800719568259,0.0,1,1,0,0,1,1,5039,0,0,0,0,0
2020-06-02,US,Nebraska,Thomas,1,0,0,41.91358968,-100.5556632,31171.0,138.50415512465375,0.0,1,1,0,0,1,1,720,0,0,0,0,0
2020-06-02,US,Nebraska,Thurston,49,0,0,42.15725356,-96.54157099,31173.0,678.2945736434109,0.0,49,45,0,0,45,46,7303,4,0,0,4,-1
2020-06-02,US,Nebraska,Unassigned,215,35,0,0.0,0.0,90031.0,0.0,16.27906976744186,180,215,35,0,180,219,,0,0,0,0,-4
2020-06-02,US,Nebraska,Valley,4,0,0,41.56730777,-98.98197724,31175.0,96.20009620009621,0.0,4,4,0,0,4,4,4190,0,0,0,0,0
2020-06-02,US,Nebraska,Washington,32,1,0,41.52815707,-96.22019892,31177.0,154.3731004872401,3.125,31,32,1,0,31,30,20667,0,0,0,0,2
2020-06-02,US,Nebraska,Wayne,18,0,0,42.20934475,-97.11926964,31179.0,191.79541822056476,0.0,18,15,0,0,15,15,9403,3,0,0,3,0
2020-06-02,US,Nebraska,Webster,5,0,0,40.17642643,-98.50019851,31181.0,143.38973329509608,0.0,5,5,0,0,5,5,3533,0,0,0,0,0
2020-06-02,US,Nebraska,York,36,0,0,40.87272618,-97.59710186,31185.0,263.1771328313473,0.0,36,36,0,0,36,36,13772,0,0,0,0,0
2020-06-02,US,Nevada,Carson City,99,4,0,39.15509045,-119.7480219,32510.0,177.05129122254814,4.040404040404041,95,99,4,0,95,98,55414,0,0,0,0,1
2020-06-02,US,Nevada,Churchill,8,1,0,39.58105744,-118.3394607,32001.0,32.11690553615159,12.5,7,7,1,0,6,7,24440,1,0,0,1,0
2020-06-02,US,Nevada,Clark,6845,343,0,36.21458855,-115.0130241,32003.0,301.9788548626537,5.010956902848795,6502,6719,343,0,6376,6657,2231647,126,0,0,126,62
2020-06-02,US,Nevada,Douglas,32,0,0,38.912862,-119.61713329999999,32005.0,65.43298231264697,0.0,32,32,0,0,32,32,48467,0,0,0,0,0
2020-06-02,US,Nevada,Elko,25,1,0,41.14531606,-115.3577619,32007.0,47.36822160748797,4.0,24,24,1,0,23,24,52460,1,0,0,1,0
2020-06-02,US,Nevada,Humboldt,78,4,0,41.40692186,-118.11094270000001,32013.0,463.43057453508413,5.128205128205129,74,78,4,0,74,78,16786,0,0,0,0,0
2020-06-02,US,Nevada,Lander,20,0,0,39.933223299999995,-117.03970749999999,32015.0,361.53289949385396,0.0,20,20,0,0,20,20,5575,0,0,0,0,0
2020-06-02,US,Nevada,Lincoln,2,0,0,37.64268459,-114.8790388,32017.0,38.58769052672198,0.0,2,2,0,0,2,2,5201,0,0,0,0,0
2020-06-02,US,Nevada,Lyon,68,1,0,39.01777974,-119.18704790000001,32019.0,118.24030603373328,1.4705882352941178,67,65,1,0,64,62,55808,3,0,0,3,3
2020-06-02,US,Nevada,Mineral,4,0,0,38.53841696,-118.4344506,32021.0,88.79023307436182,0.0,4,4,0,0,4,4,4514,0,0,0,0,0
2020-06-02,US,Nevada,Nye,64,2,0,38.04264256,-116.47227020000001,32023.0,137.5663650237517,3.125,62,62,2,0,60,62,45346,2,0,0,2,0
2020-06-02,US,Nevada,Pershing,2,0,0,40.44003782,-118.40056409999998,32027.0,29.739776951672862,0.0,2,,,,,,6666,,,,,
2020-06-02,US,Nevada,Storey,1,0,0,39.44875482,-119.5250207,32029.0,24.254183846713556,0.0,1,1,0,0,1,1,4029,0,0,0,0,0
2020-06-02,US,Nevada,Unassigned,0,2,0,0.0,0.0,90032.0,0.0,0.0,-2,0,2,0,-2,0,,0,0,0,0,0
2020-06-02,US,Nevada,Washoe,1606,59,0,40.66562265,-119.6631594,32031.0,340.60133313821916,3.6737235367372354,1547,1585,59,0,1526,1577,465735,21,0,0,21,8
2020-06-02,US,Nevada,White Pine,4,0,0,39.44157041,-114.89996599999999,32033.0,41.7536534446764,0.0,4,4,0,0,4,4,9475,0,0,0,0,0
2020-06-02,US,New Hampshire,Belknap,63,0,0,43.51637314,-71.41684235,33001.0,102.76821688987488,0.0,63,60,0,0,60,60,61022,3,0,0,3,0
2020-06-02,US,New Hampshire,Carroll,48,0,0,43.87498583,-71.20430216,33003.0,98.13943978736457,0.0,48,48,0,0,48,47,48779,0,0,0,0,1
2020-06-02,US,New Hampshire,Cheshire,57,2,0,42.92015988,-72.25311043,33005.0,74.91621213116909,3.5087719298245608,55,57,2,0,55,57,76493,0,0,0,0,0
2020-06-02,US,New Hampshire,Coos,5,0,0,44.69063265,-71.30633239,33007.0,15.841333206602668,0.0,5,5,0,0,5,5,31589,0,0,0,0,0
2020-06-02,US,New Hampshire,Grafton,76,1,0,43.93779815,-71.82057197,33009.0,84.55154306566095,1.3157894736842106,75,76,1,0,75,76,89786,0,0,0,0,0
2020-06-02,US,New Hampshire,Hillsborough,2528,148,0,42.91537785,-71.7200253,33011.0,606.1986691445356,5.854430379746836,2380,2486,139,0,2347,2464,415247,42,9,0,33,22
2020-06-02,US,New Hampshire,Merrimack,352,15,0,43.29662971,-71.6811573,33013.0,232.51051911936642,4.261363636363637,337,346,14,0,332,342,151132,6,1,0,5,4
2020-06-02,US,New Hampshire,Rockingham,1320,76,0,42.98499744,-71.12883377,33015.0,426.12398270969663,5.757575757575758,1244,1313,75,0,1238,1306,309176,7,1,0,6,7
2020-06-02,US,New Hampshire,Strafford,271,13,0,43.291833000000004,-71.02336013,33017.0,207.45140967443143,4.7970479704797055,258,269,13,0,256,269,130090,2,0,0,2,0
2020-06-02,US,New Hampshire,Sullivan,19,1,0,43.36094111,-72.22203125,33019.0,44.03652714040699,5.2631578947368425,18,19,1,0,18,19,43144,0,0,0,0,0
2020-06-02,US,New Hampshire,Unassigned,10,0,0,0.0,0.0,90033.0,0.0,0.0,10,6,0,0,6,6,,4,0,0,4,0
2020-06-02,US,New Jersey,Atlantic,2251,162,0,39.47538693,-74.65848483,34001.0,853.7186634808662,7.196801421590403,2089,2222,159,0,2063,2214,265429,29,3,0,26,8
2020-06-02,US,New Jersey,Bergen,18333,1584,0,40.96010917,-74.07164325,34003.0,1966.6338411631812,8.64015709376534,16749,18302,1580,0,16722,18272,936692,31,4,0,27,30
2020-06-02,US,New Jersey,Burlington,4680,297,0,39.87681124,-74.66927768,34005.0,1050.8612346721336,6.346153846153847,4383,4657,294,0,4363,4627,445384,23,3,0,20,30
2020-06-02,US,New Jersey,Camden,6603,339,0,39.80343818,-74.96388753,34007.0,1303.7271630557327,5.134029986369832,6264,6543,338,0,6205,6510,507078,60,1,0,59,33
2020-06-02,US,New Jersey,Cape May,628,50,0,39.15008829,-74.80170244,34009.0,682.3194515368485,7.961783439490445,578,623,49,0,574,617,92560,5,1,0,4,6
2020-06-02,US,New Jersey,Cumberland,2345,78,0,39.37199394,-75.10712559,34011.0,1568.278638640513,3.326226012793177,2267,2310,75,0,2235,2298,150972,35,3,0,32,12
2020-06-02,US,New Jersey,Essex,17761,1672,0,40.78681335,-74.24657979,34013.0,2222.973184392503,9.413884353358482,16089,17733,1667,0,16066,17649,799767,28,5,0,23,84
2020-06-02,US,New Jersey,Gloucester,2262,148,0,39.71581067,-75.13995546,34015.0,775.6244085092377,6.542882404951371,2114,2245,148,0,2097,2234,291408,17,0,0,17,11
2020-06-02,US,New Jersey,Hudson,18822,1188,0,40.73766234,-74.07515667,34017.0,2799.264118645253,6.3117628307299976,17634,18801,1183,0,17618,18767,676061,21,5,0,16,34
2020-06-02,US,New Jersey,Hunterdon,999,60,0,40.56335249,-74.91284156,34019.0,803.2419133077648,6.006006006006006,939,996,60,0,936,993,124714,3,0,0,3,3
2020-06-02,US,New Jersey,Mercer,7004,477,0,40.28047017,-74.70479631,34021.0,1906.2134284081321,6.8103940605368365,6527,6961,475,0,6486,6933,369811,43,2,0,41,28
2020-06-02,US,New Jersey,Middlesex,16021,997,0,40.43629879,-74.41426991,34023.0,1941.7934652183717,6.223082204606454,15024,15977,996,0,14981,15921,829685,44,1,0,43,56
2020-06-02,US,New Jersey,Monmouth,8289,608,0,40.26549699,-74.22240686,34025.0,1339.5389426223544,7.335022318735674,7681,8249,599,0,7650,8219,621354,40,9,0,31,30
2020-06-02,US,New Jersey,Morris,6512,617,0,40.86095313,-74.54553709999998,34027.0,1323.9943478128273,9.474815724815725,5895,6506,616,0,5890,6463,494228,6,1,0,5,43
2020-06-02,US,New Jersey,Ocean,8817,743,0,39.8895449,-74.28089251,34029.0,1452.1085795785807,8.42690257457185,8074,8770,740,0,8030,8748,601651,47,3,0,44,22
2020-06-02,US,New Jersey,Passaic,16234,931,0,41.03238628,-74.29954144,34031.0,3234.9858317424764,5.734877417765183,15303,16200,929,0,15271,16170,503310,34,2,0,32,30
2020-06-02,US,New Jersey,Salem,645,42,0,39.58719656,-75.34696629999998,34033.0,1033.9023803798993,6.511627906976744,603,639,41,0,598,634,62607,6,1,0,5,5
2020-06-02,US,New Jersey,Somerset,4605,419,0,40.56465737,-74.61683016,34035.0,1399.9768950610153,9.098805646036915,4186,4595,419,0,4176,4583,331164,10,0,0,10,12
2020-06-02,US,New Jersey,Sussex,1123,149,0,41.13891592,-74.69118243,34037.0,799.3565286714879,13.268032056990206,974,1114,149,0,965,1110,140799,9,0,0,9,4
2020-06-02,US,New Jersey,Unassigned,570,0,0,0.0,0.0,90034.0,0.0,0.0,570,452,0,0,452,502,,118,0,0,118,-50
2020-06-02,US,New Jersey,Union,15868,1078,0,40.65835409,-74.30680092,34039.0,2852.2075489672698,6.7935467607764055,14790,15858,1074,0,14784,15821,558067,10,4,0,6,37
2020-06-02,US,New Jersey,Warren,1173,132,0,40.85951833,-74.99556527,34041.0,1114.3093277095386,11.253196930946293,1041,1165,132,0,1033,1160,105779,8,0,0,8,5
2020-06-02,US,New Mexico,Bernalillo,1499,72,0,35.05163625,-106.6703554,35001.0,220.72649792894052,4.8032021347565035,1427,1486,71,0,1415,1476,678701,13,1,0,12,10
2020-06-02,US,New Mexico,Catron,2,1,0,33.91514144,-108.4046587,35003.0,56.70541536716757,50.0,1,2,1,0,1,2,3578,0,0,0,0,0
2020-06-02,US,New Mexico,Chaves,51,2,0,33.36406072,-104.4665365,35005.0,78.92904124429313,3.92156862745098,49,50,2,0,48,47,64689,1,0,0,1,3
2020-06-02,US,New Mexico,Cibola,145,6,0,34.91131525,-107.998876,35006.0,543.5801312089972,4.137931034482759,139,143,5,0,138,141,26746,2,1,0,1,2
2020-06-02,US,New Mexico,Colfax,5,0,0,36.60569702,-104.64726740000002,35007.0,41.87253998827568,0.0,5,5,0,0,5,5,12110,0,0,0,0,0
2020-06-02,US,New Mexico,Curry,55,0,0,34.57421077,-103.34688759999999,35009.0,112.35036973485313,0.0,55,53,0,0,53,52,49437,2,0,0,2,1
2020-06-02,US,New Mexico,Dona Ana,479,3,0,32.35275771,-106.83293870000001,35013.0,219.52840349228904,0.6263048016701461,476,476,3,0,473,466,217522,3,0,0,3,10
2020-06-02,US,New Mexico,Eddy,23,1,0,32.47167456,-104.3053527,35015.0,39.3431406089634,4.3478260869565215,22,24,1,0,23,22,57900,-1,0,0,-1,2
2020-06-02,US,New Mexico,Grant,15,0,0,32.73911281,-108.3827845,35017.0,55.55967108674717,0.0,15,15,0,0,15,15,27346,0,0,0,0,0
2020-06-02,US,New Mexico,Guadalupe,20,0,0,34.86319296,-104.790669,35019.0,465.11627906976736,0.0,20,20,0,0,20,20,4341,0,0,0,0,0
2020-06-02,US,New Mexico,Harding,1,0,0,35.85751555,-103.82209379999999,35021.0,160.0,0.0,1,1,0,0,1,1,655,0,0,0,0,0
2020-06-02,US,New Mexico,Hidalgo,1,0,0,31.91383467,-108.7151824,35023.0,23.820867079561697,0.0,1,1,0,0,1,1,4240,0,0,0,0,0
2020-06-02,US,New Mexico,Lea,26,0,0,32.79215361,-103.4123733,35025.0,36.58364992261151,0.0,26,26,0,0,26,26,69611,0,0,0,0,0
2020-06-02,US,New Mexico,Lincoln,4,0,0,33.74526079,-105.4586166,35027.0,20.437359493153483,0.0,4,2,0,0,2,2,19556,2,0,0,2,0
2020-06-02,US,New Mexico,Los Alamos,6,0,0,35.86631386,-106.31349850000001,35028.0,30.977334916619338,0.0,6,6,0,0,6,6,19101,0,0,0,0,0
2020-06-02,US,New Mexico,Luna,9,1,0,32.18179341,-107.75088259999998,35029.0,37.96026825256232,11.111111111111109,8,8,1,0,7,8,23963,1,0,0,1,0
2020-06-02,US,New Mexico,McKinley,2480,114,0,35.58007720000001,-108.262245,35031.0,3474.995446074516,4.596774193548387,2366,2451,112,0,2339,2415,72290,29,2,0,27,36
2020-06-02,US,New Mexico,Otero,22,3,0,32.61348406,-105.7417604,35035.0,32.597421840272624,13.636363636363635,19,22,3,0,19,22,66781,0,0,0,0,0
2020-06-02,US,New Mexico,Quay,5,1,0,35.10403332,-103.54817270000001,35037.0,60.5840300496789,20.0,4,5,1,0,4,5,8253,0,0,0,0,0
2020-06-02,US,New Mexico,Rio Arriba,49,1,0,36.51072137,-106.69316740000001,35039.0,125.8960458364379,2.0408163265306123,48,48,1,0,47,47,39006,1,0,0,1,1
2020-06-02,US,New Mexico,Roosevelt,41,0,0,34.02097406,-103.4799493,35041.0,221.62162162162159,0.0,41,42,0,0,42,40,18743,-1,0,0,-1,2
2020-06-02,US,New Mexico,San Juan,1813,124,0,36.50838318,-108.32043700000001,35045.0,1462.5921683150746,6.8394925537782685,1689,1771,123,0,1648,1733,125043,42,1,0,41,38
2020-06-02,US,New Mexico,San Miguel,15,0,0,35.48014807,-104.8163562,35047.0,54.99138468306632,0.0,15,15,0,0,15,15,27591,0,0,0,0,0
2020-06-02,US,New Mexico,Sandoval,572,27,0,35.68862401,-106.86878030000001,35043.0,389.78384713931365,4.72027972027972,545,568,27,0,541,568,145179,4,0,0,4,0
2020-06-02,US,New Mexico,Santa Fe,148,3,0,35.50708973,-105.9774716,35049.0,98.4317429069288,2.0270270270270268,145,144,3,0,141,142,150056,4,0,0,4,2
2020-06-02,US,New Mexico,Sierra,1,0,0,33.13028233,-107.1925893,35051.0,9.266981744045964,0.0,1,1,0,0,1,1,10968,0,0,0,0,0
2020-06-02,US,New Mexico,Socorro,52,5,0,34.00715494,-106.9298354,35053.0,312.5563503035403,9.615384615384617,47,51,5,0,46,50,16735,1,0,0,1,1
2020-06-02,US,New Mexico,Taos,30,0,0,36.58006022,-105.63101979999999,35055.0,91.67863582189895,0.0,30,29,0,0,29,24,32835,1,0,0,1,5
2020-06-02,US,New Mexico,Torrance,32,1,0,34.64048375,-105.8508949,35057.0,206.9723821227605,3.125,31,32,1,0,31,32,15591,0,0,0,0,0
2020-06-02,US,New Mexico,Unassigned,342,0,0,0.0,0.0,90035.0,0.0,0.0,342,225,0,0,225,227,,117,0,0,117,-2
2020-06-02,US,New Mexico,Union,4,0,0,36.48126404,-103.4709624,35059.0,98.54644000985463,0.0,4,4,0,0,4,4,4118,0,0,0,0,0
2020-06-02,US,New Mexico,Valencia,77,2,0,34.71669834,-106.8103733,35061.0,100.40684331316506,2.5974025974025974,75,74,2,0,72,74,76456,3,0,0,3,0
2020-06-02,US,New York,Albany,1900,112,0,42.60060306,-73.97723916,36001.0,621.9190457797882,5.894736842105262,1788,1882,112,0,1770,1860,307117,18,0,0,18,22
2020-06-02,US,New York,Allegany,48,0,0,42.25748406,-78.02750466,36003.0,104.14180642641729,0.0,48,48,0,0,48,45,46430,0,0,0,0,3
2020-06-02,US,New York,Broome,578,44,0,42.15903158,-75.81326086,36007.0,303.4311872663895,7.612456747404845,534,574,44,0,530,566,191659,4,0,0,4,8
2020-06-02,US,New York,Cattaraugus,89,0,0,42.24778241,-78.67923096,36009.0,116.92525979741714,0.0,89,89,0,0,89,88,76840,0,0,0,0,1
2020-06-02,US,New York,Cayuga,93,1,0,42.91261714,-76.55731592,36011.0,121.44797325532805,1.075268817204301,92,92,1,0,91,91,77145,1,0,0,1,1
2020-06-02,US,New York,Chautauqua,86,4,0,42.22769210000001,-79.36691763,36013.0,67.76829546976825,4.651162790697675,82,85,4,0,81,84,127939,1,0,0,1,1
2020-06-02,US,New York,Chemung,137,1,0,42.13891056,-76.7638805,36015.0,164.15835889570553,0.7299270072992701,136,137,1,0,136,137,84254,0,0,0,0,0
2020-06-02,US,New York,Chenango,133,0,0,42.49430041,-75.60887553,36017.0,281.7378778570975,0.0,133,133,0,0,133,133,47536,0,0,0,0,0
2020-06-02,US,New York,Clinton,97,4,0,44.74530905,-73.67875352,36019.0,120.51935143194383,4.123711340206185,93,96,4,0,92,95,80695,1,0,0,1,1
2020-06-02,US,New York,Columbia,391,34,0,42.24819348,-73.63089095,36021.0,657.5738719496812,8.695652173913043,357,389,34,0,355,387,59916,2,0,0,2,2
2020-06-02,US,New York,Cortland,41,0,0,42.59509207,-76.07048931,36023.0,86.16884891027931,0.0,41,41,0,0,41,41,47823,0,0,0,0,0
2020-06-02,US,New York,Delaware,82,4,0,42.19837623,-74.96709306,36025.0,185.79358785544355,4.878048780487805,78,81,4,0,77,79,44527,1,0,0,1,2
2020-06-02,US,New York,Dutchess,3936,142,0,41.76486060000001,-73.74356679,36027.0,1337.783548253336,3.607723577235773,3794,3924,142,0,3782,3909,293718,12,0,0,12,15
2020-06-02,US,New York,Erie,6173,524,0,42.76249024,-78.73063652,36029.0,671.9262611815367,8.48857929693828,5649,6123,524,0,5599,6070,919719,50,0,0,50,53
2020-06-02,US,New York,Essex,38,0,0,44.11630765,-73.77297842,36031.0,103.02290904161585,0.0,38,37,0,0,37,37,37300,1,0,0,1,0
2020-06-02,US,New York,Franklin,23,0,0,44.59040891,-74.29926032,36033.0,45.97976890168325,0.0,23,23,0,0,23,22,50293,0,0,0,0,1
2020-06-02,US,New York,Fulton,212,18,0,43.11363907,-74.41798804,36035.0,397.13017252683443,8.49056603773585,194,210,18,0,192,208,53591,2,0,0,2,2
2020-06-02,US,New York,Genesee,202,4,0,43.0022601,-78.19135193,36037.0,352.6536312849162,1.98019801980198,198,202,4,0,198,202,57511,0,0,0,0,0
2020-06-02,US,New York,Greene,241,18,0,42.275797,-74.12384884,36039.0,510.7230651860643,7.4688796680497935,223,239,18,0,221,238,47491,2,0,0,2,1
2020-06-02,US,New York,Hamilton,5,0,0,43.66146647,-74.49721957,36041.0,113.22463768115942,0.0,5,5,0,0,5,5,4434,0,0,0,0,0
2020-06-02,US,New York,Herkimer,111,3,0,43.42034246,-74.96145307,36043.0,181.0205645884636,2.702702702702702,108,109,3,0,106,108,61833,2,0,0,2,1
2020-06-02,US,New York,Jefferson,74,0,0,44.04200959,-75.94653457,36045.0,67.37440136933918,0.0,74,74,0,0,74,74,111755,0,0,0,0,0
2020-06-02,US,New York,Lewis,20,0,0,43.784415700000004,-75.44903992,36049.0,76.057195010648,0.0,20,20,0,0,20,20,26447,0,0,0,0,0
2020-06-02,US,New York,Livingston,119,7,0,42.72596275,-77.77966158,36051.0,189.1470896779731,5.882352941176472,112,119,7,0,112,119,63227,0,0,0,0,0
2020-06-02,US,New York,Madison,317,10,0,42.91653905,-75.67266639,36053.0,446.85019946152437,3.154574132492113,307,316,10,0,306,316,70795,1,0,0,1,0
2020-06-02,US,New York,Monroe,2989,216,0,43.14638895,-77.69322942,36055.0,402.95509389703005,7.226497156239545,2773,2964,216,0,2748,2942,742474,25,0,0,25,22
2020-06-02,US,New York,Montgomery,93,4,0,42.90123494,-74.44011632,36057.0,188.9437435241056,4.301075268817204,89,91,4,0,87,91,49455,2,0,0,2,0
2020-06-02,US,New York,Nassau,40572,2127,0,40.74066522,-73.58941873,36059.0,2989.9979659877777,5.242531795326826,38445,40479,2125,0,38354,40396,1358343,93,2,0,91,83
2020-06-02,US,New York,New York City,204377,21649,0,40.76727260000001,-73.97152637,36061.0,2451.499175284764,10.592679215371591,182728,203764,21607,0,182157,203303,1628701,613,42,0,571,461
2020-06-02,US,New York,Niagara,1048,65,0,43.19898042,-78.74777412,36063.0,500.76213320846136,6.202290076335879,983,1046,65,0,981,1037,210433,2,0,0,2,9
2020-06-02,US,New York,Oneida,1049,49,0,43.24375382,-75.43710392,36065.0,458.7376624058145,4.671115347950429,1000,1036,49,0,987,1027,229577,13,0,0,13,9
2020-06-02,US,New York,Onondaga,2228,139,0,43.00491923,-76.19971155,36067.0,483.79251641594004,6.238779174147218,2089,2197,139,0,2058,2170,461809,31,0,0,31,27
2020-06-02,US,New York,Ontario,209,9,0,42.85145728,-77.30874425,36069.0,190.38596427302625,4.30622009569378,200,208,9,0,199,207,109864,1,0,0,1,1
2020-06-02,US,New York,Orange,10449,444,0,41.40337468,-74.30240757,36071.0,2714.449005039747,4.249210450760838,10005,10422,444,0,9978,10406,381951,27,0,0,27,16
2020-06-02,US,New York,Orleans,241,37,0,43.2516977,-78.2320066,36073.0,597.2442505947662,15.352697095435687,204,236,37,0,199,229,40612,5,0,0,5,7
2020-06-02,US,New York,Oswego,110,3,0,43.42778894,-76.14635194,36075.0,93.91755746046923,2.727272727272727,107,110,3,0,107,109,117898,0,0,0,0,1
2020-06-02,US,New York,Otsego,73,5,0,42.63492579,-75.03151402,36077.0,122.70351133746829,6.849315068493151,68,72,5,0,67,72,59749,1,0,0,1,0
2020-06-02,US,New York,Putnam,1262,60,0,41.42630093,-73.74965532,36079.0,1283.5638730675346,4.7543581616481765,1202,1257,60,0,1197,1252,98892,5,0,0,5,5
2020-06-02,US,New York,Rensselaer,493,28,0,42.71348136,-73.51089874,36083.0,310.62162128104643,5.679513184584177,465,492,28,0,464,491,159442,1,0,0,1,1
2020-06-02,US,New York,Rockland,13223,646,0,41.15027894,-74.02560498,36087.0,4058.7619594277285,4.885426907660894,12577,13185,646,0,12539,13151,325695,38,0,0,38,34
2020-06-02,US,New York,Saratoga,484,14,0,43.10904162,-73.86653895,36091.0,210.560203251502,2.8925619834710745,470,483,14,0,469,480,230163,1,0,0,1,3
2020-06-02,US,New York,Schenectady,696,29,0,42.81668777,-74.05278291,36093.0,448.16772806006486,4.166666666666667,667,693,29,0,664,689,155350,3,0,0,3,4
2020-06-02,US,New York,Schoharie,51,0,0,42.58831742,-74.44339029999998,36095.0,164.52143617536052,0.0,51,50,0,0,50,50,31097,1,0,0,1,0
2020-06-02,US,New York,Schuyler,12,0,0,42.39184015,-76.8773299,36097.0,67.38922895490539,0.0,12,11,0,0,11,11,17912,1,0,0,1,0
2020-06-02,US,New York,Seneca,59,0,0,42.78081007,-76.82497064,36099.0,173.447789275635,0.0,59,59,0,0,59,58,34300,0,0,0,0,1
2020-06-02,US,New York,St. Lawrence,205,2,0,44.4976179,-75.06550039,36089.0,190.2728791535177,0.975609756097561,203,205,2,0,203,204,108047,0,0,0,0,1
2020-06-02,US,New York,Steuben,242,41,0,42.2689144,-77.3829924,36101.0,253.72461443294642,16.94214876033058,201,241,41,0,200,241,95796,1,0,0,1,0
2020-06-02,US,New York,Suffolk,39980,1909,0,40.88320119,-72.8012172,36103.0,2707.5696142695283,4.774887443721862,38071,39705,1906,0,37799,39643,1481093,275,3,0,272,62
2020-06-02,US,New York,Sullivan,1392,31,0,41.71579493,-74.76394559,36105.0,1845.3706649697738,2.2270114942528734,1361,1389,31,0,1358,1387,75498,3,0,0,3,2
2020-06-02,US,New York,Tioga,131,21,0,42.16852837,-76.30835812,36107.0,271.7673173868846,16.03053435114504,110,130,21,0,109,130,48560,1,0,0,1,0
2020-06-02,US,New York,Tompkins,164,0,0,42.44945765,-76.47229843,36109.0,160.50107653161092,0.0,164,164,0,0,164,164,102793,0,0,0,0,0
2020-06-02,US,New York,Ulster,1696,77,0,41.89027881,-74.26252104,36111.0,955.1001559921837,4.540094339622642,1619,1691,77,0,1614,1685,178599,5,0,0,5,6
2020-06-02,US,New York,Warren,255,28,0,43.56173026,-73.8433699,36113.0,398.7864381333667,10.980392156862745,227,255,28,0,227,255,64265,0,0,0,0,0
2020-06-02,US,New York,Washington,237,13,0,43.31153794,-73.43043448,36115.0,387.22959283706945,5.485232067510547,224,235,13,0,222,235,61197,2,0,0,2,0
2020-06-02,US,New York,Wayne,116,3,0,43.15494365,-77.02976528,36117.0,129.00642807891634,2.586206896551724,113,116,3,0,113,115,90064,0,0,0,0,1
2020-06-02,US,New York,Westchester,33633,1378,0,41.16278376,-73.75741653,36119.0,3476.2575115813233,4.097166473404097,32255,33552,1374,0,32178,33481,967612,81,4,0,77,71
2020-06-02,US,New York,Wyoming,86,5,0,42.70145109,-78.22199579,36121.0,215.7605559597581,5.813953488372092,81,86,5,0,81,86,40085,0,0,0,0,0
2020-06-02,US,New York,Yates,39,6,0,42.63505484,-77.10369919,36123.0,156.5447758198531,15.384615384615385,33,39,6,0,33,39,24841,0,0,0,0,0
2020-06-02,US,North Carolina,Alamance,391,26,0,36.0434701,-79.39976137,37001.0,230.66621831289197,6.649616368286445,365,391,26,0,365,364,166436,0,0,0,0,27
2020-06-02,US,North Carolina,Alexander,38,0,0,35.922379600000006,-81.17751948,37003.0,101.34144064858522,0.0,38,35,0,0,35,33,37353,3,0,0,3,2
2020-06-02,US,North Carolina,Alleghany,18,0,0,36.49360862,-81.12857041,37005.0,161.6234174373709,0.0,18,17,0,0,17,16,11161,1,0,0,1,1
2020-06-02,US,North Carolina,Anson,66,1,0,34.97403241,-80.09953279,37007.0,269.98281927513705,1.5151515151515151,65,65,1,0,64,65,24877,1,0,0,1,0
2020-06-02,US,North Carolina,Ashe,37,0,0,36.43296207,-81.49862729,37009.0,136.0144101753483,0.0,37,37,0,0,37,37,27109,0,0,0,0,0
2020-06-02,US,North Carolina,Avery,2,0,0,36.07569796,-81.92308483,37011.0,11.391467790624821,0.0,2,2,0,0,2,2,17505,0,0,0,0,0
2020-06-02,US,North Carolina,Beaufort,36,0,0,35.48531943,-76.84325809,37013.0,76.60552410946079,0.0,36,36,0,0,36,36,47079,0,0,0,0,0
2020-06-02,US,North Carolina,Bertie,125,4,0,36.0688473,-76.96545943,37015.0,659.7350504037579,3.2,121,122,4,0,118,122,19026,3,0,0,3,0
2020-06-02,US,North Carolina,Bladen,105,2,0,34.61296243,-78.56180059,37017.0,320.88503147729364,1.9047619047619049,103,105,2,0,103,101,33190,0,0,0,0,4
2020-06-02,US,North Carolina,Brunswick,95,3,0,34.070565,-78.22814204,37019.0,66.51729449656911,3.1578947368421053,92,95,2,0,93,85,136744,0,1,0,-1,10
2020-06-02,US,North Carolina,Buncombe,354,29,0,35.61113393,-82.53305,37021.0,135.53300075423732,8.192090395480227,325,346,24,0,322,335,259103,8,5,0,3,11
2020-06-02,US,North Carolina,Burke,439,15,0,35.74989637,-81.70755735,37023.0,485.1632867326077,3.416856492027335,424,439,15,0,424,425,90382,0,0,0,0,14
2020-06-02,US,North Carolina,Cabarrus,508,22,0,35.3877799,-80.55267168,37025.0,234.69298184825345,4.330708661417323,486,508,22,0,486,500,211342,0,0,0,0,8
2020-06-02,US,North Carolina,Caldwell,157,3,0,35.95204977,-81.54799522,37027.0,191.04869916522668,1.9108280254777068,154,155,3,0,152,138,82029,2,0,0,2,17
2020-06-02,US,North Carolina,Camden,3,0,0,36.33804939,-76.15568396,37029.0,27.606515137572465,0.0,3,3,0,0,3,3,10710,0,0,0,0,0
2020-06-02,US,North Carolina,Carteret,37,9,0,34.8932941,-76.54120135,37031.0,53.25810026916932,24.324324324324326,28,37,9,0,28,37,69524,0,0,0,0,0
2020-06-02,US,North Carolina,Caswell,93,1,0,36.39312665,-79.33353281,37033.0,411.43160502565917,1.075268817204301,92,87,1,0,86,61,22698,6,0,0,6,26
2020-06-02,US,North Carolina,Catawba,234,7,0,35.66211129,-81.2132617,37035.0,146.6615690280851,2.9914529914529915,227,234,7,0,227,217,158652,0,0,0,0,17
2020-06-02,US,North Carolina,Chatham,638,26,0,35.70394416,-79.25541492,37037.0,856.7208271787297,4.075235109717869,612,637,26,0,611,634,73139,1,0,0,1,3
2020-06-02,US,North Carolina,Cherokee,30,1,0,35.1349263,-84.05970864,37039.0,104.85111142178108,3.333333333333333,29,30,1,0,29,30,28383,0,0,0,0,0
2020-06-02,US,North Carolina,Chowan,17,0,0,36.12908077,-76.60118385,37041.0,121.92498027684142,0.0,17,17,0,0,17,17,14029,0,0,0,0,0
2020-06-02,US,North Carolina,Clay,8,0,0,35.05704275,-83.74353633,37043.0,71.23141305315643,0.0,8,8,0,0,8,8,11139,0,0,0,0,0
2020-06-02,US,North Carolina,Cleveland,99,2,0,35.33553364,-81.55204486,37045.0,101.075071211982,2.0202020202020203,97,94,2,0,92,90,97645,5,0,0,5,4
2020-06-02,US,North Carolina,Columbus,338,27,0,34.26744084,-78.65801424,37047.0,608.9212365785113,7.988165680473371,311,338,27,0,311,336,55655,0,0,0,0,2
2020-06-02,US,North Carolina,Craven,210,5,0,35.11833364,-77.08398081,37049.0,205.60216959241816,2.380952380952381,205,209,5,0,204,207,102912,1,0,0,1,2
2020-06-02,US,North Carolina,Cumberland,712,24,0,35.04762133,-78.82623165,37051.0,212.21487352053146,3.3707865168539324,688,712,24,0,688,697,332330,0,0,0,0,15
2020-06-02,US,North Carolina,Currituck,14,0,0,36.36123664,-75.95876401,37053.0,50.4268270720023,0.0,14,14,0,0,14,13,27072,0,0,0,0,1
2020-06-02,US,North Carolina,Dare,22,3,0,35.66520691,-75.71767334,37055.0,59.44499986489773,13.636363636363635,19,22,3,0,19,22,36501,0,0,0,0,0
2020-06-02,US,North Carolina,Davidson,434,13,0,35.79115496,-80.21256572,37057.0,258.9359759917427,2.995391705069125,421,430,13,0,417,413,166614,4,0,0,4,17
2020-06-02,US,North Carolina,Davie,105,2,0,35.93099927,-80.54496571,37059.0,245.06371656630725,1.9047619047619049,103,103,2,0,101,98,42733,2,0,0,2,5
2020-06-02,US,North Carolina,Duplin,870,18,0,34.93449805,-77.93140529,37061.0,1481.077952367171,2.0689655172413794,852,846,18,0,828,831,58856,24,0,0,24,15
2020-06-02,US,North Carolina,Durham,1706,47,0,36.03638492,-78.87608331,37063.0,530.6574428905589,2.7549824150058617,1659,1677,47,0,1630,1615,316739,29,0,0,29,62
2020-06-02,US,North Carolina,Edgecombe,208,9,0,35.91230639,-77.59436892,37065.0,404.1032017407522,4.326923076923077,199,201,9,0,192,200,52005,7,0,0,7,1
2020-06-02,US,North Carolina,Forsyth,1441,13,0,36.12859861,-80.25459052,37067.0,376.9340430819132,0.9021512838306732,1428,1441,11,0,1430,1347,379099,0,2,0,-2,94
2020-06-02,US,North Carolina,Franklin,162,22,0,36.081519,-78.28708884,37069.0,232.47470761282918,13.580246913580249,140,159,22,0,137,159,67560,3,0,0,3,0
2020-06-02,US,North Carolina,Gaston,288,7,0,35.29373559,-81.17477045,37071.0,128.26850874497282,2.430555555555556,281,286,7,0,279,286,222846,2,0,0,2,0
2020-06-02,US,North Carolina,Gates,24,1,0,36.44667547,-76.69749701,37073.0,207.57654385054488,4.166666666666667,23,24,1,0,23,24,11573,0,0,0,0,0
2020-06-02,US,North Carolina,Graham,2,0,0,35.3506925,-83.83369267,37075.0,23.693875133278052,0.0,2,2,0,0,2,2,8484,0,0,0,0,0
2020-06-02,US,North Carolina,Granville,312,10,0,36.30337451,-78.65184241,37077.0,516.1888059824959,3.2051282051282053,302,312,10,0,302,312,60115,0,0,0,0,0
2020-06-02,US,North Carolina,Greene,81,2,0,35.48544173,-77.67578087,37079.0,384.45108927808633,2.469135802469136,79,79,2,0,77,78,21012,2,0,0,2,1
2020-06-02,US,North Carolina,Guilford,1318,65,0,36.07959451,-79.78824948,37081.0,245.35811487525456,4.931714719271624,1253,1288,65,0,1223,1264,533670,30,0,0,30,24
2020-06-02,US,North Carolina,Halifax,183,1,0,36.25669272,-77.6556109,37083.0,365.9268146370726,0.5464480874316939,182,182,1,0,181,180,50574,1,0,0,1,2
2020-06-02,US,North Carolina,Harnett,297,28,0,35.36731853,-78.87243571,37085.0,218.42089780549512,9.427609427609427,269,292,27,0,265,288,134214,5,1,0,4,4
2020-06-02,US,North Carolina,Haywood,49,0,0,35.55269063,-82.98196486,37087.0,78.63022931142385,0.0,49,48,0,0,48,47,61971,1,0,0,1,1
2020-06-02,US,North Carolina,Henderson,352,46,0,35.33788927,-82.4766782,37089.0,299.78623197663035,13.068181818181818,306,347,46,0,301,345,116748,5,0,0,5,2
2020-06-02,US,North Carolina,Hertford,128,2,0,36.3607755,-76.98104134,37091.0,540.6090298602019,1.5625,126,128,2,0,126,120,23659,0,0,0,0,8
2020-06-02,US,North Carolina,Hoke,248,1,0,35.01888303,-79.23651674,37093.0,448.9988050838252,0.4032258064516129,247,243,1,0,242,240,54764,5,0,0,5,3
2020-06-02,US,North Carolina,Hyde,1,0,0,35.42017674,-76.15180542,37095.0,20.2552157180474,0.0,1,1,0,0,1,1,5230,0,0,0,0,0
2020-06-02,US,North Carolina,Iredell,273,6,0,35.80950511,-80.8743128,37097.0,150.1600607240685,2.1978021978021984,267,268,6,0,262,259,178435,5,0,0,5,9
2020-06-02,US,North Carolina,Jackson,34,1,0,35.28814273,-83.14093385,37099.0,77.38176521462059,2.9411764705882355,33,34,1,0,33,33,43327,0,0,0,0,1
2020-06-02,US,North Carolina,Johnston,471,21,0,35.51745004,-78.36622717,37101.0,224.9939094005417,4.4585987261146505,450,466,21,0,445,456,202675,5,0,0,5,10
2020-06-02,US,North Carolina,Jones,28,3,0,35.02254606,-77.35870791,37103.0,297.271472555473,10.714285714285714,25,28,3,0,25,28,9637,0,0,0,0,0
2020-06-02,US,North Carolina,Lee,466,4,0,35.47623147,-79.17569362,37105.0,754.3016235290307,0.8583690987124464,462,460,4,0,456,455,61452,6,0,0,6,5
2020-06-02,US,North Carolina,Lenoir,217,7,0,35.24032589999999,-77.64245615,37107.0,387.85322347137566,3.2258064516129035,210,217,7,0,210,216,55976,0,0,0,0,1
2020-06-02,US,North Carolina,Lincoln,72,0,0,35.48508185,-81.21740317,37109.0,83.61301111356272,0.0,72,70,0,0,70,69,83770,2,0,0,2,1
2020-06-02,US,North Carolina,Macon,89,1,0,35.14867843,-83.41696617,37113.0,248.20123821741313,1.1235955056179776,88,84,1,0,83,70,35285,5,0,0,5,14
2020-06-02,US,North Carolina,Madison,4,0,0,35.85402722,-82.71346418,37115.0,18.38657779820731,0.0,4,4,0,0,4,4,21763,0,0,0,0,0
2020-06-02,US,North Carolina,Martin,73,4,0,35.84326734,-77.10860251,37117.0,325.3119429590018,5.479452054794519,69,73,4,0,69,72,22671,0,0,0,0,1
2020-06-02,US,North Carolina,McDowell,82,1,0,35.67736232,-82.0482425,37111.0,179.21146953405014,1.2195121951219512,81,76,1,0,75,73,45507,6,0,0,6,3
2020-06-02,US,North Carolina,Mecklenburg,4519,95,0,35.24469268,-80.8317671,37119.0,406.98658808526267,2.1022350077450764,4424,4412,92,0,4320,4250,1093901,107,3,0,104,162
2020-06-02,US,North Carolina,Mitchell,15,0,0,36.01059309,-82.1582442,37121.0,100.24057738572573,0.0,15,14,0,0,14,14,15000,1,0,0,1,0
2020-06-02,US,North Carolina,Montgomery,132,4,0,35.33155144,-79.90416657,37123.0,485.776322084422,3.0303030303030303,128,128,4,0,124,128,27271,4,0,0,4,0
2020-06-02,US,North Carolina,Moore,224,10,0,35.30885257,-79.48474178,37125.0,222.04599524187157,4.464285714285714,214,224,10,0,214,224,98682,0,0,0,0,0
2020-06-02,US,North Carolina,Nash,210,4,0,35.96575634,-77.98422508,37127.0,222.6982544698721,1.9047619047619049,206,206,4,0,202,204,94016,4,0,0,4,2
2020-06-02,US,North Carolina,New Hanover,208,5,0,34.25758282,-77.87075626,37129.0,88.7095742366925,2.4038461538461537,203,208,5,0,203,195,232274,0,0,0,0,13
2020-06-02,US,North Carolina,Northampton,156,14,0,36.41736238,-77.39769443,37131.0,800.6980444490068,8.974358974358974,142,156,14,0,142,156,19676,0,0,0,0,0
2020-06-02,US,North Carolina,Onslow,112,2,0,34.72607366,-77.42908179,37133.0,56.583374592043974,1.7857142857142858,110,110,2,0,108,110,197683,2,0,0,2,0
2020-06-02,US,North Carolina,Orange,360,40,0,36.06092947,-79.12167935,37135.0,242.46342843287803,11.111111111111109,320,357,40,0,317,348,146027,3,0,0,3,9
2020-06-02,US,North Carolina,Pamlico,10,0,0,35.15253315,-76.66559823,37137.0,78.57928650007858,0.0,10,10,0,0,10,10,12670,0,0,0,0,0
2020-06-02,US,North Carolina,Pasquotank,110,12,0,36.26723798,-76.25134778,37139.0,276.21534752912817,10.909090909090908,98,105,12,0,93,105,39639,5,0,0,5,0
2020-06-02,US,North Carolina,Pender,83,1,0,34.52265624,-77.90352133,37141.0,131.62067871868058,1.2048192771084338,82,83,1,0,82,80,62162,0,0,0,0,3
2020-06-02,US,North Carolina,Perquimans,25,2,0,36.17847453,-76.40603143,37143.0,185.69412463789646,8.0,23,24,2,0,22,24,13422,1,0,0,1,0
2020-06-02,US,North Carolina,Person,50,1,0,36.38989032,-78.97217358,37145.0,126.61433274246643,2.0,49,50,1,0,49,48,39507,0,0,0,0,2
2020-06-02,US,North Carolina,Pitt,316,2,0,35.59535426,-77.37353178,37147.0,174.83484746212838,0.6329113924050633,314,313,2,0,311,304,179914,3,0,0,3,9
2020-06-02,US,North Carolina,Polk,37,4,0,35.27820615,-82.16812354,37149.0,178.53696197645246,10.810810810810812,33,37,4,0,33,37,20611,0,0,0,0,0
2020-06-02,US,North Carolina,Randolph,678,13,0,35.71015088,-79.80570339,37151.0,471.92465910751946,1.9174041297935105,665,678,13,0,665,665,143351,0,0,0,0,13
2020-06-02,US,North Carolina,Richmond,165,3,0,35.00417719,-79.74491009,37153.0,368.06531486314657,1.818181818181818,162,165,3,0,162,163,44887,0,0,0,0,2
2020-06-02,US,North Carolina,Robeson,824,23,0,34.64244496,-79.10250529999998,37155.0,630.8133971291867,2.79126213592233,801,824,23,0,801,824,131831,0,0,0,0,0
2020-06-02,US,North Carolina,Rockingham,100,2,0,36.39593137,-79.77504841,37157.0,109.87803538072741,2.0,98,97,2,0,95,94,90690,3,0,0,3,3
2020-06-02,US,North Carolina,Rowan,675,37,0,35.64003916,-80.52446628,37159.0,475.05771071448686,5.481481481481482,638,673,37,0,636,654,141262,2,0,0,2,19
2020-06-02,US,North Carolina,Rutherford,186,7,0,35.40114178,-81.92112099,37161.0,277.49183189365795,3.7634408602150535,179,182,7,0,175,182,66826,4,0,0,4,0
2020-06-02,US,North Carolina,Sampson,499,4,0,34.98820368,-78.36914061,37163.0,785.4433268797909,0.8016032064128257,495,499,4,0,495,479,63626,0,0,0,0,20
2020-06-02,US,North Carolina,Scotland,86,0,0,34.8386299,-79.4757978,37165.0,246.96321396777992,0.0,86,86,0,0,86,85,34810,0,0,0,0,1
2020-06-02,US,North Carolina,Stanly,86,4,0,35.31647813,-80.25093221,37167.0,136.9295927140719,4.651162790697675,82,82,4,0,78,78,62075,4,0,0,4,4
2020-06-02,US,North Carolina,Stokes,69,0,0,36.4017975,-80.23893369,37169.0,151.3456603276963,0.0,69,69,0,0,69,67,45467,0,0,0,0,2
2020-06-02,US,North Carolina,Surry,224,2,0,36.41689489,-80.69102283,37171.0,312.0515999609936,0.8928571428571429,222,218,2,0,216,214,71948,6,0,0,6,4
2020-06-02,US,North Carolina,Swain,13,0,0,35.48665845,-83.48748932,37173.0,91.0938266414407,0.0,13,13,0,0,13,13,14245,0,0,0,0,0
2020-06-02,US,North Carolina,Transylvania,14,0,0,35.20383864,-82.79638423,37175.0,40.71542823905773,0.0,14,14,0,0,14,13,34215,0,0,0,0,1
2020-06-02,US,North Carolina,Tyrrell,4,0,0,35.87147226,-76.17055253,37177.0,99.60159362549801,0.0,4,4,0,0,4,4,4131,0,0,0,0,0
2020-06-02,US,North Carolina,Union,466,20,0,34.98960527,-80.52955873,37179.0,194.28080664056802,4.291845493562231,446,454,20,0,434,442,235908,12,0,0,12,12
2020-06-02,US,North Carolina,Vance,323,22,0,36.36880673,-78.40670845,37181.0,725.2722577747838,6.811145510835912,301,323,22,0,301,317,44582,0,0,0,0,6
2020-06-02,US,North Carolina,Wake,1841,39,0,35.78879266,-78.65249174,37183.0,165.59314456974116,2.118413905486149,1802,1773,39,0,1734,1747,1092305,68,0,0,68,26
2020-06-02,US,North Carolina,Warren,64,2,0,36.39728256,-78.10652228,37185.0,324.3626780193604,3.125,62,63,2,0,61,63,19807,1,0,0,1,0
2020-06-02,US,North Carolina,Washington,30,3,0,35.83810081,-76.57299037,37187.0,259.06735751295344,10.0,27,30,3,0,27,29,11859,0,0,0,0,1
2020-06-02,US,North Carolina,Watauga,27,0,0,36.23103603,-81.70033724,37189.0,48.06237428128949,0.0,27,23,0,0,23,23,55945,4,0,0,4,0
2020-06-02,US,North Carolina,Wayne,1179,20,0,35.36438125,-78.00027268,37191.0,957.516791059928,1.6963528413910094,1159,1169,20,0,1149,1138,123248,10,0,0,10,31
2020-06-02,US,North Carolina,Wilkes,500,6,0,36.2084135,-81.16232895,37193.0,730.8659299538092,1.2,494,500,6,0,494,497,68557,0,0,0,0,3
2020-06-02,US,North Carolina,Wilson,363,10,0,35.70625477,-77.917978,37195.0,443.7598562364763,2.7548209366391183,353,360,10,0,350,356,81455,3,0,0,3,4
2020-06-02,US,North Carolina,Yadkin,181,3,0,36.16222629,-80.66239436,37197.0,480.526721002469,1.6574585635359116,178,177,2,0,175,171,37543,4,1,0,3,6
2020-06-02,US,North Carolina,Yancey,15,0,0,35.90079156,-82.31237181,37199.0,83.01510874979245,0.0,15,15,0,0,15,14,17903,0,0,0,0,1
2020-06-02,US,North Dakota,Barnes,5,0,0,46.93579637,-98.06605978,38003.0,48.00768122899664,0.0,5,5,0,0,5,4,10542,0,0,0,0,1
2020-06-02,US,North Dakota,Benson,1,0,0,48.0683985,-99.35916363,38005.0,14.637002341920375,0.0,1,1,0,0,1,1,6962,0,0,0,0,0
2020-06-02,US,North Dakota,Bottineau,2,0,0,48.79106111,-100.8378166,38009.0,31.836994587710922,0.0,2,2,0,0,2,2,6411,0,0,0,0,0
2020-06-02,US,North Dakota,Bowman,1,0,0,46.11285362,-103.5203343,38011.0,33.06878306878307,0.0,1,1,0,0,1,1,3076,0,0,0,0,0
2020-06-02,US,North Dakota,Burke,5,0,0,48.79094471,-102.51821170000001,38013.0,236.40661938534282,0.0,5,5,0,0,5,5,2100,0,0,0,0,0
2020-06-02,US,North Dakota,Burleigh,130,0,0,46.97847375,-100.46452140000001,38015.0,135.9462907577437,0.0,130,129,0,0,129,128,95273,1,0,0,1,1
2020-06-02,US,North Dakota,Cass,1762,54,0,46.93201724,-97.24447190000001,38017.0,968.541635746992,3.0646992054483535,1708,1744,44,0,1700,1705,181516,18,10,0,8,39
2020-06-02,US,North Dakota,Dickey,1,0,0,46.11017712,-98.50490079999999,38021.0,20.52545155993432,0.0,1,,,,,,4903,,,,,
2020-06-02,US,North Dakota,Divide,1,0,0,48.814938700000006,-103.48736109999999,38023.0,44.16961130742049,0.0,1,1,0,0,1,1,2283,0,0,0,0,0
2020-06-02,US,North Dakota,Dunn,11,0,0,47.35423935,-102.61604679999999,38025.0,248.64376130198917,0.0,11,11,0,0,11,12,4332,0,0,0,0,-1
2020-06-02,US,North Dakota,Eddy,4,0,0,47.71701474,-98.90432337,38027.0,174.90161783996498,0.0,4,4,0,0,4,4,2313,0,0,0,0,0
2020-06-02,US,North Dakota,Emmons,4,1,0,46.28398398,-100.2389766,38029.0,123.41869793273679,25.0,3,4,1,0,3,4,3295,0,0,0,0,0
2020-06-02,US,North Dakota,Foster,1,0,0,47.457108399999996,-98.88279923,38031.0,31.152647975077887,0.0,1,1,0,0,1,1,3216,0,0,0,0,0
2020-06-02,US,North Dakota,Grand Forks,335,3,0,47.92093639,-97.45450447,38035.0,482.35446573843427,0.8955223880597015,332,336,3,0,333,333,70770,-1,0,0,-1,3
2020-06-02,US,North Dakota,Grant,2,0,0,46.35821257,-101.63900129999999,38037.0,87.95074758135445,0.0,2,2,0,0,2,2,2374,0,0,0,0,0
2020-06-02,US,North Dakota,Griggs,1,0,0,47.45785838,-98.23850925,38039.0,44.822949350067226,0.0,1,1,0,0,1,1,2232,0,0,0,0,0
2020-06-02,US,North Dakota,McHenry,2,1,0,48.23104458,-100.6324822,38049.0,34.81288076588338,50.0,1,2,1,0,1,2,5816,0,0,0,0,0
2020-06-02,US,North Dakota,McIntosh,1,0,0,46.11182017,-99.44145858,38051.0,40.04805766920305,0.0,1,1,0,0,1,1,2585,0,0,0,0,0
2020-06-02,US,North Dakota,McKenzie,17,0,0,47.74133370000001,-103.395905,38053.0,113.15228966986156,0.0,17,17,0,0,17,17,13632,0,0,0,0,0
2020-06-02,US,North Dakota,McLean,7,0,0,47.60766714,-101.3182418,38055.0,74.07407407407408,0.0,7,7,0,0,7,7,9541,0,0,0,0,0
2020-06-02,US,North Dakota,Mercer,5,0,0,47.31213126,-101.8318399,38057.0,61.072431904238435,0.0,5,5,0,0,5,5,8267,0,0,0,0,0
2020-06-02,US,North Dakota,Morton,60,2,0,46.71681782,-101.2822377,38059.0,191.3021298303788,3.333333333333333,58,60,2,0,58,59,31095,0,0,0,0,1
2020-06-02,US,North Dakota,Mountrail,41,0,0,48.20197971,-102.3555315,38061.0,388.809862494073,0.0,41,40,0,0,40,39,10218,1,0,0,1,1
2020-06-02,US,North Dakota,Nelson,1,0,0,47.9226426,-98.19038437,38063.0,34.734282737061484,0.0,1,1,0,0,1,1,2869,0,0,0,0,0
2020-06-02,US,North Dakota,Oliver,1,0,0,47.11530482,-101.3406158,38065.0,51.046452271567134,0.0,1,1,0,0,1,1,1952,0,0,0,0,0
2020-06-02,US,North Dakota,Pembina,6,0,0,48.76623521,-97.5523809,38067.0,88.2223202470225,0.0,6,6,0,0,6,6,6947,0,0,0,0,0
2020-06-02,US,North Dakota,Pierce,3,0,0,48.24977025,-99.96407787,38069.0,75.47169811320755,0.0,3,3,0,0,3,3,4081,0,0,0,0,0
2020-06-02,US,North Dakota,Ramsey,8,1,0,48.26886249,-98.72223879,38071.0,69.4504731313482,12.5,7,8,1,0,7,8,11481,0,0,0,0,0
2020-06-02,US,North Dakota,Ransom,9,0,0,46.45621782,-97.65742504,38073.0,172.47987734764274,0.0,9,9,0,0,9,8,5237,0,0,0,0,1
2020-06-02,US,North Dakota,Renville,3,0,0,48.71982533,-101.6603912,38075.0,128.92135797163732,0.0,3,3,0,0,3,3,2374,0,0,0,0,0
2020-06-02,US,North Dakota,Richland,22,0,0,46.26440649,-96.94852979,38077.0,135.99554923657044,0.0,22,22,0,0,22,22,16239,0,0,0,0,0
2020-06-02,US,North Dakota,Rolette,6,0,0,48.77245354,-99.84097493,38079.0,42.32505643340858,0.0,6,6,0,0,6,6,14301,0,0,0,0,0
2020-06-02,US,North Dakota,Sargent,3,0,0,46.10830372,-97.63217159,38081.0,76.96254489481785,0.0,3,3,0,0,3,3,3870,0,0,0,0,0
2020-06-02,US,North Dakota,Sioux,1,0,0,46.11323337,-101.04401490000001,38085.0,23.64066193853428,0.0,1,1,0,0,1,2,4358,0,0,0,0,-1
2020-06-02,US,North Dakota,Slope,3,0,0,46.44737738,-103.4601547,38087.0,400.0,0.0,3,3,0,0,3,3,763,0,0,0,0,0
2020-06-02,US,North Dakota,Stark,62,2,0,46.80851182,-102.65763259999999,38089.0,196.89415351392552,3.2258064516129035,60,62,2,0,60,62,30997,0,0,0,0,0
2020-06-02,US,North Dakota,Steele,1,0,0,47.45611548,-97.72728747,38091.0,52.91005291005291,0.0,1,1,0,0,1,1,1903,0,0,0,0,0
2020-06-02,US,North Dakota,Stutsman,24,0,0,46.97962541,-98.95637318,38093.0,115.91962905718702,0.0,24,24,0,0,24,23,20917,0,0,0,0,1
2020-06-02,US,North Dakota,Traill,14,0,0,47.45367788,-97.16323288,38097.0,174.21602787456445,0.0,14,14,0,0,14,13,8037,0,0,0,0,1
2020-06-02,US,North Dakota,Walsh,14,0,0,48.36876964,-97.72574783,38099.0,131.56658208814957,0.0,14,14,0,0,14,13,10667,0,0,0,0,1
2020-06-02,US,North Dakota,Ward,38,1,0,48.22390169,-101.54367629999999,38101.0,56.17894472287517,2.631578947368421,37,37,1,0,36,37,67744,1,0,0,1,0
2020-06-02,US,North Dakota,Wells,3,0,0,47.58614526,-99.65904998,38103.0,78.24726134585289,0.0,3,3,0,0,3,3,3957,0,0,0,0,0
2020-06-02,US,North Dakota,Williams,25,0,0,48.34522353,-103.4793387,38105.0,66.5088190694086,0.0,25,25,0,0,25,25,35350,0,0,0,0,0
2020-06-02,US,Ohio,Adams,10,1,0,38.84541072,-83.4718964,39001.0,36.10368979709726,10.0,9,10,1,0,9,10,27724,0,0,0,0,0
2020-06-02,US,Ohio,Allen,212,33,0,40.77285242,-84.10802343,39003.0,207.13036511612003,15.566037735849054,179,212,33,0,179,212,102663,0,0,0,0,0
2020-06-02,US,Ohio,Ashland,20,0,0,40.84772277,-82.27280781,39005.0,37.394360930371704,0.0,20,20,0,0,20,20,53745,0,0,0,0,0
2020-06-02,US,Ohio,Ashtabula,340,35,0,41.70860332,-80.74830218,39007.0,349.6467539412388,10.294117647058824,305,340,35,0,305,339,97493,0,0,0,0,1
2020-06-02,US,Ohio,Athens,18,1,0,39.33425634,-82.04278644,39009.0,27.5536914292712,5.5555555555555545,17,18,1,0,17,18,65818,0,0,0,0,0
2020-06-02,US,Ohio,Auglaize,75,3,0,40.55998859,-84.22421429999999,39011.0,164.2719467320834,4.0,72,72,3,0,69,73,45804,3,0,0,3,-1
2020-06-02,US,Ohio,Belmont,438,13,0,40.01625942,-80.9924051,39013.0,653.6728054204101,2.968036529680365,425,435,13,0,422,429,67505,3,0,0,3,6
2020-06-02,US,Ohio,Brown,28,1,0,38.93416837,-83.86788395,39015.0,64.46859458463804,3.571428571428572,27,29,1,0,28,29,43602,-1,0,0,-1,0
2020-06-02,US,Ohio,Butler,919,32,0,39.44012838,-84.57388716,39017.0,239.86385964179638,3.4820457018498367,887,909,31,0,878,893,382378,10,1,0,9,16
2020-06-02,US,Ohio,Carroll,31,3,0,40.578968599999996,-81.09178213,39019.0,115.18168982685593,9.677419354838712,28,31,3,0,28,31,27081,0,0,0,0,0
2020-06-02,US,Ohio,Champaign,28,1,0,40.13923427,-83.76875242,39021.0,72.007200720072,3.571428571428572,27,28,1,0,27,28,38754,0,0,0,0,0
2020-06-02,US,Ohio,Clark,298,7,0,39.91592258,-83.78498252,39023.0,222.25039714206872,2.348993288590604,291,295,6,0,289,285,134585,3,1,0,2,10
2020-06-02,US,Ohio,Clermont,215,5,0,39.04847534,-84.15375786,39025.0,104.15253744647043,2.3255813953488373,210,213,5,0,208,211,205466,2,0,0,2,2
2020-06-02,US,Ohio,Clinton,43,1,0,39.41485808,-83.80852286,39027.0,102.45901639344262,2.3255813953488373,42,43,1,0,42,43,42057,0,0,0,0,0
2020-06-02,US,Ohio,Columbiana,881,52,0,40.76932373,-80.78094576,39029.0,864.717371887361,5.902383654937571,829,875,52,0,823,793,102665,6,0,0,6,82
2020-06-02,US,Ohio,Coshocton,41,0,0,40.30096166,-81.91729018,39031.0,112.02185792349728,0.0,41,40,0,0,40,40,36629,1,0,0,1,0
2020-06-02,US,Ohio,Crawford,116,4,0,40.85065156,-82.91989099,39033.0,279.5584903841519,3.4482758620689653,112,115,4,0,111,114,41550,1,0,0,1,1
2020-06-02,US,Ohio,Cuyahoga,4581,245,0,41.424119,-81.65918339,39035.0,370.90955021245725,5.3481772538747,4336,4508,241,0,4267,4444,1243857,73,4,0,69,64
2020-06-02,US,Ohio,Darke,181,23,0,40.13412966,-84.6194517,39037.0,354.11734783714513,12.707182320441987,158,174,22,0,152,170,51323,7,1,0,6,4
2020-06-02,US,Ohio,Defiance,34,2,0,41.32398837,-84.49076944,39039.0,89.26930448709534,5.882352941176472,32,34,2,0,32,34,38165,0,0,0,0,0
2020-06-02,US,Ohio,Delaware,340,13,0,40.27942393,-83.00457058,39041.0,162.54177084478698,3.8235294117647056,327,337,13,0,324,337,204826,3,0,0,3,0
2020-06-02,US,Ohio,Erie,178,16,0,41.36796058,-82.62904521,39043.0,239.6789917324213,8.98876404494382,162,175,14,0,161,172,74615,3,2,0,1,3
2020-06-02,US,Ohio,Fairfield,301,7,0,39.75107189,-82.63088163,39045.0,191.02136139210785,2.3255813953488373,294,280,6,0,274,267,155782,21,1,0,20,13
2020-06-02,US,Ohio,Fayette,40,0,0,39.56021306,-83.4562016,39047.0,140.22787028922,0.0,40,40,0,0,40,40,28666,0,0,0,0,0
2020-06-02,US,Ohio,Franklin,5996,279,0,39.96995815,-83.01115755,39049.0,455.3615096494719,4.653102068045364,5717,5933,271,0,5662,5862,1310300,63,8,0,55,71
2020-06-02,US,Ohio,Fulton,44,0,0,41.60213491,-84.12571393,39051.0,104.4485590846508,0.0,44,44,0,0,44,41,42276,0,0,0,0,3
2020-06-02,US,Ohio,Gallia,8,1,0,38.82708533,-82.31647569,39053.0,26.757642651682385,12.5,7,8,1,0,7,8,29979,0,0,0,0,0
2020-06-02,US,Ohio,Geauga,292,33,0,41.49952319,-81.17935342,39055.0,311.8025819816549,11.301369863013699,259,286,32,0,254,284,94031,6,1,0,5,2
2020-06-02,US,Ohio,Greene,102,5,0,39.69116283,-83.89032084,39057.0,60.37753718841935,4.901960784313727,97,103,5,0,98,101,167995,-1,0,0,-1,2
2020-06-02,US,Ohio,Guernsey,36,2,0,40.05026529,-81.49248905,39059.0,92.60450160771705,5.5555555555555545,34,36,1,0,35,35,39022,0,1,0,-1,1
2020-06-02,US,Ohio,Hamilton,2721,156,0,39.19673558,-84.54502924,39061.0,332.8550300743878,5.733186328555679,2565,2698,151,0,2547,2672,816684,23,5,0,18,26
2020-06-02,US,Ohio,Hancock,51,1,0,41.00250487,-83.66838948,39063.0,67.29741498753019,1.96078431372549,50,50,1,0,49,50,75930,1,0,0,1,0
2020-06-02,US,Ohio,Hardin,61,0,0,40.66015414,-83.65929931,39065.0,194.4842977841543,0.0,61,61,0,0,61,61,31480,0,0,0,0,0
2020-06-02,US,Ohio,Harrison,10,0,0,40.29380509,-81.09068544,39067.0,66.48936170212765,0.0,10,10,0,0,10,10,15174,0,0,0,0,0
2020-06-02,US,Ohio,Henry,16,0,0,41.333964200000004,-84.06830637,39069.0,59.24609346071243,0.0,16,16,0,0,16,15,27086,0,0,0,0,1
2020-06-02,US,Ohio,Highland,26,1,0,39.1839264,-83.60331456,39071.0,60.239568128634644,3.8461538461538463,25,25,1,0,24,25,43058,1,0,0,1,0
2020-06-02,US,Ohio,Hocking,70,5,0,39.49537927,-82.47991446,39073.0,247.6648740447212,7.142857142857142,65,69,5,0,64,69,28385,1,0,0,1,0
2020-06-02,US,Ohio,Holmes,45,1,0,40.56163713,-81.92635677,39075.0,102.36578707916289,2.2222222222222223,44,43,1,0,42,39,43892,2,0,0,2,4
2020-06-02,US,Ohio,Huron,60,1,0,41.14651175,-82.59867951,39077.0,102.97600659046442,1.6666666666666667,59,60,1,0,59,58,58504,0,0,0,0,2
2020-06-02,US,Ohio,Jackson,14,0,0,39.01914254,-82.61818559999998,39079.0,43.192546200598535,0.0,14,14,0,0,14,14,32384,0,0,0,0,0
2020-06-02,US,Ohio,Jefferson,66,2,0,40.38614126,-80.76259514,39081.0,101.03329506314579,3.0303030303030303,64,67,2,0,65,67,65767,-1,0,0,-1,0
2020-06-02,US,Ohio,Knox,25,1,0,40.39830217,-82.42027563,39083.0,40.11424537081609,4.0,24,25,1,0,24,25,61893,0,0,0,0,0
2020-06-02,US,Ohio,Lake,309,12,0,41.69710807,-81.23676539,39085.0,134.26084840690166,3.8834951456310685,297,309,13,0,296,308,230514,0,-1,0,1,1
2020-06-02,US,Ohio,Lawrence,30,0,0,38.59743452,-82.53466552,39087.0,50.45154129458654,0.0,30,30,0,0,30,30,59866,0,0,0,0,0
2020-06-02,US,Ohio,Licking,258,10,0,40.09136236,-82.48185785,39089.0,145.87644604267734,3.875968992248062,248,249,10,0,239,248,175769,9,0,0,9,1
2020-06-02,US,Ohio,Logan,40,0,0,40.38996525,-83.76784341,39091.0,87.58101243650377,0.0,40,39,0,0,39,39,45358,1,0,0,1,0
2020-06-02,US,Ohio,Lorain,702,59,0,41.29553751,-82.15083537,39093.0,226.5736703320821,8.404558404558404,643,692,59,0,633,687,309461,10,0,0,10,5
2020-06-02,US,Ohio,Lucas,2282,252,0,41.62101218,-83.65468618,39095.0,532.7444040826616,11.042944785276074,2030,2277,248,0,2029,2267,429899,5,4,0,1,10
2020-06-02,US,Ohio,Madison,157,7,0,39.89381073,-83.40178317,39097.0,350.9870112449978,4.4585987261146505,150,155,7,0,148,156,44413,2,0,0,2,-1
2020-06-02,US,Ohio,Mahoning,1456,186,0,41.01631101,-80.77287029,39099.0,636.6892160764028,12.774725274725276,1270,1438,178,0,1260,1431,229642,18,8,0,10,7
2020-06-02,US,Ohio,Marion,2674,30,0,40.58610662,-83.15736305,39101.0,4107.968598774061,1.1219147344801794,2644,2668,28,0,2640,2666,65256,6,2,0,4,2
2020-06-02,US,Ohio,Medina,356,23,0,41.11770589,-81.89986209999998,39103.0,198.05725857599057,6.46067415730337,333,346,24,0,322,337,179146,10,-1,0,11,9
2020-06-02,US,Ohio,Meigs,6,0,0,39.09224872,-82.0305041,39105.0,26.192866809272275,0.0,6,6,0,0,6,6,23106,0,0,0,0,0
2020-06-02,US,Ohio,Mercer,217,7,0,40.54043046,-84.62912742,39107.0,527.0572233556786,3.2258064516129035,210,216,7,0,209,211,40959,1,0,0,1,5
2020-06-02,US,Ohio,Miami,361,30,0,40.0543329,-84.22871271,39109.0,337.4241730303682,8.310249307479225,331,358,30,0,328,357,106222,3,0,0,3,1
2020-06-02,US,Ohio,Monroe,79,14,0,39.72984936,-81.08464734,39111.0,578.5850300278307,17.721518987341767,65,79,14,0,65,78,13790,0,0,0,0,1
2020-06-02,US,Ohio,Montgomery,688,16,0,39.75394919,-84.29050975,39113.0,129.39943989602907,2.3255813953488373,672,684,16,0,668,663,532331,4,0,0,4,21
2020-06-02,US,Ohio,Morgan,5,0,0,39.62081738,-81.85308173,39115.0,34.46374414116349,0.0,5,5,0,0,5,5,14604,0,0,0,0,0
2020-06-02,US,Ohio,Morrow,107,1,0,40.52363560000001,-82.7892599,39117.0,302.87590579710144,0.9345794392523364,106,107,1,0,106,107,35112,0,0,0,0,0
2020-06-02,US,Ohio,Muskingum,52,1,0,39.96575964,-81.94363275,39119.0,60.31433045293743,1.9230769230769231,51,52,0,0,52,52,86183,0,1,0,-1,0
2020-06-02,US,Ohio,Noble,6,0,0,39.76818851,-81.45937183,39121.0,41.59733777038269,0.0,6,6,0,0,6,6,14354,0,0,0,0,0
2020-06-02,US,Ohio,Ottawa,103,18,0,41.53781826,-83.0940185,39123.0,254.16409623689083,17.475728155339805,85,103,16,0,87,99,40769,0,2,0,-2,4
2020-06-02,US,Ohio,Paulding,14,0,0,41.11676341,-84.5801017,39125.0,74.97857754927162,0.0,14,14,0,0,14,14,18760,0,0,0,0,0
2020-06-02,US,Ohio,Perry,19,1,0,39.73508655,-82.23804971,39127.0,52.5820556816295,5.2631578947368425,18,18,1,0,17,18,36033,1,0,0,1,0
2020-06-02,US,Ohio,Pickaway,2092,37,0,39.64170392,-83.0243386,39129.0,3578.6988726756413,1.768642447418738,2055,2086,37,0,2049,2074,58086,6,0,0,6,12
2020-06-02,US,Ohio,Pike,8,0,0,39.07634001,-83.06769584,39131.0,28.805991646262427,0.0,8,8,0,0,8,6,28067,0,0,0,0,2
2020-06-02,US,Ohio,Portage,329,57,0,41.16793482,-81.19735782,39133.0,202.50390851008822,17.325227963525837,272,327,57,0,270,325,162927,2,0,0,2,2
2020-06-02,US,Ohio,Preble,39,1,0,39.7420247,-84.64787018,39135.0,95.39650702020451,2.5641025641025643,38,39,1,0,38,37,40997,0,0,0,0,2
2020-06-02,US,Ohio,Putnam,93,14,0,41.02094889,-84.1336111,39137.0,274.6522548064145,15.053763440860214,79,93,14,0,79,92,33780,0,0,0,0,1
2020-06-02,US,Ohio,Richland,205,3,0,40.77180308,-82.53799609999999,39139.0,169.20613434141669,1.4634146341463414,202,201,3,0,198,200,121099,4,0,0,4,1
2020-06-02,US,Ohio,Ross,73,2,0,39.33705391,-83.06000914,39141.0,95.21821928886337,2.7397260273972597,71,72,2,0,70,71,76931,1,0,0,1,1
2020-06-02,US,Ohio,Sandusky,82,11,0,41.35624126,-83.137872,39143.0,140.12782391742712,13.414634146341465,71,81,11,0,70,79,58799,1,0,0,1,2
2020-06-02,US,Ohio,Scioto,17,0,0,38.80270163,-82.98907345,39145.0,22.572164537801733,0.0,17,18,0,0,18,16,75502,-1,0,0,-1,2
2020-06-02,US,Ohio,Seneca,21,2,0,41.12351311,-83.12783209,39147.0,38.05864656203559,9.523809523809524,19,20,2,0,18,20,55207,1,0,0,1,0
2020-06-02,US,Ohio,Shelby,43,3,0,40.33163494,-84.20258189,39149.0,88.49557522123894,6.9767441860465125,40,43,3,0,40,43,48627,0,0,0,0,0
2020-06-02,US,Ohio,Stark,743,98,0,40.81482476,-81.36437305,39151.0,200.48245306336108,13.189771197846568,645,736,92,0,644,727,371574,7,6,0,1,9
2020-06-02,US,Ohio,Summit,1475,180,0,41.12464734,-81.53123079,39153.0,272.6367018907124,12.203389830508476,1295,1453,176,0,1277,1420,541918,22,4,0,18,33
2020-06-02,US,Ohio,Trumbull,584,50,0,41.31735028,-80.76109643,39155.0,294.9882307777789,8.561643835616437,534,582,50,0,532,573,198627,2,0,0,2,9
2020-06-02,US,Ohio,Tuscarawas,352,4,0,40.44214695,-81.47226262,39157.0,382.662767564982,1.1363636363636365,348,349,3,0,346,343,92176,3,1,0,2,6
2020-06-02,US,Ohio,Union,52,1,0,40.30016061,-83.37239023,39159.0,88.1535227503899,1.9230769230769231,51,52,1,0,51,52,57835,0,0,0,0,0
2020-06-02,US,Ohio,Van Wert,7,0,0,40.8554138,-84.59111700000003,39161.0,24.75685234305924,0.0,7,6,0,0,6,6,28281,1,0,0,1,0
2020-06-02,US,Ohio,Vinton,21,2,0,39.25208988,-82.4831444,39163.0,160.4891096675583,9.523809523809524,19,21,2,0,19,21,13139,0,0,0,0,0
2020-06-02,US,Ohio,Warren,383,21,0,39.42581994,-84.16557457,39165.0,163.25521521555658,5.483028720626632,362,378,21,0,357,373,232173,5,0,0,5,5
2020-06-02,US,Ohio,Washington,118,19,0,39.45690571,-81.49121382,39167.0,196.9588222530086,16.10169491525424,99,118,19,0,99,118,60155,0,0,0,0,0
2020-06-02,US,Ohio,Wayne,281,51,0,40.82925852,-81.88844833,39169.0,242.8485005617492,18.14946619217082,230,277,50,0,227,274,115967,4,1,0,3,3
2020-06-02,US,Ohio,Williams,55,1,0,41.56052014,-84.58429552,39171.0,149.89643519023218,1.818181818181818,54,55,1,0,54,55,36804,0,0,0,0,0
2020-06-02,US,Ohio,Wood,300,47,0,41.36224827,-83.62285108,39173.0,229.327992539196,15.666666666666664,253,295,47,0,248,294,130696,5,0,0,5,1
2020-06-02,US,Ohio,Wyandot,45,2,0,40.84339621,-83.30734173,39175.0,206.68748851736171,4.4444444444444455,43,42,2,0,40,41,21935,3,0,0,3,1
2020-06-02,US,Oklahoma,Adair,91,3,0,35.88494195,-94.65859267,40001.0,410.0207263224295,3.2967032967032965,88,88,3,0,85,87,22082,3,0,0,3,1
2020-06-02,US,Oklahoma,Alfalfa,1,0,0,36.73090616,-98.32408495,40003.0,17.5377060680463,0.0,1,1,0,0,1,1,5754,0,0,0,0,0
2020-06-02,US,Oklahoma,Atoka,4,0,0,34.37366573,-96.03802487,40005.0,29.07399331298154,0.0,4,3,0,0,3,3,13838,1,0,0,1,0
2020-06-02,US,Oklahoma,Beaver,24,0,0,36.7496847,-100.4758872,40007.0,451.8922990020711,0.0,24,24,0,0,24,24,5319,0,0,0,0,0
2020-06-02,US,Oklahoma,Beckham,10,0,0,35.26862449,-99.68128023,40009.0,45.74774692346402,0.0,10,10,0,0,10,6,21709,0,0,0,0,4
2020-06-02,US,Oklahoma,Blaine,7,0,0,35.87518314,-98.43307003,40011.0,74.23904974016331,0.0,7,6,0,0,6,6,9485,1,0,0,1,0
2020-06-02,US,Oklahoma,Bryan,31,1,0,33.96472458,-96.25903472,40013.0,64.59006146473591,3.2258064516129035,30,29,1,0,28,26,47192,2,0,0,2,3
2020-06-02,US,Oklahoma,Caddo,164,10,0,35.17364557,-98.37534464,40015.0,570.1967874278562,6.097560975609755,154,162,10,0,152,158,28977,2,0,0,2,4
2020-06-02,US,Oklahoma,Canadian,133,3,0,35.5426055,-97.98465569,40017.0,89.6794465497013,2.255639097744361,130,133,3,0,130,132,144447,0,0,0,0,1
2020-06-02,US,Oklahoma,Carter,45,1,0,34.25103751,-97.28552485,40019.0,93.53370331109308,2.2222222222222223,44,45,1,0,44,41,48177,0,0,0,0,4
2020-06-02,US,Oklahoma,Cherokee,30,1,0,35.90692775,-94.99980896,40021.0,61.65608237252604,3.333333333333333,29,29,1,0,28,29,48675,1,0,0,1,0
2020-06-02,US,Oklahoma,Choctaw,76,1,0,34.02807439,-95.54771129,40023.0,517.9934569247546,1.3157894736842106,75,39,1,0,38,39,14668,37,0,0,37,0
2020-06-02,US,Oklahoma,Cimarron,1,0,0,36.74817177,-102.5173885,40025.0,46.79457182966776,0.0,1,1,0,0,1,1,2153,0,0,0,0,0
2020-06-02,US,Oklahoma,Cleveland,506,37,0,35.20413532,-97.32519562,40027.0,178.16023153788194,7.312252964426878,469,503,37,0,466,500,281669,3,0,0,3,3
2020-06-02,US,Oklahoma,Coal,3,0,0,34.58840127,-96.29798747,40029.0,54.5950864422202,0.0,3,1,0,0,1,1,5520,2,0,0,2,0
2020-06-02,US,Oklahoma,Comanche,285,3,0,34.65973764,-98.47195055,40031.0,236.0267993937838,1.0526315789473684,282,283,3,0,280,279,120422,2,0,0,2,4
2020-06-02,US,Oklahoma,Cotton,5,2,0,34.28845626,-98.37053567,40033.0,88.24567596187786,40.0,3,5,2,0,3,5,5776,0,0,0,0,0
2020-06-02,US,Oklahoma,Craig,15,0,0,36.76268118,-95.20916602,40035.0,106.06703436571915,0.0,15,15,0,0,15,15,14306,0,0,0,0,0
2020-06-02,US,Oklahoma,Creek,96,7,0,35.90230551,-96.37086028,40037.0,134.2244344397528,7.291666666666668,89,95,7,0,88,94,71604,1,0,0,1,1
2020-06-02,US,Oklahoma,Custer,26,0,0,35.63853802,-99.00170785,40039.0,89.64589870013447,0.0,26,20,0,0,20,16,29036,6,0,0,6,4
2020-06-02,US,Oklahoma,Delaware,100,16,0,36.40823634,-94.80325046,40041.0,232.50947476109653,16.0,84,100,16,0,84,100,42733,0,0,0,0,0
2020-06-02,US,Oklahoma,Dewey,3,0,0,35.98772922,-99.00730714,40043.0,61.33714986710285,0.0,3,2,0,0,2,2,4894,1,0,0,1,0
2020-06-02,US,Oklahoma,Garfield,27,1,0,36.3791334,-97.78265517,40047.0,44.22169811320755,3.703703703703704,26,28,1,0,27,27,60913,-1,0,0,-1,1
2020-06-02,US,Oklahoma,Garvin,18,1,0,34.70418038,-97.30811132,40049.0,64.95615459564793,5.5555555555555545,17,18,1,0,17,17,27811,0,0,0,0,1
2020-06-02,US,Oklahoma,Grady,99,3,0,35.0167709,-97.88339847,40051.0,177.3113156857829,3.0303030303030303,96,97,3,0,94,92,55551,2,0,0,2,5
2020-06-02,US,Oklahoma,Grant,2,0,0,36.796296999999996,-97.78638765,40053.0,46.15739672282484,0.0,2,2,0,0,2,2,4326,0,0,0,0,0
2020-06-02,US,Oklahoma,Greer,66,7,0,34.93535801,-99.56056120000001,40055.0,1155.4621848739494,10.606060606060606,59,66,7,0,59,66,5821,0,0,0,0,0
2020-06-02,US,Oklahoma,Harper,1,0,0,36.78836519,-99.6679804,40059.0,27.11496746203905,0.0,1,1,0,0,1,1,3797,0,0,0,0,0
2020-06-02,US,Oklahoma,Haskell,6,0,0,35.22257600000001,-95.11513306,40061.0,47.517224994060356,0.0,6,6,0,0,6,6,12668,0,0,0,0,0
2020-06-02,US,Oklahoma,Hughes,3,0,0,35.04912569,-96.24921145,40063.0,22.59206265532043,0.0,3,1,0,0,1,1,13335,2,0,0,2,0
2020-06-02,US,Oklahoma,Jackson,27,3,0,34.58781741,-99.41138784,40065.0,110.069302894415,11.111111111111109,24,27,3,0,24,27,24949,0,0,0,0,0
2020-06-02,US,Oklahoma,Jefferson,4,0,0,34.11130184,-97.83182974,40067.0,66.64445184938353,0.0,4,3,0,0,3,3,6123,1,0,0,1,0
2020-06-02,US,Oklahoma,Johnston,3,0,0,34.31440473,-96.66011537,40069.0,27.063599458728014,0.0,3,3,0,0,3,3,10949,0,0,0,0,0
2020-06-02,US,Oklahoma,Kay,56,7,0,36.81799745,-97.14421435,40071.0,128.62327162478755,12.5,49,54,7,0,47,53,44161,2,0,0,2,1
2020-06-02,US,Oklahoma,Kingfisher,11,0,0,35.94530008,-97.94193268,40073.0,69.77481763399936,0.0,11,11,0,0,11,11,15816,0,0,0,0,0
2020-06-02,US,Oklahoma,Kiowa,6,0,0,34.91671958,-98.97720696,40075.0,68.90215893431328,0.0,6,6,0,0,6,6,8729,0,0,0,0,0
2020-06-02,US,Oklahoma,Latimer,5,1,0,34.87844729,-95.25215049,40077.0,49.63764519011218,20.0,4,5,1,0,4,5,10231,0,0,0,0,0
2020-06-02,US,Oklahoma,Le Flore,14,1,0,34.89851864,-94.70392124,40079.0,28.08256273443925,7.142857142857142,13,14,1,0,13,14,49980,0,0,0,0,0
2020-06-02,US,Oklahoma,Lincoln,22,2,0,35.70270942,-96.8812462,40081.0,63.07881985262494,9.090909090909092,20,22,2,0,20,22,34920,0,0,0,0,0
2020-06-02,US,Oklahoma,Logan,19,1,0,35.91899576,-97.44352845,40083.0,39.5742642311137,5.2631578947368425,18,19,1,0,18,19,47291,0,0,0,0,0
2020-06-02,US,Oklahoma,Love,16,0,0,33.95273467,-97.23906784,40085.0,156.05188725251145,0.0,16,15,0,0,15,15,10134,1,0,0,1,0
2020-06-02,US,Oklahoma,Major,6,1,0,36.31149996,-98.53467076,40093.0,78.64726700747148,16.666666666666668,5,6,1,0,5,6,7644,0,0,0,0,0
2020-06-02,US,Oklahoma,Marshall,8,0,0,34.02311222,-96.76855464,40095.0,47.25060539838167,0.0,8,8,0,0,8,8,16806,0,0,0,0,0
2020-06-02,US,Oklahoma,Mayes,30,4,0,36.30179091,-95.23175116,40097.0,72.99270072992701,13.333333333333336,26,30,4,0,26,30,41107,0,0,0,0,0
2020-06-02,US,Oklahoma,McClain,106,3,0,35.01123903,-97.44572302,40087.0,261.8965261649454,2.830188679245283,103,105,3,0,102,104,39985,1,0,0,1,1
2020-06-02,US,Oklahoma,McCurtain,71,1,0,34.11664328,-94.77222373,40089.0,216.25243664717345,1.4084507042253518,70,41,1,0,40,35,32703,30,0,0,30,6
2020-06-02,US,Oklahoma,McIntosh,12,1,0,35.37235506,-95.66599306,40091.0,61.236987140232706,8.333333333333334,11,11,1,0,10,11,19815,1,0,0,1,0
2020-06-02,US,Oklahoma,Murray,4,0,0,34.48116015,-97.06826283,40099.0,28.423221772187876,0.0,4,4,0,0,4,4,13953,0,0,0,0,0
2020-06-02,US,Oklahoma,Muskogee,49,6,0,35.61318461,-95.37802952,40101.0,72.0620027354148,12.244897959183671,43,48,6,0,42,48,68362,1,0,0,1,0
2020-06-02,US,Oklahoma,Noble,7,0,0,36.38953329,-97.22928674,40103.0,62.887431497619254,0.0,7,7,0,0,7,7,11289,0,0,0,0,0
2020-06-02,US,Oklahoma,Nowata,23,0,0,36.79843529,-95.61902331,40105.0,228.2651845970624,0.0,23,23,0,0,23,23,10218,0,0,0,0,0
2020-06-02,US,Oklahoma,Okfuskee,5,0,0,35.46485198,-96.32639984,40107.0,41.69098640873843,0.0,5,4,0,0,4,4,12098,1,0,0,1,0
2020-06-02,US,Oklahoma,Oklahoma,1294,62,0,35.55140095,-97.40716948,40109.0,162.27048257285242,4.791344667697064,1232,1284,61,0,1223,1263,792582,10,1,0,9,21
2020-06-02,US,Oklahoma,Okmulgee,25,0,0,35.64661916,-95.96432828,40111.0,64.99415052645261,0.0,25,26,0,0,26,26,38335,-1,0,0,-1,0
2020-06-02,US,Oklahoma,Osage,95,8,0,36.62888819,-96.39635704,40113.0,202.28690671379601,8.421052631578947,87,95,8,0,87,95,47014,0,0,0,0,0
2020-06-02,US,Oklahoma,Ottawa,35,2,0,36.83532655,-94.81011909,40115.0,112.44257397115044,5.7142857142857135,33,35,2,0,33,35,31175,0,0,0,0,0
2020-06-02,US,Oklahoma,Pawnee,31,2,0,36.31743373,-96.70331759999999,40117.0,189.30141670737663,6.451612903225807,29,31,2,0,29,31,16390,0,0,0,0,0
2020-06-02,US,Oklahoma,Payne,46,1,0,36.07695283,-96.97584944,40119.0,56.245720434314784,2.1739130434782608,45,45,1,0,44,45,82040,1,0,0,1,0
2020-06-02,US,Oklahoma,Pittsburg,41,3,0,34.92065823,-95.75134320000001,40121.0,93.92037384890274,7.317073170731707,38,41,3,0,38,41,43877,0,0,0,0,0
2020-06-02,US,Oklahoma,Pontotoc,15,2,0,34.72959848,-96.68337199,40123.0,39.18085884442587,13.333333333333336,13,14,2,0,12,13,38247,1,0,0,1,1
2020-06-02,US,Oklahoma,Pottawatomie,63,4,0,35.20614018,-96.94923008,40125.0,86.78642274630812,6.349206349206349,59,62,4,0,58,59,72679,1,0,0,1,3
2020-06-02,US,Oklahoma,Pushmataha,3,0,0,34.41635232,-95.37603505,40127.0,27.036770007209807,0.0,3,2,0,0,2,2,11179,1,0,0,1,0
2020-06-02,US,Oklahoma,Rogers,82,5,0,36.37004357,-95.60406759,40131.0,88.68795898722678,6.097560975609755,77,81,5,0,76,81,91984,1,0,0,1,0
2020-06-02,US,Oklahoma,Seminole,26,2,0,35.16478725,-96.61686741,40133.0,107.18113612004288,7.6923076923076925,24,26,2,0,24,26,24578,0,0,0,0,0
2020-06-02,US,Oklahoma,Sequoyah,15,3,0,35.49447108,-94.75463785,40135.0,36.08458226081936,20.0,12,15,3,0,12,15,41179,0,0,0,0,0
2020-06-02,US,Oklahoma,Stephens,38,1,0,34.48556989,-97.85141892,40137.0,88.07917854576641,2.631578947368421,37,38,1,0,37,38,43265,0,0,0,0,0
2020-06-02,US,Oklahoma,Texas,934,5,0,36.74777635,-101.4889765,40139.0,4673.972876945403,0.5353319057815846,929,926,5,0,921,917,20455,8,0,0,8,9
2020-06-02,US,Oklahoma,Tillman,23,1,0,34.37288446,-98.92426619,40141.0,317.2413793103448,4.3478260869565215,22,23,1,0,22,23,7348,0,0,0,0,0
2020-06-02,US,Oklahoma,Tulsa,1057,57,0,36.11939621,-95.94013939,40143.0,162.22803398654293,5.392620624408704,1000,1022,54,0,968,998,648360,35,3,0,32,24
2020-06-02,US,Oklahoma,Wagoner,150,17,0,35.96024096,-95.51911308,40145.0,184.5268117457467,11.333333333333336,133,150,17,0,133,149,80110,0,0,0,0,1
2020-06-02,US,Oklahoma,Washington,327,36,0,36.71380786,-95.90514104,40147.0,634.6187435713315,11.009174311926603,291,325,35,0,290,316,51843,2,1,0,1,9
2020-06-02,US,Oklahoma,Washita,2,0,0,35.29071824,-98.99180434,40149.0,18.321729571271533,0.0,2,2,0,0,2,2,11127,0,0,0,0,0
2020-06-02,US,Oklahoma,Woods,3,0,0,36.76705782,-98.86573064,40151.0,34.1180484476288,0.0,3,3,0,0,3,3,8897,0,0,0,0,0
2020-06-02,US,Oklahoma,Woodward,5,0,0,36.42316318,-99.26283045,40153.0,24.7390035129385,0.0,5,5,0,0,5,5,20222,0,0,0,0,0
2020-06-02,US,Oregon,Baker,1,0,0,44.70915557,-117.6749883,41001.0,6.201935003721161,0.0,1,1,0,0,1,1,16006,0,0,0,0,0
2020-06-02,US,Oregon,Benton,56,5,0,44.49167306,-123.4316987,41003.0,60.18075720288438,8.928571428571429,51,55,5,0,50,55,92101,1,0,0,1,0
2020-06-02,US,Oregon,Clackamas,317,11,0,45.18787398,-122.2179634,41005.0,75.80340852298134,3.470031545741325,306,317,11,0,306,312,416075,0,0,0,0,5
2020-06-02,US,Oregon,Clatsop,45,0,0,45.99712889,-123.660711,41007.0,111.87350835322195,0.0,45,45,0,0,45,45,39764,0,0,0,0,0
2020-06-02,US,Oregon,Columbia,16,0,0,45.94464254,-123.08908980000001,41009.0,30.561179661534933,0.0,16,16,0,0,16,16,52377,0,0,0,0,0
2020-06-02,US,Oregon,Coos,31,0,0,43.17406868,-124.0594514,41011.0,48.0717043745251,0.0,31,31,0,0,31,31,64389,0,0,0,0,0
2020-06-02,US,Oregon,Crook,6,0,0,44.14230227,-120.356297,41013.0,24.586133420750688,0.0,6,6,0,0,6,6,23867,0,0,0,0,0
2020-06-02,US,Oregon,Curry,7,0,0,42.45911325,-124.15728200000001,41015.0,30.53435114503817,0.0,7,7,0,0,7,7,22813,0,0,0,0,0
2020-06-02,US,Oregon,Deschutes,127,0,0,43.91570171,-121.2289121,41017.0,64.24134512271614,0.0,127,127,0,0,127,125,191996,0,0,0,0,2
2020-06-02,US,Oregon,Douglas,27,0,0,43.27941273,-123.16729099999999,41019.0,24.32870787529285,0.0,27,27,0,0,27,27,110283,0,0,0,0,0
2020-06-02,US,Oregon,Grant,1,0,0,44.49024544,-119.0068631,41023.0,13.890818169190164,0.0,1,1,0,0,1,1,7176,0,0,0,0,0
2020-06-02,US,Oregon,Harney,1,0,0,43.06422669,-118.96663059999999,41025.0,13.526308670363855,0.0,1,1,0,0,1,1,7329,0,0,0,0,0
2020-06-02,US,Oregon,Hood River,22,0,0,45.51872811,-121.65520359999998,41027.0,94.08947053288854,0.0,22,18,0,0,18,18,23428,4,0,0,4,0
2020-06-02,US,Oregon,Jackson,67,0,0,42.43201126,-122.72893090000001,41029.0,30.324426098920995,0.0,67,67,0,0,67,66,219564,0,0,0,0,1
2020-06-02,US,Oregon,Jefferson,44,0,0,44.62806839,-121.17832,41031.0,178.44107389082654,0.0,44,44,0,0,44,33,24192,0,0,0,0,11
2020-06-02,US,Oregon,Josephine,24,1,0,42.3665549,-123.5561938,41033.0,27.432647136145945,4.166666666666667,23,24,1,0,23,23,87393,0,0,0,0,1
2020-06-02,US,Oregon,Klamath,44,0,0,42.68762984,-121.64964609999998,41035.0,64.48020164717606,0.0,44,44,0,0,44,44,67653,0,0,0,0,0
2020-06-02,US,Oregon,Lake,2,0,0,42.79246693,-120.38501629999999,41037.0,25.41619011310205,0.0,2,2,0,0,2,2,7879,0,0,0,0,0
2020-06-02,US,Oregon,Lane,77,3,0,43.93727035,-122.847753,41039.0,20.153533280812,3.8961038961038965,74,77,3,0,74,73,379611,0,0,0,0,4
2020-06-02,US,Oregon,Lincoln,17,0,0,44.64252874,-123.86991200000001,41041.0,34.02585965333654,0.0,17,15,0,0,15,12,49388,2,0,0,2,3
2020-06-02,US,Oregon,Linn,118,9,0,44.48899494,-122.53731540000001,41043.0,90.94482423756638,7.627118644067798,109,117,9,0,108,115,127335,1,0,0,1,2
2020-06-02,US,Oregon,Malheur,32,0,0,43.1937027,-117.62273950000001,41045.0,104.67436459389616,0.0,32,32,0,0,32,32,30725,0,0,0,0,0
2020-06-02,US,Oregon,Marion,981,26,0,44.90287942,-122.58151170000001,41047.0,282.0440575243374,2.6503567787971463,955,973,26,0,947,960,346868,8,0,0,8,13
2020-06-02,US,Oregon,Morrow,12,0,0,45.41846568,-119.584546,41049.0,103.4215289149358,0.0,12,12,0,0,12,11,11372,0,0,0,0,1
2020-06-02,US,Oregon,Multnomah,1181,61,0,45.54747959,-122.4169351,41051.0,145.2903654403307,5.165114309906858,1120,1171,59,0,1112,1165,811880,10,2,0,8,6
2020-06-02,US,Oregon,Polk,100,12,0,44.90322804,-123.4128888,41053.0,116.1642562583493,12.0,88,100,12,0,88,98,85234,0,0,0,0,2
2020-06-02,US,Oregon,Sherman,1,0,0,45.41501554,-120.6827834,41055.0,56.179775280898866,0.0,1,1,0,0,1,1,1708,0,0,0,0,0
2020-06-02,US,Oregon,Tillamook,6,0,0,45.46248721,-123.712066,41057.0,22.192632046160675,0.0,6,6,0,0,6,6,26787,0,0,0,0,0
2020-06-02,US,Oregon,Umatilla,121,3,0,45.59073056,-118.7353826,41059.0,155.22771007055806,2.479338842975207,118,120,3,0,117,116,77516,1,0,0,1,4
2020-06-02,US,Oregon,Union,6,0,0,45.30915495,-118.0068979,41061.0,22.3588596981554,0.0,6,6,0,0,6,6,26461,0,0,0,0,0
2020-06-02,US,Oregon,Wallowa,2,0,0,45.57894064,-117.18353799999998,41063.0,27.746947835738073,0.0,2,2,0,0,2,2,7081,0,0,0,0,0
2020-06-02,US,Oregon,Wasco,26,1,0,45.16292781,-121.16709540000001,41065.0,97.44396971741249,3.8461538461538463,25,24,1,0,23,24,26505,2,0,0,2,0
2020-06-02,US,Oregon,Washington,747,18,0,45.55972701,-123.0955257,41067.0,124.17053418263541,2.409638554216868,729,743,17,0,726,739,597695,4,1,0,3,4
2020-06-02,US,Oregon,Yamhill,70,7,0,45.23330449,-123.3086963,41071.0,65.359477124183,10.0,63,70,7,0,63,70,107002,0,0,0,0,0
2020-06-02,US,Pennsylvania,Adams,255,8,0,39.87140411,-77.21610347,42001.0,247.55118484792592,3.1372549019607843,247,250,8,0,242,251,102811,5,0,0,5,-1
2020-06-02,US,Pennsylvania,Allegheny,1928,165,0,40.46809875,-79.98167747,42003.0,158.54676430559724,8.558091286307054,1763,1919,164,0,1755,1911,1218452,9,1,0,8,8
2020-06-02,US,Pennsylvania,Armstrong,62,5,0,40.81665618,-79.46290811,42005.0,95.77508303081795,8.064516129032258,57,62,4,0,58,62,65263,0,1,0,-1,0
2020-06-02,US,Pennsylvania,Beaver,591,74,0,40.6825484,-80.34921611,42007.0,360.5219332759914,12.521150592216582,517,590,73,0,517,590,164742,1,1,0,0,0
2020-06-02,US,Pennsylvania,Bedford,40,2,0,40.00522157,-78.48998442,42009.0,83.52823254259941,5.0,38,40,2,0,38,39,48176,0,0,0,0,1
2020-06-02,US,Pennsylvania,Berks,4107,321,0,40.41570541,-75.92457766,42011.0,975.1545716158076,7.8159240321402494,3786,4074,317,0,3757,4061,420152,33,4,0,29,13
2020-06-02,US,Pennsylvania,Blair,51,1,0,40.47961444,-78.34917412,42013.0,41.86195405034926,1.96078431372549,50,50,1,0,49,50,122492,1,0,0,1,0
2020-06-02,US,Pennsylvania,Bradford,48,3,0,41.78869215,-76.51570822,42015.0,79.57163934154468,6.25,45,46,3,0,43,46,60833,2,0,0,2,0
2020-06-02,US,Pennsylvania,Bucks,5116,515,0,40.33682119,-75.10836643,42017.0,814.2995845735113,10.06645817044566,4601,5100,503,0,4597,5082,628195,16,12,0,4,18
2020-06-02,US,Pennsylvania,Butler,232,12,0,40.91152759,-79.91351055,42019.0,123.5008224515978,5.172413793103448,220,230,12,0,218,230,187888,2,0,0,2,0
2020-06-02,US,Pennsylvania,Cambria,59,2,0,40.49527404,-78.71377428,42021.0,45.31768465036254,3.3898305084745757,57,58,2,0,56,57,131730,1,0,0,1,1
2020-06-02,US,Pennsylvania,Cameron,2,0,0,41.43625568,-78.20376845,42023.0,44.974139869575005,0.0,2,2,0,0,2,2,4492,0,0,0,0,0
2020-06-02,US,Pennsylvania,Carbon,241,24,0,40.91545395,-75.7068525,42025.0,375.4946869838896,9.95850622406639,217,237,24,0,213,235,64227,4,0,0,4,2
2020-06-02,US,Pennsylvania,Centre,154,7,0,40.92058903,-77.82200624,42027.0,94.8363457215876,4.545454545454546,147,154,7,0,147,153,162805,0,0,0,0,1
2020-06-02,US,Pennsylvania,Chester,2823,284,0,39.97291773,-75.74768357,42029.0,537.7255523449063,10.06021962451293,2539,2784,281,0,2503,2729,522046,39,3,0,36,55
2020-06-02,US,Pennsylvania,Clarion,27,2,0,41.19265812,-79.42413524,42031.0,70.24298870908996,7.407407407407407,25,27,2,0,25,27,38779,0,0,0,0,0
2020-06-02,US,Pennsylvania,Clearfield,42,0,0,41.00110782,-78.47592663,42033.0,52.993501987256316,0.0,42,40,0,0,40,39,79388,2,0,0,2,1
2020-06-02,US,Pennsylvania,Clinton,60,3,0,41.23255967,-77.63785995,42035.0,155.31165872851525,5.0,57,57,3,0,54,56,38684,3,0,0,3,1
2020-06-02,US,Pennsylvania,Columbia,349,31,0,41.04821986,-76.40565017,42037.0,537.2206144941814,8.882521489971346,318,348,31,0,317,348,65456,1,0,0,1,0
2020-06-02,US,Pennsylvania,Crawford,29,0,0,41.68447709,-80.10760592,42039.0,34.26721336657646,0.0,29,29,0,0,29,29,85063,0,0,0,0,0
2020-06-02,US,Pennsylvania,Cumberland,644,52,0,40.1625372,-77.26130755,42041.0,254.17373801160358,8.074534161490684,592,635,52,0,583,629,251423,9,0,0,9,6
2020-06-02,US,Pennsylvania,Dauphin,1359,77,0,40.41377078,-76.77993242,42043.0,488.3237093916975,5.665930831493744,1282,1303,74,0,1229,1277,277097,56,3,0,53,26
2020-06-02,US,Pennsylvania,Delaware,6496,567,0,39.91680171,-75.40243663,42045.0,1146.1904518241827,8.728448275862071,5929,6481,559,0,5922,6461,564751,15,8,0,7,20
2020-06-02,US,Pennsylvania,Elk,6,0,0,41.42822061,-78.64524744,42047.0,20.060180541624874,0.0,6,6,0,0,6,6,30169,0,0,0,0,0
2020-06-02,US,Pennsylvania,Erie,307,4,0,41.99253829,-80.03301954,42049.0,113.81836516787286,1.3029315960912051,303,295,4,0,291,279,272061,12,0,0,12,16
2020-06-02,US,Pennsylvania,Fayette,95,4,0,39.92041012,-79.64291195,42051.0,73.48732150316383,4.2105263157894735,91,95,4,0,91,95,130441,0,0,0,0,0
2020-06-02,US,Pennsylvania,Forest,7,0,0,41.51095103,-79.23229292,42053.0,96.59169311439214,0.0,7,7,0,0,7,7,7279,0,0,0,0,0
2020-06-02,US,Pennsylvania,Franklin,781,36,0,39.92956518,-77.72157791,42055.0,503.7832119566269,4.609475032010243,745,777,35,0,742,774,154835,4,1,0,3,3
2020-06-02,US,Pennsylvania,Fulton,15,1,0,39.92913544,-78.11163677,42057.0,103.2346868547832,6.666666666666668,14,15,1,0,14,15,14523,0,0,0,0,0
2020-06-02,US,Pennsylvania,Greene,27,0,0,39.85746531,-80.22357106,42059.0,74.51770485469048,0.0,27,27,0,0,27,27,36506,0,0,0,0,0
2020-06-02,US,Pennsylvania,Huntingdon,231,2,0,40.42162652,-77.97673273,42061.0,511.6959064327485,0.8658008658008658,229,231,2,0,229,230,45168,0,0,0,0,1
2020-06-02,US,Pennsylvania,Indiana,91,5,0,40.65241041,-79.08963285,42063.0,108.23926825496888,5.494505494505495,86,91,5,0,86,91,84501,0,0,0,0,0
2020-06-02,US,Pennsylvania,Jefferson,12,0,0,41.12913106,-78.9986361,42065.0,27.63385146804836,0.0,12,9,0,0,9,9,43641,3,0,0,3,0
2020-06-02,US,Pennsylvania,Juniata,95,4,0,40.53358749,-77.39975129999998,42067.0,383.6368775996446,4.2105263157894735,91,95,4,0,91,95,24704,0,0,0,0,0
2020-06-02,US,Pennsylvania,Lackawanna,1555,174,0,41.43564672,-75.60379201,42069.0,741.6274788481168,11.189710610932476,1381,1551,171,0,1380,1547,210793,4,3,0,1,4
2020-06-02,US,Pennsylvania,Lancaster,3218,306,0,40.03904563,-76.24770128,42071.0,589.6753670353512,9.509011808576755,2912,3189,297,0,2892,3161,543557,29,9,0,20,28
2020-06-02,US,Pennsylvania,Lawrence,81,8,0,40.99206278,-80.33393706,42073.0,94.72354757227056,9.876543209876543,73,80,8,0,72,80,86184,1,0,0,1,0
2020-06-02,US,Pennsylvania,Lebanon,980,33,0,40.36680311,-76.45651841,42075.0,691.1483641646627,3.3673469387755097,947,972,33,0,939,969,141314,8,0,0,8,3
2020-06-02,US,Pennsylvania,Lehigh,3780,235,0,40.6154815,-75.59435245,42077.0,1023.5081961886503,6.216931216931218,3545,3770,228,0,3542,3765,368100,10,7,0,3,5
2020-06-02,US,Pennsylvania,Luzerne,2750,153,0,41.17823008,-75.98447579,42079.0,866.3682159430655,5.563636363636364,2597,2739,149,0,2590,2736,317646,11,4,0,7,3
2020-06-02,US,Pennsylvania,Lycoming,164,17,0,41.34310539,-77.06629984,42081.0,144.74973300735226,10.365853658536585,147,164,17,0,147,164,113664,0,0,0,0,0
2020-06-02,US,Pennsylvania,McKean,12,1,0,41.80938602,-78.56478358,42083.0,29.538461538461537,8.333333333333334,11,12,1,0,11,12,40968,0,0,0,0,0
2020-06-02,US,Pennsylvania,Mercer,107,5,0,41.30248872,-80.25816981,42085.0,97.78476385436468,4.672897196261682,102,107,5,0,102,107,110683,0,0,0,0,0
2020-06-02,US,Pennsylvania,Mifflin,59,1,0,40.61116939,-77.61070738,42087.0,127.8772378516624,1.6949152542372878,58,59,1,0,58,59,46222,0,0,0,0,0
2020-06-02,US,Pennsylvania,Monroe,1325,101,0,41.05934058,-75.34031025,42089.0,778.1712681548825,7.622641509433963,1224,1320,101,0,1219,1319,169507,5,0,0,5,1
2020-06-02,US,Pennsylvania,Montgomery,7172,696,0,40.21053671,-75.36652296,42091.0,863.1448463440905,9.70440602342443,6476,7093,686,0,6407,7061,828604,79,10,0,69,32
2020-06-02,US,Pennsylvania,Montour,53,0,0,41.03023987,-76.66345939,42093.0,290.72956664838176,0.0,53,53,0,0,53,52,18240,0,0,0,0,1
2020-06-02,US,Pennsylvania,Northampton,3108,213,0,40.75182733,-75.30471829,42095.0,1018.0650867222432,6.853281853281852,2895,3082,210,0,2872,3083,304807,26,3,0,23,-1
2020-06-02,US,Pennsylvania,Northumberland,198,3,0,40.84785433,-76.70798222,42097.0,217.9584557973647,1.5151515151515151,195,194,3,0,191,192,91083,4,0,0,4,2
2020-06-02,US,Pennsylvania,Perry,62,3,0,40.40206612,-77.26297447,42099.0,133.99031811894884,4.838709677419356,59,61,3,0,58,59,46139,1,0,0,1,2
2020-06-02,US,Pennsylvania,Philadelphia,23034,1346,0,40.00338507,-75.1379271,42101.0,1454.107914831724,5.8435356429625775,21688,22881,1320,0,21561,22629,1584138,153,26,0,127,252
2020-06-02,US,Pennsylvania,Pike,478,20,0,41.33155042,-75.03208106,42103.0,856.4926803920515,4.184100418410042,458,477,19,0,458,476,55933,1,1,0,0,1
2020-06-02,US,Pennsylvania,Potter,4,0,0,41.74471626,-77.89559864,42105.0,24.20428415829602,0.0,4,4,0,0,4,4,16622,0,0,0,0,0
2020-06-02,US,Pennsylvania,Schuylkill,643,36,0,40.70497338,-76.2150785,42107.0,454.8702240395023,5.598755832037325,607,631,34,0,597,631,142067,12,2,0,10,0
2020-06-02,US,Pennsylvania,Snyder,45,1,0,40.77129231,-77.06840691,42109.0,111.46339046864165,2.2222222222222223,44,45,1,0,44,45,40540,0,0,0,0,0
2020-06-02,US,Pennsylvania,Somerset,38,1,0,39.97172723,-79.02699593,42111.0,51.737987936879655,2.631578947368421,37,38,1,0,37,38,73952,0,0,0,0,0
2020-06-02,US,Pennsylvania,Sullivan,3,0,0,41.44634738,-76.51246591,42113.0,49.455984174085074,0.0,3,3,0,0,3,3,6071,0,0,0,0,0
2020-06-02,US,Pennsylvania,Susquehanna,110,15,0,41.82147784,-75.80071959,42115.0,272.7633406070224,13.636363636363635,95,110,15,0,95,109,40589,0,0,0,0,1
2020-06-02,US,Pennsylvania,Tioga,19,2,0,41.77255149,-77.25433032,42117.0,46.80840580424233,10.526315789473683,17,17,2,0,15,17,40763,2,0,0,2,0
2020-06-02,US,Pennsylvania,Union,60,1,0,40.96188846,-77.05996014,42119.0,133.56187253745298,1.6666666666666667,59,62,1,0,61,59,44785,-2,0,0,-2,3
2020-06-02,US,Pennsylvania,Venango,9,0,0,41.40323442,-79.75845449,42121.0,17.762690455514328,0.0,9,9,0,0,9,9,51266,0,0,0,0,0
2020-06-02,US,Pennsylvania,Warren,3,0,0,41.81304978,-79.26969577,42123.0,7.654818708376923,0.0,3,3,0,0,3,3,39498,0,0,0,0,0
2020-06-02,US,Pennsylvania,Washington,140,6,0,40.19208869,-80.24582867,42125.0,67.67698740724627,4.285714285714286,134,140,5,0,135,139,207346,0,1,0,-1,1
2020-06-02,US,Pennsylvania,Wayne,120,8,0,41.64938475,-75.29956506,42127.0,233.64031074161332,6.666666666666668,112,120,8,0,112,119,51276,0,0,0,0,1
2020-06-02,US,Pennsylvania,Westmoreland,451,38,0,40.31377979999999,-79.46615476,42129.0,129.26376974425264,8.425720620842572,413,449,38,0,411,449,350611,2,0,0,2,0
2020-06-02,US,Pennsylvania,Wyoming,34,7,0,41.51955538,-76.01074915,42131.0,126.89408076435022,20.58823529411765,27,34,7,0,27,34,27046,0,0,0,0,0
2020-06-02,US,Pennsylvania,York,1028,26,0,39.9210089,-76.73040131,42133.0,228.92365796845843,2.5291828793774314,1002,1013,26,0,987,1007,448273,15,0,0,15,6
2020-06-02,US,Rhode Island,Bristol,224,0,0,41.71018079,-71.28652315,44001.0,462.0557354730914,0.0,224,224,0,0,224,224,48649,0,0,0,0,0
2020-06-02,US,Rhode Island,Kent,1052,0,0,41.67106337,-71.57641596,44003.0,640.3233267596718,0.0,1052,1052,0,0,1052,1052,163861,0,0,0,0,0
2020-06-02,US,Rhode Island,Newport,244,0,0,41.5642026,-71.26569799,44005.0,297.26371189785823,0.0,244,244,0,0,244,244,82542,0,0,0,0,0
2020-06-02,US,Rhode Island,Providence,11052,0,0,41.87064746,-71.57753536,44007.0,1729.7642468435556,0.0,11052,11052,0,0,11052,11052,636084,0,0,0,0,0
2020-06-02,US,Rhode Island,Unassigned,2041,732,0,0.0,0.0,90044.0,0.0,35.86477217050466,1309,1920,720,0,1200,1857,,121,12,0,109,63
2020-06-02,US,Rhode Island,Washington,499,0,0,41.45961631,-71.61435303,44009.0,397.36575965343974,0.0,499,499,0,0,499,499,126179,0,0,0,0,0
2020-06-02,US,South Carolina,Abbeville,46,0,0,34.22333378,-82.46170658,45001.0,187.54841603131246,0.0,46,44,0,0,44,42,24541,2,0,0,2,2
2020-06-02,US,South Carolina,Aiken,208,7,0,33.54338026,-81.63645384,45003.0,121.72854534388313,3.3653846153846154,201,206,7,0,199,197,169401,2,0,0,2,9
2020-06-02,US,South Carolina,Allendale,38,3,0,32.98837386,-81.35321066,45005.0,437.3848987108656,7.894736842105262,35,38,3,0,35,35,8903,0,0,0,0,3
2020-06-02,US,South Carolina,Anderson,244,9,0,34.51828081,-82.63959517,45007.0,120.45932523030442,3.6885245901639343,235,241,9,0,232,239,200482,3,0,0,3,2
2020-06-02,US,South Carolina,Bamberg,23,0,0,33.21927586,-81.05659969,45009.0,163.51485852410067,0.0,23,22,0,0,22,22,14275,1,0,0,1,0
2020-06-02,US,South Carolina,Barnwell,48,1,0,33.26679302,-81.43584352,45011.0,230.03929838013997,2.083333333333333,47,48,1,0,47,46,21112,0,0,0,0,2
2020-06-02,US,South Carolina,Beaufort,398,14,0,32.39226291,-80.72619758,45013.0,207.1600337285683,3.5175879396984926,384,389,14,0,375,385,188715,9,0,0,9,4
2020-06-02,US,South Carolina,Berkeley,242,16,0,33.20222596,-79.94654523,45015.0,106.18366263432014,6.6115702479338845,226,235,16,0,219,233,221091,7,0,0,7,2
2020-06-02,US,South Carolina,Calhoun,15,1,0,33.66926881,-80.77722168,45017.0,103.07153164296021,6.666666666666668,14,16,1,0,15,15,14520,-1,0,0,-1,1
2020-06-02,US,South Carolina,Charleston,646,12,0,32.82487866,-79.96512315,45019.0,157.02250331789037,1.8575851393188851,634,634,12,0,622,617,405905,12,0,0,12,17
2020-06-02,US,South Carolina,Cherokee,43,2,0,35.05122251,-81.61828622,45021.0,75.043630017452,4.651162790697675,41,43,2,0,41,39,57078,0,0,0,0,4
2020-06-02,US,South Carolina,Chester,87,1,0,34.69249168,-81.1583216,45023.0,269.81764049125417,1.1494252873563218,86,83,1,0,82,80,32251,4,0,0,4,3
2020-06-02,US,South Carolina,Chesterfield,203,4,0,34.64137396,-80.15640140000002,45025.0,444.6878422782037,1.9704433497536944,199,200,4,0,196,196,45754,3,0,0,3,4
2020-06-02,US,South Carolina,Clarendon,302,39,0,33.66610974,-80.21647898,45027.0,894.9473996147577,12.913907284768213,263,301,39,0,262,301,33700,1,0,0,1,0
2020-06-02,US,South Carolina,Colleton,114,14,0,32.87582989,-80.67641292,45029.0,302.571860816944,12.280701754385964,100,110,14,0,96,105,37660,4,0,0,4,5
2020-06-02,US,South Carolina,Darlington,308,10,0,34.33358335,-79.96027485,45031.0,462.3375063796572,3.2467532467532467,298,299,10,0,289,295,66802,9,0,0,9,4
2020-06-02,US,South Carolina,Dillon,170,3,0,34.39007791,-79.37741872,45033.0,557.7610814003084,1.7647058823529411,167,166,3,0,163,165,30599,4,0,0,4,1
2020-06-02,US,South Carolina,Dorchester,165,3,0,33.0794369,-80.40502652,45035.0,101.34574869939621,1.818181818181818,162,169,3,0,166,166,160647,-4,0,0,-4,3
2020-06-02,US,South Carolina,Edgefield,51,2,0,33.77221995,-81.96231108,45037.0,187.08730741012474,3.92156862745098,49,51,2,0,49,51,27052,0,0,0,0,0
2020-06-02,US,South Carolina,Fairfield,181,17,0,34.39287073,-81.1195624,45039.0,809.9521188526426,9.392265193370166,164,181,17,0,164,179,22402,0,0,0,0,2
2020-06-02,US,South Carolina,Florence,678,38,0,34.02361754,-79.70189312,45041.0,490.2634262037847,5.604719764011801,640,675,38,0,637,655,138159,3,0,0,3,20
2020-06-02,US,South Carolina,Georgetown,78,3,0,33.43443342,-79.33202141,45043.0,124.44160816847479,3.8461538461538463,75,77,3,0,74,76,62249,1,0,0,1,1
2020-06-02,US,South Carolina,Greenville,1751,57,0,34.89502264,-82.37295012,45045.0,334.45263226255014,3.2552826956025127,1694,1690,57,0,1633,1619,514213,61,0,0,61,71
2020-06-02,US,South Carolina,Greenwood,148,1,0,34.15272415,-82.12715789,45047.0,209.00707517193658,0.6756756756756757,147,147,1,0,146,142,70741,1,0,0,1,5
2020-06-02,US,South Carolina,Hampton,38,1,0,32.77419582,-81.13845571,45049.0,197.6901467068984,2.631578947368421,37,38,1,0,37,37,19351,0,0,0,0,1
2020-06-02,US,South Carolina,Horry,472,27,0,33.9212828,-78.99555293,45051.0,133.30283183791278,5.720338983050849,445,454,26,0,428,432,344147,18,1,0,17,22
2020-06-02,US,South Carolina,Jasper,43,2,0,32.43171982,-81.02487495,45053.0,142.98540218800918,4.651162790697675,41,42,2,0,40,42,28971,1,0,0,1,0
2020-06-02,US,South Carolina,Kershaw,339,14,0,34.33988254,-80.58763164,45055.0,509.3837808597917,4.1297935103244825,325,338,14,0,324,332,65592,1,0,0,1,6
2020-06-02,US,South Carolina,Lancaster,166,5,0,34.68270843,-80.70513032,45057.0,169.36701628372037,3.0120481927710845,161,140,5,0,135,135,95380,26,0,0,26,5
2020-06-02,US,South Carolina,Laurens,69,4,0,34.48244419,-82.00490796,45059.0,102.23282414472612,5.797101449275362,65,68,4,0,64,67,66994,1,0,0,1,1
2020-06-02,US,South Carolina,Lee,221,16,0,34.16393091,-80.25690731,45061.0,1313.287378179225,7.239819004524888,205,218,16,0,202,218,17142,3,0,0,3,0
2020-06-02,US,South Carolina,Lexington,677,34,0,33.89665987,-81.27146426,45063.0,226.61087866108787,5.022156573116691,643,657,34,0,623,645,295032,20,0,0,20,12
2020-06-02,US,South Carolina,Marion,72,5,0,34.07859748,-79.36400756,45067.0,234.85663959291514,6.9444444444444455,67,71,5,0,66,69,31039,1,0,0,1,2
2020-06-02,US,South Carolina,Marlboro,183,1,0,34.59905577,-79.67561152,45069.0,700.666207213416,0.5464480874316939,182,173,1,0,172,171,26398,10,0,0,10,2
2020-06-02,US,South Carolina,McCormick,9,1,0,33.90161443,-82.30794338,45065.0,95.10725985416887,11.111111111111109,8,9,1,0,8,9,9410,0,0,0,0,0
2020-06-02,US,South Carolina,Newberry,63,1,0,34.28629098,-81.59935761,45071.0,163.89177939646203,1.5873015873015872,62,62,1,0,61,63,38520,1,0,0,1,-1
2020-06-02,US,South Carolina,Oconee,55,0,0,34.75225169,-83.06742317,45073.0,69.14238302365926,0.0,55,54,0,0,54,50,78374,1,0,0,1,4
2020-06-02,US,South Carolina,Orangeburg,210,3,0,33.4391073,-80.79886287,45075.0,243.69016536118363,1.4285714285714286,207,201,3,0,198,189,86934,9,0,0,9,12
2020-06-02,US,South Carolina,Pickens,174,3,0,34.88807695,-82.72791551,45077.0,137.13312947258913,1.7241379310344829,171,164,3,0,161,158,124937,10,0,0,10,6
2020-06-02,US,South Carolina,Richland,1542,66,0,34.01791263,-80.90267209,45079.0,370.8879422934921,4.280155642023346,1476,1530,66,0,1464,1518,414576,12,0,0,12,12
2020-06-02,US,South Carolina,Saluda,148,1,0,34.00795823,-81.72713237,45081.0,722.9033361012065,0.6756756756756757,147,148,1,0,147,145,20544,0,0,0,0,3
2020-06-02,US,South Carolina,Spartanburg,645,20,0,34.92960077,-81.99225984,45083.0,201.69801585440217,3.1007751937984502,625,637,20,0,617,617,313888,8,0,0,8,20
2020-06-02,US,South Carolina,Sumter,396,18,0,33.91826534,-80.37942316,45085.0,371.0609908078073,4.545454545454546,378,387,18,0,369,384,106512,9,0,0,9,3
2020-06-02,US,South Carolina,Union,40,0,0,34.68835752,-81.61730349,45087.0,146.43432420559378,0.0,40,37,0,0,37,37,27410,3,0,0,3,0
2020-06-02,US,South Carolina,Williamsburg,245,14,0,33.62190129,-79.72767442,45089.0,806.7702845100107,5.7142857142857135,231,238,14,0,224,236,30606,7,0,0,7,2
2020-06-02,US,South Carolina,York,421,8,0,34.97281497,-81.18085944,45091.0,149.8332615604725,1.9002375296912115,413,417,8,0,409,407,274118,4,0,0,4,10
2020-06-02,US,South Dakota,Aurora,26,0,0,43.71757685,-98.56050467,46003.0,945.1108687749906,0.0,26,26,0,0,26,26,2801,0,0,0,0,0
2020-06-02,US,South Dakota,Beadle,276,5,0,44.41464384,-98.27858469,46005.0,1495.6917574378147,1.8115942028985508,271,275,5,0,270,261,18883,1,0,0,1,14
2020-06-02,US,South Dakota,Bon Homme,8,0,0,42.98914167,-97.88592746,46009.0,115.92522822779308,0.0,8,8,0,0,8,8,6980,0,0,0,0,0
2020-06-02,US,South Dakota,Brookings,17,0,0,44.36974375,-96.79079945,46011.0,48.46480599823246,0.0,17,16,0,0,16,16,35232,1,0,0,1,0
2020-06-02,US,South Dakota,Brown,281,1,0,45.58994323,-98.35165355,46013.0,723.4995751692886,0.3558718861209965,280,275,1,0,274,273,39316,6,0,0,6,2
2020-06-02,US,South Dakota,Buffalo,21,0,0,44.07657829,-99.20814467,46017.0,1070.336391437309,0.0,21,18,0,0,18,17,2036,3,0,0,3,1
2020-06-02,US,South Dakota,Charles Mix,18,0,0,43.20660134,-98.58856175,46023.0,193.71502367628068,0.0,18,17,0,0,17,17,9338,1,0,0,1,0
2020-06-02,US,South Dakota,Clark,4,0,0,44.85834507,-97.72925109,46025.0,107.06638115631692,0.0,4,4,0,0,4,4,3739,0,0,0,0,0
2020-06-02,US,South Dakota,Clay,15,0,0,42.91296147,-96.97656917,46027.0,106.60980810234541,0.0,15,15,0,0,15,15,14041,0,0,0,0,0
2020-06-02,US,South Dakota,Codington,37,0,0,44.97788119,-97.18827677,46029.0,132.1003963011889,0.0,37,37,0,0,37,37,28015,0,0,0,0,0
2020-06-02,US,South Dakota,Corson,4,0,0,45.70889983,-101.1970473,46031.0,97.89525208027409,0.0,4,4,0,0,4,4,4165,0,0,0,0,0
2020-06-02,US,South Dakota,Davison,16,0,0,43.67490933,-98.14458906,46035.0,80.91024020227559,0.0,16,16,0,0,16,16,19790,0,0,0,0,0
2020-06-02,US,South Dakota,Day,13,0,0,45.367281,-97.60737498,46037.0,239.6755162241888,0.0,13,13,0,0,13,13,5505,0,0,0,0,0
2020-06-02,US,South Dakota,Deuel,1,0,0,44.75994309,-96.66943645,46039.0,22.983222247759137,0.0,1,1,0,0,1,1,4337,0,0,0,0,0
2020-06-02,US,South Dakota,Dewey,1,0,0,45.15639647,-100.8709139,46041.0,16.972165648336727,0.0,1,,,,,,5904,,,,,
2020-06-02,US,South Dakota,Douglas,3,0,0,43.38520741,-98.36978007,46043.0,102.70455323519344,0.0,3,3,0,0,3,3,2935,0,0,0,0,0
2020-06-02,US,South Dakota,Edmunds,1,0,0,45.41846445,-99.21545423,46045.0,26.11647949856359,0.0,1,1,0,0,1,1,3875,0,0,0,0,0
2020-06-02,US,South Dakota,Fall River,5,0,0,43.23929297,-103.5275691,46047.0,74.48234768359899,0.0,5,4,0,0,4,4,6758,1,0,0,1,0
2020-06-02,US,South Dakota,Faulk,1,0,0,45.07082625,-99.14535601,46049.0,43.497172683775545,0.0,1,1,0,0,1,1,2330,0,0,0,0,0
2020-06-02,US,South Dakota,Grant,13,0,0,45.1723937,-96.77002276,46051.0,184.344866704481,0.0,13,13,0,0,13,13,7147,0,0,0,0,0
2020-06-02,US,South Dakota,Gregory,1,0,0,43.19419064,-99.18883902,46053.0,23.894862604540023,0.0,1,1,0,0,1,1,4212,0,0,0,0,0
2020-06-02,US,South Dakota,Hamlin,4,0,0,44.67385954,-97.18829593,46057.0,64.89292667099286,0.0,4,4,0,0,4,4,6111,0,0,0,0,0
2020-06-02,US,South Dakota,Hand,2,0,0,44.54708407,-99.00386459,46059.0,62.676277029144465,0.0,2,2,0,0,2,2,3262,0,0,0,0,0
2020-06-02,US,South Dakota,Hughes,19,0,0,44.39091534,-99.99661148,46065.0,108.41036174825972,0.0,19,19,0,0,19,19,17650,0,0,0,0,0
2020-06-02,US,South Dakota,Hutchinson,6,0,0,43.33449012,-97.75536441,46067.0,82.2932382389247,0.0,6,5,0,0,5,5,7380,1,0,0,1,0
2020-06-02,US,South Dakota,Hyde,1,0,0,44.54747703,-99.48572582,46069.0,76.86395080707149,0.0,1,1,0,0,1,1,1282,0,0,0,0,0
2020-06-02,US,South Dakota,Jackson,4,0,0,43.69318385,-101.6255063,46071.0,119.61722488038279,0.0,4,4,0,0,4,4,3307,0,0,0,0,0
2020-06-02,US,South Dakota,Jerauld,35,1,0,44.06637798,-98.62965972,46073.0,1738.6984600099356,2.8571428571428568,34,35,1,0,34,35,2043,0,0,0,0,0
2020-06-02,US,South Dakota,Kingsbury,2,0,0,44.36956169,-97.4913945,46077.0,40.49402713099818,0.0,2,1,0,0,1,1,4919,1,0,0,1,0
2020-06-02,US,South Dakota,Lake,8,0,0,44.02193107,-97.12926365,46079.0,62.5146518715324,0.0,8,8,0,0,8,8,13057,0,0,0,0,0
2020-06-02,US,South Dakota,Lawrence,11,0,0,44.35919441,-103.79294279999999,46081.0,42.563070732084824,0.0,11,11,0,0,11,11,25741,0,0,0,0,0
2020-06-02,US,South Dakota,Lincoln,239,0,0,43.27841182,-96.72039050000001,46083.0,390.9828556471666,0.0,239,238,0,0,238,238,58807,1,0,0,1,0
2020-06-02,US,South Dakota,Lyman,14,0,0,43.89522709,-99.85201878,46085.0,370.2724147051045,0.0,14,14,0,0,14,14,3821,0,0,0,0,0
2020-06-02,US,South Dakota,Marshall,4,0,0,45.75870838,-97.59855639,46091.0,81.05369807497469,0.0,4,4,0,0,4,4,5112,0,0,0,0,0
2020-06-02,US,South Dakota,McCook,6,1,0,43.6742571,-97.36863144,46087.0,107.41138560687432,16.666666666666668,5,6,1,0,5,6,5546,0,0,0,0,0
2020-06-02,US,South Dakota,McPherson,1,0,0,45.76626028,-99.22118798,46089.0,42.03446826397647,0.0,1,1,0,0,1,1,2407,0,0,0,0,0
2020-06-02,US,South Dakota,Meade,22,0,0,44.56676791,-102.71627409999999,46093.0,77.65071297472822,0.0,22,21,0,0,21,19,28294,1,0,0,1,2
2020-06-02,US,South Dakota,Miner,2,0,0,44.02197882,-97.60992207,46097.0,90.25270758122744,0.0,2,2,0,0,2,1,2213,0,0,0,0,1
2020-06-02,US,South Dakota,Minnehaha,3362,49,0,43.67441641,-96.7910885,46099.0,1740.76030113807,1.4574657941701368,3313,3355,49,0,3306,3349,192876,7,0,0,7,6
2020-06-02,US,South Dakota,Moody,19,0,0,44.02266214,-96.67081159,46101.0,288.92944038929437,0.0,19,19,0,0,19,19,6579,0,0,0,0,0
2020-06-02,US,South Dakota,Oglala Lakota,31,0,0,43.33749164,-102.55554980000001,46102.0,218.66403329336248,0.0,31,31,0,0,31,26,14309,0,0,0,0,5
2020-06-02,US,South Dakota,Pennington,241,4,0,44.0025835,-102.8240777,46103.0,211.8215776752362,1.6597510373443984,237,235,4,0,231,227,111729,6,0,0,6,8
2020-06-02,US,South Dakota,Roberts,36,0,0,45.62975048,-96.94672673,46109.0,346.353665576294,0.0,36,36,0,0,36,36,10447,0,0,0,0,0
2020-06-02,US,South Dakota,Sanborn,13,0,0,44.02351092,-98.09098159999999,46111.0,554.6075085324234,0.0,13,13,0,0,13,13,2429,0,0,0,0,0
2020-06-02,US,South Dakota,Spink,5,0,0,44.93837606,-98.34626602,46115.0,78.41907151819322,0.0,5,5,0,0,5,5,6495,0,0,0,0,0
2020-06-02,US,South Dakota,Stanley,10,0,0,44.41381872,-100.7349153,46117.0,322.7888960619755,0.0,10,10,0,0,10,10,3022,0,0,0,0,0
2020-06-02,US,South Dakota,Sully,1,0,0,44.71571812,-100.1278092,46119.0,71.89072609633357,0.0,1,1,0,0,1,1,1392,0,0,0,0,0
2020-06-02,US,South Dakota,Todd,28,1,0,43.19338568,-100.71955030000001,46121.0,275.13019553896044,3.571428571428572,27,27,1,0,26,27,10283,1,0,0,1,0
2020-06-02,US,South Dakota,Tripp,6,0,0,43.34459388,-99.8854891,46123.0,110.27384671935306,0.0,6,6,0,0,6,6,5478,0,0,0,0,0
2020-06-02,US,South Dakota,Turner,25,0,0,43.3109081,-97.14865776,46125.0,298.18702290076334,0.0,25,24,0,0,24,24,8424,1,0,0,1,0
2020-06-02,US,South Dakota,Union,91,0,0,42.83112163,-96.6557828,46127.0,571.1775043936731,0.0,91,91,0,0,91,89,15619,0,0,0,0,2
2020-06-02,US,South Dakota,Walworth,5,0,0,45.43019636,-100.03075140000001,46129.0,91.99632014719411,0.0,5,5,0,0,5,5,5587,0,0,0,0,0
2020-06-02,US,South Dakota,Yankton,51,0,0,43.00924485,-97.39467635,46135.0,223.54694485842026,0.0,51,51,0,0,51,51,22869,0,0,0,0,0
2020-06-02,US,South Dakota,Ziebach,1,0,0,44.97881876,-101.6654622,46137.0,36.2844702467344,0.0,1,1,0,0,1,1,2742,0,0,0,0,0
2020-06-02,US,Tennessee,Anderson,41,1,0,36.12684348,-84.19965764,47001.0,53.26197095273975,2.4390243902439024,40,40,1,0,39,40,76482,1,0,0,1,0
2020-06-02,US,Tennessee,Bedford,295,4,0,35.51123746,-86.45549096,47003.0,593.4061513085109,1.3559322033898304,291,283,4,0,279,283,49038,12,0,0,12,0
2020-06-02,US,Tennessee,Benton,7,1,0,36.07110411,-88.06849355,47005.0,43.31683168316832,14.285714285714285,6,7,1,0,6,7,16184,0,0,0,0,0
2020-06-02,US,Tennessee,Bledsoe,609,1,0,35.59942968,-85.20611967,47007.0,4042.7509293680296,0.16420361247947454,608,607,1,0,606,607,14755,2,0,0,2,0
2020-06-02,US,Tennessee,Blount,93,3,0,35.68938198,-83.92847788,47009.0,69.87857658090887,3.2258064516129035,90,91,3,0,88,91,131349,2,0,0,2,0
2020-06-02,US,Tennessee,Bradley,157,1,0,35.15739424,-84.857186,47011.0,145.2224586069744,0.6369426751592356,156,122,1,0,121,122,106727,35,0,0,35,0
2020-06-02,US,Tennessee,Campbell,18,1,0,36.40355516,-84.15108559999999,47013.0,45.178454896842524,5.5555555555555545,17,18,1,0,17,18,39583,0,0,0,0,0
2020-06-02,US,Tennessee,Cannon,31,0,0,35.80990797,-86.05738983,47015.0,211.20043602670663,0.0,31,21,0,0,21,21,14462,10,0,0,10,0
2020-06-02,US,Tennessee,Carroll,28,1,0,35.97366108,-88.45189331,47017.0,100.83912558072531,3.571428571428572,27,27,1,0,26,27,28020,1,0,0,1,0
2020-06-02,US,Tennessee,Carter,19,1,0,36.28969086,-82.12588974,47019.0,33.693319856005395,5.2631578947368425,18,19,1,0,18,19,56351,0,0,0,0,0
2020-06-02,US,Tennessee,Cheatham,134,0,0,36.26136216,-87.08903581,47021.0,329.5054958565913,0.0,134,123,0,0,123,123,40439,11,0,0,11,0
2020-06-02,US,Tennessee,Chester,12,0,0,35.42527478,-88.6095842,47023.0,69.37619240330693,0.0,12,12,0,0,12,12,17276,0,0,0,0,0
2020-06-02,US,Tennessee,Claiborne,12,0,0,36.48319149,-83.65947309,47025.0,37.54810851403361,0.0,12,9,0,0,9,9,31756,3,0,0,3,0
2020-06-02,US,Tennessee,Clay,8,0,0,36.55151008,-85.53930419,47027.0,105.05581089954036,0.0,8,7,0,0,7,7,7717,1,0,0,1,0
2020-06-02,US,Tennessee,Cocke,21,0,0,35.9278914,-83.11828725,47029.0,58.326852571936456,0.0,21,20,0,0,20,20,35774,1,0,0,1,0
2020-06-02,US,Tennessee,Coffee,74,0,0,35.49090731,-86.07311784,47031.0,130.92710544939845,0.0,74,73,0,0,73,73,55700,1,0,0,1,0
2020-06-02,US,Tennessee,Crockett,16,2,0,35.81830662,-89.14916269,47033.0,112.43851018974001,12.5,14,16,2,0,14,16,14328,0,0,0,0,0
2020-06-02,US,Tennessee,Cumberland,118,1,0,35.95271721,-84.99840585,47035.0,194.97686715135487,0.8474576271186439,117,112,1,0,111,112,59673,6,0,0,6,0
2020-06-02,US,Tennessee,Davidson,5323,64,0,36.17007426,-86.78646056,47037.0,766.8437672874793,1.2023295134322751,5259,5040,62,0,4978,5040,692587,283,2,0,281,0
2020-06-02,US,Tennessee,DeKalb,40,0,0,35.97616272,-85.83689361,47041.0,195.21717911176185,0.0,40,37,0,0,37,37,20138,3,0,0,3,0
2020-06-02,US,Tennessee,Decatur,5,0,0,35.60048904,-88.11043779,47039.0,42.87061647946497,0.0,5,5,0,0,5,5,11706,0,0,0,0,0
2020-06-02,US,Tennessee,Dickson,116,0,0,36.14669837,-87.35891709,47043.0,215.02187291465856,0.0,116,109,0,0,109,109,53446,7,0,0,7,0
2020-06-02,US,Tennessee,Dyer,55,0,0,36.05931946,-89.41542855,47045.0,148.01259452622512,0.0,55,50,0,0,50,50,37320,5,0,0,5,0
2020-06-02,US,Tennessee,Fayette,121,2,0,35.19615831,-89.41399032,47047.0,294.16769990032327,1.6528925619834711,119,115,2,0,113,115,40507,6,0,0,6,0
2020-06-02,US,Tennessee,Fentress,12,0,0,36.38128818,-84.92870012,47049.0,64.78432219402903,0.0,12,12,0,0,12,12,18217,0,0,0,0,0
2020-06-02,US,Tennessee,Franklin,54,1,0,35.15634626,-86.09201039,47051.0,127.93783169067476,1.851851851851852,53,53,1,0,52,53,41890,1,0,0,1,0
2020-06-02,US,Tennessee,Gibson,62,1,0,35.99438059,-88.93358327,47053.0,126.18810168318646,1.6129032258064515,61,63,1,0,62,63,49045,-1,0,0,-1,0
2020-06-02,US,Tennessee,Giles,12,0,0,35.20222469,-87.03992678,47055.0,40.727667662231866,0.0,12,12,0,0,12,12,29503,0,0,0,0,0
2020-06-02,US,Tennessee,Grainger,11,0,0,36.27469206,-83.51254721,47057.0,47.16981132075472,0.0,11,8,0,0,8,8,23145,3,0,0,3,0
2020-06-02,US,Tennessee,Greene,52,2,0,36.17470125,-82.84691273,47059.0,75.28703180877093,3.8461538461538463,50,50,2,0,48,50,69087,2,0,0,2,0
2020-06-02,US,Tennessee,Grundy,31,1,0,35.38433717,-85.72142731,47061.0,230.8780814776197,3.2258064516129035,30,31,1,0,30,31,13346,0,0,0,0,0
2020-06-02,US,Tennessee,Hamblen,43,2,0,36.21990035,-83.26586179,47063.0,66.22108602581082,4.651162790697675,41,36,2,0,34,36,64569,7,0,0,7,0
2020-06-02,US,Tennessee,Hamilton,910,16,0,35.17670231,-85.16652245,47065.0,247.41438374786568,1.7582417582417582,894,794,15,0,779,794,364286,116,1,0,115,0
2020-06-02,US,Tennessee,Hancock,1,0,0,36.52692871,-83.22375847,47067.0,15.105740181268883,0.0,1,1,0,0,1,1,6549,0,0,0,0,0
2020-06-02,US,Tennessee,Hardeman,202,0,0,35.20772017,-88.99161161,47069.0,806.3872255489023,0.0,202,196,0,0,196,196,25220,6,0,0,6,0
2020-06-02,US,Tennessee,Hardin,18,2,0,35.19732531,-88.18593755,47071.0,70.16996725401529,11.111111111111109,16,15,2,0,13,15,25776,3,0,0,3,0
2020-06-02,US,Tennessee,Hawkins,35,2,0,36.44355426,-82.94885298,47073.0,61.63491001303139,5.7142857142857135,33,33,2,0,31,33,56530,2,0,0,2,0
2020-06-02,US,Tennessee,Haywood,32,2,0,35.58332824,-89.28536625,47075.0,184.9283402681461,6.25,30,31,2,0,29,31,17335,1,0,0,1,0
2020-06-02,US,Tennessee,Henderson,15,0,0,35.65581134,-88.38600175,47077.0,53.34850802005904,0.0,15,15,0,0,15,15,27847,0,0,0,0,0
2020-06-02,US,Tennessee,Henry,31,0,0,36.33160906,-88.30121797,47079.0,95.84170660071108,0.0,31,30,0,0,30,30,32358,1,0,0,1,0
2020-06-02,US,Tennessee,Hickman,58,0,0,35.80609681,-87.47643507,47081.0,230.3598379537692,0.0,58,58,0,0,58,58,25063,0,0,0,0,0
2020-06-02,US,Tennessee,Houston,8,0,0,36.28872054,-87.71878828,47083.0,97.54907938056334,0.0,8,8,0,0,8,8,8263,0,0,0,0,0
2020-06-02,US,Tennessee,Humphreys,15,1,0,36.03958805,-87.77992872,47085.0,80.72328059412334,6.666666666666668,14,13,1,0,12,13,18486,2,0,0,2,0
2020-06-02,US,Tennessee,Jackson,19,0,0,36.36380466,-85.67239905,47087.0,161.20821313422704,0.0,19,17,0,0,17,17,11758,2,0,0,2,0
2020-06-02,US,Tennessee,Jefferson,28,0,0,36.04818632,-83.45148924,47089.0,51.380860629415544,0.0,28,28,0,0,28,28,54012,0,0,0,0,0
2020-06-02,US,Tennessee,Johnson,16,0,0,36.45523950000001,-81.84886538,47091.0,89.94827973915001,0.0,16,16,0,0,16,16,17778,0,0,0,0,0
2020-06-02,US,Tennessee,Knox,410,5,0,35.99508821,-83.94635435,47093.0,87.17598705542903,1.2195121951219512,405,375,5,0,370,375,465289,35,0,0,35,0
2020-06-02,US,Tennessee,Lake,765,0,0,36.34180170000001,-89.48921915,47095.0,10903.6488027366,0.0,765,414,0,0,414,414,7411,351,0,0,351,0
2020-06-02,US,Tennessee,Lauderdale,59,1,0,35.75893438,-89.63015909999999,47097.0,230.17204384972496,1.6949152542372878,58,56,1,0,55,56,25825,3,0,0,3,0
2020-06-02,US,Tennessee,Lawrence,32,0,0,35.21675201,-87.39787695,47099.0,72.49331702233702,0.0,32,31,0,0,31,31,43734,1,0,0,1,0
2020-06-02,US,Tennessee,Lewis,3,0,0,35.52853208,-87.49022694,47101.0,24.45386371046625,0.0,3,3,0,0,3,3,12086,0,0,0,0,0
2020-06-02,US,Tennessee,Lincoln,28,0,0,35.13738622,-86.58910106,47103.0,81.47587732060758,0.0,28,25,0,0,25,25,34117,3,0,0,3,0
2020-06-02,US,Tennessee,Loudon,154,0,0,35.73939663,-84.31145275,47105.0,284.82651475919215,0.0,154,143,0,0,143,143,53054,11,0,0,11,0
2020-06-02,US,Tennessee,Macon,157,3,0,36.53157855,-86.00778595,47111.0,638.159499227705,1.9108280254777068,154,136,3,0,133,136,24265,21,0,0,21,0
2020-06-02,US,Tennessee,Madison,175,2,0,35.61181957,-88.84076036,47113.0,178.60058785107773,1.1428571428571428,173,175,2,0,173,175,97605,0,0,0,0,0
2020-06-02,US,Tennessee,Marion,42,1,0,35.12997174,-85.62265895,47115.0,145.29352751928602,2.380952380952381,41,40,1,0,39,40,28575,2,0,0,2,0
2020-06-02,US,Tennessee,Marshall,32,1,0,35.45798777,-86.76420988,47117.0,93.0909090909091,3.125,31,31,1,0,30,31,33683,1,0,0,1,0
2020-06-02,US,Tennessee,Maury,102,0,0,35.618741299999996,-87.07462444,47119.0,105.82339942108378,0.0,102,89,0,0,89,89,94340,13,0,0,13,0
2020-06-02,US,Tennessee,McMinn,143,14,0,35.42812616,-84.61520715,47107.0,265.82890285161915,9.79020979020979,129,141,14,0,127,141,53285,2,0,0,2,0
2020-06-02,US,Tennessee,McNairy,15,0,0,35.17468549,-88.5647812,47109.0,58.37938818401183,0.0,15,12,0,0,12,12,25832,3,0,0,3,0
2020-06-02,US,Tennessee,Meigs,27,0,0,35.51558739,-84.81482914,47121.0,217.35630333279664,0.0,27,26,0,0,26,26,12306,1,0,0,1,0
2020-06-02,US,Tennessee,Monroe,66,2,0,35.44550387,-84.24902965,47123.0,141.79825974863036,3.0303030303030303,64,62,2,0,60,62,46357,4,0,0,4,0
2020-06-02,US,Tennessee,Montgomery,277,3,0,36.49609412,-87.38550661,47125.0,132.5403243170824,1.083032490974729,274,269,3,0,266,269,205950,8,0,0,8,0
2020-06-02,US,Tennessee,Moore,4,0,0,35.27724699,-86.36230578,47127.0,61.65228113440197,0.0,4,3,0,0,3,3,6411,1,0,0,1,0
2020-06-02,US,Tennessee,Morgan,17,0,0,36.13248031,-84.64880098,47129.0,79.42811755361397,0.0,17,17,0,0,17,17,21579,0,0,0,0,0
2020-06-02,US,Tennessee,Obion,40,3,0,36.35732446,-89.14921589,47131.0,133.027370381456,7.5,37,30,1,0,29,30,30267,10,2,0,8,0
2020-06-02,US,Tennessee,Out of TN,426,4,0,0.0,0.0,80047.0,0.0,0.9389671361502347,422,418,4,0,414,418,,8,0,0,8,0
2020-06-02,US,Tennessee,Overton,32,0,0,36.34117832,-85.28989535,47133.0,143.87842273279082,0.0,32,26,0,0,26,26,22068,6,0,0,6,0
2020-06-02,US,Tennessee,Perry,23,0,0,35.63708728,-87.86139634,47135.0,284.7944526993561,0.0,23,21,0,0,21,21,8064,2,0,0,2,0
2020-06-02,US,Tennessee,Pickett,3,0,0,36.55606529,-85.07763299999998,47137.0,59.429477020602214,0.0,3,3,0,0,3,3,5082,0,0,0,0,0
2020-06-02,US,Tennessee,Polk,18,0,0,35.12245443,-84.52075859,47139.0,106.93916349809885,0.0,18,16,0,0,16,16,16898,2,0,0,2,0
2020-06-02,US,Tennessee,Putnam,507,5,0,36.14005459,-85.50646123,47141.0,631.8150663592747,0.9861932938856016,502,479,5,0,474,479,78843,28,0,0,28,0
2020-06-02,US,Tennessee,Rhea,214,0,0,35.60536161,-84.93076643,47143.0,645.2196460337083,0.0,214,210,0,0,210,210,33044,4,0,0,4,0
2020-06-02,US,Tennessee,Roane,16,0,0,35.84923189,-84.52458689,47145.0,29.97264995691432,0.0,16,16,0,0,16,16,53140,0,0,0,0,0
2020-06-02,US,Tennessee,Robertson,511,4,0,36.52454807,-86.87346725,47147.0,711.5703284920559,0.7827788649706457,507,465,3,0,462,465,71012,46,1,0,45,0
2020-06-02,US,Tennessee,Rutherford,1278,27,0,35.84591405,-86.4107263,47149.0,384.60959718314103,2.112676056338028,1251,1196,23,0,1173,1196,324890,82,4,0,78,0
2020-06-02,US,Tennessee,Scott,12,0,0,36.42325673,-84.50360494,47151.0,54.37737901033171,0.0,12,12,0,0,12,12,22039,0,0,0,0,0
2020-06-02,US,Tennessee,Sequatchie,19,0,0,35.36979721,-85.41022136,47153.0,126.44749101557301,0.0,19,15,0,0,15,15,14876,4,0,0,4,0
2020-06-02,US,Tennessee,Sevier,90,2,0,35.78077323,-83.52244332,47155.0,91.6030534351145,2.2222222222222223,88,81,2,0,79,81,97892,9,0,0,9,0
2020-06-02,US,Tennessee,Shelby,5313,117,0,35.1864775,-89.89692423,47157.0,566.9219754024367,2.20214568040655,5196,4943,111,0,4832,4943,935764,370,6,0,364,0
2020-06-02,US,Tennessee,Smith,36,1,0,36.25359775,-85.95411046,47159.0,178.59800565560352,2.7777777777777777,35,34,1,0,33,34,19942,2,0,0,2,0
2020-06-02,US,Tennessee,Stewart,13,0,0,36.50235092,-87.83920548,47161.0,94.7867298578199,0.0,13,11,0,0,11,11,13561,2,0,0,2,0
2020-06-02,US,Tennessee,Sullivan,60,2,0,36.51240691,-82.30412917,47163.0,37.891226917927604,3.333333333333333,58,60,2,0,58,60,157668,0,0,0,0,0
2020-06-02,US,Tennessee,Sumner,913,45,0,36.46824103,-86.45917204,47165.0,477.30326270499734,4.928806133625411,868,881,45,0,836,881,187149,32,0,0,32,0
2020-06-02,US,Tennessee,Tipton,455,3,0,35.501942,-89.73694895,47167.0,738.6483546810824,0.6593406593406593,452,442,3,0,439,442,61581,13,0,0,13,0
2020-06-02,US,Tennessee,Trousdale,1396,4,0,36.39026213,-86.16087954,47169.0,12371.49946827366,0.28653295128939826,1392,1392,4,0,1388,1392,11012,4,0,0,4,0
2020-06-02,US,Tennessee,Unassigned,161,0,0,0.0,0.0,90047.0,0.0,0.0,161,92,0,0,92,92,,69,0,0,69,0
2020-06-02,US,Tennessee,Unicoi,49,0,0,36.10890856,-82.43709629,47171.0,274.00324330369625,0.0,49,4,0,0,4,4,17761,45,0,0,45,0
2020-06-02,US,Tennessee,Union,5,0,0,36.28590426,-83.83651902,47173.0,25.03504906869617,0.0,5,4,0,0,4,4,19688,1,0,0,1,0
2020-06-02,US,Tennessee,Van Buren,4,0,0,35.69864497,-85.45221699,47175.0,68.11989100817439,0.0,4,4,0,0,4,4,5765,0,0,0,0,0
2020-06-02,US,Tennessee,Warren,26,0,0,35.672829899999996,-85.77969117,47177.0,62.98907381834921,0.0,26,23,0,0,23,23,40878,3,0,0,3,0
2020-06-02,US,Tennessee,Washington,75,0,0,36.29472368,-82.49454720000001,47179.0,57.97101449275362,0.0,75,75,0,0,75,75,128607,0,0,0,0,0
2020-06-02,US,Tennessee,Wayne,64,0,0,35.23868267,-87.78644456,47181.0,383.85413542853723,0.0,64,64,0,0,64,64,16558,0,0,0,0,0
2020-06-02,US,Tennessee,Weakley,26,0,0,36.29896232,-88.71990865,47183.0,78.01248199711955,0.0,26,26,0,0,26,26,33415,0,0,0,0,0
2020-06-02,US,Tennessee,White,34,0,0,35.92929884,-85.45591799,47185.0,124.3371731577985,0.0,34,33,0,0,33,33,27107,1,0,0,1,0
2020-06-02,US,Tennessee,Williamson,567,11,0,35.89099229,-86.89281867,47187.0,237.82359948324745,1.9400352733686064,556,552,10,0,542,552,231729,15,1,0,14,0
2020-06-02,US,Tennessee,Wilson,430,8,0,36.15496772,-86.29775884,47189.0,297.25488569512714,1.8604651162790695,422,407,8,0,399,407,140625,23,0,0,23,0
2020-06-02,US,Texas,Anderson,76,0,0,31.81534745,-95.65354823,48001.0,131.63592275049794,0.0,76,72,0,0,72,72,58057,4,0,0,4,0
2020-06-02,US,Texas,Andrews,27,0,0,32.30468633,-102.63765479999999,48003.0,144.34643143544506,0.0,27,27,0,0,27,27,18128,0,0,0,0,0
2020-06-02,US,Texas,Angelina,215,5,0,31.25457347,-94.60901487,48005.0,247.93864959926196,2.3255813953488373,210,205,4,0,201,205,87092,10,1,0,9,0
2020-06-02,US,Texas,Aransas,5,0,0,28.10556197,-96.9995047,48007.0,21.267545725223307,0.0,5,5,0,0,5,5,23792,0,0,0,0,0
2020-06-02,US,Texas,Archer,1,0,0,33.61569967,-98.68754589,48009.0,11.691804045364199,0.0,1,1,0,0,1,1,8786,0,0,0,0,0
2020-06-02,US,Texas,Armstrong,3,0,0,34.96507426,-101.35748740000001,48011.0,158.9825119236884,0.0,3,3,0,0,3,3,1892,0,0,0,0,0
2020-06-02,US,Texas,Atascosa,37,2,0,28.89333001,-98.52730485,48013.0,72.33202353723145,5.405405405405406,35,37,2,0,35,37,50310,0,0,0,0,0
2020-06-02,US,Texas,Austin,27,0,0,29.88548725,-96.27736949,48015.0,89.90410229088972,0.0,27,27,0,0,27,26,29989,0,0,0,0,1
2020-06-02,US,Texas,Bailey,17,0,0,34.06854817,-102.8299707,48017.0,242.85714285714286,0.0,17,17,0,0,17,17,7027,0,0,0,0,0
2020-06-02,US,Texas,Bandera,6,0,0,29.74619598,-99.24598147,48019.0,25.960539979231573,0.0,6,6,0,0,6,6,22824,0,0,0,0,0
2020-06-02,US,Texas,Bastrop,220,3,0,30.10370699,-97.31206354,48021.0,247.96276050178642,1.3636363636363635,217,212,3,0,209,211,86976,8,0,0,8,1
2020-06-02,US,Texas,Bee,10,0,0,28.41761668,-97.74215593,48025.0,30.707815138952867,0.0,10,9,0,0,9,9,32587,1,0,0,1,0
2020-06-02,US,Texas,Bell,391,4,0,31.03736027,-97.4785025,48027.0,107.73605493161102,1.0230179028132993,387,378,4,0,374,362,355642,13,0,0,13,16
2020-06-02,US,Texas,Bexar,2839,75,0,29.44928723,-98.52019748,48029.0,141.69820229452262,2.6417752729834447,2764,2830,74,0,2756,2825,1986049,9,1,0,8,5
2020-06-02,US,Texas,Blanco,11,1,0,30.26640707,-98.3999852,48031.0,92.19679825664237,9.090909090909092,10,11,1,0,10,11,11702,0,0,0,0,0
2020-06-02,US,Texas,Bosque,7,0,0,31.89978581,-97.63613524,48035.0,37.46320578003746,0.0,7,7,0,0,7,7,18691,0,0,0,0,0
2020-06-02,US,Texas,Bowie,270,6,0,33.44626922,-94.41834132,48037.0,289.5597619175291,2.2222222222222223,264,267,6,0,261,265,94324,3,0,0,3,2
2020-06-02,US,Texas,Brazoria,929,12,0,29.18757369,-95.44563172,48039.0,248.22050744928714,1.2917115177610334,917,917,12,0,905,907,370200,12,0,0,12,10
2020-06-02,US,Texas,Brazos,487,19,0,30.663644800000004,-96.30205577,48041.0,212.4679880110466,3.901437371663244,468,483,19,0,464,477,226758,4,0,0,4,6
2020-06-02,US,Texas,Brewster,1,0,0,29.81008251,-103.25203259999999,48043.0,10.866021949364338,0.0,1,1,0,0,1,1,9267,0,0,0,0,0
2020-06-02,US,Texas,Briscoe,1,0,0,34.53026962,-101.2084947,48045.0,64.68305304010349,0.0,1,1,0,0,1,1,1516,0,0,0,0,0
2020-06-02,US,Texas,Brooks,1,0,0,27.03103197,-98.21808402,48047.0,14.098406880022555,0.0,1,1,0,0,1,1,7114,0,0,0,0,0
2020-06-02,US,Texas,Brown,59,10,0,31.77430356,-98.99907113,48049.0,155.8208324529896,16.949152542372882,49,58,9,0,49,58,37924,1,1,0,0,0
2020-06-02,US,Texas,Burleson,25,0,0,30.49273808,-96.62158484,48051.0,135.5527842541886,0.0,25,25,0,0,25,24,18389,0,0,0,0,1
2020-06-02,US,Texas,Burnet,39,0,0,30.78801353,-98.181887,48053.0,80.98847471705949,0.0,39,38,0,0,38,37,47542,1,0,0,1,1
2020-06-02,US,Texas,Caldwell,67,0,0,29.83668859,-97.61814775,48055.0,153.44448515939902,0.0,67,66,0,0,66,65,43247,1,0,0,1,1
2020-06-02,US,Texas,Calhoun,37,3,0,28.47048236,-96.61633945,48057.0,173.79051197745417,8.108108108108109,34,37,3,0,34,37,21561,0,0,0,0,0
2020-06-02,US,Texas,Callahan,9,1,0,32.29760619,-99.37326312,48059.0,64.54851897009253,11.111111111111109,8,9,1,0,8,9,13994,0,0,0,0,0
2020-06-02,US,Texas,Cameron,776,36,0,26.14524221,-97.48140372,48061.0,183.38087214619426,4.639175257731959,740,764,36,0,728,764,423908,12,0,0,12,0
2020-06-02,US,Texas,Camp,84,0,0,32.97195142,-94.97790104,48063.0,641.5151978005192,0.0,84,84,0,0,84,83,13033,0,0,0,0,1
2020-06-02,US,Texas,Carson,6,0,0,35.40365929,-101.35426690000001,48065.0,101.24873439082012,0.0,6,6,0,0,6,6,6005,0,0,0,0,0
2020-06-02,US,Texas,Cass,30,0,0,33.07499881,-94.34646905,48067.0,99.9134083794045,0.0,30,29,0,0,29,29,30119,1,0,0,1,0
2020-06-02,US,Texas,Castro,33,1,0,34.53016752,-102.2617243,48069.0,438.24701195219126,3.0303030303030303,32,33,1,0,32,33,7665,0,0,0,0,0
2020-06-02,US,Texas,Chambers,68,0,0,29.70972016,-94.67154501,48071.0,155.12010402171686,0.0,68,68,0,0,68,68,42454,0,0,0,0,0
2020-06-02,US,Texas,Cherokee,46,2,0,31.837258000000002,-95.16559897,48073.0,87.37605895984501,4.3478260869565215,44,44,2,0,42,44,52592,2,0,0,2,0
2020-06-02,US,Texas,Childress,2,0,0,34.529304100000004,-100.2077916,48075.0,27.37476047084588,0.0,2,2,0,0,2,2,7291,0,0,0,0,0
2020-06-02,US,Texas,Clay,4,0,0,33.78686685,-98.20771198,48077.0,38.20074491452584,0.0,4,3,0,0,3,3,10456,1,0,0,1,0
2020-06-02,US,Texas,Cochran,1,0,0,33.60425307,-102.82844990000001,48079.0,35.05082369435681,0.0,1,1,0,0,1,1,2836,0,0,0,0,0
2020-06-02,US,Texas,Coke,1,0,0,31.88911733,-100.5297533,48081.0,29.524653085326253,0.0,1,1,0,0,1,1,3370,0,0,0,0,0
2020-06-02,US,Texas,Coleman,3,0,0,31.76736834,-99.45240766,48083.0,36.697247706422026,0.0,3,3,0,0,3,3,8397,0,0,0,0,0
2020-06-02,US,Texas,Collin,1312,34,0,33.18820114,-96.57264368,48085.0,126.79636233606834,2.591463414634146,1278,1312,34,0,1278,1297,1005146,0,0,0,0,15
2020-06-02,US,Texas,Collingsworth,5,0,0,34.96489496,-100.27001109999999,48087.0,171.23287671232876,0.0,5,5,0,0,5,5,2962,0,0,0,0,0
2020-06-02,US,Texas,Colorado,23,0,0,29.622097999999998,-96.5273805,48089.0,107.01158516726377,0.0,23,22,0,0,22,22,21217,1,0,0,1,0
2020-06-02,US,Texas,Comal,100,7,0,29.80811278,-98.27647225,48091.0,64.01679800779725,7.0,93,99,7,0,92,94,148373,1,0,0,1,5
2020-06-02,US,Texas,Comanche,12,1,0,31.94854689,-98.55876441,48093.0,88.008800880088,8.333333333333334,11,12,1,0,11,12,13534,0,0,0,0,0
2020-06-02,US,Texas,Concho,1,0,0,31.32635934,-99.86473038,48095.0,36.683785766691116,0.0,1,1,0,0,1,1,4276,0,0,0,0,0
2020-06-02,US,Texas,Cooke,16,0,0,33.63979567,-97.21240912,48097.0,38.78129771917493,0.0,16,14,0,0,14,14,40574,2,0,0,2,0
2020-06-02,US,Texas,Coryell,285,2,0,31.39078397,-97.79936155,48099.0,375.24193229845565,0.7017543859649122,283,282,2,0,280,281,74808,3,0,0,3,1
2020-06-02,US,Texas,Cottle,4,1,0,34.07783319,-100.27850620000001,48101.0,286.12303290414883,25.0,3,4,1,0,3,4,1389,0,0,0,0,0
2020-06-02,US,Texas,Crane,25,5,0,31.43052248,-102.5143314,48103.0,521.1590577444236,20.0,20,23,2,0,21,23,4794,2,3,0,-1,0
2020-06-02,US,Texas,Crosby,4,1,0,33.61431553,-101.30003640000001,48107.0,69.72285166463307,25.0,3,4,1,0,3,4,5779,0,0,0,0,0
2020-06-02,US,Texas,Dallam,26,1,0,36.27787176,-102.60207249999999,48111.0,356.7997804309044,3.8461538461538463,25,25,1,0,24,25,7200,1,0,0,1,0
2020-06-02,US,Texas,Dallas,10719,245,0,32.76670599,-96.77796049999999,48113.0,406.71352403096773,2.2856609758372985,10474,10462,229,0,10233,10234,2637772,257,16,0,241,228
2020-06-02,US,Texas,Dawson,42,1,0,32.74255572,-101.94772420000001,48115.0,329.9811439346323,2.380952380952381,41,42,1,0,41,42,12619,0,0,0,0,0
2020-06-02,US,Texas,DeWitt,17,1,0,29.08101855,-97.35681170000001,48123.0,84.32539682539681,5.882352941176472,16,17,1,0,16,17,20187,0,0,0,0,0
2020-06-02,US,Texas,Deaf Smith,166,13,0,34.96522957,-102.6054267,48117.0,895.0717135770517,7.831325301204818,153,164,13,0,151,164,18760,2,0,0,2,0
2020-06-02,US,Texas,Delta,1,0,0,33.38570922,-95.66921122,48119.0,18.758206715438003,0.0,1,1,0,0,1,1,5349,0,0,0,0,0
2020-06-02,US,Texas,Denton,1398,32,0,33.20521901,-97.11691153,48121.0,157.57314809283517,2.2889842632331905,1366,1373,31,0,1342,1357,859064,25,1,0,24,16
2020-06-02,US,Texas,Dickens,1,0,0,33.61616822,-100.7788855,48125.0,45.22840343735866,0.0,1,1,0,0,1,1,2249,0,0,0,0,0
2020-06-02,US,Texas,Dimmit,1,0,0,28.42270064,-99.75645095,48127.0,9.877518767285656,0.0,1,1,0,0,1,1,10308,0,0,0,0,0
2020-06-02,US,Texas,Donley,26,0,0,34.96517499,-100.8140093,48129.0,793.1665649786455,0.0,26,26,0,0,26,26,3319,0,0,0,0,0
2020-06-02,US,Texas,Duval,5,0,0,27.68184592,-98.50864568,48131.0,44.81491440351349,0.0,5,5,0,0,5,5,11212,0,0,0,0,0
2020-06-02,US,Texas,Eastland,6,0,0,32.32743996,-98.83243566,48133.0,32.6797385620915,0.0,6,6,0,0,6,6,18322,0,0,0,0,0
2020-06-02,US,Texas,Ector,161,5,0,31.86898877,-102.54294279999999,48135.0,96.85783555825607,3.1055900621118013,156,154,5,0,149,154,162124,7,0,0,7,0
2020-06-02,US,Texas,El Paso,2833,83,0,31.76980765,-106.23632749999999,48141.0,337.5681272773635,2.9297564419343454,2750,2794,80,0,2714,2764,840758,39,3,0,36,30
2020-06-02,US,Texas,Ellis,335,15,0,32.34894117,-96.79371841,48139.0,181.25155551708093,4.477611940298506,320,335,14,0,321,335,179436,0,1,0,-1,0
2020-06-02,US,Texas,Erath,17,1,0,32.23602653,-98.21773417,48143.0,39.81451121832404,5.882352941176472,16,17,1,0,16,17,42446,0,0,0,0,0
2020-06-02,US,Texas,Falls,9,0,0,31.25350609,-96.93630086,48145.0,52.032144302480205,0.0,9,7,0,0,7,7,17335,2,0,0,2,0
2020-06-02,US,Texas,Fannin,40,2,0,33.59564294,-96.10751083,48147.0,112.63163822717802,5.0,38,41,2,0,39,41,35286,-1,0,0,-1,0
2020-06-02,US,Texas,Fayette,34,2,0,29.87788372,-96.92076062,48149.0,134.14345458849522,5.882352941176472,32,34,2,0,32,34,25349,0,0,0,0,0
2020-06-02,US,Texas,Fisher,2,1,0,32.74281316,-100.40193020000001,48151.0,52.219321148825074,50.0,1,2,1,0,1,2,3839,0,0,0,0,0
2020-06-02,US,Texas,Floyd,11,0,0,34.07227468,-101.3031546,48153.0,192.57703081232486,0.0,11,11,0,0,11,11,5837,0,0,0,0,0
2020-06-02,US,Texas,Fort Bend,1881,44,0,29.52704478,-95.77219463,48157.0,231.73928898788697,2.3391812865497075,1837,1881,44,0,1837,1861,787858,0,0,0,0,20
2020-06-02,US,Texas,Franklin,16,0,0,33.17653242,-95.21917243,48159.0,149.1841491841492,0.0,16,16,0,0,16,15,10766,0,0,0,0,1
2020-06-02,US,Texas,Freestone,10,0,0,31.70422788,-96.15072516,48161.0,50.717654815641325,0.0,10,10,0,0,10,10,19808,0,0,0,0,0
2020-06-02,US,Texas,Frio,37,0,0,28.86751206,-99.10804207,48163.0,182.21215404313995,0.0,37,37,0,0,37,37,19816,0,0,0,0,0
2020-06-02,US,Texas,Gaines,7,0,0,32.74055318,-102.6353295,48165.0,32.570258700911964,0.0,7,7,0,0,7,7,20901,0,0,0,0,0
2020-06-02,US,Texas,Galveston,847,37,0,29.40167322,-94.90469073,48167.0,247.56020214006588,4.368358913813459,810,817,37,0,780,807,337890,30,0,0,30,10
2020-06-02,US,Texas,Garza,5,0,0,33.17969345,-101.2984114,48169.0,80.26970621287526,0.0,5,5,0,0,5,5,6578,0,0,0,0,0
2020-06-02,US,Texas,Gillespie,5,0,0,30.31824095,-98.94676915,48171.0,18.526752630798875,0.0,5,5,0,0,5,5,26804,0,0,0,0,0
2020-06-02,US,Texas,Glasscock,1,0,0,31.86942909,-101.5207776,48173.0,70.97232079489001,0.0,1,1,0,0,1,1,1388,0,0,0,0,0
2020-06-02,US,Texas,Goliad,7,0,0,28.65696592,-97.42760647,48175.0,91.40767824497256,0.0,7,7,0,0,7,7,7584,0,0,0,0,0
2020-06-02,US,Texas,Gonzales,132,2,0,29.45634206,-97.49424032,48177.0,633.4885060229401,1.5151515151515151,130,129,2,0,127,129,20826,3,0,0,3,0
2020-06-02,US,Texas,Gray,100,2,0,35.40081878,-100.8129222,48179.0,456.9130951293064,2.0,98,98,2,0,96,98,21895,2,0,0,2,0
2020-06-02,US,Texas,Grayson,342,2,0,33.62744998,-96.67753461,48181.0,251.0792000704784,0.5847953216374269,340,338,2,0,336,333,133991,4,0,0,4,5
2020-06-02,US,Texas,Gregg,236,6,0,32.47940482,-94.81591935,48183.0,190.4070353785953,2.5423728813559316,230,213,6,0,207,213,123707,23,0,0,23,0
2020-06-02,US,Texas,Grimes,218,1,0,30.54579585,-95.98902499,48185.0,754.8476454293628,0.4587155963302753,217,217,1,0,216,215,28360,1,0,0,1,2
2020-06-02,US,Texas,Guadalupe,133,0,0,29.58165339,-97.94786822,48187.0,79.71374972279995,0.0,133,133,0,0,133,133,163694,0,0,0,0,0
2020-06-02,US,Texas,Hale,58,4,0,34.07044901,-101.82681140000001,48189.0,173.6215051188409,6.896551724137932,54,58,4,0,54,58,33830,0,0,0,0,0
2020-06-02,US,Texas,Hall,2,0,0,34.5307555,-100.68138520000001,48191.0,67.47638326585695,0.0,2,2,0,0,2,2,3028,0,0,0,0,0
2020-06-02,US,Texas,Hamilton,8,1,0,31.70470573,-98.11083887,48193.0,94.55147145727457,12.5,7,8,1,0,7,8,8484,0,0,0,0,0
2020-06-02,US,Texas,Hansford,19,2,0,36.27743284,-101.3545796,48195.0,351.9170216706798,10.526315789473683,17,19,2,0,17,19,5463,0,0,0,0,0
2020-06-02,US,Texas,Hardeman,1,0,0,34.28944521,-99.74632408,48197.0,25.425883549453346,0.0,1,1,0,0,1,1,3922,0,0,0,0,0
2020-06-02,US,Texas,Hardin,138,5,0,30.33364686,-94.38931817,48199.0,239.57501475643207,3.6231884057971016,133,138,5,0,133,138,57207,0,0,0,0,0
2020-06-02,US,Texas,Harris,13027,236,0,29.86,-95.39,48201.0,276.3866272748007,1.8116220158133107,12791,12664,235,0,12429,12276,4698619,363,1,0,362,388
2020-06-02,US,Texas,Harrison,247,25,0,32.54935988,-94.36934071,48203.0,371.1327813922737,10.121457489878543,222,245,25,0,220,245,66726,2,0,0,2,0
2020-06-02,US,Texas,Hartley,12,2,0,35.84008013,-102.6029022,48205.0,215.20803443328552,16.666666666666668,10,12,2,0,10,11,5619,0,0,0,0,1
2020-06-02,US,Texas,Haskell,3,0,0,33.17823584,-99.73037358,48207.0,53.022269353128316,0.0,3,3,0,0,3,3,5813,0,0,0,0,0
2020-06-02,US,Texas,Hays,353,4,0,30.05669873,-98.02944344,48209.0,153.35091293751708,1.13314447592068,349,329,4,0,325,329,222631,24,0,0,24,0
2020-06-02,US,Texas,Hemphill,1,0,0,35.83764858,-100.2703577,48211.0,26.18486514794449,0.0,1,1,0,0,1,1,3825,0,0,0,0,0
2020-06-02,US,Texas,Henderson,59,2,0,32.21128872,-95.85846587,48213.0,71.31029648162249,3.3898305084745757,57,57,2,0,55,57,82299,2,0,0,2,0
2020-06-02,US,Texas,Hidalgo,584,11,0,26.39418217,-98.18299696,48215.0,67.22634904519015,1.8835616438356164,573,575,10,0,565,560,865939,9,1,0,8,15
2020-06-02,US,Texas,Hill,24,1,0,31.99045053,-97.13423143,48217.0,65.48609784714452,4.166666666666667,23,24,1,0,23,24,36354,0,0,0,0,0
2020-06-02,US,Texas,Hockley,27,1,0,33.60771256,-102.3431676,48219.0,117.28421875678728,3.703703703703704,26,27,1,0,26,27,22980,0,0,0,0,0
2020-06-02,US,Texas,Hood,27,3,0,32.42990927,-97.83242024,48221.0,43.800593741381824,11.111111111111109,24,27,3,0,24,27,60537,0,0,0,0,0
2020-06-02,US,Texas,Hopkins,26,0,0,33.14875072,-95.56351139,48223.0,70.11109912630783,0.0,26,26,0,0,26,26,36810,0,0,0,0,0
2020-06-02,US,Texas,Houston,114,0,0,31.31925973,-95.42226208,48225.0,496.342737722048,0.0,114,114,0,0,114,114,23169,0,0,0,0,0
2020-06-02,US,Texas,Howard,9,1,0,32.30621324,-101.4356444,48227.0,24.547239799258126,11.111111111111109,8,8,1,0,7,8,36459,1,0,0,1,0
2020-06-02,US,Texas,Hudspeth,2,0,0,31.45628381,-105.388178,48229.0,40.93327875562833,0.0,2,2,0,0,2,2,4795,0,0,0,0,0
2020-06-02,US,Texas,Hunt,89,4,0,33.12351514,-96.08551032,48231.0,90.26918473740795,4.49438202247191,85,88,4,0,84,88,96493,1,0,0,1,0
2020-06-02,US,Texas,Hutchinson,42,0,0,35.84006574,-101.3546643,48233.0,200.59222466329163,0.0,42,36,0,0,36,36,21198,6,0,0,6,0
2020-06-02,US,Texas,Irion,1,0,0,31.30375559,-100.982439,48235.0,65.10416666666667,0.0,1,,,,,,1522,,,,,
2020-06-02,US,Texas,Jack,4,0,0,33.23377248,-98.17283469,48237.0,44.76776720761052,0.0,4,4,0,0,4,4,8843,0,0,0,0,0
2020-06-02,US,Texas,Jackson,19,1,0,28.95472367,-96.57749563,48239.0,128.72628726287263,5.2631578947368425,18,18,1,0,17,18,14874,1,0,0,1,0
2020-06-02,US,Texas,Jasper,29,1,0,30.74685667,-94.02667579,48241.0,81.62346252357229,3.4482758620689653,28,29,1,0,28,29,35872,0,0,0,0,0
2020-06-02,US,Texas,Jefferson,562,28,0,29.8832777,-94.16434171,48245.0,223.40150656887886,4.98220640569395,534,550,28,0,522,544,255001,12,0,0,12,6
2020-06-02,US,Texas,Jim Hogg,4,0,0,27.04453923,-98.69681870000001,48247.0,76.92307692307692,0.0,4,4,0,0,4,4,5248,0,0,0,0,0
2020-06-02,US,Texas,Jim Wells,9,0,0,27.73103938,-98.0904705,48249.0,22.232103156958647,0.0,9,9,0,0,9,9,40822,0,0,0,0,0
2020-06-02,US,Texas,Johnson,176,4,0,32.37877812,-97.36615819,48251.0,100.1040854979894,2.272727272727273,172,175,4,0,171,175,171361,1,0,0,1,0
2020-06-02,US,Texas,Jones,606,0,0,32.73997145,-99.87861576,48253.0,3017.4774685057014,0.0,606,401,0,0,401,401,19817,205,0,0,205,0
2020-06-02,US,Texas,Karnes,4,0,0,28.90705334,-97.85960149,48255.0,25.63938209089161,0.0,4,4,0,0,4,4,15650,0,0,0,0,0
2020-06-02,US,Texas,Kaufman,227,2,0,32.599141700000004,-96.28734728,48257.0,166.72297545426503,0.8810572687224669,225,223,2,0,221,223,128622,4,0,0,4,0
2020-06-02,US,Texas,Kendall,30,0,0,29.94414155,-98.7113588,48259.0,63.24977335497882,0.0,30,29,0,0,29,29,45641,1,0,0,1,0
2020-06-02,US,Texas,Kerr,20,0,0,30.06040006,-99.34930144,48265.0,38.02281368821293,0.0,20,19,0,0,19,19,52405,1,0,0,1,0
2020-06-02,US,Texas,Kimble,1,0,0,30.48678918,-99.74856473,48267.0,23.057412958266077,0.0,1,1,0,0,1,1,4362,0,0,0,0,0
2020-06-02,US,Texas,Kinney,1,0,0,29.34967888,-100.41866379999999,48271.0,27.27024815925825,0.0,1,1,0,0,1,1,3767,0,0,0,0,0
2020-06-02,US,Texas,Kleberg,17,1,0,27.42435506,-97.69894948,48273.0,55.41069100391135,5.882352941176472,16,16,1,0,15,16,31129,1,0,0,1,0
2020-06-02,US,Texas,Knox,1,0,0,33.60519951,-99.74229059999999,48275.0,27.29257641921397,0.0,1,1,0,0,1,1,3653,0,0,0,0,0
2020-06-02,US,Texas,La Salle,4,0,0,28.34453111,-99.09908775,48283.0,53.19148936170214,0.0,4,4,0,0,4,4,7531,0,0,0,0,0
2020-06-02,US,Texas,Lamar,145,11,0,33.66981763,-95.57404777,48277.0,290.8201127178644,7.586206896551723,134,145,11,0,134,145,49728,0,0,0,0,0
2020-06-02,US,Texas,Lamb,16,0,0,34.06859623,-102.35162890000001,48279.0,124.09834794074304,0.0,16,16,0,0,16,16,13158,0,0,0,0,0
2020-06-02,US,Texas,Lampasas,9,0,0,31.19531316,-98.24206613,48281.0,42.001120029867465,0.0,9,9,0,0,9,9,21229,0,0,0,0,0
2020-06-02,US,Texas,Lavaca,13,1,0,29.38508402,-96.93186692,48285.0,64.5033244021038,7.6923076923076925,12,12,1,0,11,12,20110,1,0,0,1,0
2020-06-02,US,Texas,Lee,24,1,0,30.31120597,-96.97045773,48287.0,139.21921225129068,4.166666666666667,23,24,1,0,23,24,17144,0,0,0,0,0
2020-06-02,US,Texas,Leon,10,0,0,31.29872538,-95.9936328,48289.0,57.45805561939784,0.0,10,10,0,0,10,10,17270,0,0,0,0,0
2020-06-02,US,Texas,Liberty,95,3,0,30.15152688,-94.81205615,48291.0,107.686552783414,3.1578947368421053,92,95,3,0,92,95,86323,0,0,0,0,0
2020-06-02,US,Texas,Limestone,26,1,0,31.5454767,-96.58095444,48293.0,110.93569996159918,3.8461538461538463,25,24,1,0,23,24,23519,2,0,0,2,0
2020-06-02,US,Texas,Lipscomb,2,0,0,36.27783108,-100.27331509999999,48295.0,61.86204763377668,0.0,2,2,0,0,2,2,3355,0,0,0,0,0
2020-06-02,US,Texas,Live Oak,9,0,0,28.35101362,-98.1246786,48297.0,73.72818874416319,0.0,9,9,0,0,9,9,12166,0,0,0,0,0
2020-06-02,US,Texas,Llano,3,0,0,30.70645047,-98.68475262,48299.0,13.764624913971096,0.0,3,3,0,0,3,3,21646,0,0,0,0,0
2020-06-02,US,Texas,Lubbock,704,50,0,33.61008596,-101.82047890000001,48303.0,226.68070541489976,7.102272727272728,654,692,50,0,642,691,307412,12,0,0,12,1
2020-06-02,US,Texas,Lynn,7,1,0,33.17657705,-101.8162849,48305.0,117.62728953117123,14.285714285714285,6,7,1,0,6,7,5877,0,0,0,0,0
2020-06-02,US,Texas,Madison,8,0,0,30.96694679,-95.93003775,48313.0,56.00672080649678,0.0,8,8,0,0,8,8,14422,0,0,0,0,0
2020-06-02,US,Texas,Marion,16,1,0,32.79868409,-94.35661230000001,48315.0,162.3706109194236,6.25,15,16,1,0,15,16,9928,0,0,0,0,0
2020-06-02,US,Texas,Martin,3,1,0,32.30600051,-101.9513518,48317.0,51.984058222145215,33.333333333333336,2,3,1,0,2,3,5753,0,0,0,0,0
2020-06-02,US,Texas,Mason,32,0,0,30.71780434,-99.22629416,48319.0,748.7131492746843,0.0,32,32,0,0,32,32,4280,0,0,0,0,0
2020-06-02,US,Texas,Matagorda,70,5,0,28.81955746,-96.01230294,48321.0,191.03239363589225,7.142857142857142,65,70,5,0,65,70,36552,0,0,0,0,0
2020-06-02,US,Texas,Maverick,120,1,0,28.7429195,-100.3157686,48323.0,204.3527127822622,0.8333333333333334,119,116,1,0,115,116,58485,4,0,0,4,0
2020-06-02,US,Texas,McCulloch,3,0,0,31.1925468,-99.34682807,48307.0,37.5751503006012,0.0,3,3,0,0,3,3,7987,0,0,0,0,0
2020-06-02,US,Texas,McLennan,120,4,0,31.55255453,-97.20217694,48309.0,46.76120223050935,3.333333333333333,116,118,4,0,114,118,254607,2,0,0,2,0
2020-06-02,US,Texas,Medina,73,2,0,29.355730100000002,-99.11030298,48325.0,141.5167493796526,2.7397260273972597,71,73,2,0,71,73,50921,0,0,0,0,0
2020-06-02,US,Texas,Midland,132,12,0,31.86904128,-102.03156820000001,48329.0,74.64712269272529,9.090909090909092,120,129,12,0,117,129,172578,3,0,0,3,0
2020-06-02,US,Texas,Milam,29,1,0,30.78581830000001,-96.97718698,48331.0,116.8271361237562,3.4482758620689653,28,28,1,0,27,28,25131,1,0,0,1,0
2020-06-02,US,Texas,Mills,1,0,0,31.49557106,-98.59272068,48333.0,20.521239482864765,0.0,1,1,0,0,1,1,4921,0,0,0,0,0
2020-06-02,US,Texas,Mitchell,1,0,0,32.30623474,-100.9212058,48335.0,11.702750146284375,0.0,1,1,0,0,1,1,8145,0,0,0,0,0
2020-06-02,US,Texas,Montague,9,1,0,33.67521893,-97.72500958,48337.0,45.41326067211626,11.111111111111109,8,9,1,0,8,9,19596,0,0,0,0,0
2020-06-02,US,Texas,Montgomery,1010,26,0,30.30079133,-95.50572772,48339.0,166.28497952719093,2.5742574257425743,984,966,26,0,940,954,590925,44,0,0,44,12
2020-06-02,US,Texas,Moore,838,13,0,35.83769242,-101.8930281,48341.0,4001.910219675263,1.5513126491646778,825,689,13,0,676,686,21485,149,0,0,149,3
2020-06-02,US,Texas,Morris,26,0,0,33.11304005,-94.73255695,48343.0,209.8805295447207,0.0,26,26,0,0,26,26,12339,0,0,0,0,0
2020-06-02,US,Texas,Motley,1,0,0,34.07408766,-100.77972199999999,48345.0,83.33333333333333,0.0,1,1,0,0,1,1,1234,0,0,0,0,0
2020-06-02,US,Texas,Nacogdoches,290,21,0,31.62017125,-94.61803994,48347.0,444.75799030734316,7.241379310344827,269,288,21,0,267,287,65711,2,0,0,2,1
2020-06-02,US,Texas,Navarro,57,2,0,32.04620681,-96.47428766,48349.0,113.7429409534452,3.5087719298245608,55,56,2,0,54,56,49565,1,0,0,1,0
2020-06-02,US,Texas,Newton,5,0,0,30.78548982,-93.74408813,48351.0,36.778227289444644,0.0,5,5,0,0,5,5,13746,0,0,0,0,0
2020-06-02,US,Texas,Nolan,2,0,0,32.30365282,-100.4060208,48353.0,13.592496941688188,0.0,2,4,0,0,4,4,14751,-2,0,0,-2,0
2020-06-02,US,Texas,Nueces,275,3,0,27.736286,-97.5433285,48355.0,75.90520406079041,1.0909090909090908,272,275,3,0,272,274,362265,0,0,0,0,1
2020-06-02,US,Texas,Ochiltree,49,2,0,36.27829105,-100.8158184,48357.0,498.1699877999186,4.081632653061225,47,49,2,0,47,49,9947,0,0,0,0,0
2020-06-02,US,Texas,Oldham,4,1,0,35.40425596,-102.6027606,48359.0,189.3939393939394,25.0,3,3,1,0,2,3,2131,1,0,0,1,0
2020-06-02,US,Texas,Orange,98,2,0,30.11879481,-93.89412775,48361.0,117.51163125329752,2.0408163265306123,96,98,2,0,96,98,83572,0,0,0,0,0
2020-06-02,US,Texas,Palo Pinto,13,2,0,32.75310985,-98.31319001,48363.0,44.53732570488883,15.384615384615385,11,13,2,0,11,13,28875,0,0,0,0,0
2020-06-02,US,Texas,Panola,199,23,0,32.163959600000005,-94.30552481,48365.0,857.9805122014315,11.557788944723619,176,197,23,0,174,197,23148,2,0,0,2,0
2020-06-02,US,Texas,Parker,79,1,0,32.77757172,-97.80500621,48367.0,55.291927378602715,1.2658227848101269,78,76,1,0,75,76,138371,3,0,0,3,0
2020-06-02,US,Texas,Parmer,59,0,0,34.52993409,-102.78446679999999,48369.0,614.263404476835,0.0,59,59,0,0,59,59,9864,0,0,0,0,0
2020-06-02,US,Texas,Pecos,102,0,0,30.78097267,-102.72412609999999,48371.0,644.631233015231,0.0,102,102,0,0,102,93,15673,0,0,0,0,9
2020-06-02,US,Texas,Polk,60,0,0,30.79472531,-94.82766240000001,48373.0,116.83835413705137,0.0,60,56,0,0,56,56,50031,4,0,0,4,0
2020-06-02,US,Texas,Potter,2354,30,0,35.40133773,-101.893964,48375.0,2004.8545756504707,1.274426508071368,2324,2321,30,0,2291,2321,119648,33,0,0,33,0
2020-06-02,US,Texas,Presidio,1,0,0,29.99954402,-104.24080790000001,48377.0,14.916467780429594,0.0,1,1,0,0,1,1,6948,0,0,0,0,0
2020-06-02,US,Texas,Rains,3,0,0,32.87109387,-95.79232691,48379.0,23.973150071919452,0.0,3,3,0,0,3,3,12159,0,0,0,0,0
2020-06-02,US,Texas,Randall,688,6,0,34.96585996,-101.8971322,48381.0,499.58972646010176,0.8720930232558141,682,674,6,0,668,674,136271,14,0,0,14,0
2020-06-02,US,Texas,Reagan,2,0,0,31.36607041,-101.52326590000001,48383.0,51.96154845414394,0.0,2,2,0,0,2,2,3741,0,0,0,0,0
2020-06-02,US,Texas,Red River,72,8,0,33.61886692,-95.04841765,48387.0,598.8521999500956,11.111111111111109,64,70,8,0,62,70,12175,2,0,0,2,0
2020-06-02,US,Texas,Reeves,7,0,0,31.32323325,-103.69038959999999,48389.0,43.81572358537807,0.0,7,7,0,0,7,7,15695,0,0,0,0,0
2020-06-02,US,Texas,Refugio,3,0,0,28.323897600000002,-97.15766311,48391.0,43.17789291882556,0.0,3,3,0,0,3,3,7032,0,0,0,0,0
2020-06-02,US,Texas,Roberts,2,0,0,35.83809685,-100.813175,48393.0,234.192037470726,0.0,2,2,0,0,2,2,903,0,0,0,0,0
2020-06-02,US,Texas,Robertson,11,0,0,31.02539637,-96.51272246,48395.0,64.42544219280778,0.0,11,9,0,0,9,8,17284,2,0,0,2,1
2020-06-02,US,Texas,Rockwall,171,14,0,32.89779518,-96.40771592,48397.0,162.98908640327883,8.187134502923977,157,167,13,0,154,167,100657,4,1,0,3,0
2020-06-02,US,Texas,Runnels,2,0,0,31.8314342,-99.97616148,48399.0,19.48558067030397,0.0,2,3,0,0,3,3,10234,-1,0,0,-1,0
2020-06-02,US,Texas,Rusk,56,2,0,32.10773545,-94.76176432,48401.0,102.92982391647979,3.571428571428572,54,55,2,0,53,55,54450,1,0,0,1,0
2020-06-02,US,Texas,Sabine,15,0,0,31.34318809,-93.85440451,48403.0,142.2879908935686,0.0,15,15,0,0,15,14,10589,0,0,0,0,1
2020-06-02,US,Texas,San Augustine,44,2,0,31.39457611,-94.17000399,48405.0,534.1750637367974,4.545454545454546,42,38,2,0,36,38,8232,6,0,0,6,0
2020-06-02,US,Texas,San Jacinto,14,0,0,30.57933681,-95.16260304,48407.0,48.51172944315465,0.0,14,14,0,0,14,14,28719,0,0,0,0,0
2020-06-02,US,Texas,San Patricio,36,0,0,28.00880118,-97.51763891,48409.0,53.94874868874569,0.0,36,33,0,0,33,33,66893,3,0,0,3,0
2020-06-02,US,Texas,San Saba,1,0,0,31.1577796,-98.81758731,48411.0,16.515276630883566,0.0,1,1,0,0,1,1,6054,0,0,0,0,0
2020-06-02,US,Texas,Scurry,32,0,0,32.74613808,-100.91626640000001,48415.0,191.58235047596241,0.0,32,24,0,0,24,24,16866,8,0,0,8,0
2020-06-02,US,Texas,Shackelford,1,0,0,32.73587756,-99.35401337,48417.0,30.627871362940283,0.0,1,1,0,0,1,1,3253,0,0,0,0,0
2020-06-02,US,Texas,Shelby,203,6,0,31.79211404,-94.14550696,48419.0,803.1969613041069,2.955665024630542,197,201,6,0,195,201,25418,2,0,0,2,0
2020-06-02,US,Texas,Sherman,27,0,0,36.27751473,-101.8933156,48421.0,893.4480476505626,0.0,27,24,0,0,24,24,3079,3,0,0,3,0
2020-06-02,US,Texas,Smith,210,4,0,32.37474036,-95.27175679999999,48423.0,90.22517626132648,1.9047619047619049,206,204,4,0,200,204,230221,6,0,0,6,0
2020-06-02,US,Texas,Starr,37,0,0,26.56150059,-98.73892358,48427.0,57.24629833057416,0.0,37,34,0,0,34,33,64525,3,0,0,3,1
2020-06-02,US,Texas,Stephens,4,0,0,32.73553157,-98.83631615,48429.0,42.707666026051676,0.0,4,4,0,0,4,4,9433,0,0,0,0,0
2020-06-02,US,Texas,Swisher,17,0,0,34.53028891,-101.73491740000001,48437.0,229.8229011761525,0.0,17,17,0,0,17,17,7462,0,0,0,0,0
2020-06-02,US,Texas,Tarrant,5534,165,0,32.77143818,-97.29101614,48439.0,263.20858590782944,2.9815684857246114,5369,5513,165,0,5348,5463,2084931,21,0,0,21,50
2020-06-02,US,Texas,Taylor,241,5,0,32.30163422,-99.89007449,48441.0,174.59466508251592,2.074688796680498,236,236,5,0,231,235,137640,5,0,0,5,1
2020-06-02,US,Texas,Terry,13,0,0,33.17402785,-102.3354521,48445.0,105.3740779768177,0.0,13,13,0,0,13,13,12287,0,0,0,0,0
2020-06-02,US,Texas,Titus,467,2,0,33.21339719,-94.96797273,48449.0,1425.9541984732825,0.4282655246252677,465,458,2,0,456,451,33033,9,0,0,9,7
2020-06-02,US,Texas,Tom Green,106,1,0,31.40464436,-100.46244300000001,48451.0,88.92617449664431,0.9433962264150944,105,106,1,0,105,100,118189,0,0,0,0,6
2020-06-02,US,Texas,Travis,3360,93,0,30.33432034,-97.78535620000001,48453.0,263.7457867395526,2.7678571428571432,3267,3272,93,0,3179,3232,1248743,88,0,0,88,40
2020-06-02,US,Texas,Trinity,15,0,0,31.0879489,-95.1367187,48455.0,102.38208995972971,0.0,15,15,0,0,15,15,14740,0,0,0,0,0
2020-06-02,US,Texas,Tyler,12,0,0,30.77031716,-94.37690895,48457.0,55.37098560354374,0.0,12,12,0,0,12,12,21696,0,0,0,0,0
2020-06-02,US,Texas,Upshur,27,0,0,32.73706798,-94.93999853,48459.0,64.66601202308816,0.0,27,26,0,0,26,26,41260,1,0,0,1,0
2020-06-02,US,Texas,Uvalde,14,0,0,29.35739637,-99.76229172,48463.0,52.35406304925022,0.0,14,12,0,0,12,12,26846,2,0,0,2,0
2020-06-02,US,Texas,Val Verde,21,0,0,29.89149232,-101.1525205,48465.0,42.83528811830698,0.0,21,20,0,0,20,20,49208,1,0,0,1,0
2020-06-02,US,Texas,Van Zandt,34,1,0,32.56483801,-95.83766469,48467.0,60.081286446368615,2.9411764705882355,33,31,1,0,30,31,56019,3,0,0,3,0
2020-06-02,US,Texas,Victoria,160,7,0,28.79780988,-96.96813006,48469.0,173.7543981582034,4.375,153,160,7,0,153,160,92035,0,0,0,0,0
2020-06-02,US,Texas,Walker,1574,27,0,30.73872995,-95.57440968,48471.0,2157.0212824272658,1.7153748411689962,1547,1456,27,0,1429,1455,72480,118,0,0,118,1
2020-06-02,US,Texas,Waller,63,0,0,30.01058447,-95.99011759,48473.0,114.0354052782102,0.0,63,62,0,0,62,57,53126,1,0,0,1,5
2020-06-02,US,Texas,Ward,1,0,0,31.50999644,-103.09279090000001,48475.0,8.334722453742291,0.0,1,1,0,0,1,1,11720,0,0,0,0,0
2020-06-02,US,Texas,Washington,205,25,0,30.21498498,-96.40946246,48477.0,571.3170949222451,12.19512195121951,180,202,25,0,177,202,35108,3,0,0,3,0
2020-06-02,US,Texas,Webb,551,19,0,27.7610369,-99.33237355,48479.0,199.16718476642131,3.4482758620689653,532,548,19,0,529,546,275910,3,0,0,3,2
2020-06-02,US,Texas,Wharton,64,0,0,29.27765923,-96.22319248,48481.0,154.0090480315719,0.0,64,58,0,0,58,58,41619,6,0,0,6,0
2020-06-02,US,Texas,Wheeler,15,0,0,35.40114335,-100.26995140000001,48483.0,296.67721518987344,0.0,15,15,0,0,15,15,5191,0,0,0,0,0
2020-06-02,US,Texas,Wichita,85,2,0,33.98842886,-98.70410340000001,48485.0,64.28193299553807,2.3529411764705883,83,84,2,0,82,84,132064,1,0,0,1,0
2020-06-02,US,Texas,Wilbarger,7,0,0,34.07945812,-99.24178437,48487.0,54.82026783616571,0.0,7,7,0,0,7,7,12820,0,0,0,0,0
2020-06-02,US,Texas,Willacy,21,2,0,26.47411727,-97.61535848,48489.0,98.32381309111341,9.523809523809524,19,18,1,0,17,16,21515,3,1,0,2,2
2020-06-02,US,Texas,Williamson,636,25,0,30.64655664,-97.60048540000001,48491.0,107.69603302678348,3.930817610062893,611,630,25,0,605,621,566719,6,0,0,6,9
2020-06-02,US,Texas,Wilson,40,5,0,29.1732598,-98.08693082,48493.0,78.32386919913844,12.5,35,38,5,0,33,38,50224,2,0,0,2,0
2020-06-02,US,Texas,Winkler,3,0,0,31.85008651,-103.04851629999999,48495.0,37.453183520599254,0.0,3,3,0,0,3,3,7720,0,0,0,0,0
2020-06-02,US,Texas,Wise,47,3,0,33.21570665,-97.65460265,48497.0,67.15820759030636,6.382978723404255,44,46,3,0,43,46,68305,1,0,0,1,0
2020-06-02,US,Texas,Wood,33,3,0,32.78722382,-95.38236368,48499.0,72.46535936230484,9.090909090909092,30,29,1,0,28,29,45129,4,2,0,2,0
2020-06-02,US,Texas,Yoakum,3,0,0,33.17320212,-102.82764329999999,48501.0,34.43130953747274,0.0,3,3,0,0,3,3,8591,0,0,0,0,0
2020-06-02,US,Texas,Young,4,1,0,33.17659707,-98.68790885,48503.0,22.209883398112158,25.0,3,4,1,0,3,4,18045,0,0,0,0,0
2020-06-02,US,Texas,Zapata,10,0,0,27.00156391,-99.16987152,48505.0,70.52683546089288,0.0,10,9,0,0,9,9,14190,1,0,0,1,0
2020-06-02,US,Texas,Zavala,12,0,0,28.86617238,-99.76050829,48507.0,101.35135135135135,0.0,12,11,0,0,11,11,11983,1,0,0,1,0
2020-06-02,US,Utah,Bear River,267,2,0,41.52106798,-113.08328159999999,0.0,142.9198471239388,0.7490636704119851,265,246,2,0,244,218,,21,0,0,21,28
2020-06-02,US,Utah,Central Utah,38,0,0,39.37231946,-111.5758676,0.0,46.36747443687923,0.0,38,38,0,0,38,38,,0,0,0,0,0
2020-06-02,US,Utah,Davis,476,2,0,40.99001837,-112.1139997,49011.0,133.90307780162652,0.4201680672268908,474,472,2,0,470,465,351713,4,0,0,4,7
2020-06-02,US,Utah,Salt Lake,5449,74,0,40.66616532,-111.92160109999999,49035.0,469.5644830352703,1.3580473481372728,5375,5340,74,0,5266,5242,1152633,109,0,0,109,98
2020-06-02,US,Utah,San Juan,308,5,0,37.62762978,-109.80337140000002,49037.0,2012.0198588973083,1.6233766233766234,303,299,5,0,294,297,15449,9,0,0,9,2
2020-06-02,US,Utah,Southeast Utah,26,0,0,38.99617072,-110.70139579999999,0.0,64.62999328842378,0.0,26,24,0,0,24,24,,2,0,0,2,0
2020-06-02,US,Utah,Southwest Utah,476,4,0,37.85447192,-111.4418764,0.0,188.85741265344663,0.8403361344537815,472,454,4,0,450,440,,22,0,0,22,14
2020-06-02,US,Utah,Summit,417,0,0,40.86688146,-110.9535882,49043.0,989.441214853482,0.0,417,416,0,0,416,415,41933,1,0,0,1,1
2020-06-02,US,Utah,Tooele,132,0,0,40.44862644,-113.12957150000001,49045.0,182.67620642411325,0.0,132,129,0,0,129,128,69907,3,0,0,3,1
2020-06-02,US,Utah,TriCounty,20,0,0,40.12491499,-109.5174415,0.0,35.321959662322065,0.0,20,21,0,0,21,21,,-1,0,0,-1,0
2020-06-02,US,Utah,Utah,1991,17,0,40.116672200000004,-111.66576620000001,49049.0,312.93468608297246,0.8538422903063787,1974,1965,17,0,1948,1929,622213,26,0,0,26,36
2020-06-02,US,Utah,Wasatch,294,2,0,40.33110236,-111.1691419,49051.0,862.3977002727992,0.6802721088435374,292,292,2,0,290,282,33240,2,0,0,2,10
2020-06-02,US,Utah,Weber-Morgan,308,7,0,41.27116049,-111.9145117,0.0,113.09517252521692,2.272727272727273,301,303,7,0,296,298,,5,0,0,5,5
2020-06-02,US,Vermont,Addison,64,2,0,44.03217337,-73.14130877,50001.0,174.02180710770318,3.125,62,64,2,0,62,64,36973,0,0,0,0,0
2020-06-02,US,Vermont,Bennington,64,1,0,43.03519828,-73.09048868,50003.0,180.43416972089094,1.5625,63,63,1,0,62,63,35631,1,0,0,1,0
2020-06-02,US,Vermont,Caledonia,15,0,0,44.46548598,-72.10314651,50005.0,50.01166938952422,0.0,15,15,0,0,15,15,30302,0,0,0,0,0
2020-06-02,US,Vermont,Chittenden,457,39,0,44.46322849,-73.08359212,50007.0,279.0430715498186,8.533916849015316,418,453,39,0,414,451,164572,4,0,0,4,2
2020-06-02,US,Vermont,Essex,3,0,0,44.72736416,-71.73579864,50009.0,48.67759208177836,0.0,3,3,0,0,3,3,6250,0,0,0,0,0
2020-06-02,US,Vermont,Franklin,99,5,0,44.85627605,-72.91249563,50011.0,200.39674507104976,5.05050505050505,94,99,5,0,94,99,49421,0,0,0,0,0
2020-06-02,US,Vermont,Grand Isle,7,0,0,44.797582399999996,-73.29679772,50013.0,96.7519004837595,0.0,7,7,0,0,7,7,7090,0,0,0,0,0
2020-06-02,US,Vermont,Lamoille,29,1,0,44.60353043,-72.64356694,50015.0,114.34429461398943,3.4482758620689653,28,29,1,0,28,29,25300,0,0,0,0,0
2020-06-02,US,Vermont,Orange,9,0,0,44.00470222,-72.37640104,50017.0,31.150491485532328,0.0,9,9,0,0,9,9,28999,0,0,0,0,0
2020-06-02,US,Vermont,Orleans,10,0,0,44.82964024,-72.24562697,50019.0,36.98635203609868,0.0,10,10,0,0,10,10,26907,0,0,0,0,0
2020-06-02,US,Vermont,Rutland,55,1,0,43.57723578,-73.03741676,50021.0,94.51633414101838,1.818181818181818,54,55,1,0,54,55,58672,0,0,0,0,0
2020-06-02,US,Vermont,Unassigned,5,0,0,0.0,0.0,90050.0,0.0,0.0,5,5,0,0,5,5,,0,0,0,0,0
2020-06-02,US,Vermont,Washington,39,1,0,44.27343241,-72.61604978,50023.0,66.77053193857111,2.5641025641025643,38,39,1,0,38,39,58140,0,0,0,0,0
2020-06-02,US,Vermont,Windham,81,3,0,42.986982,-72.71268875,50025.0,191.84311496376296,3.703703703703704,78,81,3,0,78,81,42756,0,0,0,0,0
2020-06-02,US,Vermont,Windsor,51,2,0,43.58010937,-72.58595157,50027.0,92.62286150158005,3.92156862745098,49,51,2,0,49,51,55286,0,0,0,0,0
2020-06-02,US,Virginia,Accomack,939,12,0,37.76707161,-75.63234615,51001.0,2905.6813962124024,1.2779552715654952,927,917,12,0,905,909,32412,22,0,0,22,8
2020-06-02,US,Virginia,Albemarle,200,8,0,38.02080697,-78.55481085,51003.0,182.9324064758072,4.0,192,199,8,0,191,187,108718,1,0,0,1,12
2020-06-02,US,Virginia,Alexandria,2000,44,0,38.814003,-77.08183073,51510.0,1254.484783099581,2.2,1956,1981,45,0,1936,1974,160530,19,-1,0,20,7
2020-06-02,US,Virginia,Alleghany,24,2,0,37.78636074,-80.00222498,51005.0,161.50740242261102,8.333333333333334,22,23,2,0,21,20,14910,1,0,0,1,3
2020-06-02,US,Virginia,Amelia,26,1,0,37.34081025,-77.98584649,51007.0,197.793837961202,3.8461538461538463,25,25,1,0,24,25,13013,1,0,0,1,0
2020-06-02,US,Virginia,Amherst,27,0,0,37.60308293,-79.14548696,51009.0,85.42952064546748,0.0,27,27,0,0,27,27,31666,0,0,0,0,0
2020-06-02,US,Virginia,Appomattox,31,0,0,37.37569884,-78.81340003,51011.0,194.83376280560614,0.0,31,31,0,0,31,31,15841,0,0,0,0,0
2020-06-02,US,Virginia,Arlington,2133,117,0,38.8767675,-77.10139853,51013.0,900.6004002668445,5.485232067510547,2016,2123,116,0,2007,2116,237521,10,1,0,9,7
2020-06-02,US,Virginia,Augusta,115,2,0,38.16404586,-79.12461614,51015.0,152.2009582042934,1.7391304347826086,113,112,1,0,111,109,75457,3,1,0,2,3
2020-06-02,US,Virginia,Bedford,62,2,0,37.3080028,-79.5281964,51019.0,78.48399306302771,3.2258064516129035,60,60,2,0,58,57,78747,2,0,0,2,3
2020-06-02,US,Virginia,Botetourt,34,4,0,37.55531756,-79.80982182,51023.0,101.73853197282983,11.764705882352944,30,32,4,0,28,32,33277,2,0,0,2,0
2020-06-02,US,Virginia,Bristol,4,0,0,36.616302399999995,-82.16359122,51520.0,23.863500775563768,0.0,4,4,0,0,4,4,16482,0,0,0,0,0
2020-06-02,US,Virginia,Brunswick,28,1,0,36.76366949,-77.8593436,51025.0,172.50939560101043,3.571428571428572,27,27,1,0,26,25,16384,1,0,0,1,2
2020-06-02,US,Virginia,Buchanan,18,0,0,37.26818323,-82.03749726,51027.0,85.69796229289659,0.0,18,18,0,0,18,18,21221,0,0,0,0,0
2020-06-02,US,Virginia,Buckingham,465,3,0,37.57242268,-78.52518834,51029.0,2711.6864940517844,0.6451612903225806,462,461,3,0,458,459,16999,4,0,0,4,2
2020-06-02,US,Virginia,Buena Vista,13,0,0,37.73484642,-79.35296097,51530.0,200.6792219820932,0.0,13,13,0,0,13,13,6237,0,0,0,0,0
2020-06-02,US,Virginia,Campbell,18,1,0,37.20553386,-79.09678609,51031.0,32.79584585952446,5.5555555555555545,17,18,1,0,17,18,54973,0,0,0,0,0
2020-06-02,US,Virginia,Caroline,76,2,0,38.02679129,-77.34901405,51033.0,247.3555736371033,2.631578947368421,74,69,2,0,67,67,30772,7,0,0,7,2
2020-06-02,US,Virginia,Carroll,100,1,0,36.73066666,-80.73455942,51035.0,335.6718472021752,1.0,99,97,1,0,96,96,29636,3,0,0,3,1
2020-06-02,US,Virginia,Charles City,27,1,0,37.35358063,-77.05634116,51036.0,387.76389487289964,3.703703703703704,26,27,1,0,26,27,6941,0,0,0,0,0
2020-06-02,US,Virginia,Charlotte,25,0,0,37.01909701,-78.66314092,51037.0,210.43771043771042,0.0,25,24,0,0,24,23,11938,1,0,0,1,1
2020-06-02,US,Virginia,Charlottesville,128,3,0,38.03527919,-78.48569588,51540.0,270.80776879786737,2.34375,125,125,3,0,122,116,48117,3,0,0,3,9
2020-06-02,US,Virginia,Chesapeake,541,15,0,36.67670048,-76.30545744,51550.0,220.9651397880205,2.7726432532347505,526,535,15,0,520,521,242634,6,0,0,6,14
2020-06-02,US,Virginia,Chesterfield,1627,37,0,37.37373208,-77.58680140000001,51041.0,461.16518613840066,2.2741241548862936,1590,1568,35,0,1533,1548,348556,59,2,0,57,20
2020-06-02,US,Virginia,Clarke,28,0,0,39.11271747,-77.99199425,51043.0,191.5315685067378,0.0,28,28,0,0,28,27,14523,0,0,0,0,1
2020-06-02,US,Virginia,Colonial Heights,96,17,0,37.26420587,-77.39609676,51570.0,552.6770293609671,17.708333333333332,79,96,17,0,79,95,17833,0,0,0,0,1
2020-06-02,US,Virginia,Covington,4,0,0,37.7824656,-79.98631446,51580.0,72.22824124232575,0.0,4,4,0,0,4,4,5460,0,0,0,0,0
2020-06-02,US,Virginia,Craig,5,0,0,37.48133648,-80.21072274,51045.0,97.44689144416292,0.0,5,5,0,0,5,5,5064,0,0,0,0,0
2020-06-02,US,Virginia,Culpeper,720,8,0,38.48199985,-77.95630870000002,51047.0,1368.6911890504705,1.1111111111111112,712,713,6,0,707,691,51859,7,2,0,5,22
2020-06-02,US,Virginia,Cumberland,38,0,0,37.51328851,-78.24398086,51049.0,382.60169150221515,0.0,38,38,0,0,38,37,9809,0,0,0,0,1
2020-06-02,US,Virginia,Danville,57,2,0,36.58022376,-79.40395668,51590.0,142.3434222355409,3.5087719298245608,55,56,2,0,54,55,40693,1,0,0,1,1
2020-06-02,US,Virginia,Dinwiddie,83,0,0,37.07544585,-77.63451754,51053.0,290.7791479820628,0.0,83,83,0,0,83,80,28529,0,0,0,0,3
2020-06-02,US,Virginia,Emporia,82,6,0,36.69455571,-77.53406129,51595.0,1533.8570894126447,7.317073170731707,76,82,6,0,76,79,5121,0,0,0,0,3
2020-06-02,US,Virginia,Essex,48,0,0,37.93357639,-76.94230311,51057.0,438.2360996987127,0.0,48,48,0,0,48,48,10919,0,0,0,0,0
2020-06-02,US,Virginia,Fairfax,11426,391,0,38.83677558,-77.27565836,51059.0,995.7020806391456,3.4220199544897603,11035,11219,387,0,10832,11110,1150795,207,4,0,203,109
2020-06-02,US,Virginia,Fairfax,11426,391,0,38.83677558,-77.27565836,51059.0,995.7020806391456,3.4220199544897603,11035,11219,387,0,10832,11110,24574,207,4,0,203,109
2020-06-02,US,Virginia,Fairfax City,67,6,0,38.85157547,-77.29779640000002,51600.0,278.9458345476498,8.955223880597012,61,67,6,0,61,65,24574,0,0,0,0,2
2020-06-02,US,Virginia,Falls Church,55,8,0,38.88485255,-77.17560759,51610.0,376.27420127249087,14.545454545454545,47,55,8,0,47,55,14772,0,0,0,0,0
2020-06-02,US,Virginia,Fauquier,326,6,0,38.73564842,-77.80647472,51061.0,457.7237370475415,1.8404907975460123,320,323,6,0,317,315,70675,3,0,0,3,8
2020-06-02,US,Virginia,Floyd,7,0,0,36.9302126,-80.36738849,51063.0,44.447266493110675,0.0,7,6,0,0,6,6,15795,1,0,0,1,0
2020-06-02,US,Virginia,Fluvanna,92,6,0,37.84157909,-78.27715475,51065.0,337.3670700403373,6.521739130434782,86,92,6,0,86,92,26783,0,0,0,0,0
2020-06-02,US,Virginia,Franklin,36,1,0,36.99536167,-79.88023649,51067.0,64.23753613361407,2.7777777777777777,35,36,1,0,35,36,56195,0,0,0,0,0
2020-06-02,US,Virginia,Franklin,36,1,0,36.99536167,-79.88023649,51067.0,64.23753613361407,2.7777777777777777,35,36,1,0,35,36,8013,0,0,0,0,0
2020-06-02,US,Virginia,Franklin City,42,2,0,36.6831435,-76.93859681,51620.0,527.1745952052215,4.761904761904762,40,42,2,0,40,42,8013,0,0,0,0,0
2020-06-02,US,Virginia,Frederick,371,4,0,39.20172582,-78.25974949,51069.0,415.3930558821223,1.0781671159029649,367,359,4,0,355,349,88355,12,0,0,12,10
2020-06-02,US,Virginia,Fredericksburg,172,0,0,38.2977863,-77.4922454,51630.0,592.3680947788953,0.0,172,166,0,0,166,164,29144,6,0,0,6,2
2020-06-02,US,Virginia,Galax,127,0,0,36.66601852,-80.91703124,51640.0,2000.9453285016543,0.0,127,124,0,0,124,123,6423,3,0,0,3,1
2020-06-02,US,Virginia,Giles,5,0,0,37.31234791,-80.70636931,51071.0,29.90430622009569,0.0,5,5,0,0,5,5,16844,0,0,0,0,0
2020-06-02,US,Virginia,Gloucester,31,1,0,37.40809042,-76.53524337,51073.0,83.00310592267323,3.2258064516129035,30,31,1,0,30,31,37349,0,0,0,0,0
2020-06-02,US,Virginia,Goochland,101,6,0,37.71714806,-77.90381514,51075.0,425.20944722771867,5.9405940594059405,95,99,6,0,93,99,23244,2,0,0,2,0
2020-06-02,US,Virginia,Grayson,40,0,0,36.65677234,-81.23215889,51077.0,257.2347266881029,0.0,40,38,0,0,38,38,15631,2,0,0,2,0
2020-06-02,US,Virginia,Greene,34,1,0,38.29545894,-78.46525378,51079.0,171.55255058277407,2.9411764705882355,33,34,1,0,33,34,19779,0,0,0,0,0
2020-06-02,US,Virginia,Greensville,100,7,0,36.67878901,-77.56351439,51081.0,882.1453775582216,7.0,93,74,7,0,67,73,11627,26,0,0,26,1
2020-06-02,US,Virginia,Halifax,30,0,0,36.76654925,-78.93512622,51083.0,88.46686915750051,0.0,30,30,0,0,30,30,34120,0,0,0,0,0
2020-06-02,US,Virginia,Hampton,212,3,0,37.03513786,-76.35879121,51650.0,157.60909969518994,1.4150943396226414,209,210,3,0,207,207,134313,2,0,0,2,3
2020-06-02,US,Virginia,Hanover,335,24,0,37.7583355,-77.49464673,51085.0,310.85871239537516,7.164179104477612,311,327,24,0,303,326,107239,8,0,0,8,1
2020-06-02,US,Virginia,Harrisonburg,799,23,0,38.43542574,-78.87536254,51660.0,1507.0921985815603,2.8785982478097623,776,797,23,0,774,779,54033,2,0,0,2,18
2020-06-02,US,Virginia,Henrico,1919,135,0,37.53460572,-77.39326555,51087.0,580.0772630268002,7.034914017717561,1784,1858,134,0,1724,1820,329261,61,1,0,60,38
2020-06-02,US,Virginia,Henry,136,3,0,36.68542395,-79.87634026,51089.0,269.0033032023261,2.2058823529411766,133,114,3,0,111,113,50953,22,0,0,22,1
2020-06-02,US,Virginia,Highland,3,0,0,38.35799465,-79.56124594,51091.0,136.98630136986299,0.0,3,3,0,0,3,3,2210,0,0,0,0,0
2020-06-02,US,Virginia,Hopewell,96,1,0,37.29186313,-77.29754684,51670.0,426.11744862177636,1.0416666666666667,95,92,1,0,91,90,22596,4,0,0,4,2
2020-06-02,US,Virginia,Isle of Wight,132,3,0,36.90579348,-76.70842863,51093.0,355.7088576895093,2.272727272727273,129,128,3,0,125,128,36953,4,0,0,4,0
2020-06-02,US,Virginia,James City,210,15,0,37.31156958,-76.76950618,51095.0,274.4272963684121,7.142857142857142,195,206,15,0,191,205,76397,4,0,0,4,1
2020-06-02,US,Virginia,King George,70,4,0,38.26818502,-77.15852768,51099.0,260.84364286778947,5.7142857142857135,66,69,4,0,65,68,26575,1,0,0,1,1
2020-06-02,US,Virginia,King William,31,0,0,37.70965316,-77.09384941,51101.0,180.7790996034523,0.0,31,31,0,0,31,30,16939,0,0,0,0,1
2020-06-02,US,Virginia,King and Queen,13,1,0,37.71044922,-76.88689628,51097.0,185.05338078291814,7.6923076923076925,12,13,1,0,12,13,7042,0,0,0,0,0
2020-06-02,US,Virginia,Lancaster,10,0,0,37.71889653,-76.46400482,51103.0,94.3129303027445,0.0,10,10,0,0,10,10,10783,0,0,0,0,0
2020-06-02,US,Virginia,Lee,9,0,0,36.70586667,-83.12606515,51105.0,38.42377150663877,0.0,9,9,0,0,9,9,23541,0,0,0,0,0
2020-06-02,US,Virginia,Lexington,7,0,0,37.78258621,-79.44262866,51678.0,94.010206822455,0.0,7,7,0,0,7,7,7136,0,0,0,0,0
2020-06-02,US,Virginia,Loudoun,2636,67,0,39.08990083,-77.63481877,51107.0,637.4263066513839,2.5417298937784523,2569,2611,66,0,2545,2575,406850,25,1,0,24,36
2020-06-02,US,Virginia,Louisa,81,1,0,37.97850256,-77.96274807,51109.0,215.4771088824453,1.2345679012345678,80,79,1,0,78,79,36778,2,0,0,2,0
2020-06-02,US,Virginia,Lunenburg,15,0,0,36.94618528,-78.24133319,51111.0,122.99114463758607,0.0,15,13,0,0,13,13,12086,2,0,0,2,0
2020-06-02,US,Virginia,Lynchburg,80,1,0,37.40021399,-79.19888138,51680.0,97.36150326161035,1.25,79,80,1,0,79,80,82126,0,0,0,0,0
2020-06-02,US,Virginia,Madison,41,1,0,38.41531222,-78.28220331,51113.0,309.17728678078583,2.4390243902439024,40,41,1,0,40,41,13295,0,0,0,0,0
2020-06-02,US,Virginia,Manassas,1135,11,0,38.7464321,-77.48509905,51683.0,2762.565413167823,0.9691629955947136,1124,1105,11,0,1094,1092,41641,30,0,0,30,13
2020-06-02,US,Virginia,Manassas Park,327,6,0,38.77058531,-77.44399307,51685.0,1870.9234466186065,1.834862385321101,321,317,6,0,311,305,17307,10,0,0,10,12
2020-06-02,US,Virginia,Martinsville,37,1,0,36.68212094,-79.86352771,51690.0,294.72678030906485,2.702702702702702,36,32,1,0,31,31,12902,5,0,0,5,1
2020-06-02,US,Virginia,Mathews,5,0,0,37.44164146,-76.34098896,51115.0,56.599501924383055,0.0,5,5,0,0,5,5,8802,0,0,0,0,0
2020-06-02,US,Virginia,Mecklenburg,218,22,0,36.67882005,-78.36131056,51117.0,712.7210906594305,10.091743119266058,196,218,21,0,197,217,30650,0,1,0,-1,1
2020-06-02,US,Virginia,Middlesex,15,0,0,37.63191998,-76.55064617,51119.0,141.75014175014175,0.0,15,15,0,0,15,15,10769,0,0,0,0,0
2020-06-02,US,Virginia,Montgomery,80,1,0,37.17746986,-80.37868691,51121.0,81.18942507738367,1.25,79,78,1,0,77,77,98985,2,0,0,2,1
2020-06-02,US,Virginia,Nelson,17,0,0,37.78790447,-78.88498513,51125.0,113.86470194239786,0.0,17,17,0,0,17,17,14836,0,0,0,0,0
2020-06-02,US,Virginia,New Kent,38,1,0,37.50694406,-76.99828634,51127.0,164.56628123511325,2.631578947368421,37,36,1,0,35,36,22391,2,0,0,2,0
2020-06-02,US,Virginia,Newport News,291,10,0,37.08166899,-76.51754109,51700.0,162.36574138652531,3.436426116838488,281,282,10,0,272,273,178626,9,0,0,9,9
2020-06-02,US,Virginia,Norfolk,530,6,0,36.89934014,-76.26420872,51710.0,218.3388124016445,1.1320754716981132,524,521,6,0,515,503,244076,9,0,0,9,18
2020-06-02,US,Virginia,Northampton,243,23,0,37.34062933,-75.87751591,51131.0,2075.1494449188726,9.465020576131687,220,241,23,0,218,237,11735,2,0,0,2,4
2020-06-02,US,Virginia,Northumberland,25,1,0,37.89202088,-76.41949732,51133.0,206.69698222405952,4.0,24,25,1,0,24,25,12147,0,0,0,0,0
2020-06-02,US,Virginia,Norton,2,0,0,36.93357076,-82.62750411,51720.0,50.23863350916855,0.0,2,2,0,0,2,2,3968,0,0,0,0,0
2020-06-02,US,Virginia,Nottoway,39,0,0,37.1435975,-78.05065922,51135.0,256.03991596638656,0.0,39,33,0,0,33,29,15420,6,0,0,6,4
2020-06-02,US,Virginia,Orange,110,1,0,38.24530219,-78.01560400000002,51137.0,296.88807319640495,0.9090909090909092,109,106,1,0,105,102,36644,4,0,0,4,4
2020-06-02,US,Virginia,Page,230,24,0,38.61807452,-78.48797204,51139.0,962.2625721696927,10.434782608695652,206,225,21,0,204,220,23933,5,3,0,2,5
2020-06-02,US,Virginia,Patrick,19,0,0,36.680163799999995,-80.2865648,51141.0,107.90549750113584,0.0,19,19,0,0,19,19,17673,0,0,0,0,0
2020-06-02,US,Virginia,Petersburg,141,3,0,37.20530399,-77.39368102,51730.0,449.81815861672936,2.127659574468085,138,138,3,0,135,134,31567,3,0,0,3,4
2020-06-02,US,Virginia,Pittsylvania,45,1,0,36.81980341,-79.39731264,51143.0,74.56009543692215,2.2222222222222223,44,44,1,0,43,44,60949,1,0,0,1,0
2020-06-02,US,Virginia,Poquoson,8,0,0,37.14259351,-76.35798148,51735.0,65.19436068780051,0.0,8,8,0,0,8,8,12190,0,0,0,0,0
2020-06-02,US,Virginia,Portsmouth,325,11,0,36.85914825,-76.35971629,51740.0,344.28695523210234,3.3846153846153846,314,313,11,0,302,308,94632,12,0,0,12,5
2020-06-02,US,Virginia,Powhatan,36,0,0,37.55016038,-77.91267882,51145.0,121.40833670578715,0.0,36,35,0,0,35,35,29189,1,0,0,1,0
2020-06-02,US,Virginia,Prince Edward,143,2,0,37.22554789,-78.43597949,51147.0,627.1379703534778,1.3986013986013983,141,137,2,0,135,134,22950,6,0,0,6,3
2020-06-02,US,Virginia,Prince George,135,0,0,37.18497668,-77.22922187,51149.0,351.9933251636117,0.0,135,129,0,0,129,126,38082,6,0,0,6,3
2020-06-02,US,Virginia,Prince William,5724,104,0,38.70916224,-77.48713689,51153.0,1217.0049007622224,1.816911250873515,5620,5663,104,0,5559,5533,468011,61,0,0,61,130
2020-06-02,US,Virginia,Pulaski,20,0,0,37.06474963,-80.71229738,51155.0,58.776853675022785,0.0,20,19,0,0,19,19,34066,1,0,0,1,0
2020-06-02,US,Virginia,Radford,6,0,0,37.12222899,-80.56027320000003,51750.0,32.878513891172126,0.0,6,6,0,0,6,6,18339,0,0,0,0,0
2020-06-02,US,Virginia,Rappahannock,14,0,0,38.68295619,-78.15826963,51157.0,189.9592944369064,0.0,14,13,0,0,13,13,7252,1,0,0,1,0
2020-06-02,US,Virginia,Richmond,287,4,0,37.937575,-76.72920628,51159.0,3180.760279286268,1.3937282229965158,283,287,4,0,283,276,9038,0,0,0,0,11
2020-06-02,US,Virginia,Richmond City,1434,24,0,37.53255773,-77.47966921,51760.0,622.2985991772118,1.6736401673640169,1410,1397,25,0,1372,1316,228783,37,-1,0,38,81
2020-06-02,US,Virginia,Roanoke,110,7,0,37.26865804,-80.06396753,51161.0,116.79018113095364,6.363636363636362,103,106,7,0,99,105,94073,4,0,0,4,1
2020-06-02,US,Virginia,Roanoke City,171,9,0,37.27791025,-79.96189766,51770.0,172.47813763957112,5.2631578947368425,162,167,9,0,158,160,99920,4,0,0,4,7
2020-06-02,US,Virginia,Rockbridge,19,0,0,37.81204314,-79.44605905,51163.0,84.17135515881806,0.0,19,18,0,0,18,18,22752,1,0,0,1,0
2020-06-02,US,Virginia,Rockingham,545,6,0,38.51006137,-78.87260325,51165.0,665.0558891004051,1.1009174311926606,539,541,6,0,535,518,81244,4,0,0,4,23
2020-06-02,US,Virginia,Russell,8,0,0,36.93028320000001,-82.10095486,51167.0,30.091025351688856,0.0,8,8,0,0,8,8,26748,0,0,0,0,0
2020-06-02,US,Virginia,Salem,34,3,0,37.2836193,-80.06219455,51775.0,134.3820402355638,8.823529411764708,31,34,3,0,31,34,25643,0,0,0,0,0
2020-06-02,US,Virginia,Scott,7,2,0,36.71466456,-82.60171704,51169.0,32.458499489937864,28.57142857142857,5,7,2,0,5,7,21534,0,0,0,0,0
2020-06-02,US,Virginia,Shenandoah,465,22,0,38.85905135,-78.56813762,51171.0,1066.1225238444608,4.731182795698925,443,458,21,0,437,448,43497,7,1,0,6,10
2020-06-02,US,Virginia,Smyth,15,0,0,36.84455636,-81.53344948,51173.0,49.827265479670466,0.0,15,15,0,0,15,15,30472,0,0,0,0,0
2020-06-02,US,Virginia,Southampton,149,2,0,36.72231125,-77.10642712,51175.0,845.1023764959448,1.342281879194631,147,147,2,0,145,147,17586,2,0,0,2,0
2020-06-02,US,Virginia,Spotsylvania,586,7,0,38.18574462,-77.655399,51177.0,430.20225378996435,1.1945392491467577,579,571,7,0,564,556,134238,15,0,0,15,15
2020-06-02,US,Virginia,Stafford,733,5,0,38.41758738,-77.45917053,51179.0,479.45474287358877,0.6821282401091405,728,722,5,0,717,713,149960,11,0,0,11,9
2020-06-02,US,Virginia,Staunton,49,0,0,38.15965544,-79.05979937,51790.0,196.53457404139255,0.0,49,47,0,0,47,45,24922,2,0,0,2,2
2020-06-02,US,Virginia,Suffolk,317,33,0,36.70155394,-76.63603554,51800.0,344.1612020671386,10.410094637223974,284,316,33,0,283,315,91185,1,0,0,1,1
2020-06-02,US,Virginia,Surry,11,1,0,37.11781893,-76.88450012,51181.0,171.28620367486764,9.090909090909092,10,10,1,0,9,10,6474,1,0,0,1,0
2020-06-02,US,Virginia,Sussex,161,2,0,36.92432914,-77.25791182,51183.0,1442.781611255489,1.2422360248447204,159,161,2,0,159,154,11237,0,0,0,0,7
2020-06-02,US,Virginia,Tazewell,9,0,0,37.12191123,-81.56685568,51185.0,22.170218007143742,0.0,9,9,0,0,9,9,40855,0,0,0,0,0
2020-06-02,US,Virginia,Virginia Beach,752,23,0,36.73285734,-76.04566934,51810.0,167.12076697764758,3.0585106382978724,729,745,23,0,722,708,450189,7,0,0,7,37
2020-06-02,US,Virginia,Warren,166,2,0,38.90847745,-78.20280433,51187.0,413.3054476645752,1.2048192771084338,164,157,2,0,155,157,40003,9,0,0,9,0
2020-06-02,US,Virginia,Washington,52,4,0,36.72341572,-81.95666289,51191.0,96.76218831410496,7.6923076923076925,48,51,4,0,47,51,54402,1,0,0,1,0
2020-06-02,US,Virginia,Waynesboro,47,0,0,38.06451466,-78.90293905,51820.0,207.688908528502,0.0,47,47,0,0,47,46,22628,0,0,0,0,1
2020-06-02,US,Virginia,Westmoreland,70,1,0,38.11021557,-76.80213247,51193.0,388.5650846516792,1.4285714285714286,69,68,1,0,67,65,17830,2,0,0,2,3
2020-06-02,US,Virginia,Williamsburg,44,4,0,37.28131268,-76.70905141,51830.0,294.23565601176944,9.090909090909092,40,44,4,0,40,44,14896,0,0,0,0,0
2020-06-02,US,Virginia,Winchester,196,2,0,39.17054517,-78.17325058,51840.0,698.0554170524966,1.020408163265306,194,191,2,0,189,189,28108,5,0,0,5,2
2020-06-02,US,Virginia,Wise,25,2,0,36.9746148,-82.62410519,51195.0,66.87531765775887,8.0,23,25,2,0,23,25,38012,0,0,0,0,0
2020-06-02,US,Virginia,Wythe,23,1,0,36.91582035,-81.07834059,51197.0,80.1840747455027,4.3478260869565215,22,23,1,0,22,23,28754,0,0,0,0,0
2020-06-02,US,Virginia,York,77,3,0,37.24374789,-76.54412815,51199.0,112.77094317516114,3.8961038961038965,74,77,3,0,74,74,67846,0,0,0,0,3
2020-06-02,US,Washington,Adams,63,0,0,46.98299757,-118.56017340000001,53001.0,315.26797778111387,0.0,63,63,0,0,63,63,19759,0,0,0,0,0
2020-06-02,US,Washington,Asotin,19,2,0,46.18894415,-117.2022851,53003.0,84.13780887432469,10.526315789473683,17,19,2,0,17,19,22610,0,0,0,0,0
2020-06-02,US,Washington,Benton,823,63,0,46.23946995,-119.51208340000001,53005.0,402.6615783551055,7.654921020656136,760,810,62,0,748,794,201877,13,1,0,12,16
2020-06-02,US,Washington,Chelan,250,6,0,47.87046092,-120.6173956,53007.0,323.83419689119165,2.4,244,250,6,0,244,248,77036,0,0,0,0,2
2020-06-02,US,Washington,Clallam,25,0,0,48.04754642,-123.92263190000001,53009.0,32.328561637635616,0.0,25,25,0,0,25,25,76737,0,0,0,0,0
2020-06-02,US,Washington,Clark,546,22,0,45.77568046,-122.48292040000001,53011.0,111.83001837207443,4.029304029304028,524,516,22,0,494,514,481857,30,0,0,30,2
2020-06-02,US,Washington,Columbia,1,0,0,46.29442881,-117.9051983,53013.0,25.094102885821833,0.0,1,1,0,0,1,1,4059,0,0,0,0,0
2020-06-02,US,Washington,Cowlitz,74,0,0,46.19074721,-122.6782231,53015.0,66.91201070592172,0.0,74,73,0,0,73,73,108987,1,0,0,1,0
2020-06-02,US,Washington,Douglas,172,3,0,47.7361335,-119.69293700000001,53017.0,396.04872320338944,1.7441860465116281,169,172,3,0,169,172,42907,0,0,0,0,0
2020-06-02,US,Washington,Ferry,1,0,0,48.471143100000006,-118.5154041,53019.0,13.111315064901008,0.0,1,1,0,0,1,1,7649,0,0,0,0,0
2020-06-02,US,Washington,Franklin,610,20,0,46.53351425,-118.9018212,53021.0,640.6082627964126,3.278688524590164,590,598,20,0,578,574,94347,12,0,0,12,24
2020-06-02,US,Washington,Grant,208,4,0,47.20753737,-119.4500749,53025.0,212.82473678286757,1.9230769230769231,204,208,4,0,204,204,97331,0,0,0,0,4
2020-06-02,US,Washington,Grays Harbor,17,0,0,47.14003705,-123.7820567,53027.0,22.64824609317755,0.0,17,17,0,0,17,17,73901,0,0,0,0,0
2020-06-02,US,Washington,Island,181,11,0,48.14713305,-122.5216407,53029.0,212.5885296155789,6.077348066298343,170,178,11,0,167,178,84460,3,0,0,3,0
2020-06-02,US,Washington,Jefferson,31,0,0,47.75003077,-123.56097040000002,53031.0,96.21054591725893,0.0,31,31,0,0,31,30,31729,0,0,0,0,1
2020-06-02,US,Washington,King,8177,570,0,47.49137892,-121.8346131,53033.0,362.97342574647695,6.97077167665403,7607,8123,569,0,7554,8092,2233163,54,1,0,53,31
2020-06-02,US,Washington,Kitsap,162,2,0,47.63479026,-122.6436061,53035.0,59.67444276226365,1.2345679012345678,160,162,2,0,160,161,269805,0,0,0,0,1
2020-06-02,US,Washington,Kittitas,89,0,0,47.12521214,-120.67943899999999,53037.0,185.66809220819857,0.0,89,88,0,0,88,88,47364,1,0,0,1,0
2020-06-02,US,Washington,Klickitat,28,3,0,45.87325839,-120.7913598,53039.0,124.86064659977706,10.714285714285714,25,25,3,0,22,25,22107,3,0,0,3,0
2020-06-02,US,Washington,Lewis,37,3,0,46.57756476,-122.39257690000001,53041.0,45.844846171955346,8.108108108108109,34,37,3,0,34,37,79604,0,0,0,0,0
2020-06-02,US,Washington,Lincoln,2,0,0,47.57705241,-118.41943880000001,53043.0,18.283206874485785,0.0,2,2,0,0,2,2,10740,0,0,0,0,0
2020-06-02,US,Washington,Mason,36,1,0,47.35007586,-123.1863685,53045.0,53.918044572250174,2.7777777777777777,35,36,1,0,35,36,65507,0,0,0,0,0
2020-06-02,US,Washington,Okanogan,50,1,0,48.54855019,-119.73872240000001,53047.0,118.36280567194565,2.0,49,49,1,0,48,49,42132,1,0,0,1,0
2020-06-02,US,Washington,Pacific,9,1,0,46.55418369,-123.7285716,53049.0,40.05162209069467,11.111111111111109,8,9,1,0,8,9,22036,0,0,0,0,0
2020-06-02,US,Washington,Pend Oreille,3,0,0,48.53234021,-117.2741804,53051.0,21.85951617604197,0.0,3,3,0,0,3,3,13602,0,0,0,0,0
2020-06-02,US,Washington,Pierce,1950,81,0,47.03892768,-122.14059579999999,53053.0,215.47437512431213,4.153846153846153,1869,1940,79,0,1861,1937,891299,10,2,0,8,3
2020-06-02,US,Washington,San Juan,15,0,0,48.60182783,-122.96745,53055.0,85.31452621999773,0.0,15,15,0,0,15,15,17128,0,0,0,0,0
2020-06-02,US,Washington,Skagit,438,15,0,48.48171488,-121.766131,53057.0,338.9961688789133,3.4246575342465757,423,435,15,0,420,434,128206,3,0,0,3,1
2020-06-02,US,Washington,Skamania,3,0,0,46.02408726,-121.91644029999999,53059.0,24.828271124720683,0.0,3,3,0,0,3,3,11924,0,0,0,0,0
2020-06-02,US,Washington,Snohomish,2987,149,0,48.04615983,-121.7170703,53061.0,363.345306982385,4.98828255775025,2838,2976,149,0,2827,2967,814901,11,0,0,11,9
2020-06-02,US,Washington,Spokane,612,34,0,47.62113146,-117.4046494,53063.0,117.06242181492658,5.5555555555555545,578,600,33,0,567,596,514631,12,1,0,11,4
2020-06-02,US,Washington,Stevens,11,1,0,48.40035475,-117.8542701,53065.0,24.057913960151343,9.090909090909092,10,11,1,0,10,11,45260,0,0,0,0,0
2020-06-02,US,Washington,Thurston,152,2,0,46.9291895,-122.82906559999999,53067.0,52.3170966764876,1.3157894736842106,150,151,2,0,149,147,286419,1,0,0,1,4
2020-06-02,US,Washington,Unassigned,27,0,0,0.0,0.0,90053.0,0.0,0.0,27,75,0,0,75,68,,-48,0,0,-48,7
2020-06-02,US,Washington,Wahkiakum,4,0,0,46.29180039999999,-123.4250831,53069.0,89.12655971479502,0.0,4,4,0,0,4,4,4426,0,0,0,0,0
2020-06-02,US,Washington,Walla Walla,110,2,0,46.23040051,-118.4775539,53071.0,181.04015799868336,1.818181818181818,108,108,2,0,106,108,60922,2,0,0,2,0
2020-06-02,US,Washington,Whatcom,401,37,0,48.82227976,-121.74900179999999,53073.0,174.92050059542763,9.226932668329177,364,398,37,0,361,396,225685,3,0,0,3,2
2020-06-02,US,Washington,Whitman,16,0,0,46.90022523,-117.52417630000001,53075.0,31.93357815743254,0.0,16,16,0,0,16,16,49791,0,0,0,0,0
2020-06-02,US,Washington,Yakima,3817,96,0,46.45738486,-120.73801259999999,53077.0,1521.4869675094571,2.5150641865339267,3721,3749,95,0,3654,3585,251446,68,1,0,67,164
2020-06-02,US,West Virginia,Barbour,9,1,0,39.1307219,-80.00350858,54001.0,54.741195791010284,11.111111111111109,8,9,1,0,8,9,16535,0,0,0,0,0
2020-06-02,US,West Virginia,Berkeley,319,7,0,39.46704621,-78.02414609,54003.0,267.6825737805338,2.19435736677116,312,314,6,0,308,308,117123,5,1,0,4,6
2020-06-02,US,West Virginia,Boone,9,0,0,38.01974191,-81.69888019,54005.0,41.94435382392693,0.0,9,9,0,0,9,9,21951,0,0,0,0,0
2020-06-02,US,West Virginia,Braxton,2,0,0,38.70036159,-80.72011184,54007.0,14.329727018700293,0.0,2,2,0,0,2,2,14089,0,0,0,0,0
2020-06-02,US,West Virginia,Brooke,5,0,0,40.27367263,-80.57915332,54009.0,22.79046446966589,0.0,5,5,0,0,5,5,22203,0,0,0,0,0
2020-06-02,US,West Virginia,Cabell,67,0,0,38.42424062,-82.23855912,54011.0,72.86965033443906,0.0,67,66,0,0,66,66,93224,1,0,0,1,0
2020-06-02,US,West Virginia,Calhoun,2,0,0,38.84315422,-81.11934872,54013.0,28.133352088901397,0.0,2,2,0,0,2,2,7254,0,0,0,0,0
2020-06-02,US,West Virginia,Clay,5,0,0,38.46231092,-81.07652217,54015.0,58.768218147625774,0.0,5,5,0,0,5,4,8632,0,0,0,0,1
2020-06-02,US,West Virginia,Fayette,50,4,0,38.02974928,-81.08286634,54019.0,117.90784322973164,8.0,46,50,4,0,46,48,43018,0,0,0,0,2
2020-06-02,US,West Virginia,Gilmer,10,0,0,38.9251277,-80.85952723,54021.0,127.82819890067749,0.0,10,10,0,0,10,10,8026,0,0,0,0,0
2020-06-02,US,West Virginia,Grant,12,0,0,39.10314817,-79.19440518,54023.0,103.73443983402491,0.0,12,12,0,0,12,12,11626,0,0,0,0,0
2020-06-02,US,West Virginia,Greenbrier,9,0,0,37.9463652,-80.45335881,54025.0,25.965033754543878,0.0,9,9,0,0,9,9,34786,0,0,0,0,0
2020-06-02,US,West Virginia,Hampshire,31,1,0,39.32103553,-78.60826476,54027.0,133.76483279395902,3.2258064516129035,30,31,1,0,30,29,23347,0,0,0,0,2
2020-06-02,US,West Virginia,Hancock,19,0,0,40.51943859,-80.57461608,54029.0,65.94932315168343,0.0,19,19,0,0,19,18,29094,0,0,0,0,1
2020-06-02,US,West Virginia,Hardy,39,0,0,39.00683177,-78.85855301,54031.0,283.1010452961673,0.0,39,39,0,0,39,39,13775,0,0,0,0,0
2020-06-02,US,West Virginia,Harrison,40,1,0,39.2853852,-80.37919577,54033.0,59.47424765076722,2.5,39,40,1,0,39,41,67554,0,0,0,0,-1
2020-06-02,US,West Virginia,Jackson,137,18,0,38.84263974,-81.68148753,54035.0,479.42329227323626,13.138686131386864,119,137,18,0,119,137,28706,0,0,0,0,0
2020-06-02,US,West Virginia,Jefferson,197,1,0,39.30776166,-77.86014147,54037.0,344.7310397928114,0.5076142131979695,196,184,1,0,183,182,56811,13,0,0,13,2
2020-06-02,US,West Virginia,Kanawha,230,19,0,38.33860077,-81.52857054,54039.0,129.12353192158272,8.26086956521739,211,229,18,0,211,229,180454,1,1,0,0,0
2020-06-02,US,West Virginia,Lewis,9,1,0,38.9947249,-80.49988181,54041.0,56.578864650782684,11.111111111111109,8,9,1,0,8,9,16024,0,0,0,0,0
2020-06-02,US,West Virginia,Lincoln,5,0,0,38.172154,-82.07017953,54043.0,24.498995541182808,0.0,5,6,0,0,6,6,20599,-1,0,0,-1,0
2020-06-02,US,West Virginia,Logan,17,1,0,37.8299889,-81.93528571,54045.0,53.093475748774175,5.882352941176472,16,17,1,0,16,17,32607,0,0,0,0,0
2020-06-02,US,West Virginia,Marion,51,2,0,39.50984542,-80.24244659,54049.0,90.9544870880297,3.92156862745098,49,51,2,0,49,51,56097,0,0,0,0,0
2020-06-02,US,West Virginia,Marshall,30,0,0,39.86064362,-80.66591062,54051.0,98.26078412105728,0.0,30,30,0,0,30,30,30785,0,0,0,0,0
2020-06-02,US,West Virginia,Mason,15,0,0,38.77071799,-82.02524219,54053.0,56.569618343641565,0.0,15,15,0,0,15,15,26718,0,0,0,0,0
2020-06-02,US,West Virginia,McDowell,6,0,0,37.38002939,-81.65083669,54047.0,34.04448479346346,0.0,6,6,0,0,6,6,18223,0,0,0,0,0
2020-06-02,US,West Virginia,Mercer,13,0,0,37.40481169,-81.11023142,54055.0,22.124646856598247,0.0,13,13,0,0,13,13,59131,0,0,0,0,0
2020-06-02,US,West Virginia,Mineral,47,1,0,39.41561583,-78.94104895,54057.0,174.9292839065059,2.127659574468085,46,47,1,0,46,46,26940,0,0,0,0,1
2020-06-02,US,West Virginia,Mingo,7,1,0,37.73048351,-82.13338365,54059.0,29.88387978142077,14.285714285714285,6,7,1,0,6,7,23785,0,0,0,0,0
2020-06-02,US,West Virginia,Monongalia,137,4,0,39.63218457,-80.04766838,54061.0,129.72010756353444,2.9197080291970803,133,133,4,0,129,133,106420,4,0,0,4,0
2020-06-02,US,West Virginia,Monroe,8,0,0,37.56274716,-80.54577965,54063.0,60.263653483992464,0.0,8,7,0,0,7,7,13280,1,0,0,1,0
2020-06-02,US,West Virginia,Morgan,19,0,0,39.55439028,-78.26311676,54065.0,106.24021471706553,0.0,19,18,0,0,18,18,17787,1,0,0,1,0
2020-06-02,US,West Virginia,Nicholas,8,1,0,38.29617706,-80.79759588,54067.0,32.65839320705421,12.5,7,8,1,0,7,8,24842,0,0,0,0,0
2020-06-02,US,West Virginia,Ohio,42,1,0,40.0955451,-80.62203992,54069.0,101.42232740093212,2.380952380952381,41,42,1,0,41,42,41755,0,0,0,0,0
2020-06-02,US,West Virginia,Pendleton,13,0,0,38.68314479,-79.35084086,54071.0,186.5403931697517,0.0,13,13,0,0,13,12,6997,0,0,0,0,1
2020-06-02,US,West Virginia,Pleasants,4,0,0,39.37091679,-81.16771771,54073.0,53.61930294906166,0.0,4,4,0,0,4,4,7507,0,0,0,0,0
2020-06-02,US,West Virginia,Pocahontas,21,0,0,38.32758728,-80.00993811,54075.0,254.63805020007274,0.0,21,21,0,0,21,21,8414,0,0,0,0,0
2020-06-02,US,West Virginia,Preston,24,3,0,39.46770987,-79.66712803,54077.0,71.78750897343862,12.5,21,25,3,0,22,25,33839,-1,0,0,-1,0
2020-06-02,US,West Virginia,Putnam,37,0,0,38.50782345,-81.9082131,54079.0,65.54472984942427,0.0,37,34,0,0,34,34,56682,3,0,0,3,0
2020-06-02,US,West Virginia,Raleigh,16,0,0,37.76936795,-81.2456041,54081.0,21.80995351753657,0.0,16,16,0,0,16,16,74254,0,0,0,0,0
2020-06-02,US,West Virginia,Randolph,131,0,0,38.769899,-79.87919615,54083.0,456.5255270953128,0.0,131,131,0,0,131,131,28823,0,0,0,0,0
2020-06-02,US,West Virginia,Ritchie,1,0,0,39.18094587,-81.06356878,54085.0,10.466820180029307,0.0,1,1,0,0,1,1,9721,0,0,0,0,0
2020-06-02,US,West Virginia,Roane,9,0,0,38.71622686,-81.35243568,54087.0,65.7510227936879,0.0,9,9,0,0,9,9,13932,0,0,0,0,0
2020-06-02,US,West Virginia,Summers,1,0,0,37.65390597,-80.86009693,54089.0,7.953551260637875,0.0,1,1,0,0,1,1,12760,0,0,0,0,0
2020-06-02,US,West Virginia,Taylor,9,0,0,39.33602617,-80.0421439,54091.0,53.908355795148246,0.0,9,9,0,0,9,8,16862,0,0,0,0,1
2020-06-02,US,West Virginia,Tucker,4,0,0,39.11240885,-79.57053576,54093.0,58.488083053077936,0.0,4,4,0,0,4,4,6955,0,0,0,0,0
2020-06-02,US,West Virginia,Tyler,3,0,0,39.46811972,-80.88772676,54095.0,34.920265394016994,0.0,3,3,0,0,3,3,8746,0,0,0,0,0
2020-06-02,US,West Virginia,Upshur,7,0,0,38.89285061,-80.23689136,54097.0,28.95433487756453,0.0,7,7,0,0,7,7,24415,0,0,0,0,0
2020-06-02,US,West Virginia,Wayne,102,9,0,38.14901357,-82.42287994,54099.0,258.8701081163393,8.823529411764708,93,100,9,0,91,99,39944,2,0,0,2,1
2020-06-02,US,West Virginia,Wetzel,9,0,0,39.6065771,-80.64016540000001,54103.0,59.741121805509465,0.0,9,9,0,0,9,8,15270,0,0,0,0,1
2020-06-02,US,West Virginia,Wirt,4,0,0,39.02775007,-81.37473928,54105.0,68.7167153410067,0.0,4,4,0,0,4,4,5830,0,0,0,0,0
2020-06-02,US,West Virginia,Wood,53,2,0,39.20967886,-81.5162836,54107.0,63.45937402715583,3.7735849056603774,51,53,2,0,51,53,84203,0,0,0,0,0
2020-06-02,US,West Virginia,Wyoming,2,0,0,37.612327,-81.54511071,54109.0,9.806805923310778,0.0,2,3,0,0,3,3,20786,-1,0,0,-1,0
2020-06-02,US,Wisconsin,Adams,4,1,0,43.96974651,-89.76782777,55001.0,19.782393669634022,25.0,3,4,1,0,3,4,20348,0,0,0,0,0
2020-06-02,US,Wisconsin,Ashland,2,0,0,46.31956891,-90.67837132,55003.0,12.851818532322323,0.0,2,2,0,0,2,2,15600,0,0,0,0,0
2020-06-02,US,Wisconsin,Barron,20,0,0,45.42372701,-91.84833627,55005.0,44.204756431792056,0.0,20,20,0,0,20,17,45164,0,0,0,0,3
2020-06-02,US,Wisconsin,Bayfield,3,1,0,46.52868768,-91.19716729,55007.0,19.952114924181963,33.333333333333336,2,3,1,0,2,3,15042,0,0,0,0,0
2020-06-02,US,Wisconsin,Brown,2334,37,0,44.452655299999996,-88.00411844,55009.0,882.2795624135298,1.5852613538988858,2297,2320,37,0,2283,2319,263378,14,0,0,14,1
2020-06-02,US,Wisconsin,Buffalo,6,1,0,44.37835084,-91.75332578,55011.0,46.04404880669172,16.666666666666668,5,6,1,0,5,6,13125,0,0,0,0,0
2020-06-02,US,Wisconsin,Burnett,1,1,0,45.86303537,-92.36711412,55013.0,6.487608667445179,100.0,0,1,1,0,0,1,15392,0,0,0,0,0
2020-06-02,US,Wisconsin,Calumet,78,1,0,44.0816316,-88.21780273,55015.0,155.72281339216195,1.2820512820512822,77,77,1,0,76,76,50159,1,0,0,1,1
2020-06-02,US,Wisconsin,Chippewa,57,0,0,45.06939744,-91.28068855,55017.0,88.15614463794117,0.0,57,56,0,0,56,56,64135,1,0,0,1,0
2020-06-02,US,Wisconsin,Clark,33,4,0,44.73483377,-90.61207486,55019.0,94.89848737562546,12.12121212121212,29,33,4,0,29,32,34709,0,0,0,0,1
2020-06-02,US,Wisconsin,Columbia,44,1,0,43.46492199,-89.33589004,55021.0,76.47917680595147,2.272727272727273,43,44,1,0,43,44,57358,0,0,0,0,0
2020-06-02,US,Wisconsin,Crawford,26,0,0,43.23870316,-90.93073686,55023.0,161.18033599900812,0.0,26,26,0,0,26,26,16291,0,0,0,0,0
2020-06-02,US,Wisconsin,Dane,759,29,0,43.06601594,-89.41733797,55025.0,138.83426773612342,3.820816864295125,730,735,29,0,706,730,542364,24,0,0,24,5
2020-06-02,US,Wisconsin,Dodge,226,2,0,43.41576662,-88.70928178,55027.0,257.28890356219904,0.8849557522123894,224,228,2,0,226,221,87847,-2,0,0,-2,7
2020-06-02,US,Wisconsin,Door,38,3,0,44.95856458,-87.30002707,55029.0,137.34277866126934,7.894736842105262,35,38,3,0,35,38,27610,0,0,0,0,0
2020-06-02,US,Wisconsin,Douglas,19,0,0,46.43222285,-91.91595768,55031.0,44.0324449594438,0.0,19,19,0,0,19,19,43208,0,0,0,0,0
2020-06-02,US,Wisconsin,Dunn,24,0,0,44.94562799,-91.8962481,55033.0,52.90072297654736,0.0,24,24,0,0,24,24,45131,0,0,0,0,0
2020-06-02,US,Wisconsin,Eau Claire,114,0,0,44.726614,-91.28609183,55035.0,108.9387076429104,0.0,114,113,0,0,113,108,104534,1,0,0,1,5
2020-06-02,US,Wisconsin,Florence,2,0,0,45.84963535,-88.39804137,55037.0,46.56577415599534,0.0,2,2,0,0,2,2,4321,0,0,0,0,0
2020-06-02,US,Wisconsin,Fond du Lac,215,5,0,43.75354908,-88.48885325,55039.0,207.92433488390083,2.3255813953488373,210,214,5,0,209,213,103066,1,0,0,1,1
2020-06-02,US,Wisconsin,Forest,28,2,0,45.66678019,-88.77084892,55041.0,310.9729009329187,7.142857142857142,26,29,2,0,27,29,8991,-1,0,0,-1,0
2020-06-02,US,Wisconsin,Grant,96,12,0,42.8671731,-90.7063218,55043.0,186.62882248877307,12.5,84,96,12,0,84,95,51554,0,0,0,0,1
2020-06-02,US,Wisconsin,Green,68,0,0,42.6794956,-89.60243287,55045.0,183.982683982684,0.0,68,66,0,0,66,66,36929,2,0,0,2,0
2020-06-02,US,Wisconsin,Green Lake,20,0,0,43.80025981,-89.04679553,55047.0,105.74736953418284,0.0,20,20,0,0,20,20,18918,0,0,0,0,0
2020-06-02,US,Wisconsin,Iowa,16,0,0,43.00050278,-90.13469017,55049.0,67.57327476982853,0.0,16,16,0,0,16,16,23771,0,0,0,0,0
2020-06-02,US,Wisconsin,Iron,2,1,0,46.26302338,-90.24295041,55051.0,35.16792685071215,50.0,1,2,1,0,1,2,5676,0,0,0,0,0
2020-06-02,US,Wisconsin,Jackson,17,1,0,44.31864893,-90.80566792,55053.0,82.35237126386669,5.882352941176472,16,17,1,0,16,17,20478,0,0,0,0,0
2020-06-02,US,Wisconsin,Jefferson,110,3,0,43.02054068,-88.77529134,55055.0,129.76441859642085,2.727272727272727,107,107,3,0,104,106,85129,3,0,0,3,1
2020-06-02,US,Wisconsin,Juneau,22,1,0,43.92456975,-90.11120239,55057.0,82.4371416794694,4.545454545454546,21,23,1,0,22,23,26617,-1,0,0,-1,0
2020-06-02,US,Wisconsin,Kenosha,1201,30,0,42.57639354,-88.04051686,55059.0,708.2996679661007,2.4979184013322238,1171,1178,30,0,1148,1168,169290,23,0,0,23,10
2020-06-02,US,Wisconsin,Kewaunee,35,1,0,44.51727459,-87.61468386,55061.0,171.28315552510526,2.8571428571428568,34,35,1,0,34,35,20383,0,0,0,0,0
2020-06-02,US,Wisconsin,La Crosse,55,0,0,43.90632465,-91.11451093,55063.0,46.60385032537961,0.0,55,53,0,0,53,53,118230,2,0,0,2,0
2020-06-02,US,Wisconsin,Lafayette,27,0,0,42.66005229,-90.1317729,55065.0,162.01620162016198,0.0,27,27,0,0,27,27,16665,0,0,0,0,0
2020-06-02,US,Wisconsin,Langlade,3,0,0,45.26271619,-89.07483625,55067.0,15.633956954505186,0.0,3,3,0,0,3,3,19268,0,0,0,0,0
2020-06-02,US,Wisconsin,Lincoln,7,0,0,45.33737523,-89.73411273,55069.0,25.3687529445874,0.0,7,7,0,0,7,7,27689,0,0,0,0,0
2020-06-02,US,Wisconsin,Manitowoc,36,1,0,44.11946801,-87.80928853,55071.0,45.58058267178182,2.7777777777777777,35,36,1,0,35,36,79074,0,0,0,0,0
2020-06-02,US,Wisconsin,Marathon,52,1,0,44.89792533,-89.75863384,55073.0,38.322082362998565,1.9230769230769231,51,50,1,0,49,50,135428,2,0,0,2,0
2020-06-02,US,Wisconsin,Marinette,32,2,0,45.38553432,-88.03324599999998,55075.0,79.30607187112763,6.25,30,33,2,0,31,33,40434,-1,0,0,-1,0
2020-06-02,US,Wisconsin,Marquette,4,1,0,43.81911946,-89.40073763,55077.0,25.68383202773854,25.0,3,4,1,0,3,4,15434,0,0,0,0,0
2020-06-02,US,Wisconsin,Menominee,3,0,0,45.00422544,-88.70950714,55078.0,65.84723441615452,0.0,3,3,0,0,3,3,4658,0,0,0,0,0
2020-06-02,US,Wisconsin,Milwaukee,8004,309,0,43.00486062,-87.96733172,55079.0,846.3339275857913,3.8605697151424287,7695,7799,299,0,7500,7750,948201,205,10,0,195,49
2020-06-02,US,Wisconsin,Monroe,18,1,0,43.94641218,-90.61881899999999,55081.0,38.91639461224137,5.5555555555555545,17,17,1,0,16,17,46051,1,0,0,1,0
2020-06-02,US,Wisconsin,Oconto,38,0,0,45.02715345,-88.26807503,55083.0,100.18455048774058,0.0,38,37,0,0,37,37,37830,1,0,0,1,0
2020-06-02,US,Wisconsin,Oneida,9,0,0,45.70677897,-89.51944105,55085.0,25.284450063211125,0.0,9,9,0,0,9,9,35470,0,0,0,0,0
2020-06-02,US,Wisconsin,Outagamie,232,8,0,44.41578887,-88.46565023,55087.0,123.47978816829443,3.4482758620689653,224,230,8,0,222,227,187365,2,0,0,2,3
2020-06-02,US,Wisconsin,Ozaukee,165,12,0,43.38352225,-87.94625009,55089.0,184.9340401923314,7.272727272727272,153,165,12,0,153,162,89147,0,0,0,0,3
2020-06-02,US,Wisconsin,Pepin,1,0,0,44.58307413,-91.99949611,55091.0,13.723068478111706,0.0,1,1,0,0,1,1,7289,0,0,0,0,0
2020-06-02,US,Wisconsin,Pierce,47,0,0,44.71850291,-92.4224416,55093.0,109.93123450437386,0.0,47,45,0,0,45,45,42555,2,0,0,2,0
2020-06-02,US,Wisconsin,Polk,22,1,0,45.46130348,-92.44182875,55095.0,50.247813078135344,4.545454545454546,21,19,1,0,18,19,43598,3,0,0,3,0
2020-06-02,US,Wisconsin,Portage,14,0,0,44.47558711,-89.50152965,55097.0,19.781834623862547,0.0,14,12,0,0,12,11,70942,2,0,0,2,1
2020-06-02,US,Wisconsin,Price,2,0,0,45.68051754,-90.36098879999999,55099.0,14.980151299528124,0.0,2,2,0,0,2,2,13397,0,0,0,0,0
2020-06-02,US,Wisconsin,Racine,1762,41,0,42.74753117,-88.05941254,55101.0,897.555409528758,2.3269012485811578,1721,1733,40,0,1693,1722,196584,29,1,0,28,11
2020-06-02,US,Wisconsin,Richland,14,4,0,43.3762778,-90.43012729,55103.0,81.1500115928588,28.57142857142857,10,14,4,0,10,14,17377,0,0,0,0,0
2020-06-02,US,Wisconsin,Rock,646,19,0,42.67151616,-89.07147900000002,55105.0,395.46016626467673,2.9411764705882355,627,639,19,0,620,636,163129,7,0,0,7,3
2020-06-02,US,Wisconsin,Rusk,5,0,0,45.47498854,-91.1333012,55107.0,35.265904923120324,0.0,5,5,0,0,5,5,14147,0,0,0,0,0
2020-06-02,US,Wisconsin,Sauk,79,3,0,43.42574087,-89.94966132,55111.0,122.59085689457186,3.79746835443038,76,78,3,0,75,78,64249,1,0,0,1,0
2020-06-02,US,Wisconsin,Sawyer,8,0,0,45.87931905,-91.14504927,55113.0,48.31501389056649,0.0,8,8,0,0,8,8,16489,0,0,0,0,0
2020-06-02,US,Wisconsin,Shawano,50,0,0,44.78902246,-88.76443896,55115.0,122.25237780874838,0.0,50,48,0,0,48,47,40796,2,0,0,2,1
2020-06-02,US,Wisconsin,Sheboygan,95,3,0,43.72099677,-87.94579284,55117.0,82.36518120339866,3.1578947368421053,92,90,3,0,87,90,115456,5,0,0,5,0
2020-06-02,US,Wisconsin,St. Croix,95,0,0,45.03437474,-92.45000068,55109.0,104.75591870940708,0.0,95,92,0,0,92,86,89694,3,0,0,3,6
2020-06-02,US,Wisconsin,Taylor,2,0,0,45.21179252,-90.5004405,55119.0,9.83139163348572,0.0,2,2,0,0,2,2,20412,0,0,0,0,0
2020-06-02,US,Wisconsin,Trempealeau,26,0,0,44.30360275,-91.35893614,55121.0,87.6926709163884,0.0,26,25,0,0,25,25,29442,1,0,0,1,0
2020-06-02,US,Wisconsin,Vernon,21,0,0,43.59422667,-90.8324691,55123.0,68.13315164492894,0.0,21,21,0,0,21,21,30785,0,0,0,0,0
2020-06-02,US,Wisconsin,Vilas,8,0,0,46.05467334,-89.51719204,55125.0,36.044154088758724,0.0,8,8,0,0,8,7,21938,0,0,0,0,1
2020-06-02,US,Wisconsin,Walworth,398,17,0,42.66858202,-88.54163073,55127.0,383.1786498247776,4.271356783919598,381,397,17,0,380,395,103718,1,0,0,1,2
2020-06-02,US,Wisconsin,Washburn,2,0,0,45.89838588,-91.79050449,55129.0,12.72264631043257,0.0,2,2,0,0,2,2,15878,0,0,0,0,0
2020-06-02,US,Wisconsin,Washington,260,8,0,43.36863664,-88.22974712,55131.0,191.1286884161313,3.0769230769230766,252,257,7,0,250,252,135693,3,1,0,2,5
2020-06-02,US,Wisconsin,Waukesha,722,30,0,43.01833055,-88.30431188,55133.0,178.62532719112912,4.1551246537396125,692,709,30,0,679,696,403072,13,0,0,13,13
2020-06-02,US,Wisconsin,Waupaca,45,1,0,44.47068056,-88.96534501,55135.0,88.25259854873505,2.2222222222222223,44,42,1,0,41,41,51128,3,0,0,3,1
2020-06-02,US,Wisconsin,Waushara,8,0,0,44.11324419,-89.24317107,55137.0,32.72920672585198,0.0,8,8,0,0,8,8,24263,0,0,0,0,0
2020-06-02,US,Wisconsin,Winnebago,270,7,0,44.06886922,-88.64477096,55139.0,157.0616670641684,2.592592592592593,263,249,7,0,242,244,171020,21,0,0,21,5
2020-06-02,US,Wisconsin,Wood,10,1,0,44.45537896,-90.04158336,55141.0,13.698817792024547,10.0,9,10,1,0,9,10,73055,0,0,0,0,0
2020-06-02,US,Wyoming,Albany,25,0,0,41.65498705,-105.72354150000001,56001.0,64.30041152263375,0.0,25,25,0,0,25,25,38601,0,0,0,0,0
2020-06-02,US,Wyoming,Big Horn,6,0,0,44.52405055,-107.9960365,56003.0,50.89058524173028,0.0,6,6,0,0,6,6,11881,0,0,0,0,0
2020-06-02,US,Wyoming,Campbell,31,0,0,44.24886082,-105.54744040000001,56005.0,66.89540579616323,0.0,31,31,0,0,31,31,46140,0,0,0,0,0
2020-06-02,US,Wyoming,Carbon,16,0,0,41.69357844,-106.9326084,56007.0,108.10810810810813,0.0,16,16,0,0,16,16,14971,0,0,0,0,0
2020-06-02,US,Wyoming,Converse,24,0,0,42.97272268,-105.5081848,56009.0,173.63623209376357,0.0,24,24,0,0,24,24,13640,0,0,0,0,0
2020-06-02,US,Wyoming,Crook,5,0,0,44.58855102,-104.56977049999999,56011.0,65.92827004219409,0.0,5,5,0,0,5,5,7450,0,0,0,0,0
2020-06-02,US,Wyoming,Fremont,283,0,0,43.04183996,-108.6296893,56013.0,720.8170958457503,0.0,283,282,0,0,282,278,39531,1,0,0,1,4
2020-06-02,US,Wyoming,Goshen,5,0,0,42.08798185,-104.3534743,56015.0,37.847248505033676,0.0,5,5,0,0,5,5,13376,0,0,0,0,0
2020-06-02,US,Wyoming,Hot Springs,12,0,0,43.71930657,-108.44231740000001,56017.0,271.92386131883075,0.0,12,12,0,0,12,12,4555,0,0,0,0,0
2020-06-02,US,Wyoming,Johnson,18,1,0,44.04057166,-106.58451740000001,56019.0,213.14387211367676,5.5555555555555545,17,18,1,0,17,18,8460,0,0,0,0,0
2020-06-02,US,Wyoming,Laramie,188,0,0,41.30702520000001,-104.6887497,56021.0,188.94472361809045,0.0,188,188,0,0,188,188,98976,0,0,0,0,0
2020-06-02,US,Wyoming,Lincoln,15,0,0,42.26376367,-110.6563997,56023.0,75.642965204236,0.0,15,15,0,0,15,15,19434,0,0,0,0,0
2020-06-02,US,Wyoming,Natrona,79,0,0,42.96180148,-106.79788500000001,56025.0,98.92559292744622,0.0,79,79,0,0,79,77,79115,0,0,0,0,2
2020-06-02,US,Wyoming,Niobrara,2,0,0,43.05607708,-104.47588959999999,56027.0,84.88964346349746,0.0,2,2,0,0,2,2,2388,0,0,0,0,0
2020-06-02,US,Wyoming,Park,2,0,0,44.52157546,-109.58528249999999,56029.0,6.850722751250258,0.0,2,2,0,0,2,2,29324,0,0,0,0,0
2020-06-02,US,Wyoming,Platte,1,0,0,42.13299116,-104.96633100000001,56031.0,11.914690813773385,0.0,1,1,0,0,1,1,8566,0,0,0,0,0
2020-06-02,US,Wyoming,Sheridan,16,0,0,44.79048913,-106.8862389,56033.0,52.484828604231595,0.0,16,16,0,0,16,16,30233,0,0,0,0,0
2020-06-02,US,Wyoming,Sublette,3,0,0,42.76558279,-109.91309220000001,56035.0,30.515715593530675,0.0,3,3,0,0,3,3,9813,0,0,0,0,0
2020-06-02,US,Wyoming,Sweetwater,30,0,0,41.65943896,-108.8827882,56037.0,70.84996339418558,0.0,30,30,0,0,30,30,43051,0,0,0,0,0
2020-06-02,US,Wyoming,Teton,100,0,0,43.93522482,-110.5890801,56039.0,426.1847937265599,0.0,100,100,0,0,100,100,23081,0,0,0,0,0
2020-06-02,US,Wyoming,Uinta,13,0,0,41.2878183,-110.54757820000002,56041.0,64.27370710966082,0.0,13,12,0,0,12,12,20299,1,0,0,1,0
2020-06-02,US,Wyoming,Unassigned,0,16,0,0.0,0.0,90056.0,0.0,0.0,-16,0,16,0,-16,0,,0,0,0,0,0
2020-06-02,US,Wyoming,Washakie,37,0,0,43.90451606,-107.68018700000002,56043.0,474.05509288917364,0.0,37,37,0,0,37,36,7885,0,0,0,0,1
2020-06-02,US,Wyoming,Weston,1,0,0,43.83961191,-104.56748809999999,56045.0,14.436263894903998,0.0,1,1,0,0,1,1,6967,0,0,0,0,0
