Date,Country/Region,Province/State,Admin2,Confirmed,Deaths,Recovered,Latitude,Longitude,FIPS,Incidence_Rate,Case-Fatality_Ratio,Active Cases,Previous Confirmed,Previous Deaths,Previous Recovered,Previous Active,Prev2 Confirmed,Population,Daily Confirmed,Daily Deaths,Daily Recovered,Daily Active,Previous Daily Confirmed
2020-08-27,US,Alabama,Autauga,1284,22,0,32.53952745,-86.64408227,1001.0,2298.23336734146,1.7133956386292837,1262,1281,22,0,1259,1286,55601,3,0,0,3,-5
2020-08-27,US,Alabama,Baldwin,4199,34,0,30.72774991,-87.72207058,1003.0,1880.9858713278445,0.8097165991902834,4165,4166,33,0,4133,4100,218022,33,1,0,32,66
2020-08-27,US,Alabama,Barbour,614,7,0,31.868263,-85.3871286,1005.0,2487.2397310216315,1.1400651465798046,607,616,7,0,609,628,24881,-2,0,0,-2,-12
2020-08-27,US,Alabama,Bibb,515,5,0,32.99642064,-87.12511459999996,1007.0,2299.7231401268195,0.9708737864077671,510,513,5,0,508,511,22400,2,0,0,2,2
2020-08-27,US,Alabama,Blount,979,7,0,33.98210918,-86.56790593,1009.0,1693.010064676789,0.7150153217568948,972,968,7,0,961,967,57840,11,0,0,11,1
2020-08-27,US,Alabama,Bullock,527,13,0,32.10030533,-85.71265535,1011.0,5217.305217305217,2.4667931688804554,514,526,13,0,513,527,10138,1,0,0,1,-1
2020-08-27,US,Alabama,Butler,813,36,0,31.75300095,-86.68057478,1013.0,4180.378445084328,4.428044280442805,777,809,36,0,773,804,19680,4,0,0,4,5
2020-08-27,US,Alabama,Calhoun,2225,26,0,33.77483727,-85.82630386,1015.0,1958.5405571937854,1.1685393258426966,2199,2215,25,0,2190,2179,114277,10,1,0,9,36
2020-08-27,US,Alabama,Chambers,860,38,0,32.91360079,-85.39072749,1017.0,2586.1550490166596,4.418604651162791,822,862,38,0,824,863,33615,-2,0,0,-2,-1
2020-08-27,US,Alabama,Cherokee,336,11,0,34.17805983,-85.60638968,1019.0,1282.638570774164,3.273809523809524,325,331,9,0,322,334,26032,5,2,0,3,-3
2020-08-27,US,Alabama,Chilton,983,10,0,32.85044126,-86.7173256,1021.0,2212.568650400648,1.017293997965412,973,965,10,0,955,958,44153,18,0,0,18,7
2020-08-27,US,Alabama,Choctaw,314,12,0,32.02227341,-88.26564429999998,1023.0,2494.241004051156,3.8216560509554136,302,315,12,0,303,314,12841,-1,0,0,-1,1
2020-08-27,US,Alabama,Clarke,900,12,0,31.68099859,-87.83548597,1025.0,3810.00762001524,1.3333333333333333,888,900,11,0,889,892,23920,0,1,0,-1,8
2020-08-27,US,Alabama,Clay,329,6,0,33.26984193,-85.85836077,1027.0,2485.8330185115224,1.82370820668693,323,333,6,0,327,317,13275,-4,0,0,-4,16
2020-08-27,US,Alabama,Cleburne,193,4,0,33.67679204,-85.52005899,1029.0,1294.433266264252,2.0725388601036268,189,191,4,0,187,188,14987,2,0,0,2,3
2020-08-27,US,Alabama,Coffee,914,5,0,31.39932826,-85.98901039,1031.0,1746.207634404493,0.5470459518599562,909,909,5,0,904,907,51909,5,0,0,5,2
2020-08-27,US,Alabama,Colbert,1381,19,0,34.69847452,-87.80168544,1033.0,2499.954743759165,1.3758146270818248,1362,1367,19,0,1348,1358,54762,14,0,0,14,9
2020-08-27,US,Alabama,Conecuh,432,11,0,31.43401703,-86.99320044,1035.0,3580.0116018894505,2.5462962962962963,421,431,11,0,420,429,12277,1,0,0,1,2
2020-08-27,US,Alabama,Coosa,108,3,0,32.93690146,-86.24847739,1037.0,1012.848166557254,2.7777777777777777,105,110,3,0,107,110,10715,-2,0,0,-2,0
2020-08-27,US,Alabama,Covington,800,22,0,31.247785399999998,-86.45050893,1039.0,2159.302545277875,2.75,778,796,22,0,774,812,36986,4,0,0,4,-16
2020-08-27,US,Alabama,Crenshaw,376,20,0,31.72941803,-86.31593104,1041.0,2730.17717107174,5.319148936170213,356,377,17,0,360,368,13824,-1,3,0,-4,9
2020-08-27,US,Alabama,Cullman,1387,11,0,34.13020303,-86.86888037,1043.0,1655.7635373889789,0.7930785868781542,1376,1386,11,0,1375,1379,83442,1,0,0,1,7
2020-08-27,US,Alabama,Dale,983,36,0,31.43037123,-85.61095742,1045.0,1999.1051818107867,3.6622583926754833,947,975,36,0,939,965,48956,8,0,0,8,10
2020-08-27,US,Alabama,Dallas,1400,25,0,32.32688101,-87.10866709999998,1047.0,3763.845574792989,1.7857142857142858,1375,1395,25,0,1370,1413,38310,5,0,0,5,-18
2020-08-27,US,Alabama,DeKalb,2026,14,0,34.45946862,-85.80782906,1049.0,2833.051333324011,0.6910167818361304,2012,2010,14,0,1996,1999,71385,16,0,0,16,11
2020-08-27,US,Alabama,Elmore,1950,42,0,32.59785413,-86.14415284,1051.0,2401.2116883596645,2.1538461538461537,1908,1935,42,0,1893,1938,81887,15,0,0,15,-3
2020-08-27,US,Alabama,Escambia,1190,21,0,31.1256789,-87.15918694,1053.0,3248.4372014304045,1.7647058823529411,1169,1193,20,0,1173,1191,36748,-3,1,0,-4,2
2020-08-27,US,Alabama,Etowah,2578,38,0,34.04567266,-86.04051873,1055.0,2520.82762936598,1.4740108611326608,2540,2568,37,0,2531,2556,102501,10,1,0,9,12
2020-08-27,US,Alabama,Fayette,276,6,0,33.72076938,-87.73886638,1057.0,1693.0437983069562,2.1739130434782608,270,272,6,0,266,270,16433,4,0,0,4,2
2020-08-27,US,Alabama,Franklin,1475,25,0,34.44235334,-87.84289505,1059.0,4703.1439321471835,1.6949152542372878,1450,1465,24,0,1441,1456,31363,10,1,0,9,9
2020-08-27,US,Alabama,Geneva,367,3,0,31.09389027,-85.83572839,1061.0,1396.9776559704615,0.8174386920980926,364,365,2,0,363,359,26314,2,1,0,1,6
2020-08-27,US,Alabama,Greene,274,14,0,32.85504247,-87.95684022,1063.0,3378.128467513254,5.109489051094892,260,273,14,0,259,269,8233,1,0,0,1,4
2020-08-27,US,Alabama,Hale,521,27,0,32.76039258,-87.63284988,1065.0,3556.071257934612,5.182341650671785,494,517,27,0,490,513,14726,4,0,0,4,4
2020-08-27,US,Alabama,Henry,312,3,0,31.51148016,-85.24267944,1067.0,1813.426329555362,0.9615384615384616,309,310,3,0,307,310,17209,2,0,0,2,0
2020-08-27,US,Alabama,Houston,1766,14,0,31.15197924,-85.29939599,1069.0,1667.8944485370507,0.7927519818799547,1752,1762,14,0,1748,1755,104722,4,0,0,4,7
2020-08-27,US,Alabama,Jackson,1237,7,0,34.78144169,-85.99750489,1071.0,2396.0794948281878,0.5658852061438965,1230,1238,6,0,1232,1223,51736,-1,1,0,-2,15
2020-08-27,US,Alabama,Jefferson,15175,286,0,33.55554728,-86.89506300000002,1073.0,2304.224436774663,1.884678747940692,14889,15068,285,0,14783,14729,659300,107,1,0,106,339
2020-08-27,US,Alabama,Lamar,266,2,0,33.77995024,-88.09668032,1075.0,1926.8381021369064,0.7518796992481203,264,266,2,0,264,264,13844,0,0,0,0,2
2020-08-27,US,Alabama,Lauderdale,1373,22,0,34.90171875,-87.65624729,1077.0,1480.6586936125698,1.602330662782229,1351,1364,22,0,1342,1353,92387,9,0,0,9,11
2020-08-27,US,Alabama,Lawrence,432,5,0,34.52041498,-87.31069453,1079.0,1312.1127445024906,1.1574074074074074,427,427,5,0,422,419,32957,5,0,0,5,8
2020-08-27,US,Alabama,Lee,3031,48,0,32.60154883,-85.35132246,1081.0,1842.082872458096,1.583635763774332,2983,3006,48,0,2958,2946,163941,25,0,0,25,60
2020-08-27,US,Alabama,Limestone,1591,14,0,34.81185586,-86.98310072,1083.0,1608.4517009553656,0.8799497171590195,1577,1570,14,0,1556,1548,96174,21,0,0,21,22
2020-08-27,US,Alabama,Lowndes,590,24,0,32.1597283,-86.65158371,1085.0,6066.214271026116,4.067796610169491,566,588,24,0,564,591,9974,2,0,0,2,-3
2020-08-27,US,Alabama,Macon,381,16,0,32.38759944,-85.69267724,1087.0,2108.7004649103387,4.199475065616799,365,380,16,0,364,373,18439,1,0,0,1,7
2020-08-27,US,Alabama,Madison,6048,45,0,34.76327133,-86.55069633,1089.0,1621.8433987916626,0.7440476190476191,6003,6008,41,0,5967,5926,366519,40,4,0,36,82
2020-08-27,US,Alabama,Marengo,621,17,0,32.24767634,-87.78796182,1091.0,3292.159253565181,2.7375201288244773,604,621,17,0,604,616,19066,0,0,0,0,5
2020-08-27,US,Alabama,Marion,691,28,0,34.13697363,-87.88704173,1093.0,2325.89451008112,4.052098408104197,663,681,28,0,653,681,29763,10,0,0,10,0
2020-08-27,US,Alabama,Marshall,3441,39,0,34.36975964,-86.30486727,1095.0,3555.707111414223,1.1333914559721012,3402,3438,39,0,3399,3432,96109,3,0,0,3,6
2020-08-27,US,Alabama,Mobile,11778,247,0,30.78472347,-88.20842409,1097.0,2850.3666416592046,2.097130242825607,11531,11731,246,0,11485,11573,413757,47,1,0,46,158
2020-08-27,US,Alabama,Monroe,439,6,0,31.56729412,-87.36995001,1099.0,2117.397385810061,1.366742596810934,433,439,6,0,433,449,21067,0,0,0,0,-10
2020-08-27,US,Alabama,Montgomery,7551,157,0,32.2206831,-86.20969272,1101.0,3333.9809083122136,2.079194808634618,7394,7497,156,0,7341,7477,225763,54,1,0,53,20
2020-08-27,US,Alabama,Morgan,2723,22,0,34.45500589,-86.85475946,1103.0,2275.252968357021,0.8079324274697025,2701,2698,22,0,2676,2638,119089,25,0,0,25,60
2020-08-27,US,Alabama,Perry,473,4,0,32.64048341,-87.29770589,1105.0,5300.907766446262,0.8456659619450317,469,473,4,0,469,473,9140,0,0,0,0,0
2020-08-27,US,Alabama,Pickens,511,10,0,33.28094866,-88.08818103,1107.0,2563.9739086803816,1.9569471624266144,501,508,10,0,498,501,19938,3,0,0,3,7
2020-08-27,US,Alabama,Pike,809,7,0,31.80396383,-85.9408295,1109.0,2443.075436371323,0.865265760197775,802,802,7,0,795,785,33338,7,0,0,7,17
2020-08-27,US,Alabama,Randolph,456,11,0,33.29526734,-85.45708831,1111.0,2006.8655928175333,2.4122807017543857,445,450,11,0,439,442,22725,6,0,0,6,8
2020-08-27,US,Alabama,Russell,1507,2,0,32.28725256,-85.18415324,1113.0,2600.024154172633,0.13271400132714,1505,1503,2,0,1501,1500,57781,4,0,0,4,3
2020-08-27,US,Alabama,Shelby,3758,40,0,33.26879845,-86.66232561,1117.0,1726.2128965282818,1.06439595529537,3718,3732,38,0,3694,3662,215707,26,2,0,24,70
2020-08-27,US,Alabama,St. Clair,1577,25,0,33.71902176,-86.31029372,1115.0,1761.7749575475916,1.5852885225110969,1552,1568,24,0,1544,1555,88690,9,1,0,8,13
2020-08-27,US,Alabama,Sumter,393,19,0,32.59117397,-88.19916205,1119.0,3162.468817896516,4.8346055979643765,374,393,19,0,374,392,12691,0,0,0,0,1
2020-08-27,US,Alabama,Talladega,1224,17,0,33.37823223,-86.16886178,1121.0,1530.420865738078,1.3888888888888888,1207,1222,16,0,1206,1225,79828,2,1,0,1,-3
2020-08-27,US,Alabama,Tallapoosa,911,79,0,32.86698258,-85.79833053,1123.0,2256.7939158223307,8.67178924259056,832,910,79,0,831,920,40497,1,0,0,1,-10
2020-08-27,US,Alabama,Tuscaloosa,4954,87,0,33.28726072,-87.52556818,1125.0,2366.315588354709,1.7561566410981024,4867,4899,87,0,4812,4823,208911,55,0,0,55,76
2020-08-27,US,Alabama,Unassigned,8229,86,0,0.0,0.0,90001.0,0.0,1.0450844574067324,8143,7128,80,0,7048,6288,,1101,6,0,1095,840
2020-08-27,US,Alabama,Walker,1776,68,0,33.80270512,-87.30027177,1127.0,2795.925756836322,3.8288288288288284,1708,1758,67,0,1691,1746,63711,18,1,0,17,12
2020-08-27,US,Alabama,Washington,492,13,0,31.4092794,-88.20689944,1129.0,3013.597941933113,2.6422764227642275,479,494,13,0,481,487,16378,-2,0,0,-2,7
2020-08-27,US,Alabama,Wilcox,476,10,0,31.98773215,-87.30891118,1131.0,4588.836402198014,2.100840336134454,466,475,10,0,465,472,10627,1,0,0,1,3
2020-08-27,US,Alabama,Winston,522,11,0,34.15030532,-87.37325922,1133.0,2209.1497735833086,2.10727969348659,511,512,11,0,501,508,23660,10,0,0,10,4
2020-08-27,US,Alaska,Aleutians East,2,0,0,55.32222414,-161.9722021,2013.0,59.93407252022774,0.0,2,2,0,0,2,2,3515,0,0,0,0,0
2020-08-27,US,Alaska,Aleutians West,6,0,0,52.3233,-174.1596,2016.0,106.49627263045794,0.0,6,6,0,0,6,5,5723,0,0,0,0,1
2020-08-27,US,Alaska,Anchorage,2819,21,0,61.14998174,-149.14269860000005,2020.0,978.8194444444445,0.7449450159631075,2798,2777,21,0,2756,2751,291538,42,0,0,42,26
2020-08-27,US,Alaska,Bethel,55,1,0,60.90980451,-159.8561831,2050.0,299.14065049494184,1.818181818181818,54,55,1,0,54,55,18216,0,0,0,0,0
2020-08-27,US,Alaska,Bristol Bay,11,0,0,58.74513976,-156.701064,2060.0,1315.7894736842104,0.0,11,11,0,0,11,11,877,0,0,0,0,0
2020-08-27,US,Alaska,Denali,1,0,0,63.67264044,-150.0076108,2068.0,47.687172150691474,0.0,1,1,0,0,1,1,2059,0,0,0,0,0
2020-08-27,US,Alaska,Dillingham,5,0,0,59.79603738,-158.23819419999995,2070.0,101.70870626525631,0.0,5,5,0,0,5,5,5000,0,0,0,0,0
2020-08-27,US,Alaska,Fairbanks North Star,590,8,0,64.80726247,-146.5692662,2090.0,609.1957583454656,1.3559322033898304,582,575,8,0,567,565,98971,15,0,0,15,10
2020-08-27,US,Alaska,Haines,5,0,0,59.09893571,-135.4679843,2100.0,197.6284584980237,0.0,5,5,0,0,5,5,2474,0,0,0,0,0
2020-08-27,US,Alaska,Juneau,168,1,0,58.45031811,-134.200436,2110.0,525.4269093638582,0.5952380952380952,167,164,1,0,163,164,32113,4,0,0,4,0
2020-08-27,US,Alaska,Kenai Peninsula,406,2,0,60.24429722,-151.53888840000005,2122.0,691.5582203447569,0.4926108374384237,404,406,2,0,404,403,58533,0,0,0,0,3
2020-08-27,US,Alaska,Ketchikan Gateway,43,0,0,55.57445008,-130.975561,2130.0,309.3302640097835,0.0,43,43,0,0,43,43,13918,0,0,0,0,0
2020-08-27,US,Alaska,Kodiak Island,14,0,0,57.65529415,-153.7493579,2150.0,107.70887828896757,0.0,14,14,0,0,14,14,13345,0,0,0,0,0
2020-08-27,US,Alaska,Kusilvak,8,0,0,62.15429159999999,-163.39678830000003,2158.0,96.22323791195574,0.0,8,8,0,0,8,8,8303,0,0,0,0,0
2020-08-27,US,Alaska,Matanuska-Susitna,466,2,0,62.31305045,-149.5741743,2170.0,430.2187098978,0.4291845493562232,464,454,2,0,452,447,107610,12,0,0,12,7
2020-08-27,US,Alaska,Nome,32,0,0,64.90320724,-164.0353804,2180.0,319.87205117952817,0.0,32,32,0,0,32,32,10008,0,0,0,0,0
2020-08-27,US,Alaska,North Slope,35,0,0,69.31479216,-153.4836093,2185.0,355.9804719283972,0.0,35,34,0,0,34,33,9872,1,0,0,1,1
2020-08-27,US,Alaska,Northwest Arctic,65,0,0,67.04919196,-159.7503946,2188.0,852.906442724052,0.0,65,65,0,0,65,63,7671,0,0,0,0,2
2020-08-27,US,Alaska,Petersburg,7,1,0,57.13978948,-132.9540995,2195.0,214.32945499081444,14.285714285714285,6,7,1,0,6,7,3221,0,0,0,0,0
2020-08-27,US,Alaska,Prince of Wales-Hyder,21,0,0,55.76261984,-133.0511621,2198.0,338.54586490407866,0.0,21,20,0,0,20,20,6422,1,0,0,1,0
2020-08-27,US,Alaska,Sitka,35,0,0,57.24124555,-135.3206587,2220.0,412.10408571764987,0.0,35,34,0,0,34,34,8647,1,0,0,1,0
2020-08-27,US,Alaska,Southeast Fairbanks,18,0,0,63.87692095,-143.2127643,2240.0,261.13448425939356,0.0,18,18,0,0,18,18,6918,0,0,0,0,0
2020-08-27,US,Alaska,Unassigned,3,0,0,0.0,0.0,90002.0,0.0,0.0,3,2,0,0,2,2,,1,0,0,1,0
2020-08-27,US,Alaska,Valdez-Cordova,71,0,0,61.47502768,-144.7126799,2261.0,771.5713975222777,0.0,71,71,0,0,71,71,9164,0,0,0,0,0
2020-08-27,US,Alaska,Wrangell,10,0,0,56.3202004,-132.05837309999998,2275.0,399.6802557953637,0.0,10,9,0,0,9,9,2503,1,0,0,1,0
2020-08-27,US,Alaska,Yakutat,11,0,0,59.890980799999994,-140.36014509999998,2282.0,1899.827288428325,0.0,11,11,0,0,11,9,604,0,0,0,0,2
2020-08-27,US,Alaska,Yukon-Koyukuk,67,1,0,65.50815459,-151.39073869999999,2290.0,1281.0707456978967,1.492537313432836,66,66,1,0,65,66,5327,1,0,0,1,0
2020-08-27,US,Arizona,Apache,3323,151,0,35.39465006,-109.4892383,4001.0,4622.532585863925,4.544086668672887,3172,3315,151,0,3164,3309,71818,8,0,0,8,6
2020-08-27,US,Arizona,Cochise,1805,58,0,31.87934684,-109.7516088,4003.0,1433.427042137196,3.2132963988919667,1747,1802,58,0,1744,1798,126770,3,0,0,3,4
2020-08-27,US,Arizona,Coconino,3269,123,0,35.83883429,-111.77071780000001,4005.0,2278.429841924782,3.7626185377791375,3146,3266,123,0,3143,3264,142854,3,0,0,3,2
2020-08-27,US,Arizona,Gila,1095,47,0,33.80190085,-110.8132779,4007.0,2027.1020770854159,4.2922374429223735,1048,1081,47,0,1034,1083,53889,14,0,0,14,-2
2020-08-27,US,Arizona,Graham,702,22,0,32.93166885,-109.8882178,4009.0,1807.5546514921332,3.133903133903134,680,698,22,0,676,694,38072,4,0,0,4,4
2020-08-27,US,Arizona,Greenlee,58,1,0,33.21498827,-109.2405279,4011.0,610.6548747104654,1.7241379310344829,57,58,1,0,57,58,9483,0,0,0,0,0
2020-08-27,US,Arizona,La Paz,498,15,0,33.72854224,-113.98100290000001,4012.0,2359.295054007959,3.0120481927710845,483,496,15,0,481,496,21098,2,0,0,2,0
2020-08-27,US,Arizona,Maricopa,132704,2896,0,33.34835867,-112.49181540000001,4013.0,2958.567481173421,2.1823004581625267,129808,132434,2869,0,129565,132290,4410824,270,27,0,243,144
2020-08-27,US,Arizona,Mohave,3566,202,0,35.70471703,-113.7577902,4015.0,1680.6405851607824,5.664610207515423,3364,3541,201,0,3340,3534,209550,25,1,0,24,7
2020-08-27,US,Arizona,Navajo,5546,218,0,35.3997715,-110.3218983,4017.0,4999.819696368685,3.9307609087630726,5328,5529,218,0,5311,5523,110445,17,0,0,17,6
2020-08-27,US,Arizona,Pima,21001,567,0,32.0971334,-111.7890033,4019.0,2005.2918085820493,2.6998714346935864,20434,20911,563,0,20348,20919,1039073,90,4,0,86,-8
2020-08-27,US,Arizona,Pinal,9435,180,0,32.90525627,-111.3449483,4021.0,2038.726071708705,1.9077901430842608,9255,9247,180,0,9067,9232,447138,188,0,0,188,15
2020-08-27,US,Arizona,Santa Cruz,2718,57,0,31.52508998,-110.8479088,4023.0,5845.412705922836,2.097130242825607,2661,2718,56,0,2662,2728,46511,0,1,0,-1,-10
2020-08-27,US,Arizona,Unassigned,0,1,0,0.0,0.0,90004.0,0.0,0.0,-1,0,1,0,-1,1,,0,0,0,0,-1
2020-08-27,US,Arizona,Yavapai,2277,76,0,34.59933926,-112.5538588,4025.0,968.5281519700212,3.337725076855512,2201,2260,76,0,2184,2259,231993,17,0,0,17,1
2020-08-27,US,Arizona,Yuma,12142,315,0,32.76895712,-113.90666740000002,4027.0,5679.48472077348,2.5943007741722943,11827,12103,315,0,11788,12085,212128,39,0,0,39,18
2020-08-27,US,Arkansas,Arkansas,273,2,0,34.29145151,-91.37277296,5001.0,1561.248999199359,0.7326007326007326,271,270,2,0,268,266,17769,3,0,0,3,4
2020-08-27,US,Arkansas,Ashley,386,7,0,33.19153461,-91.76984709999999,5003.0,1963.6770616065523,1.8134715025906736,379,383,7,0,376,380,20046,3,0,0,3,3
2020-08-27,US,Arkansas,Baxter,129,0,0,36.28784385,-92.33782872,5005.0,307.6409424782982,0.0,129,121,0,0,121,116,41619,8,0,0,8,5
2020-08-27,US,Arkansas,Benton,5185,47,0,36.33644656,-94.25680817,5007.0,1857.4842104886056,0.9064609450337512,5138,5147,47,0,5100,5113,272608,38,0,0,38,34
2020-08-27,US,Arkansas,Boone,301,1,0,36.3084504,-93.09374925,5009.0,804.1248129942294,0.3322259136212625,300,292,1,0,291,274,37480,9,0,0,9,18
2020-08-27,US,Arkansas,Bradley,275,5,0,33.46755808,-92.15980837,5011.0,2555.0497073306697,1.818181818181818,270,271,5,0,266,267,10897,4,0,0,4,4
2020-08-27,US,Arkansas,Calhoun,23,0,0,33.55598792,-92.49974403,5013.0,443.24532665253423,0.0,23,23,0,0,23,23,5277,0,0,0,0,0
2020-08-27,US,Arkansas,Carroll,448,7,0,36.34038560000001,-93.54270261,5015.0,1578.5764622973925,1.5625,441,442,7,0,435,437,28223,6,0,0,6,5
2020-08-27,US,Arkansas,Chicot,948,10,0,33.26458973,-91.29539209,5017.0,9369.44060090927,1.0548523206751057,938,943,10,0,933,939,10438,5,0,0,5,4
2020-08-27,US,Arkansas,Clark,222,3,0,34.04613432,-93.17484713,5019.0,994.6236559139784,1.351351351351351,219,218,3,0,215,215,22061,4,0,0,4,3
2020-08-27,US,Arkansas,Clay,170,5,0,36.36826212,-90.4148172,5021.0,1168.3045838773967,2.9411764705882355,165,167,5,0,162,165,14847,3,0,0,3,2
2020-08-27,US,Arkansas,Cleburne,253,6,0,35.53864922,-92.02640019,5023.0,1015.2895381034552,2.3715415019762847,247,249,6,0,243,247,24965,4,0,0,4,2
2020-08-27,US,Arkansas,Cleveland,134,3,0,33.89723187,-92.18537045,5025.0,1684.2634489693314,2.238805970149253,131,132,2,0,130,130,8018,2,1,0,1,2
2020-08-27,US,Arkansas,Columbia,288,14,0,33.21230701,-93.22642793,5027.0,1227.7784882977362,4.861111111111111,274,286,14,0,272,284,23537,2,0,0,2,2
2020-08-27,US,Arkansas,Conway,196,3,0,35.26205537,-92.70506566,5029.0,940.2283411685696,1.5306122448979589,193,195,3,0,192,193,20891,1,0,0,1,2
2020-08-27,US,Arkansas,Craighead,1746,14,0,35.83018283,-90.63235729,5031.0,1582.4964652140811,0.8018327605956472,1732,1728,14,0,1714,1701,108558,18,0,0,18,27
2020-08-27,US,Arkansas,Crawford,883,6,0,35.58928601,-94.2446814,5033.0,1395.8929446543466,0.6795016987542469,877,865,6,0,859,851,63406,18,0,0,18,14
2020-08-27,US,Arkansas,Crittenden,1619,30,0,35.21247318,-90.30839406,5035.0,3376.081743301012,1.8529956763434217,1589,1602,29,0,1573,1595,48342,17,1,0,16,7
2020-08-27,US,Arkansas,Cross,258,5,0,35.29631396,-90.77185818,5037.0,1571.3502649369632,1.937984496124031,253,248,5,0,243,244,16676,10,0,0,10,4
2020-08-27,US,Arkansas,Dallas,109,2,0,33.97042763,-92.65167437,5039.0,1555.1433870737626,1.834862385321101,107,104,2,0,102,103,7182,5,0,0,5,1
2020-08-27,US,Arkansas,Desha,232,5,0,33.83011025,-91.25500948,5041.0,2042.073761112578,2.155172413793104,227,225,5,0,220,224,11512,7,0,0,7,1
2020-08-27,US,Arkansas,Drew,298,4,0,33.59035001,-91.71777921,5043.0,1635.6550853504584,1.342281879194631,294,295,4,0,291,294,18328,3,0,0,3,1
2020-08-27,US,Arkansas,Faulkner,1610,8,0,35.14719007,-92.33717519,5045.0,1277.7067940669965,0.4968944099378882,1602,1593,8,0,1585,1579,124806,17,0,0,17,14
2020-08-27,US,Arkansas,Franklin,156,2,0,35.51202821,-93.89299569,5047.0,880.6096528365791,1.2820512820512822,154,156,2,0,154,153,17810,0,0,0,0,3
2020-08-27,US,Arkansas,Fulton,65,0,0,36.38177105,-91.81729127,5049.0,520.9585637573134,0.0,65,62,0,0,62,61,12269,3,0,0,3,1
2020-08-27,US,Arkansas,Garland,1368,28,0,34.57692074,-93.14921604,5051.0,1376.4514116676394,2.046783625730994,1340,1348,28,0,1320,1320,99154,20,0,0,20,28
2020-08-27,US,Arkansas,Grant,177,1,0,34.29017991,-92.42320562,5053.0,969.066520667944,0.5649717514124294,176,174,1,0,173,169,18188,3,0,0,3,5
2020-08-27,US,Arkansas,Greene,603,4,0,36.11735460000001,-90.55832668,5055.0,1330.391616105902,0.6633499170812603,599,598,4,0,594,587,45325,5,0,0,5,11
2020-08-27,US,Arkansas,Hempstead,323,3,0,33.73325583,-93.66935133,5057.0,1500.0928850083594,0.9287925696594428,320,318,3,0,315,312,21741,5,0,0,5,6
2020-08-27,US,Arkansas,Hot Spring,1693,20,0,34.31709259,-92.95396325,5059.0,5013.176986171568,1.1813349084465443,1673,1687,19,0,1668,1684,33701,6,1,0,5,3
2020-08-27,US,Arkansas,Howard,407,5,0,34.09007427,-93.9934871,5061.0,3082.866232389032,1.2285012285012284,402,398,5,0,393,398,13341,9,0,0,9,0
2020-08-27,US,Arkansas,Independence,731,4,0,35.74242707,-91.57001641,5063.0,1932.584269662921,0.5471956224350205,727,723,4,0,719,705,37678,8,0,0,8,18
2020-08-27,US,Arkansas,Izard,88,0,0,36.09604046,-91.90847954,5065.0,645.682001614205,0.0,88,83,0,0,83,80,13593,5,0,0,5,3
2020-08-27,US,Arkansas,Jackson,180,1,0,35.59802983,-91.21494602,5067.0,1076.6194150367844,0.5555555555555556,179,175,1,0,174,175,16811,5,0,0,5,0
2020-08-27,US,Arkansas,Jefferson,2002,47,0,34.26767081,-91.92619839,5069.0,2995.9296061295345,2.3476523476523483,1955,1970,47,0,1923,1924,68114,32,0,0,32,46
2020-08-27,US,Arkansas,Johnson,749,4,0,35.56759135,-93.46036368,5071.0,2818.120249830687,0.5340453938584779,745,745,4,0,741,742,26742,4,0,0,4,3
2020-08-27,US,Arkansas,Lafayette,66,2,0,33.24116713,-93.60677071,5073.0,996.3768115942028,3.0303030303030303,64,66,2,0,64,65,6682,0,0,0,0,1
2020-08-27,US,Arkansas,Lawrence,245,10,0,36.04188196,-91.10867198,5075.0,1493.3560892356454,4.081632653061225,235,244,10,0,234,245,16434,1,0,0,1,-1
2020-08-27,US,Arkansas,Lee,999,10,0,34.78498904,-90.78383866,5077.0,11279.214180873883,1.001001001001001,989,996,10,0,986,993,8985,3,0,0,3,3
2020-08-27,US,Arkansas,Lincoln,1406,13,0,33.95317155,-91.74002806,5079.0,10795.454545454546,0.9246088193456614,1393,1398,13,0,1385,1384,13383,8,0,0,8,14
2020-08-27,US,Arkansas,Little River,274,14,0,33.70375665,-94.23468591,5081.0,2235.092585039563,5.109489051094892,260,271,14,0,257,265,12326,3,0,0,3,6
2020-08-27,US,Arkansas,Logan,359,1,0,35.21413234,-93.71951016,5083.0,1672.412186713873,0.2785515320334262,358,355,1,0,354,351,21737,4,0,0,4,4
2020-08-27,US,Arkansas,Lonoke,679,3,0,34.75392199,-91.88742357,5085.0,926.2164263596557,0.4418262150220913,676,674,3,0,671,661,73657,5,0,0,5,13
2020-08-27,US,Arkansas,Madison,287,2,0,36.01038185,-93.72524943,5087.0,1731.418918918919,0.6968641114982579,285,287,2,0,285,287,16481,0,0,0,0,0
2020-08-27,US,Arkansas,Marion,43,0,0,36.26844485,-92.68451899,5089.0,257.57757278063974,0.0,43,43,0,0,43,41,16722,0,0,0,0,2
2020-08-27,US,Arkansas,Miller,591,6,0,33.31403423,-93.89285258,5091.0,1366.2528608086552,1.0152284263959392,585,584,5,0,579,578,43592,7,1,0,6,6
2020-08-27,US,Arkansas,Mississippi,1304,20,0,35.76271485,-90.05194370000002,5093.0,3207.793166219773,1.5337423312883436,1284,1292,20,0,1272,1277,41239,12,0,0,12,15
2020-08-27,US,Arkansas,Monroe,91,0,0,34.6815935,-91.20540287,5095.0,1358.0062677212354,0.0,91,91,0,0,91,90,6900,0,0,0,0,1
2020-08-27,US,Arkansas,Montgomery,70,3,0,34.53704874,-93.65824478,5097.0,778.9895392833296,4.285714285714286,67,65,3,0,62,61,8924,5,0,0,5,4
2020-08-27,US,Arkansas,Nevada,161,11,0,33.66340119,-93.30632432,5099.0,1951.0421715947648,6.832298136645963,150,158,11,0,147,158,8326,3,0,0,3,0
2020-08-27,US,Arkansas,Newton,112,15,0,35.91947491,-93.21612969,5101.0,1444.602089513737,13.392857142857142,97,110,15,0,95,109,7805,2,0,0,2,1
2020-08-27,US,Arkansas,Ouachita,141,4,0,33.58839816,-92.87795984,5103.0,603.0279702335131,2.8368794326241136,137,135,4,0,131,133,23606,6,0,0,6,2
2020-08-27,US,Arkansas,Perry,61,0,0,34.945915299999996,-92.94372564,5105.0,583.452893352463,0.0,61,59,0,0,59,58,10352,2,0,0,2,1
2020-08-27,US,Arkansas,Phillips,393,9,0,34.43268455,-90.84800154,5107.0,2210.100101225959,2.2900763358778624,384,385,9,0,376,379,18029,8,0,0,8,6
2020-08-27,US,Arkansas,Pike,167,1,0,34.16250414,-93.65789349,5109.0,1558.1265161410709,0.5988023952095808,166,163,1,0,162,161,10673,4,0,0,4,2
2020-08-27,US,Arkansas,Poinsett,453,5,0,35.57433534,-90.66268713,5111.0,1925.365521931316,1.1037527593818983,448,452,4,0,448,432,23974,1,1,0,0,20
2020-08-27,US,Arkansas,Polk,218,4,0,34.48254879,-94.22728802,5113.0,1091.9655379683431,1.834862385321101,214,212,3,0,209,208,20049,6,1,0,5,4
2020-08-27,US,Arkansas,Pope,1658,14,0,35.44871474,-93.03212219,5115.0,2587.7138219503063,0.8443908323281062,1644,1620,14,0,1606,1605,64000,38,0,0,38,15
2020-08-27,US,Arkansas,Prairie,114,0,0,34.83624419,-91.55162157,5117.0,1414.0411808484243,0.0,114,114,0,0,114,114,8074,0,0,0,0,0
2020-08-27,US,Arkansas,Pulaski,6855,99,0,34.77054088,-92.31355101,5119.0,1749.1216117945144,1.4442013129102844,6756,6761,99,0,6662,6675,392680,94,0,0,94,86
2020-08-27,US,Arkansas,Randolph,296,12,0,36.3415714,-91.02455531,5121.0,1648.2904555072946,4.0540540540540535,284,292,12,0,280,291,17948,4,0,0,4,1
2020-08-27,US,Arkansas,Saline,1509,11,0,34.64916145,-92.67583224,5125.0,1232.4705767047542,0.7289595758780649,1498,1475,11,0,1464,1409,121421,34,0,0,34,66
2020-08-27,US,Arkansas,Scott,84,0,0,34.85588887,-94.0632176,5127.0,817.0411438576014,0.0,84,84,0,0,84,84,10319,0,0,0,0,0
2020-08-27,US,Arkansas,Searcy,87,0,0,35.9109364,-92.69936482,5129.0,1103.9208222306813,0.0,87,73,0,0,73,66,7958,14,0,0,14,7
2020-08-27,US,Arkansas,Sebastian,2790,32,0,35.19605503,-94.27162713,5131.0,2182.63747095684,1.1469534050179209,2758,2753,32,0,2721,2722,127753,37,0,0,37,31
2020-08-27,US,Arkansas,Sevier,1146,12,0,33.99780401,-94.2424869,5133.0,6738.401834538719,1.0471204188481675,1134,1142,12,0,1130,1134,17139,4,0,0,4,8
2020-08-27,US,Arkansas,Sharp,147,5,0,36.16258158,-91.47819342,5135.0,842.7932576539388,3.4013605442176873,142,145,5,0,140,137,17366,2,0,0,2,8
2020-08-27,US,Arkansas,St. Francis,1299,3,0,35.02201976,-90.74828138,5123.0,5197.2473393614455,0.2309468822170901,1296,1282,3,0,1279,1280,25439,17,0,0,17,2
2020-08-27,US,Arkansas,Stone,183,2,0,35.86251946,-92.15684085,5137.0,1463.297617143771,1.0928961748633879,181,169,1,0,168,159,12457,14,1,0,13,10
2020-08-27,US,Arkansas,Unassigned,806,0,0,0.0,0.0,90005.0,0.0,0.0,806,794,0,0,794,820,,12,0,0,12,-26
2020-08-27,US,Arkansas,Union,670,20,0,33.16887091,-92.59746952,5139.0,1732.0717646450546,2.985074626865672,650,653,20,0,633,650,39126,17,0,0,17,3
2020-08-27,US,Arkansas,Van Buren,109,2,0,35.58095779,-92.51295036,5141.0,658.8093079480204,1.834862385321101,107,106,2,0,104,99,16603,3,0,0,3,7
2020-08-27,US,Arkansas,Washington,6673,55,0,35.976844,-94.21800746,5143.0,2789.8673422886686,0.8242169938558369,6618,6659,55,0,6604,6631,236961,14,0,0,14,28
2020-08-27,US,Arkansas,White,511,10,0,35.25688493,-91.74908296,5145.0,648.8641702538316,1.9569471624266144,501,480,10,0,470,472,78727,31,0,0,31,8
2020-08-27,US,Arkansas,Woodruff,27,0,0,35.18902527,-91.2439489,5147.0,427.21518987341767,0.0,27,27,0,0,27,27,6490,0,0,0,0,0
2020-08-27,US,Arkansas,Yell,1133,23,0,35.00292371,-93.41171338,5149.0,5309.029567499179,2.030008826125331,1110,1118,23,0,1095,1113,21535,15,0,0,15,5
2020-08-27,US,California,Alameda,17621,244,0,37.64629437,-121.8929271,6001.0,1054.310671328027,1.3847114238692468,17377,17385,243,0,17142,17275,1666753,236,1,0,235,110
2020-08-27,US,California,Alpine,2,0,0,38.59678594,-119.82235940000001,6003.0,177.14791851195747,0.0,2,2,0,0,2,2,1101,0,0,0,0,0
2020-08-27,US,California,Amador,275,14,0,38.44583082,-120.65696000000001,6005.0,691.7890923727107,5.090909090909091,261,270,14,0,256,268,39383,5,0,0,5,2
2020-08-27,US,California,Butte,1765,21,0,39.66727762,-121.6005252,6007.0,805.2521602657105,1.1898016997167138,1744,1718,18,0,1700,1664,231256,47,3,0,44,54
2020-08-27,US,California,Calaveras,223,2,0,38.20537103,-120.55291299999999,6009.0,485.78586210652435,0.8968609865470852,221,223,2,0,221,197,45602,0,0,0,0,26
2020-08-27,US,California,Colusa,434,6,0,39.17881957,-122.2331726,6011.0,2014.2015129716433,1.3824884792626728,428,430,5,0,425,426,21627,4,1,0,3,4
2020-08-27,US,California,Contra Costa,13259,172,0,37.91923498,-121.9289527,6013.0,1149.4322624717606,1.2972320687834678,13087,13181,171,0,13010,12906,1150215,78,1,0,77,275
2020-08-27,US,California,Del Norte,121,1,0,41.74228275,-123.89740630000001,6015.0,435.0640011505825,0.8264462809917356,120,121,1,0,120,116,27828,0,0,0,0,5
2020-08-27,US,California,El Dorado,938,2,0,38.77965956,-120.5233166,6017.0,486.4060401466478,0.2132196162046908,936,932,2,0,930,924,190678,6,0,0,6,8
2020-08-27,US,California,Fresno,24071,239,0,36.75733899,-119.6466953,6019.0,2409.265930071134,0.9928960159528064,23832,23932,239,0,23693,23618,994400,139,0,0,139,314
2020-08-27,US,California,Glenn,434,3,0,39.59875897,-122.3938452,6021.0,1528.5457683231782,0.6912442396313364,431,433,3,0,430,433,28047,1,0,0,1,0
2020-08-27,US,California,Humboldt,364,4,0,40.69923009,-123.876044,6023.0,268.51974800454417,1.0989010989010992,360,361,4,0,357,360,136373,3,0,0,3,1
2020-08-27,US,California,Imperial,10573,286,0,33.0393082,-115.36690420000001,6025.0,5834.505973567309,2.7050033103187365,10287,10509,283,0,10226,10486,181827,64,3,0,61,23
2020-08-27,US,California,Inyo,172,13,0,36.51112084,-117.41119779999998,6027.0,953.4896612894285,7.558139534883722,159,168,13,0,155,167,17987,4,0,0,4,1
2020-08-27,US,California,Kern,28612,251,0,35.34329425,-118.72777959999999,6029.0,3178.3977373967177,0.8772542988955683,28361,28520,251,0,28269,28234,896764,92,0,0,92,286
2020-08-27,US,California,Kings,6021,72,0,36.07409056,-119.8159973,6031.0,3936.837975676736,1.195814648729447,5949,5977,72,0,5905,5957,151366,44,0,0,44,20
2020-08-27,US,California,Lake,314,3,0,39.10124298,-122.75362439999999,6033.0,487.68365793806106,0.9554140127388536,311,304,3,0,301,303,64382,10,0,0,10,1
2020-08-27,US,California,Lassen,715,0,0,40.67311306,-120.59350990000002,6035.0,2338.664834985117,0.0,715,714,0,0,714,704,30802,1,0,0,1,10
2020-08-27,US,California,Los Angeles,236986,5701,0,34.30828379,-118.22824109999999,6037.0,2360.628290942611,2.4056273366359195,231285,235386,5663,0,229723,233777,10105518,1600,38,0,1562,1609
2020-08-27,US,California,Madera,3567,54,0,37.21513971,-119.76655890000002,6039.0,2267.252283460563,1.5138772077375946,3513,3551,53,0,3498,3509,157672,16,1,0,15,42
2020-08-27,US,California,Marin,5999,95,0,38.07122463,-122.72106310000001,6041.0,2317.773330345483,1.5835972662110351,5904,5965,95,0,5870,5942,259666,34,0,0,34,23
2020-08-27,US,California,Mariposa,71,2,0,37.57978556,-119.9073334,6043.0,412.71871185258385,2.8169014084507036,69,70,2,0,68,70,17471,1,0,0,1,0
2020-08-27,US,California,Mendocino,656,16,0,39.4381191,-123.39113130000001,6045.0,756.2046824747258,2.4390243902439024,640,653,16,0,637,645,87606,3,0,0,3,8
2020-08-27,US,California,Merced,7744,112,0,37.18922369,-120.72090349999999,6047.0,2788.8216652261603,1.4462809917355373,7632,7693,110,0,7583,7653,274765,51,2,0,49,40
2020-08-27,US,California,Modoc,5,0,0,41.58965602,-120.7244817,6049.0,56.55468838366701,0.0,5,5,0,0,5,5,8777,0,0,0,0,0
2020-08-27,US,California,Mono,162,2,0,37.93899289,-118.8872409,6051.0,1121.5729714760457,1.2345679012345678,160,162,2,0,160,162,14250,0,0,0,0,0
2020-08-27,US,California,Monterey,7451,53,0,36.21862405,-121.24133970000001,6053.0,1716.5790061765513,0.7113139175949537,7398,7393,53,0,7340,7274,435594,58,0,0,58,119
2020-08-27,US,California,Napa,1382,13,0,38.50735751,-122.33283899999999,6055.0,1003.3104890231152,0.9406657018813314,1369,1374,13,0,1361,1358,139417,8,0,0,8,16
2020-08-27,US,California,Nevada,432,5,0,39.30394768,-120.76272809999999,6057.0,433.0609994486492,1.1574074074074074,427,430,5,0,425,423,99696,2,0,0,2,7
2020-08-27,US,California,Orange,47459,947,0,33.70147516,-117.76459979999998,6059.0,1494.4459349332367,1.995406561453044,46512,47090,918,0,46172,46642,3185968,369,29,0,340,448
2020-08-27,US,California,Placer,2875,32,0,39.06167234,-120.72405690000001,6061.0,721.7651740144454,1.1130434782608696,2843,2852,32,0,2820,2833,393149,23,0,0,23,19
2020-08-27,US,California,Plumas,40,0,0,40.00355989,-120.8395236,6063.0,212.6867655660127,0.0,40,40,0,0,40,40,18804,0,0,0,0,0
2020-08-27,US,California,Riverside,51734,997,0,33.74314981,-115.9933578,6065.0,2094.031036054378,1.9271658870375379,50737,51538,984,0,50554,51200,2450758,196,13,0,183,338
2020-08-27,US,California,Sacramento,16909,265,0,38.45106826,-121.34253740000001,6067.0,1089.4567084477512,1.5672127269501448,16644,16742,259,0,16483,16623,1540975,167,6,0,161,119
2020-08-27,US,California,San Benito,1018,7,0,36.60308176,-121.069975,6069.0,1620.8126353330786,0.6876227897838899,1011,998,7,0,991,987,61537,20,0,0,20,11
2020-08-27,US,California,San Bernardino,46407,715,0,34.84060306,-116.1774685,6071.0,2128.678468958779,1.540715840282716,45692,46051,709,0,45342,45666,2171603,356,6,0,350,385
2020-08-27,US,California,San Diego,37499,673,0,33.03484597,-116.73653259999999,6073.0,1123.2861939952013,1.7947145257206858,36826,37222,668,0,36554,36994,3343364,277,5,0,272,228
2020-08-27,US,California,San Francisco,9149,82,0,37.75215114,-122.43856720000001,6075.0,1037.8322702424937,0.8962728167012788,9067,9060,80,0,8980,8981,883305,89,2,0,87,79
2020-08-27,US,California,San Joaquin,16845,305,0,37.93433732,-121.2730061,6077.0,2210.2006434445802,1.8106262986049275,16540,16795,297,0,16498,16565,752660,50,8,0,42,230
2020-08-27,US,California,San Luis Obispo,2792,21,0,35.38822029,-120.4039028,6079.0,986.1856303711264,0.7521489971346705,2771,2769,21,0,2748,2735,284010,23,0,0,23,34
2020-08-27,US,California,San Mateo,7911,130,0,37.422880799999994,-122.32755459999998,6081.0,1031.9956481639713,1.643281506762735,7781,7849,130,0,7719,7788,769545,62,0,0,62,61
2020-08-27,US,California,Santa Barbara,7916,90,0,34.65329488,-120.0188492,6083.0,1772.9043066165882,1.1369378473976757,7826,7869,89,0,7780,7800,446527,47,1,0,46,69
2020-08-27,US,California,Santa Clara,16393,240,0,37.23104908,-121.6970462,6085.0,850.3246099804343,1.4640395290672847,16153,16306,237,0,16069,16151,1937570,87,3,0,84,155
2020-08-27,US,California,Santa Cruz,1726,7,0,37.05580291,-122.0066524,6087.0,631.7415349928444,0.4055619930475087,1719,1714,7,0,1707,1698,274255,12,0,0,12,16
2020-08-27,US,California,Shasta,557,12,0,40.76391419,-122.0396884,6089.0,309.30697467792095,2.154398563734291,545,554,11,0,543,553,180040,3,1,0,2,1
2020-08-27,US,California,Sierra,6,0,0,39.57713498,-120.52007009999998,6091.0,199.6672212978369,0.0,6,6,0,0,6,6,2987,0,0,0,0,0
2020-08-27,US,California,Siskiyou,126,0,0,41.59198861,-122.54074340000001,6093.0,289.39571418728036,0.0,126,125,0,0,125,124,43724,1,0,0,1,1
2020-08-27,US,California,Solano,5328,46,0,38.26827353,-121.9357113,6095.0,1190.2341821496148,0.8633633633633634,5282,5280,46,0,5234,5231,446610,48,0,0,48,49
2020-08-27,US,California,Sonoma,5469,78,0,38.52746429,-122.88625060000001,6097.0,1106.3325349559814,1.4262205156335712,5391,5422,75,0,5347,5351,499942,47,3,0,44,71
2020-08-27,US,California,Stanislaus,14101,245,0,37.55862499,-120.9970722,6099.0,2560.745287473214,1.7374654279838309,13856,13886,240,0,13646,13521,549815,215,5,0,210,365
2020-08-27,US,California,Sutter,1325,8,0,39.03417539,-121.6945899,6101.0,1366.3878891627396,0.6037735849056604,1317,1312,8,0,1304,1283,96807,13,0,0,13,29
2020-08-27,US,California,Tehama,402,1,0,40.12570935,-122.23701709999999,6103.0,617.663327392293,0.24875621890547264,401,394,1,0,393,388,63916,8,0,0,8,6
2020-08-27,US,California,Trinity,11,0,0,40.64917670000001,-123.114713,6105.0,89.54008954008955,0.0,11,10,0,0,10,10,12535,1,0,0,1,0
2020-08-27,US,California,Tulare,13673,224,0,36.22026558,-118.8020203,6107.0,2932.8928881691136,1.6382651941783075,13449,13609,216,0,13393,13431,465861,64,8,0,56,178
2020-08-27,US,California,Tuolumne,189,2,0,38.02644018,-119.95250929999999,6109.0,346.92903557399325,1.058201058201058,187,179,2,0,177,177,54539,10,0,0,10,2
2020-08-27,US,California,Ventura,10412,107,0,34.44465746,-119.09106129999999,6111.0,1230.7241319801515,1.0276603918555514,10305,10313,105,0,10208,10261,850967,99,2,0,97,52
2020-08-27,US,California,Yolo,2287,51,0,38.68278902,-121.90182879999999,6113.0,1037.18820861678,2.2299956274595543,2236,2274,49,0,2225,2255,220408,13,2,0,11,19
2020-08-27,US,California,Yuba,893,6,0,39.26255932,-121.35356440000001,6115.0,1135.1502516906496,0.6718924972004481,887,883,5,0,878,880,78041,10,1,0,9,3
2020-08-27,US,Colorado,Adams,7331,196,0,39.87432092,-104.3362578,8001.0,1416.8346472215082,2.673577956622562,7135,7285,196,0,7089,7248,511868,46,0,0,46,37
2020-08-27,US,Colorado,Alamosa,237,9,0,37.57250606,-105.7885451,8003.0,1459.9889114766218,3.79746835443038,228,238,9,0,229,237,16683,-1,0,0,-1,1
2020-08-27,US,Colorado,Arapahoe,7968,365,0,39.64977461,-104.3353617,8005.0,1213.5426978784324,4.580823293172691,7603,7928,365,0,7563,7907,651215,40,0,0,40,21
2020-08-27,US,Colorado,Archuleta,46,0,0,37.19474156,-107.04768670000001,8007.0,327.8922232518355,0.0,46,46,0,0,46,46,13765,0,0,0,0,0
2020-08-27,US,Colorado,Baca,16,0,0,37.31940883,-102.5603223,8009.0,446.8025691147723,0.0,16,16,0,0,16,15,3585,0,0,0,0,1
2020-08-27,US,Colorado,Bent,11,0,0,37.95474293,-103.0720195,8011.0,197.23865877712032,0.0,11,11,0,0,11,11,5882,0,0,0,0,0
2020-08-27,US,Colorado,Boulder,2261,79,0,40.09313619,-105.3546767,8013.0,693.1415468000833,3.4940291906236185,2182,2252,79,0,2173,2247,326078,9,0,0,9,5
2020-08-27,US,Colorado,Broomfield,522,33,0,39.95998787,-105.0566324,8014.0,740.7933016391116,6.32183908045977,489,521,33,0,488,523,69267,1,0,0,1,-2
2020-08-27,US,Colorado,Chaffee,315,19,0,38.74745778,-106.19265729999998,8015.0,1547.4552957359008,6.0317460317460325,296,314,19,0,295,314,20027,1,0,0,1,0
2020-08-27,US,Colorado,Cheyenne,9,0,0,38.82777431,-102.6032558,8017.0,491.53468050245766,0.0,9,9,0,0,9,9,1876,0,0,0,0,0
2020-08-27,US,Colorado,Clear Creek,34,1,0,39.68864463,-105.6463118,8019.0,350.5154639175258,2.9411764705882355,33,34,1,0,33,34,9605,0,0,0,0,0
2020-08-27,US,Colorado,Conejos,31,0,0,37.201606,-106.19174879999998,8021.0,377.8184034125533,0.0,31,31,0,0,31,31,8200,0,0,0,0,0
2020-08-27,US,Colorado,Costilla,32,0,0,37.27732493,-105.4276548,8023.0,823.2570105479805,0.0,32,32,0,0,32,29,3828,0,0,0,0,3
2020-08-27,US,Colorado,Crowley,73,1,0,38.32608609,-103.7844965,8025.0,1204.4217125886814,1.3698630136986298,72,73,1,0,72,73,5858,0,0,0,0,0
2020-08-27,US,Colorado,Custer,15,0,0,38.10883162,-105.3683478,8027.0,295.97474348855565,0.0,15,15,0,0,15,13,4954,0,0,0,0,2
2020-08-27,US,Colorado,Delta,152,2,0,38.86246243,-107.86313419999999,8029.0,487.7735703741737,1.3157894736842106,150,148,1,0,147,147,30953,4,1,0,3,1
2020-08-27,US,Colorado,Denver,11077,425,0,39.76018276,-104.87256950000001,8031.0,1523.2167830244591,3.8367789112575608,10652,11021,424,0,10597,11038,716492,56,1,0,55,-17
2020-08-27,US,Colorado,Dolores,2,0,0,37.75208676,-108.5211585,8033.0,97.32360097323601,0.0,2,2,0,0,2,2,2074,0,0,0,0,0
2020-08-27,US,Colorado,Douglas,1958,60,0,39.33133796,-104.930001,8035.0,557.5901171565752,3.0643513789581207,1898,1941,60,0,1881,1927,342776,17,0,0,17,14
2020-08-27,US,Colorado,Eagle,1169,9,0,39.62754308,-106.6933637,8037.0,2120.55798429082,0.7698887938408896,1160,1168,9,0,1159,1167,54993,1,0,0,1,1
2020-08-27,US,Colorado,El Paso,5898,150,0,38.83240149,-104.5251411,8041.0,818.7084173719433,2.5432349949135302,5748,5845,149,0,5696,5806,713856,53,1,0,52,39
2020-08-27,US,Colorado,Elbert,120,2,0,39.28656773,-104.13587209999999,8039.0,448.9505780238692,1.6666666666666667,118,119,2,0,117,117,26282,1,0,0,1,2
2020-08-27,US,Colorado,Fremont,155,0,0,38.47362326,-105.43996670000001,8043.0,324.0034281653045,0.0,155,153,0,0,153,152,48021,2,0,0,2,1
2020-08-27,US,Colorado,Garfield,830,4,0,39.59921777,-107.902708,8045.0,1381.9283728209653,0.4819277108433735,826,825,4,0,821,821,59770,5,0,0,5,4
2020-08-27,US,Colorado,Gilpin,17,0,0,39.85646523,-105.5252597,8047.0,272.30498157936887,0.0,17,17,0,0,17,17,6121,0,0,0,0,0
2020-08-27,US,Colorado,Grand,62,1,0,40.10603347,-106.11780420000001,8049.0,394.05109952968087,1.6129032258064515,61,60,1,0,59,57,15525,2,0,0,2,3
2020-08-27,US,Colorado,Gunnison,289,7,0,38.66611652,-107.0320729,8051.0,1655.0223342114305,2.4221453287197234,282,289,7,0,282,286,17246,0,0,0,0,3
2020-08-27,US,Colorado,Hinsdale,3,0,0,37.82247444,-107.3004345,8053.0,365.8536585365854,0.0,3,3,0,0,3,3,811,0,0,0,0,0
2020-08-27,US,Colorado,Huerfano,8,1,0,37.68473101,-104.9612585,8055.0,115.99246049006815,12.5,7,8,1,0,7,8,6889,0,0,0,0,0
2020-08-27,US,Colorado,Jackson,9,0,0,40.66593870000001,-106.3408905,8057.0,646.5517241379309,0.0,9,9,0,0,9,9,1399,0,0,0,0,0
2020-08-27,US,Colorado,Jefferson,4694,236,0,39.58635604,-105.2517692,8059.0,805.3101748041196,5.027694929697486,4458,4670,236,0,4434,4645,580233,24,0,0,24,25
2020-08-27,US,Colorado,Kit Carson,74,3,0,39.30497777,-102.60221990000001,8063.0,1042.6940960969425,4.0540540540540535,71,74,3,0,71,74,7163,0,0,0,0,0
2020-08-27,US,Colorado,La Plata,233,2,0,37.28632032,-107.8429014,8067.0,414.4358869461589,0.8583690987124464,231,234,2,0,232,234,56310,-1,0,0,-1,0
2020-08-27,US,Colorado,Lake,80,0,0,39.20278823,-106.35556969999999,8065.0,984.3730773963333,0.0,80,80,0,0,80,80,7824,0,0,0,0,0
2020-08-27,US,Colorado,Larimer,1880,39,0,40.66671597,-105.4625784,8069.0,526.7596715037027,2.074468085106383,1841,1849,39,0,1810,1840,350518,31,0,0,31,9
2020-08-27,US,Colorado,Las Animas,20,0,0,37.3153406,-104.03764579999999,8071.0,137.87398317937405,0.0,20,19,0,0,19,19,14503,1,0,0,1,0
2020-08-27,US,Colorado,Lincoln,8,0,0,38.98749519,-103.51366490000001,8073.0,140.3262585511314,0.0,8,8,0,0,8,8,5610,0,0,0,0,0
2020-08-27,US,Colorado,Logan,675,5,0,40.7249637,-103.110817,8075.0,3012.1826052032666,0.7407407407407407,670,672,5,0,667,672,21528,3,0,0,3,0
2020-08-27,US,Colorado,Mesa,397,5,0,39.01787888,-108.469799,8077.0,257.4411516762856,1.2594458438287153,392,393,5,0,388,393,153207,4,0,0,4,0
2020-08-27,US,Colorado,Mineral,19,0,0,37.66954283,-106.92816979999999,8079.0,2470.74122236671,0.0,19,19,0,0,19,19,776,0,0,0,0,0
2020-08-27,US,Colorado,Moffat,34,1,0,40.61810999,-108.2070876,8081.0,255.96627267936455,2.9411764705882355,33,35,1,0,34,33,13188,-1,0,0,-1,2
2020-08-27,US,Colorado,Montezuma,123,5,0,37.33859579,-108.59588570000001,8083.0,469.7704617499904,4.0650406504065035,118,122,5,0,117,122,26158,1,0,0,1,0
2020-08-27,US,Colorado,Montrose,339,13,0,38.40214114,-108.26390220000002,8085.0,792.834089527106,3.834808259587021,326,338,13,0,325,339,42214,1,0,0,1,-1
2020-08-27,US,Colorado,Morgan,711,48,0,40.26279810000001,-103.8093302,8087.0,2445.9887161139395,6.751054852320674,663,710,47,0,663,708,28558,1,1,0,0,2
2020-08-27,US,Colorado,Otero,81,6,0,37.9014485,-103.7173385,8089.0,443.15570631360106,7.407407407407407,75,81,6,0,75,81,18432,0,0,0,0,0
2020-08-27,US,Colorado,Ouray,22,1,0,38.14717457,-107.7675136,8091.0,444.264943457189,4.545454545454546,21,22,1,0,21,21,4833,0,0,0,0,1
2020-08-27,US,Colorado,Park,43,1,0,39.120926000000004,-105.7182065,8093.0,228.1772353409393,2.3255813953488373,42,43,1,0,42,43,18556,0,0,0,0,0
2020-08-27,US,Colorado,Phillips,19,0,0,40.59414277,-102.3577703,8095.0,445.48651817116064,0.0,19,19,0,0,19,19,4286,0,0,0,0,0
2020-08-27,US,Colorado,Pitkin,196,2,0,39.21720112,-106.9310027,8097.0,1103.168796082625,1.020408163265306,194,195,2,0,193,195,17950,1,0,0,1,0
2020-08-27,US,Colorado,Prowers,79,0,0,37.95544985,-102.3926052,8099.0,649.0305619454485,0.0,79,79,0,0,79,79,12164,0,0,0,0,0
2020-08-27,US,Colorado,Pueblo,841,34,0,38.17359144,-104.5127437,8101.0,499.33501163729636,4.042806183115339,807,821,34,0,787,806,167529,20,0,0,20,15
2020-08-27,US,Colorado,Rio Blanco,23,0,0,39.97913541,-108.2179009,8103.0,363.69386464263124,0.0,23,21,0,0,21,21,6336,2,0,0,2,0
2020-08-27,US,Colorado,Rio Grande,94,2,0,37.5836865,-106.3847838,8105.0,834.2948433478299,2.127659574468085,92,94,2,0,92,94,11250,0,0,0,0,0
2020-08-27,US,Colorado,Routt,132,8,0,40.48596505,-106.9905548,8107.0,514.8607535689212,6.0606060606060606,124,132,8,0,124,131,25733,0,0,0,0,1
2020-08-27,US,Colorado,Saguache,110,2,0,38.08054629,-106.28246599999999,8109.0,1611.957796014068,1.818181818181818,108,110,2,0,108,108,6843,0,0,0,0,2
2020-08-27,US,Colorado,San Juan,2,0,0,37.76248981,-107.67632890000002,8111.0,274.72527472527474,0.0,2,2,0,0,2,2,762,0,0,0,0,0
2020-08-27,US,Colorado,San Miguel,94,0,0,38.00450883,-108.4020725,8113.0,1149.284753637364,0.0,94,93,0,0,93,93,8191,1,0,0,1,0
2020-08-27,US,Colorado,Sedgwick,12,1,0,40.87595412,-102.3519227,8115.0,533.8078291814946,8.333333333333334,11,12,1,0,11,12,2303,0,0,0,0,0
2020-08-27,US,Colorado,Summit,361,4,0,39.63803232,-106.1150762,8117.0,1164.1030602044434,1.10803324099723,357,361,4,0,357,358,31007,0,0,0,0,3
2020-08-27,US,Colorado,Teller,160,3,0,38.88133511,-105.16148929999999,8119.0,630.2190011028832,1.875,157,158,3,0,155,157,25083,2,0,0,2,1
2020-08-27,US,Colorado,Washington,53,0,0,39.97015535,-103.202587,8121.0,1079.8696006519967,0.0,53,52,0,0,52,52,4909,1,0,0,1,0
2020-08-27,US,Colorado,Weld,4001,146,0,40.55499405,-104.39296209999999,8123.0,1233.0042034934606,3.649087728067983,3855,3979,146,0,3833,3965,314305,22,0,0,22,14
2020-08-27,US,Colorado,Yuma,63,0,0,40.00346839,-102.4258673,8125.0,628.8052699870246,0.0,63,63,0,0,63,63,10020,0,0,0,0,0
2020-08-27,US,Connecticut,Fairfield,18721,1413,0,41.26809896,-73.3881171,9001.0,1984.5611089202955,7.547673735377383,17308,18667,1413,0,17254,18622,943823,54,0,0,54,45
2020-08-27,US,Connecticut,Hartford,13307,1426,0,41.80283011,-72.73103891,9003.0,1492.2845736329791,10.716164424738858,11881,13273,1424,0,11849,13184,892697,34,2,0,32,89
2020-08-27,US,Connecticut,Litchfield,1673,139,0,41.7937534,-73.2451475,9005.0,927.7281473718066,8.30842797369994,1534,1662,139,0,1523,1658,181111,11,0,0,11,4
2020-08-27,US,Connecticut,Middlesex,1438,192,0,41.45949668,-72.53714864,9007.0,885.271737792115,13.351877607788596,1246,1437,192,0,1245,1436,162682,1,0,0,1,1
2020-08-27,US,Connecticut,New Haven,13584,1109,0,41.408032500000004,-72.93620426,9009.0,1589.2236039014595,8.164016489988219,12475,13556,1109,0,12447,13524,857620,28,0,0,28,32
2020-08-27,US,Connecticut,New London,1526,106,0,41.48896435,-72.10430976,9011.0,575.4017631576962,6.946264744429882,1420,1526,106,0,1420,1520,266784,0,0,0,0,6
2020-08-27,US,Connecticut,Tolland,1112,65,0,41.85853803,-72.3308481,9013.0,737.787036975604,5.845323741007193,1047,1093,65,0,1028,1090,150921,19,0,0,19,3
2020-08-27,US,Connecticut,Unassigned,204,0,0,0.0,0.0,90009.0,0.0,0.0,204,221,0,0,221,226,,-17,0,0,-17,-5
2020-08-27,US,Connecticut,Windham,785,15,0,41.82972709,-71.98182316,9015.0,672.19263242623,1.9108280254777068,770,785,15,0,770,780,117027,0,0,0,0,5
2020-08-27,US,Delaware,Kent,2566,109,0,39.08646628,-75.56884914,10001.0,1419.3576936267189,4.247856586126266,2457,2560,109,0,2451,2556,178550,6,0,0,6,4
2020-08-27,US,Delaware,New Castle,7927,300,0,39.57992638,-75.64054974,10003.0,1418.6948436965884,3.784533871578151,7627,7925,300,0,7625,7890,559335,2,0,0,2,35
2020-08-27,US,Delaware,Sussex,6208,195,0,38.66143781,-75.39031349,10005.0,2650.4429501547656,3.141108247422681,6013,6225,195,0,6030,6239,229286,-17,0,0,-17,-14
2020-08-27,US,Delaware,Unassigned,275,0,0,0.0,0.0,90010.0,0.0,0.0,275,276,0,0,276,277,,-1,0,0,-1,-1
2020-08-27,US,District of Columbia,District of Columbia,13794,605,0,38.90417773,-77.01655992,11001.0,1954.5192412599947,4.385964912280701,13189,13684,605,0,13079,13684,702455,110,0,0,110,0
2020-08-27,US,Florida,Alachua,5082,31,0,29.67866525,-82.35928158,12001.0,1888.9173849533347,0.6099960645415191,5051,5053,31,0,5022,5023,269956,29,0,0,29,30
2020-08-27,US,Florida,Baker,1136,4,0,30.33060121,-82.28467476,12003.0,3889.079082505991,0.35211267605633795,1132,1132,4,0,1128,1118,28355,4,0,0,4,14
2020-08-27,US,Florida,Bay,5289,77,0,30.26548745,-85.62122584,12005.0,3027.389027217309,1.4558517678200038,5212,5237,76,0,5161,5195,185287,52,1,0,51,42
2020-08-27,US,Florida,Bradford,692,5,0,29.95079741,-82.16611613,12007.0,2453.8136945498386,0.7225433526011561,687,673,5,0,668,663,27732,19,0,0,19,10
2020-08-27,US,Florida,Brevard,7092,205,0,28.29409504,-80.73091022,12009.0,1178.1866026959408,2.890580936266216,6887,7040,200,0,6840,6972,596849,52,5,0,47,68
2020-08-27,US,Florida,Broward,70147,1169,0,26.15184651,-80.48725556,12011.0,3592.1645983311987,1.6665003492665402,68978,69883,1160,0,68723,69584,1951260,264,9,0,255,299
2020-08-27,US,Florida,Calhoun,547,8,0,30.40666734,-85.19394153,12013.0,3878.0574264445227,1.4625228519195612,539,546,8,0,538,546,14587,1,0,0,1,0
2020-08-27,US,Florida,Charlotte,2602,109,0,26.90131002,-81.92949121,12015.0,1377.3754698004336,4.189085318985397,2493,2582,108,0,2474,2569,184998,20,1,0,19,13
2020-08-27,US,Florida,Citrus,2031,54,0,28.84804315,-82.47614748,12017.0,1357.1032427484179,2.658788774002954,1977,1996,53,0,1943,1980,147929,35,1,0,34,16
2020-08-27,US,Florida,Clay,3809,75,0,29.98319144,-81.85609986,12019.0,1737.2703555725836,1.9690207403517983,3734,3759,73,0,3686,3734,216072,50,2,0,48,25
2020-08-27,US,Florida,Collier,11471,172,0,26.11091986,-81.34687065,12021.0,2980.2391258034513,1.4994333536744835,11299,11376,170,0,11206,11351,378488,95,2,0,93,25
2020-08-27,US,Florida,Columbia,3295,32,0,30.22509788,-82.62160164,12023.0,4596.43445024133,0.9711684370257968,3263,3269,31,0,3238,3249,70503,26,1,0,25,20
2020-08-27,US,Florida,DeSoto,1460,21,0,27.18677893,-81.80941373,12027.0,3842.0041577853212,1.4383561643835616,1439,1457,21,0,1436,1454,37489,3,0,0,3,3
2020-08-27,US,Florida,Dixie,685,4,0,29.60631086,-83.15724673,12029.0,4071.080470700106,0.583941605839416,681,681,4,0,677,677,16700,4,0,0,4,4
2020-08-27,US,Florida,Duval,26017,249,0,30.33225875,-81.66976468,12031.0,2716.456713877766,0.957066533420456,25768,25879,246,0,25633,25732,950181,138,3,0,135,147
2020-08-27,US,Florida,Escambia,10999,183,0,30.67652764,-87.37284571,12033.0,3455.3713919501365,1.663787617056096,10816,10944,179,0,10765,10871,315534,55,4,0,51,73
2020-08-27,US,Florida,Flagler,1279,15,0,29.45933576,-81.31508595,12035.0,1111.3911071332368,1.1727912431587175,1264,1275,15,0,1260,1266,112067,4,0,0,4,9
2020-08-27,US,Florida,Franklin,527,3,0,29.83791238,-84.82731662,12037.0,4346.3917525773195,0.5692599620493358,524,522,3,0,519,520,11736,5,0,0,5,2
2020-08-27,US,Florida,Gadsden,2254,31,0,30.57796289,-84.61915825,12039.0,4936.4870784056075,1.375332741792369,2223,2240,31,0,2209,2211,45894,14,0,0,14,29
2020-08-27,US,Florida,Gilchrist,447,9,0,29.72856978,-82.79880657,12041.0,2405.5537617048763,2.0134228187919465,438,443,9,0,434,442,18256,4,0,0,4,1
2020-08-27,US,Florida,Glades,452,3,0,26.95635849,-81.18996211,12043.0,3272.7536022011436,0.6637168141592921,449,451,3,0,448,448,13724,1,0,0,1,3
2020-08-27,US,Florida,Gulf,806,10,0,29.93543004,-85.24270990000002,12045.0,5909.524158662659,1.2406947890818858,796,801,9,0,792,801,16164,5,1,0,4,0
2020-08-27,US,Florida,Hamilton,686,4,0,30.49673973,-82.94998918,12047.0,4754.643748267258,0.5830903790087464,682,681,4,0,677,677,14310,5,0,0,5,4
2020-08-27,US,Florida,Hardee,1083,9,0,27.49293939,-81.80956574,12049.0,4020.4922597171167,0.8310249307479224,1074,1073,9,0,1064,1066,27245,10,0,0,10,7
2020-08-27,US,Florida,Hendry,1955,39,0,26.55386945,-81.16469006,12051.0,4652.324972633383,1.9948849104859332,1916,1948,39,0,1909,1945,41556,7,0,0,7,3
2020-08-27,US,Florida,Hernando,2506,79,0,28.55364461,-82.42700204,12053.0,1292.2854785478548,3.15243415802075,2427,2493,79,0,2414,2476,190865,13,0,0,13,17
2020-08-27,US,Florida,Highlands,1781,60,0,27.34254618,-81.34071957,12055.0,1676.692932659267,3.3688938798427848,1721,1756,57,0,1699,1747,105424,25,3,0,22,9
2020-08-27,US,Florida,Hillsborough,36354,540,0,27.9276559,-82.32013172,12057.0,2469.754777277767,1.4853936293117675,35814,36157,537,0,35620,35953,1436888,197,3,0,194,204
2020-08-27,US,Florida,Holmes,609,5,0,30.86747479,-85.81319222,12059.0,3104.450221746444,0.8210180623973727,604,600,4,0,596,600,19477,9,1,0,8,0
2020-08-27,US,Florida,Indian River,2801,96,0,27.69308961,-80.60556721,12061.0,1751.4678939239511,3.427347375937165,2705,2780,91,0,2689,2766,157413,21,5,0,16,14
2020-08-27,US,Florida,Jackson,2301,65,0,30.795459700000002,-85.21500423,12063.0,4957.555909854786,2.824858757062147,2236,2292,65,0,2227,2282,48305,9,0,0,9,10
2020-08-27,US,Florida,Jefferson,493,6,0,30.43669112,-83.89442308,12065.0,3460.6205250596668,1.2170385395537526,487,493,6,0,487,492,14288,0,0,0,0,1
2020-08-27,US,Florida,Lafayette,1177,7,0,29.98484137,-83.18166636,12067.0,13975.302778437426,0.5947323704333051,1170,1169,7,0,1162,1164,8732,8,0,0,8,5
2020-08-27,US,Florida,Lake,6213,99,0,28.76202069,-81.7125123,12069.0,1692.371390125246,1.5934331240946402,6114,6163,98,0,6065,6122,356495,50,1,0,49,41
2020-08-27,US,Florida,Lee,18332,414,0,26.58410348,-81.88399313,12071.0,2378.996518193509,2.258346061531748,17918,18217,409,0,17808,18140,754610,115,5,0,110,77
2020-08-27,US,Florida,Leon,6067,31,0,30.45955727,-84.27491114,12073.0,2066.543589184623,0.510960936212296,6036,5975,30,0,5945,5933,292502,92,1,0,91,42
2020-08-27,US,Florida,Levy,886,6,0,29.31829741,-82.74007147,12075.0,2134.7854371973112,0.6772009029345373,880,874,6,0,868,868,40770,12,0,0,12,6
2020-08-27,US,Florida,Liberty,426,7,0,30.23766008,-84.8829258,12077.0,5099.3536030644,1.6431924882629108,419,427,7,0,420,426,8457,-1,0,0,-1,1
2020-08-27,US,Florida,Madison,844,14,0,30.44396917,-83.47398594,12079.0,4563.889039095874,1.6587677725118484,830,841,14,0,827,834,18529,3,0,0,3,7
2020-08-27,US,Florida,Manatee,10310,254,0,27.47196942,-82.31831044,12081.0,2556.7075756410986,2.463627546071775,10056,10278,252,0,10026,10241,394855,32,2,0,30,37
2020-08-27,US,Florida,Marion,8261,165,0,29.21227113,-82.05803627,12083.0,2259.703101108105,1.9973368841544608,8096,8172,156,0,8016,8092,359977,89,9,0,80,80
2020-08-27,US,Florida,Martin,4222,114,0,27.0772071,-80.43109784,12085.0,2622.360248447205,2.7001421127427756,4108,4173,113,0,4060,4112,160912,49,1,0,48,61
2020-08-27,US,Florida,Miami-Dade,154757,2346,0,25.6112362,-80.55170587,12086.0,5696.0035922766065,1.5159249662373917,152411,154135,2317,0,151818,153385,2761581,622,29,0,593,750
2020-08-27,US,Florida,Monroe,1704,15,0,25.20904673,-81.07812416,12087.0,2295.629681521798,0.8802816901408451,1689,1700,15,0,1685,1695,75027,4,0,0,4,5
2020-08-27,US,Florida,Nassau,1574,16,0,30.61037141,-81.80297522,12089.0,1776.0225669957688,1.0165184243964422,1558,1533,16,0,1517,1522,85832,41,0,0,41,11
2020-08-27,US,Florida,Okaloosa,4055,75,0,30.69143028,-86.59267105,12091.0,1924.1902267270261,1.8495684340320595,3980,4020,75,0,3945,3998,207269,35,0,0,35,22
2020-08-27,US,Florida,Okeechobee,1211,15,0,27.386336199999995,-80.88944347,12093.0,2871.845949535193,1.2386457473162675,1196,1210,14,0,1196,1208,41537,1,1,0,0,2
2020-08-27,US,Florida,Orange,35245,369,0,28.51367621,-81.31799498,12095.0,2529.3300379202155,1.046957015179458,34876,35083,365,0,34718,34910,1380645,162,4,0,158,173
2020-08-27,US,Florida,Osceola,10892,128,0,28.06312234,-81.14882926,12097.0,2898.7281470974126,1.175174439955931,10764,10844,128,0,10716,10804,367990,48,0,0,48,40
2020-08-27,US,Florida,Palm Beach,41195,1094,0,26.64676272,-80.46536002,12099.0,2752.259866245315,2.6556620949144314,40101,41013,1078,0,39935,40853,1485941,182,16,0,166,160
2020-08-27,US,Florida,Pasco,7915,172,0,28.30810945,-82.40227529,12101.0,1428.8370548084924,2.173089071383449,7743,7868,171,0,7697,7807,539630,47,1,0,46,61
2020-08-27,US,Florida,Pinellas,19681,641,0,27.93130349,-82.72239666,12103.0,2018.5723838867032,3.2569483257964533,19040,19605,635,0,18970,19522,975280,76,6,0,70,83
2020-08-27,US,Florida,Polk,16569,425,0,27.95027105,-81.69732947,12105.0,2286.0824777828216,2.565031082141348,16144,16498,423,0,16075,16388,708009,71,2,0,69,110
2020-08-27,US,Florida,Putnam,1750,36,0,29.60779729,-81.74230285,12107.0,2348.331342842957,2.057142857142857,1714,1740,36,0,1704,1730,74163,10,0,0,10,10
2020-08-27,US,Florida,Santa Rosa,4566,55,0,30.69341450000001,-87.02458128,12113.0,2477.3076234449013,1.204555409548839,4511,4523,54,0,4469,4483,179349,43,1,0,42,40
2020-08-27,US,Florida,Sarasota,7091,198,0,27.18546175,-82.33174248,12115.0,1634.84283283611,2.792271893950077,6893,7066,191,0,6875,7042,426718,25,7,0,18,24
2020-08-27,US,Florida,Seminole,7896,169,0,28.7158582,-81.24060348,12117.0,1673.4982811460156,2.1403242147923,7727,7839,169,0,7670,7811,467832,57,0,0,57,28
2020-08-27,US,Florida,St. Johns,4239,56,0,29.90096506,-81.43589967,12109.0,1601.6050054406965,1.3210662892191554,4183,4219,54,0,4165,4197,254261,20,2,0,18,22
2020-08-27,US,Florida,St. Lucie,6822,233,0,27.37763908,-80.47106649,12111.0,2077.996448337938,3.4154206977425976,6589,6773,230,0,6543,6720,321128,49,3,0,46,53
2020-08-27,US,Florida,Sumter,1754,48,0,28.70181754,-82.0794267,12119.0,1324.5733272919501,2.7366020524515395,1706,1742,47,0,1695,1724,128754,12,1,0,11,18
2020-08-27,US,Florida,Suwannee,2388,56,0,30.19746066,-82.99099670000003,12121.0,5376.319877524371,2.345058626465661,2332,2377,56,0,2321,2363,44191,11,0,0,11,14
2020-08-27,US,Florida,Taylor,1183,5,0,30.04848048,-83.60445406,12123.0,5484.723445685938,0.42265426880811496,1178,1171,5,0,1166,1164,21623,12,0,0,12,7
2020-08-27,US,Florida,Unassigned,911,0,0,0.0,0.0,90012.0,0.0,0.0,911,886,0,0,886,862,,25,0,0,25,24
2020-08-27,US,Florida,Union,561,5,0,30.04412971,-82.37497443,12125.0,3681.827131325064,0.8912655971479501,556,547,5,0,542,535,14940,14,0,0,14,12
2020-08-27,US,Florida,Volusia,9126,186,0,29.05858895,-81.18263252,12127.0,1649.424165528011,2.0381328073635765,8940,9069,185,0,8884,8997,547538,57,1,0,56,72
2020-08-27,US,Florida,Wakulla,873,7,0,30.16548905,-84.39895211,12129.0,2587.510003260322,0.8018327605956472,866,869,7,0,862,863,32461,4,0,0,4,6
2020-08-27,US,Florida,Walton,1612,20,0,30.64204028,-86.16935664,12131.0,2176.290316048116,1.2406947890818858,1592,1601,20,0,1581,1588,71375,11,0,0,11,13
2020-08-27,US,Florida,Washington,995,15,0,30.61359259,-85.66002461,12133.0,3906.096651356338,1.5075376884422111,980,990,15,0,975,989,24880,5,0,0,5,1
2020-08-27,US,Georgia,Appling,869,23,0,31.74847232,-82.28909114,13001.0,4726.42227782008,2.646720368239356,846,862,23,0,839,856,18507,7,0,0,7,6
2020-08-27,US,Georgia,Atkinson,394,3,0,31.29633502,-82.87545866,13003.0,4825.474586650337,0.7614213197969543,391,391,3,0,388,386,8297,3,0,0,3,5
2020-08-27,US,Georgia,Bacon,507,8,0,31.55456473,-82.45936528,13005.0,4541.383016839844,1.5779092702169626,499,498,8,0,490,493,11185,9,0,0,9,5
2020-08-27,US,Georgia,Baker,73,3,0,31.32669878,-84.44218806,13007.0,2402.896642527979,4.109589041095891,70,73,3,0,70,73,3092,0,0,0,0,0
2020-08-27,US,Georgia,Baldwin,1563,48,0,33.06882326,-83.24701748,13009.0,3481.8445087992877,3.071017274472169,1515,1510,48,0,1462,1467,44823,53,0,0,53,43
2020-08-27,US,Georgia,Banks,360,8,0,34.35607081,-83.49644388,13011.0,1871.6855568264527,2.2222222222222223,352,355,8,0,347,346,18988,5,0,0,5,9
2020-08-27,US,Georgia,Barrow,1671,37,0,33.99148694,-83.71436292,13013.0,2007.4483421432003,2.214242968282466,1634,1655,38,0,1617,1629,80809,16,-1,0,17,26
2020-08-27,US,Georgia,Bartow,2361,68,0,34.23732119,-84.83887523,13015.0,2191.4273515379905,2.88013553578992,2293,2325,67,0,2258,2292,106408,36,1,0,35,33
2020-08-27,US,Georgia,Ben Hill,610,11,0,31.76095874,-83.22145359,13017.0,3652.694610778443,1.8032786885245904,599,607,10,0,597,605,16787,3,1,0,2,2
2020-08-27,US,Georgia,Berrien,373,3,0,31.27590016,-83.22529920000002,13019.0,1922.9777800690827,0.8042895442359249,370,368,3,0,365,367,19252,5,0,0,5,1
2020-08-27,US,Georgia,Bibb,5351,113,0,32.80904227,-83.70489165,13021.0,3493.7548560646133,2.1117548121846386,5238,5327,110,0,5217,5340,153095,24,3,0,21,-13
2020-08-27,US,Georgia,Bleckley,334,15,0,32.43829035,-83.33035166,13023.0,2594.5777984929696,4.491017964071856,319,330,15,0,315,328,12838,4,0,0,4,2
2020-08-27,US,Georgia,Brantley,299,8,0,31.19576557,-81.97743999,13025.0,1564.7077293421949,2.6755852842809364,291,297,8,0,289,296,18897,2,0,0,2,1
2020-08-27,US,Georgia,Brooks,468,20,0,30.83922642,-83.58303423,13027.0,3027.754415475189,4.2735042735042725,448,459,20,0,439,455,15513,9,0,0,9,4
2020-08-27,US,Georgia,Bryan,823,9,0,32.00979311,-81.44002948,13029.0,2076.866782749136,1.0935601458080195,814,807,9,0,798,799,38109,16,0,0,16,8
2020-08-27,US,Georgia,Bulloch,1610,21,0,32.39577406,-81.74811421,13031.0,2022.4098080594915,1.3043478260869563,1589,1546,21,0,1525,1525,77296,64,0,0,64,21
2020-08-27,US,Georgia,Burke,636,8,0,33.05917989,-81.99928721,13033.0,2841.442165929501,1.2578616352201255,628,633,8,0,625,631,22423,3,0,0,3,2
2020-08-27,US,Georgia,Butts,550,40,0,33.283094500000004,-83.95435040000002,13035.0,2205.646454924607,7.272727272727272,510,546,40,0,506,541,24193,4,0,0,4,5
2020-08-27,US,Georgia,Calhoun,227,7,0,31.53169785,-84.62725131,13037.0,3667.7977056067216,3.0837004405286343,220,226,7,0,219,226,6352,1,0,0,1,0
2020-08-27,US,Georgia,Camden,993,7,0,30.92951916,-81.66601818,13039.0,1816.4855668971568,0.7049345417925479,986,970,7,0,963,957,53677,23,0,0,23,13
2020-08-27,US,Georgia,Candler,320,12,0,32.40209349,-82.07702563,13043.0,2962.1401462556696,3.75,308,318,11,0,307,317,10836,2,1,0,1,1
2020-08-27,US,Georgia,Carroll,2260,57,0,33.58138199,-85.07976677,13045.0,1883.458897259817,2.5221238938053103,2203,2227,56,0,2171,2216,118121,33,1,0,32,11
2020-08-27,US,Georgia,Catoosa,821,17,0,34.89872298,-85.13757014,13047.0,1214.8564664101805,2.0706455542021924,804,816,17,0,799,809,67420,5,0,0,5,7
2020-08-27,US,Georgia,Charlton,551,5,0,30.78371028,-82.13951596,13049.0,4114.396654719236,0.9074410163339384,546,547,5,0,542,545,12968,4,0,0,4,2
2020-08-27,US,Georgia,Chatham,6866,121,0,32.00043026,-81.12489526,13051.0,2372.248903016273,1.7623070200990387,6745,6802,118,0,6684,6760,289195,64,3,0,61,42
2020-08-27,US,Georgia,Chattahoochee,1066,2,0,32.34341231,-84.78809239,13053.0,9773.539928486292,0.18761726078799248,1064,1026,2,0,1024,978,10684,40,0,0,40,48
2020-08-27,US,Georgia,Chattooga,508,5,0,34.47197698,-85.34535662,13055.0,2049.2960587357293,0.9842519685039369,503,491,5,0,486,465,24790,17,0,0,17,26
2020-08-27,US,Georgia,Cherokee,4653,75,0,34.24393976,-84.47431861,13057.0,1798.1010383618075,1.6118633139909735,4578,4565,74,0,4491,4459,254149,88,1,0,87,106
2020-08-27,US,Georgia,Clarke,2691,26,0,33.95436462,-83.37124007,13059.0,2096.9212427238936,0.966183574879227,2665,2628,26,0,2602,2564,127330,63,0,0,63,64
2020-08-27,US,Georgia,Clay,112,2,0,31.62221166,-84.97713865,13061.0,3952.011291460833,1.7857142857142858,110,111,2,0,109,110,2887,1,0,0,1,1
2020-08-27,US,Georgia,Clayton,6344,132,0,33.54187245,-84.35594188,13063.0,2170.6996605715535,2.080706179066835,6212,6283,128,0,6155,6124,289615,61,4,0,57,159
2020-08-27,US,Georgia,Clinch,277,4,0,30.91395822,-82.70432472,13065.0,4185.554548201873,1.444043321299639,273,274,4,0,270,271,6648,3,0,0,3,3
2020-08-27,US,Georgia,Cobb,16536,381,0,33.94243204,-84.5761255,13067.0,2175.3858823560367,2.3040638606676342,16155,16369,381,0,15988,16144,756865,167,0,0,167,225
2020-08-27,US,Georgia,Coffee,1751,36,0,31.54892966,-82.85492059999999,13069.0,4046.403068888221,2.055968018275271,1715,1730,36,0,1694,1721,43093,21,0,0,21,9
2020-08-27,US,Georgia,Colquitt,1723,26,0,31.18810588,-83.7677946,13071.0,3778.5087719298244,1.5089959373186304,1697,1708,26,0,1682,1702,45592,15,0,0,15,6
2020-08-27,US,Georgia,Columbia,3055,43,0,33.54534185,-82.263524,13073.0,1949.4110290082572,1.4075286415711947,3012,3028,41,0,2987,2995,154291,27,2,0,25,33
2020-08-27,US,Georgia,Cook,502,10,0,31.16068491,-83.42947229,13075.0,2906.774753908512,1.99203187250996,492,500,10,0,490,497,17162,2,0,0,2,3
2020-08-27,US,Georgia,Coweta,2153,26,0,33.35334302,-84.76129976,13077.0,1449.7437865718575,1.2076172782164425,2127,2107,26,0,2081,2041,145864,46,0,0,46,66
2020-08-27,US,Georgia,Crawford,147,1,0,32.71391813,-83.98061238,13079.0,1185.1015801354401,0.6802721088435374,146,146,1,0,145,143,12318,1,0,0,1,3
2020-08-27,US,Georgia,Crisp,455,15,0,31.92289565,-83.76811843,13081.0,2033.7922403003754,3.2967032967032965,440,449,15,0,434,448,22601,6,0,0,6,1
2020-08-27,US,Georgia,Dade,187,3,0,34.854916700000004,-85.50490424,13083.0,1160.337552742616,1.60427807486631,184,186,3,0,183,183,16226,1,0,0,1,3
2020-08-27,US,Georgia,Dawson,632,6,0,34.44244079,-84.16964071,13085.0,2420.713957407691,0.9493670886075948,626,614,6,0,608,599,25083,18,0,0,18,15
2020-08-27,US,Georgia,DeKalb,16278,293,0,33.76944049,-84.22396017,13089.0,2143.825143520915,1.7999754269566286,15985,16193,287,0,15906,16086,756558,85,6,0,79,107
2020-08-27,US,Georgia,Decatur,958,21,0,30.87967778,-84.57619536,13087.0,3628.238145735495,2.1920668058455117,937,949,20,0,929,929,26575,9,1,0,8,20
2020-08-27,US,Georgia,Dodge,303,5,0,32.17265114,-83.16948926,13091.0,1470.5168648386316,1.6501650165016502,298,299,5,0,294,295,20705,4,0,0,4,4
2020-08-27,US,Georgia,Dooly,284,14,0,32.15630737,-83.79746561,13093.0,2120.9858103061997,4.929577464788731,270,286,14,0,272,282,13706,-2,0,0,-2,4
2020-08-27,US,Georgia,Dougherty,2949,178,0,31.53328528,-84.21722377,13095.0,3352.8127700213745,6.0359443879281125,2771,2939,177,0,2762,2925,91243,10,1,0,9,14
2020-08-27,US,Georgia,Douglas,3105,62,0,33.70291126,-84.77026156,13097.0,2121.727721858921,1.9967793880837357,3043,3092,62,0,3030,3060,145331,13,0,0,13,32
2020-08-27,US,Georgia,Early,404,32,0,31.32155345,-84.90255207,13099.0,3964.6712463199215,7.920792079207921,372,404,32,0,372,402,10247,0,0,0,0,2
2020-08-27,US,Georgia,Echols,231,2,0,30.71101099,-82.89687287,13101.0,5766.350474288567,0.8658008658008658,229,231,2,0,229,231,4000,0,0,0,0,0
2020-08-27,US,Georgia,Effingham,1010,14,0,32.36616021,-81.34280942,13103.0,1570.8597735473434,1.3861386138613858,996,996,14,0,982,975,62190,14,0,0,14,21
2020-08-27,US,Georgia,Elbert,440,1,0,34.11302332,-82.83936148,13105.0,2292.383036365531,0.2272727272727273,439,438,1,0,437,431,19120,2,0,0,2,7
2020-08-27,US,Georgia,Emanuel,698,22,0,32.59221302,-82.30239915,13107.0,3082.2220259648493,3.151862464183381,676,691,21,0,670,688,22612,7,1,0,6,3
2020-08-27,US,Georgia,Evans,354,5,0,32.15328841,-81.8870105,13109.0,3322.69570114511,1.4124293785310735,349,350,4,0,346,336,10721,4,1,0,3,14
2020-08-27,US,Georgia,Fannin,424,6,0,34.86430205,-84.316964,13111.0,1619.0621658775012,1.4150943396226414,418,422,6,0,416,416,25964,2,0,0,2,6
2020-08-27,US,Georgia,Fayette,1492,36,0,33.41357794,-84.49089434,13113.0,1303.9564415623006,2.412868632707774,1456,1453,36,0,1417,1434,113459,39,0,0,39,19
2020-08-27,US,Georgia,Floyd,2193,29,0,34.26268279,-85.21577392,13115.0,2226.441146013117,1.322389420884633,2164,2154,30,0,2124,2086,97927,39,-1,0,40,68
2020-08-27,US,Georgia,Forsyth,2975,31,0,34.22604035,-84.12315129999998,13117.0,1218.0043561567559,1.0420168067226891,2944,2938,31,0,2907,2884,236612,37,0,0,37,54
2020-08-27,US,Georgia,Franklin,522,10,0,34.37525597,-83.23159927,13119.0,2235.64178337402,1.9157088122605364,512,517,10,0,507,514,23023,5,0,0,5,3
2020-08-27,US,Georgia,Fulton,24378,498,0,33.79216944,-84.46319413,13121.0,2291.301082676888,2.042825498400197,23880,24211,497,0,23714,23987,1050114,167,1,0,166,224
2020-08-27,US,Georgia,Gilmer,733,5,0,34.69316688,-84.45802506,13123.0,2336.701839395582,0.6821282401091405,728,729,5,0,724,719,30816,4,0,0,4,10
2020-08-27,US,Georgia,Glascock,34,2,0,33.22879932,-82.61297636,13125.0,1144.3958263211039,5.882352941176472,32,34,2,0,32,34,2995,0,0,0,0,0
2020-08-27,US,Georgia,Glynn,2957,65,0,31.23279254,-81.53811412,13127.0,3466.9136613046944,2.1981738248224554,2892,2935,64,0,2871,2907,85219,22,1,0,21,28
2020-08-27,US,Georgia,Gordon,1481,28,0,34.50487351,-84.87296253,13129.0,2555.0782395666197,1.8906144496961512,1453,1469,27,0,1442,1461,57685,12,1,0,11,8
2020-08-27,US,Georgia,Grady,647,9,0,30.87454847,-84.23418364,13131.0,2626.557869524621,1.3910355486862442,638,630,8,0,622,628,24748,17,1,0,16,2
2020-08-27,US,Georgia,Greene,414,15,0,33.5769205,-83.17139104,13133.0,2259.332023575639,3.6231884057971016,399,410,15,0,395,409,17698,4,0,0,4,1
2020-08-27,US,Georgia,Gwinnett,23812,322,0,33.96044201,-84.02137802,13135.0,2543.3377837116154,1.3522593650260373,23490,23636,314,0,23322,23411,927781,176,8,0,168,225
2020-08-27,US,Georgia,Habersham,1301,61,0,34.63331566,-83.53094677,13137.0,2870.1906106600777,4.6887009992313615,1240,1297,59,0,1238,1279,45388,4,2,0,2,18
2020-08-27,US,Georgia,Hall,7365,120,0,34.32207823,-83.81896936,13139.0,3602.506346574317,1.6293279022403258,7245,7266,118,0,7148,7116,202148,99,2,0,97,150
2020-08-27,US,Georgia,Hancock,353,39,0,33.2721566,-82.99766919,13141.0,4174.056994205983,11.048158640226626,314,352,39,0,313,351,8348,1,0,0,1,1
2020-08-27,US,Georgia,Haralson,307,7,0,33.79602175,-85.21005667,13143.0,1030.4779806659506,2.280130293159609,300,301,7,0,294,296,29533,6,0,0,6,5
2020-08-27,US,Georgia,Harris,718,21,0,32.73709786,-84.90538572,13145.0,2037.6887274378475,2.9247910863509747,697,713,21,0,692,711,34475,5,0,0,5,2
2020-08-27,US,Georgia,Hart,392,10,0,34.34626973,-82.96567682,13147.0,1495.8977294409463,2.5510204081632653,382,390,10,0,380,390,26099,2,0,0,2,0
2020-08-27,US,Georgia,Heard,165,5,0,33.29686567,-85.12886832,13149.0,1383.879895999329,3.0303030303030303,160,164,5,0,159,161,11879,1,0,0,1,3
2020-08-27,US,Georgia,Henry,4310,71,0,33.4533428,-84.14814659999998,13151.0,1837.4751130835905,1.6473317865429231,4239,4263,69,0,4194,4166,230220,47,2,0,45,97
2020-08-27,US,Georgia,Houston,2587,65,0,32.45802497,-83.66879087,13153.0,1638.762724640986,2.512562814070352,2522,2567,64,0,2503,2543,155469,20,1,0,19,24
2020-08-27,US,Georgia,Irwin,209,4,0,31.60213036,-83.27501387,13155.0,2219.626168224299,1.9138755980861244,205,207,2,0,205,204,9398,2,2,0,0,3
2020-08-27,US,Georgia,Jackson,1406,25,0,34.13794553,-83.56814788,13157.0,1926.6344190635407,1.7780938833570412,1381,1381,22,0,1359,1351,70422,25,3,0,22,30
2020-08-27,US,Georgia,Jasper,194,3,0,33.31535543,-83.68844964,13159.0,1364.371615444124,1.5463917525773196,191,193,3,0,190,191,14040,1,0,0,1,2
2020-08-27,US,Georgia,Jeff Davis,614,10,0,31.80405727,-82.63724870000001,13161.0,4062.189877605028,1.6286644951140066,604,605,9,0,596,603,15029,9,1,0,8,2
2020-08-27,US,Georgia,Jefferson,630,15,0,33.05867328,-82.41609057,13163.0,4101.028511912511,2.380952380952381,615,629,13,0,616,624,15430,1,2,0,-1,5
2020-08-27,US,Georgia,Jenkins,294,24,0,32.79248718,-81.96040187,13165.0,3388.65836791148,8.16326530612245,270,292,24,0,268,286,8683,2,0,0,2,6
2020-08-27,US,Georgia,Johnson,304,13,0,32.70211082,-82.66166794,13167.0,3152.545888209064,4.276315789473684,291,293,13,0,280,290,9708,11,0,0,11,3
2020-08-27,US,Georgia,Jones,441,5,0,33.02512137,-83.56019163,13169.0,1534.7137637028015,1.1337868480725624,436,433,5,0,428,430,28616,8,0,0,8,3
2020-08-27,US,Georgia,Lamar,321,16,0,33.07841647,-84.14263877,13171.0,1682.6545054253809,4.984423676012462,305,317,16,0,301,315,19000,4,0,0,4,2
2020-08-27,US,Georgia,Lanier,247,5,0,31.03828570000001,-83.06472457,13173.0,2369.7591864146602,2.0242914979757085,242,246,5,0,241,246,10340,1,0,0,1,0
2020-08-27,US,Georgia,Laurens,1276,40,0,32.46325233,-82.92221316,13175.0,2683.716821604341,3.134796238244514,1236,1253,40,0,1213,1244,47325,23,0,0,23,9
2020-08-27,US,Georgia,Lee,646,23,0,31.779330600000005,-84.14324253,13177.0,2153.907708722326,3.560371517027864,623,643,23,0,620,643,29764,3,0,0,3,0
2020-08-27,US,Georgia,Liberty,900,17,0,31.82588896,-81.49251135,13179.0,1464.9629689916171,1.8888888888888888,883,894,15,0,879,884,61497,6,2,0,4,10
2020-08-27,US,Georgia,Lincoln,191,6,0,33.79201475,-82.45024131,13181.0,2411.3117030677945,3.141361256544503,185,188,6,0,182,188,7915,3,0,0,3,0
2020-08-27,US,Georgia,Long,174,2,0,31.75218791,-81.74952375,13183.0,889.6160335395473,1.1494252873563218,172,172,2,0,170,172,18998,2,0,0,2,0
2020-08-27,US,Georgia,Lowndes,3426,63,0,30.83568832,-83.27056716,13185.0,2918.079144166397,1.8388791593695268,3363,3402,61,0,3341,3379,116321,24,2,0,22,23
2020-08-27,US,Georgia,Lumpkin,656,12,0,34.57286511,-84.00425681,13187.0,1951.8000595060998,1.8292682926829267,644,619,12,0,607,596,32955,37,0,0,37,23
2020-08-27,US,Georgia,Macon,203,10,0,32.35207048,-84.04234127,13193.0,1567.930794778713,4.9261083743842375,193,201,10,0,191,197,13143,2,0,0,2,4
2020-08-27,US,Georgia,Madison,519,7,0,34.12920917,-83.21218732,13195.0,1736.9477911646586,1.348747591522158,512,509,7,0,502,503,29650,10,0,0,10,6
2020-08-27,US,Georgia,Marion,165,6,0,32.3483402,-84.52733571,13197.0,1973.9203253977744,3.636363636363636,159,165,5,0,160,163,8351,0,1,0,-1,2
2020-08-27,US,Georgia,McDuffie,501,12,0,33.47851918,-82.48252774,13189.0,2350.788288288288,2.395209580838323,489,495,12,0,483,489,21531,6,0,0,6,6
2020-08-27,US,Georgia,McIntosh,235,4,0,31.49683595,-81.40163426,13191.0,1634.4415078592294,1.702127659574468,231,233,4,0,229,231,14340,2,0,0,2,2
2020-08-27,US,Georgia,Meriwether,475,9,0,33.04163534,-84.68859732,13199.0,2244.059148674824,1.8947368421052633,466,469,9,0,460,463,21068,6,0,0,6,6
2020-08-27,US,Georgia,Miller,202,0,0,31.16568912,-84.73151117,13201.0,3532.703742567331,0.0,202,201,0,0,201,200,5686,1,0,0,1,1
2020-08-27,US,Georgia,Mitchell,705,44,0,31.22483255,-84.19381821,13205.0,3224.626080592783,6.24113475177305,661,698,42,0,656,694,22192,7,2,0,5,4
2020-08-27,US,Georgia,Monroe,585,39,0,33.014289,-83.92097166,13207.0,2121.2560736819205,6.666666666666668,546,581,36,0,545,582,27520,4,3,0,1,-1
2020-08-27,US,Georgia,Montgomery,207,2,0,32.17201038,-82.53527476,13209.0,2256.868730920192,0.966183574879227,205,205,2,0,203,202,9193,2,0,0,2,3
2020-08-27,US,Georgia,Morgan,406,2,0,33.59232073,-83.49129491,13211.0,2106.2461091512764,0.4926108374384237,404,396,2,0,394,394,18853,10,0,0,10,2
2020-08-27,US,Georgia,Murray,695,3,0,34.78897608,-84.74993177,13213.0,1733.339984038308,0.4316546762589928,692,689,3,0,686,685,39921,6,0,0,6,4
2020-08-27,US,Georgia,Muscogee,5384,126,0,32.50931999,-84.87142262,13215.0,2750.1800591513465,2.340267459138188,5258,5361,126,0,5235,5330,194160,23,0,0,23,31
2020-08-27,US,Georgia,Newton,2234,58,0,33.55514538,-83.84547140000002,13217.0,1999.2124856815576,2.5962399283795876,2176,2208,58,0,2150,2189,109541,26,0,0,26,19
2020-08-27,US,Georgia,Oconee,539,20,0,33.83749973,-83.43679568,13219.0,1338.1330685203575,3.710575139146568,519,528,20,0,508,525,39272,11,0,0,11,3
2020-08-27,US,Georgia,Oglethorpe,272,9,0,33.878629600000004,-83.08278123,13221.0,1782.5545579657908,3.3088235294117645,263,271,9,0,262,270,15054,1,0,0,1,1
2020-08-27,US,Georgia,Out of GA,16057,118,0,0.0,0.0,80013.0,0.0,0.7348819829357912,15939,16096,116,0,15980,16489,,-39,2,0,-41,-393
2020-08-27,US,Georgia,Paulding,2184,31,0,33.91969522,-84.86848792,13223.0,1294.8591010689702,1.4194139194139197,2153,2147,30,0,2117,2106,164044,37,1,0,36,41
2020-08-27,US,Georgia,Peach,558,15,0,32.56934316,-83.82937,13225.0,2025.7024613373992,2.6881720430107525,543,553,16,0,537,546,27297,5,-1,0,6,7
2020-08-27,US,Georgia,Pickens,502,6,0,34.46589159,-84.46406611,13227.0,1540.3025375103555,1.195219123505976,496,492,6,0,486,490,31980,10,0,0,10,2
2020-08-27,US,Georgia,Pierce,507,12,0,31.35928155,-82.21598442,13229.0,2604.6750577960447,2.366863905325444,495,502,11,0,491,499,19389,5,1,0,4,3
2020-08-27,US,Georgia,Pike,271,8,0,33.09310242,-84.38790389,13231.0,1429.1741377491824,2.9520295202952034,263,268,8,0,260,267,18634,3,0,0,3,1
2020-08-27,US,Georgia,Polk,1168,15,0,34.00267074,-85.18677781,13233.0,2740.947598150799,1.2842465753424657,1153,1153,13,0,1140,1122,42470,15,2,0,13,31
2020-08-27,US,Georgia,Pulaski,192,7,0,32.23334561,-83.47549959999998,13235.0,1723.9831193319565,3.6458333333333335,185,169,6,0,163,168,11069,23,1,0,22,1
2020-08-27,US,Georgia,Putnam,610,20,0,33.32056115,-83.37552891,13237.0,2757.810027578101,3.278688524590164,590,607,20,0,587,597,21809,3,0,0,3,10
2020-08-27,US,Georgia,Quitman,33,1,0,31.86728114,-85.01773177,13239.0,1435.4066985645934,3.0303030303030303,32,32,1,0,31,32,2279,1,0,0,1,0
2020-08-27,US,Georgia,Rabun,268,5,0,34.88389445,-83.40304637,13241.0,1563.8676547820505,1.8656716417910448,263,263,5,0,258,257,16867,5,0,0,5,6
2020-08-27,US,Georgia,Randolph,308,27,0,31.76622818,-84.75732369,13243.0,4544.113307760401,8.766233766233766,281,308,27,0,281,307,6833,0,0,0,0,1
2020-08-27,US,Georgia,Richmond,5853,117,0,33.35777107,-82.07026432,13245.0,2890.113471395135,1.9989748846745257,5736,5773,116,0,5657,5731,201554,80,1,0,79,42
2020-08-27,US,Georgia,Rockdale,1630,31,0,33.65145002,-84.02202167,13247.0,1793.2582291850024,1.901840490797546,1599,1622,29,0,1593,1613,90594,8,2,0,6,9
2020-08-27,US,Georgia,Schley,93,2,0,32.2654021,-84.31258912,13249.0,1769.0698116796652,2.150537634408602,91,92,2,0,90,92,5236,1,0,0,1,0
2020-08-27,US,Georgia,Screven,277,9,0,32.74976524,-81.60779441,13251.0,1983.3882285550626,3.249097472924188,268,276,9,0,267,274,13938,1,0,0,1,2
2020-08-27,US,Georgia,Seminole,279,8,0,30.93464824,-84.86823924,13253.0,3448.7021013597027,2.867383512544803,271,276,8,0,268,269,8315,3,0,0,3,7
2020-08-27,US,Georgia,Spalding,1144,48,0,33.26310031,-84.28013991,13255.0,1715.0652894172674,4.195804195804196,1096,1137,48,0,1089,1126,66100,7,0,0,7,11
2020-08-27,US,Georgia,Stephens,796,24,0,34.55151201,-83.29405315,13257.0,3070.395371263259,3.0150753768844223,772,778,22,0,756,766,26035,18,2,0,16,12
2020-08-27,US,Georgia,Stewart,335,11,0,32.07996777,-84.83208037,13259.0,5059.6586618335605,3.2835820895522385,324,318,11,0,307,315,6199,17,0,0,17,3
2020-08-27,US,Georgia,Sumter,844,59,0,32.03650571,-84.19821492,13261.0,2858.691234250101,6.990521327014218,785,832,58,0,774,826,29733,12,1,0,11,6
2020-08-27,US,Georgia,Talbot,154,5,0,32.69642758,-84.53351366,13263.0,2485.875706214689,3.2467532467532467,149,154,5,0,149,153,6272,0,0,0,0,1
2020-08-27,US,Georgia,Taliaferro,18,0,0,33.56543317,-82.88136816,13265.0,1171.1125569290825,0.0,18,18,0,0,18,18,1608,0,0,0,0,0
2020-08-27,US,Georgia,Tattnall,659,6,0,32.04785085,-82.05539188,13267.0,2606.185240844736,0.9104704097116844,653,658,6,0,652,651,25391,1,0,0,1,7
2020-08-27,US,Georgia,Taylor,127,5,0,32.55792548,-84.25077141,13269.0,1583.5411471321695,3.9370078740157477,122,126,5,0,121,121,8039,1,0,0,1,5
2020-08-27,US,Georgia,Telfair,340,13,0,31.92829517,-82.93491155,13271.0,2143.7578814628,3.8235294117647056,327,333,13,0,320,332,15876,7,0,0,7,1
2020-08-27,US,Georgia,Terrell,314,31,0,31.77527543,-84.44069698,13273.0,3680.6939397491496,9.872611464968152,283,313,31,0,282,313,8611,1,0,0,1,0
2020-08-27,US,Georgia,Thomas,1367,47,0,30.86392347,-83.91847289,13275.0,3075.2963937819172,3.438185808339429,1320,1355,47,0,1308,1341,44448,12,0,0,12,14
2020-08-27,US,Georgia,Tift,1479,48,0,31.45743864,-83.5236119,13277.0,3638.91349276646,3.2454361054766734,1431,1468,48,0,1420,1451,40571,11,0,0,11,17
2020-08-27,US,Georgia,Toombs,1030,13,0,32.12059861,-82.32957247,13279.0,3838.9862094670148,1.2621359223300972,1017,1011,12,0,999,1000,26887,19,1,0,18,11
2020-08-27,US,Georgia,Towns,195,5,0,34.91369188,-83.74107459999998,13281.0,1620.004984630722,2.5641025641025643,190,192,5,0,187,187,11852,3,0,0,3,5
2020-08-27,US,Georgia,Treutlen,197,3,0,32.40422134,-82.56904553,13283.0,2854.658745109404,1.5228426395939083,194,188,3,0,185,185,6809,9,0,0,9,3
2020-08-27,US,Georgia,Troup,2557,82,0,33.03349196,-85.02812115,13285.0,3656.932009953949,3.2068830660930776,2475,2540,81,0,2459,2516,70034,17,1,0,16,24
2020-08-27,US,Georgia,Turner,276,19,0,31.71612656,-83.62069378,13287.0,3456.48090169067,6.884057971014492,257,275,19,0,256,274,7912,1,0,0,1,1
2020-08-27,US,Georgia,Twiggs,167,6,0,32.67435595,-83.43078662,13289.0,2056.650246305419,3.5928143712574854,161,169,6,0,163,169,8188,-2,0,0,-2,0
2020-08-27,US,Georgia,Unassigned,2564,4,0,0.0,0.0,90013.0,0.0,0.15600624024961,2560,2597,5,0,2592,2725,,-33,-1,0,-32,-128
2020-08-27,US,Georgia,Union,449,8,0,34.82995757,-83.98967069,13291.0,1831.8306066663947,1.7817371937639201,441,427,7,0,420,423,24001,22,1,0,21,4
2020-08-27,US,Georgia,Upson,640,53,0,32.87920671,-84.30024826,13293.0,2431.61094224924,8.28125,587,636,53,0,583,634,26215,4,0,0,4,2
2020-08-27,US,Georgia,Walker,946,21,0,34.73376362,-85.30165174,13295.0,1356.0585427387794,2.219873150105708,925,942,21,0,921,925,69410,4,0,0,4,17
2020-08-27,US,Georgia,Walton,1429,46,0,33.78017694,-83.73552314,13297.0,1510.6826086496887,3.2190342897130866,1383,1411,44,0,1367,1403,93503,18,2,0,16,8
2020-08-27,US,Georgia,Ware,1318,42,0,31.05449097,-82.42224148,13299.0,3688.364023059272,3.1866464339908958,1276,1311,42,0,1269,1306,35680,7,0,0,7,5
2020-08-27,US,Georgia,Warren,116,5,0,33.41146451,-82.67795848,13301.0,2207.8416444613626,4.310344827586206,111,116,5,0,111,114,5251,0,0,0,0,2
2020-08-27,US,Georgia,Washington,598,4,0,32.96711864,-82.79357039,13303.0,2935.113379797781,0.6688963210702341,594,594,3,0,591,592,20386,4,1,0,3,2
2020-08-27,US,Georgia,Wayne,941,22,0,31.5521809,-81.91894878,13305.0,3144.317840077522,2.3379383634431457,919,934,22,0,912,931,29808,7,0,0,7,3
2020-08-27,US,Georgia,Webster,38,2,0,32.04066113,-84.54742852,13307.0,1457.6141158419641,5.2631578947368425,36,38,2,0,36,39,2611,0,0,0,0,-1
2020-08-27,US,Georgia,Wheeler,141,4,0,32.12009104,-82.72574721,13309.0,1795.0350095480585,2.8368794326241136,137,141,4,0,137,141,7879,0,0,0,0,0
2020-08-27,US,Georgia,White,478,10,0,34.64624278,-83.74905525,13311.0,1552.0488343398922,2.092050209205021,468,462,9,0,453,450,29970,16,1,0,15,12
2020-08-27,US,Georgia,Whitfield,3902,50,0,34.80987459,-84.96093476,13313.0,3729.403219023589,1.2813941568426448,3852,3878,49,0,3829,3859,104062,24,1,0,23,19
2020-08-27,US,Georgia,Wilcox,220,20,0,31.97496928,-83.43438555,13315.0,2547.7707006369433,9.090909090909092,200,215,20,0,195,213,8812,5,0,0,5,2
2020-08-27,US,Georgia,Wilkes,216,3,0,33.78290391,-82.74286107,13317.0,2209.266646210494,1.3888888888888888,213,216,3,0,213,216,9876,0,0,0,0,0
2020-08-27,US,Georgia,Wilkinson,283,14,0,32.80291082,-83.17140684,13319.0,3160.5986151440693,4.946996466431095,269,280,14,0,266,283,9036,3,0,0,3,-3
2020-08-27,US,Georgia,Worth,494,25,0,31.55162306,-83.85090513,13321.0,2439.867634711315,5.060728744939271,469,492,24,0,468,488,20299,2,1,0,1,4
2020-08-27,US,Hawaii,Hawaii,253,0,0,19.60121157,-155.5210167,15001.0,125.55021264136805,0.0,253,243,0,0,243,220,200983,10,0,0,10,23
2020-08-27,US,Hawaii,Honolulu,6915,47,0,21.45803166,-157.97121819999995,15003.0,709.5487926383415,0.6796818510484454,6868,6626,43,0,6583,6382,980080,289,4,0,285,244
2020-08-27,US,Hawaii,Kauai,56,0,0,22.03935037,-159.5966786,15007.0,77.46254824118517,0.0,56,56,0,0,56,56,72133,0,0,0,0,0
2020-08-27,US,Hawaii,Maui,318,7,0,20.86399628,-156.56890969999995,15009.0,189.94486820334853,2.2012578616352205,311,311,7,0,304,303,167207,7,0,0,7,8
2020-08-27,US,Hawaii,Out of HI,24,1,0,0.0,0.0,80015.0,0.0,4.166666666666667,23,24,1,0,23,23,,0,0,0,0,1
2020-08-27,US,Idaho,Ada,10930,118,0,43.4526575,-116.24155159999998,16001.0,2269.5795359924577,1.0795974382433668,10812,10853,116,0,10737,10748,469966,77,2,0,75,105
2020-08-27,US,Idaho,Adams,25,0,0,44.89333571,-116.4545247,16003.0,582.2077317186772,0.0,25,25,0,0,25,25,4250,0,0,0,0,0
2020-08-27,US,Idaho,Bannock,598,2,0,42.67002716,-112.2233311,16005.0,681.0313411078718,0.33444816053511706,596,589,2,0,587,573,87138,9,0,0,9,16
2020-08-27,US,Idaho,Bear Lake,30,0,0,42.28269683,-111.32892379999998,16007.0,489.79591836734687,0.0,30,30,0,0,30,30,6050,0,0,0,0,0
2020-08-27,US,Idaho,Benewah,109,1,0,47.21754179,-116.6586851,16009.0,1172.2951172295118,0.9174311926605504,108,103,1,0,102,103,9226,6,0,0,6,0
2020-08-27,US,Idaho,Bingham,432,5,0,43.21672879999999,-112.3978437,16011.0,922.86001153575,1.1574074074074074,427,419,5,0,414,407,46236,13,0,0,13,12
2020-08-27,US,Idaho,Blaine,601,6,0,43.4085812,-113.9752658,16013.0,2610.659832327006,0.9983361064891848,595,598,6,0,592,596,22601,3,0,0,3,2
2020-08-27,US,Idaho,Boise,60,1,0,43.98829931,-115.7309284,16015.0,766.1856723279276,1.6666666666666667,59,59,1,0,58,58,7634,1,0,0,1,1
2020-08-27,US,Idaho,Bonner,207,0,0,48.29996017,-116.6017932,16017.0,452.5678305166269,0.0,207,204,0,0,204,202,44727,3,0,0,3,2
2020-08-27,US,Idaho,Bonneville,1647,9,0,43.38713372,-111.6161537,16019.0,1383.3128958021869,0.5464480874316939,1638,1596,8,0,1588,1582,116854,51,1,0,50,14
2020-08-27,US,Idaho,Boundary,43,1,0,48.76684761,-116.4630179,16021.0,351.1637403021642,2.3255813953488373,42,43,1,0,42,42,11948,0,0,0,0,1
2020-08-27,US,Idaho,Butte,7,0,0,43.72592209,-113.1735463,16023.0,269.54177897574124,0.0,7,4,0,0,4,4,2611,3,0,0,3,0
2020-08-27,US,Idaho,Camas,3,0,0,43.46665742,-114.8065892,16025.0,271.24773960217004,0.0,3,2,0,0,2,2,1127,1,0,0,1,0
2020-08-27,US,Idaho,Canyon,7004,73,0,43.61970148,-116.70954990000001,16027.0,3047.21795613642,1.0422615648201028,6931,6950,71,0,6879,6910,223499,54,2,0,52,40
2020-08-27,US,Idaho,Caribou,39,0,0,42.77149116,-111.5597683,16029.0,545.0733752620545,0.0,39,35,0,0,35,35,7060,4,0,0,4,0
2020-08-27,US,Idaho,Cassia,578,3,0,42.28347888,-113.6012409,16031.0,2405.3266749895965,0.5190311418685121,575,573,3,0,570,572,23864,5,0,0,5,1
2020-08-27,US,Idaho,Clark,18,0,0,44.28496071,-112.35057040000001,16033.0,2130.1775147928993,0.0,18,18,0,0,18,18,852,0,0,0,0,0
2020-08-27,US,Idaho,Clearwater,20,0,0,46.67459924,-115.6622393,16035.0,228.41480127912288,0.0,20,21,0,0,21,21,8758,-1,0,0,-1,0
2020-08-27,US,Idaho,Custer,27,0,0,44.24186819,-114.2855494,16037.0,625.7242178447278,0.0,27,21,0,0,21,18,4280,6,0,0,6,3
2020-08-27,US,Idaho,Elmore,274,3,0,43.3507101,-115.4701578,16039.0,995.9652502635312,1.094890510948905,271,273,3,0,270,267,27259,1,0,0,1,6
2020-08-27,US,Idaho,Franklin,55,0,0,42.18332217,-111.81496659999999,16041.0,396.3678293456328,0.0,55,54,0,0,54,54,13726,1,0,0,1,0
2020-08-27,US,Idaho,Fremont,107,1,0,44.22800938,-111.48099429999999,16043.0,816.8562485685933,0.9345794392523364,106,103,1,0,102,103,13168,4,0,0,4,0
2020-08-27,US,Idaho,Gem,206,2,0,44.06482372,-116.398376,16045.0,1137.3674911660778,0.9708737864077671,204,205,2,0,203,205,17634,1,0,0,1,0
2020-08-27,US,Idaho,Gooding,215,1,0,42.96927962,-114.81083059999999,16047.0,1416.4305949008499,0.4651162790697674,214,211,1,0,210,209,15196,4,0,0,4,2
2020-08-27,US,Idaho,Idaho,40,0,0,45.84721541,-115.4634436,16049.0,239.9952000959981,0.0,40,40,0,0,40,40,16513,0,0,0,0,0
2020-08-27,US,Idaho,Jefferson,336,1,0,43.82078483,-112.3131749,16051.0,1124.8367982323994,0.2976190476190476,335,329,1,0,328,325,29439,7,0,0,7,4
2020-08-27,US,Idaho,Jerome,589,6,0,42.68891267,-114.2655033,16053.0,2412.747828936589,1.0186757215619695,583,579,6,0,573,576,24015,10,0,0,10,3
2020-08-27,US,Idaho,Kootenai,2150,29,0,47.67282258,-116.7020872,16055.0,1297.5491409017666,1.3488372093023255,2121,2136,29,0,2107,2120,161505,14,0,0,14,16
2020-08-27,US,Idaho,Latah,225,0,0,46.81587887,-116.71136979999999,16057.0,560.9853395831257,0.0,225,219,0,0,219,215,40134,6,0,0,6,4
2020-08-27,US,Idaho,Lemhi,69,0,0,44.9438088,-113.9309747,16059.0,859.5988538681949,0.0,69,69,0,0,69,68,7961,0,0,0,0,1
2020-08-27,US,Idaho,Lincoln,67,0,0,43.0012336,-114.1358773,16063.0,1248.602310846068,0.0,67,66,0,0,66,64,5360,1,0,0,1,2
2020-08-27,US,Idaho,Madison,229,0,0,43.78141028,-111.65384740000002,16065.0,573.8341644323051,0.0,229,226,0,0,226,221,39304,3,0,0,3,5
2020-08-27,US,Idaho,Minidoka,547,2,0,42.85518524,-113.6357257,16067.0,2599.933456913352,0.3656307129798903,545,540,2,0,538,539,20825,7,0,0,7,1
2020-08-27,US,Idaho,Nez Perce,274,19,0,46.32638236,-116.75009750000001,16069.0,678.0835478123144,6.934306569343065,255,269,19,0,250,259,40408,5,0,0,5,10
2020-08-27,US,Idaho,Oneida,20,0,0,42.19494279999999,-112.5407838,16071.0,441.4036636504083,0.0,20,20,0,0,20,18,4488,0,0,0,0,2
2020-08-27,US,Idaho,Owyhee,296,5,0,42.58016894,-116.16938710000001,16073.0,2503.594688319377,1.6891891891891893,291,293,4,0,289,290,11693,3,1,0,2,3
2020-08-27,US,Idaho,Payette,628,4,0,44.00545243,-116.7647695,16075.0,2622.0199574130515,0.6369426751592356,624,605,4,0,601,586,23551,23,0,0,23,19
2020-08-27,US,Idaho,Power,105,0,0,42.69254894,-112.83957420000002,16077.0,1367.0095039708372,0.0,105,104,0,0,104,97,7768,1,0,0,1,7
2020-08-27,US,Idaho,Shoshone,195,12,0,47.35364087,-115.89167490000001,16079.0,1513.7401024685607,6.153846153846153,183,192,12,0,180,192,12796,3,0,0,3,0
2020-08-27,US,Idaho,Teton,122,0,0,43.75303583,-111.2056773,16081.0,1004.7768077746664,0.0,122,122,0,0,122,122,11640,0,0,0,0,0
2020-08-27,US,Idaho,Twin Falls,1640,34,0,42.35440512,-114.6685381,16083.0,1887.7045972513172,2.073170731707317,1606,1628,34,0,1594,1610,86081,12,0,0,12,18
2020-08-27,US,Idaho,Unassigned,3,0,0,0.0,0.0,90016.0,0.0,0.0,3,3,0,0,3,3,,0,0,0,0,0
2020-08-27,US,Idaho,Valley,80,1,0,44.76728382,-115.5676773,16085.0,702.2471910112358,1.25,79,79,1,0,78,78,11041,1,0,0,1,1
2020-08-27,US,Idaho,Washington,263,4,0,44.45275475,-116.78476880000001,16087.0,2579.948989601727,1.520912547528517,259,263,4,0,259,258,10161,0,0,0,0,5
2020-08-27,US,Illinois,Adams,734,7,0,39.98815591,-91.18786813,17001.0,1121.723848093528,0.9536784741144414,727,731,7,0,724,730,65691,3,0,0,3,1
2020-08-27,US,Illinois,Alexander,44,0,0,37.18049267,-89.32910838,17003.0,763.7562923103627,0.0,44,42,0,0,42,41,6060,2,0,0,2,1
2020-08-27,US,Illinois,Bond,123,3,0,38.88829622,-89.43534887,17005.0,748.8128576646782,2.4390243902439024,120,119,3,0,116,117,16630,4,0,0,4,2
2020-08-27,US,Illinois,Boone,846,23,0,42.32359279,-88.82345779,17007.0,1580.00896458987,2.7186761229314422,823,843,23,0,820,835,53577,3,0,0,3,8
2020-08-27,US,Illinois,Brown,18,0,0,39.96209138,-90.75068024,17009.0,273.6394040741867,0.0,18,16,0,0,16,16,6556,2,0,0,2,0
2020-08-27,US,Illinois,Bureau,348,5,0,41.40385234,-89.5283051,17011.0,1066.5685913938948,1.4367816091954022,343,335,5,0,330,330,32993,13,0,0,13,5
2020-08-27,US,Illinois,Calhoun,26,0,0,39.16840183,-90.66330078,17013.0,548.638953365689,0.0,26,25,0,0,25,24,4802,1,0,0,1,1
2020-08-27,US,Illinois,Carroll,125,4,0,42.06823429,-89.93395545,17015.0,873.8203425375743,3.2,121,115,4,0,111,113,14312,10,0,0,10,2
2020-08-27,US,Illinois,Cass,297,11,0,39.96991073,-90.24734436,17017.0,2445.048160039516,3.703703703703704,286,296,11,0,285,290,12260,1,0,0,1,6
2020-08-27,US,Illinois,Champaign,2210,20,0,40.13919438,-88.20046615,17019.0,1053.941789984215,0.9049773755656108,2190,2187,20,0,2167,2100,209983,23,0,0,23,87
2020-08-27,US,Illinois,Christian,195,4,0,39.54581621,-89.27780482,17021.0,603.6404160475482,2.051282051282051,191,192,4,0,188,191,32661,3,0,0,3,1
2020-08-27,US,Illinois,Clark,112,2,0,39.33425789,-87.78705622,17023.0,725.3416229518814,1.7857142857142858,110,113,2,0,111,112,15596,-1,0,0,-1,1
2020-08-27,US,Illinois,Clay,65,0,0,38.75388572,-88.48914513,17025.0,493.0218446601942,0.0,65,62,0,0,62,61,13253,3,0,0,3,1
2020-08-27,US,Illinois,Clinton,667,17,0,38.60704876,-89.42385254,17027.0,1775.7307917576275,2.548725637181409,650,647,17,0,630,632,37639,20,0,0,20,15
2020-08-27,US,Illinois,Coles,860,21,0,39.51949084,-88.22358557,17029.0,1698.899666146461,2.4418604651162794,839,827,21,0,806,798,50885,33,0,0,33,29
2020-08-27,US,Illinois,Cook,123691,5039,0,41.84144849,-87.81658794,17031.0,2401.6583327395088,4.073861477391241,118652,123172,5031,0,118141,122423,5180493,519,8,0,511,749
2020-08-27,US,Illinois,Crawford,72,0,0,39.0032229,-87.75954624,17033.0,385.7073980821771,0.0,72,72,0,0,72,61,18807,0,0,0,0,11
2020-08-27,US,Illinois,Cumberland,127,3,0,39.27432424,-88.2401158,17035.0,1179.6396061675646,2.3622047244094486,124,123,3,0,120,114,10808,4,0,0,4,9
2020-08-27,US,Illinois,De Witt,39,1,0,40.17514519,-88.90959682,17039.0,249.3925054354777,2.5641025641025643,38,38,1,0,37,39,15769,1,0,0,1,-1
2020-08-27,US,Illinois,DeKalb,1082,33,0,41.89373302,-88.76958483,17037.0,1031.4880311162378,3.049907578558225,1049,1078,33,0,1045,1064,104143,4,0,0,4,14
2020-08-27,US,Illinois,Douglas,202,4,0,39.76768052,-88.21854195,17041.0,1037.7600821988183,1.98019801980198,198,198,4,0,194,195,19479,4,0,0,4,3
2020-08-27,US,Illinois,DuPage,14200,533,0,41.85116968,-88.08642662,17043.0,1538.5932273726569,3.753521126760564,13667,14103,532,0,13571,14001,928589,97,1,0,96,102
2020-08-27,US,Illinois,Edgar,77,0,0,39.6809186,-87.74759563,17045.0,448.6918011770877,0.0,77,75,0,0,75,60,17360,2,0,0,2,15
2020-08-27,US,Illinois,Edwards,34,0,0,38.41353228,-88.05720863,17047.0,531.6653635652854,0.0,34,33,0,0,33,31,6392,1,0,0,1,2
2020-08-27,US,Illinois,Effingham,464,1,0,39.05935711,-88.58969584,17049.0,1364.3848506233828,0.21551724137931036,463,424,1,0,423,412,34208,40,0,0,40,12
2020-08-27,US,Illinois,Fayette,144,3,0,39.00072038,-89.02452658,17051.0,674.9156355455567,2.083333333333333,141,140,3,0,137,127,21416,4,0,0,4,13
2020-08-27,US,Illinois,Ford,69,2,0,40.59706922,-88.22350769,17053.0,532.3663297585064,2.898550724637681,67,69,2,0,67,68,13264,0,0,0,0,1
2020-08-27,US,Illinois,Franklin,315,1,0,37.99189086,-88.92567818,17055.0,818.8411448179053,0.31746031746031744,314,305,1,0,304,298,38701,10,0,0,10,7
2020-08-27,US,Illinois,Fulton,75,0,0,40.47289135,-90.20862357,17057.0,218.40419336051247,0.0,75,72,0,0,72,72,34844,3,0,0,3,0
2020-08-27,US,Illinois,Gallatin,62,2,0,37.76430935,-88.22953869,17059.0,1284.175642087821,3.2258064516129035,60,62,2,0,60,60,5058,0,0,0,0,2
2020-08-27,US,Illinois,Greene,97,0,0,39.35907414,-90.388865,17061.0,747.9373891587633,0.0,97,97,0,0,97,97,13044,0,0,0,0,0
2020-08-27,US,Illinois,Grundy,461,5,0,41.28569601,-88.41905692,17063.0,902.9654875230146,1.084598698481562,456,452,5,0,447,441,50972,9,0,0,9,11
2020-08-27,US,Illinois,Hamilton,44,0,0,38.08163641,-88.53883373,17065.0,542.1389847215377,0.0,44,44,0,0,44,42,8163,0,0,0,0,2
2020-08-27,US,Illinois,Hancock,123,2,0,40.40423981,-91.16313899,17067.0,694.6013101423085,1.6260162601626016,121,120,1,0,119,118,17844,3,1,0,2,2
2020-08-27,US,Illinois,Hardin,18,0,0,37.51810645,-88.26873022,17069.0,471.08086888249153,0.0,18,18,0,0,18,18,3910,0,0,0,0,0
2020-08-27,US,Illinois,Henderson,40,0,0,40.81908672,-90.92491462,17071.0,601.8657839301836,0.0,40,37,0,0,37,37,6709,3,0,0,3,0
2020-08-27,US,Illinois,Henry,424,1,0,41.3533994,-90.13296166,17073.0,866.8452149735243,0.2358490566037736,423,412,1,0,411,406,49090,12,0,0,12,6
2020-08-27,US,Illinois,Iroquois,287,18,0,40.74717633,-87.82466784,17075.0,1058.4937670576087,6.2717770034843205,269,284,18,0,266,284,27604,3,0,0,3,0
2020-08-27,US,Illinois,Jackson,892,20,0,37.78595185,-89.38232563,17077.0,1571.8061674008813,2.242152466367713,872,877,20,0,857,862,57419,15,0,0,15,15
2020-08-27,US,Illinois,Jasper,104,7,0,39.01054275,-88.15437049,17079.0,1082.2060353798126,6.730769230769232,97,100,7,0,93,91,9611,4,0,0,4,9
2020-08-27,US,Illinois,Jefferson,434,33,0,38.29980057,-88.9240025,17081.0,1151.6824116335845,7.6036866359447,401,416,31,0,385,411,37820,18,2,0,16,5
2020-08-27,US,Illinois,Jersey,264,3,0,39.08869046,-90.35393073,17083.0,1212.5109080053278,1.1363636363636365,261,246,3,0,243,239,21847,18,0,0,18,7
2020-08-27,US,Illinois,Jo Daviess,171,2,0,42.36542373,-90.21094405,17085.0,805.2743112785498,1.1695906432748535,169,171,2,0,169,168,21366,0,0,0,0,3
2020-08-27,US,Illinois,Johnson,107,0,0,37.45939802,-88.88165419,17087.0,861.7218329709268,0.0,107,105,0,0,105,96,12456,2,0,0,2,9
2020-08-27,US,Illinois,Kane,11002,312,0,41.93842729,-88.42861412,17089.0,2066.479715553819,2.83584802763134,10690,10956,312,0,10644,10857,534216,46,0,0,46,99
2020-08-27,US,Illinois,Kankakee,2107,71,0,41.13746989,-87.86205334,17091.0,1917.8605887385995,3.369719981015662,2036,2089,71,0,2018,2064,110024,18,0,0,18,25
2020-08-27,US,Illinois,Kendall,1623,23,0,41.59081014,-88.42869583,17093.0,1258.23707264129,1.4171287738755391,1600,1609,23,0,1586,1601,127915,14,0,0,14,8
2020-08-27,US,Illinois,Knox,440,3,0,40.93148779,-90.21330340000002,17095.0,885.3296847019054,0.6818181818181818,437,436,3,0,433,429,50112,4,0,0,4,7
2020-08-27,US,Illinois,LaSalle,1180,45,0,41.34426129999999,-88.88633881,17099.0,1085.8662544055805,3.8135593220338975,1135,1148,43,0,1105,1128,109430,32,2,0,30,20
2020-08-27,US,Illinois,Lake,14223,462,0,42.3224907,-88.00367925,17097.0,2041.9648689584878,3.2482598607888638,13761,14172,460,0,13712,14027,700832,51,2,0,49,145
2020-08-27,US,Illinois,Lawrence,93,0,0,38.71987914,-87.72884035,17101.0,593.1879066207423,0.0,93,89,0,0,89,89,15765,4,0,0,4,0
2020-08-27,US,Illinois,Lee,226,1,0,41.74583951,-89.29977132,17103.0,662.8343500703895,0.4424778761061947,225,222,1,0,221,218,34223,4,0,0,4,4
2020-08-27,US,Illinois,Livingston,179,4,0,40.89188292,-88.55784752,17105.0,502.1319569120287,2.23463687150838,175,172,4,0,168,173,35761,7,0,0,7,-1
2020-08-27,US,Illinois,Logan,247,1,0,40.12581572,-89.36638784,17107.0,863.0931581522119,0.4048582995951417,246,245,1,0,244,237,28925,2,0,0,2,8
2020-08-27,US,Illinois,Macon,894,26,0,39.86064913,-88.96342505,17115.0,859.5410012595064,2.9082774049217,868,875,26,0,849,866,104712,19,0,0,19,9
2020-08-27,US,Illinois,Macoupin,333,3,0,39.26119767,-89.92424028,17117.0,741.2188932911897,0.9009009009009008,330,324,3,0,321,302,45313,9,0,0,9,22
2020-08-27,US,Illinois,Madison,3818,95,0,38.83042506,-89.90422563,17119.0,1451.8987245499418,2.488213724463069,3723,3752,92,0,3660,3666,264461,66,3,0,63,86
2020-08-27,US,Illinois,Marion,259,0,0,38.64963204,-88.91899208,17121.0,696.1429915333963,0.0,259,249,0,0,249,245,37620,10,0,0,10,4
2020-08-27,US,Illinois,Marshall,44,0,0,41.0327901,-89.34510444,17123.0,384.6826368246197,0.0,44,42,0,0,42,40,11534,2,0,0,2,2
2020-08-27,US,Illinois,Mason,76,1,0,40.23917274,-89.91824452,17125.0,568.9048581480649,1.3157894736842106,75,73,1,0,72,73,13565,3,0,0,3,0
2020-08-27,US,Illinois,Massac,63,1,0,37.22078441,-88.71036614,17127.0,457.44989834446716,1.5873015873015872,62,61,1,0,60,60,14080,2,0,0,2,1
2020-08-27,US,Illinois,McDonough,176,15,0,40.45674722,-90.67775541,17109.0,592.9519574152688,8.522727272727273,161,164,15,0,149,165,29955,12,0,0,12,-1
2020-08-27,US,Illinois,McHenry,3743,114,0,42.32451172,-88.45248227,17111.0,1216.1521116143665,3.045685279187817,3629,3698,115,0,3583,3667,308570,45,-1,0,46,31
2020-08-27,US,Illinois,McLean,1323,16,0,40.48996987,-88.84621113,17113.0,771.3521108694765,1.2093726379440666,1307,1250,16,0,1234,1188,172828,73,0,0,73,62
2020-08-27,US,Illinois,Menard,68,0,0,40.02742725,-89.80246001,17129.0,557.5598556903901,0.0,68,68,0,0,68,67,12288,0,0,0,0,1
2020-08-27,US,Illinois,Mercer,94,4,0,41.20596782,-90.74290052,17131.0,608.9266049102805,4.25531914893617,90,95,4,0,91,91,15601,-1,0,0,-1,4
2020-08-27,US,Illinois,Monroe,442,14,0,38.27594376,-90.17761038,17133.0,1276.0920403037214,3.1674208144796383,428,429,14,0,415,413,34335,13,0,0,13,16
2020-08-27,US,Illinois,Montgomery,243,8,0,39.23198845,-89.47809254,17135.0,855.2122193285,3.2921810699588483,235,234,8,0,226,230,28601,9,0,0,9,4
2020-08-27,US,Illinois,Morgan,475,18,0,39.71654544,-90.20255104,17137.0,1411.2543823162396,3.7894736842105265,457,466,18,0,448,459,33976,9,0,0,9,7
2020-08-27,US,Illinois,Moultrie,144,0,0,39.64187451,-88.62099969,17139.0,993.0349631059927,0.0,144,140,0,0,140,136,14717,4,0,0,4,4
2020-08-27,US,Illinois,Ogle,468,5,0,42.04165196,-89.32184679,17141.0,924.1158699129196,1.0683760683760684,463,467,5,0,462,459,50923,1,0,0,1,8
2020-08-27,US,Illinois,Out of IL,2,0,0,0.0,0.0,80017.0,0.0,0.0,2,,,,,1,,,,,,
2020-08-27,US,Illinois,Peoria,2271,40,0,40.78702156,-89.76078901,17143.0,1267.4476361627196,1.7613386173491854,2231,2255,40,0,2215,2220,180621,16,0,0,16,35
2020-08-27,US,Illinois,Perry,283,8,0,38.08510853,-89.36856219,17145.0,1353.0311723082807,2.826855123674912,275,278,8,0,270,272,21174,5,0,0,5,6
2020-08-27,US,Illinois,Piatt,72,0,0,40.01360584,-88.59319339,17147.0,440.5286343612335,0.0,72,71,0,0,71,70,16396,1,0,0,1,1
2020-08-27,US,Illinois,Pike,66,0,0,39.62265059,-90.8877017,17149.0,424.1372662425294,0.0,66,64,0,0,64,63,15611,2,0,0,2,1
2020-08-27,US,Illinois,Pope,14,1,0,37.41391284,-88.56152109,17151.0,335.16878142207327,7.142857142857142,13,14,1,0,13,11,4212,0,0,0,0,3
2020-08-27,US,Illinois,Pulaski,117,1,0,37.22631423,-89.13085001,17153.0,2193.064667291472,0.8547008547008547,116,114,1,0,113,107,5463,3,0,0,3,7
2020-08-27,US,Illinois,Putnam,15,0,0,41.2013541,-89.2869272,17155.0,261.3695765812859,0.0,15,14,0,0,14,13,5740,1,0,0,1,1
2020-08-27,US,Illinois,Randolph,697,7,0,38.05095369,-89.82512254,17157.0,2193.0652570637467,1.0043041606886658,690,682,7,0,675,667,32106,15,0,0,15,15
2020-08-27,US,Illinois,Richland,58,1,0,38.71240969,-88.08475366,17159.0,373.87997163669183,1.7241379310344829,57,58,1,0,57,58,15763,0,0,0,0,0
2020-08-27,US,Illinois,Rock Island,2094,52,0,41.46613806,-90.57042164,17161.0,1475.9055251305688,2.483285577841452,2042,2071,52,0,2019,2054,143477,23,0,0,23,17
2020-08-27,US,Illinois,Saline,161,3,0,37.75332999,-88.54119706,17165.0,685.3688646715764,1.8633540372670807,158,158,3,0,155,155,23906,3,0,0,3,3
2020-08-27,US,Illinois,Sangamon,1701,37,0,39.75836914,-89.65872023,17167.0,873.7774307553218,2.1751910640799528,1664,1680,37,0,1643,1656,195348,21,0,0,21,24
2020-08-27,US,Illinois,Schuyler,19,0,0,40.157179799999994,-90.61114163,17169.0,280.73286052009456,0.0,19,19,0,0,19,19,6907,0,0,0,0,0
2020-08-27,US,Illinois,Scott,44,0,0,39.642916899999996,-90.47814431,17171.0,888.7093516461321,0.0,44,43,0,0,43,41,4926,1,0,0,1,2
2020-08-27,US,Illinois,Shelby,176,3,0,39.39133527,-88.80611122,17173.0,813.5342516409355,1.7045454545454546,173,171,3,0,168,158,21741,5,0,0,5,13
2020-08-27,US,Illinois,St. Clair,5107,170,0,38.46996033,-89.93063427,17163.0,1966.6058239566248,3.328764440963384,4937,5058,168,0,4890,5010,261059,49,2,0,47,48
2020-08-27,US,Illinois,Stark,15,0,0,41.09309773,-89.79745866,17175.0,280.79371022089106,0.0,15,13,0,0,13,10,5427,2,0,0,2,3
2020-08-27,US,Illinois,Stephenson,373,6,0,42.35129217,-89.662598,17177.0,838.2399208953212,1.6085790884718498,367,371,6,0,365,369,44753,2,0,0,2,2
2020-08-27,US,Illinois,Tazewell,1019,9,0,40.50716185,-89.51404662,17179.0,773.1235252611853,0.8832188420019627,1010,993,9,0,984,971,132328,26,0,0,26,22
2020-08-27,US,Illinois,Unassigned,1474,209,0,0.0,0.0,90017.0,0.0,14.17910447761194,1265,1463,209,0,1254,1497,,11,0,0,11,-34
2020-08-27,US,Illinois,Union,414,23,0,37.47119609,-89.25548938,17181.0,2486.038551612322,5.5555555555555545,391,409,23,0,386,402,16841,5,0,0,5,7
2020-08-27,US,Illinois,Vermilion,312,3,0,40.18417171,-87.73384359,17183.0,411.83769370891525,0.9615384615384616,309,306,3,0,303,302,76806,6,0,0,6,4
2020-08-27,US,Illinois,Wabash,95,1,0,38.44272901,-87.84922065,17185.0,824.6527777777777,1.0526315789473684,94,95,1,0,94,94,11549,0,0,0,0,1
2020-08-27,US,Illinois,Warren,241,1,0,40.84925021,-90.6147432,17187.0,1430.7765376395155,0.4149377593360996,240,238,1,0,237,231,17032,3,0,0,3,7
2020-08-27,US,Illinois,Washington,106,1,0,38.35309213,-89.40982703,17189.0,763.3038093180674,0.9433962264150944,105,101,1,0,100,98,13995,5,0,0,5,3
2020-08-27,US,Illinois,Wayne,90,2,0,38.42955355,-88.42586459,17191.0,555.0416281221093,2.2222222222222223,88,90,2,0,88,88,16332,0,0,0,0,2
2020-08-27,US,Illinois,White,114,0,0,38.08706198,-88.17657461,17193.0,842.1363669941643,0.0,114,113,0,0,113,113,13665,1,0,0,1,0
2020-08-27,US,Illinois,Whiteside,478,19,0,41.75509713,-89.91556058,17195.0,866.3343905754417,3.97489539748954,459,471,18,0,453,456,55626,7,1,0,6,15
2020-08-27,US,Illinois,Will,11136,357,0,41.44619267,-87.97862712,17197.0,1612.1770325576956,3.205818965517241,10779,11063,356,0,10707,10927,692310,73,1,0,72,136
2020-08-27,US,Illinois,Williamson,806,11,0,37.73033511,-88.92994027,17199.0,1210.264726639338,1.3647642679900744,795,784,11,0,773,747,67056,22,0,0,22,37
2020-08-27,US,Illinois,Winnebago,4153,146,0,42.33641854,-89.16085327,17201.0,1469.7139136220148,3.5155309414880813,4007,4116,145,0,3971,4087,284081,37,1,0,36,29
2020-08-27,US,Illinois,Woodford,255,3,0,40.78579374,-89.20973757,17203.0,663.0437608882186,1.1764705882352942,252,249,3,0,246,245,38463,6,0,0,6,4
2020-08-27,US,Indiana,Adams,177,2,0,40.7457653,-84.93671406,18001.0,494.7312519216256,1.1299435028248588,175,164,2,0,162,161,35636,13,0,0,13,3
2020-08-27,US,Indiana,Allen,4826,177,0,41.09194313,-85.06800636,18003.0,1272.3471456555385,3.667633651056777,4649,4756,176,0,4580,4714,375351,70,1,0,69,42
2020-08-27,US,Indiana,Bartholomew,1036,54,0,39.20744865,-85.89558181,18005.0,1236.5867341457886,5.212355212355212,982,1025,52,0,973,1023,82753,11,2,0,9,2
2020-08-27,US,Indiana,Benton,78,0,0,40.60626947,-87.31093999,18007.0,891.6323731138547,0.0,78,77,0,0,77,76,8653,1,0,0,1,1
2020-08-27,US,Indiana,Blackford,70,2,0,40.47388153,-85.32499702,18009.0,595.3393434257526,2.8571428571428568,68,70,2,0,68,70,11930,0,0,0,0,0
2020-08-27,US,Indiana,Boone,814,46,0,40.0509304,-86.46841646,18011.0,1199.829016995121,5.651105651105651,768,798,46,0,752,789,66999,16,0,0,16,9
2020-08-27,US,Indiana,Brown,86,2,0,39.19605589,-86.22868909,18013.0,569.8383249403657,2.3255813953488373,84,84,2,0,82,83,15234,2,0,0,2,1
2020-08-27,US,Indiana,Carroll,250,12,0,40.580783200000006,-86.56198812,18015.0,1234.1412844942488,4.8,238,248,12,0,236,249,20127,2,0,0,2,-1
2020-08-27,US,Indiana,Cass,1854,9,0,40.76135835,-86.34830753,18017.0,4919.207195733503,0.4854368932038835,1845,1848,9,0,1839,1844,37955,6,0,0,6,4
2020-08-27,US,Indiana,Clark,1677,51,0,38.48015445,-85.70510334,18019.0,1417.558452097175,3.041144901610018,1626,1644,51,0,1593,1625,117360,33,0,0,33,19
2020-08-27,US,Indiana,Clay,214,5,0,39.39561833,-87.11723506,18021.0,816.0152526215442,2.336448598130841,209,209,5,0,204,209,26170,5,0,0,5,0
2020-08-27,US,Indiana,Clinton,535,7,0,40.30319754,-86.47277257,18023.0,1651.2855335041204,1.308411214953271,528,525,7,0,518,523,32250,10,0,0,10,2
2020-08-27,US,Indiana,Crawford,57,0,0,38.28814402,-86.44518825,18025.0,538.905171598752,0.0,57,56,0,0,56,56,10558,1,0,0,1,0
2020-08-27,US,Indiana,Daviess,443,23,0,38.70186039,-87.07185406,18027.0,1328.2960031183472,5.1918735891647865,420,430,23,0,407,416,33147,13,0,0,13,14
2020-08-27,US,Indiana,DeKalb,310,4,0,41.39804622,-84.99906934,18033.0,713.0534790109258,1.2903225806451613,306,304,4,0,300,294,43226,6,0,0,6,10
2020-08-27,US,Indiana,Dearborn,564,28,0,39.14647946,-84.97333539,18029.0,1140.361518864491,4.964539007092198,536,559,28,0,531,558,49568,5,0,0,5,1
2020-08-27,US,Indiana,Decatur,389,34,0,39.30712658,-85.50087166,18031.0,1464.6635792010238,8.740359897172238,355,380,34,0,346,376,26794,9,0,0,9,4
2020-08-27,US,Indiana,Delaware,971,55,0,40.22787247,-85.39732772,18035.0,850.7469225040522,5.664263645726056,916,931,54,0,877,908,114772,40,1,0,39,23
2020-08-27,US,Indiana,Dubois,819,17,0,38.36597551,-86.87924170000002,18037.0,1916.417072257581,2.075702075702076,802,810,17,0,793,804,42565,9,0,0,9,6
2020-08-27,US,Indiana,Elkhart,5485,97,0,41.59761169,-85.85875695,18039.0,2658.221100023747,1.7684594348222424,5388,5439,97,0,5342,5398,205560,46,0,0,46,41
2020-08-27,US,Indiana,Fayette,304,8,0,39.63684962,-85.17797541,18041.0,1315.9033849883126,2.631578947368421,296,295,8,0,287,295,23047,9,0,0,9,0
2020-08-27,US,Indiana,Floyd,1027,54,0,38.32117957,-85.90385377,18043.0,1307.9137057130486,5.258033106134373,973,1022,54,0,968,1010,77781,5,0,0,5,12
2020-08-27,US,Indiana,Fountain,88,2,0,40.12361933,-87.24217689,18045.0,538.3580080753701,2.272727272727273,86,86,2,0,84,83,16351,2,0,0,2,3
2020-08-27,US,Indiana,Franklin,270,24,0,39.4142482,-85.06062647,18047.0,1186.3959926179805,8.888888888888891,246,265,23,0,242,264,22736,5,1,0,4,1
2020-08-27,US,Indiana,Fulton,201,2,0,41.0469907,-86.26252745,18049.0,1006.3082006608593,0.9950248756218906,199,198,2,0,196,198,20092,3,0,0,3,0
2020-08-27,US,Indiana,Gibson,306,4,0,38.30393723,-87.58054938,18051.0,909.1179179417096,1.30718954248366,302,301,4,0,297,294,33452,5,0,0,5,7
2020-08-27,US,Indiana,Grant,621,30,0,40.51587228,-85.65468702,18053.0,944.2138393468048,4.8309178743961345,591,612,30,0,582,606,65936,9,0,0,9,6
2020-08-27,US,Indiana,Greene,356,35,0,39.03630547,-86.96223202,18055.0,1115.2183447152431,9.831460674157304,321,345,35,0,310,338,32006,11,0,0,11,7
2020-08-27,US,Indiana,Hamilton,3692,107,0,40.07306535,-86.05244729,18057.0,1092.2721449893643,2.8981581798483207,3585,3639,107,0,3532,3588,330086,53,0,0,53,51
2020-08-27,US,Indiana,Hancock,793,41,0,39.82304555,-85.77566351,18059.0,1014.4816293112273,5.170239596469106,752,786,41,0,745,780,76351,7,0,0,7,6
2020-08-27,US,Indiana,Harrison,463,24,0,38.19467379,-86.10948271,18061.0,1142.786622238677,5.183585313174946,439,458,24,0,434,449,40350,5,0,0,5,9
2020-08-27,US,Indiana,Hendricks,2241,111,0,39.76719009,-86.51037283,18063.0,1315.8281027062258,4.953145917001339,2130,2204,111,0,2093,2188,167009,37,0,0,37,16
2020-08-27,US,Indiana,Henry,577,21,0,39.93029017,-85.39625719,18065.0,1202.7849578921034,3.639514731369151,556,568,21,0,547,560,48271,9,0,0,9,8
2020-08-27,US,Indiana,Howard,1044,61,0,40.48527731,-86.11351892,18067.0,1264.7799961232795,5.842911877394637,983,1035,61,0,974,1031,82366,9,0,0,9,4
2020-08-27,US,Indiana,Huntington,155,3,0,40.82907273,-85.48822092,18069.0,424.42497261774366,1.935483870967742,152,153,4,0,149,153,36240,2,-1,0,3,0
2020-08-27,US,Indiana,Jackson,681,8,0,38.90915820000001,-86.03851889,18071.0,1539.6441409870904,1.1747430249632893,673,675,7,0,668,673,44111,6,1,0,5,2
2020-08-27,US,Indiana,Jasper,309,2,0,41.02078733,-87.11553319,18073.0,920.6841070258032,0.6472491909385113,307,306,2,0,304,302,33370,3,0,0,3,4
2020-08-27,US,Indiana,Jay,122,0,0,40.43781032,-85.00576229,18075.0,596.9857114895283,0.0,122,119,0,0,119,114,20764,3,0,0,3,5
2020-08-27,US,Indiana,Jefferson,203,3,0,38.78576239,-85.43633383,18077.0,628.3273492633404,1.477832512315271,200,200,3,0,197,199,32208,3,0,0,3,1
2020-08-27,US,Indiana,Jennings,261,12,0,38.99588883,-85.62710784,18079.0,941.0492157923204,4.597701149425287,249,261,12,0,249,259,27611,0,0,0,0,2
2020-08-27,US,Indiana,Johnson,1990,120,0,39.48994426,-86.10149107,18081.0,1258.163839486113,6.030150753768845,1870,1964,120,0,1844,1956,156225,26,0,0,26,8
2020-08-27,US,Indiana,Knox,311,3,0,38.68861576,-87.4194665,18083.0,849.8660982674754,0.964630225080386,308,303,3,0,300,282,36895,8,0,0,8,21
2020-08-27,US,Indiana,Kosciusko,1009,16,0,41.24521668,-85.86312322,18085.0,1269.8852194925494,1.5857284440039645,993,1002,16,0,986,994,79344,7,0,0,7,8
2020-08-27,US,Indiana,LaGrange,591,11,0,41.64232188,-85.42674232,18087.0,1491.8968041601456,1.8612521150592216,580,585,11,0,574,582,39330,6,0,0,6,3
2020-08-27,US,Indiana,LaPorte,1140,31,0,41.54366008,-86.74072188,18091.0,1037.4199184624345,2.719298245614035,1109,1127,31,0,1096,1122,110007,13,0,0,13,5
2020-08-27,US,Indiana,Lake,8872,293,0,41.41874274,-87.38277575,18089.0,1827.4207867054727,3.302524797114517,8579,8799,293,0,8506,8744,484411,73,0,0,73,55
2020-08-27,US,Indiana,Lawrence,440,27,0,38.84112637,-86.48361629,18093.0,969.8038351333479,6.136363636363638,413,431,27,0,404,424,45668,9,0,0,9,7
2020-08-27,US,Indiana,Madison,1245,68,0,40.16143691,-85.71964711,18095.0,960.8779877902894,5.461847389558233,1177,1230,68,0,1162,1213,129641,15,0,0,15,17
2020-08-27,US,Indiana,Marion,17976,746,0,39.78163624,-86.13826325,18097.0,1863.6051678343567,4.149977748108589,17230,17833,745,0,17088,17690,954670,143,1,0,142,143
2020-08-27,US,Indiana,Marshall,871,23,0,41.32467367,-86.26185087,18099.0,1882.917549396861,2.640642939150402,848,864,23,0,841,858,46248,7,0,0,7,6
2020-08-27,US,Indiana,Martin,93,0,0,38.7099921,-86.80373186,18101.0,906.8746952705997,0.0,93,83,0,0,83,78,10217,10,0,0,10,5
2020-08-27,US,Indiana,Miami,309,2,0,40.76940965,-86.04525048,18103.0,870.0304088298233,0.6472491909385113,307,308,2,0,306,307,35567,1,0,0,1,1
2020-08-27,US,Indiana,Monroe,1008,36,0,39.16130004,-86.52414358,18105.0,679.1034217919438,3.571428571428572,972,993,36,0,957,968,146917,15,0,0,15,25
2020-08-27,US,Indiana,Montgomery,393,21,0,40.04034823,-86.89335024,18107.0,1025.0925974229224,5.343511450381679,372,391,21,0,370,388,38346,2,0,0,2,3
2020-08-27,US,Indiana,Morgan,568,35,0,39.47899078,-86.44573375,18109.0,805.7994864446935,6.161971830985914,533,557,35,0,522,555,70116,11,0,0,11,2
2020-08-27,US,Indiana,Newton,137,10,0,40.95610449,-87.39635768,18111.0,979.691075514874,7.299270072992702,127,134,10,0,124,133,14011,3,0,0,3,1
2020-08-27,US,Indiana,Noble,787,30,0,41.39672484,-85.41966713,18113.0,1648.3746648793565,3.811944091486658,757,779,30,0,749,775,47532,8,0,0,8,4
2020-08-27,US,Indiana,Ohio,71,7,0,38.955304999999996,-84.96515993,18115.0,1208.5106382978724,9.859154929577462,64,71,7,0,64,70,5844,0,0,0,0,1
2020-08-27,US,Indiana,Orange,230,24,0,38.54118920000001,-86.49523093,18117.0,1170.721775425023,10.434782608695652,206,224,24,0,200,216,19489,6,0,0,6,8
2020-08-27,US,Indiana,Owen,135,1,0,39.31145587,-86.83900724,18119.0,649.0696668109042,0.7407407407407407,134,133,1,0,132,133,20845,2,0,0,2,0
2020-08-27,US,Indiana,Parke,75,2,0,39.77202286,-87.20375833,18121.0,442.8175001476058,2.6666666666666665,73,74,2,0,72,75,16927,1,0,0,1,-1
2020-08-27,US,Indiana,Perry,197,13,0,38.07809328,-86.63741946,18123.0,1027.7009755334134,6.598984771573603,184,196,13,0,183,195,19102,1,0,0,1,1
2020-08-27,US,Indiana,Pike,88,1,0,38.40112197,-87.23574907,18125.0,710.3075308741626,1.1363636363636365,87,84,1,0,83,82,12410,4,0,0,4,2
2020-08-27,US,Indiana,Porter,1642,41,0,41.45986947,-87.06848888,18127.0,963.6772326852084,2.496954933008526,1601,1613,41,0,1572,1599,169594,29,0,0,29,14
2020-08-27,US,Indiana,Posey,206,0,0,38.02097333,-87.86480429,18129.0,810.1624257678845,0.0,206,206,0,0,206,202,25540,0,0,0,0,4
2020-08-27,US,Indiana,Pulaski,93,1,0,41.04166107,-86.69890683,18131.0,752.8535578402008,1.075268817204301,92,93,1,0,92,92,12469,0,0,0,0,1
2020-08-27,US,Indiana,Putnam,419,8,0,39.66437981,-86.84517605,18133.0,1115.0734511390249,1.9093078758949882,411,410,8,0,402,406,37779,9,0,0,9,4
2020-08-27,US,Indiana,Randolph,156,7,0,40.15734772,-85.01139319,18135.0,632.4751672410298,4.487179487179487,149,153,7,0,146,151,24851,3,0,0,3,2
2020-08-27,US,Indiana,Ripley,241,8,0,39.10235626,-85.26212744,18137.0,850.8685213952831,3.319502074688797,233,237,8,0,229,235,28523,4,0,0,4,2
2020-08-27,US,Indiana,Rush,127,4,0,39.62002287,-85.4655599,18139.0,765.9369157469392,3.1496062992125986,123,128,4,0,124,128,16663,-1,0,0,-1,0
2020-08-27,US,Indiana,Scott,306,10,0,38.68672078,-85.74627859,18143.0,1281.7827671427976,3.2679738562091503,296,305,10,0,295,305,23878,1,0,0,1,0
2020-08-27,US,Indiana,Shelby,609,28,0,39.52305623,-85.79158570000001,18145.0,1361.5327863354871,4.597701149425287,581,609,28,0,581,608,44593,0,0,0,0,1
2020-08-27,US,Indiana,Spencer,150,3,0,38.01519732,-87.0079644,18147.0,739.7544015386893,2.0,147,150,3,0,147,150,20327,0,0,0,0,0
2020-08-27,US,Indiana,St. Joseph,4922,90,0,41.61756781,-86.29040834,18141.0,1810.7171499415067,1.828524989841528,4832,4823,90,0,4733,4692,270771,99,0,0,99,131
2020-08-27,US,Indiana,Starke,199,7,0,41.27890281,-86.64686895,18149.0,865.4055229397694,3.5175879396984926,192,193,7,0,186,191,22935,6,0,0,6,2
2020-08-27,US,Indiana,Steuben,254,3,0,41.64423868,-85.00101094,18151.0,734.231369601665,1.1811023622047243,251,252,3,0,249,246,34586,2,0,0,2,6
2020-08-27,US,Indiana,Sullivan,275,7,0,39.08952258,-87.41414469,18153.0,1330.4949441192125,2.5454545454545454,268,271,7,0,264,266,20690,4,0,0,4,5
2020-08-27,US,Indiana,Switzerland,63,0,0,38.82767338,-85.03022429,18155.0,585.9920007441167,0.0,63,63,0,0,63,63,10717,0,0,0,0,0
2020-08-27,US,Indiana,Tippecanoe,1515,13,0,40.38872739,-86.89413959,18157.0,774.0175341793881,0.8580858085808579,1502,1500,13,0,1487,1475,193048,15,0,0,15,25
2020-08-27,US,Indiana,Tipton,176,19,0,40.31123252,-86.05234925,18159.0,1161.869553736467,10.795454545454543,157,173,19,0,154,172,15128,3,0,0,3,1
2020-08-27,US,Indiana,Unassigned,0,219,0,0.0,0.0,90018.0,0.0,0.0,-219,0,218,0,-218,0,,0,1,0,-1,0
2020-08-27,US,Indiana,Union,59,0,0,39.62550777,-84.92497066,18161.0,836.4048766657214,0.0,59,58,0,0,58,57,7037,1,0,0,1,1
2020-08-27,US,Indiana,Vanderburgh,2452,18,0,38.02658833,-87.58763124,18163.0,1351.3290089335412,0.7340946166394781,2434,2417,18,0,2399,2382,180974,35,0,0,35,35
2020-08-27,US,Indiana,Vermillion,84,0,0,39.8523352,-87.46160542,18165.0,542.0054200542005,0.0,84,82,0,0,82,81,15479,2,0,0,2,1
2020-08-27,US,Indiana,Vigo,1132,15,0,39.42944561,-87.39169027,18167.0,1057.5683402156244,1.3250883392226152,1117,1100,15,0,1085,1075,107386,32,0,0,32,25
2020-08-27,US,Indiana,Wabash,200,5,0,40.84704239,-85.79328272,18169.0,645.244547683572,2.5,195,199,5,0,194,199,31280,1,0,0,1,0
2020-08-27,US,Indiana,Warren,36,1,0,40.34728141,-87.35602659,18171.0,435.5716878402904,2.7777777777777777,35,36,1,0,35,35,8263,0,0,0,0,1
2020-08-27,US,Indiana,Warrick,732,31,0,38.08922676,-87.2716085,18173.0,1161.9416489412365,4.2349726775956285,701,721,31,0,690,706,62567,11,0,0,11,15
2020-08-27,US,Indiana,Washington,205,1,0,38.60219804,-86.1049363,18175.0,731.2027393351407,0.4878048780487805,204,199,1,0,198,195,27943,6,0,0,6,4
2020-08-27,US,Indiana,Wayne,519,10,0,39.863344399999995,-85.01044989,18177.0,787.748163438771,1.9267822736030829,509,502,10,0,492,499,65936,17,0,0,17,3
2020-08-27,US,Indiana,Wells,202,2,0,40.72934187,-85.22132966,18179.0,713.8818207520497,0.99009900990099,200,202,2,0,200,200,28206,0,0,0,0,2
2020-08-27,US,Indiana,White,425,12,0,40.74911165,-86.86492015,18181.0,1763.3391419799186,2.8235294117647056,413,419,12,0,407,417,24133,6,0,0,6,2
2020-08-27,US,Indiana,Whitley,200,6,0,41.13863784,-85.50791236,18183.0,588.8587916617595,3.0,194,195,6,0,189,194,34074,5,0,0,5,1
2020-08-27,US,Iowa,Adair,48,1,0,41.33075609,-94.47105874,19001.0,671.1409395973154,2.083333333333333,47,43,1,0,42,43,7063,5,0,0,5,0
2020-08-27,US,Iowa,Adams,20,0,0,41.02903567,-94.69932645,19003.0,555.247084952804,0.0,20,20,0,0,20,20,3645,0,0,0,0,0
2020-08-27,US,Iowa,Allamakee,172,4,0,43.28383218,-91.37860922,19005.0,1256.6669102067654,2.3255813953488373,168,169,4,0,165,168,13832,3,0,0,3,1
2020-08-27,US,Iowa,Appanoose,76,3,0,40.74324454,-92.86865906,19007.0,611.6207951070336,3.947368421052632,73,70,3,0,67,68,12437,6,0,0,6,2
2020-08-27,US,Iowa,Audubon,37,1,0,41.6844628,-94.90581859,19009.0,673.2168850072779,2.702702702702702,36,36,1,0,35,36,5506,1,0,0,1,0
2020-08-27,US,Iowa,Benton,189,1,0,42.08011739,-92.06463573,19011.0,736.9857672060831,0.5291005291005291,188,184,1,0,183,183,25642,5,0,0,5,1
2020-08-27,US,Iowa,Black Hawk,3641,73,0,42.4704581,-92.30524729,19013.0,2774.560307251501,2.004943696786597,3568,3576,72,0,3504,3536,132408,65,1,0,64,40
2020-08-27,US,Iowa,Boone,335,4,0,42.03657094,-93.9313999,19015.0,1276.968819089731,1.1940298507462686,331,326,4,0,322,322,26346,9,0,0,9,4
2020-08-27,US,Iowa,Bremer,282,7,0,42.77461496,-92.31795937,19017.0,1125.2094804883889,2.482269503546099,275,274,7,0,267,267,24947,8,0,0,8,7
2020-08-27,US,Iowa,Buchanan,170,1,0,42.4709188,-91.83510825,19019.0,802.8335301062573,0.5882352941176471,169,166,1,0,165,165,21199,4,0,0,4,1
2020-08-27,US,Iowa,Buena Vista,1822,12,0,42.73545875,-95.15100162,19021.0,9286.442405708462,0.6586169045005489,1810,1822,12,0,1810,1817,19874,0,0,0,0,5
2020-08-27,US,Iowa,Butler,182,2,0,42.73172833,-92.79015971,19023.0,1260.4751021538887,1.0989010989010992,180,171,2,0,169,168,14539,11,0,0,11,3
2020-08-27,US,Iowa,Calhoun,117,2,0,42.38521079,-94.64046046,19025.0,1210.177906495656,1.709401709401709,115,104,2,0,102,104,9699,13,0,0,13,0
2020-08-27,US,Iowa,Carroll,336,2,0,42.03617207,-94.86032705,19027.0,1666.2534093726754,0.5952380952380952,334,323,2,0,321,311,20154,13,0,0,13,12
2020-08-27,US,Iowa,Cass,112,2,0,41.33149454,-94.92792482,19029.0,872.5459644749143,1.7857142857142858,110,107,2,0,105,105,12930,5,0,0,5,2
2020-08-27,US,Iowa,Cedar,147,1,0,41.77233777,-91.13246684,19031.0,789.1770011273958,0.6802721088435374,146,146,1,0,145,146,18627,1,0,0,1,0
2020-08-27,US,Iowa,Cerro Gordo,786,20,0,43.08177563,-93.2612239,19033.0,1851.5901060070667,2.544529262086514,766,726,20,0,706,724,42647,60,0,0,60,2
2020-08-27,US,Iowa,Cherokee,135,1,0,42.73538914,-95.62389402,19035.0,1201.6021361815754,0.7407407407407407,134,131,1,0,130,129,11321,4,0,0,4,2
2020-08-27,US,Iowa,Chickasaw,97,0,0,43.06001295,-92.31773347,19037.0,812.8718679292717,0.0,97,94,0,0,94,88,11964,3,0,0,3,6
2020-08-27,US,Iowa,Clarke,231,3,0,41.02868181,-93.78499767,19039.0,2458.7546567323043,1.2987012987012987,228,224,3,0,221,218,9423,7,0,0,7,6
2020-08-27,US,Iowa,Clay,236,2,0,43.08247182,-95.15096481,19041.0,1473.5264735264734,0.8474576271186439,234,235,2,0,233,233,16134,1,0,0,1,2
2020-08-27,US,Iowa,Clayton,175,3,0,42.84443388,-91.34133693,19043.0,997.207818109294,1.7142857142857142,172,172,3,0,169,167,17556,3,0,0,3,5
2020-08-27,US,Iowa,Clinton,758,9,0,41.89981633,-90.53275096,19045.0,1632.6003144586355,1.1873350923482848,749,728,8,0,720,697,46518,30,1,0,29,31
2020-08-27,US,Iowa,Crawford,812,3,0,42.03718237,-95.3819718,19047.0,4827.5862068965525,0.3694581280788177,809,804,3,0,801,797,17158,8,0,0,8,7
2020-08-27,US,Iowa,Dallas,2306,38,0,41.68560356,-94.04127625,19049.0,2467.550533423218,1.6478751084128358,2268,2167,36,0,2131,2134,90180,139,2,0,137,33
2020-08-27,US,Iowa,Davis,80,2,0,40.74773536,-92.41005468,19051.0,888.8888888888887,2.5,78,78,2,0,76,78,9017,2,0,0,2,0
2020-08-27,US,Iowa,Decatur,43,0,0,40.73742757,-93.78645949,19053.0,546.3786531130877,0.0,43,38,0,0,38,37,7890,5,0,0,5,1
2020-08-27,US,Iowa,Delaware,189,3,0,42.47104597,-91.3664492,19055.0,1111.045793898066,1.5873015873015872,186,185,3,0,182,178,17069,4,0,0,4,7
2020-08-27,US,Iowa,Des Moines,511,5,0,40.92012606,-91.18326592,19057.0,1311.3660276644341,0.9784735812133072,506,479,4,0,475,438,39138,32,1,0,31,41
2020-08-27,US,Iowa,Dickinson,417,5,0,43.37787725,-95.1510206,19059.0,2416.2707150307106,1.1990407673860912,412,409,5,0,404,404,17153,8,0,0,8,5
2020-08-27,US,Iowa,Dubuque,1966,36,0,42.46815349,-90.88181925,19061.0,2020.3265817841766,1.8311291963377416,1930,1938,36,0,1902,1920,96854,28,0,0,28,18
2020-08-27,US,Iowa,Emmet,217,7,0,43.37782951,-94.67858943,19063.0,2356.646394439618,3.2258064516129035,210,216,7,0,209,214,9253,1,0,0,1,2
2020-08-27,US,Iowa,Fayette,134,1,0,42.86271799,-91.84412309999999,19065.0,681.9338422391858,0.746268656716418,133,130,1,0,129,127,19660,4,0,0,4,3
2020-08-27,US,Iowa,Floyd,209,3,0,43.06000529999999,-92.78940097,19067.0,1336.1462728551335,1.4354066985645932,206,191,3,0,188,188,15761,18,0,0,18,3
2020-08-27,US,Iowa,Franklin,292,16,0,42.73270384,-93.26256925,19069.0,2899.7020854021853,5.479452054794519,276,280,16,0,264,274,10124,12,0,0,12,6
2020-08-27,US,Iowa,Fremont,55,0,0,40.74542720000001,-95.60129045,19071.0,790.2298850574713,0.0,55,55,0,0,55,54,6993,0,0,0,0,1
2020-08-27,US,Iowa,Greene,54,0,0,42.03614551,-94.39658081,19073.0,607.5607560756075,0.0,54,52,0,0,52,49,8981,2,0,0,2,3
2020-08-27,US,Iowa,Grundy,120,1,0,42.40183723,-92.78829551,19075.0,981.0333551340746,0.8333333333333334,119,116,1,0,115,115,12304,4,0,0,4,1
2020-08-27,US,Iowa,Guthrie,166,5,0,41.68378965,-94.50111014,19077.0,1552.998409579942,3.0120481927710845,161,160,5,0,155,159,10720,6,0,0,6,1
2020-08-27,US,Iowa,Hamilton,278,2,0,42.38382428,-93.70197703,19079.0,1881.8114127123806,0.7194244604316546,276,248,2,0,246,248,14952,30,0,0,30,0
2020-08-27,US,Iowa,Hancock,149,2,0,43.08178477,-93.73454884,19081.0,1401.6933207902164,1.342281879194631,147,139,2,0,137,138,10712,10,0,0,10,1
2020-08-27,US,Iowa,Hardin,221,1,0,42.38353877,-93.23654611,19083.0,1311.8841267956786,0.4524886877828054,220,214,1,0,213,214,16868,7,0,0,7,0
2020-08-27,US,Iowa,Harrison,142,1,0,41.68330137,-95.81558439,19085.0,1010.7480959498897,0.7042253521126759,141,140,1,0,139,139,14134,2,0,0,2,1
2020-08-27,US,Iowa,Henry,235,4,0,40.98767962,-91.54436349,19087.0,1177.708730079182,1.702127659574468,231,215,4,0,211,205,20067,20,0,0,20,10
2020-08-27,US,Iowa,Howard,120,2,0,43.35671042,-92.31702714,19089.0,1310.329766324525,1.6666666666666667,118,115,2,0,113,109,9187,5,0,0,5,6
2020-08-27,US,Iowa,Humboldt,151,2,0,42.7764426,-94.20722537,19091.0,1579.828415986608,1.3245033112582782,149,101,2,0,99,100,9547,50,0,0,50,1
2020-08-27,US,Iowa,Ida,38,0,0,42.38696136,-95.51355387,19093.0,553.935860058309,0.0,38,39,0,0,39,37,6841,-1,0,0,-1,2
2020-08-27,US,Iowa,Iowa,109,1,0,41.68630265,-92.0643373,19095.0,673.5046959960455,0.9174311926605504,108,109,1,0,108,107,16141,0,0,0,0,2
2020-08-27,US,Iowa,Jackson,193,1,0,42.17178824,-90.57354837,19097.0,992.8494264108236,0.5181347150259067,192,187,1,0,186,182,19432,6,0,0,6,5
2020-08-27,US,Iowa,Jasper,556,30,0,41.68576082,-93.05567785,19099.0,1495.2265698534354,5.395683453237409,526,536,30,0,506,527,37147,20,0,0,20,9
2020-08-27,US,Iowa,Jefferson,116,0,0,41.03192394,-91.94849466,19101.0,634.0530199508063,0.0,116,110,0,0,110,107,18381,6,0,0,6,3
2020-08-27,US,Iowa,Johnson,3218,26,0,41.67169354,-91.58754744,19103.0,2129.1517798068016,0.8079552517091361,3192,2939,24,0,2915,2707,151260,279,2,0,277,232
2020-08-27,US,Iowa,Jones,165,2,0,42.12118609,-91.13139641,19105.0,797.8337604564576,1.2121212121212122,163,164,2,0,162,158,20744,1,0,0,1,6
2020-08-27,US,Iowa,Keokuk,55,1,0,41.33649833,-92.1785067,19107.0,536.7948467694712,1.818181818181818,54,52,1,0,51,47,10225,3,0,0,3,5
2020-08-27,US,Iowa,Kossuth,117,0,0,43.20405458,-94.20691791,19109.0,789.8467562276379,0.0,117,115,0,0,115,113,14908,2,0,0,2,2
2020-08-27,US,Iowa,Lee,353,5,0,40.64181461,-91.48183025,19111.0,1048.815996672312,1.4164305949008498,348,326,5,0,321,281,34055,27,0,0,27,45
2020-08-27,US,Iowa,Linn,2873,93,0,42.07923082,-91.59809485,19113.0,1267.2800896315052,3.237034458753916,2780,2828,92,0,2736,2781,225909,45,1,0,44,47
2020-08-27,US,Iowa,Louisa,392,14,0,41.21842119,-91.26102611,19115.0,3552.3334843679204,3.571428571428572,378,386,14,0,372,383,11169,6,0,0,6,3
2020-08-27,US,Iowa,Lucas,93,5,0,41.02958964,-93.32780803,19117.0,1081.3953488372092,5.376344086021504,88,85,5,0,80,83,8645,8,0,0,8,2
2020-08-27,US,Iowa,Lyon,141,2,0,43.38107862,-96.20926845,19119.0,1199.4895789025945,1.4184397163120568,139,140,2,0,138,136,11811,1,0,0,1,4
2020-08-27,US,Iowa,Madison,160,2,0,41.33081904,-94.01554631,19121.0,979.3120332966092,1.25,158,151,2,0,149,150,16249,9,0,0,9,1
2020-08-27,US,Iowa,Mahaska,208,18,0,41.33521503,-92.64083907,19123.0,941.3894546277437,8.653846153846152,190,203,18,0,185,195,22000,5,0,0,5,8
2020-08-27,US,Iowa,Marion,424,0,0,41.33445101,-93.09934783,19125.0,1275.07292575106,0.0,424,376,0,0,376,339,33407,48,0,0,48,37
2020-08-27,US,Iowa,Marshall,1606,29,0,42.03586837,-92.99908190000001,19127.0,4079.3517742386143,1.8057285180572848,1577,1594,29,0,1565,1575,39981,12,0,0,12,19
2020-08-27,US,Iowa,Mills,122,1,0,41.03299766,-95.61920963,19129.0,807.4657488913894,0.819672131147541,121,120,1,0,119,118,15063,2,0,0,2,2
2020-08-27,US,Iowa,Mitchell,93,0,0,43.35638371,-92.78887719,19131.0,878.5187984129982,0.0,93,93,0,0,93,91,10569,0,0,0,0,2
2020-08-27,US,Iowa,Monona,106,1,0,42.05220391,-95.95743843,19133.0,1230.4120719674984,0.9433962264150944,105,105,1,0,104,105,8679,1,0,0,1,0
2020-08-27,US,Iowa,Monroe,96,8,0,41.02988815,-92.8690667,19135.0,1245.6208641494745,8.333333333333334,88,93,8,0,85,93,7790,3,0,0,3,0
2020-08-27,US,Iowa,Montgomery,70,4,0,41.03018714,-95.15642896,19137.0,705.8586266007866,5.7142857142857135,66,70,4,0,66,68,10003,0,0,0,0,2
2020-08-27,US,Iowa,Muscatine,943,51,0,41.48370744,-91.11216970000001,19139.0,2210.2943933995875,5.408271474019087,892,939,48,0,891,933,42929,4,3,0,1,6
2020-08-27,US,Iowa,O'Brien,181,7,0,43.08310673,-95.62474482,19141.0,1316.0764924016578,3.867403314917127,174,175,7,0,168,170,13840,6,0,0,6,5
2020-08-27,US,Iowa,Osceola,93,0,0,43.37824276,-95.62422844,19143.0,1560.9264853977845,0.0,93,92,0,0,92,93,6040,1,0,0,1,-1
2020-08-27,US,Iowa,Page,107,0,0,40.7393172,-95.1497813,19145.0,708.2809293704905,0.0,107,107,0,0,107,105,15249,0,0,0,0,2
2020-08-27,US,Iowa,Palo Alto,111,0,0,43.08193849,-94.67824621,19147.0,1249.1559756921001,0.0,111,107,0,0,107,105,8929,4,0,0,4,2
2020-08-27,US,Iowa,Plymouth,672,18,0,42.737633,-96.21366621,19149.0,2669.1027525122136,2.6785714285714284,654,654,16,0,638,640,25095,18,2,0,16,14
2020-08-27,US,Iowa,Pocahontas,128,2,0,42.73420133,-94.67862564,19151.0,1933.8268620637562,1.5625,126,124,2,0,122,122,6740,4,0,0,4,2
2020-08-27,US,Iowa,Polk,12792,222,0,41.68679484,-93.57767461,19153.0,2609.7547540502,1.735459662288931,12570,12080,221,0,11859,11955,487204,712,1,0,711,125
2020-08-27,US,Iowa,Pottawattamie,1565,34,0,41.33640314,-95.53907776,19155.0,1679.0764543055163,2.1725239616613417,1531,1541,34,0,1507,1521,93533,24,0,0,24,20
2020-08-27,US,Iowa,Poweshiek,181,8,0,41.68625425,-92.53155731,19157.0,978.1668828361436,4.419889502762431,173,178,8,0,170,177,18699,3,0,0,3,1
2020-08-27,US,Iowa,Ringgold,30,1,0,40.73518949,-94.24368535,19159.0,612.9955046996323,3.333333333333333,29,30,1,0,29,30,4968,0,0,0,0,0
2020-08-27,US,Iowa,Sac,105,0,0,42.38624071,-95.10547892,19161.0,1080.1357884991257,0.0,105,103,0,0,103,103,9719,2,0,0,2,0
2020-08-27,US,Iowa,Scott,2111,19,0,41.63935978,-90.61959493,19163.0,1220.6333878792434,0.9000473709142587,2092,2059,19,0,2040,2025,173283,52,0,0,52,34
2020-08-27,US,Iowa,Shelby,212,1,0,41.6850066,-95.31015553,19165.0,1850.881788021652,0.4716981132075472,211,211,1,0,210,209,11578,1,0,0,1,2
2020-08-27,US,Iowa,Sioux,852,3,0,43.08221074,-96.17675679999999,19167.0,2444.412566346292,0.35211267605633795,849,834,3,0,831,806,34909,18,0,0,18,28
2020-08-27,US,Iowa,Story,2079,16,0,42.03621213,-93.46499005,19169.0,2140.7168672837915,0.7696007696007696,2063,1854,16,0,1838,1705,98105,225,0,0,225,149
2020-08-27,US,Iowa,Tama,610,29,0,42.07991767,-92.53266945,19171.0,3619.3188560579088,4.754098360655738,581,600,29,0,571,590,16904,10,0,0,10,10
2020-08-27,US,Iowa,Taylor,108,1,0,40.73710579,-94.69778563,19173.0,1764.417578826989,0.925925925925926,107,107,0,0,107,107,6191,1,1,0,0,0
2020-08-27,US,Iowa,Unassigned,11,0,0,0.0,0.0,90019.0,0.0,0.0,11,17,0,0,17,12,,-6,0,0,-6,5
2020-08-27,US,Iowa,Union,93,3,0,41.0277278,-94.24234847,19175.0,759.7418511559513,3.2258064516129035,90,91,3,0,88,90,12359,2,0,0,2,1
2020-08-27,US,Iowa,Van Buren,95,1,0,40.75326764,-91.95017958,19177.0,1348.6655309483247,1.0526315789473684,94,49,1,0,48,47,7020,46,0,0,46,2
2020-08-27,US,Iowa,Wapello,1053,48,0,41.03064984,-92.40954728,19179.0,3011.238525551203,4.558404558404559,1005,1042,46,0,996,1030,35205,11,2,0,9,12
2020-08-27,US,Iowa,Warren,742,5,0,41.33559454,-93.56007641,19181.0,1441.7285197994793,0.6738544474393531,737,679,5,0,674,666,51056,63,0,0,63,13
2020-08-27,US,Iowa,Washington,330,11,0,41.33577126,-91.71725711,19183.0,1502.3901661734576,3.333333333333333,319,320,11,0,309,319,22141,10,0,0,10,1
2020-08-27,US,Iowa,Wayne,45,2,0,40.73969028,-93.32752197,19185.0,698.6492780624127,4.4444444444444455,43,39,2,0,37,39,6401,6,0,0,6,0
2020-08-27,US,Iowa,Webster,993,8,0,42.42853483,-94.17987389,19187.0,2765.7085561497333,0.8056394763343404,985,712,8,0,704,703,36277,281,0,0,281,9
2020-08-27,US,Iowa,Winnebago,154,7,0,43.37751174,-93.73407298,19189.0,1487.3478848754105,4.545454545454546,147,149,6,0,143,146,10518,5,1,0,4,3
2020-08-27,US,Iowa,Winneshiek,198,1,0,43.29094334,-91.84422722,19191.0,990.4457005652544,0.5050505050505051,197,196,1,0,195,187,20029,2,0,0,2,9
2020-08-27,US,Iowa,Woodbury,4028,56,0,42.38979414,-96.0459439,19193.0,3906.621276925912,1.3902681231380338,3972,4008,54,0,3954,3985,102539,20,2,0,18,23
2020-08-27,US,Iowa,Worth,78,0,0,43.37750768,-93.26087602,19195.0,1056.7673756943504,0.0,78,76,0,0,76,75,7453,2,0,0,2,1
2020-08-27,US,Iowa,Wright,513,1,0,42.73305373,-93.73515113,19197.0,4083.7446266518073,0.1949317738791423,512,496,1,0,495,494,12690,17,0,0,17,2
2020-08-27,US,Kansas,Allen,20,0,0,37.88582951,-95.30030847,20001.0,161.69455897809038,0.0,20,20,0,0,20,20,12444,0,0,0,0,0
2020-08-27,US,Kansas,Anderson,32,0,0,38.21413251,-95.29272815,20003.0,407.22830236701446,0.0,32,32,0,0,32,32,7878,0,0,0,0,0
2020-08-27,US,Kansas,Atchison,157,0,0,39.53185661,-95.30870026,20005.0,976.7933802028247,0.0,157,157,0,0,157,157,16193,0,0,0,0,0
2020-08-27,US,Kansas,Barber,5,0,0,37.2288586,-98.68460053,20007.0,112.943302462164,0.0,5,5,0,0,5,5,4472,0,0,0,0,0
2020-08-27,US,Kansas,Barton,257,4,0,38.47889676,-98.75636726,20009.0,996.9354901276233,1.5564202334630348,253,257,4,0,253,229,26111,0,0,0,0,28
2020-08-27,US,Kansas,Bourbon,82,2,0,37.85508555,-94.84865997,20011.0,564.1943030136233,2.4390243902439024,80,82,2,0,80,82,14653,0,0,0,0,0
2020-08-27,US,Kansas,Brown,62,0,0,39.82652589,-95.56421698,20013.0,648.2643245503973,0.0,62,62,0,0,62,62,9598,0,0,0,0,0
2020-08-27,US,Kansas,Butler,393,2,0,37.78134351,-96.83878537,20015.0,587.3473718820522,0.5089058524173028,391,393,2,0,391,387,66765,0,0,0,0,6
2020-08-27,US,Kansas,Chase,65,0,0,38.30292938,-96.59563862,20017.0,2454.6827794561927,0.0,65,65,0,0,65,65,2629,0,0,0,0,0
2020-08-27,US,Kansas,Chautauqua,8,0,0,37.14994405,-96.2454192,20019.0,246.15384615384616,0.0,8,8,0,0,8,8,3309,0,0,0,0,0
2020-08-27,US,Kansas,Cherokee,225,1,0,37.16928494,-94.8462897,20021.0,1128.4417473293545,0.4444444444444444,224,215,1,0,214,215,20015,10,0,0,10,0
2020-08-27,US,Kansas,Cheyenne,6,0,0,39.78580976,-101.7318201,20023.0,225.81859239744068,0.0,6,6,0,0,6,6,2660,0,0,0,0,0
2020-08-27,US,Kansas,Clark,46,1,0,37.23577007,-99.81883015,20025.0,2306.9207622868607,2.1739130434782608,45,46,1,0,45,45,2005,0,0,0,0,1
2020-08-27,US,Kansas,Clay,30,2,0,39.34948772,-97.16518128,20027.0,374.90627343164215,6.666666666666668,28,30,2,0,28,29,7997,0,0,0,0,1
2020-08-27,US,Kansas,Cloud,48,0,0,39.48028352,-97.64925343,20029.0,546.3236967903483,0.0,48,48,0,0,48,45,8729,0,0,0,0,3
2020-08-27,US,Kansas,Coffey,77,8,0,38.2365018,-95.73379515,20031.0,941.4353832986916,10.389610389610391,69,77,8,0,69,76,8233,0,0,0,0,1
2020-08-27,US,Kansas,Comanche,9,0,0,37.19114520000001,-99.27113247,20033.0,529.4117647058823,0.0,9,9,0,0,9,9,1748,0,0,0,0,0
2020-08-27,US,Kansas,Cowley,247,3,0,37.23781842,-96.83776647,20035.0,707.5741950269279,1.214574898785425,244,247,3,0,244,232,35218,0,0,0,0,15
2020-08-27,US,Kansas,Crawford,440,1,0,37.50675523,-94.85245778,20037.0,1133.4947704673089,0.2272727272727273,439,440,1,0,439,421,39019,0,0,0,0,19
2020-08-27,US,Kansas,Decatur,6,0,0,39.78468441,-100.45940809999999,20039.0,212.2391227449593,0.0,6,6,0,0,6,6,2871,0,0,0,0,0
2020-08-27,US,Kansas,Dickinson,72,1,0,38.86600962,-97.15532383,20041.0,389.9057727715802,1.3888888888888888,71,72,1,0,71,66,18717,0,0,0,0,6
2020-08-27,US,Kansas,Doniphan,67,0,0,39.79067154,-95.14056866,20043.0,881.578947368421,0.0,67,58,0,0,58,58,7682,9,0,0,9,0
2020-08-27,US,Kansas,Douglas,1264,8,0,38.88503636,-95.2925121,20045.0,1033.8707170842226,0.6329113924050633,1256,1199,8,0,1191,1040,121436,65,0,0,65,159
2020-08-27,US,Kansas,Edwards,25,0,0,37.88735543,-99.31263309,20047.0,893.4953538241601,0.0,25,16,0,0,16,15,2849,9,0,0,9,1
2020-08-27,US,Kansas,Elk,1,0,0,37.45338105,-96.24369667,20049.0,39.52569169960474,0.0,1,1,0,0,1,1,2508,0,0,0,0,0
2020-08-27,US,Kansas,Ellis,294,1,0,38.91458712,-99.31751551,20051.0,1029.6641333660214,0.3401360544217687,293,294,1,0,293,256,28710,0,0,0,0,38
2020-08-27,US,Kansas,Ellsworth,25,0,0,38.69677695,-98.20462799,20053.0,409.70173713536553,0.0,25,25,0,0,25,24,6196,0,0,0,0,1
2020-08-27,US,Kansas,Finney,1876,12,0,38.04340344,-100.73819379999999,20055.0,5144.37710807031,0.6396588486140725,1864,1861,12,0,1849,1858,36611,15,0,0,15,3
2020-08-27,US,Kansas,Ford,2239,10,0,37.69200114,-99.88825298,20057.0,6659.924447485052,0.4466279589102278,2229,2239,10,0,2229,2219,33888,0,0,0,0,20
2020-08-27,US,Kansas,Franklin,253,2,0,38.56443815,-95.28644341,20059.0,990.4478546821173,0.7905138339920948,251,253,2,0,251,248,25631,0,0,0,0,5
2020-08-27,US,Kansas,Geary,207,2,0,38.99871131,-96.7577178,20061.0,653.6154089043257,0.966183574879227,205,207,2,0,205,194,32594,0,0,0,0,13
2020-08-27,US,Kansas,Gove,9,0,0,38.91588178,-100.4829321,20063.0,341.4264036418816,0.0,9,9,0,0,9,7,2612,0,0,0,0,2
2020-08-27,US,Kansas,Graham,24,0,0,39.34987223,-99.88332493,20065.0,966.9621273166805,0.0,24,24,0,0,24,24,2492,0,0,0,0,0
2020-08-27,US,Kansas,Grant,149,3,0,37.56227336,-101.3079758,20067.0,2083.916083916084,2.0134228187919465,146,148,3,0,145,143,7336,1,0,0,1,5
2020-08-27,US,Kansas,Gray,106,0,0,37.73836671,-100.4369088,20069.0,1770.2070808283233,0.0,106,106,0,0,106,106,6033,0,0,0,0,0
2020-08-27,US,Kansas,Greeley,4,0,0,38.4808095,-101.8061079,20071.0,324.67532467532465,0.0,4,4,0,0,4,4,1227,0,0,0,0,0
2020-08-27,US,Kansas,Greenwood,23,0,0,37.8774388,-96.23250453,20073.0,384.4867937144768,0.0,23,23,0,0,23,23,6055,0,0,0,0,0
2020-08-27,US,Kansas,Hamilton,42,0,0,37.99978709,-101.7921066,20075.0,1654.1945647892871,0.0,42,42,0,0,42,42,2607,0,0,0,0,0
2020-08-27,US,Kansas,Harper,108,1,0,37.19175361,-98.07578384,20077.0,1986.7549668874167,0.925925925925926,107,95,0,0,95,88,5506,13,1,0,12,7
2020-08-27,US,Kansas,Harvey,285,4,0,38.04293782,-97.42747573,20079.0,827.7905254291438,1.4035087719298245,281,285,4,0,281,279,34210,0,0,0,0,6
2020-08-27,US,Kansas,Haskell,46,0,0,37.562039399999996,-100.8710738,20081.0,1159.274193548387,0.0,46,46,0,0,46,44,3997,0,0,0,0,2
2020-08-27,US,Kansas,Hodgeman,13,0,0,38.08780079,-99.89829881,20083.0,724.6376811594204,0.0,13,13,0,0,13,13,1818,0,0,0,0,0
2020-08-27,US,Kansas,Jackson,187,1,0,39.41673394,-95.79356799,20085.0,1419.785893250323,0.5347593582887701,186,187,1,0,186,181,13280,0,0,0,0,6
2020-08-27,US,Kansas,Jefferson,113,0,0,39.2347941,-95.38289232,20087.0,593.3938980202702,0.0,113,113,0,0,113,105,18975,0,0,0,0,8
2020-08-27,US,Kansas,Jewell,14,1,0,39.78470589,-98.21820662,20089.0,486.2799583188608,7.142857142857142,13,14,1,0,13,14,2841,0,0,0,0,0
2020-08-27,US,Kansas,Johnson,7754,116,0,38.88548175,-94.82250877,20091.0,1287.1824581964504,1.4960020634511217,7638,7604,116,0,7488,7485,597555,150,0,0,150,119
2020-08-27,US,Kansas,Kearny,69,1,0,38.00017981,-101.32168100000001,20093.0,1797.8113600833767,1.4492753623188406,68,69,1,0,68,69,3943,0,0,0,0,0
2020-08-27,US,Kansas,Kingman,39,0,0,37.55909527,-98.13638678,20095.0,545.3020134228188,0.0,39,39,0,0,39,39,7310,0,0,0,0,0
2020-08-27,US,Kansas,Kiowa,8,0,0,37.55848695,-99.2856537,20097.0,323.2323232323232,0.0,8,8,0,0,8,8,2516,0,0,0,0,0
2020-08-27,US,Kansas,Labette,173,1,0,37.19113093,-95.29849679,20099.0,881.8432052196962,0.5780346820809249,172,172,1,0,171,165,19964,1,0,0,1,7
2020-08-27,US,Kansas,Lane,8,0,0,38.48119447,-100.46607540000001,20101.0,521.1726384364822,0.0,8,8,0,0,8,7,1560,0,0,0,0,1
2020-08-27,US,Kansas,Leavenworth,1624,9,0,39.20183497,-95.03620809,20103.0,1986.3499596369766,0.5541871921182266,1615,1624,9,0,1615,1606,81352,0,0,0,0,18
2020-08-27,US,Kansas,Lincoln,7,0,0,39.04549684,-98.20756994,20105.0,236.32680621201888,0.0,7,7,0,0,7,6,3023,0,0,0,0,1
2020-08-27,US,Kansas,Linn,53,0,0,38.21267844,-94.84254089,20107.0,546.222817685252,0.0,53,53,0,0,53,50,9750,0,0,0,0,3
2020-08-27,US,Kansas,Logan,2,0,0,38.91735806,-101.148475,20109.0,71.58196134574086,0.0,2,2,0,0,2,2,2844,0,0,0,0,0
2020-08-27,US,Kansas,Lyon,906,17,0,38.45576156,-96.15275715,20111.0,2729.3267058291917,1.8763796909492276,889,897,17,0,880,889,33406,9,0,0,9,8
2020-08-27,US,Kansas,Marion,61,1,0,38.35855394,-97.09852509999999,20115.0,513.2951868057893,1.639344262295082,60,61,1,0,60,60,11950,0,0,0,0,1
2020-08-27,US,Kansas,Marshall,14,0,0,39.78359669,-96.52278974,20117.0,144.22581642113937,0.0,14,14,0,0,14,14,9722,0,0,0,0,0
2020-08-27,US,Kansas,McPherson,207,1,0,38.39184858,-97.64769869,20113.0,725.247004414547,0.4830917874396135,206,207,1,0,206,195,28537,0,0,0,0,12
2020-08-27,US,Kansas,Meade,62,0,0,37.23859987,-100.36483100000001,20119.0,1537.3171336474088,0.0,62,62,0,0,62,58,4146,0,0,0,0,4
2020-08-27,US,Kansas,Miami,188,0,0,38.56383358,-94.83832189,20121.0,549.1135321435873,0.0,188,188,0,0,188,177,33680,0,0,0,0,11
2020-08-27,US,Kansas,Mitchell,30,0,0,39.39331582,-98.20906732,20123.0,501.7561465127948,0.0,30,30,0,0,30,28,6150,0,0,0,0,2
2020-08-27,US,Kansas,Montgomery,227,5,0,37.19236568,-95.74329258,20125.0,713.1860881585976,2.202643171806167,222,220,5,0,215,217,32120,7,0,0,7,3
2020-08-27,US,Kansas,Morris,18,0,0,38.68827511,-96.65128437,20127.0,320.28469750889684,0.0,18,18,0,0,18,17,5521,0,0,0,0,1
2020-08-27,US,Kansas,Morton,10,2,0,37.19141121,-101.79925190000002,20129.0,386.54812524159263,20.0,8,10,2,0,8,10,2667,0,0,0,0,0
2020-08-27,US,Kansas,Nemaha,55,1,0,39.78345387,-96.01392079,20131.0,537.5818590558108,1.818181818181818,54,55,1,0,54,55,10155,0,0,0,0,0
2020-08-27,US,Kansas,Neosho,79,0,0,37.55862897,-95.30670046,20133.0,493.5340788405073,0.0,79,79,0,0,79,72,15951,0,0,0,0,7
2020-08-27,US,Kansas,Ness,18,0,0,38.47974157,-99.91547333,20135.0,654.5454545454545,0.0,18,18,0,0,18,15,2840,0,0,0,0,3
2020-08-27,US,Kansas,Norton,23,0,0,39.78443827,-99.90286639,20137.0,429.0244357396009,0.0,23,23,0,0,23,23,5430,0,0,0,0,0
2020-08-27,US,Kansas,Osage,60,0,0,38.65235984,-95.72707998,20139.0,376.1991347419901,0.0,60,60,0,0,60,55,15941,0,0,0,0,5
2020-08-27,US,Kansas,Osborne,4,0,0,39.3503437,-98.76753828,20141.0,116.92487576731949,0.0,4,4,0,0,4,4,3475,0,0,0,0,0
2020-08-27,US,Kansas,Ottawa,40,0,0,39.13237408,-97.65020313,20143.0,701.2622720897616,0.0,40,40,0,0,40,39,5802,0,0,0,0,1
2020-08-27,US,Kansas,Pawnee,187,0,0,38.18108732,-99.23692334,20145.0,2915.497349547864,0.0,187,187,0,0,187,187,6562,0,0,0,0,0
2020-08-27,US,Kansas,Phillips,51,8,0,39.78465501,-99.34668865,20147.0,974.3981658387466,15.68627450980392,43,51,8,0,43,51,5317,0,0,0,0,0
2020-08-27,US,Kansas,Pottawatomie,151,0,0,39.37925655,-96.34564657,20149.0,619.2839273264159,0.0,151,151,0,0,151,149,24277,0,0,0,0,2
2020-08-27,US,Kansas,Pratt,40,0,0,37.64780729,-98.73922153,20151.0,436.4906154517678,0.0,40,40,0,0,40,40,9378,0,0,0,0,0
2020-08-27,US,Kansas,Rawlins,1,0,0,39.78525843,-101.07616170000001,20153.0,39.52569169960474,0.0,1,1,0,0,1,1,2508,0,0,0,0,0
2020-08-27,US,Kansas,Reno,687,1,0,37.95230263,-98.08607292,20155.0,1108.1002612987518,0.14556040756914118,686,684,1,0,683,677,62342,3,0,0,3,7
2020-08-27,US,Kansas,Republic,35,0,0,39.82799632,-97.65036709,20157.0,754.9611734253668,0.0,35,35,0,0,35,35,4664,0,0,0,0,0
2020-08-27,US,Kansas,Rice,43,1,0,38.34616184,-98.19992118,20159.0,450.8755373807277,2.3255813953488373,42,43,1,0,42,43,9531,0,0,0,0,0
2020-08-27,US,Kansas,Riley,686,5,0,39.28935726,-96.73420026,20161.0,924.1297553615692,0.7288629737609329,681,686,5,0,681,618,73703,0,0,0,0,68
2020-08-27,US,Kansas,Rooks,25,0,0,39.35022773,-99.32484567,20163.0,508.130081300813,0.0,25,25,0,0,25,23,5013,0,0,0,0,2
2020-08-27,US,Kansas,Rush,14,0,0,38.52275276,-99.30863983,20165.0,461.133069828722,0.0,14,14,0,0,14,13,3093,0,0,0,0,1
2020-08-27,US,Kansas,Russell,18,0,0,38.91462787,-98.76254297,20167.0,262.54375729288216,0.0,18,18,0,0,18,17,6907,0,0,0,0,1
2020-08-27,US,Kansas,Saline,455,9,0,38.78369175,-97.65185177,20169.0,839.1118323989377,1.978021978021978,446,455,9,0,446,444,54401,0,0,0,0,11
2020-08-27,US,Kansas,Scott,91,1,0,38.48222076,-100.90665390000001,20171.0,1886.7924528301885,1.0989010989010992,90,91,1,0,90,90,4897,0,0,0,0,1
2020-08-27,US,Kansas,Sedgwick,6693,50,0,37.6842718,-97.4608198,20173.0,1296.9874545095167,0.7470491558344539,6643,6621,50,0,6571,6428,513607,72,0,0,72,193
2020-08-27,US,Kansas,Seward,1373,4,0,37.19324632,-100.85072009999999,20175.0,6407.504200112003,0.29133284777858703,1369,1356,4,0,1352,1356,21780,17,0,0,17,0
2020-08-27,US,Kansas,Shawnee,2098,22,0,39.04100763,-95.75572640000001,20177.0,1186.1484098939932,1.0486177311725453,2076,2062,21,0,2041,2014,177499,36,1,0,35,48
2020-08-27,US,Kansas,Sheridan,9,0,0,39.35018161,-100.44182590000001,20179.0,357.0011900039666,0.0,9,9,0,0,9,9,2533,0,0,0,0,0
2020-08-27,US,Kansas,Sherman,17,0,0,39.35147699,-101.71976240000001,20181.0,287.30775730944737,0.0,17,17,0,0,17,17,5899,0,0,0,0,0
2020-08-27,US,Kansas,Smith,3,0,0,39.78516566,-98.78566062,20183.0,83.72871895060004,0.0,3,3,0,0,3,3,3603,0,0,0,0,0
2020-08-27,US,Kansas,Stafford,31,1,0,38.03100851,-98.71762001,20185.0,745.9095283926853,3.2258064516129035,30,19,1,0,18,17,4178,12,0,0,12,2
2020-08-27,US,Kansas,Stanton,22,1,0,37.56304714,-101.78435340000001,20187.0,1096.7098703888337,4.545454545454546,21,22,1,0,21,21,1987,0,0,0,0,1
2020-08-27,US,Kansas,Stevens,65,0,0,37.1923008,-101.3118967,20189.0,1185.0501367365546,0.0,65,60,0,0,60,60,5559,5,0,0,5,0
2020-08-27,US,Kansas,Sumner,117,3,0,37.23682549,-97.47721621,20191.0,512.3489227535472,2.5641025641025643,114,117,3,0,114,111,22996,0,0,0,0,6
2020-08-27,US,Kansas,Thomas,53,0,0,39.35107575,-101.0553705,20193.0,681.4967211006815,0.0,53,53,0,0,53,53,7711,0,0,0,0,0
2020-08-27,US,Kansas,Trego,24,1,0,38.91467218,-99.87284448,20195.0,856.2254727078131,4.166666666666667,23,11,1,0,10,9,2793,13,0,0,13,2
2020-08-27,US,Kansas,Wabaunsee,52,0,0,38.95471985,-96.20350509,20197.0,750.2524888183522,0.0,52,52,0,0,52,51,6899,0,0,0,0,1
2020-08-27,US,Kansas,Wallace,2,0,0,38.91686134,-101.76388759999999,20199.0,131.75230566534916,0.0,2,1,0,0,1,1,1503,1,0,0,1,0
2020-08-27,US,Kansas,Washington,3,0,0,39.78420784,-97.08753229999999,20201.0,55.493895671476146,0.0,3,3,0,0,3,2,5420,0,0,0,0,1
2020-08-27,US,Kansas,Wichita,4,0,0,38.48178252,-101.3471509,20203.0,188.76828692779614,0.0,4,4,0,0,4,4,2105,0,0,0,0,0
2020-08-27,US,Kansas,Wilson,16,0,0,37.55937174,-95.74323255,20205.0,187.68328445747798,0.0,16,16,0,0,16,16,8665,0,0,0,0,0
2020-08-27,US,Kansas,Woodson,12,0,0,37.8865336,-95.74006277,20207.0,382.4091778202677,0.0,12,12,0,0,12,12,3183,0,0,0,0,0
2020-08-27,US,Kansas,Wyandotte,5882,113,0,39.11727348,-94.76378225,20209.0,3555.603914670342,1.9211152669160148,5769,5850,113,0,5737,5741,165324,32,0,0,32,109
2020-08-27,US,Kentucky,Adair,255,19,0,37.10459774,-85.28129668,21001.0,1327.986668055411,7.450980392156862,236,250,19,0,231,248,19215,5,0,0,5,2
2020-08-27,US,Kentucky,Allen,248,9,0,36.75197631,-86.19457544,21003.0,1163.4998827117054,3.629032258064516,239,244,8,0,236,243,21122,4,1,0,3,1
2020-08-27,US,Kentucky,Anderson,114,1,0,38.00671029,-84.99171713,21005.0,501.16498878973056,0.8771929824561403,113,113,1,0,112,107,22663,1,0,0,1,6
2020-08-27,US,Kentucky,Ballard,41,0,0,37.05842757,-88.99427697,21007.0,519.7768762677484,0.0,41,41,0,0,41,41,7979,0,0,0,0,0
2020-08-27,US,Kentucky,Barren,483,7,0,36.96469836,-85.93338945,21009.0,1091.5500915274922,1.4492753623188406,476,483,6,0,477,475,44176,0,1,0,-1,8
2020-08-27,US,Kentucky,Bath,53,1,0,38.14735938,-83.74588932,21011.0,424.0,1.8867924528301887,52,53,1,0,52,53,12383,0,0,0,0,0
2020-08-27,US,Kentucky,Bell,386,7,0,36.73355174,-83.67766671,21013.0,1482.7904118008605,1.8134715025906736,379,372,7,0,365,371,26569,14,0,0,14,1
2020-08-27,US,Kentucky,Boone,1255,25,0,38.97065142,-84.72615357,21015.0,939.5048697045238,1.99203187250996,1230,1248,25,0,1223,1239,131533,7,0,0,7,9
2020-08-27,US,Kentucky,Bourbon,107,1,0,38.2054607,-84.21827874,21017.0,540.7317566201739,0.9345794392523364,106,105,1,0,104,105,20184,2,0,0,2,0
2020-08-27,US,Kentucky,Boyd,224,4,0,38.36176608,-82.68652187,21019.0,479.47258016182195,1.7857142857142858,220,221,4,0,217,221,47240,3,0,0,3,0
2020-08-27,US,Kentucky,Boyle,200,0,0,37.62680923,-84.8633779,21021.0,665.335994677312,0.0,200,196,0,0,196,189,30100,4,0,0,4,7
2020-08-27,US,Kentucky,Bracken,37,0,0,38.69158994,-84.08532444,21023.0,445.6220643141034,0.0,37,37,0,0,37,37,8239,0,0,0,0,0
2020-08-27,US,Kentucky,Breathitt,54,0,0,37.52333168,-83.31959161,21025.0,427.55344418052255,0.0,54,51,0,0,51,49,12726,3,0,0,3,2
2020-08-27,US,Kentucky,Breckinridge,93,2,0,37.77377239,-86.42885017,21027.0,454.16809102895934,2.150537634408602,91,92,2,0,90,92,20388,1,0,0,1,0
2020-08-27,US,Kentucky,Bullitt,591,5,0,37.97162523,-85.68955617,21029.0,723.590773299378,0.8460236886632826,586,580,5,0,575,556,81069,11,0,0,11,24
2020-08-27,US,Kentucky,Butler,315,16,0,37.20946153,-86.68748787,21031.0,2445.842068483578,5.079365079365079,299,311,16,0,295,312,12772,4,0,0,4,-1
2020-08-27,US,Kentucky,Caldwell,68,0,0,37.14749129,-87.86948214,21033.0,533.4588530634659,0.0,68,68,0,0,68,65,12715,0,0,0,0,3
2020-08-27,US,Kentucky,Calloway,383,5,0,36.62093411,-88.2731593,21035.0,982.0261018948233,1.3054830287206267,378,379,5,0,374,371,39135,4,0,0,4,8
2020-08-27,US,Kentucky,Campbell,670,13,0,38.94384345,-84.37875208,21037.0,715.9343477517523,1.9402985074626864,657,663,13,0,650,658,93152,7,0,0,7,5
2020-08-27,US,Kentucky,Carlisle,59,1,0,36.85372876,-88.96692220000001,21039.0,1239.4957983193276,1.6949152542372878,58,58,1,0,57,57,4771,1,0,0,1,1
2020-08-27,US,Kentucky,Carroll,190,2,0,38.66599534,-85.12601074,21041.0,1787.2260370614242,1.0526315789473684,188,188,2,0,186,187,10737,2,0,0,2,1
2020-08-27,US,Kentucky,Carter,113,3,0,38.31690743,-83.05092385,21043.0,421.68899503675766,2.6548672566371683,110,113,3,0,110,110,27004,0,0,0,0,3
2020-08-27,US,Kentucky,Casey,238,11,0,37.32533118,-84.92726209,21045.0,1472.8634197660751,4.621848739495798,227,234,11,0,223,230,15888,4,0,0,4,4
2020-08-27,US,Kentucky,Christian,824,10,0,36.89267803,-87.49055367,21047.0,1169.4412511886007,1.2135922330097086,814,757,10,0,747,716,71671,67,0,0,67,41
2020-08-27,US,Kentucky,Clark,236,8,0,37.9689263,-84.14615986,21049.0,650.8010920221714,3.3898305084745757,228,235,8,0,227,232,36249,1,0,0,1,3
2020-08-27,US,Kentucky,Clay,201,6,0,37.16451126,-83.712575,21051.0,1009.9994975126876,2.985074626865672,195,199,6,0,193,197,20105,2,0,0,2,2
2020-08-27,US,Kentucky,Clinton,68,1,0,36.72581156,-85.13377529,21053.0,665.4922685457036,1.4705882352941178,67,63,1,0,62,61,10206,5,0,0,5,2
2020-08-27,US,Kentucky,Crittenden,47,1,0,37.35839237,-88.08826090000002,21055.0,533.7270043152396,2.127659574468085,46,43,1,0,42,38,8915,4,0,0,4,5
2020-08-27,US,Kentucky,Cumberland,84,0,0,36.78926125,-85.39050034,21057.0,1270.03326277593,0.0,84,82,0,0,82,79,6659,2,0,0,2,3
2020-08-27,US,Kentucky,Daviess,923,11,0,37.73028906,-87.09019479999998,21059.0,909.2610653032676,1.191765980498375,912,913,11,0,902,898,101104,10,0,0,10,15
2020-08-27,US,Kentucky,Edmonson,116,12,0,37.21218923,-86.23955613,21061.0,954.7325102880659,10.344827586206897,104,116,12,0,104,116,12274,0,0,0,0,0
2020-08-27,US,Kentucky,Elliott,20,0,0,38.11624059,-83.09771563,21063.0,266.06358919781826,0.0,20,20,0,0,20,20,7508,0,0,0,0,0
2020-08-27,US,Kentucky,Estill,32,0,0,37.69241417,-83.95956369,21065.0,226.85382106904862,0.0,32,30,0,0,30,28,14198,2,0,0,2,2
2020-08-27,US,Kentucky,Fayette,3946,52,0,38.0368225,-84.45576892,21067.0,1221.097192652374,1.3177901672579828,3894,3901,52,0,3849,3881,323780,45,0,0,45,20
2020-08-27,US,Kentucky,Fleming,67,0,0,38.36758311,-83.69657514,21069.0,459.5020917632535,0.0,67,65,0,0,65,65,14432,2,0,0,2,0
2020-08-27,US,Kentucky,Floyd,140,2,0,37.56213922,-82.74750924,21071.0,393.37997695917284,1.4285714285714286,138,140,2,0,138,139,35845,0,0,0,0,1
2020-08-27,US,Kentucky,Franklin,451,11,0,38.2379395,-84.87962551,21073.0,884.4698083975603,2.4390243902439024,440,448,11,0,437,442,50815,3,0,0,3,6
2020-08-27,US,Kentucky,Fulton,115,2,0,36.55238827,-89.20140068,21075.0,1926.6208745183446,1.7391304347826086,113,112,2,0,110,111,6120,3,0,0,3,1
2020-08-27,US,Kentucky,Gallatin,90,8,0,38.75398691,-84.8558382,21077.0,1014.7705491036194,8.888888888888891,82,89,8,0,81,89,8832,1,0,0,1,0
2020-08-27,US,Kentucky,Garrard,110,2,0,37.638866799999995,-84.53289319,21079.0,622.66500622665,1.818181818181818,108,109,2,0,107,108,17560,1,0,0,1,1
2020-08-27,US,Kentucky,Grant,132,6,0,38.64962758,-84.62415957,21081.0,526.5467310223784,4.545454545454546,126,132,6,0,126,132,25121,0,0,0,0,0
2020-08-27,US,Kentucky,Graves,630,29,0,36.72292505,-88.65143315,21083.0,1690.5490259217518,4.603174603174604,601,625,29,0,596,623,37317,5,0,0,5,2
2020-08-27,US,Kentucky,Grayson,245,11,0,37.46231118,-86.34248968,21085.0,927.0821508305901,4.489795918367347,234,244,11,0,233,243,26321,1,0,0,1,1
2020-08-27,US,Kentucky,Green,127,6,0,37.26484328,-85.5540745,21087.0,1160.7714102915638,4.724409448818896,121,111,5,0,106,105,11049,16,1,0,15,6
2020-08-27,US,Kentucky,Greenup,187,2,0,38.54332505,-82.9215658,21089.0,532.7938913898229,1.0695187165775402,185,185,2,0,183,182,35268,2,0,0,2,3
2020-08-27,US,Kentucky,Hancock,56,0,0,37.83766422,-86.78280584,21091.0,642.0545746388442,0.0,56,56,0,0,56,56,8758,0,0,0,0,0
2020-08-27,US,Kentucky,Hardin,885,9,0,37.6976111,-85.96319251,21093.0,797.5990915481534,1.0169491525423728,876,870,8,0,862,860,110356,15,1,0,14,10
2020-08-27,US,Kentucky,Harlan,278,6,0,36.85699301,-83.21899516,21095.0,1068.8196847366396,2.1582733812949644,272,273,6,0,267,273,26409,5,0,0,5,0
2020-08-27,US,Kentucky,Harrison,150,0,0,38.44188174,-84.32869741,21097.0,794.2391189240708,0.0,150,146,0,0,146,139,18778,4,0,0,4,7
2020-08-27,US,Kentucky,Hart,123,1,0,37.29943898,-85.88461055,21099.0,646.1780929866036,0.8130081300813008,122,121,1,0,120,120,18906,2,0,0,2,1
2020-08-27,US,Kentucky,Henderson,414,3,0,37.79344553,-87.57392021,21101.0,915.7266091572659,0.7246376811594203,411,410,3,0,407,411,45591,4,0,0,4,-1
2020-08-27,US,Kentucky,Henry,159,1,0,38.44942688,-85.11587507,21103.0,985.9853652486667,0.6289308176100629,158,158,2,0,156,157,16106,1,-1,0,2,1
2020-08-27,US,Kentucky,Hickman,66,0,0,36.67948079999999,-88.97875928,21105.0,1506.849315068493,0.0,66,66,0,0,66,66,4421,0,0,0,0,0
2020-08-27,US,Kentucky,Hopkins,498,36,0,37.30939025,-87.54670406,21107.0,1114.443002282594,7.2289156626506035,462,495,36,0,459,487,45068,3,0,0,3,8
2020-08-27,US,Kentucky,Jackson,202,15,0,37.41866422,-83.99825483,21109.0,1515.492535073899,7.425742574257426,187,198,15,0,183,187,13442,4,0,0,4,11
2020-08-27,US,Kentucky,Jefferson,11167,264,0,38.18664655,-85.65931031,21111.0,1456.3936162304356,2.3641085340736097,10903,11018,263,0,10755,10888,770517,149,1,0,148,130
2020-08-27,US,Kentucky,Jessamine,435,0,0,37.87119786,-84.58252003,21113.0,803.8436662662848,0.0,435,428,0,0,428,420,53920,7,0,0,7,8
2020-08-27,US,Kentucky,Johnson,110,1,0,37.85106355,-82.8264322,21115.0,495.76347575265913,0.9090909090909092,109,105,1,0,104,101,22386,5,0,0,5,4
2020-08-27,US,Kentucky,Kenton,1680,41,0,38.93950319,-84.53241199,21117.0,1006.000071857148,2.4404761904761907,1639,1666,41,0,1625,1656,166051,14,0,0,14,10
2020-08-27,US,Kentucky,Knott,89,1,0,37.35388197,-82.94981134,21119.0,601.107659057139,1.1235955056179776,88,88,1,0,87,88,15126,1,0,0,1,0
2020-08-27,US,Kentucky,Knox,346,9,0,36.89225732,-83.85403396,21121.0,1110.9327339861936,2.601156069364162,337,321,9,0,312,317,31304,25,0,0,25,4
2020-08-27,US,Kentucky,Larue,81,1,0,37.54567114,-85.70138352,21123.0,562.5781358522017,1.2345679012345678,80,78,1,0,77,78,14307,3,0,0,3,0
2020-08-27,US,Kentucky,Laurel,545,5,0,37.10975748,-84.11321779,21125.0,896.1899593836844,0.9174311926605504,540,529,5,0,524,523,60669,16,0,0,16,6
2020-08-27,US,Kentucky,Lawrence,43,0,0,38.07136018,-82.72882223,21127.0,280.7338251615852,0.0,43,40,0,0,40,40,15571,3,0,0,3,0
2020-08-27,US,Kentucky,Lee,12,0,0,37.59645942,-83.71513901,21129.0,162.09644738619482,0.0,12,12,0,0,12,13,7033,0,0,0,0,-1
2020-08-27,US,Kentucky,Leslie,40,0,0,37.09246661,-83.37999606,21131.0,404.9812696162802,0.0,40,39,0,0,39,38,10143,1,0,0,1,1
2020-08-27,US,Kentucky,Letcher,67,2,0,37.12306748,-82.85346474,21133.0,310.86159699345797,2.985074626865672,65,68,2,0,66,68,21899,-1,0,0,-1,0
2020-08-27,US,Kentucky,Lewis,147,10,0,38.53184419,-83.37735618,21135.0,1107.3446327683616,6.802721088435375,137,137,9,0,128,116,13257,10,1,0,9,21
2020-08-27,US,Kentucky,Lincoln,134,2,0,37.45475628,-84.6565327,21137.0,545.8470813475092,1.492537313432836,132,132,2,0,130,132,24644,2,0,0,2,0
2020-08-27,US,Kentucky,Livingston,44,1,0,37.21137452,-88.34797529,21139.0,478.57298237981286,2.272727272727273,43,43,1,0,42,42,9242,1,0,0,1,1
2020-08-27,US,Kentucky,Logan,401,26,0,36.85949479,-86.877635,21141.0,1479.5956018006052,6.4837905236907725,375,393,26,0,367,391,26989,8,0,0,8,2
2020-08-27,US,Kentucky,Lyon,34,4,0,37.02080035,-88.07886257,21143.0,414.12911084043856,11.764705882352944,30,34,4,0,30,34,8009,0,0,0,0,0
2020-08-27,US,Kentucky,Madison,881,3,0,37.71659336,-84.27220275,21151.0,947.4442664028304,0.340522133938706,878,859,2,0,857,828,92368,22,1,0,21,31
2020-08-27,US,Kentucky,Magoffin,62,0,0,37.70820545,-83.0657714,21153.0,509.82649453169967,0.0,62,62,0,0,62,60,12362,0,0,0,0,2
2020-08-27,US,Kentucky,Marion,171,2,0,37.55218078,-85.26898542,21155.0,887.2515954962903,1.1695906432748535,169,172,2,0,170,167,19404,-1,0,0,-1,5
2020-08-27,US,Kentucky,Marshall,183,2,0,36.88007070000001,-88.32803576,21157.0,588.4244372990354,1.0928961748633879,181,183,2,0,181,183,31191,0,0,0,0,0
2020-08-27,US,Kentucky,Martin,51,0,0,37.79990579,-82.51247478,21159.0,455.56051808843233,0.0,51,51,0,0,51,49,11323,0,0,0,0,2
2020-08-27,US,Kentucky,Mason,83,2,0,38.59471935,-83.82151043,21161.0,486.2331575864088,2.409638554216868,81,80,2,0,78,79,17150,3,0,0,3,1
2020-08-27,US,Kentucky,McCracken,479,6,0,37.05350953,-88.70445755,21145.0,732.2143752484026,1.2526096033402925,473,472,5,0,467,469,65346,7,1,0,6,3
2020-08-27,US,Kentucky,McCreary,76,0,0,36.73874143,-84.48102924,21147.0,441.06552144390923,0.0,76,72,0,0,72,69,17408,4,0,0,4,3
2020-08-27,US,Kentucky,McLean,52,1,0,37.5301951,-87.26803443,21149.0,564.7876615618551,1.9230769230769231,51,51,1,0,50,50,9252,1,0,0,1,1
2020-08-27,US,Kentucky,Meade,123,3,0,37.96163597,-86.21028219,21163.0,430.4913901721965,2.4390243902439024,120,121,3,0,118,121,28715,2,0,0,2,0
2020-08-27,US,Kentucky,Menifee,31,0,0,37.94090733,-83.59985712,21165.0,477.7315456927108,0.0,31,30,0,0,30,31,6451,1,0,0,1,-1
2020-08-27,US,Kentucky,Mercer,107,1,0,37.81474237,-84.87488475,21167.0,487.84935941275705,0.9345794392523364,106,107,1,0,106,106,21774,0,0,0,0,1
2020-08-27,US,Kentucky,Metcalfe,80,2,0,36.99459295,-85.63123699,21169.0,794.3600436898024,2.5,78,80,2,0,78,80,10030,0,0,0,0,0
2020-08-27,US,Kentucky,Monroe,129,2,0,36.71225341,-85.71596443,21171.0,1211.2676056338028,1.5503875968992251,127,124,2,0,122,115,10718,5,0,0,5,9
2020-08-27,US,Kentucky,Montgomery,178,1,0,38.03253032,-83.9145241,21173.0,632.1696203430763,0.5617977528089888,177,177,1,0,176,174,28203,1,0,0,1,3
2020-08-27,US,Kentucky,Morgan,41,0,0,37.92465657,-83.25558245,21175.0,308.06221353970994,0.0,41,41,0,0,41,41,13345,0,0,0,0,0
2020-08-27,US,Kentucky,Muhlenberg,651,11,0,37.21425819,-87.14632053,21177.0,2125.9225393507936,1.6897081413210446,640,652,11,0,641,651,30774,-1,0,0,-1,1
2020-08-27,US,Kentucky,Nelson,322,2,0,37.80335779,-85.4657193,21179.0,696.4722168148293,0.6211180124223602,320,322,2,0,320,318,45851,0,0,0,0,4
2020-08-27,US,Kentucky,Nicholas,22,1,0,38.33342292,-84.01889177,21181.0,302.65511074425643,4.545454545454546,21,22,1,0,21,22,7166,0,0,0,0,0
2020-08-27,US,Kentucky,Ohio,379,9,0,37.47751843,-86.85368087,21183.0,1579.5615570559307,2.3746701846965697,370,378,9,0,369,376,24087,1,0,0,1,2
2020-08-27,US,Kentucky,Oldham,790,23,0,38.39791089,-85.448222,21185.0,1182.6524349166905,2.911392405063291,767,779,23,0,756,770,66470,11,0,0,11,9
2020-08-27,US,Kentucky,Owen,79,0,0,38.51679143,-84.82404619,21187.0,724.7041555820567,0.0,79,75,0,0,75,75,10880,4,0,0,4,0
2020-08-27,US,Kentucky,Owsley,30,0,0,37.42823949,-83.68811419,21189.0,679.5016987542467,0.0,30,26,0,0,26,26,4472,4,0,0,4,0
2020-08-27,US,Kentucky,Pendleton,64,0,0,38.69607718,-84.35599463,21191.0,438.6566141192597,0.0,64,62,0,0,62,62,14529,2,0,0,2,0
2020-08-27,US,Kentucky,Perry,279,7,0,37.25023553,-83.22922731,21193.0,1083.1586303284416,2.508960573476702,272,275,7,0,268,272,26092,4,0,0,4,3
2020-08-27,US,Kentucky,Pike,299,3,0,37.47088263,-82.39487445,21195.0,516.6217430368374,1.0033444816053512,296,299,3,0,296,298,58402,0,0,0,0,1
2020-08-27,US,Kentucky,Powell,72,0,0,37.83218794,-83.82553961,21197.0,582.5714054535158,0.0,72,72,0,0,72,71,12442,0,0,0,0,1
2020-08-27,US,Kentucky,Pulaski,480,6,0,37.10466131,-84.57629079,21199.0,738.70019544776,1.25,474,467,6,0,461,458,64623,13,0,0,13,9
2020-08-27,US,Kentucky,Robertson,4,0,0,38.51923469,-84.05055616,21201.0,189.75332068311195,0.0,4,4,0,0,4,4,2135,0,0,0,0,0
2020-08-27,US,Kentucky,Rockcastle,112,0,0,37.36642393,-84.31176452,21203.0,670.8595387840671,0.0,112,110,0,0,110,110,16750,2,0,0,2,0
2020-08-27,US,Kentucky,Rowan,124,0,0,38.19484205,-83.42088935,21205.0,506.95012264922315,0.0,124,112,0,0,112,103,24583,12,0,0,12,9
2020-08-27,US,Kentucky,Russell,168,5,0,36.99308373,-85.06070117,21207.0,937.3430787256598,2.9761904761904763,163,158,5,0,153,155,17821,10,0,0,10,3
2020-08-27,US,Kentucky,Scott,558,4,0,38.29622293,-84.5816631,21209.0,978.8786751806892,0.7168458781362007,554,539,4,0,535,513,56031,19,0,0,19,26
2020-08-27,US,Kentucky,Shelby,882,23,0,38.21476019,-85.194223,21211.0,1799.118798955613,2.6077097505668934,859,877,23,0,854,872,48518,5,0,0,5,5
2020-08-27,US,Kentucky,Simpson,202,7,0,36.74058474,-86.58047435,21213.0,1087.6588412664223,3.4653465346534653,195,199,7,0,192,198,18529,3,0,0,3,1
2020-08-27,US,Kentucky,Spencer,163,0,0,38.03223971,-85.32749335,21215.0,842.333729523022,0.0,163,162,0,0,162,161,18794,1,0,0,1,1
2020-08-27,US,Kentucky,Taylor,193,4,0,37.3677562,-85.3329931,21217.0,748.9619310023672,2.0725388601036268,189,186,4,0,182,183,25549,7,0,0,7,3
2020-08-27,US,Kentucky,Todd,107,0,0,36.8381152,-87.17878374,21219.0,870.3432568732718,0.0,107,100,0,0,100,52,12311,7,0,0,7,48
2020-08-27,US,Kentucky,Trigg,74,0,0,36.80767017,-87.87333656,21221.0,505.0849771346666,0.0,74,74,0,0,74,71,14643,0,0,0,0,3
2020-08-27,US,Kentucky,Trimble,43,0,0,38.61056487,-85.33775972,21223.0,507.6142131979696,0.0,43,43,0,0,43,41,8515,0,0,0,0,2
2020-08-27,US,Kentucky,Union,86,0,0,37.66166713,-87.94300009,21225.0,598.0112648633614,0.0,86,83,0,0,83,81,14505,3,0,0,3,2
2020-08-27,US,Kentucky,Warren,3176,25,0,36.99903045,-86.42672751,21227.0,2389.8386708403564,0.7871536523929471,3151,3120,24,0,3096,3076,131264,56,1,0,55,44
2020-08-27,US,Kentucky,Washington,118,1,0,37.75599461,-85.17407732,21229.0,975.609756097561,0.8474576271186439,117,118,1,0,117,116,12084,0,0,0,0,2
2020-08-27,US,Kentucky,Wayne,89,0,0,36.80310688,-84.8251971,21231.0,437.71209364087935,0.0,89,86,0,0,86,86,20468,3,0,0,3,0
2020-08-27,US,Kentucky,Webster,97,2,0,37.52168356,-87.67989953,21233.0,749.4977592335033,2.061855670103093,95,95,2,0,93,97,13111,2,0,0,2,-2
2020-08-27,US,Kentucky,Whitley,186,2,0,36.75700531,-84.14541217,21235.0,512.9053606882859,1.075268817204301,184,182,2,0,180,179,36242,4,0,0,4,3
2020-08-27,US,Kentucky,Wolfe,27,0,0,37.73941626,-83.49303612,21237.0,377.253038982814,0.0,27,27,0,0,27,26,7177,0,0,0,0,1
2020-08-27,US,Kentucky,Woodford,201,0,0,38.04178222,-84.7417556,21239.0,751.8515747736965,0.0,201,201,0,0,201,201,26533,0,0,0,0,0
2020-08-27,US,Louisiana,Acadia,2781,93,0,30.295064899999996,-92.41419698,22001.0,4482.230639052301,3.344120819848975,2688,2775,93,0,2682,2776,62190,6,0,0,6,-1
2020-08-27,US,Louisiana,Allen,1434,37,0,30.65385745,-92.82442028,22003.0,5595.66082647208,2.580195258019526,1397,1430,37,0,1393,1426,25605,4,0,0,4,4
2020-08-27,US,Louisiana,Ascension,3267,90,0,30.20406249,-90.91328409999998,22005.0,2580.4871883984706,2.7548209366391183,3177,3257,90,0,3167,3245,124672,10,0,0,10,12
2020-08-27,US,Louisiana,Assumption,654,22,0,29.89946234,-91.06461642,22007.0,2987.529121556804,3.363914373088685,632,649,22,0,627,651,22300,5,0,0,5,-2
2020-08-27,US,Louisiana,Avoyelles,1261,43,0,31.07796211,-92.00079449,22009.0,3141.19170984456,3.409992069785884,1218,1255,43,0,1212,1248,40462,6,0,0,6,7
2020-08-27,US,Louisiana,Beauregard,928,31,0,30.64836518,-93.34173616,22011.0,2474.864655839134,3.3405172413793105,897,926,31,0,895,924,37253,2,0,0,2,2
2020-08-27,US,Louisiana,Bienville,412,31,0,32.34569994,-93.05398492,22013.0,3111.547466203459,7.524271844660194,381,414,30,0,384,409,13308,-2,1,0,-3,5
2020-08-27,US,Louisiana,Bossier,2667,92,0,32.67932307,-93.60460152,22015.0,2099.355316084037,3.4495688038995125,2575,2653,92,0,2561,2619,127185,14,0,0,14,34
2020-08-27,US,Louisiana,Caddo,7278,313,0,32.57991587,-93.88375652,22017.0,3029.924564120497,4.300632041769717,6965,7225,312,0,6913,7117,242922,53,1,0,52,108
2020-08-27,US,Louisiana,Calcasieu,7285,181,0,30.22931235,-93.35400434,22019.0,3580.978784482589,2.484557309540151,7104,7269,179,0,7090,7256,203112,16,2,0,14,13
2020-08-27,US,Louisiana,Caldwell,274,3,0,32.0902519,-92.11752148,22021.0,2762.653760838879,1.094890510948905,271,271,3,0,268,271,9960,3,0,0,3,0
2020-08-27,US,Louisiana,Cameron,204,1,0,29.87592238,-93.19310676,22023.0,2925.5700559300158,0.4901960784313725,203,205,1,0,204,201,6968,-1,0,0,-1,4
2020-08-27,US,Louisiana,Catahoula,363,6,0,31.66778967,-91.84526385,22025.0,3823.467453128292,1.6528925619834711,357,358,6,0,352,354,9608,5,0,0,5,4
2020-08-27,US,Louisiana,Claiborne,354,13,0,32.82308512,-92.99526883,22027.0,2259.093809827696,3.6723163841807906,341,344,12,0,332,342,15944,10,1,0,9,2
2020-08-27,US,Louisiana,Concordia,426,9,0,31.44817835,-91.63814433,22029.0,2211.9528532114855,2.112676056338028,417,421,9,0,412,420,19572,5,0,0,5,1
2020-08-27,US,Louisiana,De Soto,807,32,0,32.05457447,-93.74130302,22031.0,2938.4990714779888,3.965303593556382,775,808,32,0,776,804,27436,-1,0,0,-1,4
2020-08-27,US,Louisiana,East Baton Rouge,13520,405,0,30.53842039,-91.09777565,22033.0,3072.315303175256,2.9955621301775146,13115,13450,404,0,13046,13391,440956,70,1,0,69,59
2020-08-27,US,Louisiana,East Carroll,531,2,0,32.73926954,-91.23425694,22035.0,7739.396589418452,0.3766478342749529,529,532,2,0,530,530,7037,-1,0,0,-1,2
2020-08-27,US,Louisiana,East Feliciana,1056,43,0,30.84425359,-91.04976723,22037.0,5518.683041546904,4.071969696969697,1013,888,43,0,845,865,19305,168,0,0,168,23
2020-08-27,US,Louisiana,Evangeline,1034,24,0,30.72985248,-92.39915924,22039.0,3096.271896990568,2.3210831721470018,1010,1028,24,0,1004,1019,33443,6,0,0,6,9
2020-08-27,US,Louisiana,Franklin,1076,28,0,32.13675181,-91.67589857,22041.0,5375.9680239820145,2.6022304832713754,1048,1061,28,0,1033,1059,20156,15,0,0,15,2
2020-08-27,US,Louisiana,Grant,395,26,0,31.59882456,-92.56124347,22043.0,1764.2592344454865,6.582278481012659,369,390,26,0,364,388,22482,5,0,0,5,2
2020-08-27,US,Louisiana,Iberia,2695,86,0,29.86803617,-91.75871777,22045.0,3859.372762423027,3.1910946196660483,2609,2698,84,0,2614,2686,70941,-3,2,0,-5,12
2020-08-27,US,Louisiana,Iberville,1319,53,0,30.25734305,-91.3499598,22047.0,4057.088370090123,4.0181956027293415,1266,1317,53,0,1264,1311,32721,2,0,0,2,6
2020-08-27,US,Louisiana,Jackson,439,20,0,32.30251776,-92.55692092,22049.0,2788.363821138212,4.555808656036446,419,431,20,0,411,425,15902,8,0,0,8,6
2020-08-27,US,Louisiana,Jefferson,16269,541,0,29.74075478,-90.11115756,22051.0,3761.679379781869,3.325342676255455,15728,16227,541,0,15686,16159,434051,42,0,0,42,68
2020-08-27,US,Louisiana,Jefferson Davis,1146,35,0,30.26896765,-92.81210004,22053.0,3653.4047436878345,3.0541012216404884,1111,1153,34,0,1119,1149,31582,-7,1,0,-8,4
2020-08-27,US,Louisiana,LaSalle,378,5,0,31.67884782,-92.15907765,22059.0,2538.275584206285,1.3227513227513228,373,382,5,0,377,379,14917,-4,0,0,-4,3
2020-08-27,US,Louisiana,Lafayette,8205,110,0,30.2049055,-92.06959876,22055.0,3357.338679978723,1.3406459475929309,8095,8183,110,0,8073,8136,242782,22,0,0,22,47
2020-08-27,US,Louisiana,Lafourche,3236,107,0,29.52470226,-90.40976986,22057.0,3315.0982441043293,3.30655129789864,3129,3216,107,0,3109,3211,98115,20,0,0,20,5
2020-08-27,US,Louisiana,Lincoln,887,39,0,32.6003154,-92.66597409999999,22061.0,1897.6509349193445,4.3968432919954905,848,884,39,0,845,883,47196,3,0,0,3,1
2020-08-27,US,Louisiana,Livingston,3330,64,0,30.44143993,-90.73061664,22063.0,2365.241602682028,1.921921921921922,3266,3325,64,0,3261,3313,139567,5,0,0,5,12
2020-08-27,US,Louisiana,Madison,781,7,0,32.36918118,-91.23973355,22065.0,7131.768788238517,0.8962868117797695,774,780,7,0,773,671,11161,1,0,0,1,109
2020-08-27,US,Louisiana,Morehouse,585,16,0,32.81686191,-91.80421614,22067.0,2351.8533408378225,2.7350427350427347,569,582,16,0,566,580,25398,3,0,0,3,2
2020-08-27,US,Louisiana,Natchitoches,908,22,0,31.72321584,-93.09816516,22069.0,2379.579642538917,2.4229074889867843,886,907,22,0,885,898,38659,1,0,0,1,9
2020-08-27,US,Louisiana,Orleans,11279,574,0,30.06971951,-89.92660315,22071.0,2890.983841863517,5.089103643940065,10705,11269,573,0,10696,11229,391006,10,1,0,9,40
2020-08-27,US,Louisiana,Ouachita,5400,127,0,32.47645559,-92.15704172,22073.0,3522.987493394399,2.351851851851852,5273,5369,125,0,5244,5355,154475,31,2,0,29,14
2020-08-27,US,Louisiana,Plaquemines,490,19,0,29.42245447,-89.60322085,22075.0,2112.3421132042936,3.877551020408163,471,487,19,0,468,487,23410,3,0,0,3,0
2020-08-27,US,Louisiana,Pointe Coupee,928,37,0,30.71409502,-91.60209535,22077.0,4270.59364933272,3.9870689655172415,891,924,37,0,887,917,21940,4,0,0,4,7
2020-08-27,US,Louisiana,Rapides,3711,134,0,31.19778499,-92.52997303,22079.0,2862.365790447983,3.6108865534896255,3577,3691,134,0,3557,3679,130562,20,0,0,20,12
2020-08-27,US,Louisiana,Red River,310,20,0,32.09530039,-93.34213308,22081.0,3672.11561241412,6.451612903225807,290,310,19,0,291,309,8477,0,1,0,-1,1
2020-08-27,US,Louisiana,Richland,678,9,0,32.41391005,-91.76634876,22083.0,3369.4463770996917,1.327433628318584,669,666,9,0,657,664,20192,12,0,0,12,2
2020-08-27,US,Louisiana,Sabine,735,13,0,31.56388699,-93.55433981,22085.0,3077.3739742086755,1.7687074829931972,722,736,13,0,723,735,24032,-1,0,0,-1,1
2020-08-27,US,Louisiana,St. Bernard,1213,26,0,29.87761636,-89.51887093,22087.0,2567.5218017102693,2.1434460016488046,1187,1213,25,0,1188,1203,46721,0,1,0,-1,10
2020-08-27,US,Louisiana,St. Charles,1621,55,0,29.90709658,-90.35555967,22089.0,3052.730696798493,3.392967304133251,1566,1614,54,0,1560,1611,52879,7,1,0,6,3
2020-08-27,US,Louisiana,St. Helena,365,2,0,30.82210324,-90.71013176,22091.0,3602.4476904855896,0.547945205479452,363,364,2,0,362,368,10262,1,0,0,1,-4
2020-08-27,US,Louisiana,St. James,755,35,0,30.02531716,-90.80212061,22093.0,3578.8775123246114,4.635761589403972,720,754,35,0,719,752,21037,1,0,0,1,2
2020-08-27,US,Louisiana,St. John the Baptist,1503,95,0,30.12597499,-90.4753503,22095.0,3508.6490650605792,6.3206919494344636,1408,1500,95,0,1405,1499,43184,3,0,0,3,1
2020-08-27,US,Louisiana,St. Landry,3026,110,0,30.59724262,-92.00135806,22097.0,3684.671959475914,3.6351619299405153,2916,3021,110,0,2911,3006,82764,5,0,0,5,15
2020-08-27,US,Louisiana,St. Martin,1922,55,0,30.13112107,-91.61403569,22099.0,3597.1626958132924,2.8616024973985428,1867,1920,55,0,1865,1928,53621,2,0,0,2,-8
2020-08-27,US,Louisiana,St. Mary,1746,68,0,29.69262097,-91.44702164,22101.0,3538.137310529302,3.8946162657502863,1678,1737,67,0,1670,1739,49774,9,1,0,8,-2
2020-08-27,US,Louisiana,St. Tammany,5917,235,0,30.40942847,-89.95642711,22103.0,2272.1076419155283,3.971607233395302,5682,5892,231,0,5661,5859,258111,25,4,0,21,33
2020-08-27,US,Louisiana,Tangipahoa,3965,91,0,30.62888673,-90.40664996,22105.0,2942.3114026625512,2.295081967213114,3874,3956,90,0,3866,3939,133777,9,1,0,8,17
2020-08-27,US,Louisiana,Tensas,136,1,0,32.00760749,-91.32915234,22107.0,3137.9787724965386,0.7352941176470589,135,133,1,0,132,134,4462,3,0,0,3,-1
2020-08-27,US,Louisiana,Terrebonne,3296,96,0,29.37343766,-90.82626855,22109.0,2983.858556413576,2.9126213592233015,3200,3285,95,0,3190,3259,111021,11,1,0,10,26
2020-08-27,US,Louisiana,Unassigned,187,163,0,0.0,0.0,90022.0,0.0,87.16577540106951,24,190,163,0,27,190,,-3,0,0,-3,0
2020-08-27,US,Louisiana,Union,807,39,0,32.83121059,-92.3749373,22111.0,3650.2623484711407,4.83271375464684,768,806,39,0,767,796,22330,1,0,0,1,10
2020-08-27,US,Louisiana,Vermilion,1853,41,0,29.83517605,-92.30292538,22113.0,3113.710070407152,2.212628170534269,1812,1854,40,0,1814,1842,59830,-1,1,0,-2,12
2020-08-27,US,Louisiana,Vernon,939,38,0,31.10884837,-93.18153838,22115.0,1979.8013873368614,4.046858359957401,901,935,38,0,897,927,48860,4,0,0,4,8
2020-08-27,US,Louisiana,Washington,1436,60,0,30.85288548,-90.03866652,22117.0,3108.628826254492,4.178272980501393,1376,1431,60,0,1371,1426,46582,5,0,0,5,5
2020-08-27,US,Louisiana,Webster,1016,19,0,32.70847669,-93.33121835,22119.0,2649.973917579551,1.8700787401574803,997,1005,19,0,986,993,38798,11,0,0,11,12
2020-08-27,US,Louisiana,West Baton Rouge,820,38,0,30.46058217,-91.30989571,22121.0,3098.4318911770256,4.634146341463413,782,814,38,0,776,809,26427,6,0,0,6,5
2020-08-27,US,Louisiana,West Carroll,311,9,0,32.78550125,-91.461201,22123.0,2871.652816251154,2.893890675241157,302,310,9,0,301,310,10982,1,0,0,1,0
2020-08-27,US,Louisiana,West Feliciana,547,20,0,30.87882871,-91.41485379999999,22125.0,3513.617677286742,3.6563071297989036,527,545,20,0,525,504,15460,2,0,0,2,41
2020-08-27,US,Louisiana,Winn,540,15,0,31.94449367,-92.63789413,22127.0,3883.7744533947066,2.7777777777777777,525,535,15,0,520,531,14134,5,0,0,5,4
2020-08-27,US,Maine,Androscoggin,600,10,0,44.1664747,-70.20380627,23001.0,554.1343036840696,1.6666666666666667,590,596,10,0,586,594,107679,4,0,0,4,2
2020-08-27,US,Maine,Aroostook,38,1,0,46.65926321,-68.59841248,23003.0,56.66989784505257,2.631578947368421,37,38,1,0,37,37,67111,0,0,0,0,1
2020-08-27,US,Maine,Cumberland,2171,70,0,43.8370751,-70.37226999,23005.0,735.9247194096332,3.22432058959005,2101,2167,70,0,2097,2166,293557,4,0,0,4,1
2020-08-27,US,Maine,Franklin,50,1,0,44.97330019,-70.44381045,23007.0,165.56839630451339,2.0,49,48,1,0,47,48,29897,2,0,0,2,0
2020-08-27,US,Maine,Hancock,46,1,0,44.59816444,-68.38401854,23009.0,83.65613690508665,2.1739130434782608,45,46,1,0,45,46,54811,0,0,0,0,0
2020-08-27,US,Maine,Kennebec,184,11,0,44.40759555,-69.76738544,23011.0,150.44725351997513,5.978260869565218,173,183,11,0,172,182,122083,1,0,0,1,1
2020-08-27,US,Maine,Knox,29,1,0,44.11486325,-69.10529169,23013.0,72.91561902846225,3.4482758620689653,28,29,1,0,28,29,39771,0,0,0,0,0
2020-08-27,US,Maine,Lincoln,35,1,0,44.05996956,-69.54227124,23015.0,101.05676502858464,2.8571428571428568,34,35,1,0,34,35,34342,0,0,0,0,0
2020-08-27,US,Maine,Oxford,59,0,0,44.49952995,-70.75682123,23017.0,101.76800344976284,0.0,59,59,0,0,59,59,57618,0,0,0,0,0
2020-08-27,US,Maine,Penobscot,223,6,0,45.40194593,-68.65020455,23019.0,146.56781554801904,2.690582959641256,217,221,6,0,215,220,151096,2,0,0,2,1
2020-08-27,US,Maine,Piscataquis,8,0,0,45.83839062,-69.2860223,23021.0,47.66160262138814,0.0,8,8,0,0,8,7,16800,0,0,0,0,1
2020-08-27,US,Maine,Sagadahoc,60,0,0,43.95415864,-69.85074999,23023.0,167.33601070950468,0.0,60,59,0,0,59,59,35634,1,0,0,1,0
2020-08-27,US,Maine,Somerset,50,1,0,45.51229767,-69.95995554,23025.0,99.04128040567308,2.0,49,47,1,0,46,46,50592,3,0,0,3,1
2020-08-27,US,Maine,Unassigned,1,0,0,0.0,0.0,90023.0,0.0,0.0,1,1,0,0,1,1,,0,0,0,0,0
2020-08-27,US,Maine,Waldo,69,14,0,44.4858305,-69.12061935,23027.0,173.73788241218682,20.28985507246377,55,69,14,0,55,69,39694,0,0,0,0,0
2020-08-27,US,Maine,Washington,15,0,0,45.01607142,-67.62813524,23029.0,47.802670575862855,0.0,15,15,0,0,15,15,31490,0,0,0,0,0
2020-08-27,US,Maine,York,776,15,0,43.47808377,-70.71052375,23031.0,373.7219527935234,1.9329896907216493,761,768,15,0,753,756,206229,8,0,0,8,12
2020-08-27,US,Maryland,Allegany,389,20,0,39.62357628,-78.69280486,24001.0,552.4312656214497,5.141388174807198,369,388,20,0,368,387,70975,1,0,0,1,1
2020-08-27,US,Maryland,Anne Arundel,8132,232,0,39.00670238,-76.60329337,24003.0,1403.9231122482452,2.852926709296606,7900,8091,232,0,7859,8037,576031,41,0,0,41,54
2020-08-27,US,Maryland,Baltimore,15043,599,0,39.45784712,-76.62911955,24005.0,1818.170830462792,3.9819185002991424,14444,14912,596,0,14316,14823,828431,131,3,0,128,89
2020-08-27,US,Maryland,Baltimore City,14243,455,0,39.30211911,-76.61151012,24510.0,2399.871943924919,3.1945517096117397,13788,14172,454,0,13718,14110,621342,71,1,0,70,62
2020-08-27,US,Maryland,Calvert,772,28,0,38.53961642,-76.56820632,24009.0,834.3690894352878,3.6269430051813467,744,768,28,0,740,766,92003,4,0,0,4,2
2020-08-27,US,Maryland,Caroline,485,3,0,38.87172293,-75.82904158,24011.0,1451.8349997006524,0.6185567010309279,482,481,3,0,478,480,33304,4,0,0,4,1
2020-08-27,US,Maryland,Carroll,1665,122,0,39.56453592,-77.02373735,24013.0,988.4414682363,7.327327327327327,1543,1660,121,0,1539,1655,168429,5,1,0,4,5
2020-08-27,US,Maryland,Cecil,768,31,0,39.56647682,-75.94627411,24015.0,746.6822225463029,4.036458333333333,737,766,32,0,734,766,102826,2,-1,0,3,0
2020-08-27,US,Maryland,Charles,2331,93,0,38.51092331,-76.98580666,24017.0,1427.8101398408646,3.9897039897039903,2238,2319,93,0,2226,2306,161503,12,0,0,12,13
2020-08-27,US,Maryland,Dorchester,437,6,0,38.45413522,-76.02752426,24019.0,1368.661718187228,1.3729977116704806,431,430,5,0,425,430,31998,7,1,0,6,0
2020-08-27,US,Maryland,Frederick,3413,123,0,39.47296601,-77.39999394,24021.0,1314.9834134087469,3.6038675651919134,3290,3404,123,0,3281,3376,255648,9,0,0,9,28
2020-08-27,US,Maryland,Garrett,62,0,0,39.52786077,-79.27355126,24023.0,213.68994278624112,0.0,62,63,0,0,63,63,29163,-1,0,0,-1,0
2020-08-27,US,Maryland,Harford,2381,69,0,39.55010644,-76.30775940000002,24025.0,932.1134821739656,2.897942041159177,2312,2357,69,0,2288,2344,253956,24,0,0,24,13
2020-08-27,US,Maryland,Howard,4300,117,0,39.25305293,-76.93126208,24027.0,1320.2738800700051,2.7209302325581395,4183,4282,117,0,4165,4266,323196,18,0,0,18,16
2020-08-27,US,Maryland,Kent,260,23,0,39.24976208,-76.04741541,24029.0,1338.6880856760374,8.846153846153848,237,256,23,0,233,255,19383,4,0,0,4,1
2020-08-27,US,Maryland,Montgomery,19733,818,0,39.13676329,-77.20358245,24031.0,1878.1027288786013,4.145340292910353,18915,19646,816,0,18830,19599,1052567,87,2,0,85,47
2020-08-27,US,Maryland,Prince George's,25817,785,0,38.83070039,-76.8496441,24033.0,2839.13267724372,3.0406321416121163,25032,25705,783,0,24922,25648,909308,112,2,0,110,57
2020-08-27,US,Maryland,Queen Anne's,526,26,0,39.06198912,-76.03530977,24035.0,1044.0443818106032,4.942965779467682,500,524,26,0,498,523,50251,2,0,0,2,1
2020-08-27,US,Maryland,Somerset,187,3,0,38.1163542,-75.75118623,24039.0,730.0124921923798,1.60427807486631,184,183,3,0,180,181,25675,4,0,0,4,2
2020-08-27,US,Maryland,St. Mary's,1091,55,0,38.30058422,-76.60629279999998,24037.0,961.1487974627786,5.0412465627864345,1036,1089,54,0,1035,1086,112664,2,1,0,1,3
2020-08-27,US,Maryland,Talbot,461,4,0,38.76618159,-76.10882561,24041.0,1239.8805841693338,0.8676789587852495,457,459,4,0,455,458,36968,2,0,0,2,1
2020-08-27,US,Maryland,Unassigned,0,8,0,0.0,0.0,90024.0,0.0,0.0,-8,0,13,0,-13,0,,0,-5,0,5,0
2020-08-27,US,Maryland,Washington,1267,32,0,39.60835778,-77.82002295,24043.0,838.8006540923807,2.525651144435675,1235,1258,32,0,1226,1241,150926,9,0,0,9,17
2020-08-27,US,Maryland,Wicomico,1506,47,0,38.37301947,-75.62705831,24045.0,1453.5416807420206,3.120849933598937,1459,1488,47,0,1441,1480,103195,18,0,0,18,8
2020-08-27,US,Maryland,Worcester,794,23,0,38.21274277,-75.33200012,24047.0,1518.8614278062591,2.896725440806045,771,785,23,0,762,766,51823,9,0,0,9,19
2020-08-27,US,Massachusetts,Barnstable,1598,165,0,41.72980578,-70.28854339,25001.0,750.2699657260904,10.32540675844806,1433,1594,165,0,1429,1591,213413,4,0,0,4,3
2020-08-27,US,Massachusetts,Berkshire,651,46,0,42.37428441,-73.20524838,25003.0,521.0334229734922,7.066052227342549,605,648,46,0,602,645,126348,3,0,0,3,3
2020-08-27,US,Massachusetts,Bristol,9022,655,0,41.79228404,-71.10872211,25005.0,1596.2011050623034,7.260031035247174,8367,8993,653,0,8340,8972,564022,29,2,0,27,21
2020-08-27,US,Massachusetts,Dukes and Nantucket,92,1,0,41.40674725,-70.68763497,0.0,320.2116181128398,1.0869565217391304,91,92,1,0,91,92,26707,0,0,0,0,0
2020-08-27,US,Massachusetts,Essex,17824,1228,0,42.6687626,-70.94687179,25009.0,2258.964759440024,6.8895870736086176,16596,17772,1226,0,16546,17707,790638,52,2,0,50,65
2020-08-27,US,Massachusetts,Franklin,387,63,0,42.58119713,-72.58602547,25011.0,551.4391564548305,16.27906976744186,324,385,63,0,322,382,70963,2,0,0,2,3
2020-08-27,US,Massachusetts,Hampden,7591,746,0,42.13440424,-72.63235561,25013.0,1627.6706148739636,9.827427216440524,6845,7569,744,0,6825,7555,470406,22,2,0,20,14
2020-08-27,US,Massachusetts,Hampshire,1144,136,0,42.33997957,-72.65898478,25015.0,711.3100789653673,11.888111888111887,1008,1139,136,0,1003,1135,161355,5,0,0,5,4
2020-08-27,US,Massachusetts,Middlesex,25019,2062,0,42.48607732,-71.39049229,25017.0,1552.3370058553116,8.241736280426876,22957,24938,2058,0,22880,24890,1614714,81,4,0,77,48
2020-08-27,US,Massachusetts,Norfolk,9439,1011,0,42.16073095,-71.20530408,25021.0,1335.5028120689046,10.710880389871807,8428,9419,1008,0,8411,9406,705388,20,3,0,17,13
2020-08-27,US,Massachusetts,Plymouth,9007,739,0,41.94070556,-70.80802823,25023.0,1728.1207669962894,8.204729654713,8268,8989,738,0,8251,8975,518132,18,1,0,17,14
2020-08-27,US,Massachusetts,Suffolk,22036,1105,0,42.327951399999996,-71.07850442,25025.0,2741.1130889518313,5.014521691777092,20931,21946,1101,0,20845,21855,807252,90,4,0,86,91
2020-08-27,US,Massachusetts,Unassigned,9995,5,0,0.0,0.0,90025.0,0.0,0.050025012506253116,9990,9980,5,0,9975,9958,,15,0,0,15,22
2020-08-27,US,Massachusetts,Worcester,13319,1046,0,42.35026951,-71.90493363,25027.0,1603.4971382891376,7.853442450634433,12273,13292,1043,0,12249,13257,830839,27,3,0,24,35
2020-08-27,US,Michigan,Alcona,31,2,0,44.6846864,-83.59507875,26001.0,297.93368572801535,6.451612903225807,29,31,2,0,29,31,10362,0,0,0,0,0
2020-08-27,US,Michigan,Alger,17,0,0,46.41292944,-86.60260122,26003.0,186.649099692578,0.0,17,17,0,0,17,17,9097,0,0,0,0,0
2020-08-27,US,Michigan,Allegan,616,6,0,42.59147037,-85.89102866,26005.0,521.675798816067,0.9740259740259741,610,613,6,0,607,606,117327,3,0,0,3,7
2020-08-27,US,Michigan,Alpena,132,14,0,45.03477666,-83.62212411,26007.0,464.70691779616266,10.606060606060606,118,132,14,0,118,132,28360,0,0,0,0,0
2020-08-27,US,Michigan,Antrim,55,0,0,44.99690221,-85.15503082,26009.0,235.80860915794887,0.0,55,54,0,0,54,53,23365,1,0,0,1,1
2020-08-27,US,Michigan,Arenac,52,3,0,44.0636262,-83.89277559,26011.0,349.3919236713028,5.769230769230768,49,52,3,0,49,51,15041,0,0,0,0,1
2020-08-27,US,Michigan,Baraga,8,0,0,46.6720582,-88.36363591,26013.0,97.45401388719698,0.0,8,8,0,0,8,8,8320,0,0,0,0,0
2020-08-27,US,Michigan,Barry,210,2,0,42.59513984,-85.30834519,26015.0,341.18602761982135,0.9523809523809524,208,209,2,0,207,208,61157,1,0,0,1,1
2020-08-27,US,Michigan,Bay,792,41,0,43.70639106,-83.98731479,26017.0,767.9925527994881,5.1767676767676765,751,790,40,0,750,786,103923,2,1,0,1,4
2020-08-27,US,Michigan,Benzie,42,2,0,44.63899297,-86.01608482,26019.0,236.40661938534282,4.761904761904762,40,41,2,0,39,41,17753,1,0,0,1,0
2020-08-27,US,Michigan,Berrien,1578,70,0,41.95447397,-86.41313079999998,26021.0,1028.6764753815164,4.435994930291508,1508,1565,69,0,1496,1555,154141,13,1,0,12,10
2020-08-27,US,Michigan,Branch,434,3,0,41.91600556,-85.05929476,26023.0,997.311395546568,0.6912442396313364,431,425,3,0,422,408,43622,9,0,0,9,17
2020-08-27,US,Michigan,Calhoun,947,44,0,42.24633834,-85.00493569,26025.0,705.8788452507845,4.646251319957762,903,909,44,0,865,897,134487,38,0,0,38,12
2020-08-27,US,Michigan,Cass,398,16,0,41.91522292,-85.99405727,26027.0,768.5326433274762,4.0201005025125625,382,395,15,0,380,393,51653,3,1,0,2,2
2020-08-27,US,Michigan,Charlevoix,69,2,0,45.37790017,-85.19614053,26029.0,263.9329839727652,2.898550724637681,67,69,2,0,67,67,26244,0,0,0,0,2
2020-08-27,US,Michigan,Cheboygan,69,2,0,45.44787015,-84.50122149,26031.0,272.986231998734,2.898550724637681,67,67,2,0,65,65,25413,2,0,0,2,2
2020-08-27,US,Michigan,Chippewa,51,0,0,46.29552653,-84.54353449,26033.0,136.54984069185252,0.0,51,51,0,0,51,51,37517,0,0,0,0,0
2020-08-27,US,Michigan,Clare,99,3,0,43.98794227,-84.84819859999998,26035.0,319.87075928917614,3.0303030303030303,96,98,3,0,95,97,30757,1,0,0,1,1
2020-08-27,US,Michigan,Clinton,469,13,0,42.94400871,-84.60145248,26037.0,589.232992022112,2.771855010660981,456,466,13,0,453,461,79332,3,0,0,3,5
2020-08-27,US,Michigan,Crawford,113,5,0,44.68255561,-84.61006219,26039.0,805.4743745099437,4.424778761061948,108,113,5,0,108,113,13901,0,0,0,0,0
2020-08-27,US,Michigan,Delta,140,3,0,45.90484910000001,-86.9080745,26041.0,391.2363067292645,2.142857142857143,137,137,3,0,134,134,35857,3,0,0,3,3
2020-08-27,US,Michigan,Dickinson,63,2,0,46.00999672,-87.86961634,26043.0,249.6136930940212,3.1746031746031744,61,63,2,0,61,61,25383,0,0,0,0,2
2020-08-27,US,Michigan,Eaton,503,8,0,42.59599185,-84.83740035,26045.0,456.1613523415679,1.5904572564612327,495,499,8,0,491,497,109826,4,0,0,4,2
2020-08-27,US,Michigan,Emmet,114,2,0,45.52625509,-84.89083249,26047.0,341.1641478377974,1.7543859649122806,112,108,2,0,106,107,33308,6,0,0,6,1
2020-08-27,US,Michigan,Federal Correctional Institution (FCI),195,5,0,0.0,0.0,0.0,0.0,2.5641025641025643,190,195,5,0,190,195,,0,0,0,0,0
2020-08-27,US,Michigan,Genesee,3927,303,0,43.02244215,-83.70589709,26049.0,967.6870874023256,7.715813598166538,3624,3914,303,0,3611,3888,406892,13,0,0,13,26
2020-08-27,US,Michigan,Gladwin,75,2,0,43.98901072,-84.38774817,26051.0,294.7070611811858,2.6666666666666665,73,75,2,0,73,75,25337,0,0,0,0,0
2020-08-27,US,Michigan,Gogebic,142,1,0,46.40862701,-89.69377193,26053.0,1016.1001788908766,0.7042253521126759,141,142,1,0,141,142,15096,0,0,0,0,0
2020-08-27,US,Michigan,Grand Traverse,329,6,0,44.69565625,-85.55585247,26055.0,353.42901340666896,1.82370820668693,323,306,6,0,300,292,92573,23,0,0,23,14
2020-08-27,US,Michigan,Gratiot,182,15,0,43.29265605,-84.60505416,26057.0,447.0536218712387,8.241758241758241,167,183,15,0,168,181,40599,-1,0,0,-1,2
2020-08-27,US,Michigan,Hillsdale,299,26,0,41.88753639,-84.59312019,26059.0,655.6298651463655,8.695652173913043,273,298,26,0,272,297,45749,1,0,0,1,1
2020-08-27,US,Michigan,Houghton,62,0,0,46.89988536,-88.68495385,26061.0,173.74733774240553,0.0,62,61,0,0,61,61,36219,1,0,0,1,0
2020-08-27,US,Michigan,Huron,197,4,0,43.83353985,-83.04078453,26063.0,635.8735999483555,2.0304568527918785,193,196,4,0,192,194,31166,1,0,0,1,2
2020-08-27,US,Michigan,Ingham,1735,37,0,42.59716886,-84.37472069,26065.0,593.3530775702277,2.132564841498559,1698,1742,38,0,1704,1714,292735,-7,-1,0,-6,28
2020-08-27,US,Michigan,Ionia,291,7,0,42.94502238,-85.07413319,26067.0,449.789016492264,2.405498281786941,284,290,7,0,283,288,64210,1,0,0,1,2
2020-08-27,US,Michigan,Iosco,141,12,0,44.35486835,-83.63484895,26069.0,561.149361244876,8.51063829787234,129,141,12,0,129,141,25081,0,0,0,0,0
2020-08-27,US,Michigan,Iron,27,1,0,46.20974132,-88.53136251,26071.0,243.99060184348454,3.703703703703704,26,27,1,0,26,26,11117,0,0,0,0,1
2020-08-27,US,Michigan,Isabella,406,9,0,43.64060976,-84.84664923,26073.0,581.0625143118846,2.2167487684729066,397,379,9,0,370,354,70562,27,0,0,27,25
2020-08-27,US,Michigan,Jackson,797,40,0,42.24807035,-84.42258681,26075.0,502.80739385527727,5.018820577164368,757,787,38,0,749,782,158823,10,2,0,8,5
2020-08-27,US,Michigan,Kalamazoo,1890,87,0,42.24542231,-85.53038622,26077.0,713.0299623489999,4.603174603174604,1803,1864,87,0,1777,1857,264870,26,0,0,26,7
2020-08-27,US,Michigan,Kalkaska,63,4,0,44.68512729,-85.09085699,26079.0,349.2626677015191,6.349206349206349,59,62,4,0,58,61,17824,1,0,0,1,1
2020-08-27,US,Michigan,Kent,8284,162,0,43.03197711,-85.54934642,26081.0,1260.9691683600854,1.9555770159343315,8122,8229,162,0,8067,8165,653786,55,0,0,55,64
2020-08-27,US,Michigan,Keweenaw,2,0,0,47.63197653,-88.41434263,26083.0,94.5179584120983,0.0,2,2,0,0,2,2,2113,0,0,0,0,0
2020-08-27,US,Michigan,Lake,29,0,0,43.99050893,-85.802173,26085.0,244.6637981945499,0.0,29,29,0,0,29,29,11881,0,0,0,0,0
2020-08-27,US,Michigan,Lapeer,521,35,0,43.09052506,-83.22153148,26087.0,594.7013366511809,6.7178502879078685,486,523,35,0,488,521,88028,-2,0,0,-2,2
2020-08-27,US,Michigan,Leelanau,86,1,0,44.94430054,-85.80150326,26089.0,395.2024263590828,1.162790697674419,85,84,1,0,83,84,21764,2,0,0,2,0
2020-08-27,US,Michigan,Lenawee,529,13,0,41.89475156,-84.06603727,26091.0,537.3231353668323,2.457466918714556,516,520,13,0,507,513,98266,9,0,0,9,7
2020-08-27,US,Michigan,Livingston,1066,29,0,42.60302282,-83.91297209,26093.0,555.2227922602151,2.720450281425891,1037,1046,29,0,1017,1036,191224,20,0,0,20,10
2020-08-27,US,Michigan,Luce,4,0,0,46.47227431,-85.54471223,26095.0,64.21576497030021,0.0,4,4,0,0,4,4,6283,0,0,0,0,0
2020-08-27,US,Michigan,Mackinac,33,0,0,46.07028979,-85.04980537,26097.0,305.5838503565145,0.0,33,32,0,0,32,32,10787,1,0,0,1,0
2020-08-27,US,Michigan,Macomb,12454,964,0,42.69158356,-82.92752801,26099.0,1424.9884435656977,7.7404849847438575,11490,12360,962,0,11398,12255,874759,94,2,0,92,105
2020-08-27,US,Michigan,Manistee,51,1,0,44.33352407,-86.05626916,26101.0,207.6716344979233,1.96078431372549,50,50,1,0,49,47,24528,1,0,0,1,3
2020-08-27,US,Michigan,Marquette,239,11,0,46.4338914,-87.64043701,26103.0,358.32621178728317,4.602510460251046,228,238,11,0,227,233,66516,1,0,0,1,5
2020-08-27,US,Michigan,Mason,117,0,0,43.99509218,-86.24988902,26105.0,401.4548449080429,0.0,117,115,0,0,115,114,29100,2,0,0,2,1
2020-08-27,US,Michigan,Mecosta,83,2,0,43.64064262,-85.32463223,26107.0,191.01097737785653,2.409638554216868,81,82,2,0,80,82,43545,1,0,0,1,0
2020-08-27,US,Michigan,Menominee,234,0,0,45.58038692,-87.55370409,26109.0,1027.2168568920106,0.0,234,233,0,0,233,233,22983,1,0,0,1,0
2020-08-27,US,Michigan,Michigan Department of Corrections (MDOC),5185,70,0,0.0,0.0,0.0,0.0,1.3500482160077143,5115,5164,70,0,5094,5163,,21,0,0,21,1
2020-08-27,US,Michigan,Midland,403,11,0,43.64330771,-84.38804374,26111.0,484.631295396604,2.729528535980149,392,398,11,0,387,389,83209,5,0,0,5,9
2020-08-27,US,Michigan,Missaukee,43,1,0,44.33772443,-85.09256478,26113.0,284.4291572959386,2.3255813953488373,42,43,1,0,42,43,15113,0,0,0,0,0
2020-08-27,US,Michigan,Monroe,1258,26,0,41.92734151,-83.53749864,26115.0,835.8803986710964,2.066772655007949,1232,1242,26,0,1216,1230,150439,16,0,0,16,12
2020-08-27,US,Michigan,Montcalm,217,3,0,43.31082541,-85.15252824,26117.0,339.65689957425496,1.3824884792626728,214,215,3,0,212,214,63968,2,0,0,2,1
2020-08-27,US,Michigan,Montmorency,12,0,0,45.0275929,-84.12696227,26119.0,128.6449399656947,0.0,12,12,0,0,12,12,9265,0,0,0,0,0
2020-08-27,US,Michigan,Muskegon,1313,65,0,43.29123859,-86.15176712,26121.0,756.4845649493567,4.950495049504951,1248,1305,64,0,1241,1295,173588,8,1,0,7,10
2020-08-27,US,Michigan,Newaygo,290,0,0,43.554373999999996,-85.80070107,26123.0,592.0783993466721,0.0,290,288,0,0,288,286,48892,2,0,0,2,2
2020-08-27,US,Michigan,Oakland,17694,1157,0,42.66090111,-83.38595416,26125.0,1406.9835494090255,6.538939753588787,16537,17579,1156,0,16423,17459,1259201,115,1,0,114,120
2020-08-27,US,Michigan,Oceana,499,6,0,43.64124435,-86.26726673,26127.0,1885.3666830392565,1.2024048096192386,493,499,6,0,493,497,26625,0,0,0,0,2
2020-08-27,US,Michigan,Ogemaw,57,3,0,44.33481032,-84.12725175,26129.0,271.46735247892553,5.2631578947368425,54,56,3,0,53,55,20952,1,0,0,1,1
2020-08-27,US,Michigan,Ontonagon,33,0,0,46.665226200000006,-89.31390481,26131.0,576.9230769230769,0.0,33,34,0,0,34,33,5795,-1,0,0,-1,1
2020-08-27,US,Michigan,Osceola,76,0,0,43.98992088,-85.32566756,26133.0,323.95566922421136,0.0,76,74,0,0,74,74,23341,2,0,0,2,0
2020-08-27,US,Michigan,Oscoda,29,1,0,44.68192279,-84.12939244,26135.0,351.8990413784735,3.4482758620689653,28,29,1,0,28,29,8276,0,0,0,0,0
2020-08-27,US,Michigan,Otsego,144,11,0,45.02085831,-84.59898295,26137.0,583.7522296092103,7.638888888888888,133,143,11,0,132,140,24665,1,0,0,1,3
2020-08-27,US,Michigan,Ottawa,2042,63,0,42.95996803,-85.9969107,26139.0,699.7224411472432,3.0852105778648378,1979,2026,63,0,1963,2008,290494,16,0,0,16,18
2020-08-27,US,Michigan,Out of MI,103,0,0,0.0,0.0,80026.0,0.0,0.0,103,93,0,0,93,111,,10,0,0,10,-18
2020-08-27,US,Michigan,Presque Isle,21,1,0,45.34018577,-83.91498656,26141.0,166.77255400254128,4.761904761904762,20,21,1,0,20,21,12738,0,0,0,0,0
2020-08-27,US,Michigan,Roscommon,75,3,0,44.33473082,-84.61067651,26143.0,312.25279986677214,4.0,72,73,4,0,69,72,23884,2,-1,0,3,1
2020-08-27,US,Michigan,Saginaw,2449,131,0,43.33433923,-84.05131209999998,26145.0,1285.3011719385536,5.349122090649246,2318,2429,130,0,2299,2407,190800,20,1,0,19,22
2020-08-27,US,Michigan,Sanilac,123,7,0,43.42406072,-82.82055898,26151.0,298.7612339081856,5.691056910569106,116,121,7,0,114,118,41182,2,0,0,2,3
2020-08-27,US,Michigan,Schoolcraft,15,0,0,46.19235734,-86.19972234,26153.0,185.32246108228318,0.0,15,15,0,0,15,15,8068,0,0,0,0,0
2020-08-27,US,Michigan,Shiawassee,410,29,0,42.95392800000001,-84.14585902,26155.0,601.8613663720971,7.073170731707318,381,402,29,0,373,400,68192,8,0,0,8,2
2020-08-27,US,Michigan,St. Clair,901,53,0,42.92655373,-82.67937954,26147.0,566.2108491277463,5.882352941176472,848,895,53,0,842,885,159337,6,0,0,6,10
2020-08-27,US,Michigan,St. Joseph,671,11,0,41.91441767,-85.52797979,26149.0,1100.649563676924,1.639344262295082,660,669,11,0,658,670,61043,2,0,0,2,-1
2020-08-27,US,Michigan,Tuscola,432,29,0,43.46606813,-83.41897025,26157.0,826.8733850129199,6.712962962962963,403,431,29,0,402,427,52516,1,0,0,1,4
2020-08-27,US,Michigan,Unassigned,8,0,0,0.0,0.0,90026.0,0.0,0.0,8,6,0,0,6,15,,2,0,0,2,-9
2020-08-27,US,Michigan,Van Buren,589,14,0,42.25190229,-86.01939087,26159.0,778.3078081847854,2.3769100169779285,575,586,14,0,572,582,75448,3,0,0,3,4
2020-08-27,US,Michigan,Washtenaw,2846,115,0,42.253105,-83.83853204,26161.0,774.2089929026307,4.040758959943782,2731,2825,115,0,2710,2826,370963,21,0,0,21,-1
2020-08-27,US,Michigan,Wayne,30820,2872,0,42.28098405,-83.281255,26163.0,1761.8042888101415,9.318624269954576,27948,30595,2864,0,27731,30333,1753893,225,8,0,217,262
2020-08-27,US,Michigan,Wexford,93,4,0,44.33853602,-85.57712739,26165.0,276.5305819036008,4.301075268817204,89,91,4,0,87,91,33466,2,0,0,2,0
2020-08-27,US,Minnesota,Aitkin,47,1,0,46.60962049,-93.41168259999999,27001.0,295.8579881656805,2.127659574468085,46,46,1,0,45,45,15902,1,0,0,1,1
2020-08-27,US,Minnesota,Anoka,4516,120,0,45.27476015,-93.24604565,27003.0,1265.2659832287818,2.6572187776793617,4396,4447,119,0,4328,4412,353813,69,1,0,68,35
2020-08-27,US,Minnesota,Becker,185,2,0,46.93479392,-95.67158144,27005.0,537.4313685617175,1.0810810810810811,183,181,2,0,179,181,34371,4,0,0,4,0
2020-08-27,US,Minnesota,Beltrami,311,1,0,47.97373527,-94.93732139,27007.0,659.0658642027635,0.3215434083601286,310,305,1,0,304,301,46847,6,0,0,6,4
2020-08-27,US,Minnesota,Benton,378,3,0,45.69804958,-93.99514135,27009.0,924.4540096358434,0.7936507936507936,375,362,3,0,359,361,40545,16,0,0,16,1
2020-08-27,US,Minnesota,Big Stone,32,0,0,45.42712824,-96.41403739,27011.0,641.1540773392106,0.0,32,32,0,0,32,31,4989,0,0,0,0,1
2020-08-27,US,Minnesota,Blue Earth,1124,5,0,44.03554215,-94.06699781,27013.0,1661.4193014352652,0.4448398576512456,1119,1095,5,0,1090,1071,67427,29,0,0,29,24
2020-08-27,US,Minnesota,Brown,113,2,0,44.24205652,-94.72562874,27015.0,451.8554062699936,1.7699115044247788,111,113,2,0,111,110,25111,0,0,0,0,3
2020-08-27,US,Minnesota,Carlton,182,1,0,46.59180601,-92.67601019,27017.0,507.3736444481615,0.5494505494505495,181,179,1,0,178,177,35837,3,0,0,3,2
2020-08-27,US,Minnesota,Carver,1084,4,0,44.82017001,-93.80099179999999,27019.0,1031.5066277155554,0.3690036900369004,1080,1057,4,0,1053,1046,103551,27,0,0,27,11
2020-08-27,US,Minnesota,Cass,99,3,0,46.95043611,-94.32603968,27021.0,332.4490412706941,3.0303030303030303,96,98,3,0,95,93,29519,1,0,0,1,5
2020-08-27,US,Minnesota,Chippewa,130,1,0,45.02343421,-95.56403693,27023.0,1101.6949152542372,0.7692307692307693,129,129,1,0,128,129,11924,1,0,0,1,0
2020-08-27,US,Minnesota,Chisago,289,1,0,45.5021011,-92.90861945,27025.0,510.79022252072326,0.3460207612456747,288,281,1,0,280,278,55922,8,0,0,8,3
2020-08-27,US,Minnesota,Clay,850,40,0,46.89289518,-96.48761922,27027.0,1323.5339914670985,4.705882352941177,810,836,40,0,796,833,63955,14,0,0,14,3
2020-08-27,US,Minnesota,Clearwater,18,0,0,47.57992111,-95.37790562,27029.0,204.12792016330243,0.0,18,18,0,0,18,18,8810,0,0,0,0,0
2020-08-27,US,Minnesota,Cook,6,0,0,47.90504893,-90.52629546,27031.0,109.82976386600771,0.0,6,6,0,0,6,6,5393,0,0,0,0,0
2020-08-27,US,Minnesota,Cottonwood,196,0,0,44.00715262,-95.18138802,27033.0,1750.6252232940335,0.0,196,195,0,0,195,195,11277,1,0,0,1,0
2020-08-27,US,Minnesota,Crow Wing,293,16,0,46.48096553,-94.06755609,27035.0,450.3881331181309,5.460750853242321,277,290,16,0,274,290,64889,3,0,0,3,0
2020-08-27,US,Minnesota,Dakota,5585,110,0,44.67172617,-93.06299363,27037.0,1301.8010773365406,1.9695613249776187,5475,5427,110,0,5317,5375,425423,158,0,0,158,52
2020-08-27,US,Minnesota,Dodge,150,0,0,44.02238415,-92.86244324,27039.0,716.5376898824878,0.0,150,147,0,0,147,148,20822,3,0,0,3,-1
2020-08-27,US,Minnesota,Douglas,152,1,0,45.93348491,-95.45335469,27041.0,398.52127631682436,0.6578947368421053,151,148,1,0,147,148,37964,4,0,0,4,0
2020-08-27,US,Minnesota,Faribault,112,0,0,43.67381499,-93.94787458,27043.0,820.3325276496007,0.0,112,109,0,0,109,107,13758,3,0,0,3,2
2020-08-27,US,Minnesota,Fillmore,83,0,0,43.67394126,-92.08980382,27045.0,393.9811078938624,0.0,83,83,0,0,83,81,21058,0,0,0,0,2
2020-08-27,US,Minnesota,Freeborn,394,1,0,43.67385583,-93.34884422,27047.0,1301.145933093359,0.2538071065989848,393,390,1,0,389,389,30444,4,0,0,4,1
2020-08-27,US,Minnesota,Goodhue,249,9,0,44.40849741,-92.72341949999999,27049.0,537.3327578765645,3.614457831325301,240,244,9,0,235,243,46403,5,0,0,5,1
2020-08-27,US,Minnesota,Grant,55,4,0,45.93424769,-96.01139609,27051.0,920.9645010046886,7.272727272727272,51,55,4,0,51,55,6021,0,0,0,0,0
2020-08-27,US,Minnesota,Hennepin,22305,877,0,45.00761521,-93.47694895,27053.0,1762.066859792249,3.9318538444295,21428,22044,873,0,21171,21934,1259428,261,4,0,257,110
2020-08-27,US,Minnesota,Houston,69,0,0,43.67129565,-91.49143057,27055.0,370.9677419354838,0.0,69,66,0,0,66,67,18578,3,0,0,3,-1
2020-08-27,US,Minnesota,Hubbard,42,0,0,47.10778564,-94.91693868,27057.0,195.4306453864409,0.0,42,41,0,0,41,41,21332,1,0,0,1,0
2020-08-27,US,Minnesota,Isanti,169,0,0,45.56181234,-93.29487636,27059.0,416.2971721351858,0.0,169,168,0,0,168,167,39966,1,0,0,1,1
2020-08-27,US,Minnesota,Itasca,181,12,0,47.51009045,-93.63092229,27061.0,401.0635940615998,6.629834254143647,169,173,12,0,161,171,45108,8,0,0,8,2
2020-08-27,US,Minnesota,Jackson,93,0,0,43.67423373,-95.15398258,27063.0,944.5460085313832,0.0,93,91,0,0,91,91,9911,2,0,0,2,0
2020-08-27,US,Minnesota,Kanabec,63,4,0,45.9459309,-93.29275192,27065.0,385.6277162269696,6.349206349206349,59,63,4,0,59,62,16207,0,0,0,0,1
2020-08-27,US,Minnesota,Kandiyohi,798,1,0,45.1526059,-95.00586446,27067.0,1847.2649829857169,0.12531328320802004,797,780,1,0,779,779,42855,18,0,0,18,1
2020-08-27,US,Minnesota,Kittson,3,0,0,48.77754106,-96.78317184,27069.0,69.79990693345742,0.0,3,3,0,0,3,3,4248,0,0,0,0,0
2020-08-27,US,Minnesota,Koochiching,87,3,0,48.24539665,-93.78352843,27071.0,711.4236650584676,3.4482758620689653,84,87,3,0,84,85,12440,0,0,0,0,2
2020-08-27,US,Minnesota,Lac qui Parle,13,0,0,44.9973857,-96.17488219,27073.0,196.2856711460064,0.0,13,13,0,0,13,13,6658,0,0,0,0,0
2020-08-27,US,Minnesota,Lake,28,0,0,47.64270764,-91.44557998,27075.0,263.13316417629915,0.0,28,27,0,0,27,27,10658,1,0,0,1,0
2020-08-27,US,Minnesota,Lake of the Woods,7,0,0,48.77217001,-94.90274472,27077.0,187.16577540106945,0.0,7,7,0,0,7,7,3758,0,0,0,0,0
2020-08-27,US,Minnesota,Le Sueur,352,2,0,44.37136597,-93.72844721,27079.0,1218.5412123100355,0.5681818181818182,350,339,2,0,337,330,28494,13,0,0,13,9
2020-08-27,US,Minnesota,Lincoln,64,0,0,44.41311883,-96.26688165,27081.0,1134.9530058521013,0.0,64,63,0,0,63,63,5673,1,0,0,1,0
2020-08-27,US,Minnesota,Lyon,458,3,0,44.41327865,-95.83806103,27083.0,1797.911596137238,0.6550218340611353,455,451,3,0,448,447,25629,7,0,0,7,4
2020-08-27,US,Minnesota,Mahnomen,35,1,0,47.32557075,-95.80921485,27087.0,633.2549303419578,2.8571428571428568,34,33,1,0,32,33,5519,2,0,0,2,0
2020-08-27,US,Minnesota,Marshall,30,0,0,48.35825983,-96.37017407,27089.0,321.3367609254499,0.0,30,30,0,0,30,30,9390,0,0,0,0,0
2020-08-27,US,Minnesota,Martin,223,6,0,43.67429718,-94.55099908,27091.0,1132.9573743839862,2.690582959641256,217,222,6,0,216,219,19785,1,0,0,1,3
2020-08-27,US,Minnesota,McLeod,347,1,0,44.82367677,-94.27287017,27085.0,966.7623213439947,0.2881844380403458,346,344,1,0,343,328,35873,3,0,0,3,16
2020-08-27,US,Minnesota,Meeker,101,2,0,45.12328869,-94.52839455,27093.0,434.93239169752815,1.98019801980198,99,97,2,0,95,96,23141,4,0,0,4,1
2020-08-27,US,Minnesota,Mille Lacs,92,3,0,45.93705297,-93.63236823,27095.0,350.1160710887848,3.260869565217391,89,89,3,0,86,88,26139,3,0,0,3,1
2020-08-27,US,Minnesota,Morrison,112,1,0,46.01265363,-94.27341528,27097.0,335.4699574672018,0.8928571428571429,111,110,1,0,109,108,33169,2,0,0,2,2
2020-08-27,US,Minnesota,Mower,1165,3,0,43.67142874,-92.75234549,27099.0,2907.992611452249,0.2575107296137339,1162,1162,3,0,1159,1163,40011,3,0,0,3,-1
2020-08-27,US,Minnesota,Murray,140,1,0,44.02216709,-95.76328482,27101.0,1708.567244325116,0.7142857142857143,139,139,1,0,138,139,8276,1,0,0,1,0
2020-08-27,US,Minnesota,Nicollet,423,15,0,44.35291112,-94.24710352,27103.0,1234.1716753224018,3.5460992907801416,408,413,15,0,398,413,34220,10,0,0,10,0
2020-08-27,US,Minnesota,Nobles,1847,13,0,43.67434621,-95.75329576,27105.0,8539.460908964817,0.7038440714672441,1834,1833,13,0,1820,1832,21924,14,0,0,14,1
2020-08-27,US,Minnesota,Norman,45,0,0,47.32628443,-96.45620947,27107.0,705.8823529411765,0.0,45,45,0,0,45,46,6475,0,0,0,0,-1
2020-08-27,US,Minnesota,Olmsted,1958,24,0,44.00374114,-92.40209944,27109.0,1236.946674837169,1.2257405515832482,1934,1947,24,0,1923,1928,156277,11,0,0,11,19
2020-08-27,US,Minnesota,Otter Tail,263,4,0,46.40846929,-95.70835255,27111.0,447.69005549314005,1.520912547528517,259,257,4,0,253,252,58812,6,0,0,6,5
2020-08-27,US,Minnesota,Pennington,80,1,0,48.06642577,-96.0370814,27113.0,566.6123663148949,1.25,79,77,1,0,76,77,14178,3,0,0,3,0
2020-08-27,US,Minnesota,Pine,145,0,0,46.12105238,-92.74070188,27115.0,490.21265086716926,0.0,145,142,0,0,142,140,29483,3,0,0,3,2
2020-08-27,US,Minnesota,Pipestone,179,9,0,44.02301619,-96.25841142,27117.0,1961.4288845058081,5.027932960893856,170,175,9,0,166,175,9047,4,0,0,4,0
2020-08-27,US,Minnesota,Polk,189,4,0,47.77372465,-96.40134647,27119.0,602.6017089656933,2.1164021164021163,185,186,4,0,182,180,31529,3,0,0,3,6
2020-08-27,US,Minnesota,Pope,61,0,0,45.58606667,-95.44451209,27121.0,542.2704240376922,0.0,61,60,0,0,60,59,11097,1,0,0,1,1
2020-08-27,US,Minnesota,Ramsey,8856,296,0,45.01625271,-93.09872295,27123.0,1609.2426056792306,3.3423667570009035,8560,8783,291,0,8492,8720,550210,73,5,0,68,63
2020-08-27,US,Minnesota,Red Lake,28,0,0,47.87197525,-96.09561104,27125.0,690.5055487053021,0.0,28,28,0,0,28,28,3999,0,0,0,0,0
2020-08-27,US,Minnesota,Redwood,53,0,0,44.40555844,-95.25207021,27127.0,349.3737640079103,0.0,53,47,0,0,47,47,15249,6,0,0,6,0
2020-08-27,US,Minnesota,Renville,77,6,0,44.72836381,-94.94553734,27129.0,529.2823755842727,7.792207792207793,71,72,6,0,66,72,14612,5,0,0,5,0
2020-08-27,US,Minnesota,Rice,1159,8,0,44.3543376,-93.29658715,27131.0,1730.5739712118498,0.6902502157031924,1151,1151,8,0,1143,1150,66523,8,0,0,8,1
2020-08-27,US,Minnesota,Rock,101,0,0,43.67482683,-96.25296832,27133.0,1084.2726784755769,0.0,101,99,0,0,99,99,9414,2,0,0,2,0
2020-08-27,US,Minnesota,Roseau,63,0,0,48.77501878,-95.81079919,27135.0,415.43026706231456,0.0,63,64,0,0,64,64,15150,-1,0,0,-1,0
2020-08-27,US,Minnesota,Scott,1916,31,0,44.6490231,-93.53340251,27139.0,1285.793856911813,1.6179540709812108,1885,1892,29,0,1863,1870,147381,24,2,0,22,22
2020-08-27,US,Minnesota,Sherburne,871,12,0,45.44447208,-93.77617511,27141.0,895.7403484234558,1.377726750861079,859,849,13,0,836,837,96036,22,-1,0,23,12
2020-08-27,US,Minnesota,Sibley,125,2,0,44.5796592,-94.23164924,27143.0,840.9014463504878,1.6,123,123,2,0,121,119,15028,2,0,0,2,4
2020-08-27,US,Minnesota,St. Louis,808,23,0,47.604840700000004,-92.46879855,27137.0,405.887376299794,2.8465346534653464,785,790,23,0,767,777,199754,18,0,0,18,13
2020-08-27,US,Minnesota,Stearns,3192,21,0,45.55192576,-94.61078221,27145.0,1981.685550209529,0.6578947368421053,3171,3145,21,0,3124,3131,159256,47,0,0,47,14
2020-08-27,US,Minnesota,Steele,407,2,0,44.02240351,-93.22627088,27147.0,1110.5350759911594,0.4914004914004914,405,401,2,0,399,400,36803,6,0,0,6,1
2020-08-27,US,Minnesota,Stevens,31,0,0,45.58613007,-96.00163705,27149.0,316.1652218255992,0.0,31,27,0,0,27,27,9753,4,0,0,4,0
2020-08-27,US,Minnesota,Swift,60,1,0,45.2829032,-95.68264092,27151.0,647.5285991797971,1.6666666666666667,59,60,1,0,59,60,9345,0,0,0,0,0
2020-08-27,US,Minnesota,Todd,445,2,0,46.06996226,-94.89785296,27153.0,1804.249108011677,0.44943820224719105,443,444,2,0,442,443,24582,1,0,0,1,1
2020-08-27,US,Minnesota,Traverse,21,0,0,45.77298854,-96.47062949,27155.0,644.3694384780607,0.0,21,21,0,0,21,21,3308,0,0,0,0,0
2020-08-27,US,Minnesota,Unassigned,141,49,0,0.0,0.0,90027.0,0.0,34.751773049645394,92,127,46,0,81,124,,14,3,0,11,3
2020-08-27,US,Minnesota,Wabasha,115,0,0,44.28424356,-92.23121312,27157.0,531.7427289961622,0.0,115,113,0,0,113,111,21645,2,0,0,2,2
2020-08-27,US,Minnesota,Wadena,45,0,0,46.58589171,-94.96968506,27159.0,328.8992837304488,0.0,45,44,0,0,44,44,13773,1,0,0,1,0
2020-08-27,US,Minnesota,Waseca,240,2,0,44.02211116,-93.58720034,27161.0,1289.4906511927788,0.8333333333333334,238,226,2,0,224,223,18691,14,0,0,14,3
2020-08-27,US,Minnesota,Washington,2808,54,0,45.03864533,-92.88429635,27163.0,1069.9588477366258,1.9230769230769231,2754,2715,53,0,2662,2682,259201,93,1,0,92,33
2020-08-27,US,Minnesota,Watonwan,418,4,0,43.97823903,-94.61413846,27165.0,3835.918142608057,0.9569377990430622,414,413,4,0,409,405,10980,5,0,0,5,8
2020-08-27,US,Minnesota,Wilkin,48,3,0,46.35721532,-96.4684375,27167.0,773.3204446592557,6.25,45,45,3,0,42,45,6254,3,0,0,3,0
2020-08-27,US,Minnesota,Winona,353,17,0,43.98772283,-91.78081305,27169.0,699.231439664052,4.81586402266289,336,315,17,0,298,310,50825,38,0,0,38,5
2020-08-27,US,Minnesota,Wright,1137,6,0,45.17297924,-93.96234781,27171.0,821.6683408369887,0.5277044854881267,1131,1124,6,0,1118,1114,136349,13,0,0,13,10
2020-08-27,US,Minnesota,Yellow Medicine,72,1,0,44.71710183,-95.86842453,27173.0,741.5799773406118,1.3888888888888888,71,68,1,0,67,68,9795,4,0,0,4,0
2020-08-27,US,Mississippi,Adams,759,31,0,31.47669768,-91.35326037,28001.0,2472.8765516567296,4.084321475625823,728,751,31,0,720,744,31192,8,0,0,8,7
2020-08-27,US,Mississippi,Alcorn,593,6,0,34.88084463,-88.57996173,28003.0,1604.7411576867914,1.011804384485666,587,580,6,0,574,565,36925,13,0,0,13,15
2020-08-27,US,Mississippi,Amite,270,7,0,31.17467303,-90.80501621,28005.0,2195.6574774335204,2.592592592592593,263,265,7,0,258,265,12326,5,0,0,5,0
2020-08-27,US,Mississippi,Attala,577,25,0,33.08658803,-89.57838564,28007.0,3174.8651920325733,4.332755632582321,552,576,25,0,551,571,18365,1,0,0,1,5
2020-08-27,US,Mississippi,Benton,194,1,0,34.81681228,-89.18945516,28009.0,2348.952657706744,0.5154639175257731,193,191,1,0,190,187,8271,3,0,0,3,4
2020-08-27,US,Mississippi,Bolivar,1428,46,0,33.79696941,-90.87372121,28011.0,4662.400417918246,3.2212885154061626,1382,1420,45,0,1375,1380,31333,8,1,0,7,40
2020-08-27,US,Mississippi,Calhoun,461,10,0,33.93683395,-89.33686647,28013.0,3210.082863310355,2.169197396963124,451,460,10,0,450,456,14436,1,0,0,1,4
2020-08-27,US,Mississippi,Carroll,290,11,0,33.44834567,-89.91994479,28015.0,2915.4518950437323,3.7931034482758617,279,287,11,0,276,287,9911,3,0,0,3,0
2020-08-27,US,Mississippi,Chickasaw,576,20,0,33.91983202,-88.9481545,28017.0,3367.830205227153,3.4722222222222223,556,564,20,0,544,560,17171,12,0,0,12,4
2020-08-27,US,Mississippi,Choctaw,157,4,0,33.34598242,-89.24809382,28019.0,1912.3020706455545,2.5477707006369426,153,153,4,0,149,152,8278,4,0,0,4,1
2020-08-27,US,Mississippi,Claiborne,432,16,0,31.97061673,-90.90702196,28021.0,4806.408544726301,3.703703703703704,416,430,16,0,414,427,9002,2,0,0,2,3
2020-08-27,US,Mississippi,Clarke,431,28,0,32.04158545,-88.68896219999998,28023.0,2773.309310855157,6.4965197215777275,403,421,28,0,393,419,15604,10,0,0,10,2
2020-08-27,US,Mississippi,Clay,465,14,0,33.65358105,-88.77784255,28025.0,2407.330710291985,3.010752688172043,451,464,14,0,450,462,19386,1,0,0,1,2
2020-08-27,US,Mississippi,Coahoma,946,17,0,34.22772299,-90.60415045,28027.0,4275.899475682517,1.7970401691331923,929,926,17,0,909,923,22628,20,0,0,20,3
2020-08-27,US,Mississippi,Copiah,1048,31,0,31.86977774,-90.44565118,28029.0,3734.188491003029,2.9580152671755724,1017,1048,31,0,1017,1039,28543,0,0,0,0,9
2020-08-27,US,Mississippi,Covington,709,17,0,31.63225413,-89.55389939,28031.0,3804.464477355656,2.397743300423131,692,708,17,0,691,703,18853,1,0,0,1,5
2020-08-27,US,Mississippi,DeSoto,4456,43,0,34.87625235,-89.99091418,28033.0,2409.3649463353972,0.9649910233393176,4413,4421,41,0,4380,4365,182001,35,2,0,33,56
2020-08-27,US,Mississippi,Forrest,2098,61,0,31.18961454,-89.25832496,28035.0,2801.180287594964,2.9075309818875117,2037,2063,62,0,2001,2043,75036,35,-1,0,36,20
2020-08-27,US,Mississippi,Franklin,170,3,0,31.47786634,-90.89672989,28037.0,2204.0710488785166,1.7647058823529411,167,171,3,0,168,169,7788,-1,0,0,-1,2
2020-08-27,US,Mississippi,George,674,12,0,30.86259065,-88.64436789,28039.0,2751.0204081632646,1.7804154302670625,662,673,12,0,661,672,24250,1,0,0,1,1
2020-08-27,US,Mississippi,Greene,285,14,0,31.21444233,-88.63922281,28041.0,2097.7476814367733,4.912280701754386,271,285,14,0,271,284,13586,0,0,0,0,1
2020-08-27,US,Mississippi,Grenada,917,31,0,33.77036166,-89.80245083,28043.0,4417.5739473937765,3.380588876772083,886,908,30,0,878,903,21055,9,1,0,8,5
2020-08-27,US,Mississippi,Hancock,472,18,0,30.41830223,-89.48851033,28045.0,990.9304669129996,3.8135593220338975,454,466,18,0,448,463,47334,6,0,0,6,3
2020-08-27,US,Mississippi,Harrison,3174,53,0,30.51359752,-89.12467576,28047.0,1525.3748558246825,1.6698172652804033,3121,3158,53,0,3105,3100,206650,16,0,0,16,58
2020-08-27,US,Mississippi,Hinds,6396,137,0,32.2656285,-90.44435448,28049.0,2758.79917184265,2.141963727329581,6259,6357,137,0,6220,6317,237085,39,0,0,39,40
2020-08-27,US,Mississippi,Holmes,1027,54,0,33.12345854,-90.08923538,28051.0,6037.624926513816,5.258033106134373,973,1038,52,0,986,1019,17622,-11,2,0,-13,19
2020-08-27,US,Mississippi,Humphreys,334,14,0,33.12825718,-90.52252707,28053.0,4141.8650793650795,4.1916167664670665,320,334,13,0,321,329,8257,0,1,0,-1,5
2020-08-27,US,Mississippi,Issaquena,96,3,0,32.72531359,-90.97392828,28055.0,7234.363225320271,3.125,93,95,3,0,92,95,1308,1,0,0,1,0
2020-08-27,US,Mississippi,Itawamba,531,14,0,34.27993475,-88.3606733,28057.0,2270.2009405728945,2.6365348399246704,517,514,14,0,500,495,23517,17,0,0,17,19
2020-08-27,US,Mississippi,Jackson,2897,59,0,30.54020656,-88.64184064,28059.0,2017.1706692104694,2.036589575422852,2838,2879,59,0,2820,2830,143277,18,0,0,18,49
2020-08-27,US,Mississippi,Jasper,475,13,0,32.01922104,-89.11786866,28061.0,2899.346883965086,2.736842105263158,462,470,13,0,457,465,16428,5,0,0,5,5
2020-08-27,US,Mississippi,Jefferson,217,8,0,31.73397872,-91.03764977,28063.0,3104.434907010015,3.6866359447004617,209,213,8,0,205,211,7106,4,0,0,4,2
2020-08-27,US,Mississippi,Jefferson Davis,296,8,0,31.56884708,-89.82670990000004,28065.0,2659.956865564342,2.702702702702702,288,291,8,0,283,280,11234,5,0,0,5,11
2020-08-27,US,Mississippi,Jones,2111,71,0,31.62257767,-89.16896899999998,28067.0,3099.944198067491,3.3633349123638085,2040,2114,69,0,2045,2087,68461,-3,2,0,-5,27
2020-08-27,US,Mississippi,Kemper,266,15,0,32.75462946,-88.64105766,28069.0,2730.445493738452,5.639097744360902,251,264,15,0,249,263,10027,2,0,0,2,1
2020-08-27,US,Mississippi,Lafayette,1288,34,0,34.35687874,-89.48490961,28071.0,2384.34624854218,2.6397515527950306,1254,1244,34,0,1210,1202,54793,44,0,0,44,42
2020-08-27,US,Mississippi,Lamar,1399,26,0,31.20572971,-89.5077704,28073.0,2208.6102647490648,1.8584703359542531,1373,1400,25,0,1375,1387,62447,-1,1,0,-2,13
2020-08-27,US,Mississippi,Lauderdale,1709,106,0,32.40419769,-88.66229662,28075.0,2305.564924114671,6.20245757753072,1603,1688,103,0,1585,1672,75317,21,3,0,18,16
2020-08-27,US,Mississippi,Lawrence,401,10,0,31.55147224,-90.10841127,28077.0,3186.079771174321,2.4937655860349133,391,397,10,0,387,391,12455,4,0,0,4,6
2020-08-27,US,Mississippi,Leake,875,31,0,32.7536828,-89.52402044,28079.0,3840.0772404107774,3.5428571428571427,844,875,31,0,844,866,22763,0,0,0,0,9
2020-08-27,US,Mississippi,Lee,2086,51,0,34.291877500000005,-88.68149954,28081.0,2441.5937075705788,2.4448705656759353,2035,2066,49,0,2017,2041,85202,20,2,0,18,25
2020-08-27,US,Mississippi,Leflore,1222,74,0,33.55545125,-90.29900733,28083.0,4335.947202214101,6.055646481178397,1148,1215,74,0,1141,1208,28919,7,0,0,7,7
2020-08-27,US,Mississippi,Lincoln,944,50,0,31.53288662,-90.45391915,28085.0,2764.032442245191,5.296610169491525,894,941,49,0,892,937,34205,3,1,0,2,4
2020-08-27,US,Mississippi,Lowndes,1252,53,0,33.47386518,-88.44191529999998,28087.0,2136.7010837102143,4.233226837060703,1199,1245,53,0,1192,1237,58930,7,0,0,7,8
2020-08-27,US,Mississippi,Madison,2845,82,0,32.63389156,-90.03513564,28089.0,2677.092743149654,2.882249560632689,2763,2821,82,0,2739,2802,105630,24,0,0,24,19
2020-08-27,US,Mississippi,Marion,776,25,0,31.23132643,-89.8209217,28091.0,3157.937573759817,3.2216494845360826,751,766,25,0,741,761,24715,10,0,0,10,5
2020-08-27,US,Mississippi,Marshall,912,11,0,34.76216286,-89.50299462,28093.0,2584.0086133620443,1.2061403508771928,901,907,11,0,896,899,35451,5,0,0,5,8
2020-08-27,US,Mississippi,Monroe,1009,56,0,33.89236763,-88.4808438,28095.0,2862.248950414161,5.550049554013874,953,996,56,0,940,984,35564,13,0,0,13,12
2020-08-27,US,Mississippi,Montgomery,407,15,0,33.49419589,-89.61729103,28097.0,4163.6828644501265,3.6855036855036856,392,402,15,0,387,396,10023,5,0,0,5,6
2020-08-27,US,Mississippi,Neshoba,1411,99,0,32.75339664,-89.11726492,28099.0,4845.799848890721,7.0163004961020565,1312,1410,99,0,1311,1404,29125,1,0,0,1,6
2020-08-27,US,Mississippi,Newton,642,14,0,32.40021118,-89.11843336,28101.0,3054.524693120183,2.1806853582554515,628,641,13,0,628,634,21443,1,1,0,0,7
2020-08-27,US,Mississippi,Noxubee,516,14,0,33.11009499,-88.56949061,28103.0,4953.441489872324,2.713178294573644,502,514,14,0,500,514,10535,2,0,0,2,0
2020-08-27,US,Mississippi,Oktibbeha,1360,46,0,33.42491685,-88.87905132,28105.0,2742.654324722205,3.3823529411764706,1314,1346,46,0,1300,1319,49599,14,0,0,14,27
2020-08-27,US,Mississippi,Panola,1269,23,0,34.36398677,-89.95064249,28107.0,3711.394478240524,1.8124507486209611,1246,1263,23,0,1240,1257,34178,6,0,0,6,6
2020-08-27,US,Mississippi,Pearl River,726,48,0,30.77090935,-89.58677275,28109.0,1307.2836949671378,6.6115702479338845,678,718,48,0,670,708,55387,8,0,0,8,10
2020-08-27,US,Mississippi,Perry,287,9,0,31.17161885,-88.99281835,28111.0,2397.060051783179,3.1358885017421603,278,289,9,0,280,285,11931,-2,0,0,-2,4
2020-08-27,US,Mississippi,Pike,1109,44,0,31.17507789,-90.40392572,28113.0,2822.7448584809613,3.967538322813345,1065,1101,43,0,1058,1092,39563,8,1,0,7,9
2020-08-27,US,Mississippi,Pontotoc,1025,11,0,34.226046000000004,-89.03636807,28115.0,3185.802200534593,1.0731707317073171,1014,1014,10,0,1004,1003,31833,11,1,0,10,11
2020-08-27,US,Mississippi,Prentiss,605,12,0,34.61810501,-88.51986294,28117.0,2407.8643636074185,1.9834710743801651,593,593,12,0,581,581,25315,12,0,0,12,12
2020-08-27,US,Mississippi,Quitman,313,3,0,34.25157572,-90.28908,28119.0,4608.362779740873,0.9584664536741214,310,306,3,0,303,305,7051,7,0,0,7,1
2020-08-27,US,Mississippi,Rankin,2785,60,0,32.26469147,-89.94537876,28121.0,1793.6382196289069,2.154398563734291,2725,2756,59,0,2697,2708,153902,29,1,0,28,48
2020-08-27,US,Mississippi,Scott,1087,22,0,32.406704100000006,-89.53789439,28123.0,3865.0263120466498,2.0239190432382705,1065,1079,22,0,1057,1074,28287,8,0,0,8,5
2020-08-27,US,Mississippi,Sharkey,247,8,0,32.88149103,-90.81595379999999,28125.0,5716.269382087479,3.238866396761133,239,247,8,0,239,243,4377,0,0,0,0,4
2020-08-27,US,Mississippi,Simpson,923,39,0,31.91282117,-89.91716179,28127.0,3462.375271963388,4.225352112676056,884,918,39,0,879,907,26758,5,0,0,5,11
2020-08-27,US,Mississippi,Smith,463,13,0,32.01744532,-89.50644846,28129.0,2909.022367429003,2.8077753779697625,450,456,13,0,443,454,16002,7,0,0,7,2
2020-08-27,US,Mississippi,Stone,299,9,0,30.79187949,-89.11547539,28131.0,1630.671902268761,3.0100334448160537,290,302,9,0,293,296,18717,-3,0,0,-3,6
2020-08-27,US,Mississippi,Sunflower,1241,36,0,33.60192578,-90.58882684,28133.0,4942.254082039029,2.9008863819500403,1205,1229,35,0,1194,1216,25735,12,1,0,11,13
2020-08-27,US,Mississippi,Tallahatchie,615,13,0,33.95339918,-90.1729398,28135.0,4453.617206169889,2.1138211382113816,602,611,13,0,598,610,13987,4,0,0,4,1
2020-08-27,US,Mississippi,Tate,851,32,0,34.65133709,-89.94485778,28137.0,3004.8373998093293,3.7602820211515855,819,849,32,0,817,836,28759,2,0,0,2,13
2020-08-27,US,Mississippi,Tippah,528,15,0,34.76872156,-88.90988194,28139.0,2398.364751305928,2.8409090909090913,513,524,15,0,509,517,21995,4,0,0,4,7
2020-08-27,US,Mississippi,Tishomingo,537,28,0,34.74023475,-88.23917219,28141.0,2770.468967652066,5.21415270018622,509,539,26,0,513,528,19454,-2,2,0,-4,11
2020-08-27,US,Mississippi,Tunica,441,11,0,34.64967704,-90.37481167,28143.0,4578.488372093023,2.4943310657596367,430,438,11,0,427,431,9944,3,0,0,3,7
2020-08-27,US,Mississippi,Union,857,21,0,34.49162015,-89.00776006,28145.0,2974.14541037654,2.4504084014002334,836,849,21,0,828,838,28606,8,0,0,8,11
2020-08-27,US,Mississippi,Walthall,557,24,0,31.14971548,-90.10446654,28147.0,3898.922021559569,4.308797127468582,533,553,24,0,529,551,14465,4,0,0,4,2
2020-08-27,US,Mississippi,Warren,1281,46,0,32.35810271,-90.83352619,28149.0,2822.767237390097,3.590944574551132,1235,1274,43,0,1231,1260,46176,7,3,0,4,14
2020-08-27,US,Mississippi,Washington,1964,59,0,33.28392041,-90.94196237,28151.0,4472.8871074267245,3.0040733197556007,1905,1964,59,0,1905,1944,45063,0,0,0,0,20
2020-08-27,US,Mississippi,Wayne,842,21,0,31.64135687,-88.69573913,28153.0,4171.827775850964,2.494061757719715,821,842,21,0,821,840,20298,0,0,0,0,2
2020-08-27,US,Mississippi,Webster,292,13,0,33.61300486,-89.28392912,28155.0,3013.7269068015275,4.452054794520548,279,295,13,0,282,292,9788,-3,0,0,-3,3
2020-08-27,US,Mississippi,Wilkinson,274,17,0,31.16078225,-91.31018819,28157.0,3174.9710312862107,6.204379562043796,257,277,17,0,260,273,8792,-3,0,0,-3,4
2020-08-27,US,Mississippi,Winston,688,19,0,33.08747908,-89.03391385,28159.0,3831.801726538569,2.7616279069767438,669,691,19,0,672,688,18165,-3,0,0,-3,3
2020-08-27,US,Mississippi,Yalobusha,364,12,0,34.02824175,-89.70762049999998,28161.0,3006.2768417575157,3.2967032967032965,352,362,11,0,351,350,12392,2,1,0,1,12
2020-08-27,US,Mississippi,Yazoo,943,19,0,32.77890365,-90.39656148,28163.0,3176.1535870663524,2.0148462354188763,924,939,19,0,920,935,28248,4,0,0,4,4
2020-08-27,US,Missouri,Adair,219,0,0,40.19058551,-92.60078167,29001.0,864.1439450735902,0.0,219,212,0,0,212,209,25339,7,0,0,7,3
2020-08-27,US,Missouri,Andrew,120,1,0,39.98492163,-94.80163024,29003.0,677.5067750677508,0.8333333333333334,119,114,1,0,113,108,17607,6,0,0,6,6
2020-08-27,US,Missouri,Atchison,23,0,0,40.43238737,-95.42970639,29005.0,447.20979972778537,0.0,23,22,0,0,22,20,5171,1,0,0,1,2
2020-08-27,US,Missouri,Audrain,249,1,0,39.215877,-91.84242683,29007.0,980.778320466362,0.4016064257028112,248,245,1,0,244,243,25473,4,0,0,4,2
2020-08-27,US,Missouri,Barry,340,4,0,36.70978521,-93.82919888,29009.0,950.0125736958285,1.1764705882352942,336,335,4,0,331,326,35886,5,0,0,5,9
2020-08-27,US,Missouri,Barton,92,0,0,37.50207671,-94.34757022,29011.0,782.7122681640292,0.0,92,88,0,0,88,84,11798,4,0,0,4,4
2020-08-27,US,Missouri,Bates,65,1,0,38.25271289,-94.34113157,29013.0,401.9292604501608,1.5384615384615383,64,62,1,0,61,62,16320,3,0,0,3,0
2020-08-27,US,Missouri,Benton,154,1,0,38.29503305,-93.28756116,29015.0,792.0588386565859,0.6493506493506493,153,152,1,0,151,147,19278,2,0,0,2,5
2020-08-27,US,Missouri,Bollinger,109,1,0,37.32449052,-90.02725304,29017.0,898.376329020028,0.9174311926605504,108,105,1,0,104,97,12169,4,0,0,4,8
2020-08-27,US,Missouri,Boone,2209,6,0,38.99186229,-92.30723575,29019.0,1224.0736328222404,0.2716161158895428,2203,2097,6,0,2091,1984,180005,112,0,0,112,113
2020-08-27,US,Missouri,Buchanan,1234,10,0,39.65816401,-94.80138942,29021.0,1412.4811135021291,0.8103727714748784,1224,1215,10,0,1205,1197,88571,19,0,0,19,18
2020-08-27,US,Missouri,Butler,363,2,0,36.71462476,-90.40421163,29023.0,854.5600075333114,0.5509641873278237,361,358,2,0,356,354,42639,5,0,0,5,4
2020-08-27,US,Missouri,Caldwell,41,1,0,39.65620858,-93.98308093,29025.0,454.54545454545456,2.4390243902439024,40,40,1,0,39,40,9108,1,0,0,1,0
2020-08-27,US,Missouri,Callaway,299,2,0,38.83674754,-91.92186505,29027.0,668.2609570212101,0.6688963210702341,297,276,2,0,274,260,44889,23,0,0,23,16
2020-08-27,US,Missouri,Camden,488,8,0,38.02199522,-92.76083747,29029.0,1053.8818702084006,1.639344262295082,480,481,8,0,473,471,45815,7,0,0,7,10
2020-08-27,US,Missouri,Cape Girardeau,914,7,0,37.38489388,-89.6843587,29031.0,1158.8543317569195,0.7658643326039387,907,893,7,0,886,868,78753,21,0,0,21,25
2020-08-27,US,Missouri,Carroll,107,0,0,39.42762566,-93.50626255,29033.0,1232.8609286784192,0.0,107,107,0,0,107,107,8743,0,0,0,0,0
2020-08-27,US,Missouri,Carter,32,1,0,36.94160441,-90.96051322,29035.0,534.9381477766633,3.125,31,27,1,0,26,27,6054,5,0,0,5,0
2020-08-27,US,Missouri,Cass,1009,9,0,38.64789422,-94.353399,29037.0,953.8665154093402,0.8919722497522299,1000,998,9,0,989,975,104954,11,0,0,11,23
2020-08-27,US,Missouri,Cedar,47,0,0,37.72391475,-93.85445441,29039.0,327.54895811554815,0.0,47,46,0,0,46,46,14165,1,0,0,1,0
2020-08-27,US,Missouri,Chariton,23,0,0,39.51499357,-92.9629191,29041.0,309.72259628332887,0.0,23,24,0,0,24,23,7451,-1,0,0,-1,1
2020-08-27,US,Missouri,Christian,589,1,0,36.9711783,-93.18537118,29043.0,664.8230712794176,0.1697792869269949,588,576,1,0,575,546,86983,13,0,0,13,30
2020-08-27,US,Missouri,Clark,38,0,0,40.41040752,-91.73661677,29045.0,559.0701780197147,0.0,38,34,0,0,34,33,6842,4,0,0,4,1
2020-08-27,US,Missouri,Clay,1323,30,0,39.31132056,-94.41850862,29047.0,529.3100965000721,2.2675736961451247,1293,1309,30,0,1279,1285,246365,14,0,0,14,24
2020-08-27,US,Missouri,Clinton,123,0,0,39.6013098,-94.40465394,29049.0,603.3256486976995,0.0,123,121,0,0,121,118,20470,2,0,0,2,3
2020-08-27,US,Missouri,Cole,775,4,0,38.50455671,-92.27860244,29051.0,1009.8377744478466,0.5161290322580645,771,758,4,0,754,729,76796,17,0,0,17,29
2020-08-27,US,Missouri,Cooper,215,0,0,38.844478,-92.80896081,29053.0,1214.0719408210514,0.0,215,193,0,0,193,188,17603,22,0,0,22,5
2020-08-27,US,Missouri,Crawford,164,1,0,37.97663738,-91.30528104,29055.0,685.61872909699,0.6097560975609756,163,159,1,0,158,148,23957,5,0,0,5,11
2020-08-27,US,Missouri,Dade,22,0,0,37.431814,-93.8503345,29057.0,290.9668033328925,0.0,22,22,0,0,22,20,7569,0,0,0,0,2
2020-08-27,US,Missouri,Dallas,104,1,0,37.681135499999996,-93.02127031,29059.0,616.1867519848322,0.9615384615384616,103,99,1,0,98,93,16762,5,0,0,5,6
2020-08-27,US,Missouri,Daviess,20,0,0,39.96145298,-93.98519678,29061.0,241.60425223483932,0.0,20,20,0,0,20,19,8313,0,0,0,0,1
2020-08-27,US,Missouri,DeKalb,59,1,0,39.89201062,-94.40476508,29063.0,470.2319279509046,1.6949152542372878,58,54,1,0,53,52,12630,5,0,0,5,2
2020-08-27,US,Missouri,Dent,33,0,0,37.60663134,-91.50790473,29065.0,211.9052205740705,0.0,33,33,0,0,33,31,15441,0,0,0,0,2
2020-08-27,US,Missouri,Douglas,102,2,0,36.9325593,-92.49905109,29067.0,773.6063708759955,1.96078431372549,100,101,2,0,99,98,13373,1,0,0,1,3
2020-08-27,US,Missouri,Dunklin,471,4,0,36.27167174,-90.09122243,29069.0,1616.8343002299955,0.8492569002123143,467,464,4,0,460,452,29423,7,0,0,7,12
2020-08-27,US,Missouri,Franklin,943,19,0,38.41127108,-91.07522826,29071.0,907.0185732011116,2.0148462354188763,924,922,19,0,903,889,103670,21,0,0,21,33
2020-08-27,US,Missouri,Gasconade,63,0,0,38.43947277,-91.50847147,29073.0,428.3965728274174,0.0,63,52,0,0,52,49,14705,11,0,0,11,3
2020-08-27,US,Missouri,Gentry,90,9,0,40.21097916,-94.40944419,29075.0,1369.6545426875666,10.0,81,89,9,0,80,89,6628,1,0,0,1,0
2020-08-27,US,Missouri,Greene,2718,10,0,37.2575872,-93.34230916,29077.0,927.3728530192503,0.3679175864606328,2708,2585,10,0,2575,2514,291923,133,0,0,133,71
2020-08-27,US,Missouri,Grundy,34,1,0,40.11406587,-93.56509276,29079.0,345.1776649746193,2.9411764705882355,33,34,1,0,33,34,9914,0,0,0,0,0
2020-08-27,US,Missouri,Harrison,65,1,0,40.35570088,-93.99222144,29081.0,778.2567049808429,1.5384615384615383,64,62,1,0,61,62,8414,3,0,0,3,0
2020-08-27,US,Missouri,Henry,112,3,0,38.38482826,-93.79293734,29083.0,513.1964809384165,2.6785714285714284,109,110,3,0,107,107,21792,2,0,0,2,3
2020-08-27,US,Missouri,Hickory,59,0,0,37.94163617,-93.3203037,29085.0,618.1894383906117,0.0,59,53,0,0,53,53,9509,6,0,0,6,0
2020-08-27,US,Missouri,Holt,58,0,0,40.09799248,-95.21638879999999,29087.0,1317.283670224847,0.0,58,55,0,0,55,55,4404,3,0,0,3,0
2020-08-27,US,Missouri,Howard,106,0,0,39.1435761,-92.69756691,29089.0,1059.8940105989402,0.0,106,96,0,0,96,90,10137,10,0,0,10,6
2020-08-27,US,Missouri,Howell,218,3,0,36.77383887,-91.88683935,29091.0,543.4105242166662,1.3761467889908257,215,214,3,0,211,206,40076,4,0,0,4,8
2020-08-27,US,Missouri,Iron,44,0,0,37.55487945,-90.7735296,29093.0,434.5679012345679,0.0,44,43,0,0,43,42,10177,1,0,0,1,1
2020-08-27,US,Missouri,Jackson,5254,77,0,39.01002188,-94.34724536,29095.0,747.356726992892,1.4655500570993532,5177,5184,75,0,5109,5116,700307,70,2,0,68,68
2020-08-27,US,Missouri,Jasper,2207,34,0,37.20351921,-94.34050458,29097.0,1819.0360015824872,1.5405527865881288,2173,2162,34,0,2128,2137,120636,45,0,0,45,25
2020-08-27,US,Missouri,Jefferson,2486,31,0,38.25926778,-90.53870896,29099.0,1104.4912720309578,1.2469831053901852,2455,2417,31,0,2386,2351,224347,69,0,0,69,66
2020-08-27,US,Missouri,Johnson,568,3,0,38.74719601,-93.80691168,29101.0,1050.6455551033998,0.528169014084507,565,560,3,0,557,551,53652,8,0,0,8,9
2020-08-27,US,Missouri,Kansas City,8837,66,0,39.0997,-94.5786,0.0,1807.3681390264303,0.7468597940477537,8771,8686,66,0,8620,8538,491918,151,0,0,151,148
2020-08-27,US,Missouri,Knox,38,0,0,40.12699751,-92.14780832,29103.0,959.8383430159132,0.0,38,38,0,0,38,38,3947,0,0,0,0,0
2020-08-27,US,Missouri,Laclede,275,1,0,37.65896829,-92.5888493,29105.0,769.8121658315373,0.3636363636363637,274,271,1,0,270,267,35713,4,0,0,4,4
2020-08-27,US,Missouri,Lafayette,223,2,0,39.06986886,-93.78076396,29107.0,681.7903876727406,0.8968609865470852,221,220,2,0,218,217,32598,3,0,0,3,3
2020-08-27,US,Missouri,Lawrence,335,2,0,37.10626634,-93.83293097,29109.0,873.4193716594967,0.5970149253731343,333,323,2,0,321,319,38359,12,0,0,12,4
2020-08-27,US,Missouri,Lewis,55,2,0,40.09673161,-91.72070156,29111.0,562.6022913256955,3.636363636363636,53,54,2,0,52,54,9855,1,0,0,1,0
2020-08-27,US,Missouri,Lincoln,525,1,0,39.05345619,-90.95588181,29113.0,889.634487316354,0.19047619047619047,524,514,1,0,513,510,57686,11,0,0,11,4
2020-08-27,US,Missouri,Linn,46,1,0,39.87001769,-93.10704106,29115.0,385.90604026845637,2.1739130434782608,45,46,1,0,45,44,12037,0,0,0,0,2
2020-08-27,US,Missouri,Livingston,71,1,0,39.78110272,-93.54645978,29117.0,466.277007946411,1.4084507042253518,70,71,1,0,70,69,15146,0,0,0,0,2
2020-08-27,US,Missouri,Macon,73,0,0,39.83049768,-92.56453089,29121.0,482.9000463054838,0.0,73,72,0,0,72,72,15153,1,0,0,1,0
2020-08-27,US,Missouri,Madison,98,0,0,37.47865134,-90.34671429999999,29123.0,810.7213765718068,0.0,98,84,0,0,84,77,12188,14,0,0,14,7
2020-08-27,US,Missouri,Maries,39,0,0,38.16193985,-91.92249662,29125.0,448.43049327354265,0.0,39,37,0,0,37,35,8769,2,0,0,2,2
2020-08-27,US,Missouri,Marion,378,1,0,39.80601912,-91.62203062,29127.0,1324.9211356466874,0.2645502645502645,377,365,1,0,364,360,28592,13,0,0,13,5
2020-08-27,US,Missouri,McDonald,985,9,0,36.62869595,-94.34867205,29119.0,4313.17598633796,0.9137055837563453,976,981,9,0,972,980,23078,4,0,0,4,1
2020-08-27,US,Missouri,Mercer,16,0,0,40.42212303,-93.56829590000001,29129.0,442.3555432679016,0.0,16,15,0,0,15,15,3641,1,0,0,1,0
2020-08-27,US,Missouri,Miller,222,1,0,38.21450288,-92.42610898,29131.0,866.5443616066202,0.4504504504504505,221,218,1,0,217,212,25336,4,0,0,4,6
2020-08-27,US,Missouri,Mississippi,221,0,0,36.82516239,-89.29505753,29133.0,1676.783004552352,0.0,221,216,0,0,216,214,13336,5,0,0,5,2
2020-08-27,US,Missouri,Moniteau,181,2,0,38.63571781,-92.57976951,29135.0,1121.9935531862136,1.1049723756906078,179,179,2,0,177,176,16121,2,0,0,2,3
2020-08-27,US,Missouri,Monroe,65,0,0,39.49593978,-92.00043978,29137.0,751.9666820916243,0.0,65,62,0,0,62,56,8664,3,0,0,3,6
2020-08-27,US,Missouri,Montgomery,53,1,0,38.94022054,-91.47000721,29139.0,458.8347329235564,1.8867924528301887,52,51,1,0,50,49,11534,2,0,0,2,2
2020-08-27,US,Missouri,Morgan,114,0,0,38.4181765,-92.88791859,29141.0,552.6736801279876,0.0,114,113,0,0,113,109,20358,1,0,0,1,4
2020-08-27,US,Missouri,New Madrid,362,4,0,36.59666326,-89.66070007,29143.0,2119.934410869056,1.1049723756906078,358,358,4,0,354,342,17296,4,0,0,4,16
2020-08-27,US,Missouri,Newton,1056,13,0,36.90519407,-94.3394104,29145.0,1813.311353801772,1.231060606060606,1043,1040,13,0,1027,1028,58266,16,0,0,16,12
2020-08-27,US,Missouri,Nodaway,341,1,0,40.36079813,-94.88133008,29147.0,1543.5451747238822,0.2932551319648094,340,319,1,0,318,297,22304,22,0,0,22,22
2020-08-27,US,Missouri,Oregon,42,0,0,36.68710164,-91.4033755,29149.0,398.8982809383607,0.0,42,34,0,0,34,32,10541,8,0,0,8,2
2020-08-27,US,Missouri,Osage,75,1,0,38.46036182,-91.8613635,29151.0,550.8630187293427,1.3333333333333333,74,73,1,0,72,71,13714,2,0,0,2,2
2020-08-27,US,Missouri,Ozark,18,0,0,36.64916339,-92.44459066,29153.0,196.20667102681492,0.0,18,18,0,0,18,17,9017,0,0,0,0,1
2020-08-27,US,Missouri,Pemiscot,314,9,0,36.2130572,-89.78742322,29155.0,1986.713065485605,2.8662420382165603,305,311,9,0,302,308,16272,3,0,0,3,3
2020-08-27,US,Missouri,Perry,347,4,0,37.70660776,-89.82741088,29157.0,1813.336120401338,1.1527377521613833,343,324,4,0,320,308,19150,23,0,0,23,16
2020-08-27,US,Missouri,Pettis,758,8,0,38.72798918,-93.28471706,29159.0,1790.3115331018682,1.0554089709762533,750,754,8,0,746,746,42542,4,0,0,4,8
2020-08-27,US,Missouri,Phelps,180,0,0,37.87736118,-91.79351727,29161.0,403.8319161824424,0.0,180,175,0,0,175,164,44732,5,0,0,5,11
2020-08-27,US,Missouri,Pike,135,1,0,39.34310674,-91.16980779,29163.0,737.6243033548246,0.7407407407407407,134,133,1,0,132,132,18504,2,0,0,2,1
2020-08-27,US,Missouri,Platte,460,10,0,39.38154439,-94.77068479,29165.0,440.5370721523109,2.1739130434782608,450,454,10,0,444,448,102985,6,0,0,6,6
2020-08-27,US,Missouri,Polk,275,0,0,37.616229600000004,-93.39828174,29167.0,855.3920806245917,0.0,275,267,0,0,267,264,32201,8,0,0,8,3
2020-08-27,US,Missouri,Pulaski,366,1,0,37.82462075,-92.20783203,29169.0,695.7249035299484,0.27322404371584696,365,360,1,0,359,336,52014,6,0,0,6,24
2020-08-27,US,Missouri,Putnam,20,1,0,40.47942497,-93.02042674,29171.0,425.89437819420783,5.0,19,20,1,0,19,19,4757,0,0,0,0,1
2020-08-27,US,Missouri,Ralls,96,0,0,39.52817427,-91.51838643,29173.0,931.2251430788632,0.0,96,92,0,0,92,91,10212,4,0,0,4,1
2020-08-27,US,Missouri,Randolph,105,1,0,39.44007257,-92.49713740000001,29175.0,424.2767092290286,0.9523809523809524,104,114,1,0,113,110,24763,-9,0,0,-9,4
2020-08-27,US,Missouri,Ray,124,0,0,39.353746799999996,-93.98905745,29177.0,538.7088365626902,0.0,124,122,0,0,122,122,22883,2,0,0,2,0
2020-08-27,US,Missouri,Reynolds,19,0,0,37.36085952,-90.97009925,29179.0,303.030303030303,0.0,19,19,0,0,19,19,6254,0,0,0,0,0
2020-08-27,US,Missouri,Ripley,85,0,0,36.65460667,-90.85990261,29181.0,639.6748946417822,0.0,85,84,0,0,84,83,13401,1,0,0,1,1
2020-08-27,US,Missouri,Saline,531,7,0,39.13734288,-93.20259964,29195.0,2332.9379201265324,1.3182674199623352,524,530,7,0,523,525,22895,1,0,0,1,5
2020-08-27,US,Missouri,Schuyler,15,0,0,40.46921489,-92.52311943,29197.0,321.8884120171673,0.0,15,14,0,0,14,13,4599,1,0,0,1,1
2020-08-27,US,Missouri,Scotland,18,1,0,40.45214695,-92.14709064,29199.0,367.1970624235006,5.5555555555555545,17,18,1,0,17,18,4966,0,0,0,0,0
2020-08-27,US,Missouri,Scott,581,13,0,37.05588075,-89.56474493,29201.0,1517.7638453500522,2.2375215146299485,568,565,13,0,552,551,38458,16,0,0,16,14
2020-08-27,US,Missouri,Shannon,49,1,0,37.15772072,-91.40190382,29203.0,600.0489835904973,2.0408163265306123,48,47,1,0,46,47,8189,2,0,0,2,0
2020-08-27,US,Missouri,Shelby,45,0,0,39.79742518,-92.07634971,29205.0,758.8532883642496,0.0,45,46,0,0,46,45,6050,-1,0,0,-1,1
2020-08-27,US,Missouri,St. Charles,5473,96,0,38.77875681,-90.66662425,29183.0,1361.368283327778,1.7540654120226566,5377,5392,96,0,5296,5338,399182,81,0,0,81,54
2020-08-27,US,Missouri,St. Clair,26,0,0,38.03699437,-93.77631447,29185.0,276.68404810045763,0.0,26,26,0,0,26,26,9395,0,0,0,0,0
2020-08-27,US,Missouri,St. Francois,932,4,0,37.81214171,-90.47598685,29187.0,1386.5952540355574,0.4291845493562232,928,873,4,0,869,839,66692,59,0,0,59,34
2020-08-27,US,Missouri,St. Louis,18507,726,0,38.63770039999999,-90.4458375,29189.0,1861.4873190136843,3.9228400064840336,17781,18334,721,0,17613,18210,996945,173,5,0,168,124
2020-08-27,US,Missouri,St. Louis City,6032,188,0,38.63555736,-90.24349225,29510.0,2006.8135845842648,3.1167108753315653,5844,6015,188,0,5827,5978,302838,17,0,0,17,37
2020-08-27,US,Missouri,Ste. Genevieve,99,1,0,37.89090059,-90.1949941,29186.0,553.2580753325136,1.0101010101010102,98,99,1,0,98,97,17888,0,0,0,0,2
2020-08-27,US,Missouri,Stoddard,284,9,0,36.85571651,-89.9444155,29207.0,978.4668389319553,3.1690140845070425,275,277,9,0,268,273,29206,7,0,0,7,4
2020-08-27,US,Missouri,Stone,261,2,0,36.75000327,-93.45256475,29209.0,816.8502754131198,0.7662835249042146,259,252,2,0,250,247,31749,9,0,0,9,5
2020-08-27,US,Missouri,Sullivan,171,0,0,40.2099105,-93.11150106,29211.0,2808.3429134504845,0.0,171,169,0,0,169,166,6221,2,0,0,2,3
2020-08-27,US,Missouri,Taney,886,3,0,36.65465345,-93.04075153,29213.0,1584.1796595622945,0.33860045146726864,883,879,3,0,876,868,55852,7,0,0,7,11
2020-08-27,US,Missouri,Texas,89,1,0,37.31728859,-91.96564727,29215.0,350.42129301519805,1.1235955056179776,88,85,1,0,84,79,25571,4,0,0,4,6
2020-08-27,US,Missouri,Vernon,80,0,0,37.8457799,-94.34127305,29217.0,389.0482906190731,0.0,80,77,0,0,77,71,20528,3,0,0,3,6
2020-08-27,US,Missouri,Warren,306,0,0,38.76529479,-91.16124662,29219.0,858.3690987124463,0.0,306,303,0,0,303,299,34711,3,0,0,3,4
2020-08-27,US,Missouri,Washington,224,1,0,37.96130078,-90.87948158,29221.0,905.7824504650224,0.44642857142857145,223,212,1,0,211,200,24943,12,0,0,12,12
2020-08-27,US,Missouri,Wayne,78,0,0,37.11303869,-90.46001416,29223.0,605.9193661151247,0.0,78,76,0,0,76,73,13122,2,0,0,2,3
2020-08-27,US,Missouri,Webster,201,1,0,37.2813734,-92.876329,29225.0,507.6783188522934,0.4975124378109453,200,194,1,0,193,185,39109,7,0,0,7,9
2020-08-27,US,Missouri,Worth,10,0,0,40.47945588,-94.42328751,29227.0,496.77098857426734,0.0,10,10,0,0,10,10,2040,0,0,0,0,0
2020-08-27,US,Missouri,Wright,88,0,0,37.27029221,-92.46914488,29229.0,481.16354092623976,0.0,88,85,0,0,85,79,18378,3,0,0,3,6
2020-08-27,US,Montana,Beaverhead,70,0,0,45.13434354,-112.89846940000001,30001.0,740.5056595789696,0.0,70,69,0,0,69,69,9404,1,0,0,1,0
2020-08-27,US,Montana,Big Horn,623,15,0,45.42335905,-107.492347,30003.0,4677.528342968692,2.407704654895666,608,609,15,0,594,603,13338,14,0,0,14,6
2020-08-27,US,Montana,Blaine,15,0,0,48.43175214,-108.9582723,30005.0,224.51728783116297,0.0,15,15,0,0,15,15,6807,0,0,0,0,0
2020-08-27,US,Montana,Broadwater,16,0,0,46.33277565,-111.49558130000001,30007.0,256.5335898669232,0.0,16,16,0,0,16,16,6085,0,0,0,0,0
2020-08-27,US,Montana,Carbon,85,0,0,45.22850116,-109.0274047,30009.0,792.5407925407925,0.0,85,84,0,0,84,84,10714,1,0,0,1,0
2020-08-27,US,Montana,Cascade,262,5,0,47.30797024,-111.3467922,30013.0,322.0018189415726,1.9083969465648856,257,258,5,0,253,256,81643,4,0,0,4,2
2020-08-27,US,Montana,Chouteau,10,0,0,47.88084126,-110.4353362,30015.0,177.4622892635315,0.0,10,10,0,0,10,10,5745,0,0,0,0,0
2020-08-27,US,Montana,Custer,66,2,0,46.25319932,-105.57375259999998,30017.0,578.8458165234169,3.0303030303030303,64,65,2,0,63,64,11586,1,0,0,1,1
2020-08-27,US,Montana,Daniels,3,0,0,48.78420029,-105.54763429999998,30019.0,177.5147928994083,0.0,3,3,0,0,3,3,1747,0,0,0,0,0
2020-08-27,US,Montana,Dawson,36,0,0,47.26584855,-104.89444170000002,30021.0,417.9728317659352,0.0,36,32,0,0,32,32,8680,4,0,0,4,0
2020-08-27,US,Montana,Deer Lodge,34,0,0,46.05953325,-113.073353,30023.0,371.99124726477027,0.0,34,33,0,0,33,32,9131,1,0,0,1,1
2020-08-27,US,Montana,Fallon,2,0,0,46.33478338,-104.41835649999999,30025.0,70.27406886858749,0.0,2,2,0,0,2,2,2920,0,0,0,0,0
2020-08-27,US,Montana,Fergus,26,0,0,47.26331584,-109.2245206,30027.0,235.29411764705884,0.0,26,26,0,0,26,24,11113,0,0,0,0,2
2020-08-27,US,Montana,Flathead,545,4,0,48.29575866,-114.05205690000001,30029.0,525.0178217058744,0.7339449541284404,541,539,4,0,535,506,102106,6,0,0,6,33
2020-08-27,US,Montana,Gallatin,1046,3,0,45.54486106,-111.1692571,30031.0,914.0640019574602,0.2868068833652008,1043,1029,3,0,1026,1023,111876,17,0,0,17,6
2020-08-27,US,Montana,Garfield,12,0,0,47.27545948,-107.0002351,30033.0,953.8950715421304,0.0,12,12,0,0,12,12,1268,0,0,0,0,0
2020-08-27,US,Montana,Glacier,128,1,0,48.70513576,-112.9934235,30035.0,930.706027775758,0.78125,127,128,1,0,127,121,13747,0,0,0,0,7
2020-08-27,US,Montana,Golden Valley,3,0,0,46.3816474,-109.17685220000001,30037.0,365.4080389768576,0.0,3,3,0,0,3,3,826,0,0,0,0,0
2020-08-27,US,Montana,Granite,18,0,0,46.40605220000001,-113.4414186,30039.0,532.7019828351583,0.0,18,18,0,0,18,18,3378,0,0,0,0,0
2020-08-27,US,Montana,Hill,76,2,0,48.62879827,-110.1129252,30041.0,461.0531424411551,2.631578947368421,74,72,2,0,70,67,16347,4,0,0,4,5
2020-08-27,US,Montana,Jefferson,38,0,0,46.14907081,-112.094396,30043.0,310.9401849275837,0.0,38,36,0,0,36,35,12097,2,0,0,2,1
2020-08-27,US,Montana,Judith Basin,5,0,0,47.04581276,-110.26606880000001,30045.0,249.1280518186348,0.0,5,4,0,0,4,4,1952,1,0,0,1,0
2020-08-27,US,Montana,Lake,199,1,0,47.64514965,-114.0898013,30047.0,653.358723488082,0.5025125628140703,198,192,1,0,191,193,30250,7,0,0,7,-1
2020-08-27,US,Montana,Lewis and Clark,194,2,0,47.12610041,-112.39469799999999,30049.0,279.410070284595,1.0309278350515465,192,191,2,0,189,191,68700,3,0,0,3,0
2020-08-27,US,Montana,Liberty,5,0,0,48.56084317,-111.02430700000001,30051.0,213.9495079161317,0.0,5,5,0,0,5,1,2430,0,0,0,0,4
2020-08-27,US,Montana,Lincoln,87,2,0,48.54265777,-115.4046155,30053.0,435.4354354354354,2.2988505747126435,85,85,2,0,83,83,19794,2,0,0,2,2
2020-08-27,US,Montana,Madison,92,1,0,45.30080065,-111.9173017,30057.0,1069.7674418604652,1.0869565217391304,91,91,1,0,90,91,8768,1,0,0,1,0
2020-08-27,US,Montana,McCone,8,0,0,47.64469406,-105.79449939999999,30055.0,480.76923076923083,0.0,8,8,0,0,8,7,1675,0,0,0,0,1
2020-08-27,US,Montana,Meagher,4,0,0,46.59907074,-110.8898557,30059.0,214.8227712137487,0.0,4,4,0,0,4,4,1866,0,0,0,0,0
2020-08-27,US,Montana,Mineral,2,0,0,47.15283992,-115.00152390000001,30061.0,45.48555833522857,0.0,2,2,0,0,2,2,4316,0,0,0,0,0
2020-08-27,US,Montana,Missoula,416,3,0,47.03728583,-113.92135079999998,30063.0,347.82608695652175,0.7211538461538461,413,417,3,0,414,408,118791,-1,0,0,-1,9
2020-08-27,US,Montana,Musselshell,8,0,0,46.49684637,-108.39498,30065.0,172.67429311461257,0.0,8,7,0,0,7,7,4651,1,0,0,1,0
2020-08-27,US,Montana,Park,63,0,0,45.48965095,-110.52643940000002,30067.0,379.3809466457907,0.0,63,63,0,0,63,63,16736,0,0,0,0,0
2020-08-27,US,Montana,Phillips,110,0,0,48.25936577,-107.9128511,30071.0,2781.99291856348,0.0,110,110,0,0,110,109,4074,0,0,0,0,1
2020-08-27,US,Montana,Pondera,15,0,0,48.22773388,-112.22527029999999,30073.0,253.76416849940787,0.0,15,15,0,0,15,15,5972,0,0,0,0,0
2020-08-27,US,Montana,Powder River,2,0,0,45.39617714,-105.636738,30075.0,118.90606420927469,0.0,2,2,0,0,2,2,1716,0,0,0,0,0
2020-08-27,US,Montana,Powell,10,0,0,46.85538891,-112.93591640000001,30077.0,145.1378809869376,0.0,10,10,0,0,10,10,6968,0,0,0,0,0
2020-08-27,US,Montana,Prairie,1,0,0,46.86048047,-105.379384,30079.0,92.85051067780873,0.0,1,1,0,0,1,1,1087,0,0,0,0,0
2020-08-27,US,Montana,Ravalli,99,2,0,46.08520862,-114.11891640000002,30081.0,225.99643884399399,2.0202020202020203,97,99,2,0,97,98,43172,0,0,0,0,1
2020-08-27,US,Montana,Richland,56,2,0,47.78668011,-104.5610786,30083.0,518.3745255947422,3.571428571428572,54,55,2,0,53,54,10913,1,0,0,1,1
2020-08-27,US,Montana,Roosevelt,34,1,0,48.29607488,-105.00792679999999,30085.0,308.9785532533624,2.9411764705882355,33,34,1,0,33,35,11059,0,0,0,0,-1
2020-08-27,US,Montana,Rosebud,195,2,0,46.23397237,-106.72928799999998,30087.0,2181.9402484055054,1.0256410256410255,193,166,2,0,164,135,9063,29,0,0,29,31
2020-08-27,US,Montana,Sanders,31,0,0,47.67657534,-115.1329916,30089.0,255.9233880954346,0.0,31,31,0,0,31,31,11844,0,0,0,0,0
2020-08-27,US,Montana,Sheridan,5,0,0,48.72085833,-104.50382900000001,30091.0,151.1030522816561,0.0,5,5,0,0,5,5,3424,0,0,0,0,0
2020-08-27,US,Montana,Silver Bow,111,0,0,45.90018933,-112.6620092,30093.0,317.9149362738078,0.0,111,110,0,0,110,110,34993,1,0,0,1,0
2020-08-27,US,Montana,Stillwater,34,2,0,45.67071407,-109.3950061,30095.0,352.623936942543,5.882352941176472,32,34,2,0,32,33,9534,0,0,0,0,1
2020-08-27,US,Montana,Sweet Grass,10,1,0,45.81367654,-109.9425686,30097.0,267.5943270002676,10.0,9,9,1,0,8,9,3710,1,0,0,1,0
2020-08-27,US,Montana,Teton,18,0,0,47.83741052,-112.24106880000001,30099.0,292.8257686676428,0.0,18,17,0,0,17,17,6162,1,0,0,1,0
2020-08-27,US,Montana,Toole,47,6,0,48.65577551,-111.69424140000001,30101.0,992.3986486486486,12.76595744680851,41,47,6,0,41,47,4853,0,0,0,0,0
2020-08-27,US,Montana,Treasure,3,0,0,46.20973220000001,-107.26665159999999,30103.0,431.0344827586207,0.0,3,3,0,0,3,3,679,0,0,0,0,0
2020-08-27,US,Montana,Valley,37,0,0,48.36435097,-106.6669635,30105.0,500.27041644131964,0.0,37,37,0,0,37,37,7437,0,0,0,0,0
2020-08-27,US,Montana,Wheatland,3,0,0,46.46652491,-109.84646359999999,30107.0,141.11006585136406,0.0,3,3,0,0,3,3,2236,0,0,0,0,0
2020-08-27,US,Montana,Wibaux,5,0,0,46.95925154,-104.2510927,30109.0,515.9958720330237,0.0,5,5,0,0,5,5,1034,0,0,0,0,0
2020-08-27,US,Montana,Yellowstone,1906,41,0,45.93955949,-108.26914860000001,30111.0,1181.6491010539369,2.151101783840504,1865,1864,41,0,1823,1816,160137,42,0,0,42,48
2020-08-27,US,Nebraska,Adams,396,11,0,40.52449420000001,-98.50117804,31001.0,1262.634314319421,2.7777777777777777,385,392,11,0,381,387,31511,4,0,0,4,5
2020-08-27,US,Nebraska,Antelope,24,1,0,42.17695516,-98.06662829999999,31003.0,381.07335662114957,4.166666666666667,23,23,1,0,22,23,6336,1,0,0,1,0
2020-08-27,US,Nebraska,Arthur,1,0,0,41.56896142,-101.6959559,31005.0,215.98272138228938,0.0,1,1,0,0,1,1,465,0,0,0,0,0
2020-08-27,US,Nebraska,Banner,2,0,0,41.54634427,-103.7114332,31007.0,268.4563758389262,0.0,2,2,0,0,2,3,730,0,0,0,0,-1
2020-08-27,US,Nebraska,Boone,21,0,0,41.70759415,-98.06737183,31011.0,404.4684129429892,0.0,21,20,0,0,20,18,5239,1,0,0,1,2
2020-08-27,US,Nebraska,Box Butte,21,0,0,42.22079243,-103.08788340000001,31013.0,194.75099693962719,0.0,21,21,0,0,21,19,10772,0,0,0,0,2
2020-08-27,US,Nebraska,Boyd,10,0,0,42.899727399999996,-98.76486568,31015.0,521.1047420531527,0.0,10,10,0,0,10,10,1955,0,0,0,0,0
2020-08-27,US,Nebraska,Brown,3,0,0,42.43018907,-99.92904055,31017.0,101.5228426395939,0.0,3,3,0,0,3,3,2973,0,0,0,0,0
2020-08-27,US,Nebraska,Buffalo,632,3,0,40.85486962,-99.07500296,31019.0,1272.6796753861333,0.4746835443037974,629,612,3,0,609,591,49615,20,0,0,20,21
2020-08-27,US,Nebraska,Burt,62,0,0,41.85056773,-96.32605633,31021.0,959.9009134540953,0.0,62,61,0,0,61,60,6488,1,0,0,1,1
2020-08-27,US,Nebraska,Butler,79,0,0,41.22703692,-97.13106306,31023.0,985.5289421157685,0.0,79,77,0,0,77,75,8058,2,0,0,2,2
2020-08-27,US,Nebraska,Cass,250,2,0,40.90899107,-96.13971217,31025.0,952.4535202682108,0.8,248,245,2,0,243,241,26159,5,0,0,5,4
2020-08-27,US,Nebraska,Cedar,45,0,0,42.598885100000004,-97.25311951,31027.0,535.586765055939,0.0,45,44,0,0,44,44,8446,1,0,0,1,0
2020-08-27,US,Nebraska,Chase,11,0,0,40.523719799999995,-101.69780259999999,31029.0,280.32619775739045,0.0,11,11,0,0,11,11,3977,0,0,0,0,0
2020-08-27,US,Nebraska,Cherry,9,0,0,42.54502621,-101.1244332,31031.0,158.20003515556337,0.0,9,6,0,0,6,5,5761,3,0,0,3,1
2020-08-27,US,Nebraska,Cheyenne,28,0,0,41.21999357,-102.9941693,31033.0,314.25364758698095,0.0,28,28,0,0,28,28,9310,0,0,0,0,0
2020-08-27,US,Nebraska,Clay,55,0,0,40.52439441,-98.05126296,31035.0,886.6677414154442,0.0,55,54,0,0,54,53,6214,1,0,0,1,1
2020-08-27,US,Nebraska,Colfax,718,5,0,41.57486951,-97.0868542,31037.0,6704.640956205061,0.6963788300835655,713,716,4,0,712,714,10881,2,1,0,1,2
2020-08-27,US,Nebraska,Cuming,78,0,0,41.91637624,-96.78730772,31039.0,881.7544652950487,0.0,78,78,0,0,78,78,8940,0,0,0,0,0
2020-08-27,US,Nebraska,Custer,69,4,0,41.39374521,-99.72805369,31041.0,640.2523893476848,5.797101449275362,65,69,4,0,65,67,10840,0,0,0,0,2
2020-08-27,US,Nebraska,Dakota,1977,42,0,42.39040144,-96.56656425,31043.0,9872.166183960851,2.1244309559939296,1935,1971,42,0,1929,1966,20083,6,0,0,6,5
2020-08-27,US,Nebraska,Dawes,65,0,0,42.71985036,-103.1313774,31045.0,756.7819303760623,0.0,65,64,0,0,64,57,8716,1,0,0,1,7
2020-08-27,US,Nebraska,Dawson,995,9,0,40.87028216,-99.82014609999999,31047.0,4216.995126086035,0.9045226130653268,986,993,9,0,984,989,23709,2,0,0,2,4
2020-08-27,US,Nebraska,Deuel,2,0,0,41.11168186,-102.33333309999999,31049.0,111.48272017837236,0.0,2,2,0,0,2,2,1825,0,0,0,0,0
2020-08-27,US,Nebraska,Dixon,58,2,0,42.49188363,-96.86782408,31051.0,1029.0986515259046,3.4482758620689653,56,57,2,0,55,57,5709,1,0,0,1,0
2020-08-27,US,Nebraska,Dodge,892,11,0,41.58071748,-96.65598179,31053.0,2439.491316833037,1.2331838565022422,881,883,11,0,872,876,36791,9,0,0,9,7
2020-08-27,US,Nebraska,Douglas,13095,155,0,41.29518299,-96.15085305,31055.0,2292.032408760657,1.1836578846888126,12940,12944,151,0,12793,12815,566880,151,4,0,147,129
2020-08-27,US,Nebraska,Dundy,5,0,0,40.17638677,-101.6876522,31057.0,295.3337271116362,0.0,5,5,0,0,5,5,1770,0,0,0,0,0
2020-08-27,US,Nebraska,Fillmore,31,1,0,40.52458567,-97.59646937,31059.0,567.557671182717,3.2258064516129035,30,30,1,0,29,30,5527,1,0,0,1,0
2020-08-27,US,Nebraska,Franklin,18,0,0,40.17636348,-98.95299073,31061.0,604.2296072507552,0.0,18,18,0,0,18,17,3023,0,0,0,0,1
2020-08-27,US,Nebraska,Frontier,6,0,0,40.52993007,-100.3924658,31063.0,228.39741149600303,0.0,6,6,0,0,6,6,2608,0,0,0,0,0
2020-08-27,US,Nebraska,Furnas,20,1,0,40.17642064,-99.91247454,31065.0,427.71599657827204,5.0,19,20,1,0,19,20,4715,0,0,0,0,0
2020-08-27,US,Nebraska,Gage,125,4,0,40.26186809,-96.68946704,31067.0,581.0440198949473,3.2,121,125,4,0,121,123,21493,0,0,0,0,2
2020-08-27,US,Nebraska,Garden,7,0,0,41.61703149,-102.3313973,31069.0,381.05606967882414,0.0,7,7,0,0,7,6,1897,0,0,0,0,1
2020-08-27,US,Nebraska,Garfield,6,0,0,41.91428955,-98.99111827,31071.0,304.7232097511427,0.0,6,6,0,0,6,6,1987,0,0,0,0,0
2020-08-27,US,Nebraska,Gosper,23,0,0,40.51481965,-99.83020279,31073.0,1155.7788944723618,0.0,23,23,0,0,23,23,1996,0,0,0,0,0
2020-08-27,US,Nebraska,Greeley,11,0,0,41.56742671,-98.52150266,31077.0,466.893039049236,0.0,11,11,0,0,11,10,2356,0,0,0,0,1
2020-08-27,US,Nebraska,Hall,1823,46,0,40.87257079,-98.50218293,31079.0,2971.3298453213374,2.523313219967087,1777,1809,46,0,1763,1806,61607,14,0,0,14,3
2020-08-27,US,Nebraska,Hamilton,103,12,0,40.87349452,-98.02099117,31081.0,1104.6761046761046,11.650485436893206,91,103,12,0,91,103,9280,0,0,0,0,0
2020-08-27,US,Nebraska,Harlan,4,0,0,40.17658508,-99.40438879,31083.0,118.3431952662722,0.0,4,4,0,0,4,4,3401,0,0,0,0,0
2020-08-27,US,Nebraska,Hitchcock,2,0,0,40.17609175,-101.04164770000001,31087.0,72.41129616220131,0.0,2,2,0,0,2,2,2806,0,0,0,0,0
2020-08-27,US,Nebraska,Holt,19,0,0,42.45522056,-98.78402558,31089.0,188.7354723353532,0.0,19,19,0,0,19,17,10178,0,0,0,0,2
2020-08-27,US,Nebraska,Hooker,4,0,0,41.91586243,-101.1354293,31091.0,586.5102639296188,0.0,4,4,0,0,4,4,682,0,0,0,0,0
2020-08-27,US,Nebraska,Howard,62,5,0,41.2200529,-98.5166499,31093.0,961.9860356865787,8.064516129032258,57,61,5,0,56,60,6468,1,0,0,1,1
2020-08-27,US,Nebraska,Jefferson,19,0,0,40.17584531,-97.142601,31095.0,269.6565427192733,0.0,19,19,0,0,19,19,7097,0,0,0,0,0
2020-08-27,US,Nebraska,Johnson,22,0,0,40.39257596,-96.26522753,31097.0,433.8394793926248,0.0,22,21,0,0,21,21,5134,1,0,0,1,0
2020-08-27,US,Nebraska,Kearney,105,0,0,40.50663314,-98.94877182,31099.0,1616.6281755196305,0.0,105,101,0,0,101,97,6544,4,0,0,4,4
2020-08-27,US,Nebraska,Keith,47,0,0,41.19930341,-101.66201640000001,31101.0,585.0136918098083,0.0,47,47,0,0,47,47,8021,0,0,0,0,0
2020-08-27,US,Nebraska,Keya Paha,1,0,0,42.87990694,-99.71343729,31103.0,124.06947890818859,0.0,1,1,0,0,1,,810,0,0,0,0,
2020-08-27,US,Nebraska,Kimball,15,0,0,41.19774275,-103.7148131,31105.0,412.9955947136564,0.0,15,15,0,0,15,15,3618,0,0,0,0,0
2020-08-27,US,Nebraska,Knox,60,0,0,42.63758421,-97.89178836,31107.0,720.1152184349496,0.0,60,58,0,0,58,57,8419,2,0,0,2,1
2020-08-27,US,Nebraska,Lancaster,3796,20,0,40.78416049,-96.68777155,31109.0,1189.6330188974898,0.5268703898840885,3776,3720,20,0,3700,3674,317272,76,0,0,76,46
2020-08-27,US,Nebraska,Lincoln,265,2,0,41.04658298,-100.74753740000001,31111.0,759.0078478547287,0.7547169811320755,263,265,2,0,263,257,35185,0,0,0,0,8
2020-08-27,US,Nebraska,Logan,3,0,0,41.56650314,-100.4817851,31113.0,401.06951871657753,0.0,3,3,0,0,3,3,749,0,0,0,0,0
2020-08-27,US,Nebraska,Loup,1,0,0,41.91371961,-99.45440415,31115.0,150.60240963855418,0.0,1,,,,,,618,,,,,
2020-08-27,US,Nebraska,Madison,568,5,0,41.91676024,-97.6005481,31119.0,1618.2797230690333,0.8802816901408451,563,554,5,0,549,552,35392,14,0,0,14,2
2020-08-27,US,Nebraska,McPherson,6,0,0,41.56797682,-101.05993620000001,31117.0,1214.5748987854256,0.0,6,6,0,0,6,6,492,0,0,0,0,0
2020-08-27,US,Nebraska,Merrick,63,1,0,41.16624273,-98.0374887,31121.0,812.3791102514508,1.5873015873015872,62,63,1,0,62,63,7733,0,0,0,0,0
2020-08-27,US,Nebraska,Morrill,64,0,0,41.71711774,-103.0061405,31123.0,1378.7160706591985,0.0,64,64,0,0,64,64,4686,0,0,0,0,0
2020-08-27,US,Nebraska,Nance,11,0,0,41.39750195,-97.99327291,31125.0,312.588803637397,0.0,11,11,0,0,11,11,3532,0,0,0,0,0
2020-08-27,US,Nebraska,Nemaha,75,0,0,40.38514847,-95.85433992,31127.0,1075.7314974182443,0.0,75,71,0,0,71,68,6958,4,0,0,4,3
2020-08-27,US,Nebraska,Nuckolls,9,0,0,40.17637905,-98.04743961,31129.0,216.97203471552555,0.0,9,9,0,0,9,9,4195,0,0,0,0,0
2020-08-27,US,Nebraska,Otoe,105,1,0,40.64843556,-96.13374142,31131.0,655.758181363977,0.9523809523809524,104,100,1,0,99,94,15985,5,0,0,5,6
2020-08-27,US,Nebraska,Pawnee,10,0,0,40.13141096,-96.23705437,31133.0,382.70187523918884,0.0,10,10,0,0,10,10,2632,0,0,0,0,0
2020-08-27,US,Nebraska,Perkins,29,7,0,40.85082525,-101.6502942,31135.0,1003.1131096506399,24.13793103448276,22,29,7,0,22,28,2929,0,0,0,0,1
2020-08-27,US,Nebraska,Phelps,59,0,0,40.51156033,-99.41461667,31137.0,653.0883329643567,0.0,59,56,0,0,56,55,8996,3,0,0,3,1
2020-08-27,US,Nebraska,Pierce,60,2,0,42.26434853,-97.60122773,31139.0,839.3956351426973,3.333333333333333,58,60,2,0,58,57,7142,0,0,0,0,3
2020-08-27,US,Nebraska,Platte,842,3,0,41.57246836,-97.52144359,31141.0,2515.685688676427,0.35629453681710216,839,834,3,0,831,832,33363,8,0,0,8,2
2020-08-27,US,Nebraska,Polk,32,0,0,41.18813488,-97.56630712,31143.0,613.849990408594,0.0,32,32,0,0,32,32,5278,0,0,0,0,0
2020-08-27,US,Nebraska,Red Willow,18,0,0,40.17556879999999,-100.476998,31145.0,167.84781797836632,0.0,18,18,0,0,18,18,10726,0,0,0,0,0
2020-08-27,US,Nebraska,Richardson,31,1,0,40.1247415,-95.71755036,31147.0,394.15130324221235,3.2258064516129035,30,31,1,0,30,30,7937,0,0,0,0,1
2020-08-27,US,Nebraska,Rock,5,0,0,42.42252217,-99.44832069,31149.0,368.45983787767136,0.0,5,5,0,0,5,5,1360,0,0,0,0,0
2020-08-27,US,Nebraska,Saline,627,2,0,40.52418865,-97.14085859,31151.0,4408.042744656917,0.3189792663476874,625,624,2,0,622,620,14350,3,0,0,3,4
2020-08-27,US,Nebraska,Sarpy,2753,15,0,41.11314181,-96.11156432,31153.0,1470.651082288083,0.5448601525608427,2738,2724,15,0,2709,2675,184459,29,0,0,29,49
2020-08-27,US,Nebraska,Saunders,209,2,0,41.227810299999994,-96.63773905,31155.0,968.5791083510983,0.9569377990430622,207,202,2,0,200,196,21303,7,0,0,7,6
2020-08-27,US,Nebraska,Scotts Bluff,351,6,0,41.85070896,-103.70809859999999,31157.0,985.4567915099108,1.709401709401709,345,348,6,0,342,342,35989,3,0,0,3,6
2020-08-27,US,Nebraska,Seward,157,2,0,40.87241834,-97.139673,31159.0,908.3545475584357,1.2738853503184713,155,154,2,0,152,147,17318,3,0,0,3,7
2020-08-27,US,Nebraska,Sheridan,20,0,0,42.50284406,-102.4126613,31161.0,381.2428516965307,0.0,20,20,0,0,20,14,5190,0,0,0,0,6
2020-08-27,US,Nebraska,Sherman,15,1,0,41.22045983,-98.97588642,31163.0,499.8333888703766,6.666666666666668,14,15,1,0,14,15,3038,0,0,0,0,0
2020-08-27,US,Nebraska,Sioux,6,0,0,42.48932059,-103.7576544,31165.0,514.5797598627787,0.0,6,5,0,0,5,5,1187,1,0,0,1,0
2020-08-27,US,Nebraska,Stanton,33,0,0,41.9169835,-97.19394708,31167.0,557.4324324324324,0.0,33,32,0,0,32,32,5970,1,0,0,1,0
2020-08-27,US,Nebraska,Thayer,27,0,0,40.17626377,-97.59504381,31169.0,539.6761942834298,0.0,27,27,0,0,27,27,5039,0,0,0,0,0
2020-08-27,US,Nebraska,Thomas,4,0,0,41.91358968,-100.5556632,31171.0,554.016620498615,0.0,4,4,0,0,4,4,720,0,0,0,0,0
2020-08-27,US,Nebraska,Thurston,218,4,0,42.15725356,-96.54157099,31173.0,3017.718715393134,1.834862385321101,214,217,4,0,213,217,7303,1,0,0,1,0
2020-08-27,US,Nebraska,Unassigned,134,2,0,0.0,0.0,90031.0,0.0,1.492537313432836,132,158,2,0,156,150,,-24,0,0,-24,8
2020-08-27,US,Nebraska,Valley,18,0,0,41.56730777,-98.98197724,31175.0,432.9004329004329,0.0,18,18,0,0,18,18,4190,0,0,0,0,0
2020-08-27,US,Nebraska,Washington,171,1,0,41.52815707,-96.22019892,31177.0,824.9312557286893,0.5847953216374269,170,169,1,0,168,163,20667,2,0,0,2,6
2020-08-27,US,Nebraska,Wayne,48,0,0,42.20934475,-97.11926964,31179.0,511.4544485881726,0.0,48,46,0,0,46,46,9403,2,0,0,2,0
2020-08-27,US,Nebraska,Webster,13,0,0,40.17642643,-98.50019851,31181.0,372.8133065672498,0.0,13,13,0,0,13,13,3533,0,0,0,0,0
2020-08-27,US,Nebraska,Wheeler,1,0,0,41.91482725,-98.52798941,31183.0,127.7139208173691,0.0,1,1,0,0,1,1,805,0,0,0,0,0
2020-08-27,US,Nebraska,York,108,0,0,40.87272618,-97.59710186,31185.0,789.5313984940419,0.0,108,107,0,0,107,104,13772,1,0,0,1,3
2020-08-27,US,Nevada,Carson City,417,8,0,39.15509045,-119.7480219,32510.0,745.7614993919452,1.9184652278177456,409,416,8,0,408,412,55414,1,0,0,1,4
2020-08-27,US,Nevada,Churchill,84,1,0,39.58105744,-118.3394607,32001.0,337.22750812959174,1.1904761904761905,83,84,1,0,83,84,24440,0,0,0,0,0
2020-08-27,US,Nevada,Clark,57756,1099,0,36.21458855,-115.0130241,32003.0,2548.004491080705,1.9028326061361591,56657,57283,1078,0,56205,57131,2231647,473,21,0,452,152
2020-08-27,US,Nevada,Douglas,235,1,0,38.912862,-119.61713329999999,32005.0,480.5234638585012,0.425531914893617,234,233,1,0,232,231,48467,2,0,0,2,2
2020-08-27,US,Nevada,Elko,761,3,0,41.14531606,-115.3577619,32007.0,1441.888665731934,0.3942181340341656,758,735,3,0,732,735,52460,26,0,0,26,0
2020-08-27,US,Nevada,Eureka,5,0,0,39.98100864,-116.26832040000001,32011.0,246.4268112370626,0.0,5,5,0,0,5,5,2003,0,0,0,0,0
2020-08-27,US,Nevada,Humboldt,109,4,0,41.40692186,-118.11094270000001,32013.0,647.6145208246687,3.669724770642202,105,109,4,0,105,109,16786,0,0,0,0,0
2020-08-27,US,Nevada,Lander,59,1,0,39.933223299999995,-117.03970749999999,32015.0,1066.522053506869,1.6949152542372878,58,58,1,0,57,57,5575,1,0,0,1,1
2020-08-27,US,Nevada,Lincoln,6,0,0,37.64268459,-114.8790388,32017.0,115.76307158016591,0.0,6,6,0,0,6,6,5201,0,0,0,0,0
2020-08-27,US,Nevada,Lyon,310,6,0,39.01777974,-119.18704790000001,32019.0,539.0366892714311,1.935483870967742,304,308,6,0,302,303,55808,2,0,0,2,5
2020-08-27,US,Nevada,Mineral,12,0,0,38.53841696,-118.4344506,32021.0,266.37069922308547,0.0,12,12,0,0,12,12,4514,0,0,0,0,0
2020-08-27,US,Nevada,Nye,466,14,0,38.04264256,-116.47227020000001,32023.0,1001.655095329192,3.004291845493562,452,464,14,0,450,463,45346,2,0,0,2,1
2020-08-27,US,Nevada,Pershing,18,0,0,40.44003782,-118.40056409999998,32027.0,267.65799256505574,0.0,18,19,0,0,19,19,6666,-1,0,0,-1,0
2020-08-27,US,Nevada,Storey,6,0,0,39.44875482,-119.5250207,32029.0,145.52510308028138,0.0,6,6,0,0,6,6,4029,0,0,0,0,0
2020-08-27,US,Nevada,Washoe,6951,133,0,40.66562265,-119.6631594,32031.0,1474.1717725054557,1.9133937562940584,6818,6904,133,0,6771,6816,465735,47,0,0,47,88
2020-08-27,US,Nevada,White Pine,25,1,0,39.44157041,-114.89996599999999,32033.0,260.9603340292276,4.0,24,24,1,0,23,24,9475,1,0,0,1,0
2020-08-27,US,New Hampshire,Belknap,123,4,0,43.51637314,-71.41684235,33001.0,200.6427091659462,3.2520325203252027,119,122,4,0,118,122,61022,1,0,0,1,0
2020-08-27,US,New Hampshire,Carroll,104,1,0,43.87498583,-71.20430216,33003.0,212.63545287262318,0.9615384615384616,103,100,1,0,99,100,48779,4,0,0,4,0
2020-08-27,US,New Hampshire,Cheshire,123,3,0,42.92015988,-72.25311043,33005.0,161.66129986199644,2.4390243902439024,120,121,3,0,118,121,76493,2,0,0,2,0
2020-08-27,US,New Hampshire,Coos,18,0,0,44.69063265,-71.30633239,33007.0,57.0287995437696,0.0,18,17,0,0,17,17,31589,1,0,0,1,0
2020-08-27,US,New Hampshire,Grafton,112,1,0,43.93779815,-71.82057197,33009.0,124.60227399150034,0.8928571428571429,111,109,1,0,108,109,89786,3,0,0,3,0
2020-08-27,US,New Hampshire,Hillsborough,4001,285,0,42.91537785,-71.7200253,33011.0,959.4149031832624,7.1232191952012,3716,3987,284,0,3703,3987,415247,14,1,0,13,0
2020-08-27,US,New Hampshire,Merrimack,497,23,0,43.29662971,-71.6811573,33013.0,328.28900000660536,4.627766599597585,474,495,23,0,472,495,151132,2,0,0,2,0
2020-08-27,US,New Hampshire,Rockingham,1787,100,0,42.98499744,-71.12883377,33015.0,576.8814826532029,5.595970900951315,1687,1775,99,0,1676,1775,309176,12,1,0,11,0
2020-08-27,US,New Hampshire,Strafford,379,13,0,43.291833000000004,-71.02336013,33017.0,290.1257722015111,3.430079155672823,366,378,13,0,365,378,130090,1,0,0,1,0
2020-08-27,US,New Hampshire,Sullivan,47,1,0,43.36094111,-72.22203125,33019.0,108.93246187363836,2.127659574468085,46,46,1,0,45,46,43144,1,0,0,1,0
2020-08-27,US,New Hampshire,Unassigned,3,0,0,0.0,0.0,90033.0,0.0,0.0,3,6,0,0,6,6,,-3,0,0,-3,0
2020-08-27,US,New Jersey,Atlantic,3707,251,0,39.47538693,-74.65848483,34001.0,1405.924071756362,6.770973833288371,3456,3703,251,0,3452,3686,265429,4,0,0,4,17
2020-08-27,US,New Jersey,Bergen,21454,2031,0,40.96010917,-74.07164325,34003.0,2301.4325221357603,9.466766104222991,19423,21436,2030,0,19406,21395,936692,18,1,0,17,41
2020-08-27,US,New Jersey,Burlington,6327,481,0,39.87681124,-74.66927768,34005.0,1420.6835537971344,7.60233918128655,5846,6314,481,0,5833,6304,445384,13,0,0,13,10
2020-08-27,US,New Jersey,Camden,9054,588,0,39.80343818,-74.96388753,34007.0,1787.664051841073,6.4943671305500335,8466,9020,585,0,8435,9001,507078,34,3,0,31,19
2020-08-27,US,New Jersey,Cape May,888,92,0,39.15008829,-74.80170244,34009.0,964.8083964406392,10.360360360360358,796,886,92,0,794,882,92560,2,0,0,2,4
2020-08-27,US,New Jersey,Cumberland,3530,155,0,39.37199394,-75.10712559,34011.0,2360.777652196593,4.390934844192635,3375,3523,155,0,3368,3516,150972,7,0,0,7,7
2020-08-27,US,New Jersey,Essex,20219,2110,0,40.78681335,-74.24657979,34013.0,2530.6173534841514,10.435728769968842,18109,20183,2110,0,18073,20159,799767,36,0,0,36,24
2020-08-27,US,New Jersey,Gloucester,3610,219,0,39.71581067,-75.13995546,34015.0,1237.8444362150078,6.066481994459834,3391,3592,219,0,3373,3579,291408,18,0,0,18,13
2020-08-27,US,New Jersey,Hudson,20088,1506,0,40.73766234,-74.07515667,34017.0,2987.547424043451,7.497013142174432,18582,20068,1506,0,18562,20058,676061,20,0,0,20,10
2020-08-27,US,New Jersey,Hunterdon,1206,124,0,40.56335249,-74.91284156,34019.0,969.6794268760402,10.281923714759538,1082,1202,124,0,1078,1197,124714,4,0,0,4,5
2020-08-27,US,New Jersey,Mercer,8303,625,0,40.28047017,-74.70479631,34021.0,2259.7501564923928,7.5273997350355275,7678,8288,625,0,7663,8274,369811,15,0,0,15,14
2020-08-27,US,New Jersey,Middlesex,18361,1417,0,40.43629879,-74.41426991,34023.0,2225.4085147540427,7.7174445836283425,16944,18348,1416,0,16932,18319,829685,13,1,0,12,29
2020-08-27,US,New Jersey,Monmouth,10647,856,0,40.26549699,-74.22240686,34025.0,1720.6021380263253,8.03982342443881,9791,10628,856,0,9772,10607,621354,19,0,0,19,21
2020-08-27,US,New Jersey,Morris,7442,829,0,40.86095313,-74.54553709999998,34027.0,1513.078307190273,11.139478634775598,6613,7442,829,0,6613,7439,494228,0,0,0,0,3
2020-08-27,US,New Jersey,Ocean,11069,1020,0,39.8895449,-74.28089251,34029.0,1822.99987153854,9.214924564097931,10049,11036,1020,0,10016,10997,601651,33,0,0,33,39
2020-08-27,US,New Jersey,Passaic,18249,1245,0,41.03238628,-74.29954144,34031.0,3636.5194310378497,6.8222916324182155,17004,18223,1244,0,16979,18206,503310,26,1,0,25,17
2020-08-27,US,New Jersey,Salem,975,88,0,39.58719656,-75.34696629999998,34033.0,1562.8756912719407,9.025641025641026,887,966,88,0,878,960,62607,9,0,0,9,6
2020-08-27,US,New Jersey,Somerset,5373,566,0,40.56465737,-74.61683016,34035.0,1633.4583837487155,10.534152242694958,4807,5364,565,0,4799,5358,331164,9,1,0,8,6
2020-08-27,US,New Jersey,Sussex,1383,197,0,41.13891592,-74.69118243,34037.0,984.4257160753945,14.244396240057846,1186,1380,197,0,1183,1380,140799,3,0,0,3,0
2020-08-27,US,New Jersey,Unassigned,301,0,0,0.0,0.0,90034.0,0.0,0.0,301,297,0,0,297,310,,4,0,0,4,-13
2020-08-27,US,New Jersey,Union,17040,1350,0,40.65835409,-74.30680092,34039.0,3062.86971479722,7.922535211267606,15690,17023,1350,0,15673,17010,558067,17,0,0,17,13
2020-08-27,US,New Jersey,Warren,1387,171,0,40.85951833,-74.99556527,34041.0,1317.6019075303752,12.32876712328767,1216,1384,171,0,1213,1384,105779,3,0,0,3,0
2020-08-27,US,New Mexico,Bernalillo,5721,152,0,35.05163625,-106.6703554,35001.0,842.4124714152559,2.6568781681524207,5569,5668,150,0,5518,5633,678701,53,2,0,51,35
2020-08-27,US,New Mexico,Catron,5,1,0,33.91514144,-108.4046587,35003.0,141.7635384179189,20.0,4,5,1,0,4,5,3578,0,0,0,0,0
2020-08-27,US,New Mexico,Chaves,663,6,0,33.36406072,-104.4665365,35005.0,1026.0775361758108,0.9049773755656108,657,647,6,0,641,627,64689,16,0,0,16,20
2020-08-27,US,New Mexico,Cibola,396,20,0,34.91131525,-107.998876,35006.0,1484.5360824742268,5.05050505050505,376,396,19,0,377,393,26746,0,1,0,-1,3
2020-08-27,US,New Mexico,Colfax,19,1,0,36.60569702,-104.64726740000002,35007.0,159.11565195544762,5.2631578947368425,18,19,1,0,18,19,12110,0,0,0,0,0
2020-08-27,US,New Mexico,Curry,655,3,0,34.57421077,-103.34688759999999,35009.0,1337.9907668423418,0.4580152671755725,652,650,3,0,647,645,49437,5,0,0,5,5
2020-08-27,US,New Mexico,Dona Ana,2772,41,0,32.35275771,-106.83293870000001,35013.0,1270.4232452622655,1.479076479076479,2731,2752,40,0,2712,2733,217522,20,1,0,19,19
2020-08-27,US,New Mexico,Eddy,466,5,0,32.47167456,-104.3053527,35015.0,797.1262401642149,1.072961373390558,461,457,5,0,452,433,57900,9,0,0,9,24
2020-08-27,US,New Mexico,Grant,78,2,0,32.73911281,-108.3827845,35017.0,288.9102896510853,2.5641025641025643,76,76,2,0,74,76,27346,2,0,0,2,0
2020-08-27,US,New Mexico,Guadalupe,32,1,0,34.86319296,-104.790669,35019.0,744.1860465116278,3.125,31,32,1,0,31,33,4341,0,0,0,0,-1
2020-08-27,US,New Mexico,Harding,2,0,0,35.85751555,-103.82209379999999,35021.0,320.0,0.0,2,2,0,0,2,2,655,0,0,0,0,0
2020-08-27,US,New Mexico,Hidalgo,97,1,0,31.91383467,-108.7151824,35023.0,2310.624106717485,1.0309278350515465,96,93,1,0,92,93,4240,4,0,0,4,0
2020-08-27,US,New Mexico,Lea,1084,10,0,32.79215361,-103.4123733,35025.0,1525.2567890811874,0.922509225092251,1074,1076,9,0,1067,1048,69611,8,1,0,7,28
2020-08-27,US,New Mexico,Lincoln,166,2,0,33.74526079,-105.4586166,35027.0,848.1504189658696,1.2048192771084338,164,164,2,0,162,164,19556,2,0,0,2,0
2020-08-27,US,New Mexico,Los Alamos,25,0,0,35.86631386,-106.31349850000001,35028.0,129.07222881924721,0.0,25,24,0,0,24,24,19101,1,0,0,1,0
2020-08-27,US,New Mexico,Luna,307,5,0,32.18179341,-107.75088259999998,35029.0,1294.8669281707366,1.6286644951140066,302,275,5,0,270,273,23963,32,0,0,32,2
2020-08-27,US,New Mexico,McKinley,4170,242,0,35.58007720000001,-108.262245,35031.0,5843.036697633361,5.803357314148681,3928,4167,241,0,3926,4164,72290,3,1,0,2,3
2020-08-27,US,New Mexico,Mora,6,0,0,36.01095101,-104.9497716,35033.0,132.71400132713998,0.0,6,6,0,0,6,6,4506,0,0,0,0,0
2020-08-27,US,New Mexico,Otero,218,11,0,32.61348406,-105.7417604,35035.0,323.010816417247,5.045871559633029,207,218,11,0,207,217,66781,0,0,0,0,1
2020-08-27,US,New Mexico,Quay,60,1,0,35.10403332,-103.54817270000001,35037.0,727.0083605961469,1.6666666666666667,59,60,1,0,59,60,8253,0,0,0,0,0
2020-08-27,US,New Mexico,Rio Arriba,353,12,0,36.51072137,-106.69316740000001,35039.0,906.9653914339302,3.39943342776204,341,352,11,0,341,349,39006,1,1,0,0,3
2020-08-27,US,New Mexico,Roosevelt,195,1,0,34.02097406,-103.4799493,35041.0,1054.054054054054,0.5128205128205128,194,194,1,0,193,191,18743,1,0,0,1,3
2020-08-27,US,New Mexico,San Juan,3167,190,0,36.50838318,-108.32043700000001,35045.0,2554.897626615467,5.9993684875276285,2977,3162,189,0,2973,3158,125043,5,1,0,4,4
2020-08-27,US,New Mexico,San Miguel,77,0,0,35.48014807,-104.8163562,35047.0,282.28910803974037,0.0,77,75,0,0,75,67,27591,2,0,0,2,8
2020-08-27,US,New Mexico,Sandoval,1234,37,0,35.68862401,-106.86878030000001,35043.0,840.8973205767711,2.9983792544570504,1197,1230,37,0,1193,1202,145179,4,0,0,4,28
2020-08-27,US,New Mexico,Santa Fe,806,4,0,35.50708973,-105.9774716,35049.0,536.0539512363825,0.4962779156327544,802,791,3,0,788,785,150056,15,1,0,14,6
2020-08-27,US,New Mexico,Sierra,37,1,0,33.13028233,-107.1925893,35051.0,342.87832452970065,2.702702702702702,36,37,1,0,36,37,10968,0,0,0,0,0
2020-08-27,US,New Mexico,Socorro,77,6,0,34.00715494,-106.9298354,35053.0,462.8238264110117,7.792207792207793,71,77,6,0,71,76,16735,0,0,0,0,1
2020-08-27,US,New Mexico,Taos,116,2,0,36.58006022,-105.63101979999999,35055.0,354.4907251780093,1.7241379310344829,114,116,2,0,114,116,32835,0,0,0,0,0
2020-08-27,US,New Mexico,Torrance,63,1,0,34.64048375,-105.8508949,35057.0,407.4768773041847,1.5873015873015872,62,63,1,0,62,63,15591,0,0,0,0,0
2020-08-27,US,New Mexico,Unassigned,1318,0,0,0.0,0.0,90035.0,0.0,0.0,1318,1318,0,0,1318,1389,,0,0,0,0,-71
2020-08-27,US,New Mexico,Union,31,2,0,36.48126404,-103.4709624,35059.0,763.7349100763735,6.451612903225807,29,31,2,0,29,31,4118,0,0,0,0,0
2020-08-27,US,New Mexico,Valencia,504,4,0,34.71669834,-106.8103733,35061.0,657.2084289588984,0.7936507936507936,500,499,4,0,495,494,76456,5,0,0,5,5
2020-08-27,US,New York,Albany,2736,131,0,42.60060306,-73.97723916,36001.0,895.563425922895,4.788011695906434,2605,2718,131,0,2587,2711,307117,18,0,0,18,7
2020-08-27,US,New York,Allegany,87,1,0,42.25748406,-78.02750466,36003.0,188.7570241478814,1.1494252873563218,86,86,1,0,85,86,46430,1,0,0,1,0
2020-08-27,US,New York,Broome,1274,69,0,42.15903158,-75.81326086,36007.0,668.8085338709,5.416012558869702,1205,1268,69,0,1199,1256,191659,6,0,0,6,12
2020-08-27,US,New York,Cattaraugus,188,6,0,42.24778241,-78.67923096,36009.0,246.98818923499348,3.191489361702128,182,185,6,0,179,184,76840,3,0,0,3,1
2020-08-27,US,New York,Cayuga,176,2,0,42.91261714,-76.55731592,36011.0,229.83702465524448,1.1363636363636365,174,175,2,0,173,174,77145,1,0,0,1,1
2020-08-27,US,New York,Chautauqua,340,9,0,42.22769210000001,-79.36691763,36013.0,267.9211681362931,2.647058823529412,331,310,9,0,301,305,127939,30,0,0,30,5
2020-08-27,US,New York,Chemung,194,3,0,42.13891056,-76.7638805,36015.0,232.45782208588957,1.5463917525773196,191,194,3,0,191,194,84254,0,0,0,0,0
2020-08-27,US,New York,Chenango,224,7,0,42.49430041,-75.60887553,36017.0,474.50589954879575,3.125,217,223,7,0,216,223,47536,1,0,0,1,0
2020-08-27,US,New York,Clinton,148,5,0,44.74530905,-73.67875352,36019.0,183.8851959992545,3.3783783783783785,143,147,5,0,142,146,80695,1,0,0,1,1
2020-08-27,US,New York,Columbia,568,37,0,42.24819348,-73.63089095,36021.0,955.2479776660333,6.514084507042254,531,564,37,0,527,564,59916,4,0,0,4,0
2020-08-27,US,New York,Cortland,98,0,0,42.59509207,-76.07048931,36023.0,205.9645656879847,0.0,98,98,0,0,98,98,47823,0,0,0,0,0
2020-08-27,US,New York,Delaware,110,4,0,42.19837623,-74.96709306,36025.0,249.23530078169253,3.636363636363636,106,109,4,0,105,109,44527,1,0,0,1,0
2020-08-27,US,New York,Dutchess,4815,153,0,41.76486060000001,-73.74356679,36027.0,1636.541612001985,3.177570093457944,4662,4798,153,0,4645,4790,293718,17,0,0,17,8
2020-08-27,US,New York,Erie,9668,676,0,42.76249024,-78.73063652,36029.0,1052.354299870905,6.992139015308234,8992,9589,676,0,8913,9546,919719,79,0,0,79,43
2020-08-27,US,New York,Essex,119,0,0,44.11630765,-73.77297842,36031.0,322.62437305137587,0.0,119,105,0,0,105,101,37300,14,0,0,14,4
2020-08-27,US,New York,Franklin,58,0,0,44.59040891,-74.29926032,36033.0,115.94898244772301,0.0,58,57,0,0,57,56,50293,1,0,0,1,1
2020-08-27,US,New York,Fulton,310,24,0,43.11363907,-74.41798804,36035.0,580.7092145439558,7.741935483870968,286,309,24,0,285,309,53591,1,0,0,1,0
2020-08-27,US,New York,Genesee,292,5,0,43.0022601,-78.19135193,36037.0,509.7765363128492,1.7123287671232876,287,292,5,0,287,291,57511,0,0,0,0,1
2020-08-27,US,New York,Greene,306,18,0,42.275797,-74.12384884,36039.0,648.4699499872847,5.882352941176472,288,306,18,0,288,305,47491,0,0,0,0,1
2020-08-27,US,New York,Hamilton,13,0,0,43.66146647,-74.49721957,36041.0,294.3840579710145,0.0,13,13,0,0,13,13,4434,0,0,0,0,0
2020-08-27,US,New York,Herkimer,294,4,0,43.42034246,-74.96145307,36043.0,479.4598737748496,1.3605442176870748,290,292,4,0,288,290,61833,2,0,0,2,2
2020-08-27,US,New York,Jefferson,148,0,0,44.04200959,-75.94653457,36045.0,134.74880273867836,0.0,148,146,0,0,146,146,111755,2,0,0,2,0
2020-08-27,US,New York,Lewis,48,0,0,43.784415700000004,-75.44903992,36049.0,182.5372680255552,0.0,48,48,0,0,48,47,26447,0,0,0,0,1
2020-08-27,US,New York,Livingston,181,8,0,42.72596275,-77.77966158,36051.0,287.6943128715389,4.419889502762431,173,181,8,0,173,181,63227,0,0,0,0,0
2020-08-27,US,New York,Madison,439,17,0,42.91653905,-75.67266639,36053.0,618.8240932605968,3.87243735763098,422,435,17,0,418,434,70795,4,0,0,4,1
2020-08-27,US,New York,Monroe,5385,289,0,43.14638895,-77.69322942,36055.0,725.9662698680182,5.366759517177345,5096,5364,289,0,5075,5348,742474,21,0,0,21,16
2020-08-27,US,New York,Montgomery,198,4,0,42.90123494,-74.44011632,36057.0,402.2673249222893,2.0202020202020203,194,197,4,0,193,196,49455,1,0,0,1,1
2020-08-27,US,New York,Nassau,44450,2196,0,40.74066522,-73.58941873,36059.0,3275.791422364112,4.940382452193477,42254,44403,2196,0,42207,44348,1358343,47,0,0,47,55
2020-08-27,US,New York,New York City,233140,23674,0,40.76727260000001,-73.97152637,36061.0,2796.5109465638984,10.154413657030108,209466,232825,23669,0,209156,232565,1628701,315,5,0,310,260
2020-08-27,US,New York,Niagara,1595,101,0,43.19898042,-78.74777412,36063.0,762.133208461351,6.332288401253918,1494,1590,101,0,1489,1586,210433,5,0,0,5,4
2020-08-27,US,New York,Oneida,2264,120,0,43.24375382,-75.43710392,36065.0,990.0687013219867,5.300353356890461,2144,2259,120,0,2139,2256,229577,5,0,0,5,3
2020-08-27,US,New York,Onondaga,3832,204,0,43.00491923,-76.19971155,36067.0,832.0883855053329,5.323590814196242,3628,3801,204,0,3597,3792,461809,31,0,0,31,9
2020-08-27,US,New York,Ontario,384,35,0,42.85145728,-77.30874425,36069.0,349.8000491906318,9.114583333333334,349,381,35,0,346,381,109864,3,0,0,3,0
2020-08-27,US,New York,Orange,11382,494,0,41.40337468,-74.30240757,36071.0,2956.8244401724946,4.340186259005447,10888,11366,494,0,10872,11354,381951,16,0,0,16,12
2020-08-27,US,New York,Orleans,305,54,0,43.2516977,-78.2320066,36073.0,755.8485329103886,17.704918032786885,251,305,54,0,251,304,40612,0,0,0,0,1
2020-08-27,US,New York,Oswego,287,3,0,43.42778894,-76.14635194,36075.0,245.0394453741334,1.0452961672473868,284,286,3,0,283,285,117898,1,0,0,1,1
2020-08-27,US,New York,Otsego,124,5,0,42.63492579,-75.03151402,36077.0,208.4278822718639,4.032258064516129,119,124,5,0,119,124,59749,0,0,0,0,0
2020-08-27,US,New York,Putnam,1487,63,0,41.42630093,-73.74965532,36079.0,1512.4084621643613,4.236718224613315,1424,1482,63,0,1419,1480,98892,5,0,0,5,2
2020-08-27,US,New York,Rensselaer,823,40,0,42.71348136,-73.51089874,36083.0,518.5427876557834,4.860267314702309,783,822,40,0,782,819,159442,1,0,0,1,3
2020-08-27,US,New York,Rockland,14183,674,0,41.15027894,-74.02560498,36087.0,4353.431208542953,4.752168088556722,13509,14161,674,0,13487,14149,325695,22,0,0,22,12
2020-08-27,US,New York,Saratoga,829,17,0,43.10904162,-73.86653895,36091.0,360.64960432953535,2.0506634499396865,812,824,17,0,807,824,230163,5,0,0,5,0
2020-08-27,US,New York,Schenectady,1231,44,0,42.81668777,-74.05278291,36093.0,792.6644730487642,3.5743298131600323,1187,1211,44,0,1167,1206,155350,20,0,0,20,5
2020-08-27,US,New York,Schoharie,69,0,0,42.58831742,-74.44339029999998,36095.0,222.58782541372295,0.0,69,69,0,0,69,69,31097,0,0,0,0,0
2020-08-27,US,New York,Schuyler,24,0,0,42.39184015,-76.8773299,36097.0,134.77845790981078,0.0,24,24,0,0,24,24,17912,0,0,0,0,0
2020-08-27,US,New York,Seneca,98,3,0,42.78081007,-76.82497064,36099.0,288.0997177798684,3.0612244897959178,95,98,3,0,95,96,34300,0,0,0,0,2
2020-08-27,US,New York,St. Lawrence,269,4,0,44.4976179,-75.06550039,36089.0,249.67514386485985,1.4869888475836432,265,267,4,0,263,267,108047,2,0,0,2,0
2020-08-27,US,New York,Steuben,311,42,0,42.2689144,-77.3829924,36101.0,326.0675830109353,13.504823151125402,269,310,42,0,268,310,95796,1,0,0,1,0
2020-08-27,US,New York,Suffolk,44641,2001,0,40.88320119,-72.8012172,36103.0,3023.2269922612813,4.482426468941108,42640,44605,2001,0,42604,44561,1481093,36,0,0,36,44
2020-08-27,US,New York,Sullivan,1506,48,0,41.71579493,-74.76394559,36105.0,1996.500159083678,3.187250996015936,1458,1499,48,0,1451,1499,75498,7,0,0,7,0
2020-08-27,US,New York,Tioga,206,25,0,42.16852837,-76.30835812,36107.0,427.35929299006284,12.135922330097088,181,206,25,0,181,206,48560,0,0,0,0,0
2020-08-27,US,New York,Tompkins,249,0,0,42.44945765,-76.47229843,36109.0,243.68761009982384,0.0,249,248,0,0,248,245,102793,1,0,0,1,3
2020-08-27,US,New York,Ulster,2152,94,0,41.89027881,-74.26252104,36111.0,1211.8959526504593,4.368029739776952,2058,2141,94,0,2047,2137,178599,11,0,0,11,4
2020-08-27,US,New York,Warren,318,33,0,43.56173026,-73.8433699,36113.0,497.31014637808084,10.377358490566039,285,316,33,0,283,316,64265,2,0,0,2,0
2020-08-27,US,New York,Washington,266,14,0,43.31153794,-73.43043448,36115.0,434.6121168551075,5.2631578947368425,252,266,14,0,252,266,61197,0,0,0,0,0
2020-08-27,US,New York,Wayne,279,5,0,43.15494365,-77.02976528,36117.0,310.2827020173936,1.7921146953405018,274,277,5,0,272,275,90064,2,0,0,2,2
2020-08-27,US,New York,Westchester,36825,1449,0,41.16278376,-73.75741653,36119.0,3806.177946183279,3.9348268839103864,35376,36780,1449,0,35331,36742,967612,45,0,0,45,38
2020-08-27,US,New York,Wyoming,125,5,0,42.70145109,-78.22199579,36121.0,313.6054592438345,4.0,120,125,5,0,120,125,40085,0,0,0,0,0
2020-08-27,US,New York,Yates,60,7,0,42.63505484,-77.10369919,36123.0,240.83811664592784,11.666666666666664,53,60,7,0,53,60,24841,0,0,0,0,0
2020-08-27,US,North Carolina,Alamance,3012,44,0,36.0434701,-79.39976137,37001.0,1776.8968019397198,1.4608233731739708,2968,2955,44,0,2911,2931,166436,57,0,0,57,24
2020-08-27,US,North Carolina,Alexander,383,2,0,35.922379600000006,-81.17751948,37003.0,1021.4150465370562,0.5221932114882507,381,378,2,0,376,374,37353,5,0,0,5,4
2020-08-27,US,North Carolina,Alleghany,195,0,0,36.49360862,-81.12857041,37005.0,1750.9203555715185,0.0,195,193,0,0,193,193,11161,2,0,0,2,0
2020-08-27,US,North Carolina,Anson,429,3,0,34.97403241,-80.09953279,37007.0,1754.8883252883911,0.6993006993006993,426,421,3,0,418,415,24877,8,0,0,8,6
2020-08-27,US,North Carolina,Ashe,190,1,0,36.43296207,-81.49862729,37009.0,698.4523765761128,0.5263157894736842,189,187,1,0,186,185,27109,3,0,0,3,2
2020-08-27,US,North Carolina,Avery,127,0,0,36.07569796,-81.92308483,37011.0,723.3582047046762,0.0,127,121,0,0,121,120,17505,6,0,0,6,1
2020-08-27,US,North Carolina,Beaufort,524,9,0,35.48531943,-76.84325809,37013.0,1115.0359620377071,1.717557251908397,515,512,9,0,503,507,47079,12,0,0,12,5
2020-08-27,US,North Carolina,Bertie,385,5,0,36.0688473,-76.96545943,37015.0,2031.9839552435744,1.2987012987012987,380,372,5,0,367,367,19026,13,0,0,13,5
2020-08-27,US,North Carolina,Bladen,689,9,0,34.61296243,-78.56180059,37017.0,2105.617016074812,1.3062409288824384,680,684,9,0,675,680,33190,5,0,0,5,4
2020-08-27,US,North Carolina,Brunswick,1372,24,0,34.070565,-78.22814204,37019.0,960.6497689399243,1.749271137026239,1348,1365,24,0,1341,1361,136744,7,0,0,7,4
2020-08-27,US,North Carolina,Buncombe,2347,67,0,35.61113393,-82.53305,37021.0,898.5761377689122,2.8547081380485726,2280,2314,67,0,2247,2305,259103,33,0,0,33,9
2020-08-27,US,North Carolina,Burke,1816,28,0,35.74989637,-81.70755735,37023.0,2006.9624799690562,1.5418502202643172,1788,1817,28,0,1789,1804,90382,-1,0,0,-1,13
2020-08-27,US,North Carolina,Cabarrus,3069,52,0,35.3877799,-80.55267168,37025.0,1417.8597663234052,1.6943629846855652,3017,3029,51,0,2978,3014,211342,40,1,0,39,15
2020-08-27,US,North Carolina,Caldwell,1393,14,0,35.95204977,-81.54799522,37027.0,1695.100878580642,1.0050251256281406,1379,1369,14,0,1355,1362,82029,24,0,0,24,7
2020-08-27,US,North Carolina,Camden,92,3,0,36.33804939,-76.15568396,37029.0,846.5997975522223,3.260869565217391,89,89,3,0,86,89,10710,3,0,0,3,0
2020-08-27,US,North Carolina,Carteret,460,5,0,34.8932941,-76.54120135,37031.0,662.1277330761593,1.0869565217391304,455,446,5,0,441,445,69524,14,0,0,14,1
2020-08-27,US,North Carolina,Caswell,235,2,0,36.39312665,-79.33353281,37033.0,1039.6390019465582,0.851063829787234,233,225,2,0,223,222,22698,10,0,0,10,3
2020-08-27,US,North Carolina,Catawba,2512,43,0,35.66211129,-81.2132617,37035.0,1574.418211104913,1.711783439490446,2469,2483,42,0,2441,2473,158652,29,1,0,28,10
2020-08-27,US,North Carolina,Chatham,1452,56,0,35.70394416,-79.25541492,37037.0,1949.778434268833,3.8567493112947657,1396,1443,56,0,1387,1435,73139,9,0,0,9,8
2020-08-27,US,North Carolina,Cherokee,382,5,0,35.1349263,-84.05970864,37039.0,1335.1041521040122,1.3089005235602094,377,376,5,0,371,372,28383,6,0,0,6,4
2020-08-27,US,North Carolina,Chowan,199,2,0,36.12908077,-76.60118385,37041.0,1427.239475005379,1.0050251256281406,197,193,2,0,191,187,14029,6,0,0,6,6
2020-08-27,US,North Carolina,Clay,86,1,0,35.05704275,-83.74353633,37043.0,765.7376903214317,1.162790697674419,85,83,1,0,82,83,11139,3,0,0,3,0
2020-08-27,US,North Carolina,Cleveland,1537,32,0,35.33553364,-81.55204486,37045.0,1569.2160045739022,2.081977878985036,1505,1509,30,0,1479,1499,97645,28,2,0,26,10
2020-08-27,US,North Carolina,Columbus,1067,51,0,34.26744084,-78.65801424,37047.0,1922.2454420984368,4.779756326148079,1016,1058,51,0,1007,1054,55655,9,0,0,9,4
2020-08-27,US,North Carolina,Craven,884,26,0,35.11833364,-77.08398081,37049.0,865.4872281890366,2.9411764705882355,858,881,26,0,855,879,102912,3,0,0,3,2
2020-08-27,US,North Carolina,Cumberland,3914,65,0,35.04762133,-78.82623165,37051.0,1166.5856951676408,1.660705160960654,3849,3861,65,0,3796,3805,332330,53,0,0,53,56
2020-08-27,US,North Carolina,Currituck,94,0,0,36.36123664,-75.95876401,37053.0,338.5801246263012,0.0,94,91,0,0,91,90,27072,3,0,0,3,1
2020-08-27,US,North Carolina,Dare,239,2,0,35.66520691,-75.71767334,37055.0,645.7888621686617,0.8368200836820083,237,236,2,0,234,233,36501,3,0,0,3,3
2020-08-27,US,North Carolina,Davidson,2106,32,0,35.79115496,-80.21256572,37057.0,1256.4957729000232,1.5194681861348531,2074,2080,32,0,2048,2060,166614,26,0,0,26,20
2020-08-27,US,North Carolina,Davie,465,6,0,35.93099927,-80.54496571,37059.0,1085.2821733650749,1.2903225806451613,459,463,6,0,457,464,42733,2,0,0,2,-1
2020-08-27,US,North Carolina,Duplin,2065,50,0,34.93449805,-77.93140529,37061.0,3515.432151308285,2.4213075060532687,2015,2061,49,0,2012,2060,58856,4,1,0,3,1
2020-08-27,US,North Carolina,Durham,6753,83,0,36.03638492,-78.87608331,37063.0,2100.5449659085252,1.2290833703539168,6670,6699,82,0,6617,6650,316739,54,1,0,53,49
2020-08-27,US,North Carolina,Edgecombe,891,19,0,35.91230639,-77.59436892,37065.0,1731.038234379857,2.132435465768799,872,871,17,0,854,857,52005,20,2,0,18,14
2020-08-27,US,North Carolina,Forsyth,5984,70,0,36.12859861,-80.25459052,37067.0,1565.2833544775629,1.1697860962566844,5914,5952,70,0,5882,5915,379099,32,0,0,32,37
2020-08-27,US,North Carolina,Franklin,1008,28,0,36.081519,-78.28708884,37069.0,1446.5092918131593,2.7777777777777777,980,996,28,0,968,984,67560,12,0,0,12,12
2020-08-27,US,North Carolina,Gaston,3946,63,0,35.29373559,-81.17477045,37071.0,1757.456720512718,1.5965534718702483,3883,3910,62,0,3848,3877,222846,36,1,0,35,33
2020-08-27,US,North Carolina,Gates,76,2,0,36.44667547,-76.69749701,37073.0,657.3257221933923,2.631578947368421,74,75,2,0,73,74,11573,1,0,0,1,1
2020-08-27,US,North Carolina,Graham,51,0,0,35.3506925,-83.83369267,37075.0,604.1938158985903,0.0,51,50,0,0,50,50,8484,1,0,0,1,0
2020-08-27,US,North Carolina,Granville,1490,41,0,36.30337451,-78.65184241,37077.0,2465.132438826663,2.7516778523489935,1449,1468,40,0,1428,1448,60115,22,1,0,21,20
2020-08-27,US,North Carolina,Greene,384,3,0,35.48544173,-77.67578087,37079.0,1822.5829417627795,0.78125,381,378,3,0,375,375,21012,6,0,0,6,3
2020-08-27,US,North Carolina,Guilford,6572,168,0,36.07959451,-79.78824948,37081.0,1223.4397048256246,2.556299452221546,6404,6518,166,0,6352,6479,533670,54,2,0,52,39
2020-08-27,US,North Carolina,Halifax,841,10,0,36.25669272,-77.6556109,37083.0,1681.6636672665466,1.1890606420927468,831,836,10,0,826,830,50574,5,0,0,5,6
2020-08-27,US,North Carolina,Harnett,1566,45,0,35.36731853,-78.87243571,37085.0,1151.6738247926105,2.8735632183908044,1521,1531,45,0,1486,1521,134214,35,0,0,35,10
2020-08-27,US,North Carolina,Haywood,493,25,0,35.55269063,-82.98196486,37087.0,791.1163887863664,5.0709939148073016,468,491,25,0,466,491,61971,2,0,0,2,0
2020-08-27,US,North Carolina,Henderson,1674,60,0,35.33788927,-82.4766782,37089.0,1425.6879327524975,3.584229390681004,1614,1667,59,0,1608,1661,116748,7,1,0,6,6
2020-08-27,US,North Carolina,Hertford,491,14,0,36.3607755,-76.98104134,37091.0,2073.742450479368,2.8513238289205702,477,486,14,0,472,481,23659,5,0,0,5,5
2020-08-27,US,North Carolina,Hoke,853,12,0,35.01888303,-79.23651674,37093.0,1544.3386320020277,1.4067995310668229,841,842,12,0,830,839,54764,11,0,0,11,3
2020-08-27,US,North Carolina,Hyde,89,0,0,35.42017674,-76.15180542,37095.0,1802.7141989062186,0.0,89,85,0,0,85,80,5230,4,0,0,4,5
2020-08-27,US,North Carolina,Iredell,2271,19,0,35.80950511,-80.8743128,37097.0,1249.1336919573614,0.8366358432408629,2252,2239,18,0,2221,2230,178435,32,1,0,31,9
2020-08-27,US,North Carolina,Jackson,476,7,0,35.28814273,-83.14093385,37099.0,1083.3447130046884,1.4705882352941178,469,473,7,0,466,472,43327,3,0,0,3,1
2020-08-27,US,North Carolina,Johnston,3717,50,0,35.51745004,-78.36622717,37101.0,1775.5888773711538,1.3451708366962605,3667,3664,49,0,3615,3645,202675,53,1,0,52,19
2020-08-27,US,North Carolina,Jones,128,6,0,35.02254606,-77.35870791,37103.0,1358.9553031107334,4.6875,122,128,6,0,122,126,9637,0,0,0,0,2
2020-08-27,US,North Carolina,Lee,1403,12,0,35.47623147,-79.17569362,37105.0,2270.998235646417,0.8553100498930862,1391,1391,12,0,1379,1390,61452,12,0,0,12,1
2020-08-27,US,North Carolina,Lenoir,752,12,0,35.24032589999999,-77.64245615,37107.0,1344.0812168224636,1.5957446808510638,740,741,12,0,729,735,55976,11,0,0,11,6
2020-08-27,US,North Carolina,Lincoln,1066,10,0,35.48508185,-81.21740317,37109.0,1237.937081209137,0.9380863039399624,1056,1049,10,0,1039,1041,83770,17,0,0,17,8
2020-08-27,US,North Carolina,Macon,529,2,0,35.14867843,-83.41696617,37113.0,1475.2635395169837,0.3780718336483932,527,521,2,0,519,520,35285,8,0,0,8,1
2020-08-27,US,North Carolina,Madison,62,1,0,35.85402722,-82.71346418,37115.0,284.99195587221334,1.6129032258064515,61,58,1,0,57,58,21763,4,0,0,4,0
2020-08-27,US,North Carolina,Martin,323,7,0,35.84326734,-77.10860251,37117.0,1439.3939393939395,2.1671826625387,316,318,7,0,311,316,22671,5,0,0,5,2
2020-08-27,US,North Carolina,McDowell,767,24,0,35.67736232,-82.0482425,37111.0,1676.2828918611767,3.1290743155149934,743,762,24,0,738,757,45507,5,0,0,5,5
2020-08-27,US,North Carolina,Mecklenburg,24744,284,0,35.24469268,-80.8317671,37119.0,2228.4744712506617,1.1477529906239896,24460,24545,283,0,24262,24408,1093901,199,1,0,198,137
2020-08-27,US,North Carolina,Mitchell,89,3,0,36.01059309,-82.1582442,37121.0,594.7607591553061,3.3707865168539324,86,89,3,0,86,90,15000,0,0,0,0,-1
2020-08-27,US,North Carolina,Montgomery,840,17,0,35.33155144,-79.90416657,37123.0,3091.3038678099583,2.023809523809524,823,824,17,0,807,804,27271,16,0,0,16,20
2020-08-27,US,North Carolina,Moore,1251,21,0,35.30885257,-79.48474178,37125.0,1240.0872323552735,1.6786570743405276,1230,1230,21,0,1209,1225,98682,21,0,0,21,5
2020-08-27,US,North Carolina,Nash,1547,21,0,35.96575634,-77.98422508,37127.0,1640.543807928058,1.3574660633484164,1526,1518,21,0,1497,1507,94016,29,0,0,29,11
2020-08-27,US,North Carolina,New Hanover,2903,21,0,34.25758282,-77.87075626,37129.0,1238.0956442746076,0.7233895969686531,2882,2884,21,0,2863,2865,232274,19,0,0,19,19
2020-08-27,US,North Carolina,Northampton,335,17,0,36.41736238,-77.39769443,37131.0,1719.447723656521,5.074626865671642,318,333,17,0,316,332,19676,2,0,0,2,1
2020-08-27,US,North Carolina,Onslow,1421,14,0,34.72607366,-77.42908179,37133.0,717.9015651365579,0.9852216748768472,1407,1403,14,0,1389,1391,197683,18,0,0,18,12
2020-08-27,US,North Carolina,Orange,2143,50,0,36.06092947,-79.12167935,37135.0,1443.3309086990494,2.3331777881474567,2093,2090,50,0,2040,2025,146027,53,0,0,53,65
2020-08-27,US,North Carolina,Pamlico,96,2,0,35.15253315,-76.66559823,37137.0,754.3611504007544,2.083333333333333,94,92,2,0,90,91,12670,4,0,0,4,1
2020-08-27,US,North Carolina,Pasquotank,523,23,0,36.26723798,-76.25134778,37139.0,1313.2784250703094,4.397705544933078,500,515,23,0,492,512,39639,8,0,0,8,3
2020-08-27,US,North Carolina,Pender,752,4,0,34.52265624,-77.90352133,37141.0,1192.5150650174435,0.5319148936170213,748,743,4,0,739,738,62162,9,0,0,9,5
2020-08-27,US,North Carolina,Perquimans,120,2,0,36.17847453,-76.40603143,37143.0,891.331798261903,1.6666666666666667,118,112,2,0,110,111,13422,8,0,0,8,1
2020-08-27,US,North Carolina,Person,302,3,0,36.38989032,-78.97217358,37145.0,764.7505697644972,0.9933774834437086,299,298,2,0,296,282,39507,4,1,0,3,16
2020-08-27,US,North Carolina,Pitt,3088,17,0,35.59535426,-77.37353178,37147.0,1708.5126865919376,0.5505181347150259,3071,2934,15,0,2919,2855,179914,154,2,0,152,79
2020-08-27,US,North Carolina,Polk,217,6,0,35.27820615,-82.16812354,37149.0,1047.09515537541,2.7649769585253456,211,214,6,0,208,210,20611,3,0,0,3,4
2020-08-27,US,North Carolina,Randolph,2370,43,0,35.71015088,-79.80570339,37151.0,1649.6481446678781,1.8143459915611813,2327,2346,43,0,2303,2332,143351,24,0,0,24,14
2020-08-27,US,North Carolina,Richmond,643,9,0,35.00417719,-79.74491009,37153.0,1434.3393785272924,1.3996889580093312,634,628,9,0,619,622,44887,15,0,0,15,6
2020-08-27,US,North Carolina,Robeson,3368,59,0,34.64244496,-79.10250529999998,37155.0,2578.373205741627,1.7517814726840857,3309,3303,59,0,3244,3250,131831,65,0,0,65,53
2020-08-27,US,North Carolina,Rockingham,733,8,0,36.39593137,-79.77504841,37157.0,805.4059993407318,1.0914051841746248,725,721,7,0,714,713,90690,12,1,0,11,8
2020-08-27,US,North Carolina,Rowan,2708,60,0,35.64003916,-80.52446628,37159.0,1905.8611564664152,2.2156573116691285,2648,2628,59,0,2569,2616,141262,80,1,0,79,12
2020-08-27,US,North Carolina,Rutherford,914,19,0,35.40114178,-81.92112099,37161.0,1363.588894359158,2.078774617067834,895,906,18,0,888,897,66826,8,1,0,7,9
2020-08-27,US,North Carolina,Sampson,1587,20,0,34.98820368,-78.36914061,37163.0,2497.9931057279127,1.260239445494644,1567,1574,20,0,1554,1566,63626,13,0,0,13,8
2020-08-27,US,North Carolina,Scotland,597,8,0,34.8386299,-79.4757978,37165.0,1714.3841713809838,1.340033500837521,589,573,8,0,565,569,34810,24,0,0,24,4
2020-08-27,US,North Carolina,Stanly,1427,31,0,35.31647813,-80.25093221,37167.0,2272.075916313728,2.1723896285914512,1396,1413,31,0,1382,1400,62075,14,0,0,14,13
2020-08-27,US,North Carolina,Stokes,322,3,0,36.4017975,-80.23893369,37169.0,706.2797481959159,0.9316770186335404,319,321,3,0,318,320,45467,1,0,0,1,1
2020-08-27,US,North Carolina,Surry,1118,15,0,36.41689489,-80.69102283,37171.0,1557.471824805316,1.3416815742397137,1103,1110,15,0,1095,1092,71948,8,0,0,8,18
2020-08-27,US,North Carolina,Swain,125,3,0,35.48665845,-83.48748932,37173.0,875.9021792446222,2.4,122,125,3,0,122,124,14245,0,0,0,0,1
2020-08-27,US,North Carolina,Transylvania,228,2,0,35.20383864,-82.79638423,37175.0,663.0798313217972,0.8771929824561403,226,215,2,0,213,210,34215,13,0,0,13,5
2020-08-27,US,North Carolina,Tyrrell,105,2,0,35.87147226,-76.17055253,37177.0,2614.5418326693225,1.9047619047619049,103,104,2,0,102,103,4131,1,0,0,1,1
2020-08-27,US,North Carolina,Union,3806,48,0,34.98960527,-80.52955873,37179.0,1586.7655580987164,1.2611665790856543,3758,3751,47,0,3704,3732,235908,55,1,0,54,19
2020-08-27,US,North Carolina,Vance,882,42,0,36.36880673,-78.40670845,37181.0,1980.464802963961,4.761904761904762,840,871,42,0,829,866,44582,11,0,0,11,5
2020-08-27,US,North Carolina,Wake,14387,197,0,35.78879266,-78.65249174,37183.0,1294.0730966457718,1.3692917216931952,14190,14151,196,0,13955,14004,1092305,236,1,0,235,147
2020-08-27,US,North Carolina,Warren,287,6,0,36.39728256,-78.10652228,37185.0,1454.5638842430692,2.0905923344947737,281,283,6,0,277,281,19807,4,0,0,4,2
2020-08-27,US,North Carolina,Washington,170,4,0,35.83810081,-76.57299037,37187.0,1468.048359240069,2.3529411764705883,166,169,4,0,165,168,11859,1,0,0,1,1
2020-08-27,US,North Carolina,Watauga,404,0,0,36.23103603,-81.70033724,37189.0,719.1555262829984,0.0,404,391,0,0,391,388,55945,13,0,0,13,3
2020-08-27,US,North Carolina,Wayne,2751,51,0,35.36438125,-78.00027268,37191.0,2234.205845806499,1.8538713195201744,2700,2717,51,0,2666,2712,123248,34,0,0,34,5
2020-08-27,US,North Carolina,Wilkes,1002,20,0,36.2084135,-81.16232895,37193.0,1464.6553236274335,1.996007984031936,982,999,20,0,979,994,68557,3,0,0,3,5
2020-08-27,US,North Carolina,Wilson,1694,36,0,35.70625477,-77.917978,37195.0,2070.8793291035563,2.125147579693034,1658,1677,36,0,1641,1679,81455,17,0,0,17,-2
2020-08-27,US,North Carolina,Yadkin,614,7,0,36.16222629,-80.66239436,37197.0,1630.074070140973,1.1400651465798046,607,604,7,0,597,602,37543,10,0,0,10,2
2020-08-27,US,North Carolina,Yancey,87,0,0,35.90079156,-82.31237181,37199.0,481.48763074879633,0.0,87,87,0,0,87,85,17903,0,0,0,0,2
2020-08-27,US,North Dakota,Adams,4,0,0,46.09686891,-102.5285397,38001.0,180.50541516245488,0.0,4,5,0,0,5,5,2294,-1,0,0,-1,0
2020-08-27,US,North Dakota,Barnes,77,0,0,46.93579637,-98.06605978,38003.0,739.3182909265483,0.0,77,63,0,0,63,60,10542,14,0,0,14,3
2020-08-27,US,North Dakota,Benson,209,3,0,48.0683985,-99.35916363,38005.0,3059.133489461359,1.4354066985645932,206,209,3,0,206,205,6962,0,0,0,0,4
2020-08-27,US,North Dakota,Billings,4,0,0,47.02366884,-103.3762965,38007.0,431.0344827586207,0.0,4,4,0,0,4,4,919,0,0,0,0,0
2020-08-27,US,North Dakota,Bottineau,26,0,0,48.79106111,-100.8378166,38009.0,413.880929640242,0.0,26,25,0,0,25,24,6411,1,0,0,1,1
2020-08-27,US,North Dakota,Bowman,14,0,0,46.11285362,-103.5203343,38011.0,462.9629629629631,0.0,14,14,0,0,14,15,3076,0,0,0,0,-1
2020-08-27,US,North Dakota,Burke,23,1,0,48.79094471,-102.51821170000001,38013.0,1087.4704491725768,4.3478260869565215,22,24,1,0,23,24,2100,-1,0,0,-1,0
2020-08-27,US,North Dakota,Burleigh,1865,14,0,46.97847375,-100.46452140000001,38015.0,1950.3064020245545,0.7506702412868632,1851,1810,13,0,1797,1750,95273,55,1,0,54,60
2020-08-27,US,North Dakota,Cass,3375,76,0,46.93201724,-97.24447190000001,38017.0,1855.180488448409,2.251851851851852,3299,3339,76,0,3263,3309,181516,36,0,0,36,30
2020-08-27,US,North Dakota,Cavalier,32,0,0,48.77286211,-98.46685243,38019.0,850.6113769271665,0.0,32,32,0,0,32,31,3829,0,0,0,0,1
2020-08-27,US,North Dakota,Dickey,24,0,0,46.11017712,-98.50490079999999,38021.0,492.61083743842363,0.0,24,22,0,0,22,20,4903,2,0,0,2,2
2020-08-27,US,North Dakota,Divide,5,0,0,48.814938700000006,-103.48736109999999,38023.0,220.84805653710248,0.0,5,5,0,0,5,5,2283,0,0,0,0,0
2020-08-27,US,North Dakota,Dunn,45,0,0,47.35423935,-102.61604679999999,38025.0,1017.1790235081372,0.0,45,46,0,0,46,44,4332,-1,0,0,-1,2
2020-08-27,US,North Dakota,Eddy,31,0,0,47.71701474,-98.90432337,38027.0,1355.4875382597288,0.0,31,26,0,0,26,24,2313,5,0,0,5,2
2020-08-27,US,North Dakota,Emmons,25,1,0,46.28398398,-100.2389766,38029.0,771.3668620796051,4.0,24,25,1,0,24,24,3295,0,0,0,0,1
2020-08-27,US,North Dakota,Foster,29,0,0,47.457108399999996,-98.88279923,38031.0,903.4267912772583,0.0,29,28,0,0,28,28,3216,1,0,0,1,0
2020-08-27,US,North Dakota,Golden Valley,28,0,0,46.94022281,-103.8465421,38033.0,1590.0056785917093,0.0,28,26,0,0,26,24,1769,2,0,0,2,2
2020-08-27,US,North Dakota,Grand Forks,1251,10,0,47.92093639,-97.45450447,38035.0,1801.2699601157653,0.7993605115907274,1241,1170,10,0,1160,1154,70770,81,0,0,81,16
2020-08-27,US,North Dakota,Grant,9,0,0,46.35821257,-101.63900129999999,38037.0,395.77836411609496,0.0,9,9,0,0,9,9,2374,0,0,0,0,0
2020-08-27,US,North Dakota,Griggs,36,1,0,47.45785838,-98.23850925,38039.0,1613.6261766024204,2.7777777777777777,35,38,1,0,37,38,2232,-2,0,0,-2,0
2020-08-27,US,North Dakota,Hettinger,15,0,0,46.43375068,-102.4632417,38041.0,600.2400960384152,0.0,15,14,0,0,14,12,2514,1,0,0,1,2
2020-08-27,US,North Dakota,Kidder,29,0,0,46.97830064,-99.77507857,38043.0,1169.3548387096773,0.0,29,28,0,0,28,27,2450,1,0,0,1,1
2020-08-27,US,North Dakota,LaMoure,19,0,0,46.45681054,-98.53542355,38045.0,469.5996045477015,0.0,19,18,0,0,18,18,4062,1,0,0,1,0
2020-08-27,US,North Dakota,Logan,9,0,0,46.45729487,-99.47719806,38047.0,486.4864864864865,0.0,9,9,0,0,9,9,1903,0,0,0,0,0
2020-08-27,US,North Dakota,McHenry,33,1,0,48.23104458,-100.6324822,38049.0,574.4125326370757,3.0303030303030303,32,29,1,0,28,28,5816,4,0,0,4,1
2020-08-27,US,North Dakota,McIntosh,45,3,0,46.11182017,-99.44145858,38051.0,1802.162595114137,6.666666666666668,42,44,3,0,41,44,2585,1,0,0,1,0
2020-08-27,US,North Dakota,McKenzie,113,2,0,47.74133370000001,-103.395905,38053.0,752.1299254526092,1.7699115044247788,111,111,2,0,109,105,13632,2,0,0,2,6
2020-08-27,US,North Dakota,McLean,145,1,0,47.60766714,-101.3182418,38055.0,1534.3915343915344,0.6896551724137931,144,137,1,0,136,129,9541,8,0,0,8,8
2020-08-27,US,North Dakota,Mercer,38,0,0,47.31213126,-101.8318399,38057.0,464.15048247221205,0.0,38,39,0,0,39,37,8267,-1,0,0,-1,2
2020-08-27,US,North Dakota,Morton,581,5,0,46.71681782,-101.2822377,38059.0,1852.4422905241681,0.8605851979345955,576,559,5,0,554,548,31095,22,0,0,22,11
2020-08-27,US,North Dakota,Mountrail,166,1,0,48.20197971,-102.3555315,38061.0,1574.2057847321005,0.6024096385542169,165,163,1,0,162,161,10218,3,0,0,3,2
2020-08-27,US,North Dakota,Nelson,28,0,0,47.9226426,-98.19038437,38063.0,972.5599166377216,0.0,28,28,0,0,28,28,2869,0,0,0,0,0
2020-08-27,US,North Dakota,Oliver,10,0,0,47.11530482,-101.3406158,38065.0,510.46452271567125,0.0,10,10,0,0,10,9,1952,0,0,0,0,1
2020-08-27,US,North Dakota,Pembina,29,0,0,48.76623521,-97.5523809,38067.0,426.40788119394205,0.0,29,29,0,0,29,28,6947,0,0,0,0,1
2020-08-27,US,North Dakota,Pierce,24,0,0,48.24977025,-99.96407787,38069.0,603.7735849056604,0.0,24,24,0,0,24,22,4081,0,0,0,0,2
2020-08-27,US,North Dakota,Ramsey,115,2,0,48.26886249,-98.72223879,38071.0,998.3505512631303,1.7391304347826086,113,114,2,0,112,108,11481,1,0,0,1,6
2020-08-27,US,North Dakota,Ransom,38,0,0,46.45621782,-97.65742504,38073.0,728.2483710233806,0.0,38,37,0,0,37,35,5237,1,0,0,1,2
2020-08-27,US,North Dakota,Renville,11,0,0,48.71982533,-101.6603912,38075.0,472.71164589600335,0.0,11,11,0,0,11,10,2374,0,0,0,0,1
2020-08-27,US,North Dakota,Richland,129,1,0,46.26440649,-96.94852979,38077.0,797.428447796254,0.7751937984496124,128,124,1,0,123,124,16239,5,0,0,5,0
2020-08-27,US,North Dakota,Rolette,106,2,0,48.77245354,-99.84097493,38079.0,747.7426636568849,1.8867924528301887,104,106,2,0,104,102,14301,0,0,0,0,4
2020-08-27,US,North Dakota,Sargent,13,0,0,46.10830372,-97.63217159,38081.0,333.5043612108774,0.0,13,13,0,0,13,12,3870,0,0,0,0,1
2020-08-27,US,North Dakota,Sheridan,9,0,0,47.57700669,-100.3426391,38083.0,684.4106463878327,0.0,9,9,0,0,9,9,1349,0,0,0,0,0
2020-08-27,US,North Dakota,Sioux,119,2,0,46.11323337,-101.04401490000001,38085.0,2813.2387706855793,1.680672268907563,117,119,2,0,117,112,4358,0,0,0,0,7
2020-08-27,US,North Dakota,Slope,5,0,0,46.44737738,-103.4601547,38087.0,666.6666666666666,0.0,5,5,0,0,5,5,763,0,0,0,0,0
2020-08-27,US,North Dakota,Stark,611,6,0,46.80851182,-102.65763259999999,38089.0,1940.3601257582013,0.9819967266775778,605,556,6,0,550,553,30997,55,0,0,55,3
2020-08-27,US,North Dakota,Steele,18,0,0,47.45611548,-97.72728747,38091.0,952.3809523809523,0.0,18,17,0,0,17,17,1903,1,0,0,1,0
2020-08-27,US,North Dakota,Stutsman,154,3,0,46.97962541,-98.95637318,38093.0,743.8176197836168,1.9480519480519483,151,152,3,0,149,142,20917,2,0,0,2,10
2020-08-27,US,North Dakota,Towner,6,0,0,48.68565745,-99.24564265,38095.0,274.09776153494744,0.0,6,6,0,0,6,6,2192,0,0,0,0,0
2020-08-27,US,North Dakota,Traill,65,0,0,47.45367788,-97.16323288,38097.0,808.8601294176207,0.0,65,67,0,0,67,67,8037,-2,0,0,-2,0
2020-08-27,US,North Dakota,Walsh,140,1,0,48.36876964,-97.72574783,38099.0,1315.665820881496,0.7142857142857143,139,141,1,0,140,139,10667,-1,0,0,-1,2
2020-08-27,US,North Dakota,Ward,463,1,0,48.22390169,-101.54367629999999,38101.0,684.4960896497686,0.2159827213822894,462,444,1,0,443,421,67744,19,0,0,19,23
2020-08-27,US,North Dakota,Wells,28,0,0,47.58614526,-99.65904998,38103.0,730.3077725612936,0.0,28,28,0,0,28,27,3957,0,0,0,0,1
2020-08-27,US,North Dakota,Williams,374,2,0,48.34522353,-103.4793387,38105.0,994.9719332783528,0.5347593582887701,372,356,2,0,354,338,35350,18,0,0,18,18
2020-08-27,US,Ohio,Adams,88,4,0,38.84541072,-83.4718964,39001.0,317.7124702144559,4.545454545454546,84,86,4,0,82,85,27724,2,0,0,2,1
2020-08-27,US,Ohio,Allen,1071,51,0,40.77285242,-84.10802343,39003.0,1046.3991558460589,4.761904761904762,1020,1052,51,0,1001,1028,102663,19,0,0,19,24
2020-08-27,US,Ohio,Ashland,162,3,0,40.84772277,-82.27280781,39005.0,302.89432353601075,1.851851851851852,159,162,3,0,159,162,53745,0,0,0,0,0
2020-08-27,US,Ohio,Ashtabula,598,46,0,41.70860332,-80.74830218,39007.0,614.9669378142962,7.6923076923076925,552,595,46,0,549,595,97493,3,0,0,3,0
2020-08-27,US,Ohio,Athens,376,2,0,39.33425634,-82.04278644,39009.0,575.5659987447763,0.5319148936170213,374,376,2,0,374,374,65818,0,0,0,0,2
2020-08-27,US,Ohio,Auglaize,387,8,0,40.55998859,-84.22421429999999,39011.0,847.6432451375504,2.0671834625323,379,377,8,0,369,366,45804,10,0,0,10,11
2020-08-27,US,Ohio,Belmont,677,26,0,40.01625942,-80.9924051,39013.0,1010.3572814374833,3.840472673559823,651,676,26,0,650,676,67505,1,0,0,1,0
2020-08-27,US,Ohio,Brown,197,2,0,38.93416837,-83.86788395,39015.0,453.58261189906057,1.0152284263959392,195,195,2,0,193,191,43602,2,0,0,2,4
2020-08-27,US,Ohio,Butler,3686,73,0,39.44012838,-84.57388716,39017.0,962.0654914468566,1.98046663049376,3613,3613,72,0,3541,3536,382378,73,1,0,72,77
2020-08-27,US,Ohio,Carroll,125,6,0,40.578968599999996,-81.09178213,39019.0,464.44229768893507,4.8,119,123,6,0,117,123,27081,2,0,0,2,0
2020-08-27,US,Ohio,Champaign,242,2,0,40.13923427,-83.76875242,39021.0,622.3479490806224,0.8264462809917356,240,239,2,0,237,237,38754,3,0,0,3,2
2020-08-27,US,Ohio,Clark,1383,23,0,39.91592258,-83.78498252,39023.0,1031.450668615708,1.6630513376717282,1360,1373,21,0,1352,1360,134585,10,2,0,8,13
2020-08-27,US,Ohio,Clermont,1220,14,0,39.04847534,-84.15375786,39025.0,591.0050962078788,1.147540983606557,1206,1193,13,0,1180,1174,205466,27,1,0,26,19
2020-08-27,US,Ohio,Clinton,232,10,0,39.41485808,-83.80852286,39027.0,552.8021349599695,4.310344827586206,222,224,8,0,216,220,42057,8,2,0,6,4
2020-08-27,US,Ohio,Columbiana,1786,64,0,40.76932373,-80.78094576,39029.0,1752.9911761530386,3.5834266517357225,1722,1781,63,0,1718,1773,102665,5,1,0,4,8
2020-08-27,US,Ohio,Coshocton,214,9,0,40.30096166,-81.91729018,39031.0,584.6994535519126,4.205607476635514,205,211,9,0,202,210,36629,3,0,0,3,1
2020-08-27,US,Ohio,Crawford,191,5,0,40.85065156,-82.91989099,39033.0,460.30751433942254,2.6178010471204187,186,190,5,0,185,189,41550,1,0,0,1,1
2020-08-27,US,Ohio,Cuyahoga,15316,570,0,41.424119,-81.65918339,39035.0,1240.089646595502,3.7215983285453125,14746,15192,565,0,14627,15088,1243857,124,5,0,119,104
2020-08-27,US,Ohio,Darke,578,35,0,40.13412966,-84.6194517,39037.0,1130.8277737561873,6.055363321799308,543,556,31,0,525,551,51323,22,4,0,18,5
2020-08-27,US,Ohio,Defiance,202,5,0,41.32398837,-84.49076944,39039.0,530.3646913645076,2.4752475247524752,197,196,5,0,191,192,38165,6,0,0,6,4
2020-08-27,US,Ohio,Delaware,1580,20,0,40.27942393,-83.00457058,39041.0,755.3411703963629,1.2658227848101269,1560,1565,20,0,1545,1546,204826,15,0,0,15,19
2020-08-27,US,Ohio,Erie,756,36,0,41.36796058,-82.62904521,39043.0,1017.9624592680364,4.761904761904762,720,747,35,0,712,720,74615,9,1,0,8,27
2020-08-27,US,Ohio,Fairfield,1653,40,0,39.75107189,-82.63088163,39045.0,1049.0309314988513,2.419842710223836,1613,1630,39,0,1591,1609,155782,23,1,0,22,21
2020-08-27,US,Ohio,Fayette,182,3,0,39.56021306,-83.4562016,39047.0,638.036809815951,1.6483516483516485,179,181,3,0,178,175,28666,1,0,0,1,6
2020-08-27,US,Ohio,Franklin,21133,556,0,39.96995815,-83.01115755,39049.0,1604.9290832925767,2.630956324232244,20577,20954,556,0,20398,20794,1310300,179,0,0,179,160
2020-08-27,US,Ohio,Fulton,179,1,0,41.60213491,-84.12571393,39051.0,424.9157290034658,0.5586592178770949,178,178,1,0,177,178,42276,1,0,0,1,0
2020-08-27,US,Ohio,Gallia,130,3,0,38.82708533,-82.31647569,39053.0,434.8116930898388,2.3076923076923075,127,130,2,0,128,129,29979,0,1,0,-1,1
2020-08-27,US,Ohio,Geauga,605,46,0,41.49952319,-81.17935342,39055.0,646.029322256511,7.603305785123968,559,598,46,0,552,595,94031,7,0,0,7,3
2020-08-27,US,Ohio,Greene,932,16,0,39.69116283,-83.89032084,39057.0,551.6849476432044,1.7167381974248928,916,916,16,0,900,896,167995,16,0,0,16,20
2020-08-27,US,Ohio,Guernsey,128,7,0,40.05026529,-81.49248905,39059.0,329.26045016077165,5.46875,121,129,7,0,122,129,39022,-1,0,0,-1,0
2020-08-27,US,Ohio,Hamilton,10836,284,0,39.19673558,-84.54502924,39061.0,1325.5483667350481,2.6208933185677368,10552,10727,281,0,10446,10663,816684,109,3,0,106,64
2020-08-27,US,Ohio,Hancock,504,6,0,41.00250487,-83.66838948,39063.0,665.0568069355924,1.1904761904761905,498,487,6,0,481,489,75930,17,0,0,17,-2
2020-08-27,US,Ohio,Hardin,212,13,0,40.66015414,-83.65929931,39065.0,675.912641479356,6.132075471698112,199,210,13,0,197,205,31480,2,0,0,2,5
2020-08-27,US,Ohio,Harrison,28,1,0,40.29380509,-81.09068544,39067.0,186.17021276595744,3.571428571428572,27,28,1,0,27,28,15174,0,0,0,0,0
2020-08-27,US,Ohio,Henry,207,3,0,41.333964200000004,-84.06830637,39069.0,766.4963341479671,1.4492753623188406,204,201,3,0,198,174,27086,6,0,0,6,27
2020-08-27,US,Ohio,Highland,186,3,0,39.1839264,-83.60331456,39071.0,430.9446027663863,1.6129032258064515,183,185,3,0,182,185,43058,1,0,0,1,0
2020-08-27,US,Ohio,Hocking,136,9,0,39.49537927,-82.47991446,39073.0,481.1774695726012,6.617647058823528,127,134,9,0,125,132,28385,2,0,0,2,2
2020-08-27,US,Ohio,Holmes,349,7,0,40.56163713,-81.92635677,39075.0,793.9035486806188,2.005730659025788,342,343,7,0,336,342,43892,6,0,0,6,1
2020-08-27,US,Ohio,Huron,465,6,0,41.14651175,-82.59867951,39077.0,798.0640510760992,1.2903225806451613,459,462,6,0,456,462,58504,3,0,0,3,0
2020-08-27,US,Ohio,Jackson,153,1,0,39.01914254,-82.61818559999998,39079.0,472.03282633511253,0.6535947712418301,152,148,1,0,147,142,32384,5,0,0,5,6
2020-08-27,US,Ohio,Jefferson,264,4,0,40.38614126,-80.76259514,39081.0,404.13318025258326,1.5151515151515151,260,263,4,0,259,263,65767,1,0,0,1,0
2020-08-27,US,Ohio,Knox,238,13,0,40.39830217,-82.42027563,39083.0,381.8876159301692,5.46218487394958,225,238,13,0,225,238,61893,0,0,0,0,0
2020-08-27,US,Ohio,Lake,1285,44,0,41.69710807,-81.23676539,39085.0,558.3339488765973,3.424124513618677,1241,1267,44,0,1223,1262,230514,18,0,0,18,5
2020-08-27,US,Ohio,Lawrence,416,7,0,38.59743452,-82.53466552,39087.0,699.5947059516002,1.6826923076923077,409,400,7,0,393,397,59866,16,0,0,16,3
2020-08-27,US,Ohio,Licking,1536,57,0,40.09136236,-82.48185785,39089.0,868.4737252773349,3.7109375,1479,1520,57,0,1463,1512,175769,16,0,0,16,8
2020-08-27,US,Ohio,Logan,227,2,0,40.38996525,-83.76784341,39091.0,497.0222455771589,0.8810572687224669,225,225,2,0,223,223,45358,2,0,0,2,2
2020-08-27,US,Ohio,Lorain,2059,81,0,41.29553751,-82.15083537,39093.0,664.5515487375458,3.9339485186983967,1978,2045,81,0,1964,2036,309461,14,0,0,14,9
2020-08-27,US,Ohio,Lucas,6256,341,0,41.62101218,-83.65468618,39095.0,1460.4947379233704,5.450767263427111,5915,6197,341,0,5856,6149,429899,59,0,0,59,48
2020-08-27,US,Ohio,Madison,669,11,0,39.89381073,-83.40178317,39097.0,1495.6070733942904,1.6442451420029895,658,662,11,0,651,655,44413,7,0,0,7,7
2020-08-27,US,Ohio,Mahoning,2825,264,0,41.01631101,-80.77287029,39099.0,1235.3345023460424,9.345132743362832,2561,2812,264,0,2548,2795,229642,13,0,0,13,17
2020-08-27,US,Ohio,Marion,2995,46,0,40.58610662,-83.15736305,39101.0,4601.109182246939,1.535893155258765,2949,2990,46,0,2944,2991,65256,5,0,0,5,-1
2020-08-27,US,Ohio,Medina,1139,37,0,41.11770589,-81.89986209999998,39103.0,633.6719593203742,3.2484635645302897,1102,1119,36,0,1083,1110,179146,20,1,0,19,9
2020-08-27,US,Ohio,Meigs,110,3,0,39.09224872,-82.0305041,39105.0,480.2025581699917,2.727272727272727,107,106,0,0,106,87,23106,4,3,0,1,19
2020-08-27,US,Ohio,Mercer,799,17,0,40.54043046,-84.62912742,39107.0,1940.6392694063927,2.127659574468085,782,786,17,0,769,775,40959,13,0,0,13,11
2020-08-27,US,Ohio,Miami,1022,43,0,40.0543329,-84.22871271,39109.0,955.2562460859732,4.2074363992172215,979,1004,42,0,962,996,106222,18,1,0,17,8
2020-08-27,US,Ohio,Monroe,103,18,0,39.72984936,-81.08464734,39111.0,754.3576973780578,17.475728155339805,85,103,18,0,85,102,13790,0,0,0,0,1
2020-08-27,US,Ohio,Montgomery,5301,120,0,39.75394919,-84.29050975,39113.0,997.015161175654,2.263723825693265,5181,5215,117,0,5098,5144,532331,86,3,0,83,71
2020-08-27,US,Ohio,Morgan,43,0,0,39.62081738,-81.85308173,39115.0,296.38819961400606,0.0,43,43,0,0,43,43,14604,0,0,0,0,0
2020-08-27,US,Ohio,Morrow,222,2,0,40.52363560000001,-82.7892599,39117.0,628.3967391304348,0.9009009009009008,220,220,2,0,218,217,35112,2,0,0,2,3
2020-08-27,US,Ohio,Muskingum,294,1,0,39.96575964,-81.94363275,39119.0,341.00794525314615,0.3401360544217687,293,294,1,0,293,294,86183,0,0,0,0,0
2020-08-27,US,Ohio,Noble,21,0,0,39.76818851,-81.45937183,39121.0,145.59068219633943,0.0,21,21,0,0,21,21,14354,0,0,0,0,0
2020-08-27,US,Ohio,Ottawa,445,29,0,41.53781826,-83.0940185,39123.0,1098.0876002467612,6.516853932584269,416,444,29,0,415,436,40769,1,0,0,1,8
2020-08-27,US,Ohio,Paulding,79,0,0,41.11676341,-84.5801017,39125.0,423.0934018851757,0.0,79,79,0,0,79,77,18760,0,0,0,0,2
2020-08-27,US,Ohio,Perry,221,6,0,39.73508655,-82.23804971,39127.0,611.6123318757957,2.7149321266968327,215,219,5,0,214,216,36033,2,1,0,1,3
2020-08-27,US,Ohio,Pickaway,2470,42,0,39.64170392,-83.0243386,39129.0,4225.328018885677,1.7004048582995952,2428,2462,42,0,2420,2456,58086,8,0,0,8,6
2020-08-27,US,Ohio,Pike,101,0,0,39.07634001,-83.06769584,39131.0,363.6756445340631,0.0,101,100,0,0,100,97,28067,1,0,0,1,3
2020-08-27,US,Ohio,Portage,838,65,0,41.16793482,-81.19735782,39133.0,515.8002289709847,7.756563245823388,773,835,65,0,770,834,162927,3,0,0,3,1
2020-08-27,US,Ohio,Preble,328,3,0,39.7420247,-84.64787018,39135.0,802.3090846827455,0.9146341463414634,325,323,3,0,320,320,40997,5,0,0,5,3
2020-08-27,US,Ohio,Putnam,294,17,0,41.02094889,-84.1336111,39137.0,868.2555151944714,5.782312925170068,277,279,17,0,262,273,33780,15,0,0,15,6
2020-08-27,US,Ohio,Richland,689,17,0,40.77180308,-82.53799609999999,39139.0,568.6976905426153,2.467343976777939,672,687,17,0,670,679,121099,2,0,0,2,8
2020-08-27,US,Ohio,Ross,654,10,0,39.33705391,-83.06000914,39141.0,853.0508960947487,1.529051987767584,644,636,10,0,626,626,76931,18,0,0,18,10
2020-08-27,US,Ohio,Sandusky,499,17,0,41.35624126,-83.137872,39143.0,852.729074814587,3.406813627254509,482,494,17,0,477,483,58799,5,0,0,5,11
2020-08-27,US,Ohio,Scioto,330,2,0,38.80270163,-82.98907345,39145.0,438.16554691026886,0.6060606060606061,328,317,2,0,315,312,75502,13,0,0,13,5
2020-08-27,US,Ohio,Seneca,321,11,0,41.12351311,-83.12783209,39147.0,581.7535974482582,3.4267912772585665,310,309,11,0,298,296,55207,12,0,0,12,13
2020-08-27,US,Ohio,Shelby,328,4,0,40.33163494,-84.20258189,39149.0,675.0360156410784,1.2195121951219512,324,318,4,0,314,308,48627,10,0,0,10,10
2020-08-27,US,Ohio,Stark,2250,151,0,40.81482476,-81.36437305,39151.0,607.1137542295593,6.711111111111111,2099,2218,151,0,2067,2192,371574,32,0,0,32,26
2020-08-27,US,Ohio,Summit,4281,234,0,41.12464734,-81.53123079,39153.0,791.2933700299252,5.466012613875263,4047,4256,233,0,4023,4219,541918,25,1,0,24,37
2020-08-27,US,Ohio,Trumbull,1735,117,0,41.31735028,-80.76109643,39155.0,876.3777061634356,6.743515850144093,1618,1725,117,0,1608,1715,198627,10,0,0,10,10
2020-08-27,US,Ohio,Tuscarawas,848,16,0,40.44214695,-81.47226262,39157.0,921.8693945883656,1.8867924528301887,832,846,16,0,830,840,92176,2,0,0,2,6
2020-08-27,US,Ohio,Union,348,1,0,40.30016061,-83.37239023,39159.0,589.9504984064555,0.28735632183908044,347,341,1,0,340,333,57835,7,0,0,7,8
2020-08-27,US,Ohio,Van Wert,85,2,0,40.8554138,-84.59111700000003,39161.0,300.6189213085765,2.3529411764705883,83,84,2,0,82,81,28281,1,0,0,1,3
2020-08-27,US,Ohio,Vinton,36,2,0,39.25208988,-82.4831444,39163.0,275.12418800152847,5.5555555555555545,34,36,2,0,34,36,13139,0,0,0,0,0
2020-08-27,US,Ohio,Warren,2198,42,0,39.42581994,-84.16557457,39165.0,936.9059087305307,1.9108280254777068,2156,2173,42,0,2131,2155,232173,25,0,0,25,18
2020-08-27,US,Ohio,Washington,226,23,0,39.45690571,-81.49121382,39167.0,377.22621889135553,10.176991150442475,203,224,23,0,201,223,60155,2,0,0,2,1
2020-08-27,US,Ohio,Wayne,693,61,0,40.82925852,-81.88844833,39169.0,598.9110707803992,8.802308802308803,632,685,61,0,624,672,115967,8,0,0,8,13
2020-08-27,US,Ohio,Williams,153,3,0,41.56052014,-84.58429552,39171.0,416.9846288019187,1.96078431372549,150,152,3,0,149,152,36804,1,0,0,1,0
2020-08-27,US,Ohio,Wood,1288,61,0,41.36224827,-83.62285108,39173.0,984.581514634948,4.736024844720498,1227,1271,61,0,1210,1255,130696,17,0,0,17,16
2020-08-27,US,Ohio,Wyandot,181,10,0,40.84339621,-83.30734173,39175.0,831.3430093698328,5.524861878453039,171,178,10,0,168,176,21935,3,0,0,3,2
2020-08-27,US,Oklahoma,Adair,428,6,0,35.88494195,-94.65859267,40001.0,1928.4491303956024,1.4018691588785046,422,417,6,0,411,413,22082,11,0,0,11,4
2020-08-27,US,Oklahoma,Alfalfa,13,0,0,36.73090616,-98.32408495,40003.0,227.9901788846019,0.0,13,12,0,0,12,12,5754,1,0,0,1,0
2020-08-27,US,Oklahoma,Atoka,103,1,0,34.37366573,-96.03802487,40005.0,748.6553278092746,0.9708737864077671,102,100,1,0,99,101,13838,3,0,0,3,-1
2020-08-27,US,Oklahoma,Beaver,42,0,0,36.7496847,-100.4758872,40007.0,790.8115232536246,0.0,42,42,0,0,42,42,5319,0,0,0,0,0
2020-08-27,US,Oklahoma,Beckham,118,1,0,35.26862449,-99.68128023,40009.0,539.8234136968754,0.8474576271186439,117,118,1,0,117,118,21709,0,0,0,0,0
2020-08-27,US,Oklahoma,Blaine,63,0,0,35.87518314,-98.43307003,40011.0,668.1514476614699,0.0,63,62,0,0,62,62,9485,1,0,0,1,0
2020-08-27,US,Oklahoma,Bryan,572,3,0,33.96472458,-96.25903472,40013.0,1191.790811542869,0.5244755244755245,569,563,3,0,560,559,47192,9,0,0,9,4
2020-08-27,US,Oklahoma,Caddo,529,20,0,35.17364557,-98.37534464,40015.0,1839.23232042278,3.7807183364839316,509,522,20,0,502,513,28977,7,0,0,7,9
2020-08-27,US,Oklahoma,Canadian,1488,11,0,35.5426055,-97.98465569,40017.0,1003.330950871846,0.739247311827957,1477,1455,11,0,1444,1433,144447,33,0,0,33,22
2020-08-27,US,Oklahoma,Carter,398,6,0,34.25103751,-97.28552485,40019.0,827.2536426181122,1.5075376884422111,392,399,6,0,393,396,48177,-1,0,0,-1,3
2020-08-27,US,Oklahoma,Cherokee,620,5,0,35.90692775,-94.99980896,40021.0,1274.2257023655384,0.8064516129032258,615,597,5,0,592,589,48675,23,0,0,23,8
2020-08-27,US,Oklahoma,Choctaw,233,1,0,34.02807439,-95.54771129,40023.0,1588.0588876772085,0.4291845493562232,232,229,1,0,228,229,14668,4,0,0,4,0
2020-08-27,US,Oklahoma,Cimarron,14,0,0,36.74817177,-102.5173885,40025.0,655.1240056153488,0.0,14,14,0,0,14,14,2153,0,0,0,0,0
2020-08-27,US,Oklahoma,Cleveland,3721,63,0,35.20413532,-97.32519562,40027.0,1310.1466829099975,1.693093254501478,3658,3638,63,0,3575,3581,281669,83,0,0,83,57
2020-08-27,US,Oklahoma,Coal,50,0,0,34.58840127,-96.29798747,40029.0,909.9181073703368,0.0,50,50,0,0,50,50,5520,0,0,0,0,0
2020-08-27,US,Oklahoma,Comanche,1209,11,0,34.65973764,-98.47195055,40031.0,1001.2505279546828,0.9098428453267164,1198,1203,11,0,1192,1181,120422,6,0,0,6,22
2020-08-27,US,Oklahoma,Cotton,26,2,0,34.28845626,-98.37053567,40033.0,458.8775150017649,7.6923076923076925,24,26,2,0,24,25,5776,0,0,0,0,1
2020-08-27,US,Oklahoma,Craig,113,1,0,36.76268118,-95.20916602,40035.0,799.0383255550843,0.8849557522123894,112,112,1,0,111,108,14306,1,0,0,1,4
2020-08-27,US,Oklahoma,Creek,769,21,0,35.90230551,-96.37086028,40037.0,1075.1936467101034,2.730819245773732,748,765,20,0,745,758,71604,4,1,0,3,7
2020-08-27,US,Oklahoma,Custer,304,0,0,35.63853802,-99.00170785,40039.0,1048.1674309554185,0.0,304,303,0,0,303,292,29036,1,0,0,1,11
2020-08-27,US,Oklahoma,Delaware,523,20,0,36.40823634,-94.80325046,40041.0,1216.0245530005348,3.8240917782026767,503,521,20,0,501,511,42733,2,0,0,2,10
2020-08-27,US,Oklahoma,Dewey,18,0,0,35.98772922,-99.00730714,40043.0,368.02289920261705,0.0,18,18,0,0,18,19,4894,0,0,0,0,-1
2020-08-27,US,Oklahoma,Ellis,6,0,0,36.218019399999996,-99.75324573,40045.0,155.48069448043537,0.0,6,6,0,0,6,6,3952,0,0,0,0,0
2020-08-27,US,Oklahoma,Garfield,865,11,0,36.3791334,-97.78265517,40047.0,1416.732180293501,1.2716763005780347,854,816,10,0,806,795,60913,49,1,0,48,21
2020-08-27,US,Oklahoma,Garvin,258,4,0,34.70418038,-97.30811132,40049.0,931.0382158709536,1.5503875968992251,254,258,4,0,254,255,27811,0,0,0,0,3
2020-08-27,US,Oklahoma,Grady,506,7,0,35.0167709,-97.88339847,40051.0,906.2578357273346,1.383399209486166,499,501,7,0,494,499,55551,5,0,0,5,2
2020-08-27,US,Oklahoma,Grant,24,0,0,36.796296999999996,-97.78638765,40053.0,553.888760673898,0.0,24,23,0,0,23,22,4326,1,0,0,1,1
2020-08-27,US,Oklahoma,Greer,87,8,0,34.93535801,-99.56056120000001,40055.0,1523.1092436974786,9.195402298850574,79,87,8,0,79,86,5821,0,0,0,0,1
2020-08-27,US,Oklahoma,Harmon,37,0,0,34.7440135,-99.84741652,40057.0,1394.647568790049,0.0,37,37,0,0,37,37,2664,0,0,0,0,0
2020-08-27,US,Oklahoma,Harper,17,0,0,36.78836519,-99.6679804,40059.0,460.95444685466384,0.0,17,17,0,0,17,17,3797,0,0,0,0,0
2020-08-27,US,Oklahoma,Haskell,155,4,0,35.22257600000001,-95.11513306,40061.0,1227.528312346559,2.5806451612903225,151,152,3,0,149,151,12668,3,1,0,2,1
2020-08-27,US,Oklahoma,Hughes,207,3,0,35.04912569,-96.24921145,40063.0,1558.8523232171094,1.4492753623188406,204,205,3,0,202,199,13335,2,0,0,2,6
2020-08-27,US,Oklahoma,Jackson,575,8,0,34.58781741,-99.41138784,40065.0,2344.068487566245,1.391304347826087,567,576,8,0,568,570,24949,-1,0,0,-1,6
2020-08-27,US,Oklahoma,Jefferson,35,0,0,34.11130184,-97.83182974,40067.0,583.1389536821059,0.0,35,34,0,0,34,34,6123,1,0,0,1,0
2020-08-27,US,Oklahoma,Johnston,72,0,0,34.31440473,-96.66011537,40069.0,649.5263870094723,0.0,72,70,0,0,70,70,10949,2,0,0,2,0
2020-08-27,US,Oklahoma,Kay,295,12,0,36.81799745,-97.14421435,40071.0,677.5690201662915,4.067796610169491,283,294,11,0,283,291,44161,1,1,0,0,3
2020-08-27,US,Oklahoma,Kingfisher,246,1,0,35.94530008,-97.94193268,40073.0,1560.418648905804,0.4065040650406504,245,240,0,0,240,238,15816,6,1,0,5,2
2020-08-27,US,Oklahoma,Kiowa,40,1,0,34.91671958,-98.97720696,40075.0,459.34772622875516,2.5,39,40,1,0,39,40,8729,0,0,0,0,0
2020-08-27,US,Oklahoma,Latimer,107,2,0,34.87844729,-95.25215049,40077.0,1062.2456070684007,1.8691588785046729,105,107,2,0,105,107,10231,0,0,0,0,0
2020-08-27,US,Oklahoma,Le Flore,593,5,0,34.89851864,-94.70392124,40079.0,1189.4971215373198,0.8431703204047217,588,575,3,0,572,560,49980,18,2,0,16,15
2020-08-27,US,Oklahoma,Lincoln,283,8,0,35.70270942,-96.8812462,40081.0,811.4230008314935,2.826855123674912,275,279,5,0,274,276,34920,4,3,0,1,3
2020-08-27,US,Oklahoma,Logan,281,1,0,35.91899576,-97.44352845,40083.0,585.2825394180502,0.3558718861209965,280,277,1,0,276,268,47291,4,0,0,4,9
2020-08-27,US,Oklahoma,Love,89,0,0,33.95273467,-97.23906784,40085.0,868.038622842095,0.0,89,89,0,0,89,88,10134,0,0,0,0,1
2020-08-27,US,Oklahoma,Major,44,1,0,36.31149996,-98.53467076,40093.0,576.7466247214576,2.272727272727273,43,45,1,0,44,43,7644,-1,0,0,-1,2
2020-08-27,US,Oklahoma,Marshall,129,1,0,34.02311222,-96.76855464,40095.0,761.9160120489042,0.7751937984496124,128,128,1,0,127,127,16806,1,0,0,1,1
2020-08-27,US,Oklahoma,Mayes,400,9,0,36.30179091,-95.23175116,40097.0,973.2360097323599,2.25,391,399,9,0,390,395,41107,1,0,0,1,4
2020-08-27,US,Oklahoma,McClain,548,4,0,35.01123903,-97.44572302,40087.0,1353.9556258338687,0.7299270072992701,544,544,4,0,540,540,39985,4,0,0,4,4
2020-08-27,US,Oklahoma,McCurtain,993,29,0,34.11664328,-94.77222373,40089.0,3024.4883040935674,2.920443101711984,964,981,29,0,952,968,32703,12,0,0,12,13
2020-08-27,US,Oklahoma,McIntosh,231,4,0,35.37235506,-95.66599306,40091.0,1178.8120024494795,1.7316017316017316,227,228,4,0,224,225,19815,3,0,0,3,3
2020-08-27,US,Oklahoma,Murray,87,1,0,34.48116015,-97.06826283,40099.0,618.2050735450862,1.1494252873563218,86,87,1,0,86,87,13953,0,0,0,0,0
2020-08-27,US,Oklahoma,Muskogee,706,16,0,35.61318461,-95.37802952,40101.0,1038.2811006367926,2.26628895184136,690,697,16,0,681,681,68362,9,0,0,9,16
2020-08-27,US,Oklahoma,Noble,101,2,0,36.38953329,-97.22928674,40103.0,907.3757973227922,1.98019801980198,99,100,2,0,98,99,11289,1,0,0,1,1
2020-08-27,US,Oklahoma,Nowata,90,1,0,36.79843529,-95.61902331,40105.0,893.2115919015483,1.1111111111111112,89,86,1,0,85,81,10218,4,0,0,4,5
2020-08-27,US,Oklahoma,Okfuskee,97,3,0,35.46485198,-96.32639984,40107.0,808.8051363295256,3.0927835051546397,94,96,3,0,93,91,12098,1,0,0,1,5
2020-08-27,US,Oklahoma,Oklahoma,12974,150,0,35.55140095,-97.40716948,40109.0,1626.96850146846,1.1561584707877293,12824,12870,148,0,12722,12765,792582,104,2,0,102,105
2020-08-27,US,Oklahoma,Okmulgee,585,4,0,35.64661916,-95.96432828,40111.0,1520.8631223189914,0.6837606837606838,581,585,4,0,581,578,38335,0,0,0,0,7
2020-08-27,US,Oklahoma,Osage,609,12,0,36.62888819,-96.39635704,40113.0,1296.7655388284395,1.9704433497536944,597,608,12,0,596,602,47014,1,0,0,1,6
2020-08-27,US,Oklahoma,Ottawa,493,4,0,36.83532655,-94.81011909,40115.0,1583.8339705079193,0.8113590263691683,489,488,4,0,484,476,31175,5,0,0,5,12
2020-08-27,US,Oklahoma,Pawnee,203,3,0,36.31743373,-96.70331759999999,40117.0,1239.61895456766,1.477832512315271,200,201,3,0,198,197,16390,2,0,0,2,4
2020-08-27,US,Oklahoma,Payne,1001,5,0,36.07695283,-96.97584944,40119.0,1223.9557859728066,0.4995004995004995,996,961,5,0,956,950,82040,40,0,0,40,11
2020-08-27,US,Oklahoma,Pittsburg,553,15,0,34.92065823,-95.75134320000001,40121.0,1266.7796765473954,2.7124773960217,538,548,15,0,533,545,43877,5,0,0,5,3
2020-08-27,US,Oklahoma,Pontotoc,232,2,0,34.72959848,-96.68337199,40123.0,605.9972834604532,0.8620689655172413,230,229,2,0,227,227,38247,3,0,0,3,2
2020-08-27,US,Oklahoma,Pottawatomie,787,9,0,35.20614018,-96.94923008,40125.0,1084.1415031959448,1.1435832274459974,778,776,9,0,767,766,72679,11,0,0,11,10
2020-08-27,US,Oklahoma,Pushmataha,123,1,0,34.41635232,-95.37603505,40127.0,1108.507570295602,0.8130081300813008,122,121,1,0,120,121,11179,2,0,0,2,0
2020-08-27,US,Oklahoma,Roger Mills,13,1,0,35.68711719,-99.69666167,40129.0,362.8244487859336,7.6923076923076925,12,13,1,0,12,13,3656,0,0,0,0,0
2020-08-27,US,Oklahoma,Rogers,1260,40,0,36.37004357,-95.60406759,40131.0,1362.7661990720212,3.1746031746031744,1220,1234,37,0,1197,1224,91984,26,3,0,23,10
2020-08-27,US,Oklahoma,Seminole,302,5,0,35.16478725,-96.61686741,40133.0,1244.9501195481905,1.6556291390728477,297,302,5,0,297,294,24578,0,0,0,0,8
2020-08-27,US,Oklahoma,Sequoyah,568,7,0,35.49447108,-94.75463785,40135.0,1366.4028482763595,1.2323943661971828,561,539,7,0,532,520,41179,29,0,0,29,19
2020-08-27,US,Oklahoma,Stephens,244,4,0,34.48556989,-97.85141892,40137.0,565.5610411886054,1.639344262295082,240,241,4,0,237,237,43265,3,0,0,3,4
2020-08-27,US,Oklahoma,Texas,1124,7,0,36.74777635,-101.4889765,40139.0,5624.781063904316,0.6227758007117438,1117,1115,7,0,1108,1114,20455,9,0,0,9,1
2020-08-27,US,Oklahoma,Tillman,64,1,0,34.37288446,-98.92426619,40141.0,882.7586206896551,1.5625,63,64,1,0,63,63,7348,0,0,0,0,1
2020-08-27,US,Oklahoma,Tulsa,12831,128,0,36.11939621,-95.94013939,40143.0,1969.2979224988944,0.9975839763073806,12703,12714,128,0,12586,12559,648360,117,0,0,117,155
2020-08-27,US,Oklahoma,Unassigned,18,0,0,0.0,0.0,90040.0,0.0,0.0,18,8,0,0,8,7,,10,0,0,10,1
2020-08-27,US,Oklahoma,Wagoner,1102,23,0,35.96024096,-95.51911308,40145.0,1355.656976958752,2.087114337568058,1079,1086,23,0,1063,1075,80110,16,0,0,16,11
2020-08-27,US,Oklahoma,Washington,761,39,0,36.71380786,-95.90514104,40147.0,1476.8956081277775,5.124835742444152,722,751,39,0,712,746,51843,10,0,0,10,5
2020-08-27,US,Oklahoma,Washita,42,0,0,35.29071824,-98.99180434,40149.0,384.756320996702,0.0,42,42,0,0,42,42,11127,0,0,0,0,0
2020-08-27,US,Oklahoma,Woods,24,0,0,36.76705782,-98.86573064,40151.0,272.9443875810304,0.0,24,24,0,0,24,24,8897,0,0,0,0,0
2020-08-27,US,Oklahoma,Woodward,79,0,0,36.42316318,-99.26283045,40153.0,390.87625550442834,0.0,79,78,0,0,78,75,20222,1,0,0,1,3
2020-08-27,US,Oregon,Baker,67,2,0,44.70915557,-117.6749883,41001.0,415.52964524931775,2.985074626865672,65,67,2,0,65,67,16006,0,0,0,0,0
2020-08-27,US,Oregon,Benton,207,6,0,44.49167306,-123.4316987,41003.0,222.4538703749476,2.898550724637681,201,206,6,0,200,206,92101,1,0,0,1,0
2020-08-27,US,Oregon,Clackamas,1878,55,0,45.18787398,-122.2179634,41005.0,449.08139181753614,2.9286474973375936,1823,1861,55,0,1806,1852,416075,17,0,0,17,9
2020-08-27,US,Oregon,Clatsop,95,0,0,45.99712889,-123.660711,41007.0,236.17740652346856,0.0,95,94,0,0,94,94,39764,1,0,0,1,0
2020-08-27,US,Oregon,Columbia,128,1,0,45.94464254,-123.08908980000001,41009.0,244.48943729227955,0.78125,127,127,1,0,126,126,52377,1,0,0,1,1
2020-08-27,US,Oregon,Coos,106,0,0,43.17406868,-124.0594514,41011.0,164.37421495805356,0.0,106,106,0,0,106,101,64389,0,0,0,0,5
2020-08-27,US,Oregon,Crook,54,1,0,44.14230227,-120.356297,41013.0,221.27520078675627,1.851851851851852,53,54,1,0,53,54,23867,0,0,0,0,0
2020-08-27,US,Oregon,Curry,20,0,0,42.45911325,-124.15728200000001,41015.0,87.24100327153762,0.0,20,20,0,0,20,20,22813,0,0,0,0,0
2020-08-27,US,Oregon,Deschutes,681,11,0,43.91570171,-121.2289121,41017.0,344.4752443194464,1.6152716593245229,670,677,11,0,666,673,191996,4,0,0,4,4
2020-08-27,US,Oregon,Douglas,174,2,0,43.27941273,-123.16729099999999,41019.0,156.7850063074428,1.1494252873563218,172,173,2,0,171,169,110283,1,0,0,1,4
2020-08-27,US,Oregon,Gilliam,4,0,0,45.37160076,-120.20488689999999,41021.0,209.20502092050208,0.0,4,4,0,0,4,4,1894,0,0,0,0,0
2020-08-27,US,Oregon,Grant,8,0,0,44.49024544,-119.0068631,41023.0,111.12654535352131,0.0,8,8,0,0,8,8,7176,0,0,0,0,0
2020-08-27,US,Oregon,Harney,11,0,0,43.06422669,-118.96663059999999,41025.0,148.7893953740024,0.0,11,11,0,0,11,11,7329,0,0,0,0,0
2020-08-27,US,Oregon,Hood River,223,0,0,45.51872811,-121.65520359999998,41027.0,953.7250876742792,0.0,223,222,0,0,222,225,23428,1,0,0,1,-3
2020-08-27,US,Oregon,Jackson,762,2,0,42.43201126,-122.72893090000001,41029.0,344.88377145339996,0.2624671916010499,760,747,2,0,745,728,219564,15,0,0,15,19
2020-08-27,US,Oregon,Jefferson,452,7,0,44.62806839,-121.17832,41031.0,1833.076486333036,1.5486725663716814,445,450,7,0,443,452,24192,2,0,0,2,-2
2020-08-27,US,Oregon,Josephine,154,2,0,42.3665549,-123.5561938,41033.0,176.02615245693644,1.2987012987012987,152,152,2,0,150,151,87393,2,0,0,2,1
2020-08-27,US,Oregon,Klamath,230,2,0,42.68762984,-121.64964609999998,41035.0,337.0555995193293,0.8695652173913043,228,225,2,0,223,225,67653,5,0,0,5,0
2020-08-27,US,Oregon,Lake,30,0,0,42.79246693,-120.38501629999999,41037.0,381.2428516965307,0.0,30,30,0,0,30,32,7879,0,0,0,0,-2
2020-08-27,US,Oregon,Lane,672,5,0,43.93727035,-122.847753,41039.0,175.88538135981392,0.7440476190476191,667,667,5,0,662,659,379611,5,0,0,5,8
2020-08-27,US,Oregon,Lincoln,459,13,0,44.64252874,-123.86991200000001,41041.0,918.6982106400864,2.832244008714597,446,458,13,0,445,456,49388,1,0,0,1,2
2020-08-27,US,Oregon,Linn,371,12,0,44.48899494,-122.53731540000001,41043.0,285.9366931537045,3.2345013477088953,359,366,12,0,354,365,127335,5,0,0,5,1
2020-08-27,US,Oregon,Malheur,1085,17,0,43.1937027,-117.62273950000001,41045.0,3549.115174511792,1.566820276497696,1068,1073,16,0,1057,1064,30725,12,1,0,11,9
2020-08-27,US,Oregon,Marion,3662,77,0,44.90287942,-122.58151170000001,41047.0,1052.849478750381,2.102676133260513,3585,3624,77,0,3547,3587,346868,38,0,0,38,37
2020-08-27,US,Oregon,Morrow,420,3,0,45.41846568,-119.584546,41049.0,3619.7535120227535,0.7142857142857143,417,425,3,0,422,430,11372,-5,0,0,-5,-5
2020-08-27,US,Oregon,Multnomah,5833,113,0,45.54747959,-122.4169351,41051.0,717.5941588598213,1.9372535573461338,5720,5810,113,0,5697,5761,811880,23,0,0,23,49
2020-08-27,US,Oregon,Polk,399,13,0,44.90322804,-123.4128888,41053.0,463.49538247081375,3.2581453634085213,386,396,13,0,383,396,85234,3,0,0,3,0
2020-08-27,US,Oregon,Sherman,16,0,0,45.41501554,-120.6827834,41055.0,898.876404494382,0.0,16,16,0,0,16,16,1708,0,0,0,0,0
2020-08-27,US,Oregon,Tillamook,38,0,0,45.46248721,-123.712066,41057.0,140.55333629235093,0.0,38,38,0,0,38,37,26787,0,0,0,0,1
2020-08-27,US,Oregon,Umatilla,2599,35,0,45.59073056,-118.7353826,41059.0,3334.1885824246306,1.3466717968449404,2564,2594,35,0,2559,2570,77516,5,0,0,5,24
2020-08-27,US,Oregon,Union,412,2,0,45.30915495,-118.0068979,41061.0,1535.3083659400033,0.4854368932038835,410,410,2,0,408,409,26461,2,0,0,2,1
2020-08-27,US,Oregon,Wallowa,22,1,0,45.57894064,-117.18353799999998,41063.0,305.2164261931188,4.545454545454546,21,22,1,0,21,22,7081,0,0,0,0,0
2020-08-27,US,Oregon,Wasco,206,3,0,45.16292781,-121.16709540000001,41065.0,772.0560677610374,1.4563106796116505,203,206,3,0,203,207,26505,0,0,0,0,-1
2020-08-27,US,Oregon,Washington,3673,39,0,45.55972701,-123.0955257,41067.0,610.546682801633,1.0618023414102913,3634,3626,35,0,3591,3610,597695,47,4,0,43,16
2020-08-27,US,Oregon,Yamhill,610,14,0,45.23330449,-123.3086963,41071.0,569.5611577964519,2.295081967213114,596,606,14,0,592,604,107002,4,0,0,4,2
2020-08-27,US,Pennsylvania,Adams,585,23,0,39.87140411,-77.21610347,42001.0,567.9115417099476,3.931623931623931,562,580,23,0,557,574,102811,5,0,0,5,6
2020-08-27,US,Pennsylvania,Allegheny,10065,304,0,40.46809875,-79.98167747,42003.0,827.6831860663051,3.0203676105315447,9761,10004,301,0,9703,9990,1218452,61,3,0,58,14
2020-08-27,US,Pennsylvania,Armstrong,301,9,0,40.81665618,-79.46290811,42005.0,464.9725805205839,2.990033222591362,292,297,9,0,288,291,65263,4,0,0,4,6
2020-08-27,US,Pennsylvania,Beaver,1532,96,0,40.6825484,-80.34921611,42007.0,934.5509336359033,6.266318537859008,1436,1526,96,0,1430,1515,164742,6,0,0,6,11
2020-08-27,US,Pennsylvania,Bedford,166,5,0,40.00522157,-78.48998442,42009.0,346.6421650517875,3.0120481927710845,161,162,5,0,157,161,48176,4,0,0,4,1
2020-08-27,US,Pennsylvania,Berks,5942,379,0,40.41570541,-75.92457766,42011.0,1410.8518296910468,6.378323796701447,5563,5916,378,0,5538,5889,420152,26,1,0,25,27
2020-08-27,US,Pennsylvania,Blair,427,11,0,40.47961444,-78.34917412,42013.0,350.49126234312035,2.5761124121779857,416,422,10,0,412,414,122492,5,1,0,4,8
2020-08-27,US,Pennsylvania,Bradford,98,3,0,41.78869215,-76.51570822,42015.0,162.45876365565374,3.0612244897959178,95,96,3,0,93,96,60833,2,0,0,2,0
2020-08-27,US,Pennsylvania,Bucks,7666,585,0,40.33682119,-75.10836643,42017.0,1220.1760389641395,7.631098356378816,7081,7641,585,0,7056,7623,628195,25,0,0,25,18
2020-08-27,US,Pennsylvania,Butler,760,18,0,40.91152759,-79.91351055,42019.0,404.5716597552341,2.3684210526315788,742,757,18,0,739,750,187888,3,0,0,3,7
2020-08-27,US,Pennsylvania,Cambria,448,4,0,40.49527404,-78.71377428,42021.0,344.10716480275283,0.8928571428571429,444,443,3,0,440,439,131730,5,1,0,4,4
2020-08-27,US,Pennsylvania,Cameron,8,0,0,41.43625568,-78.20376845,42023.0,179.89655947830002,0.0,8,8,0,0,8,8,4492,0,0,0,0,0
2020-08-27,US,Pennsylvania,Carbon,419,28,0,40.91545395,-75.7068525,42025.0,652.8310118101647,6.682577565632457,391,419,28,0,391,416,64227,0,0,0,0,3
2020-08-27,US,Pennsylvania,Centre,433,11,0,40.92058903,-77.82200624,42027.0,266.6502447886197,2.540415704387991,422,429,11,0,418,427,162805,4,0,0,4,2
2020-08-27,US,Pennsylvania,Chester,5561,355,0,39.97291773,-75.74768357,42029.0,1059.2602892632035,6.383743930947671,5206,5542,354,0,5188,5527,522046,19,1,0,18,15
2020-08-27,US,Pennsylvania,Clarion,99,3,0,41.19265812,-79.42413524,42031.0,257.5576252666632,3.0303030303030303,96,96,3,0,93,96,38779,3,0,0,3,0
2020-08-27,US,Pennsylvania,Clearfield,215,1,0,41.00110782,-78.47592663,42033.0,271.27626017285974,0.4651162790697674,214,213,1,0,212,212,79388,2,0,0,2,1
2020-08-27,US,Pennsylvania,Clinton,131,5,0,41.23255967,-77.63785995,42035.0,339.09712155725816,3.816793893129771,126,130,5,0,125,130,38684,1,0,0,1,0
2020-08-27,US,Pennsylvania,Columbia,562,35,0,41.04821986,-76.40565017,42037.0,865.0945138846132,6.227758007117437,527,546,35,0,511,532,65456,16,0,0,16,14
2020-08-27,US,Pennsylvania,Crawford,201,2,0,41.68447709,-80.10760592,42039.0,237.50723747178864,0.9950248756218906,199,193,2,0,191,192,85063,8,0,0,8,1
2020-08-27,US,Pennsylvania,Cumberland,1487,72,0,40.1625372,-77.26130755,42041.0,586.8887397876623,4.84196368527236,1415,1472,72,0,1400,1469,251423,15,0,0,15,3
2020-08-27,US,Pennsylvania,Dauphin,3214,161,0,40.41377078,-76.77993242,42043.0,1154.8729963097244,5.009334163036715,3053,3197,161,0,3036,3179,277097,17,0,0,17,18
2020-08-27,US,Pennsylvania,Delaware,10187,722,0,39.91680171,-75.40243663,42045.0,1797.451067231057,7.087464415431433,9465,10144,722,0,9422,10109,564751,43,0,0,43,35
2020-08-27,US,Pennsylvania,Elk,64,2,0,41.42822061,-78.64524744,42047.0,213.97525911066532,3.125,62,64,2,0,62,64,30169,0,0,0,0,0
2020-08-27,US,Pennsylvania,Erie,1321,30,0,41.99253829,-80.03301954,42049.0,489.7526396962866,2.2710068130204397,1291,1313,30,0,1283,1305,272061,8,0,0,8,8
2020-08-27,US,Pennsylvania,Fayette,674,6,0,39.92041012,-79.64291195,42051.0,521.3732072961307,0.8902077151335311,668,665,6,0,659,663,130441,9,0,0,9,2
2020-08-27,US,Pennsylvania,Forest,14,0,0,41.51095103,-79.23229292,42053.0,193.1833862287843,0.0,14,14,0,0,14,13,7279,0,0,0,0,1
2020-08-27,US,Pennsylvania,Franklin,1493,46,0,39.92956518,-77.72157791,42055.0,963.0580479529373,3.0810448760884124,1447,1488,46,0,1442,1483,154835,5,0,0,5,5
2020-08-27,US,Pennsylvania,Fulton,34,2,0,39.92913544,-78.11163677,42057.0,233.9986235375086,5.882352941176472,32,34,2,0,32,34,14523,0,0,0,0,0
2020-08-27,US,Pennsylvania,Greene,135,1,0,39.85746531,-80.22357106,42059.0,372.5885242734524,0.7407407407407407,134,135,1,0,134,135,36506,0,0,0,0,0
2020-08-27,US,Pennsylvania,Huntingdon,354,5,0,40.42162652,-77.97673273,42061.0,784.1573631047314,1.4124293785310735,349,350,5,0,345,350,45168,4,0,0,4,0
2020-08-27,US,Pennsylvania,Indiana,412,10,0,40.65241041,-79.08963285,42063.0,490.05031341810087,2.4271844660194173,402,411,10,0,401,404,84501,1,0,0,1,7
2020-08-27,US,Pennsylvania,Jefferson,96,1,0,41.12913106,-78.9986361,42065.0,221.07081174438687,1.0416666666666667,95,95,1,0,94,94,43641,1,0,0,1,1
2020-08-27,US,Pennsylvania,Juniata,149,6,0,40.53358749,-77.39975129999998,42067.0,601.7041553931267,4.026845637583893,143,146,6,0,140,143,24704,3,0,0,3,3
2020-08-27,US,Pennsylvania,Lackawanna,2012,213,0,41.43564672,-75.60379201,42069.0,959.5848793841867,10.58648111332008,1799,2008,213,0,1795,2002,210793,4,0,0,4,6
2020-08-27,US,Pennsylvania,Lancaster,6578,429,0,40.03904563,-76.24770128,42071.0,1205.3712132873027,6.521739130434782,6149,6547,429,0,6118,6518,543557,31,0,0,31,29
2020-08-27,US,Pennsylvania,Lawrence,450,18,0,40.99206278,-80.33393706,42073.0,526.2419309570587,4.0,432,445,18,0,427,443,86184,5,0,0,5,2
2020-08-27,US,Pennsylvania,Lebanon,1694,57,0,40.36680311,-76.45651841,42075.0,1194.6993151989168,3.3648170011806378,1637,1685,57,0,1628,1681,141314,9,0,0,9,4
2020-08-27,US,Pennsylvania,Lehigh,5152,342,0,40.6154815,-75.59435245,42077.0,1395.0037636941604,6.638198757763974,4810,5139,342,0,4797,5135,368100,13,0,0,13,4
2020-08-27,US,Pennsylvania,Luzerne,3730,187,0,41.17823008,-75.98447579,42079.0,1175.1103438064124,5.0134048257372665,3543,3720,187,0,3533,3712,317646,10,0,0,10,8
2020-08-27,US,Pennsylvania,Lycoming,501,22,0,41.34310539,-77.06629984,42081.0,442.1927819309967,4.391217564870258,479,498,22,0,476,492,113664,3,0,0,3,6
2020-08-27,US,Pennsylvania,McKean,36,1,0,41.80938602,-78.56478358,42083.0,88.61538461538461,2.7777777777777777,35,35,1,0,34,35,40968,1,0,0,1,0
2020-08-27,US,Pennsylvania,Mercer,539,13,0,41.30248872,-80.25816981,42085.0,492.5793244626408,2.411873840445269,526,537,13,0,524,534,110683,2,0,0,2,3
2020-08-27,US,Pennsylvania,Mifflin,152,1,0,40.61116939,-77.61070738,42087.0,329.4464432788592,0.6578947368421053,151,146,1,0,145,141,46222,6,0,0,6,5
2020-08-27,US,Pennsylvania,Monroe,1704,127,0,41.05934058,-75.34031025,42089.0,1000.7576158006942,7.453051643192487,1577,1700,127,0,1573,1701,169507,4,0,0,4,-1
2020-08-27,US,Pennsylvania,Montgomery,10871,861,0,40.21053671,-75.36652296,42091.0,1308.3167351654504,7.920154539600773,10010,10818,862,0,9956,10784,828604,53,-1,0,54,34
2020-08-27,US,Pennsylvania,Montour,126,4,0,41.03023987,-76.66345939,42093.0,691.1684037301152,3.1746031746031744,122,126,4,0,122,124,18240,0,0,0,0,2
2020-08-27,US,Pennsylvania,Northampton,4080,299,0,40.75182733,-75.30471829,42095.0,1336.4560983998558,7.328431372549018,3781,4073,298,0,3775,4068,304807,7,1,0,6,5
2020-08-27,US,Pennsylvania,Northumberland,652,31,0,40.84785433,-76.70798222,42097.0,717.7217837367766,4.754601226993866,621,641,31,0,610,638,91083,11,0,0,11,3
2020-08-27,US,Pennsylvania,Perry,172,5,0,40.40206612,-77.26297447,42099.0,371.7150760719225,2.9069767441860463,167,165,5,0,160,162,46139,7,0,0,7,3
2020-08-27,US,Pennsylvania,Philadelphia,33343,1749,0,40.00338507,-75.1379271,42101.0,2104.9023271787,5.2454788111447685,31594,33255,1749,0,31506,33139,1584138,88,0,0,88,116
2020-08-27,US,Pennsylvania,Pike,537,21,0,41.33155042,-75.03208106,42103.0,962.2103961726604,3.910614525139665,516,536,21,0,515,535,55933,1,0,0,1,1
2020-08-27,US,Pennsylvania,Potter,24,0,0,41.74471626,-77.89559864,42105.0,145.22570494977614,0.0,24,24,0,0,24,24,16622,0,0,0,0,0
2020-08-27,US,Pennsylvania,Schuylkill,980,51,0,40.70497338,-76.2150785,42107.0,693.2703259077948,5.204081632653062,929,976,51,0,925,975,142067,4,0,0,4,1
2020-08-27,US,Pennsylvania,Snyder,148,2,0,40.77129231,-77.06840691,42109.0,366.59070643019913,1.351351351351351,146,148,2,0,146,144,40540,0,0,0,0,4
2020-08-27,US,Pennsylvania,Somerset,161,3,0,39.97172723,-79.02699593,42111.0,219.2056857325691,1.8633540372670807,158,160,3,0,157,157,73952,1,0,0,1,3
2020-08-27,US,Pennsylvania,Sullivan,10,0,0,41.44634738,-76.51246591,42113.0,164.85328058028355,0.0,10,10,0,0,10,10,6071,0,0,0,0,0
2020-08-27,US,Pennsylvania,Susquehanna,255,27,0,41.82147784,-75.80071959,42115.0,632.3150168617337,10.588235294117649,228,252,27,0,225,249,40589,3,0,0,3,3
2020-08-27,US,Pennsylvania,Tioga,46,3,0,41.77255149,-77.25433032,42117.0,113.32561405237614,6.521739130434782,43,46,3,0,43,46,40763,0,0,0,0,0
2020-08-27,US,Pennsylvania,Union,359,4,0,40.96188846,-77.05996014,42119.0,799.1452040157602,1.1142061281337048,355,359,4,0,355,359,44785,0,0,0,0,0
2020-08-27,US,Pennsylvania,Venango,70,1,0,41.40323442,-79.75845449,42121.0,138.15425909844478,1.4285714285714286,69,70,1,0,69,70,51266,0,0,0,0,0
2020-08-27,US,Pennsylvania,Warren,26,1,0,41.81304978,-79.26969577,42123.0,66.34176213926665,3.8461538461538463,25,26,1,0,25,26,39498,0,0,0,0,0
2020-08-27,US,Pennsylvania,Washington,1001,25,0,40.19208869,-80.24582867,42125.0,483.8904599618109,2.4975024975024973,976,994,24,0,970,983,207346,7,1,0,6,11
2020-08-27,US,Pennsylvania,Wayne,175,10,0,41.64938475,-75.29956506,42127.0,340.7254531648527,5.7142857142857135,165,175,10,0,165,175,51276,0,0,0,0,0
2020-08-27,US,Pennsylvania,Westmoreland,1778,49,0,40.31377979999999,-79.46615476,42129.0,509.603065643639,2.755905511811024,1729,1763,49,0,1714,1748,350611,15,0,0,15,15
2020-08-27,US,Pennsylvania,Wyoming,65,8,0,41.51955538,-76.01074915,42131.0,242.59162499066954,12.307692307692307,57,65,8,0,57,65,27046,0,0,0,0,0
2020-08-27,US,Pennsylvania,York,3232,117,0,39.9210089,-76.73040131,42133.0,719.7288546245695,3.6200495049504955,3115,3189,116,0,3073,3158,448273,43,1,0,42,31
2020-08-27,US,Puerto Rico,Adjuntas,119,0,0,18.180117000000006,-66.754367,72001.0,610.7888928809733,0.0,119,117,0,0,117,117,,2,0,0,2,0
2020-08-27,US,Puerto Rico,Aguada,202,0,0,18.360255,-67.17513100000001,72003.0,481.42234085655036,0.0,202,200,0,0,200,200,,2,0,0,2,0
2020-08-27,US,Puerto Rico,Aguadilla,298,0,0,18.459681,-67.12081500000001,72005.0,488.9333705228962,0.0,298,293,0,0,293,293,,5,0,0,5,0
2020-08-27,US,Puerto Rico,Aguas Buenas,188,0,0,18.251619,-66.126806,72007.0,655.9893925119509,0.0,188,184,0,0,184,184,,4,0,0,4,0
2020-08-27,US,Puerto Rico,Aibonito,119,0,0,18.131361,-66.264131,72009.0,459.45945945945954,0.0,119,118,0,0,118,117,,1,0,0,1,1
2020-08-27,US,Puerto Rico,Anasco,182,0,0,18.287985,-67.120611,72011.0,621.9883120877619,0.0,182,180,0,0,180,180,,2,0,0,2,0
2020-08-27,US,Puerto Rico,Arecibo,477,0,0,18.406631,-66.675077,72013.0,494.6080464537537,0.0,477,462,0,0,462,458,,15,0,0,15,4
2020-08-27,US,Puerto Rico,Arroyo,119,0,0,17.998457000000005,-66.056546,72015.0,607.9182630906769,0.0,119,117,0,0,117,115,,2,0,0,2,2
2020-08-27,US,Puerto Rico,Barceloneta,119,0,0,18.445532999999998,-66.56053100000001,72017.0,479.5293359123146,0.0,119,117,0,0,117,117,,2,0,0,2,0
2020-08-27,US,Puerto Rico,Barranquitas,323,0,0,18.201592,-66.30963,72019.0,1065.3737053895377,0.0,323,316,0,0,316,314,,7,0,0,7,2
2020-08-27,US,Puerto Rico,Bayamon,2384,0,0,18.34946,-66.168435,72021.0,1145.5150012493034,0.0,2384,2309,0,0,2309,2296,,75,0,0,75,13
2020-08-27,US,Puerto Rico,Cabo Rojo,268,0,0,18.040993,-67.154391,72023.0,526.346799693619,0.0,268,264,0,0,264,263,,4,0,0,4,1
2020-08-27,US,Puerto Rico,Caguas,1044,0,0,18.211615,-66.050779,72025.0,730.6166152295772,0.0,1044,1032,0,0,1032,1030,,12,0,0,12,2
2020-08-27,US,Puerto Rico,Camuy,188,0,0,18.418578,-66.860206,72027.0,534.7137290594159,0.0,188,187,0,0,187,186,,1,0,0,1,1
2020-08-27,US,Puerto Rico,Canovanas,489,0,0,18.328802,-65.887612,72029.0,1026.2760241773003,0.0,489,483,0,0,483,481,,6,0,0,6,2
2020-08-27,US,Puerto Rico,Carolina,1766,0,0,18.374986,-65.95683100000001,72031.0,999.0835134248313,0.0,1766,1732,0,0,1732,1728,,34,0,0,34,4
2020-08-27,US,Puerto Rico,Catano,281,0,0,18.437269,-66.14330600000001,72033.0,998.5785358919687,0.0,281,279,0,0,279,277,,2,0,0,2,2
2020-08-27,US,Puerto Rico,Cayey,251,0,0,18.102851,-66.14914,72035.0,521.6234751345622,0.0,251,246,0,0,246,246,,5,0,0,5,0
2020-08-27,US,Puerto Rico,Ceiba,82,0,0,18.251818,-65.666416,72037.0,601.5699508473332,0.0,82,82,0,0,82,82,,0,0,0,0,0
2020-08-27,US,Puerto Rico,Ciales,186,0,0,18.28885,-66.516475,72039.0,990.3098711532318,0.0,186,182,0,0,182,182,,4,0,0,4,0
2020-08-27,US,Puerto Rico,Cidra,235,0,0,18.173559,-66.161179,72041.0,540.4783808647654,0.0,235,233,0,0,233,233,,2,0,0,2,0
2020-08-27,US,Puerto Rico,Coamo,199,0,0,18.097597,-66.36014,72043.0,491.2124802527646,0.0,199,199,0,0,199,199,,0,0,0,0,0
2020-08-27,US,Puerto Rico,Comerio,164,0,0,18.224687,-66.221622,72045.0,789.2963711618057,0.0,164,160,0,0,160,160,,4,0,0,4,0
2020-08-27,US,Puerto Rico,Corozal,376,0,0,18.304264,-66.327738,72047.0,1012.3310537935492,0.0,376,361,0,0,361,359,,15,0,0,15,2
2020-08-27,US,Puerto Rico,Culebra,20,0,0,18.31586,-65.28813000000001,72049.0,1100.1100110011,0.0,20,19,0,0,19,19,,1,0,0,1,0
2020-08-27,US,Puerto Rico,Dorado,455,0,0,18.436115,-66.278669,72051.0,1192.1917987685056,0.0,455,449,0,0,449,449,,6,0,0,6,0
2020-08-27,US,Puerto Rico,Fajardo,334,0,0,18.318373,-65.666866,72053.0,902.8735166112508,0.0,334,329,0,0,329,330,,5,0,0,5,-1
2020-08-27,US,Puerto Rico,Florida,204,0,0,18.373715,-66.560488,72054.0,1608.8328075709778,0.0,204,203,0,0,203,203,,1,0,0,1,0
2020-08-27,US,Puerto Rico,Guanica,78,0,0,17.982429,-66.91964300000001,72055.0,401.5030627477223,0.0,78,76,0,0,76,75,,2,0,0,2,1
2020-08-27,US,Puerto Rico,Guayama,214,0,0,18.007516,-66.13390799999999,72057.0,471.7605043869318,0.0,214,212,0,0,212,212,,2,0,0,2,0
2020-08-27,US,Puerto Rico,Guayanilla,142,0,0,18.039942,-66.79186,72059.0,657.9861915573886,0.0,142,139,0,0,139,139,,3,0,0,3,0
2020-08-27,US,Puerto Rico,Guaynabo,1203,0,0,18.345114000000002,-66.11452299999999,72061.0,1228.503737592419,0.0,1203,1173,0,0,1173,1166,,30,0,0,30,7
2020-08-27,US,Puerto Rico,Gurabo,346,0,0,18.266461,-65.97970500000001,72063.0,762.6352795962,0.0,346,339,0,0,339,338,,7,0,0,7,1
2020-08-27,US,Puerto Rico,Hatillo,183,0,0,18.410928,-66.79632600000001,72065.0,436.2024169904417,0.0,183,168,0,0,168,166,,15,0,0,15,2
2020-08-27,US,Puerto Rico,Hormigueros,118,0,0,18.134532,-67.113972,72067.0,684.0579710144928,0.0,118,118,0,0,118,118,,0,0,0,0,0
2020-08-27,US,Puerto Rico,Humacao,286,0,0,18.145211,-65.810174,72069.0,489.1731946772483,0.0,286,282,0,0,282,281,,4,0,0,4,1
2020-08-27,US,Puerto Rico,Isabela,191,0,0,18.44981,-67.005093,72071.0,418.5750914948171,0.0,191,184,0,0,184,183,,7,0,0,7,1
2020-08-27,US,Puerto Rico,Jayuya,198,0,0,18.211446,-66.58878,72073.0,1189.7608460521574,0.0,198,197,0,0,197,197,,1,0,0,1,0
2020-08-27,US,Puerto Rico,Juana Diaz,247,0,0,18.050764,-66.49458100000001,72075.0,309.14802808616093,0.0,247,243,0,0,243,243,,4,0,0,4,0
2020-08-27,US,Puerto Rico,Juncos,225,0,0,18.223793,-65.909109,72077.0,558.4512285927028,0.0,225,219,0,0,219,219,,6,0,0,6,0
2020-08-27,US,Puerto Rico,Lajas,109,0,0,18.011661,-67.040585,72079.0,423.2516600007766,0.0,109,108,0,0,108,108,,1,0,0,1,0
2020-08-27,US,Puerto Rico,Lares,234,0,0,18.269035000000002,-66.867236,72081.0,760.9013754755632,0.0,234,231,0,0,231,231,,3,0,0,3,0
2020-08-27,US,Puerto Rico,Las Marias,80,0,0,18.23679,-66.98362,72083.0,809.6346523631212,0.0,80,80,0,0,80,80,,0,0,0,0,0
2020-08-27,US,Puerto Rico,Las Piedras,256,0,0,18.187527,-65.86946800000001,72085.0,661.9263089851326,0.0,256,247,0,0,247,246,,9,0,0,9,1
2020-08-27,US,Puerto Rico,Loiza,176,0,0,18.425688,-65.89943000000001,72087.0,585.4956753160346,0.0,176,171,0,0,171,171,,5,0,0,5,0
2020-08-27,US,Puerto Rico,Luquillo,169,0,0,18.342114000000002,-65.72509699999999,72089.0,842.1367351006578,0.0,169,165,0,0,165,163,,4,0,0,4,2
2020-08-27,US,Puerto Rico,Manati,343,0,0,18.420473,-66.490461,72091.0,777.5485684492099,0.0,343,336,0,0,336,334,,7,0,0,7,2
2020-08-27,US,Puerto Rico,Maricao,50,0,0,18.171795,-66.942126,72093.0,796.6857871255577,0.0,50,50,0,0,50,50,,0,0,0,0,0
2020-08-27,US,Puerto Rico,Maunabo,82,0,0,18.017889,-65.922235,72095.0,670.7566462167689,0.0,82,79,0,0,79,79,,3,0,0,3,0
2020-08-27,US,Puerto Rico,Mayaguez,612,0,0,18.2013,-67.1452,72097.0,687.0229007633587,0.0,612,607,0,0,607,607,,5,0,0,5,0
2020-08-27,US,Puerto Rico,Moca,245,0,0,18.377805,-67.080952,72099.0,610.8354733351617,0.0,245,242,0,0,242,242,,3,0,0,3,0
2020-08-27,US,Puerto Rico,Morovis,368,0,0,18.316963,-66.420383,72101.0,1128.4881938055812,0.0,368,356,0,0,356,356,,12,0,0,12,0
2020-08-27,US,Puerto Rico,Naguabo,127,0,0,18.230636999999998,-65.753897,72103.0,475.2994011976048,0.0,127,123,0,0,123,122,,4,0,0,4,1
2020-08-27,US,Puerto Rico,Naranjito,437,0,0,18.288019,-66.252703,72105.0,1437.405433853036,0.0,437,422,0,0,422,421,,15,0,0,15,1
2020-08-27,US,Puerto Rico,Orocovis,267,0,0,18.215046,-66.433604,72107.0,1139.9052213636169,0.0,267,266,0,0,266,266,,1,0,0,1,0
2020-08-27,US,Puerto Rico,Out of PR,738,0,0,0.0,0.0,72888.0,0.0,0.0,738,734,0,0,734,727,,4,0,0,4,7
2020-08-27,US,Puerto Rico,Patillas,130,0,0,18.03174,-66.012242,72109.0,674.3787933807128,0.0,130,130,0,0,130,128,,0,0,0,0,2
2020-08-27,US,Puerto Rico,Penuelas,96,0,0,18.059645,-66.721572,72111.0,395.3545836422042,0.0,96,93,0,0,93,93,,3,0,0,3,0
2020-08-27,US,Puerto Rico,Ponce,633,0,0,18.059498,-66.613748,72113.0,380.5756130994968,0.0,633,624,0,0,624,622,,9,0,0,9,2
2020-08-27,US,Puerto Rico,Quebradillas,109,0,0,18.439692,-66.926113,72115.0,420.54091593039857,0.0,109,106,0,0,106,106,,3,0,0,3,0
2020-08-27,US,Puerto Rico,Rincon,123,0,0,18.335442999999998,-67.23174,72117.0,809.2105263157895,0.0,123,123,0,0,123,123,,0,0,0,0,0
2020-08-27,US,Puerto Rico,Rio Grande,414,0,0,18.346329,-65.813742,72119.0,762.3747790218033,0.0,414,411,0,0,411,409,,3,0,0,3,2
2020-08-27,US,Puerto Rico,Sabana Grande,155,0,0,18.08282,-66.943758,72121.0,613.4969325153372,0.0,155,153,0,0,153,153,,2,0,0,2,0
2020-08-27,US,Puerto Rico,Salinas,295,0,0,18.010386999999994,-66.256592,72123.0,949.2245318231546,0.0,295,292,0,0,292,292,,3,0,0,3,0
2020-08-27,US,Puerto Rico,San German,186,0,0,18.111484,-67.03858100000001,72125.0,523.5454724575675,0.0,186,185,0,0,185,185,,1,0,0,1,0
2020-08-27,US,Puerto Rico,San Juan,4993,0,0,18.386933,-66.061128,72127.0,1263.0082514178173,0.0,4993,4886,0,0,4886,4860,,107,0,0,107,26
2020-08-27,US,Puerto Rico,San Lorenzo,248,0,0,18.147987,-65.976392,72129.0,604.0235764041113,0.0,248,238,0,0,238,237,,10,0,0,10,1
2020-08-27,US,Puerto Rico,San Sebastian,272,0,0,18.328646,-66.971214,72131.0,641.0558567051613,0.0,272,270,0,0,270,270,,2,0,0,2,0
2020-08-27,US,Puerto Rico,Santa Isabel,123,0,0,17.994525,-66.388913,72133.0,528.4867233823152,0.0,123,123,0,0,123,123,,0,0,0,0,0
2020-08-27,US,Puerto Rico,Toa Alta,858,0,0,18.362406,-66.246616,72135.0,1158.4262684632624,0.0,858,833,0,0,833,831,,25,0,0,25,2
2020-08-27,US,Puerto Rico,Toa Baja,844,0,0,18.431445999999998,-66.213553,72137.0,941.8696782689238,0.0,844,827,0,0,827,822,,17,0,0,17,5
2020-08-27,US,Puerto Rico,Trujillo Alto,712,0,0,18.336159,-65.99888399999999,72139.0,951.3374843002592,0.0,712,696,0,0,696,693,,16,0,0,16,3
2020-08-27,US,Puerto Rico,Unassigned,591,412,0,0.0,0.0,72999.0,0.0,69.71235194585448,179,572,404,0,168,656,,19,8,0,11,-84
2020-08-27,US,Puerto Rico,Utuado,98,0,0,18.271214,-66.702984,72141.0,295.63486078011397,0.0,98,94,0,0,94,94,,4,0,0,4,0
2020-08-27,US,Puerto Rico,Vega Alta,415,0,0,18.409346,-66.33725,72143.0,1038.7724963079772,0.0,415,397,0,0,397,397,,18,0,0,18,0
2020-08-27,US,Puerto Rico,Vega Baja,623,0,0,18.428262,-66.397924,72145.0,1044.2157487177767,0.0,623,616,0,0,616,615,,7,0,0,7,1
2020-08-27,US,Puerto Rico,Vieques,84,0,0,18.123276,-65.44097099999999,72147.0,903.1286958391572,0.0,84,82,0,0,82,82,,2,0,0,2,0
2020-08-27,US,Puerto Rico,Villalba,92,0,0,18.127951,-66.473115,72149.0,352.85544432938286,0.0,92,92,0,0,92,92,,0,0,0,0,0
2020-08-27,US,Puerto Rico,Yabucoa,187,0,0,18.070399,-65.896289,72151.0,492.8705094752379,0.0,187,183,0,0,183,181,,4,0,0,4,2
2020-08-27,US,Puerto Rico,Yauco,306,0,0,18.080374,-66.858814,72153.0,727.8262731013485,0.0,306,298,0,0,298,298,,8,0,0,8,0
2020-08-27,US,Rhode Island,Bristol,349,0,0,41.71018079,-71.28652315,44001.0,719.8993378576291,0.0,349,349,0,0,349,329,48649,0,0,0,0,20
2020-08-27,US,Rhode Island,Kent,1664,0,0,41.67106337,-71.57641596,44003.0,1012.8308134297473,0.0,1664,1664,0,0,1664,1592,163861,0,0,0,0,72
2020-08-27,US,Rhode Island,Newport,434,0,0,41.5642026,-71.26569799,44005.0,528.7395531297972,0.0,434,434,0,0,434,411,82542,0,0,0,0,23
2020-08-27,US,Rhode Island,Providence,16668,0,0,41.87064746,-71.57753536,44007.0,2608.7323983340925,0.0,16668,16668,0,0,16668,16142,636084,0,0,0,0,526
2020-08-27,US,Rhode Island,Unassigned,1780,1044,0,0.0,0.0,90044.0,0.0,58.65168539325842,736,1645,1041,0,604,2239,,135,3,0,132,-594
2020-08-27,US,Rhode Island,Washington,694,0,0,41.45961631,-71.61435303,44009.0,552.6489723436616,0.0,694,694,0,0,694,659,126179,0,0,0,0,35
2020-08-27,US,South Carolina,Abbeville,394,10,0,34.22333378,-82.46170658,45001.0,1606.3929547029807,2.538071065989848,384,393,10,0,383,388,24541,1,0,0,1,5
2020-08-27,US,South Carolina,Aiken,2293,57,0,33.54338026,-81.63645384,45003.0,1341.9401657380965,2.4858264282599216,2236,2277,57,0,2220,2255,169401,16,0,0,16,22
2020-08-27,US,South Carolina,Allendale,285,6,0,32.98837386,-81.35321066,45005.0,3280.3867403314916,2.1052631578947367,279,283,6,0,277,279,8903,2,0,0,2,4
2020-08-27,US,South Carolina,Anderson,2997,110,0,34.51828081,-82.63959517,45007.0,1479.5762201443536,3.6703370036703373,2887,2978,104,0,2874,2942,200482,19,6,0,13,36
2020-08-27,US,South Carolina,Bamberg,524,27,0,33.21927586,-81.05659969,45009.0,3725.295037679511,5.1526717557251915,497,523,27,0,496,523,14275,1,0,0,1,0
2020-08-27,US,South Carolina,Barnwell,521,13,0,33.26679302,-81.43584352,45011.0,2496.884884501102,2.4952015355086368,508,516,12,0,504,514,21112,5,1,0,4,2
2020-08-27,US,South Carolina,Beaufort,4635,65,0,32.39226291,-80.72619758,45013.0,2412.5295385223967,1.4023732470334411,4570,4627,64,0,4563,4596,188715,8,1,0,7,31
2020-08-27,US,South Carolina,Berkeley,4676,76,0,33.20222596,-79.94654523,45015.0,2051.7140763557063,1.6253207869974338,4600,4658,76,0,4582,4640,221091,18,0,0,18,18
2020-08-27,US,South Carolina,Calhoun,404,15,0,33.66926881,-80.77722168,45017.0,2776.0599189170616,3.712871287128713,389,407,15,0,392,405,14520,-3,0,0,-3,2
2020-08-27,US,South Carolina,Charleston,13503,231,0,32.82487866,-79.96512315,45019.0,3282.159229568844,1.7107309486780715,13272,13478,230,0,13248,13440,405905,25,1,0,24,38
2020-08-27,US,South Carolina,Cherokee,765,32,0,35.05122251,-81.61828622,45021.0,1335.0785340314135,4.183006535947713,733,764,31,0,733,762,57078,1,1,0,0,2
2020-08-27,US,South Carolina,Chester,829,18,0,34.69249168,-81.1583216,45023.0,2571.0209651408013,2.1712907117008444,811,823,17,0,806,824,32251,6,1,0,5,-1
2020-08-27,US,South Carolina,Chesterfield,937,25,0,34.64137396,-80.15640140000002,45025.0,2052.5739320920043,2.6680896478121663,912,928,24,0,904,922,45754,9,1,0,8,6
2020-08-27,US,South Carolina,Clarendon,959,62,0,33.66610974,-80.21647898,45027.0,2841.902504074678,6.465067778936392,897,956,61,0,895,951,33700,3,1,0,2,5
2020-08-27,US,South Carolina,Colleton,877,39,0,32.87582989,-80.67641292,45029.0,2327.6800169864905,4.446978335233752,838,875,38,0,837,872,37660,2,1,0,1,3
2020-08-27,US,South Carolina,Darlington,1592,45,0,34.33358335,-79.96027485,45031.0,2389.744513494851,2.8266331658291457,1547,1582,45,0,1537,1576,66802,10,0,0,10,6
2020-08-27,US,South Carolina,Dillon,735,28,0,34.39007791,-79.37741872,45033.0,2411.496440171921,3.809523809523809,707,721,28,0,693,720,30599,14,0,0,14,1
2020-08-27,US,South Carolina,Dorchester,3484,72,0,33.0794369,-80.40502652,45035.0,2139.930839204221,2.066590126291618,3412,3471,71,0,3400,3463,160647,13,1,0,12,8
2020-08-27,US,South Carolina,Edgefield,485,11,0,33.77221995,-81.96231108,45037.0,1779.1636096845193,2.268041237113402,474,483,10,0,473,467,27052,2,1,0,1,16
2020-08-27,US,South Carolina,Fairfield,623,28,0,34.39287073,-81.1195624,45039.0,2787.8462433436257,4.49438202247191,595,620,26,0,594,618,22402,3,2,0,1,2
2020-08-27,US,South Carolina,Florence,4120,149,0,34.02361754,-79.70189312,45041.0,2979.1818819463024,3.6165048543689315,3971,4103,147,0,3956,4079,138159,17,2,0,15,24
2020-08-27,US,South Carolina,Georgetown,1699,37,0,33.43443342,-79.33202141,45043.0,2710.593490746649,2.177751618599176,1662,1691,37,0,1654,1677,62249,8,0,0,8,14
2020-08-27,US,South Carolina,Greenville,11851,253,0,34.89502264,-82.37295012,45045.0,2263.619728694164,2.1348409416926843,11598,11835,248,0,11587,11804,514213,16,5,0,11,31
2020-08-27,US,South Carolina,Greenwood,1761,37,0,34.15272415,-82.12715789,45047.0,2486.9017525525696,2.1010789324247585,1724,1746,32,0,1714,1720,70741,15,5,0,10,26
2020-08-27,US,South Carolina,Hampton,523,21,0,32.77419582,-81.13845571,45049.0,2720.8407033607323,4.0152963671128115,502,523,21,0,502,519,19351,0,0,0,0,4
2020-08-27,US,South Carolina,Horry,9239,178,0,33.9212828,-78.99555293,45051.0,2609.289964725585,1.9266154345708408,9061,9186,178,0,9008,9157,344147,53,0,0,53,29
2020-08-27,US,South Carolina,Jasper,676,18,0,32.43171982,-81.02487495,45053.0,2247.863532071958,2.662721893491124,658,678,18,0,660,669,28971,-2,0,0,-2,9
2020-08-27,US,South Carolina,Kershaw,1550,29,0,34.33988254,-80.58763164,45055.0,2329.040885937101,1.870967741935484,1521,1540,29,0,1511,1534,65592,10,0,0,10,6
2020-08-27,US,South Carolina,Lancaster,1582,35,0,34.68270843,-80.70513032,45057.0,1614.0880708484674,2.2123893805309733,1547,1568,35,0,1533,1563,95380,14,0,0,14,5
2020-08-27,US,South Carolina,Laurens,1456,54,0,34.48244419,-82.00490796,45059.0,2157.2607529669745,3.708791208791209,1402,1451,54,0,1397,1449,66994,5,0,0,5,2
2020-08-27,US,South Carolina,Lee,627,30,0,34.16393091,-80.25690731,45061.0,3725.9329688614216,4.784688995215312,597,624,30,0,594,615,17142,3,0,0,3,9
2020-08-27,US,South Carolina,Lexington,5550,134,0,33.89665987,-81.27146426,45063.0,1857.7405857740591,2.414414414414414,5416,5524,133,0,5391,5518,295032,26,1,0,25,6
2020-08-27,US,South Carolina,Marion,661,17,0,34.07859748,-79.36400756,45067.0,2156.114427373846,2.571860816944024,644,656,17,0,639,650,31039,5,0,0,5,6
2020-08-27,US,South Carolina,Marlboro,670,5,0,34.59905577,-79.67561152,45069.0,2565.2806493605945,0.746268656716418,665,660,5,0,655,656,26398,10,0,0,10,4
2020-08-27,US,South Carolina,McCormick,157,4,0,33.90161443,-82.30794338,45065.0,1659.0933107893902,2.5477707006369426,153,155,4,0,151,153,9410,2,0,0,2,2
2020-08-27,US,South Carolina,Newberry,938,15,0,34.28629098,-81.59935761,45071.0,2440.1664932362123,1.5991471215351811,923,934,14,0,920,929,38520,4,1,0,3,5
2020-08-27,US,South Carolina,Oconee,999,18,0,34.75225169,-83.06742317,45073.0,1255.8771025570109,1.8018018018018016,981,998,18,0,980,995,78374,1,0,0,1,3
2020-08-27,US,South Carolina,Orangeburg,2776,94,0,33.4391073,-80.79886287,45075.0,3221.351900203076,3.3861671469740635,2682,2765,93,0,2672,2761,86934,11,1,0,10,4
2020-08-27,US,South Carolina,Pickens,2118,33,0,34.88807695,-82.72791551,45077.0,1669.2411966835848,1.5580736543909348,2085,2113,31,0,2082,2100,124937,5,2,0,3,13
2020-08-27,US,South Carolina,Richland,10257,193,0,34.01791263,-80.90267209,45079.0,2467.0542309366724,1.8816418055961783,10064,10179,190,0,9989,10084,414576,78,3,0,75,95
2020-08-27,US,South Carolina,Saluda,534,12,0,34.00795823,-81.72713237,45081.0,2608.313388365164,2.247191011235955,522,529,11,0,518,526,20544,5,1,0,4,3
2020-08-27,US,South Carolina,Spartanburg,4823,142,0,34.92960077,-81.99225984,45083.0,1508.2008224275683,2.94422558573502,4681,4804,132,0,4672,4778,313888,19,10,0,9,26
2020-08-27,US,South Carolina,Sumter,2793,63,0,33.91826534,-80.37942316,45085.0,2617.1044124399136,2.255639097744361,2730,2779,61,0,2718,2754,106512,14,2,0,12,25
2020-08-27,US,South Carolina,Union,442,5,0,34.68835752,-81.61730349,45087.0,1618.0992824718114,1.1312217194570136,437,443,5,0,438,440,27410,-1,0,0,-1,3
2020-08-27,US,South Carolina,Williamsburg,1171,36,0,33.62190129,-79.72767442,45089.0,3856.032665964173,3.0742954739538857,1135,1165,35,0,1130,1152,30606,6,1,0,5,13
2020-08-27,US,South Carolina,York,4107,46,0,34.97281497,-81.18085944,45091.0,1461.6750718025191,1.1200389578767955,4061,4081,43,0,4038,4049,274118,26,3,0,23,32
2020-08-27,US,South Dakota,Aurora,42,0,0,43.71757685,-98.56050467,46003.0,1526.7175572519086,0.0,42,42,0,0,42,42,2801,0,0,0,0,0
2020-08-27,US,South Dakota,Beadle,621,9,0,44.41464384,-98.27858469,46005.0,3365.3064542350844,1.4492753623188406,612,620,9,0,611,619,18883,1,0,0,1,1
2020-08-27,US,South Dakota,Bennett,18,0,0,43.19486375,-101.6665572,46007.0,534.9182763744428,0.0,18,13,0,0,13,11,3468,5,0,0,5,2
2020-08-27,US,South Dakota,Bon Homme,47,1,0,42.98914167,-97.88592746,46009.0,681.0607158382842,2.127659574468085,46,39,1,0,38,39,6980,8,0,0,8,0
2020-08-27,US,South Dakota,Brookings,224,1,0,44.36974375,-96.79079945,46011.0,638.5950908002395,0.44642857142857145,223,197,1,0,196,195,35232,27,0,0,27,2
2020-08-27,US,South Dakota,Brown,604,3,0,45.58994323,-98.35165355,46013.0,1555.1378768763354,0.4966887417218543,601,562,3,0,559,561,39316,42,0,0,42,1
2020-08-27,US,South Dakota,Brule,55,0,0,43.71756379,-99.08118954,46015.0,1038.3235793845572,0.0,55,50,0,0,50,50,5229,5,0,0,5,0
2020-08-27,US,South Dakota,Buffalo,109,3,0,44.07657829,-99.20814467,46017.0,5555.555555555556,2.7522935779816518,106,109,3,0,106,109,2036,0,0,0,0,0
2020-08-27,US,South Dakota,Butte,41,1,0,44.90608745,-103.5079318,46019.0,393.1345287179979,2.4390243902439024,40,33,1,0,32,31,10222,8,0,0,8,2
2020-08-27,US,South Dakota,Campbell,4,0,0,45.77074915,-100.0510181,46021.0,290.6976744186046,0.0,4,4,0,0,4,4,1377,0,0,0,0,0
2020-08-27,US,South Dakota,Charles Mix,117,0,0,43.20660134,-98.58856175,46023.0,1259.1476538958245,0.0,117,116,0,0,116,116,9338,1,0,0,1,0
2020-08-27,US,South Dakota,Clark,18,0,0,44.85834507,-97.72925109,46025.0,481.7987152034261,0.0,18,18,0,0,18,18,3739,0,0,0,0,0
2020-08-27,US,South Dakota,Clay,230,1,0,42.91296147,-96.97656917,46027.0,1634.6837242359632,0.43478260869565216,229,176,1,0,175,176,14041,54,0,0,54,0
2020-08-27,US,South Dakota,Codington,243,1,0,44.97788119,-97.18827677,46029.0,867.578278410511,0.41152263374485604,242,221,1,0,220,220,28015,22,0,0,22,1
2020-08-27,US,South Dakota,Corson,52,0,0,45.70889983,-101.1970473,46031.0,1272.6382770435634,0.0,52,52,0,0,52,52,4165,0,0,0,0,0
2020-08-27,US,South Dakota,Custer,104,0,0,43.67741105,-103.45345209999999,46033.0,1159.16183682568,0.0,104,92,0,0,92,90,8726,12,0,0,12,2
2020-08-27,US,South Dakota,Davison,121,2,0,43.67490933,-98.14458906,46035.0,611.8836915297093,1.6528925619834711,119,113,2,0,111,112,19790,8,0,0,8,1
2020-08-27,US,South Dakota,Day,34,0,0,45.367281,-97.60737498,46037.0,626.8436578171091,0.0,34,32,0,0,32,32,5505,2,0,0,2,0
2020-08-27,US,South Dakota,Deuel,38,0,0,44.75994309,-96.66943645,46039.0,873.3624454148471,0.0,38,34,0,0,34,34,4337,4,0,0,4,0
2020-08-27,US,South Dakota,Dewey,72,0,0,45.15639647,-100.8709139,46041.0,1221.9959266802443,0.0,72,68,0,0,68,65,5904,4,0,0,4,3
2020-08-27,US,South Dakota,Douglas,23,0,0,43.38520741,-98.36978007,46043.0,787.4015748031495,0.0,23,22,0,0,22,22,2935,1,0,0,1,0
2020-08-27,US,South Dakota,Edmunds,27,0,0,45.41846445,-99.21545423,46045.0,705.144946461217,0.0,27,26,0,0,26,25,3875,1,0,0,1,1
2020-08-27,US,South Dakota,Fall River,32,0,0,43.23929297,-103.5275691,46047.0,476.6870251750335,0.0,32,27,0,0,27,24,6758,5,0,0,5,3
2020-08-27,US,South Dakota,Faulk,31,1,0,45.07082625,-99.14535601,46049.0,1348.4123531970422,3.2258064516129035,30,29,1,0,28,29,2330,2,0,0,2,0
2020-08-27,US,South Dakota,Grant,41,0,0,45.1723937,-96.77002276,46051.0,581.3953488372092,0.0,41,39,0,0,39,39,7147,2,0,0,2,0
2020-08-27,US,South Dakota,Gregory,14,0,0,43.19419064,-99.18883902,46053.0,334.52807646356035,0.0,14,10,0,0,10,10,4212,4,0,0,4,0
2020-08-27,US,South Dakota,Haakon,5,0,0,44.29299053,-101.539099,46055.0,263.2964718272775,0.0,5,3,0,0,3,3,1918,2,0,0,2,0
2020-08-27,US,South Dakota,Hamlin,48,0,0,44.67385954,-97.18829593,46057.0,778.7151200519144,0.0,48,44,0,0,44,42,6111,4,0,0,4,2
2020-08-27,US,South Dakota,Hand,14,0,0,44.54708407,-99.00386459,46059.0,438.7339392040113,0.0,14,13,0,0,13,13,3262,1,0,0,1,0
2020-08-27,US,South Dakota,Hanson,23,0,0,43.6746384,-97.78715148,46061.0,666.087460179554,0.0,23,22,0,0,22,22,3376,1,0,0,1,0
2020-08-27,US,South Dakota,Harding,2,0,0,45.58015551,-103.4958629,46063.0,154.08320493066256,0.0,2,2,0,0,2,2,1249,0,0,0,0,0
2020-08-27,US,South Dakota,Hughes,121,3,0,44.39091534,-99.99661148,46065.0,690.4028300810222,2.479338842975207,118,113,3,0,110,111,17650,8,0,0,8,2
2020-08-27,US,South Dakota,Hutchinson,36,1,0,43.33449012,-97.75536441,46067.0,493.7594294335482,2.7777777777777777,35,35,1,0,34,35,7380,1,0,0,1,0
2020-08-27,US,South Dakota,Hyde,5,0,0,44.54747703,-99.48572582,46069.0,384.3197540353573,0.0,5,5,0,0,5,5,1282,0,0,0,0,0
2020-08-27,US,South Dakota,Jackson,12,1,0,43.69318385,-101.6255063,46071.0,358.85167464114835,8.333333333333334,11,12,1,0,11,12,3307,0,0,0,0,0
2020-08-27,US,South Dakota,Jerauld,40,1,0,44.06637798,-98.62965972,46073.0,1987.083954297069,2.5,39,40,1,0,39,40,2043,0,0,0,0,0
2020-08-27,US,South Dakota,Jones,3,0,0,43.96278565,-100.6940008,46075.0,332.2259136212625,0.0,3,3,0,0,3,3,928,0,0,0,0,0
2020-08-27,US,South Dakota,Kingsbury,21,0,0,44.36956169,-97.4913945,46077.0,425.1872848754809,0.0,21,18,0,0,18,18,4919,3,0,0,3,0
2020-08-27,US,South Dakota,Lake,113,6,0,44.02193107,-97.12926365,46079.0,883.0194576853951,5.3097345132743365,107,109,6,0,103,108,13057,4,0,0,4,1
2020-08-27,US,South Dakota,Lawrence,171,2,0,44.35919441,-103.79294279999999,46081.0,661.6622813805913,1.1695906432748535,169,129,2,0,127,125,25741,42,0,0,42,4
2020-08-27,US,South Dakota,Lincoln,830,2,0,43.27841182,-96.72039050000001,46083.0,1357.806569820704,0.24096385542168675,828,805,2,0,803,798,58807,25,0,0,25,7
2020-08-27,US,South Dakota,Lyman,99,3,0,43.89522709,-99.85201878,46085.0,2618.3549325575245,3.0303030303030303,96,95,3,0,92,94,3821,4,0,0,4,1
2020-08-27,US,South Dakota,Marshall,16,0,0,45.75870838,-97.59855639,46091.0,324.2147922998987,0.0,16,16,0,0,16,15,5112,0,0,0,0,1
2020-08-27,US,South Dakota,McCook,41,1,0,43.6742571,-97.36863144,46087.0,733.9778016469746,2.4390243902439024,40,39,1,0,38,39,5546,2,0,0,2,0
2020-08-27,US,South Dakota,McPherson,10,0,0,45.76626028,-99.22118798,46089.0,420.34468263976464,0.0,10,10,0,0,10,10,2407,0,0,0,0,0
2020-08-27,US,South Dakota,Meade,247,1,0,44.56676791,-102.71627409999999,46093.0,871.8057320344487,0.4048582995951417,246,179,1,0,178,176,28294,68,0,0,68,3
2020-08-27,US,South Dakota,Mellette,24,0,0,43.58078848,-100.7563186,46095.0,1164.4832605531294,0.0,24,24,0,0,24,24,2042,0,0,0,0,0
2020-08-27,US,South Dakota,Miner,15,0,0,44.02197882,-97.60992207,46097.0,676.8953068592058,0.0,15,15,0,0,15,15,2213,0,0,0,0,0
2020-08-27,US,South Dakota,Minnehaha,5028,70,0,43.67441641,-96.7910885,46099.0,2603.373823355805,1.3922036595067622,4958,4954,70,0,4884,4938,192876,74,0,0,74,16
2020-08-27,US,South Dakota,Moody,39,0,0,44.02266214,-96.67081159,46101.0,593.0656934306569,0.0,39,38,0,0,38,38,6579,1,0,0,1,0
2020-08-27,US,South Dakota,Oglala Lakota,169,2,0,43.33749164,-102.55554980000001,46102.0,1192.0716653734924,1.183431952662722,167,163,2,0,161,163,14309,6,0,0,6,0
2020-08-27,US,South Dakota,Pennington,1211,33,0,44.0025835,-102.8240777,46103.0,1064.381454625357,2.7250206440957885,1178,1091,33,0,1058,1082,111729,120,0,0,120,9
2020-08-27,US,South Dakota,Perkins,13,0,0,45.49049506,-102.47555859999999,46105.0,453.7521815008727,0.0,13,9,0,0,9,9,2922,4,0,0,4,0
2020-08-27,US,South Dakota,Potter,7,0,0,45.06583079,-99.95498503,46107.0,325.12772875058056,0.0,7,4,0,0,4,4,2207,3,0,0,3,0
2020-08-27,US,South Dakota,Roberts,93,1,0,45.62975048,-96.94672673,46109.0,894.7469694054262,1.075268817204301,92,91,1,0,90,91,10447,2,0,0,2,0
2020-08-27,US,South Dakota,Sanborn,13,0,0,44.02351092,-98.09098159999999,46111.0,554.6075085324234,0.0,13,13,0,0,13,13,2429,0,0,0,0,0
2020-08-27,US,South Dakota,Spink,44,0,0,44.93837606,-98.34626602,46115.0,690.0878293601004,0.0,44,38,0,0,38,37,6495,6,0,0,6,1
2020-08-27,US,South Dakota,Stanley,20,0,0,44.41381872,-100.7349153,46117.0,645.577792123951,0.0,20,20,0,0,20,20,3022,0,0,0,0,0
2020-08-27,US,South Dakota,Sully,8,0,0,44.71571812,-100.1278092,46119.0,575.1258087706685,0.0,8,8,0,0,8,8,1392,0,0,0,0,0
2020-08-27,US,South Dakota,Todd,77,5,0,43.19338568,-100.71955030000001,46121.0,756.6080377321413,6.493506493506493,72,77,5,0,72,77,10283,0,0,0,0,0
2020-08-27,US,South Dakota,Tripp,20,0,0,43.34459388,-99.8854891,46123.0,367.5794890645102,0.0,20,20,0,0,20,20,5478,0,0,0,0,0
2020-08-27,US,South Dakota,Turner,74,0,0,43.3109081,-97.14865776,46125.0,882.6335877862596,0.0,74,70,0,0,70,70,8424,4,0,0,4,0
2020-08-27,US,South Dakota,Union,244,4,0,42.83112163,-96.6557828,46127.0,1531.508912879739,1.639344262295082,240,237,4,0,233,237,15619,7,0,0,7,0
2020-08-27,US,South Dakota,Walworth,37,0,0,45.43019636,-100.03075140000001,46129.0,680.7727690892365,0.0,37,32,0,0,32,32,5587,5,0,0,5,0
2020-08-27,US,South Dakota,Yankton,193,3,0,43.00924485,-97.39467635,46135.0,845.9717717191197,1.5544041450777202,190,185,3,0,182,185,22869,8,0,0,8,0
2020-08-27,US,South Dakota,Ziebach,46,0,0,44.97881876,-101.6654622,46137.0,1669.0856313497825,0.0,46,46,0,0,46,46,2742,0,0,0,0,0
2020-08-27,US,Tennessee,Anderson,851,8,0,36.12684348,-84.19965764,47001.0,1105.5106653849152,0.9400705052878966,843,847,8,0,839,841,76482,4,0,0,4,6
2020-08-27,US,Tennessee,Bedford,1094,14,0,35.51123746,-86.45549096,47003.0,2200.6316255305455,1.279707495429616,1080,1076,14,0,1062,1064,49038,18,0,0,18,12
2020-08-27,US,Tennessee,Benton,236,4,0,36.07110411,-88.06849355,47005.0,1460.3960396039606,1.6949152542372878,232,231,4,0,227,224,16184,5,0,0,5,7
2020-08-27,US,Tennessee,Bledsoe,772,3,0,35.59942968,-85.20611967,47007.0,5124.800849707914,0.3886010362694301,769,770,3,0,767,768,14755,2,0,0,2,2
2020-08-27,US,Tennessee,Blount,1940,17,0,35.68938198,-83.92847788,47009.0,1457.6821351286367,0.8762886597938144,1923,1770,17,0,1753,1753,131349,170,0,0,170,17
2020-08-27,US,Tennessee,Bradley,2416,16,0,35.15739424,-84.857186,47011.0,2234.760891684396,0.6622516556291391,2400,2398,16,0,2382,2370,106727,18,0,0,18,28
2020-08-27,US,Tennessee,Campbell,316,2,0,36.40355516,-84.15108559999999,47013.0,793.1328748556799,0.6329113924050633,314,311,2,0,309,304,39583,5,0,0,5,7
2020-08-27,US,Tennessee,Cannon,188,0,0,35.80990797,-86.05738983,47015.0,1280.828450742608,0.0,188,187,0,0,187,186,14462,1,0,0,1,1
2020-08-27,US,Tennessee,Carroll,566,7,0,35.97366108,-88.45189331,47017.0,2038.3908956675186,1.2367491166077738,559,530,7,0,523,525,28020,36,0,0,36,5
2020-08-27,US,Tennessee,Carter,790,18,0,36.28969086,-82.12588974,47019.0,1400.9327729602246,2.278481012658228,772,770,17,0,753,743,56351,20,1,0,19,27
2020-08-27,US,Tennessee,Cheatham,701,10,0,36.26136216,-87.08903581,47021.0,1723.7563626527651,1.4265335235378032,691,697,10,0,687,692,40439,4,0,0,4,5
2020-08-27,US,Tennessee,Chester,358,4,0,35.42527478,-88.6095842,47023.0,2069.723073365324,1.11731843575419,354,351,4,0,347,343,17276,7,0,0,7,8
2020-08-27,US,Tennessee,Claiborne,349,3,0,36.48319149,-83.65947309,47025.0,1092.0241559498106,0.8595988538681948,346,345,3,0,342,346,31756,4,0,0,4,-1
2020-08-27,US,Tennessee,Clay,106,0,0,36.55151008,-85.53930419,47027.0,1391.98949441891,0.0,106,103,0,0,103,103,7717,3,0,0,3,0
2020-08-27,US,Tennessee,Cocke,622,7,0,35.9278914,-83.11828725,47029.0,1727.585823797356,1.1254019292604502,615,619,7,0,612,612,35774,3,0,0,3,7
2020-08-27,US,Tennessee,Coffee,742,6,0,35.49090731,-86.07311784,47031.0,1312.8096249115358,0.8086253369272237,736,725,6,0,719,700,55700,17,0,0,17,25
2020-08-27,US,Tennessee,Crockett,378,14,0,35.81830662,-89.14916269,47033.0,2656.359803232607,3.703703703703704,364,364,13,0,351,362,14328,14,1,0,13,2
2020-08-27,US,Tennessee,Cumberland,757,8,0,35.95271721,-84.99840585,47035.0,1250.8261731658956,1.056803170409511,749,747,8,0,739,712,59673,10,0,0,10,35
2020-08-27,US,Tennessee,Davidson,23181,251,0,36.17007426,-86.78646056,47037.0,3339.5088050894337,1.0827833139208836,22930,23056,250,0,22806,22907,692587,125,1,0,124,149
2020-08-27,US,Tennessee,DeKalb,435,5,0,35.97616272,-85.83689361,47041.0,2122.9868228404102,1.1494252873563218,430,427,5,0,422,424,20138,8,0,0,8,3
2020-08-27,US,Tennessee,Decatur,285,4,0,35.60048904,-88.11043779,47039.0,2443.6251393295042,1.4035087719298245,281,280,4,0,276,272,11706,5,0,0,5,8
2020-08-27,US,Tennessee,Dickson,890,9,0,36.14669837,-87.35891709,47043.0,1649.736783569363,1.0112359550561798,881,877,9,0,868,861,53446,13,0,0,13,16
2020-08-27,US,Tennessee,Dyer,917,9,0,36.05931946,-89.41542855,47045.0,2467.773621464517,0.9814612868047984,908,887,9,0,878,866,37320,30,0,0,30,21
2020-08-27,US,Tennessee,Fayette,859,10,0,35.19615831,-89.41399032,47047.0,2088.347555490725,1.1641443538998837,849,851,10,0,841,824,40507,8,0,0,8,27
2020-08-27,US,Tennessee,Fentress,189,0,0,36.38128818,-84.92870012,47049.0,1020.3530745559576,0.0,189,180,0,0,180,161,18217,9,0,0,9,19
2020-08-27,US,Tennessee,Franklin,460,4,0,35.15634626,-86.09201039,47051.0,1089.8407884761184,0.8695652173913043,456,444,4,0,440,427,41890,16,0,0,16,17
2020-08-27,US,Tennessee,Gibson,1045,13,0,35.99438059,-88.93358327,47053.0,2126.8801009504814,1.2440191387559811,1032,1013,13,0,1000,1005,49045,32,0,0,32,8
2020-08-27,US,Tennessee,Giles,436,14,0,35.20222469,-87.03992678,47055.0,1479.7719250610917,3.2110091743119265,422,433,14,0,419,430,29503,3,0,0,3,3
2020-08-27,US,Tennessee,Grainger,263,1,0,36.27469206,-83.51254721,47057.0,1127.78730703259,0.3802281368821293,262,255,1,0,254,250,23145,8,0,0,8,5
2020-08-27,US,Tennessee,Greene,779,11,0,36.17470125,-82.84691273,47059.0,1127.85764959678,1.4120667522464698,768,759,11,0,748,738,69087,20,0,0,20,21
2020-08-27,US,Tennessee,Grundy,147,2,0,35.38433717,-85.72142731,47061.0,1094.8089670067777,1.3605442176870748,145,143,2,0,141,142,13346,4,0,0,4,1
2020-08-27,US,Tennessee,Hamblen,1625,20,0,36.21990035,-83.26586179,47063.0,2502.5410416730833,1.2307692307692308,1605,1609,20,0,1589,1588,64569,16,0,0,16,21
2020-08-27,US,Tennessee,Hamilton,7763,70,0,35.17670231,-85.16652245,47065.0,2110.635012126024,0.9017132551848512,7693,7689,69,0,7620,7586,364286,74,1,0,73,103
2020-08-27,US,Tennessee,Hancock,90,2,0,36.52692871,-83.22375847,47067.0,1359.5166163141996,2.2222222222222223,88,89,2,0,87,88,6549,1,0,0,1,1
2020-08-27,US,Tennessee,Hardeman,1201,22,0,35.20772017,-88.99161161,47069.0,4794.411177644712,1.8318068276436303,1179,1194,22,0,1172,1183,25220,7,0,0,7,11
2020-08-27,US,Tennessee,Hardin,653,9,0,35.19732531,-88.18593755,47071.0,2545.6104787151103,1.3782542113323124,644,642,9,0,633,624,25776,11,0,0,11,18
2020-08-27,US,Tennessee,Hawkins,649,12,0,36.44355426,-82.94885298,47073.0,1142.8873313844965,1.8489984591679507,637,643,12,0,631,636,56530,6,0,0,6,7
2020-08-27,US,Tennessee,Haywood,718,10,0,35.58332824,-89.28536625,47075.0,4149.329634766527,1.3927576601671308,708,713,10,0,703,705,17335,5,0,0,5,8
2020-08-27,US,Tennessee,Henderson,813,6,0,35.65581134,-88.38600175,47077.0,2891.4891346871996,0.7380073800738007,807,805,6,0,799,796,27847,8,0,0,8,9
2020-08-27,US,Tennessee,Henry,430,4,0,36.33160906,-88.30121797,47079.0,1329.4172205905086,0.9302325581395348,426,424,4,0,420,412,32358,6,0,0,6,12
2020-08-27,US,Tennessee,Hickman,365,3,0,35.80609681,-87.47643507,47081.0,1449.6782905711334,0.821917808219178,362,356,2,0,354,333,25063,9,1,0,8,23
2020-08-27,US,Tennessee,Houston,81,0,0,36.28872054,-87.71878828,47083.0,987.684428728204,0.0,81,79,0,0,79,73,8263,2,0,0,2,6
2020-08-27,US,Tennessee,Humphreys,163,3,0,36.03958805,-87.77992872,47085.0,877.1929824561405,1.8404907975460123,160,157,3,0,154,155,18486,6,0,0,6,2
2020-08-27,US,Tennessee,Jackson,203,1,0,36.36380466,-85.67239905,47087.0,1722.3824876972678,0.4926108374384237,202,197,1,0,196,193,11758,6,0,0,6,4
2020-08-27,US,Tennessee,Jefferson,752,6,0,36.04818632,-83.45148924,47089.0,1379.9431140471606,0.7978723404255319,746,738,6,0,732,721,54012,14,0,0,14,17
2020-08-27,US,Tennessee,Johnson,403,1,0,36.45523950000001,-81.84886538,47091.0,2265.5722959298405,0.2481389578163772,402,396,1,0,395,392,17778,7,0,0,7,4
2020-08-27,US,Tennessee,Knox,6099,51,0,35.99508821,-83.94635435,47093.0,1296.7959635391749,0.8362026561731432,6048,5988,51,0,5937,5891,465289,111,0,0,111,97
2020-08-27,US,Tennessee,Lake,822,1,0,36.34180170000001,-89.48921915,47095.0,11716.077537058152,0.12165450121654503,821,820,1,0,819,820,7411,2,0,0,2,0
2020-08-27,US,Tennessee,Lauderdale,712,12,0,35.75893438,-89.63015909999999,47097.0,2777.6694105254937,1.6853932584269662,700,700,12,0,688,669,25825,12,0,0,12,31
2020-08-27,US,Tennessee,Lawrence,725,9,0,35.21675201,-87.39787695,47099.0,1642.4267137873228,1.2413793103448276,716,721,9,0,712,717,43734,4,0,0,4,4
2020-08-27,US,Tennessee,Lewis,126,1,0,35.52853208,-87.49022694,47101.0,1027.0622758395828,0.7936507936507936,125,120,1,0,119,117,12086,6,0,0,6,3
2020-08-27,US,Tennessee,Lincoln,396,1,0,35.13738622,-86.58910106,47103.0,1152.3016935343069,0.2525252525252525,395,391,1,0,390,386,34117,5,0,0,5,5
2020-08-27,US,Tennessee,Loudon,914,3,0,35.73939663,-84.31145275,47105.0,1690.463860324037,0.3282275711159737,911,903,3,0,900,888,53054,11,0,0,11,15
2020-08-27,US,Tennessee,Macon,896,15,0,36.53157855,-86.00778595,47111.0,3641.980326802699,1.6741071428571428,881,885,15,0,870,882,24265,11,0,0,11,3
2020-08-27,US,Tennessee,Madison,1675,36,0,35.61181957,-88.84076036,47113.0,1709.4627694317444,2.149253731343284,1639,1618,34,0,1584,1590,97605,57,2,0,55,28
2020-08-27,US,Tennessee,Marion,314,6,0,35.12997174,-85.62265895,47115.0,1086.2420866918048,1.9108280254777068,308,308,6,0,302,300,28575,6,0,0,6,8
2020-08-27,US,Tennessee,Marshall,507,4,0,35.45798777,-86.76420988,47117.0,1474.909090909091,0.7889546351084813,503,488,4,0,484,474,33683,19,0,0,19,14
2020-08-27,US,Tennessee,Maury,1674,14,0,35.618741299999996,-87.07462444,47119.0,1736.7487316754334,0.8363201911589009,1660,1648,13,0,1635,1599,94340,26,1,0,25,49
2020-08-27,US,Tennessee,McMinn,765,21,0,35.42812616,-84.61520715,47107.0,1422.0916830873334,2.7450980392156863,744,742,21,0,721,722,53285,23,0,0,23,20
2020-08-27,US,Tennessee,McNairy,517,10,0,35.17468549,-88.5647812,47109.0,2012.1429127422746,1.9342359767891684,507,503,10,0,493,493,25832,14,0,0,14,10
2020-08-27,US,Tennessee,Meigs,151,2,0,35.51558739,-84.81482914,47121.0,1215.5852519723069,1.3245033112582782,149,142,2,0,140,134,12306,9,0,0,9,8
2020-08-27,US,Tennessee,Monroe,681,14,0,35.44550387,-84.24902965,47123.0,1463.1002255881406,2.055800293685756,667,654,13,0,641,621,46357,27,1,0,26,33
2020-08-27,US,Tennessee,Montgomery,2418,28,0,36.49609412,-87.38550661,47125.0,1156.9765494538094,1.1579818031430935,2390,2377,28,0,2349,2345,205950,41,0,0,41,32
2020-08-27,US,Tennessee,Moore,89,0,0,35.27724699,-86.36230578,47127.0,1371.763255240444,0.0,89,86,0,0,86,85,6411,3,0,0,3,1
2020-08-27,US,Tennessee,Morgan,191,1,0,36.13248031,-84.64880098,47129.0,892.3982619258983,0.5235602094240838,190,187,1,0,186,185,21579,4,0,0,4,2
2020-08-27,US,Tennessee,Obion,782,7,0,36.35732446,-89.14921589,47131.0,2600.685090957465,0.8951406649616368,775,770,6,0,764,759,30267,12,1,0,11,11
2020-08-27,US,Tennessee,Out of TN,2996,26,0,0.0,0.0,80047.0,0.0,0.8678237650200267,2970,2953,25,0,2928,2916,,43,1,0,42,37
2020-08-27,US,Tennessee,Overton,405,2,0,36.34117832,-85.28989535,47133.0,1820.9612877118839,0.4938271604938271,403,387,1,0,386,375,22068,18,1,0,17,12
2020-08-27,US,Tennessee,Perry,103,0,0,35.63708728,-87.86139634,47135.0,1275.3838533927687,0.0,103,100,0,0,100,98,8064,3,0,0,3,2
2020-08-27,US,Tennessee,Pickett,57,1,0,36.55606529,-85.07763299999998,47137.0,1129.1600633914422,1.7543859649122806,56,54,1,0,53,50,5082,3,0,0,3,4
2020-08-27,US,Tennessee,Polk,318,10,0,35.12245443,-84.52075859,47139.0,1889.25855513308,3.1446540880503147,308,314,10,0,304,306,16898,4,0,0,4,8
2020-08-27,US,Tennessee,Putnam,2275,27,0,36.14005459,-85.50646123,47141.0,2835.067605458284,1.1868131868131868,2248,2226,26,0,2200,2171,78843,49,1,0,48,55
2020-08-27,US,Tennessee,Rhea,635,3,0,35.60536161,-84.93076643,47143.0,1914.553622576657,0.4724409448818898,632,627,2,0,625,618,33044,8,1,0,7,9
2020-08-27,US,Tennessee,Roane,605,2,0,35.84923189,-84.52458689,47145.0,1133.3408264958225,0.3305785123966942,603,597,2,0,595,587,53140,8,0,0,8,10
2020-08-27,US,Tennessee,Robertson,1788,26,0,36.52454807,-86.87346725,47147.0,2489.7998969545897,1.45413870246085,1762,1779,25,0,1754,1772,71012,9,1,0,8,7
2020-08-27,US,Tennessee,Rutherford,7670,67,0,35.84591405,-86.4107263,47149.0,2308.2594760521843,0.8735332464146024,7603,7620,67,0,7553,7523,324890,50,0,0,50,97
2020-08-27,US,Tennessee,Scott,156,2,0,36.42325673,-84.50360494,47151.0,706.9059271343123,1.2820512820512822,154,154,2,0,152,154,22039,2,0,0,2,0
2020-08-27,US,Tennessee,Sequatchie,141,1,0,35.36979721,-85.41022136,47153.0,938.3734859576732,0.7092198581560284,140,138,1,0,137,138,14876,3,0,0,3,0
2020-08-27,US,Tennessee,Sevier,2200,11,0,35.78077323,-83.52244332,47155.0,2239.1857506361325,0.5,2189,2181,11,0,2170,2157,97892,19,0,0,19,24
2020-08-27,US,Tennessee,Shelby,26504,377,0,35.1864775,-89.89692423,47157.0,2828.100891410913,1.4224268035013583,26127,26334,374,0,25960,26086,935764,170,3,0,167,248
2020-08-27,US,Tennessee,Smith,509,8,0,36.25359775,-85.95411046,47159.0,2525.1773577417275,1.5717092337917484,501,506,8,0,498,501,19942,3,0,0,3,5
2020-08-27,US,Tennessee,Stewart,92,0,0,36.50235092,-87.83920548,47161.0,670.7983959168794,0.0,92,91,0,0,91,91,13561,1,0,0,1,0
2020-08-27,US,Tennessee,Sullivan,1534,25,0,36.51240691,-82.30412917,47163.0,968.7523682016824,1.6297262059973925,1509,1523,22,0,1501,1495,157668,11,3,0,8,28
2020-08-27,US,Tennessee,Sumner,3972,86,0,36.46824103,-86.45917204,47165.0,2076.5044462916203,2.16515609264854,3886,3939,83,0,3856,3903,187149,33,3,0,30,36
2020-08-27,US,Tennessee,Tipton,1392,14,0,35.501942,-89.73694895,47167.0,2259.776944430916,1.0057471264367817,1378,1356,14,0,1342,1349,61581,36,0,0,36,7
2020-08-27,US,Tennessee,Trousdale,1596,6,0,36.39026213,-86.16087954,47169.0,14143.920595533498,0.3759398496240601,1590,1592,6,0,1586,1592,11012,4,0,0,4,0
2020-08-27,US,Tennessee,Unassigned,3296,4,0,0.0,0.0,90047.0,0.0,0.12135922330097088,3292,3303,4,0,3299,3294,,-7,0,0,-7,9
2020-08-27,US,Tennessee,Unicoi,216,1,0,36.10890856,-82.43709629,47171.0,1207.8510317060895,0.462962962962963,215,215,1,0,214,213,17761,1,0,0,1,2
2020-08-27,US,Tennessee,Union,217,1,0,36.28590426,-83.83651902,47173.0,1086.521129581414,0.4608294930875576,216,211,1,0,210,210,19688,6,0,0,6,1
2020-08-27,US,Tennessee,Van Buren,64,0,0,35.69864497,-85.45221699,47175.0,1089.9182561307905,0.0,64,59,0,0,59,57,5765,5,0,0,5,2
2020-08-27,US,Tennessee,Warren,798,7,0,35.672829899999996,-85.77969117,47177.0,1933.2800348862563,0.8771929824561403,791,780,7,0,773,745,40878,18,0,0,18,35
2020-08-27,US,Tennessee,Washington,1650,9,0,36.29472368,-82.49454720000001,47179.0,1275.3623188405795,0.5454545454545454,1641,1641,8,0,1633,1601,128607,9,1,0,8,40
2020-08-27,US,Tennessee,Wayne,278,2,0,35.23868267,-87.78644456,47181.0,1667.3664007677082,0.7194244604316546,276,271,2,0,269,266,16558,7,0,0,7,5
2020-08-27,US,Tennessee,Weakley,785,11,0,36.29896232,-88.71990865,47183.0,2355.3768602976475,1.4012738853503184,774,770,11,0,759,749,33415,15,0,0,15,21
2020-08-27,US,Tennessee,White,497,7,0,35.92929884,-85.45591799,47185.0,1817.5169135125248,1.4084507042253518,490,482,7,0,475,446,27107,15,0,0,15,36
2020-08-27,US,Tennessee,Williamson,4260,27,0,35.89099229,-86.89281867,47187.0,1786.8228109323354,0.6338028169014085,4233,4210,27,0,4183,4165,231729,50,0,0,50,45
2020-08-27,US,Tennessee,Wilson,2739,31,0,36.15496772,-86.29775884,47189.0,1893.4444928347746,1.1317999269806498,2708,2712,31,0,2681,2672,140625,27,0,0,27,40
2020-08-27,US,Texas,Anderson,2482,18,0,31.81534745,-95.65354823,48001.0,4298.952108772842,0.7252215954875101,2464,2453,18,0,2435,2449,58057,29,0,0,29,4
2020-08-27,US,Texas,Andrews,362,8,0,32.30468633,-102.63765479999999,48003.0,1935.311414060412,2.209944751381216,354,357,8,0,349,356,18128,5,0,0,5,1
2020-08-27,US,Texas,Angelina,1968,65,0,31.25457347,-94.60901487,48005.0,2269.5035460992913,3.3028455284552845,1903,1968,63,0,1905,1968,87092,0,2,0,-2,0
2020-08-27,US,Texas,Aransas,198,16,0,28.10556197,-96.9995047,48007.0,842.1948107188431,8.080808080808081,182,198,16,0,182,198,23792,0,0,0,0,0
2020-08-27,US,Texas,Archer,46,0,0,33.61569967,-98.68754589,48009.0,537.8229860867532,0.0,46,42,0,0,42,40,8786,4,0,0,4,2
2020-08-27,US,Texas,Armstrong,11,0,0,34.96507426,-101.35748740000001,48011.0,582.9358770535241,0.0,11,11,0,0,11,11,1892,0,0,0,0,0
2020-08-27,US,Texas,Atascosa,559,24,0,28.89333001,-98.52730485,48013.0,1092.8000312787128,4.293381037567084,535,558,24,0,534,551,50310,1,0,0,1,7
2020-08-27,US,Texas,Austin,401,5,0,29.88548725,-96.27736949,48015.0,1335.2424080980288,1.2468827930174564,396,401,5,0,396,398,29989,0,0,0,0,3
2020-08-27,US,Texas,Bailey,199,4,0,34.06854817,-102.8299707,48017.0,2842.857142857143,2.010050251256281,195,199,4,0,195,198,7027,0,0,0,0,1
2020-08-27,US,Texas,Bandera,106,3,0,29.74619598,-99.24598147,48019.0,458.6362062997577,2.830188679245283,103,106,3,0,103,106,22824,0,0,0,0,0
2020-08-27,US,Texas,Bastrop,1571,25,0,30.10370699,-97.31206354,48021.0,1770.6795306741205,1.5913430935709738,1546,1561,25,0,1536,1542,86976,10,0,0,10,19
2020-08-27,US,Texas,Baylor,13,0,0,33.61640794,-99.21352901,48023.0,370.4759190652608,0.0,13,13,0,0,13,13,3582,0,0,0,0,0
2020-08-27,US,Texas,Bee,1496,22,0,28.41761668,-97.74215593,48025.0,4593.889144787348,1.4705882352941178,1474,1490,22,0,1468,1489,32587,6,0,0,6,1
2020-08-27,US,Texas,Bell,4706,61,0,31.03736027,-97.4785025,48027.0,1296.6902161334053,1.296217594560136,4645,4679,59,0,4620,4636,355642,27,2,0,25,43
2020-08-27,US,Texas,Bexar,45811,1046,0,29.44928723,-98.52019748,48029.0,2286.4869127560323,2.283294405273842,44765,45622,1026,0,44596,45488,1986049,189,20,0,169,134
2020-08-27,US,Texas,Blanco,124,5,0,30.26640707,-98.3999852,48031.0,1039.3093621657865,4.032258064516129,119,124,5,0,119,122,11702,0,0,0,0,2
2020-08-27,US,Texas,Bosque,209,5,0,31.89978581,-97.63613524,48035.0,1118.5442868611183,2.392344497607656,204,206,5,0,201,200,18691,3,0,0,3,6
2020-08-27,US,Texas,Bowie,914,43,0,33.44626922,-94.41834132,48037.0,980.2134162689688,4.704595185995624,871,914,43,0,871,860,94324,0,0,0,0,54
2020-08-27,US,Texas,Brazoria,8981,131,0,29.18757369,-95.44563172,48039.0,2399.6430327255625,1.4586348958913262,8850,8886,130,0,8756,8824,370200,95,1,0,94,62
2020-08-27,US,Texas,Brazos,4550,54,0,30.663644800000004,-96.30205577,48041.0,1985.0705245385254,1.1868131868131868,4496,4481,53,0,4428,4433,226758,69,1,0,68,48
2020-08-27,US,Texas,Brewster,189,2,0,29.81008251,-103.25203259999999,48043.0,2053.6781484298604,1.058201058201058,187,189,2,0,187,188,9267,0,0,0,0,1
2020-08-27,US,Texas,Briscoe,12,1,0,34.53026962,-101.2084947,48045.0,776.1966364812421,8.333333333333334,11,12,1,0,11,12,1516,0,0,0,0,0
2020-08-27,US,Texas,Brooks,199,16,0,27.03103197,-98.21808402,48047.0,2805.582969124489,8.040201005025125,183,197,16,0,181,197,7114,2,0,0,2,0
2020-08-27,US,Texas,Brown,462,19,0,31.77430356,-98.99907113,48049.0,1220.1563490386648,4.112554112554113,443,461,19,0,442,447,37924,1,0,0,1,14
2020-08-27,US,Texas,Burleson,277,6,0,30.49273808,-96.62158484,48051.0,1501.9248495364095,2.166064981949458,271,275,6,0,269,275,18389,2,0,0,2,0
2020-08-27,US,Texas,Burnet,637,12,0,30.78801353,-98.181887,48053.0,1322.8117537119715,1.8838304552590264,625,628,12,0,616,630,47542,9,0,0,9,-2
2020-08-27,US,Texas,Caldwell,1230,32,0,29.83668859,-97.61814775,48055.0,2816.965921582997,2.6016260162601625,1198,1226,32,0,1194,1217,43247,4,0,0,4,9
2020-08-27,US,Texas,Calhoun,589,7,0,28.47048236,-96.61633945,48057.0,2766.557069046501,1.1884550084889642,582,589,7,0,582,586,21561,0,0,0,0,3
2020-08-27,US,Texas,Callahan,64,3,0,32.29760619,-99.37326312,48059.0,459.01169045399126,4.6875,61,62,3,0,59,60,13994,2,0,0,2,2
2020-08-27,US,Texas,Cameron,20739,712,0,26.14524221,-97.48140372,48061.0,4900.948334329797,3.433145281836154,20027,20335,688,0,19647,19862,423908,404,24,0,380,473
2020-08-27,US,Texas,Camp,289,8,0,32.97195142,-94.97790104,48063.0,2207.1177638613103,2.7681660899653977,281,290,7,0,283,280,13033,-1,1,0,-2,10
2020-08-27,US,Texas,Carson,17,0,0,35.40365929,-101.35426690000001,48065.0,286.87141410732363,0.0,17,17,0,0,17,17,6005,0,0,0,0,0
2020-08-27,US,Texas,Cass,249,9,0,33.07499881,-94.34646905,48067.0,829.2812895490573,3.614457831325301,240,246,9,0,237,229,30119,3,0,0,3,17
2020-08-27,US,Texas,Castro,221,4,0,34.53016752,-102.2617243,48069.0,2934.926958831341,1.8099547511312215,217,220,4,0,216,219,7665,1,0,0,1,1
2020-08-27,US,Texas,Chambers,1123,5,0,29.70972016,-94.67154501,48071.0,2561.762894358647,0.4452359750667854,1118,1123,5,0,1118,1123,42454,0,0,0,0,0
2020-08-27,US,Texas,Cherokee,1385,14,0,31.837258000000002,-95.16559897,48073.0,2630.779166508377,1.0108303249097472,1371,1377,14,0,1363,1353,52592,8,0,0,8,24
2020-08-27,US,Texas,Childress,56,0,0,34.529304100000004,-100.2077916,48075.0,766.4932931836847,0.0,56,55,0,0,55,51,7291,1,0,0,1,4
2020-08-27,US,Texas,Clay,62,1,0,33.78686685,-98.20771198,48077.0,592.1115461751506,1.6129032258064515,61,61,1,0,60,60,10456,1,0,0,1,1
2020-08-27,US,Texas,Cochran,37,1,0,33.60425307,-102.82844990000001,48079.0,1296.880476691202,2.702702702702702,36,37,1,0,36,36,2836,0,0,0,0,1
2020-08-27,US,Texas,Coke,48,3,0,31.88911733,-100.5297533,48081.0,1417.1833480956598,6.25,45,48,3,0,45,48,3370,0,0,0,0,0
2020-08-27,US,Texas,Coleman,47,2,0,31.76736834,-99.45240766,48083.0,574.9235474006116,4.25531914893617,45,47,2,0,45,45,8397,0,0,0,0,2
2020-08-27,US,Texas,Collin,10785,108,0,33.18820114,-96.57264368,48085.0,1042.3008900872692,1.0013908205841446,10677,10570,106,0,10464,10474,1005146,215,2,0,213,96
2020-08-27,US,Texas,Collingsworth,16,0,0,34.96489496,-100.27001109999999,48087.0,547.9452054794519,0.0,16,15,0,0,15,15,2962,1,0,0,1,0
2020-08-27,US,Texas,Colorado,422,3,0,29.622097999999998,-96.5273805,48089.0,1963.4299539384915,0.7109004739336493,419,421,3,0,418,421,21217,1,0,0,1,0
2020-08-27,US,Texas,Comal,2297,94,0,29.80811278,-98.27647225,48091.0,1470.4658502391028,4.092294296909012,2203,2293,94,0,2199,2293,148373,4,0,0,4,0
2020-08-27,US,Texas,Comanche,209,3,0,31.94854689,-98.55876441,48093.0,1532.8199486615329,1.4354066985645932,206,207,3,0,204,206,13534,2,0,0,2,1
2020-08-27,US,Texas,Concho,46,0,0,31.32635934,-99.86473038,48095.0,1687.4541452677915,0.0,46,42,0,0,42,41,4276,4,0,0,4,1
2020-08-27,US,Texas,Cooke,300,4,0,33.63979567,-97.21240912,48097.0,727.1493322345299,1.3333333333333333,296,300,4,0,296,298,40574,0,0,0,0,2
2020-08-27,US,Texas,Coryell,850,10,0,31.39078397,-97.79936155,48099.0,1119.142605100657,1.1764705882352942,840,793,9,0,784,786,74808,57,1,0,56,7
2020-08-27,US,Texas,Cottle,18,2,0,34.07783319,-100.27850620000001,48101.0,1287.5536480686694,11.111111111111109,16,18,2,0,16,18,1389,0,0,0,0,0
2020-08-27,US,Texas,Crane,70,2,0,31.43052248,-102.5143314,48103.0,1459.245361684386,2.8571428571428568,68,70,2,0,68,70,4794,0,0,0,0,0
2020-08-27,US,Texas,Crockett,162,5,0,30.72367027,-101.4134238,48105.0,4676.674364896075,3.08641975308642,157,161,5,0,156,161,3499,1,0,0,1,0
2020-08-27,US,Texas,Crosby,81,1,0,33.61431553,-101.30003640000001,48107.0,1411.8877462088199,1.2345679012345678,80,81,1,0,80,80,5779,0,0,0,0,1
2020-08-27,US,Texas,Culberson,22,2,0,31.44506775,-104.5185739,48109.0,1013.3578995854443,9.090909090909092,20,23,2,0,21,23,2204,-1,0,0,-1,0
2020-08-27,US,Texas,Dallam,206,7,0,36.27787176,-102.60207249999999,48111.0,2826.9521064910114,3.3980582524271843,199,206,7,0,199,204,7200,0,0,0,0,2
2020-08-27,US,Texas,Dallas,69881,926,0,32.76670599,-96.77796049999999,48113.0,2651.511127232769,1.3251098295674075,68955,69881,912,0,68969,69086,2637772,0,14,0,-14,795
2020-08-27,US,Texas,Dawson,200,8,0,32.74255572,-101.94772420000001,48115.0,1571.3387806411065,4.0,192,190,8,0,182,189,12619,10,0,0,10,1
2020-08-27,US,Texas,DeWitt,817,25,0,29.08101855,-97.35681170000001,48123.0,4052.5793650793653,3.0599755201958385,792,798,25,0,773,798,20187,19,0,0,19,0
2020-08-27,US,Texas,Deaf Smith,790,19,0,34.96522957,-102.6054267,48117.0,4259.678636902836,2.4050632911392404,771,785,19,0,766,781,18760,5,0,0,5,4
2020-08-27,US,Texas,Delta,17,0,0,33.38570922,-95.66921122,48119.0,318.88951416244606,0.0,17,17,0,0,17,18,5349,0,0,0,0,-1
2020-08-27,US,Texas,Denton,9745,125,0,33.20521901,-97.11691153,48121.0,1098.3907926785969,1.2827090815802975,9620,9544,122,0,9422,9406,859064,201,3,0,198,138
2020-08-27,US,Texas,Dickens,17,1,0,33.61616822,-100.7788855,48125.0,768.8828584350972,5.882352941176472,16,16,1,0,15,13,2249,1,0,0,1,3
2020-08-27,US,Texas,Dimmit,176,6,0,28.42270064,-99.75645095,48127.0,1738.4433030422754,3.4090909090909087,170,176,6,0,170,174,10308,0,0,0,0,2
2020-08-27,US,Texas,Donley,54,1,0,34.96517499,-100.8140093,48129.0,1647.345942647956,1.851851851851852,53,53,1,0,52,52,3319,1,0,0,1,1
2020-08-27,US,Texas,Duval,234,10,0,27.68184592,-98.50864568,48131.0,2097.337994084431,4.2735042735042725,224,234,9,0,225,230,11212,0,1,0,-1,4
2020-08-27,US,Texas,Eastland,111,2,0,32.32743996,-98.83243566,48133.0,604.5751633986928,1.8018018018018016,109,109,2,0,107,106,18322,2,0,0,2,3
2020-08-27,US,Texas,Ector,4181,68,0,31.86898877,-102.54294279999999,48135.0,2515.2957171991848,1.626405166228175,4113,4134,66,0,4068,4120,162124,47,2,0,45,14
2020-08-27,US,Texas,Edwards,34,1,0,29.98202582,-100.304252,48137.0,1759.8343685300208,2.9411764705882355,33,34,1,0,33,34,1928,0,0,0,0,0
2020-08-27,US,Texas,El Paso,19925,410,0,31.76980765,-106.23632749999999,48141.0,2374.177527709661,2.0577164366373903,19515,19753,399,0,19354,19622,840758,172,11,0,161,131
2020-08-27,US,Texas,Ellis,3700,55,0,32.34894117,-96.79371841,48139.0,2001.8828519797,1.4864864864864864,3645,3670,55,0,3615,3562,179436,30,0,0,30,108
2020-08-27,US,Texas,Erath,654,8,0,32.23602653,-98.21773417,48143.0,1531.6876668696427,1.2232415902140672,646,647,8,0,639,633,42446,7,0,0,7,14
2020-08-27,US,Texas,Falls,159,3,0,31.25350609,-96.93630086,48145.0,919.2345493438166,1.8867924528301887,156,158,3,0,155,156,17335,1,0,0,1,2
2020-08-27,US,Texas,Fannin,581,11,0,33.59564294,-96.10751083,48147.0,1635.9745452497607,1.8932874354561104,570,566,10,0,556,559,35286,15,1,0,14,7
2020-08-27,US,Texas,Fayette,457,16,0,29.87788372,-96.92076062,48149.0,1803.045845498304,3.5010940919037203,441,450,16,0,434,444,25349,7,0,0,7,6
2020-08-27,US,Texas,Fisher,52,1,0,32.74281316,-100.40193020000001,48151.0,1357.7023498694514,1.9230769230769231,51,52,1,0,51,50,3839,0,0,0,0,2
2020-08-27,US,Texas,Floyd,98,7,0,34.07227468,-101.3031546,48153.0,1715.686274509804,7.142857142857142,91,98,7,0,91,98,5837,0,0,0,0,0
2020-08-27,US,Texas,Foard,3,0,0,33.97308618,-99.7767797,48155.0,259.7402597402597,0.0,3,3,0,0,3,3,1200,0,0,0,0,0
2020-08-27,US,Texas,Fort Bend,14761,230,0,29.52704478,-95.77219463,48157.0,1818.555898325465,1.5581600162590612,14531,14761,226,0,14535,14645,787858,0,4,0,-4,116
2020-08-27,US,Texas,Franklin,107,4,0,33.17653242,-95.21917243,48159.0,997.6689976689977,3.7383177570093458,103,107,4,0,103,101,10766,0,0,0,0,6
2020-08-27,US,Texas,Freestone,380,0,0,31.70422788,-96.15072516,48161.0,1927.2708829943704,0.0,380,378,0,0,378,374,19808,2,0,0,2,4
2020-08-27,US,Texas,Frio,624,7,0,28.86751206,-99.10804207,48163.0,3072.9833546734953,1.1217948717948718,617,623,7,0,616,622,19816,1,0,0,1,1
2020-08-27,US,Texas,Gaines,244,6,0,32.74055318,-102.6353295,48165.0,1135.3061604317884,2.459016393442623,238,239,5,0,234,236,20901,5,1,0,4,3
2020-08-27,US,Texas,Galveston,10430,136,0,29.40167322,-94.90469073,48167.0,3048.468604865274,1.3039309683604985,10294,10430,135,0,10295,10430,337890,0,1,0,-1,0
2020-08-27,US,Texas,Garza,102,3,0,33.17969345,-101.2984114,48169.0,1637.5020067426553,2.9411764705882355,99,101,3,0,98,102,6578,1,0,0,1,-1
2020-08-27,US,Texas,Gillespie,198,6,0,30.31824095,-98.94676915,48171.0,733.6594041796353,3.0303030303030303,192,197,6,0,191,196,26804,1,0,0,1,1
2020-08-27,US,Texas,Glasscock,6,0,0,31.86942909,-101.5207776,48173.0,425.83392476934,0.0,6,6,0,0,6,6,1388,0,0,0,0,0
2020-08-27,US,Texas,Goliad,121,6,0,28.65696592,-97.42760647,48175.0,1580.0470096630975,4.958677685950414,115,121,6,0,115,121,7584,0,0,0,0,0
2020-08-27,US,Texas,Gonzales,805,12,0,29.45634206,-97.49424032,48177.0,3863.320055670201,1.4906832298136643,793,805,12,0,793,795,20826,0,0,0,0,10
2020-08-27,US,Texas,Gray,241,4,0,35.40081878,-100.8129222,48179.0,1101.1605592616284,1.6597510373443984,237,242,4,0,238,241,21895,-1,0,0,-1,1
2020-08-27,US,Texas,Grayson,1421,24,0,33.62744998,-96.67753461,48181.0,1043.2267347957595,1.6889514426460241,1397,1408,22,0,1386,1391,133991,13,2,0,11,17
2020-08-27,US,Texas,Gregg,1840,44,0,32.47940482,-94.81591935,48183.0,1484.5294283754888,2.391304347826087,1796,1824,43,0,1781,1803,123707,16,1,0,15,21
2020-08-27,US,Texas,Grimes,982,29,0,30.54579585,-95.98902499,48185.0,3400.277008310249,2.9531568228105907,953,977,29,0,948,977,28360,5,0,0,5,0
2020-08-27,US,Texas,Guadalupe,1885,71,0,29.58165339,-97.94786822,48187.0,1129.7775806577283,3.7665782493368702,1814,1882,70,0,1812,1871,163694,3,1,0,2,11
2020-08-27,US,Texas,Hale,1591,41,0,34.07044901,-101.82681140000001,48189.0,4762.6174938633785,2.576995600251414,1550,1584,40,0,1544,1554,33830,7,1,0,6,30
2020-08-27,US,Texas,Hall,17,1,0,34.5307555,-100.68138520000001,48191.0,573.549257759784,5.882352941176472,16,17,1,0,16,16,3028,0,0,0,0,1
2020-08-27,US,Texas,Hamilton,99,3,0,31.70470573,-98.11083887,48193.0,1170.0744592837725,3.0303030303030303,96,98,3,0,95,97,8484,1,0,0,1,1
2020-08-27,US,Texas,Hansford,101,3,0,36.27743284,-101.3545796,48195.0,1870.7167994072975,2.9702970297029703,98,101,3,0,98,100,5463,0,0,0,0,1
2020-08-27,US,Texas,Hardeman,22,0,0,34.28944521,-99.74632408,48197.0,559.3694380879734,0.0,22,22,0,0,22,22,3922,0,0,0,0,0
2020-08-27,US,Texas,Hardin,1206,19,0,30.33364686,-94.38931817,48199.0,2093.677302871428,1.5754560530679933,1187,1254,19,0,1235,1233,57207,-48,0,0,-48,21
2020-08-27,US,Texas,Harris,101670,2140,0,29.85864939,-95.39339521,48201.0,2157.0759495685106,2.1048490213435627,99530,101077,2106,0,98971,100171,4698619,593,34,0,559,906
2020-08-27,US,Texas,Harrison,787,26,0,32.54935988,-94.36934071,48203.0,1182.5161901041274,3.303684879288437,761,783,26,0,757,774,66726,4,0,0,4,9
2020-08-27,US,Texas,Hartley,99,0,0,35.84008013,-102.6029022,48205.0,1775.4662840746055,0.0,99,99,0,0,99,99,5619,0,0,0,0,0
2020-08-27,US,Texas,Haskell,52,1,0,33.17823584,-99.73037358,48207.0,919.0526687875574,1.9230769230769231,51,52,1,0,51,51,5813,0,0,0,0,1
2020-08-27,US,Texas,Hays,5340,55,0,30.05669873,-98.02944344,48209.0,2319.812677298417,1.0299625468164797,5285,5322,53,0,5269,5308,222631,18,2,0,16,14
2020-08-27,US,Texas,Hemphill,53,0,0,35.83764858,-100.2703577,48211.0,1387.797852841058,0.0,53,53,0,0,53,53,3825,0,0,0,0,0
2020-08-27,US,Texas,Henderson,786,16,0,32.21128872,-95.85846587,48213.0,949.9981870263606,2.0356234096692107,770,771,16,0,755,765,82299,15,0,0,15,6
2020-08-27,US,Texas,Hidalgo,27077,1145,0,26.39418217,-98.18299696,48215.0,3116.931255302421,4.228681168519407,25932,26606,1130,0,25476,25951,865939,471,15,0,456,655
2020-08-27,US,Texas,Hill,367,8,0,31.99045053,-97.13423143,48217.0,1001.3915795792516,2.1798365122615806,359,361,8,0,353,346,36354,6,0,0,6,15
2020-08-27,US,Texas,Hockley,255,5,0,33.60771256,-102.3431676,48219.0,1107.6842882585465,1.96078431372549,250,253,5,0,248,246,22980,2,0,0,2,7
2020-08-27,US,Texas,Hood,756,21,0,32.42990927,-97.83242024,48221.0,1226.4166247586913,2.7777777777777777,735,737,21,0,716,725,60537,19,0,0,19,12
2020-08-27,US,Texas,Hopkins,240,7,0,33.14875072,-95.56351139,48223.0,647.1793765505339,2.9166666666666665,233,238,5,0,233,236,36810,2,2,0,0,2
2020-08-27,US,Texas,Houston,532,8,0,31.31925973,-95.42226208,48225.0,2316.2661093695583,1.5037593984962403,524,531,8,0,523,526,23169,1,0,0,1,5
2020-08-27,US,Texas,Howard,266,8,0,32.30621324,-101.4356444,48227.0,725.507309622518,3.0075187969924815,258,260,8,0,252,258,36459,6,0,0,6,2
2020-08-27,US,Texas,Hudspeth,37,2,0,31.45628381,-105.388178,48229.0,757.2656569791243,5.405405405405406,35,37,2,0,35,37,4795,0,0,0,0,0
2020-08-27,US,Texas,Hunt,1392,27,0,33.12351514,-96.08551032,48231.0,1411.8506197131671,1.9396551724137927,1365,1383,26,0,1357,1385,96493,9,1,0,8,-2
2020-08-27,US,Texas,Hutchinson,145,3,0,35.84006574,-101.3546643,48233.0,692.5207756232687,2.0689655172413794,142,144,3,0,141,142,21198,1,0,0,1,2
2020-08-27,US,Texas,Irion,10,0,0,31.30375559,-100.982439,48235.0,651.0416666666666,0.0,10,9,0,0,9,9,1522,1,0,0,1,0
2020-08-27,US,Texas,Jack,120,0,0,33.23377248,-98.17283469,48237.0,1343.0330162283153,0.0,120,119,0,0,119,120,8843,1,0,0,1,-1
2020-08-27,US,Texas,Jackson,495,14,0,28.95472367,-96.57749563,48239.0,3353.6585365853657,2.8282828282828283,481,492,13,0,479,486,14874,3,1,0,2,6
2020-08-27,US,Texas,Jasper,393,18,0,30.74685667,-94.02667579,48241.0,1106.138647302204,4.580152671755725,375,393,18,0,375,393,35872,0,0,0,0,0
2020-08-27,US,Texas,Jeff Davis,8,0,0,30.71490589,-104.1399973,48243.0,351.8029903254178,0.0,8,8,0,0,8,8,2252,0,0,0,0,0
2020-08-27,US,Texas,Jefferson,6586,106,0,29.8832777,-94.16434171,48245.0,2618.011249577644,1.6094746431825084,6480,6569,104,0,6465,6559,255001,17,2,0,15,10
2020-08-27,US,Texas,Jim Hogg,75,2,0,27.04453923,-98.69681870000001,48247.0,1442.3076923076926,2.6666666666666665,73,75,2,0,73,73,5248,0,0,0,0,2
2020-08-27,US,Texas,Jim Wells,957,24,0,27.73103938,-98.0904705,48249.0,2364.013635689936,2.5078369905956115,933,957,23,0,934,943,40822,0,1,0,-1,14
2020-08-27,US,Texas,Johnson,2470,42,0,32.37877812,-97.36615819,48251.0,1404.869836250192,1.7004048582995952,2428,2451,42,0,2409,2427,171361,19,0,0,19,24
2020-08-27,US,Texas,Jones,601,0,0,32.73997145,-99.87861576,48253.0,2992.580789722651,0.0,601,602,0,0,602,604,19817,-1,0,0,-1,-2
2020-08-27,US,Texas,Karnes,734,11,0,28.90705334,-97.85960149,48255.0,4704.826613678611,1.4986376021798364,723,732,11,0,721,730,15650,2,0,0,2,2
2020-08-27,US,Texas,Kaufman,2725,36,0,32.599141700000004,-96.28734728,48257.0,2001.4101678981162,1.3211009174311927,2689,2705,33,0,2672,2685,128622,20,3,0,17,20
2020-08-27,US,Texas,Kendall,196,4,0,29.94414155,-98.7113588,48259.0,413.2318525858616,2.0408163265306123,192,199,4,0,195,198,45641,-3,0,0,-3,1
2020-08-27,US,Texas,Kenedy,7,1,0,26.92601662,-97.66413984,48261.0,1732.6732673267327,14.285714285714285,6,7,1,0,6,7,442,0,0,0,0,0
2020-08-27,US,Texas,Kent,7,0,0,33.18104136,-100.7780939,48263.0,918.6351706036743,0.0,7,7,0,0,7,7,726,0,0,0,0,0
2020-08-27,US,Texas,Kerr,433,9,0,30.06040006,-99.34930144,48265.0,823.1939163498099,2.07852193995381,424,431,9,0,422,430,52405,2,0,0,2,1
2020-08-27,US,Texas,Kimble,16,1,0,30.48678918,-99.74856473,48267.0,368.9186073322573,6.25,15,16,1,0,15,16,4362,0,0,0,0,0
2020-08-27,US,Texas,Kinney,22,1,0,29.34967888,-100.41866379999999,48271.0,599.9454595036815,4.545454545454546,21,22,1,0,21,22,3767,0,0,0,0,0
2020-08-27,US,Texas,Kleberg,593,24,0,27.42435506,-97.69894948,48273.0,1932.8552803129073,4.0472175379426645,569,591,22,0,569,567,31129,2,2,0,0,24
2020-08-27,US,Texas,Knox,65,8,0,33.60519951,-99.74229059999999,48275.0,1774.0174672489084,12.307692307692307,57,64,8,0,56,64,3653,1,0,0,1,0
2020-08-27,US,Texas,La Salle,366,3,0,28.34453111,-99.09908775,48283.0,4867.021276595745,0.819672131147541,363,366,2,0,364,365,7531,0,1,0,-1,1
2020-08-27,US,Texas,Lamar,791,24,0,33.66981763,-95.57404777,48277.0,1586.4738562746945,3.034134007585335,767,791,24,0,767,791,49728,0,0,0,0,0
2020-08-27,US,Texas,Lamb,273,19,0,34.06859623,-102.35162890000001,48279.0,2117.428061738928,6.95970695970696,254,272,19,0,253,267,13158,1,0,0,1,5
2020-08-27,US,Texas,Lampasas,150,5,0,31.19531316,-98.24206613,48281.0,700.0186671644577,3.333333333333333,145,146,5,0,141,143,21229,4,0,0,4,3
2020-08-27,US,Texas,Lavaca,674,29,0,29.38508402,-96.93186692,48285.0,3344.2492805398438,4.302670623145399,645,670,28,0,642,665,20110,4,1,0,3,5
2020-08-27,US,Texas,Lee,193,13,0,30.31120597,-96.97045773,48287.0,1119.554498520796,6.735751295336788,180,191,13,0,178,191,17144,2,0,0,2,0
2020-08-27,US,Texas,Leon,178,4,0,31.29872538,-95.9936328,48289.0,1022.7533900252816,2.247191011235955,174,173,4,0,169,167,17270,5,0,0,5,6
2020-08-27,US,Texas,Liberty,1670,42,0,30.15152688,-94.81205615,48291.0,1893.0162436663306,2.51497005988024,1628,1665,41,0,1624,1602,86323,5,1,0,4,63
2020-08-27,US,Texas,Limestone,405,7,0,31.5454767,-96.58095444,48293.0,1728.0368647864484,1.728395061728395,398,396,5,0,391,389,23519,9,2,0,7,7
2020-08-27,US,Texas,Lipscomb,23,0,0,36.27783108,-100.27331509999999,48295.0,711.4135477884317,0.0,23,23,0,0,23,23,3355,0,0,0,0,0
2020-08-27,US,Texas,Live Oak,330,6,0,28.35101362,-98.1246786,48297.0,2703.366920619317,1.818181818181818,324,330,6,0,324,282,12166,0,0,0,0,48
2020-08-27,US,Texas,Llano,101,1,0,30.70645047,-98.68475262,48299.0,463.4090387703602,0.99009900990099,100,100,1,0,99,100,21646,1,0,0,1,0
2020-08-27,US,Texas,Lubbock,7035,92,0,33.61008596,-101.82047890000001,48303.0,2265.19710595713,1.3077469793887704,6943,6975,91,0,6884,6918,307412,60,1,0,59,57
2020-08-27,US,Texas,Lynn,77,4,0,33.17657705,-101.8162849,48305.0,1293.9001848428834,5.194805194805196,73,76,4,0,72,76,5877,1,0,0,1,0
2020-08-27,US,Texas,Madison,834,5,0,30.96694679,-95.93003775,48313.0,5838.7006440772875,0.5995203836930456,829,836,4,0,832,779,14422,-2,1,0,-3,57
2020-08-27,US,Texas,Marion,139,10,0,32.79868409,-94.35661230000001,48315.0,1410.5946823624924,7.1942446043165456,129,139,10,0,129,139,9928,0,0,0,0,0
2020-08-27,US,Texas,Martin,70,5,0,32.30600051,-101.9513518,48317.0,1212.9613585167215,7.142857142857142,65,70,5,0,65,70,5753,0,0,0,0,0
2020-08-27,US,Texas,Mason,68,0,0,30.71780434,-99.22629416,48319.0,1591.0154422087037,0.0,68,68,0,0,68,67,4280,0,0,0,0,1
2020-08-27,US,Texas,Matagorda,895,38,0,28.81955746,-96.01230294,48321.0,2442.4856043446225,4.245810055865922,857,891,38,0,853,887,36552,4,0,0,4,4
2020-08-27,US,Texas,Maverick,3248,78,0,28.7429195,-100.3157686,48323.0,5531.146759306564,2.4014778325123154,3170,3228,73,0,3155,3168,58485,20,5,0,15,60
2020-08-27,US,Texas,McCulloch,85,1,0,31.1925468,-99.34682807,48307.0,1064.629258517034,1.1764705882352942,84,82,1,0,81,75,7987,3,0,0,3,7
2020-08-27,US,Texas,McLennan,6008,79,0,31.55255453,-97.20217694,48309.0,2341.177525007501,1.31491344873502,5929,5907,77,0,5830,5796,254607,101,2,0,99,111
2020-08-27,US,Texas,McMullen,11,0,0,28.35251708,-98.56769164,48311.0,1480.4845222072681,0.0,11,11,0,0,11,11,749,0,0,0,0,0
2020-08-27,US,Texas,Medina,1103,35,0,29.355730100000002,-99.11030298,48325.0,2138.2599255583127,3.1731640979147784,1068,1101,34,0,1067,1073,50921,2,1,0,1,28
2020-08-27,US,Texas,Menard,20,0,0,30.88990665,-99.82047940000001,48327.0,935.4536950420952,0.0,20,20,0,0,20,20,2139,0,0,0,0,0
2020-08-27,US,Texas,Midland,3201,65,0,31.86904128,-102.03156820000001,48329.0,1810.1927252985888,2.0306154326772883,3136,3166,65,0,3101,3134,172578,35,0,0,35,32
2020-08-27,US,Texas,Milam,413,5,0,30.78581830000001,-96.97718698,48331.0,1663.7795592797006,1.2106537530266344,408,409,4,0,405,402,25131,4,1,0,3,7
2020-08-27,US,Texas,Mills,31,0,0,31.49557106,-98.59272068,48333.0,636.1584239688077,0.0,31,31,0,0,31,31,4921,0,0,0,0,0
2020-08-27,US,Texas,Mitchell,73,1,0,32.30623474,-100.9212058,48335.0,854.3007606787595,1.3698630136986298,72,73,1,0,72,73,8145,0,0,0,0,0
2020-08-27,US,Texas,Montague,116,3,0,33.67521893,-97.72500958,48337.0,585.3264708850538,2.586206896551724,113,112,3,0,109,110,19596,4,0,0,4,2
2020-08-27,US,Texas,Montgomery,8515,119,0,30.30079133,-95.50572772,48339.0,1401.897624429733,1.3975337639459775,8396,8515,117,0,8398,8268,590925,0,2,0,-2,247
2020-08-27,US,Texas,Moore,1112,18,0,35.83769242,-101.8930281,48341.0,5310.4106972301815,1.6187050359712232,1094,1112,18,0,1094,1109,21485,0,0,0,0,3
2020-08-27,US,Texas,Morris,152,3,0,33.11304005,-94.73255695,48343.0,1226.9938650306751,1.973684210526316,149,147,3,0,144,142,12339,5,0,0,5,5
2020-08-27,US,Texas,Motley,6,0,0,34.07408766,-100.77972199999999,48345.0,500.0,0.0,6,6,0,0,6,6,1234,0,0,0,0,0
2020-08-27,US,Texas,Nacogdoches,1318,48,0,31.62017125,-94.61803994,48347.0,2021.3483835347524,3.6418816388467374,1270,1305,47,0,1258,1292,65711,13,1,0,12,13
2020-08-27,US,Texas,Navarro,1058,14,0,32.04620681,-96.47428766,48349.0,2111.2286233113164,1.3232514177693762,1044,1048,14,0,1034,1037,49565,10,0,0,10,11
2020-08-27,US,Texas,Newton,162,6,0,30.78548982,-93.74408813,48351.0,1191.6145641780067,3.703703703703704,156,162,6,0,156,162,13746,0,0,0,0,0
2020-08-27,US,Texas,Nolan,147,4,0,32.30365282,-100.4060208,48353.0,999.0485252140816,2.7210884353741496,143,147,4,0,143,147,14751,0,0,0,0,0
2020-08-27,US,Texas,Nueces,18536,339,0,27.736286,-97.5433285,48355.0,5116.286772621131,1.828873543375054,18197,18444,336,0,18108,18349,362265,92,3,0,89,95
2020-08-27,US,Texas,Ochiltree,105,3,0,36.27829105,-100.8158184,48357.0,1067.5071167141114,2.8571428571428568,102,104,3,0,101,103,9947,1,0,0,1,1
2020-08-27,US,Texas,Oldham,14,1,0,35.40425596,-102.6027606,48359.0,662.8787878787879,7.142857142857142,13,14,1,0,13,14,2131,0,0,0,0,0
2020-08-27,US,Texas,Orange,1817,35,0,30.11879481,-93.89412775,48361.0,2178.7615712983843,1.9262520638414966,1782,1817,35,0,1782,1744,83572,0,0,0,0,73
2020-08-27,US,Texas,Palo Pinto,416,11,0,32.75310985,-98.31319001,48363.0,1425.1944225564425,2.644230769230769,405,413,11,0,402,412,28875,3,0,0,3,1
2020-08-27,US,Texas,Panola,309,20,0,32.163959600000005,-94.30552481,48365.0,1332.2410968353886,6.472491909385114,289,309,20,0,289,305,23148,0,0,0,0,4
2020-08-27,US,Texas,Parker,1632,24,0,32.77757172,-97.80500621,48367.0,1142.2332339478435,1.4705882352941178,1608,1615,24,0,1591,1607,138371,17,0,0,17,8
2020-08-27,US,Texas,Parmer,381,7,0,34.52993409,-102.78446679999999,48369.0,3966.68401874024,1.837270341207349,374,380,7,0,373,379,9864,1,0,0,1,1
2020-08-27,US,Texas,Pecos,288,3,0,30.78097267,-102.72412609999999,48371.0,1820.1352461606525,1.0416666666666667,285,287,3,0,284,284,15673,1,0,0,1,3
2020-08-27,US,Texas,Polk,774,16,0,30.79472531,-94.82766240000001,48373.0,1507.214768367963,2.0671834625323,758,774,16,0,758,774,50031,0,0,0,0,0
2020-08-27,US,Texas,Potter,4007,51,0,35.40133773,-101.893964,48375.0,3412.681514286932,1.2727726478662342,3956,3981,51,0,3930,3966,119648,26,0,0,26,15
2020-08-27,US,Texas,Presidio,50,4,0,29.99954402,-104.24080790000001,48377.0,745.8233890214798,8.0,46,49,4,0,45,49,6948,1,0,0,1,0
2020-08-27,US,Texas,Rains,58,1,0,32.87109387,-95.79232691,48379.0,479.4630014383889,1.7241379310344829,57,58,1,0,57,58,12159,0,0,0,0,0
2020-08-27,US,Texas,Randall,2125,27,0,34.96585996,-101.8971322,48381.0,1543.0641987321458,1.2705882352941176,2098,2102,26,0,2076,2077,136271,23,1,0,22,25
2020-08-27,US,Texas,Reagan,78,6,0,31.36607041,-101.52326590000001,48383.0,2026.5003897116133,7.6923076923076925,72,78,5,0,73,77,3741,0,1,0,-1,1
2020-08-27,US,Texas,Real,102,5,0,29.83321503,-99.82018052,48385.0,2954.8088064889916,4.901960784313727,97,101,5,0,96,100,3478,1,0,0,1,1
2020-08-27,US,Texas,Red River,144,14,0,33.61886692,-95.04841765,48387.0,1197.7043999001912,9.722222222222221,130,144,14,0,130,144,12175,0,0,0,0,0
2020-08-27,US,Texas,Reeves,169,5,0,31.32323325,-103.69038959999999,48389.0,1057.836755132699,2.9585798816568047,164,169,5,0,164,167,15695,0,0,0,0,2
2020-08-27,US,Texas,Refugio,254,10,0,28.323897600000002,-97.15766311,48391.0,3655.728267127231,3.9370078740157477,244,254,10,0,244,251,7032,0,0,0,0,3
2020-08-27,US,Texas,Roberts,8,0,0,35.83809685,-100.813175,48393.0,936.768149882904,0.0,8,8,0,0,8,8,903,0,0,0,0,0
2020-08-27,US,Texas,Robertson,247,4,0,31.02539637,-96.51272246,48395.0,1446.6440201475928,1.6194331983805668,243,247,3,0,244,246,17284,0,1,0,-1,1
2020-08-27,US,Texas,Rockwall,1293,21,0,32.89779518,-96.40771592,48397.0,1232.4262498212838,1.6241299303944317,1272,1284,21,0,1263,1274,100657,9,0,0,9,10
2020-08-27,US,Texas,Runnels,185,3,0,31.8314342,-99.97616148,48399.0,1802.4162120031174,1.6216216216216215,182,183,3,0,180,183,10234,2,0,0,2,0
2020-08-27,US,Texas,Rusk,709,4,0,32.10773545,-94.76176432,48401.0,1303.1650920854318,0.5641748942172073,705,700,4,0,696,556,54450,9,0,0,9,144
2020-08-27,US,Texas,Sabine,72,6,0,31.34318809,-93.85440451,48403.0,682.9823562891291,8.333333333333334,66,72,6,0,66,72,10589,0,0,0,0,0
2020-08-27,US,Texas,San Augustine,186,12,0,31.39457611,-94.17000399,48405.0,2258.1036785237343,6.451612903225807,174,186,12,0,174,186,8232,0,0,0,0,0
2020-08-27,US,Texas,San Jacinto,199,8,0,30.57933681,-95.16260304,48407.0,689.5595827991267,4.0201005025125625,191,198,8,0,190,197,28719,1,0,0,1,1
2020-08-27,US,Texas,San Patricio,1226,57,0,28.00880118,-97.51763891,48409.0,1837.254608122284,4.649265905383362,1169,1226,52,0,1174,1208,66893,0,5,0,-5,18
2020-08-27,US,Texas,San Saba,36,0,0,31.1577796,-98.81758731,48411.0,594.5499587118085,0.0,36,34,0,0,34,33,6054,2,0,0,2,1
2020-08-27,US,Texas,Schleicher,38,2,0,30.89740592,-100.5384842,48413.0,1360.544217687075,5.2631578947368425,36,38,2,0,36,38,2895,0,0,0,0,0
2020-08-27,US,Texas,Scurry,542,2,0,32.74613808,-100.91626640000001,48415.0,3244.926061186613,0.3690036900369004,540,532,2,0,530,532,16866,10,0,0,10,0
2020-08-27,US,Texas,Shackelford,22,0,0,32.73587756,-99.35401337,48417.0,673.8131699846859,0.0,22,23,0,0,23,21,3253,-1,0,0,-1,2
2020-08-27,US,Texas,Shelby,435,19,0,31.79211404,-94.14550696,48419.0,1721.1363456516574,4.367816091954023,416,430,19,0,411,428,25418,5,0,0,5,2
2020-08-27,US,Texas,Sherman,53,0,0,36.27751473,-101.8933156,48421.0,1753.8054268696228,0.0,53,53,0,0,53,49,3079,0,0,0,0,4
2020-08-27,US,Texas,Smith,3158,57,0,32.37474036,-95.27175679999999,48423.0,1356.8147934917572,1.8049398353388217,3101,3136,54,0,3082,3044,230221,22,3,0,19,92
2020-08-27,US,Texas,Somervell,117,3,0,32.22236802,-97.77403489,48425.0,1281.7703768624015,2.5641025641025643,114,114,2,0,112,114,9016,3,1,0,2,0
2020-08-27,US,Texas,Starr,2635,124,0,26.56150059,-98.73892358,48427.0,4076.8647594881872,4.705882352941177,2511,2624,121,0,2503,2618,64525,11,3,0,8,6
2020-08-27,US,Texas,Stephens,110,3,0,32.73553157,-98.83631615,48429.0,1174.4608157164212,2.727272727272727,107,113,3,0,110,114,9433,-3,0,0,-3,-1
2020-08-27,US,Texas,Sterling,1,0,0,31.82781912,-101.05007459999999,48431.0,77.45933384972889,0.0,1,1,0,0,1,1,1311,0,0,0,0,0
2020-08-27,US,Texas,Stonewall,9,1,0,33.17906744,-100.25384009999999,48433.0,666.6666666666666,11.111111111111109,8,9,1,0,8,8,1362,0,0,0,0,1
2020-08-27,US,Texas,Sutton,76,2,0,30.49856623,-100.5382014,48435.0,2012.71186440678,2.631578947368421,74,76,2,0,74,76,3758,0,0,0,0,0
2020-08-27,US,Texas,Swisher,93,3,0,34.53028891,-101.73491740000001,48437.0,1257.2664593754225,3.2258064516129035,90,91,3,0,88,91,7462,2,0,0,2,0
2020-08-27,US,Texas,Tarrant,38451,590,0,32.77143818,-97.29101614,48439.0,1828.8097825699224,1.5344204311981482,37861,38283,586,0,37697,37924,2084931,168,4,0,164,359
2020-08-27,US,Texas,Taylor,1260,33,0,32.30163422,-99.89007449,48441.0,912.8185809293362,2.619047619047619,1227,1254,33,0,1221,1249,137640,6,0,0,6,5
2020-08-27,US,Texas,Terrell,3,0,0,30.22429013,-102.0766732,48443.0,386.59793814432993,0.0,3,3,0,0,3,3,823,0,0,0,0,0
2020-08-27,US,Texas,Terry,198,3,0,33.17402785,-102.3354521,48445.0,1604.9282645699927,1.5151515151515151,195,194,3,0,191,191,12287,4,0,0,4,3
2020-08-27,US,Texas,Throckmorton,4,2,0,33.17751417,-99.21226795,48447.0,266.4890073284477,50.0,2,4,2,0,2,4,1515,0,0,0,0,0
2020-08-27,US,Texas,Titus,1436,22,0,33.21339719,-94.96797273,48449.0,4384.732824427481,1.532033426183844,1414,1436,21,0,1415,1436,33033,0,1,0,-1,0
2020-08-27,US,Texas,Tom Green,3158,48,0,31.40464436,-100.46244300000001,48451.0,2649.3288590604025,1.519949335022166,3110,3138,46,0,3092,3110,118189,20,2,0,18,28
2020-08-27,US,Texas,Travis,26239,374,0,30.33432034,-97.78535620000001,48453.0,2059.650505434262,1.425359198140173,25865,26117,371,0,25746,26017,1248743,122,3,0,119,100
2020-08-27,US,Texas,Trinity,173,5,0,31.0879489,-95.1367187,48455.0,1180.8067708688827,2.8901734104046244,168,173,5,0,168,172,14740,0,0,0,0,1
2020-08-27,US,Texas,Tyler,175,3,0,30.77031716,-94.37690895,48457.0,807.4935400516797,1.7142857142857142,172,175,3,0,172,175,21696,0,0,0,0,0
2020-08-27,US,Texas,Upshur,319,6,0,32.73706798,-94.93999853,48459.0,764.0169568653749,1.8808777429467085,313,318,5,0,313,316,41260,1,1,0,0,2
2020-08-27,US,Texas,Upton,18,1,0,31.36868194,-102.0423217,48461.0,492.2067268252666,5.5555555555555545,17,18,1,0,17,18,3671,0,0,0,0,0
2020-08-27,US,Texas,Uvalde,670,17,0,29.35739637,-99.76229172,48463.0,2505.5158744998316,2.537313432835821,653,663,16,0,647,660,26846,7,1,0,6,3
2020-08-27,US,Texas,Val Verde,1912,86,0,29.89149232,-101.1525205,48465.0,3900.0509943906172,4.497907949790795,1826,1881,86,0,1795,1881,49208,31,0,0,31,0
2020-08-27,US,Texas,Van Zandt,511,14,0,32.56483801,-95.83766469,48467.0,902.9863933557166,2.7397260273972597,497,508,12,0,496,499,56019,3,2,0,1,9
2020-08-27,US,Texas,Victoria,3755,75,0,28.79780988,-96.96813006,48469.0,4077.7985317753364,1.9973368841544608,3680,3755,72,0,3683,3749,92035,0,3,0,-3,6
2020-08-27,US,Texas,Walker,3443,46,0,30.73872995,-95.57440968,48471.0,4718.312754381876,1.336044147545745,3397,3426,46,0,3380,3344,72480,17,0,0,17,82
2020-08-27,US,Texas,Waller,640,8,0,30.01058447,-95.99011759,48473.0,1158.4549107627702,1.25,632,639,8,0,631,635,53126,1,0,0,1,4
2020-08-27,US,Texas,Ward,104,1,0,31.50999644,-103.09279090000001,48475.0,866.8111351891984,0.9615384615384616,103,103,1,0,102,103,11720,1,0,0,1,0
2020-08-27,US,Texas,Washington,560,44,0,30.21498498,-96.40946246,48477.0,1560.6710885680843,7.857142857142858,516,560,44,0,516,561,35108,0,0,0,0,-1
2020-08-27,US,Texas,Webb,10434,236,0,27.7610369,-99.33237355,48479.0,3771.525237482469,2.261836304389496,10198,10417,232,0,10185,10345,275910,17,4,0,13,72
2020-08-27,US,Texas,Wharton,1169,41,0,29.27765923,-96.22319248,48481.0,2813.07151795168,3.5072711719418312,1128,1165,41,0,1124,1156,41619,4,0,0,4,9
2020-08-27,US,Texas,Wheeler,41,0,0,35.40114335,-100.26995140000001,48483.0,810.9177215189874,0.0,41,41,0,0,41,41,5191,0,0,0,0,0
2020-08-27,US,Texas,Wichita,1252,14,0,33.98842886,-98.70410340000001,48485.0,946.8350601225136,1.1182108626198084,1238,1242,14,0,1228,1227,132064,10,0,0,10,15
2020-08-27,US,Texas,Wilbarger,103,2,0,34.07945812,-99.24178437,48487.0,806.6410838750097,1.9417475728155342,101,100,2,0,98,95,12820,3,0,0,3,5
2020-08-27,US,Texas,Willacy,822,42,0,26.47411727,-97.61535848,48489.0,3848.67496956644,5.109489051094892,780,822,41,0,781,818,21515,0,1,0,-1,4
2020-08-27,US,Texas,Williamson,7867,119,0,30.64655664,-97.60048540000001,48491.0,1332.1457418580276,1.5126477691623237,7748,7820,116,0,7704,7789,566719,47,3,0,44,31
2020-08-27,US,Texas,Wilson,537,25,0,29.1732598,-98.08693082,48493.0,1051.4979439984336,4.655493482309125,512,533,24,0,509,530,50224,4,1,0,3,3
2020-08-27,US,Texas,Winkler,90,1,0,31.85008651,-103.04851629999999,48495.0,1123.5955056179776,1.1111111111111112,89,88,1,0,87,88,7720,2,0,0,2,0
2020-08-27,US,Texas,Wise,630,12,0,33.21570665,-97.65460265,48497.0,900.2057613168724,1.9047619047619049,618,624,12,0,612,620,68305,6,0,0,6,4
2020-08-27,US,Texas,Wood,394,14,0,32.78722382,-95.38236368,48499.0,865.1924723863063,3.5532994923857872,380,392,13,0,379,386,45129,2,1,0,1,6
2020-08-27,US,Texas,Yoakum,142,4,0,33.17320212,-102.82764329999999,48501.0,1629.7486514403765,2.8169014084507036,138,141,4,0,137,142,8591,1,0,0,1,-1
2020-08-27,US,Texas,Young,214,6,0,33.17659707,-98.68790885,48503.0,1188.2287617990005,2.803738317757009,208,213,6,0,207,211,18045,1,0,0,1,2
2020-08-27,US,Texas,Zapata,247,4,0,27.00156391,-99.16987152,48505.0,1742.0128358840539,1.6194331983805668,243,247,3,0,244,247,14190,0,1,0,-1,0
2020-08-27,US,Texas,Zavala,259,10,0,28.86617238,-99.76050829,48507.0,2187.5,3.8610038610038613,249,259,10,0,249,257,11983,0,0,0,0,2
2020-08-27,US,Utah,Bear River,2526,9,0,41.52106798,-113.08328159999999,0.0,1352.1181042511964,0.35629453681710216,2517,2510,9,0,2501,2500,,16,0,0,16,10
2020-08-27,US,Utah,Central Utah,498,3,0,39.37231946,-111.5758676,0.0,607.6579544622592,0.6024096385542169,495,494,3,0,491,490,,4,0,0,4,4
2020-08-27,US,Utah,Davis,3741,23,0,40.99001837,-112.1139997,49011.0,1052.3769202854724,0.6148088746324513,3718,3708,23,0,3685,3670,351713,33,0,0,33,38
2020-08-27,US,Utah,Salt Lake,23355,229,0,40.66616532,-111.92160109999999,49035.0,2012.6038725066503,0.9805180903446801,23126,23186,227,0,22959,23029,1152633,169,2,0,167,157
2020-08-27,US,Utah,San Juan,663,28,0,37.62762978,-109.80337140000002,49037.0,4331.068722236739,4.223227752639517,635,663,28,0,635,662,15449,0,0,0,0,1
2020-08-27,US,Utah,Southeast Utah,137,1,0,38.99617072,-110.70139579999999,0.0,340.5503492505406,0.7299270072992701,136,135,1,0,134,134,,2,0,0,2,1
2020-08-27,US,Utah,Southwest Utah,3522,27,0,37.85447192,-111.4418764,0.0,1397.3861499273928,0.7666098807495741,3495,3504,27,0,3477,3485,,18,0,0,18,19
2020-08-27,US,Utah,Summit,832,1,0,40.86688146,-110.9535882,49043.0,1974.1369082927984,0.1201923076923077,831,828,1,0,827,821,41933,4,0,0,4,7
2020-08-27,US,Utah,Tooele,673,0,0,40.44862644,-113.12957150000001,49045.0,931.371870632032,0.0,673,663,0,0,663,648,69907,10,0,0,10,15
2020-08-27,US,Utah,TriCounty,203,1,0,40.12491499,-109.5174415,0.0,358.51789057256894,0.4926108374384237,202,201,1,0,200,201,,2,0,0,2,0
2020-08-27,US,Utah,Utah,10539,46,0,40.116672200000004,-111.66576620000001,49049.0,1656.4634136757645,0.4364740487712307,10493,10435,46,0,10389,10316,622213,104,0,0,104,119
2020-08-27,US,Utah,Wasatch,625,6,0,40.33110236,-111.1691419,49051.0,1833.3284444574813,0.96,619,624,6,0,618,621,33240,1,0,0,1,3
2020-08-27,US,Utah,Weber-Morgan,3243,29,0,41.27116049,-111.9145117,0.0,1190.804040582073,0.8942337341967315,3214,3223,29,0,3194,3190,,20,0,0,20,33
2020-08-27,US,Vermont,Addison,80,2,0,44.03217337,-73.14130877,50001.0,217.527258884629,2.5,78,77,2,0,75,77,36973,3,0,0,3,0
2020-08-27,US,Vermont,Bennington,98,1,0,43.03519828,-73.09048868,50003.0,276.2898223851142,1.020408163265306,97,97,1,0,96,96,35631,1,0,0,1,1
2020-08-27,US,Vermont,Caledonia,32,0,0,44.46548598,-72.10314651,50005.0,106.69156136431835,0.0,32,30,0,0,30,30,30302,2,0,0,2,0
2020-08-27,US,Vermont,Chittenden,779,39,0,44.46322849,-73.08359212,50007.0,475.6554764492532,5.006418485237483,740,780,39,0,741,779,164572,-1,0,0,-1,1
2020-08-27,US,Vermont,Essex,6,0,0,44.72736416,-71.73579864,50009.0,97.35518416355671,0.0,6,6,0,0,6,6,6250,0,0,0,0,0
2020-08-27,US,Vermont,Franklin,122,7,0,44.85627605,-72.91249563,50011.0,246.9535646330108,5.737704918032787,115,123,7,0,116,123,49421,-1,0,0,-1,0
2020-08-27,US,Vermont,Grand Isle,13,0,0,44.797582399999996,-73.29679772,50013.0,179.68210089841045,0.0,13,13,0,0,13,13,7090,0,0,0,0,0
2020-08-27,US,Vermont,Lamoille,45,1,0,44.60353043,-72.64356694,50015.0,177.43080198722495,2.2222222222222223,44,45,1,0,44,45,25300,0,0,0,0,0
2020-08-27,US,Vermont,Orange,20,0,0,44.00470222,-72.37640104,50017.0,69.22331441229406,0.0,20,20,0,0,20,20,28999,0,0,0,0,0
2020-08-27,US,Vermont,Orleans,15,0,0,44.82964024,-72.24562697,50019.0,55.479528054148034,0.0,15,15,0,0,15,15,26907,0,0,0,0,0
2020-08-27,US,Vermont,Rutland,110,1,0,43.57723578,-73.03741676,50021.0,189.03266828203675,0.9090909090909092,109,107,1,0,106,105,58672,3,0,0,3,2
2020-08-27,US,Vermont,Unassigned,8,0,0,0.0,0.0,90050.0,0.0,0.0,8,8,0,0,8,8,,0,0,0,0,0
2020-08-27,US,Vermont,Washington,61,2,0,44.27343241,-72.61604978,50023.0,104.43596021161123,3.278688524590164,59,61,2,0,59,61,58140,0,0,0,0,0
2020-08-27,US,Vermont,Windham,120,3,0,42.986982,-72.71268875,50025.0,284.21202216853766,2.5,117,120,3,0,117,119,42756,0,0,0,0,1
2020-08-27,US,Vermont,Windsor,77,2,0,43.58010937,-72.58595157,50027.0,139.84235952199342,2.5974025974025974,75,75,2,0,73,75,55286,2,0,0,2,0
2020-08-27,US,Virginia,Accomack,1139,18,0,37.76707161,-75.63234615,51001.0,3524.569872508973,1.5803336259877083,1121,1136,18,0,1118,1135,32412,3,0,0,3,1
2020-08-27,US,Virginia,Albemarle,990,17,0,38.02080697,-78.55481085,51003.0,905.5154120552456,1.7171717171717171,973,980,17,0,963,975,108718,10,0,0,10,5
2020-08-27,US,Virginia,Alexandria,3333,61,0,38.814003,-77.08183073,51510.0,2090.5988910354517,1.8301830183018304,3272,3324,61,0,3263,3309,160530,9,0,0,9,15
2020-08-27,US,Virginia,Alleghany,63,4,0,37.78636074,-80.00222498,51005.0,423.95693135935403,6.349206349206349,59,63,4,0,59,61,14910,0,0,0,0,2
2020-08-27,US,Virginia,Amelia,96,3,0,37.34081025,-77.98584649,51007.0,730.3157093952073,3.125,93,94,3,0,91,93,13013,2,0,0,2,1
2020-08-27,US,Virginia,Amherst,273,1,0,37.60308293,-79.14548696,51009.0,863.7873754152824,0.3663003663003663,272,269,1,0,268,270,31666,4,0,0,4,-1
2020-08-27,US,Virginia,Appomattox,150,1,0,37.37569884,-78.81340003,51011.0,942.7440135755138,0.6666666666666666,149,145,1,0,144,142,15841,5,0,0,5,3
2020-08-27,US,Virginia,Arlington,3457,138,0,38.8767675,-77.10139853,51013.0,1459.622870943498,3.9919004917558576,3319,3435,138,0,3297,3415,237521,22,0,0,22,20
2020-08-27,US,Virginia,Augusta,353,4,0,38.16404586,-79.12461614,51015.0,467.1907673575267,1.13314447592068,349,349,4,0,345,347,75457,4,0,0,4,2
2020-08-27,US,Virginia,Bath,4,0,0,38.05852573,-79.73912095,51017.0,96.45526886906195,0.0,4,4,0,0,4,4,4292,0,0,0,0,0
2020-08-27,US,Virginia,Bedford,514,8,0,37.3080028,-79.5281964,51019.0,650.6576199096169,1.5564202334630348,506,502,8,0,494,502,78747,12,0,0,12,0
2020-08-27,US,Virginia,Bland,42,0,0,37.13128068,-81.13599391,51021.0,668.7898089171973,0.0,42,42,0,0,42,42,6293,0,0,0,0,0
2020-08-27,US,Virginia,Botetourt,238,8,0,37.55531756,-79.80982182,51023.0,712.1697238098088,3.361344537815126,230,237,8,0,229,231,33277,1,0,0,1,6
2020-08-27,US,Virginia,Bristol,113,2,0,36.616302399999995,-82.16359122,51520.0,674.1438969096766,1.7699115044247788,111,109,2,0,107,108,16482,4,0,0,4,1
2020-08-27,US,Virginia,Brunswick,279,2,0,36.76366949,-77.8593436,51025.0,1718.9329061672104,0.7168458781362007,277,273,2,0,271,273,16384,6,0,0,6,0
2020-08-27,US,Virginia,Buchanan,97,1,0,37.26818323,-82.03749726,51027.0,461.8167968006094,1.0309278350515465,96,97,1,0,96,97,21221,0,0,0,0,0
2020-08-27,US,Virginia,Buckingham,644,8,0,37.57242268,-78.52518834,51029.0,3755.5400046652667,1.2422360248447204,636,640,8,0,632,637,16999,4,0,0,4,3
2020-08-27,US,Virginia,Buena Vista,72,1,0,37.73484642,-79.35296097,51530.0,1111.4541525162088,1.3888888888888888,71,71,1,0,70,70,6237,1,0,0,1,1
2020-08-27,US,Virginia,Campbell,307,3,0,37.20553386,-79.09678609,51031.0,559.3513710485562,0.977198697068404,304,298,3,0,295,300,54973,9,0,0,9,-2
2020-08-27,US,Virginia,Caroline,252,5,0,38.02679129,-77.34901405,51033.0,820.1790073230269,1.984126984126984,247,250,5,0,245,251,30772,2,0,0,2,-1
2020-08-27,US,Virginia,Carroll,385,19,0,36.73066666,-80.73455942,51035.0,1292.3366117283742,4.9350649350649345,366,384,19,0,365,382,29636,1,0,0,1,2
2020-08-27,US,Virginia,Charles City,66,5,0,37.35358063,-77.05634116,51036.0,947.8672985781993,7.575757575757576,61,66,5,0,61,66,6941,0,0,0,0,0
2020-08-27,US,Virginia,Charlotte,64,0,0,37.01909701,-78.66314092,51037.0,538.7205387205387,0.0,64,64,0,0,64,65,11938,0,0,0,0,-1
2020-08-27,US,Virginia,Charlottesville,604,17,0,38.03527919,-78.48569588,51540.0,1277.8741590149366,2.8145695364238406,587,595,17,0,578,592,48117,9,0,0,9,3
2020-08-27,US,Virginia,Chesapeake,3660,47,0,36.67670048,-76.30545744,51550.0,1494.8843098413215,1.284153005464481,3613,3625,45,0,3580,3582,242634,35,2,0,33,43
2020-08-27,US,Virginia,Chesterfield,4946,78,0,37.37373208,-77.58680140000001,51041.0,1401.919490252323,1.5770319450060657,4868,4915,77,0,4838,4888,348556,31,1,0,30,27
2020-08-27,US,Virginia,Clarke,77,0,0,39.11271747,-77.99199425,51043.0,526.7118133935289,0.0,77,76,0,0,76,76,14523,1,0,0,1,0
2020-08-27,US,Virginia,Colonial Heights,218,22,0,37.26420587,-77.39609676,51570.0,1255.0374208405294,10.091743119266058,196,218,22,0,196,218,17833,0,0,0,0,0
2020-08-27,US,Virginia,Covington,22,0,0,37.7824656,-79.98631446,51580.0,397.2553268327917,0.0,22,19,0,0,19,19,5460,3,0,0,3,0
2020-08-27,US,Virginia,Craig,21,0,0,37.48133648,-80.21072274,51045.0,409.2769440654843,0.0,21,21,0,0,21,22,5064,0,0,0,0,-1
2020-08-27,US,Virginia,Culpeper,1103,13,0,38.48199985,-77.95630870000002,51047.0,2096.758863225929,1.1786038077969174,1090,1090,13,0,1077,1084,51859,13,0,0,13,6
2020-08-27,US,Virginia,Cumberland,96,0,0,37.51328851,-78.24398086,51049.0,966.5726943213854,0.0,96,96,0,0,96,95,9809,0,0,0,0,1
2020-08-27,US,Virginia,Danville,575,12,0,36.58022376,-79.40395668,51590.0,1435.9204874637899,2.0869565217391304,563,558,12,0,546,550,40693,17,0,0,17,8
2020-08-27,US,Virginia,Dickenson,59,1,0,37.12560977,-82.35124171,51051.0,412.06872468221815,1.6949152542372878,58,58,1,0,57,56,14523,1,0,0,1,2
2020-08-27,US,Virginia,Dinwiddie,274,8,0,37.07544585,-77.63451754,51053.0,959.9215246636772,2.9197080291970803,266,267,8,0,259,266,28529,7,0,0,7,1
2020-08-27,US,Virginia,Emporia,219,15,0,36.69455571,-77.53406129,51595.0,4096.52076318743,6.849315068493151,204,216,15,0,201,215,5121,3,0,0,3,1
2020-08-27,US,Virginia,Essex,114,2,0,37.93357639,-76.94230311,51057.0,1040.8107367844427,1.7543859649122806,112,113,2,0,111,113,10919,1,0,0,1,0
2020-08-27,US,Virginia,Fairfax,17959,549,0,38.83677558,-77.27565836,51059.0,1565.0108232275875,3.0569630825769813,17410,17878,549,0,17329,17784,1150795,81,0,0,81,94
2020-08-27,US,Virginia,Fairfax,17959,549,0,38.83677558,-77.27565836,51059.0,1565.0108232275875,3.0569630825769813,17410,17878,549,0,17329,17784,24574,81,0,0,81,94
2020-08-27,US,Virginia,Fairfax City,109,7,0,38.85157547,-77.29779640000002,51600.0,453.8074024730422,6.422018348623853,102,109,7,0,102,106,24574,0,0,0,0,3
2020-08-27,US,Virginia,Falls Church,66,7,0,38.88485255,-77.17560759,51610.0,451.5290415269892,10.606060606060606,59,66,7,0,59,66,14772,0,0,0,0,0
2020-08-27,US,Virginia,Fauquier,731,9,0,38.73564842,-77.80647472,51061.0,1026.3682569992418,1.2311901504787959,722,724,9,0,715,723,70675,7,0,0,7,1
2020-08-27,US,Virginia,Floyd,140,2,0,36.9302126,-80.36738849,51063.0,888.9453298622134,1.4285714285714286,138,139,2,0,137,125,15795,1,0,0,1,14
2020-08-27,US,Virginia,Fluvanna,223,9,0,37.84157909,-78.27715475,51065.0,817.7484415108178,4.035874439461884,214,219,9,0,210,218,26783,4,0,0,4,1
2020-08-27,US,Virginia,Franklin,194,1,0,36.99536167,-79.88023649,51067.0,346.1689447200313,0.5154639175257731,193,194,1,0,193,194,56195,0,0,0,0,0
2020-08-27,US,Virginia,Franklin,194,1,0,36.99536167,-79.88023649,51067.0,346.1689447200313,0.5154639175257731,193,194,1,0,193,194,8013,0,0,0,0,0
2020-08-27,US,Virginia,Franklin City,279,6,0,36.6831435,-76.93859681,51620.0,3501.945525291829,2.150537634408602,273,272,6,0,266,269,8013,7,0,0,7,3
2020-08-27,US,Virginia,Frederick,758,10,0,39.20172582,-78.25974949,51069.0,848.7006370853067,1.3192612137203166,748,755,10,0,745,753,88355,3,0,0,3,2
2020-08-27,US,Virginia,Fredericksburg,470,4,0,38.2977863,-77.4922454,51630.0,1618.6802589888416,0.851063829787234,466,456,4,0,452,455,29144,14,0,0,14,1
2020-08-27,US,Virginia,Galax,394,28,0,36.66601852,-80.91703124,51640.0,6207.6571608633985,7.1065989847715745,366,394,28,0,366,394,6423,0,0,0,0,0
2020-08-27,US,Virginia,Giles,37,0,0,37.31234791,-80.70636931,51071.0,221.29186602870809,0.0,37,37,0,0,37,36,16844,0,0,0,0,1
2020-08-27,US,Virginia,Gloucester,198,2,0,37.40809042,-76.53524337,51073.0,530.1488700867517,1.0101010101010102,196,189,2,0,187,188,37349,9,0,0,9,1
2020-08-27,US,Virginia,Goochland,213,7,0,37.71714806,-77.90381514,51075.0,896.7288342525155,3.286384976525821,206,212,7,0,205,182,23244,1,0,0,1,30
2020-08-27,US,Virginia,Grayson,184,6,0,36.65677234,-81.23215889,51077.0,1183.2797427652733,3.260869565217391,178,177,6,0,171,175,15631,7,0,0,7,2
2020-08-27,US,Virginia,Greene,197,3,0,38.29545894,-78.46525378,51079.0,993.995660729603,1.5228426395939083,194,196,2,0,194,195,19779,1,1,0,0,1
2020-08-27,US,Virginia,Greensville,665,11,0,36.67878901,-77.56351439,51081.0,5866.2667607621715,1.6541353383458646,654,660,11,0,649,658,11627,5,0,0,5,2
2020-08-27,US,Virginia,Halifax,200,2,0,36.76654925,-78.93512622,51083.0,589.7791277166701,1.0,198,193,2,0,191,191,34120,7,0,0,7,2
2020-08-27,US,Virginia,Hampton,1505,15,0,37.03513786,-76.35879121,51650.0,1118.8759200059476,0.9966777408637874,1490,1483,15,0,1468,1474,134313,22,0,0,22,9
2020-08-27,US,Virginia,Hanover,762,34,0,37.7583355,-77.49464673,51085.0,707.0875786426144,4.461942257217848,728,757,34,0,723,745,107239,5,0,0,5,12
2020-08-27,US,Virginia,Harrisonburg,1179,32,0,38.43542574,-78.87536254,51660.0,2223.8569488456315,2.7141645462256148,1147,1161,32,0,1129,1155,54033,18,0,0,18,6
2020-08-27,US,Virginia,Henrico,4467,191,0,37.53460572,-77.39326555,51087.0,1350.2892829289822,4.275800313409447,4276,4428,190,0,4238,4403,329261,39,1,0,38,25
2020-08-27,US,Virginia,Henry,803,15,0,36.68542395,-79.87634026,51089.0,1588.3062681725573,1.8679950186799499,788,778,14,0,764,763,50953,25,1,0,24,15
2020-08-27,US,Virginia,Highland,6,0,0,38.35799465,-79.56124594,51091.0,273.97260273972597,0.0,6,6,0,0,6,6,2210,0,0,0,0,0
2020-08-27,US,Virginia,Hopewell,337,4,0,37.29186313,-77.29754684,51670.0,1495.8497935993607,1.1869436201780414,333,334,4,0,330,324,22596,3,0,0,3,10
2020-08-27,US,Virginia,Isle of Wight,504,11,0,36.90579348,-76.70842863,51093.0,1358.161092996308,2.1825396825396823,493,494,10,0,484,489,36953,10,1,0,9,5
2020-08-27,US,Virginia,James City,723,18,0,37.31156958,-76.76950618,51095.0,944.8139774969617,2.489626556016597,705,717,18,0,699,716,76397,6,0,0,6,1
2020-08-27,US,Virginia,King George,200,4,0,38.26818502,-77.15852768,51099.0,745.2675510508271,2.0,196,196,4,0,192,194,26575,4,0,0,4,2
2020-08-27,US,Virginia,King William,110,2,0,37.70965316,-77.09384941,51101.0,641.4742243993469,1.818181818181818,108,110,2,0,108,109,16939,0,0,0,0,1
2020-08-27,US,Virginia,King and Queen,49,1,0,37.71044922,-76.88689628,51097.0,697.508896797153,2.0408163265306123,48,48,1,0,47,47,7042,1,0,0,1,1
2020-08-27,US,Virginia,Lancaster,64,0,0,37.71889653,-76.46400482,51103.0,603.6027539375648,0.0,64,63,0,0,63,61,10783,1,0,0,1,2
2020-08-27,US,Virginia,Lee,178,3,0,36.70586667,-83.12606515,51105.0,759.9368142424112,1.6853932584269662,175,172,3,0,169,169,23541,6,0,0,6,3
2020-08-27,US,Virginia,Lexington,42,0,0,37.78258621,-79.44262866,51678.0,564.0612409347301,0.0,42,41,0,0,41,42,7136,1,0,0,1,-1
2020-08-27,US,Virginia,Loudoun,5825,117,0,39.08990083,-77.63481877,51107.0,1408.576720881757,2.0085836909871246,5708,5787,117,0,5670,5769,406850,38,0,0,38,18
2020-08-27,US,Virginia,Louisa,239,2,0,37.97850256,-77.96274807,51109.0,635.790481764252,0.8368200836820083,237,238,2,0,236,233,36778,1,0,0,1,5
2020-08-27,US,Virginia,Lunenburg,92,2,0,36.94618528,-78.24133319,51111.0,754.3456871105278,2.1739130434782608,90,89,2,0,87,89,12086,3,0,0,3,0
2020-08-27,US,Virginia,Lynchburg,911,5,0,37.40021399,-79.19888138,51680.0,1108.704118391588,0.5488474204171241,906,874,5,0,869,867,82126,37,0,0,37,7
2020-08-27,US,Virginia,Madison,86,2,0,38.41531222,-78.28220331,51113.0,648.5182112962823,2.3255813953488373,84,86,2,0,84,86,13295,0,0,0,0,0
2020-08-27,US,Virginia,Manassas,1778,23,0,38.7464321,-77.48509905,51683.0,4327.613484239991,1.2935883014623173,1755,1772,23,0,1749,1769,41641,6,0,0,6,3
2020-08-27,US,Virginia,Manassas Park,555,7,0,38.77058531,-77.44399307,51685.0,3175.420528664607,1.2612612612612613,548,555,7,0,548,554,17307,0,0,0,0,1
2020-08-27,US,Virginia,Martinsville,314,5,0,36.68212094,-79.86352771,51690.0,2501.19483829855,1.5923566878980893,309,293,5,0,288,289,12902,21,0,0,21,4
2020-08-27,US,Virginia,Mathews,23,0,0,37.44164146,-76.34098896,51115.0,260.3577088521621,0.0,23,23,0,0,23,23,8802,0,0,0,0,0
2020-08-27,US,Virginia,Mecklenburg,498,33,0,36.67882005,-78.36131056,51117.0,1628.1426749926438,6.626506024096385,465,491,33,0,458,484,30650,7,0,0,7,7
2020-08-27,US,Virginia,Middlesex,55,1,0,37.63191998,-76.55064617,51119.0,519.7505197505197,1.818181818181818,54,54,1,0,53,54,10769,1,0,0,1,0
2020-08-27,US,Virginia,Montgomery,411,3,0,37.17746986,-80.37868691,51121.0,417.1106713350586,0.7299270072992701,408,404,3,0,401,392,98985,7,0,0,7,12
2020-08-27,US,Virginia,Nelson,83,0,0,37.78790447,-78.88498513,51125.0,555.9276624246484,0.0,83,81,0,0,81,81,14836,2,0,0,2,0
2020-08-27,US,Virginia,New Kent,146,1,0,37.50694406,-76.99828634,51127.0,632.2809752717509,0.6849315068493149,145,145,1,0,144,143,22391,1,0,0,1,2
2020-08-27,US,Virginia,Newport News,2190,21,0,37.08166899,-76.51754109,51700.0,1221.9277444552934,0.9589041095890408,2169,2167,21,0,2146,2155,178626,23,0,0,23,12
2020-08-27,US,Virginia,Norfolk,4297,49,0,36.89934014,-76.26420872,51710.0,1770.1922205469186,1.1403304631138005,4248,4260,47,0,4213,4245,244076,37,2,0,35,15
2020-08-27,US,Virginia,Northampton,303,29,0,37.34062933,-75.87751591,51131.0,2587.532023911187,9.570957095709572,274,303,29,0,274,303,11735,0,0,0,0,0
2020-08-27,US,Virginia,Northumberland,86,3,0,37.89202088,-76.41949732,51133.0,711.0376188507647,3.4883720930232562,83,86,3,0,83,85,12147,0,0,0,0,1
2020-08-27,US,Virginia,Norton,26,0,0,36.93357076,-82.62750411,51720.0,653.1022356191911,0.0,26,26,0,0,26,24,3968,0,0,0,0,2
2020-08-27,US,Virginia,Nottoway,191,14,0,37.1435975,-78.05065922,51135.0,1253.939075630252,7.329842931937172,177,188,14,0,174,186,15420,3,0,0,3,2
2020-08-27,US,Virginia,Orange,254,3,0,38.24530219,-78.01560400000002,51137.0,685.5415508353352,1.1811023622047243,251,251,3,0,248,249,36644,3,0,0,3,2
2020-08-27,US,Virginia,Page,358,25,0,38.61807452,-78.48797204,51139.0,1497.782612333696,6.983240223463688,333,358,25,0,333,358,23933,0,0,0,0,0
2020-08-27,US,Virginia,Patrick,213,11,0,36.680163799999995,-80.2865648,51141.0,1209.6774193548388,5.164319248826291,202,209,10,0,199,205,17673,4,1,0,3,4
2020-08-27,US,Virginia,Petersburg,611,20,0,37.20530399,-77.39368102,51730.0,1949.2120206724944,3.2733224222585924,591,604,20,0,584,588,31567,7,0,0,7,16
2020-08-27,US,Virginia,Pittsylvania,695,4,0,36.81980341,-79.39731264,51143.0,1151.53925174802,0.5755395683453237,691,678,4,0,674,663,60949,17,0,0,17,15
2020-08-27,US,Virginia,Poquoson,63,0,0,37.14259351,-76.35798148,51735.0,513.4055904164289,0.0,63,59,0,0,59,58,12190,4,0,0,4,1
2020-08-27,US,Virginia,Portsmouth,2161,34,0,36.85914825,-76.35971629,51740.0,2289.243416174072,1.5733456732993985,2127,2142,34,0,2108,2135,94632,19,0,0,19,7
2020-08-27,US,Virginia,Powhatan,183,4,0,37.55016038,-77.91267882,51145.0,617.1590449210846,2.1857923497267757,179,181,4,0,177,180,29189,2,0,0,2,1
2020-08-27,US,Virginia,Prince Edward,473,11,0,37.22554789,-78.43597949,51147.0,2074.379440399965,2.3255813953488373,462,472,11,0,461,470,22950,1,0,0,1,2
2020-08-27,US,Virginia,Prince George,499,2,0,37.18497668,-77.22922187,51149.0,1301.0716241232758,0.4008016032064128,497,495,2,0,493,492,38082,4,0,0,4,3
2020-08-27,US,Virginia,Prince William,10577,183,0,38.70916224,-77.48713689,51153.0,2248.822647687287,1.7301692351328355,10394,10511,183,0,10328,10470,468011,66,0,0,66,41
2020-08-27,US,Virginia,Pulaski,123,3,0,37.06474963,-80.71229738,51155.0,361.47765010139005,2.4390243902439024,120,122,3,0,119,116,34066,1,0,0,1,6
2020-08-27,US,Virginia,Radford,252,0,0,37.12222899,-80.56027320000003,51750.0,1380.8975834292291,0.0,252,223,0,0,223,188,18339,29,0,0,29,35
2020-08-27,US,Virginia,Rappahannock,51,2,0,38.68295619,-78.15826963,51157.0,691.9945725915875,3.92156862745098,49,51,2,0,49,49,7252,0,0,0,0,2
2020-08-27,US,Virginia,Richmond,328,5,0,37.937575,-76.72920628,51159.0,3635.154604898592,1.5243902439024388,323,324,4,0,320,325,9038,4,1,0,3,-1
2020-08-27,US,Virginia,Richmond City,3767,45,0,37.53255773,-77.47966921,51760.0,1634.7272127618949,1.1945845500398196,3722,3735,44,0,3691,3662,228783,32,1,0,31,73
2020-08-27,US,Virginia,Roanoke,584,4,0,37.26865804,-80.06396753,51161.0,620.0496889134266,0.6849315068493149,580,565,4,0,561,559,94073,19,0,0,19,6
2020-08-27,US,Virginia,Roanoke City,1169,15,0,37.27791025,-79.96189766,51770.0,1179.1049292436178,1.283147989734816,1154,1140,15,0,1125,1129,99920,29,0,0,29,11
2020-08-27,US,Virginia,Rockbridge,84,1,0,37.81204314,-79.44605905,51163.0,372.12599122845876,1.1904761904761905,83,82,1,0,81,81,22752,2,0,0,2,1
2020-08-27,US,Virginia,Rockingham,1022,20,0,38.51006137,-78.87260325,51165.0,1247.1323278176405,1.9569471624266144,1002,1011,20,0,991,1009,81244,11,0,0,11,2
2020-08-27,US,Virginia,Russell,174,4,0,36.93028320000001,-82.10095486,51167.0,654.4798013992328,2.2988505747126435,170,172,4,0,168,171,26748,2,0,0,2,1
2020-08-27,US,Virginia,Salem,206,3,0,37.2836193,-80.06219455,51775.0,814.1970673095924,1.4563106796116505,203,203,3,0,200,194,25643,3,0,0,3,9
2020-08-27,US,Virginia,Scott,144,3,0,36.71466456,-82.60171704,51169.0,667.7177037930078,2.083333333333333,141,144,3,0,141,144,21534,0,0,0,0,0
2020-08-27,US,Virginia,Shenandoah,763,48,0,38.85905135,-78.56813762,51171.0,1749.358033749083,6.290956749672346,715,762,48,0,714,762,43497,1,0,0,1,0
2020-08-27,US,Virginia,Smyth,241,3,0,36.84455636,-81.53344948,51173.0,800.5580653733722,1.2448132780082988,238,233,3,0,230,230,30472,8,0,0,8,3
2020-08-27,US,Virginia,Southampton,337,13,0,36.72231125,-77.10642712,51175.0,1911.4060461686802,3.8575667655786345,324,335,13,0,322,333,17586,2,0,0,2,2
2020-08-27,US,Virginia,Spotsylvania,1759,38,0,38.18574462,-77.655399,51177.0,1291.340894908784,2.160318362706083,1721,1735,37,0,1698,1730,134238,24,1,0,23,5
2020-08-27,US,Virginia,Stafford,1639,10,0,38.41758738,-77.45917053,51179.0,1072.0686542562237,0.6101281269066504,1629,1625,10,0,1615,1612,149960,14,0,0,14,13
2020-08-27,US,Virginia,Staunton,170,0,0,38.15965544,-79.05979937,51790.0,681.8546446334028,0.0,170,167,0,0,167,167,24922,3,0,0,3,0
2020-08-27,US,Virginia,Suffolk,1590,59,0,36.70155394,-76.63603554,51800.0,1726.2344204629348,3.710691823899371,1531,1573,59,0,1514,1553,91185,17,0,0,17,20
2020-08-27,US,Virginia,Surry,62,2,0,37.11781893,-76.88450012,51181.0,965.4313298037996,3.2258064516129035,60,62,2,0,60,62,6474,0,0,0,0,0
2020-08-27,US,Virginia,Sussex,330,9,0,36.92432914,-77.25791182,51183.0,2957.2542342503807,2.727272727272727,321,326,9,0,317,324,11237,4,0,0,4,2
2020-08-27,US,Virginia,Tazewell,184,1,0,37.12191123,-81.56685568,51185.0,453.257790368272,0.5434782608695652,183,178,1,0,177,175,40855,6,0,0,6,3
2020-08-27,US,Virginia,Virginia Beach,5876,65,0,36.73285734,-76.04566934,51810.0,1305.853227075342,1.106194690265487,5811,5821,66,0,5755,5788,450189,55,-1,0,56,33
2020-08-27,US,Virginia,Warren,390,6,0,38.90847745,-78.20280433,51187.0,971.0188228264116,1.5384615384615383,384,388,6,0,382,386,40003,2,0,0,2,2
2020-08-27,US,Virginia,Washington,339,8,0,36.72341572,-81.95666289,51191.0,630.8150353554149,2.359882005899705,331,326,8,0,318,321,54402,13,0,0,13,5
2020-08-27,US,Virginia,Waynesboro,213,3,0,38.06451466,-78.90293905,51820.0,941.2284577993812,1.4084507042253518,210,210,3,0,207,210,22628,3,0,0,3,0
2020-08-27,US,Virginia,Westmoreland,223,3,0,38.11021557,-76.80213247,51193.0,1237.857341104635,1.345291479820628,220,221,3,0,218,221,17830,2,0,0,2,0
2020-08-27,US,Virginia,Williamsburg,148,6,0,37.28131268,-76.70905141,51830.0,989.701752039588,4.0540540540540535,142,146,6,0,140,146,14896,2,0,0,2,0
2020-08-27,US,Virginia,Winchester,432,4,0,39.17054517,-78.17325058,51840.0,1538.5711232993806,0.925925925925926,428,436,4,0,432,435,28108,-4,0,0,-4,1
2020-08-27,US,Virginia,Wise,318,5,0,36.9746148,-82.62410519,51195.0,850.6540406066928,1.572327044025157,313,310,5,0,305,310,38012,8,0,0,8,0
2020-08-27,US,Virginia,Wythe,146,3,0,36.91582035,-81.07834059,51197.0,508.9945614279738,2.054794520547945,143,146,3,0,143,142,28754,0,0,0,0,4
2020-08-27,US,Virginia,York,444,5,0,37.24374789,-76.54412815,51199.0,650.2636203866432,1.1261261261261262,439,437,5,0,432,433,67846,7,0,0,7,4
2020-08-27,US,Washington,Adams,596,7,0,46.98299757,-118.56017340000001,53001.0,2982.5351548816493,1.174496644295302,589,576,6,0,570,568,19759,20,1,0,19,8
2020-08-27,US,Washington,Asotin,51,2,0,46.18894415,-117.2022851,53003.0,225.84359224160838,3.92156862745098,49,50,2,0,48,49,22610,1,0,0,1,1
2020-08-27,US,Washington,Benton,4057,122,0,46.23946995,-119.51208340000001,53005.0,1984.930769607124,3.00714813901898,3935,4037,122,0,3915,4021,201877,20,0,0,20,16
2020-08-27,US,Washington,Chelan,1713,11,0,47.87046092,-120.6173956,53007.0,2218.911917098445,0.642148277875073,1702,1693,11,0,1682,1676,77036,20,0,0,20,17
2020-08-27,US,Washington,Clallam,204,1,0,48.04754642,-123.92263190000001,53009.0,263.80106296310663,0.4901960784313725,203,202,1,0,201,198,76737,2,0,0,2,4
2020-08-27,US,Washington,Clark,2122,54,0,45.77568046,-122.48292040000001,53011.0,434.6214267134469,2.5447690857681438,2068,2111,53,0,2058,2093,481857,11,1,0,10,18
2020-08-27,US,Washington,Columbia,13,1,0,46.29442881,-117.9051983,53013.0,326.2233375156838,7.6923076923076925,12,13,1,0,12,13,4059,0,0,0,0,0
2020-08-27,US,Washington,Cowlitz,529,6,0,46.19074721,-122.6782231,53015.0,478.3304549112512,1.1342155009451795,523,526,6,0,520,524,108987,3,0,0,3,2
2020-08-27,US,Washington,Douglas,1146,7,0,47.7361335,-119.69293700000001,53017.0,2638.7897487853743,0.6108202443280978,1139,1134,7,0,1127,1119,42907,12,0,0,12,15
2020-08-27,US,Washington,Ferry,25,0,0,48.471143100000006,-118.5154041,53019.0,327.78287662252524,0.0,25,25,0,0,25,24,7649,0,0,0,0,1
2020-08-27,US,Washington,Franklin,3874,56,0,46.53351425,-118.9018212,53021.0,4068.3875574972167,1.4455343314403717,3818,3864,55,0,3809,3850,94347,10,1,0,9,14
2020-08-27,US,Washington,Garfield,4,0,0,46.43197502,-117.54540320000001,53023.0,179.77528089887642,0.0,4,4,0,0,4,4,2247,0,0,0,0,0
2020-08-27,US,Washington,Grant,2166,14,0,47.20753737,-119.4500749,53025.0,2216.2422109215927,0.6463527239150508,2152,2106,14,0,2092,2109,97331,60,0,0,60,-3
2020-08-27,US,Washington,Grays Harbor,221,6,0,47.14003705,-123.7820567,53027.0,294.42719921130816,2.7149321266968327,215,219,5,0,214,215,73901,2,1,0,1,4
2020-08-27,US,Washington,Island,268,11,0,48.14713305,-122.5216407,53029.0,314.77196650262505,4.104477611940299,257,268,11,0,257,267,84460,0,0,0,0,1
2020-08-27,US,Washington,Jefferson,69,0,0,47.75003077,-123.56097040000002,53031.0,214.1460538158344,0.0,69,69,0,0,69,70,31729,0,0,0,0,-1
2020-08-27,US,Washington,King,19155,722,0,47.49137892,-121.8346131,53033.0,850.2820068697282,3.7692508483424687,18433,18976,719,0,18257,18837,2233163,179,3,0,176,139
2020-08-27,US,Washington,Kitsap,962,9,0,47.63479026,-122.6436061,53035.0,354.36304899566437,0.9355509355509356,953,949,9,0,940,938,269805,13,0,0,13,11
2020-08-27,US,Washington,Kittitas,448,21,0,47.12521214,-120.67943899999999,53037.0,934.5989360592469,4.6875,427,448,21,0,427,448,47364,0,0,0,0,0
2020-08-27,US,Washington,Klickitat,174,3,0,45.87325839,-120.7913598,53039.0,775.9197324414715,1.7241379310344829,171,169,3,0,166,166,22107,5,0,0,5,3
2020-08-27,US,Washington,Lewis,327,4,0,46.57756476,-122.39257690000001,53041.0,405.1693161683621,1.2232415902140672,323,319,4,0,315,315,79604,8,0,0,8,4
2020-08-27,US,Washington,Lincoln,31,1,0,47.57705241,-118.41943880000001,53043.0,283.3897065545296,3.2258064516129035,30,32,1,0,31,31,10740,-1,0,0,-1,1
2020-08-27,US,Washington,Mason,303,1,0,47.35007586,-123.1863685,53045.0,453.8102084831057,0.33003300330033003,302,299,1,0,298,295,65507,4,0,0,4,4
2020-08-27,US,Washington,Okanogan,981,6,0,48.54855019,-119.73872240000001,53047.0,2322.278247283574,0.6116207951070336,975,977,6,0,971,970,42132,4,0,0,4,7
2020-08-27,US,Washington,Pacific,60,3,0,46.55418369,-123.7285716,53049.0,267.01081393796454,5.0,57,60,3,0,57,60,22036,0,0,0,0,0
2020-08-27,US,Washington,Pend Oreille,52,0,0,48.53234021,-117.2741804,53051.0,378.8982803847274,0.0,52,52,0,0,52,53,13602,0,0,0,0,-1
2020-08-27,US,Washington,Pierce,6661,164,0,47.03892768,-122.14059579999999,53053.0,736.03836548874,2.4620927788620333,6497,6621,163,0,6458,6585,891299,40,1,0,39,36
2020-08-27,US,Washington,San Juan,29,0,0,48.60182783,-122.96745,53055.0,164.94141735866228,0.0,29,29,0,0,29,29,17128,0,0,0,0,0
2020-08-27,US,Washington,Skagit,997,22,0,48.48171488,-121.766131,53057.0,771.6419643202663,2.2066198595787356,975,992,22,0,970,985,128206,5,0,0,5,7
2020-08-27,US,Washington,Skamania,58,1,0,46.02408726,-121.91644029999999,53059.0,480.01324174459984,1.7241379310344829,57,58,1,0,57,58,11924,0,0,0,0,0
2020-08-27,US,Washington,Snohomish,6077,208,0,48.04615983,-121.7170703,53061.0,739.2197624814038,3.422741484285009,5869,6032,208,0,5824,5998,814901,45,0,0,45,34
2020-08-27,US,Washington,Spokane,5158,128,0,47.62113146,-117.4046494,53063.0,986.6143328780906,2.481582008530438,5030,5117,128,0,4989,5073,514631,41,0,0,41,44
2020-08-27,US,Washington,Stevens,125,1,0,48.40035475,-117.8542701,53065.0,273.3853859108107,0.8,124,125,1,0,124,123,45260,0,0,0,0,2
2020-08-27,US,Washington,Thurston,888,12,0,46.9291895,-122.82906559999999,53067.0,305.64198584684857,1.351351351351351,876,884,12,0,872,875,286419,4,0,0,4,9
2020-08-27,US,Washington,Unassigned,255,5,0,0.0,0.0,90053.0,0.0,1.96078431372549,250,257,4,0,253,249,,-2,1,0,-3,8
2020-08-27,US,Washington,Wahkiakum,6,0,0,46.29180039999999,-123.4250831,53069.0,133.6898395721925,0.0,6,6,0,0,6,6,4426,0,0,0,0,0
2020-08-27,US,Washington,Walla Walla,731,4,0,46.23040051,-118.4775539,53071.0,1203.0941408821593,0.5471956224350205,727,725,4,0,721,710,60922,6,0,0,6,15
2020-08-27,US,Washington,Whatcom,1065,39,0,48.82227976,-121.74900179999999,53073.0,464.5644217808739,3.661971830985916,1026,1062,39,0,1023,1057,225685,3,0,0,3,5
2020-08-27,US,Washington,Whitman,233,0,0,46.90022523,-117.52417630000001,53075.0,465.0327319176114,0.0,233,222,0,0,222,201,49791,11,0,0,11,21
2020-08-27,US,Washington,Yakima,10869,238,0,46.45738486,-120.73801259999999,53077.0,4332.471011228789,2.1897138651209858,10631,10853,237,0,10616,10843,251446,16,1,0,15,10
2020-08-27,US,West Virginia,Barbour,33,1,0,39.1307219,-80.00350858,54001.0,200.717717900371,3.0303030303030303,32,33,1,0,32,33,16535,0,0,0,0,0
2020-08-27,US,West Virginia,Berkeley,780,11,0,39.46704621,-78.02414609,54003.0,654.5216537580453,1.4102564102564104,769,777,11,0,766,769,117123,3,0,0,3,8
2020-08-27,US,West Virginia,Boone,132,0,0,38.01974191,-81.69888019,54005.0,615.1838560842615,0.0,132,131,0,0,131,130,21951,1,0,0,1,1
2020-08-27,US,West Virginia,Braxton,9,0,0,38.70036159,-80.72011184,54007.0,64.48377158415133,0.0,9,9,0,0,9,9,14089,0,0,0,0,0
2020-08-27,US,West Virginia,Brooke,85,1,0,40.27367263,-80.57915332,54009.0,387.4378959843202,1.1764705882352942,84,85,1,0,84,85,22203,0,0,0,0,0
2020-08-27,US,West Virginia,Cabell,502,6,0,38.42424062,-82.23855912,54011.0,545.9785741475882,1.195219123505976,496,501,6,0,495,493,93224,1,0,0,1,8
2020-08-27,US,West Virginia,Calhoun,8,0,0,38.84315422,-81.11934872,54013.0,112.53340835560556,0.0,8,8,0,0,8,8,7254,0,0,0,0,0
2020-08-27,US,West Virginia,Clay,19,1,0,38.46231092,-81.07652217,54015.0,223.3192289609779,5.2631578947368425,18,19,1,0,18,19,8632,0,0,0,0,0
2020-08-27,US,West Virginia,Doddridge,6,0,0,39.27057157,-80.70671527,54017.0,71.02272727272727,0.0,6,6,0,0,6,6,8406,0,0,0,0,0
2020-08-27,US,West Virginia,Fayette,215,10,0,38.02974928,-81.08286634,54019.0,507.0037258878461,4.651162790697675,205,195,9,0,186,188,43018,20,1,0,19,7
2020-08-27,US,West Virginia,Gilmer,18,0,0,38.9251277,-80.85952723,54021.0,230.09075802121947,0.0,18,18,0,0,18,18,8026,0,0,0,0,0
2020-08-27,US,West Virginia,Grant,139,5,0,39.10314817,-79.19440518,54023.0,1201.5905947441215,3.5971223021582728,134,138,5,0,133,134,11626,1,0,0,1,4
2020-08-27,US,West Virginia,Greenbrier,99,3,0,37.9463652,-80.45335881,54025.0,285.61537129998266,3.0303030303030303,96,99,3,0,96,98,34786,0,0,0,0,1
2020-08-27,US,West Virginia,Hampshire,91,1,0,39.32103553,-78.60826476,54027.0,392.6645091693636,1.0989010989010992,90,91,1,0,90,92,23347,0,0,0,0,-1
2020-08-27,US,West Virginia,Hancock,118,0,0,40.51943859,-80.57461608,54029.0,409.580006942034,0.0,118,118,0,0,118,118,29094,0,0,0,0,0
2020-08-27,US,West Virginia,Hardy,70,0,0,39.00683177,-78.85855301,54031.0,508.130081300813,0.0,70,66,0,0,66,66,13775,4,0,0,4,0
2020-08-27,US,West Virginia,Harrison,260,1,0,39.2853852,-80.37919577,54033.0,386.58260972998687,0.38461538461538464,259,259,1,0,258,258,67554,1,0,0,1,1
2020-08-27,US,West Virginia,Jackson,198,19,0,38.84263974,-81.68148753,54035.0,692.8891377379622,9.595959595959595,179,194,19,0,175,192,28706,4,0,0,4,2
2020-08-27,US,West Virginia,Jefferson,336,4,0,39.30776166,-77.86014147,54037.0,587.9676617786022,1.1904761904761905,332,332,4,0,328,328,56811,4,0,0,4,4
2020-08-27,US,West Virginia,Kanawha,1294,27,0,38.33860077,-81.52857054,54039.0,726.4602187240349,2.0865533230293662,1267,1281,27,0,1254,1246,180454,13,0,0,13,35
2020-08-27,US,West Virginia,Lewis,32,2,0,38.9947249,-80.49988181,54041.0,201.16929653611615,6.25,30,32,2,0,30,32,16024,0,0,0,0,0
2020-08-27,US,West Virginia,Lincoln,111,1,0,38.172154,-82.07017953,54043.0,543.8777010142584,0.9009009009009008,110,115,1,0,114,115,20599,-4,0,0,-4,0
2020-08-27,US,West Virginia,Logan,454,26,0,37.8299889,-81.93528571,54045.0,1417.9081170554985,5.7268722466960345,428,454,21,0,433,446,32607,0,5,0,-5,8
2020-08-27,US,West Virginia,Marion,212,2,0,39.50984542,-80.24244659,54049.0,378.0853188757312,0.9433962264150944,210,212,2,0,210,211,56097,0,0,0,0,1
2020-08-27,US,West Virginia,Marshall,133,1,0,39.86064362,-80.66591062,54051.0,435.622809603354,0.7518796992481203,132,134,1,0,133,134,30785,-1,0,0,-1,0
2020-08-27,US,West Virginia,Mason,94,1,0,38.77071799,-82.02524219,54053.0,354.5029416201539,1.0638297872340423,93,91,1,0,90,86,26718,3,0,0,3,5
2020-08-27,US,West Virginia,McDowell,71,0,0,37.38002939,-81.65083669,54047.0,402.8597367226509,0.0,71,72,0,0,72,66,18223,-1,0,0,-1,6
2020-08-27,US,West Virginia,Mercer,287,22,0,37.40481169,-81.11023142,54055.0,488.4441267572074,7.665505226480835,265,284,22,0,262,276,59131,3,0,0,3,8
2020-08-27,US,West Virginia,Mineral,140,4,0,39.41561583,-78.94104895,54057.0,521.0659520619324,2.8571428571428568,136,131,4,0,127,131,26940,9,0,0,9,0
2020-08-27,US,West Virginia,Mingo,224,5,0,37.73048351,-82.13338365,54059.0,956.2841530054643,2.232142857142857,219,222,5,0,217,219,23785,2,0,0,2,3
2020-08-27,US,West Virginia,Monongalia,1075,5,0,39.63218457,-80.04766838,54061.0,1017.8767564291936,0.4651162790697674,1070,1072,5,0,1067,1059,106420,3,0,0,3,13
2020-08-27,US,West Virginia,Monroe,95,1,0,37.56274716,-80.54577965,54063.0,715.6308851224104,1.0526315789473684,94,91,0,0,91,79,13280,4,1,0,3,12
2020-08-27,US,West Virginia,Morgan,37,0,0,39.55439028,-78.26311676,54065.0,206.8888391858645,0.0,37,37,0,0,37,37,17787,0,0,0,0,0
2020-08-27,US,West Virginia,Nicholas,47,1,0,38.29617706,-80.79759588,54067.0,191.86806009144348,2.127659574468085,46,47,1,0,46,44,24842,0,0,0,0,3
2020-08-27,US,West Virginia,Ohio,288,5,0,40.0955451,-80.62203992,54069.0,695.467387892106,1.7361111111111112,283,289,5,0,284,289,41755,-1,0,0,-1,0
2020-08-27,US,West Virginia,Pendleton,44,1,0,38.68314479,-79.35084086,54071.0,631.3674845745444,2.272727272727273,43,44,1,0,43,48,6997,0,0,0,0,-4
2020-08-27,US,West Virginia,Pleasants,14,3,0,39.37091679,-81.16771771,54073.0,187.66756032171585,21.428571428571427,11,14,2,0,12,14,7507,0,1,0,-1,0
2020-08-27,US,West Virginia,Pocahontas,42,0,0,38.32758728,-80.00993811,54075.0,509.2761004001455,0.0,42,42,0,0,42,42,8414,0,0,0,0,0
2020-08-27,US,West Virginia,Preston,136,4,0,39.46770987,-79.66712803,54077.0,406.7958841828189,2.9411764705882355,132,136,4,0,132,136,33839,0,0,0,0,0
2020-08-27,US,West Virginia,Putnam,257,0,0,38.50782345,-81.9082131,54079.0,455.2701505757306,0.0,257,254,0,0,254,252,56682,3,0,0,3,2
2020-08-27,US,West Virginia,Raleigh,332,3,0,37.76936795,-81.2456041,54081.0,452.55653548888375,0.9036144578313252,329,331,3,0,328,328,74254,1,0,0,1,3
2020-08-27,US,West Virginia,Randolph,221,0,0,38.769899,-79.87919615,54083.0,770.1690189928559,0.0,221,220,0,0,220,221,28823,1,0,0,1,-1
2020-08-27,US,West Virginia,Ritchie,3,0,0,39.18094587,-81.06356878,54085.0,31.400460540087924,0.0,3,3,0,0,3,3,9721,0,0,0,0,0
2020-08-27,US,West Virginia,Roane,24,1,0,38.71622686,-81.35243568,54087.0,175.33606078316777,4.166666666666667,23,25,1,0,24,25,13932,-1,0,0,-1,0
2020-08-27,US,West Virginia,Summers,18,0,0,37.65390597,-80.86009693,54089.0,143.16392269148173,0.0,18,18,0,0,18,18,12760,0,0,0,0,0
2020-08-27,US,West Virginia,Taylor,103,3,0,39.33602617,-80.0421439,54091.0,616.9511829889187,2.9126213592233015,100,103,3,0,100,100,16862,0,0,0,0,3
2020-08-27,US,West Virginia,Tucker,11,0,0,39.11240885,-79.57053576,54093.0,160.84222839596433,0.0,11,11,0,0,11,11,6955,0,0,0,0,0
2020-08-27,US,West Virginia,Tyler,15,0,0,39.46811972,-80.88772676,54095.0,174.60132697008495,0.0,15,15,0,0,15,15,8746,0,0,0,0,0
2020-08-27,US,West Virginia,Upshur,43,0,0,38.89285061,-80.23689136,54097.0,177.86234281932497,0.0,43,41,0,0,41,40,24415,2,0,0,2,1
2020-08-27,US,West Virginia,Wayne,238,9,0,38.14901357,-82.42287994,54099.0,604.0302522714583,3.7815126050420167,229,232,9,0,223,230,39944,6,0,0,6,2
2020-08-27,US,West Virginia,Webster,7,0,0,38.49370949,-80.4202023,54101.0,86.27064333251171,0.0,7,7,0,0,7,7,8285,0,0,0,0,0
2020-08-27,US,West Virginia,Wetzel,45,0,0,39.6065771,-80.64016540000001,54103.0,298.70560902754727,0.0,45,45,0,0,45,45,15270,0,0,0,0,0
2020-08-27,US,West Virginia,Wirt,9,0,0,39.02775007,-81.37473928,54105.0,154.6126095172651,0.0,9,8,0,0,8,7,5830,1,0,0,1,1
2020-08-27,US,West Virginia,Wood,298,5,0,39.20967886,-81.5162836,54107.0,356.80931056778184,1.6778523489932886,293,297,5,0,292,292,84203,1,0,0,1,5
2020-08-27,US,West Virginia,Wyoming,61,3,0,37.612327,-81.54511071,54109.0,299.1075806609787,4.918032786885246,58,55,3,0,52,51,20786,6,0,0,6,4
2020-08-27,US,Wisconsin,Adams,102,3,0,43.96974651,-89.76782777,55001.0,504.4510385756677,2.9411764705882355,99,102,3,0,99,101,20348,0,0,0,0,1
2020-08-27,US,Wisconsin,Ashland,34,1,0,46.31956891,-90.67837132,55003.0,218.48091504947948,2.9411764705882355,33,33,1,0,32,33,15600,1,0,0,1,0
2020-08-27,US,Wisconsin,Barron,363,3,0,45.42372701,-91.84833627,55005.0,802.3163292370259,0.8264462809917356,360,362,3,0,359,359,45164,1,0,0,1,3
2020-08-27,US,Wisconsin,Bayfield,42,1,0,46.52868768,-91.19716729,55007.0,279.3296089385475,2.380952380952381,41,41,1,0,40,42,15042,1,0,0,1,-1
2020-08-27,US,Wisconsin,Brown,5194,58,0,44.452655299999996,-88.00411844,55009.0,1963.3933364078293,1.1166730843280708,5136,5143,58,0,5085,5074,263378,51,0,0,51,69
2020-08-27,US,Wisconsin,Buffalo,58,2,0,44.37835084,-91.75332578,55011.0,445.0924717980201,3.4482758620689653,56,58,2,0,56,56,13125,0,0,0,0,2
2020-08-27,US,Wisconsin,Burnett,39,1,0,45.86303537,-92.36711412,55013.0,253.016738030362,2.5641025641025643,38,37,1,0,36,33,15392,2,0,0,2,4
2020-08-27,US,Wisconsin,Calumet,473,2,0,44.0816316,-88.21780273,55015.0,944.3191119806744,0.4228329809725159,471,461,2,0,459,452,50159,12,0,0,12,9
2020-08-27,US,Wisconsin,Chippewa,323,0,0,45.06939744,-91.28068855,55017.0,499.55148628166666,0.0,323,312,0,0,312,304,64135,11,0,0,11,8
2020-08-27,US,Wisconsin,Clark,236,8,0,44.73483377,-90.61207486,55019.0,678.6679703226547,3.3898305084745757,228,234,8,0,226,230,34709,2,0,0,2,4
2020-08-27,US,Wisconsin,Columbia,340,2,0,43.46492199,-89.33589004,55021.0,590.9754571368977,0.5882352941176471,338,334,2,0,332,329,57358,6,0,0,6,5
2020-08-27,US,Wisconsin,Crawford,99,0,0,43.23870316,-90.93073686,55023.0,613.7251255346847,0.0,99,98,0,0,98,98,16291,1,0,0,1,0
2020-08-27,US,Wisconsin,Dane,5294,39,0,43.06601594,-89.41733797,55025.0,968.3644445257413,0.7366830374008311,5255,5209,39,0,5170,5161,542364,85,0,0,85,48
2020-08-27,US,Wisconsin,Dodge,1076,5,0,43.41576662,-88.70928178,55027.0,1224.9684081102928,0.4646840148698885,1071,1057,5,0,1052,1046,87847,19,0,0,19,11
2020-08-27,US,Wisconsin,Door,128,3,0,44.95856458,-87.30002707,55029.0,462.6283070695388,2.34375,125,128,3,0,125,127,27610,0,0,0,0,1
2020-08-27,US,Wisconsin,Douglas,244,0,0,46.43222285,-91.91595768,55031.0,565.4692931633837,0.0,244,243,0,0,243,242,43208,1,0,0,1,1
2020-08-27,US,Wisconsin,Dunn,163,0,0,44.94562799,-91.8962481,55033.0,359.28407688238406,0.0,163,159,0,0,159,155,45131,4,0,0,4,4
2020-08-27,US,Wisconsin,Eau Claire,768,6,0,44.726614,-91.28609183,55035.0,733.9028725417122,0.78125,762,748,6,0,742,737,104534,20,0,0,20,11
2020-08-27,US,Wisconsin,Florence,23,0,0,45.84963535,-88.39804137,55037.0,535.5064027939463,0.0,23,23,0,0,23,22,4321,0,0,0,0,1
2020-08-27,US,Wisconsin,Fond du Lac,1022,9,0,43.75354908,-88.48885325,55039.0,988.3659081457984,0.8806262230919765,1013,1010,9,0,1001,969,103066,12,0,0,12,41
2020-08-27,US,Wisconsin,Forest,67,4,0,45.66678019,-88.77084892,55041.0,744.1137272323411,5.970149253731344,63,66,4,0,62,66,8991,1,0,0,1,0
2020-08-27,US,Wisconsin,Grant,425,17,0,42.8671731,-90.7063218,55043.0,826.2213495596727,4.0,408,426,17,0,409,423,51554,-1,0,0,-1,3
2020-08-27,US,Wisconsin,Green,261,1,0,42.6794956,-89.60243287,55045.0,706.1688311688312,0.3831417624521073,260,256,1,0,255,255,36929,5,0,0,5,1
2020-08-27,US,Wisconsin,Green Lake,88,0,0,43.80025981,-89.04679553,55047.0,465.28842595040453,0.0,88,87,0,0,87,87,18918,1,0,0,1,0
2020-08-27,US,Wisconsin,Iowa,114,0,0,43.00050278,-90.13469017,55049.0,481.4595827350283,0.0,114,113,0,0,113,111,23771,1,0,0,1,2
2020-08-27,US,Wisconsin,Iron,118,1,0,46.26302338,-90.24295041,55051.0,2074.907684192017,0.8474576271186439,117,115,1,0,114,111,5676,3,0,0,3,4
2020-08-27,US,Wisconsin,Jackson,74,1,0,44.31864893,-90.80566792,55053.0,358.4750278544785,1.351351351351351,73,72,1,0,71,71,20478,2,0,0,2,1
2020-08-27,US,Wisconsin,Jefferson,848,6,0,43.02054068,-88.77529134,55055.0,1000.3656997251352,0.7075471698113207,842,844,6,0,838,829,85129,4,0,0,4,15
2020-08-27,US,Wisconsin,Juneau,188,1,0,43.92456975,-90.11120239,55057.0,704.4628470791023,0.5319148936170213,187,182,1,0,181,177,26617,6,0,0,6,5
2020-08-27,US,Wisconsin,Kenosha,2920,62,0,42.57639354,-88.04051686,55059.0,1722.094113622826,2.1232876712328768,2858,2912,61,0,2851,2894,169290,8,1,0,7,18
2020-08-27,US,Wisconsin,Kewaunee,163,2,0,44.51727459,-87.61468386,55061.0,797.6901243026329,1.2269938650306749,161,154,2,0,152,155,20383,9,0,0,9,-1
2020-08-27,US,Wisconsin,La Crosse,1109,1,0,43.90632465,-91.11451093,55063.0,939.7030911062907,0.09017132551848513,1108,1077,1,0,1076,1060,118230,32,0,0,32,17
2020-08-27,US,Wisconsin,Lafayette,185,0,0,42.66005229,-90.1317729,55065.0,1110.1110111011099,0.0,185,184,0,0,184,184,16665,1,0,0,1,0
2020-08-27,US,Wisconsin,Langlade,79,2,0,45.26271619,-89.07483625,55067.0,411.6941998019699,2.5316455696202533,77,77,2,0,75,77,19268,2,0,0,2,0
2020-08-27,US,Wisconsin,Lincoln,78,1,0,45.33737523,-89.73411273,55069.0,282.6803899539738,1.2820512820512822,77,76,1,0,75,76,27689,2,0,0,2,0
2020-08-27,US,Wisconsin,Manitowoc,488,1,0,44.11946801,-87.80928853,55071.0,617.8701206619312,0.20491803278688525,487,478,1,0,477,468,79074,10,0,0,10,10
2020-08-27,US,Wisconsin,Marathon,753,13,0,44.89792533,-89.75863384,55073.0,554.9332311411137,1.7264276228419655,740,748,13,0,735,738,135428,5,0,0,5,10
2020-08-27,US,Wisconsin,Marinette,582,6,0,45.38553432,-88.03324599999998,55075.0,1442.3791821561338,1.0309278350515465,576,574,6,0,568,570,40434,8,0,0,8,4
2020-08-27,US,Wisconsin,Marquette,86,1,0,43.81911946,-89.40073763,55077.0,552.2023885963787,1.162790697674419,85,85,1,0,84,83,15434,1,0,0,1,2
2020-08-27,US,Wisconsin,Menominee,28,0,0,45.00422544,-88.70950714,55078.0,614.5741878841087,0.0,28,28,0,0,28,28,4658,0,0,0,0,0
2020-08-27,US,Wisconsin,Milwaukee,23676,485,0,43.00486062,-87.96733172,55079.0,2503.4735219291847,2.0484879202568003,23191,23514,485,0,23029,23396,948201,162,0,0,162,118
2020-08-27,US,Wisconsin,Monroe,274,2,0,43.94641218,-90.61881899999999,55081.0,592.3940068752297,0.7299270072992701,272,271,2,0,269,267,46051,3,0,0,3,4
2020-08-27,US,Wisconsin,Oconto,405,2,0,45.02715345,-88.26807503,55083.0,1067.7563933561823,0.4938271604938271,403,391,1,0,390,376,37830,14,1,0,13,15
2020-08-27,US,Wisconsin,Oneida,203,0,0,45.70677897,-89.51944105,55085.0,570.3048180924287,0.0,203,199,0,0,199,198,35470,4,0,0,4,1
2020-08-27,US,Wisconsin,Outagamie,1692,19,0,44.41578887,-88.46565023,55087.0,900.5508688825612,1.1229314420803782,1673,1646,19,0,1627,1606,187365,46,0,0,46,40
2020-08-27,US,Wisconsin,Ozaukee,885,18,0,43.38352225,-87.94625009,55089.0,991.9189428497776,2.0338983050847457,867,870,18,0,852,866,89147,15,0,0,15,4
2020-08-27,US,Wisconsin,Pepin,47,0,0,44.58307413,-91.99949611,55091.0,644.9842184712502,0.0,47,47,0,0,47,47,7289,0,0,0,0,0
2020-08-27,US,Wisconsin,Pierce,281,5,0,44.71850291,-92.4224416,55093.0,657.2484445899797,1.7793594306049825,276,276,5,0,271,276,42555,5,0,0,5,0
2020-08-27,US,Wisconsin,Polk,167,2,0,45.46130348,-92.44182875,55095.0,381.4265810931183,1.1976047904191616,165,164,2,0,162,159,43598,3,0,0,3,5
2020-08-27,US,Wisconsin,Portage,550,1,0,44.47558711,-89.50152965,55097.0,777.1435030803142,0.18181818181818185,549,534,1,0,533,524,70942,16,0,0,16,10
2020-08-27,US,Wisconsin,Price,37,0,0,45.68051754,-90.36098879999999,55099.0,277.1327990412703,0.0,37,35,0,0,35,34,13397,2,0,0,2,1
2020-08-27,US,Wisconsin,Racine,3931,89,0,42.74753117,-88.05941254,55101.0,2002.434911950935,2.26405494785042,3842,3897,86,0,3811,3867,196584,34,3,0,31,30
2020-08-27,US,Wisconsin,Richland,44,4,0,43.3762778,-90.43012729,55103.0,255.04289357755616,9.090909090909092,40,44,4,0,40,42,17377,0,0,0,0,2
2020-08-27,US,Wisconsin,Rock,1613,26,0,42.67151616,-89.07147900000002,55105.0,987.4260807816156,1.611903285802852,1587,1597,26,0,1571,1582,163129,16,0,0,16,15
2020-08-27,US,Wisconsin,Rusk,24,1,0,45.47498854,-91.1333012,55107.0,169.27634363097758,4.166666666666667,23,24,1,0,23,24,14147,0,0,0,0,0
2020-08-27,US,Wisconsin,Sauk,628,3,0,43.42574087,-89.94966132,55111.0,974.519723161913,0.4777070063694268,625,604,3,0,601,598,64249,24,0,0,24,6
2020-08-27,US,Wisconsin,Sawyer,151,0,0,45.87931905,-91.14504927,55113.0,911.9458871844424,0.0,151,150,0,0,150,147,16489,1,0,0,1,3
2020-08-27,US,Wisconsin,Shawano,245,0,0,44.78902246,-88.76443896,55115.0,599.0366512628669,0.0,245,239,0,0,239,239,40796,6,0,0,6,0
2020-08-27,US,Wisconsin,Sheboygan,1000,8,0,43.72099677,-87.94579284,55117.0,867.0019074041963,0.8,992,980,8,0,972,962,115456,20,0,0,20,18
2020-08-27,US,Wisconsin,St. Croix,611,7,0,45.03437474,-92.45000068,55109.0,673.7459613836603,1.1456628477905073,604,605,7,0,598,598,89694,6,0,0,6,7
2020-08-27,US,Wisconsin,Taylor,90,3,0,45.21179252,-90.5004405,55119.0,442.41262350685736,3.333333333333333,87,87,3,0,84,85,20412,3,0,0,3,2
2020-08-27,US,Wisconsin,Trempealeau,411,2,0,44.30360275,-91.35893614,55121.0,1386.218759485986,0.4866180048661801,409,407,2,0,405,400,29442,4,0,0,4,7
2020-08-27,US,Wisconsin,Vernon,93,0,0,43.59422667,-90.8324691,55123.0,301.7325287132568,0.0,93,89,0,0,89,86,30785,4,0,0,4,3
2020-08-27,US,Wisconsin,Vilas,97,0,0,46.05467334,-89.51719204,55125.0,437.0353683261997,0.0,97,95,0,0,95,95,21938,2,0,0,2,0
2020-08-27,US,Wisconsin,Walworth,1652,27,0,42.66858202,-88.54163073,55127.0,1590.4802249008358,1.6343825665859564,1625,1636,26,0,1610,1623,103718,16,1,0,15,13
2020-08-27,US,Wisconsin,Washburn,59,0,0,45.89838588,-91.79050449,55129.0,375.3180661577608,0.0,59,58,0,0,58,56,15878,1,0,0,1,2
2020-08-27,US,Wisconsin,Washington,1543,29,0,43.36863664,-88.22974712,55131.0,1134.2752547157331,1.8794556059624108,1514,1521,27,0,1494,1482,135693,22,2,0,20,39
2020-08-27,US,Wisconsin,Waukesha,5416,73,0,43.01833055,-88.30431188,55133.0,1339.937357433733,1.3478581979320532,5343,5353,71,0,5282,5286,403072,63,2,0,61,67
2020-08-27,US,Wisconsin,Waupaca,632,17,0,44.47068056,-88.96534501,55135.0,1239.4587173955674,2.6898734177215187,615,615,17,0,598,599,51128,17,0,0,17,16
2020-08-27,US,Wisconsin,Waushara,142,2,0,44.11324419,-89.24317107,55137.0,580.9434193838728,1.4084507042253518,140,139,1,0,138,135,24263,3,1,0,2,4
2020-08-27,US,Wisconsin,Winnebago,1433,21,0,44.06886922,-88.64477096,55139.0,833.5902551961235,1.465457083042568,1412,1402,21,0,1381,1383,171020,31,0,0,31,19
2020-08-27,US,Wisconsin,Wood,431,2,0,44.45537896,-90.04158336,55141.0,590.4190468362581,0.4640371229698376,429,425,2,0,423,421,73055,6,0,0,6,4
2020-08-27,US,Wyoming,Albany,128,0,0,41.65498705,-105.72354150000001,56001.0,329.2181069958848,0.0,128,128,0,0,128,127,38601,0,0,0,0,1
2020-08-27,US,Wyoming,Big Horn,39,0,0,44.52405055,-107.9960365,56003.0,330.7888040712468,0.0,39,39,0,0,39,39,11881,0,0,0,0,0
2020-08-27,US,Wyoming,Campbell,172,0,0,44.24886082,-105.54744040000001,56005.0,371.16160635290566,0.0,172,172,0,0,172,164,46140,0,0,0,0,8
2020-08-27,US,Wyoming,Carbon,185,0,0,41.69357844,-106.9326084,56007.0,1250.0,0.0,185,185,0,0,185,185,14971,0,0,0,0,0
2020-08-27,US,Wyoming,Converse,40,0,0,42.97272268,-105.5081848,56009.0,289.3937201562726,0.0,40,40,0,0,40,37,13640,0,0,0,0,3
2020-08-27,US,Wyoming,Crook,14,0,0,44.58855102,-104.56977049999999,56011.0,184.59915611814347,0.0,14,14,0,0,14,14,7450,0,0,0,0,0
2020-08-27,US,Wyoming,Fremont,585,0,0,43.04183996,-108.6296893,56013.0,1490.0282723313212,0.0,585,585,0,0,585,577,39531,0,0,0,0,8
2020-08-27,US,Wyoming,Goshen,51,0,0,42.08798185,-104.3534743,56015.0,386.0419347513436,0.0,51,51,0,0,51,50,13376,0,0,0,0,1
2020-08-27,US,Wyoming,Hot Springs,29,0,0,43.71930657,-108.44231740000001,56017.0,657.1493315205076,0.0,29,29,0,0,29,28,4555,0,0,0,0,1
2020-08-27,US,Wyoming,Johnson,27,1,0,44.04057166,-106.58451740000001,56019.0,319.7158081705151,3.703703703703704,26,27,1,0,26,27,8460,0,0,0,0,0
2020-08-27,US,Wyoming,Laramie,560,0,0,41.30702520000001,-104.6887497,56021.0,562.8140703517588,0.0,560,560,0,0,560,552,98976,0,0,0,0,8
2020-08-27,US,Wyoming,Lincoln,108,0,0,42.26376367,-110.6563997,56023.0,544.6293494704994,0.0,108,108,0,0,108,108,19434,0,0,0,0,0
2020-08-27,US,Wyoming,Natrona,278,0,0,42.96180148,-106.79788500000001,56025.0,348.117909288988,0.0,278,278,0,0,278,276,79115,0,0,0,0,2
2020-08-27,US,Wyoming,Niobrara,2,0,0,43.05607708,-104.47588959999999,56027.0,84.88964346349746,0.0,2,2,0,0,2,2,2388,0,0,0,0,0
2020-08-27,US,Wyoming,Park,160,0,0,44.52157546,-109.58528249999999,56029.0,548.0578201000205,0.0,160,160,0,0,160,158,29324,0,0,0,0,2
2020-08-27,US,Wyoming,Platte,7,0,0,42.13299116,-104.96633100000001,56031.0,83.40283569641367,0.0,7,7,0,0,7,7,8566,0,0,0,0,0
2020-08-27,US,Wyoming,Sheridan,127,0,0,44.79048913,-106.8862389,56033.0,416.5983270460882,0.0,127,127,0,0,127,124,30233,0,0,0,0,3
2020-08-27,US,Wyoming,Sublette,48,0,0,42.76558279,-109.91309220000001,56035.0,488.2514494964907,0.0,48,48,0,0,48,48,9813,0,0,0,0,0
2020-08-27,US,Wyoming,Sweetwater,295,0,0,41.65943896,-108.8827882,56037.0,696.6913067094914,0.0,295,295,0,0,295,295,43051,0,0,0,0,0
2020-08-27,US,Wyoming,Teton,417,0,0,43.93522482,-110.5890801,56039.0,1777.1905898397547,0.0,417,417,0,0,417,412,23081,0,0,0,0,5
2020-08-27,US,Wyoming,Uinta,289,0,0,41.2878183,-110.54757820000002,56041.0,1428.8539503609215,0.0,289,289,0,0,289,283,20299,0,0,0,0,6
2020-08-27,US,Wyoming,Unassigned,53,36,0,0.0,0.0,90056.0,0.0,67.9245283018868,17,0,36,0,-36,0,,53,0,0,53,0
2020-08-27,US,Wyoming,Washakie,108,0,0,43.90451606,-107.68018700000002,56043.0,1383.7283792440744,0.0,108,108,0,0,108,108,7885,0,0,0,0,0
2020-08-27,US,Wyoming,Weston,11,0,0,43.83961191,-104.56748809999999,56045.0,158.79890284394398,0.0,11,11,0,0,11,11,6967,0,0,0,0,0
