Date,Country/Region,Province/State,Admin2,Confirmed,Deaths,Recovered,Latitude,Longitude,FIPS,Incidence_Rate,Case-Fatality_Ratio,Active Cases,Previous Confirmed,Previous Deaths,Previous Recovered,Previous Active,Prev2 Confirmed,Population,Daily Confirmed,Daily Deaths,Daily Recovered,Daily Active,Previous Daily Confirmed
2020-09-27,US,Alabama,Autauga,1773,25,0,32.53952745,-86.64408227,1001.0,3173.495140417763,1.410039481105471,1748,1764,25,0,1739,1757,55601,9,0,0,9,7
2020-09-27,US,Alabama,Baldwin,5526,50,0,30.72774991,-87.72207058,1003.0,2475.4293700780345,0.9048136083966702,5476,5477,50,0,5427,5456,218022,49,0,0,49,21
2020-09-27,US,Alabama,Barbour,885,7,0,31.868263,-85.3871286,1005.0,3585.027951065381,0.7909604519774012,878,882,7,0,875,873,24881,3,0,0,3,9
2020-09-27,US,Alabama,Bibb,656,10,0,32.99642064,-87.12511459999996,1007.0,2929.3560775207648,1.5243902439024388,646,654,10,0,644,652,22400,2,0,0,2,2
2020-09-27,US,Alabama,Blount,1617,15,0,33.98210918,-86.56790593,1009.0,2796.3199944661574,0.927643784786642,1602,1611,15,0,1596,1608,57840,6,0,0,6,3
2020-09-27,US,Alabama,Bullock,606,14,0,32.10030533,-85.71265535,1011.0,5999.405999405999,2.31023102310231,592,604,14,0,590,599,10138,2,0,0,2,5
2020-09-27,US,Alabama,Butler,913,39,0,31.75300095,-86.68057478,1013.0,4694.570135746606,4.271631982475356,874,912,39,0,873,916,19680,1,0,0,1,-4
2020-09-27,US,Alabama,Calhoun,3534,44,0,33.77483727,-85.82630386,1015.0,3110.7785748866686,1.2450481041312957,3490,3515,44,0,3471,3499,114277,19,0,0,19,16
2020-09-27,US,Alabama,Chambers,1168,42,0,32.91360079,-85.39072749,1017.0,3512.359415408673,3.595890410958904,1126,1164,42,0,1122,1161,33615,4,0,0,4,3
2020-09-27,US,Alabama,Cherokee,612,13,0,34.17805983,-85.60638968,1019.0,2336.23453962437,2.124183006535948,599,608,13,0,595,603,26032,4,0,0,4,5
2020-09-27,US,Alabama,Chilton,1588,30,0,32.85044126,-86.7173256,1021.0,3574.32249932475,1.889168765743073,1558,1585,30,0,1555,1564,44153,3,0,0,3,21
2020-09-27,US,Alabama,Choctaw,351,12,0,32.02227341,-88.26564429999998,1023.0,2788.1483835094127,3.418803418803418,339,347,12,0,335,349,12841,4,0,0,4,-2
2020-09-27,US,Alabama,Clarke,1100,16,0,31.68099859,-87.83548597,1025.0,4656.675980018626,1.4545454545454546,1084,1091,16,0,1075,1089,23920,9,0,0,9,2
2020-09-27,US,Alabama,Clay,587,8,0,33.26984193,-85.85836077,1027.0,4435.20967132603,1.3628620102214652,579,585,8,0,577,579,13275,2,0,0,2,6
2020-09-27,US,Alabama,Cleburne,382,5,0,33.67679204,-85.52005899,1029.0,2562.038900067069,1.3089005235602094,377,380,5,0,375,364,14987,2,0,0,2,16
2020-09-27,US,Alabama,Coffee,1359,6,0,31.39932826,-85.98901039,1031.0,2596.38531198655,0.44150110375275936,1353,1348,6,0,1342,1320,51909,11,0,0,11,28
2020-09-27,US,Alabama,Colbert,1666,26,0,34.69847452,-87.80168544,1033.0,3015.8758892851324,1.56062424969988,1640,1646,26,0,1620,1641,54762,20,0,0,20,5
2020-09-27,US,Alabama,Conecuh,536,11,0,31.43401703,-86.99320044,1035.0,4441.8662467887625,2.0522388059701493,525,535,11,0,524,535,12277,1,0,0,1,0
2020-09-27,US,Alabama,Coosa,172,3,0,32.93690146,-86.24847739,1037.0,1613.0544874800712,1.7441860465116281,169,171,3,0,168,168,10715,1,0,0,1,3
2020-09-27,US,Alabama,Covington,1403,27,0,31.247785399999998,-86.45050893,1039.0,3786.8768387810737,1.924447612259444,1376,1401,27,0,1374,1385,36986,2,0,0,2,16
2020-09-27,US,Alabama,Crenshaw,540,32,0,31.72941803,-86.31593104,1041.0,3920.999128666861,5.925925925925926,508,537,32,0,505,536,13824,3,0,0,3,1
2020-09-27,US,Alabama,Cullman,1907,20,0,34.13020303,-86.86888037,1043.0,2276.5256422500242,1.048767697954903,1887,1899,20,0,1879,1890,83442,8,0,0,8,9
2020-09-27,US,Alabama,Dale,1392,44,0,31.43037123,-85.61095742,1045.0,2830.8793622386725,3.160919540229885,1348,1386,44,0,1342,1358,48956,6,0,0,6,28
2020-09-27,US,Alabama,Dallas,1791,26,0,32.32688101,-87.10866709999998,1047.0,4815.0338746101725,1.4517029592406476,1765,1790,26,0,1764,1783,38310,1,0,0,1,7
2020-09-27,US,Alabama,DeKalb,2432,21,0,34.45946862,-85.80782906,1049.0,3400.780277711745,0.8634868421052632,2411,2416,21,0,2395,2406,71385,16,0,0,16,10
2020-09-27,US,Alabama,Elmore,2673,48,0,32.59785413,-86.14415284,1051.0,3291.5070989668634,1.7957351290684624,2625,2667,48,0,2619,2659,81887,6,0,0,6,8
2020-09-27,US,Alabama,Escambia,1611,24,0,31.1256789,-87.15918694,1053.0,4397.674228154942,1.48975791433892,1587,1608,24,0,1584,1603,36748,3,0,0,3,5
2020-09-27,US,Alabama,Etowah,3521,45,0,34.04567266,-86.04051873,1055.0,3442.914694723668,1.2780460096563475,3476,3490,45,0,3445,3439,102501,31,0,0,31,51
2020-09-27,US,Alabama,Fayette,462,8,0,33.72076938,-87.73886638,1057.0,2834.008097165992,1.7316017316017316,454,457,8,0,449,450,16433,5,0,0,5,7
2020-09-27,US,Alabama,Franklin,1781,29,0,34.44235334,-87.84289505,1059.0,5678.84701230789,1.6282987085906797,1752,1771,29,0,1742,1767,31363,10,0,0,10,4
2020-09-27,US,Alabama,Geneva,634,4,0,31.09389027,-85.83572839,1061.0,2413.3074492786723,0.6309148264984227,630,625,4,0,621,607,26314,9,0,0,9,18
2020-09-27,US,Alabama,Greene,303,15,0,32.85504247,-87.95684022,1063.0,3735.667611885094,4.950495049504951,288,303,15,0,288,303,8233,0,0,0,0,0
2020-09-27,US,Alabama,Hale,644,28,0,32.76039258,-87.63284988,1065.0,4395.604395604396,4.3478260869565215,616,635,28,0,607,634,14726,9,0,0,9,1
2020-09-27,US,Alabama,Henry,507,5,0,31.51148016,-85.24267944,1067.0,2946.8177855274625,0.9861932938856016,502,505,5,0,500,493,17209,2,0,0,2,12
2020-09-27,US,Alabama,Houston,2920,21,0,31.15197924,-85.29939599,1069.0,2757.786970401012,0.7191780821917808,2899,2903,21,0,2882,2802,104722,17,0,0,17,101
2020-09-27,US,Alabama,Jackson,1581,11,0,34.78144169,-85.99750489,1071.0,3062.410413357611,0.6957621758380772,1570,1575,11,0,1564,1560,51736,6,0,0,6,15
2020-09-27,US,Alabama,Jefferson,19752,350,0,33.55554728,-86.89506300000002,1073.0,2999.211932466105,1.7719724584852168,19402,19676,351,0,19325,19572,659300,76,-1,0,77,104
2020-09-27,US,Alabama,Lamar,370,2,0,33.77995024,-88.09668032,1075.0,2680.1883375588554,0.5405405405405406,368,367,2,0,365,366,13844,3,0,0,3,1
2020-09-27,US,Alabama,Lauderdale,1723,33,0,34.90171875,-87.65624729,1077.0,1858.1026431860585,1.9152640742890308,1690,1713,33,0,1680,1698,92387,10,0,0,10,15
2020-09-27,US,Alabama,Lawrence,621,23,0,34.52041498,-87.31069453,1079.0,1886.1620702223306,3.703703703703704,598,620,23,0,597,616,32957,1,0,0,1,4
2020-09-27,US,Alabama,Lee,5927,60,0,32.60154883,-85.35132246,1081.0,3602.119823510107,1.0123165176311792,5867,5897,60,0,5837,5887,163941,30,0,0,30,10
2020-09-27,US,Alabama,Limestone,2119,20,0,34.81185586,-86.98310072,1083.0,2142.243340241622,0.9438414346389806,2099,2101,20,0,2081,2088,96174,18,0,0,18,13
2020-09-27,US,Alabama,Lowndes,654,27,0,32.1597283,-86.65158371,1085.0,6724.244293645897,4.128440366972477,627,653,27,0,626,653,9974,1,0,0,1,0
2020-09-27,US,Alabama,Macon,483,18,0,32.38759944,-85.69267724,1087.0,2673.2344476422404,3.7267080745341614,465,480,18,0,462,481,18439,3,0,0,3,-1
2020-09-27,US,Alabama,Madison,7927,78,0,34.76327133,-86.55069633,1089.0,2125.7196796001167,0.9839788066103192,7849,7881,78,0,7803,7820,366519,46,0,0,46,61
2020-09-27,US,Alabama,Marengo,724,20,0,32.24767634,-87.78796182,1091.0,3838.2017706621427,2.7624309392265194,704,720,20,0,700,716,19066,4,0,0,4,4
2020-09-27,US,Alabama,Marion,968,29,0,34.13697363,-87.88704173,1093.0,3258.271904136793,2.995867768595041,939,964,29,0,935,957,29763,4,0,0,4,7
2020-09-27,US,Alabama,Marshall,3961,43,0,34.36975964,-86.30486727,1095.0,4093.041519416372,1.0855844483716233,3918,3943,43,0,3900,3933,96109,18,0,0,18,10
2020-09-27,US,Alabama,Mobile,13449,292,0,30.78472347,-88.20842409,1097.0,3254.7615014157454,2.1711651423897687,13157,13373,292,0,13081,13320,413757,76,0,0,76,53
2020-09-27,US,Alabama,Monroe,590,8,0,31.56729412,-87.36995001,1099.0,2845.704914870014,1.3559322033898304,582,589,8,0,581,584,21067,1,0,0,1,5
2020-09-27,US,Alabama,Montgomery,8852,184,0,32.2206831,-86.20969272,1101.0,3908.409349805286,2.078626299141437,8668,8834,184,0,8650,8811,225763,18,0,0,18,23
2020-09-27,US,Alabama,Morgan,3314,28,0,34.45500589,-86.85475946,1103.0,2769.073939454708,0.8449004224502112,3286,3292,28,0,3264,3273,119089,22,0,0,22,19
2020-09-27,US,Alabama,Perry,541,6,0,32.64048341,-87.29770589,1105.0,6062.983301580186,1.1090573012939002,535,541,6,0,535,541,9140,0,0,0,0,0
2020-09-27,US,Alabama,Pickens,666,14,0,33.28094866,-88.08818103,1107.0,3341.695935775213,2.1021021021021022,652,662,14,0,648,656,19938,4,0,0,4,6
2020-09-27,US,Alabama,Pike,1205,10,0,31.80396383,-85.9408295,1109.0,3638.9442531859636,0.8298755186721992,1195,1198,10,0,1188,1194,33338,7,0,0,7,4
2020-09-27,US,Alabama,Randolph,654,13,0,33.29526734,-85.45708831,1111.0,2878.267758119884,1.9877675840978597,641,647,13,0,634,642,22725,7,0,0,7,5
2020-09-27,US,Alabama,Russell,1763,3,0,32.28725256,-85.18415324,1113.0,3041.7004537533862,0.17016449234259784,1760,1760,3,0,1757,1757,57781,3,0,0,3,3
2020-09-27,US,Alabama,Shelby,6013,49,0,33.26879845,-86.66232561,1117.0,2762.032503146503,0.8149010477299186,5964,5978,49,0,5929,5923,215707,35,0,0,35,55
2020-09-27,US,Alabama,St. Clair,2330,36,0,33.71902176,-86.31029372,1115.0,2603.00294932523,1.5450643776824031,2294,2322,35,0,2287,2308,88690,8,1,0,7,14
2020-09-27,US,Alabama,Sumter,438,19,0,32.59117397,-88.19916205,1119.0,3524.5835680373384,4.337899543378995,419,438,19,0,419,435,12691,0,0,0,0,3
2020-09-27,US,Alabama,Talladega,2171,29,0,33.37823223,-86.16886178,1121.0,2714.496486533797,1.3357899585444497,2142,2166,29,0,2137,2146,79828,5,0,0,5,20
2020-09-27,US,Alabama,Tallapoosa,1164,85,0,32.86698258,-85.79833053,1123.0,2883.543488493076,7.302405498281788,1079,1160,85,0,1075,1156,40497,4,0,0,4,4
2020-09-27,US,Alabama,Tuscaloosa,8654,118,0,33.28726072,-87.52556818,1125.0,4133.648587327745,1.3635313149988444,8536,8621,118,0,8503,8586,208911,33,0,0,33,35
2020-09-27,US,Alabama,Walker,2319,84,0,33.80270512,-87.30027177,1127.0,3650.7611655987785,3.622250970245796,2235,2316,84,0,2232,2306,63711,3,0,0,3,10
2020-09-27,US,Alabama,Washington,559,13,0,31.4092794,-88.20689944,1129.0,3423.9862795540853,2.3255813953488373,546,557,13,0,544,556,16378,2,0,0,2,1
2020-09-27,US,Alabama,Wilcox,532,11,0,31.98773215,-87.30891118,1131.0,5128.699508338957,2.0676691729323307,521,531,11,0,520,531,10627,1,0,0,1,0
2020-09-27,US,Alabama,Winston,745,12,0,34.15030532,-87.37325922,1133.0,3152.9053281984,1.6107382550335567,733,744,12,0,732,738,23660,1,0,0,1,6
2020-09-27,US,Alaska,Aleutians East,3,0,0,55.32222414,-161.9722021,2013.0,89.90110878034163,0.0,3,2,0,0,2,2,3515,1,0,0,1,0
2020-09-27,US,Alaska,Aleutians West,8,0,0,52.3233,-174.1596,2016.0,141.9950301739439,0.0,8,8,0,0,8,8,5723,0,0,0,0,0
2020-09-27,US,Alaska,Anchorage,4194,35,0,61.14998174,-149.14269860000005,2020.0,1456.25,0.8345255126371006,4159,4131,31,0,4100,4065,291538,63,4,0,59,66
2020-09-27,US,Alaska,Bethel,109,1,0,60.90980451,-159.8561831,2050.0,592.8423800717937,0.9174311926605504,108,107,1,0,106,105,18216,2,0,0,2,2
2020-09-27,US,Alaska,Bristol Bay,10,0,0,58.74513976,-156.701064,2060.0,1196.1722488038274,0.0,10,10,0,0,10,10,877,0,0,0,0,0
2020-09-27,US,Alaska,Denali,6,0,0,63.67264044,-150.0076108,2068.0,286.12303290414883,0.0,6,6,0,0,6,3,2059,0,0,0,0,3
2020-09-27,US,Alaska,Dillingham,9,0,0,59.79603738,-158.23819419999995,2070.0,183.0756712774613,0.0,9,8,0,0,8,8,5000,1,0,0,1,0
2020-09-27,US,Alaska,Fairbanks North Star,1094,11,0,64.80726247,-146.5692662,2090.0,1129.5934908982026,1.0054844606946984,1083,1065,11,0,1054,1044,98971,29,0,0,29,21
2020-09-27,US,Alaska,Haines,5,0,0,59.09893571,-135.4679843,2100.0,197.6284584980237,0.0,5,5,0,0,5,5,2474,0,0,0,0,0
2020-09-27,US,Alaska,Juneau,288,1,0,58.45031811,-134.200436,2110.0,900.7318446237567,0.3472222222222222,287,287,1,0,286,284,32113,1,0,0,1,3
2020-09-27,US,Alaska,Kenai Peninsula,449,3,0,60.24429722,-151.53888840000005,2122.0,764.8020712679703,0.6681514476614699,446,447,3,0,444,443,58533,2,0,0,2,4
2020-09-27,US,Alaska,Ketchikan Gateway,49,0,0,55.57445008,-130.975561,2130.0,352.49262642975333,0.0,49,49,0,0,49,49,13918,0,0,0,0,0
2020-09-27,US,Alaska,Kodiak Island,22,0,0,57.65529415,-153.7493579,2150.0,169.2568087398061,0.0,22,22,0,0,22,21,13345,0,0,0,0,1
2020-09-27,US,Alaska,Kusilvak,13,0,0,62.15429159999999,-163.39678830000003,2158.0,156.3627616069281,0.0,13,12,0,0,12,12,8303,1,0,0,1,0
2020-09-27,US,Alaska,Matanuska-Susitna,600,2,0,62.31305045,-149.5741743,2170.0,553.929669396309,0.3333333333333333,598,595,2,0,593,593,107610,5,0,0,5,2
2020-09-27,US,Alaska,Nome,69,0,0,64.90320724,-164.0353804,2180.0,689.7241103558576,0.0,69,66,0,0,66,64,10008,3,0,0,3,2
2020-09-27,US,Alaska,North Slope,121,0,0,69.31479216,-153.4836093,2185.0,1230.6753458096014,0.0,121,120,0,0,120,115,9872,1,0,0,1,5
2020-09-27,US,Alaska,Northwest Arctic,107,0,0,67.04919196,-159.7503946,2188.0,1404.0152210995932,0.0,107,106,0,0,106,105,7671,1,0,0,1,1
2020-09-27,US,Alaska,Petersburg,7,1,0,57.13978948,-132.9540995,2195.0,214.32945499081444,14.285714285714285,6,7,1,0,6,7,3221,0,0,0,0,0
2020-09-27,US,Alaska,Prince of Wales-Hyder,31,0,0,55.76261984,-133.0511621,2198.0,499.7581815250685,0.0,31,31,0,0,31,31,6422,0,0,0,0,0
2020-09-27,US,Alaska,Sitka,46,0,0,57.24124555,-135.3206587,2220.0,541.6225126574826,0.0,46,45,0,0,45,45,8647,1,0,0,1,0
2020-09-27,US,Alaska,Southeast Fairbanks,27,0,0,63.87692095,-143.2127643,2240.0,391.70172638909037,0.0,27,26,0,0,26,25,6918,1,0,0,1,1
2020-09-27,US,Alaska,Unassigned,20,0,0,0.0,0.0,90002.0,0.0,0.0,20,19,0,0,19,18,,1,0,0,1,1
2020-09-27,US,Alaska,Valdez-Cordova,76,0,0,61.47502768,-144.7126799,2261.0,825.9074114322972,0.0,76,76,0,0,76,76,9164,0,0,0,0,0
2020-09-27,US,Alaska,Wrangell,13,0,0,56.3202004,-132.05837309999998,2275.0,519.5843325339728,0.0,13,13,0,0,13,13,2503,0,0,0,0,0
2020-09-27,US,Alaska,Yakutat,24,0,0,59.890980799999994,-140.36014509999998,2282.0,4145.077720207254,0.0,24,24,0,0,24,23,604,0,0,0,0,1
2020-09-27,US,Alaska,Yukon-Koyukuk,81,2,0,65.50815459,-151.39073869999999,2290.0,1548.7571701720844,2.469135802469136,79,80,2,0,78,80,5327,1,0,0,1,0
2020-09-27,US,Arizona,Apache,3527,165,0,35.39465006,-109.4892383,4001.0,4906.311294114374,4.6781967677913245,3362,3525,165,0,3360,3507,71818,2,0,0,2,18
2020-09-27,US,Arizona,Cochise,1905,71,0,31.87934684,-109.7516088,4003.0,1512.8412826988135,3.727034120734908,1834,1901,71,0,1830,1893,126770,4,0,0,4,8
2020-09-27,US,Arizona,Coconino,4080,144,0,35.83883429,-111.77071780000001,4005.0,2843.68117315788,3.5294117647058822,3936,4040,144,0,3896,3985,142854,40,0,0,40,55
2020-09-27,US,Arizona,Gila,1304,56,0,33.80190085,-110.8132779,4007.0,2414.0101447665593,4.294478527607362,1248,1304,56,0,1248,1287,53889,0,0,0,0,17
2020-09-27,US,Arizona,Graham,821,25,0,32.93166885,-109.8882178,4009.0,2113.963488425985,3.0450669914738118,796,818,25,0,793,815,38072,3,0,0,3,3
2020-09-27,US,Arizona,Greenlee,59,1,0,33.21498827,-109.2405279,4011.0,621.1834070330598,1.6949152542372878,58,59,1,0,58,59,9483,0,0,0,0,0
2020-09-27,US,Arizona,La Paz,544,15,0,33.72854224,-113.98100290000001,4012.0,2577.2219063862044,2.7573529411764706,529,544,15,0,529,545,21098,0,0,0,0,-1
2020-09-27,US,Arizona,Maricopa,141211,3363,0,33.34835867,-112.49181540000001,4013.0,3148.2266742824627,2.381542514393354,137848,140963,3363,0,137600,140753,4410824,248,0,0,248,210
2020-09-27,US,Arizona,Mohave,3977,227,0,35.70471703,-113.7577902,4015.0,1874.3431315716296,5.7078199647975865,3750,3978,227,0,3751,3957,209550,-1,0,0,-1,21
2020-09-27,US,Arizona,Navajo,5787,235,0,35.3997715,-110.3218983,4017.0,5217.085572103422,4.0608259892863305,5552,5785,235,0,5550,5781,110445,2,0,0,2,4
2020-09-27,US,Arizona,Pima,25412,622,0,32.0971334,-111.7890033,4019.0,2426.478521960242,2.447662521643318,24790,25329,622,0,24707,25265,1039073,83,0,0,83,64
2020-09-27,US,Arizona,Pinal,10547,207,0,32.90525627,-111.3449483,4021.0,2279.0083601814217,1.962643405707784,10340,10538,207,0,10331,10504,447138,9,0,0,9,34
2020-09-27,US,Arizona,Santa Cruz,2836,63,0,31.52508998,-110.8479088,4023.0,6099.18706180911,2.2214386459802538,2773,2833,63,0,2770,2834,46511,3,0,0,3,-1
2020-09-27,US,Arizona,Unassigned,0,2,0,0.0,0.0,90004.0,0.0,0.0,-2,2,1,0,1,0,,-2,1,0,-3,2
2020-09-27,US,Arizona,Yavapai,2532,82,0,34.59933926,-112.5538588,4025.0,1076.9930965252936,3.238546603475513,2450,2528,82,0,2446,2518,231993,4,0,0,4,10
2020-09-27,US,Arizona,Yuma,12695,345,0,32.76895712,-113.90666740000002,4027.0,5938.153395669521,2.7176053564395426,12350,12679,345,0,12334,12664,212128,16,0,0,16,15
2020-09-27,US,Arkansas,Arkansas,406,8,0,34.29145151,-91.37277296,5001.0,2321.857485988791,1.9704433497536944,398,404,7,0,397,391,17769,2,1,0,1,13
2020-09-27,US,Arkansas,Ashley,431,10,0,33.19153461,-91.76984709999999,5003.0,2192.603143918197,2.320185614849188,421,431,10,0,421,431,20046,0,0,0,0,0
2020-09-27,US,Arkansas,Baxter,345,2,0,36.28784385,-92.33782872,5005.0,822.760660116379,0.5797101449275363,343,337,2,0,335,331,41619,8,0,0,8,6
2020-09-27,US,Arkansas,Benton,6574,86,0,36.33644656,-94.25680817,5007.0,2355.0821986021397,1.3081837541831458,6488,6528,86,0,6442,6500,272608,46,0,0,46,28
2020-09-27,US,Arkansas,Boone,720,12,0,36.3084504,-93.09374925,5009.0,1923.48792477025,1.6666666666666667,708,711,10,0,701,706,37480,9,2,0,7,5
2020-09-27,US,Arkansas,Bradley,342,8,0,33.46755808,-92.15980837,5011.0,3177.5527269348686,2.3391812865497075,334,342,8,0,334,342,10897,0,0,0,0,0
2020-09-27,US,Arkansas,Calhoun,36,0,0,33.55598792,-92.49974403,5013.0,693.7752938909233,0.0,36,36,0,0,36,35,5277,0,0,0,0,1
2020-09-27,US,Arkansas,Carroll,665,10,0,36.34038560000001,-93.54270261,5015.0,2343.199436222692,1.5037593984962403,655,652,9,0,643,650,28223,13,1,0,12,2
2020-09-27,US,Arkansas,Chicot,1006,21,0,33.26458973,-91.29539209,5017.0,9942.676418264478,2.087475149105368,985,1005,20,0,985,1004,10438,1,1,0,0,1
2020-09-27,US,Arkansas,Clark,342,4,0,34.04613432,-93.17484713,5019.0,1532.2580645161293,1.1695906432748535,338,338,4,0,334,332,22061,4,0,0,4,6
2020-09-27,US,Arkansas,Clay,295,8,0,36.36826212,-90.4148172,5021.0,2027.3520720225413,2.7118644067796613,287,294,8,0,286,286,14847,1,0,0,1,8
2020-09-27,US,Arkansas,Cleburne,331,8,0,35.53864922,-92.02640019,5023.0,1328.303704000963,2.416918429003021,323,328,8,0,320,324,24965,3,0,0,3,4
2020-09-27,US,Arkansas,Cleveland,184,10,0,33.89723187,-92.18537045,5025.0,2312.7199597787835,5.434782608695652,174,184,10,0,174,184,8018,0,0,0,0,0
2020-09-27,US,Arkansas,Columbia,451,18,0,33.21230701,-93.22642793,5027.0,1922.6670077162466,3.991130820399113,433,443,18,0,425,434,23537,8,0,0,8,9
2020-09-27,US,Arkansas,Conway,267,3,0,35.26205537,-92.70506566,5029.0,1280.8212606735103,1.1235955056179776,264,264,3,0,261,263,20891,3,0,0,3,1
2020-09-27,US,Arkansas,Craighead,2950,22,0,35.83018283,-90.63235729,5031.0,2673.748323242577,0.7457627118644068,2928,2934,22,0,2912,2876,108558,16,0,0,16,58
2020-09-27,US,Arkansas,Crawford,1402,15,0,35.58928601,-94.2446814,5033.0,2216.355502157864,1.0699001426533523,1387,1383,15,0,1368,1361,63406,19,0,0,19,22
2020-09-27,US,Arkansas,Crittenden,1945,46,0,35.21247318,-90.30839406,5035.0,4055.885726201647,2.365038560411311,1899,1944,46,0,1898,1923,48342,1,0,0,1,21
2020-09-27,US,Arkansas,Cross,434,13,0,35.29631396,-90.77185818,5037.0,2643.279127839698,2.995391705069125,421,432,11,0,421,430,16676,2,2,0,0,2
2020-09-27,US,Arkansas,Dallas,162,4,0,33.97042763,-92.65167437,5039.0,2311.314024825225,2.469135802469136,158,162,4,0,158,162,7182,0,0,0,0,0
2020-09-27,US,Arkansas,Desha,294,5,0,33.83011025,-91.25500948,5041.0,2587.800369685767,1.7006802721088434,289,294,5,0,289,290,11512,0,0,0,0,4
2020-09-27,US,Arkansas,Drew,357,7,0,33.59035001,-91.71777921,5043.0,1959.4928371480325,1.96078431372549,350,357,7,0,350,355,18328,0,0,0,0,2
2020-09-27,US,Arkansas,Faulkner,2473,19,0,35.14719007,-92.33717519,5045.0,1962.589379955081,0.7682976142337242,2454,2452,19,0,2433,2432,124806,21,0,0,21,20
2020-09-27,US,Arkansas,Franklin,280,2,0,35.51202821,-93.89299569,5047.0,1580.581428168219,0.7142857142857143,278,279,2,0,277,273,17810,1,0,0,1,6
2020-09-27,US,Arkansas,Fulton,161,3,0,36.38177105,-91.81729127,5049.0,1290.374288691192,1.8633540372670807,158,157,3,0,154,153,12269,4,0,0,4,4
2020-09-27,US,Arkansas,Garland,1892,52,0,34.57692074,-93.14921604,5051.0,1903.6886483005649,2.748414376321353,1840,1884,51,0,1833,1865,99154,8,1,0,7,19
2020-09-27,US,Arkansas,Grant,266,2,0,34.29017991,-92.42320562,5053.0,1456.3372570490008,0.7518796992481203,264,263,2,0,261,256,18188,3,0,0,3,7
2020-09-27,US,Arkansas,Greene,873,10,0,36.11735460000001,-90.55832668,5055.0,1926.0893546607833,1.145475372279496,863,870,10,0,860,859,45325,3,0,0,3,11
2020-09-27,US,Arkansas,Hempstead,369,4,0,33.73325583,-93.66935133,5057.0,1713.7284042355566,1.084010840108401,365,366,4,0,362,363,21741,3,0,0,3,3
2020-09-27,US,Arkansas,Hot Spring,1904,26,0,34.31709259,-92.95396325,5059.0,5637.973409138018,1.365546218487395,1878,1904,26,0,1878,1884,33701,0,0,0,0,20
2020-09-27,US,Arkansas,Howard,471,10,0,34.09007427,-93.9934871,5061.0,3567.6412664747772,2.123142250530785,461,469,9,0,460,468,13341,2,1,0,1,1
2020-09-27,US,Arkansas,Independence,1095,19,0,35.74242707,-91.57001641,5063.0,2894.9107732980833,1.735159817351598,1076,1091,19,0,1072,1076,37678,4,0,0,4,15
2020-09-27,US,Arkansas,Izard,244,0,0,36.09604046,-91.90847954,5065.0,1790.3000953848416,0.0,244,242,0,0,242,238,13593,2,0,0,2,4
2020-09-27,US,Arkansas,Jackson,324,1,0,35.59802983,-91.21494602,5067.0,1937.9149470662119,0.308641975308642,323,322,1,0,321,321,16811,2,0,0,2,1
2020-09-27,US,Arkansas,Jefferson,3299,73,0,34.26767081,-91.92619839,5069.0,4936.849036274392,2.212791755077296,3226,3140,71,0,3069,3107,68114,159,2,0,157,33
2020-09-27,US,Arkansas,Johnson,851,6,0,35.56759135,-93.46036368,5071.0,3201.896305214839,0.7050528789659224,845,847,5,0,842,837,26742,4,1,0,3,10
2020-09-27,US,Arkansas,Lafayette,107,2,0,33.24116713,-93.60677071,5073.0,1615.3381642512077,1.8691588785046729,105,104,2,0,102,104,6682,3,0,0,3,0
2020-09-27,US,Arkansas,Lawrence,441,12,0,36.04188196,-91.10867198,5075.0,2688.040960624162,2.7210884353741496,429,437,12,0,425,424,16434,4,0,0,4,13
2020-09-27,US,Arkansas,Lee,1057,18,0,34.78498904,-90.78383866,5077.0,11934.063452636334,1.7029328287606431,1039,1056,18,0,1038,1054,8985,1,0,0,1,2
2020-09-27,US,Arkansas,Lincoln,2013,15,0,33.95317155,-91.74002806,5079.0,15456.081081081082,0.7451564828614009,1998,2011,15,0,1996,1961,13383,2,0,0,2,50
2020-09-27,US,Arkansas,Little River,358,25,0,33.70375665,-94.23468591,5081.0,2920.303450526144,6.983240223463688,333,355,25,0,330,354,12326,3,0,0,3,1
2020-09-27,US,Arkansas,Logan,407,1,0,35.21413234,-93.71951016,5083.0,1896.021615578124,0.2457002457002457,406,406,1,0,405,403,21737,1,0,0,1,3
2020-09-27,US,Arkansas,Lonoke,1181,12,0,34.75392199,-91.88742357,5085.0,1610.9891009289447,1.0160880609652836,1169,1171,11,0,1160,1153,73657,10,1,0,9,18
2020-09-27,US,Arkansas,Madison,352,3,0,36.01038185,-93.72524943,5087.0,2123.552123552124,0.8522727272727273,349,351,3,0,348,346,16481,1,0,0,1,5
2020-09-27,US,Arkansas,Marion,98,0,0,36.26844485,-92.68451899,5089.0,587.0372588954116,0.0,98,95,0,0,95,89,16722,3,0,0,3,6
2020-09-27,US,Arkansas,Miller,828,11,0,33.31403423,-93.89285258,5091.0,1914.1410638740551,1.3285024154589369,817,822,11,0,811,818,43592,6,0,0,6,4
2020-09-27,US,Arkansas,Mississippi,1681,50,0,35.76271485,-90.05194370000002,5093.0,4135.199626085459,2.9744199881023197,1631,1668,50,0,1618,1657,41239,13,0,0,13,11
2020-09-27,US,Arkansas,Monroe,131,0,0,34.6815935,-91.20540287,5095.0,1954.932099686614,0.0,131,131,0,0,131,128,6900,0,0,0,0,3
2020-09-27,US,Arkansas,Montgomery,151,4,0,34.53704874,-93.65824478,5097.0,1680.3917204540396,2.6490066225165565,147,150,4,0,146,145,8924,1,0,0,1,5
2020-09-27,US,Arkansas,Nevada,220,13,0,33.66340119,-93.30632432,5099.0,2666.020358700921,5.909090909090909,207,220,13,0,207,220,8326,0,0,0,0,0
2020-09-27,US,Arkansas,Newton,241,19,0,35.91947491,-93.21612969,5101.0,3108.474139042952,7.883817427385892,222,239,18,0,221,236,7805,2,1,0,1,3
2020-09-27,US,Arkansas,Ouachita,263,6,0,33.58839816,-92.87795984,5103.0,1124.7968522795313,2.281368821292776,257,258,6,0,252,255,23606,5,0,0,5,3
2020-09-27,US,Arkansas,Perry,88,0,0,34.945915299999996,-92.94372564,5105.0,841.7025346724057,0.0,88,88,0,0,88,88,10352,0,0,0,0,0
2020-09-27,US,Arkansas,Phillips,494,12,0,34.43268455,-90.84800154,5107.0,2778.090203576651,2.42914979757085,482,490,12,0,478,485,18029,4,0,0,4,5
2020-09-27,US,Arkansas,Pike,227,3,0,34.16250414,-93.65789349,5109.0,2117.9324500839707,1.3215859030837005,224,227,3,0,224,226,10673,0,0,0,0,1
2020-09-27,US,Arkansas,Poinsett,657,13,0,35.57433534,-90.66268713,5111.0,2792.417545052703,1.9786910197869099,644,651,12,0,639,645,23974,6,1,0,5,6
2020-09-27,US,Arkansas,Polk,261,4,0,34.48254879,-94.22728802,5113.0,1307.353235824484,1.5325670498084292,257,259,4,0,255,258,20049,2,0,0,2,1
2020-09-27,US,Arkansas,Pope,2127,31,0,35.44871474,-93.03212219,5115.0,3319.7028343114002,1.4574518100611191,2096,2107,31,0,2076,2096,64000,20,0,0,20,11
2020-09-27,US,Arkansas,Prairie,150,1,0,34.83624419,-91.55162157,5117.0,1860.5805011163488,0.6666666666666666,149,150,1,0,149,146,8074,0,0,0,0,4
2020-09-27,US,Arkansas,Pulaski,9163,149,0,34.77054088,-92.31355101,5119.0,2338.030828427883,1.6261049874495253,9014,9135,148,0,8987,9059,392680,28,1,0,27,76
2020-09-27,US,Arkansas,Randolph,417,22,0,36.3415714,-91.02455531,5121.0,2322.0848646842637,5.2757793764988,395,414,22,0,392,411,17948,3,0,0,3,3
2020-09-27,US,Arkansas,Saline,2064,23,0,34.64916145,-92.67583224,5125.0,1685.7649240017315,1.1143410852713178,2041,2044,23,0,2021,2030,121421,20,0,0,20,14
2020-09-27,US,Arkansas,Scott,101,1,0,34.85588887,-94.0632176,5127.0,982.3947086859256,0.99009900990099,100,100,1,0,99,100,10319,1,0,0,1,0
2020-09-27,US,Arkansas,Searcy,142,1,0,35.9109364,-92.69936482,5129.0,1801.801801801801,0.7042253521126759,141,141,1,0,140,141,7958,1,0,0,1,0
2020-09-27,US,Arkansas,Sebastian,3704,60,0,35.19605503,-94.27162713,5131.0,2897.6663772129523,1.6198704103671706,3644,3677,60,0,3617,3638,127753,27,0,0,27,39
2020-09-27,US,Arkansas,Sevier,1203,18,0,33.99780401,-94.2424869,5133.0,7073.5579467278185,1.4962593516209477,1185,1202,16,0,1186,1201,17139,1,2,0,-1,1
2020-09-27,US,Arkansas,Sharp,220,6,0,36.16258158,-91.47819342,5135.0,1261.3232427473913,2.727272727272727,214,218,6,0,212,216,17366,2,0,0,2,2
2020-09-27,US,Arkansas,St. Francis,1506,6,0,35.02201976,-90.74828138,5123.0,6025.446107065696,0.398406374501992,1500,1503,6,0,1497,1498,25439,3,0,0,3,5
2020-09-27,US,Arkansas,Stone,347,12,0,35.86251946,-92.15684085,5137.0,2774.668159283544,3.4582132564841497,335,345,9,0,336,342,12457,2,3,0,-1,3
2020-09-27,US,Arkansas,Unassigned,1772,0,0,0.0,0.0,90005.0,0.0,0.0,1772,1857,0,0,1857,1766,,-85,0,0,-85,91
2020-09-27,US,Arkansas,Union,892,36,0,33.16887091,-92.59746952,5139.0,2305.9821105423707,4.035874439461884,856,891,36,0,855,880,39126,1,0,0,1,11
2020-09-27,US,Arkansas,Van Buren,174,3,0,35.58095779,-92.51295036,5141.0,1051.6772438803264,1.7241379310344829,171,173,3,0,170,173,16603,1,0,0,1,0
2020-09-27,US,Arkansas,Washington,9415,117,0,35.976844,-94.21800746,5143.0,3936.250715967005,1.2426978226234733,9298,9379,115,0,9264,9328,236961,36,2,0,34,51
2020-09-27,US,Arkansas,White,841,23,0,35.25688493,-91.74908296,5145.0,1067.8958261907485,2.7348394768133173,818,837,23,0,814,828,78727,4,0,0,4,9
2020-09-27,US,Arkansas,Woodruff,53,0,0,35.18902527,-91.2439489,5147.0,838.6075949367087,0.0,53,52,0,0,52,52,6490,1,0,0,1,0
2020-09-27,US,Arkansas,Yell,1254,29,0,35.00292371,-93.41171338,5149.0,5876.013307717539,2.3125996810207337,1225,1252,29,0,1223,1250,21535,2,0,0,2,2
2020-09-27,US,California,Alameda,21189,406,0,37.64629437,-121.8929271,6001.0,1267.7934745343375,1.9160885365047904,20783,21136,406,0,20730,21028,1666753,53,0,0,53,108
2020-09-27,US,California,Alpine,2,0,0,38.59678594,-119.82235940000001,6003.0,177.14791851195747,0.0,2,2,0,0,2,2,1101,0,0,0,0,0
2020-09-27,US,California,Amador,296,16,0,38.44583082,-120.65696000000001,6005.0,744.6166230629906,5.405405405405406,280,296,16,0,280,296,39383,0,0,0,0,0
2020-09-27,US,California,Butte,2827,44,0,39.66727762,-121.6005252,6007.0,1289.772156980829,1.5564202334630348,2783,2819,44,0,2775,2803,231256,8,0,0,8,16
2020-09-27,US,California,Calaveras,317,14,0,38.20537103,-120.55291299999999,6009.0,690.5565842500816,4.416403785488959,303,317,14,0,303,314,45602,0,0,0,0,3
2020-09-27,US,California,Colusa,529,6,0,39.17881957,-122.2331726,6011.0,2455.098157516128,1.1342155009451795,523,529,6,0,523,527,21627,0,0,0,0,2
2020-09-27,US,California,Contra Costa,16572,205,0,37.91923498,-121.9289527,6013.0,1436.6386193289095,1.2370263094376055,16367,16469,205,0,16264,16327,1150215,103,0,0,103,142
2020-09-27,US,California,Del Norte,139,1,0,41.74228275,-123.89740630000001,6015.0,499.78426578455344,0.7194244604316546,138,139,1,0,138,139,27828,0,0,0,0,0
2020-09-27,US,California,El Dorado,1127,4,0,38.77965956,-120.5233166,6017.0,584.4132273403752,0.354924578527063,1123,1109,4,0,1105,1098,190678,18,0,0,18,11
2020-09-27,US,California,Fresno,28336,382,0,36.75733899,-119.6466953,6019.0,2836.1496985790227,1.3481084133258046,27954,28199,382,0,27817,28106,994400,137,0,0,137,93
2020-09-27,US,California,Glenn,578,3,0,39.59875897,-122.3938452,6021.0,2035.71302785898,0.5190311418685121,575,578,3,0,575,574,28047,0,0,0,0,4
2020-09-27,US,California,Humboldt,501,7,0,40.69923009,-123.876044,6023.0,369.58349931394685,1.3972055888223551,494,501,7,0,494,501,136373,0,0,0,0,0
2020-09-27,US,California,Imperial,11835,317,0,33.0393082,-115.36690420000001,6025.0,6530.916314874597,2.6784959864807774,11518,11835,317,0,11518,11781,181827,0,0,0,0,54
2020-09-27,US,California,Inyo,187,15,0,36.51112084,-117.41119779999998,6027.0,1036.6428294251343,8.021390374331549,172,187,15,0,172,187,17987,0,0,0,0,0
2020-09-27,US,California,Kern,31947,369,0,35.34329425,-118.72777959999999,6029.0,3548.8701424791325,1.1550380317400697,31578,31865,367,0,31498,31785,896764,82,2,0,80,80
2020-09-27,US,California,Kings,7569,80,0,36.07409056,-119.8159973,6031.0,4948.9996076892885,1.0569427929713304,7489,7631,77,0,7554,7631,151366,-62,3,0,-65,0
2020-09-27,US,California,Lake,549,11,0,39.10124298,-122.75362439999999,6033.0,852.6698350573106,2.0036429872495445,538,539,11,0,528,534,64382,10,0,0,10,5
2020-09-27,US,California,Lassen,740,0,0,40.67311306,-120.59350990000002,6035.0,2420.43633271187,0.0,740,740,0,0,740,737,30802,0,0,0,0,3
2020-09-27,US,California,Los Angeles,267801,6514,0,34.30828379,-118.22824109999999,6037.0,2667.577903094369,2.432403165036725,261287,266988,6504,0,260484,265775,10105518,813,10,0,803,1213
2020-09-27,US,California,Madera,4481,65,0,37.21513971,-119.76655890000002,6039.0,2848.2078727745397,1.4505690694041509,4416,4481,65,0,4416,4481,157672,0,0,0,0,0
2020-09-27,US,California,Marin,6716,118,0,38.07122463,-122.72106310000001,6041.0,2594.7934133356,1.7569982132221558,6598,6694,117,0,6577,6672,259666,22,1,0,21,22
2020-09-27,US,California,Mariposa,75,2,0,37.57978556,-119.9073334,6043.0,435.97047026681395,2.6666666666666665,73,75,2,0,73,75,17471,0,0,0,0,0
2020-09-27,US,California,Mendocino,931,18,0,39.4381191,-123.39113130000001,6045.0,1073.2112185731246,1.9334049409237382,913,908,18,0,890,899,87606,23,0,0,23,9
2020-09-27,US,California,Merced,8872,142,0,37.18922369,-120.72090349999999,6047.0,3195.044655718813,1.600541027953111,8730,8872,142,0,8730,8846,274765,0,0,0,0,26
2020-09-27,US,California,Modoc,27,0,0,41.58965602,-120.7244817,6049.0,305.3953172718018,0.0,27,27,0,0,27,27,8777,0,0,0,0,0
2020-09-27,US,California,Mono,165,2,0,37.93899289,-118.8872409,6051.0,1142.3428413181944,1.2121212121212122,163,165,2,0,163,165,14250,0,0,0,0,0
2020-09-27,US,California,Monterey,9884,71,0,36.21862405,-121.24133970000001,6053.0,2277.09930171105,0.7183326588425738,9813,9807,71,0,9736,9772,435594,77,0,0,77,35
2020-09-27,US,California,Napa,1681,13,0,38.50735751,-122.33283899999999,6055.0,1220.3798350563366,0.7733491969066032,1668,1669,13,0,1656,1661,139417,12,0,0,12,8
2020-09-27,US,California,Nevada,534,7,0,39.30394768,-120.76272809999999,6057.0,535.3115132073581,1.310861423220974,527,533,7,0,526,531,99696,1,0,0,1,2
2020-09-27,US,California,Orange,53315,1216,0,33.70147516,-117.76459979999998,6059.0,1678.846689162551,2.2807840195067053,52099,53069,1214,0,51855,52904,3185968,246,2,0,244,165
2020-09-27,US,California,Placer,3577,45,0,39.06167234,-120.72405690000001,6061.0,898.0014008520595,1.2580374615599663,3532,3567,45,0,3522,3542,393149,10,0,0,10,25
2020-09-27,US,California,Plumas,50,0,0,40.00355989,-120.8395236,6063.0,265.85845695751584,0.0,50,50,0,0,50,50,18804,0,0,0,0,0
2020-09-27,US,California,Riverside,58178,1189,0,33.74314981,-115.9933578,6065.0,2354.864066485708,2.043727869641445,56989,58178,1189,0,56989,58178,2450758,0,0,0,0,0
2020-09-27,US,California,Sacramento,22269,406,0,38.45106826,-121.34253740000001,6067.0,1434.804627146666,1.8231622434774801,21863,22183,406,0,21777,22026,1540975,86,0,0,86,157
2020-09-27,US,California,San Benito,1345,11,0,36.60308176,-121.069975,6069.0,2141.4469494331934,0.8178438661710037,1334,1340,11,0,1329,1331,61537,5,0,0,5,9
2020-09-27,US,California,San Bernardino,54478,925,0,34.84060306,-116.1774685,6071.0,2498.8933917714216,1.6979331106134588,53553,54386,925,0,53461,53669,2171603,92,0,0,92,717
2020-09-27,US,California,San Diego,46610,776,0,33.03484597,-116.73653259999999,6073.0,1396.2070855787176,1.6648787813773869,45834,46331,775,0,45556,46001,3343364,279,1,0,278,330
2020-09-27,US,California,San Francisco,11143,101,0,37.75215114,-122.43856720000001,6075.0,1264.0250286711232,0.9063986359149242,11042,11076,101,0,10975,11038,883305,67,0,0,67,38
2020-09-27,US,California,San Joaquin,20194,441,0,37.93433732,-121.2730061,6077.0,2649.616609897291,2.1838169753392096,19753,20194,441,0,19753,20194,752660,0,0,0,0,0
2020-09-27,US,California,San Luis Obispo,3546,29,0,35.38822029,-120.4039028,6079.0,1252.5122655071684,0.8178228990411731,3517,3544,29,0,3515,3510,284010,2,0,0,2,34
2020-09-27,US,California,San Mateo,9843,150,0,37.422880799999994,-122.32755459999998,6081.0,1284.026439751987,1.5239256324291377,9693,9843,150,0,9693,9785,769545,0,0,0,0,58
2020-09-27,US,California,Santa Barbara,9061,113,0,34.65329488,-120.0188492,6083.0,2029.343850714112,1.247102968767244,8948,9037,113,0,8924,9003,446527,24,0,0,24,34
2020-09-27,US,California,Santa Clara,21153,312,0,37.23104908,-121.6970462,6085.0,1097.2315302211996,1.4749680896326762,20841,21030,311,0,20719,20882,1937570,123,1,0,122,148
2020-09-27,US,California,Santa Cruz,2358,9,0,37.05580291,-122.0066524,6087.0,863.0628850018117,0.3816793893129771,2349,2330,9,0,2321,2319,274255,28,0,0,28,11
2020-09-27,US,California,Shasta,856,17,0,40.76391419,-122.0396884,6089.0,475.3442914260328,1.985981308411215,839,806,17,0,789,777,180040,50,0,0,50,29
2020-09-27,US,California,Sierra,6,0,0,39.57713498,-120.52007009999998,6091.0,199.6672212978369,0.0,6,6,0,0,6,6,2987,0,0,0,0,0
2020-09-27,US,California,Siskiyou,165,0,0,41.59198861,-122.54074340000001,6093.0,378.9705781023909,0.0,165,165,0,0,165,165,43724,0,0,0,0,0
2020-09-27,US,California,Solano,6309,63,0,38.26827353,-121.9357113,6095.0,1409.3820298764865,0.9985734664764622,6246,6309,63,0,6246,6309,446610,0,0,0,0,0
2020-09-27,US,California,Sonoma,7412,122,0,38.52746429,-122.88625060000001,6097.0,1499.3850336613157,1.6459794927145168,7290,7369,122,0,7247,7320,499942,43,0,0,43,49
2020-09-27,US,California,Stanislaus,16452,354,0,37.55862499,-120.9970722,6099.0,2987.687502270004,2.151714077315828,16098,16452,351,0,16101,16452,549815,0,3,0,-3,0
2020-09-27,US,California,Sutter,1705,11,0,39.03417539,-121.6945899,6101.0,1758.2576234131855,0.6451612903225806,1694,1705,11,0,1694,1696,96807,0,0,0,0,9
2020-09-27,US,California,Tehama,560,5,0,40.12570935,-122.23701709999999,6103.0,860.4265257206073,0.8928571428571429,555,546,5,0,541,540,63916,14,0,0,14,6
2020-09-27,US,California,Trinity,16,0,0,40.64917670000001,-123.114713,6105.0,130.24013024013024,0.0,16,16,0,0,16,16,12535,0,0,0,0,0
2020-09-27,US,California,Tulare,15970,263,0,36.22026558,-118.8020203,6107.0,3425.605165220563,1.6468378209142143,15707,15970,263,0,15707,15897,465861,0,0,0,0,73
2020-09-27,US,California,Tuolumne,227,4,0,38.02644018,-119.95250929999999,6109.0,416.6819633613569,1.7621145374449338,223,227,4,0,223,227,54539,0,0,0,0,0
2020-09-27,US,California,Ventura,12729,150,0,34.44465746,-119.09106129999999,6111.0,1504.5992581612893,1.1784115012962526,12579,12664,150,0,12514,12617,850967,65,0,0,65,47
2020-09-27,US,California,Yolo,2803,55,0,38.68278902,-121.90182879999999,6113.0,1271.2018140589569,1.962183374955405,2748,2795,55,0,2740,2789,220408,8,0,0,8,6
2020-09-27,US,California,Yuba,1153,7,0,39.26255932,-121.35356440000001,6115.0,1465.6531245233132,0.6071118820468343,1146,1153,7,0,1146,1143,78041,0,0,0,0,10
2020-09-27,US,Colorado,Adams,9099,225,0,39.87432092,-104.3362578,8001.0,1758.5293213843274,2.4727992087042527,8874,8972,225,0,8747,8872,511868,127,0,0,127,100
2020-09-27,US,Colorado,Alamosa,242,9,0,37.57250606,-105.7885451,8003.0,1490.7903653052426,3.71900826446281,233,242,9,0,233,242,16683,0,0,0,0,0
2020-09-27,US,Colorado,Arapahoe,9239,371,0,39.64977461,-104.3353617,8005.0,1407.1185976027655,4.015586102392033,8868,9185,371,0,8814,9141,651215,54,0,0,54,44
2020-09-27,US,Colorado,Archuleta,54,0,0,37.19474156,-107.04768670000001,8007.0,384.9169577304157,0.0,54,54,0,0,54,54,13765,0,0,0,0,0
2020-09-27,US,Colorado,Baca,17,0,0,37.31940883,-102.5603223,8009.0,474.7277296844457,0.0,17,18,0,0,18,18,3585,-1,0,0,-1,0
2020-09-27,US,Colorado,Bent,11,0,0,37.95474293,-103.0720195,8011.0,197.23865877712032,0.0,11,11,0,0,11,11,5882,0,0,0,0,0
2020-09-27,US,Colorado,Boulder,4323,79,0,40.09313619,-105.3546767,8013.0,1325.2768274289078,1.8274346518621327,4244,4252,79,0,4173,4191,326078,71,0,0,71,61
2020-09-27,US,Colorado,Broomfield,645,33,0,39.95998787,-105.0566324,8014.0,915.3480451287874,5.116279069767441,612,636,33,0,603,626,69267,9,0,0,9,10
2020-09-27,US,Colorado,Chaffee,333,19,0,38.74745778,-106.19265729999998,8015.0,1635.8813126350956,5.7057057057057055,314,332,19,0,313,332,20027,1,0,0,1,0
2020-09-27,US,Colorado,Cheyenne,14,0,0,38.82777431,-102.6032558,8017.0,764.6095030038231,0.0,14,14,0,0,14,14,1876,0,0,0,0,0
2020-09-27,US,Colorado,Clear Creek,39,1,0,39.68864463,-105.6463118,8019.0,402.06185567010317,2.5641025641025643,38,37,1,0,36,37,9605,2,0,0,2,0
2020-09-27,US,Colorado,Conejos,33,0,0,37.201606,-106.19174879999998,8021.0,402.19378427787933,0.0,33,33,0,0,33,33,8200,0,0,0,0,0
2020-09-27,US,Colorado,Costilla,32,1,0,37.27732493,-105.4276548,8023.0,823.2570105479805,3.125,31,32,1,0,31,32,3828,0,0,0,0,0
2020-09-27,US,Colorado,Crowley,73,1,0,38.32608609,-103.7844965,8025.0,1204.4217125886814,1.3698630136986298,72,73,1,0,72,73,5858,0,0,0,0,0
2020-09-27,US,Colorado,Custer,17,0,0,38.10883162,-105.3683478,8027.0,335.43804262036303,0.0,17,17,0,0,17,17,4954,0,0,0,0,0
2020-09-27,US,Colorado,Delta,189,3,0,38.86246243,-107.86313419999999,8029.0,606.5079263205185,1.5873015873015872,186,188,3,0,185,187,30953,1,0,0,1,1
2020-09-27,US,Colorado,Denver,13116,435,0,39.76018276,-104.87256950000001,8031.0,1803.603080811484,3.3165599268069528,12681,13011,435,0,12576,12910,716492,105,0,0,105,101
2020-09-27,US,Colorado,Dolores,3,0,0,37.75208676,-108.5211585,8033.0,145.98540145985402,0.0,3,3,0,0,3,3,2074,0,0,0,0,0
2020-09-27,US,Colorado,Douglas,2574,60,0,39.33133796,-104.930001,8035.0,733.0117270485314,2.331002331002331,2514,2550,60,0,2490,2511,342776,24,0,0,24,39
2020-09-27,US,Colorado,Eagle,1254,10,0,39.62754308,-106.6933637,8037.0,2274.7474014548225,0.7974481658692185,1244,1250,10,0,1240,1247,54993,4,0,0,4,3
2020-09-27,US,Colorado,El Paso,6871,173,0,38.83240149,-104.5251411,8041.0,953.7717083354734,2.5178285547955173,6698,6845,172,0,6673,6800,713856,26,1,0,25,45
2020-09-27,US,Colorado,Elbert,158,3,0,39.28656773,-104.13587209999999,8039.0,591.1182610647611,1.8987341772151896,155,157,3,0,154,156,26282,1,0,0,1,1
2020-09-27,US,Colorado,Fremont,175,1,0,38.47362326,-105.43996670000001,8043.0,365.810322122118,0.5714285714285714,174,175,1,0,174,173,48021,0,0,0,0,2
2020-09-27,US,Colorado,Garfield,945,5,0,39.59921777,-107.902708,8045.0,1573.4003762841116,0.5291005291005291,940,944,5,0,939,942,59770,1,0,0,1,2
2020-09-27,US,Colorado,Gilpin,18,0,0,39.85646523,-105.5252597,8047.0,288.32292167227297,0.0,18,18,0,0,18,18,6121,0,0,0,0,0
2020-09-27,US,Colorado,Grand,74,1,0,40.10603347,-106.11780420000001,8049.0,470.3190542773612,1.351351351351351,73,74,1,0,73,72,15525,0,0,0,0,2
2020-09-27,US,Colorado,Gunnison,296,7,0,38.66611652,-107.0320729,8051.0,1695.1093803688007,2.3648648648648654,289,296,7,0,289,296,17246,0,0,0,0,0
2020-09-27,US,Colorado,Hinsdale,3,0,0,37.82247444,-107.3004345,8053.0,365.8536585365854,0.0,3,3,0,0,3,3,811,0,0,0,0,0
2020-09-27,US,Colorado,Huerfano,23,1,0,37.68473101,-104.9612585,8055.0,333.47832390894587,4.3478260869565215,22,23,1,0,22,20,6889,0,0,0,0,3
2020-09-27,US,Colorado,Jackson,9,0,0,40.66593870000001,-106.3408905,8057.0,646.5517241379309,0.0,9,9,0,0,9,9,1399,0,0,0,0,0
2020-09-27,US,Colorado,Jefferson,5716,248,0,39.58635604,-105.2517692,8059.0,980.6461353175004,4.338698390482855,5468,5654,248,0,5406,5598,580233,62,0,0,62,56
2020-09-27,US,Colorado,Kiowa,1,0,0,38.43260896,-102.7392145,8061.0,71.12375533428165,0.0,1,1,0,0,1,1,1383,0,0,0,0,0
2020-09-27,US,Colorado,Kit Carson,79,3,0,39.30497777,-102.60221990000001,8063.0,1113.1463998872764,3.79746835443038,76,79,3,0,76,79,7163,0,0,0,0,0
2020-09-27,US,Colorado,La Plata,260,2,0,37.28632032,-107.8429014,8067.0,462.4606463776882,0.7692307692307693,258,260,2,0,258,259,56310,0,0,0,0,1
2020-09-27,US,Colorado,Lake,94,0,0,39.20278823,-106.35556969999999,8065.0,1156.6383659406915,0.0,94,94,0,0,94,93,7824,0,0,0,0,1
2020-09-27,US,Colorado,Larimer,2530,52,0,40.66671597,-105.4625784,8069.0,708.8840260129616,2.0553359683794468,2478,2515,52,0,2463,2489,350518,15,0,0,15,26
2020-09-27,US,Colorado,Las Animas,25,0,0,37.3153406,-104.03764579999999,8071.0,172.34247897421756,0.0,25,24,0,0,24,23,14503,1,0,0,1,1
2020-09-27,US,Colorado,Lincoln,11,0,0,38.98749519,-103.51366490000001,8073.0,192.94860550780564,0.0,11,11,0,0,11,10,5610,0,0,0,0,1
2020-09-27,US,Colorado,Logan,868,6,0,40.7249637,-103.110817,8075.0,3873.443705653978,0.6912442396313364,862,864,6,0,858,856,21528,4,0,0,4,8
2020-09-27,US,Colorado,Mesa,615,7,0,39.01787888,-108.469799,8077.0,398.80682186628616,1.1382113821138211,608,607,7,0,600,592,153207,8,0,0,8,15
2020-09-27,US,Colorado,Mineral,20,0,0,37.66954283,-106.92816979999999,8079.0,2600.780234070221,0.0,20,20,0,0,20,20,776,0,0,0,0,0
2020-09-27,US,Colorado,Moffat,42,1,0,40.61810999,-108.2070876,8081.0,316.1936309568621,2.380952380952381,41,41,1,0,40,41,13188,1,0,0,1,0
2020-09-27,US,Colorado,Montezuma,138,5,0,37.33859579,-108.59588570000001,8083.0,527.0595424512088,3.6231884057971016,133,138,5,0,133,136,26158,0,0,0,0,2
2020-09-27,US,Colorado,Montrose,383,13,0,38.40214114,-108.26390220000002,8085.0,895.7388091117451,3.3942558746736293,370,380,13,0,367,380,42214,3,0,0,3,0
2020-09-27,US,Colorado,Morgan,747,48,0,40.26279810000001,-103.8093302,8087.0,2569.8362460437593,6.42570281124498,699,746,48,0,698,743,28558,1,0,0,1,3
2020-09-27,US,Colorado,Otero,96,6,0,37.9014485,-103.7173385,8089.0,525.2215778531568,6.25,90,96,6,0,90,95,18432,0,0,0,0,1
2020-09-27,US,Colorado,Ouray,25,1,0,38.14717457,-107.7675136,8091.0,504.8465266558966,4.0,24,25,1,0,24,25,4833,0,0,0,0,0
2020-09-27,US,Colorado,Park,57,1,0,39.120926000000004,-105.7182065,8093.0,302.46749801008224,1.7543859649122806,56,56,1,0,55,56,18556,1,0,0,1,0
2020-09-27,US,Colorado,Phillips,34,0,0,40.59414277,-102.3577703,8095.0,797.1864009378662,0.0,34,34,0,0,34,34,4286,0,0,0,0,0
2020-09-27,US,Colorado,Pitkin,223,2,0,39.21720112,-106.9310027,8097.0,1255.1359261552316,0.8968609865470852,221,223,2,0,221,222,17950,0,0,0,0,1
2020-09-27,US,Colorado,Prowers,94,0,0,37.95544985,-102.3926052,8099.0,772.2642129477489,0.0,94,94,0,0,94,94,12164,0,0,0,0,0
2020-09-27,US,Colorado,Pueblo,1090,37,0,38.17359144,-104.5127437,8101.0,647.1761744169478,3.3944954128440368,1053,1079,37,0,1042,1072,167529,11,0,0,11,7
2020-09-27,US,Colorado,Rio Blanco,26,0,0,39.97913541,-108.2179009,8103.0,411.13219481340917,0.0,26,26,0,0,26,25,6336,0,0,0,0,1
2020-09-27,US,Colorado,Rio Grande,96,2,0,37.5836865,-106.3847838,8105.0,852.0457974616136,2.083333333333333,94,96,2,0,94,96,11250,0,0,0,0,0
2020-09-27,US,Colorado,Routt,155,8,0,40.48596505,-106.9905548,8107.0,604.5713394180514,5.161290322580644,147,153,8,0,145,152,25733,2,0,0,2,1
2020-09-27,US,Colorado,Saguache,111,2,0,38.08054629,-106.28246599999999,8109.0,1626.6119577960142,1.8018018018018016,109,111,2,0,109,111,6843,0,0,0,0,0
2020-09-27,US,Colorado,San Juan,6,0,0,37.76248981,-107.67632890000002,8111.0,824.1758241758242,0.0,6,6,0,0,6,6,762,0,0,0,0,0
2020-09-27,US,Colorado,San Miguel,97,0,0,38.00450883,-108.4020725,8113.0,1185.964054285365,0.0,97,97,0,0,97,96,8191,0,0,0,0,1
2020-09-27,US,Colorado,Sedgwick,15,1,0,40.87595412,-102.3519227,8115.0,667.2597864768683,6.666666666666668,14,15,1,0,14,15,2303,0,0,0,0,0
2020-09-27,US,Colorado,Summit,462,4,0,39.63803232,-106.1150762,8117.0,1489.7939440843572,0.8658008658008658,458,458,4,0,454,451,31007,4,0,0,4,7
2020-09-27,US,Colorado,Teller,176,4,0,38.88133511,-105.16148929999999,8119.0,693.2409012131717,2.272727272727273,172,176,4,0,172,176,25083,0,0,0,0,0
2020-09-27,US,Colorado,Washington,61,0,0,39.97015535,-103.202587,8121.0,1242.8687856560714,0.0,61,61,0,0,61,60,4909,0,0,0,0,1
2020-09-27,US,Colorado,Weld,4712,149,0,40.55499405,-104.39296209999999,8123.0,1452.1159227346134,3.16213921901528,4563,4682,149,0,4533,4655,314305,30,0,0,30,27
2020-09-27,US,Colorado,Yuma,114,1,0,40.00346839,-102.4258673,8125.0,1137.8381075955685,0.8771929824561403,113,113,1,0,112,104,10020,1,0,0,1,9
2020-09-27,US,Connecticut,Fairfield,20015,1422,0,41.26809896,-73.3881171,9001.0,2121.734447681198,7.1046714963777164,18593,20015,1422,0,18593,20015,943823,0,0,0,0,0
2020-09-27,US,Connecticut,Hartford,14539,1434,0,41.80283011,-72.73103891,9003.0,1630.4445341587045,9.86312676250086,13105,14539,1434,0,13105,14539,892697,0,0,0,0,0
2020-09-27,US,Connecticut,Litchfield,1857,141,0,41.7937534,-73.2451475,9005.0,1029.7616076924355,7.592891760904684,1716,1857,141,0,1716,1857,181111,0,0,0,0,0
2020-09-27,US,Connecticut,Middlesex,1566,193,0,41.45949668,-72.53714864,9007.0,964.0720037430127,12.324393358876117,1373,1566,193,0,1373,1566,162682,0,0,0,0,0
2020-09-27,US,Connecticut,New Haven,14340,1115,0,41.408032500000004,-72.93620426,9009.0,1677.6697938712412,7.775453277545327,13225,14340,1115,0,13225,14340,857620,0,0,0,0,0
2020-09-27,US,Connecticut,New London,1843,114,0,41.48896435,-72.10430976,9011.0,694.9314872212544,6.185567010309278,1729,1843,114,0,1729,1843,266784,0,0,0,0,0
2020-09-27,US,Connecticut,Tolland,1337,67,0,41.85853803,-72.3308481,9013.0,887.069486003941,5.011219147344802,1270,1337,67,0,1270,1337,150921,0,0,0,0,0
2020-09-27,US,Connecticut,Unassigned,132,0,0,0.0,0.0,90009.0,0.0,0.0,132,132,0,0,132,132,,0,0,0,0,0
2020-09-27,US,Connecticut,Windham,958,15,0,41.82972709,-71.98182316,9015.0,820.3319004641127,1.5657620041753653,943,958,15,0,943,958,117027,0,0,0,0,0
2020-09-27,US,Delaware,Kent,2925,116,0,39.08646628,-75.56884914,10001.0,1617.9350170920316,3.965811965811966,2809,2911,116,0,2795,2905,178550,14,0,0,14,6
2020-09-27,US,Delaware,New Castle,10106,311,0,39.57992638,-75.64054974,10003.0,1808.6703785035609,3.0773797743914506,9795,10029,311,0,9718,9975,559335,77,0,0,77,54
2020-09-27,US,Delaware,Sussex,6740,206,0,38.66143781,-75.39031349,10005.0,2877.574981321379,3.056379821958457,6534,6727,206,0,6521,6718,229286,13,0,0,13,9
2020-09-27,US,Delaware,Unassigned,489,0,0,0.0,0.0,90010.0,0.0,0.0,489,489,0,0,489,487,,0,0,0,0,2
2020-09-27,US,District of Columbia,District of Columbia,15250,624,0,38.90417773,-77.01655992,11001.0,2160.824882500719,4.0918032786885234,14626,15215,624,0,14591,15163,702455,35,0,0,35,52
2020-09-27,US,Florida,Alachua,8109,55,0,29.67866525,-82.35928158,12001.0,3014.016346829317,0.6782587248735973,8054,8060,55,0,8005,7960,269956,49,0,0,49,100
2020-09-27,US,Florida,Baker,1470,12,0,30.33060121,-82.28467476,12003.0,5032.523108524478,0.8163265306122449,1458,1467,12,0,1455,1449,28355,3,0,0,3,18
2020-09-27,US,Florida,Bay,6057,104,0,30.26548745,-85.62122584,12005.0,3466.987207006096,1.7170216278685817,5953,6040,104,0,5936,5999,185287,17,0,0,17,41
2020-09-27,US,Florida,Bradford,1099,8,0,29.95079741,-82.16611613,12007.0,3897.024928194037,0.7279344858962693,1091,1090,8,0,1082,1081,27732,9,0,0,9,9
2020-09-27,US,Florida,Brevard,8841,293,0,28.29409504,-80.73091022,12009.0,1468.7461582677402,3.3141047392828864,8548,8800,293,0,8507,8728,596849,41,0,0,41,72
2020-09-27,US,Florida,Broward,76854,1379,0,26.15184651,-80.48725556,12011.0,3935.624018705659,1.7943112915398027,75475,76700,1379,0,75321,76520,1951260,154,0,0,154,180
2020-09-27,US,Florida,Calhoun,615,11,0,30.40666734,-85.19394153,12013.0,4360.155973059199,1.7886178861788615,604,614,11,0,603,612,14587,1,0,0,1,2
2020-09-27,US,Florida,Charlotte,3039,135,0,26.90131002,-81.92949121,12015.0,1608.7025567730664,4.442250740375124,2904,3030,135,0,2895,3013,184998,9,0,0,9,17
2020-09-27,US,Florida,Citrus,2745,103,0,28.84804315,-82.47614748,12017.0,1834.1941907161042,3.752276867030965,2642,2737,102,0,2635,2722,147929,8,1,0,7,15
2020-09-27,US,Florida,Clay,5077,100,0,29.98319144,-81.85609986,12019.0,2315.600313794173,1.9696671262556629,4977,5001,100,0,4901,4966,216072,76,0,0,76,35
2020-09-27,US,Florida,Collier,12681,216,0,26.11091986,-81.34687065,12021.0,3294.604860457987,1.7033356990773598,12465,12656,216,0,12440,12617,378488,25,0,0,25,39
2020-09-27,US,Florida,Columbia,3787,54,0,30.22509788,-82.62160164,12023.0,5282.760929609687,1.4259308159493005,3733,3774,54,0,3720,3757,70503,13,0,0,13,17
2020-09-27,US,Florida,DeSoto,1563,25,0,27.18677893,-81.80941373,12027.0,4113.049656587985,1.5994881637875882,1538,1561,25,0,1536,1556,37489,2,0,0,2,5
2020-09-27,US,Florida,Dixie,832,7,0,29.60631086,-83.15724673,12029.0,4944.728396529181,0.8413461538461539,825,831,7,0,824,831,16700,1,0,0,1,0
2020-09-27,US,Florida,Duval,30207,378,0,30.33225875,-81.66976468,12031.0,3153.938115697647,1.2513655775151455,29829,30114,378,0,29736,29965,950181,93,0,0,93,149
2020-09-27,US,Florida,Escambia,12243,228,0,30.67652764,-87.37284571,12033.0,3846.178011787029,1.8622886547414852,12015,12219,228,0,11991,12181,315534,24,0,0,24,38
2020-09-27,US,Florida,Flagler,1726,23,0,29.45933576,-81.31508595,12035.0,1499.8131750679956,1.3325608342989572,1703,1722,23,0,1699,1715,112067,4,0,0,4,7
2020-09-27,US,Florida,Franklin,614,3,0,29.83791238,-84.82731662,12037.0,5063.917525773196,0.488599348534202,611,614,3,0,611,614,11736,0,0,0,0,0
2020-09-27,US,Florida,Gadsden,2797,46,0,30.57796289,-84.61915825,12039.0,6125.711782742004,1.64461923489453,2751,2790,46,0,2744,2770,45894,7,0,0,7,20
2020-09-27,US,Florida,Gilchrist,511,12,0,29.72856978,-82.79880657,12041.0,2749.973092239802,2.348336594911937,499,510,12,0,498,507,18256,1,0,0,1,3
2020-09-27,US,Florida,Glades,540,4,0,26.95635849,-81.18996211,12043.0,3909.9268698863225,0.7407407407407407,536,538,4,0,534,523,13724,2,0,0,2,15
2020-09-27,US,Florida,Gulf,875,14,0,29.93543004,-85.24270990000002,12045.0,6415.426350905492,1.6,861,875,14,0,861,875,16164,0,0,0,0,0
2020-09-27,US,Florida,Hamilton,849,8,0,30.49673973,-82.94998918,12047.0,5884.3914610479615,0.9422850412249706,841,849,8,0,841,849,14310,0,0,0,0,0
2020-09-27,US,Florida,Hardee,1358,11,0,27.49293939,-81.80956574,12049.0,5041.392879682221,0.8100147275405007,1347,1354,11,0,1343,1331,27245,4,0,0,4,23
2020-09-27,US,Florida,Hendry,2069,42,0,26.55386945,-81.16469006,12051.0,4923.611441625815,2.0299661672305462,2027,2069,42,0,2027,2063,41556,0,0,0,0,6
2020-09-27,US,Florida,Hernando,3126,120,0,28.55364461,-82.42700204,12053.0,1612.0049504950491,3.838771593090211,3006,3120,120,0,3000,3107,190865,6,0,0,6,13
2020-09-27,US,Florida,Highlands,2156,86,0,27.34254618,-81.34071957,12055.0,2029.730467609983,3.98886827458256,2070,2148,86,0,2062,2127,105424,8,0,0,8,21
2020-09-27,US,Florida,Hillsborough,41826,628,0,27.9276559,-82.32013172,12057.0,2841.501989173678,1.5014584229904844,41198,41722,628,0,41094,41506,1436888,104,0,0,104,216
2020-09-27,US,Florida,Holmes,753,7,0,30.86747479,-85.81319222,12059.0,3838.507417036244,0.9296148738379814,746,752,7,0,745,744,19477,1,0,0,1,8
2020-09-27,US,Florida,Indian River,3219,116,0,27.69308961,-80.60556721,12061.0,2012.843681021492,3.603603603603604,3103,3197,116,0,3081,3169,157413,22,0,0,22,28
2020-09-27,US,Florida,Jackson,2810,77,0,30.795459700000002,-85.21500423,12063.0,6054.207782134701,2.7402135231316724,2733,2801,77,0,2724,2791,48305,9,0,0,9,10
2020-09-27,US,Florida,Jefferson,557,9,0,30.43669112,-83.89442308,12065.0,3909.869437034957,1.615798922800718,548,555,9,0,546,555,14288,2,0,0,2,0
2020-09-27,US,Florida,Lafayette,1233,12,0,29.98484137,-83.18166636,12067.0,14640.227974352883,0.97323600973236,1221,1233,12,0,1221,1234,8732,0,0,0,0,-1
2020-09-27,US,Florida,Lake,7466,189,0,28.76202069,-81.7125123,12069.0,2033.6785447730701,2.5314760246450576,7277,7444,189,0,7255,7420,356495,22,0,0,22,24
2020-09-27,US,Florida,Lee,20377,465,0,26.58410348,-81.88399313,12071.0,2644.38206694464,2.281984590469647,19912,20326,465,0,19861,20244,754610,51,0,0,51,82
2020-09-27,US,Florida,Leon,10482,69,0,30.45955727,-84.27491114,12073.0,3570.382380391168,0.6582713222667429,10413,10437,68,0,10369,10366,292502,45,1,0,44,71
2020-09-27,US,Florida,Levy,1035,9,0,29.31829741,-82.74007147,12075.0,2493.795629231621,0.8695652173913043,1026,1033,9,0,1024,1022,40770,2,0,0,2,11
2020-09-27,US,Florida,Liberty,516,8,0,30.23766008,-84.8829258,12077.0,6176.681829063921,1.5503875968992251,508,516,8,0,508,510,8457,0,0,0,0,6
2020-09-27,US,Florida,Madison,1014,19,0,30.44396917,-83.47398594,12079.0,5483.155788676797,1.8737672583826432,995,1013,18,0,995,1013,18529,1,1,0,0,0
2020-09-27,US,Florida,Manatee,11458,291,0,27.47196942,-82.31831044,12081.0,2841.392376498129,2.539710246116251,11167,11436,291,0,11145,11393,394855,22,0,0,22,43
2020-09-27,US,Florida,Marion,9708,288,0,29.21227113,-82.05803627,12083.0,2655.5135825635502,2.9666254635352285,9420,9668,282,0,9386,9626,359977,40,6,0,34,42
2020-09-27,US,Florida,Martin,4890,142,0,27.0772071,-80.43109784,12085.0,3037.267080745341,2.9038854805725967,4748,4880,142,0,4738,4860,160912,10,0,0,10,20
2020-09-27,US,Florida,Miami-Dade,169426,3231,0,25.6112362,-80.55170587,12086.0,6235.912460341414,1.9070272567374549,166195,169144,3231,0,165913,168775,2761581,282,0,0,282,369
2020-09-27,US,Florida,Monroe,1835,22,0,25.20904673,-81.07812416,12087.0,2472.1129492913724,1.1989100817438691,1813,1834,22,0,1812,1828,75027,1,0,0,1,6
2020-09-27,US,Florida,Nassau,2097,44,0,30.61037141,-81.80297522,12089.0,2366.1495063469674,2.0982355746304244,2053,2080,43,0,2037,2075,85832,17,1,0,16,5
2020-09-27,US,Florida,Okaloosa,4953,109,0,30.69143028,-86.59267105,12091.0,2350.311761523788,2.2006864526549568,4844,4918,109,0,4809,4884,207269,35,0,0,35,34
2020-09-27,US,Florida,Okeechobee,1554,26,0,27.386336199999995,-80.88944347,12093.0,3685.2589641434265,1.6731016731016732,1528,1537,26,0,1511,1521,41537,17,0,0,17,16
2020-09-27,US,Florida,Orange,39973,445,0,28.51367621,-81.31799498,12095.0,2868.631284034183,1.1132514447251896,39528,39875,445,0,39430,39717,1380645,98,0,0,98,158
2020-09-27,US,Florida,Osceola,12438,145,0,28.06312234,-81.14882926,12097.0,3310.170831215353,1.1657822801093425,12293,12395,145,0,12250,12354,367990,43,0,0,43,41
2020-09-27,US,Florida,Palm Beach,46283,1342,0,26.64676272,-80.46536002,12099.0,3092.191853123726,2.8995527515502455,44941,46183,1342,0,44841,46023,1485941,100,0,0,100,160
2020-09-27,US,Florida,Pasco,9204,208,0,28.30810945,-82.40227529,12101.0,1661.5307962675129,2.2598870056497176,8996,9162,208,0,8954,9101,539630,42,0,0,42,61
2020-09-27,US,Florida,Pinellas,22004,744,0,27.93130349,-82.72239666,12103.0,2256.8297716093193,3.381203417560444,21260,21964,744,0,21220,21845,975280,40,0,0,40,119
2020-09-27,US,Florida,Polk,19849,529,0,27.95027105,-81.69732947,12105.0,2738.6354699445487,2.6651216685979144,19320,19765,529,0,19236,19647,708009,84,0,0,84,118
2020-09-27,US,Florida,Putnam,2127,39,0,29.60779729,-81.74230285,12107.0,2854.229009272554,1.833568406205924,2088,2120,39,0,2081,2107,74163,7,0,0,7,13
2020-09-27,US,Florida,Santa Rosa,5314,76,0,30.69341450000001,-87.02458128,12113.0,2883.139008100351,1.4301844185171246,5238,5296,76,0,5220,5279,179349,18,0,0,18,17
2020-09-27,US,Florida,Sarasota,8142,254,0,27.18546175,-82.33174248,12115.0,1877.152777457567,3.119626627364284,7888,8107,254,0,7853,8065,426718,35,0,0,35,42
2020-09-27,US,Florida,Seminole,8998,208,0,28.7158582,-81.24060348,12117.0,1907.0589581752595,2.311624805512336,8790,8972,208,0,8764,8946,467832,26,0,0,26,26
2020-09-27,US,Florida,St. Johns,5308,70,0,29.90096506,-81.43589967,12109.0,2005.501148591464,1.3187641296156745,5238,5279,70,0,5209,5235,254261,29,0,0,29,44
2020-09-27,US,Florida,St. Lucie,8000,275,0,27.37763908,-80.47106649,12111.0,2436.8178813696136,3.4375,7725,7993,275,0,7718,7952,321128,7,0,0,7,41
2020-09-27,US,Florida,Sumter,2222,67,0,28.70181754,-82.0794267,12119.0,1677.994260685697,3.0153015301530157,2155,2217,67,0,2150,2210,128754,5,0,0,5,7
2020-09-27,US,Florida,Suwannee,2714,69,0,30.19746066,-82.99099670000003,12121.0,6110.27309363532,2.5423728813559316,2645,2685,69,0,2616,2674,44191,29,0,0,29,11
2020-09-27,US,Florida,Taylor,1322,13,0,30.04848048,-83.60445406,12123.0,6129.166859845148,0.983358547655068,1309,1321,13,0,1308,1317,21623,1,0,0,1,4
2020-09-27,US,Florida,Unassigned,1687,0,0,0.0,0.0,90012.0,0.0,0.0,1687,1669,0,0,1669,1654,,18,0,0,18,15
2020-09-27,US,Florida,Union,955,14,0,30.04412971,-82.37497443,12125.0,6267.637986480278,1.4659685863874343,941,935,14,0,921,926,14940,20,0,0,20,9
2020-09-27,US,Florida,Volusia,10815,239,0,29.05858895,-81.18263252,12127.0,1954.692346064589,2.209893666204346,10576,10789,239,0,10550,10738,547538,26,0,0,26,51
2020-09-27,US,Florida,Wakulla,1126,10,0,30.16548905,-84.39895211,12129.0,3337.3840362784913,0.8880994671403197,1116,1122,10,0,1112,1118,32461,4,0,0,4,4
2020-09-27,US,Florida,Walton,1958,25,0,30.64204028,-86.16935664,12131.0,2643.4097015026127,1.2768130745658837,1933,1952,25,0,1927,1937,71375,6,0,0,6,15
2020-09-27,US,Florida,Washington,1076,22,0,30.61359259,-85.66002461,12133.0,4224.080398853688,2.044609665427509,1054,1072,22,0,1050,1068,24880,4,0,0,4,4
2020-09-27,US,Georgia,Appling,1028,28,0,31.74847232,-82.28909114,13001.0,5591.210703796367,2.723735408560312,1000,1022,28,0,994,1021,18507,6,0,0,6,1
2020-09-27,US,Georgia,Atkinson,441,3,0,31.29633502,-82.87545866,13003.0,5401.102265768524,0.6802721088435374,438,441,3,0,438,441,8297,0,0,0,0,0
2020-09-27,US,Georgia,Bacon,597,14,0,31.55456473,-82.45936528,13005.0,5347.545682551057,2.345058626465661,583,597,14,0,583,595,11185,0,0,0,0,2
2020-09-27,US,Georgia,Baker,84,4,0,31.32669878,-84.44218806,13007.0,2764.976958525345,4.761904761904762,80,84,4,0,80,83,3092,0,0,0,0,1
2020-09-27,US,Georgia,Baldwin,2109,56,0,33.06882326,-83.24701748,13009.0,4698.15103586545,2.6552868658131814,2053,2104,56,0,2048,2087,44823,5,0,0,5,17
2020-09-27,US,Georgia,Banks,482,8,0,34.35607081,-83.49644388,13011.0,2505.978995528751,1.6597510373443984,474,481,7,0,474,478,18988,1,1,0,0,3
2020-09-27,US,Georgia,Barrow,2174,48,0,33.99148694,-83.71436292,13013.0,2611.7251321480053,2.2079116835326587,2126,2168,48,0,2120,2158,80809,6,0,0,6,10
2020-09-27,US,Georgia,Bartow,2910,85,0,34.23732119,-84.83887523,13015.0,2700.9968627596577,2.9209621993127146,2825,2905,85,0,2820,2888,106408,5,0,0,5,17
2020-09-27,US,Georgia,Ben Hill,772,24,0,31.76095874,-83.22145359,13017.0,4622.754491017964,3.1088082901554404,748,768,23,0,745,760,16787,4,1,0,3,8
2020-09-27,US,Georgia,Berrien,449,12,0,31.27590016,-83.22529920000002,13019.0,2314.790947053668,2.67260579064588,437,449,12,0,437,446,19252,0,0,0,0,3
2020-09-27,US,Georgia,Bibb,6053,170,0,32.80904227,-83.70489165,13021.0,3952.102063868268,2.808524698496613,5883,6039,168,0,5871,6024,153095,14,2,0,12,15
2020-09-27,US,Georgia,Bleckley,433,21,0,32.43829035,-83.33035166,13023.0,3363.6293016390887,4.849884526558892,412,432,20,0,412,431,12838,1,1,0,0,1
2020-09-27,US,Georgia,Brantley,344,10,0,31.19576557,-81.97743999,13025.0,1800.1988591763047,2.9069767441860463,334,343,10,0,333,343,18897,1,0,0,1,0
2020-09-27,US,Georgia,Brooks,520,25,0,30.83922642,-83.58303423,13027.0,3364.17157275021,4.807692307692308,495,519,25,0,494,515,15513,1,0,0,1,4
2020-09-27,US,Georgia,Bryan,1147,11,0,32.00979311,-81.44002948,13029.0,2894.4911297852477,0.9590235396687008,1136,1145,11,0,1134,1141,38109,2,0,0,2,4
2020-09-27,US,Georgia,Bulloch,2880,28,0,32.39577406,-81.74811421,13031.0,3617.726861621948,0.9722222222222222,2852,2875,28,0,2847,2859,77296,5,0,0,5,16
2020-09-27,US,Georgia,Burke,802,10,0,33.05917989,-81.99928721,13033.0,3583.076441942546,1.2468827930174564,792,800,10,0,790,795,22423,2,0,0,2,5
2020-09-27,US,Georgia,Butts,654,42,0,33.283094500000004,-83.95435040000002,13035.0,2622.714148219442,6.422018348623853,612,649,42,0,607,642,24193,5,0,0,5,7
2020-09-27,US,Georgia,Calhoun,244,8,0,31.53169785,-84.62725131,13037.0,3942.4785910486353,3.278688524590164,236,243,8,0,235,239,6352,1,0,0,1,4
2020-09-27,US,Georgia,Camden,1290,9,0,30.92951916,-81.66601818,13039.0,2359.78487542531,0.6976744186046512,1281,1289,8,0,1281,1277,53677,1,1,0,0,12
2020-09-27,US,Georgia,Candler,458,19,0,32.40209349,-82.07702563,13043.0,4239.563084328427,4.148471615720524,439,455,19,0,436,446,10836,3,0,0,3,9
2020-09-27,US,Georgia,Carroll,2769,68,0,33.58138199,-85.07976677,13045.0,2307.653843589573,2.4557602022390754,2701,2755,67,0,2688,2734,118121,14,1,0,13,21
2020-09-27,US,Georgia,Catoosa,1181,18,0,34.89872298,-85.13757014,13047.0,1747.5584492453388,1.5241320914479255,1163,1179,18,0,1161,1171,67420,2,0,0,2,8
2020-09-27,US,Georgia,Charlton,633,7,0,30.78371028,-82.13951596,13049.0,4726.702508960573,1.1058451816745656,626,626,7,0,619,625,12968,7,0,0,7,1
2020-09-27,US,Georgia,Chatham,8428,159,0,32.00043026,-81.12489526,13051.0,2911.9303458521917,1.8865685809207404,8269,8407,157,0,8250,8377,289195,21,2,0,19,30
2020-09-27,US,Georgia,Chattahoochee,1633,1,0,32.34341231,-84.78809239,13053.0,14972.036306958833,0.0612369871402327,1632,1633,1,0,1632,1632,10684,0,0,0,0,1
2020-09-27,US,Georgia,Chattooga,765,22,0,34.47197698,-85.34535662,13055.0,3086.0462301827424,2.8758169934640523,743,762,21,0,741,757,24790,3,1,0,2,5
2020-09-27,US,Georgia,Cherokee,6021,92,0,34.24393976,-84.47431861,13057.0,2326.7496995436154,1.5279853844876266,5929,5994,92,0,5902,5959,254149,27,0,0,27,35
2020-09-27,US,Georgia,Clarke,5024,44,0,33.95436462,-83.37124007,13059.0,3914.876374375637,0.8757961783439491,4980,5020,44,0,4976,4997,127330,4,0,0,4,23
2020-09-27,US,Georgia,Clay,121,2,0,31.62221166,-84.97713865,13061.0,4269.583627381792,1.6528925619834711,119,121,2,0,119,120,2887,0,0,0,0,1
2020-09-27,US,Georgia,Clayton,7078,162,0,33.54187245,-84.35594188,13063.0,2421.849337567065,2.2887821418479795,6916,7094,162,0,6932,7061,289615,-16,0,0,-16,33
2020-09-27,US,Georgia,Clinch,377,6,0,30.91395822,-82.70432472,13065.0,5696.585071018435,1.5915119363395225,371,377,6,0,371,376,6648,0,0,0,0,1
2020-09-27,US,Georgia,Cobb,19551,426,0,33.94243204,-84.5761255,13067.0,2572.0228220816925,2.1789166794537365,19125,19513,426,0,19087,19430,756865,38,0,0,38,83
2020-09-27,US,Georgia,Coffee,2053,49,0,31.54892966,-82.85492059999999,13069.0,4744.297830055692,2.386751095957136,2004,2043,49,0,1994,2036,43093,10,0,0,10,7
2020-09-27,US,Georgia,Colquitt,1878,33,0,31.18810588,-83.7677946,13071.0,4118.421052631579,1.757188498402556,1845,1875,33,0,1842,1877,45592,3,0,0,3,-2
2020-09-27,US,Georgia,Columbia,3741,61,0,33.54534185,-82.263524,13073.0,2387.1511160457903,1.6305800588078054,3680,3724,59,0,3665,3704,154291,17,2,0,15,20
2020-09-27,US,Georgia,Cook,549,13,0,31.16068491,-83.42947229,13075.0,3178.9229878401848,2.3679417122040074,536,549,13,0,536,548,17162,0,0,0,0,1
2020-09-27,US,Georgia,Coweta,2605,46,0,33.35334302,-84.76129976,13077.0,1754.1024449696652,1.7658349328214966,2559,2601,45,0,2556,2578,145864,4,1,0,3,23
2020-09-27,US,Georgia,Crawford,167,5,0,32.71391813,-83.98061238,13079.0,1346.3398903579491,2.9940119760479043,162,167,5,0,162,166,12318,0,0,0,0,1
2020-09-27,US,Georgia,Crisp,551,17,0,31.92289565,-83.76811843,13081.0,2462.9000536384765,3.0852994555353903,534,550,17,0,533,545,22601,1,0,0,1,5
2020-09-27,US,Georgia,Dade,282,5,0,34.854916700000004,-85.50490424,13083.0,1749.813849590469,1.7730496453900708,277,282,5,0,277,282,16226,0,0,0,0,0
2020-09-27,US,Georgia,Dawson,814,7,0,34.44244079,-84.16964071,13085.0,3117.8182932434497,0.85995085995086,807,812,7,0,805,810,25083,2,0,0,2,2
2020-09-27,US,Georgia,DeKalb,18647,362,0,33.76944049,-84.22396017,13089.0,2455.824269027798,1.9413310452083443,18285,18600,360,0,18240,18521,756558,47,2,0,45,79
2020-09-27,US,Georgia,Decatur,1149,29,0,30.87967778,-84.57619536,13087.0,4351.613391910317,2.5239338555265447,1120,1146,29,0,1117,1133,26575,3,0,0,3,13
2020-09-27,US,Georgia,Dodge,426,12,0,32.17265114,-83.16948926,13091.0,2067.4593545256007,2.8169014084507036,414,422,12,0,410,417,20705,4,0,0,4,5
2020-09-27,US,Georgia,Dooly,338,14,0,32.15630737,-83.79746561,13093.0,2524.2718446601943,4.142011834319527,324,338,14,0,324,338,13706,0,0,0,0,0
2020-09-27,US,Georgia,Dougherty,3147,187,0,31.53328528,-84.21722377,13095.0,3577.925326299513,5.94216714331109,2960,3141,187,0,2954,3137,91243,6,0,0,6,4
2020-09-27,US,Georgia,Douglas,3550,71,0,33.70291126,-84.77026156,13097.0,2425.8078623507786,2.0,3479,3543,71,0,3472,3520,145331,7,0,0,7,23
2020-09-27,US,Georgia,Early,493,33,0,31.32155345,-84.90255207,13099.0,4838.076545632975,6.693711967545638,460,492,32,0,460,486,10247,1,1,0,0,6
2020-09-27,US,Georgia,Echols,240,2,0,30.71101099,-82.89687287,13101.0,5991.013479780329,0.8333333333333334,238,240,2,0,238,240,4000,0,0,0,0,0
2020-09-27,US,Georgia,Effingham,1439,23,0,32.36616021,-81.34280942,13103.0,2238.086350628344,1.5983321751216122,1416,1431,23,0,1408,1423,62190,8,0,0,8,8
2020-09-27,US,Georgia,Elbert,645,3,0,34.11302332,-82.83936148,13105.0,3360.4251328540167,0.4651162790697674,642,645,3,0,642,644,19120,0,0,0,0,1
2020-09-27,US,Georgia,Emanuel,1047,30,0,32.59221302,-82.30239915,13107.0,4623.333038947276,2.8653295128939833,1017,1038,30,0,1008,1031,22612,9,0,0,9,7
2020-09-27,US,Georgia,Evans,428,6,0,32.15328841,-81.8870105,13109.0,4017.270508729116,1.4018691588785046,422,423,6,0,417,421,10721,5,0,0,5,2
2020-09-27,US,Georgia,Fannin,651,22,0,34.86430205,-84.316964,13111.0,2485.871391477013,3.3794162826420893,629,648,22,0,626,641,25964,3,0,0,3,7
2020-09-27,US,Georgia,Fayette,1850,50,0,33.41357794,-84.49089434,13113.0,1616.8360703017804,2.702702702702702,1800,1840,50,0,1790,1808,113459,10,0,0,10,32
2020-09-27,US,Georgia,Floyd,3161,45,0,34.26268279,-85.21577392,13115.0,3209.2022173039045,1.4236001265422336,3116,3152,45,0,3107,3129,97927,9,0,0,9,23
2020-09-27,US,Georgia,Forsyth,4007,45,0,34.22604035,-84.12315129999998,13117.0,1640.5188084437384,1.1230346892937357,3962,3979,45,0,3934,3926,236612,28,0,0,28,53
2020-09-27,US,Georgia,Franklin,753,13,0,34.37525597,-83.23159927,13119.0,3224.9775150970063,1.7264276228419655,740,752,13,0,739,747,23023,1,0,0,1,5
2020-09-27,US,Georgia,Fulton,27529,575,0,33.79216944,-84.46319413,13121.0,2587.465235253592,2.088706455011079,26954,27480,572,0,26908,27389,1050114,49,3,0,46,91
2020-09-27,US,Georgia,Gilmer,818,13,0,34.69316688,-84.45802506,13123.0,2607.669992667921,1.5892420537897312,805,811,13,0,798,810,30816,7,0,0,7,1
2020-09-27,US,Georgia,Glascock,38,2,0,33.22879932,-82.61297636,13125.0,1279.0306294177044,5.2631578947368425,36,38,2,0,36,38,2995,0,0,0,0,0
2020-09-27,US,Georgia,Glynn,3454,95,0,31.23279254,-81.53811412,13127.0,4049.617783613938,2.7504342790967,3359,3452,95,0,3357,3446,85219,2,0,0,2,6
2020-09-27,US,Georgia,Gordon,1846,36,0,34.50487351,-84.87296253,13129.0,3184.790297258596,1.9501625135427951,1810,1845,36,0,1809,1841,57685,1,0,0,1,4
2020-09-27,US,Georgia,Grady,774,22,0,30.87454847,-84.23418364,13131.0,3142.126415783705,2.842377260981912,752,771,22,0,749,768,24748,3,0,0,3,3
2020-09-27,US,Georgia,Greene,501,23,0,33.5769205,-83.17139104,13133.0,2734.119187950229,4.590818363273453,478,501,23,0,478,499,17698,0,0,0,0,2
2020-09-27,US,Georgia,Gwinnett,27358,404,0,33.96044201,-84.02137802,13135.0,2922.082777036048,1.4767161342203377,26954,27296,402,0,26894,27187,927781,62,2,0,60,109
2020-09-27,US,Georgia,Habersham,1640,67,0,34.63331566,-83.53094677,13137.0,3618.072714436993,4.085365853658536,1573,1640,67,0,1573,1633,45388,0,0,0,0,7
2020-09-27,US,Georgia,Hall,9247,152,0,34.32207823,-83.81896936,13139.0,4523.065334252914,1.6437763599005082,9095,9225,152,0,9073,9147,202148,22,0,0,22,78
2020-09-27,US,Georgia,Hancock,391,42,0,33.2721566,-82.99766919,13141.0,4623.388908596429,10.74168797953964,349,391,42,0,349,387,8348,0,0,0,0,4
2020-09-27,US,Georgia,Haralson,473,8,0,33.79602175,-85.21005667,13143.0,1587.6745435016117,1.6913319238900637,465,469,8,0,461,460,29533,4,0,0,4,9
2020-09-27,US,Georgia,Harris,793,22,0,32.73709786,-84.90538572,13145.0,2250.5392212509933,2.7742749054224465,771,790,21,0,769,786,34475,3,1,0,2,4
2020-09-27,US,Georgia,Hart,507,13,0,34.34626973,-82.96567682,13147.0,1934.745277618775,2.5641025641025643,494,507,13,0,494,505,26099,0,0,0,0,2
2020-09-27,US,Georgia,Heard,194,5,0,33.29686567,-85.12886832,13149.0,1627.1072716598171,2.5773195876288657,189,194,5,0,189,192,11879,0,0,0,0,2
2020-09-27,US,Georgia,Henry,5208,100,0,33.4533428,-84.14814659999998,13151.0,2220.31795567038,1.9201228878648235,5108,5181,100,0,5081,5156,230220,27,0,0,27,25
2020-09-27,US,Georgia,Houston,3139,82,0,32.45802497,-83.66879087,13153.0,1988.4330083680154,2.6122969098438995,3057,3126,80,0,3046,3109,155469,13,2,0,11,17
2020-09-27,US,Georgia,Irwin,295,4,0,31.60213036,-83.27501387,13155.0,3132.9651656754468,1.3559322033898304,291,293,4,0,289,294,9398,2,0,0,2,-1
2020-09-27,US,Georgia,Jackson,1987,32,0,34.13794553,-83.56814788,13157.0,2722.775669046412,1.610468042274786,1955,1981,32,0,1949,1961,70422,6,0,0,6,20
2020-09-27,US,Georgia,Jasper,221,4,0,33.31535543,-83.68844964,13159.0,1554.2583866657294,1.8099547511312215,217,220,4,0,216,216,14040,1,0,0,1,4
2020-09-27,US,Georgia,Jeff Davis,716,20,0,31.80405727,-82.63724870000001,13161.0,4737.016209063844,2.793296089385475,696,716,20,0,696,713,15029,0,0,0,0,3
2020-09-27,US,Georgia,Jefferson,793,28,0,33.05867328,-82.41609057,13163.0,5162.088269756542,3.530895334174023,765,790,28,0,762,787,15430,3,0,0,3,3
2020-09-27,US,Georgia,Jenkins,421,29,0,32.79248718,-81.96040187,13165.0,4852.466574458275,6.888361045130641,392,415,29,0,386,412,8683,6,0,0,6,3
2020-09-27,US,Georgia,Johnson,416,22,0,32.70211082,-82.66166794,13167.0,4314.010162812403,5.288461538461538,394,415,22,0,393,414,9708,1,0,0,1,1
2020-09-27,US,Georgia,Jones,553,8,0,33.02512137,-83.56019163,13169.0,1924.4823386114488,1.4466546112115732,545,548,8,0,540,545,28616,5,0,0,5,3
2020-09-27,US,Georgia,Lamar,365,18,0,33.07841647,-84.14263877,13171.0,1913.2987366986426,4.931506849315068,347,364,18,0,346,362,19000,1,0,0,1,2
2020-09-27,US,Georgia,Lanier,295,5,0,31.03828570000001,-83.06472457,13173.0,2830.279190252327,1.6949152542372878,290,295,5,0,290,295,10340,0,0,0,0,0
2020-09-27,US,Georgia,Laurens,1651,69,0,32.46325233,-82.92221316,13175.0,3472.4267025617296,4.179285281647487,1582,1644,69,0,1575,1632,47325,7,0,0,7,12
2020-09-27,US,Georgia,Lee,698,25,0,31.779330600000005,-84.14324253,13177.0,2327.287276607095,3.5816618911174785,673,699,25,0,674,697,29764,-1,0,0,-1,2
2020-09-27,US,Georgia,Liberty,1108,22,0,31.82588896,-81.49251135,13179.0,1803.532188491902,1.985559566787004,1086,1105,22,0,1083,1103,61497,3,0,0,3,2
2020-09-27,US,Georgia,Lincoln,213,7,0,33.79201475,-82.45024131,13181.0,2689.0544123216764,3.286384976525821,206,213,7,0,206,213,7915,0,0,0,0,0
2020-09-27,US,Georgia,Long,251,3,0,31.75218791,-81.74952375,13183.0,1283.2966920599213,1.195219123505976,248,251,3,0,248,246,18998,0,0,0,0,5
2020-09-27,US,Georgia,Lowndes,3900,82,0,30.83568832,-83.27056716,13185.0,3321.806381275233,2.102564102564102,3818,3890,82,0,3808,3872,116321,10,0,0,10,18
2020-09-27,US,Georgia,Lumpkin,908,14,0,34.57286511,-84.00425681,13187.0,2701.5769116334423,1.5418502202643172,894,907,14,0,893,905,32955,1,0,0,1,2
2020-09-27,US,Georgia,Macon,233,10,0,32.35207048,-84.04234127,13193.0,1799.6447053371435,4.291845493562231,223,233,10,0,223,229,13143,0,0,0,0,4
2020-09-27,US,Georgia,Madison,691,8,0,34.12920917,-83.21218732,13195.0,2312.583668005355,1.1577424023154848,683,689,8,0,681,687,29650,2,0,0,2,2
2020-09-27,US,Georgia,Marion,190,8,0,32.3483402,-84.52733571,13197.0,2272.999162579256,4.2105263157894735,182,190,8,0,182,190,8351,0,0,0,0,0
2020-09-27,US,Georgia,McDuffie,601,14,0,33.47851918,-82.48252774,13189.0,2820.0075075075074,2.329450915141431,587,600,14,0,586,595,21531,1,0,0,1,5
2020-09-27,US,Georgia,McIntosh,290,7,0,31.49683595,-81.40163426,13191.0,2016.9703714007517,2.413793103448276,283,288,7,0,281,287,14340,2,0,0,2,1
2020-09-27,US,Georgia,Meriwether,544,13,0,33.04163534,-84.68859732,13199.0,2570.038267113904,2.389705882352941,531,544,13,0,531,544,21068,0,0,0,0,0
2020-09-27,US,Georgia,Miller,260,1,0,31.16568912,-84.73151117,13201.0,4547.0444211262675,0.38461538461538464,259,256,1,0,255,254,5686,4,0,0,4,2
2020-09-27,US,Georgia,Mitchell,806,45,0,31.22483255,-84.19381821,13205.0,3686.5937885926,5.583126550868486,761,799,45,0,754,793,22192,7,0,0,7,6
2020-09-27,US,Georgia,Monroe,686,51,0,33.014289,-83.92097166,13207.0,2487.490028283414,7.434402332361517,635,684,50,0,634,676,27520,2,1,0,1,8
2020-09-27,US,Georgia,Montgomery,304,5,0,32.17201038,-82.53527476,13209.0,3314.435237679895,1.6447368421052633,299,305,5,0,300,304,9193,-1,0,0,-1,1
2020-09-27,US,Georgia,Morgan,481,2,0,33.59232073,-83.49129491,13211.0,2495.3309815314387,0.4158004158004158,479,481,2,0,479,478,18853,0,0,0,0,3
2020-09-27,US,Georgia,Murray,826,6,0,34.78897608,-84.74993177,13213.0,2060.055865921788,0.7263922518159807,820,822,6,0,816,818,39921,4,0,0,4,4
2020-09-27,US,Georgia,Muscogee,6009,169,0,32.50931999,-84.87142262,13215.0,3069.4338735959223,2.812447994674655,5840,5991,169,0,5822,5973,194160,18,0,0,18,18
2020-09-27,US,Georgia,Newton,2581,88,0,33.55514538,-83.84547140000002,13217.0,2309.7436998854528,3.4095311894614486,2493,2579,87,0,2492,2575,109541,2,1,0,1,4
2020-09-27,US,Georgia,Oconee,739,26,0,33.83749973,-83.43679568,13219.0,1834.6573982125128,3.518267929634641,713,740,26,0,714,736,39272,-1,0,0,-1,4
2020-09-27,US,Georgia,Oglethorpe,330,11,0,33.878629600000004,-83.08278123,13221.0,2162.6581034143783,3.333333333333333,319,330,11,0,319,329,15054,0,0,0,0,1
2020-09-27,US,Georgia,Out of GA,16364,157,0,0.0,0.0,80013.0,0.0,0.9594231239305792,16207,16320,156,0,16164,16425,,44,1,0,43,-105
2020-09-27,US,Georgia,Paulding,2776,53,0,33.91969522,-84.86848792,13223.0,1645.8465497103766,1.9092219020172911,2723,2770,53,0,2717,2760,164044,6,0,0,6,10
2020-09-27,US,Georgia,Peach,670,24,0,32.56934316,-83.82937,13225.0,2432.2950700646193,3.582089552238806,646,666,24,0,642,665,27297,4,0,0,4,1
2020-09-27,US,Georgia,Pickens,618,10,0,34.46589159,-84.46406611,13227.0,1896.2290202816728,1.6181229773462784,608,618,10,0,608,615,31980,0,0,0,0,3
2020-09-27,US,Georgia,Pierce,606,20,0,31.35928155,-82.21598442,13229.0,3113.280246596455,3.3003300330033003,586,603,20,0,583,602,19389,3,0,0,3,1
2020-09-27,US,Georgia,Pike,326,10,0,33.09310242,-84.38790389,13231.0,1719.227929543297,3.0674846625766867,316,324,10,0,314,323,18634,2,0,0,2,1
2020-09-27,US,Georgia,Polk,1476,17,0,34.00267074,-85.18677781,13233.0,3463.7317250604274,1.151761517615176,1459,1474,17,0,1457,1468,42470,2,0,0,2,6
2020-09-27,US,Georgia,Pulaski,312,22,0,32.23334561,-83.47549959999998,13235.0,2801.472568914429,7.05128205128205,290,312,22,0,290,312,11069,0,0,0,0,0
2020-09-27,US,Georgia,Putnam,688,25,0,33.32056115,-83.37552891,13237.0,3110.4480311044804,3.6337209302325584,663,684,25,0,659,683,21809,4,0,0,4,1
2020-09-27,US,Georgia,Quitman,32,1,0,31.86728114,-85.01773177,13239.0,1391.9095258808175,3.125,31,32,1,0,31,32,2279,0,0,0,0,0
2020-09-27,US,Georgia,Rabun,340,9,0,34.88389445,-83.40304637,13241.0,1984.011203827975,2.647058823529412,331,338,9,0,329,335,16867,2,0,0,2,3
2020-09-27,US,Georgia,Randolph,331,29,0,31.76622818,-84.75732369,13243.0,4883.446444378873,8.761329305135952,302,331,29,0,302,331,6833,0,0,0,0,0
2020-09-27,US,Georgia,Richmond,7101,162,0,33.35777107,-82.07026432,13245.0,3506.3549906674957,2.281368821292776,6939,7062,162,0,6900,7027,201554,39,0,0,39,35
2020-09-27,US,Georgia,Rockdale,1852,36,0,33.65145002,-84.02202167,13247.0,2037.4933990494628,1.9438444924406049,1816,1846,36,0,1810,1842,90594,6,0,0,6,4
2020-09-27,US,Georgia,Schley,105,2,0,32.2654021,-84.31258912,13249.0,1997.3368841544607,1.9047619047619049,103,105,2,0,103,105,5236,0,0,0,0,0
2020-09-27,US,Georgia,Screven,414,10,0,32.74976524,-81.60779441,13251.0,2964.3419733638843,2.415458937198068,404,412,10,0,402,406,13938,2,0,0,2,6
2020-09-27,US,Georgia,Seminole,356,9,0,30.93464824,-84.86823924,13253.0,4400.494437577256,2.5280898876404496,347,355,9,0,346,354,8315,1,0,0,1,1
2020-09-27,US,Georgia,Spalding,1333,61,0,33.26310031,-84.28013991,13255.0,1998.4108660779873,4.576144036009001,1272,1332,61,0,1271,1327,66100,1,0,0,1,5
2020-09-27,US,Georgia,Stephens,1058,38,0,34.55151201,-83.29405315,13257.0,4081.002892960463,3.5916824196597354,1020,1057,38,0,1019,1050,26035,1,0,0,1,7
2020-09-27,US,Georgia,Stewart,521,14,0,32.07996777,-84.83208037,13259.0,7868.901978553091,2.687140115163148,507,521,14,0,507,520,6199,0,0,0,0,1
2020-09-27,US,Georgia,Sumter,930,62,0,32.03650571,-84.19821492,13261.0,3149.9796775504674,6.666666666666668,868,929,62,0,867,928,29733,1,0,0,1,1
2020-09-27,US,Georgia,Talbot,166,6,0,32.69642758,-84.53351366,13263.0,2679.5803066989506,3.614457831325301,160,166,6,0,160,166,6272,0,0,0,0,0
2020-09-27,US,Georgia,Taliaferro,22,0,0,33.56543317,-82.88136816,13265.0,1431.3597918022122,0.0,22,22,0,0,22,22,1608,0,0,0,0,0
2020-09-27,US,Georgia,Tattnall,832,12,0,32.04785085,-82.05539188,13267.0,3290.3583010361463,1.4423076923076923,820,832,11,0,821,826,25391,0,1,0,-1,6
2020-09-27,US,Georgia,Taylor,210,10,0,32.55792548,-84.25077141,13269.0,2618.4538653366585,4.761904761904762,200,208,10,0,198,208,8039,2,0,0,2,0
2020-09-27,US,Georgia,Telfair,384,18,0,31.92829517,-82.93491155,13271.0,2421.185372005044,4.6875,366,383,18,0,365,383,15876,1,0,0,1,0
2020-09-27,US,Georgia,Terrell,329,32,0,31.77527543,-84.44069698,13273.0,3856.523268081116,9.726443768996962,297,329,31,0,298,328,8611,0,1,0,-1,1
2020-09-27,US,Georgia,Thomas,1492,63,0,30.86392347,-83.91847289,13275.0,3356.5049155249603,4.222520107238606,1429,1488,63,0,1425,1486,44448,4,0,0,4,2
2020-09-27,US,Georgia,Tift,1774,57,0,31.45743864,-83.5236119,13277.0,4364.727881114063,3.2130777903043968,1717,1771,57,0,1714,1754,40571,3,0,0,3,17
2020-09-27,US,Georgia,Toombs,1327,49,0,32.12059861,-82.32957247,13279.0,4945.9560193812895,3.692539562923888,1278,1326,49,0,1277,1312,26887,1,0,0,1,14
2020-09-27,US,Georgia,Towns,331,9,0,34.91369188,-83.74107459999998,13281.0,2749.8546149372773,2.7190332326283992,322,329,9,0,320,322,11852,2,0,0,2,7
2020-09-27,US,Georgia,Treutlen,258,8,0,32.40422134,-82.56904553,13283.0,3738.5886103463267,3.1007751937984502,250,257,8,0,249,256,6809,1,0,0,1,1
2020-09-27,US,Georgia,Troup,2802,96,0,33.03349196,-85.02812115,13285.0,4007.3224450101534,3.426124197002141,2706,2800,96,0,2704,2796,70034,2,0,0,2,4
2020-09-27,US,Georgia,Turner,304,22,0,31.71612656,-83.62069378,13287.0,3807.138384470883,7.236842105263157,282,301,22,0,279,296,7912,3,0,0,3,5
2020-09-27,US,Georgia,Twiggs,192,7,0,32.67435595,-83.43078662,13289.0,2364.532019704433,3.6458333333333335,185,187,7,0,180,187,8188,5,0,0,5,0
2020-09-27,US,Georgia,Unassigned,2237,6,0,0.0,0.0,90013.0,0.0,0.2682163611980331,2231,2235,6,0,2229,2223,,2,0,0,2,12
2020-09-27,US,Georgia,Union,757,20,0,34.82995757,-83.98967069,13291.0,3088.4092856268608,2.6420079260237785,737,757,20,0,737,737,24001,0,0,0,0,20
2020-09-27,US,Georgia,Upson,789,62,0,32.87920671,-84.30024826,13293.0,2997.7203647416413,7.858048162230673,727,786,62,0,724,783,26215,3,0,0,3,3
2020-09-27,US,Georgia,Walker,1531,35,0,34.73376362,-85.30165174,13295.0,2194.6359713880247,2.286087524493795,1496,1527,34,0,1493,1521,69410,4,1,0,3,6
2020-09-27,US,Georgia,Walton,1813,54,0,33.78017694,-83.73552314,13297.0,1916.6323089446369,2.9784886927744068,1759,1802,53,0,1749,1781,93503,11,1,0,10,21
2020-09-27,US,Georgia,Ware,1492,59,0,31.05449097,-82.42224148,13299.0,4175.2952370291605,3.9544235924932982,1433,1485,59,0,1426,1480,35680,7,0,0,7,5
2020-09-27,US,Georgia,Warren,150,5,0,33.41146451,-82.67795848,13301.0,2854.967643700038,3.333333333333333,145,145,5,0,140,142,5251,5,0,0,5,3
2020-09-27,US,Georgia,Washington,671,8,0,32.96711864,-82.79357039,13303.0,3293.4131736526947,1.1922503725782414,663,670,8,0,662,666,20386,1,0,0,1,4
2020-09-27,US,Georgia,Wayne,1128,30,0,31.5521809,-81.91894878,13305.0,3769.171651017476,2.6595744680851063,1098,1123,29,0,1094,1118,29808,5,1,0,4,5
2020-09-27,US,Georgia,Webster,44,2,0,32.04066113,-84.54742852,13307.0,1687.7637130801688,4.545454545454546,42,44,2,0,42,44,2611,0,0,0,0,0
2020-09-27,US,Georgia,Wheeler,332,11,0,32.12009104,-82.72574721,13309.0,4226.607256524507,3.3132530120481927,321,331,11,0,320,329,7879,1,0,0,1,2
2020-09-27,US,Georgia,White,832,19,0,34.64624278,-83.74905525,13311.0,2701.474121696214,2.2836538461538463,813,831,19,0,812,828,29970,1,0,0,1,3
2020-09-27,US,Georgia,Whitfield,4562,60,0,34.80987459,-84.96093476,13313.0,4360.209504148029,1.31521262604121,4502,4551,60,0,4491,4530,104062,11,0,0,11,21
2020-09-27,US,Georgia,Wilcox,248,20,0,31.97496928,-83.43438555,13315.0,2872.0324261725536,8.064516129032258,228,248,20,0,228,248,8812,0,0,0,0,0
2020-09-27,US,Georgia,Wilkes,266,5,0,33.78290391,-82.74286107,13317.0,2720.6709624629234,1.8796992481203008,261,266,5,0,261,264,9876,0,0,0,0,2
2020-09-27,US,Georgia,Wilkinson,336,18,0,32.80291082,-83.17140684,13319.0,3752.512843421934,5.357142857142857,318,335,18,0,317,336,9036,1,0,0,1,-1
2020-09-27,US,Georgia,Worth,530,30,0,31.55162306,-83.85090513,13321.0,2617.671753840075,5.660377358490566,500,531,30,0,501,528,20299,-1,0,0,-1,3
2020-09-27,US,Hawaii,Hawaii,700,15,0,19.60121157,-155.5210167,15001.0,347.37212983777715,2.142857142857143,685,693,15,0,678,691,200983,7,0,0,7,2
2020-09-27,US,Hawaii,Honolulu,10939,107,0,21.45803166,-157.97121819999995,15003.0,1122.4518066046012,0.9781515677849896,10832,10848,106,0,10742,10724,980080,91,1,0,90,124
2020-09-27,US,Hawaii,Kauai,59,0,0,22.03935037,-159.5966786,15007.0,81.61232761124867,0.0,59,59,0,0,59,58,72133,0,0,0,0,1
2020-09-27,US,Hawaii,Maui,388,9,0,20.86399628,-156.56890969999995,15009.0,231.7566316443372,2.31958762886598,379,388,9,0,379,388,167207,0,0,0,0,0
2020-09-27,US,Hawaii,Out of HI,30,1,0,0.0,0.0,80015.0,0.0,3.333333333333333,29,30,1,0,29,30,,0,0,0,0,0
2020-09-27,US,Idaho,Ada,12862,147,0,43.4526575,-116.24155159999998,16001.0,2670.75315571226,1.1429015705178045,12715,12831,147,0,12684,12693,469966,31,0,0,31,138
2020-09-27,US,Idaho,Adams,28,2,0,44.89333571,-116.4545247,16003.0,652.0726595249182,7.142857142857142,26,28,2,0,26,28,4250,0,0,0,0,0
2020-09-27,US,Idaho,Bannock,1025,4,0,42.67002716,-112.2233311,16005.0,1167.3196064139945,0.3902439024390244,1021,997,4,0,993,972,87138,28,0,0,28,25
2020-09-27,US,Idaho,Bear Lake,42,1,0,42.28269683,-111.32892379999998,16007.0,685.7142857142858,2.380952380952381,41,42,1,0,41,42,6050,0,0,0,0,0
2020-09-27,US,Idaho,Benewah,142,3,0,47.21754179,-116.6586851,16009.0,1527.2101527210152,2.112676056338028,139,142,3,0,139,141,9226,0,0,0,0,1
2020-09-27,US,Idaho,Bingham,914,10,0,43.21672879999999,-112.3978437,16011.0,1952.5325244066569,1.0940919037199124,904,896,10,0,886,881,46236,18,0,0,18,15
2020-09-27,US,Idaho,Blaine,664,6,0,43.4085812,-113.9752658,16013.0,2884.323009426176,0.9036144578313252,658,664,6,0,658,648,22601,0,0,0,0,16
2020-09-27,US,Idaho,Boise,70,2,0,43.98829931,-115.7309284,16015.0,893.8832843825819,2.8571428571428568,68,70,2,0,68,67,7634,0,0,0,0,3
2020-09-27,US,Idaho,Bonner,321,0,0,48.29996017,-116.6017932,16017.0,701.8080850040446,0.0,321,321,0,0,321,320,44727,0,0,0,0,1
2020-09-27,US,Idaho,Bonneville,2716,16,0,43.38713372,-111.6161537,16019.0,2281.1644353362108,0.5891016200294551,2700,2694,16,0,2678,2638,116854,22,0,0,22,56
2020-09-27,US,Idaho,Boundary,57,1,0,48.76684761,-116.4630179,16021.0,465.4961208656594,1.7543859649122806,56,57,1,0,56,57,11948,0,0,0,0,0
2020-09-27,US,Idaho,Butte,30,0,0,43.72592209,-113.1735463,16023.0,1155.1790527531766,0.0,30,28,0,0,28,27,2611,2,0,0,2,1
2020-09-27,US,Idaho,Camas,31,0,0,43.46665742,-114.8065892,16025.0,2802.893309222424,0.0,31,31,0,0,31,27,1127,0,0,0,0,4
2020-09-27,US,Idaho,Canyon,8168,101,0,43.61970148,-116.70954990000001,16027.0,3553.6373880243127,1.2365328109696376,8067,8143,101,0,8042,8087,223499,25,0,0,25,56
2020-09-27,US,Idaho,Caribou,116,0,0,42.77149116,-111.5597683,16029.0,1621.2438853948288,0.0,116,116,0,0,116,105,7060,0,0,0,0,11
2020-09-27,US,Idaho,Cassia,724,5,0,42.28347888,-113.6012409,16031.0,3012.9005409904285,0.6906077348066298,719,724,5,0,719,705,23864,0,0,0,0,19
2020-09-27,US,Idaho,Clark,33,0,0,44.28496071,-112.35057040000001,16033.0,3905.3254437869823,0.0,33,32,0,0,32,32,852,1,0,0,1,0
2020-09-27,US,Idaho,Clearwater,44,0,0,46.67459924,-115.6622393,16035.0,502.51256281407035,0.0,44,44,0,0,44,44,8758,0,0,0,0,0
2020-09-27,US,Idaho,Custer,66,1,0,44.24186819,-114.2855494,16037.0,1529.5480880648902,1.5151515151515151,65,65,1,0,64,64,4280,1,0,0,1,1
2020-09-27,US,Idaho,Elmore,342,3,0,43.3507101,-115.4701578,16039.0,1243.1391079931666,0.8771929824561403,339,342,3,0,339,338,27259,0,0,0,0,4
2020-09-27,US,Idaho,Franklin,121,0,0,42.18332217,-111.81496659999999,16041.0,872.009224560392,0.0,121,115,0,0,115,109,13726,6,0,0,6,6
2020-09-27,US,Idaho,Fremont,199,3,0,44.22800938,-111.48099429999999,16043.0,1519.1999389266355,1.5075376884422111,196,197,3,0,194,188,13168,2,0,0,2,9
2020-09-27,US,Idaho,Gem,326,2,0,44.06482372,-116.398376,16045.0,1799.9116607773856,0.6134969325153374,324,323,2,0,321,307,17634,3,0,0,3,16
2020-09-27,US,Idaho,Gooding,284,1,0,42.96927962,-114.81083059999999,16047.0,1871.005995124844,0.35211267605633795,283,283,1,0,282,280,15196,1,0,0,1,3
2020-09-27,US,Idaho,Idaho,198,0,0,45.84721541,-115.4634436,16049.0,1187.9762404751905,0.0,198,198,0,0,198,198,16513,0,0,0,0,0
2020-09-27,US,Idaho,Jefferson,569,2,0,43.82078483,-112.3131749,16051.0,1904.8575541495093,0.351493848857645,567,558,2,0,556,549,29439,11,0,0,11,9
2020-09-27,US,Idaho,Jerome,756,7,0,42.68891267,-114.2655033,16053.0,3096.8376208422087,0.925925925925926,749,756,7,0,749,753,24015,0,0,0,0,3
2020-09-27,US,Idaho,Kootenai,2654,34,0,47.67282258,-116.7020872,16055.0,1601.7187999782736,1.2810851544837978,2620,2655,34,0,2621,2634,161505,-1,0,0,-1,21
2020-09-27,US,Idaho,Latah,416,0,0,46.81587887,-116.71136979999999,16057.0,1037.199561184801,0.0,416,413,0,0,413,409,40134,3,0,0,3,4
2020-09-27,US,Idaho,Lemhi,93,0,0,44.9438088,-113.9309747,16059.0,1158.5897595614802,0.0,93,92,0,0,92,85,7961,1,0,0,1,7
2020-09-27,US,Idaho,Lewis,15,0,0,46.23315327,-116.434146,16061.0,390.8285565398645,0.0,15,15,0,0,15,15,3861,0,0,0,0,0
2020-09-27,US,Idaho,Lincoln,91,0,0,43.0012336,-114.1358773,16063.0,1695.8628401043607,0.0,91,91,0,0,91,88,5360,0,0,0,0,3
2020-09-27,US,Idaho,Madison,736,1,0,43.78141028,-111.65384740000002,16065.0,1844.2879695291558,0.1358695652173913,735,703,1,0,702,654,39304,33,0,0,33,49
2020-09-27,US,Idaho,Minidoka,685,8,0,42.85518524,-113.6357257,16067.0,3255.858168163886,1.167883211678832,677,685,8,0,677,675,20825,0,0,0,0,10
2020-09-27,US,Idaho,Nez Perce,435,24,0,46.32638236,-116.75009750000001,16069.0,1076.5195010888933,5.517241379310344,411,435,24,0,411,435,40408,0,0,0,0,0
2020-09-27,US,Idaho,Oneida,26,0,0,42.19494279999999,-112.5407838,16071.0,573.8247627455307,0.0,26,24,0,0,24,24,4488,2,0,0,2,0
2020-09-27,US,Idaho,Owyhee,329,5,0,42.58016894,-116.16938710000001,16073.0,2782.711663706335,1.5197568389057752,324,330,5,0,325,326,11693,-1,0,0,-1,4
2020-09-27,US,Idaho,Payette,876,8,0,44.00545243,-116.7647695,16075.0,3657.467329130309,0.9132420091324199,868,871,8,0,863,864,23551,5,0,0,5,7
2020-09-27,US,Idaho,Power,236,1,0,42.69254894,-112.83957420000002,16077.0,3072.5165994011195,0.42372881355932196,235,230,1,0,229,227,7768,6,0,0,6,3
2020-09-27,US,Idaho,Shoshone,215,18,0,47.35364087,-115.89167490000001,16079.0,1668.9954975935416,8.372093023255816,197,215,18,0,197,215,12796,0,0,0,0,0
2020-09-27,US,Idaho,Teton,168,0,0,43.75303583,-111.2056773,16081.0,1383.6270795585572,0.0,168,165,0,0,165,162,11640,3,0,0,3,3
2020-09-27,US,Idaho,Twin Falls,2224,37,0,42.35440512,-114.6685381,16083.0,2559.911600174958,1.6636690647482015,2187,2225,37,0,2188,2196,86081,-1,0,0,-1,29
2020-09-27,US,Idaho,Valley,93,1,0,44.76728382,-115.5676773,16085.0,816.3623595505617,1.075268817204301,92,91,1,0,90,91,11041,2,0,0,2,0
2020-09-27,US,Idaho,Washington,361,6,0,44.45275475,-116.78476880000001,16087.0,3541.2988032175786,1.6620498614958448,355,359,6,0,353,356,10161,2,0,0,2,3
2020-09-27,US,Illinois,Adams,1123,10,0,39.98815591,-91.18786813,17001.0,1716.2069229005883,0.8904719501335708,1113,1112,10,0,1102,1082,65691,11,0,0,11,30
2020-09-27,US,Illinois,Alexander,81,1,0,37.18049267,-89.32910838,17003.0,1406.0059017531678,1.2345679012345678,80,80,1,0,79,76,6060,1,0,0,1,4
2020-09-27,US,Illinois,Bond,328,5,0,38.88829622,-89.43534887,17005.0,1996.834287105808,1.5243902439024388,323,322,5,0,317,313,16630,6,0,0,6,9
2020-09-27,US,Illinois,Boone,1125,23,0,42.32359279,-88.82345779,17007.0,2101.0757507844014,2.0444444444444443,1102,1113,23,0,1090,1095,53577,12,0,0,12,18
2020-09-27,US,Illinois,Brown,61,0,0,39.96209138,-90.75068024,17009.0,927.3335360291884,0.0,61,59,0,0,59,56,6556,2,0,0,2,3
2020-09-27,US,Illinois,Bureau,641,11,0,41.40385234,-89.5283051,17011.0,1964.5703077111684,1.71606864274571,630,637,11,0,626,625,32993,4,0,0,4,12
2020-09-27,US,Illinois,Calhoun,60,0,0,39.16840183,-90.66330078,17013.0,1266.089892382359,0.0,60,59,0,0,59,58,4802,1,0,0,1,1
2020-09-27,US,Illinois,Carroll,230,5,0,42.06823429,-89.93395545,17015.0,1607.8294302691368,2.1739130434782608,225,227,4,0,223,228,14312,3,1,0,2,-1
2020-09-27,US,Illinois,Cass,398,11,0,39.96991073,-90.24734436,17017.0,3276.529184160698,2.7638190954773867,387,395,11,0,384,393,12260,3,0,0,3,2
2020-09-27,US,Illinois,Champaign,4703,20,0,40.13919438,-88.20046615,17019.0,2242.8453566949147,0.425260472039124,4683,4645,20,0,4625,4583,209983,58,0,0,58,62
2020-09-27,US,Illinois,Christian,539,11,0,39.54581621,-89.27780482,17021.0,1668.5240217929666,2.0408163265306123,528,537,11,0,526,521,32661,2,0,0,2,16
2020-09-27,US,Illinois,Clark,173,2,0,39.33425789,-87.78705622,17023.0,1120.393756881031,1.1560693641618498,171,172,2,0,170,158,15596,1,0,0,1,14
2020-09-27,US,Illinois,Clay,154,0,0,38.75388572,-88.48914513,17025.0,1168.0825242718447,0.0,154,151,0,0,151,149,13253,3,0,0,3,2
2020-09-27,US,Illinois,Clinton,1169,20,0,38.60704876,-89.42385254,17027.0,3112.1878494222883,1.710863986313088,1149,1153,20,0,1133,1129,37639,16,0,0,16,24
2020-09-27,US,Illinois,Coles,1464,30,0,39.51949084,-88.22358557,17029.0,2892.080361905138,2.0491803278688523,1434,1450,30,0,1420,1437,50885,14,0,0,14,13
2020-09-27,US,Illinois,Cook,143634,5210,0,41.84144849,-87.81658794,17031.0,2788.8835320654425,3.627274879206873,138424,143084,5203,0,137881,142215,5180493,550,7,0,543,869
2020-09-27,US,Illinois,Crawford,450,3,0,39.0032229,-87.75954624,17033.0,2410.671238013607,0.6666666666666666,447,440,3,0,437,429,18807,10,0,0,10,11
2020-09-27,US,Illinois,Cumberland,217,5,0,39.27432424,-88.2401158,17035.0,2015.6046814044214,2.3041474654377883,212,215,5,0,210,211,10808,2,0,0,2,4
2020-09-27,US,Illinois,De Witt,122,1,0,40.17514519,-88.90959682,17039.0,780.1509144391865,0.819672131147541,121,116,1,0,115,112,15769,6,0,0,6,4
2020-09-27,US,Illinois,DeKalb,1579,38,0,41.89373302,-88.76958483,17037.0,1505.286137830443,2.4065864471184293,1541,1567,38,0,1529,1551,104143,12,0,0,12,16
2020-09-27,US,Illinois,Douglas,312,7,0,39.76768052,-88.21854195,17041.0,1602.8769586437195,2.243589743589744,305,308,7,0,301,303,19479,4,0,0,4,5
2020-09-27,US,Illinois,DuPage,17471,561,0,41.85116968,-88.08642662,17043.0,1893.0114278470205,3.211035430141377,16910,17393,560,0,16833,17253,928589,78,1,0,77,140
2020-09-27,US,Illinois,Edgar,113,8,0,39.6809186,-87.74759563,17045.0,658.4697861429987,7.079646017699115,105,113,8,0,105,113,17360,0,0,0,0,0
2020-09-27,US,Illinois,Edwards,63,0,0,38.41353228,-88.05720863,17047.0,985.1446442533228,0.0,63,63,0,0,63,64,6392,0,0,0,0,-1
2020-09-27,US,Illinois,Effingham,870,2,0,39.05935711,-88.58969584,17049.0,2558.2215949188426,0.2298850574712644,868,865,3,0,862,858,34208,5,-1,0,6,7
2020-09-27,US,Illinois,Fayette,418,3,0,39.00072038,-89.02452658,17051.0,1959.1301087364081,0.7177033492822966,415,406,3,0,403,402,21416,12,0,0,12,4
2020-09-27,US,Illinois,Ford,106,5,0,40.59706922,-88.22350769,17053.0,817.8381297739372,4.716981132075472,101,104,5,0,99,100,13264,2,0,0,2,4
2020-09-27,US,Illinois,Franklin,539,3,0,37.99189086,-88.92567818,17055.0,1401.1281811328602,0.5565862708719852,536,530,3,0,527,520,38701,9,0,0,9,10
2020-09-27,US,Illinois,Fulton,176,0,0,40.47289135,-90.20862357,17057.0,512.5218404193361,0.0,176,174,0,0,174,162,34844,2,0,0,2,12
2020-09-27,US,Illinois,Gallatin,73,2,0,37.76430935,-88.22953869,17059.0,1512.0132560066281,2.7397260273972597,71,72,2,0,70,71,5058,1,0,0,1,1
2020-09-27,US,Illinois,Greene,227,11,0,39.35907414,-90.388865,17061.0,1750.3277045261773,4.845814977973569,216,226,11,0,215,219,13044,1,0,0,1,7
2020-09-27,US,Illinois,Grundy,669,5,0,41.28569601,-88.41905692,17063.0,1310.3772476201668,0.7473841554559043,664,667,5,0,662,659,50972,2,0,0,2,8
2020-09-27,US,Illinois,Hamilton,68,2,0,38.08163641,-88.53883373,17065.0,837.8511582060128,2.9411764705882355,66,68,1,0,67,68,8163,0,1,0,-1,0
2020-09-27,US,Illinois,Hancock,217,3,0,40.40423981,-91.16313899,17067.0,1225.4348317144793,1.3824884792626728,214,215,3,0,212,206,17844,2,0,0,2,9
2020-09-27,US,Illinois,Hardin,40,0,0,37.51810645,-88.26873022,17069.0,1046.8463752944256,0.0,40,39,0,0,39,39,3910,1,0,0,1,0
2020-09-27,US,Illinois,Henderson,66,0,0,40.81908672,-90.92491462,17071.0,993.0785434848027,0.0,66,66,0,0,66,66,6709,0,0,0,0,0
2020-09-27,US,Illinois,Henry,666,5,0,41.3533994,-90.13296166,17073.0,1361.601210312187,0.7507507507507507,661,664,5,0,659,656,49090,2,0,0,2,8
2020-09-27,US,Illinois,Iroquois,365,19,0,40.74717633,-87.82466784,17075.0,1346.1680312753556,5.205479452054795,346,364,19,0,345,361,27604,1,0,0,1,3
2020-09-27,US,Illinois,Jackson,1261,24,0,37.78595185,-89.38232563,17077.0,2222.0264317180613,1.9032513877874704,1237,1259,24,0,1235,1257,57419,2,0,0,2,2
2020-09-27,US,Illinois,Jasper,211,9,0,39.01054275,-88.15437049,17079.0,2195.629552549428,4.265402843601897,202,211,9,0,202,206,9611,0,0,0,0,5
2020-09-27,US,Illinois,Jefferson,611,38,0,38.29980057,-88.9240025,17081.0,1621.3777730601846,6.2193126022913265,573,600,38,0,562,587,37820,11,0,0,11,13
2020-09-27,US,Illinois,Jersey,392,15,0,39.08869046,-90.35393073,17083.0,1800.3949846139715,3.826530612244898,377,390,15,0,375,389,21847,2,0,0,2,1
2020-09-27,US,Illinois,Jo Daviess,263,2,0,42.36542373,-90.21094405,17085.0,1238.5213091594067,0.7604562737642585,261,259,2,0,257,257,21366,4,0,0,4,2
2020-09-27,US,Illinois,Johnson,156,0,0,37.45939802,-88.88165419,17087.0,1256.3421116211646,0.0,156,153,0,0,153,153,12456,3,0,0,3,0
2020-09-27,US,Illinois,Kane,13092,326,0,41.93842729,-88.42861412,17089.0,2459.039487005145,2.4900702719217844,12766,13065,326,0,12739,12974,534216,27,0,0,27,91
2020-09-27,US,Illinois,Kankakee,2741,77,0,41.13746989,-87.86205334,17091.0,2494.948207751543,2.8091937249179133,2664,2731,77,0,2654,2709,110024,10,0,0,10,22
2020-09-27,US,Illinois,Kendall,2009,25,0,41.59081014,-88.42869583,17093.0,1557.4850763625088,1.244400199104032,1984,1997,25,0,1972,1975,127915,12,0,0,12,22
2020-09-27,US,Illinois,Knox,670,3,0,40.93148779,-90.21330340000002,17095.0,1348.1156562506287,0.4477611940298508,667,648,3,0,645,640,50112,22,0,0,22,8
2020-09-27,US,Illinois,LaSalle,1712,57,0,41.34426129999999,-88.88633881,17099.0,1575.426294527418,3.3294392523364484,1655,1701,57,0,1644,1682,109430,11,0,0,11,19
2020-09-27,US,Illinois,Lake,16892,487,0,42.3224907,-88.00367925,17097.0,2425.147336458325,2.8830215486620885,16405,16794,487,0,16307,16733,700832,98,0,0,98,61
2020-09-27,US,Illinois,Lawrence,256,2,0,38.71987914,-87.72884035,17101.0,1632.8613343538714,0.78125,254,254,2,0,252,252,15765,2,0,0,2,2
2020-09-27,US,Illinois,Lee,371,1,0,41.74583951,-89.29977132,17103.0,1088.1041764429842,0.2695417789757412,370,368,1,0,367,360,34223,3,0,0,3,8
2020-09-27,US,Illinois,Livingston,395,6,0,40.89188292,-88.55784752,17105.0,1108.056552962298,1.5189873417721518,389,388,6,0,382,371,35761,7,0,0,7,17
2020-09-27,US,Illinois,Logan,464,1,0,40.12581572,-89.36638784,17107.0,1621.3571877839124,0.21551724137931036,463,461,1,0,460,459,28925,3,0,0,3,2
2020-09-27,US,Illinois,Macon,1544,44,0,39.86064913,-88.96342505,17115.0,1484.4869194012051,2.8497409326424865,1500,1503,44,0,1459,1487,104712,41,0,0,41,16
2020-09-27,US,Illinois,Macoupin,544,7,0,39.26119767,-89.92424028,17117.0,1210.880113965187,1.286764705882353,537,540,7,0,533,535,45313,4,0,0,4,5
2020-09-27,US,Illinois,Madison,5698,136,0,38.83042506,-89.90422563,17119.0,2166.820045176943,2.3868023868023864,5562,5666,136,0,5530,5565,264461,32,0,0,32,101
2020-09-27,US,Illinois,Marion,554,0,0,38.64963204,-88.91899208,17121.0,1489.047171079156,0.0,554,548,0,0,548,532,37620,6,0,0,6,16
2020-09-27,US,Illinois,Marshall,104,0,0,41.0327901,-89.34510444,17123.0,909.249868858192,0.0,104,101,0,0,101,101,11534,3,0,0,3,0
2020-09-27,US,Illinois,Mason,147,1,0,40.23917274,-89.91824452,17125.0,1100.3817651021784,0.6802721088435374,146,145,1,0,144,140,13565,2,0,0,2,5
2020-09-27,US,Illinois,Massac,112,2,0,37.22078441,-88.71036614,17127.0,813.2442637234967,1.7857142857142858,110,109,2,0,107,107,14080,3,0,0,3,2
2020-09-27,US,Illinois,McDonough,480,15,0,40.45674722,-90.67775541,17109.0,1617.1417020416413,3.125,465,480,15,0,465,475,29955,0,0,0,0,5
2020-09-27,US,Illinois,McHenry,4581,118,0,42.32451172,-88.45248227,17111.0,1488.4298218822908,2.575856799825366,4463,4567,118,0,4449,4536,308570,14,0,0,14,31
2020-09-27,US,Illinois,McLean,3279,23,0,40.48996987,-88.84621113,17113.0,1911.763848481492,0.7014333638304361,3256,3260,23,0,3237,3245,172828,19,0,0,19,15
2020-09-27,US,Illinois,Menard,125,1,0,40.02742725,-89.80246001,17129.0,1024.9262053132177,0.8,124,125,1,0,124,124,12288,0,0,0,0,1
2020-09-27,US,Illinois,Mercer,139,5,0,41.20596782,-90.74290052,17131.0,900.4340221545638,3.5971223021582728,134,137,5,0,132,137,15601,2,0,0,2,0
2020-09-27,US,Illinois,Monroe,674,16,0,38.27594376,-90.17761038,17133.0,1945.896007159973,2.373887240356083,658,673,15,0,658,652,34335,1,1,0,0,21
2020-09-27,US,Illinois,Montgomery,372,13,0,39.23198845,-89.47809254,17135.0,1309.2137678609135,3.4946236559139785,359,371,13,0,358,362,28601,1,0,0,1,9
2020-09-27,US,Illinois,Morgan,661,23,0,39.71654544,-90.20255104,17137.0,1963.8718878127038,3.4795763993948565,638,655,23,0,632,647,33976,6,0,0,6,8
2020-09-27,US,Illinois,Moultrie,214,3,0,39.64187451,-88.62099969,17139.0,1475.7602923936279,1.4018691588785046,211,214,3,0,211,213,14717,0,0,0,0,1
2020-09-27,US,Illinois,Ogle,710,6,0,42.04165196,-89.32184679,17141.0,1401.9706573465235,0.8450704225352113,704,695,6,0,689,674,50923,15,0,0,15,21
2020-09-27,US,Illinois,Out of IL,2,0,0,0.0,0.0,80017.0,0.0,0.0,2,3,0,0,3,4,,-1,0,0,-1,-1
2020-09-27,US,Illinois,Peoria,3494,50,0,40.78702156,-89.76078901,17143.0,1950.0053019606091,1.4310246136233544,3444,3459,49,0,3410,3413,180621,35,1,0,34,46
2020-09-27,US,Illinois,Perry,350,15,0,38.08510853,-89.36856219,17145.0,1673.360107095047,4.285714285714286,335,347,15,0,332,345,21174,3,0,0,3,2
2020-09-27,US,Illinois,Piatt,140,0,0,40.01360584,-88.59319339,17147.0,856.5834557023984,0.0,140,137,0,0,137,137,16396,3,0,0,3,0
2020-09-27,US,Illinois,Pike,128,1,0,39.62265059,-90.8877017,17149.0,822.5692436218753,0.78125,127,127,1,0,126,123,15611,1,0,0,1,4
2020-09-27,US,Illinois,Pope,29,1,0,37.41391284,-88.56152109,17151.0,694.2781900885803,3.4482758620689653,28,29,1,0,28,27,4212,0,0,0,0,2
2020-09-27,US,Illinois,Pulaski,180,1,0,37.22631423,-89.13085001,17153.0,3373.9456419868793,0.5555555555555556,179,174,1,0,173,173,5463,6,0,0,6,1
2020-09-27,US,Illinois,Putnam,57,0,0,41.2013541,-89.2869272,17155.0,993.2043910088864,0.0,57,57,0,0,57,57,5740,0,0,0,0,0
2020-09-27,US,Illinois,Randolph,939,11,0,38.05095369,-89.82512254,17157.0,2954.5025486124223,1.1714589989350372,928,937,11,0,926,933,32106,2,0,0,2,4
2020-09-27,US,Illinois,Richland,209,5,0,38.71240969,-88.08475366,17159.0,1347.2571391735964,2.392344497607656,204,205,5,0,200,204,15763,4,0,0,4,1
2020-09-27,US,Illinois,Rock Island,2995,76,0,41.46613806,-90.57042164,17161.0,2110.953699983789,2.537562604340568,2919,2971,76,0,2895,2935,143477,24,0,0,24,36
2020-09-27,US,Illinois,Saline,340,4,0,37.75332999,-88.54119706,17165.0,1447.3628198033289,1.1764705882352942,336,334,4,0,330,319,23906,6,0,0,6,15
2020-09-27,US,Illinois,Sangamon,2411,45,0,39.75836914,-89.65872023,17167.0,1238.4934659324401,1.8664454583160517,2366,2401,45,0,2356,2367,195348,10,0,0,10,34
2020-09-27,US,Illinois,Schuyler,50,0,0,40.157179799999994,-90.61114163,17169.0,738.7706855791963,0.0,50,49,0,0,49,49,6907,1,0,0,1,0
2020-09-27,US,Illinois,Scott,78,0,0,39.642916899999996,-90.47814431,17171.0,1575.4393051908703,0.0,78,78,0,0,78,77,4926,0,0,0,0,1
2020-09-27,US,Illinois,Shelby,390,4,0,39.39133527,-88.80611122,17173.0,1802.7179439770728,1.0256410256410255,386,385,4,0,381,372,21741,5,0,0,5,13
2020-09-27,US,Illinois,St. Clair,6607,190,0,38.46996033,-89.93063427,17163.0,2544.226488913534,2.875737853791433,6417,6574,190,0,6384,6487,261059,33,0,0,33,87
2020-09-27,US,Illinois,Stark,55,2,0,41.09309773,-89.79745866,17175.0,1029.5769374766003,3.636363636363636,53,55,2,0,53,55,5427,0,0,0,0,0
2020-09-27,US,Illinois,Stephenson,523,6,0,42.35129217,-89.662598,17177.0,1175.3337228639489,1.147227533460803,517,517,6,0,511,510,44753,6,0,0,6,7
2020-09-27,US,Illinois,Tazewell,1774,25,0,40.50716185,-89.51404662,17179.0,1345.9481195420435,1.4092446448703495,1749,1749,23,0,1726,1698,132328,25,2,0,23,51
2020-09-27,US,Illinois,Unassigned,2537,244,0,0.0,0.0,90017.0,0.0,9.617658651951123,2293,2538,244,0,2294,2538,,-1,0,0,-1,0
2020-09-27,US,Illinois,Union,515,24,0,37.47119609,-89.25548938,17181.0,3092.5358794211247,4.660194174757281,491,514,24,0,490,514,16841,1,0,0,1,0
2020-09-27,US,Illinois,Vermilion,770,4,0,40.18417171,-87.73384359,17183.0,1016.394308191874,0.5194805194805194,766,745,4,0,741,718,76806,25,0,0,25,27
2020-09-27,US,Illinois,Wabash,154,3,0,38.44272901,-87.84922065,17185.0,1336.8055555555557,1.9480519480519483,151,151,3,0,148,150,11549,3,0,0,3,1
2020-09-27,US,Illinois,Warren,332,2,0,40.84925021,-90.6147432,17187.0,1971.0282593208265,0.6024096385542169,330,330,2,0,328,327,17032,2,0,0,2,3
2020-09-27,US,Illinois,Washington,211,1,0,38.35309213,-89.40982703,17189.0,1519.4066393029452,0.4739336492890995,210,210,1,0,209,204,13995,1,0,0,1,6
2020-09-27,US,Illinois,Wayne,280,5,0,38.42955355,-88.42586459,17191.0,1726.796176379895,1.7857142857142858,275,278,5,0,273,269,16332,2,0,0,2,9
2020-09-27,US,Illinois,White,168,0,0,38.08706198,-88.17657461,17193.0,1241.0430671492945,0.0,168,167,0,0,167,167,13665,1,0,0,1,0
2020-09-27,US,Illinois,Whiteside,743,20,0,41.75509713,-89.91556058,17195.0,1346.6243769823288,2.6917900403768504,723,738,20,0,718,726,55626,5,0,0,5,12
2020-09-27,US,Illinois,Will,13984,378,0,41.44619267,-87.97862712,17197.0,2024.4866759417034,2.7030892448512587,13606,13917,378,0,13539,13803,692310,67,0,0,67,114
2020-09-27,US,Illinois,Williamson,1401,45,0,37.73033511,-88.92994027,17199.0,2103.6983647912066,3.2119914346895078,1356,1390,45,0,1345,1383,67056,11,0,0,11,7
2020-09-27,US,Illinois,Winnebago,5959,149,0,42.33641854,-89.16085327,17201.0,2108.843055929108,2.500419533478772,5810,5848,149,0,5699,5750,284081,111,0,0,111,98
2020-09-27,US,Illinois,Woodford,424,6,0,40.78579374,-89.20973757,17203.0,1102.4727632023714,1.4150943396226414,418,420,6,0,414,421,38463,4,0,0,4,-1
2020-09-27,US,Indiana,Adams,274,3,0,40.7457653,-84.93671406,18001.0,765.8551583419516,1.094890510948905,271,266,3,0,263,261,35636,8,0,0,8,5
2020-09-27,US,Indiana,Allen,6292,203,0,41.09194313,-85.06800636,18003.0,1658.84961468393,3.2263191354100447,6089,6244,203,0,6041,6178,375351,48,0,0,48,66
2020-09-27,US,Indiana,Bartholomew,1179,57,0,39.20744865,-85.89558181,18005.0,1407.2738991871472,4.8346055979643765,1122,1170,57,0,1113,1164,82753,9,0,0,9,6
2020-09-27,US,Indiana,Benton,87,0,0,40.60626947,-87.31093999,18007.0,994.5130315500688,0.0,87,87,0,0,87,88,8653,0,0,0,0,-1
2020-09-27,US,Indiana,Blackford,120,3,0,40.47388153,-85.32499702,18009.0,1020.5817315870047,2.5,117,119,3,0,116,119,11930,1,0,0,1,0
2020-09-27,US,Indiana,Boone,986,46,0,40.0509304,-86.46841646,18011.0,1453.355541470749,4.665314401622718,940,981,46,0,935,968,66999,5,0,0,5,13
2020-09-27,US,Indiana,Brown,104,3,0,39.19605589,-86.22868909,18013.0,689.1068115557913,2.8846153846153846,101,104,3,0,101,104,15234,0,0,0,0,0
2020-09-27,US,Indiana,Carroll,277,13,0,40.580783200000006,-86.56198812,18015.0,1367.4285432196275,4.693140794223827,264,275,13,0,262,274,20127,2,0,0,2,1
2020-09-27,US,Indiana,Cass,1954,9,0,40.76135835,-86.34830753,18017.0,5184.536602191621,0.4605936540429888,1945,1950,9,0,1941,1941,37955,4,0,0,4,9
2020-09-27,US,Indiana,Clark,2236,57,0,38.48015445,-85.70510334,18019.0,1890.0779361295668,2.5491949910554563,2179,2227,57,0,2170,2214,117360,9,0,0,9,13
2020-09-27,US,Indiana,Clay,302,5,0,39.39561833,-87.11723506,18021.0,1151.5729265967586,1.6556291390728477,297,301,5,0,296,300,26170,1,0,0,1,1
2020-09-27,US,Indiana,Clinton,609,14,0,40.30319754,-86.47277257,18023.0,1879.6876446803915,2.2988505747126435,595,602,14,0,588,599,32250,7,0,0,7,3
2020-09-27,US,Indiana,Crawford,108,0,0,38.28814402,-86.44518825,18025.0,1021.0834830292143,0.0,108,107,0,0,107,105,10558,1,0,0,1,2
2020-09-27,US,Indiana,Daviess,677,28,0,38.70186039,-87.07185406,18027.0,2029.924140205691,4.13589364844904,649,672,28,0,644,663,33147,5,0,0,5,9
2020-09-27,US,Indiana,DeKalb,487,11,0,41.39804622,-84.99906934,18033.0,1120.184013801035,2.2587268993839835,476,483,11,0,472,476,43226,4,0,0,4,7
2020-09-27,US,Indiana,Dearborn,665,28,0,39.14647946,-84.97333539,18029.0,1344.575195115047,4.2105263157894735,637,664,28,0,636,660,49568,1,0,0,1,4
2020-09-27,US,Indiana,Decatur,458,39,0,39.30712658,-85.50087166,18031.0,1724.4625174140592,8.515283842794759,419,458,39,0,419,458,26794,0,0,0,0,0
2020-09-27,US,Indiana,Delaware,1985,62,0,40.22787247,-85.39732772,18035.0,1739.1685284969553,3.123425692695214,1923,1960,62,0,1898,1942,114772,25,0,0,25,18
2020-09-27,US,Indiana,Dubois,991,19,0,38.36597551,-86.87924170000002,18037.0,2318.888056907525,1.917255297679112,972,979,19,0,960,969,42565,12,0,0,12,10
2020-09-27,US,Indiana,Elkhart,6667,111,0,41.59761169,-85.85875695,18039.0,3231.059265972347,1.6649167541622918,6556,6623,111,0,6512,6528,205560,44,0,0,44,95
2020-09-27,US,Indiana,Fayette,423,13,0,39.63684962,-85.17797541,18041.0,1831.010302138343,3.0732860520094563,410,422,13,0,409,421,23047,1,0,0,1,1
2020-09-27,US,Indiana,Floyd,1389,63,0,38.32117957,-85.90385377,18043.0,1768.9310002292352,4.535637149028077,1326,1370,63,0,1307,1358,77781,19,0,0,19,12
2020-09-27,US,Indiana,Fountain,128,2,0,40.12361933,-87.24217689,18045.0,783.0661935641748,1.5625,126,127,2,0,125,123,16351,1,0,0,1,4
2020-09-27,US,Indiana,Franklin,311,25,0,39.4142482,-85.06062647,18047.0,1366.5524211266368,8.038585209003216,286,309,25,0,284,307,22736,2,0,0,2,2
2020-09-27,US,Indiana,Fulton,241,2,0,41.0469907,-86.26252745,18049.0,1206.568539100831,0.8298755186721992,239,241,2,0,239,238,20092,0,0,0,0,3
2020-09-27,US,Indiana,Gibson,530,5,0,38.30393723,-87.58054938,18051.0,1574.616001663745,0.9433962264150944,525,522,5,0,517,511,33452,8,0,0,8,11
2020-09-27,US,Indiana,Grant,933,34,0,40.51587228,-85.65468702,18053.0,1418.6014687770835,3.6441586280814575,899,925,34,0,891,919,65936,8,0,0,8,6
2020-09-27,US,Indiana,Greene,427,35,0,39.03630547,-86.96223202,18055.0,1337.6354864983398,8.196721311475411,392,426,35,0,391,424,32006,1,0,0,1,2
2020-09-27,US,Indiana,Hamilton,4909,109,0,40.07306535,-86.05244729,18057.0,1452.3195990663025,2.2204114891016498,4800,4893,109,0,4784,4848,330086,16,0,0,16,45
2020-09-27,US,Indiana,Hancock,932,43,0,39.82304555,-85.77566351,18059.0,1192.3037560126907,4.613733905579398,889,930,43,0,887,921,76351,2,0,0,2,9
2020-09-27,US,Indiana,Harrison,587,24,0,38.19467379,-86.10948271,18061.0,1448.8461063803534,4.088586030664395,563,582,24,0,558,576,40350,5,0,0,5,6
2020-09-27,US,Indiana,Hendricks,2747,123,0,39.76719009,-86.51037283,18063.0,1612.931636829095,4.477611940298506,2624,2741,123,0,2618,2715,167009,6,0,0,6,26
2020-09-27,US,Indiana,Henry,809,26,0,39.93029017,-85.39625719,18065.0,1686.4004002334696,3.2138442521631645,783,803,26,0,777,798,48271,6,0,0,6,5
2020-09-27,US,Indiana,Howard,1318,63,0,40.48527731,-86.11351892,18067.0,1596.724171351037,4.779969650986343,1255,1313,63,0,1250,1305,82366,5,0,0,5,8
2020-09-27,US,Indiana,Huntington,245,3,0,40.82907273,-85.48822092,18069.0,670.8652792990143,1.2244897959183674,242,236,3,0,233,236,36240,9,0,0,9,0
2020-09-27,US,Indiana,Jackson,768,9,0,38.90915820000001,-86.03851889,18071.0,1736.3387669281726,1.171875,759,758,9,0,749,749,44111,10,0,0,10,9
2020-09-27,US,Indiana,Jasper,399,2,0,41.02078733,-87.11553319,18073.0,1188.8445265478815,0.5012531328320802,397,396,2,0,394,394,33370,3,0,0,3,2
2020-09-27,US,Indiana,Jay,188,0,0,40.43781032,-85.00576229,18075.0,919.945194754355,0.0,188,185,0,0,185,180,20764,3,0,0,3,5
2020-09-27,US,Indiana,Jefferson,248,3,0,38.78576239,-85.43633383,18077.0,767.6117370310759,1.2096774193548387,245,248,3,0,245,248,32208,0,0,0,0,0
2020-09-27,US,Indiana,Jennings,316,12,0,38.99588883,-85.62710784,18079.0,1139.3546060933838,3.79746835443038,304,314,12,0,302,313,27611,2,0,0,2,1
2020-09-27,US,Indiana,Johnson,2338,124,0,39.48994426,-86.10149107,18081.0,1478.1844506123275,5.303678357570573,2214,2328,124,0,2204,2305,156225,10,0,0,10,23
2020-09-27,US,Indiana,Knox,525,9,0,38.68861576,-87.4194665,18083.0,1434.6614199049027,1.7142857142857142,516,517,9,0,508,515,36895,8,0,0,8,2
2020-09-27,US,Indiana,Kosciusko,1248,17,0,41.24521668,-85.86312322,18085.0,1570.6806282722516,1.3621794871794872,1231,1218,17,0,1201,1216,79344,30,0,0,30,2
2020-09-27,US,Indiana,LaGrange,639,11,0,41.64232188,-85.42674232,18087.0,1613.0660877467562,1.7214397496087637,628,638,11,0,627,634,39330,1,0,0,1,4
2020-09-27,US,Indiana,LaPorte,1474,41,0,41.54366008,-86.74072188,18091.0,1341.365754222481,2.7815468113975577,1433,1444,40,0,1404,1423,110007,30,1,0,29,21
2020-09-27,US,Indiana,Lake,10618,323,0,41.41874274,-87.38277575,18089.0,2187.0552201576543,3.0420041439065737,10295,10566,323,0,10243,10493,484411,52,0,0,52,73
2020-09-27,US,Indiana,Lawrence,515,29,0,38.84112637,-86.48361629,18093.0,1135.1113070310778,5.631067961165049,486,512,29,0,483,511,45668,3,0,0,3,1
2020-09-27,US,Indiana,Madison,1689,75,0,40.16143691,-85.71964711,18095.0,1303.5525472914046,4.440497335701599,1614,1670,75,0,1595,1643,129641,19,0,0,19,27
2020-09-27,US,Indiana,Marion,21403,766,0,39.78163624,-86.13826325,18097.0,2218.888596303891,3.5789375321216648,20637,21322,766,0,20556,21196,954670,81,0,0,81,126
2020-09-27,US,Indiana,Marshall,1012,24,0,41.32467367,-86.26185087,18099.0,2187.7296899995677,2.3715415019762847,988,1007,24,0,983,1008,46248,5,0,0,5,-1
2020-09-27,US,Indiana,Martin,168,0,0,38.7099921,-86.80373186,18101.0,1638.2252559726962,0.0,168,166,0,0,166,164,10217,2,0,0,2,2
2020-09-27,US,Indiana,Miami,438,3,0,40.76940965,-86.04525048,18103.0,1233.2469872733416,0.6849315068493149,435,436,3,0,433,435,35567,2,0,0,2,1
2020-09-27,US,Indiana,Monroe,2627,36,0,39.16130004,-86.52414358,18105.0,1769.845921674044,1.3703844689760185,2591,2598,36,0,2562,2560,146917,29,0,0,29,38
2020-09-27,US,Indiana,Montgomery,511,21,0,40.04034823,-86.89335024,18107.0,1332.8812144608482,4.109589041095891,490,511,21,0,490,508,38346,0,0,0,0,3
2020-09-27,US,Indiana,Morgan,729,38,0,39.47899078,-86.44573375,18109.0,1034.203918341869,5.212620027434842,691,724,38,0,686,716,70116,5,0,0,5,8
2020-09-27,US,Indiana,Newton,173,11,0,40.95610449,-87.39635768,18111.0,1237.1281464530894,6.3583815028901745,162,173,11,0,162,173,14011,0,0,0,0,0
2020-09-27,US,Indiana,Noble,925,32,0,41.39672484,-85.41966713,18113.0,1937.416219839142,3.45945945945946,893,915,32,0,883,908,47532,10,0,0,10,7
2020-09-27,US,Indiana,Ohio,79,7,0,38.955304999999996,-84.96515993,18115.0,1344.6808510638298,8.860759493670884,72,78,7,0,71,78,5844,1,0,0,1,0
2020-09-27,US,Indiana,Orange,288,24,0,38.54118920000001,-86.49523093,18117.0,1465.9472666191587,8.333333333333334,264,288,24,0,264,288,19489,0,0,0,0,0
2020-09-27,US,Indiana,Owen,171,1,0,39.31145587,-86.83900724,18119.0,822.1549112938122,0.5847953216374269,170,169,1,0,168,168,20845,2,0,0,2,1
2020-09-27,US,Indiana,Parke,103,2,0,39.77202286,-87.20375833,18121.0,608.1360335360454,1.9417475728155342,101,100,2,0,98,96,16927,3,0,0,3,4
2020-09-27,US,Indiana,Perry,221,13,0,38.07809328,-86.63741946,18123.0,1152.9031248369765,5.882352941176472,208,219,13,0,206,221,19102,2,0,0,2,-2
2020-09-27,US,Indiana,Pike,162,1,0,38.40112197,-87.23574907,18125.0,1307.6115909274354,0.6172839506172839,161,151,1,0,150,147,12410,11,0,0,11,4
2020-09-27,US,Indiana,Porter,2176,47,0,41.45986947,-87.06848888,18127.0,1277.0777456291196,2.1599264705882355,2129,2154,47,0,2107,2136,169594,22,0,0,22,18
2020-09-27,US,Indiana,Posey,340,0,0,38.02097333,-87.86480429,18129.0,1337.1612852479648,0.0,340,335,0,0,335,324,25540,5,0,0,5,11
2020-09-27,US,Indiana,Pulaski,113,1,0,41.04166107,-86.69890683,18131.0,914.7575487735772,0.8849557522123894,112,113,1,0,112,113,12469,0,0,0,0,0
2020-09-27,US,Indiana,Putnam,581,12,0,39.66437981,-86.84517605,18133.0,1546.1997019374066,2.0654044750430294,569,579,12,0,567,564,37779,2,0,0,2,15
2020-09-27,US,Indiana,Randolph,220,7,0,40.15734772,-85.01139319,18135.0,891.9521589296575,3.1818181818181817,213,216,7,0,209,216,24851,4,0,0,4,0
2020-09-27,US,Indiana,Ripley,303,8,0,39.10235626,-85.26212744,18137.0,1069.7641576048582,2.64026402640264,295,298,8,0,290,296,28523,5,0,0,5,2
2020-09-27,US,Indiana,Rush,157,4,0,39.62002287,-85.4655599,18139.0,946.8668958446416,2.5477707006369426,153,155,4,0,151,155,16663,2,0,0,2,0
2020-09-27,US,Indiana,Scott,381,11,0,38.68672078,-85.74627859,18143.0,1595.9452100699536,2.8871391076115485,370,377,11,0,366,373,23878,4,0,0,4,4
2020-09-27,US,Indiana,Shelby,677,29,0,39.52305623,-85.79158570000001,18145.0,1513.5594357128484,4.283604135893649,648,674,29,0,645,672,44593,3,0,0,3,2
2020-09-27,US,Indiana,Spencer,259,3,0,38.01519732,-87.0079644,18147.0,1277.3092666568032,1.1583011583011582,256,246,3,0,243,241,20327,13,0,0,13,5
2020-09-27,US,Indiana,St. Joseph,6576,110,0,41.61756781,-86.29040834,18141.0,2419.194631860087,1.6727493917274938,6466,6488,109,0,6379,6392,270771,88,1,0,87,96
2020-09-27,US,Indiana,Starke,267,7,0,41.27890281,-86.64686895,18149.0,1161.1219830397913,2.621722846441948,260,264,7,0,257,263,22935,3,0,0,3,1
2020-09-27,US,Indiana,Steuben,387,7,0,41.64423868,-85.00101094,18151.0,1118.6911025033244,1.8087855297157625,380,385,7,0,378,380,34586,2,0,0,2,5
2020-09-27,US,Indiana,Sullivan,338,12,0,39.08952258,-87.41414469,18153.0,1635.2992404083413,3.5502958579881656,326,337,12,0,325,337,20690,1,0,0,1,0
2020-09-27,US,Indiana,Switzerland,69,0,0,38.82767338,-85.03022429,18155.0,641.800762719747,0.0,69,69,0,0,69,69,10717,0,0,0,0,0
2020-09-27,US,Indiana,Tippecanoe,2523,13,0,40.38872739,-86.89413959,18157.0,1289.0074183066642,0.5152596115735236,2510,2483,13,0,2470,2391,193048,40,0,0,40,92
2020-09-27,US,Indiana,Tipton,228,22,0,40.31123252,-86.05234925,18159.0,1505.1491946131507,9.649122807017543,206,227,22,0,205,226,15128,1,0,0,1,1
2020-09-27,US,Indiana,Unassigned,0,226,0,0.0,0.0,90018.0,0.0,0.0,-226,0,226,0,-226,0,,0,0,0,0,0
2020-09-27,US,Indiana,Union,79,0,0,39.62550777,-84.92497066,18161.0,1119.9319535015593,0.0,79,79,0,0,79,78,7037,0,0,0,0,1
2020-09-27,US,Indiana,Vanderburgh,3719,31,0,38.02658833,-87.58763124,18163.0,2049.5891452788906,0.8335574079053509,3688,3652,31,0,3621,3609,180974,67,0,0,67,43
2020-09-27,US,Indiana,Vermillion,130,0,0,39.8523352,-87.46160542,18165.0,838.8179119886438,0.0,130,130,0,0,130,128,15479,0,0,0,0,2
2020-09-27,US,Indiana,Vigo,1843,27,0,39.42944561,-87.39169027,18167.0,1721.8184196266745,1.4650027129679868,1816,1835,27,0,1808,1825,107386,8,0,0,8,10
2020-09-27,US,Indiana,Wabash,271,8,0,40.84704239,-85.79328272,18169.0,874.3063621112401,2.9520295202952034,263,268,8,0,260,264,31280,3,0,0,3,4
2020-09-27,US,Indiana,Warren,40,1,0,40.34728141,-87.35602659,18171.0,483.96854204476716,2.5,39,40,1,0,39,39,8263,0,0,0,0,1
2020-09-27,US,Indiana,Warrick,1344,40,0,38.08922676,-87.2716085,18173.0,2133.4010603511224,2.9761904761904763,1304,1330,39,0,1291,1280,62567,14,1,0,13,50
2020-09-27,US,Indiana,Washington,269,1,0,38.60219804,-86.1049363,18175.0,959.4806677129403,0.3717472118959108,268,266,1,0,265,265,27943,3,0,0,3,1
2020-09-27,US,Indiana,Wayne,768,14,0,39.863344399999995,-85.01044989,18177.0,1165.6851435856959,1.8229166666666667,754,761,14,0,747,754,65936,7,0,0,7,7
2020-09-27,US,Indiana,Wells,265,4,0,40.72934187,-85.22132966,18179.0,936.5281311846196,1.509433962264151,261,263,4,0,259,261,28206,2,0,0,2,2
2020-09-27,US,Indiana,White,486,14,0,40.74911165,-86.86492015,18181.0,2016.430171769977,2.8806584362139915,472,486,14,0,472,485,24133,0,0,0,0,1
2020-09-27,US,Indiana,Whitley,279,6,0,41.13863784,-85.50791236,18183.0,821.4580143681544,2.150537634408602,273,276,6,0,270,270,34074,3,0,0,3,6
2020-09-27,US,Iowa,Adair,72,1,0,41.33075609,-94.47105874,19001.0,1006.7114093959732,1.3888888888888888,71,72,1,0,71,71,7063,0,0,0,0,1
2020-09-27,US,Iowa,Adams,33,0,0,41.02903567,-94.69932645,19003.0,916.1576901721266,0.0,33,33,0,0,33,33,3645,0,0,0,0,0
2020-09-27,US,Iowa,Allamakee,264,6,0,43.28383218,-91.37860922,19005.0,1928.8375831080589,2.272727272727273,258,261,6,0,255,259,13832,3,0,0,3,2
2020-09-27,US,Iowa,Appanoose,139,3,0,40.74324454,-92.86865906,19007.0,1118.622243682601,2.1582733812949644,136,136,3,0,133,136,12437,3,0,0,3,0
2020-09-27,US,Iowa,Audubon,82,1,0,41.6844628,-94.90581859,19009.0,1491.9941775836971,1.2195121951219512,81,82,1,0,81,82,5506,0,0,0,0,0
2020-09-27,US,Iowa,Benton,324,1,0,42.08011739,-92.06463573,19011.0,1263.4041723532853,0.308641975308642,323,310,1,0,309,309,25642,14,0,0,14,1
2020-09-27,US,Iowa,Black Hawk,4500,90,0,42.4704581,-92.30524729,19013.0,3429.146218794769,2.0,4410,4489,90,0,4399,4472,132408,11,0,0,11,17
2020-09-27,US,Iowa,Boone,511,8,0,42.03657094,-93.9313999,19015.0,1947.8539300144848,1.5655577299412915,503,507,8,0,499,505,26346,4,0,0,4,2
2020-09-27,US,Iowa,Bremer,495,7,0,42.77461496,-92.31795937,19017.0,1975.101747665789,1.414141414141414,488,492,7,0,485,488,24947,3,0,0,3,4
2020-09-27,US,Iowa,Buchanan,285,1,0,42.4709188,-91.83510825,19019.0,1345.9268004722549,0.3508771929824561,284,279,1,0,278,274,21199,6,0,0,6,5
2020-09-27,US,Iowa,Buena Vista,1992,12,0,42.73545875,-95.15100162,19021.0,10152.905198776758,0.6024096385542169,1980,1991,12,0,1979,1984,19874,1,0,0,1,7
2020-09-27,US,Iowa,Butler,271,2,0,42.73172833,-92.79015971,19023.0,1876.8612784818893,0.7380073800738007,269,270,2,0,268,270,14539,1,0,0,1,0
2020-09-27,US,Iowa,Calhoun,185,3,0,42.38521079,-94.64046046,19025.0,1913.5291683905664,1.6216216216216215,182,183,3,0,180,182,9699,2,0,0,2,1
2020-09-27,US,Iowa,Carroll,674,5,0,42.03617207,-94.86032705,19027.0,3342.4249938011408,0.7418397626112759,669,662,5,0,657,660,20154,12,0,0,12,2
2020-09-27,US,Iowa,Cass,169,2,0,41.33149454,-94.92792482,19029.0,1316.6095356808976,1.183431952662722,167,168,2,0,166,163,12930,1,0,0,1,5
2020-09-27,US,Iowa,Cedar,250,1,0,41.77233777,-91.13246684,19031.0,1342.1377570193804,0.4,249,246,1,0,245,241,18627,4,0,0,4,5
2020-09-27,US,Iowa,Cerro Gordo,1058,21,0,43.08177563,-93.2612239,19033.0,2492.3439340400478,1.9848771266540643,1037,1057,21,0,1036,1051,42647,1,0,0,1,6
2020-09-27,US,Iowa,Cherokee,251,2,0,42.73538914,-95.62389402,19035.0,2234.0898976413,0.796812749003984,249,249,2,0,247,246,11321,2,0,0,2,3
2020-09-27,US,Iowa,Chickasaw,257,0,0,43.06001295,-92.31773347,19037.0,2153.6914438950807,0.0,257,250,0,0,250,246,11964,7,0,0,7,4
2020-09-27,US,Iowa,Clarke,266,3,0,41.02868181,-93.78499767,19039.0,2831.2932410856843,1.1278195488721805,263,265,3,0,262,265,9423,1,0,0,1,0
2020-09-27,US,Iowa,Clay,328,4,0,43.08247182,-95.15096481,19041.0,2047.9520479520481,1.2195121951219512,324,326,4,0,322,319,16134,2,0,0,2,7
2020-09-27,US,Iowa,Clayton,261,3,0,42.84443388,-91.34133693,19043.0,1487.264231580147,1.1494252873563218,258,252,3,0,249,252,17556,9,0,0,9,0
2020-09-27,US,Iowa,Clinton,1124,21,0,41.89981633,-90.53275096,19045.0,2420.9007301471065,1.8683274021352316,1103,1121,21,0,1100,1112,46518,3,0,0,3,9
2020-09-27,US,Iowa,Crawford,1091,5,0,42.03718237,-95.3819718,19047.0,6486.325802615934,0.45829514207149397,1086,1088,5,0,1083,1077,17158,3,0,0,3,11
2020-09-27,US,Iowa,Dallas,2798,38,0,41.68560356,-94.04127625,19049.0,2994.01838357249,1.3581129378127237,2760,2785,38,0,2747,2771,90180,13,0,0,13,14
2020-09-27,US,Iowa,Davis,127,4,0,40.74773536,-92.41005468,19051.0,1411.111111111111,3.1496062992125986,123,124,4,0,120,124,9017,3,0,0,3,0
2020-09-27,US,Iowa,Decatur,67,0,0,40.73742757,-93.78645949,19053.0,851.3341804320203,0.0,67,67,0,0,67,67,7890,0,0,0,0,0
2020-09-27,US,Iowa,Delaware,410,3,0,42.47104597,-91.3664492,19055.0,2410.2051613661747,0.7317073170731707,407,402,3,0,399,397,17069,8,0,0,8,5
2020-09-27,US,Iowa,Des Moines,797,8,0,40.92012606,-91.18326592,19057.0,2045.3203993122384,1.0037641154328734,789,784,8,0,776,774,39138,13,0,0,13,10
2020-09-27,US,Iowa,Dickinson,528,6,0,43.37787725,-95.1510206,19059.0,3059.450689535288,1.1363636363636365,522,527,6,0,521,510,17153,1,0,0,1,17
2020-09-27,US,Iowa,Dubuque,3283,41,0,42.46815349,-90.88181925,19061.0,3373.719312307961,1.2488577520560462,3242,3257,41,0,3216,3173,96854,26,0,0,26,84
2020-09-27,US,Iowa,Emmet,265,10,0,43.37782951,-94.67858943,19063.0,2877.9322328410085,3.7735849056603774,255,265,10,0,255,261,9253,0,0,0,0,4
2020-09-27,US,Iowa,Fayette,227,2,0,42.86271799,-91.84412309999999,19065.0,1155.2162849872773,0.8810572687224669,225,222,2,0,220,217,19660,5,0,0,5,5
2020-09-27,US,Iowa,Floyd,352,3,0,43.06000529999999,-92.78940097,19067.0,2250.3516174402253,0.8522727272727273,349,349,3,0,346,342,15761,3,0,0,3,7
2020-09-27,US,Iowa,Franklin,350,18,0,42.73270384,-93.26256925,19069.0,3475.670307845085,5.142857142857143,332,348,18,0,330,347,10124,2,0,0,2,1
2020-09-27,US,Iowa,Fremont,122,0,0,40.74542720000001,-95.60129045,19071.0,1752.8735632183907,0.0,122,118,0,0,118,115,6993,4,0,0,4,3
2020-09-27,US,Iowa,Greene,101,0,0,42.03614551,-94.39658081,19073.0,1136.3636363636365,0.0,101,101,0,0,101,100,8981,0,0,0,0,1
2020-09-27,US,Iowa,Grundy,223,3,0,42.40183723,-92.78829551,19075.0,1823.0869849574883,1.345291479820628,220,220,3,0,217,219,12304,3,0,0,3,1
2020-09-27,US,Iowa,Guthrie,245,6,0,41.68378965,-94.50111014,19077.0,2292.0759659463,2.4489795918367347,239,245,6,0,239,244,10720,0,0,0,0,1
2020-09-27,US,Iowa,Hamilton,327,3,0,42.38382428,-93.70197703,19079.0,2213.4975969674406,0.9174311926605504,324,322,3,0,319,322,14952,5,0,0,5,0
2020-09-27,US,Iowa,Hancock,188,2,0,43.08178477,-93.73454884,19081.0,1768.5794920037629,1.0638297872340423,186,184,2,0,182,184,10712,4,0,0,4,0
2020-09-27,US,Iowa,Hardin,304,1,0,42.38353877,-93.23654611,19083.0,1804.582690252879,0.32894736842105265,303,299,1,0,298,299,16868,5,0,0,5,0
2020-09-27,US,Iowa,Harrison,241,3,0,41.68330137,-95.81558439,19085.0,1715.4245853797424,1.2448132780082988,238,222,3,0,219,214,14134,19,0,0,19,8
2020-09-27,US,Iowa,Henry,746,4,0,40.98767962,-91.54436349,19087.0,3738.598777187531,0.5361930294906166,742,743,4,0,739,730,20067,3,0,0,3,13
2020-09-27,US,Iowa,Howard,190,6,0,43.35671042,-92.31702714,19089.0,2074.688796680498,3.1578947368421053,184,188,6,0,182,187,9187,2,0,0,2,1
2020-09-27,US,Iowa,Humboldt,190,3,0,42.7764426,-94.20722537,19091.0,1987.8635697844736,1.5789473684210529,187,190,3,0,187,188,9547,0,0,0,0,2
2020-09-27,US,Iowa,Ida,122,1,0,42.38696136,-95.51355387,19093.0,1778.4256559766766,0.819672131147541,121,122,1,0,121,120,6841,0,0,0,0,2
2020-09-27,US,Iowa,Iowa,213,1,0,41.68630265,-92.0643373,19095.0,1316.1146811665844,0.4694835680751174,212,209,1,0,208,204,16141,4,0,0,4,5
2020-09-27,US,Iowa,Jackson,350,3,0,42.17178824,-90.57354837,19097.0,1800.5041411595246,0.8571428571428571,347,349,3,0,346,337,19432,1,0,0,1,12
2020-09-27,US,Iowa,Jasper,845,32,0,41.68576082,-93.05567785,19099.0,2272.4216754067497,3.78698224852071,813,838,32,0,806,833,37147,7,0,0,7,5
2020-09-27,US,Iowa,Jefferson,139,1,0,41.03192394,-91.94849466,19101.0,759.7704290789833,0.7194244604316546,138,138,1,0,137,138,18381,1,0,0,1,0
2020-09-27,US,Iowa,Johnson,5147,27,0,41.67169354,-91.58754744,19103.0,3405.451898901681,0.5245774237419856,5120,5126,27,0,5099,5100,151260,21,0,0,21,26
2020-09-27,US,Iowa,Jones,276,3,0,42.12118609,-91.13139641,19105.0,1334.5582902180745,1.0869565217391304,273,274,3,0,271,269,20744,2,0,0,2,5
2020-09-27,US,Iowa,Keokuk,109,1,0,41.33649833,-92.1785067,19107.0,1063.8297872340424,0.9174311926605504,108,109,1,0,108,107,10225,0,0,0,0,2
2020-09-27,US,Iowa,Kossuth,274,0,0,43.20405458,-94.20691791,19109.0,1849.72659150746,0.0,274,270,0,0,270,265,14908,4,0,0,4,5
2020-09-27,US,Iowa,Lee,639,7,0,40.64181461,-91.48183025,19111.0,1898.5649344861401,1.0954616588419406,632,637,7,0,630,624,34055,2,0,0,2,13
2020-09-27,US,Iowa,Linn,4078,112,0,42.07923082,-91.59809485,19113.0,1798.8055013982867,2.746444335458558,3966,4010,111,0,3899,3973,225909,68,1,0,67,37
2020-09-27,US,Iowa,Louisa,429,15,0,41.21842119,-91.26102611,19115.0,3887.630267331219,3.4965034965034967,414,429,15,0,414,428,11169,0,0,0,0,1
2020-09-27,US,Iowa,Lucas,156,6,0,41.02958964,-93.32780803,19117.0,1813.9534883720928,3.8461538461538463,150,156,6,0,150,156,8645,0,0,0,0,0
2020-09-27,US,Iowa,Lyon,332,4,0,43.38107862,-96.20926845,19119.0,2824.330072309656,1.2048192771084338,328,326,4,0,322,318,11811,6,0,0,6,8
2020-09-27,US,Iowa,Madison,223,2,0,41.33081904,-94.01554631,19121.0,1364.916146407149,0.8968609865470852,221,219,2,0,217,212,16249,4,0,0,4,7
2020-09-27,US,Iowa,Mahaska,410,19,0,41.33521503,-92.64083907,19123.0,1855.6234442181487,4.634146341463413,391,412,19,0,393,406,22000,-2,0,0,-2,6
2020-09-27,US,Iowa,Marion,763,7,0,41.33445101,-93.09934783,19125.0,2294.529816858629,0.9174311926605504,756,763,7,0,756,756,33407,0,0,0,0,7
2020-09-27,US,Iowa,Marshall,1790,34,0,42.03586837,-92.99908190000001,19127.0,4546.724580253499,1.899441340782123,1756,1784,34,0,1750,1777,39981,6,0,0,6,7
2020-09-27,US,Iowa,Mills,181,1,0,41.03299766,-95.61920963,19129.0,1197.9614799126348,0.5524861878453039,180,180,1,0,179,178,15063,1,0,0,1,2
2020-09-27,US,Iowa,Mitchell,191,0,0,43.35638371,-92.78887719,19131.0,1804.2697902890607,0.0,191,190,0,0,190,189,10569,1,0,0,1,1
2020-09-27,US,Iowa,Monona,157,1,0,42.05220391,-95.95743843,19133.0,1822.4027858386526,0.6369426751592356,156,153,1,0,152,150,8679,4,0,0,4,3
2020-09-27,US,Iowa,Monroe,159,11,0,41.02988815,-92.8690667,19135.0,2063.0595562475673,6.918238993710692,148,159,11,0,148,157,7790,0,0,0,0,2
2020-09-27,US,Iowa,Montgomery,97,5,0,41.03018714,-95.15642896,19137.0,978.1183825753757,5.154639175257731,92,96,5,0,91,92,10003,1,0,0,1,4
2020-09-27,US,Iowa,Muscatine,1111,55,0,41.48370744,-91.11216970000001,19139.0,2604.069004312769,4.950495049504951,1056,1108,55,0,1053,1100,42929,3,0,0,3,8
2020-09-27,US,Iowa,O'Brien,385,9,0,43.08310673,-95.62474482,19141.0,2799.389224169272,2.3376623376623376,376,375,9,0,366,360,13840,10,0,0,10,15
2020-09-27,US,Iowa,Osceola,168,0,0,43.37824276,-95.62422844,19143.0,2819.7381671701914,0.0,168,161,0,0,161,157,6040,7,0,0,7,4
2020-09-27,US,Iowa,Page,170,0,0,40.7393172,-95.1497813,19145.0,1125.3061494671344,0.0,170,170,0,0,170,154,15249,0,0,0,0,16
2020-09-27,US,Iowa,Palo Alto,203,0,0,43.08193849,-94.67824621,19147.0,2284.492460049516,0.0,203,202,0,0,202,188,8929,1,0,0,1,14
2020-09-27,US,Iowa,Plymouth,1155,21,0,42.737633,-96.21366621,19149.0,4587.520355880367,1.818181818181818,1134,1141,21,0,1120,1122,25095,14,0,0,14,19
2020-09-27,US,Iowa,Pocahontas,163,2,0,42.73420133,-94.67862564,19151.0,2462.6076446593147,1.2269938650306749,161,159,2,0,157,157,6740,4,0,0,4,2
2020-09-27,US,Iowa,Polk,15962,262,0,41.68679484,-93.57767461,19153.0,3256.4810337827776,1.6413983210124046,15700,15872,262,0,15610,15779,487204,90,0,0,90,93
2020-09-27,US,Iowa,Pottawattamie,2141,39,0,41.33640314,-95.53907776,19155.0,2297.0624208741933,1.821578701541336,2102,2113,38,0,2075,2089,93533,28,1,0,27,24
2020-09-27,US,Iowa,Poweshiek,304,8,0,41.68625425,-92.53155731,19157.0,1642.8880242109815,2.631578947368421,296,295,8,0,287,292,18699,9,0,0,9,3
2020-09-27,US,Iowa,Ringgold,52,2,0,40.73518949,-94.24368535,19159.0,1062.5255414793626,3.8461538461538463,50,50,2,0,48,50,4968,2,0,0,2,0
2020-09-27,US,Iowa,Sac,257,0,0,42.38624071,-95.10547892,19161.0,2643.7609299454793,0.0,257,250,0,0,250,248,9719,7,0,0,7,2
2020-09-27,US,Iowa,Scott,3020,28,0,41.63935978,-90.61959493,19163.0,1746.2400906657103,0.9271523178807948,2992,3011,28,0,2983,2971,173283,9,0,0,9,40
2020-09-27,US,Iowa,Shelby,267,1,0,41.6850066,-95.31015553,19165.0,2331.063383970665,0.3745318352059925,266,267,1,0,266,265,11578,0,0,0,0,2
2020-09-27,US,Iowa,Sioux,1646,3,0,43.08221074,-96.17675679999999,19167.0,4722.421460335677,0.1822600243013366,1643,1618,3,0,1615,1565,34909,28,0,0,28,53
2020-09-27,US,Iowa,Story,3453,17,0,42.03621213,-93.46499005,19169.0,3555.505215358794,0.4923255140457573,3436,3444,17,0,3427,3429,98105,9,0,0,9,15
2020-09-27,US,Iowa,Tama,732,31,0,42.07991767,-92.53266945,19171.0,4343.182627269491,4.2349726775956285,701,713,31,0,682,708,16904,19,0,0,19,5
2020-09-27,US,Iowa,Taylor,131,1,0,40.73710579,-94.69778563,19173.0,2140.173174317922,0.7633587786259542,130,130,1,0,129,127,6191,1,0,0,1,3
2020-09-27,US,Iowa,Unassigned,23,0,0,0.0,0.0,90019.0,0.0,0.0,23,17,0,0,17,7,,6,0,0,6,10
2020-09-27,US,Iowa,Union,137,3,0,41.0277278,-94.24234847,19175.0,1119.1896086921004,2.18978102189781,134,135,3,0,132,131,12359,2,0,0,2,4
2020-09-27,US,Iowa,Van Buren,114,1,0,40.75326764,-91.95017958,19177.0,1618.3986371379895,0.8771929824561403,113,114,1,0,113,114,7020,0,0,0,0,0
2020-09-27,US,Iowa,Wapello,1334,57,0,41.03064984,-92.40954728,19179.0,3814.8074008407452,4.272863568215892,1277,1333,57,0,1276,1328,35205,1,0,0,1,5
2020-09-27,US,Iowa,Warren,965,6,0,41.33559454,-93.56007641,19181.0,1875.0242878793767,0.6217616580310881,959,956,6,0,950,951,51056,9,0,0,9,5
2020-09-27,US,Iowa,Washington,466,11,0,41.33577126,-91.71725711,19183.0,2121.5570225358524,2.360515021459228,455,459,11,0,448,456,22141,7,0,0,7,3
2020-09-27,US,Iowa,Wayne,87,2,0,40.73969028,-93.32752197,19185.0,1350.7219375873312,2.2988505747126435,85,86,2,0,84,86,6401,1,0,0,1,0
2020-09-27,US,Iowa,Webster,1272,14,0,42.42853483,-94.17987389,19187.0,3542.780748663102,1.1006289308176103,1258,1255,14,0,1241,1251,36277,17,0,0,17,4
2020-09-27,US,Iowa,Winnebago,315,13,0,43.37751174,-93.73407298,19189.0,3042.3024917906127,4.126984126984127,302,303,13,0,290,301,10518,12,0,0,12,2
2020-09-27,US,Iowa,Winneshiek,339,6,0,43.29094334,-91.84422722,19191.0,1695.7630933920263,1.7699115044247788,333,335,6,0,329,330,20029,4,0,0,4,5
2020-09-27,US,Iowa,Woodbury,5509,64,0,42.38979414,-96.0459439,19193.0,5342.993201237548,1.1617353421673624,5445,5447,64,0,5383,5356,102539,62,0,0,62,91
2020-09-27,US,Iowa,Worth,108,0,0,43.37750768,-93.26087602,19195.0,1463.2163663460235,0.0,108,108,0,0,108,107,7453,0,0,0,0,1
2020-09-27,US,Iowa,Wright,592,1,0,42.73305373,-93.73515113,19197.0,4712.625378124502,0.16891891891891891,591,581,1,0,580,581,12690,11,0,0,11,0
2020-09-27,US,Kansas,Allen,34,0,0,37.88582951,-95.30030847,20001.0,274.8807502627537,0.0,34,34,0,0,34,34,12444,0,0,0,0,0
2020-09-27,US,Kansas,Anderson,70,0,0,38.21413251,-95.29272815,20003.0,890.8119114278443,0.0,70,70,0,0,70,70,7878,0,0,0,0,0
2020-09-27,US,Kansas,Atchison,331,2,0,39.53185661,-95.30870026,20005.0,2059.354196478567,0.6042296072507553,329,331,2,0,329,331,16193,0,0,0,0,0
2020-09-27,US,Kansas,Barber,5,0,0,37.2288586,-98.68460053,20007.0,112.943302462164,0.0,5,5,0,0,5,5,4472,0,0,0,0,0
2020-09-27,US,Kansas,Barton,498,7,0,38.47889676,-98.75636726,20009.0,1931.8049575235655,1.4056224899598393,491,498,7,0,491,498,26111,0,0,0,0,0
2020-09-27,US,Kansas,Bourbon,150,2,0,37.85508555,-94.84865997,20011.0,1032.0627494151643,1.3333333333333333,148,150,2,0,148,150,14653,0,0,0,0,0
2020-09-27,US,Kansas,Brown,120,3,0,39.82652589,-95.56421698,20013.0,1254.7051442910915,2.5,117,120,3,0,117,120,9598,0,0,0,0,0
2020-09-27,US,Kansas,Butler,529,3,0,37.78134351,-96.83878537,20015.0,790.6024420498869,0.5671077504725898,526,529,3,0,526,529,66765,0,0,0,0,0
2020-09-27,US,Kansas,Chase,81,1,0,38.30292938,-96.59563862,20017.0,3058.912386706949,1.2345679012345678,80,81,1,0,80,81,2629,0,0,0,0,0
2020-09-27,US,Kansas,Chautauqua,13,0,0,37.14994405,-96.2454192,20019.0,400.0,0.0,13,13,0,0,13,13,3309,0,0,0,0,0
2020-09-27,US,Kansas,Cherokee,494,7,0,37.16928494,-94.8462897,20021.0,2477.556547469783,1.4170040485829958,487,494,7,0,487,494,20015,0,0,0,0,0
2020-09-27,US,Kansas,Cheyenne,58,2,0,39.78580976,-101.7318201,20023.0,2182.913059841927,3.4482758620689653,56,58,2,0,56,58,2660,0,0,0,0,0
2020-09-27,US,Kansas,Clark,48,1,0,37.23577007,-99.81883015,20025.0,2407.221664994985,2.083333333333333,47,48,1,0,47,48,2005,0,0,0,0,0
2020-09-27,US,Kansas,Clay,48,2,0,39.34948772,-97.16518128,20027.0,599.8500374906272,4.166666666666667,46,48,2,0,46,48,7997,0,0,0,0,0
2020-09-27,US,Kansas,Cloud,67,0,0,39.48028352,-97.64925343,20029.0,762.5768267698611,0.0,67,67,0,0,67,67,8729,0,0,0,0,0
2020-09-27,US,Kansas,Coffey,115,8,0,38.2365018,-95.73379515,20031.0,1406.039858173371,6.956521739130435,107,115,8,0,107,115,8233,0,0,0,0,0
2020-09-27,US,Kansas,Comanche,11,0,0,37.19114520000001,-99.27113247,20033.0,647.0588235294118,0.0,11,11,0,0,11,11,1748,0,0,0,0,0
2020-09-27,US,Kansas,Cowley,358,5,0,37.23781842,-96.83776647,20035.0,1025.5528818608914,1.3966480446927374,353,358,5,0,353,358,35218,0,0,0,0,0
2020-09-27,US,Kansas,Crawford,1041,8,0,37.50675523,-94.85245778,20037.0,2681.7455819465195,0.7684918347742555,1033,1041,8,0,1033,1041,39019,0,0,0,0,0
2020-09-27,US,Kansas,Decatur,21,0,0,39.78468441,-100.45940809999999,20039.0,742.8369296073578,0.0,21,21,0,0,21,21,2871,0,0,0,0,0
2020-09-27,US,Kansas,Dickinson,188,1,0,38.86600962,-97.15532383,20041.0,1018.0872955702373,0.5319148936170213,187,188,1,0,187,188,18717,0,0,0,0,0
2020-09-27,US,Kansas,Doniphan,110,0,0,39.79067154,-95.14056866,20043.0,1447.3684210526314,0.0,110,110,0,0,110,110,7682,0,0,0,0,0
2020-09-27,US,Kansas,Douglas,2177,10,0,38.88503636,-95.2925121,20045.0,1780.6460056110388,0.4593477262287552,2167,2177,10,0,2167,2177,121436,0,0,0,0,0
2020-09-27,US,Kansas,Edwards,47,0,0,37.88735543,-99.31263309,20047.0,1679.771265189421,0.0,47,47,0,0,47,47,2849,0,0,0,0,0
2020-09-27,US,Kansas,Elk,1,0,0,37.45338105,-96.24369667,20049.0,39.52569169960474,0.0,1,1,0,0,1,1,2508,0,0,0,0,0
2020-09-27,US,Kansas,Ellis,974,3,0,38.91458712,-99.31751551,20051.0,3411.2002241445725,0.3080082135523614,971,974,3,0,971,974,28710,0,0,0,0,0
2020-09-27,US,Kansas,Ellsworth,32,0,0,38.69677695,-98.20462799,20053.0,524.4182235332678,0.0,32,32,0,0,32,32,6196,0,0,0,0,0
2020-09-27,US,Kansas,Finney,2134,12,0,38.04340344,-100.73819379999999,20055.0,5851.866070694052,0.5623242736644799,2122,2134,12,0,2122,2134,36611,0,0,0,0,0
2020-09-27,US,Kansas,Ford,2760,10,0,37.69200114,-99.88825298,20057.0,8209.643356435348,0.3623188405797101,2750,2760,10,0,2750,2760,33888,0,0,0,0,0
2020-09-27,US,Kansas,Franklin,347,3,0,38.56443815,-95.28644341,20059.0,1358.4403382398998,0.8645533141210374,344,347,3,0,344,347,25631,0,0,0,0,0
2020-09-27,US,Kansas,Geary,302,2,0,38.99871131,-96.7577178,20061.0,953.5838332807073,0.6622516556291391,300,302,2,0,300,302,32594,0,0,0,0,0
2020-09-27,US,Kansas,Gove,33,0,0,38.91588178,-100.4829321,20063.0,1251.896813353566,0.0,33,33,0,0,33,33,2612,0,0,0,0,0
2020-09-27,US,Kansas,Graham,37,1,0,39.34987223,-99.88332493,20065.0,1490.7332796132152,2.702702702702702,36,37,1,0,36,37,2492,0,0,0,0,0
2020-09-27,US,Kansas,Grant,272,5,0,37.56227336,-101.3079758,20067.0,3804.1958041958037,1.8382352941176472,267,272,5,0,267,268,7336,0,0,0,0,4
2020-09-27,US,Kansas,Gray,136,0,0,37.73836671,-100.4369088,20069.0,2271.2090848363396,0.0,136,136,0,0,136,136,6033,0,0,0,0,0
2020-09-27,US,Kansas,Greeley,7,0,0,38.4808095,-101.8061079,20071.0,568.1818181818181,0.0,7,7,0,0,7,7,1227,0,0,0,0,0
2020-09-27,US,Kansas,Greenwood,47,0,0,37.8774388,-96.23250453,20073.0,785.6904045469742,0.0,47,47,0,0,47,47,6055,0,0,0,0,0
2020-09-27,US,Kansas,Hamilton,44,0,0,37.99978709,-101.7921066,20075.0,1732.965734541158,0.0,44,44,0,0,44,44,2607,0,0,0,0,0
2020-09-27,US,Kansas,Harper,120,2,0,37.19175361,-98.07578384,20077.0,2207.5055187637968,1.6666666666666667,118,120,2,0,118,120,5506,0,0,0,0,0
2020-09-27,US,Kansas,Harvey,352,7,0,38.04293782,-97.42747573,20079.0,1022.3939121089779,1.9886363636363635,345,352,7,0,345,352,34210,0,0,0,0,0
2020-09-27,US,Kansas,Haskell,103,1,0,37.562039399999996,-100.8710738,20081.0,2595.766129032258,0.9708737864077671,102,103,1,0,102,103,3997,0,0,0,0,0
2020-09-27,US,Kansas,Hodgeman,22,0,0,38.08780079,-99.89829881,20083.0,1226.3099219620958,0.0,22,22,0,0,22,22,1818,0,0,0,0,0
2020-09-27,US,Kansas,Jackson,237,2,0,39.41673394,-95.79356799,20085.0,1799.4077898413184,0.8438818565400844,235,237,2,0,235,237,13280,0,0,0,0,0
2020-09-27,US,Kansas,Jefferson,187,4,0,39.2347941,-95.38289232,20087.0,981.9881321220396,2.1390374331550803,183,187,4,0,183,187,18975,0,0,0,0,0
2020-09-27,US,Kansas,Jewell,17,1,0,39.78470589,-98.21820662,20089.0,590.4828065300452,5.882352941176472,16,17,1,0,16,17,2841,0,0,0,0,0
2020-09-27,US,Kansas,Johnson,10952,146,0,38.88548175,-94.82250877,20091.0,1818.058070952737,1.3330898466033603,10806,10873,146,0,10727,10773,597555,79,0,0,79,100
2020-09-27,US,Kansas,Kearny,95,1,0,38.00017981,-101.32168100000001,20093.0,2475.247524752476,1.0526315789473684,94,95,1,0,94,95,3943,0,0,0,0,0
2020-09-27,US,Kansas,Kingman,85,1,0,37.55909527,-98.13638678,20095.0,1188.4787472035796,1.1764705882352942,84,85,1,0,84,85,7310,0,0,0,0,0
2020-09-27,US,Kansas,Kiowa,24,0,0,37.55848695,-99.2856537,20097.0,969.6969696969696,0.0,24,24,0,0,24,24,2516,0,0,0,0,0
2020-09-27,US,Kansas,Labette,237,4,0,37.19113093,-95.29849679,20099.0,1208.0742175553066,1.6877637130801688,233,237,4,0,233,237,19964,0,0,0,0,0
2020-09-27,US,Kansas,Lane,13,0,0,38.48119447,-100.46607540000001,20101.0,846.9055374592834,0.0,13,13,0,0,13,13,1560,0,0,0,0,0
2020-09-27,US,Kansas,Leavenworth,2039,11,0,39.20183497,-95.03620809,20103.0,2493.9455466131753,0.5394801373222168,2028,2039,11,0,2028,2039,81352,0,0,0,0,0
2020-09-27,US,Kansas,Lincoln,12,0,0,39.04549684,-98.20756994,20105.0,405.1316677920324,0.0,12,12,0,0,12,12,3023,0,0,0,0,0
2020-09-27,US,Kansas,Linn,71,0,0,38.21267844,-94.84254089,20107.0,731.7324538802433,0.0,71,71,0,0,71,71,9750,0,0,0,0,0
2020-09-27,US,Kansas,Logan,7,0,0,38.91735806,-101.148475,20109.0,250.53686471009303,0.0,7,7,0,0,7,7,2844,0,0,0,0,0
2020-09-27,US,Kansas,Lyon,1112,33,0,38.45576156,-96.15275715,20111.0,3349.902093688809,2.967625899280576,1079,1112,33,0,1079,1112,33406,0,0,0,0,0
2020-09-27,US,Kansas,Marion,76,1,0,38.35855394,-97.09852509999999,20115.0,639.5153147088522,1.3157894736842106,75,76,1,0,75,76,11950,0,0,0,0,0
2020-09-27,US,Kansas,Marshall,23,0,0,39.78359669,-96.52278974,20117.0,236.94241269187182,0.0,23,23,0,0,23,23,9722,0,0,0,0,0
2020-09-27,US,Kansas,McPherson,277,1,0,38.39184858,-97.64769869,20113.0,970.4996146030412,0.36101083032490977,276,277,1,0,276,277,28537,0,0,0,0,0
2020-09-27,US,Kansas,Meade,114,1,0,37.23859987,-100.36483100000001,20119.0,2826.6798909000745,0.8771929824561403,113,114,1,0,113,114,4146,0,0,0,0,0
2020-09-27,US,Kansas,Miami,357,1,0,38.56383358,-94.83832189,20121.0,1042.7315477407485,0.2801120448179272,356,357,1,0,356,357,33680,0,0,0,0,0
2020-09-27,US,Kansas,Mitchell,45,0,0,39.39331582,-98.20906732,20123.0,752.6342197691922,0.0,45,45,0,0,45,45,6150,0,0,0,0,0
2020-09-27,US,Kansas,Montgomery,407,6,0,37.19236568,-95.74329258,20125.0,1278.7080963900846,1.4742014742014742,401,407,6,0,401,407,32120,0,0,0,0,0
2020-09-27,US,Kansas,Morris,33,0,0,38.68827511,-96.65128437,20127.0,587.1886120996443,0.0,33,33,0,0,33,33,5521,0,0,0,0,0
2020-09-27,US,Kansas,Morton,15,2,0,37.19141121,-101.79925190000002,20129.0,579.8221878623889,13.333333333333336,13,15,2,0,13,15,2667,0,0,0,0,0
2020-09-27,US,Kansas,Nemaha,100,1,0,39.78345387,-96.01392079,20131.0,977.421561919656,1.0,99,100,1,0,99,100,10155,0,0,0,0,0
2020-09-27,US,Kansas,Neosho,173,0,0,37.55862897,-95.30670046,20133.0,1080.7771599925034,0.0,173,173,0,0,173,173,15951,0,0,0,0,0
2020-09-27,US,Kansas,Ness,82,7,0,38.47974157,-99.91547333,20135.0,2981.818181818182,8.536585365853659,75,82,7,0,75,82,2840,0,0,0,0,0
2020-09-27,US,Kansas,Norton,31,0,0,39.78443827,-99.90286639,20137.0,578.2503264316359,0.0,31,31,0,0,31,31,5430,0,0,0,0,0
2020-09-27,US,Kansas,Osage,104,0,0,38.65235984,-95.72707998,20139.0,652.0785002194498,0.0,104,104,0,0,104,104,15941,0,0,0,0,0
2020-09-27,US,Kansas,Osborne,6,0,0,39.3503437,-98.76753828,20141.0,175.38731365097922,0.0,6,6,0,0,6,6,3475,0,0,0,0,0
2020-09-27,US,Kansas,Ottawa,53,0,0,39.13237408,-97.65020313,20143.0,929.172510518934,0.0,53,53,0,0,53,53,5802,0,0,0,0,0
2020-09-27,US,Kansas,Pawnee,414,1,0,38.18108732,-99.23692334,20145.0,6454.630495790459,0.24154589371980675,413,414,1,0,413,414,6562,0,0,0,0,0
2020-09-27,US,Kansas,Phillips,116,8,0,39.78465501,-99.34668865,20147.0,2216.278181123424,6.896551724137932,108,116,8,0,108,116,5317,0,0,0,0,0
2020-09-27,US,Kansas,Pottawatomie,245,0,0,39.37925655,-96.34564657,20149.0,1004.7984251322642,0.0,245,245,0,0,245,245,24277,0,0,0,0,0
2020-09-27,US,Kansas,Pratt,72,0,0,37.64780729,-98.73922153,20151.0,785.6831078131821,0.0,72,72,0,0,72,72,9378,0,0,0,0,0
2020-09-27,US,Kansas,Rawlins,22,0,0,39.78525843,-101.07616170000001,20153.0,869.5652173913044,0.0,22,22,0,0,22,22,2508,0,0,0,0,0
2020-09-27,US,Kansas,Reno,1068,3,0,37.95230263,-98.08607292,20155.0,1722.6362140714216,0.2808988764044944,1065,1056,3,0,1053,1046,62342,12,0,0,12,10
2020-09-27,US,Kansas,Republic,48,1,0,39.82799632,-97.65036709,20157.0,1035.3753235547886,2.083333333333333,47,48,1,0,47,48,4664,0,0,0,0,0
2020-09-27,US,Kansas,Rice,77,1,0,38.34616184,-98.19992118,20159.0,807.3817762399077,1.2987012987012987,76,77,1,0,76,77,9531,0,0,0,0,0
2020-09-27,US,Kansas,Riley,1807,8,0,39.28935726,-96.73420026,20161.0,2434.260157344541,0.4427227448810183,1799,1807,8,0,1799,1807,73703,0,0,0,0,0
2020-09-27,US,Kansas,Rooks,70,0,0,39.35022773,-99.32484567,20163.0,1422.7642276422766,0.0,70,70,0,0,70,70,5013,0,0,0,0,0
2020-09-27,US,Kansas,Rush,42,0,0,38.52275276,-99.30863983,20165.0,1383.399209486166,0.0,42,42,0,0,42,42,3093,0,0,0,0,0
2020-09-27,US,Kansas,Russell,83,0,0,38.91462787,-98.76254297,20167.0,1210.6184364060678,0.0,83,83,0,0,83,83,6907,0,0,0,0,0
2020-09-27,US,Kansas,Saline,724,11,0,38.78369175,-97.65185177,20169.0,1335.2021245205076,1.5193370165745856,713,724,11,0,713,724,54401,0,0,0,0,0
2020-09-27,US,Kansas,Scott,109,1,0,38.48222076,-100.90665390000001,20171.0,2260.0041467966007,0.9174311926605504,108,108,1,0,107,108,4897,1,0,0,1,0
2020-09-27,US,Kansas,Sedgwick,8478,86,0,37.6842718,-97.4608198,20173.0,1642.8895322473752,1.014390186364709,8392,8394,86,0,8308,8321,513607,84,0,0,84,73
2020-09-27,US,Kansas,Seward,1708,5,0,37.19324632,-100.85072009999999,20175.0,7970.87922344596,0.2927400468384075,1703,1708,5,0,1703,1708,21780,0,0,0,0,0
2020-09-27,US,Kansas,Shawnee,2681,32,0,39.04100763,-95.75572640000001,20177.0,1515.7597173144877,1.1935844834017155,2649,2681,32,0,2649,2681,177499,0,0,0,0,0
2020-09-27,US,Kansas,Sheridan,15,0,0,39.35018161,-100.44182590000001,20179.0,595.0019833399442,0.0,15,15,0,0,15,15,2533,0,0,0,0,0
2020-09-27,US,Kansas,Sherman,31,0,0,39.35147699,-101.71976240000001,20181.0,523.9141456819334,0.0,31,31,0,0,31,31,5899,0,0,0,0,0
2020-09-27,US,Kansas,Smith,7,0,0,39.78516566,-98.78566062,20183.0,195.36701088473347,0.0,7,7,0,0,7,7,3603,0,0,0,0,0
2020-09-27,US,Kansas,Stafford,56,1,0,38.03100851,-98.71762001,20185.0,1347.4494706448509,1.7857142857142858,55,56,1,0,55,56,4178,0,0,0,0,0
2020-09-27,US,Kansas,Stanton,48,2,0,37.56304714,-101.78435340000001,20187.0,2392.8215353938185,4.166666666666667,46,48,2,0,46,48,1987,0,0,0,0,0
2020-09-27,US,Kansas,Stevens,144,1,0,37.1923008,-101.3118967,20189.0,2625.341841385597,0.6944444444444444,143,144,1,0,143,144,5559,0,0,0,0,0
2020-09-27,US,Kansas,Sumner,195,3,0,37.23682549,-97.47721621,20191.0,853.9148712559117,1.5384615384615383,192,195,3,0,192,195,22996,0,0,0,0,0
2020-09-27,US,Kansas,Thomas,126,0,0,39.35107575,-101.0553705,20193.0,1620.1620162016202,0.0,126,126,0,0,126,126,7711,0,0,0,0,0
2020-09-27,US,Kansas,Trego,57,3,0,38.91467218,-99.87284448,20195.0,2033.5354976810559,5.2631578947368425,54,57,3,0,54,57,2793,0,0,0,0,0
2020-09-27,US,Kansas,Wabaunsee,67,1,0,38.95471985,-96.20350509,20197.0,966.6714759774924,1.492537313432836,66,67,1,0,66,67,6899,0,0,0,0,0
2020-09-27,US,Kansas,Wallace,17,0,0,38.91686134,-101.76388759999999,20199.0,1119.8945981554677,0.0,17,17,0,0,17,17,1503,0,0,0,0,0
2020-09-27,US,Kansas,Washington,17,0,0,39.78420784,-97.08753229999999,20201.0,314.46540880503153,0.0,17,17,0,0,17,17,5420,0,0,0,0,0
2020-09-27,US,Kansas,Wichita,6,0,0,38.48178252,-101.3471509,20203.0,283.15243039169417,0.0,6,6,0,0,6,6,2105,0,0,0,0,0
2020-09-27,US,Kansas,Wilson,59,2,0,37.55937174,-95.74323255,20205.0,692.0821114369502,3.3898305084745757,57,59,2,0,57,59,8665,0,0,0,0,0
2020-09-27,US,Kansas,Woodson,15,0,0,37.8865336,-95.74006277,20207.0,478.0114722753346,0.0,15,15,0,0,15,15,3183,0,0,0,0,0
2020-09-27,US,Kansas,Wyandotte,6929,134,0,39.11727348,-94.76378225,20209.0,4188.503829437403,1.933900995814692,6795,6884,134,0,6750,6843,165324,45,0,0,45,41
2020-09-27,US,Kentucky,Adair,310,19,0,37.10459774,-85.28129668,21001.0,1614.4151650869699,6.129032258064517,291,309,19,0,290,308,19215,1,0,0,1,1
2020-09-27,US,Kentucky,Allen,337,9,0,36.75197631,-86.19457544,21003.0,1581.0462115880835,2.6706231454005933,328,336,9,0,327,328,21122,1,0,0,1,8
2020-09-27,US,Kentucky,Anderson,160,1,0,38.00671029,-84.99171713,21005.0,703.3894579504988,0.625,159,160,1,0,159,155,22663,0,0,0,0,5
2020-09-27,US,Kentucky,Ballard,56,1,0,37.05842757,-88.99427697,21007.0,709.9391480730224,1.7857142857142858,55,56,1,0,55,56,7979,0,0,0,0,0
2020-09-27,US,Kentucky,Barren,757,13,0,36.96469836,-85.93338945,21009.0,1710.77312481638,1.717305151915456,744,754,13,0,741,747,44176,3,0,0,3,7
2020-09-27,US,Kentucky,Bath,88,1,0,38.14735938,-83.74588932,21011.0,704.0,1.1363636363636365,87,88,1,0,87,87,12383,0,0,0,0,1
2020-09-27,US,Kentucky,Bell,500,14,0,36.73355174,-83.67766671,21013.0,1920.7129686539645,2.8,486,492,13,0,479,490,26569,8,1,0,7,2
2020-09-27,US,Kentucky,Boone,1574,25,0,38.97065142,-84.72615357,21015.0,1178.3112867847972,1.5883100381194408,1549,1567,25,0,1542,1550,131533,7,0,0,7,17
2020-09-27,US,Kentucky,Bourbon,192,1,0,38.2054607,-84.21827874,21017.0,970.2850212249847,0.5208333333333334,191,191,1,0,190,186,20184,1,0,0,1,5
2020-09-27,US,Kentucky,Boyd,445,8,0,38.36176608,-82.68652187,21019.0,952.5236525536197,1.7977528089887642,437,439,8,0,431,426,47240,6,0,0,6,13
2020-09-27,US,Kentucky,Boyle,283,0,0,37.62680923,-84.8633779,21021.0,941.4504324683966,0.0,283,282,0,0,282,276,30100,1,0,0,1,6
2020-09-27,US,Kentucky,Bracken,41,0,0,38.69158994,-84.08532444,21023.0,493.7974226183307,0.0,41,41,0,0,41,40,8239,0,0,0,0,1
2020-09-27,US,Kentucky,Breathitt,87,0,0,37.52333168,-83.31959161,21025.0,688.8361045130641,0.0,87,87,0,0,87,87,12726,0,0,0,0,0
2020-09-27,US,Kentucky,Breckinridge,136,2,0,37.77377239,-86.42885017,21027.0,664.1597890315966,1.4705882352941178,134,136,2,0,134,135,20388,0,0,0,0,1
2020-09-27,US,Kentucky,Bullitt,885,9,0,37.97162523,-85.68955617,21029.0,1083.5496351437387,1.0169491525423728,876,880,9,0,871,860,81069,5,0,0,5,20
2020-09-27,US,Kentucky,Butler,341,16,0,37.20946153,-86.68748787,21031.0,2647.721096358413,4.6920821114369495,325,340,16,0,324,336,12772,1,0,0,1,4
2020-09-27,US,Kentucky,Caldwell,156,0,0,37.14749129,-87.86948214,21033.0,1223.8173687926574,0.0,156,156,0,0,156,152,12715,0,0,0,0,4
2020-09-27,US,Kentucky,Calloway,582,8,0,36.62093411,-88.2731593,21035.0,1492.2694289890005,1.3745704467353952,574,580,8,0,572,568,39135,2,0,0,2,12
2020-09-27,US,Kentucky,Campbell,876,16,0,38.94384345,-84.37875208,21037.0,936.0574457172166,1.8264840182648399,860,870,16,0,854,864,93152,6,0,0,6,6
2020-09-27,US,Kentucky,Carlisle,79,1,0,36.85372876,-88.96692220000001,21039.0,1659.6638655462186,1.2658227848101269,78,79,1,0,78,79,4771,0,0,0,0,0
2020-09-27,US,Kentucky,Carroll,199,5,0,38.66599534,-85.12601074,21041.0,1871.884112501176,2.512562814070352,194,199,5,0,194,199,10737,0,0,0,0,0
2020-09-27,US,Kentucky,Carter,182,3,0,38.31690743,-83.05092385,21043.0,679.1805052804417,1.6483516483516485,179,181,3,0,178,173,27004,1,0,0,1,8
2020-09-27,US,Kentucky,Casey,272,15,0,37.32533118,-84.92726209,21045.0,1683.2724797326566,5.514705882352941,257,271,15,0,256,269,15888,1,0,0,1,2
2020-09-27,US,Kentucky,Christian,1303,21,0,36.89267803,-87.49055367,21047.0,1849.2499396829446,1.6116653875671527,1282,1298,21,0,1277,1278,71671,5,0,0,5,20
2020-09-27,US,Kentucky,Clark,316,8,0,37.9689263,-84.14615986,21049.0,871.411631690704,2.5316455696202533,308,313,8,0,305,309,36249,3,0,0,3,4
2020-09-27,US,Kentucky,Clay,324,6,0,37.16451126,-83.712575,21051.0,1628.0588915129892,1.851851851851852,318,324,6,0,318,317,20105,0,0,0,0,7
2020-09-27,US,Kentucky,Clinton,121,2,0,36.72581156,-85.13377529,21053.0,1184.1847719710315,1.6528925619834711,119,119,2,0,117,114,10206,2,0,0,2,5
2020-09-27,US,Kentucky,Crittenden,121,1,0,37.35839237,-88.08826090000002,21055.0,1374.0631387690214,0.8264462809917356,120,121,1,0,120,121,8915,0,0,0,0,0
2020-09-27,US,Kentucky,Cumberland,103,0,0,36.78926125,-85.39050034,21057.0,1557.3026912609616,0.0,103,102,0,0,102,101,6659,1,0,0,1,1
2020-09-27,US,Kentucky,Daviess,1382,14,0,37.73028906,-87.09019479999998,21059.0,1361.4288106707647,1.0130246020260492,1368,1372,14,0,1358,1359,101104,10,0,0,10,13
2020-09-27,US,Kentucky,Edmonson,136,12,0,37.21218923,-86.23955613,21061.0,1119.3415637860082,8.823529411764708,124,135,12,0,123,134,12274,1,0,0,1,1
2020-09-27,US,Kentucky,Elliott,39,0,0,38.11624059,-83.09771563,21063.0,518.8239989357456,0.0,39,39,0,0,39,39,7508,0,0,0,0,0
2020-09-27,US,Kentucky,Estill,160,0,0,37.69241417,-83.95956369,21065.0,1134.2691053452431,0.0,160,154,0,0,154,152,14198,6,0,0,6,2
2020-09-27,US,Kentucky,Fayette,6054,73,0,38.0368225,-84.45576892,21067.0,1873.4217953161358,1.2058143376280146,5981,5993,72,0,5921,5885,323780,61,1,0,60,108
2020-09-27,US,Kentucky,Fleming,84,0,0,38.36758311,-83.69657514,21069.0,576.0921747479598,0.0,84,84,0,0,84,84,14432,0,0,0,0,0
2020-09-27,US,Kentucky,Floyd,181,2,0,37.56213922,-82.74750924,21071.0,508.5841130686448,1.1049723756906078,179,180,2,0,178,179,35845,1,0,0,1,1
2020-09-27,US,Kentucky,Franklin,652,12,0,38.2379395,-84.87962551,21073.0,1278.6570179051205,1.8404907975460123,640,653,12,0,641,635,50815,-1,0,0,-1,18
2020-09-27,US,Kentucky,Fulton,148,3,0,36.55238827,-89.20140068,21075.0,2479.4772993801307,2.0270270270270268,145,145,3,0,142,145,6120,3,0,0,3,0
2020-09-27,US,Kentucky,Gallatin,99,8,0,38.75398691,-84.8558382,21077.0,1116.2476040139813,8.080808080808081,91,99,8,0,91,99,8832,0,0,0,0,0
2020-09-27,US,Kentucky,Garrard,157,3,0,37.638866799999995,-84.53289319,21079.0,888.7127816144008,1.9108280254777068,154,157,3,0,154,154,17560,0,0,0,0,3
2020-09-27,US,Kentucky,Grant,164,6,0,38.64962758,-84.62415957,21081.0,654.1944233914396,3.6585365853658534,158,163,6,0,157,161,25121,1,0,0,1,2
2020-09-27,US,Kentucky,Graves,735,29,0,36.72292505,-88.65143315,21083.0,1972.3071969087107,3.9455782312925174,706,731,29,0,702,729,37317,4,0,0,4,2
2020-09-27,US,Kentucky,Grayson,400,14,0,37.46231118,-86.34248968,21085.0,1513.6035115601474,3.5,386,400,14,0,386,392,26321,0,0,0,0,8
2020-09-27,US,Kentucky,Green,270,8,0,37.26484328,-85.5540745,21087.0,2467.7817384151363,2.962962962962963,262,265,8,0,257,262,11049,5,0,0,5,3
2020-09-27,US,Kentucky,Greenup,413,4,0,38.54332505,-82.9215658,21089.0,1176.705225368967,0.9685230024213076,409,404,4,0,400,396,35268,9,0,0,9,8
2020-09-27,US,Kentucky,Hancock,81,0,0,37.83766422,-86.78280584,21091.0,928.6860811740428,0.0,81,81,0,0,81,80,8758,0,0,0,0,1
2020-09-27,US,Kentucky,Hardin,1311,11,0,37.6976111,-85.96319251,21093.0,1181.5281457848914,0.8390541571319603,1300,1299,11,0,1288,1287,110356,12,0,0,12,12
2020-09-27,US,Kentucky,Harlan,397,10,0,36.85699301,-83.21899516,21095.0,1526.3360246059208,2.5188916876574305,387,390,10,0,380,382,26409,7,0,0,7,8
2020-09-27,US,Kentucky,Harrison,177,0,0,38.44188174,-84.32869741,21097.0,937.2021603304034,0.0,177,177,0,0,177,176,18778,0,0,0,0,1
2020-09-27,US,Kentucky,Hart,175,1,0,37.29943898,-85.88461055,21099.0,919.359075387444,0.5714285714285714,174,172,1,0,171,172,18906,3,0,0,3,0
2020-09-27,US,Kentucky,Henderson,758,3,0,37.79344553,-87.57392021,21101.0,1676.6202167662025,0.39577836411609496,755,742,3,0,739,707,45591,16,0,0,16,35
2020-09-27,US,Kentucky,Henry,197,2,0,38.44942688,-85.11587507,21103.0,1221.6296663772791,1.0152284263959392,195,195,2,0,193,194,16106,2,0,0,2,1
2020-09-27,US,Kentucky,Hickman,77,0,0,36.67948079999999,-88.97875928,21105.0,1757.9908675799084,0.0,77,77,0,0,77,77,4421,0,0,0,0,0
2020-09-27,US,Kentucky,Hopkins,631,39,0,37.30939025,-87.54670406,21107.0,1412.075370362082,6.18066561014263,592,628,39,0,589,626,45068,3,0,0,3,2
2020-09-27,US,Kentucky,Jackson,368,17,0,37.41866422,-83.99825483,21109.0,2760.897291619777,4.619565217391305,351,367,17,0,350,364,13442,1,0,0,1,3
2020-09-27,US,Kentucky,Jefferson,15513,304,0,38.18664655,-85.65931031,21111.0,2023.196397294058,1.9596467478888675,15209,15418,304,0,15114,15184,770517,95,0,0,95,234
2020-09-27,US,Kentucky,Jessamine,608,0,0,37.87119786,-84.58252003,21113.0,1123.5332162986233,0.0,608,599,0,0,599,589,53920,9,0,0,9,10
2020-09-27,US,Kentucky,Johnson,155,1,0,37.85106355,-82.8264322,21115.0,698.5758067423833,0.6451612903225806,154,155,1,0,154,150,22386,0,0,0,0,5
2020-09-27,US,Kentucky,Kenton,2030,47,0,38.93950319,-84.53241199,21117.0,1215.5834201607206,2.3152709359605907,1983,2021,46,0,1975,2005,166051,9,1,0,8,16
2020-09-27,US,Kentucky,Knott,207,1,0,37.35388197,-82.94981134,21119.0,1398.0818587059302,0.4830917874396135,206,201,1,0,200,198,15126,6,0,0,6,3
2020-09-27,US,Kentucky,Knox,492,9,0,36.89225732,-83.85403396,21121.0,1579.7078182693854,1.8292682926829267,483,492,9,0,483,477,31304,0,0,0,0,15
2020-09-27,US,Kentucky,Larue,124,1,0,37.54567114,-85.70138352,21123.0,861.2307264897902,0.8064516129032258,123,122,1,0,121,114,14307,2,0,0,2,8
2020-09-27,US,Kentucky,Laurel,878,6,0,37.10975748,-84.11321779,21125.0,1443.7702464933484,0.683371298405467,872,878,6,0,872,851,60669,0,0,0,0,27
2020-09-27,US,Kentucky,Lawrence,57,0,0,38.07136018,-82.72882223,21127.0,372.1355356793105,0.0,57,56,0,0,56,56,15571,1,0,0,1,0
2020-09-27,US,Kentucky,Lee,17,0,0,37.59645942,-83.71513901,21129.0,229.6366337971093,0.0,17,17,0,0,17,17,7033,0,0,0,0,0
2020-09-27,US,Kentucky,Leslie,75,0,0,37.09246661,-83.37999606,21131.0,759.3398805305252,0.0,75,72,0,0,72,70,10143,3,0,0,3,2
2020-09-27,US,Kentucky,Letcher,154,2,0,37.12306748,-82.85346474,21133.0,714.5177005521273,1.2987012987012987,152,145,2,0,143,137,21899,9,0,0,9,8
2020-09-27,US,Kentucky,Lewis,221,14,0,38.53184419,-83.37735618,21135.0,1664.7834274952918,6.334841628959277,207,221,14,0,207,221,13257,0,0,0,0,0
2020-09-27,US,Kentucky,Lincoln,192,13,0,37.45475628,-84.6565327,21137.0,782.1092508859831,6.770833333333332,179,192,13,0,179,188,24644,0,0,0,0,4
2020-09-27,US,Kentucky,Livingston,87,1,0,37.21137452,-88.34797529,21139.0,946.2693060691755,1.1494252873563218,86,87,1,0,86,87,9242,0,0,0,0,0
2020-09-27,US,Kentucky,Logan,553,28,0,36.85949479,-86.877635,21141.0,2040.439819939488,5.063291139240507,525,551,28,0,523,548,26989,2,0,0,2,3
2020-09-27,US,Kentucky,Lyon,70,4,0,37.02080035,-88.07886257,21143.0,852.6187576126674,5.7142857142857135,66,70,4,0,66,70,8009,0,0,0,0,0
2020-09-27,US,Kentucky,Madison,1750,7,0,37.71659336,-84.27220275,21151.0,1881.9835030703214,0.4,1743,1730,7,0,1723,1724,92368,20,0,0,20,6
2020-09-27,US,Kentucky,Magoffin,84,0,0,37.70820545,-83.0657714,21153.0,690.73267001069,0.0,84,84,0,0,84,83,12362,0,0,0,0,1
2020-09-27,US,Kentucky,Marion,228,8,0,37.55218078,-85.26898542,21155.0,1183.002127328387,3.5087719298245608,220,225,8,0,217,223,19404,3,0,0,3,2
2020-09-27,US,Kentucky,Marshall,302,4,0,36.88007070000001,-88.32803576,21157.0,971.0610932475884,1.3245033112582782,298,299,4,0,295,297,31191,3,0,0,3,2
2020-09-27,US,Kentucky,Martin,78,3,0,37.79990579,-82.51247478,21159.0,696.7396158999553,3.8461538461538463,75,78,3,0,75,77,11323,0,0,0,0,1
2020-09-27,US,Kentucky,Mason,124,2,0,38.59471935,-83.82151043,21161.0,726.4206209724663,1.6129032258064515,122,123,2,0,121,122,17150,1,0,0,1,1
2020-09-27,US,Kentucky,McCracken,734,10,0,37.05350953,-88.70445755,21145.0,1122.0153474578863,1.3623978201634876,724,725,10,0,715,714,65346,9,0,0,9,11
2020-09-27,US,Kentucky,McCreary,168,0,0,36.73874143,-84.48102924,21147.0,974.9869421391678,0.0,168,162,0,0,162,153,17408,6,0,0,6,9
2020-09-27,US,Kentucky,McLean,77,1,0,37.5301951,-87.26803443,21149.0,836.3201911589008,1.2987012987012987,76,76,1,0,75,77,9252,1,0,0,1,-1
2020-09-27,US,Kentucky,Meade,218,3,0,37.96163597,-86.21028219,21163.0,762.9847403051939,1.3761467889908257,215,215,3,0,212,212,28715,3,0,0,3,3
2020-09-27,US,Kentucky,Menifee,46,0,0,37.94090733,-83.59985712,21165.0,708.8919710278932,0.0,46,46,0,0,46,45,6451,0,0,0,0,1
2020-09-27,US,Kentucky,Mercer,239,2,0,37.81474237,-84.87488475,21167.0,1089.6822140154106,0.8368200836820083,237,235,2,0,233,218,21774,4,0,0,4,17
2020-09-27,US,Kentucky,Metcalfe,115,2,0,36.99459295,-85.63123699,21169.0,1141.8925628040906,1.7391304347826086,113,112,2,0,110,111,10030,3,0,0,3,1
2020-09-27,US,Kentucky,Monroe,206,4,0,36.71225341,-85.71596443,21171.0,1934.272300469484,1.9417475728155342,202,205,4,0,201,203,10718,1,0,0,1,2
2020-09-27,US,Kentucky,Montgomery,282,3,0,38.03253032,-83.9145241,21173.0,1001.5271513300422,1.0638297872340423,279,281,3,0,278,277,28203,1,0,0,1,4
2020-09-27,US,Kentucky,Morgan,58,0,0,37.92465657,-83.25558245,21175.0,435.79532647080924,0.0,58,57,0,0,57,55,13345,1,0,0,1,2
2020-09-27,US,Kentucky,Muhlenberg,773,12,0,37.21425819,-87.14632053,21177.0,2524.3289138527857,1.552393272962484,761,768,12,0,756,767,30774,5,0,0,5,1
2020-09-27,US,Kentucky,Nelson,502,4,0,37.80335779,-85.4657193,21179.0,1085.804511928709,0.796812749003984,498,501,4,0,497,496,45851,1,0,0,1,5
2020-09-27,US,Kentucky,Nicholas,32,1,0,38.33342292,-84.01889177,21181.0,440.22561562800934,3.125,31,32,1,0,31,32,7166,0,0,0,0,0
2020-09-27,US,Kentucky,Ohio,457,9,0,37.47751843,-86.85368087,21183.0,1904.64282737351,1.9693654266958425,448,454,9,0,445,448,24087,3,0,0,3,6
2020-09-27,US,Kentucky,Oldham,1122,25,0,38.39791089,-85.448222,21185.0,1679.665863261426,2.228163992869875,1097,1117,25,0,1092,1109,66470,5,0,0,5,8
2020-09-27,US,Kentucky,Owen,101,2,0,38.51679143,-84.82404619,21187.0,926.5205027061736,1.98019801980198,99,101,2,0,99,99,10880,0,0,0,0,2
2020-09-27,US,Kentucky,Owsley,39,1,0,37.42823949,-83.68811419,21189.0,883.3522083805209,2.5641025641025643,38,37,1,0,36,37,4472,2,0,0,2,0
2020-09-27,US,Kentucky,Pendleton,102,0,0,38.69607718,-84.35599463,21191.0,699.1089787525702,0.0,102,101,0,0,101,99,14529,1,0,0,1,2
2020-09-27,US,Kentucky,Perry,335,9,0,37.25023553,-83.22922731,21193.0,1300.5668141936485,2.6865671641791047,326,334,9,0,325,331,26092,1,0,0,1,3
2020-09-27,US,Kentucky,Pike,442,3,0,37.47088263,-82.39487445,21195.0,763.7017070979335,0.6787330316742082,439,442,3,0,439,417,58402,0,0,0,0,25
2020-09-27,US,Kentucky,Powell,96,0,0,37.83218794,-83.82553961,21197.0,776.7618739380209,0.0,96,94,0,0,94,93,12442,2,0,0,2,1
2020-09-27,US,Kentucky,Pulaski,787,10,0,37.10466131,-84.57629079,21199.0,1211.1605287862233,1.2706480304955527,777,784,10,0,774,776,64623,3,0,0,3,8
2020-09-27,US,Kentucky,Robertson,12,0,0,38.51923469,-84.05055616,21201.0,569.2599620493359,0.0,12,12,0,0,12,12,2135,0,0,0,0,0
2020-09-27,US,Kentucky,Rockcastle,172,1,0,37.36642393,-84.31176452,21203.0,1030.2485774183888,0.5813953488372093,171,170,1,0,169,170,16750,2,0,0,2,0
2020-09-27,US,Kentucky,Rowan,221,1,0,38.19484205,-83.42088935,21205.0,903.5159443990187,0.4524886877828054,220,221,1,0,220,218,24583,0,0,0,0,3
2020-09-27,US,Kentucky,Russell,249,6,0,36.99308373,-85.06070117,21207.0,1389.2763488255316,2.409638554216868,243,249,6,0,243,248,17821,0,0,0,0,1
2020-09-27,US,Kentucky,Scott,762,11,0,38.29622293,-84.5816631,21209.0,1336.748298365027,1.4435695538057742,751,759,11,0,748,746,56031,3,0,0,3,13
2020-09-27,US,Kentucky,Shelby,1061,24,0,38.21476019,-85.194223,21211.0,2164.246083550913,2.2620169651272386,1037,1058,24,0,1034,1055,48518,3,0,0,3,3
2020-09-27,US,Kentucky,Simpson,277,8,0,36.74058474,-86.58047435,21213.0,1491.4925694594012,2.888086642599278,269,276,8,0,268,274,18529,1,0,0,1,2
2020-09-27,US,Kentucky,Spencer,213,0,0,38.03223971,-85.32749335,21215.0,1100.7183091313111,0.0,213,211,0,0,211,208,18794,2,0,0,2,3
2020-09-27,US,Kentucky,Taylor,298,7,0,37.3677562,-85.3329931,21217.0,1156.4282665217895,2.348993288590604,291,296,7,0,289,294,25549,2,0,0,2,2
2020-09-27,US,Kentucky,Todd,188,8,0,36.8381152,-87.17878374,21219.0,1529.2012363754675,4.25531914893617,180,188,8,0,180,184,12311,0,0,0,0,4
2020-09-27,US,Kentucky,Trigg,173,0,0,36.80767017,-87.87333656,21221.0,1180.8067708688827,0.0,173,173,0,0,173,172,14643,0,0,0,0,1
2020-09-27,US,Kentucky,Trimble,66,0,0,38.61056487,-85.33775972,21223.0,779.1287923503719,0.0,66,65,0,0,65,63,8515,1,0,0,1,2
2020-09-27,US,Kentucky,Union,330,3,0,37.66166713,-87.94300009,21225.0,2294.694388429177,0.9090909090909092,327,327,3,0,324,318,14505,3,0,0,3,9
2020-09-27,US,Kentucky,Warren,4329,50,0,36.99903045,-86.42672751,21227.0,3257.434384782085,1.155001155001155,4279,4310,50,0,4260,4275,131264,19,0,0,19,35
2020-09-27,US,Kentucky,Washington,146,1,0,37.75599461,-85.17407732,21229.0,1207.1103761885076,0.6849315068493149,145,145,1,0,144,144,12084,1,0,0,1,1
2020-09-27,US,Kentucky,Wayne,150,0,0,36.80310688,-84.8251971,21231.0,737.7170117542911,0.0,150,150,0,0,150,147,20468,0,0,0,0,3
2020-09-27,US,Kentucky,Webster,164,3,0,37.52168356,-87.67989953,21233.0,1267.1920877762325,1.8292682926829267,161,163,3,0,160,161,13111,1,0,0,1,2
2020-09-27,US,Kentucky,Whitley,366,2,0,36.75700531,-84.14541217,21235.0,1009.2653871608206,0.5464480874316939,364,365,2,0,363,337,36242,1,0,0,1,28
2020-09-27,US,Kentucky,Wolfe,39,0,0,37.73941626,-83.49303612,21237.0,544.9210563085093,0.0,39,38,0,0,38,32,7177,1,0,0,1,6
2020-09-27,US,Kentucky,Woodford,273,0,0,38.04178222,-84.7417556,21239.0,1021.1715418568117,0.0,273,272,0,0,272,270,26533,1,0,0,1,2
2020-09-27,US,Louisiana,Acadia,2962,97,0,30.295064899999996,-92.41419698,22001.0,4773.954387944234,3.2748143146522617,2865,2946,96,0,2850,2946,62190,16,1,0,15,0
2020-09-27,US,Louisiana,Allen,1586,50,0,30.65385745,-92.82442028,22003.0,6188.78526554025,3.152585119798234,1536,1580,49,0,1531,1580,25605,6,1,0,5,0
2020-09-27,US,Louisiana,Ascension,3750,98,0,30.20406249,-90.91328409999998,22005.0,2961.9917222204667,2.6133333333333333,3652,3736,97,0,3639,3736,124672,14,1,0,13,0
2020-09-27,US,Louisiana,Assumption,761,24,0,29.89946234,-91.06461642,22007.0,3476.314467132612,3.1537450722733245,737,758,24,0,734,758,22300,3,0,0,3,0
2020-09-27,US,Louisiana,Avoyelles,1526,55,0,31.07796211,-92.00079449,22009.0,3801.315265045835,3.604193971166448,1471,1514,54,0,1460,1514,40462,12,1,0,11,0
2020-09-27,US,Louisiana,Beauregard,1004,37,0,30.64836518,-93.34173616,22011.0,2677.547537136304,3.6852589641434266,967,995,37,0,958,995,37253,9,0,0,9,0
2020-09-27,US,Louisiana,Bienville,484,32,0,32.34569994,-93.05398492,22013.0,3655.3130428215386,6.6115702479338845,452,478,32,0,446,478,13308,6,0,0,6,0
2020-09-27,US,Louisiana,Bossier,3281,106,0,32.67932307,-93.60460152,22015.0,2582.6714630940105,3.230722340749772,3175,3241,106,0,3135,3241,127185,40,0,0,40,0
2020-09-27,US,Louisiana,Caddo,8538,353,0,32.57991587,-93.88375652,22017.0,3554.4786931108556,4.134457718435232,8185,8457,353,0,8104,8457,242922,81,0,0,81,0
2020-09-27,US,Louisiana,Calcasieu,7856,212,0,30.22931235,-93.35400434,22019.0,3861.656737253977,2.69857433808554,7644,7831,210,0,7621,7831,203112,25,2,0,23,0
2020-09-27,US,Louisiana,Caldwell,301,3,0,32.0902519,-92.11752148,22021.0,3034.88606573906,0.9966777408637874,298,300,3,0,297,300,9960,1,0,0,1,0
2020-09-27,US,Louisiana,Cameron,224,2,0,29.87592238,-93.19310676,22023.0,3212.390649648645,0.8928571428571429,222,226,2,0,224,226,6968,-2,0,0,-2,0
2020-09-27,US,Louisiana,Catahoula,436,10,0,31.66778967,-91.84526385,22025.0,4592.374131030124,2.2935779816513757,426,433,10,0,423,433,9608,3,0,0,3,0
2020-09-27,US,Louisiana,Claiborne,507,23,0,32.82308512,-92.99526883,22027.0,3235.4818123803448,4.5364891518737664,484,508,23,0,485,508,15944,-1,0,0,-1,0
2020-09-27,US,Louisiana,Concordia,511,14,0,31.44817835,-91.63814433,22029.0,2653.3049483358427,2.7397260273972597,497,510,13,0,497,510,19572,1,1,0,0,0
2020-09-27,US,Louisiana,De Soto,906,35,0,32.05457447,-93.74130302,22031.0,3298.9840876816083,3.8631346578366452,871,895,35,0,860,895,27436,11,0,0,11,0
2020-09-27,US,Louisiana,East Baton Rouge,15111,440,0,30.53842039,-91.09777565,22033.0,3433.857732713113,2.9117861160743828,14671,15042,441,0,14601,15042,440956,69,-1,0,70,0
2020-09-27,US,Louisiana,East Carroll,549,4,0,32.73926954,-91.23425694,22035.0,8001.7490161784,0.7285974499089253,545,543,4,0,539,543,7037,6,0,0,6,0
2020-09-27,US,Louisiana,East Feliciana,1740,67,0,30.84425359,-91.04976723,22037.0,9093.28455709433,3.8505747126436782,1673,1739,67,0,1672,1739,19305,1,0,0,1,0
2020-09-27,US,Louisiana,Evangeline,1327,32,0,30.72985248,-92.39915924,22039.0,3973.648749812847,2.41145440844009,1295,1314,32,0,1282,1314,33443,13,0,0,13,0
2020-09-27,US,Louisiana,Franklin,1204,38,0,32.13675181,-91.67589857,22041.0,6015.488383712215,3.1561461794019934,1166,1202,38,0,1164,1202,20156,2,0,0,2,0
2020-09-27,US,Louisiana,Grant,495,30,0,31.59882456,-92.56124347,22043.0,2210.90714190004,6.0606060606060606,465,490,30,0,460,490,22482,5,0,0,5,0
2020-09-27,US,Louisiana,Iberia,2929,89,0,29.86803617,-91.75871777,22045.0,4194.472289846772,3.038579720040969,2840,2918,89,0,2829,2918,70941,11,0,0,11,0
2020-09-27,US,Louisiana,Iberville,1409,58,0,30.25734305,-91.3499598,22047.0,4333.917750915075,4.1163946061036185,1351,1407,58,0,1349,1407,32721,2,0,0,2,0
2020-09-27,US,Louisiana,Jackson,649,22,0,32.30251776,-92.55692092,22049.0,4122.205284552845,3.3898305084745757,627,640,22,0,618,640,15902,9,0,0,9,0
2020-09-27,US,Louisiana,Jefferson,17530,568,0,29.74075478,-90.11115756,22051.0,4053.2447924012654,3.240159726183685,16962,17459,568,0,16891,17459,434051,71,0,0,71,0
2020-09-27,US,Louisiana,Jefferson Davis,1241,39,0,30.26896765,-92.81210004,22053.0,3956.2611578678907,3.1426269137792104,1202,1239,39,0,1200,1239,31582,2,0,0,2,0
2020-09-27,US,Louisiana,LaSalle,423,7,0,31.67884782,-92.15907765,22059.0,2840.451248992748,1.6548463356973997,416,425,7,0,418,425,14917,-2,0,0,-2,0
2020-09-27,US,Louisiana,Lafayette,8959,132,0,30.2049055,-92.06959876,22055.0,3665.861941977985,1.4733787253041637,8827,8938,130,0,8808,8938,242782,21,2,0,19,0
2020-09-27,US,Louisiana,Lafourche,3648,121,0,29.52470226,-90.40976986,22057.0,3737.1688487307147,3.316885964912281,3527,3625,121,0,3504,3625,98115,23,0,0,23,0
2020-09-27,US,Louisiana,Lincoln,1321,48,0,32.6003154,-92.66597409999999,22061.0,2826.152068803218,3.633610900832703,1273,1269,48,0,1221,1269,47196,52,0,0,52,0
2020-09-27,US,Louisiana,Livingston,3777,76,0,30.44143993,-90.73061664,22063.0,2682.737997997003,2.0121789780248878,3701,3758,74,0,3684,3758,139567,19,2,0,17,0
2020-09-27,US,Louisiana,Madison,877,8,0,32.36918118,-91.23973355,22065.0,8008.401059263994,0.9122006841505133,869,870,8,0,862,870,11161,7,0,0,7,0
2020-09-27,US,Louisiana,Morehouse,780,22,0,32.81686191,-91.80421614,22067.0,3135.8044544504305,2.8205128205128207,758,776,22,0,754,776,25398,4,0,0,4,0
2020-09-27,US,Louisiana,Natchitoches,1141,26,0,31.72321584,-93.09816516,22069.0,2990.1986477278692,2.2787028921998247,1115,1129,26,0,1103,1129,38659,12,0,0,12,0
2020-09-27,US,Louisiana,Orleans,12569,587,0,30.06971951,-89.92660315,22071.0,3221.6309875328084,4.670220383483173,11982,12524,587,0,11937,12524,391006,45,0,0,45,0
2020-09-27,US,Louisiana,Ouachita,6249,143,0,32.47645559,-92.15704172,22073.0,4076.8794159669615,2.288366138582173,6106,6193,142,0,6051,6193,154475,56,1,0,55,0
2020-09-27,US,Louisiana,Plaquemines,687,19,0,29.42245447,-89.60322085,22075.0,2961.5898607578565,2.7656477438136826,668,676,19,0,657,676,23410,11,0,0,11,0
2020-09-27,US,Louisiana,Pointe Coupee,1062,40,0,30.71409502,-91.60209535,22077.0,4887.2526461113675,3.766478342749529,1022,1055,40,0,1015,1055,21940,7,0,0,7,0
2020-09-27,US,Louisiana,Rapides,4214,148,0,31.19778499,-92.52997303,22079.0,3250.3393804763678,3.5121025154247745,4066,4182,148,0,4034,4182,130562,32,0,0,32,0
2020-09-27,US,Louisiana,Red River,359,22,0,32.09530039,-93.34213308,22081.0,4252.546789860223,6.128133704735376,337,356,22,0,334,356,8477,3,0,0,3,0
2020-09-27,US,Louisiana,Richland,786,11,0,32.41391005,-91.76634876,22083.0,3906.1723486730943,1.3994910941475829,775,752,10,0,742,752,20192,34,1,0,33,0
2020-09-27,US,Louisiana,Sabine,857,13,0,31.56388699,-93.55433981,22085.0,3588.176184893653,1.5169194865810969,844,848,13,0,835,848,24032,9,0,0,9,0
2020-09-27,US,Louisiana,St. Bernard,1410,30,0,29.87761636,-89.51887093,22087.0,2984.505969011938,2.127659574468085,1380,1401,29,0,1372,1401,46721,9,1,0,8,0
2020-09-27,US,Louisiana,St. Charles,1803,59,0,29.90709658,-90.35555967,22089.0,3395.480225988701,3.272323904603439,1744,1791,59,0,1732,1791,52879,12,0,0,12,0
2020-09-27,US,Louisiana,St. Helena,408,4,0,30.82210324,-90.71013176,22091.0,4026.8456375838928,0.9803921568627452,404,413,4,0,409,413,10262,-5,0,0,-5,0
2020-09-27,US,Louisiana,St. James,808,40,0,30.02531716,-90.80212061,22093.0,3830.1099734546833,4.950495049504951,768,805,40,0,765,805,21037,3,0,0,3,0
2020-09-27,US,Louisiana,St. John the Baptist,1586,100,0,30.12597499,-90.4753503,22095.0,3702.406797861661,6.305170239596468,1486,1581,100,0,1481,1581,43184,5,0,0,5,0
2020-09-27,US,Louisiana,St. Landry,3307,124,0,30.59724262,-92.00135806,22097.0,4026.837465296381,3.7496220139098884,3183,3299,124,0,3175,3299,82764,8,0,0,8,0
2020-09-27,US,Louisiana,St. Martin,2094,61,0,30.13112107,-91.61403569,22099.0,3919.0731972076137,2.9130850047755485,2033,2094,61,0,2033,2094,53621,0,0,0,0,0
2020-09-27,US,Louisiana,St. Mary,1917,77,0,29.69262097,-91.44702164,22101.0,3884.6559131069134,4.016692749087116,1840,1911,77,0,1834,1911,49774,6,0,0,6,0
2020-09-27,US,Louisiana,St. Tammany,6941,253,0,30.40942847,-89.95642711,22103.0,2665.3201187317363,3.645007923930269,6688,6907,252,0,6655,6907,258111,34,1,0,33,0
2020-09-27,US,Louisiana,Tangipahoa,4471,119,0,30.62888673,-90.40664996,22105.0,3317.799314326422,2.661596958174905,4352,4441,118,0,4323,4441,133777,30,1,0,29,0
2020-09-27,US,Louisiana,Tensas,161,2,0,32.00760749,-91.32915234,22107.0,3714.81310567605,1.2422360248447204,159,161,2,0,159,161,4462,0,0,0,0,0
2020-09-27,US,Louisiana,Terrebonne,3630,115,0,29.37343766,-90.82626855,22109.0,3286.227718380243,3.1680440771349865,3515,3623,113,0,3510,3623,111021,7,2,0,5,0
2020-09-27,US,Louisiana,Unassigned,196,182,0,0.0,0.0,90022.0,0.0,92.85714285714286,14,196,182,0,14,196,,0,0,0,0,0
2020-09-27,US,Louisiana,Union,969,43,0,32.83121059,-92.3749373,22111.0,4383.028767866836,4.4375644994840036,926,963,42,0,921,963,22330,6,1,0,5,0
2020-09-27,US,Louisiana,Vermilion,2037,61,0,29.83517605,-92.30292538,22113.0,3422.896607349902,2.9945999018163967,1976,2038,61,0,1977,2038,59830,-1,0,0,-1,0
2020-09-27,US,Louisiana,Vernon,1049,51,0,31.10884837,-93.18153838,22115.0,2211.727002466845,4.861773117254528,998,1049,49,0,1000,1049,48860,0,2,0,-2,0
2020-09-27,US,Louisiana,Washington,1634,66,0,30.85288548,-90.03866652,22117.0,3537.2559206823407,4.039167686658507,1568,1624,65,0,1559,1624,46582,10,1,0,9,0
2020-09-27,US,Louisiana,Webster,1263,23,0,32.70847669,-93.33121835,22119.0,3294.209702660407,1.8210609659540773,1240,1232,23,0,1209,1232,38798,31,0,0,31,0
2020-09-27,US,Louisiana,West Baton Rouge,908,41,0,30.46058217,-91.30989571,22121.0,3430.946533157,4.515418502202643,867,903,41,0,862,903,26427,5,0,0,5,0
2020-09-27,US,Louisiana,West Carroll,349,10,0,32.78550125,-91.461201,22123.0,3222.53000923361,2.8653295128939833,339,345,10,0,335,345,10982,4,0,0,4,0
2020-09-27,US,Louisiana,West Feliciana,756,25,0,30.87882871,-91.41485379999999,22125.0,4856.115107913669,3.306878306878307,731,752,25,0,727,752,15460,4,0,0,4,0
2020-09-27,US,Louisiana,Winn,628,18,0,31.94449367,-92.63789413,22127.0,4516.68584579977,2.8662420382165603,610,622,18,0,604,622,14134,6,0,0,6,0
2020-09-27,US,Maine,Androscoggin,711,10,0,44.1664747,-70.20380627,23001.0,656.6491498656225,1.4064697609001406,701,706,10,0,696,705,107679,5,0,0,5,1
2020-09-27,US,Maine,Aroostook,43,1,0,46.65926321,-68.59841248,23003.0,64.12646335098054,2.3255813953488373,42,43,1,0,42,43,67111,0,0,0,0,0
2020-09-27,US,Maine,Cumberland,2307,70,0,43.8370751,-70.37226999,23005.0,782.0259454988593,3.034243606415258,2237,2306,70,0,2236,2302,293557,1,0,0,1,4
2020-09-27,US,Maine,Franklin,61,1,0,44.97330019,-70.44381045,23007.0,201.9934434915064,1.639344262295082,60,62,1,0,61,61,29897,-1,0,0,-1,1
2020-09-27,US,Maine,Hancock,54,1,0,44.59816444,-68.38401854,23009.0,98.20503027988434,1.851851851851852,53,54,1,0,53,53,54811,0,0,0,0,1
2020-09-27,US,Maine,Kennebec,214,11,0,44.40759555,-69.76738544,23011.0,174.97669702866673,5.140186915887852,203,214,11,0,203,211,122083,0,0,0,0,3
2020-09-27,US,Maine,Knox,39,1,0,44.11486325,-69.10529169,23013.0,98.05893593482851,2.5641025641025643,38,36,1,0,35,36,39771,3,0,0,3,0
2020-09-27,US,Maine,Lincoln,42,1,0,44.05996956,-69.54227124,23015.0,121.26811803430157,2.380952380952381,41,42,1,0,41,42,34342,0,0,0,0,0
2020-09-27,US,Maine,Oxford,147,1,0,44.49952995,-70.75682123,23017.0,253.5575679172057,0.6802721088435374,146,140,1,0,139,139,57618,7,0,0,7,1
2020-09-27,US,Maine,Penobscot,254,6,0,45.40194593,-68.65020455,23019.0,166.9427136735284,2.3622047244094486,248,253,6,0,247,253,151096,1,0,0,1,0
2020-09-27,US,Maine,Piscataquis,9,0,0,45.83839062,-69.2860223,23021.0,53.61930294906166,0.0,9,9,0,0,9,9,16800,0,0,0,0,0
2020-09-27,US,Maine,Sagadahoc,66,0,0,43.95415864,-69.85074999,23023.0,184.06961178045518,0.0,66,66,0,0,66,66,35634,0,0,0,0,0
2020-09-27,US,Maine,Somerset,86,8,0,45.51229767,-69.95995554,23025.0,170.35100229775767,9.30232558139535,78,85,8,0,77,84,50592,1,0,0,1,1
2020-09-27,US,Maine,Waldo,73,14,0,44.4858305,-69.12061935,23027.0,183.809643711444,19.17808219178082,59,73,14,0,59,73,39694,0,0,0,0,0
2020-09-27,US,Maine,Washington,16,0,0,45.01607142,-67.62813524,23029.0,50.989515280920365,0.0,16,16,0,0,16,16,31490,0,0,0,0,0
2020-09-27,US,Maine,York,1165,15,0,43.47808377,-70.71052375,23031.0,561.064529644916,1.2875536480686696,1150,1153,15,0,1138,1141,206229,12,0,0,12,12
2020-09-27,US,Maryland,Allegany,463,22,0,39.62357628,-78.69280486,24001.0,657.5210179504658,4.7516198704103685,441,461,22,0,439,460,70975,2,0,0,2,1
2020-09-27,US,Maryland,Anne Arundel,9969,248,0,39.00670238,-76.60329337,24003.0,1721.066097639296,2.487711906911425,9721,9933,247,0,9686,9873,576031,36,1,0,35,60
2020-09-27,US,Maryland,Baltimore,17837,623,0,39.45784712,-76.62911955,24005.0,2155.8673870215257,3.4927398105062517,17214,17782,622,0,17160,17720,828431,55,1,0,54,62
2020-09-27,US,Maryland,Baltimore City,15525,487,0,39.30211911,-76.61151012,24510.0,2615.8823232067944,3.1368760064412236,15038,15484,487,0,14997,15431,621342,41,0,0,41,53
2020-09-27,US,Maryland,Calvert,942,28,0,38.53961642,-76.56820632,24009.0,1018.1032153472032,2.9723991507431,914,939,28,0,911,933,92003,3,0,0,3,6
2020-09-27,US,Maryland,Caroline,646,7,0,38.87172293,-75.82904158,24011.0,1933.7843501167456,1.08359133126935,639,644,7,0,637,640,33304,2,0,0,2,4
2020-09-27,US,Maryland,Carroll,1948,126,0,39.56453592,-77.02373735,24013.0,1156.4468349094968,6.468172484599589,1822,1944,126,0,1818,1937,168429,4,0,0,4,7
2020-09-27,US,Maryland,Cecil,1057,35,0,39.56647682,-75.94627411,24015.0,1027.6602984784406,3.3112582781456954,1022,1056,35,0,1021,1038,102826,1,0,0,1,18
2020-09-27,US,Maryland,Charles,2759,101,0,38.51092331,-76.98580666,24017.0,1689.9734774006631,3.660746647335991,2658,2753,101,0,2652,2745,161503,6,0,0,6,8
2020-09-27,US,Maryland,Dorchester,593,10,0,38.45413522,-76.02752426,24019.0,1857.245764038961,1.6863406408094437,583,592,10,0,582,587,31998,1,0,0,1,5
2020-09-27,US,Maryland,Frederick,4037,131,0,39.47296601,-77.39999394,24021.0,1555.4022970791418,3.2449838989348527,3906,4019,131,0,3888,3995,255648,18,0,0,18,24
2020-09-27,US,Maryland,Garrett,74,1,0,39.52786077,-79.27355126,24023.0,255.04928655132005,1.351351351351351,73,72,1,0,71,72,29163,2,0,0,2,0
2020-09-27,US,Maryland,Harford,3021,76,0,39.55010644,-76.30775940000002,24025.0,1182.6605752404664,2.5157232704402515,2945,3008,76,0,2932,2986,253956,13,0,0,13,22
2020-09-27,US,Maryland,Howard,5061,122,0,39.25305293,-76.93126208,24027.0,1553.9316527986734,2.410590792333531,4939,5034,122,0,4912,5013,323196,27,0,0,27,21
2020-09-27,US,Maryland,Kent,304,24,0,39.24976208,-76.04741541,24029.0,1565.2353001750591,7.894736842105262,280,303,24,0,279,300,19383,1,0,0,1,3
2020-09-27,US,Maryland,Montgomery,22360,844,0,39.13676329,-77.20358245,24031.0,2128.1293780836936,3.774597495527728,21516,22275,844,0,21431,22185,1052567,85,0,0,85,90
2020-09-27,US,Maryland,Prince George's,29210,827,0,38.83070039,-76.8496441,24033.0,3212.265774578342,2.8312221841834986,28383,29130,827,0,28303,28995,909308,80,0,0,80,135
2020-09-27,US,Maryland,Queen Anne's,659,26,0,39.06198912,-76.03530977,24035.0,1308.0327901391395,3.9453717754172986,633,654,26,0,628,652,50251,5,0,0,5,2
2020-09-27,US,Maryland,Somerset,276,5,0,38.1163542,-75.75118623,24039.0,1077.4515927545283,1.8115942028985508,271,272,4,0,268,263,25675,4,1,0,3,9
2020-09-27,US,Maryland,St. Mary's,1291,57,0,38.30058422,-76.60629279999998,24037.0,1137.3447273367985,4.415182029434547,1234,1288,57,0,1231,1274,112664,3,0,0,3,14
2020-09-27,US,Maryland,Talbot,559,6,0,38.76618159,-76.10882561,24041.0,1503.4560662704068,1.073345259391771,553,555,6,0,549,551,36968,4,0,0,4,4
2020-09-27,US,Maryland,Unassigned,0,17,0,0.0,0.0,90024.0,0.0,0.0,-17,0,11,0,-11,0,,0,6,0,-6,0
2020-09-27,US,Maryland,Washington,1787,37,0,39.60835778,-77.82002295,24043.0,1183.0598017861753,2.0705092333519866,1750,1770,37,0,1733,1720,150926,17,0,0,17,50
2020-09-27,US,Maryland,Wicomico,1975,48,0,38.37301947,-75.62705831,24045.0,1906.205059406036,2.4303797468354436,1927,1959,48,0,1911,1949,103195,16,0,0,16,10
2020-09-27,US,Maryland,Worcester,1050,27,0,38.21274277,-75.33200012,24047.0,2008.5698982324584,2.571428571428572,1023,1045,26,0,1019,1040,51823,5,1,0,4,5
2020-09-27,US,Massachusetts,Barnstable,1757,174,0,41.72980578,-70.28854339,25001.0,824.9213578102257,9.903244166192373,1583,1750,174,0,1576,1736,213413,7,0,0,7,14
2020-09-27,US,Massachusetts,Berkshire,711,49,0,42.37428441,-73.20524838,25003.0,569.054936611602,6.891701828410689,662,707,49,0,658,707,126348,4,0,0,4,0
2020-09-27,US,Massachusetts,Bristol,10018,697,0,41.79228404,-71.10872211,25005.0,1772.416611673039,6.957476542223997,9321,9981,696,0,9285,9926,564022,37,1,0,36,55
2020-09-27,US,Massachusetts,Dukes and Nantucket,157,1,0,41.40674725,-70.68763497,0.0,546.448087431694,0.6369426751592356,156,157,1,0,156,154,26707,0,0,0,0,3
2020-09-27,US,Massachusetts,Essex,19765,1281,0,42.6687626,-70.94687179,25009.0,2504.961763371414,6.481153554262584,18484,19637,1280,0,18357,19525,790638,128,1,0,127,112
2020-09-27,US,Massachusetts,Franklin,410,68,0,42.58119713,-72.58602547,25011.0,584.2120262182957,16.585365853658537,342,408,68,0,340,406,70963,2,0,0,2,2
2020-09-27,US,Massachusetts,Hampden,8199,776,0,42.13440424,-72.63235561,25013.0,1758.0386472601272,9.464568849859742,7423,8147,775,0,7372,8117,470406,52,1,0,51,30
2020-09-27,US,Massachusetts,Hampshire,1226,144,0,42.33997957,-72.65898478,25015.0,762.2955916184793,11.745513866231649,1082,1222,143,0,1079,1214,161355,4,1,0,3,8
2020-09-27,US,Massachusetts,Middlesex,27340,2146,0,42.48607732,-71.39049229,25017.0,1696.3465262434238,7.849305047549378,25194,27201,2143,0,25058,27103,1614714,139,3,0,136,98
2020-09-27,US,Massachusetts,Norfolk,10247,1058,0,42.16073095,-71.20530408,25021.0,1449.824908917265,10.32497316287694,9189,10212,1058,0,9154,10170,705388,35,0,0,35,42
2020-09-27,US,Massachusetts,Plymouth,9671,769,0,41.94070556,-70.80802823,25023.0,1855.5185897214515,7.951607899906938,8902,9639,767,0,8872,9621,518132,32,2,0,30,18
2020-09-27,US,Massachusetts,Suffolk,24281,1135,0,42.327951399999996,-71.07850442,25025.0,3020.3742472698955,4.67443680243812,23146,24177,1134,0,23043,24089,807252,104,1,0,103,88
2020-09-27,US,Massachusetts,Unassigned,2516,5,0,0.0,0.0,90025.0,0.0,0.1987281399046105,2511,2511,5,0,2506,2461,,5,0,0,5,50
2020-09-27,US,Massachusetts,Worcester,14344,1101,0,42.35026951,-71.90493363,25027.0,1726.8986374066662,7.675683212493029,13243,14301,1098,0,13203,14252,830839,43,3,0,40,49
2020-09-27,US,Michigan,Alcona,43,2,0,44.6846864,-83.59507875,26001.0,413.2628543969246,4.651162790697675,41,43,2,0,41,42,10362,0,0,0,0,1
2020-09-27,US,Michigan,Alger,18,0,0,46.41292944,-86.60260122,26003.0,197.6284584980237,0.0,18,18,0,0,18,17,9097,0,0,0,0,1
2020-09-27,US,Michigan,Allegan,765,7,0,42.59147037,-85.89102866,26005.0,647.860367036187,0.915032679738562,758,765,7,0,758,755,117327,0,0,0,0,10
2020-09-27,US,Michigan,Alpena,148,14,0,45.03477666,-83.62212411,26007.0,521.0350290441824,9.459459459459461,134,148,14,0,134,148,28360,0,0,0,0,0
2020-09-27,US,Michigan,Antrim,70,0,0,44.99690221,-85.15503082,26009.0,300.1200480192077,0.0,70,70,0,0,70,70,23365,0,0,0,0,0
2020-09-27,US,Michigan,Arenac,70,3,0,44.0636262,-83.89277559,26011.0,470.3352818652154,4.285714285714286,67,70,3,0,67,69,15041,0,0,0,0,1
2020-09-27,US,Michigan,Baraga,30,0,0,46.6720582,-88.36363591,26013.0,365.4525520769887,0.0,30,30,0,0,30,26,8320,0,0,0,0,4
2020-09-27,US,Michigan,Barry,306,4,0,42.59513984,-85.30834519,26015.0,497.1567831031682,1.30718954248366,302,306,4,0,302,292,61157,0,0,0,0,14
2020-09-27,US,Michigan,Bay,1006,50,0,43.70639106,-83.98731479,26017.0,975.5056920660164,4.970178926441352,956,1006,50,0,956,1000,103923,0,0,0,0,6
2020-09-27,US,Michigan,Benzie,79,2,0,44.63899297,-86.01608482,26019.0,444.6695936057638,2.5316455696202533,77,79,2,0,77,79,17753,0,0,0,0,0
2020-09-27,US,Michigan,Berrien,1877,74,0,41.95447397,-86.41313079999998,26021.0,1223.5904589930965,3.9424613745338304,1803,1877,74,0,1803,1863,154141,0,0,0,0,14
2020-09-27,US,Michigan,Branch,619,5,0,41.91600556,-85.05929476,26023.0,1422.4326125422253,0.8077544426494345,614,619,5,0,614,610,43622,0,0,0,0,9
2020-09-27,US,Michigan,Calhoun,1357,45,0,42.24633834,-85.00493569,26025.0,1011.4863706497514,3.316138540899042,1312,1357,45,0,1312,1332,134487,0,0,0,0,25
2020-09-27,US,Michigan,Cass,579,16,0,41.91522292,-85.99405727,26027.0,1118.0412072527854,2.763385146804836,563,579,16,0,563,572,51653,0,0,0,0,7
2020-09-27,US,Michigan,Charlevoix,107,3,0,45.37790017,-85.19614053,26029.0,409.2873809432736,2.803738317757009,104,107,3,0,104,107,26244,0,0,0,0,0
2020-09-27,US,Michigan,Cheboygan,91,2,0,45.44787015,-84.50122149,26031.0,360.02532046209836,2.1978021978021984,89,91,2,0,89,90,25413,0,0,0,0,1
2020-09-27,US,Michigan,Chippewa,78,0,0,46.29552653,-84.54353449,26033.0,208.84093282283328,0.0,78,78,0,0,78,77,37517,0,0,0,0,1
2020-09-27,US,Michigan,Clare,112,4,0,43.98794227,-84.84819859999998,26035.0,361.87399030694667,3.571428571428572,108,112,4,0,108,112,30757,0,0,0,0,0
2020-09-27,US,Michigan,Clinton,677,14,0,42.94400871,-84.60145248,26037.0,850.5559394434323,2.06794682422452,663,677,14,0,663,669,79332,0,0,0,0,8
2020-09-27,US,Michigan,Crawford,124,5,0,44.68255561,-84.61006219,26039.0,883.8833844179914,4.032258064516129,119,124,5,0,119,123,13901,0,0,0,0,1
2020-09-27,US,Michigan,Delta,414,7,0,45.90484910000001,-86.9080745,26041.0,1156.9416498993965,1.6908212560386473,407,414,7,0,407,377,35857,0,0,0,0,37
2020-09-27,US,Michigan,Dickinson,131,2,0,46.00999672,-87.86961634,26043.0,519.0379967510598,1.5267175572519085,129,131,2,0,129,128,25383,0,0,0,0,3
2020-09-27,US,Michigan,Eaton,664,10,0,42.59599185,-84.83740035,26045.0,602.1692603475169,1.5060240963855422,654,664,10,0,654,647,109826,0,0,0,0,17
2020-09-27,US,Michigan,Emmet,157,4,0,45.52625509,-84.89083249,26047.0,469.8488702678438,2.5477707006369426,153,157,4,0,153,156,33308,0,0,0,0,1
2020-09-27,US,Michigan,Federal Correctional Institution (FCI),195,5,0,0.0,0.0,0.0,0.0,2.5641025641025643,190,195,5,0,190,195,,0,0,0,0,0
2020-09-27,US,Michigan,Genesee,4554,308,0,43.02244215,-83.70589709,26049.0,1122.1917484161424,6.763285024154589,4246,4554,308,0,4246,4497,406892,0,0,0,0,57
2020-09-27,US,Michigan,Gladwin,96,2,0,43.98901072,-84.38774817,26051.0,377.225038311918,2.083333333333333,94,96,2,0,94,93,25337,0,0,0,0,3
2020-09-27,US,Michigan,Gogebic,160,2,0,46.40862701,-89.69377193,26053.0,1144.9016100178892,1.25,158,160,2,0,158,158,15096,0,0,0,0,2
2020-09-27,US,Michigan,Grand Traverse,482,8,0,44.69565625,-85.55585247,26055.0,517.7896184255758,1.6597510373443984,474,482,8,0,474,477,92573,0,0,0,0,5
2020-09-27,US,Michigan,Gratiot,270,15,0,43.29265605,-84.60505416,26057.0,663.2114170617277,5.5555555555555545,255,270,15,0,255,267,40599,0,0,0,0,3
2020-09-27,US,Michigan,Hillsdale,348,27,0,41.88753639,-84.59312019,26059.0,763.074224317509,7.758620689655173,321,348,27,0,321,344,45749,0,0,0,0,4
2020-09-27,US,Michigan,Houghton,475,1,0,46.89988536,-88.68495385,26061.0,1331.1287972200425,0.21052631578947367,474,475,1,0,474,442,36219,0,0,0,0,33
2020-09-27,US,Michigan,Huron,225,5,0,43.83353985,-83.04078453,26063.0,726.251573545076,2.2222222222222223,220,225,5,0,220,225,31166,0,0,0,0,0
2020-09-27,US,Michigan,Ingham,3506,47,0,42.59716886,-84.37472069,26065.0,1199.0178040122294,1.340559041642898,3459,3506,47,0,3459,3462,292735,0,0,0,0,44
2020-09-27,US,Michigan,Ionia,368,7,0,42.94502238,-85.07413319,26067.0,568.8053541895297,1.9021739130434785,361,368,7,0,361,364,64210,0,0,0,0,4
2020-09-27,US,Michigan,Iosco,219,12,0,44.35486835,-83.63484895,26069.0,871.5724121462966,5.479452054794519,207,219,12,0,207,215,25081,0,0,0,0,4
2020-09-27,US,Michigan,Iron,164,2,0,46.20974132,-88.53136251,26071.0,1482.0169889752397,1.2195121951219512,162,164,2,0,162,145,11117,0,0,0,0,19
2020-09-27,US,Michigan,Isabella,700,13,0,43.64060976,-84.84664923,26073.0,1001.8319212273873,1.8571428571428568,687,700,13,0,687,693,70562,0,0,0,0,7
2020-09-27,US,Michigan,Jackson,1079,45,0,42.24807035,-84.42258681,26075.0,680.7141505267806,4.170528266913808,1034,1079,45,0,1034,1071,158823,0,0,0,0,8
2020-09-27,US,Michigan,Kalamazoo,2888,93,0,42.24542231,-85.53038622,26077.0,1089.5399636316993,3.2202216066481992,2795,2888,93,0,2795,2833,264870,0,0,0,0,55
2020-09-27,US,Michigan,Kalkaska,85,4,0,44.68512729,-85.09085699,26079.0,471.22740880363676,4.705882352941177,81,85,4,0,81,83,17824,0,0,0,0,2
2020-09-27,US,Michigan,Kent,9843,175,0,43.03197711,-85.54934642,26081.0,1498.276137634998,1.7779132378339937,9668,9843,175,0,9668,9752,653786,0,0,0,0,91
2020-09-27,US,Michigan,Keweenaw,10,0,0,47.63197653,-88.41434263,26083.0,472.5897920604915,0.0,10,10,0,0,10,9,2113,0,0,0,0,1
2020-09-27,US,Michigan,Lake,32,0,0,43.99050893,-85.802173,26085.0,269.97384628364125,0.0,32,32,0,0,32,32,11881,0,0,0,0,0
2020-09-27,US,Michigan,Lapeer,613,36,0,43.09052506,-83.22153148,26087.0,699.7157761366101,5.8727569331158245,577,613,36,0,577,606,88028,0,0,0,0,7
2020-09-27,US,Michigan,Leelanau,112,1,0,44.94430054,-85.80150326,26089.0,514.682229676945,0.8928571428571429,111,112,1,0,111,112,21764,0,0,0,0,0
2020-09-27,US,Michigan,Lenawee,797,18,0,41.89475156,-84.06603727,26091.0,809.5397710536206,2.258469259723965,779,797,18,0,779,794,98266,0,0,0,0,3
2020-09-27,US,Michigan,Livingston,1377,30,0,42.60302282,-83.91297209,26093.0,717.206177244199,2.178649237472767,1347,1377,30,0,1347,1361,191224,0,0,0,0,16
2020-09-27,US,Michigan,Luce,13,0,0,46.47227431,-85.54471223,26095.0,208.7012361534757,0.0,13,13,0,0,13,13,6283,0,0,0,0,0
2020-09-27,US,Michigan,Mackinac,59,0,0,46.07028979,-85.04980537,26097.0,546.3468839707382,0.0,59,59,0,0,59,57,10787,0,0,0,0,2
2020-09-27,US,Michigan,Macomb,14478,1021,0,42.69158356,-82.92752801,26099.0,1656.5748101769848,7.052079016438736,13457,14478,1021,0,13457,14400,874759,0,0,0,0,78
2020-09-27,US,Michigan,Manistee,76,2,0,44.33352407,-86.05626916,26101.0,309.4714553302386,2.631578947368421,74,76,2,0,74,75,24528,0,0,0,0,1
2020-09-27,US,Michigan,Marquette,362,12,0,46.4338914,-87.64043701,26103.0,542.7367726652574,3.3149171270718236,350,362,12,0,350,354,66516,0,0,0,0,8
2020-09-27,US,Michigan,Mason,134,0,0,43.99509218,-86.24988902,26105.0,459.7858907493824,0.0,134,134,0,0,134,134,29100,0,0,0,0,0
2020-09-27,US,Michigan,Mecosta,206,3,0,43.64064262,-85.32463223,26107.0,474.07543782937887,1.4563106796116505,203,206,3,0,203,205,43545,0,0,0,0,1
2020-09-27,US,Michigan,Menominee,375,1,0,45.58038692,-87.55370409,26109.0,1646.1808604038627,0.26666666666666666,374,375,1,0,374,369,22983,0,0,0,0,6
2020-09-27,US,Michigan,Michigan Department of Corrections (MDOC),5593,73,0,0.0,0.0,0.0,0.0,1.3052029322367245,5520,5593,73,0,5520,5593,,0,0,0,0,0
2020-09-27,US,Michigan,Midland,605,11,0,43.64330771,-84.38804374,26111.0,727.5482226177305,1.818181818181818,594,605,11,0,594,599,83209,0,0,0,0,6
2020-09-27,US,Michigan,Missaukee,63,1,0,44.33772443,-85.09256478,26113.0,416.7217885963752,1.5873015873015872,62,63,1,0,62,62,15113,0,0,0,0,1
2020-09-27,US,Michigan,Monroe,1513,28,0,41.92734151,-83.53749864,26115.0,1005.3156146179402,1.8506278916060803,1485,1513,28,0,1485,1506,150439,0,0,0,0,7
2020-09-27,US,Michigan,Montcalm,315,6,0,43.31082541,-85.15252824,26117.0,493.05033809166036,1.9047619047619049,309,315,6,0,309,312,63968,0,0,0,0,3
2020-09-27,US,Michigan,Montmorency,14,0,0,45.0275929,-84.12696227,26119.0,150.08576329331046,0.0,14,14,0,0,14,14,9265,0,0,0,0,0
2020-09-27,US,Michigan,Muskegon,1517,69,0,43.29123859,-86.15176712,26121.0,874.0191051242755,4.548450889914305,1448,1517,69,0,1448,1502,173588,0,0,0,0,15
2020-09-27,US,Michigan,Newaygo,361,2,0,43.554373999999996,-85.80070107,26123.0,737.0355247039607,0.554016620498615,359,361,2,0,359,362,48892,0,0,0,0,-1
2020-09-27,US,Michigan,Oakland,20543,1200,0,42.66090111,-83.38595416,26125.0,1633.529052532475,5.841405831670156,19343,20543,1200,0,19343,20442,1259201,0,0,0,0,101
2020-09-27,US,Michigan,Oceana,518,6,0,43.64124435,-86.26726673,26127.0,1957.1541920126956,1.1583011583011582,512,518,6,0,512,516,26625,0,0,0,0,2
2020-09-27,US,Michigan,Ogemaw,67,5,0,44.33481032,-84.12725175,26129.0,319.09320379101774,7.462686567164179,62,67,5,0,62,65,20952,0,0,0,0,2
2020-09-27,US,Michigan,Ontonagon,42,0,0,46.665226200000006,-89.31390481,26131.0,734.2657342657343,0.0,42,42,0,0,42,42,5795,0,0,0,0,0
2020-09-27,US,Michigan,Osceola,93,0,0,43.98992088,-85.32566756,26133.0,396.4194373401535,0.0,93,93,0,0,93,93,23341,0,0,0,0,0
2020-09-27,US,Michigan,Oscoda,30,1,0,44.68192279,-84.12939244,26135.0,364.0334910811795,3.333333333333333,29,30,1,0,29,31,8276,0,0,0,0,-1
2020-09-27,US,Michigan,Otsego,176,11,0,45.02085831,-84.59898295,26137.0,713.4749473001459,6.25,165,176,11,0,165,174,24665,0,0,0,0,2
2020-09-27,US,Michigan,Ottawa,3398,66,0,42.95996803,-85.9969107,26139.0,1164.3765205770485,1.9423190111830488,3332,3398,66,0,3332,3370,290494,0,0,0,0,28
2020-09-27,US,Michigan,Out of MI,186,2,0,0.0,0.0,80026.0,0.0,1.075268817204301,184,186,2,0,184,195,,0,0,0,0,-9
2020-09-27,US,Michigan,Presque Isle,27,1,0,45.34018577,-83.91498656,26141.0,214.42185514612453,3.703703703703704,26,27,1,0,26,26,12738,0,0,0,0,1
2020-09-27,US,Michigan,Roscommon,100,4,0,44.33473082,-84.61067651,26143.0,416.33706648902944,4.0,96,100,4,0,96,97,23884,0,0,0,0,3
2020-09-27,US,Michigan,Saginaw,2932,139,0,43.33433923,-84.05131209999998,26145.0,1538.7925831457078,4.740791268758526,2793,2932,139,0,2793,2921,190800,0,0,0,0,11
2020-09-27,US,Michigan,Sanilac,147,7,0,43.42406072,-82.82055898,26151.0,357.0561088170998,4.761904761904762,140,147,7,0,140,146,41182,0,0,0,0,1
2020-09-27,US,Michigan,Schoolcraft,27,0,0,46.19235734,-86.19972234,26153.0,333.5804299481097,0.0,27,27,0,0,27,25,8068,0,0,0,0,2
2020-09-27,US,Michigan,Shiawassee,513,32,0,42.95392800000001,-84.14585902,26155.0,753.060685241185,6.237816764132552,481,513,32,0,481,510,68192,0,0,0,0,3
2020-09-27,US,Michigan,St. Clair,1008,56,0,42.92655373,-82.67937954,26147.0,633.4523151173897,5.5555555555555545,952,1008,56,0,952,998,159337,0,0,0,0,10
2020-09-27,US,Michigan,St. Joseph,769,11,0,41.91441767,-85.52797979,26149.0,1261.400170592481,1.4304291287386215,758,769,11,0,758,763,61043,0,0,0,0,6
2020-09-27,US,Michigan,Tuscola,509,31,0,43.46606813,-83.41897025,26157.0,974.2559096564264,6.090373280943027,478,509,31,0,478,510,52516,0,0,0,0,-1
2020-09-27,US,Michigan,Unassigned,17,0,0,0.0,0.0,90026.0,0.0,0.0,17,17,0,0,17,8,,0,0,0,0,9
2020-09-27,US,Michigan,Van Buren,763,17,0,42.25190229,-86.01939087,26159.0,1008.2323559337713,2.2280471821756227,746,763,17,0,746,753,75448,0,0,0,0,10
2020-09-27,US,Michigan,Washtenaw,3560,116,0,42.253105,-83.83853204,26161.0,968.4413263293626,3.2584269662921344,3444,3560,116,0,3444,3517,370963,0,0,0,0,43
2020-09-27,US,Michigan,Wayne,35021,2977,0,42.28098405,-83.281255,26163.0,2001.9515898254374,8.500613917363868,32044,35021,2977,0,32044,34903,1753893,0,0,0,0,118
2020-09-27,US,Michigan,Wexford,123,4,0,44.33853602,-85.57712739,26165.0,365.73399542089135,3.2520325203252027,119,123,4,0,119,124,33466,0,0,0,0,-1
2020-09-27,US,Minnesota,Aitkin,81,1,0,46.60962049,-93.41168259999999,27001.0,509.88291577489616,1.2345679012345678,80,80,1,0,79,76,15902,1,0,0,1,4
2020-09-27,US,Minnesota,Anoka,6182,135,0,45.27476015,-93.24604565,27003.0,1732.0359407263793,2.183759301197024,6047,6092,133,0,5959,6006,353813,90,2,0,88,86
2020-09-27,US,Minnesota,Becker,280,2,0,46.93479392,-95.67158144,27005.0,813.4096389042212,0.7142857142857143,278,280,2,0,278,272,34371,0,0,0,0,8
2020-09-27,US,Minnesota,Beltrami,440,5,0,47.97373527,-94.93732139,27007.0,932.440450962109,1.1363636363636365,435,421,5,0,416,413,46847,19,0,0,19,8
2020-09-27,US,Minnesota,Benton,558,3,0,45.69804958,-93.99514135,27009.0,1364.6702047005308,0.5376344086021505,555,552,3,0,549,536,40545,6,0,0,6,16
2020-09-27,US,Minnesota,Big Stone,83,0,0,45.42712824,-96.41403739,27011.0,1662.9933880985775,0.0,83,82,0,0,82,81,4989,1,0,0,1,1
2020-09-27,US,Minnesota,Blue Earth,1714,6,0,44.03554215,-94.06699781,27013.0,2533.5166215836703,0.3500583430571762,1708,1699,6,0,1693,1676,67427,15,0,0,15,23
2020-09-27,US,Minnesota,Brown,195,2,0,44.24205652,-94.72562874,27015.0,779.7504798464491,1.0256410256410255,193,191,2,0,189,184,25111,4,0,0,4,7
2020-09-27,US,Minnesota,Carlton,271,1,0,46.59180601,-92.67601019,27017.0,755.4849321178668,0.3690036900369004,270,270,1,0,269,263,35837,1,0,0,1,7
2020-09-27,US,Minnesota,Carver,1429,7,0,44.82017001,-93.80099179999999,27019.0,1359.7997887504878,0.489853044086774,1422,1419,7,0,1412,1396,103551,10,0,0,10,23
2020-09-27,US,Minnesota,Cass,182,4,0,46.95043611,-94.32603968,27021.0,611.1689445582458,2.1978021978021984,178,180,4,0,176,165,29519,2,0,0,2,15
2020-09-27,US,Minnesota,Chippewa,219,1,0,45.02343421,-95.56403693,27023.0,1855.9322033898306,0.45662100456620996,218,214,1,0,213,208,11924,5,0,0,5,6
2020-09-27,US,Minnesota,Chisago,507,1,0,45.5021011,-92.90861945,27025.0,896.092189681684,0.19723865877712032,506,494,1,0,493,484,55922,13,0,0,13,10
2020-09-27,US,Minnesota,Clay,1411,40,0,46.89289518,-96.48761922,27027.0,2197.066425835384,2.8348688873139616,1371,1389,40,0,1349,1371,63955,22,0,0,22,18
2020-09-27,US,Minnesota,Clearwater,28,0,0,47.57992111,-95.37790562,27029.0,317.5323202540259,0.0,28,27,0,0,27,27,8810,1,0,0,1,0
2020-09-27,US,Minnesota,Cook,6,0,0,47.90504893,-90.52629546,27031.0,109.82976386600771,0.0,6,6,0,0,6,6,5393,0,0,0,0,0
2020-09-27,US,Minnesota,Cottonwood,227,0,0,44.00715262,-95.18138802,27033.0,2027.509824937477,0.0,227,225,0,0,225,224,11277,2,0,0,2,1
2020-09-27,US,Minnesota,Crow Wing,533,18,0,46.48096553,-94.06755609,27035.0,819.3067404503881,3.377110694183865,515,516,18,0,498,494,64889,17,0,0,17,22
2020-09-27,US,Minnesota,Dakota,7585,126,0,44.67172617,-93.06299363,27037.0,1767.9787236522222,1.6611733684904415,7459,7524,126,0,7398,7428,425423,61,0,0,61,96
2020-09-27,US,Minnesota,Dodge,248,0,0,44.02238415,-92.86244324,27039.0,1184.6756472723798,0.0,248,239,0,0,239,232,20822,9,0,0,9,7
2020-09-27,US,Minnesota,Douglas,326,2,0,45.93348491,-95.45335469,27041.0,854.723263679505,0.6134969325153374,324,310,2,0,308,297,37964,16,0,0,16,13
2020-09-27,US,Minnesota,Faribault,146,0,0,43.67381499,-93.94787458,27043.0,1069.362044971801,0.0,146,145,0,0,145,141,13758,1,0,0,1,4
2020-09-27,US,Minnesota,Fillmore,123,0,0,43.67394126,-92.08980382,27045.0,583.8515213366878,0.0,123,120,0,0,120,116,21058,3,0,0,3,4
2020-09-27,US,Minnesota,Freeborn,544,4,0,43.67385583,-93.34884422,27047.0,1796.5060599055514,0.7352941176470589,540,542,4,0,538,540,30444,2,0,0,2,2
2020-09-27,US,Minnesota,Goodhue,376,9,0,44.40849741,-92.72341949999999,27049.0,811.3940440224428,2.3936170212765955,367,365,9,0,356,360,46403,11,0,0,11,5
2020-09-27,US,Minnesota,Grant,62,4,0,45.93424769,-96.01139609,27051.0,1038.1781647689218,6.451612903225807,58,61,4,0,57,61,6021,1,0,0,1,0
2020-09-27,US,Minnesota,Hennepin,27177,931,0,45.00761521,-93.47694895,27053.0,2146.948713229049,3.4256908415204035,26246,26960,930,0,26030,26706,1259428,217,1,0,216,254
2020-09-27,US,Minnesota,Houston,127,0,0,43.67129565,-91.49143057,27055.0,682.7956989247311,0.0,127,128,0,0,128,125,18578,-1,0,0,-1,3
2020-09-27,US,Minnesota,Hubbard,111,1,0,47.10778564,-94.91693868,27057.0,516.4952770927365,0.9009009009009008,110,103,1,0,102,97,21332,8,0,0,8,6
2020-09-27,US,Minnesota,Isanti,307,1,0,45.56181234,-93.29487636,27059.0,756.2321410976451,0.3257328990228013,306,297,1,0,296,289,39966,10,0,0,10,8
2020-09-27,US,Minnesota,Itasca,339,14,0,47.51009045,-93.63092229,27061.0,751.1633060048747,4.1297935103244825,325,328,14,0,314,313,45108,11,0,0,11,15
2020-09-27,US,Minnesota,Jackson,150,1,0,43.67423373,-95.15398258,27063.0,1523.4613040828765,0.6666666666666666,149,148,1,0,147,145,9911,2,0,0,2,3
2020-09-27,US,Minnesota,Kanabec,126,8,0,45.9459309,-93.29275192,27065.0,771.2554324539391,6.349206349206349,118,125,8,0,117,119,16207,1,0,0,1,6
2020-09-27,US,Minnesota,Kandiyohi,1026,2,0,45.1526059,-95.00586446,27067.0,2375.0549781244936,0.1949317738791423,1024,1011,2,0,1009,982,42855,15,0,0,15,29
2020-09-27,US,Minnesota,Kittson,12,0,0,48.77754106,-96.78317184,27069.0,279.1996277338297,0.0,12,12,0,0,12,12,4248,0,0,0,0,0
2020-09-27,US,Minnesota,Koochiching,123,3,0,48.24539665,-93.78352843,27071.0,1005.8058712895577,2.4390243902439024,120,122,3,0,119,121,12440,1,0,0,1,1
2020-09-27,US,Minnesota,Lac qui Parle,60,1,0,44.9973857,-96.17488219,27073.0,905.9338668277215,1.6666666666666667,59,58,1,0,57,53,6658,2,0,0,2,5
2020-09-27,US,Minnesota,Lake,59,0,0,47.64270764,-91.44557998,27075.0,554.4591673714876,0.0,59,59,0,0,59,58,10658,0,0,0,0,1
2020-09-27,US,Minnesota,Lake of the Woods,23,1,0,48.77217001,-94.90274472,27077.0,614.9732620320857,4.3478260869565215,22,22,1,0,21,21,3758,1,0,0,1,1
2020-09-27,US,Minnesota,Le Sueur,472,4,0,44.37136597,-93.72844721,27079.0,1633.9529892339115,0.8474576271186439,468,467,4,0,463,460,28494,5,0,0,5,7
2020-09-27,US,Minnesota,Lincoln,115,0,0,44.41311883,-96.26688165,27081.0,2039.3686823904948,0.0,115,111,0,0,111,111,5673,4,0,0,4,0
2020-09-27,US,Minnesota,Lyon,713,4,0,44.41327865,-95.83806103,27083.0,2798.9322446415954,0.5610098176718092,709,695,4,0,691,678,25629,18,0,0,18,17
2020-09-27,US,Minnesota,Mahnomen,48,1,0,47.32557075,-95.80921485,27087.0,868.4639044689708,2.083333333333333,47,48,1,0,47,46,5519,0,0,0,0,2
2020-09-27,US,Minnesota,Marshall,53,1,0,48.35825983,-96.37017407,27089.0,567.6949443016281,1.8867924528301887,52,52,1,0,51,51,9390,1,0,0,1,1
2020-09-27,US,Minnesota,Martin,426,10,0,43.67429718,-94.55099908,27091.0,2164.3042219173913,2.347417840375587,416,408,10,0,398,394,19785,18,0,0,18,14
2020-09-27,US,Minnesota,McLeod,494,2,0,44.82367677,-94.27287017,27085.0,1376.3129300977907,0.4048582995951417,492,488,2,0,486,478,35873,6,0,0,6,10
2020-09-27,US,Minnesota,Meeker,207,2,0,45.12328869,-94.52839455,27093.0,891.3960899147362,0.966183574879227,205,202,2,0,200,198,23141,5,0,0,5,4
2020-09-27,US,Minnesota,Mille Lacs,165,3,0,45.93705297,-93.63236823,27095.0,627.9255622787989,1.818181818181818,162,164,3,0,161,158,26139,1,0,0,1,6
2020-09-27,US,Minnesota,Morrison,264,2,0,46.01265363,-94.27341528,27097.0,790.7506140298327,0.7575757575757576,262,249,2,0,247,233,33169,15,0,0,15,16
2020-09-27,US,Minnesota,Mower,1336,5,0,43.67142874,-92.75234549,27099.0,3334.8310119315056,0.374251497005988,1331,1328,5,0,1323,1322,40011,8,0,0,8,6
2020-09-27,US,Minnesota,Murray,170,2,0,44.02216709,-95.76328482,27101.0,2074.688796680498,1.1764705882352942,168,164,2,0,162,163,8276,6,0,0,6,1
2020-09-27,US,Minnesota,Nicollet,542,17,0,44.35291112,-94.24710352,27103.0,1581.3736359922973,3.1365313653136533,525,540,16,0,524,529,34220,2,1,0,1,11
2020-09-27,US,Minnesota,Nobles,1975,16,0,43.67434621,-95.75329576,27105.0,9131.258957880624,0.810126582278481,1959,1971,16,0,1955,1961,21924,4,0,0,4,10
2020-09-27,US,Minnesota,Norman,53,0,0,47.32628443,-96.45620947,27107.0,831.3725490196077,0.0,53,54,0,0,54,54,6475,-1,0,0,-1,0
2020-09-27,US,Minnesota,Olmsted,2473,28,0,44.00374114,-92.40209944,27109.0,1562.2927103535849,1.1322280630812778,2445,2446,28,0,2418,2388,156277,27,0,0,27,58
2020-09-27,US,Minnesota,Otter Tail,445,4,0,46.40846929,-95.70835255,27111.0,757.4983828686209,0.8988764044943821,441,441,4,0,437,430,58812,4,0,0,4,11
2020-09-27,US,Minnesota,Pennington,120,1,0,48.06642577,-96.0370814,27113.0,849.9185494723422,0.8333333333333334,119,119,1,0,118,117,14178,1,0,0,1,2
2020-09-27,US,Minnesota,Pine,336,0,0,46.12105238,-92.74070188,27115.0,1135.9410392508198,0.0,336,328,0,0,328,319,29483,8,0,0,8,9
2020-09-27,US,Minnesota,Pipestone,230,10,0,44.02301619,-96.25841142,27117.0,2520.2717510409816,4.3478260869565215,220,225,10,0,215,220,9047,5,0,0,5,5
2020-09-27,US,Minnesota,Polk,316,4,0,47.77372465,-96.40134647,27119.0,1007.5245504399949,1.2658227848101269,312,305,4,0,301,305,31529,11,0,0,11,0
2020-09-27,US,Minnesota,Pope,98,0,0,45.58606667,-95.44451209,27121.0,871.1885500933416,0.0,98,94,0,0,94,92,11097,4,0,0,4,2
2020-09-27,US,Minnesota,Ramsey,10985,320,0,45.01625271,-93.09872295,27123.0,1996.1077262179708,2.9130632680928534,10665,10911,320,0,10591,10775,550210,74,0,0,74,136
2020-09-27,US,Minnesota,Red Lake,45,1,0,47.87197525,-96.09561104,27125.0,1109.7410604192357,2.2222222222222223,44,45,1,0,44,44,3999,0,0,0,0,1
2020-09-27,US,Minnesota,Redwood,170,3,0,44.40555844,-95.25207021,27127.0,1120.6328279499012,1.7647058823529411,167,167,3,0,164,158,15249,3,0,0,3,9
2020-09-27,US,Minnesota,Renville,156,8,0,44.72836381,-94.94553734,27129.0,1072.3123453395656,5.128205128205129,148,151,8,0,143,147,14612,5,0,0,5,4
2020-09-27,US,Minnesota,Rice,1343,8,0,44.3543376,-93.29658715,27131.0,2005.315654303291,0.5956813104988831,1335,1335,8,0,1327,1328,66523,8,0,0,8,7
2020-09-27,US,Minnesota,Rock,176,0,0,43.67482683,-96.25296832,27133.0,1889.4256575415993,0.0,176,173,0,0,173,166,9414,3,0,0,3,7
2020-09-27,US,Minnesota,Roseau,124,0,0,48.77501878,-95.81079919,27135.0,817.6722716782064,0.0,124,123,0,0,123,118,15150,1,0,0,1,5
2020-09-27,US,Minnesota,Scott,2603,33,0,44.6490231,-93.53340251,27139.0,1746.8274580070195,1.2677679600461007,2570,2574,33,0,2541,2532,147381,29,0,0,29,42
2020-09-27,US,Minnesota,Sherburne,1161,14,0,45.44447208,-93.77617511,27141.0,1193.977663053539,1.205857019810508,1147,1150,14,0,1136,1137,96036,11,0,0,11,13
2020-09-27,US,Minnesota,Sibley,195,3,0,44.5796592,-94.23164924,27143.0,1311.8062563067608,1.5384615384615383,192,192,3,0,189,191,15028,3,0,0,3,1
2020-09-27,US,Minnesota,St. Louis,1618,41,0,47.604840700000004,-92.46879855,27137.0,812.7794243231024,2.5339925834363406,1577,1602,41,0,1561,1555,199754,16,0,0,16,47
2020-09-27,US,Minnesota,Stearns,4045,24,0,45.55192576,-94.61078221,27145.0,2511.2525221170263,0.5933250927070457,4021,4010,24,0,3986,3950,159256,35,0,0,35,60
2020-09-27,US,Minnesota,Steele,553,2,0,44.02240351,-93.22627088,27147.0,1508.908837894622,0.3616636528028933,551,547,2,0,545,540,36803,6,0,0,6,7
2020-09-27,US,Minnesota,Stevens,105,1,0,45.58613007,-96.00163705,27149.0,1070.8822029576747,0.9523809523809524,104,103,1,0,102,97,9753,2,0,0,2,6
2020-09-27,US,Minnesota,Swift,142,1,0,45.2829032,-95.68264092,27151.0,1532.484351392187,0.7042253521126759,141,138,1,0,137,137,9345,4,0,0,4,1
2020-09-27,US,Minnesota,Todd,502,2,0,46.06996226,-94.89785296,27153.0,2035.3551735322733,0.398406374501992,500,495,2,0,493,488,24582,7,0,0,7,7
2020-09-27,US,Minnesota,Traverse,31,0,0,45.77298854,-96.47062949,27155.0,951.2120282295184,0.0,31,31,0,0,31,29,3308,0,0,0,0,2
2020-09-27,US,Minnesota,Unassigned,180,52,0,0.0,0.0,90027.0,0.0,28.88888888888889,128,170,52,0,118,155,,10,0,0,10,15
2020-09-27,US,Minnesota,Wabasha,201,0,0,44.28424356,-92.23121312,27157.0,929.3938132889444,0.0,201,196,0,0,196,188,21645,5,0,0,5,8
2020-09-27,US,Minnesota,Wadena,69,0,0,46.58589171,-94.96968506,27159.0,504.3122350533548,0.0,69,69,0,0,69,68,13773,0,0,0,0,1
2020-09-27,US,Minnesota,Waseca,689,8,0,44.02211116,-93.58720034,27161.0,3701.912744465936,1.161103047895501,681,669,8,0,661,614,18691,20,0,0,20,55
2020-09-27,US,Minnesota,Washington,3841,55,0,45.03864533,-92.88429635,27163.0,1463.5726261240666,1.4319187711533454,3786,3799,55,0,3744,3735,259201,42,0,0,42,64
2020-09-27,US,Minnesota,Watonwan,530,4,0,43.97823903,-94.61413846,27165.0,4863.723960723135,0.7547169811320755,526,528,4,0,524,520,10980,2,0,0,2,8
2020-09-27,US,Minnesota,Wilkin,66,3,0,46.35721532,-96.4684375,27167.0,1063.3156114064766,4.545454545454546,63,65,3,0,62,63,6254,1,0,0,1,2
2020-09-27,US,Minnesota,Winona,906,18,0,43.98772283,-91.78081305,27169.0,1794.6280009507966,1.9867549668874167,888,887,18,0,869,870,50825,19,0,0,19,17
2020-09-27,US,Minnesota,Wright,1664,7,0,45.17297924,-93.96234781,27171.0,1202.5119781466576,0.4206730769230769,1657,1632,7,0,1625,1603,136349,32,0,0,32,29
2020-09-27,US,Minnesota,Yellow Medicine,187,2,0,44.71710183,-95.86842453,27173.0,1926.047996704089,1.0695187165775402,185,182,2,0,180,176,9795,5,0,0,5,6
2020-09-27,US,Mississippi,Adams,942,37,0,31.47669768,-91.35326037,28001.0,3069.1037044277195,3.927813163481953,905,941,37,0,904,938,31192,1,0,0,1,3
2020-09-27,US,Mississippi,Alcorn,823,11,0,34.88084463,-88.57996173,28003.0,2227.153411089763,1.336573511543135,812,820,11,0,809,803,36925,3,0,0,3,17
2020-09-27,US,Mississippi,Amite,332,10,0,31.17467303,-90.80501621,28005.0,2699.8454907701066,3.0120481927710845,322,332,10,0,322,329,12326,0,0,0,0,3
2020-09-27,US,Mississippi,Attala,670,25,0,33.08658803,-89.57838564,28007.0,3686.585231649609,3.7313432835820897,645,667,25,0,642,659,18365,3,0,0,3,8
2020-09-27,US,Mississippi,Benton,228,3,0,34.81681228,-89.18945516,28009.0,2760.624772974937,1.3157894736842106,225,227,3,0,224,226,8271,1,0,0,1,1
2020-09-27,US,Mississippi,Bolivar,1847,66,0,33.79696941,-90.87372121,28011.0,6030.429672195377,3.573362208987547,1781,1845,66,0,1779,1840,31333,2,0,0,2,5
2020-09-27,US,Mississippi,Calhoun,522,12,0,33.93683395,-89.33686647,28013.0,3634.8443701692077,2.2988505747126435,510,521,12,0,509,515,14436,1,0,0,1,6
2020-09-27,US,Mississippi,Carroll,320,12,0,33.44834567,-89.91994479,28015.0,3217.0503669448076,3.75,308,319,12,0,307,316,9911,1,0,0,1,3
2020-09-27,US,Mississippi,Chickasaw,685,24,0,33.91983202,-88.9481545,28017.0,4005.145296146875,3.5036496350364965,661,684,24,0,660,679,17171,1,0,0,1,5
2020-09-27,US,Mississippi,Choctaw,186,6,0,33.34598242,-89.24809382,28019.0,2265.5298416565165,3.2258064516129035,180,186,6,0,180,185,8278,0,0,0,0,1
2020-09-27,US,Mississippi,Claiborne,465,16,0,31.97061673,-90.90702196,28021.0,5173.564753004005,3.4408602150537635,449,465,16,0,449,463,9002,0,0,0,0,2
2020-09-27,US,Mississippi,Clarke,603,46,0,32.04158545,-88.68896219999998,28023.0,3880.0591982497913,7.628524046434494,557,600,46,0,554,587,15604,3,0,0,3,13
2020-09-27,US,Mississippi,Clay,596,18,0,33.65358105,-88.77784255,28025.0,3085.5249534065033,3.0201342281879198,578,595,18,0,577,592,19386,1,0,0,1,3
2020-09-27,US,Mississippi,Coahoma,1162,29,0,34.22772299,-90.60415045,28027.0,5252.214789369012,2.4956970740103266,1133,1163,29,0,1134,1155,22628,-1,0,0,-1,8
2020-09-27,US,Mississippi,Copiah,1192,33,0,31.86977774,-90.44565118,28029.0,4247.283092820238,2.7684563758389262,1159,1191,33,0,1158,1184,28543,1,0,0,1,7
2020-09-27,US,Mississippi,Covington,827,23,0,31.63225413,-89.55389939,28031.0,4437.647563854905,2.7811366384522365,804,827,22,0,805,820,18853,0,1,0,-1,7
2020-09-27,US,Mississippi,DeSoto,5623,61,0,34.87625235,-89.99091418,28033.0,3040.363351266593,1.084830161835319,5562,5594,60,0,5534,5565,182001,29,1,0,28,29
2020-09-27,US,Mississippi,Forrest,2500,75,0,31.18961454,-89.25832496,28035.0,3337.917406571692,3.0,2425,2489,73,0,2416,2478,75036,11,2,0,9,11
2020-09-27,US,Mississippi,Franklin,193,3,0,31.47786634,-90.89672989,28037.0,2502.268896667963,1.5544041450777202,190,193,3,0,190,192,7788,0,0,0,0,1
2020-09-27,US,Mississippi,George,782,13,0,30.86259065,-88.64436789,28039.0,3191.8367346938776,1.6624040920716112,769,780,13,0,767,771,24250,2,0,0,2,9
2020-09-27,US,Mississippi,Greene,387,17,0,31.21444233,-88.63922281,28041.0,2848.5205358457233,4.3927648578811365,370,388,17,0,371,375,13586,-1,0,0,-1,13
2020-09-27,US,Mississippi,Grenada,1095,36,0,33.77036166,-89.80245083,28043.0,5275.074670006745,3.287671232876712,1059,1090,36,0,1054,1083,21055,5,0,0,5,7
2020-09-27,US,Mississippi,Hancock,588,22,0,30.41830223,-89.48851033,28045.0,1234.4642257306016,3.741496598639456,566,587,22,0,565,582,47334,1,0,0,1,5
2020-09-27,US,Mississippi,Harrison,3883,74,0,30.51359752,-89.12467576,28047.0,1866.1091887735488,1.9057429822302343,3809,3883,74,0,3809,3853,206650,0,0,0,0,30
2020-09-27,US,Mississippi,Hinds,7148,160,0,32.2656285,-90.44435448,28049.0,3083.1608005521052,2.238388360380526,6988,7143,160,0,6983,7110,237085,5,0,0,5,33
2020-09-27,US,Mississippi,Holmes,1098,59,0,33.12345854,-90.08923538,28051.0,6455.026455026455,5.373406193078325,1039,1098,59,0,1039,1096,17622,0,0,0,0,2
2020-09-27,US,Mississippi,Humphreys,378,15,0,33.12825718,-90.52252707,28053.0,4687.5,3.968253968253968,363,377,15,0,362,377,8257,1,0,0,1,0
2020-09-27,US,Mississippi,Issaquena,105,3,0,32.72531359,-90.97392828,28055.0,7912.584777694045,2.8571428571428568,102,105,3,0,102,104,1308,0,0,0,0,1
2020-09-27,US,Mississippi,Itawamba,831,21,0,34.27993475,-88.3606733,28057.0,3552.8003420265068,2.527075812274368,810,826,21,0,805,815,23517,5,0,0,5,11
2020-09-27,US,Mississippi,Jackson,3521,70,0,30.54020656,-88.64184064,28059.0,2451.659622468092,1.9880715705765408,3451,3505,70,0,3435,3486,143277,16,0,0,16,19
2020-09-27,US,Mississippi,Jasper,577,15,0,32.01922104,-89.11786866,28061.0,3521.9434779954827,2.599653379549393,562,575,15,0,560,573,16428,2,0,0,2,2
2020-09-27,US,Mississippi,Jefferson,243,9,0,31.73397872,-91.03764977,28063.0,3476.3948497854076,3.703703703703704,234,243,9,0,234,243,7106,0,0,0,0,0
2020-09-27,US,Mississippi,Jefferson Davis,342,11,0,31.56884708,-89.82670990000004,28065.0,3073.3285406182604,3.2163742690058483,331,342,11,0,331,341,11234,0,0,0,0,1
2020-09-27,US,Mississippi,Jones,2498,79,0,31.62257767,-89.16896899999998,28067.0,3668.242826514729,3.162530024019216,2419,2487,79,0,2408,2475,68461,11,0,0,11,12
2020-09-27,US,Mississippi,Kemper,290,15,0,32.75462946,-88.64105766,28069.0,2976.8014781359066,5.172413793103448,275,290,15,0,275,289,10027,0,0,0,0,1
2020-09-27,US,Mississippi,Lafayette,2193,40,0,34.35687874,-89.48490961,28071.0,4059.6827042336963,1.8239854081167353,2153,2191,39,0,2152,2173,54793,2,1,0,1,18
2020-09-27,US,Mississippi,Lamar,1724,35,0,31.20572971,-89.5077704,28073.0,2721.68984733909,2.03016241299304,1689,1716,35,0,1681,1700,62447,8,0,0,8,16
2020-09-27,US,Mississippi,Lauderdale,2064,125,0,32.40419769,-88.66229662,28075.0,2784.4856661045533,6.0562015503875966,1939,2059,125,0,1934,2049,75317,5,0,0,5,10
2020-09-27,US,Mississippi,Lawrence,433,13,0,31.55147224,-90.10841127,28077.0,3440.3305259812487,3.0023094688221708,420,433,13,0,420,433,12455,0,0,0,0,0
2020-09-27,US,Mississippi,Leake,961,38,0,32.7536828,-89.52402044,28079.0,4217.501974896866,3.954214360041624,923,960,38,0,922,953,22763,1,0,0,1,7
2020-09-27,US,Mississippi,Lee,2748,70,0,34.291877500000005,-88.68149954,28081.0,3216.442717355681,2.5473071324599705,2678,2736,70,0,2666,2714,85202,12,0,0,12,22
2020-09-27,US,Mississippi,Leflore,1413,81,0,33.55545125,-90.29900733,28083.0,5013.660717453784,5.732484076433121,1332,1410,81,0,1329,1404,28919,3,0,0,3,6
2020-09-27,US,Mississippi,Lincoln,1104,53,0,31.53288662,-90.45391915,28085.0,3232.5125172020025,4.800724637681159,1051,1102,53,0,1049,1090,34205,2,0,0,2,12
2020-09-27,US,Mississippi,Lowndes,1579,58,0,33.47386518,-88.44191529999998,28087.0,2694.769178257531,3.6732108929702334,1521,1580,58,0,1522,1569,58930,-1,0,0,-1,11
2020-09-27,US,Mississippi,Madison,3312,89,0,32.63389156,-90.03513564,28089.0,3116.531165311653,2.6871980676328504,3223,3310,89,0,3221,3297,105630,2,0,0,2,13
2020-09-27,US,Mississippi,Marion,868,35,0,31.23132643,-89.8209217,28091.0,3532.332234566394,4.032258064516129,833,865,35,0,830,859,24715,3,0,0,3,6
2020-09-27,US,Mississippi,Marshall,1111,17,0,34.76216286,-89.50299462,28093.0,3147.843826146087,1.53015301530153,1094,1106,17,0,1089,1095,35451,5,0,0,5,11
2020-09-27,US,Mississippi,Monroe,1236,69,0,33.89236763,-88.4808438,28095.0,3506.1840462952446,5.58252427184466,1167,1235,68,0,1167,1228,35564,1,1,0,0,7
2020-09-27,US,Mississippi,Montgomery,465,20,0,33.49419589,-89.61729103,28097.0,4757.033248081842,4.301075268817204,445,464,20,0,444,461,10023,1,0,0,1,3
2020-09-27,US,Mississippi,Neshoba,1580,104,0,32.75339664,-89.11726492,28099.0,5426.196854179545,6.582278481012659,1476,1579,104,0,1475,1566,29125,1,0,0,1,13
2020-09-27,US,Mississippi,Newton,773,24,0,32.40021118,-89.11843336,28101.0,3677.799980968693,3.104786545924968,749,772,24,0,748,770,21443,1,0,0,1,2
2020-09-27,US,Mississippi,Noxubee,551,16,0,33.11009499,-88.56949061,28103.0,5289.430738216377,2.9038112522686026,535,551,16,0,535,548,10535,0,0,0,0,3
2020-09-27,US,Mississippi,Oktibbeha,1801,52,0,33.42491685,-88.87905132,28105.0,3632.0003226652148,2.8872848417545813,1749,1799,52,0,1747,1778,49599,2,0,0,2,21
2020-09-27,US,Mississippi,Panola,1507,31,0,34.36398677,-89.95064249,28107.0,4407.463734206833,2.05706702057067,1476,1499,30,0,1469,1471,34178,8,1,0,7,28
2020-09-27,US,Mississippi,Pearl River,894,53,0,30.77090935,-89.58677275,28109.0,1609.795624381021,5.92841163310962,841,892,53,0,839,883,55387,2,0,0,2,9
2020-09-27,US,Mississippi,Perry,424,19,0,31.17161885,-88.99281835,28111.0,3541.301261170968,4.481132075471698,405,424,19,0,405,423,11931,0,0,0,0,1
2020-09-27,US,Mississippi,Pike,1240,51,0,31.17507789,-90.40392572,28113.0,3156.1800040724897,4.112903225806451,1189,1240,51,0,1189,1234,39563,0,0,0,0,6
2020-09-27,US,Mississippi,Pontotoc,1279,16,0,34.226046000000004,-89.03636807,28115.0,3975.259526325605,1.2509773260359656,1263,1278,16,0,1262,1266,31833,1,0,0,1,12
2020-09-27,US,Mississippi,Prentiss,863,17,0,34.61810501,-88.51986294,28117.0,3434.6891666003344,1.969872537659328,846,862,17,0,845,855,25315,1,0,0,1,7
2020-09-27,US,Mississippi,Quitman,377,5,0,34.25157572,-90.28908,28119.0,5550.6478209658435,1.326259946949602,372,377,5,0,372,373,7051,0,0,0,0,4
2020-09-27,US,Mississippi,Rankin,3308,79,0,32.26469147,-89.94537876,28121.0,2130.468664464066,2.3881499395405084,3229,3306,79,0,3227,3293,153902,2,0,0,2,13
2020-09-27,US,Mississippi,Scott,1176,27,0,32.406704100000006,-89.53789439,28123.0,4181.482008249182,2.295918367346939,1149,1176,27,0,1149,1174,28287,0,0,0,0,2
2020-09-27,US,Mississippi,Sharkey,266,13,0,32.88149103,-90.81595379999999,28125.0,6155.982411478824,4.887218045112782,253,266,13,0,253,266,4377,0,0,0,0,0
2020-09-27,US,Mississippi,Simpson,1047,46,0,31.91282117,-89.91716179,28127.0,3927.526446094981,4.393505253104107,1001,1046,46,0,1000,1033,26758,1,0,0,1,13
2020-09-27,US,Mississippi,Smith,536,15,0,32.01744532,-89.50644846,28129.0,3367.6803216888666,2.7985074626865667,521,534,15,0,519,532,16002,2,0,0,2,2
2020-09-27,US,Mississippi,Stone,375,12,0,30.79187949,-89.11547539,28131.0,2045.1570680628272,3.2,363,374,12,0,362,371,18717,1,0,0,1,3
2020-09-27,US,Mississippi,Sunflower,1473,46,0,33.60192578,-90.58882684,28133.0,5866.188769414576,3.122878479293958,1427,1471,46,0,1425,1465,25735,2,0,0,2,6
2020-09-27,US,Mississippi,Tallahatchie,774,21,0,33.95339918,-90.1729398,28135.0,5605.040191179665,2.713178294573644,753,773,21,0,752,770,13987,1,0,0,1,3
2020-09-27,US,Mississippi,Tate,1006,38,0,34.65133709,-89.94485778,28137.0,3552.134458529007,3.7773359840954273,968,1004,37,0,967,987,28759,2,1,0,1,17
2020-09-27,US,Mississippi,Tippah,672,17,0,34.76872156,-88.90988194,28139.0,3052.4642289348167,2.5297619047619047,655,671,17,0,654,669,21995,1,0,0,1,2
2020-09-27,US,Mississippi,Tishomingo,691,38,0,34.74023475,-88.23917219,28141.0,3564.9796213176496,5.4992764109985535,653,690,38,0,652,682,19454,1,0,0,1,8
2020-09-27,US,Mississippi,Tunica,497,15,0,34.64967704,-90.37481167,28143.0,5159.883720930233,3.0181086519114686,482,497,15,0,482,486,9944,0,0,0,0,11
2020-09-27,US,Mississippi,Union,998,24,0,34.49162015,-89.00776006,28145.0,3463.473885129273,2.404809619238477,974,998,24,0,974,997,28606,0,0,0,0,1
2020-09-27,US,Mississippi,Walthall,602,26,0,31.14971548,-90.10446654,28147.0,4213.915721685567,4.318936877076412,576,601,26,0,575,600,14465,1,0,0,1,1
2020-09-27,US,Mississippi,Warren,1409,50,0,32.35810271,-90.83352619,28149.0,3104.8236045922304,3.5486160397445,1359,1407,50,0,1357,1405,46176,2,0,0,2,2
2020-09-27,US,Mississippi,Washington,2259,77,0,33.28392041,-90.94196237,28151.0,5144.731148511693,3.408587870739265,2182,2259,77,0,2182,2238,45063,0,0,0,0,21
2020-09-27,US,Mississippi,Wayne,905,21,0,31.64135687,-88.69573913,28153.0,4483.971659317247,2.3204419889502756,884,904,21,0,883,900,20298,1,0,0,1,4
2020-09-27,US,Mississippi,Webster,338,13,0,33.61300486,-89.28392912,28155.0,3488.4921044483435,3.8461538461538463,325,338,13,0,325,338,9788,0,0,0,0,0
2020-09-27,US,Mississippi,Wilkinson,305,18,0,31.16078225,-91.31018819,28157.0,3534.1830822711468,5.9016393442622945,287,305,18,0,287,305,8792,0,0,0,0,0
2020-09-27,US,Mississippi,Winston,742,19,0,33.08747908,-89.03391385,28159.0,4132.553606237817,2.5606469002695422,723,742,19,0,723,738,18165,0,0,0,0,4
2020-09-27,US,Mississippi,Yalobusha,436,14,0,34.02824175,-89.70762049999998,28161.0,3600.9250082590033,3.2110091743119265,422,435,14,0,421,433,12392,1,0,0,1,2
2020-09-27,US,Mississippi,Yazoo,1062,30,0,32.77890365,-90.39656148,28163.0,3576.961940047154,2.824858757062147,1032,1062,30,0,1032,1059,28248,0,0,0,0,3
2020-09-27,US,Missouri,Adair,343,0,0,40.19058551,-92.60078167,29001.0,1353.4309276723354,0.0,343,338,0,0,338,331,25339,5,0,0,5,7
2020-09-27,US,Missouri,Andrew,258,2,0,39.98492163,-94.80163024,29003.0,1456.6395663956641,0.7751937984496124,256,250,2,0,248,244,17607,8,0,0,8,6
2020-09-27,US,Missouri,Atchison,53,0,0,40.43238737,-95.42970639,29005.0,1030.5269298075054,0.0,53,52,0,0,52,51,5171,1,0,0,1,1
2020-09-27,US,Missouri,Audrain,431,4,0,39.215877,-91.84242683,29007.0,1697.6524342208918,0.9280742459396752,427,424,4,0,420,420,25473,7,0,0,7,4
2020-09-27,US,Missouri,Barry,490,6,0,36.70978521,-93.82919888,29009.0,1369.1357679733994,1.2244897959183674,484,478,6,0,472,473,35886,12,0,0,12,5
2020-09-27,US,Missouri,Barton,185,0,0,37.50207671,-94.34757022,29011.0,1573.9322783733194,0.0,185,183,0,0,183,180,11798,2,0,0,2,3
2020-09-27,US,Missouri,Bates,123,2,0,38.25271289,-94.34113157,29013.0,760.5738313133812,1.6260162601626016,121,116,2,0,114,113,16320,7,0,0,7,3
2020-09-27,US,Missouri,Benton,333,3,0,38.29503305,-93.28756116,29015.0,1712.6986576145655,0.9009009009009008,330,317,3,0,314,304,19278,16,0,0,16,13
2020-09-27,US,Missouri,Bollinger,351,1,0,37.32449052,-90.02725304,29017.0,2892.936619137889,0.2849002849002849,350,348,1,0,347,344,12169,3,0,0,3,4
2020-09-27,US,Missouri,Boone,4686,10,0,38.99186229,-92.30723575,29019.0,2596.654161794939,0.21340162185232608,4676,4655,10,0,4645,4628,180005,31,0,0,31,27
2020-09-27,US,Missouri,Buchanan,2006,16,0,39.65816401,-94.80138942,29021.0,2296.1402866169133,0.7976071784646062,1990,1971,16,0,1955,1919,88571,35,0,0,35,52
2020-09-27,US,Missouri,Butler,650,7,0,36.71462476,-90.40421163,29023.0,1530.2038702387115,1.0769230769230769,643,646,7,0,639,640,42639,4,0,0,4,6
2020-09-27,US,Missouri,Caldwell,95,1,0,39.65620858,-93.98308093,29025.0,1053.2150776053218,1.0526315789473684,94,93,1,0,92,89,9108,2,0,0,2,4
2020-09-27,US,Missouri,Callaway,662,3,0,38.83674754,-91.92186505,29027.0,1479.5610486556554,0.4531722054380665,659,652,3,0,649,638,44889,10,0,0,10,14
2020-09-27,US,Missouri,Camden,1008,11,0,38.02199522,-92.76083747,29029.0,2176.8707482993195,1.0912698412698412,997,989,11,0,978,939,45815,19,0,0,19,50
2020-09-27,US,Missouri,Cape Girardeau,1779,15,0,37.38489388,-89.6843587,29031.0,2255.581899557505,0.8431703204047217,1764,1726,15,0,1711,1678,78753,53,0,0,53,48
2020-09-27,US,Missouri,Carroll,132,2,0,39.42762566,-93.50626255,29033.0,1520.912547528517,1.5151515151515151,130,134,2,0,132,132,8743,-2,0,0,-2,2
2020-09-27,US,Missouri,Carter,109,1,0,36.94160441,-90.96051322,29035.0,1822.13306586426,0.9174311926605504,108,104,1,0,103,100,6054,5,0,0,5,4
2020-09-27,US,Missouri,Cass,1515,24,0,38.64789422,-94.353399,29037.0,1432.2178105501985,1.5841584158415842,1491,1502,24,0,1478,1489,104954,13,0,0,13,13
2020-09-27,US,Missouri,Cedar,113,0,0,37.72391475,-93.85445441,29039.0,787.5113248309987,0.0,113,107,0,0,107,103,14165,6,0,0,6,4
2020-09-27,US,Missouri,Chariton,47,0,0,39.51499357,-92.9629191,29041.0,632.9113924050632,0.0,47,47,0,0,47,47,7451,0,0,0,0,0
2020-09-27,US,Missouri,Christian,1453,6,0,36.9711783,-93.18537118,29043.0,1640.0474067385294,0.4129387474191328,1447,1417,6,0,1411,1372,86983,36,0,0,36,45
2020-09-27,US,Missouri,Clark,65,0,0,40.41040752,-91.73661677,29045.0,956.3042518758276,0.0,65,65,0,0,65,64,6842,0,0,0,0,1
2020-09-27,US,Missouri,Clay,1809,41,0,39.31132056,-94.41850862,29047.0,723.7505401123434,2.2664455500276395,1768,1817,41,0,1776,1799,246365,-8,0,0,-8,18
2020-09-27,US,Missouri,Clinton,241,0,0,39.6013098,-94.40465394,29049.0,1182.125864521509,0.0,241,236,0,0,236,231,20470,5,0,0,5,5
2020-09-27,US,Missouri,Cole,1559,14,0,38.50455671,-92.27860244,29051.0,2031.40269724412,0.8980115458627326,1545,1535,14,0,1521,1509,76796,24,0,0,24,26
2020-09-27,US,Missouri,Cooper,431,2,0,38.844478,-92.80896081,29053.0,2433.79072787848,0.4640371229698376,429,426,2,0,424,419,17603,5,0,0,5,7
2020-09-27,US,Missouri,Crawford,402,4,0,37.97663738,-91.30528104,29055.0,1680.6020066889632,0.9950248756218906,398,397,4,0,393,391,23957,5,0,0,5,6
2020-09-27,US,Missouri,Dade,68,0,0,37.431814,-93.8503345,29057.0,899.3519375743947,0.0,68,62,0,0,62,61,7569,6,0,0,6,1
2020-09-27,US,Missouri,Dallas,190,1,0,37.681135499999996,-93.02127031,29059.0,1125.7257968953668,0.5263157894736842,189,189,1,0,188,190,16762,1,0,0,1,-1
2020-09-27,US,Missouri,Daviess,117,1,0,39.96145298,-93.98519678,29061.0,1413.3848755738102,0.8547008547008547,116,114,1,0,113,112,8313,3,0,0,3,2
2020-09-27,US,Missouri,DeKalb,134,2,0,39.89201062,-94.40476508,29063.0,1067.9843787359528,1.492537313432836,132,133,2,0,131,131,12630,1,0,0,1,2
2020-09-27,US,Missouri,Dent,149,2,0,37.60663134,-91.50790473,29065.0,956.7841777435304,1.342281879194631,147,146,2,0,144,142,15441,3,0,0,3,4
2020-09-27,US,Missouri,Douglas,205,3,0,36.9325593,-92.49905109,29067.0,1554.7971179370495,1.4634146341463414,202,193,3,0,190,188,13373,12,0,0,12,5
2020-09-27,US,Missouri,Dunklin,789,8,0,36.27167174,-90.09122243,29069.0,2708.4549105763613,1.0139416983523448,781,784,8,0,776,779,29423,5,0,0,5,5
2020-09-27,US,Missouri,Franklin,1736,29,0,38.41127108,-91.07522826,29071.0,1669.7605971125454,1.6705069124423964,1707,1711,29,0,1682,1681,103670,25,0,0,25,30
2020-09-27,US,Missouri,Gasconade,166,20,0,38.43947277,-91.50847147,29073.0,1128.7909696722427,12.048192771084338,146,166,21,0,145,160,14705,0,-1,0,1,6
2020-09-27,US,Missouri,Gentry,122,9,0,40.21097916,-94.40944419,29075.0,1856.6428245320346,7.3770491803278695,113,118,9,0,109,118,6628,4,0,0,4,0
2020-09-27,US,Missouri,Greene,6312,58,0,37.2575872,-93.34230916,29077.0,2153.6340869232918,0.9188846641318124,6254,6107,56,0,6051,5934,291923,205,2,0,203,173
2020-09-27,US,Missouri,Grundy,193,4,0,40.11406587,-93.56509276,29079.0,1959.3908629441626,2.0725388601036268,189,191,4,0,187,183,9914,2,0,0,2,8
2020-09-27,US,Missouri,Harrison,109,1,0,40.35570088,-93.99222144,29081.0,1305.0766283524906,0.9174311926605504,108,107,1,0,106,107,8414,2,0,0,2,0
2020-09-27,US,Missouri,Henry,203,5,0,38.38482826,-93.79293734,29083.0,930.1686217008797,2.4630541871921183,198,196,5,0,191,191,21792,7,0,0,7,5
2020-09-27,US,Missouri,Hickory,108,3,0,37.94163617,-93.3203037,29085.0,1131.6010058675608,2.7777777777777777,105,101,3,0,98,90,9509,7,0,0,7,11
2020-09-27,US,Missouri,Holt,79,1,0,40.09799248,-95.21638879999999,29087.0,1794.231205995912,1.2658227848101269,78,78,1,0,77,75,4404,1,0,0,1,3
2020-09-27,US,Missouri,Howard,175,2,0,39.1435761,-92.69756691,29089.0,1749.8250174982502,1.1428571428571428,173,173,2,0,171,172,10137,2,0,0,2,1
2020-09-27,US,Missouri,Howell,622,3,0,36.77383887,-91.88683935,29091.0,1550.4648901961762,0.482315112540193,619,613,3,0,610,602,40076,9,0,0,9,11
2020-09-27,US,Missouri,Iron,56,0,0,37.55487945,-90.7735296,29093.0,553.0864197530864,0.0,56,57,0,0,57,55,10177,-1,0,0,-1,2
2020-09-27,US,Missouri,Jackson,7512,99,0,39.01002188,-94.34724536,29095.0,1068.5465803522277,1.317891373801917,7413,7470,99,0,7371,7064,700307,42,0,0,42,406
2020-09-27,US,Missouri,Jasper,3811,53,0,37.20351921,-94.34050458,29097.0,3141.0721350389026,1.3907110994489635,3758,3793,53,0,3740,3751,120636,18,0,0,18,42
2020-09-27,US,Missouri,Jefferson,4240,59,0,38.25926778,-90.53870896,29099.0,1883.7662885805555,1.3915094339622642,4181,4191,59,0,4132,4133,224347,49,0,0,49,58
2020-09-27,US,Missouri,Johnson,1117,4,0,38.74719601,-93.80691168,29101.0,2066.146276497355,0.3581020590868397,1113,1101,4,0,1097,1081,53652,16,0,0,16,20
2020-09-27,US,Missouri,Kansas City,11147,125,0,39.0997,-94.5786,0.0,2279.815847655044,1.1213779492240064,11022,11085,125,0,10960,11034,491918,62,0,0,62,51
2020-09-27,US,Missouri,Knox,50,1,0,40.12699751,-92.14780832,29103.0,1262.945188178833,2.0,49,50,1,0,49,50,3947,0,0,0,0,0
2020-09-27,US,Missouri,Laclede,641,4,0,37.65896829,-92.5888493,29105.0,1794.3621756291463,0.62402496099844,637,626,4,0,622,604,35713,15,0,0,15,22
2020-09-27,US,Missouri,Lafayette,529,2,0,39.06986886,-93.78076396,29107.0,1617.3413232236762,0.3780718336483932,527,509,2,0,507,497,32598,20,0,0,20,12
2020-09-27,US,Missouri,Lawrence,624,4,0,37.10626634,-93.83293097,29109.0,1626.9065310911224,0.6410256410256411,620,619,4,0,615,611,38359,5,0,0,5,8
2020-09-27,US,Missouri,Lewis,91,2,0,40.09673161,-91.72070156,29111.0,930.8510638297873,2.1978021978021984,89,90,2,0,88,87,9855,1,0,0,1,3
2020-09-27,US,Missouri,Lincoln,776,3,0,39.05345619,-90.95588181,29113.0,1314.9644993476013,0.3865979381443299,773,762,3,0,759,748,57686,14,0,0,14,14
2020-09-27,US,Missouri,Linn,83,1,0,39.87001769,-93.10704106,29115.0,696.3087248322148,1.2048192771084338,82,85,2,0,83,84,12037,-2,-1,0,-1,1
2020-09-27,US,Missouri,Livingston,406,1,0,39.78110272,-93.54645978,29117.0,2666.3164116372227,0.24630541871921185,405,402,1,0,401,396,15146,4,0,0,4,6
2020-09-27,US,Missouri,Macon,150,0,0,39.83049768,-92.56453089,29121.0,992.2603691208573,0.0,150,150,0,0,150,150,15153,0,0,0,0,0
2020-09-27,US,Missouri,Madison,306,1,0,37.47865134,-90.34671429999999,29123.0,2531.436135009927,0.32679738562091504,305,304,1,0,303,296,12188,2,0,0,2,8
2020-09-27,US,Missouri,Maries,82,0,0,38.16193985,-91.92249662,29125.0,942.8538576520641,0.0,82,83,0,0,83,81,8769,-1,0,0,-1,2
2020-09-27,US,Missouri,Marion,663,14,0,39.80601912,-91.62203062,29127.0,2323.869610935857,2.1116138763197587,649,655,14,0,641,651,28592,8,0,0,8,4
2020-09-27,US,Missouri,McDonald,1113,11,0,36.62869595,-94.34867205,29119.0,4873.669921618426,0.9883198562443846,1102,1095,11,0,1084,1061,23078,18,0,0,18,34
2020-09-27,US,Missouri,Mercer,28,0,0,40.42212303,-93.56829590000001,29129.0,774.1222007188278,0.0,28,28,0,0,28,28,3641,0,0,0,0,0
2020-09-27,US,Missouri,Miller,508,1,0,38.21450288,-92.42610898,29131.0,1982.90331394668,0.1968503937007874,507,503,1,0,502,488,25336,5,0,0,5,15
2020-09-27,US,Missouri,Mississippi,300,3,0,36.82516239,-89.29505753,29133.0,2276.176024279211,1.0,297,298,3,0,295,294,13336,2,0,0,2,4
2020-09-27,US,Missouri,Moniteau,321,4,0,38.63571781,-92.57976951,29135.0,1989.8338705678154,1.2461059190031152,317,313,4,0,309,307,16121,8,0,0,8,6
2020-09-27,US,Missouri,Monroe,90,1,0,39.49593978,-92.00043978,29137.0,1041.184636742249,1.1111111111111112,89,88,1,0,87,89,8664,2,0,0,2,-1
2020-09-27,US,Missouri,Montgomery,84,1,0,38.94022054,-91.47000721,29139.0,727.209765388278,1.1904761904761905,83,84,1,0,83,83,11534,0,0,0,0,1
2020-09-27,US,Missouri,Morgan,359,1,0,38.4181765,-92.88791859,29141.0,1740.4372909293647,0.2785515320334262,358,346,1,0,345,332,20358,13,0,0,13,14
2020-09-27,US,Missouri,New Madrid,534,16,0,36.59666326,-89.66070007,29143.0,3127.1960646521434,2.9962546816479403,518,529,16,0,513,524,17296,5,0,0,5,5
2020-09-27,US,Missouri,Newton,1481,15,0,36.90519407,-94.3394104,29145.0,2543.100487670857,1.0128291694800808,1466,1469,15,0,1454,1454,58266,12,0,0,12,15
2020-09-27,US,Missouri,Nodaway,760,10,0,40.36079813,-94.88133008,29147.0,3440.1593336954547,1.3157894736842106,750,755,10,0,745,749,22304,5,0,0,5,6
2020-09-27,US,Missouri,Oregon,123,0,0,36.68710164,-91.4033755,29149.0,1168.202108462342,0.0,123,120,0,0,120,116,10541,3,0,0,3,4
2020-09-27,US,Missouri,Osage,156,2,0,38.46036182,-91.8613635,29151.0,1145.7950789570327,1.2820512820512822,154,153,2,0,151,150,13714,3,0,0,3,3
2020-09-27,US,Missouri,Ozark,125,0,0,36.64916339,-92.44459066,29153.0,1362.5463265751034,0.0,125,125,0,0,125,124,9017,0,0,0,0,1
2020-09-27,US,Missouri,Pemiscot,531,10,0,36.2130572,-89.78742322,29155.0,3359.696298639671,1.8832391713747645,521,524,10,0,514,512,16272,7,0,0,7,12
2020-09-27,US,Missouri,Perry,625,7,0,37.70660776,-89.82741088,29157.0,3266.0953177257525,1.12,618,621,7,0,614,616,19150,4,0,0,4,5
2020-09-27,US,Missouri,Pettis,1149,12,0,38.72798918,-93.28471706,29159.0,2713.809962445972,1.0443864229765014,1137,1124,12,0,1112,1100,42542,25,0,0,25,24
2020-09-27,US,Missouri,Phelps,488,8,0,37.87736118,-91.79351727,29161.0,1094.8331949835099,1.639344262295082,480,476,8,0,468,466,44732,12,0,0,12,10
2020-09-27,US,Missouri,Pike,239,4,0,39.34310674,-91.16980779,29163.0,1305.8682111244673,1.6736401673640169,235,240,4,0,236,239,18504,-1,0,0,-1,1
2020-09-27,US,Missouri,Platte,704,10,0,39.38154439,-94.77068479,29165.0,674.2132582504933,1.4204545454545454,694,697,10,0,687,688,102985,7,0,0,7,9
2020-09-27,US,Missouri,Polk,644,3,0,37.616229600000004,-93.39828174,29167.0,2003.172726989953,0.4658385093167702,641,576,3,0,573,544,32201,68,0,0,68,32
2020-09-27,US,Missouri,Pulaski,659,5,0,37.82462075,-92.20783203,29169.0,1252.6850038968198,0.7587253414264037,654,660,5,0,655,648,52014,-1,0,0,-1,12
2020-09-27,US,Missouri,Putnam,33,1,0,40.47942497,-93.02042674,29171.0,702.725724020443,3.0303030303030303,32,33,1,0,32,33,4757,0,0,0,0,0
2020-09-27,US,Missouri,Ralls,150,0,0,39.52817427,-91.51838643,29173.0,1455.0392860607235,0.0,150,150,0,0,150,148,10212,0,0,0,0,2
2020-09-27,US,Missouri,Randolph,258,2,0,39.44007257,-92.49713740000001,29175.0,1042.5084855341845,0.7751937984496124,256,258,3,0,255,244,24763,0,-1,0,1,14
2020-09-27,US,Missouri,Ray,166,0,0,39.353746799999996,-93.98905745,29177.0,721.1747328177948,0.0,166,166,0,0,166,168,22883,0,0,0,0,-2
2020-09-27,US,Missouri,Reynolds,39,0,0,37.36085952,-90.97009925,29179.0,622.0095693779904,0.0,39,39,0,0,39,38,6254,0,0,0,0,1
2020-09-27,US,Missouri,Ripley,165,0,0,36.65460667,-90.85990261,29181.0,1241.7218543046358,0.0,165,162,0,0,162,161,13401,3,0,0,3,1
2020-09-27,US,Missouri,Saline,726,9,0,39.13734288,-93.20259964,29195.0,3189.666534862265,1.2396694214876034,717,718,9,0,709,711,22895,8,0,0,8,7
2020-09-27,US,Missouri,Schuyler,25,0,0,40.46921489,-92.52311943,29197.0,536.480686695279,0.0,25,22,0,0,22,22,4599,3,0,0,3,0
2020-09-27,US,Missouri,Scotland,31,1,0,40.45214695,-92.14709064,29199.0,632.3949408404733,3.2258064516129035,30,31,1,0,30,31,4966,0,0,0,0,0
2020-09-27,US,Missouri,Scott,878,17,0,37.05588075,-89.56474493,29201.0,2293.625914315569,1.9362186788154896,861,872,17,0,855,851,38458,6,0,0,6,21
2020-09-27,US,Missouri,Shannon,109,1,0,37.15772072,-91.40190382,29203.0,1334.8028410482484,0.9174311926605504,108,104,1,0,103,94,8189,5,0,0,5,10
2020-09-27,US,Missouri,Shelby,67,1,0,39.79742518,-92.07634971,29205.0,1129.8482293423272,1.492537313432836,66,67,1,0,66,67,6050,0,0,0,0,0
2020-09-27,US,Missouri,St. Charles,7678,120,0,38.77875681,-90.66662425,29183.0,1909.8457298356811,1.5629070070330815,7558,7605,120,0,7485,7545,399182,73,0,0,73,60
2020-09-27,US,Missouri,St. Clair,76,0,0,38.03699437,-93.77631447,29185.0,808.7687559859529,0.0,76,70,0,0,70,66,9395,6,0,0,6,4
2020-09-27,US,Missouri,St. Francois,2092,11,0,37.81214171,-90.47598685,29187.0,3112.40050583947,0.5258126195028681,2081,2074,11,0,2063,2046,66692,18,0,0,18,28
2020-09-27,US,Missouri,St. Louis,24104,801,0,38.63770039999999,-90.4458375,29189.0,2424.4496859299647,3.323099900431464,23303,23912,801,0,23111,23688,996945,192,0,0,192,224
2020-09-27,US,Missouri,St. Louis City,7067,197,0,38.63555736,-90.24349225,29510.0,2351.152453955073,2.7876043582849865,6870,7031,197,0,6834,7003,302838,36,0,0,36,28
2020-09-27,US,Missouri,Ste. Genevieve,205,1,0,37.89090059,-90.1949941,29186.0,1145.6354085168214,0.4878048780487805,204,198,1,0,197,192,17888,7,0,0,7,6
2020-09-27,US,Missouri,Stoddard,508,13,0,36.85571651,-89.9444155,29207.0,1750.2153316106806,2.559055118110236,495,495,13,0,482,490,29206,13,0,0,13,5
2020-09-27,US,Missouri,Stone,466,4,0,36.75000327,-93.45256475,29209.0,1458.4376564847269,0.8583690987124464,462,455,4,0,451,447,31749,11,0,0,11,8
2020-09-27,US,Missouri,Sullivan,193,0,0,40.2099105,-93.11150106,29211.0,3169.6501888651674,0.0,193,192,0,0,192,190,6221,1,0,0,1,2
2020-09-27,US,Missouri,Taney,1213,31,0,36.65465345,-93.04075153,29213.0,2168.8599628093257,2.555647155812036,1182,1193,31,0,1162,1184,55852,20,0,0,20,9
2020-09-27,US,Missouri,Texas,326,2,0,37.31728859,-91.96564727,29215.0,1283.5656350893767,0.6134969325153374,324,319,2,0,317,312,25571,7,0,0,7,7
2020-09-27,US,Missouri,Vernon,185,1,0,37.8457799,-94.34127305,29217.0,899.6741720566065,0.5405405405405406,184,181,1,0,180,169,20528,4,0,0,4,12
2020-09-27,US,Missouri,Warren,479,1,0,38.76529479,-91.16124662,29219.0,1343.6562035400711,0.20876826722338204,478,473,1,0,472,467,34711,6,0,0,6,6
2020-09-27,US,Missouri,Washington,423,10,0,37.96130078,-90.87948158,29221.0,1710.4731095835018,2.364066193853428,413,414,10,0,404,384,24943,9,0,0,9,30
2020-09-27,US,Missouri,Wayne,223,0,0,37.11303869,-90.46001416,29223.0,1732.3079313291385,0.0,223,217,0,0,217,212,13122,6,0,0,6,5
2020-09-27,US,Missouri,Webster,657,5,0,37.2813734,-92.876329,29225.0,1659.4261466963026,0.7610350076103499,652,639,5,0,634,620,39109,18,0,0,18,19
2020-09-27,US,Missouri,Worth,21,0,0,40.47945588,-94.42328751,29227.0,1043.2190760059614,0.0,21,20,0,0,20,20,2040,1,0,0,1,0
2020-09-27,US,Missouri,Wright,352,0,0,37.27029221,-92.46914488,29229.0,1924.6541637049595,0.0,352,333,0,0,333,305,18378,19,0,0,19,28
2020-09-27,US,Montana,Beaverhead,85,1,0,45.13434354,-112.89846940000001,30001.0,899.1854437744632,1.1764705882352942,84,85,1,0,84,85,9404,0,0,0,0,0
2020-09-27,US,Montana,Big Horn,900,22,0,45.42335905,-107.492347,30003.0,6757.2640588632785,2.4444444444444446,878,900,22,0,878,881,13338,0,0,0,0,19
2020-09-27,US,Montana,Blaine,21,0,0,48.43175214,-108.9582723,30005.0,314.3242029636282,0.0,21,21,0,0,21,21,6807,0,0,0,0,0
2020-09-27,US,Montana,Broadwater,17,0,0,46.33277565,-111.49558130000001,30007.0,272.5669392336059,0.0,17,17,0,0,17,17,6085,0,0,0,0,0
2020-09-27,US,Montana,Carbon,116,0,0,45.22850116,-109.0274047,30009.0,1081.5850815850815,0.0,116,116,0,0,116,115,10714,0,0,0,0,1
2020-09-27,US,Montana,Carter,4,0,0,45.5197966,-104.53955359999999,30011.0,319.4888178913738,0.0,4,4,0,0,4,3,1238,0,0,0,0,1
2020-09-27,US,Montana,Cascade,677,5,0,47.30797024,-111.3467922,30013.0,832.0428680284148,0.7385524372230429,672,669,5,0,664,658,81643,8,0,0,8,11
2020-09-27,US,Montana,Chouteau,29,0,0,47.88084126,-110.4353362,30015.0,514.6406388642414,0.0,29,29,0,0,29,28,5745,0,0,0,0,1
2020-09-27,US,Montana,Custer,116,2,0,46.25319932,-105.57375259999998,30017.0,1017.3653744957028,1.7241379310344829,114,116,2,0,114,112,11586,0,0,0,0,4
2020-09-27,US,Montana,Daniels,5,0,0,48.78420029,-105.54763429999998,30019.0,295.8579881656805,0.0,5,5,0,0,5,5,1747,0,0,0,0,0
2020-09-27,US,Montana,Dawson,78,1,0,47.26584855,-104.89444170000002,30021.0,905.6078021595264,1.2820512820512822,77,77,1,0,76,77,8680,1,0,0,1,0
2020-09-27,US,Montana,Deer Lodge,116,0,0,46.05953325,-113.073353,30023.0,1269.1466083150985,0.0,116,116,0,0,116,114,9131,0,0,0,0,2
2020-09-27,US,Montana,Fallon,5,0,0,46.33478338,-104.41835649999999,30025.0,175.68517217146874,0.0,5,5,0,0,5,5,2920,0,0,0,0,0
2020-09-27,US,Montana,Fergus,63,1,0,47.26331584,-109.2245206,30027.0,570.1357466063348,1.5873015873015872,62,63,1,0,62,64,11113,0,0,0,0,-1
2020-09-27,US,Montana,Flathead,1034,17,0,48.29575866,-114.05205690000001,30029.0,996.0888580621544,1.644100580270793,1017,988,17,0,971,956,102106,46,0,0,46,32
2020-09-27,US,Montana,Gallatin,1353,4,0,45.54486106,-111.1692571,30031.0,1182.3409126658162,0.29563932002956395,1349,1336,4,0,1332,1313,111876,17,0,0,17,23
2020-09-27,US,Montana,Garfield,17,0,0,47.27545948,-107.0002351,30033.0,1351.3513513513512,0.0,17,17,0,0,17,17,1268,0,0,0,0,0
2020-09-27,US,Montana,Glacier,279,1,0,48.70513576,-112.9934235,30035.0,2028.6482949174729,0.35842293906810035,278,274,1,0,273,250,13747,5,0,0,5,24
2020-09-27,US,Montana,Golden Valley,5,0,0,46.3816474,-109.17685220000001,30037.0,609.0133982947625,0.0,5,4,0,0,4,4,826,1,0,0,1,0
2020-09-27,US,Montana,Granite,22,0,0,46.40605220000001,-113.4414186,30039.0,651.0802012429713,0.0,22,22,0,0,22,22,3378,0,0,0,0,0
2020-09-27,US,Montana,Hill,152,3,0,48.62879827,-110.1129252,30041.0,922.10628488231,1.973684210526316,149,152,3,0,149,147,16347,0,0,0,0,5
2020-09-27,US,Montana,Jefferson,77,0,0,46.14907081,-112.094396,30043.0,630.0630063006299,0.0,77,74,0,0,74,74,12097,3,0,0,3,0
2020-09-27,US,Montana,Judith Basin,7,0,0,47.04581276,-110.26606880000001,30045.0,348.7792725460887,0.0,7,7,0,0,7,6,1952,0,0,0,0,1
2020-09-27,US,Montana,Lake,276,1,0,47.64514965,-114.0898013,30047.0,906.1658677523146,0.3623188405797101,275,276,1,0,275,274,30250,0,0,0,0,2
2020-09-27,US,Montana,Lewis and Clark,275,3,0,47.12610041,-112.39469799999999,30049.0,396.07097591888464,1.0909090909090908,272,274,3,0,271,248,68700,1,0,0,1,26
2020-09-27,US,Montana,Liberty,19,0,0,48.56084317,-111.02430700000001,30051.0,813.0081300813008,0.0,19,18,0,0,18,18,2430,1,0,0,1,0
2020-09-27,US,Montana,Lincoln,117,3,0,48.54265777,-115.4046155,30053.0,585.5855855855856,2.5641025641025643,114,110,3,0,107,109,19794,7,0,0,7,1
2020-09-27,US,Montana,Madison,102,1,0,45.30080065,-111.9173017,30057.0,1186.046511627907,0.9803921568627452,101,100,1,0,99,100,8768,2,0,0,2,0
2020-09-27,US,Montana,McCone,19,0,0,47.64469406,-105.79449939999999,30055.0,1141.826923076923,0.0,19,19,0,0,19,19,1675,0,0,0,0,0
2020-09-27,US,Montana,Meagher,25,2,0,46.59907074,-110.8898557,30059.0,1342.6423200859292,8.0,23,25,2,0,23,25,1866,0,0,0,0,0
2020-09-27,US,Montana,Mineral,2,0,0,47.15283992,-115.00152390000001,30061.0,45.48555833522857,0.0,2,2,0,0,2,2,4316,0,0,0,0,0
2020-09-27,US,Montana,Missoula,739,3,0,47.03728583,-113.92135079999998,30063.0,617.8929765886288,0.4059539918809202,736,739,3,0,736,706,118791,0,0,0,0,33
2020-09-27,US,Montana,Musselshell,35,1,0,46.49684637,-108.39498,30065.0,755.4500323764299,2.8571428571428568,34,35,1,0,34,35,4651,0,0,0,0,0
2020-09-27,US,Montana,Park,98,0,0,45.48965095,-110.52643940000002,30067.0,590.1481392267855,0.0,98,98,0,0,98,95,16736,0,0,0,0,3
2020-09-27,US,Montana,Phillips,121,0,0,48.25936577,-107.9128511,30071.0,3060.192210419828,0.0,121,121,0,0,121,121,4074,0,0,0,0,0
2020-09-27,US,Montana,Pondera,29,0,0,48.22773388,-112.22527029999999,30073.0,490.61072576552186,0.0,29,28,0,0,28,24,5972,1,0,0,1,4
2020-09-27,US,Montana,Powder River,9,0,0,45.39617714,-105.636738,30075.0,535.077288941736,0.0,9,9,0,0,9,8,1716,0,0,0,0,1
2020-09-27,US,Montana,Powell,12,0,0,46.85538891,-112.93591640000001,30077.0,174.1654571843251,0.0,12,12,0,0,12,12,6968,0,0,0,0,0
2020-09-27,US,Montana,Prairie,2,0,0,46.86048047,-105.379384,30079.0,185.70102135561746,0.0,2,2,0,0,2,1,1087,0,0,0,0,1
2020-09-27,US,Montana,Ravalli,140,2,0,46.08520862,-114.11891640000002,30081.0,319.59092361776925,1.4285714285714286,138,140,2,0,138,135,43172,0,0,0,0,5
2020-09-27,US,Montana,Richland,79,2,0,47.78668011,-104.5610786,30083.0,731.2783486068685,2.5316455696202533,77,78,2,0,76,78,10913,1,0,0,1,0
2020-09-27,US,Montana,Roosevelt,354,4,0,48.29607488,-105.00792679999999,30085.0,3217.01199563795,1.1299435028248588,350,336,4,0,332,287,11059,18,0,0,18,49
2020-09-27,US,Montana,Rosebud,635,19,0,46.23397237,-106.72928799999998,30087.0,7105.29260378203,2.9921259842519685,616,632,18,0,614,630,9063,3,1,0,2,2
2020-09-27,US,Montana,Sanders,46,1,0,47.67657534,-115.1329916,30089.0,379.7572855609677,2.1739130434782608,45,46,1,0,45,46,11844,0,0,0,0,0
2020-09-27,US,Montana,Sheridan,13,0,0,48.72085833,-104.50382900000001,30091.0,392.86793593230584,0.0,13,13,0,0,13,13,3424,0,0,0,0,0
2020-09-27,US,Montana,Silver Bow,255,0,0,45.90018933,-112.6620092,30093.0,730.3451238722612,0.0,255,255,0,0,255,249,34993,0,0,0,0,6
2020-09-27,US,Montana,Stillwater,69,2,0,45.67071407,-109.3950061,30095.0,715.6191661481021,2.898550724637681,67,69,2,0,67,62,9534,0,0,0,0,7
2020-09-27,US,Montana,Sweet Grass,43,1,0,45.81367654,-109.9425686,30097.0,1150.6556061011506,2.3255813953488373,42,43,1,0,42,43,3710,0,0,0,0,0
2020-09-27,US,Montana,Teton,21,0,0,47.83741052,-112.24106880000001,30099.0,341.6300634455833,0.0,21,21,0,0,21,21,6162,0,0,0,0,0
2020-09-27,US,Montana,Toole,76,6,0,48.65577551,-111.69424140000001,30101.0,1604.7297297297296,7.894736842105262,70,76,6,0,70,76,4853,0,0,0,0,0
2020-09-27,US,Montana,Treasure,3,0,0,46.20973220000001,-107.26665159999999,30103.0,431.0344827586207,0.0,3,3,0,0,3,3,679,0,0,0,0,0
2020-09-27,US,Montana,Valley,83,0,0,48.36435097,-106.6669635,30105.0,1122.228231476474,0.0,83,83,0,0,83,79,7437,0,0,0,0,4
2020-09-27,US,Montana,Wheatland,17,1,0,46.46652491,-109.84646359999999,30107.0,799.6237064910629,5.882352941176472,16,17,1,0,16,16,2236,0,0,0,0,1
2020-09-27,US,Montana,Wibaux,9,0,0,46.95925154,-104.2510927,30109.0,928.7925696594427,0.0,9,9,0,0,9,9,1034,0,0,0,0,0
2020-09-27,US,Montana,Yellowstone,3206,64,0,45.93955949,-108.26914860000001,30111.0,1987.6007439553628,1.9962570180910792,3142,3121,63,0,3058,3046,160137,85,1,0,84,75
2020-09-27,US,Nebraska,Adams,548,12,0,40.52449420000001,-98.50117804,31001.0,1747.2818289066736,2.18978102189781,536,543,12,0,531,542,31511,5,0,0,5,1
2020-09-27,US,Nebraska,Antelope,69,1,0,42.17695516,-98.06662829999999,31003.0,1095.585900285805,1.4492753623188406,68,68,1,0,67,67,6336,1,0,0,1,1
2020-09-27,US,Nebraska,Arthur,1,0,0,41.56896142,-101.6959559,31005.0,215.98272138228938,0.0,1,1,0,0,1,1,465,0,0,0,0,0
2020-09-27,US,Nebraska,Banner,2,0,0,41.54634427,-103.7114332,31007.0,268.4563758389262,0.0,2,2,0,0,2,2,730,0,0,0,0,0
2020-09-27,US,Nebraska,Blaine,1,0,0,41.91311716,-99.97677845,31009.0,215.05376344086025,0.0,1,1,0,0,1,1,476,0,0,0,0,0
2020-09-27,US,Nebraska,Boone,82,0,0,41.70759415,-98.06737183,31011.0,1579.3528505392915,0.0,82,78,0,0,78,78,5239,4,0,0,4,0
2020-09-27,US,Nebraska,Box Butte,79,1,0,42.22079243,-103.08788340000001,31013.0,732.6347027728833,1.2658227848101269,78,78,1,0,77,76,10772,1,0,0,1,2
2020-09-27,US,Nebraska,Boyd,24,0,0,42.899727399999996,-98.76486568,31015.0,1250.6513809275666,0.0,24,22,0,0,22,21,1955,2,0,0,2,1
2020-09-27,US,Nebraska,Brown,34,0,0,42.43018907,-99.92904055,31017.0,1150.5922165820646,0.0,34,34,0,0,34,33,2973,0,0,0,0,1
2020-09-27,US,Nebraska,Buffalo,1069,4,0,40.85486962,-99.07500296,31019.0,2152.6812863730647,0.37418147801683815,1065,1046,4,0,1042,1043,49615,23,0,0,23,3
2020-09-27,US,Nebraska,Burt,76,0,0,41.85056773,-96.32605633,31021.0,1176.6527326211487,0.0,76,76,0,0,76,75,6488,0,0,0,0,1
2020-09-27,US,Nebraska,Butler,117,1,0,41.22703692,-97.13106306,31023.0,1459.5808383233532,0.8547008547008547,116,113,1,0,112,113,8058,4,0,0,4,0
2020-09-27,US,Nebraska,Cass,330,2,0,40.90899107,-96.13971217,31025.0,1257.2386467540387,0.6060606060606061,328,329,2,0,327,325,26159,1,0,0,1,4
2020-09-27,US,Nebraska,Cedar,84,0,0,42.598885100000004,-97.25311951,31027.0,999.7619614377527,0.0,84,83,0,0,83,80,8446,1,0,0,1,3
2020-09-27,US,Nebraska,Chase,23,0,0,40.523719799999995,-101.69780259999999,31029.0,586.1365953109073,0.0,23,23,0,0,23,23,3977,0,0,0,0,0
2020-09-27,US,Nebraska,Cherry,47,4,0,42.54502621,-101.1244332,31031.0,826.1557391457197,8.51063829787234,43,47,4,0,43,47,5761,0,0,0,0,0
2020-09-27,US,Nebraska,Cheyenne,37,0,0,41.21999357,-102.9941693,31033.0,415.26374859708193,0.0,37,36,0,0,36,36,9310,1,0,0,1,0
2020-09-27,US,Nebraska,Clay,72,0,0,40.52439441,-98.05126296,31035.0,1160.7286796711267,0.0,72,72,0,0,72,72,6214,0,0,0,0,0
2020-09-27,US,Nebraska,Colfax,783,5,0,41.57486951,-97.0868542,31037.0,7311.607059482678,0.6385696040868455,778,781,5,0,776,771,10881,2,0,0,2,10
2020-09-27,US,Nebraska,Cuming,147,0,0,41.91637624,-96.78730772,31039.0,1661.7680307483608,0.0,147,143,0,0,143,135,8940,4,0,0,4,8
2020-09-27,US,Nebraska,Custer,84,4,0,41.39374521,-99.72805369,31041.0,779.4376913797902,4.761904761904762,80,84,4,0,80,84,10840,0,0,0,0,0
2020-09-27,US,Nebraska,Dakota,2215,43,0,42.39040144,-96.56656425,31043.0,11060.621192449817,1.9413092550790068,2172,2208,43,0,2165,2192,20083,7,0,0,7,16
2020-09-27,US,Nebraska,Dawes,123,0,0,42.71985036,-103.1313774,31045.0,1432.0642682500873,0.0,123,123,0,0,123,121,8716,0,0,0,0,2
2020-09-27,US,Nebraska,Dawson,1083,12,0,40.87028216,-99.82014609999999,31047.0,4589.955499046409,1.10803324099723,1071,1079,12,0,1067,1075,23709,4,0,0,4,4
2020-09-27,US,Nebraska,Deuel,4,0,0,41.11168186,-102.33333309999999,31049.0,222.9654403567447,0.0,4,4,0,0,4,4,1825,0,0,0,0,0
2020-09-27,US,Nebraska,Dixon,90,2,0,42.49188363,-96.86782408,31051.0,1596.877217885025,2.2222222222222223,88,88,2,0,86,87,5709,2,0,0,2,1
2020-09-27,US,Nebraska,Dodge,1185,12,0,41.58071748,-96.65598179,31053.0,3240.80404758649,1.0126582278481011,1173,1168,12,0,1156,1153,36791,17,0,0,17,15
2020-09-27,US,Nebraska,Douglas,16013,192,0,41.29518299,-96.15085305,31055.0,2802.7731929350443,1.1990257915443705,15821,15850,192,0,15658,15687,566880,163,0,0,163,163
2020-09-27,US,Nebraska,Dundy,11,1,0,40.17638677,-101.6876522,31057.0,649.7341996455996,9.090909090909092,10,11,1,0,10,11,1770,0,0,0,0,0
2020-09-27,US,Nebraska,Fillmore,55,1,0,40.52458567,-97.59646937,31059.0,1006.9571585499817,1.818181818181818,54,55,1,0,54,55,5527,0,0,0,0,0
2020-09-27,US,Nebraska,Franklin,28,0,0,40.17636348,-98.95299073,31061.0,939.9127223900638,0.0,28,28,0,0,28,28,3023,0,0,0,0,0
2020-09-27,US,Nebraska,Frontier,8,0,0,40.52993007,-100.3924658,31063.0,304.52988199467075,0.0,8,7,0,0,7,7,2608,1,0,0,1,0
2020-09-27,US,Nebraska,Furnas,39,2,0,40.17642064,-99.91247454,31065.0,834.0461933276305,5.128205128205129,37,39,2,0,37,39,4715,0,0,0,0,0
2020-09-27,US,Nebraska,Gage,249,5,0,40.26186809,-96.68946704,31067.0,1157.4396876307346,2.0080321285140563,244,246,5,0,241,239,21493,3,0,0,3,7
2020-09-27,US,Nebraska,Garden,10,0,0,41.61703149,-102.3313973,31069.0,544.3658138268917,0.0,10,10,0,0,10,10,1897,0,0,0,0,0
2020-09-27,US,Nebraska,Garfield,11,0,0,41.91428955,-98.99111827,31071.0,558.659217877095,0.0,11,10,0,0,10,10,1987,1,0,0,1,0
2020-09-27,US,Nebraska,Gosper,35,0,0,40.51481965,-99.83020279,31073.0,1758.7939698492462,0.0,35,34,0,0,34,34,1996,1,0,0,1,0
2020-09-27,US,Nebraska,Grant,1,0,0,41.91528587,-101.740701,31075.0,160.5136436597111,0.0,1,1,0,0,1,1,660,0,0,0,0,0
2020-09-27,US,Nebraska,Greeley,27,0,0,41.56742671,-98.52150266,31077.0,1146.0101867572155,0.0,27,27,0,0,27,27,2356,0,0,0,0,0
2020-09-27,US,Nebraska,Hall,2015,47,0,40.87257079,-98.50218293,31079.0,3284.2729776865026,2.3325062034739448,1968,2007,47,0,1960,2003,61607,8,0,0,8,4
2020-09-27,US,Nebraska,Hamilton,130,12,0,40.87349452,-98.02099117,31081.0,1394.2513942513945,9.23076923076923,118,128,12,0,116,128,9280,2,0,0,2,0
2020-09-27,US,Nebraska,Harlan,23,0,0,40.17658508,-99.40438879,31083.0,680.4733727810651,0.0,23,22,0,0,22,21,3401,1,0,0,1,1
2020-09-27,US,Nebraska,Hitchcock,4,0,0,40.17609175,-101.04164770000001,31087.0,144.82259232440262,0.0,4,4,0,0,4,4,2806,0,0,0,0,0
2020-09-27,US,Nebraska,Holt,74,1,0,42.45522056,-98.78402558,31089.0,735.0749975166385,1.351351351351351,73,74,1,0,73,70,10178,0,0,0,0,4
2020-09-27,US,Nebraska,Hooker,7,0,0,41.91586243,-101.1354293,31091.0,1026.392961876833,0.0,7,7,0,0,7,7,682,0,0,0,0,0
2020-09-27,US,Nebraska,Howard,95,5,0,41.2200529,-98.5166499,31093.0,1474.0108611326611,5.2631578947368425,90,95,5,0,90,95,6468,0,0,0,0,0
2020-09-27,US,Nebraska,Jefferson,31,0,0,40.17584531,-97.142601,31095.0,439.9659381209197,0.0,31,29,0,0,29,29,7097,2,0,0,2,0
2020-09-27,US,Nebraska,Johnson,53,0,0,40.39257596,-96.26522753,31097.0,1045.158745809505,0.0,53,49,0,0,49,46,5134,4,0,0,4,3
2020-09-27,US,Nebraska,Kearney,141,0,0,40.50663314,-98.94877182,31099.0,2170.9006928406466,0.0,141,140,0,0,140,140,6544,1,0,0,1,0
2020-09-27,US,Nebraska,Keith,64,0,0,41.19930341,-101.66201640000001,31101.0,796.6143888473987,0.0,64,64,0,0,64,64,8021,0,0,0,0,0
2020-09-27,US,Nebraska,Keya Paha,5,0,0,42.87990694,-99.71343729,31103.0,620.3473945409428,0.0,5,5,0,0,5,5,810,0,0,0,0,0
2020-09-27,US,Nebraska,Kimball,15,0,0,41.19774275,-103.7148131,31105.0,412.9955947136564,0.0,15,15,0,0,15,15,3618,0,0,0,0,0
2020-09-27,US,Nebraska,Knox,163,0,0,42.63758421,-97.89178836,31107.0,1956.313010081613,0.0,163,163,0,0,163,161,8419,0,0,0,0,2
2020-09-27,US,Nebraska,Lancaster,6253,24,0,40.78416049,-96.68777155,31109.0,1959.6352126359327,0.38381576843115306,6229,6172,24,0,6148,6103,317272,81,0,0,81,69
2020-09-27,US,Nebraska,Lincoln,372,2,0,41.04658298,-100.74753740000001,31111.0,1065.4751675545626,0.5376344086021505,370,369,2,0,367,368,35185,3,0,0,3,1
2020-09-27,US,Nebraska,Logan,6,0,0,41.56650314,-100.4817851,31113.0,802.1390374331551,0.0,6,6,0,0,6,6,749,0,0,0,0,0
2020-09-27,US,Nebraska,Loup,3,0,0,41.91371961,-99.45440415,31115.0,451.8072289156627,0.0,3,3,0,0,3,3,618,0,0,0,0,0
2020-09-27,US,Nebraska,Madison,827,5,0,41.91676024,-97.6005481,31119.0,2356.1924841163573,0.6045949214026602,822,824,5,0,819,817,35392,3,0,0,3,7
2020-09-27,US,Nebraska,McPherson,6,0,0,41.56797682,-101.05993620000001,31117.0,1214.5748987854256,0.0,6,6,0,0,6,6,492,0,0,0,0,0
2020-09-27,US,Nebraska,Merrick,80,1,0,41.16624273,-98.0374887,31121.0,1031.5925209542231,1.25,79,80,1,0,79,80,7733,0,0,0,0,0
2020-09-27,US,Nebraska,Morrill,78,0,0,41.71711774,-103.0061405,31123.0,1680.3102111158985,0.0,78,78,0,0,78,78,4686,0,0,0,0,0
2020-09-27,US,Nebraska,Nance,49,0,0,41.39750195,-97.99327291,31125.0,1392.4410343847683,0.0,49,47,0,0,47,46,3532,2,0,0,2,1
2020-09-27,US,Nebraska,Nemaha,122,0,0,40.38514847,-95.85433992,31127.0,1749.8565691336773,0.0,122,122,0,0,122,122,6958,0,0,0,0,0
2020-09-27,US,Nebraska,Nuckolls,16,0,0,40.17637905,-98.04743961,31129.0,385.7280617164899,0.0,16,16,0,0,16,16,4195,0,0,0,0,0
2020-09-27,US,Nebraska,Otoe,152,1,0,40.64843556,-96.13374142,31131.0,949.2880339745192,0.6578947368421053,151,150,1,0,149,146,15985,2,0,0,2,4
2020-09-27,US,Nebraska,Pawnee,19,0,0,40.13141096,-96.23705437,31133.0,727.1335629544585,0.0,19,19,0,0,19,19,2632,0,0,0,0,0
2020-09-27,US,Nebraska,Perkins,33,10,0,40.85082525,-101.6502942,31135.0,1141.4735385679696,30.303030303030305,23,33,10,0,23,33,2929,0,0,0,0,0
2020-09-27,US,Nebraska,Phelps,107,0,0,40.51156033,-99.41461667,31137.0,1184.414434359088,0.0,107,107,0,0,107,106,8996,0,0,0,0,1
2020-09-27,US,Nebraska,Pierce,106,8,0,42.26434853,-97.60122773,31139.0,1482.9322887520984,7.547169811320754,98,105,8,0,97,103,7142,1,0,0,1,2
2020-09-27,US,Nebraska,Platte,1107,4,0,41.57246836,-97.52144359,31141.0,3307.439498057963,0.3613369467028004,1103,1076,3,0,1073,1069,33363,31,1,0,30,7
2020-09-27,US,Nebraska,Polk,59,1,0,41.18813488,-97.56630712,31143.0,1131.785919815845,1.6949152542372878,58,57,1,0,56,57,5278,2,0,0,2,0
2020-09-27,US,Nebraska,Red Willow,33,0,0,40.17556879999999,-100.476998,31145.0,307.7209996270049,0.0,33,33,0,0,33,33,10726,0,0,0,0,0
2020-09-27,US,Nebraska,Richardson,55,1,0,40.1247415,-95.71755036,31147.0,699.3006993006993,1.818181818181818,54,53,1,0,52,53,7937,2,0,0,2,0
2020-09-27,US,Nebraska,Rock,42,1,0,42.42252217,-99.44832069,31149.0,3095.062638172439,2.380952380952381,41,42,1,0,41,42,1360,0,0,0,0,0
2020-09-27,US,Nebraska,Saline,737,2,0,40.52418865,-97.14085859,31151.0,5181.383577052869,0.27137042062415195,735,734,2,0,732,723,14350,3,0,0,3,11
2020-09-27,US,Nebraska,Sarpy,3640,16,0,41.11314181,-96.11156432,31153.0,1944.4859932904544,0.4395604395604396,3624,3598,16,0,3582,3547,184459,42,0,0,42,51
2020-09-27,US,Nebraska,Saunders,469,3,0,41.227810299999994,-96.63773905,31155.0,2173.510056539068,0.6396588486140725,466,466,3,0,463,456,21303,3,0,0,3,10
2020-09-27,US,Nebraska,Scotts Bluff,414,8,0,41.85070896,-103.70809859999999,31157.0,1162.3336515245098,1.932367149758454,406,414,8,0,406,411,35989,0,0,0,0,3
2020-09-27,US,Nebraska,Seward,233,3,0,40.87241834,-97.139673,31159.0,1348.0675769497802,1.2875536480686696,230,232,3,0,229,223,17318,1,0,0,1,9
2020-09-27,US,Nebraska,Sheridan,48,0,0,42.50284406,-102.4126613,31161.0,914.9828440716736,0.0,48,48,0,0,48,48,5190,0,0,0,0,0
2020-09-27,US,Nebraska,Sherman,24,1,0,41.22045983,-98.97588642,31163.0,799.7334221926027,4.166666666666667,23,24,1,0,23,24,3038,0,0,0,0,0
2020-09-27,US,Nebraska,Sioux,7,0,0,42.48932059,-103.7576544,31165.0,600.3430531732419,0.0,7,7,0,0,7,7,1187,0,0,0,0,0
2020-09-27,US,Nebraska,Stanton,39,0,0,41.9169835,-97.19394708,31167.0,658.7837837837837,0.0,39,39,0,0,39,39,5970,0,0,0,0,0
2020-09-27,US,Nebraska,Thayer,31,0,0,40.17626377,-97.59504381,31169.0,619.6282230661603,0.0,31,31,0,0,31,31,5039,0,0,0,0,0
2020-09-27,US,Nebraska,Thomas,4,0,0,41.91358968,-100.5556632,31171.0,554.016620498615,0.0,4,4,0,0,4,4,720,0,0,0,0,0
2020-09-27,US,Nebraska,Thurston,257,4,0,42.15725356,-96.54157099,31173.0,3557.5858250276856,1.5564202334630348,253,257,4,0,253,256,7303,0,0,0,0,1
2020-09-27,US,Nebraska,Unassigned,273,0,0,0.0,0.0,90031.0,0.0,0.0,273,269,0,0,269,277,,4,0,0,4,-8
2020-09-27,US,Nebraska,Valley,40,0,0,41.56730777,-98.98197724,31175.0,962.0009620009621,0.0,40,38,0,0,38,37,4190,2,0,0,2,1
2020-09-27,US,Nebraska,Washington,268,4,0,41.52815707,-96.22019892,31177.0,1292.8747165806358,1.492537313432836,264,263,4,0,259,262,20667,5,0,0,5,1
2020-09-27,US,Nebraska,Wayne,154,0,0,42.20934475,-97.11926964,31179.0,1640.9163558870541,0.0,154,142,0,0,142,139,9403,12,0,0,12,3
2020-09-27,US,Nebraska,Webster,16,0,0,40.17642643,-98.50019851,31181.0,458.8471465443074,0.0,16,16,0,0,16,16,3533,0,0,0,0,0
2020-09-27,US,Nebraska,Wheeler,1,0,0,41.91482725,-98.52798941,31183.0,127.7139208173691,0.0,1,1,0,0,1,1,805,0,0,0,0,0
2020-09-27,US,Nebraska,York,167,2,0,40.87272618,-97.59710186,31185.0,1220.8494773009722,1.1976047904191616,165,165,2,0,163,162,13772,2,0,0,2,3
2020-09-27,US,Nevada,Carson City,539,8,0,39.15509045,-119.7480219,32510.0,963.9459188783176,1.4842300556586268,531,536,8,0,528,536,55414,3,0,0,3,0
2020-09-27,US,Nevada,Churchill,148,3,0,39.58105744,-118.3394607,32001.0,594.1627524188044,2.0270270270270268,145,141,3,0,138,140,24440,7,0,0,7,1
2020-09-27,US,Nevada,Clark,66262,1379,0,36.21458855,-115.0130241,32003.0,2923.2611951656913,2.081132474117896,64883,66009,1377,0,64632,65583,2231647,253,2,0,251,426
2020-09-27,US,Nevada,Douglas,300,1,0,38.912862,-119.61713329999999,32005.0,613.4342091810652,0.3333333333333333,299,298,1,0,297,298,48467,2,0,0,2,0
2020-09-27,US,Nevada,Elko,952,10,0,41.14531606,-115.3577619,32007.0,1803.7818788131424,1.050420168067227,942,949,10,0,939,945,52460,3,0,0,3,4
2020-09-27,US,Nevada,Eureka,10,0,0,39.98100864,-116.26832040000001,32011.0,492.8536224741252,0.0,10,10,0,0,10,10,2003,0,0,0,0,0
2020-09-27,US,Nevada,Humboldt,126,4,0,41.40692186,-118.11094270000001,32013.0,748.618620402828,3.1746031746031744,122,121,4,0,117,121,16786,5,0,0,5,0
2020-09-27,US,Nevada,Lander,71,1,0,39.933223299999995,-117.03970749999999,32015.0,1283.4417932031815,1.4084507042253518,70,70,1,0,69,70,5575,1,0,0,1,0
2020-09-27,US,Nevada,Lincoln,7,0,0,37.64268459,-114.8790388,32017.0,135.05691684352692,0.0,7,7,0,0,7,7,5201,0,0,0,0,0
2020-09-27,US,Nevada,Lyon,435,7,0,39.01777974,-119.18704790000001,32019.0,756.3901930099112,1.6091954022988506,428,434,7,0,427,428,55808,1,0,0,1,6
2020-09-27,US,Nevada,Mineral,13,0,0,38.53841696,-118.4344506,32021.0,288.56825749167587,0.0,13,13,0,0,13,13,4514,0,0,0,0,0
2020-09-27,US,Nevada,Nye,505,15,0,38.04264256,-116.47227020000001,32023.0,1085.4845990155409,2.9702970297029703,490,503,15,0,488,501,45346,2,0,0,2,2
2020-09-27,US,Nevada,Pershing,21,0,0,40.44003782,-118.40056409999998,32027.0,312.2676579925651,0.0,21,21,0,0,21,21,6666,0,0,0,0,0
2020-09-27,US,Nevada,Storey,10,0,0,39.44875482,-119.5250207,32029.0,242.5418384671356,0.0,10,10,0,0,10,10,4029,0,0,0,0,0
2020-09-27,US,Nevada,Washoe,9268,156,0,40.66562265,-119.6631594,32031.0,1965.5623633406078,1.6832110487699612,9112,9172,155,0,9017,9010,465735,96,1,0,95,162
2020-09-27,US,Nevada,White Pine,61,1,0,39.44157041,-114.89996599999999,32033.0,636.7432150313152,1.639344262295082,60,61,1,0,60,60,9475,0,0,0,0,1
2020-09-27,US,New Hampshire,Belknap,147,4,0,43.51637314,-71.41684235,33001.0,239.79250607637474,2.7210884353741496,143,147,4,0,143,147,61022,0,0,0,0,0
2020-09-27,US,New Hampshire,Carroll,123,2,0,43.87498583,-71.20430216,33003.0,251.4823144551216,1.6260162601626016,121,123,2,0,121,123,48779,0,0,0,0,0
2020-09-27,US,New Hampshire,Cheshire,148,3,0,42.92015988,-72.25311043,33005.0,194.519287638825,2.0270270270270268,145,143,3,0,140,143,76493,5,0,0,5,0
2020-09-27,US,New Hampshire,Coos,22,0,0,44.69063265,-71.30633239,33007.0,69.70186610905174,0.0,22,22,0,0,22,22,31589,0,0,0,0,0
2020-09-27,US,New Hampshire,Grafton,141,1,0,43.93779815,-71.82057197,33009.0,156.86536279287097,0.7092198581560284,140,138,1,0,137,138,89786,3,0,0,3,0
2020-09-27,US,New Hampshire,Hillsborough,4381,289,0,42.91537785,-71.7200253,33011.0,1050.5365385768241,6.5966674275279615,4092,4366,289,0,4077,4345,415247,15,0,0,15,21
2020-09-27,US,New Hampshire,Merrimack,583,23,0,43.29662971,-71.6811573,33013.0,385.09554729145066,3.945111492281304,560,573,23,0,550,569,151132,10,0,0,10,4
2020-09-27,US,New Hampshire,Rockingham,2017,103,0,42.98499744,-71.12883377,33015.0,651.1303584283772,5.1065939514129886,1914,2010,103,0,1907,2003,309176,7,0,0,7,7
2020-09-27,US,New Hampshire,Strafford,551,13,0,43.291833000000004,-71.02336013,33017.0,421.7923495594528,2.3593466424682394,538,542,13,0,529,538,130090,9,0,0,9,4
2020-09-27,US,New Hampshire,Sullivan,55,1,0,43.36094111,-72.22203125,33019.0,127.47415751170445,1.818181818181818,54,54,1,0,53,53,43144,1,0,0,1,1
2020-09-27,US,New Hampshire,Unassigned,4,0,0,0.0,0.0,90033.0,0.0,0.0,4,3,0,0,3,4,,1,0,0,1,-1
2020-09-27,US,New Jersey,Atlantic,4084,256,0,39.47538693,-74.65848483,34001.0,1548.9058292562675,6.268364348677768,3828,4055,256,0,3799,4033,265429,29,0,0,29,22
2020-09-27,US,New Jersey,Bergen,22406,2045,0,40.96010917,-74.07164325,34003.0,2403.556310756681,9.127019548335268,20361,22363,2045,0,20318,22331,936692,43,0,0,43,32
2020-09-27,US,New Jersey,Burlington,7127,496,0,39.87681124,-74.66927768,34005.0,1600.317952886388,6.959449978953277,6631,7098,496,0,6602,7064,445384,29,0,0,29,34
2020-09-27,US,New Jersey,Camden,9888,610,0,39.80343818,-74.96388753,34007.0,1952.3329075109928,6.169093851132686,9278,9860,609,0,9251,9823,507078,28,1,0,27,37
2020-09-27,US,New Jersey,Cape May,1023,96,0,39.15008829,-74.80170244,34009.0,1111.485348602223,9.384164222873899,927,1020,96,0,924,1017,92560,3,0,0,3,3
2020-09-27,US,New Jersey,Cumberland,3784,159,0,39.37199394,-75.10712559,34011.0,2530.6466390685296,4.201902748414376,3625,3778,159,0,3619,3772,150972,6,0,0,6,6
2020-09-27,US,New Jersey,Essex,21054,2129,0,40.78681335,-74.24657979,34013.0,2635.126255514879,10.112092713973592,18925,21024,2129,0,18895,20954,799767,30,0,0,30,70
2020-09-27,US,New Jersey,Gloucester,4511,227,0,39.71581067,-75.13995546,34015.0,1546.7912054753185,5.032143648858347,4284,4489,227,0,4262,4459,291408,22,0,0,22,30
2020-09-27,US,New Jersey,Hudson,20643,1516,0,40.73766234,-74.07515667,34017.0,3070.0886835189644,7.343893813883642,19127,20621,1515,0,19106,20596,676061,22,1,0,21,25
2020-09-27,US,New Jersey,Hunterdon,1321,125,0,40.56335249,-74.91284156,34019.0,1062.1447121917488,9.462528387585165,1196,1311,125,0,1186,1307,124714,10,0,0,10,4
2020-09-27,US,New Jersey,Mercer,8637,636,0,40.28047017,-74.70479631,34021.0,2350.651824837384,7.3636679402570335,8001,8628,635,0,7993,8615,369811,9,1,0,8,13
2020-09-27,US,New Jersey,Middlesex,19444,1425,0,40.43629879,-74.41426991,34023.0,2356.671377423757,7.328738942604402,18019,19379,1425,0,17954,19319,829685,65,0,0,65,60
2020-09-27,US,New Jersey,Monmouth,11827,867,0,40.26549699,-74.22240686,34025.0,1911.2953401368784,7.330684028071362,10960,11778,867,0,10911,11726,621354,49,0,0,49,52
2020-09-27,US,New Jersey,Morris,7860,831,0,40.86095313,-74.54553709999998,34027.0,1598.0644308674482,10.572519083969466,7029,7847,831,0,7016,7821,494228,13,0,0,13,26
2020-09-27,US,New Jersey,Ocean,13158,1048,0,39.8895449,-74.28089251,34029.0,2167.0460122598347,7.964736282109742,12110,12903,1048,0,11855,12663,601651,255,0,0,255,240
2020-09-27,US,New Jersey,Passaic,19004,1254,0,41.03238628,-74.29954144,34031.0,3786.9699856125426,6.598610818774994,17750,18982,1254,0,17728,18951,503310,22,0,0,22,31
2020-09-27,US,New Jersey,Salem,1064,89,0,39.58719656,-75.34696629999998,34033.0,1705.538190270097,8.364661654135338,975,1062,89,0,973,1052,62607,2,0,0,2,10
2020-09-27,US,New Jersey,Somerset,5798,573,0,40.56465737,-74.61683016,34035.0,1762.6636346501125,9.882718178682305,5225,5786,573,0,5213,5777,331164,12,0,0,12,9
2020-09-27,US,New Jersey,Sussex,1497,198,0,41.13891592,-74.69118243,34037.0,1065.571436706338,13.226452905811625,1299,1490,198,0,1292,1480,140799,7,0,0,7,10
2020-09-27,US,New Jersey,Unassigned,336,0,0,0.0,0.0,90034.0,0.0,0.0,336,336,0,0,336,340,,0,0,0,0,-4
2020-09-27,US,New Jersey,Union,17641,1355,0,40.65835409,-74.30680092,34039.0,3170.896985841417,7.680970466526841,16286,17602,1355,0,16247,17565,558067,39,0,0,39,37
2020-09-27,US,New Jersey,Warren,1441,171,0,40.85951833,-74.99556527,34041.0,1368.900035148717,11.866759195003471,1270,1438,171,0,1267,1435,105779,3,0,0,3,3
2020-09-27,US,New Mexico,Bernalillo,6452,177,0,35.05163625,-106.6703554,35001.0,950.0516108322375,2.7433353998760075,6275,6422,177,0,6245,6381,678701,30,0,0,30,41
2020-09-27,US,New Mexico,Catron,9,1,0,33.91514144,-108.4046587,35003.0,255.17436915225403,11.111111111111109,8,9,1,0,8,9,3578,0,0,0,0,0
2020-09-27,US,New Mexico,Chaves,1159,12,0,33.36406072,-104.4665365,35005.0,1793.7011529830536,1.035375323554789,1147,1150,12,0,1138,1116,64689,9,0,0,9,34
2020-09-27,US,New Mexico,Cibola,422,21,0,34.91131525,-107.998876,35006.0,1582.0056232427364,4.976303317535544,401,422,21,0,401,415,26746,0,0,0,0,7
2020-09-27,US,New Mexico,Colfax,36,1,0,36.60569702,-104.64726740000002,35007.0,301.48228791558495,2.7777777777777777,35,30,1,0,29,30,12110,6,0,0,6,0
2020-09-27,US,New Mexico,Curry,790,6,0,34.57421077,-103.34688759999999,35009.0,1613.7598561915268,0.7594936708860759,784,787,6,0,781,779,49437,3,0,0,3,8
2020-09-27,US,New Mexico,De Baca,1,0,0,34.34274529,-104.4117842,35011.0,57.20823798627003,0.0,1,1,0,0,1,1,1781,0,0,0,0,0
2020-09-27,US,New Mexico,Dona Ana,3343,55,0,32.35275771,-106.83293870000001,35013.0,1532.115768005683,1.645228836374514,3288,3324,55,0,3269,3285,217522,19,0,0,19,39
2020-09-27,US,New Mexico,Eddy,824,7,0,32.47167456,-104.3053527,35015.0,1409.510776599384,0.8495145631067961,817,795,7,0,788,785,57900,29,0,0,29,10
2020-09-27,US,New Mexico,Grant,120,2,0,32.73911281,-108.3827845,35017.0,444.47736869397727,1.6666666666666667,118,120,2,0,118,120,27346,0,0,0,0,0
2020-09-27,US,New Mexico,Guadalupe,34,1,0,34.86319296,-104.790669,35019.0,790.6976744186046,2.9411764705882355,33,34,1,0,33,34,4341,0,0,0,0,0
2020-09-27,US,New Mexico,Harding,2,0,0,35.85751555,-103.82209379999999,35021.0,320.0,0.0,2,2,0,0,2,2,655,0,0,0,0,0
2020-09-27,US,New Mexico,Hidalgo,99,2,0,31.91383467,-108.7151824,35023.0,2358.265840876608,2.0202020202020203,97,99,2,0,97,99,4240,0,0,0,0,0
2020-09-27,US,New Mexico,Lea,1412,22,0,32.79215361,-103.4123733,35025.0,1986.7736034895165,1.5580736543909348,1390,1394,22,0,1372,1382,69611,18,0,0,18,12
2020-09-27,US,New Mexico,Lincoln,211,3,0,33.74526079,-105.4586166,35027.0,1078.0707132638465,1.4218009478672986,208,211,3,0,208,208,19556,0,0,0,0,3
2020-09-27,US,New Mexico,Los Alamos,33,0,0,35.86631386,-106.31349850000001,35028.0,170.37534204140638,0.0,33,33,0,0,33,33,19101,0,0,0,0,0
2020-09-27,US,New Mexico,Luna,419,6,0,32.18179341,-107.75088259999998,35029.0,1767.2613775359564,1.431980906921241,413,419,6,0,413,418,23963,0,0,0,0,1
2020-09-27,US,New Mexico,McKinley,4322,257,0,35.58007720000001,-108.262245,35031.0,6056.02028948954,5.946321147616844,4065,4317,257,0,4060,4316,72290,5,0,0,5,1
2020-09-27,US,New Mexico,Mora,7,0,0,36.01095101,-104.9497716,35033.0,154.83300154833,0.0,7,7,0,0,7,7,4506,0,0,0,0,0
2020-09-27,US,New Mexico,Otero,263,13,0,32.61348406,-105.7417604,35035.0,389.6873610905319,4.942965779467682,250,262,13,0,249,260,66781,1,0,0,1,2
2020-09-27,US,New Mexico,Quay,74,2,0,35.10403332,-103.54817270000001,35037.0,896.6436447352478,2.702702702702702,72,74,2,0,72,74,8253,0,0,0,0,0
2020-09-27,US,New Mexico,Rio Arriba,397,13,0,36.51072137,-106.69316740000001,35039.0,1020.0149019809356,3.2745591939546603,384,395,13,0,382,391,39006,2,0,0,2,4
2020-09-27,US,New Mexico,Roosevelt,282,4,0,34.02097406,-103.4799493,35041.0,1524.3243243243246,1.4184397163120568,278,282,4,0,278,281,18743,0,0,0,0,1
2020-09-27,US,New Mexico,San Juan,3327,199,0,36.50838318,-108.32043700000001,35045.0,2683.9736039626323,5.9813645927261785,3128,3321,199,0,3122,3307,125043,6,0,0,6,14
2020-09-27,US,New Mexico,San Miguel,100,0,0,35.48014807,-104.8163562,35047.0,366.6092312204422,0.0,100,100,0,0,100,98,27591,0,0,0,0,2
2020-09-27,US,New Mexico,Sandoval,1351,42,0,35.68862401,-106.86878030000001,35043.0,920.625834764358,3.1088082901554404,1309,1343,42,0,1301,1339,145179,8,0,0,8,4
2020-09-27,US,New Mexico,Santa Fe,1004,6,0,35.50708973,-105.9774716,35049.0,667.7396613415981,0.5976095617529881,998,993,6,0,987,979,150056,11,0,0,11,14
2020-09-27,US,New Mexico,Sierra,46,1,0,33.13028233,-107.1925893,35051.0,426.28116022611437,2.1739130434782608,45,46,1,0,45,45,10968,0,0,0,0,1
2020-09-27,US,New Mexico,Socorro,103,6,0,34.00715494,-106.9298354,35053.0,619.1020015627818,5.825242718446603,97,103,6,0,97,102,16735,0,0,0,0,1
2020-09-27,US,New Mexico,Taos,143,4,0,36.58006022,-105.63101979999999,35055.0,437.00149741771827,2.797202797202797,139,141,4,0,137,139,32835,2,0,0,2,2
2020-09-27,US,New Mexico,Torrance,72,1,0,34.64048375,-105.8508949,35057.0,465.6878597762111,1.3888888888888888,71,72,1,0,71,71,15591,0,0,0,0,1
2020-09-27,US,New Mexico,Unassigned,1378,0,0,0.0,0.0,90035.0,0.0,0.0,1378,1377,0,0,1377,1374,,1,0,0,1,3
2020-09-27,US,New Mexico,Union,31,2,0,36.48126404,-103.4709624,35059.0,763.7349100763735,6.451612903225807,29,31,2,0,29,31,4118,0,0,0,0,0
2020-09-27,US,New Mexico,Valencia,578,4,0,34.71669834,-106.8103733,35061.0,753.7033173377843,0.6920415224913494,574,576,4,0,572,576,76456,2,0,0,2,0
2020-09-27,US,New York,Albany,3095,134,0,42.60060306,-73.97723916,36001.0,1013.0733929939183,4.329563812600968,2961,3082,134,0,2948,3063,307117,13,0,0,13,19
2020-09-27,US,New York,Allegany,106,1,0,42.25748406,-78.02750466,36003.0,229.9798225250049,0.9433962264150944,105,106,1,0,105,103,46430,0,0,0,0,3
2020-09-27,US,New York,Bronx,52920,4947,0,40.85209301,-73.86282755,36005.0,3731.472203987147,9.348072562358276,47973,52872,4946,0,47926,52815,1432132,48,1,0,47,57
2020-09-27,US,New York,Broome,1572,82,0,42.15903158,-75.81326086,36007.0,825.2488345722568,5.216284987277353,1490,1550,82,0,1468,1513,191659,22,0,0,22,37
2020-09-27,US,New York,Cattaraugus,260,6,0,42.24778241,-78.67923096,36009.0,341.57941064413995,2.3076923076923075,254,259,6,0,253,258,76840,1,0,0,1,1
2020-09-27,US,New York,Cayuga,215,2,0,42.91261714,-76.55731592,36011.0,280.76681989134977,0.9302325581395348,213,211,2,0,209,208,77145,4,0,0,4,3
2020-09-27,US,New York,Chautauqua,573,9,0,42.22769210000001,-79.36691763,36013.0,451.52596865322334,1.5706806282722514,564,568,9,0,559,561,127939,5,0,0,5,7
2020-09-27,US,New York,Chemung,461,3,0,42.13891056,-76.7638805,36015.0,552.3868865030674,0.6507592190889371,458,440,3,0,437,415,84254,21,0,0,21,25
2020-09-27,US,New York,Chenango,249,7,0,42.49430041,-75.60887553,36017.0,527.4641472662953,2.8112449799196786,242,249,7,0,242,248,47536,0,0,0,0,1
2020-09-27,US,New York,Clinton,160,5,0,44.74530905,-73.67875352,36019.0,198.79480648568057,3.125,155,159,5,0,154,158,80695,1,0,0,1,1
2020-09-27,US,New York,Columbia,591,37,0,42.24819348,-73.63089095,36021.0,993.9287936630733,6.260575296108291,554,591,37,0,554,588,59916,0,0,0,0,3
2020-09-27,US,New York,Cortland,171,0,0,42.59509207,-76.07048931,36023.0,359.38715033311615,0.0,171,171,0,0,171,169,47823,0,0,0,0,2
2020-09-27,US,New York,Delaware,134,4,0,42.19837623,-74.96709306,36025.0,303.6139118613345,2.985074626865672,130,133,4,0,129,133,44527,1,0,0,1,0
2020-09-27,US,New York,Dutchess,5120,156,0,41.76486060000001,-73.74356679,36027.0,1740.2062416303556,3.046875,4964,5115,156,0,4959,5108,293718,5,0,0,5,7
2020-09-27,US,New York,Erie,11342,693,0,42.76249024,-78.73063652,36029.0,1234.5679012345681,6.110033503791218,10649,11308,693,0,10615,11251,919719,34,0,0,34,57
2020-09-27,US,New York,Essex,167,0,0,44.11630765,-73.77297842,36031.0,452.75857394604856,0.0,167,167,0,0,167,164,37300,0,0,0,0,3
2020-09-27,US,New York,Franklin,66,0,0,44.59040891,-74.29926032,36033.0,131.94194554396066,0.0,66,66,0,0,66,66,50293,0,0,0,0,0
2020-09-27,US,New York,Fulton,335,24,0,43.11363907,-74.41798804,36035.0,627.5406028136298,7.164179104477612,311,334,24,0,310,333,53591,1,0,0,1,1
2020-09-27,US,New York,Genesee,321,5,0,43.0022601,-78.19135193,36037.0,560.4050279329609,1.557632398753894,316,319,5,0,314,317,57511,2,0,0,2,2
2020-09-27,US,New York,Greene,323,18,0,42.275797,-74.12384884,36039.0,684.4960583199119,5.572755417956658,305,323,18,0,305,323,47491,0,0,0,0,0
2020-09-27,US,New York,Hamilton,15,0,0,43.66146647,-74.49721957,36041.0,339.67391304347825,0.0,15,15,0,0,15,15,4434,0,0,0,0,0
2020-09-27,US,New York,Herkimer,334,10,0,43.42034246,-74.96145307,36043.0,544.6925096625841,2.9940119760479043,324,334,10,0,324,331,61833,0,0,0,0,3
2020-09-27,US,New York,Jefferson,170,0,0,44.04200959,-75.94653457,36045.0,154.77903017280624,0.0,170,167,0,0,167,167,111755,3,0,0,3,0
2020-09-27,US,New York,Kings,68279,7326,0,40.636182500000004,-73.94935552,36047.0,2667.249501250633,10.729506876199123,60953,68095,7323,0,60772,67892,2582830,184,3,0,181,203
2020-09-27,US,New York,Lewis,50,0,0,43.784415700000004,-75.44903992,36049.0,190.14298752661998,0.0,50,50,0,0,50,50,26447,0,0,0,0,0
2020-09-27,US,New York,Livingston,207,8,0,42.72596275,-77.77966158,36051.0,329.0205677591633,3.864734299516908,199,207,8,0,199,206,63227,0,0,0,0,1
2020-09-27,US,New York,Madison,493,17,0,42.91653905,-75.67266639,36053.0,694.9436855978912,3.4482758620689653,476,493,17,0,476,492,70795,0,0,0,0,1
2020-09-27,US,New York,Monroe,6026,289,0,43.14638895,-77.69322942,36055.0,812.3811963277028,4.795884500497841,5737,6002,289,0,5713,5985,742474,24,0,0,24,17
2020-09-27,US,New York,Montgomery,232,4,0,42.90123494,-74.44011632,36057.0,471.34353223217727,1.7241379310344829,228,232,4,0,228,232,49455,0,0,0,0,0
2020-09-27,US,New York,Nassau,46643,2201,0,40.74066522,-73.58941873,36059.0,3437.4069586800733,4.718821688141842,44442,46576,2201,0,44375,46505,1358343,67,0,0,67,71
2020-09-27,US,New York,New York,33371,3176,0,40.76727260000001,-73.97152637,36061.0,2048.927185139614,9.517245512570797,30195,33335,3176,0,30159,33287,,36,0,0,36,48
2020-09-27,US,New York,Niagara,1777,101,0,43.19898042,-78.74777412,36063.0,849.0976247246525,5.683736634777715,1676,1773,101,0,1672,1766,210433,4,0,0,4,7
2020-09-27,US,New York,Oneida,2412,123,0,43.24375382,-75.43710392,36065.0,1054.790506885438,5.099502487562188,2289,2407,123,0,2284,2400,229577,5,0,0,5,7
2020-09-27,US,New York,Onondaga,4365,205,0,43.00491923,-76.19971155,36067.0,947.8251050967584,4.696449026345934,4160,4342,205,0,4137,4321,461809,23,0,0,23,21
2020-09-27,US,New York,Ontario,473,35,0,42.85145728,-77.30874425,36069.0,430.8734980915857,7.399577167019028,438,471,35,0,436,469,109864,2,0,0,2,2
2020-09-27,US,New York,Orange,12036,498,0,41.40337468,-74.30240757,36071.0,3126.7210474359636,4.1375872382851435,11538,12014,498,0,11516,11955,381951,22,0,0,22,59
2020-09-27,US,New York,Orleans,335,54,0,43.2516977,-78.2320066,36073.0,830.1942902458368,16.119402985074625,281,332,54,0,278,330,40612,3,0,0,3,2
2020-09-27,US,New York,Oswego,493,3,0,43.42778894,-76.14635194,36075.0,420.9214166182849,0.6085192697768763,490,483,3,0,480,479,117898,10,0,0,10,4
2020-09-27,US,New York,Otsego,338,5,0,42.63492579,-75.03151402,36077.0,568.1340661926613,1.4792899408284024,333,338,5,0,333,335,59749,0,0,0,0,3
2020-09-27,US,New York,Putnam,1599,63,0,41.42630093,-73.74965532,36079.0,1626.3222131814484,3.9399624765478425,1536,1597,63,0,1534,1594,98892,2,0,0,2,3
2020-09-27,US,New York,Queens,72233,7248,0,40.71088124,-73.81684712,36081.0,3204.8602884476313,10.034194897069208,64985,72142,7247,0,64895,72051,2278906,91,1,0,90,91
2020-09-27,US,New York,Rensselaer,911,42,0,42.71348136,-73.51089874,36083.0,573.9884320223798,4.610318331503842,869,908,42,0,866,905,159442,3,0,0,3,3
2020-09-27,US,New York,Richmond,15890,1086,0,40.58582155,-74.14808598,36085.0,3337.2327221023934,6.8344870988042805,14804,15867,1086,0,14781,15837,476179,23,0,0,23,30
2020-09-27,US,New York,Rockland,15167,675,0,41.15027894,-74.02560498,36087.0,4655.467188886058,4.4504516384255295,14492,15100,675,0,14425,15045,325695,67,0,0,67,55
2020-09-27,US,New York,Saratoga,1044,17,0,43.10904162,-73.86653895,36091.0,454.18357891439683,1.6283524904214561,1027,1036,17,0,1019,1031,230163,8,0,0,8,5
2020-09-27,US,New York,Schenectady,1402,48,0,42.81668777,-74.05278291,36093.0,902.7746476152454,3.4236804564907275,1354,1399,48,0,1351,1398,155350,3,0,0,3,1
2020-09-27,US,New York,Schoharie,85,0,0,42.58831742,-74.44339029999998,36095.0,274.20239362560085,0.0,85,84,0,0,84,83,31097,1,0,0,1,1
2020-09-27,US,New York,Schuyler,41,0,0,42.39184015,-76.8773299,36097.0,230.24653226259326,0.0,41,41,0,0,41,41,17912,0,0,0,0,0
2020-09-27,US,New York,Seneca,106,3,0,42.78081007,-76.82497064,36099.0,311.618062088429,2.830188679245283,103,106,3,0,103,106,34300,0,0,0,0,0
2020-09-27,US,New York,St. Lawrence,322,4,0,44.4976179,-75.06550039,36089.0,298.86764432894006,1.2422360248447204,318,322,4,0,318,322,108047,0,0,0,0,0
2020-09-27,US,New York,Steuben,416,42,0,42.2689144,-77.3829924,36101.0,436.1547091078749,10.096153846153848,374,404,42,0,362,387,95796,12,0,0,12,17
2020-09-27,US,New York,Suffolk,46387,2011,0,40.88320119,-72.8012172,36103.0,3141.4715281921117,4.335266346174575,44376,46345,2011,0,44334,46293,1481093,42,0,0,42,52
2020-09-27,US,New York,Sullivan,1591,48,0,41.71579493,-74.76394559,36105.0,2109.184431010712,3.016970458830924,1543,1583,48,0,1535,1581,75498,8,0,0,8,2
2020-09-27,US,New York,Tioga,235,25,0,42.16852837,-76.30835812,36107.0,487.52152355662514,10.638297872340424,210,234,25,0,209,229,48560,1,0,0,1,5
2020-09-27,US,New York,Tompkins,413,0,0,42.44945765,-76.47229843,36109.0,404.1886866314348,0.0,413,409,0,0,409,408,102793,4,0,0,4,1
2020-09-27,US,New York,Ulster,2260,95,0,41.89027881,-74.26252104,36111.0,1272.716009753735,4.2035398230088505,2165,2256,95,0,2161,2255,178599,4,0,0,4,1
2020-09-27,US,New York,Unassigned,0,18,0,0.0,0.0,90036.0,0.0,0.0,-18,0,17,0,-17,0,,0,1,0,-1,0
2020-09-27,US,New York,Warren,381,33,0,43.56173026,-73.8433699,36113.0,595.833854622795,8.661417322834646,348,377,33,0,344,371,64265,4,0,0,4,6
2020-09-27,US,New York,Washington,296,14,0,43.31153794,-73.43043448,36115.0,483.6285210116986,4.729729729729731,282,296,14,0,282,294,61197,0,0,0,0,2
2020-09-27,US,New York,Wayne,318,5,0,43.15494365,-77.02976528,36117.0,353.65555283702935,1.572327044025157,313,316,5,0,311,315,90064,2,0,0,2,1
2020-09-27,US,New York,Westchester,38098,1454,0,41.16278376,-73.75741653,36119.0,3937.7533576019173,3.8164733056853377,36644,38051,1454,0,36597,38001,967612,47,0,0,47,50
2020-09-27,US,New York,Wyoming,137,5,0,42.70145109,-78.22199579,36121.0,343.7115833312426,3.6496350364963503,132,136,5,0,131,135,40085,1,0,0,1,1
2020-09-27,US,New York,Yates,64,7,0,42.63505484,-77.10369919,36123.0,256.89399108898965,10.9375,57,62,7,0,55,62,24841,2,0,0,2,0
2020-09-27,US,North Carolina,Alamance,3934,54,0,36.0434701,-79.39976137,37001.0,2320.8207233834187,1.3726487036095576,3880,3916,54,0,3862,3881,166436,18,0,0,18,35
2020-09-27,US,North Carolina,Alexander,526,7,0,35.922379600000006,-81.17751948,37003.0,1402.7788889777844,1.3307984790874523,519,522,7,0,515,516,37353,4,0,0,4,6
2020-09-27,US,North Carolina,Alleghany,231,0,0,36.49360862,-81.12857041,37005.0,2074.16719044626,0.0,231,229,0,0,229,226,11161,2,0,0,2,3
2020-09-27,US,North Carolina,Anson,602,4,0,34.97403241,-80.09953279,37007.0,2462.5705636914013,0.6644518272425249,598,597,4,0,593,577,24877,5,0,0,5,20
2020-09-27,US,North Carolina,Ashe,268,1,0,36.43296207,-81.49862729,37009.0,985.1854574863066,0.373134328358209,267,268,1,0,267,266,27109,0,0,0,0,2
2020-09-27,US,North Carolina,Avery,356,0,0,36.07569796,-81.92308483,37011.0,2027.6812667312186,0.0,356,355,0,0,355,348,17505,1,0,0,1,7
2020-09-27,US,North Carolina,Beaufort,956,23,0,35.48531943,-76.84325809,37013.0,2034.302251351236,2.4058577405857737,933,944,23,0,921,918,47079,12,0,0,12,26
2020-09-27,US,North Carolina,Bertie,588,8,0,36.0688473,-76.96545943,37015.0,3103.393677099277,1.3605442176870748,580,583,8,0,575,577,19026,5,0,0,5,6
2020-09-27,US,North Carolina,Bladen,906,15,0,34.61296243,-78.56180059,37017.0,2768.779414461219,1.6556291390728477,891,896,15,0,881,893,33190,10,0,0,10,3
2020-09-27,US,North Carolina,Brunswick,1639,27,0,34.070565,-78.22814204,37019.0,1147.59837557765,1.647345942647956,1612,1636,27,0,1609,1622,136744,3,0,0,3,14
2020-09-27,US,North Carolina,Buncombe,3125,82,0,35.61113393,-82.53305,37021.0,1196.4424501609933,2.6239999999999997,3043,3101,82,0,3019,3081,259103,24,0,0,24,20
2020-09-27,US,North Carolina,Burke,2120,38,0,35.74989637,-81.70755735,37023.0,2342.929767364757,1.7924528301886793,2082,2110,38,0,2072,2104,90382,10,0,0,10,6
2020-09-27,US,North Carolina,Cabarrus,4035,69,0,35.3877799,-80.55267168,37025.0,1864.146027082092,1.7100371747211895,3966,3999,69,0,3930,3966,211342,36,0,0,36,33
2020-09-27,US,North Carolina,Caldwell,1664,18,0,35.95204977,-81.54799522,37027.0,2024.8728370123388,1.0817307692307692,1646,1657,18,0,1639,1653,82029,7,0,0,7,4
2020-09-27,US,North Carolina,Camden,115,3,0,36.33804939,-76.15568396,37029.0,1058.249746940278,2.608695652173913,112,114,3,0,111,113,10710,1,0,0,1,1
2020-09-27,US,North Carolina,Carteret,708,5,0,34.8932941,-76.54120135,37031.0,1019.1009456911318,0.7062146892655368,703,694,5,0,689,677,69524,14,0,0,14,17
2020-09-27,US,North Carolina,Caswell,358,4,0,36.39312665,-79.33353281,37033.0,1583.7904795611396,1.11731843575419,354,352,4,0,348,349,22698,6,0,0,6,3
2020-09-27,US,North Carolina,Catawba,3173,52,0,35.66211129,-81.2132617,37035.0,1988.7058056671533,1.6388276079420108,3121,3152,52,0,3100,3129,158652,21,0,0,21,23
2020-09-27,US,North Carolina,Chatham,1672,57,0,35.70394416,-79.25541492,37037.0,2245.19940915805,3.4090909090909087,1615,1669,57,0,1612,1654,73139,3,0,0,3,15
2020-09-27,US,North Carolina,Cherokee,625,12,0,35.1349263,-84.05970864,37039.0,2184.398154620439,1.92,613,619,12,0,607,614,28383,6,0,0,6,5
2020-09-27,US,North Carolina,Chowan,356,3,0,36.12908077,-76.60118385,37041.0,2553.252528150327,0.8426966292134831,353,349,3,0,346,346,14029,7,0,0,7,3
2020-09-27,US,North Carolina,Clay,118,2,0,35.05704275,-83.74353633,37043.0,1050.6633425340576,1.6949152542372878,116,117,2,0,115,116,11139,1,0,0,1,1
2020-09-27,US,North Carolina,Cleveland,2224,62,0,35.33553364,-81.55204486,37045.0,2270.615741166141,2.787769784172662,2162,2202,62,0,2140,2176,97645,22,0,0,22,26
2020-09-27,US,North Carolina,Columbus,1374,57,0,34.26744084,-78.65801424,37047.0,2475.31887295525,4.148471615720524,1317,1368,57,0,1311,1357,55655,6,0,0,6,11
2020-09-27,US,North Carolina,Craven,1634,34,0,35.11833364,-77.08398081,37049.0,1599.7806910191016,2.08078335373317,1600,1629,34,0,1595,1591,102912,5,0,0,5,38
2020-09-27,US,North Carolina,Cumberland,5500,76,0,35.04762133,-78.82623165,37051.0,1639.3002870265775,1.3818181818181818,5424,5446,76,0,5370,5389,332330,54,0,0,54,57
2020-09-27,US,North Carolina,Currituck,184,3,0,36.36123664,-75.95876401,37053.0,662.7525843748874,1.6304347826086956,181,182,3,0,179,182,27072,2,0,0,2,0
2020-09-27,US,North Carolina,Dare,273,3,0,35.66520691,-75.71767334,37055.0,737.6584074144126,1.0989010989010992,270,271,3,0,268,271,36501,2,0,0,2,0
2020-09-27,US,North Carolina,Davidson,2761,34,0,35.79115496,-80.21256572,37057.0,1647.2862435788056,1.2314378848243392,2727,2743,34,0,2709,2714,166614,18,0,0,18,29
2020-09-27,US,North Carolina,Davie,561,6,0,35.93099927,-80.54496571,37059.0,1309.340428511413,1.0695187165775402,555,559,6,0,553,553,42733,2,0,0,2,6
2020-09-27,US,North Carolina,Duplin,2379,53,0,34.93449805,-77.93140529,37061.0,4049.982124921265,2.2278268179907523,2326,2377,53,0,2324,2372,58856,2,0,0,2,5
2020-09-27,US,North Carolina,Durham,7741,94,0,36.03638492,-78.87608331,37063.0,2407.86592345593,1.2143133962020412,7647,7708,94,0,7614,7666,316739,33,0,0,33,42
2020-09-27,US,North Carolina,Edgecombe,1362,47,0,35.91230639,-77.59436892,37065.0,2646.098849860118,3.4508076358296624,1315,1349,47,0,1302,1342,52005,13,0,0,13,7
2020-09-27,US,North Carolina,Forsyth,7023,101,0,36.12859861,-80.25459052,37067.0,1837.063001085549,1.4381318524846933,6922,6992,101,0,6891,6956,379099,31,0,0,31,36
2020-09-27,US,North Carolina,Franklin,1210,31,0,36.081519,-78.28708884,37069.0,1736.3851617995263,2.56198347107438,1179,1207,31,0,1176,1207,67560,3,0,0,3,0
2020-09-27,US,North Carolina,Gaston,5162,83,0,35.29373559,-81.17477045,37071.0,2299.034868547047,1.6079039132119333,5079,5125,82,0,5043,5087,222846,37,1,0,36,38
2020-09-27,US,North Carolina,Gates,142,3,0,36.44667547,-76.69749701,37073.0,1228.1612177823904,2.112676056338028,139,139,3,0,136,138,11573,3,0,0,3,1
2020-09-27,US,North Carolina,Graham,155,3,0,35.3506925,-83.83369267,37075.0,1836.2753228290487,1.935483870967742,152,154,3,0,151,143,8484,1,0,0,1,11
2020-09-27,US,North Carolina,Granville,1731,50,0,36.30337451,-78.65184241,37077.0,2863.8552024221167,2.8885037550548818,1681,1723,50,0,1673,1715,60115,8,0,0,8,8
2020-09-27,US,North Carolina,Greene,604,5,0,35.48544173,-77.67578087,37079.0,2866.7710854810384,0.8278145695364238,599,601,5,0,596,593,21012,3,0,0,3,8
2020-09-27,US,North Carolina,Guilford,8597,180,0,36.07959451,-79.78824948,37081.0,1600.4125292735687,2.09375363498895,8417,8541,180,0,8361,8437,533670,56,0,0,56,104
2020-09-27,US,North Carolina,Halifax,1025,19,0,36.25669272,-77.6556109,37083.0,2049.5900819836033,1.8536585365853657,1006,1022,19,0,1003,1006,50574,3,0,0,3,16
2020-09-27,US,North Carolina,Harnett,2244,53,0,35.36731853,-78.87243571,37085.0,1650.2912278637411,2.361853832442068,2191,2226,53,0,2173,2210,134214,18,0,0,18,16
2020-09-27,US,North Carolina,Haywood,609,31,0,35.55269063,-82.98196486,37087.0,977.2614214419824,5.090311986863711,578,607,31,0,576,603,61971,2,0,0,2,4
2020-09-27,US,North Carolina,Henderson,2021,64,0,35.33788927,-82.4766782,37089.0,1721.2158375703686,3.1667491340920337,1957,2005,64,0,1941,1994,116748,16,0,0,16,11
2020-09-27,US,North Carolina,Hertford,754,30,0,36.3607755,-76.98104134,37091.0,3184.525066520252,3.9787798408488064,724,747,30,0,717,744,23659,7,0,0,7,3
2020-09-27,US,North Carolina,Hoke,1167,17,0,35.01888303,-79.23651674,37093.0,2112.8290545678387,1.456726649528706,1150,1153,17,0,1136,1138,54764,14,0,0,14,15
2020-09-27,US,North Carolina,Hyde,126,5,0,35.42017674,-76.15180542,37095.0,2552.157180473972,3.968253968253968,121,125,5,0,120,126,5230,1,0,0,1,-1
2020-09-27,US,North Carolina,Iredell,3080,32,0,35.80950511,-80.8743128,37097.0,1694.1135056048754,1.0389610389610389,3048,3068,32,0,3036,3045,178435,12,0,0,12,23
2020-09-27,US,North Carolina,Jackson,653,7,0,35.28814273,-83.14093385,37099.0,1486.1850789749192,1.0719754977029097,646,648,7,0,641,638,43327,5,0,0,5,10
2020-09-27,US,North Carolina,Johnston,4521,56,0,35.51745004,-78.36622717,37101.0,2159.654913800104,1.23866401238664,4465,4480,56,0,4424,4460,202675,41,0,0,41,20
2020-09-27,US,North Carolina,Jones,158,11,0,35.02254606,-77.35870791,37103.0,1677.4604522773118,6.962025316455697,147,157,11,0,146,157,9637,1,0,0,1,0
2020-09-27,US,North Carolina,Lee,1640,14,0,35.47623147,-79.17569362,37105.0,2654.623739458392,0.8536585365853658,1626,1635,14,0,1621,1631,61452,5,0,0,5,4
2020-09-27,US,North Carolina,Lenoir,1011,32,0,35.24032589999999,-77.64245615,37107.0,1807.0028061270086,3.1651829871414443,979,1005,32,0,973,996,55976,6,0,0,6,9
2020-09-27,US,North Carolina,Lincoln,1625,14,0,35.48508185,-81.21740317,37109.0,1887.0992091602695,0.8615384615384616,1611,1599,14,0,1585,1575,83770,26,0,0,26,24
2020-09-27,US,North Carolina,Macon,598,2,0,35.14867843,-83.41696617,37113.0,1667.6892185844165,0.33444816053511706,596,596,2,0,594,593,35285,2,0,0,2,3
2020-09-27,US,North Carolina,Madison,105,1,0,35.85402722,-82.71346418,37115.0,482.6476672029419,0.9523809523809524,104,103,1,0,102,99,21763,2,0,0,2,4
2020-09-27,US,North Carolina,Martin,460,10,0,35.84326734,-77.10860251,37117.0,2049.9108734402853,2.1739130434782608,450,456,10,0,446,453,22671,4,0,0,4,3
2020-09-27,US,North Carolina,McDowell,986,26,0,35.67736232,-82.0482425,37111.0,2154.9086458606516,2.636916835699797,960,979,26,0,953,972,45507,7,0,0,7,7
2020-09-27,US,North Carolina,Mecklenburg,28708,352,0,35.24469268,-80.8317671,37119.0,2585.477090230521,1.2261390553155915,28356,28579,352,0,28227,28416,1093901,129,0,0,129,163
2020-09-27,US,North Carolina,Mitchell,157,3,0,36.01059309,-82.1582442,37121.0,1049.184709970596,1.9108280254777068,154,151,3,0,148,150,15000,6,0,0,6,1
2020-09-27,US,North Carolina,Montgomery,1049,30,0,35.33155144,-79.90416657,37123.0,3860.449711110293,2.8598665395614877,1019,1047,30,0,1017,1042,27271,2,0,0,2,5
2020-09-27,US,North Carolina,Moore,1664,29,0,35.30885257,-79.48474178,37125.0,1649.4845360824743,1.7427884615384617,1635,1651,29,0,1622,1630,98682,13,0,0,13,21
2020-09-27,US,North Carolina,Nash,2343,39,0,35.96575634,-77.98422508,37127.0,2484.676239156716,1.6645326504481437,2304,2332,39,0,2293,2295,94016,11,0,0,11,37
2020-09-27,US,North Carolina,New Hanover,4293,30,0,34.25758282,-77.87075626,37129.0,1830.914433644812,0.6988120195667366,4263,4268,30,0,4238,4231,232274,25,0,0,25,37
2020-09-27,US,North Carolina,Northampton,452,17,0,36.41736238,-77.39769443,37131.0,2319.9712569932763,3.761061946902655,435,450,17,0,433,449,19676,2,0,0,2,1
2020-09-27,US,North Carolina,Onslow,2193,25,0,34.72607366,-77.42908179,37133.0,1107.9226828602896,1.1399908800729597,2168,2180,25,0,2155,2151,197683,13,0,0,13,29
2020-09-27,US,North Carolina,Orange,2663,55,0,36.06092947,-79.12167935,37135.0,1793.5558608798729,2.0653398422831395,2608,2653,55,0,2598,2636,146027,10,0,0,10,17
2020-09-27,US,North Carolina,Pamlico,270,2,0,35.15253315,-76.66559823,37137.0,2121.640735502121,0.7407407407407407,268,269,2,0,267,267,12670,1,0,0,1,2
2020-09-27,US,North Carolina,Pasquotank,707,30,0,36.26723798,-76.25134778,37139.0,1775.3113700281235,4.243281471004243,677,700,30,0,670,695,39639,7,0,0,7,5
2020-09-27,US,North Carolina,Pender,967,5,0,34.52265624,-77.90352133,37141.0,1533.4601966381226,0.5170630816959669,962,956,5,0,951,940,62162,11,0,0,11,16
2020-09-27,US,North Carolina,Perquimans,187,3,0,36.17847453,-76.40603143,37143.0,1388.9920522914654,1.60427807486631,184,187,3,0,184,186,13422,0,0,0,0,1
2020-09-27,US,North Carolina,Person,436,7,0,36.38989032,-78.97217358,37145.0,1104.0769815143074,1.6055045871559632,429,430,7,0,423,427,39507,6,0,0,6,3
2020-09-27,US,North Carolina,Pitt,4918,29,0,35.59535426,-77.37353178,37147.0,2721.005632337808,0.5896705978039853,4889,4895,29,0,4866,4852,179914,23,0,0,23,43
2020-09-27,US,North Carolina,Polk,313,11,0,35.27820615,-82.16812354,37149.0,1510.3261918548542,3.514376996805112,302,311,11,0,300,308,20611,2,0,0,2,3
2020-09-27,US,North Carolina,Randolph,2834,52,0,35.71015088,-79.80570339,37151.0,1972.617232906652,1.834862385321101,2782,2821,52,0,2769,2809,143351,13,0,0,13,12
2020-09-27,US,North Carolina,Richmond,1013,16,0,35.00417719,-79.74491009,37153.0,2259.6979633719243,1.579466929911155,997,1010,16,0,994,995,44887,3,0,0,3,15
2020-09-27,US,North Carolina,Robeson,4530,75,0,34.64244496,-79.10250529999998,37155.0,3467.942583732057,1.6556291390728477,4455,4484,75,0,4409,4455,131831,46,0,0,46,29
2020-09-27,US,North Carolina,Rockingham,1257,14,0,36.39593137,-79.77504841,37157.0,1381.1669047357434,1.1137629276054095,1243,1242,14,0,1228,1207,90690,15,0,0,15,35
2020-09-27,US,North Carolina,Rowan,3369,97,0,35.64003916,-80.52446628,37159.0,2371.065818366083,2.8791926387652116,3272,3354,97,0,3257,3325,141262,15,0,0,15,29
2020-09-27,US,North Carolina,Rutherford,1197,33,0,35.40114178,-81.92112099,37161.0,1785.7942084769281,2.7568922305764407,1164,1183,33,0,1150,1160,66826,14,0,0,14,23
2020-09-27,US,North Carolina,Sampson,2238,28,0,34.98820368,-78.36914061,37163.0,3522.6897105350145,1.2511170688114388,2210,2224,28,0,2196,2200,63626,14,0,0,14,24
2020-09-27,US,North Carolina,Scotland,1167,13,0,34.8386299,-79.4757978,37165.0,3351.2333802371995,1.1139674378748932,1154,1154,13,0,1141,1095,34810,13,0,0,13,59
2020-09-27,US,North Carolina,Stanly,1956,56,0,35.31647813,-80.25093221,37167.0,3114.3521319619153,2.8629856850715747,1900,1946,56,0,1890,1891,62075,10,0,0,10,55
2020-09-27,US,North Carolina,Stokes,441,3,0,36.4017975,-80.23893369,37169.0,967.2961768770152,0.6802721088435374,438,431,3,0,428,424,45467,10,0,0,10,7
2020-09-27,US,North Carolina,Surry,1323,23,0,36.41689489,-80.69102283,37171.0,1843.0547622696176,1.7384731670445956,1300,1316,23,0,1293,1313,71948,7,0,0,7,3
2020-09-27,US,North Carolina,Swain,144,3,0,35.48665845,-83.48748932,37173.0,1009.0393104898044,2.083333333333333,141,144,3,0,141,142,14245,0,0,0,0,2
2020-09-27,US,North Carolina,Transylvania,330,7,0,35.20383864,-82.79638423,37175.0,959.7208084920752,2.121212121212121,323,330,7,0,323,329,34215,0,0,0,0,1
2020-09-27,US,North Carolina,Tyrrell,116,3,0,35.87147226,-76.17055253,37177.0,2888.4462151394428,2.586206896551724,113,116,3,0,113,116,4131,0,0,0,0,0
2020-09-27,US,North Carolina,Union,4799,59,0,34.98960527,-80.52955873,37179.0,2000.7587791160645,1.22942279641592,4740,4778,59,0,4719,4750,235908,21,0,0,21,28
2020-09-27,US,North Carolina,Vance,1042,44,0,36.36880673,-78.40670845,37181.0,2339.732794431346,4.222648752399232,998,1039,44,0,995,1032,44582,3,0,0,3,7
2020-09-27,US,North Carolina,Wake,17596,242,0,35.78879266,-78.65249174,37183.0,1582.7142704232294,1.3753125710388725,17354,17485,242,0,17243,17416,1092305,111,0,0,111,69
2020-09-27,US,North Carolina,Warren,344,7,0,36.39728256,-78.10652228,37185.0,1743.4493943540622,2.0348837209302326,337,338,7,0,331,338,19807,6,0,0,6,0
2020-09-27,US,North Carolina,Washington,208,8,0,35.83810081,-76.57299037,37187.0,1796.2003454231433,3.8461538461538463,200,208,8,0,200,209,11859,0,0,0,0,-1
2020-09-27,US,North Carolina,Watauga,841,1,0,36.23103603,-81.70033724,37189.0,1497.0539544653507,0.11890606420927467,840,830,1,0,829,816,55945,11,0,0,11,14
2020-09-27,US,North Carolina,Wayne,3381,67,0,35.36438125,-78.00027268,37191.0,2745.8560395026434,1.981662230109435,3314,3366,67,0,3299,3336,123248,15,0,0,15,30
2020-09-27,US,North Carolina,Wilkes,1234,33,0,36.2084135,-81.16232895,37193.0,1803.7771151260013,2.674230145867099,1201,1224,33,0,1191,1201,68557,10,0,0,10,23
2020-09-27,US,North Carolina,Wilson,2240,49,0,35.70625477,-77.917978,37195.0,2738.352831872471,2.1875,2191,2219,49,0,2170,2196,81455,21,0,0,21,23
2020-09-27,US,North Carolina,Yadkin,742,8,0,36.16222629,-80.66239436,37197.0,1969.8940717338785,1.0781671159029649,734,741,8,0,733,736,37543,1,0,0,1,5
2020-09-27,US,North Carolina,Yancey,212,0,0,35.90079156,-82.31237181,37199.0,1173.2802036637336,0.0,212,212,0,0,212,209,17903,0,0,0,0,3
2020-09-27,US,North Dakota,Adams,21,0,0,46.09686891,-102.5285397,38001.0,947.6534296028881,0.0,21,21,0,0,21,20,2294,0,0,0,0,1
2020-09-27,US,North Dakota,Barnes,235,0,0,46.93579637,-98.06605978,38003.0,2256.361017762842,0.0,235,233,0,0,233,228,10542,2,0,0,2,5
2020-09-27,US,North Dakota,Benson,343,6,0,48.0683985,-99.35916363,38005.0,5020.491803278688,1.749271137026239,337,340,6,0,334,340,6962,3,0,0,3,0
2020-09-27,US,North Dakota,Billings,18,0,0,47.02366884,-103.3762965,38007.0,1939.655172413793,0.0,18,17,0,0,17,15,919,1,0,0,1,2
2020-09-27,US,North Dakota,Bottineau,81,4,0,48.79106111,-100.8378166,38009.0,1289.3982808022922,4.938271604938271,77,70,2,0,68,65,6411,11,2,0,9,5
2020-09-27,US,North Dakota,Bowman,38,0,0,46.11285362,-103.5203343,38011.0,1256.6137566137565,0.0,38,38,0,0,38,36,3076,0,0,0,0,2
2020-09-27,US,North Dakota,Burke,33,1,0,48.79094471,-102.51821170000001,38013.0,1560.2836879432625,3.0303030303030303,32,33,1,0,32,33,2100,0,0,0,0,0
2020-09-27,US,North Dakota,Burleigh,3582,43,0,46.97847375,-100.46452140000001,38015.0,3745.843180724908,1.2004466778336125,3539,3525,43,0,3482,3434,95273,57,0,0,57,91
2020-09-27,US,North Dakota,Cass,5122,77,0,46.93201724,-97.24447190000001,38017.0,2815.476877580075,1.5033190160093712,5045,5064,77,0,4987,4984,181516,58,0,0,58,80
2020-09-27,US,North Dakota,Cavalier,55,0,0,48.77286211,-98.46685243,38019.0,1461.9883040935672,0.0,55,54,0,0,54,53,3829,1,0,0,1,1
2020-09-27,US,North Dakota,Dickey,70,0,0,46.11017712,-98.50490079999999,38021.0,1436.7816091954026,0.0,70,65,0,0,65,62,4903,5,0,0,5,3
2020-09-27,US,North Dakota,Divide,7,0,0,48.814938700000006,-103.48736109999999,38023.0,309.1872791519435,0.0,7,7,0,0,7,7,2283,0,0,0,0,0
2020-09-27,US,North Dakota,Dunn,105,1,0,47.35423935,-102.61604679999999,38025.0,2373.4177215189875,0.9523809523809524,104,101,1,0,100,100,4332,4,0,0,4,1
2020-09-27,US,North Dakota,Eddy,84,3,0,47.71701474,-98.90432337,38027.0,3672.933974639265,3.571428571428572,81,83,3,0,80,79,2313,1,0,0,1,4
2020-09-27,US,North Dakota,Emmons,169,1,0,46.28398398,-100.2389766,38029.0,5214.43998765813,0.591715976331361,168,150,1,0,149,149,3295,19,0,0,19,1
2020-09-27,US,North Dakota,Foster,63,0,0,47.457108399999996,-98.88279923,38031.0,1962.6168224299065,0.0,63,62,0,0,62,61,3216,1,0,0,1,1
2020-09-27,US,North Dakota,Golden Valley,45,0,0,46.94022281,-103.8465421,38033.0,2555.366269165247,0.0,45,44,0,0,44,43,1769,1,0,0,1,1
2020-09-27,US,North Dakota,Grand Forks,2233,13,0,47.92093639,-97.45450447,38035.0,3215.2164835639514,0.5821764442454097,2220,2211,13,0,2198,2196,70770,22,0,0,22,15
2020-09-27,US,North Dakota,Grant,21,0,0,46.35821257,-101.63900129999999,38037.0,923.4828496042217,0.0,21,19,0,0,19,17,2374,2,0,0,2,2
2020-09-27,US,North Dakota,Griggs,58,1,0,47.45785838,-98.23850925,38039.0,2599.7310623039,1.7241379310344829,57,57,1,0,56,57,2232,1,0,0,1,0
2020-09-27,US,North Dakota,Hettinger,64,0,0,46.43375068,-102.4632417,38041.0,2561.0244097639056,0.0,64,63,0,0,63,59,2514,1,0,0,1,4
2020-09-27,US,North Dakota,Kidder,51,0,0,46.97830064,-99.77507857,38043.0,2056.451612903226,0.0,51,48,0,0,48,43,2450,3,0,0,3,5
2020-09-27,US,North Dakota,LaMoure,63,0,0,46.45681054,-98.53542355,38045.0,1557.0934256055366,0.0,63,60,0,0,60,53,4062,3,0,0,3,7
2020-09-27,US,North Dakota,Logan,59,0,0,46.45729487,-99.47719806,38047.0,3189.1891891891887,0.0,59,56,0,0,56,45,1903,3,0,0,3,11
2020-09-27,US,North Dakota,McHenry,62,1,0,48.23104458,-100.6324822,38049.0,1079.1993037423847,1.6129032258064515,61,61,1,0,60,59,5816,1,0,0,1,2
2020-09-27,US,North Dakota,McIntosh,68,3,0,46.11182017,-99.44145858,38051.0,2723.267921505807,4.411764705882354,65,68,3,0,65,61,2585,0,0,0,0,7
2020-09-27,US,North Dakota,McKenzie,232,2,0,47.74133370000001,-103.395905,38053.0,1544.19595314164,0.8620689655172413,230,226,2,0,224,219,13632,6,0,0,6,7
2020-09-27,US,North Dakota,McLean,272,3,0,47.60766714,-101.3182418,38055.0,2878.3068783068793,1.1029411764705883,269,269,3,0,266,266,9541,3,0,0,3,3
2020-09-27,US,North Dakota,Mercer,144,0,0,47.31213126,-101.8318399,38057.0,1758.8860388420667,0.0,144,143,0,0,143,140,8267,1,0,0,1,3
2020-09-27,US,North Dakota,Morton,1257,24,0,46.71681782,-101.2822377,38059.0,4007.779619946436,1.9093078758949882,1233,1248,24,0,1224,1220,31095,9,0,0,9,28
2020-09-27,US,North Dakota,Mountrail,254,2,0,48.20197971,-102.3555315,38061.0,2408.7245139876723,0.7874015748031497,252,249,2,0,247,242,10218,5,0,0,5,7
2020-09-27,US,North Dakota,Nelson,57,0,0,47.9226426,-98.19038437,38063.0,1979.8541160125048,0.0,57,54,0,0,54,48,2869,3,0,0,3,6
2020-09-27,US,North Dakota,Oliver,21,0,0,47.11530482,-101.3406158,38065.0,1071.9754977029097,0.0,21,21,0,0,21,20,1952,0,0,0,0,1
2020-09-27,US,North Dakota,Pembina,84,0,0,48.76623521,-97.5523809,38067.0,1235.112483458315,0.0,84,78,0,0,78,72,6947,6,0,0,6,6
2020-09-27,US,North Dakota,Pierce,32,0,0,48.24977025,-99.96407787,38069.0,805.0314465408806,0.0,32,32,0,0,32,31,4081,0,0,0,0,1
2020-09-27,US,North Dakota,Ramsey,239,2,0,48.26886249,-98.72223879,38071.0,2074.832884799028,0.8368200836820083,237,219,2,0,217,207,11481,20,0,0,20,12
2020-09-27,US,North Dakota,Ransom,82,0,0,46.45621782,-97.65742504,38073.0,1571.4833269451894,0.0,82,80,0,0,80,80,5237,2,0,0,2,0
2020-09-27,US,North Dakota,Renville,66,1,0,48.71982533,-101.6603912,38075.0,2836.2698753760205,1.5151515151515151,65,60,1,0,59,57,2374,6,0,0,6,3
2020-09-27,US,North Dakota,Richland,238,1,0,46.26440649,-96.94852979,38077.0,1471.2245781047166,0.4201680672268908,237,236,1,0,235,227,16239,2,0,0,2,9
2020-09-27,US,North Dakota,Rolette,184,4,0,48.77245354,-99.84097493,38079.0,1297.9683972911964,2.1739130434782608,180,180,4,0,176,175,14301,4,0,0,4,5
2020-09-27,US,North Dakota,Sargent,74,0,0,46.10830372,-97.63217159,38081.0,1898.4094407388407,0.0,74,73,0,0,73,71,3870,1,0,0,1,2
2020-09-27,US,North Dakota,Sheridan,12,0,0,47.57700669,-100.3426391,38083.0,912.5475285171104,0.0,12,11,0,0,11,10,1349,1,0,0,1,1
2020-09-27,US,North Dakota,Sioux,150,3,0,46.11323337,-101.04401490000001,38085.0,3546.0992907801424,2.0,147,149,3,0,146,147,4358,1,0,0,1,2
2020-09-27,US,North Dakota,Slope,7,0,0,46.44737738,-103.4601547,38087.0,933.3333333333336,0.0,7,7,0,0,7,7,763,0,0,0,0,0
2020-09-27,US,North Dakota,Stark,1616,14,0,46.80851182,-102.65763259999999,38089.0,5131.950839975864,0.8663366336633663,1602,1585,13,0,1572,1523,30997,31,1,0,30,62
2020-09-27,US,North Dakota,Steele,28,0,0,47.45611548,-97.72728747,38091.0,1481.4814814814815,0.0,28,28,0,0,28,28,1903,0,0,0,0,0
2020-09-27,US,North Dakota,Stutsman,512,3,0,46.97962541,-98.95637318,38093.0,2472.952086553323,0.5859375,509,510,3,0,507,505,20917,2,0,0,2,5
2020-09-27,US,North Dakota,Towner,19,0,0,48.68565745,-99.24564265,38095.0,867.976244860667,0.0,19,18,0,0,18,18,2192,1,0,0,1,0
2020-09-27,US,North Dakota,Traill,119,0,0,47.45367788,-97.16323288,38097.0,1480.8362369337979,0.0,119,118,0,0,118,115,8037,1,0,0,1,3
2020-09-27,US,North Dakota,Walsh,192,1,0,48.36876964,-97.72574783,38099.0,1804.341697208909,0.5208333333333334,191,191,1,0,190,185,10667,1,0,0,1,6
2020-09-27,US,North Dakota,Ward,1056,10,0,48.22390169,-101.54367629999999,38101.0,1561.1833059830576,0.946969696969697,1046,1034,9,0,1025,987,67744,22,1,0,21,47
2020-09-27,US,North Dakota,Wells,36,0,0,47.58614526,-99.65904998,38103.0,938.9671361502346,0.0,36,33,0,0,33,33,3957,3,0,0,3,0
2020-09-27,US,North Dakota,Williams,991,7,0,48.34522353,-103.4793387,38105.0,2636.409587911357,0.7063572149344097,984,978,7,0,971,953,35350,13,0,0,13,25
2020-09-27,US,Ohio,Adams,135,4,0,38.84541072,-83.4718964,39001.0,487.39981226081306,2.962962962962963,131,131,4,0,127,129,27724,4,0,0,4,2
2020-09-27,US,Ohio,Allen,1441,69,0,40.77285242,-84.10802343,39003.0,1407.9002647751365,4.788341429562803,1372,1437,69,0,1368,1430,102663,4,0,0,4,7
2020-09-27,US,Ohio,Ashland,242,4,0,40.84772277,-82.27280781,39005.0,452.4717672574976,1.6528925619834711,238,239,4,0,235,237,53745,3,0,0,3,2
2020-09-27,US,Ohio,Ashtabula,659,48,0,41.70860332,-80.74830218,39007.0,677.6976789625775,7.283763277693474,611,659,48,0,611,657,97493,0,0,0,0,2
2020-09-27,US,Ohio,Athens,707,2,0,39.33425634,-82.04278644,39009.0,1082.2477689163743,0.2828854314002829,705,678,2,0,676,669,65818,29,0,0,29,9
2020-09-27,US,Ohio,Auglaize,608,9,0,40.55998859,-84.22421429999999,39011.0,1331.6979148414227,1.4802631578947367,599,607,9,0,598,597,45804,1,0,0,1,10
2020-09-27,US,Ohio,Belmont,722,27,0,40.01625942,-80.9924051,39013.0,1077.5154463779363,3.7396121883656512,695,721,27,0,694,718,67505,1,0,0,1,3
2020-09-27,US,Ohio,Brown,290,2,0,38.93416837,-83.86788395,39015.0,667.7104439123227,0.6896551724137931,288,288,2,0,286,288,43602,2,0,0,2,0
2020-09-27,US,Ohio,Butler,6040,111,0,39.44012838,-84.57388716,39017.0,1576.4719393214907,1.8377483443708609,5929,6022,111,0,5911,5933,382378,18,0,0,18,89
2020-09-27,US,Ohio,Carroll,152,7,0,40.578968599999996,-81.09178213,39019.0,564.7618339897451,4.605263157894737,145,152,7,0,145,152,27081,0,0,0,0,0
2020-09-27,US,Ohio,Champaign,308,3,0,40.13923427,-83.76875242,39021.0,792.0792079207921,0.9740259740259741,305,307,3,0,304,304,38754,1,0,0,1,3
2020-09-27,US,Ohio,Clark,1810,40,0,39.91592258,-83.78498252,39023.0,1349.9101302924307,2.209944751381216,1770,1799,40,0,1759,1794,134585,11,0,0,11,5
2020-09-27,US,Ohio,Clermont,1731,23,0,39.04847534,-84.15375786,39025.0,838.5490340457692,1.3287117273252456,1708,1725,23,0,1702,1707,205466,6,0,0,6,18
2020-09-27,US,Ohio,Clinton,299,13,0,39.41485808,-83.80852286,39027.0,712.4475791078917,4.3478260869565215,286,300,13,0,287,294,42057,-1,0,0,-1,6
2020-09-27,US,Ohio,Columbiana,1932,80,0,40.76932373,-80.78094576,39029.0,1896.2928064544626,4.140786749482402,1852,1931,80,0,1851,1929,102665,1,0,0,1,2
2020-09-27,US,Ohio,Coshocton,234,11,0,40.30096166,-81.91729018,39031.0,639.344262295082,4.700854700854701,223,234,11,0,223,234,36629,0,0,0,0,0
2020-09-27,US,Ohio,Crawford,244,6,0,40.85065156,-82.91989099,39033.0,588.0368246011471,2.459016393442623,238,238,6,0,232,236,41550,6,0,0,6,2
2020-09-27,US,Ohio,Cuyahoga,17490,656,0,41.424119,-81.65918339,39035.0,1416.1117732407504,3.7507146941109206,16834,17437,656,0,16781,17375,1243857,53,0,0,53,62
2020-09-27,US,Ohio,Darke,804,42,0,40.13412966,-84.6194517,39037.0,1572.985346193727,5.223880597014926,762,799,42,0,757,799,51323,5,0,0,5,0
2020-09-27,US,Ohio,Defiance,325,11,0,41.32398837,-84.49076944,39039.0,853.3095281854701,3.3846153846153846,314,292,11,0,281,289,38165,33,0,0,33,3
2020-09-27,US,Ohio,Delaware,2281,20,0,40.27942393,-83.00457058,39041.0,1090.464056755762,0.8768084173608066,2261,2259,20,0,2239,2231,204826,22,0,0,22,28
2020-09-27,US,Ohio,Erie,946,47,0,41.36796058,-82.62904521,39043.0,1273.7995852745535,4.968287526427061,899,943,47,0,896,935,74615,3,0,0,3,8
2020-09-27,US,Ohio,Fairfield,2118,53,0,39.75107189,-82.63088163,39045.0,1344.1303768388186,2.502360717658168,2065,2105,53,0,2052,2087,155782,13,0,0,13,18
2020-09-27,US,Ohio,Fayette,232,6,0,39.56021306,-83.4562016,39047.0,813.3216476774759,2.586206896551724,226,231,6,0,225,230,28666,1,0,0,1,1
2020-09-27,US,Ohio,Franklin,26961,607,0,39.96995815,-83.01115755,39049.0,2047.5319649198486,2.251400170616817,26354,26872,607,0,26265,26704,1310300,89,0,0,89,168
2020-09-27,US,Ohio,Fulton,246,1,0,41.60213491,-84.12571393,39051.0,583.9623985187295,0.4065040650406504,245,244,1,0,243,241,42276,2,0,0,2,3
2020-09-27,US,Ohio,Gallia,191,13,0,38.82708533,-82.31647569,39053.0,638.838718308917,6.806282722513089,178,191,13,0,178,189,29979,0,0,0,0,2
2020-09-27,US,Ohio,Geauga,723,49,0,41.49952319,-81.17935342,39055.0,772.0317355230702,6.77731673582296,674,720,49,0,671,713,94031,3,0,0,3,7
2020-09-27,US,Ohio,Greene,1465,33,0,39.69116283,-83.89032084,39057.0,867.1871762846506,2.252559726962457,1432,1453,32,0,1421,1444,167995,12,1,0,11,9
2020-09-27,US,Ohio,Guernsey,170,8,0,40.05026529,-81.49248905,39059.0,437.29903536977486,4.705882352941177,162,169,8,0,161,169,39022,1,0,0,1,0
2020-09-27,US,Ohio,Hamilton,13191,315,0,39.19673558,-84.54502924,39061.0,1613.6312758953507,2.3879918125995,12876,13158,315,0,12843,13036,816684,33,0,0,33,122
2020-09-27,US,Ohio,Hancock,712,10,0,41.00250487,-83.66838948,39063.0,939.524695512186,1.404494382022472,702,710,10,0,700,695,75930,2,0,0,2,15
2020-09-27,US,Ohio,Hardin,256,13,0,40.66015414,-83.65929931,39065.0,816.1963972580902,5.078125,243,255,13,0,242,252,31480,1,0,0,1,3
2020-09-27,US,Ohio,Harrison,64,3,0,40.29380509,-81.09068544,39067.0,425.531914893617,4.6875,61,63,3,0,60,63,15174,1,0,0,1,0
2020-09-27,US,Ohio,Henry,318,14,0,41.333964200000004,-84.06830637,39069.0,1177.5161075316596,4.402515723270441,304,314,14,0,300,312,27086,4,0,0,4,2
2020-09-27,US,Ohio,Highland,230,3,0,39.1839264,-83.60331456,39071.0,532.888487291768,1.3043478260869563,227,230,3,0,227,227,43058,0,0,0,0,3
2020-09-27,US,Ohio,Hocking,166,9,0,39.49537927,-82.47991446,39073.0,587.3195584489102,5.421686746987952,157,164,9,0,155,163,28385,2,0,0,2,1
2020-09-27,US,Ohio,Holmes,390,9,0,40.56163713,-81.92635677,39075.0,887.1701546860781,2.3076923076923075,381,387,9,0,378,385,43892,3,0,0,3,2
2020-09-27,US,Ohio,Huron,551,7,0,41.14651175,-82.59867951,39077.0,945.6629938557652,1.2704174228675136,544,546,7,0,539,542,58504,5,0,0,5,4
2020-09-27,US,Ohio,Jackson,263,6,0,39.01914254,-82.61818559999998,39079.0,811.402832196958,2.281368821292776,257,258,6,0,252,250,32384,5,0,0,5,8
2020-09-27,US,Ohio,Jefferson,336,4,0,40.38614126,-80.76259514,39081.0,514.3513203214695,1.1904761904761905,332,336,4,0,332,336,65767,0,0,0,0,0
2020-09-27,US,Ohio,Knox,286,15,0,40.39830217,-82.42027563,39083.0,458.906967042136,5.244755244755245,271,284,15,0,269,284,61893,2,0,0,2,0
2020-09-27,US,Ohio,Lake,1638,51,0,41.69710807,-81.23676539,39085.0,711.7128468948376,3.1135531135531136,1587,1628,51,0,1577,1619,230514,10,0,0,10,9
2020-09-27,US,Ohio,Lawrence,659,22,0,38.59743452,-82.53466552,39087.0,1108.252190437751,3.3383915022761763,637,658,22,0,636,653,59866,1,0,0,1,5
2020-09-27,US,Ohio,Licking,1936,63,0,40.09136236,-82.48185785,39089.0,1094.638757901641,3.2541322314049586,1873,1927,63,0,1864,1910,175769,9,0,0,9,17
2020-09-27,US,Ohio,Logan,312,3,0,40.38996525,-83.76784341,39091.0,683.1318970047294,0.9615384615384616,309,312,3,0,309,309,45358,0,0,0,0,3
2020-09-27,US,Ohio,Lorain,2317,86,0,41.29553751,-82.15083537,39093.0,747.822213902328,3.7116961588260686,2231,2311,86,0,2225,2307,309461,6,0,0,6,4
2020-09-27,US,Ohio,Lucas,7322,364,0,41.62101218,-83.65468618,39095.0,1709.357811872589,4.97131931166348,6958,7303,364,0,6939,7280,429899,19,0,0,19,23
2020-09-27,US,Ohio,Madison,830,12,0,39.89381073,-83.40178317,39097.0,1855.5364288748287,1.4457831325301205,818,823,12,0,811,815,44413,7,0,0,7,8
2020-09-27,US,Ohio,Mahoning,3073,281,0,41.01631101,-80.77287029,39099.0,1343.7815666227925,9.144158802473154,2792,3065,281,0,2784,3053,229642,8,0,0,8,12
2020-09-27,US,Ohio,Marion,3103,47,0,40.58610662,-83.15736305,39101.0,4767.025640237814,1.514663229133097,3056,3096,47,0,3049,3088,65256,7,0,0,7,8
2020-09-27,US,Ohio,Medina,1475,39,0,41.11770589,-81.89986209999998,39103.0,820.6024056168147,2.6440677966101696,1436,1467,39,0,1428,1460,179146,8,0,0,8,7
2020-09-27,US,Ohio,Meigs,176,10,0,39.09224872,-82.0305041,39105.0,768.3240930719867,5.6818181818181825,166,175,10,0,165,174,23106,1,0,0,1,1
2020-09-27,US,Ohio,Mercer,1132,18,0,40.54043046,-84.62912742,39107.0,2749.4413679199456,1.5901060070671378,1114,1122,18,0,1104,1119,40959,10,0,0,10,3
2020-09-27,US,Ohio,Miami,1454,51,0,40.0543329,-84.22871271,39109.0,1359.043622122314,3.5075653370013757,1403,1436,51,0,1385,1428,106222,18,0,0,18,8
2020-09-27,US,Ohio,Monroe,110,18,0,39.72984936,-81.08464734,39111.0,805.6247253552073,16.363636363636363,92,110,18,0,92,110,13790,0,0,0,0,0
2020-09-27,US,Ohio,Montgomery,7883,163,0,39.75394919,-84.29050975,39113.0,1482.6392219482516,2.0677407078523404,7720,7809,163,0,7646,7755,532331,74,0,0,74,54
2020-09-27,US,Ohio,Morgan,49,0,0,39.62081738,-81.85308173,39115.0,337.74469258340224,0.0,49,47,0,0,47,47,14604,2,0,0,2,0
2020-09-27,US,Ohio,Morrow,261,2,0,40.52363560000001,-82.7892599,39117.0,738.7907608695652,0.7662835249042146,259,258,2,0,256,257,35112,3,0,0,3,1
2020-09-27,US,Ohio,Muskingum,421,3,0,39.96575964,-81.94363275,39119.0,488.3140984747433,0.7125890736342043,418,410,3,0,407,401,86183,11,0,0,11,9
2020-09-27,US,Ohio,Noble,33,0,0,39.76818851,-81.45937183,39121.0,228.7853577371048,0.0,33,30,0,0,30,28,14354,3,0,0,3,2
2020-09-27,US,Ohio,Ottawa,469,30,0,41.53781826,-83.0940185,39123.0,1157.3103022825414,6.3965884861407245,439,468,30,0,438,468,40769,1,0,0,1,0
2020-09-27,US,Ohio,Paulding,110,0,0,41.11676341,-84.5801017,39125.0,589.1173950299915,0.0,110,110,0,0,110,108,18760,0,0,0,0,2
2020-09-27,US,Ohio,Perry,298,9,0,39.73508655,-82.23804971,39127.0,824.7080312171362,3.0201342281879198,289,297,9,0,288,296,36033,1,0,0,1,1
2020-09-27,US,Ohio,Pickaway,2678,44,0,39.64170392,-83.0243386,39129.0,4581.145115212891,1.6430171769977595,2634,2653,44,0,2609,2643,58086,25,0,0,25,10
2020-09-27,US,Ohio,Pike,200,0,0,39.07634001,-83.06769584,39131.0,720.1497911565608,0.0,200,191,0,0,191,184,28067,9,0,0,9,7
2020-09-27,US,Ohio,Portage,1155,66,0,41.16793482,-81.19735782,39133.0,710.9179766843524,5.7142857142857135,1089,1139,66,0,1073,1132,162927,16,0,0,16,7
2020-09-27,US,Ohio,Preble,440,15,0,39.7420247,-84.64787018,39135.0,1076.2682843305122,3.4090909090909087,425,435,15,0,420,433,40997,5,0,0,5,2
2020-09-27,US,Ohio,Putnam,608,23,0,41.02094889,-84.1336111,39137.0,1795.5760314225806,3.782894736842105,585,603,23,0,580,585,33780,5,0,0,5,18
2020-09-27,US,Ohio,Richland,903,19,0,40.77180308,-82.53799609999999,39139.0,745.3323868795088,2.1040974529346617,884,888,19,0,869,861,121099,15,0,0,15,27
2020-09-27,US,Ohio,Ross,890,24,0,39.33705391,-83.06000914,39141.0,1160.8796598231288,2.696629213483146,866,884,24,0,860,879,76931,6,0,0,6,5
2020-09-27,US,Ohio,Sandusky,577,20,0,41.35624126,-83.137872,39143.0,986.021395126286,3.466204506065858,557,576,20,0,556,563,58799,1,0,0,1,13
2020-09-27,US,Ohio,Scioto,511,7,0,38.80270163,-82.98907345,39145.0,678.4927105186288,1.3698630136986298,504,505,7,0,498,498,75502,6,0,0,6,7
2020-09-27,US,Ohio,Seneca,485,14,0,41.12351311,-83.12783209,39147.0,878.9735039327268,2.88659793814433,471,480,14,0,466,470,55207,5,0,0,5,10
2020-09-27,US,Ohio,Shelby,649,10,0,40.33163494,-84.20258189,39149.0,1335.6657748507926,1.5408320493066257,639,645,10,0,635,625,48627,4,0,0,4,20
2020-09-27,US,Ohio,Stark,2883,175,0,40.81482476,-81.36437305,39151.0,777.9150904194753,6.070065903572668,2708,2872,175,0,2697,2838,371574,11,0,0,11,34
2020-09-27,US,Ohio,Summit,5332,252,0,41.12464734,-81.53123079,39153.0,985.5585725296803,4.726181545386346,5080,5304,252,0,5052,5265,541918,28,0,0,28,39
2020-09-27,US,Ohio,Trumbull,1896,132,0,41.31735028,-80.76109643,39155.0,957.7015163607342,6.962025316455697,1764,1888,132,0,1756,1883,198627,8,0,0,8,5
2020-09-27,US,Ohio,Tuscarawas,936,20,0,40.44214695,-81.47226262,39157.0,1017.5350864796112,2.1367521367521367,916,931,20,0,911,930,92176,5,0,0,5,1
2020-09-27,US,Ohio,Union,545,2,0,40.30016061,-83.37239023,39159.0,923.916728826202,0.3669724770642202,543,538,2,0,536,529,57835,7,0,0,7,9
2020-09-27,US,Ohio,Van Wert,123,3,0,40.8554138,-84.59111700000003,39161.0,435.0132625994696,2.4390243902439024,120,119,3,0,116,117,28281,4,0,0,4,2
2020-09-27,US,Ohio,Vinton,47,3,0,39.25208988,-82.4831444,39163.0,359.18991211310663,6.382978723404255,44,47,3,0,44,47,13139,0,0,0,0,0
2020-09-27,US,Ohio,Warren,3096,49,0,39.42581994,-84.16557457,39165.0,1319.6818441445512,1.5826873385012918,3047,3083,49,0,3034,3023,232173,13,0,0,13,60
2020-09-27,US,Ohio,Washington,261,23,0,39.45690571,-81.49121382,39167.0,435.6462085426717,8.812260536398467,238,260,23,0,237,260,60155,1,0,0,1,0
2020-09-27,US,Ohio,Wayne,936,68,0,40.82925852,-81.88844833,39169.0,808.9188488462538,7.264957264957265,868,931,68,0,863,927,115967,5,0,0,5,4
2020-09-27,US,Ohio,Williams,213,3,0,41.56052014,-84.58429552,39171.0,580.5080126458082,1.4084507042253518,210,209,3,0,206,207,36804,4,0,0,4,2
2020-09-27,US,Ohio,Wood,1902,72,0,41.36224827,-83.62285108,39173.0,1453.9394726985024,3.785488958990536,1830,1866,72,0,1794,1841,130696,36,0,0,36,25
2020-09-27,US,Ohio,Wyandot,213,12,0,40.84339621,-83.30734173,39175.0,978.3207789821788,5.633802816901407,201,212,12,0,200,210,21935,1,0,0,1,2
2020-09-27,US,Oklahoma,Adair,621,10,0,35.88494195,-94.65859267,40001.0,2798.0535279805354,1.6103059581320451,611,614,10,0,604,609,22082,7,0,0,7,5
2020-09-27,US,Oklahoma,Alfalfa,65,0,0,36.73090616,-98.32408495,40003.0,1139.9508944230095,0.0,65,64,0,0,64,63,5754,1,0,0,1,1
2020-09-27,US,Oklahoma,Atoka,302,1,0,34.37366573,-96.03802487,40005.0,2195.086495130106,0.3311258278145696,301,293,1,0,292,292,13838,9,0,0,9,1
2020-09-27,US,Oklahoma,Beaver,55,0,0,36.7496847,-100.4758872,40007.0,1035.5865185464133,0.0,55,54,0,0,54,53,5319,1,0,0,1,1
2020-09-27,US,Oklahoma,Beckham,505,2,0,35.26862449,-99.68128023,40009.0,2310.261219634933,0.3960396039603961,503,404,1,0,403,375,21709,101,1,0,100,29
2020-09-27,US,Oklahoma,Blaine,126,1,0,35.87518314,-98.43307003,40011.0,1336.3028953229398,0.7936507936507936,125,126,1,0,125,125,9485,0,0,0,0,1
2020-09-27,US,Oklahoma,Bryan,960,4,0,33.96472458,-96.25903472,40013.0,2000.208355036983,0.4166666666666667,956,940,4,0,936,925,47192,20,0,0,20,15
2020-09-27,US,Oklahoma,Caddo,759,21,0,35.17364557,-98.37534464,40015.0,2638.898546693554,2.766798418972332,738,758,21,0,737,748,28977,1,0,0,1,10
2020-09-27,US,Oklahoma,Canadian,2267,17,0,35.5426055,-97.98465569,40017.0,1528.5962806629534,0.7498897220996912,2250,2210,17,0,2193,2178,144447,57,0,0,57,32
2020-09-27,US,Oklahoma,Carter,551,8,0,34.25103751,-97.28552485,40019.0,1145.2682338758286,1.4519056261343013,543,549,8,0,541,546,48177,2,0,0,2,3
2020-09-27,US,Oklahoma,Cherokee,1078,8,0,35.90692775,-94.99980896,40021.0,2215.5085599194367,0.7421150278293135,1070,1070,8,0,1062,1060,48675,8,0,0,8,10
2020-09-27,US,Oklahoma,Choctaw,319,2,0,34.02807439,-95.54771129,40023.0,2174.2093784078515,0.6269592476489029,317,316,2,0,314,317,14668,3,0,0,3,-1
2020-09-27,US,Oklahoma,Cimarron,25,0,0,36.74817177,-102.5173885,40025.0,1169.864295741694,0.0,25,24,0,0,24,24,2153,1,0,0,1,0
2020-09-27,US,Oklahoma,Cleveland,6007,70,0,35.20413532,-97.32519562,40027.0,2115.036582703669,1.165307141668054,5937,5967,70,0,5897,5908,281669,40,0,0,40,59
2020-09-27,US,Oklahoma,Coal,70,0,0,34.58840127,-96.29798747,40029.0,1273.8853503184716,0.0,70,70,0,0,70,70,5520,0,0,0,0,0
2020-09-27,US,Oklahoma,Comanche,1599,13,0,34.65973764,-98.47195055,40031.0,1324.234569230387,0.8130081300813008,1586,1578,13,0,1565,1563,120422,21,0,0,21,15
2020-09-27,US,Oklahoma,Cotton,68,3,0,34.28845626,-98.37053567,40033.0,1200.141193081539,4.411764705882354,65,68,3,0,65,68,5776,0,0,0,0,0
2020-09-27,US,Oklahoma,Craig,503,1,0,36.76268118,-95.20916602,40035.0,3556.781219063781,0.1988071570576541,502,501,1,0,500,500,14306,2,0,0,2,1
2020-09-27,US,Oklahoma,Creek,1145,33,0,35.90230551,-96.37086028,40037.0,1600.9060149324682,2.882096069868996,1112,1138,33,0,1105,1121,71604,7,0,0,7,17
2020-09-27,US,Oklahoma,Custer,671,0,0,35.63853802,-99.00170785,40039.0,2313.553770299625,0.0,671,666,0,0,666,655,29036,5,0,0,5,11
2020-09-27,US,Oklahoma,Delaware,749,25,0,36.40823634,-94.80325046,40041.0,1741.4959659606131,3.337783711615488,724,741,25,0,716,736,42733,8,0,0,8,5
2020-09-27,US,Oklahoma,Dewey,67,1,0,35.98772922,-99.00730714,40043.0,1369.86301369863,1.492537313432836,66,66,1,0,65,66,4894,1,0,0,1,0
2020-09-27,US,Oklahoma,Ellis,11,0,0,36.218019399999996,-99.75324573,40045.0,285.0479398807981,0.0,11,11,0,0,11,10,3952,0,0,0,0,1
2020-09-27,US,Oklahoma,Garfield,1654,20,0,36.3791334,-97.78265517,40047.0,2708.988469601677,1.2091898428053205,1634,1634,20,0,1614,1604,60913,20,0,0,20,30
2020-09-27,US,Oklahoma,Garvin,369,5,0,34.70418038,-97.30811132,40049.0,1331.6011692107827,1.3550135501355014,364,367,5,0,362,364,27811,2,0,0,2,3
2020-09-27,US,Oklahoma,Grady,1076,11,0,35.0167709,-97.88339847,40051.0,1927.1411684636605,1.0223048327137547,1065,1059,11,0,1048,1034,55551,17,0,0,17,25
2020-09-27,US,Oklahoma,Grant,47,0,0,36.796296999999996,-97.78638765,40053.0,1084.6988229863837,0.0,47,46,0,0,46,46,4326,1,0,0,1,0
2020-09-27,US,Oklahoma,Greer,108,8,0,34.93535801,-99.56056120000001,40055.0,1890.7563025210086,7.407407407407407,100,108,8,0,100,108,5821,0,0,0,0,0
2020-09-27,US,Oklahoma,Harmon,43,0,0,34.7440135,-99.84741652,40057.0,1620.8066339992456,0.0,43,43,0,0,43,43,2664,0,0,0,0,0
2020-09-27,US,Oklahoma,Harper,29,1,0,36.78836519,-99.6679804,40059.0,786.3340563991324,3.4482758620689653,28,29,1,0,28,29,3797,0,0,0,0,0
2020-09-27,US,Oklahoma,Haskell,278,4,0,35.22257600000001,-95.11513306,40061.0,2201.631424724796,1.4388489208633093,274,278,4,0,274,278,12668,0,0,0,0,0
2020-09-27,US,Oklahoma,Hughes,296,4,0,35.04912569,-96.24921145,40063.0,2229.083515324949,1.351351351351351,292,296,4,0,292,293,13335,0,0,0,0,3
2020-09-27,US,Oklahoma,Jackson,765,10,0,34.58781741,-99.41138784,40065.0,3118.630248675093,1.30718954248366,755,759,10,0,749,747,24949,6,0,0,6,12
2020-09-27,US,Oklahoma,Jefferson,42,0,0,34.11130184,-97.83182974,40067.0,699.7667444185272,0.0,42,42,0,0,42,41,6123,0,0,0,0,1
2020-09-27,US,Oklahoma,Johnston,167,4,0,34.31440473,-96.66011537,40069.0,1506.5403698691925,2.395209580838323,163,165,4,0,161,164,10949,2,0,0,2,1
2020-09-27,US,Oklahoma,Kay,594,13,0,36.81799745,-97.14421435,40071.0,1364.3254168772107,2.1885521885521886,581,585,13,0,572,570,44161,9,0,0,9,15
2020-09-27,US,Oklahoma,Kingfisher,348,2,0,35.94530008,-97.94193268,40073.0,2207.4215033301616,0.5747126436781609,346,345,2,0,343,339,15816,3,0,0,3,6
2020-09-27,US,Oklahoma,Kiowa,76,2,0,34.91671958,-98.97720696,40075.0,872.7606798346349,2.631578947368421,74,75,2,0,73,75,8729,1,0,0,1,0
2020-09-27,US,Oklahoma,Latimer,137,2,0,34.87844729,-95.25215049,40077.0,1360.0714782090738,1.45985401459854,135,136,2,0,134,136,10231,1,0,0,1,0
2020-09-27,US,Oklahoma,Le Flore,1118,18,0,34.89851864,-94.70392124,40079.0,2242.5932240787915,1.6100178890876566,1100,1102,17,0,1085,1093,49980,16,1,0,15,9
2020-09-27,US,Oklahoma,Lincoln,446,10,0,35.70270942,-96.8812462,40081.0,1278.77971155776,2.242152466367713,436,441,10,0,431,435,34920,5,0,0,5,6
2020-09-27,US,Oklahoma,Logan,483,1,0,35.91899576,-97.44352845,40083.0,1006.0194538751537,0.2070393374741201,482,467,1,0,466,456,47291,16,0,0,16,11
2020-09-27,US,Oklahoma,Love,178,1,0,33.95273467,-97.23906784,40085.0,1736.07724568419,0.5617977528089888,177,174,1,0,173,172,10134,4,0,0,4,2
2020-09-27,US,Oklahoma,Major,90,1,0,36.31149996,-98.53467076,40093.0,1179.7090051120724,1.1111111111111112,89,90,1,0,89,88,7644,0,0,0,0,2
2020-09-27,US,Oklahoma,Marshall,180,2,0,34.02311222,-96.76855464,40095.0,1063.1386214635877,1.1111111111111112,178,180,2,0,178,180,16806,0,0,0,0,0
2020-09-27,US,Oklahoma,Mayes,636,11,0,36.30179091,-95.23175116,40097.0,1547.4452554744526,1.729559748427673,625,628,11,0,617,601,41107,8,0,0,8,27
2020-09-27,US,Oklahoma,McClain,861,7,0,35.01123903,-97.44572302,40087.0,2127.2915946039434,0.8130081300813008,854,854,7,0,847,846,39985,7,0,0,7,8
2020-09-27,US,Oklahoma,McCurtain,1279,34,0,34.11664328,-94.77222373,40089.0,3895.589668615985,2.6583268178264268,1245,1273,34,0,1239,1269,32703,6,0,0,6,4
2020-09-27,US,Oklahoma,McIntosh,323,5,0,35.37235506,-95.66599306,40091.0,1648.2955705245968,1.547987616099071,318,319,5,0,314,310,19815,4,0,0,4,9
2020-09-27,US,Oklahoma,Murray,138,1,0,34.48116015,-97.06826283,40099.0,980.6011511404818,0.7246376811594203,137,137,1,0,136,136,13953,1,0,0,1,1
2020-09-27,US,Oklahoma,Muskogee,1823,22,0,35.61318461,-95.37802952,40101.0,2681.00063238084,1.206801974766868,1801,1822,22,0,1800,1792,68362,1,0,0,1,30
2020-09-27,US,Oklahoma,Noble,152,2,0,36.38953329,-97.22928674,40103.0,1365.5556553768754,1.3157894736842106,150,151,2,0,149,151,11289,1,0,0,1,0
2020-09-27,US,Oklahoma,Nowata,150,4,0,36.79843529,-95.61902331,40105.0,1488.6859865025806,2.6666666666666665,146,143,4,0,139,142,10218,7,0,0,7,1
2020-09-27,US,Oklahoma,Okfuskee,140,4,0,35.46485198,-96.32639984,40107.0,1167.347619444676,2.8571428571428568,136,138,4,0,134,136,12098,2,0,0,2,2
2020-09-27,US,Oklahoma,Oklahoma,17869,194,0,35.55140095,-97.40716948,40109.0,2240.812405791577,1.0856791090715765,17675,17711,194,0,17517,17556,792582,158,0,0,158,155
2020-09-27,US,Oklahoma,Okmulgee,832,7,0,35.64661916,-95.96432828,40111.0,2163.005329520344,0.8413461538461539,825,833,7,0,826,823,38335,-1,0,0,-1,10
2020-09-27,US,Oklahoma,Osage,906,13,0,36.62888819,-96.39635704,40113.0,1929.1782892915696,1.4348785871964682,893,903,13,0,890,836,47014,3,0,0,3,67
2020-09-27,US,Oklahoma,Ottawa,866,6,0,36.83532655,-94.81011909,40115.0,2782.1505445433227,0.6928406466512702,860,858,6,0,852,843,31175,8,0,0,8,15
2020-09-27,US,Oklahoma,Pawnee,252,3,0,36.31743373,-96.70331759999999,40117.0,1538.837322911578,1.1904761904761905,249,253,3,0,250,252,16390,-1,0,0,-1,1
2020-09-27,US,Oklahoma,Payne,2231,6,0,36.07695283,-96.97584944,40119.0,2727.9174410642668,0.2689376961004034,2225,2215,6,0,2209,2181,82040,16,0,0,16,34
2020-09-27,US,Oklahoma,Pittsburg,960,19,0,34.92065823,-95.75134320000001,40121.0,2199.1111925596742,1.9791666666666667,941,958,19,0,939,920,43877,2,0,0,2,38
2020-09-27,US,Oklahoma,Pontotoc,417,3,0,34.72959848,-96.68337199,40123.0,1089.2278758750392,0.7194244604316546,414,404,3,0,401,400,38247,13,0,0,13,4
2020-09-27,US,Oklahoma,Pottawatomie,1350,10,0,35.20614018,-96.94923008,40125.0,1859.7090588494602,0.7407407407407407,1340,1331,10,0,1321,1313,72679,19,0,0,19,18
2020-09-27,US,Oklahoma,Pushmataha,164,2,0,34.41635232,-95.37603505,40127.0,1478.0100937274694,1.2195121951219512,162,163,2,0,161,154,11179,1,0,0,1,9
2020-09-27,US,Oklahoma,Roger Mills,51,1,0,35.68711719,-99.69666167,40129.0,1423.3882221602012,1.96078431372549,50,46,1,0,45,46,3656,5,0,0,5,0
2020-09-27,US,Oklahoma,Rogers,1867,50,0,36.37004357,-95.60406759,40131.0,2019.2734076725894,2.6780931976432782,1817,1852,50,0,1802,1816,91984,15,0,0,15,36
2020-09-27,US,Oklahoma,Seminole,450,6,0,35.16478725,-96.61686741,40133.0,1855.058125154588,1.3333333333333333,444,448,6,0,442,443,24578,2,0,0,2,5
2020-09-27,US,Oklahoma,Sequoyah,884,11,0,35.49447108,-94.75463785,40135.0,2126.5847145709545,1.2443438914027152,873,873,11,0,862,857,41179,11,0,0,11,16
2020-09-27,US,Oklahoma,Stephens,433,5,0,34.48556989,-97.85141892,40137.0,1003.639060797812,1.1547344110854505,428,432,5,0,427,416,43265,1,0,0,1,16
2020-09-27,US,Oklahoma,Texas,1519,9,0,36.74777635,-101.4889765,40139.0,7601.46124205575,0.5924950625411455,1510,1507,9,0,1498,1491,20455,12,0,0,12,16
2020-09-27,US,Oklahoma,Tillman,99,2,0,34.37288446,-98.92426619,40141.0,1365.5172413793102,2.0202020202020203,97,93,2,0,91,90,7348,6,0,0,6,3
2020-09-27,US,Oklahoma,Tulsa,16887,160,0,36.11939621,-95.94013939,40143.0,2591.811551495506,0.9474743885829336,16727,16793,160,0,16633,16683,648360,94,0,0,94,110
2020-09-27,US,Oklahoma,Unassigned,51,0,0,0.0,0.0,90040.0,0.0,0.0,51,50,0,0,50,62,,1,0,0,1,-12
2020-09-27,US,Oklahoma,Wagoner,1476,26,0,35.96024096,-95.51911308,40145.0,1815.7438275781476,1.7615176151761518,1450,1467,26,0,1441,1455,80110,9,0,0,9,12
2020-09-27,US,Oklahoma,Washington,992,40,0,36.71380786,-95.90514104,40147.0,1925.2042618433054,4.032258064516129,952,989,40,0,949,983,51843,3,0,0,3,6
2020-09-27,US,Oklahoma,Washita,83,0,0,35.29071824,-98.99180434,40149.0,760.3517772077686,0.0,83,78,0,0,78,76,11127,5,0,0,5,2
2020-09-27,US,Oklahoma,Woods,109,0,0,36.76705782,-98.86573064,40151.0,1239.6224269305128,0.0,109,108,0,0,108,106,8897,1,0,0,1,2
2020-09-27,US,Oklahoma,Woodward,1036,4,0,36.42316318,-99.26283045,40153.0,5125.921527880857,0.3861003861003861,1032,1031,4,0,1027,1028,20222,5,0,0,5,3
2020-09-27,US,Oregon,Baker,94,2,0,44.70915557,-117.6749883,41001.0,582.9818903497893,2.127659574468085,92,94,2,0,92,92,16006,0,0,0,0,2
2020-09-27,US,Oregon,Benton,310,6,0,44.49167306,-123.4316987,41003.0,333.14347737310993,1.935483870967742,304,310,6,0,304,307,92101,0,0,0,0,3
2020-09-27,US,Oregon,Clackamas,2408,61,0,45.18787398,-122.2179634,41005.0,575.8189518086406,2.5332225913621262,2347,2398,61,0,2337,2377,416075,10,0,0,10,21
2020-09-27,US,Oregon,Clatsop,212,0,0,45.99712889,-123.660711,41007.0,527.0485282418457,0.0,212,204,0,0,204,205,39764,8,0,0,8,-1
2020-09-27,US,Oregon,Columbia,171,1,0,45.94464254,-123.08908980000001,41009.0,326.6226076326546,0.5847953216374269,170,165,1,0,164,162,52377,6,0,0,6,3
2020-09-27,US,Oregon,Coos,157,0,0,43.17406868,-124.0594514,41011.0,243.4599221548529,0.0,157,156,0,0,156,152,64389,1,0,0,1,4
2020-09-27,US,Oregon,Crook,62,1,0,44.14230227,-120.356297,41013.0,254.05671201442382,1.6129032258064515,61,62,1,0,61,61,23867,0,0,0,0,1
2020-09-27,US,Oregon,Curry,31,0,0,42.45911325,-124.15728200000001,41015.0,135.22355507088332,0.0,31,31,0,0,31,31,22813,0,0,0,0,0
2020-09-27,US,Oregon,Deschutes,840,12,0,43.91570171,-121.2289121,41017.0,424.90338506363435,1.4285714285714286,828,825,12,0,813,810,191996,15,0,0,15,15
2020-09-27,US,Oregon,Douglas,232,4,0,43.27941273,-123.16729099999999,41019.0,209.04667507659042,1.7241379310344829,228,227,4,0,223,223,110283,5,0,0,5,4
2020-09-27,US,Oregon,Gilliam,8,0,0,45.37160076,-120.20488689999999,41021.0,418.41004184100416,0.0,8,8,0,0,8,8,1894,0,0,0,0,0
2020-09-27,US,Oregon,Grant,10,0,0,44.49024544,-119.0068631,41023.0,138.90818169190166,0.0,10,9,0,0,9,9,7176,1,0,0,1,0
2020-09-27,US,Oregon,Harney,12,0,0,43.06422669,-118.96663059999999,41025.0,162.31570404436633,0.0,12,12,0,0,12,12,7329,0,0,0,0,0
2020-09-27,US,Oregon,Hood River,251,0,0,45.51872811,-121.65520359999998,41027.0,1073.4753228979557,0.0,251,251,0,0,251,248,23428,0,0,0,0,3
2020-09-27,US,Oregon,Jackson,1148,5,0,42.43201126,-122.72893090000001,41029.0,519.5886740531538,0.4355400696864111,1143,1139,5,0,1134,1123,219564,9,0,0,9,16
2020-09-27,US,Oregon,Jefferson,534,8,0,44.62806839,-121.17832,41031.0,2165.6257604023035,1.49812734082397,526,529,8,0,521,524,24192,5,0,0,5,5
2020-09-27,US,Oregon,Josephine,198,2,0,42.3665549,-123.5561938,41033.0,226.31933887320403,1.0101010101010102,196,198,2,0,196,197,87393,0,0,0,0,1
2020-09-27,US,Oregon,Klamath,280,2,0,42.68762984,-121.64964609999998,41035.0,410.32855593657484,0.7142857142857143,278,280,2,0,278,280,67653,0,0,0,0,0
2020-09-27,US,Oregon,Lake,33,0,0,42.79246693,-120.38501629999999,41037.0,419.3671368661838,0.0,33,32,0,0,32,32,7879,1,0,0,1,0
2020-09-27,US,Oregon,Lane,1210,17,0,43.93727035,-122.847753,41039.0,316.69838012704577,1.4049586776859504,1193,1185,17,0,1168,1143,379611,25,0,0,25,42
2020-09-27,US,Oregon,Lincoln,482,13,0,44.64252874,-123.86991200000001,41041.0,964.7331972298947,2.6970954356846475,469,481,13,0,468,478,49388,1,0,0,1,3
2020-09-27,US,Oregon,Linn,522,13,0,44.48899494,-122.53731540000001,41043.0,402.31523942381057,2.490421455938697,509,519,13,0,506,508,127335,3,0,0,3,11
2020-09-27,US,Oregon,Malheur,1627,23,0,43.1937027,-117.62273950000001,41045.0,5322.037224820909,1.4136447449293177,1604,1617,23,0,1594,1609,30725,10,0,0,10,8
2020-09-27,US,Oregon,Marion,4683,94,0,44.90287942,-122.58151170000001,41047.0,1346.393803655935,2.0072603032244287,4589,4658,94,0,4564,4627,346868,25,0,0,25,31
2020-09-27,US,Oregon,Morrow,499,6,0,45.41846568,-119.584546,41049.0,4300.611910712747,1.2024048096192386,493,498,6,0,492,498,11372,1,0,0,1,0
2020-09-27,US,Oregon,Multnomah,7184,138,0,45.54747959,-122.4169351,41051.0,883.798463440589,1.920935412026726,7046,7113,137,0,6976,7081,811880,71,1,0,70,32
2020-09-27,US,Oregon,Polk,530,15,0,44.90322804,-123.4128888,41053.0,615.6705581692513,2.830188679245283,515,529,15,0,514,523,85234,1,0,0,1,6
2020-09-27,US,Oregon,Sherman,18,0,0,45.41501554,-120.6827834,41055.0,1011.2359550561798,0.0,18,18,0,0,18,18,1708,0,0,0,0,0
2020-09-27,US,Oregon,Tillamook,53,0,0,45.46248721,-123.712066,41057.0,196.0349164077526,0.0,53,52,0,0,52,52,26787,1,0,0,1,0
2020-09-27,US,Oregon,Umatilla,2976,41,0,45.59073056,-118.7353826,41059.0,3817.83194355356,1.3776881720430108,2935,2962,41,0,2921,2948,77516,14,0,0,14,14
2020-09-27,US,Oregon,Union,446,2,0,45.30915495,-118.0068979,41061.0,1662.0085708962176,0.4484304932735426,444,446,2,0,444,443,26461,0,0,0,0,3
2020-09-27,US,Oregon,Wallowa,31,1,0,45.57894064,-117.18353799999998,41063.0,430.0776914539401,3.2258064516129035,30,30,1,0,29,28,7081,1,0,0,1,2
2020-09-27,US,Oregon,Wasco,292,3,0,45.16292781,-121.16709540000001,41065.0,1094.3707368263251,1.0273972602739727,289,289,3,0,286,282,26505,3,0,0,3,7
2020-09-27,US,Oregon,Washington,4519,60,0,45.55972701,-123.0955257,41067.0,751.1735528397984,1.3277273733126798,4459,4497,60,0,4437,4468,597695,22,0,0,22,29
2020-09-27,US,Oregon,Yamhill,757,13,0,45.23330449,-123.3086963,41071.0,706.8160597572362,1.717305151915456,744,757,13,0,744,755,107002,0,0,0,0,2
2020-09-27,US,Pennsylvania,Adams,833,26,0,39.87140411,-77.21610347,42001.0,808.6672038365581,3.12124849939976,807,824,26,0,798,822,102811,9,0,0,9,2
2020-09-27,US,Pennsylvania,Allegheny,12162,355,0,40.46809875,-79.98167747,42003.0,1000.1274623883162,2.918927807926328,11807,12101,355,0,11746,11995,1218452,61,0,0,61,106
2020-09-27,US,Pennsylvania,Armstrong,435,18,0,40.81665618,-79.46290811,42005.0,671.9703406194485,4.137931034482759,417,431,18,0,413,428,65263,4,0,0,4,3
2020-09-27,US,Pennsylvania,Beaver,1886,122,0,40.6825484,-80.34921611,42007.0,1150.498081486497,6.4687168610816554,1764,1878,122,0,1756,1872,164742,8,0,0,8,6
2020-09-27,US,Pennsylvania,Bedford,242,6,0,40.00522157,-78.48998442,42009.0,505.3458068827264,2.479338842975207,236,238,6,0,232,238,48176,4,0,0,4,0
2020-09-27,US,Pennsylvania,Berks,7069,393,0,40.41570541,-75.92457766,42011.0,1678.4435516805804,5.559485075682559,6676,7022,393,0,6629,6979,420152,47,0,0,47,43
2020-09-27,US,Pennsylvania,Blair,679,18,0,40.47961444,-78.34917412,42013.0,557.3385647095519,2.650957290132548,661,667,18,0,649,648,122492,12,0,0,12,19
2020-09-27,US,Pennsylvania,Bradford,148,3,0,41.78869215,-76.51570822,42015.0,245.3458879697628,2.0270270270270268,145,139,3,0,136,135,60833,9,0,0,9,4
2020-09-27,US,Pennsylvania,Bucks,8789,607,0,40.33682119,-75.10836643,42017.0,1398.920846133032,6.90636022300603,8182,8760,607,0,8153,8704,628195,29,0,0,29,56
2020-09-27,US,Pennsylvania,Butler,1049,25,0,40.91152759,-79.91351055,42019.0,558.4153566884745,2.3832221163012397,1024,1045,25,0,1020,1034,187888,4,0,0,4,11
2020-09-27,US,Pennsylvania,Cambria,574,7,0,40.49527404,-78.71377428,42021.0,440.8873049035272,1.2195121951219512,567,567,7,0,560,560,131730,7,0,0,7,7
2020-09-27,US,Pennsylvania,Cameron,8,0,0,41.43625568,-78.20376845,42023.0,179.89655947830002,0.0,8,8,0,0,8,8,4492,0,0,0,0,0
2020-09-27,US,Pennsylvania,Carbon,463,28,0,40.91545395,-75.7068525,42025.0,721.3860583964349,6.047516198704103,435,463,28,0,435,462,64227,0,0,0,0,1
2020-09-27,US,Pennsylvania,Centre,2481,11,0,40.92058903,-77.82200624,42027.0,1527.8504788003818,0.4433696090286175,2470,2393,11,0,2382,2231,162805,88,0,0,88,162
2020-09-27,US,Pennsylvania,Chester,6777,367,0,39.97291773,-75.74768357,42029.0,1290.8841899544561,5.415375534897448,6410,6777,367,0,6410,6777,522046,0,0,0,0,0
2020-09-27,US,Pennsylvania,Clarion,122,3,0,41.19265812,-79.42413524,42031.0,317.3942452781102,2.459016393442623,119,121,3,0,118,120,38779,1,0,0,1,1
2020-09-27,US,Pennsylvania,Clearfield,323,6,0,41.00110782,-78.47592663,42033.0,407.54526528294747,1.8575851393188851,317,319,5,0,314,317,79388,4,1,0,3,2
2020-09-27,US,Pennsylvania,Clinton,207,6,0,41.23255967,-77.63785995,42035.0,535.8252226133775,2.898550724637681,201,205,6,0,199,204,38684,2,0,0,2,1
2020-09-27,US,Pennsylvania,Columbia,889,35,0,41.04821986,-76.40565017,42037.0,1368.4502185825995,3.9370078740157477,854,885,35,0,850,883,65456,4,0,0,4,2
2020-09-27,US,Pennsylvania,Crawford,305,3,0,41.68447709,-80.10760592,42039.0,360.3965543726146,0.9836065573770492,302,304,3,0,301,303,85063,1,0,0,1,1
2020-09-27,US,Pennsylvania,Cumberland,1859,77,0,40.1625372,-77.26130755,42041.0,733.7095946639303,4.142011834319527,1782,1843,77,0,1766,1814,251423,16,0,0,16,29
2020-09-27,US,Pennsylvania,Dauphin,3788,181,0,40.41377078,-76.77993242,42043.0,1361.125983205114,4.778247096092925,3607,3783,181,0,3602,3767,277097,5,0,0,5,16
2020-09-27,US,Pennsylvania,Delaware,11401,756,0,39.91680171,-75.40243663,42045.0,2011.655994650171,6.630997280940268,10645,11344,756,0,10588,11311,564751,57,0,0,57,33
2020-09-27,US,Pennsylvania,Elk,72,2,0,41.42822061,-78.64524744,42047.0,240.72216649949848,2.7777777777777777,70,71,2,0,69,72,30169,1,0,0,1,-1
2020-09-27,US,Pennsylvania,Erie,1544,38,0,41.99253829,-80.03301954,42049.0,572.4285205836991,2.461139896373057,1506,1537,38,0,1499,1526,272061,7,0,0,7,11
2020-09-27,US,Pennsylvania,Fayette,799,7,0,39.92041012,-79.64291195,42051.0,618.067051379241,0.8760951188986232,792,794,7,0,787,788,130441,5,0,0,5,6
2020-09-27,US,Pennsylvania,Forest,15,0,0,41.51095103,-79.23229292,42053.0,206.9821995308404,0.0,15,15,0,0,15,15,7279,0,0,0,0,0
2020-09-27,US,Pennsylvania,Franklin,1774,50,0,39.92956518,-77.72157791,42055.0,1144.3167964290092,2.818489289740699,1724,1763,50,0,1713,1757,154835,11,0,0,11,6
2020-09-27,US,Pennsylvania,Fulton,48,2,0,39.92913544,-78.11163677,42057.0,330.35099793530634,4.166666666666667,46,47,2,0,45,47,14523,1,0,0,1,0
2020-09-27,US,Pennsylvania,Greene,187,1,0,39.85746531,-80.22357106,42059.0,516.104103993597,0.5347593582887701,186,184,1,0,183,183,36506,3,0,0,3,1
2020-09-27,US,Pennsylvania,Huntingdon,403,6,0,40.42162652,-77.97673273,42061.0,892.6989190147085,1.488833746898263,397,402,6,0,396,401,45168,1,0,0,1,1
2020-09-27,US,Pennsylvania,Indiana,707,12,0,40.65241041,-79.08963285,42063.0,840.9358533655278,1.6973125884016973,695,699,12,0,687,692,84501,8,0,0,8,7
2020-09-27,US,Pennsylvania,Jefferson,113,3,0,41.12913106,-78.9986361,42065.0,260.2187679907887,2.6548672566371683,110,112,3,0,109,111,43641,1,0,0,1,1
2020-09-27,US,Pennsylvania,Juniata,191,7,0,40.53358749,-77.39975129999998,42067.0,771.3120381213907,3.6649214659685865,184,191,7,0,184,186,24704,0,0,0,0,5
2020-09-27,US,Pennsylvania,Lackawanna,2541,217,0,41.43564672,-75.60379201,42069.0,1211.881301448916,8.539944903581267,2324,2505,217,0,2288,2459,210793,36,0,0,36,46
2020-09-27,US,Pennsylvania,Lancaster,7859,458,0,40.03904563,-76.24770128,42071.0,1440.1052546708593,5.8277134495482885,7401,7811,458,0,7353,7770,543557,48,0,0,48,41
2020-09-27,US,Pennsylvania,Lawrence,519,23,0,40.99206278,-80.33393706,42073.0,606.9323603704743,4.431599229287091,496,517,23,0,494,510,86184,2,0,0,2,7
2020-09-27,US,Pennsylvania,Lebanon,2037,59,0,40.36680311,-76.45651841,42075.0,1436.6012426565487,2.896416298478154,1978,2015,59,0,1956,2001,141314,22,0,0,22,14
2020-09-27,US,Pennsylvania,Lehigh,5623,353,0,40.6154815,-75.59435245,42077.0,1522.5361341716352,6.277787657833897,5270,5597,353,0,5244,5568,368100,26,0,0,26,29
2020-09-27,US,Pennsylvania,Luzerne,4102,190,0,41.17823008,-75.98447579,42079.0,1292.306335199438,4.631886884446613,3912,4088,189,0,3899,4071,317646,14,1,0,13,17
2020-09-27,US,Pennsylvania,Lycoming,690,25,0,41.34310539,-77.06629984,42081.0,609.0080230187381,3.6231884057971016,665,671,25,0,646,658,113664,19,0,0,19,13
2020-09-27,US,Pennsylvania,McKean,57,2,0,41.80938602,-78.56478358,42083.0,140.30769230769232,3.5087719298245608,55,57,2,0,55,57,40968,0,0,0,0,0
2020-09-27,US,Pennsylvania,Mercer,728,17,0,41.30248872,-80.25816981,42085.0,665.3019447287616,2.3351648351648358,711,725,17,0,708,720,110683,3,0,0,3,5
2020-09-27,US,Pennsylvania,Mifflin,224,2,0,40.61116939,-77.61070738,42087.0,485.5000216741081,0.8928571428571429,222,222,2,0,220,221,46222,2,0,0,2,1
2020-09-27,US,Pennsylvania,Monroe,1792,133,0,41.05934058,-75.34031025,42089.0,1052.4399339875845,7.421875,1659,1790,133,0,1657,1787,169507,2,0,0,2,3
2020-09-27,US,Pennsylvania,Montgomery,12180,878,0,40.21053671,-75.36652296,42091.0,1465.8539080411356,7.208538587848933,11302,12144,878,0,11266,12084,828604,36,0,0,36,60
2020-09-27,US,Pennsylvania,Montour,174,5,0,41.03023987,-76.66345939,42093.0,954.4706527701593,2.8735632183908044,169,170,5,0,165,168,18240,4,0,0,4,2
2020-09-27,US,Pennsylvania,Northampton,4487,305,0,40.75182733,-75.30471829,42095.0,1469.7741454706259,6.797414753733007,4182,4476,305,0,4171,4457,304807,11,0,0,11,19
2020-09-27,US,Pennsylvania,Northumberland,1024,55,0,40.84785433,-76.70798222,42097.0,1127.219488568189,5.37109375,969,976,54,0,922,963,91083,48,1,0,47,13
2020-09-27,US,Pennsylvania,Perry,222,6,0,40.40206612,-77.26297447,42099.0,479.7717842323651,2.702702702702702,216,218,6,0,212,217,46139,4,0,0,4,1
2020-09-27,US,Pennsylvania,Philadelphia,36187,1799,0,40.00338507,-75.1379271,42101.0,2284.4405276554485,4.971398568546714,34388,36187,1799,0,34388,36187,1584138,0,0,0,0,0
2020-09-27,US,Pennsylvania,Pike,577,22,0,41.33155042,-75.03208106,42103.0,1033.8834238205307,3.812824956672444,555,574,22,0,552,572,55933,3,0,0,3,2
2020-09-27,US,Pennsylvania,Potter,29,0,0,41.74471626,-77.89559864,42105.0,175.48106014764613,0.0,29,28,0,0,28,28,16622,1,0,0,1,0
2020-09-27,US,Pennsylvania,Schuylkill,1143,52,0,40.70497338,-76.2150785,42107.0,808.5795739924588,4.549431321084866,1091,1122,52,0,1070,1101,142067,21,0,0,21,21
2020-09-27,US,Pennsylvania,Snyder,314,4,0,40.77129231,-77.06840691,42109.0,777.7667690478551,1.2738853503184713,310,305,4,0,301,298,40540,9,0,0,9,7
2020-09-27,US,Pennsylvania,Somerset,218,3,0,39.97172723,-79.02699593,42111.0,296.81266763788847,1.3761467889908257,215,215,3,0,212,212,73952,3,0,0,3,3
2020-09-27,US,Pennsylvania,Sullivan,13,0,0,41.44634738,-76.51246591,42113.0,214.3092647543686,0.0,13,12,0,0,12,11,6071,1,0,0,1,1
2020-09-27,US,Pennsylvania,Susquehanna,293,28,0,41.82147784,-75.80071959,42115.0,726.5423527077963,9.55631399317406,265,293,28,0,265,293,40589,0,0,0,0,0
2020-09-27,US,Pennsylvania,Tioga,70,3,0,41.77255149,-77.25433032,42117.0,172.45202138405062,4.285714285714286,67,68,3,0,65,67,40763,2,0,0,2,1
2020-09-27,US,Pennsylvania,Union,472,6,0,40.96188846,-77.05996014,42119.0,1050.6867306279635,1.2711864406779658,466,472,6,0,466,464,44785,0,0,0,0,8
2020-09-27,US,Pennsylvania,Venango,85,1,0,41.40323442,-79.75845449,42121.0,167.75874319096866,1.1764705882352942,84,84,1,0,83,84,51266,1,0,0,1,0
2020-09-27,US,Pennsylvania,Warren,43,1,0,41.81304978,-79.26969577,42123.0,109.71906815340256,2.3255813953488373,42,43,1,0,42,42,39498,0,0,0,0,1
2020-09-27,US,Pennsylvania,Washington,1338,30,0,40.19208869,-80.24582867,42125.0,646.7986367921108,2.242152466367713,1308,1328,30,0,1298,1320,207346,10,0,0,10,8
2020-09-27,US,Pennsylvania,Wayne,232,10,0,41.64938475,-75.29956506,42127.0,451.7046007671189,4.310344827586206,222,226,10,0,216,224,51276,6,0,0,6,2
2020-09-27,US,Pennsylvania,Westmoreland,2225,54,0,40.31377979999999,-79.46615476,42129.0,637.7203717981422,2.426966292134832,2171,2203,54,0,2149,2184,350611,22,0,0,22,19
2020-09-27,US,Pennsylvania,Wyoming,76,8,0,41.51955538,-76.01074915,42131.0,283.64559229678287,10.526315789473683,68,75,8,0,67,74,27046,1,0,0,1,1
2020-09-27,US,Pennsylvania,York,4828,156,0,39.9210089,-76.73040131,42133.0,1075.1395142720985,3.231151615575808,4672,4784,156,0,4628,4752,448273,44,0,0,44,32
2020-09-27,US,Puerto Rico,Adjuntas,147,0,0,18.180117000000006,-66.754367,72001.0,754.5039265000256,0.0,147,145,0,0,145,145,,2,0,0,2,0
2020-09-27,US,Puerto Rico,Aguada,338,0,0,18.360255,-67.17513100000001,72003.0,805.548273314426,0.0,338,327,0,0,327,323,,11,0,0,11,4
2020-09-27,US,Puerto Rico,Aguadilla,435,0,0,18.459681,-67.12081500000001,72005.0,713.7114636827513,0.0,435,427,0,0,427,424,,8,0,0,8,3
2020-09-27,US,Puerto Rico,Aguas Buenas,269,0,0,18.251619,-66.126806,72007.0,938.6231201367807,0.0,269,265,0,0,265,265,,4,0,0,4,0
2020-09-27,US,Puerto Rico,Aibonito,156,0,0,18.131361,-66.264131,72009.0,602.3166023166024,0.0,156,154,0,0,154,153,,2,0,0,2,1
2020-09-27,US,Puerto Rico,Anasco,222,0,0,18.287985,-67.120611,72011.0,758.6890400191381,0.0,222,220,0,0,220,220,,2,0,0,2,0
2020-09-27,US,Puerto Rico,Arecibo,827,0,0,18.406631,-66.675077,72013.0,857.5279966818747,0.0,827,813,0,0,813,794,,14,0,0,14,19
2020-09-27,US,Puerto Rico,Arroyo,165,0,0,17.998457000000005,-66.056546,72015.0,842.9118773946359,0.0,165,164,0,0,164,162,,1,0,0,1,2
2020-09-27,US,Puerto Rico,Barceloneta,239,0,0,18.445532999999998,-66.56053100000001,72017.0,963.0883301096068,0.0,239,230,0,0,230,228,,9,0,0,9,2
2020-09-27,US,Puerto Rico,Barranquitas,446,0,0,18.201592,-66.30963,72019.0,1471.0732897948417,0.0,446,437,0,0,437,436,,9,0,0,9,1
2020-09-27,US,Puerto Rico,Bayamon,3695,0,0,18.34946,-66.168435,72021.0,1775.452151684637,0.0,3695,3633,0,0,3633,3585,,62,0,0,62,48
2020-09-27,US,Puerto Rico,Cabo Rojo,342,0,0,18.040993,-67.154391,72023.0,671.6813637881257,0.0,342,331,0,0,331,330,,11,0,0,11,1
2020-09-27,US,Puerto Rico,Caguas,1596,0,0,18.211615,-66.050779,72025.0,1116.919653167055,0.0,1596,1555,0,0,1555,1543,,41,0,0,41,12
2020-09-27,US,Puerto Rico,Camuy,283,0,0,18.418578,-66.860206,72027.0,804.9148155522058,0.0,283,278,0,0,278,269,,5,0,0,5,9
2020-09-27,US,Puerto Rico,Canovanas,690,0,0,18.328802,-65.887612,72029.0,1448.1195433176624,0.0,690,682,0,0,682,669,,8,0,0,8,13
2020-09-27,US,Puerto Rico,Carolina,2611,0,0,18.374986,-65.95683100000001,72031.0,1477.127436892545,0.0,2611,2563,0,0,2563,2533,,48,0,0,48,30
2020-09-27,US,Puerto Rico,Catano,449,0,0,18.437269,-66.14330600000001,72033.0,1595.593461265103,0.0,449,439,0,0,439,430,,10,0,0,10,9
2020-09-27,US,Puerto Rico,Cayey,354,0,0,18.102851,-66.14914,72035.0,735.6761362455577,0.0,354,350,0,0,350,345,,4,0,0,4,5
2020-09-27,US,Puerto Rico,Ceiba,132,0,0,18.251818,-65.666416,72037.0,968.3808964859512,0.0,132,131,0,0,131,122,,1,0,0,1,9
2020-09-27,US,Puerto Rico,Ciales,252,0,0,18.28885,-66.516475,72039.0,1341.710148014056,0.0,252,243,0,0,243,237,,9,0,0,9,6
2020-09-27,US,Puerto Rico,Cidra,314,0,0,18.173559,-66.161179,72041.0,722.1711131554738,0.0,314,312,0,0,312,310,,2,0,0,2,2
2020-09-27,US,Puerto Rico,Coamo,289,0,0,18.097597,-66.36014,72043.0,713.36887835703,0.0,289,281,0,0,281,280,,8,0,0,8,1
2020-09-27,US,Puerto Rico,Comerio,250,0,0,18.224687,-66.221622,72045.0,1203.195687746655,0.0,250,249,0,0,249,249,,1,0,0,1,0
2020-09-27,US,Puerto Rico,Corozal,611,0,0,18.304264,-66.327738,72047.0,1645.0379624145173,0.0,611,609,0,0,609,604,,2,0,0,2,5
2020-09-27,US,Puerto Rico,Culebra,23,0,0,18.31586,-65.28813000000001,72049.0,1265.1265126512649,0.0,23,23,0,0,23,23,,0,0,0,0,0
2020-09-27,US,Puerto Rico,Dorado,786,0,0,18.436115,-66.278669,72051.0,2059.4785798506487,0.0,786,772,0,0,772,764,,14,0,0,14,8
2020-09-27,US,Puerto Rico,Fajardo,543,0,0,18.318373,-65.666866,72053.0,1467.84526802368,0.0,543,518,0,0,518,517,,25,0,0,25,1
2020-09-27,US,Puerto Rico,Florida,269,0,0,18.373715,-66.560488,72054.0,2121.4511041009464,0.0,269,266,0,0,266,265,,3,0,0,3,1
2020-09-27,US,Puerto Rico,Guanica,104,0,0,17.982429,-66.91964300000001,72055.0,535.3374169969629,0.0,104,103,0,0,103,101,,1,0,0,1,2
2020-09-27,US,Puerto Rico,Guayama,287,0,0,18.007516,-66.13390799999999,72057.0,632.6881530796702,0.0,287,285,0,0,285,284,,2,0,0,2,1
2020-09-27,US,Puerto Rico,Guayanilla,179,0,0,18.039942,-66.79186,72059.0,829.4332978082573,0.0,179,173,0,0,173,169,,6,0,0,6,4
2020-09-27,US,Puerto Rico,Guaynabo,1720,0,0,18.345114000000002,-66.11452299999999,72061.0,1756.4641967239902,0.0,1720,1681,0,0,1681,1657,,39,0,0,39,24
2020-09-27,US,Puerto Rico,Gurabo,533,0,0,18.266461,-65.97970500000001,72063.0,1174.8109942912558,0.0,533,528,0,0,528,523,,5,0,0,5,5
2020-09-27,US,Puerto Rico,Hatillo,310,0,0,18.410928,-66.79632600000001,72065.0,738.9221271422783,0.0,310,302,0,0,302,278,,8,0,0,8,24
2020-09-27,US,Puerto Rico,Hormigueros,174,0,0,18.134532,-67.113972,72067.0,1008.695652173913,0.0,174,172,0,0,172,168,,2,0,0,2,4
2020-09-27,US,Puerto Rico,Humacao,529,0,0,18.145211,-65.810174,72069.0,904.7993705743507,0.0,529,521,0,0,521,510,,8,0,0,8,11
2020-09-27,US,Puerto Rico,Isabela,268,0,0,18.44981,-67.005093,72071.0,587.3200236681204,0.0,268,263,0,0,263,258,,5,0,0,5,5
2020-09-27,US,Puerto Rico,Jayuya,228,0,0,18.211446,-66.58878,72073.0,1370.0276409085448,0.0,228,228,0,0,228,228,,0,0,0,0,0
2020-09-27,US,Puerto Rico,Juana Diaz,346,0,0,18.050764,-66.49458100000001,72075.0,433.05756161057366,0.0,346,337,0,0,337,334,,9,0,0,9,3
2020-09-27,US,Puerto Rico,Juncos,390,0,0,18.223793,-65.909109,72077.0,967.9821295606848,0.0,390,385,0,0,385,380,,5,0,0,5,5
2020-09-27,US,Puerto Rico,Lajas,162,0,0,18.011661,-67.040585,72079.0,629.0529258727139,0.0,162,155,0,0,155,155,,7,0,0,7,0
2020-09-27,US,Puerto Rico,Lares,328,0,0,18.269035000000002,-66.867236,72081.0,1066.5626117777126,0.0,328,326,0,0,326,323,,2,0,0,2,3
2020-09-27,US,Puerto Rico,Las Marias,108,0,0,18.23679,-66.98362,72083.0,1093.0067806902136,0.0,108,106,0,0,106,105,,2,0,0,2,1
2020-09-27,US,Puerto Rico,Las Piedras,488,0,0,18.187527,-65.86946800000001,72085.0,1261.797026502909,0.0,488,476,0,0,476,472,,12,0,0,12,4
2020-09-27,US,Puerto Rico,Loiza,270,0,0,18.425688,-65.89943000000001,72087.0,898.2035928143712,0.0,270,268,0,0,268,262,,2,0,0,2,6
2020-09-27,US,Puerto Rico,Luquillo,261,0,0,18.342114000000002,-65.72509699999999,72089.0,1300.578034682081,0.0,261,257,0,0,257,254,,4,0,0,4,3
2020-09-27,US,Puerto Rico,Manati,552,0,0,18.420473,-66.490461,72091.0,1251.331806950332,0.0,552,533,0,0,533,529,,19,0,0,19,4
2020-09-27,US,Puerto Rico,Maricao,85,0,0,18.171795,-66.942126,72093.0,1354.365838113448,0.0,85,82,0,0,82,81,,3,0,0,3,1
2020-09-27,US,Puerto Rico,Maunabo,118,0,0,18.017889,-65.922235,72095.0,965.2351738241307,0.0,118,113,0,0,113,110,,5,0,0,5,3
2020-09-27,US,Puerto Rico,Mayaguez,813,0,0,18.2013,-67.1452,72097.0,912.6627750336777,0.0,813,787,0,0,787,781,,26,0,0,26,6
2020-09-27,US,Puerto Rico,Moca,343,0,0,18.377805,-67.080952,72099.0,855.1696626692262,0.0,343,335,0,0,335,334,,8,0,0,8,1
2020-09-27,US,Puerto Rico,Morovis,521,0,0,18.316963,-66.420383,72101.0,1597.669426556271,0.0,521,516,0,0,516,514,,5,0,0,5,2
2020-09-27,US,Puerto Rico,Naguabo,206,0,0,18.230636999999998,-65.753897,72103.0,770.9580838323352,0.0,206,204,0,0,204,202,,2,0,0,2,2
2020-09-27,US,Puerto Rico,Naranjito,622,0,0,18.288019,-66.252703,72105.0,2045.91803170844,0.0,622,616,0,0,616,614,,6,0,0,6,2
2020-09-27,US,Puerto Rico,Orocovis,336,0,0,18.215046,-66.433604,72107.0,1434.4874695811814,0.0,336,332,0,0,332,331,,4,0,0,4,1
2020-09-27,US,Puerto Rico,Out of PR,790,0,0,0.0,0.0,72888.0,0.0,0.0,790,793,0,0,793,791,,-3,0,0,-3,2
2020-09-27,US,Puerto Rico,Patillas,169,0,0,18.03174,-66.012242,72109.0,876.6924313949266,0.0,169,168,0,0,168,168,,1,0,0,1,0
2020-09-27,US,Puerto Rico,Penuelas,119,0,0,18.059645,-66.721572,72111.0,490.07495263981554,0.0,119,119,0,0,119,117,,0,0,0,0,2
2020-09-27,US,Puerto Rico,Ponce,889,0,0,18.059498,-66.613748,72113.0,534.4892891713312,0.0,889,875,0,0,875,867,,14,0,0,14,8
2020-09-27,US,Puerto Rico,Quebradillas,179,0,0,18.439692,-66.926113,72115.0,690.6130637756088,0.0,179,179,0,0,179,177,,0,0,0,0,2
2020-09-27,US,Puerto Rico,Rincon,193,0,0,18.335442999999998,-67.23174,72117.0,1269.7368421052631,0.0,193,182,0,0,182,180,,11,0,0,11,2
2020-09-27,US,Puerto Rico,Rio Grande,597,0,0,18.346329,-65.813742,72119.0,1099.366529169122,0.0,597,587,0,0,587,583,,10,0,0,10,4
2020-09-27,US,Puerto Rico,Sabana Grande,202,0,0,18.08282,-66.943758,72121.0,799.5250346328912,0.0,202,196,0,0,196,194,,6,0,0,6,2
2020-09-27,US,Puerto Rico,Salinas,431,0,0,18.010386999999994,-66.256592,72123.0,1386.8331295450155,0.0,431,426,0,0,426,421,,5,0,0,5,5
2020-09-27,US,Puerto Rico,San German,263,0,0,18.111484,-67.03858100000001,72125.0,740.2820390125819,0.0,263,247,0,0,247,245,,16,0,0,16,2
2020-09-27,US,Puerto Rico,San Juan,7433,0,0,18.386933,-66.061128,72127.0,1880.220375082843,0.0,7433,7284,0,0,7284,7182,,149,0,0,149,102
2020-09-27,US,Puerto Rico,San Lorenzo,502,0,0,18.147987,-65.976392,72129.0,1222.6606264309025,0.0,502,489,0,0,489,475,,13,0,0,13,14
2020-09-27,US,Puerto Rico,San Sebastian,359,0,0,18.328646,-66.971214,72131.0,846.0994579307094,0.0,359,355,0,0,355,354,,4,0,0,4,1
2020-09-27,US,Puerto Rico,Santa Isabel,171,0,0,17.994525,-66.388913,72133.0,734.7254447022427,0.0,171,170,0,0,170,170,,1,0,0,1,0
2020-09-27,US,Puerto Rico,Toa Alta,1266,0,0,18.362406,-66.246616,72135.0,1709.2863122080307,0.0,1266,1244,0,0,1244,1237,,22,0,0,22,7
2020-09-27,US,Puerto Rico,Toa Baja,1349,0,0,18.431445999999998,-66.213553,72137.0,1505.4291421620596,0.0,1349,1306,0,0,1306,1295,,43,0,0,43,11
2020-09-27,US,Puerto Rico,Trujillo Alto,1070,0,0,18.336159,-65.99888399999999,72139.0,1429.6785227546036,0.0,1070,1039,0,0,1039,1026,,31,0,0,31,13
2020-09-27,US,Puerto Rico,Unassigned,521,644,0,0.0,0.0,72999.0,0.0,123.60844529750479,-123,517,642,0,-125,535,,4,2,0,2,-18
2020-09-27,US,Puerto Rico,Utuado,143,0,0,18.271214,-66.702984,72141.0,431.3855621587378,0.0,143,138,0,0,138,136,,5,0,0,5,2
2020-09-27,US,Puerto Rico,Vega Alta,761,0,0,18.409346,-66.33725,72143.0,1904.8334209406528,0.0,761,745,0,0,745,741,,16,0,0,16,4
2020-09-27,US,Puerto Rico,Vega Baja,959,0,0,18.428262,-66.397924,72145.0,1607.3882873520834,0.0,959,945,0,0,945,933,,14,0,0,14,12
2020-09-27,US,Puerto Rico,Vieques,89,0,0,18.123276,-65.44097099999999,72147.0,956.8863563057736,0.0,89,88,0,0,88,88,,1,0,0,1,0
2020-09-27,US,Puerto Rico,Villalba,132,0,0,18.127951,-66.473115,72149.0,506.2708549073754,0.0,132,131,0,0,131,129,,1,0,0,1,2
2020-09-27,US,Puerto Rico,Yabucoa,304,0,0,18.070399,-65.896289,72151.0,801.2440367939696,0.0,304,296,0,0,296,289,,8,0,0,8,7
2020-09-27,US,Puerto Rico,Yauco,399,0,0,18.080374,-66.858814,72153.0,949.0283757105819,0.0,399,393,0,0,393,390,,6,0,0,6,3
2020-09-27,US,Rhode Island,Bristol,404,0,0,41.71018079,-71.28652315,44001.0,833.3505229068255,0.0,404,404,0,0,404,404,48649,0,0,0,0,0
2020-09-27,US,Rhode Island,Kent,1867,0,0,41.67106337,-71.57641596,44003.0,1136.3913032892654,0.0,1867,1867,0,0,1867,1867,163861,0,0,0,0,0
2020-09-27,US,Rhode Island,Newport,518,0,0,41.5642026,-71.26569799,44005.0,631.0762408323384,0.0,518,518,0,0,518,518,82542,0,0,0,0,0
2020-09-27,US,Rhode Island,Providence,18437,0,0,41.87064746,-71.57753536,44007.0,2885.601105596692,0.0,18437,18437,0,0,18437,18437,636084,0,0,0,0,0
2020-09-27,US,Rhode Island,Unassigned,2152,1107,0,0.0,0.0,90044.0,0.0,51.440520446096656,1045,2152,1107,0,1045,2152,,0,0,0,0,0
2020-09-27,US,Rhode Island,Washington,803,0,0,41.45961631,-71.61435303,44009.0,639.4483066166575,0.0,803,803,0,0,803,803,126179,0,0,0,0,0
2020-09-27,US,South Carolina,Abbeville,579,12,0,34.22333378,-82.46170658,45001.0,2360.6637583071715,2.0725388601036268,567,578,12,0,566,569,24541,1,0,0,1,9
2020-09-27,US,South Carolina,Aiken,4149,82,0,33.54338026,-81.63645384,45003.0,2428.133339575823,1.9763798505664016,4067,4135,81,0,4054,4092,169401,14,1,0,13,43
2020-09-27,US,South Carolina,Allendale,383,6,0,32.98837386,-81.35321066,45005.0,4408.379373848987,1.566579634464752,377,381,6,0,375,381,8903,2,0,0,2,0
2020-09-27,US,South Carolina,Anderson,4463,176,0,34.51828081,-82.63959517,45007.0,2203.319543044461,3.9435357382926277,4287,4452,176,0,4276,4332,200482,11,0,0,11,120
2020-09-27,US,South Carolina,Bamberg,645,33,0,33.21927586,-81.05659969,45009.0,4585.52538034978,5.116279069767441,612,642,33,0,609,640,14275,3,0,0,3,2
2020-09-27,US,South Carolina,Barnwell,709,16,0,33.26679302,-81.43584352,45011.0,3397.8721364899848,2.2566995768688294,693,702,16,0,686,695,21112,7,0,0,7,7
2020-09-27,US,South Carolina,Beaufort,5622,83,0,32.39226291,-80.72619758,45013.0,2926.2656020653544,1.4763429384560656,5539,5614,83,0,5531,5598,188715,8,0,0,8,16
2020-09-27,US,South Carolina,Berkeley,5512,88,0,33.20222596,-79.94654523,45015.0,2418.530365456085,1.5965166908563135,5424,5466,88,0,5378,5439,221091,46,0,0,46,27
2020-09-27,US,South Carolina,Calhoun,454,17,0,33.66926881,-80.77722168,45017.0,3119.631691060263,3.744493392070485,437,448,17,0,431,447,14520,6,0,0,6,1
2020-09-27,US,South Carolina,Charleston,15817,260,0,32.82487866,-79.96512315,45019.0,3844.620642382464,1.6438009736359611,15557,15780,260,0,15520,15728,405905,37,0,0,37,52
2020-09-27,US,South Carolina,Cherokee,1163,36,0,35.05122251,-81.61828622,45021.0,2029.6684118673647,3.0954428202923463,1127,1162,36,0,1126,1143,57078,1,0,0,1,19
2020-09-27,US,South Carolina,Chester,1043,21,0,34.69249168,-81.1583216,45023.0,3234.7103337054955,2.0134228187919465,1022,1039,21,0,1018,1033,32251,4,0,0,4,6
2020-09-27,US,South Carolina,Chesterfield,1230,37,0,34.64137396,-80.15640140000002,45025.0,2694.414019715225,3.008130081300813,1193,1226,37,0,1189,1215,45754,4,0,0,4,11
2020-09-27,US,South Carolina,Clarendon,1101,66,0,33.66610974,-80.21647898,45027.0,3262.7055860127425,5.994550408719347,1035,1098,66,0,1032,1092,33700,3,0,0,3,6
2020-09-27,US,South Carolina,Colleton,1031,42,0,32.87582989,-80.67641292,45029.0,2736.4174430023622,4.0737148399612035,989,1022,42,0,980,1013,37660,9,0,0,9,9
2020-09-27,US,South Carolina,Darlington,2056,53,0,34.33358335,-79.96027485,45031.0,3086.2529646642047,2.577821011673152,2003,2045,53,0,1992,2035,66802,11,0,0,11,10
2020-09-27,US,South Carolina,Dillon,1039,37,0,34.39007791,-79.37741872,45033.0,3408.904491617179,3.5611164581328194,1002,1027,37,0,990,1016,30599,12,0,0,12,11
2020-09-27,US,South Carolina,Dorchester,4173,91,0,33.0794369,-80.40502652,45035.0,2563.126117106548,2.1806853582554515,4082,4163,91,0,4072,4112,160647,10,0,0,10,51
2020-09-27,US,South Carolina,Edgefield,814,18,0,33.77221995,-81.96231108,45037.0,2986.060161408657,2.211302211302211,796,813,18,0,795,806,27052,1,0,0,1,7
2020-09-27,US,South Carolina,Fairfield,765,35,0,34.39287073,-81.1195624,45039.0,3423.2782923882396,4.575163398692809,730,763,35,0,728,761,22402,2,0,0,2,2
2020-09-27,US,South Carolina,Florence,4931,190,0,34.02361754,-79.70189312,45041.0,3565.6179271546644,3.85317379841817,4741,4912,190,0,4722,4890,138159,19,0,0,19,22
2020-09-27,US,South Carolina,Georgetown,1893,45,0,33.43443342,-79.33202141,45043.0,3020.1021059349073,2.3771790808240887,1848,1892,45,0,1847,1885,62249,1,0,0,1,7
2020-09-27,US,South Carolina,Greenville,14356,299,0,34.89502264,-82.37295012,45045.0,2742.0913699378466,2.082752855948732,14057,14318,299,0,14019,14203,514213,38,0,0,38,115
2020-09-27,US,South Carolina,Greenwood,2213,72,0,34.15272415,-82.12715789,45047.0,3125.220657807403,3.2535020334387714,2141,2212,72,0,2140,2196,70741,1,0,0,1,16
2020-09-27,US,South Carolina,Hampton,645,26,0,32.77419582,-81.13845571,45049.0,3355.5301217355113,4.0310077519379846,619,644,25,0,619,637,19351,1,1,0,0,7
2020-09-27,US,South Carolina,Horry,10353,196,0,33.9212828,-78.99555293,45051.0,2923.907241563371,1.8931710615280597,10157,10326,196,0,10130,10292,344147,27,0,0,27,34
2020-09-27,US,South Carolina,Jasper,814,20,0,32.43171982,-81.02487495,45053.0,2706.7469158381273,2.457002457002457,794,812,20,0,792,806,28971,2,0,0,2,6
2020-09-27,US,South Carolina,Kershaw,1985,37,0,34.33988254,-80.58763164,45055.0,2982.6749410226744,1.8639798488664987,1948,1972,37,0,1935,1951,65592,13,0,0,13,21
2020-09-27,US,South Carolina,Lancaster,2167,52,0,34.68270843,-80.70513032,45057.0,2210.953760763988,2.399630826026765,2115,2155,52,0,2103,2134,95380,12,0,0,12,21
2020-09-27,US,South Carolina,Laurens,1676,56,0,34.48244419,-82.00490796,45059.0,2483.220482124072,3.3412887828162283,1620,1650,56,0,1594,1642,66994,26,0,0,26,8
2020-09-27,US,South Carolina,Lee,719,34,0,34.16393091,-80.25690731,45061.0,4272.640836700737,4.728789986091794,685,719,34,0,685,713,17142,0,0,0,0,6
2020-09-27,US,South Carolina,Lexington,7278,158,0,33.89665987,-81.27146426,45063.0,2436.1506276150626,2.17092607859302,7120,7193,158,0,7035,7106,295032,85,0,0,85,87
2020-09-27,US,South Carolina,Marion,881,24,0,34.07859748,-79.36400756,45067.0,2873.731937241087,2.724177071509648,857,869,24,0,845,860,31039,12,0,0,12,9
2020-09-27,US,South Carolina,Marlboro,932,11,0,34.59905577,-79.67561152,45069.0,3568.420246573245,1.1802575107296138,921,918,11,0,907,906,26398,14,0,0,14,12
2020-09-27,US,South Carolina,McCormick,234,6,0,33.90161443,-82.30794338,45065.0,2472.7887562083906,2.5641025641025643,228,233,6,0,227,231,9410,1,0,0,1,2
2020-09-27,US,South Carolina,Newberry,1249,27,0,34.28629098,-81.59935761,45071.0,3249.2195629552552,2.1617293835068057,1222,1245,27,0,1218,1230,38520,4,0,0,4,15
2020-09-27,US,South Carolina,Oconee,1419,26,0,34.75225169,-83.06742317,45073.0,1783.8734820104091,1.8322762508809018,1393,1412,26,0,1386,1387,78374,7,0,0,7,25
2020-09-27,US,South Carolina,Orangeburg,3115,126,0,33.4391073,-80.79886287,45075.0,3614.737452857557,4.044943820224719,2989,3099,126,0,2973,3092,86934,16,0,0,16,7
2020-09-27,US,South Carolina,Pickens,2937,45,0,34.88807695,-82.72791551,45077.0,2314.7126509252544,1.5321756894790604,2892,2924,45,0,2879,2848,124937,13,0,0,13,76
2020-09-27,US,South Carolina,Richland,15250,240,0,34.01791263,-80.90267209,45079.0,3667.9903501788285,1.5737704918032789,15010,15191,239,0,14952,15014,414576,59,1,0,58,177
2020-09-27,US,South Carolina,Saluda,689,21,0,34.00795823,-81.72713237,45081.0,3365.4080984711572,3.0478955007256894,668,689,21,0,668,689,20544,0,0,0,0,0
2020-09-27,US,South Carolina,Spartanburg,6917,198,0,34.92960077,-81.99225984,45083.0,2163.015776224651,2.8625126499927718,6719,6900,198,0,6702,6693,313888,17,0,0,17,207
2020-09-27,US,South Carolina,Sumter,3215,77,0,33.91826534,-80.37942316,45085.0,3012.5279935532844,2.3950233281493003,3138,3209,77,0,3132,3192,106512,6,0,0,6,17
2020-09-27,US,South Carolina,Union,565,12,0,34.68835752,-81.61730349,45087.0,2068.384829404012,2.1238938053097347,553,564,12,0,552,562,27410,1,0,0,1,2
2020-09-27,US,South Carolina,Williamsburg,1335,44,0,33.62190129,-79.72767442,45089.0,4396.074815595363,3.295880149812734,1291,1327,44,0,1283,1326,30606,8,0,0,8,1
2020-09-27,US,South Carolina,York,5371,75,0,34.97281497,-81.18085944,45091.0,1911.530754967453,1.3963880096816237,5296,5332,75,0,5257,5270,274118,39,0,0,39,62
2020-09-27,US,South Dakota,Aurora,54,0,0,43.71757685,-98.56050467,46003.0,1962.9225736095968,0.0,54,51,0,0,51,48,2801,3,0,0,3,3
2020-09-27,US,South Dakota,Beadle,791,9,0,44.41464384,-98.27858469,46005.0,4286.565870048231,1.1378002528445006,782,784,9,0,775,758,18883,7,0,0,7,26
2020-09-27,US,South Dakota,Bennett,67,1,0,43.19486375,-101.6665572,46007.0,1991.0846953937594,1.492537313432836,66,67,1,0,66,63,3468,0,0,0,0,4
2020-09-27,US,South Dakota,Bon Homme,84,1,0,42.98914167,-97.88592746,46009.0,1217.2148963918273,1.1904761904761905,83,81,1,0,80,81,6980,3,0,0,3,0
2020-09-27,US,South Dakota,Brookings,763,2,0,44.36974375,-96.79079945,46011.0,2175.214528038316,0.2621231979030144,761,751,2,0,749,731,35232,12,0,0,12,20
2020-09-27,US,South Dakota,Brown,1189,4,0,45.58994323,-98.35165355,46013.0,3061.355853652257,0.33641715727502103,1185,1160,4,0,1156,1124,39316,29,0,0,29,36
2020-09-27,US,South Dakota,Brule,120,0,0,43.71756379,-99.08118954,46015.0,2265.4332641117608,0.0,120,115,0,0,115,110,5229,5,0,0,5,5
2020-09-27,US,South Dakota,Buffalo,138,3,0,44.07657829,-99.20814467,46017.0,7033.639143730888,2.1739130434782608,135,135,3,0,132,135,2036,3,0,0,3,0
2020-09-27,US,South Dakota,Butte,102,3,0,44.90608745,-103.5079318,46019.0,978.0419982740436,2.9411764705882355,99,97,3,0,94,91,10222,5,0,0,5,6
2020-09-27,US,South Dakota,Campbell,29,0,0,45.77074915,-100.0510181,46021.0,2107.558139534884,0.0,29,24,0,0,24,23,1377,5,0,0,5,1
2020-09-27,US,South Dakota,Charles Mix,173,0,0,43.20660134,-98.58856175,46023.0,1861.8166164442525,0.0,173,171,0,0,171,160,9338,2,0,0,2,11
2020-09-27,US,South Dakota,Clark,40,0,0,44.85834507,-97.72925109,46025.0,1070.6638115631692,0.0,40,40,0,0,40,37,3739,0,0,0,0,3
2020-09-27,US,South Dakota,Clay,563,5,0,42.91296147,-96.97656917,46027.0,4001.421464108031,0.8880994671403197,558,558,5,0,553,554,14041,5,0,0,5,4
2020-09-27,US,South Dakota,Codington,872,4,0,44.97788119,-97.18827677,46029.0,3113.2850155307233,0.4587155963302753,868,842,4,0,838,805,28015,30,0,0,30,37
2020-09-27,US,South Dakota,Corson,91,1,0,45.70889983,-101.1970473,46031.0,2227.116984826236,1.0989010989010992,90,91,1,0,90,91,4165,0,0,0,0,0
2020-09-27,US,South Dakota,Custer,185,2,0,43.67741105,-103.45345209999999,46033.0,2061.9705751226043,1.0810810810810811,183,182,2,0,180,181,8726,3,0,0,3,1
2020-09-27,US,South Dakota,Davison,295,2,0,43.67490933,-98.14458906,46035.0,1491.7825537294566,0.6779661016949152,293,283,2,0,281,258,19790,12,0,0,12,25
2020-09-27,US,South Dakota,Day,76,0,0,45.367281,-97.60737498,46037.0,1401.1799410029498,0.0,76,74,0,0,74,70,5505,2,0,0,2,4
2020-09-27,US,South Dakota,Deuel,84,0,0,44.75994309,-96.66943645,46039.0,1930.5906688117675,0.0,84,83,0,0,83,82,4337,1,0,0,1,1
2020-09-27,US,South Dakota,Dewey,144,0,0,45.15639647,-100.8709139,46041.0,2443.9918533604887,0.0,144,144,0,0,144,143,5904,0,0,0,0,1
2020-09-27,US,South Dakota,Douglas,80,1,0,43.38520741,-98.36978007,46043.0,2738.788086271825,1.25,79,81,1,0,80,79,2935,-1,0,0,-1,2
2020-09-27,US,South Dakota,Edmunds,93,0,0,45.41846445,-99.21545423,46045.0,2428.8325933664137,0.0,93,91,0,0,91,91,3875,2,0,0,2,0
2020-09-27,US,South Dakota,Fall River,94,3,0,43.23929297,-103.5275691,46047.0,1400.2681364516613,3.191489361702128,91,93,3,0,90,92,6758,1,0,0,1,1
2020-09-27,US,South Dakota,Faulk,73,1,0,45.07082625,-99.14535601,46049.0,3175.2936059156154,1.3698630136986298,72,71,1,0,70,66,2330,2,0,0,2,5
2020-09-27,US,South Dakota,Grant,128,1,0,45.1723937,-96.77002276,46051.0,1815.087918321044,0.78125,127,124,1,0,123,114,7147,4,0,0,4,10
2020-09-27,US,South Dakota,Gregory,127,3,0,43.19419064,-99.18883902,46053.0,3034.647550776583,2.3622047244094486,124,125,3,0,122,118,4212,2,0,0,2,7
2020-09-27,US,South Dakota,Haakon,24,0,0,44.29299053,-101.539099,46055.0,1263.823064770932,0.0,24,23,0,0,23,22,1918,1,0,0,1,1
2020-09-27,US,South Dakota,Hamlin,99,0,0,44.67385954,-97.18829593,46057.0,1606.0999351070734,0.0,99,97,0,0,97,90,6111,2,0,0,2,7
2020-09-27,US,South Dakota,Hand,38,0,0,44.54708407,-99.00386459,46059.0,1190.849263553745,0.0,38,36,0,0,36,35,3262,2,0,0,2,1
2020-09-27,US,South Dakota,Hanson,38,0,0,43.6746384,-97.78715148,46061.0,1100.4923255140457,0.0,38,37,0,0,37,35,3376,1,0,0,1,2
2020-09-27,US,South Dakota,Harding,4,0,0,45.58015551,-103.4958629,46063.0,308.1664098613251,0.0,4,5,0,0,5,5,1249,-1,0,0,-1,0
2020-09-27,US,South Dakota,Hughes,437,5,0,44.39091534,-99.99661148,46065.0,2493.438320209974,1.1441647597254003,432,429,5,0,424,384,17650,8,0,0,8,45
2020-09-27,US,South Dakota,Hutchinson,99,2,0,43.33449012,-97.75536441,46067.0,1357.8384309422574,2.0202020202020203,97,95,2,0,93,88,7380,4,0,0,4,7
2020-09-27,US,South Dakota,Hyde,19,0,0,44.54747703,-99.48572582,46069.0,1460.415065334358,0.0,19,19,0,0,19,19,1282,0,0,0,0,0
2020-09-27,US,South Dakota,Jackson,34,1,0,43.69318385,-101.6255063,46071.0,1016.7464114832536,2.9411764705882355,33,34,1,0,33,32,3307,0,0,0,0,2
2020-09-27,US,South Dakota,Jerauld,84,1,0,44.06637798,-98.62965972,46073.0,4172.8763040238455,1.1904761904761905,83,83,1,0,82,81,2043,1,0,0,1,2
2020-09-27,US,South Dakota,Jones,13,0,0,43.96278565,-100.6940008,46075.0,1439.6456256921374,0.0,13,13,0,0,13,10,928,0,0,0,0,3
2020-09-27,US,South Dakota,Kingsbury,55,0,0,44.36956169,-97.4913945,46077.0,1113.5857461024498,0.0,55,55,0,0,55,52,4919,0,0,0,0,3
2020-09-27,US,South Dakota,Lake,195,7,0,44.02193107,-97.12926365,46079.0,1523.794639368602,3.58974358974359,188,190,7,0,183,188,13057,5,0,0,5,2
2020-09-27,US,South Dakota,Lawrence,402,4,0,44.35919441,-103.79294279999999,46081.0,1555.4867667543726,0.9950248756218906,398,395,4,0,391,380,25741,7,0,0,7,15
2020-09-27,US,South Dakota,Lincoln,1355,2,0,43.27841182,-96.72039050000001,46083.0,2216.660123020547,0.14760147601476015,1353,1331,2,0,1329,1296,58807,24,0,0,24,35
2020-09-27,US,South Dakota,Lyman,160,3,0,43.89522709,-99.85201878,46085.0,4231.684739486908,1.875,157,155,3,0,152,146,3821,5,0,0,5,9
2020-09-27,US,South Dakota,Marshall,38,0,0,45.75870838,-97.59855639,46091.0,770.0101317122594,0.0,38,38,0,0,38,38,5112,0,0,0,0,0
2020-09-27,US,South Dakota,McCook,96,1,0,43.6742571,-97.36863144,46087.0,1718.5821697099893,1.0416666666666667,95,93,1,0,92,92,5546,3,0,0,3,1
2020-09-27,US,South Dakota,McPherson,33,0,0,45.76626028,-99.22118798,46089.0,1387.1374527112232,0.0,33,33,0,0,33,31,2407,0,0,0,0,2
2020-09-27,US,South Dakota,Meade,537,5,0,44.56676791,-102.71627409999999,46093.0,1895.3833121558664,0.931098696461825,532,519,5,0,514,509,28294,18,0,0,18,10
2020-09-27,US,South Dakota,Mellette,30,0,0,43.58078848,-100.7563186,46095.0,1455.604075691412,0.0,30,30,0,0,30,30,2042,0,0,0,0,0
2020-09-27,US,South Dakota,Miner,23,0,0,44.02197882,-97.60992207,46097.0,1037.9061371841156,0.0,23,21,0,0,21,20,2213,2,0,0,2,1
2020-09-27,US,South Dakota,Minnehaha,6650,81,0,43.67441641,-96.7910885,46099.0,3443.2052357430603,1.218045112781955,6569,6580,81,0,6499,6508,192876,70,0,0,70,72
2020-09-27,US,South Dakota,Moody,90,0,0,44.02266214,-96.67081159,46101.0,1368.6131386861314,0.0,90,90,0,0,90,85,6579,0,0,0,0,5
2020-09-27,US,South Dakota,Oglala Lakota,281,3,0,43.33749164,-102.55554980000001,46102.0,1982.0836566269309,1.0676156583629892,278,270,3,0,267,252,14309,11,0,0,11,18
2020-09-27,US,South Dakota,Pennington,2311,37,0,44.0025835,-102.8240777,46103.0,2031.201933640958,1.6010385114668977,2274,2249,37,0,2212,2198,111729,62,0,0,62,51
2020-09-27,US,South Dakota,Perkins,38,0,0,45.49049506,-102.47555859999999,46105.0,1326.352530541012,0.0,38,37,0,0,37,37,2922,1,0,0,1,0
2020-09-27,US,South Dakota,Potter,43,0,0,45.06583079,-99.95498503,46107.0,1997.2131908964238,0.0,43,42,0,0,42,42,2207,1,0,0,1,0
2020-09-27,US,South Dakota,Roberts,209,1,0,45.62975048,-96.94672673,46109.0,2010.7754473734851,0.4784688995215311,208,204,1,0,203,181,10447,5,0,0,5,23
2020-09-27,US,South Dakota,Sanborn,29,0,0,44.02351092,-98.09098159999999,46111.0,1237.2013651877132,0.0,29,29,0,0,29,27,2429,0,0,0,0,2
2020-09-27,US,South Dakota,Spink,134,0,0,44.93837606,-98.34626602,46115.0,2101.6311166875785,0.0,134,129,0,0,129,124,6495,5,0,0,5,5
2020-09-27,US,South Dakota,Stanley,41,0,0,44.41381872,-100.7349153,46117.0,1323.4344738540995,0.0,41,41,0,0,41,40,3022,0,0,0,0,1
2020-09-27,US,South Dakota,Sully,11,0,0,44.71571812,-100.1278092,46119.0,790.7979870596691,0.0,11,11,0,0,11,10,1392,0,0,0,0,1
2020-09-27,US,South Dakota,Todd,120,5,0,43.19338568,-100.71955030000001,46121.0,1179.1294094526875,4.166666666666667,115,122,5,0,117,122,10283,-2,0,0,-2,0
2020-09-27,US,South Dakota,Tripp,155,0,0,43.34459388,-99.8854891,46123.0,2848.741040249954,0.0,155,148,0,0,148,135,5478,7,0,0,7,13
2020-09-27,US,South Dakota,Turner,162,2,0,43.3109081,-97.14865776,46125.0,1932.2519083969464,1.2345679012345678,160,159,2,0,157,153,8424,3,0,0,3,6
2020-09-27,US,South Dakota,Union,402,7,0,42.83112163,-96.6557828,46127.0,2523.2237007280946,1.7412935323383083,395,394,7,0,387,384,15619,8,0,0,8,10
2020-09-27,US,South Dakota,Walworth,123,1,0,45.43019636,-100.03075140000001,46129.0,2263.109475620975,0.8130081300813008,122,117,1,0,116,115,5587,6,0,0,6,2
2020-09-27,US,South Dakota,Yankton,413,4,0,43.00924485,-97.39467635,46135.0,1810.2919260103445,0.9685230024213076,409,402,4,0,398,393,22869,11,0,0,11,9
2020-09-27,US,South Dakota,Ziebach,61,0,0,44.97881876,-101.6654622,46137.0,2213.3526850507988,0.0,61,60,0,0,60,60,2742,1,0,0,1,0
2020-09-27,US,Tennessee,Anderson,1200,13,0,36.12684348,-84.19965764,47001.0,1558.886954714334,1.0833333333333333,1187,1179,13,0,1166,1165,76482,21,0,0,21,14
2020-09-27,US,Tennessee,Bedford,1364,17,0,35.51123746,-86.45549096,47003.0,2743.749119948505,1.24633431085044,1347,1345,17,0,1328,1328,49038,19,0,0,19,17
2020-09-27,US,Tennessee,Benton,337,9,0,36.07110411,-88.06849355,47005.0,2085.396039603961,2.6706231454005933,328,336,9,0,327,336,16184,1,0,0,1,0
2020-09-27,US,Tennessee,Bledsoe,862,4,0,35.59942968,-85.20611967,47007.0,5722.251725969198,0.4640371229698376,858,854,4,0,850,854,14755,8,0,0,8,0
2020-09-27,US,Tennessee,Blount,2535,24,0,35.68938198,-83.92847788,47009.0,1904.7547487376773,0.9467455621301776,2511,2516,24,0,2492,2504,131349,19,0,0,19,12
2020-09-27,US,Tennessee,Bradley,2962,17,0,35.15739424,-84.857186,47011.0,2739.802053464065,0.5739365293720459,2945,2934,17,0,2917,2914,106727,28,0,0,28,20
2020-09-27,US,Tennessee,Campbell,454,4,0,36.40355516,-84.15108559999999,47013.0,1139.501029064806,0.8810572687224669,450,446,4,0,442,439,39583,8,0,0,8,7
2020-09-27,US,Tennessee,Cannon,292,0,0,35.80990797,-86.05738983,47015.0,1989.371849025753,0.0,292,286,0,0,286,283,14462,6,0,0,6,3
2020-09-27,US,Tennessee,Carroll,899,20,0,35.97366108,-88.45189331,47017.0,3237.6562106097167,2.2246941045606228,879,889,20,0,869,874,28020,10,0,0,10,15
2020-09-27,US,Tennessee,Carter,1177,28,0,36.28969086,-82.12588974,47019.0,2087.212498448334,2.3789294817332203,1149,1168,28,0,1140,1158,56351,9,0,0,9,10
2020-09-27,US,Tennessee,Cheatham,815,10,0,36.26136216,-87.08903581,47021.0,2004.081933754641,1.2269938650306749,805,807,10,0,797,805,40439,8,0,0,8,2
2020-09-27,US,Tennessee,Chester,643,10,0,35.42527478,-88.6095842,47023.0,3717.407642943863,1.5552099533437014,633,632,10,0,622,623,17276,11,0,0,11,9
2020-09-27,US,Tennessee,Claiborne,442,5,0,36.48319149,-83.65947309,47025.0,1383.0219969335712,1.1312217194570136,437,442,5,0,437,441,31756,0,0,0,0,1
2020-09-27,US,Tennessee,Clay,233,5,0,36.55151008,-85.53930419,47027.0,3059.7504924491136,2.145922746781116,228,226,5,0,221,224,7717,7,0,0,7,2
2020-09-27,US,Tennessee,Cocke,754,9,0,35.9278914,-83.11828725,47029.0,2094.211754249528,1.1936339522546422,745,746,9,0,737,743,35774,8,0,0,8,3
2020-09-27,US,Tennessee,Coffee,1254,13,0,35.49090731,-86.07311784,47031.0,2218.6836518046707,1.036682615629984,1241,1236,13,0,1223,1210,55700,18,0,0,18,26
2020-09-27,US,Tennessee,Crockett,542,19,0,35.81830662,-89.14916269,47033.0,3808.854532677442,3.505535055350553,523,538,19,0,519,536,14328,4,0,0,4,2
2020-09-27,US,Tennessee,Cumberland,1217,18,0,35.95271721,-84.99840585,47035.0,2010.9054857898216,1.4790468364831553,1199,1201,18,0,1183,1192,59673,16,0,0,16,9
2020-09-27,US,Tennessee,Davidson,26630,306,0,36.17007426,-86.78646056,47037.0,3836.379771344274,1.1490799849793465,26324,26474,306,0,26168,26381,692587,156,0,0,156,93
2020-09-27,US,Tennessee,DeKalb,570,14,0,35.97616272,-85.83689361,47041.0,2781.8448023426063,2.456140350877193,556,566,14,0,552,561,20138,4,0,0,4,5
2020-09-27,US,Tennessee,Decatur,530,7,0,35.60048904,-88.11043779,47039.0,4544.285346823287,1.320754716981132,523,520,7,0,513,512,11706,10,0,0,10,8
2020-09-27,US,Tennessee,Dickson,1274,15,0,36.14669837,-87.35891709,47043.0,2361.533328390302,1.1773940345368916,1259,1257,15,0,1242,1250,53446,17,0,0,17,7
2020-09-27,US,Tennessee,Dyer,1387,14,0,36.05931946,-89.41542855,47045.0,3732.608520143168,1.009372746935833,1373,1370,14,0,1356,1350,37320,17,0,0,17,20
2020-09-27,US,Tennessee,Fayette,1204,19,0,35.19615831,-89.41399032,47047.0,2927.0901709090026,1.5780730897009967,1185,1188,19,0,1169,1183,40507,16,0,0,16,5
2020-09-27,US,Tennessee,Fentress,526,3,0,36.38128818,-84.92870012,47049.0,2839.71278950494,0.5703422053231939,523,505,3,0,502,493,18217,21,0,0,21,12
2020-09-27,US,Tennessee,Franklin,989,9,0,35.15634626,-86.09201039,47051.0,2343.1576952236537,0.9100101112234581,980,969,9,0,960,963,41890,20,0,0,20,6
2020-09-27,US,Tennessee,Gibson,1704,23,0,35.99438059,-88.93358327,47053.0,3468.137504324996,1.3497652582159625,1681,1658,23,0,1635,1636,49045,46,0,0,46,22
2020-09-27,US,Tennessee,Giles,631,17,0,35.20222469,-87.03992678,47055.0,2141.59652457236,2.6941362916006337,614,607,17,0,590,591,29503,24,0,0,24,16
2020-09-27,US,Tennessee,Grainger,386,3,0,36.27469206,-83.51254721,47057.0,1655.2315608919382,0.7772020725388601,383,376,3,0,373,372,23145,10,0,0,10,4
2020-09-27,US,Tennessee,Greene,1161,44,0,36.17470125,-82.84691273,47059.0,1680.9277678842896,3.7898363479758834,1117,1156,44,0,1112,1142,69087,5,0,0,5,14
2020-09-27,US,Tennessee,Grundy,309,5,0,35.38433717,-85.72142731,47061.0,2301.333134728532,1.6181229773462784,304,291,5,0,286,283,13346,18,0,0,18,8
2020-09-27,US,Tennessee,Hamblen,1939,26,0,36.21990035,-83.26586179,47063.0,2986.108972187144,1.3408973697782365,1913,1914,26,0,1888,1899,64569,25,0,0,25,15
2020-09-27,US,Tennessee,Hamilton,9519,95,0,35.17670231,-85.16652245,47065.0,2588.063207577949,0.998003992015968,9424,9443,94,0,9349,9374,364286,76,1,0,75,69
2020-09-27,US,Tennessee,Hancock,108,3,0,36.52692871,-83.22375847,47067.0,1631.4199395770393,2.7777777777777777,105,106,3,0,103,106,6549,2,0,0,2,0
2020-09-27,US,Tennessee,Hardeman,1582,26,0,35.20772017,-88.99161161,47069.0,6315.369261477046,1.6434892541087232,1556,1570,26,0,1544,1558,25220,12,0,0,12,12
2020-09-27,US,Tennessee,Hardin,1047,16,0,35.19732531,-88.18593755,47071.0,4081.553095275223,1.528175740210124,1031,1030,16,0,1014,1022,25776,17,0,0,17,8
2020-09-27,US,Tennessee,Hawkins,822,18,0,36.44355426,-82.94885298,47073.0,1447.5398865917655,2.18978102189781,804,812,18,0,794,796,56530,10,0,0,10,16
2020-09-27,US,Tennessee,Haywood,992,21,0,35.58332824,-89.28536625,47075.0,5732.778548312529,2.1169354838709675,971,969,21,0,948,968,17335,23,0,0,23,1
2020-09-27,US,Tennessee,Henderson,1189,24,0,35.65581134,-88.38600175,47077.0,4228.7584023900135,2.0185029436501263,1165,1181,24,0,1157,1169,27847,8,0,0,8,12
2020-09-27,US,Tennessee,Henry,628,9,0,36.33160906,-88.30121797,47079.0,1941.5674756531146,1.4331210191082802,619,625,9,0,616,618,32358,3,0,0,3,7
2020-09-27,US,Tennessee,Hickman,593,8,0,35.80609681,-87.47643507,47081.0,2355.2307570100884,1.349072512647555,585,585,8,0,577,573,25063,8,0,0,8,12
2020-09-27,US,Tennessee,Houston,224,3,0,36.28872054,-87.71878828,47083.0,2731.374222655774,1.3392857142857142,221,220,3,0,217,214,8263,4,0,0,4,6
2020-09-27,US,Tennessee,Humphreys,258,3,0,36.03958805,-87.77992872,47085.0,1388.4404262189214,1.162790697674419,255,251,3,0,248,246,18486,7,0,0,7,5
2020-09-27,US,Tennessee,Jackson,331,5,0,36.36380466,-85.67239905,47087.0,2808.4167656541663,1.5105740181268883,326,326,5,0,321,324,11758,5,0,0,5,2
2020-09-27,US,Tennessee,Jefferson,1130,14,0,36.04818632,-83.45148924,47089.0,2073.58473254427,1.2389380530973448,1116,1119,14,0,1105,1110,54012,11,0,0,11,9
2020-09-27,US,Tennessee,Johnson,726,2,0,36.45523950000001,-81.84886538,47091.0,4081.4031931639306,0.27548209366391185,724,711,2,0,709,696,17778,15,0,0,15,15
2020-09-27,US,Tennessee,Knox,9497,79,0,35.99508821,-83.94635435,47093.0,2019.293534305877,0.8318416342002738,9418,9378,79,0,9299,9298,465289,119,0,0,119,80
2020-09-27,US,Tennessee,Lake,925,2,0,36.34180170000001,-89.48921915,47095.0,13184.150513112883,0.21621621621621626,923,919,2,0,917,918,7411,6,0,0,6,1
2020-09-27,US,Tennessee,Lauderdale,994,16,0,35.75893438,-89.63015909999999,47097.0,3877.813755705536,1.6096579476861168,978,983,16,0,967,979,25825,11,0,0,11,4
2020-09-27,US,Tennessee,Lawrence,1067,13,0,35.21675201,-87.39787695,47099.0,2417.199039463549,1.218369259606373,1054,1043,13,0,1030,1023,43734,24,0,0,24,20
2020-09-27,US,Tennessee,Lewis,204,1,0,35.52853208,-87.49022694,47101.0,1662.8627323117053,0.4901960784313725,203,201,1,0,200,196,12086,3,0,0,3,5
2020-09-27,US,Tennessee,Lincoln,624,1,0,35.13738622,-86.58910106,47103.0,1815.7481231449688,0.16025641025641027,623,619,1,0,618,611,34117,5,0,0,5,8
2020-09-27,US,Tennessee,Loudon,1184,6,0,35.73939663,-84.31145275,47105.0,2189.8350225641784,0.5067567567567568,1178,1172,6,0,1166,1154,53054,12,0,0,12,18
2020-09-27,US,Tennessee,Macon,1067,21,0,36.53157855,-86.00778595,47111.0,4337.045768636696,1.9681349578256797,1046,1055,21,0,1034,1046,24265,12,0,0,12,9
2020-09-27,US,Tennessee,Madison,2921,64,0,35.61181957,-88.84076036,47113.0,2981.098954931417,2.19103046901746,2857,2877,64,0,2813,2832,97605,44,0,0,44,45
2020-09-27,US,Tennessee,Marion,533,8,0,35.12997174,-85.62265895,47115.0,1843.8440516137962,1.50093808630394,525,529,8,0,521,525,28575,4,0,0,4,4
2020-09-27,US,Tennessee,Marshall,778,5,0,35.45798777,-86.76420988,47117.0,2263.2727272727275,0.6426735218508998,773,756,5,0,751,749,33683,22,0,0,22,7
2020-09-27,US,Tennessee,Maury,2409,24,0,35.618741299999996,-87.07462444,47119.0,2499.299698092066,0.99626400996264,2385,2361,24,0,2337,2329,94340,48,0,0,48,32
2020-09-27,US,Tennessee,McMinn,1146,25,0,35.42812616,-84.61520715,47107.0,2130.3491095661225,2.181500872600349,1121,1119,25,0,1094,1113,53285,27,0,0,27,6
2020-09-27,US,Tennessee,McNairy,896,18,0,35.17468549,-88.5647812,47109.0,3487.1954541916402,2.008928571428572,878,883,18,0,865,876,25832,13,0,0,13,7
2020-09-27,US,Tennessee,Meigs,228,3,0,35.51558739,-84.81482914,47121.0,1835.4532281436161,1.3157894736842106,225,226,3,0,223,226,12306,2,0,0,2,0
2020-09-27,US,Tennessee,Monroe,1052,18,0,35.44550387,-84.24902965,47123.0,2260.1783220539264,1.7110266159695815,1034,1036,18,0,1018,1030,46357,16,0,0,16,6
2020-09-27,US,Tennessee,Montgomery,3111,44,0,36.49609412,-87.38550661,47125.0,1488.5666027091816,1.4143362262937962,3067,3070,44,0,3026,3045,205950,41,0,0,41,25
2020-09-27,US,Tennessee,Moore,179,1,0,35.27724699,-86.36230578,47127.0,2758.939580764489,0.5586592178770949,178,175,1,0,174,169,6411,4,0,0,4,6
2020-09-27,US,Tennessee,Morgan,320,3,0,36.13248031,-84.64880098,47129.0,1495.1175068915572,0.9375,317,317,3,0,314,315,21579,3,0,0,3,2
2020-09-27,US,Tennessee,Obion,1191,10,0,36.35732446,-89.14921589,47131.0,3960.8899531078523,0.8396305625524769,1181,1171,10,0,1161,1156,30267,20,0,0,20,15
2020-09-27,US,Tennessee,Out of TN,2986,27,0,0.0,0.0,80047.0,0.0,0.9042196918955124,2959,2896,27,0,2869,2844,,90,0,0,90,52
2020-09-27,US,Tennessee,Overton,758,6,0,36.34117832,-85.28989535,47133.0,3408.120138482983,0.7915567282321899,752,745,6,0,739,735,22068,13,0,0,13,10
2020-09-27,US,Tennessee,Perry,153,0,0,35.63708728,-87.86139634,47135.0,1894.502228826152,0.0,153,150,0,0,150,150,8064,3,0,0,3,0
2020-09-27,US,Tennessee,Pickett,123,2,0,36.55606529,-85.07763299999998,47137.0,2436.608557844691,1.6260162601626016,121,116,2,0,114,114,5082,7,0,0,7,2
2020-09-27,US,Tennessee,Polk,399,10,0,35.12245443,-84.52075859,47139.0,2370.484790874525,2.506265664160401,389,388,10,0,378,388,16898,11,0,0,11,0
2020-09-27,US,Tennessee,Putnam,3349,40,0,36.14005459,-85.50646123,47141.0,4173.468751947162,1.1943863839952225,3309,3315,40,0,3275,3277,78843,34,0,0,34,38
2020-09-27,US,Tennessee,Rhea,844,12,0,35.60536161,-84.93076643,47143.0,2544.6980432357464,1.4218009478672986,832,834,12,0,822,821,33044,10,0,0,10,13
2020-09-27,US,Tennessee,Roane,905,5,0,35.84923189,-84.52458689,47145.0,1695.328013187966,0.5524861878453039,900,895,4,0,891,885,53140,10,1,0,9,10
2020-09-27,US,Tennessee,Robertson,2225,35,0,36.52454807,-86.87346725,47147.0,3098.324815841144,1.5730337078651686,2190,2210,35,0,2175,2203,71012,15,0,0,15,7
2020-09-27,US,Tennessee,Rutherford,9361,89,0,35.84591405,-86.4107263,47149.0,2817.159968099673,0.950753124666168,9272,9293,89,0,9204,9240,324890,68,0,0,68,53
2020-09-27,US,Tennessee,Scott,217,2,0,36.42325673,-84.50360494,47151.0,983.3242704368316,0.9216589861751152,215,214,2,0,212,213,22039,3,0,0,3,1
2020-09-27,US,Tennessee,Sequatchie,238,1,0,35.36979721,-85.41022136,47153.0,1583.921203247704,0.4201680672268908,237,233,2,0,231,231,14876,5,-1,0,6,2
2020-09-27,US,Tennessee,Sevier,2638,15,0,35.78077323,-83.52244332,47155.0,2684.987277353689,0.5686125852918877,2623,2623,15,0,2608,2596,97892,15,0,0,15,27
2020-09-27,US,Tennessee,Shelby,30953,459,0,35.1864775,-89.89692423,47157.0,3302.830021575687,1.4828934190546958,30494,30755,458,0,30297,30613,935764,198,1,0,197,142
2020-09-27,US,Tennessee,Smith,731,11,0,36.25359775,-85.95411046,47159.0,3626.5317259512817,1.5047879616963065,720,723,11,0,712,713,19942,8,0,0,8,10
2020-09-27,US,Tennessee,Stewart,214,2,0,36.50235092,-87.83920548,47161.0,1560.3353991979584,0.9345794392523364,212,204,2,0,202,198,13561,10,0,0,10,6
2020-09-27,US,Tennessee,Sullivan,2197,33,0,36.51240691,-82.30412917,47163.0,1387.4504256447824,1.5020482476103778,2164,2164,33,0,2131,2148,157668,33,0,0,33,16
2020-09-27,US,Tennessee,Sumner,4865,98,0,36.46824103,-86.45917204,47165.0,2543.351996779641,2.014388489208633,4767,4819,98,0,4721,4794,187149,46,0,0,46,25
2020-09-27,US,Tennessee,Tipton,1832,19,0,35.501942,-89.73694895,47167.0,2974.074254452183,1.037117903930131,1813,1818,19,0,1799,1805,61581,14,0,0,14,13
2020-09-27,US,Tennessee,Trousdale,1666,7,0,36.39026213,-86.16087954,47169.0,14764.26799007444,0.4201680672268908,1659,1657,7,0,1650,1653,11012,9,0,0,9,4
2020-09-27,US,Tennessee,Unassigned,3042,5,0,0.0,0.0,90047.0,0.0,0.16436554898093358,3037,2949,5,0,2944,2947,,93,0,0,93,2
2020-09-27,US,Tennessee,Unicoi,289,1,0,36.10890856,-82.43709629,47171.0,1616.0599451993514,0.3460207612456747,288,286,1,0,285,285,17761,3,0,0,3,1
2020-09-27,US,Tennessee,Union,364,2,0,36.28590426,-83.83651902,47173.0,1822.5515722010816,0.5494505494505495,362,359,1,0,358,353,19688,5,1,0,4,6
2020-09-27,US,Tennessee,Van Buren,166,0,0,35.69864497,-85.45221699,47175.0,2826.975476839237,0.0,166,166,0,0,166,164,5765,0,0,0,0,2
2020-09-27,US,Tennessee,Warren,1075,7,0,35.672829899999996,-85.77969117,47177.0,2604.3559367202074,0.6511627906976745,1068,1061,7,0,1054,1047,40878,14,0,0,14,14
2020-09-27,US,Tennessee,Washington,2328,36,0,36.29472368,-82.49454720000001,47179.0,1799.4202898550727,1.5463917525773196,2292,2297,36,0,2261,2276,128607,31,0,0,31,21
2020-09-27,US,Tennessee,Wayne,1499,5,0,35.23868267,-87.78644456,47181.0,8990.583578240268,0.33355570380253496,1494,1497,5,0,1492,1495,16558,2,0,0,2,2
2020-09-27,US,Tennessee,Weakley,1205,19,0,36.29896232,-88.71990865,47183.0,3615.578492558809,1.5767634854771784,1186,1189,19,0,1170,1176,33415,16,0,0,16,13
2020-09-27,US,Tennessee,White,847,9,0,35.92929884,-85.45591799,47185.0,3097.458401901627,1.062573789846517,838,837,9,0,828,830,27107,10,0,0,10,7
2020-09-27,US,Tennessee,Williamson,5310,36,0,35.89099229,-86.89281867,47187.0,2227.2368840494605,0.6779661016949152,5274,5252,36,0,5216,5198,231729,58,0,0,58,54
2020-09-27,US,Tennessee,Wilson,3519,45,0,36.15496772,-86.29775884,47189.0,2432.6510296770984,1.278772378516624,3474,3476,45,0,3431,3453,140625,43,0,0,43,23
2020-09-27,US,Texas,Anderson,2840,31,0,31.81534745,-95.65354823,48001.0,4919.026586992292,1.091549295774648,2809,2840,31,0,2809,2832,58057,0,0,0,0,8
2020-09-27,US,Texas,Andrews,425,9,0,32.30468633,-102.63765479999999,48003.0,2272.1197540764497,2.117647058823529,416,425,9,0,416,425,18128,0,0,0,0,0
2020-09-27,US,Texas,Angelina,2144,82,0,31.25457347,-94.60901487,48005.0,2472.467277864268,3.824626865671642,2062,2144,81,0,2063,2144,87092,0,1,0,-1,0
2020-09-27,US,Texas,Aransas,323,18,0,28.10556197,-96.9995047,48007.0,1373.8834538494255,5.572755417956658,305,323,18,0,305,322,23792,0,0,0,0,1
2020-09-27,US,Texas,Archer,87,1,0,33.61569967,-98.68754589,48009.0,1017.1869519466852,1.1494252873563218,86,87,1,0,86,85,8786,0,0,0,0,2
2020-09-27,US,Texas,Armstrong,13,1,0,34.96507426,-101.35748740000001,48011.0,688.924218335983,7.6923076923076925,12,13,1,0,12,13,1892,0,0,0,0,0
2020-09-27,US,Texas,Atascosa,1144,30,0,28.89333001,-98.52730485,48013.0,2236.4279709889943,2.6223776223776225,1114,1144,30,0,1114,1153,50310,0,0,0,0,-9
2020-09-27,US,Texas,Austin,499,9,0,29.88548725,-96.27736949,48015.0,1661.5610015982952,1.8036072144288575,490,499,9,0,490,497,29989,0,0,0,0,2
2020-09-27,US,Texas,Bailey,219,5,0,34.06854817,-102.8299707,48017.0,3128.5714285714284,2.2831050228310503,214,219,5,0,214,217,7027,0,0,0,0,2
2020-09-27,US,Texas,Bandera,157,8,0,29.74619598,-99.24598147,48019.0,679.3007961232261,5.095541401273885,149,157,8,0,149,158,22824,0,0,0,0,-1
2020-09-27,US,Texas,Bastrop,1818,29,0,30.10370699,-97.31206354,48021.0,2049.0740845102173,1.5951595159515952,1789,1818,29,0,1789,1817,86976,0,0,0,0,1
2020-09-27,US,Texas,Baylor,19,1,0,33.61640794,-99.21352901,48023.0,541.4648047876889,5.2631578947368425,18,19,1,0,18,17,3582,0,0,0,0,2
2020-09-27,US,Texas,Bee,1814,33,0,28.41761668,-97.74215593,48025.0,5570.3976662060495,1.8191841234840127,1781,1814,32,0,1782,1811,32587,0,1,0,-1,3
2020-09-27,US,Texas,Bell,5473,84,0,31.03736027,-97.4785025,48027.0,1508.0292292601205,1.5348072355198246,5389,5473,84,0,5389,5426,355642,0,0,0,0,47
2020-09-27,US,Texas,Bexar,57145,1297,0,29.44928723,-98.52019748,48029.0,2852.1816731667827,2.269664887566716,55848,54295,1297,0,52998,54195,1986049,2850,0,0,2850,100
2020-09-27,US,Texas,Blanco,144,5,0,30.26640707,-98.3999852,48031.0,1206.9399044505908,3.4722222222222223,139,144,5,0,139,144,11702,0,0,0,0,0
2020-09-27,US,Texas,Borden,1,0,0,32.74363984,-101.43165090000001,48033.0,152.9051987767584,0.0,1,1,0,0,1,1,648,0,0,0,0,0
2020-09-27,US,Texas,Bosque,324,6,0,31.89978581,-97.63613524,48035.0,1734.011238961734,1.851851851851852,318,323,6,0,317,319,18691,1,0,0,1,4
2020-09-27,US,Texas,Bowie,1370,53,0,33.44626922,-94.41834132,48037.0,1469.2476808407955,3.8686131386861313,1317,1370,53,0,1317,1358,94324,0,0,0,0,12
2020-09-27,US,Texas,Brazoria,11281,167,0,29.18757369,-95.44563172,48039.0,3014.1825021909667,1.4803652158496587,11114,11281,165,0,11116,11222,370200,0,2,0,-2,59
2020-09-27,US,Texas,Brazos,6332,64,0,30.663644800000004,-96.30205577,48041.0,2762.520123379768,1.010739102969046,6268,6332,64,0,6268,6292,226758,0,0,0,0,40
2020-09-27,US,Texas,Brewster,218,3,0,29.81008251,-103.25203259999999,48043.0,2368.7927849614257,1.3761467889908257,215,218,3,0,215,217,9267,0,0,0,0,1
2020-09-27,US,Texas,Briscoe,12,1,0,34.53026962,-101.2084947,48045.0,776.1966364812421,8.333333333333334,11,12,1,0,11,12,1516,0,0,0,0,0
2020-09-27,US,Texas,Brooks,317,22,0,27.03103197,-98.21808402,48047.0,4469.1949809671505,6.94006309148265,295,317,22,0,295,317,7114,0,0,0,0,0
2020-09-27,US,Texas,Brown,570,25,0,31.77430356,-98.99907113,48049.0,1505.3877033593915,4.385964912280701,545,570,25,0,545,569,37924,0,0,0,0,1
2020-09-27,US,Texas,Burleson,338,6,0,30.49273808,-96.62158484,48051.0,1832.6736431166296,1.7751479289940828,332,338,6,0,332,337,18389,0,0,0,0,1
2020-09-27,US,Texas,Burnet,729,12,0,30.78801353,-98.181887,48053.0,1513.8614889419582,1.6460905349794241,717,729,12,0,717,725,47542,0,0,0,0,4
2020-09-27,US,Texas,Caldwell,1523,35,0,29.83668859,-97.61814775,48055.0,3487.9992671308173,2.298095863427446,1488,1523,35,0,1488,1524,43247,0,0,0,0,-1
2020-09-27,US,Texas,Calhoun,821,7,0,28.47048236,-96.61633945,48057.0,3856.270549553781,0.8526187576126675,814,821,7,0,814,820,21561,0,0,0,0,1
2020-09-27,US,Texas,Callahan,88,3,0,32.29760619,-99.37326312,48059.0,631.141074374238,3.4090909090909087,85,88,3,0,85,88,13994,0,0,0,0,0
2020-09-27,US,Texas,Cameron,22698,903,0,26.14524221,-97.48140372,48061.0,5363.890510276182,3.978324081416865,21795,22698,903,0,21795,22633,423908,0,0,0,0,65
2020-09-27,US,Texas,Camp,355,11,0,32.97195142,-94.97790104,48063.0,2711.1654192760047,3.0985915492957745,344,355,11,0,344,355,13033,0,0,0,0,0
2020-09-27,US,Texas,Carson,23,0,0,35.40365929,-101.35426690000001,48065.0,388.12014849814375,0.0,23,23,0,0,23,22,6005,0,0,0,0,1
2020-09-27,US,Texas,Cass,370,15,0,33.07499881,-94.34646905,48067.0,1232.2653700126555,4.0540540540540535,355,370,15,0,355,368,30119,0,0,0,0,2
2020-09-27,US,Texas,Castro,257,5,0,34.53016752,-102.2617243,48069.0,3413.0146082337324,1.9455252918287935,252,257,5,0,252,254,7665,0,0,0,0,3
2020-09-27,US,Texas,Chambers,1309,8,0,29.70972016,-94.67154501,48071.0,2986.062002418049,0.6111535523300229,1301,1309,8,0,1301,1302,42454,0,0,0,0,7
2020-09-27,US,Texas,Cherokee,1547,30,0,31.837258000000002,-95.16559897,48073.0,2938.49485241044,1.9392372333548804,1517,1547,29,0,1518,1547,52592,0,1,0,-1,0
2020-09-27,US,Texas,Childress,69,0,0,34.529304100000004,-100.2077916,48075.0,944.4292362441828,0.0,69,69,0,0,69,68,7291,0,0,0,0,1
2020-09-27,US,Texas,Clay,90,2,0,33.78686685,-98.20771198,48077.0,859.5167605768312,2.2222222222222223,88,90,2,0,88,84,10456,0,0,0,0,6
2020-09-27,US,Texas,Cochran,52,1,0,33.60425307,-102.82844990000001,48079.0,1822.6428321065546,1.9230769230769231,51,52,1,0,51,50,2836,0,0,0,0,2
2020-09-27,US,Texas,Coke,53,3,0,31.88911733,-100.5297533,48081.0,1564.8066135222912,5.660377358490566,50,53,3,0,50,52,3370,0,0,0,0,1
2020-09-27,US,Texas,Coleman,72,4,0,31.76736834,-99.45240766,48083.0,880.7339449541284,5.5555555555555545,68,72,4,0,68,71,8397,0,0,0,0,1
2020-09-27,US,Texas,Collin,13537,145,0,33.18820114,-96.57264368,48085.0,1308.2639915726809,1.0711383615276648,13392,13513,145,0,13368,13471,1005146,24,0,0,24,42
2020-09-27,US,Texas,Collingsworth,18,0,0,34.96489496,-100.27001109999999,48087.0,616.4383561643834,0.0,18,18,0,0,18,18,2962,0,0,0,0,0
2020-09-27,US,Texas,Colorado,486,4,0,29.622097999999998,-96.5273805,48089.0,2261.201321360443,0.8230452674897121,482,486,4,0,482,485,21217,0,0,0,0,1
2020-09-27,US,Texas,Comal,2714,102,0,29.80811278,-98.27647225,48091.0,1737.415897931617,3.758290346352248,2612,2714,102,0,2612,2694,148373,0,0,0,0,20
2020-09-27,US,Texas,Comanche,300,4,0,31.94854689,-98.55876441,48093.0,2200.2200220022,1.3333333333333333,296,300,4,0,296,302,13534,0,0,0,0,-2
2020-09-27,US,Texas,Concho,130,2,0,31.32635934,-99.86473038,48095.0,4768.892149669846,1.5384615384615383,128,130,2,0,128,130,4276,0,0,0,0,0
2020-09-27,US,Texas,Cooke,440,6,0,33.63979567,-97.21240912,48097.0,1066.4856872773103,1.3636363636363635,434,440,6,0,434,442,40574,0,0,0,0,-2
2020-09-27,US,Texas,Coryell,1818,12,0,31.39078397,-97.79936155,48099.0,2393.648536556464,0.6600660066006601,1806,1818,12,0,1806,1816,74808,0,0,0,0,2
2020-09-27,US,Texas,Cottle,27,3,0,34.07783319,-100.27850620000001,48101.0,1931.3304721030042,11.111111111111109,24,27,3,0,24,25,1389,0,0,0,0,2
2020-09-27,US,Texas,Crane,72,2,0,31.43052248,-102.5143314,48103.0,1500.93808630394,2.7777777777777777,70,72,2,0,70,71,4794,0,0,0,0,1
2020-09-27,US,Texas,Crockett,164,7,0,30.72367027,-101.4134238,48105.0,4734.411085450346,4.2682926829268295,157,164,7,0,157,164,3499,0,0,0,0,0
2020-09-27,US,Texas,Crosby,87,3,0,33.61431553,-101.30003640000001,48107.0,1516.4720237057693,3.4482758620689653,84,87,3,0,84,86,5779,0,0,0,0,1
2020-09-27,US,Texas,Culberson,54,2,0,31.44506775,-104.5185739,48109.0,2487.3330262551817,3.703703703703704,52,54,2,0,52,54,2204,0,0,0,0,0
2020-09-27,US,Texas,Dallam,249,9,0,36.27787176,-102.60207249999999,48111.0,3417.044051049815,3.614457831325301,240,249,9,0,240,247,7200,0,0,0,0,2
2020-09-27,US,Texas,Dallas,81175,1124,0,32.76670599,-96.77796049999999,48113.0,3080.04201074856,1.3846627656298118,80051,80605,1120,0,79485,79426,2637772,570,4,0,566,1179
2020-09-27,US,Texas,Dawson,433,9,0,32.74255572,-101.94772420000001,48115.0,3401.948460087995,2.07852193995381,424,433,9,0,424,411,12619,0,0,0,0,22
2020-09-27,US,Texas,DeWitt,996,37,0,29.08101855,-97.35681170000001,48123.0,4940.476190476191,3.714859437751004,959,996,37,0,959,996,20187,0,0,0,0,0
2020-09-27,US,Texas,Deaf Smith,886,22,0,34.96522957,-102.6054267,48117.0,4777.310471260649,2.4830699774266365,864,886,21,0,865,877,18760,0,1,0,-1,9
2020-09-27,US,Texas,Delta,26,0,0,33.38570922,-95.66921122,48119.0,487.71337460138807,0.0,26,26,0,0,26,26,5349,0,0,0,0,0
2020-09-27,US,Texas,Denton,11985,152,0,33.20521901,-97.11691153,48121.0,1350.8685120834261,1.2682519816437212,11833,11985,152,0,11833,11950,859064,0,0,0,0,35
2020-09-27,US,Texas,Dickens,49,2,0,33.61616822,-100.7788855,48125.0,2216.1917684305745,4.081632653061225,47,49,2,0,47,48,2249,0,0,0,0,1
2020-09-27,US,Texas,Dimmit,256,7,0,28.42270064,-99.75645095,48127.0,2528.6448044251283,2.734375,249,256,7,0,249,256,10308,0,0,0,0,0
2020-09-27,US,Texas,Donley,64,1,0,34.96517499,-100.8140093,48129.0,1952.4100061012807,1.5625,63,64,1,0,63,61,3319,0,0,0,0,3
2020-09-27,US,Texas,Duval,439,15,0,27.68184592,-98.50864568,48131.0,3934.7494846284853,3.416856492027335,424,439,14,0,425,434,11212,0,1,0,-1,5
2020-09-27,US,Texas,Eastland,171,3,0,32.32743996,-98.83243566,48133.0,931.3725490196077,1.7543859649122806,168,171,3,0,168,172,18322,0,0,0,0,-1
2020-09-27,US,Texas,Ector,4785,98,0,31.86898877,-102.54294279999999,48135.0,2878.6630009084192,2.0480668756530824,4687,4785,98,0,4687,4785,162124,0,0,0,0,0
2020-09-27,US,Texas,Edwards,67,1,0,29.98202582,-100.304252,48137.0,3467.9089026915112,1.492537313432836,66,67,1,0,66,67,1928,0,0,0,0,0
2020-09-27,US,Texas,El Paso,23784,522,0,31.76980765,-106.23632749999999,48141.0,2833.999413753905,2.194752774974773,23262,23604,521,0,23083,23388,840758,180,1,0,179,216
2020-09-27,US,Texas,Ellis,4398,68,0,32.34894117,-96.79371841,48139.0,2379.535346758573,1.5461573442473853,4330,4398,68,0,4330,4394,179436,0,0,0,0,4
2020-09-27,US,Texas,Erath,847,12,0,32.23602653,-98.21773417,48143.0,1983.6994707012038,1.4167650531286895,835,847,12,0,835,838,42446,0,0,0,0,9
2020-09-27,US,Texas,Falls,276,5,0,31.25350609,-96.93630086,48145.0,1595.6524252760596,1.8115942028985508,271,276,5,0,271,272,17335,0,0,0,0,4
2020-09-27,US,Texas,Fannin,679,15,0,33.59564294,-96.10751083,48147.0,1911.9220589063468,2.2091310751104567,664,679,15,0,664,676,35286,0,0,0,0,3
2020-09-27,US,Texas,Fayette,597,20,0,29.87788372,-96.92076062,48149.0,2355.4012467450484,3.3500837520938025,577,597,20,0,577,597,25349,0,0,0,0,0
2020-09-27,US,Texas,Fisher,66,3,0,32.74281316,-100.40193020000001,48151.0,1723.237597911227,4.545454545454546,63,66,3,0,63,66,3839,0,0,0,0,0
2020-09-27,US,Texas,Floyd,111,9,0,34.07227468,-101.3031546,48153.0,1943.2773109243692,8.108108108108109,102,111,9,0,102,107,5837,0,0,0,0,4
2020-09-27,US,Texas,Foard,9,0,0,33.97308618,-99.7767797,48155.0,779.2207792207793,0.0,9,9,0,0,9,9,1200,0,0,0,0,0
2020-09-27,US,Texas,Fort Bend,16207,288,0,29.52704478,-95.77219463,48157.0,1996.7031667340161,1.7770099339791448,15919,16207,287,0,15920,16167,787858,0,1,0,-1,40
2020-09-27,US,Texas,Franklin,134,6,0,33.17653242,-95.21917243,48159.0,1249.4172494172494,4.477611940298506,128,134,6,0,128,134,10766,0,0,0,0,0
2020-09-27,US,Texas,Freestone,407,2,0,31.70422788,-96.15072516,48161.0,2064.208550996602,0.4914004914004914,405,406,2,0,404,406,19808,1,0,0,1,0
2020-09-27,US,Texas,Frio,975,9,0,28.86751206,-99.10804207,48163.0,4801.536491677337,0.9230769230769232,966,975,9,0,966,974,19816,0,0,0,0,1
2020-09-27,US,Texas,Gaines,343,9,0,32.74055318,-102.6353295,48165.0,1595.9426763446866,2.623906705539359,334,343,9,0,334,339,20901,0,0,0,0,4
2020-09-27,US,Texas,Galveston,11604,158,0,29.40167322,-94.90469073,48167.0,3391.6039972058143,1.3615994484660459,11446,11575,158,0,11417,11536,337890,29,0,0,29,39
2020-09-27,US,Texas,Garza,105,4,0,33.17969345,-101.2984114,48169.0,1685.6638304703806,3.809523809523809,101,105,4,0,101,104,6578,0,0,0,0,1
2020-09-27,US,Texas,Gillespie,312,10,0,30.31824095,-98.94676915,48171.0,1156.0693641618498,3.2051282051282053,302,312,10,0,302,310,26804,0,0,0,0,2
2020-09-27,US,Texas,Glasscock,9,0,0,31.86942909,-101.5207776,48173.0,638.7508871540099,0.0,9,9,0,0,9,9,1388,0,0,0,0,0
2020-09-27,US,Texas,Goliad,154,6,0,28.65696592,-97.42760647,48175.0,2010.9689213893967,3.8961038961038965,148,154,6,0,148,154,7584,0,0,0,0,0
2020-09-27,US,Texas,Gonzales,1058,18,0,29.45634206,-97.49424032,48177.0,5077.506358880837,1.7013232514177694,1040,1058,17,0,1041,1057,20826,0,1,0,-1,1
2020-09-27,US,Texas,Gray,310,6,0,35.40081878,-100.8129222,48179.0,1416.4305949008499,1.935483870967742,304,310,6,0,304,304,21895,0,0,0,0,6
2020-09-27,US,Texas,Grayson,1866,45,0,33.62744998,-96.67753461,48181.0,1369.9233547705048,2.4115755627009645,1821,1866,44,0,1822,1849,133991,0,1,0,-1,17
2020-09-27,US,Texas,Gregg,2225,66,0,32.47940482,-94.81591935,48183.0,1795.1510750736213,2.9662921348314613,2159,2225,66,0,2159,2215,123707,0,0,0,0,10
2020-09-27,US,Texas,Grimes,1087,32,0,30.54579585,-95.98902499,48185.0,3763.850415512465,2.9438822447102115,1055,1087,31,0,1056,1089,28360,0,1,0,-1,-2
2020-09-27,US,Texas,Guadalupe,3560,76,0,29.58165339,-97.94786822,48187.0,2133.691345963667,2.1348314606741567,3484,3560,76,0,3484,3564,163694,0,0,0,0,-4
2020-09-27,US,Texas,Hale,1865,54,0,34.07044901,-101.82681140000001,48189.0,5582.829431838592,2.8954423592493304,1811,1865,53,0,1812,1865,33830,0,1,0,-1,0
2020-09-27,US,Texas,Hall,28,1,0,34.5307555,-100.68138520000001,48191.0,944.6693657219972,3.571428571428572,27,28,1,0,27,28,3028,0,0,0,0,0
2020-09-27,US,Texas,Hamilton,137,4,0,31.70470573,-98.11083887,48193.0,1619.1939487058264,2.9197080291970803,133,137,4,0,133,131,8484,0,0,0,0,6
2020-09-27,US,Texas,Hansford,114,4,0,36.27743284,-101.3545796,48195.0,2111.5021300240787,3.5087719298245608,110,114,4,0,110,113,5463,0,0,0,0,1
2020-09-27,US,Texas,Hardeman,25,0,0,34.28944521,-99.74632408,48197.0,635.6470887363338,0.0,25,25,0,0,25,25,3922,0,0,0,0,0
2020-09-27,US,Texas,Hardin,1342,30,0,30.33364686,-94.38931817,48199.0,2329.7802159647235,2.2354694485842033,1312,1342,30,0,1312,1342,57207,0,0,0,0,0
2020-09-27,US,Texas,Harris,141353,2576,0,29.85864939,-95.39339521,48201.0,2999.008131202495,1.8223879224353212,138777,140868,2572,0,138296,140532,4698619,485,4,0,481,336
2020-09-27,US,Texas,Harrison,891,31,0,32.54935988,-94.36934071,48203.0,1338.7826243745585,3.4792368125701465,860,891,31,0,860,888,66726,0,0,0,0,3
2020-09-27,US,Texas,Hartley,130,0,0,35.84008013,-102.6029022,48205.0,2331.42037302726,0.0,130,130,0,0,130,130,5619,0,0,0,0,0
2020-09-27,US,Texas,Haskell,65,2,0,33.17823584,-99.73037358,48207.0,1148.8158359844467,3.0769230769230766,63,65,2,0,63,62,5813,0,0,0,0,3
2020-09-27,US,Texas,Hays,5871,61,0,30.05669873,-98.02944344,48209.0,2550.490679479215,1.0390052801907679,5810,5871,61,0,5810,5871,222631,0,0,0,0,0
2020-09-27,US,Texas,Hemphill,73,0,0,35.83764858,-100.2703577,48211.0,1911.4951557999482,0.0,73,73,0,0,73,73,3825,0,0,0,0,0
2020-09-27,US,Texas,Henderson,963,23,0,32.21128872,-95.85846587,48213.0,1163.9290764712282,2.388369678089304,940,963,23,0,940,954,82299,0,0,0,0,9
2020-09-27,US,Texas,Hidalgo,31562,1630,0,26.39418217,-98.18299696,48215.0,3633.2158023361158,5.164438248526709,29932,31562,1630,0,29932,31562,865939,0,0,0,0,0
2020-09-27,US,Texas,Hill,650,14,0,31.99045053,-97.13423143,48217.0,1773.5818166934976,2.1538461538461537,636,650,14,0,636,647,36354,0,0,0,0,3
2020-09-27,US,Texas,Hockley,351,8,0,33.60771256,-102.3431676,48219.0,1524.6948438382346,2.2792022792022792,343,351,8,0,343,348,22980,0,0,0,0,3
2020-09-27,US,Texas,Hood,945,27,0,32.42990927,-97.83242024,48221.0,1533.020780948364,2.8571428571428568,918,945,27,0,918,946,60537,0,0,0,0,-1
2020-09-27,US,Texas,Hopkins,354,8,0,33.14875072,-95.56351139,48223.0,954.5895804120377,2.2598870056497176,346,354,8,0,346,343,36810,0,0,0,0,11
2020-09-27,US,Texas,Houston,373,11,0,31.31925973,-95.42226208,48225.0,1623.9986067572274,2.949061662198392,362,373,11,0,362,373,23169,0,0,0,0,0
2020-09-27,US,Texas,Howard,757,16,0,32.30621324,-101.4356444,48227.0,2064.6956142264894,2.1136063408190227,741,757,13,0,744,753,36459,0,3,0,-3,4
2020-09-27,US,Texas,Hudspeth,47,3,0,31.45628381,-105.388178,48229.0,961.9320507572656,6.382978723404255,44,47,3,0,44,45,4795,0,0,0,0,2
2020-09-27,US,Texas,Hunt,1632,36,0,33.12351514,-96.08551032,48231.0,1655.2731403533685,2.2058823529411766,1596,1625,36,0,1589,1614,96493,7,0,0,7,11
2020-09-27,US,Texas,Hutchinson,211,5,0,35.84006574,-101.3546643,48233.0,1007.737128665584,2.3696682464454977,206,211,5,0,206,209,21198,0,0,0,0,2
2020-09-27,US,Texas,Irion,10,0,0,31.30375559,-100.982439,48235.0,651.0416666666666,0.0,10,10,0,0,10,10,1522,0,0,0,0,0
2020-09-27,US,Texas,Jack,133,2,0,33.23377248,-98.17283469,48237.0,1488.5282596530499,1.5037593984962403,131,133,2,0,131,132,8843,0,0,0,0,1
2020-09-27,US,Texas,Jackson,606,16,0,28.95472367,-96.57749563,48239.0,4105.6910569105685,2.64026402640264,590,606,16,0,590,607,14874,0,0,0,0,-1
2020-09-27,US,Texas,Jasper,473,25,0,30.74685667,-94.02667579,48241.0,1331.306819781024,5.2854122621564485,448,473,25,0,448,473,35872,0,0,0,0,0
2020-09-27,US,Texas,Jeff Davis,14,0,0,30.71490589,-104.1399973,48243.0,615.6552330694811,0.0,14,14,0,0,14,14,2252,0,0,0,0,0
2020-09-27,US,Texas,Jefferson,7402,133,0,29.8832777,-94.16434171,48245.0,2942.3806968377953,1.7968116725209402,7269,7402,133,0,7269,7368,255001,0,0,0,0,34
2020-09-27,US,Texas,Jim Hogg,108,3,0,27.04453923,-98.69681870000001,48247.0,2076.923076923077,2.7777777777777777,105,108,3,0,105,107,5248,0,0,0,0,1
2020-09-27,US,Texas,Jim Wells,1469,36,0,27.73103938,-98.0904705,48249.0,3628.773281952473,2.450646698434309,1433,1469,37,0,1432,1462,40822,0,-1,0,1,7
2020-09-27,US,Texas,Johnson,3011,50,0,32.37877812,-97.36615819,48251.0,1712.576144513898,1.6605778811026235,2961,3011,50,0,2961,2991,171361,0,0,0,0,20
2020-09-27,US,Texas,Jones,575,0,0,32.73997145,-99.87861576,48253.0,2863.118060050789,0.0,575,575,0,0,575,575,19817,0,0,0,0,0
2020-09-27,US,Texas,Karnes,937,16,0,28.90705334,-97.85960149,48255.0,6006.02525479136,1.7075773745997866,921,937,16,0,921,935,15650,0,0,0,0,2
2020-09-27,US,Texas,Kaufman,3136,47,0,32.599141700000004,-96.28734728,48257.0,2303.274233588437,1.4987244897959184,3089,3136,47,0,3089,3130,128622,0,0,0,0,6
2020-09-27,US,Texas,Kendall,328,7,0,29.94414155,-98.7113588,48259.0,691.5308553477684,2.1341463414634148,321,328,7,0,321,331,45641,0,0,0,0,-3
2020-09-27,US,Texas,Kenedy,7,2,0,26.92601662,-97.66413984,48261.0,1732.6732673267327,28.57142857142857,5,7,2,0,5,7,442,0,0,0,0,0
2020-09-27,US,Texas,Kent,9,0,0,33.18104136,-100.7780939,48263.0,1181.1023622047244,0.0,9,9,0,0,9,9,726,0,0,0,0,0
2020-09-27,US,Texas,Kerr,591,10,0,30.06040006,-99.34930144,48265.0,1123.5741444866921,1.6920473773265652,581,591,10,0,581,591,52405,0,0,0,0,0
2020-09-27,US,Texas,Kimble,16,1,0,30.48678918,-99.74856473,48267.0,368.9186073322573,6.25,15,16,1,0,15,16,4362,0,0,0,0,0
2020-09-27,US,Texas,Kinney,44,1,0,29.34967888,-100.41866379999999,48271.0,1199.890919007363,2.272727272727273,43,44,1,0,43,44,3767,0,0,0,0,0
2020-09-27,US,Texas,Kleberg,1001,42,0,27.42435506,-97.69894948,48273.0,3262.7118644067796,4.195804195804196,959,1000,43,0,957,997,31129,1,-1,0,2,3
2020-09-27,US,Texas,Knox,73,8,0,33.60519951,-99.74229059999999,48275.0,1992.35807860262,10.958904109589039,65,73,8,0,65,68,3653,0,0,0,0,5
2020-09-27,US,Texas,La Salle,359,11,0,28.34453111,-99.09908775,48283.0,4773.936170212766,3.064066852367688,348,359,11,0,348,359,7531,0,0,0,0,0
2020-09-27,US,Texas,Lamar,1136,34,0,33.66981763,-95.57404777,48277.0,2278.4251589482337,2.992957746478873,1102,1136,34,0,1102,1136,49728,0,0,0,0,0
2020-09-27,US,Texas,Lamb,336,22,0,34.06859623,-102.35162890000001,48279.0,2606.065306755604,6.547619047619048,314,336,22,0,314,335,13158,0,0,0,0,1
2020-09-27,US,Texas,Lampasas,250,8,0,31.19531316,-98.24206613,48281.0,1166.6977786074294,3.2,242,249,8,0,241,248,21229,1,0,0,1,1
2020-09-27,US,Texas,Lavaca,981,35,0,29.38508402,-96.93186692,48285.0,4867.520095266448,3.5677879714576965,946,981,35,0,946,983,20110,0,0,0,0,-2
2020-09-27,US,Texas,Lee,221,14,0,30.31120597,-96.97045773,48287.0,1281.9769128139685,6.334841628959277,207,221,14,0,207,220,17144,0,0,0,0,1
2020-09-27,US,Texas,Leon,240,6,0,31.29872538,-95.9936328,48289.0,1378.9933348655481,2.5,234,240,6,0,234,240,17270,0,0,0,0,0
2020-09-27,US,Texas,Liberty,2256,51,0,30.15152688,-94.81205615,48291.0,2557.272242940863,2.2606382978723403,2205,2251,51,0,2200,2253,86323,5,0,0,5,-2
2020-09-27,US,Texas,Limestone,568,13,0,31.5454767,-96.58095444,48293.0,2423.518368391859,2.2887323943661966,555,568,13,0,555,566,23519,0,0,0,0,2
2020-09-27,US,Texas,Lipscomb,32,0,0,36.27783108,-100.27331509999999,48295.0,989.7927621404268,0.0,32,32,0,0,32,32,3355,0,0,0,0,0
2020-09-27,US,Texas,Live Oak,374,9,0,28.35101362,-98.1246786,48297.0,3063.815843368559,2.406417112299465,365,374,9,0,365,374,12166,0,0,0,0,0
2020-09-27,US,Texas,Llano,124,2,0,30.70645047,-98.68475262,48299.0,568.9378297774717,1.6129032258064515,122,124,2,0,122,124,21646,0,0,0,0,0
2020-09-27,US,Texas,Lubbock,11324,125,0,33.61008596,-101.82047890000001,48303.0,3646.2106649408015,1.1038502296008477,11199,11241,125,0,11116,11011,307412,83,0,0,83,230
2020-09-27,US,Texas,Lynn,99,5,0,33.17657705,-101.8162849,48305.0,1663.5859519408502,5.05050505050505,94,99,5,0,94,98,5877,0,0,0,0,1
2020-09-27,US,Texas,Madison,721,6,0,30.96694679,-95.93003775,48313.0,5047.605712685522,0.8321775312066574,715,721,6,0,715,721,14422,0,0,0,0,0
2020-09-27,US,Texas,Marion,150,14,0,32.79868409,-94.35661230000001,48315.0,1522.224477369596,9.333333333333334,136,150,14,0,136,150,9928,0,0,0,0,0
2020-09-27,US,Texas,Martin,77,6,0,32.30600051,-101.9513518,48317.0,1334.2574943683935,7.792207792207793,71,77,6,0,71,77,5753,0,0,0,0,0
2020-09-27,US,Texas,Mason,77,2,0,30.71780434,-99.22629416,48319.0,1801.5910154422088,2.5974025974025974,75,77,2,0,75,77,4280,0,0,0,0,0
2020-09-27,US,Texas,Matagorda,1035,46,0,28.81955746,-96.01230294,48321.0,2824.550391616407,4.4444444444444455,989,1035,46,0,989,1032,36552,0,0,0,0,3
2020-09-27,US,Texas,Maverick,3712,123,0,28.7429195,-100.3157686,48323.0,6321.310582064643,3.3135775862068964,3589,3712,122,0,3590,3698,58485,0,1,0,-1,14
2020-09-27,US,Texas,McCulloch,155,4,0,31.1925468,-99.34682807,48307.0,1941.3827655310627,2.5806451612903225,151,155,4,0,151,153,7987,0,0,0,0,2
2020-09-27,US,Texas,McLennan,7983,102,0,31.55255453,-97.20217694,48309.0,3110.7889783846344,1.2777151446824502,7881,7942,101,0,7841,7870,254607,41,1,0,40,72
2020-09-27,US,Texas,McMullen,24,1,0,28.35251708,-98.56769164,48311.0,3230.1480484522212,4.166666666666667,23,24,1,0,23,24,749,0,0,0,0,0
2020-09-27,US,Texas,Medina,1198,45,0,29.355730100000002,-99.11030298,48325.0,2322.425558312655,3.756260434056762,1153,1198,45,0,1153,1196,50921,0,0,0,0,2
2020-09-27,US,Texas,Menard,26,0,0,30.88990665,-99.82047940000001,48327.0,1216.0898035547239,0.0,26,26,0,0,26,26,2139,0,0,0,0,0
2020-09-27,US,Texas,Midland,3707,83,0,31.86904128,-102.03156820000001,48329.0,2096.3400289540355,2.2390072835176693,3624,3707,83,0,3624,3707,172578,0,0,0,0,0
2020-09-27,US,Texas,Milam,495,6,0,30.78581830000001,-96.97718698,48331.0,1994.1183579744586,1.2121212121212122,489,495,5,0,490,488,25131,0,1,0,-1,7
2020-09-27,US,Texas,Mills,59,0,0,31.49557106,-98.59272068,48333.0,1210.7531294890214,0.0,59,59,0,0,59,59,4921,0,0,0,0,0
2020-09-27,US,Texas,Mitchell,90,1,0,32.30623474,-100.9212058,48335.0,1053.247513165594,1.1111111111111112,89,90,1,0,89,88,8145,0,0,0,0,2
2020-09-27,US,Texas,Montague,180,4,0,33.67521893,-97.72500958,48337.0,908.2652134423253,2.2222222222222223,176,180,4,0,176,178,19596,0,0,0,0,2
2020-09-27,US,Texas,Montgomery,10814,158,0,30.30079133,-95.50572772,48339.0,1780.4017510960816,1.4610689846495284,10656,10814,158,0,10656,10814,590925,0,0,0,0,0
2020-09-27,US,Texas,Moore,1174,22,0,35.83769242,-101.8930281,48341.0,5606.4947468958935,1.8739352640545144,1152,1174,22,0,1152,1168,21485,0,0,0,0,6
2020-09-27,US,Texas,Morris,185,3,0,33.11304005,-94.73255695,48343.0,1493.380690991282,1.6216216216216215,182,185,3,0,182,184,12339,0,0,0,0,1
2020-09-27,US,Texas,Motley,9,0,0,34.07408766,-100.77972199999999,48345.0,750.0,0.0,9,9,0,0,9,9,1234,0,0,0,0,0
2020-09-27,US,Texas,Nacogdoches,1576,62,0,31.62017125,-94.61803994,48347.0,2417.0296300840437,3.934010152284264,1514,1576,62,0,1514,1553,65711,0,0,0,0,23
2020-09-27,US,Texas,Navarro,1283,26,0,32.04620681,-96.47428766,48349.0,2560.2139165485996,2.0265003897116136,1257,1283,26,0,1257,1274,49565,0,0,0,0,9
2020-09-27,US,Texas,Newton,180,10,0,30.78548982,-93.74408813,48351.0,1324.0161824200075,5.5555555555555545,170,180,10,0,170,180,13746,0,0,0,0,0
2020-09-27,US,Texas,Nolan,256,5,0,32.30365282,-100.4060208,48353.0,1739.839608536088,1.953125,251,256,5,0,251,227,14751,0,0,0,0,29
2020-09-27,US,Texas,Nueces,20456,412,0,27.736286,-97.5433285,48355.0,5646.243106427377,2.0140789988267502,20044,20451,411,0,20040,20451,362265,5,1,0,4,0
2020-09-27,US,Texas,Ochiltree,137,5,0,36.27829105,-100.8158184,48357.0,1392.8426189507932,3.6496350364963503,132,137,5,0,132,133,9947,0,0,0,0,4
2020-09-27,US,Texas,Oldham,17,1,0,35.40425596,-102.6027606,48359.0,804.9242424242424,5.882352941176472,16,17,1,0,16,17,2131,0,0,0,0,0
2020-09-27,US,Texas,Orange,1996,43,0,30.11879481,-93.89412775,48361.0,2393.400163077366,2.1543086172344688,1953,1996,43,0,1953,1967,83572,0,0,0,0,29
2020-09-27,US,Texas,Palo Pinto,561,15,0,32.75310985,-98.31319001,48363.0,1921.95690157251,2.6737967914438503,546,561,15,0,546,557,28875,0,0,0,0,4
2020-09-27,US,Texas,Panola,381,26,0,32.163959600000005,-94.30552481,48365.0,1642.6662067776153,6.8241469816272975,355,381,26,0,355,379,23148,0,0,0,0,2
2020-09-27,US,Texas,Parker,1967,34,0,32.77757172,-97.80500621,48367.0,1376.699001945716,1.7285205897305542,1933,1967,33,0,1934,1956,138371,0,1,0,-1,11
2020-09-27,US,Texas,Parmer,433,7,0,34.52993409,-102.78446679999999,48369.0,4508.068714211348,1.6166281755196306,426,433,7,0,426,425,9864,0,0,0,0,8
2020-09-27,US,Texas,Pecos,368,5,0,30.78097267,-102.72412609999999,48371.0,2325.7283700941666,1.358695652173913,363,368,5,0,363,364,15673,0,0,0,0,4
2020-09-27,US,Texas,Polk,855,22,0,30.79472531,-94.82766240000001,48373.0,1664.9465464529824,2.573099415204678,833,855,22,0,833,855,50031,0,0,0,0,0
2020-09-27,US,Texas,Potter,4780,63,0,35.40133773,-101.893964,48375.0,4071.030106885832,1.3179916317991631,4717,4780,63,0,4717,4780,119648,0,0,0,0,0
2020-09-27,US,Texas,Presidio,97,6,0,29.99954402,-104.24080790000001,48377.0,1446.8973747016707,6.185567010309278,91,97,6,0,91,97,6948,0,0,0,0,0
2020-09-27,US,Texas,Rains,68,3,0,32.87109387,-95.79232691,48379.0,543.3914016301742,4.411764705882354,65,68,3,0,65,67,12159,0,0,0,0,1
2020-09-27,US,Texas,Randall,2833,41,0,34.96585996,-101.8971322,48381.0,2057.1768823567854,1.4472290857747971,2792,2833,41,0,2792,2794,136271,0,0,0,0,39
2020-09-27,US,Texas,Reagan,87,6,0,31.36607041,-101.52326590000001,48383.0,2260.327357755261,6.896551724137932,81,87,6,0,81,87,3741,0,0,0,0,0
2020-09-27,US,Texas,Real,118,7,0,29.83321503,-99.82018052,48385.0,3418.308227114717,5.932203389830509,111,118,7,0,111,118,3478,0,0,0,0,0
2020-09-27,US,Texas,Red River,162,14,0,33.61886692,-95.04841765,48387.0,1347.4174498877153,8.641975308641975,148,162,14,0,148,162,12175,0,0,0,0,0
2020-09-27,US,Texas,Reeves,196,6,0,31.32323325,-103.69038959999999,48389.0,1226.8402603905859,3.0612244897959178,190,196,6,0,190,193,15695,0,0,0,0,3
2020-09-27,US,Texas,Refugio,307,14,0,28.323897600000002,-97.15766311,48391.0,4418.5377086931485,4.5602605863192185,293,306,14,0,292,305,7032,1,0,0,1,1
2020-09-27,US,Texas,Roberts,9,0,0,35.83809685,-100.813175,48393.0,1053.864168618267,0.0,9,9,0,0,9,9,903,0,0,0,0,0
2020-09-27,US,Texas,Robertson,309,3,0,31.02539637,-96.51272246,48395.0,1809.769239779782,0.9708737864077671,306,309,3,0,306,308,17284,0,0,0,0,1
2020-09-27,US,Texas,Rockwall,1629,26,0,32.89779518,-96.40771592,48397.0,1552.6855073154459,1.5960712093308778,1603,1629,25,0,1604,1625,100657,0,1,0,-1,4
2020-09-27,US,Texas,Runnels,270,6,0,31.8314342,-99.97616148,48399.0,2630.553390491037,2.2222222222222223,264,270,5,0,265,264,10234,0,1,0,-1,6
2020-09-27,US,Texas,Rusk,960,11,0,32.10773545,-94.76176432,48401.0,1764.5112671396537,1.1458333333333333,949,960,11,0,949,947,54450,0,0,0,0,13
2020-09-27,US,Texas,Sabine,78,8,0,31.34318809,-93.85440451,48403.0,739.8975526465565,10.256410256410255,70,78,8,0,70,78,10589,0,0,0,0,0
2020-09-27,US,Texas,San Augustine,201,15,0,31.39457611,-94.17000399,48405.0,2440.2088138885515,7.462686567164179,186,201,15,0,186,201,8232,0,0,0,0,0
2020-09-27,US,Texas,San Jacinto,227,9,0,30.57933681,-95.16260304,48407.0,786.5830416854361,3.9647577092511015,218,227,9,0,218,227,28719,0,0,0,0,0
2020-09-27,US,Texas,San Patricio,1466,75,0,28.00880118,-97.51763891,48409.0,2196.9129327139217,5.115961800818553,1391,1466,74,0,1392,1460,66893,0,1,0,-1,6
2020-09-27,US,Texas,San Saba,65,0,0,31.1577796,-98.81758731,48411.0,1073.4929810074318,0.0,65,65,0,0,65,66,6054,0,0,0,0,-1
2020-09-27,US,Texas,Schleicher,53,2,0,30.89740592,-100.5384842,48413.0,1897.6011457214465,3.7735849056603774,51,53,2,0,51,53,2895,0,0,0,0,0
2020-09-27,US,Texas,Scurry,646,4,0,32.74613808,-100.91626640000001,48415.0,3867.568700233491,0.6191950464396285,642,646,4,0,642,646,16866,0,0,0,0,0
2020-09-27,US,Texas,Shackelford,25,0,0,32.73587756,-99.35401337,48417.0,765.6967840735069,0.0,25,25,0,0,25,25,3253,0,0,0,0,0
2020-09-27,US,Texas,Shelby,480,27,0,31.79211404,-94.14550696,48419.0,1899.184933132864,5.625,453,480,27,0,453,478,25418,0,0,0,0,2
2020-09-27,US,Texas,Sherman,63,0,0,36.27751473,-101.8933156,48421.0,2084.712111184646,0.0,63,63,0,0,63,62,3079,0,0,0,0,1
2020-09-27,US,Texas,Smith,3766,103,0,32.37474036,-95.27175679999999,48423.0,1618.0381609531216,2.734997344662772,3663,3766,103,0,3663,3750,230221,0,0,0,0,16
2020-09-27,US,Texas,Somervell,143,5,0,32.22236802,-97.77403489,48425.0,1566.6082383873795,3.4965034965034967,138,143,5,0,138,142,9016,0,0,0,0,1
2020-09-27,US,Texas,Starr,3409,164,0,26.56150059,-98.73892358,48427.0,5274.395432673711,4.8107949545321205,3245,3409,163,0,3246,3403,64525,0,1,0,-1,6
2020-09-27,US,Texas,Stephens,134,4,0,32.73553157,-98.83631615,48429.0,1430.7068118727316,2.985074626865672,130,134,4,0,130,136,9433,0,0,0,0,-2
2020-09-27,US,Texas,Sterling,5,0,0,31.82781912,-101.05007459999999,48431.0,387.29666924864443,0.0,5,5,0,0,5,5,1311,0,0,0,0,0
2020-09-27,US,Texas,Stonewall,14,1,0,33.17906744,-100.25384009999999,48433.0,1037.037037037037,7.142857142857142,13,14,1,0,13,14,1362,0,0,0,0,0
2020-09-27,US,Texas,Sutton,81,3,0,30.49856623,-100.5382014,48435.0,2145.127118644068,3.703703703703704,78,81,3,0,78,81,3758,0,0,0,0,0
2020-09-27,US,Texas,Swisher,109,3,0,34.53028891,-101.73491740000001,48437.0,1473.5703663647425,2.7522935779816518,106,109,3,0,106,104,7462,0,0,0,0,5
2020-09-27,US,Texas,Tarrant,47917,711,0,32.77143818,-97.29101614,48439.0,2279.032492039296,1.4838157647598973,47206,47917,710,0,47207,47917,2084931,0,1,0,-1,0
2020-09-27,US,Texas,Taylor,1485,55,0,32.30163422,-99.89007449,48441.0,1075.8218989524319,3.703703703703704,1430,1485,55,0,1430,1475,137640,0,0,0,0,10
2020-09-27,US,Texas,Terrell,3,0,0,30.22429013,-102.0766732,48443.0,386.59793814432993,0.0,3,3,0,0,3,3,823,0,0,0,0,0
2020-09-27,US,Texas,Terry,242,4,0,33.17402785,-102.3354521,48445.0,1961.5789900299912,1.6528925619834711,238,242,4,0,238,240,12287,0,0,0,0,2
2020-09-27,US,Texas,Throckmorton,8,2,0,33.17751417,-99.21226795,48447.0,532.9780146568954,25.0,6,8,2,0,6,8,1515,0,0,0,0,0
2020-09-27,US,Texas,Titus,1557,28,0,33.21339719,-94.96797273,48449.0,4754.198473282443,1.7983301220295438,1529,1557,28,0,1529,1557,33033,0,0,0,0,0
2020-09-27,US,Texas,Tom Green,3674,69,0,31.40464436,-100.46244300000001,48451.0,3082.214765100671,1.878062057702776,3605,3667,68,0,3599,3655,118189,7,1,0,6,12
2020-09-27,US,Texas,Travis,29252,426,0,30.33432034,-97.78535620000001,48453.0,2296.158260031367,1.4563106796116505,28826,29130,422,0,28708,29073,1248743,122,4,0,118,57
2020-09-27,US,Texas,Trinity,196,7,0,31.0879489,-95.1367187,48455.0,1337.7926421404684,3.571428571428572,189,196,7,0,189,196,14740,0,0,0,0,0
2020-09-27,US,Texas,Tyler,216,4,0,30.77031716,-94.37690895,48457.0,996.6777408637872,1.851851851851852,212,216,4,0,212,216,21696,0,0,0,0,0
2020-09-27,US,Texas,Upshur,387,10,0,32.73706798,-94.93999853,48459.0,926.8795056642637,2.5839793281653747,377,387,10,0,377,384,41260,0,0,0,0,3
2020-09-27,US,Texas,Upton,25,2,0,31.36868194,-102.0423217,48461.0,683.6204539239814,8.0,23,25,2,0,23,25,3671,0,0,0,0,0
2020-09-27,US,Texas,Uvalde,783,34,0,29.35739637,-99.76229172,48463.0,2928.0879548259227,4.342273307790549,749,781,34,0,747,772,26846,2,0,0,2,9
2020-09-27,US,Texas,Val Verde,2186,104,0,29.89149232,-101.1525205,48465.0,4458.9495155532895,4.757548032936871,2082,2168,104,0,2064,2168,49208,18,0,0,18,0
2020-09-27,US,Texas,Van Zandt,586,19,0,32.56483801,-95.83766469,48467.0,1035.518642869765,3.2423208191126283,567,586,19,0,567,586,56019,0,0,0,0,0
2020-09-27,US,Texas,Victoria,4046,96,0,28.79780988,-96.96813006,48469.0,4393.814343425568,2.3727137913989127,3950,4046,96,0,3950,4046,92035,0,0,0,0,0
2020-09-27,US,Texas,Walker,3709,57,0,30.73872995,-95.57440968,48471.0,5082.841128667553,1.5368023726071718,3652,3701,57,0,3644,3697,72480,8,0,0,8,4
2020-09-27,US,Texas,Waller,856,14,0,30.01058447,-95.99011759,48473.0,1549.433443145205,1.6355140186915889,842,855,14,0,841,850,53126,1,0,0,1,5
2020-09-27,US,Texas,Ward,128,1,0,31.50999644,-103.09279090000001,48475.0,1066.8444740790133,0.78125,127,128,1,0,127,125,11720,0,0,0,0,3
2020-09-27,US,Texas,Washington,640,48,0,30.21498498,-96.40946246,48477.0,1783.624101220668,7.5,592,638,48,0,590,636,35108,2,0,0,2,2
2020-09-27,US,Texas,Webb,13474,289,0,27.7610369,-99.33237355,48479.0,4870.378670676518,2.144871604571768,13185,13474,289,0,13185,13474,275910,0,0,0,0,0
2020-09-27,US,Texas,Wharton,1364,52,0,29.27765923,-96.22319248,48481.0,3282.3178361728746,3.812316715542522,1312,1364,52,0,1312,1360,41619,0,0,0,0,4
2020-09-27,US,Texas,Wheeler,48,0,0,35.40114335,-100.26995140000001,48483.0,949.3670886075952,0.0,48,48,0,0,48,48,5191,0,0,0,0,0
2020-09-27,US,Texas,Wichita,1741,24,0,33.98842886,-98.70410340000001,48485.0,1316.645239355668,1.3785180930499712,1717,1741,23,0,1718,1717,132064,0,1,0,-1,24
2020-09-27,US,Texas,Wilbarger,188,2,0,34.07945812,-99.24178437,48487.0,1472.3157647427365,1.0638297872340423,186,188,2,0,186,185,12820,0,0,0,0,3
2020-09-27,US,Texas,Willacy,1214,49,0,26.47411727,-97.61535848,48489.0,5684.052813933889,4.0362438220757815,1165,1213,49,0,1164,1209,21515,1,0,0,1,4
2020-09-27,US,Texas,Williamson,8565,143,0,30.64655664,-97.60048540000001,48491.0,1450.3404447710695,1.6695855224751897,8422,8565,143,0,8422,8565,566719,0,0,0,0,0
2020-09-27,US,Texas,Wilson,892,26,0,29.1732598,-98.08693082,48493.0,1746.6222831407874,2.914798206278027,866,892,26,0,866,888,50224,0,0,0,0,4
2020-09-27,US,Texas,Winkler,118,3,0,31.85008651,-103.04851629999999,48495.0,1473.1585518102372,2.5423728813559316,115,118,3,0,115,113,7720,0,0,0,0,5
2020-09-27,US,Texas,Wise,760,14,0,33.21570665,-97.65460265,48497.0,1085.9625057155922,1.8421052631578947,746,760,14,0,746,769,68305,0,0,0,0,-9
2020-09-27,US,Texas,Wood,525,23,0,32.78722382,-95.38236368,48499.0,1152.8579898548496,4.380952380952381,502,525,23,0,502,519,45129,0,0,0,0,6
2020-09-27,US,Texas,Yoakum,224,5,0,33.17320212,-102.82764329999999,48501.0,2570.871112131298,2.232142857142857,219,224,5,0,219,221,8591,0,0,0,0,3
2020-09-27,US,Texas,Young,314,6,0,33.17659707,-98.68790885,48503.0,1743.4758467518045,1.9108280254777068,308,314,6,0,308,304,18045,0,0,0,0,10
2020-09-27,US,Texas,Zapata,333,6,0,27.00156391,-99.16987152,48505.0,2348.5436208477327,1.8018018018018016,327,333,6,0,327,333,14190,0,0,0,0,0
2020-09-27,US,Texas,Zavala,357,16,0,28.86617238,-99.76050829,48507.0,3015.2027027027025,4.481792717086835,341,357,16,0,341,355,11983,0,0,0,0,2
2020-09-27,US,Utah,Bear River,3351,11,0,41.52106798,-113.08328159999999,0.0,1793.724373454378,0.3282602208296031,3340,3307,11,0,3296,3271,,44,0,0,44,36
2020-09-27,US,Utah,Central Utah,647,3,0,39.37231946,-111.5758676,0.0,789.4672621226541,0.4636785162287481,644,641,3,0,638,637,,6,0,0,6,4
2020-09-27,US,Utah,Davis,5104,28,0,40.99001837,-112.1139997,49011.0,1435.8010695367684,0.54858934169279,5076,5024,28,0,4996,4966,351713,80,0,0,80,58
2020-09-27,US,Utah,Salt Lake,30784,251,0,40.66616532,-111.92160109999999,49035.0,2652.793732016473,0.8153586278586279,30533,30357,249,0,30108,29977,1152633,427,2,0,425,380
2020-09-27,US,Utah,San Juan,700,29,0,37.62762978,-109.80337140000002,49037.0,4572.7724065847915,4.142857142857143,671,699,29,0,670,697,15449,1,0,0,1,2
2020-09-27,US,Utah,Southeast Utah,214,1,0,38.99617072,-110.70139579999999,0.0,531.9545601431803,0.4672897196261682,213,207,1,0,206,204,,7,0,0,7,3
2020-09-27,US,Utah,Southwest Utah,4210,32,0,37.85447192,-111.4418764,0.0,1670.3565278802741,0.7600950118764845,4178,4193,32,0,4161,4164,,17,0,0,17,29
2020-09-27,US,Utah,Summit,998,1,0,40.86688146,-110.9535882,49043.0,2368.015185668525,0.1002004008016032,997,991,1,0,990,981,41933,7,0,0,7,10
2020-09-27,US,Utah,Tooele,877,0,0,40.44862644,-113.12957150000001,49045.0,1213.6896441965707,0.0,877,862,0,0,862,857,69907,15,0,0,15,5
2020-09-27,US,Utah,TriCounty,237,2,0,40.12491499,-109.5174415,0.0,418.56522199851645,0.8438818565400844,235,236,2,0,234,235,,1,0,0,1,1
2020-09-27,US,Utah,Utah,18436,57,0,40.116672200000004,-111.66576620000001,49049.0,2897.671457873269,0.3091776958125407,18379,18037,54,0,17983,17584,622213,399,3,0,396,453
2020-09-27,US,Utah,Wasatch,762,7,0,40.33110236,-111.1691419,49051.0,2235.1940394825615,0.9186351706036744,755,750,7,0,743,745,33240,12,0,0,12,5
2020-09-27,US,Utah,Weber-Morgan,4295,31,0,41.27116049,-111.9145117,0.0,1577.0901493370345,0.7217694994179278,4264,4243,31,0,4212,4212,,52,0,0,52,31
2020-09-27,US,Vermont,Addison,83,2,0,44.03217337,-73.14130877,50001.0,225.68453109280253,2.409638554216868,81,83,2,0,81,83,36973,0,0,0,0,0
2020-09-27,US,Vermont,Bennington,114,1,0,43.03519828,-73.09048868,50003.0,321.3983648153369,0.8771929824561403,113,114,1,0,113,110,35631,0,0,0,0,4
2020-09-27,US,Vermont,Caledonia,34,0,0,44.46548598,-72.10314651,50005.0,113.35978394958825,0.0,34,34,0,0,34,34,30302,0,0,0,0,0
2020-09-27,US,Vermont,Chittenden,835,39,0,44.46322849,-73.08359212,50007.0,509.84893817089403,4.6706586826347305,796,835,39,0,796,835,164572,0,0,0,0,0
2020-09-27,US,Vermont,Essex,6,0,0,44.72736416,-71.73579864,50009.0,97.35518416355671,0.0,6,6,0,0,6,6,6250,0,0,0,0,0
2020-09-27,US,Vermont,Franklin,126,7,0,44.85627605,-72.91249563,50011.0,255.0504028176997,5.5555555555555545,119,126,7,0,119,125,49421,0,0,0,0,1
2020-09-27,US,Vermont,Grand Isle,14,0,0,44.797582399999996,-73.29679772,50013.0,193.503800967519,0.0,14,14,0,0,14,14,7090,0,0,0,0,0
2020-09-27,US,Vermont,Lamoille,58,1,0,44.60353043,-72.64356694,50015.0,228.68858922797887,1.7241379310344829,57,58,1,0,57,57,25300,0,0,0,0,1
2020-09-27,US,Vermont,Orange,25,0,0,44.00470222,-72.37640104,50017.0,86.52914301536758,0.0,25,24,0,0,24,24,28999,1,0,0,1,0
2020-09-27,US,Vermont,Orleans,21,0,0,44.82964024,-72.24562697,50019.0,77.67133927580724,0.0,21,21,0,0,21,21,26907,0,0,0,0,0
2020-09-27,US,Vermont,Rutland,131,1,0,43.57723578,-73.03741676,50021.0,225.12072313588013,0.7633587786259542,130,130,1,0,129,128,58672,1,0,0,1,2
2020-09-27,US,Vermont,Unassigned,8,0,0,0.0,0.0,90050.0,0.0,0.0,8,8,0,0,8,8,,0,0,0,0,0
2020-09-27,US,Vermont,Washington,77,2,0,44.27343241,-72.61604978,50023.0,131.8289989556404,2.5974025974025974,75,77,2,0,75,77,58140,0,0,0,0,0
2020-09-27,US,Vermont,Windham,123,3,0,42.986982,-72.71268875,50025.0,291.3173227227512,2.4390243902439024,120,123,3,0,120,123,42756,0,0,0,0,0
2020-09-27,US,Vermont,Windsor,87,2,0,43.58010937,-72.58595157,50027.0,158.00370491446006,2.2988505747126435,85,86,2,0,84,86,55286,1,0,0,1,0
2020-09-27,US,Virginia,Accomack,1175,19,0,37.76707161,-75.63234615,51001.0,3635.9697982423572,1.6170212765957446,1156,1175,19,0,1156,1172,32412,0,0,0,0,3
2020-09-27,US,Virginia,Albemarle,1255,21,0,38.02080697,-78.55481085,51003.0,1147.9008506356904,1.6733067729083666,1234,1253,21,0,1232,1233,108718,2,0,0,2,20
2020-09-27,US,Virginia,Alexandria,3814,69,0,38.814003,-77.08183073,51510.0,2392.3024813709008,1.809124278972208,3745,3804,69,0,3735,3780,160530,10,0,0,10,24
2020-09-27,US,Virginia,Alleghany,79,4,0,37.78636074,-80.00222498,51005.0,531.628532974428,5.063291139240507,75,78,4,0,74,78,14910,1,0,0,1,0
2020-09-27,US,Virginia,Amelia,124,5,0,37.34081025,-77.98584649,51007.0,943.3244579688094,4.032258064516129,119,124,5,0,119,124,13013,0,0,0,0,0
2020-09-27,US,Virginia,Amherst,396,4,0,37.60308293,-79.14548696,51009.0,1252.96630280019,1.0101010101010102,392,395,4,0,391,390,31666,1,0,0,1,5
2020-09-27,US,Virginia,Appomattox,215,3,0,37.37569884,-78.81340003,51011.0,1351.2664194582364,1.3953488372093024,212,215,3,0,212,213,15841,0,0,0,0,2
2020-09-27,US,Virginia,Arlington,3951,149,0,38.8767675,-77.10139853,51013.0,1668.2007414225518,3.7711971652746135,3802,3935,149,0,3786,3909,237521,16,0,0,16,26
2020-09-27,US,Virginia,Augusta,497,7,0,38.16404586,-79.12461614,51015.0,657.7728367611636,1.4084507042253518,490,494,7,0,487,478,75457,3,0,0,3,16
2020-09-27,US,Virginia,Bath,9,0,0,38.05852573,-79.73912095,51017.0,217.02435495538944,0.0,9,7,0,0,7,7,4292,2,0,0,2,0
2020-09-27,US,Virginia,Bedford,760,13,0,37.3080028,-79.5281964,51019.0,962.0618504500172,1.7105263157894737,747,753,13,0,740,739,78747,7,0,0,7,14
2020-09-27,US,Virginia,Bland,64,5,0,37.13128068,-81.13599391,51021.0,1019.108280254777,7.8125,59,64,5,0,59,64,6293,0,0,0,0,0
2020-09-27,US,Virginia,Botetourt,302,10,0,37.55531756,-79.80982182,51023.0,903.6775486998413,3.3112582781456954,292,302,10,0,292,297,33277,0,0,0,0,5
2020-09-27,US,Virginia,Bristol,185,5,0,36.616302399999995,-82.16359122,51520.0,1103.6869108698247,2.702702702702702,180,182,5,0,177,182,16482,3,0,0,3,0
2020-09-27,US,Virginia,Brunswick,358,5,0,36.76366949,-77.8593436,51025.0,2205.655843755776,1.3966480446927374,353,355,5,0,350,351,16384,3,0,0,3,4
2020-09-27,US,Virginia,Buchanan,140,2,0,37.26818323,-82.03749726,51027.0,666.539706722529,1.4285714285714286,138,140,2,0,138,137,21221,0,0,0,0,3
2020-09-27,US,Virginia,Buckingham,679,9,0,37.57242268,-78.52518834,51029.0,3959.6454397014227,1.325478645066274,670,679,9,0,670,677,16999,0,0,0,0,2
2020-09-27,US,Virginia,Buena Vista,83,1,0,37.73484642,-79.35296097,51530.0,1281.2596480395184,1.2048192771084338,82,80,1,0,79,80,6237,3,0,0,3,0
2020-09-27,US,Virginia,Campbell,450,4,0,37.20553386,-79.09678609,51031.0,819.8961464881115,0.8888888888888888,446,447,4,0,443,436,54973,3,0,0,3,11
2020-09-27,US,Virginia,Caroline,354,5,0,38.02679129,-77.34901405,51033.0,1152.1562245728235,1.4124293785310735,349,350,5,0,345,347,30772,4,0,0,4,3
2020-09-27,US,Virginia,Carroll,500,24,0,36.73066666,-80.73455942,51035.0,1678.3592360108755,4.8,476,499,24,0,475,492,29636,1,0,0,1,7
2020-09-27,US,Virginia,Charles City,85,5,0,37.35358063,-77.05634116,51036.0,1220.738187562832,5.882352941176472,80,84,5,0,79,84,6941,1,0,0,1,0
2020-09-27,US,Virginia,Charlotte,107,0,0,37.01909701,-78.66314092,51037.0,900.6734006734007,0.0,107,106,0,0,106,106,11938,1,0,0,1,0
2020-09-27,US,Virginia,Charlottesville,1216,28,0,38.03527919,-78.48569588,51540.0,2572.6738035797407,2.3026315789473686,1188,1186,28,0,1158,1144,48117,30,0,0,30,42
2020-09-27,US,Virginia,Chesapeake,4299,72,0,36.67670048,-76.30545744,51550.0,1755.8764065595194,1.674808094905792,4227,4296,71,0,4225,4271,242634,3,1,0,2,25
2020-09-27,US,Virginia,Chesterfield,5985,94,0,37.37373208,-77.58680140000001,51041.0,1696.4189545410736,1.570593149540518,5891,5945,94,0,5851,5916,348556,40,0,0,40,29
2020-09-27,US,Virginia,Clarke,94,0,0,39.11271747,-77.99199425,51043.0,642.9988371297627,0.0,94,94,0,0,94,94,14523,0,0,0,0,0
2020-09-27,US,Virginia,Colonial Heights,256,25,0,37.26420587,-77.39609676,51570.0,1473.8054116292456,9.765625,231,256,25,0,231,253,17833,0,0,0,0,3
2020-09-27,US,Virginia,Covington,32,0,0,37.7824656,-79.98631446,51580.0,577.825929938606,0.0,32,32,0,0,32,32,5460,0,0,0,0,0
2020-09-27,US,Virginia,Craig,31,0,0,37.48133648,-80.21072274,51045.0,604.1707269538101,0.0,31,29,0,0,29,29,5064,2,0,0,2,0
2020-09-27,US,Virginia,Culpeper,1196,17,0,38.48199985,-77.95630870000002,51047.0,2273.548141811614,1.4214046822742474,1179,1195,17,0,1178,1190,51859,1,0,0,1,5
2020-09-27,US,Virginia,Cumberland,105,2,0,37.51328851,-78.24398086,51049.0,1057.188884414015,1.9047619047619049,103,105,2,0,103,104,9809,0,0,0,0,1
2020-09-27,US,Virginia,Danville,875,27,0,36.58022376,-79.40395668,51590.0,2185.0963939666367,3.085714285714286,848,868,27,0,841,860,40693,7,0,0,7,8
2020-09-27,US,Virginia,Dickenson,101,1,0,37.12560977,-82.35124171,51051.0,705.405782930577,0.99009900990099,100,101,1,0,100,99,14523,0,0,0,0,2
2020-09-27,US,Virginia,Dinwiddie,385,11,0,37.07544585,-77.63451754,51053.0,1348.7948430493273,2.8571428571428568,374,377,11,0,366,376,28529,8,0,0,8,1
2020-09-27,US,Virginia,Emporia,258,26,0,36.69455571,-77.53406129,51595.0,4826.038159371493,10.077519379844961,232,255,26,0,229,255,5121,3,0,0,3,0
2020-09-27,US,Virginia,Essex,180,2,0,37.93357639,-76.94230311,51057.0,1643.3853738701723,1.1111111111111112,178,178,2,0,176,176,10919,2,0,0,2,2
2020-09-27,US,Virginia,Fairfax,20801,586,0,38.83677558,-77.27565836,51059.0,1812.6727620667664,2.8171722513340707,20215,20687,586,0,20101,20627,1150795,114,0,0,114,60
2020-09-27,US,Virginia,Fairfax,20801,586,0,38.83677558,-77.27565836,51059.0,1812.6727620667664,2.8171722513340707,20215,20687,586,0,20101,20627,24574,114,0,0,114,60
2020-09-27,US,Virginia,Fairfax City,137,8,0,38.85157547,-77.29779640000002,51600.0,570.3817810899704,5.8394160583941614,129,136,8,0,128,135,24574,1,0,0,1,1
2020-09-27,US,Virginia,Falls Church,70,7,0,38.88485255,-77.17560759,51610.0,478.8944379831703,10.0,63,70,7,0,63,70,14772,0,0,0,0,0
2020-09-27,US,Virginia,Fauquier,936,25,0,38.73564842,-77.80647472,51061.0,1314.2006683328184,2.6709401709401708,911,931,25,0,906,925,70675,5,0,0,5,6
2020-09-27,US,Virginia,Floyd,203,9,0,36.9302126,-80.36738849,51063.0,1288.9707283002094,4.433497536945813,194,203,9,0,194,201,15795,0,0,0,0,2
2020-09-27,US,Virginia,Fluvanna,379,9,0,37.84157909,-78.27715475,51065.0,1389.8056472313901,2.3746701846965697,370,375,9,0,366,375,26783,4,0,0,4,0
2020-09-27,US,Virginia,Franklin,194,1,0,36.99536167,-79.88023649,51067.0,346.1689447200313,0.5154639175257731,193,194,1,0,193,194,56195,0,0,0,0,0
2020-09-27,US,Virginia,Franklin,194,1,0,36.99536167,-79.88023649,51067.0,346.1689447200313,0.5154639175257731,193,194,1,0,193,194,8013,0,0,0,0,0
2020-09-27,US,Virginia,Franklin City,415,9,0,36.6831435,-76.93859681,51620.0,5208.987071670641,2.1686746987951806,406,415,9,0,406,413,8013,0,0,0,0,2
2020-09-27,US,Virginia,Frederick,883,13,0,39.20172582,-78.25974949,51069.0,988.6578661561027,1.4722536806342017,870,881,13,0,868,873,88355,2,0,0,2,8
2020-09-27,US,Virginia,Fredericksburg,539,5,0,38.2977863,-77.4922454,51630.0,1856.3162970106075,0.927643784786642,534,539,5,0,534,535,29144,0,0,0,0,4
2020-09-27,US,Virginia,Galax,418,30,0,36.66601852,-80.91703124,51640.0,6585.78856152513,7.177033492822965,388,415,30,0,385,413,6423,3,0,0,3,2
2020-09-27,US,Virginia,Giles,89,0,0,37.31234791,-80.70636931,51071.0,532.2966507177033,0.0,89,89,0,0,89,88,16844,0,0,0,0,1
2020-09-27,US,Virginia,Gloucester,244,2,0,37.40809042,-76.53524337,51073.0,653.3147691978153,0.819672131147541,242,242,2,0,240,235,37349,2,0,0,2,7
2020-09-27,US,Virginia,Goochland,271,7,0,37.71714806,-77.90381514,51075.0,1140.908516818928,2.5830258302583027,264,269,7,0,262,266,23244,2,0,0,2,3
2020-09-27,US,Virginia,Grayson,320,13,0,36.65677234,-81.23215889,51077.0,2057.8778135048237,4.0625,307,312,12,0,300,308,15631,8,1,0,7,4
2020-09-27,US,Virginia,Greene,216,3,0,38.29545894,-78.46525378,51079.0,1089.863262525859,1.3888888888888888,213,216,3,0,213,216,19779,0,0,0,0,0
2020-09-27,US,Virginia,Greensville,789,11,0,36.67878901,-77.56351439,51081.0,6960.1270289343665,1.3941698352344742,778,781,11,0,770,782,11627,8,0,0,8,-1
2020-09-27,US,Virginia,Halifax,348,6,0,36.76654925,-78.93512622,51083.0,1026.215682227006,1.7241379310344829,342,348,6,0,342,342,34120,0,0,0,0,6
2020-09-27,US,Virginia,Hampton,1819,24,0,37.03513786,-76.35879121,51650.0,1352.31581295071,1.319406267179769,1795,1809,24,0,1785,1803,134313,10,0,0,10,6
2020-09-27,US,Virginia,Hanover,1293,37,0,37.7583355,-77.49464673,51085.0,1199.8218362006571,2.8615622583139984,1256,1288,37,0,1251,1286,107239,5,0,0,5,2
2020-09-27,US,Virginia,Harrisonburg,2631,34,0,38.43542574,-78.87536254,51660.0,4962.652784065188,1.2922843025465602,2597,2608,34,0,2574,2578,54033,23,0,0,23,30
2020-09-27,US,Virginia,Henrico,5453,211,0,37.53460572,-77.39326555,51087.0,1648.3383612741752,3.8694296717403263,5242,5434,211,0,5223,5399,329261,19,0,0,19,35
2020-09-27,US,Virginia,Henry,1065,24,0,36.68542395,-79.87634026,51089.0,2106.53321992998,2.2535211267605635,1041,1046,21,0,1025,1042,50953,19,3,0,16,4
2020-09-27,US,Virginia,Highland,7,0,0,38.35799465,-79.56124594,51091.0,319.634703196347,0.0,7,7,0,0,7,7,2210,0,0,0,0,0
2020-09-27,US,Virginia,Hopewell,393,7,0,37.29186313,-77.29754684,51670.0,1744.418305295397,1.7811704834605595,386,390,7,0,383,390,22596,3,0,0,3,0
2020-09-27,US,Virginia,Isle of Wight,739,19,0,36.90579348,-76.70842863,51093.0,1991.4306502465708,2.571041948579161,720,733,19,0,714,723,36953,6,0,0,6,10
2020-09-27,US,Virginia,James City,851,20,0,37.31156958,-76.76950618,51095.0,1112.0839486167556,2.3501762632197414,831,848,20,0,828,842,76397,3,0,0,3,6
2020-09-27,US,Virginia,King George,229,4,0,38.26818502,-77.15852768,51099.0,853.3313459531972,1.7467248908296944,225,228,4,0,224,228,26575,1,0,0,1,0
2020-09-27,US,Virginia,King William,161,2,0,37.70965316,-77.09384941,51101.0,938.8850011663167,1.2422360248447204,159,160,2,0,158,157,16939,1,0,0,1,3
2020-09-27,US,Virginia,King and Queen,72,1,0,37.71044922,-76.88689628,51097.0,1024.9110320284697,1.3888888888888888,71,72,1,0,71,72,7042,0,0,0,0,0
2020-09-27,US,Virginia,Lancaster,146,0,0,37.71889653,-76.46400482,51103.0,1376.9687824200698,0.0,146,144,0,0,144,142,10783,2,0,0,2,2
2020-09-27,US,Virginia,Lee,269,7,0,36.70586667,-83.12606515,51105.0,1148.4438372539814,2.6022304832713754,262,267,7,0,260,266,23541,2,0,0,2,1
2020-09-27,US,Virginia,Lexington,85,1,0,37.78258621,-79.44262866,51678.0,1141.552511415525,1.1764705882352942,84,77,1,0,76,73,7136,8,0,0,8,4
2020-09-27,US,Virginia,Loudoun,6816,124,0,39.08990083,-77.63481877,51107.0,1648.2161252412106,1.81924882629108,6692,6792,124,0,6668,6774,406850,24,0,0,24,18
2020-09-27,US,Virginia,Louisa,290,6,0,37.97850256,-77.96274807,51109.0,771.4612540235695,2.0689655172413794,284,289,6,0,283,287,36778,1,0,0,1,2
2020-09-27,US,Virginia,Lunenburg,118,3,0,36.94618528,-78.24133319,51111.0,967.5303378156772,2.5423728813559316,115,118,3,0,115,116,12086,0,0,0,0,2
2020-09-27,US,Virginia,Lynchburg,1396,13,0,37.40021399,-79.19888138,51680.0,1698.9582319151007,0.9312320916905444,1383,1391,13,0,1378,1374,82126,5,0,0,5,17
2020-09-27,US,Virginia,Madison,106,3,0,38.41531222,-78.28220331,51113.0,799.3363999698364,2.830188679245283,103,106,3,0,103,106,13295,0,0,0,0,0
2020-09-27,US,Virginia,Manassas,1920,25,0,38.7464321,-77.48509905,51683.0,4673.238408178167,1.3020833333333333,1895,1918,25,0,1893,1918,41641,2,0,0,2,0
2020-09-27,US,Virginia,Manassas Park,612,8,0,38.77058531,-77.44399307,51685.0,3501.544799176107,1.30718954248366,604,610,8,0,602,610,17307,2,0,0,2,0
2020-09-27,US,Virginia,Martinsville,382,17,0,36.68212094,-79.86352771,51690.0,3042.854866974669,4.450261780104712,365,382,16,0,366,380,12902,0,1,0,-1,2
2020-09-27,US,Virginia,Mathews,74,0,0,37.44164146,-76.34098896,51115.0,837.6726284808693,0.0,74,72,0,0,72,49,8802,2,0,0,2,23
2020-09-27,US,Virginia,Mecklenburg,718,33,0,36.67882005,-78.36131056,51117.0,2347.4024912544546,4.596100278551532,685,717,33,0,684,711,30650,1,0,0,1,6
2020-09-27,US,Virginia,Middlesex,119,10,0,37.63191998,-76.55064617,51119.0,1124.5511245511245,8.403361344537815,109,115,10,0,105,113,10769,4,0,0,4,2
2020-09-27,US,Virginia,Montgomery,1936,4,0,37.17746986,-80.37868691,51121.0,1964.7840868726846,0.2066115702479339,1932,1909,4,0,1905,1880,98985,27,0,0,27,29
2020-09-27,US,Virginia,Nelson,104,2,0,37.78790447,-78.88498513,51125.0,696.584058941728,1.9230769230769231,102,100,2,0,98,100,14836,4,0,0,4,0
2020-09-27,US,Virginia,New Kent,191,3,0,37.50694406,-76.99828634,51127.0,827.1620977870166,1.5706806282722514,188,189,3,0,186,188,22391,2,0,0,2,1
2020-09-27,US,Virginia,Newport News,2733,38,0,37.08166899,-76.51754109,51700.0,1524.8988701353048,1.390413465056714,2695,2721,38,0,2683,2715,178626,12,0,0,12,6
2020-09-27,US,Virginia,Norfolk,4824,78,0,36.89934014,-76.26420872,51710.0,1987.295152878365,1.6169154228855722,4746,4822,78,0,4744,4800,244076,2,0,0,2,22
2020-09-27,US,Virginia,Northampton,305,31,0,37.34062933,-75.87751591,51131.0,2604.611443210931,10.163934426229508,274,305,31,0,274,305,11735,0,0,0,0,0
2020-09-27,US,Virginia,Northumberland,160,6,0,37.89202088,-76.41949732,51133.0,1322.860686233981,3.75,154,157,6,0,151,152,12147,3,0,0,3,5
2020-09-27,US,Virginia,Norton,34,0,0,36.93357076,-82.62750411,51720.0,854.0567696558653,0.0,34,33,0,0,33,33,3968,1,0,0,1,0
2020-09-27,US,Virginia,Nottoway,265,18,0,37.1435975,-78.05065922,51135.0,1739.7584033613446,6.79245283018868,247,265,18,0,247,257,15420,0,0,0,0,8
2020-09-27,US,Virginia,Orange,325,4,0,38.24530219,-78.01560400000002,51137.0,877.1693071711965,1.2307692307692308,321,322,4,0,318,320,36644,3,0,0,3,2
2020-09-27,US,Virginia,Page,393,29,0,38.61807452,-78.48797204,51139.0,1644.2138733160407,7.3791348600508915,364,393,29,0,364,390,23933,0,0,0,0,3
2020-09-27,US,Virginia,Patrick,277,25,0,36.680163799999995,-80.2865648,51141.0,1573.148568832349,9.025270758122744,252,277,25,0,252,276,17673,0,0,0,0,1
2020-09-27,US,Virginia,Petersburg,740,29,0,37.20530399,-77.39368102,51730.0,2360.7477828112037,3.918918918918919,711,734,29,0,705,734,31567,6,0,0,6,0
2020-09-27,US,Virginia,Pittsylvania,998,9,0,36.81980341,-79.39731264,51143.0,1653.5772276899625,0.9018036072144288,989,994,9,0,985,985,60949,4,0,0,4,9
2020-09-27,US,Virginia,Poquoson,74,2,0,37.14259351,-76.35798148,51735.0,603.0478363621547,2.702702702702702,72,74,2,0,72,74,12190,0,0,0,0,0
2020-09-27,US,Virginia,Portsmouth,2559,59,0,36.85914825,-76.35971629,51740.0,2710.862518273693,2.3055881203595154,2500,2555,59,0,2496,2547,94632,4,0,0,4,8
2020-09-27,US,Virginia,Powhatan,222,5,0,37.55016038,-77.91267882,51145.0,748.6847430190207,2.2522522522522523,217,221,5,0,216,219,29189,1,0,0,1,2
2020-09-27,US,Virginia,Prince Edward,580,12,0,37.22554789,-78.43597949,51147.0,2543.636523112008,2.0689655172413794,568,581,12,0,569,577,22950,-1,0,0,-1,4
2020-09-27,US,Virginia,Prince George,803,5,0,37.18497668,-77.22922187,51149.0,2093.708445232446,0.6226650062266501,798,796,5,0,791,791,38082,7,0,0,7,5
2020-09-27,US,Virginia,Prince William,12449,203,0,38.70916224,-77.48713689,51153.0,2646.8368290686426,1.6306530645031732,12246,12394,203,0,12191,12318,468011,55,0,0,55,76
2020-09-27,US,Virginia,Pulaski,236,5,0,37.06474963,-80.71229738,51155.0,693.5668733652687,2.1186440677966103,231,232,5,0,227,225,34066,4,0,0,4,7
2020-09-27,US,Virginia,Radford,740,1,0,37.12222899,-80.56027320000003,51750.0,4055.0167132445613,0.13513513513513514,739,737,1,0,736,734,18339,3,0,0,3,3
2020-09-27,US,Virginia,Rappahannock,63,2,0,38.68295619,-78.15826963,51157.0,854.8168249660788,3.1746031746031744,61,63,2,0,61,64,7252,0,0,0,0,-1
2020-09-27,US,Virginia,Richmond,349,4,0,37.937575,-76.72920628,51159.0,3867.893161919539,1.146131805157593,345,348,4,0,344,346,9038,1,0,0,1,2
2020-09-27,US,Virginia,Richmond City,4637,61,0,37.53255773,-77.47966921,51760.0,2012.272387994932,1.3155057149018765,4576,4625,61,0,4564,4595,228783,12,0,0,12,30
2020-09-27,US,Virginia,Roanoke,879,7,0,37.26865804,-80.06396753,51161.0,933.2597201282567,0.7963594994311718,872,861,7,0,854,842,94073,18,0,0,18,19
2020-09-27,US,Virginia,Roanoke City,1713,27,0,37.27791025,-79.96189766,51770.0,1727.807308635002,1.5761821366024518,1686,1694,23,0,1671,1656,99920,19,4,0,15,38
2020-09-27,US,Virginia,Rockbridge,115,2,0,37.81204314,-79.44605905,51163.0,509.45820227705667,1.7391304347826086,113,111,2,0,109,108,22752,4,0,0,4,3
2020-09-27,US,Virginia,Rockingham,1424,22,0,38.51006137,-78.87260325,51165.0,1737.6873139063794,1.5449438202247192,1402,1423,22,0,1401,1414,81244,1,0,0,1,9
2020-09-27,US,Virginia,Russell,262,5,0,36.93028320000001,-82.10095486,51167.0,985.4810802678102,1.9083969465648856,257,257,5,0,252,254,26748,5,0,0,5,3
2020-09-27,US,Virginia,Salem,267,6,0,37.2836193,-80.06219455,51775.0,1055.2942571439864,2.247191011235955,261,267,5,0,262,264,25643,0,1,0,-1,3
2020-09-27,US,Virginia,Scott,186,4,0,36.71466456,-82.60171704,51169.0,862.4687007326347,2.150537634408602,182,185,4,0,181,184,21534,1,0,0,1,1
2020-09-27,US,Virginia,Shenandoah,806,58,0,38.85905135,-78.56813762,51171.0,1847.945707997065,7.196029776674937,748,806,58,0,748,805,43497,0,0,0,0,1
2020-09-27,US,Virginia,Smyth,491,13,0,36.84455636,-81.53344948,51173.0,1631.0124900345472,2.6476578411405294,478,465,10,0,455,457,30472,26,3,0,23,8
2020-09-27,US,Virginia,Southampton,757,23,0,36.72231125,-77.10642712,51175.0,4293.573818841813,3.038309114927345,734,755,23,0,732,748,17586,2,0,0,2,7
2020-09-27,US,Virginia,Spotsylvania,2136,44,0,38.18574462,-77.655399,51177.0,1568.109239070587,2.059925093632959,2092,2131,44,0,2087,2121,134238,5,0,0,5,10
2020-09-27,US,Virginia,Stafford,2012,17,0,38.41758738,-77.45917053,51179.0,1316.0476707526066,0.8449304174950298,1995,2005,17,0,1988,1998,149960,7,0,0,7,7
2020-09-27,US,Virginia,Staunton,257,0,0,38.15965544,-79.05979937,51790.0,1030.8037862987326,0.0,257,256,0,0,256,251,24922,1,0,0,1,5
2020-09-27,US,Virginia,Suffolk,1972,72,0,36.70155394,-76.63603554,51800.0,2140.9649541842186,3.6511156186612577,1900,1970,72,0,1898,1963,91185,2,0,0,2,7
2020-09-27,US,Virginia,Surry,119,3,0,37.11781893,-76.88450012,51181.0,1853.0052943008407,2.5210084033613445,116,119,3,0,116,118,6474,0,0,0,0,1
2020-09-27,US,Virginia,Sussex,465,11,0,36.92432914,-77.25791182,51183.0,4167.0400573528095,2.3655913978494625,454,463,11,0,452,462,11237,2,0,0,2,1
2020-09-27,US,Virginia,Tazewell,301,2,0,37.12191123,-81.56685568,51185.0,741.4706244611406,0.6644518272425249,299,297,2,0,295,284,40855,4,0,0,4,13
2020-09-27,US,Virginia,Virginia Beach,6826,90,0,36.73285734,-76.04566934,51810.0,1516.9765364221046,1.3184881336067975,6736,6809,89,0,6720,6776,450189,17,1,0,16,33
2020-09-27,US,Virginia,Warren,418,7,0,38.90847745,-78.20280433,51187.0,1040.7329947216413,1.6746411483253592,411,418,7,0,411,415,40003,0,0,0,0,3
2020-09-27,US,Virginia,Washington,572,20,0,36.72341572,-81.95666289,51191.0,1064.3840714551545,3.4965034965034967,552,563,20,0,543,553,54402,9,0,0,9,10
2020-09-27,US,Virginia,Waynesboro,266,3,0,38.06451466,-78.90293905,51820.0,1175.430844012373,1.1278195488721805,263,265,3,0,262,259,22628,1,0,0,1,6
2020-09-27,US,Virginia,Westmoreland,275,3,0,38.11021557,-76.80213247,51193.0,1526.5056897030252,1.0909090909090908,272,274,3,0,271,273,17830,1,0,0,1,1
2020-09-27,US,Virginia,Williamsburg,181,7,0,37.28131268,-76.70905141,51830.0,1210.3784940484152,3.867403314917127,174,178,7,0,171,177,14896,3,0,0,3,1
2020-09-27,US,Virginia,Winchester,499,4,0,39.17054517,-78.17325058,51840.0,1777.1921076999786,0.8016032064128257,495,497,4,0,493,495,28108,2,0,0,2,2
2020-09-27,US,Virginia,Wise,411,9,0,36.9746148,-82.62410519,51195.0,1099.430222293556,2.18978102189781,402,408,9,0,399,400,38012,3,0,0,3,8
2020-09-27,US,Virginia,Wythe,238,4,0,36.91582035,-81.07834059,51197.0,829.7308604099846,1.680672268907563,234,237,4,0,233,232,28754,1,0,0,1,5
2020-09-27,US,Virginia,York,545,8,0,37.24374789,-76.54412815,51199.0,798.1839484475688,1.4678899082568808,537,544,8,0,536,541,67846,1,0,0,1,3
2020-09-27,US,Washington,Adams,846,10,0,46.98299757,-118.56017340000001,53001.0,4233.598558774958,1.182033096926714,836,842,10,0,832,835,19759,4,0,0,4,7
2020-09-27,US,Washington,Asotin,110,2,0,46.18894415,-117.2022851,53003.0,487.11363032503766,1.818181818181818,108,105,2,0,103,105,22610,5,0,0,5,0
2020-09-27,US,Washington,Benton,4541,130,0,46.23946995,-119.51208340000001,53005.0,2221.732961495181,2.8628055494384497,4411,4529,130,0,4399,4514,201877,12,0,0,12,15
2020-09-27,US,Washington,Chelan,1845,15,0,47.87046092,-120.6173956,53007.0,2389.896373056995,0.8130081300813008,1830,1841,15,0,1826,1840,77036,4,0,0,4,1
2020-09-27,US,Washington,Clallam,230,1,0,48.04754642,-123.92263190000001,53009.0,297.4227670662477,0.43478260869565216,229,229,1,0,228,228,76737,1,0,0,1,1
2020-09-27,US,Washington,Clark,3234,62,0,45.77568046,-122.48292040000001,53011.0,662.3778011269025,1.91713048855906,3172,3215,62,0,3153,3176,481857,19,0,0,19,39
2020-09-27,US,Washington,Columbia,14,1,0,46.29442881,-117.9051983,53013.0,351.3174404015057,7.142857142857142,13,14,1,0,13,14,4059,0,0,0,0,0
2020-09-27,US,Washington,Cowlitz,659,7,0,46.19074721,-122.6782231,53015.0,595.8785818270596,1.0622154779969648,652,660,7,0,653,657,108987,-1,0,0,-1,3
2020-09-27,US,Washington,Douglas,1186,9,0,47.7361335,-119.69293700000001,53017.0,2730.89410301872,0.7588532883642496,1177,1185,9,0,1176,1183,42907,1,0,0,1,2
2020-09-27,US,Washington,Ferry,30,0,0,48.471143100000006,-118.5154041,53019.0,393.3394519470304,0.0,30,30,0,0,30,30,7649,0,0,0,0,0
2020-09-27,US,Washington,Franklin,4282,66,0,46.53351425,-118.9018212,53021.0,4496.859969334818,1.5413358243811304,4216,4265,66,0,4199,4242,94347,17,0,0,17,23
2020-09-27,US,Washington,Garfield,11,0,0,46.43197502,-117.54540320000001,53023.0,494.3820224719101,0.0,11,11,0,0,11,11,2247,0,0,0,0,0
2020-09-27,US,Washington,Grant,2937,21,0,47.20753737,-119.4500749,53025.0,3005.126211208087,0.7150153217568948,2916,2919,21,0,2898,2908,97331,18,0,0,18,11
2020-09-27,US,Washington,Grays Harbor,499,7,0,47.14003705,-123.7820567,53027.0,664.7926353232704,1.4028056112224452,492,492,7,0,485,476,73901,7,0,0,7,16
2020-09-27,US,Washington,Island,313,12,0,48.14713305,-122.5216407,53029.0,367.62546834075243,3.8338658146964857,301,313,12,0,301,312,84460,0,0,0,0,1
2020-09-27,US,Washington,Jefferson,71,0,0,47.75003077,-123.56097040000002,53031.0,220.35318581049626,0.0,71,71,0,0,71,71,31729,0,0,0,0,0
2020-09-27,US,Washington,King,22103,768,0,47.49137892,-121.8346131,53033.0,981.1424274519239,3.474641451386689,21335,21995,768,0,21227,21866,2233163,108,0,0,108,129
2020-09-27,US,Washington,Kitsap,1201,13,0,47.63479026,-122.6436061,53035.0,442.40127010789286,1.0824313072439633,1188,1193,13,0,1180,1174,269805,8,0,0,8,19
2020-09-27,US,Washington,Kittitas,533,22,0,47.12521214,-120.67943899999999,53037.0,1111.9223949097736,4.127579737335835,511,532,22,0,510,528,47364,1,0,0,1,4
2020-09-27,US,Washington,Klickitat,192,3,0,45.87325839,-120.7913598,53039.0,856.1872909698998,1.5625,189,192,3,0,189,192,22107,0,0,0,0,0
2020-09-27,US,Washington,Lewis,522,4,0,46.57756476,-122.39257690000001,53041.0,646.7840459935321,0.7662835249042146,518,498,4,0,494,491,79604,24,0,0,24,7
2020-09-27,US,Washington,Lincoln,49,1,0,47.57705241,-118.41943880000001,53043.0,447.93856842490175,2.0408163265306123,48,49,1,0,48,45,10740,0,0,0,0,4
2020-09-27,US,Washington,Mason,396,4,0,47.35007586,-123.1863685,53045.0,593.098490294752,1.0101010101010102,392,393,4,0,389,386,65507,3,0,0,3,7
2020-09-27,US,Washington,Okanogan,1049,10,0,48.54855019,-119.73872240000001,53047.0,2483.25166299742,0.9532888465204956,1039,1048,10,0,1038,1047,42132,1,0,0,1,1
2020-09-27,US,Washington,Pacific,80,3,0,46.55418369,-123.7285716,53049.0,356.01441858395265,3.75,77,80,3,0,77,80,22036,0,0,0,0,0
2020-09-27,US,Washington,Pend Oreille,62,0,0,48.53234021,-117.2741804,53051.0,451.7633343048674,0.0,62,60,0,0,60,60,13602,2,0,0,2,0
2020-09-27,US,Washington,Pierce,7913,200,0,47.03892768,-122.14059579999999,53053.0,874.3839642865036,2.5274864147605207,7713,7849,200,0,7649,7788,891299,64,0,0,64,61
2020-09-27,US,Washington,San Juan,29,0,0,48.60182783,-122.96745,53055.0,164.94141735866228,0.0,29,29,0,0,29,29,17128,0,0,0,0,0
2020-09-27,US,Washington,Skagit,1103,22,0,48.48171488,-121.766131,53057.0,853.6821330443868,1.9945602901178603,1081,1100,22,0,1078,1095,128206,3,0,0,3,5
2020-09-27,US,Washington,Skamania,65,1,0,46.02408726,-121.91644029999999,53059.0,537.9458743689481,1.5384615384615383,64,65,1,0,64,65,11924,0,0,0,0,0
2020-09-27,US,Washington,Snohomish,6905,212,0,48.04615983,-121.7170703,53061.0,839.9395194889081,3.0702389572773354,6693,6878,212,0,6666,6821,814901,27,0,0,27,57
2020-09-27,US,Washington,Spokane,6801,165,0,47.62113146,-117.4046494,53063.0,1300.8848541884247,2.4261138067931185,6636,6730,165,0,6565,6661,514631,71,0,0,71,69
2020-09-27,US,Washington,Stevens,167,2,0,48.40035475,-117.8542701,53065.0,365.2428755768432,1.1976047904191616,165,167,2,0,165,165,45260,0,0,0,0,2
2020-09-27,US,Washington,Thurston,1087,17,0,46.9291895,-122.82906559999999,53067.0,374.13607952198686,1.5639374425022998,1070,1080,17,0,1063,1064,286419,7,0,0,7,16
2020-09-27,US,Washington,Unassigned,301,4,0,0.0,0.0,90053.0,0.0,1.32890365448505,297,309,4,0,305,295,,-8,0,0,-8,14
2020-09-27,US,Washington,Wahkiakum,6,0,0,46.29180039999999,-123.4250831,53069.0,133.6898395721925,0.0,6,6,0,0,6,6,4426,0,0,0,0,0
2020-09-27,US,Washington,Walla Walla,892,6,0,46.23040051,-118.4775539,53071.0,1468.0710994075048,0.672645739910314,886,889,6,0,883,880,60922,3,0,0,3,9
2020-09-27,US,Washington,Whatcom,1338,42,0,48.82227976,-121.74900179999999,53073.0,583.6499496176613,3.1390134529147984,1296,1327,42,0,1285,1318,225685,11,0,0,11,9
2020-09-27,US,Washington,Whitman,1272,0,0,46.90022523,-117.52417630000001,53075.0,2538.719463515887,0.0,1272,1262,0,0,1262,1221,49791,10,0,0,10,41
2020-09-27,US,Washington,Yakima,11395,258,0,46.45738486,-120.73801259999999,53077.0,4542.138851131847,2.2641509433962264,11137,11378,258,0,11120,11347,251446,17,0,0,17,31
2020-09-27,US,West Virginia,Barbour,56,1,0,39.1307219,-80.00350858,54001.0,340.61188492184175,1.7857142857142858,55,56,1,0,55,53,16535,0,0,0,0,3
2020-09-27,US,West Virginia,Berkeley,995,13,0,39.46704621,-78.02414609,54003.0,834.934673704173,1.306532663316583,982,987,13,0,974,976,117123,8,0,0,8,11
2020-09-27,US,West Virginia,Boone,218,1,0,38.01974191,-81.69888019,54005.0,1015.9854592906744,0.4587155963302753,217,218,1,0,217,218,21951,0,0,0,0,0
2020-09-27,US,West Virginia,Braxton,13,0,0,38.70036159,-80.72011184,54007.0,93.14322562155192,0.0,13,13,0,0,13,13,14089,0,0,0,0,0
2020-09-27,US,West Virginia,Brooke,113,1,0,40.27367263,-80.57915332,54009.0,515.0644970144491,0.8849557522123894,112,113,1,0,112,112,22203,0,0,0,0,1
2020-09-27,US,West Virginia,Cabell,804,10,0,38.42424062,-82.23855912,54011.0,874.4358040132687,1.243781094527363,794,791,10,0,781,767,93224,13,0,0,13,24
2020-09-27,US,West Virginia,Calhoun,25,0,0,38.84315422,-81.11934872,54013.0,351.6669011112674,0.0,25,25,0,0,25,25,7254,0,0,0,0,0
2020-09-27,US,West Virginia,Clay,36,2,0,38.46231092,-81.07652217,54015.0,423.1311706629055,5.5555555555555545,34,36,2,0,34,36,8632,0,0,0,0,0
2020-09-27,US,West Virginia,Doddridge,25,1,0,39.27057157,-80.70671527,54017.0,295.9280303030303,4.0,24,23,1,0,22,22,8406,2,0,0,2,1
2020-09-27,US,West Virginia,Fayette,615,13,0,38.02974928,-81.08286634,54019.0,1450.2664717256991,2.1138211382113816,602,608,13,0,595,599,43018,7,0,0,7,9
2020-09-27,US,West Virginia,Gilmer,46,0,0,38.9251277,-80.85952723,54021.0,588.0097149431165,0.0,46,46,0,0,46,43,8026,0,0,0,0,3
2020-09-27,US,West Virginia,Grant,161,7,0,39.10314817,-79.19440518,54023.0,1391.770401106501,4.3478260869565215,154,160,7,0,153,158,11626,1,0,0,1,2
2020-09-27,US,West Virginia,Greenbrier,127,3,0,37.9463652,-80.45335881,54025.0,366.3954763141192,2.3622047244094486,124,126,3,0,123,125,34786,1,0,0,1,1
2020-09-27,US,West Virginia,Hampshire,107,1,0,39.32103553,-78.60826476,54027.0,461.7044228694714,0.9345794392523364,106,106,1,0,105,104,23347,1,0,0,1,2
2020-09-27,US,West Virginia,Hancock,150,0,0,40.51943859,-80.57461608,54029.0,520.6525511975009,0.0,150,148,0,0,148,148,29094,2,0,0,2,0
2020-09-27,US,West Virginia,Hardy,90,1,0,39.00683177,-78.85855301,54031.0,653.3101045296168,1.1111111111111112,89,89,1,0,88,88,13775,1,0,0,1,1
2020-09-27,US,West Virginia,Harrison,365,9,0,39.2853852,-80.37919577,54033.0,542.7025098132509,2.4657534246575343,356,354,9,0,345,349,67554,11,0,0,11,5
2020-09-27,US,West Virginia,Jackson,264,23,0,38.84263974,-81.68148753,54035.0,923.852183650616,8.712121212121213,241,259,23,0,236,259,28706,5,0,0,5,0
2020-09-27,US,West Virginia,Jefferson,431,4,0,39.30776166,-77.86014147,54037.0,754.2085185314808,0.9280742459396752,427,429,4,0,425,427,56811,2,0,0,2,2
2020-09-27,US,West Virginia,Kanawha,2651,78,0,38.33860077,-81.52857054,54039.0,1488.289057061373,2.9422859298377966,2573,2603,76,0,2527,2554,180454,48,2,0,46,49
2020-09-27,US,West Virginia,Lewis,38,2,0,38.9947249,-80.49988181,54041.0,238.888539636638,5.2631578947368425,36,38,2,0,36,38,16024,0,0,0,0,0
2020-09-27,US,West Virginia,Lincoln,167,2,0,38.172154,-82.07017953,54043.0,818.2664510755059,1.1976047904191616,165,164,2,0,162,164,20599,3,0,0,3,0
2020-09-27,US,West Virginia,Logan,617,41,0,37.8299889,-81.93528571,54045.0,1926.980855117274,6.645056726094003,576,610,41,0,569,606,32607,7,0,0,7,4
2020-09-27,US,West Virginia,Marion,269,3,0,39.50984542,-80.24244659,54049.0,479.74033385647033,1.1152416356877324,266,267,3,0,264,265,56097,2,0,0,2,2
2020-09-27,US,West Virginia,Marshall,173,1,0,39.86064362,-80.66591062,54051.0,566.6371884314303,0.5780346820809249,172,172,1,0,171,170,30785,1,0,0,1,2
2020-09-27,US,West Virginia,Mason,142,6,0,38.77071799,-82.02524219,54053.0,535.525720319807,4.225352112676056,136,141,6,0,135,141,26718,1,0,0,1,0
2020-09-27,US,West Virginia,McDowell,86,1,0,37.38002939,-81.65083669,54047.0,487.9709487063097,1.162790697674419,85,86,1,0,85,86,18223,0,0,0,0,0
2020-09-27,US,West Virginia,Mercer,415,28,0,37.40481169,-81.11023142,54055.0,706.286803499098,6.746987951807228,387,412,28,0,384,409,59131,3,0,0,3,3
2020-09-27,US,West Virginia,Mineral,174,4,0,39.41561583,-78.94104895,54057.0,647.6105404198303,2.2988505747126435,170,172,4,0,168,172,26940,2,0,0,2,0
2020-09-27,US,West Virginia,Mingo,376,9,0,37.73048351,-82.13338365,54059.0,1605.1912568306009,2.3936170212765955,367,376,9,0,367,372,23785,0,0,0,0,4
2020-09-27,US,West Virginia,Monongalia,1999,5,0,39.63218457,-80.04766838,54061.0,1892.7773359087985,0.25012506253126565,1994,1992,5,0,1987,1980,106420,7,0,0,7,12
2020-09-27,US,West Virginia,Monroe,149,7,0,37.56274716,-80.54577965,54063.0,1122.4105461393597,4.697986577181208,142,149,7,0,142,148,13280,0,0,0,0,1
2020-09-27,US,West Virginia,Morgan,55,0,0,39.55439028,-78.26311676,54065.0,307.5374636546634,0.0,55,55,0,0,55,53,17787,0,0,0,0,2
2020-09-27,US,West Virginia,Nicholas,102,3,0,38.29617706,-80.79759588,54067.0,416.39451338994115,2.9411764705882355,99,100,3,0,97,99,24842,2,0,0,2,1
2020-09-27,US,West Virginia,Ohio,373,6,0,40.0955451,-80.62203992,54069.0,900.72686001304,1.6085790884718498,367,368,6,0,362,367,41755,5,0,0,5,1
2020-09-27,US,West Virginia,Pendleton,53,1,0,38.68314479,-79.35084086,54071.0,760.5108336920648,1.8867924528301887,52,53,1,0,52,52,6997,0,0,0,0,1
2020-09-27,US,West Virginia,Pleasants,17,3,0,39.37091679,-81.16771771,54073.0,227.8820375335121,17.647058823529417,14,17,3,0,14,17,7507,0,0,0,0,0
2020-09-27,US,West Virginia,Pocahontas,59,0,0,38.32758728,-80.00993811,54075.0,715.4116648478232,0.0,59,59,0,0,59,59,8414,0,0,0,0,0
2020-09-27,US,West Virginia,Preston,154,4,0,39.46770987,-79.66712803,54077.0,460.6365159128977,2.5974025974025974,150,153,4,0,149,152,33839,1,0,0,1,1
2020-09-27,US,West Virginia,Putnam,559,5,0,38.50782345,-81.9082131,54079.0,990.2568644818424,0.8944543828264758,554,550,5,0,545,538,56682,9,0,0,9,12
2020-09-27,US,West Virginia,Raleigh,520,8,0,37.76936795,-81.2456041,54081.0,708.8234893199384,1.5384615384615383,512,510,8,0,502,501,74254,10,0,0,10,9
2020-09-27,US,West Virginia,Randolph,252,2,0,38.769899,-79.87919615,54083.0,878.2017773131207,0.7936507936507936,250,242,2,0,240,240,28823,10,0,0,10,2
2020-09-27,US,West Virginia,Ritchie,13,0,0,39.18094587,-81.06356878,54085.0,136.068662340381,0.0,13,12,0,0,12,12,9721,1,0,0,1,0
2020-09-27,US,West Virginia,Roane,49,2,0,38.71622686,-81.35243568,54087.0,357.97779076563415,4.081632653061225,47,49,2,0,47,49,13932,0,0,0,0,0
2020-09-27,US,West Virginia,Summers,54,0,0,37.65390597,-80.86009693,54089.0,429.49176807444525,0.0,54,54,0,0,54,49,12760,0,0,0,0,5
2020-09-27,US,West Virginia,Taylor,126,6,0,39.33602617,-80.0421439,54091.0,754.7169811320755,4.761904761904762,120,124,6,0,118,120,16862,2,0,0,2,4
2020-09-27,US,West Virginia,Tucker,26,0,0,39.11240885,-79.57053576,54093.0,380.17253984500655,0.0,26,23,0,0,23,20,6955,3,0,0,3,3
2020-09-27,US,West Virginia,Tyler,16,1,0,39.46811972,-80.88772676,54095.0,186.2414154347573,6.25,15,16,1,0,15,16,8746,0,0,0,0,0
2020-09-27,US,West Virginia,Upshur,77,1,0,38.89285061,-80.23689136,54097.0,318.4976836532098,1.2987012987012987,76,71,1,0,70,64,24415,6,0,0,6,7
2020-09-27,US,West Virginia,Wayne,395,11,0,38.14901357,-82.42287994,54099.0,1002.4871833917059,2.7848101265822787,384,392,11,0,381,389,39944,3,0,0,3,3
2020-09-27,US,West Virginia,Webster,8,0,0,38.49370949,-80.4202023,54101.0,98.59502095144195,0.0,8,8,0,0,8,7,8285,0,0,0,0,1
2020-09-27,US,West Virginia,Wetzel,55,0,0,39.6065771,-80.64016540000001,54103.0,365.08463325589116,0.0,55,54,0,0,54,53,15270,1,0,0,1,1
2020-09-27,US,West Virginia,Wirt,12,0,0,39.02775007,-81.37473928,54105.0,206.15014602302008,0.0,12,12,0,0,12,12,5830,0,0,0,0,0
2020-09-27,US,West Virginia,Wood,364,6,0,39.20967886,-81.5162836,54107.0,435.83419143178713,1.6483516483516485,358,362,6,0,356,356,84203,2,0,0,2,6
2020-09-27,US,West Virginia,Wyoming,115,3,0,37.612327,-81.54511071,54109.0,563.8913405903697,2.608695652173913,112,114,3,0,111,110,20786,1,0,0,1,4
2020-09-27,US,Wisconsin,Adams,251,4,0,43.96974651,-89.76782777,55001.0,1241.345202769535,1.593625498007968,247,227,4,0,223,226,20348,24,0,0,24,1
2020-09-27,US,Wisconsin,Ashland,103,2,0,46.31956891,-90.67837132,55003.0,661.8686544145996,1.9417475728155342,101,99,2,0,97,90,15600,4,0,0,4,9
2020-09-27,US,Wisconsin,Barron,466,4,0,45.42372701,-91.84833627,55005.0,1029.970824860755,0.8583690987124464,462,456,4,0,452,444,45164,10,0,0,10,12
2020-09-27,US,Wisconsin,Bayfield,100,1,0,46.52868768,-91.19716729,55007.0,665.0704974727322,1.0,99,99,1,0,98,96,15042,1,0,0,1,3
2020-09-27,US,Wisconsin,Brown,8897,62,0,44.452655299999996,-88.00411844,55009.0,3363.171065464085,0.6968641114982579,8835,8778,62,0,8716,8499,263378,119,0,0,119,279
2020-09-27,US,Wisconsin,Buffalo,139,2,0,44.37835084,-91.75332578,55011.0,1066.6871306883586,1.4388489208633093,137,138,2,0,136,134,13125,1,0,0,1,4
2020-09-27,US,Wisconsin,Burnett,190,3,0,45.86303537,-92.36711412,55013.0,1232.645646814584,1.5789473684210529,187,186,3,0,183,172,15392,4,0,0,4,14
2020-09-27,US,Wisconsin,Calumet,1144,3,0,44.0816316,-88.21780273,55015.0,2283.9345964183753,0.26223776223776224,1141,1105,3,0,1102,1012,50159,39,0,0,39,93
2020-09-27,US,Wisconsin,Chippewa,546,0,0,45.06939744,-91.28068855,55017.0,844.4430696897522,0.0,546,522,0,0,522,517,64135,24,0,0,24,5
2020-09-27,US,Wisconsin,Clark,397,8,0,44.73483377,-90.61207486,55019.0,1141.657560246161,2.0151133501259446,389,384,8,0,376,373,34709,13,0,0,13,11
2020-09-27,US,Wisconsin,Columbia,622,2,0,43.46492199,-89.33589004,55021.0,1081.1374539386777,0.3215434083601286,620,603,2,0,601,573,57358,19,0,0,19,30
2020-09-27,US,Wisconsin,Crawford,164,0,0,43.23870316,-90.93073686,55023.0,1016.675965532205,0.0,164,160,0,0,160,156,16291,4,0,0,4,4
2020-09-27,US,Wisconsin,Dane,9607,41,0,43.06601594,-89.41733797,55025.0,1757.2869698826585,0.42677214531071095,9566,9488,41,0,9447,9345,542364,119,0,0,119,143
2020-09-27,US,Wisconsin,Dodge,1837,16,0,43.41576662,-88.70928178,55027.0,2091.3261762998213,0.8709853021230267,1821,1806,16,0,1790,1782,87847,31,0,0,31,24
2020-09-27,US,Wisconsin,Door,329,3,0,44.95856458,-87.30002707,55029.0,1189.099320514674,0.9118541033434652,326,314,3,0,311,300,27610,15,0,0,15,14
2020-09-27,US,Wisconsin,Douglas,455,0,0,46.43222285,-91.91595768,55031.0,1054.4611819235226,0.0,455,441,0,0,441,417,43208,14,0,0,14,24
2020-09-27,US,Wisconsin,Dunn,527,0,0,44.94562799,-91.8962481,55033.0,1161.611708693352,0.0,527,498,0,0,498,472,45131,29,0,0,29,26
2020-09-27,US,Wisconsin,Eau Claire,1887,6,0,44.726614,-91.28609183,55035.0,1803.222292299753,0.3179650238473768,1881,1840,6,0,1834,1776,104534,47,0,0,47,64
2020-09-27,US,Wisconsin,Florence,91,2,0,45.84963535,-88.39804137,55037.0,2118.742724097788,2.1978021978021984,89,89,2,0,87,87,4321,2,0,0,2,2
2020-09-27,US,Wisconsin,Fond du Lac,2045,13,0,43.75354908,-88.48885325,55039.0,1977.6989062212895,0.6356968215158925,2032,2013,13,0,2000,1953,103066,32,0,0,32,60
2020-09-27,US,Wisconsin,Forest,272,4,0,45.66678019,-88.77084892,55041.0,3020.8796090626392,1.4705882352941178,268,269,4,0,265,257,8991,3,0,0,3,12
2020-09-27,US,Wisconsin,Grant,1003,19,0,42.8671731,-90.7063218,55043.0,1949.882384960828,1.89431704885344,984,953,19,0,934,926,51554,50,0,0,50,27
2020-09-27,US,Wisconsin,Green,515,3,0,42.6794956,-89.60243287,55045.0,1393.3982683982683,0.5825242718446602,512,485,3,0,482,475,36929,30,0,0,30,10
2020-09-27,US,Wisconsin,Green Lake,277,0,0,43.80025981,-89.04679553,55047.0,1464.6010680484326,0.0,277,261,0,0,261,244,18918,16,0,0,16,17
2020-09-27,US,Wisconsin,Iowa,183,0,0,43.00050278,-90.13469017,55049.0,772.8693301799137,0.0,183,180,0,0,180,177,23771,3,0,0,3,3
2020-09-27,US,Wisconsin,Iron,142,1,0,46.26302338,-90.24295041,55051.0,2496.922806400563,0.7042253521126759,141,140,1,0,139,138,5676,2,0,0,2,2
2020-09-27,US,Wisconsin,Jackson,150,1,0,44.31864893,-90.80566792,55053.0,726.6385699752942,0.6666666666666666,149,145,1,0,144,133,20478,5,0,0,5,12
2020-09-27,US,Wisconsin,Jefferson,1418,8,0,43.02054068,-88.77529134,55055.0,1672.7813233611346,0.5641748942172073,1410,1394,8,0,1386,1331,85129,24,0,0,24,63
2020-09-27,US,Wisconsin,Juneau,379,2,0,43.92456975,-90.11120239,55057.0,1420.167122569041,0.5277044854881267,377,367,2,0,365,364,26617,12,0,0,12,3
2020-09-27,US,Wisconsin,Kenosha,3511,65,0,42.57639354,-88.04051686,55059.0,2070.6412441540215,1.8513244090002847,3446,3476,65,0,3411,3428,169290,35,0,0,35,48
2020-09-27,US,Wisconsin,Kewaunee,536,2,0,44.51727459,-87.61468386,55061.0,2623.079181755897,0.373134328358209,534,516,2,0,514,486,20383,20,0,0,20,30
2020-09-27,US,Wisconsin,La Crosse,3047,2,0,43.90632465,-91.11451093,55063.0,2581.8533080260304,0.06563833278634723,3045,2990,2,0,2988,2946,118230,57,0,0,57,44
2020-09-27,US,Wisconsin,Lafayette,283,0,0,42.66005229,-90.1317729,55065.0,1698.1698169816982,0.0,283,266,0,0,266,260,16665,17,0,0,17,6
2020-09-27,US,Wisconsin,Langlade,186,2,0,45.26271619,-89.07483625,55067.0,969.3053311793216,1.075268817204301,184,169,2,0,167,158,19268,17,0,0,17,11
2020-09-27,US,Wisconsin,Lincoln,211,1,0,45.33737523,-89.73411273,55069.0,764.6866959011344,0.4739336492890995,210,206,1,0,205,186,27689,5,0,0,5,20
2020-09-27,US,Wisconsin,Manitowoc,1070,3,0,44.11946801,-87.80928853,55071.0,1354.7562071890711,0.2803738317757009,1067,1043,3,0,1040,992,79074,27,0,0,27,51
2020-09-27,US,Wisconsin,Marathon,1380,14,0,44.89792533,-89.75863384,55073.0,1017.0091088641924,1.0144927536231885,1366,1312,14,0,1298,1234,135428,68,0,0,68,78
2020-09-27,US,Wisconsin,Marinette,922,8,0,45.38553432,-88.03324599999998,55075.0,2285.0061957868647,0.8676789587852495,914,884,8,0,876,854,40434,38,0,0,38,30
2020-09-27,US,Wisconsin,Marquette,264,1,0,43.81911946,-89.40073763,55077.0,1695.1329138307435,0.3787878787878788,263,251,1,0,250,238,15434,13,0,0,13,13
2020-09-27,US,Wisconsin,Menominee,71,0,0,45.00422544,-88.70950714,55078.0,1558.3845478489905,0.0,71,66,0,0,66,63,4658,5,0,0,5,3
2020-09-27,US,Wisconsin,Milwaukee,28535,528,0,43.00486062,-87.96733172,55079.0,3017.2586986082647,1.8503592079901876,28007,28260,528,0,27732,27937,948201,275,0,0,275,323
2020-09-27,US,Wisconsin,Monroe,527,2,0,43.94641218,-90.61881899999999,55081.0,1139.3855533695112,0.3795066413662239,525,494,2,0,492,475,46051,33,0,0,33,19
2020-09-27,US,Wisconsin,Oconto,878,4,0,45.02715345,-88.26807503,55083.0,2314.7904033746377,0.4555808656036446,874,855,4,0,851,794,37830,23,0,0,23,61
2020-09-27,US,Wisconsin,Oneida,443,2,0,45.70677897,-89.51944105,55085.0,1244.5568197780588,0.4514672686230248,441,435,2,0,433,419,35470,8,0,0,8,16
2020-09-27,US,Wisconsin,Outagamie,4373,29,0,44.41578887,-88.46565023,55087.0,2327.487558879101,0.6631603018522754,4344,4252,29,0,4223,4030,187365,121,0,0,121,222
2020-09-27,US,Wisconsin,Ozaukee,1353,19,0,43.38352225,-87.94625009,55089.0,1516.4591295771177,1.404286770140429,1334,1329,19,0,1310,1304,89147,24,0,0,24,25
2020-09-27,US,Wisconsin,Pepin,67,0,0,44.58307413,-91.99949611,55091.0,919.4455880334843,0.0,67,63,0,0,63,59,7289,4,0,0,4,4
2020-09-27,US,Wisconsin,Pierce,438,7,0,44.71850291,-92.4224416,55093.0,1024.4655470833138,1.5981735159817352,431,434,7,0,427,428,42555,4,0,0,4,6
2020-09-27,US,Wisconsin,Polk,244,2,0,45.46130348,-92.44182875,55095.0,557.2939268665921,0.819672131147541,242,241,2,0,239,236,43598,3,0,0,3,5
2020-09-27,US,Wisconsin,Portage,1415,4,0,44.47558711,-89.50152965,55097.0,1999.3782851975361,0.2826855123674912,1411,1379,4,0,1375,1335,70942,36,0,0,36,44
2020-09-27,US,Wisconsin,Price,107,0,0,45.68051754,-90.36098879999999,55099.0,801.4380945247548,0.0,107,88,0,0,88,73,13397,19,0,0,19,15
2020-09-27,US,Wisconsin,Racine,4857,95,0,42.74753117,-88.05941254,55101.0,2474.1354279688862,1.955939880584723,4762,4805,95,0,4710,4723,196584,52,0,0,52,82
2020-09-27,US,Wisconsin,Richland,134,4,0,43.3762778,-90.43012729,55103.0,776.7215395316485,2.985074626865672,130,123,4,0,119,118,17377,11,0,0,11,5
2020-09-27,US,Wisconsin,Rock,2540,32,0,42.67151616,-89.07147900000002,55105.0,1554.905297697026,1.2598425196850394,2508,2473,32,0,2441,2447,163129,67,0,0,67,26
2020-09-27,US,Wisconsin,Rusk,61,1,0,45.47498854,-91.1333012,55107.0,430.2440400620681,1.639344262295082,60,61,1,0,60,59,14147,0,0,0,0,2
2020-09-27,US,Wisconsin,Sauk,902,3,0,43.42574087,-89.94966132,55111.0,1399.708264796251,0.3325942350332594,899,885,3,0,882,868,64249,17,0,0,17,17
2020-09-27,US,Wisconsin,Sawyer,211,1,0,45.87931905,-91.14504927,55113.0,1274.3084913636912,0.4739336492890995,210,206,1,0,205,202,16489,5,0,0,5,4
2020-09-27,US,Wisconsin,Shawano,864,1,0,44.78902246,-88.76443896,55115.0,2112.521088535172,0.11574074074074076,863,791,1,0,790,732,40796,73,0,0,73,59
2020-09-27,US,Wisconsin,Sheboygan,1578,16,0,43.72099677,-87.94579284,55117.0,1368.1290098838215,1.0139416983523448,1562,1568,16,0,1552,1549,115456,10,0,0,10,19
2020-09-27,US,Wisconsin,St. Croix,914,8,0,45.03437474,-92.45000068,55109.0,1007.8622073726112,0.8752735229759301,906,902,8,0,894,885,89694,12,0,0,12,17
2020-09-27,US,Wisconsin,Taylor,184,4,0,45.21179252,-90.5004405,55119.0,904.4880302806862,2.1739130434782608,180,174,4,0,170,167,20412,10,0,0,10,7
2020-09-27,US,Wisconsin,Trempealeau,630,2,0,44.30360275,-91.35893614,55121.0,2124.860872204796,0.31746031746031744,628,623,2,0,621,610,29442,7,0,0,7,13
2020-09-27,US,Wisconsin,Vernon,228,0,0,43.59422667,-90.8324691,55123.0,739.7313607163715,0.0,228,215,0,0,215,208,30785,13,0,0,13,7
2020-09-27,US,Wisconsin,Vilas,212,1,0,46.05467334,-89.51719204,55125.0,955.1700833521063,0.4716981132075472,211,201,1,0,200,193,21938,11,0,0,11,8
2020-09-27,US,Wisconsin,Walworth,2584,35,0,42.66858202,-88.54163073,55127.0,2487.772942580968,1.3544891640866874,2549,2578,35,0,2543,2549,103718,6,0,0,6,29
2020-09-27,US,Wisconsin,Washburn,102,1,0,45.89838588,-91.79050449,55129.0,648.8549618320611,0.9803921568627452,101,101,1,0,100,98,15878,1,0,0,1,3
2020-09-27,US,Wisconsin,Washington,2604,32,0,43.36863664,-88.22974712,55131.0,1914.2273255215607,1.228878648233487,2572,2534,32,0,2502,2497,135693,70,0,0,70,37
2020-09-27,US,Wisconsin,Waukesha,7362,87,0,43.01833055,-88.30431188,55133.0,1821.3845689488805,1.1817440912795436,7275,7254,87,0,7167,7075,403072,108,0,0,108,179
2020-09-27,US,Wisconsin,Waupaca,1043,20,0,44.47068056,-88.96534501,55135.0,2045.4991174740146,1.917545541706616,1023,1011,20,0,991,987,51128,32,0,0,32,24
2020-09-27,US,Wisconsin,Waushara,348,2,0,44.11324419,-89.24317107,55137.0,1423.7204925745611,0.5747126436781609,346,331,2,0,329,320,24263,17,0,0,17,11
2020-09-27,US,Wisconsin,Winnebago,3681,26,0,44.06886922,-88.64477096,55139.0,2141.274060974829,0.7063298016843249,3655,3568,26,0,3542,3378,171020,113,0,0,113,190
2020-09-27,US,Wisconsin,Wood,826,5,0,44.45537896,-90.04158336,55141.0,1131.5223496212275,0.6053268765133172,821,792,5,0,787,759,73055,34,0,0,34,33
2020-09-27,US,Wyoming,Albany,520,0,0,41.65498705,-105.72354150000001,56001.0,1337.4485596707816,0.0,520,493,0,0,493,480,38601,27,0,0,27,13
2020-09-27,US,Wyoming,Big Horn,58,2,0,44.52405055,-107.9960365,56003.0,491.9423240033928,3.4482758620689653,56,54,2,0,52,54,11881,4,0,0,4,0
2020-09-27,US,Wyoming,Campbell,303,1,0,44.24886082,-105.54744040000001,56005.0,653.8486437495952,0.33003300330033003,302,294,1,0,293,294,46140,9,0,0,9,0
2020-09-27,US,Wyoming,Carbon,228,2,0,41.69357844,-106.9326084,56007.0,1540.5405405405404,0.8771929824561403,226,225,2,0,223,222,14971,3,0,0,3,3
2020-09-27,US,Wyoming,Converse,115,0,0,42.97272268,-105.5081848,56009.0,832.0069454492838,0.0,115,113,0,0,113,113,13640,2,0,0,2,0
2020-09-27,US,Wyoming,Crook,44,0,0,44.58855102,-104.56977049999999,56011.0,580.168776371308,0.0,44,41,0,0,41,40,7450,3,0,0,3,1
2020-09-27,US,Wyoming,Fremont,716,14,0,43.04183996,-108.6296893,56013.0,1823.6927230585056,1.9553072625698324,702,702,14,0,688,699,39531,14,0,0,14,3
2020-09-27,US,Wyoming,Goshen,98,2,0,42.08798185,-104.3534743,56015.0,741.8060706986603,2.0408163265306123,96,86,2,0,84,86,13376,12,0,0,12,0
2020-09-27,US,Wyoming,Hot Springs,38,0,0,43.71930657,-108.44231740000001,56017.0,861.0922275096308,0.0,38,37,0,0,37,37,4555,1,0,0,1,0
2020-09-27,US,Wyoming,Johnson,36,1,0,44.04057166,-106.58451740000001,56019.0,426.2877442273535,2.7777777777777777,35,35,1,0,34,33,8460,1,0,0,1,2
2020-09-27,US,Wyoming,Laramie,695,4,0,41.30702520000001,-104.6887497,56021.0,698.4924623115578,0.5755395683453237,691,680,4,0,676,678,98976,15,0,0,15,2
2020-09-27,US,Wyoming,Lincoln,177,1,0,42.26376367,-110.6563997,56023.0,892.5869894099849,0.5649717514124294,176,170,1,0,169,170,19434,7,0,0,7,0
2020-09-27,US,Wyoming,Natrona,559,4,0,42.96180148,-106.79788500000001,56025.0,699.9924866638282,0.7155635062611807,555,532,4,0,528,528,79115,27,0,0,27,4
2020-09-27,US,Wyoming,Niobrara,4,0,0,43.05607708,-104.47588959999999,56027.0,169.77928692699493,0.0,4,4,0,0,4,4,2388,0,0,0,0,0
2020-09-27,US,Wyoming,Park,236,2,0,44.52157546,-109.58528249999999,56029.0,808.3852846475302,0.8474576271186439,234,230,2,0,228,227,29324,6,0,0,6,3
2020-09-27,US,Wyoming,Platte,28,1,0,42.13299116,-104.96633100000001,56031.0,333.6113427856547,3.571428571428572,27,28,1,0,27,27,8566,0,0,0,0,1
2020-09-27,US,Wyoming,Sheridan,289,4,0,44.79048913,-106.8862389,56033.0,948.0072166639328,1.3840830449826989,285,275,4,0,271,272,30233,14,0,0,14,3
2020-09-27,US,Wyoming,Sublette,97,1,0,42.76558279,-109.91309220000001,56035.0,986.6748041908252,1.0309278350515465,96,98,1,0,97,95,9813,-1,0,0,-1,3
2020-09-27,US,Wyoming,Sweetwater,335,2,0,41.65943896,-108.8827882,56037.0,791.1579245684056,0.5970149253731343,333,332,2,0,330,332,43051,3,0,0,3,0
2020-09-27,US,Wyoming,Teton,554,1,0,43.93522482,-110.5890801,56039.0,2361.063757245141,0.18050541516245489,553,536,1,0,535,532,23081,18,0,0,18,4
2020-09-27,US,Wyoming,Uinta,352,2,0,41.2878183,-110.54757820000002,56041.0,1740.3342232769705,0.5681818181818182,350,350,2,0,348,348,20299,2,0,0,2,2
2020-09-27,US,Wyoming,Washakie,115,6,0,43.90451606,-107.68018700000002,56043.0,1473.414477898783,5.217391304347826,109,114,6,0,108,114,7885,1,0,0,1,0
2020-09-27,US,Wyoming,Weston,36,0,0,43.83961191,-104.56748809999999,56045.0,519.705500216544,0.0,36,36,0,0,36,35,6967,0,0,0,0,1
