Date,Country/Region,Province/State,Admin2,Confirmed,Deaths,Recovered,Latitude,Longitude,FIPS,Incidence_Rate,Case-Fatality_Ratio,Active Cases,Previous Confirmed,Previous Deaths,Previous Recovered,Previous Active,Prev2 Confirmed,Population,Daily Confirmed,Daily Deaths,Daily Recovered,Daily Active,Previous Daily Confirmed
2020-11-01,US,Alabama,Autauga,2173,31,0,32.53952745,-86.64408227,1001.0,3889.455690991426,1.4265991716520938,2142,2159,31,0,2128,2141,55601,14,0,0,14,18
2020-11-01,US,Alabama,Baldwin,6966,71,0,30.72774991,-87.72207058,1003.0,3120.492398111399,1.01923629055412,6895,6940,71,0,6869,6888,218022,26,0,0,26,52
2020-11-01,US,Alabama,Barbour,1061,9,0,31.868263,-85.3871286,1005.0,4297.982662237706,0.8482563619227145,1052,1060,9,0,1051,1056,24881,1,0,0,1,4
2020-11-01,US,Alabama,Bibb,878,15,0,32.99642064,-87.12511459999996,1007.0,3920.693042779316,1.7084282460136675,863,873,15,0,858,866,22400,5,0,0,5,7
2020-11-01,US,Alabama,Blount,2095,25,0,33.98210918,-86.56790593,1009.0,3622.9377788538027,1.1933174224343674,2070,2074,25,0,2049,2039,57840,21,0,0,21,35
2020-11-01,US,Alabama,Bullock,655,17,0,32.10030533,-85.71265535,1011.0,6484.506484506484,2.595419847328244,638,653,17,0,636,651,10138,2,0,0,2,2
2020-11-01,US,Alabama,Butler,1024,41,0,31.75300095,-86.68057478,1013.0,5265.3229123817355,4.00390625,983,1022,41,0,981,1020,19680,2,0,0,2,2
2020-11-01,US,Alabama,Calhoun,4892,65,0,33.77483727,-85.82630386,1015.0,4306.148496985168,1.3286999182338513,4827,4861,65,0,4796,4806,114277,31,0,0,31,55
2020-11-01,US,Alabama,Chambers,1392,47,0,32.91360079,-85.39072749,1017.0,4185.9625909665,3.376436781609196,1345,1389,47,0,1342,1381,33615,3,0,0,3,8
2020-11-01,US,Alabama,Cherokee,787,15,0,34.17805983,-85.60638968,1019.0,3004.2754619025804,1.905972045743329,772,783,15,0,768,769,26032,4,0,0,4,14
2020-11-01,US,Alabama,Chilton,1946,33,0,32.85044126,-86.7173256,1021.0,4380.120644638516,1.6957862281603289,1913,1938,33,0,1905,1926,44153,8,0,0,8,12
2020-11-01,US,Alabama,Choctaw,395,12,0,32.02227341,-88.26564429999998,1023.0,3137.6598617840973,3.0379746835443036,383,395,12,0,383,395,12841,0,0,0,0,0
2020-11-01,US,Alabama,Clarke,1406,17,0,31.68099859,-87.83548597,1025.0,5952.078570823808,1.209103840682788,1389,1394,17,0,1377,1391,23920,12,0,0,12,3
2020-11-01,US,Alabama,Clay,776,12,0,33.26984193,-85.85836077,1027.0,5863.241405364563,1.5463917525773196,764,772,12,0,760,767,13275,4,0,0,4,5
2020-11-01,US,Alabama,Cleburne,590,9,0,33.67679204,-85.52005899,1029.0,3957.0757880617043,1.5254237288135593,581,583,9,0,574,581,14987,7,0,0,7,2
2020-11-01,US,Alabama,Coffee,1878,11,0,31.39932826,-85.98901039,1031.0,3587.94085055978,0.5857294994675186,1867,1865,11,0,1854,1851,51909,13,0,0,13,14
2020-11-01,US,Alabama,Colbert,2307,32,0,34.69847452,-87.80168544,1033.0,4176.2459043102035,1.387082791504118,2275,2151,32,0,2119,2125,54762,156,0,0,156,26
2020-11-01,US,Alabama,Conecuh,577,13,0,31.43401703,-86.99320044,1035.0,4781.63586641253,2.253032928942808,564,577,13,0,564,573,12277,0,0,0,0,4
2020-11-01,US,Alabama,Coosa,223,3,0,32.93690146,-86.24847739,1037.0,2091.343899465441,1.345291479820628,220,222,3,0,219,219,10715,1,0,0,1,3
2020-11-01,US,Alabama,Covington,1892,30,0,31.247785399999998,-86.45050893,1039.0,5106.750519582175,1.5856236786469344,1862,1886,30,0,1856,1787,36986,6,0,0,6,99
2020-11-01,US,Alabama,Crenshaw,621,30,0,31.72941803,-86.31593104,1041.0,4509.1489979668895,4.8309178743961345,591,620,30,0,590,616,13824,1,0,0,1,4
2020-11-01,US,Alabama,Cullman,2831,25,0,34.13020303,-86.86888037,1043.0,3379.572151656957,0.8830801836806782,2806,2781,25,0,2756,2719,83442,50,0,0,50,62
2020-11-01,US,Alabama,Dale,1926,52,0,31.43037123,-85.61095742,1045.0,3916.8632555112654,2.699896157840083,1874,1906,52,0,1854,1862,48956,20,0,0,20,44
2020-11-01,US,Alabama,Dallas,1907,27,0,32.32688101,-87.10866709999998,1047.0,5126.895365093022,1.415836392239119,1880,1906,27,0,1879,1894,38310,1,0,0,1,12
2020-11-01,US,Alabama,DeKalb,3691,30,0,34.45946862,-85.80782906,1049.0,5161.299344175185,0.8127878623679221,3661,3658,30,0,3628,3579,71385,33,0,0,33,79
2020-11-01,US,Alabama,Elmore,3314,59,0,32.59785413,-86.14415284,1051.0,4080.828479602015,1.780325890162945,3255,3309,59,0,3250,3292,81887,5,0,0,5,17
2020-11-01,US,Alabama,Escambia,1768,31,0,31.1256789,-87.15918694,1053.0,4826.249556410887,1.7533936651583708,1737,1766,31,0,1735,1760,36748,2,0,0,2,6
2020-11-01,US,Alabama,Etowah,4530,54,0,34.04567266,-86.04051873,1055.0,4429.538076426645,1.1920529801324504,4476,4512,54,0,4458,4445,102501,18,0,0,18,67
2020-11-01,US,Alabama,Fayette,608,14,0,33.72076938,-87.73886638,1057.0,3729.60372960373,2.3026315789473686,594,608,14,0,594,604,16433,0,0,0,0,4
2020-11-01,US,Alabama,Franklin,2185,32,0,34.44235334,-87.84289505,1059.0,6967.0301638926085,1.4645308924485123,2153,2120,32,0,2088,2107,31363,65,0,0,65,13
2020-11-01,US,Alabama,Geneva,975,7,0,31.09389027,-85.83572839,1061.0,3711.316660956949,0.7179487179487181,968,971,7,0,964,959,26314,4,0,0,4,12
2020-11-01,US,Alabama,Greene,351,17,0,32.85504247,-87.95684022,1063.0,4327.456540500555,4.843304843304844,334,351,17,0,334,346,8233,0,0,0,0,5
2020-11-01,US,Alabama,Hale,796,30,0,32.76039258,-87.63284988,1065.0,5433.0762405296555,3.768844221105528,766,793,30,0,763,783,14726,3,0,0,3,10
2020-11-01,US,Alabama,Henry,747,6,0,31.51148016,-85.24267944,1067.0,4341.761115954664,0.8032128514056225,741,744,6,0,738,736,17209,3,0,0,3,8
2020-11-01,US,Alabama,Houston,4320,35,0,31.15197924,-85.29939599,1069.0,4080.013600045333,0.8101851851851852,4285,4300,35,0,4265,4265,104722,20,0,0,20,35
2020-11-01,US,Alabama,Jackson,2347,19,0,34.78144169,-85.99750489,1071.0,4546.158912176035,0.8095440988495952,2328,2321,19,0,2302,2282,51736,26,0,0,26,39
2020-11-01,US,Alabama,Jefferson,24472,388,0,33.55554728,-86.89506300000002,1073.0,3715.913042289921,1.5854854527623403,24084,24285,384,0,23901,24088,659300,187,4,0,183,197
2020-11-01,US,Alabama,Lamar,534,6,0,33.77995024,-88.09668032,1075.0,3868.163708801159,1.1235955056179776,528,530,6,0,524,525,13844,4,0,0,4,5
2020-11-01,US,Alabama,Lauderdale,2743,43,0,34.90171875,-87.65624729,1077.0,2958.082153371653,1.5676266861100985,2700,2465,43,0,2422,2437,92387,278,0,0,278,28
2020-11-01,US,Alabama,Lawrence,941,33,0,34.52041498,-87.31069453,1079.0,2858.097436520472,3.5069075451647183,908,916,33,0,883,899,32957,25,0,0,25,17
2020-11-01,US,Alabama,Lee,6715,65,0,32.60154883,-85.35132246,1081.0,4081.0249054952533,0.9679821295606852,6650,6702,65,0,6637,6669,163941,13,0,0,13,33
2020-11-01,US,Alabama,Limestone,3108,34,0,34.81185586,-86.98310072,1083.0,3142.0916948895515,1.0939510939510941,3074,3031,34,0,2997,3003,96174,77,0,0,77,28
2020-11-01,US,Alabama,Lowndes,728,29,0,32.1597283,-86.65158371,1085.0,7485.091507300021,3.983516483516484,699,726,29,0,697,723,9974,2,0,0,2,3
2020-11-01,US,Alabama,Macon,565,21,0,32.38759944,-85.69267724,1087.0,3127.075492583573,3.7168141592920354,544,558,21,0,537,550,18439,7,0,0,7,8
2020-11-01,US,Alabama,Madison,9787,101,0,34.76327133,-86.55069633,1089.0,2624.500883593585,1.031981199550424,9686,9680,101,0,9579,9619,366519,107,0,0,107,61
2020-11-01,US,Alabama,Marengo,1066,23,0,32.24767634,-87.78796182,1091.0,5651.274982770503,2.1575984990619137,1043,1061,23,0,1038,1053,19066,5,0,0,5,8
2020-11-01,US,Alabama,Marion,1127,31,0,34.13697363,-87.88704173,1093.0,3793.463260291494,2.750665483584738,1096,1121,31,0,1090,1118,29763,6,0,0,6,3
2020-11-01,US,Alabama,Marshall,4570,52,0,34.36975964,-86.30486727,1095.0,4722.3427780188895,1.1378555798687089,4518,4537,52,0,4485,4500,96109,33,0,0,33,37
2020-11-01,US,Alabama,Mobile,17298,322,0,30.78472347,-88.20842409,1097.0,4186.2491227221035,1.8614868770956177,16976,17261,320,0,16941,17166,413757,37,2,0,35,95
2020-11-01,US,Alabama,Monroe,668,10,0,31.56729412,-87.36995001,1099.0,3221.916751073169,1.497005988023952,658,667,10,0,657,663,21067,1,0,0,1,4
2020-11-01,US,Alabama,Montgomery,10702,210,0,32.2206831,-86.20969272,1101.0,4725.236879983751,1.9622500467202395,10492,10654,210,0,10444,10576,225763,48,0,0,48,78
2020-11-01,US,Alabama,Morgan,4523,36,0,34.45500589,-86.85475946,1103.0,3779.2762305834776,0.7959319036038028,4487,4474,36,0,4438,4428,119089,49,0,0,49,46
2020-11-01,US,Alabama,Perry,606,6,0,32.64048341,-87.29770589,1105.0,6791.437857222906,0.99009900990099,600,604,6,0,598,602,9140,2,0,0,2,2
2020-11-01,US,Alabama,Pickens,929,18,0,33.28094866,-88.08818103,1107.0,4661.3146011038625,1.9375672766415504,911,916,18,0,898,900,19938,13,0,0,13,16
2020-11-01,US,Alabama,Pike,1385,14,0,31.80396383,-85.9408295,1109.0,4182.520988101709,1.0108303249097472,1371,1379,14,0,1365,1370,33338,6,0,0,6,9
2020-11-01,US,Alabama,Randolph,865,16,0,33.29526734,-85.45708831,1111.0,3806.883196901681,1.8497109826589595,849,859,16,0,843,853,22725,6,0,0,6,6
2020-11-01,US,Alabama,Russell,2007,3,0,32.28725256,-85.18415324,1113.0,3462.6731767912897,0.14947683109118087,2004,2004,3,0,2001,1999,57781,3,0,0,3,5
2020-11-01,US,Alabama,Shelby,7788,70,0,33.26879845,-86.66232561,1117.0,3577.367226759515,0.8988186954288649,7718,7716,70,0,7646,7660,215707,72,0,0,72,56
2020-11-01,US,Alabama,St. Clair,3240,43,0,33.71902176,-86.31029372,1115.0,3619.626418804183,1.3271604938271604,3197,3206,43,0,3163,3138,88690,34,0,0,34,68
2020-11-01,US,Alabama,Sumter,488,21,0,32.59117397,-88.19916205,1119.0,3926.9332904160296,4.30327868852459,467,487,21,0,466,487,12691,1,0,0,1,0
2020-11-01,US,Alabama,Talladega,2808,38,0,33.37823223,-86.16886178,1121.0,3510.965515516767,1.3532763532763532,2770,2797,38,0,2759,2777,79828,11,0,0,11,20
2020-11-01,US,Alabama,Tallapoosa,1403,87,0,32.86698258,-85.79833053,1123.0,3475.6112666286817,6.200997861724876,1316,1398,87,0,1311,1385,40497,5,0,0,5,13
2020-11-01,US,Alabama,Tuscaloosa,10792,145,0,33.28726072,-87.52556818,1125.0,5154.880466193786,1.343587842846553,10647,10734,145,0,10589,10641,208911,58,0,0,58,93
2020-11-01,US,Alabama,Walker,2966,95,0,33.80270512,-87.30027177,1127.0,4669.321956518317,3.202966958867161,2871,2949,95,0,2854,2902,63711,17,0,0,17,47
2020-11-01,US,Alabama,Washington,774,12,0,31.4092794,-88.20689944,1129.0,4740.90407938258,1.5503875968992251,762,768,12,0,756,759,16378,6,0,0,6,9
2020-11-01,US,Alabama,Wilcox,576,12,0,31.98773215,-87.30891118,1131.0,5552.877663163983,2.083333333333333,564,573,12,0,561,572,10627,3,0,0,3,1
2020-11-01,US,Alabama,Winston,981,13,0,34.15030532,-87.37325922,1133.0,4151.678022768632,1.3251783893985731,968,964,13,0,951,953,23660,17,0,0,17,11
2020-11-01,US,Alaska,Aleutians East,16,0,0,55.32222414,-161.9722021,2013.0,479.47258016182195,0.0,16,16,0,0,16,16,3515,0,0,0,0,0
2020-11-01,US,Alaska,Aleutians West,100,0,0,52.3233,-174.1596,2016.0,1774.9378771742988,0.0,100,99,0,0,99,99,5723,1,0,0,1,0
2020-11-01,US,Alaska,Anchorage,8558,50,0,61.14998174,-149.14269860000005,2020.0,2971.527777777778,0.5842486562280906,8508,8399,50,0,8349,8149,291538,159,0,0,159,250
2020-11-01,US,Alaska,Bethel,486,1,0,60.90980451,-159.8561831,2050.0,2643.315566191668,0.20576131687242802,485,477,1,0,476,444,18216,9,0,0,9,33
2020-11-01,US,Alaska,Bristol Bay plus Lake and Peninsula,113,0,0,58.62403337,-156.21405890000003,2164.0,2810.945273631841,0.0,113,113,0,0,113,110,,0,0,0,0,3
2020-11-01,US,Alaska,Denali,31,0,0,63.67264044,-150.0076108,2068.0,1478.3023366714353,0.0,31,31,0,0,31,31,2059,0,0,0,0,0
2020-11-01,US,Alaska,Dillingham,61,0,0,59.79603738,-158.23819419999995,2070.0,1240.846216436127,0.0,61,61,0,0,61,60,5000,0,0,0,0,1
2020-11-01,US,Alaska,Fairbanks North Star,2297,16,0,64.80726247,-146.5692662,2090.0,2371.7333168127693,0.696560731388768,2281,2261,15,0,2246,2220,98971,36,1,0,35,41
2020-11-01,US,Alaska,Haines,13,0,0,59.09893571,-135.4679843,2100.0,513.8339920948616,0.0,13,13,0,0,13,13,2474,0,0,0,0,0
2020-11-01,US,Alaska,Juneau,590,3,0,58.45031811,-134.200436,2110.0,1845.249265027835,0.5084745762711864,587,580,3,0,577,568,32113,10,0,0,10,12
2020-11-01,US,Alaska,Kenai Peninsula,1124,4,0,60.24429722,-151.53888840000005,2122.0,1914.5601962253863,0.3558718861209965,1120,1096,4,0,1092,1055,58533,28,0,0,28,41
2020-11-01,US,Alaska,Ketchikan Gateway,90,0,0,55.57445008,-130.975561,2130.0,647.4354362995467,0.0,90,86,0,0,86,85,13918,4,0,0,4,1
2020-11-01,US,Alaska,Kodiak Island,124,0,0,57.65529415,-153.7493579,2150.0,953.9929219879981,0.0,124,120,0,0,120,112,13345,4,0,0,4,8
2020-11-01,US,Alaska,Kusilvak,250,0,0,62.15429159999999,-163.39678830000003,2158.0,3006.976184748617,0.0,250,239,0,0,239,224,8303,11,0,0,11,15
2020-11-01,US,Alaska,Matanuska-Susitna,1520,3,0,62.31305045,-149.5741743,2170.0,1403.2884958039826,0.1973684210526316,1517,1453,3,0,1450,1432,107610,67,0,0,67,21
2020-11-01,US,Alaska,Nome,138,0,0,64.90320724,-164.0353804,2180.0,1379.4482207117153,0.0,138,137,0,0,137,133,10008,1,0,0,1,4
2020-11-01,US,Alaska,North Slope,281,0,0,69.31479216,-153.4836093,2185.0,2858.0146460537017,0.0,281,275,0,0,275,273,9872,6,0,0,6,2
2020-11-01,US,Alaska,Northwest Arctic,258,0,0,67.04919196,-159.7503946,2188.0,3385.382495735468,0.0,258,257,0,0,257,250,7671,1,0,0,1,7
2020-11-01,US,Alaska,Petersburg,20,1,0,57.13978948,-132.9540995,2195.0,612.369871402327,5.0,19,20,1,0,19,19,3221,0,0,0,0,1
2020-11-01,US,Alaska,Prince of Wales-Hyder,35,1,0,55.76261984,-133.0511621,2198.0,564.2431081734644,2.8571428571428568,34,35,1,0,34,35,6422,0,0,0,0,0
2020-11-01,US,Alaska,Sitka,82,0,0,57.24124555,-135.3206587,2220.0,965.5010008242082,0.0,82,82,0,0,82,79,8647,0,0,0,0,3
2020-11-01,US,Alaska,Skagway,8,0,0,59.56149996,-135.33377480000001,2230.0,676.2468300929838,0.0,8,8,0,0,8,8,1148,0,0,0,0,0
2020-11-01,US,Alaska,Southeast Fairbanks,90,1,0,63.87692095,-143.2127643,2240.0,1305.672421296968,1.1111111111111112,89,87,1,0,86,85,6918,3,0,0,3,2
2020-11-01,US,Alaska,Unassigned,68,0,0,0.0,0.0,90002.0,0.0,0.0,68,64,0,0,64,64,,4,0,0,4,0
2020-11-01,US,Alaska,Valdez-Cordova,176,1,0,61.47502768,-144.7126799,2261.0,1912.6276896326885,0.5681818181818182,175,170,1,0,169,169,9164,6,0,0,6,1
2020-11-01,US,Alaska,Wrangell,19,0,0,56.3202004,-132.05837309999998,2275.0,759.3924860111911,0.0,19,19,0,0,19,19,2503,0,0,0,0,0
2020-11-01,US,Alaska,Yakutat,37,0,0,59.890980799999994,-140.36014509999998,2282.0,6390.328151986183,0.0,37,37,0,0,37,38,604,0,0,0,0,-1
2020-11-01,US,Alaska,Yukon-Koyukuk,120,2,0,65.50815459,-151.39073869999999,2290.0,2294.455066921606,1.6666666666666667,118,120,2,0,118,118,5327,0,0,0,0,2
2020-11-01,US,Arizona,Apache,4003,171,0,35.39465006,-109.4892383,4001.0,5568.461613365421,4.2717961528853365,3832,4003,171,0,3832,3992,71818,0,0,0,0,11
2020-11-01,US,Arizona,Cochise,2205,75,0,31.87934684,-109.7516088,4003.0,1751.084004383666,3.4013605442176873,2130,2204,75,0,2129,2193,126770,1,0,0,1,11
2020-11-01,US,Arizona,Coconino,5405,149,0,35.83883429,-111.77071780000001,4005.0,3767.180573754496,2.7567067530064757,5256,5375,149,0,5226,5301,142854,30,0,0,30,74
2020-11-01,US,Arizona,Gila,1989,72,0,33.80190085,-110.8132779,4007.0,3682.105964678441,3.619909502262444,1917,1983,72,0,1911,1965,53889,6,0,0,6,18
2020-11-01,US,Arizona,Graham,1281,29,0,32.93166885,-109.8882178,4009.0,3298.4010093467573,2.263856362217018,1252,1246,29,0,1217,1224,38072,35,0,0,35,22
2020-11-01,US,Arizona,Greenlee,104,1,0,33.21498827,-109.2405279,4011.0,1094.9673615498,0.9615384615384616,103,102,1,0,101,101,9483,2,0,0,2,1
2020-11-01,US,Arizona,La Paz,628,17,0,33.72854224,-113.98100290000001,4012.0,2975.1752889899562,2.707006369426752,611,627,17,0,610,624,21098,1,0,0,1,3
2020-11-01,US,Arizona,Maricopa,159781,3606,0,33.34835867,-112.49181540000001,4013.0,3562.2352808458704,2.2568390484475627,156175,158761,3606,0,155155,157728,4410824,1020,0,0,1020,1033
2020-11-01,US,Arizona,Mohave,4453,234,0,35.70471703,-113.7577902,4015.0,2098.6799006508595,5.254884347630811,4219,4440,234,0,4206,4395,209550,13,0,0,13,45
2020-11-01,US,Arizona,Navajo,6538,241,0,35.3997715,-110.3218983,4017.0,5894.125707691753,3.686142551238911,6297,6494,241,0,6253,6452,110445,44,0,0,44,42
2020-11-01,US,Arizona,Pima,28824,641,0,32.0971334,-111.7890033,4019.0,2752.275181685109,2.223841243408271,28183,28598,641,0,27957,28296,1039073,226,0,0,226,302
2020-11-01,US,Arizona,Pinal,12174,228,0,32.90525627,-111.3449483,4021.0,2630.5724639090386,1.872843765401676,11946,12117,228,0,11889,11958,447138,57,0,0,57,159
2020-11-01,US,Arizona,Santa Cruz,3065,65,0,31.52508998,-110.8479088,4023.0,6591.681362639253,2.1207177814029365,3000,3044,65,0,2979,3037,46511,21,0,0,21,7
2020-11-01,US,Arizona,Unassigned,0,1,0,0.0,0.0,90004.0,0.0,0.0,-1,0,1,0,-1,,,0,0,0,0,
2020-11-01,US,Arizona,Yavapai,3029,91,0,34.59933926,-112.5538588,4025.0,1288.3934002271385,3.004291845493562,2938,3022,91,0,2931,2982,231993,7,0,0,7,40
2020-11-01,US,Arizona,Yuma,13994,358,0,32.76895712,-113.90666740000002,4027.0,6545.76751626619,2.5582392453908818,13636,13930,358,0,13572,13797,212128,64,0,0,64,133
2020-11-01,US,Arkansas,Arkansas,726,17,0,34.29145151,-91.37277296,5001.0,4151.8929429257705,2.3415977961432506,709,709,16,0,693,700,17769,17,1,0,16,9
2020-11-01,US,Arkansas,Ashley,573,11,0,33.19153461,-91.76984709999999,5003.0,2914.9921147682758,1.9197207678883077,562,563,11,0,552,559,20046,10,0,0,10,4
2020-11-01,US,Arkansas,Baxter,776,11,0,36.28784385,-92.33782872,5005.0,1850.6152818849566,1.4175257731958764,765,749,11,0,738,712,41619,27,0,0,27,37
2020-11-01,US,Arkansas,Benton,8619,125,0,36.33644656,-94.25680817,5007.0,3087.686867926961,1.45028425571412,8494,8509,123,0,8386,8441,272608,110,2,0,108,68
2020-11-01,US,Arkansas,Boone,1099,36,0,36.3084504,-93.09374925,5009.0,2935.990596281257,3.275705186533212,1063,1088,35,0,1053,1076,37480,11,1,0,10,12
2020-11-01,US,Arkansas,Bradley,373,8,0,33.46755808,-92.15980837,5011.0,3465.5765121248724,2.1447721179624666,365,373,8,0,365,373,10897,0,0,0,0,0
2020-11-01,US,Arkansas,Calhoun,59,0,0,33.55598792,-92.49974403,5013.0,1137.0206205434574,0.0,59,57,0,0,57,54,5277,2,0,0,2,3
2020-11-01,US,Arkansas,Carroll,1049,19,0,36.34038560000001,-93.54270261,5015.0,3696.264975334743,1.8112488083889415,1030,1039,17,0,1022,1028,28223,10,2,0,8,11
2020-11-01,US,Arkansas,Chicot,1056,23,0,33.26458973,-91.29539209,5017.0,10436.845226329317,2.178030303030303,1033,1055,23,0,1032,1054,10438,1,0,0,1,1
2020-11-01,US,Arkansas,Clark,530,5,0,34.04613432,-93.17484713,5019.0,2374.5519713261647,0.9433962264150944,525,520,5,0,515,511,22061,10,0,0,10,9
2020-11-01,US,Arkansas,Clay,517,13,0,36.36826212,-90.4148172,5021.0,3553.0204109683173,2.514506769825919,504,510,13,0,497,499,14847,7,0,0,7,11
2020-11-01,US,Arkansas,Cleburne,500,16,0,35.53864922,-92.02640019,5023.0,2006.501063445564,3.2,484,475,15,0,460,470,24965,25,1,0,24,5
2020-11-01,US,Arkansas,Cleveland,257,13,0,33.89723187,-92.18537045,5025.0,3230.2664655605827,5.058365758754863,244,254,13,0,241,249,8018,3,0,0,3,5
2020-11-01,US,Arkansas,Columbia,757,21,0,33.21230701,-93.22642793,5027.0,3227.1816515325913,2.7741083223249667,736,745,21,0,724,731,23537,12,0,0,12,14
2020-11-01,US,Arkansas,Conway,361,4,0,35.26205537,-92.70506566,5029.0,1731.7470977645596,1.10803324099723,357,359,3,0,356,353,20891,2,1,0,1,6
2020-11-01,US,Arkansas,Craighead,4938,48,0,35.83018283,-90.63235729,5031.0,4475.5827864989315,0.9720534629404616,4890,4821,48,0,4773,4699,108558,117,0,0,117,122
2020-11-01,US,Arkansas,Crawford,2189,30,0,35.58928601,-94.2446814,5033.0,3460.4865864647386,1.3704888076747372,2159,2148,29,0,2119,2119,63406,41,1,0,40,29
2020-11-01,US,Arkansas,Crittenden,2532,53,0,35.21247318,-90.30839406,5035.0,5279.9499530810135,2.0932069510268563,2479,2513,53,0,2460,2467,48342,19,0,0,19,46
2020-11-01,US,Arkansas,Cross,616,22,0,35.29631396,-90.77185818,5037.0,3751.751020159573,3.571428571428572,594,612,22,0,590,603,16676,4,0,0,4,9
2020-11-01,US,Arkansas,Dallas,188,6,0,33.97042763,-92.65167437,5039.0,2682.2656584391502,3.191489361702128,182,181,6,0,175,181,7182,7,0,0,7,0
2020-11-01,US,Arkansas,Desha,431,7,0,33.83011025,-91.25500948,5041.0,3793.68013379104,1.6241299303944317,424,424,7,0,417,421,11512,7,0,0,7,3
2020-11-01,US,Arkansas,Drew,440,7,0,33.59035001,-91.71777921,5043.0,2415.061199846314,1.5909090909090908,433,440,7,0,433,440,18328,0,0,0,0,0
2020-11-01,US,Arkansas,Faulkner,3543,39,0,35.14719007,-92.33717519,5045.0,2811.748553651781,1.1007620660457242,3504,3500,38,0,3462,3466,124806,43,1,0,42,34
2020-11-01,US,Arkansas,Franklin,575,2,0,35.51202821,-93.89299569,5047.0,3245.8368614168785,0.3478260869565217,573,569,2,0,567,551,17810,6,0,0,6,18
2020-11-01,US,Arkansas,Fulton,348,10,0,36.38177105,-91.81729127,5049.0,2789.132002885309,2.8735632183908044,338,343,10,0,333,336,12269,5,0,0,5,7
2020-11-01,US,Arkansas,Garland,2645,70,0,34.57692074,-93.14921604,5051.0,2661.3406314772706,2.6465028355387523,2575,2620,68,0,2552,2605,99154,25,2,0,23,15
2020-11-01,US,Arkansas,Grant,382,4,0,34.29017991,-92.42320562,5053.0,2091.431699972625,1.0471204188481675,378,379,4,0,375,375,18188,3,0,0,3,4
2020-11-01,US,Arkansas,Greene,1666,20,0,36.11735460000001,-90.55832668,5055.0,3675.6756756756763,1.2004801920768309,1646,1628,20,0,1608,1595,45325,38,0,0,38,33
2020-11-01,US,Arkansas,Hempstead,593,5,0,33.73325583,-93.66935133,5057.0,2754.040497863645,0.8431703204047217,588,584,5,0,579,579,21741,9,0,0,9,5
2020-11-01,US,Arkansas,Hot Spring,2297,37,0,34.31709259,-92.95396325,5059.0,6801.693760919132,1.610796691336526,2260,2275,37,0,2238,2245,33701,22,0,0,22,30
2020-11-01,US,Arkansas,Howard,625,14,0,34.09007427,-93.9934871,5061.0,4734.1311922436,2.24,611,617,14,0,603,612,13341,8,0,0,8,5
2020-11-01,US,Arkansas,Independence,1528,58,0,35.74242707,-91.57001641,5063.0,4039.6563119629873,3.7958115183246073,1470,1493,57,0,1436,1480,37678,35,1,0,34,13
2020-11-01,US,Arkansas,Izard,673,2,0,36.09604046,-91.90847954,5065.0,4937.99985325409,0.2971768202080238,671,621,2,0,619,619,13593,52,0,0,52,2
2020-11-01,US,Arkansas,Jackson,907,6,0,35.59802983,-91.21494602,5067.0,5424.965607990908,0.6615214994487321,901,899,6,0,893,812,16811,8,0,0,8,87
2020-11-01,US,Arkansas,Jefferson,4302,102,0,34.26767081,-91.92619839,5069.0,6437.806776008621,2.370990237099024,4200,4289,102,0,4187,4270,68114,13,0,0,13,19
2020-11-01,US,Arkansas,Johnson,1063,8,0,35.56759135,-93.46036368,5071.0,3999.5484987583723,0.7525870178739417,1055,1055,8,0,1047,1048,26742,8,0,0,8,7
2020-11-01,US,Arkansas,Lafayette,201,3,0,33.24116713,-93.60677071,5073.0,3034.4202898550725,1.492537313432836,198,192,3,0,189,190,6682,9,0,0,9,2
2020-11-01,US,Arkansas,Lawrence,884,21,0,36.04188196,-91.10867198,5075.0,5388.2725832012675,2.3755656108597285,863,873,20,0,853,859,16434,11,1,0,10,14
2020-11-01,US,Arkansas,Lee,1113,18,0,34.78498904,-90.78383866,5077.0,12566.331715027662,1.6172506738544474,1095,1113,18,0,1095,1113,8985,0,0,0,0,0
2020-11-01,US,Arkansas,Lincoln,2337,18,0,33.95317155,-91.74002806,5079.0,17943.79606879607,0.7702182284980744,2319,2335,18,0,2317,2333,13383,2,0,0,2,2
2020-11-01,US,Arkansas,Little River,489,37,0,33.70375665,-94.23468591,5081.0,3988.9061097968843,7.566462167689163,452,478,37,0,441,476,12326,11,0,0,11,2
2020-11-01,US,Arkansas,Logan,617,5,0,35.21413234,-93.71951016,5083.0,2874.3128668592194,0.8103727714748784,612,611,5,0,606,603,21737,6,0,0,6,8
2020-11-01,US,Arkansas,Lonoke,1877,33,0,34.75392199,-91.88742357,5085.0,2560.395040172421,1.7581246670218431,1844,1865,30,0,1835,1840,73657,12,3,0,9,25
2020-11-01,US,Arkansas,Madison,444,6,0,36.01038185,-93.72524943,5087.0,2678.5714285714284,1.351351351351351,438,442,6,0,436,434,16481,2,0,0,2,8
2020-11-01,US,Arkansas,Marion,180,2,0,36.26844485,-92.68451899,5089.0,1078.2317000119804,1.1111111111111112,178,176,2,0,174,169,16722,4,0,0,4,7
2020-11-01,US,Arkansas,Miller,1613,21,0,33.31403423,-93.89285258,5091.0,3728.8762512425733,1.3019218846869187,1592,1583,21,0,1562,1532,43592,30,0,0,30,51
2020-11-01,US,Arkansas,Mississippi,2412,69,0,35.76271485,-90.05194370000002,5093.0,5933.4333718727685,2.8606965174129355,2343,2391,69,0,2322,2351,41239,21,0,0,21,40
2020-11-01,US,Arkansas,Monroe,230,2,0,34.6815935,-91.20540287,5095.0,3432.3235338009254,0.8695652173913043,228,227,2,0,225,220,6900,3,0,0,3,7
2020-11-01,US,Arkansas,Montgomery,188,8,0,34.53704874,-93.65824478,5097.0,2092.1433340752287,4.25531914893617,180,186,8,0,178,186,8924,2,0,0,2,0
2020-11-01,US,Arkansas,Nevada,335,14,0,33.66340119,-93.30632432,5099.0,4059.6219098400393,4.17910447761194,321,331,14,0,317,324,8326,4,0,0,4,7
2020-11-01,US,Arkansas,Newton,324,20,0,35.91947491,-93.21612969,5101.0,4179.027473236167,6.172839506172839,304,322,20,0,302,322,7805,2,0,0,2,0
2020-11-01,US,Arkansas,Ouachita,401,9,0,33.58839816,-92.87795984,5103.0,1714.9944401676505,2.244389027431421,392,395,9,0,386,394,23606,6,0,0,6,1
2020-11-01,US,Arkansas,Perry,152,2,0,34.945915299999996,-92.94372564,5105.0,1453.8498326159731,1.3157894736842106,150,150,1,0,149,145,10352,2,1,0,1,5
2020-11-01,US,Arkansas,Phillips,781,16,0,34.43268455,-90.84800154,5107.0,4392.081880553368,2.0486555697823303,765,777,16,0,761,772,18029,4,0,0,4,5
2020-11-01,US,Arkansas,Pike,276,1,0,34.16250414,-93.65789349,5109.0,2575.107296137339,0.3623188405797101,275,274,1,0,273,270,10673,2,0,0,2,4
2020-11-01,US,Arkansas,Poinsett,1203,23,0,35.57433534,-90.66268713,5111.0,5113.056783407003,1.9118869492934327,1180,1166,21,0,1145,1149,23974,37,2,0,35,17
2020-11-01,US,Arkansas,Polk,374,5,0,34.48254879,-94.22728802,5113.0,1873.372069725506,1.3368983957219251,369,370,5,0,365,365,20049,4,0,0,4,5
2020-11-01,US,Arkansas,Pope,2835,37,0,35.44871474,-93.03212219,5115.0,4424.709701585716,1.3051146384479717,2798,2811,37,0,2774,2800,64000,24,0,0,24,11
2020-11-01,US,Arkansas,Prairie,248,4,0,34.83624419,-91.55162157,5117.0,3076.159761845696,1.6129032258064515,244,240,4,0,236,239,8074,8,0,0,8,1
2020-11-01,US,Arkansas,Pulaski,12467,220,0,34.77054088,-92.31355101,5119.0,3181.0793777158588,1.7646586989652684,12247,12350,216,0,12134,12243,392680,117,4,0,113,107
2020-11-01,US,Arkansas,Randolph,693,26,0,36.3415714,-91.02455531,5121.0,3859.0043434680933,3.7518037518037524,667,686,25,0,661,674,17948,7,1,0,6,12
2020-11-01,US,Arkansas,Saline,3056,34,0,34.64916145,-92.67583224,5125.0,2495.9775231343465,1.112565445026178,3022,3014,33,0,2981,2965,121421,42,1,0,41,49
2020-11-01,US,Arkansas,Scott,233,2,0,34.85588887,-94.0632176,5127.0,2266.316506176442,0.8583690987124464,231,232,1,0,231,228,10319,1,1,0,0,4
2020-11-01,US,Arkansas,Searcy,212,1,0,35.9109364,-92.69936482,5129.0,2690.013957619592,0.4716981132075472,211,208,1,0,207,205,7958,4,0,0,4,3
2020-11-01,US,Arkansas,Sebastian,5104,99,0,35.19605503,-94.27162713,5131.0,3992.8966493776734,1.9396551724137927,5005,5045,96,0,4949,4972,127753,59,3,0,56,73
2020-11-01,US,Arkansas,Sevier,1409,16,0,33.99780401,-94.2424869,5133.0,8284.823896042806,1.13555713271824,1393,1394,16,0,1378,1379,17139,15,0,0,15,15
2020-11-01,US,Arkansas,Sharp,384,10,0,36.16258158,-91.47819342,5135.0,2201.5823873409013,2.6041666666666665,374,379,10,0,369,377,17366,5,0,0,5,2
2020-11-01,US,Arkansas,St. Francis,1794,10,0,35.02201976,-90.74828138,5123.0,7177.722653436825,0.5574136008918618,1784,1785,10,0,1775,1779,25439,9,0,0,9,6
2020-11-01,US,Arkansas,Stone,409,21,0,35.86251946,-92.15684085,5137.0,3270.4301935071167,5.134474327628362,388,408,21,0,387,405,12457,1,0,0,1,3
2020-11-01,US,Arkansas,Unassigned,1640,0,0,0.0,0.0,90005.0,0.0,0.0,1640,2111,0,0,2111,2115,,-471,0,0,-471,-4
2020-11-01,US,Arkansas,Union,1187,52,0,33.16887091,-92.59746952,5139.0,3068.6107233338507,4.380791912384161,1135,1161,50,0,1111,1150,39126,26,2,0,24,11
2020-11-01,US,Arkansas,Van Buren,215,3,0,35.58095779,-92.51295036,5141.0,1299.4862496222424,1.3953488372093024,212,215,3,0,212,213,16603,0,0,0,0,2
2020-11-01,US,Arkansas,Washington,11881,154,0,35.976844,-94.21800746,5143.0,4967.2432030168875,1.2961871896305024,11727,11804,153,0,11651,11717,236961,77,1,0,76,87
2020-11-01,US,Arkansas,White,1622,33,0,35.25688493,-91.74908296,5145.0,2059.604078574785,2.034525277435265,1589,1580,33,0,1547,1551,78727,42,0,0,42,29
2020-11-01,US,Arkansas,Woodruff,136,0,0,35.18902527,-91.2439489,5147.0,2151.8987341772154,0.0,136,131,0,0,131,128,6490,5,0,0,5,3
2020-11-01,US,Arkansas,Yell,1368,31,0,35.00292371,-93.41171338,5149.0,6410.19633569186,2.2660818713450293,1337,1363,31,0,1332,1354,21535,5,0,0,5,9
2020-11-01,US,California,Alameda,23994,464,0,37.64629437,-121.8929271,6001.0,1435.6239854630655,1.9338167875302157,23530,23876,464,0,23412,23775,1666753,118,0,0,118,101
2020-11-01,US,California,Alpine,8,0,0,38.59678594,-119.82235940000001,6003.0,708.5916740478299,0.0,8,8,0,0,8,8,1101,0,0,0,0,0
2020-11-01,US,California,Amador,347,16,0,38.44583082,-120.65696000000001,6005.0,872.9120547393843,4.610951008645533,331,344,16,0,328,338,39383,3,0,0,3,6
2020-11-01,US,California,Butte,3172,53,0,39.66727762,-121.6005252,6007.0,1447.1727208854581,1.6708701134930644,3119,3160,53,0,3107,3143,231256,12,0,0,12,17
2020-11-01,US,California,Calaveras,354,21,0,38.20537103,-120.55291299999999,6009.0,771.1578259448863,5.932203389830509,333,354,21,0,333,347,45602,0,0,0,0,7
2020-11-01,US,California,Colusa,557,6,0,39.17881957,-122.2331726,6011.0,2585.046642223976,1.0771992818671454,551,557,6,0,551,555,21627,0,0,0,0,2
2020-11-01,US,California,Contra Costa,19195,246,0,37.91923498,-121.9289527,6013.0,1664.0283790742471,1.2815837457671269,18949,19086,246,0,18840,18981,1150215,109,0,0,109,105
2020-11-01,US,California,Del Norte,181,1,0,41.74228275,-123.89740630000001,6015.0,650.7982165971523,0.5524861878453039,180,181,1,0,180,181,27828,0,0,0,0,0
2020-11-01,US,California,El Dorado,1390,4,0,38.77965956,-120.5233166,6017.0,720.7935989379962,0.28776978417266186,1386,1388,4,0,1384,1380,190678,2,0,0,2,8
2020-11-01,US,California,Fresno,31558,443,0,36.75733899,-119.6466953,6019.0,3158.6396170156972,1.4037644971164205,31115,31409,443,0,30966,31321,994400,149,0,0,149,88
2020-11-01,US,California,Glenn,685,3,0,39.59875897,-122.3938452,6021.0,2412.5664776529425,0.4379562043795621,682,685,3,0,682,682,28047,0,0,0,0,3
2020-11-01,US,California,Humboldt,571,10,0,40.69923009,-123.876044,6023.0,421.2219123917437,1.7513134851138354,561,571,10,0,561,571,136373,0,0,0,0,0
2020-11-01,US,California,Imperial,13038,338,0,33.0393082,-115.36690420000001,6025.0,7194.76864497972,2.5924221506366005,12700,13038,338,0,12700,13038,181827,0,0,0,0,0
2020-11-01,US,California,Inyo,241,15,0,36.51112084,-117.41119779999998,6027.0,1335.994234713676,6.224066390041495,226,241,15,0,226,241,17987,0,0,0,0,0
2020-11-01,US,California,Kern,34378,424,0,35.34329425,-118.72777959999999,6029.0,3818.920642255849,1.2333469079062191,33954,34308,423,0,33885,34154,896764,70,1,0,69,154
2020-11-01,US,California,Kings,8612,83,0,36.07409056,-119.8159973,6031.0,5630.9663920491685,0.9637714816535068,8529,8564,83,0,8481,8502,151366,48,0,0,48,62
2020-11-01,US,California,Lake,727,18,0,39.10124298,-122.75362439999999,6033.0,1129.1274500667846,2.4759284731774414,709,720,17,0,703,704,64382,7,1,0,6,16
2020-11-01,US,California,Lassen,782,1,0,40.67311306,-120.59350990000002,6035.0,2557.8124488928147,0.1278772378516624,781,777,1,0,776,772,30802,5,0,0,5,5
2020-11-01,US,California,Los Angeles,309190,7074,0,34.30828379,-118.22824109999999,6037.0,3079.8556086711696,2.2879135806462045,302116,307618,7071,0,300547,306327,10105518,1572,3,0,1569,1291
2020-11-01,US,California,Madera,5094,76,0,37.21513971,-119.76655890000002,6039.0,3237.842201275051,1.49195131527287,5018,5094,76,0,5018,5094,157672,0,0,0,0,0
2020-11-01,US,California,Marin,7133,127,0,38.07122463,-122.72106310000001,6041.0,2755.905511811024,1.7804570307023693,7006,7131,127,0,7004,7121,259666,2,0,0,2,10
2020-11-01,US,California,Mariposa,81,2,0,37.57978556,-119.9073334,6043.0,470.8481078881591,2.469135802469136,79,81,2,0,79,81,17471,0,0,0,0,0
2020-11-01,US,California,Mendocino,1165,21,0,39.4381191,-123.39113130000001,6045.0,1342.9549620168532,1.8025751072961371,1144,1165,21,0,1144,1156,87606,0,0,0,0,9
2020-11-01,US,California,Merced,9674,156,0,37.18922369,-120.72090349999999,6047.0,3483.8663209449733,1.6125697746537109,9518,9674,156,0,9518,9623,274765,0,0,0,0,51
2020-11-01,US,California,Modoc,51,0,0,41.58965602,-120.7244817,6049.0,576.8578215134035,0.0,51,50,0,0,50,48,8777,1,0,0,1,2
2020-11-01,US,California,Mono,194,2,0,37.93899289,-118.8872409,6051.0,1343.1182497923014,1.0309278350515465,192,193,2,0,191,182,14250,1,0,0,1,11
2020-11-01,US,California,Monterey,11752,96,0,36.21862405,-121.24133970000001,6053.0,2707.453560674652,0.8168822328114363,11656,11705,95,0,11610,11616,435594,47,1,0,46,89
2020-11-01,US,California,Napa,2040,16,0,38.50735751,-122.33283899999999,6055.0,1481.0082471831806,0.7843137254901961,2024,2028,16,0,2012,2009,139417,12,0,0,12,19
2020-11-01,US,California,Nevada,644,9,0,39.30394768,-120.76272809999999,6057.0,645.5816751040047,1.3975155279503106,635,642,9,0,633,635,99696,2,0,0,2,7
2020-11-01,US,California,Orange,60115,1484,0,33.70147516,-117.76459979999998,6059.0,1892.973248035389,2.4686018464609503,58631,59882,1483,0,58399,59718,3185968,233,1,0,232,164
2020-11-01,US,California,Placer,4374,59,0,39.06167234,-120.72405690000001,6061.0,1098.0872595266726,1.3488797439414724,4315,4353,59,0,4294,4353,393149,21,0,0,21,0
2020-11-01,US,California,Plumas,85,0,0,40.00355989,-120.8395236,6063.0,451.95937682777685,0.0,85,85,0,0,85,79,18804,0,0,0,0,6
2020-11-01,US,California,Riverside,68178,1319,0,33.74314981,-115.9933578,6065.0,2759.63289086704,1.934641673267036,66859,68050,1319,0,66731,68050,2450758,128,0,0,128,0
2020-11-01,US,California,Sacramento,26316,500,0,38.45106826,-121.34253740000001,6067.0,1695.5551918807157,1.899984800121599,25816,26185,500,0,25685,26018,1540975,131,0,0,131,167
2020-11-01,US,California,San Benito,1473,15,0,36.60308176,-121.069975,6069.0,2345.24264424914,1.0183299389002036,1458,1464,15,0,1449,1461,61537,9,0,0,9,3
2020-11-01,US,California,San Bernardino,65207,1078,0,34.84060306,-116.1774685,6071.0,2991.0301662549846,1.6531967426810006,64129,64952,1078,0,63874,64367,2171603,255,0,0,255,585
2020-11-01,US,California,San Diego,57102,891,0,33.03484597,-116.73653259999999,6073.0,1710.4959665461474,1.560365661447935,56211,56750,891,0,55859,56369,3343364,352,0,0,352,381
2020-11-01,US,California,San Francisco,12454,148,0,37.75215114,-122.43856720000001,6075.0,1412.7405283200367,1.1883732134254057,12306,12399,148,0,12251,12320,883305,55,0,0,55,79
2020-11-01,US,California,San Joaquin,22106,494,0,37.93433732,-121.2730061,6077.0,2900.486519678593,2.2346874151813987,21612,22106,494,0,21612,21994,752660,0,0,0,0,112
2020-11-01,US,California,San Luis Obispo,4298,32,0,35.38822029,-120.4039028,6079.0,1518.132463945237,0.7445323406235458,4266,4298,32,0,4266,4265,284010,0,0,0,0,33
2020-11-01,US,California,San Mateo,11371,161,0,37.422880799999994,-122.32755459999998,6081.0,1483.355140345407,1.4158825081347286,11210,11371,161,0,11210,11341,769545,0,0,0,0,30
2020-11-01,US,California,Santa Barbara,9957,128,0,34.65329488,-120.0188492,6083.0,2230.0161926454484,1.2855277694084564,9829,9944,128,0,9816,9919,446527,13,0,0,13,25
2020-11-01,US,California,Santa Clara,25139,406,0,37.23104908,-121.6970462,6085.0,1303.9901403219749,1.6150204860972992,24733,24986,406,0,24580,24867,1937570,153,0,0,153,119
2020-11-01,US,California,Santa Cruz,2895,26,0,37.05580291,-122.0066524,6087.0,1059.6128295505703,0.8981001727115717,2869,2884,26,0,2858,2861,274255,11,0,0,11,23
2020-11-01,US,California,Shasta,2122,31,0,40.76391419,-122.0396884,6089.0,1178.3651710350955,1.4608859566446748,2091,2048,31,0,2017,2046,180040,74,0,0,74,2
2020-11-01,US,California,Sierra,6,0,0,39.57713498,-120.52007009999998,6091.0,199.6672212978369,0.0,6,6,0,0,6,6,2987,0,0,0,0,0
2020-11-01,US,California,Siskiyou,241,0,0,41.59198861,-122.54074340000001,6093.0,553.5267231677346,0.0,241,241,0,0,241,221,43724,0,0,0,0,20
2020-11-01,US,California,Solano,7634,76,0,38.26827353,-121.9357113,6095.0,1705.3768293037085,0.9955462405030128,7558,7634,76,0,7558,7634,446610,0,0,0,0,0
2020-11-01,US,California,Sonoma,9686,136,0,38.52746429,-122.88625060000001,6097.0,1959.3960383221126,1.4040883749741897,9550,9686,136,0,9550,9646,499942,0,0,0,0,40
2020-11-01,US,California,Stanislaus,17979,401,0,37.55862499,-120.9970722,6099.0,3264.991101587186,2.2303798876466994,17578,17928,401,0,17527,17872,549815,51,0,0,51,56
2020-11-01,US,California,Sutter,1912,12,0,39.03417539,-121.6945899,6101.0,1971.7235049654016,0.6276150627615062,1900,1912,12,0,1900,1897,96807,0,0,0,0,15
2020-11-01,US,California,Tehama,953,14,0,40.12570935,-122.23701709999999,6103.0,1464.261569663819,1.4690451206715636,939,932,9,0,923,925,63916,21,5,0,16,7
2020-11-01,US,California,Trinity,33,0,0,40.64917670000001,-123.114713,6105.0,268.62026862026863,0.0,33,33,0,0,33,28,12535,0,0,0,0,5
2020-11-01,US,California,Tulare,17852,293,0,36.22026558,-118.8020203,6107.0,3829.298898529585,1.6412726865337215,17559,17852,293,0,17559,17800,465861,0,0,0,0,52
2020-11-01,US,California,Tuolumne,291,6,0,38.02644018,-119.95250929999999,6109.0,534.1605785821798,2.061855670103093,285,291,6,0,285,288,54539,0,0,0,0,3
2020-11-01,US,California,Ventura,14635,166,0,34.44465746,-119.09106129999999,6111.0,1729.8931686063693,1.1342671677485479,14469,14578,166,0,14412,14486,850967,57,0,0,57,92
2020-11-01,US,California,Yolo,3303,60,0,38.68278902,-121.90182879999999,6113.0,1497.9591836734696,1.8165304268846505,3243,3292,60,0,3232,3266,220408,11,0,0,11,26
2020-11-01,US,California,Yuba,1353,10,0,39.26255932,-121.35356440000001,6115.0,1719.8861036253622,0.7390983000739099,1343,1353,10,0,1343,1346,78041,0,0,0,0,7
2020-11-01,US,Colorado,Adams,15538,263,0,39.87432092,-104.3362578,8001.0,3002.970501777083,1.6926245334019825,15275,15216,263,0,14953,14830,511868,322,0,0,322,386
2020-11-01,US,Colorado,Alamosa,360,9,0,37.57250606,-105.7885451,8003.0,2217.704675660691,2.5,351,356,9,0,347,339,16683,4,0,0,4,17
2020-11-01,US,Colorado,Arapahoe,13956,387,0,39.64977461,-104.3353617,8005.0,2125.5273458322545,2.773000859845228,13569,13645,386,0,13259,13313,651215,311,1,0,310,332
2020-11-01,US,Colorado,Archuleta,68,0,0,37.19474156,-107.04768670000001,8007.0,484.7102430679306,0.0,68,68,0,0,68,68,13765,0,0,0,0,0
2020-11-01,US,Colorado,Baca,37,0,0,37.31940883,-102.5603223,8009.0,1033.2309410779112,0.0,37,36,0,0,36,33,3585,1,0,0,1,3
2020-11-01,US,Colorado,Bent,18,0,0,37.95474293,-103.0720195,8011.0,322.75416890801506,0.0,18,18,0,0,18,18,5882,0,0,0,0,0
2020-11-01,US,Colorado,Boulder,5988,88,0,40.09313619,-105.3546767,8013.0,1835.7061398668286,1.4696058784235138,5900,5870,88,0,5782,5756,326078,118,0,0,118,114
2020-11-01,US,Colorado,Broomfield,1091,42,0,39.95998787,-105.0566324,8014.0,1548.2863833108636,3.84967919340055,1049,1071,42,0,1029,1041,69267,20,0,0,20,30
2020-11-01,US,Colorado,Chaffee,433,20,0,38.74745778,-106.19265729999998,8015.0,2127.1369620750643,4.618937644341801,413,431,20,0,411,422,20027,2,0,0,2,9
2020-11-01,US,Colorado,Cheyenne,15,0,0,38.82777431,-102.6032558,8017.0,819.2244675040961,0.0,15,15,0,0,15,15,1876,0,0,0,0,0
2020-11-01,US,Colorado,Clear Creek,93,1,0,39.68864463,-105.6463118,8019.0,958.7628865979382,1.075268817204301,92,89,1,0,88,86,9605,4,0,0,4,3
2020-11-01,US,Colorado,Conejos,82,0,0,37.201606,-106.19174879999998,8021.0,999.3906154783667,0.0,82,81,0,0,81,74,8200,1,0,0,1,7
2020-11-01,US,Colorado,Costilla,42,1,0,37.27732493,-105.4276548,8023.0,1080.5248263442245,2.380952380952381,41,38,1,0,37,38,3828,4,0,0,4,0
2020-11-01,US,Colorado,Crowley,99,1,0,38.32608609,-103.7844965,8025.0,1633.3938294010889,1.0101010101010102,98,96,1,0,95,96,5858,3,0,0,3,0
2020-11-01,US,Colorado,Custer,24,0,0,38.10883162,-105.3683478,8027.0,473.559589581689,0.0,24,24,0,0,24,22,4954,0,0,0,0,2
2020-11-01,US,Colorado,Delta,217,3,0,38.86246243,-107.86313419999999,8029.0,696.3609524420767,1.3824884792626728,214,215,3,0,212,214,30953,2,0,0,2,1
2020-11-01,US,Colorado,Denver,19878,452,0,39.76018276,-104.87256950000001,8031.0,2733.4570021630584,2.273870610725425,19426,19441,452,0,18989,18937,716492,437,0,0,437,504
2020-11-01,US,Colorado,Dolores,3,0,0,37.75208676,-108.5211585,8033.0,145.98540145985402,0.0,3,3,0,0,3,3,2074,0,0,0,0,0
2020-11-01,US,Colorado,Douglas,4458,65,0,39.33133796,-104.930001,8035.0,1269.528468990813,1.4580529385374608,4393,4332,65,0,4267,4211,342776,126,0,0,126,121
2020-11-01,US,Colorado,Eagle,1521,10,0,39.62754308,-106.6933637,8037.0,2759.083570664103,0.6574621959237343,1511,1510,10,0,1500,1492,54993,11,0,0,11,18
2020-11-01,US,Colorado,El Paso,11214,204,0,38.83240149,-104.5251411,8041.0,1556.6287203134912,1.819154628143392,11010,10904,204,0,10700,10612,713856,310,0,0,310,292
2020-11-01,US,Colorado,Elbert,246,3,0,39.28656773,-104.13587209999999,8039.0,920.348684948932,1.2195121951219512,243,242,3,0,239,232,26282,4,0,0,4,10
2020-11-01,US,Colorado,Fremont,839,2,0,38.47362326,-105.43996670000001,8043.0,1753.7992014883255,0.2383790226460072,837,809,2,0,807,754,48021,30,0,0,30,55
2020-11-01,US,Colorado,Garfield,1239,5,0,39.59921777,-107.902708,8045.0,2062.9027155725007,0.4035512510088781,1234,1230,5,0,1225,1219,59770,9,0,0,9,11
2020-11-01,US,Colorado,Gilpin,30,0,0,39.85646523,-105.5252597,8047.0,480.53820278712163,0.0,30,30,0,0,30,30,6121,0,0,0,0,0
2020-11-01,US,Colorado,Grand,159,1,0,40.10603347,-106.11780420000001,8049.0,1010.5504004067624,0.6289308176100629,158,158,1,0,157,154,15525,1,0,0,1,4
2020-11-01,US,Colorado,Gunnison,322,7,0,38.66611652,-107.0320729,8051.0,1844.0041232390329,2.1739130434782608,315,319,7,0,312,313,17246,3,0,0,3,6
2020-11-01,US,Colorado,Hinsdale,4,0,0,37.82247444,-107.3004345,8053.0,487.8048780487805,0.0,4,4,0,0,4,3,811,0,0,0,0,1
2020-11-01,US,Colorado,Huerfano,38,2,0,37.68473101,-104.9612585,8055.0,550.9641873278238,5.2631578947368425,36,35,2,0,33,34,6889,3,0,0,3,1
2020-11-01,US,Colorado,Jackson,9,0,0,40.66593870000001,-106.3408905,8057.0,646.5517241379309,0.0,9,9,0,0,9,9,1399,0,0,0,0,0
2020-11-01,US,Colorado,Jefferson,9533,319,0,39.58635604,-105.2517692,8059.0,1635.4967823620943,3.3462708486310713,9214,9303,318,0,8985,9007,580233,230,1,0,229,296
2020-11-01,US,Colorado,Kiowa,6,0,0,38.43260896,-102.7392145,8061.0,426.7425320056898,0.0,6,6,0,0,6,5,1383,0,0,0,0,1
2020-11-01,US,Colorado,Kit Carson,139,3,0,39.30497777,-102.60221990000001,8063.0,1958.5740453712835,2.1582733812949644,136,139,3,0,136,137,7163,0,0,0,0,2
2020-11-01,US,Colorado,La Plata,395,2,0,37.28632032,-107.8429014,8067.0,702.5844435353337,0.5063291139240507,393,392,2,0,390,386,56310,3,0,0,3,6
2020-11-01,US,Colorado,Lake,143,0,0,39.20278823,-106.35556969999999,8065.0,1759.566875845945,0.0,143,143,0,0,143,135,7824,0,0,0,0,8
2020-11-01,US,Colorado,Larimer,4555,57,0,40.66671597,-105.4625784,8069.0,1276.2714381379606,1.251372118551043,4498,4440,57,0,4383,4274,350518,115,0,0,115,166
2020-11-01,US,Colorado,Las Animas,85,1,0,37.3153406,-104.03764579999999,8071.0,585.9644285123397,1.1764705882352942,84,85,1,0,84,82,14503,0,0,0,0,3
2020-11-01,US,Colorado,Lincoln,25,0,0,38.98749519,-103.51366490000001,8073.0,438.5195579722856,0.0,25,25,0,0,25,25,5610,0,0,0,0,0
2020-11-01,US,Colorado,Logan,1321,13,0,40.7249637,-103.110817,8075.0,5894.952920701504,0.9841029523088568,1308,1306,13,0,1293,1271,21528,15,0,0,15,35
2020-11-01,US,Colorado,Mesa,1757,16,0,39.01787888,-108.469799,8077.0,1139.3554244212435,0.9106431417188391,1741,1639,15,0,1624,1550,153207,118,1,0,117,89
2020-11-01,US,Colorado,Mineral,21,0,0,37.66954283,-106.92816979999999,8079.0,2730.8192457737327,0.0,21,21,0,0,21,21,776,0,0,0,0,0
2020-11-01,US,Colorado,Moffat,77,1,0,40.61810999,-108.2070876,8081.0,579.688323420914,1.2987012987012987,76,77,1,0,76,72,13188,0,0,0,0,5
2020-11-01,US,Colorado,Montezuma,229,5,0,37.33859579,-108.59588570000001,8083.0,874.6132987052667,2.183406113537118,224,224,5,0,219,219,26158,5,0,0,5,5
2020-11-01,US,Colorado,Montrose,493,13,0,38.40214114,-108.26390220000002,8085.0,1153.000608073343,2.636916835699797,480,492,13,0,479,484,42214,1,0,0,1,8
2020-11-01,US,Colorado,Morgan,913,48,0,40.26279810000001,-103.8093302,8087.0,3140.910967386817,5.257393209200438,865,902,48,0,854,892,28558,11,0,0,11,10
2020-11-01,US,Colorado,Otero,182,7,0,37.9014485,-103.7173385,8089.0,995.7325746799432,3.8461538461538463,175,176,7,0,169,168,18432,6,0,0,6,8
2020-11-01,US,Colorado,Ouray,40,2,0,38.14717457,-107.7675136,8091.0,807.7544426494346,5.0,38,40,2,0,38,40,4833,0,0,0,0,0
2020-11-01,US,Colorado,Park,109,1,0,39.120926000000004,-105.7182065,8093.0,578.4027593526132,0.9174311926605504,108,108,1,0,107,106,18556,1,0,0,1,2
2020-11-01,US,Colorado,Phillips,61,0,0,40.59414277,-102.3577703,8095.0,1430.2461899179364,0.0,61,60,0,0,60,58,4286,1,0,0,1,2
2020-11-01,US,Colorado,Pitkin,298,2,0,39.21720112,-106.9310027,8097.0,1677.266843023583,0.6711409395973155,296,298,2,0,296,293,17950,0,0,0,0,5
2020-11-01,US,Colorado,Prowers,202,4,0,37.95544985,-102.3926052,8099.0,1659.5465001643115,1.98019801980198,198,198,4,0,194,197,12164,4,0,0,4,1
2020-11-01,US,Colorado,Pueblo,2436,45,0,38.17359144,-104.5127437,8101.0,1446.3496888804445,1.8472906403940887,2391,2331,45,0,2286,2227,167529,105,0,0,105,104
2020-11-01,US,Colorado,Rio Blanco,31,0,0,39.97913541,-108.2179009,8103.0,490.19607843137254,0.0,31,31,0,0,31,30,6336,0,0,0,0,1
2020-11-01,US,Colorado,Rio Grande,132,3,0,37.5836865,-106.3847838,8105.0,1171.5629715097184,2.272727272727273,129,131,3,0,128,127,11250,1,0,0,1,4
2020-11-01,US,Colorado,Routt,230,9,0,40.48596505,-106.9905548,8107.0,897.105858491302,3.9130434782608696,221,230,9,0,221,221,25733,0,0,0,0,9
2020-11-01,US,Colorado,Saguache,147,2,0,38.08054629,-106.28246599999999,8109.0,2154.1617819460726,1.3605442176870748,145,146,2,0,144,142,6843,1,0,0,1,4
2020-11-01,US,Colorado,San Juan,10,0,0,37.76248981,-107.67632890000002,8111.0,1373.6263736263734,0.0,10,10,0,0,10,7,762,0,0,0,0,3
2020-11-01,US,Colorado,San Miguel,110,0,0,38.00450883,-108.4020725,8113.0,1344.9076904267026,0.0,110,109,0,0,109,104,8191,1,0,0,1,5
2020-11-01,US,Colorado,Sedgwick,46,1,0,40.87595412,-102.3519227,8115.0,2046.2633451957295,2.1739130434782608,45,46,1,0,45,43,2303,0,0,0,0,3
2020-11-01,US,Colorado,Summit,778,4,0,39.63803232,-106.1150762,8117.0,2508.787204540324,0.5141388174807198,774,753,4,0,749,751,31007,25,0,0,25,2
2020-11-01,US,Colorado,Teller,263,4,0,38.88133511,-105.16148929999999,8119.0,1035.9224830628643,1.520912547528517,259,255,4,0,251,240,25083,8,0,0,8,15
2020-11-01,US,Colorado,Washington,106,0,0,39.97015535,-103.202587,8121.0,2159.739201303993,0.0,106,106,0,0,106,104,4909,0,0,0,0,2
2020-11-01,US,Colorado,Weld,6766,159,0,40.55499405,-104.39296209999999,8123.0,2085.10533387572,2.349985220218741,6607,6583,159,0,6424,6394,314305,183,0,0,183,189
2020-11-01,US,Colorado,Yuma,227,1,0,40.00346839,-102.4258673,8125.0,2265.695179159597,0.4405286343612335,226,227,1,0,226,223,10020,0,0,0,0,4
2020-11-01,US,Connecticut,Fairfield,24155,1436,0,41.26809896,-73.3881171,9001.0,2560.60432594251,5.944938936038088,22719,24155,1436,0,22719,24155,943823,0,0,0,0,0
2020-11-01,US,Connecticut,Hartford,18184,1481,0,41.80283011,-72.73103891,9003.0,2039.205131655677,8.144522657281126,16703,18184,1481,0,16703,18184,892697,0,0,0,0,0
2020-11-01,US,Connecticut,Litchfield,2305,144,0,41.7937534,-73.2451475,9005.0,1278.1909023861413,6.247288503253796,2161,2305,144,0,2161,2305,181111,0,0,0,0,0
2020-11-01,US,Connecticut,Middlesex,2018,197,0,41.45949668,-72.53714864,9007.0,1242.3354428821194,9.762140733399407,1821,2018,197,0,1821,2018,162682,0,0,0,0,0
2020-11-01,US,Connecticut,New Haven,17352,1128,0,41.408032500000004,-72.93620426,9009.0,2030.0506459730661,6.500691562932228,16224,17352,1128,0,16224,17352,857620,0,0,0,0,0
2020-11-01,US,Connecticut,New London,3803,143,0,41.48896435,-72.10430976,9011.0,1433.979623387103,3.760189324217723,3660,3803,143,0,3660,3803,266784,0,0,0,0,0
2020-11-01,US,Connecticut,Tolland,1780,68,0,41.85853803,-72.3308481,9013.0,1180.9900412019558,3.820224719101124,1712,1780,68,0,1712,1780,150921,0,0,0,0,0
2020-11-01,US,Connecticut,Unassigned,141,0,0,0.0,0.0,90009.0,0.0,0.0,141,141,0,0,141,141,,0,0,0,0,0
2020-11-01,US,Connecticut,Windham,1469,19,0,41.82972709,-71.98182316,9015.0,1257.899333801442,1.2933968686181077,1450,1469,19,0,1450,1469,117027,0,0,0,0,0
2020-11-01,US,Delaware,Kent,3606,121,0,39.08646628,-75.56884914,10001.0,1994.6234774816635,3.355518580144204,3485,3569,120,0,3449,3545,178550,37,1,0,36,24
2020-11-01,US,Delaware,New Castle,13259,353,0,39.57992638,-75.64054974,10003.0,2372.962650759817,2.662342559770722,12906,13192,353,0,12839,13079,559335,67,0,0,67,113
2020-11-01,US,Delaware,Sussex,8170,236,0,38.66143781,-75.39031349,10005.0,3488.099050058704,2.8886168910648715,7934,8099,235,0,7864,8036,229286,71,1,0,70,63
2020-11-01,US,Delaware,Unassigned,91,0,0,0.0,0.0,90010.0,0.0,0.0,91,91,0,0,91,91,,0,0,0,0,0
2020-11-01,US,District of Columbia,District of Columbia,17369,646,0,38.90417773,-77.01655992,11001.0,2461.073271092131,3.7192699637284816,16723,17266,646,0,16620,17144,702455,103,0,0,103,122
2020-11-01,US,Florida,Alachua,10706,78,0,29.67866525,-82.35928158,12001.0,3979.289555944589,0.7285634223799738,10628,10582,76,0,10506,10533,269956,124,2,0,122,49
2020-11-01,US,Florida,Baker,1805,24,0,30.33060121,-82.28467476,12003.0,6179.390619650804,1.329639889196676,1781,1795,23,0,1772,1793,28355,10,1,0,9,2
2020-11-01,US,Florida,Bay,6879,134,0,30.26548745,-85.62122584,12005.0,3937.494633811282,1.947957551969763,6745,6866,134,0,6732,6858,185287,13,0,0,13,8
2020-11-01,US,Florida,Bradford,1241,15,0,29.95079741,-82.16611613,12007.0,4400.553171873338,1.20870265914585,1226,1239,15,0,1224,1239,27732,2,0,0,2,0
2020-11-01,US,Florida,Brevard,11780,375,0,28.29409504,-80.73091022,12009.0,1956.9991793229249,3.1833616298811545,11405,11743,375,0,11368,11637,596849,37,0,0,37,106
2020-11-01,US,Florida,Broward,86961,1526,0,26.15184651,-80.48725556,12011.0,4453.194372324965,1.7548096273041938,85435,86235,1523,0,84712,86091,1951260,726,3,0,723,144
2020-11-01,US,Florida,Calhoun,731,14,0,30.40666734,-85.19394153,12013.0,5182.559376107764,1.915184678522572,717,727,14,0,713,723,14587,4,0,0,4,4
2020-11-01,US,Florida,Charlotte,3741,161,0,26.90131002,-81.92949121,12015.0,1980.308083214229,4.303662122427158,3580,3715,159,0,3556,3689,184998,26,2,0,24,26
2020-11-01,US,Florida,Citrus,3308,135,0,28.84804315,-82.47614748,12017.0,2210.3877533292803,4.081015719467956,3173,3275,135,0,3140,3260,147929,33,0,0,33,15
2020-11-01,US,Florida,Clay,6200,127,0,29.98319144,-81.85609986,12019.0,2827.7963256891608,2.048387096774193,6073,6155,127,0,6028,6139,216072,45,0,0,45,16
2020-11-01,US,Florida,Collier,14664,256,0,26.11091986,-81.34687065,12021.0,3809.800936342238,1.745771958537916,14408,14587,256,0,14331,14542,378488,77,0,0,77,45
2020-11-01,US,Florida,Columbia,4300,79,0,30.22509788,-82.62160164,12023.0,5998.381831877912,1.837209302325581,4221,4284,79,0,4205,4281,70503,16,0,0,16,3
2020-11-01,US,Florida,DeSoto,1685,29,0,27.18677893,-81.80941373,12027.0,4434.093839635799,1.7210682492581602,1656,1676,29,0,1647,1674,37489,9,0,0,9,2
2020-11-01,US,Florida,Dixie,910,11,0,29.60631086,-83.15724673,12029.0,5408.296683703792,1.2087912087912087,899,903,11,0,892,903,16700,7,0,0,7,0
2020-11-01,US,Florida,Duval,35429,523,0,30.33225875,-81.66976468,12031.0,3699.171500018272,1.4761918202602389,34906,35256,523,0,34733,35171,950181,173,0,0,173,85
2020-11-01,US,Florida,Escambia,13704,272,0,30.67652764,-87.37284571,12033.0,4305.155882833411,1.98482194979568,13432,13642,272,0,13370,13584,315534,62,0,0,62,58
2020-11-01,US,Florida,Flagler,2181,39,0,29.45933576,-81.31508595,12035.0,1895.186868379663,1.7881705639614855,2142,2157,39,0,2118,2148,112067,24,0,0,24,9
2020-11-01,US,Florida,Franklin,784,4,0,29.83791238,-84.82731662,12037.0,6465.9793814433,0.5102040816326531,780,773,4,0,769,773,11736,11,0,0,11,0
2020-11-01,US,Florida,Gadsden,3072,56,0,30.57796289,-84.61915825,12039.0,6727.9894875164255,1.8229166666666667,3016,3068,56,0,3012,3065,45894,4,0,0,4,3
2020-11-01,US,Florida,Gilchrist,614,18,0,29.72856978,-82.79880657,12041.0,3304.272952319449,2.931596091205212,596,611,18,0,593,610,18256,3,0,0,3,1
2020-11-01,US,Florida,Glades,610,6,0,26.95635849,-81.18996211,12043.0,4416.769241908623,0.9836065573770492,604,610,6,0,604,607,13724,0,0,0,0,3
2020-11-01,US,Florida,Gulf,956,15,0,29.93543004,-85.24270990000002,12045.0,7009.3115331036,1.5690376569037656,941,943,15,0,928,941,16164,13,0,0,13,2
2020-11-01,US,Florida,Hamilton,910,10,0,30.49673973,-82.94998918,12047.0,6307.180482395344,1.0989010989010992,900,907,10,0,897,906,14310,3,0,0,3,1
2020-11-01,US,Florida,Hardee,1625,16,0,27.49293939,-81.80956574,12049.0,6032.594572521068,0.9846153846153848,1609,1617,16,0,1601,1614,27245,8,0,0,8,3
2020-11-01,US,Florida,Hendry,2242,44,0,26.55386945,-81.16469006,12051.0,5335.3005568511735,1.9625334522747544,2198,2238,44,0,2194,2227,41556,4,0,0,4,11
2020-11-01,US,Florida,Hernando,3812,175,0,28.55364461,-82.42700204,12053.0,1965.7590759075906,4.590766002098636,3637,3772,175,0,3597,3757,190865,40,0,0,40,15
2020-11-01,US,Florida,Highlands,2706,118,0,27.34254618,-81.34071957,12055.0,2547.5188522043663,4.360679970436069,2588,2679,118,0,2561,2671,105424,27,0,0,27,8
2020-11-01,US,Florida,Hillsborough,48669,816,0,27.9276559,-82.32013172,12057.0,3306.389812822018,1.6766319423041358,47853,48287,816,0,47471,48148,1436888,382,0,0,382,139
2020-11-01,US,Florida,Holmes,932,12,0,30.86747479,-85.81319222,12059.0,4750.981291736759,1.2875536480686696,920,934,12,0,922,924,19477,-2,0,0,-2,10
2020-11-01,US,Florida,Indian River,3927,125,0,27.69308961,-80.60556721,12061.0,2455.556736679527,3.183091418385536,3802,3896,125,0,3771,3882,157413,31,0,0,31,14
2020-11-01,US,Florida,Jackson,3162,83,0,30.795459700000002,-85.21500423,12063.0,6812.599646658337,2.6249209361163817,3079,3147,83,0,3064,3143,48305,15,0,0,15,4
2020-11-01,US,Florida,Jefferson,682,9,0,30.43669112,-83.89442308,12065.0,4787.308718236698,1.3196480938416422,673,680,9,0,671,677,14288,2,0,0,2,3
2020-11-01,US,Florida,Lafayette,1279,16,0,29.98484137,-83.18166636,12067.0,15186.416528140584,1.2509773260359656,1263,1279,16,0,1263,1278,8732,0,0,0,0,1
2020-11-01,US,Florida,Lake,8729,227,0,28.76202069,-81.7125123,12069.0,2377.7096192504864,2.6005269790353998,8502,8680,227,0,8453,8662,356495,49,0,0,49,18
2020-11-01,US,Florida,Lee,23685,518,0,26.58410348,-81.88399313,12071.0,3073.670768787545,2.18703820983745,23167,23589,518,0,23071,23517,754610,96,0,0,96,72
2020-11-01,US,Florida,Leon,12430,118,0,30.45955727,-84.27491114,12073.0,4233.910798345948,0.9493161705551086,12312,12394,118,0,12276,12371,292502,36,0,0,36,23
2020-11-01,US,Florida,Levy,1159,12,0,29.31829741,-82.74007147,12075.0,2792.5692118642028,1.035375323554789,1147,1151,12,0,1139,1147,40770,8,0,0,8,4
2020-11-01,US,Florida,Liberty,539,11,0,30.23766008,-84.8829258,12077.0,6451.9990423749105,2.0408163265306123,528,539,11,0,528,539,8457,0,0,0,0,0
2020-11-01,US,Florida,Madison,1084,25,0,30.44396917,-83.47398594,12079.0,5861.6773914454125,2.306273062730628,1059,1083,25,0,1058,1082,18529,1,0,0,1,1
2020-11-01,US,Florida,Manatee,13550,330,0,27.47196942,-82.31831044,12081.0,3360.1733899065853,2.4354243542435423,13220,13463,330,0,13133,13403,394855,87,0,0,87,60
2020-11-01,US,Florida,Marion,10977,350,0,29.21227113,-82.05803627,12083.0,3002.634177564905,3.1884850141204337,10627,10926,348,0,10578,10902,359977,51,2,0,49,24
2020-11-01,US,Florida,Martin,5425,167,0,27.0772071,-80.43109784,12085.0,3369.5652173913045,3.078341013824885,5258,5407,167,0,5240,5391,160912,18,0,0,18,16
2020-11-01,US,Florida,Miami-Dade,186809,3662,0,25.6112362,-80.55170587,12086.0,6875.713118434711,1.9602909924040064,183147,185891,3647,0,182244,185552,2761581,918,15,0,903,339
2020-11-01,US,Florida,Monroe,2334,25,0,25.20904673,-81.07812416,12087.0,3144.366007436547,1.0711225364181662,2309,2304,25,0,2279,2290,75027,30,0,0,30,14
2020-11-01,US,Florida,Nassau,2504,52,0,30.61037141,-81.80297522,12089.0,2825.387870239774,2.07667731629393,2452,2498,52,0,2446,2485,85832,6,0,0,6,13
2020-11-01,US,Florida,Okaloosa,6545,130,0,30.69143028,-86.59267105,12091.0,3105.752166196889,1.9862490450725745,6415,6499,130,0,6369,6473,207269,46,0,0,46,26
2020-11-01,US,Florida,Okeechobee,1763,38,0,27.386336199999995,-80.88944347,12093.0,4180.8954657560225,2.15541690300624,1725,1750,38,0,1712,1748,41537,13,0,0,13,2
2020-11-01,US,Florida,Orange,46725,560,0,28.51367621,-81.31799498,12095.0,3353.183317401676,1.198501872659176,46165,46434,560,0,45874,46424,1380645,291,0,0,291,10
2020-11-01,US,Florida,Osceola,14380,207,0,28.06312234,-81.14882926,12097.0,3827.002456413955,1.4394993045897082,14173,14287,206,0,14081,14252,367990,93,1,0,92,35
2020-11-01,US,Florida,Palm Beach,52779,1588,0,26.64676272,-80.46536002,12099.0,3526.193069075409,3.0087724284279735,51191,52447,1588,0,50859,52184,1485941,332,0,0,332,263
2020-11-01,US,Florida,Pasco,11063,244,0,28.30810945,-82.40227529,12101.0,1997.1224683949908,2.2055500316369883,10819,10972,244,0,10728,10923,539630,91,0,0,91,49
2020-11-01,US,Florida,Pinellas,26214,823,0,27.93130349,-82.72239666,12103.0,2688.6264148775995,3.1395437552452887,25391,25986,823,0,25163,25921,975280,228,0,0,228,65
2020-11-01,US,Florida,Polk,23306,623,0,27.95027105,-81.69732947,12105.0,3215.6097668662223,2.6731313824766154,22683,23164,623,0,22541,23088,708009,142,0,0,142,76
2020-11-01,US,Florida,Putnam,2412,50,0,29.60779729,-81.74230285,12107.0,3236.671542249835,2.0729684908789388,2362,2402,50,0,2352,2398,74163,10,0,0,10,4
2020-11-01,US,Florida,Santa Rosa,6021,88,0,30.69341450000001,-87.02458128,12113.0,3266.725624345543,1.461551237335991,5933,5994,88,0,5906,5968,179349,27,0,0,27,26
2020-11-01,US,Florida,Sarasota,9811,344,0,27.18546175,-82.33174248,12115.0,2261.9437361380733,3.5062684741616548,9467,9745,343,0,9402,9706,426718,66,1,0,65,39
2020-11-01,US,Florida,Seminole,10470,241,0,28.7158582,-81.24060348,12117.0,2219.0383743159555,2.3018147086914995,10229,10411,241,0,10170,10357,467832,59,0,0,59,54
2020-11-01,US,Florida,St. Johns,6639,85,0,29.90096506,-81.43589967,12109.0,2508.387740297425,1.280313300195813,6554,6599,84,0,6515,6564,254261,40,1,0,39,35
2020-11-01,US,Florida,St. Lucie,9179,336,0,27.37763908,-80.47106649,12111.0,2795.9439166364605,3.660529469441116,8843,9129,336,0,8793,9099,321128,50,0,0,50,30
2020-11-01,US,Florida,Sumter,2960,86,0,28.70181754,-82.0794267,12119.0,2235.3118864219905,2.9054054054054053,2874,2945,86,0,2859,2928,128754,15,0,0,15,17
2020-11-01,US,Florida,Suwannee,3022,78,0,30.19746066,-82.99099670000003,12121.0,6803.701285543823,2.581072137657181,2944,3015,78,0,2937,3010,44191,7,0,0,7,5
2020-11-01,US,Florida,Taylor,1496,18,0,30.04848048,-83.60445406,12123.0,6935.880198432937,1.2032085561497323,1478,1488,18,0,1470,1487,21623,8,0,0,8,1
2020-11-01,US,Florida,Unassigned,1925,0,0,0.0,0.0,90012.0,0.0,0.0,1925,1940,0,0,1940,1786,,-15,0,0,-15,154
2020-11-01,US,Florida,Union,1147,45,0,30.04412971,-82.37497443,12125.0,7527.728555489925,3.923278116826504,1102,1139,45,0,1094,1138,14940,8,0,0,8,1
2020-11-01,US,Florida,Volusia,13008,322,0,29.05858895,-81.18263252,12127.0,2351.0529854468955,2.4753997539975403,12686,12927,322,0,12605,12876,547538,81,0,0,81,51
2020-11-01,US,Florida,Wakulla,1334,11,0,30.16548905,-84.39895211,12129.0,3953.8812650048894,0.8245877061469266,1323,1327,11,0,1316,1322,32461,7,0,0,7,5
2020-11-01,US,Florida,Walton,2526,30,0,30.64204028,-86.16935664,12131.0,3410.2415250232884,1.187648456057007,2496,2496,30,0,2466,2491,71375,30,0,0,30,5
2020-11-01,US,Florida,Washington,1255,24,0,30.61359259,-85.66002461,12133.0,4926.785223570055,1.9123505976095616,1231,1248,24,0,1224,1244,24880,7,0,0,7,4
2020-11-01,US,Georgia,Appling,1179,38,0,31.74847232,-82.28909114,13001.0,6412.487762427934,3.2230703986429177,1141,1179,38,0,1141,1175,18507,0,0,0,0,4
2020-11-01,US,Georgia,Atkinson,486,6,0,31.29633502,-82.87545866,13003.0,5952.235150030619,1.2345679012345678,480,486,6,0,480,486,8297,0,0,0,0,0
2020-11-01,US,Georgia,Bacon,640,16,0,31.55456473,-82.45936528,13005.0,5732.71228950197,2.5,624,638,16,0,622,638,11185,2,0,0,2,0
2020-11-01,US,Georgia,Baker,92,6,0,31.32669878,-84.44218806,13007.0,3028.3080974325208,6.521739130434782,86,92,6,0,86,92,3092,0,0,0,0,0
2020-11-01,US,Georgia,Baldwin,2337,65,0,33.06882326,-83.24701748,13009.0,5206.059255959011,2.7813436029097134,2272,2331,65,0,2266,2322,44823,6,0,0,6,9
2020-11-01,US,Georgia,Banks,574,8,0,34.35607081,-83.49644388,13011.0,2984.298637828845,1.3937282229965158,566,573,8,0,565,563,18988,1,0,0,1,10
2020-11-01,US,Georgia,Barrow,2672,51,0,33.99148694,-83.71436292,13013.0,3209.9951946179717,1.908682634730539,2621,2662,51,0,2611,2645,80809,10,0,0,10,17
2020-11-01,US,Georgia,Bartow,3714,96,0,34.23732119,-84.83887523,13015.0,3447.251666078821,2.5848142164781907,3618,3714,96,0,3618,3689,106408,0,0,0,0,25
2020-11-01,US,Georgia,Ben Hill,887,34,0,31.76095874,-83.22145359,13017.0,5311.377245508982,3.8331454340473514,853,884,34,0,850,878,16787,3,0,0,3,6
2020-11-01,US,Georgia,Berrien,503,14,0,31.27590016,-83.22529920000002,13019.0,2593.1845130690313,2.7833001988071566,489,502,14,0,488,496,19252,1,0,0,1,6
2020-11-01,US,Georgia,Bibb,6707,200,0,32.80904227,-83.70489165,13021.0,4379.109291651161,2.981959147159684,6507,6692,200,0,6492,6659,153095,15,0,0,15,33
2020-11-01,US,Georgia,Bleckley,515,27,0,32.43829035,-83.33035166,13023.0,4000.621455760118,5.242718446601941,488,520,27,0,493,517,12838,-5,0,0,-5,3
2020-11-01,US,Georgia,Brantley,473,13,0,31.19576557,-81.97743999,13025.0,2475.273431367419,2.748414376321353,460,473,13,0,460,466,18897,0,0,0,0,7
2020-11-01,US,Georgia,Brooks,553,26,0,30.83922642,-83.58303423,13027.0,3577.667076405512,4.701627486437613,527,553,26,0,527,553,15513,0,0,0,0,0
2020-11-01,US,Georgia,Bryan,1313,16,0,32.00979311,-81.44002948,13029.0,3313.3974310444896,1.2185833968012183,1297,1313,16,0,1297,1314,38109,0,0,0,0,-1
2020-11-01,US,Georgia,Bulloch,3128,33,0,32.39577406,-81.74811421,13031.0,3929.253341372727,1.0549872122762147,3095,3106,33,0,3073,3102,77296,22,0,0,22,4
2020-11-01,US,Georgia,Burke,901,12,0,33.05917989,-81.99928721,13033.0,4025.3764017334574,1.3318534961154274,889,899,12,0,887,895,22423,2,0,0,2,4
2020-11-01,US,Georgia,Butts,749,44,0,33.283094500000004,-83.95435040000002,13035.0,3003.6894449791466,5.874499332443258,705,747,44,0,703,746,24193,2,0,0,2,1
2020-11-01,US,Georgia,Calhoun,277,10,0,31.53169785,-84.62725131,13037.0,4475.682662788819,3.610108303249097,267,277,10,0,267,275,6352,0,0,0,0,2
2020-11-01,US,Georgia,Camden,1459,18,0,30.92951916,-81.66601818,13039.0,2668.9349870120373,1.2337217272104182,1441,1455,18,0,1437,1442,53677,4,0,0,4,13
2020-11-01,US,Georgia,Candler,550,25,0,32.40209349,-82.07702563,13043.0,5091.178376376933,4.545454545454546,525,547,25,0,522,547,10836,3,0,0,3,0
2020-11-01,US,Georgia,Carroll,3428,77,0,33.58138199,-85.07976677,13045.0,2856.8571238082536,2.2462077012835477,3351,3417,77,0,3340,3370,118121,11,0,0,11,47
2020-11-01,US,Georgia,Catoosa,1493,23,0,34.89872298,-85.13757014,13047.0,2209.2335010358092,1.5405224380442062,1470,1488,23,0,1465,1472,67420,5,0,0,5,16
2020-11-01,US,Georgia,Charlton,649,10,0,30.78371028,-82.13951596,13049.0,4846.176821983274,1.5408320493066257,639,648,10,0,638,647,12968,1,0,0,1,1
2020-11-01,US,Georgia,Chatham,9547,191,0,32.00043026,-81.12489526,13051.0,3298.552326987527,2.000628469676338,9356,9530,191,0,9339,9500,289195,17,0,0,17,30
2020-11-01,US,Georgia,Chattahoochee,1804,1,0,32.34341231,-84.78809239,13053.0,16539.836802053727,0.05543237250554324,1803,1804,1,0,1803,1783,10684,0,0,0,0,21
2020-11-01,US,Georgia,Chattooga,976,29,0,34.47197698,-85.34535662,13055.0,3937.230223082819,2.971311475409836,947,974,29,0,945,967,24790,2,0,0,2,7
2020-11-01,US,Georgia,Cherokee,7364,102,0,34.24393976,-84.47431861,13057.0,2845.737383730142,1.385116784356328,7262,7318,102,0,7216,7242,254149,46,0,0,46,76
2020-11-01,US,Georgia,Clarke,5865,50,0,33.95436462,-83.37124007,13059.0,4570.21296491105,0.8525149190110827,5815,5848,50,0,5798,5809,127330,17,0,0,17,39
2020-11-01,US,Georgia,Clay,124,3,0,31.62221166,-84.97713865,13061.0,4375.441072688779,2.419354838709677,121,124,3,0,121,124,2887,0,0,0,0,0
2020-11-01,US,Georgia,Clayton,8467,179,0,33.54187245,-84.35594188,13063.0,2897.117595532684,2.1140899964568325,8288,8417,179,0,8238,8362,289615,50,0,0,50,55
2020-11-01,US,Georgia,Clinch,461,13,0,30.91395822,-82.70432472,13065.0,6965.850710184346,2.8199566160520613,448,458,13,0,445,456,6648,3,0,0,3,2
2020-11-01,US,Georgia,Cobb,22375,459,0,33.94243204,-84.5761255,13067.0,2943.532844564364,2.051396648044693,21916,22342,459,0,21883,22132,756865,33,0,0,33,210
2020-11-01,US,Georgia,Coffee,2305,64,0,31.54892966,-82.85492059999999,13069.0,5326.64710096365,2.7765726681127982,2241,2303,64,0,2239,2296,43093,2,0,0,2,7
2020-11-01,US,Georgia,Colquitt,2142,40,0,31.18810588,-83.7677946,13071.0,4697.368421052632,1.8674136321195145,2102,2142,40,0,2102,2141,45592,0,0,0,0,1
2020-11-01,US,Georgia,Columbia,4500,66,0,33.54534185,-82.263524,13073.0,2871.472874152916,1.4666666666666666,4434,4477,66,0,4411,4440,154291,23,0,0,23,37
2020-11-01,US,Georgia,Cook,614,16,0,31.16068491,-83.42947229,13075.0,3555.298204979734,2.6058631921824102,598,609,16,0,593,598,17162,5,0,0,5,11
2020-11-01,US,Georgia,Coweta,3018,63,0,33.35334302,-84.76129976,13077.0,2032.2000686827066,2.087475149105368,2955,3013,63,0,2950,3000,145864,5,0,0,5,13
2020-11-01,US,Georgia,Crawford,196,6,0,32.71391813,-83.98061238,13079.0,1580.1354401805868,3.0612244897959178,190,196,6,0,190,196,12318,0,0,0,0,0
2020-11-01,US,Georgia,Crisp,664,23,0,31.92289565,-83.76811843,13081.0,2967.9957089218665,3.463855421686747,641,660,23,0,637,652,22601,4,0,0,4,8
2020-11-01,US,Georgia,Dade,376,6,0,34.854916700000004,-85.50490424,13083.0,2333.085132787292,1.5957446808510638,370,374,6,0,368,368,16226,2,0,0,2,6
2020-11-01,US,Georgia,Dawson,927,11,0,34.44244079,-84.16964071,13085.0,3550.63582043818,1.186623516720604,916,926,11,0,915,925,25083,1,0,0,1,1
2020-11-01,US,Georgia,DeKalb,21678,403,0,33.76944049,-84.22396017,13089.0,2855.0093046594416,1.8590275855706249,21275,21587,403,0,21184,21441,756558,91,0,0,91,146
2020-11-01,US,Georgia,Decatur,1315,35,0,30.87967778,-84.57619536,13087.0,4980.306014240266,2.661596958174905,1280,1310,35,0,1275,1308,26575,5,0,0,5,2
2020-11-01,US,Georgia,Dodge,642,19,0,32.17265114,-83.16948926,13091.0,3115.7486047075954,2.9595015576323993,623,640,19,0,621,630,20705,2,0,0,2,10
2020-11-01,US,Georgia,Dooly,379,18,0,32.15630737,-83.79746561,13093.0,2830.470500373413,4.749340369393139,361,379,18,0,361,376,13706,0,0,0,0,3
2020-11-01,US,Georgia,Dougherty,3318,191,0,31.53328528,-84.21722377,13095.0,3772.340715812452,5.756479807112719,3127,3312,191,0,3121,3307,91243,6,0,0,6,5
2020-11-01,US,Georgia,Douglas,4204,73,0,33.70291126,-84.77026156,13097.0,2872.703169950049,1.736441484300666,4131,4197,73,0,4124,4147,145331,7,0,0,7,50
2020-11-01,US,Georgia,Early,558,35,0,31.32155345,-84.90255207,13099.0,5475.956820412169,6.2724014336917575,523,558,35,0,523,556,10247,0,0,0,0,2
2020-11-01,US,Georgia,Echols,246,2,0,30.71101099,-82.89687287,13101.0,6140.788816774838,0.8130081300813008,244,246,2,0,244,246,4000,0,0,0,0,0
2020-11-01,US,Georgia,Effingham,1863,29,0,32.36616021,-81.34280942,13103.0,2897.536394176932,1.5566290928609767,1834,1860,29,0,1831,1845,62190,3,0,0,3,15
2020-11-01,US,Georgia,Elbert,769,10,0,34.11302332,-82.83936148,13105.0,4006.4603521933936,1.3003901170351104,759,767,10,0,757,763,19120,2,0,0,2,4
2020-11-01,US,Georgia,Emanuel,1216,39,0,32.59221302,-82.30239915,13107.0,5369.601695663693,3.2072368421052637,1177,1211,39,0,1172,1209,22612,5,0,0,5,2
2020-11-01,US,Georgia,Evans,489,7,0,32.15328841,-81.8870105,13109.0,4589.825417683499,1.4314928425357871,482,487,7,0,480,486,10721,2,0,0,2,1
2020-11-01,US,Georgia,Fannin,841,27,0,34.86430205,-84.316964,13111.0,3211.3945318466467,3.2104637336504163,814,840,27,0,813,833,25964,1,0,0,1,7
2020-11-01,US,Georgia,Fayette,2193,57,0,33.41357794,-84.49089434,13113.0,1916.6062173901648,2.5991792065663475,2136,2172,57,0,2115,2145,113459,21,0,0,21,27
2020-11-01,US,Georgia,Floyd,4114,61,0,34.26268279,-85.21577392,13115.0,4176.734552985848,1.482741857073408,4053,4103,61,0,4042,4072,97927,11,0,0,11,31
2020-11-01,US,Georgia,Forsyth,4906,54,0,34.22604035,-84.12315129999998,13117.0,2008.581301279007,1.1006930289441499,4852,4888,54,0,4834,4823,236612,18,0,0,18,65
2020-11-01,US,Georgia,Franklin,962,18,0,34.37525597,-83.23159927,13119.0,4120.090796179708,1.8711018711018712,944,959,18,0,941,955,23023,3,0,0,3,4
2020-11-01,US,Georgia,Fulton,31753,628,0,33.79216944,-84.46319413,13121.0,2984.481223982247,1.9777658803892544,31125,31655,628,0,31027,31428,1050114,98,0,0,98,227
2020-11-01,US,Georgia,Gilmer,1065,23,0,34.69316688,-84.45802506,13123.0,3395.07156747107,2.15962441314554,1042,1062,22,0,1040,1049,30816,3,1,0,2,13
2020-11-01,US,Georgia,Glascock,52,2,0,33.22879932,-82.61297636,13125.0,1750.252440255806,3.8461538461538463,50,51,2,0,49,50,2995,1,0,0,1,1
2020-11-01,US,Georgia,Glynn,3792,104,0,31.23279254,-81.53811412,13127.0,4445.903484500305,2.7426160337552736,3688,3786,104,0,3682,3760,85219,6,0,0,6,26
2020-11-01,US,Georgia,Gordon,2455,47,0,34.50487351,-84.87296253,13129.0,4235.460552421372,1.9144602851323829,2408,2451,47,0,2404,2428,57685,4,0,0,4,23
2020-11-01,US,Georgia,Grady,871,25,0,30.87454847,-84.23418364,13131.0,3535.907116469776,2.8702640642939152,846,871,25,0,846,867,24748,0,0,0,0,4
2020-11-01,US,Georgia,Greene,584,25,0,33.5769205,-83.17139104,13133.0,3187.0770574110456,4.280821917808218,559,582,25,0,557,577,17698,2,0,0,2,5
2020-11-01,US,Georgia,Gwinnett,31218,450,0,33.96044201,-84.02137802,13135.0,3334.365821094793,1.4414760714972132,30768,31102,450,0,30652,30894,927781,116,0,0,116,208
2020-11-01,US,Georgia,Habersham,1909,78,0,34.63331566,-83.53094677,13137.0,4211.524885280622,4.085908852802515,1831,1906,78,0,1828,1900,45388,3,0,0,3,6
2020-11-01,US,Georgia,Hall,10845,179,0,34.32207823,-83.81896936,13139.0,5304.708938031021,1.6505301982480405,10666,10837,179,0,10658,10785,202148,8,0,0,8,52
2020-11-01,US,Georgia,Hancock,419,44,0,33.2721566,-82.99766919,13141.0,4954.47558235781,10.501193317422434,375,417,44,0,373,414,8348,2,0,0,2,3
2020-11-01,US,Georgia,Haralson,673,11,0,33.79602175,-85.21005667,13143.0,2258.995703544576,1.6344725111441307,662,672,11,0,661,661,29533,1,0,0,1,11
2020-11-01,US,Georgia,Harris,857,25,0,32.73709786,-84.90538572,13145.0,2432.171642638211,2.9171528588098017,832,855,25,0,830,852,34475,2,0,0,2,3
2020-11-01,US,Georgia,Hart,601,17,0,34.34626973,-82.96567682,13147.0,2293.455447433696,2.8286189683860234,584,600,17,0,583,587,26099,1,0,0,1,13
2020-11-01,US,Georgia,Heard,241,6,0,33.29686567,-85.12886832,13149.0,2021.3033632475049,2.489626556016597,235,240,6,0,234,237,11879,1,0,0,1,3
2020-11-01,US,Georgia,Henry,6395,114,0,33.4533428,-84.14814659999998,13151.0,2726.369686350246,1.7826426896012508,6281,6359,114,0,6245,6304,230220,36,0,0,36,55
2020-11-01,US,Georgia,Houston,3740,95,0,32.45802497,-83.66879087,13153.0,2369.1428643824074,2.5401069518716577,3645,3723,95,0,3628,3668,155469,17,0,0,17,55
2020-11-01,US,Georgia,Irwin,361,8,0,31.60213036,-83.27501387,13155.0,3833.8997451146975,2.21606648199446,353,360,8,0,352,359,9398,1,0,0,1,1
2020-11-01,US,Georgia,Jackson,2473,42,0,34.13794553,-83.56814788,13157.0,3388.738917741206,1.6983420946219168,2431,2457,42,0,2415,2426,70422,16,0,0,16,31
2020-11-01,US,Georgia,Jasper,249,4,0,33.31535543,-83.68844964,13159.0,1751.178001265912,1.606425702811245,245,249,4,0,245,249,14040,0,0,0,0,0
2020-11-01,US,Georgia,Jeff Davis,811,23,0,31.80405727,-82.63724870000001,13161.0,5365.530929540192,2.8360049321824907,788,809,23,0,786,804,15029,2,0,0,2,5
2020-11-01,US,Georgia,Jefferson,857,33,0,33.05867328,-82.41609057,13163.0,5578.700690014322,3.850641773628938,824,858,33,0,825,857,15430,-1,0,0,-1,1
2020-11-01,US,Georgia,Jenkins,472,32,0,32.79248718,-81.96040187,13165.0,5440.295066851084,6.779661016949151,440,472,32,0,440,472,8683,0,0,0,0,0
2020-11-01,US,Georgia,Johnson,440,23,0,32.70211082,-82.66166794,13167.0,4562.895364513119,5.227272727272728,417,441,23,0,418,441,9708,-1,0,0,-1,0
2020-11-01,US,Georgia,Jones,657,17,0,33.02512137,-83.56019163,13169.0,2286.4103010266226,2.5875190258751903,640,654,17,0,637,650,28616,3,0,0,3,4
2020-11-01,US,Georgia,Lamar,432,20,0,33.07841647,-84.14263877,13171.0,2264.506997955653,4.62962962962963,412,430,20,0,410,426,19000,2,0,0,2,4
2020-11-01,US,Georgia,Lanier,320,7,0,31.03828570000001,-83.06472457,13173.0,3070.133358917777,2.1875,313,320,7,0,313,320,10340,0,0,0,0,0
2020-11-01,US,Georgia,Laurens,2038,89,0,32.46325233,-82.92221316,13175.0,4286.3752997097545,4.36702649656526,1949,2031,89,0,1942,2019,47325,7,0,0,7,12
2020-11-01,US,Georgia,Lee,756,30,0,31.779330600000005,-84.14324253,13177.0,2520.6721792477992,3.968253968253968,726,755,30,0,725,752,29764,1,0,0,1,3
2020-11-01,US,Georgia,Liberty,1289,25,0,31.82588896,-81.49251135,13179.0,2098.1525189224385,1.939487975174554,1264,1290,25,0,1265,1286,61497,-1,0,0,-1,4
2020-11-01,US,Georgia,Lincoln,241,7,0,33.79201475,-82.45024131,13181.0,3042.545133190253,2.904564315352697,234,237,7,0,230,237,7915,4,0,0,4,0
2020-11-01,US,Georgia,Long,279,4,0,31.75218791,-81.74952375,13183.0,1426.4532951582391,1.4336917562724014,275,278,4,0,274,278,18998,1,0,0,1,0
2020-11-01,US,Georgia,Lowndes,4535,87,0,30.83568832,-83.27056716,13185.0,3862.6645997649184,1.9184123484013231,4448,4522,87,0,4435,4503,116321,13,0,0,13,19
2020-11-01,US,Georgia,Lumpkin,1064,15,0,34.57286511,-84.00425681,13187.0,3165.7244867598934,1.4097744360902256,1049,1063,15,0,1048,1058,32955,1,0,0,1,5
2020-11-01,US,Georgia,Macon,255,10,0,32.35207048,-84.04234127,13193.0,1969.5682397466599,3.92156862745098,245,255,10,0,245,252,13143,0,0,0,0,3
2020-11-01,US,Georgia,Madison,815,11,0,34.12920917,-83.21218732,13195.0,2727.5769745649263,1.3496932515337423,804,812,11,0,801,799,29650,3,0,0,3,13
2020-11-01,US,Georgia,Marion,205,9,0,32.3483402,-84.52733571,13197.0,2452.4464648881444,4.390243902439025,196,205,9,0,196,201,8351,0,0,0,0,4
2020-11-01,US,Georgia,McDuffie,703,16,0,33.47851918,-82.48252774,13189.0,3298.6111111111113,2.275960170697013,687,698,16,0,682,690,21531,5,0,0,5,8
2020-11-01,US,Georgia,McIntosh,316,8,0,31.49683595,-81.40163426,13191.0,2197.802197802198,2.5316455696202533,308,316,8,0,308,313,14340,0,0,0,0,3
2020-11-01,US,Georgia,Meriwether,599,16,0,33.04163534,-84.68859732,13199.0,2829.8766948552,2.671118530884808,583,599,16,0,583,598,21068,0,0,0,0,1
2020-11-01,US,Georgia,Miller,316,2,0,31.16568912,-84.73151117,13201.0,5526.407834907311,0.6329113924050633,314,316,2,0,314,316,5686,0,0,0,0,0
2020-11-01,US,Georgia,Mitchell,850,46,0,31.22483255,-84.19381821,13205.0,3887.847047523213,5.411764705882354,804,849,46,0,803,850,22192,1,0,0,1,-1
2020-11-01,US,Georgia,Monroe,774,55,0,33.014289,-83.92097166,13207.0,2806.58495902531,7.10594315245478,719,771,55,0,716,767,27520,3,0,0,3,4
2020-11-01,US,Georgia,Montgomery,377,10,0,32.17201038,-82.53527476,13209.0,4110.335804622765,2.6525198938992043,367,377,10,0,367,375,9193,0,0,0,0,2
2020-11-01,US,Georgia,Morgan,540,6,0,33.59232073,-83.49129491,13211.0,2801.4110811371647,1.1111111111111112,534,539,6,0,533,536,18853,1,0,0,1,3
2020-11-01,US,Georgia,Murray,1105,10,0,34.78897608,-84.74993177,13213.0,2755.8858739026336,0.9049773755656108,1095,1093,9,0,1084,1071,39921,12,1,0,11,22
2020-11-01,US,Georgia,Muscogee,6419,175,0,32.50931999,-84.87142262,13215.0,3278.864375871563,2.7262813522355507,6244,6414,175,0,6239,6398,194160,5,0,0,5,16
2020-11-01,US,Georgia,Newton,2925,96,0,33.55514538,-83.84547140000002,13217.0,2617.5902061855672,3.282051282051282,2829,2918,96,0,2822,2892,109541,7,0,0,7,26
2020-11-01,US,Georgia,Oconee,877,31,0,33.83749973,-83.43679568,13219.0,2177.2591857000994,3.5347776510832385,846,871,31,0,840,869,39272,6,0,0,6,2
2020-11-01,US,Georgia,Oglethorpe,432,13,0,33.878629600000004,-83.08278123,13221.0,2831.1160626515502,3.0092592592592586,419,430,13,0,417,427,15054,2,0,0,2,3
2020-11-01,US,Georgia,Out of GA,15116,189,0,0.0,0.0,80013.0,0.0,1.250330775337391,14927,14993,189,0,14804,14902,,123,0,0,123,91
2020-11-01,US,Georgia,Paulding,3251,61,0,33.91969522,-84.86848792,13223.0,1927.4665465088005,1.8763457397723775,3190,3245,61,0,3184,3204,164044,6,0,0,6,41
2020-11-01,US,Georgia,Peach,805,26,0,32.56934316,-83.82937,13225.0,2922.3843752268926,3.2298136645962727,779,802,26,0,776,790,27297,3,0,0,3,12
2020-11-01,US,Georgia,Pickens,820,10,0,34.46589159,-84.46406611,13227.0,2516.0320333834493,1.2195121951219512,810,816,10,0,806,807,31980,4,0,0,4,9
2020-11-01,US,Georgia,Pierce,688,24,0,31.35928155,-82.21598442,13229.0,3534.549190855381,3.4883720930232562,664,688,24,0,664,686,19389,0,0,0,0,2
2020-11-01,US,Georgia,Pike,395,11,0,33.09310242,-84.38790389,13231.0,2083.113595612277,2.7848101265822787,384,395,11,0,384,395,18634,0,0,0,0,0
2020-11-01,US,Georgia,Polk,1751,29,0,34.00267074,-85.18677781,13233.0,4109.074695515453,1.6561964591661908,1722,1748,29,0,1719,1736,42470,3,0,0,3,12
2020-11-01,US,Georgia,Pulaski,343,23,0,32.23334561,-83.47549959999998,13235.0,3079.824010056568,6.705539358600582,320,343,23,0,320,343,11069,0,0,0,0,0
2020-11-01,US,Georgia,Putnam,821,27,0,33.32056115,-83.37552891,13237.0,3711.74103711741,3.288672350791717,794,817,27,0,790,809,21809,4,0,0,4,8
2020-11-01,US,Georgia,Quitman,41,1,0,31.86728114,-85.01773177,13239.0,1783.3840800347978,2.4390243902439024,40,42,1,0,41,41,2279,-1,0,0,-1,1
2020-11-01,US,Georgia,Rabun,437,11,0,34.88389445,-83.40304637,13241.0,2550.037929625956,2.517162471395881,426,435,11,0,424,434,16867,2,0,0,2,1
2020-11-01,US,Georgia,Randolph,340,30,0,31.76622818,-84.75732369,13243.0,5016.228976099144,8.823529411764708,310,340,29,0,311,340,6833,0,1,0,-1,0
2020-11-01,US,Georgia,Richmond,8160,185,0,33.35777107,-82.07026432,13245.0,4029.271472165437,2.267156862745098,7975,8115,185,0,7930,8043,201554,45,0,0,45,72
2020-11-01,US,Georgia,Rockdale,2175,41,0,33.65145002,-84.02202167,13247.0,2392.8445696180247,1.885057471264368,2134,2169,41,0,2128,2151,90594,6,0,0,6,18
2020-11-01,US,Georgia,Schley,109,2,0,32.2654021,-84.31258912,13249.0,2073.4259083127263,1.834862385321101,107,109,2,0,107,109,5236,0,0,0,0,0
2020-11-01,US,Georgia,Screven,454,11,0,32.74976524,-81.60779441,13251.0,3250.751825862809,2.4229074889867843,443,452,11,0,441,452,13938,2,0,0,2,0
2020-11-01,US,Georgia,Seminole,396,11,0,30.93464824,-84.86823924,13253.0,4894.932014833127,2.7777777777777777,385,396,11,0,385,394,8315,0,0,0,0,2
2020-11-01,US,Georgia,Spalding,1631,63,0,33.26310031,-84.28013991,13255.0,2445.167383775842,3.862660944206009,1568,1629,63,0,1566,1617,66100,2,0,0,2,12
2020-11-01,US,Georgia,Stephens,1293,42,0,34.55151201,-83.29405315,13257.0,4987.4638379942135,3.2482598607888638,1251,1293,42,0,1251,1288,26035,0,0,0,0,5
2020-11-01,US,Georgia,Stewart,571,16,0,32.07996777,-84.83208037,13259.0,8624.074913155113,2.8021015761821366,555,571,16,0,555,569,6199,0,0,0,0,2
2020-11-01,US,Georgia,Sumter,967,68,0,32.03650571,-84.19821492,13261.0,3275.301449668067,7.0320579110651495,899,967,68,0,899,961,29733,0,0,0,0,6
2020-11-01,US,Georgia,Talbot,180,8,0,32.69642758,-84.53351366,13263.0,2905.5690072639227,4.4444444444444455,172,176,8,0,168,176,6272,4,0,0,4,0
2020-11-01,US,Georgia,Taliaferro,31,0,0,33.56543317,-82.88136816,13265.0,2016.9160702667525,0.0,31,31,0,0,31,30,1608,0,0,0,0,1
2020-11-01,US,Georgia,Tattnall,955,16,0,32.04785085,-82.05539188,13267.0,3776.793482559519,1.675392670157068,939,954,16,0,938,947,25391,1,0,0,1,7
2020-11-01,US,Georgia,Taylor,237,12,0,32.55792548,-84.25077141,13269.0,2955.1122194513714,5.063291139240507,225,237,12,0,225,235,8039,0,0,0,0,2
2020-11-01,US,Georgia,Telfair,495,24,0,31.92829517,-82.93491155,13271.0,3121.0592686002533,4.848484848484849,471,504,24,0,480,502,15876,-9,0,0,-9,2
2020-11-01,US,Georgia,Terrell,341,32,0,31.77527543,-84.44069698,13273.0,3997.1867307466887,9.384164222873899,309,341,32,0,309,341,8611,0,0,0,0,0
2020-11-01,US,Georgia,Thomas,1625,71,0,30.86392347,-83.91847289,13275.0,3655.710782659558,4.369230769230769,1554,1619,71,0,1548,1615,44448,6,0,0,6,4
2020-11-01,US,Georgia,Tift,1984,65,0,31.45743864,-83.5236119,13277.0,4881.409310107273,3.276209677419355,1919,1981,65,0,1916,1973,40571,3,0,0,3,8
2020-11-01,US,Georgia,Toombs,1523,57,0,32.12059861,-82.32957247,13279.0,5676.4815505031665,3.7426132632961266,1466,1518,57,0,1461,1511,26887,5,0,0,5,7
2020-11-01,US,Georgia,Towns,455,13,0,34.91369188,-83.74107459999998,13281.0,3780.011630805018,2.8571428571428568,442,455,13,0,442,448,11852,0,0,0,0,7
2020-11-01,US,Georgia,Treutlen,315,12,0,32.40422134,-82.56904553,13283.0,4564.555861469352,3.809523809523809,303,317,12,0,305,316,6809,-2,0,0,-2,1
2020-11-01,US,Georgia,Troup,3069,109,0,33.03349196,-85.02812115,13285.0,4389.176510969366,3.551645487129358,2960,3068,109,0,2959,3064,70034,1,0,0,1,4
2020-11-01,US,Georgia,Turner,339,24,0,31.71612656,-83.62069378,13287.0,4245.460237946149,7.079646017699115,315,338,24,0,314,338,7912,1,0,0,1,0
2020-11-01,US,Georgia,Twiggs,224,10,0,32.67435595,-83.43078662,13289.0,2758.6206896551726,4.464285714285714,214,222,10,0,212,220,8188,2,0,0,2,2
2020-11-01,US,Georgia,Unassigned,1901,6,0,0.0,0.0,90013.0,0.0,0.3156233561283535,1895,1871,6,0,1865,1827,,30,0,0,30,44
2020-11-01,US,Georgia,Union,912,26,0,34.82995757,-83.98967069,13291.0,3720.7784260128105,2.8508771929824563,886,911,26,0,885,907,24001,1,0,0,1,4
2020-11-01,US,Georgia,Upson,843,70,0,32.87920671,-84.30024826,13293.0,3202.887537993921,8.303677342823251,773,844,71,0,773,840,26215,-1,-1,0,0,4
2020-11-01,US,Georgia,Walker,1952,46,0,34.73376362,-85.30165174,13295.0,2798.1250268774816,2.3565573770491803,1906,1941,46,0,1895,1922,69410,11,0,0,11,19
2020-11-01,US,Georgia,Walton,2394,70,0,33.78017694,-83.73552314,13297.0,2530.842662776316,2.9239766081871346,2324,2388,70,0,2318,2374,93503,6,0,0,6,14
2020-11-01,US,Georgia,Ware,1765,65,0,31.05449097,-82.42224148,13299.0,4939.273521016399,3.68271954674221,1700,1764,65,0,1699,1755,35680,1,0,0,1,9
2020-11-01,US,Georgia,Warren,170,6,0,33.41146451,-82.67795848,13301.0,3235.6299961933764,3.5294117647058822,164,169,6,0,163,169,5251,1,0,0,1,0
2020-11-01,US,Georgia,Washington,792,13,0,32.96711864,-82.79357039,13303.0,3887.3073525080986,1.6414141414141414,779,792,13,0,779,778,20386,0,0,0,0,14
2020-11-01,US,Georgia,Wayne,1268,33,0,31.5521809,-81.91894878,13305.0,4236.976643165035,2.602523659305993,1235,1262,33,0,1229,1258,29808,6,0,0,6,4
2020-11-01,US,Georgia,Webster,44,2,0,32.04066113,-84.54742852,13307.0,1687.7637130801688,4.545454545454546,42,44,2,0,42,44,2611,0,0,0,0,0
2020-11-01,US,Georgia,Wheeler,370,17,0,32.12009104,-82.72574721,13309.0,4710.375556970082,4.594594594594595,353,370,17,0,353,370,7879,0,0,0,0,0
2020-11-01,US,Georgia,White,1022,24,0,34.64624278,-83.74905525,13311.0,3318.3972985258783,2.348336594911937,998,1021,24,0,997,1013,29970,1,0,0,1,8
2020-11-01,US,Georgia,Whitfield,5701,64,0,34.80987459,-84.96093476,13313.0,5448.828229537025,1.122610068409051,5637,5646,64,0,5582,5563,104062,55,0,0,55,83
2020-11-01,US,Georgia,Wilcox,259,25,0,31.97496928,-83.43438555,13315.0,2999.4209612044015,9.652509652509652,234,259,25,0,234,258,8812,0,0,0,0,1
2020-11-01,US,Georgia,Wilkes,317,7,0,33.78290391,-82.74286107,13317.0,3242.303365040401,2.2082018927444795,310,315,7,0,308,306,9876,2,0,0,2,9
2020-11-01,US,Georgia,Wilkinson,374,17,0,32.80291082,-83.17140684,13319.0,4176.904176904177,4.545454545454546,357,372,17,0,355,371,9036,2,0,0,2,1
2020-11-01,US,Georgia,Worth,612,35,0,31.55162306,-83.85090513,13321.0,3022.6700251889174,5.718954248366012,577,610,35,0,575,609,20299,2,0,0,2,1
2020-11-01,US,Hawaii,Hawaii,1300,31,0,19.60121157,-155.5210167,15001.0,645.1196696987291,2.3846153846153846,1269,1274,31,0,1243,1259,200983,26,0,0,26,15
2020-11-01,US,Hawaii,Honolulu,13186,170,0,21.45803166,-157.97121819999995,15003.0,1353.016685427212,1.2892461701804945,13016,13133,170,0,12963,13087,980080,53,0,0,53,46
2020-11-01,US,Hawaii,Kauai,65,0,0,22.03935037,-159.5966786,15007.0,89.91188635137566,0.0,65,64,0,0,64,64,72133,1,0,0,1,0
2020-11-01,US,Hawaii,Maui,524,17,0,20.86399628,-156.56890969999995,15009.0,312.99091490111516,3.2442748091603053,507,524,17,0,507,523,167207,0,0,0,0,1
2020-11-01,US,Hawaii,Out of HI,79,1,0,0.0,0.0,80015.0,0.0,1.2658227848101269,78,76,1,0,75,70,,3,0,0,3,6
2020-11-01,US,Idaho,Ada,17451,181,0,43.4526575,-116.24155159999998,16001.0,3623.644325947337,1.0371898458541058,17270,17326,180,0,17146,17098,469966,125,1,0,124,228
2020-11-01,US,Idaho,Adams,65,2,0,44.89333571,-116.4545247,16003.0,1513.7401024685607,3.0769230769230766,63,65,2,0,63,63,4250,0,0,0,0,2
2020-11-01,US,Idaho,Bannock,2732,14,0,42.67002716,-112.2233311,16005.0,3111.3338192419824,0.5124450951683748,2718,2732,14,0,2718,2666,87138,0,0,0,0,66
2020-11-01,US,Idaho,Bear Lake,77,1,0,42.28269683,-111.32892379999998,16007.0,1257.142857142857,1.2987012987012987,76,77,1,0,76,76,6050,0,0,0,0,1
2020-11-01,US,Idaho,Benewah,188,3,0,47.21754179,-116.6586851,16009.0,2021.9402021940198,1.5957446808510638,185,182,3,0,179,180,9226,6,0,0,6,2
2020-11-01,US,Idaho,Bingham,1664,23,0,43.21672879999999,-112.3978437,16011.0,3554.720044434001,1.3822115384615383,1641,1664,23,0,1641,1636,46236,0,0,0,0,28
2020-11-01,US,Idaho,Blaine,916,7,0,43.4085812,-113.9752658,16013.0,3978.9757178228583,0.7641921397379913,909,911,7,0,904,909,22601,5,0,0,5,2
2020-11-01,US,Idaho,Boise,87,2,0,43.98829931,-115.7309284,16015.0,1110.9692248754948,2.2988505747126435,85,87,2,0,85,84,7634,0,0,0,0,3
2020-11-01,US,Idaho,Bonner,527,1,0,48.29996017,-116.6017932,16017.0,1152.1895974988522,0.189753320683112,526,523,1,0,522,517,44727,4,0,0,4,6
2020-11-01,US,Idaho,Bonneville,4764,38,0,43.38713372,-111.6161537,16019.0,4001.2766457811895,0.797649034424853,4726,4719,38,0,4681,4665,116854,45,0,0,45,54
2020-11-01,US,Idaho,Boundary,203,1,0,48.76684761,-116.4630179,16021.0,1657.8195181706824,0.4926108374384237,202,203,1,0,202,190,11948,0,0,0,0,13
2020-11-01,US,Idaho,Butte,104,0,0,43.72592209,-113.1735463,16023.0,4004.620716211013,0.0,104,104,0,0,104,103,2611,0,0,0,0,1
2020-11-01,US,Idaho,Camas,41,0,0,43.46665742,-114.8065892,16025.0,3707.052441229656,0.0,41,41,0,0,41,41,1127,0,0,0,0,0
2020-11-01,US,Idaho,Canyon,10417,111,0,43.61970148,-116.70954990000001,16027.0,4532.105860804267,1.0655659018911394,10306,10335,111,0,10224,10259,223499,82,0,0,82,76
2020-11-01,US,Idaho,Caribou,306,4,0,42.77149116,-111.5597683,16029.0,4276.729559748428,1.30718954248366,302,306,4,0,302,299,7060,0,0,0,0,7
2020-11-01,US,Idaho,Cassia,1469,9,0,42.28347888,-113.6012409,16031.0,6113.191843528924,0.6126616746085772,1460,1461,9,0,1452,1430,23864,8,0,0,8,31
2020-11-01,US,Idaho,Clark,40,0,0,44.28496071,-112.35057040000001,16033.0,4733.727810650888,0.0,40,40,0,0,40,40,852,0,0,0,0,0
2020-11-01,US,Idaho,Clearwater,149,0,0,46.67459924,-115.6622393,16035.0,1701.6902695294657,0.0,149,149,0,0,149,145,8758,0,0,0,0,4
2020-11-01,US,Idaho,Custer,98,1,0,44.24186819,-114.2855494,16037.0,2271.1471610660487,1.020408163265306,97,97,1,0,96,96,4280,1,0,0,1,1
2020-11-01,US,Idaho,Elmore,581,4,0,43.3507101,-115.4701578,16039.0,2111.882519719385,0.6884681583476764,577,577,4,0,573,557,27259,4,0,0,4,20
2020-11-01,US,Idaho,Franklin,384,2,0,42.18332217,-111.81496659999999,16041.0,2767.368117613145,0.5208333333333334,382,384,2,0,382,378,13726,0,0,0,0,6
2020-11-01,US,Idaho,Fremont,504,4,0,44.22800938,-111.48099429999999,16043.0,3847.621955874495,0.7936507936507936,500,496,4,0,492,489,13168,8,0,0,8,7
2020-11-01,US,Idaho,Gem,452,6,0,44.06482372,-116.398376,16045.0,2495.583038869258,1.327433628318584,446,448,6,0,442,445,17634,4,0,0,4,3
2020-11-01,US,Idaho,Gooding,636,9,0,42.96927962,-114.81083059999999,16047.0,4189.999341195072,1.4150943396226414,627,631,9,0,622,621,15196,5,0,0,5,10
2020-11-01,US,Idaho,Idaho,380,1,0,45.84721541,-115.4634436,16049.0,2279.9544009119822,0.2631578947368421,379,380,1,0,379,380,16513,0,0,0,0,0
2020-11-01,US,Idaho,Jefferson,1025,4,0,43.82078483,-112.3131749,16051.0,3431.4217803220513,0.3902439024390244,1021,1021,4,0,1017,1012,29439,4,0,0,4,9
2020-11-01,US,Idaho,Jerome,1198,9,0,42.68891267,-114.2655033,16053.0,4907.422579059479,0.7512520868113522,1189,1189,9,0,1180,1170,24015,9,0,0,9,19
2020-11-01,US,Idaho,Kootenai,4509,51,0,47.67282258,-116.7020872,16055.0,2721.232128523752,1.1310711909514304,4458,4444,51,0,4393,4386,161505,65,0,0,65,58
2020-11-01,US,Idaho,Latah,982,1,0,46.81587887,-116.71136979999999,16057.0,2448.3893487583523,0.10183299389002036,981,982,1,0,981,979,40134,0,0,0,0,3
2020-11-01,US,Idaho,Lemhi,290,1,0,44.9438088,-113.9309747,16059.0,3612.8067771271963,0.3448275862068966,289,284,1,0,283,273,7961,6,0,0,6,11
2020-11-01,US,Idaho,Lewis,85,3,0,46.23315327,-116.434146,16061.0,2214.6951537258988,3.5294117647058822,82,85,3,0,82,85,3861,0,0,0,0,0
2020-11-01,US,Idaho,Lincoln,240,3,0,43.0012336,-114.1358773,16063.0,4472.60529258293,1.25,237,237,3,0,234,233,5360,3,0,0,3,4
2020-11-01,US,Idaho,Madison,2751,4,0,43.78141028,-111.65384740000002,16065.0,6893.5274513243285,0.14540167211922936,2747,2718,4,0,2714,2694,39304,33,0,0,33,24
2020-11-01,US,Idaho,Minidoka,1260,9,0,42.85518524,-113.6357257,16067.0,5988.877798374449,0.7142857142857143,1251,1257,9,0,1248,1236,20825,3,0,0,3,21
2020-11-01,US,Idaho,Nez Perce,924,24,0,46.32638236,-116.75009750000001,16069.0,2286.6759057612353,2.5974025974025974,900,924,24,0,900,923,40408,0,0,0,0,1
2020-11-01,US,Idaho,Oneida,64,0,0,42.19494279999999,-112.5407838,16071.0,1412.4917236813067,0.0,64,64,0,0,64,57,4488,0,0,0,0,7
2020-11-01,US,Idaho,Owyhee,406,5,0,42.58016894,-116.16938710000001,16073.0,3433.984606275903,1.2315270935960592,401,405,5,0,400,404,11693,1,0,0,1,1
2020-11-01,US,Idaho,Payette,1174,10,0,44.00545243,-116.7647695,16075.0,4901.674251597011,0.8517887563884157,1164,1171,10,0,1161,1162,23551,3,0,0,3,9
2020-11-01,US,Idaho,Power,376,2,0,42.69254894,-112.83957420000002,16077.0,4895.195938028904,0.5319148936170213,374,376,2,0,374,372,7768,0,0,0,0,4
2020-11-01,US,Idaho,Shoshone,288,20,0,47.35364087,-115.89167490000001,16079.0,2235.6776897997206,6.9444444444444455,268,287,20,0,267,286,12796,1,0,0,1,1
2020-11-01,US,Idaho,Teton,305,2,0,43.75303583,-111.2056773,16081.0,2511.9420194366658,0.6557377049180327,303,302,2,0,300,297,11640,3,0,0,3,5
2020-11-01,US,Idaho,Twin Falls,4363,49,0,42.35440512,-114.6685381,16083.0,5021.984852321646,1.1230804492321798,4314,4316,49,0,4267,4273,86081,47,0,0,47,43
2020-11-01,US,Idaho,Valley,129,1,0,44.76728382,-115.5676773,16085.0,1132.373595505618,0.7751937984496124,128,127,1,0,126,122,11041,2,0,0,2,5
2020-11-01,US,Idaho,Washington,484,8,0,44.45275475,-116.78476880000001,16087.0,4747.8909162252285,1.6528925619834711,476,481,8,0,473,478,10161,3,0,0,3,3
2020-11-01,US,Illinois,Adams,2223,25,0,39.98815591,-91.18786813,17001.0,3397.264460915412,1.1246063877642825,2198,2136,24,0,2112,2136,65691,87,1,0,86,0
2020-11-01,US,Illinois,Alexander,154,2,0,37.18049267,-89.32910838,17003.0,2673.1470230862697,1.2987012987012987,152,147,1,0,146,147,6060,7,1,0,6,0
2020-11-01,US,Illinois,Bond,544,9,0,38.88829622,-89.43534887,17005.0,3311.8227200779247,1.6544117647058822,535,532,9,0,523,532,16630,12,0,0,12,0
2020-11-01,US,Illinois,Boone,2171,26,0,42.32359279,-88.82345779,17007.0,4054.6092932914985,1.1976047904191616,2145,2038,25,0,2013,2038,53577,133,1,0,132,0
2020-11-01,US,Illinois,Brown,127,0,0,39.96209138,-90.75068024,17009.0,1930.6780176345394,0.0,127,121,0,0,121,121,6556,6,0,0,6,0
2020-11-01,US,Illinois,Bureau,1022,19,0,41.40385234,-89.5283051,17011.0,3132.2790241510356,1.859099804305284,1003,986,17,0,969,986,32993,36,2,0,34,0
2020-11-01,US,Illinois,Calhoun,84,0,0,39.16840183,-90.66330078,17013.0,1772.5258493353028,0.0,84,70,0,0,70,70,4802,14,0,0,14,0
2020-11-01,US,Illinois,Carroll,506,14,0,42.06823429,-89.93395545,17015.0,3537.2247465921,2.766798418972332,492,490,13,0,477,490,14312,16,1,0,15,0
2020-11-01,US,Illinois,Cass,476,11,0,39.96991073,-90.24734436,17017.0,3918.663044373097,2.310924369747899,465,474,11,0,463,474,12260,2,0,0,2,0
2020-11-01,US,Illinois,Champaign,6824,28,0,40.13919438,-88.20046615,17019.0,3254.3433370372313,0.41031652989449,6796,6585,28,0,6557,6585,209983,239,0,0,239,0
2020-11-01,US,Illinois,Christian,912,31,0,39.54581621,-89.27780482,17021.0,2823.1797919762257,3.399122807017544,881,888,31,0,857,888,32661,24,0,0,24,0
2020-11-01,US,Illinois,Clark,334,18,0,39.33425789,-87.78705622,17023.0,2163.0723398743603,5.389221556886229,316,328,18,0,310,328,15596,6,0,0,6,0
2020-11-01,US,Illinois,Clay,350,14,0,38.75388572,-88.48914513,17025.0,2654.733009708738,4.0,336,335,14,0,321,335,13253,15,0,0,15,0
2020-11-01,US,Illinois,Clinton,1919,31,0,38.60704876,-89.42385254,17027.0,5108.8866407539535,1.6154247003647733,1888,1877,31,0,1846,1877,37639,42,0,0,42,0
2020-11-01,US,Illinois,Coles,2178,40,0,39.51949084,-88.22358557,17029.0,4302.5621777523165,1.8365472910927456,2138,2111,40,0,2071,2111,50885,67,0,0,67,0
2020-11-01,US,Illinois,Cook,193102,5500,0,41.84144849,-87.81658794,17031.0,3749.3837657441914,2.8482356474816424,187602,186405,5469,0,180936,186405,5180493,6697,31,0,6666,0
2020-11-01,US,Illinois,Crawford,684,6,0,39.0032229,-87.75954624,17033.0,3664.220281780682,0.8771929824561403,678,676,6,0,670,676,18807,8,0,0,8,0
2020-11-01,US,Illinois,Cumberland,323,6,0,39.27432424,-88.2401158,17035.0,3000.1857700167193,1.8575851393188851,317,313,6,0,307,313,10808,10,0,0,10,0
2020-11-01,US,Illinois,De Witt,303,6,0,40.17514519,-88.90959682,17039.0,1937.587926844865,1.98019801980198,297,282,6,0,276,282,15769,21,0,0,21,0
2020-11-01,US,Illinois,DeKalb,2779,43,0,41.89373302,-88.76958483,17037.0,2649.2654699371765,1.547319179560993,2736,2605,43,0,2562,2605,104143,174,0,0,174,0
2020-11-01,US,Illinois,Douglas,825,9,0,39.76768052,-88.21854195,17041.0,4238.376573336758,1.0909090909090908,816,787,9,0,778,787,19479,38,0,0,38,0
2020-11-01,US,Illinois,DuPage,25681,622,0,41.85116968,-88.08642662,17043.0,2782.578357194169,2.4220240644834705,25059,24696,619,0,24077,24696,928589,985,3,0,982,0
2020-11-01,US,Illinois,Edgar,175,11,0,39.6809186,-87.74759563,17045.0,1019.75409358429,6.2857142857142865,164,167,11,0,156,167,17360,8,0,0,8,0
2020-11-01,US,Illinois,Edwards,116,0,0,38.41353228,-88.05720863,17047.0,1813.91712275215,0.0,116,114,0,0,114,114,6392,2,0,0,2,0
2020-11-01,US,Illinois,Effingham,1330,4,0,39.05935711,-88.58969584,17049.0,3910.844507174783,0.3007518796992481,1326,1285,4,0,1281,1285,34208,45,0,0,45,0
2020-11-01,US,Illinois,Fayette,735,24,0,39.00072038,-89.02452658,17051.0,3444.8818897637793,3.26530612244898,711,720,24,0,696,720,21416,15,0,0,15,0
2020-11-01,US,Illinois,Ford,222,16,0,40.59706922,-88.22350769,17053.0,1712.8308000925854,7.207207207207206,206,217,16,0,201,217,13264,5,0,0,5,0
2020-11-01,US,Illinois,Franklin,1110,10,0,37.99189086,-88.92567818,17055.0,2885.4402245964284,0.9009009009009008,1100,1081,10,0,1071,1081,38701,29,0,0,29,0
2020-11-01,US,Illinois,Fulton,657,2,0,40.47289135,-90.20862357,17057.0,1913.2207338380897,0.30441400304414,655,622,2,0,620,622,34844,35,0,0,35,0
2020-11-01,US,Illinois,Gallatin,117,2,0,37.76430935,-88.22953869,17059.0,2423.363711681856,1.709401709401709,115,113,2,0,111,113,5058,4,0,0,4,0
2020-11-01,US,Illinois,Greene,342,17,0,39.35907414,-90.388865,17061.0,2637.05759888966,4.970760233918129,325,329,17,0,312,329,13044,13,0,0,13,0
2020-11-01,US,Illinois,Grundy,1125,7,0,41.28569601,-88.41905692,17063.0,2203.549183217769,0.6222222222222222,1118,1086,7,0,1079,1086,50972,39,0,0,39,0
2020-11-01,US,Illinois,Hamilton,148,2,0,38.08163641,-88.53883373,17065.0,1823.558403154264,1.351351351351351,146,143,2,0,141,143,8163,5,0,0,5,0
2020-11-01,US,Illinois,Hancock,369,4,0,40.40423981,-91.16313899,17067.0,2083.8039304269255,1.084010840108401,365,345,4,0,341,345,17844,24,0,0,24,0
2020-11-01,US,Illinois,Hardin,59,0,0,37.51810645,-88.26873022,17069.0,1544.0984035592776,0.0,59,58,0,0,58,58,3910,1,0,0,1,0
2020-11-01,US,Illinois,Henderson,137,0,0,40.81908672,-90.92491462,17071.0,2061.3903099608788,0.0,137,136,0,0,136,136,6709,1,0,0,1,0
2020-11-01,US,Illinois,Henry,888,9,0,41.3533994,-90.13296166,17073.0,1815.4682804162487,1.0135135135135136,879,879,7,0,872,879,49090,9,2,0,7,0
2020-11-01,US,Illinois,Iroquois,572,19,0,40.74717633,-87.82466784,17075.0,2109.611270930147,3.3216783216783217,553,539,19,0,520,539,27604,33,0,0,33,0
2020-11-01,US,Illinois,Jackson,1660,26,0,37.78595185,-89.38232563,17077.0,2925.11013215859,1.5662650602409638,1634,1637,26,0,1611,1637,57419,23,0,0,23,0
2020-11-01,US,Illinois,Jasper,294,10,0,39.01054275,-88.15437049,17079.0,3059.3132154006244,3.4013605442176873,284,280,10,0,270,280,9611,14,0,0,14,0
2020-11-01,US,Illinois,Jefferson,1017,52,0,38.29980057,-88.9240025,17081.0,2698.7580936206346,5.11307767944936,965,973,52,0,921,973,37820,44,0,0,44,0
2020-11-01,US,Illinois,Jersey,495,21,0,39.08869046,-90.35393073,17083.0,2273.457952509989,4.242424242424242,474,485,21,0,464,485,21847,10,0,0,10,0
2020-11-01,US,Illinois,Jo Daviess,584,9,0,42.36542373,-90.21094405,17085.0,2750.1765952437013,1.5410958904109588,575,556,9,0,547,556,21366,28,0,0,28,0
2020-11-01,US,Illinois,Johnson,408,0,0,37.45939802,-88.88165419,17087.0,3285.817830393815,0.0,408,392,0,0,392,392,12456,16,0,0,16,0
2020-11-01,US,Illinois,Kane,18650,356,0,41.93842729,-88.42861412,17089.0,3502.9855203670904,1.9088471849865951,18294,18030,351,0,17679,18030,534216,620,5,0,615,0
2020-11-01,US,Illinois,Kankakee,3867,81,0,41.13746989,-87.86205334,17091.0,3519.870382843932,2.0946470131885184,3786,3682,81,0,3601,3682,110024,185,0,0,185,0
2020-11-01,US,Illinois,Kendall,3083,30,0,41.59081014,-88.42869583,17093.0,2390.107760291496,0.9730781706130393,3053,2938,30,0,2908,2938,127915,145,0,0,145,0
2020-11-01,US,Illinois,Knox,1467,21,0,40.93148779,-90.21330340000002,17095.0,2951.769653312944,1.4314928425357871,1446,1418,21,0,1397,1418,50112,49,0,0,49,0
2020-11-01,US,Illinois,LaSalle,2776,69,0,41.34426129999999,-88.88633881,17099.0,2554.5463747710933,2.4855907780979827,2707,2652,68,0,2584,2652,109430,124,1,0,123,0
2020-11-01,US,Illinois,Lake,22618,522,0,42.3224907,-88.00367925,17097.0,3247.2165792099463,2.3078963657264127,22096,21819,518,0,21301,21819,700832,799,4,0,795,0
2020-11-01,US,Illinois,Lawrence,379,8,0,38.71987914,-87.72884035,17101.0,2417.4001785942082,2.1108179419525066,371,362,8,0,354,362,15765,17,0,0,17,0
2020-11-01,US,Illinois,Lee,926,2,0,41.74583951,-89.29977132,17103.0,2715.8610980760204,0.2159827213822894,924,840,2,0,838,840,34223,86,0,0,86,0
2020-11-01,US,Illinois,Livingston,769,12,0,40.89188292,-88.55784752,17105.0,2157.2037701974864,1.5604681404421326,757,730,12,0,718,730,35761,39,0,0,39,0
2020-11-01,US,Illinois,Logan,666,4,0,40.12581572,-89.36638784,17107.0,2327.206653155357,0.6006006006006006,662,645,4,0,641,645,28925,21,0,0,21,0
2020-11-01,US,Illinois,Macon,3685,59,0,39.86064913,-88.96342505,17115.0,3542.962628234095,1.6010854816824966,3626,3555,56,0,3499,3555,104712,130,3,0,127,0
2020-11-01,US,Illinois,Macoupin,877,11,0,39.26119767,-89.92424028,17117.0,1952.0990072563773,1.2542759407069557,866,854,11,0,843,854,45313,23,0,0,23,0
2020-11-01,US,Illinois,Madison,7751,160,0,38.83042506,-89.90422563,17119.0,2947.5293383935564,2.064249774222681,7591,7554,158,0,7396,7554,264461,197,2,0,195,0
2020-11-01,US,Illinois,Marion,1207,25,0,38.64963204,-88.91899208,17121.0,3244.187609192313,2.071251035625518,1182,1170,23,0,1147,1170,37620,37,2,0,35,0
2020-11-01,US,Illinois,Marshall,174,3,0,41.0327901,-89.34510444,17123.0,1521.2449728973597,1.7241379310344829,171,171,3,0,168,171,11534,3,0,0,3,0
2020-11-01,US,Illinois,Mason,361,7,0,40.23917274,-89.91824452,17125.0,2702.2980762033085,1.9390581717451525,354,346,5,0,341,346,13565,15,2,0,13,0
2020-11-01,US,Illinois,Massac,172,2,0,37.22078441,-88.71036614,17127.0,1248.9108335753706,1.162790697674419,170,165,2,0,163,165,14080,7,0,0,7,0
2020-11-01,US,Illinois,McDonough,828,22,0,40.45674722,-90.67775541,17109.0,2789.569436021832,2.6570048309178738,806,818,22,0,796,818,29955,10,0,0,10,0
2020-11-01,US,Illinois,McHenry,7265,121,0,42.32451172,-88.45248227,17111.0,2360.4982877046145,1.6655196145905025,7144,6953,121,0,6832,6953,308570,312,0,0,312,0
2020-11-01,US,Illinois,McLean,4500,38,0,40.48996987,-88.84621113,17113.0,2623.6466356104643,0.8444444444444444,4462,4392,37,0,4355,4392,172828,108,1,0,107,0
2020-11-01,US,Illinois,Menard,193,1,0,40.02742725,-89.80246001,17129.0,1582.4860610036078,0.5181347150259067,192,191,1,0,190,191,12288,2,0,0,2,0
2020-11-01,US,Illinois,Mercer,339,6,0,41.20596782,-90.74290052,17131.0,2196.0225432402667,1.7699115044247788,333,311,6,0,305,311,15601,28,0,0,28,0
2020-11-01,US,Illinois,Monroe,1068,32,0,38.27594376,-90.17761038,17133.0,3083.407916389988,2.9962546816479403,1036,1016,30,0,986,1016,34335,52,2,0,50,0
2020-11-01,US,Illinois,Montgomery,687,17,0,39.23198845,-89.47809254,17135.0,2417.8222003237843,2.4745269286754,670,667,16,0,651,667,28601,20,1,0,19,0
2020-11-01,US,Illinois,Morgan,1064,26,0,39.71654544,-90.20255104,17137.0,3161.209816388377,2.443609022556391,1038,1032,26,0,1006,1032,33976,32,0,0,32,0
2020-11-01,US,Illinois,Moultrie,496,6,0,39.64187451,-88.62099969,17139.0,3420.4537618095305,1.2096774193548387,490,470,6,0,464,470,14717,26,0,0,26,0
2020-11-01,US,Illinois,Ogle,1428,8,0,42.04165196,-89.32184679,17141.0,2819.7381671701914,0.5602240896358543,1420,1354,8,0,1346,1354,50923,74,0,0,74,0
2020-11-01,US,Illinois,Peoria,5083,79,0,40.78702156,-89.76078901,17143.0,2836.8279764927806,1.554200275427897,5004,4893,78,0,4815,4893,180621,190,1,0,189,0
2020-11-01,US,Illinois,Perry,507,16,0,38.08510853,-89.36856219,17145.0,2423.9816408491106,3.1558185404339247,491,485,16,0,469,485,21174,22,0,0,22,0
2020-11-01,US,Illinois,Piatt,290,2,0,40.01360584,-88.59319339,17147.0,1774.3514439549679,0.6896551724137931,288,282,2,0,280,282,16396,8,0,0,8,0
2020-11-01,US,Illinois,Pike,441,8,0,39.62265059,-90.8877017,17149.0,2834.008097165992,1.8140589569161,433,423,7,0,416,423,15611,18,1,0,17,0
2020-11-01,US,Illinois,Pope,45,1,0,37.41391284,-88.56152109,17151.0,1077.3282259995212,2.2222222222222223,44,44,1,0,43,44,4212,1,0,0,1,0
2020-11-01,US,Illinois,Pulaski,247,1,0,37.22631423,-89.13085001,17153.0,4629.8031865042185,0.4048582995951417,246,246,1,0,245,246,5463,1,0,0,1,0
2020-11-01,US,Illinois,Putnam,107,0,0,41.2013541,-89.2869272,17155.0,1864.4363129465064,0.0,107,101,0,0,101,101,5740,6,0,0,6,0
2020-11-01,US,Illinois,Randolph,1403,15,0,38.05095369,-89.82512254,17157.0,4414.448429928891,1.0691375623663577,1388,1358,15,0,1343,1358,32106,45,0,0,45,0
2020-11-01,US,Illinois,Richland,355,18,0,38.71240969,-88.08475366,17159.0,2288.403274672855,5.070422535211269,337,347,18,0,329,347,15763,8,0,0,8,0
2020-11-01,US,Illinois,Rock Island,4522,95,0,41.46613806,-90.57042164,17161.0,3187.222915301066,2.100840336134454,4427,4349,95,0,4254,4349,143477,173,0,0,173,0
2020-11-01,US,Illinois,Saline,653,11,0,37.75332999,-88.54119706,17165.0,2779.788003916393,1.6845329249617151,642,637,11,0,626,637,23906,16,0,0,16,0
2020-11-01,US,Illinois,Sangamon,4638,66,0,39.75836914,-89.65872023,17167.0,2382.468973452782,1.423027166882277,4572,4450,64,0,4386,4450,195348,188,2,0,186,0
2020-11-01,US,Illinois,Schuyler,101,1,0,40.157179799999994,-90.61114163,17169.0,1492.3167848699766,0.99009900990099,100,101,1,0,100,101,6907,0,0,0,0,0
2020-11-01,US,Illinois,Scott,116,0,0,39.642916899999996,-90.47814431,17171.0,2342.961017976166,0.0,116,116,0,0,116,116,4926,0,0,0,0,0
2020-11-01,US,Illinois,Shelby,770,12,0,39.39133527,-88.80611122,17173.0,3559.212350929093,1.5584415584415583,758,746,12,0,734,746,21741,24,0,0,24,0
2020-11-01,US,Illinois,St. Clair,8405,224,0,38.46996033,-89.93063427,17163.0,3236.601125975217,2.6650803093396793,8181,8247,224,0,8023,8247,261059,158,0,0,158,0
2020-11-01,US,Illinois,Stark,102,3,0,41.09309773,-89.79745866,17175.0,1909.3972295020596,2.9411764705882355,99,96,3,0,93,96,5427,6,0,0,6,0
2020-11-01,US,Illinois,Stephenson,1242,9,0,42.35129217,-89.662598,17177.0,2791.1366803002393,0.7246376811594203,1233,1182,9,0,1173,1182,44753,60,0,0,60,0
2020-11-01,US,Illinois,Tazewell,3034,59,0,40.50716185,-89.51404662,17179.0,2301.920290129967,1.944627554383652,2975,2905,59,0,2846,2905,132328,129,0,0,129,0
2020-11-01,US,Illinois,Unassigned,6320,283,0,0.0,0.0,90017.0,0.0,4.477848101265823,6037,6324,283,0,6041,6324,,-4,0,0,-4,0
2020-11-01,US,Illinois,Union,821,25,0,37.47119609,-89.25548938,17181.0,4930.042634960668,3.0450669914738118,796,810,25,0,785,810,16841,11,0,0,11,0
2020-11-01,US,Illinois,Vermilion,1974,12,0,40.18417171,-87.73384359,17183.0,2605.665408273713,0.6079027355623101,1962,1893,11,0,1882,1893,76806,81,1,0,80,0
2020-11-01,US,Illinois,Wabash,264,6,0,38.44272901,-87.84922065,17185.0,2291.6666666666665,2.272727272727273,258,256,6,0,250,256,11549,8,0,0,8,0
2020-11-01,US,Illinois,Warren,570,9,0,40.84925021,-90.6147432,17187.0,3383.994300641177,1.5789473684210529,561,561,9,0,552,561,17032,9,0,0,9,0
2020-11-01,US,Illinois,Washington,353,2,0,38.35309213,-89.40982703,17189.0,2541.945704615828,0.56657223796034,351,339,2,0,337,339,13995,14,0,0,14,0
2020-11-01,US,Illinois,Wayne,546,18,0,38.42955355,-88.42586459,17191.0,3367.2525439407955,3.2967032967032965,528,532,17,0,515,532,16332,14,1,0,13,0
2020-11-01,US,Illinois,White,299,5,0,38.08706198,-88.17657461,17193.0,2208.761173081185,1.6722408026755853,294,289,5,0,284,289,13665,10,0,0,10,0
2020-11-01,US,Illinois,Whiteside,1804,31,0,41.75509713,-89.91556058,17195.0,3269.5967376529225,1.7184035476718404,1773,1691,30,0,1661,1691,55626,113,1,0,112,0
2020-11-01,US,Illinois,Will,20657,445,0,41.44619267,-87.97862712,17197.0,2990.5478593340795,2.1542334317664715,20212,19946,439,0,19507,19946,692310,711,6,0,705,0
2020-11-01,US,Illinois,Williamson,2062,61,0,37.73033511,-88.92994027,17199.0,3096.2355661666443,2.9582929194956358,2001,2016,61,0,1955,2016,67056,46,0,0,46,0
2020-11-01,US,Illinois,Winnebago,11638,187,0,42.33641854,-89.16085327,17201.0,4118.596322353241,1.6068052930056709,11451,11084,186,0,10898,11084,284081,554,1,0,553,0
2020-11-01,US,Illinois,Woodford,781,17,0,40.78579374,-89.20973757,17203.0,2030.7340284458774,2.1766965428937257,764,723,15,0,708,723,38463,58,2,0,56,0
2020-11-01,US,Indiana,Adams,704,8,0,40.7457653,-84.93671406,18001.0,1967.7446404114373,1.1363636363636365,696,676,8,0,668,651,35636,28,0,0,28,25
2020-11-01,US,Indiana,Allen,9638,237,0,41.09194313,-85.06800636,18003.0,2541.00327182513,2.459016393442623,9401,9488,237,0,9251,9275,375351,150,0,0,150,213
2020-11-01,US,Indiana,Bartholomew,1597,59,0,39.20744865,-85.89558181,18005.0,1906.2056123849645,3.6944270507201,1538,1571,59,0,1512,1553,82753,26,0,0,26,18
2020-11-01,US,Indiana,Benton,123,1,0,40.60626947,-87.31093999,18007.0,1406.0356652949247,0.8130081300813008,122,120,0,0,120,120,8653,3,1,0,2,0
2020-11-01,US,Indiana,Blackford,287,6,0,40.47388153,-85.32499702,18009.0,2440.891308045586,2.0905923344947737,281,283,6,0,277,276,11930,4,0,0,4,7
2020-11-01,US,Indiana,Boone,1421,51,0,40.0509304,-86.46841646,18011.0,2094.541809766667,3.5890218156228006,1370,1406,50,0,1356,1378,66999,15,1,0,14,28
2020-11-01,US,Indiana,Brown,160,3,0,39.19605589,-86.22868909,18013.0,1060.164325470448,1.875,157,159,3,0,156,156,15234,1,0,0,1,3
2020-11-01,US,Indiana,Carroll,386,13,0,40.580783200000006,-86.56198812,18015.0,1905.5141432591204,3.3678756476683938,373,379,13,0,366,370,20127,7,0,0,7,9
2020-11-01,US,Indiana,Cass,2403,26,0,40.76135835,-86.34830753,18017.0,6375.865637188571,1.0819808572617562,2377,2393,26,0,2367,2374,37955,10,0,0,10,19
2020-11-01,US,Indiana,Clark,3310,67,0,38.48015445,-85.70510334,18019.0,2797.9239573295463,2.02416918429003,3243,3270,67,0,3203,3224,117360,40,0,0,40,46
2020-11-01,US,Indiana,Clay,554,10,0,39.39561833,-87.11723506,18021.0,2112.4880838894187,1.8050541516245489,544,545,9,0,536,513,26170,9,1,0,8,32
2020-11-01,US,Indiana,Clinton,1055,16,0,40.30319754,-86.47277257,18023.0,3256.2733417698078,1.5165876777251184,1039,1036,16,0,1020,1008,32250,19,0,0,19,28
2020-11-01,US,Indiana,Crawford,177,1,0,38.28814402,-86.44518825,18025.0,1673.4423749645457,0.5649717514124294,176,176,1,0,175,175,10558,1,0,0,1,1
2020-11-01,US,Indiana,Daviess,1010,36,0,38.70186039,-87.07185406,18027.0,3028.3949506761405,3.5643564356435644,974,993,36,0,957,973,33147,17,0,0,17,20
2020-11-01,US,Indiana,DeKalb,914,13,0,41.39804622,-84.99906934,18033.0,2102.357676825762,1.4223194748358865,901,892,13,0,879,867,43226,22,0,0,22,25
2020-11-01,US,Indiana,Dearborn,1150,28,0,39.14647946,-84.97333539,18029.0,2325.205224635044,2.4347826086956523,1122,1128,28,0,1100,1110,49568,22,0,0,22,18
2020-11-01,US,Indiana,Decatur,617,39,0,39.30712658,-85.50087166,18031.0,2323.129635904966,6.320907617504052,578,601,39,0,562,583,26794,16,0,0,16,18
2020-11-01,US,Indiana,Delaware,3393,83,0,40.22787247,-85.39732772,18035.0,2972.795373899329,2.4462127910403773,3310,3375,81,0,3294,3320,114772,18,2,0,16,55
2020-11-01,US,Indiana,Dubois,1635,28,0,38.36597551,-86.87924170000002,18037.0,3825.8143017596412,1.7125382262996942,1607,1621,28,0,1593,1588,42565,14,0,0,14,33
2020-11-01,US,Indiana,Elkhart,10310,151,0,41.59761169,-85.85875695,18039.0,4996.583325659952,1.4645974781765276,10159,10131,151,0,9980,9964,205560,179,0,0,179,167
2020-11-01,US,Indiana,Fayette,925,23,0,39.63684962,-85.17797541,18041.0,4003.982339191412,2.4864864864864864,902,907,22,0,885,875,23047,18,1,0,17,32
2020-11-01,US,Indiana,Floyd,2032,69,0,38.32117957,-85.90385377,18043.0,2587.8097857925172,3.3956692913385833,1963,2010,69,0,1941,1962,77781,22,0,0,22,48
2020-11-01,US,Indiana,Fountain,402,3,0,40.12361933,-87.24217689,18045.0,2459.317264162486,0.746268656716418,399,385,3,0,382,362,16351,17,0,0,17,23
2020-11-01,US,Indiana,Franklin,406,26,0,39.4142482,-85.06062647,18047.0,1783.9880481588891,6.403940886699507,380,405,26,0,379,406,22736,1,0,0,1,-1
2020-11-01,US,Indiana,Fulton,440,11,0,41.0469907,-86.26252745,18049.0,2202.8637228396915,2.5,429,429,11,0,418,425,20092,11,0,0,11,4
2020-11-01,US,Indiana,Gibson,1038,12,0,38.30393723,-87.58054938,18051.0,3083.870584390505,1.1560693641618498,1026,1009,12,0,997,996,33452,29,0,0,29,13
2020-11-01,US,Indiana,Grant,1483,41,0,40.51587228,-85.65468702,18053.0,2254.861712965075,2.7646662171274445,1442,1470,40,0,1430,1453,65936,13,1,0,12,17
2020-11-01,US,Indiana,Greene,636,40,0,39.03630547,-86.96223202,18055.0,1992.3563686485807,6.289308176100628,596,621,38,0,583,611,32006,15,2,0,13,10
2020-11-01,US,Indiana,Hamilton,7085,125,0,40.07306535,-86.05244729,18057.0,2096.0856303493083,1.7642907551164433,6960,6952,124,0,6828,6799,330086,133,1,0,132,153
2020-11-01,US,Indiana,Hancock,1368,44,0,39.82304555,-85.77566351,18059.0,1750.076757752533,3.2163742690058483,1324,1353,44,0,1309,1324,76351,15,0,0,15,29
2020-11-01,US,Indiana,Harrison,888,24,0,38.19467379,-86.10948271,18061.0,2191.7808219178078,2.702702702702702,864,880,24,0,856,859,40350,8,0,0,8,21
2020-11-01,US,Indiana,Hendricks,3678,140,0,39.76719009,-86.51037283,18063.0,2159.578653169789,3.8064165307232187,3538,3655,140,0,3515,3599,167009,23,0,0,23,56
2020-11-01,US,Indiana,Henry,1556,30,0,39.93029017,-85.39625719,18065.0,3243.558742599849,1.9280205655526992,1526,1471,30,0,1441,1438,48271,85,0,0,85,33
2020-11-01,US,Indiana,Howard,1827,68,0,40.48527731,-86.11351892,18067.0,2213.3649932157396,3.7219485495347566,1759,1810,68,0,1742,1784,82366,17,0,0,17,26
2020-11-01,US,Indiana,Huntington,552,5,0,40.82907273,-85.48822092,18069.0,1511.500547645126,0.9057971014492754,547,528,5,0,523,513,36240,24,0,0,24,15
2020-11-01,US,Indiana,Jackson,1299,20,0,38.90915820000001,-86.03851889,18071.0,2936.8542424996044,1.5396458814472669,1279,1286,20,0,1266,1269,44111,13,0,0,13,17
2020-11-01,US,Indiana,Jasper,819,5,0,41.02078733,-87.11553319,18073.0,2440.2598176509146,0.6105006105006106,814,798,5,0,793,766,33370,21,0,0,21,32
2020-11-01,US,Indiana,Jay,421,7,0,40.43781032,-85.00576229,18075.0,2060.090037189274,1.66270783847981,414,413,6,0,407,399,20764,8,1,0,7,14
2020-11-01,US,Indiana,Jefferson,448,5,0,38.78576239,-85.43633383,18077.0,1386.6534604432336,1.1160714285714286,443,440,5,0,435,423,32208,8,0,0,8,17
2020-11-01,US,Indiana,Jennings,442,13,0,38.99588883,-85.62710784,18079.0,1593.654227510366,2.9411764705882355,429,427,13,0,414,409,27611,15,0,0,15,18
2020-11-01,US,Indiana,Johnson,3599,147,0,39.48994426,-86.10149107,18081.0,2275.4430443771453,4.0844679077521535,3452,3564,142,0,3422,3506,156225,35,5,0,30,58
2020-11-01,US,Indiana,Knox,957,10,0,38.68861576,-87.4194665,18083.0,2615.182816855222,1.044932079414838,947,940,10,0,930,910,36895,17,0,0,17,30
2020-11-01,US,Indiana,Kosciusko,2346,30,0,41.24521668,-85.86312322,18085.0,2952.577527184857,1.278772378516624,2316,2301,30,0,2271,2235,79344,45,0,0,45,66
2020-11-01,US,Indiana,LaGrange,878,15,0,41.64232188,-85.42674232,18087.0,2216.388145605089,1.7084282460136675,863,874,15,0,859,861,39330,4,0,0,4,13
2020-11-01,US,Indiana,LaPorte,2623,68,0,41.54366008,-86.74072188,18091.0,2386.9758299359346,2.5924513915364087,2555,2596,67,0,2529,2562,110007,27,1,0,26,34
2020-11-01,US,Indiana,Lake,16017,376,0,41.41874274,-87.38277575,18089.0,3299.1206876309247,2.347505775113941,15641,15726,375,0,15351,15351,484411,291,1,0,290,375
2020-11-01,US,Indiana,Lawrence,1097,39,0,38.84112637,-86.48361629,18093.0,2417.897288957461,3.555150410209663,1058,1090,39,0,1051,1062,45668,7,0,0,7,28
2020-11-01,US,Indiana,Madison,2862,101,0,40.16143691,-85.71964711,18095.0,2208.8616875950265,3.52900069881202,2761,2814,100,0,2714,2758,129641,48,1,0,47,56
2020-11-01,US,Indiana,Marion,27690,796,0,39.78163624,-86.13826325,18097.0,2870.6735145379034,2.8746840014445647,26894,27455,796,0,26659,27107,954670,235,0,0,235,348
2020-11-01,US,Indiana,Marshall,1641,30,0,41.32467367,-86.26185087,18099.0,3547.4944874400103,1.828153564899452,1611,1602,30,0,1572,1578,46248,39,0,0,39,24
2020-11-01,US,Indiana,Martin,214,0,0,38.7099921,-86.80373186,18101.0,2086.786933203316,0.0,214,213,0,0,213,210,10217,1,0,0,1,3
2020-11-01,US,Indiana,Miami,780,5,0,40.76940965,-86.04525048,18103.0,2196.193265007321,0.6410256410256411,775,756,5,0,751,735,35567,24,0,0,24,21
2020-11-01,US,Indiana,Monroe,3557,39,0,39.16130004,-86.52414358,18105.0,2396.3996739225627,1.0964295754849591,3518,3543,39,0,3504,3515,146917,14,0,0,14,28
2020-11-01,US,Indiana,Montgomery,736,22,0,40.04034823,-86.89335024,18107.0,1919.7662893213,2.989130434782609,714,719,22,0,697,694,38346,17,0,0,17,25
2020-11-01,US,Indiana,Morgan,1079,41,0,39.47899078,-86.44573375,18109.0,1530.7352920313806,3.799814643188137,1038,1073,41,0,1032,1060,70116,6,0,0,6,13
2020-11-01,US,Indiana,Newton,277,12,0,40.95610449,-87.39635768,18111.0,1980.8352402745995,4.332129963898917,265,262,12,0,250,252,14011,15,0,0,15,10
2020-11-01,US,Indiana,Noble,1357,35,0,41.39672484,-85.41966713,18113.0,2842.241957104557,2.5792188651437,1322,1344,35,0,1309,1311,47532,13,0,0,13,33
2020-11-01,US,Indiana,Ohio,151,7,0,38.955304999999996,-84.96515993,18115.0,2570.212765957447,4.635761589403972,144,148,7,0,141,147,5844,3,0,0,3,1
2020-11-01,US,Indiana,Orange,455,25,0,38.54118920000001,-86.49523093,18117.0,2315.993077471241,5.494505494505495,430,451,25,0,426,441,19489,4,0,0,4,10
2020-11-01,US,Indiana,Owen,239,1,0,39.31145587,-86.83900724,18119.0,1149.0937064281934,0.41841004184100417,238,233,1,0,232,229,20845,6,0,0,6,4
2020-11-01,US,Indiana,Parke,283,4,0,39.77202286,-87.20375833,18121.0,1670.8980338902993,1.413427561837456,279,278,4,0,274,275,16927,5,0,0,5,3
2020-11-01,US,Indiana,Perry,505,14,0,38.07809328,-86.63741946,18123.0,2634.461891595806,2.7722772277227716,491,463,14,0,449,441,19102,42,0,0,42,22
2020-11-01,US,Indiana,Pike,383,18,0,38.40112197,-87.23574907,18125.0,3091.4520946000484,4.699738903394255,365,379,18,0,361,376,12410,4,0,0,4,3
2020-11-01,US,Indiana,Porter,4013,54,0,41.45986947,-87.06848888,18127.0,2355.1989858500256,1.3456267131821578,3959,3925,54,0,3871,3797,169594,88,0,0,88,128
2020-11-01,US,Indiana,Posey,855,11,0,38.02097333,-87.86480429,18129.0,3362.567349667676,1.286549707602339,844,837,8,0,829,813,25540,18,3,0,15,24
2020-11-01,US,Indiana,Pulaski,198,4,0,41.04166107,-86.69890683,18131.0,1602.8495102404277,2.0202020202020203,194,194,4,0,190,188,12469,4,0,0,4,6
2020-11-01,US,Indiana,Putnam,837,17,0,39.66437981,-86.84517605,18133.0,2227.485629124973,2.031063321385902,820,825,17,0,808,817,37779,12,0,0,12,8
2020-11-01,US,Indiana,Randolph,510,11,0,40.15734772,-85.01139319,18135.0,2067.7072775187507,2.156862745098039,499,501,11,0,490,488,24851,9,0,0,9,13
2020-11-01,US,Indiana,Ripley,565,8,0,39.10235626,-85.26212744,18137.0,1994.7747493291904,1.4159292035398232,557,552,8,0,544,533,28523,13,0,0,13,19
2020-11-01,US,Indiana,Rush,298,4,0,39.62002287,-85.4655599,18139.0,1797.2378023038418,1.342281879194631,294,295,4,0,291,296,16663,3,0,0,3,-1
2020-11-01,US,Indiana,Scott,608,16,0,38.68672078,-85.74627859,18143.0,2546.8102039961464,2.631578947368421,592,604,16,0,588,587,23878,4,0,0,4,17
2020-11-01,US,Indiana,Shelby,1019,41,0,39.52305623,-85.79158570000001,18145.0,2278.164054640167,4.023552502453386,978,1007,39,0,968,979,44593,12,2,0,10,28
2020-11-01,US,Indiana,Spencer,461,6,0,38.01519732,-87.0079644,18147.0,2273.511860728905,1.3015184381778742,455,459,6,0,453,446,20327,2,0,0,2,13
2020-11-01,US,Indiana,St. Joseph,10656,180,0,41.61756781,-86.29040834,18141.0,3920.1548049119647,1.6891891891891893,10476,10469,179,0,10290,10252,270771,187,1,0,186,217
2020-11-01,US,Indiana,Starke,530,10,0,41.27890281,-86.64686895,18149.0,2304.8488801913463,1.8867924528301887,520,509,10,0,499,502,22935,21,0,0,21,7
2020-11-01,US,Indiana,Steuben,751,9,0,41.64423868,-85.00101094,18151.0,2170.8966872868127,1.1984021304926764,742,735,9,0,726,718,34586,16,0,0,16,17
2020-11-01,US,Indiana,Sullivan,500,14,0,39.08952258,-87.41414469,18153.0,2419.081716580386,2.8,486,495,14,0,481,491,20690,5,0,0,5,4
2020-11-01,US,Indiana,Switzerland,110,0,0,38.82767338,-85.03022429,18155.0,1023.1606362198868,0.0,110,109,0,0,109,108,10717,1,0,0,1,1
2020-11-01,US,Indiana,Tippecanoe,4499,17,0,40.38872739,-86.89413959,18157.0,2298.551080048229,0.3778617470549011,4482,4421,16,0,4405,4365,193048,78,1,0,77,56
2020-11-01,US,Indiana,Tipton,304,23,0,40.31123252,-86.05234925,18159.0,2006.8655928175333,7.565789473684211,281,301,23,0,278,298,15128,3,0,0,3,3
2020-11-01,US,Indiana,Unassigned,0,240,0,0.0,0.0,90018.0,0.0,0.0,-240,0,236,0,-236,0,,0,4,0,-4,0
2020-11-01,US,Indiana,Union,133,0,0,39.62550777,-84.92497066,18161.0,1885.4550609583216,0.0,133,131,0,0,131,130,7037,2,0,0,2,1
2020-11-01,US,Indiana,Vanderburgh,6695,76,0,38.02658833,-87.58763124,18163.0,3689.7013518801214,1.1351755041075429,6619,6590,76,0,6514,6484,180974,105,0,0,105,106
2020-11-01,US,Indiana,Vermillion,306,1,0,39.8523352,-87.46160542,18165.0,1974.4483159117306,0.32679738562091504,305,300,1,0,299,295,15479,6,0,0,6,5
2020-11-01,US,Indiana,Vigo,3073,48,0,39.42944561,-87.39169027,18167.0,2870.9430295782813,1.561991539212496,3025,3032,47,0,2985,2969,107386,41,1,0,40,63
2020-11-01,US,Indiana,Wabash,563,11,0,40.84704239,-85.79328272,18169.0,1816.3634017292554,1.9538188277087036,552,548,10,0,538,526,31280,15,1,0,14,22
2020-11-01,US,Indiana,Warren,115,1,0,40.34728141,-87.35602659,18171.0,1391.4095583787055,0.8695652173913043,114,115,1,0,114,108,8263,0,0,0,0,7
2020-11-01,US,Indiana,Warrick,2212,66,0,38.08922676,-87.2716085,18173.0,3511.2225784945563,2.9837251356238697,2146,2172,66,0,2106,2140,62567,40,0,0,40,32
2020-11-01,US,Indiana,Washington,428,3,0,38.60219804,-86.1049363,18175.0,1526.6086460265374,0.7009345794392523,425,426,3,0,423,422,27943,2,0,0,2,4
2020-11-01,US,Indiana,Wayne,1727,36,0,39.863344399999995,-85.01044989,18177.0,2621.273753870439,2.0845396641574987,1691,1709,36,0,1673,1656,65936,18,0,0,18,53
2020-11-01,US,Indiana,Wells,562,13,0,40.72934187,-85.22132966,18179.0,1986.1464517953068,2.3131672597864767,549,543,13,0,530,517,28206,19,0,0,19,26
2020-11-01,US,Indiana,White,692,16,0,40.74911165,-86.86492015,18181.0,2871.131026470832,2.3121387283237,676,686,16,0,670,670,24133,6,0,0,6,16
2020-11-01,US,Indiana,Whitley,573,6,0,41.13863784,-85.50791236,18183.0,1687.0804381109408,1.0471204188481675,567,552,6,0,546,532,34074,21,0,0,21,20
2020-11-01,US,Iowa,Adair,222,1,0,41.33075609,-94.47105874,19001.0,3104.0268456375843,0.4504504504504505,221,220,1,0,219,204,7063,2,0,0,2,16
2020-11-01,US,Iowa,Adams,87,1,0,41.02903567,-94.69932645,19003.0,2415.3248195446968,1.1494252873563218,86,86,1,0,85,84,3645,1,0,0,1,2
2020-11-01,US,Iowa,Allamakee,431,9,0,43.28383218,-91.37860922,19005.0,3148.9734784832317,2.0881670533642693,422,428,9,0,419,418,13832,3,0,0,3,10
2020-11-01,US,Iowa,Appanoose,287,3,0,40.74324454,-92.86865906,19007.0,2309.6732657331404,1.0452961672473868,284,273,3,0,270,258,12437,14,0,0,14,15
2020-11-01,US,Iowa,Audubon,192,1,0,41.6844628,-94.90581859,19009.0,3493.4497816593885,0.5208333333333334,191,191,1,0,190,183,5506,1,0,0,1,8
2020-11-01,US,Iowa,Benton,733,4,0,42.08011739,-92.06463573,19011.0,2858.256970169624,0.5457025920873124,729,703,3,0,700,678,25642,30,1,0,29,25
2020-11-01,US,Iowa,Black Hawk,6448,103,0,42.4704581,-92.30524729,19013.0,4913.5855152863705,1.5973945409429282,6345,6327,102,0,6225,6154,132408,121,1,0,120,173
2020-11-01,US,Iowa,Boone,797,9,0,42.03657094,-93.9313999,19015.0,3038.0422352672113,1.1292346298619824,788,781,9,0,772,765,26346,16,0,0,16,16
2020-11-01,US,Iowa,Bremer,790,9,0,42.77461496,-92.31795937,19017.0,3152.182587183784,1.139240506329114,781,767,9,0,758,745,24947,23,0,0,23,22
2020-11-01,US,Iowa,Buchanan,554,5,0,42.4709188,-91.83510825,19019.0,2616.29279811098,0.9025270758122744,549,535,5,0,530,515,21199,19,0,0,19,20
2020-11-01,US,Iowa,Buena Vista,2356,12,0,42.73545875,-95.15100162,19021.0,12008.154943934758,0.5093378607809848,2344,2349,12,0,2337,2318,19874,7,0,0,7,31
2020-11-01,US,Iowa,Butler,437,3,0,42.73172833,-92.79015971,19023.0,3026.525382644228,0.6864988558352403,434,428,3,0,425,416,14539,9,0,0,9,12
2020-11-01,US,Iowa,Calhoun,348,4,0,42.38521079,-94.64046046,19025.0,3599.503516756309,1.1494252873563218,344,345,4,0,341,337,9699,3,0,0,3,8
2020-11-01,US,Iowa,Carroll,1264,13,0,42.03617207,-94.86032705,19027.0,6268.286635259113,1.0284810126582278,1251,1243,13,0,1230,1231,20154,21,0,0,21,12
2020-11-01,US,Iowa,Cass,498,4,0,41.33149454,-94.92792482,19029.0,3879.713306325959,0.8032128514056225,494,470,3,0,467,456,12930,28,1,0,27,14
2020-11-01,US,Iowa,Cedar,551,8,0,41.77233777,-91.13246684,19031.0,2958.0716164707146,1.4519056261343013,543,534,7,0,527,521,18627,17,1,0,16,13
2020-11-01,US,Iowa,Cerro Gordo,1603,27,0,43.08177563,-93.2612239,19033.0,3776.207302709069,1.6843418590143482,1576,1589,27,0,1562,1545,42647,14,0,0,14,44
2020-11-01,US,Iowa,Cherokee,446,2,0,42.73538914,-95.62389402,19035.0,3969.737427681353,0.4484304932735426,444,442,2,0,440,434,11321,4,0,0,4,8
2020-11-01,US,Iowa,Chickasaw,393,1,0,43.06001295,-92.31773347,19037.0,3293.3880834660185,0.2544529262086514,392,389,1,0,388,382,11964,4,0,0,4,7
2020-11-01,US,Iowa,Clarke,368,3,0,41.02868181,-93.78499767,19039.0,3916.977115486961,0.8152173913043478,365,368,3,0,365,363,9423,0,0,0,0,5
2020-11-01,US,Iowa,Clay,595,4,0,43.08247182,-95.15096481,19041.0,3715.0349650349654,0.6722689075630253,591,590,4,0,586,568,16134,5,0,0,5,22
2020-11-01,US,Iowa,Clayton,568,3,0,42.84443388,-91.34133693,19043.0,3236.651661063309,0.528169014084507,565,548,3,0,545,526,17556,20,0,0,20,22
2020-11-01,US,Iowa,Clinton,1652,29,0,41.89981633,-90.53275096,19045.0,3558.121001959982,1.7554479418886195,1623,1616,28,0,1588,1590,46518,36,1,0,35,26
2020-11-01,US,Iowa,Crawford,1415,15,0,42.03718237,-95.3819718,19047.0,8412.604042806182,1.060070671378092,1400,1400,15,0,1385,1400,17158,15,0,0,15,0
2020-11-01,US,Iowa,Dallas,3776,49,0,41.68560356,-94.04127625,19049.0,4040.53374423507,1.2976694915254237,3727,3705,47,0,3658,3640,90180,71,2,0,69,65
2020-11-01,US,Iowa,Davis,212,4,0,40.74773536,-92.41005468,19051.0,2355.555555555556,1.8867924528301887,208,198,4,0,194,195,9017,14,0,0,14,3
2020-11-01,US,Iowa,Decatur,177,0,0,40.73742757,-93.78645949,19053.0,2249.047013977128,0.0,177,172,0,0,172,170,7890,5,0,0,5,2
2020-11-01,US,Iowa,Delaware,883,15,0,42.47104597,-91.3664492,19055.0,5190.758920698372,1.6987542468856172,868,867,14,0,853,843,17069,16,1,0,15,24
2020-11-01,US,Iowa,Des Moines,1644,11,0,40.92012606,-91.18326592,19057.0,4218.9544999615055,0.6690997566909975,1633,1593,11,0,1582,1539,39138,51,0,0,51,54
2020-11-01,US,Iowa,Dickinson,846,9,0,43.37787725,-95.1510206,19059.0,4902.074400278132,1.0638297872340423,837,833,9,0,824,815,17153,13,0,0,13,18
2020-11-01,US,Iowa,Dubuque,5849,61,0,42.46815349,-90.88181925,19061.0,6010.6257257658435,1.0429133185159856,5788,5759,59,0,5700,5639,96854,90,2,0,88,120
2020-11-01,US,Iowa,Emmet,474,21,0,43.37782951,-94.67858943,19063.0,5147.697654213727,4.4303797468354436,453,464,21,0,443,462,9253,10,0,0,10,2
2020-11-01,US,Iowa,Fayette,453,4,0,42.86271799,-91.84412309999999,19065.0,2305.3435114503823,0.8830022075055187,449,439,4,0,435,422,19660,14,0,0,14,17
2020-11-01,US,Iowa,Floyd,485,11,0,43.06000529999999,-92.78940097,19067.0,3100.6265183480373,2.268041237113402,474,480,11,0,469,472,15761,5,0,0,5,8
2020-11-01,US,Iowa,Franklin,412,18,0,42.73270384,-93.26256925,19069.0,4091.360476663357,4.368932038834951,394,406,18,0,388,401,10124,6,0,0,6,5
2020-11-01,US,Iowa,Fremont,224,2,0,40.74542720000001,-95.60129045,19071.0,3218.390804597701,0.8928571428571429,222,219,2,0,217,217,6993,5,0,0,5,2
2020-11-01,US,Iowa,Greene,209,0,0,42.03614551,-94.39658081,19073.0,2351.4851485148515,0.0,209,208,0,0,208,199,8981,1,0,0,1,9
2020-11-01,US,Iowa,Grundy,375,6,0,42.40183723,-92.78829551,19075.0,3065.729234793984,1.6,369,368,6,0,362,352,12304,7,0,0,7,16
2020-11-01,US,Iowa,Guthrie,427,15,0,41.68378965,-94.50111014,19077.0,3994.760969220695,3.5128805620608903,412,427,15,0,412,421,10720,0,0,0,0,6
2020-11-01,US,Iowa,Hamilton,504,5,0,42.38382428,-93.70197703,19079.0,3411.6293237663303,0.992063492063492,499,501,5,0,496,494,14952,3,0,0,3,7
2020-11-01,US,Iowa,Hancock,410,6,0,43.08178477,-93.73454884,19081.0,3857.0084666039506,1.4634146341463414,404,405,6,0,399,379,10712,5,0,0,5,26
2020-11-01,US,Iowa,Hardin,551,7,0,42.38353877,-93.23654611,19083.0,3270.8061260833433,1.2704174228675136,544,537,7,0,530,518,16868,14,0,0,14,19
2020-11-01,US,Iowa,Harrison,741,17,0,41.68330137,-95.81558439,19085.0,5274.396754217382,2.2941970310391357,724,731,17,0,714,712,14134,10,0,0,10,19
2020-11-01,US,Iowa,Henry,1178,6,0,40.98767962,-91.54436349,19087.0,5903.578229928837,0.5093378607809848,1172,1166,5,0,1161,1149,20067,12,1,0,11,17
2020-11-01,US,Iowa,Howard,293,9,0,43.35671042,-92.31702714,19089.0,3199.3885127757153,3.0716723549488054,284,290,9,0,281,288,9187,3,0,0,3,2
2020-11-01,US,Iowa,Humboldt,395,3,0,42.7764426,-94.20722537,19091.0,4132.66373718351,0.7594936708860759,392,392,3,0,389,383,9547,3,0,0,3,9
2020-11-01,US,Iowa,Ida,247,2,0,42.38696136,-95.51355387,19093.0,3600.583090379009,0.8097165991902834,245,245,2,0,243,231,6841,2,0,0,2,14
2020-11-01,US,Iowa,Iowa,488,10,0,41.68630265,-92.0643373,19095.0,3015.323776569451,2.0491803278688523,478,475,10,0,465,456,16141,13,0,0,13,19
2020-11-01,US,Iowa,Jackson,768,3,0,42.17178824,-90.57354837,19097.0,3950.820515458614,0.390625,765,748,3,0,745,719,19432,20,0,0,20,29
2020-11-01,US,Iowa,Jasper,1318,34,0,41.68576082,-93.05567785,19099.0,3544.43996235041,2.579666160849772,1284,1276,34,0,1242,1240,37147,42,0,0,42,36
2020-11-01,US,Iowa,Jefferson,282,1,0,41.03192394,-91.94849466,19101.0,1541.4047553976495,0.3546099290780142,281,274,1,0,273,267,18381,8,0,0,8,7
2020-11-01,US,Iowa,Johnson,6264,31,0,41.67169354,-91.58754744,19103.0,4144.501786423184,0.4948914431673052,6233,6183,31,0,6152,6107,151260,81,0,0,81,76
2020-11-01,US,Iowa,Jones,590,4,0,42.12118609,-91.13139641,19105.0,2852.860113147333,0.6779661016949152,586,562,4,0,558,537,20744,28,0,0,28,25
2020-11-01,US,Iowa,Keokuk,213,1,0,41.33649833,-92.1785067,19107.0,2078.860042943588,0.4694835680751174,212,207,1,0,206,190,10225,6,0,0,6,17
2020-11-01,US,Iowa,Kossuth,519,0,0,43.20405458,-94.20691791,19109.0,3503.6792007020867,0.0,519,510,0,0,510,502,14908,9,0,0,9,8
2020-11-01,US,Iowa,Lee,1093,13,0,40.64181461,-91.48183025,19111.0,3247.4670945122857,1.1893870082342175,1080,1067,12,0,1055,1034,34055,26,1,0,25,33
2020-11-01,US,Iowa,Linn,6730,135,0,42.07923082,-91.59809485,19113.0,2968.602507211984,2.0059435364041605,6595,6495,134,0,6361,6256,225909,235,1,0,234,239
2020-11-01,US,Iowa,Louisa,562,15,0,41.21842119,-91.26102611,19115.0,5092.886270956049,2.6690391459074734,547,557,15,0,542,549,11169,5,0,0,5,8
2020-11-01,US,Iowa,Lucas,222,6,0,41.02958964,-93.32780803,19117.0,2581.395348837209,2.702702702702702,216,217,6,0,211,214,8645,5,0,0,5,3
2020-11-01,US,Iowa,Lyon,600,8,0,43.38107862,-96.20926845,19119.0,5104.210974053593,1.3333333333333333,592,592,8,0,584,586,11811,8,0,0,8,6
2020-11-01,US,Iowa,Madison,397,3,0,41.33081904,-94.01554631,19121.0,2429.917982617211,0.7556675062972292,394,388,3,0,385,378,16249,9,0,0,9,10
2020-11-01,US,Iowa,Mahaska,787,25,0,41.33521503,-92.64083907,19123.0,3561.8918307309345,3.1766200762388817,762,770,25,0,745,751,22000,17,0,0,17,19
2020-11-01,US,Iowa,Marion,1152,11,0,41.33445101,-93.09934783,19125.0,3464.349081285899,0.9548611111111112,1141,1119,11,0,1108,1092,33407,33,0,0,33,27
2020-11-01,US,Iowa,Marshall,2246,36,0,42.03586837,-92.99908190000001,19127.0,5704.996316899084,1.6028495102404274,2210,2208,36,0,2172,2171,39981,38,0,0,38,37
2020-11-01,US,Iowa,Mills,477,3,0,41.03299766,-95.61920963,19129.0,3157.0587067310885,0.6289308176100629,474,453,3,0,450,440,15063,24,0,0,24,13
2020-11-01,US,Iowa,Mitchell,322,1,0,43.35638371,-92.78887719,19131.0,3041.753259021349,0.3105590062111801,321,308,1,0,307,302,10569,14,0,0,14,6
2020-11-01,US,Iowa,Monona,271,2,0,42.05220391,-95.95743843,19133.0,3145.676146256529,0.7380073800738007,269,265,2,0,263,256,8679,6,0,0,6,9
2020-11-01,US,Iowa,Monroe,280,12,0,41.02988815,-92.8690667,19135.0,3633.060853769301,4.285714285714286,268,278,12,0,266,275,7790,2,0,0,2,3
2020-11-01,US,Iowa,Montgomery,213,7,0,41.03018714,-95.15642896,19137.0,2147.8269637995363,3.286384976525821,206,205,7,0,198,197,10003,8,0,0,8,8
2020-11-01,US,Iowa,Muscatine,1620,58,0,41.48370744,-91.11216970000001,19139.0,3797.1123195199693,3.5802469135802473,1562,1583,58,0,1525,1560,42929,37,0,0,37,23
2020-11-01,US,Iowa,O'Brien,820,14,0,43.08310673,-95.62474482,19141.0,5962.33549043845,1.7073170731707317,806,809,14,0,795,759,13840,11,0,0,11,50
2020-11-01,US,Iowa,Osceola,319,0,0,43.37824276,-95.62422844,19143.0,5354.14568647197,0.0,319,316,0,0,316,310,6040,3,0,0,3,6
2020-11-01,US,Iowa,Page,442,0,0,40.7393172,-95.1497813,19145.0,2925.795988614549,0.0,442,432,0,0,432,427,15249,10,0,0,10,5
2020-11-01,US,Iowa,Palo Alto,353,2,0,43.08193849,-94.67824621,19147.0,3972.541075849651,0.56657223796034,351,344,2,0,342,335,8929,9,0,0,9,9
2020-11-01,US,Iowa,Plymouth,1842,31,0,42.737633,-96.21366621,19149.0,7316.2012948325855,1.6829533116178068,1811,1825,31,0,1794,1767,25095,17,0,0,17,58
2020-11-01,US,Iowa,Pocahontas,266,2,0,42.73420133,-94.67862564,19151.0,4018.7339477262426,0.7518796992481203,264,259,2,0,257,253,6740,7,0,0,7,6
2020-11-01,US,Iowa,Polk,20776,290,0,41.68679484,-93.57767461,19153.0,4238.607314739443,1.3958413554100886,20486,20365,290,0,20075,20019,487204,411,0,0,411,346
2020-11-01,US,Iowa,Pottawattamie,3577,45,0,41.33640314,-95.53907776,19155.0,3837.7357680836,1.2580374615599663,3532,3512,45,0,3467,3431,93533,65,0,0,65,81
2020-11-01,US,Iowa,Poweshiek,536,11,0,41.68625425,-92.53155731,19157.0,2896.670990056204,2.0522388059701493,525,510,11,0,499,494,18699,26,0,0,26,16
2020-11-01,US,Iowa,Ringgold,105,2,0,40.73518949,-94.24368535,19159.0,2145.484266448713,1.9047619047619049,103,103,2,0,101,104,4968,2,0,0,2,-1
2020-11-01,US,Iowa,Sac,432,4,0,42.38624071,-95.10547892,19161.0,4443.987244110688,0.925925925925926,428,426,4,0,422,417,9719,6,0,0,6,9
2020-11-01,US,Iowa,Scott,5269,45,0,41.63935978,-90.61959493,19163.0,3046.668555535639,0.854052002277472,5224,5145,43,0,5102,5018,173283,124,2,0,122,127
2020-11-01,US,Iowa,Shelby,427,2,0,41.6850066,-95.31015553,19165.0,3727.9552994587043,0.468384074941452,425,421,2,0,419,411,11578,6,0,0,6,10
2020-11-01,US,Iowa,Sioux,2665,17,0,43.08221074,-96.17675679999999,19167.0,7645.961841916511,0.6378986866791745,2648,2627,17,0,2610,2595,34909,38,0,0,38,32
2020-11-01,US,Iowa,Story,4251,18,0,42.03621213,-93.46499005,19169.0,4377.194517952573,0.4234297812279464,4233,4214,18,0,4196,4164,98105,37,0,0,37,50
2020-11-01,US,Iowa,Tama,1053,38,0,42.07991767,-92.53266945,19171.0,6247.775008899965,3.608736942070276,1015,1040,38,0,1002,1021,16904,13,0,0,13,19
2020-11-01,US,Iowa,Taylor,273,2,0,40.73710579,-94.69778563,19173.0,4460.055546479333,0.7326007326007326,271,269,2,0,267,263,6191,4,0,0,4,6
2020-11-01,US,Iowa,Unassigned,47,0,0,0.0,0.0,90019.0,0.0,0.0,47,34,0,0,34,9,,13,0,0,13,25
2020-11-01,US,Iowa,Union,291,5,0,41.0277278,-94.24234847,19175.0,2377.256760068622,1.718213058419244,286,285,5,0,280,272,12359,6,0,0,6,13
2020-11-01,US,Iowa,Van Buren,202,2,0,40.75326764,-91.95017958,19177.0,2867.688813174333,0.99009900990099,200,199,2,0,197,194,7020,3,0,0,3,5
2020-11-01,US,Iowa,Wapello,1661,62,0,41.03064984,-92.40954728,19179.0,4749.921358917899,3.7326911499096935,1599,1628,62,0,1566,1610,35205,33,0,0,33,18
2020-11-01,US,Iowa,Warren,1437,7,0,41.33559454,-93.56007641,19181.0,2792.1346131426567,0.4871259568545581,1430,1389,7,0,1382,1347,51056,48,0,0,48,42
2020-11-01,US,Iowa,Washington,729,12,0,41.33577126,-91.71725711,19183.0,3318.916458001365,1.6460905349794241,717,718,12,0,706,712,22141,11,0,0,11,6
2020-11-01,US,Iowa,Wayne,161,4,0,40.73969028,-93.32752197,19185.0,2499.611861512188,2.4844720496894412,157,161,3,0,158,155,6401,0,1,0,-1,6
2020-11-01,US,Iowa,Webster,2045,15,0,42.42853483,-94.17987389,19187.0,5695.744206773618,0.7334963325183375,2030,2042,15,0,2027,2009,36277,3,0,0,3,33
2020-11-01,US,Iowa,Winnebago,544,20,0,43.37751174,-93.73407298,19189.0,5254.008112806645,3.6764705882352944,524,535,19,0,516,527,10518,9,1,0,8,8
2020-11-01,US,Iowa,Winneshiek,544,9,0,43.29094334,-91.84422722,19191.0,2721.2245510479715,1.6544117647058822,535,537,9,0,528,525,20029,7,0,0,7,12
2020-11-01,US,Iowa,Woodbury,7729,100,0,42.38979414,-96.0459439,19193.0,7496.096288321841,1.293828438349075,7629,7650,100,0,7550,7530,102539,79,0,0,79,120
2020-11-01,US,Iowa,Worth,161,0,0,43.37750768,-93.26087602,19195.0,2181.276249830646,0.0,161,159,0,0,159,155,7453,2,0,0,2,4
2020-11-01,US,Iowa,Wright,803,1,0,42.73305373,-93.73515113,19197.0,6392.294220665499,0.12453300124533,802,789,1,0,788,778,12690,14,0,0,14,11
2020-11-01,US,Kansas,Allen,112,1,0,37.88582951,-95.30030847,20001.0,905.489530277306,0.8928571428571429,111,112,1,0,111,112,12444,0,0,0,0,0
2020-11-01,US,Kansas,Anderson,203,0,0,38.21413251,-95.29272815,20003.0,2583.354543140749,0.0,203,203,0,0,203,203,7878,0,0,0,0,0
2020-11-01,US,Kansas,Atchison,537,6,0,39.53185661,-95.30870026,20005.0,3341.0066571268585,1.11731843575419,531,537,6,0,531,537,16193,0,0,0,0,0
2020-11-01,US,Kansas,Barber,57,0,0,37.2288586,-98.68460053,20007.0,1287.5536480686694,0.0,57,57,0,0,57,57,4472,0,0,0,0,0
2020-11-01,US,Kansas,Barton,803,7,0,38.47889676,-98.75636726,20009.0,3114.9385158462323,0.8717310087173101,796,803,7,0,796,803,26111,0,0,0,0,0
2020-11-01,US,Kansas,Bourbon,306,3,0,37.85508555,-94.84865997,20011.0,2105.4080088069354,0.9803921568627452,303,306,3,0,303,306,14653,0,0,0,0,0
2020-11-01,US,Kansas,Brown,249,5,0,39.82652589,-95.56421698,20013.0,2603.513174404015,2.0080321285140563,244,249,5,0,244,249,9598,0,0,0,0,0
2020-11-01,US,Kansas,Butler,990,3,0,37.78134351,-96.83878537,20015.0,1479.577349015857,0.30303030303030304,987,990,3,0,987,990,66765,0,0,0,0,0
2020-11-01,US,Kansas,Chase,107,3,0,38.30292938,-96.59563862,20017.0,4040.785498489426,2.803738317757009,104,107,3,0,104,107,2629,0,0,0,0,0
2020-11-01,US,Kansas,Chautauqua,25,0,0,37.14994405,-96.2454192,20019.0,769.2307692307692,0.0,25,25,0,0,25,25,3309,0,0,0,0,0
2020-11-01,US,Kansas,Cherokee,720,7,0,37.16928494,-94.8462897,20021.0,3611.013591453935,0.9722222222222222,713,720,7,0,713,720,20015,0,0,0,0,0
2020-11-01,US,Kansas,Cheyenne,120,5,0,39.78580976,-101.7318201,20023.0,4516.371847948814,4.166666666666667,115,120,5,0,115,120,2660,0,0,0,0,0
2020-11-01,US,Kansas,Clark,68,4,0,37.23577007,-99.81883015,20025.0,3410.2306920762285,5.882352941176472,64,68,4,0,64,68,2005,0,0,0,0,0
2020-11-01,US,Kansas,Clay,114,3,0,39.34948772,-97.16518128,20027.0,1424.6438390402402,2.631578947368421,111,114,3,0,111,114,7997,0,0,0,0,0
2020-11-01,US,Kansas,Cloud,166,1,0,39.48028352,-97.64925343,20029.0,1889.3694513999546,0.6024096385542169,165,166,1,0,165,166,8729,0,0,0,0,0
2020-11-01,US,Kansas,Coffey,173,9,0,38.2365018,-95.73379515,20031.0,2115.173004034723,5.202312138728324,164,173,9,0,164,173,8233,0,0,0,0,0
2020-11-01,US,Kansas,Comanche,20,0,0,37.19114520000001,-99.27113247,20033.0,1176.4705882352941,0.0,20,20,0,0,20,20,1748,0,0,0,0,0
2020-11-01,US,Kansas,Cowley,552,10,0,37.23781842,-96.83776647,20035.0,1581.2994156067373,1.8115942028985508,542,552,10,0,542,552,35218,0,0,0,0,0
2020-11-01,US,Kansas,Crawford,1449,12,0,37.50675523,-94.85245778,20037.0,3732.804369107115,0.8281573498964804,1437,1449,12,0,1437,1449,39019,0,0,0,0,0
2020-11-01,US,Kansas,Decatur,121,1,0,39.78468441,-100.45940809999999,20039.0,4280.1556420233455,0.8264462809917356,120,121,1,0,120,121,2871,0,0,0,0,0
2020-11-01,US,Kansas,Dickinson,349,4,0,38.86600962,-97.15532383,20041.0,1889.9599263511318,1.146131805157593,345,349,4,0,345,349,18717,0,0,0,0,0
2020-11-01,US,Kansas,Doniphan,215,1,0,39.79067154,-95.14056866,20043.0,2828.947368421052,0.4651162790697674,214,215,1,0,214,215,7682,0,0,0,0,0
2020-11-01,US,Kansas,Douglas,2964,19,0,38.88503636,-95.2925121,20045.0,2424.361396706991,0.6410256410256411,2945,2964,19,0,2945,2964,121436,0,0,0,0,0
2020-11-01,US,Kansas,Edwards,82,0,0,37.88735543,-99.31263309,20047.0,2930.6647605432454,0.0,82,82,0,0,82,82,2849,0,0,0,0,0
2020-11-01,US,Kansas,Elk,13,0,0,37.45338105,-96.24369667,20049.0,513.8339920948616,0.0,13,13,0,0,13,13,2508,0,0,0,0,0
2020-11-01,US,Kansas,Ellis,1451,18,0,38.91458712,-99.31751551,20051.0,5081.777746646587,1.2405237767057202,1433,1451,18,0,1433,1420,28710,0,0,0,0,31
2020-11-01,US,Kansas,Ellsworth,330,1,0,38.69677695,-98.20462799,20053.0,5408.062930186824,0.30303030303030304,329,330,1,0,329,330,6196,0,0,0,0,0
2020-11-01,US,Kansas,Finney,3110,20,0,38.04340344,-100.73819379999999,20055.0,8528.258425425727,0.6430868167202572,3090,3110,20,0,3090,3110,36611,0,0,0,0,0
2020-11-01,US,Kansas,Ford,3302,13,0,37.69200114,-99.88825298,20057.0,9821.826943097652,0.3937007874015748,3289,3302,13,0,3289,3302,33888,0,0,0,0,0
2020-11-01,US,Kansas,Franklin,576,5,0,38.56443815,-95.28644341,20059.0,2254.9326652051363,0.8680555555555556,571,576,5,0,571,576,25631,0,0,0,0,0
2020-11-01,US,Kansas,Geary,394,4,0,38.99871131,-96.7577178,20061.0,1244.0795705715186,1.0152284263959392,390,394,4,0,390,394,32594,0,0,0,0,0
2020-11-01,US,Kansas,Gove,185,12,0,38.91588178,-100.4829321,20063.0,7018.209408194233,6.486486486486488,173,185,12,0,173,185,2612,0,0,0,0,0
2020-11-01,US,Kansas,Graham,57,1,0,39.34987223,-99.88332493,20065.0,2296.5350523771153,1.7543859649122806,56,57,1,0,56,57,2492,0,0,0,0,0
2020-11-01,US,Kansas,Grant,470,8,0,37.56227336,-101.3079758,20067.0,6573.426573426574,1.702127659574468,462,470,8,0,462,457,7336,0,0,0,0,13
2020-11-01,US,Kansas,Gray,211,2,0,37.73836671,-100.4369088,20069.0,3523.714094856379,0.9478672985781992,209,211,2,0,209,211,6033,0,0,0,0,0
2020-11-01,US,Kansas,Greeley,34,0,0,38.4808095,-101.8061079,20071.0,2759.74025974026,0.0,34,34,0,0,34,34,1227,0,0,0,0,0
2020-11-01,US,Kansas,Greenwood,108,0,0,37.8774388,-96.23250453,20073.0,1805.4162487462388,0.0,108,108,0,0,108,108,6055,0,0,0,0,0
2020-11-01,US,Kansas,Hamilton,64,0,0,37.99978709,-101.7921066,20075.0,2520.677432059866,0.0,64,64,0,0,64,64,2607,0,0,0,0,0
2020-11-01,US,Kansas,Harper,164,3,0,37.19175361,-98.07578384,20077.0,3016.9242089771888,1.8292682926829267,161,164,3,0,161,164,5506,0,0,0,0,0
2020-11-01,US,Kansas,Harvey,619,7,0,38.04293782,-97.42747573,20079.0,1797.9029306689124,1.1308562197092085,612,619,7,0,612,619,34210,0,0,0,0,0
2020-11-01,US,Kansas,Haskell,103,1,0,37.562039399999996,-100.8710738,20081.0,2595.766129032258,0.9708737864077671,102,103,1,0,102,103,3997,0,0,0,0,0
2020-11-01,US,Kansas,Hodgeman,36,0,0,38.08780079,-99.89829881,20083.0,2006.6889632107025,0.0,36,36,0,0,36,36,1818,0,0,0,0,0
2020-11-01,US,Kansas,Jackson,344,4,0,39.41673394,-95.79356799,20085.0,2611.7986485460488,1.162790697674419,340,344,4,0,340,344,13280,0,0,0,0,0
2020-11-01,US,Kansas,Jefferson,300,6,0,39.2347941,-95.38289232,20087.0,1575.3820301423095,2.0,294,300,6,0,294,300,18975,0,0,0,0,0
2020-11-01,US,Kansas,Jewell,29,1,0,39.78470589,-98.21820662,20089.0,1007.2941993747827,3.4482758620689653,28,29,1,0,28,29,2841,0,0,0,0,0
2020-11-01,US,Kansas,Johnson,15049,205,0,38.88548175,-94.82250877,20091.0,2498.1698237552732,1.3622167585886105,14844,14897,205,0,14692,14670,597555,152,0,0,152,227
2020-11-01,US,Kansas,Kearny,159,6,0,38.00017981,-101.32168100000001,20093.0,4142.782699322564,3.7735849056603774,153,159,6,0,153,159,3943,0,0,0,0,0
2020-11-01,US,Kansas,Kingman,136,3,0,37.55909527,-98.13638678,20095.0,1901.565995525727,2.2058823529411766,133,136,3,0,133,136,7310,0,0,0,0,0
2020-11-01,US,Kansas,Kiowa,69,0,0,37.55848695,-99.2856537,20097.0,2787.878787878788,0.0,69,69,0,0,69,69,2516,0,0,0,0,0
2020-11-01,US,Kansas,Labette,412,6,0,37.19113093,-95.29849679,20099.0,2100.1121419104893,1.4563106796116505,406,412,6,0,406,412,19964,0,0,0,0,0
2020-11-01,US,Kansas,Lane,27,0,0,38.48119447,-100.46607540000001,20101.0,1758.9576547231272,0.0,27,27,0,0,27,27,1560,0,0,0,0,0
2020-11-01,US,Kansas,Leavenworth,2603,18,0,39.20183497,-95.03620809,20103.0,3183.786296142273,0.6915097963887822,2585,2603,18,0,2585,2603,81352,0,0,0,0,0
2020-11-01,US,Kansas,Lincoln,23,1,0,39.04549684,-98.20756994,20105.0,776.5023632680621,4.3478260869565215,22,23,1,0,22,23,3023,0,0,0,0,0
2020-11-01,US,Kansas,Linn,117,1,0,38.21267844,-94.84254089,20107.0,1205.8126352674428,0.8547008547008547,116,117,1,0,116,117,9750,0,0,0,0,0
2020-11-01,US,Kansas,Logan,68,0,0,38.91735806,-101.148475,20109.0,2433.78668575519,0.0,68,68,0,0,68,68,2844,0,0,0,0,0
2020-11-01,US,Kansas,Lyon,1377,41,0,38.45576156,-96.15275715,20111.0,4148.215092634433,2.977487291212781,1336,1377,41,0,1336,1377,33406,0,0,0,0,0
2020-11-01,US,Kansas,Marion,130,1,0,38.35855394,-97.09852509999999,20115.0,1093.9077751598786,0.7692307692307693,129,130,1,0,129,130,11950,0,0,0,0,0
2020-11-01,US,Kansas,Marshall,77,0,0,39.78359669,-96.52278974,20117.0,793.2419903162668,0.0,77,77,0,0,77,77,9722,0,0,0,0,0
2020-11-01,US,Kansas,McPherson,472,7,0,38.39184858,-97.64769869,20113.0,1653.7033144138463,1.4830508474576272,465,472,7,0,465,472,28537,0,0,0,0,0
2020-11-01,US,Kansas,Meade,146,1,0,37.23859987,-100.36483100000001,20119.0,3620.133895363253,0.6849315068493149,145,146,1,0,145,146,4146,0,0,0,0,0
2020-11-01,US,Kansas,Miami,563,2,0,38.56383358,-94.83832189,20121.0,1644.4197797704235,0.3552397868561279,561,563,2,0,561,563,33680,0,0,0,0,0
2020-11-01,US,Kansas,Mitchell,63,0,0,39.39331582,-98.20906732,20123.0,1053.6879076768691,0.0,63,63,0,0,63,63,6150,0,0,0,0,0
2020-11-01,US,Kansas,Montgomery,706,6,0,37.19236568,-95.74329258,20125.0,2218.102987841277,0.8498583569405099,700,706,6,0,700,706,32120,0,0,0,0,0
2020-11-01,US,Kansas,Morris,65,0,0,38.68827511,-96.65128437,20127.0,1156.5836298932386,0.0,65,65,0,0,65,65,5521,0,0,0,0,0
2020-11-01,US,Kansas,Morton,56,2,0,37.19141121,-101.79925190000002,20129.0,2164.6695013529184,3.571428571428572,54,56,2,0,54,56,2667,0,0,0,0,0
2020-11-01,US,Kansas,Nemaha,315,2,0,39.78345387,-96.01392079,20131.0,3078.8779200469157,0.6349206349206349,313,315,2,0,313,315,10155,0,0,0,0,0
2020-11-01,US,Kansas,Neosho,274,0,0,37.55862897,-95.30670046,20133.0,1711.7511088898611,0.0,274,274,0,0,274,274,15951,0,0,0,0,0
2020-11-01,US,Kansas,Ness,148,9,0,38.47974157,-99.91547333,20135.0,5381.818181818182,6.081081081081082,139,148,9,0,139,148,2840,0,0,0,0,0
2020-11-01,US,Kansas,Norton,715,18,0,39.78443827,-99.90286639,20137.0,13337.063980600637,2.517482517482517,697,715,18,0,697,715,5430,0,0,0,0,0
2020-11-01,US,Kansas,Osage,166,3,0,38.65235984,-95.72707998,20139.0,1040.817606119506,1.8072289156626504,163,166,3,0,163,166,15941,0,0,0,0,0
2020-11-01,US,Kansas,Osborne,24,0,0,39.3503437,-98.76753828,20141.0,701.5492546039169,0.0,24,24,0,0,24,24,3475,0,0,0,0,0
2020-11-01,US,Kansas,Ottawa,119,0,0,39.13237408,-97.65020313,20143.0,2086.2552594670406,0.0,119,119,0,0,119,119,5802,0,0,0,0,0
2020-11-01,US,Kansas,Pawnee,431,1,0,38.18108732,-99.23692334,20145.0,6719.675709385719,0.2320185614849188,430,431,1,0,430,431,6562,0,0,0,0,0
2020-11-01,US,Kansas,Phillips,209,9,0,39.78465501,-99.34668865,20147.0,3993.1218952999616,4.30622009569378,200,209,9,0,200,205,5317,0,0,0,0,4
2020-11-01,US,Kansas,Pottawatomie,382,0,0,39.37925655,-96.34564657,20149.0,1566.6652995939794,0.0,382,382,0,0,382,382,24277,0,0,0,0,0
2020-11-01,US,Kansas,Pratt,192,0,0,37.64780729,-98.73922153,20151.0,2095.154954168485,0.0,192,192,0,0,192,192,9378,0,0,0,0,0
2020-11-01,US,Kansas,Rawlins,96,0,0,39.78525843,-101.07616170000001,20153.0,3794.4664031620564,0.0,96,96,0,0,96,96,2508,0,0,0,0,0
2020-11-01,US,Kansas,Reno,2308,18,0,37.95230263,-98.08607292,20155.0,3722.700732281687,0.7798960138648181,2290,2290,18,0,2272,2271,62342,18,0,0,18,19
2020-11-01,US,Kansas,Republic,86,1,0,39.82799632,-97.65036709,20157.0,1855.047454702329,1.162790697674419,85,86,1,0,85,86,4664,0,0,0,0,0
2020-11-01,US,Kansas,Rice,156,1,0,38.34616184,-98.19992118,20159.0,1635.734507706826,0.6410256410256411,155,156,1,0,155,156,9531,0,0,0,0,0
2020-11-01,US,Kansas,Riley,2226,11,0,39.28935726,-96.73420026,20161.0,2998.7067571936627,0.4941599281221923,2215,2226,11,0,2215,2226,73703,0,0,0,0,0
2020-11-01,US,Kansas,Rooks,163,7,0,39.35022773,-99.32484567,20163.0,3313.0081300813013,4.294478527607362,156,163,7,0,156,163,5013,0,0,0,0,0
2020-11-01,US,Kansas,Rush,98,0,0,38.52275276,-99.30863983,20165.0,3227.931488801054,0.0,98,98,0,0,98,98,3093,0,0,0,0,0
2020-11-01,US,Kansas,Russell,210,4,0,38.91462787,-98.76254297,20167.0,3063.010501750292,1.9047619047619049,206,210,4,0,206,210,6907,0,0,0,0,0
2020-11-01,US,Kansas,Saline,1171,13,0,38.78369175,-97.65185177,20169.0,2159.5603422838594,1.1101622544833476,1158,1171,13,0,1158,1171,54401,0,0,0,0,0
2020-11-01,US,Kansas,Scott,187,1,0,38.48222076,-100.90665390000001,20171.0,3877.254820651047,0.5347593582887701,186,187,1,0,186,184,4897,0,0,0,0,3
2020-11-01,US,Kansas,Sedgwick,12379,133,0,37.6842718,-97.4608198,20173.0,2398.835753678964,1.0744001938767267,12246,12193,133,0,12060,11847,513607,186,0,0,186,346
2020-11-01,US,Kansas,Seward,2201,13,0,37.19324632,-100.85072009999999,20175.0,10271.607242859809,0.5906406179009541,2188,2201,13,0,2188,2181,21780,0,0,0,0,20
2020-11-01,US,Kansas,Shawnee,3647,84,0,39.04100763,-95.75572640000001,20177.0,2061.9081272084804,2.3032629558541267,3563,3647,84,0,3563,3647,177499,0,0,0,0,0
2020-11-01,US,Kansas,Sheridan,185,0,0,39.35018161,-100.44182590000001,20179.0,7338.357794525981,0.0,185,185,0,0,185,185,2533,0,0,0,0,0
2020-11-01,US,Kansas,Sherman,239,6,0,39.35147699,-101.71976240000001,20181.0,4039.209058644584,2.510460251046025,233,239,6,0,233,239,5899,0,0,0,0,0
2020-11-01,US,Kansas,Smith,24,0,0,39.78516566,-98.78566062,20183.0,669.8297516048002,0.0,24,24,0,0,24,24,3603,0,0,0,0,0
2020-11-01,US,Kansas,Stafford,93,1,0,38.03100851,-98.71762001,20185.0,2237.728585178056,1.075268817204301,92,93,1,0,92,93,4178,0,0,0,0,0
2020-11-01,US,Kansas,Stanton,52,2,0,37.56304714,-101.78435340000001,20187.0,2592.2233300099697,3.8461538461538463,50,52,2,0,50,52,1987,0,0,0,0,0
2020-11-01,US,Kansas,Stevens,245,1,0,37.1923008,-101.3118967,20189.0,4466.727438468551,0.4081632653061225,244,245,1,0,244,245,5559,0,0,0,0,0
2020-11-01,US,Kansas,Sumner,311,3,0,37.23682549,-97.47721621,20191.0,1361.8847433876335,0.964630225080386,308,311,3,0,308,311,22996,0,0,0,0,0
2020-11-01,US,Kansas,Thomas,363,2,0,39.35107575,-101.0553705,20193.0,4667.609618104668,0.5509641873278237,361,363,2,0,361,363,7711,0,0,0,0,0
2020-11-01,US,Kansas,Trego,113,3,0,38.91467218,-99.87284448,20195.0,4031.3949339992864,2.6548672566371683,110,113,3,0,110,113,2793,0,0,0,0,0
2020-11-01,US,Kansas,Wabaunsee,84,1,0,38.95471985,-96.20350509,20197.0,1211.9463280911846,1.1904761904761905,83,84,1,0,83,84,6899,0,0,0,0,0
2020-11-01,US,Kansas,Wallace,70,0,0,38.91686134,-101.76388759999999,20199.0,4611.330698287221,0.0,70,70,0,0,70,56,1503,0,0,0,0,14
2020-11-01,US,Kansas,Washington,39,0,0,39.78420784,-97.08753229999999,20201.0,721.4206437291898,0.0,39,39,0,0,39,39,5420,0,0,0,0,0
2020-11-01,US,Kansas,Wichita,44,0,0,38.48178252,-101.3471509,20203.0,2076.4511562057573,0.0,44,44,0,0,44,44,2105,0,0,0,0,0
2020-11-01,US,Kansas,Wilson,122,3,0,37.55937174,-95.74323255,20205.0,1431.0850439882693,2.459016393442623,119,122,3,0,119,122,8665,0,0,0,0,0
2020-11-01,US,Kansas,Woodson,27,0,0,37.8865336,-95.74006277,20207.0,860.4206500956022,0.0,27,27,0,0,27,27,3183,0,0,0,0,0
2020-11-01,US,Kansas,Wyandotte,8564,165,0,39.11727348,-94.76378225,20209.0,5176.843237884531,1.9266697804764128,8399,8505,165,0,8340,8420,165324,59,0,0,59,85
2020-11-01,US,Kentucky,Adair,517,22,0,37.10459774,-85.28129668,21001.0,2692.427872096657,4.25531914893617,495,516,22,0,494,514,19215,1,0,0,1,2
2020-11-01,US,Kentucky,Allen,566,11,0,36.75197631,-86.19457544,21003.0,2655.4069903823597,1.9434628975265016,555,562,11,0,551,557,21122,4,0,0,4,5
2020-11-01,US,Kentucky,Anderson,280,1,0,38.00671029,-84.99171713,21005.0,1230.9315514133732,0.35714285714285715,279,278,1,0,277,271,22663,2,0,0,2,7
2020-11-01,US,Kentucky,Ballard,81,1,0,37.05842757,-88.99427697,21007.0,1026.8762677484788,1.2345679012345678,80,79,1,0,78,77,7979,2,0,0,2,2
2020-11-01,US,Kentucky,Barren,1358,13,0,36.96469836,-85.93338945,21009.0,3068.9959095120794,0.9572901325478644,1345,1326,13,0,1313,1299,44176,32,0,0,32,27
2020-11-01,US,Kentucky,Bath,138,1,0,38.14735938,-83.74588932,21011.0,1104.0,0.7246376811594203,137,138,1,0,137,136,12383,0,0,0,0,2
2020-11-01,US,Kentucky,Bell,825,17,0,36.73355174,-83.67766671,21013.0,3169.176398279041,2.060606060606061,808,783,17,0,766,729,26569,42,0,0,42,54
2020-11-01,US,Kentucky,Boone,2338,25,0,38.97065142,-84.72615357,21015.0,1750.2489126447626,1.0692899914456802,2313,2305,25,0,2280,2269,131533,33,0,0,33,36
2020-11-01,US,Kentucky,Bourbon,335,1,0,38.2054607,-84.21827874,21017.0,1692.945219324843,0.29850746268656714,334,333,1,0,332,328,20184,2,0,0,2,5
2020-11-01,US,Kentucky,Boyd,743,22,0,38.36176608,-82.68652187,21019.0,1590.3934243760434,2.960969044414536,721,734,22,0,712,709,47240,9,0,0,9,25
2020-11-01,US,Kentucky,Boyle,491,0,0,37.62680923,-84.8633779,21021.0,1633.3998669328012,0.0,491,485,0,0,485,476,30100,6,0,0,6,9
2020-11-01,US,Kentucky,Bracken,75,1,0,38.69158994,-84.08532444,21023.0,903.2879682042636,1.3333333333333333,74,74,1,0,73,73,8239,1,0,0,1,1
2020-11-01,US,Kentucky,Breathitt,153,1,0,37.52333168,-83.31959161,21025.0,1211.4014251781473,0.6535947712418301,152,151,1,0,150,146,12726,2,0,0,2,5
2020-11-01,US,Kentucky,Breckinridge,219,2,0,37.77377239,-86.42885017,21027.0,1069.4926014552914,0.9132420091324199,217,217,2,0,215,209,20388,2,0,0,2,8
2020-11-01,US,Kentucky,Bullitt,1617,15,0,37.97162523,-85.68955617,21029.0,1979.773740143984,0.927643784786642,1602,1582,14,0,1568,1540,81069,35,1,0,34,42
2020-11-01,US,Kentucky,Butler,439,16,0,37.20946153,-86.68748787,21031.0,3408.649739886637,3.644646924829157,423,439,16,0,423,433,12772,0,0,0,0,6
2020-11-01,US,Kentucky,Caldwell,306,0,0,37.14749129,-87.86948214,21033.0,2400.5648387855967,0.0,306,303,0,0,303,292,12715,3,0,0,3,11
2020-11-01,US,Kentucky,Calloway,1075,10,0,36.62093411,-88.2731593,21035.0,2756.339581036384,0.9302325581395348,1065,1066,10,0,1056,1036,39135,9,0,0,9,30
2020-11-01,US,Kentucky,Campbell,1420,16,0,38.94384345,-84.37875208,21037.0,1517.3533937425198,1.1267605633802815,1404,1397,16,0,1381,1367,93152,23,0,0,23,30
2020-11-01,US,Kentucky,Carlisle,111,1,0,36.85372876,-88.96692220000001,21039.0,2331.9327731092435,0.9009009009009008,110,109,1,0,108,106,4771,2,0,0,2,3
2020-11-01,US,Kentucky,Carroll,233,5,0,38.66599534,-85.12601074,21041.0,2191.7035086069045,2.145922746781116,228,232,5,0,227,231,10737,1,0,0,1,1
2020-11-01,US,Kentucky,Carter,396,4,0,38.31690743,-83.05092385,21043.0,1477.7773631376651,1.0101010101010102,392,391,4,0,387,374,27004,5,0,0,5,17
2020-11-01,US,Kentucky,Casey,326,16,0,37.32533118,-84.92726209,21045.0,2017.4515749736988,4.9079754601227,310,325,16,0,309,320,15888,1,0,0,1,5
2020-11-01,US,Kentucky,Christian,2025,29,0,36.89267803,-87.49055367,21047.0,2873.930259292374,1.432098765432099,1996,1996,29,0,1967,1968,71671,29,0,0,29,28
2020-11-01,US,Kentucky,Clark,565,12,0,37.9689263,-84.14615986,21049.0,1558.061936409012,2.1238938053097347,553,562,12,0,550,550,36249,3,0,0,3,12
2020-11-01,US,Kentucky,Clay,637,6,0,37.16451126,-83.712575,21051.0,3200.844178684489,0.9419152276295132,631,628,6,0,622,602,20105,9,0,0,9,26
2020-11-01,US,Kentucky,Clinton,251,3,0,36.72581156,-85.13377529,21053.0,2456.449403014289,1.195219123505976,248,250,3,0,247,248,10206,1,0,0,1,2
2020-11-01,US,Kentucky,Crittenden,173,1,0,37.35839237,-88.08826090000002,21055.0,1964.5696116284353,0.5780346820809249,172,173,1,0,172,172,8915,0,0,0,0,1
2020-11-01,US,Kentucky,Cumberland,153,0,0,36.78926125,-85.39050034,21057.0,2313.274871484729,0.0,153,153,0,0,153,153,6659,0,0,0,0,0
2020-11-01,US,Kentucky,Daviess,2111,32,0,37.73028906,-87.09019479999998,21059.0,2079.577582725025,1.515869256276646,2079,2085,32,0,2053,2054,101104,26,0,0,26,31
2020-11-01,US,Kentucky,Edmonson,192,12,0,37.21218923,-86.23955613,21061.0,1580.2469135802469,6.25,180,191,12,0,179,188,12274,1,0,0,1,3
2020-11-01,US,Kentucky,Elliott,340,0,0,38.11624059,-83.09771563,21063.0,4523.08101636291,0.0,340,339,0,0,339,336,7508,1,0,0,1,3
2020-11-01,US,Kentucky,Estill,306,0,0,37.69241417,-83.95956369,21065.0,2169.289663972777,0.0,306,300,0,0,300,294,14198,6,0,0,6,6
2020-11-01,US,Kentucky,Fayette,11369,93,0,38.0368225,-84.45576892,21067.0,3518.1586374213994,0.8180138974404081,11276,11209,93,0,11116,10953,323780,160,0,0,160,256
2020-11-01,US,Kentucky,Fleming,200,0,0,38.36758311,-83.69657514,21069.0,1371.6480351141895,0.0,200,198,0,0,198,196,14432,2,0,0,2,2
2020-11-01,US,Kentucky,Floyd,475,4,0,37.56213922,-82.74750924,21071.0,1334.6820646829076,0.8421052631578947,471,454,4,0,450,434,35845,21,0,0,21,20
2020-11-01,US,Kentucky,Franklin,906,14,0,38.2379395,-84.87962551,21073.0,1776.7841383773612,1.5452538631346575,892,903,14,0,889,895,50815,3,0,0,3,8
2020-11-01,US,Kentucky,Fulton,239,3,0,36.55238827,-89.20140068,21075.0,4004.0207739989946,1.2552301255230125,236,238,3,0,235,237,6120,1,0,0,1,1
2020-11-01,US,Kentucky,Gallatin,131,8,0,38.75398691,-84.8558382,21077.0,1477.0549103619348,6.106870229007634,123,131,8,0,123,128,8832,0,0,0,0,3
2020-11-01,US,Kentucky,Garrard,370,4,0,37.638866799999995,-84.53289319,21079.0,2094.4186573078227,1.0810810810810811,366,366,4,0,362,358,17560,4,0,0,4,8
2020-11-01,US,Kentucky,Grant,288,6,0,38.64962758,-84.62415957,21081.0,1148.8292313215525,2.083333333333333,282,284,6,0,278,278,25121,4,0,0,4,6
2020-11-01,US,Kentucky,Graves,948,30,0,36.72292505,-88.65143315,21083.0,2543.873772339398,3.1645569620253164,918,932,30,0,902,913,37317,16,0,0,16,19
2020-11-01,US,Kentucky,Grayson,560,16,0,37.46231118,-86.34248968,21085.0,2119.0449161842057,2.8571428571428568,544,548,16,0,532,531,26321,12,0,0,12,17
2020-11-01,US,Kentucky,Green,344,8,0,37.26484328,-85.5540745,21087.0,3144.136733388173,2.3255813953488373,336,342,8,0,334,340,11049,2,0,0,2,2
2020-11-01,US,Kentucky,Greenup,679,12,0,38.54332505,-82.9215658,21089.0,1934.5831671320307,1.7673048600883652,667,671,12,0,659,660,35268,8,0,0,8,11
2020-11-01,US,Kentucky,Hancock,167,3,0,37.83766422,-86.78280584,21091.0,1914.698463655125,1.7964071856287425,164,165,3,0,162,161,8758,2,0,0,2,4
2020-11-01,US,Kentucky,Hardin,2304,13,0,37.6976111,-85.96319251,21093.0,2076.46136375926,0.5642361111111112,2291,2270,13,0,2257,2230,110356,34,0,0,34,40
2020-11-01,US,Kentucky,Harlan,625,14,0,36.85699301,-83.21899516,21095.0,2402.921953094964,2.24,611,621,14,0,607,616,26409,4,0,0,4,5
2020-11-01,US,Kentucky,Harrison,286,1,0,38.44188174,-84.32869741,21097.0,1514.3492534152285,0.34965034965034963,285,283,1,0,282,278,18778,3,0,0,3,5
2020-11-01,US,Kentucky,Hart,484,1,0,37.29943898,-85.88461055,21099.0,2542.6845285001314,0.2066115702479339,483,474,1,0,473,461,18906,10,0,0,10,13
2020-11-01,US,Kentucky,Henderson,1405,29,0,37.79344553,-87.57392021,21101.0,3107.7195310771954,2.06405693950178,1376,1379,29,0,1350,1364,45591,26,0,0,26,15
2020-11-01,US,Kentucky,Henry,317,2,0,38.44942688,-85.11587507,21103.0,1965.7695646781594,0.6309148264984227,315,311,2,0,309,298,16106,6,0,0,6,13
2020-11-01,US,Kentucky,Hickman,125,1,0,36.67948079999999,-88.97875928,21105.0,2853.8812785388127,0.8,124,124,1,0,123,124,4421,1,0,0,1,0
2020-11-01,US,Kentucky,Hopkins,1119,43,0,37.30939025,-87.54670406,21107.0,2504.139999104865,3.8427167113494187,1076,1115,43,0,1072,1087,45068,4,0,0,4,28
2020-11-01,US,Kentucky,Jackson,500,17,0,37.41866422,-83.99825483,21109.0,3751.2191462225214,3.4,483,500,17,0,483,486,13442,0,0,0,0,14
2020-11-01,US,Kentucky,Jefferson,23898,368,0,38.18664655,-85.65931031,21111.0,3116.763198770928,1.5398778140430158,23530,23598,367,0,23231,23280,770517,300,1,0,299,318
2020-11-01,US,Kentucky,Jessamine,1059,14,0,37.87119786,-84.58252003,21113.0,1956.943546151714,1.3220018885741265,1045,1047,13,0,1034,1026,53920,12,1,0,11,21
2020-11-01,US,Kentucky,Johnson,417,2,0,37.85106355,-82.8264322,21115.0,1879.3942671714442,0.4796163069544365,415,367,2,0,365,343,22386,50,0,0,50,24
2020-11-01,US,Kentucky,Kenton,3006,51,0,38.93950319,-84.53241199,21117.0,1800.0215571443964,1.6966067864271457,2955,2947,51,0,2896,2883,166051,59,0,0,59,64
2020-11-01,US,Kentucky,Knott,377,6,0,37.35388197,-82.94981134,21119.0,2546.2650276914765,1.5915119363395225,371,376,6,0,370,368,15126,1,0,0,1,8
2020-11-01,US,Kentucky,Knox,915,10,0,36.89225732,-83.85403396,21121.0,2937.8712473912346,1.0928961748633879,905,909,10,0,899,893,31304,6,0,0,6,16
2020-11-01,US,Kentucky,Larue,322,1,0,37.54567114,-85.70138352,21123.0,2236.4217252396165,0.3105590062111801,321,318,1,0,317,313,14307,4,0,0,4,5
2020-11-01,US,Kentucky,Laurel,1564,8,0,37.10975748,-84.11321779,21125.0,2571.818525644188,0.5115089514066496,1556,1554,8,0,1546,1507,60669,10,0,0,10,47
2020-11-01,US,Kentucky,Lawrence,175,0,0,38.07136018,-82.72882223,21127.0,1142.5213814715676,0.0,175,171,0,0,171,161,15571,4,0,0,4,10
2020-11-01,US,Kentucky,Lee,189,7,0,37.59645942,-83.71513901,21129.0,2553.019046332568,3.703703703703704,182,186,7,0,179,182,7033,3,0,0,3,4
2020-11-01,US,Kentucky,Leslie,139,1,0,37.09246661,-83.37999606,21131.0,1407.3099119165738,0.7194244604316546,138,138,1,0,137,136,10143,1,0,0,1,2
2020-11-01,US,Kentucky,Letcher,323,2,0,37.12306748,-82.85346474,21133.0,1498.6312810281631,0.6191950464396285,321,315,2,0,313,313,21899,8,0,0,8,2
2020-11-01,US,Kentucky,Lewis,330,17,0,38.53184419,-83.37735618,21135.0,2485.875706214689,5.151515151515151,313,325,17,0,308,309,13257,5,0,0,5,16
2020-11-01,US,Kentucky,Lincoln,360,19,0,37.45475628,-84.6565327,21137.0,1466.4548454112185,5.277777777777779,341,354,19,0,335,352,24644,6,0,0,6,2
2020-11-01,US,Kentucky,Livingston,137,1,0,37.21137452,-88.34797529,21139.0,1490.1022405916901,0.7299270072992701,136,134,1,0,133,131,9242,3,0,0,3,3
2020-11-01,US,Kentucky,Logan,841,31,0,36.85949479,-86.877635,21141.0,3103.0920227289503,3.6860879904875152,810,832,31,0,801,822,26989,9,0,0,9,10
2020-11-01,US,Kentucky,Lyon,122,4,0,37.02080035,-88.07886257,21143.0,1485.9926918392205,3.278688524590164,118,121,4,0,117,113,8009,1,0,0,1,8
2020-11-01,US,Kentucky,Madison,2451,14,0,37.71659336,-84.27220275,21151.0,2635.8523234430622,0.5711954304365565,2437,2435,13,0,2422,2408,92368,16,1,0,15,27
2020-11-01,US,Kentucky,Magoffin,203,0,0,37.70820545,-83.0657714,21153.0,1669.2706191925006,0.0,203,191,0,0,191,183,12362,12,0,0,12,8
2020-11-01,US,Kentucky,Marion,538,10,0,37.55218078,-85.26898542,21155.0,2791.469932029264,1.858736059479554,528,527,10,0,517,511,19404,11,0,0,11,16
2020-11-01,US,Kentucky,Marshall,532,7,0,36.88007070000001,-88.32803576,21157.0,1710.6109324758845,1.3157894736842106,525,525,7,0,518,515,31191,7,0,0,7,10
2020-11-01,US,Kentucky,Martin,235,3,0,37.79990579,-82.51247478,21159.0,2099.1514068780707,1.2765957446808511,232,230,3,0,227,218,11323,5,0,0,5,12
2020-11-01,US,Kentucky,Mason,192,2,0,38.59471935,-83.82151043,21161.0,1124.780316344464,1.0416666666666667,190,187,2,0,185,182,17150,5,0,0,5,5
2020-11-01,US,Kentucky,McCracken,1299,12,0,37.05350953,-88.70445755,21145.0,1985.6920113730166,0.9237875288683602,1287,1252,12,0,1240,1213,65346,47,0,0,47,39
2020-11-01,US,Kentucky,McCreary,266,1,0,36.73874143,-84.48102924,21147.0,1543.7293250536825,0.3759398496240601,265,264,1,0,263,264,17408,2,0,0,2,0
2020-11-01,US,Kentucky,McLean,224,4,0,37.5301951,-87.26803443,21149.0,2432.9314651895293,1.7857142857142858,220,221,4,0,217,220,9252,3,0,0,3,1
2020-11-01,US,Kentucky,Meade,422,4,0,37.96163597,-86.21028219,21163.0,1476.9704605907882,0.9478672985781992,418,418,4,0,414,408,28715,4,0,0,4,10
2020-11-01,US,Kentucky,Menifee,92,1,0,37.94090733,-83.59985712,21165.0,1417.7839420557864,1.0869565217391304,91,90,1,0,89,90,6451,2,0,0,2,0
2020-11-01,US,Kentucky,Mercer,387,6,0,37.81474237,-84.87488475,21167.0,1764.4645055395981,1.5503875968992251,381,383,6,0,377,376,21774,4,0,0,4,7
2020-11-01,US,Kentucky,Metcalfe,212,2,0,36.99459295,-85.63123699,21169.0,2105.054115777976,0.9433962264150944,210,212,2,0,210,210,10030,0,0,0,0,2
2020-11-01,US,Kentucky,Monroe,352,4,0,36.71225341,-85.71596443,21171.0,3305.1643192488264,1.1363636363636365,348,345,4,0,341,333,10718,7,0,0,7,12
2020-11-01,US,Kentucky,Montgomery,571,6,0,38.03253032,-83.9145241,21173.0,2027.9149057072839,1.0507880910683012,565,562,6,0,556,551,28203,9,0,0,9,11
2020-11-01,US,Kentucky,Morgan,152,0,0,37.92465657,-83.25558245,21175.0,1142.0843038545345,0.0,152,149,0,0,149,144,13345,3,0,0,3,5
2020-11-01,US,Kentucky,Muhlenberg,995,14,0,37.21425819,-87.14632053,21177.0,3249.297890405591,1.407035175879397,981,989,14,0,975,984,30774,6,0,0,6,5
2020-11-01,US,Kentucky,Nelson,1100,4,0,37.80335779,-85.4657193,21179.0,2379.25291458482,0.3636363636363637,1096,1067,4,0,1063,1023,45851,33,0,0,33,44
2020-11-01,US,Kentucky,Nicholas,120,3,0,38.33342292,-84.01889177,21181.0,1650.846058605035,2.5,117,120,3,0,117,119,7166,0,0,0,0,1
2020-11-01,US,Kentucky,Ohio,631,10,0,37.47751843,-86.85368087,21183.0,2629.824122697341,1.584786053882726,621,628,10,0,618,621,24087,3,0,0,3,7
2020-11-01,US,Kentucky,Oldham,1511,26,0,38.39791089,-85.448222,21185.0,2262.009910327999,1.7207147584381204,1485,1507,26,0,1481,1486,66470,4,0,0,4,21
2020-11-01,US,Kentucky,Owen,129,3,0,38.51679143,-84.82404619,21187.0,1183.377671773232,2.3255813953488373,126,129,3,0,126,126,10880,0,0,0,0,3
2020-11-01,US,Kentucky,Owsley,102,1,0,37.42823949,-83.68811419,21189.0,2310.305775764439,0.9803921568627452,101,102,1,0,101,99,4472,0,0,0,0,3
2020-11-01,US,Kentucky,Pendleton,142,0,0,38.69607718,-84.35599463,21191.0,973.2693625771077,0.0,142,140,0,0,140,133,14529,2,0,0,2,7
2020-11-01,US,Kentucky,Perry,578,9,0,37.25023553,-83.22922731,21193.0,2243.963040608743,1.5570934256055364,569,570,9,0,561,557,26092,8,0,0,8,13
2020-11-01,US,Kentucky,Pike,1033,5,0,37.47088263,-82.39487445,21195.0,1784.8503697560302,0.484027105517909,1028,1032,5,0,1027,1004,58402,1,0,0,1,28
2020-11-01,US,Kentucky,Powell,163,0,0,37.83218794,-83.82553961,21197.0,1318.8769317905976,0.0,163,159,0,0,159,149,12442,4,0,0,4,10
2020-11-01,US,Kentucky,Pulaski,1023,13,0,37.10466131,-84.57629079,21199.0,1574.3547915480387,1.270772238514174,1010,1021,13,0,1008,1010,64623,2,0,0,2,11
2020-11-01,US,Kentucky,Robertson,39,1,0,38.51923469,-84.05055616,21201.0,1850.0948766603408,2.5641025641025643,38,37,1,0,36,36,2135,2,0,0,2,1
2020-11-01,US,Kentucky,Rockcastle,377,2,0,37.36642393,-84.31176452,21203.0,2258.161126085655,0.5305039787798409,375,373,2,0,371,369,16750,4,0,0,4,4
2020-11-01,US,Kentucky,Rowan,386,2,0,38.19484205,-83.42088935,21205.0,1578.0866721177433,0.5181347150259067,384,378,2,0,376,377,24583,8,0,0,8,1
2020-11-01,US,Kentucky,Russell,406,7,0,36.99308373,-85.06070117,21207.0,2265.245773587011,1.7241379310344829,399,402,7,0,395,400,17821,4,0,0,4,2
2020-11-01,US,Kentucky,Scott,1214,20,0,38.29622293,-84.5816631,21209.0,2129.6751105185604,1.6474464579901154,1194,1203,20,0,1183,1190,56031,11,0,0,11,13
2020-11-01,US,Kentucky,Shelby,1559,25,0,38.21476019,-85.194223,21211.0,3180.075065274152,1.6035920461834507,1534,1551,25,0,1526,1534,48518,8,0,0,8,17
2020-11-01,US,Kentucky,Simpson,376,8,0,36.74058474,-86.58047435,21213.0,2024.553090674133,2.127659574468085,368,373,8,0,365,367,18529,3,0,0,3,6
2020-11-01,US,Kentucky,Spencer,339,1,0,38.03223971,-85.32749335,21215.0,1751.8474497441996,0.2949852507374631,338,337,1,0,336,326,18794,2,0,0,2,11
2020-11-01,US,Kentucky,Taylor,530,7,0,37.3677562,-85.3329931,21217.0,2056.7348364313707,1.320754716981132,523,530,7,0,523,528,25549,0,0,0,0,2
2020-11-01,US,Kentucky,Todd,305,12,0,36.8381152,-87.17878374,21219.0,2480.8849845453065,3.9344262295081966,293,306,12,0,294,299,12311,-1,0,0,-1,7
2020-11-01,US,Kentucky,Trigg,261,0,0,36.80767017,-87.87333656,21221.0,1781.448365299297,0.0,261,258,0,0,258,255,14643,3,0,0,3,3
2020-11-01,US,Kentucky,Trimble,102,0,0,38.61056487,-85.33775972,21223.0,1204.1081336323928,0.0,102,97,0,0,97,95,8515,5,0,0,5,2
2020-11-01,US,Kentucky,Union,529,6,0,37.66166713,-87.94300009,21225.0,3678.46464084556,1.1342155009451795,523,526,6,0,520,524,14505,3,0,0,3,2
2020-11-01,US,Kentucky,Warren,5456,58,0,36.99903045,-86.42672751,21227.0,4105.465928244643,1.0630498533724342,5398,5418,58,0,5360,5372,131264,38,0,0,38,46
2020-11-01,US,Kentucky,Washington,274,2,0,37.75599461,-85.17407732,21229.0,2265.3989251756925,0.7299270072992701,272,266,2,0,264,261,12084,8,0,0,8,5
2020-11-01,US,Kentucky,Wayne,300,2,0,36.80310688,-84.8251971,21231.0,1475.4340235085822,0.6666666666666666,298,297,2,0,295,295,20468,3,0,0,3,2
2020-11-01,US,Kentucky,Webster,349,5,0,37.52168356,-87.67989953,21233.0,2696.646577036007,1.4326647564469914,344,338,5,0,333,335,13111,11,0,0,11,3
2020-11-01,US,Kentucky,Whitley,882,7,0,36.75700531,-84.14541217,21235.0,2432.16412971542,0.7936507936507936,875,881,7,0,874,855,36242,1,0,0,1,26
2020-11-01,US,Kentucky,Wolfe,74,0,0,37.73941626,-83.49303612,21237.0,1033.9527735084532,0.0,74,70,0,0,70,69,7177,4,0,0,4,1
2020-11-01,US,Kentucky,Woodford,419,0,0,38.04178222,-84.7417556,21239.0,1567.2925862197947,0.0,419,411,0,0,411,401,26533,8,0,0,8,10
2020-11-01,US,Louisiana,Acadia,3182,102,0,30.295064899999996,-92.41419698,22001.0,5128.535740188573,3.2055311125078565,3080,3169,101,0,3068,3169,62190,13,1,0,12,0
2020-11-01,US,Louisiana,Allen,1856,63,0,30.65385745,-92.82442028,22003.0,7242.361571779765,3.3943965517241383,1793,1848,63,0,1785,1848,25605,8,0,0,8,0
2020-11-01,US,Louisiana,Ascension,4299,100,0,30.20406249,-90.91328409999998,22005.0,3395.627310353543,2.3261223540358222,4199,4212,100,0,4112,4212,124672,87,0,0,87,0
2020-11-01,US,Louisiana,Assumption,813,24,0,29.89946234,-91.06461642,22007.0,3713.8550089077703,2.9520295202952034,789,802,24,0,778,802,22300,11,0,0,11,0
2020-11-01,US,Louisiana,Avoyelles,1757,62,0,31.07796211,-92.00079449,22009.0,4376.743722598645,3.5287421741605014,1695,1757,62,0,1695,1757,40462,0,0,0,0,0
2020-11-01,US,Louisiana,Beauregard,1086,40,0,30.64836518,-93.34173616,22011.0,2896.231698535883,3.6832412523020257,1046,1077,40,0,1037,1077,37253,9,0,0,9,0
2020-11-01,US,Louisiana,Bienville,623,35,0,32.34569994,-93.05398492,22013.0,4705.082697681444,5.617977528089888,588,614,35,0,579,614,13308,9,0,0,9,0
2020-11-01,US,Louisiana,Bossier,4381,122,0,32.67932307,-93.60460152,22015.0,3448.5472964995,2.7847523396484823,4259,4339,121,0,4218,4339,127185,42,1,0,41,0
2020-11-01,US,Louisiana,Caddo,10350,396,0,32.57991587,-93.88375652,22017.0,4308.837488135087,3.8260869565217392,9954,10262,396,0,9866,10262,242922,88,0,0,88,0
2020-11-01,US,Louisiana,Calcasieu,8530,230,0,30.22931235,-93.35400434,22019.0,4192.96486364262,2.696365767878077,8300,8461,230,0,8231,8461,203112,69,0,0,69,0
2020-11-01,US,Louisiana,Caldwell,376,3,0,32.0902519,-92.11752148,22021.0,3791.086912684009,0.7978723404255319,373,367,3,0,364,367,9960,9,0,0,9,0
2020-11-01,US,Louisiana,Cameron,240,2,0,29.87592238,-93.19310676,22023.0,3441.847124623548,0.8333333333333334,238,247,2,0,245,247,6968,-7,0,0,-7,0
2020-11-01,US,Louisiana,Catahoula,464,15,0,31.66778967,-91.84526385,22025.0,4887.297240362334,3.2327586206896552,449,465,15,0,450,465,9608,-1,0,0,-1,0
2020-11-01,US,Louisiana,Claiborne,607,26,0,32.82308512,-92.99526883,22027.0,3873.643905552009,4.2833607907742985,581,603,26,0,577,603,15944,4,0,0,4,0
2020-11-01,US,Louisiana,Concordia,613,16,0,31.44817835,-91.63814433,22029.0,3182.927462485072,2.6101141924959217,597,611,16,0,595,611,19572,2,0,0,2,0
2020-11-01,US,Louisiana,De Soto,1045,35,0,32.05457447,-93.74130302,22031.0,3805.1196154826494,3.3492822966507183,1010,1037,35,0,1002,1037,27436,8,0,0,8,0
2020-11-01,US,Louisiana,East Baton Rouge,16289,459,0,30.53842039,-91.09777565,22033.0,3701.549110460188,2.8178525385229296,15830,16202,459,0,15743,16202,440956,87,0,0,87,0
2020-11-01,US,Louisiana,East Carroll,589,6,0,32.73926954,-91.23425694,22035.0,8584.754408978282,1.0186757215619695,583,586,6,0,580,586,7037,3,0,0,3,0
2020-11-01,US,Louisiana,East Feliciana,1802,78,0,30.84425359,-91.04976723,22037.0,9417.298144760909,4.328523862375138,1724,1799,78,0,1721,1799,19305,3,0,0,3,0
2020-11-01,US,Louisiana,Evangeline,1426,40,0,30.72985248,-92.39915924,22039.0,4270.100314418326,2.8050490883590458,1386,1413,40,0,1373,1413,33443,13,0,0,13,0
2020-11-01,US,Louisiana,Franklin,1359,47,0,32.13675181,-91.67589857,22041.0,6789.907569323008,3.4584253127299487,1312,1348,47,0,1301,1348,20156,11,0,0,11,0
2020-11-01,US,Louisiana,Grant,545,30,0,31.59882456,-92.56124347,22043.0,2434.231095627317,5.504587155963303,515,543,30,0,513,543,22482,2,0,0,2,0
2020-11-01,US,Louisiana,Iberia,3088,97,0,29.86803617,-91.75871777,22045.0,4422.168122583416,3.14119170984456,2991,3079,97,0,2982,3079,70941,9,0,0,9,0
2020-11-01,US,Louisiana,Iberville,1497,61,0,30.25734305,-91.3499598,22047.0,4604.595367721694,4.074816299265197,1436,1487,61,0,1426,1487,32721,10,0,0,10,0
2020-11-01,US,Louisiana,Jackson,875,24,0,32.30251776,-92.55692092,22049.0,5557.672764227642,2.7428571428571433,851,869,24,0,845,869,15902,6,0,0,6,0
2020-11-01,US,Louisiana,Jefferson,18866,589,0,29.74075478,-90.11115756,22051.0,4362.151526151868,3.12201844588148,18277,18785,589,0,18196,18785,434051,81,0,0,81,0
2020-11-01,US,Louisiana,Jefferson Davis,1357,44,0,30.26896765,-92.81210004,22053.0,4326.064779393012,3.2424465733235084,1313,1355,44,0,1311,1355,31582,2,0,0,2,0
2020-11-01,US,Louisiana,LaSalle,525,10,0,31.67884782,-92.15907765,22059.0,3525.382755842063,1.9047619047619049,515,517,10,0,507,517,14917,8,0,0,8,0
2020-11-01,US,Louisiana,Lafayette,9534,140,0,30.2049055,-92.06959876,22055.0,3901.141617905807,1.4684287812041117,9394,9505,140,0,9365,9505,242782,29,0,0,29,0
2020-11-01,US,Louisiana,Lafourche,3925,131,0,29.52470226,-90.40976986,22057.0,4020.9396193169014,3.337579617834395,3794,3907,131,0,3776,3907,98115,18,0,0,18,0
2020-11-01,US,Louisiana,Lincoln,1702,50,0,32.6003154,-92.66597409999999,22061.0,3641.264815369475,2.9377203290246765,1652,1688,50,0,1638,1688,47196,14,0,0,14,0
2020-11-01,US,Louisiana,Livingston,4273,80,0,30.44143993,-90.73061664,22063.0,3035.0382487268184,1.872220922068804,4193,4232,80,0,4152,4232,139567,41,0,0,41,0
2020-11-01,US,Louisiana,Madison,896,9,0,32.36918118,-91.23973355,22065.0,8181.9011962377845,1.0044642857142858,887,895,9,0,886,895,11161,1,0,0,1,0
2020-11-01,US,Louisiana,Morehouse,900,27,0,32.81686191,-91.80421614,22067.0,3618.2359089812653,3.0,873,896,27,0,869,896,25398,4,0,0,4,0
2020-11-01,US,Louisiana,Natchitoches,1510,30,0,31.72321584,-93.09816516,22069.0,3957.2304628125157,1.9867549668874167,1480,1503,28,0,1475,1503,38659,7,2,0,5,0
2020-11-01,US,Louisiana,Orleans,13569,595,0,30.06971951,-89.92660315,22071.0,3477.9466043307093,4.384995209669099,12974,13536,595,0,12941,13536,391006,33,0,0,33,0
2020-11-01,US,Louisiana,Ouachita,7146,167,0,32.47645559,-92.15704172,22073.0,4662.086782925254,2.3369717324377275,6979,7082,167,0,6915,7082,154475,64,0,0,64,0
2020-11-01,US,Louisiana,Plaquemines,904,19,0,29.42245447,-89.60322085,22075.0,3897.0556537483294,2.1017699115044253,885,898,19,0,879,898,23410,6,0,0,6,0
2020-11-01,US,Louisiana,Pointe Coupee,1144,42,0,30.71409502,-91.60209535,22077.0,5264.611136677405,3.6713286713286712,1102,1140,42,0,1098,1140,21940,4,0,0,4,0
2020-11-01,US,Louisiana,Rapides,4800,161,0,31.19778499,-92.52997303,22079.0,3702.332469455757,3.3541666666666665,4639,4749,160,0,4589,4749,130562,51,1,0,50,0
2020-11-01,US,Louisiana,Red River,455,24,0,32.09530039,-93.34213308,22081.0,5389.7180762852395,5.2747252747252755,431,446,24,0,422,446,8477,9,0,0,9,0
2020-11-01,US,Louisiana,Richland,911,18,0,32.41391005,-91.76634876,22083.0,4527.382963920088,1.9758507135016463,893,901,18,0,883,901,20192,10,0,0,10,0
2020-11-01,US,Louisiana,Sabine,1015,15,0,31.56388699,-93.55433981,22085.0,4249.706916764361,1.477832512315271,1000,1005,15,0,990,1005,24032,10,0,0,10,0
2020-11-01,US,Louisiana,St. Bernard,1559,32,0,29.87761636,-89.51887093,22087.0,3299.8899331132,2.0525978191148173,1527,1557,32,0,1525,1557,46721,2,0,0,2,0
2020-11-01,US,Louisiana,St. Charles,1965,63,0,29.90709658,-90.35555967,22089.0,3700.564971751413,3.206106870229008,1902,1964,63,0,1901,1964,52879,1,0,0,1,0
2020-11-01,US,Louisiana,St. Helena,442,4,0,30.82210324,-90.71013176,22091.0,4362.416107382552,0.9049773755656108,438,439,4,0,435,439,10262,3,0,0,3,0
2020-11-01,US,Louisiana,St. James,846,40,0,30.02531716,-90.80212061,22093.0,4010.2389078498295,4.728132387706856,806,846,40,0,806,846,21037,0,0,0,0,0
2020-11-01,US,Louisiana,St. John the Baptist,1663,107,0,30.12597499,-90.4753503,22095.0,3882.157947568691,6.434155141310884,1556,1659,107,0,1552,1659,43184,4,0,0,4,0
2020-11-01,US,Louisiana,St. Landry,3702,136,0,30.59724262,-92.00135806,22097.0,4507.817446787783,3.6736898973527823,3566,3681,135,0,3546,3681,82764,21,1,0,20,0
2020-11-01,US,Louisiana,St. Martin,2259,64,0,30.13112107,-91.61403569,22099.0,4227.8826898242605,2.8331119964586096,2195,2237,64,0,2173,2237,53621,22,0,0,22,0
2020-11-01,US,Louisiana,St. Mary,2038,87,0,29.69262097,-91.44702164,22101.0,4129.853286860663,4.268891069676153,1951,2026,86,0,1940,2026,49774,12,1,0,11,0
2020-11-01,US,Louisiana,St. Tammany,7803,271,0,30.40942847,-89.95642711,22103.0,2996.3251529266304,3.4730231962065874,7532,7764,271,0,7493,7764,258111,39,0,0,39,0
2020-11-01,US,Louisiana,Tangipahoa,5079,126,0,30.62888673,-90.40664996,22105.0,3768.9784651004015,2.480803307737744,4953,5047,126,0,4921,5047,133777,32,0,0,32,0
2020-11-01,US,Louisiana,Tensas,186,2,0,32.00760749,-91.32915234,22107.0,4291.647438855561,1.075268817204301,184,187,2,0,185,187,4462,-1,0,0,-1,0
2020-11-01,US,Louisiana,Terrebonne,3894,125,0,29.37343766,-90.82626855,22109.0,3525.226097898806,3.210066769388803,3769,3880,125,0,3755,3880,111021,14,0,0,14,0
2020-11-01,US,Louisiana,Unassigned,324,214,0,0.0,0.0,90022.0,0.0,66.04938271604938,110,321,214,0,107,321,,3,0,0,3,0
2020-11-01,US,Louisiana,Union,1133,52,0,32.83121059,-92.3749373,22111.0,5124.841686267415,4.589585172109444,1081,1127,52,0,1075,1127,22330,6,0,0,6,0
2020-11-01,US,Louisiana,Vermilion,2134,70,0,29.83517605,-92.30292538,22113.0,3585.891683890373,3.280224929709466,2064,2131,70,0,2061,2131,59830,3,0,0,3,0
2020-11-01,US,Louisiana,Vernon,1133,56,0,31.10884837,-93.18153838,22115.0,2388.833835838833,4.942630185348632,1077,1128,56,0,1072,1128,48860,5,0,0,5,0
2020-11-01,US,Louisiana,Washington,1757,72,0,30.85288548,-90.03866652,22117.0,3803.524267220851,4.097894137734775,1685,1753,72,0,1681,1753,46582,4,0,0,4,0
2020-11-01,US,Louisiana,Webster,1495,41,0,32.70847669,-93.33121835,22119.0,3899.321857068336,2.74247491638796,1454,1490,41,0,1449,1490,38798,5,0,0,5,0
2020-11-01,US,Louisiana,West Baton Rouge,972,42,0,30.46058217,-91.30989571,22121.0,3672.775363687889,4.320987654320987,930,964,42,0,922,964,26427,8,0,0,8,0
2020-11-01,US,Louisiana,West Carroll,379,13,0,32.78550125,-91.461201,22123.0,3499.5383194829187,3.430079155672823,366,377,13,0,364,377,10982,2,0,0,2,0
2020-11-01,US,Louisiana,West Feliciana,755,25,0,30.87882871,-91.41485379999999,22125.0,4849.691675231244,3.3112582781456954,730,760,25,0,735,760,15460,-5,0,0,-5,0
2020-11-01,US,Louisiana,Winn,699,20,0,31.94449367,-92.63789413,22127.0,5027.330264672037,2.861230329041488,679,695,20,0,675,695,14134,4,0,0,4,0
2020-11-01,US,Maine,Androscoggin,876,10,0,44.1664747,-70.20380627,23001.0,809.0360833787413,1.1415525114155252,866,873,10,0,863,868,107679,3,0,0,3,5
2020-11-01,US,Maine,Aroostook,67,1,0,46.65926321,-68.59841248,23003.0,99.91797777943479,1.492537313432836,66,65,1,0,64,66,67111,2,0,0,2,-1
2020-11-01,US,Maine,Cumberland,2638,70,0,43.8370751,-70.37226999,23005.0,894.2281942895496,2.6535253980288096,2568,2621,70,0,2551,2589,293557,17,0,0,17,32
2020-11-01,US,Maine,Franklin,86,1,0,44.97330019,-70.44381045,23007.0,284.77764164376305,1.162790697674419,85,82,1,0,81,80,29897,4,0,0,4,2
2020-11-01,US,Maine,Hancock,74,1,0,44.59816444,-68.38401854,23009.0,134.57726371687858,1.351351351351351,73,73,1,0,72,73,54811,1,0,0,1,0
2020-11-01,US,Maine,Kennebec,355,11,0,44.40759555,-69.76738544,23011.0,290.26508151951725,3.0985915492957745,344,353,11,0,342,350,122083,2,0,0,2,3
2020-11-01,US,Maine,Knox,94,1,0,44.11486325,-69.10529169,23013.0,236.34717891984315,1.0638297872340423,93,93,1,0,92,88,39771,1,0,0,1,5
2020-11-01,US,Maine,Lincoln,65,1,0,44.05996956,-69.54227124,23015.0,187.67684933880005,1.5384615384615383,64,65,1,0,64,64,34342,0,0,0,0,1
2020-11-01,US,Maine,Oxford,179,2,0,44.49952995,-70.75682123,23017.0,308.753773178094,1.11731843575419,177,178,2,0,176,169,57618,1,0,0,1,9
2020-11-01,US,Maine,Penobscot,311,6,0,45.40194593,-68.65020455,23019.0,204.406236033336,1.929260450160772,305,310,6,0,304,305,151096,1,0,0,1,5
2020-11-01,US,Maine,Piscataquis,11,0,0,45.83839062,-69.2860223,23021.0,65.5347036044087,0.0,11,10,0,0,10,10,16800,1,0,0,1,0
2020-11-01,US,Maine,Sagadahoc,88,0,0,43.95415864,-69.85074999,23023.0,245.42614904060687,0.0,88,88,0,0,88,86,35634,0,0,0,0,2
2020-11-01,US,Maine,Somerset,199,8,0,45.51229767,-69.95995554,23025.0,394.1842960145789,4.0201005025125625,191,193,8,0,185,183,50592,6,0,0,6,10
2020-11-01,US,Maine,Waldo,154,14,0,44.4858305,-69.12061935,23027.0,387.7628100214025,9.090909090909092,140,154,14,0,140,154,39694,0,0,0,0,0
2020-11-01,US,Maine,Washington,68,0,0,45.01607142,-67.62813524,23029.0,216.70543994391159,0.0,68,69,0,0,69,61,31490,-1,0,0,-1,8
2020-11-01,US,Maine,York,1446,21,0,43.47808377,-70.71052375,23031.0,696.394257396179,1.4522821576763485,1425,1435,21,0,1414,1420,206229,11,0,0,11,15
2020-11-01,US,Maryland,Allegany,775,24,0,39.62357628,-78.69280486,24001.0,1100.6021358782098,3.0967741935483866,751,766,24,0,742,735,70975,9,0,0,9,31
2020-11-01,US,Maryland,Anne Arundel,12256,281,0,39.00670238,-76.60329337,24003.0,2115.8978927341973,2.2927545691906004,11975,12202,278,0,11924,12115,576031,54,3,0,51,87
2020-11-01,US,Maryland,Baltimore,21194,675,0,39.45784712,-76.62911955,24005.0,2561.610887511029,3.1848636406530155,20519,21017,673,0,20344,20867,828431,177,2,0,175,150
2020-11-01,US,Maryland,Baltimore City,18100,506,0,39.30211911,-76.61151012,24510.0,3049.7565249625104,2.7955801104972378,17594,17976,504,0,17472,17850,621342,124,2,0,122,126
2020-11-01,US,Maryland,Calvert,1212,29,0,38.53961642,-76.56820632,24009.0,1309.9162388543637,2.392739273927393,1183,1204,29,0,1175,1195,92003,8,0,0,8,9
2020-11-01,US,Maryland,Caroline,765,8,0,38.87172293,-75.82904158,24011.0,2290.0077830329888,1.0457516339869282,757,760,8,0,752,753,33304,5,0,0,5,7
2020-11-01,US,Maryland,Carroll,2301,130,0,39.56453592,-77.02373735,24013.0,1366.008299346382,5.649717514124294,2171,2294,129,0,2165,2278,168429,7,1,0,6,16
2020-11-01,US,Maryland,Cecil,1381,36,0,39.56647682,-75.94627411,24015.0,1342.6668611151622,2.606806661839247,1345,1372,36,0,1336,1365,102826,9,0,0,9,7
2020-11-01,US,Maryland,Charles,3247,102,0,38.51092331,-76.98580666,24017.0,1988.8886847118347,3.141361256544503,3145,3226,102,0,3124,3208,161503,21,0,0,21,18
2020-11-01,US,Maryland,Dorchester,829,12,0,38.45413522,-76.02752426,24019.0,2596.385730840302,1.4475271411338964,817,821,12,0,809,808,31998,8,0,0,8,13
2020-11-01,US,Maryland,Frederick,4909,139,0,39.47296601,-77.39999394,24021.0,1891.3722755416168,2.8315339172947653,4770,4857,139,0,4718,4826,255648,52,0,0,52,31
2020-11-01,US,Maryland,Garrett,150,1,0,39.52786077,-79.27355126,24023.0,516.9917970634866,0.6666666666666666,149,150,1,0,149,147,29163,0,0,0,0,3
2020-11-01,US,Maryland,Harford,3726,82,0,39.55010644,-76.30775940000002,24025.0,1458.6538574465335,2.200751476113795,3644,3680,82,0,3598,3649,253956,46,0,0,46,31
2020-11-01,US,Maryland,Howard,5988,129,0,39.25305293,-76.93126208,24027.0,1838.5581381067886,2.1543086172344688,5859,5959,127,0,5832,5930,323196,29,2,0,27,29
2020-11-01,US,Maryland,Kent,348,25,0,39.24976208,-76.04741541,24029.0,1791.7825146740809,7.183908045977012,323,346,25,0,321,343,19383,2,0,0,2,3
2020-11-01,US,Maryland,Montgomery,26114,873,0,39.13676329,-77.20358245,24031.0,2485.419077785223,3.3430343876847672,25241,25993,873,0,25120,25831,1052567,121,0,0,121,162
2020-11-01,US,Maryland,Prince George's,33248,863,0,38.83070039,-76.8496441,24033.0,3656.33045098188,2.5956448508180943,32385,33111,863,0,32248,32937,909308,137,0,0,137,174
2020-11-01,US,Maryland,Queen Anne's,804,26,0,39.06198912,-76.03530977,24035.0,1595.8397014747625,3.2338308457711444,778,802,26,0,776,798,50251,2,0,0,2,4
2020-11-01,US,Maryland,Somerset,439,6,0,38.1163542,-75.75118623,24039.0,1713.7726420986883,1.366742596810934,433,438,6,0,432,435,25675,1,0,0,1,3
2020-11-01,US,Maryland,St. Mary's,1507,60,0,38.30058422,-76.60629279999998,24037.0,1327.63633160074,3.9814200398142,1447,1504,60,0,1444,1501,112664,3,0,0,3,3
2020-11-01,US,Maryland,Talbot,660,6,0,38.76618159,-76.10882561,24041.0,1775.1001855786558,0.9090909090909092,654,658,6,0,652,655,36968,2,0,0,2,3
2020-11-01,US,Maryland,Unassigned,0,10,0,0.0,0.0,90024.0,0.0,0.0,-10,0,16,0,-16,0,,0,-6,0,6,0
2020-11-01,US,Maryland,Washington,2378,47,0,39.60835778,-77.82002295,24043.0,1574.3235638766225,1.9764507989907485,2331,2358,46,0,2312,2327,150926,20,1,0,19,31
2020-11-01,US,Maryland,Wicomico,2572,51,0,38.37301947,-75.62705831,24045.0,2482.409829261937,1.9828926905132196,2521,2554,51,0,2503,2539,103195,18,0,0,18,15
2020-11-01,US,Maryland,Worcester,1242,31,0,38.21274277,-75.33200012,24047.0,2375.8512510521077,2.49597423510467,1211,1233,31,0,1202,1222,51823,9,0,0,9,11
2020-11-01,US,Massachusetts,Barnstable,2051,185,0,41.72980578,-70.28854339,25001.0,962.9560073242876,9.019990248659193,1866,2029,185,0,1844,2020,213413,22,0,0,22,9
2020-11-01,US,Massachusetts,Berkshire,789,52,0,42.37428441,-73.20524838,25003.0,631.4829043411447,6.590621039290241,737,784,52,0,732,783,126348,5,0,0,5,1
2020-11-01,US,Massachusetts,Bristol,12812,763,0,41.79228404,-71.10872211,25005.0,2266.7400308200213,5.955354355291914,12049,12708,761,0,11947,12533,564022,104,2,0,102,175
2020-11-01,US,Massachusetts,Dukes and Nantucket,262,2,0,41.40674725,-70.68763497,0.0,911.9069994083046,0.7633587786259542,260,258,2,0,256,253,26707,4,0,0,4,5
2020-11-01,US,Massachusetts,Essex,24500,1358,0,42.6687626,-70.94687179,25009.0,3105.062646223103,5.542857142857144,23142,24319,1356,0,22963,24089,790638,181,2,0,179,230
2020-11-01,US,Massachusetts,Franklin,483,73,0,42.58119713,-72.58602547,25011.0,688.2302650327729,15.113871635610767,410,479,73,0,406,479,70963,4,0,0,4,0
2020-11-01,US,Massachusetts,Hampden,10359,821,0,42.13440424,-72.63235561,25013.0,2221.188236000446,7.925475431991504,9538,10254,817,0,9437,10151,470406,105,4,0,101,103
2020-11-01,US,Massachusetts,Hampshire,1520,155,0,42.33997957,-72.65898478,25015.0,945.097307716222,10.197368421052632,1365,1509,155,0,1354,1503,161355,11,0,0,11,6
2020-11-01,US,Massachusetts,Middlesex,32781,2288,0,42.48607732,-71.39049229,25017.0,2033.9405807163746,6.979652847686159,30493,32557,2281,0,30276,32295,1614714,224,7,0,217,262
2020-11-01,US,Massachusetts,Norfolk,12089,1112,0,42.16073095,-71.20530408,25021.0,1710.4453326730572,9.198444867234675,10977,11991,1111,0,10880,11891,705388,98,1,0,97,100
2020-11-01,US,Massachusetts,Plymouth,11631,839,0,41.94070556,-70.80802823,25023.0,2231.5724037897016,7.213481213997077,10792,11563,837,0,10726,11486,518132,68,2,0,66,77
2020-11-01,US,Massachusetts,Suffolk,29031,1183,0,42.327951399999996,-71.07850442,25025.0,3611.2386134217018,4.07495435913334,27848,28851,1181,0,27670,28660,807252,180,2,0,178,191
2020-11-01,US,Massachusetts,Unassigned,4382,5,0,0.0,0.0,90025.0,0.0,0.1141031492469192,4377,4380,5,0,4375,4238,,2,0,0,2,142
2020-11-01,US,Massachusetts,Worcester,17017,1177,0,42.35026951,-71.90493363,25027.0,2048.7056687638897,6.91661279896574,15840,16894,1175,0,15719,16765,830839,123,2,0,121,129
2020-11-01,US,Michigan,Alcona,55,3,0,44.6846864,-83.59507875,26001.0,528.5920230658337,5.454545454545454,52,55,3,0,52,55,10362,0,0,0,0,0
2020-11-01,US,Michigan,Alger,121,1,0,46.41292944,-86.60260122,26003.0,1328.502415458937,0.8264462809917356,120,121,1,0,120,119,9097,0,0,0,0,2
2020-11-01,US,Michigan,Allegan,1503,7,0,42.59147037,-85.89102866,26005.0,1272.855074059332,0.4657351962741184,1496,1503,7,0,1496,1434,117327,0,0,0,0,69
2020-11-01,US,Michigan,Alpena,180,14,0,45.03477666,-83.62212411,26007.0,633.6912515402217,7.777777777777778,166,180,14,0,166,175,28360,0,0,0,0,5
2020-11-01,US,Michigan,Antrim,143,0,0,44.99690221,-85.15503082,26009.0,613.1023838106671,0.0,143,143,0,0,143,142,23365,0,0,0,0,1
2020-11-01,US,Michigan,Arenac,111,3,0,44.0636262,-83.89277559,26011.0,745.8173755291272,2.702702702702702,108,111,3,0,108,109,15041,0,0,0,0,2
2020-11-01,US,Michigan,Baraga,125,4,0,46.6720582,-88.36363591,26013.0,1522.7189669874524,3.2,121,125,4,0,121,114,8320,0,0,0,0,11
2020-11-01,US,Michigan,Barry,803,6,0,42.59513984,-85.30834519,26015.0,1304.630381803412,0.7471980074719801,797,803,6,0,797,774,61157,0,0,0,0,29
2020-11-01,US,Michigan,Bay,1602,65,0,43.70639106,-83.98731479,26017.0,1553.4394817989646,4.057428214731585,1537,1602,65,0,1537,1525,103923,0,0,0,0,77
2020-11-01,US,Michigan,Benzie,145,2,0,44.63899297,-86.01608482,26019.0,816.165709782731,1.3793103448275863,143,145,2,0,143,143,17753,0,0,0,0,2
2020-11-01,US,Michigan,Berrien,2985,86,0,41.95447397,-86.41313079999998,26021.0,1945.880404951728,2.88107202680067,2899,2985,86,0,2899,2906,154141,0,0,0,0,79
2020-11-01,US,Michigan,Branch,973,11,0,41.91600556,-85.05929476,26023.0,2235.907806144725,1.1305241521068858,962,973,11,0,962,948,43622,0,0,0,0,25
2020-11-01,US,Michigan,Calhoun,3275,70,0,42.24633834,-85.00493569,26025.0,2441.1332821502842,2.137404580152672,3205,3275,70,0,3205,3157,134487,0,0,0,0,118
2020-11-01,US,Michigan,Cass,1103,24,0,41.91522292,-85.99405727,26027.0,2129.8781547492613,2.1758839528558482,1079,1103,24,0,1079,1073,51653,0,0,0,0,30
2020-11-01,US,Michigan,Charlevoix,220,4,0,45.37790017,-85.19614053,26029.0,841.5254561450482,1.818181818181818,216,220,4,0,216,211,26244,0,0,0,0,9
2020-11-01,US,Michigan,Cheboygan,187,2,0,45.44787015,-84.50122149,26031.0,739.8322519385979,1.0695187165775402,185,187,2,0,185,183,25413,0,0,0,0,4
2020-11-01,US,Michigan,Chippewa,187,0,0,46.29552653,-84.54353449,26033.0,500.68274920345925,0.0,187,187,0,0,187,182,37517,0,0,0,0,5
2020-11-01,US,Michigan,Clare,319,14,0,43.98794227,-84.84819859999998,26035.0,1030.6946688206783,4.38871473354232,305,319,14,0,305,309,30757,0,0,0,0,10
2020-11-01,US,Michigan,Clinton,1297,16,0,42.94400871,-84.60145248,26037.0,1629.4993404108295,1.2336160370084812,1281,1297,16,0,1281,1249,79332,0,0,0,0,48
2020-11-01,US,Michigan,Crawford,157,5,0,44.68255561,-84.61006219,26039.0,1119.1104141421342,3.1847133757961785,152,157,5,0,152,156,13901,0,0,0,0,1
2020-11-01,US,Michigan,Delta,1397,38,0,45.90484910000001,-86.9080745,26041.0,3903.9794321484464,2.720114531138153,1359,1397,38,0,1359,1332,35857,0,0,0,0,65
2020-11-01,US,Michigan,Dickinson,760,21,0,46.00999672,-87.86961634,26043.0,3011.2128055786684,2.763157894736842,739,760,21,0,739,722,25383,0,0,0,0,38
2020-11-01,US,Michigan,Eaton,1304,11,0,42.59599185,-84.83740035,26045.0,1182.5733667065695,0.8435582822085892,1293,1304,11,0,1293,1245,109826,0,0,0,0,59
2020-11-01,US,Michigan,Emmet,332,4,0,45.52625509,-84.89083249,26047.0,993.5657638784976,1.2048192771084338,328,332,4,0,328,298,33308,0,0,0,0,34
2020-11-01,US,Michigan,Federal Correctional Institution (FCI),197,5,0,0.0,0.0,0.0,0.0,2.538071065989848,192,197,5,0,192,197,,0,0,0,0,0
2020-11-01,US,Michigan,Genesee,7352,343,0,43.02244215,-83.70589709,26049.0,1811.671878426763,4.665397170837867,7009,7352,343,0,7009,7213,406892,0,0,0,0,139
2020-11-01,US,Michigan,Gladwin,240,2,0,43.98901072,-84.38774817,26051.0,943.0625957797947,0.8333333333333334,238,240,2,0,238,234,25337,0,0,0,0,6
2020-11-01,US,Michigan,Gogebic,462,11,0,46.40862701,-89.69377193,26053.0,3305.9033989266545,2.380952380952381,451,462,11,0,451,443,15096,0,0,0,0,19
2020-11-01,US,Michigan,Grand Traverse,874,14,0,44.69565625,-85.55585247,26055.0,938.8965280165004,1.6018306636155606,860,874,14,0,860,859,92573,0,0,0,0,15
2020-11-01,US,Michigan,Gratiot,594,17,0,43.29265605,-84.60505416,26057.0,1459.0651175358014,2.8619528619528616,577,594,17,0,577,585,40599,0,0,0,0,9
2020-11-01,US,Michigan,Hillsdale,579,29,0,41.88753639,-84.59312019,26059.0,1269.5976318386142,5.008635578583765,550,579,29,0,550,564,45749,0,0,0,0,15
2020-11-01,US,Michigan,Houghton,986,9,0,46.89988536,-88.68495385,26061.0,2763.1431453872883,0.9127789046653144,977,986,9,0,977,977,36219,0,0,0,0,9
2020-11-01,US,Michigan,Huron,292,7,0,43.83353985,-83.04078453,26063.0,942.5131532229433,2.3972602739726026,285,292,7,0,285,286,31166,0,0,0,0,6
2020-11-01,US,Michigan,Ingham,4928,69,0,42.59716886,-84.37472069,26065.0,1685.3279344473096,1.4001623376623376,4859,4928,69,0,4859,4834,292735,0,0,0,0,94
2020-11-01,US,Michigan,Ionia,834,8,0,42.94502238,-85.07413319,26067.0,1289.0860472664885,0.9592326139088728,826,834,8,0,826,808,64210,0,0,0,0,26
2020-11-01,US,Michigan,Iosco,314,16,0,44.35486835,-83.63484895,26069.0,1249.651769013412,5.095541401273885,298,314,16,0,298,309,25081,0,0,0,0,5
2020-11-01,US,Michigan,Iron,475,26,0,46.20974132,-88.53136251,26071.0,4292.427254653895,5.473684210526316,449,475,26,0,449,465,11117,0,0,0,0,10
2020-11-01,US,Michigan,Isabella,1142,15,0,43.64060976,-84.84664923,26073.0,1634.4172200595374,1.3134851138353765,1127,1142,15,0,1127,1120,70562,0,0,0,0,22
2020-11-01,US,Michigan,Jackson,2004,70,0,42.24807035,-84.42258681,26075.0,1264.273547410258,3.493013972055888,1934,2004,70,0,1934,1955,158823,0,0,0,0,49
2020-11-01,US,Michigan,Kalamazoo,5237,114,0,42.24542231,-85.53038622,26077.0,1975.7343454083134,2.1768187893832347,5123,5237,114,0,5123,5111,264870,0,0,0,0,126
2020-11-01,US,Michigan,Kalkaska,145,4,0,44.68512729,-85.09085699,26079.0,803.8585209003215,2.7586206896551726,141,145,4,0,141,140,17824,0,0,0,0,5
2020-11-01,US,Michigan,Kent,15950,188,0,43.03197711,-85.54934642,26081.0,2427.8679666034964,1.1786833855799372,15762,15950,188,0,15762,15522,653786,0,0,0,0,428
2020-11-01,US,Michigan,Keweenaw,23,0,0,47.63197653,-88.41434263,26083.0,1086.9565217391305,0.0,23,23,0,0,23,21,2113,0,0,0,0,2
2020-11-01,US,Michigan,Lake,68,1,0,43.99050893,-85.802173,26085.0,573.6944233527378,1.4705882352941178,67,68,1,0,67,67,11881,0,0,0,0,1
2020-11-01,US,Michigan,Lapeer,993,38,0,43.09052506,-83.22153148,26087.0,1133.471069663383,3.8267875125881163,955,993,38,0,955,981,88028,0,0,0,0,12
2020-11-01,US,Michigan,Leelanau,163,2,0,44.94430054,-85.80150326,26089.0,749.0464592619826,1.2269938650306749,161,163,2,0,161,160,21764,0,0,0,0,3
2020-11-01,US,Michigan,Lenawee,1223,20,0,41.89475156,-84.06603727,26091.0,1242.2423337497842,1.6353229762878168,1203,1223,20,0,1203,1196,98266,0,0,0,0,27
2020-11-01,US,Michigan,Livingston,2319,35,0,42.60302282,-83.91297209,26093.0,1207.8439542696424,1.5092712376024149,2284,2319,35,0,2284,2270,191224,0,0,0,0,49
2020-11-01,US,Michigan,Luce,78,1,0,46.47227431,-85.54471223,26095.0,1252.207416920854,1.2820512820512822,77,78,1,0,77,75,6283,0,0,0,0,3
2020-11-01,US,Michigan,Mackinac,171,0,0,46.07028979,-85.04980537,26097.0,1583.4799518473933,0.0,171,171,0,0,171,167,10787,0,0,0,0,4
2020-11-01,US,Michigan,Macomb,19730,1098,0,42.69158356,-82.92752801,26099.0,2257.5093938936257,5.565129244804866,18632,19730,1098,0,18632,19402,874759,0,0,0,0,328
2020-11-01,US,Michigan,Manistee,154,3,0,44.33352407,-86.05626916,26101.0,627.0868963270625,1.9480519480519483,151,154,3,0,151,152,24528,0,0,0,0,2
2020-11-01,US,Michigan,Marquette,1245,16,0,46.4338914,-87.64043701,26103.0,1866.5947015697384,1.285140562248996,1229,1245,16,0,1229,1195,66516,0,0,0,0,50
2020-11-01,US,Michigan,Mason,280,2,0,43.99509218,-86.24988902,26105.0,960.7466373867693,0.7142857142857143,278,280,2,0,278,268,29100,0,0,0,0,12
2020-11-01,US,Michigan,Mecosta,615,4,0,43.64064262,-85.32463223,26107.0,1415.3223022576115,0.6504065040650406,611,615,4,0,611,582,43545,0,0,0,0,33
2020-11-01,US,Michigan,Menominee,776,6,0,45.58038692,-87.55370409,26109.0,3406.496927129061,0.7731958762886598,770,776,6,0,770,757,22983,0,0,0,0,19
2020-11-01,US,Michigan,Michigan Department of Corrections (MDOC),6984,75,0,0.0,0.0,0.0,0.0,1.0738831615120277,6909,6984,75,0,6909,6958,,0,0,0,0,26
2020-11-01,US,Michigan,Midland,1179,14,0,43.64330771,-84.38804374,26111.0,1417.8171148203376,1.1874469889737065,1165,1179,14,0,1165,1138,83209,0,0,0,0,41
2020-11-01,US,Michigan,Missaukee,104,1,0,44.33772443,-85.09256478,26113.0,687.9216827622702,0.9615384615384616,103,104,1,0,103,94,15113,0,0,0,0,10
2020-11-01,US,Michigan,Monroe,2206,42,0,41.92734151,-83.53749864,26115.0,1465.7807308970098,1.9038984587488668,2164,2206,42,0,2164,2134,150439,0,0,0,0,72
2020-11-01,US,Michigan,Montcalm,790,12,0,43.31082541,-85.15252824,26117.0,1236.5389431505134,1.5189873417721518,778,790,12,0,778,753,63968,0,0,0,0,37
2020-11-01,US,Michigan,Montmorency,37,0,0,45.0275929,-84.12696227,26119.0,396.65523156089193,0.0,37,37,0,0,37,37,9265,0,0,0,0,0
2020-11-01,US,Michigan,Muskegon,2558,84,0,43.29123859,-86.15176712,26121.0,1473.7909498404065,3.2838154808444098,2474,2558,84,0,2474,2444,173588,0,0,0,0,114
2020-11-01,US,Michigan,Newaygo,712,4,0,43.554373999999996,-85.80070107,26123.0,1453.6545528787258,0.5617977528089888,708,712,4,0,708,685,48892,0,0,0,0,27
2020-11-01,US,Michigan,Oakland,26579,1241,0,42.66090111,-83.38595416,26125.0,2113.4969910558657,4.669099665149178,25338,26579,1241,0,25338,26259,1259201,0,0,0,0,320
2020-11-01,US,Michigan,Oceana,676,6,0,43.64124435,-86.26726673,26127.0,2554.1240034760267,0.8875739644970414,670,676,6,0,670,664,26625,0,0,0,0,12
2020-11-01,US,Michigan,Ogemaw,135,5,0,44.33481032,-84.12725175,26129.0,642.9489927132448,3.703703703703704,130,135,5,0,130,125,20952,0,0,0,0,10
2020-11-01,US,Michigan,Ontonagon,127,1,0,46.665226200000006,-89.31390481,26131.0,2220.2797202797196,0.7874015748031497,126,127,1,0,126,116,5795,0,0,0,0,11
2020-11-01,US,Michigan,Osceola,201,1,0,43.98992088,-85.32566756,26133.0,856.7774936061381,0.4975124378109453,200,201,1,0,200,195,23341,0,0,0,0,6
2020-11-01,US,Michigan,Oscoda,60,2,0,44.68192279,-84.12939244,26135.0,728.066982162359,3.333333333333333,58,60,2,0,58,60,8276,0,0,0,0,0
2020-11-01,US,Michigan,Otsego,287,12,0,45.02085831,-84.59898295,26137.0,1163.4506242905788,4.181184668989547,275,287,12,0,275,284,24665,0,0,0,0,3
2020-11-01,US,Michigan,Ottawa,5762,78,0,42.95996803,-85.9969107,26139.0,1974.4371723263544,1.3536966331135023,5684,5762,78,0,5684,5558,290494,0,0,0,0,204
2020-11-01,US,Michigan,Out of MI,348,3,0,0.0,0.0,80026.0,0.0,0.8620689655172413,345,348,3,0,345,325,,0,0,0,0,23
2020-11-01,US,Michigan,Presque Isle,81,1,0,45.34018577,-83.91498656,26141.0,643.2655654383735,1.2345679012345678,80,81,1,0,80,79,12738,0,0,0,0,2
2020-11-01,US,Michigan,Roscommon,217,6,0,44.33473082,-84.61067651,26143.0,903.451434281194,2.7649769585253456,211,217,6,0,211,213,23884,0,0,0,0,4
2020-11-01,US,Michigan,Saginaw,4230,157,0,43.33433923,-84.05131209999998,26145.0,2220.0179490812893,3.7115839243498816,4073,4230,157,0,4073,4134,190800,0,0,0,0,96
2020-11-01,US,Michigan,Sanilac,232,7,0,43.42406072,-82.82055898,26151.0,563.5171241195045,3.0172413793103448,225,232,7,0,225,223,41182,0,0,0,0,9
2020-11-01,US,Michigan,Schoolcraft,102,1,0,46.19235734,-86.19972234,26153.0,1260.1927353595254,0.9803921568627452,101,102,1,0,101,93,8068,0,0,0,0,9
2020-11-01,US,Michigan,Shiawassee,787,34,0,42.95392800000001,-84.14585902,26155.0,1155.2802325240013,4.320203303684879,753,787,34,0,753,786,68192,0,0,0,0,1
2020-11-01,US,Michigan,St. Clair,1726,65,0,42.92655373,-82.67937954,26147.0,1084.6614046553716,3.76593279258401,1661,1726,65,0,1661,1683,159337,0,0,0,0,43
2020-11-01,US,Michigan,St. Joseph,1371,24,0,41.91441767,-85.52797979,26149.0,2248.8681845023293,1.7505470459518602,1347,1371,24,0,1347,1326,61043,0,0,0,0,45
2020-11-01,US,Michigan,Tuscola,729,36,0,43.46606813,-83.41897025,26157.0,1395.3488372093025,4.938271604938271,693,729,36,0,693,709,52516,0,0,0,0,20
2020-11-01,US,Michigan,Unassigned,73,0,0,0.0,0.0,90026.0,0.0,0.0,73,73,0,0,73,15,,0,0,0,0,58
2020-11-01,US,Michigan,Van Buren,1222,20,0,42.25190229,-86.01939087,26159.0,1614.7574560302335,1.6366612111292962,1202,1222,20,0,1202,1182,75448,0,0,0,0,40
2020-11-01,US,Michigan,Washtenaw,5800,119,0,42.253105,-83.83853204,26161.0,1577.797666491658,2.0517241379310347,5681,5800,119,0,5681,5723,370963,0,0,0,0,77
2020-11-01,US,Michigan,Wayne,42172,3060,0,42.28098405,-83.281255,26163.0,2410.733629711269,7.255999241202693,39112,42172,3060,0,39112,41731,1753893,0,0,0,0,441
2020-11-01,US,Michigan,Wexford,192,4,0,44.33853602,-85.57712739,26165.0,570.9018465106598,2.083333333333333,188,192,4,0,188,186,33466,0,0,0,0,6
2020-11-01,US,Minnesota,Aitkin,232,3,0,46.60962049,-93.41168259999999,27001.0,1460.4053883922952,1.293103448275862,229,224,2,0,222,214,15902,8,1,0,7,10
2020-11-01,US,Minnesota,Anoka,9947,159,0,45.27476015,-93.24604565,27003.0,2786.8912168238908,1.5984719010757011,9788,9812,158,0,9654,9573,353813,135,1,0,134,239
2020-11-01,US,Minnesota,Becker,696,4,0,46.93479392,-95.67158144,27005.0,2021.9039595619208,0.5747126436781609,692,683,4,0,679,665,34371,13,0,0,13,18
2020-11-01,US,Minnesota,Beltrami,1016,11,0,47.97373527,-94.93732139,27007.0,2153.0897685852333,1.0826771653543308,1005,1002,10,0,992,983,46847,14,1,0,13,19
2020-11-01,US,Minnesota,Benton,1134,14,0,45.69804958,-93.99514135,27009.0,2773.3620289075293,1.2345679012345678,1120,1121,12,0,1109,1090,40545,13,2,0,11,31
2020-11-01,US,Minnesota,Big Stone,177,1,0,45.42712824,-96.41403739,27011.0,3546.3834902825083,0.5649717514124294,176,172,1,0,171,167,4989,5,0,0,5,5
2020-11-01,US,Minnesota,Blue Earth,2207,7,0,44.03554215,-94.06699781,27013.0,3262.235229775472,0.31717263253285,2200,2169,7,0,2162,2136,67427,38,0,0,38,33
2020-11-01,US,Minnesota,Brown,384,3,0,44.24205652,-94.72562874,27015.0,1535.5086372360845,0.78125,381,373,3,0,370,365,25111,11,0,0,11,8
2020-11-01,US,Minnesota,Carlton,580,2,0,46.59180601,-92.67601019,27017.0,1616.9050207688665,0.3448275862068966,578,550,2,0,548,537,35837,30,0,0,30,13
2020-11-01,US,Minnesota,Carver,1967,8,0,44.82017001,-93.80099179999999,27019.0,1871.7468050890197,0.4067107269954245,1959,1938,7,0,1931,1916,103551,29,1,0,28,22
2020-11-01,US,Minnesota,Cass,471,5,0,46.95043611,-94.32603968,27021.0,1581.6514993787564,1.0615711252653928,466,458,5,0,453,438,29519,13,0,0,13,20
2020-11-01,US,Minnesota,Chippewa,497,3,0,45.02343421,-95.56403693,27023.0,4211.864406779661,0.6036217303822937,494,491,3,0,488,489,11924,6,0,0,6,2
2020-11-01,US,Minnesota,Chisago,1249,2,0,45.5021011,-92.90861945,27025.0,2207.5328302020184,0.16012810248198558,1247,1228,2,0,1226,1191,55922,21,0,0,21,37
2020-11-01,US,Minnesota,Clay,2690,45,0,46.89289518,-96.48761922,27027.0,4188.595808289994,1.6728624535315986,2645,2613,45,0,2568,2591,63955,77,0,0,77,22
2020-11-01,US,Minnesota,Clearwater,155,1,0,47.57992111,-95.37790562,27029.0,1757.7682014062145,0.6451612903225806,154,151,1,0,150,143,8810,4,0,0,4,8
2020-11-01,US,Minnesota,Cook,24,0,0,47.90504893,-90.52629546,27031.0,439.3190554640306,0.0,24,22,0,0,22,20,5393,2,0,0,2,2
2020-11-01,US,Minnesota,Cottonwood,318,0,0,44.00715262,-95.18138802,27033.0,2840.300107181136,0.0,318,306,0,0,306,299,11277,12,0,0,12,7
2020-11-01,US,Minnesota,Crow Wing,1279,22,0,46.48096553,-94.06755609,27035.0,1966.0287449081545,1.7200938232994527,1257,1255,22,0,1233,1208,64889,24,0,0,24,47
2020-11-01,US,Minnesota,Dakota,10733,139,0,44.67172617,-93.06299363,27037.0,2501.742338953105,1.2950712755054503,10594,10589,139,0,10450,10420,425423,144,0,0,144,169
2020-11-01,US,Minnesota,Dodge,432,0,0,44.02238415,-92.86244324,27039.0,2063.6285468615647,0.0,432,424,0,0,424,420,20822,8,0,0,8,4
2020-11-01,US,Minnesota,Douglas,859,4,0,45.93348491,-95.45335469,27041.0,2252.169581290475,0.4656577415599534,855,828,4,0,824,804,37964,31,0,0,31,24
2020-11-01,US,Minnesota,Faribault,268,0,0,43.67381499,-93.94787458,27043.0,1962.9385483044016,0.0,268,264,0,0,264,258,13758,4,0,0,4,6
2020-11-01,US,Minnesota,Fillmore,309,0,0,43.67394126,-92.08980382,27045.0,1466.7489438458251,0.0,309,296,0,0,296,284,21058,13,0,0,13,12
2020-11-01,US,Minnesota,Freeborn,758,5,0,43.67385583,-93.34884422,27047.0,2503.2198408242793,0.6596306068601583,753,742,5,0,737,727,30444,16,0,0,16,15
2020-11-01,US,Minnesota,Goodhue,734,11,0,44.40849741,-92.72341949999999,27049.0,1583.9447561501945,1.4986376021798364,723,709,11,0,698,682,46403,25,0,0,25,27
2020-11-01,US,Minnesota,Grant,111,5,0,45.93424769,-96.01139609,27051.0,1858.6738111185527,4.504504504504505,106,110,5,0,105,109,6021,1,0,0,1,1
2020-11-01,US,Minnesota,Hennepin,36936,1002,0,45.00761521,-93.47694895,27053.0,2917.897401178502,2.712800519818064,35934,36580,1000,0,35580,36126,1259428,356,2,0,354,454
2020-11-01,US,Minnesota,Houston,260,2,0,43.67129565,-91.49143057,27055.0,1397.849462365591,0.7692307692307693,258,255,2,0,253,249,18578,5,0,0,5,6
2020-11-01,US,Minnesota,Hubbard,510,5,0,47.10778564,-94.91693868,27057.0,2373.086408263925,0.9803921568627452,505,500,5,0,495,469,21332,10,0,0,10,31
2020-11-01,US,Minnesota,Isanti,636,7,0,45.56181234,-93.29487636,27059.0,1566.6568134791605,1.1006289308176103,629,629,7,0,622,619,39966,7,0,0,7,10
2020-11-01,US,Minnesota,Itasca,847,17,0,47.51009045,-93.63092229,27061.0,1876.8003545313532,2.007083825265644,830,835,17,0,818,806,45108,12,0,0,12,29
2020-11-01,US,Minnesota,Jackson,240,1,0,43.67423373,-95.15398258,27063.0,2437.538086532602,0.4166666666666667,239,235,1,0,234,226,9911,5,0,0,5,9
2020-11-01,US,Minnesota,Kanabec,250,10,0,45.9459309,-93.29275192,27065.0,1530.2687151863868,4.0,240,244,10,0,234,236,16207,6,0,0,6,8
2020-11-01,US,Minnesota,Kandiyohi,1921,5,0,45.1526059,-95.00586446,27067.0,4446.862195884164,0.2602811035918792,1916,1898,5,0,1893,1869,42855,23,0,0,23,29
2020-11-01,US,Minnesota,Kittson,66,0,0,48.77754106,-96.78317184,27069.0,1535.5979525360633,0.0,66,65,0,0,65,54,4248,1,0,0,1,11
2020-11-01,US,Minnesota,Koochiching,185,5,0,48.24539665,-93.78352843,27071.0,1512.7974486875464,2.702702702702702,180,183,5,0,178,177,12440,2,0,0,2,6
2020-11-01,US,Minnesota,Lac qui Parle,153,3,0,44.9973857,-96.17488219,27073.0,2310.13136041069,1.96078431372549,150,151,3,0,148,147,6658,2,0,0,2,4
2020-11-01,US,Minnesota,Lake,142,0,0,47.64270764,-91.44557998,27075.0,1334.4610468940891,0.0,142,140,0,0,140,139,10658,2,0,0,2,1
2020-11-01,US,Minnesota,Lake of the Woods,50,1,0,48.77217001,-94.90274472,27077.0,1336.8983957219252,2.0,49,49,1,0,48,47,3758,1,0,0,1,2
2020-11-01,US,Minnesota,Le Sueur,702,6,0,44.37136597,-93.72844721,27079.0,2430.158895004673,0.8547008547008547,696,687,6,0,681,671,28494,15,0,0,15,16
2020-11-01,US,Minnesota,Lincoln,208,0,0,44.41311883,-96.26688165,27081.0,3688.59726901933,0.0,208,203,0,0,203,197,5673,5,0,0,5,6
2020-11-01,US,Minnesota,Lyon,1077,6,0,44.41327865,-95.83806103,27083.0,4227.840150741933,0.5571030640668524,1071,1058,6,0,1052,1044,25629,19,0,0,19,14
2020-11-01,US,Minnesota,Mahnomen,139,2,0,47.32557075,-95.80921485,27087.0,2514.926723358061,1.4388489208633093,137,138,2,0,136,134,5519,1,0,0,1,4
2020-11-01,US,Minnesota,Marshall,187,1,0,48.35825983,-96.37017407,27089.0,2002.9991431019712,0.5347593582887701,186,177,1,0,176,161,9390,10,0,0,10,16
2020-11-01,US,Minnesota,Martin,651,18,0,43.67429718,-94.55099908,27091.0,3307.422648986435,2.7649769585253456,633,646,18,0,628,637,19785,5,0,0,5,9
2020-11-01,US,Minnesota,McLeod,657,4,0,44.82367677,-94.27287017,27085.0,1830.4404758588025,0.60882800608828,653,649,4,0,645,629,35873,8,0,0,8,20
2020-11-01,US,Minnesota,Meeker,382,3,0,45.12328869,-94.52839455,27093.0,1644.9918181035227,0.7853403141361257,379,376,3,0,373,370,23141,6,0,0,6,6
2020-11-01,US,Minnesota,Mille Lacs,498,20,0,45.93705297,-93.63236823,27095.0,1895.193515241466,4.016064257028113,478,489,20,0,469,471,26139,9,0,0,9,18
2020-11-01,US,Minnesota,Morrison,903,9,0,46.01265363,-94.27341528,27097.0,2704.726532079315,0.9966777408637874,894,875,9,0,866,852,33169,28,0,0,28,23
2020-11-01,US,Minnesota,Mower,1572,19,0,43.67142874,-92.75234549,27099.0,3923.9179272128213,1.208651399491094,1553,1560,19,0,1541,1553,40011,12,0,0,12,7
2020-11-01,US,Minnesota,Murray,314,3,0,44.02216709,-95.76328482,27101.0,3832.0722479863316,0.9554140127388536,311,306,3,0,303,302,8276,8,0,0,8,4
2020-11-01,US,Minnesota,Nicollet,802,18,0,44.35291112,-94.24710352,27103.0,2339.966155102993,2.244389027431421,784,793,18,0,775,783,34220,9,0,0,9,10
2020-11-01,US,Minnesota,Nobles,2442,19,0,43.67434621,-95.75329576,27105.0,11290.397151971887,0.7780507780507779,2423,2410,18,0,2392,2368,21924,32,1,0,31,42
2020-11-01,US,Minnesota,Norman,150,0,0,47.32628443,-96.45620947,27107.0,2352.9411764705883,0.0,150,145,0,0,145,141,6475,5,0,0,5,4
2020-11-01,US,Minnesota,Olmsted,3623,30,0,44.00374114,-92.40209944,27109.0,2288.793566361115,0.8280430582390285,3593,3514,30,0,3484,3449,156277,109,0,0,109,65
2020-11-01,US,Minnesota,Otter Tail,1031,8,0,46.40846929,-95.70835255,27111.0,1755.013107275389,0.7759456838021338,1023,1014,8,0,1006,980,58812,17,0,0,17,34
2020-11-01,US,Minnesota,Pennington,235,2,0,48.06642577,-96.0370814,27113.0,1664.4238260500033,0.851063829787234,233,227,1,0,226,222,14178,8,1,0,7,5
2020-11-01,US,Minnesota,Pine,611,0,0,46.12105238,-92.74070188,27115.0,2065.6546874471755,0.0,611,605,0,0,605,596,29483,6,0,0,6,9
2020-11-01,US,Minnesota,Pipestone,390,17,0,44.02301619,-96.25841142,27117.0,4273.504273504273,4.3589743589743595,373,382,17,0,365,372,9047,8,0,0,8,10
2020-11-01,US,Minnesota,Polk,972,5,0,47.77372465,-96.40134647,27119.0,3099.0945032521363,0.51440329218107,967,912,5,0,907,884,31529,60,0,0,60,28
2020-11-01,US,Minnesota,Pope,178,0,0,45.58606667,-95.44451209,27121.0,1582.3628767001514,0.0,178,176,0,0,176,174,11097,2,0,0,2,2
2020-11-01,US,Minnesota,Ramsey,15318,383,0,45.01625271,-93.09872295,27123.0,2783.466376896393,2.5003264133698915,14935,15139,380,0,14759,14966,550210,179,3,0,176,173
2020-11-01,US,Minnesota,Red Lake,90,2,0,47.87197525,-96.09561104,27125.0,2219.482120838471,2.2222222222222223,88,87,2,0,85,84,3999,3,0,0,3,3
2020-11-01,US,Minnesota,Redwood,317,12,0,44.40555844,-95.25207021,27127.0,2089.650626235992,3.785488958990536,305,314,12,0,302,310,15249,3,0,0,3,4
2020-11-01,US,Minnesota,Renville,304,13,0,44.72836381,-94.94553734,27129.0,2089.634313995051,4.276315789473684,291,300,13,0,287,286,14612,4,0,0,4,14
2020-11-01,US,Minnesota,Rice,1783,12,0,44.3543376,-93.29658715,27131.0,2662.306635608911,0.6730229949523275,1771,1761,12,0,1749,1742,66523,22,0,0,22,19
2020-11-01,US,Minnesota,Rock,397,6,0,43.67482683,-96.25296832,27133.0,4261.943102522812,1.5113350125944585,391,382,6,0,376,366,9414,15,0,0,15,16
2020-11-01,US,Minnesota,Roseau,393,0,0,48.77501878,-95.81079919,27135.0,2591.493570722057,0.0,393,389,0,0,389,365,15150,4,0,0,4,24
2020-11-01,US,Minnesota,Scott,3836,37,0,44.6490231,-93.53340251,27139.0,2574.272043378766,0.9645464025026068,3799,3779,36,0,3743,3666,147381,57,1,0,56,113
2020-11-01,US,Minnesota,Sherburne,1985,24,0,45.44447208,-93.77617511,27141.0,2041.3829984162567,1.2090680100755669,1961,1942,24,0,1918,1899,96036,43,0,0,43,43
2020-11-01,US,Minnesota,Sibley,281,3,0,44.5796592,-94.23164924,27143.0,1890.3464513958966,1.0676156583629892,278,279,3,0,276,273,15028,2,0,0,2,6
2020-11-01,US,Minnesota,St. Louis,3457,75,0,47.604840700000004,-92.46879855,27137.0,1736.5750740945396,2.169511136823836,3382,3392,75,0,3317,3330,199754,65,0,0,65,62
2020-11-01,US,Minnesota,Stearns,6666,53,0,45.55192576,-94.61078221,27145.0,4138.444823839826,0.7950795079507951,6613,6592,51,0,6541,6478,159256,74,2,0,72,114
2020-11-01,US,Minnesota,Steele,845,4,0,44.02240351,-93.22627088,27147.0,2305.6563617015468,0.4733727810650887,841,839,3,0,836,817,36803,6,1,0,5,22
2020-11-01,US,Minnesota,Stevens,205,1,0,45.58613007,-96.00163705,27149.0,2090.770015298317,0.4878048780487805,204,201,1,0,200,200,9753,4,0,0,4,1
2020-11-01,US,Minnesota,Swift,245,2,0,45.2829032,-95.68264092,27151.0,2644.075113317505,0.8163265306122449,243,238,2,0,236,232,9345,7,0,0,7,6
2020-11-01,US,Minnesota,Todd,975,7,0,46.06996226,-94.89785296,27153.0,3953.1300681154717,0.7179487179487181,968,957,7,0,950,933,24582,18,0,0,18,24
2020-11-01,US,Minnesota,Traverse,63,0,0,45.77298854,-96.47062949,27155.0,1933.1083154341825,0.0,63,63,0,0,63,61,3308,0,0,0,0,2
2020-11-01,US,Minnesota,Unassigned,236,54,0,0.0,0.0,90027.0,0.0,22.881355932203395,182,287,54,0,233,203,,-51,0,0,-51,84
2020-11-01,US,Minnesota,Wabasha,446,1,0,44.28424356,-92.23121312,27157.0,2062.2370185416376,0.2242152466367713,445,435,1,0,434,428,21645,11,0,0,11,7
2020-11-01,US,Minnesota,Wadena,298,3,0,46.58589171,-94.96968506,27159.0,2178.0441455927494,1.0067114093959733,295,292,3,0,289,274,13773,6,0,0,6,18
2020-11-01,US,Minnesota,Waseca,961,10,0,44.02211116,-93.58720034,27161.0,5163.335482484417,1.0405827263267429,951,956,10,0,946,950,18691,5,0,0,5,6
2020-11-01,US,Minnesota,Washington,6958,75,0,45.03864533,-92.88429635,27163.0,2651.2726718488034,1.0778959471112388,6883,6861,74,0,6787,6490,259201,97,1,0,96,371
2020-11-01,US,Minnesota,Watonwan,593,4,0,43.97823903,-94.61413846,27165.0,5441.864733412866,0.6745362563237775,589,589,4,0,585,585,10980,4,0,0,4,4
2020-11-01,US,Minnesota,Wilkin,150,4,0,46.35721532,-96.4684375,27167.0,2416.626389560174,2.6666666666666665,146,148,4,0,144,148,6254,2,0,0,2,0
2020-11-01,US,Minnesota,Winona,1406,19,0,43.98772283,-91.78081305,27169.0,2785.040805007527,1.351351351351351,1387,1379,19,0,1360,1362,50825,27,0,0,27,17
2020-11-01,US,Minnesota,Wright,2982,16,0,45.17297924,-93.96234781,27171.0,2154.982403145031,0.5365526492287056,2966,2915,16,0,2899,2825,136349,67,0,0,67,90
2020-11-01,US,Minnesota,Yellow Medicine,335,7,0,44.71710183,-95.86842453,27173.0,3450.4068390153466,2.08955223880597,328,320,7,0,313,309,9795,15,0,0,15,11
2020-11-01,US,Mississippi,Adams,1122,45,0,31.47669768,-91.35326037,28001.0,3655.556641579513,4.0106951871657746,1077,1119,45,0,1074,1106,31192,3,0,0,3,13
2020-11-01,US,Mississippi,Alcorn,1130,12,0,34.88084463,-88.57996173,28003.0,3057.938462371121,1.0619469026548674,1118,1103,12,0,1091,1061,36925,27,0,0,27,42
2020-11-01,US,Mississippi,Amite,436,13,0,31.17467303,-90.80501621,28005.0,3545.580222818573,2.9816513761467887,423,436,13,0,423,435,12326,0,0,0,0,1
2020-11-01,US,Mississippi,Attala,819,27,0,33.08658803,-89.57838564,28007.0,4506.437768240345,3.2967032967032965,792,819,27,0,792,811,18365,0,0,0,0,8
2020-11-01,US,Mississippi,Benton,376,11,0,34.81681228,-89.18945516,28009.0,4552.609274730597,2.9255319148936163,365,375,11,0,364,370,8271,1,0,0,1,5
2020-11-01,US,Mississippi,Bolivar,2072,79,0,33.79696941,-90.87372121,28011.0,6765.051586783337,3.812741312741313,1993,2072,79,0,1993,2062,31333,0,0,0,0,10
2020-11-01,US,Mississippi,Calhoun,641,13,0,33.93683395,-89.33686647,28013.0,4463.477473713529,2.0280811232449296,628,639,13,0,626,638,14436,2,0,0,2,1
2020-11-01,US,Mississippi,Carroll,531,12,0,33.44834567,-89.91994479,28015.0,5338.29295264904,2.2598870056497176,519,526,12,0,514,515,9911,5,0,0,5,11
2020-11-01,US,Mississippi,Chickasaw,880,29,0,33.91983202,-88.9481545,28017.0,5145.296146874817,3.2954545454545454,851,879,29,0,850,875,17171,1,0,0,1,4
2020-11-01,US,Mississippi,Choctaw,217,6,0,33.34598242,-89.24809382,28019.0,2643.1181485992693,2.7649769585253456,211,217,6,0,211,210,8278,0,0,0,0,7
2020-11-01,US,Mississippi,Claiborne,545,16,0,31.97061673,-90.90702196,28021.0,6063.640409434804,2.9357798165137616,529,545,16,0,529,542,9002,0,0,0,0,3
2020-11-01,US,Mississippi,Clarke,791,53,0,32.04158545,-88.68896219999998,28023.0,5089.7625635416,6.700379266750947,738,789,53,0,736,785,15604,2,0,0,2,4
2020-11-01,US,Mississippi,Clay,723,22,0,33.65358105,-88.77784255,28025.0,3743.010975357217,3.0428769017980635,701,722,22,0,700,718,19386,1,0,0,1,4
2020-11-01,US,Mississippi,Coahoma,1286,37,0,34.22772299,-90.60415045,28027.0,5812.6920990779245,2.877138413685848,1249,1281,37,0,1244,1270,22628,5,0,0,5,11
2020-11-01,US,Mississippi,Copiah,1412,38,0,31.86977774,-90.44565118,28029.0,5031.177623374309,2.6912181303116154,1374,1411,37,0,1374,1404,28543,1,1,0,0,7
2020-11-01,US,Mississippi,Covington,1009,29,0,31.63225413,-89.55389939,28031.0,5414.251985404593,2.874132804757185,980,1008,29,0,979,1001,18853,1,0,0,1,7
2020-11-01,US,Mississippi,DeSoto,7552,81,0,34.87625235,-89.99091418,28033.0,4083.376138852091,1.0725635593220342,7471,7492,80,0,7412,7422,182001,60,1,0,59,70
2020-11-01,US,Mississippi,Forrest,3166,80,0,31.18961454,-89.25832496,28035.0,4227.138603682391,2.526847757422616,3086,3155,80,0,3075,3141,75036,11,0,0,11,14
2020-11-01,US,Mississippi,Franklin,258,3,0,31.47786634,-90.89672989,28037.0,3345.001944768573,1.162790697674419,255,256,3,0,253,253,7788,2,0,0,2,3
2020-11-01,US,Mississippi,George,1037,20,0,30.86259065,-88.64436789,28039.0,4232.65306122449,1.9286403085824493,1017,1035,20,0,1015,1033,24250,2,0,0,2,2
2020-11-01,US,Mississippi,Greene,488,18,0,31.21444233,-88.63922281,28041.0,3591.9328720741937,3.6885245901639343,470,487,18,0,469,482,13586,1,0,0,1,5
2020-11-01,US,Mississippi,Grenada,1245,41,0,33.77036166,-89.80245083,28043.0,5997.687638500819,3.2931726907630523,1204,1244,40,0,1204,1239,21055,1,1,0,0,5
2020-11-01,US,Mississippi,Hancock,898,30,0,30.41830223,-89.48851033,28045.0,1885.2872018810885,3.3407572383073503,868,892,29,0,863,883,47334,6,1,0,5,9
2020-11-01,US,Mississippi,Harrison,5625,89,0,30.51359752,-89.12467576,28047.0,2703.287197231834,1.5822222222222222,5536,5615,87,0,5528,5566,206650,10,2,0,8,49
2020-11-01,US,Mississippi,Hinds,8193,180,0,32.2656285,-90.44435448,28049.0,3533.9026915113873,2.196997436836324,8013,8179,180,0,7999,8135,237085,14,0,0,14,44
2020-11-01,US,Mississippi,Holmes,1156,60,0,33.12345854,-90.08923538,28051.0,6796.002351557907,5.190311418685121,1096,1155,60,0,1095,1154,17622,1,0,0,1,1
2020-11-01,US,Mississippi,Humphreys,469,17,0,33.12825718,-90.52252707,28053.0,5815.972222222223,3.6247334754797436,452,469,17,0,452,468,8257,0,0,0,0,1
2020-11-01,US,Mississippi,Issaquena,107,4,0,32.72531359,-90.97392828,28055.0,8063.300678221552,3.7383177570093458,103,107,4,0,103,107,1308,0,0,0,0,0
2020-11-01,US,Mississippi,Itawamba,1207,29,0,34.27993475,-88.3606733,28057.0,5160.324925181702,2.4026512013256007,1178,1205,28,0,1177,1198,23517,2,1,0,1,7
2020-11-01,US,Mississippi,Jackson,4952,91,0,30.54020656,-88.64184064,28059.0,3448.059770082929,1.837641357027464,4861,4940,91,0,4849,4917,143277,12,0,0,12,23
2020-11-01,US,Mississippi,Jasper,708,18,0,32.01922104,-89.11786866,28061.0,4321.5528291521705,2.5423728813559316,690,706,17,0,689,702,16428,2,1,0,1,4
2020-11-01,US,Mississippi,Jefferson,287,10,0,31.73397872,-91.03764977,28063.0,4105.865522174535,3.484320557491289,277,287,10,0,277,284,7106,0,0,0,0,3
2020-11-01,US,Mississippi,Jefferson Davis,428,13,0,31.56884708,-89.82670990000004,28065.0,3846.1538461538453,3.037383177570093,415,427,13,0,414,426,11234,1,0,0,1,1
2020-11-01,US,Mississippi,Jones,3022,84,0,31.62257767,-89.16896899999998,28067.0,4437.722106376104,2.7796161482461947,2938,3015,84,0,2931,2999,68461,7,0,0,7,16
2020-11-01,US,Mississippi,Kemper,336,15,0,32.75462946,-88.64105766,28069.0,3448.9837815643605,4.464285714285714,321,336,15,0,321,335,10027,0,0,0,0,1
2020-11-01,US,Mississippi,Lafayette,2607,43,0,34.35687874,-89.48490961,28071.0,4826.079712693682,1.6494054468738013,2564,2602,43,0,2559,2591,54793,5,0,0,5,11
2020-11-01,US,Mississippi,Lamar,2387,40,0,31.20572971,-89.5077704,28073.0,3768.372195822743,1.6757436112274822,2347,2380,40,0,2340,2359,62447,7,0,0,7,21
2020-11-01,US,Mississippi,Lauderdale,2658,135,0,32.40419769,-88.66229662,28075.0,3585.834738617201,5.07900677200903,2523,2653,135,0,2518,2639,75317,5,0,0,5,14
2020-11-01,US,Mississippi,Lawrence,571,14,0,31.55147224,-90.10841127,28077.0,4536.786906086128,2.4518388791593697,557,570,14,0,556,562,12455,1,0,0,1,8
2020-11-01,US,Mississippi,Leake,1181,42,0,32.7536828,-89.52402044,28079.0,5183.007109628719,3.5563082133784927,1139,1181,42,0,1139,1178,22763,0,0,0,0,3
2020-11-01,US,Mississippi,Lee,3743,83,0,34.291877500000005,-88.68149954,28081.0,4381.05716559764,2.217472615549025,3660,3734,83,0,3651,3708,85202,9,0,0,9,26
2020-11-01,US,Mississippi,Leflore,1767,88,0,33.55545125,-90.29900733,28083.0,6269.737075541993,4.980192416525183,1679,1761,88,0,1673,1741,28919,6,0,0,6,20
2020-11-01,US,Mississippi,Lincoln,1483,61,0,31.53288662,-90.45391915,28085.0,4342.224694755952,4.11328388401888,1422,1478,61,0,1417,1467,34205,5,0,0,5,11
2020-11-01,US,Mississippi,Lowndes,1847,62,0,33.47386518,-88.44191529999998,28087.0,3152.146087550132,3.3567948023822414,1785,1839,62,0,1777,1832,58930,8,0,0,8,7
2020-11-01,US,Mississippi,Madison,3914,94,0,32.63389156,-90.03513564,28089.0,3683.0021077988563,2.401635155850792,3820,3909,94,0,3815,3894,105630,5,0,0,5,15
2020-11-01,US,Mississippi,Marion,979,45,0,31.23132643,-89.8209217,28091.0,3984.047531843894,4.5965270684371795,934,976,44,0,932,972,24715,3,1,0,2,4
2020-11-01,US,Mississippi,Marshall,1548,32,0,34.76216286,-89.50299462,28093.0,4386.0146200487325,2.0671834625323,1516,1544,31,0,1513,1518,35451,4,1,0,3,26
2020-11-01,US,Mississippi,Monroe,1577,74,0,33.89236763,-88.4808438,28095.0,4473.5050493589015,4.692454026632848,1503,1571,74,0,1497,1554,35564,6,0,0,6,17
2020-11-01,US,Mississippi,Montgomery,575,23,0,33.49419589,-89.61729103,28097.0,5882.352941176468,4.0,552,575,23,0,552,569,10023,0,0,0,0,6
2020-11-01,US,Mississippi,Neshoba,1901,111,0,32.75339664,-89.11726492,28099.0,6528.607734047669,5.839032088374539,1790,1899,111,0,1788,1894,29125,2,0,0,2,5
2020-11-01,US,Mississippi,Newton,887,28,0,32.40021118,-89.11843336,28101.0,4220.192216195642,3.156708004509583,859,887,28,0,859,884,21443,0,0,0,0,3
2020-11-01,US,Mississippi,Noxubee,606,17,0,33.11009499,-88.56949061,28103.0,5817.413842757032,2.8052805280528053,589,606,17,0,589,604,10535,0,0,0,0,2
2020-11-01,US,Mississippi,Oktibbeha,2087,57,0,33.42491685,-88.87905132,28105.0,4208.764393893561,2.7311931001437473,2030,2079,56,0,2023,2066,49599,8,1,0,7,13
2020-11-01,US,Mississippi,Panola,1742,41,0,34.36398677,-89.95064249,28107.0,5094.759007955077,2.3536165327210097,1701,1742,41,0,1701,1734,34178,0,0,0,0,8
2020-11-01,US,Mississippi,Pearl River,1202,60,0,30.77090935,-89.58677275,28109.0,2164.4008283064736,4.991680532445924,1142,1199,60,0,1139,1188,55387,3,0,0,3,11
2020-11-01,US,Mississippi,Perry,542,23,0,31.17161885,-88.99281835,28111.0,4526.852083855341,4.243542435424353,519,540,23,0,517,534,11931,2,0,0,2,6
2020-11-01,US,Mississippi,Pike,1423,56,0,31.17507789,-90.40392572,28113.0,3621.971085318673,3.9353478566409,1367,1416,56,0,1360,1412,39563,7,0,0,7,4
2020-11-01,US,Mississippi,Pontotoc,1552,20,0,34.226046000000004,-89.03636807,28115.0,4823.7707465655485,1.2886597938144329,1532,1547,20,0,1527,1528,31833,5,0,0,5,19
2020-11-01,US,Mississippi,Prentiss,1118,20,0,34.61810501,-88.51986294,28117.0,4449.574146302634,1.7889087656529516,1098,1113,20,0,1093,1104,25315,5,0,0,5,9
2020-11-01,US,Mississippi,Quitman,425,6,0,34.25157572,-90.28908,28119.0,6257.3616018845705,1.4117647058823528,419,425,6,0,419,424,7051,0,0,0,0,1
2020-11-01,US,Mississippi,Rankin,4187,86,0,32.26469147,-89.94537876,28121.0,2696.5756644833873,2.053976594220205,4101,4188,86,0,4102,4171,153902,-1,0,0,-1,17
2020-11-01,US,Mississippi,Scott,1299,29,0,32.406704100000006,-89.53789439,28123.0,4618.830891765039,2.232486528098537,1270,1298,29,0,1269,1290,28287,1,0,0,1,8
2020-11-01,US,Mississippi,Sharkey,293,15,0,32.88149103,-90.81595379999999,28125.0,6780.837769034945,5.119453924914676,278,292,15,0,277,292,4377,1,0,0,1,0
2020-11-01,US,Mississippi,Simpson,1260,50,0,31.91282117,-89.91716179,28127.0,4726.536124240378,3.968253968253968,1210,1257,50,0,1207,1249,26758,3,0,0,3,8
2020-11-01,US,Mississippi,Smith,615,16,0,32.01744532,-89.50644846,28129.0,3864.0361899974873,2.6016260162601625,599,614,16,0,598,608,16002,1,0,0,1,6
2020-11-01,US,Mississippi,Stone,510,14,0,30.79187949,-89.11547539,28131.0,2781.413612565445,2.7450980392156863,496,507,14,0,493,506,18717,3,0,0,3,1
2020-11-01,US,Mississippi,Sunflower,1681,51,0,33.60192578,-90.58882684,28133.0,6694.544006371962,3.0339083878643662,1630,1678,51,0,1627,1665,25735,3,0,0,3,13
2020-11-01,US,Mississippi,Tallahatchie,870,26,0,33.95339918,-90.1729398,28135.0,6300.2389745817945,2.9885057471264367,844,868,26,0,842,864,13987,2,0,0,2,4
2020-11-01,US,Mississippi,Tate,1268,39,0,34.65133709,-89.94485778,28137.0,4477.243035203559,3.0757097791798107,1229,1265,39,0,1226,1248,28759,3,0,0,3,17
2020-11-01,US,Mississippi,Tippah,975,25,0,34.76872156,-88.90988194,28139.0,4428.798546445605,2.5641025641025643,950,974,25,0,949,962,21995,1,0,0,1,12
2020-11-01,US,Mississippi,Tishomingo,845,41,0,34.74023475,-88.23917219,28141.0,4359.490274983233,4.85207100591716,804,839,41,0,798,833,19454,6,0,0,6,6
2020-11-01,US,Mississippi,Tunica,541,17,0,34.64967704,-90.37481167,28143.0,5616.694352159469,3.1423290203327165,524,541,17,0,524,539,9944,0,0,0,0,2
2020-11-01,US,Mississippi,Union,1278,25,0,34.49162015,-89.00776006,28145.0,4435.190005205622,1.9561815336463224,1253,1277,25,0,1252,1264,28606,1,0,0,1,13
2020-11-01,US,Mississippi,Walthall,650,27,0,31.14971548,-90.10446654,28147.0,4549.909001819964,4.153846153846153,623,649,27,0,622,649,14465,1,0,0,1,0
2020-11-01,US,Mississippi,Warren,1583,56,0,32.35810271,-90.83352619,28149.0,3488.24397875763,3.5375868603916616,1527,1576,56,0,1520,1571,46176,7,0,0,7,5
2020-11-01,US,Mississippi,Washington,2689,100,0,33.28392041,-90.94196237,28151.0,6124.029242296569,3.7188545927854215,2589,2688,100,0,2588,2667,45063,1,0,0,1,21
2020-11-01,US,Mississippi,Wayne,1040,22,0,31.64135687,-88.69573913,28153.0,5152.851409602141,2.1153846153846154,1018,1039,22,0,1017,1035,20298,1,0,0,1,4
2020-11-01,US,Mississippi,Webster,384,13,0,33.61300486,-89.28392912,28155.0,3963.25730209516,3.3854166666666665,371,384,13,0,371,383,9788,0,0,0,0,1
2020-11-01,US,Mississippi,Wilkinson,346,21,0,31.16078225,-91.31018819,28157.0,4009.2699884125145,6.069364161849711,325,346,21,0,325,343,8792,0,0,0,0,3
2020-11-01,US,Mississippi,Winston,885,22,0,33.08747908,-89.03391385,28159.0,4928.989139515456,2.485875706214689,863,876,21,0,855,870,18165,9,1,0,8,6
2020-11-01,US,Mississippi,Yalobusha,578,18,0,34.02824175,-89.70762049999998,28161.0,4773.703336636934,3.1141868512110733,560,575,16,0,559,570,12392,3,2,0,1,5
2020-11-01,US,Mississippi,Yazoo,1277,35,0,32.77890365,-90.39656148,28163.0,4301.111485348602,2.74079874706343,1242,1260,35,0,1225,1254,28248,17,0,0,17,6
2020-11-01,US,Missouri,Adair,578,0,0,40.19058551,-92.60078167,29001.0,2280.7086769522157,0.0,578,572,0,0,572,553,25339,6,0,0,6,19
2020-11-01,US,Missouri,Andrew,474,8,0,39.98492163,-94.80163024,29003.0,2676.1517615176153,1.6877637130801688,466,468,8,0,460,462,17607,6,0,0,6,6
2020-11-01,US,Missouri,Atchison,86,1,0,40.43238737,-95.42970639,29005.0,1672.175772895197,1.162790697674419,85,84,1,0,83,82,5171,2,0,0,2,2
2020-11-01,US,Missouri,Audrain,654,10,0,39.215877,-91.84242683,29007.0,2576.0201670080355,1.529051987767584,644,639,10,0,629,622,25473,15,0,0,15,17
2020-11-01,US,Missouri,Barry,912,9,0,36.70978521,-93.82919888,29009.0,2548.269021207633,0.986842105263158,903,898,9,0,889,882,35886,14,0,0,14,16
2020-11-01,US,Missouri,Barton,453,4,0,37.50207671,-94.34757022,29011.0,3854.007146503318,0.8830022075055187,449,449,4,0,445,444,11798,4,0,0,4,5
2020-11-01,US,Missouri,Bates,271,8,0,38.25271289,-94.34113157,29013.0,1675.735839722978,2.9520295202952034,263,267,8,0,259,264,16320,4,0,0,4,3
2020-11-01,US,Missouri,Benton,504,7,0,38.29503305,-93.28756116,29015.0,2592.192562876099,1.3888888888888888,497,498,7,0,491,491,19278,6,0,0,6,7
2020-11-01,US,Missouri,Bollinger,553,3,0,37.32449052,-90.02725304,29017.0,4557.817522459408,0.5424954792043399,550,541,3,0,538,530,12169,12,0,0,12,11
2020-11-01,US,Missouri,Boone,6443,15,0,38.99186229,-92.30723575,29019.0,3570.260939915661,0.23281080242123234,6428,6364,15,0,6349,6256,180005,79,0,0,79,108
2020-11-01,US,Missouri,Buchanan,3093,43,0,39.65816401,-94.80138942,29021.0,3540.35987363216,1.3902360168121566,3050,3072,43,0,3029,3048,88571,21,0,0,21,24
2020-11-01,US,Missouri,Butler,1313,8,0,36.71462476,-90.40421163,29023.0,3091.011817882197,0.6092916984006093,1305,1301,8,0,1293,1285,42639,12,0,0,12,16
2020-11-01,US,Missouri,Caldwell,194,1,0,39.65620858,-93.98308093,29025.0,2150.7760532150783,0.5154639175257731,193,192,1,0,191,182,9108,2,0,0,2,10
2020-11-01,US,Missouri,Callaway,1481,7,0,38.83674754,-91.92186505,29027.0,3310.014974409405,0.4726536124240378,1474,1460,7,0,1453,1405,44889,21,0,0,21,55
2020-11-01,US,Missouri,Camden,1684,36,0,38.02199522,-92.76083747,29029.0,3636.756289817513,2.1377672209026133,1648,1675,36,0,1639,1642,45815,9,0,0,9,33
2020-11-01,US,Missouri,Cape Girardeau,2871,55,0,37.38489388,-89.6843587,29031.0,3640.121210584372,1.9157088122605364,2816,2825,55,0,2770,2796,78753,46,0,0,46,29
2020-11-01,US,Missouri,Carroll,216,4,0,39.42762566,-93.50626255,29033.0,2488.7659868648457,1.851851851851852,212,214,4,0,210,211,8743,2,0,0,2,3
2020-11-01,US,Missouri,Carter,191,3,0,36.94160441,-90.96051322,29035.0,3192.912069541959,1.5706806282722514,188,189,3,0,186,188,6054,2,0,0,2,1
2020-11-01,US,Missouri,Cass,2203,32,0,38.64789422,-94.353399,29037.0,2082.6243146152387,1.4525646845211075,2171,2188,32,0,2156,2136,104954,15,0,0,15,52
2020-11-01,US,Missouri,Cedar,254,4,0,37.72391475,-93.85445441,29039.0,1770.1581991776432,1.5748031496062993,250,253,4,0,249,248,14165,1,0,0,1,5
2020-11-01,US,Missouri,Chariton,75,0,0,39.51499357,-92.9629191,29041.0,1009.9649878804204,0.0,75,73,0,0,73,70,7451,2,0,0,2,3
2020-11-01,US,Missouri,Christian,2463,16,0,36.9711783,-93.18537118,29043.0,2780.066595180315,0.6496142915144133,2447,2433,16,0,2417,2408,86983,30,0,0,30,25
2020-11-01,US,Missouri,Clark,130,1,0,40.41040752,-91.73661677,29045.0,1912.6085037516552,0.7692307692307693,129,128,1,0,127,120,6842,2,0,0,2,8
2020-11-01,US,Missouri,Clay,2761,48,0,39.31132056,-94.41850862,29047.0,1104.6297629907021,1.7385005432814198,2713,2713,48,0,2665,2643,246365,48,0,0,48,70
2020-11-01,US,Missouri,Clinton,558,24,0,39.6013098,-94.40465394,29049.0,2737.038308726149,4.301075268817204,534,540,24,0,516,532,20470,18,0,0,18,8
2020-11-01,US,Missouri,Cole,3430,26,0,38.50455671,-92.27860244,29051.0,4469.346537233696,0.7580174927113703,3404,3310,26,0,3284,3216,76796,120,0,0,120,94
2020-11-01,US,Missouri,Cooper,678,4,0,38.844478,-92.80896081,29053.0,3828.561748263595,0.5899705014749262,674,661,4,0,657,650,17603,17,0,0,17,11
2020-11-01,US,Missouri,Crawford,695,9,0,37.97663738,-91.30528104,29055.0,2905.5183946488287,1.2949640287769784,686,685,9,0,676,675,23957,10,0,0,10,10
2020-11-01,US,Missouri,Dade,152,0,0,37.431814,-93.8503345,29057.0,2010.3160957545301,0.0,152,149,0,0,149,147,7569,3,0,0,3,2
2020-11-01,US,Missouri,Dallas,406,2,0,37.681135499999996,-93.02127031,29059.0,2405.4982817869422,0.4926108374384237,404,399,2,0,397,395,16762,7,0,0,7,4
2020-11-01,US,Missouri,Daviess,233,4,0,39.96145298,-93.98519678,29061.0,2814.6895385358785,1.7167381974248928,229,229,4,0,225,228,8313,4,0,0,4,1
2020-11-01,US,Missouri,DeKalb,320,2,0,39.89201062,-94.40476508,29063.0,2550.410456682873,0.625,318,316,2,0,314,311,12630,4,0,0,4,5
2020-11-01,US,Missouri,Dent,276,4,0,37.60663134,-91.50790473,29065.0,1772.2982084376804,1.4492753623188406,272,273,4,0,269,266,15441,3,0,0,3,7
2020-11-01,US,Missouri,Douglas,305,12,0,36.9325593,-92.49905109,29067.0,2313.2347364429274,3.9344262295081966,293,302,12,0,290,297,13373,3,0,0,3,5
2020-11-01,US,Missouri,Dunklin,1198,13,0,36.27167174,-90.09122243,29069.0,4112.457519480965,1.0851419031719534,1185,1185,13,0,1172,1182,29423,13,0,0,13,3
2020-11-01,US,Missouri,Franklin,2941,48,0,38.41127108,-91.07522826,29071.0,2828.782209739629,1.6320979258755526,2893,2879,48,0,2831,2815,103670,62,0,0,62,64
2020-11-01,US,Missouri,Gasconade,289,24,0,38.43947277,-91.50847147,29073.0,1965.184278525772,8.304498269896193,265,281,24,0,257,277,14705,8,0,0,8,4
2020-11-01,US,Missouri,Gentry,201,10,0,40.21097916,-94.40944419,29075.0,3058.8951453355653,4.975124378109452,191,195,10,0,185,188,6628,6,0,0,6,7
2020-11-01,US,Missouri,Greene,9668,140,0,37.2575872,-93.34230916,29077.0,3298.6904867513285,1.4480761274306992,9528,9574,140,0,9434,9419,291923,94,0,0,94,155
2020-11-01,US,Missouri,Grundy,284,11,0,40.11406587,-93.56509276,29079.0,2883.248730964467,3.8732394366197194,273,282,11,0,271,272,9914,2,0,0,2,10
2020-11-01,US,Missouri,Harrison,197,1,0,40.35570088,-93.99222144,29081.0,2358.716475095785,0.5076142131979695,196,197,1,0,196,193,8414,0,0,0,0,4
2020-11-01,US,Missouri,Henry,444,8,0,38.38482826,-93.79293734,29083.0,2034.457478005865,1.8018018018018016,436,436,8,0,428,418,21792,8,0,0,8,18
2020-11-01,US,Missouri,Hickory,255,4,0,37.94163617,-93.3203037,29085.0,2671.835708298408,1.568627450980392,251,254,4,0,250,251,9509,1,0,0,1,3
2020-11-01,US,Missouri,Holt,127,1,0,40.09799248,-95.21638879999999,29087.0,2884.397002044061,0.7874015748031497,126,124,1,0,123,123,4404,3,0,0,3,1
2020-11-01,US,Missouri,Howard,273,2,0,39.1435761,-92.69756691,29089.0,2729.72702729727,0.7326007326007326,271,265,2,0,263,257,10137,8,0,0,8,8
2020-11-01,US,Missouri,Howell,1274,14,0,36.77383887,-91.88683935,29091.0,3175.711045192811,1.0989010989010992,1260,1254,14,0,1240,1246,40076,20,0,0,20,8
2020-11-01,US,Missouri,Iron,115,0,0,37.55487945,-90.7735296,29093.0,1135.8024691358025,0.0,115,113,0,0,113,110,10177,2,0,0,2,3
2020-11-01,US,Missouri,Jackson,10582,140,0,39.01002188,-94.34724536,29095.0,1505.2396050701914,1.3230013230013231,10442,10480,140,0,10340,10365,700307,102,0,0,102,115
2020-11-01,US,Missouri,Jasper,5572,77,0,37.20351921,-94.34050458,29097.0,4592.5095608598185,1.3819095477386936,5495,5523,77,0,5446,5452,120636,49,0,0,49,71
2020-11-01,US,Missouri,Jefferson,6025,89,0,38.25926778,-90.53870896,29099.0,2676.8141246928885,1.4771784232365146,5936,5935,89,0,5846,5818,224347,90,0,0,90,117
2020-11-01,US,Missouri,Johnson,1574,10,0,38.74719601,-93.80691168,29101.0,2911.4720136139986,0.6353240152477764,1564,1567,10,0,1557,1557,53652,7,0,0,7,10
2020-11-01,US,Missouri,Kansas City,15372,213,0,39.0997,-94.5786,0.0,3143.924751964953,1.3856362217017957,15159,15245,213,0,15032,14986,491918,127,0,0,127,259
2020-11-01,US,Missouri,Knox,69,1,0,40.12699751,-92.14780832,29103.0,1742.8643596867896,1.4492753623188406,68,66,1,0,65,65,3947,3,0,0,3,1
2020-11-01,US,Missouri,Laclede,1265,23,0,37.65896829,-92.5888493,29105.0,3541.1359628250707,1.818181818181818,1242,1252,23,0,1229,1241,35713,13,0,0,13,11
2020-11-01,US,Missouri,Lafayette,912,26,0,39.06986886,-93.78076396,29107.0,2788.308670661612,2.8508771929824563,886,902,26,0,876,896,32598,10,0,0,10,6
2020-11-01,US,Missouri,Lawrence,1193,24,0,37.10626634,-93.83293097,29109.0,3110.41585190979,2.0117351215423303,1169,1177,24,0,1153,1156,38359,16,0,0,16,21
2020-11-01,US,Missouri,Lewis,226,2,0,40.09673161,-91.72070156,29111.0,2311.783960720131,0.8849557522123894,224,220,2,0,218,218,9855,6,0,0,6,2
2020-11-01,US,Missouri,Lincoln,1312,5,0,39.05345619,-90.95588181,29113.0,2223.238947350584,0.38109756097560976,1307,1288,5,0,1283,1269,57686,24,0,0,24,19
2020-11-01,US,Missouri,Linn,173,7,0,39.87001769,-93.10704106,29115.0,1451.3422818791946,4.0462427745664735,166,173,7,0,166,171,12037,0,0,0,0,2
2020-11-01,US,Missouri,Livingston,584,9,0,39.78110272,-93.54645978,29117.0,3835.292572404282,1.5410958904109588,575,580,9,0,571,578,15146,4,0,0,4,2
2020-11-01,US,Missouri,Macon,252,1,0,39.83049768,-92.56453089,29121.0,1666.9974201230402,0.3968253968253968,251,246,1,0,245,240,15153,6,0,0,6,6
2020-11-01,US,Missouri,Madison,545,3,0,37.47865134,-90.34671429999999,29123.0,4508.60357379219,0.5504587155963303,542,543,3,0,540,530,12188,2,0,0,2,13
2020-11-01,US,Missouri,Maries,222,0,0,38.16193985,-91.92249662,29125.0,2552.6043463263195,0.0,222,218,0,0,218,213,8769,4,0,0,4,5
2020-11-01,US,Missouri,Marion,1008,14,0,39.80601912,-91.62203062,29127.0,3533.123028391168,1.3888888888888888,994,991,14,0,977,970,28592,17,0,0,17,21
2020-11-01,US,Missouri,McDonald,1259,12,0,36.62869595,-94.34867205,29119.0,5512.983316547708,0.9531374106433678,1247,1259,12,0,1247,1255,23078,0,0,0,0,4
2020-11-01,US,Missouri,Mercer,37,0,0,40.42212303,-93.56829590000001,29129.0,1022.9471938070224,0.0,37,35,0,0,35,33,3641,2,0,0,2,2
2020-11-01,US,Missouri,Miller,978,15,0,38.21450288,-92.42610898,29131.0,3817.479214645381,1.5337423312883436,963,956,15,0,941,929,25336,22,0,0,22,27
2020-11-01,US,Missouri,Mississippi,464,6,0,36.82516239,-89.29505753,29133.0,3520.4855842185134,1.293103448275862,458,459,6,0,453,459,13336,5,0,0,5,0
2020-11-01,US,Missouri,Moniteau,706,12,0,38.63571781,-92.57976951,29135.0,4376.39474336722,1.69971671388102,694,689,12,0,677,674,16121,17,0,0,17,15
2020-11-01,US,Missouri,Monroe,192,2,0,39.49593978,-92.00043978,29137.0,2221.1938917167977,1.0416666666666667,190,190,2,0,188,179,8664,2,0,0,2,11
2020-11-01,US,Missouri,Montgomery,191,1,0,38.94022054,-91.47000721,29139.0,1653.5364903471561,0.5235602094240838,190,188,1,0,187,176,11534,3,0,0,3,12
2020-11-01,US,Missouri,Morgan,745,8,0,38.4181765,-92.88791859,29141.0,3611.7709797837774,1.0738255033557047,737,732,8,0,724,704,20358,13,0,0,13,28
2020-11-01,US,Missouri,New Madrid,827,23,0,36.59666326,-89.66070007,29143.0,4843.054579526822,2.7811366384522365,804,812,23,0,789,801,17296,15,0,0,15,11
2020-11-01,US,Missouri,Newton,2181,22,0,36.90519407,-94.3394104,29145.0,3745.1061199258193,1.008711600183402,2159,2151,22,0,2129,2115,58266,30,0,0,30,36
2020-11-01,US,Missouri,Nodaway,1278,11,0,40.36079813,-94.88133008,29147.0,5784.8995111352515,0.8607198748043818,1267,1235,11,0,1224,1211,22304,43,0,0,43,24
2020-11-01,US,Missouri,Oregon,247,0,0,36.68710164,-91.4033755,29149.0,2345.9017950422644,0.0,247,244,0,0,244,242,10541,3,0,0,3,2
2020-11-01,US,Missouri,Osage,559,3,0,38.46036182,-91.8613635,29151.0,4105.765699596034,0.5366726296958855,556,548,3,0,545,537,13714,11,0,0,11,11
2020-11-01,US,Missouri,Ozark,226,1,0,36.64916339,-92.44459066,29153.0,2463.4837584477873,0.4424778761061947,225,225,1,0,224,223,9017,1,0,0,1,2
2020-11-01,US,Missouri,Pemiscot,761,14,0,36.2130572,-89.78742322,29155.0,4814.93198354951,1.8396846254927728,747,756,14,0,742,748,16272,5,0,0,5,8
2020-11-01,US,Missouri,Perry,876,8,0,37.70660776,-89.82741088,29157.0,4577.759197324414,0.9132420091324199,868,865,8,0,857,848,19150,11,0,0,11,17
2020-11-01,US,Missouri,Pettis,1795,24,0,38.72798918,-93.28471706,29159.0,4239.5899761449255,1.3370473537604457,1771,1757,24,0,1733,1709,42542,38,0,0,38,48
2020-11-01,US,Missouri,Phelps,932,27,0,37.87736118,-91.79351727,29161.0,2090.951921566868,2.8969957081545066,905,916,27,0,889,902,44732,16,0,0,16,14
2020-11-01,US,Missouri,Pike,386,8,0,39.34310674,-91.16980779,29163.0,2109.059119221943,2.0725388601036268,378,380,8,0,372,372,18504,6,0,0,6,8
2020-11-01,US,Missouri,Platte,1055,13,0,39.38154439,-94.77068479,29165.0,1010.362198088452,1.2322274881516588,1042,1047,13,0,1034,1032,102985,8,0,0,8,15
2020-11-01,US,Missouri,Polk,1086,10,0,37.616229600000004,-93.39828174,29167.0,3378.0210893029325,0.9208103130755064,1076,1080,10,0,1070,1067,32201,6,0,0,6,13
2020-11-01,US,Missouri,Pulaski,1074,11,0,37.82462075,-92.20783203,29169.0,2041.5534054403408,1.0242085661080074,1063,1059,11,0,1048,1053,52014,15,0,0,15,6
2020-11-01,US,Missouri,Putnam,61,1,0,40.47942497,-93.02042674,29171.0,1298.977853492334,1.639344262295082,60,60,1,0,59,60,4757,1,0,0,1,0
2020-11-01,US,Missouri,Ralls,221,0,0,39.52817427,-91.51838643,29173.0,2143.7578814628,0.0,221,221,0,0,221,215,10212,0,0,0,0,6
2020-11-01,US,Missouri,Randolph,680,3,0,39.44007257,-92.49713740000001,29175.0,2747.6967835784712,0.4411764705882353,677,674,3,0,671,657,24763,6,0,0,6,17
2020-11-01,US,Missouri,Ray,315,2,0,39.353746799999996,-93.98905745,29177.0,1368.4942219132852,0.6349206349206349,313,309,2,0,307,299,22883,6,0,0,6,10
2020-11-01,US,Missouri,Reynolds,96,1,0,37.36085952,-90.97009925,29179.0,1531.1004784688996,1.0416666666666667,95,94,1,0,93,89,6254,2,0,0,2,5
2020-11-01,US,Missouri,Ripley,290,4,0,36.65460667,-90.85990261,29181.0,2182.420228777845,1.3793103448275863,286,284,4,0,280,280,13401,6,0,0,6,4
2020-11-01,US,Missouri,Saline,1011,11,0,39.13734288,-93.20259964,29195.0,4441.808356399104,1.0880316518298714,1000,1001,11,0,990,988,22895,10,0,0,10,13
2020-11-01,US,Missouri,Schuyler,47,0,0,40.46921489,-92.52311943,29197.0,1008.5836909871243,0.0,47,45,0,0,45,44,4599,2,0,0,2,1
2020-11-01,US,Missouri,Scotland,81,1,0,40.45214695,-92.14709064,29199.0,1652.3867809057529,1.2345679012345678,80,80,1,0,79,78,4966,1,0,0,1,2
2020-11-01,US,Missouri,Scott,1551,26,0,37.05588075,-89.56474493,29201.0,4051.7241379310335,1.6763378465506125,1525,1519,26,0,1493,1484,38458,32,0,0,32,35
2020-11-01,US,Missouri,Shannon,270,5,0,37.15772072,-91.40190382,29203.0,3306.3923585598823,1.851851851851852,265,262,5,0,257,257,8189,8,0,0,8,5
2020-11-01,US,Missouri,Shelby,112,1,0,39.79742518,-92.07634971,29205.0,1888.7015177065769,0.8928571428571429,111,112,1,0,111,111,6050,0,0,0,0,1
2020-11-01,US,Missouri,St. Charles,11681,156,0,38.77875681,-90.66662425,29183.0,2905.5623821581903,1.3355020974231655,11525,11501,156,0,11345,11269,399182,180,0,0,180,232
2020-11-01,US,Missouri,St. Clair,129,1,0,38.03699437,-93.77631447,29185.0,1372.778546344578,0.7751937984496124,128,128,1,0,127,128,9395,1,0,0,1,0
2020-11-01,US,Missouri,St. Francois,3050,29,0,37.81214171,-90.47598685,29187.0,4537.677601725805,0.9508196721311476,3021,3021,29,0,2992,2973,66692,29,0,0,29,48
2020-11-01,US,Missouri,St. Louis,31992,891,0,38.63770039999999,-90.4458375,29189.0,3217.8474258327,2.7850712678169542,31101,31585,892,0,30693,31357,996945,407,-1,0,408,228
2020-11-01,US,Missouri,St. Louis City,8746,225,0,38.63555736,-90.24349225,29510.0,2909.746619823273,2.572604619254516,8521,8746,225,0,8521,8619,302838,0,0,0,0,127
2020-11-01,US,Missouri,Ste. Genevieve,480,1,0,37.89090059,-90.1949941,29186.0,2682.463395551581,0.20833333333333331,479,471,1,0,470,446,17888,9,0,0,9,25
2020-11-01,US,Missouri,Stoddard,951,15,0,36.85571651,-89.9444155,29207.0,3276.485788113695,1.5772870662460567,936,937,15,0,922,924,29206,14,0,0,14,13
2020-11-01,US,Missouri,Stone,753,11,0,36.75000327,-93.45256475,29209.0,2356.659989984977,1.4608233731739708,742,747,11,0,736,736,31749,6,0,0,6,11
2020-11-01,US,Missouri,Sullivan,381,3,0,40.2099105,-93.11150106,29211.0,6257.18508786336,0.7874015748031497,378,371,1,0,370,356,6221,10,2,0,8,15
2020-11-01,US,Missouri,Taney,1879,35,0,36.65465345,-93.04075153,29213.0,3359.676727220713,1.8626929217668973,1844,1858,35,0,1823,1828,55852,21,0,0,21,30
2020-11-01,US,Missouri,Texas,634,3,0,37.31728859,-91.96564727,29215.0,2496.259547995905,0.473186119873817,631,628,3,0,625,620,25571,6,0,0,6,8
2020-11-01,US,Missouri,Vernon,371,3,0,37.8457799,-94.34127305,29217.0,1804.2114477459515,0.8086253369272237,368,362,3,0,359,353,20528,9,0,0,9,9
2020-11-01,US,Missouri,Warren,672,2,0,38.76529479,-91.16124662,29219.0,1885.0458638390976,0.2976190476190476,670,664,2,0,662,651,34711,8,0,0,8,13
2020-11-01,US,Missouri,Washington,728,20,0,37.96130078,-90.87948158,29221.0,2943.792964011322,2.7472527472527477,708,723,20,0,703,702,24943,5,0,0,5,21
2020-11-01,US,Missouri,Wayne,331,3,0,37.11303869,-90.46001416,29223.0,2571.273207488542,0.9063444108761328,328,321,3,0,318,315,13122,10,0,0,10,6
2020-11-01,US,Missouri,Webster,1239,16,0,37.2813734,-92.876329,29225.0,3129.420084865629,1.29136400322841,1223,1232,16,0,1216,1217,39109,7,0,0,7,15
2020-11-01,US,Missouri,Worth,36,0,0,40.47945588,-94.42328751,29227.0,1788.375558867362,0.0,36,36,0,0,36,36,2040,0,0,0,0,0
2020-11-01,US,Missouri,Wright,620,8,0,37.27029221,-92.46914488,29229.0,3390.015856525781,1.2903225806451613,612,612,8,0,604,607,18378,8,0,0,8,5
2020-11-01,US,Montana,Beaverhead,284,1,0,45.13434354,-112.89846940000001,30001.0,3004.337247434677,0.35211267605633795,283,283,1,0,282,280,9404,1,0,0,1,3
2020-11-01,US,Montana,Big Horn,1400,38,0,45.42335905,-107.492347,30003.0,10511.299647120655,2.7142857142857144,1362,1399,38,0,1361,1388,13338,1,0,0,1,11
2020-11-01,US,Montana,Blaine,349,7,0,48.43175214,-108.9582723,30005.0,5223.768896871726,2.005730659025788,342,349,7,0,342,330,6807,0,0,0,0,19
2020-11-01,US,Montana,Broadwater,92,0,0,46.33277565,-111.49558130000001,30007.0,1475.0681417348083,0.0,92,89,0,0,89,85,6085,3,0,0,3,4
2020-11-01,US,Montana,Carbon,275,1,0,45.22850116,-109.0274047,30009.0,2564.102564102564,0.3636363636363637,274,266,1,0,265,258,10714,9,0,0,9,8
2020-11-01,US,Montana,Carter,77,2,0,45.5197966,-104.53955359999999,30011.0,6150.159744408947,2.5974025974025974,75,73,2,0,71,73,1238,4,0,0,4,0
2020-11-01,US,Montana,Cascade,2199,15,0,47.30797024,-111.3467922,30013.0,2702.603052872207,0.6821282401091405,2184,2199,15,0,2184,2168,81643,0,0,0,0,31
2020-11-01,US,Montana,Chouteau,119,0,0,47.88084126,-110.4353362,30015.0,2111.801242236025,0.0,119,111,0,0,111,108,5745,8,0,0,8,3
2020-11-01,US,Montana,Custer,344,3,0,46.25319932,-105.57375259999998,30017.0,3017.014558849325,0.8720930232558141,341,339,3,0,336,324,11586,5,0,0,5,15
2020-11-01,US,Montana,Daniels,49,3,0,48.78420029,-105.54763429999998,30019.0,2899.408284023669,6.1224489795918355,46,48,3,0,45,42,1747,1,0,0,1,6
2020-11-01,US,Montana,Dawson,278,4,0,47.26584855,-104.89444170000002,30021.0,3227.679089748054,1.4388489208633093,274,276,4,0,272,263,8680,2,0,0,2,13
2020-11-01,US,Montana,Deer Lodge,473,1,0,46.05953325,-113.073353,30023.0,5175.054704595186,0.21141649048625796,472,466,1,0,465,460,9131,7,0,0,7,6
2020-11-01,US,Montana,Fallon,85,0,0,46.33478338,-104.41835649999999,30025.0,2986.647926914969,0.0,85,85,0,0,85,83,2920,0,0,0,0,2
2020-11-01,US,Montana,Fergus,260,2,0,47.26331584,-109.2245206,30027.0,2352.9411764705883,0.7692307692307693,258,247,2,0,245,233,11113,13,0,0,13,14
2020-11-01,US,Montana,Flathead,3615,27,0,48.29575866,-114.05205690000001,30029.0,3482.457661406854,0.7468879668049793,3588,3492,27,0,3465,3385,102106,123,0,0,123,107
2020-11-01,US,Montana,Gallatin,3550,8,0,45.54486106,-111.1692571,30031.0,3102.2248632399464,0.22535211267605634,3542,3445,8,0,3437,3281,111876,105,0,0,105,164
2020-11-01,US,Montana,Garfield,30,0,0,47.27545948,-107.0002351,30033.0,2384.737678855326,0.0,30,29,0,0,29,25,1268,1,0,0,1,4
2020-11-01,US,Montana,Glacier,1003,16,0,48.70513576,-112.9934235,30035.0,7292.954264524104,1.5952143569292123,987,997,16,0,981,988,13747,6,0,0,6,9
2020-11-01,US,Montana,Golden Valley,16,0,0,46.3816474,-109.17685220000001,30037.0,1948.84287454324,0.0,16,16,0,0,16,16,826,0,0,0,0,0
2020-11-01,US,Montana,Granite,71,0,0,46.40605220000001,-113.4414186,30039.0,2101.21337673868,0.0,71,70,0,0,70,67,3378,1,0,0,1,3
2020-11-01,US,Montana,Hill,896,20,0,48.62879827,-110.1129252,30041.0,5435.573889832564,2.232142857142857,876,850,20,0,830,833,16347,46,0,0,46,17
2020-11-01,US,Montana,Jefferson,186,0,0,46.14907081,-112.094396,30043.0,1521.9703788560669,0.0,186,184,0,0,184,180,12097,2,0,0,2,4
2020-11-01,US,Montana,Judith Basin,16,0,0,47.04581276,-110.26606880000001,30045.0,797.2097658196312,0.0,16,15,0,0,15,15,1952,1,0,0,1,0
2020-11-01,US,Montana,Lake,613,6,0,47.64514965,-114.0898013,30047.0,2012.607525116554,0.9787928221859706,607,588,6,0,582,585,30250,25,0,0,25,3
2020-11-01,US,Montana,Lewis and Clark,1097,6,0,47.12610041,-112.39469799999999,30049.0,1579.9631293927869,0.5469462169553327,1091,1081,6,0,1075,1047,68700,16,0,0,16,34
2020-11-01,US,Montana,Liberty,35,0,0,48.56084317,-111.02430700000001,30051.0,1497.6465554129225,0.0,35,34,0,0,34,32,2430,1,0,0,1,2
2020-11-01,US,Montana,Lincoln,329,5,0,48.54265777,-115.4046155,30053.0,1646.6466466466463,1.5197568389057752,324,323,5,0,318,319,19794,6,0,0,6,4
2020-11-01,US,Montana,Madison,205,1,0,45.30080065,-111.9173017,30057.0,2383.720930232558,0.4878048780487805,204,196,1,0,195,185,8768,9,0,0,9,11
2020-11-01,US,Montana,McCone,65,0,0,47.64469406,-105.79449939999999,30055.0,3906.25,0.0,65,65,0,0,65,63,1675,0,0,0,0,2
2020-11-01,US,Montana,Meagher,84,4,0,46.59907074,-110.8898557,30059.0,4511.2781954887205,4.761904761904762,80,84,4,0,80,81,1866,0,0,0,0,3
2020-11-01,US,Montana,Mineral,16,0,0,47.15283992,-115.00152390000001,30061.0,363.88446668182854,0.0,16,16,0,0,16,15,4316,0,0,0,0,1
2020-11-01,US,Montana,Missoula,2414,18,0,47.03728583,-113.92135079999998,30063.0,2018.3946488294314,0.7456503728251864,2396,2381,18,0,2363,2318,118791,33,0,0,33,63
2020-11-01,US,Montana,Musselshell,128,2,0,46.49684637,-108.39498,30065.0,2762.788689833801,1.5625,126,125,2,0,123,124,4651,3,0,0,3,1
2020-11-01,US,Montana,Park,285,0,0,45.48965095,-110.52643940000002,30067.0,1716.247139588101,0.0,285,271,0,0,271,264,16736,14,0,0,14,7
2020-11-01,US,Montana,Petroleum,4,0,0,47.118246299999996,-108.2508876,30069.0,821.3552361396304,0.0,4,3,0,0,3,3,513,1,0,0,1,0
2020-11-01,US,Montana,Phillips,193,1,0,48.25936577,-107.9128511,30071.0,4881.133029843197,0.5181347150259067,192,190,0,0,190,186,4074,3,1,0,2,4
2020-11-01,US,Montana,Pondera,192,1,0,48.22773388,-112.22527029999999,30073.0,3248.1813567924214,0.5208333333333334,191,192,1,0,191,191,5972,0,0,0,0,1
2020-11-01,US,Montana,Powder River,65,5,0,45.39617714,-105.636738,30075.0,3864.447086801427,7.6923076923076925,60,65,5,0,60,63,1716,0,0,0,0,2
2020-11-01,US,Montana,Powell,183,0,0,46.85538891,-112.93591640000001,30077.0,2656.023222060958,0.0,183,182,0,0,182,168,6968,1,0,0,1,14
2020-11-01,US,Montana,Prairie,33,0,0,46.86048047,-105.379384,30079.0,3064.066852367688,0.0,33,33,0,0,33,33,1087,0,0,0,0,0
2020-11-01,US,Montana,Ravalli,535,4,0,46.08520862,-114.11891640000002,30081.0,1221.2938866821894,0.7476635514018691,531,535,4,0,531,512,43172,0,0,0,0,23
2020-11-01,US,Montana,Richland,359,5,0,47.78668011,-104.5610786,30083.0,3323.150976580579,1.3927576601671308,354,345,5,0,340,341,10913,14,0,0,14,4
2020-11-01,US,Montana,Roosevelt,1022,30,0,48.29607488,-105.00792679999999,30085.0,9287.531806615776,2.9354207436399222,992,980,30,0,950,955,11059,42,0,0,42,25
2020-11-01,US,Montana,Rosebud,858,21,0,46.23397237,-106.72928799999998,30087.0,9600.537092984223,2.4475524475524475,837,853,21,0,832,808,9063,5,0,0,5,45
2020-11-01,US,Montana,Sanders,108,2,0,47.67657534,-115.1329916,30089.0,891.6040617518369,1.851851851851852,106,108,2,0,106,97,11844,0,0,0,0,11
2020-11-01,US,Montana,Sheridan,83,0,0,48.72085833,-104.50382900000001,30091.0,2508.310667875491,0.0,83,83,0,0,83,81,3424,0,0,0,0,2
2020-11-01,US,Montana,Silver Bow,654,2,0,45.90018933,-112.6620092,30093.0,1873.1204353429762,0.3058103975535168,652,611,2,0,609,599,34993,43,0,0,43,12
2020-11-01,US,Montana,Stillwater,231,3,0,45.67071407,-109.3950061,30095.0,2395.7685127566892,1.2987012987012987,228,231,3,0,228,228,9534,0,0,0,0,3
2020-11-01,US,Montana,Sweet Grass,97,2,0,45.81367654,-109.9425686,30097.0,2595.6649719025963,2.061855670103093,95,97,2,0,95,92,3710,0,0,0,0,5
2020-11-01,US,Montana,Teton,92,1,0,47.83741052,-112.24106880000001,30099.0,1496.6650398568406,1.0869565217391304,91,91,1,0,90,91,6162,1,0,0,1,0
2020-11-01,US,Montana,Toole,336,6,0,48.65577551,-111.69424140000001,30101.0,7094.594594594595,1.7857142857142858,330,336,6,0,330,316,4853,0,0,0,0,20
2020-11-01,US,Montana,Treasure,24,1,0,46.20973220000001,-107.26665159999999,30103.0,3448.2758620689656,4.166666666666667,23,24,1,0,23,24,679,0,0,0,0,0
2020-11-01,US,Montana,Valley,383,5,0,48.36435097,-106.6669635,30105.0,5178.474851270958,1.3054830287206267,378,381,5,0,376,369,7437,2,0,0,2,12
2020-11-01,US,Montana,Wheatland,73,3,0,46.46652491,-109.84646359999999,30107.0,3433.678269049859,4.109589041095891,70,71,3,0,68,69,2236,2,0,0,2,2
2020-11-01,US,Montana,Wibaux,44,0,0,46.95925154,-104.2510927,30109.0,4540.763673890609,0.0,44,44,0,0,44,44,1034,0,0,0,0,0
2020-11-01,US,Montana,Yellowstone,6988,94,0,45.93955949,-108.26914860000001,30111.0,4332.3000619962795,1.3451631368059531,6894,6854,94,0,6760,6728,160137,134,0,0,134,126
2020-11-01,US,Nebraska,Adams,922,15,0,40.52449420000001,-98.50117804,31001.0,2939.769792430571,1.6268980477223427,907,913,15,0,898,912,31511,9,0,0,9,1
2020-11-01,US,Nebraska,Antelope,182,1,0,42.17695516,-98.06662829999999,31003.0,2889.8062877103844,0.5494505494505495,181,176,1,0,175,173,6336,6,0,0,6,3
2020-11-01,US,Nebraska,Arthur,5,0,0,41.56896142,-101.6959559,31005.0,1079.913606911447,0.0,5,5,0,0,5,5,465,0,0,0,0,0
2020-11-01,US,Nebraska,Banner,4,0,0,41.54634427,-103.7114332,31007.0,536.9127516778524,0.0,4,4,0,0,4,4,730,0,0,0,0,0
2020-11-01,US,Nebraska,Blaine,4,0,0,41.91311716,-99.97677845,31009.0,860.2150537634409,0.0,4,3,0,0,3,3,476,1,0,0,1,0
2020-11-01,US,Nebraska,Boone,170,0,0,41.70759415,-98.06737183,31011.0,3274.2681047765795,0.0,170,168,0,0,168,159,5239,2,0,0,2,9
2020-11-01,US,Nebraska,Box Butte,280,1,0,42.22079243,-103.08788340000001,31013.0,2596.679959195029,0.35714285714285715,279,275,1,0,274,266,10772,5,0,0,5,9
2020-11-01,US,Nebraska,Boyd,78,0,0,42.899727399999996,-98.76486568,31015.0,4064.6169880145912,0.0,78,78,0,0,78,76,1955,0,0,0,0,2
2020-11-01,US,Nebraska,Brown,86,0,0,42.43018907,-99.92904055,31017.0,2910.321489001692,0.0,86,82,0,0,82,81,2973,4,0,0,4,1
2020-11-01,US,Nebraska,Buffalo,2011,19,0,40.85486962,-99.07500296,31019.0,4049.6183974707506,0.9448035803083044,1992,1983,18,0,1965,1957,49615,28,1,0,27,26
2020-11-01,US,Nebraska,Burt,152,1,0,41.85056773,-96.32605633,31021.0,2353.305465242297,0.6578947368421053,151,151,1,0,150,144,6488,1,0,0,1,7
2020-11-01,US,Nebraska,Butler,305,2,0,41.22703692,-97.13106306,31023.0,3804.8902195608784,0.6557377049180327,303,300,2,0,298,295,8058,5,0,0,5,5
2020-11-01,US,Nebraska,Cass,605,4,0,40.90899107,-96.13971217,31025.0,2304.9375190490705,0.6611570247933884,601,593,4,0,589,577,26159,12,0,0,12,16
2020-11-01,US,Nebraska,Cedar,168,0,0,42.598885100000004,-97.25311951,31027.0,1999.5239228755054,0.0,168,159,0,0,159,155,8446,9,0,0,9,4
2020-11-01,US,Nebraska,Chase,164,0,0,40.523719799999995,-101.69780259999999,31029.0,4179.408766564729,0.0,164,160,0,0,160,157,3977,4,0,0,4,3
2020-11-01,US,Nebraska,Cherry,81,4,0,42.54502621,-101.1244332,31031.0,1423.8003164000704,4.938271604938271,77,81,4,0,77,77,5761,0,0,0,0,4
2020-11-01,US,Nebraska,Cheyenne,130,0,0,41.21999357,-102.9941693,31033.0,1459.0347923681256,0.0,130,129,0,0,129,116,9310,1,0,0,1,13
2020-11-01,US,Nebraska,Clay,195,1,0,40.52439441,-98.05126296,31035.0,3143.640174109302,0.5128205128205128,194,194,1,0,193,189,6214,1,0,0,1,5
2020-11-01,US,Nebraska,Colfax,971,7,0,41.57486951,-97.0868542,31037.0,9067.139788962557,0.7209062821833162,964,964,7,0,957,950,10881,7,0,0,7,14
2020-11-01,US,Nebraska,Cuming,322,3,0,41.91637624,-96.78730772,31039.0,3640.0633054487903,0.9316770186335404,319,321,3,0,318,319,8940,1,0,0,1,2
2020-11-01,US,Nebraska,Custer,250,5,0,41.39374521,-99.72805369,31041.0,2319.755033868424,2.0,245,249,5,0,244,243,10840,1,0,0,1,6
2020-11-01,US,Nebraska,Dakota,2604,49,0,42.39040144,-96.56656425,31043.0,13003.095975232198,1.8817204301075268,2555,2592,49,0,2543,2573,20083,12,0,0,12,19
2020-11-01,US,Nebraska,Dawes,270,5,0,42.71985036,-103.1313774,31045.0,3143.555710792875,1.851851851851852,265,265,4,0,261,257,8716,5,1,0,4,8
2020-11-01,US,Nebraska,Dawson,1363,15,0,40.87028216,-99.82014609999999,31047.0,5776.647594829413,1.1005135730007336,1348,1349,15,0,1334,1328,23709,14,0,0,14,21
2020-11-01,US,Nebraska,Deuel,15,0,0,41.11168186,-102.33333309999999,31049.0,836.1204013377928,0.0,15,15,0,0,15,13,1825,0,0,0,0,2
2020-11-01,US,Nebraska,Dixon,170,2,0,42.49188363,-96.86782408,31051.0,3016.323633782825,1.1764705882352942,168,169,2,0,167,168,5709,1,0,0,1,1
2020-11-01,US,Nebraska,Dodge,1776,20,0,41.58071748,-96.65598179,31053.0,4857.103787775195,1.1261261261261262,1756,1756,20,0,1736,1723,36791,20,0,0,20,33
2020-11-01,US,Nebraska,Douglas,23605,232,0,41.29518299,-96.15085305,31055.0,4131.609393569707,0.982842618089388,23373,23376,232,0,23144,23112,566880,229,0,0,229,264
2020-11-01,US,Nebraska,Dundy,29,1,0,40.17638677,-101.6876522,31057.0,1712.9356172474895,3.4482758620689653,28,29,1,0,28,29,1770,0,0,0,0,0
2020-11-01,US,Nebraska,Fillmore,128,2,0,40.52458567,-97.59646937,31059.0,2343.463932625412,1.5625,126,127,2,0,125,120,5527,1,0,0,1,7
2020-11-01,US,Nebraska,Franklin,94,0,0,40.17636348,-98.95299073,31061.0,3155.4212823095,0.0,94,94,0,0,94,94,3023,0,0,0,0,0
2020-11-01,US,Nebraska,Frontier,45,0,0,40.52993007,-100.3924658,31063.0,1712.9805862200228,0.0,45,43,0,0,43,44,2608,2,0,0,2,-1
2020-11-01,US,Nebraska,Furnas,112,3,0,40.17642064,-99.91247454,31065.0,2395.2095808383233,2.6785714285714284,109,107,3,0,104,106,4715,5,0,0,5,1
2020-11-01,US,Nebraska,Gage,600,5,0,40.26186809,-96.68946704,31067.0,2789.011295495747,0.8333333333333334,595,594,5,0,589,578,21493,6,0,0,6,16
2020-11-01,US,Nebraska,Garden,48,0,0,41.61703149,-102.3313973,31069.0,2612.9559063690804,0.0,48,48,0,0,48,44,1897,0,0,0,0,4
2020-11-01,US,Nebraska,Garfield,35,0,0,41.91428955,-98.99111827,31071.0,1777.5520568816657,0.0,35,35,0,0,35,35,1987,0,0,0,0,0
2020-11-01,US,Nebraska,Gosper,62,0,0,40.51481965,-99.83020279,31073.0,3115.5778894472355,0.0,62,62,0,0,62,61,1996,0,0,0,0,1
2020-11-01,US,Nebraska,Grant,5,0,0,41.91528587,-101.740701,31075.0,802.5682182985554,0.0,5,5,0,0,5,5,660,0,0,0,0,0
2020-11-01,US,Nebraska,Greeley,48,0,0,41.56742671,-98.52150266,31077.0,2037.351443123939,0.0,48,48,0,0,48,48,2356,0,0,0,0,0
2020-11-01,US,Nebraska,Hall,2790,52,0,40.87257079,-98.50218293,31079.0,4547.454892181311,1.863799283154122,2738,2758,50,0,2708,2741,61607,32,2,0,30,17
2020-11-01,US,Nebraska,Hamilton,255,12,0,40.87349452,-98.02099117,31081.0,2734.877734877735,4.705882352941177,243,248,12,0,236,243,9280,7,0,0,7,5
2020-11-01,US,Nebraska,Harlan,66,0,0,40.17658508,-99.40438879,31083.0,1952.6627218934912,0.0,66,65,0,0,65,63,3401,1,0,0,1,2
2020-11-01,US,Nebraska,Hayes,25,0,0,40.52451972,-101.0603568,31085.0,2711.4967462039044,0.0,25,25,0,0,25,23,916,0,0,0,0,2
2020-11-01,US,Nebraska,Hitchcock,53,0,0,40.17609175,-101.04164770000001,31087.0,1918.8993482983344,0.0,53,52,0,0,52,52,2806,1,0,0,1,0
2020-11-01,US,Nebraska,Holt,328,5,0,42.45522056,-98.78402558,31089.0,3258.170259262938,1.5243902439024388,323,328,5,0,323,309,10178,0,0,0,0,19
2020-11-01,US,Nebraska,Hooker,25,1,0,41.91586243,-101.1354293,31091.0,3665.689149560117,4.0,24,25,1,0,24,22,682,0,0,0,0,3
2020-11-01,US,Nebraska,Howard,172,5,0,41.2200529,-98.5166499,31093.0,2668.735453840186,2.9069767441860463,167,168,5,0,163,164,6468,4,0,0,4,4
2020-11-01,US,Nebraska,Jefferson,103,0,0,40.17584531,-97.142601,31095.0,1461.8223105307975,0.0,103,102,0,0,102,102,7097,1,0,0,1,0
2020-11-01,US,Nebraska,Johnson,116,0,0,40.39257596,-96.26522753,31097.0,2287.517254979294,0.0,116,114,0,0,114,113,5134,2,0,0,2,1
2020-11-01,US,Nebraska,Kearney,263,0,0,40.50663314,-98.94877182,31099.0,4049.2686682063127,0.0,263,258,0,0,258,256,6544,5,0,0,5,2
2020-11-01,US,Nebraska,Keith,123,0,0,41.19930341,-101.66201640000001,31101.0,1530.9932785660944,0.0,123,119,0,0,119,117,8021,4,0,0,4,2
2020-11-01,US,Nebraska,Keya Paha,9,0,0,42.87990694,-99.71343729,31103.0,1116.6253101736972,0.0,9,9,0,0,9,9,810,0,0,0,0,0
2020-11-01,US,Nebraska,Kimball,65,0,0,41.19774275,-103.7148131,31105.0,1789.647577092511,0.0,65,65,0,0,65,64,3618,0,0,0,0,1
2020-11-01,US,Nebraska,Knox,285,1,0,42.63758421,-97.89178836,31107.0,3420.5472875660107,0.3508771929824561,284,284,1,0,283,279,8419,1,0,0,1,5
2020-11-01,US,Nebraska,Lancaster,9653,45,0,40.78416049,-96.68777155,31109.0,3025.165313861293,0.4661763182430333,9608,9514,45,0,9469,9350,317272,139,0,0,139,164
2020-11-01,US,Nebraska,Lincoln,1033,8,0,41.04658298,-100.74753740000001,31111.0,2958.698516354471,0.7744433688286544,1025,999,8,0,991,969,35185,34,0,0,34,30
2020-11-01,US,Nebraska,Logan,12,0,0,41.56650314,-100.4817851,31113.0,1604.2780748663101,0.0,12,11,0,0,11,10,749,1,0,0,1,1
2020-11-01,US,Nebraska,Loup,8,0,0,41.91371961,-99.45440415,31115.0,1204.8192771084334,0.0,8,8,0,0,8,8,618,0,0,0,0,0
2020-11-01,US,Nebraska,Madison,1534,11,0,41.91676024,-97.6005481,31119.0,4370.494885894185,0.7170795306388527,1523,1517,10,0,1507,1488,35392,17,1,0,16,29
2020-11-01,US,Nebraska,McPherson,10,0,0,41.56797682,-101.05993620000001,31117.0,2024.2914979757086,0.0,10,10,0,0,10,10,492,0,0,0,0,0
2020-11-01,US,Nebraska,Merrick,163,1,0,41.16624273,-98.0374887,31121.0,2101.869761444229,0.6134969325153374,162,161,1,0,160,152,7733,2,0,0,2,9
2020-11-01,US,Nebraska,Morrill,134,0,0,41.71711774,-103.0061405,31123.0,2886.686772942697,0.0,134,132,0,0,132,131,4686,2,0,0,2,1
2020-11-01,US,Nebraska,Nance,119,0,0,41.39750195,-97.99327291,31125.0,3381.642512077295,0.0,119,113,0,0,113,107,3532,6,0,0,6,6
2020-11-01,US,Nebraska,Nemaha,175,0,0,40.38514847,-95.85433992,31127.0,2510.0401606425703,0.0,175,173,0,0,173,171,6958,2,0,0,2,2
2020-11-01,US,Nebraska,Nuckolls,111,0,0,40.17637905,-98.04743961,31129.0,2675.9884281581485,0.0,111,109,0,0,109,106,4195,2,0,0,2,3
2020-11-01,US,Nebraska,Otoe,345,1,0,40.64843556,-96.13374142,31131.0,2154.6340244816392,0.2898550724637681,344,334,1,0,333,327,15985,11,0,0,11,7
2020-11-01,US,Nebraska,Pawnee,33,0,0,40.13141096,-96.23705437,31133.0,1262.916188289323,0.0,33,32,0,0,32,32,2632,1,0,0,1,0
2020-11-01,US,Nebraska,Perkins,51,10,0,40.85082525,-101.6502942,31135.0,1764.095468695953,19.607843137254907,41,51,10,0,41,47,2929,0,0,0,0,4
2020-11-01,US,Nebraska,Phelps,329,2,0,40.51156033,-99.41461667,31137.0,3641.79765330972,0.6079027355623101,327,324,2,0,322,323,8996,5,0,0,5,1
2020-11-01,US,Nebraska,Pierce,234,11,0,42.26434853,-97.60122773,31139.0,3273.642977056519,4.700854700854701,223,226,9,0,217,224,7142,8,2,0,6,2
2020-11-01,US,Nebraska,Platte,1777,7,0,41.57246836,-97.52144359,31141.0,5309.232148192411,0.3939223410241981,1770,1745,7,0,1738,1708,33363,32,0,0,32,37
2020-11-01,US,Nebraska,Polk,205,6,0,41.18813488,-97.56630712,31143.0,3932.476501055055,2.9268292682926833,199,204,4,0,200,202,5278,1,2,0,-1,2
2020-11-01,US,Nebraska,Red Willow,284,0,0,40.17556879999999,-100.476998,31145.0,2648.265572547557,0.0,284,283,0,0,283,271,10726,1,0,0,1,12
2020-11-01,US,Nebraska,Richardson,135,2,0,40.1247415,-95.71755036,31147.0,1716.4653528289896,1.4814814814814814,133,127,2,0,125,125,7937,8,0,0,8,2
2020-11-01,US,Nebraska,Rock,59,1,0,42.42252217,-99.44832069,31149.0,4347.826086956522,1.6949152542372878,58,59,1,0,58,59,1360,0,0,0,0,0
2020-11-01,US,Nebraska,Saline,993,2,0,40.52418865,-97.14085859,31151.0,6981.158605174353,0.2014098690835851,991,977,2,0,975,971,14350,16,0,0,16,6
2020-11-01,US,Nebraska,Sarpy,6275,39,0,41.11314181,-96.11156432,31153.0,3352.1015406312104,0.6215139442231076,6236,6195,39,0,6156,6105,184459,80,0,0,80,90
2020-11-01,US,Nebraska,Saunders,728,4,0,41.227810299999994,-96.63773905,31155.0,3373.806654926314,0.5494505494505495,724,723,4,0,719,710,21303,5,0,0,5,13
2020-11-01,US,Nebraska,Scotts Bluff,1042,9,0,41.85070896,-103.70809859999999,31157.0,2925.4871132573408,0.8637236084452975,1033,997,9,0,988,959,35989,45,0,0,45,38
2020-11-01,US,Nebraska,Seward,441,3,0,40.87241834,-97.139673,31159.0,2551.4927100208283,0.6802721088435374,438,433,3,0,430,402,17318,8,0,0,8,31
2020-11-01,US,Nebraska,Sheridan,148,0,0,42.50284406,-102.4126613,31161.0,2821.1971025543266,0.0,148,147,0,0,147,147,5190,1,0,0,1,0
2020-11-01,US,Nebraska,Sherman,67,3,0,41.22045983,-98.97588642,31163.0,2232.5891369543488,4.477611940298506,64,59,3,0,56,58,3038,8,0,0,8,1
2020-11-01,US,Nebraska,Sioux,12,0,0,42.48932059,-103.7576544,31165.0,1029.1595197255574,0.0,12,12,0,0,12,12,1187,0,0,0,0,0
2020-11-01,US,Nebraska,Stanton,86,0,0,41.9169835,-97.19394708,31167.0,1452.7027027027027,0.0,86,85,0,0,85,84,5970,1,0,0,1,1
2020-11-01,US,Nebraska,Thayer,73,0,0,40.17626377,-97.59504381,31169.0,1459.1245252848291,0.0,73,71,0,0,71,71,5039,2,0,0,2,0
2020-11-01,US,Nebraska,Thomas,15,0,0,41.91358968,-100.5556632,31171.0,2077.562326869806,0.0,15,14,0,0,14,14,720,1,0,0,1,0
2020-11-01,US,Nebraska,Thurston,353,4,0,42.15725356,-96.54157099,31173.0,4886.489479512737,1.13314447592068,349,351,4,0,347,349,7303,2,0,0,2,2
2020-11-01,US,Nebraska,Unassigned,531,0,0,0.0,0.0,90031.0,0.0,0.0,531,528,8,0,520,535,,3,-8,0,11,-7
2020-11-01,US,Nebraska,Valley,95,1,0,41.56730777,-98.98197724,31175.0,2284.752284752285,1.0526315789473684,94,94,1,0,93,94,4190,1,0,0,1,0
2020-11-01,US,Nebraska,Washington,559,7,0,41.52815707,-96.22019892,31177.0,2696.7050991364754,1.2522361359570662,552,542,7,0,535,532,20667,17,0,0,17,10
2020-11-01,US,Nebraska,Wayne,386,2,0,42.20934475,-97.11926964,31179.0,4112.946190729887,0.5181347150259067,384,373,1,0,372,369,9403,13,1,0,12,4
2020-11-01,US,Nebraska,Webster,124,0,0,40.17642643,-98.50019851,31181.0,3556.0653857183825,0.0,124,123,0,0,123,123,3533,1,0,0,1,0
2020-11-01,US,Nebraska,Wheeler,4,0,0,41.91482725,-98.52798941,31183.0,510.8556832694764,0.0,4,3,0,0,3,3,805,1,0,0,1,0
2020-11-01,US,Nebraska,York,558,2,0,40.87272618,-97.59710186,31185.0,4079.2455588858834,0.35842293906810035,556,551,2,0,549,534,13772,7,0,0,7,17
2020-11-01,US,Nevada,Carson City,795,9,0,39.15509045,-119.7480219,32510.0,1421.7755204234925,1.1320754716981132,786,788,8,0,780,788,55414,7,1,0,6,0
2020-11-01,US,Nevada,Churchill,245,4,0,39.58105744,-118.3394607,32001.0,983.5802320446423,1.6326530612244898,241,245,4,0,241,228,24440,0,0,0,0,17
2020-11-01,US,Nevada,Clark,82966,1517,0,36.21458855,-115.0130241,32003.0,3660.186657784503,1.8284598510233108,81449,82362,1515,0,80847,81684,2231647,604,2,0,602,678
2020-11-01,US,Nevada,Douglas,426,1,0,38.912862,-119.61713329999999,32005.0,871.0765770371128,0.2347417840375587,425,420,1,0,419,420,48467,6,0,0,6,0
2020-11-01,US,Nevada,Elko,1520,14,0,41.14531606,-115.3577619,32007.0,2879.987873735269,0.9210526315789472,1506,1497,14,0,1483,1464,52460,23,0,0,23,33
2020-11-01,US,Nevada,Eureka,13,0,0,39.98100864,-116.26832040000001,32011.0,640.7097092163627,0.0,13,13,0,0,13,11,2003,0,0,0,0,2
2020-11-01,US,Nevada,Humboldt,178,4,0,41.40692186,-118.11094270000001,32013.0,1057.5723367595508,2.247191011235955,174,178,4,0,174,178,16786,0,0,0,0,0
2020-11-01,US,Nevada,Lander,111,0,0,39.933223299999995,-117.03970749999999,32015.0,2006.5075921908888,0.0,111,110,0,0,110,110,5575,1,0,0,1,0
2020-11-01,US,Nevada,Lincoln,49,0,0,37.64268459,-114.8790388,32017.0,945.3984179046885,0.0,49,49,0,0,49,49,5201,0,0,0,0,0
2020-11-01,US,Nevada,Lyon,625,13,0,39.01777974,-119.18704790000001,32019.0,1086.7675186924014,2.08,612,622,13,0,609,622,55808,3,0,0,3,0
2020-11-01,US,Nevada,Mineral,18,0,0,38.53841696,-118.4344506,32021.0,399.5560488346282,0.0,18,18,0,0,18,18,4514,0,0,0,0,0
2020-11-01,US,Nevada,Nye,726,16,0,38.04264256,-116.47227020000001,32023.0,1560.5184532381836,2.203856749311295,710,713,16,0,697,707,45346,13,0,0,13,6
2020-11-01,US,Nevada,Pershing,24,0,0,40.44003782,-118.40056409999998,32027.0,356.8773234200744,0.0,24,24,0,0,24,24,6666,0,0,0,0,0
2020-11-01,US,Nevada,Storey,22,0,0,39.44875482,-119.5250207,32029.0,0.0,0.0,22,22,0,0,22,22,4029,0,0,0,0,0
2020-11-01,US,Nevada,Washoe,13637,198,0,40.66562265,-119.6631594,32031.0,2892.142204237793,1.451932243161986,13439,13578,197,0,13381,13338,465735,59,1,0,58,240
2020-11-01,US,Nevada,White Pine,122,1,0,39.44157041,-114.89996599999999,32033.0,1273.4864300626305,0.819672131147541,121,122,1,0,121,121,9475,0,0,0,0,1
2020-11-01,US,New Hampshire,Belknap,248,5,0,43.51637314,-71.41684235,33001.0,404.5479014077615,2.0161290322580645,243,247,5,0,242,238,61022,1,0,0,1,9
2020-11-01,US,New Hampshire,Carroll,161,2,0,43.87498583,-71.20430216,33003.0,329.17603762011856,1.2422360248447204,159,158,2,0,156,156,48779,3,0,0,3,2
2020-11-01,US,New Hampshire,Cheshire,206,3,0,42.92015988,-72.25311043,33005.0,270.74981928106723,1.4563106796116505,203,206,3,0,203,200,76493,0,0,0,0,6
2020-11-01,US,New Hampshire,Coos,96,0,0,44.69063265,-71.30633239,33007.0,304.1535975667712,0.0,96,85,0,0,85,71,31589,11,0,0,11,14
2020-11-01,US,New Hampshire,Grafton,255,1,0,43.93779815,-71.82057197,33009.0,283.6926773913624,0.392156862745098,254,245,1,0,244,236,89786,10,0,0,10,9
2020-11-01,US,New Hampshire,Hillsborough,5615,323,0,42.91537785,-71.7200253,33011.0,1346.4420598285476,5.752448797862868,5292,5593,323,0,5270,5533,415247,22,0,0,22,60
2020-11-01,US,New Hampshire,Merrimack,951,29,0,43.29662971,-71.6811573,33013.0,628.1747263707882,3.0494216614090432,922,939,29,0,910,926,151132,12,0,0,12,13
2020-11-01,US,New Hampshire,Rockingham,2766,105,0,42.98499744,-71.12883377,33015.0,892.9234364962279,3.7960954446854656,2661,2726,105,0,2621,2678,309176,40,0,0,40,48
2020-11-01,US,New Hampshire,Strafford,787,14,0,43.291833000000004,-71.02336013,33017.0,602.4511417482565,1.7789072426937738,773,768,14,0,754,740,130090,19,0,0,19,28
2020-11-01,US,New Hampshire,Sullivan,93,1,0,43.36094111,-72.22203125,33019.0,215.54721179251842,1.075268817204301,92,91,1,0,90,86,43144,2,0,0,2,5
2020-11-01,US,New Hampshire,Unassigned,36,0,0,0.0,0.0,90033.0,0.0,0.0,36,26,0,0,26,20,,10,0,0,10,6
2020-11-01,US,New Jersey,Atlantic,5341,267,0,39.47538693,-74.65848483,34001.0,2025.6381082413627,4.999063845721775,5074,5258,267,0,4991,5208,265429,83,0,0,83,50
2020-11-01,US,New Jersey,Bergen,25526,2063,0,40.96010917,-74.07164325,34003.0,2738.247718842053,8.081955653059625,23463,25366,2063,0,23303,25235,936692,160,0,0,160,131
2020-11-01,US,New Jersey,Burlington,8721,516,0,39.87681124,-74.66927768,34005.0,1958.239493071725,5.916752665978673,8205,8623,516,0,8107,8587,445384,98,0,0,98,36
2020-11-01,US,New Jersey,Camden,11988,636,0,39.80343818,-74.96388753,34007.0,2366.9667167517982,5.305305305305304,11352,11799,635,0,11164,11729,507078,189,1,0,188,70
2020-11-01,US,New Jersey,Cape May,1151,100,0,39.15008829,-74.80170244,34009.0,1250.556829170243,8.688097306689835,1051,1135,100,0,1035,1129,92560,16,0,0,16,6
2020-11-01,US,New Jersey,Cumberland,4068,162,0,39.37199394,-75.10712559,34011.0,2720.5788921064427,3.9823008849557517,3906,4046,162,0,3884,4034,150972,22,0,0,22,12
2020-11-01,US,New Jersey,Essex,25292,2144,0,40.78681335,-74.24657979,34013.0,3165.55586845646,8.476988771152934,23148,25117,2144,0,22973,24970,799767,175,0,0,175,147
2020-11-01,US,New Jersey,Gloucester,5679,250,0,39.71581067,-75.13995546,34015.0,1947.290457968152,4.402183483007573,5429,5591,249,0,5342,5550,291408,88,1,0,87,41
2020-11-01,US,New Jersey,Hudson,23633,1530,0,40.73766234,-74.07515667,34017.0,3514.7704237564153,6.473998222824018,22103,23486,1530,0,21956,23357,676061,147,0,0,147,129
2020-11-01,US,New Jersey,Hunterdon,1626,127,0,40.56335249,-74.91284156,34019.0,1307.3787297681936,7.810578105781058,1499,1615,127,0,1488,1603,124714,11,0,0,11,12
2020-11-01,US,New Jersey,Mercer,9438,640,0,40.28047017,-74.70479631,34021.0,2568.6525324551612,6.7810976901886,8798,9379,639,0,8740,9340,369811,59,1,0,58,39
2020-11-01,US,New Jersey,Middlesex,22676,1449,0,40.43629879,-74.41426991,34023.0,2748.399514218325,6.390015875815839,21227,22553,1449,0,21104,22444,829685,123,0,0,123,109
2020-11-01,US,New Jersey,Monmouth,14415,873,0,40.26549699,-74.22240686,34025.0,2329.527549511551,6.056191467221644,13542,14309,873,0,13436,14242,621354,106,0,0,106,67
2020-11-01,US,New Jersey,Morris,9357,839,0,40.86095313,-74.54553709999998,34027.0,1902.4286106395307,8.966549107619963,8518,9293,839,0,8454,9243,494228,64,0,0,64,50
2020-11-01,US,New Jersey,Ocean,16990,1070,0,39.8895449,-74.28089251,34029.0,2798.154107637528,6.297822248381402,15920,16938,1069,0,15869,16804,601651,52,1,0,51,134
2020-11-01,US,New Jersey,Passaic,21282,1262,0,41.03238628,-74.29954144,34031.0,4240.912188686915,5.929893806973028,20020,21155,1262,0,19893,21060,503310,127,0,0,127,95
2020-11-01,US,New Jersey,Salem,1193,89,0,39.58719656,-75.34696629999998,34033.0,1912.3186663460767,7.460184409052807,1104,1185,89,0,1096,1180,62607,8,0,0,8,5
2020-11-01,US,New Jersey,Somerset,6575,595,0,40.56465737,-74.61683016,34035.0,1998.8812345333715,9.049429657794676,5980,6549,595,0,5954,6527,331164,26,0,0,26,22
2020-11-01,US,New Jersey,Sussex,1761,197,0,41.13891592,-74.69118243,34037.0,1253.487842377997,11.186825667234526,1564,1754,197,0,1557,1739,140799,7,0,0,7,15
2020-11-01,US,New Jersey,Unassigned,611,0,0,0.0,0.0,90034.0,0.0,0.0,611,563,0,0,563,522,,48,0,0,48,41
2020-11-01,US,New Jersey,Union,20674,1374,0,40.65835409,-74.30680092,34039.0,3716.0662255702887,6.646028828480216,19300,20552,1374,0,19178,20413,558067,122,0,0,122,139
2020-11-01,US,New Jersey,Warren,1632,171,0,40.85951833,-74.99556527,34041.0,1550.343412465445,10.477941176470589,1461,1620,171,0,1449,1607,105779,12,0,0,12,13
2020-11-01,US,New Mexico,Bernalillo,11859,212,0,35.05163625,-106.6703554,35001.0,1746.2278445225518,1.7876718104393288,11647,11636,209,0,11427,11451,678701,223,3,0,220,185
2020-11-01,US,New Mexico,Catron,10,1,0,33.91514144,-108.4046587,35003.0,283.5270768358378,10.0,9,10,1,0,9,10,3578,0,0,0,0,0
2020-11-01,US,New Mexico,Chaves,2169,19,0,33.36406072,-104.4665365,35005.0,3356.805695271996,0.8759797141539879,2150,2134,19,0,2115,2095,64689,35,0,0,35,39
2020-11-01,US,New Mexico,Cibola,658,23,0,34.91131525,-107.998876,35006.0,2466.7291471415188,3.4954407294832825,635,649,23,0,626,635,26746,9,0,0,9,14
2020-11-01,US,New Mexico,Colfax,46,1,0,36.60569702,-104.64726740000002,35007.0,385.22736789213633,2.1739130434782608,45,46,1,0,45,46,12110,0,0,0,0,0
2020-11-01,US,New Mexico,Curry,1650,12,0,34.57421077,-103.34688759999999,35009.0,3370.511092045593,0.7272727272727273,1638,1633,12,0,1621,1615,49437,17,0,0,17,18
2020-11-01,US,New Mexico,De Baca,2,0,0,34.34274529,-104.4117842,35011.0,114.41647597254006,0.0,2,2,0,0,2,2,1781,0,0,0,0,0
2020-11-01,US,New Mexico,Dona Ana,6809,82,0,32.35275771,-106.83293870000001,35013.0,3120.6031302275487,1.204288441768248,6727,6699,80,0,6619,6574,217522,110,2,0,108,125
2020-11-01,US,New Mexico,Eddy,1582,24,0,32.47167456,-104.3053527,35015.0,2706.1238453643523,1.5170670037926677,1558,1531,24,0,1507,1522,57900,51,0,0,51,9
2020-11-01,US,New Mexico,Grant,206,4,0,32.73911281,-108.3827845,35017.0,763.0194829246611,1.9417475728155342,202,197,4,0,193,194,27346,9,0,0,9,3
2020-11-01,US,New Mexico,Guadalupe,46,1,0,34.86319296,-104.790669,35019.0,1069.7674418604652,2.1739130434782608,45,46,1,0,45,46,4341,0,0,0,0,0
2020-11-01,US,New Mexico,Harding,1,0,0,35.85751555,-103.82209379999999,35021.0,160.0,0.0,1,1,0,0,1,1,655,0,0,0,0,0
2020-11-01,US,New Mexico,Hidalgo,125,2,0,31.91383467,-108.7151824,35023.0,2977.6083849452116,1.6,123,124,2,0,122,122,4240,1,0,0,1,2
2020-11-01,US,New Mexico,Lea,2217,30,0,32.79215361,-103.4123733,35025.0,3119.4596876319124,1.3531799729364005,2187,2208,29,0,2179,2202,69611,9,1,0,8,6
2020-11-01,US,New Mexico,Lincoln,395,6,0,33.74526079,-105.4586166,35027.0,2018.1892499489065,1.5189873417721518,389,393,6,0,387,387,19556,2,0,0,2,6
2020-11-01,US,New Mexico,Los Alamos,50,0,0,35.86631386,-106.31349850000001,35028.0,258.1444576384945,0.0,50,49,0,0,49,48,19101,1,0,0,1,1
2020-11-01,US,New Mexico,Luna,1158,12,0,32.18179341,-107.75088259999998,35029.0,4884.221181829685,1.0362694300518134,1146,1140,12,0,1128,1123,23963,18,0,0,18,17
2020-11-01,US,New Mexico,McKinley,4752,262,0,35.58007720000001,-108.262245,35031.0,6658.539661187944,5.513468013468014,4490,4729,261,0,4468,4707,72290,23,1,0,22,22
2020-11-01,US,New Mexico,Mora,15,0,0,36.01095101,-104.9497716,35033.0,331.78500331785006,0.0,15,15,0,0,15,15,4506,0,0,0,0,0
2020-11-01,US,New Mexico,Otero,569,14,0,32.61348406,-105.7417604,35035.0,843.0878648688695,2.460456942003515,555,553,14,0,539,547,66781,16,0,0,16,6
2020-11-01,US,New Mexico,Quay,112,2,0,35.10403332,-103.54817270000001,35037.0,1357.0822731128076,1.7857142857142858,110,106,2,0,104,106,8253,6,0,0,6,0
2020-11-01,US,New Mexico,Rio Arriba,543,15,0,36.51072137,-106.69316740000001,35039.0,1395.1337324323626,2.7624309392265194,528,530,15,0,515,520,39006,13,0,0,13,10
2020-11-01,US,New Mexico,Roosevelt,493,9,0,34.02097406,-103.4799493,35041.0,2664.864864864865,1.8255578093306288,484,481,9,0,472,478,18743,12,0,0,12,3
2020-11-01,US,New Mexico,San Juan,3861,205,0,36.50838318,-108.32043700000001,35045.0,3114.764678358799,5.309505309505309,3656,3850,204,0,3646,3833,125043,11,1,0,10,17
2020-11-01,US,New Mexico,San Miguel,196,0,0,35.48014807,-104.8163562,35047.0,718.5540931920666,0.0,196,187,0,0,187,186,27591,9,0,0,9,1
2020-11-01,US,New Mexico,Sandoval,2131,49,0,35.68862401,-106.86878030000001,35043.0,1452.1492626816041,2.299389957766307,2082,2106,49,0,2057,2076,145179,25,0,0,25,30
2020-11-01,US,New Mexico,Santa Fe,1899,14,0,35.50708973,-105.9774716,35049.0,1262.985674190931,0.7372301211163771,1885,1866,14,0,1852,1835,150056,33,0,0,33,31
2020-11-01,US,New Mexico,Sierra,130,1,0,33.13028233,-107.1925893,35051.0,1204.7076267259754,0.7692307692307693,129,127,1,0,126,119,10968,3,0,0,3,8
2020-11-01,US,New Mexico,Socorro,270,13,0,34.00715494,-106.9298354,35053.0,1622.88874196069,4.814814814814816,257,262,13,0,249,258,16735,8,0,0,8,4
2020-11-01,US,New Mexico,Taos,262,5,0,36.58006022,-105.63101979999999,35055.0,800.6600861779178,1.9083969465648856,257,261,5,0,256,255,32835,1,0,0,1,6
2020-11-01,US,New Mexico,Torrance,112,1,0,34.64048375,-105.8508949,35057.0,724.4033374296617,0.8928571428571429,111,104,1,0,103,104,15591,8,0,0,8,0
2020-11-01,US,New Mexico,Unassigned,1784,0,0,0.0,0.0,90035.0,0.0,0.0,1784,1718,0,0,1718,1713,,66,0,0,66,5
2020-11-01,US,New Mexico,Union,45,2,0,36.48126404,-103.4709624,35059.0,1108.6474501108646,4.4444444444444455,43,41,2,0,39,41,4118,4,0,0,4,0
2020-11-01,US,New Mexico,Valencia,1075,5,0,34.71669834,-106.8103733,35061.0,1401.783851450031,0.4651162790697674,1070,1056,5,0,1051,1043,76456,19,0,0,19,13
2020-11-01,US,New York,Albany,3750,140,0,42.60060306,-73.97723916,36001.0,1227.471800881161,3.733333333333333,3610,3725,140,0,3585,3705,307117,25,0,0,25,20
2020-11-01,US,New York,Allegany,348,8,0,42.25748406,-78.02750466,36003.0,755.0280965915256,2.2988505747126435,340,342,8,0,334,336,46430,6,0,0,6,6
2020-11-01,US,New York,Bronx,55912,4996,0,40.85209301,-73.86282755,36005.0,3942.442816880752,8.935470024323937,50916,55767,4995,0,50772,55661,1432132,145,1,0,144,106
2020-11-01,US,New York,Broome,3738,98,0,42.15903158,-75.81326086,36007.0,1962.3283356431893,2.621722846441948,3640,3710,98,0,3612,3662,191659,28,0,0,28,48
2020-11-01,US,New York,Cattaraugus,549,18,0,42.24778241,-78.67923096,36009.0,721.2580632447418,3.278688524590164,531,536,18,0,518,527,76840,13,0,0,13,9
2020-11-01,US,New York,Cayuga,453,2,0,42.91261714,-76.55731592,36011.0,591.5691600501463,0.44150110375275936,451,438,2,0,436,429,77145,15,0,0,15,9
2020-11-01,US,New York,Chautauqua,1017,14,0,42.22769210000001,-79.36691763,36013.0,801.3994941017943,1.376597836774828,1003,994,14,0,980,976,127939,23,0,0,23,18
2020-11-01,US,New York,Chemung,1852,3,0,42.13891056,-76.7638805,36015.0,2219.133435582822,0.16198704103671707,1849,1826,3,0,1823,1797,84254,26,0,0,26,29
2020-11-01,US,New York,Chenango,425,7,0,42.49430041,-75.60887553,36017.0,900.2902111974919,1.6470588235294117,418,419,7,0,412,413,47536,6,0,0,6,6
2020-11-01,US,New York,Clinton,270,5,0,44.74530905,-73.67875352,36019.0,335.46623594458595,1.851851851851852,265,263,5,0,258,255,80695,7,0,0,7,8
2020-11-01,US,New York,Columbia,736,38,0,42.24819348,-73.63089095,36021.0,1237.7861119052825,5.163043478260869,698,729,38,0,691,723,59916,7,0,0,7,6
2020-11-01,US,New York,Cortland,589,0,0,42.59509207,-76.07048931,36023.0,1237.8890733696226,0.0,589,584,0,0,584,567,47823,5,0,0,5,17
2020-11-01,US,New York,Delaware,192,7,0,42.19837623,-74.96709306,36025.0,435.02888863713616,3.6458333333333335,185,187,7,0,180,181,44527,5,0,0,5,6
2020-11-01,US,New York,Dutchess,5565,165,0,41.76486060000001,-73.74356679,36027.0,1891.4546356783069,2.964959568733154,5400,5547,165,0,5382,5525,293718,18,0,0,18,22
2020-11-01,US,New York,Erie,13531,717,0,42.76249024,-78.73063652,36029.0,1472.8388530774942,5.298943167541203,12814,13414,717,0,12697,13262,919719,117,0,0,117,152
2020-11-01,US,New York,Essex,203,0,0,44.11630765,-73.77297842,36031.0,550.359224617053,0.0,203,203,0,0,203,199,37300,0,0,0,0,4
2020-11-01,US,New York,Franklin,87,0,0,44.59040891,-74.29926032,36033.0,173.9234736715845,0.0,87,86,0,0,86,82,50293,1,0,0,1,4
2020-11-01,US,New York,Fulton,367,24,0,43.11363907,-74.41798804,36035.0,687.4847797988124,6.539509536784741,343,365,24,0,341,365,53591,2,0,0,2,0
2020-11-01,US,New York,Genesee,411,5,0,43.0022601,-78.19135193,36037.0,717.5279329608937,1.2165450121654502,406,407,5,0,402,406,57511,4,0,0,4,1
2020-11-01,US,New York,Greene,516,18,0,42.275797,-74.12384884,36039.0,1093.4983470373822,3.4883720930232562,498,515,18,0,497,510,47491,1,0,0,1,5
2020-11-01,US,New York,Hamilton,19,0,0,43.66146647,-74.49721957,36041.0,430.2536231884058,0.0,19,18,0,0,18,18,4434,1,0,0,1,0
2020-11-01,US,New York,Herkimer,399,10,0,43.42034246,-74.96145307,36043.0,650.6955429801529,2.506265664160401,389,396,10,0,386,394,61833,3,0,0,3,2
2020-11-01,US,New York,Jefferson,222,0,0,44.04200959,-75.94653457,36045.0,202.12320410801757,0.0,222,220,0,0,220,214,111755,2,0,0,2,6
2020-11-01,US,New York,Kings,76238,7404,0,40.636182500000004,-73.94935552,36047.0,2978.1597193331154,9.711692331907972,68834,76001,7400,0,68601,75779,2582830,237,4,0,233,222
2020-11-01,US,New York,Lewis,148,0,0,43.784415700000004,-75.44903992,36049.0,562.8232430787954,0.0,148,146,0,0,146,139,26447,2,0,0,2,7
2020-11-01,US,New York,Livingston,350,8,0,42.72596275,-77.77966158,36051.0,556.3149696410974,2.2857142857142856,342,332,8,0,324,327,63227,18,0,0,18,5
2020-11-01,US,New York,Madison,593,17,0,42.91653905,-75.67266639,36053.0,835.9058936299177,2.866779089376054,576,585,17,0,568,577,70795,8,0,0,8,8
2020-11-01,US,New York,Monroe,7705,300,0,43.14638895,-77.69322942,36055.0,1038.731682327406,3.893575600259572,7405,7597,300,0,7297,7493,742474,108,0,0,108,104
2020-11-01,US,New York,Montgomery,273,4,0,42.90123494,-74.44011632,36057.0,554.6413116352776,1.465201465201465,269,273,4,0,269,272,49455,0,0,0,0,1
2020-11-01,US,New York,Nassau,50294,2216,0,40.74066522,-73.58941873,36059.0,3706.4714014933775,4.406092177993398,48078,50158,2208,0,47950,50007,1358343,136,8,0,128,151
2020-11-01,US,New York,New York,36712,3200,0,40.76727260000001,-73.97152637,36061.0,2254.059357551332,8.716495968620615,33512,36522,3198,0,33324,36400,,190,2,0,188,122
2020-11-01,US,New York,Niagara,2137,102,0,43.19898042,-78.74777412,36063.0,1021.1151513993148,4.773046326626111,2035,2124,102,0,2022,2108,210433,13,0,0,13,16
2020-11-01,US,New York,Oneida,2851,129,0,43.24375382,-75.43710392,36065.0,1246.7693760905404,4.5247281655559455,2722,2831,129,0,2702,2784,229577,20,0,0,20,47
2020-11-01,US,New York,Onondaga,5762,212,0,43.00491923,-76.19971155,36067.0,1251.1725671403258,3.67927802846234,5550,5696,212,0,5484,5603,461809,66,0,0,66,93
2020-11-01,US,New York,Ontario,710,35,0,42.85145728,-77.30874425,36069.0,646.7657159514288,4.929577464788731,675,701,35,0,666,697,109864,9,0,0,9,4
2020-11-01,US,New York,Orange,13889,507,0,41.40337468,-74.30240757,36071.0,3608.0947680157947,3.650370797033624,13382,13833,507,0,13326,13743,381951,56,0,0,56,90
2020-11-01,US,New York,Orleans,413,54,0,43.2516977,-78.2320066,36073.0,1023.4932593180016,13.075060532687653,359,413,54,0,359,413,40612,0,0,0,0,0
2020-11-01,US,New York,Oswego,648,4,0,43.42778894,-76.14635194,36075.0,553.2597930398551,0.6172839506172839,644,644,4,0,640,639,117898,4,0,0,4,5
2020-11-01,US,New York,Otsego,421,5,0,42.63492579,-75.03151402,36077.0,707.6462777133444,1.187648456057007,416,415,5,0,410,410,59749,6,0,0,6,5
2020-11-01,US,New York,Putnam,1861,63,0,41.42630093,-73.74965532,36079.0,1892.79902359642,3.3852767329392797,1798,1845,63,0,1782,1833,98892,16,0,0,16,12
2020-11-01,US,New York,Queens,77649,7297,0,40.71088124,-73.81684712,36081.0,3445.1593667391644,9.397416579737023,70352,77412,7295,0,70117,77213,2278906,237,2,0,235,199
2020-11-01,US,New York,Rensselaer,1124,42,0,42.71348136,-73.51089874,36083.0,708.1920939551646,3.736654804270463,1082,1116,42,0,1074,1111,159442,8,0,0,8,5
2020-11-01,US,New York,Richmond,17644,1095,0,40.58582155,-74.14808598,36085.0,3705.609449262091,6.20607571979143,16549,17535,1095,0,16440,17457,476179,109,0,0,109,78
2020-11-01,US,New York,Rockland,18265,684,0,41.15027894,-74.02560498,36087.0,5606.3894115516505,3.744867232411716,17581,18192,684,0,17508,18110,325695,73,0,0,73,82
2020-11-01,US,New York,Saratoga,1423,17,0,43.10904162,-73.86653895,36091.0,619.064399229106,1.1946591707659873,1406,1405,17,0,1388,1383,230163,18,0,0,18,22
2020-11-01,US,New York,Schenectady,1622,50,0,42.81668777,-74.05278291,36093.0,1044.4368605077946,3.082614056720099,1572,1601,50,0,1551,1591,155350,21,0,0,21,10
2020-11-01,US,New York,Schoharie,115,0,0,42.58831742,-74.44339029999998,36095.0,370.9797090228717,0.0,115,114,0,0,114,113,31097,1,0,0,1,1
2020-11-01,US,New York,Schuyler,149,0,0,42.39184015,-76.8773299,36097.0,836.7495928567417,0.0,149,147,0,0,147,139,17912,2,0,0,2,8
2020-11-01,US,New York,Seneca,149,3,0,42.78081007,-76.82497064,36099.0,438.0291627469426,2.0134228187919465,146,148,3,0,145,148,34300,1,0,0,1,0
2020-11-01,US,New York,St. Lawrence,423,4,0,44.4976179,-75.06550039,36089.0,392.6118433265268,0.9456264775413712,419,415,4,0,411,409,108047,8,0,0,8,6
2020-11-01,US,New York,Steuben,1087,57,0,42.2689144,-77.3829924,36101.0,1139.6638673083173,5.243790248390066,1030,1058,57,0,1001,1041,95796,29,0,0,29,17
2020-11-01,US,New York,Suffolk,49538,2021,0,40.88320119,-72.8012172,36103.0,3354.867022303249,4.079696394686907,47517,49398,2019,0,47379,49300,1481093,140,2,0,138,98
2020-11-01,US,New York,Sullivan,1818,48,0,41.71579493,-74.76394559,36105.0,2410.117721921731,2.64026402640264,1770,1814,48,0,1766,1800,75498,4,0,0,4,14
2020-11-01,US,New York,Tioga,699,30,0,42.16852837,-76.30835812,36107.0,1450.117212621621,4.291845493562231,669,689,30,0,659,672,48560,10,0,0,10,17
2020-11-01,US,New York,Tompkins,656,0,0,42.44945765,-76.47229843,36109.0,642.0043061264438,0.0,656,650,0,0,650,639,102793,6,0,0,6,11
2020-11-01,US,New York,Ulster,2556,95,0,41.89027881,-74.26252104,36111.0,1439.4080181108611,3.7167449139280127,2461,2547,95,0,2452,2538,178599,9,0,0,9,9
2020-11-01,US,New York,Unassigned,0,21,0,0.0,0.0,90036.0,0.0,0.0,-21,0,18,0,-18,0,,0,3,0,-3,0
2020-11-01,US,New York,Warren,468,33,0,43.56173026,-73.8433699,36113.0,731.8904041035908,7.05128205128205,435,467,33,0,434,461,64265,1,0,0,1,6
2020-11-01,US,New York,Washington,350,14,0,43.31153794,-73.43043448,36115.0,571.8580484935625,4.0,336,347,14,0,333,340,61197,3,0,0,3,7
2020-11-01,US,New York,Wayne,561,5,0,43.15494365,-77.02976528,36117.0,623.9017771747592,0.8912655971479501,556,550,5,0,545,530,90064,11,0,0,11,20
2020-11-01,US,New York,Westchester,40946,1472,0,41.16278376,-73.75741653,36119.0,4232.118457146519,3.594978752503297,39474,40800,1470,0,39330,40681,967612,146,2,0,144,119
2020-11-01,US,New York,Wyoming,203,5,0,42.70145109,-78.22199579,36121.0,509.2952658119872,2.4630541871921183,198,199,5,0,194,196,40085,4,0,0,4,3
2020-11-01,US,New York,Yates,134,7,0,42.63505484,-77.10369919,36123.0,537.8717938425722,5.223880597014926,127,132,7,0,125,128,24841,2,0,0,2,4
2020-11-01,US,North Carolina,Alamance,5409,88,0,36.0434701,-79.39976137,37001.0,3190.9810098578837,1.6269180994638566,5321,5376,88,0,5288,5315,166436,33,0,0,33,61
2020-11-01,US,North Carolina,Alexander,975,10,0,35.922379600000006,-81.17751948,37003.0,2600.2080166413307,1.0256410256410255,965,963,10,0,953,943,37353,12,0,0,12,20
2020-11-01,US,North Carolina,Alleghany,316,1,0,36.49360862,-81.12857041,37005.0,2837.388883900512,0.3164556962025317,315,311,1,0,310,307,11161,5,0,0,5,4
2020-11-01,US,North Carolina,Anson,737,11,0,34.97403241,-80.09953279,37007.0,3014.8081485723637,1.492537313432836,726,734,11,0,723,728,24877,3,0,0,3,6
2020-11-01,US,North Carolina,Ashe,481,3,0,36.43296207,-81.49862729,37009.0,1768.187332279528,0.6237006237006237,478,457,3,0,454,454,27109,24,0,0,24,3
2020-11-01,US,North Carolina,Avery,647,1,0,36.07569796,-81.92308483,37011.0,3685.1398302671296,0.1545595054095827,646,645,1,0,644,637,17505,2,0,0,2,8
2020-11-01,US,North Carolina,Beaufort,1442,45,0,35.48531943,-76.84325809,37013.0,3068.4768268289567,3.1206657420249653,1397,1428,45,0,1383,1411,47079,14,0,0,14,17
2020-11-01,US,North Carolina,Bertie,737,20,0,36.0688473,-76.96545943,37015.0,3889.797857180556,2.71370420624152,717,736,20,0,716,731,19026,1,0,0,1,5
2020-11-01,US,North Carolina,Bladen,1105,19,0,34.61296243,-78.56180059,37017.0,3376.932950308661,1.7194570135746607,1086,1099,19,0,1080,1097,33190,6,0,0,6,2
2020-11-01,US,North Carolina,Brunswick,2250,49,0,34.070565,-78.22814204,37019.0,1575.4096064976893,2.1777777777777776,2201,2232,49,0,2183,2220,136744,18,0,0,18,12
2020-11-01,US,North Carolina,Buncombe,4306,108,0,35.61113393,-82.53305,37021.0,1648.601980925836,2.5081281932187647,4198,4258,107,0,4151,4212,259103,48,1,0,47,46
2020-11-01,US,North Carolina,Burke,2798,52,0,35.74989637,-81.70755735,37023.0,3092.225230701221,1.8584703359542531,2746,2760,52,0,2708,2720,90382,38,0,0,38,40
2020-11-01,US,North Carolina,Cabarrus,5063,93,0,35.3877799,-80.55267168,37025.0,2339.0759194836755,1.836855619198104,4970,5008,93,0,4915,4952,211342,55,0,0,55,56
2020-11-01,US,North Carolina,Caldwell,2685,19,0,35.95204977,-81.54799522,37027.0,3267.2978169339726,0.707635009310987,2666,2644,19,0,2625,2601,82029,41,0,0,41,43
2020-11-01,US,North Carolina,Camden,142,3,0,36.33804939,-76.15568396,37029.0,1306.70838317843,2.112676056338028,139,140,3,0,137,137,10710,2,0,0,2,3
2020-11-01,US,North Carolina,Carteret,1204,5,0,34.8932941,-76.54120135,37031.0,1733.0473709210773,0.4152823920265781,1199,1195,5,0,1190,1162,69524,9,0,0,9,33
2020-11-01,US,North Carolina,Caswell,643,5,0,36.39312665,-79.33353281,37033.0,2844.629269155901,0.7776049766718507,638,640,5,0,635,634,22698,3,0,0,3,6
2020-11-01,US,North Carolina,Catawba,4701,62,0,35.66211129,-81.2132617,37035.0,2946.3933162437093,1.3188683258881089,4639,4651,62,0,4589,4600,158652,50,0,0,50,51
2020-11-01,US,North Carolina,Chatham,1978,61,0,35.70394416,-79.25541492,37037.0,2656.103128776689,3.0839231547017185,1917,1972,61,0,1911,1961,73139,6,0,0,6,11
2020-11-01,US,North Carolina,Cherokee,782,15,0,35.1349263,-84.05970864,37039.0,2733.1189710610934,1.918158567774936,767,781,15,0,766,778,28383,1,0,0,1,3
2020-11-01,US,North Carolina,Chowan,538,12,0,36.12908077,-76.60118385,37041.0,3858.567022878864,2.2304832713754648,526,534,12,0,522,533,14029,4,0,0,4,1
2020-11-01,US,North Carolina,Clay,241,3,0,35.05704275,-83.74353633,37043.0,2145.8463182263376,1.2448132780082988,238,241,3,0,238,241,11139,0,0,0,0,0
2020-11-01,US,North Carolina,Cleveland,3344,86,0,35.33553364,-81.55204486,37045.0,3414.091294271392,2.571770334928229,3258,3322,86,0,3236,3247,97645,22,0,0,22,75
2020-11-01,US,North Carolina,Columbus,1787,62,0,34.26744084,-78.65801424,37047.0,3219.3557685378682,3.4695019585898152,1725,1776,62,0,1714,1732,55655,11,0,0,11,44
2020-11-01,US,North Carolina,Craven,2441,62,0,35.11833364,-77.08398081,37049.0,2389.8804570242514,2.53994264645637,2379,2433,62,0,2371,2394,102912,8,0,0,8,39
2020-11-01,US,North Carolina,Cumberland,7324,100,0,35.04762133,-78.82623165,37051.0,2182.9518731241187,1.3653741125068268,7224,7262,100,0,7162,7190,332330,62,0,0,62,72
2020-11-01,US,North Carolina,Currituck,227,4,0,36.36123664,-75.95876401,37053.0,817.6349818103232,1.7621145374449338,223,225,4,0,221,224,27072,2,0,0,2,1
2020-11-01,US,North Carolina,Dare,385,3,0,35.66520691,-75.71767334,37055.0,1040.2874976357102,0.7792207792207793,382,380,3,0,377,374,36501,5,0,0,5,6
2020-11-01,US,North Carolina,Davidson,3874,44,0,35.79115496,-80.21256572,37057.0,2311.331730396339,1.1357769747031492,3830,3836,44,0,3792,3793,166614,38,0,0,38,43
2020-11-01,US,North Carolina,Davie,794,8,0,35.93099927,-80.54496571,37059.0,1853.1484852728372,1.0075566750629723,786,786,8,0,778,780,42733,8,0,0,8,6
2020-11-01,US,North Carolina,Duplin,2862,54,0,34.93449805,-77.93140529,37061.0,4872.2357467526945,1.8867924528301887,2808,2847,54,0,2793,2827,58856,15,0,0,15,20
2020-11-01,US,North Carolina,Durham,9292,102,0,36.03638492,-78.87608331,37063.0,2890.310058229234,1.0977184674989238,9190,9247,101,0,9146,9175,316739,45,1,0,44,72
2020-11-01,US,North Carolina,Edgecombe,2068,60,0,35.91230639,-77.59436892,37065.0,4017.7183711532484,2.9013539651837523,2008,2057,60,0,1997,2037,52005,11,0,0,11,20
2020-11-01,US,North Carolina,Forsyth,9221,121,0,36.12859861,-80.25459052,37067.0,2412.0116663832905,1.312222101724325,9100,9121,121,0,9000,9039,379099,100,0,0,100,82
2020-11-01,US,North Carolina,Franklin,1497,32,0,36.081519,-78.28708884,37069.0,2148.2385018296623,2.137608550434202,1465,1490,32,0,1458,1488,67560,7,0,0,7,2
2020-11-01,US,North Carolina,Gaston,7863,135,0,35.29373559,-81.17477045,37071.0,3501.997514797643,1.7169019458222052,7728,7798,135,0,7663,7636,222846,65,0,0,65,162
2020-11-01,US,North Carolina,Gates,169,3,0,36.44667547,-76.69749701,37073.0,1461.6848296142534,1.7751479289940828,166,170,3,0,167,169,11573,-1,0,0,-1,1
2020-11-01,US,North Carolina,Graham,252,8,0,35.3506925,-83.83369267,37075.0,2985.4282667930347,3.1746031746031744,244,251,8,0,243,247,8484,1,0,0,1,4
2020-11-01,US,North Carolina,Granville,2069,50,0,36.30337451,-78.65184241,37077.0,3423.0597422364867,2.416626389560174,2019,2054,50,0,2004,2034,60115,15,0,0,15,20
2020-11-01,US,North Carolina,Greene,973,13,0,35.48544173,-77.67578087,37079.0,4618.159381081209,1.3360739979445015,960,966,13,0,953,965,21012,7,0,0,7,1
2020-11-01,US,North Carolina,Guilford,11962,210,0,36.07959451,-79.78824948,37081.0,2226.838975825338,1.7555592710249122,11752,11877,210,0,11667,11770,533670,85,0,0,85,107
2020-11-01,US,North Carolina,Halifax,1484,27,0,36.25669272,-77.6556109,37083.0,2967.406518696261,1.8194070080862532,1457,1476,27,0,1449,1451,50574,8,0,0,8,25
2020-11-01,US,North Carolina,Harnett,3059,72,0,35.36731853,-78.87243571,37085.0,2249.6617050067653,2.353710362863681,2987,3036,72,0,2964,3000,134214,23,0,0,23,36
2020-11-01,US,North Carolina,Haywood,751,36,0,35.55269063,-82.98196486,37087.0,1205.1286165893735,4.793608521970706,715,746,36,0,710,741,61971,5,0,0,5,5
2020-11-01,US,North Carolina,Henderson,2575,67,0,35.33788927,-82.4766782,37089.0,2193.038486760861,2.601941747572816,2508,2554,67,0,2487,2541,116748,21,0,0,21,13
2020-11-01,US,North Carolina,Hertford,865,34,0,36.3607755,-76.98104134,37091.0,3653.3344596021448,3.9306358381502884,831,860,34,0,826,857,23659,5,0,0,5,3
2020-11-01,US,North Carolina,Hoke,1596,25,0,35.01888303,-79.23651674,37093.0,2889.5245682007453,1.5664160401002507,1571,1584,25,0,1559,1562,54764,12,0,0,12,22
2020-11-01,US,North Carolina,Hyde,175,5,0,35.42017674,-76.15180542,37095.0,3544.6627506582945,2.8571428571428568,170,175,5,0,170,175,5230,0,0,0,0,0
2020-11-01,US,North Carolina,Iredell,3967,34,0,35.80950511,-80.8743128,37097.0,2181.9961937449807,0.8570708343836653,3933,3950,34,0,3916,3907,178435,17,0,0,17,43
2020-11-01,US,North Carolina,Jackson,1117,7,0,35.28814273,-83.14093385,37099.0,2542.218580727389,0.6266786034019696,1110,1109,7,0,1102,1099,43327,8,0,0,8,10
2020-11-01,US,North Carolina,Johnston,5845,66,0,35.51745004,-78.36622717,37101.0,2792.1218693124547,1.1291702309666378,5779,5819,66,0,5753,5780,202675,26,0,0,26,39
2020-11-01,US,North Carolina,Jones,202,15,0,35.02254606,-77.35870791,37103.0,2144.601337721627,7.425742574257426,187,201,15,0,186,200,9637,1,0,0,1,1
2020-11-01,US,North Carolina,Lee,2157,20,0,35.47623147,-79.17569362,37105.0,3491.477686592532,0.9272137227630968,2137,2146,20,0,2126,2128,61452,11,0,0,11,18
2020-11-01,US,North Carolina,Lenoir,1538,41,0,35.24032589999999,-77.64245615,37107.0,2748.932063128921,2.6657997399219764,1497,1528,41,0,1487,1499,55976,10,0,0,10,29
2020-11-01,US,North Carolina,Lincoln,2546,16,0,35.48508185,-81.21740317,37109.0,2956.6489763212603,0.6284367635506677,2530,2516,16,0,2500,2458,83770,30,0,0,30,58
2020-11-01,US,North Carolina,Macon,773,7,0,35.14867843,-83.41696617,37113.0,2155.7253611467454,0.9055627425614488,766,765,7,0,758,765,35285,8,0,0,8,0
2020-11-01,US,North Carolina,Madison,303,5,0,35.85402722,-82.71346418,37115.0,1392.7832682142034,1.6501650165016502,298,295,5,0,290,281,21763,8,0,0,8,14
2020-11-01,US,North Carolina,Martin,670,18,0,35.84326734,-77.10860251,37117.0,2985.739750445633,2.6865671641791047,652,664,18,0,646,655,22671,6,0,0,6,9
2020-11-01,US,North Carolina,McDowell,1379,32,0,35.67736232,-82.0482425,37111.0,3013.8123961884776,2.3205221174764317,1347,1364,32,0,1332,1353,45507,15,0,0,15,11
2020-11-01,US,North Carolina,Mecklenburg,34668,393,0,35.24469268,-80.8317671,37119.0,3122.241875578644,1.1336102457597783,34275,34473,391,0,34082,34193,1093901,195,2,0,193,280
2020-11-01,US,North Carolina,Mitchell,247,4,0,36.01059309,-82.1582442,37121.0,1650.6281742849505,1.6194331983805668,243,245,4,0,241,241,15000,2,0,0,2,4
2020-11-01,US,North Carolina,Montgomery,1213,38,0,35.33155144,-79.90416657,37123.0,4463.9899900636665,3.1327287716405605,1175,1208,38,0,1170,1202,27271,5,0,0,5,6
2020-11-01,US,North Carolina,Moore,2314,46,0,35.30885257,-79.48474178,37125.0,2293.814432989691,1.987899740708729,2268,2304,46,0,2258,2291,98682,10,0,0,10,13
2020-11-01,US,North Carolina,Nash,3550,80,0,35.96575634,-77.98422508,37127.0,3764.660968419266,2.2535211267605635,3470,3516,80,0,3436,3484,94016,34,0,0,34,32
2020-11-01,US,North Carolina,New Hanover,5447,40,0,34.25758282,-77.87075626,37129.0,2323.081975323385,0.7343491830365338,5407,5410,40,0,5370,5344,232274,37,0,0,37,66
2020-11-01,US,North Carolina,Northampton,580,19,0,36.41736238,-77.39769443,37131.0,2976.9542678232306,3.2758620689655173,561,577,19,0,558,574,19676,3,0,0,3,3
2020-11-01,US,North Carolina,Onslow,3535,32,0,34.72607366,-77.42908179,37133.0,1785.9127605613876,0.9052333804809052,3503,3516,31,0,3485,3457,197683,19,1,0,18,59
2020-11-01,US,North Carolina,Orange,3160,59,0,36.06092947,-79.12167935,37135.0,2128.2900940219297,1.8670886075949369,3101,3155,59,0,3096,3132,146027,5,0,0,5,23
2020-11-01,US,North Carolina,Pamlico,330,3,0,35.15253315,-76.66559823,37137.0,2593.116454502593,0.9090909090909092,327,330,3,0,327,325,12670,0,0,0,0,5
2020-11-01,US,North Carolina,Pasquotank,904,35,0,36.26723798,-76.25134778,37139.0,2269.987946966653,3.871681415929204,869,902,35,0,867,893,39639,2,0,0,2,9
2020-11-01,US,North Carolina,Pender,1455,15,0,34.52265624,-77.90352133,37141.0,2307.32635585157,1.0309278350515465,1440,1439,15,0,1424,1420,62162,16,0,0,16,19
2020-11-01,US,North Carolina,Perquimans,259,4,0,36.17847453,-76.40603143,37143.0,1923.7911312486074,1.5444015444015444,255,259,4,0,255,257,13422,0,0,0,0,2
2020-11-01,US,North Carolina,Person,713,10,0,36.38989032,-78.97217358,37145.0,1805.5203849075715,1.4025245441795229,703,705,10,0,695,696,39507,8,0,0,8,9
2020-11-01,US,North Carolina,Pitt,6331,41,0,35.59535426,-77.37353178,37147.0,3502.782972413717,0.6476070131100932,6290,6300,41,0,6259,6246,179914,31,0,0,31,54
2020-11-01,US,North Carolina,Polk,407,11,0,35.27820615,-82.16812354,37149.0,1963.906581740977,2.702702702702702,396,404,11,0,393,405,20611,3,0,0,3,-1
2020-11-01,US,North Carolina,Randolph,3950,64,0,35.71015088,-79.80570339,37151.0,2749.413574446463,1.620253164556962,3886,3921,64,0,3857,3873,143351,29,0,0,29,48
2020-11-01,US,North Carolina,Richmond,1463,30,0,35.00417719,-79.74491009,37153.0,3263.512458453233,2.050580997949419,1433,1453,30,0,1423,1448,44887,10,0,0,10,5
2020-11-01,US,North Carolina,Robeson,6185,97,0,34.64244496,-79.10250529999998,37155.0,4734.928229665072,1.5683104284559417,6088,6133,97,0,6036,6100,131831,52,0,0,52,33
2020-11-01,US,North Carolina,Rockingham,2155,19,0,36.39593137,-79.77504841,37157.0,2367.8716624546755,0.8816705336426914,2136,2125,19,0,2106,2055,90690,30,0,0,30,70
2020-11-01,US,North Carolina,Rowan,4274,119,0,35.64003916,-80.52446628,37159.0,3007.9950453240244,2.7842770238652315,4155,4228,119,0,4109,4203,141262,46,0,0,46,25
2020-11-01,US,North Carolina,Rutherford,1811,61,0,35.40114178,-81.92112099,37161.0,2701.8156320398634,3.3683048039757035,1750,1787,61,0,1726,1780,66826,24,0,0,24,7
2020-11-01,US,North Carolina,Sampson,2867,31,0,34.98820368,-78.36914061,37163.0,4512.757551431585,1.0812696198116498,2836,2846,31,0,2815,2822,63626,21,0,0,21,24
2020-11-01,US,North Carolina,Scotland,1672,28,0,34.8386299,-79.4757978,37165.0,4801.424345978233,1.6746411483253592,1644,1663,28,0,1635,1657,34810,9,0,0,9,6
2020-11-01,US,North Carolina,Stanly,2468,73,0,35.31647813,-80.25093221,37167.0,3929.560869980575,2.9578606158833063,2395,2455,73,0,2382,2447,62075,13,0,0,13,8
2020-11-01,US,North Carolina,Stokes,719,12,0,36.4017975,-80.23893369,37169.0,1577.0656489219366,1.6689847009735743,707,710,12,0,698,707,45467,9,0,0,9,3
2020-11-01,US,North Carolina,Surry,1998,33,0,36.41689489,-80.69102283,37171.0,2783.3888246520764,1.6516516516516515,1965,1961,33,0,1928,1930,71948,37,0,0,37,31
2020-11-01,US,North Carolina,Swain,298,4,0,35.48665845,-83.48748932,37173.0,2088.1507953191785,1.342281879194631,294,297,4,0,293,295,14245,1,0,0,1,2
2020-11-01,US,North Carolina,Transylvania,434,9,0,35.20383864,-82.79638423,37175.0,1262.1782754107894,2.0737327188940093,425,430,9,0,421,430,34215,4,0,0,4,0
2020-11-01,US,North Carolina,Tyrrell,132,3,0,35.87147226,-76.17055253,37177.0,3286.8525896414344,2.272727272727273,129,132,3,0,129,132,4131,0,0,0,0,0
2020-11-01,US,North Carolina,Unassigned,2,0,0,0.0,0.0,90037.0,0.0,0.0,2,2,0,0,2,1,,0,0,0,0,1
2020-11-01,US,North Carolina,Union,6073,65,0,34.98960527,-80.52955873,37179.0,2531.904160360879,1.0703112135682529,6008,6027,65,0,5962,5987,235908,46,0,0,46,40
2020-11-01,US,North Carolina,Vance,1237,47,0,36.36880673,-78.40670845,37181.0,2777.5906590322224,3.7995149555375916,1190,1235,47,0,1188,1224,44582,2,0,0,2,11
2020-11-01,US,North Carolina,Wake,21826,275,0,35.78879266,-78.65249174,37183.0,1963.191729157616,1.25996517914414,21551,21687,275,0,21412,21516,1092305,139,0,0,139,171
2020-11-01,US,North Carolina,Warren,491,7,0,36.39728256,-78.10652228,37185.0,2488.4699204297804,1.4256619144602851,484,488,7,0,481,481,19807,3,0,0,3,7
2020-11-01,US,North Carolina,Washington,264,8,0,35.83810081,-76.57299037,37187.0,2279.79274611399,3.0303030303030303,256,264,8,0,256,258,11859,0,0,0,0,6
2020-11-01,US,North Carolina,Watauga,1434,6,0,36.23103603,-81.70033724,37189.0,2552.646100717375,0.41841004184100417,1428,1425,6,0,1419,1408,55945,9,0,0,9,17
2020-11-01,US,North Carolina,Wayne,4756,81,0,35.36438125,-78.00027268,37191.0,3862.5528908235938,1.703111858704794,4675,4720,81,0,4639,4674,123248,36,0,0,36,46
2020-11-01,US,North Carolina,Wilkes,1869,38,0,36.2084135,-81.16232895,37193.0,2731.976846167339,2.033172819689673,1831,1846,38,0,1808,1803,68557,23,0,0,23,43
2020-11-01,US,North Carolina,Wilson,3173,64,0,35.70625477,-77.917978,37195.0,3878.925685505067,2.017018594390167,3109,3144,64,0,3080,3096,81455,29,0,0,29,48
2020-11-01,US,North Carolina,Yadkin,1102,9,0,36.16222629,-80.66239436,37197.0,2925.6378262139283,0.8166969147005445,1093,1084,9,0,1075,1063,37543,18,0,0,18,21
2020-11-01,US,North Carolina,Yancey,340,1,0,35.90079156,-82.31237181,37199.0,1881.675798328629,0.29411764705882354,339,338,1,0,337,333,17903,2,0,0,2,5
2020-11-01,US,North Dakota,Adams,91,0,0,46.09686891,-102.5285397,38001.0,4106.498194945849,0.0,91,90,0,0,90,89,2294,1,0,0,1,1
2020-11-01,US,North Dakota,Barnes,410,1,0,46.93579637,-98.06605978,38003.0,3936.6298607777253,0.24390243902439024,409,404,1,0,403,396,10542,6,0,0,6,8
2020-11-01,US,North Dakota,Benson,557,10,0,48.0683985,-99.35916363,38005.0,8152.810304449648,1.7953321364452424,547,547,10,0,537,522,6962,10,0,0,10,25
2020-11-01,US,North Dakota,Billings,34,0,0,47.02366884,-103.3762965,38007.0,3663.793103448276,0.0,34,33,0,0,33,33,919,1,0,0,1,0
2020-11-01,US,North Dakota,Bottineau,345,17,0,48.79106111,-100.8378166,38009.0,5491.881566380133,4.9275362318840585,328,335,17,0,318,311,6411,10,0,0,10,24
2020-11-01,US,North Dakota,Bowman,148,2,0,46.11285362,-103.5203343,38011.0,4894.179894179893,1.351351351351351,146,146,2,0,144,144,3076,2,0,0,2,2
2020-11-01,US,North Dakota,Burke,86,1,0,48.79094471,-102.51821170000001,38013.0,4066.193853427896,1.162790697674419,85,86,1,0,85,82,2100,0,0,0,0,4
2020-11-01,US,North Dakota,Burleigh,7486,79,0,46.97847375,-100.46452140000001,38015.0,7828.414866249765,1.055303232701042,7407,7313,78,0,7235,7171,95273,173,1,0,172,142
2020-11-01,US,North Dakota,Cass,9930,87,0,46.93201724,-97.24447190000001,38017.0,5458.353259345987,0.8761329305135952,9843,9748,85,0,9663,9510,181516,182,2,0,180,238
2020-11-01,US,North Dakota,Cavalier,111,1,0,48.77286211,-98.46685243,38019.0,2950.558213716109,0.9009009009009008,110,105,1,0,104,89,3829,6,0,0,6,16
2020-11-01,US,North Dakota,Dickey,333,6,0,46.11017712,-98.50490079999999,38021.0,6834.975369458128,1.8018018018018016,327,329,4,0,325,317,4903,4,2,0,2,12
2020-11-01,US,North Dakota,Divide,71,1,0,48.814938700000006,-103.48736109999999,38023.0,3136.0424028268553,1.4084507042253518,70,70,1,0,69,68,2283,1,0,0,1,2
2020-11-01,US,North Dakota,Dunn,217,5,0,47.35423935,-102.61604679999999,38025.0,4905.06329113924,2.3041474654377883,212,216,5,0,211,212,4332,1,0,0,1,4
2020-11-01,US,North Dakota,Eddy,219,3,0,47.71701474,-98.90432337,38027.0,9575.863576738086,1.3698630136986298,216,216,3,0,213,209,2313,3,0,0,3,7
2020-11-01,US,North Dakota,Emmons,292,9,0,46.28398398,-100.2389766,38029.0,9009.564949089787,3.0821917808219177,283,286,9,0,277,285,3295,6,0,0,6,1
2020-11-01,US,North Dakota,Foster,205,2,0,47.457108399999996,-98.88279923,38031.0,6386.292834890965,0.975609756097561,203,202,2,0,200,196,3216,3,0,0,3,6
2020-11-01,US,North Dakota,Golden Valley,121,0,0,46.94022281,-103.8465421,38033.0,6871.095968199887,0.0,121,118,0,0,118,117,1769,3,0,0,3,1
2020-11-01,US,North Dakota,Grand Forks,4624,22,0,47.92093639,-97.45450447,38035.0,6657.931491267224,0.4757785467128028,4602,4520,22,0,4498,4356,70770,104,0,0,104,164
2020-11-01,US,North Dakota,Grant,84,4,0,46.35821257,-101.63900129999999,38037.0,3693.931398416887,4.761904761904762,80,83,4,0,79,78,2374,1,0,0,1,5
2020-11-01,US,North Dakota,Griggs,110,1,0,47.45785838,-98.23850925,38039.0,4930.524428507396,0.9090909090909092,109,105,1,0,104,92,2232,5,0,0,5,13
2020-11-01,US,North Dakota,Hettinger,141,2,0,46.43375068,-102.4632417,38041.0,5642.256902761103,1.4184397163120568,139,139,2,0,137,135,2514,2,0,0,2,4
2020-11-01,US,North Dakota,Kidder,111,2,0,46.97830064,-99.77507857,38043.0,4475.8064516129025,1.8018018018018016,109,109,2,0,107,105,2450,2,0,0,2,4
2020-11-01,US,North Dakota,LaMoure,224,11,0,46.45681054,-98.53542355,38045.0,5536.332179930796,4.910714285714286,213,215,11,0,204,213,4062,9,0,0,9,2
2020-11-01,US,North Dakota,Logan,131,3,0,46.45729487,-99.47719806,38047.0,7081.081081081082,2.2900763358778624,128,130,3,0,127,128,1903,1,0,0,1,2
2020-11-01,US,North Dakota,McHenry,237,14,0,48.23104458,-100.6324822,38049.0,4125.3263707571805,5.907172995780591,223,222,14,0,208,209,5816,15,0,0,15,13
2020-11-01,US,North Dakota,McIntosh,176,5,0,46.11182017,-99.44145858,38051.0,7048.458149779735,2.8409090909090913,171,174,5,0,169,174,2585,2,0,0,2,0
2020-11-01,US,North Dakota,McKenzie,591,4,0,47.74133370000001,-103.395905,38053.0,3933.70607028754,0.6768189509306259,587,583,4,0,579,570,13632,8,0,0,8,13
2020-11-01,US,North Dakota,McLean,651,10,0,47.60766714,-101.3182418,38055.0,6888.8888888888905,1.5360983102918586,641,641,10,0,631,624,9541,10,0,0,10,17
2020-11-01,US,North Dakota,Mercer,531,3,0,47.31213126,-101.8318399,38057.0,6485.892268230121,0.5649717514124294,528,518,3,0,515,511,8267,13,0,0,13,7
2020-11-01,US,North Dakota,Morton,2552,54,0,46.71681782,-101.2822377,38059.0,8136.717255452109,2.1159874608150466,2498,2489,54,0,2435,2431,31095,63,0,0,63,58
2020-11-01,US,North Dakota,Mountrail,581,9,0,48.20197971,-102.3555315,38061.0,5509.720246562352,1.5490533562822721,572,563,9,0,554,553,10218,18,0,0,18,10
2020-11-01,US,North Dakota,Nelson,177,3,0,47.9226426,-98.19038437,38063.0,6147.968044459882,1.6949152542372878,174,170,3,0,167,167,2869,7,0,0,7,3
2020-11-01,US,North Dakota,Oliver,87,2,0,47.11530482,-101.3406158,38065.0,4441.041347626339,2.2988505747126435,85,86,2,0,84,85,1952,1,0,0,1,1
2020-11-01,US,North Dakota,Pembina,257,0,0,48.76623521,-97.5523809,38067.0,3778.8560505807973,0.0,257,246,0,0,246,230,6947,11,0,0,11,16
2020-11-01,US,North Dakota,Pierce,150,1,0,48.24977025,-99.96407787,38069.0,3773.584905660377,0.6666666666666666,149,141,1,0,140,124,4081,9,0,0,9,17
2020-11-01,US,North Dakota,Ramsey,601,4,0,48.26886249,-98.72223879,38071.0,5217.466793992534,0.6655574043261231,597,583,4,0,579,553,11481,18,0,0,18,30
2020-11-01,US,North Dakota,Ransom,225,3,0,46.45621782,-97.65742504,38073.0,4311.996933691069,1.3333333333333333,222,215,3,0,212,211,5237,10,0,0,10,4
2020-11-01,US,North Dakota,Renville,119,2,0,48.71982533,-101.6603912,38075.0,5113.880532874946,1.680672268907563,117,117,2,0,115,116,2374,2,0,0,2,1
2020-11-01,US,North Dakota,Richland,552,4,0,46.26440649,-96.94852979,38077.0,3412.25196266304,0.7246376811594203,548,525,4,0,521,506,16239,27,0,0,27,19
2020-11-01,US,North Dakota,Rolette,488,9,0,48.77245354,-99.84097493,38079.0,3442.4379232505644,1.8442622950819672,479,472,9,0,463,437,14301,16,0,0,16,35
2020-11-01,US,North Dakota,Sargent,142,2,0,46.10830372,-97.63217159,38081.0,3642.893791688045,1.4084507042253518,140,138,2,0,136,134,3870,4,0,0,4,4
2020-11-01,US,North Dakota,Sheridan,57,1,0,47.57700669,-100.3426391,38083.0,4334.600760456274,1.7543859649122806,56,57,1,0,56,56,1349,0,0,0,0,1
2020-11-01,US,North Dakota,Sioux,276,5,0,46.11323337,-101.04401490000001,38085.0,6524.822695035461,1.8115942028985508,271,274,5,0,269,265,4358,2,0,0,2,9
2020-11-01,US,North Dakota,Slope,15,0,0,46.44737738,-103.4601547,38087.0,2000.0,0.0,15,15,0,0,15,15,763,0,0,0,0,0
2020-11-01,US,North Dakota,Stark,2473,34,0,46.80851182,-102.65763259999999,38089.0,7853.536155482868,1.37484836231298,2439,2438,34,0,2404,2410,30997,35,0,0,35,28
2020-11-01,US,North Dakota,Steele,65,1,0,47.45611548,-97.72728747,38091.0,3439.1534391534387,1.5384615384615383,64,65,0,0,65,61,1903,0,1,0,-1,4
2020-11-01,US,North Dakota,Stutsman,1061,8,0,46.97962541,-98.95637318,38093.0,5124.613601236476,0.7540056550424128,1053,1001,7,0,994,959,20917,60,1,0,59,42
2020-11-01,US,North Dakota,Towner,125,5,0,48.68565745,-99.24564265,38095.0,5710.370031978073,4.0,120,122,5,0,117,110,2192,3,0,0,3,12
2020-11-01,US,North Dakota,Traill,363,5,0,47.45367788,-97.16323288,38097.0,4517.172722747636,1.3774104683195592,358,346,5,0,341,320,8037,17,0,0,17,26
2020-11-01,US,North Dakota,Walsh,634,2,0,48.36876964,-97.72574783,38099.0,5958.086645991918,0.3154574132492113,632,595,2,0,593,562,10667,39,0,0,39,33
2020-11-01,US,North Dakota,Ward,3586,54,0,48.22390169,-101.54367629999999,38101.0,5301.5183099008,1.505856107083101,3532,3422,54,0,3368,3162,67744,164,0,0,164,260
2020-11-01,US,North Dakota,Wells,201,0,0,47.58614526,-99.65904998,38103.0,5242.566510172144,0.0,201,186,0,0,186,165,3957,15,0,0,15,21
2020-11-01,US,North Dakota,Williams,1989,18,0,48.34522353,-103.4793387,38105.0,5291.441645162148,0.9049773755656108,1971,1967,18,0,1949,1905,35350,22,0,0,22,62
2020-11-01,US,Ohio,Adams,270,6,0,38.84541072,-83.4718964,39001.0,974.799624521626,2.2222222222222223,264,265,6,0,259,260,27724,5,0,0,5,5
2020-11-01,US,Ohio,Allen,2580,80,0,40.77285242,-84.10802343,39003.0,2520.737462262215,3.1007751937984502,2500,2555,80,0,2475,2511,102663,25,0,0,25,44
2020-11-01,US,Ohio,Ashland,511,9,0,40.84772277,-82.27280781,39005.0,955.425921770997,1.761252446183953,502,495,9,0,486,485,53745,16,0,0,16,10
2020-11-01,US,Ohio,Ashtabula,890,48,0,41.70860332,-80.74830218,39007.0,915.251797081478,5.393258426966292,842,856,48,0,808,833,97493,34,0,0,34,23
2020-11-01,US,Ohio,Athens,1388,2,0,39.33425634,-82.04278644,39009.0,2124.695761323802,0.1440922190201729,1386,1378,2,0,1376,1361,65818,10,0,0,10,17
2020-11-01,US,Ohio,Auglaize,1279,19,0,40.55998859,-84.22421429999999,39011.0,2801.384264937796,1.4855355746677092,1260,1258,19,0,1239,1233,45804,21,0,0,21,25
2020-11-01,US,Ohio,Belmont,885,27,0,40.01625942,-80.9924051,39013.0,1320.7772438289107,3.0508474576271185,858,868,27,0,841,842,67505,17,0,0,17,26
2020-11-01,US,Ohio,Brown,485,3,0,38.93416837,-83.86788395,39015.0,1116.688156198195,0.6185567010309279,482,480,3,0,477,467,43602,5,0,0,5,13
2020-11-01,US,Ohio,Butler,9565,134,0,39.44012838,-84.57388716,39017.0,2496.5155794056386,1.4009409304756926,9431,9427,134,0,9293,9298,382378,138,0,0,138,129
2020-11-01,US,Ohio,Carroll,265,7,0,40.578968599999996,-81.09178213,39019.0,984.6176711005425,2.641509433962264,258,246,7,0,239,244,27081,19,0,0,19,2
2020-11-01,US,Ohio,Champaign,475,3,0,40.13923427,-83.76875242,39021.0,1221.5507265012216,0.631578947368421,472,468,3,0,465,459,38754,7,0,0,7,9
2020-11-01,US,Ohio,Clark,2924,57,0,39.91592258,-83.78498252,39023.0,2180.738796118822,1.9493844049247608,2867,2863,57,0,2806,2821,134585,61,0,0,61,42
2020-11-01,US,Ohio,Clermont,2961,39,0,39.04847534,-84.15375786,39025.0,1434.3984343209256,1.3171225937183384,2922,2911,39,0,2872,2844,205466,50,0,0,50,67
2020-11-01,US,Ohio,Clinton,575,13,0,39.41485808,-83.80852286,39027.0,1370.0914982844072,2.260869565217391,562,565,13,0,552,547,42057,10,0,0,10,18
2020-11-01,US,Ohio,Columbiana,2269,88,0,40.76932373,-80.78094576,39029.0,2227.0643777666533,3.8783605112384314,2181,2252,88,0,2164,2246,102665,17,0,0,17,6
2020-11-01,US,Ohio,Coshocton,417,12,0,40.30096166,-81.91729018,39031.0,1139.344262295082,2.8776978417266186,405,408,12,0,396,389,36629,9,0,0,9,19
2020-11-01,US,Ohio,Crawford,609,8,0,40.85065156,-82.91989099,39033.0,1467.6820745167975,1.3136288998357963,601,599,8,0,591,594,41550,10,0,0,10,5
2020-11-01,US,Ohio,Cuyahoga,21777,686,0,41.424119,-81.65918339,39035.0,1763.2170432169135,3.1501125040180007,21091,21488,686,0,20802,21266,1243857,289,0,0,289,222
2020-11-01,US,Ohio,Darke,1317,51,0,40.13412966,-84.6194517,39037.0,2576.643906638233,3.87243735763098,1266,1300,51,0,1249,1285,51323,17,0,0,17,15
2020-11-01,US,Ohio,Defiance,607,14,0,41.32398837,-84.49076944,39039.0,1593.719641872555,2.306425041186161,593,586,14,0,572,567,38165,21,0,0,21,19
2020-11-01,US,Ohio,Delaware,3227,28,0,40.27942393,-83.00457058,39041.0,1542.7126309297867,0.8676789587852495,3199,3172,28,0,3144,3147,204826,55,0,0,55,25
2020-11-01,US,Ohio,Erie,1274,54,0,41.36796058,-82.62904521,39043.0,1715.4552554331726,4.23861852433281,1220,1263,54,0,1209,1255,74615,11,0,0,11,8
2020-11-01,US,Ohio,Fairfield,3097,58,0,39.75107189,-82.63088163,39045.0,1965.425768210492,1.8727801097836616,3039,3048,58,0,2990,3002,155782,49,0,0,49,46
2020-11-01,US,Ohio,Fayette,507,10,0,39.56021306,-83.4562016,39047.0,1777.3882559158633,1.9723865877712032,497,498,10,0,488,497,28666,9,0,0,9,1
2020-11-01,US,Ohio,Franklin,34517,643,0,39.96995815,-83.01115755,39049.0,2621.3664490611773,1.8628501897615668,33874,34104,643,0,33461,33858,1310300,413,0,0,413,246
2020-11-01,US,Ohio,Fulton,647,16,0,41.60213491,-84.12571393,39051.0,1535.8685847220245,2.4729520865533234,631,642,16,0,626,632,42276,5,0,0,5,10
2020-11-01,US,Ohio,Gallia,334,13,0,38.82708533,-82.31647569,39053.0,1117.1315807077397,3.8922155688622753,321,334,13,0,321,329,29979,0,0,0,0,5
2020-11-01,US,Ohio,Geauga,991,50,0,41.49952319,-81.17935342,39055.0,1058.206708026781,5.045408678102926,941,980,50,0,930,966,94031,11,0,0,11,14
2020-11-01,US,Ohio,Greene,2828,42,0,39.69116283,-83.89032084,39057.0,1673.9968153808813,1.4851485148514851,2786,2759,42,0,2717,2728,167995,69,0,0,69,31
2020-11-01,US,Ohio,Guernsey,439,8,0,40.05026529,-81.49248905,39059.0,1129.2604501607716,1.8223234624145783,431,431,8,0,423,422,39022,8,0,0,8,9
2020-11-01,US,Ohio,Hamilton,19030,349,0,39.19673558,-84.54502924,39061.0,2327.9056311339946,1.8339464004203891,18681,18758,349,0,18409,18487,816684,272,0,0,272,271
2020-11-01,US,Ohio,Hancock,1284,30,0,41.00250487,-83.66838948,39063.0,1694.3113890978186,2.336448598130841,1254,1265,30,0,1235,1232,75930,19,0,0,19,33
2020-11-01,US,Ohio,Hardin,416,14,0,40.66015414,-83.65929931,39065.0,1326.3191455443964,3.3653846153846154,402,405,14,0,391,402,31480,11,0,0,11,3
2020-11-01,US,Ohio,Harrison,93,3,0,40.29380509,-81.09068544,39067.0,618.3510638297872,3.2258064516129035,90,93,3,0,90,93,15174,0,0,0,0,0
2020-11-01,US,Ohio,Henry,584,17,0,41.333964200000004,-84.06830637,39069.0,2162.482411316004,2.910958904109589,567,574,17,0,557,563,27086,10,0,0,10,11
2020-11-01,US,Ohio,Highland,580,9,0,39.1839264,-83.60331456,39071.0,1343.80575056185,1.5517241379310345,571,569,9,0,560,557,43058,11,0,0,11,12
2020-11-01,US,Ohio,Hocking,249,9,0,39.49537927,-82.47991446,39073.0,880.9793376733653,3.614457831325301,240,241,9,0,232,235,28385,8,0,0,8,6
2020-11-01,US,Ohio,Holmes,929,14,0,40.56163713,-81.92635677,39075.0,2113.2848043676067,1.5069967707212055,915,920,14,0,906,870,43892,9,0,0,9,50
2020-11-01,US,Ohio,Huron,773,16,0,41.14651175,-82.59867951,39077.0,1326.6742182404832,2.069857697283312,757,769,16,0,753,765,58504,4,0,0,4,4
2020-11-01,US,Ohio,Jackson,539,8,0,39.01914254,-82.61818559999998,39079.0,1662.9130287230432,1.4842300556586268,531,537,8,0,529,526,32384,2,0,0,2,11
2020-11-01,US,Ohio,Jefferson,553,4,0,40.38614126,-80.76259514,39081.0,846.5365480290852,0.7233273056057866,549,543,4,0,539,531,65767,10,0,0,10,12
2020-11-01,US,Ohio,Knox,512,17,0,40.39830217,-82.42027563,39083.0,821.5397451943134,3.3203125,495,497,17,0,480,487,61893,15,0,0,15,10
2020-11-01,US,Ohio,Lake,2411,60,0,41.69710807,-81.23676539,39085.0,1047.582218475857,2.488593944421402,2351,2357,60,0,2297,2294,230514,54,0,0,54,63
2020-11-01,US,Ohio,Lawrence,1103,28,0,38.59743452,-82.53466552,39087.0,1854.9350015976322,2.5385312783318223,1075,1090,27,0,1063,1070,59866,13,1,0,12,20
2020-11-01,US,Ohio,Licking,3064,67,0,40.09136236,-82.48185785,39089.0,1732.4241499021834,2.1866840731070503,2997,3007,67,0,2940,2978,175769,57,0,0,57,29
2020-11-01,US,Ohio,Logan,530,3,0,40.38996525,-83.76784341,39091.0,1160.448414783675,0.5660377358490566,527,520,3,0,517,508,45358,10,0,0,10,12
2020-11-01,US,Ohio,Lorain,3146,91,0,41.29553751,-82.15083537,39093.0,1015.3857077845164,2.8925619834710745,3055,3094,91,0,3003,3049,309461,52,0,0,52,45
2020-11-01,US,Ohio,Lucas,9086,378,0,41.62101218,-83.65468618,39095.0,2121.1725045990647,4.160246533127888,8708,8990,378,0,8612,8910,429899,96,0,0,96,80
2020-11-01,US,Ohio,Madison,1129,16,0,39.89381073,-83.40178317,39097.0,2523.976660481545,1.41718334809566,1113,1119,16,0,1103,1112,44413,10,0,0,10,7
2020-11-01,US,Ohio,Mahoning,4090,287,0,41.01631101,-80.77287029,39099.0,1788.5019874673676,7.017114914425428,3803,4042,287,0,3755,4006,229642,48,0,0,48,36
2020-11-01,US,Ohio,Marion,3585,50,0,40.58610662,-83.15736305,39101.0,5507.504647197087,1.3947001394700143,3535,3547,50,0,3497,3546,65256,38,0,0,38,1
2020-11-01,US,Ohio,Medina,2197,44,0,41.11770589,-81.89986209999998,39103.0,1222.280328908571,2.002730996813837,2153,2158,43,0,2115,2126,179146,39,1,0,38,32
2020-11-01,US,Ohio,Meigs,238,12,0,39.09224872,-82.0305041,39105.0,1038.9837167678004,5.042016806722689,226,238,12,0,226,235,23106,0,0,0,0,3
2020-11-01,US,Ohio,Mercer,1761,30,0,40.54043046,-84.62912742,39107.0,4277.178665112212,1.7035775127768311,1731,1752,30,0,1722,1729,40959,9,0,0,9,23
2020-11-01,US,Ohio,Miami,2381,61,0,40.0543329,-84.22871271,39109.0,2225.5040332002955,2.5619487610247798,2320,2335,61,0,2274,2299,106222,46,0,0,46,36
2020-11-01,US,Ohio,Monroe,201,18,0,39.72984936,-81.08464734,39111.0,1472.0960890581516,8.955223880597012,183,196,18,0,178,192,13790,5,0,0,5,4
2020-11-01,US,Ohio,Montgomery,12156,190,0,39.75394919,-84.29050975,39113.0,2286.3075456048387,1.5630141493912468,11966,11889,190,0,11699,11748,532331,267,0,0,267,141
2020-11-01,US,Ohio,Morgan,104,0,0,39.62081738,-81.85308173,39115.0,716.8458781362007,0.0,104,103,0,0,103,100,14604,1,0,0,1,3
2020-11-01,US,Ohio,Morrow,474,2,0,40.52363560000001,-82.7892599,39117.0,1341.7119565217392,0.4219409282700422,472,458,2,0,456,445,35112,16,0,0,16,13
2020-11-01,US,Ohio,Muskingum,1096,4,0,39.96575964,-81.94363275,39119.0,1271.2405033926814,0.36496350364963503,1092,1070,4,0,1066,1038,86183,26,0,0,26,32
2020-11-01,US,Ohio,Noble,239,0,0,39.76818851,-81.45937183,39121.0,1656.9606211869107,0.0,239,230,0,0,230,204,14354,9,0,0,9,26
2020-11-01,US,Ohio,Ottawa,665,30,0,41.53781826,-83.0940185,39123.0,1640.9623689080813,4.511278195488722,635,649,30,0,619,641,40769,16,0,0,16,8
2020-11-01,US,Ohio,Paulding,295,2,0,41.11676341,-84.5801017,39125.0,1579.9057412167954,0.6779661016949152,293,285,2,0,283,280,18760,10,0,0,10,5
2020-11-01,US,Ohio,Perry,432,11,0,39.73508655,-82.23804971,39127.0,1195.5498976033653,2.5462962962962963,421,421,11,0,410,414,36033,11,0,0,11,7
2020-11-01,US,Ohio,Pickaway,3243,46,0,39.64170392,-83.0243386,39129.0,5547.667516294028,1.4184397163120568,3197,3222,46,0,3176,3202,58086,21,0,0,21,20
2020-11-01,US,Ohio,Pike,384,0,0,39.07634001,-83.06769584,39131.0,1382.6875990205965,0.0,384,383,0,0,383,367,28067,1,0,0,1,16
2020-11-01,US,Ohio,Portage,1945,68,0,41.16793482,-81.19735782,39133.0,1197.173562468455,3.4961439588688945,1877,1909,68,0,1841,1871,162927,36,0,0,36,38
2020-11-01,US,Ohio,Preble,798,18,0,39.7420247,-84.64787018,39135.0,1951.959297490338,2.255639097744361,780,763,18,0,745,743,40997,35,0,0,35,20
2020-11-01,US,Ohio,Putnam,1341,28,0,41.02094889,-84.1336111,39137.0,3960.3083193053963,2.087994034302759,1313,1320,28,0,1292,1274,33780,21,0,0,21,46
2020-11-01,US,Ohio,Richland,1646,26,0,40.77180308,-82.53799609999999,39139.0,1358.6014493949851,1.5795868772782502,1620,1605,26,0,1579,1582,121099,41,0,0,41,23
2020-11-01,US,Ohio,Ross,1648,44,0,39.33705391,-83.06000914,39141.0,2149.583909425299,2.66990291262136,1604,1636,44,0,1592,1613,76931,12,0,0,12,23
2020-11-01,US,Ohio,Sandusky,828,22,0,41.35624126,-83.137872,39143.0,1414.9492463857275,2.6570048309178738,806,803,22,0,781,790,58799,25,0,0,25,13
2020-11-01,US,Ohio,Scioto,1057,9,0,38.80270163,-82.98907345,39145.0,1403.4575244974374,0.8514664143803217,1048,1048,9,0,1039,1021,75502,9,0,0,9,27
2020-11-01,US,Ohio,Seneca,735,14,0,41.12351311,-83.12783209,39147.0,1332.0526296712458,1.9047619047619049,721,709,14,0,695,687,55207,26,0,0,26,22
2020-11-01,US,Ohio,Shelby,1093,14,0,40.33163494,-84.20258189,39149.0,2249.434039925911,1.2808783165599271,1079,1072,14,0,1058,1048,48627,21,0,0,21,24
2020-11-01,US,Ohio,Stark,4528,186,0,40.81482476,-81.36437305,39151.0,1221.7827018450862,4.107773851590107,4342,4455,186,0,4269,4344,371574,73,0,0,73,111
2020-11-01,US,Ohio,Summit,7580,272,0,41.12464734,-81.53123079,39153.0,1401.0753900553225,3.588390501319261,7308,7508,272,0,7236,7409,541918,72,0,0,72,99
2020-11-01,US,Ohio,Trumbull,2544,137,0,41.31735028,-80.76109643,39155.0,1285.0172244840232,5.385220125786162,2407,2512,137,0,2375,2487,198627,32,0,0,32,25
2020-11-01,US,Ohio,Tuscarawas,1576,38,0,40.44214695,-81.47226262,39157.0,1713.2855729613964,2.411167512690356,1538,1553,38,0,1515,1521,92176,23,0,0,23,32
2020-11-01,US,Ohio,Union,902,3,0,40.30016061,-83.37239023,39159.0,1529.1245677086865,0.3325942350332594,899,860,3,0,857,852,57835,42,0,0,42,8
2020-11-01,US,Ohio,Van Wert,351,5,0,40.8554138,-84.59111700000003,39161.0,1241.3793103448277,1.4245014245014245,346,344,5,0,339,337,28281,7,0,0,7,7
2020-11-01,US,Ohio,Vinton,129,5,0,39.25208988,-82.4831444,39163.0,985.8616736721435,3.875968992248062,124,128,5,0,123,124,13139,1,0,0,1,4
2020-11-01,US,Ohio,Warren,4921,67,0,39.42581994,-84.16557457,39165.0,2097.595075915807,1.3615118878276773,4854,4853,67,0,4786,4780,232173,68,0,0,68,73
2020-11-01,US,Ohio,Washington,461,25,0,39.45690571,-81.49121382,39167.0,769.4747208359066,5.422993492407809,436,454,25,0,429,431,60155,7,0,0,7,23
2020-11-01,US,Ohio,Wayne,1858,73,0,40.82925852,-81.88844833,39169.0,1605.738484141388,3.928955866523143,1785,1823,73,0,1750,1772,115967,35,0,0,35,51
2020-11-01,US,Ohio,Williams,452,4,0,41.56052014,-84.58429552,39171.0,1231.8761582906354,0.8849557522123894,448,435,4,0,431,424,36804,17,0,0,17,11
2020-11-01,US,Ohio,Wood,2808,84,0,41.36224827,-83.62285108,39173.0,2146.5100101668745,2.9914529914529915,2724,2751,84,0,2667,2718,130696,57,0,0,57,33
2020-11-01,US,Ohio,Wyandot,337,13,0,40.84339621,-83.30734173,39175.0,1547.8596362300202,3.8575667655786345,324,331,13,0,318,325,21935,6,0,0,6,6
2020-11-01,US,Oklahoma,Adair,855,11,0,35.88494195,-94.65859267,40001.0,3852.3925385239254,1.286549707602339,844,850,11,0,839,832,22082,5,0,0,5,18
2020-11-01,US,Oklahoma,Alfalfa,132,0,0,36.73090616,-98.32408495,40003.0,2314.977200982112,0.0,132,130,0,0,130,127,5754,2,0,0,2,3
2020-11-01,US,Oklahoma,Atoka,467,1,0,34.37366573,-96.03802487,40005.0,3394.3887192905945,0.21413276231263384,466,466,1,0,465,462,13838,1,0,0,1,4
2020-11-01,US,Oklahoma,Beaver,99,1,0,36.7496847,-100.4758872,40007.0,1864.055733383544,1.0101010101010102,98,94,1,0,93,93,5319,5,0,0,5,1
2020-11-01,US,Oklahoma,Beckham,949,11,0,35.26862449,-99.68128023,40009.0,4341.461183036736,1.1591148577449948,938,937,11,0,926,925,21709,12,0,0,12,12
2020-11-01,US,Oklahoma,Blaine,225,1,0,35.87518314,-98.43307003,40011.0,2386.255170219536,0.4444444444444444,224,219,1,0,218,216,9485,6,0,0,6,3
2020-11-01,US,Oklahoma,Bryan,1655,14,0,33.96472458,-96.25903472,40013.0,3448.2758620689656,0.8459214501510574,1641,1630,14,0,1616,1610,47192,25,0,0,25,20
2020-11-01,US,Oklahoma,Caddo,1187,26,0,35.17364557,-98.37534464,40015.0,4126.973089493081,2.1903959561920807,1161,1179,26,0,1153,1168,28977,8,0,0,8,11
2020-11-01,US,Oklahoma,Canadian,4208,23,0,35.5426055,-97.98465569,40017.0,2837.3767750461884,0.5465779467680608,4185,4163,23,0,4140,4112,144447,45,0,0,45,51
2020-11-01,US,Oklahoma,Carter,924,10,0,34.25103751,-97.28552485,40019.0,1920.5587079877787,1.0822510822510822,914,914,10,0,904,908,48177,10,0,0,10,6
2020-11-01,US,Oklahoma,Cherokee,1439,8,0,35.90692775,-94.99980896,40021.0,2957.4367511354994,0.5559416261292565,1431,1428,8,0,1420,1418,48675,11,0,0,11,10
2020-11-01,US,Oklahoma,Choctaw,488,2,0,34.02807439,-95.54771129,40023.0,3326.063249727372,0.4098360655737705,486,484,2,0,482,466,14668,4,0,0,4,18
2020-11-01,US,Oklahoma,Cimarron,40,0,0,36.74817177,-102.5173885,40025.0,1871.7828731867105,0.0,40,40,0,0,40,40,2153,0,0,0,0,0
2020-11-01,US,Oklahoma,Cleveland,8726,105,0,35.20413532,-97.32519562,40027.0,3072.3837557303514,1.2033004813201926,8621,8622,105,0,8517,8568,281669,104,0,0,104,54
2020-11-01,US,Oklahoma,Coal,119,0,0,34.58840127,-96.29798747,40029.0,2165.605095541401,0.0,119,112,0,0,112,105,5520,7,0,0,7,7
2020-11-01,US,Oklahoma,Comanche,2590,18,0,34.65973764,-98.47195055,40031.0,2144.945299754035,0.6949806949806949,2572,2549,18,0,2531,2509,120422,41,0,0,41,40
2020-11-01,US,Oklahoma,Cotton,110,3,0,34.28845626,-98.37053567,40033.0,1941.404871161313,2.727272727272727,107,109,3,0,106,103,5776,1,0,0,1,6
2020-11-01,US,Oklahoma,Craig,649,2,0,36.76268118,-95.20916602,40035.0,4589.167020223448,0.3081664098613251,647,643,2,0,641,641,14306,6,0,0,6,2
2020-11-01,US,Oklahoma,Creek,1651,39,0,35.90230551,-96.37086028,40037.0,2308.380638125332,2.3622047244094486,1612,1635,39,0,1596,1625,71604,16,0,0,16,10
2020-11-01,US,Oklahoma,Custer,1129,7,0,35.63853802,-99.00170785,40039.0,3892.7007550943013,0.6200177147918512,1122,1125,6,0,1119,1114,29036,4,1,0,3,11
2020-11-01,US,Oklahoma,Delaware,1319,28,0,36.40823634,-94.80325046,40041.0,3066.799972098863,2.122820318423048,1291,1310,28,0,1282,1291,42733,9,0,0,9,19
2020-11-01,US,Oklahoma,Dewey,94,1,0,35.98772922,-99.00730714,40043.0,1921.8973625025562,1.0638297872340423,93,94,1,0,93,94,4894,0,0,0,0,0
2020-11-01,US,Oklahoma,Ellis,30,0,0,36.218019399999996,-99.75324573,40045.0,777.4034724021768,0.0,30,29,0,0,29,26,3952,1,0,0,1,3
2020-11-01,US,Oklahoma,Garfield,2543,28,0,36.3791334,-97.78265517,40047.0,4165.028825995807,1.1010617381046008,2515,2521,28,0,2493,2497,60913,22,0,0,22,24
2020-11-01,US,Oklahoma,Garvin,774,6,0,34.70418038,-97.30811132,40049.0,2793.1146476128606,0.7751937984496124,768,752,6,0,746,721,27811,22,0,0,22,31
2020-11-01,US,Oklahoma,Grady,1692,16,0,35.0167709,-97.88339847,40051.0,3030.4115771751976,0.9456264775413712,1676,1675,16,0,1659,1659,55551,17,0,0,17,16
2020-11-01,US,Oklahoma,Grant,114,2,0,36.796296999999996,-97.78638765,40053.0,2630.9716132010158,1.7543859649122806,112,114,2,0,112,109,4326,0,0,0,0,5
2020-11-01,US,Oklahoma,Greer,159,8,0,34.93535801,-99.56056120000001,40055.0,2783.613445378151,5.031446540880503,151,158,8,0,150,154,5821,1,0,0,1,4
2020-11-01,US,Oklahoma,Harmon,78,0,0,34.7440135,-99.84741652,40057.0,2940.067847719563,0.0,78,76,0,0,76,76,2664,2,0,0,2,0
2020-11-01,US,Oklahoma,Harper,80,2,0,36.78836519,-99.6679804,40059.0,2169.1973969631235,2.5,78,74,2,0,72,74,3797,6,0,0,6,0
2020-11-01,US,Oklahoma,Haskell,404,5,0,35.22257600000001,-95.11513306,40061.0,3199.4931496000627,1.2376237623762376,399,400,5,0,395,395,12668,4,0,0,4,5
2020-11-01,US,Oklahoma,Hughes,422,6,0,35.04912569,-96.24921145,40063.0,3177.950146848408,1.4218009478672986,416,420,6,0,414,413,13335,2,0,0,2,7
2020-11-01,US,Oklahoma,Jackson,1189,14,0,34.58781741,-99.41138784,40065.0,4847.125968202201,1.1774600504625736,1175,1169,13,0,1156,1154,24949,20,1,0,19,15
2020-11-01,US,Oklahoma,Jefferson,90,0,0,34.11130184,-97.83182974,40067.0,1499.5001666111295,0.0,90,89,0,0,89,84,6123,1,0,0,1,5
2020-11-01,US,Oklahoma,Johnston,310,4,0,34.31440473,-96.66011537,40069.0,2796.5719440685607,1.2903225806451613,306,308,4,0,304,306,10949,2,0,0,2,2
2020-11-01,US,Oklahoma,Kay,920,16,0,36.81799745,-97.14421435,40071.0,2113.0966052643666,1.7391304347826086,904,907,16,0,891,903,44161,13,0,0,13,4
2020-11-01,US,Oklahoma,Kingfisher,591,3,0,35.94530008,-97.94193268,40073.0,3748.8106565176013,0.5076142131979695,588,589,3,0,586,575,15816,2,0,0,2,14
2020-11-01,US,Oklahoma,Kiowa,191,3,0,34.91671958,-98.97720696,40075.0,2193.385392742306,1.5706806282722514,188,182,3,0,179,181,8729,9,0,0,9,1
2020-11-01,US,Oklahoma,Latimer,231,2,0,34.87844729,-95.25215049,40077.0,2293.259207783183,0.8658008658008658,229,228,2,0,226,216,10231,3,0,0,3,12
2020-11-01,US,Oklahoma,Le Flore,1749,24,0,34.89851864,-94.70392124,40079.0,3508.3144444667328,1.37221269296741,1725,1737,24,0,1713,1712,49980,12,0,0,12,25
2020-11-01,US,Oklahoma,Lincoln,836,22,0,35.70270942,-96.8812462,40081.0,2396.995154399748,2.631578947368421,814,822,22,0,800,812,34920,14,0,0,14,10
2020-11-01,US,Oklahoma,Logan,907,2,0,35.91899576,-97.44352845,40083.0,1889.1504030326385,0.2205071664829107,905,890,2,0,888,881,47291,17,0,0,17,9
2020-11-01,US,Oklahoma,Love,292,1,0,33.95273467,-97.23906784,40085.0,2847.9469423583337,0.3424657534246575,291,290,1,0,289,285,10134,2,0,0,2,5
2020-11-01,US,Oklahoma,Major,204,2,0,36.31149996,-98.53467076,40093.0,2674.0070782540306,0.9803921568627452,202,192,2,0,190,189,7644,12,0,0,12,3
2020-11-01,US,Oklahoma,Marshall,295,2,0,34.02311222,-96.76855464,40095.0,1742.366074065324,0.6779661016949152,293,294,2,0,292,287,16806,1,0,0,1,7
2020-11-01,US,Oklahoma,Mayes,1018,15,0,36.30179091,-95.23175116,40097.0,2476.8856447688563,1.4734774066797642,1003,1013,15,0,998,998,41107,5,0,0,5,15
2020-11-01,US,Oklahoma,McClain,1416,14,0,35.01123903,-97.44572302,40087.0,3498.542274052478,0.9887005649717514,1402,1386,13,0,1373,1367,39985,30,1,0,29,19
2020-11-01,US,Oklahoma,McCurtain,1671,41,0,34.11664328,-94.77222373,40089.0,5089.546783625731,2.453620586475165,1630,1657,41,0,1616,1653,32703,14,0,0,14,4
2020-11-01,US,Oklahoma,McIntosh,526,10,0,35.37235506,-95.66599306,40091.0,2684.221269646867,1.9011406844106464,516,522,10,0,512,523,19815,4,0,0,4,-1
2020-11-01,US,Oklahoma,Murray,337,3,0,34.48116015,-97.06826283,40099.0,2394.6564343068285,0.8902077151335311,334,331,3,0,328,325,13953,6,0,0,6,6
2020-11-01,US,Oklahoma,Muskogee,2461,28,0,35.61318461,-95.37802952,40101.0,3619.277321058282,1.1377488825680615,2433,2432,28,0,2404,2398,68362,29,0,0,29,34
2020-11-01,US,Oklahoma,Noble,205,3,0,36.38953329,-97.22928674,40103.0,1841.7033510017068,1.4634146341463414,202,199,3,0,196,190,11289,6,0,0,6,9
2020-11-01,US,Oklahoma,Nowata,272,4,0,36.79843529,-95.61902331,40105.0,2699.483922191345,1.4705882352941178,268,269,4,0,265,264,10218,3,0,0,3,5
2020-11-01,US,Oklahoma,Okfuskee,582,8,0,35.46485198,-96.32639984,40107.0,4852.830817977153,1.3745704467353952,574,573,8,0,565,567,12098,9,0,0,9,6
2020-11-01,US,Oklahoma,Oklahoma,24869,232,0,35.55140095,-97.40716948,40109.0,3118.62799930778,0.9328883348747437,24637,24607,231,0,24376,24468,792582,262,1,0,261,139
2020-11-01,US,Oklahoma,Okmulgee,1313,14,0,35.64661916,-95.96432828,40111.0,3413.4927856492914,1.0662604722010662,1299,1294,13,0,1281,1272,38335,19,1,0,18,22
2020-11-01,US,Oklahoma,Osage,1427,15,0,36.62888819,-96.39635704,40113.0,3038.5622724272303,1.051156271899089,1412,1411,15,0,1396,1396,47014,16,0,0,16,15
2020-11-01,US,Oklahoma,Ottawa,1300,19,0,36.83532655,-94.81011909,40115.0,4176.438461785589,1.4615384615384617,1281,1290,18,0,1272,1271,31175,10,1,0,9,19
2020-11-01,US,Oklahoma,Pawnee,349,5,0,36.31743373,-96.70331759999999,40117.0,2131.167562286273,1.4326647564469914,344,345,5,0,340,343,16390,4,0,0,4,2
2020-11-01,US,Oklahoma,Payne,2917,14,0,36.07695283,-96.97584944,40119.0,3566.7123153673087,0.4799451491258142,2903,2882,14,0,2868,2841,82040,35,0,0,35,41
2020-11-01,US,Oklahoma,Pittsburg,1303,21,0,34.92065823,-95.75134320000001,40121.0,2984.835295734641,1.6116653875671527,1282,1298,21,0,1277,1288,43877,5,0,0,5,10
2020-11-01,US,Oklahoma,Pontotoc,877,5,0,34.72959848,-96.68337199,40123.0,2290.774213770766,0.5701254275940707,872,869,5,0,864,848,38247,8,0,0,8,21
2020-11-01,US,Oklahoma,Pottawatomie,2326,15,0,35.20614018,-96.94923008,40125.0,3204.209830284329,0.6448839208942391,2311,2310,14,0,2296,2293,72679,16,1,0,15,17
2020-11-01,US,Oklahoma,Pushmataha,298,6,0,34.41635232,-95.37603505,40127.0,2685.6524873828407,2.0134228187919465,292,295,6,0,289,286,11179,3,0,0,3,9
2020-11-01,US,Oklahoma,Roger Mills,92,4,0,35.68711719,-99.69666167,40129.0,2567.680714485068,4.3478260869565215,88,91,4,0,87,91,3656,1,0,0,1,0
2020-11-01,US,Oklahoma,Rogers,2608,55,0,36.37004357,-95.60406759,40131.0,2820.7097199839927,2.1088957055214723,2553,2554,55,0,2499,2519,91984,54,0,0,54,35
2020-11-01,US,Oklahoma,Seminole,847,6,0,35.16478725,-96.61686741,40133.0,3491.6316266798576,0.7083825265643447,841,834,6,0,828,831,24578,13,0,0,13,3
2020-11-01,US,Oklahoma,Sequoyah,1302,14,0,35.49447108,-94.75463785,40135.0,3132.1417402391203,1.075268817204301,1288,1286,14,0,1272,1273,41179,16,0,0,16,13
2020-11-01,US,Oklahoma,Stephens,813,8,0,34.48556989,-97.85141892,40137.0,1884.4308462554761,0.9840098400984009,805,805,8,0,797,772,43265,8,0,0,8,33
2020-11-01,US,Oklahoma,Texas,1849,10,0,36.74777635,-101.4889765,40139.0,9252.864935194915,0.5408328826392644,1839,1836,10,0,1826,1826,20455,13,0,0,13,10
2020-11-01,US,Oklahoma,Tillman,160,4,0,34.37288446,-98.92426619,40141.0,2206.8965517241377,2.5,156,152,4,0,148,151,7348,8,0,0,8,1
2020-11-01,US,Oklahoma,Tulsa,22742,214,0,36.11939621,-95.94013939,40143.0,3490.4351456215313,0.940990238325565,22528,22535,214,0,22321,22312,648360,207,0,0,207,223
2020-11-01,US,Oklahoma,Unassigned,3,0,0,0.0,0.0,90040.0,0.0,0.0,3,5,0,0,5,5,,-2,0,0,-2,0
2020-11-01,US,Oklahoma,Wagoner,1995,31,0,35.96024096,-95.51911308,40145.0,2454.2065962184306,1.5538847117794483,1964,1985,31,0,1954,1972,80110,10,0,0,10,13
2020-11-01,US,Oklahoma,Washington,1397,42,0,36.71380786,-95.90514104,40147.0,2711.199953422477,3.0064423765211163,1355,1376,42,0,1334,1361,51843,21,0,0,21,15
2020-11-01,US,Oklahoma,Washita,193,0,0,35.29071824,-98.99180434,40149.0,1768.0469036277027,0.0,193,192,0,0,192,189,11127,1,0,0,1,3
2020-11-01,US,Oklahoma,Woods,190,0,0,36.76705782,-98.86573064,40151.0,2160.8097350164903,0.0,190,187,0,0,187,187,8897,3,0,0,3,0
2020-11-01,US,Oklahoma,Woodward,1297,6,0,36.42316318,-99.26283045,40153.0,6417.297511256246,0.4626060138781804,1291,1292,5,0,1287,1279,20222,5,1,0,4,13
2020-11-01,US,Oregon,Baker,144,3,0,44.70915557,-117.6749883,41001.0,893.0786405358473,2.083333333333333,141,144,3,0,141,143,16006,0,0,0,0,1
2020-11-01,US,Oregon,Benton,465,6,0,44.49167306,-123.4316987,41003.0,499.71521605966484,1.2903225806451613,459,464,6,0,458,464,92101,1,0,0,1,0
2020-11-01,US,Oregon,Clackamas,3383,67,0,45.18787398,-122.2179634,41005.0,808.9682366979365,1.9804906887378064,3316,3350,66,0,3284,3309,416075,33,1,0,32,41
2020-11-01,US,Oregon,Clatsop,257,0,0,45.99712889,-123.660711,41007.0,638.9220365950678,0.0,257,254,0,0,254,251,39764,3,0,0,3,3
2020-11-01,US,Oregon,Columbia,280,2,0,45.94464254,-123.08908980000001,41009.0,534.8206440768613,0.7142857142857143,278,274,2,0,272,275,52377,6,0,0,6,-1
2020-11-01,US,Oregon,Coos,271,1,0,43.17406868,-124.0594514,41011.0,420.23973824181616,0.3690036900369004,270,266,1,0,265,262,64389,5,0,0,5,4
2020-11-01,US,Oregon,Crook,116,4,0,44.14230227,-120.356297,41013.0,475.3319128011801,3.4482758620689653,112,116,3,0,113,116,23867,0,1,0,-1,0
2020-11-01,US,Oregon,Curry,62,2,0,42.45911325,-124.15728200000001,41015.0,270.44711014176664,3.2258064516129035,60,60,2,0,58,58,22813,2,0,0,2,2
2020-11-01,US,Oregon,Deschutes,1267,13,0,43.91570171,-121.2289121,41017.0,640.8959391376485,1.0260457774269929,1254,1240,13,0,1227,1209,191996,27,0,0,27,31
2020-11-01,US,Oregon,Douglas,384,8,0,43.27941273,-123.16729099999999,41019.0,346.0082897819426,2.083333333333333,376,376,8,0,368,373,110283,8,0,0,8,3
2020-11-01,US,Oregon,Gilliam,17,0,0,45.37160076,-120.20488689999999,41021.0,889.121338912134,0.0,17,17,0,0,17,12,1894,0,0,0,0,5
2020-11-01,US,Oregon,Grant,14,0,0,44.49024544,-119.0068631,41023.0,194.4714543686623,0.0,14,12,0,0,12,12,7176,2,0,0,2,0
2020-11-01,US,Oregon,Harney,39,0,0,43.06422669,-118.96663059999999,41025.0,527.5260381441905,0.0,39,39,0,0,39,37,7329,0,0,0,0,2
2020-11-01,US,Oregon,Hood River,290,1,0,45.51872811,-121.65520359999998,41027.0,1240.2702933880764,0.3448275862068966,289,288,1,0,287,286,23428,2,0,0,2,2
2020-11-01,US,Oregon,Jackson,1911,7,0,42.43201126,-122.72893090000001,41029.0,864.9250488811646,0.3663003663003663,1904,1876,7,0,1869,1865,219564,35,0,0,35,11
2020-11-01,US,Oregon,Jefferson,611,10,0,44.62806839,-121.17832,41031.0,2477.89763971125,1.6366612111292962,601,611,10,0,601,609,24192,0,0,0,0,2
2020-11-01,US,Oregon,Josephine,277,3,0,42.3665549,-123.5561938,41033.0,316.61846902968443,1.083032490974729,274,277,3,0,274,273,87393,0,0,0,0,4
2020-11-01,US,Oregon,Klamath,437,3,0,42.68762984,-121.64964609999998,41035.0,640.4056390867257,0.6864988558352403,434,433,3,0,430,431,67653,4,0,0,4,2
2020-11-01,US,Oregon,Lake,47,0,0,42.79246693,-120.38501629999999,41037.0,597.280467657898,0.0,47,47,0,0,47,47,7879,0,0,0,0,0
2020-11-01,US,Oregon,Lane,2596,28,0,43.93727035,-122.847753,41039.0,679.4619791816617,1.078582434514638,2568,2564,28,0,2536,2501,379611,32,0,0,32,63
2020-11-01,US,Oregon,Lincoln,521,13,0,44.64252874,-123.86991200000001,41041.0,1042.7925223169611,2.4952015355086368,508,519,13,0,506,519,49388,2,0,0,2,0
2020-11-01,US,Oregon,Linn,890,17,0,44.48899494,-122.53731540000001,41043.0,685.9397760291023,1.9101123595505616,873,881,17,0,864,863,127335,9,0,0,9,18
2020-11-01,US,Oregon,Malheur,1985,38,0,43.1937027,-117.62273950000001,41045.0,6493.0816787151225,1.9143576826196476,1947,1977,38,0,1939,1967,30725,8,0,0,8,10
2020-11-01,US,Oregon,Marion,6252,112,0,44.90287942,-122.58151170000001,41047.0,1797.4917916841564,1.7914267434420983,6140,6121,112,0,6009,6068,346868,131,0,0,131,53
2020-11-01,US,Oregon,Morrow,559,7,0,45.41846568,-119.584546,41049.0,4817.719555287426,1.2522361359570662,552,557,7,0,550,554,11372,2,0,0,2,3
2020-11-01,US,Oregon,Multnomah,9894,172,0,45.54747959,-122.4169351,41051.0,1217.1912579734394,1.7384273296947643,9722,9780,173,0,9607,9653,811880,114,-1,0,115,127
2020-11-01,US,Oregon,Polk,695,15,0,44.90322804,-123.4128888,41053.0,807.3415809955278,2.1582733812949644,680,690,15,0,675,675,85234,5,0,0,5,15
2020-11-01,US,Oregon,Sherman,21,0,0,45.41501554,-120.6827834,41055.0,1179.7752808988764,0.0,21,21,0,0,21,22,1708,0,0,0,0,-1
2020-11-01,US,Oregon,Tillamook,77,0,0,45.46248721,-123.712066,41057.0,284.8054445923953,0.0,77,77,0,0,77,75,26787,0,0,0,0,2
2020-11-01,US,Oregon,Umatilla,3481,45,0,45.59073056,-118.7353826,41059.0,4465.683130211674,1.292731973570813,3436,3476,45,0,3431,3461,77516,5,0,0,5,15
2020-11-01,US,Oregon,Union,494,2,0,45.30915495,-118.0068979,41061.0,1840.879448481461,0.4048582995951417,492,493,2,0,491,487,26461,1,0,0,1,6
2020-11-01,US,Oregon,Wallowa,56,2,0,45.57894064,-117.18353799999998,41063.0,776.9145394006662,3.571428571428572,54,55,2,0,53,51,7081,1,0,0,1,4
2020-11-01,US,Oregon,Wasco,362,16,0,45.16292781,-121.16709540000001,41065.0,1356.7198860655126,4.419889502762431,346,358,16,0,342,352,26505,4,0,0,4,6
2020-11-01,US,Oregon,Washington,6230,79,0,45.55972701,-123.0955257,41067.0,1035.585579595473,1.2680577849117174,6151,6170,78,0,6092,6082,597695,60,1,0,59,88
2020-11-01,US,Oregon,Wheeler,1,0,0,44.72698162,-120.02814270000002,41069.0,75.07507507507508,0.0,1,1,0,0,1,1,1366,0,0,0,0,0
2020-11-01,US,Oregon,Yamhill,1043,15,0,45.23330449,-123.3086963,41071.0,973.8562091503267,1.4381591562799616,1028,1037,15,0,1022,1025,107002,6,0,0,6,12
2020-11-01,US,Pennsylvania,Adams,1184,31,0,39.87140411,-77.21610347,42001.0,1149.4141288625265,2.6182432432432434,1153,1179,31,0,1148,1158,102811,5,0,0,5,21
2020-11-01,US,Pennsylvania,Allegheny,15940,419,0,40.46809875,-79.98167747,42003.0,1310.8067546842426,2.628607277289837,15521,15796,419,0,15377,15622,1218452,144,0,0,144,174
2020-11-01,US,Pennsylvania,Armstrong,786,21,0,40.81665618,-79.46290811,42005.0,1214.180891326176,2.6717557251908395,765,769,21,0,748,739,65263,17,0,0,17,30
2020-11-01,US,Pennsylvania,Beaver,2343,140,0,40.6825484,-80.34921611,42007.0,1429.2773090789303,5.975245411865131,2203,2325,140,0,2185,2302,164742,18,0,0,18,23
2020-11-01,US,Pennsylvania,Bedford,462,7,0,40.00522157,-78.48998442,42009.0,964.7510858670233,1.5151515151515151,455,447,7,0,440,414,48176,15,0,0,15,33
2020-11-01,US,Pennsylvania,Berks,9648,425,0,40.41570541,-75.92457766,42011.0,2290.794084964527,4.405058043117744,9223,9562,425,0,9137,9481,420152,86,0,0,86,81
2020-11-01,US,Pennsylvania,Blair,1456,32,0,40.47961444,-78.34917412,42013.0,1195.1177470060495,2.1978021978021984,1424,1376,32,0,1344,1306,122492,80,0,0,80,70
2020-11-01,US,Pennsylvania,Bradford,895,15,0,41.78869215,-76.51570822,42015.0,1483.6795252225518,1.675977653631285,880,862,15,0,847,833,60833,33,0,0,33,29
2020-11-01,US,Pennsylvania,Bucks,10513,626,0,40.33682119,-75.10836643,42017.0,1673.3251627485001,5.954532483591744,9887,10445,626,0,9819,10337,628195,68,0,0,68,108
2020-11-01,US,Pennsylvania,Butler,1892,28,0,40.91152759,-79.91351055,42019.0,1007.1705003380304,1.4799154334038056,1864,1840,28,0,1812,1794,187888,52,0,0,52,46
2020-11-01,US,Pennsylvania,Cambria,1225,9,0,40.49527404,-78.71377428,42021.0,940.9180287575273,0.7346938775510204,1216,1203,9,0,1194,1165,131730,22,0,0,22,38
2020-11-01,US,Pennsylvania,Cameron,10,0,0,41.43625568,-78.20376845,42023.0,224.870699347875,0.0,10,10,0,0,10,9,4492,0,0,0,0,1
2020-11-01,US,Pennsylvania,Carbon,616,31,0,40.91545395,-75.7068525,42025.0,959.770652207784,5.032467532467534,585,611,31,0,580,604,64227,5,0,0,5,7
2020-11-01,US,Pennsylvania,Centre,4292,19,0,40.92058903,-77.82200624,42027.0,2643.1012716691807,0.4426840633737186,4273,4272,18,0,4254,4226,162805,20,1,0,19,46
2020-11-01,US,Pennsylvania,Chester,8198,381,0,39.97291773,-75.74768357,42029.0,1561.5565278510596,4.6474749939009525,7817,8198,381,0,7817,8198,522046,0,0,0,0,0
2020-11-01,US,Pennsylvania,Clarion,245,4,0,41.19265812,-79.42413524,42031.0,637.3900827306311,1.6326530612244898,241,244,4,0,240,233,38779,1,0,0,1,11
2020-11-01,US,Pennsylvania,Clearfield,502,7,0,41.00110782,-78.47592663,42033.0,633.3985237524446,1.3944223107569722,495,497,7,0,490,488,79388,5,0,0,5,9
2020-11-01,US,Pennsylvania,Clinton,282,7,0,41.23255967,-77.63785995,42035.0,729.9647960240216,2.482269503546099,275,277,7,0,270,275,38684,5,0,0,5,2
2020-11-01,US,Pennsylvania,Columbia,1079,43,0,41.04821986,-76.40565017,42037.0,1660.9198940951912,3.985171455050973,1036,1074,42,0,1032,1067,65456,5,1,0,4,7
2020-11-01,US,Pennsylvania,Crawford,585,3,0,41.68447709,-80.10760592,42039.0,691.2524075671463,0.5128205128205128,582,571,3,0,568,561,85063,14,0,0,14,10
2020-11-01,US,Pennsylvania,Cumberland,2566,81,0,40.1625372,-77.26130755,42041.0,1012.7481548723213,3.156664068589244,2485,2554,81,0,2473,2526,251423,12,0,0,12,28
2020-11-01,US,Pennsylvania,Dauphin,4998,196,0,40.41377078,-76.77993242,42043.0,1795.9101541866842,3.92156862745098,4802,4960,196,0,4764,4898,277097,38,0,0,38,62
2020-11-01,US,Pennsylvania,Delaware,14001,771,0,39.91680171,-75.40243663,42045.0,2470.414488299012,5.50674951789158,13230,13888,771,0,13117,13754,564751,113,0,0,113,134
2020-11-01,US,Pennsylvania,Elk,198,2,0,41.42822061,-78.64524744,42047.0,661.9859578736209,1.0101010101010102,196,177,2,0,175,177,30169,21,0,0,21,0
2020-11-01,US,Pennsylvania,Erie,2261,40,0,41.99253829,-80.03301954,42049.0,838.2518685490567,1.7691287041132242,2221,2223,40,0,2183,2181,272061,38,0,0,38,42
2020-11-01,US,Pennsylvania,Fayette,1074,15,0,39.92041012,-79.64291195,42051.0,830.7935083620837,1.3966480446927374,1059,1061,15,0,1046,1051,130441,13,0,0,13,10
2020-11-01,US,Pennsylvania,Forest,19,1,0,41.51095103,-79.23229292,42053.0,262.17745273906445,5.2631578947368425,18,19,1,0,18,19,7279,0,0,0,0,0
2020-11-01,US,Pennsylvania,Franklin,2329,55,0,39.92956518,-77.72157791,42055.0,1502.3189508924252,2.3615285530270502,2274,2306,55,0,2251,2269,154835,23,0,0,23,37
2020-11-01,US,Pennsylvania,Fulton,95,4,0,39.92913544,-78.11163677,42057.0,653.819683413627,4.2105263157894735,91,94,4,0,90,88,14523,1,0,0,1,6
2020-11-01,US,Pennsylvania,Greene,268,1,0,39.85746531,-80.22357106,42059.0,739.6572185576683,0.373134328358209,267,263,1,0,262,256,36506,5,0,0,5,7
2020-11-01,US,Pennsylvania,Huntingdon,1041,19,0,40.42162652,-77.97673273,42061.0,2305.954279638491,1.8251681075888568,1022,1017,19,0,998,1005,45168,24,0,0,24,12
2020-11-01,US,Pennsylvania,Indiana,1222,17,0,40.65241041,-79.08963285,42063.0,1453.4987451381535,1.391162029459902,1205,1197,17,0,1180,1170,84501,25,0,0,25,27
2020-11-01,US,Pennsylvania,Jefferson,226,4,0,41.12913106,-78.9986361,42065.0,520.4375359815774,1.7699115044247788,222,217,4,0,213,202,43641,9,0,0,9,15
2020-11-01,US,Pennsylvania,Juniata,248,8,0,40.53358749,-77.39975129999998,42067.0,1001.4941646811777,3.2258064516129035,240,244,8,0,236,243,24704,4,0,0,4,1
2020-11-01,US,Pennsylvania,Lackawanna,3875,219,0,41.43564672,-75.60379201,42069.0,1848.1070614382327,5.651612903225807,3656,3846,219,0,3627,3817,210793,29,0,0,29,29
2020-11-01,US,Pennsylvania,Lancaster,9929,479,0,40.03904563,-76.24770128,42071.0,1819.4178742367933,4.824252190552926,9450,9877,479,0,9398,9764,543557,52,0,0,52,113
2020-11-01,US,Pennsylvania,Lawrence,957,35,0,40.99206278,-80.33393706,42073.0,1119.141173168678,3.657262277951933,922,947,35,0,912,914,86184,10,0,0,10,33
2020-11-01,US,Pennsylvania,Lebanon,3215,67,0,40.36680311,-76.45651841,42075.0,2267.389786519786,2.08398133748056,3148,3193,67,0,3126,3132,141314,22,0,0,22,61
2020-11-01,US,Pennsylvania,Lehigh,6863,366,0,40.6154815,-75.59435245,42077.0,1858.2901456197642,5.33294477633688,6497,6811,366,0,6445,6698,368100,52,0,0,52,113
2020-11-01,US,Pennsylvania,Luzerne,5624,206,0,41.17823008,-75.98447579,42079.0,1771.8017623504727,3.6628733997155045,5418,5545,206,0,5339,5467,317646,79,0,0,79,78
2020-11-01,US,Pennsylvania,Lycoming,1004,32,0,41.34310539,-77.06629984,42081.0,886.1508045084247,3.187250996015936,972,995,32,0,963,988,113664,9,0,0,9,7
2020-11-01,US,Pennsylvania,McKean,162,2,0,41.80938602,-78.56478358,42083.0,398.76923076923083,1.2345679012345678,160,158,2,0,156,157,40968,4,0,0,4,1
2020-11-01,US,Pennsylvania,Mercer,1146,27,0,41.30248872,-80.25816981,42085.0,1047.3022371691768,2.356020942408377,1119,1137,27,0,1110,1101,110683,9,0,0,9,36
2020-11-01,US,Pennsylvania,Mifflin,457,4,0,40.61116939,-77.61070738,42087.0,990.5067406476223,0.8752735229759301,453,436,4,0,432,426,46222,21,0,0,21,10
2020-11-01,US,Pennsylvania,Monroe,2081,135,0,41.05934058,-75.34031025,42089.0,1222.1693653058944,6.487265737626141,1946,2069,135,0,1934,2042,169507,12,0,0,12,27
2020-11-01,US,Pennsylvania,Montgomery,14421,895,0,40.21053671,-75.36652296,42091.0,1735.5565852102802,6.206227030025658,13526,14301,895,0,13406,14157,828604,120,0,0,120,144
2020-11-01,US,Pennsylvania,Montour,311,11,0,41.03023987,-76.66345939,42093.0,1705.9791552386178,3.536977491961415,300,309,11,0,298,306,18240,2,0,0,2,3
2020-11-01,US,Pennsylvania,Northampton,5619,315,0,40.75182733,-75.30471829,42095.0,1840.5752002227425,5.605979711692472,5304,5568,315,0,5253,5481,304807,51,0,0,51,87
2020-11-01,US,Pennsylvania,Northumberland,1594,112,0,40.84785433,-76.70798222,42097.0,1754.6756491969659,7.026348808030112,1482,1585,112,0,1473,1571,91083,9,0,0,9,14
2020-11-01,US,Pennsylvania,Perry,382,6,0,40.40206612,-77.26297447,42099.0,825.5532503457815,1.5706806282722514,376,379,6,0,373,370,46139,3,0,0,3,9
2020-11-01,US,Pennsylvania,Philadelphia,44505,1875,0,40.00338507,-75.1379271,42101.0,2809.545573916205,4.213009774182676,42630,44505,1875,0,42630,44505,1584138,0,0,0,0,0
2020-11-01,US,Pennsylvania,Pike,634,23,0,41.33155042,-75.03208106,42103.0,1136.0174882187462,3.6277602523659302,611,633,23,0,610,629,55933,1,0,0,1,4
2020-11-01,US,Pennsylvania,Potter,60,1,0,41.74471626,-77.89559864,42105.0,363.06426237444015,1.6666666666666667,59,60,1,0,59,58,16622,0,0,0,0,2
2020-11-01,US,Pennsylvania,Schuylkill,2188,97,0,40.70497338,-76.2150785,42107.0,1547.8321153941386,4.43327239488117,2091,2152,97,0,2055,2110,142067,36,0,0,36,42
2020-11-01,US,Pennsylvania,Snyder,511,18,0,40.77129231,-77.06840691,42109.0,1265.7287228772416,3.522504892367906,493,505,18,0,487,501,40540,6,0,0,6,4
2020-11-01,US,Pennsylvania,Somerset,474,3,0,39.97172723,-79.02699593,42111.0,645.3633232126568,0.6329113924050633,471,461,3,0,458,449,73952,13,0,0,13,12
2020-11-01,US,Pennsylvania,Sullivan,21,1,0,41.44634738,-76.51246591,42113.0,346.19188921859535,4.761904761904762,20,20,1,0,19,20,6071,1,0,0,1,0
2020-11-01,US,Pennsylvania,Susquehanna,420,28,0,41.82147784,-75.80071959,42115.0,1041.4600277722677,6.666666666666668,392,416,28,0,388,413,40589,4,0,0,4,3
2020-11-01,US,Pennsylvania,Tioga,253,3,0,41.77255149,-77.25433032,42117.0,623.2908772880688,1.1857707509881423,250,241,3,0,238,230,40763,12,0,0,12,11
2020-11-01,US,Pennsylvania,Union,745,11,0,40.96188846,-77.05996014,42119.0,1658.3932506733747,1.4765100671140938,734,726,11,0,715,714,44785,19,0,0,19,12
2020-11-01,US,Pennsylvania,Venango,297,1,0,41.40323442,-79.75845449,42121.0,586.1687850319728,0.3367003367003367,296,288,1,0,287,279,51266,9,0,0,9,9
2020-11-01,US,Pennsylvania,Warren,71,1,0,41.81304978,-79.26969577,42123.0,181.1640427649205,1.4084507042253518,70,71,1,0,70,71,39498,0,0,0,0,0
2020-11-01,US,Pennsylvania,Washington,2153,37,0,40.19208869,-80.24582867,42125.0,1040.7753849128658,1.718532280538783,2116,2136,37,0,2099,2098,207346,17,0,0,17,38
2020-11-01,US,Pennsylvania,Wayne,294,12,0,41.64938475,-75.29956506,42127.0,572.4187613169526,4.081632653061225,282,293,12,0,281,291,51276,1,0,0,1,2
2020-11-01,US,Pennsylvania,Westmoreland,4538,104,0,40.31377979999999,-79.46615476,42129.0,1300.6629425707727,2.2917584839136182,4434,4472,103,0,4369,4402,350611,66,1,0,65,70
2020-11-01,US,Pennsylvania,Wyoming,171,8,0,41.51955538,-76.01074915,42131.0,638.2025826677616,4.678362573099415,163,162,8,0,154,144,27046,9,0,0,9,18
2020-11-01,US,Pennsylvania,York,6742,207,0,39.9210089,-76.73040131,42133.0,1501.3650797892474,3.070305547315337,6535,6716,207,0,6509,6630,448273,26,0,0,26,86
2020-11-01,US,Puerto Rico,Adjuntas,196,0,0,18.180117000000006,-66.754367,72001.0,1006.0052353333676,0.0,196,194,0,0,194,192,,2,0,0,2,2
2020-11-01,US,Puerto Rico,Aguada,462,0,0,18.360255,-67.17513100000001,72003.0,1101.0748587907242,0.0,462,458,0,0,458,451,,4,0,0,4,7
2020-11-01,US,Puerto Rico,Aguadilla,634,0,0,18.459681,-67.12081500000001,72005.0,1040.213949367504,0.0,634,620,0,0,620,608,,14,0,0,14,12
2020-11-01,US,Puerto Rico,Aguas Buenas,386,0,0,18.251619,-66.126806,72007.0,1346.8718378170904,0.0,386,385,0,0,385,385,,1,0,0,1,0
2020-11-01,US,Puerto Rico,Aibonito,220,0,0,18.131361,-66.264131,72009.0,849.4208494208493,0.0,220,220,0,0,220,219,,0,0,0,0,1
2020-11-01,US,Puerto Rico,Anasco,303,0,0,18.287985,-67.120611,72011.0,1035.508014080175,0.0,303,302,0,0,302,300,,1,0,0,1,2
2020-11-01,US,Puerto Rico,Arecibo,1123,0,0,18.406631,-66.675077,72013.0,1164.4545831605146,0.0,1123,1117,0,0,1117,1107,,6,0,0,6,10
2020-11-01,US,Puerto Rico,Arroyo,205,0,0,17.998457000000005,-66.056546,72015.0,1047.2541507024266,0.0,205,205,0,0,205,205,,0,0,0,0,0
2020-11-01,US,Puerto Rico,Barceloneta,325,0,0,18.445532999999998,-66.56053100000001,72017.0,1309.638942617666,0.0,325,322,0,0,322,322,,3,0,0,3,0
2020-11-01,US,Puerto Rico,Barranquitas,640,0,0,18.201592,-66.30963,72019.0,2110.957187149548,0.0,640,635,0,0,635,634,,5,0,0,5,1
2020-11-01,US,Puerto Rico,Bayamon,5062,0,0,18.34946,-66.168435,72021.0,2432.297372619116,0.0,5062,5042,0,0,5042,5015,,20,0,0,20,27
2020-11-01,US,Puerto Rico,Cabo Rojo,540,0,0,18.040993,-67.154391,72023.0,1060.5495217707248,0.0,540,529,0,0,529,527,,11,0,0,11,2
2020-11-01,US,Puerto Rico,Caguas,2293,0,0,18.211615,-66.050779,72025.0,1604.6972209975297,0.0,2293,2263,0,0,2263,2247,,30,0,0,30,16
2020-11-01,US,Puerto Rico,Camuy,393,0,0,18.418578,-66.860206,72027.0,1117.7792314912256,0.0,393,392,0,0,392,388,,1,0,0,1,4
2020-11-01,US,Puerto Rico,Canovanas,956,0,0,18.328802,-65.887612,72029.0,2006.380120886501,0.0,956,952,0,0,952,946,,4,0,0,4,6
2020-11-01,US,Puerto Rico,Carolina,4165,0,0,18.374986,-65.95683100000001,72031.0,2356.275670110092,0.0,4165,4145,0,0,4145,4120,,20,0,0,20,25
2020-11-01,US,Puerto Rico,Catano,623,0,0,18.437269,-66.14330600000001,72033.0,2213.9303482587065,0.0,623,618,0,0,618,615,,5,0,0,5,3
2020-11-01,US,Puerto Rico,Cayey,541,0,0,18.102851,-66.14914,72035.0,1124.296016126686,0.0,541,533,0,0,533,524,,8,0,0,8,9
2020-11-01,US,Puerto Rico,Ceiba,208,0,0,18.251818,-65.666416,72037.0,1525.9335338566505,0.0,208,203,0,0,203,199,,5,0,0,5,4
2020-11-01,US,Puerto Rico,Ciales,352,0,0,18.28885,-66.516475,72039.0,1874.134809924396,0.0,352,352,0,0,352,349,,0,0,0,0,3
2020-11-01,US,Puerto Rico,Cidra,451,0,0,18.173559,-66.161179,72041.0,1037.2585096596135,0.0,451,450,0,0,450,448,,1,0,0,1,2
2020-11-01,US,Puerto Rico,Coamo,434,0,0,18.097597,-66.36014,72043.0,1071.2875197472354,0.0,434,431,0,0,431,427,,3,0,0,3,4
2020-11-01,US,Puerto Rico,Comerio,295,0,0,18.224687,-66.221622,72045.0,1419.7709115410528,0.0,295,293,0,0,293,293,,2,0,0,2,0
2020-11-01,US,Puerto Rico,Corozal,914,0,0,18.304264,-66.327738,72047.0,2460.8260190619785,0.0,914,907,0,0,907,905,,7,0,0,7,2
2020-11-01,US,Puerto Rico,Culebra,23,0,0,18.31586,-65.28813000000001,72049.0,1265.1265126512649,0.0,23,23,0,0,23,23,,0,0,0,0,0
2020-11-01,US,Puerto Rico,Dorado,1158,0,0,18.436115,-66.278669,72051.0,3034.193632909734,0.0,1158,1150,0,0,1150,1139,,8,0,0,8,11
2020-11-01,US,Puerto Rico,Fajardo,759,0,0,18.318373,-65.666866,72053.0,2051.7395182872438,0.0,759,754,0,0,754,750,,5,0,0,5,4
2020-11-01,US,Puerto Rico,Florida,401,0,0,18.373715,-66.560488,72054.0,3162.4605678233447,0.0,401,398,0,0,398,398,,3,0,0,3,0
2020-11-01,US,Puerto Rico,Guanica,173,0,0,17.982429,-66.91964300000001,72055.0,890.5132032737941,0.0,173,169,0,0,169,166,,4,0,0,4,3
2020-11-01,US,Puerto Rico,Guayama,389,0,0,18.007516,-66.13390799999999,72057.0,857.5459635818527,0.0,389,388,0,0,388,386,,1,0,0,1,2
2020-11-01,US,Puerto Rico,Guayanilla,260,0,0,18.039942,-66.79186,72059.0,1204.7634493304295,0.0,260,260,0,0,260,259,,0,0,0,0,1
2020-11-01,US,Puerto Rico,Guaynabo,2373,0,0,18.345114000000002,-66.11452299999999,72061.0,2423.3078714104818,0.0,2373,2356,0,0,2356,2346,,17,0,0,17,10
2020-11-01,US,Puerto Rico,Gurabo,794,0,0,18.266461,-65.97970500000001,72063.0,1750.093676298795,0.0,794,789,0,0,789,787,,5,0,0,5,2
2020-11-01,US,Puerto Rico,Hatillo,452,0,0,18.410928,-66.79632600000001,72065.0,1077.3961337687413,0.0,452,449,0,0,449,444,,3,0,0,3,5
2020-11-01,US,Puerto Rico,Hormigueros,224,0,0,18.134532,-67.113972,72067.0,1298.5507246376812,0.0,224,223,0,0,223,222,,1,0,0,1,1
2020-11-01,US,Puerto Rico,Humacao,816,0,0,18.145211,-65.810174,72069.0,1395.6829610371842,0.0,816,813,0,0,813,808,,3,0,0,3,5
2020-11-01,US,Puerto Rico,Isabela,405,0,0,18.44981,-67.005093,72071.0,887.5545133790622,0.0,405,400,0,0,400,394,,5,0,0,5,6
2020-11-01,US,Puerto Rico,Jayuya,292,0,0,18.211446,-66.58878,72073.0,1754.596803268838,0.0,292,292,0,0,292,290,,0,0,0,0,2
2020-11-01,US,Puerto Rico,Juana Diaz,464,0,0,18.050764,-66.49458100000001,72075.0,580.7477126800756,0.0,464,459,0,0,459,458,,5,0,0,5,1
2020-11-01,US,Puerto Rico,Juncos,615,0,0,18.223793,-65.909109,72077.0,1526.433358153388,0.0,615,611,0,0,611,603,,4,0,0,4,8
2020-11-01,US,Puerto Rico,Lajas,222,0,0,18.011661,-67.040585,72079.0,862.0354910107561,0.0,222,220,0,0,220,219,,2,0,0,2,1
2020-11-01,US,Puerto Rico,Lares,458,0,0,18.269035000000002,-66.867236,72081.0,1489.2855981530258,0.0,458,457,0,0,457,453,,1,0,0,1,4
2020-11-01,US,Puerto Rico,Las Marias,130,0,0,18.23679,-66.98362,72083.0,1315.656310090072,0.0,130,130,0,0,130,130,,0,0,0,0,0
2020-11-01,US,Puerto Rico,Las Piedras,708,0,0,18.187527,-65.86946800000001,72085.0,1830.6399482870072,0.0,708,702,0,0,702,702,,6,0,0,6,0
2020-11-01,US,Puerto Rico,Loiza,388,0,0,18.425688,-65.89943000000001,72087.0,1290.7518296739854,0.0,388,387,0,0,387,383,,1,0,0,1,4
2020-11-01,US,Puerto Rico,Luquillo,334,0,0,18.342114000000002,-65.72509699999999,72089.0,1664.3412397847321,0.0,334,332,0,0,332,332,,2,0,0,2,0
2020-11-01,US,Puerto Rico,Manati,772,0,0,18.420473,-66.490461,72091.0,1750.051005372566,0.0,772,767,0,0,767,765,,5,0,0,5,2
2020-11-01,US,Puerto Rico,Maricao,96,0,0,18.171795,-66.942126,72093.0,1529.6367112810708,0.0,96,96,0,0,96,96,,0,0,0,0,0
2020-11-01,US,Puerto Rico,Maunabo,177,0,0,18.017889,-65.922235,72095.0,1447.8527607361966,0.0,177,176,0,0,176,176,,1,0,0,1,0
2020-11-01,US,Puerto Rico,Mayaguez,1028,0,0,18.2013,-67.1452,72097.0,1154.0188594521778,0.0,1028,1015,0,0,1015,1015,,13,0,0,13,0
2020-11-01,US,Puerto Rico,Moca,480,0,0,18.377805,-67.080952,72099.0,1196.7388865341945,0.0,480,476,0,0,476,473,,4,0,0,4,3
2020-11-01,US,Puerto Rico,Morovis,621,0,0,18.316963,-66.420383,72101.0,1904.323827046918,0.0,621,621,0,0,621,615,,0,0,0,0,6
2020-11-01,US,Puerto Rico,Naguabo,396,0,0,18.230636999999998,-65.753897,72103.0,1482.0359281437127,0.0,396,393,0,0,393,391,,3,0,0,3,2
2020-11-01,US,Puerto Rico,Naranjito,862,0,0,18.288019,-66.252703,72105.0,2835.339780277613,0.0,862,851,0,0,851,846,,11,0,0,11,5
2020-11-01,US,Puerto Rico,Orocovis,441,0,0,18.215046,-66.433604,72107.0,1882.7648038253,0.0,441,438,0,0,438,438,,3,0,0,3,0
2020-11-01,US,Puerto Rico,Out of PR,804,0,0,0.0,0.0,72888.0,0.0,0.0,804,804,0,0,804,804,,0,0,0,0,0
2020-11-01,US,Puerto Rico,Patillas,212,0,0,18.03174,-66.012242,72109.0,1099.7561861285471,0.0,212,205,0,0,205,205,,7,0,0,7,0
2020-11-01,US,Puerto Rico,Penuelas,157,0,0,18.059645,-66.721572,72111.0,646.5694753315212,0.0,157,156,0,0,156,155,,1,0,0,1,1
2020-11-01,US,Puerto Rico,Ponce,1284,0,0,18.059498,-66.613748,72113.0,771.9732815477944,0.0,1284,1269,0,0,1269,1262,,15,0,0,15,7
2020-11-01,US,Puerto Rico,Quebradillas,278,0,0,18.439692,-66.926113,72115.0,1072.5722442995486,0.0,278,277,0,0,277,275,,1,0,0,1,2
2020-11-01,US,Puerto Rico,Rincon,243,0,0,18.335442999999998,-67.23174,72117.0,1598.6842105263156,0.0,243,243,0,0,243,243,,0,0,0,0,0
2020-11-01,US,Puerto Rico,Rio Grande,885,0,0,18.346329,-65.813742,72119.0,1629.7142015321156,0.0,885,874,0,0,874,868,,11,0,0,11,6
2020-11-01,US,Puerto Rico,Sabana Grande,242,0,0,18.08282,-66.943758,72121.0,957.8468236691077,0.0,242,241,0,0,241,241,,1,0,0,1,0
2020-11-01,US,Puerto Rico,Salinas,563,0,0,18.010386999999994,-66.256592,72123.0,1811.5708861574105,0.0,563,554,0,0,554,553,,9,0,0,9,1
2020-11-01,US,Puerto Rico,San German,338,0,0,18.111484,-67.03858100000001,72125.0,951.3890843583753,0.0,338,328,0,0,328,328,,10,0,0,10,0
2020-11-01,US,Puerto Rico,San Juan,10677,0,0,18.386933,-66.061128,72127.0,2700.8089526112626,0.0,10677,10604,0,0,10604,10552,,73,0,0,73,52
2020-11-01,US,Puerto Rico,San Lorenzo,738,0,0,18.147987,-65.976392,72129.0,1797.4572555896536,0.0,738,736,0,0,736,732,,2,0,0,2,4
2020-11-01,US,Puerto Rico,San Sebastian,774,0,0,18.328646,-66.971214,72131.0,1824.181004006599,0.0,774,770,0,0,770,761,,4,0,0,4,9
2020-11-01,US,Puerto Rico,Santa Isabel,267,0,0,17.994525,-66.388913,72133.0,1147.2028873420986,0.0,267,258,0,0,258,255,,9,0,0,9,3
2020-11-01,US,Puerto Rico,Toa Alta,1811,0,0,18.362406,-66.246616,72135.0,2445.116517700429,0.0,1811,1786,0,0,1786,1766,,25,0,0,25,20
2020-11-01,US,Puerto Rico,Toa Baja,2043,0,0,18.431445999999998,-66.213553,72137.0,2279.9049202647057,0.0,2043,2020,0,0,2020,2009,,23,0,0,23,11
2020-11-01,US,Puerto Rico,Trujillo Alto,1619,0,0,18.336159,-65.99888399999999,72139.0,2163.223858261404,0.0,1619,1613,0,0,1613,1606,,6,0,0,6,7
2020-11-01,US,Puerto Rico,Unassigned,1311,832,0,0.0,0.0,72999.0,0.0,63.46300533943555,479,1293,822,0,471,1285,,18,10,0,8,8
2020-11-01,US,Puerto Rico,Utuado,271,0,0,18.271214,-66.702984,72141.0,817.5208905246011,0.0,271,268,0,0,268,266,,3,0,0,3,2
2020-11-01,US,Puerto Rico,Vega Alta,996,0,0,18.409346,-66.33725,72143.0,2493.0539911391456,0.0,996,989,0,0,989,986,,7,0,0,7,3
2020-11-01,US,Puerto Rico,Vega Baja,1250,0,0,18.428262,-66.397924,72145.0,2095.1359324192954,0.0,1250,1249,0,0,1249,1240,,1,0,0,1,9
2020-11-01,US,Puerto Rico,Vieques,105,0,0,18.123276,-65.44097099999999,72147.0,1128.9108697989466,0.0,105,104,0,0,104,104,,1,0,0,1,0
2020-11-01,US,Puerto Rico,Villalba,265,0,0,18.127951,-66.473115,72149.0,1016.3770950792008,0.0,265,250,0,0,250,247,,15,0,0,15,3
2020-11-01,US,Puerto Rico,Yabucoa,490,0,0,18.070399,-65.896289,72151.0,1291.4788750955431,0.0,490,487,0,0,487,486,,3,0,0,3,1
2020-11-01,US,Puerto Rico,Yauco,606,0,0,18.080374,-66.858814,72153.0,1441.3814428085532,0.0,606,587,0,0,587,581,,19,0,0,19,6
2020-11-01,US,Rhode Island,Bristol,558,19,0,41.71018079,-71.28652315,44001.0,1151.0138410445759,3.4050179211469533,539,558,19,0,539,558,48649,0,0,0,0,0
2020-11-01,US,Rhode Island,Kent,2566,121,0,41.67106337,-71.57641596,44003.0,1561.8532856134198,4.715510522213561,2445,2566,121,0,2445,2566,163861,0,0,0,0,0
2020-11-01,US,Rhode Island,Newport,678,10,0,41.5642026,-71.26569799,44005.0,826.0032650276552,1.4749262536873156,668,678,10,0,668,678,82542,0,0,0,0,0
2020-11-01,US,Rhode Island,Providence,23320,951,0,41.87064746,-71.57753536,44007.0,3649.8463840383392,4.078044596912521,22369,23320,951,0,22369,23320,636084,0,0,0,0,0
2020-11-01,US,Rhode Island,Unassigned,4417,22,0,0.0,0.0,90044.0,0.0,0.49807561693457103,4395,4417,22,0,4395,4417,,0,0,0,0,0
2020-11-01,US,Rhode Island,Washington,1335,78,0,41.45961631,-71.61435303,44009.0,1063.0927638022886,5.842696629213482,1257,1335,78,0,1257,1335,126179,0,0,0,0,0
2020-11-01,US,South Carolina,Abbeville,805,17,0,34.22333378,-82.46170658,45001.0,3282.0972805479673,2.111801242236025,788,801,17,0,784,789,24541,4,0,0,4,12
2020-11-01,US,South Carolina,Aiken,5140,87,0,33.54338026,-81.63645384,45003.0,3008.099630132497,1.6926070038910506,5053,5111,87,0,5024,5075,169401,29,0,0,29,36
2020-11-01,US,South Carolina,Allendale,424,7,0,32.98837386,-81.35321066,45005.0,4880.294659300183,1.650943396226415,417,424,7,0,417,425,8903,0,0,0,0,-1
2020-11-01,US,South Carolina,Anderson,6051,209,0,34.51828081,-82.63959517,45007.0,2987.292528559721,3.453974549661213,5842,5954,209,0,5745,5901,200482,97,0,0,97,53
2020-11-01,US,South Carolina,Bamberg,699,34,0,33.21927586,-81.05659969,45009.0,4969.429830797668,4.8640915593705305,665,697,34,0,663,695,14275,2,0,0,2,2
2020-11-01,US,South Carolina,Barnwell,887,25,0,33.26679302,-81.43584352,45011.0,4250.934534649669,2.818489289740699,862,884,25,0,859,877,21112,3,0,0,3,7
2020-11-01,US,South Carolina,Beaufort,6214,93,0,32.39226291,-80.72619758,45013.0,3234.403139671667,1.496620534277438,6121,6188,93,0,6095,6174,188715,26,0,0,26,14
2020-11-01,US,South Carolina,Berkeley,6232,95,0,33.20222596,-79.94654523,45015.0,2734.448700566459,1.5243902439024388,6137,6204,95,0,6109,6182,221091,28,0,0,28,22
2020-11-01,US,South Carolina,Calhoun,515,18,0,33.66926881,-80.77722168,45017.0,3538.789253074968,3.4951456310679614,497,515,18,0,497,516,14520,0,0,0,0,-1
2020-11-01,US,South Carolina,Charleston,17480,279,0,32.82487866,-79.96512315,45019.0,4248.844207425269,1.5961098398169336,17201,17384,279,0,17105,17313,405905,96,0,0,96,71
2020-11-01,US,South Carolina,Cherokee,1558,52,0,35.05122251,-81.61828622,45021.0,2719.022687609075,3.337612323491656,1506,1549,52,0,1497,1536,57078,9,0,0,9,13
2020-11-01,US,South Carolina,Chester,1265,28,0,34.69249168,-81.1583216,45023.0,3923.210519786627,2.2134387351778657,1237,1253,28,0,1225,1250,32251,12,0,0,12,3
2020-11-01,US,South Carolina,Chesterfield,1513,46,0,34.64137396,-80.15640140000002,45025.0,3314.348302300109,3.0403172504957037,1467,1503,46,0,1457,1495,45754,10,0,0,10,8
2020-11-01,US,South Carolina,Clarendon,1195,68,0,33.66610974,-80.21647898,45027.0,3541.2653726478,5.690376569037657,1127,1184,68,0,1116,1182,33700,11,0,0,11,2
2020-11-01,US,South Carolina,Colleton,1292,49,0,32.87582989,-80.67641292,45029.0,3429.1477559253663,3.792569659442724,1243,1279,49,0,1230,1278,37660,13,0,0,13,1
2020-11-01,US,South Carolina,Darlington,2556,67,0,34.33358335,-79.96027485,45031.0,3836.800864631181,2.621283255086072,2489,2533,67,0,2466,2524,66802,23,0,0,23,9
2020-11-01,US,South Carolina,Dillon,1336,48,0,34.39007791,-79.37741872,45033.0,4383.345910298895,3.5928143712574854,1288,1324,48,0,1276,1312,30599,12,0,0,12,12
2020-11-01,US,South Carolina,Dorchester,4918,102,0,33.0794369,-80.40502652,45035.0,3020.7175279007915,2.0740138267588453,4816,4887,102,0,4785,4860,160647,31,0,0,31,27
2020-11-01,US,South Carolina,Edgefield,939,23,0,33.77221995,-81.96231108,45037.0,3444.607483492297,2.4494142705005326,916,932,23,0,909,929,27052,7,0,0,7,3
2020-11-01,US,South Carolina,Fairfield,875,40,0,34.39287073,-81.1195624,45039.0,3915.5143867185748,4.571428571428571,835,871,40,0,831,869,22402,4,0,0,4,2
2020-11-01,US,South Carolina,Florence,5720,203,0,34.02361754,-79.70189312,45041.0,4136.145719595353,3.5489510489510487,5517,5683,203,0,5480,5658,138159,37,0,0,37,25
2020-11-01,US,South Carolina,Georgetown,2403,56,0,33.43443342,-79.33202141,45043.0,3833.758774728781,2.330420307948398,2347,2388,56,0,2332,2373,62249,15,0,0,15,15
2020-11-01,US,South Carolina,Greenville,18207,353,0,34.89502264,-82.37295012,45045.0,3477.6579529436035,1.938814741582908,17854,18021,353,0,17668,17894,514213,186,0,0,186,127
2020-11-01,US,South Carolina,Greenwood,2604,76,0,34.15272415,-82.12715789,45047.0,3677.3947550521807,2.9185867895545314,2528,2593,76,0,2517,2584,70741,11,0,0,11,9
2020-11-01,US,South Carolina,Hampton,772,31,0,32.77419582,-81.13845571,45049.0,4016.231401519093,4.015544041450777,741,770,31,0,739,767,19351,2,0,0,2,3
2020-11-01,US,South Carolina,Horry,12640,233,0,33.9212828,-78.99555293,45051.0,3569.8046492186822,1.8433544303797469,12407,12591,233,0,12358,12552,344147,49,0,0,49,39
2020-11-01,US,South Carolina,Jasper,943,23,0,32.43171982,-81.02487495,45053.0,3135.7031224021557,2.4390243902439024,920,936,23,0,913,932,28971,7,0,0,7,4
2020-11-01,US,South Carolina,Kershaw,2535,49,0,34.33988254,-80.58763164,45055.0,3809.108803774549,1.9329388560157792,2486,2521,49,0,2472,2514,65592,14,0,0,14,7
2020-11-01,US,South Carolina,Lancaster,2658,62,0,34.68270843,-80.70513032,45057.0,2711.9128270007755,2.332580887885628,2596,2622,62,0,2560,2610,95380,36,0,0,36,12
2020-11-01,US,South Carolina,Laurens,1973,62,0,34.48244419,-82.00490796,45059.0,2923.2661164861547,3.1424227065382664,1911,1960,62,0,1898,1952,66994,13,0,0,13,8
2020-11-01,US,South Carolina,Lee,795,36,0,34.16393091,-80.25690731,45061.0,4724.269075350606,4.528301886792453,759,794,36,0,758,789,17142,1,0,0,1,5
2020-11-01,US,South Carolina,Lexington,9265,214,0,33.89665987,-81.27146426,45063.0,3101.255230125523,2.3097679438747982,9051,9163,214,0,8949,9096,295032,102,0,0,102,67
2020-11-01,US,South Carolina,Marion,1170,44,0,34.07859748,-79.36400756,45067.0,3816.420393384871,3.7606837606837606,1126,1165,44,0,1121,1164,31039,5,0,0,5,1
2020-11-01,US,South Carolina,Marlboro,1159,14,0,34.59905577,-79.67561152,45069.0,4437.552645684968,1.207937877480587,1145,1148,14,0,1134,1143,26398,11,0,0,11,5
2020-11-01,US,South Carolina,McCormick,283,7,0,33.90161443,-82.30794338,45065.0,2990.5949487477533,2.4734982332155475,276,282,7,0,275,278,9410,1,0,0,1,4
2020-11-01,US,South Carolina,Newberry,1703,54,0,34.28629098,-81.59935761,45071.0,4430.280957336107,3.170874926600117,1649,1682,54,0,1628,1658,38520,21,0,0,21,24
2020-11-01,US,South Carolina,Oconee,2547,34,0,34.75225169,-83.06742317,45073.0,3201.920901113821,1.3349038084020417,2513,2519,34,0,2485,2502,78374,28,0,0,28,17
2020-11-01,US,South Carolina,Orangeburg,3397,131,0,33.4391073,-80.79886287,45075.0,3941.978532056861,3.8563438327936415,3266,3383,131,0,3252,3367,86934,14,0,0,14,16
2020-11-01,US,South Carolina,Pickens,4670,67,0,34.88807695,-82.72791551,45077.0,3680.5270956148934,1.4346895074946466,4603,4626,67,0,4559,4568,124937,44,0,0,44,58
2020-11-01,US,South Carolina,Richland,17654,274,0,34.01791263,-80.90267209,45079.0,4246.209943741446,1.552056191231449,17380,17531,273,0,17258,17455,414576,123,1,0,122,76
2020-11-01,US,South Carolina,Saluda,735,24,0,34.00795823,-81.72713237,45081.0,3590.0942705026127,3.26530612244898,711,731,24,0,707,729,20544,4,0,0,4,2
2020-11-01,US,South Carolina,Spartanburg,9414,238,0,34.92960077,-81.99225984,45083.0,2943.8529011679716,2.5281495644784364,9176,9290,238,0,9052,9189,313888,124,0,0,124,101
2020-11-01,US,South Carolina,Sumter,3619,89,0,33.91826534,-80.37942316,45085.0,3391.085165993572,2.4592428847748,3530,3606,89,0,3517,3593,106512,13,0,0,13,13
2020-11-01,US,South Carolina,Union,796,18,0,34.68835752,-81.61730349,45087.0,2914.043051691317,2.2613065326633164,778,776,18,0,758,770,27410,20,0,0,20,6
2020-11-01,US,South Carolina,Williamsburg,1467,50,0,33.62190129,-79.72767442,45089.0,4830.742887249737,3.4083162917518752,1417,1458,50,0,1408,1456,30606,9,0,0,9,2
2020-11-01,US,South Carolina,York,7000,107,0,34.97281497,-81.18085944,45091.0,2491.289384615932,1.5285714285714285,6893,6896,107,0,6789,6819,274118,104,0,0,104,77
2020-11-01,US,South Dakota,Aurora,205,0,0,43.71757685,-98.56050467,46003.0,7451.835696110506,0.0,205,200,0,0,200,188,2801,5,0,0,5,12
2020-11-01,US,South Dakota,Beadle,1397,15,0,44.41464384,-98.27858469,46005.0,7570.584728770391,1.0737294201861132,1382,1349,15,0,1334,1324,18883,48,0,0,48,25
2020-11-01,US,South Dakota,Bennett,220,5,0,43.19486375,-101.6665572,46007.0,6537.890044576523,2.272727272727273,215,215,5,0,210,204,3468,5,0,0,5,11
2020-11-01,US,South Dakota,Bon Homme,1016,1,0,42.98914167,-97.88592746,46009.0,14722.503984929719,0.0984251968503937,1015,994,1,0,993,969,6980,22,0,0,22,25
2020-11-01,US,South Dakota,Brookings,1545,6,0,44.36974375,-96.79079945,46011.0,4404.595603957009,0.3883495145631068,1539,1522,5,0,1517,1492,35232,23,1,0,22,30
2020-11-01,US,South Dakota,Brown,2220,6,0,45.58994323,-98.35165355,46013.0,5715.9041169958045,0.2702702702702703,2214,2150,6,0,2144,2095,39316,70,0,0,70,55
2020-11-01,US,South Dakota,Brule,317,2,0,43.71756379,-99.08118954,46015.0,5984.519539361903,0.6309148264984227,315,308,2,0,306,298,5229,9,0,0,9,10
2020-11-01,US,South Dakota,Buffalo,272,4,0,44.07657829,-99.20814467,46017.0,13863.404689092762,1.4705882352941178,268,266,4,0,262,261,2036,6,0,0,6,5
2020-11-01,US,South Dakota,Butte,420,3,0,44.90608745,-103.5079318,46019.0,4027.2317575990032,0.7142857142857143,417,408,3,0,405,396,10222,12,0,0,12,12
2020-11-01,US,South Dakota,Campbell,82,1,0,45.77074915,-100.0510181,46021.0,5959.302325581395,1.2195121951219512,81,80,1,0,79,75,1377,2,0,0,2,5
2020-11-01,US,South Dakota,Charles Mix,438,1,0,43.20660134,-98.58856175,46023.0,4713.732242789496,0.22831050228310498,437,421,0,0,421,410,9338,17,1,0,16,11
2020-11-01,US,South Dakota,Clark,145,1,0,44.85834507,-97.72925109,46025.0,3881.156316916488,0.6896551724137931,144,139,0,0,139,131,3739,6,1,0,5,8
2020-11-01,US,South Dakota,Clay,877,8,0,42.91296147,-96.97656917,46027.0,6233.1201137171265,0.9122006841505133,869,865,8,0,857,852,14041,12,0,0,12,13
2020-11-01,US,South Dakota,Codington,1666,15,0,44.97788119,-97.18827677,46029.0,5948.088114534614,0.9003601440576231,1651,1598,15,0,1583,1560,28015,68,0,0,68,38
2020-11-01,US,South Dakota,Corson,238,2,0,45.70889983,-101.1970473,46031.0,5824.7674987763085,0.8403361344537815,236,227,1,0,226,225,4165,11,1,0,10,2
2020-11-01,US,South Dakota,Custer,336,3,0,43.67741105,-103.45345209999999,46033.0,3744.9843958983506,0.8928571428571429,333,332,3,0,329,324,8726,4,0,0,4,8
2020-11-01,US,South Dakota,Davison,1099,10,0,43.67490933,-98.14458906,46035.0,5557.5221238938075,0.9099181073703366,1089,1047,10,0,1037,999,19790,52,0,0,52,48
2020-11-01,US,South Dakota,Day,177,2,0,45.367281,-97.60737498,46037.0,3263.2743362831848,1.1299435028248588,175,172,2,0,170,167,5505,5,0,0,5,5
2020-11-01,US,South Dakota,Deuel,201,1,0,44.75994309,-96.66943645,46039.0,4619.627671799586,0.4975124378109453,200,197,1,0,196,195,4337,4,0,0,4,2
2020-11-01,US,South Dakota,Dewey,404,0,0,45.15639647,-100.8709139,46041.0,6856.754921928038,0.0,404,403,0,0,403,387,5904,1,0,0,1,16
2020-11-01,US,South Dakota,Douglas,180,5,0,43.38520741,-98.36978007,46043.0,6162.273194111605,2.7777777777777777,175,177,4,0,173,169,2935,3,1,0,2,8
2020-11-01,US,South Dakota,Edmunds,154,1,0,45.41846445,-99.21545423,46045.0,4021.937842778793,0.6493506493506493,153,150,1,0,149,147,3875,4,0,0,4,3
2020-11-01,US,South Dakota,Fall River,233,6,0,43.23929297,-103.5275691,46047.0,3470.877402055713,2.5751072961373387,227,228,6,0,222,224,6758,5,0,0,5,4
2020-11-01,US,South Dakota,Faulk,224,2,0,45.07082625,-99.14535601,46049.0,9743.366681165724,0.8928571428571429,222,220,2,0,218,219,2330,4,0,0,4,1
2020-11-01,US,South Dakota,Grant,326,2,0,45.1723937,-96.77002276,46051.0,4622.802041973908,0.6134969325153374,324,313,2,0,311,310,7147,13,0,0,13,3
2020-11-01,US,South Dakota,Gregory,254,10,0,43.19419064,-99.18883902,46053.0,6069.295101553166,3.9370078740157477,244,248,10,0,238,240,4212,6,0,0,6,8
2020-11-01,US,South Dakota,Haakon,104,2,0,44.29299053,-101.539099,46055.0,5476.566614007373,1.9230769230769231,102,102,2,0,100,101,1918,2,0,0,2,1
2020-11-01,US,South Dakota,Hamlin,225,0,0,44.67385954,-97.18829593,46057.0,3650.227125243349,0.0,225,211,0,0,211,204,6111,14,0,0,14,7
2020-11-01,US,South Dakota,Hand,150,1,0,44.54708407,-99.00386459,46059.0,4700.720777185835,0.6666666666666666,149,146,1,0,145,137,3262,4,0,0,4,9
2020-11-01,US,South Dakota,Hanson,110,1,0,43.6746384,-97.78715148,46061.0,3185.6356791196063,0.9090909090909092,109,107,1,0,106,99,3376,3,0,0,3,8
2020-11-01,US,South Dakota,Harding,58,0,0,45.58015551,-103.4958629,46063.0,4468.4129429892155,0.0,58,57,0,0,57,56,1249,1,0,0,1,1
2020-11-01,US,South Dakota,Hughes,921,8,0,44.39091534,-99.99661148,46065.0,5255.049640534064,0.8686210640608035,913,888,8,0,880,875,17650,33,0,0,33,13
2020-11-01,US,South Dakota,Hutchinson,252,2,0,43.33449012,-97.75536441,46067.0,3456.316006034837,0.7936507936507936,250,245,2,0,243,240,7380,7,0,0,7,5
2020-11-01,US,South Dakota,Hyde,51,0,0,44.54747703,-99.48572582,46069.0,3920.061491160646,0.0,51,48,0,0,48,46,1282,3,0,0,3,2
2020-11-01,US,South Dakota,Jackson,137,3,0,43.69318385,-101.6255063,46071.0,4096.88995215311,2.18978102189781,134,135,3,0,132,132,3307,2,0,0,2,3
2020-11-01,US,South Dakota,Jerauld,170,13,0,44.06637798,-98.62965972,46073.0,8445.106805762543,7.647058823529411,157,167,12,0,155,164,2043,3,1,0,2,3
2020-11-01,US,South Dakota,Jones,34,0,0,43.96278565,-100.6940008,46075.0,3765.2270210409747,0.0,34,32,0,0,32,32,928,2,0,0,2,0
2020-11-01,US,South Dakota,Kingsbury,221,2,0,44.36956169,-97.4913945,46077.0,4474.5899979752985,0.9049773755656108,219,210,2,0,208,201,4919,11,0,0,11,9
2020-11-01,US,South Dakota,Lake,447,9,0,44.02193107,-97.12926365,46079.0,3493.0061733218718,2.0134228187919465,438,423,9,0,414,403,13057,24,0,0,24,20
2020-11-01,US,South Dakota,Lawrence,1061,6,0,44.35919441,-103.79294279999999,46081.0,4105.4016406129085,0.5655042412818096,1055,1021,6,0,1015,982,25741,40,0,0,40,39
2020-11-01,US,South Dakota,Lincoln,3193,21,0,43.27841182,-96.72039050000001,46083.0,5223.46551498495,0.6576886940181648,3172,3097,20,0,3077,2953,58807,96,1,0,95,144
2020-11-01,US,South Dakota,Lyman,294,6,0,43.89522709,-99.85201878,46085.0,7775.720708807194,2.0408163265306123,288,286,6,0,280,283,3821,8,0,0,8,3
2020-11-01,US,South Dakota,Marshall,65,1,0,45.75870838,-97.59855639,46091.0,1317.1225937183385,1.5384615384615383,64,65,1,0,64,65,5112,0,0,0,0,0
2020-11-01,US,South Dakota,McCook,302,1,0,43.6742571,-97.36863144,46087.0,5406.373075546008,0.3311258278145696,301,282,1,0,281,259,5546,20,0,0,20,23
2020-11-01,US,South Dakota,McPherson,72,0,0,45.76626028,-99.22118798,46089.0,3026.481715006305,0.0,72,72,0,0,72,72,2407,0,0,0,0,0
2020-11-01,US,South Dakota,Meade,1040,10,0,44.56676791,-102.71627409999999,46093.0,3670.760976987152,0.9615384615384616,1030,1015,10,0,1005,995,28294,25,0,0,25,20
2020-11-01,US,South Dakota,Mellette,94,1,0,43.58078848,-100.7563186,46095.0,4560.892770499759,1.0638297872340423,93,90,1,0,89,85,2042,4,0,0,4,5
2020-11-01,US,South Dakota,Miner,148,2,0,44.02197882,-97.60992207,46097.0,6678.70036101083,1.351351351351351,146,145,1,0,144,143,2213,3,1,0,2,2
2020-11-01,US,South Dakota,Minnehaha,12667,111,0,43.67441641,-96.7910885,46099.0,6558.658755061252,0.8762927291387069,12556,12325,111,0,12214,11904,192876,342,0,0,342,421
2020-11-01,US,South Dakota,Moody,240,3,0,44.02266214,-96.67081159,46101.0,3649.6350364963505,1.25,237,236,2,0,234,226,6579,4,1,0,3,10
2020-11-01,US,South Dakota,Oglala Lakota,1051,9,0,43.33749164,-102.55554980000001,46102.0,7413.416096494322,0.8563273073263559,1042,1022,9,0,1013,990,14309,29,0,0,29,32
2020-11-01,US,South Dakota,Pennington,4914,49,0,44.0025835,-102.8240777,46103.0,4319.050758075147,0.9971509971509972,4865,4787,49,0,4738,4633,111729,127,0,0,127,154
2020-11-01,US,South Dakota,Perkins,82,0,0,45.49049506,-102.47555859999999,46105.0,2862.1291448516577,0.0,82,80,0,0,80,81,2922,2,0,0,2,-1
2020-11-01,US,South Dakota,Potter,139,0,0,45.06583079,-99.95498503,46107.0,6456.1077566186705,0.0,139,124,0,0,124,116,2207,15,0,0,15,8
2020-11-01,US,South Dakota,Roberts,388,6,0,45.62975048,-96.94672673,46109.0,3732.922840100058,1.5463917525773196,382,370,5,0,365,362,10447,18,1,0,17,8
2020-11-01,US,South Dakota,Sanborn,115,1,0,44.02351092,-98.09098159999999,46111.0,4906.143344709898,0.8695652173913043,114,114,1,0,113,108,2429,1,0,0,1,6
2020-11-01,US,South Dakota,Spink,315,1,0,44.93837606,-98.34626602,46115.0,4940.401505646173,0.31746031746031744,314,300,1,0,299,285,6495,15,0,0,15,15
2020-11-01,US,South Dakota,Stanley,101,0,0,44.41381872,-100.7349153,46117.0,3260.167850225953,0.0,101,99,0,0,99,99,3022,2,0,0,2,0
2020-11-01,US,South Dakota,Sully,45,0,0,44.71571812,-100.1278092,46119.0,3235.082674335011,0.0,45,44,0,0,44,43,1392,1,0,0,1,1
2020-11-01,US,South Dakota,Todd,511,6,0,43.19338568,-100.71955030000001,46121.0,5021.126068586027,1.1741682974559686,505,508,6,0,502,486,10283,3,0,0,3,22
2020-11-01,US,South Dakota,Tripp,288,2,0,43.34459388,-99.8854891,46123.0,5293.144642528947,0.6944444444444444,286,285,2,0,283,276,5478,3,0,0,3,9
2020-11-01,US,South Dakota,Turner,531,18,0,43.3109081,-97.14865776,46125.0,6333.492366412213,3.3898305084745757,513,516,18,0,498,504,8424,15,0,0,15,12
2020-11-01,US,South Dakota,Union,807,12,0,42.83112163,-96.6557828,46127.0,5065.277429073562,1.4869888475836432,795,790,12,0,778,773,15619,17,0,0,17,17
2020-11-01,US,South Dakota,Walworth,287,10,0,45.43019636,-100.03075140000001,46129.0,5280.588776448943,3.484320557491289,277,280,8,0,272,277,5587,7,2,0,5,3
2020-11-01,US,South Dakota,Yankton,940,6,0,43.00924485,-97.39467635,46135.0,4120.277022880688,0.6382978723404256,934,931,6,0,925,908,22869,9,0,0,9,23
2020-11-01,US,South Dakota,Ziebach,108,2,0,44.97881876,-101.6654622,46137.0,3918.722786647315,1.851851851851852,106,108,2,0,106,100,2742,0,0,0,0,8
2020-11-01,US,Tennessee,Anderson,1869,16,0,36.12684348,-84.19965764,47001.0,2427.9664319675753,0.8560727661851257,1853,1868,16,0,1852,1848,76482,1,0,0,1,20
2020-11-01,US,Tennessee,Bedford,1830,23,0,35.51123746,-86.45549096,47003.0,3681.1296843883893,1.2568306010928962,1807,1822,23,0,1799,1805,49038,8,0,0,8,17
2020-11-01,US,Tennessee,Benton,441,10,0,36.07110411,-88.06849355,47005.0,2728.960396039604,2.2675736961451247,431,440,10,0,430,441,16184,1,0,0,1,-1
2020-11-01,US,Tennessee,Bledsoe,1047,4,0,35.59942968,-85.20611967,47007.0,6950.3451938396165,0.38204393505253104,1043,1045,4,0,1041,1040,14755,2,0,0,2,5
2020-11-01,US,Tennessee,Blount,3602,41,0,35.68938198,-83.92847788,47009.0,2706.479923058428,1.1382565241532483,3561,3595,41,0,3554,3554,131349,7,0,0,7,41
2020-11-01,US,Tennessee,Bradley,3754,24,0,35.15739424,-84.857186,47011.0,3472.389233188419,0.6393180607352158,3730,3753,24,0,3729,3729,106727,1,0,0,1,24
2020-11-01,US,Tennessee,Campbell,1133,13,0,36.40355516,-84.15108559999999,47013.0,2843.732744340144,1.147396293027361,1120,1130,13,0,1117,1116,39583,3,0,0,3,14
2020-11-01,US,Tennessee,Cannon,442,2,0,35.80990797,-86.05738983,47015.0,3011.3094427033657,0.4524886877828054,440,438,2,0,436,436,14462,4,0,0,4,2
2020-11-01,US,Tennessee,Carroll,1192,27,0,35.97366108,-88.45189331,47017.0,4292.865631865164,2.26510067114094,1165,1189,27,0,1162,1181,28020,3,0,0,3,8
2020-11-01,US,Tennessee,Carter,1747,36,0,36.28969086,-82.12588974,47019.0,3098.0120941284968,2.0606754436176304,1711,1745,36,0,1709,1721,56351,2,0,0,2,24
2020-11-01,US,Tennessee,Cheatham,1127,12,0,36.26136216,-87.08903581,47021.0,2771.288759928197,1.064773735581189,1115,1122,12,0,1110,1120,40439,5,0,0,5,2
2020-11-01,US,Tennessee,Chester,754,16,0,35.42527478,-88.6095842,47023.0,4359.137422674452,2.122015915119364,738,750,16,0,734,744,17276,4,0,0,4,6
2020-11-01,US,Tennessee,Claiborne,556,8,0,36.48319149,-83.65947309,47025.0,1739.7290278168905,1.4388489208633093,548,555,8,0,547,549,31756,1,0,0,1,6
2020-11-01,US,Tennessee,Clay,426,16,0,36.55151008,-85.53930419,47027.0,5594.221930400526,3.755868544600939,410,425,16,0,409,422,7717,1,0,0,1,3
2020-11-01,US,Tennessee,Cocke,1178,17,0,35.9278914,-83.11828725,47029.0,3271.858682368625,1.4431239388794568,1161,1173,17,0,1156,1167,35774,5,0,0,5,6
2020-11-01,US,Tennessee,Coffee,2036,28,0,35.49090731,-86.07311784,47031.0,3602.264685067233,1.3752455795677798,2008,2029,28,0,2001,2014,55700,7,0,0,7,15
2020-11-01,US,Tennessee,Crockett,929,23,0,35.81830662,-89.14916269,47033.0,6528.460997891779,2.4757804090419806,906,926,23,0,903,917,14328,3,0,0,3,9
2020-11-01,US,Tennessee,Cumberland,1708,27,0,35.95271721,-84.99840585,47035.0,2822.207534699273,1.5807962529274004,1681,1705,27,0,1678,1698,59673,3,0,0,3,7
2020-11-01,US,Tennessee,Davidson,33119,352,0,36.17007426,-86.78646056,47037.0,4771.200212059744,1.062834022766388,32767,33037,352,0,32685,32908,692587,82,0,0,82,129
2020-11-01,US,Tennessee,DeKalb,793,18,0,35.97616272,-85.83689361,47041.0,3870.180575890679,2.269861286254729,775,792,18,0,774,790,20138,1,0,0,1,2
2020-11-01,US,Tennessee,Decatur,689,11,0,35.60048904,-88.11043779,47039.0,5907.570950870273,1.5965166908563135,678,686,11,0,675,682,11706,3,0,0,3,4
2020-11-01,US,Tennessee,Dickson,1797,20,0,36.14669837,-87.35891709,47043.0,3330.985393341737,1.1129660545353366,1777,1797,20,0,1777,1791,53446,0,0,0,0,6
2020-11-01,US,Tennessee,Dyer,2398,38,0,36.05931946,-89.41542855,47045.0,6453.349121343415,1.58465387823186,2360,2392,38,0,2354,2363,37320,6,0,0,6,29
2020-11-01,US,Tennessee,Fayette,1788,27,0,35.19615831,-89.41399032,47047.0,4346.874772080811,1.5100671140939597,1761,1785,27,0,1758,1774,40507,3,0,0,3,11
2020-11-01,US,Tennessee,Fentress,958,12,0,36.38128818,-84.92870012,47049.0,5171.9483884899855,1.2526096033402925,946,957,12,0,945,948,18217,1,0,0,1,9
2020-11-01,US,Tennessee,Franklin,1357,25,0,35.15634626,-86.09201039,47051.0,3215.030326004549,1.842299189388357,1332,1357,25,0,1332,1351,41890,0,0,0,0,6
2020-11-01,US,Tennessee,Gibson,2244,48,0,35.99438059,-88.93358327,47053.0,4567.195164146297,2.1390374331550803,2196,2241,48,0,2193,2234,49045,3,0,0,3,7
2020-11-01,US,Tennessee,Giles,1027,38,0,35.20222469,-87.03992678,47055.0,3485.6095574260107,3.700097370983447,989,1026,38,0,988,1022,29503,1,0,0,1,4
2020-11-01,US,Tennessee,Grainger,649,4,0,36.27469206,-83.51254721,47057.0,2783.0188679245284,0.6163328197226502,645,649,4,0,645,641,23145,0,0,0,0,8
2020-11-01,US,Tennessee,Greene,1973,55,0,36.17470125,-82.84691273,47059.0,2856.5637261289435,2.787633046122656,1918,1967,55,0,1912,1927,69087,6,0,0,6,40
2020-11-01,US,Tennessee,Grundy,605,13,0,35.38433717,-85.72142731,47061.0,4505.846428837417,2.1487603305785123,592,605,13,0,592,600,13346,0,0,0,0,5
2020-11-01,US,Tennessee,Hamblen,2584,50,0,36.21990035,-83.26586179,47063.0,3979.425262574306,1.9349845201238391,2534,2582,50,0,2532,2569,64569,2,0,0,2,13
2020-11-01,US,Tennessee,Hamilton,12313,111,0,35.17670231,-85.16652245,47065.0,3347.706930865352,0.9014862340615608,12202,12300,111,0,12189,12251,364286,13,0,0,13,49
2020-11-01,US,Tennessee,Hancock,128,3,0,36.52692871,-83.22375847,47067.0,1933.5347432024166,2.34375,125,128,3,0,125,127,6549,0,0,0,0,1
2020-11-01,US,Tennessee,Hardeman,1956,33,0,35.20772017,-88.99161161,47069.0,7808.383233532934,1.6871165644171784,1923,1953,33,0,1920,1939,25220,3,0,0,3,14
2020-11-01,US,Tennessee,Hardin,1453,23,0,35.19732531,-88.18593755,47071.0,5664.275690004678,1.582931865106676,1430,1451,23,0,1428,1444,25776,2,0,0,2,7
2020-11-01,US,Tennessee,Hawkins,1300,29,0,36.44355426,-82.94885298,47073.0,2289.29665762688,2.230769230769231,1271,1299,29,0,1270,1286,56530,1,0,0,1,13
2020-11-01,US,Tennessee,Haywood,1339,28,0,35.58332824,-89.28536625,47075.0,7738.095238095238,2.091112770724421,1311,1338,28,0,1310,1334,17335,1,0,0,1,4
2020-11-01,US,Tennessee,Henderson,1455,26,0,35.65581134,-88.38600175,47077.0,5174.805277945727,1.7869415807560138,1429,1454,26,0,1428,1443,27847,1,0,0,1,11
2020-11-01,US,Tennessee,Henry,860,12,0,36.33160906,-88.30121797,47079.0,2658.834441181017,1.3953488372093024,848,858,12,0,846,845,32358,2,0,0,2,13
2020-11-01,US,Tennessee,Hickman,846,15,0,35.80609681,-87.47643507,47081.0,3360.0762570498055,1.7730496453900708,831,846,15,0,831,841,25063,0,0,0,0,5
2020-11-01,US,Tennessee,Houston,439,17,0,36.28872054,-87.71878828,47083.0,5353.005731008414,3.87243735763098,422,437,17,0,420,431,8263,2,0,0,2,6
2020-11-01,US,Tennessee,Humphreys,472,4,0,36.03958805,-87.77992872,47085.0,2540.0925626950807,0.8474576271186439,468,471,4,0,467,469,18486,1,0,0,1,2
2020-11-01,US,Tennessee,Jackson,484,8,0,36.36380466,-85.67239905,47087.0,4106.56711352452,1.6528925619834711,476,483,8,0,475,477,11758,1,0,0,1,6
2020-11-01,US,Tennessee,Jefferson,1636,24,0,36.04818632,-83.45148924,47089.0,3002.1102853472803,1.4669926650366751,1612,1635,24,0,1611,1622,54012,1,0,0,1,13
2020-11-01,US,Tennessee,Johnson,1222,8,0,36.45523950000001,-81.84886538,47091.0,6869.799865077581,0.6546644844517185,1214,1220,8,0,1212,1211,17778,2,0,0,2,9
2020-11-01,US,Tennessee,Knox,13469,96,0,35.99508821,-83.94635435,47093.0,2863.83748695018,0.7127477912242928,13373,13445,96,0,13349,13301,465289,24,0,0,24,144
2020-11-01,US,Tennessee,Lake,998,4,0,36.34180170000001,-89.48921915,47095.0,14224.629418472063,0.4008016032064128,994,997,4,0,993,992,7411,1,0,0,1,5
2020-11-01,US,Tennessee,Lauderdale,1515,18,0,35.75893438,-89.63015909999999,47097.0,5910.349939531073,1.188118811881188,1497,1513,18,0,1495,1507,25825,2,0,0,2,6
2020-11-01,US,Tennessee,Lawrence,1746,20,0,35.21675201,-87.39787695,47099.0,3955.4166100312627,1.145475372279496,1726,1740,20,0,1720,1732,43734,6,0,0,6,8
2020-11-01,US,Tennessee,Lewis,481,6,0,35.52853208,-87.49022694,47101.0,3920.769481578089,1.2474012474012477,475,472,6,0,466,458,12086,9,0,0,9,14
2020-11-01,US,Tennessee,Lincoln,972,4,0,35.13738622,-86.58910106,47103.0,2828.3768841296637,0.41152263374485604,968,971,4,0,967,951,34117,1,0,0,1,20
2020-11-01,US,Tennessee,Loudon,1714,13,0,35.73939663,-84.31145275,47105.0,3170.0821188133464,0.7584597432905484,1701,1711,13,0,1698,1697,53054,3,0,0,3,14
2020-11-01,US,Tennessee,Macon,1390,25,0,36.53157855,-86.00778595,47111.0,5649.947158767579,1.7985611510791366,1365,1390,25,0,1365,1384,24265,0,0,0,0,6
2020-11-01,US,Tennessee,Madison,3956,81,0,35.61181957,-88.84076036,47113.0,4037.393860222077,2.0475227502527806,3875,3946,81,0,3865,3927,97605,10,0,0,10,19
2020-11-01,US,Tennessee,Marion,835,14,0,35.12997174,-85.62265895,47115.0,2888.573701871519,1.6766467065868262,821,834,14,0,820,826,28575,1,0,0,1,8
2020-11-01,US,Tennessee,Marshall,1221,12,0,35.45798777,-86.76420988,47117.0,3552.0,0.9828009828009828,1209,1213,12,0,1201,1205,33683,8,0,0,8,8
2020-11-01,US,Tennessee,Maury,3661,39,0,35.618741299999996,-87.07462444,47119.0,3798.230051770467,1.0652827096421742,3622,3650,39,0,3611,3630,94340,11,0,0,11,20
2020-11-01,US,Tennessee,McMinn,1744,39,0,35.42812616,-84.61520715,47107.0,3241.997248763804,2.236238532110092,1705,1744,39,0,1705,1729,53285,0,0,0,0,15
2020-11-01,US,Tennessee,McNairy,1171,30,0,35.17468549,-88.5647812,47109.0,4557.484237565191,2.5619128949615715,1141,1170,30,0,1140,1163,25832,1,0,0,1,7
2020-11-01,US,Tennessee,Meigs,339,6,0,35.51558739,-84.81482914,47121.0,2729.029141845113,1.7699115044247788,333,339,6,0,333,339,12306,0,0,0,0,0
2020-11-01,US,Tennessee,Monroe,1546,29,0,35.44550387,-84.24902965,47123.0,3321.516811687615,1.8758085381630007,1517,1546,29,0,1517,1536,46357,0,0,0,0,10
2020-11-01,US,Tennessee,Montgomery,4480,61,0,36.49609412,-87.38550661,47125.0,2143.612465489275,1.3616071428571428,4419,4451,61,0,4390,4428,205950,29,0,0,29,23
2020-11-01,US,Tennessee,Moore,286,2,0,35.27724699,-86.36230578,47127.0,4408.138101109741,0.6993006993006993,284,286,2,0,284,286,6411,0,0,0,0,0
2020-11-01,US,Tennessee,Morgan,463,7,0,36.13248031,-84.64880098,47129.0,2163.248142783722,1.5118790496760257,456,462,7,0,455,458,21579,1,0,0,1,4
2020-11-01,US,Tennessee,Obion,1883,27,0,36.35732446,-89.14921589,47131.0,6262.2634607070395,1.4338821030270843,1856,1883,27,0,1856,1865,30267,0,0,0,0,18
2020-11-01,US,Tennessee,Out of TN,4241,36,0,0.0,0.0,80047.0,0.0,0.8488564017920301,4205,4212,36,0,4176,4304,,29,0,0,29,-92
2020-11-01,US,Tennessee,Overton,1282,25,0,36.34117832,-85.28989535,47133.0,5764.129310732429,1.9500780031201248,1257,1281,25,0,1256,1268,22068,1,0,0,1,13
2020-11-01,US,Tennessee,Perry,355,9,0,35.63708728,-87.86139634,47135.0,4395.740465577019,2.5352112676056344,346,354,9,0,345,350,8064,1,0,0,1,4
2020-11-01,US,Tennessee,Pickett,289,9,0,36.55606529,-85.07763299999998,47137.0,5725.0396196513475,3.1141868512110733,280,289,9,0,280,287,5082,0,0,0,0,2
2020-11-01,US,Tennessee,Polk,542,13,0,35.12245443,-84.52075859,47139.0,3220.0570342205324,2.3985239852398523,529,542,13,0,529,538,16898,0,0,0,0,4
2020-11-01,US,Tennessee,Putnam,4650,59,0,36.14005459,-85.50646123,47141.0,5794.753567200451,1.2688172043010753,4591,4643,59,0,4584,4638,78843,7,0,0,7,5
2020-11-01,US,Tennessee,Rhea,1168,21,0,35.60536161,-84.93076643,47143.0,3521.5726475110805,1.797945205479452,1147,1165,21,0,1144,1151,33044,3,0,0,3,14
2020-11-01,US,Tennessee,Roane,1461,8,0,35.84923189,-84.52458689,47145.0,2736.877599190739,0.5475701574264202,1453,1460,8,0,1452,1447,53140,1,0,0,1,13
2020-11-01,US,Tennessee,Robertson,2712,43,0,36.52454807,-86.87346725,47147.0,3776.475011488171,1.5855457227138643,2669,2705,43,0,2662,2702,71012,7,0,0,7,3
2020-11-01,US,Tennessee,Rutherford,12607,116,0,35.84591405,-86.4107263,47149.0,3794.0322313676506,0.9201237407789324,12491,12528,116,0,12412,12485,324890,79,0,0,79,43
2020-11-01,US,Tennessee,Scott,423,5,0,36.42325673,-84.50360494,47151.0,1916.8026101141925,1.182033096926714,418,422,5,0,417,416,22039,1,0,0,1,6
2020-11-01,US,Tennessee,Sequatchie,370,2,0,35.36979721,-85.41022136,47153.0,2462.3985092506327,0.5405405405405406,368,370,2,0,368,370,14876,0,0,0,0,0
2020-11-01,US,Tennessee,Sevier,3548,23,0,35.78077323,-83.52244332,47155.0,3611.1959287531813,0.6482525366403608,3525,3547,23,0,3524,3534,97892,1,0,0,1,13
2020-11-01,US,Tennessee,Shelby,37762,571,0,35.1864775,-89.89692423,47157.0,4029.382201232225,1.5121021132355277,37191,37715,571,0,37144,37618,935764,47,0,0,47,97
2020-11-01,US,Tennessee,Smith,1046,14,0,36.25359775,-85.95411046,47159.0,5189.264275437813,1.338432122370937,1032,1044,14,0,1030,1040,19942,2,0,0,2,4
2020-11-01,US,Tennessee,Stewart,362,13,0,36.50235092,-87.83920548,47161.0,2639.445862194677,3.591160220994475,349,359,13,0,346,356,13561,3,0,0,3,3
2020-11-01,US,Tennessee,Sullivan,4144,53,0,36.51240691,-82.30412917,47163.0,2617.020739131533,1.278957528957529,4091,4142,53,0,4089,4100,157668,2,0,0,2,42
2020-11-01,US,Tennessee,Sumner,6500,117,0,36.46824103,-86.45917204,47165.0,3398.106470517505,1.8,6383,6459,117,0,6342,6439,187149,41,0,0,41,20
2020-11-01,US,Tennessee,Tipton,2506,23,0,35.501942,-89.73694895,47167.0,4068.247861166578,0.9177972865123704,2483,2503,23,0,2480,2501,61581,3,0,0,3,2
2020-11-01,US,Tennessee,Trousdale,1795,9,0,36.39026213,-86.16087954,47169.0,15907.479617157036,0.5013927576601671,1786,1793,9,0,1784,1794,11012,2,0,0,2,-1
2020-11-01,US,Tennessee,Unassigned,2247,6,0,0.0,0.0,90047.0,0.0,0.26702269692923897,2241,2162,6,0,2156,2304,,85,0,0,85,-142
2020-11-01,US,Tennessee,Unicoi,505,5,0,36.10890856,-82.43709629,47171.0,2823.910976905441,0.99009900990099,500,503,5,0,498,486,17761,2,0,0,2,17
2020-11-01,US,Tennessee,Union,565,4,0,36.28590426,-83.83651902,47173.0,2828.9605447626677,0.7079646017699115,561,563,4,0,559,560,19688,2,0,0,2,3
2020-11-01,US,Tennessee,Van Buren,217,2,0,35.69864497,-85.45221699,47175.0,3695.504087193461,0.9216589861751152,215,217,2,0,215,213,5765,0,0,0,0,4
2020-11-01,US,Tennessee,Warren,1542,11,0,35.672829899999996,-85.77969117,47177.0,3735.736608765172,0.7133592736705577,1531,1538,11,0,1527,1520,40878,4,0,0,4,18
2020-11-01,US,Tennessee,Washington,3948,59,0,36.29472368,-82.49454720000001,47179.0,3051.5942028985505,1.4944275582573454,3889,3940,59,0,3881,3877,128607,8,0,0,8,63
2020-11-01,US,Tennessee,Wayne,1624,7,0,35.23868267,-87.78644456,47181.0,9740.298686499129,0.4310344827586207,1617,1624,7,0,1617,1623,16558,0,0,0,0,1
2020-11-01,US,Tennessee,Weakley,1636,26,0,36.29896232,-88.71990865,47183.0,4908.785405664908,1.5892420537897312,1610,1633,26,0,1607,1619,33415,3,0,0,3,14
2020-11-01,US,Tennessee,White,1273,15,0,35.92929884,-85.45591799,47185.0,4655.330042055221,1.178318931657502,1258,1271,15,0,1256,1266,27107,2,0,0,2,5
2020-11-01,US,Tennessee,Williamson,7582,57,0,35.89099229,-86.89281867,47187.0,3180.20904988004,0.751780532840939,7525,7510,57,0,7453,7496,231729,72,0,0,72,14
2020-11-01,US,Tennessee,Wilson,4999,64,0,36.15496772,-86.29775884,47189.0,3455.760868813815,1.2802560512102419,4935,4959,64,0,4895,4950,140625,40,0,0,40,9
2020-11-01,US,Texas,Anderson,2979,39,0,31.81534745,-95.65354823,48001.0,5159.7817614964915,1.309164149043303,2940,2979,39,0,2940,2970,58057,0,0,0,0,9
2020-11-01,US,Texas,Andrews,667,10,0,32.30468633,-102.63765479999999,48003.0,3565.891472868217,1.4992503748125936,657,667,10,0,657,667,18128,0,0,0,0,0
2020-11-01,US,Texas,Angelina,2317,93,0,31.25457347,-94.60901487,48005.0,2671.971400565069,4.013810962451446,2224,2317,93,0,2224,2317,87092,0,0,0,0,0
2020-11-01,US,Texas,Aransas,351,18,0,28.10556197,-96.9995047,48007.0,1492.9817099106765,5.128205128205129,333,351,18,0,333,351,23792,0,0,0,0,0
2020-11-01,US,Texas,Archer,165,1,0,33.61569967,-98.68754589,48009.0,1929.147667485093,0.6060606060606061,164,165,1,0,164,161,8786,0,0,0,0,4
2020-11-01,US,Texas,Armstrong,27,1,0,34.96507426,-101.35748740000001,48011.0,1430.8426073131955,3.703703703703704,26,27,1,0,26,27,1892,0,0,0,0,0
2020-11-01,US,Texas,Atascosa,1287,37,0,28.89333001,-98.52730485,48013.0,2515.981467362618,2.8749028749028747,1250,1287,37,0,1250,1292,50310,0,0,0,0,-5
2020-11-01,US,Texas,Austin,521,10,0,29.88548725,-96.27736949,48015.0,1734.8161960575387,1.919385796545105,511,517,10,0,507,516,29989,4,0,0,4,1
2020-11-01,US,Texas,Bailey,311,5,0,34.06854817,-102.8299707,48017.0,4442.857142857143,1.6077170418006432,306,311,5,0,306,311,7027,0,0,0,0,0
2020-11-01,US,Texas,Bandera,190,8,0,29.74619598,-99.24598147,48019.0,822.0837660089996,4.2105263157894735,182,190,8,0,182,188,22824,0,0,0,0,2
2020-11-01,US,Texas,Bastrop,2023,32,0,30.10370699,-97.31206354,48021.0,2280.130293159609,1.5818091942659416,1991,2023,32,0,1991,2014,86976,0,0,0,0,9
2020-11-01,US,Texas,Baylor,46,3,0,33.61640794,-99.21352901,48023.0,1310.9147905386149,6.521739130434782,43,46,3,0,43,44,3582,0,0,0,0,2
2020-11-01,US,Texas,Bee,1868,39,0,28.41761668,-97.74215593,48025.0,5736.219867956395,2.08779443254818,1829,1865,39,0,1826,1870,32587,3,0,0,3,-5
2020-11-01,US,Texas,Bell,6560,100,0,31.03736027,-97.4785025,48027.0,1807.540972765648,1.5243902439024388,6460,6560,100,0,6460,6534,355642,0,0,0,0,26
2020-11-01,US,Texas,Bexar,66064,1414,0,29.44928723,-98.52019748,48029.0,3297.3406257081165,2.1403487527246305,64650,65873,1412,0,64461,65600,1986049,191,2,0,189,273
2020-11-01,US,Texas,Blanco,163,6,0,30.26640707,-98.3999852,48031.0,1366.188919621155,3.6809815950920246,157,163,6,0,157,162,11702,0,0,0,0,1
2020-11-01,US,Texas,Borden,2,0,0,32.74363984,-101.43165090000001,48033.0,305.8103975535168,0.0,2,2,0,0,2,2,648,0,0,0,0,0
2020-11-01,US,Texas,Bosque,418,11,0,31.89978581,-97.63613524,48035.0,2237.088573722237,2.631578947368421,407,418,11,0,407,414,18691,0,0,0,0,4
2020-11-01,US,Texas,Bowie,2040,77,0,33.44626922,-94.41834132,48037.0,2187.784867821331,3.774509803921569,1963,2032,77,0,1955,1997,94324,8,0,0,8,35
2020-11-01,US,Texas,Brazoria,12501,185,0,29.18757369,-95.44563172,48039.0,3340.155612081312,1.4798816094712424,12316,12501,185,0,12316,12436,370200,0,0,0,0,65
2020-11-01,US,Texas,Brazos,7782,75,0,30.663644800000004,-96.30205577,48041.0,3395.1250158151233,0.9637625289128758,7707,7756,74,0,7682,7678,226758,26,1,0,25,78
2020-11-01,US,Texas,Brewster,256,5,0,29.81008251,-103.25203259999999,48043.0,2781.7016190372706,1.953125,251,256,5,0,251,250,9267,0,0,0,0,6
2020-11-01,US,Texas,Briscoe,25,1,0,34.53026962,-101.2084947,48045.0,1617.0763260025876,4.0,24,25,1,0,24,24,1516,0,0,0,0,1
2020-11-01,US,Texas,Brooks,365,23,0,27.03103197,-98.21808402,48047.0,5145.918511208233,6.301369863013699,342,365,23,0,342,361,7114,0,0,0,0,4
2020-11-01,US,Texas,Brown,701,28,0,31.77430356,-98.99907113,48049.0,1851.362772026199,3.9942938659058487,673,701,28,0,673,698,37924,0,0,0,0,3
2020-11-01,US,Texas,Burleson,482,6,0,30.49273808,-96.62158484,48051.0,2613.457680420756,1.2448132780082988,476,482,6,0,476,475,18389,0,0,0,0,7
2020-11-01,US,Texas,Burnet,1096,15,0,30.78801353,-98.181887,48053.0,2275.9838023050565,1.368613138686131,1081,1096,15,0,1081,1085,47542,0,0,0,0,11
2020-11-01,US,Texas,Caldwell,1726,37,0,29.83668859,-97.61814775,48055.0,3952.9131550018324,2.1436848203939745,1689,1726,37,0,1689,1721,43247,0,0,0,0,5
2020-11-01,US,Texas,Calhoun,935,9,0,28.47048236,-96.61633945,48057.0,4391.73320807891,0.962566844919786,926,935,9,0,926,938,21561,0,0,0,0,-3
2020-11-01,US,Texas,Callahan,137,6,0,32.29760619,-99.37326312,48059.0,982.571899878075,4.37956204379562,131,137,5,0,132,137,13994,0,1,0,-1,0
2020-11-01,US,Texas,Cameron,24280,1083,0,26.14524221,-97.48140372,48061.0,5737.7417212752525,4.460461285008237,23197,24280,1083,0,23197,24221,423908,0,0,0,0,59
2020-11-01,US,Texas,Camp,407,13,0,32.97195142,-94.97790104,48063.0,3108.293875057278,3.194103194103194,394,406,13,0,393,405,13033,1,0,0,1,1
2020-11-01,US,Texas,Carson,55,1,0,35.40365929,-101.35426690000001,48065.0,928.1133985825177,1.818181818181818,54,55,1,0,54,54,6005,0,0,0,0,1
2020-11-01,US,Texas,Cass,562,25,0,33.07499881,-94.34646905,48067.0,1871.7111836408446,4.448398576512456,537,561,24,0,537,547,30119,1,1,0,0,14
2020-11-01,US,Texas,Castro,320,7,0,34.53016752,-102.2617243,48069.0,4249.667994687915,2.1875,313,320,7,0,313,318,7665,0,0,0,0,2
2020-11-01,US,Texas,Chambers,1585,10,0,29.70972016,-94.67154501,48071.0,3615.667130506193,0.6309148264984227,1575,1585,10,0,1575,1571,42454,0,0,0,0,14
2020-11-01,US,Texas,Cherokee,1657,38,0,31.837258000000002,-95.16559897,48073.0,3147.4376020970253,2.293301146650573,1619,1657,38,0,1619,1647,52592,0,0,0,0,10
2020-11-01,US,Texas,Childress,125,0,0,34.529304100000004,-100.2077916,48075.0,1710.9225294278674,0.0,125,125,0,0,125,124,7291,0,0,0,0,1
2020-11-01,US,Texas,Clay,133,3,0,33.78686685,-98.20771198,48077.0,1270.174768407984,2.255639097744361,130,133,3,0,130,129,10456,0,0,0,0,4
2020-11-01,US,Texas,Cochran,116,2,0,33.60425307,-102.82844990000001,48079.0,4065.895548545391,1.7241379310344829,114,116,2,0,114,116,2836,0,0,0,0,0
2020-11-01,US,Texas,Coke,129,7,0,31.88911733,-100.5297533,48081.0,3808.680248007086,5.426356589147288,122,129,7,0,122,129,3370,0,0,0,0,0
2020-11-01,US,Texas,Coleman,96,4,0,31.76736834,-99.45240766,48083.0,1174.3119266055044,4.166666666666667,92,96,4,0,92,96,8397,0,0,0,0,0
2020-11-01,US,Texas,Collin,18748,188,0,33.18820114,-96.57264368,48085.0,1811.8736288693674,1.0027736291871132,18560,18635,186,0,18449,18362,1005146,113,2,0,111,273
2020-11-01,US,Texas,Collingsworth,21,0,0,34.96489496,-100.27001109999999,48087.0,719.1780821917807,0.0,21,21,0,0,21,21,2962,0,0,0,0,0
2020-11-01,US,Texas,Colorado,510,4,0,29.622097999999998,-96.5273805,48089.0,2372.865584143675,0.7843137254901961,506,506,4,0,502,504,21217,4,0,0,4,2
2020-11-01,US,Texas,Comal,2884,106,0,29.80811278,-98.27647225,48091.0,1846.2444545448725,3.675450762829404,2778,2884,106,0,2778,2878,148373,0,0,0,0,6
2020-11-01,US,Texas,Comanche,375,5,0,31.94854689,-98.55876441,48093.0,2750.27502750275,1.3333333333333333,370,375,5,0,370,373,13534,0,0,0,0,2
2020-11-01,US,Texas,Concho,144,2,0,31.32635934,-99.86473038,48095.0,5282.465150403522,1.3888888888888888,142,144,2,0,142,144,4276,0,0,0,0,0
2020-11-01,US,Texas,Cooke,570,9,0,33.63979567,-97.21240912,48097.0,1381.5837312456067,1.5789473684210529,561,570,9,0,561,570,40574,0,0,0,0,0
2020-11-01,US,Texas,Coryell,2019,14,0,31.39078397,-97.79936155,48099.0,2658.292846703796,0.6934125804853888,2005,2019,14,0,2005,1986,74808,0,0,0,0,33
2020-11-01,US,Texas,Cottle,40,3,0,34.07783319,-100.27850620000001,48101.0,2861.230329041488,7.5,37,40,3,0,37,40,1389,0,0,0,0,0
2020-11-01,US,Texas,Crane,77,4,0,31.43052248,-102.5143314,48103.0,1605.1698978528248,5.194805194805196,73,77,4,0,73,77,4794,0,0,0,0,0
2020-11-01,US,Texas,Crockett,166,7,0,30.72367027,-101.4134238,48105.0,4792.147806004619,4.216867469879518,159,166,7,0,159,166,3499,0,0,0,0,0
2020-11-01,US,Texas,Crosby,117,7,0,33.61431553,-101.30003640000001,48107.0,2039.3934111905176,5.982905982905983,110,117,7,0,110,116,5779,0,0,0,0,1
2020-11-01,US,Texas,Culberson,127,3,0,31.44506775,-104.5185739,48109.0,5849.83878397052,2.3622047244094486,124,127,3,0,124,125,2204,0,0,0,0,2
2020-11-01,US,Texas,Dallam,386,10,0,36.27787176,-102.60207249999999,48111.0,5297.104432551118,2.5906735751295336,376,386,10,0,376,385,7200,0,0,0,0,1
2020-11-01,US,Texas,Dallas,97398,1268,0,32.76670599,-96.77796049999999,48113.0,3695.5950940916323,1.3018747818230354,96130,96694,1267,0,95427,95402,2637772,704,1,0,703,1292
2020-11-01,US,Texas,Dawson,897,19,0,32.74255572,-101.94772420000001,48115.0,7047.4544311753625,2.118171683389075,878,897,19,0,878,882,12619,0,0,0,0,15
2020-11-01,US,Texas,DeWitt,1087,44,0,29.08101855,-97.35681170000001,48123.0,5391.8650793650795,4.047838086476541,1043,1087,44,0,1043,1086,20187,0,0,0,0,1
2020-11-01,US,Texas,Deaf Smith,1042,27,0,34.96522957,-102.6054267,48117.0,5618.462202092095,2.5911708253358925,1015,1042,27,0,1015,1040,18760,0,0,0,0,2
2020-11-01,US,Texas,Delta,36,0,0,33.38570922,-95.66921122,48119.0,675.2954417557681,0.0,36,36,0,0,36,35,5349,0,0,0,0,1
2020-11-01,US,Texas,Denton,14978,177,0,33.20521901,-97.11691153,48121.0,1688.21932198461,1.1817332087061023,14801,14884,177,0,14707,14769,859064,94,0,0,94,115
2020-11-01,US,Texas,Dickens,55,2,0,33.61616822,-100.7788855,48125.0,2487.562189054727,3.636363636363636,53,55,2,0,53,55,2249,0,0,0,0,0
2020-11-01,US,Texas,Dimmit,294,7,0,28.42270064,-99.75645095,48127.0,2903.9905175819845,2.380952380952381,287,294,7,0,287,294,10308,0,0,0,0,0
2020-11-01,US,Texas,Donley,86,1,0,34.96517499,-100.8140093,48129.0,2623.5509456985965,1.162790697674419,85,86,1,0,85,86,3319,0,0,0,0,0
2020-11-01,US,Texas,Duval,499,21,0,27.68184592,-98.50864568,48131.0,4472.528457470647,4.208416833667335,478,497,21,0,476,493,11212,2,0,0,2,4
2020-11-01,US,Texas,Eastland,265,8,0,32.32743996,-98.83243566,48133.0,1443.355119825708,3.018867924528302,257,265,8,0,257,260,18322,0,0,0,0,5
2020-11-01,US,Texas,Ector,6547,121,0,31.86898877,-102.54294279999999,48135.0,3938.684778881382,1.848174736520544,6426,6547,121,0,6426,6547,162124,0,0,0,0,0
2020-11-01,US,Texas,Edwards,72,2,0,29.98202582,-100.304252,48137.0,3726.7080745341614,2.7777777777777777,70,72,2,0,70,72,1928,0,0,0,0,0
2020-11-01,US,Texas,El Paso,50114,642,0,31.76980765,-106.23632749999999,48141.0,5971.369265929331,1.281079139561799,49472,48885,633,0,48252,47052,840758,1229,9,0,1220,1833
2020-11-01,US,Texas,Ellis,5043,83,0,32.34894117,-96.79371841,48139.0,2728.512222306385,1.6458457267499504,4960,5043,81,0,4962,5029,179436,0,2,0,-2,14
2020-11-01,US,Texas,Erath,1065,17,0,32.23602653,-98.21773417,48143.0,2494.262026324418,1.596244131455399,1048,1065,17,0,1048,1054,42446,0,0,0,0,11
2020-11-01,US,Texas,Falls,690,6,0,31.25350609,-96.93630086,48145.0,3989.131063190149,0.8695652173913043,684,690,6,0,684,684,17335,0,0,0,0,6
2020-11-01,US,Texas,Fannin,798,20,0,33.59564294,-96.10751083,48147.0,2247.0011826322016,2.506265664160401,778,798,20,0,778,797,35286,0,0,0,0,1
2020-11-01,US,Texas,Fayette,683,22,0,29.87788372,-96.92076062,48149.0,2694.705278939477,3.2210834553440697,661,683,22,0,661,683,25349,0,0,0,0,0
2020-11-01,US,Texas,Fisher,117,4,0,32.74281316,-100.40193020000001,48151.0,3054.8302872062663,3.418803418803418,113,117,4,0,113,112,3839,0,0,0,0,5
2020-11-01,US,Texas,Floyd,128,9,0,34.07227468,-101.3031546,48153.0,2240.896358543417,7.03125,119,128,9,0,119,128,5837,0,0,0,0,0
2020-11-01,US,Texas,Foard,22,1,0,33.97308618,-99.7767797,48155.0,1904.7619047619046,4.545454545454546,21,22,1,0,21,22,1200,0,0,0,0,0
2020-11-01,US,Texas,Fort Bend,17735,310,0,29.52704478,-95.77219463,48157.0,2184.9528390218898,1.7479560191711303,17425,17735,309,0,17426,17672,787858,0,1,0,-1,63
2020-11-01,US,Texas,Franklin,223,7,0,33.17653242,-95.21917243,48159.0,2079.2540792540794,3.1390134529147984,216,223,7,0,216,222,10766,0,0,0,0,1
2020-11-01,US,Texas,Freestone,463,4,0,31.70422788,-96.15072516,48161.0,2348.227417964193,0.8639308855291576,459,463,4,0,459,462,19808,0,0,0,0,1
2020-11-01,US,Texas,Frio,1020,9,0,28.86751206,-99.10804207,48163.0,5023.145868216291,0.8823529411764706,1011,1020,9,0,1011,1020,19816,0,0,0,0,0
2020-11-01,US,Texas,Gaines,581,12,0,32.74055318,-102.6353295,48165.0,2703.331472175693,2.0654044750430294,569,581,12,0,569,566,20901,0,0,0,0,15
2020-11-01,US,Texas,Galveston,12703,169,0,29.40167322,-94.90469073,48167.0,3712.818474362759,1.3303943950247974,12534,12663,169,0,12494,12606,337890,40,0,0,40,57
2020-11-01,US,Texas,Garza,123,8,0,33.17969345,-101.2984114,48169.0,1974.6347728367318,6.5040650406504055,115,123,8,0,115,123,6578,0,0,0,0,0
2020-11-01,US,Texas,Gillespie,365,10,0,30.31824095,-98.94676915,48171.0,1352.4529420483175,2.7397260273972597,355,365,10,0,355,368,26804,0,0,0,0,-3
2020-11-01,US,Texas,Glasscock,13,0,0,31.86942909,-101.5207776,48173.0,922.6401703335699,0.0,13,13,0,0,13,13,1388,0,0,0,0,0
2020-11-01,US,Texas,Goliad,166,6,0,28.65696592,-97.42760647,48175.0,2167.667798380778,3.614457831325301,160,166,6,0,160,166,7584,0,0,0,0,0
2020-11-01,US,Texas,Gonzales,1133,20,0,29.45634206,-97.49424032,48177.0,5437.443010030233,1.76522506619594,1113,1133,20,0,1113,1132,20826,0,0,0,0,1
2020-11-01,US,Texas,Gray,516,10,0,35.40081878,-100.8129222,48179.0,2357.671570867221,1.937984496124031,506,516,10,0,506,502,21895,0,0,0,0,14
2020-11-01,US,Texas,Grayson,2752,75,0,33.62744998,-96.67753461,48181.0,2020.3799958887616,2.7252906976744184,2677,2752,75,0,2677,2681,133991,0,0,0,0,71
2020-11-01,US,Texas,Gregg,2612,87,0,32.47940482,-94.81591935,48183.0,2107.38634071564,3.330781010719755,2525,2612,87,0,2525,2587,123707,0,0,0,0,25
2020-11-01,US,Texas,Grimes,1193,36,0,30.54579585,-95.98902499,48185.0,4130.886426592798,3.017602682313496,1157,1193,36,0,1157,1191,28360,0,0,0,0,2
2020-11-01,US,Texas,Guadalupe,3903,81,0,29.58165339,-97.94786822,48187.0,2339.268911038257,2.07532667179093,3822,3903,81,0,3822,3908,163694,0,0,0,0,-5
2020-11-01,US,Texas,Hale,2678,64,0,34.07044901,-101.82681140000001,48189.0,8016.52397772855,2.3898431665421955,2614,2678,62,0,2616,2678,33830,0,2,0,-2,0
2020-11-01,US,Texas,Hall,44,1,0,34.5307555,-100.68138520000001,48191.0,1484.4804318488532,2.272727272727273,43,44,1,0,43,44,3028,0,0,0,0,0
2020-11-01,US,Texas,Hamilton,206,5,0,31.70470573,-98.11083887,48193.0,2434.70039002482,2.4271844660194173,201,206,5,0,201,204,8484,0,0,0,0,2
2020-11-01,US,Texas,Hansford,199,6,0,36.27743284,-101.3545796,48195.0,3685.867753287646,3.0150753768844223,193,199,6,0,193,191,5463,0,0,0,0,8
2020-11-01,US,Texas,Hardeman,63,3,0,34.28944521,-99.74632408,48197.0,1601.8306636155605,4.761904761904762,60,63,3,0,60,63,3922,0,0,0,0,0
2020-11-01,US,Texas,Hardin,1461,35,0,30.33364686,-94.38931817,48199.0,2536.370264921357,2.3956194387405887,1426,1457,35,0,1422,1457,57207,4,0,0,4,0
2020-11-01,US,Texas,Harris,162306,2811,0,29.85864939,-95.39339521,48201.0,3443.5563004885084,1.7319137924660826,159495,161613,2809,0,158804,160984,4698619,693,2,0,691,629
2020-11-01,US,Texas,Harrison,1121,39,0,32.54935988,-94.36934071,48203.0,1684.3718540110888,3.4790365744870653,1082,1119,39,0,1080,1108,66726,2,0,0,2,11
2020-11-01,US,Texas,Hartley,179,0,0,35.84008013,-102.6029022,48205.0,3210.186513629842,0.0,179,179,0,0,179,173,5619,0,0,0,0,6
2020-11-01,US,Texas,Haskell,86,3,0,33.17823584,-99.73037358,48207.0,1519.971721456345,3.4883720930232562,83,86,3,0,83,86,5813,0,0,0,0,0
2020-11-01,US,Texas,Hays,6132,87,0,30.05669873,-98.02944344,48209.0,2663.874782246048,1.4187866927592956,6045,6132,87,0,6045,6132,222631,0,0,0,0,0
2020-11-01,US,Texas,Hemphill,156,1,0,35.83764858,-100.2703577,48211.0,4084.8389630793404,0.6410256410256411,155,155,1,0,154,147,3825,1,0,0,1,8
2020-11-01,US,Texas,Henderson,1332,36,0,32.21128872,-95.85846587,48213.0,1609.920591754596,2.702702702702702,1296,1332,35,0,1297,1317,82299,0,1,0,-1,15
2020-11-01,US,Texas,Hidalgo,35785,1952,0,26.39418217,-98.18299696,48215.0,4119.3405831885775,5.454799496995949,33833,35785,1952,0,33833,35785,865939,0,0,0,0,0
2020-11-01,US,Texas,Hill,858,16,0,31.99045053,-97.13423143,48217.0,2341.127998035417,1.8648018648018647,842,858,16,0,842,853,36354,0,0,0,0,5
2020-11-01,US,Texas,Hockley,754,19,0,33.60771256,-102.3431676,48219.0,3275.2704052821337,2.519893899204244,735,749,18,0,731,695,22980,5,1,0,4,54
2020-11-01,US,Texas,Hood,1233,41,0,32.42990927,-97.83242024,48221.0,2000.2271141897704,3.3252230332522297,1192,1233,41,0,1192,1224,60537,0,0,0,0,9
2020-11-01,US,Texas,Hopkins,693,36,0,33.14875072,-95.56351139,48223.0,1868.7304497896664,5.194805194805196,657,693,35,0,658,679,36810,0,1,0,-1,14
2020-11-01,US,Texas,Houston,430,14,0,31.31925973,-95.42226208,48225.0,1872.169975618252,3.255813953488372,416,430,14,0,416,429,23169,0,0,0,0,1
2020-11-01,US,Texas,Howard,1222,21,0,32.30621324,-101.4356444,48227.0,3332.9696705214924,1.718494271685761,1201,1222,21,0,1201,1220,36459,0,0,0,0,2
2020-11-01,US,Texas,Hudspeth,114,3,0,31.45628381,-105.388178,48229.0,2333.1968890708144,2.631578947368421,111,114,3,0,111,113,4795,0,0,0,0,1
2020-11-01,US,Texas,Hunt,2075,46,0,33.12351514,-96.08551032,48231.0,2104.590543035073,2.216867469879518,2029,2052,46,0,2006,2043,96493,23,0,0,23,9
2020-11-01,US,Texas,Hutchinson,338,7,0,35.84006574,-101.3546643,48233.0,1614.289808004585,2.0710059171597632,331,335,7,0,328,327,21198,3,0,0,3,8
2020-11-01,US,Texas,Irion,14,0,0,31.30375559,-100.982439,48235.0,911.4583333333336,0.0,14,14,0,0,14,13,1522,0,0,0,0,1
2020-11-01,US,Texas,Jack,155,3,0,33.23377248,-98.17283469,48237.0,1734.7509792949074,1.935483870967742,152,155,3,0,152,153,8843,0,0,0,0,2
2020-11-01,US,Texas,Jackson,656,16,0,28.95472367,-96.57749563,48239.0,4444.444444444444,2.4390243902439024,640,656,16,0,640,656,14874,0,0,0,0,0
2020-11-01,US,Texas,Jasper,520,34,0,30.74685667,-94.02667579,48241.0,1463.5931211123307,6.538461538461537,486,520,34,0,486,519,35872,0,0,0,0,1
2020-11-01,US,Texas,Jeff Davis,23,0,0,30.71490589,-104.1399973,48243.0,1011.433597185576,0.0,23,23,0,0,23,23,2252,0,0,0,0,0
2020-11-01,US,Texas,Jefferson,8471,155,0,29.8832777,-94.16434171,48245.0,3367.320573211695,1.829772163853146,8316,8471,155,0,8316,8424,255001,0,0,0,0,47
2020-11-01,US,Texas,Jim Hogg,183,6,0,27.04453923,-98.69681870000001,48247.0,3519.230769230769,3.278688524590164,177,183,6,0,177,180,5248,0,0,0,0,3
2020-11-01,US,Texas,Jim Wells,1726,52,0,27.73103938,-98.0904705,48249.0,4263.623338767848,3.0127462340672078,1674,1709,52,0,1657,1679,40822,17,0,0,17,30
2020-11-01,US,Texas,Johnson,3821,67,0,32.37877812,-97.36615819,48251.0,2173.282447089872,1.7534676786181629,3754,3821,66,0,3755,3787,171361,0,1,0,-1,34
2020-11-01,US,Texas,Jones,610,3,0,32.73997145,-99.87861576,48253.0,3037.394811532142,0.4918032786885246,607,610,3,0,607,603,19817,0,0,0,0,7
2020-11-01,US,Texas,Karnes,960,18,0,28.90705334,-97.85960149,48255.0,6153.451701813986,1.875,942,960,18,0,942,962,15650,0,0,0,0,-2
2020-11-01,US,Texas,Kaufman,3629,59,0,32.599141700000004,-96.28734728,48257.0,2665.364219927435,1.62579222926426,3570,3629,58,0,3571,3619,128622,0,1,0,-1,10
2020-11-01,US,Texas,Kendall,391,10,0,29.94414155,-98.7113588,48259.0,824.3553793932239,2.557544757033248,381,391,10,0,381,392,45641,0,0,0,0,-1
2020-11-01,US,Texas,Kenedy,11,2,0,26.92601662,-97.66413984,48261.0,2722.772277227723,18.181818181818183,9,11,2,0,9,11,442,0,0,0,0,0
2020-11-01,US,Texas,Kent,12,0,0,33.18104136,-100.7780939,48263.0,1574.803149606299,0.0,12,12,0,0,12,11,726,0,0,0,0,1
2020-11-01,US,Texas,Kerr,714,14,0,30.06040006,-99.34930144,48265.0,1357.4144486692014,1.96078431372549,700,714,14,0,700,709,52405,0,0,0,0,5
2020-11-01,US,Texas,Kimble,31,2,0,30.48678918,-99.74856473,48267.0,714.7798017062486,6.451612903225807,29,31,2,0,29,30,4362,0,0,0,0,1
2020-11-01,US,Texas,King,1,0,0,33.61643847,-100.2558057,48269.0,367.6470588235293,0.0,1,1,0,0,1,1,277,0,0,0,0,0
2020-11-01,US,Texas,Kinney,79,1,0,29.34967888,-100.41866379999999,48271.0,2154.3496045814013,1.2658227848101269,78,79,1,0,78,79,3767,0,0,0,0,0
2020-11-01,US,Texas,Kleberg,1034,52,0,27.42435506,-97.69894948,48273.0,3370.273794002608,5.029013539651838,982,1033,52,0,981,1032,31129,1,0,0,1,1
2020-11-01,US,Texas,Knox,114,9,0,33.60519951,-99.74229059999999,48275.0,3111.353711790393,7.894736842105262,105,114,9,0,105,114,3653,0,0,0,0,0
2020-11-01,US,Texas,La Salle,381,13,0,28.34453111,-99.09908775,48283.0,5066.489361702128,3.4120734908136483,368,381,13,0,368,378,7531,0,0,0,0,3
2020-11-01,US,Texas,Lamar,1874,49,0,33.66981763,-95.57404777,48277.0,3758.5992498846754,2.614727854855923,1825,1874,49,0,1825,1839,49728,0,0,0,0,35
2020-11-01,US,Texas,Lamb,574,24,0,34.06859623,-102.35162890000001,48279.0,4452.028232374157,4.181184668989547,550,574,24,0,550,552,13158,0,0,0,0,22
2020-11-01,US,Texas,Lampasas,315,9,0,31.19531316,-98.24206613,48281.0,1470.039201045361,2.8571428571428568,306,315,9,0,306,313,21229,0,0,0,0,2
2020-11-01,US,Texas,Lavaca,1177,39,0,29.38508402,-96.93186692,48285.0,5840.031755482783,3.3135089209855564,1138,1177,39,0,1138,1180,20110,0,0,0,0,-3
2020-11-01,US,Texas,Lee,245,15,0,30.31120597,-96.97045773,48287.0,1421.1961250652594,6.1224489795918355,230,245,14,0,231,245,17144,0,1,0,-1,0
2020-11-01,US,Texas,Leon,372,12,0,31.29872538,-95.9936328,48289.0,2137.4396690416,3.2258064516129035,360,372,12,0,360,362,17270,0,0,0,0,10
2020-11-01,US,Texas,Liberty,2312,59,0,30.15152688,-94.81205615,48291.0,2620.750631950033,2.551903114186852,2253,2305,59,0,2246,2302,86323,7,0,0,7,3
2020-11-01,US,Texas,Limestone,684,16,0,31.5454767,-96.58095444,48293.0,2918.462260528225,2.3391812865497075,668,684,16,0,668,681,23519,0,0,0,0,3
2020-11-01,US,Texas,Lipscomb,74,1,0,36.27783108,-100.27331509999999,48295.0,2288.895762449737,1.351351351351351,73,74,1,0,73,70,3355,0,0,0,0,4
2020-11-01,US,Texas,Live Oak,392,10,0,28.35101362,-98.1246786,48297.0,3211.272220856885,2.5510204081632653,382,392,10,0,382,383,12166,0,0,0,0,9
2020-11-01,US,Texas,Llano,189,3,0,30.70645047,-98.68475262,48299.0,867.171369580179,1.5873015873015872,186,189,3,0,186,188,21646,0,0,0,0,1
2020-11-01,US,Texas,Lubbock,19418,190,0,33.61008596,-101.82047890000001,48303.0,6252.394797935402,0.9784735812133072,19228,19167,188,0,18979,18985,307412,251,2,0,249,182
2020-11-01,US,Texas,Lynn,198,6,0,33.17657705,-101.8162849,48305.0,3327.1719038817005,3.0303030303030303,192,198,6,0,192,194,5877,0,0,0,0,4
2020-11-01,US,Texas,Madison,771,7,0,30.96694679,-95.93003775,48313.0,5397.647717726127,0.9079118028534372,764,771,7,0,764,768,14422,0,0,0,0,3
2020-11-01,US,Texas,Marion,173,14,0,32.79868409,-94.35661230000001,48315.0,1755.6322305662675,8.092485549132949,159,172,14,0,158,172,9928,1,0,0,1,0
2020-11-01,US,Texas,Martin,93,7,0,32.30600051,-101.9513518,48317.0,1611.5058048865014,7.526881720430107,86,93,7,0,86,92,5753,0,0,0,0,1
2020-11-01,US,Texas,Mason,83,2,0,30.71780434,-99.22629416,48319.0,1941.9747309312118,2.409638554216868,81,83,2,0,81,83,4280,0,0,0,0,0
2020-11-01,US,Texas,Matagorda,1122,54,0,28.81955746,-96.01230294,48321.0,3061.9763665638734,4.81283422459893,1068,1121,54,0,1067,1116,36552,1,0,0,1,5
2020-11-01,US,Texas,Maverick,4322,151,0,28.7429195,-100.3157686,48323.0,7360.103538707809,3.4937528921795464,4171,4292,151,0,4141,4292,58485,30,0,0,30,0
2020-11-01,US,Texas,McCulloch,220,5,0,31.1925468,-99.34682807,48307.0,2755.511022044089,2.272727272727273,215,220,5,0,215,216,7987,0,0,0,0,4
2020-11-01,US,Texas,McLennan,10316,142,0,31.55255453,-97.20217694,48309.0,4019.904685082786,1.3765025203567274,10174,10263,142,0,10121,10194,254607,53,0,0,53,69
2020-11-01,US,Texas,McMullen,25,1,0,28.35251708,-98.56769164,48311.0,3364.737550471063,4.0,24,25,1,0,24,25,749,0,0,0,0,0
2020-11-01,US,Texas,Medina,1294,49,0,29.355730100000002,-99.11030298,48325.0,2508.529776674938,3.786707882534776,1245,1294,49,0,1245,1287,50921,0,0,0,0,7
2020-11-01,US,Texas,Menard,77,0,0,30.88990665,-99.82047940000001,48327.0,3601.496725912067,0.0,77,77,0,0,77,78,2139,0,0,0,0,-1
2020-11-01,US,Texas,Midland,5540,95,0,31.86904128,-102.03156820000001,48329.0,3132.917119073471,1.7148014440433212,5445,5540,95,0,5445,5540,172578,0,0,0,0,0
2020-11-01,US,Texas,Milam,550,8,0,30.78581830000001,-96.97718698,48331.0,2215.687064416066,1.4545454545454546,542,550,8,0,542,549,25131,0,0,0,0,1
2020-11-01,US,Texas,Mills,79,1,0,31.49557106,-98.59272068,48333.0,1621.1779191463165,1.2658227848101269,78,79,1,0,78,79,4921,0,0,0,0,0
2020-11-01,US,Texas,Mitchell,202,2,0,32.30623474,-100.9212058,48335.0,2363.955529549444,0.99009900990099,200,202,2,0,200,201,8145,0,0,0,0,1
2020-11-01,US,Texas,Montague,299,6,0,33.67521893,-97.72500958,48337.0,1508.7294378847512,2.0066889632107023,293,299,6,0,293,293,19596,0,0,0,0,6
2020-11-01,US,Texas,Montgomery,14175,182,0,30.30079133,-95.50572772,48339.0,2333.752064156367,1.2839506172839503,13993,14175,182,0,13993,14175,590925,0,0,0,0,0
2020-11-01,US,Texas,Moore,1352,22,0,35.83769242,-101.8930281,48341.0,6456.542502387773,1.6272189349112427,1330,1348,22,0,1326,1338,21485,4,0,0,4,10
2020-11-01,US,Texas,Morris,236,5,0,33.11304005,-94.73255695,48343.0,1905.0694220213104,2.1186440677966103,231,234,5,0,229,232,12339,2,0,0,2,2
2020-11-01,US,Texas,Motley,17,0,0,34.07408766,-100.77972199999999,48345.0,1416.666666666667,0.0,17,17,0,0,17,17,1234,0,0,0,0,0
2020-11-01,US,Texas,Nacogdoches,1820,70,0,31.62017125,-94.61803994,48347.0,2791.239801239188,3.8461538461538463,1750,1820,70,0,1750,1816,65711,0,0,0,0,4
2020-11-01,US,Texas,Navarro,1472,34,0,32.04620681,-96.47428766,48349.0,2937.3615628679186,2.3097826086956523,1438,1472,34,0,1438,1464,49565,0,0,0,0,8
2020-11-01,US,Texas,Newton,189,14,0,30.78548982,-93.74408813,48351.0,1390.2169915410075,7.407407407407407,175,189,14,0,175,188,13746,0,0,0,0,1
2020-11-01,US,Texas,Nolan,441,7,0,32.30365282,-100.4060208,48353.0,2997.1455756422456,1.5873015873015872,434,441,7,0,434,437,14751,0,0,0,0,4
2020-11-01,US,Texas,Nueces,21378,443,0,27.736286,-97.5433285,48355.0,5900.732554223919,2.072223781457573,20935,21342,443,0,20899,21312,362265,36,0,0,36,30
2020-11-01,US,Texas,Ochiltree,338,5,0,36.27829105,-100.8158184,48357.0,3436.3562423749486,1.4792899408284024,333,338,5,0,333,310,9947,0,0,0,0,28
2020-11-01,US,Texas,Oldham,27,2,0,35.40425596,-102.6027606,48359.0,1278.409090909091,7.407407407407407,25,27,2,0,25,27,2131,0,0,0,0,0
2020-11-01,US,Texas,Orange,2267,46,0,30.11879481,-93.89412775,48361.0,2718.355796441076,2.029113365681517,2221,2267,46,0,2221,2221,83572,0,0,0,0,46
2020-11-01,US,Texas,Palo Pinto,745,21,0,32.75310985,-98.31319001,48363.0,2552.3313577032445,2.8187919463087248,724,745,21,0,724,736,28875,0,0,0,0,9
2020-11-01,US,Texas,Panola,486,30,0,32.163959600000005,-94.30552481,48365.0,2095.3694921100287,6.172839506172839,456,486,30,0,456,484,23148,0,0,0,0,2
2020-11-01,US,Texas,Parker,2528,52,0,32.77757172,-97.80500621,48367.0,1769.3416761152869,2.056962025316456,2476,2528,52,0,2476,2518,138371,0,0,0,0,10
2020-11-01,US,Texas,Parmer,579,19,0,34.52993409,-102.78446679999999,48369.0,6028.110359187924,3.281519861830742,560,579,19,0,560,574,9864,0,0,0,0,5
2020-11-01,US,Texas,Pecos,519,8,0,30.78097267,-102.72412609999999,48371.0,3280.0353915186747,1.5414258188824663,511,519,8,0,511,515,15673,0,0,0,0,4
2020-11-01,US,Texas,Polk,918,36,0,30.79472531,-94.82766240000001,48373.0,1787.6268182968865,3.92156862745098,882,918,36,0,882,918,50031,0,0,0,0,0
2020-11-01,US,Texas,Potter,8237,100,0,35.40133773,-101.893964,48375.0,7015.28765489929,1.2140342357654486,8137,8237,100,0,8137,8237,119648,0,0,0,0,0
2020-11-01,US,Texas,Presidio,174,7,0,29.99954402,-104.24080790000001,48377.0,2595.4653937947496,4.022988505747127,167,174,7,0,167,172,6948,0,0,0,0,2
2020-11-01,US,Texas,Rains,97,5,0,32.87109387,-95.79232691,48379.0,775.1318523253958,5.154639175257731,92,97,5,0,92,96,12159,0,0,0,0,1
2020-11-01,US,Texas,Randall,5483,59,0,34.96585996,-101.8971322,48381.0,3981.4687066580495,1.0760532555170528,5424,5483,59,0,5424,5327,136271,0,0,0,0,156
2020-11-01,US,Texas,Reagan,97,6,0,31.36607041,-101.52326590000001,48383.0,2520.135100025981,6.185567010309278,91,97,6,0,91,95,3741,0,0,0,0,2
2020-11-01,US,Texas,Real,126,8,0,29.83321503,-99.82018052,48385.0,3650.057937427578,6.349206349206349,118,126,8,0,118,125,3478,0,0,0,0,1
2020-11-01,US,Texas,Red River,202,17,0,33.61886692,-95.04841765,48387.0,1680.113116526657,8.415841584158416,185,202,17,0,185,202,12175,0,0,0,0,0
2020-11-01,US,Texas,Reeves,289,7,0,31.32323325,-103.69038959999999,48389.0,1808.963445167752,2.4221453287197234,282,289,7,0,282,279,15695,0,0,0,0,10
2020-11-01,US,Texas,Refugio,314,16,0,28.323897600000002,-97.15766311,48391.0,4519.286125503742,5.095541401273885,298,314,16,0,298,312,7032,0,0,0,0,2
2020-11-01,US,Texas,Roberts,15,0,0,35.83809685,-100.813175,48393.0,1756.440281030445,0.0,15,15,0,0,15,14,903,0,0,0,0,1
2020-11-01,US,Texas,Robertson,435,4,0,31.02539637,-96.51272246,48395.0,2547.7333958064896,0.9195402298850576,431,435,4,0,431,435,17284,0,0,0,0,0
2020-11-01,US,Texas,Rockwall,1988,33,0,32.89779518,-96.40771592,48397.0,1894.8672735071245,1.6599597585513082,1955,1988,33,0,1955,1984,100657,0,0,0,0,4
2020-11-01,US,Texas,Runnels,303,9,0,31.8314342,-99.97616148,48399.0,2952.0654715510523,2.9702970297029703,294,303,9,0,294,302,10234,0,0,0,0,1
2020-11-01,US,Texas,Rusk,1044,27,0,32.10773545,-94.76176432,48401.0,1918.9060030143733,2.586206896551724,1017,1042,26,0,1016,1036,54450,2,1,0,1,6
2020-11-01,US,Texas,Sabine,102,9,0,31.34318809,-93.85440451,48403.0,967.5583380762663,8.823529411764708,93,102,9,0,93,102,10589,0,0,0,0,0
2020-11-01,US,Texas,San Augustine,221,15,0,31.39457611,-94.17000399,48405.0,2683.0156610416416,6.787330316742081,206,221,15,0,206,221,8232,0,0,0,0,0
2020-11-01,US,Texas,San Jacinto,242,13,0,30.57933681,-95.16260304,48407.0,838.5598946602446,5.371900826446281,229,242,13,0,229,241,28719,0,0,0,0,1
2020-11-01,US,Texas,San Patricio,1592,81,0,28.00880118,-97.51763891,48409.0,2385.7335531245317,5.087939698492463,1511,1592,81,0,1511,1572,66893,0,0,0,0,20
2020-11-01,US,Texas,San Saba,242,3,0,31.1577796,-98.81758731,48411.0,3996.696944673824,1.2396694214876034,239,242,3,0,239,118,6054,0,0,0,0,124
2020-11-01,US,Texas,Schleicher,55,2,0,30.89740592,-100.5384842,48413.0,1969.2087361260294,3.636363636363636,53,55,2,0,53,55,2895,0,0,0,0,0
2020-11-01,US,Texas,Scurry,1140,16,0,32.74613808,-100.91626640000001,48415.0,6825.1212357061595,1.4035087719298245,1124,1140,16,0,1124,1125,16866,0,0,0,0,15
2020-11-01,US,Texas,Shackelford,40,0,0,32.73587756,-99.35401337,48417.0,1225.1148545176109,0.0,40,40,0,0,40,40,3253,0,0,0,0,0
2020-11-01,US,Texas,Shelby,554,31,0,31.79211404,-94.14550696,48419.0,2191.9759436575137,5.5956678700361016,523,554,31,0,523,554,25418,0,0,0,0,0
2020-11-01,US,Texas,Sherman,78,1,0,36.27751473,-101.8933156,48421.0,2581.0721376571805,1.2820512820512822,77,78,1,0,77,77,3079,0,0,0,0,1
2020-11-01,US,Texas,Smith,4633,145,0,32.37474036,-95.27175679999999,48423.0,1990.5392458034555,3.1297215627023527,4488,4633,144,0,4489,4594,230221,0,1,0,-1,39
2020-11-01,US,Texas,Somervell,160,5,0,32.22236802,-97.77403489,48425.0,1752.8483786152499,3.125,155,160,5,0,155,159,9016,0,0,0,0,1
2020-11-01,US,Texas,Starr,3585,186,0,26.56150059,-98.73892358,48427.0,5546.702149056982,5.1882845188284525,3399,3583,185,0,3398,3580,64525,2,1,0,1,3
2020-11-01,US,Texas,Stephens,166,4,0,32.73553157,-98.83631615,48429.0,1772.3681400811445,2.409638554216868,162,166,4,0,162,165,9433,0,0,0,0,1
2020-11-01,US,Texas,Sterling,21,0,0,31.82781912,-101.05007459999999,48431.0,1626.6460108443066,0.0,21,21,0,0,21,20,1311,0,0,0,0,1
2020-11-01,US,Texas,Stonewall,21,1,0,33.17906744,-100.25384009999999,48433.0,1555.5555555555554,4.761904761904762,20,21,1,0,20,21,1362,0,0,0,0,0
2020-11-01,US,Texas,Sutton,114,3,0,30.49856623,-100.5382014,48435.0,3019.067796610169,2.631578947368421,111,114,3,0,111,112,3758,0,0,0,0,2
2020-11-01,US,Texas,Swisher,161,5,0,34.53028891,-101.73491740000001,48437.0,2176.5580640800326,3.1055900621118013,156,161,5,0,156,149,7462,0,0,0,0,12
2020-11-01,US,Texas,Tarrant,68233,836,0,32.77143818,-97.29101614,48439.0,3245.30383849818,1.225213606319523,67397,67484,835,0,66649,66810,2084931,749,1,0,748,674
2020-11-01,US,Texas,Taylor,2298,69,0,32.30163422,-99.89007449,48441.0,1664.807221409218,3.0026109660574414,2229,2228,69,0,2159,2197,137640,70,0,0,70,31
2020-11-01,US,Texas,Terrell,4,0,0,30.22429013,-102.0766732,48443.0,515.4639175257731,0.0,4,4,0,0,4,4,823,0,0,0,0,0
2020-11-01,US,Texas,Terry,626,10,0,33.17402785,-102.3354521,48445.0,5074.167139499068,1.597444089456869,616,626,10,0,616,589,12287,0,0,0,0,37
2020-11-01,US,Texas,Throckmorton,19,2,0,33.17751417,-99.21226795,48447.0,1265.822784810127,10.526315789473683,17,19,2,0,17,19,1515,0,0,0,0,0
2020-11-01,US,Texas,Titus,1745,36,0,33.21339719,-94.96797273,48449.0,5328.244274809161,2.0630372492836675,1709,1745,36,0,1709,1745,33033,0,0,0,0,0
2020-11-01,US,Texas,Tom Green,5027,82,0,31.40464436,-100.46244300000001,48451.0,4217.281879194631,1.6311915655460514,4945,4982,82,0,4900,4924,118189,45,0,0,45,58
2020-11-01,US,Texas,Travis,32220,452,0,30.33432034,-97.78535620000001,48453.0,2529.1337049846384,1.4028553693358163,31768,32143,452,0,31691,32024,1248743,77,0,0,77,119
2020-11-01,US,Texas,Trinity,208,8,0,31.0879489,-95.1367187,48455.0,1419.698314108252,3.8461538461538463,200,208,8,0,200,208,14740,0,0,0,0,0
2020-11-01,US,Texas,Tyler,273,4,0,30.77031716,-94.37690895,48457.0,1259.6899224806202,1.465201465201465,269,273,4,0,269,271,21696,0,0,0,0,2
2020-11-01,US,Texas,Upshur,516,15,0,32.73706798,-94.93999853,48459.0,1235.8393408856848,2.9069767441860463,501,513,15,0,498,511,41260,3,0,0,3,2
2020-11-01,US,Texas,Upton,28,4,0,31.36868194,-102.0423217,48461.0,765.6549083948591,14.285714285714285,24,28,4,0,24,27,3671,0,0,0,0,1
2020-11-01,US,Texas,Uvalde,845,37,0,29.35739637,-99.76229172,48463.0,3159.9416626154602,4.378698224852071,808,841,37,0,804,839,26846,4,0,0,4,2
2020-11-01,US,Texas,Val Verde,2637,128,0,29.89149232,-101.1525205,48465.0,5378.888322284549,4.8540007584376195,2509,2625,128,0,2497,2562,49208,12,0,0,12,63
2020-11-01,US,Texas,Van Zandt,719,29,0,32.56483801,-95.83766469,48467.0,1270.5424986746775,4.033379694019471,690,719,29,0,690,714,56019,0,0,0,0,5
2020-11-01,US,Texas,Victoria,4302,98,0,28.79780988,-96.96813006,48469.0,4671.821380478694,2.2780102278010226,4204,4302,98,0,4204,4291,92035,0,0,0,0,11
2020-11-01,US,Texas,Walker,3959,62,0,30.73872995,-95.57440968,48471.0,5425.442984199202,1.5660520333417531,3897,3936,62,0,3874,3927,72480,23,0,0,23,9
2020-11-01,US,Texas,Waller,1012,17,0,30.01058447,-95.99011759,48473.0,1831.8068276436304,1.6798418972332017,995,1008,17,0,991,1005,53126,4,0,0,4,3
2020-11-01,US,Texas,Ward,175,1,0,31.50999644,-103.09279090000001,48475.0,1458.5764294049009,0.5714285714285714,174,175,1,0,174,172,11720,0,0,0,0,3
2020-11-01,US,Texas,Washington,719,50,0,30.21498498,-96.40946246,48477.0,2003.790201215094,6.954102920723226,669,719,50,0,669,710,35108,0,0,0,0,9
2020-11-01,US,Texas,Webb,15413,355,0,27.7610369,-99.33237355,48479.0,5571.259199282854,2.303250502822293,15058,15413,355,0,15058,15175,275910,0,0,0,0,238
2020-11-01,US,Texas,Wharton,1471,60,0,29.27765923,-96.22319248,48481.0,3539.801713350659,4.078857919782462,1411,1466,60,0,1406,1441,41619,5,0,0,5,25
2020-11-01,US,Texas,Wheeler,91,0,0,35.40114335,-100.26995140000001,48483.0,1799.8417721518988,0.0,91,90,0,0,90,86,5191,1,0,0,1,4
2020-11-01,US,Texas,Wichita,4001,49,0,33.98842886,-98.70410340000001,48485.0,3025.7883990017394,1.2246938265433642,3952,4001,49,0,3952,3922,132064,0,0,0,0,79
2020-11-01,US,Texas,Wilbarger,384,4,0,34.07945812,-99.24178437,48487.0,3007.2832641553764,1.0416666666666667,380,384,4,0,380,371,12820,0,0,0,0,13
2020-11-01,US,Texas,Willacy,1251,56,0,26.47411727,-97.61535848,48489.0,5857.290008427755,4.476418864908074,1195,1247,56,0,1191,1239,21515,4,0,0,4,8
2020-11-01,US,Texas,Williamson,9588,156,0,30.64655664,-97.60048540000001,48491.0,1623.5684978943393,1.6270337922403004,9432,9588,156,0,9432,9588,566719,0,0,0,0,0
2020-11-01,US,Texas,Wilson,1004,28,0,29.1732598,-98.08693082,48493.0,1965.9291168983746,2.7888446215139444,976,1004,28,0,976,1007,50224,0,0,0,0,-3
2020-11-01,US,Texas,Winkler,153,5,0,31.85008651,-103.04851629999999,48495.0,1910.1123595505621,3.2679738562091503,148,153,5,0,148,150,7720,0,0,0,0,3
2020-11-01,US,Texas,Wise,965,16,0,33.21570665,-97.65460265,48497.0,1378.8866026520345,1.6580310880829014,949,965,16,0,949,959,68305,0,0,0,0,6
2020-11-01,US,Texas,Wood,664,40,0,32.78722382,-95.38236368,48499.0,1458.0908671688003,6.024096385542169,624,664,40,0,624,655,45129,0,0,0,0,9
2020-11-01,US,Texas,Yoakum,338,7,0,33.17320212,-102.82764329999999,48501.0,3879.260874555262,2.0710059171597632,331,338,7,0,331,319,8591,0,0,0,0,19
2020-11-01,US,Texas,Young,620,11,0,33.17659707,-98.68790885,48503.0,3442.531926707385,1.7741935483870968,609,620,10,0,610,605,18045,0,1,0,-1,15
2020-11-01,US,Texas,Zapata,358,9,0,27.00156391,-99.16987152,48505.0,2524.8607094999647,2.5139664804469275,349,358,9,0,349,357,14190,0,0,0,0,1
2020-11-01,US,Texas,Zavala,470,19,0,28.86617238,-99.76050829,48507.0,3969.5945945945946,4.042553191489361,451,470,19,0,451,470,11983,0,0,0,0,0
2020-11-01,US,Utah,Bear River,5614,19,0,41.52106798,-113.08328159999999,0.0,3005.063751886863,0.3384396152475953,5595,5529,18,0,5511,5438,,85,1,0,84,91
2020-11-01,US,Utah,Central Utah,1435,10,0,39.37231946,-111.5758676,0.0,1750.9822583400446,0.6968641114982579,1425,1388,10,0,1378,1358,,47,0,0,47,30
2020-11-01,US,Utah,Davis,9044,43,0,40.99001837,-112.1139997,49011.0,2544.1584782309037,0.475453339230429,9001,8870,42,0,8828,8720,351713,174,1,0,173,150
2020-11-01,US,Utah,Salt Lake,49887,313,0,40.66616532,-111.92160109999999,49035.0,4298.983917265651,0.627417964599996,49574,49087,308,0,48779,48330,1152633,800,5,0,795,757
2020-11-01,US,Utah,San Juan,848,30,0,37.62762978,-109.80337140000002,49037.0,5539.587143977004,3.537735849056604,818,843,30,0,813,839,15449,5,0,0,5,4
2020-11-01,US,Utah,Southeast Utah,566,6,0,38.99617072,-110.70139579999999,0.0,1406.9452385095328,1.060070671378092,560,548,5,0,543,532,,18,1,0,17,16
2020-11-01,US,Utah,Southwest Utah,6568,57,0,37.85447192,-111.4418764,0.0,2605.9148872013393,0.8678440925700366,6511,6474,57,0,6417,6380,,94,0,0,94,94
2020-11-01,US,Utah,Summit,1511,1,0,40.86688146,-110.9535882,49043.0,3585.241428401945,0.06618133686300462,1510,1495,1,0,1494,1458,41933,16,0,0,16,37
2020-11-01,US,Utah,Tooele,1597,4,0,40.44862644,-113.12957150000001,49045.0,2210.1053156008247,0.2504696305572949,1593,1569,4,0,1565,1533,69907,28,0,0,28,36
2020-11-01,US,Utah,TriCounty,541,3,0,40.12491499,-109.5174415,0.0,955.4590088658116,0.5545286506469501,538,525,3,0,522,502,,16,0,0,16,23
2020-11-01,US,Utah,Utah,30400,83,0,40.116672200000004,-111.66576620000001,49049.0,4778.1087176907895,0.2730263157894737,30317,30032,81,0,29951,29643,622213,368,2,0,366,389
2020-11-01,US,Utah,Wasatch,1219,9,0,40.33110236,-111.1691419,49051.0,3575.723798069872,0.7383100902379001,1210,1204,9,0,1195,1187,33240,15,0,0,15,17
2020-11-01,US,Utah,Weber-Morgan,7280,36,0,41.27116049,-111.9145117,0.0,2673.158623323309,0.4945054945054945,7244,7092,36,0,7056,7012,,188,0,0,188,80
2020-11-01,US,Vermont,Addison,124,2,0,44.03217337,-73.14130877,50001.0,337.1672512711749,1.6129032258064515,122,124,2,0,122,123,36973,0,0,0,0,1
2020-11-01,US,Vermont,Bennington,142,1,0,43.03519828,-73.09048868,50003.0,400.3383140682267,0.7042253521126759,141,142,1,0,141,142,35631,0,0,0,0,0
2020-11-01,US,Vermont,Caledonia,46,0,0,44.46548598,-72.10314651,50005.0,153.36911946120762,0.0,46,45,0,0,45,44,30302,1,0,0,1,1
2020-11-01,US,Vermont,Chittenden,1009,39,0,44.46322849,-73.08359212,50007.0,616.0929085202779,3.8652130822596633,970,1001,39,0,962,994,164572,8,0,0,8,7
2020-11-01,US,Vermont,Essex,9,0,0,44.72736416,-71.73579864,50009.0,146.0327762453351,0.0,9,7,0,0,7,7,6250,2,0,0,2,0
2020-11-01,US,Vermont,Franklin,143,7,0,44.85627605,-72.91249563,50011.0,289.4619651026273,4.895104895104895,136,143,7,0,136,142,49421,0,0,0,0,1
2020-11-01,US,Vermont,Grand Isle,17,0,0,44.797582399999996,-73.29679772,50013.0,234.96890117484446,0.0,17,17,0,0,17,17,7090,0,0,0,0,0
2020-11-01,US,Vermont,Lamoille,63,1,0,44.60353043,-72.64356694,50015.0,248.403122782115,1.5873015873015872,62,63,1,0,62,63,25300,0,0,0,0,0
2020-11-01,US,Vermont,Orange,38,0,0,44.00470222,-72.37640104,50017.0,131.52429738335871,0.0,38,38,0,0,38,34,28999,0,0,0,0,4
2020-11-01,US,Vermont,Orleans,42,0,0,44.82964024,-72.24562697,50019.0,155.34267855161443,0.0,42,40,0,0,40,35,26907,2,0,0,2,5
2020-11-01,US,Vermont,Rutland,137,1,0,43.57723578,-73.03741676,50021.0,235.431595951264,0.7299270072992701,136,137,1,0,136,137,58672,0,0,0,0,0
2020-11-01,US,Vermont,Unassigned,8,0,0,0.0,0.0,90050.0,0.0,0.0,8,8,0,0,8,8,,0,0,0,0,0
2020-11-01,US,Vermont,Washington,137,2,0,44.27343241,-72.61604978,50023.0,234.55289424574985,1.45985401459854,135,134,2,0,132,133,58140,3,0,0,3,1
2020-11-01,US,Vermont,Windham,153,3,0,42.986982,-72.71268875,50025.0,362.37032826488564,1.96078431372549,150,152,3,0,149,151,42756,1,0,0,1,1
2020-11-01,US,Vermont,Windsor,128,2,0,43.58010937,-72.58595157,50027.0,232.46522102357346,1.5625,126,128,2,0,126,125,55286,0,0,0,0,3
2020-11-01,US,Virginia,Accomack,1227,19,0,37.76707161,-75.63234615,51001.0,3796.8808020794654,1.5484922575387123,1208,1223,19,0,1204,1219,32412,4,0,0,4,4
2020-11-01,US,Virginia,Albemarle,1612,24,0,38.02080697,-78.55481085,51003.0,1474.435196195006,1.488833746898263,1588,1612,24,0,1588,1606,108718,0,0,0,0,6
2020-11-01,US,Virginia,Alexandria,4349,74,0,38.814003,-77.08183073,51510.0,2727.877160850039,1.7015405840423086,4275,4337,74,0,4263,4303,160530,12,0,0,12,34
2020-11-01,US,Virginia,Alleghany,154,4,0,37.78636074,-80.00222498,51005.0,1036.3391655450876,2.5974025974025974,150,123,4,0,119,115,14910,31,0,0,31,8
2020-11-01,US,Virginia,Amelia,150,6,0,37.34081025,-77.98584649,51007.0,1141.1182959300113,4.0,144,148,6,0,142,148,13013,2,0,0,2,0
2020-11-01,US,Virginia,Amherst,626,6,0,37.60308293,-79.14548696,51009.0,1980.6992564467648,0.9584664536741214,620,623,6,0,617,619,31666,3,0,0,3,4
2020-11-01,US,Virginia,Appomattox,308,6,0,37.37569884,-78.81340003,51011.0,1935.7677078750546,1.9480519480519483,302,308,6,0,302,303,15841,0,0,0,0,5
2020-11-01,US,Virginia,Arlington,4764,154,0,38.8767675,-77.10139853,51013.0,2011.4675606522492,3.2325776658270358,4610,4714,154,0,4560,4686,237521,50,0,0,50,28
2020-11-01,US,Virginia,Augusta,718,9,0,38.16404586,-79.12461614,51015.0,950.263373832023,1.2534818941504178,709,707,9,0,698,701,75457,11,0,0,11,6
2020-11-01,US,Virginia,Bath,26,0,0,38.05852573,-79.73912095,51017.0,626.9592476489029,0.0,26,26,0,0,26,25,4292,0,0,0,0,1
2020-11-01,US,Virginia,Bedford,1308,18,0,37.3080028,-79.5281964,51019.0,1655.7590794587134,1.3761467889908257,1290,1297,18,0,1279,1283,78747,11,0,0,11,14
2020-11-01,US,Virginia,Bland,79,5,0,37.13128068,-81.13599391,51021.0,1257.9617834394905,6.329113924050633,74,78,5,0,73,73,6293,1,0,0,1,5
2020-11-01,US,Virginia,Botetourt,479,12,0,37.55531756,-79.80982182,51023.0,1433.3163769113378,2.5052192066805845,467,451,12,0,439,414,33277,28,0,0,28,37
2020-11-01,US,Virginia,Bristol,314,7,0,36.616302399999995,-82.16359122,51520.0,1873.2848108817568,2.2292993630573252,307,314,7,0,307,304,16482,0,0,0,0,10
2020-11-01,US,Virginia,Brunswick,424,5,0,36.76366949,-77.8593436,51025.0,2612.2851333867293,1.179245283018868,419,424,5,0,419,424,16384,0,0,0,0,0
2020-11-01,US,Virginia,Buchanan,276,4,0,37.26818323,-82.03749726,51027.0,1314.0354218244145,1.4492753623188406,272,275,4,0,271,273,21221,1,0,0,1,2
2020-11-01,US,Virginia,Buckingham,763,9,0,37.57242268,-78.52518834,51029.0,4449.498483788197,1.1795543905635648,754,758,9,0,749,756,16999,5,0,0,5,2
2020-11-01,US,Virginia,Buena Vista,129,1,0,37.73484642,-79.35296097,51530.0,1991.3553565915408,0.7751937984496124,128,125,1,0,124,124,6237,4,0,0,4,1
2020-11-01,US,Virginia,Campbell,784,9,0,37.20553386,-79.09678609,51031.0,1428.4412863259545,1.1479591836734695,775,778,9,0,769,771,54973,6,0,0,6,7
2020-11-01,US,Virginia,Caroline,450,6,0,38.02679129,-77.34901405,51033.0,1464.605370219691,1.3333333333333333,444,448,6,0,442,435,30772,2,0,0,2,13
2020-11-01,US,Virginia,Carroll,635,29,0,36.73066666,-80.73455942,51035.0,2131.5162297338125,4.5669291338582685,606,631,29,0,602,625,29636,4,0,0,4,6
2020-11-01,US,Virginia,Charles City,104,5,0,37.35358063,-77.05634116,51036.0,1493.6090765474646,4.807692307692308,99,103,5,0,98,102,6941,1,0,0,1,1
2020-11-01,US,Virginia,Charlotte,225,1,0,37.01909701,-78.66314092,51037.0,1893.939393939394,0.4444444444444444,224,221,1,0,220,221,11938,4,0,0,4,0
2020-11-01,US,Virginia,Charlottesville,1625,31,0,38.03527919,-78.48569588,51540.0,3437.989252316676,1.907692307692308,1594,1619,31,0,1588,1615,48117,6,0,0,6,4
2020-11-01,US,Virginia,Chesapeake,5038,79,0,36.67670048,-76.30545744,51550.0,2057.7123368799394,1.5680825724493848,4959,5010,79,0,4931,4972,242634,28,0,0,28,38
2020-11-01,US,Virginia,Chesterfield,7302,120,0,37.37373208,-77.58680140000001,51041.0,2069.716158071666,1.6433853738701725,7182,7274,120,0,7154,7212,348556,28,0,0,28,62
2020-11-01,US,Virginia,Clarke,125,1,0,39.11271747,-77.99199425,51043.0,855.0516451193653,0.8,124,122,1,0,121,121,14523,3,0,0,3,1
2020-11-01,US,Virginia,Colonial Heights,317,26,0,37.26420587,-77.39609676,51570.0,1824.985607369027,8.201892744479496,291,316,26,0,290,312,17833,1,0,0,1,4
2020-11-01,US,Virginia,Covington,50,0,0,37.7824656,-79.98631446,51580.0,902.853015529072,0.0,50,39,0,0,39,37,5460,11,0,0,11,2
2020-11-01,US,Virginia,Craig,61,0,0,37.48133648,-80.21072274,51045.0,1188.8520756187875,0.0,61,59,0,0,59,50,5064,2,0,0,2,9
2020-11-01,US,Virginia,Culpeper,1401,18,0,38.48199985,-77.95630870000002,51047.0,2663.244938694041,1.284796573875803,1383,1394,18,0,1376,1393,51859,7,0,0,7,1
2020-11-01,US,Virginia,Cumberland,126,2,0,37.51328851,-78.24398086,51049.0,1268.6266612968186,1.5873015873015872,124,122,2,0,120,123,9809,4,0,0,4,-1
2020-11-01,US,Virginia,Danville,1253,44,0,36.58022376,-79.40395668,51590.0,3129.058036160224,3.5115722266560256,1209,1246,44,0,1202,1229,40693,7,0,0,7,17
2020-11-01,US,Virginia,Dickenson,155,1,0,37.12560977,-82.35124171,51051.0,1082.5534292498953,0.6451612903225806,154,153,1,0,152,146,14523,2,0,0,2,7
2020-11-01,US,Virginia,Dinwiddie,540,12,0,37.07544585,-77.63451754,51053.0,1891.8161434977576,2.2222222222222223,528,540,12,0,528,536,28529,0,0,0,0,4
2020-11-01,US,Virginia,Emporia,300,28,0,36.69455571,-77.53406129,51595.0,5611.672278338945,9.333333333333334,272,300,28,0,272,299,5121,0,0,0,0,1
2020-11-01,US,Virginia,Essex,201,2,0,37.93357639,-76.94230311,51057.0,1835.1136674883594,0.9950248756218906,199,201,2,0,199,200,10919,0,0,0,0,1
2020-11-01,US,Virginia,Fairfax,24233,605,0,38.83677558,-77.27565836,51059.0,2111.749389123789,2.4965955515206537,23628,24103,605,0,23498,23944,1150795,130,0,0,130,159
2020-11-01,US,Virginia,Fairfax,24233,605,0,38.83677558,-77.27565836,51059.0,2111.749389123789,2.4965955515206537,23628,24103,605,0,23498,23944,24574,130,0,0,130,159
2020-11-01,US,Virginia,Fairfax City,164,8,0,38.85157547,-77.29779640000002,51600.0,682.7927890420084,4.878048780487805,156,164,8,0,156,163,24574,0,0,0,0,1
2020-11-01,US,Virginia,Falls Church,78,7,0,38.88485255,-77.17560759,51610.0,533.6252308955326,8.974358974358974,71,76,7,0,69,75,14772,2,0,0,2,1
2020-11-01,US,Virginia,Fauquier,1122,27,0,38.73564842,-77.80647472,51061.0,1575.3559293476737,2.406417112299465,1095,1117,27,0,1090,1114,70675,5,0,0,5,3
2020-11-01,US,Virginia,Floyd,257,15,0,36.9302126,-80.36738849,51063.0,1631.8496412470633,5.836575875486381,242,253,15,0,238,250,15795,4,0,0,4,3
2020-11-01,US,Virginia,Fluvanna,436,9,0,37.84157909,-78.27715475,51065.0,1598.8265493215988,2.0642201834862384,427,435,9,0,426,433,26783,1,0,0,1,2
2020-11-01,US,Virginia,Franklin,945,6,0,36.99536167,-79.88023649,51067.0,1686.2353235073695,0.6349206349206349,939,921,6,0,915,902,56195,24,0,0,24,19
2020-11-01,US,Virginia,Franklin,945,6,0,36.99536167,-79.88023649,51067.0,1686.2353235073695,0.6349206349206349,939,921,6,0,915,902,8013,24,0,0,24,19
2020-11-01,US,Virginia,Franklin City,508,13,0,36.6831435,-76.93859681,51620.0,6376.3022467679175,2.559055118110236,495,507,13,0,494,506,8013,1,0,0,1,1
2020-11-01,US,Virginia,Frederick,1215,13,0,39.20172582,-78.25974949,51069.0,1360.3842665681368,1.0699588477366255,1202,1207,14,0,1193,1195,88355,8,-1,0,9,12
2020-11-01,US,Virginia,Fredericksburg,599,6,0,38.2977863,-77.4922454,51630.0,2062.956330073013,1.001669449081803,593,597,6,0,591,594,29144,2,0,0,2,3
2020-11-01,US,Virginia,Galax,460,30,0,36.66601852,-80.91703124,51640.0,7247.518512683157,6.521739130434782,430,460,30,0,430,455,6423,0,0,0,0,5
2020-11-01,US,Virginia,Giles,146,0,0,37.31234791,-80.70636931,51071.0,873.2057416267943,0.0,146,143,0,0,143,140,16844,3,0,0,3,3
2020-11-01,US,Virginia,Gloucester,357,3,0,37.40809042,-76.53524337,51073.0,955.8744778836883,0.8403361344537815,354,355,3,0,352,352,37349,2,0,0,2,3
2020-11-01,US,Virginia,Goochland,340,7,0,37.71714806,-77.90381514,51075.0,1431.398139182419,2.0588235294117645,333,335,7,0,328,331,23244,5,0,0,5,4
2020-11-01,US,Virginia,Grayson,395,19,0,36.65677234,-81.23215889,51077.0,2540.192926045016,4.810126582278482,376,394,19,0,375,392,15631,1,0,0,1,2
2020-11-01,US,Virginia,Greene,298,3,0,38.29545894,-78.46525378,51079.0,1503.6076492254904,1.0067114093959733,295,294,3,0,291,294,19779,4,0,0,4,0
2020-11-01,US,Virginia,Greensville,909,15,0,36.67878901,-77.56351439,51081.0,8018.701482004233,1.6501650165016502,894,907,15,0,892,906,11627,2,0,0,2,1
2020-11-01,US,Virginia,Halifax,553,8,0,36.76654925,-78.93512622,51083.0,1630.739288136593,1.4466546112115732,545,550,8,0,542,545,34120,3,0,0,3,5
2020-11-01,US,Virginia,Hampton,2199,33,0,37.03513786,-76.35879121,51650.0,1634.8226897628424,1.500682128240109,2166,2163,33,0,2130,2147,134313,36,0,0,36,16
2020-11-01,US,Virginia,Hanover,1721,44,0,37.7583355,-77.49464673,51085.0,1596.978638902808,2.5566531086577573,1677,1705,44,0,1661,1672,107239,16,0,0,16,33
2020-11-01,US,Virginia,Harrisonburg,3135,35,0,38.43542574,-78.87536254,51660.0,5913.309189678586,1.116427432216906,3100,3127,35,0,3092,3113,54033,8,0,0,8,14
2020-11-01,US,Virginia,Henrico,6526,240,0,37.53460572,-77.39326555,51087.0,1972.6858877086493,3.677597303095311,6286,6472,240,0,6232,6439,329261,54,0,0,54,33
2020-11-01,US,Virginia,Henry,1397,32,0,36.68542395,-79.87634026,51089.0,2763.217754218012,2.290622763063708,1365,1384,32,0,1352,1365,50953,13,0,0,13,19
2020-11-01,US,Virginia,Highland,10,0,0,38.35799465,-79.56124594,51091.0,456.6210045662101,0.0,10,10,0,0,10,10,2210,0,0,0,0,0
2020-11-01,US,Virginia,Hopewell,529,8,0,37.29186313,-77.29754684,51670.0,2348.084690842913,1.5122873345935728,521,529,8,0,521,528,22596,0,0,0,0,1
2020-11-01,US,Virginia,Isle of Wight,883,26,0,36.90579348,-76.70842863,51093.0,2379.4766768169447,2.9445073612684034,857,882,26,0,856,878,36953,1,0,0,1,4
2020-11-01,US,Virginia,James City,969,22,0,37.31156958,-76.76950618,51095.0,1266.2859532428156,2.2703818369453046,947,967,22,0,945,965,76397,2,0,0,2,2
2020-11-01,US,Virginia,King George,290,5,0,38.26818502,-77.15852768,51099.0,1080.6379490236995,1.7241379310344829,285,289,5,0,284,284,26575,1,0,0,1,5
2020-11-01,US,Virginia,King William,213,4,0,37.70965316,-77.09384941,51101.0,1242.1273617914626,1.8779342723004693,209,212,4,0,208,212,16939,1,0,0,1,0
2020-11-01,US,Virginia,King and Queen,87,2,0,37.71044922,-76.88689628,51097.0,1238.4341637010675,2.2988505747126435,85,87,2,0,85,85,7042,0,0,0,0,2
2020-11-01,US,Virginia,Lancaster,204,1,0,37.71889653,-76.46400482,51103.0,1923.983778175988,0.4901960784313725,203,204,1,0,203,202,10783,0,0,0,0,2
2020-11-01,US,Virginia,Lee,579,10,0,36.70586667,-83.12606515,51105.0,2471.9293002604277,1.7271157167530224,569,536,10,0,526,516,23541,43,0,0,43,20
2020-11-01,US,Virginia,Lexington,257,1,0,37.78258621,-79.44262866,51678.0,3451.517593338705,0.3891050583657588,256,253,1,0,252,246,7136,4,0,0,4,7
2020-11-01,US,Virginia,Loudoun,8048,132,0,39.08990083,-77.63481877,51107.0,1946.1331244045289,1.640159045725646,7916,7981,131,0,7850,7946,406850,67,1,0,66,35
2020-11-01,US,Virginia,Louisa,414,8,0,37.97850256,-77.96274807,51109.0,1101.3274453991646,1.932367149758454,406,410,8,0,402,410,36778,4,0,0,4,0
2020-11-01,US,Virginia,Lunenburg,156,4,0,36.94618528,-78.24133319,51111.0,1279.1079042308954,2.5641025641025643,152,155,4,0,151,154,12086,1,0,0,1,1
2020-11-01,US,Virginia,Lynchburg,2091,27,0,37.40021399,-79.19888138,51680.0,2544.7862915003407,1.2912482065997128,2064,2078,27,0,2051,2043,82126,13,0,0,13,35
2020-11-01,US,Virginia,Madison,145,3,0,38.41531222,-78.28220331,51113.0,1093.4318678832667,2.0689655172413794,142,139,3,0,136,133,13295,6,0,0,6,6
2020-11-01,US,Virginia,Manassas,2058,27,0,38.7464321,-77.48509905,51683.0,5009.127418765973,1.3119533527696794,2031,2059,27,0,2032,2054,41641,-1,0,0,-1,5
2020-11-01,US,Virginia,Manassas Park,657,8,0,38.77058531,-77.44399307,51685.0,3759.0113285272914,1.21765601217656,649,658,8,0,650,654,17307,-1,0,0,-1,4
2020-11-01,US,Virginia,Martinsville,497,25,0,36.68212094,-79.86352771,51690.0,3958.8975625298713,5.030181086519113,472,497,25,0,472,494,12902,0,0,0,0,3
2020-11-01,US,Virginia,Mathews,137,0,0,37.44164146,-76.34098896,51115.0,1550.826352728096,0.0,137,137,0,0,137,137,8802,0,0,0,0,0
2020-11-01,US,Virginia,Mecklenburg,904,35,0,36.67882005,-78.36131056,51117.0,2955.5039722758033,3.871681415929204,869,901,35,0,866,899,30650,3,0,0,3,2
2020-11-01,US,Virginia,Middlesex,148,11,0,37.63191998,-76.55064617,51119.0,1398.6013986013986,7.432432432432432,137,147,11,0,136,147,10769,1,0,0,1,0
2020-11-01,US,Virginia,Montgomery,2958,5,0,37.17746986,-80.37868691,51121.0,3001.978992236261,0.16903313049357674,2953,2937,5,0,2932,2884,98985,21,0,0,21,53
2020-11-01,US,Virginia,Nelson,141,2,0,37.78790447,-78.88498513,51125.0,944.4072337575352,1.4184397163120568,139,140,2,0,138,140,14836,1,0,0,1,0
2020-11-01,US,Virginia,New Kent,302,3,0,37.50694406,-76.99828634,51127.0,1307.8688666580051,0.9933774834437086,299,301,3,0,298,295,22391,1,0,0,1,6
2020-11-01,US,Virginia,Newport News,3282,51,0,37.08166899,-76.51754109,51700.0,1831.2177430603988,1.553930530164534,3231,3266,51,0,3215,3247,178626,16,0,0,16,19
2020-11-01,US,Virginia,Norfolk,5494,84,0,36.89934014,-76.26420872,51710.0,2263.3083685559154,1.5289406625409538,5410,5493,84,0,5409,5445,244076,1,0,0,1,48
2020-11-01,US,Virginia,Northampton,320,31,0,37.34062933,-75.87751591,51131.0,2732.707087959009,9.6875,289,320,31,0,289,320,11735,0,0,0,0,0
2020-11-01,US,Virginia,Northumberland,226,7,0,37.89202088,-76.41949732,51133.0,1868.5407193054984,3.0973451327433628,219,226,7,0,219,224,12147,0,0,0,0,2
2020-11-01,US,Virginia,Norton,52,0,0,36.93357076,-82.62750411,51720.0,1306.2044712383822,0.0,52,52,0,0,52,51,3968,0,0,0,0,1
2020-11-01,US,Virginia,Nottoway,368,21,0,37.1435975,-78.05065922,51135.0,2415.9663865546217,5.706521739130435,347,361,21,0,340,359,15420,7,0,0,7,2
2020-11-01,US,Virginia,Orange,427,5,0,38.24530219,-78.01560400000002,51137.0,1152.4655204987719,1.17096018735363,422,421,5,0,416,419,36644,6,0,0,6,2
2020-11-01,US,Virginia,Page,488,31,0,38.61807452,-78.48797204,51139.0,2041.6701531252613,6.352459016393442,457,488,31,0,457,483,23933,0,0,0,0,5
2020-11-01,US,Virginia,Patrick,337,27,0,36.680163799999995,-80.2865648,51141.0,1913.9027714675146,8.011869436201781,310,334,27,0,307,327,17673,3,0,0,3,7
2020-11-01,US,Virginia,Petersburg,955,30,0,37.20530399,-77.39368102,51730.0,3046.640719709054,3.141361256544503,925,955,30,0,925,948,31567,0,0,0,0,7
2020-11-01,US,Virginia,Pittsylvania,1373,17,0,36.81980341,-79.39731264,51143.0,2274.911356330981,1.2381646030589952,1356,1358,17,0,1341,1339,60949,15,0,0,15,19
2020-11-01,US,Virginia,Poquoson,102,2,0,37.14259351,-76.35798148,51735.0,831.2280987694562,1.96078431372549,100,101,2,0,99,98,12190,1,0,0,1,3
2020-11-01,US,Virginia,Portsmouth,2865,69,0,36.85914825,-76.35971629,51740.0,3035.0219284306872,2.408376963350785,2796,2863,69,0,2794,2858,94632,2,0,0,2,5
2020-11-01,US,Virginia,Powhatan,324,5,0,37.55016038,-77.91267882,51145.0,1092.6750303520841,1.5432098765432098,319,321,5,0,316,316,29189,3,0,0,3,5
2020-11-01,US,Virginia,Prince Edward,783,13,0,37.22554789,-78.43597949,51147.0,3433.9093062012103,1.6602809706257982,770,778,13,0,765,774,22950,5,0,0,5,4
2020-11-01,US,Virginia,Prince George,1124,7,0,37.18497668,-77.22922187,51149.0,2930.6703517325896,0.6227758007117438,1117,1124,7,0,1117,1116,38082,0,0,0,0,8
2020-11-01,US,Virginia,Prince William,14554,223,0,38.70916224,-77.48713689,51153.0,3094.3901687095367,1.5322248179194724,14331,14513,223,0,14290,14447,468011,41,0,0,41,66
2020-11-01,US,Virginia,Pulaski,314,6,0,37.06474963,-80.71229738,51155.0,922.7966026978577,1.9108280254777068,308,313,6,0,307,303,34066,1,0,0,1,10
2020-11-01,US,Virginia,Radford,964,1,0,37.12222899,-80.56027320000003,51750.0,5282.48123184832,0.1037344398340249,963,962,1,0,961,955,18339,2,0,0,2,7
2020-11-01,US,Virginia,Rappahannock,70,2,0,38.68295619,-78.15826963,51157.0,949.796472184532,2.8571428571428568,68,69,2,0,67,70,7252,1,0,0,1,-1
2020-11-01,US,Virginia,Richmond,371,4,0,37.937575,-76.72920628,51159.0,4111.714507370054,1.0781671159029649,367,372,4,0,368,373,9038,-1,0,0,-1,-1
2020-11-01,US,Virginia,Richmond City,5456,77,0,37.53255773,-77.47966921,51760.0,2367.6856046798243,1.4112903225806452,5379,5415,77,0,5338,5394,228783,41,0,0,41,21
2020-11-01,US,Virginia,Roanoke,1651,15,0,37.26865804,-80.06396753,51161.0,1752.914445883677,0.9085402786190188,1636,1642,15,0,1627,1575,94073,9,0,0,9,67
2020-11-01,US,Virginia,Roanoke City,2951,43,0,37.27791025,-79.96189766,51770.0,2976.5086793823066,1.4571331751948493,2908,2920,43,0,2877,2877,99920,31,0,0,31,43
2020-11-01,US,Virginia,Rockbridge,155,3,0,37.81204314,-79.44605905,51163.0,686.6610552429894,1.935483870967742,152,154,3,0,151,153,22752,1,0,0,1,1
2020-11-01,US,Virginia,Rockingham,1820,27,0,38.51006137,-78.87260325,51165.0,2220.920583784839,1.4835164835164836,1793,1785,27,0,1758,1777,81244,35,0,0,35,8
2020-11-01,US,Virginia,Russell,527,8,0,36.93028320000001,-82.10095486,51167.0,1982.246295042504,1.5180265654648957,519,521,8,0,513,507,26748,6,0,0,6,14
2020-11-01,US,Virginia,Salem,613,10,0,37.2836193,-80.06219455,51775.0,2422.829137188253,1.6313213703099512,603,612,10,0,602,595,25643,1,0,0,1,17
2020-11-01,US,Virginia,Scott,461,6,0,36.71466456,-82.60171704,51169.0,2137.6240378373363,1.3015184381778742,455,445,6,0,439,423,21534,16,0,0,16,22
2020-11-01,US,Virginia,Shenandoah,999,61,0,38.85905135,-78.56813762,51171.0,2290.443873807777,6.106106106106106,938,996,61,0,935,986,43497,3,0,0,3,10
2020-11-01,US,Virginia,Smyth,655,27,0,36.84455636,-81.53344948,51173.0,2175.7905926122776,4.122137404580153,628,645,27,0,618,638,30472,10,0,0,10,7
2020-11-01,US,Virginia,Southampton,936,38,0,36.72231125,-77.10642712,51175.0,5308.831036242981,4.05982905982906,898,936,38,0,898,933,17586,0,0,0,0,3
2020-11-01,US,Virginia,Spotsylvania,2509,55,0,38.18574462,-77.655399,51177.0,1841.941049076827,2.19210840972499,2454,2494,54,0,2440,2479,134238,15,1,0,14,15
2020-11-01,US,Virginia,Stafford,2452,21,0,38.41758738,-77.45917053,51179.0,1603.851336324747,0.8564437194127243,2431,2440,21,0,2419,2408,149960,12,0,0,12,32
2020-11-01,US,Virginia,Staunton,426,4,0,38.15965544,-79.05979937,51790.0,1708.6475212578214,0.9389671361502347,422,414,4,0,410,404,24922,12,0,0,12,10
2020-11-01,US,Virginia,Suffolk,2346,78,0,36.70155394,-76.63603554,51800.0,2547.010031701915,3.3248081841432224,2268,2345,78,0,2267,2324,91185,1,0,0,1,21
2020-11-01,US,Virginia,Surry,142,5,0,37.11781893,-76.88450012,51181.0,2211.149174711928,3.5211267605633805,137,142,5,0,137,142,6474,0,0,0,0,0
2020-11-01,US,Virginia,Sussex,643,13,0,36.92432914,-77.25791182,51183.0,5762.16506855453,2.021772939346812,630,643,13,0,630,641,11237,0,0,0,0,2
2020-11-01,US,Virginia,Tazewell,557,2,0,37.12191123,-81.56685568,51185.0,1372.0901588865624,0.3590664272890485,555,551,2,0,549,546,40855,6,0,0,6,5
2020-11-01,US,Virginia,Virginia Beach,8184,107,0,36.73285734,-76.04566934,51810.0,1818.7717512567392,1.3074291300097751,8077,8119,107,0,8012,8057,450189,65,0,0,65,62
2020-11-01,US,Virginia,Warren,621,21,0,38.90847745,-78.20280433,51187.0,1546.1607409620553,3.3816425120772946,600,619,21,0,598,615,40003,2,0,0,2,4
2020-11-01,US,Virginia,Washington,1078,26,0,36.72341572,-81.95666289,51191.0,2005.954596203945,2.411873840445269,1052,1055,26,0,1029,1019,54402,23,0,0,23,36
2020-11-01,US,Virginia,Waynesboro,407,4,0,38.06451466,-78.90293905,51820.0,1798.497569597879,0.9828009828009828,403,403,4,0,399,400,22628,4,0,0,4,3
2020-11-01,US,Virginia,Westmoreland,351,5,0,38.11021557,-76.80213247,51193.0,1948.3763530391336,1.4245014245014245,346,351,5,0,346,348,17830,0,0,0,0,3
2020-11-01,US,Virginia,Williamsburg,225,8,0,37.28131268,-76.70905141,51830.0,1504.6141500601846,3.555555555555556,217,223,8,0,215,219,14896,2,0,0,2,4
2020-11-01,US,Virginia,Winchester,643,5,0,39.17054517,-78.17325058,51840.0,2290.049148799772,0.7776049766718507,638,631,5,0,626,627,28108,12,0,0,12,4
2020-11-01,US,Virginia,Wise,712,10,0,36.9746148,-82.62410519,51195.0,1904.6090468929726,1.404494382022472,702,693,10,0,683,669,38012,19,0,0,19,24
2020-11-01,US,Virginia,Wythe,353,7,0,36.91582035,-81.07834059,51197.0,1230.6512341374982,1.9830028328611895,346,351,7,0,344,343,28754,2,0,0,2,8
2020-11-01,US,Virginia,York,658,9,0,37.24374789,-76.54412815,51199.0,963.6789689513766,1.3677811550151977,649,658,9,0,649,650,67846,0,0,0,0,8
2020-11-01,US,Washington,Adams,935,11,0,46.98299757,-118.56017340000001,53001.0,4678.9771305609775,1.1764705882352942,924,935,11,0,924,928,19759,0,0,0,0,7
2020-11-01,US,Washington,Asotin,294,8,0,46.18894415,-117.2022851,53003.0,1301.9218846869187,2.7210884353741496,286,278,8,0,270,275,22610,16,0,0,16,3
2020-11-01,US,Washington,Benton,5385,135,0,46.23946995,-119.51208340000001,53005.0,2634.6690151181565,2.5069637883008355,5250,5342,135,0,5207,5292,201877,43,0,0,43,50
2020-11-01,US,Washington,Chelan,2025,17,0,47.87046092,-120.6173956,53007.0,2623.056994818653,0.8395061728395061,2008,2018,17,0,2001,2014,77036,7,0,0,7,4
2020-11-01,US,Washington,Clallam,271,1,0,48.04754642,-123.92263190000001,53009.0,350.4416081519701,0.3690036900369004,270,271,1,0,270,269,76737,0,0,0,0,2
2020-11-01,US,Washington,Clark,4566,79,0,45.77568046,-122.48292040000001,53011.0,935.1938899027324,1.7301795882610602,4487,4514,79,0,4435,4473,481857,52,0,0,52,41
2020-11-01,US,Washington,Columbia,17,1,0,46.29442881,-117.9051983,53013.0,426.59974905897116,5.882352941176472,16,17,1,0,16,16,4059,0,0,0,0,1
2020-11-01,US,Washington,Cowlitz,832,7,0,46.19074721,-122.6782231,53015.0,752.3080122611739,0.8413461538461539,825,831,7,0,824,823,108987,1,0,0,1,8
2020-11-01,US,Washington,Douglas,1243,11,0,47.7361335,-119.69293700000001,53017.0,2862.1428078012377,0.8849557522123894,1232,1240,11,0,1229,1239,42907,3,0,0,3,1
2020-11-01,US,Washington,Ferry,35,0,0,48.471143100000006,-118.5154041,53019.0,458.89602727153533,0.0,35,35,0,0,35,35,7649,0,0,0,0,0
2020-11-01,US,Washington,Franklin,4948,68,0,46.53351425,-118.9018212,53021.0,5196.278171010901,1.3742926434923202,4880,4918,68,0,4850,4885,94347,30,0,0,30,33
2020-11-01,US,Washington,Garfield,26,0,0,46.43197502,-117.54540320000001,53023.0,1168.5393258426966,0.0,26,26,0,0,26,23,2247,0,0,0,0,3
2020-11-01,US,Washington,Grant,3382,28,0,47.20753737,-119.4500749,53025.0,3460.448364421434,0.8279124778237729,3354,3376,28,0,3348,3363,97331,6,0,0,6,13
2020-11-01,US,Washington,Grays Harbor,726,11,0,47.14003705,-123.7820567,53027.0,967.2133331557001,1.5151515151515151,715,722,11,0,711,719,73901,4,0,0,4,3
2020-11-01,US,Washington,Island,404,12,0,48.14713305,-122.5216407,53029.0,474.5069942800766,2.9702970297029703,392,399,12,0,387,393,84460,5,0,0,5,6
2020-11-01,US,Washington,Jefferson,88,0,0,47.75003077,-123.56097040000002,53031.0,273.1138077651221,0.0,88,88,0,0,88,88,31729,0,0,0,0,0
2020-11-01,US,Washington,King,27951,815,0,47.49137892,-121.8346131,53033.0,1240.7325697737288,2.9158169654037422,27136,27735,815,0,26920,27353,2233163,216,0,0,216,382
2020-11-01,US,Washington,Kitsap,1575,22,0,47.63479026,-122.6436061,53035.0,580.1681935220078,1.3968253968253967,1553,1554,22,0,1532,1547,269805,21,0,0,21,7
2020-11-01,US,Washington,Kittitas,775,22,0,47.12521214,-120.67943899999999,53037.0,1616.7727130489209,2.838709677419355,753,775,22,0,753,769,47364,0,0,0,0,6
2020-11-01,US,Washington,Klickitat,214,3,0,45.87325839,-120.7913598,53039.0,954.2920847268672,1.4018691588785046,211,213,3,0,210,211,22107,1,0,0,1,2
2020-11-01,US,Washington,Lewis,757,12,0,46.57756476,-122.39257690000001,53041.0,937.9607716802756,1.5852047556142668,745,744,12,0,732,740,79604,13,0,0,13,4
2020-11-01,US,Washington,Lincoln,81,2,0,47.57705241,-118.41943880000001,53043.0,740.4698784166742,2.469135802469136,79,81,2,0,79,80,10740,0,0,0,0,1
2020-11-01,US,Washington,Mason,540,10,0,47.35007586,-123.1863685,53045.0,808.7706685837527,1.851851851851852,530,537,10,0,527,528,65507,3,0,0,3,9
2020-11-01,US,Washington,Okanogan,1124,11,0,48.54855019,-119.73872240000001,53047.0,2660.7958715053383,0.9786476868327402,1113,1124,11,0,1113,1123,42132,0,0,0,0,1
2020-11-01,US,Washington,Pacific,119,3,0,46.55418369,-123.7285716,53049.0,529.5714476436295,2.5210084033613445,116,119,3,0,116,119,22036,0,0,0,0,0
2020-11-01,US,Washington,Pend Oreille,148,1,0,48.53234021,-117.2741804,53051.0,1078.4027980180706,0.6756756756756757,147,147,1,0,146,145,13602,1,0,0,1,2
2020-11-01,US,Washington,Pierce,10514,227,0,47.03892768,-122.14059579999999,53053.0,1161.7936307984708,2.159026060490774,10287,10431,227,0,10204,10331,891299,83,0,0,83,100
2020-11-01,US,Washington,San Juan,34,0,0,48.60182783,-122.96745,53055.0,193.37959276532814,0.0,34,33,0,0,33,33,17128,1,0,0,1,0
2020-11-01,US,Washington,Skagit,1287,24,0,48.48171488,-121.766131,53057.0,996.091482527766,1.8648018648018647,1263,1265,24,0,1241,1261,128206,22,0,0,22,4
2020-11-01,US,Washington,Skamania,73,1,0,46.02408726,-121.91644029999999,53059.0,604.1545973682033,1.3698630136986298,72,73,1,0,72,73,11924,0,0,0,0,0
2020-11-01,US,Washington,Snohomish,9024,233,0,48.04615983,-121.7170703,53061.0,1097.6993807194651,2.582003546099291,8791,8960,233,0,8727,8881,814901,64,0,0,64,79
2020-11-01,US,Washington,Spokane,9882,203,0,47.62113146,-117.4046494,53063.0,1890.2138110704325,2.054240032382109,9679,9729,203,0,9526,9660,514631,153,0,0,153,69
2020-11-01,US,Washington,Stevens,282,5,0,48.40035475,-117.8542701,53065.0,616.7574306147891,1.7730496453900708,277,278,5,0,273,272,45260,4,0,0,4,6
2020-11-01,US,Washington,Thurston,1694,33,0,46.9291895,-122.82906559999999,53067.0,583.0602748024343,1.9480519480519483,1661,1676,33,0,1643,1656,286419,18,0,0,18,20
2020-11-01,US,Washington,Unassigned,363,3,0,0.0,0.0,90053.0,0.0,0.8264462809917356,360,367,3,0,364,385,,-4,0,0,-4,-18
2020-11-01,US,Washington,Wahkiakum,11,0,0,46.29180039999999,-123.4250831,53069.0,245.09803921568627,0.0,11,10,0,0,10,10,4426,1,0,0,1,0
2020-11-01,US,Washington,Walla Walla,1240,6,0,46.23040051,-118.4775539,53071.0,2040.8163265306125,0.4838709677419355,1234,1219,6,0,1213,1210,60922,21,0,0,21,9
2020-11-01,US,Washington,Whatcom,1615,50,0,48.82227976,-121.74900179999999,53073.0,704.4803203531562,3.095975232198142,1565,1610,50,0,1560,1596,225685,5,0,0,5,14
2020-11-01,US,Washington,Whitman,1832,18,0,46.90022523,-117.52417630000001,53075.0,3656.394699026026,0.982532751091703,1814,1830,18,0,1812,1824,49791,2,0,0,2,6
2020-11-01,US,Washington,Yakima,12003,273,0,46.45738486,-120.73801259999999,53077.0,4784.492552008387,2.274431392151962,11730,11981,273,0,11708,11931,251446,22,0,0,22,50
2020-11-01,US,West Virginia,Barbour,187,1,0,39.1307219,-80.00350858,54001.0,1137.4004014354355,0.5347593582887701,186,187,1,0,186,187,16535,0,0,0,0,0
2020-11-01,US,West Virginia,Berkeley,1692,18,0,39.46704621,-78.02414609,54003.0,1419.8085104597594,1.0638297872340423,1674,1665,18,0,1647,1650,117123,27,0,0,27,15
2020-11-01,US,West Virginia,Boone,408,3,0,38.01974191,-81.69888019,54005.0,1901.4773733513541,0.7352941176470589,405,404,3,0,401,381,21951,4,0,0,4,23
2020-11-01,US,West Virginia,Braxton,73,0,0,38.70036159,-80.72011184,54007.0,523.0350361825607,0.0,73,71,0,0,71,69,14089,2,0,0,2,2
2020-11-01,US,West Virginia,Brooke,249,4,0,40.27367263,-80.57915332,54009.0,1134.9651305893615,1.606425702811245,245,243,4,0,239,239,22203,6,0,0,6,4
2020-11-01,US,West Virginia,Cabell,1548,29,0,38.42424062,-82.23855912,54011.0,1683.6152047419653,1.8733850129198968,1519,1526,29,0,1497,1494,93224,22,0,0,22,32
2020-11-01,US,West Virginia,Calhoun,36,0,0,38.84315422,-81.11934872,54013.0,506.4003376002248,0.0,36,36,0,0,36,36,7254,0,0,0,0,0
2020-11-01,US,West Virginia,Clay,65,3,0,38.46231092,-81.07652217,54015.0,763.9868359191347,4.615384615384615,62,65,3,0,62,64,8632,0,0,0,0,1
2020-11-01,US,West Virginia,Doddridge,72,1,0,39.27057157,-80.70671527,54017.0,852.2727272727273,1.3888888888888888,71,72,1,0,71,71,8406,0,0,0,0,1
2020-11-01,US,West Virginia,Fayette,796,24,0,38.02974928,-81.08286634,54019.0,1877.0928642173278,3.0150753768844223,772,794,24,0,770,787,43018,2,0,0,2,7
2020-11-01,US,West Virginia,Gilmer,65,0,0,38.9251277,-80.85952723,54021.0,830.8832928544036,0.0,65,65,0,0,65,64,8026,0,0,0,0,1
2020-11-01,US,West Virginia,Grant,199,8,0,39.10314817,-79.19440518,54023.0,1720.2627939142462,4.0201005025125625,191,199,8,0,191,198,11626,0,0,0,0,1
2020-11-01,US,West Virginia,Greenbrier,217,4,0,37.9463652,-80.45335881,54025.0,626.045813859558,1.8433179723502304,213,210,4,0,206,204,34786,7,0,0,7,6
2020-11-01,US,West Virginia,Hampshire,144,1,0,39.32103553,-78.60826476,54027.0,621.3592233009707,0.6944444444444444,143,143,1,0,142,140,23347,1,0,0,1,3
2020-11-01,US,West Virginia,Hancock,242,1,0,40.51943859,-80.57461608,54029.0,839.9861159319679,0.4132231404958678,241,234,1,0,233,230,29094,8,0,0,8,4
2020-11-01,US,West Virginia,Hardy,108,1,0,39.00683177,-78.85855301,54031.0,783.9721254355403,0.925925925925926,107,108,1,0,107,107,13775,0,0,0,0,1
2020-11-01,US,West Virginia,Harrison,682,12,0,39.2853852,-80.37919577,54033.0,1014.035922445581,1.7595307917888563,670,680,12,0,668,673,67554,2,0,0,2,7
2020-11-01,US,West Virginia,Jackson,411,24,0,38.84263974,-81.68148753,54035.0,1438.2698768197088,5.8394160583941614,387,410,24,0,386,406,28706,1,0,0,1,4
2020-11-01,US,West Virginia,Jefferson,626,5,0,39.30776166,-77.86014147,54037.0,1095.4397508137054,0.7987220447284346,621,622,5,0,617,614,56811,4,0,0,4,8
2020-11-01,US,West Virginia,Kanawha,3828,106,0,38.33860077,-81.52857054,54039.0,2149.0646965035594,2.7690700104493207,3722,3799,106,0,3693,3732,180454,29,0,0,29,67
2020-11-01,US,West Virginia,Lewis,110,2,0,38.9947249,-80.49988181,54041.0,691.5194568428993,1.818181818181818,108,105,2,0,103,101,16024,5,0,0,5,4
2020-11-01,US,West Virginia,Lincoln,263,2,0,38.172154,-82.07017953,54043.0,1288.647165466216,0.7604562737642585,261,260,2,0,258,258,20599,3,0,0,3,2
2020-11-01,US,West Virginia,Logan,801,46,0,37.8299889,-81.93528571,54045.0,2501.639651456948,5.7428214731585525,755,796,46,0,750,785,32607,5,0,0,5,11
2020-11-01,US,West Virginia,Marion,419,5,0,39.50984542,-80.24244659,54049.0,747.2535311742046,1.1933174224343674,414,410,5,0,405,405,56097,9,0,0,9,5
2020-11-01,US,West Virginia,Marshall,420,4,0,39.86064362,-80.66591062,54051.0,1375.650977694802,0.9523809523809524,416,404,4,0,400,358,30785,16,0,0,16,46
2020-11-01,US,West Virginia,Mason,182,6,0,38.77071799,-82.02524219,54053.0,686.3780359028511,3.2967032967032965,176,179,6,0,173,179,26718,3,0,0,3,0
2020-11-01,US,West Virginia,McDowell,131,1,0,37.38002939,-81.65083669,54047.0,743.3045846572853,0.7633587786259542,130,128,1,0,127,126,18223,3,0,0,3,2
2020-11-01,US,West Virginia,Mercer,803,31,0,37.40481169,-81.11023142,54055.0,1366.6224173729536,3.8605230386052303,772,794,31,0,763,781,59131,9,0,0,9,13
2020-11-01,US,West Virginia,Mineral,244,4,0,39.41561583,-78.94104895,54057.0,908.1435164507964,1.639344262295082,240,239,4,0,235,232,26940,5,0,0,5,7
2020-11-01,US,West Virginia,Mingo,654,10,0,37.73048351,-82.13338365,54059.0,2792.0081967213123,1.529051987767584,644,648,10,0,638,632,23785,6,0,0,6,16
2020-11-01,US,West Virginia,Monongalia,2363,7,0,39.63218457,-80.04766838,54061.0,2237.4351399462184,0.29623360135421073,2356,2348,7,0,2341,2329,106420,15,0,0,15,19
2020-11-01,US,West Virginia,Monroe,266,8,0,37.56274716,-80.54577965,54063.0,2003.7664783427488,3.0075187969924815,258,264,8,0,256,260,13280,2,0,0,2,4
2020-11-01,US,West Virginia,Morgan,157,0,0,39.55439028,-78.26311676,54065.0,877.8796689778572,0.0,157,156,0,0,156,154,17787,1,0,0,1,2
2020-11-01,US,West Virginia,Nicholas,191,3,0,38.29617706,-80.79759588,54067.0,779.7191378184192,1.5706806282722514,188,191,3,0,188,190,24842,0,0,0,0,1
2020-11-01,US,West Virginia,Ohio,638,9,0,40.0955451,-80.62203992,54069.0,1540.6534495665405,1.4106583072100314,629,604,9,0,595,585,41755,34,0,0,34,19
2020-11-01,US,West Virginia,Pendleton,79,1,0,38.68314479,-79.35084086,54071.0,1133.5916200315685,1.2658227848101269,78,77,1,0,76,77,6997,2,0,0,2,0
2020-11-01,US,West Virginia,Pleasants,34,3,0,39.37091679,-81.16771771,54073.0,455.7640750670242,8.823529411764708,31,34,3,0,31,33,7507,0,0,0,0,1
2020-11-01,US,West Virginia,Pocahontas,73,0,0,38.32758728,-80.00993811,54075.0,885.1703649812052,0.0,73,73,0,0,73,72,8414,0,0,0,0,1
2020-11-01,US,West Virginia,Preston,225,4,0,39.46770987,-79.66712803,54077.0,673.0078966259871,1.7777777777777777,221,214,4,0,210,208,33839,11,0,0,11,6
2020-11-01,US,West Virginia,Putnam,981,13,0,38.50782345,-81.9082131,54079.0,1737.8210806023028,1.3251783893985731,968,952,13,0,939,926,56682,29,0,0,29,26
2020-11-01,US,West Virginia,Raleigh,866,10,0,37.76936795,-81.2456041,54081.0,1180.4637341366665,1.1547344110854505,856,854,9,0,845,834,74254,12,1,0,11,20
2020-11-01,US,West Virginia,Randolph,429,1,0,38.769899,-79.87919615,54083.0,1495.0339780449551,0.2331002331002331,428,425,1,0,424,419,28823,4,0,0,4,6
2020-11-01,US,West Virginia,Ritchie,53,0,0,39.18094587,-81.06356878,54085.0,554.7414695415533,0.0,53,48,0,0,48,46,9721,5,0,0,5,2
2020-11-01,US,West Virginia,Roane,116,2,0,38.71622686,-81.35243568,54087.0,847.4576271186438,1.7241379310344829,114,115,2,0,113,114,13932,1,0,0,1,1
2020-11-01,US,West Virginia,Summers,140,1,0,37.65390597,-80.86009693,54089.0,1113.4971764893023,0.7142857142857143,139,136,1,0,135,131,12760,4,0,0,4,5
2020-11-01,US,West Virginia,Taylor,172,8,0,39.33602617,-80.0421439,54091.0,1030.2485774183888,4.651162790697675,164,172,8,0,164,170,16862,0,0,0,0,2
2020-11-01,US,West Virginia,Tucker,67,0,0,39.11240885,-79.57053576,54093.0,979.6753911390554,0.0,67,66,0,0,66,65,6955,1,0,0,1,1
2020-11-01,US,West Virginia,Tyler,55,1,0,39.46811972,-80.88772676,54095.0,640.2048655569782,1.818181818181818,54,48,1,0,47,43,8746,7,0,0,7,5
2020-11-01,US,West Virginia,Upshur,277,4,0,38.89285061,-80.23689136,54097.0,1145.7643944407678,1.444043321299639,273,276,4,0,272,268,24415,1,0,0,1,8
2020-11-01,US,West Virginia,Wayne,626,11,0,38.14901357,-82.42287994,54099.0,1588.7518400081217,1.757188498402556,615,612,11,0,601,605,39944,14,0,0,14,7
2020-11-01,US,West Virginia,Webster,36,0,0,38.49370949,-80.4202023,54101.0,443.6775942814888,0.0,36,36,0,0,36,35,8285,0,0,0,0,1
2020-11-01,US,West Virginia,Wetzel,229,7,0,39.6065771,-80.64016540000001,54103.0,1520.0796548290741,3.056768558951965,222,205,7,0,198,202,15270,24,0,0,24,3
2020-11-01,US,West Virginia,Wirt,56,0,0,39.02775007,-81.37473928,54105.0,962.0340147740936,0.0,56,56,0,0,56,55,5830,0,0,0,0,1
2020-11-01,US,West Virginia,Wood,720,6,0,39.20967886,-81.5162836,54107.0,862.0896094255131,0.8333333333333334,714,671,6,0,665,647,84203,49,0,0,49,24
2020-11-01,US,West Virginia,Wyoming,359,5,0,37.612327,-81.54511071,54109.0,1760.3216632342844,1.3927576601671308,354,331,5,0,326,321,20786,28,0,0,28,10
2020-11-01,US,Wisconsin,Adams,587,5,0,43.96974651,-89.76782777,55001.0,2903.0662710187926,0.8517887563884157,582,576,5,0,571,562,20348,11,0,0,11,14
2020-11-01,US,Wisconsin,Ashland,301,3,0,46.31956891,-90.67837132,55003.0,1934.1986891145093,0.9966777408637874,298,300,3,0,297,291,15600,1,0,0,1,9
2020-11-01,US,Wisconsin,Barron,1320,7,0,45.42372701,-91.84833627,55005.0,2917.5139244982756,0.5303030303030303,1313,1281,7,0,1274,1223,45164,39,0,0,39,58
2020-11-01,US,Wisconsin,Bayfield,280,2,0,46.52868768,-91.19716729,55007.0,1862.1973929236497,0.7142857142857143,278,266,2,0,264,256,15042,14,0,0,14,10
2020-11-01,US,Wisconsin,Brown,16210,103,0,44.452655299999996,-88.00411844,55009.0,6127.571425331327,0.6354102405922271,16107,16115,103,0,16012,15983,263378,95,0,0,95,132
2020-11-01,US,Wisconsin,Buffalo,338,3,0,44.37835084,-91.75332578,55011.0,2593.814749443635,0.8875739644970414,335,330,3,0,327,309,13125,8,0,0,8,21
2020-11-01,US,Wisconsin,Burnett,328,6,0,45.86303537,-92.36711412,55013.0,2127.9356429220193,1.8292682926829267,322,327,6,0,321,320,15392,1,0,0,1,7
2020-11-01,US,Wisconsin,Calumet,2857,14,0,44.0816316,-88.21780273,55015.0,5703.8471520693165,0.4900245012250613,2843,2818,14,0,2804,2772,50159,39,0,0,39,46
2020-11-01,US,Wisconsin,Chippewa,1958,24,0,45.06939744,-91.28068855,55017.0,3028.240898264716,1.2257405515832482,1934,1939,24,0,1915,1865,64135,19,0,0,19,74
2020-11-01,US,Wisconsin,Clark,1021,17,0,44.73483377,-90.61207486,55019.0,2936.101685167079,1.6650342801175315,1004,998,17,0,981,962,34709,23,0,0,23,36
2020-11-01,US,Wisconsin,Columbia,1945,7,0,43.46492199,-89.33589004,55021.0,3380.7272474449,0.35989717223650386,1938,1908,7,0,1901,1863,57358,37,0,0,37,45
2020-11-01,US,Wisconsin,Crawford,389,1,0,43.23870316,-90.93073686,55023.0,2411.5057962928518,0.2570694087403599,388,374,1,0,373,367,16291,15,0,0,15,7
2020-11-01,US,Wisconsin,Dane,16011,49,0,43.06601594,-89.41733797,55025.0,2928.6896715719013,0.3060395977765286,15962,15839,49,0,15790,15521,542364,172,0,0,172,318
2020-11-01,US,Wisconsin,Dodge,4746,35,0,43.41576662,-88.70928178,55027.0,5403.066974806179,0.7374631268436578,4711,4683,35,0,4648,4453,87847,63,0,0,63,230
2020-11-01,US,Wisconsin,Door,953,9,0,44.95856458,-87.30002707,55029.0,3444.4123174786755,0.9443861490031479,944,925,9,0,916,896,27610,28,0,0,28,29
2020-11-01,US,Wisconsin,Douglas,843,1,0,46.43222285,-91.91595768,55031.0,1953.650057937428,0.11862396204033215,842,841,1,0,840,820,43208,2,0,0,2,21
2020-11-01,US,Wisconsin,Dunn,1193,1,0,44.94562799,-91.8962481,55033.0,2629.606771292541,0.08382229673093043,1192,1177,1,0,1176,1130,45131,16,0,0,16,47
2020-11-01,US,Wisconsin,Eau Claire,3960,21,0,44.726614,-91.28609183,55035.0,3784.186686543203,0.5303030303030303,3939,3845,17,0,3828,3738,104534,115,4,0,111,107
2020-11-01,US,Wisconsin,Florence,223,8,0,45.84963535,-88.39804137,55037.0,5192.083818393481,3.5874439461883414,215,221,7,0,214,216,4321,2,1,0,1,5
2020-11-01,US,Wisconsin,Fond du Lac,5111,23,0,43.75354908,-88.48885325,55039.0,4942.796630658685,0.4500097828213657,5088,4994,23,0,4971,4817,103066,117,0,0,117,177
2020-11-01,US,Wisconsin,Forest,505,11,0,45.66678019,-88.77084892,55041.0,5608.618391825855,2.1782178217821784,494,501,11,0,490,494,8991,4,0,0,4,7
2020-11-01,US,Wisconsin,Grant,2043,36,0,42.8671731,-90.7063218,55043.0,3971.694628589202,1.7621145374449338,2007,2018,34,0,1984,1974,51554,25,2,0,23,44
2020-11-01,US,Wisconsin,Green,1058,6,0,42.6794956,-89.60243287,55045.0,2862.554112554113,0.5671077504725898,1052,1030,6,0,1024,999,36929,28,0,0,28,31
2020-11-01,US,Wisconsin,Green Lake,815,4,0,43.80025981,-89.04679553,55047.0,4309.205308517951,0.4907975460122699,811,798,4,0,794,785,18918,17,0,0,17,13
2020-11-01,US,Wisconsin,Iowa,569,2,0,43.00050278,-90.13469017,55049.0,2403.0745840020268,0.351493848857645,567,560,2,0,558,523,23771,9,0,0,9,37
2020-11-01,US,Wisconsin,Iron,216,4,0,46.26302338,-90.24295041,55051.0,3798.1360998769123,1.851851851851852,212,212,4,0,208,208,5676,4,0,0,4,4
2020-11-01,US,Wisconsin,Jackson,602,2,0,44.31864893,-90.80566792,55053.0,2916.2427941675146,0.3322259136212625,600,591,1,0,590,564,20478,11,1,0,10,27
2020-11-01,US,Wisconsin,Jefferson,3016,19,0,43.02054068,-88.77529134,55055.0,3557.904422607321,0.629973474801061,2997,2951,19,0,2932,2880,85129,65,0,0,65,71
2020-11-01,US,Wisconsin,Juneau,852,5,0,43.92456975,-90.11120239,55057.0,3192.565668677633,0.5868544600938967,847,837,5,0,832,824,26617,15,0,0,15,13
2020-11-01,US,Wisconsin,Kenosha,5570,88,0,42.57639354,-88.04051686,55059.0,3284.9534975613496,1.5798922800718134,5482,5378,88,0,5290,5321,169290,192,0,0,192,57
2020-11-01,US,Wisconsin,Kewaunee,1176,8,0,44.51727459,-87.61468386,55061.0,5755.114025643537,0.6802721088435374,1168,1160,7,0,1153,1122,20383,16,1,0,15,38
2020-11-01,US,Wisconsin,La Crosse,4608,23,0,43.90632465,-91.11451093,55063.0,3904.555314533623,0.4991319444444444,4585,4550,22,0,4528,4473,118230,58,1,0,57,77
2020-11-01,US,Wisconsin,Lafayette,600,1,0,42.66005229,-90.1317729,55065.0,3600.3600360036003,0.16666666666666666,599,589,1,0,588,576,16665,11,0,0,11,13
2020-11-01,US,Wisconsin,Langlade,1081,11,0,45.26271619,-89.07483625,55067.0,5633.435822606702,1.0175763182238668,1070,1065,11,0,1054,1045,19268,16,0,0,16,20
2020-11-01,US,Wisconsin,Lincoln,965,12,0,45.33737523,-89.73411273,55069.0,3497.2637987895478,1.243523316062176,953,931,12,0,919,872,27689,34,0,0,34,59
2020-11-01,US,Wisconsin,Manitowoc,3058,16,0,44.11946801,-87.80928853,55071.0,3871.817272508578,0.5232177894048398,3042,2986,16,0,2970,2951,79074,72,0,0,72,35
2020-11-01,US,Wisconsin,Marathon,5441,61,0,44.89792533,-89.75863384,55073.0,4009.8163487899055,1.1211174416467562,5380,5322,57,0,5265,5127,135428,119,4,0,115,195
2020-11-01,US,Wisconsin,Marinette,1915,16,0,45.38553432,-88.03324599999998,55075.0,4745.972738537795,0.8355091383812009,1899,1870,16,0,1854,1808,40434,45,0,0,45,62
2020-11-01,US,Wisconsin,Marquette,705,2,0,43.81911946,-89.40073763,55077.0,4526.775394888918,0.28368794326241137,703,668,2,0,666,647,15434,37,0,0,37,21
2020-11-01,US,Wisconsin,Menominee,344,0,0,45.00422544,-88.70950714,55078.0,7550.482879719051,0.0,344,340,0,0,340,332,4658,4,0,0,4,8
2020-11-01,US,Wisconsin,Milwaukee,43482,593,0,43.00486062,-87.96733172,55079.0,4597.737611105119,1.3637827146865371,42889,42864,592,0,42272,41932,948201,618,1,0,617,932
2020-11-01,US,Wisconsin,Monroe,1267,8,0,43.94641218,-90.61881899999999,55081.0,2739.281776317212,0.6314127861089187,1259,1238,8,0,1230,1200,46051,29,0,0,29,38
2020-11-01,US,Wisconsin,Oconto,2270,18,0,45.02715345,-88.26807503,55083.0,5984.708673872924,0.7929515418502202,2252,2238,18,0,2220,2196,37830,32,0,0,32,42
2020-11-01,US,Wisconsin,Oneida,1373,13,0,45.70677897,-89.51944105,55085.0,3857.283326309875,0.946831755280408,1360,1351,13,0,1338,1327,35470,22,0,0,22,24
2020-11-01,US,Wisconsin,Outagamie,9864,81,0,44.41578887,-88.46565023,55087.0,5250.019959017484,0.8211678832116789,9783,9750,81,0,9669,9592,187365,114,0,0,114,158
2020-11-01,US,Wisconsin,Ozaukee,2529,25,0,43.38352225,-87.94625009,55089.0,2834.53447058428,0.988533017002768,2504,2492,25,0,2467,2420,89147,37,0,0,37,72
2020-11-01,US,Wisconsin,Pepin,172,0,0,44.58307413,-91.99949611,55091.0,2360.367778235213,0.0,172,170,0,0,170,162,7289,2,0,0,2,8
2020-11-01,US,Wisconsin,Pierce,819,7,0,44.71850291,-92.4224416,55093.0,1915.610235299621,0.8547008547008547,812,792,7,0,785,765,42555,27,0,0,27,27
2020-11-01,US,Wisconsin,Polk,664,3,0,45.46130348,-92.44182875,55095.0,1516.570358358267,0.4518072289156626,661,640,3,0,637,597,43598,24,0,0,24,43
2020-11-01,US,Wisconsin,Portage,3006,21,0,44.47558711,-89.50152965,55097.0,4247.4424913807725,0.6986027944111777,2985,2978,21,0,2957,2904,70942,28,0,0,28,74
2020-11-01,US,Wisconsin,Price,411,3,0,45.68051754,-90.36098879999999,55099.0,3078.42109205303,0.7299270072992701,408,408,3,0,405,382,13397,3,0,0,3,26
2020-11-01,US,Wisconsin,Racine,8178,114,0,42.74753117,-88.05941254,55101.0,4165.838898482511,1.3939838591342626,8064,8110,114,0,7996,7889,196584,68,0,0,68,221
2020-11-01,US,Wisconsin,Richland,500,9,0,43.3762778,-90.43012729,55103.0,2898.214699744957,1.8,491,497,9,0,488,488,17377,3,0,0,3,9
2020-11-01,US,Wisconsin,Rock,5702,46,0,42.67151616,-89.07147900000002,55105.0,3490.578743097812,0.8067344791301297,5656,5533,46,0,5487,5408,163129,169,0,0,169,125
2020-11-01,US,Wisconsin,Rusk,251,1,0,45.47498854,-91.1333012,55107.0,1770.3484271406405,0.398406374501992,250,241,1,0,240,232,14147,10,0,0,10,9
2020-11-01,US,Wisconsin,Sauk,1967,8,0,43.42574087,-89.94966132,55111.0,3052.357158374973,0.4067107269954245,1959,1927,7,0,1920,1884,64249,40,1,0,39,43
2020-11-01,US,Wisconsin,Sawyer,419,4,0,45.87931905,-91.14504927,55113.0,2530.49885251842,0.9546539379474941,415,417,4,0,413,400,16489,2,0,0,2,17
2020-11-01,US,Wisconsin,Shawano,2683,26,0,44.78902246,-88.76443896,55115.0,6560.062593217438,0.9690644800596347,2657,2629,26,0,2603,2569,40796,54,0,0,54,60
2020-11-01,US,Wisconsin,Sheboygan,5290,31,0,43.72099677,-87.94579284,55117.0,4586.440090168198,0.5860113421550095,5259,5158,31,0,5127,5010,115456,132,0,0,132,148
2020-11-01,US,Wisconsin,St. Croix,2103,11,0,45.03437474,-92.45000068,55109.0,2318.9652320619275,0.5230622919638611,2092,2055,11,0,2044,1974,89694,48,0,0,48,81
2020-11-01,US,Wisconsin,Taylor,555,7,0,45.21179252,-90.5004405,55119.0,2728.211178292287,1.2612612612612613,548,537,7,0,530,523,20412,18,0,0,18,14
2020-11-01,US,Wisconsin,Trempealeau,1144,4,0,44.30360275,-91.35893614,55121.0,3858.47752032109,0.34965034965034963,1140,1123,4,0,1119,1101,29442,21,0,0,21,22
2020-11-01,US,Wisconsin,Vernon,543,2,0,43.59422667,-90.8324691,55123.0,1761.7286353903055,0.3683241252302026,541,538,2,0,536,528,30785,5,0,0,5,10
2020-11-01,US,Wisconsin,Vilas,656,7,0,46.05467334,-89.51719204,55125.0,2955.620635278216,1.0670731707317074,649,638,7,0,631,612,21938,18,0,0,18,26
2020-11-01,US,Wisconsin,Walworth,3590,39,0,42.66858202,-88.54163073,55127.0,3456.309931836561,1.086350974930362,3551,3589,39,0,3550,3502,103718,1,0,0,1,87
2020-11-01,US,Wisconsin,Washburn,267,2,0,45.89838588,-91.79050449,55129.0,1698.473282442748,0.7490636704119851,265,263,2,0,261,261,15878,4,0,0,4,2
2020-11-01,US,Wisconsin,Washington,4887,44,0,43.36863664,-88.22974712,55131.0,3592.4842318832057,0.9003478616738285,4843,4809,44,0,4765,4721,135693,78,0,0,78,88
2020-11-01,US,Wisconsin,Waukesha,13463,125,0,43.01833055,-88.30431188,55133.0,3330.793324063949,0.9284706231894824,13338,13353,125,0,13228,13040,403072,110,0,0,110,313
2020-11-01,US,Wisconsin,Waupaca,2616,47,0,44.47068056,-88.96534501,55135.0,5130.417728966464,1.7966360856269112,2569,2586,47,0,2539,2519,51128,30,0,0,30,67
2020-11-01,US,Wisconsin,Waushara,1107,5,0,44.11324419,-89.24317107,55137.0,4528.903980689768,0.4516711833785004,1102,1091,5,0,1086,1065,24263,16,0,0,16,26
2020-11-01,US,Wisconsin,Winnebago,9438,67,0,44.06886922,-88.64477096,55139.0,5490.17782870971,0.7098961644416191,9371,9323,67,0,9256,9165,171020,115,0,0,115,158
2020-11-01,US,Wisconsin,Wood,1933,10,0,44.45537896,-90.04158336,55141.0,2647.981479198345,0.5173305742369374,1923,1917,10,0,1907,1834,73055,16,0,0,16,83
2020-11-01,US,Wyoming,Albany,1562,4,0,41.65498705,-105.72354150000001,56001.0,4017.489711934156,0.2560819462227913,1558,1520,4,0,1516,1510,38601,42,0,0,42,10
2020-11-01,US,Wyoming,Big Horn,263,7,0,44.52405055,-107.9960365,56003.0,2230.7039864291773,2.661596958174905,256,253,7,0,246,251,11881,10,0,0,10,2
2020-11-01,US,Wyoming,Campbell,1190,3,0,44.24886082,-105.54744040000001,56005.0,2567.920416046266,0.25210084033613445,1187,1143,3,0,1140,1110,46140,47,0,0,47,33
2020-11-01,US,Wyoming,Carbon,336,2,0,41.69357844,-106.9326084,56007.0,2270.2702702702704,0.5952380952380952,334,330,2,0,328,329,14971,6,0,0,6,1
2020-11-01,US,Wyoming,Converse,342,0,0,42.97272268,-105.5081848,56009.0,2474.31630733613,0.0,342,333,0,0,333,329,13640,9,0,0,9,4
2020-11-01,US,Wyoming,Crook,120,1,0,44.58855102,-104.56977049999999,56011.0,1582.2784810126584,0.8333333333333334,119,120,1,0,119,120,7450,0,0,0,0,0
2020-11-01,US,Wyoming,Fremont,1505,15,0,43.04183996,-108.6296893,56013.0,3833.3205980489533,0.9966777408637874,1490,1457,15,0,1442,1422,39531,48,0,0,48,35
2020-11-01,US,Wyoming,Goshen,184,3,0,42.08798185,-104.3534743,56015.0,1392.7787449852397,1.6304347826086956,181,179,3,0,176,168,13376,5,0,0,5,11
2020-11-01,US,Wyoming,Hot Springs,55,0,0,43.71930657,-108.44231740000001,56017.0,1246.3176977113076,0.0,55,55,0,0,55,55,4555,0,0,0,0,0
2020-11-01,US,Wyoming,Johnson,132,2,0,44.04057166,-106.58451740000001,56019.0,1563.055062166963,1.5151515151515151,130,126,2,0,124,121,8460,6,0,0,6,5
2020-11-01,US,Wyoming,Laramie,1860,6,0,41.30702520000001,-104.6887497,56021.0,1869.3467336683414,0.3225806451612903,1854,1808,6,0,1802,1745,98976,52,0,0,52,63
2020-11-01,US,Wyoming,Lincoln,370,3,0,42.26376367,-110.6563997,56023.0,1865.8598083711547,0.8108108108108109,367,360,3,0,357,357,19434,10,0,0,10,3
2020-11-01,US,Wyoming,Natrona,1688,8,0,42.96180148,-106.79788500000001,56025.0,2113.7519096396104,0.4739336492890995,1680,1586,8,0,1578,1536,79115,102,0,0,102,50
2020-11-01,US,Wyoming,Niobrara,17,0,0,43.05607708,-104.47588959999999,56027.0,721.5619694397284,0.0,17,17,0,0,17,16,2388,0,0,0,0,1
2020-11-01,US,Wyoming,Park,709,3,0,44.52157546,-109.58528249999999,56029.0,2428.581215318216,0.4231311706629055,706,694,3,0,691,688,29324,15,0,0,15,6
2020-11-01,US,Wyoming,Platte,156,2,0,42.13299116,-104.96633100000001,56031.0,1858.6917669486481,1.2820512820512822,154,154,2,0,152,147,8566,2,0,0,2,7
2020-11-01,US,Wyoming,Sheridan,836,4,0,44.79048913,-106.8862389,56033.0,2742.332294571101,0.4784688995215311,832,812,4,0,808,799,30233,24,0,0,24,13
2020-11-01,US,Wyoming,Sublette,187,1,0,42.76558279,-109.91309220000001,56035.0,1902.146271996745,0.5347593582887701,186,181,1,0,180,180,9813,6,0,0,6,1
2020-11-01,US,Wyoming,Sweetwater,585,2,0,41.65943896,-108.8827882,56037.0,1381.5742861866186,0.3418803418803419,583,562,2,0,560,553,43051,23,0,0,23,9
2020-11-01,US,Wyoming,Teton,814,1,0,43.93522482,-110.5890801,56039.0,3469.1442209341967,0.12285012285012285,813,802,1,0,801,796,23081,12,0,0,12,6
2020-11-01,US,Wyoming,Uinta,488,3,0,41.2878183,-110.54757820000002,56041.0,2412.736082270345,0.6147540983606558,485,484,3,0,481,479,20299,4,0,0,4,5
2020-11-01,US,Wyoming,Unassigned,0,10,0,0.0,0.0,90056.0,0.0,0.0,-10,0,10,0,-10,0,,0,0,0,0,0
2020-11-01,US,Wyoming,Washakie,160,7,0,43.90451606,-107.68018700000002,56043.0,2049.9679692504806,4.375,153,159,7,0,152,158,7885,1,0,0,1,1
2020-11-01,US,Wyoming,Weston,164,0,0,43.83961191,-104.56748809999999,56045.0,2367.547278764256,0.0,164,163,0,0,163,159,6967,1,0,0,1,4
