Date,Country/Region,Province/State,Confirmed,Deaths,Recovered,Latitude,Longitude,FIPS,Active Cases,Previous Confirmed,Previous Deaths,Previous Recovered,Previous Active,Prev2 Confirmed,abbr.,Population,Land Area (miÂ²),Daily Confirmed,Daily Deaths,Daily Recovered,Daily Active,Previous Daily Confirmed
2020-04-06,US,Alabama,1952,49,0,2172.1528934199996,-5723.742470860002,70428.0,1903,1765,45,0,1720,1614,AL,4903185,50645.0,187,4,0,183,151
2020-04-06,US,Alaska,137,6,0,549.06422509,-1289.558627,109369.0,131,185,6,0,179,171,AK,731545,570641.0,-48,0,0,-48,14
2020-04-06,US,Arizona,2732,65,0,505.10339877999996,-1671.3605275,150212.0,2667,2486,64,0,2422,2187,AZ,7278717,113594.0,246,1,0,245,299
2020-04-06,US,Arkansas,875,16,0,2229.1458202499994,-5912.777887109999,414931.0,859,837,16,0,821,743,AR,3017804,52035.0,38,0,0,38,94
2020-04-06,US,California,16019,380,0,1994.8809091499995,-6397.398353399999,411047.0,15639,15034,348,0,14686,12837,CA,39512223,155779.0,985,32,0,953,2197
2020-04-06,US,Colorado,5183,150,0,2104.5852492599997,-5703.704953299999,605427.0,5033,4950,140,0,4810,4188,CO,5758736,103642.0,233,10,0,223,762
2020-04-06,US,Connecticut,6906,206,0,332.90944112,-581.25463743,162073.0,6700,5675,189,0,5486,5276,CT,3565278,4842.0,1231,17,0,1214,399
2020-04-06,US,Delaware,783,15,0,117.32783047000001,-226.59971236999996,120019.0,768,673,14,0,659,593,DE,973764,1949.0,110,1,0,109,80
2020-04-06,US,Diamond Princess,49,0,0,0.0,0.0,88888.0,49,49,0,0,49,49,,,,0,0,0,0,0
2020-04-06,US,District of Columbia,1097,24,0,38.90417773,-77.01655992,11001.0,1073,1002,22,0,980,902,DC,705749,61.0,95,2,0,93,100
2020-04-06,US,Florida,13324,236,0,1819.0310251900003,-5206.48198913,838227.0,13088,12350,221,0,12129,11545,FL,21477737,53625.0,974,15,0,959,805
2020-04-06,US,Georgia,7314,229,0,4958.660741190003,-12628.723093490004,2064357.0,7085,6647,211,0,6436,6160,GA,10617423,57513.0,667,18,0,649,487
2020-04-06,US,Grand Princess,103,3,0,0.0,0.0,99999.0,100,103,3,0,100,103,,,,0,0,0,0,0
2020-04-06,US,Guam,113,4,0,13.4443,144.7937,66.0,109,112,4,0,108,93,,,,1,0,0,1,19
2020-04-06,US,Hawaii,387,5,0,83.96258988,-629.6578231999999,230050.0,382,371,4,0,367,351,HI,1415872,6423.0,16,1,0,15,20
2020-04-06,US,Idaho,1101,10,0,1411.2805242100003,-3667.859611,603482.0,1091,1078,10,0,1068,1022,ID,1787065,82643.0,23,0,0,23,56
2020-04-06,US,Illinois,12262,307,0,2929.5169331299994,-6505.965501329997,1321257.0,11955,11259,274,0,10985,10357,IL,12671821,55519.0,1003,33,0,970,902
2020-04-06,US,Indiana,4956,143,0,3547.5156149199993,-7671.536221959996,1700103.0,4813,4411,127,0,4284,3953,IN,6732219,35826.0,545,16,0,529,458
2020-04-06,US,Iowa,946,25,0,3195.356312700002,-7083.302774729997,1541577.0,921,869,18,0,851,787,IA,3155070,55857.0,77,7,0,70,82
2020-04-06,US,Kansas,849,25,0,2075.68269601,-5229.246136819999,1175448.0,824,751,22,0,729,698,KS,2913314,81759.0,98,3,0,95,53
2020-04-06,US,Kentucky,955,45,0,3129.84282068,-7082.54453853,1842778.0,910,955,45,0,910,917,KY,4467673,39486.0,0,0,0,0,38
2020-04-06,US,Louisiana,14867,512,0,1928.0318226699992,-5692.225686890001,1345907.0,14355,13010,477,0,12533,12496,LA,4648794,43204.0,1857,35,0,1822,514
2020-04-06,US,Maine,499,10,0,669.16462388,-1043.0942757500002,435258.0,489,470,10,0,460,456,ME,1344212,30843.0,29,0,0,29,14
2020-04-06,US,Maryland,4045,91,0,936.3580965699999,-1840.2112226099996,667103.0,3954,3617,67,0,3550,3125,MD,6045680,9707.0,428,24,0,404,492
2020-04-06,US,Massachusetts,13837,260,0,548.2931997600001,-930.50164915,390195.0,13577,12500,231,0,12269,11736,MA,6892503,7800.0,1337,29,0,1308,764
2020-04-06,US,Michigan,17221,727,0,3200.37778992,-6207.316211930001,1904293.0,16494,15718,617,0,15101,14225,MI,9986857,56539.0,1503,110,0,1393,1493
2020-04-06,US,Minnesota,986,30,0,2797.44299874,-5842.547780959999,1715177.0,956,935,29,0,906,865,MN,5639632,79627.0,51,1,0,50,70
2020-04-06,US,Mississippi,1738,51,0,2624.7094177899994,-7170.14887746,2246604.0,1687,1638,43,0,1595,1455,MS,2976149,46923.0,100,8,0,92,183
2020-04-06,US,Missouri,2736,47,0,3147.63888023,-7579.9176241,2448448.0,2689,2347,44,0,2303,2310,MO,6137428,68742.0,389,3,0,386,37
2020-04-06,US,Montana,299,6,0,1125.06196177,-2678.5792511,811244.0,293,286,6,0,280,265,MT,1068778,145546.0,13,0,0,13,21
2020-04-06,US,Nebraska,417,9,0,1442.7060250299999,-3442.8161330099997,1178288.0,408,364,8,0,356,321,NE,1934408,76824.0,53,1,0,52,43
2020-04-06,US,Nevada,1953,46,0,354.00239428000003,-1058.0693274,378676.0,1907,1855,46,0,1809,1742,NV,3080156,109781.0,98,0,0,98,113
2020-04-06,US,New Hampshire,715,9,0,434.78972876,-715.77656705,420133.0,706,621,9,0,612,540,NH,1359711,8953.0,94,0,0,94,81
2020-04-06,US,New Jersey,41090,1003,0,846.0152591300001,-1567.07144401,804475.0,40087,37505,917,0,36588,34124,NJ,8882190,7354.0,3585,86,0,3499,3381
2020-04-06,US,New Mexico,757,12,0,793.65247632,-2440.8680871,895740.0,745,670,12,0,658,534,NM,2096829,121298.0,87,0,0,87,136
2020-04-06,US,New York,131815,4698,0,2474.9524043599995,-4383.622248910001,2181662.0,127117,123160,4159,0,119001,113833,NY,19453561,47126.0,8655,539,0,8116,9327
2020-04-06,US,North Carolina,2962,45,0,3276.5875173100017,-7313.490510650003,3413196.0,2917,2649,38,0,2611,2486,NC,10488084,48618.0,313,7,0,306,163
2020-04-06,US,North Dakota,225,3,0,1330.1798691099998,-2821.5524467499995,1155528.0,222,207,3,0,204,186,ND,762062,69001.0,18,0,0,18,21
2020-04-06,US,Northern Mariana Islands,8,1,0,15.0979,145.6739,0.0,7,8,1,0,7,8,,,,0,0,0,0,0
2020-04-06,US,Ohio,4453,142,0,3269.084125330002,-6713.285792379999,3256106.0,4311,4043,119,0,3924,3739,OH,11689100,40861.0,410,23,0,387,304
2020-04-06,US,Oklahoma,1329,51,0,2093.79117835,-5721.907294230001,2534829.0,1278,1254,46,0,1208,1161,OK,3956971,68595.0,75,5,0,70,93
2020-04-06,US,Oregon,1068,27,0,1250.8007423999998,-3406.5143873,1149086.0,1041,1068,27,0,1041,899,OR,4217737,95988.0,0,0,0,0,169
2020-04-06,US,Pennsylvania,13127,179,0,2652.253898099999,-5042.58241164,2692294.0,12948,11589,151,0,11438,10444,PA,12801989,44743.0,1538,28,0,1510,1145
2020-04-06,US,Puerto Rico,513,21,0,18.2208,-66.5901,72.0,492,475,20,0,455,452,,,,38,1,0,37,23
2020-04-06,US,Recovered,0,0,19581,0.0,0.0,0.0,-19581,0,0,17448,-17448,0,,,,0,0,2133,-2133,0
2020-04-06,US,Rhode Island,1082,27,0,208.27571053,-357.32052549,310069.0,1055,922,25,0,897,806,RI,1059361,1034.0,160,2,0,158,116
2020-04-06,US,South Carolina,2232,48,0,1562.0437180300005,-3725.2363858399995,2072116.0,2184,2049,44,0,2005,1917,SC,5148714,30061.0,183,4,0,179,132
2020-04-06,US,South Dakota,288,4,0,1455.60100868,-3255.7815811600003,1610179.0,284,240,2,0,238,212,SD,884659,75811.0,48,2,0,46,28
2020-04-06,US,Tennessee,3802,65,0,3409.0847101599993,-8180.328683919998,4517031.0,3737,3633,53,0,3580,3322,TN,6829174,41235.0,169,12,0,157,311
2020-04-06,US,Texas,8043,150,0,4958.752697269999,-15456.529078690004,7624344.0,7893,7209,136,0,7073,6556,TX,28995881,261232.0,834,14,0,820,653
2020-04-06,US,Utah,1685,13,0,791.2119416099999,-2231.9010618999996,1021598.0,1672,1608,8,0,1600,1435,UT,3205958,82170.0,77,5,0,72,173
2020-04-06,US,Vermont,543,23,0,528.7079946200001,-872.54873352,690224.0,520,512,22,0,490,461,VT,623989,9217.0,31,1,0,30,51
2020-04-06,US,Virgin Islands,43,1,0,18.3358,-64.8963,78.0,42,42,1,0,41,40,,,,1,0,0,1,2
2020-04-06,US,Virginia,2878,66,0,4958.816656780001,-10362.112938019993,6805434.0,2812,2640,52,0,2588,2407,VA,8535519,39490.0,238,14,0,224,233
2020-04-06,US,Washington,8311,381,0,1749.1315116699998,-4466.775621400001,2052502.0,7930,7825,336,0,7489,7247,WA,7614893,66456.0,486,45,0,441,578
2020-04-06,US,West Virginia,345,4,0,1287.80788033,-2653.90690428,1783937.0,341,324,3,0,321,282,WV,1792147,24038.0,21,1,0,20,42
2020-04-06,US,Wisconsin,2449,78,0,2656.134567410001,-5379.257797269999,3394194.0,2371,2320,74,0,2246,2030,WI,5822434,54158.0,129,4,0,125,290
2020-04-06,US,Wyoming,210,0,0,773.7263293500001,-1934.0765081,1008406.0,210,197,0,0,197,187,WY,578759,97093.0,13,0,0,13,10
