Date,Country/Region,Province/State,Confirmed,Deaths,Recovered,Latitude,Longitude,FIPS,Active Cases,Previous Confirmed,Previous Deaths,Previous Recovered,Previous Active,Prev2 Confirmed,abbr.,Population,Land Area (miÂ²),Daily Confirmed,Daily Deaths,Daily Recovered,Daily Active,Previous Daily Confirmed
2020-04-02,US,Alabama,1233,32,0,2076.1326668500005,-5465.814956930001,157252.0,1201,1060,27,0,1033,987,AL,4903185,50645.0,173,5,0,168,73
2020-04-02,US,Alaska,143,3,0,362.53936007,-862.0010245,100474.0,140,132,3,0,129,119,AK,731545,570641.0,11,0,0,11,13
2020-04-02,US,Arizona,1715,32,0,505.13855463,-1671.9484819,150212.0,1683,1530,29,0,1501,1289,AZ,7278717,113594.0,185,3,0,182,241
2020-04-02,US,Arkansas,643,12,0,1917.46708495,-5085.094605709998,369020.0,631,584,10,0,574,523,AR,3017804,52035.0,59,2,0,57,61
2020-04-02,US,California,10773,238,0,1873.9116740699997,-6028.510305599998,392896.0,10535,9399,199,0,9200,8210,CA,39512223,155779.0,1374,39,0,1335,1189
2020-04-02,US,Colorado,3342,80,0,1951.0347670600001,-5278.313545199999,573135.0,3262,2982,69,0,2913,2966,CO,5758736,103642.0,360,11,0,349,16
2020-04-02,US,Connecticut,3824,112,0,332.90944112,-581.25463743,162073.0,3712,3557,85,0,3472,3128,CT,3565278,4842.0,267,27,0,240,429
2020-04-02,US,Delaware,393,12,0,117.32783047000001,-226.59971236999996,120019.0,381,368,11,0,357,319,DE,973764,1949.0,25,1,0,24,49
2020-04-02,US,Diamond Princess,49,0,0,0.0,0.0,88888.0,49,49,0,0,49,49,,,,0,0,0,0,0
2020-04-02,US,District of Columbia,653,12,0,38.90417773,-77.01655992,11001.0,641,586,9,0,577,495,DC,705749,61.0,67,3,0,64,91
2020-04-02,US,Florida,9008,164,0,1698.6533711000004,-4871.653013520001,790049.0,8844,6956,87,0,6869,6741,FL,21477737,53625.0,2052,77,0,1975,215
2020-04-02,US,Georgia,5348,163,0,4665.624023540002,-11879.216631700003,1945572.0,5185,4638,139,0,4499,3929,GA,10617423,57513.0,710,24,0,686,709
2020-04-02,US,Grand Princess,103,3,0,0.0,0.0,99999.0,100,103,3,0,100,103,,,,0,0,0,0,0
2020-04-02,US,Guam,82,3,0,13.4443,144.7937,66.0,79,77,3,0,74,69,,,,5,0,0,5,8
2020-04-02,US,Hawaii,256,1,0,83.96258988,-629.6578231999999,150035.0,255,224,1,0,223,204,HI,1415872,6423.0,32,0,0,32,20
2020-04-02,US,Idaho,776,9,0,1277.8231250300003,-3323.0809278999996,555305.0,767,566,9,0,557,515,ID,1787065,82643.0,210,0,0,210,51
2020-04-02,US,Illinois,7695,163,0,2454.5767012300003,-5435.362669499999,1116285.0,7532,6980,141,0,6839,5994,IL,12671821,55519.0,715,22,0,693,986
2020-04-02,US,Indiana,3038,78,0,3350.8538965999996,-7238.070301629997,1519510.0,2960,2564,65,0,2499,2158,IN,6732219,35826.0,474,13,0,461,406
2020-04-02,US,Iowa,614,11,0,2646.6686343400006,-5867.511753199997,1293252.0,603,547,9,0,538,497,IA,3155070,55857.0,67,2,0,65,50
2020-04-02,US,Kansas,553,12,0,1726.7749814100002,-4351.68019852,904345.0,541,485,10,0,475,434,KS,2913314,81759.0,68,2,0,66,51
2020-04-02,US,Kentucky,770,31,0,2529.5329028400006,-5720.7203378,1505194.0,739,632,18,0,614,628,KY,4467673,39486.0,138,13,0,125,4
2020-04-02,US,Louisiana,9159,310,0,1863.1560695199996,-5508.646964410001,1301763.0,8849,6424,273,0,6151,5237,LA,4648794,43204.0,2735,37,0,2698,1187
2020-04-02,US,Maine,376,7,0,577.4892892500001,-906.8677280299999,389226.0,369,303,5,0,298,303,ME,1344212,30843.0,73,2,0,71,0
2020-04-02,US,Maryland,2331,36,0,936.3580965699999,-1840.2112226099996,667103.0,2295,1986,31,0,1955,1660,MD,6045680,9707.0,345,5,0,340,326
2020-04-02,US,Massachusetts,8966,154,0,548.2931997600001,-930.50164915,390195.0,8812,7738,122,0,7616,6620,MA,6892503,7800.0,1228,32,0,1196,1118
2020-04-02,US,Michigan,10791,417,0,3017.26111067,-5862.526523510002,1799907.0,10374,9315,335,0,8980,7615,MI,9986857,56539.0,1476,82,0,1394,1700
2020-04-02,US,Minnesota,742,18,0,2528.72355995,-5273.1083673,1552573.0,724,689,17,0,672,629,MN,5639632,79627.0,53,1,0,52,60
2020-04-02,US,Mississippi,1177,26,0,2562.7030959699996,-6992.39417926,2190432.0,1151,1073,22,0,1051,937,MS,2976149,46923.0,104,4,0,100,136
2020-04-02,US,Missouri,1857,22,0,2794.1327309499998,-6742.995802969999,2186301.0,1835,1613,18,0,1595,1357,MO,6137428,68742.0,244,4,0,240,256
2020-04-02,US,Montana,241,6,0,1031.22248247,-2452.6873582,751208.0,235,208,6,0,202,198,MT,1068778,145546.0,33,0,0,33,10
2020-04-02,US,Nebraska,246,5,0,1069.93868249,-2549.61511207,898449.0,241,210,4,0,206,172,NE,1934408,76824.0,36,1,0,35,38
2020-04-02,US,Nevada,1463,38,0,354.00239428000003,-1058.0693274,378676.0,1425,1279,31,0,1248,1114,NV,3080156,109781.0,184,7,0,177,165
2020-04-02,US,New Hampshire,316,3,0,347.18371826,-572.75020936,354115.0,313,367,3,0,364,357,NH,1359711,8953.0,-51,0,0,-51,10
2020-04-02,US,New Jersey,25590,537,0,846.0152591300001,-1567.07144401,804475.0,25053,22255,355,0,21900,18696,NJ,8882190,7354.0,3335,182,0,3153,3559
2020-04-02,US,New Mexico,388,6,0,689.9906374299999,-2120.7157583,790682.0,382,340,5,0,335,315,NM,2096829,121298.0,48,1,0,47,25
2020-04-02,US,New York,92506,2373,0,2474.9524043599995,-4383.622248910001,2181662.0,90133,83948,1941,0,82007,75833,NY,19453561,47126.0,8558,432,0,8126,8115
2020-04-02,US,North Carolina,1977,21,0,3098.743780800002,-6912.749440340002,3227535.0,1956,1675,14,0,1661,1535,NC,10488084,48618.0,302,7,0,295,140
2020-04-02,US,North Dakota,159,3,0,1189.7314930100001,-2518.9489920799997,1041385.0,156,142,3,0,139,122,ND,762062,69001.0,17,0,0,17,20
2020-04-02,US,Northern Mariana Islands,6,1,0,15.0979,145.6739,0.0,5,6,1,0,5,2,,,,0,0,0,0,4
2020-04-02,US,Ohio,2901,81,0,2988.3871138000004,-6130.58908514,2892262.0,2820,2547,65,0,2482,2199,OH,11689100,40861.0,354,16,0,338,348
2020-04-02,US,Oklahoma,881,34,0,1847.4194785100003,-5039.400118760001,2174106.0,847,721,30,0,691,568,OK,3956971,68595.0,160,4,0,156,153
2020-04-02,US,Oregon,826,21,0,1161.2434245899997,-3165.4753068999994,1067018.0,805,736,19,0,717,690,OR,4217737,95988.0,90,2,0,88,46
2020-04-02,US,Pennsylvania,7268,90,0,2529.6458556099988,-4810.32044901,2566089.0,7178,6009,74,0,5935,4963,PA,12801989,44743.0,1259,16,0,1243,1046
2020-04-02,US,Puerto Rico,316,12,0,18.2208,-66.5901,72.0,304,286,11,0,275,239,,,,30,1,0,29,47
2020-04-02,US,Recovered,0,0,9001,0.0,0.0,0.0,-9001,0,0,8474,-8474,0,,,,0,0,527,-527,0
2020-04-02,US,Rhode Island,657,12,0,208.27571053,-357.32052549,310069.0,645,566,10,0,556,488,RI,1059361,1034.0,91,2,0,89,78
2020-04-02,US,South Carolina,1554,31,0,1562.0437180300005,-3725.2363858399995,2072116.0,1523,1293,26,0,1267,1083,SC,5148714,30061.0,261,5,0,256,210
2020-04-02,US,South Dakota,165,2,0,1455.60100868,-3255.7815811600003,1610179.0,163,129,2,0,127,108,SD,884659,75811.0,36,0,0,36,21
2020-04-02,US,Tennessee,2845,36,0,3084.34374896,-7399.676781559999,4093072.0,2809,2933,24,0,2909,2391,TN,6829174,41235.0,-88,12,0,-100,542
2020-04-02,US,Texas,5069,77,0,4565.5851294,-14256.489929250001,7044718.0,4992,4355,66,0,4289,3809,TX,28995881,261232.0,714,11,0,703,546
2020-04-02,US,Utah,1092,7,0,675.2449227100001,-1897.1348149,784474.0,1085,888,5,0,883,888,UT,3205958,82170.0,204,2,0,202,0
2020-04-02,US,Vermont,338,17,0,528.7079946200001,-872.54873352,690224.0,321,321,16,0,305,293,VT,623989,9217.0,17,1,0,16,28
2020-04-02,US,Virgin Islands,30,0,0,18.3358,-64.8963,78.0,30,30,0,0,30,30,,,,0,0,0,0,0
2020-04-02,US,Virginia,1706,41,0,3836.8950540200003,-7977.379931810002,5217076.0,1665,1483,34,0,1449,1249,VA,8535519,39490.0,223,7,0,216,234
2020-04-02,US,Washington,6389,271,0,1608.1184269099997,-4108.8740728,1893379.0,6118,5608,234,0,5374,5432,WA,7614893,66456.0,781,37,0,744,176
2020-04-02,US,West Virginia,216,2,0,1131.37836864,-2335.0729887600005,1657731.0,214,191,1,0,190,162,WV,1792147,24038.0,25,1,0,24,29
2020-04-02,US,Wisconsin,1748,38,0,2297.26413313,-4662.4470399,2953570.0,1710,1556,27,0,1529,1412,WI,5822434,54158.0,192,11,0,181,144
2020-04-02,US,Wyoming,150,0,0,686.8740146600002,-1718.8503379,896372.0,150,130,0,0,130,109,WY,578759,97093.0,20,0,0,20,21
