Date,Country/Region,Province/State,Confirmed,Deaths,Recovered,Latitude,Longitude,FIPS,Active Cases,Previous Confirmed,Previous Deaths,Previous Recovered,Previous Active,Prev2 Confirmed,abbr.,Population,Land Area (miÂ²),Daily Confirmed,Daily Deaths,Daily Recovered,Daily Active,Previous Daily Confirmed
2020-04-01,US,Alabama,1060,27,0,1950.1879517400002,-5119.3863027100015,63115.0,1033,987,23,0,964,899,AL,4903185,50645.0,73,4,0,69,88
2020-04-01,US,Alaska,132,3,0,362.53936007,-862.0010245,8350.0,129,119,3,0,116,114,AK,731545,570641.0,13,0,0,13,5
2020-04-01,US,Arizona,1530,29,0,505.10339877999996,-1671.3605275,60208.0,1501,1289,24,0,1265,1157,AZ,7278717,113594.0,241,5,0,236,132
2020-04-01,US,Arkansas,584,10,0,1846.34171031,-4900.768064439999,268923.0,574,523,8,0,515,473,AR,3017804,52035.0,61,2,0,59,50
2020-04-01,US,California,9399,199,0,1873.9116740699997,-6028.510305599998,302890.0,9200,8210,173,0,8037,7138,CA,39512223,155779.0,1189,26,0,1163,1072
2020-04-01,US,Colorado,2982,69,0,1951.0347670600001,-5278.313545199999,403119.0,2913,2966,69,0,2897,2311,CO,5758736,103642.0,16,0,0,16,655
2020-04-01,US,Connecticut,3557,85,0,332.90944112,-581.25463743,72064.0,3472,3128,69,0,3059,2571,CT,3565278,4842.0,429,16,0,413,557
2020-04-01,US,Delaware,368,11,0,117.32783047000001,-226.59971236999996,30009.0,357,319,10,0,309,264,DE,973764,1949.0,49,1,0,48,55
2020-04-01,US,Diamond Princess,49,0,0,0.0,0.0,88888.0,49,49,0,0,49,49,,,,0,0,0,0,0
2020-04-01,US,District of Columbia,586,9,0,38.90417773,-77.01655992,11001.0,577,495,9,0,486,401,DC,705749,61.0,91,0,0,91,94
2020-04-01,US,Florida,6956,87,0,1613.3301263400006,-4625.48001837,663816.0,6869,6741,85,0,6656,5473,FL,21477737,53625.0,215,2,0,213,1268
2020-04-01,US,Georgia,4638,139,0,4566.4352191200005,-11628.78670753,1815858.0,4499,3929,111,0,3818,2808,GA,10617423,57513.0,709,28,0,681,1121
2020-04-01,US,Grand Princess,103,3,0,0.0,0.0,99999.0,100,103,3,0,100,103,,,,0,0,0,0,0
2020-04-01,US,Guam,77,3,0,13.4443,144.7937,66000.0,74,69,2,0,67,58,,,,8,1,0,7,11
2020-04-01,US,Hawaii,224,1,0,83.96258988,-629.6578231999999,60020.0,223,204,0,0,204,175,HI,1415872,6423.0,20,1,0,19,29
2020-04-01,US,Idaho,566,9,0,1189.9605097000003,-3091.8155726000005,433239.0,557,515,8,0,507,340,ID,1787065,82643.0,51,1,0,50,175
2020-04-01,US,Illinois,6980,141,0,2176.9232835499997,-4811.670738049998,906317.0,6839,5994,99,0,5895,5056,IL,12671821,55519.0,986,42,0,944,938
2020-04-01,US,Indiana,2564,65,0,3272.36481775,-7065.737340209997,1483354.0,2499,2158,49,0,2109,1786,IN,6732219,35826.0,406,16,0,390,372
2020-04-01,US,Iowa,547,9,0,2477.3079427400007,-5496.2541051499975,1126919.0,538,497,7,0,490,424,IA,3155070,55857.0,50,2,0,48,73
2020-04-01,US,Kansas,485,10,0,1611.84274696,-4061.90045047,844278.0,475,434,9,0,425,372,KS,2913314,81759.0,51,1,0,50,62
2020-04-01,US,Kentucky,632,18,0,2529.5329028400006,-5720.7203378,1415173.0,614,628,11,0,617,479,KY,4467673,39486.0,4,7,0,-3,149
2020-04-01,US,Louisiana,6424,273,0,1863.1560695199996,-5508.646964410001,1301763.0,6151,5237,239,0,4998,4025,LA,4648794,43204.0,1187,34,0,1153,1212
2020-04-01,US,Maine,303,5,0,532.8911248100001,-838.4837094899999,276194.0,298,303,5,0,298,275,ME,1344212,30843.0,0,0,0,0,28
2020-04-01,US,Maryland,1986,31,0,896.7345202900001,-1761.5184177499998,553078.0,1955,1660,18,0,1642,1413,MD,6045680,9707.0,326,13,0,313,247
2020-04-01,US,Massachusetts,7738,122,0,548.2931997600001,-930.50164915,300170.0,7616,6620,89,0,6531,5752,MA,6892503,7800.0,1118,33,0,1085,868
2020-04-01,US,Michigan,9315,335,0,3017.26111067,-5862.526523510002,1799907.0,8980,7615,259,0,7356,6498,MI,9986857,56539.0,1700,76,0,1624,1117
2020-04-01,US,Minnesota,689,17,0,2480.4781633,-5179.32483887,1435475.0,672,629,12,0,617,576,MN,5639632,79627.0,60,5,0,55,53
2020-04-01,US,Mississippi,1073,22,0,2531.0617390999996,-6903.69844013,2162279.0,1051,937,20,0,917,847,MS,2976149,46923.0,136,2,0,134,90
2020-04-01,US,Missouri,1613,18,0,2720.76222882,-6561.44826355,2038038.0,1595,1357,15,0,1342,1051,MO,6137428,68742.0,256,3,0,253,306
2020-04-01,US,Montana,208,6,0,985.99398131,-2343.6599535,631169.0,202,198,5,0,193,171,MT,1068778,145546.0,10,1,0,9,27
2020-04-01,US,Nebraska,210,4,0,948.1548843200001,-2258.77091244,715139.0,206,172,3,0,169,145,NE,1934408,76824.0,38,1,0,37,27
2020-04-01,US,Nevada,1279,31,0,354.00239428000003,-1058.0693274,288644.0,1248,1114,26,0,1088,1012,NV,3080156,109781.0,165,5,0,160,102
2020-04-01,US,New Hampshire,367,3,0,475.86009611,-787.3926346600001,297093.0,364,357,3,0,354,314,NH,1359711,8953.0,10,0,0,10,43
2020-04-01,US,New Jersey,22255,355,0,846.0152591300001,-1567.07144401,714441.0,21900,18696,267,0,18429,16636,NJ,8882190,7354.0,3559,88,0,3471,2060
2020-04-01,US,New Mexico,340,5,0,657.3866474199999,-2012.3085288,630617.0,335,315,4,0,311,237,NM,2096829,121298.0,25,1,0,24,78
2020-04-01,US,New York,83948,1941,0,2432.3173495199994,-4306.518549720001,2055503.0,82007,75833,1550,0,74283,66663,NY,19453561,47126.0,8115,391,0,7724,9170
2020-04-01,US,North Carolina,1675,14,0,2920.853693070002,-6514.490027860003,3042204.0,1661,1535,12,0,1523,1313,NC,10488084,48618.0,140,2,0,138,222
2020-04-01,US,North Dakota,142,3,0,1189.7314930100001,-2518.9489920799997,951347.0,139,122,3,0,119,109,ND,762062,69001.0,20,0,0,20,13
2020-04-01,US,Northern Mariana Islands,6,1,0,15.0979,145.6739,0.0,5,2,0,0,2,0,,,,4,1,0,3,2
2020-04-01,US,Ohio,2547,65,0,2907.6766943700004,-5965.437296780001,2814138.0,2482,2199,55,0,2144,1933,OH,11689100,40861.0,348,10,0,338,266
2020-04-01,US,Oklahoma,721,30,0,1705.7606299400004,-4647.180123799999,1923760.0,691,568,23,0,545,481,OK,3956971,68595.0,153,7,0,146,87
2020-04-01,US,Oregon,736,19,0,1161.2434245899997,-3165.4753068999994,1067018.0,717,690,18,0,672,606,OR,4217737,95988.0,46,1,0,45,84
2020-04-01,US,Pennsylvania,6009,74,0,2446.615349199999,-4655.077406939999,2481905.0,5935,4963,63,0,4900,4155,PA,12801989,44743.0,1046,11,0,1035,808
2020-04-01,US,Puerto Rico,286,11,0,18.2208,-66.5901,0.0,275,239,8,0,231,174,,,,47,3,0,44,65
2020-04-01,US,Recovered,0,0,8474,0.0,0.0,0.0,-8474,0,0,7024,-7024,0,,,,0,0,1450,-1450,0
2020-04-01,US,Rhode Island,566,10,0,208.27571053,-357.32052549,220025.0,556,488,8,0,480,408,RI,1059361,1034.0,78,2,0,76,80
2020-04-01,US,South Carolina,1293,26,0,1460.31668527,-3480.1717005299997,1936981.0,1267,1083,22,0,1061,925,SC,5148714,30061.0,210,4,0,206,158
2020-04-01,US,South Dakota,129,2,0,1366.64070155,-3060.3060514900003,1427939.0,127,108,1,0,107,101,SD,884659,75811.0,21,1,0,20,7
2020-04-01,US,Tennessee,2933,24,0,3049.22129453,-7315.156022969998,3955886.0,2909,2391,23,0,2368,1917,TN,6829174,41235.0,542,1,0,541,474
2020-04-01,US,Texas,4355,66,0,4410.7319895,-13764.875282340005,6755264.0,4289,3809,54,0,3755,3147,TX,28995881,261232.0,546,12,0,534,662
2020-04-01,US,Utah,888,5,0,597.66212711,-1674.8234026999999,686436.0,883,888,5,0,883,804,UT,3205958,82170.0,0,0,0,0,84
2020-04-01,US,Vermont,321,16,0,528.7079946200001,-872.54873352,600174.0,305,293,13,0,280,256,VT,623989,9217.0,28,3,0,25,37
2020-04-01,US,Virgin Islands,30,0,0,18.3358,-64.8963,0.0,30,30,0,0,30,0,,,,0,0,0,0,30
2020-04-01,US,Virginia,1483,34,0,3684.8257733,-7662.021962780002,4973158.0,1449,1249,27,0,1222,1020,VA,8535519,39490.0,234,7,0,227,229
2020-04-01,US,Washington,5608,234,0,1608.1184269099997,-4108.8740728,1803326.0,5374,5432,225,0,5207,4923,WA,7614893,66456.0,176,9,0,167,509
2020-04-01,US,West Virginia,191,1,0,1131.37836864,-2335.0729887600005,1567677.0,190,162,1,0,161,145,WV,1792147,24038.0,29,0,0,29,17
2020-04-01,US,Wisconsin,1556,27,0,2163.98655843,-4392.610768850001,2698315.0,1529,1412,25,0,1387,1230,WI,5822434,54158.0,144,2,0,142,182
2020-04-01,US,Wyoming,130,0,0,645.5861963600001,-1608.3027597,840331.0,130,109,0,0,109,94,WY,578759,97093.0,21,0,0,21,15
