Date,Country/Region,Confirmed,Deaths,Recovered,Active Cases,Previous Confirmed,Previous Deaths,Previous Recovered,Previous Active,Prev2 Confirmed,Population,Daily Confirmed,Daily Deaths,Daily Recovered,Daily Active,Previous Daily Confirmed
2020-05-14,Afghanistan,5639,136,0,5503,5226,132,0,5094,4963,32225560,413,4,0,409,263
2020-05-14,Albania,898,31,0,867,880,31,0,849,876,2862427,18,0,0,18,4
2020-05-14,Algeria,6442,529,0,5913,6253,522,0,5731,6067,43000000,189,7,0,182,186
2020-05-14,Andorra,761,49,0,712,760,49,0,711,758,77543,1,0,0,1,2
2020-05-14,Angola,48,2,0,46,45,2,0,43,45,31127674,3,0,0,3,0
2020-05-14,Antigua and Barbuda,25,3,0,22,25,3,0,22,25,96453,0,0,0,0,0
2020-05-14,Argentina,7134,353,0,6781,6879,329,0,6550,6563,44938712,255,24,0,231,316
2020-05-14,Armenia,3860,49,0,3811,3718,48,0,3670,3538,2957500,142,1,0,141,180
2020-05-14,Australia,7019,98,0,6921,6989,98,0,6891,6980,25654023,30,0,0,30,9
2020-05-14,Austria,16058,626,0,15432,15997,624,0,15373,15961,8902600,61,2,0,59,36
2020-05-14,Azerbaijan,2879,35,0,2844,2758,35,0,2723,2693,10067108,121,0,0,121,65
2020-05-14,Bahamas,96,11,0,85,94,11,0,83,93,,2,0,0,2,1
2020-05-14,Bahrain,6198,10,0,6188,5816,10,0,5806,5531,1543300,382,0,0,382,285
2020-05-14,Bangladesh,18863,283,0,18580,17822,269,0,17553,16660,168310034,1041,14,0,1027,1162
2020-05-14,Barbados,85,7,0,78,85,7,0,78,85,287025,0,0,0,0,0
2020-05-14,Belarus,26772,151,0,26621,25825,146,0,25679,24873,9413446,947,5,0,942,952
2020-05-14,Belgium,54288,8903,0,45385,53981,8843,0,45138,53779,11524454,307,60,0,247,202
2020-05-14,Belize,18,2,0,16,18,2,0,16,18,,0,0,0,0,0
2020-05-14,Benin,339,2,0,337,327,2,0,325,327,11733059,12,0,0,12,0
2020-05-14,Bhutan,20,0,0,20,15,0,0,15,11,741672,5,0,0,5,4
2020-05-14,Bolivia,3372,152,0,3220,3148,142,0,3006,2964,11469896,224,10,0,214,184
2020-05-14,Bosnia and Herzegovina,2218,122,0,2096,2181,120,0,2061,2158,3301000,37,2,0,35,23
2020-05-14,Botswana,24,1,0,23,24,1,0,23,24,,0,0,0,0,0
2020-05-14,Brazil,203165,13999,0,189166,190137,13240,0,176897,178214,211288170,13028,759,0,12269,11923
2020-05-14,Brunei,141,1,0,140,141,1,0,140,141,442400,0,0,0,0,0
2020-05-14,Bulgaria,2100,99,0,2001,2069,96,0,1973,2023,7000039,31,3,0,28,46
2020-05-14,Burkina Faso,773,51,0,722,773,51,0,722,766,20870060,0,0,0,0,7
2020-05-14,Burma,181,6,0,175,181,6,0,175,180,,0,0,0,0,1
2020-05-14,Burundi,15,1,0,14,15,1,0,14,15,,0,0,0,0,0
2020-05-14,Cabo Verde,315,2,0,313,289,2,0,287,267,,26,0,0,26,22
2020-05-14,Cambodia,122,0,0,122,122,0,0,122,122,15288489,0,0,0,0,0
2020-05-14,Cameroon,2954,139,0,2815,2800,136,0,2664,2689,26545864,154,3,0,151,111
2020-05-14,Canada,74781,5592,0,69189,73568,5425,0,68143,72419,37966227,1213,167,0,1046,1149
2020-05-14,Central African Republic,143,0,0,143,143,0,0,143,143,5496011,0,0,0,0,0
2020-05-14,Chad,399,46,0,353,372,42,0,330,357,15692969,27,4,0,23,15
2020-05-14,Chile,37040,368,0,36672,34381,346,0,34035,31721,19107216,2659,22,0,2637,2660
2020-05-14,China,84029,4637,0,79392,84024,4637,0,79387,84018,1401870440,5,0,0,5,6
2020-05-14,Colombia,13610,525,0,13085,12930,509,0,12421,12272,49395678,680,16,0,664,658
2020-05-14,Comoros,11,1,0,10,11,1,0,10,11,,0,0,0,0,0
2020-05-14,Congo (Brazzaville),391,15,0,376,333,11,0,322,333,5518092,58,4,0,54,0
2020-05-14,Congo (Kinshasa),1242,50,0,1192,1169,50,0,1119,1102,89561404,73,0,0,73,67
2020-05-14,Costa Rica,830,8,0,822,815,8,0,807,804,5058007,15,0,0,15,11
2020-05-14,Cote d'Ivoire,1971,24,0,1947,1912,24,0,1888,1857,25823071,59,0,0,59,55
2020-05-14,Croatia,2221,94,0,2127,2213,94,0,2119,2207,4076246,8,0,0,8,6
2020-05-14,Cuba,1830,79,0,1751,1810,79,0,1731,1804,11209628,20,0,0,20,6
2020-05-14,Cyprus,907,17,0,890,905,17,0,888,903,875900,2,0,0,2,2
2020-05-14,Czechia,8351,293,0,8058,8269,290,0,7979,8221,10693939,82,3,0,79,48
2020-05-14,Denmark,10911,537,0,10374,10865,533,0,10332,10789,5822763,46,4,0,42,76
2020-05-14,Diamond Princess,712,13,0,699,712,13,0,699,712,,0,0,0,0,0
2020-05-14,Djibouti,1284,3,0,1281,1268,3,0,1265,1256,1078373,16,0,0,16,12
2020-05-14,Dominica,16,0,0,16,16,0,0,16,16,,0,0,0,0,0
2020-05-14,Dominican Republic,11320,422,0,10898,11196,409,0,10787,10900,10358320,124,13,0,111,296
2020-05-14,Ecuador,30502,2338,0,28164,30486,2334,0,28152,30419,17449288,16,4,0,12,67
2020-05-14,Egypt,10829,571,0,10258,10431,556,0,9875,10093,100153850,398,15,0,383,338
2020-05-14,El Salvador,1112,23,0,1089,1037,20,0,1017,998,6486201,75,3,0,72,39
2020-05-14,Equatorial Guinea,583,7,0,576,522,6,0,516,439,1358276,61,1,0,60,83
2020-05-14,Eritrea,39,0,0,39,39,0,0,39,39,3497117,0,0,0,0,0
2020-05-14,Estonia,1758,62,0,1696,1751,61,0,1690,1746,1328360,7,1,0,6,5
2020-05-14,Eswatini,187,2,0,185,187,2,0,185,184,1093238,0,0,0,0,3
2020-05-14,Ethiopia,272,5,0,267,263,5,0,258,261,98665000,9,0,0,9,2
2020-05-14,Fiji,18,0,0,18,18,0,0,18,18,884887,0,0,0,0,0
2020-05-14,Finland,6145,287,0,5858,6054,284,0,5770,6003,5527573,91,3,0,88,51
2020-05-14,France,178994,27428,0,151566,178184,27077,0,151107,178349,67069000,810,351,0,459,-165
2020-05-14,Gabon,1104,10,0,1094,1004,9,0,995,863,2172579,100,1,0,99,141
2020-05-14,Gambia,23,1,0,22,23,1,0,22,22,,0,0,0,0,1
2020-05-14,Georgia,667,12,0,655,647,11,0,636,642,3723464,20,1,0,19,5
2020-05-14,Germany,174478,7884,0,166594,174098,7861,0,166237,173171,83149300,380,23,0,357,927
2020-05-14,Ghana,5530,24,0,5506,5408,24,0,5384,5127,30280811,122,0,0,122,281
2020-05-14,Greece,2770,156,0,2614,2760,155,0,2605,2744,10724599,10,1,0,9,16
2020-05-14,Grenada,21,0,0,21,21,0,0,21,21,,0,0,0,0,0
2020-05-14,Guatemala,1518,29,0,1489,1342,29,0,1313,1199,16604026,176,0,0,176,143
2020-05-14,Guinea,2473,15,0,2458,2374,14,0,2360,2298,12218357,99,1,0,98,76
2020-05-14,Guinea-Bissau,913,3,0,910,836,3,0,833,820,,77,0,0,77,16
2020-05-14,Guyana,113,10,0,103,113,10,0,103,113,782766,0,0,0,0,0
2020-05-14,Haiti,273,20,0,253,234,18,0,216,209,11577779,39,2,0,37,25
2020-05-14,Holy See,12,0,0,12,12,0,0,12,12,,0,0,0,0,0
2020-05-14,Honduras,2318,133,0,2185,2255,123,0,2132,2080,9158345,63,10,0,53,175
2020-05-14,Hungary,3380,436,0,2944,3341,430,0,2911,3313,9772756,39,6,0,33,28
2020-05-14,Iceland,1802,10,0,1792,1802,10,0,1792,1801,364260,0,0,0,0,1
2020-05-14,India,81997,2649,0,79348,78055,2551,0,75504,74292,1360094159,3942,98,0,3844,3763
2020-05-14,Indonesia,16006,1043,0,14963,15438,1028,0,14410,14749,266911900,568,15,0,553,689
2020-05-14,Iran,114533,6854,0,107679,112725,6783,0,105942,110767,83301053,1808,71,0,1737,1958
2020-05-14,Iraq,3143,115,0,3028,3032,115,0,2917,2913,39127900,111,0,0,111,119
2020-05-14,Ireland,23827,1506,0,22321,23401,1497,0,21904,23242,4921500,426,9,0,417,159
2020-05-14,Israel,16579,265,0,16314,16548,264,0,16284,16529,9175050,31,1,0,30,19
2020-05-14,Italy,223096,31368,0,191728,222104,31106,0,190998,221216,60243406,992,262,0,730,888
2020-05-14,Jamaica,509,9,0,500,509,9,0,500,507,2726667,0,0,0,0,2
2020-05-14,Japan,16120,697,0,15423,16049,678,0,15371,15968,126010000,71,19,0,52,81
2020-05-14,Jordan,586,9,0,577,582,9,0,573,576,10641432,4,0,0,4,6
2020-05-14,Kazakhstan,5571,32,0,5539,5417,32,0,5385,5279,18667696,154,0,0,154,138
2020-05-14,Kenya,758,42,0,716,737,40,0,697,715,47564296,21,2,0,19,22
2020-05-14,"Korea, South",11018,260,0,10758,10991,260,0,10731,10962,51780579,27,0,0,27,29
2020-05-14,Kosovo,944,29,0,915,919,29,0,890,919,1795666,25,0,0,25,0
2020-05-14,Kuwait,11975,88,0,11887,11028,82,0,10946,10277,4420110,947,6,0,941,751
2020-05-14,Kyrgyzstan,1082,12,0,1070,1044,12,0,1032,1037,6523500,38,0,0,38,7
2020-05-14,Laos,19,0,0,19,19,0,0,19,19,,0,0,0,0,0
2020-05-14,Latvia,962,19,0,943,951,19,0,932,950,1906800,11,0,0,11,1
2020-05-14,Lebanon,886,26,0,860,878,26,0,852,870,6825442,8,0,0,8,8
2020-05-14,Lesotho,1,0,0,1,1,0,0,1,,,0,0,0,0,
2020-05-14,Liberia,215,20,0,195,213,20,0,193,211,4475353,2,0,0,2,2
2020-05-14,Libya,64,3,0,61,64,3,0,61,64,,0,0,0,0,0
2020-05-14,Liechtenstein,82,1,0,81,82,1,0,81,82,38749,0,0,0,0,0
2020-05-14,Lithuania,1511,54,0,1457,1505,54,0,1451,1491,2793471,6,0,0,6,14
2020-05-14,Luxembourg,3915,103,0,3812,3904,103,0,3801,3894,613894,11,0,0,11,10
2020-05-14,MS Zaandam,9,2,0,7,9,2,0,7,9,,0,0,0,0,0
2020-05-14,Madagascar,230,0,0,230,212,0,0,212,186,25680342,18,0,0,18,26
2020-05-14,Malawi,63,3,0,60,63,3,0,60,57,,0,0,0,0,6
2020-05-14,Malaysia,6819,112,0,6707,6779,111,0,6668,6742,32726760,40,1,0,39,37
2020-05-14,Maldives,982,4,0,978,955,4,0,951,904,374775,27,0,0,27,51
2020-05-14,Mali,779,46,0,733,758,44,0,714,730,,21,2,0,19,28
2020-05-14,Malta,522,6,0,516,508,6,0,502,506,493559,14,0,0,14,2
2020-05-14,Mauritania,20,2,0,18,15,2,0,13,9,4077347,5,0,0,5,6
2020-05-14,Mauritius,332,10,0,322,332,10,0,322,332,1265985,0,0,0,0,0
2020-05-14,Mexico,42595,4477,0,38118,40186,4220,0,35966,38324,126577691,2409,257,0,2152,1862
2020-05-14,Moldova,5553,194,0,5359,5406,185,0,5221,5154,2681735,147,9,0,138,252
2020-05-14,Monaco,96,4,0,92,96,4,0,92,96,38300,0,0,0,0,0
2020-05-14,Mongolia,98,0,0,98,42,0,0,42,42,3308788,56,0,0,56,0
2020-05-14,Montenegro,324,9,0,315,324,9,0,315,324,622359,0,0,0,0,0
2020-05-14,Morocco,6607,190,0,6417,6512,188,0,6324,6418,35846095,95,2,0,93,94
2020-05-14,Mozambique,115,0,0,115,104,0,0,104,104,,11,0,0,11,0
2020-05-14,Namibia,16,0,0,16,16,0,0,16,16,2458936,0,0,0,0,0
2020-05-14,Nepal,249,0,0,249,250,0,0,250,217,29609623,-1,0,0,-1,33
2020-05-14,Netherlands,43680,5609,0,38071,43410,5581,0,37829,43183,17447181,270,28,0,242,227
2020-05-14,New Zealand,1498,21,0,1477,1497,21,0,1476,1497,4972216,1,0,0,1,0
2020-05-14,Nicaragua,25,8,0,17,25,8,0,17,25,6460411,0,0,0,0,0
2020-05-14,Niger,876,50,0,826,860,49,0,811,854,22314743,16,1,0,15,6
2020-05-14,Nigeria,5162,167,0,4995,4971,164,0,4807,4787,206139587,191,3,0,188,184
2020-05-14,North Macedonia,1723,95,0,1628,1694,95,0,1599,1674,2077132,29,0,0,29,20
2020-05-14,Norway,8196,232,0,7964,8175,229,0,7946,8157,5367580,21,3,0,18,18
2020-05-14,Oman,4341,18,0,4323,4019,17,0,4002,3721,4664790,322,1,0,321,298
2020-05-14,Pakistan,35788,770,0,35018,35298,761,0,34537,34336,219027520,490,9,0,481,962
2020-05-14,Panama,9118,260,0,8858,8944,256,0,8688,8783,4218808,174,4,0,170,161
2020-05-14,Papua New Guinea,8,0,0,8,8,0,0,8,8,8935000,0,0,0,0,0
2020-05-14,Paraguay,754,11,0,743,740,11,0,729,737,7152703,14,0,0,14,3
2020-05-14,Peru,80604,2267,0,78337,76306,2169,0,74137,72059,32131400,4298,98,0,4200,4247
2020-05-14,Philippines,11876,790,0,11086,11618,772,0,10846,11350,108438081,258,18,0,240,268
2020-05-14,Poland,17615,883,0,16732,17204,861,0,16343,16921,38386000,411,22,0,389,283
2020-05-14,Portugal,28319,1184,0,27135,28132,1175,0,26957,27913,10276617,187,9,0,178,219
2020-05-14,Qatar,28272,14,0,28258,26539,14,0,26525,25149,2747282,1733,0,0,1733,1390
2020-05-14,Romania,16247,1053,0,15194,16002,1036,0,14966,15778,19405156,245,17,0,228,224
2020-05-14,Russia,252245,2305,0,249940,242271,2212,0,240059,232243,146745098,9974,93,0,9881,10028
2020-05-14,Rwanda,287,0,0,287,287,0,0,287,286,12374397,0,0,0,0,1
2020-05-14,Saint Kitts and Nevis,15,0,0,15,15,0,0,15,15,,0,0,0,0,0
2020-05-14,Saint Lucia,18,0,0,18,18,0,0,18,18,178696,0,0,0,0,0
2020-05-14,Saint Vincent and the Grenadines,17,0,0,17,17,0,0,17,17,110608,0,0,0,0,0
2020-05-14,San Marino,648,41,0,607,643,41,0,602,638,33574,5,0,0,5,5
2020-05-14,Sao Tome and Principe,235,7,0,228,220,6,0,214,208,,15,1,0,14,12
2020-05-14,Saudi Arabia,46869,283,0,46586,44830,273,0,44557,42925,34218169,2039,10,0,2029,1905
2020-05-14,Senegal,2189,23,0,2166,2105,21,0,2084,1995,16209125,84,2,0,82,110
2020-05-14,Serbia,10374,224,0,10150,10295,222,0,10073,10243,6963764,79,2,0,77,52
2020-05-14,Seychelles,11,0,0,11,11,0,0,11,11,97625,0,0,0,0,0
2020-05-14,Sierra Leone,408,26,0,382,387,26,0,361,338,,21,0,0,21,49
2020-05-14,Singapore,26098,21,0,26077,25346,21,0,25325,24671,5703600,752,0,0,752,675
2020-05-14,Slovakia,1477,27,0,1450,1469,27,0,1442,1465,5456362,8,0,0,8,4
2020-05-14,Slovenia,1464,103,0,1361,1463,103,0,1360,1461,2094060,1,0,0,1,2
2020-05-14,Somalia,1284,53,0,1231,1219,52,0,1167,1170,15893219,65,1,0,64,49
2020-05-14,South Africa,12739,238,0,12501,12074,219,0,11855,11350,58775022,665,19,0,646,724
2020-05-14,South Sudan,203,0,0,203,203,0,0,203,194,,0,0,0,0,9
2020-05-14,Spain,229540,27321,0,202219,228691,27104,0,201587,228030,47100396,849,217,0,632,661
2020-05-14,Sri Lanka,925,9,0,916,915,9,0,906,889,21803000,10,0,0,10,26
2020-05-14,Sudan,1818,90,0,1728,1818,90,0,1728,1661,42364155,0,0,0,0,157
2020-05-14,Suriname,10,1,0,9,10,1,0,9,10,581372,0,0,0,0,0
2020-05-14,Sweden,28582,3529,0,25053,27909,3460,0,24449,27272,10333456,673,69,0,604,637
2020-05-14,Switzerland,30463,1872,0,28591,30413,1870,0,28543,30380,8586550,50,2,0,48,33
2020-05-14,Syria,48,3,0,45,48,3,0,45,47,,0,0,0,0,1
2020-05-14,Taiwan*,440,7,0,433,440,7,0,433,440,23604265,0,0,0,0,0
2020-05-14,Tajikistan,907,29,0,878,801,23,0,778,729,,106,6,0,100,72
2020-05-14,Tanzania,509,21,0,488,509,21,0,488,509,55890747,0,0,0,0,0
2020-05-14,Thailand,3018,56,0,2962,3017,56,0,2961,3017,66484342,1,0,0,1,0
2020-05-14,Timor-Leste,24,0,0,24,24,0,0,24,24,,0,0,0,0,0
2020-05-14,Togo,238,11,0,227,219,11,0,208,199,7538000,19,0,0,19,20
2020-05-14,Trinidad and Tobago,116,8,0,108,116,8,0,108,116,1363985,0,0,0,0,0
2020-05-14,Tunisia,1032,45,0,987,1032,45,0,987,1032,11722038,0,0,0,0,0
2020-05-14,Turkey,144749,4007,0,140742,143114,3952,0,139162,141475,83154997,1635,55,0,1580,1639
2020-05-14,US,1417774,85898,0,1331876,1390406,84119,0,1306287,1369376,329493716,27368,1779,0,25589,21030
2020-05-14,Uganda,160,0,0,160,139,0,0,139,129,40299300,21,0,0,21,10
2020-05-14,Ukraine,16847,456,0,16391,16425,439,0,15986,16023,41902416,422,17,0,405,402
2020-05-14,United Arab Emirates,21084,208,0,20876,20386,206,0,20180,19661,9890400,698,2,0,696,725
2020-05-14,United Kingdom,234440,33693,0,200747,230985,33264,0,197721,227741,66435600,3455,429,0,3026,3244
2020-05-14,Uruguay,724,19,0,705,719,19,0,700,717,3518552,5,0,0,5,2
2020-05-14,Uzbekistan,2645,11,0,2634,2612,11,0,2601,2519,34083289,33,0,0,33,93
2020-05-14,Venezuela,455,10,0,445,423,10,0,413,423,32219521,32,0,0,32,0
2020-05-14,Vietnam,312,0,0,312,288,0,0,288,288,96208984,24,0,0,24,0
2020-05-14,West Bank and Gaza,375,2,0,373,375,2,0,373,375,,0,0,0,0,0
2020-05-14,Western Sahara,6,0,0,6,6,0,0,6,6,,0,0,0,0,0
2020-05-14,Yemen,85,12,0,73,70,12,0,58,65,,15,0,0,15,5
2020-05-14,Zambia,654,7,0,647,446,7,0,439,441,17381168,208,0,0,208,5
2020-05-14,Zimbabwe,37,4,0,33,37,4,0,33,36,15159624,0,0,0,0,1
