Date,Country/Region,Confirmed,Deaths,Recovered,Active Cases,Previous Confirmed,Previous Deaths,Previous Recovered,Previous Active,Prev2 Confirmed,Population,Daily Confirmed,Daily Deaths,Daily Recovered,Daily Active,Previous Daily Confirmed
2020-05-15,Afghanistan,6053,153,0,5900,5639,136,0,5503,5226,32225560,414,17,0,397,413
2020-05-15,Albania,916,31,0,885,898,31,0,867,880,2862427,18,0,0,18,18
2020-05-15,Algeria,6629,536,0,6093,6442,529,0,5913,6253,43000000,187,7,0,180,189
2020-05-15,Andorra,761,49,0,712,761,49,0,712,760,77543,0,0,0,0,1
2020-05-15,Angola,48,2,0,46,48,2,0,46,45,31127674,0,0,0,0,3
2020-05-15,Antigua and Barbuda,25,3,0,22,25,3,0,22,25,96453,0,0,0,0,0
2020-05-15,Argentina,7479,356,0,7123,7134,353,0,6781,6879,44938712,345,3,0,342,255
2020-05-15,Armenia,4044,52,0,3992,3860,49,0,3811,3718,2957500,184,3,0,181,142
2020-05-15,Australia,7035,98,0,6937,7019,98,0,6921,6989,25654023,16,0,0,16,30
2020-05-15,Austria,16109,628,0,15481,16058,626,0,15432,15997,8902600,51,2,0,49,61
2020-05-15,Azerbaijan,2980,36,0,2944,2879,35,0,2844,2758,10067108,101,1,0,100,121
2020-05-15,Bahamas,96,11,0,85,96,11,0,85,94,,0,0,0,0,2
2020-05-15,Bahrain,6583,12,0,6571,6198,10,0,6188,5816,1543300,385,2,0,383,382
2020-05-15,Bangladesh,20065,298,0,19767,18863,283,0,18580,17822,168310034,1202,15,0,1187,1041
2020-05-15,Barbados,85,7,0,78,85,7,0,78,85,287025,0,0,0,0,0
2020-05-15,Belarus,27730,156,0,27574,26772,151,0,26621,25825,9413446,958,5,0,953,947
2020-05-15,Belgium,54644,8959,0,45685,54288,8903,0,45385,53981,11524454,356,56,0,300,307
2020-05-15,Belize,18,2,0,16,18,2,0,16,18,,0,0,0,0,0
2020-05-15,Benin,339,2,0,337,339,2,0,337,327,11733059,0,0,0,0,12
2020-05-15,Bhutan,21,0,0,21,20,0,0,20,15,741672,1,0,0,1,5
2020-05-15,Bolivia,3577,164,0,3413,3372,152,0,3220,3148,11469896,205,12,0,193,224
2020-05-15,Bosnia and Herzegovina,2236,128,0,2108,2218,122,0,2096,2181,3301000,18,6,0,12,37
2020-05-15,Botswana,24,1,0,23,24,1,0,23,24,,0,0,0,0,0
2020-05-15,Brazil,220291,14962,0,205329,203165,13999,0,189166,190137,211288170,17126,963,0,16163,13028
2020-05-15,Brunei,141,1,0,140,141,1,0,140,141,442400,0,0,0,0,0
2020-05-15,Bulgaria,2138,102,0,2036,2100,99,0,2001,2069,7000039,38,3,0,35,31
2020-05-15,Burkina Faso,780,51,0,729,773,51,0,722,773,20870060,7,0,0,7,0
2020-05-15,Burma,182,6,0,176,181,6,0,175,181,,1,0,0,1,0
2020-05-15,Burundi,15,1,0,14,15,1,0,14,15,,0,0,0,0,0
2020-05-15,Cabo Verde,326,2,0,324,315,2,0,313,289,,11,0,0,11,26
2020-05-15,Cambodia,122,0,0,122,122,0,0,122,122,15288489,0,0,0,0,0
2020-05-15,Cameroon,3105,140,0,2965,2954,139,0,2815,2800,26545864,151,1,0,150,154
2020-05-15,Canada,75959,5679,0,70280,74781,5592,0,69189,73568,37966227,1178,87,0,1091,1213
2020-05-15,Central African Republic,301,0,0,301,143,0,0,143,143,5496011,158,0,0,158,0
2020-05-15,Chad,428,48,0,380,399,46,0,353,372,15692969,29,2,0,27,27
2020-05-15,Chile,39542,394,0,39148,37040,368,0,36672,34381,19107216,2502,26,0,2476,2659
2020-05-15,China,84038,4637,0,79401,84029,4637,0,79392,84024,1401870440,9,0,0,9,5
2020-05-15,Colombia,14216,546,0,13670,13610,525,0,13085,12930,49395678,606,21,0,585,680
2020-05-15,Comoros,11,1,0,10,11,1,0,10,11,,0,0,0,0,0
2020-05-15,Congo (Brazzaville),391,15,0,376,391,15,0,376,333,5518092,0,0,0,0,58
2020-05-15,Congo (Kinshasa),1298,50,0,1248,1242,50,0,1192,1169,89561404,56,0,0,56,73
2020-05-15,Costa Rica,843,9,0,834,830,8,0,822,815,5058007,13,1,0,12,15
2020-05-15,Cote d'Ivoire,2017,24,0,1993,1971,24,0,1947,1912,25823071,46,0,0,46,59
2020-05-15,Croatia,2222,95,0,2127,2221,94,0,2127,2213,4076246,1,1,0,0,8
2020-05-15,Cuba,1840,79,0,1761,1830,79,0,1751,1810,11209628,10,0,0,10,20
2020-05-15,Cyprus,910,17,0,893,907,17,0,890,905,875900,3,0,0,3,2
2020-05-15,Czechia,8406,295,0,8111,8351,293,0,8058,8269,10693939,55,2,0,53,82
2020-05-15,Denmark,10989,537,0,10452,10911,537,0,10374,10865,5822763,78,0,0,78,46
2020-05-15,Diamond Princess,712,13,0,699,712,13,0,699,712,,0,0,0,0,0
2020-05-15,Djibouti,1309,4,0,1305,1284,3,0,1281,1268,1078373,25,1,0,24,16
2020-05-15,Dominica,16,0,0,16,16,0,0,16,16,,0,0,0,0,0
2020-05-15,Dominican Republic,11739,424,0,11315,11320,422,0,10898,11196,10358320,419,2,0,417,124
2020-05-15,Ecuador,31467,2594,0,28873,30502,2338,0,28164,30486,17449288,965,256,0,709,16
2020-05-15,Egypt,11228,592,0,10636,10829,571,0,10258,10431,100153850,399,21,0,378,398
2020-05-15,El Salvador,1210,25,0,1185,1112,23,0,1089,1037,6486201,98,2,0,96,75
2020-05-15,Equatorial Guinea,594,7,0,587,583,7,0,576,522,1358276,11,0,0,11,61
2020-05-15,Eritrea,39,0,0,39,39,0,0,39,39,3497117,0,0,0,0,0
2020-05-15,Estonia,1766,63,0,1703,1758,62,0,1696,1751,1328360,8,1,0,7,7
2020-05-15,Eswatini,190,2,0,188,187,2,0,185,187,1093238,3,0,0,3,0
2020-05-15,Ethiopia,287,5,0,282,272,5,0,267,263,98665000,15,0,0,15,9
2020-05-15,Fiji,18,0,0,18,18,0,0,18,18,884887,0,0,0,0,0
2020-05-15,Finland,6228,293,0,5935,6145,287,0,5858,6054,5527573,83,6,0,77,91
2020-05-15,France,179630,27532,0,152098,178994,27428,0,151566,178184,67069000,636,104,0,532,810
2020-05-15,Gabon,1209,10,0,1199,1104,10,0,1094,1004,2172579,105,0,0,105,100
2020-05-15,Gambia,23,1,0,22,23,1,0,22,23,,0,0,0,0,0
2020-05-15,Georgia,671,12,0,659,667,12,0,655,647,3723464,4,0,0,4,20
2020-05-15,Germany,175233,7897,0,167336,174478,7884,0,166594,174098,83149300,755,13,0,742,380
2020-05-15,Ghana,5638,28,0,5610,5530,24,0,5506,5408,30280811,108,4,0,104,122
2020-05-15,Greece,2810,160,0,2650,2770,156,0,2614,2760,10724599,40,4,0,36,10
2020-05-15,Grenada,22,0,0,22,21,0,0,21,21,,1,0,0,1,0
2020-05-15,Guatemala,1643,30,0,1613,1518,29,0,1489,1342,16604026,125,1,0,124,176
2020-05-15,Guinea,2473,15,0,2458,2473,15,0,2458,2374,12218357,0,0,0,0,99
2020-05-15,Guinea-Bissau,913,3,0,910,913,3,0,910,836,,0,0,0,0,77
2020-05-15,Guyana,116,10,0,106,113,10,0,103,113,782766,3,0,0,3,0
2020-05-15,Haiti,310,20,0,290,273,20,0,253,234,11577779,37,0,0,37,39
2020-05-15,Holy See,12,0,0,12,12,0,0,12,12,,0,0,0,0,0
2020-05-15,Honduras,2460,134,0,2326,2318,133,0,2185,2255,9158345,142,1,0,141,63
2020-05-15,Hungary,3417,442,0,2975,3380,436,0,2944,3341,9772756,37,6,0,31,39
2020-05-15,Iceland,1802,10,0,1792,1802,10,0,1792,1802,364260,0,0,0,0,0
2020-05-15,India,85784,2753,0,83031,81997,2649,0,79348,78055,1360094159,3787,104,0,3683,3942
2020-05-15,Indonesia,16496,1076,0,15420,16006,1043,0,14963,15438,266911900,490,33,0,457,568
2020-05-15,Iran,116635,6902,0,109733,114533,6854,0,107679,112725,83301053,2102,48,0,2054,1808
2020-05-15,Iraq,3193,117,0,3076,3143,115,0,3028,3032,39127900,50,2,0,48,111
2020-05-15,Ireland,23956,1518,0,22438,23827,1506,0,22321,23401,4921500,129,12,0,117,426
2020-05-15,Israel,16589,266,0,16323,16579,265,0,16314,16548,9175050,10,1,0,9,31
2020-05-15,Italy,223885,31610,0,192275,223096,31368,0,191728,222104,60243406,789,242,0,547,992
2020-05-15,Jamaica,511,9,0,502,509,9,0,500,509,2726667,2,0,0,2,0
2020-05-15,Japan,16203,713,0,15490,16120,697,0,15423,16049,126010000,83,16,0,67,71
2020-05-15,Jordan,596,9,0,587,586,9,0,577,582,10641432,10,0,0,10,4
2020-05-15,Kazakhstan,5689,34,0,5655,5571,32,0,5539,5417,18667696,118,2,0,116,154
2020-05-15,Kenya,781,45,0,736,758,42,0,716,737,47564296,23,3,0,20,21
2020-05-15,"Korea, South",11037,262,0,10775,11018,260,0,10758,10991,51780579,19,2,0,17,27
2020-05-15,Kosovo,944,29,0,915,944,29,0,915,919,1795666,0,0,0,0,25
2020-05-15,Kuwait,12860,96,0,12764,11975,88,0,11887,11028,4420110,885,8,0,877,947
2020-05-15,Kyrgyzstan,1111,14,0,1097,1082,12,0,1070,1044,6523500,29,2,0,27,38
2020-05-15,Laos,19,0,0,19,19,0,0,19,19,,0,0,0,0,0
2020-05-15,Latvia,970,19,0,951,962,19,0,943,951,1906800,8,0,0,8,11
2020-05-15,Lebanon,891,26,0,865,886,26,0,860,878,6825442,5,0,0,5,8
2020-05-15,Lesotho,1,0,0,1,1,0,0,1,1,,0,0,0,0,0
2020-05-15,Liberia,219,20,0,199,215,20,0,195,213,4475353,4,0,0,4,2
2020-05-15,Libya,64,3,0,61,64,3,0,61,64,,0,0,0,0,0
2020-05-15,Liechtenstein,82,1,0,81,82,1,0,81,82,38749,0,0,0,0,0
2020-05-15,Lithuania,1523,54,0,1469,1511,54,0,1457,1505,2793471,12,0,0,12,6
2020-05-15,Luxembourg,3923,104,0,3819,3915,103,0,3812,3904,613894,8,1,0,7,11
2020-05-15,MS Zaandam,9,2,0,7,9,2,0,7,9,,0,0,0,0,0
2020-05-15,Madagascar,238,0,0,238,230,0,0,230,212,25680342,8,0,0,8,18
2020-05-15,Malawi,63,3,0,60,63,3,0,60,63,,0,0,0,0,0
2020-05-15,Malaysia,6855,112,0,6743,6819,112,0,6707,6779,32726760,36,0,0,36,40
2020-05-15,Maldives,1031,4,0,1027,982,4,0,978,955,374775,49,0,0,49,27
2020-05-15,Mali,806,46,0,760,779,46,0,733,758,,27,0,0,27,21
2020-05-15,Malta,532,6,0,526,522,6,0,516,508,493559,10,0,0,10,14
2020-05-15,Mauritania,29,3,0,26,20,2,0,18,15,4077347,9,1,0,8,5
2020-05-15,Mauritius,332,10,0,322,332,10,0,322,332,1265985,0,0,0,0,0
2020-05-15,Mexico,45032,4767,0,40265,42595,4477,0,38118,40186,126577691,2437,290,0,2147,2409
2020-05-15,Moldova,5745,202,0,5543,5553,194,0,5359,5406,2681735,192,8,0,184,147
2020-05-15,Monaco,96,4,0,92,96,4,0,92,96,38300,0,0,0,0,0
2020-05-15,Mongolia,98,0,0,98,98,0,0,98,42,3308788,0,0,0,0,56
2020-05-15,Montenegro,324,9,0,315,324,9,0,315,324,622359,0,0,0,0,0
2020-05-15,Morocco,6652,190,0,6462,6607,190,0,6417,6512,35846095,45,0,0,45,95
2020-05-15,Mozambique,119,0,0,119,115,0,0,115,104,,4,0,0,4,11
2020-05-15,Namibia,16,0,0,16,16,0,0,16,16,2458936,0,0,0,0,0
2020-05-15,Nepal,267,0,0,267,249,0,0,249,250,29609623,18,0,0,18,-1
2020-05-15,Netherlands,43880,5662,0,38218,43680,5609,0,38071,43410,17447181,200,53,0,147,270
2020-05-15,New Zealand,1498,21,0,1477,1498,21,0,1477,1497,4972216,0,0,0,0,1
2020-05-15,Nicaragua,25,8,0,17,25,8,0,17,25,6460411,0,0,0,0,0
2020-05-15,Niger,885,51,0,834,876,50,0,826,860,22314743,9,1,0,8,16
2020-05-15,Nigeria,5450,171,0,5279,5162,167,0,4995,4971,206139587,288,4,0,284,191
2020-05-15,North Macedonia,1740,97,0,1643,1723,95,0,1628,1694,2077132,17,2,0,15,29
2020-05-15,Norway,8219,232,0,7987,8196,232,0,7964,8175,5367580,23,0,0,23,21
2020-05-15,Oman,4625,20,0,4605,4341,18,0,4323,4019,4664790,284,2,0,282,322
2020-05-15,Pakistan,38799,834,0,37965,35788,770,0,35018,35298,219027520,3011,64,0,2947,490
2020-05-15,Panama,9268,266,0,9002,9118,260,0,8858,8944,4218808,150,6,0,144,174
2020-05-15,Papua New Guinea,8,0,0,8,8,0,0,8,8,8935000,0,0,0,0,0
2020-05-15,Paraguay,759,11,0,748,754,11,0,743,740,7152703,5,0,0,5,14
2020-05-15,Peru,84495,2392,0,82103,80604,2267,0,78337,76306,32131400,3891,125,0,3766,4298
2020-05-15,Philippines,12091,806,0,11285,11876,790,0,11086,11618,108438081,215,16,0,199,258
2020-05-15,Poland,18016,907,0,17109,17615,883,0,16732,17204,38386000,401,24,0,377,411
2020-05-15,Portugal,28583,1190,0,27393,28319,1184,0,27135,28132,10276617,264,6,0,258,187
2020-05-15,Qatar,29425,14,0,29411,28272,14,0,28258,26539,2747282,1153,0,0,1153,1733
2020-05-15,Romania,16437,1070,0,15367,16247,1053,0,15194,16002,19405156,190,17,0,173,245
2020-05-15,Russia,262843,2418,0,260425,252245,2305,0,249940,242271,146745098,10598,113,0,10485,9974
2020-05-15,Rwanda,287,0,0,287,287,0,0,287,287,12374397,0,0,0,0,0
2020-05-15,Saint Kitts and Nevis,15,0,0,15,15,0,0,15,15,,0,0,0,0,0
2020-05-15,Saint Lucia,18,0,0,18,18,0,0,18,18,178696,0,0,0,0,0
2020-05-15,Saint Vincent and the Grenadines,17,0,0,17,17,0,0,17,17,110608,0,0,0,0,0
2020-05-15,San Marino,652,41,0,611,648,41,0,607,643,33574,4,0,0,4,5
2020-05-15,Sao Tome and Principe,235,7,0,228,235,7,0,228,220,,0,0,0,0,15
2020-05-15,Saudi Arabia,49176,292,0,48884,46869,283,0,46586,44830,34218169,2307,9,0,2298,2039
2020-05-15,Senegal,2310,25,0,2285,2189,23,0,2166,2105,16209125,121,2,0,119,84
2020-05-15,Serbia,10438,225,0,10213,10374,224,0,10150,10295,6963764,64,1,0,63,79
2020-05-15,Seychelles,11,0,0,11,11,0,0,11,11,97625,0,0,0,0,0
2020-05-15,Sierra Leone,447,27,0,420,408,26,0,382,387,,39,1,0,38,21
2020-05-15,Singapore,26891,21,0,26870,26098,21,0,26077,25346,5703600,793,0,0,793,752
2020-05-15,Slovakia,1480,27,0,1453,1477,27,0,1450,1469,5456362,3,0,0,3,8
2020-05-15,Slovenia,1465,103,0,1362,1464,103,0,1361,1463,2094060,1,0,0,1,1
2020-05-15,Somalia,1284,53,0,1231,1284,53,0,1231,1219,15893219,0,0,0,0,65
2020-05-15,South Africa,13524,247,0,13277,12739,238,0,12501,12074,58775022,785,9,0,776,665
2020-05-15,South Sudan,236,4,0,232,203,0,0,203,203,,33,4,0,29,0
2020-05-15,Spain,230183,27459,0,202724,229540,27321,0,202219,228691,47100396,643,138,0,505,849
2020-05-15,Sri Lanka,935,9,0,926,925,9,0,916,915,21803000,10,0,0,10,10
2020-05-15,Sudan,1964,91,0,1873,1818,90,0,1728,1818,42364155,146,1,0,145,0
2020-05-15,Suriname,10,1,0,9,10,1,0,9,10,581372,0,0,0,0,0
2020-05-15,Sweden,29207,3646,0,25561,28582,3529,0,25053,27909,10333456,625,117,0,508,673
2020-05-15,Switzerland,30514,1878,0,28636,30463,1872,0,28591,30413,8586550,51,6,0,45,50
2020-05-15,Syria,50,3,0,47,48,3,0,45,48,,2,0,0,2,0
2020-05-15,Taiwan*,440,7,0,433,440,7,0,433,440,23604265,0,0,0,0,0
2020-05-15,Tajikistan,1118,33,0,1085,907,29,0,878,801,,211,4,0,207,106
2020-05-15,Tanzania,509,21,0,488,509,21,0,488,509,55890747,0,0,0,0,0
2020-05-15,Thailand,3025,56,0,2969,3018,56,0,2962,3017,66484342,7,0,0,7,1
2020-05-15,Timor-Leste,24,0,0,24,24,0,0,24,24,,0,0,0,0,0
2020-05-15,Togo,263,11,0,252,238,11,0,227,219,7538000,25,0,0,25,19
2020-05-15,Trinidad and Tobago,116,8,0,108,116,8,0,108,116,1363985,0,0,0,0,0
2020-05-15,Tunisia,1035,45,0,990,1032,45,0,987,1032,11722038,3,0,0,3,0
2020-05-15,Turkey,146457,4055,0,142402,144749,4007,0,140742,143114,83154997,1708,48,0,1660,1635
2020-05-15,US,1442824,87530,0,1355294,1417774,85898,0,1331876,1390406,329493716,25050,1632,0,23418,27368
2020-05-15,Uganda,203,0,0,203,160,0,0,160,139,40299300,43,0,0,43,21
2020-05-15,Ukraine,17330,476,0,16854,16847,456,0,16391,16425,41902416,483,20,0,463,422
2020-05-15,United Arab Emirates,21831,210,0,21621,21084,208,0,20876,20386,9890400,747,2,0,745,698
2020-05-15,United Kingdom,238004,34078,0,203926,234440,33693,0,200747,230985,66435600,3564,385,0,3179,3455
2020-05-15,Uruguay,732,19,0,713,724,19,0,705,719,3518552,8,0,0,8,5
2020-05-15,Uzbekistan,2686,11,0,2675,2645,11,0,2634,2612,34083289,41,0,0,41,33
2020-05-15,Venezuela,459,10,0,449,455,10,0,445,423,32219521,4,0,0,4,32
2020-05-15,Vietnam,314,0,0,314,312,0,0,312,288,96208984,2,0,0,2,24
2020-05-15,West Bank and Gaza,375,2,0,373,375,2,0,373,375,,0,0,0,0,0
2020-05-15,Western Sahara,6,0,0,6,6,0,0,6,6,,0,0,0,0,0
2020-05-15,Yemen,106,15,0,91,85,12,0,73,70,,21,3,0,18,15
2020-05-15,Zambia,654,7,0,647,654,7,0,647,446,17381168,0,0,0,0,208
2020-05-15,Zimbabwe,42,4,0,38,37,4,0,33,37,15159624,5,0,0,5,0
