Date,Country/Region,Confirmed,Deaths,Recovered,Active Cases,Previous Confirmed,Previous Deaths,Previous Recovered,Previous Active,Prev2 Confirmed,Previous Week Confirmed,Population,Daily Confirmed,Daily Deaths,Daily Recovered,Daily Active,Previous Daily Confirmed,Weekly Confirmed
2020-09-24,Afghanistan,39170,1451,0,37719,39145,1446,0,37699,39096,38872,32225560,25,5,0,20,49,298
2020-09-24,Albania,12921,370,0,12551,12787,370,0,12417,12666,11948,2862427,134,0,0,134,121,973
2020-09-24,Algeria,50579,1703,0,48876,50400,1698,0,48702,50214,49194,43000000,179,5,0,174,186,1385
2020-09-24,Andorra,1753,53,0,1700,1753,53,0,1700,1681,1483,77543,0,0,0,0,72,270
2020-09-24,Angola,4475,162,0,4313,4363,159,0,4204,4236,3789,31127674,112,3,0,109,127,686
2020-09-24,Antigua and Barbuda,97,3,0,94,97,3,0,94,96,95,96453,0,0,0,0,1,2
2020-09-24,Argentina,678266,14766,0,663500,664799,14376,0,650423,652174,601713,44938712,13467,390,0,13077,12625,76553
2020-09-24,Armenia,48251,945,0,47306,47877,942,0,46935,47667,46671,2957500,374,3,0,371,210,1580
2020-09-24,Australia,27000,869,0,26131,26980,861,0,26119,26972,26861,25654023,20,8,0,12,8,139
2020-09-24,Austria,40816,783,0,40033,39984,777,0,39207,39303,35853,8902600,832,6,0,826,681,4963
2020-09-24,Azerbaijan,39686,581,0,39105,39524,580,0,38944,39378,38777,10067108,162,1,0,161,146,909
2020-09-24,Bahamas,3699,86,0,3613,3618,80,0,3538,3467,3177,,81,6,0,75,151,522
2020-09-24,Bahrain,67701,231,0,67470,67014,231,0,66783,66402,63189,1543300,687,0,0,687,612,4512
2020-09-24,Bangladesh,355384,5072,0,350312,353844,5044,0,348800,352178,344264,168310034,1540,28,0,1512,1666,11120
2020-09-24,Barbados,189,7,0,182,189,7,0,182,189,185,287025,0,0,0,0,0,4
2020-09-24,Belarus,76651,802,0,75849,76357,796,0,75561,76104,74987,9413446,294,6,0,288,253,1664
2020-09-24,Belgium,108768,9965,0,98803,106887,9959,0,96928,105226,97976,11524454,1881,6,0,1875,1661,10792
2020-09-24,Belize,1706,22,0,1684,1706,22,0,1684,1635,1567,,0,0,0,0,71,139
2020-09-24,Benin,2325,40,0,2285,2325,40,0,2285,2294,2280,11733059,0,0,0,0,31,45
2020-09-24,Bhutan,263,0,0,263,261,0,0,261,261,246,741672,2,0,0,2,0,17
2020-09-24,Bolivia,132618,7765,0,124853,131990,7731,0,124259,131453,129419,11469896,628,34,0,594,537,3199
2020-09-24,Bosnia and Herzegovina,26316,802,0,25514,26081,790,0,25291,25737,24605,3301000,235,12,0,223,344,1711
2020-09-24,Botswana,2921,16,0,2905,2567,13,0,2554,2567,2567,,354,3,0,351,0,354
2020-09-24,Brazil,4657702,139808,0,4517894,4591364,138105,0,4453259,4591364,4455386,211288170,66338,1703,0,64635,0,202316
2020-09-24,Brunei,146,3,0,143,145,3,0,142,145,145,442400,1,0,0,1,0,1
2020-09-24,Bulgaria,19573,785,0,18788,19283,779,0,18504,19123,18544,7000039,290,6,0,284,160,1029
2020-09-24,Burkina Faso,1950,56,0,1894,1929,56,0,1873,1907,1767,20870060,21,0,0,21,22,183
2020-09-24,Burma,8515,155,0,8360,7827,133,0,7694,6959,4299,,688,22,0,666,868,4216
2020-09-24,Burundi,477,1,0,476,476,1,0,475,474,473,,1,0,0,1,2,4
2020-09-24,Cabo Verde,5479,55,0,5424,5412,54,0,5358,5337,5063,,67,1,0,66,75,416
2020-09-24,Cambodia,275,0,0,275,275,0,0,275,275,275,15288489,0,0,0,0,0,0
2020-09-24,Cameroon,20712,418,0,20294,20690,416,0,20274,20598,20303,26545864,22,2,0,20,92,409
2020-09-24,Canada,151087,9297,0,141790,149939,9294,0,140645,148855,142879,37966227,1148,3,0,1145,1084,8208
2020-09-24,Central African Republic,4804,62,0,4742,4802,62,0,4740,4802,4782,5496011,2,0,0,2,0,22
2020-09-24,Chad,1171,82,0,1089,1164,82,0,1082,1155,1115,15692969,7,0,0,7,9,56
2020-09-24,Chile,451634,12469,0,439165,449903,12345,0,437558,448523,441150,19107216,1731,124,0,1607,1380,10484
2020-09-24,China,90424,4738,0,85686,90409,4738,0,85671,90399,90294,1401870440,15,0,0,15,10,130
2020-09-24,Colombia,790823,24746,0,766077,784268,24746,0,759522,777537,743945,49395678,6555,0,0,6555,6731,46878
2020-09-24,Comoros,474,7,0,467,470,7,0,463,470,470,,4,0,0,4,0,4
2020-09-24,Congo (Brazzaville),5005,89,0,4916,5005,89,0,4916,5002,4934,5518092,0,0,0,0,3,71
2020-09-24,Congo (Kinshasa),10555,271,0,10284,10537,271,0,10266,10523,10442,89561404,18,0,0,18,14,113
2020-09-24,Costa Rica,69459,795,0,68664,68059,781,0,67278,66689,60818,5058007,1400,14,0,1386,1370,8641
2020-09-24,Cote d'Ivoire,19501,120,0,19381,19430,120,0,19310,19343,19158,25823071,71,0,0,71,87,343
2020-09-24,Croatia,15572,261,0,15311,15340,257,0,15083,15136,14279,4076246,232,4,0,228,204,1293
2020-09-24,Cuba,5310,118,0,5192,5270,118,0,5152,5222,4933,11209628,40,0,0,40,48,377
2020-09-24,Cyprus,1663,22,0,1641,1654,22,0,1632,1618,1558,875900,9,0,0,9,36,105
2020-09-24,Czechia,58374,567,0,57807,55464,555,0,54909,53158,44155,10693939,2910,12,0,2898,2306,14219
2020-09-24,Denmark,25385,645,0,24740,24822,643,0,24179,24261,21836,5822763,563,2,0,561,561,3549
2020-09-24,Diamond Princess,712,13,0,699,712,13,0,699,712,712,,0,0,0,0,0,0
2020-09-24,Djibouti,5407,61,0,5346,5407,61,0,5346,5407,5399,1078373,0,0,0,0,0,8
2020-09-24,Dominica,24,0,0,24,24,0,0,24,24,24,,0,0,0,0,0,0
2020-09-24,Dominican Republic,110122,2076,0,108046,109737,2074,0,107663,109269,106136,10358320,385,2,0,383,468,3986
2020-09-24,Ecuador,131146,11213,0,119933,129892,11171,0,118721,127643,122257,17449288,1254,42,0,1212,2249,8889
2020-09-24,Egypt,102513,5835,0,96678,102375,5822,0,96553,102254,101641,100153850,138,13,0,125,121,872
2020-09-24,El Salvador,28201,823,0,27378,27954,819,0,27135,27954,27249,6486201,247,4,0,243,0,952
2020-09-24,Equatorial Guinea,5018,83,0,4935,5018,83,0,4935,5018,5002,1358276,0,0,0,0,0,16
2020-09-24,Eritrea,369,0,0,369,364,0,0,364,364,364,3497117,5,0,0,5,0,5
2020-09-24,Estonia,3076,64,0,3012,3033,64,0,2969,2976,2778,1328360,43,0,0,43,57,298
2020-09-24,Eswatini,5375,108,0,5267,5343,108,0,5235,5307,5191,1093238,32,0,0,32,36,184
2020-09-24,Ethiopia,71687,1148,0,70539,71083,1141,0,69942,70422,66913,98665000,604,7,0,597,661,4774
2020-09-24,Fiji,32,2,0,30,32,2,0,30,32,32,884887,0,0,0,0,0,0
2020-09-24,Finland,9379,343,0,9036,9288,343,0,8945,9195,8799,5527573,91,0,0,91,93,580
2020-09-24,France,536289,31524,0,504765,508456,31447,0,477009,507150,454266,67069000,27833,77,0,27756,1306,82023
2020-09-24,Gabon,8716,54,0,8662,8716,54,0,8662,8704,8678,2172579,0,0,0,0,12,38
2020-09-24,Gambia,3552,110,0,3442,3542,110,0,3432,3540,3473,,10,0,0,10,2,79
2020-09-24,Georgia,4399,26,0,4373,4140,25,0,4115,3913,2937,3723464,259,1,0,258,227,1462
2020-09-24,Germany,281346,9436,0,271910,279025,9423,0,269602,277412,269048,83149300,2321,13,0,2308,1613,12298
2020-09-24,Ghana,46222,299,0,45923,46153,299,0,45854,46062,45714,30280811,69,0,0,69,91,508
2020-09-24,Greece,16627,366,0,16261,16286,357,0,15929,15928,14400,10724599,341,9,0,332,358,2227
2020-09-24,Grenada,24,0,0,24,24,0,0,24,24,24,,0,0,0,0,0,0
2020-09-24,Guatemala,87933,3170,0,84763,87442,3154,0,84288,86623,83664,16604026,491,16,0,475,819,4269
2020-09-24,Guinea,10434,65,0,10369,10434,65,0,10369,10387,10154,12218357,0,0,0,0,47,280
2020-09-24,Guinea-Bissau,2324,39,0,2285,2324,39,0,2285,2324,2275,,0,0,0,0,0,49
2020-09-24,Guyana,2579,71,0,2508,2535,69,0,2466,2437,2027,782766,44,2,0,42,98,552
2020-09-24,Haiti,8668,227,0,8441,8646,225,0,8421,8633,8556,11577779,22,2,0,20,13,112
2020-09-24,Holy See,12,0,0,12,12,0,0,12,12,12,,0,0,0,0,0,0
2020-09-24,Honduras,73193,2249,0,70944,72675,2222,0,70453,72306,70120,9158345,518,27,0,491,369,3073
2020-09-24,Hungary,21200,709,0,20491,20450,702,0,19748,19499,15170,9772756,750,7,0,743,951,6030
2020-09-24,Iceland,2512,10,0,2502,2476,10,0,2466,2419,2206,364260,36,0,0,36,57,306
2020-09-24,India,5732518,91149,0,5641369,5646010,90020,0,5555990,5562663,5214677,1360094159,86508,1129,0,85379,83347,517841
2020-09-24,Indonesia,262022,10105,0,251917,257388,9977,0,247411,252923,232628,266911900,4634,128,0,4506,4465,29394
2020-09-24,Iran,436319,25015,0,411304,432798,24840,0,407958,429193,413149,83301053,3521,175,0,3346,3605,23170
2020-09-24,Iraq,337106,8799,0,328307,332635,8754,0,323881,327580,307385,39127900,4471,45,0,4426,5055,29721
2020-09-24,Ireland,33994,1797,0,32197,33675,1794,0,31881,33444,32023,4921500,319,3,0,316,231,1971
2020-09-24,Israel,212115,1378,0,210737,204690,1325,0,203365,193374,175256,9175050,7425,53,0,7372,11316,36859
2020-09-24,Italy,304323,35781,0,268542,302537,35758,0,266779,300897,293025,60243406,1786,23,0,1763,1640,11298
2020-09-24,Jamaica,5588,77,0,5511,5395,76,0,5319,5270,4374,2726667,193,1,0,192,125,1214
2020-09-24,Japan,80490,1540,0,78950,80009,1525,0,78484,79773,77488,126010000,481,15,0,466,236,3002
2020-09-24,Jordan,6591,36,0,6555,6042,35,0,6007,5679,4131,10641432,549,1,0,548,363,2460
2020-09-24,Kazakhstan,107590,1699,0,105891,107529,1699,0,105830,107450,107134,18667696,61,0,0,61,79,456
2020-09-24,Kenya,37489,669,0,36820,37348,664,0,36684,37218,36576,47564296,141,5,0,136,130,913
2020-09-24,"Korea, South",23455,395,0,23060,23341,393,0,22948,23216,22783,51780579,114,2,0,112,125,672
2020-09-24,Kosovo,12683,488,0,12195,12683,488,0,12195,12683,12683,1795666,0,0,0,0,0,0
2020-09-24,Kuwait,101851,592,0,101259,101299,590,0,100709,100683,97824,4420110,552,2,0,550,616,4027
2020-09-24,Kyrgyzstan,45757,1063,0,44694,45630,1063,0,44567,45542,45153,6523500,127,0,0,127,88,604
2020-09-24,Laos,23,0,0,23,23,0,0,23,23,23,,0,0,0,0,0,0
2020-09-24,Latvia,1594,36,0,1558,1572,36,0,1536,1560,1494,1906800,22,0,0,22,12,100
2020-09-24,Lebanon,32819,329,0,32490,31792,328,0,31464,30852,26768,6825442,1027,1,0,1026,940,6051
2020-09-24,Lesotho,1554,35,0,1519,1507,35,0,1472,1424,1327,,47,0,0,47,83,227
2020-09-24,Liberia,1338,82,0,1256,1337,82,0,1255,1336,1333,4475353,1,0,0,1,1,5
2020-09-24,Libya,30632,474,0,30158,30097,469,0,29628,29446,25822,,535,5,0,530,651,4810
2020-09-24,Liechtenstein,116,1,0,115,116,1,0,115,115,112,38749,0,0,0,0,1,4
2020-09-24,Lithuania,4070,89,0,3981,3932,87,0,3845,3859,3504,2793471,138,2,0,136,73,566
2020-09-24,Luxembourg,8158,124,0,8034,8090,124,0,7966,8016,7541,613894,68,0,0,68,74,617
2020-09-24,MS Zaandam,9,2,0,7,9,2,0,7,9,9,,0,0,0,0,0,0
2020-09-24,Madagascar,16191,227,0,15964,16167,226,0,15941,16136,15925,25680342,24,1,0,23,31,266
2020-09-24,Malawi,5747,179,0,5568,5746,179,0,5567,5739,5711,,1,0,0,1,7,36
2020-09-24,Malaysia,10576,133,0,10443,10505,133,0,10372,10358,10052,32726760,71,0,0,71,147,524
2020-09-24,Maldives,9939,34,0,9905,9885,34,0,9851,9818,9494,374775,54,0,0,54,67,445
2020-09-24,Mali,3041,130,0,2911,3034,130,0,2904,3030,2966,,7,0,0,7,4,75
2020-09-24,Malta,2898,27,0,2871,2856,25,0,2831,2814,2595,493559,42,2,0,40,42,303
2020-09-24,Mauritania,7433,161,0,7272,7425,161,0,7264,7403,7346,4077347,8,0,0,8,22,87
2020-09-24,Mauritius,367,10,0,357,367,10,0,357,367,366,1265985,0,0,0,0,0,1
2020-09-24,Mexico,715457,75439,0,640018,710049,74949,0,635100,705263,684113,126577691,5408,490,0,4918,4786,31344
2020-09-24,Moldova,48953,1252,0,47701,48232,1244,0,46988,47446,44983,2681735,721,8,0,713,786,3970
2020-09-24,Monaco,205,1,0,204,199,1,0,198,197,186,38300,6,0,0,6,2,19
2020-09-24,Mongolia,313,0,0,313,313,0,0,313,313,311,3308788,0,0,0,0,0,2
2020-09-24,Montenegro,9717,154,0,9563,9428,151,0,9277,9138,7503,622359,289,3,0,286,290,2214
2020-09-24,Morocco,110099,1956,0,108143,107743,1918,0,105825,105346,94504,35846095,2356,38,0,2318,2397,15595
2020-09-24,Mozambique,7399,51,0,7348,7262,49,0,7213,7114,6161,,137,2,0,135,148,1238
2020-09-24,Namibia,10740,119,0,10621,10663,117,0,10546,10607,10078,2458936,77,2,0,75,56,662
2020-09-24,Nepal,69301,453,0,68848,67804,436,0,67368,66632,59573,29609623,1497,17,0,1480,1172,9728
2020-09-24,Netherlands,107899,6361,0,101538,105304,6344,0,98960,102844,92262,17447181,2595,17,0,2578,2460,15637
2020-09-24,New Zealand,1829,25,0,1804,1827,25,0,1802,1824,1809,4972216,2,0,0,2,3,20
2020-09-24,Nicaragua,5073,149,0,4924,5073,149,0,4924,5073,4961,6460411,0,0,0,0,0,112
2020-09-24,Niger,1194,69,0,1125,1193,69,0,1124,1193,1183,22314743,1,0,0,1,0,11
2020-09-24,Nigeria,57849,1102,0,56747,57724,1102,0,56622,57613,56735,206139587,125,0,0,125,111,1114
2020-09-24,North Macedonia,17200,712,0,16488,17049,710,0,16339,16867,16274,2077132,151,2,0,149,182,926
2020-09-24,Norway,13406,270,0,13136,13277,267,0,13010,13153,12644,5367580,129,3,0,126,124,762
2020-09-24,Oman,95907,885,0,95022,95339,875,0,94464,94711,91753,4664790,568,10,0,558,628,4154
2020-09-24,Pakistan,309015,6444,0,302571,308217,6437,0,301780,307418,304386,219027520,798,7,0,791,799,4629
2020-09-24,Panama,108726,2297,0,106429,107990,2291,0,105699,107284,104138,4218808,736,6,0,730,706,4588
2020-09-24,Papua New Guinea,531,7,0,524,527,7,0,520,527,516,8935000,4,0,0,4,0,15
2020-09-24,Paraguay,36404,743,0,35661,35571,727,0,34844,34828,31113,7152703,833,16,0,817,743,5291
2020-09-24,Peru,782695,31870,0,750825,776546,31568,0,744978,768895,744400,32131400,6149,302,0,5847,7651,38295
2020-09-24,Philippines,296755,5127,0,291628,294591,5091,0,289500,291789,276289,108438081,2164,36,0,2128,2802,20466
2020-09-24,Poland,82809,2369,0,80440,81673,2344,0,79329,80699,76571,38386000,1136,25,0,1111,974,6238
2020-09-24,Portugal,71156,1931,0,69225,70465,1928,0,68537,69663,66396,10276617,691,3,0,688,802,4760
2020-09-24,Qatar,124425,212,0,124213,124175,212,0,123963,123917,122693,2747282,250,0,0,250,258,1732
2020-09-24,Romania,118054,4591,0,113463,116415,4550,0,111865,114648,108690,19405156,1639,41,0,1598,1767,9364
2020-09-24,Russia,1123976,19867,0,1104109,1117487,19720,0,1097767,1111157,1081152,146745098,6489,147,0,6342,6330,42824
2020-09-24,Rwanda,4789,27,0,4762,4779,27,0,4752,4738,4653,12374397,10,0,0,10,41,136
2020-09-24,Saint Kitts and Nevis,19,0,0,19,19,0,0,19,19,17,,0,0,0,0,0,2
2020-09-24,Saint Lucia,27,0,0,27,27,0,0,27,27,27,178696,0,0,0,0,0,0
2020-09-24,Saint Vincent and the Grenadines,64,0,0,64,64,0,0,64,64,64,110608,0,0,0,0,0,0
2020-09-24,San Marino,727,42,0,685,723,42,0,681,723,723,33574,4,0,0,4,0,4
2020-09-24,Sao Tome and Principe,910,15,0,895,908,15,0,893,908,907,,2,0,0,2,0,3
2020-09-24,Saudi Arabia,331857,4599,0,327258,331359,4569,0,326790,330798,328144,34218169,498,30,0,468,561,3713
2020-09-24,Senegal,14816,304,0,14512,14795,303,0,14492,14759,14618,16209125,21,1,0,20,36,198
2020-09-24,Serbia,33163,745,0,32418,33080,744,0,32336,32999,32695,6963764,83,1,0,82,81,468
2020-09-24,Seychelles,143,0,0,143,143,0,0,143,143,141,97625,0,0,0,0,0,2
2020-09-24,Sierra Leone,2188,72,0,2116,2183,72,0,2111,2174,2133,,5,0,0,5,9,55
2020-09-24,Singapore,57654,27,0,57627,57639,27,0,57612,57627,57532,5703600,15,0,0,15,12,122
2020-09-24,Slovakia,7629,41,0,7588,7269,41,0,7228,6931,6021,5456362,360,0,0,360,338,1608
2020-09-24,Slovenia,4816,145,0,4671,4694,143,0,4551,4558,4058,2094060,122,2,0,120,136,758
2020-09-24,Somalia,3465,98,0,3367,3465,98,0,3367,3465,3390,15893219,0,0,0,0,0,75
2020-09-24,South Africa,667049,16283,0,650766,665188,16206,0,648982,663282,655572,58775022,1861,77,0,1784,1906,11477
2020-09-24,South Sudan,2669,49,0,2620,2664,49,0,2615,2660,2599,,5,0,0,5,4,70
2020-09-24,Spain,704209,31118,0,673091,693556,31034,0,662522,682267,625651,47100396,10653,84,0,10569,11289,78558
2020-09-24,Sri Lanka,3333,13,0,3320,3324,13,0,3311,3313,3276,21803000,9,0,0,9,11,57
2020-09-24,Sudan,13592,836,0,12756,13578,836,0,12742,13578,13535,42364155,14,0,0,14,0,57
2020-09-24,Suriname,4789,102,0,4687,4779,101,0,4678,4759,4671,581372,10,1,0,9,20,118
2020-09-24,Sweden,90289,5878,0,84411,89756,5876,0,83880,89436,87885,10333456,533,2,0,531,320,2404
2020-09-24,Switzerland,51492,2061,0,49431,51101,2060,0,49041,50664,48795,8586550,391,1,0,390,437,2697
2020-09-24,Syria,3966,183,0,3783,3924,181,0,3743,3877,3691,,42,2,0,40,47,275
2020-09-24,Taiwan*,509,7,0,502,509,7,0,502,509,503,23604265,0,0,0,0,0,6
2020-09-24,Tajikistan,9520,74,0,9446,9475,74,0,9401,9432,9214,,45,0,0,45,43,306
2020-09-24,Tanzania,509,21,0,488,509,21,0,488,509,509,55890747,0,0,0,0,0,0
2020-09-24,Thailand,3519,59,0,3460,3516,59,0,3457,3514,3497,66484342,3,0,0,3,2,22
2020-09-24,Timor-Leste,27,0,0,27,27,0,0,27,27,27,,0,0,0,0,0,0
2020-09-24,Togo,1707,44,0,1663,1701,41,0,1660,1683,1618,7538000,6,3,0,3,18,89
2020-09-24,Trinidad and Tobago,4235,67,0,4168,4136,67,0,4069,4026,3434,1363985,99,0,0,99,110,801
2020-09-24,Tunisia,13305,180,0,13125,12479,174,0,12305,11260,8570,11722038,826,6,0,820,1219,4735
2020-09-24,Turkey,309790,7785,0,302005,308069,7711,0,300358,306302,298039,83154997,1721,74,0,1647,1767,11751
2020-09-24,US,6977658,202798,0,6774860,6933548,201884,0,6731664,6896218,6674411,329493716,44110,914,0,43196,37330,303247
2020-09-24,Uganda,7064,70,0,6994,6879,69,0,6810,6712,5380,40299300,185,1,0,184,167,1684
2020-09-24,Ukraine,192966,3838,0,189128,189488,3784,0,185704,185890,170373,41902416,3478,54,0,3424,3598,22593
2020-09-24,United Arab Emirates,88532,407,0,88125,87530,406,0,87124,86447,82568,9890400,1002,1,0,1001,1083,5964
2020-09-24,United Kingdom,418889,41991,0,376898,412245,41951,0,370294,406058,384087,66435600,6644,40,0,6604,6187,34802
2020-09-24,Uruguay,1959,47,0,1912,1946,47,0,1899,1934,1876,3518552,13,0,0,13,12,83
2020-09-24,Uzbekistan,53834,446,0,53388,53275,444,0,52831,52685,49627,34083289,559,2,0,557,590,4207
2020-09-24,Venezuela,70406,581,0,69825,69439,574,0,68865,68453,64284,32219521,967,7,0,960,986,6122
2020-09-24,Vietnam,1069,35,0,1034,1069,35,0,1034,1068,1066,96208984,0,0,0,0,1,3
2020-09-24,West Bank and Gaza,37591,274,0,37317,37083,272,0,36811,36580,33843,,508,2,0,506,503,3748
2020-09-24,Western Sahara,10,1,0,9,10,1,0,9,10,10,,0,0,0,0,0,0
2020-09-24,Yemen,2029,586,0,1443,2029,586,0,1443,2028,2022,,0,0,0,0,1,7
2020-09-24,Zambia,14491,332,0,14159,14443,332,0,14111,14389,13928,17381168,48,0,0,48,54,563
2020-09-24,Zimbabwe,7752,227,0,7525,7725,227,0,7498,7711,7633,15159624,27,0,0,27,14,119
