Date,Country/Region,Confirmed,Deaths,Recovered,Active Cases,Previous Confirmed,Previous Deaths,Previous Recovered,Previous Active,Prev2 Confirmed,Previous Week Confirmed,Population,Daily Confirmed,Daily Deaths,Daily Recovered,Daily Active,Previous Daily Confirmed,Weekly Confirmed
2020-09-06,Afghanistan,38398,1412,0,36986,38324,1409,0,36915,38304,38162,32225560,74,3,0,71,20,236
2020-09-06,Albania,10255,316,0,9939,10102,312,0,9790,9967,9380,2862427,153,4,0,149,135,875
2020-09-06,Algeria,46364,1556,0,44808,46071,1549,0,44522,45773,44146,43000000,293,7,0,286,298,2218
2020-09-06,Andorra,1215,53,0,1162,1215,53,0,1162,1215,1124,77543,0,0,0,0,0,91
2020-09-06,Angola,2965,117,0,2848,2935,117,0,2818,2876,2624,31127674,30,0,0,30,59,341
2020-09-06,Antigua and Barbuda,95,3,0,92,95,3,0,92,95,94,96453,0,0,0,0,0,1
2020-09-06,Argentina,478792,9859,0,468933,471806,9739,0,462067,461882,408426,44938712,6986,120,0,6866,9924,70366
2020-09-06,Armenia,44783,897,0,43886,44649,895,0,43754,44461,43750,2957500,134,2,0,132,188,1033
2020-09-06,Australia,26321,762,0,25559,26278,753,0,25525,26207,25746,25654023,43,9,0,34,71,575
2020-09-06,Austria,29271,736,0,28535,29087,735,0,28352,28729,27166,8902600,184,1,0,183,358,2105
2020-09-06,Azerbaijan,37329,548,0,36781,37192,545,0,36647,37031,36309,10067108,137,3,0,134,161,1020
2020-09-06,Bahamas,2506,56,0,2450,2476,55,0,2421,2386,2167,,30,1,0,29,90,339
2020-09-06,Bahrain,55415,199,0,55216,54771,196,0,54575,54095,51574,1543300,644,3,0,641,676,3841
2020-09-06,Bangladesh,325157,4479,0,320678,323565,4447,0,319118,321615,310822,168310034,1592,32,0,1560,1950,14335
2020-09-06,Barbados,178,7,0,171,178,7,0,171,178,173,287025,0,0,0,0,0,5
2020-09-06,Belarus,72859,711,0,72148,72663,705,0,71958,72485,71687,9413446,196,6,0,190,178,1172
2020-09-06,Belgium,88367,9907,0,78460,87825,9906,0,77919,87174,85042,11524454,542,1,0,541,651,3325
2020-09-06,Belize,1194,15,0,1179,1194,15,0,1179,1152,993,,0,0,0,0,42,201
2020-09-06,Benin,2213,40,0,2173,2213,40,0,2173,2194,2145,11733059,0,0,0,0,19,68
2020-09-06,Bhutan,228,0,0,228,228,0,0,228,228,224,741672,0,0,0,0,0,4
2020-09-06,Bolivia,120769,5398,0,115371,120241,5398,0,114843,119580,115968,11469896,528,0,0,528,661,4801
2020-09-06,Bosnia and Herzegovina,21560,655,0,20905,21439,651,0,20788,21142,19793,3301000,121,4,0,117,297,1767
2020-09-06,Botswana,2002,8,0,1994,2002,8,0,1994,2002,1633,,0,0,0,0,0,369
2020-09-06,Brazil,4137521,126650,0,4010871,4123000,126203,0,3996797,4091801,3862311,211288170,14521,447,0,14074,31199,275210
2020-09-06,Brunei,145,3,0,142,145,3,0,142,145,144,442400,0,0,0,0,0,1
2020-09-06,Bulgaria,17089,676,0,16413,17050,671,0,16379,16954,16190,7000039,39,5,0,34,96,899
2020-09-06,Burkina Faso,1452,55,0,1397,1408,55,0,1353,1408,1357,20870060,44,0,0,44,0,95
2020-09-06,Burma,1419,8,0,1411,1319,8,0,1311,1171,775,,100,0,0,100,148,644
2020-09-06,Burundi,462,1,0,461,460,1,0,459,451,445,,2,0,0,2,9,17
2020-09-06,Cabo Verde,4330,42,0,4288,4275,42,0,4233,4200,3852,,55,0,0,55,75,478
2020-09-06,Cambodia,274,0,0,274,274,0,0,274,274,273,15288489,0,0,0,0,0,1
2020-09-06,Cameroon,19604,415,0,19189,19604,415,0,19189,19604,19142,26545864,0,0,0,0,0,462
2020-09-06,Canada,133890,9194,0,124696,133511,9192,0,124319,133141,129888,37966227,379,2,0,377,370,4002
2020-09-06,Central African Republic,4729,62,0,4667,4729,62,0,4667,4729,4700,5496011,0,0,0,0,0,29
2020-09-06,Chad,1039,79,0,960,1034,77,0,957,1023,1012,15692969,5,2,0,3,11,27
2020-09-06,Chile,422510,11592,0,410918,420434,11551,0,408883,418469,409974,19107216,2076,41,0,2035,1965,12536
2020-09-06,China,90058,4730,0,85328,90025,4728,0,85297,90008,89895,1401870440,33,2,0,31,17,163
2020-09-06,Colombia,666521,21412,0,645109,650055,20886,0,629169,641574,607904,49395678,16466,526,0,15940,8481,58617
2020-09-06,Comoros,452,7,0,445,452,7,0,445,448,423,,0,0,0,0,4,29
2020-09-06,Congo (Brazzaville),4628,102,0,4526,4628,102,0,4526,4628,3979,5518092,0,0,0,0,0,649
2020-09-06,Congo (Kinshasa),10210,260,0,9950,10178,259,0,9919,10149,10045,89561404,32,1,0,31,29,165
2020-09-06,Costa Rica,46920,478,0,46442,46920,478,0,46442,45680,39699,5058007,0,0,0,0,1240,7221
2020-09-06,Cote d'Ivoire,18588,119,0,18469,18472,119,0,18353,18269,17948,25823071,116,0,0,116,203,640
2020-09-06,Croatia,11964,198,0,11766,11739,197,0,11542,11428,10123,4076246,225,1,0,224,311,1841
2020-09-06,Cuba,4309,101,0,4208,4298,100,0,4198,4266,3973,11209628,11,1,0,10,32,336
2020-09-06,Cyprus,1509,21,0,1488,1507,21,0,1486,1502,1487,875900,2,0,0,2,5,22
2020-09-06,Czechia,28156,436,0,27720,27752,431,0,27321,27249,24367,10693939,404,5,0,399,503,3789
2020-09-06,Denmark,18310,627,0,17683,18163,627,0,17536,17974,17316,5822763,147,0,0,147,189,994
2020-09-06,Diamond Princess,712,13,0,699,712,13,0,699,712,712,,0,0,0,0,0,0
2020-09-06,Djibouti,5388,61,0,5327,5387,60,0,5327,5387,5385,1078373,1,1,0,0,0,3
2020-09-06,Dominica,22,0,0,22,22,0,0,22,20,20,,0,0,0,0,2,2
2020-09-06,Dominican Republic,99333,1845,0,97488,98776,1840,0,96936,96629,94241,10358320,557,5,0,552,2147,5092
2020-09-06,Ecuador,118045,6724,0,111321,118045,6724,0,111321,117175,113648,17449288,0,0,0,0,870,4397
2020-09-06,Egypt,99863,5530,0,94333,99712,5511,0,94201,99582,98727,100153850,151,19,0,132,130,1136
2020-09-06,El Salvador,26308,759,0,25549,26206,752,0,25454,26099,25635,6486201,102,7,0,95,107,673
2020-09-06,Equatorial Guinea,4972,83,0,4889,4972,83,0,4889,4972,4941,1358276,0,0,0,0,0,31
2020-09-06,Eritrea,330,0,0,330,330,0,0,330,330,318,3497117,0,0,0,0,0,12
2020-09-06,Estonia,2516,64,0,2452,2491,64,0,2427,2456,2373,1328360,25,0,0,25,35,143
2020-09-06,Eswatini,4853,94,0,4759,4819,94,0,4725,4780,4561,1093238,34,0,0,34,39,292
2020-09-06,Ethiopia,58672,918,0,57754,57466,897,0,56569,56516,51122,98665000,1206,21,0,1185,950,7550
2020-09-06,Fiji,31,2,0,29,31,2,0,29,29,28,884887,0,0,0,0,2,3
2020-09-06,Finland,8291,336,0,7955,8261,336,0,7925,8225,8077,5527573,30,0,0,30,36,214
2020-09-06,France,347268,30730,0,316538,347267,30730,0,316537,347267,315813,67069000,1,0,0,1,0,31455
2020-09-06,Gabon,8601,53,0,8548,8601,53,0,8548,8601,8505,2172579,0,0,0,0,0,96
2020-09-06,Gambia,3197,99,0,3098,3150,99,0,3051,3120,2963,,47,0,0,47,30,234
2020-09-06,Georgia,1650,19,0,1631,1621,19,0,1602,1596,1469,3723464,29,0,0,29,25,181
2020-09-06,Germany,251728,9330,0,242398,251058,9329,0,241729,250283,243305,83149300,670,1,0,669,775,8423
2020-09-06,Ghana,44777,283,0,44494,44777,283,0,44494,44777,44205,30280811,0,0,0,0,0,572
2020-09-06,Greece,11524,284,0,11240,11386,280,0,11106,11200,10134,10724599,138,4,0,134,186,1390
2020-09-06,Grenada,24,0,0,24,24,0,0,24,24,24,,0,0,0,0,0,0
2020-09-06,Guatemala,77683,2852,0,74831,77481,2845,0,74636,77040,73912,16604026,202,7,0,195,441,3771
2020-09-06,Guinea,9798,61,0,9737,9649,61,0,9588,9649,9371,12218357,149,0,0,149,0,427
2020-09-06,Guinea-Bissau,2245,38,0,2207,2245,38,0,2207,2245,2205,,0,0,0,0,0,40
2020-09-06,Guyana,1468,46,0,1422,1459,46,0,1413,1401,1234,782766,9,0,0,9,58,234
2020-09-06,Haiti,8360,214,0,8146,8336,212,0,8124,8326,8209,11577779,24,2,0,22,10,151
2020-09-06,Holy See,12,0,0,12,12,0,0,12,12,12,,0,0,0,0,0,0
2020-09-06,Honduras,64764,2007,0,62757,64352,2006,0,62346,63798,60174,9158345,412,1,0,411,554,4590
2020-09-06,Hungary,8387,624,0,7763,7892,624,0,7268,7382,5961,9772756,495,0,0,495,510,2426
2020-09-06,Iceland,2141,10,0,2131,2136,10,0,2126,2135,2105,364260,5,0,0,5,1,36
2020-09-06,India,4204613,71642,0,4132971,4113811,70626,0,4043185,4023179,3621245,1360094159,90802,1016,0,89786,90632,583368
2020-09-06,Indonesia,194109,8025,0,186084,190665,7940,0,182725,187537,172053,266911900,3444,85,0,3359,3128,22056
2020-09-06,Iran,386658,22293,0,364365,384666,22154,0,362512,382772,373570,83301053,1992,139,0,1853,1894,13088
2020-09-06,Iraq,260370,7512,0,252858,256719,7422,0,249297,252075,231177,39127900,3651,90,0,3561,4644,29193
2020-09-06,Ireland,29672,1777,0,27895,29534,1777,0,27757,29303,28760,4921500,138,0,0,138,231,912
2020-09-06,Israel,130644,1019,0,129625,128936,1007,0,127929,126419,114020,9175050,1708,12,0,1696,2517,16624
2020-09-06,Italy,277634,35541,0,242093,276338,35534,0,240804,274644,268218,60243406,1296,7,0,1289,1694,9416
2020-09-06,Jamaica,3103,33,0,3070,3024,32,0,2992,2964,2357,2726667,79,1,0,78,60,746
2020-09-06,Japan,71918,1366,0,70552,71467,1361,0,70106,70866,67958,126010000,451,5,0,446,601,3960
2020-09-06,Jordan,2411,16,0,2395,2353,16,0,2337,2301,1966,10641432,58,0,0,58,52,445
2020-09-06,Kazakhstan,106361,1588,0,104773,106301,1588,0,104713,106225,105795,18667696,60,0,0,60,76,566
2020-09-06,Kenya,35103,597,0,34506,35020,594,0,34426,34884,34057,47564296,83,3,0,80,136,1046
2020-09-06,"Korea, South",21296,336,0,20960,21177,334,0,20843,21010,19947,51780579,119,2,0,117,167,1349
2020-09-06,Kosovo,12683,488,0,12195,12683,488,0,12195,12683,12683,1795666,0,0,0,0,0,0
2020-09-06,Kuwait,89582,544,0,89038,88963,540,0,88423,88243,84636,4420110,619,4,0,615,720,4946
2020-09-06,Kyrgyzstan,44403,1060,0,43343,44293,1060,0,43233,44199,43820,6523500,110,0,0,110,94,583
2020-09-06,Laos,22,0,0,22,22,0,0,22,22,22,,0,0,0,0,0,0
2020-09-06,Latvia,1428,35,0,1393,1425,35,0,1390,1416,1393,1906800,3,0,0,3,9,35
2020-09-06,Lebanon,20426,191,0,20235,20011,187,0,19824,19490,16870,6825442,415,4,0,411,521,3556
2020-09-06,Lesotho,1148,31,0,1117,1148,31,0,1117,1148,1085,,0,0,0,0,0,63
2020-09-06,Liberia,1307,82,0,1225,1306,82,0,1224,1306,1304,4475353,1,0,0,1,0,3
2020-09-06,Libya,17749,285,0,17464,17094,272,0,16822,16445,13423,,655,13,0,642,649,4326
2020-09-06,Liechtenstein,107,1,0,106,107,1,0,106,107,107,38749,0,0,0,0,0,0
2020-09-06,Lithuania,3083,86,0,2997,3040,86,0,2954,3004,2874,2793471,43,0,0,43,36,209
2020-09-06,Luxembourg,6950,124,0,6826,6896,124,0,6772,6854,6625,613894,54,0,0,54,42,325
2020-09-06,MS Zaandam,9,2,0,7,9,2,0,7,9,9,,0,0,0,0,0,0
2020-09-06,Madagascar,15319,200,0,15119,15269,199,0,15070,15187,14843,25680342,50,1,0,49,82,476
2020-09-06,Malawi,5614,175,0,5439,5611,175,0,5436,5608,5536,,3,0,0,3,3,78
2020-09-06,Malaysia,9397,128,0,9269,9391,128,0,9263,9385,9334,32726760,6,0,0,6,6,63
2020-09-06,Maldives,8584,29,0,8555,8486,29,0,8457,8361,7667,374775,98,0,0,98,125,917
2020-09-06,Mali,2842,127,0,2715,2833,126,0,2707,2814,2773,,9,1,0,8,19,69
2020-09-06,Malta,2039,14,0,2025,2014,14,0,2000,1984,1862,493559,25,0,0,25,30,177
2020-09-06,Mauritania,7142,160,0,6982,7134,160,0,6974,7126,7016,4077347,8,0,0,8,8,126
2020-09-06,Mauritius,356,10,0,346,356,10,0,346,356,355,1265985,0,0,0,0,0,1
2020-09-06,Mexico,634023,67558,0,566465,629409,67326,0,562083,623090,595841,126577691,4614,232,0,4382,6319,38182
2020-09-06,Moldova,39797,1063,0,38734,39473,1063,0,38410,38906,36700,2681735,324,0,0,324,567,3097
2020-09-06,Monaco,147,1,0,146,147,1,0,146,147,154,38300,0,0,0,0,0,-7
2020-09-06,Mongolia,310,0,0,310,310,0,0,310,310,301,3308788,0,0,0,0,0,9
2020-09-06,Montenegro,5553,108,0,5445,5422,107,0,5315,5275,4790,622359,131,1,0,130,147,763
2020-09-06,Morocco,72394,1361,0,71033,70160,1329,0,68831,68605,61399,35846095,2234,32,0,2202,1555,10995
2020-09-06,Mozambique,4444,27,0,4417,4341,26,0,4315,4265,3821,,103,1,0,102,76,623
2020-09-06,Namibia,8685,89,0,8596,8514,87,0,8427,8323,7365,2458936,171,2,0,169,191,1320
2020-09-06,Nepal,46257,289,0,45968,45277,280,0,44997,44236,38561,29609623,980,9,0,971,1041,7696
2020-09-06,Netherlands,77857,6277,0,71580,76907,6275,0,70632,76173,72679,17447181,950,2,0,948,734,5178
2020-09-06,New Zealand,1776,24,0,1752,1772,24,0,1748,1767,1738,4972216,4,0,0,4,5,38
2020-09-06,Nicaragua,4668,141,0,4527,4668,141,0,4527,4668,4494,6460411,0,0,0,0,0,174
2020-09-06,Niger,1177,69,0,1108,1177,69,0,1108,1177,1175,22314743,0,0,0,0,0,2
2020-09-06,Nigeria,55005,1057,0,53948,54905,1054,0,53851,54743,53865,206139587,100,3,0,97,162,1140
2020-09-06,North Macedonia,15090,617,0,14473,14998,614,0,14384,14871,14330,2077132,92,3,0,89,127,760
2020-09-06,Norway,11388,264,0,11124,11296,264,0,11032,11231,10643,5367580,92,0,0,92,65,745
2020-09-06,Oman,87072,728,0,86344,86380,705,0,85675,86380,85544,4664790,692,23,0,669,0,1528
2020-09-06,Pakistan,298903,6345,0,292558,298025,6340,0,291685,298025,295636,219027520,878,5,0,873,0,3267
2020-09-06,Panama,97043,2086,0,94957,96305,2075,0,94230,95596,92065,4218808,738,11,0,727,709,4978
2020-09-06,Papua New Guinea,497,5,0,492,488,5,0,483,479,459,8935000,9,0,0,9,9,38
2020-09-06,Paraguay,22486,435,0,22051,21871,412,0,21459,20654,17105,7152703,615,23,0,592,1217,5381
2020-09-06,Peru,683702,29687,0,654015,676848,29554,0,647294,670145,639435,32131400,6854,133,0,6721,6703,44267
2020-09-06,Philippines,237365,3875,0,233490,234570,3790,0,230780,232072,217396,108438081,2795,85,0,2710,2498,19969
2020-09-06,Poland,70824,2120,0,68704,70387,2113,0,68274,69820,66870,38386000,437,7,0,430,567,3954
2020-09-06,Portugal,60258,1840,0,58418,59943,1838,0,58105,59457,57768,10276617,315,2,0,313,486,2490
2020-09-06,Qatar,120095,203,0,119892,119864,202,0,119662,119637,118575,2747282,231,1,0,230,227,1520
2020-09-06,Romania,95014,3893,0,91121,93864,3850,0,90014,92595,86785,19405156,1150,43,0,1107,1269,8229
2020-09-06,Russia,1022228,17768,0,1004460,1017131,17707,0,999424,1011987,987470,146745098,5097,61,0,5036,5144,34758
2020-09-06,Rwanda,4374,19,0,4355,4349,18,0,4331,4304,4020,12374397,25,1,0,24,45,354
2020-09-06,Saint Kitts and Nevis,17,0,0,17,17,0,0,17,17,17,,0,0,0,0,0,0
2020-09-06,Saint Lucia,26,0,0,26,26,0,0,26,26,26,178696,0,0,0,0,0,0
2020-09-06,Saint Vincent and the Grenadines,61,0,0,61,61,0,0,61,61,60,110608,0,0,0,0,0,1
2020-09-06,San Marino,716,42,0,674,716,42,0,674,735,710,33574,0,0,0,0,-19,6
2020-09-06,Sao Tome and Principe,898,15,0,883,898,15,0,883,897,896,,0,0,0,0,1,2
2020-09-06,Saudi Arabia,320688,4081,0,316607,319932,4049,0,315883,319141,314821,34218169,756,32,0,724,791,5867
2020-09-06,Senegal,13987,290,0,13697,13948,290,0,13658,13881,13556,16209125,39,0,0,39,67,431
2020-09-06,Serbia,31905,724,0,31181,31849,723,0,31126,31772,31365,6963764,56,1,0,55,77,540
2020-09-06,Seychelles,136,0,0,136,136,0,0,136,136,136,97625,0,0,0,0,0,0
2020-09-06,Sierra Leone,2054,71,0,1983,2041,71,0,1970,2041,2022,,13,0,0,13,0,32
2020-09-06,Singapore,57022,27,0,56995,56982,27,0,56955,56948,56771,5703600,40,0,0,40,34,251
2020-09-06,Slovakia,4614,37,0,4577,4526,37,0,4489,4300,3876,5456362,88,0,0,88,226,738
2020-09-06,Slovenia,3165,135,0,3030,3122,135,0,2987,3079,2865,2094060,43,0,0,43,43,300
2020-09-06,Somalia,3362,97,0,3265,3332,97,0,3235,3332,3310,15893219,30,0,0,30,0,52
2020-09-06,South Africa,638517,14889,0,623628,636884,14779,0,622105,635078,625056,58775022,1633,110,0,1523,1806,13461
2020-09-06,South Sudan,2544,48,0,2496,2544,48,0,2496,2536,2519,,0,0,0,0,8,25
2020-09-06,Spain,498989,29418,0,469571,498989,29418,0,469571,498989,439286,47100396,0,0,0,0,0,59703
2020-09-06,Sri Lanka,3123,12,0,3111,3121,12,0,3109,3115,3012,21803000,2,0,0,2,6,111
2020-09-06,Sudan,13437,833,0,12604,13407,832,0,12575,13189,13189,42364155,30,1,0,29,218,248
2020-09-06,Suriname,4346,85,0,4261,4320,76,0,4244,4252,4009,581372,26,9,0,17,68,337
2020-09-06,Sweden,84985,5835,0,79150,84985,5835,0,79150,84985,83958,10333456,0,0,0,0,0,1027
2020-09-06,Switzerland,44401,2013,0,42388,43957,2013,0,41944,43532,42014,8586550,444,0,0,444,425,2387
2020-09-06,Syria,3171,134,0,3037,3104,130,0,2974,3041,2703,,67,4,0,63,63,468
2020-09-06,Taiwan*,493,7,0,486,492,7,0,485,490,488,23604265,1,0,0,1,2,5
2020-09-06,Tajikistan,8792,70,0,8722,8757,70,0,8687,8724,8516,,35,0,0,35,33,276
2020-09-06,Tanzania,509,21,0,488,509,21,0,488,509,509,55890747,0,0,0,0,0,0
2020-09-06,Thailand,3445,58,0,3387,3444,58,0,3386,3431,3411,66484342,1,0,0,1,13,34
2020-09-06,Timor-Leste,27,0,0,27,27,0,0,27,27,27,,0,0,0,0,0,0
2020-09-06,Togo,1488,32,0,1456,1477,32,0,1445,1457,1396,7538000,11,0,0,11,20,92
2020-09-06,Trinidad and Tobago,2250,34,0,2216,2230,33,0,2197,2040,1683,1363985,20,1,0,19,190,567
2020-09-06,Tunisia,5041,93,0,4948,4776,93,0,4683,4542,3685,11722038,265,0,0,265,234,1356
2020-09-06,Turkey,279806,6673,0,273133,278228,6620,0,271608,276555,268546,83154997,1578,53,0,1525,1673,11260
2020-09-06,US,6276365,188941,0,6087424,6244970,188538,0,6056432,6200518,5996431,329493716,31395,403,0,30992,44452,279934
2020-09-06,Uganda,3667,41,0,3626,3539,39,0,3500,3353,2928,40299300,128,2,0,126,186,739
2020-09-06,Ukraine,139171,2898,0,136273,136966,2863,0,134103,134069,121930,41902416,2205,35,0,2170,2897,17241
2020-09-06,United Arab Emirates,73984,388,0,73596,73471,388,0,73083,72766,69690,9890400,513,0,0,513,705,4294
2020-09-06,United Kingdom,349500,41640,0,307860,346513,41638,0,304875,344686,336668,66435600,2987,2,0,2985,1827,12832
2020-09-06,Uruguay,1679,45,0,1634,1669,45,0,1624,1653,1585,3518552,10,0,0,10,16,94
2020-09-06,Uzbekistan,43587,347,0,43240,43293,343,0,42950,42998,41424,34083289,294,4,0,290,295,2163
2020-09-06,Venezuela,53289,428,0,52861,52165,420,0,51745,50973,45868,32219521,1124,8,0,1116,1192,7421
2020-09-06,Vietnam,1049,35,0,1014,1049,35,0,1014,1049,1040,96208984,0,0,0,0,0,9
2020-09-06,West Bank and Gaza,26127,181,0,25946,25575,177,0,25398,25142,22204,,552,4,0,548,433,3923
2020-09-06,Western Sahara,10,1,0,9,10,1,0,9,10,10,,0,0,0,0,0,0
2020-09-06,Yemen,1987,572,0,1415,1983,572,0,1411,1983,1953,,4,0,0,4,0,34
2020-09-06,Zambia,12776,295,0,12481,12709,292,0,12417,12639,12025,17381168,67,3,0,64,70,751
2020-09-06,Zimbabwe,6837,206,0,6631,6837,206,0,6631,6837,6412,15159624,0,0,0,0,0,425
