Date,Country/Region,Confirmed,Deaths,Recovered,Active Cases,Previous Confirmed,Previous Deaths,Previous Recovered,Previous Active,Prev2 Confirmed,Population,Daily Confirmed,Daily Deaths,Daily Recovered,Daily Active,Previous Daily Confirmed
2020-04-21,Afghanistan,1092,36,0,1056,1026,36,0,990,996,32225560,66,0,0,66,30
2020-04-21,Albania,609,26,0,583,584,26,0,558,562,2862427,25,0,0,25,22
2020-04-21,Algeria,2811,392,0,2419,2718,384,0,2334,2629,43000000,93,8,0,85,89
2020-04-21,Andorra,717,37,0,680,717,37,0,680,713,77543,0,0,0,0,4
2020-04-21,Angola,24,2,0,22,24,2,0,22,24,31127674,0,0,0,0,0
2020-04-21,Antigua and Barbuda,23,3,0,20,23,3,0,20,23,96453,0,0,0,0,0
2020-04-21,Argentina,3031,147,0,2884,2941,136,0,2805,2839,44938712,90,11,0,79,102
2020-04-21,Armenia,1401,24,0,1377,1339,22,0,1317,1291,2957500,62,2,0,60,48
2020-04-21,Australia,6547,67,0,6480,6547,67,0,6480,6547,25654023,0,0,0,0,0
2020-04-21,Austria,14873,491,0,14382,14795,470,0,14325,14749,8902600,78,21,0,57,46
2020-04-21,Azerbaijan,1480,20,0,1460,1436,19,0,1417,1398,10067108,44,1,0,43,38
2020-04-21,Bahamas,65,9,0,56,60,9,0,51,55,,5,0,0,5,5
2020-04-21,Bahrain,1973,7,0,1966,1907,7,0,1900,1881,1543300,66,0,0,66,26
2020-04-21,Bangladesh,3382,110,0,3272,2948,101,0,2847,2456,168310034,434,9,0,425,492
2020-04-21,Barbados,75,5,0,70,75,5,0,70,75,287025,0,0,0,0,0
2020-04-21,Belarus,6723,55,0,6668,6264,51,0,6213,4779,9413446,459,4,0,455,1485
2020-04-21,Belgium,40956,5998,0,34958,39983,5828,0,34155,38496,11524454,973,170,0,803,1487
2020-04-21,Belize,18,2,0,16,18,2,0,16,18,,0,0,0,0,0
2020-04-21,Benin,54,1,0,53,54,1,0,53,35,11733059,0,0,0,0,19
2020-04-21,Bhutan,6,0,0,6,5,0,0,5,5,741672,1,0,0,1,0
2020-04-21,Bolivia,598,34,0,564,564,33,0,531,520,11469896,34,1,0,33,44
2020-04-21,Bosnia and Herzegovina,1342,51,0,1291,1309,49,0,1260,1285,3301000,33,2,0,31,24
2020-04-21,Botswana,20,1,0,19,20,1,0,19,20,,0,0,0,0,0
2020-04-21,Brazil,43079,2741,0,40338,40743,2587,0,38156,38654,211288170,2336,154,0,2182,2089
2020-04-21,Brunei,138,1,0,137,138,1,0,137,138,442400,0,0,0,0,0
2020-04-21,Bulgaria,975,45,0,930,929,43,0,886,894,7000039,46,2,0,44,35
2020-04-21,Burkina Faso,600,38,0,562,581,38,0,543,576,20870060,19,0,0,19,5
2020-04-21,Burma,121,5,0,116,119,5,0,114,111,,2,0,0,2,8
2020-04-21,Burundi,5,1,0,4,5,1,0,4,5,,0,0,0,0,0
2020-04-21,Cabo Verde,68,1,0,67,67,1,0,66,61,,1,0,0,1,6
2020-04-21,Cambodia,122,0,0,122,122,0,0,122,122,15288489,0,0,0,0,0
2020-04-21,Cameroon,1163,43,0,1120,1163,42,0,1121,1017,26545864,0,1,0,-1,146
2020-04-21,Canada,39402,1909,0,37493,37658,1726,0,35932,35633,37966227,1744,183,0,1561,2025
2020-04-21,Central African Republic,14,0,0,14,12,0,0,12,12,5496011,2,0,0,2,0
2020-04-21,Chad,33,0,0,33,33,0,0,33,33,15692969,0,0,0,0,0
2020-04-21,Chile,10832,147,0,10685,10507,139,0,10368,10088,19107216,325,8,0,317,419
2020-04-21,China,83853,4636,0,79217,83817,4636,0,79181,83805,1401870440,36,0,0,36,12
2020-04-21,Colombia,4149,196,0,3953,3977,189,0,3788,3792,49395678,172,7,0,165,185
2020-04-21,Congo (Brazzaville),165,6,0,159,160,6,0,154,143,5518092,5,0,0,5,17
2020-04-21,Congo (Kinshasa),350,25,0,325,332,25,0,307,327,89561404,18,0,0,18,5
2020-04-21,Costa Rica,669,6,0,663,662,6,0,656,660,5058007,7,0,0,7,2
2020-04-21,Cote d'Ivoire,916,13,0,903,847,9,0,838,847,25823071,69,4,0,65,0
2020-04-21,Croatia,1908,48,0,1860,1881,47,0,1834,1871,4076246,27,1,0,26,10
2020-04-21,Cuba,1137,38,0,1099,1087,36,0,1051,1035,11209628,50,2,0,48,52
2020-04-21,Cyprus,784,12,0,772,772,12,0,760,767,875900,12,0,0,12,5
2020-04-21,Czechia,7033,201,0,6832,6900,194,0,6706,6746,10693939,133,7,0,126,154
2020-04-21,Denmark,7891,370,0,7521,7711,364,0,7347,7580,5822763,180,6,0,174,131
2020-04-21,Diamond Princess,712,13,0,699,712,13,0,699,712,,0,0,0,0,0
2020-04-21,Djibouti,945,2,0,943,846,2,0,844,846,1078373,99,0,0,99,0
2020-04-21,Dominica,16,0,0,16,16,0,0,16,16,,0,0,0,0,0
2020-04-21,Dominican Republic,5044,245,0,4799,4964,235,0,4729,4680,10358320,80,10,0,70,284
2020-04-21,Ecuador,10398,520,0,9878,10128,507,0,9621,9468,17449288,270,13,0,257,660
2020-04-21,Egypt,3490,264,0,3226,3333,250,0,3083,3144,100153850,157,14,0,143,189
2020-04-21,El Salvador,225,7,0,218,218,7,0,211,201,6486201,7,0,0,7,17
2020-04-21,Equatorial Guinea,83,0,0,83,79,0,0,79,79,1358276,4,0,0,4,0
2020-04-21,Eritrea,39,0,0,39,39,0,0,39,39,3497117,0,0,0,0,0
2020-04-21,Estonia,1552,43,0,1509,1535,40,0,1495,1528,1328360,17,3,0,14,7
2020-04-21,Eswatini,31,1,0,30,24,1,0,23,22,1093238,7,0,0,7,2
2020-04-21,Ethiopia,114,3,0,111,111,3,0,108,108,98665000,3,0,0,3,3
2020-04-21,Fiji,18,0,0,18,18,0,0,18,17,884887,0,0,0,0,1
2020-04-21,Finland,4014,141,0,3873,3868,98,0,3770,3783,5527573,146,43,0,103,85
2020-04-21,France,159297,20829,0,138468,156480,20292,0,136188,154097,67069000,2817,537,0,2280,2383
2020-04-21,Gabon,156,1,0,155,120,1,0,119,109,2172579,36,0,0,36,11
2020-04-21,Gambia,10,1,0,9,10,1,0,9,10,,0,0,0,0,0
2020-04-21,Georgia,408,4,0,404,402,4,0,398,394,3723464,6,0,0,6,8
2020-04-21,Germany,148291,5033,0,143258,147065,4862,0,142203,145184,83149300,1226,171,0,1055,1881
2020-04-21,Ghana,1042,9,0,1033,1042,9,0,1033,1042,30280811,0,0,0,0,0
2020-04-21,Greece,2401,121,0,2280,2245,116,0,2129,2235,10724599,156,5,0,151,10
2020-04-21,Grenada,14,0,0,14,14,0,0,14,14,,0,0,0,0,0
2020-04-21,Guatemala,294,7,0,287,289,7,0,282,257,16604026,5,0,0,5,32
2020-04-21,Guinea,688,6,0,682,622,5,0,617,579,12218357,66,1,0,65,43
2020-04-21,Guinea-Bissau,50,0,0,50,50,0,0,50,50,,0,0,0,0,0
2020-04-21,Guyana,66,7,0,59,65,7,0,58,65,782766,1,0,0,1,0
2020-04-21,Haiti,57,3,0,54,57,3,0,54,47,11577779,0,0,0,0,10
2020-04-21,Holy See,9,0,0,9,9,0,0,9,8,,0,0,0,0,1
2020-04-21,Honduras,494,46,0,448,477,46,0,431,472,9158345,17,0,0,17,5
2020-04-21,Hungary,2098,213,0,1885,1984,199,0,1785,1916,9772756,114,14,0,100,68
2020-04-21,Iceland,1778,10,0,1768,1773,10,0,1763,1771,364260,5,0,0,5,2
2020-04-21,India,20080,645,0,19435,18539,592,0,17947,17615,1360094159,1541,53,0,1488,924
2020-04-21,Indonesia,7135,616,0,6519,6760,590,0,6170,6575,266911900,375,26,0,349,185
2020-04-21,Iran,84802,5297,0,79505,83505,5209,0,78296,82211,83301053,1297,88,0,1209,1294
2020-04-21,Iraq,1602,83,0,1519,1574,82,0,1492,1539,39127900,28,1,0,27,35
2020-04-21,Ireland,16040,730,0,15310,15652,687,0,14965,15251,4921500,388,43,0,345,401
2020-04-21,Israel,13942,184,0,13758,13713,177,0,13536,13491,9175050,229,7,0,222,222
2020-04-21,Italy,183957,24648,0,159309,181228,24114,0,157114,178972,60243406,2729,534,0,2195,2256
2020-04-21,Jamaica,223,6,0,217,223,5,0,218,173,2726667,0,1,0,-1,50
2020-04-21,Japan,11135,263,0,10872,10797,236,0,10561,10797,126010000,338,27,0,311,0
2020-04-21,Jordan,428,7,0,421,425,7,0,418,417,10641432,3,0,0,3,8
2020-04-21,Kazakhstan,1995,19,0,1976,1852,19,0,1833,1676,18667696,143,0,0,143,176
2020-04-21,Kenya,296,14,0,282,281,14,0,267,270,47564296,15,0,0,15,11
2020-04-21,"Korea, South",10683,237,0,10446,10674,236,0,10438,10661,51780579,9,1,0,8,13
2020-04-21,Kosovo,510,12,0,498,510,12,0,498,510,1795666,0,0,0,0,0
2020-04-21,Kuwait,2080,11,0,2069,1995,9,0,1986,1915,4420110,85,2,0,83,80
2020-04-21,Kyrgyzstan,590,7,0,583,568,7,0,561,554,6523500,22,0,0,22,14
2020-04-21,Laos,19,0,0,19,19,0,0,19,19,,0,0,0,0,0
2020-04-21,Latvia,748,9,0,739,739,5,0,734,727,1906800,9,4,0,5,12
2020-04-21,Lebanon,677,21,0,656,677,21,0,656,673,6825442,0,0,0,0,4
2020-04-21,Liberia,101,8,0,93,99,8,0,91,91,4475353,2,0,0,2,8
2020-04-21,Libya,51,1,0,50,51,1,0,50,51,,0,0,0,0,0
2020-04-21,Liechtenstein,81,1,0,80,81,1,0,80,81,38749,0,0,0,0,0
2020-04-21,Lithuania,1350,38,0,1312,1326,37,0,1289,1298,2793471,24,1,0,23,28
2020-04-21,Luxembourg,3618,78,0,3540,3558,75,0,3483,3550,613894,60,3,0,57,8
2020-04-21,MS Zaandam,9,2,0,7,9,2,0,7,9,,0,0,0,0,0
2020-04-21,Madagascar,121,0,0,121,121,0,0,121,121,25680342,0,0,0,0,0
2020-04-21,Malawi,18,2,0,16,17,2,0,15,17,,1,0,0,1,0
2020-04-21,Malaysia,5482,92,0,5390,5425,89,0,5336,5389,32726760,57,3,0,54,36
2020-04-21,Maldives,83,0,0,83,69,0,0,69,52,374775,14,0,0,14,17
2020-04-21,Mali,258,14,0,244,246,14,0,232,224,,12,0,0,12,22
2020-04-21,Malta,443,3,0,440,431,3,0,428,427,493559,12,0,0,12,4
2020-04-21,Mauritania,7,1,0,6,7,1,0,6,7,4077347,0,0,0,0,0
2020-04-21,Mauritius,328,9,0,319,328,9,0,319,328,1265985,0,0,0,0,0
2020-04-21,Mexico,8772,712,0,8060,8261,686,0,7575,7497,126577691,511,26,0,485,764
2020-04-21,Moldova,2614,72,0,2542,2548,70,0,2478,2472,2681735,66,2,0,64,76
2020-04-21,Monaco,94,3,0,91,94,3,0,91,94,38300,0,0,0,0,0
2020-04-21,Mongolia,34,0,0,34,33,0,0,33,32,3308788,1,0,0,1,1
2020-04-21,Montenegro,313,5,0,308,312,5,0,307,308,622359,1,0,0,1,4
2020-04-21,Morocco,3209,145,0,3064,3046,143,0,2903,2855,35846095,163,2,0,161,191
2020-04-21,Mozambique,39,0,0,39,39,0,0,39,39,,0,0,0,0,0
2020-04-21,Namibia,16,0,0,16,16,0,0,16,16,2458936,0,0,0,0,0
2020-04-21,Nepal,43,0,0,43,31,0,0,31,31,29609623,12,0,0,12,0
2020-04-21,Netherlands,34317,3929,0,30388,33588,3764,0,29824,32838,17447181,729,165,0,564,750
2020-04-21,New Zealand,1445,13,0,1432,1440,12,0,1428,1431,4972216,5,1,0,4,9
2020-04-21,Nicaragua,10,2,0,8,10,2,0,8,10,6460411,0,0,0,0,0
2020-04-21,Niger,657,20,0,637,648,20,0,628,648,22314743,9,0,0,9,0
2020-04-21,Nigeria,665,22,0,643,665,22,0,643,627,206139587,0,0,0,0,38
2020-04-21,North Macedonia,1231,55,0,1176,1225,54,0,1171,1207,2077132,6,1,0,5,18
2020-04-21,Norway,7191,182,0,7009,7156,181,0,6975,7078,5367580,35,1,0,34,78
2020-04-21,Oman,1508,8,0,1500,1410,7,0,1403,1266,4664790,98,1,0,97,144
2020-04-21,Pakistan,9565,201,0,9364,8418,176,0,8242,8348,219027520,1147,25,0,1122,70
2020-04-21,Panama,4658,136,0,4522,4467,126,0,4341,4273,4218808,191,10,0,181,194
2020-04-21,Papua New Guinea,7,0,0,7,7,0,0,7,7,8935000,0,0,0,0,0
2020-04-21,Paraguay,208,8,0,200,208,8,0,200,206,7152703,0,0,0,0,2
2020-04-21,Peru,17837,484,0,17353,16325,445,0,15880,15628,32131400,1512,39,0,1473,697
2020-04-21,Philippines,6599,437,0,6162,6459,428,0,6031,6259,108438081,140,9,0,131,200
2020-04-21,Poland,9856,401,0,9455,9593,380,0,9213,9287,38386000,263,21,0,242,306
2020-04-21,Portugal,21379,762,0,20617,20863,735,0,20128,20206,10276617,516,27,0,489,657
2020-04-21,Qatar,6533,9,0,6524,6015,9,0,6006,5448,2747282,518,0,0,518,567
2020-04-21,Romania,9242,498,0,8744,8936,478,0,8458,8746,19405156,306,20,0,286,190
2020-04-21,Russia,52763,456,0,52307,47121,405,0,46716,42853,146745098,5642,51,0,5591,4268
2020-04-21,Rwanda,150,0,0,150,147,0,0,147,147,12374397,3,0,0,3,0
2020-04-21,Saint Kitts and Nevis,15,0,0,15,15,0,0,15,14,,0,0,0,0,1
2020-04-21,Saint Lucia,15,0,0,15,15,0,0,15,15,178696,0,0,0,0,0
2020-04-21,Saint Vincent and the Grenadines,12,0,0,12,12,0,0,12,12,110608,0,0,0,0,0
2020-04-21,San Marino,476,40,0,436,462,39,0,423,461,33574,14,1,0,13,1
2020-04-21,Sao Tome and Principe,4,0,0,4,4,0,0,4,4,,0,0,0,0,0
2020-04-21,Saudi Arabia,11631,109,0,11522,10484,103,0,10381,9362,34218169,1147,6,0,1141,1122
2020-04-21,Senegal,412,5,0,407,377,5,0,372,367,16209125,35,0,0,35,10
2020-04-21,Serbia,6630,125,0,6505,6630,125,0,6505,6318,6963764,0,0,0,0,312
2020-04-21,Seychelles,11,0,0,11,11,0,0,11,11,97625,0,0,0,0,0
2020-04-21,Sierra Leone,50,0,0,50,43,0,0,43,35,,7,0,0,7,8
2020-04-21,Singapore,9125,11,0,9114,8014,11,0,8003,6588,5703600,1111,0,0,1111,1426
2020-04-21,Slovakia,1199,14,0,1185,1173,13,0,1160,1161,5456362,26,1,0,25,12
2020-04-21,Slovenia,1344,77,0,1267,1335,77,0,1258,1330,2094060,9,0,0,9,5
2020-04-21,Somalia,286,8,0,278,237,8,0,229,164,15893219,49,0,0,49,73
2020-04-21,South Africa,3465,58,0,3407,3300,58,0,3242,3158,58775022,165,0,0,165,142
2020-04-21,South Sudan,4,0,0,4,4,0,0,4,4,,0,0,0,0,0
2020-04-21,Spain,204178,21282,0,182896,200210,20852,0,179358,198674,47100396,3968,430,0,3538,1536
2020-04-21,Sri Lanka,310,7,0,303,304,7,0,297,271,21803000,6,0,0,6,33
2020-04-21,Sudan,107,12,0,95,107,12,0,95,66,42364155,0,0,0,0,41
2020-04-21,Suriname,10,1,0,9,10,1,0,9,10,581372,0,0,0,0,0
2020-04-21,Sweden,15322,1765,0,13557,14777,1580,0,13197,14385,10333456,545,185,0,360,392
2020-04-21,Switzerland,28063,1478,0,26585,27944,1429,0,26515,27740,8586550,119,49,0,70,204
2020-04-21,Syria,42,3,0,39,39,3,0,36,39,,3,0,0,3,0
2020-04-21,Taiwan*,425,6,0,419,422,6,0,416,420,23604265,3,0,0,3,2
2020-04-21,Tanzania,254,10,0,244,254,10,0,244,170,55890747,0,0,0,0,84
2020-04-21,Thailand,2811,48,0,2763,2792,47,0,2745,2765,66484342,19,1,0,18,27
2020-04-21,Timor-Leste,23,0,0,23,22,0,0,22,19,,1,0,0,1,3
2020-04-21,Togo,86,6,0,80,84,6,0,78,84,7538000,2,0,0,2,0
2020-04-21,Trinidad and Tobago,115,8,0,107,114,8,0,106,114,1363985,1,0,0,1,0
2020-04-21,Tunisia,884,38,0,846,884,38,0,846,879,11722038,0,0,0,0,5
2020-04-21,Turkey,95591,2259,0,93332,90980,2140,0,88840,86306,83154997,4611,119,0,4492,4674
2020-04-21,US,823786,44845,0,778941,784326,42094,0,742232,759086,329493716,39460,2751,0,36709,25240
2020-04-21,Uganda,61,0,0,61,56,0,0,56,55,40299300,5,0,0,5,1
2020-04-21,Ukraine,6125,161,0,5964,5710,151,0,5559,5449,41902416,415,10,0,405,261
2020-04-21,United Arab Emirates,7755,46,0,7709,7265,43,0,7222,6781,9890400,490,3,0,487,484
2020-04-21,United Kingdom,130172,17378,0,112794,125856,16550,0,109306,121172,66435600,4316,828,0,3488,4684
2020-04-21,Uruguay,535,11,0,524,535,10,0,525,517,3518552,0,1,0,-1,18
2020-04-21,Uzbekistan,1678,6,0,1672,1627,5,0,1622,1565,34083289,51,1,0,50,62
2020-04-21,Venezuela,285,10,0,275,256,9,0,247,256,32219521,29,1,0,28,0
2020-04-21,Vietnam,268,0,0,268,268,0,0,268,268,96208984,0,0,0,0,0
2020-04-21,West Bank and Gaza,466,4,0,462,449,3,0,446,437,,17,1,0,16,12
2020-04-21,Western Sahara,6,0,0,6,6,0,0,6,6,,0,0,0,0,0
2020-04-21,Yemen,1,0,0,1,1,0,0,1,1,,0,0,0,0,0
2020-04-21,Zambia,70,3,0,67,65,3,0,62,61,17381168,5,0,0,5,4
2020-04-21,Zimbabwe,28,3,0,25,25,3,0,22,25,15159624,3,0,0,3,0
