Date,Country/Region,Confirmed,Deaths,Recovered,Active Cases,Previous Confirmed,Previous Deaths,Previous Recovered,Previous Active,Prev2 Confirmed,Previous Week Confirmed,Population,Daily Confirmed,Daily Deaths,Daily Recovered,Daily Active,Previous Daily Confirmed,Weekly Confirmed
2020-09-14,Afghanistan,38772,1425,0,37347,38716,1420,0,37296,38641,38494,32225560,56,5,0,51,75,278
2020-09-14,Albania,11520,338,0,11182,11353,334,0,11019,11185,10406,2862427,167,4,0,163,168,1114
2020-09-14,Algeria,48496,1620,0,46876,48254,1612,0,46642,48007,46653,43000000,242,8,0,234,247,1843
2020-09-14,Andorra,1438,53,0,1385,1344,53,0,1291,1344,1261,77543,94,0,0,94,0,177
2020-09-14,Angola,3439,136,0,3303,3388,134,0,3254,3335,2981,31127674,51,2,0,49,53,458
2020-09-14,Antigua and Barbuda,95,3,0,92,95,3,0,92,95,95,96453,0,0,0,0,0,0
2020-09-14,Argentina,565446,11667,0,553779,555537,11352,0,544185,546481,488007,44938712,9909,315,0,9594,9056,77439
2020-09-14,Armenia,45969,919,0,45050,45862,916,0,44946,45675,44845,2957500,107,3,0,104,187,1124
2020-09-14,Australia,26739,816,0,25923,26692,816,0,25876,26651,26373,25654023,47,0,0,47,41,366
2020-09-14,Austria,33541,757,0,32784,33159,756,0,32403,32696,29561,8902600,382,1,0,381,463,3980
2020-09-14,Azerbaijan,38403,564,0,37839,38327,562,0,37765,38172,37418,10067108,76,2,0,74,155,985
2020-09-14,Bahamas,3008,68,0,2940,2928,67,0,2861,2928,2546,,80,1,0,79,0,462
2020-09-14,Bahrain,60965,213,0,60752,60307,212,0,60095,59586,56076,1543300,658,1,0,657,721,4889
2020-09-14,Bangladesh,339332,4759,0,334573,337520,4733,0,332787,336044,327359,168310034,1812,26,0,1786,1476,11973
2020-09-14,Barbados,183,7,0,176,181,7,0,174,180,179,287025,2,0,0,2,1,4
2020-09-14,Belarus,74360,756,0,73604,74173,750,0,73423,73975,73031,9413446,187,6,0,181,198,1329
2020-09-14,Belgium,94306,9927,0,84379,93455,9925,0,83530,92478,88769,11524454,851,2,0,849,977,5537
2020-09-14,Belize,1501,19,0,1482,1480,19,0,1461,1458,1307,,21,0,0,21,22,194
2020-09-14,Benin,2267,40,0,2227,2267,40,0,2227,2242,2213,11733059,0,0,0,0,25,54
2020-09-14,Bhutan,245,0,0,245,245,0,0,245,244,233,741672,0,0,0,0,1,12
2020-09-14,Bolivia,127619,7394,0,120225,126791,7344,0,119447,125982,121604,11469896,828,50,0,778,809,6015
2020-09-14,Bosnia and Herzegovina,23635,705,0,22930,23465,696,0,22769,23138,21660,3301000,170,9,0,161,327,1975
2020-09-14,Botswana,2463,11,0,2452,2252,10,0,2242,2252,2126,,211,1,0,210,0,337
2020-09-14,Brazil,4345610,132006,0,4213604,4330455,131625,0,4198830,4315687,4147794,211288170,15155,381,0,14774,14768,197816
2020-09-14,Brunei,145,3,0,142,145,3,0,142,145,145,442400,0,0,0,0,0,0
2020-09-14,Bulgaria,18061,729,0,17332,17918,720,0,17198,17891,17146,7000039,143,9,0,134,27,915
2020-09-14,Burkina Faso,1717,56,0,1661,1707,56,0,1651,1514,1463,20870060,10,0,0,10,193,254
2020-09-14,Burma,3195,32,0,3163,3015,24,0,2991,2796,1518,,180,8,0,172,219,1677
2020-09-14,Burundi,472,1,0,471,472,1,0,471,471,466,,0,0,0,0,1,6
2020-09-14,Cabo Verde,4839,45,0,4794,4813,44,0,4769,4711,4358,,26,1,0,25,102,481
2020-09-14,Cambodia,275,0,0,275,275,0,0,275,275,274,15288489,0,0,0,0,0,1
2020-09-14,Cameroon,20228,415,0,19813,20167,415,0,19752,20009,19604,26545864,61,0,0,61,158,624
2020-09-14,Canada,140098,9229,0,130869,138640,9220,0,129420,138164,134295,37966227,1458,9,0,1449,476,5803
2020-09-14,Central African Republic,4772,62,0,4710,4749,62,0,4687,4749,4729,5496011,23,0,0,23,0,43
2020-09-14,Chad,1085,81,0,1004,1084,80,0,1004,1083,1040,15692969,1,1,0,0,1,45
2020-09-14,Chile,436433,12013,0,424420,434748,11949,0,422799,432666,424274,19107216,1685,64,0,1621,2082,12159
2020-09-14,China,90219,4735,0,85484,90197,4734,0,85463,90168,90078,1401870440,22,1,0,21,29,141
2020-09-14,Colombia,721892,23123,0,698769,716319,22924,0,693395,708964,671848,49395678,5573,199,0,5374,7355,50044
2020-09-14,Comoros,457,7,0,450,456,7,0,449,456,452,,1,0,0,1,0,5
2020-09-14,Congo (Brazzaville),4934,88,0,4846,4928,88,0,4840,4928,4891,5518092,6,0,0,6,0,43
2020-09-14,Congo (Kinshasa),10390,264,0,10126,10390,264,0,10126,10385,10233,89561404,0,0,0,0,5,157
2020-09-14,Costa Rica,57361,621,0,56740,55454,590,0,54864,55454,48780,5058007,1907,31,0,1876,0,8581
2020-09-14,Cote d'Ivoire,19066,120,0,18946,19013,120,0,18893,18916,18701,25823071,53,0,0,53,97,365
2020-09-14,Croatia,13598,227,0,13371,13533,224,0,13309,13368,12081,4076246,65,3,0,62,165,1517
2020-09-14,Cuba,4726,108,0,4618,4684,108,0,4576,4653,4352,11209628,42,0,0,42,31,374
2020-09-14,Cyprus,1534,22,0,1512,1526,22,0,1504,1523,1510,875900,8,0,0,8,3,24
2020-09-14,Czechia,37222,465,0,36757,36188,456,0,35732,35401,28716,10693939,1034,9,0,1025,787,8506
2020-09-14,Denmark,20674,633,0,20041,20327,631,0,19696,19989,18540,5822763,347,2,0,345,338,2134
2020-09-14,Diamond Princess,712,13,0,699,712,13,0,699,712,712,,0,0,0,0,0,0
2020-09-14,Djibouti,5396,61,0,5335,5395,61,0,5334,5394,5388,1078373,1,0,0,1,1,8
2020-09-14,Dominica,24,0,0,24,24,0,0,24,24,22,,0,0,0,0,0,2
2020-09-14,Dominican Republic,104110,1984,0,102126,103660,1968,0,101692,103092,99898,10358320,450,16,0,434,568,4212
2020-09-14,Ecuador,118911,10922,0,107989,118594,10903,0,107691,116451,110092,17449288,317,19,0,298,2143,8819
2020-09-14,Egypt,101177,5661,0,95516,101009,5648,0,95361,100856,100041,100153850,168,13,0,155,153,1136
2020-09-14,El Salvador,27009,788,0,26221,26928,785,0,26143,26851,26413,6486201,81,3,0,78,77,596
2020-09-14,Equatorial Guinea,5000,83,0,4917,4996,83,0,4913,4996,4985,1358276,4,0,0,4,0,15
2020-09-14,Eritrea,361,0,0,361,361,0,0,361,361,330,3497117,0,0,0,0,0,31
2020-09-14,Estonia,2698,64,0,2634,2676,64,0,2612,2655,2532,1328360,22,0,0,22,21,166
2020-09-14,Eswatini,5104,101,0,5003,5075,98,0,4977,5050,4884,1093238,29,3,0,26,25,220
2020-09-14,Ethiopia,64786,1022,0,63764,64301,1013,0,63288,63888,59648,98665000,485,9,0,476,413,5138
2020-09-14,Fiji,32,2,0,30,32,2,0,30,32,31,884887,0,0,0,0,0,1
2020-09-14,Finland,8627,337,0,8290,8580,337,0,8243,8557,8327,5527573,47,0,0,47,23,300
2020-09-14,France,425870,30958,0,394912,402893,30903,0,371990,402811,367174,67069000,22977,55,0,22922,82,58696
2020-09-14,Gabon,8654,53,0,8601,8643,53,0,8590,8643,8608,2172579,11,0,0,11,0,46
2020-09-14,Gambia,3405,103,0,3302,3405,103,0,3302,3376,3197,,0,0,0,0,29,208
2020-09-14,Georgia,2392,19,0,2373,2227,19,0,2208,2075,1684,3723464,165,0,0,165,152,708
2020-09-14,Germany,263222,9356,0,253866,261737,9354,0,252383,260817,253626,83149300,1485,2,0,1483,920,9596
2020-09-14,Ghana,45601,294,0,45307,45434,286,0,45148,45434,44869,30280811,167,8,0,159,0,732
2020-09-14,Greece,13420,310,0,13110,13240,305,0,12935,13036,11663,10724599,180,5,0,175,204,1757
2020-09-14,Grenada,24,0,0,24,24,0,0,24,24,24,,0,0,0,0,0,0
2020-09-14,Guatemala,82172,2972,0,79200,81909,2957,0,78952,81658,77828,16604026,263,15,0,248,251,4344
2020-09-14,Guinea,10061,63,0,9998,10045,63,0,9982,10020,9816,12218357,16,0,0,16,25,245
2020-09-14,Guinea-Bissau,2275,39,0,2236,2275,39,0,2236,2275,2245,,0,0,0,0,0,30
2020-09-14,Guyana,1884,56,0,1828,1853,56,0,1797,1812,1560,782766,31,0,0,31,41,324
2020-09-14,Haiti,8499,219,0,8280,8493,219,0,8274,8478,8376,11577779,6,0,0,6,15,123
2020-09-14,Holy See,12,0,0,12,12,0,0,12,12,12,,0,0,0,0,0,0
2020-09-14,Honduras,68620,2087,0,66533,67789,2079,0,65710,67136,64814,9158345,831,8,0,823,653,3806
2020-09-14,Hungary,13153,642,0,12511,12309,637,0,11672,11825,8963,9772756,844,5,0,839,484,4190
2020-09-14,Iceland,2168,10,0,2158,2165,10,0,2155,2162,2143,364260,3,0,0,3,3,25
2020-09-14,India,4846427,79722,0,4766705,4846427,79722,0,4766705,4754356,4280422,1360094159,0,0,0,0,92071,566005
2020-09-14,Indonesia,221523,8841,0,212682,218382,8723,0,209659,214746,196989,266911900,3141,118,0,3023,3636,24534
2020-09-14,Iran,404648,23313,0,381335,402029,23157,0,378872,399940,388810,83301053,2619,156,0,2463,2089,15838
2020-09-14,Iraq,294478,8086,0,286392,290309,8014,0,282295,286778,264684,39127900,4169,72,0,4097,3531,29794
2020-09-14,Ireland,31192,1784,0,29408,30985,1784,0,29201,30730,29774,4921500,207,0,0,207,255,1418
2020-09-14,Israel,160368,1136,0,159232,155604,1119,0,154485,152722,133975,9175050,4764,17,0,4747,2882,26393
2020-09-14,Italy,288761,35624,0,253137,287753,35610,0,252143,286297,278784,60243406,1008,14,0,994,1456,9977
2020-09-14,Jamaica,3933,44,0,3889,3771,42,0,3729,3623,3183,2726667,162,2,0,160,148,750
2020-09-14,Japan,75914,1455,0,74459,75646,1448,0,74198,75206,72213,126010000,268,7,0,261,440,3701
2020-09-14,Jordan,3528,26,0,3502,3314,24,0,3290,3062,2478,10641432,214,2,0,212,252,1050
2020-09-14,Kazakhstan,106920,1634,0,105286,106855,1634,0,105221,106803,106425,18667696,65,0,0,65,52,495
2020-09-14,Kenya,36205,624,0,35581,36157,622,0,35535,35969,35205,47564296,48,2,0,46,188,1000
2020-09-14,"Korea, South",22391,367,0,22024,22285,363,0,21922,22176,21432,51780579,106,4,0,102,109,959
2020-09-14,Kosovo,12683,488,0,12195,12683,488,0,12195,12683,12683,1795666,0,0,0,0,0,0
2020-09-14,Kuwait,95472,563,0,94909,94764,560,0,94204,94211,90387,4420110,708,3,0,705,553,5085
2020-09-14,Kyrgyzstan,44928,1063,0,43865,44881,1063,0,43818,44828,44458,6523500,47,0,0,47,53,470
2020-09-14,Laos,23,0,0,23,23,0,0,23,23,22,,0,0,0,0,0,1
2020-09-14,Latvia,1477,35,0,1442,1474,35,0,1439,1464,1429,1906800,3,0,0,3,10,48
2020-09-14,Lebanon,25401,246,0,25155,24310,241,0,24069,23669,20826,6825442,1091,5,0,1086,641,4575
2020-09-14,Lesotho,1245,33,0,1212,1245,33,0,1212,1245,1148,,0,0,0,0,0,97
2020-09-14,Liberia,1321,82,0,1239,1319,82,0,1237,1316,1311,4475353,2,0,0,2,3,10
2020-09-14,Libya,23515,368,0,23147,22781,362,0,22419,22348,18834,,734,6,0,728,433,4681
2020-09-14,Liechtenstein,111,1,0,110,111,1,0,110,111,107,38749,0,0,0,0,0,4
2020-09-14,Lithuania,3386,87,0,3299,3335,87,0,3248,3296,3100,2793471,51,0,0,51,39,286
2020-09-14,Luxembourg,7244,124,0,7120,7159,124,0,7035,7159,6960,613894,85,0,0,85,0,284
2020-09-14,MS Zaandam,9,2,0,7,9,2,0,7,9,9,,0,0,0,0,0,0
2020-09-14,Madagascar,15769,213,0,15556,15757,211,0,15546,15737,15352,25680342,12,2,0,10,20,417
2020-09-14,Malawi,5697,178,0,5519,5690,177,0,5513,5678,5621,,7,1,0,6,12,76
2020-09-14,Malaysia,9946,128,0,9818,9915,128,0,9787,9868,9459,32726760,31,0,0,31,47,487
2020-09-14,Maldives,9243,33,0,9210,9173,32,0,9141,9052,8667,374775,70,1,0,69,121,576
2020-09-14,Mali,2935,128,0,2807,2924,128,0,2796,2916,2870,,11,0,0,11,8,65
2020-09-14,Malta,2405,16,0,2389,2352,15,0,2337,2274,2076,493559,53,1,0,52,78,329
2020-09-14,Mauritania,7295,161,0,7134,7276,161,0,7115,7274,7165,4077347,19,0,0,19,2,130
2020-09-14,Mauritius,361,10,0,351,361,10,0,351,361,356,1265985,0,0,0,0,0,5
2020-09-14,Mexico,671716,71049,0,600667,668381,70821,0,597560,663973,637509,126577691,3335,228,0,3107,4408,34207
2020-09-14,Moldova,43207,1129,0,42078,42978,1123,0,41855,42714,40055,2681735,229,6,0,223,264,3152
2020-09-14,Monaco,177,1,0,176,171,1,0,170,169,153,38300,6,0,0,6,2,24
2020-09-14,Mongolia,311,0,0,311,311,0,0,311,311,310,3308788,0,0,0,0,0,1
2020-09-14,Montenegro,6900,121,0,6779,6712,120,0,6592,6530,5659,622359,188,1,0,187,182,1241
2020-09-14,Morocco,88203,1614,0,86589,86686,1578,0,85108,84435,73780,35846095,1517,36,0,1481,2251,14423
2020-09-14,Mozambique,5482,35,0,5447,5269,35,0,5234,5040,4557,,213,0,0,213,229,925
2020-09-14,Namibia,9818,103,0,9715,9719,101,0,9618,9604,8810,2458936,99,2,0,97,115,1008
2020-09-14,Nepal,55329,360,0,54969,54159,345,0,53814,53120,47236,29609623,1170,15,0,1155,1039,8093
2020-09-14,Netherlands,87194,6296,0,80898,85876,6292,0,79584,84709,78702,17447181,1318,4,0,1314,1167,8492
2020-09-14,New Zealand,1801,24,0,1777,1798,24,0,1774,1797,1782,4972216,3,0,0,3,1,19
2020-09-14,Nicaragua,4818,144,0,4674,4818,144,0,4674,4818,4668,6460411,0,0,0,0,0,150
2020-09-14,Niger,1180,69,0,1111,1180,69,0,1111,1178,1177,22314743,0,0,0,0,2,3
2020-09-14,Nigeria,56388,1083,0,55305,56256,1082,0,55174,56177,55160,206139587,132,1,0,131,79,1228
2020-09-14,North Macedonia,15827,652,0,15175,15791,648,0,15143,15694,15127,2077132,36,4,0,32,97,700
2020-09-14,Norway,12276,265,0,12011,12154,265,0,11889,12079,11521,5367580,122,0,0,122,75,755
2020-09-14,Oman,90222,790,0,89432,89746,780,0,88966,88337,87328,4664790,476,10,0,466,1409,2894
2020-09-14,Pakistan,302424,6389,0,296035,302020,6383,0,295637,301481,299233,219027520,404,6,0,398,539,3191
2020-09-14,Panama,102204,2173,0,100031,101745,2166,0,99579,101041,97578,4218808,459,7,0,452,704,4626
2020-09-14,Papua New Guinea,511,6,0,505,510,6,0,504,508,497,8935000,1,0,0,1,2,14
2020-09-14,Paraguay,28367,539,0,27828,27817,525,0,27292,27324,23353,7152703,550,14,0,536,493,5014
2020-09-14,Peru,729619,30710,0,698909,722832,30526,0,692306,716670,689977,32131400,6787,184,0,6603,6162,39642
2020-09-14,Philippines,265888,4630,0,261258,261216,4371,0,256845,257863,238727,108438081,4672,259,0,4413,3353,27161
2020-09-14,Poland,74529,2203,0,72326,74152,2188,0,71964,73650,71126,38386000,377,15,0,362,502,3403
2020-09-14,Portugal,64596,1871,0,62725,63983,1867,0,62116,63310,60507,10276617,613,4,0,609,673,4089
2020-09-14,Qatar,121975,207,0,121768,121740,205,0,121535,121523,120348,2747282,235,2,0,233,217,1627
2020-09-14,Romania,104187,4185,0,100002,103495,4163,0,99332,102386,95897,19405156,692,22,0,670,1109,8290
2020-09-14,Russia,1064438,18573,0,1045865,1059024,18517,0,1040507,1053663,1027334,146745098,5414,56,0,5358,5361,37104
2020-09-14,Rwanda,4602,22,0,4580,4591,22,0,4569,4565,4409,12374397,11,0,0,11,26,193
2020-09-14,Saint Kitts and Nevis,17,0,0,17,17,0,0,17,17,17,,0,0,0,0,0,0
2020-09-14,Saint Lucia,27,0,0,27,27,0,0,27,27,26,178696,0,0,0,0,0,1
2020-09-14,Saint Vincent and the Grenadines,64,0,0,64,64,0,0,64,64,62,110608,0,0,0,0,0,2
2020-09-14,San Marino,722,42,0,680,722,42,0,680,722,716,33574,0,0,0,0,0,6
2020-09-14,Sao Tome and Principe,906,15,0,891,906,15,0,891,906,898,,0,0,0,0,0,8
2020-09-14,Saudi Arabia,326258,4305,0,321953,325651,4268,0,321383,325050,321456,34218169,607,37,0,570,601,4802
2020-09-14,Senegal,14306,297,0,14009,14280,297,0,13983,14237,14014,16209125,26,0,0,26,43,292
2020-09-14,Serbia,32437,733,0,31704,32408,733,0,31675,32300,31941,6963764,29,0,0,29,108,496
2020-09-14,Seychelles,140,0,0,140,139,0,0,139,139,137,97625,1,0,0,1,0,3
2020-09-14,Sierra Leone,2111,72,0,2039,2109,72,0,2037,2096,2055,,2,0,0,2,13,56
2020-09-14,Singapore,57454,27,0,57427,57406,27,0,57379,57357,57044,5703600,48,0,0,48,49,410
2020-09-14,Slovakia,5580,38,0,5542,5532,38,0,5494,5453,4636,5456362,48,0,0,48,79,944
2020-09-14,Slovenia,3749,135,0,3614,3702,135,0,3567,3603,3190,2094060,47,0,0,47,99,559
2020-09-14,Somalia,3389,98,0,3291,3389,98,0,3291,3376,3362,15893219,0,0,0,0,13,27
2020-09-14,South Africa,650749,15499,0,635250,649793,15447,0,634346,648214,639362,58775022,956,52,0,904,1579,11387
2020-09-14,South Sudan,2587,49,0,2538,2578,49,0,2529,2578,2545,,9,0,0,9,0,42
2020-09-14,Spain,593730,29848,0,563882,566326,29747,0,536579,566326,525549,47100396,27404,101,0,27303,0,68181
2020-09-14,Sri Lanka,3262,13,0,3249,3234,12,0,3222,3195,3123,21803000,28,1,0,27,39,139
2020-09-14,Sudan,13535,836,0,12699,13516,835,0,12681,13470,13437,42364155,19,1,0,18,46,98
2020-09-14,Suriname,4611,95,0,4516,4582,93,0,4489,4579,4360,581372,29,2,0,27,3,251
2020-09-14,Sweden,86505,5846,0,80659,86505,5846,0,80659,86505,85558,10333456,0,0,0,0,0,947
2020-09-14,Switzerland,47436,2025,0,45411,47179,2021,0,45158,46704,44592,8586550,257,4,0,253,475,2844
2020-09-14,Syria,3576,157,0,3419,3540,155,0,3385,3506,3229,,36,2,0,34,34,347
2020-09-14,Taiwan*,499,7,0,492,498,7,0,491,498,494,23604265,1,0,0,1,0,5
2020-09-14,Tajikistan,9088,72,0,9016,9049,72,0,8977,9014,8824,,39,0,0,39,35,264
2020-09-14,Tanzania,509,21,0,488,509,21,0,488,509,509,55890747,0,0,0,0,0,0
2020-09-14,Thailand,3475,58,0,3417,3475,58,0,3417,3473,3446,66484342,0,0,0,0,2,29
2020-09-14,Timor-Leste,27,0,0,27,27,0,0,27,27,27,,0,0,0,0,0,0
2020-09-14,Togo,1578,40,0,1538,1572,37,0,1535,1555,1493,7538000,6,3,0,3,17,85
2020-09-14,Trinidad and Tobago,3141,55,0,3086,3042,53,0,2989,2993,2277,1363985,99,2,0,97,49,864
2020-09-14,Tunisia,7382,117,0,7265,6635,107,0,6528,6635,5124,11722038,747,10,0,737,0,2258
2020-09-14,Turkey,292878,7119,0,285759,291162,7056,0,284106,289635,281509,83154997,1716,63,0,1653,1527,11369
2020-09-14,US,6553399,194489,0,6358910,6519573,194071,0,6325502,6485123,6300622,329493716,33826,418,0,33408,34450,252777
2020-09-14,Uganda,4978,56,0,4922,4799,55,0,4744,4703,3776,40299300,179,1,0,178,96,1202
2020-09-14,Ukraine,160679,3273,0,157406,158122,3239,0,154883,155558,141424,41902416,2557,34,0,2523,2564,19255
2020-09-14,United Arab Emirates,80266,399,0,79867,79489,399,0,79090,78849,74454,9890400,777,0,0,777,640,5812
2020-09-14,United Kingdom,373555,41726,0,331829,370930,41717,0,329213,367592,352451,66435600,2625,9,0,2616,3338,21104
2020-09-14,Uruguay,1812,45,0,1767,1808,45,0,1763,1780,1693,3518552,4,0,0,4,28,119
2020-09-14,Uzbekistan,47836,396,0,47440,47287,390,0,46897,46721,43893,34083289,549,6,0,543,566,3943
2020-09-14,Venezuela,61569,494,0,61075,60540,485,0,60055,59630,54350,32219521,1029,9,0,1020,910,7219
2020-09-14,Vietnam,1063,35,0,1028,1063,35,0,1028,1060,1049,96208984,0,0,0,0,3,14
2020-09-14,West Bank and Gaza,31362,226,0,31136,30574,221,0,30353,29906,26779,,788,5,0,783,668,4583
2020-09-14,Western Sahara,10,1,0,9,10,1,0,9,10,10,,0,0,0,0,0,0
2020-09-14,Yemen,2013,583,0,1430,2011,583,0,1428,2009,1989,,2,0,0,2,2,24
2020-09-14,Zambia,13720,320,0,13400,13539,312,0,13227,13466,12836,17381168,181,8,0,173,73,884
2020-09-14,Zimbabwe,7531,224,0,7307,7526,224,0,7302,7508,7298,15159624,5,0,0,5,18,233
