Date,Country/Region,Confirmed,Deaths,Recovered,Active Cases,Previous Confirmed,Previous Deaths,Previous Recovered,Previous Active,Prev2 Confirmed,Previous Week Confirmed,Population,Daily Confirmed,Daily Deaths,Daily Recovered,Daily Active,Previous Daily Confirmed,Weekly Confirmed
2020-08-11,Afghanistan,37269,1344,0,35925,37162,1328,0,35834,37054,36782,32225560,107,16,0,91,108,487
2020-08-11,Albania,6676,205,0,6471,6536,200,0,6336,6411,5750,2862427,140,5,0,135,125,926
2020-08-11,Algeria,36204,1322,0,34882,35712,1312,0,34400,35160,32504,43000000,492,10,0,482,552,3700
2020-08-11,Andorra,963,52,0,911,963,52,0,911,955,939,77543,0,0,0,0,8,24
2020-08-11,Angola,1735,80,0,1655,1679,78,0,1601,1672,1344,31127674,56,2,0,54,7,391
2020-08-11,Antigua and Barbuda,92,3,0,89,92,3,0,89,92,92,96453,0,0,0,0,0,0
2020-08-11,Argentina,260911,5004,0,255907,253868,4764,0,249104,246499,213535,44938712,7043,240,0,6803,7369,47376
2020-08-11,Armenia,40593,803,0,39790,40433,796,0,39637,40410,39298,2957500,160,7,0,153,23,1295
2020-08-11,Australia,22127,352,0,21775,21713,331,0,21382,21397,19445,25654023,414,21,0,393,316,2682
2020-08-11,Austria,22245,723,0,21522,22106,723,0,21383,22033,21481,8902600,139,0,0,139,73,764
2020-08-11,Azerbaijan,33731,495,0,33236,33647,492,0,33155,33568,32910,10067108,84,3,0,81,79,821
2020-08-11,Bahamas,989,15,0,974,945,15,0,930,898,715,,44,0,0,44,47,274
2020-08-11,Bahrain,44804,165,0,44639,44397,163,0,44234,44011,42132,1543300,407,2,0,405,386,2672
2020-08-11,Bangladesh,263503,3471,0,260032,260507,3438,0,257069,257600,244020,168310034,2996,33,0,2963,2907,19483
2020-08-11,Barbados,143,7,0,136,142,7,0,135,142,132,287025,1,0,0,1,0,11
2020-08-11,Belarus,69005,592,0,68413,68947,589,0,68358,68850,68250,9413446,58,3,0,55,97,755
2020-08-11,Belgium,75008,9885,0,65123,74620,9879,0,64741,74152,70648,11524454,388,6,0,382,468,4360
2020-08-11,Belize,177,2,0,175,177,2,0,175,153,57,,0,0,0,0,24,120
2020-08-11,Benin,2001,38,0,1963,1936,38,0,1898,1936,1914,11733059,65,0,0,65,0,87
2020-08-11,Bhutan,113,0,0,113,110,0,0,110,110,105,741672,3,0,0,3,0,8
2020-08-11,Bolivia,93328,3761,0,89567,91635,3712,0,87923,89999,83361,11469896,1693,49,0,1644,1636,9967
2020-08-11,Bosnia and Herzegovina,14708,447,0,14261,14498,425,0,14073,13687,12856,3301000,210,22,0,188,811,1852
2020-08-11,Botswana,1066,2,0,1064,1066,2,0,1064,804,804,,0,0,0,0,262,262
2020-08-11,Brazil,3109630,103026,0,3006604,3057470,101752,0,2955718,3035422,2801921,211288170,52160,1274,0,50886,22048,307709
2020-08-11,Brunei,142,3,0,139,142,3,0,139,142,141,442400,0,0,0,0,0,1
2020-08-11,Bulgaria,13722,471,0,13251,13512,459,0,13053,13396,12414,7000039,210,12,0,198,116,1308
2020-08-11,Burkina Faso,1211,54,0,1157,1204,54,0,1150,1175,1153,20870060,7,0,0,7,29,58
2020-08-11,Burma,360,6,0,354,360,6,0,354,360,356,,0,0,0,0,0,4
2020-08-11,Burundi,408,1,0,407,408,1,0,407,408,395,,0,0,0,0,0,13
2020-08-11,Cabo Verde,2920,33,0,2887,2883,32,0,2851,2858,2631,,37,1,0,36,25,289
2020-08-11,Cambodia,268,0,0,268,251,0,0,251,251,243,15288489,17,0,0,17,0,25
2020-08-11,Cameroon,18213,398,0,17815,18042,395,0,17647,18042,17718,26545864,171,3,0,168,0,495
2020-08-11,Canada,122389,9038,0,113351,122053,9034,0,113019,121367,119659,37966227,336,4,0,332,686,2730
2020-08-11,Central African Republic,4645,61,0,4584,4641,60,0,4581,4641,4618,5496011,4,1,0,3,0,27
2020-08-11,Chad,946,76,0,870,945,76,0,869,944,938,15692969,1,0,0,1,1,8
2020-08-11,Chile,376616,10178,0,366438,375044,10139,0,364905,373056,362962,19107216,1572,39,0,1533,1988,13654
2020-08-11,China,88958,4693,0,84265,88906,4689,0,84217,88793,88206,1401870440,52,4,0,48,113,752
2020-08-11,Colombia,410453,13475,0,396978,397623,13154,0,384469,387481,334979,49395678,12830,321,0,12509,10142,75474
2020-08-11,Comoros,399,7,0,392,399,7,0,392,399,388,,0,0,0,0,0,11
2020-08-11,Congo (Brazzaville),3745,60,0,3685,3664,58,0,3606,3664,3546,5518092,81,2,0,79,0,199
2020-08-11,Congo (Kinshasa),9499,225,0,9274,9489,224,0,9265,9454,9178,89561404,10,1,0,9,35,321
2020-08-11,Costa Rica,24508,255,0,24253,23872,244,0,23628,23286,19837,5058007,636,11,0,625,586,4671
2020-08-11,Cote d'Ivoire,16847,105,0,16742,16798,105,0,16693,16715,16293,25823071,49,0,0,49,83,554
2020-08-11,Croatia,5740,160,0,5580,5649,158,0,5491,5604,5318,4076246,91,2,0,89,45,422
2020-08-11,Cuba,3093,88,0,3005,3046,88,0,2958,2953,2701,11209628,47,0,0,47,93,392
2020-08-11,Cyprus,1277,20,0,1257,1252,19,0,1233,1242,1180,875900,25,1,0,24,10,97
2020-08-11,Czechia,18783,391,0,18392,18494,390,0,18104,18353,17286,10693939,289,1,0,288,141,1497
2020-08-11,Denmark,15291,621,0,14670,15135,620,0,14515,14759,14314,5822763,156,1,0,155,376,977
2020-08-11,Diamond Princess,712,13,0,699,712,13,0,699,712,712,,0,0,0,0,0,0
2020-08-11,Djibouti,5348,59,0,5289,5347,59,0,5288,5344,5248,1078373,1,0,0,1,3,100
2020-08-11,Dominica,18,0,0,18,18,0,0,18,18,18,,0,0,0,0,0,0
2020-08-11,Dominican Republic,81094,1346,0,79748,80499,1328,0,79171,79732,74295,10358320,595,18,0,577,767,6799
2020-08-11,Ecuador,95563,5951,0,89612,94701,5932,0,88769,94459,87963,17449288,862,19,0,843,242,7600
2020-08-11,Egypt,95834,5059,0,90775,95666,5035,0,90631,95492,94752,100153850,168,24,0,144,174,1082
2020-08-11,El Salvador,21269,570,0,20699,20872,563,0,20309,20423,18262,6486201,397,7,0,390,449,3007
2020-08-11,Equatorial Guinea,4821,83,0,4738,4821,83,0,4738,4821,4821,1358276,0,0,0,0,0,0
2020-08-11,Eritrea,285,0,0,285,285,0,0,285,285,282,3497117,0,0,0,0,0,3
2020-08-11,Estonia,2167,63,0,2104,2158,63,0,2095,2152,2091,1328360,9,0,0,9,6,76
2020-08-11,Eswatini,3410,63,0,3347,3309,61,0,3248,3236,2856,1093238,101,2,0,99,73,554
2020-08-11,Ethiopia,24175,440,0,23735,23591,420,0,23171,22818,19877,98665000,584,20,0,564,773,4298
2020-08-11,Fiji,27,1,0,26,27,1,0,26,27,27,884887,0,0,0,0,0,0
2020-08-11,Finland,7623,333,0,7290,7601,333,0,7268,7584,7483,5527573,22,0,0,22,17,140
2020-08-11,France,239355,30328,0,209027,239349,30327,0,209022,235237,228576,67069000,6,1,0,5,4112,10779
2020-08-11,Gabon,8006,51,0,7955,8006,51,0,7955,7923,7646,2172579,0,0,0,0,83,360
2020-08-11,Gambia,1346,32,0,1314,1235,23,0,1212,1235,671,,111,9,0,102,0,675
2020-08-11,Georgia,1264,17,0,1247,1250,17,0,1233,1225,1182,3723464,14,0,0,14,25,82
2020-08-11,Germany,219540,9208,0,210332,218508,9203,0,209305,217288,212828,83149300,1032,5,0,1027,1220,6712
2020-08-11,Ghana,41404,215,0,41189,41212,215,0,40997,41003,37812,30280811,192,0,0,192,209,3592
2020-08-11,Greece,5942,214,0,5728,5749,213,0,5536,5623,4855,10724599,193,1,0,192,126,1087
2020-08-11,Grenada,24,0,0,24,24,0,0,24,24,24,,0,0,0,0,0,0
2020-08-11,Guatemala,57966,2233,0,55733,56987,2222,0,54765,56605,52365,16604026,979,11,0,968,382,5601
2020-08-11,Guinea,8018,50,0,7968,7930,50,0,7880,7930,7489,12218357,88,0,0,88,0,529
2020-08-11,Guinea-Bissau,2088,29,0,2059,2052,29,0,2023,2052,1981,,36,0,0,36,0,107
2020-08-11,Guyana,602,22,0,580,568,22,0,546,568,497,782766,34,0,0,34,0,105
2020-08-11,Haiti,7649,183,0,7466,7634,183,0,7451,7634,7511,11577779,15,0,0,15,0,138
2020-08-11,Holy See,12,0,0,12,12,0,0,12,12,12,,0,0,0,0,0,0
2020-08-11,Honduras,48403,1515,0,46888,47872,1506,0,46366,47454,44299,9158345,531,9,0,522,418,4104
2020-08-11,Hungary,4746,605,0,4141,4731,605,0,4126,4696,4553,9772756,15,0,0,15,35,193
2020-08-11,Iceland,1968,10,0,1958,1962,10,0,1952,1958,1918,364260,6,0,0,6,4,50
2020-08-11,India,2329638,46091,0,2283547,2268675,45257,0,2223418,2215074,1908254,1360094159,60963,834,0,60129,53601,421384
2020-08-11,Indonesia,128776,5824,0,122952,127083,5765,0,121318,125396,115056,266911900,1693,59,0,1634,1687,13720
2020-08-11,Iran,331189,18800,0,312389,328844,18616,0,310228,326712,314786,83301053,2345,184,0,2161,2132,16403
2020-08-11,Iraq,156995,5531,0,151464,153599,5464,0,148135,150115,134722,39127900,3396,67,0,3329,3484,22273
2020-08-11,Ireland,26801,1773,0,25028,26768,1772,0,24996,26712,26253,4921500,33,1,0,32,56,548
2020-08-11,Israel,86593,622,0,85971,84722,613,0,84109,83002,76198,9175050,1871,9,0,1862,1720,10395
2020-08-11,Italy,251237,35215,0,216022,250825,35209,0,215616,250566,248419,60243406,412,6,0,406,259,2818
2020-08-11,Jamaica,1047,14,0,1033,1031,14,0,1017,1023,920,2726667,16,0,0,16,8,127
2020-08-11,Japan,50302,1058,0,49244,49617,1052,0,48565,48782,41347,126010000,685,6,0,679,835,8955
2020-08-11,Jordan,1283,11,0,1272,1268,11,0,1257,1252,1224,10641432,15,0,0,15,16,59
2020-08-11,Kazakhstan,100855,1269,0,99586,100164,1058,0,99106,99442,94882,18667696,691,211,0,480,722,5973
2020-08-11,Kenya,27425,438,0,26987,26928,423,0,26505,26436,23202,47564296,497,15,0,482,492,4223
2020-08-11,"Korea, South",14714,305,0,14409,14660,305,0,14355,14626,14456,51780579,54,0,0,54,34,258
2020-08-11,Kosovo,10419,341,0,10078,10419,341,0,10078,9869,9274,1795666,0,0,0,0,550,1145
2020-08-11,Kuwait,73068,486,0,72582,72400,482,0,71918,71713,68774,4420110,668,4,0,664,687,4294
2020-08-11,Kyrgyzstan,40455,1478,0,38977,40085,1474,0,38611,39919,37541,6523500,370,4,0,366,166,2914
2020-08-11,Laos,20,0,0,20,20,0,0,20,20,20,,0,0,0,0,0,0
2020-08-11,Latvia,1293,32,0,1261,1290,32,0,1258,1290,1249,1906800,3,0,0,3,0,44
2020-08-11,Lebanon,7121,87,0,7034,6812,80,0,6732,6517,5062,6825442,309,7,0,302,295,2059
2020-08-11,Lesotho,781,24,0,757,781,24,0,757,742,726,,0,0,0,0,39,55
2020-08-11,Liberia,1250,81,0,1169,1240,79,0,1161,1237,1216,4475353,10,2,0,8,3,34
2020-08-11,Libya,6302,132,0,6170,5929,125,0,5804,5451,4224,,373,7,0,366,478,2078
2020-08-11,Liechtenstein,89,1,0,88,89,1,0,88,89,89,38749,0,0,0,0,0,0
2020-08-11,Lithuania,2283,81,0,2202,2265,81,0,2184,2252,2137,2793471,18,0,0,18,13,146
2020-08-11,Luxembourg,7242,122,0,7120,7216,121,0,7095,7205,6917,613894,26,1,0,25,11,325
2020-08-11,MS Zaandam,9,2,0,7,9,2,0,7,9,9,,0,0,0,0,0,0
2020-08-11,Madagascar,13317,152,0,13165,13202,151,0,13051,13086,11895,25680342,115,1,0,114,116,1422
2020-08-11,Malawi,4714,152,0,4562,4674,146,0,4528,4658,4361,,40,6,0,34,16,353
2020-08-11,Malaysia,9103,125,0,8978,9094,125,0,8969,9083,9002,32726760,9,0,0,9,11,101
2020-08-11,Maldives,5223,20,0,5203,5157,19,0,5138,5041,4446,374775,66,1,0,65,116,777
2020-08-11,Mali,2577,125,0,2452,2573,125,0,2448,2567,2543,,4,0,0,4,6,34
2020-08-11,Malta,1141,9,0,1132,1112,9,0,1103,1089,890,493559,29,0,0,29,23,251
2020-08-11,Mauritania,6598,157,0,6441,6555,157,0,6398,6523,6418,4077347,43,0,0,43,32,180
2020-08-11,Mauritius,344,10,0,334,344,10,0,334,344,344,1265985,0,0,0,0,0,0
2020-08-11,Mexico,492522,53929,0,438593,485836,53003,0,432833,480278,449961,126577691,6686,926,0,5760,5558,42561
2020-08-11,Moldova,28223,857,0,27366,27841,850,0,26991,27660,25814,2681735,382,7,0,375,181,2409
2020-08-11,Monaco,138,4,0,134,133,4,0,129,133,123,38300,5,0,0,5,0,15
2020-08-11,Mongolia,293,0,0,293,293,0,0,293,293,293,3308788,0,0,0,0,0,0
2020-08-11,Montenegro,3748,71,0,3677,3696,68,0,3628,3618,3361,622359,52,3,0,49,78,387
2020-08-11,Morocco,35195,533,0,34662,34063,516,0,33547,33237,27217,35846095,1132,17,0,1115,826,7978
2020-08-11,Mozambique,2481,17,0,2464,2411,16,0,2395,2269,2029,,70,1,0,69,142,452
2020-08-11,Namibia,3229,19,0,3210,3101,19,0,3082,2949,2470,2458936,128,0,0,128,152,759
2020-08-11,Nepal,23948,83,0,23865,23310,79,0,23231,22972,21009,29609623,638,4,0,634,338,2939
2020-08-11,Netherlands,60391,6162,0,54229,60058,6178,0,53880,59360,56279,17447181,333,-16,0,349,698,4112
2020-08-11,New Zealand,1570,22,0,1548,1570,22,0,1548,1569,1569,4972216,0,0,0,0,1,1
2020-08-11,Nicaragua,4115,128,0,3987,3902,123,0,3779,3902,3902,6460411,213,5,0,208,0,213
2020-08-11,Niger,1158,69,0,1089,1158,69,0,1089,1158,1152,22314743,0,0,0,0,0,6
2020-08-11,Nigeria,47290,956,0,46334,46867,950,0,45917,46577,44433,206139587,423,6,0,417,290,2857
2020-08-11,North Macedonia,12083,529,0,11554,11942,528,0,11414,11839,11202,2077132,141,1,0,140,103,881
2020-08-11,Norway,9751,256,0,9495,9684,256,0,9428,9638,9362,5367580,67,0,0,67,46,389
2020-08-11,Oman,82050,533,0,81517,81787,521,0,81266,81580,79159,4664790,263,12,0,251,207,2891
2020-08-11,Pakistan,285191,6112,0,279079,284660,6097,0,278563,284121,280461,219027520,531,15,0,516,539,4730
2020-08-11,Panama,76464,1680,0,74784,75394,1664,0,73730,74492,69424,4218808,1070,16,0,1054,902,7040
2020-08-11,Papua New Guinea,214,3,0,211,214,3,0,211,214,114,8935000,0,0,0,0,0,100
2020-08-11,Paraguay,7519,86,0,7433,7234,82,0,7152,6907,5852,7152703,285,4,0,281,327,1667
2020-08-11,Peru,489680,21501,0,468179,483133,21276,0,461857,478024,439890,32131400,6547,225,0,6322,5109,49790
2020-08-11,Philippines,139538,2312,0,137226,136638,2294,0,134344,129913,112593,108438081,2900,18,0,2882,6725,26945
2020-08-11,Poland,52961,1821,0,51140,52410,1809,0,50601,51791,48149,38386000,551,12,0,539,619,4812
2020-08-11,Portugal,52945,1761,0,51184,52825,1759,0,51066,52668,51681,10276617,120,2,0,118,157,1264
2020-08-11,Qatar,113646,188,0,113458,113262,188,0,113074,112947,111538,2747282,384,0,0,384,315,2108
2020-08-11,Romania,63762,2764,0,60998,62547,2729,0,59818,61768,55241,19405156,1215,35,0,1180,779,8521
2020-08-11,Russia,895691,15103,0,880588,890799,14973,0,875826,885718,859762,146745098,4892,130,0,4762,5081,35929
2020-08-11,Rwanda,2171,7,0,2164,2152,7,0,2145,2140,2099,12374397,19,0,0,19,12,72
2020-08-11,Saint Kitts and Nevis,17,0,0,17,17,0,0,17,17,17,,0,0,0,0,0,0
2020-08-11,Saint Lucia,25,0,0,25,25,0,0,25,25,25,178696,0,0,0,0,0,0
2020-08-11,Saint Vincent and the Grenadines,57,0,0,57,57,0,0,57,57,55,110608,0,0,0,0,0,2
2020-08-11,San Marino,699,42,0,657,699,42,0,657,699,699,33574,0,0,0,0,0,0
2020-08-11,Sao Tome and Principe,881,15,0,866,878,15,0,863,878,875,,3,0,0,3,0,6
2020-08-11,Saudi Arabia,291468,3233,0,288235,289947,3199,0,286748,288690,281456,34218169,1521,34,0,1487,1257,10012
2020-08-11,Senegal,11380,238,0,11142,11312,236,0,11076,11175,10432,16209125,68,2,0,66,137,948
2020-08-11,Serbia,28497,652,0,27845,28262,646,0,27616,28099,26738,6963764,235,6,0,229,163,1759
2020-08-11,Seychelles,127,0,0,127,126,0,0,126,126,114,97625,1,0,0,1,0,13
2020-08-11,Sierra Leone,1932,69,0,1863,1917,69,0,1848,1916,1855,,15,0,0,15,1,77
2020-08-11,Singapore,55353,27,0,55326,55292,27,0,55265,55104,53346,5703600,61,0,0,61,188,2007
2020-08-11,Slovakia,2615,31,0,2584,2599,31,0,2568,2596,2368,5456362,16,0,0,16,3,247
2020-08-11,Slovenia,2272,129,0,2143,2255,128,0,2127,2249,2190,2094060,17,1,0,16,6,82
2020-08-11,Somalia,3227,93,0,3134,3227,93,0,3134,3227,3220,15893219,0,0,0,0,0,7
2020-08-11,South Africa,566109,10751,0,555358,563598,10621,0,552977,559859,521318,58775022,2511,130,0,2381,3739,44791
2020-08-11,South Sudan,2472,47,0,2425,2470,47,0,2423,2470,2437,,2,0,0,2,0,35
2020-08-11,Spain,326612,28581,0,298031,322980,28576,0,294404,314362,302814,47100396,3632,5,0,3627,8618,23798
2020-08-11,Sri Lanka,2880,11,0,2869,2871,11,0,2860,2844,2834,21803000,9,0,0,9,27,46
2020-08-11,Sudan,12033,786,0,11247,11956,781,0,11175,11956,11780,42364155,77,5,0,72,0,253
2020-08-11,Suriname,2559,39,0,2520,2489,30,0,2459,2391,1981,581372,70,9,0,61,98,578
2020-08-11,Sweden,83126,5770,0,77356,82972,5766,0,77206,82323,81181,10333456,154,4,0,150,649,1945
2020-08-11,Switzerland,36895,1990,0,34905,36708,1987,0,34721,36603,35746,8586550,187,3,0,184,105,1149
2020-08-11,Syria,1327,53,0,1274,1255,52,0,1203,1188,892,,72,1,0,71,67,435
2020-08-11,Taiwan*,480,7,0,473,477,7,0,470,477,476,23604265,3,0,0,3,0,4
2020-08-11,Tajikistan,7871,63,0,7808,7827,62,0,7765,7745,7583,,44,1,0,43,82,288
2020-08-11,Tanzania,509,21,0,488,509,21,0,488,509,509,55890747,0,0,0,0,0,0
2020-08-11,Thailand,3351,58,0,3293,3351,58,0,3293,3351,3321,66484342,0,0,0,0,0,30
2020-08-11,Timor-Leste,25,0,0,25,25,0,0,25,25,25,,0,0,0,0,0,0
2020-08-11,Togo,1070,26,0,1044,1067,25,0,1042,1060,988,7538000,3,1,0,2,7,82
2020-08-11,Trinidad and Tobago,300,8,0,292,281,8,0,273,279,194,1363985,19,0,0,19,2,106
2020-08-11,Tunisia,1738,52,0,1686,1717,51,0,1666,1697,1584,11722038,21,1,0,20,20,154
2020-08-11,Turkey,243180,5873,0,237307,241997,5858,0,236139,240804,234934,83154997,1183,15,0,1168,1193,8246
2020-08-11,US,5141208,164527,0,4976681,5094400,163463,0,4930937,5044864,4771080,329493716,46808,1064,0,45744,49536,370128
2020-08-11,Uganda,1313,9,0,1304,1297,9,0,1288,1283,1203,40299300,16,0,0,16,14,110
2020-08-11,Ukraine,85023,1979,0,83044,83812,1950,0,81862,82767,75880,41902416,1211,29,0,1182,1045,9143
2020-08-11,United Arab Emirates,62966,358,0,62608,62704,357,0,62347,62525,61352,9890400,262,1,0,261,179,1614
2020-08-11,United Kingdom,314542,46714,0,267828,313392,46611,0,266781,312574,307926,66435600,1150,103,0,1047,818,6616
2020-08-11,Uruguay,1385,37,0,1348,1364,37,0,1327,1353,1300,3518552,21,0,0,21,11,85
2020-08-11,Uzbekistan,31747,204,0,31543,31304,200,0,31104,30609,27047,34083289,443,4,0,439,695,4700
2020-08-11,Venezuela,27938,238,0,27700,26800,229,0,26571,25805,21438,32219521,1138,9,0,1129,995,6500
2020-08-11,Vietnam,866,16,0,850,847,15,0,832,841,672,96208984,19,1,0,18,6,194
2020-08-11,West Bank and Gaza,14875,104,0,14771,14510,100,0,14410,14208,12770,,365,4,0,361,302,2105
2020-08-11,Western Sahara,10,1,0,9,10,1,0,9,10,10,,0,0,0,0,0,0
2020-08-11,Yemen,1831,523,0,1308,1832,518,0,1314,1804,1760,,-1,5,0,-6,28,71
2020-08-11,Zambia,8275,241,0,8034,8210,241,0,7969,8085,6793,17381168,65,0,0,65,125,1482
2020-08-11,Zimbabwe,4818,104,0,4714,4748,104,0,4644,4649,4221,15159624,70,0,0,70,99,597
