Date,Country/Region,Confirmed,Deaths,Recovered,Active Cases,Previous Confirmed,Previous Deaths,Previous Recovered,Previous Active,Prev2 Confirmed,Previous Week Confirmed,Population,Daily Confirmed,Daily Deaths,Daily Recovered,Daily Active,Previous Daily Confirmed,Weekly Confirmed
2020-11-11,Afghanistan,42609,1581,0,41028,42463,1577,0,40886,42297,41814,32225560,146,4,0,142,166,795
2020-11-11,Albania,25801,590,0,25211,25294,579,0,24715,24731,22300,2862427,507,11,0,496,563,3501
2020-11-11,Algeria,64257,2093,0,62164,63446,2077,0,61369,62693,59527,43000000,811,16,0,795,753,4730
2020-11-11,Andorra,5567,75,0,5492,5477,75,0,5402,5437,5045,77543,90,0,0,90,40,522
2020-11-11,Angola,12953,312,0,12641,12816,308,0,12508,12680,11813,31127674,137,4,0,133,136,1140
2020-11-11,Antigua and Barbuda,131,3,0,128,131,3,0,128,131,130,96453,0,0,0,0,0,1
2020-11-11,Argentina,1273356,34531,0,1238825,1262476,34183,0,1228293,1250499,1205928,44938712,10880,348,0,10532,11977,67428
2020-11-11,Armenia,110548,1636,0,108912,108687,1609,0,107078,107466,97150,2957500,1861,27,0,1834,1221,13398
2020-11-11,Australia,27675,907,0,26768,27671,907,0,26764,27669,27630,25654023,4,0,0,4,2,45
2020-11-11,Austria,172380,1564,0,170816,164866,1499,0,163367,158746,125099,8902600,7514,65,0,7449,6120,47281
2020-11-11,Azerbaijan,68594,885,0,67709,67392,867,0,66525,66046,59509,10067108,1202,18,0,1184,1346,9085
2020-11-11,Bahamas,7060,154,0,6906,7012,154,0,6858,6964,6843,,48,0,0,48,48,217
2020-11-11,Bahrain,84042,332,0,83710,83811,331,0,83480,83632,82624,1543300,231,1,0,230,179,1418
2020-11-11,Bangladesh,425353,6127,0,419226,423620,6108,0,417512,421921,414164,168310034,1733,19,0,1714,1699,11189
2020-11-11,Barbados,249,7,0,242,243,7,0,236,243,239,287025,6,0,0,6,0,10
2020-11-11,Belarus,109357,1022,0,108335,108300,1016,0,107284,107262,102313,9413446,1057,6,0,1051,1038,7044
2020-11-11,Belgium,515391,13758,0,501633,507475,13561,0,493914,503182,468213,11524454,7916,197,0,7719,4293,47178
2020-11-11,Belize,4520,75,0,4445,4414,73,0,4341,4230,3905,,106,2,0,104,184,615
2020-11-11,Benin,2844,43,0,2801,2781,43,0,2738,2781,2745,11733059,63,0,0,63,0,99
2020-11-11,Bhutan,364,0,0,364,364,0,0,364,364,358,741672,0,0,0,0,0,6
2020-11-11,Bolivia,142776,8818,0,133958,142664,8808,0,133856,142561,142062,11469896,112,10,0,102,103,714
2020-11-11,Bosnia and Herzegovina,66565,1701,0,64864,65024,1629,0,63395,63419,55598,3301000,1541,72,0,1469,1605,10967
2020-11-11,Botswana,7835,27,0,7808,7835,27,0,7808,7835,6642,,0,0,0,0,0,1193
2020-11-11,Brazil,5747660,163368,0,5584292,5699005,162802,0,5536203,5675032,5590025,211288170,48655,566,0,48089,23973,157635
2020-11-11,Brunei,148,3,0,145,148,3,0,145,148,148,442400,0,0,0,0,0,0
2020-11-11,Bulgaria,87311,1898,0,85413,83366,1851,0,81515,78976,64591,7000039,3945,47,0,3898,4390,22720
2020-11-11,Burkina Faso,2586,67,0,2519,2582,67,0,2515,2581,2539,20870060,4,0,0,4,1,47
2020-11-11,Burma,64453,1480,0,62973,63241,1461,0,61780,61975,56940,,1212,19,0,1193,1266,7513
2020-11-11,Burundi,620,1,0,619,615,1,0,614,614,606,,5,0,0,5,1,14
2020-11-11,Cabo Verde,9560,102,0,9458,9499,101,0,9398,9419,9053,,61,1,0,60,80,507
2020-11-11,Cambodia,301,0,0,301,300,0,0,300,300,292,15288489,1,0,0,1,0,9
2020-11-11,Cameroon,22490,433,0,22057,22421,433,0,21988,22421,22103,26545864,69,0,0,69,0,387
2020-11-11,Canada,280462,10748,0,269714,276479,10693,0,265786,272034,250698,37966227,3983,55,0,3928,4445,29764
2020-11-11,Central African Republic,4884,62,0,4822,4884,62,0,4822,4880,4866,5496011,0,0,0,0,4,18
2020-11-11,Chad,1565,99,0,1466,1561,99,0,1462,1551,1517,15692969,4,0,0,4,10,48
2020-11-11,Chile,524804,14633,0,510171,523907,14611,0,509296,522879,515042,19107216,897,22,0,875,1028,9762
2020-11-11,China,91752,4742,0,87010,91719,4742,0,86977,91693,91509,1401870440,33,0,0,33,26,243
2020-11-11,Colombia,1165326,33312,0,1132014,1155356,33128,0,1122228,1149064,1108086,49395678,9970,184,0,9786,6292,57240
2020-11-11,Comoros,569,7,0,562,569,7,0,562,563,554,,0,0,0,0,6,15
2020-11-11,Congo (Brazzaville),5379,92,0,5287,5379,92,0,5287,5379,5348,5518092,0,0,0,0,0,31
2020-11-11,Congo (Kinshasa),11656,316,0,11340,11642,316,0,11326,11608,11450,89561404,14,0,0,14,34,206
2020-11-11,Costa Rica,119768,1513,0,118255,118566,1502,0,117064,117587,113261,5058007,1202,11,0,1191,979,6507
2020-11-11,Cote d'Ivoire,20855,127,0,20728,20847,126,0,20721,20835,20778,25823071,8,1,0,7,12,77
2020-11-11,Croatia,72840,893,0,71947,70243,865,0,69378,68776,56567,4076246,2597,28,0,2569,1467,16273
2020-11-11,Cuba,7429,130,0,7299,7392,130,0,7262,7349,7144,11209628,37,0,0,37,43,285
2020-11-11,Cyprus,6461,33,0,6428,6296,29,0,6267,6098,5100,875900,165,4,0,161,198,1361
2020-11-11,Czechia,438805,5570,0,433235,429880,5323,0,424557,417181,378716,10693939,8925,247,0,8678,12699,60089
2020-11-11,Denmark,58466,753,0,57713,57472,750,0,56722,56406,51042,5822763,994,3,0,991,1066,7424
2020-11-11,Diamond Princess,712,13,0,699,712,13,0,699,712,712,,0,0,0,0,0,0
2020-11-11,Djibouti,5635,61,0,5574,5633,61,0,5572,5627,5580,1078373,2,0,0,2,6,55
2020-11-11,Dominica,68,0,0,68,63,0,0,63,63,50,,5,0,0,5,0,18
2020-11-11,Dominican Republic,131265,2272,0,128993,131131,2269,0,128862,130603,128278,10358320,134,3,0,131,528,2987
2020-11-11,Ecuador,176630,12920,0,163710,175711,12849,0,162862,175269,171433,17449288,919,71,0,848,442,5197
2020-11-11,Egypt,109881,6405,0,103476,109654,6394,0,103260,109422,108329,100153850,227,11,0,216,232,1552
2020-11-11,El Salvador,35145,1024,0,34121,35145,1020,0,34125,35145,34015,6486201,0,4,0,-4,0,1130
2020-11-11,Equatorial Guinea,5102,85,0,5017,5102,85,0,5017,5092,5089,1358276,0,0,0,0,10,13
2020-11-11,Eritrea,491,0,0,491,491,0,0,491,491,480,3497117,0,0,0,0,0,11
2020-11-11,Estonia,6508,76,0,6432,6376,76,0,6300,6250,5333,1328360,132,0,0,132,126,1175
2020-11-11,Eswatini,6044,117,0,5927,6024,117,0,5907,6013,5955,1093238,20,0,0,20,11,89
2020-11-11,Ethiopia,100727,1545,0,99182,100327,1537,0,98790,99982,97881,98665000,400,8,0,392,345,2846
2020-11-11,Fiji,35,2,0,33,34,2,0,32,34,34,884887,1,0,0,1,0,1
2020-11-11,Finland,18345,365,0,17980,18107,363,0,17744,17887,16930,5527573,238,2,0,236,220,1415
2020-11-11,France,1914918,42599,0,1872319,1857309,41062,0,1816247,1856292,1591152,67069000,57609,1537,0,56072,1017,323766
2020-11-11,Gabon,9048,57,0,8991,9029,57,0,8972,9029,9005,2172579,19,0,0,19,0,43
2020-11-11,Gambia,3697,122,0,3575,3696,122,0,3574,3696,3680,,1,0,0,1,0,17
2020-11-11,Georgia,66561,566,0,65995,63650,521,0,63129,60680,46817,3723464,2911,45,0,2866,2970,19744
2020-11-11,Germany,738094,11994,0,726100,715693,11781,0,703912,689146,608611,83149300,22401,213,0,22188,26547,129483
2020-11-11,Ghana,49302,320,0,48982,49302,320,0,48982,49202,48643,30280811,0,0,0,0,100,659
2020-11-11,Greece,63321,909,0,62412,60570,866,0,59704,58187,46892,10724599,2751,43,0,2708,2383,16429
2020-11-11,Grenada,32,0,0,32,32,0,0,32,32,30,,0,0,0,0,0,2
2020-11-11,Guatemala,112811,3845,0,108966,112129,3832,0,108297,111360,109147,16604026,682,13,0,669,769,3664
2020-11-11,Guinea,12516,74,0,12442,12484,74,0,12410,12459,12331,12218357,32,0,0,32,25,185
2020-11-11,Guinea-Bissau,2419,43,0,2376,2419,43,0,2376,2419,2414,,0,0,0,0,0,5
2020-11-11,Guyana,4618,137,0,4481,4530,135,0,4395,4524,4324,782766,88,2,0,86,6,294
2020-11-11,Haiti,9152,232,0,8920,9137,232,0,8905,9137,9100,11577779,15,0,0,15,0,52
2020-11-11,Holy See,27,0,0,27,27,0,0,27,27,27,,0,0,0,0,0,0
2020-11-11,Honduras,101169,2797,0,98372,100804,2780,0,98024,100573,99124,9158345,365,17,0,348,231,2045
2020-11-11,Hungary,122863,2697,0,120166,118918,2596,0,116322,114778,90988,9772756,3945,101,0,3844,4140,31875
2020-11-11,Iceland,5142,24,0,5118,5114,24,0,5090,5101,4989,364260,28,0,0,28,13,153
2020-11-11,India,8683916,128121,0,8555795,8636011,127571,0,8508440,8591730,8364086,1360094159,47905,550,0,47355,44281,319830
2020-11-11,Indonesia,448118,14836,0,433282,444348,14761,0,429587,440569,421731,266911900,3770,75,0,3695,3779,26387
2020-11-11,Iran,715068,39664,0,675404,703288,39202,0,664086,692949,646164,83301053,11780,462,0,11318,10339,68904
2020-11-11,Iraq,508508,11482,0,497026,505310,11432,0,493878,501733,485870,39127900,3198,50,0,3148,3577,22638
2020-11-11,Ireland,66247,1965,0,64282,65889,1963,0,63926,65659,63483,4921500,358,2,0,356,230,2764
2020-11-11,Israel,321326,2700,0,318626,320661,2684,0,317977,320184,317332,9175050,665,16,0,649,477,3994
2020-11-11,Italy,1028424,42953,0,985471,995463,42330,0,953133,960373,790377,60243406,32961,623,0,32338,35090,238047
2020-11-11,Jamaica,9581,225,0,9356,9573,224,0,9349,9542,9326,2726667,8,1,0,7,31,255
2020-11-11,Japan,112011,1847,0,110164,110487,1840,0,108647,109191,103928,126010000,1524,7,0,1517,1296,8083
2020-11-11,Jordan,126401,1467,0,124934,120982,1386,0,119596,114986,91234,10641432,5419,81,0,5338,5996,35167
2020-11-11,Kazakhstan,118491,1899,0,116592,117904,1857,0,116047,117336,114235,18667696,587,42,0,545,568,4256
2020-11-11,Kenya,65804,1180,0,64624,64588,1154,0,63434,63244,58587,47564296,1216,26,0,1190,1344,7217
2020-11-11,"Korea, South",27942,487,0,27455,27799,487,0,27312,27653,27050,51780579,143,0,0,143,146,892
2020-11-11,Kosovo,26121,777,0,25344,25388,773,0,24615,24792,21545,1795666,733,4,0,729,596,4576
2020-11-11,Kuwait,134159,826,0,133333,133381,821,0,132560,132478,128843,4420110,778,5,0,773,903,5316
2020-11-11,Kyrgyzstan,64360,1188,0,63172,64360,1188,0,63172,63390,61309,6523500,0,0,0,0,970,3051
2020-11-11,Laos,24,0,0,24,24,0,0,24,24,24,,0,0,0,0,0,0
2020-11-11,Latvia,8848,105,0,8743,8395,103,0,8292,8187,6752,1906800,453,2,0,451,208,2096
2020-11-11,Lebanon,98829,763,0,98066,96907,749,0,96158,95355,87097,6825442,1922,14,0,1908,1552,11732
2020-11-11,Lesotho,2026,44,0,1982,2026,44,0,1982,1967,1963,,0,0,0,0,59,63
2020-11-11,Liberia,1461,82,0,1379,1461,82,0,1379,1452,1438,4475353,0,0,0,0,9,23
2020-11-11,Libya,70885,970,0,69915,70010,957,0,69053,69040,64587,,875,13,0,862,970,6298
2020-11-11,Liechtenstein,877,4,0,873,846,4,0,842,801,659,38749,31,0,0,31,45,218
2020-11-11,Lithuania,28262,235,0,28027,26841,221,0,26620,25755,18092,2793471,1421,14,0,1407,1086,10170
2020-11-11,Luxembourg,23710,198,0,23512,23710,198,0,23512,23227,20344,613894,0,0,0,0,483,3366
2020-11-11,MS Zaandam,9,2,0,7,9,2,0,7,9,9,,0,0,0,0,0,0
2020-11-11,Madagascar,17223,249,0,16974,17223,249,0,16974,17223,17111,25680342,0,0,0,0,0,112
2020-11-11,Malawi,5955,185,0,5770,5953,185,0,5768,5953,5934,,2,0,0,2,0,21
2020-11-11,Malaysia,42872,302,0,42570,42050,300,0,41750,41181,35425,32726760,822,2,0,820,869,7447
2020-11-11,Maldives,12059,41,0,12018,12030,41,0,11989,12009,11822,374775,29,0,0,29,21,237
2020-11-11,Mali,3753,138,0,3615,3745,137,0,3608,3712,3609,,8,1,0,7,33,144
2020-11-11,Malta,7537,88,0,7449,7396,81,0,7315,7243,6590,493559,141,7,0,134,153,947
2020-11-11,Marshall Islands,1,0,0,1,1,0,0,1,1,2,,0,0,0,0,0,-1
2020-11-11,Mauritania,7885,165,0,7720,7848,165,0,7683,7833,7744,4077347,37,0,0,37,15,141
2020-11-11,Mauritius,453,10,0,443,453,10,0,443,453,452,1265985,0,0,0,0,0,1
2020-11-11,Mexico,986177,96430,0,889747,978531,95842,0,882689,967825,943630,126577691,7646,588,0,7058,10706,42547
2020-11-11,Moldova,84707,1950,0,82757,83592,1930,0,81662,82677,78507,2681735,1115,20,0,1095,915,6200
2020-11-11,Monaco,524,2,0,522,512,2,0,510,490,412,38300,12,0,0,12,22,112
2020-11-11,Mongolia,406,0,0,406,382,0,0,382,368,353,3308788,24,0,0,24,14,53
2020-11-11,Montenegro,24865,356,0,24509,24154,349,0,23805,23608,20851,622359,711,7,0,704,546,4014
2020-11-11,Morocco,270626,4506,0,266120,265165,4425,0,260740,259951,235310,35846095,5461,81,0,5380,5214,35316
2020-11-11,Mozambique,13991,104,0,13887,13892,99,0,13793,13823,13283,,99,5,0,94,69,708
2020-11-11,Namibia,13292,134,0,13158,13253,134,0,13119,13240,13046,2458936,39,0,0,39,13,246
2020-11-11,Nepal,202329,1174,0,201155,199760,1148,0,198612,197024,182923,29609623,2569,26,0,2543,2736,19406
2020-11-11,Netherlands,431696,8286,0,423410,426227,8211,0,418016,421503,390120,17447181,5469,75,0,5394,4724,41576
2020-11-11,New Zealand,1991,25,0,1966,1988,25,0,1963,1987,1973,4972216,3,0,0,3,1,18
2020-11-11,Nicaragua,5661,158,0,5503,5661,158,0,5503,5591,5514,6460411,0,0,0,0,70,147
2020-11-11,Niger,1263,69,0,1194,1256,69,0,1187,1246,1225,22314743,7,0,0,7,10,38
2020-11-11,Nigeria,64516,1162,0,63354,64336,1160,0,63176,64184,63328,206139587,180,2,0,178,152,1188
2020-11-11,North Macedonia,42540,1212,0,41328,41222,1186,0,40036,40275,35097,2077132,1318,26,0,1292,947,7443
2020-11-11,Norway,26511,285,0,26226,25887,285,0,25602,25325,22578,5367580,624,0,0,624,562,3933
2020-11-11,Oman,119186,1321,0,117865,118884,1316,0,117568,118503,116847,4664790,302,5,0,297,381,2339
2020-11-11,Pakistan,349992,7055,0,342937,348184,7021,0,341163,346476,338875,219027520,1808,34,0,1774,1708,11117
2020-11-11,Panama,142465,2823,0,139642,141302,2817,0,138485,140331,136024,4218808,1163,6,0,1157,971,6441
2020-11-11,Papua New Guinea,599,7,0,592,599,7,0,592,599,597,8935000,0,0,0,0,0,2
2020-11-11,Paraguay,69106,1532,0,67574,68497,1516,0,66981,67948,65258,7152703,609,16,0,593,549,3848
2020-11-11,Peru,925431,34992,0,890439,923527,34943,0,888584,922333,911787,32131400,1904,49,0,1855,1194,13644
2020-11-11,Philippines,401416,7710,0,393706,399749,7661,0,392088,398449,388137,108438081,1667,49,0,1618,1300,13279
2020-11-11,Poland,618813,8805,0,610008,593592,8375,0,585217,568138,439536,38386000,25221,430,0,24791,25454,179277
2020-11-11,Portugal,192172,3103,0,189069,187237,3021,0,184216,183420,156940,10276617,4935,82,0,4853,3817,35232
2020-11-11,Qatar,134887,233,0,134654,134663,233,0,134430,134433,133370,2747282,224,0,0,224,230,1517
2020-11-11,Romania,324094,8389,0,315705,314295,8186,0,306109,306991,267088,19405156,9799,203,0,9596,7304,57006
2020-11-11,Russia,1822345,31326,0,1791019,1802762,30899,0,1771863,1781997,1680579,146745098,19583,427,0,19156,20765,141766
2020-11-11,Rwanda,5312,41,0,5271,5262,40,0,5222,5242,5174,12374397,50,1,0,49,20,138
2020-11-11,Saint Kitts and Nevis,19,0,0,19,19,0,0,19,19,19,,0,0,0,0,0,0
2020-11-11,Saint Lucia,148,2,0,146,148,1,0,147,141,105,178696,0,1,0,-1,7,43
2020-11-11,Saint Vincent and the Grenadines,77,0,0,77,76,0,0,76,76,75,110608,1,0,0,1,0,2
2020-11-11,San Marino,1190,42,0,1148,1114,42,0,1072,1114,994,33574,76,0,0,76,0,196
2020-11-11,Sao Tome and Principe,962,16,0,946,962,16,0,946,962,958,,0,0,0,0,0,4
2020-11-11,Saudi Arabia,351849,5590,0,346259,351455,5576,0,345879,350984,348936,34218169,394,14,0,380,471,2913
2020-11-11,Senegal,15735,326,0,15409,15720,326,0,15394,15711,15650,16209125,15,0,0,15,9,85
2020-11-11,Serbia,70424,936,0,69488,66888,915,0,65973,64065,53495,6963764,3536,21,0,3515,2823,16929
2020-11-11,Seychelles,158,0,0,158,158,0,0,158,158,157,97625,0,0,0,0,0,1
2020-11-11,Sierra Leone,2386,74,0,2312,2386,74,0,2312,2385,2369,,0,0,0,0,1,17
2020-11-11,Singapore,58091,28,0,58063,58073,28,0,58045,58064,58036,5703600,18,0,0,18,9,55
2020-11-11,Slovakia,79181,414,0,78767,77123,390,0,76733,76072,66772,5456362,2058,24,0,2034,1051,12409
2020-11-11,Slovenia,48939,645,0,48294,46717,605,0,46112,45625,39408,2094060,2222,40,0,2182,1092,9531
2020-11-11,Solomon Islands,16,0,0,16,16,0,0,16,16,13,,0,0,0,0,0,3
2020-11-11,Somalia,4301,107,0,4194,4301,107,0,4194,4301,4229,15893219,0,0,0,0,0,72
2020-11-11,South Africa,742394,20011,0,722383,740254,19951,0,720303,738525,730548,58775022,2140,60,0,2080,1729,11846
2020-11-11,South Sudan,2960,59,0,2901,2960,59,0,2901,2960,2943,,0,0,0,0,0,17
2020-11-11,Spain,1417709,40105,0,1377604,1381218,39345,0,1341873,1381218,1284408,47100396,36491,760,0,35731,0,133301
2020-11-11,Sri Lanka,15350,46,0,15304,14715,41,0,14674,14285,12187,21803000,635,5,0,630,430,3163
2020-11-11,Sudan,14346,1116,0,13230,14155,1116,0,13039,14155,13943,42364155,191,0,0,191,0,403
2020-11-11,Suriname,5254,113,0,5141,5245,113,0,5132,5241,5220,581372,9,0,0,9,4,34
2020-11-11,Sweden,166707,6082,0,160625,162240,6057,0,156183,146461,137730,10333456,4467,25,0,4442,15779,28977
2020-11-11,Switzerland,243472,3113,0,240359,235202,3013,0,232189,229222,192376,8586550,8270,100,0,8170,5980,51096
2020-11-11,Syria,6421,329,0,6092,6352,325,0,6027,6284,5964,,69,4,0,65,68,457
2020-11-11,Taiwan*,584,7,0,577,580,7,0,573,578,568,23604265,4,0,0,4,2,16
2020-11-11,Tajikistan,11456,84,0,11372,11417,84,0,11333,11376,11180,,39,0,0,39,41,276
2020-11-11,Tanzania,509,21,0,488,509,21,0,488,509,509,55890747,0,0,0,0,0,0
2020-11-11,Thailand,3852,60,0,3792,3847,60,0,3787,3844,3810,66484342,5,0,0,5,3,42
2020-11-11,Timor-Leste,30,0,0,30,30,0,0,30,30,30,,0,0,0,0,0,0
2020-11-11,Togo,2593,59,0,2534,2558,57,0,2501,2523,2406,7538000,35,2,0,33,35,187
2020-11-11,Trinidad and Tobago,5904,111,0,5793,5880,111,0,5769,5849,5764,1363985,24,0,0,24,31,140
2020-11-11,Tunisia,74522,2100,0,72422,72993,2006,0,70987,71569,64363,11722038,1529,94,0,1435,1424,10159
2020-11-11,Turkey,402053,11145,0,390908,399360,11059,0,388301,396831,384509,83154997,2693,86,0,2607,2529,17544
2020-11-11,US,10399325,241797,0,10157528,10256094,239905,0,10016189,10115804,9507004,329493716,143231,1892,0,141339,140290,892321
2020-11-11,Uganda,14993,139,0,14854,14704,133,0,14571,14574,13351,40299300,289,6,0,283,130,1642
2020-11-11,Ukraine,504423,9214,0,495209,493544,9018,0,484526,483153,433492,41902416,10879,196,0,10683,10391,70931
2020-11-11,United Arab Emirates,145599,520,0,145079,144385,518,0,143867,143289,137310,9890400,1214,2,0,1212,1096,8289
2020-11-11,United Kingdom,1260198,50457,0,1209741,1237198,49861,0,1187337,1216747,1102305,66435600,23000,596,0,22404,20451,157893
2020-11-11,Uruguay,3700,63,0,3637,3620,62,0,3558,3560,3245,3518552,80,1,0,79,60,455
2020-11-11,Uzbekistan,69397,591,0,68806,69027,588,0,68439,69027,67779,34083289,370,3,0,367,0,1618
2020-11-11,Vanuatu,1,0,0,1,1,0,0,1,,,,0,0,0,0,,
2020-11-11,Venezuela,95750,838,0,94912,95445,834,0,94611,95149,93480,32219521,305,4,0,301,296,2270
2020-11-11,Vietnam,1252,35,0,1217,1226,35,0,1191,1215,1203,96208984,26,0,0,26,11,49
2020-11-11,West Bank and Gaza,60065,538,0,59527,59422,533,0,58889,58838,56090,,643,5,0,638,584,3975
2020-11-11,Western Sahara,10,1,0,9,10,1,0,9,10,10,,0,0,0,0,0,0
2020-11-11,Yemen,2071,605,0,1466,2071,605,0,1466,2071,2063,,0,0,0,0,0,8
2020-11-11,Zambia,17036,350,0,16686,16997,350,0,16647,16971,16698,17381168,39,0,0,39,26,338
2020-11-11,Zimbabwe,8667,255,0,8412,8610,255,0,8355,8561,8427,15159624,57,0,0,57,49,240
