Date,Country/Region,Confirmed,Deaths,Recovered,Active Cases,Previous Confirmed,Previous Deaths,Previous Recovered,Previous Active,Prev2 Confirmed,Previous Week Confirmed,Population,Daily Confirmed,Daily Deaths,Daily Recovered,Daily Active,Previous Daily Confirmed,Weekly Confirmed
2020-12-11,Afghanistan,48116,1945,0,46171,48053,1935,0,46118,47851,46837,32225560,63,10,0,53,202,1279
2020-12-11,Albania,46863,977,0,45886,46061,965,0,45096,45188,41302,2862427,802,12,0,790,873,5561
2020-12-11,Algeria,91121,2575,0,88546,90579,2564,0,88015,90014,86730,43000000,542,11,0,531,565,4391
2020-12-11,Andorra,7236,78,0,7158,7190,78,0,7112,7162,6955,77543,46,0,0,46,28,281
2020-12-11,Angola,16061,365,0,15696,15925,362,0,15563,15804,15493,31127674,136,3,0,133,121,568
2020-12-11,Antigua and Barbuda,147,4,0,143,146,4,0,142,146,144,96453,1,0,0,1,0,3
2020-12-11,Argentina,1489328,40606,0,1448722,1482216,40431,0,1441785,1475222,1454631,44938712,7112,175,0,6937,6994,34697
2020-12-11,Armenia,146317,2445,0,143872,145240,2416,0,142824,144066,139692,2957500,1077,29,0,1048,1174,6625
2020-12-11,Australia,28025,908,0,27117,28011,908,0,27103,28000,27956,25654023,14,0,0,14,11,69
2020-12-11,Austria,316581,4289,0,312292,313688,4163,0,309525,311002,297245,8902600,2893,126,0,2767,2686,19336
2020-12-11,Azerbaijan,167155,1840,0,165315,162774,1793,0,160981,158555,138000,10067108,4381,47,0,4334,4219,29155
2020-12-11,Bahamas,7623,163,0,7460,7585,163,0,7422,7585,7565,,38,0,0,38,0,58
2020-12-11,Bahrain,88820,347,0,88473,88632,347,0,88285,88495,87600,1543300,188,0,0,188,137,1220
2020-12-11,Bangladesh,487849,6986,0,480863,485965,6967,0,478998,484104,473991,168310034,1884,19,0,1865,1861,13858
2020-12-11,Barbados,292,7,0,285,291,7,0,284,290,284,287025,1,0,0,1,1,8
2020-12-11,Belarus,156359,1246,0,155113,154392,1238,0,153154,152453,143383,9413446,1967,8,0,1959,1939,12976
2020-12-11,Belgium,600397,17692,0,582705,600397,17692,0,582705,597643,587439,11524454,0,0,0,0,2754,12958
2020-12-11,Belize,8965,185,0,8780,8805,183,0,8622,8519,7383,,160,2,0,158,286,1582
2020-12-11,Benin,3090,44,0,3046,3090,44,0,3046,3090,3055,11733059,0,0,0,0,0,35
2020-12-11,Bhutan,436,0,0,436,434,0,0,434,433,424,741672,2,0,0,2,1,12
2020-12-11,Bolivia,146697,9013,0,137684,146385,9008,0,137377,146060,145325,11469896,312,5,0,307,325,1372
2020-12-11,Bosnia and Herzegovina,99543,3250,0,96293,98603,3199,0,95404,97317,92793,3301000,940,51,0,889,1286,6750
2020-12-11,Botswana,12501,37,0,12464,12501,37,0,12464,12058,11531,,0,0,0,0,443,970
2020-12-11,Brazil,6836227,180437,0,6655790,6781799,179765,0,6602034,6728452,6533968,211288170,54428,672,0,53756,53347,302259
2020-12-11,Brunei,152,3,0,149,152,3,0,149,152,151,442400,0,0,0,0,0,1
2020-12-11,Bulgaria,177665,5562,0,172103,174568,5405,0,169163,171493,158807,7000039,3097,157,0,2940,3075,18858
2020-12-11,Burkina Faso,3579,69,0,3510,3579,69,0,3510,3469,3091,20870060,0,0,0,0,110,488
2020-12-11,Burma,105863,2220,0,103643,104487,2201,0,102286,103166,96520,,1376,19,0,1357,1321,9343
2020-12-11,Burundi,723,1,0,722,720,1,0,719,720,692,,3,0,0,3,0,31
2020-12-11,Cabo Verde,11262,110,0,11152,11203,109,0,11094,11192,10996,,59,1,0,58,11,266
2020-12-11,Cambodia,357,0,0,357,357,0,0,357,356,345,15288489,0,0,0,0,1,12
2020-12-11,Cameroon,25087,443,0,24644,24963,443,0,24520,24963,24752,26545864,124,0,0,124,0,335
2020-12-11,Canada,452543,13267,0,439276,445828,13130,0,432698,439142,406189,37966227,6715,137,0,6578,6686,46354
2020-12-11,Central African Republic,4936,63,0,4873,4927,63,0,4864,4927,4918,5496011,9,0,0,9,0,18
2020-12-11,Chad,1745,102,0,1643,1739,102,0,1637,1732,1719,15692969,6,0,0,6,7,26
2020-12-11,Chile,567974,15782,0,552192,566440,15774,0,550666,564778,557135,19107216,1534,8,0,1526,1662,10839
2020-12-11,China,94124,4748,0,89376,94025,4748,0,89277,93898,93348,1401870440,99,0,0,99,127,776
2020-12-11,Colombia,1408909,38669,0,1370240,1399911,38484,0,1361427,1392133,1352607,49395678,8998,185,0,8813,7778,56302
2020-12-11,Comoros,617,7,0,610,617,7,0,610,617,615,,0,0,0,0,0,2
2020-12-11,Congo (Brazzaville),6049,99,0,5950,6049,99,0,5950,6049,5774,5518092,0,0,0,0,0,275
2020-12-11,Congo (Kinshasa),14169,350,0,13819,13997,350,0,13647,13843,13281,89561404,172,0,0,172,154,888
2020-12-11,Costa Rica,150947,1895,0,149052,149815,1882,0,147933,148688,143685,5058007,1132,13,0,1119,1127,7262
2020-12-11,Cote d'Ivoire,21618,133,0,21485,21590,133,0,21457,21547,21412,25823071,28,0,0,28,43,206
2020-12-11,Croatia,168388,2484,0,165904,163992,2420,0,161572,159372,143370,4076246,4396,64,0,4332,4620,25018
2020-12-11,Cuba,9267,136,0,9131,9181,136,0,9045,9106,8610,11209628,86,0,0,86,75,657
2020-12-11,Cyprus,13649,70,0,13579,13649,70,0,13579,13286,11812,875900,0,0,0,0,363,1837
2020-12-11,Czechia,569205,9341,0,559864,563333,9226,0,554107,556927,542406,10693939,5872,115,0,5757,6406,26799
2020-12-11,Denmark,104103,927,0,103176,101027,918,0,100109,97895,87266,5822763,3076,9,0,3067,3132,16837
2020-12-11,Diamond Princess,712,13,0,699,712,13,0,699,712,712,,0,0,0,0,0,0
2020-12-11,Djibouti,5721,61,0,5660,5717,61,0,5656,5717,5690,1078373,4,0,0,4,0,31
2020-12-11,Dominica,87,0,0,87,85,0,0,85,85,85,,2,0,0,2,0,2
2020-12-11,Dominican Republic,152452,2359,0,150093,151721,2358,0,149363,150161,146680,10358320,731,1,0,730,1560,5772
2020-12-11,Ecuador,200765,13858,0,186907,200379,13850,0,186529,199228,196482,17449288,386,8,0,378,1151,4283
2020-12-11,Egypt,120611,6877,0,113734,120147,6854,0,113293,119702,117583,100153850,464,23,0,441,445,3028
2020-12-11,El Salvador,40741,1186,0,39555,40741,1180,0,39561,40741,39718,6486201,0,6,0,-6,0,1023
2020-12-11,Equatorial Guinea,5183,85,0,5098,5183,85,0,5098,5183,5159,1358276,0,0,0,0,0,24
2020-12-11,Eritrea,656,0,0,656,656,0,0,656,649,632,3497117,0,0,0,0,7,24
2020-12-11,Estonia,16956,142,0,16814,16598,141,0,16457,16054,13939,1328360,358,1,0,357,544,3017
2020-12-11,Eswatini,6685,126,0,6559,6633,126,0,6507,6612,6480,1093238,52,0,0,52,21,205
2020-12-11,Ethiopia,115782,1791,0,113991,115360,1779,0,113581,114834,112091,98665000,422,12,0,410,526,3691
2020-12-11,Fiji,44,2,0,42,44,2,0,42,44,44,884887,0,0,0,0,0,0
2020-12-11,Finland,30073,453,0,29620,29572,442,0,29130,28732,26758,5527573,501,11,0,490,840,3315
2020-12-11,France,2405210,57671,0,2347539,2391643,57044,0,2334599,2377913,2321703,67069000,13567,627,0,12940,13730,83507
2020-12-11,Gabon,9330,63,0,9267,9300,62,0,9238,9300,9254,2172579,30,1,0,29,0,76
2020-12-11,Gambia,3779,123,0,3656,3777,123,0,3654,3776,3768,,2,0,0,2,1,11
2020-12-11,Georgia,183099,1694,0,181405,178953,1657,0,177296,174383,152704,3723464,4146,37,0,4109,4570,30395
2020-12-11,Germany,1314309,21567,0,1292742,1287092,21064,0,1266028,1254358,1157514,83149300,27217,503,0,26714,32734,156795
2020-12-11,Ghana,52738,326,0,52412,52738,326,0,52412,52622,52096,30280811,0,0,0,0,116,642
2020-12-11,Greece,122648,3472,0,119176,121253,3370,0,117883,119720,113185,10724599,1395,102,0,1293,1533,9463
2020-12-11,Grenada,43,0,0,43,43,0,0,43,43,41,,0,0,0,0,0,2
2020-12-11,Guatemala,128541,4376,0,124165,127786,4345,0,123441,127127,124805,16604026,755,31,0,724,659,3736
2020-12-11,Guinea,13398,79,0,13319,13368,79,0,13289,13325,13186,12218357,30,0,0,30,43,212
2020-12-11,Guinea-Bissau,2444,44,0,2400,2444,44,0,2400,2444,2441,,0,0,0,0,0,3
2020-12-11,Guyana,5839,154,0,5685,5811,154,0,5657,5732,5601,782766,28,0,0,28,79,238
2020-12-11,Haiti,9465,233,0,9232,9434,233,0,9201,9434,9347,11577779,31,0,0,31,0,118
2020-12-11,Holy See,27,0,0,27,27,0,0,27,27,27,,0,0,0,0,0,0
2020-12-11,Honduras,113708,2971,0,110737,113207,2968,0,110239,112792,109760,9158345,501,3,0,498,415,3948
2020-12-11,Hungary,271200,6622,0,264578,265003,6451,0,258552,259588,238056,9772756,6197,171,0,6026,5415,33144
2020-12-11,Iceland,5539,28,0,5511,5524,28,0,5496,5516,5462,364260,15,0,0,15,8,77
2020-12-11,India,9826775,142628,0,9684147,9796744,142185,0,9654559,9767371,9608211,1360094159,30031,443,0,29588,29373,218564
2020-12-11,Indonesia,605243,18511,0,586732,598933,18336,0,580597,592900,563680,266911900,6310,175,0,6135,6033,41563
2020-12-11,Iran,1092407,51727,0,1040680,1083023,51496,0,1031527,1072620,1016835,83301053,9384,231,0,9153,10403,75572
2020-12-11,Iraq,572600,12549,0,560051,571253,12526,0,558727,569873,560622,39127900,1347,23,0,1324,1380,11978
2020-12-11,Ireland,75507,2120,0,73387,75203,2117,0,73086,74900,73491,4921500,304,3,0,301,303,2016
2020-12-11,Israel,353269,2969,0,350300,352397,2961,0,349436,350271,342101,9175050,872,8,0,864,2126,11168
2020-12-11,Italy,1805873,63387,0,1742486,1787147,62626,0,1724521,1770149,1688939,60243406,18726,761,0,17965,16998,116934
2020-12-11,Jamaica,11509,270,0,11239,11443,270,0,11173,11369,10987,2726667,66,0,0,66,74,522
2020-12-11,Japan,175310,2446,0,172864,172406,2395,0,170011,169429,158387,126010000,2904,51,0,2853,2977,16923
2020-12-11,Jordan,255459,3286,0,252173,253121,3250,0,249871,250219,234353,10641432,2338,36,0,2302,2902,21106
2020-12-11,Kazakhstan,184557,2551,0,182006,183630,2550,0,181080,182657,178378,18667696,927,1,0,926,973,6179
2020-12-11,Kenya,90978,1582,0,89396,90305,1568,0,88737,89661,87249,47564296,673,14,0,659,644,3729
2020-12-11,"Korea, South",41736,578,0,41158,40786,572,0,40214,40098,36915,51780579,950,6,0,944,688,4821
2020-12-11,Kosovo,45594,1174,0,44420,45004,1161,0,43843,44442,40117,1795666,590,13,0,577,562,5477
2020-12-11,Kuwait,145789,910,0,144879,145495,910,0,144585,145204,143917,4420110,294,0,0,294,291,1872
2020-12-11,Kyrgyzstan,77059,1307,0,75752,76391,1306,0,75085,76012,74373,6523500,668,1,0,667,379,2686
2020-12-11,Laos,41,0,0,41,41,0,0,41,41,39,,0,0,0,0,0,2
2020-12-11,Latvia,24386,319,0,24067,23706,304,0,23402,22816,19993,1906800,680,15,0,665,890,4393
2020-12-11,Lebanon,143705,1182,0,142523,142187,1170,0,141017,140409,134295,6825442,1518,12,0,1506,1778,9410
2020-12-11,Lesotho,2214,44,0,2170,2178,44,0,2134,2164,2150,,36,0,0,36,14,64
2020-12-11,Liberia,1676,83,0,1593,1676,83,0,1593,1676,1676,4475353,0,0,0,0,0,0
2020-12-11,Libya,89880,1278,0,88602,89183,1273,0,87910,88522,85529,,697,5,0,692,661,4351
2020-12-11,Liechtenstein,1466,20,0,1446,1441,19,0,1422,1432,1351,38749,25,1,0,24,9,115
2020-12-11,Lithuania,86949,764,0,86185,83883,735,0,83148,80556,69582,2793471,3066,29,0,3037,3327,17367
2020-12-11,Luxembourg,40755,392,0,40363,40037,384,0,39653,38476,37017,613894,718,8,0,710,1561,3738
2020-12-11,MS Zaandam,9,2,0,7,9,2,0,7,9,9,,0,0,0,0,0,0
2020-12-11,Madagascar,17473,255,0,17218,17473,255,0,17218,17473,17341,25680342,0,0,0,0,0,132
2020-12-11,Malawi,6055,186,0,5869,6051,186,0,5865,6051,6047,,4,0,0,4,0,8
2020-12-11,Malaysia,80309,402,0,79907,78499,396,0,78103,76265,70236,32726760,1810,6,0,1804,2234,10073
2020-12-11,Maldives,13326,48,0,13278,13308,47,0,13261,13274,13143,374775,18,1,0,17,34,183
2020-12-11,Mali,5649,185,0,5464,5576,184,0,5392,5469,4938,,73,1,0,72,107,711
2020-12-11,Malta,10980,166,0,10814,10884,164,0,10720,10778,10320,493559,96,2,0,94,106,660
2020-12-11,Marshall Islands,4,0,0,4,4,0,0,4,4,4,,0,0,0,0,0,0
2020-12-11,Mauritania,10501,210,0,10291,10268,210,0,10058,10105,9181,4077347,233,0,0,233,163,1320
2020-12-11,Mauritius,515,10,0,505,515,10,0,505,515,508,1265985,0,0,0,0,0,7
2020-12-11,Mexico,1229379,113019,0,1116360,1217126,112326,0,1104800,1205229,1156770,126577691,12253,693,0,11560,11897,72609
2020-12-11,Moldova,124264,2521,0,121743,122685,2500,0,120185,120970,113829,2681735,1579,21,0,1558,1715,10435
2020-12-11,Monaco,659,3,0,656,657,3,0,654,655,630,38300,2,0,0,2,2,29
2020-12-11,Mongolia,906,0,0,906,905,0,0,905,898,842,3308788,1,0,0,1,7,64
2020-12-11,Montenegro,40546,569,0,39977,40165,566,0,39599,39607,37467,622359,381,3,0,378,558,3079
2020-12-11,Morocco,394564,6542,0,388022,391529,6492,0,385037,388184,372620,35846095,3035,50,0,2985,3345,21944
2020-12-11,Mozambique,16680,139,0,16541,16521,139,0,16382,16440,16038,,159,0,0,159,81,642
2020-12-11,Namibia,16097,160,0,15937,15773,158,0,15615,15472,14804,2458936,324,2,0,322,301,1293
2020-12-11,Nepal,246694,1674,0,245020,245650,1663,0,243987,244433,238861,29609623,1044,11,0,1033,1217,7833
2020-12-11,Netherlands,604452,10051,0,594401,595473,9985,0,585488,586643,553040,17447181,8979,66,0,8913,8830,51412
2020-12-11,New Zealand,2092,25,0,2067,2092,25,0,2067,2088,2078,4972216,0,0,0,0,4,14
2020-12-11,Nicaragua,5887,162,0,5725,5887,162,0,5725,5887,5838,6460411,0,0,0,0,0,49
2020-12-11,Niger,2160,80,0,2080,2126,80,0,2046,2078,1726,22314743,34,0,0,34,48,434
2020-12-11,Nigeria,72140,1190,0,70950,71344,1190,0,70154,70669,68627,206139587,796,0,0,796,675,3513
2020-12-11,North Macedonia,72044,2077,0,69967,70883,2051,0,68832,69954,66330,2077132,1161,26,0,1135,929,5714
2020-12-11,Norway,40439,387,0,40052,40023,382,0,39641,39525,37801,5367580,416,5,0,411,498,2638
2020-12-11,Oman,125669,1463,0,124206,125669,1463,0,124206,125490,124329,4664790,0,0,0,0,179,1340
2020-12-11,Pakistan,435056,8724,0,426332,432327,8653,0,423674,429280,413191,219027520,2729,71,0,2658,3047,21865
2020-12-11,Panama,187779,3309,0,184470,185424,3287,0,182137,182977,173607,4218808,2355,22,0,2333,2447,14172
2020-12-11,Papua New Guinea,720,8,0,712,684,7,0,677,684,671,8935000,36,1,0,35,0,49
2020-12-11,Paraguay,92113,1927,0,90186,90958,1914,0,89044,90146,86499,7152703,1155,13,0,1142,812,5614
2020-12-11,Peru,979111,36499,0,942612,979111,36499,0,942612,976621,967075,32131400,0,0,0,0,2490,12036
2020-12-11,Philippines,447039,8709,0,438330,445540,8701,0,436839,444164,436345,108438081,1499,8,0,1491,1376,10694
2020-12-11,Poland,1115201,22174,0,1093027,1102096,21630,0,1080466,1088346,1041846,38386000,13105,544,0,12561,13750,73355
2020-12-11,Portugal,340287,5373,0,334914,335207,5278,0,329929,332073,312553,10276617,5080,95,0,4985,3134,27734
2020-12-11,Qatar,140680,240,0,140440,140516,240,0,140276,140353,139643,2747282,164,0,0,164,163,1037
2020-12-11,Romania,545567,13116,0,532451,539107,12948,0,526159,532040,500273,19405156,6460,168,0,6292,7067,45294
2020-12-11,Russia,2574319,45370,0,2528949,2546113,44769,0,2501344,2518551,2382012,146745098,28206,601,0,27605,27562,192307
2020-12-11,Rwanda,6428,54,0,6374,6349,53,0,6296,6278,6043,12374397,79,1,0,78,71,385
2020-12-11,Saint Kitts and Nevis,27,0,0,27,26,0,0,26,25,22,,1,0,0,1,1,5
2020-12-11,Saint Lucia,274,4,0,270,270,2,0,268,270,262,178696,4,2,0,2,0,12
2020-12-11,Saint Vincent and the Grenadines,94,0,0,94,91,0,0,91,90,87,110608,3,0,0,3,1,7
2020-12-11,Samoa,2,0,0,2,2,0,0,2,2,2,,0,0,0,0,0,0
2020-12-11,San Marino,1908,50,0,1858,1868,49,0,1819,1834,1756,33574,40,1,0,39,34,152
2020-12-11,Sao Tome and Principe,1009,17,0,992,1009,17,0,992,1005,999,,0,0,0,0,4,10
2020-12-11,Saudi Arabia,359583,6023,0,353560,359415,6012,0,353403,359274,358336,34218169,168,11,0,157,141,1247
2020-12-11,Senegal,16893,345,0,16548,16766,343,0,16423,16665,16297,16209125,127,2,0,125,101,596
2020-12-11,Serbia,255758,2227,0,253531,249224,2172,0,247052,241831,206940,6963764,6534,55,0,6479,7393,48818
2020-12-11,Seychelles,187,0,0,187,184,0,0,184,184,184,97625,3,0,0,3,0,3
2020-12-11,Sierra Leone,2438,75,0,2363,2435,74,0,2361,2434,2420,,3,1,0,2,1,18
2020-12-11,Singapore,58305,29,0,58276,58297,29,0,58268,58291,58242,5703600,8,0,0,8,6,63
2020-12-11,Slovakia,127087,1122,0,125965,124921,1104,0,123817,121796,113392,5456362,2166,18,0,2148,3125,13695
2020-12-11,Slovenia,93737,1998,0,91739,91922,1949,0,89973,90075,83133,2094060,1815,49,0,1766,1847,10604
2020-12-11,Solomon Islands,17,0,0,17,17,0,0,17,17,17,,0,0,0,0,0,0
2020-12-11,Somalia,4579,121,0,4458,4579,121,0,4458,4579,4525,15893219,0,0,0,0,0,54
2020-12-11,South Africa,845083,22952,0,822131,836764,22747,0,814017,828598,805804,58775022,8319,205,0,8114,8166,39279
2020-12-11,South Sudan,3181,62,0,3119,3181,62,0,3119,3181,3154,,0,0,0,0,0,27
2020-12-11,Spain,1730575,47624,0,1682951,1720056,47344,0,1672712,1712101,1684647,47100396,10519,280,0,10239,7955,45928
2020-12-11,Sri Lanka,31375,147,0,31228,30613,146,0,30467,30072,26559,21803000,762,1,0,761,541,4816
2020-12-11,Sudan,20844,1340,0,19504,20468,1319,0,19149,20084,18535,42364155,376,21,0,355,384,2309
2020-12-11,Suriname,5339,117,0,5222,5337,117,0,5220,5333,5322,581372,2,0,0,2,4,17
2020-12-11,Sweden,320098,7514,0,312584,312728,7354,0,305374,304793,278912,10333456,7370,160,0,7210,7935,41186
2020-12-11,Switzerland,373831,5928,0,367903,368695,5824,0,362871,363654,344497,8586550,5136,104,0,5032,5041,29334
2020-12-11,Syria,8911,491,0,8420,8787,476,0,8311,8675,8233,,124,15,0,109,112,678
2020-12-11,Taiwan*,725,7,0,718,724,7,0,717,720,690,23604265,1,0,0,1,4,35
2020-12-11,Tajikistan,12588,88,0,12500,12588,88,0,12500,12551,12349,,0,0,0,0,37,239
2020-12-11,Tanzania,509,21,0,488,509,21,0,488,509,509,55890747,0,0,0,0,0,0
2020-12-11,Thailand,4192,60,0,4132,4180,60,0,4120,4169,4072,66484342,12,0,0,12,11,120
2020-12-11,Timor-Leste,31,0,0,31,31,0,0,31,31,31,,0,0,0,0,0,0
2020-12-11,Togo,3202,66,0,3136,3182,66,0,3116,3151,3051,7538000,20,0,0,20,31,151
2020-12-11,Trinidad and Tobago,6852,122,0,6730,6833,122,0,6711,6808,6735,1363985,19,0,0,19,25,117
2020-12-11,Tunisia,109104,3801,0,105303,107814,3758,0,104056,106856,101900,11722038,1290,43,0,1247,958,7204
2020-12-11,Turkey,1780673,15977,0,1764696,955766,15751,0,940015,925342,765997,83154997,824907,226,0,824681,30424,1014676
2020-12-11,US,15842789,295450,0,15547339,15611014,292141,0,15318873,15386562,14367437,329493716,231775,3309,0,228466,224452,1475352
2020-12-11,Uganda,26369,220,0,26149,25730,220,0,25510,25059,21898,40299300,639,0,0,639,671,4471
2020-12-11,Ukraine,895620,15278,0,880342,881727,14981,0,866746,867991,808828,41902416,13893,297,0,13596,13736,86792
2020-12-11,United Arab Emirates,182601,607,0,181994,181405,602,0,180803,180150,174062,9890400,1196,5,0,1191,1255,8539
2020-12-11,United Kingdom,1814395,63603,0,1750792,1792611,63179,0,1729432,1771545,1694800,66435600,21784,424,0,21360,21066,119595
2020-12-11,Uruguay,8849,90,0,8759,8487,90,0,8397,8104,6731,3518552,362,0,0,362,383,2118
2020-12-11,Uzbekistan,74811,612,0,74199,74498,611,0,73887,74352,73751,34083289,313,1,0,312,146,1060
2020-12-11,Vanuatu,1,0,0,1,1,0,0,1,1,1,,0,0,0,0,0,0
2020-12-11,Venezuela,106715,944,0,105771,106280,938,0,105342,105852,103877,32219521,435,6,0,429,428,2838
2020-12-11,Vietnam,1391,35,0,1356,1385,35,0,1350,1381,1361,96208984,6,0,0,6,4,30
2020-12-11,West Bank and Gaza,106622,931,0,105691,104879,910,0,103969,102992,94676,,1743,21,0,1722,1887,11946
2020-12-11,Yemen,2082,606,0,1476,2081,606,0,1475,2079,2267,,1,0,0,1,2,-185
2020-12-11,Zambia,18161,365,0,17796,18091,364,0,17727,18062,17857,17381168,70,1,0,69,29,304
2020-12-11,Zimbabwe,11162,306,0,10856,11081,305,0,10776,11007,10547,15159624,81,1,0,80,74,615
