Date,Country/Region,Confirmed,Deaths,Recovered,Active Cases,Previous Confirmed,Previous Deaths,Previous Recovered,Previous Active,Prev2 Confirmed,Previous Week Confirmed,Population,Daily Confirmed,Daily Deaths,Daily Recovered,Daily Active,Previous Daily Confirmed,Weekly Confirmed
2020-09-16,Afghanistan,38855,1436,0,37419,38815,1426,0,37389,38772,38544,32225560,40,10,0,30,43,311
2020-09-16,Albania,11816,343,0,11473,11672,340,0,11332,11520,10704,2862427,144,3,0,141,152,1112
2020-09-16,Algeria,48966,1645,0,47321,48734,1632,0,47102,48496,47216,43000000,232,13,0,219,238,1750
2020-09-16,Andorra,1483,53,0,1430,1438,53,0,1385,1438,1301,77543,45,0,0,45,0,182
2020-09-16,Angola,3675,143,0,3532,3569,139,0,3430,3439,3092,31127674,106,4,0,102,130,583
2020-09-16,Antigua and Barbuda,95,3,0,92,95,3,0,92,95,95,96453,0,0,0,0,0,0
2020-09-16,Argentina,589012,12116,0,576896,577338,11852,0,565486,565446,512293,44938712,11674,264,0,11410,11892,76719
2020-09-16,Armenia,46376,923,0,45453,46119,920,0,45199,45969,45152,2957500,257,3,0,254,150,1224
2020-09-16,Australia,26813,832,0,25981,26778,824,0,25954,26739,26524,25654023,35,8,0,27,39,289
2020-09-16,Austria,35073,758,0,34315,34305,757,0,33548,33541,30583,8902600,768,1,0,767,764,4490
2020-09-16,Azerbaijan,38658,569,0,38089,38517,566,0,37951,38403,37732,10067108,141,3,0,138,114,926
2020-09-16,Bahamas,3087,69,0,3018,3032,69,0,2963,3008,2721,,55,0,0,55,24,366
2020-09-16,Bahrain,62484,216,0,62268,61643,213,0,61430,60965,57450,1543300,841,3,0,838,678,5034
2020-09-16,Bangladesh,342671,4823,0,337848,341056,4802,0,336254,339332,331078,168310034,1615,21,0,1594,1724,11593
2020-09-16,Barbados,185,7,0,178,184,7,0,177,183,180,287025,1,0,0,1,1,5
2020-09-16,Belarus,74763,767,0,73996,74552,761,0,73791,74360,73402,9413446,211,6,0,205,192,1361
2020-09-16,Belgium,95948,9935,0,86013,94795,9930,0,84865,94306,89691,11524454,1153,5,0,1148,489,6257
2020-09-16,Belize,1536,19,0,1517,1528,19,0,1509,1501,1365,,8,0,0,8,27,171
2020-09-16,Benin,2280,40,0,2240,2267,40,0,2227,2267,2242,11733059,13,0,0,13,0,38
2020-09-16,Bhutan,246,0,0,246,246,0,0,246,245,234,741672,0,0,0,0,1,12
2020-09-16,Bolivia,128872,7478,0,121394,128286,7447,0,120839,127619,123345,11469896,586,31,0,555,667,5527
2020-09-16,Bosnia and Herzegovina,24211,736,0,23475,23929,725,0,23204,23635,22258,3301000,282,11,0,271,294,1953
2020-09-16,Botswana,2463,11,0,2452,2463,11,0,2452,2463,2126,,0,0,0,0,0,337
2020-09-16,Brazil,4419083,134106,0,4284977,4382263,133119,0,4249144,4345610,4197889,211288170,36820,987,0,35833,36653,221194
2020-09-16,Brunei,145,3,0,142,145,3,0,142,145,145,442400,0,0,0,0,0,0
2020-09-16,Bulgaria,18390,739,0,17651,18216,736,0,17480,18061,17435,7000039,174,3,0,171,155,955
2020-09-16,Burkina Faso,1748,56,0,1692,1733,56,0,1677,1717,1476,20870060,15,0,0,15,16,272
2020-09-16,Burma,3894,46,0,3848,3636,39,0,3597,3195,2009,,258,7,0,251,441,1885
2020-09-16,Burundi,472,1,0,471,472,1,0,471,472,466,,0,0,0,0,0,6
2020-09-16,Cabo Verde,4978,47,0,4931,4904,46,0,4858,4839,4473,,74,1,0,73,65,505
2020-09-16,Cambodia,275,0,0,275,275,0,0,275,275,274,15288489,0,0,0,0,0,1
2020-09-16,Cameroon,20303,415,0,19888,20271,415,0,19856,20228,19848,26545864,32,0,0,32,43,455
2020-09-16,Canada,141852,9244,0,132608,140900,9239,0,131661,140098,136135,37966227,952,5,0,947,802,5717
2020-09-16,Central African Republic,4782,62,0,4720,4772,62,0,4710,4772,4736,5496011,10,0,0,10,0,46
2020-09-16,Chad,1090,81,0,1009,1087,81,0,1006,1085,1048,15692969,3,0,0,3,2,42
2020-09-16,Chile,439287,12058,0,427229,437983,12040,0,425943,436433,427027,19107216,1304,18,0,1286,1550,12260
2020-09-16,China,90253,4736,0,85517,90235,4736,0,85499,90219,90100,1401870440,18,0,0,18,16,153
2020-09-16,Colombia,736377,23478,0,712899,728590,23288,0,705302,721892,686851,49395678,7787,190,0,7597,6698,49526
2020-09-16,Comoros,467,7,0,460,467,7,0,460,457,456,,0,0,0,0,10,11
2020-09-16,Congo (Brazzaville),4934,88,0,4846,4934,88,0,4846,4934,4891,5518092,0,0,0,0,0,43
2020-09-16,Congo (Kinshasa),10414,267,0,10147,10401,267,0,10134,10390,10324,89561404,13,0,0,13,11,90
2020-09-16,Costa Rica,59516,649,0,58867,58137,633,0,57504,57361,51224,5058007,1379,16,0,1363,776,8292
2020-09-16,Cote d'Ivoire,19132,120,0,19012,19100,120,0,18980,19066,18815,25823071,32,0,0,32,34,317
2020-09-16,Croatia,14029,236,0,13793,13749,230,0,13519,13598,12626,4076246,280,6,0,274,151,1403
2020-09-16,Cuba,4876,109,0,4767,4803,108,0,4695,4726,4459,11209628,73,1,0,72,77,417
2020-09-16,Cyprus,1548,22,0,1526,1540,22,0,1518,1534,1514,875900,8,0,0,8,6,34
2020-09-16,Czechia,41032,482,0,40550,38896,476,0,38420,37222,31036,10693939,2136,6,0,2130,1674,9996
2020-09-16,Denmark,21013,633,0,20380,21013,633,0,20380,20674,19036,5822763,0,0,0,0,339,1977
2020-09-16,Diamond Princess,712,13,0,699,712,13,0,699,712,712,,0,0,0,0,0,0
2020-09-16,Djibouti,5399,61,0,5338,5396,61,0,5335,5396,5391,1078373,3,0,0,3,0,8
2020-09-16,Dominica,24,0,0,24,24,0,0,24,24,22,,0,0,0,0,0,2
2020-09-16,Dominican Republic,105521,2009,0,103512,104803,1998,0,102805,104110,100937,10358320,718,11,0,707,693,4584
2020-09-16,Ecuador,121525,10996,0,110529,119553,10963,0,108590,118911,112166,17449288,1972,33,0,1939,642,9359
2020-09-16,Egypt,101500,5696,0,95804,101340,5679,0,95661,101177,100403,100153850,160,17,0,143,163,1097
2020-09-16,El Salvador,27163,796,0,26367,27088,792,0,26296,27009,26602,6486201,75,4,0,71,79,561
2020-09-16,Equatorial Guinea,5000,83,0,4917,5000,83,0,4917,5000,4990,1358276,0,0,0,0,0,10
2020-09-16,Eritrea,364,0,0,364,364,0,0,364,361,341,3497117,0,0,0,0,3,23
2020-09-16,Estonia,2756,64,0,2692,2722,64,0,2658,2698,2585,1328360,34,0,0,34,24,171
2020-09-16,Eswatini,5155,101,0,5054,5128,101,0,5027,5104,4936,1093238,27,0,0,27,24,219
2020-09-16,Ethiopia,66224,1045,0,65179,65486,1035,0,64451,64786,61700,98665000,738,10,0,728,700,4524
2020-09-16,Fiji,32,2,0,30,32,2,0,30,32,32,884887,0,0,0,0,0,0
2020-09-16,Finland,8750,339,0,8411,8725,339,0,8386,8627,8430,5527573,25,0,0,25,98,320
2020-09-16,France,443869,31056,0,412813,433905,31007,0,402898,425870,383292,67069000,9964,49,0,9915,8035,60577
2020-09-16,Gabon,8678,53,0,8625,8654,53,0,8601,8654,8621,2172579,24,0,0,24,0,57
2020-09-16,Gambia,3440,107,0,3333,3428,105,0,3323,3405,3293,,12,2,0,10,23,147
2020-09-16,Georgia,2758,19,0,2739,2562,19,0,2543,2392,1773,3723464,196,0,0,196,170,985
2020-09-16,Germany,266869,9373,0,257496,265014,9367,0,255647,263222,256433,83149300,1855,6,0,1849,1792,10436
2020-09-16,Ghana,45655,294,0,45361,45655,294,0,45361,45601,45313,30280811,0,0,0,0,54,342
2020-09-16,Greece,14041,316,0,13725,13730,313,0,13417,13420,12080,10724599,311,3,0,308,310,1961
2020-09-16,Grenada,24,0,0,24,24,0,0,24,24,24,,0,0,0,0,0,0
2020-09-16,Guatemala,82924,3009,0,79915,82684,2984,0,79700,82172,79622,16604026,240,25,0,215,512,3302
2020-09-16,Guinea,10154,63,0,10091,10111,63,0,10048,10061,9885,12218357,43,0,0,43,50,269
2020-09-16,Guinea-Bissau,2275,39,0,2236,2275,39,0,2236,2275,2245,,0,0,0,0,0,30
2020-09-16,Guyana,1958,58,0,1900,1958,58,0,1900,1884,1703,782766,0,0,0,0,74,255
2020-09-16,Haiti,8541,220,0,8321,8530,220,0,8310,8499,8384,11577779,11,0,0,11,31,157
2020-09-16,Holy See,12,0,0,12,12,0,0,12,12,12,,0,0,0,0,0,0
2020-09-16,Honduras,69660,2102,0,67558,68620,2087,0,66533,68620,65597,9158345,1040,15,0,1025,0,4063
2020-09-16,Hungary,14460,654,0,13806,13879,646,0,13233,13153,9715,9772756,581,8,0,573,726,4745
2020-09-16,Iceland,2189,10,0,2179,2174,10,0,2164,2168,2153,364260,15,0,0,15,6,36
2020-09-16,India,5020359,82066,0,4938293,5020359,82066,0,4938293,4846427,4465863,1360094159,0,0,0,0,173932,554496
2020-09-16,Indonesia,228993,9100,0,219893,225030,8965,0,216065,221523,203342,266911900,3963,135,0,3828,3507,25651
2020-09-16,Iran,410334,23632,0,386702,407353,23453,0,383900,404648,393425,83301053,2981,179,0,2802,2705,16909
2020-09-16,Iraq,303059,8248,0,294811,298702,8166,0,290536,294478,273821,39127900,4357,82,0,4275,4224,29238
2020-09-16,Ireland,31799,1788,0,30011,31549,1787,0,29762,31192,30164,4921500,250,1,0,249,357,1635
2020-09-16,Israel,170465,1165,0,169300,164402,1147,0,163255,160368,141097,9175050,6063,18,0,6045,4034,29368
2020-09-16,Italy,291442,35645,0,255797,289990,35633,0,254357,288761,281583,60243406,1452,12,0,1440,1229,9859
2020-09-16,Jamaica,4164,46,0,4118,4042,46,0,3996,3933,3437,2726667,122,0,0,122,109,727
2020-09-16,Japan,76997,1481,0,75516,76446,1463,0,74983,75914,73264,126010000,551,18,0,533,532,3733
2020-09-16,Jordan,3852,26,0,3826,3677,26,0,3651,3528,2659,10641432,175,0,0,175,149,1193
2020-09-16,Kazakhstan,107056,1671,0,105385,106984,1671,0,105313,106920,106584,18667696,72,0,0,72,64,472
2020-09-16,Kenya,36301,634,0,35667,36301,634,0,35667,36205,35460,47564296,0,0,0,0,96,841
2020-09-16,"Korea, South",22657,372,0,22285,22504,367,0,22137,22391,21743,51780579,153,5,0,148,113,914
2020-09-16,Kosovo,12683,488,0,12195,12683,488,0,12195,12683,12683,1795666,0,0,0,0,0,0
2020-09-16,Kuwait,96999,571,0,96428,96301,568,0,95733,95472,92082,4420110,698,3,0,695,829,4917
2020-09-16,Kyrgyzstan,45072,1063,0,44009,44999,1063,0,43936,44928,44613,6523500,73,0,0,73,71,459
2020-09-16,Laos,23,0,0,23,23,0,0,23,23,22,,0,0,0,0,0,1
2020-09-16,Latvia,1486,35,0,1451,1482,35,0,1447,1477,1443,1906800,4,0,0,4,5,43
2020-09-16,Lebanon,26083,259,0,25824,25449,252,0,25197,25401,21877,6825442,634,7,0,627,48,4206
2020-09-16,Lesotho,1327,33,0,1294,1327,33,0,1294,1245,1164,,0,0,0,0,82,163
2020-09-16,Liberia,1332,82,0,1250,1327,82,0,1245,1321,1313,4475353,5,0,0,5,6,19
2020-09-16,Libya,24936,394,0,24542,24144,383,0,23761,23515,20462,,792,11,0,781,629,4474
2020-09-16,Liechtenstein,111,1,0,110,111,1,0,110,111,108,38749,0,0,0,0,0,3
2020-09-16,Lithuania,3442,87,0,3355,3397,87,0,3310,3386,3163,2793471,45,0,0,45,11,279
2020-09-16,Luxembourg,7394,124,0,7270,7284,124,0,7160,7244,7023,613894,110,0,0,110,40,371
2020-09-16,MS Zaandam,9,2,0,7,9,2,0,7,9,9,,0,0,0,0,0,0
2020-09-16,Madagascar,15871,215,0,15656,15803,214,0,15589,15769,15520,25680342,68,1,0,67,34,351
2020-09-16,Malawi,5704,178,0,5526,5701,178,0,5523,5697,5653,,3,0,0,3,4,51
2020-09-16,Malaysia,10031,128,0,9903,9969,128,0,9841,9946,9583,32726760,62,0,0,62,23,448
2020-09-16,Maldives,9427,33,0,9394,9328,33,0,9295,9243,8834,374775,99,0,0,99,85,593
2020-09-16,Mali,2966,128,0,2838,2940,128,0,2812,2935,2898,,26,0,0,26,5,68
2020-09-16,Malta,2560,16,0,2544,2454,16,0,2438,2405,2162,493559,106,0,0,106,49,398
2020-09-16,Mauritania,7332,161,0,7171,7319,161,0,7158,7295,7191,4077347,13,0,0,13,24,141
2020-09-16,Mauritius,365,10,0,355,365,10,0,355,361,361,1265985,0,0,0,0,4,4
2020-09-16,Mexico,680931,71978,0,608953,676487,71678,0,604809,671716,647321,126577691,4444,300,0,4144,4771,33610
2020-09-16,Moldova,44361,1159,0,43202,43734,1143,0,42591,43207,41144,2681735,627,16,0,611,527,3217
2020-09-16,Monaco,181,1,0,180,178,1,0,177,177,161,38300,3,0,0,3,1,20
2020-09-16,Mongolia,311,0,0,311,311,0,0,311,311,310,3308788,0,0,0,0,0,1
2020-09-16,Montenegro,7291,126,0,7165,7061,123,0,6938,6900,6094,622359,230,3,0,227,161,1197
2020-09-16,Morocco,92016,1686,0,90330,90324,1648,0,88676,88203,77878,35846095,1692,38,0,1654,2121,14138
2020-09-16,Mozambique,5994,39,0,5955,5713,37,0,5676,5482,4764,,281,2,0,279,231,1230
2020-09-16,Namibia,9964,108,0,9856,9901,106,0,9795,9818,9108,2458936,63,2,0,61,83,856
2020-09-16,Nepal,58327,379,0,57948,56788,371,0,56417,55329,49219,29609623,1539,8,0,1531,1459,9108
2020-09-16,Netherlands,90425,6303,0,84122,88673,6300,0,82373,87194,81085,17447181,1752,3,0,1749,1479,9340
2020-09-16,New Zealand,1809,25,0,1784,1802,25,0,1777,1801,1792,4972216,7,0,0,7,1,17
2020-09-16,Nicaragua,4961,147,0,4814,4961,147,0,4814,4818,4818,6460411,0,0,0,0,143,143
2020-09-16,Niger,1182,69,0,1113,1182,69,0,1113,1180,1178,22314743,0,0,0,0,2,4
2020-09-16,Nigeria,56604,1091,0,55513,56478,1088,0,55390,56388,55632,206139587,126,3,0,123,90,972
2020-09-16,North Macedonia,16088,668,0,15420,15925,661,0,15264,15827,15293,2077132,163,7,0,156,98,795
2020-09-16,Norway,12498,265,0,12233,12393,265,0,12128,12276,11746,5367580,105,0,0,105,117,752
2020-09-16,Oman,91196,805,0,90391,90660,797,0,89863,90222,87939,4664790,536,8,0,528,438,3257
2020-09-16,Pakistan,303634,6399,0,297235,303089,6393,0,296696,302424,300030,219027520,545,6,0,539,665,3604
2020-09-16,Panama,103466,2198,0,101268,102832,2187,0,100645,102204,99042,4218808,634,11,0,623,628,4424
2020-09-16,Papua New Guinea,516,6,0,510,511,6,0,505,511,504,8935000,5,0,0,5,0,12
2020-09-16,Paraguay,30419,566,0,29853,29298,552,0,28746,28367,25026,7152703,1121,14,0,1107,931,5393
2020-09-16,Peru,738020,30927,0,707093,733860,30812,0,703048,729619,696190,32131400,4160,115,0,4045,4241,41830
2020-09-16,Philippines,272934,4732,0,268202,269407,4663,0,264744,265888,245143,108438081,3527,69,0,3458,3519,27791
2020-09-16,Poland,75734,2237,0,73497,75134,2227,0,72907,74529,71947,38386000,600,10,0,590,605,3787
2020-09-16,Portugal,65626,1878,0,63748,65021,1875,0,63146,64596,61541,10276617,605,3,0,602,425,4085
2020-09-16,Qatar,122449,208,0,122241,122214,208,0,122006,121975,120846,2747282,235,0,0,235,239,1603
2020-09-16,Romania,107011,4285,0,102726,105298,4236,0,101062,104187,98304,19405156,1713,49,0,1664,1111,8707
2020-09-16,Russia,1075485,18853,0,1056632,1069873,18723,0,1051150,1064438,1037526,146745098,5612,130,0,5482,5435,37959
2020-09-16,Rwanda,4634,22,0,4612,4624,22,0,4602,4602,4460,12374397,10,0,0,10,22,174
2020-09-16,Saint Kitts and Nevis,17,0,0,17,17,0,0,17,17,17,,0,0,0,0,0,0
2020-09-16,Saint Lucia,27,0,0,27,27,0,0,27,27,27,178696,0,0,0,0,0,0
2020-09-16,Saint Vincent and the Grenadines,64,0,0,64,64,0,0,64,64,62,110608,0,0,0,0,0,2
2020-09-16,San Marino,723,42,0,681,723,42,0,681,722,722,33574,0,0,0,0,1,1
2020-09-16,Sao Tome and Principe,907,15,0,892,907,15,0,892,906,898,,0,0,0,0,1,9
2020-09-16,Saudi Arabia,327551,4369,0,323182,326930,4338,0,322592,326258,323012,34218169,621,31,0,590,672,4539
2020-09-16,Senegal,14568,299,0,14269,14529,298,0,14231,14306,14102,16209125,39,1,0,38,223,466
2020-09-16,Serbia,32613,736,0,31877,32511,735,0,31776,32437,32078,6963764,102,1,0,101,74,535
2020-09-16,Seychelles,140,0,0,140,140,0,0,140,140,137,97625,0,0,0,0,0,3
2020-09-16,Sierra Leone,2133,72,0,2061,2126,72,0,2054,2111,2067,,7,0,0,7,15,66
2020-09-16,Singapore,57514,27,0,57487,57488,27,0,57461,57454,57166,5703600,26,0,0,26,34,348
2020-09-16,Slovakia,5860,38,0,5822,5768,38,0,5730,5580,4888,5456362,92,0,0,92,188,972
2020-09-16,Slovenia,3954,135,0,3819,3831,135,0,3696,3749,3312,2094060,123,0,0,123,82,642
2020-09-16,Somalia,3390,98,0,3292,3390,98,0,3292,3389,3371,15893219,0,0,0,0,1,19
2020-09-16,South Africa,653444,15705,0,637739,651521,15641,0,635880,650749,642431,58775022,1923,64,0,1859,772,11013
2020-09-16,South Sudan,2594,49,0,2545,2592,49,0,2543,2587,2555,,2,0,0,2,5,39
2020-09-16,Spain,614360,30243,0,584117,603167,30004,0,573163,593730,543379,47100396,11193,239,0,10954,9437,70981
2020-09-16,Sri Lanka,3271,13,0,3258,3271,13,0,3258,3262,3147,21803000,0,0,0,0,9,124
2020-09-16,Sudan,13535,836,0,12699,13535,836,0,12699,13535,13437,42364155,0,0,0,0,0,98
2020-09-16,Suriname,4645,95,0,4550,4625,95,0,4530,4611,4447,581372,20,0,0,20,14,198
2020-09-16,Sweden,87575,5860,0,81715,87345,5851,0,81494,86505,85880,10333456,230,9,0,221,840,1695
2020-09-16,Switzerland,48265,2039,0,46226,47751,2028,0,45723,47436,45306,8586550,514,11,0,503,315,2959
2020-09-16,Syria,3654,163,0,3491,3614,160,0,3454,3576,3351,,40,3,0,37,38,303
2020-09-16,Taiwan*,500,7,0,493,499,7,0,492,499,495,23604265,1,0,0,1,0,5
2020-09-16,Tajikistan,9171,73,0,9098,9129,73,0,9056,9088,8899,,42,0,0,42,41,272
2020-09-16,Tanzania,509,21,0,488,509,21,0,488,509,509,55890747,0,0,0,0,0,0
2020-09-16,Thailand,3490,58,0,3432,3490,58,0,3432,3475,3454,66484342,0,0,0,0,15,36
2020-09-16,Timor-Leste,27,0,0,27,27,0,0,27,27,27,,0,0,0,0,0,0
2020-09-16,Togo,1608,40,0,1568,1595,40,0,1555,1578,1528,7538000,13,0,0,13,17,80
2020-09-16,Trinidad and Tobago,3327,58,0,3269,3223,56,0,3167,3141,2588,1363985,104,2,0,102,82,739
2020-09-16,Tunisia,8100,129,0,7971,7623,123,0,7500,7382,5417,11722038,477,6,0,471,241,2683
2020-09-16,Turkey,296391,7249,0,289142,294620,7186,0,287434,292878,284943,83154997,1771,63,0,1708,1742,11448
2020-09-16,US,6630051,196763,0,6433288,6593269,195786,0,6397483,6553652,6360212,329493716,36782,977,0,35805,39617,269839
2020-09-16,Uganda,5266,60,0,5206,5123,58,0,5065,4978,4101,40299300,143,2,0,141,145,1165
2020-09-16,Ukraine,166694,3404,0,163290,163678,3326,0,160352,160679,146511,41902416,3016,78,0,2938,2999,20183
2020-09-16,United Arab Emirates,81782,402,0,81380,80940,401,0,80539,80266,75981,9890400,842,1,0,841,674,5801
2020-09-16,United Kingdom,380677,41773,0,338904,376670,41753,0,334917,373555,357613,66435600,4007,20,0,3987,3115,23064
2020-09-16,Uruguay,1856,45,0,1811,1827,45,0,1782,1812,1741,3518552,29,0,0,29,15,115
2020-09-16,Uzbekistan,49015,407,0,48608,48429,402,0,48027,47836,44930,34083289,586,5,0,581,593,4085
2020-09-16,Venezuela,63416,511,0,62905,62655,502,0,62153,61569,56751,32219521,761,9,0,752,1086,6665
2020-09-16,Vietnam,1063,35,0,1028,1063,35,0,1028,1063,1059,96208984,0,0,0,0,0,4
2020-09-16,West Bank and Gaza,33006,243,0,32763,32250,229,0,32021,31362,27919,,756,14,0,742,888,5087
2020-09-16,Western Sahara,10,1,0,9,10,1,0,9,10,10,,0,0,0,0,0,0
2020-09-16,Yemen,2019,583,0,1436,2016,583,0,1433,2013,1999,,3,0,0,3,3,20
2020-09-16,Zambia,13887,326,0,13561,13819,324,0,13495,13720,13112,17381168,68,2,0,66,99,775
2020-09-16,Zimbabwe,7598,224,0,7374,7576,224,0,7352,7531,7429,15159624,22,0,0,22,45,169
