Date,Country/Region,Confirmed,Deaths,Recovered,Active Cases,Previous Confirmed,Previous Deaths,Previous Recovered,Previous Active,Prev2 Confirmed,Population,Daily Confirmed,Daily Deaths,Daily Recovered,Daily Active,Previous Daily Confirmed
2020-04-22,Afghanistan,1176,40,0,1136,1092,36,0,1056,1026,32225560,84,4,0,80,66
2020-04-22,Albania,634,27,0,607,609,26,0,583,584,2862427,25,1,0,24,25
2020-04-22,Algeria,2910,402,0,2508,2811,392,0,2419,2718,43000000,99,10,0,89,93
2020-04-22,Andorra,723,37,0,686,717,37,0,680,717,77543,6,0,0,6,0
2020-04-22,Angola,25,2,0,23,24,2,0,22,24,31127674,1,0,0,1,0
2020-04-22,Antigua and Barbuda,24,3,0,21,23,3,0,20,23,96453,1,0,0,1,0
2020-04-22,Argentina,3144,152,0,2992,3031,147,0,2884,2941,44938712,113,5,0,108,90
2020-04-22,Armenia,1473,24,0,1449,1401,24,0,1377,1339,2957500,72,0,0,72,62
2020-04-22,Australia,6547,67,0,6480,6547,67,0,6480,6547,25654023,0,0,0,0,0
2020-04-22,Austria,14925,510,0,14415,14873,491,0,14382,14795,8902600,52,19,0,33,78
2020-04-22,Azerbaijan,1518,20,0,1498,1480,20,0,1460,1436,10067108,38,0,0,38,44
2020-04-22,Bahamas,65,9,0,56,65,9,0,56,60,,0,0,0,0,5
2020-04-22,Bahrain,2027,7,0,2020,1973,7,0,1966,1907,1543300,54,0,0,54,66
2020-04-22,Bangladesh,3772,120,0,3652,3382,110,0,3272,2948,168310034,390,10,0,380,434
2020-04-22,Barbados,75,5,0,70,75,5,0,70,75,287025,0,0,0,0,0
2020-04-22,Belarus,7281,58,0,7223,6723,55,0,6668,6264,9413446,558,3,0,555,459
2020-04-22,Belgium,41889,6262,0,35627,40956,5998,0,34958,39983,11524454,933,264,0,669,973
2020-04-22,Belize,18,2,0,16,18,2,0,16,18,,0,0,0,0,0
2020-04-22,Benin,54,1,0,53,54,1,0,53,54,11733059,0,0,0,0,0
2020-04-22,Bhutan,6,0,0,6,6,0,0,6,5,741672,0,0,0,0,1
2020-04-22,Bolivia,609,37,0,572,598,34,0,564,564,11469896,11,3,0,8,34
2020-04-22,Bosnia and Herzegovina,1368,53,0,1315,1342,51,0,1291,1309,3301000,26,2,0,24,33
2020-04-22,Botswana,22,1,0,21,20,1,0,19,20,,2,0,0,2,0
2020-04-22,Brazil,45757,2906,0,42851,43079,2741,0,40338,40743,211288170,2678,165,0,2513,2336
2020-04-22,Brunei,138,1,0,137,138,1,0,137,138,442400,0,0,0,0,0
2020-04-22,Bulgaria,1024,49,0,975,975,45,0,930,929,7000039,49,4,0,45,46
2020-04-22,Burkina Faso,609,39,0,570,600,38,0,562,581,20870060,9,1,0,8,19
2020-04-22,Burma,123,5,0,118,121,5,0,116,119,,2,0,0,2,2
2020-04-22,Burundi,11,1,0,10,5,1,0,4,5,,6,0,0,6,0
2020-04-22,Cabo Verde,73,1,0,72,68,1,0,67,67,,5,0,0,5,1
2020-04-22,Cambodia,122,0,0,122,122,0,0,122,122,15288489,0,0,0,0,0
2020-04-22,Cameroon,1163,43,0,1120,1163,43,0,1120,1163,26545864,0,0,0,0,0
2020-04-22,Canada,41650,2077,0,39573,39402,1909,0,37493,37658,37966227,2248,168,0,2080,1744
2020-04-22,Central African Republic,14,0,0,14,14,0,0,14,12,5496011,0,0,0,0,2
2020-04-22,Chad,33,0,0,33,33,0,0,33,33,15692969,0,0,0,0,0
2020-04-22,Chile,11296,160,0,11136,10832,147,0,10685,10507,19107216,464,13,0,451,325
2020-04-22,China,83868,4636,0,79232,83853,4636,0,79217,83817,1401870440,15,0,0,15,36
2020-04-22,Colombia,4356,206,0,4150,4149,196,0,3953,3977,49395678,207,10,0,197,172
2020-04-22,Congo (Brazzaville),186,6,0,180,165,6,0,159,160,5518092,21,0,0,21,5
2020-04-22,Congo (Kinshasa),359,25,0,334,350,25,0,325,332,89561404,9,0,0,9,18
2020-04-22,Costa Rica,681,6,0,675,669,6,0,663,662,5058007,12,0,0,12,7
2020-04-22,Cote d'Ivoire,952,14,0,938,916,13,0,903,847,25823071,36,1,0,35,69
2020-04-22,Croatia,1950,48,0,1902,1908,48,0,1860,1881,4076246,42,0,0,42,27
2020-04-22,Cuba,1189,40,0,1149,1137,38,0,1099,1087,11209628,52,2,0,50,50
2020-04-22,Cyprus,790,13,0,777,784,12,0,772,772,875900,6,1,0,5,12
2020-04-22,Czechia,7132,208,0,6924,7033,201,0,6832,6900,10693939,99,7,0,92,133
2020-04-22,Denmark,8108,384,0,7724,7891,370,0,7521,7711,5822763,217,14,0,203,180
2020-04-22,Diamond Princess,712,13,0,699,712,13,0,699,712,,0,0,0,0,0
2020-04-22,Djibouti,974,2,0,972,945,2,0,943,846,1078373,29,0,0,29,99
2020-04-22,Dominica,16,0,0,16,16,0,0,16,16,,0,0,0,0,0
2020-04-22,Dominican Republic,5300,260,0,5040,5044,245,0,4799,4964,10358320,256,15,0,241,80
2020-04-22,Ecuador,10850,537,0,10313,10398,520,0,9878,10128,17449288,452,17,0,435,270
2020-04-22,Egypt,3659,276,0,3383,3490,264,0,3226,3333,100153850,169,12,0,157,157
2020-04-22,El Salvador,237,7,0,230,225,7,0,218,218,6486201,12,0,0,12,7
2020-04-22,Equatorial Guinea,84,1,0,83,83,0,0,83,79,1358276,1,1,0,0,4
2020-04-22,Eritrea,39,0,0,39,39,0,0,39,39,3497117,0,0,0,0,0
2020-04-22,Estonia,1559,44,0,1515,1552,43,0,1509,1535,1328360,7,1,0,6,17
2020-04-22,Eswatini,31,1,0,30,31,1,0,30,24,1093238,0,0,0,0,7
2020-04-22,Ethiopia,116,3,0,113,114,3,0,111,111,98665000,2,0,0,2,3
2020-04-22,Fiji,18,0,0,18,18,0,0,18,18,884887,0,0,0,0,0
2020-04-22,Finland,4129,149,0,3980,4014,141,0,3873,3868,5527573,115,8,0,107,146
2020-04-22,France,157125,21373,0,135752,159297,20829,0,138468,156480,67069000,-2172,544,0,-2716,2817
2020-04-22,Gabon,166,1,0,165,156,1,0,155,120,2172579,10,0,0,10,36
2020-04-22,Gambia,10,1,0,9,10,1,0,9,10,,0,0,0,0,0
2020-04-22,Georgia,416,5,0,411,408,4,0,404,402,3723464,8,1,0,7,6
2020-04-22,Germany,150648,5279,0,145369,148291,5033,0,143258,147065,83149300,2357,246,0,2111,1226
2020-04-22,Ghana,1154,9,0,1145,1042,9,0,1033,1042,30280811,112,0,0,112,0
2020-04-22,Greece,2408,121,0,2287,2401,121,0,2280,2245,10724599,7,0,0,7,156
2020-04-22,Grenada,15,0,0,15,14,0,0,14,14,,1,0,0,1,0
2020-04-22,Guatemala,316,8,0,308,294,7,0,287,289,16604026,22,1,0,21,5
2020-04-22,Guinea,761,6,0,755,688,6,0,682,622,12218357,73,0,0,73,66
2020-04-22,Guinea-Bissau,50,0,0,50,50,0,0,50,50,,0,0,0,0,0
2020-04-22,Guyana,67,7,0,60,66,7,0,59,65,782766,1,0,0,1,1
2020-04-22,Haiti,62,4,0,58,57,3,0,54,57,11577779,5,1,0,4,0
2020-04-22,Holy See,9,0,0,9,9,0,0,9,9,,0,0,0,0,0
2020-04-22,Honduras,510,46,0,464,494,46,0,448,477,9158345,16,0,0,16,17
2020-04-22,Hungary,2168,225,0,1943,2098,213,0,1885,1984,9772756,70,12,0,58,114
2020-04-22,Iceland,1785,10,0,1775,1778,10,0,1768,1773,364260,7,0,0,7,5
2020-04-22,India,21370,681,0,20689,20080,645,0,19435,18539,1360094159,1290,36,0,1254,1541
2020-04-22,Indonesia,7418,635,0,6783,7135,616,0,6519,6760,266911900,283,19,0,264,375
2020-04-22,Iran,85996,5391,0,80605,84802,5297,0,79505,83505,83301053,1194,94,0,1100,1297
2020-04-22,Iraq,1631,83,0,1548,1602,83,0,1519,1574,39127900,29,0,0,29,28
2020-04-22,Ireland,16671,769,0,15902,16040,730,0,15310,15652,4921500,631,39,0,592,388
2020-04-22,Israel,14498,189,0,14309,13942,184,0,13758,13713,9175050,556,5,0,551,229
2020-04-22,Italy,187327,25085,0,162242,183957,24648,0,159309,181228,60243406,3370,437,0,2933,2729
2020-04-22,Jamaica,233,6,0,227,223,6,0,217,223,2726667,10,0,0,10,0
2020-04-22,Japan,11512,281,0,11231,11135,263,0,10872,10797,126010000,377,18,0,359,338
2020-04-22,Jordan,435,7,0,428,428,7,0,421,425,10641432,7,0,0,7,3
2020-04-22,Kazakhstan,2135,19,0,2116,1995,19,0,1976,1852,18667696,140,0,0,140,143
2020-04-22,Kenya,303,14,0,289,296,14,0,282,281,47564296,7,0,0,7,15
2020-04-22,"Korea, South",10694,238,0,10456,10683,237,0,10446,10674,51780579,11,1,0,10,9
2020-04-22,Kosovo,510,12,0,498,510,12,0,498,510,1795666,0,0,0,0,0
2020-04-22,Kuwait,2248,13,0,2235,2080,11,0,2069,1995,4420110,168,2,0,166,85
2020-04-22,Kyrgyzstan,612,7,0,605,590,7,0,583,568,6523500,22,0,0,22,22
2020-04-22,Laos,19,0,0,19,19,0,0,19,19,,0,0,0,0,0
2020-04-22,Latvia,761,11,0,750,748,9,0,739,739,1906800,13,2,0,11,9
2020-04-22,Lebanon,682,22,0,660,677,21,0,656,677,6825442,5,1,0,4,0
2020-04-22,Liberia,101,8,0,93,101,8,0,93,99,4475353,0,0,0,0,2
2020-04-22,Libya,59,1,0,58,51,1,0,50,51,,8,0,0,8,0
2020-04-22,Liechtenstein,81,1,0,80,81,1,0,80,81,38749,0,0,0,0,0
2020-04-22,Lithuania,1370,38,0,1332,1350,38,0,1312,1326,2793471,20,0,0,20,24
2020-04-22,Luxembourg,3654,80,0,3574,3618,78,0,3540,3558,613894,36,2,0,34,60
2020-04-22,MS Zaandam,9,2,0,7,9,2,0,7,9,,0,0,0,0,0
2020-04-22,Madagascar,121,0,0,121,121,0,0,121,121,25680342,0,0,0,0,0
2020-04-22,Malawi,23,3,0,20,18,2,0,16,17,,5,1,0,4,1
2020-04-22,Malaysia,5532,93,0,5439,5482,92,0,5390,5425,32726760,50,1,0,49,57
2020-04-22,Maldives,86,0,0,86,83,0,0,83,69,374775,3,0,0,3,14
2020-04-22,Mali,293,17,0,276,258,14,0,244,246,,35,3,0,32,12
2020-04-22,Malta,444,3,0,441,443,3,0,440,431,493559,1,0,0,1,12
2020-04-22,Mauritania,7,1,0,6,7,1,0,6,7,4077347,0,0,0,0,0
2020-04-22,Mauritius,329,9,0,320,328,9,0,319,328,1265985,1,0,0,1,0
2020-04-22,Mexico,9501,857,0,8644,8772,712,0,8060,8261,126577691,729,145,0,584,511
2020-04-22,Moldova,2778,75,0,2703,2614,72,0,2542,2548,2681735,164,3,0,161,66
2020-04-22,Monaco,94,3,0,91,94,3,0,91,94,38300,0,0,0,0,0
2020-04-22,Mongolia,35,0,0,35,34,0,0,34,33,3308788,1,0,0,1,1
2020-04-22,Montenegro,315,5,0,310,313,5,0,308,312,622359,2,0,0,2,1
2020-04-22,Morocco,3446,149,0,3297,3209,145,0,3064,3046,35846095,237,4,0,233,163
2020-04-22,Mozambique,41,0,0,41,39,0,0,39,39,,2,0,0,2,0
2020-04-22,Namibia,16,0,0,16,16,0,0,16,16,2458936,0,0,0,0,0
2020-04-22,Nepal,45,0,0,45,43,0,0,43,31,29609623,2,0,0,2,12
2020-04-22,Netherlands,35032,4068,0,30964,34317,3929,0,30388,33588,17447181,715,139,0,576,729
2020-04-22,New Zealand,1451,14,0,1437,1445,13,0,1432,1440,4972216,6,1,0,5,5
2020-04-22,Nicaragua,10,2,0,8,10,2,0,8,10,6460411,0,0,0,0,0
2020-04-22,Niger,662,22,0,640,657,20,0,637,648,22314743,5,2,0,3,9
2020-04-22,Nigeria,873,28,0,845,665,22,0,643,665,206139587,208,6,0,202,0
2020-04-22,North Macedonia,1259,56,0,1203,1231,55,0,1176,1225,2077132,28,1,0,27,6
2020-04-22,Norway,7338,187,0,7151,7191,182,0,7009,7156,5367580,147,5,0,142,35
2020-04-22,Oman,1614,8,0,1606,1508,8,0,1500,1410,4664790,106,0,0,106,98
2020-04-22,Pakistan,10076,212,0,9864,9565,201,0,9364,8418,219027520,511,11,0,500,1147
2020-04-22,Panama,4821,141,0,4680,4658,136,0,4522,4467,4218808,163,5,0,158,191
2020-04-22,Papua New Guinea,8,0,0,8,7,0,0,7,7,8935000,1,0,0,1,0
2020-04-22,Paraguay,213,9,0,204,208,8,0,200,208,7152703,5,1,0,4,0
2020-04-22,Peru,19250,530,0,18720,17837,484,0,17353,16325,32131400,1413,46,0,1367,1512
2020-04-22,Philippines,6710,446,0,6264,6599,437,0,6162,6459,108438081,111,9,0,102,140
2020-04-22,Poland,10169,426,0,9743,9856,401,0,9455,9593,38386000,313,25,0,288,263
2020-04-22,Portugal,21982,785,0,21197,21379,762,0,20617,20863,10276617,603,23,0,580,516
2020-04-22,Qatar,7141,10,0,7131,6533,9,0,6524,6015,2747282,608,1,0,607,518
2020-04-22,Romania,9710,524,0,9186,9242,498,0,8744,8936,19405156,468,26,0,442,306
2020-04-22,Russia,57999,513,0,57486,52763,456,0,52307,47121,146745098,5236,57,0,5179,5642
2020-04-22,Rwanda,153,0,0,153,150,0,0,150,147,12374397,3,0,0,3,3
2020-04-22,Saint Kitts and Nevis,15,0,0,15,15,0,0,15,15,,0,0,0,0,0
2020-04-22,Saint Lucia,15,0,0,15,15,0,0,15,15,178696,0,0,0,0,0
2020-04-22,Saint Vincent and the Grenadines,13,0,0,13,12,0,0,12,12,110608,1,0,0,1,0
2020-04-22,San Marino,488,40,0,448,476,40,0,436,462,33574,12,0,0,12,14
2020-04-22,Sao Tome and Principe,4,0,0,4,4,0,0,4,4,,0,0,0,0,0
2020-04-22,Saudi Arabia,12772,114,0,12658,11631,109,0,11522,10484,34218169,1141,5,0,1136,1147
2020-04-22,Senegal,442,6,0,436,412,5,0,407,377,16209125,30,1,0,29,35
2020-04-22,Serbia,6630,125,0,6505,6630,125,0,6505,6630,6963764,0,0,0,0,0
2020-04-22,Seychelles,11,0,0,11,11,0,0,11,11,97625,0,0,0,0,0
2020-04-22,Sierra Leone,61,0,0,61,50,0,0,50,43,,11,0,0,11,7
2020-04-22,Singapore,10141,12,0,10129,9125,11,0,9114,8014,5703600,1016,1,0,1015,1111
2020-04-22,Slovakia,1244,14,0,1230,1199,14,0,1185,1173,5456362,45,0,0,45,26
2020-04-22,Slovenia,1353,79,0,1274,1344,77,0,1267,1335,2094060,9,2,0,7,9
2020-04-22,Somalia,286,8,0,278,286,8,0,278,237,15893219,0,0,0,0,49
2020-04-22,South Africa,3635,65,0,3570,3465,58,0,3407,3300,58775022,170,7,0,163,165
2020-04-22,South Sudan,4,0,0,4,4,0,0,4,4,,0,0,0,0,0
2020-04-22,Spain,208389,21717,0,186672,204178,21282,0,182896,200210,47100396,4211,435,0,3776,3968
2020-04-22,Sri Lanka,330,7,0,323,310,7,0,303,304,21803000,20,0,0,20,6
2020-04-22,Sudan,140,13,0,127,107,12,0,95,107,42364155,33,1,0,32,0
2020-04-22,Suriname,10,1,0,9,10,1,0,9,10,581372,0,0,0,0,0
2020-04-22,Sweden,16004,1937,0,14067,15322,1765,0,13557,14777,10333456,682,172,0,510,545
2020-04-22,Switzerland,28268,1509,0,26759,28063,1478,0,26585,27944,8586550,205,31,0,174,119
2020-04-22,Syria,42,3,0,39,42,3,0,39,39,,0,0,0,0,3
2020-04-22,Taiwan*,426,6,0,420,425,6,0,419,422,23604265,1,0,0,1,3
2020-04-22,Tanzania,284,10,0,274,254,10,0,244,254,55890747,30,0,0,30,0
2020-04-22,Thailand,2826,49,0,2777,2811,48,0,2763,2792,66484342,15,1,0,14,19
2020-04-22,Timor-Leste,23,0,0,23,23,0,0,23,22,,0,0,0,0,1
2020-04-22,Togo,88,6,0,82,86,6,0,80,84,7538000,2,0,0,2,2
2020-04-22,Trinidad and Tobago,115,8,0,107,115,8,0,107,114,1363985,0,0,0,0,1
2020-04-22,Tunisia,909,38,0,871,884,38,0,846,884,11722038,25,0,0,25,0
2020-04-22,Turkey,98674,2376,0,96298,95591,2259,0,93332,90980,83154997,3083,117,0,2966,4611
2020-04-22,US,840351,46622,0,793729,811865,44444,0,767421,784326,329493716,28486,2178,0,26308,27539
2020-04-22,Uganda,63,0,0,63,61,0,0,61,56,40299300,2,0,0,2,5
2020-04-22,Ukraine,6592,174,0,6418,6125,161,0,5964,5710,41902416,467,13,0,454,415
2020-04-22,United Arab Emirates,8238,52,0,8186,7755,46,0,7709,7265,9890400,483,6,0,477,490
2020-04-22,United Kingdom,134638,18151,0,116487,130172,17378,0,112794,125856,66435600,4466,773,0,3693,4316
2020-04-22,Uruguay,543,12,0,531,535,11,0,524,535,3518552,8,1,0,7,0
2020-04-22,Uzbekistan,1716,7,0,1709,1678,6,0,1672,1627,34083289,38,1,0,37,51
2020-04-22,Venezuela,288,10,0,278,285,10,0,275,256,32219521,3,0,0,3,29
2020-04-22,Vietnam,268,0,0,268,268,0,0,268,268,96208984,0,0,0,0,0
2020-04-22,West Bank and Gaza,474,4,0,470,466,4,0,462,449,,8,0,0,8,17
2020-04-22,Western Sahara,6,0,0,6,6,0,0,6,6,,0,0,0,0,0
2020-04-22,Yemen,1,0,0,1,1,0,0,1,1,,0,0,0,0,0
2020-04-22,Zambia,74,3,0,71,70,3,0,67,65,17381168,4,0,0,4,5
2020-04-22,Zimbabwe,28,4,0,24,28,3,0,25,25,15159624,0,1,0,-1,3
