Date,Country/Region,Confirmed,Deaths,Recovered,Active Cases,Previous Confirmed,Previous Deaths,Previous Recovered,Previous Active,Prev2 Confirmed,Population,Daily Confirmed,Daily Deaths,Daily Recovered,Daily Active,Previous Daily Confirmed
2020-05-28,Afghanistan,13036,235,0,12801,12456,227,0,12229,11831,32225560,580,8,0,572,625
2020-05-28,Albania,1076,33,0,1043,1050,33,0,1017,1029,2862427,26,0,0,26,21
2020-05-28,Algeria,8997,630,0,8367,8857,623,0,8234,8697,43000000,140,7,0,133,160
2020-05-28,Andorra,763,51,0,712,763,51,0,712,763,77543,0,0,0,0,0
2020-05-28,Angola,74,4,0,70,71,4,0,67,70,31127674,3,0,0,3,1
2020-05-28,Antigua and Barbuda,25,3,0,22,25,3,0,22,25,96453,0,0,0,0,0
2020-05-28,Argentina,14702,508,0,14194,13933,500,0,13433,13228,44938712,769,8,0,761,705
2020-05-28,Armenia,8216,113,0,8103,7774,98,0,7676,7402,2957500,442,15,0,427,372
2020-05-28,Australia,7165,103,0,7062,7150,103,0,7047,7139,25654023,15,0,0,15,11
2020-05-28,Austria,16628,668,0,15960,16591,645,0,15946,16557,8902600,37,23,0,14,34
2020-05-28,Azerbaijan,4759,56,0,4703,4568,54,0,4514,4403,10067108,191,2,0,189,165
2020-05-28,Bahamas,101,11,0,90,100,11,0,89,100,,1,0,0,1,0
2020-05-28,Bahrain,10052,15,0,10037,9692,15,0,9677,9366,1543300,360,0,0,360,326
2020-05-28,Bangladesh,40321,559,0,39762,38292,544,0,37748,36751,168310034,2029,15,0,2014,1541
2020-05-28,Barbados,92,7,0,85,92,7,0,85,92,287025,0,0,0,0,0
2020-05-28,Belarus,39858,219,0,39639,38956,214,0,38742,38059,9413446,902,5,0,897,897
2020-05-28,Belgium,57849,9388,0,48461,57592,9364,0,48228,57455,11524454,257,24,0,233,137
2020-05-28,Belize,18,2,0,16,18,2,0,16,18,,0,0,0,0,0
2020-05-28,Benin,210,3,0,207,210,3,0,207,208,11733059,0,0,0,0,2
2020-05-28,Bhutan,31,0,0,31,28,0,0,28,27,741672,3,0,0,3,1
2020-05-28,Bolivia,8387,293,0,8094,7768,280,0,7488,7136,11469896,619,13,0,606,632
2020-05-28,Bosnia and Herzegovina,2462,153,0,2309,2435,151,0,2284,2416,3301000,27,2,0,25,19
2020-05-28,Botswana,35,1,0,34,35,1,0,34,35,,0,0,0,0,0
2020-05-28,Brazil,438238,26754,0,411484,411821,25598,0,386223,391222,211288170,26417,1156,0,25261,20599
2020-05-28,Brunei,141,2,0,139,141,2,0,139,141,442400,0,0,0,0,0
2020-05-28,Bulgaria,2477,134,0,2343,2460,133,0,2327,2443,7000039,17,1,0,16,17
2020-05-28,Burkina Faso,847,53,0,794,845,53,0,792,832,20870060,2,0,0,2,13
2020-05-28,Burma,206,6,0,200,206,6,0,200,206,,0,0,0,0,0
2020-05-28,Burundi,42,1,0,41,42,1,0,41,42,,0,0,0,0,0
2020-05-28,Cabo Verde,390,4,0,386,390,4,0,386,390,,0,0,0,0,0
2020-05-28,Cambodia,124,0,0,124,124,0,0,124,124,15288489,0,0,0,0,0
2020-05-28,Cameroon,5436,175,0,5261,5436,175,0,5261,5436,26545864,0,0,0,0,0
2020-05-28,Canada,89976,6982,0,82994,88989,6876,0,82113,88090,37966227,987,106,0,881,899
2020-05-28,Central African Republic,755,1,0,754,702,1,0,701,671,5496011,53,0,0,53,31
2020-05-28,Chad,726,65,0,661,715,64,0,651,700,15692969,11,1,0,10,15
2020-05-28,Chile,86943,890,0,86053,82289,841,0,81448,77961,19107216,4654,49,0,4605,4328
2020-05-28,China,84106,4638,0,79468,84106,4638,0,79468,84103,1401870440,0,0,0,0,3
2020-05-28,Colombia,24141,833,0,23308,24104,803,0,23301,23003,49395678,37,30,0,7,1101
2020-05-28,Comoros,87,2,0,85,87,2,0,85,87,,0,0,0,0,0
2020-05-28,Congo (Brazzaville),571,19,0,552,571,19,0,552,487,5518092,0,0,0,0,84
2020-05-28,Congo (Kinshasa),2660,69,0,2591,2546,68,0,2478,2403,89561404,114,1,0,113,143
2020-05-28,Costa Rica,1000,10,0,990,984,10,0,974,956,5058007,16,0,0,16,28
2020-05-28,Cote d'Ivoire,2641,32,0,2609,2556,31,0,2525,2477,25823071,85,1,0,84,79
2020-05-28,Croatia,2245,102,0,2143,2244,101,0,2143,2244,4076246,1,1,0,0,0
2020-05-28,Cuba,1983,82,0,1901,1974,82,0,1892,1963,11209628,9,0,0,9,11
2020-05-28,Cyprus,941,17,0,924,939,17,0,922,939,875900,2,0,0,2,0
2020-05-28,Czechia,9140,319,0,8821,9086,317,0,8769,9050,10693939,54,2,0,52,36
2020-05-28,Denmark,11712,568,0,11144,11680,565,0,11115,11627,5822763,32,3,0,29,53
2020-05-28,Diamond Princess,712,13,0,699,712,13,0,699,712,,0,0,0,0,0
2020-05-28,Djibouti,2914,20,0,2894,2697,18,0,2679,2468,1078373,217,2,0,215,229
2020-05-28,Dominica,16,0,0,16,16,0,0,16,16,,0,0,0,0,0
2020-05-28,Dominican Republic,16068,485,0,15583,15723,474,0,15249,15264,10358320,345,11,0,334,459
2020-05-28,Ecuador,38471,3313,0,35158,38103,3275,0,34828,37355,17449288,368,38,0,330,748
2020-05-28,Egypt,20793,845,0,19948,19666,816,0,18850,18756,100153850,1127,29,0,1098,910
2020-05-28,El Salvador,2194,39,0,2155,2109,39,0,2070,2042,6486201,85,0,0,85,67
2020-05-28,Equatorial Guinea,1043,12,0,1031,1043,12,0,1031,1043,1358276,0,0,0,0,0
2020-05-28,Eritrea,39,0,0,39,39,0,0,39,39,3497117,0,0,0,0,0
2020-05-28,Estonia,1851,66,0,1785,1840,66,0,1774,1834,1328360,11,0,0,11,6
2020-05-28,Eswatini,279,2,0,277,272,2,0,270,261,1093238,7,0,0,7,11
2020-05-28,Ethiopia,831,7,0,824,731,6,0,725,701,98665000,100,1,0,99,30
2020-05-28,Fiji,18,0,0,18,18,0,0,18,18,884887,0,0,0,0,0
2020-05-28,Finland,6743,313,0,6430,6692,313,0,6379,6628,5527573,51,0,0,51,64
2020-05-28,France,186364,28665,0,157699,183038,28599,0,154439,182847,67069000,3326,66,0,3260,191
2020-05-28,Gabon,2431,14,0,2417,2319,14,0,2305,2238,2172579,112,0,0,112,81
2020-05-28,Gambia,25,1,0,24,25,1,0,24,25,,0,0,0,0,0
2020-05-28,Georgia,738,12,0,726,735,12,0,723,732,3723464,3,0,0,3,3
2020-05-28,Germany,182196,8470,0,173726,181524,8428,0,173096,181200,83149300,672,42,0,630,324
2020-05-28,Ghana,7303,34,0,7269,7303,34,0,7269,7117,30280811,0,0,0,0,186
2020-05-28,Greece,2906,175,0,2731,2903,173,0,2730,2892,10724599,3,2,0,1,11
2020-05-28,Grenada,23,0,0,23,23,0,0,23,23,,0,0,0,0,0
2020-05-28,Guatemala,4348,80,0,4268,4145,68,0,4077,3954,16604026,203,12,0,191,191
2020-05-28,Guinea,3553,22,0,3531,3275,20,0,3255,3275,12218357,278,2,0,276,0
2020-05-28,Guinea-Bissau,1195,8,0,1187,1195,7,0,1188,1178,,0,1,0,-1,17
2020-05-28,Guyana,150,11,0,139,139,11,0,128,139,782766,11,0,0,11,0
2020-05-28,Haiti,1320,34,0,1286,1320,34,0,1286,1174,11577779,0,0,0,0,146
2020-05-28,Holy See,12,0,0,12,12,0,0,12,12,,0,0,0,0,0
2020-05-28,Honduras,4752,196,0,4556,4640,194,0,4446,4401,9158345,112,2,0,110,239
2020-05-28,Hungary,3816,509,0,3307,3793,505,0,3288,3771,9772756,23,4,0,19,22
2020-05-28,Iceland,1805,10,0,1795,1805,10,0,1795,1804,364260,0,0,0,0,1
2020-05-28,India,165386,4711,0,160675,158086,4534,0,153552,150793,1360094159,7300,177,0,7123,7293
2020-05-28,Indonesia,24538,1496,0,23042,23851,1473,0,22378,23165,266911900,687,23,0,664,686
2020-05-28,Iran,143849,7627,0,136222,141591,7564,0,134027,139511,83301053,2258,63,0,2195,2080
2020-05-28,Iraq,5457,179,0,5278,5135,175,0,4960,4848,39127900,322,4,0,318,287
2020-05-28,Ireland,24841,1639,0,23202,24803,1631,0,23172,24735,4921500,38,8,0,30,68
2020-05-28,Israel,16872,284,0,16588,16793,281,0,16512,16757,9175050,79,3,0,76,36
2020-05-28,Italy,231732,33142,0,198590,231139,33072,0,198067,230555,60243406,593,70,0,523,584
2020-05-28,Jamaica,569,9,0,560,569,9,0,560,564,2726667,0,0,0,0,5
2020-05-28,Japan,16598,881,0,15717,16651,858,0,15793,16623,126010000,-53,23,0,-76,28
2020-05-28,Jordan,728,9,0,719,720,9,0,711,718,10641432,8,0,0,8,2
2020-05-28,Kazakhstan,9576,37,0,9539,9304,37,0,9267,8969,18667696,272,0,0,272,335
2020-05-28,Kenya,1618,58,0,1560,1471,55,0,1416,1348,47564296,147,3,0,144,123
2020-05-28,"Korea, South",11402,269,0,11133,11344,269,0,11075,11265,51780579,58,0,0,58,79
2020-05-28,Kosovo,1048,30,0,1018,1047,30,0,1017,1038,1795666,1,0,0,1,9
2020-05-28,Kuwait,24112,185,0,23927,23267,175,0,23092,22575,4420110,845,10,0,835,692
2020-05-28,Kyrgyzstan,1594,16,0,1578,1520,16,0,1504,1468,6523500,74,0,0,74,52
2020-05-28,Laos,19,0,0,19,19,0,0,19,19,,0,0,0,0,0
2020-05-28,Latvia,1061,24,0,1037,1057,23,0,1034,1053,1906800,4,1,0,3,4
2020-05-28,Lebanon,1168,26,0,1142,1161,26,0,1135,1140,6825442,7,0,0,7,21
2020-05-28,Lesotho,2,0,0,2,2,0,0,2,2,,0,0,0,0,0
2020-05-28,Liberia,269,27,0,242,266,27,0,239,266,4475353,3,0,0,3,0
2020-05-28,Libya,105,5,0,100,99,4,0,95,77,,6,1,0,5,22
2020-05-28,Liechtenstein,82,1,0,81,82,1,0,81,82,38749,0,0,0,0,0
2020-05-28,Lithuania,1656,68,0,1588,1647,66,0,1581,1639,2793471,9,2,0,7,8
2020-05-28,Luxembourg,4008,110,0,3898,4001,110,0,3891,3995,613894,7,0,0,7,6
2020-05-28,MS Zaandam,9,2,0,7,9,2,0,7,9,,0,0,0,0,0
2020-05-28,Madagascar,656,2,0,654,612,2,0,610,586,25680342,44,0,0,44,26
2020-05-28,Malawi,203,4,0,199,101,4,0,97,101,,102,0,0,102,0
2020-05-28,Malaysia,7629,115,0,7514,7619,115,0,7504,7604,32726760,10,0,0,10,15
2020-05-28,Maldives,1513,5,0,1508,1457,5,0,1452,1438,374775,56,0,0,56,19
2020-05-28,Mali,1194,72,0,1122,1116,70,0,1046,1077,,78,2,0,76,39
2020-05-28,Malta,616,7,0,609,612,7,0,605,611,493559,4,0,0,4,1
2020-05-28,Mauritania,346,19,0,327,292,16,0,276,268,4077347,54,3,0,51,24
2020-05-28,Mauritius,334,10,0,324,334,10,0,324,334,1265985,0,0,0,0,0
2020-05-28,Mexico,81400,9044,0,72356,78023,8597,0,69426,74560,126577691,3377,447,0,2930,3463
2020-05-28,Moldova,7725,282,0,7443,7537,274,0,7263,7305,2681735,188,8,0,180,232
2020-05-28,Monaco,98,4,0,94,98,4,0,94,98,38300,0,0,0,0,0
2020-05-28,Mongolia,161,0,0,161,148,0,0,148,141,3308788,13,0,0,13,7
2020-05-28,Montenegro,324,9,0,315,324,9,0,315,324,622359,0,0,0,0,0
2020-05-28,Morocco,7643,202,0,7441,7601,202,0,7399,7577,35846095,42,0,0,42,24
2020-05-28,Mozambique,233,2,0,231,227,1,0,226,213,,6,1,0,5,14
2020-05-28,Namibia,22,0,0,22,22,0,0,22,21,2458936,0,0,0,0,1
2020-05-28,Nepal,1042,5,0,1037,886,4,0,882,772,29609623,156,1,0,155,114
2020-05-28,Netherlands,46152,5922,0,40230,45970,5890,0,40080,45780,17447181,182,32,0,150,190
2020-05-28,New Zealand,1504,22,0,1482,1504,22,0,1482,1504,4972216,0,0,0,0,0
2020-05-28,Nicaragua,759,35,0,724,759,35,0,724,759,6460411,0,0,0,0,0
2020-05-28,Niger,955,64,0,891,952,63,0,889,952,22314743,3,1,0,2,0
2020-05-28,Nigeria,8915,259,0,8656,8733,254,0,8479,8344,206139587,182,5,0,177,389
2020-05-28,North Macedonia,2077,121,0,1956,2039,119,0,1920,2014,2077132,38,2,0,36,25
2020-05-28,Norway,8411,236,0,8175,8401,235,0,8166,8383,5367580,10,1,0,9,18
2020-05-28,Oman,9009,40,0,8969,8373,39,0,8334,8118,4664790,636,1,0,635,255
2020-05-28,Pakistan,61227,1260,0,59967,59151,1225,0,57926,57705,219027520,2076,35,0,2041,1446
2020-05-28,Panama,12131,320,0,11811,11728,315,0,11413,11447,4218808,403,5,0,398,281
2020-05-28,Papua New Guinea,8,0,0,8,8,0,0,8,8,8935000,0,0,0,0,0
2020-05-28,Paraguay,900,11,0,889,884,11,0,873,877,7152703,16,0,0,16,7
2020-05-28,Peru,141779,4099,0,137680,135905,3983,0,131922,129751,32131400,5874,116,0,5758,6154
2020-05-28,Philippines,15588,921,0,14667,15049,904,0,14145,14669,108438081,539,17,0,522,380
2020-05-28,Poland,22825,1038,0,21787,22473,1028,0,21445,22074,38386000,352,10,0,342,399
2020-05-28,Portugal,31596,1369,0,30227,31292,1356,0,29936,31007,10276617,304,13,0,291,285
2020-05-28,Qatar,50914,33,0,50881,48947,30,0,48917,47207,2747282,1967,3,0,1964,1740
2020-05-28,Romania,18791,1235,0,17556,18594,1227,0,17367,18429,19405156,197,8,0,189,165
2020-05-28,Russia,379051,4142,0,374909,370680,3968,0,366712,362342,146745098,8371,174,0,8197,8338
2020-05-28,Rwanda,349,0,0,349,346,0,0,346,339,12374397,3,0,0,3,7
2020-05-28,Saint Kitts and Nevis,15,0,0,15,15,0,0,15,15,,0,0,0,0,0
2020-05-28,Saint Lucia,18,0,0,18,18,0,0,18,18,178696,0,0,0,0,0
2020-05-28,Saint Vincent and the Grenadines,25,0,0,25,18,0,0,18,18,110608,7,0,0,7,0
2020-05-28,San Marino,670,42,0,628,667,42,0,625,666,33574,3,0,0,3,1
2020-05-28,Sao Tome and Principe,458,12,0,446,443,12,0,431,441,,15,0,0,15,2
2020-05-28,Saudi Arabia,80185,441,0,79744,78541,425,0,78116,76726,34218169,1644,16,0,1628,1815
2020-05-28,Senegal,3348,39,0,3309,3253,38,0,3215,3161,16209125,95,1,0,94,92
2020-05-28,Serbia,11300,241,0,11059,11275,240,0,11035,11227,6963764,25,1,0,24,48
2020-05-28,Seychelles,11,0,0,11,11,0,0,11,11,97625,0,0,0,0,0
2020-05-28,Sierra Leone,812,45,0,767,782,45,0,737,754,,30,0,0,30,28
2020-05-28,Singapore,33249,23,0,33226,32876,23,0,32853,32343,5703600,373,0,0,373,533
2020-05-28,Slovakia,1520,28,0,1492,1515,28,0,1487,1513,5456362,5,0,0,5,2
2020-05-28,Slovenia,1473,108,0,1365,1471,108,0,1363,1469,2094060,2,0,0,2,2
2020-05-28,Somalia,1828,72,0,1756,1731,67,0,1664,1711,15893219,97,5,0,92,20
2020-05-28,South Africa,27403,577,0,26826,25937,552,0,25385,24264,58775022,1466,25,0,1441,1673
2020-05-28,South Sudan,994,10,0,984,994,10,0,984,806,,0,0,0,0,188
2020-05-28,Spain,237906,27119,0,210787,236259,27117,0,209142,236259,47100396,1647,2,0,1645,0
2020-05-28,Sri Lanka,1530,10,0,1520,1469,10,0,1459,1319,21803000,61,0,0,61,150
2020-05-28,Sudan,4346,195,0,4151,4346,195,0,4151,3976,42364155,0,0,0,0,370
2020-05-28,Suriname,12,1,0,11,12,1,0,11,11,581372,0,0,0,0,1
2020-05-28,Sweden,35727,4266,0,31461,35088,4220,0,30868,34440,10333456,639,46,0,593,648
2020-05-28,Switzerland,30796,1919,0,28877,30776,1917,0,28859,30761,8586550,20,2,0,18,15
2020-05-28,Syria,122,4,0,118,121,4,0,117,121,,1,0,0,1,0
2020-05-28,Taiwan*,441,7,0,434,441,7,0,434,441,23604265,0,0,0,0,0
2020-05-28,Tajikistan,3563,47,0,3516,3424,47,0,3377,3266,,139,0,0,139,158
2020-05-28,Tanzania,509,21,0,488,509,21,0,488,509,55890747,0,0,0,0,0
2020-05-28,Thailand,3065,57,0,3008,3054,57,0,2997,3045,66484342,11,0,0,11,9
2020-05-28,Timor-Leste,24,0,0,24,24,0,0,24,24,,0,0,0,0,0
2020-05-28,Togo,422,13,0,409,395,13,0,382,391,7538000,27,0,0,27,4
2020-05-28,Trinidad and Tobago,116,8,0,108,116,8,0,108,116,1363985,0,0,0,0,0
2020-05-28,Tunisia,1068,48,0,1020,1051,48,0,1003,1051,11722038,17,0,0,17,0
2020-05-28,Turkey,160979,4461,0,156518,159797,4431,0,155366,158762,83154997,1182,30,0,1152,1035
2020-05-28,US,1721753,101616,0,1620137,1699176,100417,0,1598759,1680913,329493716,22577,1199,0,21378,18263
2020-05-28,Uganda,317,0,0,317,281,0,0,281,253,40299300,36,0,0,36,28
2020-05-28,Ukraine,22382,669,0,21713,21905,658,0,21247,21584,41902416,477,11,0,466,321
2020-05-28,United Arab Emirates,32532,258,0,32274,31969,255,0,31714,31086,9890400,563,3,0,560,883
2020-05-28,United Kingdom,270508,37919,0,232589,268619,37542,0,231077,266599,66435600,1889,377,0,1512,2020
2020-05-28,Uruguay,811,22,0,789,803,22,0,781,789,3518552,8,0,0,8,14
2020-05-28,Uzbekistan,3444,14,0,3430,3369,14,0,3355,3290,34083289,75,0,0,75,79
2020-05-28,Venezuela,1325,11,0,1314,1245,11,0,1234,1211,32219521,80,0,0,80,34
2020-05-28,Vietnam,327,0,0,327,327,0,0,327,327,96208984,0,0,0,0,0
2020-05-28,West Bank and Gaza,446,3,0,443,434,3,0,431,429,,12,0,0,12,5
2020-05-28,Western Sahara,9,1,0,8,9,1,0,8,9,,0,0,0,0,0
2020-05-28,Yemen,278,57,0,221,256,53,0,203,249,,22,4,0,18,7
2020-05-28,Zambia,1057,7,0,1050,1057,7,0,1050,920,17381168,0,0,0,0,137
2020-05-28,Zimbabwe,149,4,0,145,132,4,0,128,56,15159624,17,0,0,17,76
