Date,Country/Region,Confirmed,Deaths,Recovered,Active Cases,Previous Confirmed,Previous Deaths,Previous Recovered,Previous Active,Prev2 Confirmed,Previous Week Confirmed,Population,Daily Confirmed,Daily Deaths,Daily Recovered,Daily Active,Previous Daily Confirmed,Weekly Confirmed
2020-11-21,Afghanistan,44503,1675,0,42828,44443,1661,0,42782,44228,43035,32225560,60,14,0,46,215,1468
2020-11-21,Albania,32196,685,0,31511,31459,672,0,30787,30623,27233,2862427,737,13,0,724,836,4963
2020-11-21,Algeria,73774,2255,0,71519,72755,2236,0,70519,71652,66819,43000000,1019,19,0,1000,1103,6955
2020-11-21,Andorra,6207,76,0,6131,6142,76,0,6066,6066,5725,77543,65,0,0,65,76,482
2020-11-21,Angola,14413,336,0,14077,14267,334,0,13933,14134,13374,31127674,146,2,0,144,133,1039
2020-11-21,Antigua and Barbuda,139,4,0,135,139,4,0,135,139,134,96453,0,0,0,0,0,5
2020-11-21,Argentina,1366182,36902,0,1329280,1359042,36790,0,1322252,1349434,1304846,44938712,7140,112,0,7028,9608,61336
2020-11-21,Armenia,124839,1931,0,122908,123646,1900,0,121746,121979,115855,2957500,1193,31,0,1162,1667,8984
2020-11-21,Australia,27821,907,0,26914,27806,907,0,26899,27792,27711,25654023,15,0,0,15,14,110
2020-11-21,Austria,241962,2328,0,239634,235351,2224,0,233127,228683,198291,8902600,6611,104,0,6507,6668,43671
2020-11-21,Azerbaijan,89898,1107,0,88791,87163,1079,0,86084,83994,73429,10067108,2735,28,0,2707,3169,16469
2020-11-21,Bahamas,7395,163,0,7232,7367,163,0,7204,7348,7163,,28,0,0,28,19,232
2020-11-21,Bahrain,85591,338,0,85253,85467,338,0,85129,85317,84523,1543300,124,0,0,124,150,1068
2020-11-21,Bangladesh,445281,6350,0,438931,443434,6322,0,437112,441159,430496,168310034,1847,28,0,1819,2275,14785
2020-11-21,Barbados,255,7,0,248,253,7,0,246,253,249,287025,2,0,0,2,0,6
2020-11-21,Belarus,122435,1089,0,121346,120847,1081,0,119766,119390,112870,9413446,1588,8,0,1580,1457,9565
2020-11-21,Belgium,556904,15522,0,541382,553680,15352,0,538328,550264,531280,11524454,3224,170,0,3054,3416,25624
2020-11-21,Belize,5110,112,0,4998,5056,107,0,4949,5018,4783,,54,5,0,49,38,327
2020-11-21,Benin,2916,43,0,2873,2916,43,0,2873,2916,2844,11733059,0,0,0,0,0,72
2020-11-21,Bhutan,379,0,0,379,378,0,0,378,378,375,741672,1,0,0,1,0,4
2020-11-21,Bolivia,143922,8904,0,135018,143854,8900,0,134954,143756,143181,11469896,68,4,0,64,98,741
2020-11-21,Bosnia and Herzegovina,79309,2246,0,77063,77994,2209,0,75785,76757,70900,3301000,1315,37,0,1278,1237,8409
2020-11-21,Botswana,9594,31,0,9563,9594,31,0,9563,9594,8225,,0,0,0,0,0,1369
2020-11-21,Brazil,6052786,168989,0,5883797,6020164,168613,0,5851551,5981767,5848959,211288170,32622,376,0,32246,38397,203827
2020-11-21,Brunei,148,3,0,145,148,3,0,145,148,148,442400,0,0,0,0,0,0
2020-11-21,Bulgaria,120697,2820,0,117877,118418,2778,0,115640,114435,97435,7000039,2279,42,0,2237,3983,23262
2020-11-21,Burkina Faso,2703,68,0,2635,2686,68,0,2618,2686,2635,20870060,17,0,0,17,0,68
2020-11-21,Burma,77848,1722,0,76126,76414,1695,0,74719,74882,68011,,1434,27,0,1407,1532,9837
2020-11-21,Burundi,656,1,0,655,649,1,0,648,641,627,,7,0,0,7,8,29
2020-11-21,Cabo Verde,10234,104,0,10130,10152,104,0,10048,10082,9780,,82,0,0,82,70,454
2020-11-21,Cambodia,306,0,0,306,305,0,0,305,304,302,15288489,1,0,0,1,1,4
2020-11-21,Cameroon,23528,435,0,23093,23528,435,0,23093,23528,22692,26545864,0,0,0,0,0,836
2020-11-21,Canada,329084,11455,0,317629,324152,11385,0,312767,319175,295131,37966227,4932,70,0,4862,4977,33953
2020-11-21,Central African Republic,4911,63,0,4848,4911,63,0,4848,4907,4896,5496011,0,0,0,0,4,15
2020-11-21,Chad,1633,101,0,1532,1626,101,0,1525,1620,1591,15692969,7,0,0,7,6,42
2020-11-21,Chile,539143,15030,0,524113,537585,15003,0,522582,536012,529676,19107216,1558,27,0,1531,1573,9467
2020-11-21,China,92037,4742,0,87295,91977,4742,0,87235,91935,91828,1401870440,60,0,0,60,42,209
2020-11-21,Colombia,1240493,35104,0,1205389,1233444,34929,0,1198515,1225490,1191634,49395678,7049,175,0,6874,7954,48859
2020-11-21,Comoros,596,7,0,589,592,7,0,585,592,579,,4,0,0,4,0,17
2020-11-21,Congo (Brazzaville),5632,93,0,5539,5632,93,0,5539,5632,5515,5518092,0,0,0,0,0,117
2020-11-21,Congo (Kinshasa),12180,327,0,11853,12129,324,0,11805,12008,11760,89561404,51,3,0,48,121,420
2020-11-21,Costa Rica,129418,1608,0,127810,129418,1608,0,127810,128231,123223,5058007,0,0,0,0,1187,6195
2020-11-21,Cote d'Ivoire,21126,129,0,20997,21099,129,0,20970,21083,20945,25823071,27,0,0,27,16,181
2020-11-21,Croatia,100410,1304,0,99106,96837,1257,0,95580,93879,81844,4076246,3573,47,0,3526,2958,18566
2020-11-21,Cuba,7798,132,0,7666,7763,131,0,7632,7725,7568,11209628,35,1,0,34,38,230
2020-11-21,Cyprus,8456,43,0,8413,8211,43,0,8168,7979,7051,875900,245,0,0,245,232,1405
2020-11-21,Czechia,490750,7095,0,483655,487563,7021,0,480542,481755,458229,10693939,3187,74,0,3113,5808,32521
2020-11-21,Denmark,70152,781,0,69371,68878,778,0,68100,67621,61593,5822763,1274,3,0,1271,1257,8559
2020-11-21,Diamond Princess,712,13,0,699,712,13,0,699,712,712,,0,0,0,0,0,0
2020-11-21,Djibouti,5661,61,0,5600,5660,61,0,5599,5658,5645,1078373,1,0,0,1,2,16
2020-11-21,Dominica,72,0,0,72,68,0,0,68,68,68,,4,0,0,4,0,4
2020-11-21,Dominican Republic,137770,2308,0,135462,136784,2306,0,134478,136183,133225,10358320,986,2,0,984,601,4545
2020-11-21,Ecuador,184876,13139,0,171737,183840,13095,0,170745,183246,179627,17449288,1036,44,0,992,594,5249
2020-11-21,Egypt,112676,6535,0,106141,112318,6521,0,105797,111955,110547,100153850,358,14,0,344,363,2129
2020-11-21,El Salvador,37250,1070,0,36180,37250,1064,0,36186,37109,36358,6486201,0,6,0,-6,141,892
2020-11-21,Equatorial Guinea,5130,85,0,5045,5121,85,0,5036,5121,5104,1358276,9,0,0,9,0,26
2020-11-21,Eritrea,551,0,0,551,527,0,0,527,527,493,3497117,24,0,0,24,0,58
2020-11-21,Estonia,9375,87,0,9288,9076,87,0,8989,8715,7412,1328360,299,0,0,299,361,1963
2020-11-21,Eswatini,6205,119,0,6086,6185,119,0,6066,6156,6093,1093238,20,0,0,20,29,112
2020-11-21,Ethiopia,105352,1636,0,103716,104879,1620,0,103259,104427,102321,98665000,473,16,0,457,452,3031
2020-11-21,Fiji,35,2,0,33,35,2,0,33,35,35,884887,0,0,0,0,0,0
2020-11-21,Finland,21216,375,0,20841,20747,375,0,20372,20286,19102,5527573,469,0,0,469,461,2114
2020-11-21,France,2178023,48593,0,2129430,2160343,48341,0,2112002,2137096,2004244,67069000,17680,252,0,17428,23247,173779
2020-11-21,Gabon,9131,59,0,9072,9131,59,0,9072,9116,9062,2172579,0,0,0,0,15,69
2020-11-21,Gambia,3726,123,0,3603,3706,122,0,3584,3705,3702,,20,1,0,19,1,24
2020-11-21,Georgia,100684,927,0,99757,96860,894,0,95966,93092,76658,3723464,3824,33,0,3791,3768,24026
2020-11-21,Germany,927990,14061,0,913929,914118,13918,0,900200,891525,799733,83149300,13872,143,0,13729,22593,128257
2020-11-21,Ghana,50717,323,0,50394,50631,323,0,50308,50631,50018,30280811,86,0,0,86,0,699
2020-11-21,Greece,90121,1527,0,88594,87812,1419,0,86393,85261,72510,10724599,2309,108,0,2201,2551,17611
2020-11-21,Grenada,41,0,0,41,41,0,0,41,36,32,,0,0,0,0,5,9
2020-11-21,Guatemala,118417,4074,0,114343,117757,4067,0,113690,117066,114719,16604026,660,7,0,653,691,3698
2020-11-21,Guinea,12798,75,0,12723,12743,75,0,12668,12713,12585,12218357,55,0,0,55,30,213
2020-11-21,Guinea-Bissau,2421,43,0,2378,2421,43,0,2378,2421,2419,,0,0,0,0,0,2
2020-11-21,Guyana,5093,143,0,4950,5005,143,0,4862,4976,4794,782766,88,0,0,88,29,299
2020-11-21,Haiti,9214,232,0,8982,9211,232,0,8979,9208,9168,11577779,3,0,0,3,3,46
2020-11-21,Holy See,27,0,0,27,27,0,0,27,27,27,,0,0,0,0,0,0
2020-11-21,Honduras,104435,2857,0,101578,103551,2853,0,100698,103488,102555,9158345,884,4,0,880,63,1880
2020-11-21,Hungary,170298,3689,0,166609,165901,3568,0,162333,161461,136723,9772756,4397,121,0,4276,4440,33575
2020-11-21,Iceland,5269,26,0,5243,5251,26,0,5225,5231,5186,364260,18,0,0,18,20,83
2020-11-21,India,9095806,133227,0,8962579,9050597,132726,0,8917871,9004365,8814579,1360094159,45209,501,0,44708,46232,281227
2020-11-21,Indonesia,493308,15774,0,477534,488310,15678,0,472632,483518,463007,266911900,4998,96,0,4902,4792,30301
2020-11-21,Iran,841308,44327,0,796981,828377,43896,0,784481,815117,749525,83301053,12931,431,0,12500,13260,91783
2020-11-21,Iraq,533555,11925,0,521630,531769,11883,0,519886,529226,516915,39127900,1786,42,0,1744,2543,16640
2020-11-21,Ireland,70143,2022,0,68121,69802,2018,0,67784,69473,67526,4921500,341,4,0,337,329,2617
2020-11-21,Israel,328397,2757,0,325640,327748,2744,0,325004,327049,323339,9175050,649,13,0,636,699,5058
2020-11-21,Italy,1380531,49261,0,1331270,1345767,48569,0,1297198,1308528,1144552,60243406,34764,692,0,34072,37239,235979
2020-11-21,Jamaica,10240,237,0,10003,10151,235,0,9916,10088,9780,2726667,89,2,0,87,63,460
2020-11-21,Japan,130871,1932,0,128939,128285,1930,0,126355,125859,117113,126010000,2586,2,0,2584,2426,13758
2020-11-21,Jordan,178161,2172,0,175989,174335,2116,0,172219,169395,141305,10641432,3826,56,0,3770,4940,36856
2020-11-21,Kazakhstan,125466,1945,0,123521,124710,1945,0,122765,123888,120463,18667696,756,0,0,756,822,5003
2020-11-21,Kenya,76404,1366,0,75038,75193,1349,0,73844,74145,69273,47564296,1211,17,0,1194,1048,7131
2020-11-21,"Korea, South",30733,505,0,30228,30403,503,0,29900,30017,28546,51780579,330,2,0,328,386,2187
2020-11-21,Kosovo,33588,904,0,32684,32877,885,0,31992,32022,27851,1795666,711,19,0,692,855,5737
2020-11-21,Kuwait,139734,863,0,138871,139308,861,0,138447,138822,136341,4420110,426,2,0,424,486,3393
2020-11-21,Kyrgyzstan,69149,1227,0,67922,68702,1223,0,67479,68316,65953,6523500,447,4,0,443,386,3196
2020-11-21,Laos,25,0,0,25,25,0,0,25,25,24,,0,0,0,0,0,1
2020-11-21,Latvia,12744,153,0,12591,12102,146,0,11956,11722,10231,1906800,642,7,0,635,380,2513
2020-11-21,Lebanon,115283,894,0,114389,113655,884,0,112771,111946,104267,6825442,1628,10,0,1618,1709,11016
2020-11-21,Lesotho,2085,44,0,2041,2066,44,0,2022,2065,2041,,19,0,0,19,1,44
2020-11-21,Liberia,1551,82,0,1469,1551,82,0,1469,1539,1498,4475353,0,0,0,0,12,53
2020-11-21,Libya,76808,1068,0,75740,76808,1068,0,75740,76006,72628,,0,0,0,0,802,4180
2020-11-21,Liechtenstein,1109,8,0,1101,1094,8,0,1086,1072,970,38749,15,0,0,15,22,139
2020-11-21,Lithuania,44740,374,0,44366,42757,357,0,42400,40492,33387,2793471,1983,17,0,1966,2265,11353
2020-11-21,Luxembourg,29762,260,0,29502,29762,260,0,29502,29243,25931,613894,0,0,0,0,519,3831
2020-11-21,MS Zaandam,9,2,0,7,9,2,0,7,9,9,,0,0,0,0,0,0
2020-11-21,Madagascar,17310,250,0,17060,17310,250,0,17060,17310,17223,25680342,0,0,0,0,0,87
2020-11-21,Malawi,6003,185,0,5818,6003,185,0,5818,6002,5964,,0,0,0,0,1,39
2020-11-21,Malaysia,53679,332,0,53347,52638,329,0,52309,51680,46209,32726760,1041,3,0,1038,958,7470
2020-11-21,Maldives,12578,45,0,12533,12546,45,0,12501,12452,12154,374775,32,0,0,32,94,424
2020-11-21,Mali,4206,143,0,4063,4169,143,0,4026,4093,3868,,37,0,0,37,76,338
2020-11-21,Malta,8822,111,0,8711,8681,108,0,8573,8560,7917,493559,141,3,0,138,121,905
2020-11-21,Marshall Islands,4,0,0,4,4,0,0,4,4,1,,0,0,0,0,0,3
2020-11-21,Mauritania,8096,169,0,7927,8075,169,0,7906,8034,7948,4077347,21,0,0,21,41,148
2020-11-21,Mauritius,494,10,0,484,494,10,0,484,494,470,1265985,0,0,0,0,0,24
2020-11-21,Mexico,1025969,100823,0,925146,1025969,100823,0,925146,1019543,1003253,126577691,0,0,0,0,6426,22716
2020-11-21,Moldova,96689,2130,0,94559,95383,2111,0,93272,93961,88772,2681735,1306,19,0,1287,1422,7917
2020-11-21,Monaco,581,3,0,578,577,3,0,574,573,545,38300,4,0,0,4,4,36
2020-11-21,Mongolia,608,0,0,608,578,0,0,578,555,428,3308788,30,0,0,30,23,180
2020-11-21,Montenegro,30653,434,0,30219,30079,429,0,29650,29577,26686,622359,574,5,0,569,502,3967
2020-11-21,Morocco,320962,5256,0,315706,316260,5182,0,311078,311554,288211,35846095,4702,74,0,4628,4706,32751
2020-11-21,Mozambique,14981,123,0,14858,14877,121,0,14756,14723,14340,,104,2,0,102,154,641
2020-11-21,Namibia,13811,145,0,13666,13712,143,0,13569,13662,13449,2458936,99,2,0,97,50,362
2020-11-21,Nepal,218639,1305,0,217334,216965,1298,0,215667,215020,208299,29609623,1674,7,0,1667,1945,10340
2020-11-21,Netherlands,486820,8946,0,477874,480649,8898,0,471751,474641,449501,17447181,6171,48,0,6123,6008,37319
2020-11-21,New Zealand,2028,25,0,2003,2019,25,0,1994,2013,2001,4972216,9,0,0,9,6,27
2020-11-21,Nicaragua,5725,159,0,5566,5725,159,0,5566,5725,5661,6460411,0,0,0,0,0,64
2020-11-21,Niger,1351,70,0,1281,1340,70,0,1270,1335,1301,22314743,11,0,0,11,5,50
2020-11-21,Nigeria,66228,1166,0,65062,65982,1165,0,64817,65839,64996,206139587,246,1,0,245,143,1232
2020-11-21,North Macedonia,53631,1487,0,52144,52449,1462,0,50987,51213,46062,2077132,1182,25,0,1157,1236,7569
2020-11-21,Norway,32352,306,0,32046,32014,306,0,31708,31441,28434,5367580,338,0,0,338,573,3918
2020-11-21,Oman,121360,1365,0,119995,121360,1365,0,119995,121360,119442,4664790,0,0,0,0,0,1918
2020-11-21,Pakistan,374173,7662,0,366511,371508,7603,0,363905,368665,356904,219027520,2665,59,0,2606,2843,17269
2020-11-21,Panama,153577,2946,0,150631,152289,2932,0,149357,151089,145309,4218808,1288,14,0,1274,1200,8268
2020-11-21,Papua New Guinea,604,7,0,597,604,7,0,597,604,600,8935000,0,0,0,0,0,4
2020-11-21,Paraguay,75857,1652,0,74205,75058,1647,0,73411,74495,71065,7152703,799,5,0,794,563,4792
2020-11-21,Peru,948081,35549,0,912532,943917,35446,0,908471,939931,932650,32131400,4164,103,0,4061,3986,15431
2020-11-21,Philippines,416852,8080,0,408772,415067,8025,0,407042,413430,406337,108438081,1785,55,0,1730,1637,10515
2020-11-21,Poland,843475,13288,0,830187,819262,12714,0,806548,796798,691118,38386000,24213,574,0,23639,22464,152357
2020-11-21,Portugal,255970,3824,0,252146,249498,3762,0,245736,243009,211266,10276617,6472,62,0,6410,6489,44704
2020-11-21,Qatar,137062,235,0,136827,136888,235,0,136653,136649,135570,2747282,174,0,0,174,239,1492
2020-11-21,Romania,412808,9916,0,402892,403123,9756,0,393367,393851,353185,19405156,9685,160,0,9525,9272,59623
2020-11-21,Russia,2047563,35442,0,2012121,2023025,34980,0,1988045,1998966,1887836,146745098,24538,462,0,24076,24059,159727
2020-11-21,Rwanda,5620,46,0,5574,5586,46,0,5540,5572,5394,12374397,34,0,0,34,14,226
2020-11-21,Saint Kitts and Nevis,19,0,0,19,19,0,0,19,19,19,,0,0,0,0,0,0
2020-11-21,Saint Lucia,204,2,0,202,203,2,0,201,203,160,178696,1,0,0,1,0,44
2020-11-21,Saint Vincent and the Grenadines,84,0,0,84,84,0,0,84,84,78,110608,0,0,0,0,0,6
2020-11-21,San Marino,1395,43,0,1352,1395,43,0,1352,1358,1253,33574,0,0,0,0,37,142
2020-11-21,Sao Tome and Principe,979,17,0,962,974,17,0,957,974,964,,5,0,0,5,0,15
2020-11-21,Saudi Arabia,355034,5761,0,349273,354813,5745,0,349068,354527,352950,34218169,221,16,0,205,286,2084
2020-11-21,Senegal,15865,330,0,15535,15848,330,0,15518,15835,15779,16209125,17,0,0,17,13,86
2020-11-21,Serbia,116125,1168,0,114957,110351,1140,0,109211,104097,81086,6963764,5774,28,0,5746,6254,35039
2020-11-21,Seychelles,163,0,0,163,163,0,0,163,163,160,97625,0,0,0,0,0,3
2020-11-21,Sierra Leone,2405,74,0,2331,2399,74,0,2325,2397,2391,,6,0,0,6,2,14
2020-11-21,Singapore,58148,28,0,58120,58143,28,0,58115,58139,58116,5703600,5,0,0,5,4,32
2020-11-21,Slovakia,95257,644,0,94613,93396,614,0,92782,91578,85567,5456362,1861,30,0,1831,1818,9690
2020-11-21,Slovenia,64284,1026,0,63258,62580,995,0,61585,61034,54122,2094060,1704,31,0,1673,1546,10162
2020-11-21,Solomon Islands,16,0,0,16,16,0,0,16,16,16,,0,0,0,0,0,0
2020-11-21,Somalia,4382,108,0,4274,4382,108,0,4274,4382,4301,15893219,0,0,0,0,0,81
2020-11-21,South Africa,765409,20845,0,744564,762763,20759,0,742004,759658,749182,58775022,2646,86,0,2560,3105,16227
2020-11-21,South Sudan,3047,60,0,2987,3016,59,0,2957,3016,3003,,31,1,0,30,0,44
2020-11-21,Spain,1556730,42619,0,1514111,1556730,42619,0,1514111,1541574,1458591,47100396,0,0,0,0,15156,98139
2020-11-21,Sri Lanka,19771,83,0,19688,19280,74,0,19206,18841,16583,21803000,491,9,0,482,439,3188
2020-11-21,Sudan,15839,1193,0,14646,15530,1185,0,14345,15299,14401,42364155,309,8,0,301,231,1438
2020-11-21,Suriname,5295,116,0,5179,5289,116,0,5173,5284,5274,581372,6,0,0,6,5,21
2020-11-21,Sweden,208295,6406,0,201889,208295,6406,0,201889,201055,177355,10333456,0,0,0,0,7240,30940
2020-11-21,Switzerland,290601,4031,0,286570,290601,3992,0,286609,285655,257135,8586550,0,39,0,-39,4946,33466
2020-11-21,Syria,7154,372,0,6782,7079,368,0,6711,6991,6613,,75,4,0,71,88,541
2020-11-21,Taiwan*,611,7,0,604,611,7,0,604,609,600,23604265,0,0,0,0,2,11
2020-11-21,Tajikistan,11854,86,0,11768,11815,86,0,11729,11772,11573,,39,0,0,39,43,281
2020-11-21,Tanzania,509,21,0,488,509,21,0,488,509,509,55890747,0,0,0,0,0,0
2020-11-21,Thailand,3913,60,0,3853,3902,60,0,3842,3892,3874,66484342,11,0,0,11,10,39
2020-11-21,Timor-Leste,30,0,0,30,30,0,0,30,30,30,,0,0,0,0,0,0
2020-11-21,Togo,2829,64,0,2765,2796,64,0,2732,2771,2651,7538000,33,0,0,33,25,178
2020-11-21,Trinidad and Tobago,6324,115,0,6209,6261,113,0,6148,6233,6077,1363985,63,2,0,61,28,247
2020-11-21,Tunisia,87471,2752,0,84719,86265,2684,0,83581,83772,79339,11722038,1206,68,0,1138,2493,8132
2020-11-21,Turkey,440805,12219,0,428586,435273,12084,0,423189,430170,411055,83154997,5532,135,0,5397,5103,29750
2020-11-21,US,12088410,255861,0,11832549,11910858,254413,0,11656445,11715316,10903890,329493716,177552,1448,0,176104,195542,1184520
2020-11-21,Uganda,17667,168,0,17499,17431,168,0,17263,17148,15789,40299300,236,0,0,236,283,1878
2020-11-21,Ukraine,629850,11149,0,618701,614986,10929,0,604057,600152,540593,41902416,14864,220,0,14644,14834,89257
2020-11-21,United Arab Emirates,157785,548,0,157237,156523,547,0,155976,155254,149135,9890400,1262,1,0,1261,1269,8650
2020-11-21,United Kingdom,1497135,54721,0,1442414,1477214,54381,0,1422833,1456940,1347907,66435600,19921,340,0,19581,20274,149228
2020-11-21,Uruguay,4564,69,0,4495,4477,69,0,4408,4377,3957,3518552,87,0,0,87,100,607
2020-11-21,Uzbekistan,71431,603,0,70828,71208,603,0,70605,70921,69987,34083289,223,0,0,223,287,1444
2020-11-21,Vanuatu,1,0,0,1,1,0,0,1,1,1,,0,0,0,0,0,0
2020-11-21,Venezuela,99435,869,0,98566,99017,866,0,98151,98665,96933,32219521,418,3,0,415,352,2502
2020-11-21,Vietnam,1306,35,0,1271,1305,35,0,1270,1304,1265,96208984,1,0,0,1,1,41
2020-11-21,West Bank and Gaza,70254,620,0,69634,68768,606,0,68162,67296,62167,,1486,14,0,1472,1472,8087
2020-11-21,Western Sahara,10,1,0,9,10,1,0,9,10,10,,0,0,0,0,0,0
2020-11-21,Yemen,2093,608,0,1485,2090,608,0,1482,2086,2072,,3,0,0,3,4,21
2020-11-21,Zambia,17394,356,0,17038,17373,356,0,17017,17350,17097,17381168,21,0,0,21,23,297
2020-11-21,Zimbabwe,9172,265,0,8907,9120,265,0,8855,9046,8786,15159624,52,0,0,52,74,386
