Date,Country/Region,Confirmed,Deaths,Recovered,Active Cases,Previous Confirmed,Previous Deaths,Previous Recovered,Previous Active,Prev2 Confirmed,Population,Daily Confirmed,Daily Deaths,Daily Recovered,Daily Active,Previous Daily Confirmed
2020-07-01,Afghanistan,31836,774,0,31062,31517,746,0,30771,31238,32225560,319,28,0,291,279
2020-07-01,Albania,2580,65,0,2515,2535,62,0,2473,2466,2862427,45,3,0,42,69
2020-07-01,Algeria,14272,920,0,13352,13907,912,0,12995,13571,43000000,365,8,0,357,336
2020-07-01,Andorra,855,52,0,803,855,52,0,803,855,77543,0,0,0,0,0
2020-07-01,Angola,291,15,0,276,284,13,0,271,276,31127674,7,2,0,5,8
2020-07-01,Antigua and Barbuda,69,3,0,66,69,3,0,66,69,96453,0,0,0,0,0
2020-07-01,Argentina,67197,1351,0,65846,64530,1307,0,63223,62268,44938712,2667,44,0,2623,2262
2020-07-01,Armenia,26065,453,0,25612,25542,443,0,25099,25127,2957500,523,10,0,513,415
2020-07-01,Australia,8001,104,0,7897,7920,104,0,7816,7834,25654023,81,0,0,81,86
2020-07-01,Austria,17873,705,0,17168,17766,705,0,17061,17723,8902600,107,0,0,107,43
2020-07-01,Azerbaijan,18112,220,0,17892,17524,213,0,17311,16968,10067108,588,7,0,581,556
2020-07-01,Bahamas,104,11,0,93,104,11,0,93,104,,0,0,0,0,0
2020-07-01,Bahrain,27414,92,0,27322,26758,87,0,26671,26239,1543300,656,5,0,651,519
2020-07-01,Bangladesh,149258,1888,0,147370,145483,1847,0,143636,141801,168310034,3775,41,0,3734,3682
2020-07-01,Barbados,97,7,0,90,97,7,0,90,97,287025,0,0,0,0,0
2020-07-01,Belarus,62424,398,0,62026,62118,392,0,61726,61790,9413446,306,6,0,300,328
2020-07-01,Belgium,61509,9754,0,51755,61427,9747,0,51680,61361,11524454,82,7,0,75,66
2020-07-01,Belize,28,2,0,26,24,2,0,22,24,,4,0,0,4,0
2020-07-01,Benin,1199,21,0,1178,1199,21,0,1178,1187,11733059,0,0,0,0,12
2020-07-01,Bhutan,77,0,0,77,77,0,0,77,77,741672,0,0,0,0,0
2020-07-01,Bolivia,34227,1201,0,33026,33219,1123,0,32096,32125,11469896,1008,78,0,930,1094
2020-07-01,Bosnia and Herzegovina,4606,188,0,4418,4453,186,0,4267,4325,3301000,153,2,0,151,128
2020-07-01,Botswana,227,1,0,226,227,1,0,226,175,,0,0,0,0,52
2020-07-01,Brazil,1448753,60632,0,1388121,1402041,59594,0,1342447,1368195,211288170,46712,1038,0,45674,33846
2020-07-01,Brunei,141,3,0,138,141,3,0,138,141,442400,0,0,0,0,0
2020-07-01,Bulgaria,5154,232,0,4922,4989,230,0,4759,4831,7000039,165,2,0,163,158
2020-07-01,Burkina Faso,962,53,0,909,962,53,0,909,959,20870060,0,0,0,0,3
2020-07-01,Burma,303,6,0,297,299,6,0,293,299,,4,0,0,4,0
2020-07-01,Burundi,170,1,0,169,170,1,0,169,170,,0,0,0,0,0
2020-07-01,Cabo Verde,1267,15,0,1252,1227,15,0,1212,1165,,40,0,0,40,62
2020-07-01,Cambodia,141,0,0,141,141,0,0,141,141,15288489,0,0,0,0,0
2020-07-01,Cameroon,12592,313,0,12279,12592,313,0,12279,12592,26545864,0,0,0,0,0
2020-07-01,Canada,106288,8678,0,97610,106097,8650,0,97447,105830,37966227,191,28,0,163,267
2020-07-01,Central African Republic,3745,47,0,3698,3745,47,0,3698,3613,5496011,0,0,0,0,132
2020-07-01,Chad,866,74,0,792,866,74,0,792,866,15692969,0,0,0,0,0
2020-07-01,Chile,282043,5753,0,276290,279393,5688,0,273705,275999,19107216,2650,65,0,2585,3394
2020-07-01,China,84816,4641,0,80175,84785,4641,0,80144,84780,1401870440,31,0,0,31,5
2020-07-01,Colombia,98090,3488,0,94602,95269,3376,0,91893,91995,49395678,2821,112,0,2709,3274
2020-07-01,Comoros,303,7,0,296,303,7,0,296,272,,0,0,0,0,31
2020-07-01,Congo (Brazzaville),1382,41,0,1341,1087,37,0,1050,1087,5518092,295,4,0,291,0
2020-07-01,Congo (Kinshasa),7122,175,0,6947,7039,170,0,6869,6939,89561404,83,5,0,78,100
2020-07-01,Costa Rica,3753,17,0,3736,3459,16,0,3443,3269,5058007,294,1,0,293,190
2020-07-01,Cote d'Ivoire,9702,68,0,9634,9499,68,0,9431,9214,25823071,203,0,0,203,285
2020-07-01,Croatia,2831,108,0,2723,2777,107,0,2670,2725,4076246,54,1,0,53,52
2020-07-01,Cuba,2348,86,0,2262,2341,86,0,2255,2340,11209628,7,0,0,7,1
2020-07-01,Cyprus,999,19,0,980,998,19,0,979,996,875900,1,0,0,1,2
2020-07-01,Czechia,12046,349,0,11697,11954,349,0,11605,11805,10693939,92,0,0,92,149
2020-07-01,Denmark,12994,606,0,12388,12968,605,0,12363,12951,5822763,26,1,0,25,17
2020-07-01,Diamond Princess,712,13,0,699,712,13,0,699,712,,0,0,0,0,0
2020-07-01,Djibouti,4704,55,0,4649,4682,54,0,4628,4656,1078373,22,1,0,21,26
2020-07-01,Dominica,18,0,0,18,18,0,0,18,18,,0,0,0,0,0
2020-07-01,Dominican Republic,33387,754,0,32633,32568,747,0,31821,31816,10358320,819,7,0,812,752
2020-07-01,Ecuador,58257,4576,0,53681,56432,4527,0,51905,55665,17449288,1825,49,0,1776,767
2020-07-01,Egypt,69814,3034,0,66780,68311,2953,0,65358,66754,100153850,1503,81,0,1422,1557
2020-07-01,El Salvador,6736,182,0,6554,6438,174,0,6264,6173,6486201,298,8,0,290,265
2020-07-01,Equatorial Guinea,2001,32,0,1969,2001,32,0,1969,2001,1358276,0,0,0,0,0
2020-07-01,Eritrea,203,0,0,203,203,0,0,203,191,3497117,0,0,0,0,12
2020-07-01,Estonia,1989,69,0,1920,1989,69,0,1920,1987,1328360,0,0,0,0,2
2020-07-01,Eswatini,840,11,0,829,812,11,0,801,795,1093238,28,0,0,28,17
2020-07-01,Ethiopia,5846,103,0,5743,5846,103,0,5743,5846,98665000,0,0,0,0,0
2020-07-01,Fiji,18,0,0,18,18,0,0,18,18,884887,0,0,0,0,0
2020-07-01,Finland,7236,328,0,6908,7214,328,0,6886,7209,5527573,22,0,0,22,5
2020-07-01,France,202981,29864,0,173117,202063,29846,0,172217,201522,67069000,918,18,0,900,541
2020-07-01,Gabon,5513,42,0,5471,5394,42,0,5352,5394,2172579,119,0,0,119,0
2020-07-01,Gambia,49,2,0,47,49,2,0,47,47,,0,0,0,0,2
2020-07-01,Georgia,931,15,0,916,928,15,0,913,926,3723464,3,0,0,3,2
2020-07-01,Germany,195893,8995,0,186898,195418,8990,0,186428,195042,83149300,475,5,0,470,376
2020-07-01,Ghana,18134,117,0,18017,17741,112,0,17629,17351,30280811,393,5,0,388,390
2020-07-01,Greece,3432,192,0,3240,3409,192,0,3217,3390,10724599,23,0,0,23,19
2020-07-01,Grenada,23,0,0,23,23,0,0,23,23,,0,0,0,0,0
2020-07-01,Guatemala,19011,817,0,18194,18096,773,0,17323,17409,16604026,915,44,0,871,687
2020-07-01,Guinea,5404,33,0,5371,5391,33,0,5358,5351,12218357,13,0,0,13,40
2020-07-01,Guinea-Bissau,1654,24,0,1630,1654,24,0,1630,1654,,0,0,0,0,0
2020-07-01,Guyana,248,13,0,235,245,12,0,233,235,782766,3,1,0,2,10
2020-07-01,Haiti,6040,107,0,5933,5975,105,0,5870,5933,11577779,65,2,0,63,42
2020-07-01,Holy See,12,0,0,12,12,0,0,12,12,,0,0,0,0,0
2020-07-01,Honduras,20262,542,0,19720,19558,497,0,19061,18818,9158345,704,45,0,659,740
2020-07-01,Hungary,4157,586,0,3571,4155,585,0,3570,4145,9772756,2,1,0,1,10
2020-07-01,Iceland,1847,10,0,1837,1842,10,0,1832,1840,364260,5,0,0,5,2
2020-07-01,India,604641,17834,0,586807,585481,17400,0,568081,566840,1360094159,19160,434,0,18726,18641
2020-07-01,Indonesia,57770,2934,0,54836,56385,2876,0,53509,55092,266911900,1385,58,0,1327,1293
2020-07-01,Iran,230211,10958,0,219253,227662,10817,0,216845,225205,83301053,2549,141,0,2408,2457
2020-07-01,Iraq,51524,2050,0,49474,49109,1943,0,47166,47151,39127900,2415,107,0,2308,1958
2020-07-01,Ireland,25477,1738,0,23739,25473,1736,0,23737,25462,4921500,4,2,0,2,11
2020-07-01,Israel,26257,322,0,25935,25244,320,0,24924,24441,9175050,1013,2,0,1011,803
2020-07-01,Italy,240760,34788,0,205972,240578,34767,0,205811,240436,60243406,182,21,0,161,142
2020-07-01,Jamaica,707,10,0,697,702,10,0,692,698,2726667,5,0,0,5,4
2020-07-01,Japan,18838,976,0,17862,18615,972,0,17643,18476,126010000,223,4,0,219,139
2020-07-01,Jordan,1133,9,0,1124,1132,9,0,1123,1128,10641432,1,0,0,1,4
2020-07-01,Kazakhstan,42574,188,0,42386,22308,188,0,22120,21819,18667696,20266,0,0,20266,489
2020-07-01,Kenya,6673,149,0,6524,6366,148,0,6218,6190,47564296,307,1,0,306,176
2020-07-01,"Korea, South",12904,282,0,12622,12850,282,0,12568,12800,51780579,54,0,0,54,50
2020-07-01,Kosovo,2991,54,0,2937,2878,51,0,2827,2677,1795666,113,3,0,110,201
2020-07-01,Kuwait,46940,358,0,46582,46195,354,0,45841,45524,4420110,745,4,0,741,671
2020-07-01,Kyrgyzstan,6261,66,0,6195,5506,61,0,5445,5296,6523500,755,5,0,750,210
2020-07-01,Laos,19,0,0,19,19,0,0,19,19,,0,0,0,0,0
2020-07-01,Latvia,1121,30,0,1091,1118,30,0,1088,1117,1906800,3,0,0,3,1
2020-07-01,Lebanon,1788,34,0,1754,1778,34,0,1744,1745,6825442,10,0,0,10,33
2020-07-01,Lesotho,35,0,0,35,27,0,0,27,27,,8,0,0,8,0
2020-07-01,Liberia,804,37,0,767,780,36,0,744,770,4475353,24,1,0,23,10
2020-07-01,Libya,874,25,0,849,824,24,0,800,802,,50,1,0,49,22
2020-07-01,Liechtenstein,82,1,0,81,82,1,0,81,82,38749,0,0,0,0,0
2020-07-01,Lithuania,1818,78,0,1740,1817,78,0,1739,1816,2793471,1,0,0,1,1
2020-07-01,Luxembourg,4345,110,0,4235,4299,110,0,4189,4256,613894,46,0,0,46,43
2020-07-01,MS Zaandam,9,2,0,7,9,2,0,7,9,,0,0,0,0,0
2020-07-01,Madagascar,2303,22,0,2281,2214,20,0,2194,2138,25680342,89,2,0,87,76
2020-07-01,Malawi,1265,16,0,1249,1224,14,0,1210,1152,,41,2,0,39,72
2020-07-01,Malaysia,8640,121,0,8519,8639,121,0,8518,8637,32726760,1,0,0,1,2
2020-07-01,Maldives,2382,9,0,2373,2361,9,0,2352,2337,374775,21,0,0,21,24
2020-07-01,Mali,2202,116,0,2086,2181,116,0,2065,2173,,21,0,0,21,8
2020-07-01,Malta,671,9,0,662,670,9,0,661,670,493559,1,0,0,1,0
2020-07-01,Mauritania,4472,129,0,4343,4363,129,0,4234,4237,4077347,109,0,0,109,126
2020-07-01,Mauritius,341,10,0,331,341,10,0,331,341,1265985,0,0,0,0,0
2020-07-01,Mexico,231770,28510,0,203260,226089,27769,0,198320,220657,126577691,5681,741,0,4940,5432
2020-07-01,Moldova,16898,549,0,16349,16613,545,0,16068,16357,2681735,285,4,0,281,256
2020-07-01,Monaco,103,4,0,99,103,4,0,99,103,38300,0,0,0,0,0
2020-07-01,Mongolia,220,0,0,220,220,0,0,220,220,3308788,0,0,0,0,0
2020-07-01,Montenegro,576,12,0,564,548,12,0,536,501,622359,28,0,0,28,47
2020-07-01,Morocco,12636,228,0,12408,12533,228,0,12305,12290,35846095,103,0,0,103,243
2020-07-01,Mozambique,903,6,0,897,889,6,0,883,883,,14,0,0,14,6
2020-07-01,Namibia,285,0,0,285,205,0,0,205,196,2458936,80,0,0,80,9
2020-07-01,Nepal,14046,30,0,14016,13564,29,0,13535,13248,29609623,482,1,0,481,316
2020-07-01,Netherlands,50483,6132,0,44351,50483,6132,0,44351,50433,17447181,0,0,0,0,50
2020-07-01,New Zealand,1530,22,0,1508,1528,22,0,1506,1528,4972216,2,0,0,2,0
2020-07-01,Nicaragua,2519,83,0,2436,2519,83,0,2436,2170,6460411,0,0,0,0,349
2020-07-01,Niger,1075,67,0,1008,1075,67,0,1008,1075,22314743,0,0,0,0,0
2020-07-01,Nigeria,26484,603,0,25881,25694,590,0,25104,25133,206139587,790,13,0,777,561
2020-07-01,North Macedonia,6454,306,0,6148,6334,302,0,6032,6209,2077132,120,4,0,116,125
2020-07-01,Norway,8896,251,0,8645,8879,250,0,8629,8862,5367580,17,1,0,16,17
2020-07-01,Oman,41194,185,0,41009,40070,176,0,39894,39060,4664790,1124,9,0,1115,1010
2020-07-01,Pakistan,217809,4473,0,213336,213470,4395,0,209075,209337,219027520,4339,78,0,4261,4133
2020-07-01,Panama,34463,645,0,33818,33550,631,0,32919,32785,4218808,913,14,0,899,765
2020-07-01,Papua New Guinea,11,0,0,11,11,0,0,11,11,8935000,0,0,0,0,0
2020-07-01,Paraguay,2260,19,0,2241,2221,17,0,2204,2191,7152703,39,2,0,37,30
2020-07-01,Peru,288477,9860,0,278617,285213,9677,0,275536,282365,32131400,3264,183,0,3081,2848
2020-07-01,Philippines,38511,1270,0,37241,37514,1266,0,36248,36438,108438081,997,4,0,993,1076
2020-07-01,Poland,34775,1477,0,33298,34393,1463,0,32930,34154,38386000,382,14,0,368,239
2020-07-01,Portugal,42454,1579,0,40875,42141,1576,0,40565,41912,10276617,313,3,0,310,229
2020-07-01,Qatar,97003,115,0,96888,96088,113,0,95975,95106,2747282,915,2,0,913,982
2020-07-01,Romania,27296,1667,0,25629,26970,1651,0,25319,26582,19405156,326,16,0,310,388
2020-07-01,Russia,653479,9521,0,643958,646929,9306,0,637623,640246,146745098,6550,215,0,6335,6683
2020-07-01,Rwanda,1042,3,0,1039,1025,2,0,1023,1001,12374397,17,1,0,16,24
2020-07-01,Saint Kitts and Nevis,15,0,0,15,15,0,0,15,15,,0,0,0,0,0
2020-07-01,Saint Lucia,19,0,0,19,19,0,0,19,19,178696,0,0,0,0,0
2020-07-01,Saint Vincent and the Grenadines,29,0,0,29,29,0,0,29,29,110608,0,0,0,0,0
2020-07-01,San Marino,698,42,0,656,698,42,0,656,698,33574,0,0,0,0,0
2020-07-01,Sao Tome and Principe,715,13,0,702,714,13,0,701,713,,1,0,0,1,1
2020-07-01,Saudi Arabia,194225,1698,0,192527,190823,1649,0,189174,186436,34218169,3402,49,0,3353,4387
2020-07-01,Senegal,6925,116,0,6809,6793,112,0,6681,6698,16209125,132,4,0,128,95
2020-07-01,Serbia,14836,281,0,14555,14564,277,0,14287,14288,6963764,272,4,0,268,276
2020-07-01,Seychelles,81,0,0,81,81,0,0,81,77,97625,0,0,0,0,4
2020-07-01,Sierra Leone,1498,60,0,1438,1462,60,0,1402,1450,,36,0,0,36,12
2020-07-01,Singapore,44122,26,0,44096,43907,26,0,43881,43661,5703600,215,0,0,215,246
2020-07-01,Slovakia,1687,28,0,1659,1667,28,0,1639,1665,5456362,20,0,0,20,2
2020-07-01,Slovenia,1613,111,0,1502,1600,111,0,1489,1585,2094060,13,0,0,13,15
2020-07-01,Somalia,2924,90,0,2834,2924,90,0,2834,2904,15893219,0,0,0,0,20
2020-07-01,South Africa,159333,2749,0,156584,151209,2657,0,148552,144264,58775022,8124,92,0,8032,6945
2020-07-01,South Sudan,2021,38,0,1983,2007,38,0,1969,1989,,14,0,0,14,18
2020-07-01,Spain,249659,28364,0,221295,249271,28355,0,220916,248970,47100396,388,9,0,379,301
2020-07-01,Sri Lanka,2054,11,0,2043,2047,11,0,2036,2039,21803000,7,0,0,7,8
2020-07-01,Sudan,9573,602,0,8971,9257,572,0,8685,9257,42364155,316,30,0,286,0
2020-07-01,Suriname,535,13,0,522,515,13,0,502,501,581372,20,0,0,20,14
2020-07-01,Sweden,69692,5370,0,64322,68451,5333,0,63118,67667,10333456,1241,37,0,1204,784
2020-07-01,Switzerland,31851,1965,0,29886,31714,1963,0,29751,31652,8586550,137,2,0,135,62
2020-07-01,Syria,293,9,0,284,279,9,0,270,269,,14,0,0,14,10
2020-07-01,Taiwan*,447,7,0,440,447,7,0,440,447,23604265,0,0,0,0,0
2020-07-01,Tajikistan,6005,52,0,5953,5900,52,0,5848,5900,,105,0,0,105,0
2020-07-01,Tanzania,509,21,0,488,509,21,0,488,509,55890747,0,0,0,0,0
2020-07-01,Thailand,3173,58,0,3115,3171,58,0,3113,3169,66484342,2,0,0,2,2
2020-07-01,Timor-Leste,24,0,0,24,24,0,0,24,24,,0,0,0,0,0
2020-07-01,Togo,661,14,0,647,650,14,0,636,643,7538000,11,0,0,11,7
2020-07-01,Trinidad and Tobago,130,8,0,122,130,8,0,122,126,1363985,0,0,0,0,4
2020-07-01,Tunisia,1175,50,0,1125,1174,50,0,1124,1172,11722038,1,0,0,1,2
2020-07-01,Turkey,201098,5150,0,195948,199906,5131,0,194775,198613,83154997,1192,19,0,1173,1293
2020-07-01,US,2686258,128062,0,2558196,2635603,127417,0,2508186,2590178,329493716,50655,645,0,50010,45425
2020-07-01,Uganda,893,0,0,893,889,0,0,889,870,40299300,4,0,0,4,19
2020-07-01,Ukraine,45924,1188,0,44736,45254,1173,0,44081,44538,41902416,670,15,0,655,716
2020-07-01,United Arab Emirates,49069,316,0,48753,48667,315,0,48352,48246,9890400,402,1,0,401,421
2020-07-01,United Kingdom,314992,43991,0,271001,314160,43815,0,270345,313470,66435600,832,176,0,656,690
2020-07-01,Uruguay,943,28,0,915,936,27,0,909,932,3518552,7,1,0,6,4
2020-07-01,Uzbekistan,8781,26,0,8755,8503,26,0,8477,8222,34083289,278,0,0,278,281
2020-07-01,Venezuela,6062,54,0,6008,5832,51,0,5781,5530,32219521,230,3,0,227,302
2020-07-01,Vietnam,355,0,0,355,355,0,0,355,355,96208984,0,0,0,0,0
2020-07-01,West Bank and Gaza,2758,8,0,2750,2428,8,0,2420,2185,,330,0,0,330,243
2020-07-01,Western Sahara,10,1,0,9,10,1,0,9,10,,0,0,0,0,0
2020-07-01,Yemen,1190,318,0,872,1158,312,0,846,1128,,32,6,0,26,30
2020-07-01,Zambia,1632,30,0,1602,1594,24,0,1570,1568,17381168,38,6,0,32,26
2020-07-01,Zimbabwe,605,7,0,598,591,7,0,584,574,15159624,14,0,0,14,17
