Date,Country/Region,Confirmed,Deaths,Recovered,Active Cases,Previous Confirmed,Previous Deaths,Previous Recovered,Previous Active,Prev2 Confirmed,Previous Week Confirmed,Population,Daily Confirmed,Daily Deaths,Daily Recovered,Daily Active,Previous Daily Confirmed,Weekly Confirmed
2020-11-15,Afghanistan,43240,1617,0,41623,43035,1605,0,41430,42969,42092,32225560,205,12,0,193,66,1148
2020-11-15,Albania,27830,623,0,27207,27233,612,0,26621,26701,24206,2862427,597,11,0,586,532,3624
2020-11-15,Algeria,67679,2154,0,65525,66819,2139,0,64680,65975,62051,43000000,860,15,0,845,844,5628
2020-11-15,Andorra,5872,76,0,5796,5725,75,0,5650,5725,5383,77543,147,1,0,146,0,489
2020-11-15,Angola,13451,322,0,13129,13374,322,0,13052,13228,12433,31127674,77,0,0,77,146,1018
2020-11-15,Antigua and Barbuda,134,4,0,130,134,4,0,130,133,131,96453,0,0,0,0,1,3
2020-11-15,Argentina,1310491,35436,0,1275055,1304846,35307,0,1269539,1296378,1242182,44938712,5645,129,0,5516,8468,68309
2020-11-15,Armenia,117337,1763,0,115574,115855,1738,0,114117,114383,106424,2957500,1482,25,0,1457,1472,10913
2020-11-15,Australia,27749,907,0,26842,27711,907,0,26804,27682,27665,25654023,38,0,0,38,29,84
2020-11-15,Austria,203956,1829,0,202127,198291,1746,0,196545,191228,153153,8902600,5665,83,0,5582,7063,50803
2020-11-15,Azerbaijan,75688,967,0,74721,73429,946,0,72483,71580,65411,10067108,2259,21,0,2238,1849,10277
2020-11-15,Bahamas,7186,156,0,7030,7163,155,0,7008,7163,6947,,23,1,0,22,0,239
2020-11-15,Bahrain,84703,334,0,84369,84523,333,0,84190,84349,83456,1543300,180,1,0,179,174,1247
2020-11-15,Bangladesh,432333,6194,0,426139,430496,6173,0,424323,428965,420238,168310034,1837,21,0,1816,1531,12095
2020-11-15,Barbados,250,7,0,243,249,7,0,242,249,242,287025,1,0,0,1,0,8
2020-11-15,Belarus,114185,1046,0,113139,112870,1039,0,111831,111622,106279,9413446,1315,7,0,1308,1248,7906
2020-11-15,Belgium,535939,14421,0,521518,531280,14303,0,516977,525012,500789,11524454,4659,118,0,4541,6268,35150
2020-11-15,Belize,4861,90,0,4771,4783,88,0,4695,4715,4176,,78,2,0,76,68,685
2020-11-15,Benin,2844,43,0,2801,2844,43,0,2801,2844,2745,11733059,0,0,0,0,0,99
2020-11-15,Bhutan,375,0,0,375,375,0,0,375,369,359,741672,0,0,0,0,6,16
2020-11-15,Bolivia,143246,8849,0,134397,143181,8841,0,134340,143069,142475,11469896,65,8,0,57,112,771
2020-11-15,Bosnia and Herzegovina,71956,1889,0,70067,70900,1857,0,69043,69625,62423,3301000,1056,32,0,1024,1275,9533
2020-11-15,Botswana,8225,27,0,8198,8225,27,0,8198,8225,7835,,0,0,0,0,0,390
2020-11-15,Brazil,5863093,165798,0,5697295,5848959,165658,0,5683301,5810652,5664115,211288170,14134,140,0,13994,38307,198978
2020-11-15,Brunei,148,3,0,145,148,3,0,145,148,148,442400,0,0,0,0,0,0
2020-11-15,Bulgaria,98251,2130,0,96121,97435,2091,0,95344,94937,75160,7000039,816,39,0,777,2498,23091
2020-11-15,Burkina Faso,2641,68,0,2573,2635,68,0,2567,2609,2569,20870060,6,0,0,6,26,72
2020-11-15,Burma,68994,1577,0,67417,68011,1552,0,66459,66734,61377,,983,25,0,958,1277,7617
2020-11-15,Burundi,628,1,0,627,627,1,0,626,624,612,,1,0,0,1,3,16
2020-11-15,Cabo Verde,9822,103,0,9719,9780,102,0,9678,9741,9369,,42,1,0,41,39,453
2020-11-15,Cambodia,302,0,0,302,302,0,0,302,302,297,15288489,0,0,0,0,0,5
2020-11-15,Cameroon,22692,433,0,22259,22692,433,0,22259,22583,22421,26545864,0,0,0,0,109,271
2020-11-15,Canada,299422,11001,0,288421,295131,10947,0,284184,290705,267163,37966227,4291,54,0,4237,4426,32259
2020-11-15,Central African Republic,4900,63,0,4837,4896,63,0,4833,4888,4879,5496011,4,0,0,4,8,21
2020-11-15,Chad,1597,101,0,1496,1591,100,0,1491,1589,1547,15692969,6,1,0,5,2,50
2020-11-15,Chile,531273,14819,0,516454,529676,14777,0,514899,528030,521558,19107216,1597,42,0,1555,1646,9715
2020-11-15,China,91850,4742,0,87108,91828,4742,0,87086,91807,91665,1401870440,22,0,0,22,21,185
2020-11-15,Colombia,1198746,34031,0,1164715,1191634,33829,0,1157805,1182697,1143887,49395678,7112,202,0,6910,8937,54859
2020-11-15,Comoros,579,7,0,572,579,7,0,572,574,563,,0,0,0,0,5,16
2020-11-15,Congo (Brazzaville),5515,92,0,5423,5515,92,0,5423,5515,5379,5518092,0,0,0,0,0,136
2020-11-15,Congo (Kinshasa),11760,319,0,11441,11760,319,0,11441,11692,11591,89561404,0,0,0,0,68,169
2020-11-15,Costa Rica,123223,1546,0,121677,123223,1546,0,121677,122123,116363,5058007,0,0,0,0,1100,6860
2020-11-15,Cote d'Ivoire,20976,128,0,20848,20945,127,0,20818,20899,20832,25823071,31,1,0,30,46,144
2020-11-15,Croatia,84206,1049,0,83157,81844,1006,0,80838,78978,67247,4076246,2362,43,0,2319,2866,16959
2020-11-15,Cuba,7590,131,0,7459,7568,131,0,7437,7541,7297,11209628,22,0,0,22,27,293
2020-11-15,Cyprus,7178,39,0,7139,7051,39,0,7012,6853,5987,875900,127,0,0,127,198,1191
2020-11-15,Czechia,460116,6208,0,453908,458229,6058,0,452171,454030,414828,10693939,1887,150,0,1737,4199,45288
2020-11-15,Denmark,62652,760,0,61892,61593,757,0,60836,60515,55635,5822763,1059,3,0,1056,1078,7017
2020-11-15,Diamond Princess,712,13,0,699,712,13,0,699,712,712,,0,0,0,0,0,0
2020-11-15,Djibouti,5649,61,0,5588,5645,61,0,5584,5641,5608,1078373,4,0,0,4,4,41
2020-11-15,Dominica,68,0,0,68,68,0,0,68,68,63,,0,0,0,0,0,5
2020-11-15,Dominican Republic,133724,2285,0,131439,133225,2282,0,130943,132554,130182,10358320,499,3,0,496,671,3542
2020-11-15,Ecuador,180295,13008,0,167287,179627,12997,0,166630,178674,174907,17449288,668,11,0,657,953,5388
2020-11-15,Egypt,110767,6453,0,104314,110547,6442,0,104105,110319,109201,100153850,220,11,0,209,228,1566
2020-11-15,El Salvador,36358,1044,0,35314,36358,1039,0,35319,36195,35145,6486201,0,5,0,-5,163,1213
2020-11-15,Equatorial Guinea,5104,85,0,5019,5104,85,0,5019,5104,5092,1358276,0,0,0,0,0,12
2020-11-15,Eritrea,493,0,0,493,493,0,0,493,493,491,3497117,0,0,0,0,0,2
2020-11-15,Estonia,7637,81,0,7556,7412,80,0,7332,7148,6125,1328360,225,1,0,224,264,1512
2020-11-15,Eswatini,6095,119,0,5976,6093,119,0,5974,6076,6003,1093238,2,0,0,2,17,92
2020-11-15,Ethiopia,102720,1569,0,101151,102321,1565,0,100756,101757,99675,98665000,399,4,0,395,564,3045
2020-11-15,Fiji,35,2,0,33,35,2,0,33,35,34,884887,0,0,0,0,0,1
2020-11-15,Finland,19315,369,0,18946,19102,369,0,18733,18858,17797,5527573,213,0,0,213,244,1518
2020-11-15,France,2031472,44613,0,1986859,2004244,44311,0,1959933,1972149,1835187,67069000,27228,302,0,26926,32095,196285
2020-11-15,Gabon,9062,58,0,9004,9062,58,0,9004,9062,9022,2172579,0,0,0,0,0,40
2020-11-15,Gambia,3702,122,0,3580,3702,122,0,3580,3698,3684,,0,0,0,0,4,18
2020-11-15,Georgia,79678,703,0,78975,76658,669,0,75989,73154,57753,3723464,3020,34,0,2986,3504,21925
2020-11-15,Germany,802946,12573,0,790373,799733,12511,0,787222,785093,682624,83149300,3213,62,0,3151,14640,120322
2020-11-15,Ghana,50123,322,0,49801,50018,320,0,49698,50018,49102,30280811,105,2,0,103,0,1021
2020-11-15,Greece,74205,1106,0,73099,72510,1035,0,71475,69675,56698,10724599,1695,71,0,1624,2835,17507
2020-11-15,Grenada,32,0,0,32,32,0,0,32,32,32,,0,0,0,0,0,0
2020-11-15,Guatemala,114885,3932,0,110953,114719,3920,0,110799,114123,111262,16604026,166,12,0,154,596,3623
2020-11-15,Guinea,12611,75,0,12536,12585,74,0,12511,12537,12414,12218357,26,1,0,25,48,197
2020-11-15,Guinea-Bissau,2419,43,0,2376,2419,43,0,2376,2419,2414,,0,0,0,0,0,5
2020-11-15,Guyana,4823,139,0,4684,4794,138,0,4656,4724,4514,782766,29,1,0,28,70,309
2020-11-15,Haiti,9168,232,0,8936,9168,232,0,8936,9168,9127,11577779,0,0,0,0,0,41
2020-11-15,Holy See,27,0,0,27,27,0,0,27,27,27,,0,0,0,0,0,0
2020-11-15,Honduras,103102,2823,0,100279,102555,2822,0,99733,102079,100041,9158345,547,1,0,546,476,3061
2020-11-15,Hungary,140961,3097,0,137864,136723,2990,0,133733,131887,109616,9772756,4238,107,0,4131,4836,31345
2020-11-15,Iceland,5189,25,0,5164,5186,25,0,5161,5170,5078,364260,3,0,0,3,16,111
2020-11-15,India,8845127,130070,0,8715057,8814579,129635,0,8684944,8773479,8553657,1360094159,30548,435,0,30113,41100,291470
2020-11-15,Indonesia,467113,15211,0,451902,463007,15148,0,447859,457735,437716,266911900,4106,63,0,4043,5272,29397
2020-11-15,Iran,762068,41493,0,720575,749525,41034,0,708491,738322,682486,83301053,12543,459,0,12084,11203,79582
2020-11-15,Iraq,519152,11670,0,507482,516915,11623,0,505292,514496,498549,39127900,2237,47,0,2190,2419,20603
2020-11-15,Ireland,67903,1979,0,65924,67526,1978,0,65548,67099,65394,4921500,377,1,0,376,427,2509
2020-11-15,Israel,323741,2732,0,321009,323339,2721,0,320618,322695,319241,9175050,402,11,0,391,644,4500
2020-11-15,Italy,1178529,45229,0,1133300,1144552,44683,0,1099869,1107303,935104,60243406,33977,546,0,33431,37249,243425
2020-11-15,Jamaica,9884,231,0,9653,9780,229,0,9551,9723,9506,2726667,104,2,0,102,57,378
2020-11-15,Japan,118611,1874,0,116737,117113,1865,0,115248,115360,108394,126010000,1498,9,0,1489,1753,10217
2020-11-15,Jordan,143678,1772,0,141906,141305,1704,0,139601,136555,109321,10641432,2373,68,0,2305,4750,34357
2020-11-15,Kazakhstan,121051,1899,0,119152,120463,1899,0,118564,119833,116772,18667696,588,0,0,588,630,4279
2020-11-15,Kenya,70245,1269,0,68976,69273,1228,0,68045,68193,62488,47564296,972,41,0,931,1080,7757
2020-11-15,"Korea, South",28769,494,0,28275,28546,493,0,28053,28338,27553,51780579,223,1,0,222,208,1216
2020-11-15,Kosovo,29117,822,0,28295,27851,798,0,27053,27851,22934,1795666,1266,24,0,1242,0,6183
2020-11-15,Kuwait,136840,838,0,136002,136341,835,0,135506,135650,131743,4420110,499,3,0,496,691,5097
2020-11-15,Kyrgyzstan,66983,1203,0,65780,65953,1196,0,64757,65454,62819,6523500,1030,7,0,1023,499,4164
2020-11-15,Laos,24,0,0,24,24,0,0,24,24,24,,0,0,0,0,0,0
2020-11-15,Latvia,10547,123,0,10424,10231,121,0,10110,9836,8095,1906800,316,2,0,314,395,2452
2020-11-15,Lebanon,105430,817,0,104613,104267,806,0,103461,102607,94236,6825442,1163,11,0,1152,1660,11194
2020-11-15,Lesotho,2041,44,0,1997,2041,44,0,1997,2041,1967,,0,0,0,0,0,74
2020-11-15,Liberia,1507,82,0,1425,1498,82,0,1416,1491,1442,4475353,9,0,0,9,7,65
2020-11-15,Libya,73602,1017,0,72585,72628,995,0,71633,72628,68117,,974,22,0,952,0,5485
2020-11-15,Liechtenstein,985,5,0,980,970,5,0,965,928,788,38749,15,0,0,15,42,197
2020-11-15,Lithuania,34758,277,0,34481,33387,266,0,33121,31878,24699,2793471,1371,11,0,1360,1509,10059
2020-11-15,Luxembourg,25931,219,0,25712,25931,219,0,25712,25931,21806,613894,0,0,0,0,0,4125
2020-11-15,MS Zaandam,9,2,0,7,9,2,0,7,9,9,,0,0,0,0,0,0
2020-11-15,Madagascar,17310,250,0,17060,17223,249,0,16974,17223,17223,25680342,87,1,0,86,0,87
2020-11-15,Malawi,5965,185,0,5780,5964,185,0,5779,5962,5951,,1,0,0,1,2,14
2020-11-15,Malaysia,47417,309,0,47108,46209,306,0,45903,45095,40209,32726760,1208,3,0,1205,1114,7208
2020-11-15,Maldives,12204,43,0,12161,12154,42,0,12112,12112,11986,374775,50,1,0,49,42,218
2020-11-15,Mali,3900,141,0,3759,3868,139,0,3729,3806,3706,,32,2,0,30,62,194
2020-11-15,Malta,8034,97,0,7937,7917,95,0,7822,7796,7141,493559,117,2,0,115,121,893
2020-11-15,Marshall Islands,1,0,0,1,1,0,0,1,1,1,,0,0,0,0,0,0
2020-11-15,Mauritania,7952,165,0,7787,7948,165,0,7783,7932,7820,4077347,4,0,0,4,16,132
2020-11-15,Mauritius,478,10,0,468,470,10,0,460,470,453,1265985,8,0,0,8,0,25
2020-11-15,Mexico,1006522,98542,0,907980,1003253,98259,0,904994,997393,967825,126577691,3269,283,0,2986,5860,38697
2020-11-15,Moldova,89279,2019,0,87260,88772,2006,0,86766,87361,82346,2681735,507,13,0,494,1411,6933
2020-11-15,Monaco,548,2,0,546,545,2,0,543,540,486,38300,3,0,0,3,5,62
2020-11-15,Mongolia,431,0,0,431,428,0,0,428,416,362,3308788,3,0,0,3,12,69
2020-11-15,Montenegro,27177,391,0,26786,26686,385,0,26301,26109,22805,622359,491,6,0,485,577,4372
2020-11-15,Morocco,293177,4779,0,288398,288211,4697,0,283514,282336,256781,35846095,4966,82,0,4884,5875,36396
2020-11-15,Mozambique,14448,113,0,14335,14340,110,0,14230,14227,13768,,108,3,0,105,113,680
2020-11-15,Namibia,13508,138,0,13370,13449,138,0,13311,13372,13211,2458936,59,0,0,59,77,297
2020-11-15,Nepal,209776,1221,0,208555,208299,1215,0,207084,206353,194453,29609623,1477,6,0,1471,1946,15323
2020-11-15,Netherlands,454961,8559,0,446402,449501,8516,0,440985,443533,416806,17447181,5460,43,0,5417,5968,38155
2020-11-15,New Zealand,2001,25,0,1976,2001,25,0,1976,1998,1986,4972216,0,0,0,0,3,15
2020-11-15,Nicaragua,5661,158,0,5503,5661,158,0,5503,5661,5591,6460411,0,0,0,0,0,70
2020-11-15,Niger,1307,70,0,1237,1301,70,0,1231,1289,1243,22314743,6,0,0,6,12,64
2020-11-15,Nigeria,65148,1163,0,63985,64996,1163,0,63833,64884,64090,206139587,152,0,0,152,112,1058
2020-11-15,North Macedonia,47050,1305,0,45745,46062,1281,0,44781,44898,39760,2077132,988,24,0,964,1164,7290
2020-11-15,Norway,28434,294,0,28140,28434,294,0,28140,27916,24732,5367580,0,0,0,0,518,3702
2020-11-15,Oman,120389,1338,0,119051,119442,1326,0,118116,119442,118140,4664790,947,12,0,935,0,2249
2020-11-15,Pakistan,359032,7160,0,351872,356904,7141,0,349763,354461,344839,219027520,2128,19,0,2109,2443,14193
2020-11-15,Panama,146653,2873,0,143780,145309,2867,0,142442,144477,139527,4218808,1344,6,0,1338,832,7126
2020-11-15,Papua New Guinea,602,7,0,595,600,7,0,593,600,599,8935000,2,0,0,2,0,3
2020-11-15,Paraguay,71574,1587,0,69987,71065,1569,0,69496,70392,67589,7152703,509,18,0,491,673,3985
2020-11-15,Peru,934899,35177,0,899722,932650,35106,0,897544,930237,920010,32131400,2249,71,0,2178,2413,14889
2020-11-15,Philippines,407838,7832,0,400006,406337,7791,0,398546,404713,396395,108438081,1501,41,0,1460,1624,11443
2020-11-15,Poland,712972,10348,0,702624,691118,10045,0,681073,665547,546425,38386000,21854,303,0,21551,25571,166547
2020-11-15,Portugal,217301,3381,0,213920,211266,3305,0,207961,204664,179324,10276617,6035,76,0,5959,6602,37977
2020-11-15,Qatar,135785,234,0,135551,135570,234,0,135336,135367,134203,2747282,215,0,0,215,203,1582
2020-11-15,Romania,360281,8926,0,351355,353185,8813,0,344372,343725,303751,19405156,7096,113,0,6983,9460,56530
2020-11-15,Russia,1910149,32885,0,1877264,1887836,32536,0,1855300,1865395,1760420,146745098,22313,349,0,21964,22441,149729
2020-11-15,Rwanda,5455,45,0,5410,5394,42,0,5352,5362,5222,12374397,61,3,0,58,32,233
2020-11-15,Saint Kitts and Nevis,19,0,0,19,19,0,0,19,19,19,,0,0,0,0,0,0
2020-11-15,Saint Lucia,162,2,0,160,160,2,0,158,156,131,178696,2,0,0,2,4,31
2020-11-15,Saint Vincent and the Grenadines,78,0,0,78,78,0,0,78,78,76,110608,0,0,0,0,0,2
2020-11-15,San Marino,1253,42,0,1211,1253,42,0,1211,1253,1043,33574,0,0,0,0,0,210
2020-11-15,Sao Tome and Principe,965,16,0,949,964,16,0,948,963,962,,1,0,0,1,1,3
2020-11-15,Saudi Arabia,353255,5657,0,347598,352950,5641,0,347309,352601,350592,34218169,305,16,0,289,349,2663
2020-11-15,Senegal,15793,328,0,15465,15779,327,0,15452,15755,15708,16209125,14,1,0,13,24,85
2020-11-15,Serbia,84568,1009,0,83559,81086,989,0,80097,77264,62747,6963764,3482,20,0,3462,3822,21821
2020-11-15,Seychelles,160,0,0,160,160,0,0,160,160,158,97625,0,0,0,0,0,2
2020-11-15,Sierra Leone,2391,74,0,2317,2391,74,0,2317,2389,2381,,0,0,0,0,2,10
2020-11-15,Singapore,58119,28,0,58091,58116,28,0,58088,58114,58056,5703600,3,0,0,3,2,63
2020-11-15,Slovakia,86767,510,0,86257,85567,510,0,85057,83796,75495,5456362,1200,0,0,1200,1771,11272
2020-11-15,Slovenia,55042,797,0,54245,54122,765,0,53357,52385,45161,2094060,920,32,0,888,1737,9881
2020-11-15,Solomon Islands,16,0,0,16,16,0,0,16,16,13,,0,0,0,0,0,3
2020-11-15,Somalia,4301,107,0,4194,4301,107,0,4194,4301,4229,15893219,0,0,0,0,0,72
2020-11-15,South Africa,751024,20241,0,730783,749182,20206,0,728976,746945,737278,58775022,1842,35,0,1807,2237,13746
2020-11-15,South Sudan,3003,59,0,2944,3003,59,0,2944,2980,2943,,0,0,0,0,23,60
2020-11-15,Spain,1458591,40769,0,1417822,1458591,40769,0,1417822,1458591,1328832,47100396,0,0,0,0,0,129759
2020-11-15,Sri Lanka,17287,58,0,17229,16583,53,0,16530,16191,13929,21803000,704,5,0,699,392,3358
2020-11-15,Sudan,14626,1116,0,13510,14401,1116,0,13285,14401,14090,42364155,225,0,0,225,0,536
2020-11-15,Suriname,5274,114,0,5160,5274,114,0,5160,5268,5239,581372,0,0,0,0,6,35
2020-11-15,Sweden,177355,6164,0,171191,177355,6164,0,171191,177355,146461,10333456,0,0,0,0,0,30894
2020-11-15,Switzerland,257135,3369,0,253766,257135,3351,0,253784,257135,211913,8586550,0,18,0,-18,0,45222
2020-11-15,Syria,6684,345,0,6339,6613,341,0,6272,6552,6215,,71,4,0,67,61,469
2020-11-15,Taiwan*,602,7,0,595,600,7,0,593,597,577,23604265,2,0,0,2,3,25
2020-11-15,Tajikistan,11610,85,0,11525,11573,85,0,11488,11534,11336,,37,0,0,37,39,274
2020-11-15,Tanzania,509,21,0,488,509,21,0,488,509,509,55890747,0,0,0,0,0,0
2020-11-15,Thailand,3875,60,0,3815,3874,60,0,3814,3866,3840,66484342,1,0,0,1,8,35
2020-11-15,Timor-Leste,30,0,0,30,30,0,0,30,30,30,,0,0,0,0,0,0
2020-11-15,Togo,2675,61,0,2614,2651,61,0,2590,2627,2516,7538000,24,0,0,24,24,159
2020-11-15,Trinidad and Tobago,6080,112,0,5968,6077,112,0,5965,5980,5849,1363985,3,0,0,3,97,231
2020-11-15,Tunisia,80404,2345,0,78059,79339,2279,0,77060,77668,71119,11722038,1065,66,0,999,1671,9285
2020-11-15,Turkey,414278,11507,0,402771,411055,11418,0,399637,407939,394255,83154997,3223,89,0,3134,3116,20023
2020-11-15,US,11036935,246207,0,10790728,10903890,245591,0,10658299,10737335,9995860,329493716,133045,616,0,132429,166555,1041075
2020-11-15,Uganda,16020,145,0,15875,15789,144,0,15645,15402,14403,40299300,231,1,0,230,387,1617
2020-11-15,Ukraine,551533,9904,0,541629,540593,9806,0,530787,527808,474245,41902416,10940,98,0,10842,12785,77288
2020-11-15,United Arab Emirates,150345,530,0,149815,149135,528,0,148607,147961,142143,9890400,1210,2,0,1208,1174,8202
2020-11-15,United Kingdom,1372884,52026,0,1320858,1347907,51858,0,1296049,1321031,1195350,66435600,24977,168,0,24809,26876,177534
2020-11-15,Uruguay,4030,65,0,3965,3957,64,0,3893,3883,3514,3518552,73,1,0,72,74,516
2020-11-15,Uzbekistan,70243,598,0,69645,69987,594,0,69393,69754,68730,34083289,256,4,0,252,233,1513
2020-11-15,Vanuatu,1,0,0,1,1,0,0,1,1,,,0,0,0,0,0,
2020-11-15,Venezuela,97352,851,0,96501,96933,848,0,96085,96441,94883,32219521,419,3,0,416,492,2469
2020-11-15,Vietnam,1281,35,0,1246,1265,35,0,1230,1256,1213,96208984,16,0,0,16,9,68
2020-11-15,West Bank and Gaza,63031,565,0,62466,62167,558,0,61609,61514,58158,,864,7,0,857,653,4873
2020-11-15,Western Sahara,10,1,0,9,10,1,0,9,10,10,,0,0,0,0,0,0
2020-11-15,Yemen,2072,605,0,1467,2072,605,0,1467,2072,2070,,0,0,0,0,0,2
2020-11-15,Zambia,17123,353,0,16770,17097,350,0,16747,17093,16954,17381168,26,3,0,23,4,169
2020-11-15,Zimbabwe,8829,257,0,8572,8786,257,0,8529,8765,8531,15159624,43,0,0,43,21,298
