Date,Country/Region,Confirmed,Deaths,Recovered,Active Cases,Previous Confirmed,Previous Deaths,Previous Recovered,Previous Active,Prev2 Confirmed,Previous Week Confirmed,Population,Daily Confirmed,Daily Deaths,Daily Recovered,Daily Active,Previous Daily Confirmed,Weekly Confirmed
2020-11-12,Afghanistan,42795,1591,0,41204,42609,1581,0,41028,42463,41935,32225560,186,10,0,176,146,860
2020-11-12,Albania,26211,598,0,25613,25801,590,0,25211,25294,22721,2862427,410,8,0,402,507,3490
2020-11-12,Algeria,65108,2111,0,62997,64257,2093,0,62164,63446,60169,43000000,851,18,0,833,811,4939
2020-11-12,Andorra,5616,75,0,5541,5567,75,0,5492,5477,5135,77543,49,0,0,49,90,481
2020-11-12,Angola,13053,315,0,12738,12953,312,0,12641,12816,12102,31127674,100,3,0,97,137,951
2020-11-12,Antigua and Barbuda,131,3,0,128,131,3,0,128,131,130,96453,0,0,0,0,0,1
2020-11-12,Argentina,1284519,34782,0,1249737,1273356,34531,0,1238825,1262476,1217028,44938712,11163,251,0,10912,10880,67491
2020-11-12,Armenia,112680,1668,0,111012,110548,1636,0,108912,108687,99563,2957500,2132,32,0,2100,1861,13117
2020-11-12,Australia,27676,907,0,26769,27675,907,0,26768,27671,27644,25654023,1,0,0,1,4,32
2020-11-12,Austria,181642,1608,0,180034,172380,1564,0,170816,164866,132515,8902600,9262,44,0,9218,7514,49127
2020-11-12,Azerbaijan,70216,905,0,69311,68594,885,0,67709,67392,60873,10067108,1622,20,0,1602,1202,9343
2020-11-12,Bahamas,7124,155,0,6969,7060,154,0,6906,7012,6882,,64,1,0,63,48,242
2020-11-12,Bahrain,84192,332,0,83860,84042,332,0,83710,83811,82786,1543300,150,0,0,150,231,1406
2020-11-12,Bangladesh,427198,6140,0,421058,425353,6127,0,419226,423620,416006,168310034,1845,13,0,1832,1733,11192
2020-11-12,Barbados,249,7,0,242,249,7,0,242,243,239,287025,0,0,0,0,6,10
2020-11-12,Belarus,110455,1027,0,109428,109357,1022,0,108335,108300,103295,9413446,1098,5,0,1093,1057,7160
2020-11-12,Belgium,520393,13891,0,506502,515391,13758,0,501633,507475,479341,11524454,5002,133,0,4869,7916,41052
2020-11-12,Belize,4596,75,0,4521,4520,75,0,4445,4414,3977,,76,0,0,76,106,619
2020-11-12,Benin,2844,43,0,2801,2844,43,0,2801,2781,2745,11733059,0,0,0,0,63,99
2020-11-12,Bhutan,369,0,0,369,364,0,0,364,364,358,741672,5,0,0,5,0,11
2020-11-12,Bolivia,142889,8825,0,134064,142776,8818,0,133958,142664,142201,11469896,113,7,0,106,112,688
2020-11-12,Bosnia and Herzegovina,68293,1750,0,66543,66565,1701,0,64864,65024,57506,3301000,1728,49,0,1679,1541,10787
2020-11-12,Botswana,8225,27,0,8198,7835,27,0,7808,7835,7835,,390,0,0,390,0,390
2020-11-12,Brazil,5781582,164281,0,5617301,5747660,163368,0,5584292,5699005,5590025,211288170,33922,913,0,33009,48655,191557
2020-11-12,Brunei,148,3,0,145,148,3,0,145,148,148,442400,0,0,0,0,0,0
2020-11-12,Bulgaria,90725,1970,0,88755,87311,1898,0,85413,83366,68345,7000039,3414,72,0,3342,3945,22380
2020-11-12,Burkina Faso,2586,67,0,2519,2586,67,0,2519,2582,2550,20870060,0,0,0,0,4,36
2020-11-12,Burma,65598,1508,0,64090,64453,1480,0,62973,63241,57935,,1145,28,0,1117,1212,7663
2020-11-12,Burundi,623,1,0,622,620,1,0,619,615,606,,3,0,0,3,5,17
2020-11-12,Cabo Verde,9694,102,0,9592,9560,102,0,9458,9499,9149,,134,0,0,134,61,545
2020-11-12,Cambodia,301,0,0,301,301,0,0,301,300,292,15288489,0,0,0,0,1,9
2020-11-12,Cameroon,22490,433,0,22057,22490,433,0,22057,22421,22103,26545864,0,0,0,0,69,387
2020-11-12,Canada,285936,10828,0,275108,280462,10748,0,269714,276479,253482,37966227,5474,80,0,5394,3983,32454
2020-11-12,Central African Republic,4888,62,0,4826,4884,62,0,4822,4884,4866,5496011,4,0,0,4,0,22
2020-11-12,Chad,1578,100,0,1478,1565,99,0,1466,1561,1529,15692969,13,1,0,12,4,49
2020-11-12,Chile,526438,14699,0,511739,524804,14633,0,510171,523907,516582,19107216,1634,66,0,1568,897,9856
2020-11-12,China,91783,4742,0,87041,91752,4742,0,87010,91719,91552,1401870440,31,0,0,31,33,231
2020-11-12,Colombia,1174012,33491,0,1140521,1165326,33312,0,1132014,1155356,1117977,49395678,8686,179,0,8507,9970,56035
2020-11-12,Comoros,574,7,0,567,569,7,0,562,569,557,,5,0,0,5,0,17
2020-11-12,Congo (Brazzaville),5379,92,0,5287,5379,92,0,5287,5379,5348,5518092,0,0,0,0,0,31
2020-11-12,Congo (Kinshasa),11692,318,0,11374,11656,316,0,11340,11642,11450,89561404,36,2,0,34,14,242
2020-11-12,Costa Rica,120939,1527,0,119412,119768,1513,0,118255,118566,114367,5058007,1171,14,0,1157,1202,6572
2020-11-12,Cote d'Ivoire,20882,127,0,20755,20855,127,0,20728,20847,20789,25823071,27,0,0,27,8,93
2020-11-12,Croatia,75922,925,0,74997,72840,893,0,71947,70243,59415,4076246,3082,32,0,3050,2597,16507
2020-11-12,Cuba,7487,131,0,7356,7429,130,0,7299,7392,7184,11209628,58,1,0,57,37,303
2020-11-12,Cyprus,6646,34,0,6612,6461,33,0,6428,6296,5333,875900,185,1,0,184,165,1313
2020-11-12,Czechia,446675,5755,0,440920,438805,5570,0,433235,429880,391945,10693939,7870,185,0,7685,8925,54730
2020-11-12,Denmark,59478,755,0,58723,58466,753,0,57713,57472,52265,5822763,1012,2,0,1010,994,7213
2020-11-12,Diamond Princess,712,13,0,699,712,13,0,699,712,712,,0,0,0,0,0,0
2020-11-12,Djibouti,5641,61,0,5580,5635,61,0,5574,5633,5599,1078373,6,0,0,6,2,42
2020-11-12,Dominica,68,0,0,68,68,0,0,68,63,57,,0,0,0,0,5,11
2020-11-12,Dominican Republic,131636,2274,0,129362,131265,2272,0,128993,131131,128824,10358320,371,2,0,369,134,2812
2020-11-12,Ecuador,177513,12946,0,164567,176630,12920,0,163710,175711,171783,17449288,883,26,0,857,919,5730
2020-11-12,Egypt,110095,6417,0,103678,109881,6405,0,103476,109654,108530,100153850,214,12,0,202,227,1565
2020-11-12,El Salvador,36030,1028,0,35002,35145,1024,0,34121,35145,34782,6486201,885,4,0,881,0,1248
2020-11-12,Equatorial Guinea,5104,85,0,5019,5102,85,0,5017,5102,5092,1358276,2,0,0,2,0,12
2020-11-12,Eritrea,493,0,0,493,491,0,0,491,491,484,3497117,2,0,0,2,0,9
2020-11-12,Estonia,6881,76,0,6805,6508,76,0,6432,6376,5464,1328360,373,0,0,373,132,1417
2020-11-12,Eswatini,6060,117,0,5943,6044,117,0,5927,6024,5967,1093238,16,0,0,16,20,93
2020-11-12,Ethiopia,101248,1554,0,99694,100727,1545,0,99182,100327,98391,98665000,521,9,0,512,400,2857
2020-11-12,Fiji,35,2,0,33,35,2,0,33,34,34,884887,0,0,0,0,1,1
2020-11-12,Finland,18542,365,0,18177,18345,365,0,17980,18107,17119,5527573,197,0,0,197,238,1423
2020-11-12,France,1915282,42599,0,1872683,1914918,42599,0,1872319,1857309,1648989,67069000,364,0,0,364,57609,266293
2020-11-12,Gabon,9048,57,0,8991,9048,57,0,8991,9029,9005,2172579,0,0,0,0,19,43
2020-11-12,Gambia,3697,122,0,3575,3697,122,0,3575,3696,3681,,0,0,0,0,1,16
2020-11-12,Georgia,69681,599,0,69082,66561,566,0,65995,63650,49218,3723464,3120,33,0,3087,2911,20463
2020-11-12,Germany,762832,12216,0,750616,738094,11994,0,726100,715693,631172,83149300,24738,222,0,24516,22401,131660
2020-11-12,Ghana,49957,320,0,49637,49302,320,0,48982,49302,48788,30280811,655,0,0,655,0,1169
2020-11-12,Greece,66637,959,0,65678,63321,909,0,62412,60570,49807,10724599,3316,50,0,3266,2751,16830
2020-11-12,Grenada,32,0,0,32,32,0,0,32,32,30,,0,0,0,0,0,2
2020-11-12,Guatemala,113543,3858,0,109685,112811,3845,0,108966,112129,109849,16604026,732,13,0,719,682,3694
2020-11-12,Guinea,12537,74,0,12463,12516,74,0,12442,12484,12363,12218357,21,0,0,21,32,174
2020-11-12,Guinea-Bissau,2419,43,0,2376,2419,43,0,2376,2419,2414,,0,0,0,0,0,5
2020-11-12,Guyana,4662,138,0,4524,4618,137,0,4481,4530,4393,782766,44,1,0,43,88,269
2020-11-12,Haiti,9160,232,0,8928,9152,232,0,8920,9137,9109,11577779,8,0,0,8,15,51
2020-11-12,Holy See,27,0,0,27,27,0,0,27,27,27,,0,0,0,0,0,0
2020-11-12,Honduras,101468,2804,0,98664,101169,2797,0,98372,100804,99347,9158345,299,7,0,292,365,2121
2020-11-12,Hungary,126790,2784,0,124006,122863,2697,0,120166,118918,94916,9772756,3927,87,0,3840,3945,31874
2020-11-12,Iceland,5160,25,0,5135,5142,24,0,5118,5114,5017,364260,18,1,0,17,28,143
2020-11-12,India,8728795,128668,0,8600127,8683916,128121,0,8555795,8636011,8411724,1360094159,44879,547,0,44332,47905,317071
2020-11-12,Indonesia,452291,14933,0,437358,448118,14836,0,433282,444348,425796,266911900,4173,97,0,4076,3770,26495
2020-11-12,Iran,726585,40121,0,686464,715068,39664,0,675404,703288,654936,83301053,11517,457,0,11060,11780,71649
2020-11-12,Iraq,511806,11532,0,500274,508508,11482,0,497026,505310,489571,39127900,3298,50,0,3248,3198,22235
2020-11-12,Ireland,66632,1965,0,64667,66247,1965,0,64282,65889,64046,4921500,385,0,0,385,358,2586
2020-11-12,Israel,322159,2706,0,319453,321326,2700,0,318626,320661,317863,9175050,833,6,0,827,665,4296
2020-11-12,Italy,1066401,43589,0,1022812,1028424,42953,0,985471,995463,824879,60243406,37977,636,0,37341,32961,241522
2020-11-12,Jamaica,9634,225,0,9409,9581,225,0,9356,9573,9373,2726667,53,0,0,53,8,261
2020-11-12,Japan,113655,1854,0,111801,112011,1847,0,110164,110487,104964,126010000,1644,7,0,1637,1524,8691
2020-11-12,Jordan,132086,1547,0,130539,126401,1467,0,124934,120982,95864,10641432,5685,80,0,5605,5419,36222
2020-11-12,Kazakhstan,119129,1899,0,117230,118491,1899,0,116592,117904,114826,18667696,638,0,0,638,587,4303
2020-11-12,Kenya,66723,1203,0,65520,65804,1180,0,64624,64588,59595,47564296,919,23,0,896,1216,7128
2020-11-12,"Korea, South",28133,488,0,27645,27942,487,0,27455,27799,27195,51780579,191,1,0,190,143,938
2020-11-12,Kosovo,26888,785,0,26103,26121,777,0,25344,25388,22206,1795666,767,8,0,759,733,4682
2020-11-12,Kuwait,134932,830,0,134102,134159,826,0,133333,133381,129638,4420110,773,4,0,769,778,5294
2020-11-12,Kyrgyzstan,64887,1193,0,63694,64360,1188,0,63172,64360,61309,6523500,527,5,0,522,0,3578
2020-11-12,Laos,24,0,0,24,24,0,0,24,24,24,,0,0,0,0,0,0
2020-11-12,Latvia,9381,107,0,9274,8848,105,0,8743,8395,7119,1906800,533,2,0,531,453,2262
2020-11-12,Lebanon,100703,775,0,99928,98829,763,0,98066,96907,89186,6825442,1874,12,0,1862,1922,11517
2020-11-12,Lesotho,2026,44,0,1982,2026,44,0,1982,2026,1963,,0,0,0,0,0,63
2020-11-12,Liberia,1468,82,0,1386,1461,82,0,1379,1461,1440,4475353,7,0,0,7,0,28
2020-11-12,Libya,71804,985,0,70819,70885,970,0,69915,70010,65440,,919,15,0,904,875,6364
2020-11-12,Liechtenstein,905,4,0,901,877,4,0,873,846,692,38749,28,0,0,28,31,213
2020-11-12,Lithuania,29812,244,0,29568,28262,235,0,28027,26841,19091,2793471,1550,9,0,1541,1421,10721
2020-11-12,Luxembourg,25218,211,0,25007,23710,198,0,23512,23710,21147,613894,1508,13,0,1495,0,4071
2020-11-12,MS Zaandam,9,2,0,7,9,2,0,7,9,9,,0,0,0,0,0,0
2020-11-12,Madagascar,17223,249,0,16974,17223,249,0,16974,17223,17111,25680342,0,0,0,0,0,112
2020-11-12,Malawi,5958,185,0,5773,5955,185,0,5770,5953,5940,,3,0,0,3,2,18
2020-11-12,Malaysia,43791,303,0,43488,42872,302,0,42570,42050,36434,32726760,919,1,0,918,822,7357
2020-11-12,Maldives,12085,41,0,12044,12059,41,0,12018,12030,11893,374775,26,0,0,26,29,192
2020-11-12,Mali,3792,138,0,3654,3753,138,0,3615,3745,3633,,39,0,0,39,8,159
2020-11-12,Malta,7646,88,0,7558,7537,88,0,7449,7396,6764,493559,109,0,0,109,141,882
2020-11-12,Marshall Islands,1,0,0,1,1,0,0,1,1,1,,0,0,0,0,0,0
2020-11-12,Mauritania,7900,165,0,7735,7885,165,0,7720,7848,7777,4077347,15,0,0,15,37,123
2020-11-12,Mauritius,468,10,0,458,453,10,0,443,453,453,1265985,15,0,0,15,0,15
2020-11-12,Mexico,991835,97056,0,894779,986177,96430,0,889747,978531,949197,126577691,5658,626,0,5032,7646,42638
2020-11-12,Moldova,86038,1969,0,84069,84707,1950,0,82757,83592,79566,2681735,1331,19,0,1312,1115,6472
2020-11-12,Monaco,532,2,0,530,524,2,0,522,512,430,38300,8,0,0,8,12,102
2020-11-12,Mongolia,412,0,0,412,406,0,0,406,382,356,3308788,6,0,0,6,24,56
2020-11-12,Montenegro,25509,364,0,25145,24865,356,0,24509,24154,21533,622359,644,8,0,636,711,3976
2020-11-12,Morocco,276821,4570,0,272251,270626,4506,0,266120,265165,240951,35846095,6195,64,0,6131,5461,35870
2020-11-12,Mozambique,14094,104,0,13990,13991,104,0,13887,13892,13391,,103,0,0,103,99,703
2020-11-12,Namibia,13345,135,0,13210,13292,134,0,13158,13253,13090,2458936,53,1,0,52,39,255
2020-11-12,Nepal,204242,1189,0,203053,202329,1174,0,201155,199760,185974,29609623,1913,15,0,1898,2569,18268
2020-11-12,Netherlands,437376,8375,0,429001,431696,8286,0,423410,426227,397112,17447181,5680,89,0,5591,5469,40264
2020-11-12,New Zealand,1995,25,0,1970,1991,25,0,1966,1988,1974,4972216,4,0,0,4,3,21
2020-11-12,Nicaragua,5661,158,0,5503,5661,158,0,5503,5661,5591,6460411,0,0,0,0,0,70
2020-11-12,Niger,1282,69,0,1213,1263,69,0,1194,1256,1226,22314743,19,0,0,19,7,56
2020-11-12,Nigeria,64728,1162,0,63566,64516,1162,0,63354,64336,63508,206139587,212,0,0,212,180,1220
2020-11-12,North Macedonia,43835,1238,0,42597,42540,1212,0,41328,41222,36372,2077132,1295,26,0,1269,1318,7463
2020-11-12,Norway,27228,291,0,26937,26511,285,0,26226,25887,23229,5367580,717,6,0,711,624,3999
2020-11-12,Oman,119442,1326,0,118116,119186,1321,0,117865,118884,117167,4664790,256,5,0,251,302,2275
2020-11-12,Pakistan,352296,7092,0,345204,349992,7055,0,342937,348184,340251,219027520,2304,37,0,2267,1808,12045
2020-11-12,Panama,143352,2830,0,140522,142465,2823,0,139642,141302,136567,4218808,887,7,0,880,1163,6785
2020-11-12,Papua New Guinea,599,7,0,592,599,7,0,592,599,597,8935000,0,0,0,0,0,2
2020-11-12,Paraguay,69653,1543,0,68110,69106,1532,0,67574,68497,65778,7152703,547,11,0,536,609,3875
2020-11-12,Peru,928006,35031,0,892975,925431,34992,0,890439,923527,914722,32131400,2575,39,0,2536,1904,13284
2020-11-12,Philippines,402820,7721,0,395099,401416,7710,0,393706,399749,389725,108438081,1404,11,0,1393,1667,13095
2020-11-12,Poland,641496,9080,0,632416,618813,8805,0,610008,593592,466679,38386000,22683,275,0,22408,25221,174817
2020-11-12,Portugal,198011,3181,0,194830,192172,3103,0,189069,187237,161350,10276617,5839,78,0,5761,4935,36661
2020-11-12,Qatar,135132,234,0,134898,134887,233,0,134654,134663,133619,2747282,245,1,0,244,224,1513
2020-11-12,Romania,334236,8510,0,325726,324094,8389,0,315705,314295,276802,19405156,10142,121,0,10021,9799,57434
2020-11-12,Russia,1843678,31755,0,1811923,1822345,31326,0,1791019,1802762,1699695,146745098,21333,429,0,20904,19583,143983
2020-11-12,Rwanda,5319,41,0,5278,5312,41,0,5271,5262,5192,12374397,7,0,0,7,50,127
2020-11-12,Saint Kitts and Nevis,19,0,0,19,19,0,0,19,19,19,,0,0,0,0,0,0
2020-11-12,Saint Lucia,148,2,0,146,148,2,0,146,148,106,178696,0,0,0,0,0,42
2020-11-12,Saint Vincent and the Grenadines,77,0,0,77,77,0,0,77,76,76,110608,0,0,0,0,1,1
2020-11-12,San Marino,1190,42,0,1148,1190,42,0,1148,1114,1043,33574,0,0,0,0,76,147
2020-11-12,Sao Tome and Principe,963,16,0,947,962,16,0,946,962,958,,1,0,0,1,0,5
2020-11-12,Saudi Arabia,352160,5605,0,346555,351849,5590,0,346259,351455,349386,34218169,311,15,0,296,394,2774
2020-11-12,Senegal,15744,326,0,15418,15735,326,0,15409,15720,15668,16209125,9,0,0,9,15,76
2020-11-12,Serbia,73765,955,0,72810,70424,936,0,69488,66888,55676,6963764,3341,19,0,3322,3536,18089
2020-11-12,Seychelles,160,0,0,160,158,0,0,158,158,157,97625,2,0,0,2,0,3
2020-11-12,Sierra Leone,2387,74,0,2313,2386,74,0,2312,2386,2371,,1,0,0,1,0,16
2020-11-12,Singapore,58102,28,0,58074,58091,28,0,58063,58073,58043,5703600,11,0,0,11,18,59
2020-11-12,Slovakia,81772,464,0,81308,79181,414,0,78767,77123,68734,5456362,2591,50,0,2541,2058,13038
2020-11-12,Slovenia,50870,686,0,50184,48939,645,0,48294,46717,41094,2094060,1931,41,0,1890,2222,9776
2020-11-12,Solomon Islands,16,0,0,16,16,0,0,16,16,13,,0,0,0,0,0,3
2020-11-12,Somalia,4301,107,0,4194,4301,107,0,4194,4301,4229,15893219,0,0,0,0,0,72
2020-11-12,South Africa,744732,20076,0,724656,742394,20011,0,722383,740254,732414,58775022,2338,65,0,2273,2140,12318
2020-11-12,South Sudan,2960,59,0,2901,2960,59,0,2901,2960,2943,,0,0,0,0,0,17
2020-11-12,Spain,1437220,40461,0,1396759,1417709,40105,0,1377604,1381218,1306316,47100396,19511,356,0,19155,36491,130904
2020-11-12,Sri Lanka,15723,48,0,15675,15350,46,0,15304,14715,12570,21803000,373,2,0,371,635,3153
2020-11-12,Sudan,14401,1116,0,13285,14346,1116,0,13230,14155,13943,42364155,55,0,0,55,191,458
2020-11-12,Suriname,5261,114,0,5147,5254,113,0,5141,5245,5225,581372,7,1,0,6,9,36
2020-11-12,Sweden,171365,6122,0,165243,166707,6082,0,160625,162240,141764,10333456,4658,40,0,4618,4467,29601
2020-11-12,Switzerland,250396,3216,0,247180,243472,3113,0,240359,235202,202504,8586550,6924,103,0,6821,8270,47892
2020-11-12,Syria,6486,333,0,6153,6421,329,0,6092,6352,6040,,65,4,0,61,69,446
2020-11-12,Taiwan*,589,7,0,582,584,7,0,577,580,569,23604265,5,0,0,5,4,20
2020-11-12,Tajikistan,11496,84,0,11412,11456,84,0,11372,11417,11219,,40,0,0,40,39,277
2020-11-12,Tanzania,509,21,0,488,509,21,0,488,509,509,55890747,0,0,0,0,0,0
2020-11-12,Thailand,3861,60,0,3801,3852,60,0,3792,3847,3818,66484342,9,0,0,9,5,43
2020-11-12,Timor-Leste,30,0,0,30,30,0,0,30,30,30,,0,0,0,0,0,0
2020-11-12,Togo,2605,60,0,2545,2593,59,0,2534,2558,2442,7538000,12,1,0,11,35,163
2020-11-12,Trinidad and Tobago,5930,111,0,5819,5904,111,0,5793,5880,5774,1363985,26,0,0,26,24,156
2020-11-12,Tunisia,76106,2151,0,73955,74522,2100,0,72422,72993,66334,11722038,1584,51,0,1533,1529,9772
2020-11-12,Turkey,404894,11233,0,393661,402053,11145,0,390908,399360,386820,83154997,2841,88,0,2753,2693,18074
2020-11-12,US,10552821,242423,0,10310398,10399325,241504,0,10157821,10256094,9632704,329493716,153496,919,0,152577,143231,920117
2020-11-12,Uganda,15217,143,0,15074,14993,139,0,14854,14704,13568,40299300,224,4,0,220,289,1649
2020-11-12,Ukraine,515755,9422,0,506333,504423,9214,0,495209,493544,443630,41902416,11332,208,0,11124,10879,72125
2020-11-12,United Arab Emirates,146735,523,0,146212,145599,520,0,145079,144385,138599,9890400,1136,3,0,1133,1214,8136
2020-11-12,United Kingdom,1293715,51020,0,1242695,1260198,50457,0,1209741,1237198,1126469,66435600,33517,563,0,32954,23000,167246
2020-11-12,Uruguay,3795,63,0,3732,3700,63,0,3637,3620,3309,3518552,95,0,0,95,80,486
2020-11-12,Uzbekistan,69560,593,0,68967,69397,591,0,68806,69027,68009,34083289,163,2,0,161,370,1551
2020-11-12,Vanuatu,1,0,0,1,1,0,0,1,1,,,0,0,0,0,0,
2020-11-12,Venezuela,96140,841,0,95299,95750,838,0,94912,95445,93921,32219521,390,3,0,387,305,2219
2020-11-12,Vietnam,1253,35,0,1218,1252,35,0,1217,1226,1207,96208984,1,0,0,1,26,46
2020-11-12,West Bank and Gaza,60784,542,0,60242,60065,538,0,59527,59422,56672,,719,4,0,715,643,4112
2020-11-12,Western Sahara,10,1,0,9,10,1,0,9,10,10,,0,0,0,0,0,0
2020-11-12,Yemen,2071,605,0,1466,2071,605,0,1466,2071,2063,,0,0,0,0,0,8
2020-11-12,Zambia,17056,350,0,16706,17036,350,0,16686,16997,16770,17381168,20,0,0,20,39,286
2020-11-12,Zimbabwe,8696,255,0,8441,8667,255,0,8412,8610,8444,15159624,29,0,0,29,57,252
