Date,Country/Region,Confirmed,Deaths,Recovered,Active Cases,Previous Confirmed,Previous Deaths,Previous Recovered,Previous Active,Prev2 Confirmed,Population,Daily Confirmed,Daily Deaths,Daily Recovered,Daily Active,Previous Daily Confirmed
2020-06-27,Afghanistan,30616,703,0,29913,30451,683,0,29768,30175,32225560,165,20,0,145,276
2020-06-27,Albania,2330,53,0,2277,2269,51,0,2218,2192,2862427,61,2,0,59,77
2020-06-27,Algeria,12968,892,0,12076,12685,885,0,11800,12445,43000000,283,7,0,276,240
2020-06-27,Andorra,855,52,0,803,855,52,0,803,855,77543,0,0,0,0,0
2020-06-27,Angola,259,10,0,249,212,10,0,202,212,31127674,47,0,0,47,0
2020-06-27,Antigua and Barbuda,65,3,0,62,65,3,0,62,65,96453,0,0,0,0,0
2020-06-27,Argentina,57744,1207,0,56537,55343,1184,0,54159,52457,44938712,2401,23,0,2378,2886
2020-06-27,Armenia,23909,421,0,23488,23247,410,0,22837,22488,2957500,662,11,0,651,759
2020-06-27,Australia,7686,104,0,7582,7601,104,0,7497,7595,25654023,85,0,0,85,6
2020-06-27,Austria,17580,700,0,16880,17522,698,0,16824,17477,8902600,58,2,0,56,45
2020-06-27,Azerbaijan,15890,193,0,15697,15369,187,0,15182,14852,10067108,521,6,0,515,517
2020-06-27,Bahamas,104,11,0,93,104,11,0,93,104,,0,0,0,0,0
2020-06-27,Bahrain,25267,78,0,25189,24805,73,0,24732,24081,1543300,462,5,0,457,724
2020-06-27,Bangladesh,133978,1695,0,132283,130474,1661,0,128813,126606,168310034,3504,34,0,3470,3868
2020-06-27,Barbados,97,7,0,90,97,7,0,90,97,287025,0,0,0,0,0
2020-06-27,Belarus,61095,377,0,60718,60713,373,0,60340,60382,9413446,382,4,0,378,331
2020-06-27,Belgium,61209,9732,0,51477,61106,9731,0,51375,61007,11524454,103,1,0,102,99
2020-06-27,Belize,24,2,0,22,24,2,0,22,23,,0,0,0,0,1
2020-06-27,Benin,1124,14,0,1110,1053,14,0,1039,1017,11733059,71,0,0,71,36
2020-06-27,Bhutan,75,0,0,75,70,0,0,70,70,741672,5,0,0,5,0
2020-06-27,Bolivia,30676,970,0,29706,29423,934,0,28489,28503,11469896,1253,36,0,1217,920
2020-06-27,Bosnia and Herzegovina,3935,178,0,3757,3935,178,0,3757,3796,3301000,0,0,0,0,139
2020-06-27,Botswana,92,1,0,91,92,1,0,91,92,,0,0,0,0,0
2020-06-27,Brazil,1313667,57070,0,1256597,1274974,55961,0,1219013,1228114,211288170,38693,1109,0,37584,46860
2020-06-27,Brunei,141,3,0,138,141,3,0,138,141,442400,0,0,0,0,0
2020-06-27,Bulgaria,4625,216,0,4409,4513,215,0,4298,4408,7000039,112,1,0,111,105
2020-06-27,Burkina Faso,941,53,0,888,941,53,0,888,934,20870060,0,0,0,0,7
2020-06-27,Burma,296,6,0,290,293,6,0,287,293,,3,0,0,3,0
2020-06-27,Burundi,170,1,0,169,144,1,0,143,144,,26,0,0,26,0
2020-06-27,Cabo Verde,1091,12,0,1079,1027,10,0,1017,1003,,64,2,0,62,24
2020-06-27,Cambodia,141,0,0,141,139,0,0,139,130,15288489,2,0,0,2,9
2020-06-27,Cameroon,12592,313,0,12279,12592,313,0,12279,12592,26545864,0,0,0,0,0
2020-06-27,Canada,104878,8576,0,96302,104629,8571,0,96058,104463,37966227,249,5,0,244,166
2020-06-27,Central African Republic,3429,45,0,3384,3340,40,0,3300,3244,5496011,89,5,0,84,96
2020-06-27,Chad,865,74,0,791,865,74,0,791,863,15692969,0,0,0,0,2
2020-06-27,Chile,267766,5347,0,262419,263360,5068,0,258292,259064,19107216,4406,279,0,4127,4296
2020-06-27,China,84743,4641,0,80102,84725,4641,0,80084,84701,1401870440,18,0,0,18,24
2020-06-27,Colombia,84660,2946,0,81714,80811,2786,0,78025,77313,49395678,3849,160,0,3689,3498
2020-06-27,Comoros,272,7,0,265,272,7,0,265,272,,0,0,0,0,0
2020-06-27,Congo (Brazzaville),1087,37,0,1050,1087,37,0,1050,1087,5518092,0,0,0,0,0
2020-06-27,Congo (Kinshasa),6690,153,0,6537,6552,149,0,6403,6411,89561404,138,4,0,134,141
2020-06-27,Costa Rica,2979,14,0,2965,2836,12,0,2824,2684,5058007,143,2,0,141,152
2020-06-27,Cote d'Ivoire,8944,66,0,8878,8739,64,0,8675,8334,25823071,205,2,0,203,405
2020-06-27,Croatia,2624,107,0,2517,2539,107,0,2432,2483,4076246,85,0,0,85,56
2020-06-27,Cuba,2330,86,0,2244,2325,85,0,2240,2321,11209628,5,1,0,4,4
2020-06-27,Cyprus,994,19,0,975,992,19,0,973,992,875900,2,0,0,2,0
2020-06-27,Czechia,11298,349,0,10949,11038,349,0,10689,10870,10693939,260,0,0,260,168
2020-06-27,Denmark,12875,604,0,12271,12875,604,0,12271,12836,5822763,0,0,0,0,39
2020-06-27,Diamond Princess,712,13,0,699,712,13,0,699,712,,0,0,0,0,0
2020-06-27,Djibouti,4643,52,0,4591,4643,52,0,4591,4635,1078373,0,0,0,0,8
2020-06-27,Dominica,18,0,0,18,18,0,0,18,18,,0,0,0,0,0
2020-06-27,Dominican Republic,30619,718,0,29901,29764,712,0,29052,29141,10358320,855,6,0,849,623
2020-06-27,Ecuador,54574,4424,0,50150,53856,4406,0,49450,53156,17449288,718,18,0,700,700
2020-06-27,Egypt,63923,2708,0,61215,62755,2620,0,60135,61130,100153850,1168,88,0,1080,1625
2020-06-27,El Salvador,5727,143,0,5584,5517,133,0,5384,5336,6486201,210,10,0,200,181
2020-06-27,Equatorial Guinea,2001,32,0,1969,2001,32,0,1969,2001,1358276,0,0,0,0,0
2020-06-27,Eritrea,191,0,0,191,167,0,0,167,144,3497117,24,0,0,24,23
2020-06-27,Estonia,1986,69,0,1917,1986,69,0,1917,1984,1328360,0,0,0,0,2
2020-06-27,Eswatini,745,8,0,737,728,8,0,720,706,1093238,17,0,0,17,22
2020-06-27,Ethiopia,5570,94,0,5476,5425,89,0,5336,5175,98665000,145,5,0,140,250
2020-06-27,Fiji,18,0,0,18,18,0,0,18,18,884887,0,0,0,0,0
2020-06-27,Finland,7198,328,0,6870,7191,328,0,6863,7172,5527573,7,0,0,7,19
2020-06-27,France,200195,29781,0,170414,200195,29781,0,170414,198607,67069000,0,0,0,0,1588
2020-06-27,Gabon,5209,40,0,5169,5209,40,0,5169,5087,2172579,0,0,0,0,122
2020-06-27,Gambia,44,2,0,42,43,2,0,41,43,,1,0,0,1,0
2020-06-27,Georgia,921,14,0,907,919,14,0,905,917,3723464,2,0,0,2,2
2020-06-27,Germany,194458,8968,0,185490,194036,8965,0,185071,193371,83149300,422,3,0,419,665
2020-06-27,Ghana,16431,103,0,16328,15834,103,0,15731,15473,30280811,597,0,0,597,361
2020-06-27,Greece,3366,191,0,3175,3343,191,0,3152,3321,10724599,23,0,0,23,22
2020-06-27,Grenada,23,0,0,23,23,0,0,23,23,,0,0,0,0,0
2020-06-27,Guatemala,16397,706,0,15691,15828,672,0,15156,15619,16604026,569,34,0,535,209
2020-06-27,Guinea,5291,30,0,5261,5260,29,0,5231,5174,12218357,31,1,0,30,86
2020-06-27,Guinea-Bissau,1614,22,0,1592,1614,22,0,1592,1556,,0,0,0,0,58
2020-06-27,Guyana,230,12,0,218,215,12,0,203,215,782766,15,0,0,15,0
2020-06-27,Haiti,5777,100,0,5677,5722,98,0,5624,5543,11577779,55,2,0,53,179
2020-06-27,Holy See,12,0,0,12,12,0,0,12,12,,0,0,0,0,0
2020-06-27,Honduras,17007,479,0,16528,15994,471,0,15523,15366,9158345,1013,8,0,1005,628
2020-06-27,Hungary,4138,578,0,3560,4127,578,0,3549,4123,9772756,11,0,0,11,4
2020-06-27,Iceland,1836,10,0,1826,1832,10,0,1822,1830,364260,4,0,0,4,2
2020-06-27,India,528859,16095,0,512764,508953,15685,0,493268,490401,1360094159,19906,410,0,19496,18552
2020-06-27,Indonesia,52812,2720,0,50092,51427,2683,0,48744,50187,266911900,1385,37,0,1348,1240
2020-06-27,Iran,220180,10364,0,209816,217724,10239,0,207485,215096,83301053,2456,125,0,2331,2628
2020-06-27,Iraq,43262,1660,0,41602,41193,1559,0,39634,39139,39127900,2069,101,0,1968,2054
2020-06-27,Ireland,25437,1734,0,23703,25414,1730,0,23684,25405,4921500,23,4,0,19,9
2020-06-27,Israel,23421,317,0,23104,22800,314,0,22486,22400,9175050,621,3,0,618,400
2020-06-27,Italy,240136,34716,0,205420,239961,34708,0,205253,239706,60243406,175,8,0,167,255
2020-06-27,Jamaica,690,10,0,680,686,10,0,676,684,2726667,4,0,0,4,2
2020-06-27,Japan,18254,971,0,17283,18162,971,0,17191,18055,126010000,92,0,0,92,107
2020-06-27,Jordan,1111,9,0,1102,1104,9,0,1095,1086,10641432,7,0,0,7,18
2020-06-27,Kazakhstan,20319,166,0,20153,20319,150,0,20169,19750,18667696,0,16,0,-16,569
2020-06-27,Kenya,5811,141,0,5670,5533,137,0,5396,5384,47564296,278,4,0,274,149
2020-06-27,"Korea, South",12715,282,0,12433,12653,282,0,12371,12602,51780579,62,0,0,62,51
2020-06-27,Kosovo,2169,37,0,2132,2169,37,0,2132,2169,1795666,0,0,0,0,0
2020-06-27,Kuwait,44391,344,0,44047,43703,341,0,43362,42788,4420110,688,3,0,685,915
2020-06-27,Kyrgyzstan,4513,46,0,4467,4446,46,0,4400,4204,6523500,67,0,0,67,242
2020-06-27,Laos,19,0,0,19,19,0,0,19,19,,0,0,0,0,0
2020-06-27,Latvia,1115,30,0,1085,1112,30,0,1082,1111,1906800,3,0,0,3,1
2020-06-27,Lebanon,1719,33,0,1686,1697,33,0,1664,1662,6825442,22,0,0,22,35
2020-06-27,Lesotho,24,0,0,24,24,0,0,24,17,,0,0,0,0,7
2020-06-27,Liberia,729,34,0,695,684,34,0,650,681,4475353,45,0,0,45,3
2020-06-27,Libya,727,18,0,709,713,18,0,695,698,,14,0,0,14,15
2020-06-27,Liechtenstein,82,1,0,81,82,1,0,81,82,38749,0,0,0,0,0
2020-06-27,Lithuania,1813,78,0,1735,1808,78,0,1730,1806,2793471,5,0,0,5,2
2020-06-27,Luxembourg,4217,110,0,4107,4173,110,0,4063,4151,613894,44,0,0,44,22
2020-06-27,MS Zaandam,9,2,0,7,9,2,0,7,9,,0,0,0,0,0
2020-06-27,Madagascar,2005,16,0,1989,1922,16,0,1906,1829,25680342,83,0,0,83,93
2020-06-27,Malawi,1038,13,0,1025,1005,13,0,992,960,,33,0,0,33,45
2020-06-27,Malaysia,8616,121,0,8495,8606,121,0,8485,8600,32726760,10,0,0,10,6
2020-06-27,Maldives,2305,8,0,2297,2283,8,0,2275,2277,374775,22,0,0,22,6
2020-06-27,Mali,2118,113,0,2005,2060,113,0,1947,2039,,58,0,0,58,21
2020-06-27,Malta,670,9,0,661,670,9,0,661,668,493559,0,0,0,0,2
2020-06-27,Mauritania,4025,121,0,3904,3907,120,0,3787,3739,4077347,118,1,0,117,168
2020-06-27,Mauritius,341,10,0,331,341,10,0,331,341,1265985,0,0,0,0,0
2020-06-27,Mexico,212802,26381,0,186421,208392,25779,0,182613,202951,126577691,4410,602,0,3808,5441
2020-06-27,Moldova,16080,521,0,15559,15776,515,0,15261,15453,2681735,304,6,0,298,323
2020-06-27,Monaco,103,4,0,99,102,4,0,98,102,38300,1,0,0,1,0
2020-06-27,Mongolia,219,0,0,219,219,0,0,219,219,3308788,0,0,0,0,0
2020-06-27,Montenegro,469,9,0,460,439,9,0,430,414,622359,30,0,0,30,25
2020-06-27,Morocco,11877,220,0,11657,11633,218,0,11415,11338,35846095,244,2,0,242,295
2020-06-27,Mozambique,839,5,0,834,816,5,0,811,788,,23,0,0,23,28
2020-06-27,Namibia,136,0,0,136,121,0,0,121,102,2458936,15,0,0,15,19
2020-06-27,Nepal,12309,28,0,12281,11755,27,0,11728,11162,29609623,554,1,0,553,593
2020-06-27,Netherlands,50282,6124,0,44158,50213,6122,0,44091,50122,17447181,69,2,0,67,91
2020-06-27,New Zealand,1526,22,0,1504,1522,22,0,1500,1520,4972216,4,0,0,4,2
2020-06-27,Nicaragua,2170,74,0,2096,2170,74,0,2096,2170,6460411,0,0,0,0,0
2020-06-27,Niger,1062,67,0,995,1059,67,0,992,1056,22314743,3,0,0,3,3
2020-06-27,Nigeria,24077,558,0,23519,23298,554,0,22744,22614,206139587,779,4,0,775,684
2020-06-27,North Macedonia,5906,277,0,5629,5758,268,0,5490,5595,2077132,148,9,0,139,163
2020-06-27,Norway,8846,249,0,8597,8832,249,0,8583,8788,5367580,14,0,0,14,44
2020-06-27,Oman,36953,159,0,36794,36034,153,0,35881,34902,4664790,919,6,0,913,1132
2020-06-27,Pakistan,202955,4118,0,198837,198883,4035,0,194848,195745,219027520,4072,83,0,3989,3138
2020-06-27,Panama,30658,592,0,30066,29905,575,0,29330,29037,4218808,753,17,0,736,868
2020-06-27,Papua New Guinea,11,0,0,11,11,0,0,11,10,8935000,0,0,0,0,1
2020-06-27,Paraguay,1942,15,0,1927,1711,13,0,1698,1569,7152703,231,2,0,229,142
2020-06-27,Peru,275989,9135,0,266854,272364,8939,0,263425,268602,32131400,3625,196,0,3429,3762
2020-06-27,Philippines,34803,1236,0,33567,34073,1224,0,32849,33069,108438081,730,12,0,718,1004
2020-06-27,Poland,33714,1435,0,32279,33395,1429,0,31966,33119,38386000,319,6,0,313,276
2020-06-27,Portugal,41189,1561,0,39628,40866,1555,0,39311,40415,10276617,323,6,0,317,451
2020-06-27,Qatar,93663,110,0,93553,92784,109,0,92675,91838,2747282,879,1,0,878,946
2020-06-27,Romania,26022,1589,0,24433,25697,1579,0,24118,25286,19405156,325,10,0,315,411
2020-06-27,Russia,626779,8958,0,617821,619936,8770,0,611166,613148,146745098,6843,188,0,6655,6788
2020-06-27,Rwanda,878,2,0,876,858,2,0,856,850,12374397,20,0,0,20,8
2020-06-27,Saint Kitts and Nevis,15,0,0,15,15,0,0,15,15,,0,0,0,0,0
2020-06-27,Saint Lucia,19,0,0,19,19,0,0,19,19,178696,0,0,0,0,0
2020-06-27,Saint Vincent and the Grenadines,29,0,0,29,29,0,0,29,29,110608,0,0,0,0,0
2020-06-27,San Marino,698,42,0,656,698,42,0,656,698,33574,0,0,0,0,0
2020-06-27,Sao Tome and Principe,713,13,0,700,712,13,0,699,711,,1,0,0,1,1
2020-06-27,Saudi Arabia,178504,1511,0,176993,174577,1474,0,173103,170639,34218169,3927,37,0,3890,3938
2020-06-27,Senegal,6459,102,0,6357,6354,98,0,6256,6233,16209125,105,4,0,101,121
2020-06-27,Serbia,13792,267,0,13525,13565,265,0,13300,13372,6963764,227,2,0,225,193
2020-06-27,Seychelles,20,0,0,20,11,0,0,11,11,97625,9,0,0,9,0
2020-06-27,Sierra Leone,1410,59,0,1351,1394,59,0,1335,1354,,16,0,0,16,40
2020-06-27,Singapore,43246,26,0,43220,42955,26,0,42929,42736,5703600,291,0,0,291,219
2020-06-27,Slovakia,1657,28,0,1629,1643,28,0,1615,1630,5456362,14,0,0,14,13
2020-06-27,Slovenia,1572,109,0,1463,1558,109,0,1449,1547,2094060,14,0,0,14,11
2020-06-27,Somalia,2878,90,0,2788,2878,90,0,2788,2878,15893219,0,0,0,0,0
2020-06-27,South Africa,131800,2413,0,129387,124590,2340,0,122250,118375,58775022,7210,73,0,7137,6215
2020-06-27,South Sudan,1942,36,0,1906,1942,36,0,1906,1942,,0,0,0,0,0
2020-06-27,Spain,248469,28341,0,220128,247905,28338,0,219567,247486,47100396,564,3,0,561,419
2020-06-27,Sri Lanka,2033,11,0,2022,2014,11,0,2003,2010,21803000,19,0,0,19,4
2020-06-27,Sudan,9257,572,0,8685,9257,572,0,8685,8984,42364155,0,0,0,0,273
2020-06-27,Suriname,467,11,0,456,389,10,0,379,373,581372,78,1,0,77,16
2020-06-27,Sweden,65137,5280,0,59857,65137,5280,0,59857,63890,10333456,0,0,0,0,1247
2020-06-27,Switzerland,31555,1962,0,29593,31486,1962,0,29524,31428,8586550,69,0,0,69,58
2020-06-27,Syria,256,9,0,247,255,8,0,247,242,,1,1,0,0,13
2020-06-27,Taiwan*,447,7,0,440,447,7,0,440,447,23604265,0,0,0,0,0
2020-06-27,Tajikistan,5799,52,0,5747,5747,52,0,5695,5691,,52,0,0,52,56
2020-06-27,Tanzania,509,21,0,488,509,21,0,488,509,55890747,0,0,0,0,0
2020-06-27,Thailand,3162,58,0,3104,3162,58,0,3104,3158,66484342,0,0,0,0,4
2020-06-27,Timor-Leste,24,0,0,24,24,0,0,24,24,,0,0,0,0,0
2020-06-27,Togo,615,14,0,601,591,14,0,577,588,7538000,24,0,0,24,3
2020-06-27,Trinidad and Tobago,126,8,0,118,124,8,0,116,123,1363985,2,0,0,2,1
2020-06-27,Tunisia,1168,50,0,1118,1164,50,0,1114,1162,11722038,4,0,0,4,2
2020-06-27,Turkey,195883,5082,0,190801,194511,5065,0,189446,193115,83154997,1372,17,0,1355,1396
2020-06-27,US,2510151,125539,0,2384612,2467554,125039,0,2342515,2422299,329493716,42597,500,0,42097,45255
2020-06-27,Uganda,848,0,0,848,833,0,0,833,821,40299300,15,0,0,15,12
2020-06-27,Ukraine,42932,1121,0,41811,41975,1097,0,40878,40854,41902416,957,24,0,933,1121
2020-06-27,United Arab Emirates,47360,311,0,47049,46973,310,0,46663,46563,9890400,387,1,0,386,410
2020-06-27,United Kingdom,311727,43598,0,268129,310836,43498,0,267338,309455,66435600,891,100,0,791,1381
2020-06-27,Uruguay,924,26,0,898,919,26,0,893,907,3518552,5,0,0,5,12
2020-06-27,Uzbekistan,7682,20,0,7662,7427,20,0,7407,7177,34083289,255,0,0,255,250
2020-06-27,Venezuela,5130,42,0,5088,4779,41,0,4738,4563,32219521,351,1,0,350,216
2020-06-27,Vietnam,355,0,0,355,353,0,0,353,352,96208984,2,0,0,2,1
2020-06-27,West Bank and Gaza,1815,4,0,1811,1557,3,0,1554,1382,,258,1,0,257,175
2020-06-27,Western Sahara,10,1,0,9,10,1,0,9,10,,0,0,0,0,0
2020-06-27,Yemen,1103,296,0,807,1089,293,0,796,1076,,14,3,0,11,13
2020-06-27,Zambia,1531,21,0,1510,1531,21,0,1510,1497,17381168,0,0,0,0,34
2020-06-27,Zimbabwe,567,6,0,561,561,6,0,555,551,15159624,6,0,0,6,10
