Date,Country/Region,Confirmed,Deaths,Recovered,Active Cases,Previous Confirmed,Previous Deaths,Previous Recovered,Previous Active,Prev2 Confirmed,Population,Daily Confirmed,Daily Deaths,Daily Recovered,Daily Active,Previous Daily Confirmed
2020-07-02,Afghanistan,32022,807,0,31215,31836,774,0,31062,31517,32225560,186,33,0,153,319
2020-07-02,Albania,2662,69,0,2593,2580,65,0,2515,2535,2862427,82,4,0,78,45
2020-07-02,Algeria,14657,928,0,13729,14272,920,0,13352,13907,43000000,385,8,0,377,365
2020-07-02,Andorra,855,52,0,803,855,52,0,803,855,77543,0,0,0,0,0
2020-07-02,Angola,315,17,0,298,291,15,0,276,284,31127674,24,2,0,22,7
2020-07-02,Antigua and Barbuda,69,3,0,66,69,3,0,66,69,96453,0,0,0,0,0
2020-07-02,Argentina,69941,1385,0,68556,67197,1351,0,65846,64530,44938712,2744,34,0,2710,2667
2020-07-02,Armenia,26658,459,0,26199,26065,453,0,25612,25542,2957500,593,6,0,587,523
2020-07-02,Australia,8066,104,0,7962,8001,104,0,7897,7920,25654023,65,0,0,65,81
2020-07-02,Austria,17941,705,0,17236,17873,705,0,17168,17766,8902600,68,0,0,68,107
2020-07-02,Azerbaijan,18684,228,0,18456,18112,220,0,17892,17524,10067108,572,8,0,564,588
2020-07-02,Bahamas,104,11,0,93,104,11,0,93,104,,0,0,0,0,0
2020-07-02,Bahrain,27837,94,0,27743,27414,92,0,27322,26758,1543300,423,2,0,421,656
2020-07-02,Bangladesh,153277,1926,0,151351,149258,1888,0,147370,145483,168310034,4019,38,0,3981,3775
2020-07-02,Barbados,97,7,0,90,97,7,0,90,97,287025,0,0,0,0,0
2020-07-02,Belarus,62698,405,0,62293,62424,398,0,62026,62118,9413446,274,7,0,267,306
2020-07-02,Belgium,61598,9761,0,51837,61509,9754,0,51755,61427,11524454,89,7,0,82,82
2020-07-02,Belize,28,2,0,26,28,2,0,26,24,,0,0,0,0,4
2020-07-02,Benin,1199,21,0,1178,1199,21,0,1178,1199,11733059,0,0,0,0,0
2020-07-02,Bhutan,77,0,0,77,77,0,0,77,77,741672,0,0,0,0,0
2020-07-02,Bolivia,35528,1271,0,34257,34227,1201,0,33026,33219,11469896,1301,70,0,1231,1008
2020-07-02,Bosnia and Herzegovina,4788,189,0,4599,4606,188,0,4418,4453,3301000,182,1,0,181,153
2020-07-02,Botswana,227,1,0,226,227,1,0,226,227,,0,0,0,0,0
2020-07-02,Brazil,1496858,61884,0,1434974,1448753,60632,0,1388121,1402041,211288170,48105,1252,0,46853,46712
2020-07-02,Brunei,141,3,0,138,141,3,0,138,141,442400,0,0,0,0,0
2020-07-02,Bulgaria,5315,232,0,5083,5154,232,0,4922,4989,7000039,161,0,0,161,165
2020-07-02,Burkina Faso,967,53,0,914,962,53,0,909,962,20870060,5,0,0,5,0
2020-07-02,Burma,304,6,0,298,303,6,0,297,299,,1,0,0,1,4
2020-07-02,Burundi,170,1,0,169,170,1,0,169,170,,0,0,0,0,0
2020-07-02,Cabo Verde,1301,15,0,1286,1267,15,0,1252,1227,,34,0,0,34,40
2020-07-02,Cambodia,141,0,0,141,141,0,0,141,141,15288489,0,0,0,0,0
2020-07-02,Cameroon,12592,313,0,12279,12592,313,0,12279,12592,26545864,0,0,0,0,0
2020-07-02,Canada,106643,8700,0,97943,106288,8678,0,97610,106097,37966227,355,22,0,333,191
2020-07-02,Central African Republic,3788,47,0,3741,3745,47,0,3698,3745,5496011,43,0,0,43,0
2020-07-02,Chad,868,74,0,794,866,74,0,792,866,15692969,2,0,0,2,0
2020-07-02,Chile,284541,5920,0,278621,282043,5753,0,276290,279393,19107216,2498,167,0,2331,2650
2020-07-02,China,84830,4641,0,80189,84816,4641,0,80175,84785,1401870440,14,0,0,14,31
2020-07-02,Colombia,102261,3650,0,98611,98090,3488,0,94602,95269,49395678,4171,162,0,4009,2821
2020-07-02,Comoros,303,7,0,296,303,7,0,296,303,,0,0,0,0,0
2020-07-02,Congo (Brazzaville),1382,41,0,1341,1382,41,0,1341,1087,5518092,0,0,0,0,295
2020-07-02,Congo (Kinshasa),7189,176,0,7013,7122,175,0,6947,7039,89561404,67,1,0,66,83
2020-07-02,Costa Rica,4023,18,0,4005,3753,17,0,3736,3459,5058007,270,1,0,269,294
2020-07-02,Cote d'Ivoire,9992,68,0,9924,9702,68,0,9634,9499,25823071,290,0,0,290,203
2020-07-02,Croatia,2912,110,0,2802,2831,108,0,2723,2777,4076246,81,2,0,79,54
2020-07-02,Cuba,2353,86,0,2267,2348,86,0,2262,2341,11209628,5,0,0,5,7
2020-07-02,Cyprus,999,19,0,980,999,19,0,980,998,875900,0,0,0,0,1
2020-07-02,Czechia,12178,353,0,11825,12046,349,0,11697,11954,10693939,132,4,0,128,92
2020-07-02,Denmark,13015,606,0,12409,12994,606,0,12388,12968,5822763,21,0,0,21,26
2020-07-02,Diamond Princess,712,13,0,699,712,13,0,699,712,,0,0,0,0,0
2020-07-02,Djibouti,4715,55,0,4660,4704,55,0,4649,4682,1078373,11,0,0,11,22
2020-07-02,Dominica,18,0,0,18,18,0,0,18,18,,0,0,0,0,0
2020-07-02,Dominican Republic,34197,765,0,33432,33387,754,0,32633,32568,10358320,810,11,0,799,819
2020-07-02,Ecuador,59468,4639,0,54829,58257,4576,0,53681,56432,17449288,1211,63,0,1148,1825
2020-07-02,Egypt,71299,3120,0,68179,69814,3034,0,66780,68311,100153850,1485,86,0,1399,1503
2020-07-02,El Salvador,7000,191,0,6809,6736,182,0,6554,6438,6486201,264,9,0,255,298
2020-07-02,Equatorial Guinea,3071,51,0,3020,2001,32,0,1969,2001,1358276,1070,19,0,1051,0
2020-07-02,Eritrea,215,0,0,215,203,0,0,203,203,3497117,12,0,0,12,0
2020-07-02,Estonia,1990,69,0,1921,1989,69,0,1920,1989,1328360,1,0,0,1,0
2020-07-02,Eswatini,873,11,0,862,840,11,0,829,812,1093238,33,0,0,33,28
2020-07-02,Ethiopia,5846,103,0,5743,5846,103,0,5743,5846,98665000,0,0,0,0,0
2020-07-02,Fiji,18,0,0,18,18,0,0,18,18,884887,0,0,0,0,0
2020-07-02,Finland,7241,328,0,6913,7236,328,0,6908,7214,5527573,5,0,0,5,22
2020-07-02,France,203640,29878,0,173762,202981,29864,0,173117,202063,67069000,659,14,0,645,918
2020-07-02,Gabon,5513,42,0,5471,5513,42,0,5471,5394,2172579,0,0,0,0,119
2020-07-02,Gambia,55,2,0,53,49,2,0,47,49,,6,0,0,6,0
2020-07-02,Georgia,939,15,0,924,931,15,0,916,928,3723464,8,0,0,8,3
2020-07-02,Germany,196370,9006,0,187364,195893,8995,0,186898,195418,83149300,477,11,0,466,475
2020-07-02,Ghana,18134,117,0,18017,18134,117,0,18017,17741,30280811,0,0,0,0,393
2020-07-02,Greece,3458,192,0,3266,3432,192,0,3240,3409,10724599,26,0,0,26,23
2020-07-02,Grenada,23,0,0,23,23,0,0,23,23,,0,0,0,0,0
2020-07-02,Guatemala,20072,843,0,19229,19011,817,0,18194,18096,16604026,1061,26,0,1035,915
2020-07-02,Guinea,5450,33,0,5417,5404,33,0,5371,5391,12218357,46,0,0,46,13
2020-07-02,Guinea-Bissau,1654,24,0,1630,1654,24,0,1630,1654,,0,0,0,0,0
2020-07-02,Guyana,250,14,0,236,248,13,0,235,245,782766,2,1,0,1,3
2020-07-02,Haiti,6101,110,0,5991,6040,107,0,5933,5975,11577779,61,3,0,58,65
2020-07-02,Holy See,12,0,0,12,12,0,0,12,12,,0,0,0,0,0
2020-07-02,Honduras,21120,591,0,20529,20262,542,0,19720,19558,9158345,858,49,0,809,704
2020-07-02,Hungary,4166,587,0,3579,4157,586,0,3571,4155,9772756,9,1,0,8,2
2020-07-02,Iceland,1850,10,0,1840,1847,10,0,1837,1842,364260,3,0,0,3,5
2020-07-02,India,625544,18213,0,607331,604641,17834,0,586807,585481,1360094159,20903,379,0,20524,19160
2020-07-02,Indonesia,59394,2987,0,56407,57770,2934,0,54836,56385,266911900,1624,53,0,1571,1385
2020-07-02,Iran,232863,11106,0,221757,230211,10958,0,219253,227662,83301053,2652,148,0,2504,2549
2020-07-02,Iraq,53708,2160,0,51548,51524,2050,0,49474,49109,39127900,2184,110,0,2074,2415
2020-07-02,Ireland,25489,1738,0,23751,25477,1738,0,23739,25473,4921500,12,0,0,12,4
2020-07-02,Israel,27047,324,0,26723,26257,322,0,25935,25244,9175050,790,2,0,788,1013
2020-07-02,Italy,240961,34818,0,206143,240760,34788,0,205972,240578,60243406,201,30,0,171,182
2020-07-02,Jamaica,715,10,0,705,707,10,0,697,702,2726667,8,0,0,8,5
2020-07-02,Japan,19055,977,0,18078,18838,976,0,17862,18615,126010000,217,1,0,216,223
2020-07-02,Jordan,1136,9,0,1127,1133,9,0,1124,1132,10641432,3,0,0,3,1
2020-07-02,Kazakhstan,42574,188,0,42386,42574,188,0,42386,22308,18667696,0,0,0,0,20266
2020-07-02,Kenya,6941,152,0,6789,6673,149,0,6524,6366,47564296,268,3,0,265,307
2020-07-02,"Korea, South",12967,282,0,12685,12904,282,0,12622,12850,51780579,63,0,0,63,54
2020-07-02,Kosovo,3064,55,0,3009,2991,54,0,2937,2878,1795666,73,1,0,72,113
2020-07-02,Kuwait,47859,359,0,47500,46940,358,0,46582,46195,4420110,919,1,0,918,745
2020-07-02,Kyrgyzstan,6767,76,0,6691,6261,66,0,6195,5506,6523500,506,10,0,496,755
2020-07-02,Laos,19,0,0,19,19,0,0,19,19,,0,0,0,0,0
2020-07-02,Latvia,1122,30,0,1092,1121,30,0,1091,1118,1906800,1,0,0,1,3
2020-07-02,Lebanon,1796,35,0,1761,1788,34,0,1754,1778,6825442,8,1,0,7,10
2020-07-02,Lesotho,35,0,0,35,35,0,0,35,27,,0,0,0,0,8
2020-07-02,Liberia,819,37,0,782,804,37,0,767,780,4475353,15,0,0,15,24
2020-07-02,Libya,891,26,0,865,874,25,0,849,824,,17,1,0,16,50
2020-07-02,Liechtenstein,83,1,0,82,82,1,0,81,82,38749,1,0,0,1,0
2020-07-02,Lithuania,1825,78,0,1747,1818,78,0,1740,1817,2793471,7,0,0,7,1
2020-07-02,Luxembourg,4395,110,0,4285,4345,110,0,4235,4299,613894,50,0,0,50,46
2020-07-02,MS Zaandam,9,2,0,7,9,2,0,7,9,,0,0,0,0,0
2020-07-02,Madagascar,2403,24,0,2379,2303,22,0,2281,2214,25680342,100,2,0,98,89
2020-07-02,Malawi,1342,16,0,1326,1265,16,0,1249,1224,,77,0,0,77,41
2020-07-02,Malaysia,8643,121,0,8522,8640,121,0,8519,8639,32726760,3,0,0,3,1
2020-07-02,Maldives,2400,10,0,2390,2382,9,0,2373,2361,374775,18,1,0,17,21
2020-07-02,Mali,2260,117,0,2143,2202,116,0,2086,2181,,58,1,0,57,21
2020-07-02,Malta,671,9,0,662,671,9,0,662,670,493559,0,0,0,0,1
2020-07-02,Mauritania,4606,129,0,4477,4472,129,0,4343,4363,4077347,134,0,0,134,109
2020-07-02,Mauritius,341,10,0,331,341,10,0,331,341,1265985,0,0,0,0,0
2020-07-02,Mexico,238511,29189,0,209322,231770,28510,0,203260,226089,126577691,6741,679,0,6062,5681
2020-07-02,Moldova,17150,560,0,16590,16898,549,0,16349,16613,2681735,252,11,0,241,285
2020-07-02,Monaco,106,4,0,102,103,4,0,99,103,38300,3,0,0,3,0
2020-07-02,Mongolia,220,0,0,220,220,0,0,220,220,3308788,0,0,0,0,0
2020-07-02,Montenegro,616,12,0,604,576,12,0,564,548,622359,40,0,0,40,28
2020-07-02,Morocco,12969,229,0,12740,12636,228,0,12408,12533,35846095,333,1,0,332,103
2020-07-02,Mozambique,918,6,0,912,903,6,0,897,889,,15,0,0,15,14
2020-07-02,Namibia,293,0,0,293,285,0,0,285,205,2458936,8,0,0,8,80
2020-07-02,Nepal,14519,31,0,14488,14046,30,0,14016,13564,29609623,473,1,0,472,482
2020-07-02,Netherlands,50546,6132,0,44414,50483,6132,0,44351,50483,17447181,63,0,0,63,0
2020-07-02,New Zealand,1530,22,0,1508,1530,22,0,1508,1528,4972216,0,0,0,0,2
2020-07-02,Nicaragua,2519,83,0,2436,2519,83,0,2436,2519,6460411,0,0,0,0,0
2020-07-02,Niger,1081,68,0,1013,1075,67,0,1008,1075,22314743,6,1,0,5,0
2020-07-02,Nigeria,27110,616,0,26494,26484,603,0,25881,25694,206139587,626,13,0,613,790
2020-07-02,North Macedonia,6625,321,0,6304,6454,306,0,6148,6334,2077132,171,15,0,156,120
2020-07-02,Norway,8902,251,0,8651,8896,251,0,8645,8879,5367580,6,0,0,6,17
2020-07-02,Oman,42555,188,0,42367,41194,185,0,41009,40070,4664790,1361,3,0,1358,1124
2020-07-02,Pakistan,221896,4551,0,217345,217809,4473,0,213336,213470,219027520,4087,78,0,4009,4339
2020-07-02,Panama,35237,667,0,34570,34463,645,0,33818,33550,4218808,774,22,0,752,913
2020-07-02,Papua New Guinea,11,0,0,11,11,0,0,11,11,8935000,0,0,0,0,0
2020-07-02,Paraguay,2303,19,0,2284,2260,19,0,2241,2221,7152703,43,0,0,43,39
2020-07-02,Peru,292004,10045,0,281959,288477,9860,0,278617,285213,32131400,3527,185,0,3342,3264
2020-07-02,Philippines,38805,1274,0,37531,38511,1270,0,37241,37514,108438081,294,4,0,290,997
2020-07-02,Poland,35146,1492,0,33654,34775,1477,0,33298,34393,38386000,371,15,0,356,382
2020-07-02,Portugal,42782,1587,0,41195,42454,1579,0,40875,42141,10276617,328,8,0,320,313
2020-07-02,Qatar,97897,118,0,97779,97003,115,0,96888,96088,2747282,894,3,0,891,915
2020-07-02,Romania,27746,1687,0,26059,27296,1667,0,25629,26970,19405156,450,20,0,430,326
2020-07-02,Russia,660231,9668,0,650563,653479,9521,0,643958,646929,146745098,6752,147,0,6605,6550
2020-07-02,Rwanda,1063,3,0,1060,1042,3,0,1039,1025,12374397,21,0,0,21,17
2020-07-02,Saint Kitts and Nevis,15,0,0,15,15,0,0,15,15,,0,0,0,0,0
2020-07-02,Saint Lucia,19,0,0,19,19,0,0,19,19,178696,0,0,0,0,0
2020-07-02,Saint Vincent and the Grenadines,29,0,0,29,29,0,0,29,29,110608,0,0,0,0,0
2020-07-02,San Marino,698,42,0,656,698,42,0,656,698,33574,0,0,0,0,0
2020-07-02,Sao Tome and Principe,717,13,0,704,715,13,0,702,714,,2,0,0,2,1
2020-07-02,Saudi Arabia,197608,1752,0,195856,194225,1698,0,192527,190823,34218169,3383,54,0,3329,3402
2020-07-02,Senegal,7054,121,0,6933,6925,116,0,6809,6793,16209125,129,5,0,124,132
2020-07-02,Serbia,15195,287,0,14908,14836,281,0,14555,14564,6963764,359,6,0,353,272
2020-07-02,Seychelles,81,0,0,81,81,0,0,81,81,97625,0,0,0,0,0
2020-07-02,Sierra Leone,1518,60,0,1458,1498,60,0,1438,1462,,20,0,0,20,36
2020-07-02,Singapore,44310,26,0,44284,44122,26,0,44096,43907,5703600,188,0,0,188,215
2020-07-02,Slovakia,1700,28,0,1672,1687,28,0,1659,1667,5456362,13,0,0,13,20
2020-07-02,Slovenia,1634,111,0,1523,1613,111,0,1502,1600,2094060,21,0,0,21,13
2020-07-02,Somalia,2944,90,0,2854,2924,90,0,2834,2924,15893219,20,0,0,20,0
2020-07-02,South Africa,168061,2844,0,165217,159333,2749,0,156584,151209,58775022,8728,95,0,8633,8124
2020-07-02,South Sudan,2021,38,0,1983,2021,38,0,1983,2007,,0,0,0,0,14
2020-07-02,Spain,250103,28368,0,221735,249659,28364,0,221295,249271,47100396,444,4,0,440,388
2020-07-02,Sri Lanka,2066,11,0,2055,2054,11,0,2043,2047,21803000,12,0,0,12,7
2020-07-02,Sudan,9573,602,0,8971,9573,602,0,8971,9257,42364155,0,0,0,0,316
2020-07-02,Suriname,547,13,0,534,535,13,0,522,515,581372,12,0,0,12,20
2020-07-02,Sweden,70639,5411,0,65228,69692,5370,0,64322,68451,10333456,947,41,0,906,1241
2020-07-02,Switzerland,31967,1965,0,30002,31851,1965,0,29886,31714,8586550,116,0,0,116,137
2020-07-02,Syria,312,9,0,303,293,9,0,284,279,,19,0,0,19,14
2020-07-02,Taiwan*,448,7,0,441,447,7,0,440,447,23604265,1,0,0,1,0
2020-07-02,Tajikistan,6058,52,0,6006,6005,52,0,5953,5900,,53,0,0,53,105
2020-07-02,Tanzania,509,21,0,488,509,21,0,488,509,55890747,0,0,0,0,0
2020-07-02,Thailand,3179,58,0,3121,3173,58,0,3115,3171,66484342,6,0,0,6,2
2020-07-02,Timor-Leste,24,0,0,24,24,0,0,24,24,,0,0,0,0,0
2020-07-02,Togo,667,14,0,653,661,14,0,647,650,7538000,6,0,0,6,11
2020-07-02,Trinidad and Tobago,130,8,0,122,130,8,0,122,130,1363985,0,0,0,0,0
2020-07-02,Tunisia,1178,50,0,1128,1175,50,0,1125,1174,11722038,3,0,0,3,1
2020-07-02,Turkey,202284,5167,0,197117,201098,5150,0,195948,199906,83154997,1186,17,0,1169,1192
2020-07-02,US,2739879,128740,0,2611139,2687588,128105,0,2559483,2636414,329493716,52291,635,0,51656,51174
2020-07-02,Uganda,902,0,0,902,893,0,0,893,889,40299300,9,0,0,9,4
2020-07-02,Ukraine,46821,1200,0,45621,45924,1188,0,44736,45254,41902416,897,12,0,885,670
2020-07-02,United Arab Emirates,49469,317,0,49152,49069,316,0,48753,48667,9890400,400,1,0,399,402
2020-07-02,United Kingdom,285268,44080,0,241188,314992,43991,0,271001,314160,66435600,-29724,89,0,-29813,832
2020-07-02,Uruguay,947,28,0,919,943,28,0,915,936,3518552,4,0,0,4,7
2020-07-02,Uzbekistan,9078,27,0,9051,8781,26,0,8755,8503,34083289,297,1,0,296,278
2020-07-02,Venezuela,6273,57,0,6216,6062,54,0,6008,5832,32219521,211,3,0,208,230
2020-07-02,Vietnam,355,0,0,355,355,0,0,355,355,96208984,0,0,0,0,0
2020-07-02,West Bank and Gaza,3080,9,0,3071,2758,8,0,2750,2428,,322,1,0,321,330
2020-07-02,Western Sahara,10,1,0,9,10,1,0,9,10,,0,0,0,0,0
2020-07-02,Yemen,1221,325,0,896,1190,318,0,872,1158,,31,7,0,24,32
2020-07-02,Zambia,1632,30,0,1602,1632,30,0,1602,1594,17381168,0,0,0,0,38
2020-07-02,Zimbabwe,617,7,0,610,605,7,0,598,591,15159624,12,0,0,12,14
