Date,Country/Region,Confirmed,Deaths,Recovered,Active Cases,Previous Confirmed,Previous Deaths,Previous Recovered,Previous Active,Prev2 Confirmed,Previous Week Confirmed,Population,Daily Confirmed,Daily Deaths,Daily Recovered,Daily Active,Previous Daily Confirmed,Weekly Confirmed
2020-08-15,Afghanistan,37551,1370,0,36181,37431,1363,0,36068,37424,37054,32225560,120,7,0,113,7,497
2020-08-15,Albania,7260,225,0,7035,7117,219,0,6898,6971,6275,2862427,143,6,0,137,146,985
2020-08-15,Algeria,38133,1360,0,36773,37664,1351,0,36313,37187,34693,43000000,469,9,0,460,477,3440
2020-08-15,Andorra,989,53,0,936,989,53,0,936,981,955,77543,0,0,0,0,8,34
2020-08-15,Angola,1879,86,0,1793,1852,86,0,1766,1815,1572,31127674,27,0,0,27,37,307
2020-08-15,Antigua and Barbuda,93,3,0,90,93,3,0,90,92,92,96453,0,0,0,0,1,1
2020-08-15,Argentina,289100,5637,0,283463,282437,5527,0,276910,276072,241811,44938712,6663,110,0,6553,6365,47289
2020-08-15,Armenia,41495,817,0,40678,41299,814,0,40485,41023,40185,2957500,196,3,0,193,276,1310
2020-08-15,Australia,23287,396,0,22891,23035,379,0,22656,22742,21084,25654023,252,17,0,235,293,2203
2020-08-15,Austria,23179,728,0,22451,22876,725,0,22151,22594,21919,8902600,303,3,0,300,282,1260
2020-08-15,Azerbaijan,34107,506,0,33601,34018,504,0,33514,33915,33481,10067108,89,2,0,87,103,626
2020-08-15,Bahamas,1252,17,0,1235,1119,17,0,1102,1089,878,,133,0,0,133,30,374
2020-08-15,Bahrain,46430,170,0,46260,46052,168,0,45884,45726,43629,1543300,378,2,0,376,326,2801
2020-08-15,Bangladesh,274525,3625,0,270900,271881,3591,0,268290,269115,255113,168310034,2644,34,0,2610,2766,19412
2020-08-15,Barbados,150,7,0,143,148,7,0,141,144,138,287025,2,0,0,2,4,12
2020-08-15,Belarus,69308,603,0,68705,69308,603,0,68705,69203,68738,9413446,0,0,0,0,105,570
2020-08-15,Belgium,77869,9935,0,67934,77113,9924,0,67189,76191,73401,11524454,756,11,0,745,922,4468
2020-08-15,Belize,388,3,0,385,356,3,0,353,296,146,,32,0,0,32,60,242
2020-08-15,Benin,2063,39,0,2024,2014,38,0,1976,2014,1936,11733059,49,1,0,48,0,127
2020-08-15,Bhutan,133,0,0,133,133,0,0,133,128,108,741672,0,0,0,0,5,25
2020-08-15,Bolivia,99146,4003,0,95143,97950,3939,0,94011,96459,89055,11469896,1196,64,0,1132,1491,10091
2020-08-15,Bosnia and Herzegovina,15801,471,0,15330,15535,469,0,15066,15184,13687,3301000,266,2,0,264,351,2114
2020-08-15,Botswana,1214,3,0,1211,1214,3,0,1211,1214,804,,0,0,0,0,0,410
2020-08-15,Brazil,3317096,107232,0,3209864,3226443,105490,0,3120953,3224876,3012412,211288170,90653,1742,0,88911,1567,304684
2020-08-15,Brunei,142,3,0,139,142,3,0,139,142,142,442400,0,0,0,0,0,0
2020-08-15,Bulgaria,14333,495,0,13838,14243,492,0,13751,13893,13343,7000039,90,3,0,87,350,990
2020-08-15,Burkina Faso,1240,54,0,1186,1238,54,0,1184,1228,1175,20870060,2,0,0,2,10,65
2020-08-15,Burma,374,6,0,368,374,6,0,368,369,359,,0,0,0,0,5,15
2020-08-15,Burundi,412,1,0,411,412,1,0,411,410,405,,0,0,0,0,2,7
2020-08-15,Cabo Verde,3163,34,0,3129,3136,33,0,3103,3073,2835,,27,1,0,26,63,328
2020-08-15,Cambodia,273,0,0,273,273,0,0,273,273,248,15288489,0,0,0,0,0,25
2020-08-15,Cameroon,18469,401,0,18068,18469,401,0,18068,18308,18042,26545864,0,0,0,0,161,427
2020-08-15,Canada,123825,9072,0,114753,123605,9068,0,114537,123180,121148,37966227,220,4,0,216,425,2677
2020-08-15,Central African Republic,4652,61,0,4591,4652,61,0,4591,4652,4641,5496011,0,0,0,0,0,11
2020-08-15,Chad,952,76,0,876,951,76,0,875,949,942,15692969,1,0,0,1,2,10
2020-08-15,Chile,383902,10395,0,373507,382111,10340,0,371771,380034,371023,19107216,1791,55,0,1736,2077,12879
2020-08-15,China,89279,4703,0,84576,89214,4701,0,84513,89144,88672,1401870440,65,2,0,63,70,607
2020-08-15,Colombia,456689,14810,0,441879,445111,14492,0,430619,433805,376870,49395678,11578,318,0,11260,11306,79819
2020-08-15,Comoros,403,7,0,396,403,7,0,396,399,399,,0,0,0,0,4,4
2020-08-15,Congo (Brazzaville),3745,60,0,3685,3745,60,0,3685,3745,3664,5518092,0,0,0,0,0,81
2020-08-15,Congo (Kinshasa),9638,239,0,9399,9605,238,0,9367,9589,9436,89561404,33,1,0,32,16,202
2020-08-15,Costa Rica,27737,291,0,27446,26931,281,0,26650,26129,22802,5058007,806,10,0,796,802,4935
2020-08-15,Cote d'Ivoire,16993,108,0,16885,16935,108,0,16827,16889,16620,25823071,58,0,0,58,46,373
2020-08-15,Croatia,6420,165,0,6255,6258,163,0,6095,6050,5543,4076246,162,2,0,160,208,877
2020-08-15,Cuba,3292,88,0,3204,3229,88,0,3141,3174,2888,11209628,63,0,0,63,55,404
2020-08-15,Cyprus,1332,20,0,1312,1318,20,0,1298,1305,1233,875900,14,0,0,14,13,99
2020-08-15,Czechia,19891,395,0,19496,19693,394,0,19299,19401,18235,10693939,198,1,0,197,292,1656
2020-08-15,Denmark,15867,621,0,15246,15758,621,0,15137,15590,14751,5822763,109,0,0,109,168,1116
2020-08-15,Diamond Princess,712,13,0,699,712,13,0,699,712,712,,0,0,0,0,0,0
2020-08-15,Djibouti,5367,59,0,5308,5367,59,0,5308,5358,5338,1078373,0,0,0,0,9,29
2020-08-15,Dominica,18,0,0,18,18,0,0,18,18,18,,0,0,0,0,0,0
2020-08-15,Dominican Republic,85545,1438,0,84107,84488,1409,0,83079,83134,78778,10358320,1057,29,0,1028,1354,6767
2020-08-15,Ecuador,100688,6065,0,94623,99409,6030,0,93379,98343,93572,17449288,1279,35,0,1244,1066,7116
2020-08-15,Egypt,96336,5141,0,91195,96220,5124,0,91096,96108,95314,100153850,116,17,0,99,112,1022
2020-08-15,El Salvador,22619,603,0,22016,22314,595,0,21719,21993,19978,6486201,305,8,0,297,321,2641
2020-08-15,Equatorial Guinea,4821,83,0,4738,4821,83,0,4738,4821,4821,1358276,0,0,0,0,0,0
2020-08-15,Eritrea,285,0,0,285,285,0,0,285,285,285,3497117,0,0,0,0,0,0
2020-08-15,Estonia,2184,63,0,2121,2177,63,0,2114,2174,2147,1328360,7,0,0,7,3,37
2020-08-15,Eswatini,3745,69,0,3676,3670,68,0,3602,3599,3128,1093238,75,1,0,74,71,617
2020-08-15,Ethiopia,28894,509,0,28385,27242,492,0,26750,26204,22253,98665000,1652,17,0,1635,1038,6641
2020-08-15,Fiji,28,1,0,27,28,1,0,27,28,27,884887,0,0,0,0,0,1
2020-08-15,Finland,7720,333,0,7387,7700,333,0,7367,7683,7568,5527573,20,0,0,20,17,152
2020-08-15,France,252965,30410,0,222555,249655,30410,0,219245,244096,235208,67069000,3310,0,0,3310,5559,17757
2020-08-15,Gabon,8225,51,0,8174,8225,51,0,8174,8077,7923,2172579,0,0,0,0,148,302
2020-08-15,Gambia,1689,54,0,1635,1623,50,0,1573,1556,1090,,66,4,0,62,67,599
2020-08-15,Georgia,1321,17,0,1304,1306,17,0,1289,1283,1216,3723464,15,0,0,15,23,105
2020-08-15,Germany,224488,9235,0,215253,223791,9230,0,214561,222281,216903,83149300,697,5,0,692,1510,7585
2020-08-15,Ghana,42210,231,0,41979,41847,223,0,41624,41725,40533,30280811,363,8,0,355,122,1677
2020-08-15,Greece,6858,226,0,6632,6632,223,0,6409,6381,5421,10724599,226,3,0,223,251,1437
2020-08-15,Grenada,24,0,0,24,24,0,0,24,24,24,,0,0,0,0,0,0
2020-08-15,Guatemala,62313,2355,0,59958,61428,2341,0,59087,60284,56189,16604026,885,14,0,871,1144,6124
2020-08-15,Guinea,8343,50,0,8293,8260,50,0,8210,8198,7875,12218357,83,0,0,83,62,468
2020-08-15,Guinea-Bissau,2117,33,0,2084,2088,29,0,2059,2088,2052,,29,4,0,25,0,65
2020-08-15,Guyana,674,22,0,652,649,22,0,627,631,554,782766,25,0,0,25,18,120
2020-08-15,Haiti,7831,196,0,7635,7810,192,0,7618,7781,7611,11577779,21,4,0,17,29,220
2020-08-15,Holy See,12,0,0,12,12,0,0,12,12,12,,0,0,0,0,0,0
2020-08-15,Honduras,49979,1567,0,48412,49467,1548,0,47919,49042,46973,9158345,512,19,0,493,425,3006
2020-08-15,Hungary,4877,607,0,4270,4853,607,0,4246,4813,4653,9772756,24,0,0,24,40,224
2020-08-15,Iceland,1999,10,0,1989,1983,10,0,1973,1976,1955,364260,16,0,0,16,7,44
2020-08-15,India,2589952,49980,0,2539972,2525922,49036,0,2476886,2461190,2153010,1360094159,64030,944,0,63086,64732,436942
2020-08-15,Indonesia,137468,6071,0,131397,135123,6021,0,129102,132816,123503,266911900,2345,50,0,2295,2307,13965
2020-08-15,Iran,341070,19492,0,321578,338825,19331,0,319494,336324,324692,83301053,2245,161,0,2084,2501,16378
2020-08-15,Iraq,172583,5785,0,166798,168290,5709,0,162581,164277,147389,39127900,4293,76,0,4217,4013,25194
2020-08-15,Ireland,27191,1774,0,25417,26995,1774,0,25221,26929,26644,4921500,196,0,0,196,66,547
2020-08-15,Israel,92233,674,0,91559,91080,665,0,90415,89822,82324,9175050,1153,9,0,1144,1258,9909
2020-08-15,Italy,253438,35392,0,218046,252809,35234,0,217575,252235,250103,60243406,629,158,0,471,574,3335
2020-08-15,Jamaica,1082,14,0,1068,1082,14,0,1068,1071,1003,2726667,0,0,0,0,11,79
2020-08-15,Japan,55051,1093,0,53958,53818,1080,0,52738,52471,47342,126010000,1233,13,0,1220,1347,7709
2020-08-15,Jordan,1339,11,0,1328,1329,11,0,1318,1320,1246,10641432,10,0,0,10,9,93
2020-08-15,Kazakhstan,102696,1269,0,101427,102287,1269,0,101018,101848,98701,18667696,409,0,0,409,439,3995
2020-08-15,Kenya,29849,472,0,29377,29334,465,0,28869,28754,25837,47564296,515,7,0,508,580,4012
2020-08-15,"Korea, South",15318,305,0,15013,15039,305,0,14734,14873,14598,51780579,279,0,0,279,166,720
2020-08-15,Kosovo,11275,390,0,10885,11130,381,0,10749,10795,9869,1795666,145,9,0,136,335,1406
2020-08-15,Kuwait,75697,498,0,75199,75185,494,0,74691,74486,71199,4420110,512,4,0,508,699,4498
2020-08-15,Kyrgyzstan,41645,1493,0,40152,41373,1491,0,39882,41069,39571,6523500,272,2,0,270,304,2074
2020-08-15,Laos,22,0,0,22,22,0,0,22,20,20,,0,0,0,0,2,2
2020-08-15,Latvia,1315,32,0,1283,1308,32,0,1276,1307,1288,1906800,7,0,0,7,1,27
2020-08-15,Lebanon,8442,97,0,8345,8045,94,0,7951,7711,6223,6825442,397,3,0,394,334,2219
2020-08-15,Lesotho,903,25,0,878,884,25,0,859,884,742,,19,0,0,19,0,161
2020-08-15,Liberia,1257,82,0,1175,1252,82,0,1170,1252,1234,4475353,5,0,0,5,0,23
2020-08-15,Libya,7738,145,0,7593,7327,139,0,7188,7050,5232,,411,6,0,405,277,2506
2020-08-15,Liechtenstein,91,1,0,90,91,1,0,90,90,89,38749,0,0,0,0,1,2
2020-08-15,Lithuania,2386,81,0,2305,2352,81,0,2271,2330,2231,2793471,34,0,0,34,22,155
2020-08-15,Luxembourg,7439,123,0,7316,7405,122,0,7283,7368,7169,613894,34,1,0,33,37,270
2020-08-15,MS Zaandam,9,2,0,7,9,2,0,7,9,9,,0,0,0,0,0,0
2020-08-15,Madagascar,13724,166,0,13558,13643,164,0,13479,13522,12922,25680342,81,2,0,79,121,802
2020-08-15,Malawi,5026,157,0,4869,4988,156,0,4832,4912,4624,,38,1,0,37,76,402
2020-08-15,Malaysia,9175,125,0,9050,9149,125,0,9024,9129,9070,32726760,26,0,0,26,20,105
2020-08-15,Maldives,5679,22,0,5657,5572,22,0,5550,5494,4898,374775,107,0,0,107,78,781
2020-08-15,Mali,2614,125,0,2489,2597,125,0,2472,2597,2565,,17,0,0,17,0,49
2020-08-15,Malta,1348,9,0,1339,1276,9,0,1267,1245,1035,493559,72,0,0,72,31,313
2020-08-15,Mauritania,6693,157,0,6536,6676,157,0,6519,6653,6510,4077347,17,0,0,17,23,183
2020-08-15,Mauritius,346,10,0,336,345,10,0,335,344,344,1265985,1,0,0,1,1,2
2020-08-15,Mexico,517714,56543,0,461171,511369,55908,0,455461,505751,475902,126577691,6345,635,0,5710,5618,41812
2020-08-15,Moldova,29905,895,0,29010,29483,884,0,28599,29087,27443,2681735,422,11,0,411,396,2462
2020-08-15,Monaco,146,4,0,142,146,4,0,142,144,131,38300,0,0,0,0,2,15
2020-08-15,Mongolia,298,0,0,298,298,0,0,298,297,293,3308788,0,0,0,0,1,5
2020-08-15,Montenegro,3960,75,0,3885,3930,73,0,3857,3857,3588,622359,30,2,0,28,73,372
2020-08-15,Morocco,41017,632,0,40385,39241,611,0,38630,37935,32007,35846095,1776,21,0,1755,1306,9010
2020-08-15,Mozambique,2791,19,0,2772,2708,19,0,2689,2638,2241,,83,0,0,83,70,550
2020-08-15,Namibia,3907,35,0,3872,3726,31,0,3695,3544,2802,2458936,181,4,0,177,182,1105
2020-08-15,Nepal,26019,102,0,25917,25551,99,0,25452,24957,22592,29609623,468,3,0,465,594,3427
2020-08-15,Netherlands,63889,6191,0,57698,63127,6189,0,56938,62406,58717,17447181,762,2,0,760,721,5172
2020-08-15,New Zealand,1622,22,0,1600,1609,22,0,1587,1602,1569,4972216,13,0,0,13,7,53
2020-08-15,Nicaragua,4115,128,0,3987,4115,128,0,3987,4115,3902,6460411,0,0,0,0,0,213
2020-08-15,Niger,1165,69,0,1096,1161,69,0,1092,1161,1157,22314743,4,0,0,4,0,8
2020-08-15,Nigeria,48770,974,0,47796,48445,973,0,47472,48116,46140,206139587,325,1,0,324,329,2630
2020-08-15,North Macedonia,12653,539,0,12114,12515,535,0,11980,12357,11754,2077132,138,4,0,134,158,899
2020-08-15,Norway,9965,261,0,9704,9908,261,0,9647,9851,9599,5367580,57,0,0,57,57,366
2020-08-15,Oman,82924,562,0,82362,82743,557,0,82186,82531,81357,4664790,181,5,0,176,212,1567
2020-08-15,Pakistan,288047,6162,0,281885,287300,6153,0,281147,286674,283487,219027520,747,9,0,738,626,4560
2020-08-15,Panama,80665,1746,0,78919,79402,1734,0,77668,78446,73651,4218808,1263,12,0,1251,956,7014
2020-08-15,Papua New Guinea,271,3,0,268,271,3,0,268,271,188,8935000,0,0,0,0,0,83
2020-08-15,Paraguay,9381,127,0,9254,9022,108,0,8914,8389,6705,7152703,359,19,0,340,633,2676
2020-08-15,Peru,516296,25856,0,490440,516296,25856,0,490440,498555,463875,32131400,0,0,0,0,17741,52421
2020-08-15,Philippines,157918,2600,0,155318,153660,2442,0,151218,147526,126885,108438081,4258,158,0,4100,6134,31033
2020-08-15,Poland,56090,1869,0,54221,55319,1858,0,53461,54487,51167,38386000,771,11,0,760,832,4923
2020-08-15,Portugal,53981,1775,0,52206,53783,1772,0,52011,53548,52537,10276617,198,3,0,195,235,1444
2020-08-15,Qatar,114809,192,0,114617,114532,190,0,114342,114281,112650,2747282,277,2,0,275,251,2159
2020-08-15,Romania,69374,2954,0,66420,68046,2904,0,65142,66631,60623,19405156,1328,50,0,1278,1415,8751
2020-08-15,Russia,915808,15585,0,900223,910778,15467,0,895311,905762,880563,146745098,5030,118,0,4912,5016,35245
2020-08-15,Rwanda,2352,8,0,2344,2293,8,0,2285,2200,2134,12374397,59,0,0,59,93,218
2020-08-15,Saint Kitts and Nevis,17,0,0,17,17,0,0,17,17,17,,0,0,0,0,0,0
2020-08-15,Saint Lucia,25,0,0,25,25,0,0,25,25,25,178696,0,0,0,0,0,0
2020-08-15,Saint Vincent and the Grenadines,57,0,0,57,57,0,0,57,57,56,110608,0,0,0,0,0,1
2020-08-15,San Marino,699,42,0,657,699,42,0,657,699,699,33574,0,0,0,0,0,0
2020-08-15,Sao Tome and Principe,885,15,0,870,885,15,0,870,883,878,,0,0,0,0,2,7
2020-08-15,Saudi Arabia,297315,3369,0,293946,295902,3338,0,292564,294519,287262,34218169,1413,31,0,1382,1383,10053
2020-08-15,Senegal,12032,251,0,11781,11872,249,0,11623,11740,11003,16209125,160,2,0,158,132,1029
2020-08-15,Serbia,29471,670,0,28801,29233,665,0,28568,28998,27863,6963764,238,5,0,233,235,1608
2020-08-15,Seychelles,127,0,0,127,127,0,0,127,127,126,97625,0,0,0,0,0,1
2020-08-15,Sierra Leone,1954,69,0,1885,1947,69,0,1878,1940,1895,,7,0,0,7,7,59
2020-08-15,Singapore,55661,27,0,55634,55580,27,0,55553,55497,54929,5703600,81,0,0,81,83,732
2020-08-15,Slovakia,2855,31,0,2824,2801,31,0,2770,2739,2566,5456362,54,0,0,54,62,289
2020-08-15,Slovenia,2401,129,0,2272,2369,129,0,2240,2332,2247,2094060,32,0,0,32,37,154
2020-08-15,Somalia,3250,93,0,3157,3250,93,0,3157,3227,3227,15893219,0,0,0,0,23,23
2020-08-15,South Africa,583653,11677,0,571976,579140,11556,0,567584,572865,553188,58775022,4513,121,0,4392,6275,30465
2020-08-15,South Sudan,2488,47,0,2441,2482,47,0,2435,2478,2463,,6,0,0,6,4,25
2020-08-15,Spain,342813,28617,0,314196,342813,28617,0,314196,337334,314362,47100396,0,0,0,0,5479,28451
2020-08-15,Sri Lanka,2890,11,0,2879,2886,11,0,2875,2882,2841,21803000,4,0,0,4,4,49
2020-08-15,Sudan,12211,796,0,11415,12162,793,0,11369,12115,11894,42364155,49,3,0,46,47,317
2020-08-15,Suriname,2961,42,0,2919,2838,41,0,2797,2761,2306,581372,123,1,0,122,77,655
2020-08-15,Sweden,84294,5783,0,78511,84294,5783,0,78511,83852,82323,10333456,0,0,0,0,442,1971
2020-08-15,Switzerland,37924,1991,0,35933,37671,1991,0,35680,37403,36451,8586550,253,0,0,253,268,1473
2020-08-15,Syria,1593,60,0,1533,1515,58,0,1457,1432,1125,,78,2,0,76,83,468
2020-08-15,Taiwan*,482,7,0,475,481,7,0,474,481,479,23604265,1,0,0,1,0,3
2020-08-15,Tajikistan,8029,64,0,7965,7989,63,0,7926,7950,7706,,40,1,0,39,39,323
2020-08-15,Tanzania,509,21,0,488,509,21,0,488,509,509,55890747,0,0,0,0,0,0
2020-08-15,Thailand,3376,58,0,3318,3376,58,0,3318,3359,3348,66484342,0,0,0,0,17,28
2020-08-15,Timor-Leste,25,0,0,25,25,0,0,25,25,25,,0,0,0,0,0,0
2020-08-15,Togo,1130,27,0,1103,1124,26,0,1098,1104,1046,7538000,6,1,0,5,20,84
2020-08-15,Trinidad and Tobago,497,10,0,487,426,10,0,416,404,275,1363985,71,0,0,71,22,222
2020-08-15,Tunisia,2023,54,0,1969,1903,53,0,1850,1847,1678,11722038,120,1,0,119,56,345
2020-08-15,Turkey,248117,5955,0,242162,246861,5934,0,240927,245635,239622,83154997,1256,21,0,1235,1226,8495
2020-08-15,US,5361165,169481,0,5191684,5313252,168452,0,5144800,5248958,4997929,329493716,47913,1029,0,46884,64294,363236
2020-08-15,Uganda,1434,13,0,1421,1385,12,0,1373,1353,1267,40299300,49,1,0,48,32,167
2020-08-15,Ukraine,91795,2076,0,89719,89917,2042,0,87875,88136,81534,41902416,1878,34,0,1844,1781,10261
2020-08-15,United Arab Emirates,64102,361,0,63741,63819,359,0,63460,63489,62300,9890400,283,2,0,281,330,1802
2020-08-15,United Kingdom,319232,46791,0,272441,318190,46791,0,271399,316729,311461,66435600,1042,0,0,1042,1461,7771
2020-08-15,Uruguay,1434,38,0,1396,1421,38,0,1383,1409,1335,3518552,13,0,0,13,12,99
2020-08-15,Uzbekistan,34528,225,0,34303,33821,220,0,33601,33323,29652,34083289,707,5,0,702,498,4876
2020-08-15,Venezuela,32607,276,0,32331,31381,266,0,31115,30369,24961,32219521,1226,10,0,1216,1012,7646
2020-08-15,Vietnam,951,24,0,927,930,22,0,908,911,812,96208984,21,2,0,19,19,139
2020-08-15,West Bank and Gaza,16153,108,0,16045,15834,106,0,15728,15491,13928,,319,2,0,317,343,2225
2020-08-15,Western Sahara,10,1,0,9,10,1,0,9,10,10,,0,0,0,0,0,0
2020-08-15,Yemen,1858,528,0,1330,1858,528,0,1330,1847,1797,,0,0,0,0,11,61
2020-08-15,Zambia,9186,260,0,8926,9021,256,0,8765,8663,7903,17381168,165,4,0,161,358,1283
2020-08-15,Zimbabwe,5176,130,0,5046,5072,128,0,4944,4990,4575,15159624,104,2,0,102,82,601
