Date,Country/Region,Confirmed,Deaths,Recovered,Active Cases,Previous Confirmed,Previous Deaths,Previous Recovered,Previous Active,Prev2 Confirmed,Population,Daily Confirmed,Daily Deaths,Daily Recovered,Daily Active,Previous Daily Confirmed
2020-07-06,Afghanistan,33190,898,0,32292,32951,864,0,32087,32672,32225560,239,34,0,205,279
2020-07-06,Albania,2964,79,0,2885,2893,76,0,2817,2819,2862427,71,3,0,68,74
2020-07-06,Algeria,16404,959,0,15445,15941,952,0,14989,15500,43000000,463,7,0,456,441
2020-07-06,Andorra,855,52,0,803,855,52,0,803,855,77543,0,0,0,0,0
2020-07-06,Angola,346,19,0,327,346,19,0,327,346,31127674,0,0,0,0,0
2020-07-06,Antigua and Barbuda,70,3,0,67,68,3,0,65,68,96453,2,0,0,2,0
2020-07-06,Argentina,80447,1582,0,78865,77815,1507,0,76308,75376,44938712,2632,75,0,2557,2439
2020-07-06,Armenia,28936,491,0,28445,28606,484,0,28122,27900,2957500,330,7,0,323,706
2020-07-06,Australia,8755,106,0,8649,8583,106,0,8477,8443,25654023,172,0,0,172,140
2020-07-06,Austria,18365,706,0,17659,18280,706,0,17574,18165,8902600,85,0,0,85,115
2020-07-06,Azerbaijan,20837,258,0,20579,20324,250,0,20074,19801,10067108,513,8,0,505,523
2020-07-06,Bahamas,104,11,0,93,104,11,0,93,104,,0,0,0,0,0
2020-07-06,Bahrain,29821,98,0,29723,29367,97,0,29270,28857,1543300,454,1,0,453,510
2020-07-06,Bangladesh,165618,2096,0,163522,162417,2052,0,160365,159679,168310034,3201,44,0,3157,2738
2020-07-06,Barbados,98,7,0,91,98,7,0,91,97,287025,0,0,0,0,1
2020-07-06,Belarus,63804,429,0,63375,63554,423,0,63131,63270,9413446,250,6,0,244,284
2020-07-06,Belgium,62058,9774,0,52284,62016,9771,0,52245,61838,11524454,42,3,0,39,178
2020-07-06,Belize,30,2,0,28,30,2,0,28,30,,0,0,0,0,0
2020-07-06,Benin,1199,21,0,1178,1199,21,0,1178,1199,11733059,0,0,0,0,0
2020-07-06,Bhutan,80,0,0,80,80,0,0,80,78,741672,0,0,0,0,2
2020-07-06,Bolivia,40509,1476,0,39033,39297,1434,0,37863,38071,11469896,1212,42,0,1170,1226
2020-07-06,Bosnia and Herzegovina,5458,199,0,5259,4962,191,0,4771,4962,3301000,496,8,0,488,0
2020-07-06,Botswana,314,1,0,313,277,1,0,276,277,,37,0,0,37,0
2020-07-06,Brazil,1623284,65487,0,1557797,1603055,64867,0,1538188,1577004,211288170,20229,620,0,19609,26051
2020-07-06,Brunei,141,3,0,138,141,3,0,138,141,442400,0,0,0,0,0
2020-07-06,Bulgaria,5914,250,0,5664,5740,246,0,5494,5677,7000039,174,4,0,170,63
2020-07-06,Burkina Faso,1000,53,0,947,987,53,0,934,987,20870060,13,0,0,13,0
2020-07-06,Burma,316,6,0,310,313,6,0,307,313,,3,0,0,3,0
2020-07-06,Burundi,191,1,0,190,191,1,0,190,191,,0,0,0,0,0
2020-07-06,Cabo Verde,1463,17,0,1446,1451,17,0,1434,1421,,12,0,0,12,30
2020-07-06,Cambodia,141,0,0,141,141,0,0,141,141,15288489,0,0,0,0,0
2020-07-06,Cameroon,12592,313,0,12279,12592,313,0,12279,12592,26545864,0,0,0,0,0
2020-07-06,Canada,107815,8748,0,99067,107394,8739,0,98655,107185,37966227,421,9,0,412,209
2020-07-06,Central African Republic,4033,52,0,3981,3969,48,0,3921,3969,5496011,64,4,0,60,0
2020-07-06,Chad,872,74,0,798,872,74,0,798,871,15692969,0,0,0,0,1
2020-07-06,Chile,298557,6384,0,292173,295532,6308,0,289224,291847,19107216,3025,76,0,2949,3685
2020-07-06,China,84889,4641,0,80248,84871,4641,0,80230,84857,1401870440,18,0,0,18,14
2020-07-06,Colombia,117412,4305,0,113107,113685,4178,0,109507,109793,49395678,3727,127,0,3600,3892
2020-07-06,Comoros,311,7,0,304,311,7,0,304,309,,0,0,0,0,2
2020-07-06,Congo (Brazzaville),1557,44,0,1513,1557,44,0,1513,1557,5518092,0,0,0,0,0
2020-07-06,Congo (Kinshasa),7432,182,0,7250,7411,182,0,7229,7379,89561404,21,0,0,21,32
2020-07-06,Costa Rica,5241,23,0,5218,4996,19,0,4977,4621,5058007,245,4,0,241,375
2020-07-06,Cote d'Ivoire,10966,75,0,10891,10772,74,0,10698,10462,25823071,194,1,0,193,310
2020-07-06,Croatia,3220,113,0,3107,3151,113,0,3038,3094,4076246,69,0,0,69,57
2020-07-06,Cuba,2380,86,0,2294,2372,86,0,2286,2369,11209628,8,0,0,8,3
2020-07-06,Cyprus,1004,19,0,985,1003,19,0,984,1002,875900,1,0,0,1,1
2020-07-06,Czechia,12566,350,0,12216,12515,348,0,12167,12440,10693939,51,2,0,49,75
2020-07-06,Denmark,13079,607,0,12472,13033,606,0,12427,13032,5822763,46,1,0,45,1
2020-07-06,Diamond Princess,712,13,0,699,712,13,0,699,712,,0,0,0,0,0
2020-07-06,Djibouti,4822,55,0,4767,4792,55,0,4737,4736,1078373,30,0,0,30,56
2020-07-06,Dominica,18,0,0,18,18,0,0,18,18,,0,0,0,0,0
2020-07-06,Dominican Republic,38128,804,0,37324,37425,794,0,36631,36184,10358320,703,10,0,693,1241
2020-07-06,Ecuador,62380,4821,0,57559,61958,4781,0,57177,61535,17449288,422,40,0,382,423
2020-07-06,Egypt,76222,3422,0,72800,75253,3343,0,71910,74035,100153850,969,79,0,890,1218
2020-07-06,El Salvador,8027,223,0,7804,7777,217,0,7560,7507,6486201,250,6,0,244,270
2020-07-06,Equatorial Guinea,3071,51,0,3020,3071,51,0,3020,3071,1358276,0,0,0,0,0
2020-07-06,Eritrea,215,0,0,215,215,0,0,215,215,3497117,0,0,0,0,0
2020-07-06,Estonia,1994,69,0,1925,1993,69,0,1924,1993,1328360,1,0,0,1,0
2020-07-06,Eswatini,1011,13,0,998,988,13,0,975,954,1093238,23,0,0,23,34
2020-07-06,Ethiopia,5846,103,0,5743,5846,103,0,5743,5846,98665000,0,0,0,0,0
2020-07-06,Fiji,21,0,0,21,19,0,0,19,18,884887,2,0,0,2,1
2020-07-06,Finland,7257,329,0,6928,7253,329,0,6924,7248,5527573,4,0,0,4,5
2020-07-06,France,205597,29923,0,175674,204222,29896,0,174326,204222,67069000,1375,27,0,1348,0
2020-07-06,Gabon,5743,46,0,5697,5620,44,0,5576,5620,2172579,123,2,0,121,0
2020-07-06,Gambia,61,3,0,58,57,2,0,55,57,,4,1,0,3,0
2020-07-06,Georgia,953,15,0,938,951,15,0,936,948,3723464,2,0,0,2,3
2020-07-06,Germany,198064,9022,0,189042,197523,9023,0,188500,197198,83149300,541,-1,0,542,325
2020-07-06,Ghana,21077,129,0,20948,20085,122,0,19963,19388,30280811,992,7,0,985,697
2020-07-06,Greece,3562,192,0,3370,3519,192,0,3327,3511,10724599,43,0,0,43,8
2020-07-06,Grenada,23,0,0,23,23,0,0,23,23,,0,0,0,0,0
2020-07-06,Guatemala,23972,981,0,22991,23248,947,0,22301,22501,16604026,724,34,0,690,747
2020-07-06,Guinea,5610,34,0,5576,5610,34,0,5576,5570,12218357,0,0,0,0,40
2020-07-06,Guinea-Bissau,1790,25,0,1765,1765,25,0,1740,1765,,25,0,0,25,0
2020-07-06,Guyana,273,15,0,258,273,15,0,258,272,782766,0,0,0,0,1
2020-07-06,Haiti,6371,113,0,6258,6333,113,0,6220,6294,11577779,38,0,0,38,39
2020-07-06,Holy See,12,0,0,12,12,0,0,12,12,,0,0,0,0,0
2020-07-06,Honduras,24665,656,0,24009,23943,639,0,23304,22921,9158345,722,17,0,705,1022
2020-07-06,Hungary,4189,589,0,3600,4183,589,0,3594,4174,9772756,6,0,0,6,9
2020-07-06,Iceland,1866,10,0,1856,1863,10,0,1853,1860,364260,3,0,0,3,3
2020-07-06,India,719664,20159,0,699505,697413,19693,0,677720,673165,1360094159,22251,466,0,21785,24248
2020-07-06,Indonesia,64958,3241,0,61717,63749,3171,0,60578,62142,266911900,1209,70,0,1139,1607
2020-07-06,Iran,243051,11731,0,231320,240438,11571,0,228867,237878,83301053,2613,160,0,2453,2560
2020-07-06,Iraq,62275,2567,0,59708,60479,2473,0,58006,58354,39127900,1796,94,0,1702,2125
2020-07-06,Ireland,25531,1741,0,23790,25527,1741,0,23786,25509,4921500,4,0,0,4,18
2020-07-06,Israel,30749,334,0,30415,29958,331,0,29627,29170,9175050,791,3,0,788,788
2020-07-06,Italy,241819,34869,0,206950,241611,34861,0,206750,241419,60243406,208,8,0,200,192
2020-07-06,Jamaica,737,10,0,727,732,10,0,722,728,2726667,5,0,0,5,4
2020-07-06,Japan,19848,978,0,18870,19668,977,0,18691,19461,126010000,180,1,0,179,207
2020-07-06,Jordan,1167,10,0,1157,1164,10,0,1154,1150,10641432,3,0,0,3,14
2020-07-06,Kazakhstan,49683,264,0,49419,48574,188,0,48386,47171,18667696,1109,76,0,1033,1403
2020-07-06,Kenya,8067,164,0,7903,7886,160,0,7726,7577,47564296,181,4,0,177,309
2020-07-06,"Korea, South",13181,285,0,12896,13137,284,0,12853,13091,51780579,44,1,0,43,46
2020-07-06,Kosovo,3508,75,0,3433,3356,66,0,3290,3064,1795666,152,9,0,143,292
2020-07-06,Kuwait,50644,373,0,50271,49941,368,0,49573,49303,4420110,703,5,0,698,638
2020-07-06,Kyrgyzstan,8141,99,0,8042,7377,88,0,7289,7094,6523500,764,11,0,753,283
2020-07-06,Laos,19,0,0,19,19,0,0,19,19,,0,0,0,0,0
2020-07-06,Latvia,1127,30,0,1097,1124,30,0,1094,1123,1906800,3,0,0,3,1
2020-07-06,Lebanon,1885,36,0,1849,1873,36,0,1837,1855,6825442,12,0,0,12,18
2020-07-06,Lesotho,91,0,0,91,79,0,0,79,35,,12,0,0,12,44
2020-07-06,Liberia,891,39,0,852,874,37,0,837,869,4475353,17,2,0,15,5
2020-07-06,Libya,1117,34,0,1083,1046,32,0,1014,989,,71,2,0,69,57
2020-07-06,Liechtenstein,84,1,0,83,83,1,0,82,83,38749,1,0,0,1,0
2020-07-06,Lithuania,1841,79,0,1762,1836,79,0,1757,1831,2793471,5,0,0,5,5
2020-07-06,Luxembourg,4542,110,0,4432,4522,110,0,4412,4476,613894,20,0,0,20,46
2020-07-06,MS Zaandam,9,2,0,7,9,2,0,7,9,,0,0,0,0,0
2020-07-06,Madagascar,3250,33,0,3217,2941,32,0,2909,2728,25680342,309,1,0,308,213
2020-07-06,Malawi,1742,19,0,1723,1613,17,0,1596,1613,,129,2,0,127,0
2020-07-06,Malaysia,8668,121,0,8547,8663,121,0,8542,8658,32726760,5,0,0,5,5
2020-07-06,Maldives,2491,12,0,2479,2468,11,0,2457,2435,374775,23,1,0,22,33
2020-07-06,Mali,2331,119,0,2212,2330,119,0,2211,2303,,1,0,0,1,27
2020-07-06,Malta,672,9,0,663,672,9,0,663,672,493559,0,0,0,0,0
2020-07-06,Mauritania,4948,133,0,4815,4879,130,0,4749,4827,4077347,69,3,0,66,52
2020-07-06,Mauritius,342,10,0,332,341,10,0,331,341,1265985,1,0,0,1,0
2020-07-06,Mexico,261750,31119,0,230631,256848,30639,0,226209,252165,126577691,4902,480,0,4422,4683
2020-07-06,Moldova,17906,592,0,17314,17814,585,0,17229,17672,2681735,92,7,0,85,142
2020-07-06,Monaco,108,4,0,104,108,4,0,104,106,38300,0,0,0,0,2
2020-07-06,Mongolia,225,0,0,225,220,0,0,220,220,3308788,5,0,0,5,0
2020-07-06,Montenegro,841,14,0,827,781,14,0,767,720,622359,60,0,0,60,61
2020-07-06,Morocco,14379,237,0,14142,14215,235,0,13980,13822,35846095,164,2,0,162,393
2020-07-06,Mozambique,1012,8,0,1004,987,8,0,979,969,,25,0,0,25,18
2020-07-06,Namibia,485,0,0,485,412,0,0,412,375,2458936,73,0,0,73,37
2020-07-06,Nepal,15964,35,0,15929,15784,34,0,15750,15491,29609623,180,1,0,179,293
2020-07-06,Netherlands,50870,6147,0,44723,50834,6146,0,44688,50548,17447181,36,1,0,35,286
2020-07-06,New Zealand,1536,22,0,1514,1534,22,0,1512,1533,4972216,2,0,0,2,1
2020-07-06,Nicaragua,2519,83,0,2436,2519,83,0,2436,2519,6460411,0,0,0,0,0
2020-07-06,Niger,1093,68,0,1025,1088,68,0,1020,1082,22314743,5,0,0,5,6
2020-07-06,Nigeria,29286,654,0,28632,28711,645,0,28066,28167,206139587,575,9,0,566,544
2020-07-06,North Macedonia,7124,346,0,6778,7046,341,0,6705,6932,2077132,78,5,0,73,114
2020-07-06,Norway,8936,251,0,8685,8930,251,0,8679,8926,5367580,6,0,0,6,4
2020-07-06,Oman,47735,218,0,47517,46178,213,0,45965,45106,4664790,1557,5,0,1552,1072
2020-07-06,Pakistan,234509,4839,0,229670,231818,4762,0,227056,225283,219027520,2691,77,0,2614,6535
2020-07-06,Panama,39334,770,0,38564,38149,747,0,37402,36983,4218808,1185,23,0,1162,1166
2020-07-06,Papua New Guinea,11,0,0,11,11,0,0,11,11,8935000,0,0,0,0,0
2020-07-06,Paraguay,2456,20,0,2436,2427,20,0,2407,2385,7152703,29,0,0,29,42
2020-07-06,Peru,305703,10772,0,294931,302718,10589,0,292129,299080,32131400,2985,183,0,2802,3638
2020-07-06,Philippines,46333,1303,0,45030,44254,1297,0,42957,41830,108438081,2079,6,0,2073,2424
2020-07-06,Poland,36155,1521,0,34634,35950,1517,0,34433,35719,38386000,205,4,0,201,231
2020-07-06,Portugal,44129,1620,0,42509,43897,1614,0,42283,43569,10276617,232,6,0,226,328
2020-07-06,Qatar,100345,133,0,100212,99799,128,0,99671,99183,2747282,546,5,0,541,616
2020-07-06,Romania,29223,1768,0,27455,28973,1750,0,27223,28582,19405156,250,18,0,232,391
2020-07-06,Russia,686852,10280,0,676572,680283,10145,0,670138,673564,146745098,6569,135,0,6434,6719
2020-07-06,Rwanda,1113,3,0,1110,1105,3,0,1102,1092,12374397,8,0,0,8,13
2020-07-06,Saint Kitts and Nevis,16,0,0,16,16,0,0,16,16,,0,0,0,0,0
2020-07-06,Saint Lucia,22,0,0,22,22,0,0,22,22,178696,0,0,0,0,0
2020-07-06,Saint Vincent and the Grenadines,29,0,0,29,29,0,0,29,29,110608,0,0,0,0,0
2020-07-06,San Marino,698,42,0,656,698,42,0,656,698,33574,0,0,0,0,0
2020-07-06,Sao Tome and Principe,721,13,0,708,720,13,0,707,719,,1,0,0,1,1
2020-07-06,Saudi Arabia,213716,1968,0,211748,209509,1916,0,207593,205929,34218169,4207,52,0,4155,3580
2020-07-06,Senegal,7478,136,0,7342,7400,133,0,7267,7272,16209125,78,3,0,75,128
2020-07-06,Serbia,16420,317,0,16103,16131,311,0,15820,15829,6963764,289,6,0,283,302
2020-07-06,Seychelles,81,0,0,81,81,0,0,81,81,97625,0,0,0,0,0
2020-07-06,Sierra Leone,1547,62,0,1485,1542,62,0,1480,1533,,5,0,0,5,9
2020-07-06,Singapore,44983,26,0,44957,44800,26,0,44774,44664,5703600,183,0,0,183,136
2020-07-06,Slovakia,1765,28,0,1737,1764,28,0,1736,1749,5456362,1,0,0,1,15
2020-07-06,Slovenia,1716,111,0,1605,1700,111,0,1589,1679,2094060,16,0,0,16,21
2020-07-06,Somalia,3006,92,0,2914,2997,92,0,2905,2961,15893219,9,0,0,9,36
2020-07-06,South Africa,205721,3310,0,202411,196750,3199,0,193551,187977,58775022,8971,111,0,8860,8773
2020-07-06,South Sudan,2021,38,0,1983,2021,38,0,1983,2021,,0,0,0,0,0
2020-07-06,Spain,251789,28388,0,223401,250545,28385,0,222160,250545,47100396,1244,3,0,1241,0
2020-07-06,Sri Lanka,2077,11,0,2066,2076,11,0,2065,2074,21803000,1,0,0,1,2
2020-07-06,Sudan,9894,616,0,9278,9767,608,0,9159,9767,42364155,127,8,0,119,0
2020-07-06,Suriname,614,14,0,600,594,14,0,580,565,581372,20,0,0,20,29
2020-07-06,Sweden,73061,5433,0,67628,71419,5420,0,65999,71419,10333456,1642,13,0,1629,0
2020-07-06,Switzerland,32315,1965,0,30350,32268,1965,0,30303,32198,8586550,47,0,0,47,70
2020-07-06,Syria,372,14,0,358,358,13,0,345,338,,14,1,0,13,20
2020-07-06,Taiwan*,449,7,0,442,449,7,0,442,449,23604265,0,0,0,0,0
2020-07-06,Tajikistan,6262,53,0,6209,6213,53,0,6160,6159,,49,0,0,49,54
2020-07-06,Tanzania,509,21,0,488,509,21,0,488,509,55890747,0,0,0,0,0
2020-07-06,Thailand,3195,58,0,3137,3190,58,0,3132,3185,66484342,5,0,0,5,5
2020-07-06,Timor-Leste,24,0,0,24,24,0,0,24,24,,0,0,0,0,0
2020-07-06,Togo,680,15,0,665,680,15,0,665,676,7538000,0,0,0,0,4
2020-07-06,Trinidad and Tobago,133,8,0,125,133,8,0,125,130,1363985,0,0,0,0,3
2020-07-06,Tunisia,1199,50,0,1149,1188,50,0,1138,1186,11722038,11,0,0,11,2
2020-07-06,Turkey,206844,5241,0,201603,205758,5225,0,200533,204610,83154997,1086,16,0,1070,1148
2020-07-06,US,2936077,130285,0,2805792,2891124,129960,0,2761164,2841241,329493716,44953,325,0,44628,49883
2020-07-06,Uganda,953,0,0,953,939,0,0,939,927,40299300,14,0,0,14,12
2020-07-06,Ukraine,50053,1278,0,48775,49468,1265,0,48203,48628,41902416,585,13,0,572,840
2020-07-06,United Arab Emirates,52068,324,0,51744,51540,323,0,51217,50857,9890400,528,1,0,527,683
2020-07-06,United Kingdom,287290,44321,0,242969,286931,44305,0,242626,286412,66435600,359,16,0,343,519
2020-07-06,Uruguay,960,29,0,931,956,28,0,928,955,3518552,4,1,0,3,1
2020-07-06,Uzbekistan,10362,37,0,10325,10020,34,0,9986,9708,34083289,342,3,0,339,312
2020-07-06,Venezuela,7411,68,0,7343,7169,65,0,7104,6750,32219521,242,3,0,239,419
2020-07-06,Vietnam,369,0,0,369,355,0,0,355,355,96208984,14,0,0,14,0
2020-07-06,West Bank and Gaza,4341,17,0,4324,4277,16,0,4261,3835,,64,1,0,63,442
2020-07-06,Western Sahara,10,1,0,9,10,1,0,9,10,,0,0,0,0,0
2020-07-06,Yemen,1284,345,0,939,1265,338,0,927,1248,,19,7,0,12,17
2020-07-06,Zambia,1632,30,0,1602,1632,30,0,1602,1632,17381168,0,0,0,0,0
2020-07-06,Zimbabwe,734,9,0,725,716,8,0,708,698,15159624,18,1,0,17,18
