Date,Country/Region,Confirmed,Deaths,Recovered,Active Cases,Previous Confirmed,Previous Deaths,Previous Recovered,Previous Active,Prev2 Confirmed,Population,Daily Confirmed,Daily Deaths,Daily Recovered,Daily Active,Previous Daily Confirmed
2020-08-02,Afghanistan,36710,1284,0,35426,36710,1283,0,35427,36675,32225560,0,1,0,-1,35
2020-08-02,Albania,5519,166,0,5353,5396,161,0,5235,5276,2862427,123,5,0,118,120
2020-08-02,Algeria,31465,1231,0,30234,30950,1223,0,29727,30394,43000000,515,8,0,507,556
2020-08-02,Andorra,925,52,0,873,925,52,0,873,925,77543,0,0,0,0,0
2020-08-02,Angola,1199,55,0,1144,1164,54,0,1110,1148,31127674,35,1,0,34,16
2020-08-02,Antigua and Barbuda,91,3,0,88,91,3,0,88,91,96453,0,0,0,0,0
2020-08-02,Argentina,201919,3648,0,198271,196543,3596,0,192947,191302,44938712,5376,52,0,5324,5241
2020-08-02,Armenia,39050,754,0,38296,38841,749,0,38092,38550,2957500,209,5,0,204,291
2020-08-02,Australia,17938,208,0,17730,17895,208,0,17687,17280,25654023,43,0,0,43,615
2020-08-02,Austria,21304,718,0,20586,21212,718,0,20494,21130,8902600,92,0,0,92,82
2020-08-02,Azerbaijan,32443,462,0,31981,32157,454,0,31703,31878,10067108,286,8,0,278,279
2020-08-02,Bahamas,648,14,0,634,599,14,0,585,574,,49,0,0,49,25
2020-08-02,Bahrain,41536,147,0,41389,41190,147,0,41043,40982,1543300,346,0,0,346,208
2020-08-02,Bangladesh,240746,3154,0,237592,239860,3132,0,236728,237661,168310034,886,22,0,864,2199
2020-08-02,Barbados,132,7,0,125,122,7,0,115,110,287025,10,0,0,10,12
2020-08-02,Belarus,68067,567,0,67500,67946,563,0,67383,67808,9413446,121,4,0,117,138
2020-08-02,Belgium,69849,9845,0,60004,69402,9845,0,59557,68751,11524454,447,0,0,447,651
2020-08-02,Belize,57,2,0,55,56,2,0,54,48,,1,0,0,1,8
2020-08-02,Benin,1805,36,0,1769,1805,36,0,1769,1805,11733059,0,0,0,0,0
2020-08-02,Bhutan,102,0,0,102,102,0,0,102,101,741672,0,0,0,0,1
2020-08-02,Bolivia,80153,3153,0,77000,78793,3064,0,75729,76789,11469896,1360,89,0,1271,2004
2020-08-02,Bosnia and Herzegovina,12296,352,0,11944,11876,339,0,11537,11876,3301000,420,13,0,407,0
2020-08-02,Botswana,804,2,0,802,804,2,0,802,804,,0,0,0,0,0
2020-08-02,Brazil,2733677,94104,0,2639573,2707877,93563,0,2614314,2662485,211288170,25800,541,0,25259,45392
2020-08-02,Brunei,141,3,0,138,141,3,0,138,141,442400,0,0,0,0,0
2020-08-02,Bulgaria,11955,388,0,11567,11836,385,0,11451,11690,7000039,119,3,0,116,146
2020-08-02,Burkina Faso,1143,53,0,1090,1143,53,0,1090,1106,20870060,0,0,0,0,37
2020-08-02,Burma,353,6,0,347,353,6,0,347,353,,0,0,0,0,0
2020-08-02,Burundi,395,1,0,394,395,1,0,394,387,,0,0,0,0,8
2020-08-02,Cabo Verde,2547,24,0,2523,2480,24,0,2456,2451,,67,0,0,67,29
2020-08-02,Cambodia,240,0,0,240,240,0,0,240,239,15288489,0,0,0,0,1
2020-08-02,Cameroon,17255,391,0,16864,17255,391,0,16864,17255,26545864,0,0,0,0,0
2020-08-02,Canada,118768,8990,0,109778,118523,8986,0,109537,118281,37966227,245,4,0,241,242
2020-08-02,Central African Republic,4614,59,0,4555,4614,59,0,4555,4608,5496011,0,0,0,0,6
2020-08-02,Chad,936,75,0,861,936,75,0,861,936,15692969,0,0,0,0,0
2020-08-02,Chile,359731,9608,0,350123,357658,9533,0,348125,355667,19107216,2073,75,0,1998,1991
2020-08-02,China,87985,4669,0,83316,87827,4667,0,83160,87655,1401870440,158,2,0,156,172
2020-08-02,Colombia,317651,10650,0,307001,306181,10330,0,295851,295508,49395678,11470,320,0,11150,10673
2020-08-02,Comoros,386,7,0,379,386,7,0,379,378,,0,0,0,0,8
2020-08-02,Congo (Brazzaville),3200,54,0,3146,3200,54,0,3146,3200,5518092,0,0,0,0,0
2020-08-02,Congo (Kinshasa),9115,215,0,8900,9084,215,0,8869,9070,89561404,31,0,0,31,14
2020-08-02,Costa Rica,18975,162,0,18813,18187,154,0,18033,17820,5058007,788,8,0,780,367
2020-08-02,Cote d'Ivoire,16182,102,0,16080,16109,102,0,16007,16047,25823071,73,0,0,73,62
2020-08-02,Croatia,5260,149,0,5111,5224,145,0,5079,5139,4076246,36,4,0,32,85
2020-08-02,Cuba,2646,87,0,2559,2633,87,0,2546,2608,11209628,13,0,0,13,25
2020-08-02,Cyprus,1150,19,0,1131,1124,19,0,1105,1114,875900,26,0,0,26,10
2020-08-02,Czechia,16800,384,0,16416,16699,383,0,16316,16574,10693939,101,1,0,100,125
2020-08-02,Denmark,14028,615,0,13413,14028,615,0,13413,14028,5822763,0,0,0,0,0
2020-08-02,Diamond Princess,712,13,0,699,712,13,0,699,712,,0,0,0,0,0
2020-08-02,Djibouti,5161,59,0,5102,5084,58,0,5026,5084,1078373,77,1,0,76,0
2020-08-02,Dominica,18,0,0,18,18,0,0,18,18,,0,0,0,0,0
2020-08-02,Dominican Republic,72243,1178,0,71065,71415,1170,0,70245,69649,10358320,828,8,0,820,1766
2020-08-02,Ecuador,86232,5736,0,80496,86232,5736,0,80496,85355,17449288,0,0,0,0,877
2020-08-02,Egypt,94483,4865,0,89618,94316,4834,0,89482,94078,100153850,167,31,0,136,238
2020-08-02,El Salvador,17448,467,0,16981,17050,459,0,16591,16632,6486201,398,8,0,390,418
2020-08-02,Equatorial Guinea,4821,83,0,4738,4821,83,0,4738,4821,1358276,0,0,0,0,0
2020-08-02,Eritrea,279,0,0,279,279,0,0,279,279,3497117,0,0,0,0,0
2020-08-02,Estonia,2079,63,0,2016,2072,69,0,2003,2064,1328360,7,-6,0,13,8
2020-08-02,Eswatini,2775,43,0,2732,2706,43,0,2663,2648,1093238,69,0,0,69,58
2020-08-02,Ethiopia,18706,310,0,18396,17999,284,0,17715,17530,98665000,707,26,0,681,469
2020-08-02,Fiji,27,1,0,26,27,1,0,26,27,884887,0,0,0,0,0
2020-08-02,Finland,7453,329,0,7124,7443,329,0,7114,7432,5527573,10,0,0,10,11
2020-08-02,France,225198,30268,0,194930,225198,30268,0,194930,225197,67069000,0,0,0,0,1
2020-08-02,Gabon,7531,50,0,7481,7531,50,0,7481,7352,2172579,0,0,0,0,179
2020-08-02,Gambia,498,9,0,489,498,9,0,489,498,,0,0,0,0,0
2020-08-02,Georgia,1177,17,0,1160,1171,17,0,1154,1168,3723464,6,0,0,6,3
2020-08-02,Germany,211220,9154,0,202066,211005,9154,0,201851,210399,83149300,215,0,0,215,606
2020-08-02,Ghana,37014,182,0,36832,37014,182,0,36832,35501,30280811,0,0,0,0,1513
2020-08-02,Greece,4662,208,0,4454,4587,206,0,4381,4477,10724599,75,2,0,73,110
2020-08-02,Grenada,24,0,0,24,24,0,0,24,24,,0,0,0,0,0
2020-08-02,Guatemala,51306,1995,0,49311,50979,1959,0,49020,49789,16604026,327,36,0,291,1190
2020-08-02,Guinea,7317,46,0,7271,7308,46,0,7262,7308,12218357,9,0,0,9,0
2020-08-02,Guinea-Bissau,1981,27,0,1954,1981,27,0,1954,1981,,0,0,0,0,0
2020-08-02,Guyana,474,21,0,453,430,20,0,410,413,782766,44,1,0,43,17
2020-08-02,Haiti,7468,165,0,7303,7468,165,0,7303,7424,11577779,0,0,0,0,44
2020-08-02,Holy See,12,0,0,12,12,0,0,12,12,,0,0,0,0,0
2020-08-02,Honduras,43197,1377,0,41820,42685,1368,0,41317,42014,9158345,512,9,0,503,671
2020-08-02,Hungary,4535,597,0,3938,4526,597,0,3929,4505,9772756,9,0,0,9,21
2020-08-02,Iceland,1907,10,0,1897,1893,10,0,1883,1885,364260,14,0,0,14,8
2020-08-02,India,1803695,38135,0,1765560,1750723,37364,0,1713359,1695988,1360094159,52972,771,0,52201,54735
2020-08-02,Indonesia,111455,5236,0,106219,109936,5193,0,104743,108376,266911900,1519,43,0,1476,1560
2020-08-02,Iran,309437,17190,0,292247,306752,16982,0,289770,304204,83301053,2685,208,0,2477,2548
2020-08-02,Iraq,129151,4868,0,124283,126704,4805,0,121899,124609,39127900,2447,63,0,2384,2095
2020-08-02,Ireland,26162,1763,0,24399,26109,1763,0,24346,26065,4921500,53,0,0,53,44
2020-08-02,Israel,72815,536,0,72279,72218,526,0,71692,70970,9175050,597,10,0,587,1248
2020-08-02,Italy,248070,35154,0,212916,247832,35146,0,212686,247537,60243406,238,8,0,230,295
2020-08-02,Jamaica,894,12,0,882,883,10,0,873,878,2726667,11,2,0,9,5
2020-08-02,Japan,39116,1013,0,38103,37804,1012,0,36792,36234,126010000,1312,1,0,1311,1570
2020-08-02,Jordan,1213,11,0,1202,1208,11,0,1197,1193,10641432,5,0,0,5,15
2020-08-02,Kazakhstan,92662,793,0,91869,90367,793,0,89574,90367,18667696,2295,0,0,2295,0
2020-08-02,Kenya,22053,369,0,21684,21363,364,0,20999,20636,47564296,690,5,0,685,727
2020-08-02,"Korea, South",14389,301,0,14088,14366,301,0,14065,14336,51780579,23,0,0,23,30
2020-08-02,Kosovo,8799,249,0,8550,8104,212,0,7892,8104,1795666,695,37,0,658,0
2020-08-02,Kuwait,67911,457,0,67454,67448,453,0,66995,66957,4420110,463,4,0,459,491
2020-08-02,Kyrgyzstan,36719,1409,0,35310,36299,1397,0,34902,35805,6523500,420,12,0,408,494
2020-08-02,Laos,20,0,0,20,20,0,0,20,20,,0,0,0,0,0
2020-08-02,Latvia,1243,32,0,1211,1238,32,0,1206,1231,1906800,5,0,0,5,7
2020-08-02,Lebanon,4885,62,0,4823,4730,61,0,4669,4555,6825442,155,1,0,154,175
2020-08-02,Lesotho,718,19,0,699,702,14,0,688,604,,16,5,0,11,98
2020-08-02,Liberia,1207,77,0,1130,1189,75,0,1114,1186,4475353,18,2,0,16,3
2020-08-02,Libya,3837,83,0,3754,3691,80,0,3611,3621,,146,3,0,143,70
2020-08-02,Liechtenstein,89,1,0,88,88,1,0,87,88,38749,1,0,0,1,0
2020-08-02,Lithuania,2110,80,0,2030,2093,80,0,2013,2075,2793471,17,0,0,17,18
2020-08-02,Luxembourg,6855,117,0,6738,6793,116,0,6677,6695,613894,62,1,0,61,98
2020-08-02,MS Zaandam,9,2,0,7,9,2,0,7,9,,0,0,0,0,0
2020-08-02,Madagascar,11528,114,0,11414,11273,107,0,11166,10868,25680342,255,7,0,248,405
2020-08-02,Malawi,4231,123,0,4108,4186,120,0,4066,4078,,45,3,0,42,108
2020-08-02,Malaysia,8999,125,0,8874,8985,125,0,8860,8976,32726760,14,0,0,14,9
2020-08-02,Maldives,4164,18,0,4146,3949,17,0,3932,3793,374775,215,1,0,214,156
2020-08-02,Mali,2541,124,0,2417,2535,124,0,2411,2535,,6,0,0,6,0
2020-08-02,Malta,860,9,0,851,845,9,0,836,824,493559,15,0,0,15,21
2020-08-02,Mauritania,6323,157,0,6166,6319,157,0,6162,6310,4077347,4,0,0,4,9
2020-08-02,Mauritius,344,10,0,334,344,10,0,334,344,1265985,0,0,0,0,0
2020-08-02,Mexico,439046,47746,0,391300,434193,47472,0,386721,424637,126577691,4853,274,0,4579,9556
2020-08-02,Moldova,25362,791,0,24571,25113,788,0,24325,24733,2681735,249,3,0,246,380
2020-08-02,Monaco,120,4,0,116,120,4,0,116,120,38300,0,0,0,0,0
2020-08-02,Mongolia,293,0,0,293,293,0,0,293,291,3308788,0,0,0,0,2
2020-08-02,Montenegro,3258,51,0,3207,3198,50,0,3148,3073,622359,60,1,0,59,125
2020-08-02,Morocco,25537,382,0,25155,25015,367,0,24648,24322,35846095,522,15,0,507,693
2020-08-02,Mozambique,1946,13,0,1933,1907,12,0,1895,1864,,39,1,0,38,43
2020-08-02,Namibia,2294,11,0,2283,2224,11,0,2213,2129,2458936,70,0,0,70,95
2020-08-02,Nepal,20332,57,0,20275,20086,56,0,20030,19771,29609623,246,1,0,245,315
2020-08-02,Netherlands,55408,6169,0,49239,55021,6167,0,48854,54590,17447181,387,2,0,385,431
2020-08-02,New Zealand,1567,22,0,1545,1565,22,0,1543,1562,4972216,2,0,0,2,3
2020-08-02,Nicaragua,3672,116,0,3556,3672,116,0,3556,3672,6460411,0,0,0,0,0
2020-08-02,Niger,1147,69,0,1078,1136,69,0,1067,1134,22314743,11,0,0,11,2
2020-08-02,Nigeria,43841,888,0,42953,43537,883,0,42654,43151,206139587,304,5,0,299,386
2020-08-02,North Macedonia,11054,497,0,10557,10891,493,0,10398,10754,2077132,163,4,0,159,137
2020-08-02,Norway,9268,255,0,9013,9253,255,0,8998,9240,5367580,15,0,0,15,13
2020-08-02,Oman,79159,421,0,78738,79159,421,0,78738,79159,4664790,0,0,0,0,0
2020-08-02,Pakistan,279699,5976,0,273723,278305,5951,0,272354,278305,219027520,1394,25,0,1369,0
2020-08-02,Panama,67453,1471,0,65982,66383,1449,0,64934,65256,4218808,1070,22,0,1048,1127
2020-08-02,Papua New Guinea,110,2,0,108,91,2,0,89,72,8935000,19,0,0,19,19
2020-08-02,Paraguay,5644,52,0,5592,5485,52,0,5433,5338,7152703,159,0,0,159,147
2020-08-02,Peru,428850,19614,0,409236,407492,19021,0,388471,407492,32131400,21358,593,0,20765,0
2020-08-02,Philippines,103185,2059,0,101126,98232,2039,0,96193,93354,108438081,4953,20,0,4933,4878
2020-08-02,Poland,46894,1731,0,45163,46346,1721,0,44625,45688,38386000,548,10,0,538,658
2020-08-02,Portugal,51463,1738,0,49725,51310,1737,0,49573,51072,10276617,153,1,0,152,238
2020-08-02,Qatar,111107,177,0,110930,110911,174,0,110737,110695,2747282,196,3,0,193,216
2020-08-02,Romania,53186,2413,0,50773,52111,2379,0,49732,50886,19405156,1075,34,0,1041,1225
2020-08-02,Russia,849277,14104,0,835173,843890,14034,0,829856,838461,146745098,5387,70,0,5317,5429
2020-08-02,Rwanda,2062,5,0,2057,2042,5,0,2037,2022,12374397,20,0,0,20,20
2020-08-02,Saint Kitts and Nevis,17,0,0,17,17,0,0,17,17,,0,0,0,0,0
2020-08-02,Saint Lucia,25,0,0,25,25,0,0,25,25,178696,0,0,0,0,0
2020-08-02,Saint Vincent and the Grenadines,55,0,0,55,54,0,0,54,54,110608,1,0,0,1,0
2020-08-02,San Marino,699,42,0,657,699,42,0,657,699,33574,0,0,0,0,0
2020-08-02,Sao Tome and Principe,874,15,0,859,874,15,0,859,871,,0,0,0,0,3
2020-08-02,Saudi Arabia,278835,2917,0,275918,277478,2887,0,274591,275905,34218169,1357,30,0,1327,1573
2020-08-02,Senegal,10344,209,0,10135,10284,209,0,10075,10232,16209125,60,0,0,60,52
2020-08-02,Serbia,26193,590,0,25603,25882,582,0,25300,25552,6963764,311,8,0,303,330
2020-08-02,Seychelles,114,0,0,114,114,0,0,114,114,97625,0,0,0,0,0
2020-08-02,Sierra Leone,1843,67,0,1776,1823,67,0,1756,1823,,20,0,0,20,0
2020-08-02,Singapore,52825,27,0,52798,52512,27,0,52485,52205,5703600,313,0,0,313,307
2020-08-02,Slovakia,2344,29,0,2315,2337,29,0,2308,2292,5456362,7,0,0,7,45
2020-08-02,Slovenia,2180,120,0,2060,2171,119,0,2052,2156,2094060,9,1,0,8,15
2020-08-02,Somalia,3220,93,0,3127,3212,93,0,3119,3212,15893219,8,0,0,8,0
2020-08-02,South Africa,511485,8366,0,503119,503290,8153,0,495137,493183,58775022,8195,213,0,7982,10107
2020-08-02,South Sudan,2429,46,0,2383,2352,46,0,2306,2322,,77,0,0,77,30
2020-08-02,Spain,288522,28445,0,260077,288522,28445,0,260077,288522,47100396,0,0,0,0,0
2020-08-02,Sri Lanka,2823,11,0,2812,2815,11,0,2804,2815,21803000,8,0,0,8,0
2020-08-02,Sudan,11738,752,0,10986,11738,752,0,10986,11644,42364155,0,0,0,0,94
2020-08-02,Suriname,1849,27,0,1822,1760,26,0,1734,1650,581372,89,1,0,88,110
2020-08-02,Sweden,80422,5743,0,74679,80422,5743,0,74679,80422,10333456,0,0,0,0,0
2020-08-02,Switzerland,35550,1981,0,33569,35412,1981,0,33431,35232,8586550,138,0,0,138,180
2020-08-02,Syria,809,44,0,765,780,43,0,737,757,,29,1,0,28,23
2020-08-02,Taiwan*,475,7,0,468,474,7,0,467,467,23604265,1,0,0,1,7
2020-08-02,Tajikistan,7495,61,0,7434,7451,60,0,7391,7409,,44,1,0,43,42
2020-08-02,Tanzania,509,21,0,488,509,21,0,488,509,55890747,0,0,0,0,0
2020-08-02,Thailand,3317,58,0,3259,3312,58,0,3254,3310,66484342,5,0,0,5,2
2020-08-02,Timor-Leste,24,0,0,24,24,0,0,24,24,,0,0,0,0,0
2020-08-02,Togo,961,19,0,942,958,19,0,939,941,7538000,3,0,0,3,17
2020-08-02,Trinidad and Tobago,182,8,0,174,173,8,0,165,169,1363985,9,0,0,9,4
2020-08-02,Tunisia,1561,51,0,1510,1552,51,0,1501,1535,11722038,9,0,0,9,17
2020-08-02,Turkey,232856,5728,0,227128,231869,5710,0,226159,230873,83154997,987,18,0,969,996
2020-08-02,US,4667955,154860,0,4513095,4620444,154447,0,4465997,4562038,329493716,47511,413,0,47098,58406
2020-08-02,Uganda,1182,4,0,1178,1176,4,0,1172,1154,40299300,6,0,0,6,22
2020-08-02,Ukraine,73761,1749,0,72012,72609,1733,0,70876,71404,41902416,1152,16,0,1136,1205
2020-08-02,United Arab Emirates,60999,351,0,60648,60760,351,0,60409,60506,9890400,239,0,0,239,254
2020-08-02,United Kingdom,306309,46286,0,260023,305562,46278,0,259284,304793,66435600,747,8,0,739,769
2020-08-02,Uruguay,1286,36,0,1250,1278,35,0,1243,1264,3518552,8,1,0,7,14
2020-08-02,Uzbekistan,25336,151,0,25185,24783,147,0,24636,24009,34083289,553,4,0,549,774
2020-08-02,Venezuela,20206,174,0,20032,19443,169,0,19274,18574,32219521,763,5,0,758,869
2020-08-02,Vietnam,621,6,0,615,590,3,0,587,558,96208984,31,3,0,28,32
2020-08-02,West Bank and Gaza,12297,84,0,12213,12160,83,0,12077,11837,,137,1,0,136,323
2020-08-02,Western Sahara,10,1,0,9,10,1,0,9,10,,0,0,0,0,0
2020-08-02,Yemen,1734,497,0,1237,1730,494,0,1236,1728,,4,3,0,1,2
2020-08-02,Zambia,6347,170,0,6177,6228,165,0,6063,5963,17381168,119,5,0,114,265
2020-08-02,Zimbabwe,3921,70,0,3851,3659,69,0,3590,3169,15159624,262,1,0,261,490
