Date,Country/Region,Confirmed,Deaths,Recovered,Active Cases,Previous Confirmed,Previous Deaths,Previous Recovered,Previous Active,Prev2 Confirmed,Population,Daily Confirmed,Daily Deaths,Daily Recovered,Daily Active,Previous Daily Confirmed
2020-05-03,Afghanistan,2704,85,0,2619,2469,72,0,2397,2335,32225560,235,13,0,222,134
2020-05-03,Albania,795,31,0,764,789,31,0,758,782,2862427,6,0,0,6,7
2020-05-03,Algeria,4474,463,0,4011,4295,459,0,3836,4154,43000000,179,4,0,175,141
2020-05-03,Andorra,748,45,0,703,747,44,0,703,745,77543,1,1,0,0,2
2020-05-03,Angola,35,2,0,33,35,2,0,33,30,31127674,0,0,0,0,5
2020-05-03,Antigua and Barbuda,25,3,0,22,25,3,0,22,25,96453,0,0,0,0,0
2020-05-03,Argentina,4783,246,0,4537,4681,237,0,4444,4532,44938712,102,9,0,93,149
2020-05-03,Armenia,2386,35,0,2351,2273,33,0,2240,2148,2957500,113,2,0,111,125
2020-05-03,Australia,6822,95,0,6727,6799,94,0,6705,6778,25654023,23,1,0,22,21
2020-05-03,Austria,15597,598,0,14999,15558,596,0,14962,15531,8902600,39,2,0,37,27
2020-05-03,Azerbaijan,1932,25,0,1907,1894,25,0,1869,1854,10067108,38,0,0,38,40
2020-05-03,Bahamas,83,11,0,72,83,11,0,72,81,,0,0,0,0,2
2020-05-03,Bahrain,3383,8,0,3375,3284,8,0,3276,3170,1543300,99,0,0,99,114
2020-05-03,Bangladesh,9455,177,0,9278,8790,175,0,8615,8238,168310034,665,2,0,663,552
2020-05-03,Barbados,82,7,0,75,81,7,0,74,81,287025,1,0,0,1,0
2020-05-03,Belarus,16705,99,0,16606,15828,97,0,15731,14917,9413446,877,2,0,875,911
2020-05-03,Belgium,49906,7844,0,42062,49517,7765,0,41752,49032,11524454,389,79,0,310,485
2020-05-03,Belize,18,2,0,16,18,2,0,16,18,,0,0,0,0,0
2020-05-03,Benin,90,2,0,88,90,2,0,88,90,11733059,0,0,0,0,0
2020-05-03,Bhutan,7,0,0,7,7,0,0,7,7,741672,0,0,0,0,0
2020-05-03,Bolivia,1594,76,0,1518,1229,66,0,1163,1229,11469896,365,10,0,355,0
2020-05-03,Bosnia and Herzegovina,1857,77,0,1780,1839,72,0,1767,1781,3301000,18,5,0,13,58
2020-05-03,Botswana,23,1,0,22,23,1,0,22,23,,0,0,0,0,0
2020-05-03,Brazil,101826,7051,0,94775,97100,6761,0,90339,92202,211288170,4726,290,0,4436,4898
2020-05-03,Brunei,138,1,0,137,138,1,0,137,138,442400,0,0,0,0,0
2020-05-03,Bulgaria,1618,73,0,1545,1594,72,0,1522,1555,7000039,24,1,0,23,39
2020-05-03,Burkina Faso,662,45,0,617,652,44,0,608,649,20870060,10,1,0,9,3
2020-05-03,Burma,155,6,0,149,151,6,0,145,151,,4,0,0,4,0
2020-05-03,Burundi,15,1,0,14,15,1,0,14,11,,0,0,0,0,4
2020-05-03,Cabo Verde,165,2,0,163,152,2,0,150,122,,13,0,0,13,30
2020-05-03,Cambodia,122,0,0,122,122,0,0,122,122,15288489,0,0,0,0,0
2020-05-03,Cameroon,2077,64,0,2013,2077,64,0,2013,1832,26545864,0,0,0,0,245
2020-05-03,Canada,60504,3795,0,56709,57926,3684,0,54242,56343,37966227,2578,111,0,2467,1583
2020-05-03,Central African Republic,72,0,0,72,72,0,0,72,72,5496011,0,0,0,0,0
2020-05-03,Chad,117,10,0,107,117,10,0,107,73,15692969,0,0,0,0,44
2020-05-03,Chile,19663,260,0,19403,18435,247,0,18188,17008,19107216,1228,13,0,1215,1427
2020-05-03,China,83964,4637,0,79327,83959,4637,0,79322,83959,1401870440,5,0,0,5,0
2020-05-03,Colombia,7668,340,0,7328,7285,324,0,6961,7006,49395678,383,16,0,367,279
2020-05-03,Comoros,3,0,0,3,3,0,0,3,1,,0,0,0,0,2
2020-05-03,Congo (Brazzaville),229,9,0,220,229,9,0,220,229,5518092,0,0,0,0,0
2020-05-03,Congo (Kinshasa),674,33,0,641,674,33,0,641,604,89561404,0,0,0,0,70
2020-05-03,Costa Rica,739,6,0,733,733,6,0,727,725,5058007,6,0,0,6,8
2020-05-03,Cote d'Ivoire,1398,17,0,1381,1362,15,0,1347,1333,25823071,36,2,0,34,29
2020-05-03,Croatia,2096,79,0,2017,2088,77,0,2011,2085,4076246,8,2,0,6,3
2020-05-03,Cuba,1649,67,0,1582,1611,66,0,1545,1537,11209628,38,1,0,37,74
2020-05-03,Cyprus,872,15,0,857,864,15,0,849,857,875900,8,0,0,8,7
2020-05-03,Czechia,7781,248,0,7533,7755,245,0,7510,7737,10693939,26,3,0,23,18
2020-05-03,Denmark,9721,484,0,9237,9605,475,0,9130,9509,5822763,116,9,0,107,96
2020-05-03,Diamond Princess,712,13,0,699,712,13,0,699,712,,0,0,0,0,0
2020-05-03,Djibouti,1112,2,0,1110,1112,2,0,1110,1097,1078373,0,0,0,0,15
2020-05-03,Dominica,16,0,0,16,16,0,0,16,16,,0,0,0,0,0
2020-05-03,Dominican Republic,7954,333,0,7621,7578,326,0,7252,7288,10358320,376,7,0,369,290
2020-05-03,Ecuador,29538,1564,0,27974,27464,1371,0,26093,26336,17449288,2074,193,0,1881,1128
2020-05-03,Egypt,6465,429,0,6036,6193,415,0,5778,5895,100153850,272,14,0,258,298
2020-05-03,El Salvador,490,11,0,479,446,11,0,435,424,6486201,44,0,0,44,22
2020-05-03,Equatorial Guinea,315,1,0,314,315,1,0,314,315,1358276,0,0,0,0,0
2020-05-03,Eritrea,39,0,0,39,39,0,0,39,39,3497117,0,0,0,0,0
2020-05-03,Estonia,1700,55,0,1645,1699,53,0,1646,1694,1328360,1,2,0,-1,5
2020-05-03,Eswatini,112,1,0,111,108,1,0,107,106,1093238,4,0,0,4,2
2020-05-03,Ethiopia,135,3,0,132,133,3,0,130,133,98665000,2,0,0,2,0
2020-05-03,Fiji,18,0,0,18,18,0,0,18,18,884887,0,0,0,0,0
2020-05-03,Finland,5254,230,0,5024,5176,220,0,4956,5051,5527573,78,10,0,68,125
2020-05-03,France,168925,24900,0,144025,168518,24763,0,143755,167305,67069000,407,137,0,270,1213
2020-05-03,Gabon,335,5,0,330,335,5,0,330,276,2172579,0,0,0,0,59
2020-05-03,Gambia,17,1,0,16,17,1,0,16,12,,0,0,0,0,5
2020-05-03,Georgia,589,9,0,580,582,8,0,574,566,3723464,7,1,0,6,16
2020-05-03,Germany,165664,6866,0,158798,164967,6812,0,158155,164077,83149300,697,54,0,643,890
2020-05-03,Ghana,2169,18,0,2151,2169,18,0,2151,2074,30280811,0,0,0,0,95
2020-05-03,Greece,2626,144,0,2482,2620,143,0,2477,2612,10724599,6,1,0,5,8
2020-05-03,Grenada,21,0,0,21,21,0,0,21,20,,0,0,0,0,1
2020-05-03,Guatemala,703,17,0,686,688,17,0,671,644,16604026,15,0,0,15,44
2020-05-03,Guinea,1586,7,0,1579,1586,7,0,1579,1537,12218357,0,0,0,0,49
2020-05-03,Guinea-Bissau,257,1,0,256,257,1,0,256,257,,0,0,0,0,0
2020-05-03,Guyana,82,9,0,73,82,9,0,73,82,782766,0,0,0,0,0
2020-05-03,Haiti,88,9,0,79,85,8,0,77,85,11577779,3,1,0,2,0
2020-05-03,Holy See,11,0,0,11,11,0,0,11,11,,0,0,0,0,0
2020-05-03,Honduras,1055,82,0,973,1010,76,0,934,804,9158345,45,6,0,39,206
2020-05-03,Hungary,2998,340,0,2658,2942,335,0,2607,2863,9772756,56,5,0,51,79
2020-05-03,Iceland,1799,10,0,1789,1798,10,0,1788,1798,364260,1,0,0,1,0
2020-05-03,India,42505,1391,0,41114,39699,1323,0,38376,37257,1360094159,2806,68,0,2738,2442
2020-05-03,Indonesia,11192,845,0,10347,10843,831,0,10012,10551,266911900,349,14,0,335,292
2020-05-03,Iran,97424,6203,0,91221,96448,6156,0,90292,95646,83301053,976,47,0,929,802
2020-05-03,Iraq,2296,97,0,2199,2219,95,0,2124,2153,39127900,77,2,0,75,66
2020-05-03,Ireland,21506,1303,0,20203,21176,1286,0,19890,20833,4921500,330,17,0,313,343
2020-05-03,Israel,16208,232,0,15976,16185,229,0,15956,16101,9175050,23,3,0,20,84
2020-05-03,Italy,210717,28884,0,181833,209328,28710,0,180618,207428,60243406,1389,174,0,1215,1900
2020-05-03,Jamaica,469,9,0,460,463,8,0,455,432,2726667,6,1,0,5,31
2020-05-03,Japan,14877,487,0,14390,14571,474,0,14097,14305,126010000,306,13,0,293,266
2020-05-03,Jordan,461,9,0,452,460,9,0,451,459,10641432,1,0,0,1,1
2020-05-03,Kazakhstan,3920,27,0,3893,3857,25,0,3832,3597,18667696,63,2,0,61,260
2020-05-03,Kenya,465,24,0,441,435,22,0,413,411,47564296,30,2,0,28,24
2020-05-03,"Korea, South",10801,252,0,10549,10793,250,0,10543,10780,51780579,8,2,0,6,13
2020-05-03,Kosovo,851,22,0,829,823,22,0,801,806,1795666,28,0,0,28,17
2020-05-03,Kuwait,4983,38,0,4945,4619,33,0,4586,4377,4420110,364,5,0,359,242
2020-05-03,Kyrgyzstan,795,10,0,785,769,8,0,761,756,6523500,26,2,0,24,13
2020-05-03,Laos,19,0,0,19,19,0,0,19,19,,0,0,0,0,0
2020-05-03,Latvia,879,16,0,863,871,16,0,855,870,1906800,8,0,0,8,1
2020-05-03,Lebanon,737,25,0,712,733,25,0,708,729,6825442,4,0,0,4,4
2020-05-03,Liberia,158,18,0,140,154,18,0,136,152,4475353,4,0,0,4,2
2020-05-03,Libya,63,3,0,60,63,3,0,60,63,,0,0,0,0,0
2020-05-03,Liechtenstein,82,1,0,81,82,1,0,81,82,38749,0,0,0,0,0
2020-05-03,Lithuania,1410,46,0,1364,1406,46,0,1360,1399,2793471,4,0,0,4,7
2020-05-03,Luxembourg,3824,96,0,3728,3812,92,0,3720,3802,613894,12,4,0,8,10
2020-05-03,MS Zaandam,9,2,0,7,9,2,0,7,9,,0,0,0,0,0
2020-05-03,Madagascar,149,0,0,149,135,0,0,135,132,25680342,14,0,0,14,3
2020-05-03,Malawi,39,3,0,36,38,3,0,35,37,,1,0,0,1,1
2020-05-03,Malaysia,6298,105,0,6193,6176,103,0,6073,6071,32726760,122,2,0,120,105
2020-05-03,Maldives,527,1,0,526,519,1,0,518,491,374775,8,0,0,8,28
2020-05-03,Mali,563,27,0,536,544,26,0,518,508,,19,1,0,18,36
2020-05-03,Malta,477,4,0,473,468,4,0,464,467,493559,9,0,0,9,1
2020-05-03,Mauritania,8,1,0,7,8,1,0,7,8,4077347,0,0,0,0,0
2020-05-03,Mauritius,332,10,0,322,332,10,0,322,332,1265985,0,0,0,0,0
2020-05-03,Mexico,23471,2154,0,21317,22088,2061,0,20027,20739,126577691,1383,93,0,1290,1349
2020-05-03,Moldova,4121,125,0,3996,4052,124,0,3928,3980,2681735,69,1,0,68,72
2020-05-03,Monaco,95,4,0,91,95,4,0,91,95,38300,0,0,0,0,0
2020-05-03,Mongolia,39,0,0,39,39,0,0,39,38,3308788,0,0,0,0,1
2020-05-03,Montenegro,322,8,0,314,322,8,0,314,322,622359,0,0,0,0,0
2020-05-03,Morocco,4903,174,0,4729,4729,173,0,4556,4569,35846095,174,1,0,173,160
2020-05-03,Mozambique,80,0,0,80,79,0,0,79,79,,1,0,0,1,0
2020-05-03,Namibia,16,0,0,16,16,0,0,16,16,2458936,0,0,0,0,0
2020-05-03,Nepal,75,0,0,75,59,0,0,59,59,29609623,16,0,0,16,0
2020-05-03,Netherlands,40769,5072,0,35697,40434,5003,0,35431,39989,17447181,335,69,0,266,445
2020-05-03,New Zealand,1487,20,0,1467,1487,20,0,1467,1485,4972216,0,0,0,0,2
2020-05-03,Nicaragua,15,5,0,10,14,3,0,11,14,6460411,1,2,0,-1,0
2020-05-03,Niger,750,36,0,714,736,35,0,701,728,22314743,14,1,0,13,8
2020-05-03,Nigeria,2558,87,0,2471,2388,85,0,2303,2170,206139587,170,2,0,168,218
2020-05-03,North Macedonia,1511,84,0,1427,1506,82,0,1424,1494,2077132,5,2,0,3,12
2020-05-03,Norway,7847,211,0,7636,7809,211,0,7598,7783,5367580,38,0,0,38,26
2020-05-03,Oman,2568,12,0,2556,2483,12,0,2471,2447,4664790,85,0,0,85,36
2020-05-03,Pakistan,20084,457,0,19627,19103,440,0,18663,18114,219027520,981,17,0,964,989
2020-05-03,Panama,7090,197,0,6893,7090,197,0,6893,6720,4218808,0,0,0,0,370
2020-05-03,Papua New Guinea,8,0,0,8,8,0,0,8,8,8935000,0,0,0,0,0
2020-05-03,Paraguay,396,10,0,386,370,10,0,360,333,7152703,26,0,0,26,37
2020-05-03,Peru,45928,1286,0,44642,42534,1200,0,41334,40459,32131400,3394,86,0,3308,2075
2020-05-03,Philippines,9223,607,0,8616,8928,603,0,8325,8772,108438081,295,4,0,291,156
2020-05-03,Poland,13693,678,0,13015,13375,664,0,12711,13105,38386000,318,14,0,304,270
2020-05-03,Portugal,25282,1043,0,24239,25190,1023,0,24167,25351,10276617,92,20,0,72,-161
2020-05-03,Qatar,15551,12,0,15539,14872,12,0,14860,14096,2747282,679,0,0,679,776
2020-05-03,Romania,13163,790,0,12373,12732,771,0,11961,12567,19405156,431,19,0,412,165
2020-05-03,Russia,134687,1280,0,133407,124054,1222,0,122832,114431,146745098,10633,58,0,10575,9623
2020-05-03,Rwanda,259,0,0,259,255,0,0,255,249,12374397,4,0,0,4,6
2020-05-03,Saint Kitts and Nevis,15,0,0,15,15,0,0,15,15,,0,0,0,0,0
2020-05-03,Saint Lucia,18,0,0,18,17,0,0,17,17,178696,1,0,0,1,0
2020-05-03,Saint Vincent and the Grenadines,16,0,0,16,16,0,0,16,16,110608,0,0,0,0,0
2020-05-03,San Marino,582,41,0,541,580,41,0,539,580,33574,2,0,0,2,0
2020-05-03,Sao Tome and Principe,16,1,0,15,16,1,0,15,16,,0,0,0,0,0
2020-05-03,Saudi Arabia,27011,184,0,26827,25459,176,0,25283,24097,34218169,1552,8,0,1544,1362
2020-05-03,Senegal,1182,9,0,1173,1115,9,0,1106,1024,16209125,67,0,0,67,91
2020-05-03,Serbia,9464,193,0,9271,9362,189,0,9173,9009,6963764,102,4,0,98,353
2020-05-03,Seychelles,11,0,0,11,11,0,0,11,11,97625,0,0,0,0,0
2020-05-03,Sierra Leone,166,8,0,158,155,8,0,147,136,,11,0,0,11,19
2020-05-03,Singapore,18205,18,0,18187,17548,17,0,17531,17101,5703600,657,1,0,656,447
2020-05-03,Slovakia,1408,24,0,1384,1407,24,0,1383,1403,5456362,1,0,0,1,4
2020-05-03,Slovenia,1439,96,0,1343,1439,94,0,1345,1434,2094060,0,2,0,-2,5
2020-05-03,Somalia,722,32,0,690,671,31,0,640,601,15893219,51,1,0,50,70
2020-05-03,South Africa,6783,131,0,6652,6336,123,0,6213,5951,58775022,447,8,0,439,385
2020-05-03,South Sudan,46,0,0,46,45,0,0,45,45,,1,0,0,1,0
2020-05-03,Spain,217466,25264,0,192202,216582,25100,0,191482,213435,47100396,884,164,0,720,3147
2020-05-03,Sri Lanka,718,7,0,711,705,7,0,698,690,21803000,13,0,0,13,15
2020-05-03,Sudan,592,41,0,551,592,41,0,551,533,42364155,0,0,0,0,59
2020-05-03,Suriname,10,1,0,9,10,1,0,9,10,581372,0,0,0,0,0
2020-05-03,Sweden,22317,2679,0,19638,22082,2669,0,19413,21520,10333456,235,10,0,225,562
2020-05-03,Switzerland,29905,1762,0,28143,29817,1762,0,28055,29705,8586550,88,0,0,88,112
2020-05-03,Syria,44,3,0,41,44,3,0,41,44,,0,0,0,0,0
2020-05-03,Taiwan*,436,6,0,430,432,6,0,426,429,23604265,4,0,0,4,3
2020-05-03,Tajikistan,128,2,0,126,76,2,0,74,15,,52,0,0,52,61
2020-05-03,Tanzania,480,16,0,464,480,16,0,464,480,55890747,0,0,0,0,0
2020-05-03,Thailand,2969,54,0,2915,2966,54,0,2912,2960,66484342,3,0,0,3,6
2020-05-03,Timor-Leste,24,0,0,24,24,0,0,24,24,,0,0,0,0,0
2020-05-03,Togo,124,9,0,115,123,9,0,114,123,7538000,1,0,0,1,0
2020-05-03,Trinidad and Tobago,116,8,0,108,116,8,0,108,116,1363985,0,0,0,0,0
2020-05-03,Tunisia,1013,42,0,971,1009,42,0,967,998,11722038,4,0,0,4,11
2020-05-03,Turkey,126045,3397,0,122648,124375,3336,0,121039,122392,83154997,1670,61,0,1609,1983
2020-05-03,US,1158040,67682,0,1090358,1132539,66369,0,1066170,1103461,329493716,25501,1313,0,24188,29078
2020-05-03,Uganda,89,0,0,89,88,0,0,88,85,40299300,1,0,0,1,3
2020-05-03,Ukraine,11913,288,0,11625,11411,279,0,11132,10861,41902416,502,9,0,493,550
2020-05-03,United Arab Emirates,14163,126,0,14037,13599,119,0,13480,13038,9890400,564,7,0,557,561
2020-05-03,United Kingdom,187842,28520,0,159322,183500,28205,0,155295,178685,66435600,4342,315,0,4027,4815
2020-05-03,Uruguay,655,17,0,638,652,17,0,635,648,3518552,3,0,0,3,4
2020-05-03,Uzbekistan,2149,10,0,2139,2118,9,0,2109,2086,34083289,31,1,0,30,32
2020-05-03,Venezuela,357,10,0,347,345,10,0,335,335,32219521,12,0,0,12,10
2020-05-03,Vietnam,271,0,0,271,270,0,0,270,270,96208984,1,0,0,1,0
2020-05-03,West Bank and Gaza,353,2,0,351,353,2,0,351,353,,0,0,0,0,0
2020-05-03,Western Sahara,6,0,0,6,6,0,0,6,6,,0,0,0,0,0
2020-05-03,Yemen,10,2,0,8,10,2,0,8,7,,0,0,0,0,3
2020-05-03,Zambia,124,3,0,121,119,3,0,116,109,17381168,5,0,0,5,10
2020-05-03,Zimbabwe,34,4,0,30,34,4,0,30,40,15159624,0,0,0,0,-6
