Date,Country/Region,Confirmed,Deaths,Recovered,Active Cases,Previous Confirmed,Previous Deaths,Previous Recovered,Previous Active,Prev2 Confirmed,Population,Daily Confirmed,Daily Deaths,Daily Recovered,Daily Active,Previous Daily Confirmed
2020-04-16,Afghanistan,840,30,0,810,784,25,0,759,714,32225560,56,5,0,51,70
2020-04-16,Albania,518,26,0,492,494,25,0,469,475,2862427,24,1,0,23,19
2020-04-16,Algeria,2268,348,0,1920,2160,336,0,1824,2070,43000000,108,12,0,96,90
2020-04-16,Andorra,673,33,0,640,673,33,0,640,659,77543,0,0,0,0,14
2020-04-16,Angola,19,2,0,17,19,2,0,17,19,31127674,0,0,0,0,0
2020-04-16,Antigua and Barbuda,23,3,0,20,23,2,0,21,23,96453,0,1,0,-1,0
2020-04-16,Argentina,2571,115,0,2456,2443,111,0,2332,2277,44938712,128,4,0,124,166
2020-04-16,Armenia,1159,18,0,1141,1111,17,0,1094,1067,2957500,48,1,0,47,44
2020-04-16,Australia,6462,63,0,6399,6440,63,0,6377,6415,25654023,22,0,0,22,25
2020-04-16,Austria,14476,410,0,14066,14336,393,0,13943,14226,8902600,140,17,0,123,110
2020-04-16,Azerbaijan,1283,15,0,1268,1253,13,0,1240,1197,10067108,30,2,0,28,56
2020-04-16,Bahamas,53,8,0,45,49,8,0,41,49,,4,0,0,4,0
2020-04-16,Bahrain,1700,7,0,1693,1671,7,0,1664,1528,1543300,29,0,0,29,143
2020-04-16,Bangladesh,1572,60,0,1512,1231,50,0,1181,1012,168310034,341,10,0,331,219
2020-04-16,Barbados,75,5,0,70,73,5,0,68,72,287025,2,0,0,2,1
2020-04-16,Belarus,4204,40,0,4164,3728,36,0,3692,3281,9413446,476,4,0,472,447
2020-04-16,Belgium,34809,4857,0,29952,33573,4440,0,29133,31119,11524454,1236,417,0,819,2454
2020-04-16,Belize,18,2,0,16,18,2,0,16,18,,0,0,0,0,0
2020-04-16,Benin,35,1,0,34,35,1,0,34,35,11733059,0,0,0,0,0
2020-04-16,Bhutan,5,0,0,5,5,0,0,5,5,741672,0,0,0,0,0
2020-04-16,Bolivia,441,29,0,412,397,28,0,369,354,11469896,44,1,0,43,43
2020-04-16,Bosnia and Herzegovina,1167,43,0,1124,1110,41,0,1069,1083,3301000,57,2,0,55,27
2020-04-16,Botswana,15,1,0,14,13,1,0,12,13,,2,0,0,2,0
2020-04-16,Brazil,30425,1924,0,28501,28320,1736,0,26584,25262,211288170,2105,188,0,1917,3058
2020-04-16,Brunei,136,1,0,135,136,1,0,135,136,442400,0,0,0,0,0
2020-04-16,Bulgaria,800,38,0,762,747,36,0,711,713,7000039,53,2,0,51,34
2020-04-16,Burkina Faso,546,32,0,514,542,32,0,510,528,20870060,4,0,0,4,14
2020-04-16,Burma,85,4,0,81,74,4,0,70,63,,11,0,0,11,11
2020-04-16,Burundi,5,1,0,4,5,1,0,4,5,,0,0,0,0,0
2020-04-16,Cabo Verde,56,1,0,55,56,1,0,55,11,,0,0,0,0,45
2020-04-16,Cambodia,122,0,0,122,122,0,0,122,122,15288489,0,0,0,0,0
2020-04-16,Cameroon,996,22,0,974,848,17,0,831,848,26545864,148,5,0,143,0
2020-04-16,Canada,30809,1258,0,29551,28209,1007,0,27202,27035,37966227,2600,251,0,2349,1174
2020-04-16,Central African Republic,12,0,0,12,12,0,0,12,11,5496011,0,0,0,0,1
2020-04-16,Chad,27,0,0,27,23,0,0,23,23,15692969,4,0,0,4,0
2020-04-16,Chile,8807,105,0,8702,8273,94,0,8179,7917,19107216,534,11,0,523,356
2020-04-16,China,83403,3346,0,80057,83356,3346,0,80010,83306,1401870440,47,0,0,47,50
2020-04-16,Colombia,3233,144,0,3089,3105,131,0,2974,2979,49395678,128,13,0,115,126
2020-04-16,Congo (Brazzaville),117,5,0,112,117,5,0,112,60,5518092,0,0,0,0,57
2020-04-16,Congo (Kinshasa),267,22,0,245,254,21,0,233,241,89561404,13,1,0,12,13
2020-04-16,Costa Rica,642,4,0,638,626,4,0,622,618,5058007,16,0,0,16,8
2020-04-16,Cote d'Ivoire,654,6,0,648,638,6,0,632,638,25823071,16,0,0,16,0
2020-04-16,Croatia,1791,35,0,1756,1741,33,0,1708,1704,4076246,50,2,0,48,37
2020-04-16,Cuba,862,27,0,835,814,24,0,790,766,11209628,48,3,0,45,48
2020-04-16,Cyprus,735,12,0,723,715,12,0,703,695,875900,20,0,0,20,20
2020-04-16,Czechia,6433,169,0,6264,6216,166,0,6050,6111,10693939,217,3,0,214,105
2020-04-16,Denmark,7074,321,0,6753,6876,309,0,6567,6706,5822763,198,12,0,186,170
2020-04-16,Diamond Princess,712,12,0,700,712,12,0,700,712,,0,0,0,0,0
2020-04-16,Djibouti,591,2,0,589,435,2,0,433,363,1078373,156,0,0,156,72
2020-04-16,Dominica,16,0,0,16,16,0,0,16,16,,0,0,0,0,0
2020-04-16,Dominican Republic,3755,196,0,3559,3614,189,0,3425,3286,10358320,141,7,0,134,328
2020-04-16,Ecuador,8225,403,0,7822,7858,388,0,7470,7603,17449288,367,15,0,352,255
2020-04-16,Egypt,2673,196,0,2477,2505,183,0,2322,2350,100153850,168,13,0,155,155
2020-04-16,El Salvador,164,6,0,158,159,6,0,153,149,6486201,5,0,0,5,10
2020-04-16,Equatorial Guinea,51,0,0,51,51,0,0,51,41,1358276,0,0,0,0,10
2020-04-16,Eritrea,35,0,0,35,35,0,0,35,34,3497117,0,0,0,0,1
2020-04-16,Estonia,1434,36,0,1398,1400,35,0,1365,1373,1328360,34,1,0,33,27
2020-04-16,Eswatini,16,1,0,15,15,0,0,15,15,1093238,1,1,0,0,0
2020-04-16,Ethiopia,92,3,0,89,85,3,0,82,82,98665000,7,0,0,7,3
2020-04-16,Fiji,17,0,0,17,16,0,0,16,16,884887,1,0,0,1,0
2020-04-16,Finland,3369,75,0,3294,3237,72,0,3165,3161,5527573,132,3,0,129,76
2020-04-16,France,147091,17941,0,129150,134582,17188,0,117394,131361,67069000,12509,753,0,11756,3221
2020-04-16,Gabon,80,1,0,79,80,1,0,79,57,2172579,0,0,0,0,23
2020-04-16,Gambia,9,1,0,8,9,1,0,8,9,,0,0,0,0,0
2020-04-16,Georgia,348,3,0,345,306,3,0,303,300,3723464,42,0,0,42,6
2020-04-16,Germany,137698,4052,0,133646,134753,3804,0,130949,131359,83149300,2945,248,0,2697,3394
2020-04-16,Ghana,641,8,0,633,636,8,0,628,636,30280811,5,0,0,5,0
2020-04-16,Greece,2207,105,0,2102,2192,102,0,2090,2170,10724599,15,3,0,12,22
2020-04-16,Grenada,14,0,0,14,14,0,0,14,14,,0,0,0,0,0
2020-04-16,Guatemala,196,5,0,191,180,5,0,175,167,16604026,16,0,0,16,13
2020-04-16,Guinea,438,1,0,437,404,1,0,403,363,12218357,34,0,0,34,41
2020-04-16,Guinea-Bissau,43,0,0,43,43,0,0,43,38,,0,0,0,0,5
2020-04-16,Guyana,55,6,0,49,55,6,0,49,47,782766,0,0,0,0,8
2020-04-16,Haiti,41,3,0,38,41,3,0,38,40,11577779,0,0,0,0,1
2020-04-16,Holy See,8,0,0,8,8,0,0,8,8,,0,0,0,0,0
2020-04-16,Honduras,426,35,0,391,419,31,0,388,407,9158345,7,4,0,3,12
2020-04-16,Hungary,1652,142,0,1510,1579,134,0,1445,1512,9772756,73,8,0,65,67
2020-04-16,Iceland,1739,8,0,1731,1727,8,0,1719,1720,364260,12,0,0,12,7
2020-04-16,India,13430,448,0,12982,12322,405,0,11917,11487,1360094159,1108,43,0,1065,835
2020-04-16,Indonesia,5516,496,0,5020,5136,469,0,4667,4839,266911900,380,27,0,353,297
2020-04-16,Iran,77995,4869,0,73126,76389,4777,0,71612,74877,83301053,1606,92,0,1514,1512
2020-04-16,Iraq,1434,80,0,1354,1415,79,0,1336,1400,39127900,19,1,0,18,15
2020-04-16,Ireland,13271,486,0,12785,12547,444,0,12103,11479,4921500,724,42,0,682,1068
2020-04-16,Israel,12758,142,0,12616,12501,130,0,12371,12046,9175050,257,12,0,245,455
2020-04-16,Italy,168941,22170,0,146771,165155,21645,0,143510,162488,60243406,3786,525,0,3261,2667
2020-04-16,Jamaica,143,5,0,138,125,5,0,120,73,2726667,18,0,0,18,52
2020-04-16,Japan,8626,178,0,8448,8100,146,0,7954,7645,126010000,526,32,0,494,455
2020-04-16,Jordan,402,7,0,395,401,7,0,394,397,10641432,1,0,0,1,4
2020-04-16,Kazakhstan,1402,17,0,1385,1295,16,0,1279,1232,18667696,107,1,0,106,63
2020-04-16,Kenya,234,11,0,223,225,10,0,215,216,47564296,9,1,0,8,9
2020-04-16,"Korea, South",10613,229,0,10384,10591,225,0,10366,10564,51780579,22,4,0,18,27
2020-04-16,Kosovo,449,11,0,438,387,8,0,379,387,1795666,62,3,0,59,0
2020-04-16,Kuwait,1524,3,0,1521,1405,3,0,1402,1355,4420110,119,0,0,119,50
2020-04-16,Kyrgyzstan,466,5,0,461,449,5,0,444,430,6523500,17,0,0,17,19
2020-04-16,Laos,19,0,0,19,19,0,0,19,19,,0,0,0,0,0
2020-04-16,Latvia,675,5,0,670,666,5,0,661,657,1906800,9,0,0,9,9
2020-04-16,Lebanon,663,21,0,642,658,21,0,637,641,6825442,5,0,0,5,17
2020-04-16,Liberia,59,6,0,53,59,6,0,53,59,4475353,0,0,0,0,0
2020-04-16,Libya,49,1,0,48,48,1,0,47,35,,1,0,0,1,13
2020-04-16,Liechtenstein,79,1,0,78,79,1,0,78,79,38749,0,0,0,0,0
2020-04-16,Lithuania,1128,32,0,1096,1091,30,0,1061,1070,2793471,37,2,0,35,21
2020-04-16,Luxembourg,3444,69,0,3375,3373,69,0,3304,3307,613894,71,0,0,71,66
2020-04-16,MS Zaandam,9,2,0,7,9,2,0,7,9,,0,0,0,0,0
2020-04-16,Madagascar,111,0,0,111,110,0,0,110,108,25680342,1,0,0,1,2
2020-04-16,Malawi,16,2,0,14,16,2,0,14,16,,0,0,0,0,0
2020-04-16,Malaysia,5182,84,0,5098,5072,83,0,4989,4987,32726760,110,1,0,109,85
2020-04-16,Maldives,25,0,0,25,22,0,0,22,20,374775,3,0,0,3,2
2020-04-16,Mali,171,13,0,158,148,13,0,135,144,,23,0,0,23,4
2020-04-16,Malta,412,3,0,409,399,3,0,396,393,493559,13,0,0,13,6
2020-04-16,Mauritania,7,1,0,6,7,1,0,6,7,4077347,0,0,0,0,0
2020-04-16,Mauritius,324,9,0,315,324,9,0,315,324,1265985,0,0,0,0,0
2020-04-16,Mexico,5847,449,0,5398,5399,406,0,4993,5014,126577691,448,43,0,405,385
2020-04-16,Moldova,2154,54,0,2100,2049,46,0,2003,1934,2681735,105,8,0,97,115
2020-04-16,Monaco,93,3,0,90,93,3,0,90,93,38300,0,0,0,0,0
2020-04-16,Mongolia,31,0,0,31,30,0,0,30,30,3308788,1,0,0,1,0
2020-04-16,Montenegro,303,4,0,299,288,4,0,284,283,622359,15,0,0,15,5
2020-04-16,Morocco,2283,130,0,2153,2024,127,0,1897,1888,35846095,259,3,0,256,136
2020-04-16,Mozambique,31,0,0,31,29,0,0,29,28,,2,0,0,2,1
2020-04-16,Namibia,16,0,0,16,16,0,0,16,16,2458936,0,0,0,0,0
2020-04-16,Nepal,16,0,0,16,16,0,0,16,16,29609623,0,0,0,0,0
2020-04-16,Netherlands,29383,3327,0,26056,28316,3145,0,25171,27580,17447181,1067,182,0,885,736
2020-04-16,New Zealand,1401,9,0,1392,1386,9,0,1377,1366,4972216,15,0,0,15,20
2020-04-16,Nicaragua,9,1,0,8,9,1,0,8,9,6460411,0,0,0,0,0
2020-04-16,Niger,584,14,0,570,584,14,0,570,570,22314743,0,0,0,0,14
2020-04-16,Nigeria,442,13,0,429,407,12,0,395,373,206139587,35,1,0,34,34
2020-04-16,North Macedonia,1081,46,0,1035,974,45,0,929,908,2077132,107,1,0,106,66
2020-04-16,Norway,6896,152,0,6744,6740,150,0,6590,6623,5367580,156,2,0,154,117
2020-04-16,Oman,1019,4,0,1015,910,4,0,906,813,4664790,109,0,0,109,97
2020-04-16,Pakistan,6919,128,0,6791,6383,111,0,6272,5837,219027520,536,17,0,519,546
2020-04-16,Panama,3751,103,0,3648,3574,95,0,3479,3472,4218808,177,8,0,169,102
2020-04-16,Papua New Guinea,7,0,0,7,2,0,0,2,2,8935000,5,0,0,5,0
2020-04-16,Paraguay,174,8,0,166,161,8,0,153,159,7152703,13,0,0,13,2
2020-04-16,Peru,12491,274,0,12217,11475,254,0,11221,10303,32131400,1016,20,0,996,1172
2020-04-16,Philippines,5660,362,0,5298,5453,349,0,5104,5223,108438081,207,13,0,194,230
2020-04-16,Poland,7918,314,0,7604,7582,286,0,7296,7202,38386000,336,28,0,308,380
2020-04-16,Portugal,18841,629,0,18212,18091,599,0,17492,17448,10276617,750,30,0,720,643
2020-04-16,Qatar,4103,7,0,4096,3711,7,0,3704,3428,2747282,392,0,0,392,283
2020-04-16,Romania,7707,392,0,7315,7216,372,0,6844,6879,19405156,491,20,0,471,337
2020-04-16,Russia,27938,232,0,27706,24490,198,0,24292,21102,146745098,3448,34,0,3414,3388
2020-04-16,Rwanda,138,0,0,138,136,0,0,136,134,12374397,2,0,0,2,2
2020-04-16,Saint Kitts and Nevis,14,0,0,14,14,0,0,14,14,,0,0,0,0,0
2020-04-16,Saint Lucia,15,0,0,15,15,0,0,15,15,178696,0,0,0,0,0
2020-04-16,Saint Vincent and the Grenadines,12,0,0,12,12,0,0,12,12,110608,0,0,0,0,0
2020-04-16,San Marino,426,38,0,388,372,36,0,336,371,33574,54,2,0,52,1
2020-04-16,Sao Tome and Principe,4,0,0,4,4,0,0,4,4,,0,0,0,0,0
2020-04-16,Saudi Arabia,6380,83,0,6297,5862,79,0,5783,5369,34218169,518,4,0,514,493
2020-04-16,Senegal,335,2,0,333,314,2,0,312,299,16209125,21,0,0,21,15
2020-04-16,Serbia,5318,103,0,5215,4873,99,0,4774,4465,6963764,445,4,0,441,408
2020-04-16,Seychelles,11,0,0,11,11,0,0,11,11,97625,0,0,0,0,0
2020-04-16,Sierra Leone,15,0,0,15,13,0,0,13,11,,2,0,0,2,2
2020-04-16,Singapore,4427,10,0,4417,3699,10,0,3689,3252,5703600,728,0,0,728,447
2020-04-16,Slovakia,977,8,0,969,863,6,0,857,835,5456362,114,2,0,112,28
2020-04-16,Slovenia,1268,61,0,1207,1248,61,0,1187,1220,2094060,20,0,0,20,28
2020-04-16,Somalia,80,5,0,75,80,5,0,75,60,15893219,0,0,0,0,20
2020-04-16,South Africa,2605,48,0,2557,2506,34,0,2472,2415,58775022,99,14,0,85,91
2020-04-16,South Sudan,4,0,0,4,4,0,0,4,4,,0,0,0,0,0
2020-04-16,Spain,184948,19315,0,165633,177644,18708,0,158936,172541,47100396,7304,607,0,6697,5103
2020-04-16,Sri Lanka,238,7,0,231,238,7,0,231,233,21803000,0,0,0,0,5
2020-04-16,Sudan,32,5,0,27,32,5,0,27,32,42364155,0,0,0,0,0
2020-04-16,Suriname,10,1,0,9,10,1,0,9,10,581372,0,0,0,0,0
2020-04-16,Sweden,12540,1333,0,11207,11927,1203,0,10724,11445,10333456,613,130,0,483,482
2020-04-16,Switzerland,26732,1281,0,25451,26336,1239,0,25097,25936,8586550,396,42,0,354,400
2020-04-16,Syria,33,2,0,31,33,2,0,31,29,,0,0,0,0,4
2020-04-16,Taiwan*,395,6,0,389,395,6,0,389,393,23604265,0,0,0,0,2
2020-04-16,Tanzania,94,4,0,90,88,4,0,84,53,55890747,6,0,0,6,35
2020-04-16,Thailand,2672,46,0,2626,2643,43,0,2600,2613,66484342,29,3,0,26,30
2020-04-16,Timor-Leste,18,0,0,18,8,0,0,8,6,,10,0,0,10,2
2020-04-16,Togo,81,5,0,76,81,3,0,78,77,7538000,0,2,0,-2,4
2020-04-16,Trinidad and Tobago,114,8,0,106,114,8,0,106,113,1363985,0,0,0,0,1
2020-04-16,Tunisia,822,37,0,785,780,35,0,745,747,11722038,42,2,0,40,33
2020-04-16,Turkey,74193,1643,0,72550,69392,1518,0,67874,65111,83154997,4801,125,0,4676,4281
2020-04-16,US,667801,32917,0,634884,636350,28326,0,608024,607670,329493716,31451,4591,0,26860,28680
2020-04-16,Uganda,55,0,0,55,55,0,0,55,55,40299300,0,0,0,0,0
2020-04-16,Ukraine,4161,116,0,4045,3764,108,0,3656,3372,41902416,397,8,0,389,392
2020-04-16,United Arab Emirates,5825,35,0,5790,5365,33,0,5332,4933,9890400,460,2,0,458,432
2020-04-16,United Kingdom,104145,13759,0,90386,99483,12894,0,86589,94845,66435600,4662,865,0,3797,4638
2020-04-16,Uruguay,502,9,0,493,492,8,0,484,483,3518552,10,1,0,9,9
2020-04-16,Uzbekistan,1349,4,0,1345,1302,4,0,1298,1165,34083289,47,0,0,47,137
2020-04-16,Venezuela,204,9,0,195,197,9,0,188,189,32219521,7,0,0,7,8
2020-04-16,Vietnam,268,0,0,268,267,0,0,267,266,96208984,1,0,0,1,1
2020-04-16,West Bank and Gaza,374,2,0,372,374,2,0,372,308,,0,0,0,0,66
2020-04-16,Western Sahara,6,0,0,6,6,0,0,6,6,,0,0,0,0,0
2020-04-16,Yemen,1,0,0,1,1,0,0,1,1,,0,0,0,0,0
2020-04-16,Zambia,48,2,0,46,48,2,0,46,45,17381168,0,0,0,0,3
2020-04-16,Zimbabwe,23,3,0,20,23,3,0,20,17,15159624,0,0,0,0,6
