Date,Country/Region,Confirmed,Deaths,Recovered,Active Cases,Previous Confirmed,Previous Deaths,Previous Recovered,Previous Active,Prev2 Confirmed,Previous Week Confirmed,Population,Daily Confirmed,Daily Deaths,Daily Recovered,Daily Active,Previous Daily Confirmed,Weekly Confirmed
2020-12-09,Afghanistan,47851,1919,0,45932,47716,1906,0,45810,47516,46718,32225560,135,13,0,122,200,1133
2020-12-09,Albania,45188,951,0,44237,44436,936,0,43500,43683,39719,2862427,752,15,0,737,753,5469
2020-12-09,Algeria,90014,2554,0,87460,89416,2539,0,86877,88825,85084,43000000,598,15,0,583,591,4930
2020-12-09,Andorra,7162,78,0,7084,7127,78,0,7049,7084,6842,77543,35,0,0,35,43,320
2020-12-09,Angola,15804,358,0,15446,15729,355,0,15374,15648,15319,31127674,75,3,0,72,81,485
2020-12-09,Antigua and Barbuda,146,4,0,142,146,4,0,142,146,144,96453,0,0,0,0,0,2
2020-12-09,Argentina,1475222,40222,0,1435000,1469919,40009,0,1429910,1466309,1440103,44938712,5303,213,0,5090,3610,35119
2020-12-09,Armenia,144066,2393,0,141673,142928,2372,0,140556,142344,137231,2957500,1138,21,0,1117,584,6835
2020-12-09,Australia,28000,908,0,27092,27993,908,0,27085,27987,27939,25654023,7,0,0,7,6,61
2020-12-09,Austria,311002,4056,0,306946,308070,4002,0,304068,305693,289461,8902600,2932,54,0,2878,2377,21541
2020-12-09,Azerbaijan,158555,1755,0,156800,154152,1713,0,152439,149765,129544,10067108,4403,42,0,4361,4387,29011
2020-12-09,Bahamas,7585,163,0,7422,7579,163,0,7416,7579,7543,,6,0,0,6,0,42
2020-12-09,Bahrain,88495,347,0,88148,88294,343,0,87951,88111,87270,1543300,201,4,0,197,183,1225
2020-12-09,Bangladesh,484104,6930,0,477174,481945,6906,0,475039,479743,469423,168310034,2159,24,0,2135,2202,14681
2020-12-09,Barbados,290,7,0,283,289,7,0,282,287,279,287025,1,0,0,1,2,11
2020-12-09,Belarus,152453,1230,0,151223,150602,1222,0,149380,148953,139908,9413446,1851,8,0,1843,1649,12545
2020-12-09,Belgium,597643,17603,0,580040,594572,17507,0,577065,592615,582252,11524454,3071,96,0,2975,1957,15391
2020-12-09,Belize,8519,183,0,8336,8013,179,0,7834,7953,5854,,506,4,0,502,60,2665
2020-12-09,Benin,3090,44,0,3046,3073,44,0,3029,3073,3055,11733059,17,0,0,17,0,35
2020-12-09,Bhutan,433,0,0,433,433,0,0,433,432,415,741672,0,0,0,0,1,18
2020-12-09,Bolivia,146060,9004,0,137056,145846,9002,0,136844,145657,144994,11469896,214,2,0,212,189,1066
2020-12-09,Bosnia and Herzegovina,97317,3151,0,94166,96021,3081,0,92940,94944,90378,3301000,1296,70,0,1226,1077,6939
2020-12-09,Botswana,12058,36,0,12022,12058,36,0,12022,12058,10742,,0,0,0,0,0,1316
2020-12-09,Brazil,6728452,178995,0,6549457,6674999,178159,0,6496840,6623911,6436650,211288170,53453,836,0,52617,51088,291802
2020-12-09,Brunei,152,3,0,149,152,3,0,149,151,151,442400,0,0,0,0,1,1
2020-12-09,Bulgaria,171493,5283,0,166210,168165,5156,0,163009,164185,151913,7000039,3328,127,0,3201,3980,19580
2020-12-09,Burkina Faso,3469,69,0,3400,3469,69,0,3400,3315,3010,20870060,0,0,0,0,154,459
2020-12-09,Burma,103166,2174,0,100992,101739,2151,0,99588,100431,93600,,1427,23,0,1404,1308,9566
2020-12-09,Burundi,720,1,0,719,716,1,0,715,698,689,,4,0,0,4,18,31
2020-12-09,Cabo Verde,11192,109,0,11083,11118,109,0,11009,11098,10867,,74,0,0,74,20,325
2020-12-09,Cambodia,356,0,0,356,354,0,0,354,350,331,15288489,2,0,0,2,4,25
2020-12-09,Cameroon,24963,443,0,24520,24752,443,0,24309,24752,24487,26545864,211,0,0,211,0,476
2020-12-09,Canada,439142,13009,0,426133,432743,12887,0,419856,426572,393506,37966227,6399,122,0,6277,6171,45636
2020-12-09,Central African Republic,4927,63,0,4864,4927,63,0,4864,4922,4918,5496011,0,0,0,0,5,9
2020-12-09,Chad,1732,102,0,1630,1729,102,0,1627,1728,1705,15692969,3,0,0,3,1,27
2020-12-09,Chile,564778,15690,0,549088,563534,15680,0,547854,562142,553898,19107216,1244,10,0,1234,1392,10880
2020-12-09,China,93898,4748,0,89150,93782,4746,0,89036,93670,93113,1401870440,116,2,0,114,112,785
2020-12-09,Colombia,1392133,38308,0,1353825,1384610,38158,0,1346452,1377100,1334089,49395678,7523,150,0,7373,7510,58044
2020-12-09,Comoros,617,7,0,610,617,7,0,610,616,613,,0,0,0,0,1,4
2020-12-09,Congo (Brazzaville),6049,99,0,5950,5774,94,0,5680,5774,5774,5518092,275,5,0,270,0,275
2020-12-09,Congo (Kinshasa),13843,350,0,13493,13750,344,0,13406,13595,12987,89561404,93,6,0,87,155,856
2020-12-09,Costa Rica,148688,1864,0,146824,147430,1846,0,145584,146421,141340,5058007,1258,18,0,1240,1009,7348
2020-12-09,Cote d'Ivoire,21547,133,0,21414,21513,132,0,21381,21507,21361,25823071,34,1,0,33,6,186
2020-12-09,Croatia,159372,2367,0,157005,154852,2298,0,152554,152239,134881,4076246,4520,69,0,4451,2613,24491
2020-12-09,Cuba,9106,136,0,8970,8982,136,0,8846,8906,8456,11209628,124,0,0,124,76,650
2020-12-09,Cyprus,13286,68,0,13218,13286,68,0,13218,12867,11175,875900,0,0,0,0,419,2111
2020-12-09,Czechia,556927,9136,0,547791,551070,9036,0,542034,546833,533042,10693939,5857,100,0,5757,4237,23885
2020-12-09,Denmark,97895,904,0,96991,95332,901,0,94431,93177,84056,5822763,2563,3,0,2560,2155,13839
2020-12-09,Diamond Princess,712,13,0,699,712,13,0,699,712,712,,0,0,0,0,0,0
2020-12-09,Djibouti,5717,61,0,5656,5714,61,0,5653,5708,5682,1078373,3,0,0,3,6,35
2020-12-09,Dominica,85,0,0,85,85,0,0,85,85,85,,0,0,0,0,0,0
2020-12-09,Dominican Republic,150161,2350,0,147811,149630,2347,0,147283,149138,145197,10358320,531,3,0,528,492,4964
2020-12-09,Ecuador,199228,13814,0,185414,198752,13794,0,184958,198244,194876,17449288,476,20,0,456,508,4352
2020-12-09,Egypt,119702,6832,0,112870,119281,6813,0,112468,118847,116724,100153850,421,19,0,402,434,2978
2020-12-09,El Salvador,40741,1174,0,39567,40551,1168,0,39383,40345,39130,6486201,190,6,0,184,206,1611
2020-12-09,Equatorial Guinea,5183,85,0,5098,5166,85,0,5081,5166,5156,1358276,17,0,0,17,0,27
2020-12-09,Eritrea,649,0,0,649,649,0,0,649,649,577,3497117,0,0,0,0,0,72
2020-12-09,Estonia,16054,139,0,15915,15510,137,0,15373,15226,13019,1328360,544,2,0,542,284,3035
2020-12-09,Eswatini,6612,125,0,6487,6563,124,0,6439,6529,6455,1093238,49,1,0,48,34,157
2020-12-09,Ethiopia,114834,1769,0,113065,114266,1766,0,112500,113735,110984,98665000,568,3,0,565,531,3850
2020-12-09,Fiji,44,2,0,42,44,2,0,42,44,42,884887,0,0,0,0,0,2
2020-12-09,Finland,28732,433,0,28299,28242,424,0,27818,27881,25882,5527573,490,9,0,481,361,2850
2020-12-09,France,2377913,56752,0,2321161,2363196,56453,0,2306743,2349059,2297393,67069000,14717,299,0,14418,14137,80520
2020-12-09,Gabon,9300,62,0,9238,9278,60,0,9218,9278,9239,2172579,22,2,0,20,0,61
2020-12-09,Gambia,3776,123,0,3653,3776,123,0,3653,3770,3765,,0,0,0,0,6,11
2020-12-09,Georgia,174383,1614,0,172769,169649,1576,0,168073,164976,143376,3723464,4734,38,0,4696,4673,31007
2020-12-09,Germany,1254358,20460,0,1233898,1229269,20002,0,1209267,1200006,1117953,83149300,25089,458,0,24631,29263,136405
2020-12-09,Ghana,52622,326,0,52296,52500,326,0,52174,52274,51667,30280811,122,0,0,122,226,955
2020-12-09,Greece,119720,3289,0,116431,118045,3194,0,114851,116721,109655,10724599,1675,95,0,1580,1324,10065
2020-12-09,Grenada,43,0,0,43,43,0,0,43,43,41,,0,0,0,0,0,2
2020-12-09,Guatemala,127127,4311,0,122816,126473,4286,0,122187,125674,123460,16604026,654,25,0,629,799,3667
2020-12-09,Guinea,13325,79,0,13246,13264,79,0,13185,13264,13143,12218357,61,0,0,61,0,182
2020-12-09,Guinea-Bissau,2444,44,0,2400,2444,44,0,2400,2444,2441,,0,0,0,0,0,3
2020-12-09,Guyana,5732,154,0,5578,5700,154,0,5546,5697,5449,782766,32,0,0,32,3,283
2020-12-09,Haiti,9434,233,0,9201,9399,233,0,9166,9399,9313,11577779,35,0,0,35,0,121
2020-12-09,Holy See,27,0,0,27,27,0,0,27,27,27,,0,0,0,0,0,0
2020-12-09,Honduras,112792,2961,0,109831,111707,2950,0,108757,111023,109144,9158345,1085,11,0,1074,684,3648
2020-12-09,Hungary,259588,6280,0,253308,256367,6120,0,250247,254148,225209,9772756,3221,160,0,3061,2219,34379
2020-12-09,Iceland,5516,28,0,5488,5506,28,0,5478,5496,5413,364260,10,0,0,10,10,103
2020-12-09,India,9767371,141772,0,9625599,9735850,141360,0,9594490,9703770,9534964,1360094159,31521,412,0,31109,32080,232407
2020-12-09,Indonesia,592900,18171,0,574729,586842,18000,0,568842,581550,549508,266911900,6058,171,0,5887,5292,43392
2020-12-09,Iran,1072620,51212,0,1021408,1062397,50917,0,1011480,1051374,989572,83301053,10223,295,0,9928,11023,83048
2020-12-09,Iraq,569873,12501,0,557372,568138,12477,0,555661,566015,556728,39127900,1735,24,0,1711,2123,13145
2020-12-09,Ireland,74900,2102,0,72798,74682,2097,0,72585,74468,73066,4921500,218,5,0,213,214,1834
2020-12-09,Israel,350271,2934,0,347337,348285,2932,0,345353,346797,339968,9175050,1986,2,0,1984,1488,10303
2020-12-09,Italy,1770149,61739,0,1708410,1757394,61240,0,1696154,1742557,1641610,60243406,12755,499,0,12256,14837,128539
2020-12-09,Jamaica,11369,266,0,11103,11271,265,0,11006,11184,10864,2726667,98,1,0,97,87,505
2020-12-09,Japan,169429,2376,0,167053,166592,2334,0,164258,164434,153432,126010000,2837,42,0,2795,2158,15997
2020-12-09,Jordan,250219,3206,0,247013,247131,3162,0,243969,244069,227208,10641432,3088,44,0,3044,3062,23011
2020-12-09,Kazakhstan,182657,2546,0,180111,181721,2544,0,179177,180777,176342,18667696,936,2,0,934,944,6315
2020-12-09,Kenya,89661,1552,0,88109,89100,1545,0,87555,88579,85130,47564296,561,7,0,554,521,4531
2020-12-09,"Korea, South",40098,564,0,39534,39432,556,0,38876,38755,35703,51780579,666,8,0,658,677,4395
2020-12-09,Kosovo,44442,1148,0,43294,43881,1137,0,42744,43324,40117,1795666,561,11,0,550,557,4325
2020-12-09,Kuwait,145204,905,0,144299,144900,900,0,144000,144599,143260,4420110,304,5,0,299,301,1944
2020-12-09,Kyrgyzstan,76012,1306,0,74706,75690,1301,0,74389,75395,73513,6523500,322,5,0,317,295,2499
2020-12-09,Laos,41,0,0,41,41,0,0,41,41,39,,0,0,0,0,0,2
2020-12-09,Latvia,22816,293,0,22523,22104,288,0,21816,21520,18377,1906800,712,5,0,707,584,4439
2020-12-09,Lebanon,140409,1156,0,139253,139135,1136,0,137999,138096,131297,6825442,1274,20,0,1254,1039,9112
2020-12-09,Lesotho,2164,44,0,2120,2150,44,0,2106,2150,2142,,14,0,0,14,0,22
2020-12-09,Liberia,1676,83,0,1593,1676,83,0,1593,1676,1595,4475353,0,0,0,0,0,81
2020-12-09,Libya,88522,1261,0,87261,87986,1255,0,86731,87097,84087,,536,6,0,530,889,4435
2020-12-09,Liechtenstein,1432,19,0,1413,1404,19,0,1385,1397,1318,38749,28,0,0,28,7,114
2020-12-09,Lithuania,80556,704,0,79852,77426,673,0,76753,76036,62515,2793471,3130,31,0,3099,1390,18041
2020-12-09,Luxembourg,38476,360,0,38116,38476,360,0,38116,38476,35802,613894,0,0,0,0,0,2674
2020-12-09,MS Zaandam,9,2,0,7,9,2,0,7,9,9,,0,0,0,0,0,0
2020-12-09,Madagascar,17473,255,0,17218,17473,255,0,17218,17513,17341,25680342,0,0,0,0,-40,132
2020-12-09,Malawi,6051,186,0,5865,6051,186,0,5865,6051,6040,,0,0,0,0,0,11
2020-12-09,Malaysia,76265,393,0,75872,75306,388,0,74918,74294,68020,32726760,959,5,0,954,1012,8245
2020-12-09,Maldives,13274,47,0,13227,13248,47,0,13201,13213,13070,374775,26,0,0,26,35,204
2020-12-09,Mali,5469,181,0,5288,5442,180,0,5262,5290,4837,,27,1,0,26,152,632
2020-12-09,Malta,10778,160,0,10618,10699,157,0,10542,10659,10101,493559,79,3,0,76,40,677
2020-12-09,Marshall Islands,4,0,0,4,4,0,0,4,4,4,,0,0,0,0,0,0
2020-12-09,Mauritania,10105,202,0,9903,9876,197,0,9679,9679,8863,4077347,229,5,0,224,197,1242
2020-12-09,Mauritius,515,10,0,505,515,10,0,505,511,508,1265985,0,0,0,0,4,7
2020-12-09,Mexico,1205229,111655,0,1093574,1193255,110874,0,1082381,1182249,1133613,126577691,11974,781,0,11193,11006,71616
2020-12-09,Moldova,120970,2481,0,118489,119204,2460,0,116744,117495,110580,2681735,1766,21,0,1745,1709,10390
2020-12-09,Monaco,655,3,0,652,648,3,0,645,641,621,38300,7,0,0,7,7,34
2020-12-09,Mongolia,898,0,0,898,893,0,0,893,888,819,3308788,5,0,0,5,5,79
2020-12-09,Montenegro,39607,556,0,39051,39153,549,0,38604,38562,36351,622359,454,7,0,447,591,3256
2020-12-09,Morocco,388184,6427,0,381757,384088,6370,0,377718,381188,364190,35846095,4096,57,0,4039,2900,23994
2020-12-09,Mozambique,16440,138,0,16302,16373,136,0,16237,16326,15866,,67,2,0,65,47,574
2020-12-09,Namibia,15472,155,0,15317,15298,153,0,15145,15219,14477,2458936,174,2,0,172,79,995
2020-12-09,Nepal,244433,1651,0,242782,243377,1637,0,241740,241995,236246,29609623,1056,14,0,1042,1382,8187
2020-12-09,Netherlands,586643,9923,0,576720,579997,9857,0,570140,573750,541238,17447181,6646,66,0,6580,6247,45405
2020-12-09,New Zealand,2088,25,0,2063,2088,25,0,2063,2085,2069,4972216,0,0,0,0,3,19
2020-12-09,Nicaragua,5887,162,0,5725,5887,162,0,5725,5838,5838,6460411,0,0,0,0,49,49
2020-12-09,Niger,2078,79,0,1999,1987,79,0,1908,1894,1640,22314743,91,0,0,91,93,438
2020-12-09,Nigeria,70669,1184,0,69485,70195,1182,0,69013,69645,67960,206139587,474,2,0,472,550,2709
2020-12-09,North Macedonia,69954,2023,0,67931,69452,1977,0,67475,68332,63890,2077132,502,46,0,456,1120,6064
2020-12-09,Norway,39525,361,0,39164,39163,361,0,38802,38703,36969,5367580,362,0,0,362,460,2556
2020-12-09,Oman,125490,1461,0,124029,125325,1454,0,123871,125115,124145,4664790,165,7,0,158,210,1345
2020-12-09,Pakistan,429280,8603,0,420677,426142,8547,0,417595,423179,406810,219027520,3138,56,0,3082,2963,22470
2020-12-09,Panama,182977,3264,0,179713,181166,3241,0,177925,179230,169339,4218808,1811,23,0,1788,1936,13638
2020-12-09,Papua New Guinea,684,7,0,677,684,7,0,677,671,669,8935000,0,0,0,0,13,15
2020-12-09,Paraguay,90146,1901,0,88245,89421,1887,0,87534,88723,84482,7152703,725,14,0,711,698,5664
2020-12-09,Peru,976621,36401,0,940220,973912,36274,0,937638,973912,963605,32131400,2709,127,0,2582,0,13016
2020-12-09,Philippines,444164,8677,0,435487,442785,8670,0,434115,441399,434357,108438081,1379,7,0,1372,1386,9807
2020-12-09,Poland,1088346,21160,0,1067186,1076180,20592,0,1055588,1067870,1013747,38386000,12166,568,0,11598,8310,74599
2020-12-09,Portugal,332073,5192,0,326881,327976,5122,0,322854,325071,303846,10276617,4097,70,0,4027,2905,28227
2020-12-09,Qatar,140353,240,0,140113,140203,239,0,139964,140086,139256,2747282,150,1,0,149,117,1097
2020-12-09,Romania,532040,12821,0,519219,524675,12660,0,512015,517236,484550,19405156,7365,161,0,7204,7439,47490
2020-12-09,Russia,2518551,44220,0,2474331,2492713,43674,0,2449039,2466961,2327105,146745098,25838,546,0,25292,25752,191446
2020-12-09,Rwanda,6278,53,0,6225,6237,51,0,6186,6191,5994,12374397,41,2,0,39,46,284
2020-12-09,Saint Kitts and Nevis,25,0,0,25,25,0,0,25,25,22,,0,0,0,0,0,3
2020-12-09,Saint Lucia,270,2,0,268,270,2,0,268,270,261,178696,0,0,0,0,0,9
2020-12-09,Saint Vincent and the Grenadines,90,0,0,90,87,0,0,87,87,85,110608,3,0,0,3,0,5
2020-12-09,Samoa,2,0,0,2,2,0,0,2,2,2,,0,0,0,0,0,0
2020-12-09,San Marino,1834,49,0,1785,1800,48,0,1752,1800,1687,33574,34,1,0,33,0,147
2020-12-09,Sao Tome and Principe,1005,17,0,988,1005,17,0,988,1002,997,,0,0,0,0,3,8
2020-12-09,Saudi Arabia,359274,6002,0,353272,359115,5989,0,353126,358922,357872,34218169,159,13,0,146,193,1402
2020-12-09,Senegal,16665,341,0,16324,16596,340,0,16256,16553,16173,16209125,69,1,0,68,43,492
2020-12-09,Serbia,241831,2116,0,239715,234027,2062,0,231965,226209,191356,6963764,7804,54,0,7750,7818,50475
2020-12-09,Seychelles,184,0,0,184,184,0,0,184,184,183,97625,0,0,0,0,0,1
2020-12-09,Sierra Leone,2434,74,0,2360,2428,74,0,2354,2428,2416,,6,0,0,6,0,18
2020-12-09,Singapore,58291,29,0,58262,58285,29,0,58256,58273,58230,5703600,6,0,0,6,12,61
2020-12-09,Slovakia,121796,1084,0,120712,119232,1046,0,118186,117283,109226,5456362,2564,38,0,2526,1949,12570
2020-12-09,Slovenia,90075,1900,0,88175,87936,1862,0,86074,86288,79566,2094060,2139,38,0,2101,1648,10509
2020-12-09,Solomon Islands,17,0,0,17,17,0,0,17,17,17,,0,0,0,0,0,0
2020-12-09,Somalia,4579,121,0,4458,4579,121,0,4458,4579,4525,15893219,0,0,0,0,0,54
2020-12-09,South Africa,828598,22574,0,806024,821889,22432,0,799457,817878,796472,58775022,6709,142,0,6567,4011,32126
2020-12-09,South Sudan,3181,62,0,3119,3181,62,0,3119,3181,3118,,0,0,0,0,0,63
2020-12-09,Spain,1712101,47019,0,1665082,1702328,46646,0,1655682,1702328,1665775,47100396,9773,373,0,9400,0,46326
2020-12-09,Sri Lanka,30072,144,0,29928,29378,142,0,29236,28580,25410,21803000,694,2,0,692,798,4662
2020-12-09,Sudan,20084,1307,0,18777,19747,1301,0,18446,19747,18254,42364155,337,6,0,331,0,1830
2020-12-09,Suriname,5333,117,0,5216,5326,117,0,5209,5325,5320,581372,7,0,0,7,1,13
2020-12-09,Sweden,304793,7296,0,297497,297732,7200,0,290532,278912,266158,10333456,7061,96,0,6965,18820,38635
2020-12-09,Switzerland,363654,5710,0,357944,358568,5593,0,352975,354306,335660,8586550,5086,117,0,4969,4262,27994
2020-12-09,Syria,8675,465,0,8210,8580,458,0,8122,8490,8059,,95,7,0,88,90,616
2020-12-09,Taiwan*,720,7,0,713,718,7,0,711,716,685,23604265,2,0,0,2,2,35
2020-12-09,Tajikistan,12551,88,0,12463,12511,88,0,12423,12469,12269,,40,0,0,40,42,282
2020-12-09,Tanzania,509,21,0,488,509,21,0,488,509,509,55890747,0,0,0,0,0,0
2020-12-09,Thailand,4169,60,0,4109,4151,60,0,4091,4126,4026,66484342,18,0,0,18,25,143
2020-12-09,Timor-Leste,31,0,0,31,31,0,0,31,31,31,,0,0,0,0,0,0
2020-12-09,Togo,3151,65,0,3086,3132,65,0,3067,3111,3014,7538000,19,0,0,19,21,137
2020-12-09,Trinidad and Tobago,6808,122,0,6686,6782,122,0,6660,6775,6704,1363985,26,0,0,26,7,104
2020-12-09,Tunisia,106856,3717,0,103139,105445,3668,0,101777,104329,99280,11722038,1411,49,0,1362,1116,7576
2020-12-09,Turkey,925342,15531,0,909811,893630,15314,0,878316,860432,700880,83154997,31712,217,0,31495,33198,224462
2020-12-09,US,15386562,289373,0,15097189,15165295,286249,0,14879046,14949417,13921929,329493716,221267,3124,0,218143,215878,1464633
2020-12-09,Uganda,25059,219,0,24840,23200,207,0,22993,23200,21409,40299300,1859,12,0,1847,0,3650
2020-12-09,Ukraine,867991,14702,0,853289,855054,14413,0,840641,843898,778560,41902416,12937,289,0,12648,11156,89431
2020-12-09,United Arab Emirates,180150,598,0,179552,178837,596,0,178241,177577,171434,9890400,1313,2,0,1311,1260,8716
2020-12-09,United Kingdom,1771545,62663,0,1708882,1754911,62130,0,1692781,1742525,1663467,66435600,16634,533,0,16101,12386,108078
2020-12-09,Uruguay,8104,87,0,8017,7806,86,0,7720,7505,6225,3518552,298,1,0,297,301,1879
2020-12-09,Uzbekistan,74352,611,0,73741,74206,611,0,73595,74053,73335,34083289,146,0,0,146,153,1017
2020-12-09,Vanuatu,1,0,0,1,1,0,0,1,1,1,,0,0,0,0,0,0
2020-12-09,Venezuela,105852,933,0,104919,105384,928,0,104456,104904,103067,32219521,468,5,0,463,480,2785
2020-12-09,Vietnam,1381,35,0,1346,1377,35,0,1342,1367,1358,96208984,4,0,0,4,10,23
2020-12-09,West Bank and Gaza,102992,890,0,102102,101109,867,0,100242,99758,90192,,1883,23,0,1860,1351,12800
2020-12-09,Yemen,2079,606,0,1473,2078,606,0,1472,2383,2217,,1,0,0,1,-305,-138
2020-12-09,Zambia,18062,364,0,17698,17963,364,0,17599,17931,17700,17381168,99,0,0,99,32,362
2020-12-09,Zimbabwe,11007,304,0,10703,10912,303,0,10609,10839,10129,15159624,95,1,0,94,73,878
