Date,Country/Region,Confirmed,Deaths,Recovered,Active Cases,Previous Confirmed,Previous Deaths,Previous Recovered,Previous Active,Prev2 Confirmed,Population,Daily Confirmed,Daily Deaths,Daily Recovered,Daily Active,Previous Daily Confirmed
2020-05-10,Afghanistan,4402,120,0,4282,4033,115,0,3918,3778,32225560,369,5,0,364,255
2020-05-10,Albania,868,31,0,837,856,31,0,825,850,2862427,12,0,0,12,6
2020-05-10,Algeria,5723,502,0,5221,5558,494,0,5064,5369,43000000,165,8,0,157,189
2020-05-10,Andorra,755,48,0,707,754,48,0,706,752,77543,1,0,0,1,2
2020-05-10,Angola,45,2,0,43,43,2,0,41,43,31127674,2,0,0,2,0
2020-05-10,Antigua and Barbuda,25,3,0,22,25,3,0,22,25,96453,0,0,0,0,0
2020-05-10,Argentina,6034,305,0,5729,5776,300,0,5476,5611,44938712,258,5,0,253,165
2020-05-10,Armenia,3313,45,0,3268,3175,44,0,3131,3029,2957500,138,1,0,137,146
2020-05-10,Australia,6948,97,0,6851,6939,97,0,6842,6918,25654023,9,0,0,9,21
2020-05-10,Austria,15871,618,0,15253,15833,615,0,15218,15774,8902600,38,3,0,35,59
2020-05-10,Azerbaijan,2519,32,0,2487,2422,31,0,2391,2279,10067108,97,1,0,96,143
2020-05-10,Bahamas,92,11,0,81,92,11,0,81,92,,0,0,0,0,0
2020-05-10,Bahrain,4941,8,0,4933,4774,8,0,4766,4444,1543300,167,0,0,167,330
2020-05-10,Bangladesh,14657,228,0,14429,13770,214,0,13556,13134,168310034,887,14,0,873,636
2020-05-10,Barbados,84,7,0,77,84,7,0,77,83,287025,0,0,0,0,1
2020-05-10,Belarus,22973,131,0,22842,22052,126,0,21926,21101,9413446,921,5,0,916,951
2020-05-10,Belgium,53081,8656,0,44425,52596,8581,0,44015,52011,11524454,485,75,0,410,585
2020-05-10,Belize,18,2,0,16,18,2,0,16,18,,0,0,0,0,0
2020-05-10,Benin,319,2,0,317,284,2,0,282,242,11733059,35,0,0,35,42
2020-05-10,Bhutan,7,0,0,7,7,0,0,7,7,741672,0,0,0,0,0
2020-05-10,Bolivia,2556,118,0,2438,2437,114,0,2323,2266,11469896,119,4,0,115,171
2020-05-10,Bosnia and Herzegovina,2117,107,0,2010,2090,102,0,1988,2070,3301000,27,5,0,22,20
2020-05-10,Botswana,23,1,0,22,23,1,0,22,23,,0,0,0,0,0
2020-05-10,Brazil,162699,11123,0,151576,156061,10656,0,145405,146894,211288170,6638,467,0,6171,9167
2020-05-10,Brunei,141,1,0,140,141,1,0,140,141,442400,0,0,0,0,0
2020-05-10,Bulgaria,1965,91,0,1874,1921,90,0,1831,1872,7000039,44,1,0,43,49
2020-05-10,Burkina Faso,751,49,0,702,748,48,0,700,744,20870060,3,1,0,2,4
2020-05-10,Burma,180,6,0,174,178,6,0,172,177,,2,0,0,2,1
2020-05-10,Burundi,15,1,0,14,15,1,0,14,15,,0,0,0,0,0
2020-05-10,Cabo Verde,246,2,0,244,236,2,0,234,230,,10,0,0,10,6
2020-05-10,Cambodia,122,0,0,122,122,0,0,122,122,15288489,0,0,0,0,0
2020-05-10,Cameroon,2579,114,0,2465,2274,108,0,2166,2267,26545864,305,6,0,299,7
2020-05-10,Canada,70091,4991,0,65100,68918,4823,0,64095,67674,37966227,1173,168,0,1005,1244
2020-05-10,Central African Republic,143,0,0,143,143,0,0,143,143,5496011,0,0,0,0,0
2020-05-10,Chad,322,31,0,291,322,31,0,291,260,15692969,0,0,0,0,62
2020-05-10,Chile,28866,312,0,28554,27219,304,0,26915,25972,19107216,1647,8,0,1639,1247
2020-05-10,China,84010,4637,0,79373,83990,4637,0,79353,83976,1401870440,20,0,0,20,14
2020-05-10,Colombia,11063,463,0,10600,10495,445,0,10050,10051,49395678,568,18,0,550,444
2020-05-10,Comoros,11,1,0,10,11,1,0,10,8,,0,0,0,0,3
2020-05-10,Congo (Brazzaville),274,10,0,264,274,10,0,264,274,5518092,0,0,0,0,0
2020-05-10,Congo (Kinshasa),991,41,0,950,937,39,0,898,937,89561404,54,2,0,52,0
2020-05-10,Costa Rica,792,7,0,785,780,6,0,774,773,5058007,12,1,0,11,7
2020-05-10,Cote d'Ivoire,1700,21,0,1679,1667,21,0,1646,1602,25823071,33,0,0,33,65
2020-05-10,Croatia,2187,90,0,2097,2176,87,0,2089,2161,4076246,11,3,0,8,15
2020-05-10,Cuba,1766,77,0,1689,1754,74,0,1680,1741,11209628,12,3,0,9,13
2020-05-10,Cyprus,898,16,0,882,892,15,0,877,891,875900,6,1,0,5,1
2020-05-10,Czechia,8123,280,0,7843,8095,276,0,7819,8077,10693939,28,4,0,24,18
2020-05-10,Denmark,10627,529,0,10098,10517,526,0,9991,10416,5822763,110,3,0,107,101
2020-05-10,Diamond Princess,712,13,0,699,712,13,0,699,712,,0,0,0,0,0
2020-05-10,Djibouti,1210,3,0,1207,1189,3,0,1186,1135,1078373,21,0,0,21,54
2020-05-10,Dominica,16,0,0,16,16,0,0,16,16,,0,0,0,0,0
2020-05-10,Dominican Republic,10347,388,0,9959,9882,385,0,9497,9376,10358320,465,3,0,462,506
2020-05-10,Ecuador,29559,2127,0,27432,29071,1717,0,27354,28818,17449288,488,410,0,78,253
2020-05-10,Egypt,9400,525,0,8875,8964,514,0,8450,8476,100153850,436,11,0,425,488
2020-05-10,El Salvador,889,17,0,872,784,17,0,767,742,6486201,105,0,0,105,42
2020-05-10,Equatorial Guinea,439,4,0,435,439,4,0,435,439,1358276,0,0,0,0,0
2020-05-10,Eritrea,39,0,0,39,39,0,0,39,39,3497117,0,0,0,0,0
2020-05-10,Estonia,1739,60,0,1679,1733,60,0,1673,1725,1328360,6,0,0,6,8
2020-05-10,Eswatini,172,2,0,170,163,2,0,161,159,1093238,9,0,0,9,4
2020-05-10,Ethiopia,239,5,0,234,210,5,0,205,194,98665000,29,0,0,29,16
2020-05-10,Fiji,18,0,0,18,18,0,0,18,18,884887,0,0,0,0,0
2020-05-10,Finland,5962,267,0,5695,5880,265,0,5615,5738,5527573,82,2,0,80,142
2020-05-10,France,177094,26383,0,150711,176782,26313,0,150469,176202,67069000,312,70,0,242,580
2020-05-10,Gabon,661,8,0,653,661,8,0,653,620,2172579,0,0,0,0,41
2020-05-10,Gambia,20,1,0,19,20,1,0,19,20,,0,0,0,0,0
2020-05-10,Georgia,635,10,0,625,626,10,0,616,623,3723464,9,0,0,9,3
2020-05-10,Germany,171879,7569,0,164310,171324,7549,0,163775,170588,83149300,555,20,0,535,736
2020-05-10,Ghana,4263,22,0,4241,4263,22,0,4241,4012,30280811,0,0,0,0,251
2020-05-10,Greece,2716,151,0,2565,2710,151,0,2559,2691,10724599,6,0,0,6,19
2020-05-10,Grenada,21,0,0,21,21,0,0,21,21,,0,0,0,0,0
2020-05-10,Guatemala,1052,26,0,1026,967,24,0,943,900,16604026,85,2,0,83,67
2020-05-10,Guinea,2146,11,0,2135,2042,11,0,2031,2009,12218357,104,0,0,104,33
2020-05-10,Guinea-Bissau,726,3,0,723,641,3,0,638,594,,85,0,0,85,47
2020-05-10,Guyana,104,10,0,94,94,10,0,84,94,782766,10,0,0,10,0
2020-05-10,Haiti,182,15,0,167,151,12,0,139,146,11577779,31,3,0,28,5
2020-05-10,Holy See,12,0,0,12,12,0,0,12,12,,0,0,0,0,0
2020-05-10,Honduras,1972,108,0,1864,1830,108,0,1722,1771,9158345,142,0,0,142,59
2020-05-10,Hungary,3263,413,0,2850,3213,405,0,2808,3178,9772756,50,8,0,42,35
2020-05-10,Iceland,1801,10,0,1791,1801,10,0,1791,1801,364260,0,0,0,0,0
2020-05-10,India,67161,2212,0,64949,62808,2101,0,60707,59695,1360094159,4353,111,0,4242,3113
2020-05-10,Indonesia,14032,973,0,13059,13645,959,0,12686,13112,266911900,387,14,0,373,533
2020-05-10,Iran,107603,6640,0,100963,106220,6589,0,99631,104691,83301053,1383,51,0,1332,1529
2020-05-10,Iraq,2767,109,0,2658,2679,107,0,2572,2603,39127900,88,2,0,86,76
2020-05-10,Ireland,22996,1458,0,21538,22760,1446,0,21314,22541,4921500,236,12,0,224,219
2020-05-10,Israel,16477,252,0,16225,16454,247,0,16207,16436,9175050,23,5,0,18,18
2020-05-10,Italy,219070,30560,0,188510,218268,30395,0,187873,217185,60243406,802,165,0,637,1083
2020-05-10,Jamaica,502,9,0,493,490,9,0,481,490,2726667,12,0,0,12,0
2020-05-10,Japan,15777,624,0,15153,15663,607,0,15056,15575,126010000,114,17,0,97,88
2020-05-10,Jordan,540,9,0,531,522,9,0,513,508,10641432,18,0,0,18,14
2020-05-10,Kazakhstan,5090,31,0,5059,4975,31,0,4944,4834,18667696,115,0,0,115,141
2020-05-10,Kenya,672,32,0,640,649,30,0,619,621,47564296,23,2,0,21,28
2020-05-10,"Korea, South",10909,256,0,10653,10874,256,0,10618,10840,51780579,35,0,0,35,34
2020-05-10,Kosovo,870,28,0,842,862,28,0,834,861,1795666,8,0,0,8,1
2020-05-10,Kuwait,8688,58,0,8630,7623,49,0,7574,7208,4420110,1065,9,0,1056,415
2020-05-10,Kyrgyzstan,1002,12,0,990,931,12,0,919,906,6523500,71,0,0,71,25
2020-05-10,Laos,19,0,0,19,19,0,0,19,19,,0,0,0,0,0
2020-05-10,Latvia,939,18,0,921,930,18,0,912,928,1906800,9,0,0,9,2
2020-05-10,Lebanon,845,26,0,819,809,26,0,783,796,6825442,36,0,0,36,13
2020-05-10,Liberia,199,20,0,179,199,20,0,179,199,4475353,0,0,0,0,0
2020-05-10,Libya,64,3,0,61,64,3,0,61,64,,0,0,0,0,0
2020-05-10,Liechtenstein,82,1,0,81,82,1,0,81,82,38749,0,0,0,0,0
2020-05-10,Lithuania,1479,50,0,1429,1444,49,0,1395,1436,2793471,35,1,0,34,8
2020-05-10,Luxembourg,3886,101,0,3785,3877,101,0,3776,3871,613894,9,0,0,9,6
2020-05-10,MS Zaandam,9,2,0,7,9,2,0,7,9,,0,0,0,0,0
2020-05-10,Madagascar,193,0,0,193,193,0,0,193,193,25680342,0,0,0,0,0
2020-05-10,Malawi,56,3,0,53,56,3,0,53,43,,0,0,0,0,13
2020-05-10,Malaysia,6656,108,0,6548,6589,108,0,6481,6535,32726760,67,0,0,67,54
2020-05-10,Maldives,835,3,0,832,790,3,0,787,744,374775,45,0,0,45,46
2020-05-10,Mali,704,38,0,666,692,37,0,655,668,,12,1,0,11,24
2020-05-10,Malta,496,5,0,491,490,5,0,485,489,493559,6,0,0,6,1
2020-05-10,Mauritania,8,1,0,7,8,1,0,7,8,4077347,0,0,0,0,0
2020-05-10,Mauritius,332,10,0,322,332,10,0,322,332,1265985,0,0,0,0,0
2020-05-10,Mexico,35022,3465,0,31557,33460,3353,0,30107,31522,126577691,1562,112,0,1450,1938
2020-05-10,Moldova,4927,169,0,4758,4867,161,0,4706,4728,2681735,60,8,0,52,139
2020-05-10,Monaco,96,4,0,92,96,4,0,92,95,38300,0,0,0,0,1
2020-05-10,Mongolia,42,0,0,42,42,0,0,42,42,3308788,0,0,0,0,0
2020-05-10,Montenegro,324,9,0,315,324,8,0,316,324,622359,0,1,0,-1,0
2020-05-10,Morocco,6063,188,0,5875,5910,186,0,5724,5711,35846095,153,2,0,151,199
2020-05-10,Mozambique,91,0,0,91,87,0,0,87,82,,4,0,0,4,5
2020-05-10,Namibia,16,0,0,16,16,0,0,16,16,2458936,0,0,0,0,0
2020-05-10,Nepal,110,0,0,110,110,0,0,110,102,29609623,0,0,0,0,8
2020-05-10,Netherlands,42826,5459,0,37367,42581,5441,0,37140,42292,17447181,245,18,0,227,289
2020-05-10,New Zealand,1497,21,0,1476,1494,21,0,1473,1492,4972216,3,0,0,3,2
2020-05-10,Nicaragua,16,5,0,11,16,5,0,11,16,6460411,0,0,0,0,0
2020-05-10,Niger,821,46,0,775,815,45,0,770,795,22314743,6,1,0,5,20
2020-05-10,Nigeria,4399,143,0,4256,4151,128,0,4023,3912,206139587,248,15,0,233,239
2020-05-10,North Macedonia,1642,91,0,1551,1622,91,0,1531,1586,2077132,20,0,0,20,36
2020-05-10,Norway,8105,219,0,7886,8099,219,0,7880,8070,5367580,6,0,0,6,29
2020-05-10,Oman,3399,17,0,3382,3224,17,0,3207,3112,4664790,175,0,0,175,112
2020-05-10,Pakistan,30334,659,0,29675,28736,636,0,28100,26435,219027520,1598,23,0,1575,2301
2020-05-10,Panama,8448,244,0,8204,8282,237,0,8045,8070,4218808,166,7,0,159,212
2020-05-10,Papua New Guinea,8,0,0,8,8,0,0,8,8,8935000,0,0,0,0,0
2020-05-10,Paraguay,713,10,0,703,689,10,0,679,563,7152703,24,0,0,24,126
2020-05-10,Peru,67307,1889,0,65418,65015,1814,0,63201,61847,32131400,2292,75,0,2217,3168
2020-05-10,Philippines,10794,719,0,10075,10610,704,0,9906,10463,108438081,184,15,0,169,147
2020-05-10,Poland,15996,800,0,15196,15651,785,0,14866,15366,38386000,345,15,0,330,285
2020-05-10,Portugal,27581,1135,0,26446,27406,1126,0,26280,27268,10276617,175,9,0,166,138
2020-05-10,Qatar,22520,14,0,22506,21331,13,0,21318,20201,2747282,1189,1,0,1188,1130
2020-05-10,Romania,15362,961,0,14401,15131,939,0,14192,14811,19405156,231,22,0,209,320
2020-05-10,Russia,209688,1915,0,207773,198676,1827,0,196849,187859,146745098,11012,88,0,10924,10817
2020-05-10,Rwanda,284,0,0,284,280,0,0,280,273,12374397,4,0,0,4,7
2020-05-10,Saint Kitts and Nevis,15,0,0,15,15,0,0,15,15,,0,0,0,0,0
2020-05-10,Saint Lucia,18,0,0,18,18,0,0,18,18,178696,0,0,0,0,0
2020-05-10,Saint Vincent and the Grenadines,17,0,0,17,17,0,0,17,17,110608,0,0,0,0,0
2020-05-10,San Marino,628,41,0,587,637,41,0,596,623,33574,-9,0,0,-9,14
2020-05-10,Sao Tome and Principe,208,5,0,203,208,5,0,203,208,,0,0,0,0,0
2020-05-10,Saudi Arabia,39048,246,0,38802,37136,239,0,36897,35432,34218169,1912,7,0,1905,1704
2020-05-10,Senegal,1709,19,0,1690,1634,17,0,1617,1551,16209125,75,2,0,73,83
2020-05-10,Serbia,10032,215,0,9817,10032,215,0,9817,9943,6963764,0,0,0,0,89
2020-05-10,Seychelles,11,0,0,11,11,0,0,11,11,97625,0,0,0,0,0
2020-05-10,Sierra Leone,307,18,0,289,291,18,0,273,257,,16,0,0,16,34
2020-05-10,Singapore,23336,20,0,23316,22460,20,0,22440,21707,5703600,876,0,0,876,753
2020-05-10,Slovakia,1457,26,0,1431,1455,26,0,1429,1455,5456362,2,0,0,2,0
2020-05-10,Slovenia,1457,102,0,1355,1454,101,0,1353,1450,2094060,3,1,0,2,4
2020-05-10,Somalia,1054,51,0,1003,997,48,0,949,928,15893219,57,3,0,54,69
2020-05-10,South Africa,10015,194,0,9821,9420,186,0,9234,8895,58775022,595,8,0,587,525
2020-05-10,South Sudan,120,0,0,120,120,0,0,120,120,,0,0,0,0,0
2020-05-10,Spain,224350,26621,0,197729,223578,26478,0,197100,222857,47100396,772,143,0,629,721
2020-05-10,Sri Lanka,863,9,0,854,847,9,0,838,835,21803000,16,0,0,16,12
2020-05-10,Sudan,1365,70,0,1295,1164,64,0,1100,1111,42364155,201,6,0,195,53
2020-05-10,Suriname,10,1,0,9,10,1,0,9,10,581372,0,0,0,0,0
2020-05-10,Sweden,26322,3225,0,23097,25921,3220,0,22701,25265,10333456,401,5,0,396,656
2020-05-10,Switzerland,30305,1833,0,28472,30251,1830,0,28421,30207,8586550,54,3,0,51,44
2020-05-10,Syria,47,3,0,44,47,3,0,44,47,,0,0,0,0,0
2020-05-10,Taiwan*,440,6,0,434,440,6,0,434,440,23604265,0,0,0,0,0
2020-05-10,Tajikistan,612,20,0,592,612,20,0,592,522,,0,0,0,0,90
2020-05-10,Tanzania,509,21,0,488,509,21,0,488,509,55890747,0,0,0,0,0
2020-05-10,Thailand,3009,56,0,2953,3004,56,0,2948,3000,66484342,5,0,0,5,4
2020-05-10,Timor-Leste,24,0,0,24,24,0,0,24,24,,0,0,0,0,0
2020-05-10,Togo,174,11,0,163,153,10,0,143,145,7538000,21,1,0,20,8
2020-05-10,Trinidad and Tobago,116,8,0,108,116,8,0,108,116,1363985,0,0,0,0,0
2020-05-10,Tunisia,1032,45,0,987,1032,45,0,987,1030,11722038,0,0,0,0,2
2020-05-10,Turkey,138657,3786,0,134871,137115,3739,0,133376,135569,83154997,1542,47,0,1495,1546
2020-05-10,US,1329260,79526,0,1249734,1309550,78795,0,1230755,1283929,329493716,19710,731,0,18979,25621
2020-05-10,Uganda,121,0,0,121,116,0,0,116,101,40299300,5,0,0,5,15
2020-05-10,Ukraine,15232,391,0,14841,14710,376,0,14334,14195,41902416,522,15,0,507,515
2020-05-10,United Arab Emirates,18198,198,0,18000,17417,185,0,17232,16793,9890400,781,13,0,768,624
2020-05-10,United Kingdom,220449,31930,0,188519,216525,31662,0,184863,212629,66435600,3924,268,0,3656,3896
2020-05-10,Uruguay,707,19,0,688,702,18,0,684,694,3518552,5,1,0,4,8
2020-05-10,Uzbekistan,2418,10,0,2408,2349,10,0,2339,2325,34083289,69,0,0,69,24
2020-05-10,Venezuela,414,10,0,404,402,10,0,392,388,32219521,12,0,0,12,14
2020-05-10,Vietnam,288,0,0,288,288,0,0,288,288,96208984,0,0,0,0,0
2020-05-10,West Bank and Gaza,375,2,0,373,375,2,0,373,375,,0,0,0,0,0
2020-05-10,Western Sahara,6,0,0,6,6,0,0,6,6,,0,0,0,0,0
2020-05-10,Yemen,51,8,0,43,34,7,0,27,34,,17,1,0,16,0
2020-05-10,Zambia,267,7,0,260,252,7,0,245,167,17381168,15,0,0,15,85
2020-05-10,Zimbabwe,36,4,0,32,35,4,0,31,34,15159624,1,0,0,1,1
